01/01/2000,PDX,OR,ANM,WE,Combined TRACON& Tower with Radar,248,165,21,1,435,37,0,0,0,37,285,165,21,1,472,2,0,2,474
01/02/2000,PDX,OR,ANM,WE,Combined TRACON& Tower with Radar,332,230,33,2,597,38,0,3,0,41,370,230,36,2,638,0,0,0,638
01/03/2000,PDX,OR,ANM,WE,Combined TRACON& Tower with Radar,414,301,28,18,761,0,23,0,4,27,414,324,28,22,788,2,6,8,796
01/04/2000,PDX,OR,ANM,WE,Combined TRACON& Tower with Radar,414,304,42,18,778,0,35,6,1,42,414,339,48,19,820,13,1,14,834
01/05/2000,PDX,OR,ANM,WE,Combined TRACON& Tower with Radar,409,316,43,18,786,0,13,54,10,77,409,329,97,28,863,3,0,3,866
01/06/2000,PDX,OR,ANM,WE,Combined TRACON& Tower with Radar,397,306,42,18,763,0,37,11,9,57,397,343,53,27,820,3,1,4,824
01/07/2000,PDX,OR,ANM,WE,Combined TRACON& Tower with Radar,450,341,47,20,858,0,23,13,4,40,450,364,60,24,898,2,1,3,901
01/08/2000,PDX,OR,ANM,WE,Combined TRACON& Tower with Radar,363,248,36,15,662,20,0,5,12,37,383,248,41,27,699,7,2,9,708
01/09/2000,PDX,OR,ANM,WE,Combined TRACON& Tower with Radar,336,225,27,7,595,42,0,0,0,42,378,225,27,7,637,33,4,37,674
01/10/2000,PDX,OR,ANM,WE,Combined TRACON& Tower with Radar,387,303,41,13,744,0,35,2,0,37,387,338,43,13,781,2,5,7,788
01/11/2000,PDX,OR,ANM,WE,Combined TRACON& Tower with Radar,425,319,37,19,800,0,25,0,6,31,425,344,37,25,831,2,2,4,835
01/12/2000,PDX,OR,ANM,WE,Combined TRACON& Tower with Radar,432,339,46,20,837,0,39,7,8,54,432,378,53,28,891,2,1,3,894
01/13/2000,PDX,OR,ANM,WE,Combined TRACON& Tower with Radar,440,342,47,20,849,0,31,17,16,64,440,373,64,36,913,5,0,5,918
01/14/2000,PDX,OR,ANM,WE,Combined TRACON& Tower with Radar,436,336,45,21,838,0,31,35,5,71,436,367,80,26,909,2,4,6,915
01/15/2000,PDX,OR,ANM,WE,Combined TRACON& Tower with Radar,350,237,34,2,623,40,0,23,0,63,390,237,57,2,686,8,0,8,694
01/16/2000,PDX,OR,ANM,WE,Combined TRACON& Tower with Radar,302,191,14,1,508,61,0,0,0,61,363,191,14,1,569,4,0,4,573
01/17/2000,PDX,OR,ANM,WE,Combined TRACON& Tower with Radar,378,273,36,4,691,25,14,52,0,91,403,287,88,4,782,14,0,14,796
01/18/2000,PDX,OR,ANM,WE,Combined TRACON& Tower with Radar,409,324,43,20,796,0,34,51,29,114,409,358,94,49,910,38,1,39,949
01/19/2000,PDX,OR,ANM,WE,Combined TRACON& Tower with Radar,433,329,44,20,826,0,48,11,14,73,433,377,55,34,899,0,3,3,902
01/20/2000,PDX,OR,ANM,WE,Combined TRACON& Tower with Radar,388,300,41,18,747,0,39,14,30,83,388,339,55,48,830,12,0,12,842
01/21/2000,PDX,OR,ANM,WE,Combined TRACON& Tower with Radar,449,325,44,20,838,0,44,28,1,73,449,369,72,21,911,54,0,54,965
01/22/2000,PDX,OR,ANM,WE,Combined TRACON& Tower with Radar,361,252,35,16,664,31,0,22,2,55,392,252,57,18,719,4,8,12,731
01/23/2000,PDX,OR,ANM,WE,Combined TRACON& Tower with Radar,334,224,33,7,598,34,0,26,0,60,368,224,59,7,658,168,0,168,826
01/24/2000,PDX,OR,ANM,WE,Combined TRACON& Tower with Radar,403,301,40,19,763,0,41,4,9,54,403,342,44,28,817,12,0,12,829
01/25/2000,PDX,OR,ANM,WE,Combined TRACON& Tower with Radar,426,327,44,20,817,0,46,18,30,94,426,373,62,50,911,0,2,2,913
01/26/2000,PDX,OR,ANM,WE,Combined TRACON& Tower with Radar,445,338,45,21,849,0,45,46,14,105,445,383,91,35,954,13,2,15,969
01/27/2000,PDX,OR,ANM,WE,Combined TRACON& Tower with Radar,428,323,43,19,813,0,28,26,21,75,428,351,69,40,888,4,0,4,892
01/28/2000,PDX,OR,ANM,WE,Combined TRACON& Tower with Radar,456,334,45,19,854,0,32,68,3,103,456,366,113,22,957,24,0,24,981
01/29/2000,PDX,OR,ANM,WE,Combined TRACON& Tower with Radar,340,235,33,3,611,48,0,24,0,72,388,235,57,3,683,7,8,15,698
01/30/2000,PDX,OR,ANM,WE,Combined TRACON& Tower with Radar,332,216,28,2,578,52,0,0,0,52,384,216,28,2,630,33,3,36,666
01/31/2000,PDX,OR,ANM,WE,Combined TRACON& Tower with Radar,373,289,38,17,717,0,49,26,7,82,373,338,64,24,799,17,5,22,821
02/01/2000,PDX,OR,ANM,WE,Combined TRACON& Tower with Radar,1,19,17,2,39,420,359,35,20,834,421,378,52,22,873,19,0,19,892
02/02/2000,PDX,OR,ANM,WE,Combined TRACON& Tower with Radar,1,24,23,2,50,447,356,52,31,886,448,380,75,33,936,14,0,14,950
02/03/2000,PDX,OR,ANM,WE,Combined TRACON& Tower with Radar,1,25,24,2,52,420,339,53,1,813,421,364,77,3,865,3,2,5,870
02/04/2000,PDX,OR,ANM,WE,Combined TRACON& Tower with Radar,1,21,20,2,44,407,326,39,4,776,408,347,59,6,820,71,2,73,893
02/05/2000,PDX,OR,ANM,WE,Combined TRACON& Tower with Radar,2,61,58,3,124,368,167,0,0,535,370,228,58,3,659,5,0,5,664
02/06/2000,PDX,OR,ANM,WE,Combined TRACON& Tower with Radar,1,44,42,4,91,384,151,2,6,543,385,195,44,10,634,5,0,5,639
02/07/2000,PDX,OR,ANM,WE,Combined TRACON& Tower with Radar,1,46,43,5,95,384,149,1,5,539,385,195,44,10,634,5,0,5,639
02/08/2000,PDX,OR,ANM,WE,Combined TRACON& Tower with Radar,1,35,33,3,72,426,337,26,8,797,427,372,59,11,869,1,0,1,870
02/09/2000,PDX,OR,ANM,WE,Combined TRACON& Tower with Radar,1,21,19,2,43,427,355,83,21,886,428,376,102,23,929,7,6,13,942
02/10/2000,PDX,OR,ANM,WE,Combined TRACON& Tower with Radar,2,72,68,7,149,431,295,54,14,794,433,367,122,21,943,22,4,26,969
02/11/2000,PDX,OR,ANM,WE,Combined TRACON& Tower with Radar,1,10,9,1,21,435,362,52,18,867,436,372,61,19,888,88,0,88,976
02/12/2000,PDX,OR,ANM,WE,Combined TRACON& Tower with Radar,1,2,1,0,4,362,228,24,5,619,363,230,25,5,623,0,2,2,625
02/13/2000,PDX,OR,ANM,WE,Combined TRACON& Tower with Radar,1,4,4,0,9,352,220,16,9,597,353,224,20,9,606,65,2,67,673
02/14/2000,PDX,OR,ANM,WE,Combined TRACON& Tower with Radar,0,29,28,3,60,397,277,19,13,706,397,306,47,16,766,13,2,15,781
02/15/2000,PDX,OR,ANM,WE,Combined TRACON& Tower with Radar,0,19,18,3,40,434,358,66,25,883,434,377,84,28,923,11,0,11,934
02/16/2000,PDX,OR,ANM,WE,Combined TRACON& Tower with Radar,0,30,28,4,62,422,318,83,12,835,422,348,111,16,897,6,2,8,905
02/17/2000,PDX,OR,ANM,WE,Combined TRACON& Tower with Radar,0,35,33,5,73,397,315,104,26,842,397,350,137,31,915,9,0,9,924
02/18/2000,PDX,OR,ANM,WE,Combined TRACON& Tower with Radar,0,28,26,3,57,458,344,96,15,913,458,372,122,18,970,35,2,37,1007
02/19/2000,PDX,OR,ANM,WE,Combined TRACON& Tower with Radar,1,55,51,2,109,397,165,43,0,605,398,220,94,2,714,4,1,5,719
02/20/2000,PDX,OR,ANM,WE,Combined TRACON& Tower with Radar,0,10,8,2,20,385,204,57,1,647,385,214,65,3,667,6,0,6,673
02/21/2000,PDX,OR,ANM,WE,Combined TRACON& Tower with Radar,0,19,17,3,39,402,276,32,2,712,402,295,49,5,751,0,0,0,751
02/22/2000,PDX,OR,ANM,WE,Combined TRACON& Tower with Radar,0,16,15,2,33,411,342,46,26,825,411,358,61,28,858,9,0,9,867
02/23/2000,PDX,OR,ANM,WE,Combined TRACON& Tower with Radar,0,24,21,3,48,433,347,80,25,885,433,371,101,28,933,6,9,15,948
02/24/2000,PDX,OR,ANM,WE,Combined TRACON& Tower with Radar,0,26,24,3,53,436,353,77,37,903,436,379,101,40,956,2,2,4,960
02/25/2000,PDX,OR,ANM,WE,Combined TRACON& Tower with Radar,0,5,4,1,10,434,376,79,17,906,434,381,83,18,916,7,1,8,924
02/26/2000,PDX,OR,ANM,WE,Combined TRACON& Tower with Radar,0,22,20,2,44,360,217,9,2,588,360,239,29,4,632,2,0,2,634
02/27/2000,PDX,OR,ANM,WE,Combined TRACON& Tower with Radar,0,31,28,3,62,370,192,26,3,591,370,223,54,6,653,0,0,0,653
02/28/2000,PDX,OR,ANM,WE,Combined TRACON& Tower with Radar,0,37,34,4,75,423,307,56,33,819,423,344,90,37,894,2,1,3,897
02/29/2000,PDX,OR,ANM,WE,Combined TRACON& Tower with Radar,0,17,16,1,34,447,367,53,23,890,447,384,69,24,924,1,1,2,926
03/01/2000,PDX,OR,ANM,WE,Combined TRACON& Tower with Radar,448,322,55,22,847,0,48,29,22,99,448,370,84,44,946,4,2,6,952
03/02/2000,PDX,OR,ANM,WE,Combined TRACON& Tower with Radar,432,319,55,22,828,0,49,14,20,83,432,368,69,42,911,0,10,10,921
03/03/2000,PDX,OR,ANM,WE,Combined TRACON& Tower with Radar,450,326,56,22,854,0,34,13,10,57,450,360,69,32,911,10,2,12,923
03/04/2000,PDX,OR,ANM,WE,Combined TRACON& Tower with Radar,341,232,27,7,607,46,0,0,0,46,387,232,27,7,653,13,4,17,670
03/05/2000,PDX,OR,ANM,WE,Combined TRACON& Tower with Radar,326,213,40,10,589,43,0,0,0,43,369,213,40,10,632,4,1,5,637
03/06/2000,PDX,OR,ANM,WE,Combined TRACON& Tower with Radar,363,264,45,18,690,0,52,28,12,92,363,316,73,30,782,7,6,13,795
03/07/2000,PDX,OR,ANM,WE,Combined TRACON& Tower with Radar,437,332,57,23,849,0,65,43,21,129,437,397,100,44,978,29,10,39,1017
03/08/2000,PDX,OR,ANM,WE,Combined TRACON& Tower with Radar,434,322,55,22,833,0,57,22,9,88,434,379,77,31,921,62,0,62,983
03/09/2000,PDX,OR,ANM,WE,Combined TRACON& Tower with Radar,446,330,56,23,855,0,48,32,27,107,446,378,88,50,962,97,0,97,1059
03/10/2000,PDX,OR,ANM,WE,Combined TRACON& Tower with Radar,458,328,56,16,858,0,47,44,0,91,458,375,100,16,949,10,0,10,959
03/11/2000,PDX,OR,ANM,WE,Combined TRACON& Tower with Radar,367,236,45,18,666,43,0,109,8,160,410,236,154,26,826,2,2,4,830
03/12/2000,PDX,OR,ANM,WE,Combined TRACON& Tower with Radar,342,224,42,17,625,41,0,7,0,48,383,224,49,17,673,8,0,8,681
03/13/2000,PDX,OR,ANM,WE,Combined TRACON& Tower with Radar,396,288,49,20,753,0,13,34,7,54,396,301,83,27,807,2,0,2,809
03/14/2000,PDX,OR,ANM,WE,Combined TRACON& Tower with Radar,435,327,55,23,840,0,50,53,6,109,435,377,108,29,949,14,24,38,987
03/15/2000,PDX,OR,ANM,WE,Combined TRACON& Tower with Radar,445,335,56,22,858,0,36,100,0,136,445,371,156,22,994,117,0,117,1111
03/16/2000,PDX,OR,ANM,WE,Combined TRACON& Tower with Radar,432,341,58,24,855,0,44,75,5,124,432,385,133,29,979,4,2,6,985
03/17/2000,PDX,OR,ANM,WE,Combined TRACON& Tower with Radar,465,353,60,20,898,0,29,89,0,118,465,382,149,20,1016,6,0,6,1022
03/18/2000,PDX,OR,ANM,WE,Combined TRACON& Tower with Radar,359,247,38,2,646,45,0,0,0,45,404,247,38,2,691,0,0,0,691
03/19/2000,PDX,OR,ANM,WE,Combined TRACON& Tower with Radar,323,209,38,0,570,51,0,5,0,56,374,209,43,0,626,0,0,0,626
03/20/2000,PDX,OR,ANM,WE,Combined TRACON& Tower with Radar,423,298,50,21,792,9,44,29,9,91,432,342,79,30,883,6,0,6,889
03/21/2000,PDX,OR,ANM,WE,Combined TRACON& Tower with Radar,452,323,54,23,852,0,57,60,14,131,452,380,114,37,983,30,4,34,1017
03/22/2000,PDX,OR,ANM,WE,Combined TRACON& Tower with Radar,439,318,54,16,827,0,67,10,0,77,439,385,64,16,904,12,0,12,916
03/23/2000,PDX,OR,ANM,WE,Combined TRACON& Tower with Radar,447,324,55,23,849,0,57,40,19,116,447,381,95,42,965,12,3,15,980
03/24/2000,PDX,OR,ANM,WE,Combined TRACON& Tower with Radar,445,313,53,21,832,19,52,25,0,96,464,365,78,21,928,22,1,23,951
03/25/2000,PDX,OR,ANM,WE,Combined TRACON& Tower with Radar,363,250,43,2,658,28,0,32,0,60,391,250,75,2,718,1,2,3,721
03/26/2000,PDX,OR,ANM,WE,Combined TRACON& Tower with Radar,368,237,44,9,658,43,0,43,0,86,411,237,87,9,744,4,10,14,758
03/27/2000,PDX,OR,ANM,WE,Combined TRACON& Tower with Radar,411,290,49,17,767,4,49,12,0,65,415,339,61,17,832,6,0,6,838
03/28/2000,PDX,OR,ANM,WE,Combined TRACON& Tower with Radar,442,324,55,23,844,0,53,30,12,95,442,377,85,35,939,15,0,15,954
03/29/2000,PDX,OR,ANM,WE,Combined TRACON& Tower with Radar,403,294,50,21,768,0,65,64,2,131,403,359,114,23,899,8,0,8,907
03/30/2000,PDX,OR,ANM,WE,Combined TRACON& Tower with Radar,434,317,53,8,812,0,47,96,0,143,434,364,149,8,955,12,2,14,969
03/31/2000,PDX,OR,ANM,WE,Combined TRACON& Tower with Radar,438,315,53,22,828,0,56,114,0,170,438,371,167,22,998,3,2,5,1003
04/01/2000,PDX,OR,ANM,WE,Combined TRACON& Tower with Radar,358,239,46,15,658,42,0,55,0,97,400,239,101,15,755,0,2,2,757
04/02/2000,PDX,OR,ANM,WE,Combined TRACON& Tower with Radar,352,219,40,10,621,33,0,0,0,33,385,219,40,10,654,0,0,0,654
04/03/2000,PDX,OR,ANM,WE,Combined TRACON& Tower with Radar,412,287,53,18,770,0,51,119,14,184,412,338,172,32,954,4,0,4,958
04/04/2000,PDX,OR,ANM,WE,Combined TRACON& Tower with Radar,440,322,59,20,841,0,50,21,7,78,440,372,80,27,919,0,0,0,919
04/05/2000,PDX,OR,ANM,WE,Combined TRACON& Tower with Radar,444,312,57,20,833,0,57,46,8,111,444,369,103,28,944,4,1,5,949
04/06/2000,PDX,OR,ANM,WE,Combined TRACON& Tower with Radar,452,317,58,20,847,0,52,26,3,81,452,369,84,23,928,13,2,15,943
04/07/2000,PDX,OR,ANM,WE,Combined TRACON& Tower with Radar,450,319,59,20,848,0,62,59,11,132,450,381,118,31,980,2,0,2,982
04/08/2000,PDX,OR,ANM,WE,Combined TRACON& Tower with Radar,359,244,46,6,655,46,0,27,0,73,405,244,73,6,728,2,0,2,730
04/09/2000,PDX,OR,ANM,WE,Combined TRACON& Tower with Radar,356,231,46,7,640,34,0,48,0,82,390,231,94,7,722,0,0,0,722
04/10/2000,PDX,OR,ANM,WE,Combined TRACON& Tower with Radar,419,289,52,19,779,1,52,32,16,101,420,341,84,35,880,8,0,8,888
04/11/2000,PDX,OR,ANM,WE,Combined TRACON& Tower with Radar,427,307,55,20,809,0,73,62,10,145,427,380,117,30,954,0,6,6,960
04/12/2000,PDX,OR,ANM,WE,Combined TRACON& Tower with Radar,447,323,58,21,849,0,63,75,19,157,447,386,133,40,1006,38,2,40,1046
04/13/2000,PDX,OR,ANM,WE,Combined TRACON& Tower with Radar,446,324,59,21,850,0,57,20,13,90,446,381,79,34,940,6,0,6,946
04/14/2000,PDX,OR,ANM,WE,Combined TRACON& Tower with Radar,406,287,52,11,756,0,57,39,0,96,406,344,91,11,852,0,0,0,852
04/15/2000,PDX,OR,ANM,WE,Combined TRACON& Tower with Radar,351,239,31,11,632,19,0,0,0,19,370,239,31,11,651,139,7,146,797
04/16/2000,PDX,OR,ANM,WE,Combined TRACON& Tower with Radar,369,232,46,17,664,21,0,13,11,45,390,232,59,28,709,100,0,100,809
04/17/2000,PDX,OR,ANM,WE,Combined TRACON& Tower with Radar,403,278,51,17,749,0,63,60,0,123,403,341,111,17,872,0,0,0,872
04/18/2000,PDX,OR,ANM,WE,Combined TRACON& Tower with Radar,437,308,56,20,821,0,51,49,16,116,437,359,105,36,937,3,1,4,941
04/19/2000,PDX,OR,ANM,WE,Combined TRACON& Tower with Radar,429,305,55,20,809,0,62,54,10,126,429,367,109,30,935,0,1,1,936
04/20/2000,PDX,OR,ANM,WE,Combined TRACON& Tower with Radar,418,304,55,20,797,0,62,82,7,151,418,366,137,27,948,1,5,6,954
04/21/2000,PDX,OR,ANM,WE,Combined TRACON& Tower with Radar,409,284,52,16,761,0,9,2,0,11,409,293,54,16,772,121,0,121,893
04/22/2000,PDX,OR,ANM,WE,Combined TRACON& Tower with Radar,339,232,42,3,616,35,8,8,0,51,374,240,50,3,667,0,6,6,673
04/23/2000,PDX,OR,ANM,WE,Combined TRACON& Tower with Radar,341,224,43,0,608,38,0,8,0,46,379,224,51,0,654,39,2,41,695
04/24/2000,PDX,OR,ANM,WE,Combined TRACON& Tower with Radar,392,280,51,18,741,0,39,65,19,123,392,319,116,37,864,0,0,0,864
04/25/2000,PDX,OR,ANM,WE,Combined TRACON& Tower with Radar,443,321,58,21,843,0,46,35,8,89,443,367,93,29,932,0,6,6,938
04/26/2000,PDX,OR,ANM,WE,Combined TRACON& Tower with Radar,446,321,58,20,845,0,52,64,8,124,446,373,122,28,969,0,0,0,969
04/27/2000,PDX,OR,ANM,WE,Combined TRACON& Tower with Radar,441,318,58,20,837,0,58,50,7,115,441,376,108,27,952,0,0,0,952
04/28/2000,PDX,OR,ANM,WE,Combined TRACON& Tower with Radar,428,316,57,17,818,0,53,50,0,103,428,369,107,17,921,4,1,5,926
04/29/2000,PDX,OR,ANM,WE,Combined TRACON& Tower with Radar,367,248,45,3,663,34,0,40,0,74,401,248,85,3,737,0,1,1,738
04/30/2000,PDX,OR,ANM,WE,Combined TRACON& Tower with Radar,344,223,42,6,615,43,0,46,0,89,387,223,88,6,704,0,0,0,704
05/01/2000,PDX,OR,ANM,WE,Combined TRACON& Tower with Radar,403,289,53,19,764,3,43,59,0,105,406,332,112,19,869,4,0,4,873
05/02/2000,PDX,OR,ANM,WE,Combined TRACON& Tower with Radar,429,321,58,21,829,0,59,54,8,121,429,380,112,29,950,0,8,8,958
05/03/2000,PDX,OR,ANM,WE,Combined TRACON& Tower with Radar,441,326,60,21,848,0,36,28,19,83,441,362,88,40,931,2,11,13,944
05/04/2000,PDX,OR,ANM,WE,Combined TRACON& Tower with Radar,442,329,61,21,853,0,60,36,11,107,442,389,97,32,960,3,0,3,963
05/05/2000,PDX,OR,ANM,WE,Combined TRACON& Tower with Radar,451,323,59,18,851,5,48,53,0,106,456,371,112,18,957,4,0,4,961
05/06/2000,PDX,OR,ANM,WE,Combined TRACON& Tower with Radar,335,238,44,5,622,36,0,22,0,58,371,238,66,5,680,0,0,0,680
05/07/2000,PDX,OR,ANM,WE,Combined TRACON& Tower with Radar,341,225,45,16,627,29,0,27,15,71,370,225,72,31,698,6,3,9,707
05/08/2000,PDX,OR,ANM,WE,Combined TRACON& Tower with Radar,388,288,53,19,748,0,43,26,8,77,388,331,79,27,825,4,0,4,829
05/09/2000,PDX,OR,ANM,WE,Combined TRACON& Tower with Radar,421,320,57,22,820,0,48,22,1,71,421,368,79,23,891,0,0,0,891
05/10/2000,PDX,OR,ANM,WE,Combined TRACON& Tower with Radar,414,312,57,18,801,0,57,52,0,109,414,369,109,18,910,0,0,0,910
05/11/2000,PDX,OR,ANM,WE,Combined TRACON& Tower with Radar,411,312,57,21,801,0,59,18,8,85,411,371,75,29,886,4,2,6,892
05/12/2000,PDX,OR,ANM,WE,Combined TRACON& Tower with Radar,438,314,56,16,824,2,54,53,0,109,440,368,109,16,933,97,0,97,1030
05/13/2000,PDX,OR,ANM,WE,Combined TRACON& Tower with Radar,347,249,45,0,641,34,4,39,0,77,381,253,84,0,718,0,6,6,724
05/14/2000,PDX,OR,ANM,WE,Combined TRACON& Tower with Radar,333,234,44,5,616,37,0,23,0,60,370,234,67,5,676,78,0,78,754
05/15/2000,PDX,OR,ANM,WE,Combined TRACON& Tower with Radar,402,290,52,20,764,0,45,44,9,98,402,335,96,29,862,3,1,4,866
05/16/2000,PDX,OR,ANM,WE,Combined TRACON& Tower with Radar,434,331,59,23,847,0,39,81,8,128,434,370,140,31,975,0,0,0,975
05/17/2000,PDX,OR,ANM,WE,Combined TRACON& Tower with Radar,417,312,57,20,806,0,49,60,0,109,417,361,117,20,915,0,0,0,915
05/18/2000,PDX,OR,ANM,WE,Combined TRACON& Tower with Radar,410,307,55,21,793,0,53,68,16,137,410,360,123,37,930,2,0,2,932
05/19/2000,PDX,OR,ANM,WE,Combined TRACON& Tower with Radar,430,328,60,22,840,0,61,60,4,125,430,389,120,26,965,3,0,3,968
05/20/2000,PDX,OR,ANM,WE,Combined TRACON& Tower with Radar,384,262,49,19,714,6,0,29,32,67,390,262,78,51,781,10,0,10,791
05/21/2000,PDX,OR,ANM,WE,Combined TRACON& Tower with Radar,347,235,44,10,636,43,0,45,0,88,390,235,89,10,724,124,0,124,848
05/22/2000,PDX,OR,ANM,WE,Combined TRACON& Tower with Radar,410,292,53,11,766,10,44,48,0,102,420,336,101,11,868,1,1,2,870
05/23/2000,PDX,OR,ANM,WE,Combined TRACON& Tower with Radar,454,329,59,22,864,0,54,31,8,93,454,383,90,30,957,6,0,6,963
05/24/2000,PDX,OR,ANM,WE,Combined TRACON& Tower with Radar,442,323,58,21,844,0,70,56,10,136,442,393,114,31,980,0,7,7,987
05/25/2000,PDX,OR,ANM,WE,Combined TRACON& Tower with Radar,450,327,59,21,857,0,48,76,15,139,450,375,135,36,996,2,0,2,998
05/26/2000,PDX,OR,ANM,WE,Combined TRACON& Tower with Radar,439,325,58,21,843,0,51,45,2,98,439,376,103,23,941,49,1,50,991
05/27/2000,PDX,OR,ANM,WE,Combined TRACON& Tower with Radar,328,235,42,2,607,34,9,9,0,52,362,244,51,2,659,8,1,9,668
05/28/2000,PDX,OR,ANM,WE,Combined TRACON& Tower with Radar,318,201,41,2,562,50,0,19,0,69,368,201,60,2,631,37,0,37,668
05/29/2000,PDX,OR,ANM,WE,Combined TRACON& Tower with Radar,344,237,44,7,632,39,0,26,0,65,383,237,70,7,697,0,0,0,697
05/30/2000,PDX,OR,ANM,WE,Combined TRACON& Tower with Radar,412,305,55,20,792,0,42,44,11,97,412,347,99,31,889,2,0,2,891
05/31/2000,PDX,OR,ANM,WE,Combined TRACON& Tower with Radar,439,326,59,21,845,0,44,54,10,108,439,370,113,31,953,3,0,3,956
06/01/2000,PDX,OR,ANM,WE,Combined TRACON& Tower with Radar,440,317,57,26,840,0,62,52,13,127,440,379,109,39,967,0,1,1,968
06/02/2000,PDX,OR,ANM,WE,Combined TRACON& Tower with Radar,394,301,54,24,773,0,64,74,14,152,394,365,128,38,925,0,2,2,927
06/03/2000,PDX,OR,ANM,WE,Combined TRACON& Tower with Radar,347,248,44,13,652,22,5,61,0,88,369,253,105,13,740,0,0,0,740
06/04/2000,PDX,OR,ANM,WE,Combined TRACON& Tower with Radar,343,240,44,13,640,49,0,42,0,91,392,240,86,13,731,0,0,0,731
06/05/2000,PDX,OR,ANM,WE,Combined TRACON& Tower with Radar,404,288,52,16,760,8,45,43,0,96,412,333,95,16,856,5,0,5,861
06/06/2000,PDX,OR,ANM,WE,Combined TRACON& Tower with Radar,457,330,59,27,873,0,50,37,8,95,457,380,96,35,968,0,2,2,970
06/07/2000,PDX,OR,ANM,WE,Combined TRACON& Tower with Radar,440,336,60,27,863,0,40,81,3,124,440,376,141,30,987,0,0,0,987
06/08/2000,PDX,OR,ANM,WE,Combined TRACON& Tower with Radar,438,323,58,26,845,0,54,58,17,129,438,377,116,43,974,2,2,4,978
06/09/2000,PDX,OR,ANM,WE,Combined TRACON& Tower with Radar,438,333,59,26,856,0,45,57,0,102,438,378,116,26,958,2,1,3,961
06/10/2000,PDX,OR,ANM,WE,Combined TRACON& Tower with Radar,332,237,43,11,623,42,6,1,0,49,374,243,44,11,672,12,1,13,685
06/11/2000,PDX,OR,ANM,WE,Combined TRACON& Tower with Radar,341,223,42,6,612,35,0,15,0,50,376,223,57,6,662,10,0,10,672
06/12/2000,PDX,OR,ANM,WE,Combined TRACON& Tower with Radar,409,294,51,25,779,0,44,21,0,65,409,338,72,25,844,0,0,0,844
06/13/2000,PDX,OR,ANM,WE,Combined TRACON& Tower with Radar,428,321,56,27,832,0,63,70,15,148,428,384,126,42,980,1,0,1,981
06/14/2000,PDX,OR,ANM,WE,Combined TRACON& Tower with Radar,427,309,54,25,815,0,73,70,0,143,427,382,124,25,958,4,1,5,963
06/15/2000,PDX,OR,ANM,WE,Combined TRACON& Tower with Radar,451,334,58,28,871,0,53,97,15,165,451,387,155,43,1036,0,1,1,1037
06/16/2000,PDX,OR,ANM,WE,Combined TRACON& Tower with Radar,462,330,58,28,878,0,46,84,13,143,462,376,142,41,1021,0,0,0,1021
06/17/2000,PDX,OR,ANM,WE,Combined TRACON& Tower with Radar,397,270,49,24,740,35,0,41,21,97,432,270,90,45,837,4,2,6,843
06/18/2000,PDX,OR,ANM,WE,Combined TRACON& Tower with Radar,368,237,46,15,666,40,0,37,0,77,408,237,83,15,743,0,0,0,743
06/19/2000,PDX,OR,ANM,WE,Combined TRACON& Tower with Radar,422,299,53,22,796,12,47,67,0,126,434,346,120,22,922,95,3,98,1020
06/20/2000,PDX,OR,ANM,WE,Combined TRACON& Tower with Radar,438,331,58,28,855,0,70,76,13,159,438,401,134,41,1014,0,2,2,1016
06/21/2000,PDX,OR,ANM,WE,Combined TRACON& Tower with Radar,461,339,60,29,889,0,52,50,34,136,461,391,110,63,1025,0,5,5,1030
06/22/2000,PDX,OR,ANM,WE,Combined TRACON& Tower with Radar,439,331,58,28,856,0,83,85,38,206,439,414,143,66,1062,8,4,12,1074
06/23/2000,PDX,OR,ANM,WE,Combined TRACON& Tower with Radar,457,325,57,28,867,0,68,100,5,173,457,393,157,33,1040,1,2,3,1043
06/24/2000,PDX,OR,ANM,WE,Combined TRACON& Tower with Radar,385,273,48,12,718,28,3,87,0,118,413,276,135,12,836,2,0,2,838
06/25/2000,PDX,OR,ANM,WE,Combined TRACON& Tower with Radar,370,261,46,16,693,33,0,102,0,135,403,261,148,16,828,2,0,2,830
06/26/2000,PDX,OR,ANM,WE,Combined TRACON& Tower with Radar,409,291,51,24,775,13,55,102,8,178,422,346,153,32,953,8,2,10,963
06/27/2000,PDX,OR,ANM,WE,Combined TRACON& Tower with Radar,450,327,57,27,861,0,65,118,4,187,450,392,175,31,1048,20,0,20,1068
06/28/2000,PDX,OR,ANM,WE,Combined TRACON& Tower with Radar,447,325,57,26,855,0,79,79,9,167,447,404,136,35,1022,0,18,18,1040
06/29/2000,PDX,OR,ANM,WE,Combined TRACON& Tower with Radar,437,323,56,26,842,0,75,69,10,154,437,398,125,36,996,4,2,6,1002
06/30/2000,PDX,OR,ANM,WE,Combined TRACON& Tower with Radar,469,335,59,17,880,0,4,9,0,13,469,339,68,17,893,2,1,3,896
07/01/2000,PDX,OR,ANM,WE,Combined TRACON& Tower with Radar,372,263,51,4,690,42,3,35,0,80,414,266,86,4,770,4,1,5,775
07/02/2000,PDX,OR,ANM,WE,Combined TRACON& Tower with Radar,322,221,44,8,595,40,0,189,0,229,362,221,233,8,824,2,0,2,826
07/03/2000,PDX,OR,ANM,WE,Combined TRACON& Tower with Radar,369,262,50,2,683,29,48,29,0,106,398,310,79,2,789,1,0,1,790
07/04/2000,PDX,OR,ANM,WE,Combined TRACON& Tower with Radar,326,231,45,7,609,27,24,15,0,66,353,255,60,7,675,0,9,9,684
07/05/2000,PDX,OR,ANM,WE,Combined TRACON& Tower with Radar,404,305,58,29,796,0,44,92,16,152,404,349,150,45,948,3,0,3,951
07/06/2000,PDX,OR,ANM,WE,Combined TRACON& Tower with Radar,454,325,63,30,872,0,52,58,2,112,454,377,121,32,984,3,2,5,989
07/07/2000,PDX,OR,ANM,WE,Combined TRACON& Tower with Radar,461,326,63,25,875,14,59,107,0,180,475,385,170,25,1055,2,4,6,1061
07/08/2000,PDX,OR,ANM,WE,Combined TRACON& Tower with Radar,367,260,51,16,694,22,1,31,0,54,389,261,82,16,748,6,0,6,754
07/09/2000,PDX,OR,ANM,WE,Combined TRACON& Tower with Radar,361,244,48,15,668,21,0,31,0,52,382,244,79,15,720,14,2,16,736
07/10/2000,PDX,OR,ANM,WE,Combined TRACON& Tower with Radar,422,310,58,30,820,0,61,77,5,143,422,371,135,35,963,100,2,102,1065
07/11/2000,PDX,OR,ANM,WE,Combined TRACON& Tower with Radar,453,343,65,33,894,0,48,77,3,128,453,391,142,36,1022,2,2,4,1026
07/12/2000,PDX,OR,ANM,WE,Combined TRACON& Tower with Radar,444,326,62,32,864,0,54,81,22,157,444,380,143,54,1021,2,0,2,1023
07/13/2000,PDX,OR,ANM,WE,Combined TRACON& Tower with Radar,448,324,62,31,865,0,69,60,6,135,448,393,122,37,1000,2,2,4,1004
07/14/2000,PDX,OR,ANM,WE,Combined TRACON& Tower with Radar,448,325,61,31,865,0,49,58,5,112,448,374,119,36,977,8,4,12,989
07/15/2000,PDX,OR,ANM,WE,Combined TRACON& Tower with Radar,357,253,48,13,671,54,11,29,0,94,411,264,77,13,765,0,0,0,765
07/16/2000,PDX,OR,ANM,WE,Combined TRACON& Tower with Radar,344,242,46,5,637,36,10,36,0,82,380,252,82,5,719,4,0,4,723
07/17/2000,PDX,OR,ANM,WE,Combined TRACON& Tower with Radar,426,316,12,31,785,0,43,0,32,75,426,359,12,63,860,53,2,55,915
07/18/2000,PDX,OR,ANM,WE,Combined TRACON& Tower with Radar,427,335,63,32,857,0,58,62,27,147,427,393,125,59,1004,0,3,3,1007
07/19/2000,PDX,OR,ANM,WE,Combined TRACON& Tower with Radar,483,337,64,33,917,15,0,19,20,54,498,337,83,53,971,0,3,3,974
07/20/2000,PDX,OR,ANM,WE,Combined TRACON& Tower with Radar,464,348,66,34,912,0,51,85,31,167,464,399,151,65,1079,75,5,80,1159
07/21/2000,PDX,OR,ANM,WE,Combined TRACON& Tower with Radar,454,341,64,33,892,0,37,76,28,141,454,378,140,61,1033,4,2,6,1039
07/22/2000,PDX,OR,ANM,WE,Combined TRACON& Tower with Radar,388,263,52,21,724,35,0,12,0,47,423,263,64,21,771,0,2,2,773
07/23/2000,PDX,OR,ANM,WE,Combined TRACON& Tower with Radar,374,262,50,16,702,31,0,46,0,77,405,262,96,16,779,0,0,0,779
07/24/2000,PDX,OR,ANM,WE,Combined TRACON& Tower with Radar,417,312,59,30,818,0,56,85,46,187,417,368,144,76,1005,2,2,4,1009
07/25/2000,PDX,OR,ANM,WE,Combined TRACON& Tower with Radar,438,333,63,31,865,0,36,73,11,120,438,369,136,42,985,0,3,3,988
07/26/2000,PDX,OR,ANM,WE,Combined TRACON& Tower with Radar,436,326,62,31,855,0,46,72,30,148,436,372,134,61,1003,0,0,0,1003
07/27/2000,PDX,OR,ANM,WE,Combined TRACON& Tower with Radar,432,326,62,30,850,0,16,19,17,52,432,342,81,47,902,9,9,18,920
07/28/2000,PDX,OR,ANM,WE,Combined TRACON& Tower with Radar,452,326,62,31,871,0,19,5,13,37,452,345,67,44,908,1,0,1,909
07/29/2000,PDX,OR,ANM,WE,Combined TRACON& Tower with Radar,376,266,50,6,698,37,9,63,0,109,413,275,113,6,807,2,2,4,811
07/30/2000,PDX,OR,ANM,WE,Combined TRACON& Tower with Radar,359,240,48,9,656,32,0,7,0,39,391,240,55,9,695,4,0,4,699
07/31/2000,PDX,OR,ANM,WE,Combined TRACON& Tower with Radar,413,294,56,27,790,0,47,78,7,132,413,341,134,34,922,96,1,97,1019
08/01/2000,PDX,OR,ANM,WE,Combined TRACON& Tower with Radar,437,335,59,23,854,0,60,86,10,156,437,395,145,33,1010,6,0,6,1016
08/02/2000,PDX,OR,ANM,WE,Combined TRACON& Tower with Radar,455,326,58,22,861,4,81,79,10,174,459,407,137,32,1035,2,4,6,1041
08/03/2000,PDX,OR,ANM,WE,Combined TRACON& Tower with Radar,393,297,52,20,762,0,96,73,36,205,393,393,125,56,967,4,2,6,973
08/04/2000,PDX,OR,ANM,WE,Combined TRACON& Tower with Radar,445,331,58,23,857,0,59,80,19,158,445,390,138,42,1015,2,4,6,1021
08/05/2000,PDX,OR,ANM,WE,Combined TRACON& Tower with Radar,382,274,48,8,712,50,9,18,0,77,432,283,66,8,789,2,4,6,795
08/06/2000,PDX,OR,ANM,WE,Combined TRACON& Tower with Radar,355,250,45,5,655,41,0,53,0,94,396,250,98,5,749,0,2,2,751
08/07/2000,PDX,OR,ANM,WE,Combined TRACON& Tower with Radar,425,305,53,21,804,3,46,83,1,133,428,351,136,22,937,10,4,14,951
08/08/2000,PDX,OR,ANM,WE,Combined TRACON& Tower with Radar,469,336,59,23,887,0,34,65,14,113,469,370,124,37,1000,0,6,6,1006
08/09/2000,PDX,OR,ANM,WE,Combined TRACON& Tower with Radar,457,328,58,22,865,0,47,78,3,128,457,375,136,25,993,2,6,8,1001
08/10/2000,PDX,OR,ANM,WE,Combined TRACON& Tower with Radar,440,327,56,23,846,0,49,55,11,115,440,376,111,34,961,0,10,10,971
08/11/2000,PDX,OR,ANM,WE,Combined TRACON& Tower with Radar,406,300,52,21,779,0,57,74,0,131,406,357,126,21,910,6,2,8,918
08/12/2000,PDX,OR,ANM,WE,Combined TRACON& Tower with Radar,376,268,46,11,701,50,0,27,0,77,426,268,73,11,778,0,3,3,781
08/13/2000,PDX,OR,ANM,WE,Combined TRACON& Tower with Radar,359,258,44,19,680,32,6,58,0,96,391,264,102,19,776,135,0,135,911
08/14/2000,PDX,OR,ANM,WE,Combined TRACON& Tower with Radar,421,302,52,22,797,2,57,89,4,152,423,359,141,26,949,10,0,10,959
08/15/2000,PDX,OR,ANM,WE,Combined TRACON& Tower with Radar,449,333,57,24,863,0,70,73,5,148,449,403,130,29,1011,1,1,2,1013
08/16/2000,PDX,OR,ANM,WE,Combined TRACON& Tower with Radar,466,332,57,24,879,5,64,128,10,207,471,396,185,34,1086,3,17,20,1106
08/17/2000,PDX,OR,ANM,WE,Combined TRACON& Tower with Radar,432,322,56,23,833,0,146,93,4,243,432,468,149,27,1076,0,3,3,1079
08/18/2000,PDX,OR,ANM,WE,Combined TRACON& Tower with Radar,443,339,59,24,865,0,59,80,12,151,443,398,139,36,1016,2,1,3,1019
08/19/2000,PDX,OR,ANM,WE,Combined TRACON& Tower with Radar,380,270,47,6,703,28,8,45,0,81,408,278,92,6,784,0,0,0,784
08/20/2000,PDX,OR,ANM,WE,Combined TRACON& Tower with Radar,377,255,46,8,686,22,0,60,0,82,399,255,106,8,768,1,1,2,770
08/21/2000,PDX,OR,ANM,WE,Combined TRACON& Tower with Radar,418,292,52,20,782,10,0,10,0,20,428,292,62,20,802,86,4,90,892
08/22/2000,PDX,OR,ANM,WE,Combined TRACON& Tower with Radar,455,331,57,23,866,0,70,66,0,136,455,401,123,23,1002,0,0,0,1002
08/23/2000,PDX,OR,ANM,WE,Combined TRACON& Tower with Radar,448,325,56,23,852,0,54,51,10,115,448,379,107,33,967,3,0,3,970
08/24/2000,PDX,OR,ANM,WE,Combined TRACON& Tower with Radar,449,341,59,24,873,0,47,82,4,133,449,388,141,28,1006,1,2,3,1009
08/25/2000,PDX,OR,ANM,WE,Combined TRACON& Tower with Radar,454,338,58,24,874,0,48,87,26,161,454,386,145,50,1035,8,5,13,1048
08/26/2000,PDX,OR,ANM,WE,Combined TRACON& Tower with Radar,385,251,47,20,703,13,0,39,39,91,398,251,86,59,794,0,0,0,794
08/27/2000,PDX,OR,ANM,WE,Combined TRACON& Tower with Radar,365,250,45,8,668,37,0,51,0,88,402,250,96,8,756,5,0,5,761
08/28/2000,PDX,OR,ANM,WE,Combined TRACON& Tower with Radar,413,296,51,20,780,12,63,97,3,175,425,359,148,23,955,14,4,18,973
08/29/2000,PDX,OR,ANM,WE,Combined TRACON& Tower with Radar,435,312,54,21,822,0,77,47,10,134,435,389,101,31,956,104,2,106,1062
08/30/2000,PDX,OR,ANM,WE,Combined TRACON& Tower with Radar,395,297,51,20,763,0,58,66,12,136,395,355,117,32,899,0,2,2,901
08/31/2000,PDX,OR,ANM,WE,Combined TRACON& Tower with Radar,448,348,60,24,880,0,34,75,22,131,448,382,135,46,1011,0,22,22,1033
09/01/2000,PDX,OR,ANM,WE,Combined TRACON& Tower with Radar,442,324,59,16,841,0,61,46,10,117,442,385,105,26,958,0,6,6,964
09/02/2000,PDX,OR,ANM,WE,Combined TRACON& Tower with Radar,360,253,41,0,654,41,4,0,0,45,401,257,41,0,699,0,1,1,700
09/03/2000,PDX,OR,ANM,WE,Combined TRACON& Tower with Radar,309,209,40,3,561,32,0,12,0,44,341,209,52,3,605,0,0,0,605
09/04/2000,PDX,OR,ANM,WE,Combined TRACON& Tower with Radar,367,255,48,7,677,22,0,18,0,40,389,255,66,7,717,0,6,6,723
09/05/2000,PDX,OR,ANM,WE,Combined TRACON& Tower with Radar,414,300,54,14,782,0,45,42,6,93,414,345,96,20,875,6,9,15,890
09/06/2000,PDX,OR,ANM,WE,Combined TRACON& Tower with Radar,452,326,59,16,853,0,57,26,5,88,452,383,85,21,941,2,4,6,947
09/07/2000,PDX,OR,ANM,WE,Combined TRACON& Tower with Radar,398,294,53,14,759,0,57,36,9,102,398,351,89,23,861,1,0,1,862
09/08/2000,PDX,OR,ANM,WE,Combined TRACON& Tower with Radar,452,324,59,15,850,0,53,46,2,101,452,377,105,17,951,0,1,1,952
09/09/2000,PDX,OR,ANM,WE,Combined TRACON& Tower with Radar,366,257,47,5,675,37,19,28,0,84,403,276,75,5,759,0,3,3,762
09/10/2000,PDX,OR,ANM,WE,Combined TRACON& Tower with Radar,371,235,46,0,652,13,0,41,0,54,384,235,87,0,706,0,1,1,707
09/11/2000,PDX,OR,ANM,WE,Combined TRACON& Tower with Radar,422,297,53,15,787,4,49,48,6,107,426,346,101,21,894,2,2,4,898
09/12/2000,PDX,OR,ANM,WE,Combined TRACON& Tower with Radar,443,318,57,16,834,0,64,53,3,120,443,382,110,19,954,9,3,12,966
09/13/2000,PDX,OR,ANM,WE,Combined TRACON& Tower with Radar,441,324,58,16,839,0,69,60,16,145,441,393,118,32,984,9,3,12,996
09/14/2000,PDX,OR,ANM,WE,Combined TRACON& Tower with Radar,438,316,56,16,826,0,58,66,11,135,438,374,122,27,961,0,0,0,961
09/15/2000,PDX,OR,ANM,WE,Combined TRACON& Tower with Radar,438,326,58,17,839,0,54,57,14,125,438,380,115,31,964,2,2,4,968
09/16/2000,PDX,OR,ANM,WE,Combined TRACON& Tower with Radar,390,280,50,14,734,0,4,44,30,78,390,284,94,44,812,1,4,5,817
09/17/2000,PDX,OR,ANM,WE,Combined TRACON& Tower with Radar,375,245,47,13,680,14,0,43,23,80,389,245,90,36,760,0,2,2,762
09/18/2000,PDX,OR,ANM,WE,Combined TRACON& Tower with Radar,427,302,54,15,798,0,40,46,8,94,427,342,100,23,892,4,2,6,898
09/19/2000,PDX,OR,ANM,WE,Combined TRACON& Tower with Radar,438,327,58,17,840,0,53,71,14,138,438,380,129,31,978,0,3,3,981
09/20/2000,PDX,OR,ANM,WE,Combined TRACON& Tower with Radar,453,328,58,17,856,0,42,78,9,129,453,370,136,26,985,7,1,8,993
09/21/2000,PDX,OR,ANM,WE,Combined TRACON& Tower with Radar,441,328,59,17,845,0,54,53,3,110,441,382,112,20,955,6,0,6,961
09/22/2000,PDX,OR,ANM,WE,Combined TRACON& Tower with Radar,444,311,55,9,819,8,47,98,0,153,452,358,153,9,972,4,0,4,976
09/23/2000,PDX,OR,ANM,WE,Combined TRACON& Tower with Radar,371,259,47,7,684,38,7,48,0,93,409,266,95,7,777,0,0,0,777
09/24/2000,PDX,OR,ANM,WE,Combined TRACON& Tower with Radar,351,245,44,1,641,29,2,52,0,83,380,247,96,1,724,0,0,0,724
09/25/2000,PDX,OR,ANM,WE,Combined TRACON& Tower with Radar,415,290,52,15,772,10,52,60,4,126,425,342,112,19,898,0,3,3,901
09/26/2000,PDX,OR,ANM,WE,Combined TRACON& Tower with Radar,457,321,57,10,845,5,51,95,0,151,462,372,152,10,996,8,6,14,1010
09/27/2000,PDX,OR,ANM,WE,Combined TRACON& Tower with Radar,463,324,58,16,861,5,45,85,5,140,468,369,143,21,1001,0,2,2,1003
09/28/2000,PDX,OR,ANM,WE,Combined TRACON& Tower with Radar,442,320,57,15,834,0,57,73,11,141,442,377,130,26,975,4,2,6,981
09/29/2000,PDX,OR,ANM,WE,Combined TRACON& Tower with Radar,450,316,57,6,829,0,56,38,0,94,450,372,95,6,923,3,5,8,931
09/30/2000,PDX,OR,ANM,WE,Combined TRACON& Tower with Radar,384,268,48,5,705,3,5,18,0,26,387,273,66,5,731,0,0,0,731
10/01/2000,PDX,OR,ANM,WE,Combined TRACON& Tower with Radar,349,235,46,0,630,33,0,19,0,52,382,235,65,0,682,6,8,14,696
10/02/2000,PDX,OR,ANM,WE,Combined TRACON& Tower with Radar,401,293,53,14,761,0,57,37,17,111,401,350,90,31,872,0,2,2,874
10/03/2000,PDX,OR,ANM,WE,Combined TRACON& Tower with Radar,436,315,57,15,823,0,75,54,3,132,436,390,111,18,955,0,1,1,956
10/04/2000,PDX,OR,ANM,WE,Combined TRACON& Tower with Radar,439,321,59,15,834,0,65,84,4,153,439,386,143,19,987,2,6,8,995
10/05/2000,PDX,OR,ANM,WE,Combined TRACON& Tower with Radar,402,308,58,13,781,0,0,9,0,9,402,308,67,13,790,1,14,15,805
10/06/2000,PDX,OR,ANM,WE,Combined TRACON& Tower with Radar,451,324,59,15,849,7,49,79,6,141,458,373,138,21,990,4,0,4,994
10/07/2000,PDX,OR,ANM,WE,Combined TRACON& Tower with Radar,354,253,46,9,662,45,0,57,0,102,399,253,103,9,764,0,0,0,764
10/08/2000,PDX,OR,ANM,WE,Combined TRACON& Tower with Radar,343,239,45,5,632,38,0,32,0,70,381,239,77,5,702,0,0,0,702
10/09/2000,PDX,OR,ANM,WE,Combined TRACON& Tower with Radar,393,282,52,0,727,11,30,10,0,51,404,312,62,0,778,0,0,0,778
10/10/2000,PDX,OR,ANM,WE,Combined TRACON& Tower with Radar,429,315,58,6,808,0,54,21,0,75,429,369,79,6,883,4,1,5,888
10/11/2000,PDX,OR,ANM,WE,Combined TRACON& Tower with Radar,449,342,63,16,870,0,29,43,0,72,449,371,106,16,942,4,1,5,947
10/12/2000,PDX,OR,ANM,WE,Combined TRACON& Tower with Radar,447,337,61,16,861,0,13,15,0,28,447,350,76,16,889,4,2,6,895
10/13/2000,PDX,OR,ANM,WE,Combined TRACON& Tower with Radar,446,329,61,11,847,0,14,30,0,44,446,343,91,11,891,0,1,1,892
10/14/2000,PDX,OR,ANM,WE,Combined TRACON& Tower with Radar,366,263,48,11,688,34,2,17,0,53,400,265,65,11,741,0,1,1,742
10/15/2000,PDX,OR,ANM,WE,Combined TRACON& Tower with Radar,338,234,44,7,623,35,0,6,0,41,373,234,50,7,664,4,4,8,672
10/16/2000,PDX,OR,ANM,WE,Combined TRACON& Tower with Radar,415,298,53,15,781,5,40,61,1,107,420,338,114,16,888,0,2,2,890
10/17/2000,PDX,OR,ANM,WE,Combined TRACON& Tower with Radar,439,320,57,16,832,0,71,28,8,107,439,391,85,24,939,1,9,10,949
10/18/2000,PDX,OR,ANM,WE,Combined TRACON& Tower with Radar,448,332,60,16,856,0,5,19,2,26,448,337,79,18,882,4,4,8,890
10/19/2000,PDX,OR,ANM,WE,Combined TRACON& Tower with Radar,431,334,60,17,842,0,35,71,19,125,431,369,131,36,967,2,4,6,973
10/20/2000,PDX,OR,ANM,WE,Combined TRACON& Tower with Radar,432,330,60,16,838,0,49,30,22,101,432,379,90,38,939,51,0,51,990
10/21/2000,PDX,OR,ANM,WE,Combined TRACON& Tower with Radar,365,260,47,11,683,27,0,16,0,43,392,260,63,11,726,0,0,0,726
10/22/2000,PDX,OR,ANM,WE,Combined TRACON& Tower with Radar,353,237,45,13,648,32,0,32,7,71,385,237,77,20,719,0,0,0,719
10/23/2000,PDX,OR,ANM,WE,Combined TRACON& Tower with Radar,399,284,51,14,748,19,50,39,12,120,418,334,90,26,868,2,4,6,874
10/24/2000,PDX,OR,ANM,WE,Combined TRACON& Tower with Radar,417,297,53,15,782,7,66,30,7,110,424,363,83,22,892,7,0,7,899
10/25/2000,PDX,OR,ANM,WE,Combined TRACON& Tower with Radar,427,325,58,16,826,0,14,11,12,37,427,339,69,28,863,1,5,6,869
10/26/2000,PDX,OR,ANM,WE,Combined TRACON& Tower with Radar,437,338,61,17,853,0,13,23,18,54,437,351,84,35,907,4,4,8,915
10/27/2000,PDX,OR,ANM,WE,Combined TRACON& Tower with Radar,442,334,60,17,853,0,26,49,4,79,442,360,109,21,932,4,10,14,946
10/28/2000,PDX,OR,ANM,WE,Combined TRACON& Tower with Radar,352,252,35,6,645,41,1,0,0,42,393,253,35,6,687,0,0,0,687
10/29/2000,PDX,OR,ANM,WE,Combined TRACON& Tower with Radar,322,230,41,4,597,24,5,10,0,39,346,235,51,4,636,0,2,2,638
10/30/2000,PDX,OR,ANM,WE,Combined TRACON& Tower with Radar,393,295,53,14,755,0,54,33,15,102,393,349,86,29,857,0,16,16,873
10/31/2000,PDX,OR,ANM,WE,Combined TRACON& Tower with Radar,439,341,61,16,857,0,32,28,14,74,439,373,89,30,931,2,0,2,933
11/01/2000,PDX,OR,ANM,WE,Combined TRACON& Tower with Radar,423,330,58,19,830,0,56,25,12,93,423,386,83,31,923,1,0,1,924
11/02/2000,PDX,OR,ANM,WE,Combined TRACON& Tower with Radar,434,334,58,19,845,0,35,38,17,90,434,369,96,36,935,60,0,60,995
11/03/2000,PDX,OR,ANM,WE,Combined TRACON& Tower with Radar,431,332,58,5,826,0,51,99,0,150,431,383,157,5,976,0,3,3,979
11/04/2000,PDX,OR,ANM,WE,Combined TRACON& Tower with Radar,337,243,43,10,633,31,7,6,0,44,368,250,49,10,677,0,3,3,680
11/05/2000,PDX,OR,ANM,WE,Combined TRACON& Tower with Radar,342,238,43,11,634,24,0,14,0,38,366,238,57,11,672,2,5,7,679
11/06/2000,PDX,OR,ANM,WE,Combined TRACON& Tower with Radar,409,298,52,17,776,0,38,29,6,73,409,336,81,23,849,2,5,7,856
11/07/2000,PDX,OR,ANM,WE,Combined TRACON& Tower with Radar,413,314,55,18,800,0,51,32,17,100,413,365,87,35,900,2,3,5,905
11/08/2000,PDX,OR,ANM,WE,Combined TRACON& Tower with Radar,439,328,58,18,843,0,46,39,16,101,439,374,97,34,944,2,0,2,946
11/09/2000,PDX,OR,ANM,WE,Combined TRACON& Tower with Radar,436,333,58,19,846,0,44,62,4,110,436,377,120,23,956,0,0,0,956
11/10/2000,PDX,OR,ANM,WE,Combined TRACON& Tower with Radar,435,311,55,1,802,12,50,59,0,121,447,361,114,1,923,2,2,4,927
11/11/2000,PDX,OR,ANM,WE,Combined TRACON& Tower with Radar,343,239,43,13,638,37,0,35,0,72,380,239,78,13,710,0,3,3,713
11/12/2000,PDX,OR,ANM,WE,Combined TRACON& Tower with Radar,334,219,42,3,598,37,0,33,0,70,371,219,75,3,668,101,2,103,771
11/13/2000,PDX,OR,ANM,WE,Combined TRACON& Tower with Radar,392,282,48,12,734,28,33,36,0,97,420,315,84,12,831,2,4,6,837
11/14/2000,PDX,OR,ANM,WE,Combined TRACON& Tower with Radar,427,318,55,19,819,0,59,61,12,132,427,377,116,31,951,4,6,10,961
11/15/2000,PDX,OR,ANM,WE,Combined TRACON& Tower with Radar,433,329,57,20,839,0,49,51,18,118,433,378,108,38,957,2,4,6,963
11/16/2000,PDX,OR,ANM,WE,Combined TRACON& Tower with Radar,447,325,57,19,848,0,43,63,5,111,447,368,120,24,959,0,2,2,961
11/17/2000,PDX,OR,ANM,WE,Combined TRACON& Tower with Radar,392,285,49,17,743,0,30,46,11,87,392,315,95,28,830,0,0,0,830
11/18/2000,PDX,OR,ANM,WE,Combined TRACON& Tower with Radar,348,244,43,12,647,39,0,6,0,45,387,244,49,12,692,4,1,5,697
11/19/2000,PDX,OR,ANM,WE,Combined TRACON& Tower with Radar,347,226,43,15,631,43,0,13,3,59,390,226,56,18,690,2,2,4,694
11/20/2000,PDX,OR,ANM,WE,Combined TRACON& Tower with Radar,389,277,48,17,731,12,54,19,5,90,401,331,67,22,821,121,0,121,942
11/21/2000,PDX,OR,ANM,WE,Combined TRACON& Tower with Radar,441,326,56,19,842,0,61,41,8,110,441,387,97,27,952,0,0,0,952
11/22/2000,PDX,OR,ANM,WE,Combined TRACON& Tower with Radar,457,327,56,17,857,2,62,58,0,122,459,389,114,17,979,6,1,7,986
11/23/2000,PDX,OR,ANM,WE,Combined TRACON& Tower with Radar,296,202,31,1,530,33,0,0,0,33,329,202,31,1,563,2,0,2,565
11/24/2000,PDX,OR,ANM,WE,Combined TRACON& Tower with Radar,319,229,23,2,573,0,31,0,0,31,319,260,23,2,604,2,0,2,606
11/25/2000,PDX,OR,ANM,WE,Combined TRACON& Tower with Radar,329,236,34,6,605,25,7,0,0,32,354,243,34,6,637,0,0,0,637
11/26/2000,PDX,OR,ANM,WE,Combined TRACON& Tower with Radar,322,218,39,1,580,39,0,62,0,101,361,218,101,1,681,0,0,0,681
11/27/2000,PDX,OR,ANM,WE,Combined TRACON& Tower with Radar,419,311,54,0,784,0,28,36,0,64,419,339,90,0,848,16,10,26,874
11/28/2000,PDX,OR,ANM,WE,Combined TRACON& Tower with Radar,451,328,57,14,850,0,43,56,0,99,451,371,113,14,949,0,5,5,954
11/29/2000,PDX,OR,ANM,WE,Combined TRACON& Tower with Radar,440,329,57,19,845,0,44,20,22,86,440,373,77,41,931,2,3,5,936
11/30/2000,PDX,OR,ANM,WE,Combined TRACON& Tower with Radar,440,327,57,18,842,0,51,36,10,97,440,378,93,28,939,0,10,10,949
12/01/2000,PDX,OR,ANM,WE,Combined TRACON& Tower with Radar,449,342,50,19,860,0,20,37,15,72,449,362,87,34,932,6,0,6,938
12/02/2000,PDX,OR,ANM,WE,Combined TRACON& Tower with Radar,363,245,37,1,646,25,0,3,0,28,388,245,40,1,674,0,0,0,674
12/03/2000,PDX,OR,ANM,WE,Combined TRACON& Tower with Radar,344,219,35,6,604,37,0,16,0,53,381,219,51,6,657,2,0,2,659
12/04/2000,PDX,OR,ANM,WE,Combined TRACON& Tower with Radar,375,272,40,15,702,0,63,61,5,129,375,335,101,20,831,85,0,85,916
12/05/2000,PDX,OR,ANM,WE,Combined TRACON& Tower with Radar,415,300,44,16,775,0,57,56,3,116,415,357,100,19,891,2,2,4,895
12/06/2000,PDX,OR,ANM,WE,Combined TRACON& Tower with Radar,438,304,44,16,802,0,30,48,9,87,438,334,92,25,889,2,0,2,891
12/07/2000,PDX,OR,ANM,WE,Combined TRACON& Tower with Radar,483,334,48,7,872,8,27,48,0,83,491,361,96,7,955,4,2,6,961
12/08/2000,PDX,OR,ANM,WE,Combined TRACON& Tower with Radar,437,331,48,1,817,0,26,49,0,75,437,357,97,1,892,0,0,0,892
12/09/2000,PDX,OR,ANM,WE,Combined TRACON& Tower with Radar,384,259,36,15,694,4,0,0,20,24,388,259,36,35,718,0,0,0,718
12/10/2000,PDX,OR,ANM,WE,Combined TRACON& Tower with Radar,340,216,31,14,601,32,0,0,0,32,372,216,31,14,633,50,0,50,683
12/11/2000,PDX,OR,ANM,WE,Combined TRACON& Tower with Radar,379,277,39,4,699,0,69,27,0,96,379,346,66,4,795,0,1,1,796
12/12/2000,PDX,OR,ANM,WE,Combined TRACON& Tower with Radar,423,329,47,19,818,0,42,45,20,107,423,371,92,39,925,0,1,1,926
12/13/2000,PDX,OR,ANM,WE,Combined TRACON& Tower with Radar,413,288,41,10,752,0,5,14,0,19,413,293,55,10,771,0,2,2,773
12/14/2000,PDX,OR,ANM,WE,Combined TRACON& Tower with Radar,432,304,44,13,793,0,17,24,0,41,432,321,68,13,834,4,0,4,838
12/15/2000,PDX,OR,ANM,WE,Combined TRACON& Tower with Radar,487,349,50,20,906,0,50,39,18,107,487,399,89,38,1013,2,0,2,1015
12/16/2000,PDX,OR,ANM,WE,Combined TRACON& Tower with Radar,354,241,35,3,633,41,0,0,0,41,395,241,35,3,674,0,1,1,675
12/17/2000,PDX,OR,ANM,WE,Combined TRACON& Tower with Radar,340,207,33,1,581,64,0,22,0,86,404,207,55,1,667,0,2,2,669
12/18/2000,PDX,OR,ANM,WE,Combined TRACON& Tower with Radar,0,0,0,0,0,0,0,0,0,0,0,0,0,0,0,0,0,0,0
12/19/2000,PDX,OR,ANM,WE,Combined TRACON& Tower with Radar,447,350,50,20,867,0,38,48,17,103,447,388,98,37,970,0,8,8,978
12/20/2000,PDX,OR,ANM,WE,Combined TRACON& Tower with Radar,468,331,48,19,866,0,57,32,4,93,468,388,80,23,959,0,0,0,959
12/21/2000,PDX,OR,ANM,WE,Combined TRACON& Tower with Radar,466,322,46,13,847,0,56,28,0,84,466,378,74,13,931,4,6,10,941
12/22/2000,PDX,OR,ANM,WE,Combined TRACON& Tower with Radar,487,351,50,16,904,0,59,15,0,74,487,410,65,16,978,3,1,4,982
12/23/2000,PDX,OR,ANM,WE,Combined TRACON& Tower with Radar,398,274,20,0,692,25,25,0,0,50,423,299,20,0,742,1,0,1,743
12/24/2000,PDX,OR,ANM,WE,Combined TRACON& Tower with Radar,335,214,31,0,580,42,0,0,0,42,377,214,31,0,622,0,0,0,622
12/25/2000,PDX,OR,ANM,WE,Combined TRACON& Tower with Radar,286,196,28,2,512,26,2,4,0,32,312,198,32,2,544,0,0,0,544
12/26/2000,PDX,OR,ANM,WE,Combined TRACON& Tower with Radar,381,262,37,8,688,4,57,35,0,96,385,319,72,8,784,0,4,4,788
12/27/2000,PDX,OR,ANM,WE,Combined TRACON& Tower with Radar,441,314,44,17,816,0,11,1,3,15,441,325,45,20,831,0,0,0,831
12/28/2000,PDX,OR,ANM,WE,Combined TRACON& Tower with Radar,423,294,42,16,775,0,44,32,13,89,423,338,74,29,864,0,0,0,864
12/29/2000,PDX,OR,ANM,WE,Combined TRACON& Tower with Radar,460,321,46,17,844,0,33,15,2,50,460,354,61,19,894,0,0,0,894
12/30/2000,PDX,OR,ANM,WE,Combined TRACON& Tower with Radar,363,247,36,4,650,21,0,37,0,58,384,247,73,4,708,2,5,7,715
12/31/2000,PDX,OR,ANM,WE,Combined TRACON& Tower with Radar,306,190,30,2,528,36,0,6,0,42,342,190,36,2,570,0,0,0,570
01/01/2001,PDX,OR,ANM,WE,Combined TRACON& Tower with Radar,311,196,37,1,545,42,0,2,0,44,353,196,39,1,589,0,0,0,589
01/02/2001,PDX,OR,ANM,WE,Combined TRACON& Tower with Radar,337,272,46,17,672,0,87,62,21,170,337,359,108,38,842,11,4,15,857
01/03/2001,PDX,OR,ANM,WE,Combined TRACON& Tower with Radar,450,319,54,20,843,0,60,7,14,81,450,379,61,34,924,8,2,10,934
01/04/2001,PDX,OR,ANM,WE,Combined TRACON& Tower with Radar,452,326,48,21,847,0,2,0,12,14,452,328,48,33,861,2,4,6,867
01/05/2001,PDX,OR,ANM,WE,Combined TRACON& Tower with Radar,435,323,53,21,832,0,53,41,7,101,435,376,94,28,933,2,4,6,939
01/06/2001,PDX,OR,ANM,WE,Combined TRACON& Tower with Radar,358,253,42,6,659,31,0,30,0,61,389,253,72,6,720,6,2,8,728
01/07/2001,PDX,OR,ANM,WE,Combined TRACON& Tower with Radar,335,215,28,0,578,44,0,0,0,44,379,215,28,0,622,0,0,0,622
01/08/2001,PDX,OR,ANM,WE,Combined TRACON& Tower with Radar,461,327,53,15,856,12,13,0,0,25,473,340,53,15,881,8,6,14,895
01/09/2001,PDX,OR,ANM,WE,Combined TRACON& Tower with Radar,413,305,50,21,789,0,59,48,9,116,413,364,98,30,905,0,1,1,906
01/10/2001,PDX,OR,ANM,WE,Combined TRACON& Tower with Radar,407,302,50,20,779,0,60,42,2,104,407,362,92,22,883,0,10,10,893
01/11/2001,PDX,OR,ANM,WE,Combined TRACON& Tower with Radar,413,317,51,21,802,0,13,10,26,49,413,330,61,47,851,2,8,10,861
01/12/2001,PDX,OR,ANM,WE,Combined TRACON& Tower with Radar,407,314,51,21,793,0,27,34,9,70,407,341,85,30,863,8,2,10,873
01/13/2001,PDX,OR,ANM,WE,Combined TRACON& Tower with Radar,324,214,30,6,574,57,0,0,0,57,381,214,30,6,631,0,1,1,632
01/14/2001,PDX,OR,ANM,WE,Combined TRACON& Tower with Radar,328,218,24,5,575,46,0,0,0,46,374,218,24,5,621,2,0,2,623
01/15/2001,PDX,OR,ANM,WE,Combined TRACON& Tower with Radar,376,267,43,3,689,16,9,44,0,69,392,276,87,3,758,3,0,3,761
01/16/2001,PDX,OR,ANM,WE,Combined TRACON& Tower with Radar,405,287,47,19,758,20,41,31,3,95,425,328,78,22,853,0,0,0,853
01/17/2001,PDX,OR,ANM,WE,Combined TRACON& Tower with Radar,446,322,52,22,842,0,47,49,12,108,446,369,101,34,950,0,2,2,952
01/18/2001,PDX,OR,ANM,WE,Combined TRACON& Tower with Radar,426,317,52,21,816,0,39,49,24,112,426,356,101,45,928,0,6,6,934
01/19/2001,PDX,OR,ANM,WE,Combined TRACON& Tower with Radar,411,312,51,0,774,0,43,51,0,94,411,355,102,0,868,16,2,18,886
01/20/2001,PDX,OR,ANM,WE,Combined TRACON& Tower with Radar,349,234,40,17,640,25,0,16,9,50,374,234,56,26,690,0,0,0,690
01/21/2001,PDX,OR,ANM,WE,Combined TRACON& Tower with Radar,322,212,24,15,573,20,0,0,8,28,342,212,24,23,601,14,0,14,615
01/22/2001,PDX,OR,ANM,WE,Combined TRACON& Tower with Radar,403,276,47,13,739,1,0,13,0,14,404,276,60,13,753,89,4,93,846
01/23/2001,PDX,OR,ANM,WE,Combined TRACON& Tower with Radar,431,304,49,21,805,10,52,63,9,134,441,356,112,30,939,4,11,15,954
01/24/2001,PDX,OR,ANM,WE,Combined TRACON& Tower with Radar,417,331,55,22,825,0,66,44,13,123,417,397,99,35,948,0,22,22,970
01/25/2001,PDX,OR,ANM,WE,Combined TRACON& Tower with Radar,427,325,53,21,826,0,48,116,8,172,427,373,169,29,998,2,2,4,1002
01/26/2001,PDX,OR,ANM,WE,Combined TRACON& Tower with Radar,410,300,49,19,778,0,52,74,0,126,410,352,123,19,904,2,0,2,906
01/27/2001,PDX,OR,ANM,WE,Combined TRACON& Tower with Radar,344,243,39,7,633,21,0,53,0,74,365,243,92,7,707,0,2,2,709
01/28/2001,PDX,OR,ANM,WE,Combined TRACON& Tower with Radar,326,214,37,0,577,41,0,35,0,76,367,214,72,0,653,0,0,0,653
01/29/2001,PDX,OR,ANM,WE,Combined TRACON& Tower with Radar,385,285,46,18,734,0,47,27,15,89,385,332,73,33,823,0,1,1,824
01/30/2001,PDX,OR,ANM,WE,Combined TRACON& Tower with Radar,416,308,50,20,794,0,23,40,23,86,416,331,90,43,880,4,2,6,886
01/31/2001,PDX,OR,ANM,WE,Combined TRACON& Tower with Radar,424,308,50,20,802,0,41,42,10,93,424,349,92,30,895,3,0,3,898
02/01/2001,PDX,OR,ANM,WE,Combined TRACON& Tower with Radar,413,321,52,24,810,0,8,28,2,38,413,329,80,26,848,4,0,4,852
02/02/2001,PDX,OR,ANM,WE,Combined TRACON& Tower with Radar,409,320,52,23,804,0,39,42,9,90,409,359,94,32,894,4,2,6,900
02/03/2001,PDX,OR,ANM,WE,Combined TRACON& Tower with Radar,324,235,38,2,599,37,1,6,0,44,361,236,44,2,643,0,0,0,643
02/04/2001,PDX,OR,ANM,WE,Combined TRACON& Tower with Radar,309,213,29,8,559,40,0,0,0,40,349,213,29,8,599,24,0,24,623
02/05/2001,PDX,OR,ANM,WE,Combined TRACON& Tower with Radar,393,284,46,21,744,2,46,25,10,83,395,330,71,31,827,2,4,6,833
02/06/2001,PDX,OR,ANM,WE,Combined TRACON& Tower with Radar,424,324,53,24,825,0,47,52,21,120,424,371,105,45,945,0,2,2,947
02/07/2001,PDX,OR,ANM,WE,Combined TRACON& Tower with Radar,419,320,52,23,814,0,61,76,19,156,419,381,128,42,970,4,0,4,974
02/08/2001,PDX,OR,ANM,WE,Combined TRACON& Tower with Radar,409,320,52,23,804,0,30,17,0,47,409,350,69,23,851,6,0,6,857
02/09/2001,PDX,OR,ANM,WE,Combined TRACON& Tower with Radar,410,307,49,23,789,0,59,40,5,104,410,366,89,28,893,2,2,4,897
02/10/2001,PDX,OR,ANM,WE,Combined TRACON& Tower with Radar,347,252,40,19,658,16,5,0,7,28,363,257,40,26,686,0,1,1,687
02/11/2001,PDX,OR,ANM,WE,Combined TRACON& Tower with Radar,322,215,37,18,592,39,0,4,0,43,361,215,41,18,635,2,0,2,637
02/12/2001,PDX,OR,ANM,WE,Combined TRACON& Tower with Radar,391,283,45,12,731,2,16,0,0,18,393,299,45,12,749,10,4,14,763
02/13/2001,PDX,OR,ANM,WE,Combined TRACON& Tower with Radar,429,315,50,24,818,0,58,70,18,146,429,373,120,42,964,6,12,18,982
02/14/2001,PDX,OR,ANM,WE,Combined TRACON& Tower with Radar,402,313,50,24,789,0,53,66,21,140,402,366,116,45,929,0,0,0,929
02/15/2001,PDX,OR,ANM,WE,Combined TRACON& Tower with Radar,433,326,52,25,836,0,5,13,10,28,433,331,65,35,864,10,0,10,874
02/16/2001,PDX,OR,ANM,WE,Combined TRACON& Tower with Radar,424,312,49,24,809,0,52,17,11,80,424,364,66,35,889,1,2,3,892
02/17/2001,PDX,OR,ANM,WE,Combined TRACON& Tower with Radar,297,213,34,4,548,25,15,3,0,43,322,228,37,4,591,0,2,2,593
02/18/2001,PDX,OR,ANM,WE,Combined TRACON& Tower with Radar,305,206,18,0,529,48,0,0,0,48,353,206,18,0,577,4,2,6,583
02/19/2001,PDX,OR,ANM,WE,Combined TRACON& Tower with Radar,448,322,51,9,830,65,0,32,0,97,513,322,83,9,927,10,4,14,941
02/20/2001,PDX,OR,ANM,WE,Combined TRACON& Tower with Radar,435,313,50,22,820,1,47,46,0,94,436,360,96,22,914,4,3,7,921
02/21/2001,PDX,OR,ANM,WE,Combined TRACON& Tower with Radar,421,312,50,24,807,0,41,19,14,74,421,353,69,38,881,0,0,0,881
02/22/2001,PDX,OR,ANM,WE,Combined TRACON& Tower with Radar,392,303,49,23,767,0,3,28,11,42,392,306,77,34,809,0,0,0,809
02/23/2001,PDX,OR,ANM,WE,Combined TRACON& Tower with Radar,423,324,51,25,823,0,19,60,20,99,423,343,111,45,922,0,2,2,924
02/24/2001,PDX,OR,ANM,WE,Combined TRACON& Tower with Radar,329,238,38,5,610,15,19,48,0,82,344,257,86,5,692,2,0,2,694
02/25/2001,PDX,OR,ANM,WE,Combined TRACON& Tower with Radar,329,228,37,12,606,21,0,3,0,24,350,228,40,12,630,0,2,2,632
02/26/2001,PDX,OR,ANM,WE,Combined TRACON& Tower with Radar,400,290,47,21,758,0,46,54,5,105,400,336,101,26,863,12,10,22,885
02/27/2001,PDX,OR,ANM,WE,Combined TRACON& Tower with Radar,419,306,48,22,795,0,44,94,21,159,419,350,142,43,954,2,5,7,961
02/28/2001,PDX,OR,ANM,WE,Combined TRACON& Tower with Radar,424,306,49,22,801,0,42,96,5,143,424,348,145,27,944,1,3,4,948
03/01/2001,PDX,OR,ANM,WE,Combined TRACON& Tower with Radar,414,329,58,24,825,0,25,16,7,48,414,354,74,31,873,1,2,3,876
03/02/2001,PDX,OR,ANM,WE,Combined TRACON& Tower with Radar,427,330,59,24,840,0,59,8,11,78,427,389,67,35,918,1,3,4,922
03/03/2001,PDX,OR,ANM,WE,Combined TRACON& Tower with Radar,351,266,48,5,670,30,12,2,0,44,381,278,50,5,714,2,0,2,716
03/04/2001,PDX,OR,ANM,WE,Combined TRACON& Tower with Radar,303,217,41,11,572,40,0,0,0,40,343,217,41,11,612,0,0,0,612
03/05/2001,PDX,OR,ANM,WE,Combined TRACON& Tower with Radar,389,295,53,18,755,1,23,10,0,34,390,318,63,18,789,24,4,28,817
03/06/2001,PDX,OR,ANM,WE,Combined TRACON& Tower with Radar,414,325,58,24,821,0,76,100,18,194,414,401,158,42,1015,2,2,4,1019
03/07/2001,PDX,OR,ANM,WE,Combined TRACON& Tower with Radar,418,326,58,24,826,0,67,63,18,148,418,393,121,42,974,2,2,4,978
03/08/2001,PDX,OR,ANM,WE,Combined TRACON& Tower with Radar,423,332,59,24,838,0,27,14,27,68,423,359,73,51,906,2,7,9,915
03/09/2001,PDX,OR,ANM,WE,Combined TRACON& Tower with Radar,416,339,60,25,840,0,36,39,22,97,416,375,99,47,937,0,0,0,937
03/10/2001,PDX,OR,ANM,WE,Combined TRACON& Tower with Radar,337,247,44,20,648,20,0,28,1,49,357,247,72,21,697,2,0,2,699
03/11/2001,PDX,OR,ANM,WE,Combined TRACON& Tower with Radar,339,239,45,20,643,19,0,10,0,29,358,239,55,20,672,2,2,4,676
03/12/2001,PDX,OR,ANM,WE,Combined TRACON& Tower with Radar,381,293,51,22,747,0,52,48,9,109,381,345,99,31,856,6,4,10,866
03/13/2001,PDX,OR,ANM,WE,Combined TRACON& Tower with Radar,411,329,58,25,823,0,38,67,12,117,411,367,125,37,940,4,0,4,944
03/14/2001,PDX,OR,ANM,WE,Combined TRACON& Tower with Radar,425,350,61,27,863,0,48,134,13,195,425,398,195,40,1058,10,2,12,1070
03/15/2001,PDX,OR,ANM,WE,Combined TRACON& Tower with Radar,386,321,57,24,788,0,2,34,7,43,386,323,91,31,831,6,5,11,842
03/16/2001,PDX,OR,ANM,WE,Combined TRACON& Tower with Radar,427,335,59,23,844,0,36,63,0,99,427,371,122,23,943,6,4,10,953
03/17/2001,PDX,OR,ANM,WE,Combined TRACON& Tower with Radar,348,252,46,4,650,38,0,2,0,40,386,252,48,4,690,2,0,2,692
03/18/2001,PDX,OR,ANM,WE,Combined TRACON& Tower with Radar,312,205,41,2,560,52,0,9,0,61,364,205,50,2,621,2,0,2,623
03/19/2001,PDX,OR,ANM,WE,Combined TRACON& Tower with Radar,389,295,52,22,758,2,5,11,2,20,391,300,63,24,778,5,0,5,783
03/20/2001,PDX,OR,ANM,WE,Combined TRACON& Tower with Radar,401,304,53,23,781,0,77,64,13,154,401,381,117,36,935,99,1,100,1035
03/21/2001,PDX,OR,ANM,WE,Combined TRACON& Tower with Radar,418,318,56,24,816,0,59,82,9,150,418,377,138,33,966,1,4,5,971
03/22/2001,PDX,OR,ANM,WE,Combined TRACON& Tower with Radar,395,320,57,24,796,0,44,85,29,158,395,364,142,53,954,0,5,5,959
03/23/2001,PDX,OR,ANM,WE,Combined TRACON& Tower with Radar,420,316,56,14,806,6,58,83,0,147,426,374,139,14,953,112,6,118,1071
03/24/2001,PDX,OR,ANM,WE,Combined TRACON& Tower with Radar,337,248,44,5,634,47,0,17,0,64,384,248,61,5,698,0,3,3,701
03/25/2001,PDX,OR,ANM,WE,Combined TRACON& Tower with Radar,311,218,38,5,572,50,0,0,0,50,361,218,38,5,622,0,3,3,625
03/26/2001,PDX,OR,ANM,WE,Combined TRACON& Tower with Radar,385,289,51,22,747,2,44,42,15,103,387,333,93,37,850,0,3,3,853
03/27/2001,PDX,OR,ANM,WE,Combined TRACON& Tower with Radar,411,327,57,25,820,0,41,2,8,51,411,368,59,33,871,2,2,4,875
03/28/2001,PDX,OR,ANM,WE,Combined TRACON& Tower with Radar,416,319,56,22,813,0,54,5,0,59,416,373,61,22,872,2,0,2,874
03/29/2001,PDX,OR,ANM,WE,Combined TRACON& Tower with Radar,417,329,58,24,828,0,40,34,20,94,417,369,92,44,922,1,3,4,926
03/30/2001,PDX,OR,ANM,WE,Combined TRACON& Tower with Radar,422,326,57,24,829,0,62,39,8,109,422,388,96,32,938,0,1,1,939
03/31/2001,PDX,OR,ANM,WE,Combined TRACON& Tower with Radar,335,253,44,11,643,30,1,3,0,34,365,254,47,11,677,1,0,1,678
04/01/2001,PDX,OR,ANM,WE,Combined TRACON& Tower with Radar,313,219,35,0,567,47,0,11,0,58,360,219,46,0,625,2,0,2,627
04/02/2001,PDX,OR,ANM,WE,Combined TRACON& Tower with Radar,392,297,45,21,755,0,27,36,31,94,392,324,81,52,849,0,0,0,849
04/03/2001,PDX,OR,ANM,WE,Combined TRACON& Tower with Radar,426,322,48,23,819,0,52,29,10,91,426,374,77,33,910,5,0,5,915
04/04/2001,PDX,OR,ANM,WE,Combined TRACON& Tower with Radar,418,315,47,23,803,2,73,58,14,147,420,388,105,37,950,6,2,8,958
04/05/2001,PDX,OR,ANM,WE,Combined TRACON& Tower with Radar,415,326,49,23,813,0,31,51,21,103,415,357,100,44,916,16,0,16,932
04/06/2001,PDX,OR,ANM,WE,Combined TRACON& Tower with Radar,394,316,47,23,780,0,22,3,7,32,394,338,50,30,812,6,6,12,824
04/07/2001,PDX,OR,ANM,WE,Combined TRACON& Tower with Radar,329,245,35,6,615,35,0,0,0,35,364,245,35,6,650,0,0,0,650
04/08/2001,PDX,OR,ANM,WE,Combined TRACON& Tower with Radar,319,228,36,0,583,45,0,0,0,45,364,228,36,0,628,0,2,2,630
04/09/2001,PDX,OR,ANM,WE,Combined TRACON& Tower with Radar,389,304,45,22,760,0,33,67,3,103,389,337,112,25,863,0,1,1,864
04/10/2001,PDX,OR,ANM,WE,Combined TRACON& Tower with Radar,413,332,50,24,819,0,25,23,7,55,413,357,73,31,874,0,0,0,874
04/11/2001,PDX,OR,ANM,WE,Combined TRACON& Tower with Radar,391,310,46,22,769,0,45,69,2,116,391,355,115,24,885,0,0,0,885
04/12/2001,PDX,OR,ANM,WE,Combined TRACON& Tower with Radar,420,336,50,24,830,0,23,51,22,96,420,359,101,46,926,0,0,0,926
04/13/2001,PDX,OR,ANM,WE,Combined TRACON& Tower with Radar,412,322,48,23,805,0,46,55,0,101,412,368,103,23,906,68,0,68,974
04/14/2001,PDX,OR,ANM,WE,Combined TRACON& Tower with Radar,273,205,31,10,519,2,24,32,0,58,275,229,63,10,577,0,1,1,578
04/15/2001,PDX,OR,ANM,WE,Combined TRACON& Tower with Radar,311,222,34,3,570,44,0,27,0,71,355,222,61,3,641,2,2,4,645
04/16/2001,PDX,OR,ANM,WE,Combined TRACON& Tower with Radar,387,284,42,22,735,3,0,5,5,13,390,284,47,27,748,0,0,0,748
04/17/2001,PDX,OR,ANM,WE,Combined TRACON& Tower with Radar,431,330,48,25,834,0,42,50,19,111,431,372,98,44,945,2,3,5,950
04/18/2001,PDX,OR,ANM,WE,Combined TRACON& Tower with Radar,421,324,48,23,816,0,49,47,0,96,421,373,95,23,912,0,0,0,912
04/19/2001,PDX,OR,ANM,WE,Combined TRACON& Tower with Radar,428,328,48,25,829,0,42,34,12,88,428,370,82,37,917,0,1,1,918
04/20/2001,PDX,OR,ANM,WE,Combined TRACON& Tower with Radar,411,321,47,24,803,0,40,28,9,77,411,361,75,33,880,113,0,113,993
04/21/2001,PDX,OR,ANM,WE,Combined TRACON& Tower with Radar,326,243,36,18,623,1,6,31,14,52,327,249,67,32,675,0,0,0,675
04/22/2001,PDX,OR,ANM,WE,Combined TRACON& Tower with Radar,298,211,29,13,551,28,0,0,0,28,326,211,29,13,579,1,0,1,580
04/23/2001,PDX,OR,ANM,WE,Combined TRACON& Tower with Radar,375,285,42,22,724,0,36,62,2,100,375,321,104,24,824,4,1,5,829
04/24/2001,PDX,OR,ANM,WE,Combined TRACON& Tower with Radar,422,316,46,24,808,9,39,63,10,121,431,355,109,34,929,0,0,0,929
04/25/2001,PDX,OR,ANM,WE,Combined TRACON& Tower with Radar,423,338,50,25,836,0,55,81,17,153,423,393,131,42,989,3,0,3,992
04/26/2001,PDX,OR,ANM,WE,Combined TRACON& Tower with Radar,424,324,48,24,820,0,46,62,27,135,424,370,110,51,955,2,11,13,968
04/27/2001,PDX,OR,ANM,WE,Combined TRACON& Tower with Radar,420,321,48,24,813,0,0,26,2,28,420,321,74,26,841,6,16,22,863
04/28/2001,PDX,OR,ANM,WE,Combined TRACON& Tower with Radar,250,187,28,5,470,17,5,0,0,22,267,192,28,5,492,2,0,2,494
04/29/2001,PDX,OR,ANM,WE,Combined TRACON& Tower with Radar,324,232,35,10,601,37,0,0,0,37,361,232,35,10,638,0,2,2,640
04/30/2001,PDX,OR,ANM,WE,Combined TRACON& Tower with Radar,380,285,42,18,725,0,40,15,0,55,380,325,57,18,780,6,2,8,788
05/01/2001,PDX,OR,ANM,WE,Combined TRACON& Tower with Radar,409,311,48,23,791,0,13,3,11,27,409,324,51,34,818,2,4,6,824
05/02/2001,PDX,OR,ANM,WE,Combined TRACON& Tower with Radar,423,323,50,24,820,0,48,48,8,104,423,371,98,32,924,2,1,3,927
05/03/2001,PDX,OR,ANM,WE,Combined TRACON& Tower with Radar,431,320,50,24,825,0,56,101,7,164,431,376,151,31,989,2,0,2,991
05/04/2001,PDX,OR,ANM,WE,Combined TRACON& Tower with Radar,430,324,50,24,828,0,45,82,1,128,430,369,132,25,956,0,0,0,956
05/05/2001,PDX,OR,ANM,WE,Combined TRACON& Tower with Radar,342,250,40,9,641,33,8,28,0,69,375,258,68,9,710,0,6,6,716
05/06/2001,PDX,OR,ANM,WE,Combined TRACON& Tower with Radar,335,216,39,12,602,43,0,83,0,126,378,216,122,12,728,6,2,8,736
05/07/2001,PDX,OR,ANM,WE,Combined TRACON& Tower with Radar,370,271,42,20,703,2,38,68,23,131,372,309,110,43,834,8,4,12,846
05/08/2001,PDX,OR,ANM,WE,Combined TRACON& Tower with Radar,423,319,49,24,815,0,59,82,10,151,423,378,131,34,966,8,4,12,978
05/09/2001,PDX,OR,ANM,WE,Combined TRACON& Tower with Radar,432,322,50,24,828,0,49,76,6,131,432,371,126,30,959,13,4,17,976
05/10/2001,PDX,OR,ANM,WE,Combined TRACON& Tower with Radar,428,336,51,26,841,0,52,70,20,142,428,388,121,46,983,6,2,8,991
05/11/2001,PDX,OR,ANM,WE,Combined TRACON& Tower with Radar,414,303,46,23,786,6,67,84,1,158,420,370,130,24,944,2,4,6,950
05/12/2001,PDX,OR,ANM,WE,Combined TRACON& Tower with Radar,333,244,37,19,633,10,4,56,0,70,343,248,93,19,703,4,0,4,707
05/13/2001,PDX,OR,ANM,WE,Combined TRACON& Tower with Radar,303,207,34,7,551,46,0,51,0,97,349,207,85,7,648,2,0,2,650
05/14/2001,PDX,OR,ANM,WE,Combined TRACON& Tower with Radar,372,297,45,23,737,0,31,14,7,52,372,328,59,30,789,0,4,4,793
05/15/2001,PDX,OR,ANM,WE,Combined TRACON& Tower with Radar,407,314,49,24,794,0,27,8,6,41,407,341,57,30,835,6,0,6,841
05/16/2001,PDX,OR,ANM,WE,Combined TRACON& Tower with Radar,444,325,50,0,819,0,31,61,0,92,444,356,111,0,911,0,10,10,921
05/17/2001,PDX,OR,ANM,WE,Combined TRACON& Tower with Radar,418,324,49,24,815,0,48,99,0,147,418,372,148,24,962,10,6,16,978
05/18/2001,PDX,OR,ANM,WE,Combined TRACON& Tower with Radar,416,322,49,25,812,0,44,87,22,153,416,366,136,47,965,10,6,16,981
05/19/2001,PDX,OR,ANM,WE,Combined TRACON& Tower with Radar,354,253,40,20,667,0,0,44,37,81,354,253,84,57,748,2,4,6,754
05/20/2001,PDX,OR,ANM,WE,Combined TRACON& Tower with Radar,342,245,38,19,644,24,0,61,0,85,366,245,99,19,729,4,4,8,737
05/21/2001,PDX,OR,ANM,WE,Combined TRACON& Tower with Radar,389,283,43,22,737,7,45,76,10,138,396,328,119,32,875,1,0,1,876
05/22/2001,PDX,OR,ANM,WE,Combined TRACON& Tower with Radar,422,306,47,24,799,4,31,67,14,116,426,337,114,38,915,6,0,6,921
05/23/2001,PDX,OR,ANM,WE,Combined TRACON& Tower with Radar,420,319,49,25,813,0,51,86,16,153,420,370,135,41,966,0,6,6,972
05/24/2001,PDX,OR,ANM,WE,Combined TRACON& Tower with Radar,415,308,47,24,794,0,60,55,1,116,415,368,102,25,910,3,2,5,915
05/25/2001,PDX,OR,ANM,WE,Combined TRACON& Tower with Radar,413,301,46,19,779,6,64,74,0,144,419,365,120,19,923,130,0,130,1053
05/26/2001,PDX,OR,ANM,WE,Combined TRACON& Tower with Radar,305,223,34,4,566,40,11,21,0,72,345,234,55,4,638,1,2,3,641
05/27/2001,PDX,OR,ANM,WE,Combined TRACON& Tower with Radar,279,193,31,5,508,44,0,36,0,80,323,193,67,5,588,2,2,4,592
05/28/2001,PDX,OR,ANM,WE,Combined TRACON& Tower with Radar,331,232,36,10,609,37,0,19,0,56,368,232,55,10,665,0,2,2,667
05/29/2001,PDX,OR,ANM,WE,Combined TRACON& Tower with Radar,391,288,44,21,744,0,55,71,7,133,391,343,115,28,877,8,0,8,885
05/30/2001,PDX,OR,ANM,WE,Combined TRACON& Tower with Radar,419,312,47,23,801,0,54,72,6,132,419,366,119,29,933,2,2,4,937
05/31/2001,PDX,OR,ANM,WE,Combined TRACON& Tower with Radar,421,312,47,23,803,0,40,88,8,136,421,352,135,31,939,2,1,3,942
06/01/2001,PDX,OR,ANM,WE,Combined TRACON& Tower with Radar,423,311,54,23,811,0,39,32,3,74,423,350,86,26,885,0,0,0,885
06/02/2001,PDX,OR,ANM,WE,Combined TRACON& Tower with Radar,335,243,39,18,635,19,14,0,2,35,354,257,39,20,670,10,0,10,680
06/03/2001,PDX,OR,ANM,WE,Combined TRACON& Tower with Radar,303,209,38,16,566,37,0,9,1,47,340,209,47,17,613,0,0,0,613
06/04/2001,PDX,OR,ANM,WE,Combined TRACON& Tower with Radar,402,297,51,22,772,0,31,53,16,100,402,328,104,38,872,4,12,16,888
06/05/2001,PDX,OR,ANM,WE,Combined TRACON& Tower with Radar,420,324,56,24,824,0,51,33,10,94,420,375,89,34,918,0,0,0,918
06/06/2001,PDX,OR,ANM,WE,Combined TRACON& Tower with Radar,426,317,54,24,821,0,56,48,15,119,426,373,102,39,940,2,0,2,942
06/07/2001,PDX,OR,ANM,WE,Combined TRACON& Tower with Radar,431,323,55,24,833,0,66,75,11,152,431,389,130,35,985,8,2,10,995
06/08/2001,PDX,OR,ANM,WE,Combined TRACON& Tower with Radar,441,319,55,24,839,1,55,70,8,134,442,374,125,32,973,122,4,126,1099
06/09/2001,PDX,OR,ANM,WE,Combined TRACON& Tower with Radar,364,256,46,19,685,24,0,10,15,49,388,256,56,34,734,0,0,0,734
06/10/2001,PDX,OR,ANM,WE,Combined TRACON& Tower with Radar,346,231,44,2,623,28,0,18,0,46,374,231,62,2,669,2,0,2,671
06/11/2001,PDX,OR,ANM,WE,Combined TRACON& Tower with Radar,389,296,51,22,758,0,21,26,7,54,389,317,77,29,812,4,2,6,818
06/12/2001,PDX,OR,ANM,WE,Combined TRACON& Tower with Radar,444,321,55,24,844,16,52,55,7,130,460,373,110,31,974,4,2,6,980
06/13/2001,PDX,OR,ANM,WE,Combined TRACON& Tower with Radar,400,290,49,15,754,10,55,46,0,111,410,345,95,15,865,16,2,18,883
06/14/2001,PDX,OR,ANM,WE,Combined TRACON& Tower with Radar,415,314,53,24,806,0,59,49,7,115,415,373,102,31,921,86,0,86,1007
06/15/2001,PDX,OR,ANM,WE,Combined TRACON& Tower with Radar,439,327,55,19,840,0,47,77,0,124,439,374,132,19,964,4,3,7,971
06/16/2001,PDX,OR,ANM,WE,Combined TRACON& Tower with Radar,377,257,46,15,695,49,0,58,0,107,426,257,104,15,802,3,1,4,806
06/17/2001,PDX,OR,ANM,WE,Combined TRACON& Tower with Radar,350,233,42,18,643,27,0,91,0,118,377,233,133,18,761,0,18,18,779
06/18/2001,PDX,OR,ANM,WE,Combined TRACON& Tower with Radar,424,301,52,24,801,0,0,24,7,31,424,301,76,31,832,0,6,6,838
06/19/2001,PDX,OR,ANM,WE,Combined TRACON& Tower with Radar,419,305,52,24,800,0,48,67,0,115,419,353,119,24,915,0,0,0,915
06/20/2001,PDX,OR,ANM,WE,Combined TRACON& Tower with Radar,438,322,54,25,839,0,59,75,3,137,438,381,129,28,976,0,0,0,976
06/21/2001,PDX,OR,ANM,WE,Combined TRACON& Tower with Radar,435,333,56,26,850,0,39,123,14,176,435,372,179,40,1026,0,4,4,1030
06/22/2001,PDX,OR,ANM,WE,Combined TRACON& Tower with Radar,433,323,54,19,829,0,47,67,0,114,433,370,121,19,943,2,0,2,945
06/23/2001,PDX,OR,ANM,WE,Combined TRACON& Tower with Radar,370,265,45,3,683,37,15,57,0,109,407,280,102,3,792,0,0,0,792
06/24/2001,PDX,OR,ANM,WE,Combined TRACON& Tower with Radar,352,226,43,6,627,26,0,71,0,97,378,226,114,6,724,0,0,0,724
06/25/2001,PDX,OR,ANM,WE,Combined TRACON& Tower with Radar,407,291,49,20,767,4,0,29,0,33,411,291,78,20,800,2,0,2,802
06/26/2001,PDX,OR,ANM,WE,Combined TRACON& Tower with Radar,427,321,54,25,827,0,63,52,3,118,427,384,106,28,945,2,0,2,947
06/27/2001,PDX,OR,ANM,WE,Combined TRACON& Tower with Radar,432,321,54,24,831,0,44,21,8,73,432,365,75,32,904,4,2,6,910
06/28/2001,PDX,OR,ANM,WE,Combined TRACON& Tower with Radar,427,340,58,25,850,0,44,80,18,142,427,384,138,43,992,0,3,3,995
06/29/2001,PDX,OR,ANM,WE,Combined TRACON& Tower with Radar,437,327,56,24,844,0,56,80,3,139,437,383,136,27,983,1,3,4,987
06/30/2001,PDX,OR,ANM,WE,Combined TRACON& Tower with Radar,430,277,52,23,782,57,0,45,4,106,487,277,97,27,888,2,0,2,890
07/01/2001,PDX,OR,ANM,WE,Combined TRACON& Tower with Radar,359,234,44,24,661,23,0,26,26,75,382,234,70,50,736,0,0,0,736
07/02/2001,PDX,OR,ANM,WE,Combined TRACON& Tower with Radar,402,287,49,27,765,26,38,63,10,137,428,325,112,37,902,6,0,6,908
07/03/2001,PDX,OR,ANM,WE,Combined TRACON& Tower with Radar,436,314,54,28,832,0,84,61,0,145,436,398,115,28,977,4,6,10,987
07/04/2001,PDX,OR,ANM,WE,Combined TRACON& Tower with Radar,344,240,42,12,638,50,0,36,0,86,394,240,78,12,724,2,2,4,728
07/05/2001,PDX,OR,ANM,WE,Combined TRACON& Tower with Radar,403,287,50,20,760,26,39,137,0,202,429,326,187,20,962,2,4,6,968
07/06/2001,PDX,OR,ANM,WE,Combined TRACON& Tower with Radar,434,309,54,29,826,117,42,51,14,224,551,351,105,43,1050,4,0,4,1054
07/07/2001,PDX,OR,ANM,WE,Combined TRACON& Tower with Radar,351,249,43,14,657,50,7,23,0,80,401,256,66,14,737,2,1,3,740
07/08/2001,PDX,OR,ANM,WE,Combined TRACON& Tower with Radar,352,234,43,24,653,39,0,39,9,87,391,234,82,33,740,0,0,0,740
07/09/2001,PDX,OR,ANM,WE,Combined TRACON& Tower with Radar,418,301,51,29,799,0,39,66,20,125,418,340,117,49,924,10,6,16,940
07/10/2001,PDX,OR,ANM,WE,Combined TRACON& Tower with Radar,437,337,57,32,863,0,37,85,29,151,437,374,142,61,1014,0,2,2,1016
07/11/2001,PDX,OR,ANM,WE,Combined TRACON& Tower with Radar,456,334,57,32,879,0,46,110,32,188,456,380,167,64,1067,2,8,10,1077
07/12/2001,PDX,OR,ANM,WE,Combined TRACON& Tower with Radar,434,331,56,33,854,0,63,62,23,148,434,394,118,56,1002,10,8,18,1020
07/13/2001,PDX,OR,ANM,WE,Combined TRACON& Tower with Radar,442,327,55,32,856,0,57,79,16,152,442,384,134,48,1008,133,2,135,1143
07/14/2001,PDX,OR,ANM,WE,Combined TRACON& Tower with Radar,374,264,45,11,694,36,0,39,0,75,410,264,84,11,769,10,0,10,779
07/15/2001,PDX,OR,ANM,WE,Combined TRACON& Tower with Radar,383,232,43,0,658,0,0,0,0,0,383,232,43,0,658,0,0,0,658
07/16/2001,PDX,OR,ANM,WE,Combined TRACON& Tower with Radar,411,300,50,30,791,0,32,74,6,112,411,332,124,36,903,8,0,8,911
07/17/2001,PDX,OR,ANM,WE,Combined TRACON& Tower with Radar,435,346,59,34,874,0,51,58,10,119,435,397,117,44,993,0,0,0,993
07/18/2001,PDX,OR,ANM,WE,Combined TRACON& Tower with Radar,446,336,57,33,872,0,33,55,20,108,446,369,112,53,980,2,2,4,984
07/19/2001,PDX,OR,ANM,WE,Combined TRACON& Tower with Radar,446,324,54,32,856,0,35,78,18,131,446,359,132,50,987,4,2,6,993
07/20/2001,PDX,OR,ANM,WE,Combined TRACON& Tower with Radar,433,334,56,33,856,0,40,100,15,155,433,374,156,48,1011,129,0,129,1140
07/21/2001,PDX,OR,ANM,WE,Combined TRACON& Tower with Radar,394,260,47,11,712,28,0,47,0,75,422,260,94,11,787,2,1,3,790
07/22/2001,PDX,OR,ANM,WE,Combined TRACON& Tower with Radar,357,241,43,5,646,45,0,66,0,111,402,241,109,5,757,7,0,7,764
07/23/2001,PDX,OR,ANM,WE,Combined TRACON& Tower with Radar,414,293,49,27,783,1,51,74,0,126,415,344,123,27,909,8,10,18,927
07/24/2001,PDX,OR,ANM,WE,Combined TRACON& Tower with Radar,444,327,56,16,843,0,42,67,0,109,444,369,123,16,952,4,6,10,962
07/25/2001,PDX,OR,ANM,WE,Combined TRACON& Tower with Radar,436,319,54,30,839,0,51,93,0,144,436,370,147,30,983,2,9,11,994
07/26/2001,PDX,OR,ANM,WE,Combined TRACON& Tower with Radar,434,314,53,31,832,0,52,86,4,142,434,366,139,35,974,0,0,0,974
07/27/2001,PDX,OR,ANM,WE,Combined TRACON& Tower with Radar,450,329,56,32,867,0,48,71,4,123,450,377,127,36,990,3,2,5,995
07/28/2001,PDX,OR,ANM,WE,Combined TRACON& Tower with Radar,391,278,46,3,718,30,15,25,0,70,421,293,71,3,788,0,0,0,788
07/29/2001,PDX,OR,ANM,WE,Combined TRACON& Tower with Radar,353,230,42,7,632,31,0,42,0,73,384,230,84,7,705,0,0,0,705
07/30/2001,PDX,OR,ANM,WE,Combined TRACON& Tower with Radar,406,311,52,30,799,0,53,64,16,133,406,364,116,46,932,6,3,9,941
07/31/2001,PDX,OR,ANM,WE,Combined TRACON& Tower with Radar,446,329,55,31,861,0,42,61,21,124,446,371,116,52,985,1,0,1,986
08/01/2001,PDX,OR,ANM,WE,Combined TRACON& Tower with Radar,459,344,64,20,887,0,44,91,36,171,459,388,155,56,1058,2,8,10,1068
08/02/2001,PDX,OR,ANM,WE,Combined TRACON& Tower with Radar,428,332,61,20,841,0,60,51,19,130,428,392,112,39,971,2,0,2,973
08/03/2001,PDX,OR,ANM,WE,Combined TRACON& Tower with Radar,437,323,60,19,839,0,41,65,9,115,437,364,125,28,954,0,0,0,954
08/04/2001,PDX,OR,ANM,WE,Combined TRACON& Tower with Radar,371,259,50,5,685,43,0,41,0,84,414,259,91,5,769,3,0,3,772
08/05/2001,PDX,OR,ANM,WE,Combined TRACON& Tower with Radar,265,175,36,7,483,24,0,35,0,59,289,175,71,7,542,0,0,0,542
08/06/2001,PDX,OR,ANM,WE,Combined TRACON& Tower with Radar,419,291,48,18,776,10,0,0,12,22,429,291,48,30,798,0,0,0,798
08/07/2001,PDX,OR,ANM,WE,Combined TRACON& Tower with Radar,437,331,62,19,849,0,49,60,17,126,437,380,122,36,975,0,0,0,975
08/08/2001,PDX,OR,ANM,WE,Combined TRACON& Tower with Radar,460,337,62,20,879,0,41,77,14,132,460,378,139,34,1011,0,2,2,1013
08/09/2001,PDX,OR,ANM,WE,Combined TRACON& Tower with Radar,439,60,62,20,581,0,0,121,13,134,439,60,183,33,715,4,2,6,721
08/10/2001,PDX,OR,ANM,WE,Combined TRACON& Tower with Radar,443,329,61,19,852,0,97,75,21,193,443,426,136,40,1045,6,0,6,1051
08/11/2001,PDX,OR,ANM,WE,Combined TRACON& Tower with Radar,386,276,52,16,730,28,0,23,12,63,414,276,75,28,793,0,1,1,794
08/12/2001,PDX,OR,ANM,WE,Combined TRACON& Tower with Radar,355,230,37,12,634,44,0,0,0,44,399,230,37,12,678,0,3,3,681
08/13/2001,PDX,OR,ANM,WE,Combined TRACON& Tower with Radar,402,298,55,18,773,0,42,54,12,108,402,340,109,30,881,16,6,22,903
08/14/2001,PDX,OR,ANM,WE,Combined TRACON& Tower with Radar,448,342,62,21,873,0,42,91,3,136,448,384,153,24,1009,0,6,6,1015
08/15/2001,PDX,OR,ANM,WE,Combined TRACON& Tower with Radar,438,331,60,20,849,0,51,54,13,118,438,382,114,33,967,4,0,4,971
08/16/2001,PDX,OR,ANM,WE,Combined TRACON& Tower with Radar,437,338,62,21,858,0,32,74,8,114,437,370,136,29,972,0,2,2,974
08/17/2001,PDX,OR,ANM,WE,Combined TRACON& Tower with Radar,457,332,9,1,799,0,47,0,0,47,457,379,9,1,846,6,0,6,852
08/18/2001,PDX,OR,ANM,WE,Combined TRACON& Tower with Radar,343,243,45,9,640,25,0,75,0,100,368,243,120,9,740,2,2,4,744
08/19/2001,PDX,OR,ANM,WE,Combined TRACON& Tower with Radar,364,244,48,8,664,31,0,8,0,39,395,244,56,8,703,2,0,2,705
08/20/2001,PDX,OR,ANM,WE,Combined TRACON& Tower with Radar,412,298,54,17,781,0,58,90,0,148,412,356,144,17,929,0,0,0,929
08/21/2001,PDX,OR,ANM,WE,Combined TRACON& Tower with Radar,428,314,58,12,812,0,47,33,0,80,428,361,91,12,892,4,10,14,906
08/22/2001,PDX,OR,ANM,WE,Combined TRACON& Tower with Radar,425,330,61,15,831,0,39,55,0,94,425,369,116,15,925,2,0,2,927
08/23/2001,PDX,OR,ANM,WE,Combined TRACON& Tower with Radar,436,334,61,21,852,0,52,38,5,95,436,386,99,26,947,1,0,1,948
08/24/2001,PDX,OR,ANM,WE,Combined TRACON& Tower with Radar,451,347,63,21,882,0,36,103,21,160,451,383,166,42,1042,0,1,1,1043
08/25/2001,PDX,OR,ANM,WE,Combined TRACON& Tower with Radar,368,258,48,6,680,54,0,21,0,75,422,258,69,6,755,0,5,5,760
08/26/2001,PDX,OR,ANM,WE,Combined TRACON& Tower with Radar,365,240,48,4,657,58,0,46,0,104,423,240,94,4,761,2,0,2,763
08/27/2001,PDX,OR,ANM,WE,Combined TRACON& Tower with Radar,420,299,55,19,793,8,0,26,8,42,428,299,81,27,835,6,10,16,851
08/28/2001,PDX,OR,ANM,WE,Combined TRACON& Tower with Radar,444,321,58,20,843,0,47,71,8,126,444,368,129,28,969,1,0,1,970
08/29/2001,PDX,OR,ANM,WE,Combined TRACON& Tower with Radar,437,322,59,20,838,0,51,67,4,122,437,373,126,24,960,0,9,9,969
08/30/2001,PDX,OR,ANM,WE,Combined TRACON& Tower with Radar,431,321,58,20,830,0,48,74,11,133,431,369,132,31,963,4,5,9,972
08/31/2001,PDX,OR,ANM,WE,Combined TRACON& Tower with Radar,434,313,58,11,816,5,71,54,0,130,439,384,112,11,946,17,0,17,963
09/01/2001,PDX,OR,ANM,WE,Combined TRACON& Tower with Radar,331,259,48,5,643,43,11,11,0,65,374,270,59,5,708,1,1,2,710
09/02/2001,PDX,OR,ANM,WE,Combined TRACON& Tower with Radar,291,193,43,20,547,56,0,21,0,77,347,193,64,20,624,0,6,6,630
09/03/2001,PDX,OR,ANM,WE,Combined TRACON& Tower with Radar,325,238,48,10,621,50,0,49,0,99,375,238,97,10,720,0,0,0,720
09/04/2001,PDX,OR,ANM,WE,Combined TRACON& Tower with Radar,394,309,58,27,788,17,27,27,20,91,411,336,85,47,879,2,16,18,897
09/05/2001,PDX,OR,ANM,WE,Combined TRACON& Tower with Radar,431,336,63,30,860,8,42,59,9,118,439,378,122,39,978,10,2,12,990
09/06/2001,PDX,OR,ANM,WE,Combined TRACON& Tower with Radar,417,326,61,29,833,2,32,53,6,93,419,358,114,35,926,0,6,6,932
09/07/2001,PDX,OR,ANM,WE,Combined TRACON& Tower with Radar,416,325,61,29,831,2,39,52,18,111,418,364,113,47,942,1,1,2,944
09/08/2001,PDX,OR,ANM,WE,Combined TRACON& Tower with Radar,336,238,49,11,634,69,0,68,0,137,405,238,117,11,771,0,2,2,773
09/09/2001,PDX,OR,ANM,WE,Combined TRACON& Tower with Radar,328,224,48,22,622,60,0,30,2,92,388,224,78,24,714,18,3,21,735
09/10/2001,PDX,OR,ANM,WE,Combined TRACON& Tower with Radar,405,301,54,28,788,0,0,0,27,27,405,301,54,55,815,80,0,80,895
09/11/2001,PDX,OR,ANM,WE,Combined TRACON& Tower with Radar,63,55,11,4,133,0,0,4,14,18,63,55,15,18,151,3,0,3,154
09/12/2001,PDX,OR,ANM,WE,Combined TRACON& Tower with Radar,2,8,5,2,17,0,0,4,40,44,2,8,9,42,61,6,0,6,67
09/13/2001,PDX,OR,ANM,WE,Combined TRACON& Tower with Radar,31,55,5,4,95,0,61,0,20,81,31,116,5,24,176,1,0,1,177
09/14/2001,PDX,OR,ANM,WE,Combined TRACON& Tower with Radar,212,208,25,12,457,0,113,0,0,113,212,321,25,12,570,0,2,2,572
09/15/2001,PDX,OR,ANM,WE,Combined TRACON& Tower with Radar,262,227,39,21,549,0,40,0,1,41,262,267,39,22,590,0,0,0,590
09/16/2001,PDX,OR,ANM,WE,Combined TRACON& Tower with Radar,227,199,36,18,480,0,8,20,6,34,227,207,56,24,514,0,0,0,514
09/17/2001,PDX,OR,ANM,WE,Combined TRACON& Tower with Radar,296,247,45,23,611,0,43,22,7,72,296,290,67,30,683,0,0,0,683
09/18/2001,PDX,OR,ANM,WE,Combined TRACON& Tower with Radar,331,285,53,26,695,0,26,15,4,45,331,311,68,30,740,0,0,0,740
09/19/2001,PDX,OR,ANM,WE,Combined TRACON& Tower with Radar,327,296,55,27,705,0,51,27,12,90,327,347,82,39,795,2,0,2,797
09/20/2001,PDX,OR,ANM,WE,Combined TRACON& Tower with Radar,339,294,54,27,714,0,36,57,8,101,339,330,111,35,815,4,0,4,819
09/21/2001,PDX,OR,ANM,WE,Combined TRACON& Tower with Radar,352,282,52,26,712,0,47,50,3,100,352,329,102,29,812,0,0,0,812
09/22/2001,PDX,OR,ANM,WE,Combined TRACON& Tower with Radar,294,227,42,11,574,32,0,25,0,57,326,227,67,11,631,0,0,0,631
09/23/2001,PDX,OR,ANM,WE,Combined TRACON& Tower with Radar,301,215,43,9,568,34,0,29,0,63,335,215,72,9,631,0,0,0,631
09/24/2001,PDX,OR,ANM,WE,Combined TRACON& Tower with Radar,332,259,47,24,662,6,35,64,3,108,338,294,111,27,770,8,10,18,788
09/25/2001,PDX,OR,ANM,WE,Combined TRACON& Tower with Radar,350,293,54,26,723,0,22,20,14,56,350,315,74,40,779,0,0,0,779
09/26/2001,PDX,OR,ANM,WE,Combined TRACON& Tower with Radar,352,285,52,24,713,0,45,13,0,58,352,330,65,24,771,0,0,0,771
09/27/2001,PDX,OR,ANM,WE,Combined TRACON& Tower with Radar,348,272,50,24,694,0,29,71,13,113,348,301,121,37,807,2,3,5,812
09/28/2001,PDX,OR,ANM,WE,Combined TRACON& Tower with Radar,347,290,54,0,691,0,32,59,0,91,347,322,113,0,782,0,2,2,784
09/29/2001,PDX,OR,ANM,WE,Combined TRACON& Tower with Radar,294,229,42,10,575,21,11,14,0,46,315,240,56,10,621,2,0,2,623
09/30/2001,PDX,OR,ANM,WE,Combined TRACON& Tower with Radar,216,162,31,0,409,23,0,16,0,39,239,162,47,0,448,2,0,2,450
10/01/2001,PDX,OR,ANM,WE,Combined TRACON& Tower with Radar,327,274,53,18,672,6,33,71,25,135,333,307,124,43,807,16,0,16,823
10/02/2001,PDX,OR,ANM,WE,Combined TRACON& Tower with Radar,339,292,57,20,708,0,46,70,20,136,339,338,127,40,844,0,6,6,850
10/03/2001,PDX,OR,ANM,WE,Combined TRACON& Tower with Radar,345,289,56,19,709,1,31,43,15,90,346,320,99,34,799,4,0,4,803
10/04/2001,PDX,OR,ANM,WE,Combined TRACON& Tower with Radar,354,296,58,20,728,8,26,63,5,102,362,322,121,25,830,3,3,6,836
10/05/2001,PDX,OR,ANM,WE,Combined TRACON& Tower with Radar,336,282,55,19,692,5,34,69,20,128,341,316,124,39,820,100,4,104,924
10/06/2001,PDX,OR,ANM,WE,Combined TRACON& Tower with Radar,276,232,45,6,559,25,3,33,0,61,301,235,78,6,620,4,1,5,625
10/07/2001,PDX,OR,ANM,WE,Combined TRACON& Tower with Radar,267,205,44,2,518,40,0,11,0,51,307,205,55,2,569,0,0,0,569
10/08/2001,PDX,OR,ANM,WE,Combined TRACON& Tower with Radar,300,252,49,8,609,17,17,20,0,54,317,269,69,8,663,0,2,2,665
10/09/2001,PDX,OR,ANM,WE,Combined TRACON& Tower with Radar,333,279,54,19,685,3,27,67,10,107,336,306,121,29,792,16,0,16,808
10/10/2001,PDX,OR,ANM,WE,Combined TRACON& Tower with Radar,337,298,58,20,713,0,28,2,3,33,337,326,60,23,746,0,1,1,747
10/11/2001,PDX,OR,ANM,WE,Combined TRACON& Tower with Radar,341,301,58,21,721,0,37,41,15,93,341,338,99,36,814,3,5,8,822
10/12/2001,PDX,OR,ANM,WE,Combined TRACON& Tower with Radar,347,294,56,21,718,0,39,4,5,48,347,333,60,26,766,0,0,0,766
10/13/2001,PDX,OR,ANM,WE,Combined TRACON& Tower with Radar,280,235,45,17,577,21,6,4,8,39,301,241,49,25,616,0,0,0,616
10/14/2001,PDX,OR,ANM,WE,Combined TRACON& Tower with Radar,296,226,47,18,587,8,0,16,18,42,304,226,63,36,629,0,0,0,629
10/15/2001,PDX,OR,ANM,WE,Combined TRACON& Tower with Radar,329,273,52,20,674,3,45,47,2,97,332,318,99,22,771,0,0,0,771
10/16/2001,PDX,OR,ANM,WE,Combined TRACON& Tower with Radar,328,286,55,20,689,0,41,59,9,109,328,327,114,29,798,0,0,0,798
10/17/2001,PDX,OR,ANM,WE,Combined TRACON& Tower with Radar,339,296,57,14,706,0,26,59,0,85,339,322,116,14,791,4,2,6,797
10/18/2001,PDX,OR,ANM,WE,Combined TRACON& Tower with Radar,343,297,57,21,718,0,43,31,10,84,343,340,88,31,802,1,5,6,808
10/19/2001,PDX,OR,ANM,WE,Combined TRACON& Tower with Radar,344,309,59,22,734,0,46,51,5,102,344,355,110,27,836,0,0,0,836
10/20/2001,PDX,OR,ANM,WE,Combined TRACON& Tower with Radar,286,238,46,10,580,15,3,33,0,51,301,241,79,10,631,0,0,0,631
10/21/2001,PDX,OR,ANM,WE,Combined TRACON& Tower with Radar,229,191,35,3,458,17,0,0,0,17,246,191,35,3,475,0,0,0,475
10/22/2001,PDX,OR,ANM,WE,Combined TRACON& Tower with Radar,313,264,43,13,633,0,46,0,0,46,313,310,43,13,679,0,0,0,679
10/23/2001,PDX,OR,ANM,WE,Combined TRACON& Tower with Radar,340,301,57,21,719,0,57,17,9,83,340,358,74,30,802,0,2,2,804
10/24/2001,PDX,OR,ANM,WE,Combined TRACON& Tower with Radar,339,316,61,22,738,0,34,57,30,121,339,350,118,52,859,0,0,0,859
10/25/2001,PDX,OR,ANM,WE,Combined TRACON& Tower with Radar,354,307,59,22,742,0,58,36,17,111,354,365,95,39,853,2,6,8,861
10/26/2001,PDX,OR,ANM,WE,Combined TRACON& Tower with Radar,347,299,58,20,724,0,52,37,0,89,347,351,95,20,813,0,0,0,813
10/27/2001,PDX,OR,ANM,WE,Combined TRACON& Tower with Radar,261,216,36,8,521,26,0,0,0,26,287,216,36,8,547,0,0,0,547
10/28/2001,PDX,OR,ANM,WE,Combined TRACON& Tower with Radar,249,196,36,4,485,40,0,0,0,40,289,196,36,4,525,2,0,2,527
10/29/2001,PDX,OR,ANM,WE,Combined TRACON& Tower with Radar,337,295,56,20,708,0,20,1,5,26,337,315,57,25,734,0,0,0,734
10/30/2001,PDX,OR,ANM,WE,Combined TRACON& Tower with Radar,347,306,59,21,733,0,34,14,7,55,347,340,73,28,788,0,1,1,789
10/31/2001,PDX,OR,ANM,WE,Combined TRACON& Tower with Radar,355,297,57,20,729,12,47,0,1,60,367,344,57,21,789,1,0,1,790
11/01/2001,PDX,OR,ANM,WE,Combined TRACON& Tower with Radar,351,304,55,21,731,0,44,1,2,47,351,348,56,23,778,0,0,0,778
11/02/2001,PDX,OR,ANM,WE,Combined TRACON& Tower with Radar,381,309,56,22,768,0,16,16,22,54,381,325,72,44,822,0,0,0,822
11/03/2001,PDX,OR,ANM,WE,Combined TRACON& Tower with Radar,277,202,41,11,531,22,0,12,0,34,299,202,53,11,565,0,2,2,567
11/04/2001,PDX,OR,ANM,WE,Combined TRACON& Tower with Radar,263,189,38,12,502,45,0,0,0,45,308,189,38,12,547,0,2,2,549
11/05/2001,PDX,OR,ANM,WE,Combined TRACON& Tower with Radar,330,263,48,18,659,0,38,43,8,89,330,301,91,26,748,2,0,2,750
11/06/2001,PDX,OR,ANM,WE,Combined TRACON& Tower with Radar,345,298,54,21,718,0,48,51,14,113,345,346,105,35,831,0,0,0,831
11/07/2001,PDX,OR,ANM,WE,Combined TRACON& Tower with Radar,354,292,53,20,719,0,12,59,18,89,354,304,112,38,808,4,2,6,814
11/08/2001,PDX,OR,ANM,WE,Combined TRACON& Tower with Radar,342,290,53,20,705,0,37,61,24,122,342,327,114,44,827,4,0,4,831
11/09/2001,PDX,OR,ANM,WE,Combined TRACON& Tower with Radar,368,293,53,20,734,15,24,45,0,84,383,317,98,20,818,0,0,0,818
11/10/2001,PDX,OR,ANM,WE,Combined TRACON& Tower with Radar,235,187,30,2,454,42,3,0,0,45,277,190,30,2,499,4,2,6,505
11/11/2001,PDX,OR,ANM,WE,Combined TRACON& Tower with Radar,257,185,36,10,488,47,0,14,0,61,304,185,50,10,549,4,12,16,565
11/12/2001,PDX,OR,ANM,WE,Combined TRACON& Tower with Radar,320,255,45,19,639,7,9,1,6,23,327,264,46,25,662,0,10,10,672
11/13/2001,PDX,OR,ANM,WE,Combined TRACON& Tower with Radar,340,286,51,21,698,0,34,7,0,41,340,320,58,21,739,0,2,2,741
11/14/2001,PDX,OR,ANM,WE,Combined TRACON& Tower with Radar,365,292,52,18,727,0,48,4,0,52,365,340,56,18,779,0,0,0,779
11/15/2001,PDX,OR,ANM,WE,Combined TRACON& Tower with Radar,294,234,42,17,587,48,99,20,9,176,342,333,62,26,763,0,0,0,763
11/16/2001,PDX,OR,ANM,WE,Combined TRACON& Tower with Radar,347,283,50,21,701,0,40,26,5,71,347,323,76,26,772,0,0,0,772
11/17/2001,PDX,OR,ANM,WE,Combined TRACON& Tower with Radar,277,212,39,16,544,17,0,1,12,30,294,212,40,28,574,0,1,1,575
11/18/2001,PDX,OR,ANM,WE,Combined TRACON& Tower with Radar,278,173,40,1,492,48,0,16,0,64,326,173,56,1,556,0,0,0,556
11/19/2001,PDX,OR,ANM,WE,Combined TRACON& Tower with Radar,334,265,48,19,666,0,37,0,5,42,334,302,48,24,708,0,0,0,708
11/20/2001,PDX,OR,ANM,WE,Combined TRACON& Tower with Radar,354,295,53,22,724,0,45,31,3,79,354,340,84,25,803,2,0,2,805
11/21/2001,PDX,OR,ANM,WE,Combined TRACON& Tower with Radar,374,339,61,25,799,0,51,89,9,149,374,390,150,34,948,6,0,6,954
11/22/2001,PDX,OR,ANM,WE,Combined TRACON& Tower with Radar,231,183,11,0,425,32,14,0,0,46,263,197,11,0,471,1,0,1,472
11/23/2001,PDX,OR,ANM,WE,Combined TRACON& Tower with Radar,267,211,38,16,532,9,26,9,4,48,276,237,47,20,580,2,0,2,582
11/24/2001,PDX,OR,ANM,WE,Combined TRACON& Tower with Radar,243,191,27,3,464,36,0,0,0,36,279,191,27,3,500,0,0,0,500
11/25/2001,PDX,OR,ANM,WE,Combined TRACON& Tower with Radar,267,194,38,2,501,28,0,7,0,35,295,194,45,2,536,2,13,15,551
11/26/2001,PDX,OR,ANM,WE,Combined TRACON& Tower with Radar,344,281,50,19,694,0,50,29,0,79,344,331,79,19,773,0,0,0,773
11/27/2001,PDX,OR,ANM,WE,Combined TRACON& Tower with Radar,357,301,54,21,733,0,49,40,1,90,357,350,94,22,823,3,2,5,828
11/28/2001,PDX,OR,ANM,WE,Combined TRACON& Tower with Radar,329,269,48,12,658,0,53,8,0,61,329,322,56,12,719,0,0,0,719
11/29/2001,PDX,OR,ANM,WE,Combined TRACON& Tower with Radar,355,298,53,21,727,0,61,11,9,81,355,359,64,30,808,4,2,6,814
11/30/2001,PDX,OR,ANM,WE,Combined TRACON& Tower with Radar,356,291,52,20,719,0,48,26,0,74,356,339,78,20,793,1,3,4,797
12/01/2001,PDX,OR,ANM,WE,Combined TRACON& Tower with Radar,259,208,31,2,500,26,0,2,0,28,285,208,33,2,528,1,0,1,529
12/02/2001,PDX,OR,ANM,WE,Combined TRACON& Tower with Radar,250,188,27,13,478,33,0,0,4,37,283,188,27,17,515,6,4,10,525
12/03/2001,PDX,OR,ANM,WE,Combined TRACON& Tower with Radar,337,277,40,17,671,0,43,27,17,87,337,320,67,34,758,2,0,2,760
12/04/2001,PDX,OR,ANM,WE,Combined TRACON& Tower with Radar,350,311,45,20,726,0,38,16,7,61,350,349,61,27,787,0,2,2,789
12/05/2001,PDX,OR,ANM,WE,Combined TRACON& Tower with Radar,343,302,44,19,708,0,36,66,23,125,343,338,110,42,833,2,1,3,836
12/06/2001,PDX,OR,ANM,WE,Combined TRACON& Tower with Radar,352,303,44,19,718,0,49,29,5,83,352,352,73,24,801,2,6,8,809
12/07/2001,PDX,OR,ANM,WE,Combined TRACON& Tower with Radar,330,277,40,15,662,0,31,18,0,49,330,308,58,15,711,0,0,0,711
12/08/2001,PDX,OR,ANM,WE,Combined TRACON& Tower with Radar,273,208,32,14,527,22,0,12,11,45,295,208,44,25,572,4,6,10,582
12/09/2001,PDX,OR,ANM,WE,Combined TRACON& Tower with Radar,262,185,31,13,491,39,0,11,11,61,301,185,42,24,552,6,0,6,558
12/10/2001,PDX,OR,ANM,WE,Combined TRACON& Tower with Radar,322,274,40,17,653,0,49,13,5,67,322,323,53,22,720,0,0,0,720
12/11/2001,PDX,OR,ANM,WE,Combined TRACON& Tower with Radar,340,301,43,20,704,0,57,9,10,76,340,358,52,30,780,0,0,0,780
12/12/2001,PDX,OR,ANM,WE,Combined TRACON& Tower with Radar,361,310,40,21,732,0,44,0,7,51,361,354,40,28,783,0,0,0,783
12/13/2001,PDX,OR,ANM,WE,Combined TRACON& Tower with Radar,335,295,42,16,688,0,37,16,0,53,335,332,58,16,741,2,0,2,743
12/14/2001,PDX,OR,ANM,WE,Combined TRACON& Tower with Radar,353,323,46,22,744,0,60,28,17,105,353,383,74,39,849,0,2,2,851
12/15/2001,PDX,OR,ANM,WE,Combined TRACON& Tower with Radar,267,196,27,9,499,38,0,0,0,38,305,196,27,9,537,0,1,1,538
12/16/2001,PDX,OR,ANM,WE,Combined TRACON& Tower with Radar,253,170,23,3,449,54,0,0,0,54,307,170,23,3,503,0,0,0,503
12/17/2001,PDX,OR,ANM,WE,Combined TRACON& Tower with Radar,347,304,44,20,715,0,65,53,14,132,347,369,97,34,847,0,0,0,847
12/18/2001,PDX,OR,ANM,WE,Combined TRACON& Tower with Radar,373,309,44,21,747,0,55,19,8,82,373,364,63,29,829,4,0,4,833
12/19/2001,PDX,OR,ANM,WE,Combined TRACON& Tower with Radar,385,326,46,22,779,0,52,22,19,93,385,378,68,41,872,2,0,2,874
12/20/2001,PDX,OR,ANM,WE,Combined TRACON& Tower with Radar,382,339,48,23,792,0,46,44,24,114,382,385,92,47,906,6,0,6,912
12/21/2001,PDX,OR,ANM,WE,Combined TRACON& Tower with Radar,383,315,45,2,745,0,52,34,0,86,383,367,79,2,831,2,4,6,837
12/22/2001,PDX,OR,ANM,WE,Combined TRACON& Tower with Radar,277,217,29,1,524,33,0,0,0,33,310,217,29,1,557,0,0,0,557
12/23/2001,PDX,OR,ANM,WE,Combined TRACON& Tower with Radar,286,197,32,0,515,41,0,29,0,70,327,197,61,0,585,16,0,16,601
12/24/2001,PDX,OR,ANM,WE,Combined TRACON& Tower with Radar,0,2,10,4,16,0,0,0,0,0,0,2,10,4,16,2,4,6,22
12/25/2001,PDX,OR,ANM,WE,Combined TRACON& Tower with Radar,229,174,12,4,419,47,0,0,0,47,276,174,12,4,466,2,0,2,468
12/26/2001,PDX,OR,ANM,WE,Combined TRACON& Tower with Radar,328,262,37,17,644,3,26,24,13,66,331,288,61,30,710,2,0,2,712
12/27/2001,PDX,OR,ANM,WE,Combined TRACON& Tower with Radar,344,289,41,18,692,0,32,25,18,75,344,321,66,36,767,0,2,2,769
12/28/2001,PDX,OR,ANM,WE,Combined TRACON& Tower with Radar,334,270,38,14,656,0,58,8,0,66,334,328,46,14,722,0,0,0,722
12/29/2001,PDX,OR,ANM,WE,Combined TRACON& Tower with Radar,263,206,30,4,503,35,0,27,0,62,298,206,57,4,565,0,0,0,565
12/30/2001,PDX,OR,ANM,WE,Combined TRACON& Tower with Radar,267,200,30,1,498,40,0,8,0,48,307,200,38,1,546,2,0,2,548
12/31/2001,PDX,OR,ANM,WE,Combined TRACON& Tower with Radar,279,223,32,14,548,25,22,3,8,58,304,245,35,22,606,0,0,0,606
01/01/2002,PDX,OR,ANM,WE,Combined TRACON& Tower with Radar,234,184,14,7,439,56,0,0,0,56,290,184,14,7,495,0,2,2,497
01/02/2002,PDX,OR,ANM,WE,Combined TRACON& Tower with Radar,315,282,45,19,661,12,19,8,32,71,327,301,53,51,732,1,4,5,737
01/03/2002,PDX,OR,ANM,WE,Combined TRACON& Tower with Radar,341,305,49,21,716,0,47,7,17,71,341,352,56,38,787,0,0,0,787
01/04/2002,PDX,OR,ANM,WE,Combined TRACON& Tower with Radar,328,298,48,20,694,0,54,27,5,86,328,352,75,25,780,0,3,3,783
01/05/2002,PDX,OR,ANM,WE,Combined TRACON& Tower with Radar,252,212,27,15,506,43,0,0,0,43,295,212,27,15,549,0,7,7,556
01/06/2002,PDX,OR,ANM,WE,Combined TRACON& Tower with Radar,242,185,23,9,459,57,0,0,0,57,299,185,23,9,516,0,0,0,516
01/07/2002,PDX,OR,ANM,WE,Combined TRACON& Tower with Radar,312,279,45,19,655,1,30,1,20,52,313,309,46,39,707,2,2,4,711
01/08/2002,PDX,OR,ANM,WE,Combined TRACON& Tower with Radar,338,311,50,21,720,0,28,65,10,103,338,339,115,31,823,0,2,2,825
01/09/2002,PDX,OR,ANM,WE,Combined TRACON& Tower with Radar,172,155,25,10,362,172,162,56,12,402,344,317,81,22,764,0,0,0,764
01/10/2002,PDX,OR,ANM,WE,Combined TRACON& Tower with Radar,341,309,49,21,720,0,26,32,16,74,341,335,81,37,794,0,0,0,794
01/11/2002,PDX,OR,ANM,WE,Combined TRACON& Tower with Radar,334,313,49,22,718,0,39,54,12,105,334,352,103,34,823,4,1,5,828
01/12/2002,PDX,OR,ANM,WE,Combined TRACON& Tower with Radar,257,212,32,17,518,17,0,0,22,39,274,212,32,39,557,4,1,5,562
01/13/2002,PDX,OR,ANM,WE,Combined TRACON& Tower with Radar,263,203,37,17,520,36,0,13,11,60,299,203,50,28,580,6,2,8,588
01/14/2002,PDX,OR,ANM,WE,Combined TRACON& Tower with Radar,319,291,45,21,676,0,24,20,9,53,319,315,65,30,729,0,0,0,729
01/15/2002,PDX,OR,ANM,WE,Combined TRACON& Tower with Radar,327,293,46,21,687,0,36,33,8,77,327,329,79,29,764,2,4,6,770
01/16/2002,PDX,OR,ANM,WE,Combined TRACON& Tower with Radar,339,319,50,19,727,0,30,4,0,34,339,349,54,19,761,0,1,1,762
01/17/2002,PDX,OR,ANM,WE,Combined TRACON& Tower with Radar,324,316,49,23,712,0,23,43,11,77,324,339,92,34,789,2,0,2,791
01/18/2002,PDX,OR,ANM,WE,Combined TRACON& Tower with Radar,332,311,49,14,706,0,32,16,0,48,332,343,65,14,754,2,0,2,756
01/19/2002,PDX,OR,ANM,WE,Combined TRACON& Tower with Radar,262,210,36,8,516,31,0,20,0,51,293,210,56,8,567,1,2,3,570
01/20/2002,PDX,OR,ANM,WE,Combined TRACON& Tower with Radar,247,207,34,8,496,36,0,9,0,45,283,207,43,8,541,4,10,14,555
01/21/2002,PDX,OR,ANM,WE,Combined TRACON& Tower with Radar,301,267,42,3,613,17,16,17,0,50,318,283,59,3,663,4,2,6,669
01/22/2002,PDX,OR,ANM,WE,Combined TRACON& Tower with Radar,333,303,48,22,706,0,26,28,3,57,333,329,76,25,763,6,2,8,771
01/23/2002,PDX,OR,ANM,WE,Combined TRACON& Tower with Radar,332,306,48,22,708,0,23,34,3,60,332,329,82,25,768,0,8,8,776
01/24/2002,PDX,OR,ANM,WE,Combined TRACON& Tower with Radar,331,317,50,23,721,0,27,20,2,49,331,344,70,25,770,0,0,0,770
01/25/2002,PDX,OR,ANM,WE,Combined TRACON& Tower with Radar,344,307,48,22,721,0,39,5,2,46,344,346,53,24,767,0,0,0,767
01/26/2002,PDX,OR,ANM,WE,Combined TRACON& Tower with Radar,240,206,21,7,474,39,0,0,0,39,279,206,21,7,513,0,0,0,513
01/27/2002,PDX,OR,ANM,WE,Combined TRACON& Tower with Radar,251,184,35,16,486,46,0,17,2,65,297,184,52,18,551,12,2,14,565
01/28/2002,PDX,OR,ANM,WE,Combined TRACON& Tower with Radar,309,275,43,20,647,10,31,29,3,73,319,306,72,23,720,6,3,9,729
01/29/2002,PDX,OR,ANM,WE,Combined TRACON& Tower with Radar,312,298,47,20,677,0,29,28,9,66,312,327,75,29,743,10,0,10,753
01/30/2002,PDX,OR,ANM,WE,Combined TRACON& Tower with Radar,336,304,48,6,694,0,37,40,0,77,336,341,88,6,771,6,1,7,778
01/31/2002,PDX,OR,ANM,WE,Combined TRACON& Tower with Radar,335,328,52,22,737,0,21,30,18,69,335,349,82,40,806,0,2,2,808
02/01/2002,PDX,OR,ANM,WE,Combined TRACON& Tower with Radar,347,311,50,21,729,0,49,33,4,86,347,360,83,25,815,2,6,8,823
02/02/2002,PDX,OR,ANM,WE,Combined TRACON& Tower with Radar,252,211,34,2,499,38,2,18,0,58,290,213,52,2,557,2,2,4,561
02/03/2002,PDX,OR,ANM,WE,Combined TRACON& Tower with Radar,257,204,35,1,497,31,0,16,0,47,288,204,51,1,544,0,4,4,548
02/04/2002,PDX,OR,ANM,WE,Combined TRACON& Tower with Radar,312,268,43,18,641,0,51,41,7,99,312,319,84,25,740,102,6,108,848
02/05/2002,PDX,OR,ANM,WE,Combined TRACON& Tower with Radar,330,291,48,19,688,0,45,24,2,71,330,336,72,21,759,2,0,2,761
02/06/2002,PDX,OR,ANM,WE,Combined TRACON& Tower with Radar,322,29,49,20,420,0,0,41,12,53,322,29,90,32,473,0,0,0,473
02/07/2002,PDX,OR,ANM,WE,Combined TRACON& Tower with Radar,336,315,51,21,723,0,20,35,25,80,336,335,86,46,803,2,0,2,805
02/08/2002,PDX,OR,ANM,WE,Combined TRACON& Tower with Radar,314,284,46,19,663,0,40,61,13,114,314,324,107,32,777,0,0,0,777
02/09/2002,PDX,OR,ANM,WE,Combined TRACON& Tower with Radar,298,249,40,16,603,15,3,13,5,36,313,252,53,21,639,6,3,9,648
02/10/2002,PDX,OR,ANM,WE,Combined TRACON& Tower with Radar,265,220,36,6,527,30,0,27,0,57,295,220,63,6,584,2,0,2,586
02/11/2002,PDX,OR,ANM,WE,Combined TRACON& Tower with Radar,317,265,43,6,631,7,45,41,0,93,324,310,84,6,724,3,2,5,729
02/12/2002,PDX,OR,ANM,WE,Combined TRACON& Tower with Radar,321,276,45,18,660,0,64,69,4,137,321,340,114,22,797,2,0,2,799
02/13/2002,PDX,OR,ANM,WE,Combined TRACON& Tower with Radar,353,298,47,21,719,0,41,54,5,100,353,339,101,26,819,2,0,2,821
02/14/2002,PDX,OR,ANM,WE,Combined TRACON& Tower with Radar,355,298,47,21,721,0,43,75,1,119,355,341,122,22,840,0,3,3,843
02/15/2002,PDX,OR,ANM,WE,Combined TRACON& Tower with Radar,362,306,49,21,738,0,40,62,4,106,362,346,111,25,844,0,0,0,844
02/16/2002,PDX,OR,ANM,WE,Combined TRACON& Tower with Radar,267,222,35,4,528,32,7,22,0,61,299,229,57,4,589,12,4,16,605
02/17/2002,PDX,OR,ANM,WE,Combined TRACON& Tower with Radar,270,224,36,9,539,38,36,27,0,101,308,260,63,9,640,2,2,4,644
02/18/2002,PDX,OR,ANM,WE,Combined TRACON& Tower with Radar,296,245,39,5,585,12,13,19,0,44,308,258,58,5,629,2,2,4,633
02/19/2002,PDX,OR,ANM,WE,Combined TRACON& Tower with Radar,344,273,46,20,683,0,0,19,2,21,344,273,65,22,704,6,4,10,714
02/20/2002,PDX,OR,ANM,WE,Combined TRACON& Tower with Radar,333,283,45,20,681,0,49,33,4,86,333,332,78,24,767,1,0,1,768
02/21/2002,PDX,OR,ANM,WE,Combined TRACON& Tower with Radar,366,318,51,22,757,0,28,28,21,77,366,346,79,43,834,3,0,3,837
02/22/2002,PDX,OR,ANM,WE,Combined TRACON& Tower with Radar,361,299,48,21,729,1,42,34,0,77,362,341,82,21,806,0,0,0,806
02/23/2002,PDX,OR,ANM,WE,Combined TRACON& Tower with Radar,252,206,33,7,498,25,0,2,0,27,277,206,35,7,525,4,0,4,529
02/24/2002,PDX,OR,ANM,WE,Combined TRACON& Tower with Radar,269,205,35,2,511,41,0,24,0,65,310,205,59,2,576,2,6,8,584
02/25/2002,PDX,OR,ANM,WE,Combined TRACON& Tower with Radar,328,273,43,18,662,9,28,37,16,90,337,301,80,34,752,4,1,5,757
02/26/2002,PDX,OR,ANM,WE,Combined TRACON& Tower with Radar,347,307,49,20,723,0,48,82,4,134,347,355,131,24,857,4,2,6,863
02/27/2002,PDX,OR,ANM,WE,Combined TRACON& Tower with Radar,358,315,50,21,744,0,26,119,8,153,358,341,169,29,897,4,4,8,905
02/28/2002,PDX,OR,ANM,WE,Combined TRACON& Tower with Radar,345,301,48,20,714,0,33,59,10,102,345,334,107,30,816,0,1,1,817
03/01/2002,PDX,OR,ANM,WE,Combined TRACON& Tower with Radar,361,298,56,21,736,0,53,56,3,112,361,351,112,24,848,160,1,161,1009
03/02/2002,PDX,OR,ANM,WE,Combined TRACON& Tower with Radar,268,219,41,6,534,31,9,27,0,67,299,228,68,6,601,127,2,129,730
03/03/2002,PDX,OR,ANM,WE,Combined TRACON& Tower with Radar,270,200,41,14,525,50,0,20,0,70,320,200,61,14,595,0,0,0,595
03/04/2002,PDX,OR,ANM,WE,Combined TRACON& Tower with Radar,317,259,48,14,638,6,68,28,0,102,323,327,76,14,740,4,2,6,746
03/05/2002,PDX,OR,ANM,WE,Combined TRACON& Tower with Radar,362,301,56,21,740,0,33,23,11,67,362,334,79,32,807,0,0,0,807
03/06/2002,PDX,OR,ANM,WE,Combined TRACON& Tower with Radar,356,299,56,17,728,0,41,8,0,49,356,340,64,17,777,1,0,1,778
03/07/2002,PDX,OR,ANM,WE,Combined TRACON& Tower with Radar,357,302,56,21,736,0,43,29,8,80,357,345,85,29,816,0,0,0,816
03/08/2002,PDX,OR,ANM,WE,Combined TRACON& Tower with Radar,351,295,54,22,722,0,47,30,2,79,351,342,84,24,801,2,2,4,805
03/09/2002,PDX,OR,ANM,WE,Combined TRACON& Tower with Radar,290,237,42,18,587,8,4,0,22,34,298,241,42,40,621,0,2,2,623
03/10/2002,PDX,OR,ANM,WE,Combined TRACON& Tower with Radar,38,31,5,3,77,242,167,39,35,483,280,198,44,38,560,0,0,0,560
03/11/2002,PDX,OR,ANM,WE,Combined TRACON& Tower with Radar,315,258,47,19,639,0,44,4,8,56,315,302,51,27,695,2,0,2,697
03/12/2002,PDX,OR,ANM,WE,Combined TRACON& Tower with Radar,347,293,54,22,716,0,49,16,12,77,347,342,70,34,793,0,0,0,793
03/13/2002,PDX,OR,ANM,WE,Combined TRACON& Tower with Radar,343,289,50,17,699,0,55,0,0,55,343,344,50,17,754,0,2,2,756
03/14/2002,PDX,OR,ANM,WE,Combined TRACON& Tower with Radar,354,304,55,23,736,0,36,34,13,83,354,340,89,36,819,2,2,4,823
03/15/2002,PDX,OR,ANM,WE,Combined TRACON& Tower with Radar,0,0,0,1,1,369,332,69,21,791,369,332,69,22,792,0,0,0,792
03/16/2002,PDX,OR,ANM,WE,Combined TRACON& Tower with Radar,256,202,38,2,498,27,0,7,0,34,283,202,45,2,532,0,0,0,532
03/17/2002,PDX,OR,ANM,WE,Combined TRACON& Tower with Radar,261,194,38,4,497,38,0,13,0,51,299,194,51,4,548,2,2,4,552
03/18/2002,PDX,OR,ANM,WE,Combined TRACON& Tower with Radar,342,285,52,21,700,0,7,17,2,26,342,292,69,23,726,0,0,0,726
03/19/2002,PDX,OR,ANM,WE,Combined TRACON& Tower with Radar,348,301,56,19,724,0,51,15,0,66,348,352,71,19,790,2,0,2,792
03/20/2002,PDX,OR,ANM,WE,Combined TRACON& Tower with Radar,363,309,56,23,751,0,26,103,2,131,363,335,159,25,882,3,3,6,888
03/21/2002,PDX,OR,ANM,WE,Combined TRACON& Tower with Radar,364,309,57,23,753,0,35,45,12,92,364,344,102,35,845,0,2,2,847
03/22/2002,PDX,OR,ANM,WE,Combined TRACON& Tower with Radar,362,310,57,23,752,0,31,88,12,131,362,341,145,35,883,12,2,14,897
03/23/2002,PDX,OR,ANM,WE,Combined TRACON& Tower with Radar,276,225,41,6,548,18,8,36,0,62,294,233,77,6,610,0,1,1,611
03/24/2002,PDX,OR,ANM,WE,Combined TRACON& Tower with Radar,278,205,41,4,528,20,0,33,0,53,298,205,74,4,581,2,0,2,583
03/25/2002,PDX,OR,ANM,WE,Combined TRACON& Tower with Radar,330,270,49,12,661,19,42,38,0,99,349,312,87,12,760,6,2,8,768
03/26/2002,PDX,OR,ANM,WE,Combined TRACON& Tower with Radar,325,276,50,20,671,0,50,32,12,94,325,326,82,32,765,2,2,4,769
03/27/2002,PDX,OR,ANM,WE,Combined TRACON& Tower with Radar,356,299,55,21,731,0,41,46,9,96,356,340,101,30,827,2,1,3,830
03/28/2002,PDX,OR,ANM,WE,Combined TRACON& Tower with Radar,351,316,58,22,747,0,34,67,28,129,351,350,125,50,876,0,2,2,878
03/29/2002,PDX,OR,ANM,WE,Combined TRACON& Tower with Radar,366,306,56,22,750,0,41,34,13,88,366,347,90,35,838,0,2,2,840
03/30/2002,PDX,OR,ANM,WE,Combined TRACON& Tower with Radar,292,239,43,2,576,21,1,41,0,63,313,240,84,2,639,0,2,2,641
03/31/2002,PDX,OR,ANM,WE,Combined TRACON& Tower with Radar,267,196,39,5,507,40,0,21,0,61,307,196,60,5,568,0,0,0,568
04/01/2002,PDX,OR,ANM,WE,Combined TRACON& Tower with Radar,328,279,62,18,687,3,39,18,3,63,331,318,80,21,750,4,0,4,754
04/02/2002,PDX,OR,ANM,WE,Combined TRACON& Tower with Radar,344,292,66,19,721,10,53,44,4,111,354,345,110,23,832,0,6,6,838
04/03/2002,PDX,OR,ANM,WE,Combined TRACON& Tower with Radar,352,298,66,20,736,3,45,100,1,149,355,343,166,21,885,0,0,0,885
04/04/2002,PDX,OR,ANM,WE,Combined TRACON& Tower with Radar,357,308,68,21,754,0,45,87,8,140,357,353,155,29,894,0,1,1,895
04/05/2002,PDX,OR,ANM,WE,Combined TRACON& Tower with Radar,370,314,69,21,774,5,23,19,2,49,375,337,88,23,823,146,1,147,970
04/06/2002,PDX,OR,ANM,WE,Combined TRACON& Tower with Radar,271,230,51,10,562,34,4,5,0,43,305,234,56,10,605,0,4,4,609
04/07/2002,PDX,OR,ANM,WE,Combined TRACON& Tower with Radar,258,219,49,6,532,21,4,31,0,56,279,223,80,6,588,10,2,12,600
04/08/2002,PDX,OR,ANM,WE,Combined TRACON& Tower with Radar,315,267,59,18,659,19,51,25,6,101,334,318,84,24,760,4,2,6,766
04/09/2002,PDX,OR,ANM,WE,Combined TRACON& Tower with Radar,351,298,66,20,735,31,18,2,7,58,382,316,68,27,793,0,0,0,793
04/10/2002,PDX,OR,ANM,WE,Combined TRACON& Tower with Radar,360,306,68,21,755,0,50,18,5,73,360,356,86,26,828,0,0,0,828
04/11/2002,PDX,OR,ANM,WE,Combined TRACON& Tower with Radar,348,312,69,21,750,0,45,34,10,89,348,357,103,31,839,0,2,2,841
04/12/2002,PDX,OR,ANM,WE,Combined TRACON& Tower with Radar,345,295,65,20,725,0,53,22,2,77,345,348,87,22,802,0,4,4,806
04/13/2002,PDX,OR,ANM,WE,Combined TRACON& Tower with Radar,271,217,42,16,546,19,0,0,19,38,290,217,42,35,584,2,1,3,587
04/14/2002,PDX,OR,ANM,WE,Combined TRACON& Tower with Radar,279,223,52,16,570,31,0,4,9,44,310,223,56,25,614,6,4,10,624
04/15/2002,PDX,OR,ANM,WE,Combined TRACON& Tower with Radar,318,268,60,18,664,6,36,14,9,65,324,304,74,27,729,8,2,10,739
04/16/2002,PDX,OR,ANM,WE,Combined TRACON& Tower with Radar,354,299,66,21,740,0,38,12,7,57,354,337,78,28,797,0,4,4,801
04/17/2002,PDX,OR,ANM,WE,Combined TRACON& Tower with Radar,359,303,67,21,750,0,46,1,8,55,359,349,68,29,805,0,2,2,807
04/18/2002,PDX,OR,ANM,WE,Combined TRACON& Tower with Radar,313,270,60,19,662,0,54,49,5,108,313,324,109,24,770,4,2,6,776
04/19/2002,PDX,OR,ANM,WE,Combined TRACON& Tower with Radar,352,322,72,22,768,0,37,45,11,93,352,359,117,33,861,0,4,4,865
04/20/2002,PDX,OR,ANM,WE,Combined TRACON& Tower with Radar,292,227,55,7,581,34,0,41,0,75,326,227,96,7,656,2,0,2,658
04/21/2002,PDX,OR,ANM,WE,Combined TRACON& Tower with Radar,284,216,53,5,558,24,0,40,0,64,308,216,93,5,622,2,0,2,624
04/22/2002,PDX,OR,ANM,WE,Combined TRACON& Tower with Radar,331,280,62,18,691,5,34,17,20,76,336,314,79,38,767,2,3,5,772
04/23/2002,PDX,OR,ANM,WE,Combined TRACON& Tower with Radar,345,306,68,20,739,0,14,64,1,79,345,320,132,21,818,0,2,2,820
04/24/2002,PDX,OR,ANM,WE,Combined TRACON& Tower with Radar,340,287,63,19,709,17,65,102,7,191,357,352,165,26,900,2,0,2,902
04/25/2002,PDX,OR,ANM,WE,Combined TRACON& Tower with Radar,348,323,71,21,763,0,23,73,13,109,348,346,144,34,872,0,8,8,880
04/26/2002,PDX,OR,ANM,WE,Combined TRACON& Tower with Radar,372,315,69,21,777,7,10,21,9,47,379,325,90,30,824,2,4,6,830
04/27/2002,PDX,OR,ANM,WE,Combined TRACON& Tower with Radar,247,204,38,6,495,35,0,0,0,35,282,204,38,6,530,2,1,3,533
04/28/2002,PDX,OR,ANM,WE,Combined TRACON& Tower with Radar,292,227,54,12,585,29,0,58,0,87,321,227,112,12,672,6,2,8,680
04/29/2002,PDX,OR,ANM,WE,Combined TRACON& Tower with Radar,335,309,68,20,732,0,38,52,0,90,335,347,120,20,822,2,2,4,826
04/30/2002,PDX,OR,ANM,WE,Combined TRACON& Tower with Radar,337,309,68,20,734,0,38,46,5,89,337,347,114,25,823,138,1,139,962
05/01/2002,PDX,OR,ANM,WE,Combined TRACON& Tower with Radar,334,305,78,24,741,0,27,46,13,86,334,332,124,37,827,0,0,0,827
05/02/2002,PDX,OR,ANM,WE,Combined TRACON& Tower with Radar,350,324,82,26,782,0,36,35,14,85,350,360,117,40,867,8,6,14,881
05/03/2002,PDX,OR,ANM,WE,Combined TRACON& Tower with Radar,340,310,78,5,733,0,35,50,0,85,340,345,128,5,818,2,0,2,820
05/04/2002,PDX,OR,ANM,WE,Combined TRACON& Tower with Radar,272,235,60,8,575,38,0,13,0,51,310,235,73,8,626,2,1,3,629
05/05/2002,PDX,OR,ANM,WE,Combined TRACON& Tower with Radar,260,215,53,15,543,42,0,0,0,42,302,215,53,15,585,0,0,0,585
05/06/2002,PDX,OR,ANM,WE,Combined TRACON& Tower with Radar,326,285,72,23,706,7,29,8,3,47,333,314,80,26,753,9,9,18,771
05/07/2002,PDX,OR,ANM,WE,Combined TRACON& Tower with Radar,346,306,78,20,750,0,53,28,0,81,346,359,106,20,831,2,0,2,833
05/08/2002,PDX,OR,ANM,WE,Combined TRACON& Tower with Radar,358,328,83,18,787,0,50,51,0,101,358,378,134,18,888,0,0,0,888
05/09/2002,PDX,OR,ANM,WE,Combined TRACON& Tower with Radar,354,328,83,26,791,0,31,42,13,86,354,359,125,39,877,0,2,2,879
05/10/2002,PDX,OR,ANM,WE,Combined TRACON& Tower with Radar,357,326,82,26,791,0,28,15,3,46,357,354,97,29,837,0,0,0,837
05/11/2002,PDX,OR,ANM,WE,Combined TRACON& Tower with Radar,261,219,58,7,545,22,0,45,0,67,283,219,103,7,612,0,2,2,614
05/12/2002,PDX,OR,ANM,WE,Combined TRACON& Tower with Radar,280,204,61,8,553,42,0,36,0,78,322,204,97,8,631,10,0,10,641
05/13/2002,PDX,OR,ANM,WE,Combined TRACON& Tower with Radar,325,285,69,24,703,5,40,0,5,50,330,325,69,29,753,4,2,6,759
05/14/2002,PDX,OR,ANM,WE,Combined TRACON& Tower with Radar,365,322,81,27,795,0,34,31,18,83,365,356,112,45,878,0,0,0,878
05/15/2002,PDX,OR,ANM,WE,Combined TRACON& Tower with Radar,369,350,88,29,836,0,29,47,22,98,369,379,135,51,934,6,2,8,942
05/16/2002,PDX,OR,ANM,WE,Combined TRACON& Tower with Radar,364,348,87,29,828,0,8,109,19,136,364,356,196,48,964,5,0,5,969
05/17/2002,PDX,OR,ANM,WE,Combined TRACON& Tower with Radar,361,343,86,29,819,0,9,58,33,100,361,352,144,62,919,0,2,2,921
05/18/2002,PDX,OR,ANM,WE,Combined TRACON& Tower with Radar,302,242,66,22,632,18,0,27,24,69,320,242,93,46,701,3,2,5,706
05/19/2002,PDX,OR,ANM,WE,Combined TRACON& Tower with Radar,288,236,62,21,607,18,0,0,23,41,306,236,62,44,648,10,4,14,662
05/20/2002,PDX,OR,ANM,WE,Combined TRACON& Tower with Radar,328,286,64,15,693,37,30,0,0,67,365,316,64,15,760,0,0,0,760
05/21/2002,PDX,OR,ANM,WE,Combined TRACON& Tower with Radar,343,299,75,25,742,12,47,7,3,69,355,346,82,28,811,0,0,0,811
05/22/2002,PDX,OR,ANM,WE,Combined TRACON& Tower with Radar,359,322,81,27,789,0,32,48,6,86,359,354,129,33,875,4,1,5,880
05/23/2002,PDX,OR,ANM,WE,Combined TRACON& Tower with Radar,368,341,86,28,823,0,45,57,17,119,368,386,143,45,942,6,0,6,948
05/24/2002,PDX,OR,ANM,WE,Combined TRACON& Tower with Radar,333,317,80,26,756,0,37,86,13,136,333,354,166,39,892,2,0,2,894
05/25/2002,PDX,OR,ANM,WE,Combined TRACON& Tower with Radar,265,231,58,6,560,31,4,16,0,51,296,235,74,6,611,0,1,1,612
05/26/2002,PDX,OR,ANM,WE,Combined TRACON& Tower with Radar,244,193,53,5,495,48,0,10,0,58,292,193,63,5,553,0,0,0,553
05/27/2002,PDX,OR,ANM,WE,Combined TRACON& Tower with Radar,282,246,61,10,599,27,6,13,0,46,309,252,74,10,645,2,2,4,649
05/28/2002,PDX,OR,ANM,WE,Combined TRACON& Tower with Radar,330,294,65,20,709,0,36,0,0,36,330,330,65,20,745,0,0,0,745
05/29/2002,PDX,OR,ANM,WE,Combined TRACON& Tower with Radar,360,315,79,25,779,0,52,29,4,85,360,367,108,29,864,2,0,2,866
05/30/2002,PDX,OR,ANM,WE,Combined TRACON& Tower with Radar,339,325,82,26,772,0,47,36,20,103,339,372,118,46,875,0,1,1,876
05/31/2002,PDX,OR,ANM,WE,Combined TRACON& Tower with Radar,356,333,83,27,799,0,27,56,1,84,356,360,139,28,883,2,0,2,885
06/01/2002,PDX,OR,ANM,WE,Combined TRACON& Tower with Radar,286,240,71,7,604,33,3,6,0,42,319,243,77,7,646,2,1,3,649
06/02/2002,PDX,OR,ANM,WE,Combined TRACON& Tower with Radar,285,238,71,10,604,23,0,14,0,37,308,238,85,10,641,4,0,4,645
06/03/2002,PDX,OR,ANM,WE,Combined TRACON& Tower with Radar,329,275,80,24,708,0,58,0,1,59,329,333,80,25,767,4,0,4,771
06/04/2002,PDX,OR,ANM,WE,Combined TRACON& Tower with Radar,355,305,91,26,777,0,58,14,7,79,355,363,105,33,856,6,0,6,862
06/05/2002,PDX,OR,ANM,WE,Combined TRACON& Tower with Radar,355,304,91,26,776,0,50,65,6,121,355,354,156,32,897,8,2,10,907
06/06/2002,PDX,OR,ANM,WE,Combined TRACON& Tower with Radar,380,322,96,28,826,0,41,36,16,93,380,363,132,44,919,2,2,4,923
06/07/2002,PDX,OR,ANM,WE,Combined TRACON& Tower with Radar,356,298,89,20,763,8,40,28,0,76,364,338,117,20,839,6,2,8,847
06/08/2002,PDX,OR,ANM,WE,Combined TRACON& Tower with Radar,301,224,75,22,622,26,0,19,29,74,327,224,94,51,696,0,5,5,701
06/09/2002,PDX,OR,ANM,WE,Combined TRACON& Tower with Radar,301,219,74,23,617,28,0,37,3,68,329,219,111,26,685,2,2,4,689
06/10/2002,PDX,OR,ANM,WE,Combined TRACON& Tower with Radar,336,298,88,27,749,0,27,57,18,102,336,325,145,45,851,12,4,16,867
06/11/2002,PDX,OR,ANM,WE,Combined TRACON& Tower with Radar,359,313,92,28,792,0,32,49,3,84,359,345,141,31,876,2,6,8,884
06/12/2002,PDX,OR,ANM,WE,Combined TRACON& Tower with Radar,340,300,88,23,751,0,37,75,0,112,340,337,163,23,863,4,0,4,867
06/13/2002,PDX,OR,ANM,WE,Combined TRACON& Tower with Radar,373,326,96,29,824,0,10,66,18,94,373,336,162,47,918,2,2,4,922
06/14/2002,PDX,OR,ANM,WE,Combined TRACON& Tower with Radar,362,308,91,18,779,0,27,54,0,81,362,335,145,18,860,1,11,12,872
06/15/2002,PDX,OR,ANM,WE,Combined TRACON& Tower with Radar,303,236,75,7,621,43,0,28,0,71,346,236,103,7,692,0,4,4,696
06/16/2002,PDX,OR,ANM,WE,Combined TRACON& Tower with Radar,296,218,72,16,602,25,0,36,0,61,321,218,108,16,663,4,0,4,667
06/17/2002,PDX,OR,ANM,WE,Combined TRACON& Tower with Radar,333,285,56,26,700,0,39,0,17,56,333,324,56,43,756,0,0,0,756
06/18/2002,PDX,OR,ANM,WE,Combined TRACON& Tower with Radar,339,291,87,26,743,0,50,8,16,74,339,341,95,42,817,2,2,4,821
06/19/2002,PDX,OR,ANM,WE,Combined TRACON& Tower with Radar,359,313,93,28,793,0,46,42,10,98,359,359,135,38,891,1,1,2,893
06/20/2002,PDX,OR,ANM,WE,Combined TRACON& Tower with Radar,380,332,98,30,840,0,16,52,44,112,380,348,150,74,952,4,3,7,959
06/21/2002,PDX,OR,ANM,WE,Combined TRACON& Tower with Radar,349,322,95,29,795,0,35,59,28,122,349,357,154,57,917,0,2,2,919
06/22/2002,PDX,OR,ANM,WE,Combined TRACON& Tower with Radar,295,244,72,4,615,29,0,16,0,45,324,244,88,4,660,2,7,9,669
06/23/2002,PDX,OR,ANM,WE,Combined TRACON& Tower with Radar,300,249,73,12,634,28,1,19,0,48,328,250,92,12,682,4,6,10,692
06/24/2002,PDX,OR,ANM,WE,Combined TRACON& Tower with Radar,361,300,89,27,777,3,11,28,21,63,364,311,117,48,840,8,24,32,872
06/25/2002,PDX,OR,ANM,WE,Combined TRACON& Tower with Radar,357,334,100,30,821,0,0,105,24,129,357,334,205,54,950,0,3,3,953
06/26/2002,PDX,OR,ANM,WE,Combined TRACON& Tower with Radar,371,336,99,29,835,0,12,80,6,98,371,348,179,35,933,0,0,0,933
06/27/2002,PDX,OR,ANM,WE,Combined TRACON& Tower with Radar,366,323,96,28,813,0,21,126,15,162,366,344,222,43,975,10,0,10,985
06/28/2002,PDX,OR,ANM,WE,Combined TRACON& Tower with Radar,353,320,94,28,795,0,23,31,1,55,353,343,125,29,850,42,1,43,893
06/29/2002,PDX,OR,ANM,WE,Combined TRACON& Tower with Radar,295,238,72,14,619,38,0,11,0,49,333,238,83,14,668,22,2,24,692
06/30/2002,PDX,OR,ANM,WE,Combined TRACON& Tower with Radar,287,226,70,4,587,51,0,4,0,55,338,226,74,4,642,4,0,4,646
07/01/2002,PDX,OR,ANM,WE,Combined TRACON& Tower with Radar,339,280,90,22,731,0,35,39,8,82,339,315,129,30,813,3,2,5,818
07/02/2002,PDX,OR,ANM,WE,Combined TRACON& Tower with Radar,375,310,99,24,808,0,42,6,3,51,375,352,105,27,859,2,4,6,865
07/03/2002,PDX,OR,ANM,WE,Combined TRACON& Tower with Radar,360,304,97,24,785,0,41,43,22,106,360,345,140,46,891,1,5,6,897
07/04/2002,PDX,OR,ANM,WE,Combined TRACON& Tower with Radar,276,202,72,15,565,62,0,13,0,75,338,202,85,15,640,0,0,0,640
07/05/2002,PDX,OR,ANM,WE,Combined TRACON& Tower with Radar,308,251,81,15,655,19,6,32,0,57,327,257,113,15,712,0,10,10,722
07/06/2002,PDX,OR,ANM,WE,Combined TRACON& Tower with Radar,300,241,78,1,620,31,0,17,0,48,331,241,95,1,668,2,0,2,670
07/07/2002,PDX,OR,ANM,WE,Combined TRACON& Tower with Radar,293,234,77,3,607,26,0,27,0,53,319,234,104,3,660,0,2,2,662
07/08/2002,PDX,OR,ANM,WE,Combined TRACON& Tower with Radar,352,292,94,23,761,0,20,40,6,66,352,312,134,29,827,6,2,8,835
07/09/2002,PDX,OR,ANM,WE,Combined TRACON& Tower with Radar,368,311,100,24,803,0,31,33,15,79,368,342,133,39,882,2,0,2,884
07/10/2002,PDX,OR,ANM,WE,Combined TRACON& Tower with Radar,368,312,100,24,804,0,23,69,1,93,368,335,169,25,897,8,2,10,907
07/11/2002,PDX,OR,ANM,WE,Combined TRACON& Tower with Radar,378,333,107,26,844,0,3,82,15,100,378,336,189,41,944,4,0,4,948
07/12/2002,PDX,OR,ANM,WE,Combined TRACON& Tower with Radar,361,324,104,26,815,0,24,59,4,87,361,348,163,30,902,0,4,4,906
07/13/2002,PDX,OR,ANM,WE,Combined TRACON& Tower with Radar,320,251,83,11,665,33,0,30,0,63,353,251,113,11,728,1,1,2,730
07/14/2002,PDX,OR,ANM,WE,Combined TRACON& Tower with Radar,303,237,79,12,631,32,0,13,0,45,335,237,92,12,676,14,4,18,694
07/15/2002,PDX,OR,ANM,WE,Combined TRACON& Tower with Radar,340,277,88,11,716,3,35,32,0,70,343,312,120,11,786,2,0,2,788
07/16/2002,PDX,OR,ANM,WE,Combined TRACON& Tower with Radar,380,310,99,25,814,3,29,16,14,62,383,339,115,39,876,2,4,6,882
07/17/2002,PDX,OR,ANM,WE,Combined TRACON& Tower with Radar,364,305,97,25,791,0,26,51,12,89,364,331,148,37,880,0,0,0,880
07/18/2002,PDX,OR,ANM,WE,Combined TRACON& Tower with Radar,369,322,102,26,819,0,29,68,5,102,369,351,170,31,921,0,0,0,921
07/19/2002,PDX,OR,ANM,WE,Combined TRACON& Tower with Radar,365,314,100,25,804,0,48,38,0,86,365,362,138,25,890,70,3,73,963
07/20/2002,PDX,OR,ANM,WE,Combined TRACON& Tower with Radar,322,250,83,7,662,27,0,28,0,55,349,250,111,7,717,0,0,0,717
07/21/2002,PDX,OR,ANM,WE,Combined TRACON& Tower with Radar,309,232,80,8,629,20,0,49,0,69,329,232,129,8,698,0,2,2,700
07/22/2002,PDX,OR,ANM,WE,Combined TRACON& Tower with Radar,349,297,95,24,765,0,21,17,33,71,349,318,112,57,836,4,2,6,842
07/23/2002,PDX,OR,ANM,WE,Combined TRACON& Tower with Radar,373,313,99,26,811,0,31,35,25,91,373,344,134,51,902,2,2,4,906
07/24/2002,PDX,OR,ANM,WE,Combined TRACON& Tower with Radar,369,312,99,26,806,0,41,51,2,94,369,353,150,28,900,0,1,1,901
07/25/2002,PDX,OR,ANM,WE,Combined TRACON& Tower with Radar,374,317,101,26,818,0,24,28,25,77,374,341,129,51,895,3,3,6,901
07/26/2002,PDX,OR,ANM,WE,Combined TRACON& Tower with Radar,369,313,99,26,807,0,32,23,26,81,369,345,122,52,888,80,0,80,968
07/27/2002,PDX,OR,ANM,WE,Combined TRACON& Tower with Radar,319,239,83,14,655,32,0,32,0,64,351,239,115,14,719,4,0,4,723
07/28/2002,PDX,OR,ANM,WE,Combined TRACON& Tower with Radar,303,219,78,5,605,38,0,41,0,79,341,219,119,5,684,2,0,2,686
07/29/2002,PDX,OR,ANM,WE,Combined TRACON& Tower with Radar,357,298,94,23,772,0,25,42,3,70,357,323,136,26,842,6,0,6,848
07/30/2002,PDX,OR,ANM,WE,Combined TRACON& Tower with Radar,378,325,103,26,832,0,17,10,5,32,378,342,113,31,864,0,0,0,864
07/31/2002,PDX,OR,ANM,WE,Combined TRACON& Tower with Radar,368,322,103,25,818,0,10,75,9,94,368,332,178,34,912,1,0,1,913
08/01/2002,PDX,OR,ANM,WE,Combined TRACON& Tower with Radar,370,322,107,26,825,0,37,92,0,129,370,359,199,26,954,12,2,14,968
08/02/2002,PDX,OR,ANM,WE,Combined TRACON& Tower with Radar,379,322,107,8,816,0,29,61,0,90,379,351,168,8,906,10,2,12,918
08/03/2002,PDX,OR,ANM,WE,Combined TRACON& Tower with Radar,319,258,88,5,670,28,0,37,0,65,347,258,125,5,735,0,0,0,735
08/04/2002,PDX,OR,ANM,WE,Combined TRACON& Tower with Radar,289,233,80,5,607,36,0,18,0,54,325,233,98,5,661,2,2,4,665
08/05/2002,PDX,OR,ANM,WE,Combined TRACON& Tower with Radar,329,270,77,22,698,14,52,0,12,78,343,322,77,34,776,2,4,6,782
08/06/2002,PDX,OR,ANM,WE,Combined TRACON& Tower with Radar,375,308,103,25,811,12,30,25,10,77,387,338,128,35,888,4,0,4,892
08/07/2002,PDX,OR,ANM,WE,Combined TRACON& Tower with Radar,366,311,104,25,806,0,39,19,2,60,366,350,123,27,866,0,0,0,866
08/08/2002,PDX,OR,ANM,WE,Combined TRACON& Tower with Radar,372,312,104,24,812,0,35,36,0,71,372,347,140,24,883,0,0,0,883
08/09/2002,PDX,OR,ANM,WE,Combined TRACON& Tower with Radar,393,322,108,26,849,2,22,43,4,71,395,344,151,30,920,122,0,122,1042
08/10/2002,PDX,OR,ANM,WE,Combined TRACON& Tower with Radar,311,244,85,21,661,37,0,7,3,47,348,244,92,24,708,2,4,6,714
08/11/2002,PDX,OR,ANM,WE,Combined TRACON& Tower with Radar,300,211,82,8,601,38,0,33,0,71,338,211,115,8,672,2,0,2,674
08/12/2002,PDX,OR,ANM,WE,Combined TRACON& Tower with Radar,351,292,96,25,764,0,28,33,8,69,351,320,129,33,833,2,0,2,835
08/13/2002,PDX,OR,ANM,WE,Combined TRACON& Tower with Radar,367,315,104,27,813,0,32,36,3,71,367,347,140,30,884,2,0,2,886
08/14/2002,PDX,OR,ANM,WE,Combined TRACON& Tower with Radar,395,325,108,26,854,0,23,43,0,66,395,348,151,26,920,2,2,4,924
08/15/2002,PDX,OR,ANM,WE,Combined TRACON& Tower with Radar,380,322,107,27,836,0,37,19,26,82,380,359,126,53,918,0,0,0,918
08/16/2002,PDX,OR,ANM,WE,Combined TRACON& Tower with Radar,364,331,110,28,833,0,12,75,25,112,364,343,185,53,945,0,2,2,947
08/17/2002,PDX,OR,ANM,WE,Combined TRACON& Tower with Radar,337,257,91,23,708,6,0,68,20,94,343,257,159,43,802,0,2,2,804
08/18/2002,PDX,OR,ANM,WE,Combined TRACON& Tower with Radar,319,229,86,22,656,12,0,66,4,82,331,229,152,26,738,2,2,4,742
08/19/2002,PDX,OR,ANM,WE,Combined TRACON& Tower with Radar,317,267,89,23,696,0,51,13,3,67,317,318,102,26,763,0,0,0,763
08/20/2002,PDX,OR,ANM,WE,Combined TRACON& Tower with Radar,365,299,98,25,787,17,35,0,11,63,382,334,98,36,850,2,2,4,854
08/21/2002,PDX,OR,ANM,WE,Combined TRACON& Tower with Radar,376,310,103,26,815,0,29,31,7,67,376,339,134,33,882,0,0,0,882
08/22/2002,PDX,OR,ANM,WE,Combined TRACON& Tower with Radar,387,329,109,28,853,0,30,44,6,80,387,359,153,34,933,10,3,13,946
08/23/2002,PDX,OR,ANM,WE,Combined TRACON& Tower with Radar,375,321,107,27,830,0,19,48,9,76,375,340,155,36,906,146,2,148,1054
08/24/2002,PDX,OR,ANM,WE,Combined TRACON& Tower with Radar,293,234,79,1,607,25,0,34,0,59,318,234,113,1,666,6,1,7,673
08/25/2002,PDX,OR,ANM,WE,Combined TRACON& Tower with Radar,294,231,80,8,613,32,0,31,0,63,326,231,111,8,676,2,2,4,680
08/26/2002,PDX,OR,ANM,WE,Combined TRACON& Tower with Radar,343,279,93,24,739,7,40,3,14,64,350,319,96,38,803,0,0,0,803
08/27/2002,PDX,OR,ANM,WE,Combined TRACON& Tower with Radar,370,334,111,28,843,0,34,37,24,95,370,368,148,52,938,8,0,8,946
08/28/2002,PDX,OR,ANM,WE,Combined TRACON& Tower with Radar,369,326,108,27,830,0,21,84,10,115,369,347,192,37,945,0,5,5,950
08/29/2002,PDX,OR,ANM,WE,Combined TRACON& Tower with Radar,373,316,105,26,820,0,34,35,14,83,373,350,140,40,903,4,2,6,909
08/30/2002,PDX,OR,ANM,WE,Combined TRACON& Tower with Radar,375,319,106,26,826,0,5,44,20,69,375,324,150,46,895,99,2,101,996
08/31/2002,PDX,OR,ANM,WE,Combined TRACON& Tower with Radar,282,231,76,10,599,13,0,36,0,49,295,231,112,10,648,4,0,4,652
09/01/2002,PDX,OR,ANM,WE,Combined TRACON& Tower with Radar,253,168,63,7,491,55,0,0,0,55,308,168,63,7,546,2,0,2,548
09/02/2002,PDX,OR,ANM,WE,Combined TRACON& Tower with Radar,290,217,73,7,587,31,0,58,0,89,321,217,131,7,676,2,0,2,678
09/03/2002,PDX,OR,ANM,WE,Combined TRACON& Tower with Radar,332,270,82,4,688,25,42,0,0,67,357,312,82,4,755,0,0,0,755
09/04/2002,PDX,OR,ANM,WE,Combined TRACON& Tower with Radar,357,305,95,23,780,0,36,34,12,82,357,341,129,35,862,0,0,0,862
09/05/2002,PDX,OR,ANM,WE,Combined TRACON& Tower with Radar,350,286,89,22,747,0,30,28,11,69,350,316,117,33,816,0,0,0,816
09/06/2002,PDX,OR,ANM,WE,Combined TRACON& Tower with Radar,337,290,90,22,739,0,39,34,23,96,337,329,124,45,835,0,6,6,841
09/07/2002,PDX,OR,ANM,WE,Combined TRACON& Tower with Radar,290,227,73,14,604,36,0,13,0,49,326,227,86,14,653,0,3,3,656
09/08/2002,PDX,OR,ANM,WE,Combined TRACON& Tower with Radar,285,204,72,12,573,23,0,44,0,67,308,204,116,12,640,2,2,4,644
09/09/2002,PDX,OR,ANM,WE,Combined TRACON& Tower with Radar,331,270,85,20,706,0,57,15,6,78,331,327,100,26,784,0,0,0,784
09/10/2002,PDX,OR,ANM,WE,Combined TRACON& Tower with Radar,345,302,93,24,764,0,37,69,8,114,345,339,162,32,878,124,0,124,1002
09/11/2002,PDX,OR,ANM,WE,Combined TRACON& Tower with Radar,345,299,92,23,759,0,22,73,19,114,345,321,165,42,873,0,0,0,873
09/12/2002,PDX,OR,ANM,WE,Combined TRACON& Tower with Radar,250,237,92,24,603,0,0,9,1,10,250,237,101,25,613,4,0,4,617
09/13/2002,PDX,OR,ANM,WE,Combined TRACON& Tower with Radar,355,307,94,24,780,0,31,57,20,108,355,338,151,44,888,125,0,125,1013
09/14/2002,PDX,OR,ANM,WE,Combined TRACON& Tower with Radar,302,210,75,19,606,27,0,38,9,74,329,210,113,28,680,2,6,8,688
09/15/2002,PDX,OR,ANM,WE,Combined TRACON& Tower with Radar,269,205,67,6,547,31,0,10,0,41,300,205,77,6,588,0,0,0,588
09/16/2002,PDX,OR,ANM,WE,Combined TRACON& Tower with Radar,325,262,81,21,689,4,35,3,21,63,329,297,84,42,752,2,2,4,756
09/17/2002,PDX,OR,ANM,WE,Combined TRACON& Tower with Radar,332,295,91,23,741,0,46,8,34,88,332,341,99,57,829,6,6,12,841
09/18/2002,PDX,OR,ANM,WE,Combined TRACON& Tower with Radar,350,292,90,23,755,0,36,60,13,109,350,328,150,36,864,12,0,12,876
09/19/2002,PDX,OR,ANM,WE,Combined TRACON& Tower with Radar,344,300,92,24,760,0,38,44,25,107,344,338,136,49,867,0,0,0,867
09/20/2002,PDX,OR,ANM,WE,Combined TRACON& Tower with Radar,364,309,96,24,793,0,30,44,23,97,364,339,140,47,890,7,0,7,897
09/21/2002,PDX,OR,ANM,WE,Combined TRACON& Tower with Radar,301,233,75,9,618,30,0,30,0,60,331,233,105,9,678,2,0,2,680
09/22/2002,PDX,OR,ANM,WE,Combined TRACON& Tower with Radar,296,205,73,8,582,19,0,60,0,79,315,205,133,8,661,0,0,0,661
09/23/2002,PDX,OR,ANM,WE,Combined TRACON& Tower with Radar,313,271,84,21,689,0,42,42,15,99,313,313,126,36,788,2,2,4,792
09/24/2002,PDX,OR,ANM,WE,Combined TRACON& Tower with Radar,339,293,91,23,746,0,41,33,1,75,339,334,124,24,821,2,0,2,823
09/25/2002,PDX,OR,ANM,WE,Combined TRACON& Tower with Radar,331,284,88,23,726,0,23,63,13,99,331,307,151,36,825,0,0,0,825
09/26/2002,PDX,OR,ANM,WE,Combined TRACON& Tower with Radar,348,309,95,23,775,0,34,69,14,117,348,343,164,37,892,2,0,2,894
09/27/2002,PDX,OR,ANM,WE,Combined TRACON& Tower with Radar,371,300,92,23,786,1,19,21,2,43,372,319,113,25,829,1,1,2,831
09/28/2002,PDX,OR,ANM,WE,Combined TRACON& Tower with Radar,297,226,74,9,606,20,0,50,0,70,317,226,124,9,676,2,0,2,678
09/29/2002,PDX,OR,ANM,WE,Combined TRACON& Tower with Radar,251,194,62,6,513,36,0,7,0,43,287,194,69,6,556,0,2,2,558
09/30/2002,PDX,OR,ANM,WE,Combined TRACON& Tower with Radar,298,241,57,6,602,22,57,0,0,79,320,298,57,6,681,2,2,4,685
10/01/2002,PDX,OR,ANM,WE,Combined TRACON& Tower with Radar,347,302,77,21,747,0,29,15,12,56,347,331,92,33,803,0,2,2,805
10/02/2002,PDX,OR,ANM,WE,Combined TRACON& Tower with Radar,341,303,77,21,742,0,31,40,10,81,341,334,117,31,823,0,0,0,823
10/03/2002,PDX,OR,ANM,WE,Combined TRACON& Tower with Radar,337,298,77,20,732,0,52,9,10,71,337,350,86,30,803,6,8,14,817
10/04/2002,PDX,OR,ANM,WE,Combined TRACON& Tower with Radar,332,294,76,17,719,0,46,24,0,70,332,340,100,17,789,75,1,76,865
10/05/2002,PDX,OR,ANM,WE,Combined TRACON& Tower with Radar,284,218,61,16,579,22,0,9,1,32,306,218,70,17,611,0,2,2,613
10/06/2002,PDX,OR,ANM,WE,Combined TRACON& Tower with Radar,263,202,56,10,531,30,0,26,0,56,293,202,82,10,587,4,0,4,591
10/07/2002,PDX,OR,ANM,WE,Combined TRACON& Tower with Radar,319,267,68,17,671,4,38,6,0,48,323,305,74,17,719,4,2,6,725
10/08/2002,PDX,OR,ANM,WE,Combined TRACON& Tower with Radar,349,292,75,20,736,2,39,0,5,46,351,331,75,25,782,0,1,1,783
10/09/2002,PDX,OR,ANM,WE,Combined TRACON& Tower with Radar,351,304,78,21,754,0,41,39,5,85,351,345,117,26,839,0,16,16,855
10/10/2002,PDX,OR,ANM,WE,Combined TRACON& Tower with Radar,354,299,76,21,750,0,29,34,4,67,354,328,110,25,817,2,0,2,819
10/11/2002,PDX,OR,ANM,WE,Combined TRACON& Tower with Radar,341,304,77,12,734,0,35,38,0,73,341,339,115,12,807,2,0,2,809
10/12/2002,PDX,OR,ANM,WE,Combined TRACON& Tower with Radar,287,212,61,9,569,37,0,27,0,64,324,212,88,9,633,4,0,4,637
10/13/2002,PDX,OR,ANM,WE,Combined TRACON& Tower with Radar,280,218,60,9,567,15,0,40,0,55,295,218,100,9,622,0,3,3,625
10/14/2002,PDX,OR,ANM,WE,Combined TRACON& Tower with Radar,315,263,66,13,657,10,25,10,0,45,325,288,76,13,702,14,0,14,716
10/15/2002,PDX,OR,ANM,WE,Combined TRACON& Tower with Radar,342,288,72,19,721,0,42,17,0,59,342,330,89,19,780,2,0,2,782
10/16/2002,PDX,OR,ANM,WE,Combined TRACON& Tower with Radar,341,299,76,21,737,0,33,75,0,108,341,332,151,21,845,4,1,5,850
10/17/2002,PDX,OR,ANM,WE,Combined TRACON& Tower with Radar,330,291,74,21,716,0,42,60,5,107,330,333,134,26,823,3,3,6,829
10/18/2002,PDX,OR,ANM,WE,Combined TRACON& Tower with Radar,336,315,79,23,753,0,31,35,2,68,336,346,114,25,821,2,1,3,824
10/19/2002,PDX,OR,ANM,WE,Combined TRACON& Tower with Radar,271,206,57,16,550,40,0,1,5,46,311,206,58,21,596,2,0,2,598
10/20/2002,PDX,OR,ANM,WE,Combined TRACON& Tower with Radar,258,189,54,8,509,33,0,17,0,50,291,189,71,8,559,0,2,2,561
10/21/2002,PDX,OR,ANM,WE,Combined TRACON& Tower with Radar,315,263,66,12,656,0,52,13,0,65,315,315,79,12,721,0,0,0,721
10/22/2002,PDX,OR,ANM,WE,Combined TRACON& Tower with Radar,361,301,76,22,760,0,5,20,18,43,361,306,96,40,803,84,0,84,887
10/23/2002,PDX,OR,ANM,WE,Combined TRACON& Tower with Radar,352,313,79,23,767,0,43,60,12,115,352,356,139,35,882,4,5,9,891
10/24/2002,PDX,OR,ANM,WE,Combined TRACON& Tower with Radar,356,303,76,22,757,0,34,28,15,77,356,337,104,37,834,0,3,3,837
10/25/2002,PDX,OR,ANM,WE,Combined TRACON& Tower with Radar,357,317,80,23,777,0,31,41,10,82,357,348,121,33,859,0,2,2,861
10/26/2002,PDX,OR,ANM,WE,Combined TRACON& Tower with Radar,262,207,48,3,520,47,0,0,0,47,309,207,48,3,567,1,0,1,568
10/27/2002,PDX,OR,ANM,WE,Combined TRACON& Tower with Radar,235,184,39,7,465,36,0,0,0,36,271,184,39,7,501,0,0,0,501
10/28/2002,PDX,OR,ANM,WE,Combined TRACON& Tower with Radar,310,260,66,19,655,0,38,12,8,58,310,298,78,27,713,4,0,4,717
10/29/2002,PDX,OR,ANM,WE,Combined TRACON& Tower with Radar,351,297,75,20,743,0,33,12,20,65,351,330,87,40,808,0,0,0,808
10/30/2002,PDX,OR,ANM,WE,Combined TRACON& Tower with Radar,346,305,77,21,749,0,41,31,8,80,346,346,108,29,829,4,4,8,837
10/31/2002,PDX,OR,ANM,WE,Combined TRACON& Tower with Radar,349,291,73,20,733,2,10,39,20,71,351,301,112,40,804,0,2,2,806
11/01/2002,PDX,OR,ANM,WE,Combined TRACON& Tower with Radar,341,300,59,21,721,0,28,37,0,65,341,328,96,21,786,76,1,77,863
11/02/2002,PDX,OR,ANM,WE,Combined TRACON& Tower with Radar,267,212,44,17,540,11,0,36,4,51,278,212,80,21,591,8,4,12,603
11/03/2002,PDX,OR,ANM,WE,Combined TRACON& Tower with Radar,275,203,45,14,537,21,0,48,0,69,296,203,93,14,606,0,2,2,608
11/04/2002,PDX,OR,ANM,WE,Combined TRACON& Tower with Radar,329,276,55,21,681,3,48,27,7,85,332,324,82,28,766,10,12,22,788
11/05/2002,PDX,OR,ANM,WE,Combined TRACON& Tower with Radar,338,291,58,22,709,0,50,15,11,76,338,341,73,33,785,2,4,6,791
11/06/2002,PDX,OR,ANM,WE,Combined TRACON& Tower with Radar,342,298,58,23,721,0,37,27,11,75,342,335,85,34,796,6,4,10,806
11/07/2002,PDX,OR,ANM,WE,Combined TRACON& Tower with Radar,337,287,57,22,703,0,44,4,14,62,337,331,61,36,765,4,0,4,769
11/08/2002,PDX,OR,ANM,WE,Combined TRACON& Tower with Radar,296,257,51,10,614,0,54,5,0,59,296,311,56,10,673,51,2,53,726
11/09/2002,PDX,OR,ANM,WE,Combined TRACON& Tower with Radar,263,211,29,14,517,35,0,0,0,35,298,211,29,14,552,2,0,2,554
11/10/2002,PDX,OR,ANM,WE,Combined TRACON& Tower with Radar,240,191,39,4,474,35,0,1,0,36,275,191,40,4,510,0,0,0,510
11/11/2002,PDX,OR,ANM,WE,Combined TRACON& Tower with Radar,297,249,48,14,608,19,34,9,0,62,316,283,57,14,670,2,4,6,676
11/12/2002,PDX,OR,ANM,WE,Combined TRACON& Tower with Radar,337,288,56,0,681,0,43,5,0,48,337,331,61,0,729,4,0,4,733
11/13/2002,PDX,OR,ANM,WE,Combined TRACON& Tower with Radar,319,284,55,23,681,0,56,8,3,67,319,340,63,26,748,0,0,0,748
11/14/2002,PDX,OR,ANM,WE,Combined TRACON& Tower with Radar,337,303,59,24,723,0,41,42,22,105,337,344,101,46,828,2,0,2,830
11/15/2002,PDX,OR,ANM,WE,Combined TRACON& Tower with Radar,345,301,58,14,718,0,46,26,0,72,345,347,84,14,790,0,0,0,790
11/16/2002,PDX,OR,ANM,WE,Combined TRACON& Tower with Radar,264,212,27,18,521,39,0,0,5,44,303,212,27,23,565,0,0,0,565
11/17/2002,PDX,OR,ANM,WE,Combined TRACON& Tower with Radar,277,199,42,19,537,20,0,0,32,52,297,199,42,51,589,0,0,0,589
11/18/2002,PDX,OR,ANM,WE,Combined TRACON& Tower with Radar,316,276,54,22,668,0,32,31,7,70,316,308,85,29,738,4,2,6,744
11/19/2002,PDX,OR,ANM,WE,Combined TRACON& Tower with Radar,352,303,59,24,738,0,29,13,13,55,352,332,72,37,793,0,2,2,795
11/20/2002,PDX,OR,ANM,WE,Combined TRACON& Tower with Radar,329,290,57,19,695,0,29,65,0,94,329,319,122,19,789,1,0,1,790
11/21/2002,PDX,OR,ANM,WE,Combined TRACON& Tower with Radar,359,321,62,26,768,0,20,79,4,103,359,341,141,30,871,8,0,8,879
11/22/2002,PDX,OR,ANM,WE,Combined TRACON& Tower with Radar,343,311,60,25,739,0,27,3,5,35,343,338,63,30,774,12,0,12,786
11/23/2002,PDX,OR,ANM,WE,Combined TRACON& Tower with Radar,0,0,0,0,0,299,223,53,16,591,299,223,53,16,591,4,0,4,595
11/24/2002,PDX,OR,ANM,WE,Combined TRACON& Tower with Radar,265,200,43,10,518,35,0,39,0,74,300,200,82,10,592,2,14,16,608
11/25/2002,PDX,OR,ANM,WE,Combined TRACON& Tower with Radar,326,272,53,21,672,0,43,36,0,79,326,315,89,21,751,6,0,6,757
11/26/2002,PDX,OR,ANM,WE,Combined TRACON& Tower with Radar,332,299,58,18,707,0,49,43,0,92,332,348,101,18,799,2,0,2,801
11/27/2002,PDX,OR,ANM,WE,Combined TRACON& Tower with Radar,359,315,61,24,759,0,26,50,18,94,359,341,111,42,853,16,4,20,873
11/28/2002,PDX,OR,ANM,WE,Combined TRACON& Tower with Radar,222,183,24,1,430,41,0,0,0,41,263,183,24,1,471,0,1,1,472
11/29/2002,PDX,OR,ANM,WE,Combined TRACON& Tower with Radar,265,221,43,4,533,14,1,35,0,50,279,222,78,4,583,94,0,94,677
11/30/2002,PDX,OR,ANM,WE,Combined TRACON& Tower with Radar,301,252,49,7,609,17,4,26,0,47,318,256,75,7,656,0,0,0,656
12/01/2002,PDX,OR,ANM,WE,Combined TRACON& Tower with Radar,291,220,38,7,556,9,0,28,0,37,300,220,66,7,593,0,0,0,593
12/02/2002,PDX,OR,ANM,WE,Combined TRACON& Tower with Radar,308,272,43,16,639,0,51,36,1,88,308,323,79,17,727,4,0,4,731
12/03/2002,PDX,OR,ANM,WE,Combined TRACON& Tower with Radar,347,304,49,18,718,0,37,29,5,71,347,341,78,23,789,4,0,4,793
12/04/2002,PDX,OR,ANM,WE,Combined TRACON& Tower with Radar,334,312,49,19,714,0,36,35,5,76,334,348,84,24,790,2,3,5,795
12/05/2002,PDX,OR,ANM,WE,Combined TRACON& Tower with Radar,350,316,50,19,735,0,29,54,17,100,350,345,104,36,835,2,1,3,838
12/06/2002,PDX,OR,ANM,WE,Combined TRACON& Tower with Radar,297,271,43,16,627,0,45,41,20,106,297,316,84,36,733,4,2,6,739
12/07/2002,PDX,OR,ANM,WE,Combined TRACON& Tower with Radar,293,225,38,2,558,49,0,20,0,69,342,225,58,2,627,0,0,0,627
12/08/2002,PDX,OR,ANM,WE,Combined TRACON& Tower with Radar,261,193,34,12,500,22,0,25,0,47,283,193,59,12,547,2,2,4,551
12/09/2002,PDX,OR,ANM,WE,Combined TRACON& Tower with Radar,310,276,43,17,646,0,47,23,14,84,310,323,66,31,730,4,0,4,734
12/10/2002,PDX,OR,ANM,WE,Combined TRACON& Tower with Radar,329,294,46,15,684,0,60,17,0,77,329,354,63,15,761,0,0,0,761
12/11/2002,PDX,OR,ANM,WE,Combined TRACON& Tower with Radar,342,302,48,18,710,0,22,22,11,55,342,324,70,29,765,5,2,7,772
12/12/2002,PDX,OR,ANM,WE,Combined TRACON& Tower with Radar,345,302,47,19,713,0,47,23,3,73,345,349,70,22,786,0,1,1,787
12/13/2002,PDX,OR,ANM,WE,Combined TRACON& Tower with Radar,331,300,46,19,696,0,35,41,6,82,331,335,87,25,778,5,2,7,785
12/14/2002,PDX,OR,ANM,WE,Combined TRACON& Tower with Radar,274,217,34,0,525,27,0,0,0,27,301,217,34,0,552,0,0,0,552
12/15/2002,PDX,OR,ANM,WE,Combined TRACON& Tower with Radar,236,173,30,6,445,36,0,1,0,37,272,173,31,6,482,0,0,0,482
12/16/2002,PDX,OR,ANM,WE,Combined TRACON& Tower with Radar,313,267,41,5,626,0,40,28,0,68,313,307,69,5,694,4,1,5,699
12/17/2002,PDX,OR,ANM,WE,Combined TRACON& Tower with Radar,361,309,48,20,738,0,31,3,14,48,361,340,51,34,786,6,0,6,792
12/18/2002,PDX,OR,ANM,WE,Combined TRACON& Tower with Radar,366,319,49,0,734,0,33,27,0,60,366,352,76,0,794,3,0,3,797
12/19/2002,PDX,OR,ANM,WE,Combined TRACON& Tower with Radar,364,307,47,20,738,0,44,32,9,85,364,351,79,29,823,0,0,0,823
12/20/2002,PDX,OR,ANM,WE,Combined TRACON& Tower with Radar,367,315,49,20,751,0,41,33,9,83,367,356,82,29,834,2,2,4,838
12/21/2002,PDX,OR,ANM,WE,Combined TRACON& Tower with Radar,300,248,38,2,588,14,8,1,0,23,314,256,39,2,611,0,0,0,611
12/22/2002,PDX,OR,ANM,WE,Combined TRACON& Tower with Radar,273,216,25,5,519,31,0,0,0,31,304,216,25,5,550,2,0,2,552
12/23/2002,PDX,OR,ANM,WE,Combined TRACON& Tower with Radar,332,274,42,16,664,5,39,32,0,76,337,313,74,16,740,10,0,10,750
12/24/2002,PDX,OR,ANM,WE,Combined TRACON& Tower with Radar,313,258,14,4,589,10,53,0,0,63,323,311,14,4,652,0,0,0,652
12/25/2002,PDX,OR,ANM,WE,Combined TRACON& Tower with Radar,227,169,14,0,410,49,0,0,0,49,276,169,14,0,459,4,0,4,463
12/26/2002,PDX,OR,ANM,WE,Combined TRACON& Tower with Radar,327,276,32,18,653,0,29,0,5,34,327,305,32,23,687,0,0,0,687
12/27/2002,PDX,OR,ANM,WE,Combined TRACON& Tower with Radar,332,274,42,18,666,2,34,15,1,52,334,308,57,19,718,0,0,0,718
12/28/2002,PDX,OR,ANM,WE,Combined TRACON& Tower with Radar,277,230,18,4,529,29,4,0,0,33,306,234,18,4,562,2,0,2,564
12/29/2002,PDX,OR,ANM,WE,Combined TRACON& Tower with Radar,266,202,35,1,504,25,0,24,0,49,291,202,59,1,553,4,0,4,557
12/30/2002,PDX,OR,ANM,WE,Combined TRACON& Tower with Radar,306,268,21,16,611,0,37,0,8,45,306,305,21,24,656,4,0,4,660
12/31/2002,PDX,OR,ANM,WE,Combined TRACON& Tower with Radar,299,248,27,15,589,24,25,0,5,54,323,273,27,20,643,0,0,0,643
01/01/2003,PDX,OR,ANM,WE,Combined TRACON& Tower with Radar,219,176,19,1,415,56,0,0,0,56,275,176,19,1,471,0,0,0,471
01/02/2003,PDX,OR,ANM,WE,Combined TRACON& Tower with Radar,320,285,47,17,669,13,28,0,3,44,333,313,47,20,713,0,0,0,713
01/03/2003,PDX,OR,ANM,WE,Combined TRACON& Tower with Radar,323,288,54,6,671,8,49,9,0,66,331,337,63,6,737,71,1,72,809
01/04/2003,PDX,OR,ANM,WE,Combined TRACON& Tower with Radar,249,219,39,9,516,21,0,0,0,21,270,219,39,9,537,0,0,0,537
01/05/2003,PDX,OR,ANM,WE,Combined TRACON& Tower with Radar,257,209,43,5,514,30,0,15,0,45,287,209,58,5,559,0,0,0,559
01/06/2003,PDX,OR,ANM,WE,Combined TRACON& Tower with Radar,308,274,52,16,650,2,41,19,11,73,310,315,71,27,723,10,0,10,733
01/07/2003,PDX,OR,ANM,WE,Combined TRACON& Tower with Radar,326,299,56,18,699,0,33,41,16,90,326,332,97,34,789,0,0,0,789
01/08/2003,PDX,OR,ANM,WE,Combined TRACON& Tower with Radar,341,307,57,19,724,0,25,69,5,99,341,332,126,24,823,6,1,7,830
01/09/2003,PDX,OR,ANM,WE,Combined TRACON& Tower with Radar,328,296,55,18,697,0,16,28,20,64,328,312,83,38,761,0,0,0,761
01/10/2003,PDX,OR,ANM,WE,Combined TRACON& Tower with Radar,326,297,55,18,696,0,32,48,3,83,326,329,103,21,779,2,0,2,781
01/11/2003,PDX,OR,ANM,WE,Combined TRACON& Tower with Radar,256,213,42,14,525,11,0,7,17,35,267,213,49,31,560,0,0,0,560
01/12/2003,PDX,OR,ANM,WE,Combined TRACON& Tower with Radar,233,193,30,6,462,35,0,0,0,35,268,193,30,6,497,2,0,2,499
01/13/2003,PDX,OR,ANM,WE,Combined TRACON& Tower with Radar,298,270,50,7,625,0,35,15,0,50,298,305,65,7,675,4,2,6,681
01/14/2003,PDX,OR,ANM,WE,Combined TRACON& Tower with Radar,317,302,55,19,693,0,35,0,2,37,317,337,55,21,730,2,0,2,732
01/15/2003,PDX,OR,ANM,WE,Combined TRACON& Tower with Radar,323,297,54,19,693,0,47,13,3,63,323,344,67,22,756,0,0,0,756
01/16/2003,PDX,OR,ANM,WE,Combined TRACON& Tower with Radar,329,319,58,20,726,0,18,99,9,126,329,337,157,29,852,0,2,2,854
01/17/2003,PDX,OR,ANM,WE,Combined TRACON& Tower with Radar,322,298,55,12,687,0,29,48,0,77,322,327,103,12,764,0,0,0,764
01/18/2003,PDX,OR,ANM,WE,Combined TRACON& Tower with Radar,248,210,40,7,505,28,0,13,0,41,276,210,53,7,546,0,4,4,550
01/19/2003,PDX,OR,ANM,WE,Combined TRACON& Tower with Radar,245,198,40,6,489,29,0,27,0,56,274,198,67,6,545,4,2,6,551
01/20/2003,PDX,OR,ANM,WE,Combined TRACON& Tower with Radar,283,249,46,2,580,19,23,25,0,67,302,272,71,2,647,10,0,10,657
01/21/2003,PDX,OR,ANM,WE,Combined TRACON& Tower with Radar,253,225,42,14,534,0,15,23,13,51,253,240,65,27,585,10,0,10,595
01/22/2003,PDX,OR,ANM,WE,Combined TRACON& Tower with Radar,311,292,54,19,676,0,37,6,5,48,311,329,60,24,724,2,0,2,726
01/23/2003,PDX,OR,ANM,WE,Combined TRACON& Tower with Radar,329,308,57,20,714,0,39,50,7,96,329,347,107,27,810,2,0,2,812
01/24/2003,PDX,OR,ANM,WE,Combined TRACON& Tower with Radar,321,314,58,20,713,0,25,13,14,52,321,339,71,34,765,5,6,11,776
01/25/2003,PDX,OR,ANM,WE,Combined TRACON& Tower with Radar,241,213,29,1,484,23,2,0,0,25,264,215,29,1,509,0,1,1,510
01/26/2003,PDX,OR,ANM,WE,Combined TRACON& Tower with Radar,229,193,37,2,461,37,0,22,0,59,266,193,59,2,520,2,0,2,522
01/27/2003,PDX,OR,ANM,WE,Combined TRACON& Tower with Radar,291,271,7,0,569,0,19,0,0,19,291,290,7,0,588,0,4,4,592
01/28/2003,PDX,OR,ANM,WE,Combined TRACON& Tower with Radar,326,303,55,14,698,0,43,2,0,45,326,346,57,14,743,2,0,2,745
01/29/2003,PDX,OR,ANM,WE,Combined TRACON& Tower with Radar,306,308,56,19,689,0,25,27,8,60,306,333,83,27,749,0,7,7,756
01/30/2003,PDX,OR,ANM,WE,Combined TRACON& Tower with Radar,313,309,56,19,697,0,23,21,7,51,313,332,77,26,748,12,0,12,760
01/31/2003,PDX,OR,ANM,WE,Combined TRACON& Tower with Radar,311,288,53,11,663,0,42,8,0,50,311,330,61,11,713,0,0,0,713
02/01/2003,PDX,OR,ANM,WE,Combined TRACON& Tower with Radar,247,220,46,2,515,38,3,1,0,42,285,223,47,2,557,10,3,13,570
02/02/2003,PDX,OR,ANM,WE,Combined TRACON& Tower with Radar,229,191,36,12,468,35,0,0,5,40,264,191,36,17,508,0,2,2,510
02/03/2003,PDX,OR,ANM,WE,Combined TRACON& Tower with Radar,301,274,57,16,648,0,30,45,2,77,301,304,102,18,725,10,0,10,735
02/04/2003,PDX,OR,ANM,WE,Combined TRACON& Tower with Radar,315,286,60,12,673,0,42,24,0,66,315,328,84,12,739,4,2,6,745
02/05/2003,PDX,OR,ANM,WE,Combined TRACON& Tower with Radar,338,302,63,18,721,0,26,56,3,85,338,328,119,21,806,6,1,7,813
02/06/2003,PDX,OR,ANM,WE,Combined TRACON& Tower with Radar,353,320,66,19,758,0,36,62,2,100,353,356,128,21,858,6,4,10,868
02/07/2003,PDX,OR,ANM,WE,Combined TRACON& Tower with Radar,320,315,65,18,718,0,39,68,0,107,320,354,133,18,825,2,2,4,829
02/08/2003,PDX,OR,ANM,WE,Combined TRACON& Tower with Radar,259,214,48,6,527,31,0,28,0,59,290,214,76,6,586,1,0,1,587
02/09/2003,PDX,OR,ANM,WE,Combined TRACON& Tower with Radar,240,188,44,8,480,19,0,39,0,58,259,188,83,8,538,0,2,2,540
02/10/2003,PDX,OR,ANM,WE,Combined TRACON& Tower with Radar,309,280,58,17,664,0,2,15,4,21,309,282,73,21,685,0,8,8,693
02/11/2003,PDX,OR,ANM,WE,Combined TRACON& Tower with Radar,317,294,61,18,690,0,50,7,1,58,317,344,68,19,748,0,0,0,748
02/12/2003,PDX,OR,ANM,WE,Combined TRACON& Tower with Radar,336,315,66,19,736,0,49,32,0,81,336,364,98,19,817,4,4,8,825
02/13/2003,PDX,OR,ANM,WE,Combined TRACON& Tower with Radar,335,301,63,18,717,0,31,40,3,74,335,332,103,21,791,0,0,0,791
02/14/2003,PDX,OR,ANM,WE,Combined TRACON& Tower with Radar,350,309,64,14,737,12,70,2,0,84,362,379,66,14,821,66,0,66,887
02/15/2003,PDX,OR,ANM,WE,Combined TRACON& Tower with Radar,243,215,25,4,487,46,1,0,0,47,289,216,25,4,534,0,0,0,534
02/16/2003,PDX,OR,ANM,WE,Combined TRACON& Tower with Radar,230,191,32,4,457,36,0,0,0,36,266,191,32,4,493,0,0,0,493
02/17/2003,PDX,OR,ANM,WE,Combined TRACON& Tower with Radar,297,262,52,4,615,0,20,0,0,20,297,282,52,4,635,0,0,0,635
02/18/2003,PDX,OR,ANM,WE,Combined TRACON& Tower with Radar,317,292,60,19,688,0,42,24,11,77,317,334,84,30,765,0,0,0,765
02/19/2003,PDX,OR,ANM,WE,Combined TRACON& Tower with Radar,323,294,60,18,695,0,37,29,0,66,323,331,89,18,761,2,0,2,763
02/20/2003,PDX,OR,ANM,WE,Combined TRACON& Tower with Radar,338,309,53,20,720,0,28,0,8,36,338,337,53,28,756,0,2,2,758
02/21/2003,PDX,OR,ANM,WE,Combined TRACON& Tower with Radar,320,285,53,18,676,0,36,0,9,45,320,321,53,27,721,45,2,47,768
02/22/2003,PDX,OR,ANM,WE,Combined TRACON& Tower with Radar,258,221,47,3,529,22,0,26,0,48,280,221,73,3,577,0,0,0,577
02/23/2003,PDX,OR,ANM,WE,Combined TRACON& Tower with Radar,249,194,45,10,498,29,0,19,0,48,278,194,64,10,546,0,0,0,546
02/24/2003,PDX,OR,ANM,WE,Combined TRACON& Tower with Radar,301,276,57,18,652,0,37,21,17,75,301,313,78,35,727,1,0,1,728
02/25/2003,PDX,OR,ANM,WE,Combined TRACON& Tower with Radar,322,312,64,20,718,0,35,81,15,131,322,347,145,35,849,4,4,8,857
02/26/2003,PDX,OR,ANM,WE,Combined TRACON& Tower with Radar,316,304,62,19,701,0,28,52,24,104,316,332,114,43,805,0,0,0,805
02/27/2003,PDX,OR,ANM,WE,Combined TRACON& Tower with Radar,324,299,61,19,703,0,40,44,6,90,324,339,105,25,793,2,0,2,795
02/28/2003,PDX,OR,ANM,WE,Combined TRACON& Tower with Radar,321,302,59,18,700,0,37,0,13,50,321,339,59,31,750,0,1,1,751
03/01/2003,PDX,OR,ANM,WE,Combined TRACON& Tower with Radar,271,232,48,3,554,15,0,56,0,71,286,232,104,3,625,8,0,8,633
03/02/2003,PDX,OR,ANM,WE,Combined TRACON& Tower with Radar,244,203,43,0,490,23,0,21,0,44,267,203,64,0,534,0,2,2,536
03/03/2003,PDX,OR,ANM,WE,Combined TRACON& Tower with Radar,296,268,52,15,631,5,40,3,0,48,301,308,55,15,679,2,0,2,681
03/04/2003,PDX,OR,ANM,WE,Combined TRACON& Tower with Radar,322,301,52,19,694,0,30,0,0,30,322,331,52,19,724,2,0,2,726
03/05/2003,PDX,OR,ANM,WE,Combined TRACON& Tower with Radar,326,295,57,21,699,1,45,9,0,55,327,340,66,21,754,0,2,2,756
03/06/2003,PDX,OR,ANM,WE,Combined TRACON& Tower with Radar,340,308,59,24,731,15,24,8,0,47,355,332,67,24,778,0,2,2,780
03/07/2003,PDX,OR,ANM,WE,Combined TRACON& Tower with Radar,320,296,44,17,677,0,42,0,0,42,320,338,44,17,719,0,0,0,719
03/08/2003,PDX,OR,ANM,WE,Combined TRACON& Tower with Radar,260,234,46,18,558,15,0,43,12,70,275,234,89,30,628,0,0,0,628
03/09/2003,PDX,OR,ANM,WE,Combined TRACON& Tower with Radar,245,192,17,17,471,28,0,0,28,56,273,192,17,45,527,27,0,27,554
03/10/2003,PDX,OR,ANM,WE,Combined TRACON& Tower with Radar,308,279,54,16,657,1,12,0,0,13,309,291,54,16,670,6,0,6,676
03/11/2003,PDX,OR,ANM,WE,Combined TRACON& Tower with Radar,330,315,60,25,730,0,38,12,18,68,330,353,72,43,798,44,0,44,842
03/12/2003,PDX,OR,ANM,WE,Combined TRACON& Tower with Radar,320,296,56,24,696,0,28,13,12,53,320,324,69,36,749,2,2,4,753
03/13/2003,PDX,OR,ANM,WE,Combined TRACON& Tower with Radar,322,292,50,23,687,2,54,0,0,56,324,346,50,23,743,0,0,0,743
03/14/2003,PDX,OR,ANM,WE,Combined TRACON& Tower with Radar,322,301,57,24,704,0,44,28,0,72,322,345,85,24,776,2,0,2,778
03/15/2003,PDX,OR,ANM,WE,Combined TRACON& Tower with Radar,244,220,42,7,513,28,6,14,0,48,272,226,56,7,561,4,1,5,566
03/16/2003,PDX,OR,ANM,WE,Combined TRACON& Tower with Radar,248,207,43,5,503,27,0,31,0,58,275,207,74,5,561,0,0,0,561
03/17/2003,PDX,OR,ANM,WE,Combined TRACON& Tower with Radar,302,287,55,23,667,0,49,33,14,96,302,336,88,37,763,16,0,16,779
03/18/2003,PDX,OR,ANM,WE,Combined TRACON& Tower with Radar,320,316,60,25,721,0,41,44,6,91,320,357,104,31,812,6,0,6,818
03/19/2003,PDX,OR,ANM,WE,Combined TRACON& Tower with Radar,309,307,59,25,700,0,42,57,9,108,309,349,116,34,808,0,0,0,808
03/20/2003,PDX,OR,ANM,WE,Combined TRACON& Tower with Radar,330,320,61,26,737,0,41,48,11,100,330,361,109,37,837,7,0,7,844
03/21/2003,PDX,OR,ANM,WE,Combined TRACON& Tower with Radar,331,337,64,17,749,0,35,36,0,71,331,372,100,17,820,2,0,2,822
03/22/2003,PDX,OR,ANM,WE,Combined TRACON& Tower with Radar,256,227,44,0,527,27,0,1,0,28,283,227,45,0,555,4,0,4,559
03/23/2003,PDX,OR,ANM,WE,Combined TRACON& Tower with Radar,240,200,41,6,487,33,0,4,0,37,273,200,45,6,524,0,2,2,526
03/24/2003,PDX,OR,ANM,WE,Combined TRACON& Tower with Radar,309,288,55,23,675,0,29,43,7,79,309,317,98,30,754,2,4,6,760
03/25/2003,PDX,OR,ANM,WE,Combined TRACON& Tower with Radar,330,305,58,24,717,0,40,11,10,61,330,345,69,34,778,0,0,0,778
03/26/2003,PDX,OR,ANM,WE,Combined TRACON& Tower with Radar,321,296,56,23,696,0,46,28,8,82,321,342,84,31,778,1,0,1,779
03/27/2003,PDX,OR,ANM,WE,Combined TRACON& Tower with Radar,330,304,58,23,715,0,40,22,14,76,330,344,80,37,791,10,2,12,803
03/28/2003,PDX,OR,ANM,WE,Combined TRACON& Tower with Radar,320,306,58,24,708,0,35,33,1,69,320,341,91,25,777,0,0,0,777
03/29/2003,PDX,OR,ANM,WE,Combined TRACON& Tower with Radar,286,240,49,15,590,8,0,66,0,74,294,240,115,15,664,5,1,6,670
03/30/2003,PDX,OR,ANM,WE,Combined TRACON& Tower with Radar,255,206,44,2,507,31,0,32,0,63,286,206,76,2,570,2,0,2,572
03/31/2003,PDX,OR,ANM,WE,Combined TRACON& Tower with Radar,311,289,55,22,677,0,31,19,14,64,311,320,74,36,741,4,5,9,750
04/01/2003,PDX,OR,ANM,WE,Combined TRACON& Tower with Radar,318,287,61,23,689,2,52,9,2,65,320,339,70,25,754,4,0,4,758
04/02/2003,PDX,OR,ANM,WE,Combined TRACON& Tower with Radar,313,294,62,23,692,0,65,22,7,94,313,359,84,30,786,22,2,24,810
04/03/2003,PDX,OR,ANM,WE,Combined TRACON& Tower with Radar,335,311,66,25,737,0,33,11,11,55,335,344,77,36,792,4,0,4,796
04/04/2003,PDX,OR,ANM,WE,Combined TRACON& Tower with Radar,321,291,62,8,682,1,56,21,0,78,322,347,83,8,760,6,0,6,766
04/05/2003,PDX,OR,ANM,WE,Combined TRACON& Tower with Radar,249,225,35,0,509,38,2,0,0,40,287,227,35,0,549,2,2,4,553
04/06/2003,PDX,OR,ANM,WE,Combined TRACON& Tower with Radar,228,191,41,6,466,47,0,0,0,47,275,191,41,6,513,26,2,28,541
04/07/2003,PDX,OR,ANM,WE,Combined TRACON& Tower with Radar,301,272,57,22,652,1,32,13,2,48,302,304,70,24,700,4,2,6,706
04/08/2003,PDX,OR,ANM,WE,Combined TRACON& Tower with Radar,319,301,63,24,707,0,31,36,3,70,319,332,99,27,777,0,4,4,781
04/09/2003,PDX,OR,ANM,WE,Combined TRACON& Tower with Radar,321,302,63,24,710,0,33,29,9,71,321,335,92,33,781,4,2,6,787
04/10/2003,PDX,OR,ANM,WE,Combined TRACON& Tower with Radar,329,310,65,23,727,0,34,28,0,62,329,344,93,23,789,4,0,4,793
04/11/2003,PDX,OR,ANM,WE,Combined TRACON& Tower with Radar,304,284,60,14,662,0,41,24,0,65,304,325,84,14,727,0,0,0,727
04/12/2003,PDX,OR,ANM,WE,Combined TRACON& Tower with Radar,266,222,50,20,558,16,0,2,15,33,282,222,52,35,591,0,0,0,591
04/13/2003,PDX,OR,ANM,WE,Combined TRACON& Tower with Radar,253,218,48,19,538,4,0,122,23,149,257,218,170,42,687,0,6,6,693
04/14/2003,PDX,OR,ANM,WE,Combined TRACON& Tower with Radar,301,274,57,17,649,0,34,24,0,58,301,308,81,17,707,6,4,10,717
04/15/2003,PDX,OR,ANM,WE,Combined TRACON& Tower with Radar,321,298,62,25,706,0,35,23,11,69,321,333,85,36,775,2,4,6,781
04/16/2003,PDX,OR,ANM,WE,Combined TRACON& Tower with Radar,332,306,64,16,718,0,53,45,0,98,332,359,109,16,816,0,6,6,822
04/17/2003,PDX,OR,ANM,WE,Combined TRACON& Tower with Radar,324,310,64,26,724,0,40,14,16,70,324,350,78,42,794,4,0,4,798
04/18/2003,PDX,OR,ANM,WE,Combined TRACON& Tower with Radar,316,303,63,22,704,0,34,36,0,70,316,337,99,22,774,0,0,0,774
04/19/2003,PDX,OR,ANM,WE,Combined TRACON& Tower with Radar,263,225,49,6,543,14,0,57,0,71,277,225,106,6,614,0,1,1,615
04/20/2003,PDX,OR,ANM,WE,Combined TRACON& Tower with Radar,241,183,45,3,472,42,0,30,0,72,283,183,75,3,544,0,0,0,544
04/21/2003,PDX,OR,ANM,WE,Combined TRACON& Tower with Radar,312,297,62,25,696,0,22,13,4,39,312,319,75,29,735,2,0,2,737
04/22/2003,PDX,OR,ANM,WE,Combined TRACON& Tower with Radar,327,295,61,24,707,1,32,30,0,63,328,327,91,24,770,6,4,10,780
04/23/2003,PDX,OR,ANM,WE,Combined TRACON& Tower with Radar,321,307,64,25,717,0,34,24,8,66,321,341,88,33,783,0,0,0,783
04/24/2003,PDX,OR,ANM,WE,Combined TRACON& Tower with Radar,332,316,65,25,738,0,28,11,14,53,332,344,76,39,791,4,6,10,801
04/25/2003,PDX,OR,ANM,WE,Combined TRACON& Tower with Radar,325,297,61,12,695,0,37,33,0,70,325,334,94,12,765,0,1,1,766
04/26/2003,PDX,OR,ANM,WE,Combined TRACON& Tower with Radar,239,216,34,5,494,36,7,0,0,43,275,223,34,5,537,3,1,4,541
04/27/2003,PDX,OR,ANM,WE,Combined TRACON& Tower with Radar,249,213,46,7,515,30,0,10,0,40,279,213,56,7,555,0,0,0,555
04/28/2003,PDX,OR,ANM,WE,Combined TRACON& Tower with Radar,305,277,57,22,661,0,38,22,5,65,305,315,79,27,726,10,0,10,736
04/29/2003,PDX,OR,ANM,WE,Combined TRACON& Tower with Radar,321,311,65,25,722,0,65,43,7,115,321,376,108,32,837,6,1,7,844
04/30/2003,PDX,OR,ANM,WE,Combined TRACON& Tower with Radar,333,318,66,25,742,0,31,62,10,103,333,349,128,35,845,4,2,6,851
05/01/2003,PDX,OR,ANM,WE,Combined TRACON& Tower with Radar,341,314,75,21,751,0,29,52,6,87,341,343,127,27,838,0,0,0,838
05/02/2003,PDX,OR,ANM,WE,Combined TRACON& Tower with Radar,323,313,74,21,731,0,38,58,2,98,323,351,132,23,829,0,0,0,829
05/03/2003,PDX,OR,ANM,WE,Combined TRACON& Tower with Radar,255,228,52,6,541,32,0,0,0,32,287,228,52,6,573,0,1,1,574
05/04/2003,PDX,OR,ANM,WE,Combined TRACON& Tower with Radar,237,207,50,5,499,28,0,0,0,28,265,207,50,5,527,0,0,0,527
05/05/2003,PDX,OR,ANM,WE,Combined TRACON& Tower with Radar,318,288,68,20,694,0,37,42,20,99,318,325,110,40,793,12,0,12,805
05/06/2003,PDX,OR,ANM,WE,Combined TRACON& Tower with Radar,322,315,74,21,732,0,26,64,20,110,322,341,138,41,842,3,1,4,846
05/07/2003,PDX,OR,ANM,WE,Combined TRACON& Tower with Radar,328,301,71,20,720,0,55,23,4,82,328,356,94,24,802,4,4,8,810
05/08/2003,PDX,OR,ANM,WE,Combined TRACON& Tower with Radar,333,312,74,21,740,0,27,14,30,71,333,339,88,51,811,84,0,84,895
05/09/2003,PDX,OR,ANM,WE,Combined TRACON& Tower with Radar,338,302,70,16,726,5,52,36,0,93,343,354,106,16,819,2,0,2,821
05/10/2003,PDX,OR,ANM,WE,Combined TRACON& Tower with Radar,256,229,54,16,555,14,1,20,2,37,270,230,74,18,592,0,2,2,594
05/11/2003,PDX,OR,ANM,WE,Combined TRACON& Tower with Radar,236,204,49,5,494,53,0,7,0,60,289,204,56,5,554,4,2,6,560
05/12/2003,PDX,OR,ANM,WE,Combined TRACON& Tower with Radar,308,281,65,20,674,0,35,26,13,74,308,316,91,33,748,4,8,12,760
05/13/2003,PDX,OR,ANM,WE,Combined TRACON& Tower with Radar,325,315,73,22,735,0,28,78,10,116,325,343,151,32,851,0,4,4,855
05/14/2003,PDX,OR,ANM,WE,Combined TRACON& Tower with Radar,324,307,71,20,722,0,50,51,0,101,324,357,122,20,823,2,0,2,825
05/15/2003,PDX,OR,ANM,WE,Combined TRACON& Tower with Radar,321,290,67,21,699,0,35,19,6,60,321,325,86,27,759,4,4,8,767
05/16/2003,PDX,OR,ANM,WE,Combined TRACON& Tower with Radar,328,295,69,21,713,0,36,17,4,57,328,331,86,25,770,0,0,0,770
05/17/2003,PDX,OR,ANM,WE,Combined TRACON& Tower with Radar,263,234,39,16,552,34,5,0,0,39,297,239,39,16,591,0,0,0,591
05/18/2003,PDX,OR,ANM,WE,Combined TRACON& Tower with Radar,260,213,54,5,532,18,0,30,0,48,278,213,84,5,580,0,2,2,582
05/19/2003,PDX,OR,ANM,WE,Combined TRACON& Tower with Radar,304,296,69,15,684,0,41,62,0,103,304,337,131,15,787,3,2,5,792
05/20/2003,PDX,OR,ANM,WE,Combined TRACON& Tower with Radar,318,300,70,14,702,0,6,55,0,61,318,306,125,14,763,26,2,28,791
05/21/2003,PDX,OR,ANM,WE,Combined TRACON& Tower with Radar,329,292,68,21,710,5,36,28,8,77,334,328,96,29,787,0,2,2,789
05/22/2003,PDX,OR,ANM,WE,Combined TRACON& Tower with Radar,304,271,63,19,657,5,34,62,3,104,309,305,125,22,761,4,0,4,765
05/23/2003,PDX,OR,ANM,WE,Combined TRACON& Tower with Radar,322,287,67,20,696,5,54,33,7,99,327,341,100,27,795,2,2,4,799
05/24/2003,PDX,OR,ANM,WE,Combined TRACON& Tower with Radar,231,205,47,0,483,3,9,29,0,41,234,214,76,0,524,4,0,4,528
05/25/2003,PDX,OR,ANM,WE,Combined TRACON& Tower with Radar,202,179,42,13,436,3,5,6,0,14,205,184,48,13,450,0,2,2,452
05/26/2003,PDX,OR,ANM,WE,Combined TRACON& Tower with Radar,256,227,53,16,552,3,23,42,4,72,259,250,95,20,624,12,0,12,636
05/27/2003,PDX,OR,ANM,WE,Combined TRACON& Tower with Radar,308,274,64,19,665,5,49,35,4,93,313,323,99,23,758,0,8,8,766
05/28/2003,PDX,OR,ANM,WE,Combined TRACON& Tower with Radar,323,288,67,20,698,5,40,36,8,89,328,328,103,28,787,0,4,4,791
05/29/2003,PDX,OR,ANM,WE,Combined TRACON& Tower with Radar,327,291,67,20,705,4,49,44,5,102,331,340,111,25,807,2,2,4,811
05/30/2003,PDX,OR,ANM,WE,Combined TRACON& Tower with Radar,331,295,68,20,714,5,13,72,2,92,336,308,140,22,806,2,0,2,808
05/31/2003,PDX,OR,ANM,WE,Combined TRACON& Tower with Radar,251,223,52,0,526,3,10,34,0,47,254,233,86,0,573,0,6,6,579
06/01/2003,PDX,OR,ANM,WE,Combined TRACON& Tower with Radar,227,188,43,13,471,0,28,30,1,59,227,216,73,14,530,6,2,8,538
06/02/2003,PDX,OR,ANM,WE,Combined TRACON& Tower with Radar,289,239,54,17,599,0,46,28,5,79,289,285,82,22,678,0,0,0,678
06/03/2003,PDX,OR,ANM,WE,Combined TRACON& Tower with Radar,325,269,61,20,675,0,69,37,5,111,325,338,98,25,786,2,4,6,792
06/04/2003,PDX,OR,ANM,WE,Combined TRACON& Tower with Radar,323,268,61,19,671,0,74,64,5,143,323,342,125,24,814,4,2,6,820
06/05/2003,PDX,OR,ANM,WE,Combined TRACON& Tower with Radar,333,275,62,21,691,0,76,45,4,125,333,351,107,25,816,4,0,4,820
06/06/2003,PDX,OR,ANM,WE,Combined TRACON& Tower with Radar,329,272,61,21,683,0,69,37,4,110,329,341,98,25,793,2,0,2,795
06/07/2003,PDX,OR,ANM,WE,Combined TRACON& Tower with Radar,257,213,47,0,517,0,33,41,0,74,257,246,88,0,591,1,1,2,593
06/08/2003,PDX,OR,ANM,WE,Combined TRACON& Tower with Radar,250,207,46,16,519,0,39,21,2,62,250,246,67,18,581,2,0,2,583
06/09/2003,PDX,OR,ANM,WE,Combined TRACON& Tower with Radar,322,267,60,20,669,0,50,57,5,112,322,317,117,25,781,8,12,20,801
06/10/2003,PDX,OR,ANM,WE,Combined TRACON& Tower with Radar,371,307,69,23,770,0,41,26,3,70,371,348,95,26,840,6,4,10,850
06/11/2003,PDX,OR,ANM,WE,Combined TRACON& Tower with Radar,356,295,66,22,739,0,50,39,4,93,356,345,105,26,832,18,3,21,853
06/12/2003,PDX,OR,ANM,WE,Combined TRACON& Tower with Radar,359,296,66,23,744,0,39,22,4,65,359,335,88,27,809,1,4,5,814
06/13/2003,PDX,OR,ANM,WE,Combined TRACON& Tower with Radar,361,298,67,23,749,0,38,44,3,85,361,336,111,26,834,0,0,0,834
06/14/2003,PDX,OR,ANM,WE,Combined TRACON& Tower with Radar,281,231,52,18,582,0,28,24,0,52,281,259,76,18,634,0,0,0,634
06/15/2003,PDX,OR,ANM,WE,Combined TRACON& Tower with Radar,279,229,51,18,577,0,43,23,3,69,279,272,74,21,646,2,10,12,658
06/16/2003,PDX,OR,ANM,WE,Combined TRACON& Tower with Radar,326,269,60,21,676,0,65,44,4,113,326,334,104,25,789,2,0,2,791
06/17/2003,PDX,OR,ANM,WE,Combined TRACON& Tower with Radar,350,289,65,22,726,0,58,36,6,100,350,347,101,28,826,0,4,4,830
06/18/2003,PDX,OR,ANM,WE,Combined TRACON& Tower with Radar,379,307,69,24,779,0,37,46,6,89,379,344,115,30,868,16,2,18,886
06/19/2003,PDX,OR,ANM,WE,Combined TRACON& Tower with Radar,390,321,72,25,808,0,59,15,2,76,390,380,87,27,884,0,0,0,884
06/20/2003,PDX,OR,ANM,WE,Combined TRACON& Tower with Radar,354,293,66,21,734,0,44,14,4,62,354,337,80,25,796,0,2,2,798
06/21/2003,PDX,OR,ANM,WE,Combined TRACON& Tower with Radar,297,245,55,18,615,0,25,17,2,44,297,270,72,20,659,2,0,2,661
06/22/2003,PDX,OR,ANM,WE,Combined TRACON& Tower with Radar,303,165,53,17,538,66,0,28,1,95,369,165,81,18,633,0,0,0,633
06/23/2003,PDX,OR,ANM,WE,Combined TRACON& Tower with Radar,338,280,63,20,701,0,37,32,6,75,338,317,95,26,776,10,0,10,786
06/24/2003,PDX,OR,ANM,WE,Combined TRACON& Tower with Radar,339,239,59,19,656,22,0,44,1,67,361,239,103,20,723,0,4,4,727
06/25/2003,PDX,OR,ANM,WE,Combined TRACON& Tower with Radar,367,269,64,21,721,42,0,52,0,94,409,269,116,21,815,3,0,3,818
06/26/2003,PDX,OR,ANM,WE,Combined TRACON& Tower with Radar,363,300,67,22,752,0,70,45,6,121,363,370,112,28,873,12,0,12,885
06/27/2003,PDX,OR,ANM,WE,Combined TRACON& Tower with Radar,360,267,63,21,711,40,0,64,3,107,400,267,127,24,818,0,0,0,818
06/28/2003,PDX,OR,ANM,WE,Combined TRACON& Tower with Radar,280,171,49,5,505,91,0,2,0,93,371,171,51,5,598,0,2,2,600
06/29/2003,PDX,OR,ANM,WE,Combined TRACON& Tower with Radar,281,166,49,5,501,89,0,22,0,111,370,166,71,5,612,0,6,6,618
06/30/2003,PDX,OR,ANM,WE,Combined TRACON& Tower with Radar,338,234,60,19,651,57,0,26,10,93,395,234,86,29,744,4,6,10,754
07/01/2003,PDX,OR,ANM,WE,Combined TRACON& Tower with Radar,409,240,61,19,729,0,31,41,8,80,409,271,102,27,809,4,0,4,813
07/02/2003,PDX,OR,ANM,WE,Combined TRACON& Tower with Radar,407,239,61,19,726,0,31,49,2,82,407,270,110,21,808,12,0,12,820
07/03/2003,PDX,OR,ANM,WE,Combined TRACON& Tower with Radar,325,226,58,18,627,0,136,57,9,202,325,362,115,27,829,18,5,23,852
07/04/2003,PDX,OR,ANM,WE,Combined TRACON& Tower with Radar,284,140,42,5,471,59,0,6,0,65,343,140,48,5,536,2,0,2,538
07/05/2003,PDX,OR,ANM,WE,Combined TRACON& Tower with Radar,291,151,44,4,490,51,0,12,0,63,342,151,56,4,553,2,0,2,555
07/06/2003,PDX,OR,ANM,WE,Combined TRACON& Tower with Radar,334,164,50,2,550,43,0,32,0,75,377,164,82,2,625,0,2,2,627
07/07/2003,PDX,OR,ANM,WE,Combined TRACON& Tower with Radar,308,214,55,17,594,0,100,69,7,176,308,314,124,24,770,8,2,10,780
07/08/2003,PDX,OR,ANM,WE,Combined TRACON& Tower with Radar,409,247,63,20,739,0,32,31,10,73,409,279,94,30,812,0,0,0,812
07/09/2003,PDX,OR,ANM,WE,Combined TRACON& Tower with Radar,362,252,64,20,698,0,123,43,7,173,362,375,107,27,871,23,2,25,896
07/10/2003,PDX,OR,ANM,WE,Combined TRACON& Tower with Radar,410,241,61,19,731,0,24,36,10,70,410,265,97,29,801,2,6,8,809
07/11/2003,PDX,OR,ANM,WE,Combined TRACON& Tower with Radar,410,248,63,2,723,0,28,45,0,73,410,276,108,2,796,2,4,6,802
07/12/2003,PDX,OR,ANM,WE,Combined TRACON& Tower with Radar,328,182,48,9,567,45,0,12,0,57,373,182,60,9,624,2,2,4,628
07/13/2003,PDX,OR,ANM,WE,Combined TRACON& Tower with Radar,330,164,48,6,548,46,0,44,0,90,376,164,92,6,638,0,2,2,640
07/14/2003,PDX,OR,ANM,WE,Combined TRACON& Tower with Radar,382,220,56,0,658,12,20,31,0,63,394,240,87,0,721,0,0,0,721
07/15/2003,PDX,OR,ANM,WE,Combined TRACON& Tower with Radar,428,255,65,21,769,0,34,23,6,63,428,289,88,27,832,2,2,4,836
07/16/2003,PDX,OR,ANM,WE,Combined TRACON& Tower with Radar,439,268,67,22,796,0,19,71,5,95,439,287,138,27,891,0,2,2,893
07/17/2003,PDX,OR,ANM,WE,Combined TRACON& Tower with Radar,434,259,65,22,780,0,29,76,0,105,434,288,141,22,885,14,2,16,901
07/18/2003,PDX,OR,ANM,WE,Combined TRACON& Tower with Radar,412,238,60,20,730,0,38,57,6,101,412,276,117,26,831,0,2,2,833
07/19/2003,PDX,OR,ANM,WE,Combined TRACON& Tower with Radar,313,159,24,5,501,53,0,0,0,53,366,159,24,5,554,5,1,6,560
07/20/2003,PDX,OR,ANM,WE,Combined TRACON& Tower with Radar,343,166,50,17,576,52,0,58,15,125,395,166,108,32,701,2,4,6,707
07/21/2003,PDX,OR,ANM,WE,Combined TRACON& Tower with Radar,428,247,62,21,758,7,20,55,7,89,435,267,117,28,847,0,0,0,847
07/22/2003,PDX,OR,ANM,WE,Combined TRACON& Tower with Radar,436,258,65,22,781,0,15,50,17,82,436,273,115,39,863,4,4,8,871
07/23/2003,PDX,OR,ANM,WE,Combined TRACON& Tower with Radar,440,269,68,23,800,0,15,88,9,112,440,284,156,32,912,0,0,0,912
07/24/2003,PDX,OR,ANM,WE,Combined TRACON& Tower with Radar,443,275,70,23,811,0,26,78,16,120,443,301,148,39,931,18,14,32,963
07/25/2003,PDX,OR,ANM,WE,Combined TRACON& Tower with Radar,432,265,67,22,786,0,27,81,14,122,432,292,148,36,908,0,6,6,914
07/26/2003,PDX,OR,ANM,WE,Combined TRACON& Tower with Radar,339,182,49,4,574,37,0,36,0,73,376,182,85,4,647,2,0,2,649
07/27/2003,PDX,OR,ANM,WE,Combined TRACON& Tower with Radar,337,161,50,4,552,34,0,62,0,96,371,161,112,4,648,2,2,4,652
07/28/2003,PDX,OR,ANM,WE,Combined TRACON& Tower with Radar,358,237,60,15,670,0,0,74,0,74,358,237,134,15,744,8,3,11,755
07/29/2003,PDX,OR,ANM,WE,Combined TRACON& Tower with Radar,420,242,62,19,743,10,41,53,0,104,430,283,115,19,847,10,3,13,860
07/30/2003,PDX,OR,ANM,WE,Combined TRACON& Tower with Radar,436,261,66,19,782,0,28,78,0,106,436,289,144,19,888,4,6,10,898
07/31/2003,PDX,OR,ANM,WE,Combined TRACON& Tower with Radar,446,269,68,18,801,0,57,82,0,139,446,326,150,18,940,0,0,0,940
08/01/2003,PDX,OR,ANM,WE,Combined TRACON& Tower with Radar,433,283,77,15,808,3,18,107,0,128,436,301,184,15,936,18,2,20,956
08/02/2003,PDX,OR,ANM,WE,Combined TRACON& Tower with Radar,314,183,56,8,561,57,0,23,0,80,371,183,79,8,641,0,2,2,643
08/03/2003,PDX,OR,ANM,WE,Combined TRACON& Tower with Radar,280,208,56,14,558,0,63,43,4,110,280,271,99,18,668,2,2,4,672
08/04/2003,PDX,OR,ANM,WE,Combined TRACON& Tower with Radar,419,274,74,10,777,12,12,78,0,102,431,286,152,10,879,10,0,10,889
08/05/2003,PDX,OR,ANM,WE,Combined TRACON& Tower with Radar,441,296,81,20,838,0,12,60,7,79,441,308,141,27,917,2,6,8,925
08/06/2003,PDX,OR,ANM,WE,Combined TRACON& Tower with Radar,432,292,79,3,806,0,10,84,0,94,432,302,163,3,900,0,2,2,902
08/07/2003,PDX,OR,ANM,WE,Combined TRACON& Tower with Radar,445,290,79,20,834,1,12,69,7,89,446,302,148,27,923,6,2,8,931
08/08/2003,PDX,OR,ANM,WE,Combined TRACON& Tower with Radar,438,289,79,20,826,0,5,66,6,77,438,294,145,26,903,2,2,4,907
08/09/2003,PDX,OR,ANM,WE,Combined TRACON& Tower with Radar,284,211,56,15,566,0,65,47,3,115,284,276,103,18,681,2,0,2,683
08/10/2003,PDX,OR,ANM,WE,Combined TRACON& Tower with Radar,324,169,57,15,565,49,0,17,8,74,373,169,74,23,639,0,0,0,639
08/11/2003,PDX,OR,ANM,WE,Combined TRACON& Tower with Radar,414,270,73,12,769,15,8,32,0,55,429,278,105,12,824,0,0,0,824
08/12/2003,PDX,OR,ANM,WE,Combined TRACON& Tower with Radar,442,289,78,20,829,1,24,48,7,80,443,313,126,27,909,2,4,6,915
08/13/2003,PDX,OR,ANM,WE,Combined TRACON& Tower with Radar,433,283,76,20,812,6,19,64,3,92,439,302,140,23,904,11,2,13,917
08/14/2003,PDX,OR,ANM,WE,Combined TRACON& Tower with Radar,351,260,70,18,699,0,98,39,11,148,351,358,109,29,847,0,0,0,847
08/15/2003,PDX,OR,ANM,WE,Combined TRACON& Tower with Radar,361,267,72,19,719,0,76,16,6,98,361,343,88,25,817,0,0,0,817
08/16/2003,PDX,OR,ANM,WE,Combined TRACON& Tower with Radar,322,187,56,3,568,44,0,45,0,89,366,187,101,3,657,2,4,6,663
08/17/2003,PDX,OR,ANM,WE,Combined TRACON& Tower with Radar,314,156,55,5,530,65,0,36,0,101,379,156,91,5,631,8,0,8,639
08/18/2003,PDX,OR,ANM,WE,Combined TRACON& Tower with Radar,331,244,66,18,659,0,108,36,9,153,331,352,102,27,812,0,0,0,812
08/19/2003,PDX,OR,ANM,WE,Combined TRACON& Tower with Radar,349,258,70,18,695,0,102,27,10,139,349,360,97,28,834,0,2,2,836
08/20/2003,PDX,OR,ANM,WE,Combined TRACON& Tower with Radar,372,274,74,20,740,0,99,65,10,174,372,373,139,30,914,4,2,6,920
08/21/2003,PDX,OR,ANM,WE,Combined TRACON& Tower with Radar,413,269,72,19,773,0,8,53,1,62,413,277,125,20,835,4,2,6,841
08/22/2003,PDX,OR,ANM,WE,Combined TRACON& Tower with Radar,403,271,74,19,767,0,11,61,3,75,403,282,135,22,842,20,2,22,864
08/23/2003,PDX,OR,ANM,WE,Combined TRACON& Tower with Radar,307,169,53,4,533,52,0,15,0,67,359,169,68,4,600,2,2,4,604
08/24/2003,PDX,OR,ANM,WE,Combined TRACON& Tower with Radar,316,159,55,1,531,61,0,43,0,104,377,159,98,1,635,3,0,3,638
08/25/2003,PDX,OR,ANM,WE,Combined TRACON& Tower with Radar,387,252,68,17,724,0,29,46,3,78,387,281,114,20,802,12,0,12,814
08/26/2003,PDX,OR,ANM,WE,Combined TRACON& Tower with Radar,403,269,72,18,762,0,10,36,4,50,403,279,108,22,812,0,2,2,814
08/27/2003,PDX,OR,ANM,WE,Combined TRACON& Tower with Radar,403,270,72,18,763,0,9,28,23,60,403,279,100,41,823,0,10,10,833
08/28/2003,PDX,OR,ANM,WE,Combined TRACON& Tower with Radar,343,254,69,17,683,0,45,2,5,52,343,299,71,22,735,131,0,131,866
08/29/2003,PDX,OR,ANM,WE,Combined TRACON& Tower with Radar,337,250,67,17,671,0,102,38,9,149,337,352,105,26,820,0,2,2,822
08/30/2003,PDX,OR,ANM,WE,Combined TRACON& Tower with Radar,308,170,54,5,537,52,0,29,0,81,360,170,83,5,618,2,0,2,620
08/31/2003,PDX,OR,ANM,WE,Combined TRACON& Tower with Radar,268,128,47,0,443,71,0,22,0,93,339,128,69,0,536,0,0,0,536
09/01/2003,PDX,OR,ANM,WE,Combined TRACON& Tower with Radar,305,224,62,6,597,0,10,35,0,45,305,234,97,6,642,100,0,100,742
09/02/2003,PDX,OR,ANM,WE,Combined TRACON& Tower with Radar,338,235,64,13,650,42,15,23,0,80,380,250,87,13,730,0,4,4,734
09/03/2003,PDX,OR,ANM,WE,Combined TRACON& Tower with Radar,380,260,72,24,736,22,0,31,0,53,402,260,103,24,789,12,8,20,809
09/04/2003,PDX,OR,ANM,WE,Combined TRACON& Tower with Radar,343,260,71,25,699,0,83,42,0,125,343,343,113,25,824,9,8,17,841
09/05/2003,PDX,OR,ANM,WE,Combined TRACON& Tower with Radar,343,297,82,28,750,0,52,78,28,158,343,349,160,56,908,4,0,4,912
09/06/2003,PDX,OR,ANM,WE,Combined TRACON& Tower with Radar,288,178,55,8,529,57,0,7,0,64,345,178,62,8,593,0,0,0,593
09/07/2003,PDX,OR,ANM,WE,Combined TRACON& Tower with Radar,284,144,54,10,492,63,0,11,0,74,347,144,65,10,566,6,0,6,572
09/08/2003,PDX,OR,ANM,WE,Combined TRACON& Tower with Radar,321,249,60,24,654,0,42,0,25,67,321,291,60,49,721,0,0,0,721
09/09/2003,PDX,OR,ANM,WE,Combined TRACON& Tower with Radar,371,259,71,16,717,11,19,4,0,34,382,278,75,16,751,0,2,2,753
09/10/2003,PDX,OR,ANM,WE,Combined TRACON& Tower with Radar,381,265,63,26,735,8,5,0,17,30,389,270,63,43,765,0,2,2,767
09/11/2003,PDX,OR,ANM,WE,Combined TRACON& Tower with Radar,363,276,74,26,739,0,57,25,0,82,363,333,99,26,821,2,6,8,829
09/12/2003,PDX,OR,ANM,WE,Combined TRACON& Tower with Radar,324,276,75,27,702,0,52,42,36,130,324,328,117,63,832,0,0,0,832
09/13/2003,PDX,OR,ANM,WE,Combined TRACON& Tower with Radar,283,162,53,9,507,63,0,5,0,68,346,162,58,9,575,0,0,0,575
09/14/2003,PDX,OR,ANM,WE,Combined TRACON& Tower with Radar,296,161,56,20,533,44,0,44,8,96,340,161,100,28,629,2,0,2,631
09/15/2003,PDX,OR,ANM,WE,Combined TRACON& Tower with Radar,316,262,71,26,675,0,62,13,34,109,316,324,84,60,784,0,0,0,784
09/16/2003,PDX,OR,ANM,WE,Combined TRACON& Tower with Radar,386,273,74,27,760,0,5,16,9,30,386,278,90,36,790,2,0,2,792
09/17/2003,PDX,OR,ANM,WE,Combined TRACON& Tower with Radar,390,271,74,27,762,0,1,21,33,55,390,272,95,60,817,2,3,5,822
09/18/2003,PDX,OR,ANM,WE,Combined TRACON& Tower with Radar,355,268,73,26,722,0,79,34,0,113,355,347,107,26,835,4,2,6,841
09/19/2003,PDX,OR,ANM,WE,Combined TRACON& Tower with Radar,369,278,76,26,749,0,70,20,0,90,369,348,96,26,839,7,1,8,847
09/20/2003,PDX,OR,ANM,WE,Combined TRACON& Tower with Radar,299,167,56,11,533,44,0,19,0,63,343,167,75,11,596,0,5,5,601
09/21/2003,PDX,OR,ANM,WE,Combined TRACON& Tower with Radar,292,162,55,6,515,50,0,51,0,101,342,162,106,6,616,0,0,0,616
09/22/2003,PDX,OR,ANM,WE,Combined TRACON& Tower with Radar,318,264,71,26,679,0,64,63,2,129,318,328,134,28,808,4,0,4,812
09/23/2003,PDX,OR,ANM,WE,Combined TRACON& Tower with Radar,383,265,72,23,743,9,8,26,0,43,392,273,98,23,786,0,4,4,790
09/24/2003,PDX,OR,ANM,WE,Combined TRACON& Tower with Radar,386,268,73,25,752,0,14,68,0,82,386,282,141,25,834,4,2,6,840
09/25/2003,PDX,OR,ANM,WE,Combined TRACON& Tower with Radar,323,276,75,26,700,0,60,61,14,135,323,336,136,40,835,0,0,0,835
09/26/2003,PDX,OR,ANM,WE,Combined TRACON& Tower with Radar,380,263,71,7,721,28,29,48,0,105,408,292,119,7,826,4,0,4,830
09/27/2003,PDX,OR,ANM,WE,Combined TRACON& Tower with Radar,285,168,53,3,509,51,0,36,0,87,336,168,89,3,596,0,6,6,602
09/28/2003,PDX,OR,ANM,WE,Combined TRACON& Tower with Radar,292,167,55,9,523,55,0,56,0,111,347,167,111,9,634,4,0,4,638
09/29/2003,PDX,OR,ANM,WE,Combined TRACON& Tower with Radar,367,255,69,17,708,9,7,25,0,41,376,262,94,17,749,0,0,0,749
09/30/2003,PDX,OR,ANM,WE,Combined TRACON& Tower with Radar,385,267,73,24,749,13,8,46,0,67,398,275,119,24,816,4,2,6,822
10/01/2003,PDX,OR,ANM,WE,Combined TRACON& Tower with Radar,370,275,69,17,731,21,0,18,0,39,391,275,87,17,770,0,2,2,772
10/02/2003,PDX,OR,ANM,WE,Combined TRACON& Tower with Radar,330,292,73,25,720,0,40,22,20,82,330,332,95,45,802,5,0,5,807
10/03/2003,PDX,OR,ANM,WE,Combined TRACON& Tower with Radar,339,270,68,23,700,0,56,29,1,86,339,326,97,24,786,0,0,0,786
10/04/2003,PDX,OR,ANM,WE,Combined TRACON& Tower with Radar,291,223,56,6,576,0,21,7,0,28,291,244,63,6,604,0,0,0,604
10/05/2003,PDX,OR,ANM,WE,Combined TRACON& Tower with Radar,297,144,56,2,499,28,0,8,0,36,325,144,64,2,535,10,0,10,545
10/06/2003,PDX,OR,ANM,WE,Combined TRACON& Tower with Radar,310,262,65,23,660,0,56,10,22,88,310,318,75,45,748,10,2,12,760
10/07/2003,PDX,OR,ANM,WE,Combined TRACON& Tower with Radar,335,283,71,25,714,0,65,18,12,95,335,348,89,37,809,2,6,8,817
10/08/2003,PDX,OR,ANM,WE,Combined TRACON& Tower with Radar,382,281,71,25,759,14,0,12,3,29,396,281,83,28,788,2,0,2,790
10/09/2003,PDX,OR,ANM,WE,Combined TRACON& Tower with Radar,336,291,73,25,725,0,69,17,23,109,336,360,90,48,834,2,0,2,836
10/10/2003,PDX,OR,ANM,WE,Combined TRACON& Tower with Radar,320,255,64,22,661,0,47,14,1,62,320,302,78,23,723,4,4,8,731
10/11/2003,PDX,OR,ANM,WE,Combined TRACON& Tower with Radar,276,172,36,2,486,69,0,0,0,69,345,172,36,2,555,2,0,2,557
10/12/2003,PDX,OR,ANM,WE,Combined TRACON& Tower with Radar,265,149,45,2,461,75,0,0,0,75,340,149,45,2,536,0,0,0,536
10/13/2003,PDX,OR,ANM,WE,Combined TRACON& Tower with Radar,317,248,0,0,565,0,52,0,0,52,317,300,0,0,617,2,0,2,619
10/14/2003,PDX,OR,ANM,WE,Combined TRACON& Tower with Radar,358,234,66,24,682,32,0,15,5,52,390,234,81,29,734,6,2,8,742
10/15/2003,PDX,OR,ANM,WE,Combined TRACON& Tower with Radar,360,287,70,23,740,0,29,12,0,41,360,316,82,23,781,0,0,0,781
10/16/2003,PDX,OR,ANM,WE,Combined TRACON& Tower with Radar,374,267,69,25,735,21,0,17,0,38,395,267,86,25,773,4,0,4,777
10/17/2003,PDX,OR,ANM,WE,Combined TRACON& Tower with Radar,373,270,69,25,737,21,0,19,1,41,394,270,88,26,778,0,14,14,792
10/18/2003,PDX,OR,ANM,WE,Combined TRACON& Tower with Radar,284,178,52,19,533,52,0,58,6,116,336,178,110,25,649,0,2,2,651
10/19/2003,PDX,OR,ANM,WE,Combined TRACON& Tower with Radar,287,164,53,20,524,53,0,7,2,62,340,164,60,22,586,0,0,0,586
10/20/2003,PDX,OR,ANM,WE,Combined TRACON& Tower with Radar,318,247,61,18,644,0,78,18,0,96,318,325,79,18,740,0,2,2,742
10/21/2003,PDX,OR,ANM,WE,Combined TRACON& Tower with Radar,394,279,73,27,773,0,0,29,15,44,394,279,102,42,817,0,0,0,817
10/22/2003,PDX,OR,ANM,WE,Combined TRACON& Tower with Radar,365,270,67,25,727,32,0,13,27,72,397,270,80,52,799,0,0,0,799
10/23/2003,PDX,OR,ANM,WE,Combined TRACON& Tower with Radar,332,288,71,26,717,0,67,41,24,132,332,355,112,50,849,2,0,2,851
10/24/2003,PDX,OR,ANM,WE,Combined TRACON& Tower with Radar,376,280,69,25,750,18,1,27,3,49,394,281,96,28,799,0,7,7,806
10/25/2003,PDX,OR,ANM,WE,Combined TRACON& Tower with Radar,275,170,50,4,499,66,0,17,0,83,341,170,67,4,582,0,2,2,584
10/26/2003,PDX,OR,ANM,WE,Combined TRACON& Tower with Radar,265,212,53,17,547,0,0,78,0,78,265,212,131,17,625,8,4,12,637
10/27/2003,PDX,OR,ANM,WE,Combined TRACON& Tower with Radar,345,249,63,23,680,25,0,38,6,69,370,249,101,29,749,10,0,10,759
10/28/2003,PDX,OR,ANM,WE,Combined TRACON& Tower with Radar,385,275,71,26,757,11,0,25,2,38,396,275,96,28,795,2,2,4,799
10/29/2003,PDX,OR,ANM,WE,Combined TRACON& Tower with Radar,339,284,70,26,719,0,68,27,9,104,339,352,97,35,823,0,0,0,823
10/30/2003,PDX,OR,ANM,WE,Combined TRACON& Tower with Radar,338,290,72,25,725,0,17,31,16,64,338,307,103,41,789,0,0,0,789
10/31/2003,PDX,OR,ANM,WE,Combined TRACON& Tower with Radar,324,266,65,23,678,0,48,32,2,82,324,314,97,25,760,0,4,4,764
11/01/2003,PDX,OR,ANM,WE,Combined TRACON& Tower with Radar,281,226,47,14,568,18,0,21,0,39,299,226,68,14,607,0,0,0,607
11/02/2003,PDX,OR,ANM,WE,Combined TRACON& Tower with Radar,249,200,33,3,485,21,10,0,0,31,270,210,33,3,516,0,1,1,517
11/03/2003,PDX,OR,ANM,WE,Combined TRACON& Tower with Radar,311,269,57,24,661,0,18,3,9,30,311,287,60,33,691,0,0,0,691
11/04/2003,PDX,OR,ANM,WE,Combined TRACON& Tower with Radar,367,279,62,23,731,14,0,36,0,50,381,279,98,23,781,0,2,2,783
11/05/2003,PDX,OR,ANM,WE,Combined TRACON& Tower with Radar,313,282,59,25,679,0,54,41,12,107,313,336,100,37,786,2,6,8,794
11/06/2003,PDX,OR,ANM,WE,Combined TRACON& Tower with Radar,364,282,61,23,730,21,0,37,0,58,385,282,98,23,788,2,0,2,790
11/07/2003,PDX,OR,ANM,WE,Combined TRACON& Tower with Radar,328,292,61,26,707,0,51,19,23,93,328,343,80,49,800,88,1,89,889
11/08/2003,PDX,OR,ANM,WE,Combined TRACON& Tower with Radar,278,166,47,20,511,51,0,27,0,78,329,166,74,20,589,2,2,4,593
11/09/2003,PDX,OR,ANM,WE,Combined TRACON& Tower with Radar,276,219,45,21,561,1,0,25,5,31,277,219,70,26,592,4,0,4,596
11/10/2003,PDX,OR,ANM,WE,Combined TRACON& Tower with Radar,304,256,53,15,628,0,65,19,0,84,304,321,72,15,712,4,0,4,716
11/11/2003,PDX,OR,ANM,WE,Combined TRACON& Tower with Radar,351,263,58,3,675,30,0,34,0,64,381,263,92,3,739,2,0,2,741
11/12/2003,PDX,OR,ANM,WE,Combined TRACON& Tower with Radar,322,287,59,27,695,0,53,65,3,121,322,340,124,30,816,0,4,4,820
11/13/2003,PDX,OR,ANM,WE,Combined TRACON& Tower with Radar,326,306,63,28,723,0,31,66,36,133,326,337,129,64,856,3,8,11,867
11/14/2003,PDX,OR,ANM,WE,Combined TRACON& Tower with Radar,332,295,61,27,715,0,60,31,12,103,332,355,92,39,818,2,2,4,822
11/15/2003,PDX,OR,ANM,WE,Combined TRACON& Tower with Radar,256,168,28,5,457,67,0,0,0,67,323,168,28,5,524,0,0,0,524
11/16/2003,PDX,OR,ANM,WE,Combined TRACON& Tower with Radar,250,200,40,4,494,11,12,0,0,23,261,212,40,4,517,0,2,2,519
11/17/2003,PDX,OR,ANM,WE,Combined TRACON& Tower with Radar,320,277,41,26,664,0,32,0,14,46,320,309,41,40,710,0,0,0,710
11/18/2003,PDX,OR,ANM,WE,Combined TRACON& Tower with Radar,323,290,60,26,699,0,59,22,0,81,323,349,82,26,780,0,0,0,780
11/19/2003,PDX,OR,ANM,WE,Combined TRACON& Tower with Radar,313,284,55,27,679,0,55,0,0,55,313,339,55,27,734,19,0,19,753
11/20/2003,PDX,OR,ANM,WE,Combined TRACON& Tower with Radar,374,274,61,28,737,16,0,22,3,41,390,274,83,31,778,20,0,20,798
11/21/2003,PDX,OR,ANM,WE,Combined TRACON& Tower with Radar,303,265,55,21,644,0,63,13,0,76,303,328,68,21,720,0,0,0,720
11/22/2003,PDX,OR,ANM,WE,Combined TRACON& Tower with Radar,267,175,44,1,487,68,0,3,0,71,335,175,47,1,558,0,0,0,558
11/23/2003,PDX,OR,ANM,WE,Combined TRACON& Tower with Radar,292,165,48,6,511,33,0,2,0,35,325,165,50,6,546,0,0,0,546
11/24/2003,PDX,OR,ANM,WE,Combined TRACON& Tower with Radar,314,275,56,26,671,0,58,22,11,91,314,333,78,37,762,4,2,6,768
11/25/2003,PDX,OR,ANM,WE,Combined TRACON& Tower with Radar,368,287,58,27,740,15,0,0,5,20,383,287,58,32,760,0,2,2,762
11/26/2003,PDX,OR,ANM,WE,Combined TRACON& Tower with Radar,339,296,61,26,722,0,69,27,0,96,339,365,88,26,818,0,2,2,820
11/27/2003,PDX,OR,ANM,WE,Combined TRACON& Tower with Radar,232,185,25,5,447,14,24,0,0,38,246,209,25,5,485,2,0,2,487
11/28/2003,PDX,OR,ANM,WE,Combined TRACON& Tower with Radar,251,201,16,7,475,14,52,0,0,66,265,253,16,7,541,0,0,0,541
11/29/2003,PDX,OR,ANM,WE,Combined TRACON& Tower with Radar,268,175,32,3,478,69,0,0,0,69,337,175,32,3,547,0,0,0,547
11/30/2003,PDX,OR,ANM,WE,Combined TRACON& Tower with Radar,284,234,48,7,573,0,0,45,0,45,284,234,93,7,618,0,1,1,619
12/01/2003,PDX,OR,ANM,WE,Combined TRACON& Tower with Radar,316,280,49,11,656,0,31,7,14,52,316,311,56,25,708,0,4,4,712
12/02/2003,PDX,OR,ANM,WE,Combined TRACON& Tower with Radar,387,299,54,12,752,0,0,20,8,28,387,299,74,20,780,2,0,2,782
12/03/2003,PDX,OR,ANM,WE,Combined TRACON& Tower with Radar,369,275,50,0,694,19,0,17,0,36,388,275,67,0,730,0,0,0,730
12/04/2003,PDX,OR,ANM,WE,Combined TRACON& Tower with Radar,389,286,7,0,682,7,0,0,0,7,396,286,7,0,689,4,0,4,693
12/05/2003,PDX,OR,ANM,WE,Combined TRACON& Tower with Radar,299,261,47,10,617,0,65,1,18,84,299,326,48,28,701,22,0,22,723
12/06/2003,PDX,OR,ANM,WE,Combined TRACON& Tower with Radar,288,181,40,9,518,41,0,12,6,59,329,181,52,15,577,2,0,2,579
12/07/2003,PDX,OR,ANM,WE,Combined TRACON& Tower with Radar,262,204,29,3,498,10,6,0,0,16,272,210,29,3,514,0,4,4,518
12/08/2003,PDX,OR,ANM,WE,Combined TRACON& Tower with Radar,305,265,47,11,628,0,73,37,10,120,305,338,84,21,748,10,4,14,762
12/09/2003,PDX,OR,ANM,WE,Combined TRACON& Tower with Radar,388,297,53,10,748,0,0,46,0,46,388,297,99,10,794,0,4,4,798
12/10/2003,PDX,OR,ANM,WE,Combined TRACON& Tower with Radar,372,290,50,8,720,6,0,21,0,27,378,290,71,8,747,2,0,2,749
12/11/2003,PDX,OR,ANM,WE,Combined TRACON& Tower with Radar,331,309,54,13,707,0,56,55,5,116,331,365,109,18,823,6,2,8,831
12/12/2003,PDX,OR,ANM,WE,Combined TRACON& Tower with Radar,328,275,48,12,663,0,66,6,3,75,328,341,54,15,738,60,1,61,799
12/13/2003,PDX,OR,ANM,WE,Combined TRACON& Tower with Radar,274,177,26,2,479,57,0,0,0,57,331,177,26,2,536,0,0,0,536
12/14/2003,PDX,OR,ANM,WE,Combined TRACON& Tower with Radar,259,200,34,2,495,8,11,1,0,20,267,211,35,2,515,0,0,0,515
12/15/2003,PDX,OR,ANM,WE,Combined TRACON& Tower with Radar,317,274,47,12,650,0,69,53,0,122,317,343,100,12,772,8,2,10,782
12/16/2003,PDX,OR,ANM,WE,Combined TRACON& Tower with Radar,389,292,52,12,745,8,0,30,0,38,397,292,82,12,783,0,2,2,785
12/17/2003,PDX,OR,ANM,WE,Combined TRACON& Tower with Radar,323,280,49,12,664,0,57,81,4,142,323,337,130,16,806,2,0,2,808
12/18/2003,PDX,OR,ANM,WE,Combined TRACON& Tower with Radar,390,298,52,7,747,16,0,56,0,72,406,298,108,7,819,0,0,0,819
12/19/2003,PDX,OR,ANM,WE,Combined TRACON& Tower with Radar,353,297,51,13,714,0,75,21,5,101,353,372,72,18,815,2,0,2,817
12/20/2003,PDX,OR,ANM,WE,Combined TRACON& Tower with Radar,305,203,39,3,550,49,0,0,0,49,354,203,39,3,599,0,0,0,599
12/21/2003,PDX,OR,ANM,WE,Combined TRACON& Tower with Radar,295,228,40,0,563,0,2,6,0,8,295,230,46,0,571,0,0,0,571
12/22/2003,PDX,OR,ANM,WE,Combined TRACON& Tower with Radar,329,275,48,12,664,0,69,15,14,98,329,344,63,26,762,2,0,2,764
12/23/2003,PDX,OR,ANM,WE,Combined TRACON& Tower with Radar,399,300,53,14,766,12,0,9,3,24,411,300,62,17,790,4,0,4,794
12/24/2003,PDX,OR,ANM,WE,Combined TRACON& Tower with Radar,331,259,30,11,631,0,56,0,6,62,331,315,30,17,693,2,0,2,695
12/25/2003,PDX,OR,ANM,WE,Combined TRACON& Tower with Radar,246,150,20,0,416,74,0,0,0,74,320,150,20,0,490,0,0,0,490
12/26/2003,PDX,OR,ANM,WE,Combined TRACON& Tower with Radar,313,264,45,3,625,0,74,0,0,74,313,338,45,3,699,0,0,0,699
12/27/2003,PDX,OR,ANM,WE,Combined TRACON& Tower with Radar,287,188,37,4,516,42,0,0,0,42,329,188,37,4,558,0,0,0,558
12/28/2003,PDX,OR,ANM,WE,Combined TRACON& Tower with Radar,267,166,20,1,454,65,0,0,0,65,332,166,20,1,519,0,0,0,519
12/29/2003,PDX,OR,ANM,WE,Combined TRACON& Tower with Radar,317,265,46,11,639,0,67,21,6,94,317,332,67,17,733,4,0,4,737
12/30/2003,PDX,OR,ANM,WE,Combined TRACON& Tower with Radar,374,279,50,12,715,13,0,21,5,39,387,279,71,17,754,6,2,8,762
12/31/2003,PDX,OR,ANM,WE,Combined TRACON& Tower with Radar,321,266,21,6,614,0,60,0,0,60,321,326,21,6,674,0,4,4,678
01/01/2004,PDX,OR,ANM,WE,Combined TRACON& Tower with Radar,210,163,3,2,378,51,0,0,0,51,261,163,3,2,429,0,0,0,429
01/02/2004,PDX,OR,ANM,WE,Combined TRACON& Tower with Radar,310,272,33,8,623,0,51,0,0,51,310,323,33,8,674,0,0,0,674
01/03/2004,PDX,OR,ANM,WE,Combined TRACON& Tower with Radar,272,188,31,6,497,55,0,0,0,55,327,188,31,6,552,0,0,0,552
01/04/2004,PDX,OR,ANM,WE,Combined TRACON& Tower with Radar,270,224,39,3,536,2,9,10,0,21,272,233,49,3,557,0,0,0,557
01/05/2004,PDX,OR,ANM,WE,Combined TRACON& Tower with Radar,303,251,31,4,589,14,47,0,0,61,317,298,31,4,650,0,0,0,650
01/06/2004,PDX,OR,ANM,WE,Combined TRACON& Tower with Radar,157,114,19,3,293,27,0,0,0,27,184,114,19,3,320,0,0,0,320
01/07/2004,PDX,OR,ANM,WE,Combined TRACON& Tower with Radar,7,1,2,0,10,4,0,10,0,14,11,1,12,0,24,0,2,2,26
01/08/2004,PDX,OR,ANM,WE,Combined TRACON& Tower with Radar,0,0,1,0,1,0,0,25,2,27,0,0,26,2,28,0,2,2,30
01/09/2004,PDX,OR,ANM,WE,Combined TRACON& Tower with Radar,159,138,18,4,319,0,24,0,0,24,159,162,18,4,343,0,0,0,343
01/10/2004,PDX,OR,ANM,WE,Combined TRACON& Tower with Radar,261,188,34,0,483,54,0,0,0,54,315,188,34,0,537,0,0,0,537
01/11/2004,PDX,OR,ANM,WE,Combined TRACON& Tower with Radar,246,192,34,10,482,26,0,2,0,28,272,192,36,10,510,0,0,0,510
01/12/2004,PDX,OR,ANM,WE,Combined TRACON& Tower with Radar,323,239,44,2,608,42,0,26,0,68,365,239,70,2,676,0,2,2,678
01/13/2004,PDX,OR,ANM,WE,Combined TRACON& Tower with Radar,322,287,49,19,677,0,45,27,13,85,322,332,76,32,762,0,1,1,763
01/14/2004,PDX,OR,ANM,WE,Combined TRACON& Tower with Radar,318,301,44,20,683,0,55,0,15,70,318,356,44,35,753,0,2,2,755
01/15/2004,PDX,OR,ANM,WE,Combined TRACON& Tower with Radar,311,309,51,21,692,0,40,36,12,88,311,349,87,33,780,0,0,0,780
01/16/2004,PDX,OR,ANM,WE,Combined TRACON& Tower with Radar,327,301,50,21,699,0,51,35,3,89,327,352,85,24,788,10,0,10,798
01/17/2004,PDX,OR,ANM,WE,Combined TRACON& Tower with Radar,262,180,36,3,481,52,0,10,0,62,314,180,46,3,543,4,6,10,553
01/18/2004,PDX,OR,ANM,WE,Combined TRACON& Tower with Radar,248,203,30,1,482,18,0,0,0,18,266,203,30,1,500,0,0,0,500
01/19/2004,PDX,OR,ANM,WE,Combined TRACON& Tower with Radar,306,252,42,2,602,1,32,26,0,59,307,284,68,2,661,0,0,0,661
01/20/2004,PDX,OR,ANM,WE,Combined TRACON& Tower with Radar,336,291,48,20,695,0,37,34,10,81,336,328,82,30,776,8,4,12,788
01/21/2004,PDX,OR,ANM,WE,Combined TRACON& Tower with Radar,329,297,50,20,696,0,34,56,23,113,329,331,106,43,809,0,0,0,809
01/22/2004,PDX,OR,ANM,WE,Combined TRACON& Tower with Radar,298,284,48,19,649,0,64,56,6,126,298,348,104,25,775,4,0,4,779
01/23/2004,PDX,OR,ANM,WE,Combined TRACON& Tower with Radar,316,298,50,20,684,0,38,10,3,51,316,336,60,23,735,0,0,0,735
01/24/2004,PDX,OR,ANM,WE,Combined TRACON& Tower with Radar,289,194,40,16,539,34,0,1,15,50,323,194,41,31,589,0,0,0,589
01/25/2004,PDX,OR,ANM,WE,Combined TRACON& Tower with Radar,263,199,36,14,512,4,0,4,22,30,267,199,40,36,542,0,0,0,542
01/26/2004,PDX,OR,ANM,WE,Combined TRACON& Tower with Radar,304,257,43,6,610,0,58,27,0,85,304,315,70,6,695,8,4,12,707
01/27/2004,PDX,OR,ANM,WE,Combined TRACON& Tower with Radar,352,273,48,16,689,20,0,14,0,34,372,273,62,16,723,2,0,2,725
01/28/2004,PDX,OR,ANM,WE,Combined TRACON& Tower with Radar,318,308,51,20,697,0,54,25,13,92,318,362,76,33,789,4,0,4,793
01/29/2004,PDX,OR,ANM,WE,Combined TRACON& Tower with Radar,310,292,48,19,669,0,42,12,17,71,310,334,60,36,740,0,0,0,740
01/30/2004,PDX,OR,ANM,WE,Combined TRACON& Tower with Radar,347,245,48,18,658,37,0,10,0,47,384,245,58,18,705,81,0,81,786
01/31/2004,PDX,OR,ANM,WE,Combined TRACON& Tower with Radar,267,218,36,6,527,6,0,16,0,22,273,218,52,6,549,0,0,0,549
02/01/2004,PDX,OR,ANM,WE,Combined TRACON& Tower with Radar,224,145,41,0,410,56,0,12,0,68,280,145,53,0,478,0,0,0,478
02/02/2004,PDX,OR,ANM,WE,Combined TRACON& Tower with Radar,324,262,58,21,665,26,0,8,5,39,350,262,66,26,704,10,0,10,714
02/03/2004,PDX,OR,ANM,WE,Combined TRACON& Tower with Radar,315,284,62,22,683,0,50,21,11,82,315,334,83,33,765,4,2,6,771
02/04/2004,PDX,OR,ANM,WE,Combined TRACON& Tower with Radar,315,286,62,22,685,0,66,50,19,135,315,352,112,41,820,0,0,0,820
02/05/2004,PDX,OR,ANM,WE,Combined TRACON& Tower with Radar,323,302,65,24,714,0,50,42,18,110,323,352,107,42,824,0,2,2,826
02/06/2004,PDX,OR,ANM,WE,Combined TRACON& Tower with Radar,344,273,62,20,699,24,0,7,0,31,368,273,69,20,730,1,1,2,732
02/07/2004,PDX,OR,ANM,WE,Combined TRACON& Tower with Radar,258,183,46,2,489,51,0,9,0,60,309,183,55,2,549,0,0,0,549
02/08/2004,PDX,OR,ANM,WE,Combined TRACON& Tower with Radar,251,199,46,9,505,14,0,18,0,32,265,199,64,9,537,0,0,0,537
02/09/2004,PDX,OR,ANM,WE,Combined TRACON& Tower with Radar,319,241,47,20,627,42,0,0,0,42,361,241,47,20,669,0,8,8,677
02/10/2004,PDX,OR,ANM,WE,Combined TRACON& Tower with Radar,356,282,64,23,725,13,0,36,5,54,369,282,100,28,779,4,2,6,785
02/11/2004,PDX,OR,ANM,WE,Combined TRACON& Tower with Radar,294,273,58,22,647,0,39,55,13,107,294,312,113,35,754,2,0,2,756
02/12/2004,PDX,OR,ANM,WE,Combined TRACON& Tower with Radar,316,299,65,24,704,0,50,92,14,156,316,349,157,38,860,0,2,2,862
02/13/2004,PDX,OR,ANM,WE,Combined TRACON& Tower with Radar,317,282,60,23,682,0,69,19,0,88,317,351,79,23,770,4,2,6,776
02/14/2004,PDX,OR,ANM,WE,Combined TRACON& Tower with Radar,260,187,44,2,493,54,0,0,0,54,314,187,44,2,547,0,1,1,548
02/15/2004,PDX,OR,ANM,WE,Combined TRACON& Tower with Radar,253,211,45,5,514,14,7,21,0,42,267,218,66,5,556,0,0,0,556
02/16/2004,PDX,OR,ANM,WE,Combined TRACON& Tower with Radar,295,211,51,3,560,52,0,0,0,52,347,211,51,3,612,0,0,0,612
02/17/2004,PDX,OR,ANM,WE,Combined TRACON& Tower with Radar,315,279,60,23,677,0,42,10,3,55,315,321,70,26,732,0,0,0,732
02/18/2004,PDX,OR,ANM,WE,Combined TRACON& Tower with Radar,319,287,61,24,691,0,78,20,2,100,319,365,81,26,791,0,2,2,793
02/19/2004,PDX,OR,ANM,WE,Combined TRACON& Tower with Radar,315,299,64,25,703,0,61,81,10,152,315,360,145,35,855,6,0,6,861
02/20/2004,PDX,OR,ANM,WE,Combined TRACON& Tower with Radar,315,288,62,19,684,0,59,60,0,119,315,347,122,19,803,4,2,6,809
02/21/2004,PDX,OR,ANM,WE,Combined TRACON& Tower with Radar,284,191,50,19,544,40,0,42,0,82,324,191,92,19,626,2,8,10,636
02/22/2004,PDX,OR,ANM,WE,Combined TRACON& Tower with Radar,263,225,48,19,555,0,0,41,3,44,263,225,89,22,599,2,2,4,603
02/23/2004,PDX,OR,ANM,WE,Combined TRACON& Tower with Radar,300,262,56,22,640,0,63,64,4,131,300,325,120,26,771,10,0,10,781
02/24/2004,PDX,OR,ANM,WE,Combined TRACON& Tower with Radar,309,286,61,23,679,0,69,12,9,90,309,355,73,32,769,8,0,8,777
02/25/2004,PDX,OR,ANM,WE,Combined TRACON& Tower with Radar,313,283,54,22,672,0,39,0,12,51,313,322,54,34,723,0,0,0,723
02/26/2004,PDX,OR,ANM,WE,Combined TRACON& Tower with Radar,351,291,62,23,727,8,7,29,3,47,359,298,91,26,774,10,4,14,788
02/27/2004,PDX,OR,ANM,WE,Combined TRACON& Tower with Radar,315,278,51,22,666,0,56,0,16,72,315,334,51,38,738,4,1,5,743
02/28/2004,PDX,OR,ANM,WE,Combined TRACON& Tower with Radar,262,177,46,5,490,53,0,1,0,54,315,177,47,5,544,0,2,2,546
02/29/2004,PDX,OR,ANM,WE,Combined TRACON& Tower with Radar,254,211,45,8,518,19,3,1,0,23,273,214,46,8,541,2,0,2,543
03/01/2004,PDX,OR,ANM,WE,Combined TRACON& Tower with Radar,329,269,64,24,686,22,7,32,6,67,351,276,96,30,753,6,0,6,759
03/02/2004,PDX,OR,ANM,WE,Combined TRACON& Tower with Radar,328,302,72,27,729,0,47,72,5,124,328,349,144,32,853,4,0,4,857
03/03/2004,PDX,OR,ANM,WE,Combined TRACON& Tower with Radar,317,297,62,27,703,0,56,0,12,68,317,353,62,39,771,0,0,0,771
03/04/2004,PDX,OR,ANM,WE,Combined TRACON& Tower with Radar,307,276,66,25,674,0,76,25,13,114,307,352,91,38,788,42,2,44,832
03/05/2004,PDX,OR,ANM,WE,Combined TRACON& Tower with Radar,326,277,52,24,679,0,69,0,0,69,326,346,52,24,748,14,1,15,763
03/06/2004,PDX,OR,ANM,WE,Combined TRACON& Tower with Radar,268,178,52,8,506,68,0,8,0,76,336,178,60,8,582,6,2,8,590
03/07/2004,PDX,OR,ANM,WE,Combined TRACON& Tower with Radar,256,205,50,13,524,20,0,17,0,37,276,205,67,13,561,4,2,6,567
03/08/2004,PDX,OR,ANM,WE,Combined TRACON& Tower with Radar,321,249,62,23,655,38,0,10,4,52,359,249,72,27,707,2,2,4,711
03/09/2004,PDX,OR,ANM,WE,Combined TRACON& Tower with Radar,351,286,67,21,725,33,0,9,0,42,384,286,76,21,767,0,2,2,769
03/10/2004,PDX,OR,ANM,WE,Combined TRACON& Tower with Radar,325,294,69,27,715,0,57,58,2,117,325,351,127,29,832,0,2,2,834
03/11/2004,PDX,OR,ANM,WE,Combined TRACON& Tower with Radar,326,303,71,28,728,0,40,71,5,116,326,343,142,33,844,0,2,2,846
03/12/2004,PDX,OR,ANM,WE,Combined TRACON& Tower with Radar,327,295,69,27,718,0,45,49,7,101,327,340,118,34,819,2,2,4,823
03/13/2004,PDX,OR,ANM,WE,Combined TRACON& Tower with Radar,280,172,53,21,526,53,0,19,21,93,333,172,72,42,619,0,2,2,621
03/14/2004,PDX,OR,ANM,WE,Combined TRACON& Tower with Radar,227,183,44,15,469,19,0,3,0,22,246,183,47,15,491,0,0,0,491
03/15/2004,PDX,OR,ANM,WE,Combined TRACON& Tower with Radar,319,244,62,12,637,45,0,42,0,87,364,244,104,12,724,18,0,18,742
03/16/2004,PDX,OR,ANM,WE,Combined TRACON& Tower with Radar,357,276,68,27,728,13,0,39,9,61,370,276,107,36,789,0,0,0,789
03/17/2004,PDX,OR,ANM,WE,Combined TRACON& Tower with Radar,306,291,68,27,692,0,56,46,8,110,306,347,114,35,802,0,2,2,804
03/18/2004,PDX,OR,ANM,WE,Combined TRACON& Tower with Radar,342,267,66,23,698,18,0,25,0,43,360,267,91,23,741,2,3,5,746
03/19/2004,PDX,OR,ANM,WE,Combined TRACON& Tower with Radar,329,297,70,28,724,0,69,62,4,135,329,366,132,32,859,62,1,63,922
03/20/2004,PDX,OR,ANM,WE,Combined TRACON& Tower with Radar,269,185,51,2,507,75,0,5,0,80,344,185,56,2,587,0,0,0,587
03/21/2004,PDX,OR,ANM,WE,Combined TRACON& Tower with Radar,255,210,49,8,522,0,7,35,0,42,255,217,84,8,564,0,0,0,564
03/22/2004,PDX,OR,ANM,WE,Combined TRACON& Tower with Radar,308,264,60,25,657,0,31,0,0,31,308,295,60,25,688,2,0,2,690
03/23/2004,PDX,OR,ANM,WE,Combined TRACON& Tower with Radar,332,298,70,28,728,0,51,33,12,96,332,349,103,40,824,2,2,4,828
03/24/2004,PDX,OR,ANM,WE,Combined TRACON& Tower with Radar,316,277,65,26,684,0,63,29,3,95,316,340,94,29,779,12,0,12,791
03/25/2004,PDX,OR,ANM,WE,Combined TRACON& Tower with Radar,264,232,54,5,555,0,32,16,0,48,264,264,70,5,603,2,2,4,607
03/26/2004,PDX,OR,ANM,WE,Combined TRACON& Tower with Radar,332,277,54,25,688,0,64,0,2,66,332,341,54,27,754,2,0,2,756
03/27/2004,PDX,OR,ANM,WE,Combined TRACON& Tower with Radar,270,172,51,3,496,70,0,0,0,70,340,172,51,3,566,0,0,0,566
03/28/2004,PDX,OR,ANM,WE,Combined TRACON& Tower with Radar,287,229,55,14,585,0,0,48,0,48,287,229,103,14,633,6,0,6,639
03/29/2004,PDX,OR,ANM,WE,Combined TRACON& Tower with Radar,336,250,0,0,586,59,0,0,0,59,395,250,0,0,645,0,2,2,647
03/30/2004,PDX,OR,ANM,WE,Combined TRACON& Tower with Radar,329,293,69,26,717,0,78,13,4,95,329,371,82,30,812,0,4,4,816
03/31/2004,PDX,OR,ANM,WE,Combined TRACON& Tower with Radar,322,286,67,25,700,0,20,24,20,64,322,306,91,45,764,2,0,2,766
04/01/2004,PDX,OR,ANM,WE,Combined TRACON& Tower with Radar,316,288,68,23,695,0,21,41,12,74,316,309,109,35,769,0,1,1,770
04/02/2004,PDX,OR,ANM,WE,Combined TRACON& Tower with Radar,330,296,71,24,721,0,50,50,18,118,330,346,121,42,839,0,2,2,841
04/03/2004,PDX,OR,ANM,WE,Combined TRACON& Tower with Radar,277,179,51,7,514,58,0,25,0,83,335,179,76,7,597,4,0,4,601
04/04/2004,PDX,OR,ANM,WE,Combined TRACON& Tower with Radar,281,224,53,18,576,0,1,30,3,34,281,225,83,21,610,0,0,0,610
04/05/2004,PDX,OR,ANM,WE,Combined TRACON& Tower with Radar,328,252,60,20,660,31,0,12,9,52,359,252,72,29,712,16,0,16,728
04/06/2004,PDX,OR,ANM,WE,Combined TRACON& Tower with Radar,365,278,67,23,733,2,0,35,1,38,367,278,102,24,771,2,0,2,773
04/07/2004,PDX,OR,ANM,WE,Combined TRACON& Tower with Radar,337,289,70,23,719,0,50,22,12,84,337,339,92,35,803,0,0,0,803
04/08/2004,PDX,OR,ANM,WE,Combined TRACON& Tower with Radar,329,296,71,24,720,0,59,74,7,140,329,355,145,31,860,20,0,20,880
04/09/2004,PDX,OR,ANM,WE,Combined TRACON& Tower with Radar,329,282,67,17,695,0,54,90,0,144,329,336,157,17,839,109,0,109,948
04/10/2004,PDX,OR,ANM,WE,Combined TRACON& Tower with Radar,266,183,49,2,500,71,0,35,0,106,337,183,84,2,606,2,0,2,608
04/11/2004,PDX,OR,ANM,WE,Combined TRACON& Tower with Radar,274,200,50,10,534,7,0,42,0,49,281,200,92,10,583,0,6,6,589
04/12/2004,PDX,OR,ANM,WE,Combined TRACON& Tower with Radar,338,235,62,21,656,25,0,8,1,34,363,235,70,22,690,0,2,2,692
04/13/2004,PDX,OR,ANM,WE,Combined TRACON& Tower with Radar,360,278,66,21,725,13,1,19,0,33,373,279,85,21,758,4,0,4,762
04/14/2004,PDX,OR,ANM,WE,Combined TRACON& Tower with Radar,331,283,66,24,704,0,70,25,11,106,331,353,91,35,810,0,0,0,810
04/15/2004,PDX,OR,ANM,WE,Combined TRACON& Tower with Radar,326,284,67,24,701,0,48,5,7,60,326,332,72,31,761,2,2,4,765
04/16/2004,PDX,OR,ANM,WE,Combined TRACON& Tower with Radar,311,270,64,23,668,0,66,30,9,105,311,336,94,32,773,114,0,114,887
04/17/2004,PDX,OR,ANM,WE,Combined TRACON& Tower with Radar,302,179,54,20,555,36,0,5,22,63,338,179,59,42,618,8,0,8,626
04/18/2004,PDX,OR,ANM,WE,Combined TRACON& Tower with Radar,260,151,47,17,475,66,0,7,5,78,326,151,54,22,553,0,0,0,553
04/19/2004,PDX,OR,ANM,WE,Combined TRACON& Tower with Radar,316,257,60,22,655,0,27,29,0,56,316,284,89,22,711,0,2,2,713
04/20/2004,PDX,OR,ANM,WE,Combined TRACON& Tower with Radar,365,280,66,20,731,6,9,6,0,21,371,289,72,20,752,4,0,4,756
04/21/2004,PDX,OR,ANM,WE,Combined TRACON& Tower with Radar,355,288,68,24,735,0,34,32,0,66,355,322,100,24,801,0,0,0,801
04/22/2004,PDX,OR,ANM,WE,Combined TRACON& Tower with Radar,334,271,64,0,669,0,27,22,0,49,334,298,86,0,718,0,1,1,719
04/23/2004,PDX,OR,ANM,WE,Combined TRACON& Tower with Radar,363,295,70,25,753,0,51,27,2,80,363,346,97,27,833,109,6,115,948
04/24/2004,PDX,OR,ANM,WE,Combined TRACON& Tower with Radar,261,180,47,1,489,70,0,2,0,72,331,180,49,1,561,0,0,0,561
04/25/2004,PDX,OR,ANM,WE,Combined TRACON& Tower with Radar,264,166,48,7,485,58,0,39,0,97,322,166,87,7,582,4,0,4,586
04/26/2004,PDX,OR,ANM,WE,Combined TRACON& Tower with Radar,330,267,63,22,682,0,29,27,2,58,330,296,90,24,740,2,6,8,748
04/27/2004,PDX,OR,ANM,WE,Combined TRACON& Tower with Radar,386,297,70,24,777,23,14,26,3,66,409,311,96,27,843,20,0,20,863
04/28/2004,PDX,OR,ANM,WE,Combined TRACON& Tower with Radar,354,281,66,23,724,0,54,29,4,87,354,335,95,27,811,6,4,10,821
04/29/2004,PDX,OR,ANM,WE,Combined TRACON& Tower with Radar,344,280,67,22,713,0,79,58,4,141,344,359,125,26,854,2,6,8,862
04/30/2004,PDX,OR,ANM,WE,Combined TRACON& Tower with Radar,364,281,66,14,725,39,10,86,0,135,403,291,152,14,860,6,2,8,868
05/01/2004,PDX,OR,ANM,WE,Combined TRACON& Tower with Radar,283,174,41,5,503,46,0,20,0,66,329,174,61,5,569,0,6,6,575
05/02/2004,PDX,OR,ANM,WE,Combined TRACON& Tower with Radar,283,160,41,12,496,45,0,33,0,78,328,160,74,12,574,0,0,0,574
05/03/2004,PDX,OR,ANM,WE,Combined TRACON& Tower with Radar,322,255,52,0,629,0,68,64,0,132,322,323,116,0,761,2,0,2,763
05/04/2004,PDX,OR,ANM,WE,Combined TRACON& Tower with Radar,369,270,56,16,711,0,23,25,5,53,369,293,81,21,764,6,2,8,772
05/05/2004,PDX,OR,ANM,WE,Combined TRACON& Tower with Radar,350,276,57,17,700,0,52,34,8,94,350,328,91,25,794,0,0,0,794
05/06/2004,PDX,OR,ANM,WE,Combined TRACON& Tower with Radar,355,280,58,17,710,0,70,63,8,141,355,350,121,25,851,11,0,11,862
05/07/2004,PDX,OR,ANM,WE,Combined TRACON& Tower with Radar,340,269,55,16,680,0,44,30,9,83,340,313,85,25,763,3,0,3,766
05/08/2004,PDX,OR,ANM,WE,Combined TRACON& Tower with Radar,276,177,36,0,489,47,0,0,0,47,323,177,36,0,536,0,0,0,536
05/09/2004,PDX,OR,ANM,WE,Combined TRACON& Tower with Radar,274,160,29,3,466,52,0,0,0,52,326,160,29,3,518,2,2,4,522
05/10/2004,PDX,OR,ANM,WE,Combined TRACON& Tower with Radar,371,260,53,13,697,4,0,43,0,47,375,260,96,13,744,62,0,62,806
05/11/2004,PDX,OR,ANM,WE,Combined TRACON& Tower with Radar,374,281,58,17,730,0,23,41,19,83,374,304,99,36,813,10,12,22,835
05/12/2004,PDX,OR,ANM,WE,Combined TRACON& Tower with Radar,355,280,58,17,710,0,36,39,10,85,355,316,97,27,795,4,0,4,799
05/13/2004,PDX,OR,ANM,WE,Combined TRACON& Tower with Radar,353,279,57,17,706,0,75,68,9,152,353,354,125,26,858,8,0,8,866
05/14/2004,PDX,OR,ANM,WE,Combined TRACON& Tower with Radar,363,254,53,7,677,11,12,47,0,70,374,266,100,7,747,8,0,8,755
05/15/2004,PDX,OR,ANM,WE,Combined TRACON& Tower with Radar,293,180,42,5,520,36,0,25,0,61,329,180,67,5,581,0,2,2,583
05/16/2004,PDX,OR,ANM,WE,Combined TRACON& Tower with Radar,293,174,42,6,515,37,0,6,0,43,330,174,48,6,558,0,0,0,558
05/17/2004,PDX,OR,ANM,WE,Combined TRACON& Tower with Radar,282,199,40,13,534,0,10,57,2,69,282,209,97,15,603,8,2,10,613
05/18/2004,PDX,OR,ANM,WE,Combined TRACON& Tower with Radar,369,269,54,17,709,0,26,16,11,53,369,295,70,28,762,0,0,0,762
05/19/2004,PDX,OR,ANM,WE,Combined TRACON& Tower with Radar,368,290,59,18,735,0,31,17,6,54,368,321,76,24,789,4,0,4,793
05/20/2004,PDX,OR,ANM,WE,Combined TRACON& Tower with Radar,353,278,56,18,705,0,59,63,11,133,353,337,119,29,838,0,9,9,847
05/21/2004,PDX,OR,ANM,WE,Combined TRACON& Tower with Radar,372,264,54,0,690,0,13,18,0,31,372,277,72,0,721,59,0,59,780
05/22/2004,PDX,OR,ANM,WE,Combined TRACON& Tower with Radar,279,166,37,3,485,53,0,0,0,53,332,166,37,3,538,0,0,0,538
05/23/2004,PDX,OR,ANM,WE,Combined TRACON& Tower with Radar,267,161,37,3,468,57,0,6,0,63,324,161,43,3,531,8,0,8,539
05/24/2004,PDX,OR,ANM,WE,Combined TRACON& Tower with Radar,365,250,51,16,682,7,0,20,16,43,372,250,71,32,725,16,4,20,745
05/25/2004,PDX,OR,ANM,WE,Combined TRACON& Tower with Radar,363,252,51,16,682,3,28,25,4,60,366,280,76,20,742,4,5,9,751
05/26/2004,PDX,OR,ANM,WE,Combined TRACON& Tower with Radar,338,267,54,17,676,0,30,20,6,56,338,297,74,23,732,0,4,4,736
05/27/2004,PDX,OR,ANM,WE,Combined TRACON& Tower with Radar,340,268,54,17,679,0,35,27,6,68,340,303,81,23,747,68,0,68,815
05/28/2004,PDX,OR,ANM,WE,Combined TRACON& Tower with Radar,366,267,54,17,704,0,10,17,6,33,366,277,71,23,737,71,4,75,812
05/29/2004,PDX,OR,ANM,WE,Combined TRACON& Tower with Radar,264,170,36,1,471,49,0,0,0,49,313,170,36,1,520,0,4,4,524
05/30/2004,PDX,OR,ANM,WE,Combined TRACON& Tower with Radar,206,126,34,0,366,0,0,8,0,8,206,126,42,0,374,0,0,0,374
05/31/2004,PDX,OR,ANM,WE,Combined TRACON& Tower with Radar,284,166,40,8,498,68,0,47,0,115,352,166,87,8,613,16,0,16,629
06/01/2004,PDX,OR,ANM,WE,Combined TRACON& Tower with Radar,369,258,57,15,699,0,17,62,3,82,369,275,119,18,781,1,1,2,783
06/02/2004,PDX,OR,ANM,WE,Combined TRACON& Tower with Radar,354,278,61,16,709,0,69,64,10,143,354,347,125,26,852,4,2,6,858
06/03/2004,PDX,OR,ANM,WE,Combined TRACON& Tower with Radar,341,267,59,16,683,0,76,47,17,140,341,343,106,33,823,4,2,6,829
06/04/2004,PDX,OR,ANM,WE,Combined TRACON& Tower with Radar,427,302,66,18,813,0,9,75,2,86,427,311,141,20,899,140,1,141,1040
06/05/2004,PDX,OR,ANM,WE,Combined TRACON& Tower with Radar,277,171,35,8,491,50,0,0,0,50,327,171,35,8,541,6,0,6,547
06/06/2004,PDX,OR,ANM,WE,Combined TRACON& Tower with Radar,281,164,37,6,488,56,0,0,0,56,337,164,37,6,544,0,0,0,544
06/07/2004,PDX,OR,ANM,WE,Combined TRACON& Tower with Radar,371,258,57,4,690,27,23,29,0,79,398,281,86,4,769,97,0,97,866
06/08/2004,PDX,OR,ANM,WE,Combined TRACON& Tower with Radar,387,288,63,14,752,0,20,31,0,51,387,308,94,14,803,3,2,5,808
06/09/2004,PDX,OR,ANM,WE,Combined TRACON& Tower with Radar,338,266,58,15,677,0,37,43,8,88,338,303,101,23,765,8,0,8,773
06/10/2004,PDX,OR,ANM,WE,Combined TRACON& Tower with Radar,345,271,60,16,692,0,38,37,9,84,345,309,97,25,776,3,0,3,779
06/11/2004,PDX,OR,ANM,WE,Combined TRACON& Tower with Radar,461,319,70,8,858,3,0,46,0,49,464,319,116,8,907,130,0,130,1037
06/12/2004,PDX,OR,ANM,WE,Combined TRACON& Tower with Radar,309,189,46,13,557,44,0,58,10,112,353,189,104,23,669,2,2,4,673
06/13/2004,PDX,OR,ANM,WE,Combined TRACON& Tower with Radar,305,168,47,13,533,58,0,7,0,65,363,168,54,13,598,2,0,2,600
06/14/2004,PDX,OR,ANM,WE,Combined TRACON& Tower with Radar,403,281,61,0,745,14,0,50,0,64,417,281,111,0,809,8,2,10,819
06/15/2004,PDX,OR,ANM,WE,Combined TRACON& Tower with Radar,382,266,58,16,722,17,6,60,1,84,399,272,118,17,806,2,2,4,810
06/16/2004,PDX,OR,ANM,WE,Combined TRACON& Tower with Radar,365,286,62,18,731,0,79,61,9,149,365,365,123,27,880,16,0,16,896
06/17/2004,PDX,OR,ANM,WE,Combined TRACON& Tower with Radar,358,281,61,17,717,0,45,62,8,115,358,326,123,25,832,1,2,3,835
06/18/2004,PDX,OR,ANM,WE,Combined TRACON& Tower with Radar,387,269,58,2,716,12,21,31,0,64,399,290,89,2,780,9,2,11,791
06/19/2004,PDX,OR,ANM,WE,Combined TRACON& Tower with Radar,302,190,46,2,540,59,0,33,0,92,361,190,79,2,632,4,0,4,636
06/20/2004,PDX,OR,ANM,WE,Combined TRACON& Tower with Radar,284,223,48,14,569,0,53,55,7,115,284,276,103,21,684,2,0,2,686
06/21/2004,PDX,OR,ANM,WE,Combined TRACON& Tower with Radar,367,238,55,16,676,19,0,7,2,28,386,238,62,18,704,2,6,8,712
06/22/2004,PDX,OR,ANM,WE,Combined TRACON& Tower with Radar,388,263,58,17,726,12,0,27,0,39,400,263,85,17,765,0,0,0,765
06/23/2004,PDX,OR,ANM,WE,Combined TRACON& Tower with Radar,387,279,60,17,743,0,2,23,1,26,387,281,83,18,769,0,2,2,771
06/24/2004,PDX,OR,ANM,WE,Combined TRACON& Tower with Radar,374,293,63,18,748,0,52,25,8,85,374,345,88,26,833,2,0,2,835
06/25/2004,PDX,OR,ANM,WE,Combined TRACON& Tower with Radar,327,257,55,16,655,0,64,30,8,102,327,321,85,24,757,2,2,4,761
06/26/2004,PDX,OR,ANM,WE,Combined TRACON& Tower with Radar,295,175,44,2,516,70,0,14,0,84,365,175,58,2,600,2,0,2,602
06/27/2004,PDX,OR,ANM,WE,Combined TRACON& Tower with Radar,265,207,45,13,530,0,64,40,7,111,265,271,85,20,641,0,2,2,643
06/28/2004,PDX,OR,ANM,WE,Combined TRACON& Tower with Radar,399,275,60,13,747,31,0,15,0,46,430,275,75,13,793,8,4,12,805
06/29/2004,PDX,OR,ANM,WE,Combined TRACON& Tower with Radar,424,294,64,17,799,7,0,45,5,57,431,294,109,22,856,0,2,2,858
06/30/2004,PDX,OR,ANM,WE,Combined TRACON& Tower with Radar,402,279,61,14,756,7,0,9,0,16,409,279,70,14,772,0,2,2,774
07/01/2004,PDX,OR,ANM,WE,Combined TRACON& Tower with Radar,354,255,57,17,683,0,89,58,9,156,354,344,115,26,839,2,0,2,841
07/02/2004,PDX,OR,ANM,WE,Combined TRACON& Tower with Radar,427,257,58,1,743,9,31,34,0,74,436,288,92,1,817,8,0,8,825
07/03/2004,PDX,OR,ANM,WE,Combined TRACON& Tower with Radar,318,169,44,0,531,54,0,7,0,61,372,169,51,0,592,0,1,1,593
07/04/2004,PDX,OR,ANM,WE,Combined TRACON& Tower with Radar,272,133,37,7,449,53,0,21,0,74,325,133,58,7,523,0,0,0,523
07/05/2004,PDX,OR,ANM,WE,Combined TRACON& Tower with Radar,319,153,43,0,515,38,0,46,0,84,357,153,89,0,599,0,0,0,599
07/06/2004,PDX,OR,ANM,WE,Combined TRACON& Tower with Radar,372,219,50,11,652,23,0,40,0,63,395,219,90,11,715,4,1,5,720
07/07/2004,PDX,OR,ANM,WE,Combined TRACON& Tower with Radar,414,251,57,16,738,0,19,46,0,65,414,270,103,16,803,0,6,6,809
07/08/2004,PDX,OR,ANM,WE,Combined TRACON& Tower with Radar,343,247,55,17,662,0,90,43,8,141,343,337,98,25,803,14,9,23,826
07/09/2004,PDX,OR,ANM,WE,Combined TRACON& Tower with Radar,356,257,57,18,688,0,79,28,7,114,356,336,85,25,802,161,3,164,966
07/10/2004,PDX,OR,ANM,WE,Combined TRACON& Tower with Radar,323,166,43,5,537,59,0,11,0,70,382,166,54,5,607,20,6,26,633
07/11/2004,PDX,OR,ANM,WE,Combined TRACON& Tower with Radar,329,154,44,12,539,51,0,69,0,120,380,154,113,12,659,10,4,14,673
07/12/2004,PDX,OR,ANM,WE,Combined TRACON& Tower with Radar,385,232,52,16,685,0,32,60,10,102,385,264,112,26,787,16,0,16,803
07/13/2004,PDX,OR,ANM,WE,Combined TRACON& Tower with Radar,442,264,59,19,784,1,22,24,7,54,443,286,83,26,838,0,1,1,839
07/14/2004,PDX,OR,ANM,WE,Combined TRACON& Tower with Radar,470,295,65,21,851,0,33,71,7,111,470,328,136,28,962,8,4,12,974
07/15/2004,PDX,OR,ANM,WE,Combined TRACON& Tower with Radar,361,261,57,18,697,0,100,69,8,177,361,361,126,26,874,8,0,8,882
07/16/2004,PDX,OR,ANM,WE,Combined TRACON& Tower with Radar,417,259,58,18,752,0,23,33,16,72,417,282,91,34,824,79,0,79,903
07/17/2004,PDX,OR,ANM,WE,Combined TRACON& Tower with Radar,338,164,45,14,561,52,0,12,29,93,390,164,57,43,654,0,10,10,664
07/18/2004,PDX,OR,ANM,WE,Combined TRACON& Tower with Radar,331,174,44,5,554,41,0,39,0,80,372,174,83,5,634,2,0,2,636
07/19/2004,PDX,OR,ANM,WE,Combined TRACON& Tower with Radar,413,246,55,17,731,0,22,47,7,76,413,268,102,24,807,10,0,10,817
07/20/2004,PDX,OR,ANM,WE,Combined TRACON& Tower with Radar,425,260,58,18,761,0,17,53,1,71,425,277,111,19,832,0,0,0,832
07/21/2004,PDX,OR,ANM,WE,Combined TRACON& Tower with Radar,405,250,56,18,729,0,30,40,11,81,405,280,96,29,810,6,0,6,816
07/22/2004,PDX,OR,ANM,WE,Combined TRACON& Tower with Radar,460,281,62,0,803,0,19,81,0,100,460,300,143,0,903,10,0,10,913
07/23/2004,PDX,OR,ANM,WE,Combined TRACON& Tower with Radar,422,253,56,11,742,14,23,36,0,73,436,276,92,11,815,149,1,150,965
07/24/2004,PDX,OR,ANM,WE,Combined TRACON& Tower with Radar,331,171,44,13,559,51,0,50,0,101,382,171,94,13,660,6,0,6,666
07/25/2004,PDX,OR,ANM,WE,Combined TRACON& Tower with Radar,341,167,45,11,564,41,0,65,0,106,382,167,110,11,670,0,0,0,670
07/26/2004,PDX,OR,ANM,WE,Combined TRACON& Tower with Radar,337,243,54,16,650,0,105,31,8,144,337,348,85,24,794,0,0,0,794
07/27/2004,PDX,OR,ANM,WE,Combined TRACON& Tower with Radar,429,263,59,16,767,0,16,61,0,77,429,279,120,16,844,6,0,6,850
07/28/2004,PDX,OR,ANM,WE,Combined TRACON& Tower with Radar,511,328,72,22,933,0,14,93,17,124,511,342,165,39,1057,0,2,2,1059
07/29/2004,PDX,OR,ANM,WE,Combined TRACON& Tower with Radar,354,255,56,17,682,0,89,56,12,157,354,344,112,29,839,1,4,5,844
07/30/2004,PDX,OR,ANM,WE,Combined TRACON& Tower with Radar,401,240,53,16,710,12,15,42,5,74,413,255,95,21,784,2,2,4,788
07/31/2004,PDX,OR,ANM,WE,Combined TRACON& Tower with Radar,331,193,44,5,573,48,0,31,0,79,379,193,75,5,652,0,2,2,654
08/01/2004,PDX,OR,ANM,WE,Combined TRACON& Tower with Radar,317,169,38,3,527,43,0,0,0,43,360,169,38,3,570,0,0,0,570
08/02/2004,PDX,OR,ANM,WE,Combined TRACON& Tower with Radar,393,233,59,24,709,0,26,19,10,55,393,259,78,34,764,0,0,0,764
08/03/2004,PDX,OR,ANM,WE,Combined TRACON& Tower with Radar,438,276,70,28,812,0,31,58,4,93,438,307,128,32,905,8,2,10,915
08/04/2004,PDX,OR,ANM,WE,Combined TRACON& Tower with Radar,397,144,50,10,601,121,0,0,0,121,518,144,50,10,722,0,4,4,726
08/05/2004,PDX,OR,ANM,WE,Combined TRACON& Tower with Radar,359,250,63,25,697,0,87,33,9,129,359,337,96,34,826,0,4,4,830
08/06/2004,PDX,OR,ANM,WE,Combined TRACON& Tower with Radar,410,257,65,26,758,0,9,25,19,53,410,266,90,45,811,0,0,0,811
08/07/2004,PDX,OR,ANM,WE,Combined TRACON& Tower with Radar,326,170,48,3,547,45,0,50,0,95,371,170,98,3,642,0,1,1,643
08/08/2004,PDX,OR,ANM,WE,Combined TRACON& Tower with Radar,322,168,48,5,543,59,0,1,0,60,381,168,49,5,603,16,0,16,619
08/09/2004,PDX,OR,ANM,WE,Combined TRACON& Tower with Radar,402,236,59,24,721,5,22,54,16,97,407,258,113,40,818,10,2,12,830
08/10/2004,PDX,OR,ANM,WE,Combined TRACON& Tower with Radar,436,267,67,27,797,0,35,35,21,91,436,302,102,48,888,0,6,6,894
08/11/2004,PDX,OR,ANM,WE,Combined TRACON& Tower with Radar,412,256,64,26,758,0,18,8,20,46,412,274,72,46,804,6,3,9,813
08/12/2004,PDX,OR,ANM,WE,Combined TRACON& Tower with Radar,435,267,67,27,796,0,23,94,13,130,435,290,161,40,926,10,4,14,940
08/13/2004,PDX,OR,ANM,WE,Combined TRACON& Tower with Radar,415,244,61,25,745,0,23,14,5,42,415,267,75,30,787,115,2,117,904
08/14/2004,PDX,OR,ANM,WE,Combined TRACON& Tower with Radar,349,174,52,21,596,35,0,31,16,82,384,174,83,37,678,0,0,0,678
08/15/2004,PDX,OR,ANM,WE,Combined TRACON& Tower with Radar,324,168,48,5,545,49,0,40,0,89,373,168,88,5,634,12,4,16,650
08/16/2004,PDX,OR,ANM,WE,Combined TRACON& Tower with Radar,386,230,59,23,698,0,19,31,12,62,386,249,90,35,760,2,0,2,762
08/17/2004,PDX,OR,ANM,WE,Combined TRACON& Tower with Radar,419,253,63,26,761,0,28,97,7,132,419,281,160,33,893,4,2,6,899
08/18/2004,PDX,OR,ANM,WE,Combined TRACON& Tower with Radar,407,250,62,26,745,0,26,42,6,74,407,276,104,32,819,2,0,2,821
08/19/2004,PDX,OR,ANM,WE,Combined TRACON& Tower with Radar,348,242,60,25,675,0,96,40,1,137,348,338,100,26,812,8,10,18,830
08/20/2004,PDX,OR,ANM,WE,Combined TRACON& Tower with Radar,411,250,63,26,750,0,31,55,7,93,411,281,118,33,843,151,0,151,994
08/21/2004,PDX,OR,ANM,WE,Combined TRACON& Tower with Radar,333,175,48,6,562,49,0,18,0,67,382,175,66,6,629,4,2,6,635
08/22/2004,PDX,OR,ANM,WE,Combined TRACON& Tower with Radar,334,189,48,4,575,40,0,14,0,54,374,189,62,4,629,0,0,0,629
08/23/2004,PDX,OR,ANM,WE,Combined TRACON& Tower with Radar,391,261,65,28,745,0,20,66,23,109,391,281,131,51,854,4,0,4,858
08/24/2004,PDX,OR,ANM,WE,Combined TRACON& Tower with Radar,406,257,64,27,754,0,34,8,7,49,406,291,72,34,803,0,0,0,803
08/25/2004,PDX,OR,ANM,WE,Combined TRACON& Tower with Radar,407,261,65,28,761,0,20,21,13,54,407,281,86,41,815,18,0,18,833
08/26/2004,PDX,OR,ANM,WE,Combined TRACON& Tower with Radar,408,261,65,1,735,0,3,94,0,97,408,264,159,1,832,0,0,0,832
08/27/2004,PDX,OR,ANM,WE,Combined TRACON& Tower with Radar,405,255,63,27,750,0,21,71,4,96,405,276,134,31,846,157,12,169,1015
08/28/2004,PDX,OR,ANM,WE,Combined TRACON& Tower with Radar,334,171,48,14,567,44,0,50,0,94,378,171,98,14,661,2,8,10,671
08/29/2004,PDX,OR,ANM,WE,Combined TRACON& Tower with Radar,329,168,49,6,552,39,0,36,0,75,368,168,85,6,627,2,2,4,631
08/30/2004,PDX,OR,ANM,WE,Combined TRACON& Tower with Radar,391,231,57,18,697,0,31,26,0,57,391,262,83,18,754,0,0,0,754
08/31/2004,PDX,OR,ANM,WE,Combined TRACON& Tower with Radar,400,243,60,17,720,0,33,48,0,81,400,276,108,17,801,2,1,3,804
09/01/2004,PDX,OR,ANM,WE,Combined TRACON& Tower with Radar,407,266,68,18,759,0,21,51,11,83,407,287,119,29,842,4,2,6,848
09/02/2004,PDX,OR,ANM,WE,Combined TRACON& Tower with Radar,355,260,67,17,699,0,70,36,8,114,355,330,103,25,813,5,1,6,819
09/03/2004,PDX,OR,ANM,WE,Combined TRACON& Tower with Radar,407,259,66,9,741,0,27,29,0,56,407,286,95,9,797,101,1,102,899
09/04/2004,PDX,OR,ANM,WE,Combined TRACON& Tower with Radar,299,157,49,2,507,63,0,7,0,70,362,157,56,2,577,0,0,0,577
09/05/2004,PDX,OR,ANM,WE,Combined TRACON& Tower with Radar,278,138,46,2,464,61,0,25,0,86,339,138,71,2,550,0,0,0,550
09/06/2004,PDX,OR,ANM,WE,Combined TRACON& Tower with Radar,310,173,50,2,535,37,0,28,0,65,347,173,78,2,600,2,0,2,602
09/07/2004,PDX,OR,ANM,WE,Combined TRACON& Tower with Radar,394,249,64,16,723,0,29,46,4,79,394,278,110,20,802,4,0,4,806
09/08/2004,PDX,OR,ANM,WE,Combined TRACON& Tower with Radar,382,248,63,16,709,0,29,61,3,93,382,277,124,19,802,0,0,0,802
09/09/2004,PDX,OR,ANM,WE,Combined TRACON& Tower with Radar,355,260,67,17,699,0,81,40,12,133,355,341,107,29,832,0,2,2,834
09/10/2004,PDX,OR,ANM,WE,Combined TRACON& Tower with Radar,391,256,65,14,726,0,22,81,0,103,391,278,146,14,829,3,1,4,833
09/11/2004,PDX,OR,ANM,WE,Combined TRACON& Tower with Radar,308,167,49,11,535,41,0,14,0,55,349,167,63,11,590,2,0,2,592
09/12/2004,PDX,OR,ANM,WE,Combined TRACON& Tower with Radar,293,154,46,2,495,44,0,15,0,59,337,154,61,2,554,10,0,10,564
09/13/2004,PDX,OR,ANM,WE,Combined TRACON& Tower with Radar,371,231,59,9,670,13,0,7,0,20,384,231,66,9,690,4,4,8,698
09/14/2004,PDX,OR,ANM,WE,Combined TRACON& Tower with Radar,383,250,63,18,714,0,19,31,6,56,383,269,94,24,770,4,1,5,775
09/15/2004,PDX,OR,ANM,WE,Combined TRACON& Tower with Radar,395,263,66,18,742,0,6,20,13,39,395,269,86,31,781,2,2,4,785
09/16/2004,PDX,OR,ANM,WE,Combined TRACON& Tower with Radar,388,258,65,18,729,0,7,66,19,92,388,265,131,37,821,13,0,13,834
09/17/2004,PDX,OR,ANM,WE,Combined TRACON& Tower with Radar,393,270,68,19,750,0,20,54,14,88,393,290,122,33,838,3,0,3,841
09/18/2004,PDX,OR,ANM,WE,Combined TRACON& Tower with Radar,319,158,51,14,542,21,0,16,22,59,340,158,67,36,601,0,2,2,603
09/19/2004,PDX,OR,ANM,WE,Combined TRACON& Tower with Radar,291,151,40,3,485,53,0,0,0,53,344,151,40,3,538,74,0,74,612
09/20/2004,PDX,OR,ANM,WE,Combined TRACON& Tower with Radar,383,241,61,11,696,0,10,30,0,40,383,251,91,11,736,94,0,94,830
09/21/2004,PDX,OR,ANM,WE,Combined TRACON& Tower with Radar,401,261,66,18,746,0,10,47,2,59,401,271,113,20,805,4,0,4,809
09/22/2004,PDX,OR,ANM,WE,Combined TRACON& Tower with Radar,375,246,62,11,694,0,18,40,0,58,375,264,102,11,752,0,2,2,754
09/23/2004,PDX,OR,ANM,WE,Combined TRACON& Tower with Radar,340,249,63,17,669,0,74,57,7,138,340,323,120,24,807,1,0,1,808
09/24/2004,PDX,OR,ANM,WE,Combined TRACON& Tower with Radar,401,251,63,9,724,3,14,45,0,62,404,265,108,9,786,2,0,2,788
09/25/2004,PDX,OR,ANM,WE,Combined TRACON& Tower with Radar,296,162,47,9,514,45,0,16,0,61,341,162,63,9,575,0,0,0,575
09/26/2004,PDX,OR,ANM,WE,Combined TRACON& Tower with Radar,302,150,48,10,510,38,0,41,0,79,340,150,89,10,589,0,0,0,589
09/27/2004,PDX,OR,ANM,WE,Combined TRACON& Tower with Radar,353,221,56,16,646,14,29,40,0,83,367,250,96,16,729,2,0,2,731
09/28/2004,PDX,OR,ANM,WE,Combined TRACON& Tower with Radar,392,247,63,16,718,3,28,20,6,57,395,275,83,22,775,6,2,8,783
09/29/2004,PDX,OR,ANM,WE,Combined TRACON& Tower with Radar,393,267,67,18,745,0,25,40,4,69,393,292,107,22,814,6,0,6,820
09/30/2004,PDX,OR,ANM,WE,Combined TRACON& Tower with Radar,349,256,64,17,686,0,80,41,9,130,349,336,105,26,816,5,0,5,821
10/01/2004,PDX,OR,ANM,WE,Combined TRACON& Tower with Radar,385,238,60,20,703,0,22,47,0,69,385,260,107,20,772,109,3,112,884
10/02/2004,PDX,OR,ANM,WE,Combined TRACON& Tower with Radar,340,144,35,2,521,0,7,39,0,46,340,151,74,2,567,0,0,0,567
10/03/2004,PDX,OR,ANM,WE,Combined TRACON& Tower with Radar,334,154,32,4,524,0,2,27,1,30,334,156,59,5,554,2,0,2,556
10/04/2004,PDX,OR,ANM,WE,Combined TRACON& Tower with Radar,365,227,46,20,658,0,21,28,0,49,365,248,74,20,707,74,6,80,787
10/05/2004,PDX,OR,ANM,WE,Combined TRACON& Tower with Radar,387,246,53,22,708,0,21,29,1,51,387,267,82,23,759,0,0,0,759
10/06/2004,PDX,OR,ANM,WE,Combined TRACON& Tower with Radar,377,264,51,15,707,0,2,18,1,21,377,266,69,16,728,0,2,2,730
10/07/2004,PDX,OR,ANM,WE,Combined TRACON& Tower with Radar,369,255,51,23,698,0,37,18,4,59,369,292,69,27,757,2,0,2,759
10/08/2004,PDX,OR,ANM,WE,Combined TRACON& Tower with Radar,375,258,73,5,711,0,0,6,0,6,375,258,79,5,717,0,1,1,718
10/09/2004,PDX,OR,ANM,WE,Combined TRACON& Tower with Radar,338,168,30,5,541,0,1,11,2,14,338,169,41,7,555,0,0,0,555
10/10/2004,PDX,OR,ANM,WE,Combined TRACON& Tower with Radar,336,154,46,6,542,0,2,32,0,34,336,156,78,6,576,0,0,0,576
10/11/2004,PDX,OR,ANM,WE,Combined TRACON& Tower with Radar,362,195,51,0,608,8,14,24,0,46,370,209,75,0,654,4,0,4,658
10/12/2004,PDX,OR,ANM,WE,Combined TRACON& Tower with Radar,387,249,64,16,716,0,17,31,0,48,387,266,95,16,764,0,0,0,764
10/13/2004,PDX,OR,ANM,WE,Combined TRACON& Tower with Radar,392,253,57,19,721,0,39,109,0,148,392,292,166,19,869,0,2,2,871
10/14/2004,PDX,OR,ANM,WE,Combined TRACON& Tower with Radar,318,277,61,20,676,0,36,32,6,74,318,313,93,26,750,0,1,1,751
10/15/2004,PDX,OR,ANM,WE,Combined TRACON& Tower with Radar,385,257,45,7,694,0,1,23,0,24,385,258,68,7,718,59,2,61,779
10/16/2004,PDX,OR,ANM,WE,Combined TRACON& Tower with Radar,345,163,39,25,572,0,0,5,0,5,345,163,44,25,577,1,0,1,578
10/17/2004,PDX,OR,ANM,WE,Combined TRACON& Tower with Radar,339,153,24,21,537,0,0,4,1,5,339,153,28,22,542,0,2,2,544
10/18/2004,PDX,OR,ANM,WE,Combined TRACON& Tower with Radar,372,235,48,5,660,0,0,4,0,4,372,235,52,5,664,0,0,0,664
10/19/2004,PDX,OR,ANM,WE,Combined TRACON& Tower with Radar,384,281,87,19,771,0,16,12,0,28,384,297,99,19,799,4,0,4,803
10/20/2004,PDX,OR,ANM,WE,Combined TRACON& Tower with Radar,371,268,62,31,732,0,8,44,0,52,371,276,106,31,784,0,0,0,784
10/21/2004,PDX,OR,ANM,WE,Combined TRACON& Tower with Radar,377,275,74,16,742,0,11,51,1,63,377,286,125,17,805,4,1,5,810
10/22/2004,PDX,OR,ANM,WE,Combined TRACON& Tower with Radar,395,274,58,24,751,0,3,11,0,14,395,277,69,24,765,0,1,1,766
10/23/2004,PDX,OR,ANM,WE,Combined TRACON& Tower with Radar,346,145,23,0,514,0,5,6,0,11,346,150,29,0,525,2,0,2,527
10/24/2004,PDX,OR,ANM,WE,Combined TRACON& Tower with Radar,315,145,36,1,497,0,2,6,0,8,315,147,42,1,505,6,2,8,513
10/25/2004,PDX,OR,ANM,WE,Combined TRACON& Tower with Radar,306,267,59,20,652,0,9,8,5,22,306,276,67,25,674,0,0,0,674
10/26/2004,PDX,OR,ANM,WE,Combined TRACON& Tower with Radar,349,245,61,18,673,0,11,15,3,29,349,256,76,21,702,4,2,6,708
10/27/2004,PDX,OR,ANM,WE,Combined TRACON& Tower with Radar,371,270,63,22,726,0,3,3,4,10,371,273,66,26,736,2,2,4,740
10/28/2004,PDX,OR,ANM,WE,Combined TRACON& Tower with Radar,377,258,82,16,733,0,5,20,1,26,377,263,102,17,759,2,0,2,761
10/29/2004,PDX,OR,ANM,WE,Combined TRACON& Tower with Radar,381,243,72,18,714,0,15,21,0,36,381,258,93,18,750,4,0,4,754
10/30/2004,PDX,OR,ANM,WE,Combined TRACON& Tower with Radar,334,153,31,0,518,0,3,13,0,16,334,156,44,0,534,2,0,2,536
10/31/2004,PDX,OR,ANM,WE,Combined TRACON& Tower with Radar,333,137,27,3,500,0,4,37,0,41,333,141,64,3,541,10,0,10,551
11/01/2004,PDX,OR,ANM,WE,Towers with Radar,365,233,47,30,675,0,7,0,0,7,365,240,47,30,682,4,0,4,686
11/02/2004,PDX,OR,ANM,WE,Towers with Radar,380,268,50,27,725,0,5,7,0,12,380,273,57,27,737,6,0,6,743
11/03/2004,PDX,OR,ANM,WE,Towers with Radar,381,261,65,24,731,0,4,30,2,36,381,265,95,26,767,4,0,4,771
11/04/2004,PDX,OR,ANM,WE,Towers with Radar,382,258,70,14,724,0,2,61,56,119,382,260,131,70,843,18,0,18,861
11/05/2004,PDX,OR,ANM,WE,Towers with Radar,386,245,55,8,694,0,9,42,2,53,386,254,97,10,747,5,0,5,752
11/06/2004,PDX,OR,ANM,WE,Towers with Radar,346,160,37,4,547,0,4,11,0,15,346,164,48,4,562,0,2,2,564
11/07/2004,PDX,OR,ANM,WE,Towers with Radar,316,150,25,4,495,0,3,2,0,5,316,153,27,4,500,0,0,0,500
11/08/2004,PDX,OR,ANM,WE,Towers with Radar,365,225,59,8,657,5,9,11,0,25,370,234,70,8,682,0,0,0,682
11/09/2004,PDX,OR,ANM,WE,Towers with Radar,381,273,54,15,723,0,2,14,2,18,381,275,68,17,741,2,1,3,744
11/10/2004,PDX,OR,ANM,WE,Towers with Radar,369,265,59,8,701,0,7,35,1,43,369,272,94,9,744,0,0,0,744
11/11/2004,PDX,OR,ANM,WE,Towers with Radar,379,231,50,4,664,0,8,35,3,46,379,239,85,7,710,0,10,10,720
11/12/2004,PDX,OR,ANM,WE,Towers with Radar,386,243,56,15,700,4,24,12,0,40,390,267,68,15,740,0,2,2,742
11/13/2004,PDX,OR,ANM,WE,Towers with Radar,403,185,47,22,657,0,4,15,3,22,403,189,62,25,679,2,0,2,681
11/14/2004,PDX,OR,ANM,WE,Towers with Radar,326,148,47,16,537,0,2,25,0,27,326,150,72,16,564,0,0,0,564
11/15/2004,PDX,OR,ANM,WE,Towers with Radar,368,240,50,12,670,0,6,16,0,22,368,246,66,12,692,0,0,0,692
11/16/2004,PDX,OR,ANM,WE,Towers with Radar,373,257,63,17,710,0,7,13,0,20,373,264,76,17,730,0,2,2,732
11/17/2004,PDX,OR,ANM,WE,Towers with Radar,380,260,61,16,717,0,4,8,1,13,380,264,69,17,730,4,0,4,734
11/18/2004,PDX,OR,ANM,WE,Towers with Radar,384,276,68,9,737,0,5,55,0,60,384,281,123,9,797,0,0,0,797
11/19/2004,PDX,OR,ANM,WE,Towers with Radar,387,264,77,19,747,0,14,31,5,50,387,278,108,24,797,4,0,4,801
11/20/2004,PDX,OR,ANM,WE,Towers with Radar,347,162,29,4,542,0,5,23,1,29,347,167,52,5,571,0,0,0,571
11/21/2004,PDX,OR,ANM,WE,Towers with Radar,243,212,46,15,516,1,9,6,5,21,244,221,52,20,537,6,0,6,543
11/22/2004,PDX,OR,ANM,WE,Towers with Radar,356,257,54,27,694,0,7,24,0,31,356,264,78,27,725,2,0,2,727
11/23/2004,PDX,OR,ANM,WE,Towers with Radar,374,293,60,30,757,0,3,8,1,12,374,296,68,31,769,2,0,2,771
11/24/2004,PDX,OR,ANM,WE,Towers with Radar,376,277,46,12,711,0,9,24,1,34,376,286,70,13,745,47,0,47,792
11/25/2004,PDX,OR,ANM,WE,Towers with Radar,295,148,18,0,461,0,5,17,0,22,295,153,35,0,483,1,0,1,484
11/26/2004,PDX,OR,ANM,WE,Towers with Radar,304,203,28,0,535,0,12,2,0,14,304,215,30,0,549,0,0,0,549
11/27/2004,PDX,OR,ANM,WE,Towers with Radar,339,197,33,0,569,1,2,19,1,23,340,199,52,1,592,0,2,2,594
11/28/2004,PDX,OR,ANM,WE,Towers with Radar,342,171,75,0,588,0,1,1,0,2,342,172,76,0,590,0,0,0,590
11/29/2004,PDX,OR,ANM,WE,Towers with Radar,368,252,49,2,671,0,5,21,0,26,368,257,70,2,697,1,0,1,698
11/30/2004,PDX,OR,ANM,WE,Towers with Radar,381,285,63,26,755,0,0,8,0,8,381,285,71,26,763,0,2,2,765
12/01/2004,PDX,OR,ANM,WE,Towers with Radar,385,277,61,24,747,0,4,14,2,20,385,281,75,26,767,0,0,0,767
12/02/2004,PDX,OR,ANM,WE,Towers with Radar,392,275,85,24,776,0,0,2,0,2,392,275,87,24,778,0,0,0,778
12/03/2004,PDX,OR,ANM,WE,Towers with Radar,376,276,42,5,699,0,0,3,1,4,376,276,45,6,703,0,0,0,703
12/04/2004,PDX,OR,ANM,WE,Towers with Radar,336,163,24,3,526,0,0,19,0,19,336,163,43,3,545,2,2,4,549
12/05/2004,PDX,OR,ANM,WE,Towers with Radar,335,150,43,0,528,0,5,13,0,18,335,155,56,0,546,2,1,3,549
12/06/2004,PDX,OR,ANM,WE,Towers with Radar,357,255,54,21,687,0,1,3,0,4,357,256,57,21,691,0,0,0,691
12/07/2004,PDX,OR,ANM,WE,Towers with Radar,383,270,49,25,727,0,2,10,0,12,383,272,59,25,739,2,0,2,741
12/08/2004,PDX,OR,ANM,WE,Towers with Radar,384,292,57,27,760,0,0,19,2,21,384,292,76,29,781,4,0,4,785
12/09/2004,PDX,OR,ANM,WE,Towers with Radar,375,285,62,15,737,0,0,5,0,5,375,285,67,15,742,0,0,0,742
12/10/2004,PDX,OR,ANM,WE,Towers with Radar,387,272,52,21,732,0,3,22,0,25,387,275,74,21,757,0,0,0,757
12/11/2004,PDX,OR,ANM,WE,Towers with Radar,339,179,29,19,566,0,2,18,6,26,339,181,47,25,592,0,2,2,594
12/12/2004,PDX,OR,ANM,WE,Towers with Radar,342,158,24,3,527,0,0,11,1,12,342,158,35,4,539,0,4,4,543
12/13/2004,PDX,OR,ANM,WE,Towers with Radar,356,262,45,6,669,2,12,17,0,31,358,274,62,6,700,6,0,6,706
12/14/2004,PDX,OR,ANM,WE,Towers with Radar,397,282,63,19,761,0,3,7,0,10,397,285,70,19,771,2,0,2,773
12/15/2004,PDX,OR,ANM,WE,Towers with Radar,558,410,112,38,1118,0,5,15,2,22,558,415,127,40,1140,1,0,1,1141
12/16/2004,PDX,OR,ANM,WE,Towers with Radar,402,295,61,31,789,0,10,35,10,55,402,305,96,41,844,8,4,12,856
12/17/2004,PDX,OR,ANM,WE,Towers with Radar,423,281,54,10,768,0,10,13,1,24,423,291,67,11,792,4,0,4,796
12/18/2004,PDX,OR,ANM,WE,Towers with Radar,356,189,30,1,576,0,3,23,1,27,356,192,53,2,603,4,0,4,607
12/19/2004,PDX,OR,ANM,WE,Towers with Radar,348,171,30,1,550,0,1,11,0,12,348,172,41,1,562,0,0,0,562
12/20/2004,PDX,OR,ANM,WE,Towers with Radar,372,273,54,19,718,0,14,33,0,47,372,287,87,19,765,2,0,2,767
12/21/2004,PDX,OR,ANM,WE,Towers with Radar,411,298,54,20,783,0,1,11,0,12,411,299,65,20,795,4,2,6,801
12/22/2004,PDX,OR,ANM,WE,Towers with Radar,269,184,35,26,514,0,0,9,1,10,269,184,44,27,524,0,0,0,524
12/23/2004,PDX,OR,ANM,WE,Towers with Radar,376,288,64,4,732,0,1,5,1,7,376,289,69,5,739,0,0,0,739
12/24/2004,PDX,OR,ANM,WE,Towers with Radar,0,0,0,0,0,356,286,26,0,668,356,286,26,0,668,0,0,0,668
12/25/2004,PDX,OR,ANM,WE,Towers with Radar,309,132,8,0,449,8,2,16,0,26,317,134,24,0,475,0,0,0,475
12/26/2004,PDX,OR,ANM,WE,Towers with Radar,352,169,27,0,548,0,0,7,0,7,352,169,34,0,555,4,0,4,559
12/27/2004,PDX,OR,ANM,WE,Towers with Radar,369,249,37,4,659,0,4,43,0,47,369,253,80,4,706,2,6,8,714
12/28/2004,PDX,OR,ANM,WE,Towers with Radar,421,288,42,14,765,0,9,22,0,31,421,297,64,14,796,2,0,2,798
12/29/2004,PDX,OR,ANM,WE,Towers with Radar,395,275,49,5,724,0,0,10,1,11,395,275,59,6,735,0,0,0,735
12/30/2004,PDX,OR,ANM,WE,Towers with Radar,384,262,39,23,708,0,5,32,10,47,384,267,71,33,755,0,12,12,767
12/31/2004,PDX,OR,ANM,WE,Towers with Radar,355,218,16,2,591,0,2,17,10,29,355,220,33,12,620,12,0,12,632
01/01/2005,PDX,OR,ANM,WE,Towers with Radar,304,143,8,0,455,13,0,19,0,32,317,143,27,0,487,0,0,0,487
01/02/2005,PDX,OR,ANM,WE,Towers with Radar,358,176,30,0,564,0,0,0,0,0,358,176,30,0,564,0,0,0,564
01/03/2005,PDX,OR,ANM,WE,Towers with Radar,353,244,60,19,676,0,9,26,0,35,353,253,86,19,711,6,0,6,717
01/04/2005,PDX,OR,ANM,WE,Towers with Radar,380,279,52,17,728,0,0,4,0,4,380,279,56,17,732,0,0,0,732
01/05/2005,PDX,OR,ANM,WE,Towers with Radar,369,274,63,14,720,0,0,0,0,0,369,274,63,14,720,0,0,0,720
01/06/2005,PDX,OR,ANM,WE,Towers with Radar,373,267,61,25,726,0,0,39,9,48,373,267,100,34,774,0,2,2,776
01/07/2005,PDX,OR,ANM,WE,Towers with Radar,360,246,38,10,654,0,0,0,0,0,360,246,38,10,654,33,1,34,688
01/08/2005,PDX,OR,ANM,WE,Towers with Radar,305,176,30,17,528,0,0,21,0,21,305,176,51,17,549,2,12,14,563
01/09/2005,PDX,OR,ANM,WE,Towers with Radar,0,0,0,0,0,325,145,33,4,507,325,145,33,4,507,0,0,0,507
01/10/2005,PDX,OR,ANM,WE,Towers with Radar,342,248,46,24,660,0,0,5,2,7,342,248,51,26,667,2,0,2,669
01/11/2005,PDX,OR,ANM,WE,Towers with Radar,368,285,59,18,730,3,19,49,5,76,371,304,108,23,806,0,0,0,806
01/12/2005,PDX,OR,ANM,WE,Towers with Radar,349,270,57,23,699,0,1,0,2,3,349,271,57,25,702,2,0,2,704
01/13/2005,PDX,OR,ANM,WE,Towers with Radar,366,302,73,25,766,0,0,32,2,34,366,302,105,27,800,5,0,5,805
01/14/2005,PDX,OR,ANM,WE,Towers with Radar,358,270,60,6,694,0,1,49,0,50,358,271,109,6,744,0,0,0,744
01/15/2005,PDX,OR,ANM,WE,Towers with Radar,194,54,3,1,252,0,0,0,0,0,194,54,3,1,252,0,0,0,252
01/16/2005,PDX,OR,ANM,WE,Towers with Radar,286,108,24,1,419,0,2,0,0,2,286,110,24,1,421,0,0,0,421
01/17/2005,PDX,OR,ANM,WE,Towers with Radar,337,207,32,0,576,0,0,6,0,6,337,207,38,0,582,0,0,0,582
01/18/2005,PDX,OR,ANM,WE,Towers with Radar,362,258,74,21,715,0,0,6,0,6,362,258,80,21,721,4,0,4,725
01/19/2005,PDX,OR,ANM,WE,Towers with Radar,345,274,88,16,723,0,2,11,0,13,345,276,99,16,736,4,0,4,740
01/20/2005,PDX,OR,ANM,WE,Towers with Radar,347,270,80,21,718,0,0,33,2,35,347,270,113,23,753,0,0,0,753
01/21/2005,PDX,OR,ANM,WE,Towers with Radar,376,259,69,13,717,0,0,0,0,0,376,259,69,13,717,0,1,1,718
01/22/2005,PDX,OR,ANM,WE,Towers with Radar,289,179,50,28,546,0,0,7,5,12,289,179,57,33,558,0,2,2,560
01/23/2005,PDX,OR,ANM,WE,Towers with Radar,324,143,65,30,562,2,0,4,0,6,326,143,69,30,568,4,6,10,578
01/24/2005,PDX,OR,ANM,WE,Towers with Radar,346,242,50,12,650,0,10,17,4,31,346,252,67,16,681,4,0,4,685
01/25/2005,PDX,OR,ANM,WE,Towers with Radar,379,278,83,22,762,0,0,12,1,13,379,278,95,23,775,0,0,0,775
01/26/2005,PDX,OR,ANM,WE,Towers with Radar,357,273,68,24,722,0,0,20,0,20,357,273,88,24,742,0,2,2,744
01/27/2005,PDX,OR,ANM,WE,Towers with Radar,364,275,55,21,715,0,0,21,0,21,364,275,76,21,736,6,0,6,742
01/28/2005,PDX,OR,ANM,WE,Towers with Radar,364,270,59,19,712,0,1,16,0,17,364,271,75,19,729,0,0,0,729
01/29/2005,PDX,OR,ANM,WE,Towers with Radar,301,175,40,4,520,63,95,24,15,197,364,270,64,19,717,0,0,0,717
01/30/2005,PDX,OR,ANM,WE,Towers with Radar,311,147,33,0,491,0,0,0,0,0,311,147,33,0,491,0,0,0,491
01/31/2005,PDX,OR,ANM,WE,Towers with Radar,344,262,56,22,684,0,4,8,0,12,344,266,64,22,696,4,0,4,700
02/01/2005,PDX,OR,ANM,WE,Towers with Radar,371,300,81,22,774,0,4,4,7,15,371,304,85,29,789,0,0,0,789
02/02/2005,PDX,OR,ANM,WE,Towers with Radar,364,266,55,20,705,0,0,0,3,3,364,266,55,23,708,0,2,2,710
02/03/2005,PDX,OR,ANM,WE,Towers with Radar,367,278,62,10,717,0,1,18,4,23,367,279,80,14,740,4,0,4,744
02/04/2005,PDX,OR,ANM,WE,Towers with Radar,368,264,53,5,690,0,3,6,0,9,368,267,59,5,699,0,0,0,699
02/05/2005,PDX,OR,ANM,WE,Towers with Radar,313,176,31,5,525,0,0,4,0,4,313,176,35,5,529,2,0,2,531
02/06/2005,PDX,OR,ANM,WE,Towers with Radar,324,148,21,4,497,0,0,0,0,0,324,148,21,4,497,0,0,0,497
02/07/2005,PDX,OR,ANM,WE,Towers with Radar,350,268,49,11,678,0,10,26,0,36,350,278,75,11,714,12,8,20,734
02/08/2005,PDX,OR,ANM,WE,Towers with Radar,374,306,62,14,756,0,13,24,0,37,374,319,86,14,793,6,0,6,799
02/09/2005,PDX,OR,ANM,WE,Towers with Radar,361,288,82,10,741,0,5,7,0,12,361,293,89,10,753,2,0,2,755
02/10/2005,PDX,OR,ANM,WE,Towers with Radar,361,295,74,14,744,0,14,10,2,26,361,309,84,16,770,0,2,2,772
02/11/2005,PDX,OR,ANM,WE,Towers with Radar,380,286,77,11,754,0,3,26,4,33,380,289,103,15,787,4,0,4,791
02/12/2005,PDX,OR,ANM,WE,Towers with Radar,320,168,23,12,523,0,3,3,0,6,320,171,26,12,529,0,0,0,529
02/13/2005,PDX,OR,ANM,WE,Towers with Radar,320,146,41,10,517,0,0,0,2,2,320,146,41,12,519,18,0,18,537
02/14/2005,PDX,OR,ANM,WE,Towers with Radar,353,269,65,8,695,0,10,16,0,26,353,279,81,8,721,0,0,0,721
02/15/2005,PDX,OR,ANM,WE,Towers with Radar,369,289,84,28,770,0,11,20,0,31,369,300,104,28,801,0,0,0,801
02/16/2005,PDX,OR,ANM,WE,Towers with Radar,376,297,109,14,796,0,0,7,0,7,376,297,116,14,803,2,0,2,805
02/17/2005,PDX,OR,ANM,WE,Towers with Radar,358,305,97,13,773,0,10,33,0,43,358,315,130,13,816,2,0,2,818
02/18/2005,PDX,OR,ANM,WE,Towers with Radar,366,275,93,16,750,0,0,28,5,33,366,275,121,21,783,0,1,1,784
02/19/2005,PDX,OR,ANM,WE,Towers with Radar,319,181,52,5,557,0,4,12,0,16,319,185,64,5,573,2,0,2,575
02/20/2005,PDX,OR,ANM,WE,Towers with Radar,321,155,36,1,513,0,0,1,0,1,321,155,37,1,514,0,0,0,514
02/21/2005,PDX,OR,ANM,WE,Towers with Radar,351,237,68,3,659,0,0,4,0,4,351,237,72,3,663,4,2,6,669
02/22/2005,PDX,OR,ANM,WE,Towers with Radar,370,277,110,11,768,0,6,12,0,18,370,283,122,11,786,0,0,0,786
02/23/2005,PDX,OR,ANM,WE,Towers with Radar,368,292,113,4,777,0,0,30,0,30,368,292,143,4,807,4,1,5,812
02/24/2005,PDX,OR,ANM,WE,Towers with Radar,328,271,96,12,707,0,0,31,5,36,328,271,127,17,743,4,5,9,752
02/25/2005,PDX,OR,ANM,WE,Towers with Radar,223,185,49,7,464,120,115,37,15,287,343,300,86,22,751,0,7,7,758
02/26/2005,PDX,OR,ANM,WE,Towers with Radar,323,169,50,0,542,0,0,3,0,3,323,169,53,0,545,1,1,2,547
02/27/2005,PDX,OR,ANM,WE,Towers with Radar,338,164,56,1,559,0,0,1,0,1,338,164,57,1,560,2,0,2,562
02/28/2005,PDX,OR,ANM,WE,Towers with Radar,352,252,55,17,676,0,0,6,0,6,352,252,61,17,682,4,0,4,686
03/01/2005,PDX,OR,ANM,WE,Towers with Radar,366,271,46,22,705,0,12,38,0,50,366,283,84,22,755,0,10,10,765
03/02/2005,PDX,OR,ANM,WE,Towers with Radar,367,280,58,17,722,0,11,26,3,40,367,291,84,20,762,0,0,0,762
03/03/2005,PDX,OR,ANM,WE,Towers with Radar,378,313,72,12,775,0,14,45,1,60,378,327,117,13,835,20,0,20,855
03/04/2005,PDX,OR,ANM,WE,Towers with Radar,364,277,59,11,711,0,4,64,1,69,364,281,123,12,780,2,2,4,784
03/05/2005,PDX,OR,ANM,WE,Towers with Radar,261,124,21,0,406,20,20,67,0,107,281,144,88,0,513,4,2,6,519
03/06/2005,PDX,OR,ANM,WE,Towers with Radar,330,158,34,6,528,0,6,6,0,12,330,164,40,6,540,6,0,6,546
03/07/2005,PDX,OR,ANM,WE,Towers with Radar,364,241,51,12,668,0,19,40,2,61,364,260,91,14,729,0,4,4,733
03/08/2005,PDX,OR,ANM,WE,Towers with Radar,380,290,46,10,726,0,10,41,1,52,380,300,87,11,778,4,2,6,784
03/09/2005,PDX,OR,ANM,WE,Towers with Radar,494,263,78,16,851,0,10,26,0,36,494,273,104,16,887,0,0,0,887
03/10/2005,PDX,OR,ANM,WE,Towers with Radar,381,275,53,10,719,0,17,32,1,50,381,292,85,11,769,0,0,0,769
03/11/2005,PDX,OR,ANM,WE,Towers with Radar,382,262,43,11,698,0,28,74,4,106,382,290,117,15,804,0,4,4,808
03/12/2005,PDX,OR,ANM,WE,Towers with Radar,332,167,26,28,553,0,2,27,0,29,332,169,53,28,582,0,10,10,592
03/13/2005,PDX,OR,ANM,WE,Towers with Radar,333,162,35,2,532,90,128,34,9,261,423,290,69,11,793,0,1,1,794
03/14/2005,PDX,OR,ANM,WE,Towers with Radar,370,251,40,1,662,27,16,53,2,98,397,267,93,3,760,4,2,6,766
03/15/2005,PDX,OR,ANM,WE,Towers with Radar,394,278,42,21,735,0,10,48,1,59,394,288,90,22,794,0,2,2,796
03/16/2005,PDX,OR,ANM,WE,Towers with Radar,380,276,38,29,723,0,6,17,0,23,380,282,55,29,746,2,0,2,748
03/17/2005,PDX,OR,ANM,WE,Towers with Radar,380,285,65,27,757,0,9,25,2,36,380,294,90,29,793,13,0,13,806
03/18/2005,PDX,OR,ANM,WE,Towers with Radar,372,290,72,15,749,0,2,29,2,33,372,292,101,17,782,0,2,2,784
03/19/2005,PDX,OR,ANM,WE,Towers with Radar,342,174,53,17,586,0,0,9,6,15,342,174,62,23,601,0,8,8,609
03/20/2005,PDX,OR,ANM,WE,Towers with Radar,330,162,36,4,532,0,0,4,0,4,330,162,40,4,536,0,4,4,540
03/21/2005,PDX,OR,ANM,WE,Towers with Radar,363,246,55,15,679,0,15,30,0,45,363,261,85,15,724,6,10,16,740
03/22/2005,PDX,OR,ANM,WE,Towers with Radar,369,266,29,26,690,0,10,21,0,31,369,276,50,26,721,0,0,0,721
03/23/2005,PDX,OR,ANM,WE,Towers with Radar,370,276,53,21,720,7,0,7,0,14,377,276,60,21,734,0,0,0,734
03/24/2005,PDX,OR,ANM,WE,Towers with Radar,383,285,61,20,749,0,7,38,7,52,383,292,99,27,801,10,0,10,811
03/25/2005,PDX,OR,ANM,WE,Towers with Radar,368,281,34,12,695,0,6,33,0,39,368,287,67,12,734,1320,1,1321,2055
03/26/2005,PDX,OR,ANM,WE,Towers with Radar,338,159,35,0,532,0,8,2,0,10,338,167,37,0,542,0,0,0,542
03/27/2005,PDX,OR,ANM,WE,Towers with Radar,340,148,21,0,509,0,0,2,0,2,340,148,23,0,511,2,0,2,513
03/28/2005,PDX,OR,ANM,WE,Towers with Radar,364,255,53,30,702,0,19,30,0,49,364,274,83,30,751,8,0,8,759
03/29/2005,PDX,OR,ANM,WE,Towers with Radar,387,283,55,16,741,0,3,17,0,20,387,286,72,16,761,0,0,0,761
03/30/2005,PDX,OR,ANM,WE,Towers with Radar,374,283,69,20,746,0,16,34,2,52,374,299,103,22,798,1,0,1,799
03/31/2005,PDX,OR,ANM,WE,Towers with Radar,384,272,58,28,742,0,16,53,0,69,384,288,111,28,811,0,0,0,811
04/01/2005,PDX,OR,ANM,WE,Towers with Radar,386,282,56,13,737,0,0,0,0,0,386,282,56,13,737,0,1,1,738
04/02/2005,PDX,OR,ANM,WE,Towers with Radar,326,164,24,7,521,0,0,3,0,3,326,164,27,7,524,0,0,0,524
04/03/2005,PDX,OR,ANM,WE,Towers with Radar,328,144,25,7,504,0,0,0,0,0,328,144,25,7,504,0,2,2,506
04/04/2005,PDX,OR,ANM,WE,Towers with Radar,366,244,47,24,681,0,0,0,0,0,366,244,47,24,681,4,2,6,687
04/05/2005,PDX,OR,ANM,WE,Towers with Radar,379,274,26,21,700,0,0,0,0,0,379,274,26,21,700,4,2,6,706
04/06/2005,PDX,OR,ANM,WE,Towers with Radar,382,276,56,23,737,0,0,0,0,0,382,276,56,23,737,2,0,2,739
04/07/2005,PDX,OR,ANM,WE,Towers with Radar,382,290,46,26,744,0,0,0,0,0,382,290,46,26,744,2,0,2,746
04/08/2005,PDX,OR,ANM,WE,Towers with Radar,378,288,43,10,719,0,0,0,0,0,378,288,43,10,719,0,6,6,725
04/09/2005,PDX,OR,ANM,WE,Towers with Radar,347,160,27,27,561,0,0,0,0,0,347,160,27,27,561,12,0,12,573
04/10/2005,PDX,OR,ANM,WE,Towers with Radar,314,147,25,20,506,0,0,0,0,0,314,147,25,20,506,2,0,2,508
04/11/2005,PDX,OR,ANM,WE,Towers with Radar,363,249,53,5,670,0,0,0,0,0,363,249,53,5,670,4,0,4,674
04/12/2005,PDX,OR,ANM,WE,Towers with Radar,380,276,31,19,706,0,0,0,0,0,380,276,31,19,706,2,2,4,710
04/13/2005,PDX,OR,ANM,WE,Towers with Radar,389,281,41,28,739,0,0,0,0,0,389,281,41,28,739,0,1,1,740
04/14/2005,PDX,OR,ANM,WE,Towers with Radar,381,273,47,25,726,0,0,0,0,0,381,273,47,25,726,0,0,0,726
04/15/2005,PDX,OR,ANM,WE,Towers with Radar,377,279,45,18,719,0,0,0,0,0,377,279,45,18,719,0,6,6,725
04/16/2005,PDX,OR,ANM,WE,Towers with Radar,364,168,34,1,567,0,0,0,0,0,364,168,34,1,567,0,1,1,568
04/17/2005,PDX,OR,ANM,WE,Towers with Radar,369,169,25,3,566,0,0,0,0,0,369,169,25,3,566,0,0,0,566
04/18/2005,PDX,OR,ANM,WE,Towers with Radar,377,244,66,14,701,0,0,0,0,0,377,244,66,14,701,4,0,4,705
04/19/2005,PDX,OR,ANM,WE,Towers with Radar,384,267,56,22,729,0,0,0,0,0,384,267,56,22,729,5,0,5,734
04/20/2005,PDX,OR,ANM,WE,Towers with Radar,380,270,58,36,744,0,0,0,0,0,380,270,58,36,744,0,0,0,744
04/21/2005,PDX,OR,ANM,WE,Towers with Radar,382,278,65,28,753,0,0,0,0,0,382,278,65,28,753,2,2,4,757
04/22/2005,PDX,OR,ANM,WE,Towers with Radar,375,264,66,10,715,0,0,0,0,0,375,264,66,10,715,2,1,3,718
04/23/2005,PDX,OR,ANM,WE,Towers with Radar,344,166,30,7,547,0,0,0,0,0,344,166,30,7,547,0,0,0,547
04/24/2005,PDX,OR,ANM,WE,Towers with Radar,327,145,38,4,514,0,0,0,0,0,327,145,38,4,514,0,0,0,514
04/25/2005,PDX,OR,ANM,WE,Towers with Radar,359,254,52,23,688,0,0,0,0,0,359,254,52,23,688,4,0,4,692
04/26/2005,PDX,OR,ANM,WE,Towers with Radar,382,291,74,26,773,0,0,0,0,0,382,291,74,26,773,0,1,1,774
04/27/2005,PDX,OR,ANM,WE,Towers with Radar,368,276,61,23,728,0,0,0,0,0,368,276,61,23,728,0,4,4,732
04/28/2005,PDX,OR,ANM,WE,Towers with Radar,381,278,62,25,746,0,0,0,0,0,381,278,62,25,746,4,0,4,750
04/29/2005,PDX,OR,ANM,WE,Towers with Radar,379,278,57,19,733,0,0,0,0,0,379,278,57,19,733,4,3,7,740
04/30/2005,PDX,OR,ANM,WE,Towers with Radar,336,162,26,2,526,0,0,0,0,0,336,162,26,2,526,0,1,1,527
05/01/2005,PDX,OR,ANM,WE,Towers with Radar,336,162,26,2,526,0,5,40,0,45,336,167,66,2,571,0,0,0,571
05/02/2005,PDX,OR,ANM,WE,Towers with Radar,363,257,53,16,689,0,13,16,0,29,363,270,69,16,718,4,2,6,724
05/03/2005,PDX,OR,ANM,WE,Towers with Radar,379,288,51,17,735,0,27,62,2,91,379,315,113,19,826,2,0,2,828
05/04/2005,PDX,OR,ANM,WE,Towers with Radar,378,282,55,27,742,0,8,20,1,29,378,290,75,28,771,2,0,2,773
05/05/2005,PDX,OR,ANM,WE,Towers with Radar,381,282,68,18,749,0,7,22,4,33,381,289,90,22,782,0,0,0,782
05/06/2005,PDX,OR,ANM,WE,Towers with Radar,373,276,72,15,736,0,9,40,0,49,373,285,112,15,785,1,0,1,786
05/07/2005,PDX,OR,ANM,WE,Towers with Radar,346,160,35,7,548,0,2,24,0,26,346,162,59,7,574,0,0,0,574
05/08/2005,PDX,OR,ANM,WE,Towers with Radar,325,158,30,0,513,0,4,20,0,24,325,162,50,0,537,70,0,70,607
05/09/2005,PDX,OR,ANM,WE,Towers with Radar,371,252,60,19,702,0,2,11,0,13,371,254,71,19,715,4,2,6,721
05/10/2005,PDX,OR,ANM,WE,Towers with Radar,393,286,57,22,758,0,9,13,0,22,393,295,70,22,780,0,2,2,782
05/11/2005,PDX,OR,ANM,WE,Towers with Radar,385,279,52,22,738,0,6,47,2,55,385,285,99,24,793,2,0,2,795
05/12/2005,PDX,OR,ANM,WE,Towers with Radar,381,281,65,12,739,0,0,0,0,0,381,281,65,12,739,0,0,0,739
05/13/2005,PDX,OR,ANM,WE,Towers with Radar,388,272,56,7,723,0,18,69,4,91,388,290,125,11,814,2,1,3,817
05/14/2005,PDX,OR,ANM,WE,Towers with Radar,337,163,26,1,527,1,2,23,0,26,338,165,49,1,553,2,3,5,558
05/15/2005,PDX,OR,ANM,WE,Towers with Radar,340,148,36,2,526,0,1,7,0,8,340,149,43,2,534,0,1,1,535
05/16/2005,PDX,OR,ANM,WE,Towers with Radar,374,272,51,5,702,0,4,21,1,26,374,276,72,6,728,2,0,2,730
05/17/2005,PDX,OR,ANM,WE,Towers with Radar,392,287,50,14,743,0,5,31,1,37,392,292,81,15,780,2,2,4,784
05/18/2005,PDX,OR,ANM,WE,Towers with Radar,381,278,41,22,722,0,21,49,1,71,381,299,90,23,793,2,2,4,797
05/19/2005,PDX,OR,ANM,WE,Towers with Radar,407,286,47,18,758,0,2,9,1,12,407,288,56,19,770,6,1,7,777
05/20/2005,PDX,OR,ANM,WE,Towers with Radar,389,282,59,16,746,0,17,52,2,71,389,299,111,18,817,0,0,0,817
05/21/2005,PDX,OR,ANM,WE,Towers with Radar,350,159,26,2,537,0,2,34,0,36,350,161,60,2,573,0,0,0,573
05/22/2005,PDX,OR,ANM,WE,Towers with Radar,337,168,33,6,544,0,0,33,0,33,337,168,66,6,577,0,1,1,578
05/23/2005,PDX,OR,ANM,WE,Towers with Radar,370,253,45,18,686,0,11,30,0,41,370,264,75,18,727,4,0,4,731
05/24/2005,PDX,OR,ANM,WE,Towers with Radar,398,275,41,22,736,0,21,56,0,77,398,296,97,22,813,2,2,4,817
05/25/2005,PDX,OR,ANM,WE,Towers with Radar,386,263,0,0,649,0,47,178,15,240,386,310,178,15,889,2,1,3,892
05/26/2005,PDX,OR,ANM,WE,Towers with Radar,390,269,59,21,739,0,21,65,0,86,390,290,124,21,825,4,0,4,829
05/27/2005,PDX,OR,ANM,WE,Towers with Radar,390,253,47,12,702,0,21,68,0,89,390,274,115,12,791,0,0,0,791
05/28/2005,PDX,OR,ANM,WE,Towers with Radar,349,162,13,4,528,0,4,25,2,31,349,166,38,6,559,1,2,3,562
05/29/2005,PDX,OR,ANM,WE,Towers with Radar,311,119,24,0,454,0,0,7,0,7,311,119,31,0,461,0,0,0,461
05/30/2005,PDX,OR,ANM,WE,Towers with Radar,337,163,33,5,538,0,7,26,2,35,337,170,59,7,573,6,2,8,581
05/31/2005,PDX,OR,ANM,WE,Towers with Radar,0,0,0,0,0,373,259,87,22,741,373,259,87,22,741,2,0,2,743
06/01/2005,PDX,OR,ANM,WE,Towers with Radar,383,283,65,29,760,0,2,16,5,23,383,285,81,34,783,0,0,0,783
06/02/2005,PDX,OR,ANM,WE,Towers with Radar,381,268,68,19,736,0,21,57,4,82,381,289,125,23,818,0,2,2,820
06/03/2005,PDX,OR,ANM,WE,Towers with Radar,369,275,53,7,704,0,21,44,2,67,369,296,97,9,771,0,0,0,771
06/04/2005,PDX,OR,ANM,WE,Towers with Radar,336,179,25,4,544,0,0,0,0,0,336,179,25,4,544,4,0,4,548
06/05/2005,PDX,OR,ANM,WE,Towers with Radar,327,160,31,3,521,0,1,10,10,21,327,161,41,13,542,0,0,0,542
06/06/2005,PDX,OR,ANM,WE,Towers with Radar,364,252,48,22,686,0,30,17,18,65,364,282,65,40,751,10,0,10,761
06/07/2005,PDX,OR,ANM,WE,Towers with Radar,388,280,55,20,743,0,17,7,1,25,388,297,62,21,768,2,2,4,772
06/08/2005,PDX,OR,ANM,WE,Towers with Radar,391,267,66,12,736,0,16,47,0,63,391,283,113,12,799,2,2,4,803
06/09/2005,PDX,OR,ANM,WE,Towers with Radar,396,258,50,9,713,0,36,56,0,92,396,294,106,9,805,4,6,10,815
06/10/2005,PDX,OR,ANM,WE,Towers with Radar,397,273,64,0,734,0,13,39,12,64,397,286,103,12,798,0,0,0,798
06/11/2005,PDX,OR,ANM,WE,Towers with Radar,381,179,45,19,624,0,2,30,5,37,381,181,75,24,661,2,2,4,665
06/12/2005,PDX,OR,ANM,WE,Towers with Radar,355,154,38,4,551,0,1,30,0,31,355,155,68,4,582,0,0,0,582
06/13/2005,PDX,OR,ANM,WE,Towers with Radar,384,243,59,8,694,0,22,32,0,54,384,265,91,8,748,10,2,12,760
06/14/2005,PDX,OR,ANM,WE,Towers with Radar,407,282,33,23,745,0,16,45,1,62,407,298,78,24,807,3,0,3,810
06/15/2005,PDX,OR,ANM,WE,Towers with Radar,395,279,55,23,752,0,9,38,0,47,395,288,93,23,799,8,2,10,809
06/16/2005,PDX,OR,ANM,WE,Towers with Radar,396,284,61,17,758,0,7,25,0,32,396,291,86,17,790,0,0,0,790
06/17/2005,PDX,OR,ANM,WE,Towers with Radar,399,278,82,18,777,0,10,27,2,39,399,288,109,20,816,0,0,0,816
06/18/2005,PDX,OR,ANM,WE,Towers with Radar,376,188,52,8,624,0,16,42,1,59,376,204,94,9,683,2,0,2,685
06/19/2005,PDX,OR,ANM,WE,Towers with Radar,362,147,35,7,551,2,0,35,1,38,364,147,70,8,589,0,4,4,593
06/20/2005,PDX,OR,ANM,WE,Towers with Radar,399,270,88,16,773,0,0,0,0,0,399,270,88,16,773,10,0,10,783
06/21/2005,PDX,OR,ANM,WE,Towers with Radar,414,289,60,18,781,0,6,42,0,48,414,295,102,18,829,0,1,1,830
06/22/2005,PDX,OR,ANM,WE,Towers with Radar,403,299,58,17,777,0,19,33,1,53,403,318,91,18,830,2,2,4,834
06/23/2005,PDX,OR,ANM,WE,Towers with Radar,399,280,52,13,744,0,17,92,6,115,399,297,144,19,859,4,8,12,871
06/24/2005,PDX,OR,ANM,WE,Towers with Radar,411,274,44,10,739,0,20,49,0,69,411,294,93,10,808,0,10,10,818
06/25/2005,PDX,OR,ANM,WE,Towers with Radar,374,187,46,13,620,0,2,30,3,35,374,189,76,16,655,0,2,2,657
06/26/2005,PDX,OR,ANM,WE,Towers with Radar,380,158,39,3,580,0,4,17,0,21,380,162,56,3,601,0,0,0,601
06/27/2005,PDX,OR,ANM,WE,Towers with Radar,393,256,78,0,727,0,3,6,0,9,393,259,84,0,736,2,0,2,738
06/28/2005,PDX,OR,ANM,WE,Towers with Radar,392,293,82,21,788,0,8,35,1,44,392,301,117,22,832,0,2,2,834
06/29/2005,PDX,OR,ANM,WE,Towers with Radar,410,277,66,28,781,0,11,50,1,62,410,288,116,29,843,0,0,0,843
06/30/2005,PDX,OR,ANM,WE,Towers with Radar,427,289,78,19,813,0,12,54,5,71,427,301,132,24,884,4,6,10,894
07/01/2005,PDX,OR,ANM,WE,Towers with Radar,406,279,59,8,752,0,16,87,1,104,406,295,146,9,856,2,6,8,864
07/02/2005,PDX,OR,ANM,WE,Towers with Radar,383,180,18,1,582,0,1,30,2,33,383,181,48,3,615,0,3,3,618
07/03/2005,PDX,OR,ANM,WE,Towers with Radar,360,148,17,0,525,0,1,34,0,35,360,149,51,0,560,152,4,156,716
07/04/2005,PDX,OR,ANM,WE,Towers with Radar,352,143,18,1,514,0,0,0,0,0,352,143,18,1,514,2,0,2,516
07/05/2005,PDX,OR,ANM,WE,Towers with Radar,390,248,51,19,708,0,13,37,0,50,390,261,88,19,758,4,8,12,770
07/06/2005,PDX,OR,ANM,WE,Towers with Radar,402,294,55,30,781,0,16,47,0,63,402,310,102,30,844,0,14,14,858
07/07/2005,PDX,OR,ANM,WE,Towers with Radar,404,293,64,21,782,0,11,56,0,67,404,304,120,21,849,11,10,21,870
07/08/2005,PDX,OR,ANM,WE,Towers with Radar,407,292,47,26,772,0,9,34,0,43,407,301,81,26,815,0,2,2,817
07/09/2005,PDX,OR,ANM,WE,Towers with Radar,391,188,26,7,612,2,0,17,2,21,393,188,43,9,633,2,6,8,641
07/10/2005,PDX,OR,ANM,WE,Towers with Radar,379,155,42,18,594,0,1,3,0,4,379,156,45,18,598,8,0,8,606
07/11/2005,PDX,OR,ANM,WE,Towers with Radar,397,258,53,6,714,0,0,0,0,0,397,258,53,6,714,0,2,2,716
07/12/2005,PDX,OR,ANM,WE,Towers with Radar,409,290,56,24,779,0,3,47,0,50,409,293,103,24,829,2,2,4,833
07/13/2005,PDX,OR,ANM,WE,Towers with Radar,412,291,74,30,807,0,11,13,1,25,412,302,87,31,832,0,0,0,832
07/14/2005,PDX,OR,ANM,WE,Towers with Radar,404,278,62,16,760,0,29,80,8,117,404,307,142,24,877,4,4,8,885
07/15/2005,PDX,OR,ANM,WE,Towers with Radar,403,252,55,23,733,0,24,72,6,102,403,276,127,29,835,0,4,4,839
07/16/2005,PDX,OR,ANM,WE,Towers with Radar,394,184,26,6,610,0,2,32,0,34,394,186,58,6,644,8,0,8,652
07/17/2005,PDX,OR,ANM,WE,Towers with Radar,369,161,21,1,552,0,5,53,0,58,369,166,74,1,610,2,0,2,612
07/18/2005,PDX,OR,ANM,WE,Towers with Radar,394,233,59,25,711,0,0,0,0,0,394,233,59,25,711,0,0,0,711
07/19/2005,PDX,OR,ANM,WE,Towers with Radar,412,278,39,43,772,0,22,68,1,91,412,300,107,44,863,12,16,28,891
07/20/2005,PDX,OR,ANM,WE,Towers with Radar,409,276,76,33,794,0,0,0,0,0,409,276,76,33,794,2,2,4,798
07/21/2005,PDX,OR,ANM,WE,Towers with Radar,412,283,53,32,780,0,14,73,2,89,412,297,126,34,869,2,2,4,873
07/22/2005,PDX,OR,ANM,WE,Towers with Radar,406,267,55,38,766,0,12,33,0,45,406,279,88,38,811,0,0,0,811
07/23/2005,PDX,OR,ANM,WE,Towers with Radar,491,226,39,0,756,6,12,49,0,67,497,238,88,0,823,4,2,6,829
07/24/2005,PDX,OR,ANM,WE,Towers with Radar,380,159,55,5,599,0,1,43,0,44,380,160,98,5,643,0,0,0,643
07/25/2005,PDX,OR,ANM,WE,Towers with Radar,396,233,59,25,713,0,26,55,0,81,396,259,114,25,794,10,0,10,804
07/26/2005,PDX,OR,ANM,WE,Towers with Radar,412,270,49,26,757,0,18,45,1,64,412,288,94,27,821,2,4,6,827
07/27/2005,PDX,OR,ANM,WE,Towers with Radar,411,267,50,38,766,0,20,65,2,87,411,287,115,40,853,9,2,11,864
07/28/2005,PDX,OR,ANM,WE,Towers with Radar,415,267,79,33,794,10,0,0,0,10,425,267,79,33,804,2,2,4,808
07/29/2005,PDX,OR,ANM,WE,Towers with Radar,406,263,55,13,737,0,0,0,0,0,406,263,55,13,737,0,3,3,740
07/30/2005,PDX,OR,ANM,WE,Towers with Radar,390,184,42,4,620,0,0,0,0,0,390,184,42,4,620,1,2,3,623
07/31/2005,PDX,OR,ANM,WE,Towers with Radar,234,100,34,9,377,0,0,0,0,0,234,100,34,9,377,6,0,6,383
08/01/2005,PDX,OR,ANM,WE,Towers with Radar,392,258,44,22,716,0,0,0,0,0,392,258,44,22,716,0,0,0,716
08/02/2005,PDX,OR,ANM,WE,Towers with Radar,400,280,59,32,771,0,7,13,1,21,400,287,72,33,792,3,1,4,796
08/03/2005,PDX,OR,ANM,WE,Towers with Radar,413,272,65,28,778,0,24,69,0,93,413,296,134,28,871,4,0,4,875
08/04/2005,PDX,OR,ANM,WE,Towers with Radar,417,271,48,26,762,0,0,0,0,0,417,271,48,26,762,0,0,0,762
08/05/2005,PDX,OR,ANM,WE,Towers with Radar,412,273,49,25,759,0,26,79,1,106,412,299,128,26,865,0,0,0,865
08/06/2005,PDX,OR,ANM,WE,Towers with Radar,384,173,26,6,589,0,13,60,0,73,384,186,86,6,662,2,3,5,667
08/07/2005,PDX,OR,ANM,WE,Towers with Radar,406,171,71,6,654,0,1,36,1,38,406,172,107,7,692,0,0,0,692
08/08/2005,PDX,OR,ANM,WE,Towers with Radar,390,249,53,32,724,0,26,45,1,72,390,275,98,33,796,2,0,2,798
08/09/2005,PDX,OR,ANM,WE,Towers with Radar,401,282,52,39,774,0,24,58,7,89,401,306,110,46,863,4,8,12,875
08/10/2005,PDX,OR,ANM,WE,Towers with Radar,412,292,78,29,811,0,15,60,0,75,412,307,138,29,886,1,0,1,887
08/11/2005,PDX,OR,ANM,WE,Towers with Radar,0,0,3,0,3,0,0,0,0,0,0,0,3,0,3,135,0,135,138
08/12/2005,PDX,OR,ANM,WE,Towers with Radar,398,277,57,21,753,0,13,44,0,57,398,290,101,21,810,0,3,3,813
08/13/2005,PDX,OR,ANM,WE,Towers with Radar,376,198,38,15,627,0,7,53,0,60,376,205,91,15,687,1,1,2,689
08/14/2005,PDX,OR,ANM,WE,Towers with Radar,362,165,41,11,579,3,3,0,0,6,365,168,41,11,585,4,2,6,591
08/15/2005,PDX,OR,ANM,WE,Towers with Radar,390,249,58,17,714,0,23,67,1,91,390,272,125,18,805,16,0,16,821
08/16/2005,PDX,OR,ANM,WE,Towers with Radar,414,293,63,25,795,0,14,38,2,54,414,307,101,27,849,2,0,2,851
08/17/2005,PDX,OR,ANM,WE,Towers with Radar,400,294,78,48,820,0,7,73,1,81,400,301,151,49,901,0,0,0,901
08/18/2005,PDX,OR,ANM,WE,Towers with Radar,398,291,72,28,789,0,0,0,0,0,398,291,72,28,789,1,1,2,791
08/19/2005,PDX,OR,ANM,WE,Towers with Radar,399,281,57,12,749,0,19,75,6,100,399,300,132,18,849,0,2,2,851
08/20/2005,PDX,OR,ANM,WE,Towers with Radar,378,191,42,1,612,0,2,30,3,35,378,193,72,4,647,2,4,6,653
08/21/2005,PDX,OR,ANM,WE,Towers with Radar,356,172,54,1,583,0,1,2,0,3,356,173,56,1,586,2,0,2,588
08/22/2005,PDX,OR,ANM,WE,Towers with Radar,383,262,71,24,740,0,13,6,0,19,383,275,77,24,759,6,0,6,765
08/23/2005,PDX,OR,ANM,WE,Towers with Radar,397,286,54,38,775,0,11,41,1,53,397,297,95,39,828,0,0,0,828
08/24/2005,PDX,OR,ANM,WE,Towers with Radar,394,272,73,37,776,0,2,37,4,43,394,274,110,41,819,4,2,6,825
08/25/2005,PDX,OR,ANM,WE,Towers with Radar,395,282,73,21,771,0,0,0,0,0,395,282,73,21,771,6,0,6,777
08/26/2005,PDX,OR,ANM,WE,Towers with Radar,405,281,79,23,788,0,22,59,2,83,405,303,138,25,871,26,16,42,913
08/27/2005,PDX,OR,ANM,WE,Towers with Radar,372,188,30,2,592,0,7,41,1,49,372,195,71,3,641,2,0,2,643
08/28/2005,PDX,OR,ANM,WE,Towers with Radar,358,171,44,4,577,0,1,4,0,5,358,172,48,4,582,2,0,2,584
08/29/2005,PDX,OR,ANM,WE,Towers with Radar,381,267,41,24,713,0,0,0,0,0,381,267,41,24,713,0,4,4,717
08/30/2005,PDX,OR,ANM,WE,Towers with Radar,411,314,101,12,838,0,7,23,0,30,411,321,124,12,868,0,2,2,870
08/31/2005,PDX,OR,ANM,WE,Towers with Radar,397,290,43,24,754,0,4,29,0,33,397,294,72,24,787,0,2,2,789
09/01/2005,PDX,OR,ANM,WE,Towers with Radar,396,262,44,1,703,0,3,25,0,28,396,265,69,1,731,4,2,6,737
09/02/2005,PDX,OR,ANM,WE,Towers with Radar,387,271,56,19,733,0,13,59,0,72,387,284,115,19,805,4,8,12,817
09/03/2005,PDX,OR,ANM,WE,Towers with Radar,374,184,25,11,594,0,1,18,0,19,374,185,43,11,613,0,1,1,614
09/04/2005,PDX,OR,ANM,WE,Towers with Radar,332,134,15,5,486,0,2,18,0,20,332,136,33,5,506,2,2,4,510
09/05/2005,PDX,OR,ANM,WE,Towers with Radar,351,171,33,9,564,0,0,35,0,35,351,171,68,9,599,2,0,2,601
09/06/2005,PDX,OR,ANM,WE,Towers with Radar,372,255,43,21,691,0,29,67,0,96,372,284,110,21,787,0,0,0,787
09/07/2005,PDX,OR,ANM,WE,Towers with Radar,397,273,44,41,755,0,26,53,0,79,397,299,97,41,834,4,0,4,838
09/08/2005,PDX,OR,ANM,WE,Towers with Radar,396,276,57,35,764,0,21,88,3,112,396,297,145,38,876,5,5,10,886
09/09/2005,PDX,OR,ANM,WE,Towers with Radar,390,286,84,17,777,0,2,64,13,79,390,288,148,30,856,0,2,2,858
09/10/2005,PDX,OR,ANM,WE,Towers with Radar,363,174,40,3,580,0,0,7,1,8,363,174,47,4,588,1,2,3,591
09/11/2005,PDX,OR,ANM,WE,Towers with Radar,362,151,27,14,554,0,2,29,1,32,362,153,56,15,586,2,10,12,598
09/12/2005,PDX,OR,ANM,WE,Towers with Radar,357,218,46,24,645,0,4,17,0,21,357,222,63,24,666,0,0,0,666
09/13/2005,PDX,OR,ANM,WE,Towers with Radar,395,271,53,21,740,0,10,27,0,37,395,281,80,21,777,2,0,2,779
09/14/2005,PDX,OR,ANM,WE,Towers with Radar,388,279,38,8,713,0,29,59,0,88,388,308,97,8,801,2,0,2,803
09/15/2005,PDX,OR,ANM,WE,Towers with Radar,394,274,58,10,736,0,2,17,1,20,394,276,75,11,756,4,1,5,761
09/16/2005,PDX,OR,ANM,WE,Towers with Radar,397,278,67,20,762,0,22,39,12,73,397,300,106,32,835,0,0,0,835
09/17/2005,PDX,OR,ANM,WE,Towers with Radar,345,170,41,48,604,0,7,16,5,28,345,177,57,53,632,0,1,1,633
09/18/2005,PDX,OR,ANM,WE,Towers with Radar,344,166,40,0,550,0,2,32,0,34,344,168,72,0,584,0,4,4,588
09/19/2005,PDX,OR,ANM,WE,Towers with Radar,373,235,41,8,657,0,21,49,0,70,373,256,90,8,727,4,2,6,733
09/20/2005,PDX,OR,ANM,WE,Towers with Radar,402,284,46,21,753,0,0,5,0,5,402,284,51,21,758,2,2,4,762
09/21/2005,PDX,OR,ANM,WE,Towers with Radar,393,281,52,26,752,0,17,71,9,97,393,298,123,35,849,0,2,2,851
09/22/2005,PDX,OR,ANM,WE,Towers with Radar,0,272,75,0,347,0,8,50,0,58,0,280,125,0,405,0,0,0,405
09/23/2005,PDX,OR,ANM,WE,Towers with Radar,381,271,50,16,718,2,8,68,0,78,383,279,118,16,796,0,2,2,798
09/24/2005,PDX,OR,ANM,WE,Towers with Radar,341,178,28,8,555,0,11,34,0,45,341,189,62,8,600,2,1,3,603
09/25/2005,PDX,OR,ANM,WE,Towers with Radar,284,132,33,4,453,0,1,1,1,3,284,133,34,5,456,0,1,1,457
09/26/2005,PDX,OR,ANM,WE,Towers with Radar,372,249,53,21,695,0,19,40,0,59,372,268,93,21,754,4,0,4,758
09/27/2005,PDX,OR,ANM,WE,Towers with Radar,395,285,56,23,759,0,12,47,0,59,395,297,103,23,818,0,0,0,818
09/28/2005,PDX,OR,ANM,WE,Towers with Radar,396,22,71,20,509,0,274,68,5,347,396,296,139,25,856,24,2,26,882
09/29/2005,PDX,OR,ANM,WE,Towers with Radar,394,291,81,13,779,0,1,8,1,10,394,292,89,14,789,10,1,11,800
09/30/2005,PDX,OR,ANM,WE,Towers with Radar,385,285,84,4,758,0,6,26,0,32,385,291,110,4,790,0,0,0,790
10/01/2005,PDX,OR,ANM,WE,Towers with Radar,344,171,30,0,545,0,2,38,4,44,344,173,68,4,589,0,0,0,589
10/02/2005,PDX,OR,ANM,WE,Towers with Radar,355,167,31,7,560,0,0,9,0,9,355,167,40,7,569,0,0,0,569
10/03/2005,PDX,OR,ANM,WE,Towers with Radar,382,254,50,19,705,0,16,105,0,121,382,270,155,19,826,0,0,0,826
10/04/2005,PDX,OR,ANM,WE,Towers with Radar,402,260,43,22,727,0,36,30,1,67,402,296,73,23,794,20,0,20,814
10/05/2005,PDX,OR,ANM,WE,Towers with Radar,393,281,56,32,762,0,18,60,12,90,393,299,116,44,852,4,0,4,856
10/06/2005,PDX,OR,ANM,WE,Towers with Radar,392,271,56,22,741,0,14,86,10,110,392,285,142,32,851,0,0,0,851
10/07/2005,PDX,OR,ANM,WE,Towers with Radar,400,278,57,19,754,0,10,53,0,63,400,288,110,19,817,0,0,0,817
10/08/2005,PDX,OR,ANM,WE,Towers with Radar,350,172,36,15,573,0,1,23,26,50,350,173,59,41,623,0,9,9,632
10/09/2005,PDX,OR,ANM,WE,Towers with Radar,350,156,47,1,554,0,0,150,14,164,350,156,197,15,718,2,12,14,732
10/10/2005,PDX,OR,ANM,WE,Towers with Radar,379,212,60,3,654,11,10,41,0,62,390,222,101,3,716,0,0,0,716
10/11/2005,PDX,OR,ANM,WE,Towers with Radar,403,270,57,24,754,0,19,44,0,63,403,289,101,24,817,4,0,4,821
10/12/2005,PDX,OR,ANM,WE,Towers with Radar,396,278,49,15,738,0,19,63,0,82,396,297,112,15,820,6,2,8,828
10/13/2005,PDX,OR,ANM,WE,Towers with Radar,399,276,75,31,781,0,5,13,0,18,399,281,88,31,799,2,0,2,801
10/14/2005,PDX,OR,ANM,WE,Towers with Radar,401,275,65,23,764,0,6,52,13,71,401,281,117,36,835,6,6,12,847
10/15/2005,PDX,OR,ANM,WE,Towers with Radar,343,197,36,11,587,0,1,6,0,7,343,198,42,11,594,0,0,0,594
10/16/2005,PDX,OR,ANM,WE,Towers with Radar,355,157,51,14,577,0,0,0,0,0,355,157,51,14,577,0,0,0,577
10/17/2005,PDX,OR,ANM,WE,Towers with Radar,379,243,71,10,703,0,35,39,0,74,379,278,110,10,777,8,0,8,785
10/18/2005,PDX,OR,ANM,WE,Towers with Radar,392,276,56,22,746,0,15,46,1,62,392,291,102,23,808,2,4,6,814
10/19/2005,PDX,OR,ANM,WE,Towers with Radar,406,264,79,33,782,0,36,22,0,58,406,300,101,33,840,0,2,2,842
10/20/2005,PDX,OR,ANM,WE,Towers with Radar,405,267,76,42,790,0,5,16,0,21,405,272,92,42,811,4,6,10,821
10/21/2005,PDX,OR,ANM,WE,Towers with Radar,394,275,55,10,734,0,14,51,0,65,394,289,106,10,799,4,4,8,807
10/22/2005,PDX,OR,ANM,WE,Towers with Radar,349,165,28,15,557,0,6,39,16,61,349,171,67,31,618,0,0,0,618
10/23/2005,PDX,OR,ANM,WE,Towers with Radar,351,163,45,1,560,0,2,4,0,6,351,165,49,1,566,2,0,2,568
10/24/2005,PDX,OR,ANM,WE,Towers with Radar,388,272,34,22,716,0,11,54,0,65,388,283,88,22,781,0,0,0,781
10/25/2005,PDX,OR,ANM,WE,Towers with Radar,398,274,57,20,749,0,13,35,0,48,398,287,92,20,797,0,0,0,797
10/26/2005,PDX,OR,ANM,WE,Towers with Radar,395,266,41,25,727,0,8,15,3,26,395,274,56,28,753,0,4,4,757
10/27/2005,PDX,OR,ANM,WE,Towers with Radar,395,287,71,22,775,0,1,56,2,59,395,288,127,24,834,7,0,7,841
10/28/2005,PDX,OR,ANM,WE,Towers with Radar,398,270,43,19,730,0,6,19,5,30,398,276,62,24,760,2,1,3,763
10/29/2005,PDX,OR,ANM,WE,Towers with Radar,352,184,42,4,582,0,4,17,1,22,352,188,59,5,604,0,0,0,604
10/30/2005,PDX,OR,ANM,WE,Towers with Radar,350,171,32,1,554,0,0,11,1,12,350,171,43,2,566,0,0,0,566
10/31/2005,PDX,OR,ANM,WE,Towers with Radar,375,239,43,9,666,0,0,6,0,6,375,239,49,9,672,2,0,2,674
11/01/2005,PDX,OR,ANM,WE,Towers with Radar,437,274,61,20,792,0,9,11,0,20,437,283,72,20,812,0,2,2,814
11/02/2005,PDX,OR,ANM,WE,Towers with Radar,392,275,78,24,769,0,8,38,0,46,392,283,116,24,815,2,0,2,817
11/03/2005,PDX,OR,ANM,WE,Towers with Radar,388,267,55,18,728,0,1,23,2,26,388,268,78,20,754,2,2,4,758
11/04/2005,PDX,OR,ANM,WE,Towers with Radar,382,281,55,22,740,0,4,35,2,41,382,285,90,24,781,0,0,0,781
11/05/2005,PDX,OR,ANM,WE,Towers with Radar,337,182,31,5,555,0,0,0,1,1,337,182,31,6,556,0,0,0,556
11/06/2005,PDX,OR,ANM,WE,Towers with Radar,344,158,29,3,534,0,6,15,0,21,344,164,44,3,555,0,2,2,557
11/07/2005,PDX,OR,ANM,WE,Towers with Radar,369,246,45,23,683,0,15,19,0,34,369,261,64,23,717,4,0,4,721
11/08/2005,PDX,OR,ANM,WE,Towers with Radar,389,290,69,24,772,0,3,32,1,36,389,293,101,25,808,6,2,8,816
11/09/2005,PDX,OR,ANM,WE,Towers with Radar,388,267,66,30,751,0,7,58,4,69,388,274,124,34,820,6,2,8,828
11/10/2005,PDX,OR,ANM,WE,Towers with Radar,395,268,58,23,744,0,4,33,8,45,395,272,91,31,789,3,2,5,794
11/11/2005,PDX,OR,ANM,WE,Towers with Radar,380,246,63,11,700,0,0,0,3,3,380,246,63,14,703,0,2,2,705
11/12/2005,PDX,OR,ANM,WE,Towers with Radar,341,148,17,3,509,0,7,7,1,15,341,155,24,4,524,0,0,0,524
11/13/2005,PDX,OR,ANM,WE,Towers with Radar,343,158,35,0,536,0,4,5,0,9,343,162,40,0,545,2,0,2,547
11/14/2005,PDX,OR,ANM,WE,Towers with Radar,373,261,102,18,754,0,12,3,3,18,373,273,105,21,772,1,1,2,774
11/15/2005,PDX,OR,ANM,WE,Towers with Radar,390,287,49,17,743,0,9,39,1,49,390,296,88,18,792,4,0,4,796
11/16/2005,PDX,OR,ANM,WE,Towers with Radar,388,278,57,17,740,0,1,16,0,17,388,279,73,17,757,2,2,4,761
11/17/2005,PDX,OR,ANM,WE,Towers with Radar,390,291,76,14,771,0,7,42,3,52,390,298,118,17,823,0,0,0,823
11/18/2005,PDX,OR,ANM,WE,Towers with Radar,395,273,66,3,737,0,4,33,2,39,395,277,99,5,776,0,0,0,776
11/19/2005,PDX,OR,ANM,WE,Towers with Radar,365,174,40,10,589,0,6,28,2,36,365,180,68,12,625,0,0,0,625
11/20/2005,PDX,OR,ANM,WE,Towers with Radar,364,146,40,13,563,0,2,28,1,31,364,148,68,14,594,2,0,2,596
11/21/2005,PDX,OR,ANM,WE,Towers with Radar,392,228,53,11,684,0,28,23,0,51,392,256,76,11,735,0,0,0,735
11/22/2005,PDX,OR,ANM,WE,Towers with Radar,409,284,48,11,752,0,18,54,2,74,409,302,102,13,826,4,0,4,830
11/23/2005,PDX,OR,ANM,WE,Towers with Radar,415,278,68,22,783,0,8,21,0,29,415,286,89,22,812,2,2,4,816
11/24/2005,PDX,OR,ANM,WE,Towers with Radar,305,133,10,0,448,0,3,12,0,15,305,136,22,0,463,0,0,0,463
11/25/2005,PDX,OR,ANM,WE,Towers with Radar,327,197,23,0,547,0,6,1,0,7,327,203,24,0,554,0,0,0,554
11/26/2005,PDX,OR,ANM,WE,Towers with Radar,354,178,21,0,553,0,3,20,0,23,354,181,41,0,576,0,0,0,576
11/27/2005,PDX,OR,ANM,WE,Towers with Radar,362,173,39,0,574,0,0,2,0,2,362,173,41,0,576,2,0,2,578
11/28/2005,PDX,OR,ANM,WE,Towers with Radar,382,253,44,26,705,0,14,13,0,27,382,267,57,26,732,1,2,3,735
11/29/2005,PDX,OR,ANM,WE,Towers with Radar,401,287,50,21,759,0,5,7,0,12,401,292,57,21,771,0,1,1,772
11/30/2005,PDX,OR,ANM,WE,Towers with Radar,397,293,79,28,797,0,3,29,1,33,397,296,108,29,830,2,0,2,832
12/01/2005,PDX,OR,ANM,WE,Towers with Radar,405,272,36,18,731,0,0,2,0,2,405,272,38,18,733,0,0,0,733
12/02/2005,PDX,OR,ANM,WE,Towers with Radar,393,286,43,5,727,0,0,0,0,0,393,286,43,5,727,0,0,0,727
12/03/2005,PDX,OR,ANM,WE,Towers with Radar,264,135,29,9,437,0,7,3,0,10,264,142,32,9,447,0,0,0,447
12/04/2005,PDX,OR,ANM,WE,Towers with Radar,328,152,27,6,513,0,0,0,0,0,328,152,27,6,513,0,0,0,513
12/05/2005,PDX,OR,ANM,WE,Towers with Radar,369,258,67,17,711,0,1,1,0,2,369,259,68,17,713,0,0,0,713
12/06/2005,PDX,OR,ANM,WE,Towers with Radar,397,295,55,26,773,0,10,16,0,26,397,305,71,26,799,2,0,2,801
12/07/2005,PDX,OR,ANM,WE,Towers with Radar,378,291,61,18,748,0,5,14,3,22,378,296,75,21,770,0,1,1,771
12/08/2005,PDX,OR,ANM,WE,Towers with Radar,379,282,47,26,734,0,16,46,1,63,379,298,93,27,797,10,0,10,807
12/09/2005,PDX,OR,ANM,WE,Towers with Radar,386,260,65,15,726,0,5,16,0,21,386,265,81,15,747,0,0,0,747
12/10/2005,PDX,OR,ANM,WE,Towers with Radar,343,183,48,19,593,0,7,52,1,60,343,190,100,20,653,0,2,2,655
12/11/2005,PDX,OR,ANM,WE,Towers with Radar,362,150,40,8,560,0,5,60,0,65,362,155,100,8,625,0,0,0,625
12/12/2005,PDX,OR,ANM,WE,Towers with Radar,382,242,53,16,693,0,7,13,0,20,382,249,66,16,713,1,0,1,714
12/13/2005,PDX,OR,ANM,WE,Towers with Radar,395,286,59,16,756,0,12,20,3,35,395,298,79,19,791,0,2,2,793
12/14/2005,PDX,OR,ANM,WE,Towers with Radar,401,277,85,23,786,0,37,25,2,64,401,314,110,25,850,0,2,2,852
12/15/2005,PDX,OR,ANM,WE,Towers with Radar,409,277,69,14,769,0,18,55,0,73,409,295,124,14,842,2,0,2,844
12/16/2005,PDX,OR,ANM,WE,Towers with Radar,416,258,35,8,717,0,20,54,0,74,416,278,89,8,791,0,0,0,791
12/17/2005,PDX,OR,ANM,WE,Towers with Radar,370,171,21,2,564,0,13,28,0,41,370,184,49,2,605,0,0,0,605
12/18/2005,PDX,OR,ANM,WE,Towers with Radar,343,126,14,0,483,0,0,5,0,5,343,126,19,0,488,2,0,2,490
12/19/2005,PDX,OR,ANM,WE,Towers with Radar,364,260,39,11,674,0,0,0,0,0,364,260,39,11,674,1,0,1,675
12/20/2005,PDX,OR,ANM,WE,Towers with Radar,407,290,60,24,781,0,12,13,0,25,407,302,73,24,806,0,0,0,806
12/21/2005,PDX,OR,ANM,WE,Towers with Radar,405,314,61,22,802,0,1,1,0,2,405,315,62,22,804,0,2,2,806
12/22/2005,PDX,OR,ANM,WE,Towers with Radar,416,288,54,19,777,0,12,13,0,25,416,300,67,19,802,4,0,4,806
12/23/2005,PDX,OR,ANM,WE,Towers with Radar,416,280,32,3,731,0,20,19,0,39,416,300,51,3,770,0,0,0,770
12/24/2005,PDX,OR,ANM,WE,Towers with Radar,363,156,9,0,528,0,6,22,0,28,363,162,31,0,556,0,1,1,557
12/25/2005,PDX,OR,ANM,WE,Towers with Radar,306,129,12,0,447,0,0,5,0,5,306,129,17,0,452,2,0,2,454
12/26/2005,PDX,OR,ANM,WE,Towers with Radar,354,172,22,0,548,0,0,0,0,0,354,172,22,0,548,0,0,0,548
12/27/2005,PDX,OR,ANM,WE,Towers with Radar,402,248,34,22,706,0,16,10,0,26,402,264,44,22,732,2,2,4,736
12/28/2005,PDX,OR,ANM,WE,Towers with Radar,394,261,25,14,694,0,12,10,0,22,394,273,35,14,716,0,0,0,716
12/29/2005,PDX,OR,ANM,WE,Towers with Radar,401,254,38,21,714,0,25,47,0,72,401,279,85,21,786,8,2,10,796
12/30/2005,PDX,OR,ANM,WE,Towers with Radar,392,259,19,1,671,0,4,3,0,7,392,263,22,1,678,2,0,2,680
12/31/2005,PDX,OR,ANM,WE,Towers with Radar,340,148,26,1,515,0,1,11,0,12,340,149,37,1,527,0,0,0,527
01/01/2006,PDX,OR,ANM,WE,Towers with Radar,316,127,27,1,471,0,0,0,0,0,316,127,27,1,471,0,0,0,471
01/02/2006,PDX,OR,ANM,WE,Towers with Radar,356,170,29,0,555,0,2,4,0,6,356,172,33,0,561,0,0,0,561
01/03/2006,PDX,OR,ANM,WE,Towers with Radar,382,256,42,17,697,0,17,14,0,31,382,273,56,17,728,0,3,3,731
01/04/2006,PDX,OR,ANM,WE,Towers with Radar,393,263,25,10,691,0,4,2,1,7,393,267,27,11,698,0,0,0,698
01/05/2006,PDX,OR,ANM,WE,Towers with Radar,384,262,27,18,691,0,20,29,0,49,384,282,56,18,740,4,0,4,744
01/06/2006,PDX,OR,ANM,WE,Towers with Radar,387,256,43,12,698,0,4,1,2,7,387,260,44,14,705,0,0,0,705
01/07/2006,PDX,OR,ANM,WE,Towers with Radar,320,152,36,0,508,0,0,6,0,6,320,152,42,0,514,0,0,0,514
01/08/2006,PDX,OR,ANM,WE,Towers with Radar,323,137,40,2,502,0,1,7,0,8,323,138,47,2,510,0,0,0,510
01/09/2006,PDX,OR,ANM,WE,Towers with Radar,356,246,47,22,671,0,3,0,0,3,356,249,47,22,674,2,0,2,676
01/10/2006,PDX,OR,ANM,WE,Towers with Radar,360,270,43,14,687,0,17,5,0,22,360,287,48,14,709,0,0,0,709
01/11/2006,PDX,OR,ANM,WE,Towers with Radar,361,263,44,29,697,0,21,17,2,40,361,284,61,31,737,2,2,4,741
01/12/2006,PDX,OR,ANM,WE,Towers with Radar,371,278,51,18,718,0,16,20,3,39,371,294,71,21,757,4,0,4,761
01/13/2006,PDX,OR,ANM,WE,Towers with Radar,366,260,71,8,705,4,10,18,1,33,370,270,89,9,738,0,0,0,738
01/14/2006,PDX,OR,ANM,WE,Towers with Radar,326,151,46,5,528,0,6,8,0,14,326,157,54,5,542,2,0,2,544
01/15/2006,PDX,OR,ANM,WE,Towers with Radar,326,151,46,5,528,0,6,9,0,15,326,157,55,5,543,0,2,2,545
01/16/2006,PDX,OR,ANM,WE,Towers with Radar,360,207,54,2,623,1,4,3,0,8,361,211,57,2,631,0,0,0,631
01/17/2006,PDX,OR,ANM,WE,Towers with Radar,369,267,59,22,717,0,4,7,0,11,369,271,66,22,728,2,1,3,731
01/18/2006,PDX,OR,ANM,WE,Towers with Radar,368,263,51,36,718,0,14,21,1,36,368,277,72,37,754,0,8,8,762
01/19/2006,PDX,OR,ANM,WE,Towers with Radar,364,257,52,25,698,0,20,11,0,31,364,277,63,25,729,4,0,4,733
01/20/2006,PDX,OR,ANM,WE,Towers with Radar,368,265,45,26,704,0,8,23,1,32,368,273,68,27,736,0,0,0,736
01/21/2006,PDX,OR,ANM,WE,Towers with Radar,324,155,25,8,512,0,0,0,31,31,324,155,25,39,543,0,5,5,548
01/22/2006,PDX,OR,ANM,WE,Towers with Radar,314,131,35,4,484,0,0,10,0,10,314,131,45,4,494,0,0,0,494
01/23/2006,PDX,OR,ANM,WE,Towers with Radar,361,258,52,11,682,0,7,39,0,46,361,265,91,11,728,0,0,0,728
01/24/2006,PDX,OR,ANM,WE,Towers with Radar,376,288,46,21,731,0,17,34,1,52,376,305,80,22,783,0,10,10,793
01/25/2006,PDX,OR,ANM,WE,Towers with Radar,381,275,61,20,737,0,7,45,1,53,381,282,106,21,790,45,0,45,835
01/26/2006,PDX,OR,ANM,WE,Towers with Radar,363,264,43,25,695,0,6,34,4,44,363,270,77,29,739,4,0,4,743
01/27/2006,PDX,OR,ANM,WE,Towers with Radar,367,262,29,29,687,0,12,23,0,35,367,274,52,29,722,0,14,14,736
01/28/2006,PDX,OR,ANM,WE,Towers with Radar,316,147,24,8,495,0,3,11,2,16,316,150,35,10,511,0,0,0,511
01/29/2006,PDX,OR,ANM,WE,Towers with Radar,315,147,24,8,494,0,2,8,0,10,315,149,32,8,504,0,0,0,504
01/30/2006,PDX,OR,ANM,WE,Towers with Radar,360,242,51,24,677,0,13,30,0,43,360,255,81,24,720,4,0,4,724
01/31/2006,PDX,OR,ANM,WE,Towers with Radar,368,277,56,9,710,0,9,6,0,15,368,286,62,9,725,2,2,4,729
02/01/2006,PDX,OR,ANM,WE,Towers with Radar,379,257,54,28,718,0,19,33,2,54,379,276,87,30,772,0,2,2,774
02/02/2006,PDX,OR,ANM,WE,Towers with Radar,374,260,62,23,719,0,17,21,6,44,374,277,83,29,763,4,0,4,767
02/03/2006,PDX,OR,ANM,WE,Towers with Radar,366,271,49,11,697,0,18,29,0,47,366,289,78,11,744,0,0,0,744
02/04/2006,PDX,OR,ANM,WE,Towers with Radar,326,156,19,0,501,0,5,14,0,19,326,161,33,0,520,0,0,0,520
02/05/2006,PDX,OR,ANM,WE,Towers with Radar,332,140,27,0,499,0,8,32,0,40,332,148,59,0,539,0,0,0,539
02/06/2006,PDX,OR,ANM,WE,Towers with Radar,358,238,56,11,663,0,19,76,4,99,358,257,132,15,762,8,0,8,770
02/07/2006,PDX,OR,ANM,WE,Towers with Radar,371,261,60,13,705,0,31,65,0,96,371,292,125,13,801,16,0,16,817
02/08/2006,PDX,OR,ANM,WE,Towers with Radar,369,264,70,13,716,0,10,45,1,56,369,274,115,14,772,4,10,14,786
02/09/2006,PDX,OR,ANM,WE,Towers with Radar,367,248,63,15,693,0,33,37,0,70,367,281,100,15,763,2,2,4,767
02/10/2006,PDX,OR,ANM,WE,Towers with Radar,378,243,46,7,674,0,25,30,2,57,378,268,76,9,731,0,0,0,731
02/11/2006,PDX,OR,ANM,WE,Towers with Radar,319,146,42,1,508,0,9,47,3,59,319,155,89,4,567,0,1,1,568
02/12/2006,PDX,OR,ANM,WE,Towers with Radar,327,141,36,13,517,0,4,55,0,59,327,145,91,13,576,1,0,1,577
02/13/2006,PDX,OR,ANM,WE,Towers with Radar,358,228,36,16,638,0,6,20,0,26,358,234,56,16,664,4,0,4,668
02/14/2006,PDX,OR,ANM,WE,Towers with Radar,366,261,42,24,693,0,8,28,2,38,366,269,70,26,731,4,2,6,737
02/15/2006,PDX,OR,ANM,WE,Towers with Radar,362,271,45,19,697,0,2,11,0,13,362,273,56,19,710,1,2,3,713
02/16/2006,PDX,OR,ANM,WE,Towers with Radar,369,248,51,25,693,0,17,46,0,63,369,265,97,25,756,4,0,4,760
02/17/2006,PDX,OR,ANM,WE,Towers with Radar,386,239,43,1,669,0,26,9,1,36,386,265,52,2,705,40,0,40,745
02/18/2006,PDX,OR,ANM,WE,Towers with Radar,333,154,40,5,532,0,2,0,1,3,333,156,40,6,535,2,0,2,537
02/19/2006,PDX,OR,ANM,WE,Towers with Radar,332,139,20,1,492,0,0,37,1,38,332,139,57,2,530,2,0,2,532
02/20/2006,PDX,OR,ANM,WE,Towers with Radar,365,206,43,0,614,0,7,32,0,39,365,213,75,0,653,0,0,0,653
02/21/2006,PDX,OR,ANM,WE,Towers with Radar,376,257,45,20,698,0,3,7,0,10,376,260,52,20,708,0,0,0,708
02/22/2006,PDX,OR,ANM,WE,Towers with Radar,378,254,75,27,734,0,18,19,0,37,378,272,94,27,771,4,2,6,777
02/23/2006,PDX,OR,ANM,WE,Towers with Radar,382,275,58,20,735,0,10,21,2,33,382,285,79,22,768,4,0,4,772
02/24/2006,PDX,OR,ANM,WE,Towers with Radar,378,260,40,7,685,0,19,41,1,61,378,279,81,8,746,0,0,0,746
02/25/2006,PDX,OR,ANM,WE,Towers with Radar,338,148,24,3,513,0,0,10,2,12,338,148,34,5,525,0,1,1,526
02/26/2006,PDX,OR,ANM,WE,Towers with Radar,341,126,30,6,503,0,0,10,1,11,341,126,40,7,514,0,2,2,516
02/27/2006,PDX,OR,ANM,WE,Towers with Radar,369,233,41,14,657,0,6,10,1,17,369,239,51,15,674,4,0,4,678
02/28/2006,PDX,OR,ANM,WE,Towers with Radar,378,259,60,24,721,0,3,9,0,12,378,262,69,24,733,4,2,6,739
03/01/2006,PDX,OR,ANM,WE,Towers with Radar,393,255,63,20,731,0,10,24,0,34,393,265,87,20,765,2,1,3,768
03/02/2006,PDX,OR,ANM,WE,Towers with Radar,384,256,71,13,724,0,6,28,0,34,384,262,99,13,758,4,0,4,762
03/03/2006,PDX,OR,ANM,WE,Towers with Radar,370,248,58,17,693,0,6,32,0,38,370,254,90,17,731,0,2,2,733
03/04/2006,PDX,OR,ANM,WE,Towers with Radar,336,144,30,6,516,0,3,17,0,20,336,147,47,6,536,0,0,0,536
03/05/2006,PDX,OR,ANM,WE,Towers with Radar,329,130,23,5,487,0,1,9,2,12,329,131,32,7,499,0,2,2,501
03/06/2006,PDX,OR,ANM,WE,Towers with Radar,364,227,38,25,654,0,12,5,0,17,364,239,43,25,671,4,0,4,675
03/07/2006,PDX,OR,ANM,WE,Towers with Radar,378,249,52,18,697,0,8,11,2,21,378,257,63,20,718,4,2,6,724
03/08/2006,PDX,OR,ANM,WE,Towers with Radar,373,266,45,8,692,0,1,0,0,1,373,267,45,8,693,0,0,0,693
03/09/2006,PDX,OR,ANM,WE,Towers with Radar,382,262,51,11,706,0,6,2,6,14,382,268,53,17,720,4,0,4,724
03/10/2006,PDX,OR,ANM,WE,Towers with Radar,359,232,47,37,675,0,2,7,0,9,359,234,54,37,684,0,2,2,686
03/11/2006,PDX,OR,ANM,WE,Towers with Radar,331,152,37,28,548,0,3,8,0,11,331,155,45,28,559,1,1,2,561
03/12/2006,PDX,OR,ANM,WE,Towers with Radar,332,132,26,28,518,0,4,0,0,4,332,136,26,28,522,6,0,6,528
03/13/2006,PDX,OR,ANM,WE,Towers with Radar,368,233,62,6,669,0,5,24,0,29,368,238,86,6,698,0,0,0,698
03/14/2006,PDX,OR,ANM,WE,Towers with Radar,378,245,47,5,675,0,7,15,1,23,378,252,62,6,698,0,0,0,698
03/15/2006,PDX,OR,ANM,WE,Towers with Radar,388,253,64,25,730,0,9,18,0,27,388,262,82,25,757,6,0,6,763
03/16/2006,PDX,OR,ANM,WE,Towers with Radar,364,259,49,9,681,0,6,12,0,18,364,265,61,9,699,2,0,2,701
03/17/2006,PDX,OR,ANM,WE,Towers with Radar,386,248,48,28,710,0,6,26,0,32,386,254,74,28,742,0,0,0,742
03/18/2006,PDX,OR,ANM,WE,Towers with Radar,337,152,31,15,535,0,3,37,0,40,337,155,68,15,575,2,2,4,579
03/19/2006,PDX,OR,ANM,WE,Towers with Radar,339,135,47,4,525,0,1,30,0,31,339,136,77,4,556,6,2,8,564
03/20/2006,PDX,OR,ANM,WE,Towers with Radar,362,230,38,20,650,0,15,37,0,52,362,245,75,20,702,0,0,0,702
03/21/2006,PDX,OR,ANM,WE,Towers with Radar,393,265,44,25,727,0,5,10,5,20,393,270,54,30,747,4,2,6,753
03/22/2006,PDX,OR,ANM,WE,Towers with Radar,384,260,56,23,723,0,0,0,0,0,384,260,56,23,723,0,2,2,725
03/23/2006,PDX,OR,ANM,WE,Towers with Radar,384,276,83,29,772,0,9,20,0,29,384,285,103,29,801,0,0,0,801
03/24/2006,PDX,OR,ANM,WE,Towers with Radar,393,248,63,7,711,0,7,46,1,54,393,255,109,8,765,4,0,4,769
03/25/2006,PDX,OR,ANM,WE,Towers with Radar,348,161,43,0,552,0,0,11,0,11,348,161,54,0,563,1,0,1,564
03/26/2006,PDX,OR,ANM,WE,Towers with Radar,340,136,32,2,510,0,0,12,1,13,340,136,44,3,523,0,2,2,525
03/27/2006,PDX,OR,ANM,WE,Towers with Radar,377,240,41,18,676,0,12,31,0,43,377,252,72,18,719,0,2,2,721
03/28/2006,PDX,OR,ANM,WE,Towers with Radar,389,257,39,24,709,0,8,26,2,36,389,265,65,26,745,4,0,4,749
03/29/2006,PDX,OR,ANM,WE,Towers with Radar,386,248,40,24,698,0,0,1,2,3,386,248,41,26,701,16,2,18,719
03/30/2006,PDX,OR,ANM,WE,Towers with Radar,394,253,43,21,711,0,16,53,0,69,394,269,96,21,780,8,0,8,788
03/31/2006,PDX,OR,ANM,WE,Towers with Radar,382,273,44,8,707,0,6,12,1,19,382,279,56,9,726,0,2,2,728
04/01/2006,PDX,OR,ANM,WE,Towers with Radar,346,151,34,2,533,0,5,20,0,25,346,156,54,2,558,18,0,18,576
04/02/2006,PDX,OR,ANM,WE,Towers with Radar,346,150,35,3,534,0,2,11,1,14,346,152,46,4,548,0,0,0,548
04/03/2006,PDX,OR,ANM,WE,Towers with Radar,379,246,40,21,686,0,10,19,1,30,379,256,59,22,716,2,0,2,718
04/04/2006,PDX,OR,ANM,WE,Towers with Radar,400,271,33,21,725,0,12,16,0,28,400,283,49,21,753,0,1,1,754
04/05/2006,PDX,OR,ANM,WE,Towers with Radar,388,266,45,25,724,0,7,2,0,9,388,273,47,25,733,4,4,8,741
04/06/2006,PDX,OR,ANM,WE,Towers with Radar,384,275,49,14,722,0,17,23,0,40,384,292,72,14,762,4,0,4,766
04/07/2006,PDX,OR,ANM,WE,Towers with Radar,387,262,36,23,708,0,12,32,0,44,387,274,68,23,752,2,0,2,754
04/08/2006,PDX,OR,ANM,WE,Towers with Radar,353,170,31,0,554,0,2,7,0,9,353,172,38,0,563,0,0,0,563
04/09/2006,PDX,OR,ANM,WE,Towers with Radar,359,168,25,0,552,0,3,16,1,20,359,171,41,1,572,0,0,0,572
04/10/2006,PDX,OR,ANM,WE,Towers with Radar,388,228,38,11,665,0,9,12,0,21,388,237,50,11,686,2,2,4,690
04/11/2006,PDX,OR,ANM,WE,Towers with Radar,388,272,57,20,737,0,16,12,0,28,388,288,69,20,765,2,4,6,771
04/12/2006,PDX,OR,ANM,WE,Towers with Radar,399,267,52,24,742,0,7,27,0,34,399,274,79,24,776,20,0,20,796
04/13/2006,PDX,OR,ANM,WE,Towers with Radar,383,275,56,12,726,0,11,37,0,48,383,286,93,12,774,4,0,4,778
04/14/2006,PDX,OR,ANM,WE,Towers with Radar,390,265,46,26,727,0,7,6,0,13,390,272,52,26,740,0,0,0,740
04/15/2006,PDX,OR,ANM,WE,Towers with Radar,348,146,20,0,514,0,0,2,0,2,348,146,22,0,516,0,0,0,516
04/16/2006,PDX,OR,ANM,WE,Towers with Radar,339,128,17,1,485,0,0,0,0,0,339,128,17,1,485,2,0,2,487
04/17/2006,PDX,OR,ANM,WE,Towers with Radar,382,245,42,14,683,0,6,14,0,20,382,251,56,14,703,0,2,2,705
04/18/2006,PDX,OR,ANM,WE,Towers with Radar,391,284,39,7,721,0,0,35,0,35,391,284,74,7,756,0,0,0,756
04/19/2006,PDX,OR,ANM,WE,Towers with Radar,387,262,59,5,713,0,26,60,0,86,387,288,119,5,799,2,4,6,805
04/20/2006,PDX,OR,ANM,WE,Towers with Radar,386,267,64,5,722,0,12,44,1,57,386,279,108,6,779,2,0,2,781
04/21/2006,PDX,OR,ANM,WE,Towers with Radar,390,263,65,25,743,0,13,24,0,37,390,276,89,25,780,2,2,4,784
04/22/2006,PDX,OR,ANM,WE,Towers with Radar,354,158,22,29,563,0,2,30,1,33,354,160,52,30,596,0,1,1,597
04/23/2006,PDX,OR,ANM,WE,Towers with Radar,351,152,27,33,563,0,1,35,0,36,351,153,62,33,599,0,1,1,600
04/24/2006,PDX,OR,ANM,WE,Towers with Radar,373,213,51,7,644,0,29,65,2,96,373,242,116,9,740,0,0,0,740
04/25/2006,PDX,OR,ANM,WE,Towers with Radar,397,266,71,10,744,0,19,37,1,57,397,285,108,11,801,6,4,10,811
04/26/2006,PDX,OR,ANM,WE,Towers with Radar,384,265,63,19,731,0,15,15,3,33,384,280,78,22,764,0,0,0,764
04/27/2006,PDX,OR,ANM,WE,Towers with Radar,386,267,67,5,725,0,11,34,0,45,386,278,101,5,770,4,0,4,774
04/28/2006,PDX,OR,ANM,WE,Towers with Radar,381,251,66,15,713,0,21,46,0,67,381,272,112,15,780,0,0,0,780
04/29/2006,PDX,OR,ANM,WE,Towers with Radar,354,160,35,1,550,0,4,14,0,18,354,164,49,1,568,0,2,2,570
04/30/2006,PDX,OR,ANM,WE,Towers with Radar,348,159,32,2,541,0,2,37,1,40,348,161,69,3,581,0,0,0,581
05/01/2006,PDX,OR,ANM,WE,Towers with Radar,0,0,0,0,0,380,248,91,13,732,380,248,91,13,732,107,6,113,845
05/02/2006,PDX,OR,ANM,WE,Towers with Radar,395,260,52,13,720,0,24,42,0,66,395,284,94,13,786,0,1,1,787
05/03/2006,PDX,OR,ANM,WE,Towers with Radar,394,248,68,17,727,0,2,7,0,9,394,250,75,17,736,4,3,7,743
05/04/2006,PDX,OR,ANM,WE,Towers with Radar,395,255,46,17,713,0,14,42,0,56,395,269,88,17,769,4,0,4,773
05/05/2006,PDX,OR,ANM,WE,Towers with Radar,397,258,63,6,724,0,18,52,0,70,397,276,115,6,794,0,0,0,794
05/06/2006,PDX,OR,ANM,WE,Towers with Radar,352,160,45,1,558,0,1,28,0,29,352,161,73,1,587,2,3,5,592
05/07/2006,PDX,OR,ANM,WE,Towers with Radar,349,146,47,5,547,0,0,1,0,1,349,146,48,5,548,0,0,0,548
05/08/2006,PDX,OR,ANM,WE,Towers with Radar,389,240,56,15,700,0,21,22,0,43,389,261,78,15,743,4,2,6,749
05/09/2006,PDX,OR,ANM,WE,Towers with Radar,399,250,70,12,731,0,0,1,0,1,399,250,71,12,732,2,8,10,742
05/10/2006,PDX,OR,ANM,WE,Towers with Radar,403,256,73,11,743,0,19,44,0,63,403,275,117,11,806,8,0,8,814
05/11/2006,PDX,OR,ANM,WE,Towers with Radar,412,263,69,5,749,0,19,26,1,46,412,282,95,6,795,4,0,4,799
05/12/2006,PDX,OR,ANM,WE,Towers with Radar,396,259,68,9,732,0,15,28,0,43,396,274,96,9,775,4,4,8,783
05/13/2006,PDX,OR,ANM,WE,Towers with Radar,361,168,32,8,569,0,3,36,0,39,361,171,68,8,608,2,0,2,610
05/14/2006,PDX,OR,ANM,WE,Towers with Radar,363,155,41,1,560,0,0,1,0,1,363,155,42,1,561,0,0,0,561
05/15/2006,PDX,OR,ANM,WE,Towers with Radar,392,226,57,8,683,0,29,30,0,59,392,255,87,8,742,4,2,6,748
05/16/2006,PDX,OR,ANM,WE,Towers with Radar,401,251,54,18,724,0,25,42,3,70,401,276,96,21,794,4,6,10,804
05/17/2006,PDX,OR,ANM,WE,Towers with Radar,404,248,53,13,718,0,26,46,0,72,404,274,99,13,790,2,0,2,792
05/18/2006,PDX,OR,ANM,WE,Towers with Radar,405,253,71,15,744,0,22,46,0,68,405,275,117,15,812,0,0,0,812
05/19/2006,PDX,OR,ANM,WE,Towers with Radar,406,272,63,16,757,0,7,26,1,34,406,279,89,17,791,0,2,2,793
05/20/2006,PDX,OR,ANM,WE,Towers with Radar,355,156,30,0,541,0,0,2,0,2,355,156,32,0,543,3,2,5,548
05/21/2006,PDX,OR,ANM,WE,Towers with Radar,350,146,29,32,557,0,0,38,3,41,350,146,67,35,598,0,0,0,598
05/22/2006,PDX,OR,ANM,WE,Towers with Radar,402,254,45,10,711,2,12,14,1,29,404,266,59,11,740,4,0,4,744
05/23/2006,PDX,OR,ANM,WE,Towers with Radar,397,270,68,17,752,0,5,13,0,18,397,275,81,17,770,0,5,5,775
05/24/2006,PDX,OR,ANM,WE,Towers with Radar,397,276,65,26,764,0,5,54,2,61,397,281,119,28,825,0,3,3,828
05/25/2006,PDX,OR,ANM,WE,Towers with Radar,407,287,70,23,787,0,9,20,3,32,407,296,90,26,819,4,0,4,823
05/26/2006,PDX,OR,ANM,WE,Towers with Radar,394,280,55,12,741,0,11,6,0,17,394,291,61,12,758,0,0,0,758
05/27/2006,PDX,OR,ANM,WE,Towers with Radar,355,157,35,4,551,0,2,6,0,8,355,159,41,4,559,2,0,2,561
05/28/2006,PDX,OR,ANM,WE,Towers with Radar,316,118,25,4,463,0,0,0,0,0,316,118,25,4,463,0,0,0,463
05/29/2006,PDX,OR,ANM,WE,Towers with Radar,349,164,39,9,561,0,0,37,2,39,349,164,76,11,600,0,4,4,604
05/30/2006,PDX,OR,ANM,WE,Towers with Radar,384,233,37,13,667,0,34,55,1,90,384,267,92,14,757,0,4,4,761
05/31/2006,PDX,OR,ANM,WE,Towers with Radar,402,261,49,20,732,0,18,43,0,61,402,279,92,20,793,4,0,4,797
06/01/2006,PDX,OR,ANM,WE,Towers with Radar,404,280,62,27,773,7,0,10,0,17,411,280,72,27,790,4,0,4,794
06/02/2006,PDX,OR,ANM,WE,Towers with Radar,383,285,43,23,734,0,15,20,1,36,383,300,63,24,770,0,0,0,770
06/03/2006,PDX,OR,ANM,WE,Towers with Radar,360,163,45,0,568,0,5,31,0,36,360,168,76,0,604,0,0,0,604
06/04/2006,PDX,OR,ANM,WE,Towers with Radar,356,154,37,3,550,0,0,4,0,4,356,154,41,3,554,0,2,2,556
06/05/2006,PDX,OR,ANM,WE,Towers with Radar,392,254,57,18,721,0,34,35,0,69,392,288,92,18,790,0,0,0,790
06/06/2006,PDX,OR,ANM,WE,Towers with Radar,397,263,57,16,733,0,16,39,1,56,397,279,96,17,789,0,0,0,789
06/07/2006,PDX,OR,ANM,WE,Towers with Radar,405,256,58,21,740,0,10,20,0,30,405,266,78,21,770,4,1,5,775
06/08/2006,PDX,OR,ANM,WE,Towers with Radar,259,221,40,5,525,0,0,190,2,192,259,221,230,7,717,1,2,3,720
06/09/2006,PDX,OR,ANM,WE,Towers with Radar,260,213,32,6,511,0,5,32,4,41,260,218,64,10,552,12,2,14,566
06/10/2006,PDX,OR,ANM,WE,Towers with Radar,346,152,37,6,541,0,3,31,2,36,346,155,68,8,577,2,3,5,582
06/11/2006,PDX,OR,ANM,WE,Towers with Radar,379,155,31,6,571,0,1,3,1,5,379,156,34,7,576,0,0,0,576
06/12/2006,PDX,OR,ANM,WE,Towers with Radar,398,256,58,4,716,0,1,1,0,2,398,257,59,4,718,0,0,0,718
06/13/2006,PDX,OR,ANM,WE,Towers with Radar,412,276,67,8,763,0,2,15,2,19,412,278,82,10,782,2,8,10,792
06/14/2006,PDX,OR,ANM,WE,Towers with Radar,415,280,54,22,771,0,9,15,6,30,415,289,69,28,801,0,0,0,801
06/15/2006,PDX,OR,ANM,WE,Towers with Radar,416,250,62,6,734,0,41,32,0,73,416,291,94,6,807,0,0,0,807
06/16/2006,PDX,OR,ANM,WE,Towers with Radar,420,250,55,52,777,0,42,26,1,69,420,292,81,53,846,0,0,0,846
06/17/2006,PDX,OR,ANM,WE,Towers with Radar,387,158,35,55,635,0,6,21,0,27,387,164,56,55,662,0,0,0,662
06/18/2006,PDX,OR,ANM,WE,Towers with Radar,382,154,34,23,593,0,1,41,0,42,382,155,75,23,635,0,0,0,635
06/19/2006,PDX,OR,ANM,WE,Towers with Radar,405,241,51,2,699,0,24,38,0,62,405,265,89,2,761,0,0,0,761
06/20/2006,PDX,OR,ANM,WE,Towers with Radar,432,237,52,5,726,0,53,37,0,90,432,290,89,5,816,0,0,0,816
06/21/2006,PDX,OR,ANM,WE,Towers with Radar,415,235,43,8,701,0,48,36,1,85,415,283,79,9,786,9,0,9,795
06/22/2006,PDX,OR,ANM,WE,Towers with Radar,406,242,50,3,701,1,49,76,1,127,407,291,126,4,828,2,0,2,830
06/23/2006,PDX,OR,ANM,WE,Towers with Radar,413,240,58,4,715,0,48,77,0,125,413,288,135,4,840,2,0,2,842
06/24/2006,PDX,OR,ANM,WE,Towers with Radar,383,169,21,1,574,0,9,49,3,61,383,178,70,4,635,0,0,0,635
06/25/2006,PDX,OR,ANM,WE,Towers with Radar,376,163,32,1,572,0,0,36,0,36,376,163,68,1,608,0,0,0,608
06/26/2006,PDX,OR,ANM,WE,Towers with Radar,406,207,37,16,666,0,56,43,0,99,406,263,80,16,765,0,0,0,765
06/27/2006,PDX,OR,ANM,WE,Towers with Radar,408,236,49,18,711,0,44,47,0,91,408,280,96,18,802,0,0,0,802
06/28/2006,PDX,OR,ANM,WE,Towers with Radar,426,242,63,15,746,0,47,79,1,127,426,289,142,16,873,19,0,19,892
06/29/2006,PDX,OR,ANM,WE,Towers with Radar,413,267,60,13,753,0,44,98,0,142,413,311,158,13,895,0,0,0,895
06/30/2006,PDX,OR,ANM,WE,Towers with Radar,420,244,51,19,734,0,44,54,0,98,420,288,105,19,832,0,0,0,832
07/01/2006,PDX,OR,ANM,WE,Towers with Radar,391,174,25,0,590,0,19,50,0,69,391,193,75,0,659,0,0,0,659
07/02/2006,PDX,OR,ANM,WE,Towers with Radar,386,161,26,4,577,0,1,54,0,55,386,162,80,4,632,0,0,0,632
07/03/2006,PDX,OR,ANM,WE,Towers with Radar,390,184,23,1,598,0,47,60,0,107,390,231,83,1,705,0,0,0,705
07/04/2006,PDX,OR,ANM,WE,Towers with Radar,357,151,8,0,516,0,1,60,8,69,357,152,68,8,585,0,0,0,585
07/05/2006,PDX,OR,ANM,WE,Towers with Radar,395,214,74,17,700,0,41,28,0,69,395,255,102,17,769,4,0,4,773
07/06/2006,PDX,OR,ANM,WE,Towers with Radar,430,236,59,17,742,0,42,34,0,76,430,278,93,17,818,0,0,0,818
07/07/2006,PDX,OR,ANM,WE,Towers with Radar,410,226,39,10,685,1,44,59,3,107,411,270,98,13,792,0,0,0,792
07/08/2006,PDX,OR,ANM,WE,Towers with Radar,384,166,24,1,575,0,9,56,0,65,384,175,80,1,640,0,0,0,640
07/09/2006,PDX,OR,ANM,WE,Towers with Radar,387,163,35,1,586,0,6,49,0,55,387,169,84,1,641,2,0,2,643
07/10/2006,PDX,OR,ANM,WE,Towers with Radar,398,222,55,15,690,0,39,38,0,77,398,261,93,15,767,0,0,0,767
07/11/2006,PDX,OR,ANM,WE,Towers with Radar,427,244,59,16,746,0,48,45,0,93,427,292,104,16,839,6,0,6,845
07/12/2006,PDX,OR,ANM,WE,Towers with Radar,426,238,78,17,759,0,36,14,1,51,426,274,92,18,810,0,0,0,810
07/13/2006,PDX,OR,ANM,WE,Towers with Radar,423,252,70,23,768,0,37,32,0,69,423,289,102,23,837,0,0,0,837
07/14/2006,PDX,OR,ANM,WE,Towers with Radar,414,241,45,14,714,0,47,73,2,122,414,288,118,16,836,2,0,2,838
07/15/2006,PDX,OR,ANM,WE,Towers with Radar,394,173,43,6,616,0,7,42,0,49,394,180,85,6,665,0,0,0,665
07/16/2006,PDX,OR,ANM,WE,Towers with Radar,380,171,31,5,587,0,2,67,0,69,380,173,98,5,656,0,0,0,656
07/17/2006,PDX,OR,ANM,WE,Towers with Radar,397,215,37,10,659,0,49,35,0,84,397,264,72,10,743,2,0,2,745
07/18/2006,PDX,OR,ANM,WE,Towers with Radar,396,244,54,15,709,0,45,46,1,92,396,289,100,16,801,0,0,0,801
07/19/2006,PDX,OR,ANM,WE,Towers with Radar,424,240,61,19,744,0,55,59,0,114,424,295,120,19,858,0,0,0,858
07/20/2006,PDX,OR,ANM,WE,Towers with Radar,425,234,54,19,732,0,60,79,7,146,425,294,133,26,878,4,0,4,882
07/21/2006,PDX,OR,ANM,WE,Towers with Radar,418,230,41,11,700,0,54,92,5,151,418,284,133,16,851,0,0,0,851
07/22/2006,PDX,OR,ANM,WE,Towers with Radar,394,161,22,5,582,0,13,21,0,34,394,174,43,5,616,10,0,10,626
07/23/2006,PDX,OR,ANM,WE,Towers with Radar,379,172,38,4,593,0,4,48,0,52,379,176,86,4,645,0,0,0,645
07/24/2006,PDX,OR,ANM,WE,Towers with Radar,398,212,33,15,658,0,50,28,1,79,398,262,61,16,737,0,0,0,737
07/25/2006,PDX,OR,ANM,WE,Towers with Radar,422,243,59,17,741,0,48,64,0,112,422,291,123,17,853,10,0,10,863
07/26/2006,PDX,OR,ANM,WE,Towers with Radar,418,253,79,20,770,0,47,44,1,92,418,300,123,21,862,0,0,0,862
07/27/2006,PDX,OR,ANM,WE,Towers with Radar,417,251,48,16,732,0,46,45,1,92,417,297,93,17,824,0,0,0,824
07/28/2006,PDX,OR,ANM,WE,Towers with Radar,415,237,45,7,704,0,39,44,4,87,415,276,89,11,791,0,0,0,791
07/29/2006,PDX,OR,ANM,WE,Towers with Radar,397,166,40,1,604,0,10,38,0,48,397,176,78,1,652,0,0,0,652
07/30/2006,PDX,OR,ANM,WE,Towers with Radar,0,0,0,0,0,388,171,74,1,634,388,171,74,1,634,0,0,0,634
07/31/2006,PDX,OR,ANM,WE,Towers with Radar,404,220,48,16,688,0,45,36,0,81,404,265,84,16,769,0,0,0,769
08/01/2006,PDX,OR,ANM,WE,Towers with Radar,424,241,51,19,735,1,48,59,0,108,425,289,110,19,843,8,0,8,851
08/02/2006,PDX,OR,ANM,WE,Towers with Radar,424,242,59,12,737,1,41,33,0,75,425,283,92,12,812,0,0,0,812
08/03/2006,PDX,OR,ANM,WE,Towers with Radar,428,235,64,16,743,0,44,78,0,122,428,279,142,16,865,0,0,0,865
08/04/2006,PDX,OR,ANM,WE,Towers with Radar,423,243,44,2,712,0,39,58,1,98,423,282,102,3,810,5,0,5,815
08/05/2006,PDX,OR,ANM,WE,Towers with Radar,388,170,39,8,605,0,7,43,3,53,388,177,82,11,658,0,0,0,658
08/06/2006,PDX,OR,ANM,WE,Towers with Radar,384,166,38,2,590,0,2,53,4,59,384,168,91,6,649,4,0,4,653
08/07/2006,PDX,OR,ANM,WE,Towers with Radar,411,213,52,19,695,0,52,53,3,108,411,265,105,22,803,8,0,8,811
08/08/2006,PDX,OR,ANM,WE,Towers with Radar,416,250,56,17,739,0,45,40,3,88,416,295,96,20,827,0,2,2,829
08/09/2006,PDX,OR,ANM,WE,Towers with Radar,427,236,87,24,774,0,38,37,0,75,427,274,124,24,849,0,0,0,849
08/10/2006,PDX,OR,ANM,WE,Towers with Radar,414,245,55,34,748,0,43,38,1,82,414,288,93,35,830,0,0,0,830
08/11/2006,PDX,OR,ANM,WE,Towers with Radar,427,242,47,32,748,0,35,43,3,81,427,277,90,35,829,0,0,0,829
08/12/2006,PDX,OR,ANM,WE,Towers with Radar,395,162,39,19,615,0,7,48,7,62,395,169,87,26,677,0,0,0,677
08/13/2006,PDX,OR,ANM,WE,Towers with Radar,387,166,36,3,592,0,1,38,6,45,387,167,74,9,637,10,0,10,647
08/14/2006,PDX,OR,ANM,WE,Towers with Radar,409,226,44,29,708,0,49,70,1,120,409,275,114,30,828,16,0,16,844
08/15/2006,PDX,OR,ANM,WE,Towers with Radar,420,254,55,24,753,0,42,51,0,93,420,296,106,24,846,8,0,8,854
08/16/2006,PDX,OR,ANM,WE,Towers with Radar,426,246,55,23,750,0,34,44,1,79,426,280,99,24,829,0,0,0,829
08/17/2006,PDX,OR,ANM,WE,Towers with Radar,412,248,83,28,771,0,40,56,4,100,412,288,139,32,871,0,0,0,871
08/18/2006,PDX,OR,ANM,WE,Towers with Radar,413,236,60,5,714,0,40,63,0,103,413,276,123,5,817,0,0,0,817
08/19/2006,PDX,OR,ANM,WE,Towers with Radar,395,158,26,14,593,0,11,42,2,55,395,169,68,16,648,0,0,0,648
08/20/2006,PDX,OR,ANM,WE,Towers with Radar,387,168,51,5,611,0,1,34,1,36,387,169,85,6,647,0,0,0,647
08/21/2006,PDX,OR,ANM,WE,Towers with Radar,399,228,51,16,694,0,45,51,0,96,399,273,102,16,790,1,0,1,791
08/22/2006,PDX,OR,ANM,WE,Towers with Radar,420,255,67,13,755,0,40,40,0,80,420,295,107,13,835,9,0,9,844
08/23/2006,PDX,OR,ANM,WE,Towers with Radar,410,264,87,12,773,0,37,21,0,58,410,301,108,12,831,8,0,8,839
08/24/2006,PDX,OR,ANM,WE,Towers with Radar,417,253,71,32,773,1,41,60,0,102,418,294,131,32,875,0,0,0,875
08/25/2006,PDX,OR,ANM,WE,Towers with Radar,408,244,60,3,715,0,38,59,0,97,408,282,119,3,812,0,0,0,812
08/26/2006,PDX,OR,ANM,WE,Towers with Radar,389,172,21,4,586,0,8,50,0,58,389,180,71,4,644,0,0,0,644
08/27/2006,PDX,OR,ANM,WE,Towers with Radar,376,166,44,0,586,0,1,53,0,54,376,167,97,0,640,0,0,0,640
08/28/2006,PDX,OR,ANM,WE,Towers with Radar,400,211,52,6,669,0,53,42,0,95,400,264,94,6,764,0,0,0,764
08/29/2006,PDX,OR,ANM,WE,Towers with Radar,421,242,57,18,738,0,36,25,0,61,421,278,82,18,799,0,0,0,799
08/30/2006,PDX,OR,ANM,WE,Towers with Radar,459,255,52,11,777,0,57,45,0,102,459,312,97,11,879,0,6,6,885
08/31/2006,PDX,OR,ANM,WE,Towers with Radar,417,237,60,12,726,0,43,58,2,103,417,280,118,14,829,0,0,0,829
09/01/2006,PDX,OR,ANM,WE,Towers with Radar,413,248,36,2,699,0,43,55,1,99,413,291,91,3,798,0,0,0,798
09/02/2006,PDX,OR,ANM,WE,Towers with Radar,376,166,21,2,565,0,8,49,0,57,376,174,70,2,622,0,0,0,622
09/03/2006,PDX,OR,ANM,WE,Towers with Radar,343,127,20,2,492,0,0,33,0,33,343,127,53,2,525,0,0,0,525
09/04/2006,PDX,OR,ANM,WE,Towers with Radar,365,166,23,2,556,0,2,56,0,58,365,168,79,2,614,0,0,0,614
09/05/2006,PDX,OR,ANM,WE,Towers with Radar,394,213,40,12,659,0,50,54,1,105,394,263,94,13,764,0,0,0,764
09/06/2006,PDX,OR,ANM,WE,Towers with Radar,418,232,54,15,719,0,51,52,1,104,418,283,106,16,823,0,0,0,823
09/07/2006,PDX,OR,ANM,WE,Towers with Radar,404,239,51,18,712,0,40,55,0,95,404,279,106,18,807,2,0,2,809
09/08/2006,PDX,OR,ANM,WE,Towers with Radar,403,231,57,1,692,0,43,53,1,97,403,274,110,2,789,2,0,2,791
09/09/2006,PDX,OR,ANM,WE,Towers with Radar,370,155,33,1,559,0,5,23,1,29,370,160,56,2,588,0,0,0,588
09/10/2006,PDX,OR,ANM,WE,Towers with Radar,369,158,19,6,552,0,2,40,0,42,369,160,59,6,594,0,0,0,594
09/11/2006,PDX,OR,ANM,WE,Towers with Radar,391,213,43,11,658,0,52,42,1,95,391,265,85,12,753,3,0,3,756
09/12/2006,PDX,OR,ANM,WE,Towers with Radar,403,242,45,18,708,0,51,52,0,103,403,293,97,18,811,8,0,8,819
09/13/2006,PDX,OR,ANM,WE,Towers with Radar,408,242,86,12,748,0,39,31,0,70,408,281,117,12,818,6,0,6,824
09/14/2006,PDX,OR,ANM,WE,Towers with Radar,399,252,67,19,737,0,39,13,0,52,399,291,80,19,789,0,0,0,789
09/15/2006,PDX,OR,ANM,WE,Towers with Radar,401,245,62,9,717,0,37,7,0,44,401,282,69,9,761,0,2,2,763
09/16/2006,PDX,OR,ANM,WE,Towers with Radar,356,179,29,5,569,0,4,14,0,18,356,183,43,5,587,0,0,0,587
09/17/2006,PDX,OR,ANM,WE,Towers with Radar,362,171,47,2,582,0,2,31,0,33,362,173,78,2,615,0,0,0,615
09/18/2006,PDX,OR,ANM,WE,Towers with Radar,388,224,58,2,672,0,32,15,0,47,388,256,73,2,719,0,0,0,719
09/19/2006,PDX,OR,ANM,WE,Towers with Radar,408,250,63,17,738,0,38,26,0,64,408,288,89,17,802,2,0,2,804
09/20/2006,PDX,OR,ANM,WE,Towers with Radar,398,288,73,14,773,0,5,17,0,22,398,293,90,14,795,0,0,0,795
09/21/2006,PDX,OR,ANM,WE,Towers with Radar,402,249,56,19,726,0,39,27,0,66,402,288,83,19,792,0,0,0,792
09/22/2006,PDX,OR,ANM,WE,Towers with Radar,399,246,60,12,717,0,41,40,0,81,399,287,100,12,798,0,0,0,798
09/23/2006,PDX,OR,ANM,WE,Towers with Radar,347,159,21,1,528,0,10,62,0,72,347,169,83,1,600,0,0,0,600
09/24/2006,PDX,OR,ANM,WE,Towers with Radar,363,166,44,7,580,0,0,46,0,46,363,166,90,7,626,0,0,0,626
09/25/2006,PDX,OR,ANM,WE,Towers with Radar,375,211,47,12,645,0,46,51,1,98,375,257,98,13,743,2,0,2,745
09/26/2006,PDX,OR,ANM,WE,Towers with Radar,407,240,44,17,708,0,45,69,8,122,407,285,113,25,830,8,0,8,838
09/27/2006,PDX,OR,ANM,WE,Towers with Radar,405,233,44,16,698,0,48,64,0,112,405,281,108,16,810,4,0,4,814
09/28/2006,PDX,OR,ANM,WE,Towers with Radar,406,236,60,18,720,0,52,51,1,104,406,288,111,19,824,4,2,6,830
09/29/2006,PDX,OR,ANM,WE,Towers with Radar,406,239,62,9,716,0,40,50,0,90,406,279,112,9,806,0,0,0,806
09/30/2006,PDX,OR,ANM,WE,Towers with Radar,356,152,32,0,540,2,11,49,0,62,358,163,81,0,602,0,0,0,602
10/01/2006,PDX,OR,ANM,WE,Towers with Radar,355,156,29,1,541,0,3,51,0,54,355,159,80,1,595,0,0,0,595
10/02/2006,PDX,OR,ANM,WE,Towers with Radar,381,205,39,16,641,0,52,43,0,95,381,257,82,16,736,0,0,0,736
10/03/2006,PDX,OR,ANM,WE,Towers with Radar,403,240,61,16,720,0,41,13,0,54,403,281,74,16,774,12,0,12,786
10/04/2006,PDX,OR,ANM,WE,Towers with Radar,400,247,64,18,729,0,46,37,0,83,400,293,101,18,812,5,0,5,817
10/05/2006,PDX,OR,ANM,WE,Towers with Radar,412,242,67,20,741,0,41,23,1,65,412,283,90,21,806,8,0,8,814
10/06/2006,PDX,OR,ANM,WE,Towers with Radar,407,259,79,10,755,0,18,12,0,30,407,277,91,10,785,2,0,2,787
10/07/2006,PDX,OR,ANM,WE,Towers with Radar,350,175,19,1,545,1,10,25,0,36,351,185,44,1,581,2,0,2,583
10/08/2006,PDX,OR,ANM,WE,Towers with Radar,349,178,29,1,557,0,0,16,0,16,349,178,45,1,573,0,0,0,573
10/09/2006,PDX,OR,ANM,WE,Towers with Radar,380,202,46,0,628,0,34,40,0,74,380,236,86,0,702,0,0,0,702
10/10/2006,PDX,OR,ANM,WE,Towers with Radar,409,227,54,19,709,0,47,54,4,105,409,274,108,23,814,0,0,0,814
10/11/2006,PDX,OR,ANM,WE,Towers with Radar,403,241,65,14,723,0,50,58,0,108,403,291,123,14,831,4,0,4,835
10/12/2006,PDX,OR,ANM,WE,Towers with Radar,410,250,37,14,711,0,53,67,0,120,410,303,104,14,831,0,0,0,831
10/13/2006,PDX,OR,ANM,WE,Towers with Radar,401,234,47,4,686,2,41,50,0,93,403,275,97,4,779,0,0,0,779
10/14/2006,PDX,OR,ANM,WE,Towers with Radar,350,165,46,4,565,0,6,10,0,16,350,171,56,4,581,0,0,0,581
10/15/2006,PDX,OR,ANM,WE,Towers with Radar,350,169,31,0,550,0,1,4,0,5,350,170,35,0,555,0,0,0,555
10/16/2006,PDX,OR,ANM,WE,Towers with Radar,386,210,38,15,649,0,36,13,0,49,386,246,51,15,698,2,0,2,700
10/17/2006,PDX,OR,ANM,WE,Towers with Radar,413,236,64,14,727,0,37,26,2,65,413,273,90,16,792,0,0,0,792
10/18/2006,PDX,OR,ANM,WE,Towers with Radar,403,251,67,26,747,0,35,16,0,51,403,286,83,26,798,0,0,0,798
10/19/2006,PDX,OR,ANM,WE,Towers with Radar,401,276,63,17,757,0,10,7,0,17,401,286,70,17,774,2,0,2,776
10/20/2006,PDX,OR,ANM,WE,Towers with Radar,407,246,52,13,718,0,41,30,0,71,407,287,82,13,789,0,0,0,789
10/21/2006,PDX,OR,ANM,WE,Towers with Radar,347,158,30,13,548,0,8,36,0,44,347,166,66,13,592,0,0,0,592
10/22/2006,PDX,OR,ANM,WE,Towers with Radar,353,156,27,1,537,0,1,41,0,42,353,157,68,1,579,0,0,0,579
10/23/2006,PDX,OR,ANM,WE,Towers with Radar,380,218,48,6,652,0,43,21,0,64,380,261,69,6,716,6,4,10,726
10/24/2006,PDX,OR,ANM,WE,Towers with Radar,404,256,63,19,742,0,39,12,0,51,404,295,75,19,793,0,0,0,793
10/25/2006,PDX,OR,ANM,WE,Towers with Radar,397,229,63,16,705,0,46,33,0,79,397,275,96,16,784,0,0,0,784
10/26/2006,PDX,OR,ANM,WE,Towers with Radar,398,251,57,11,717,0,44,26,0,70,398,295,83,11,787,0,2,2,789
10/27/2006,PDX,OR,ANM,WE,Towers with Radar,412,242,30,17,701,0,37,37,0,74,412,279,67,17,775,2,0,2,777
10/28/2006,PDX,OR,ANM,WE,Towers with Radar,343,164,35,4,546,0,6,11,0,17,343,170,46,4,563,0,0,0,563
10/29/2006,PDX,OR,ANM,WE,Towers with Radar,342,172,28,5,547,0,0,4,0,4,342,172,32,5,551,0,0,0,551
10/30/2006,PDX,OR,ANM,WE,Towers with Radar,382,219,45,19,665,0,44,22,0,66,382,263,67,19,731,0,0,0,731
10/31/2006,PDX,OR,ANM,WE,Towers with Radar,400,227,41,6,674,0,43,25,0,68,400,270,66,6,742,0,0,0,742
11/01/2006,PDX,OR,ANM,WE,Towers with Radar,402,246,54,19,721,0,48,27,0,75,402,294,81,19,796,0,0,0,796
11/02/2006,PDX,OR,ANM,WE,Towers with Radar,393,268,40,14,715,0,2,2,0,4,393,270,42,14,719,0,0,0,719
11/03/2006,PDX,OR,ANM,WE,Towers with Radar,397,264,58,8,727,0,19,6,0,25,397,283,64,8,752,0,0,0,752
11/04/2006,PDX,OR,ANM,WE,Towers with Radar,340,173,38,1,552,0,4,6,0,10,340,177,44,1,562,0,0,0,562
11/05/2006,PDX,OR,ANM,WE,Towers with Radar,339,154,48,1,542,0,0,0,1,1,339,154,48,2,543,0,0,0,543
11/06/2006,PDX,OR,ANM,WE,Towers with Radar,374,244,63,5,686,0,3,3,0,6,374,247,66,5,692,0,0,0,692
11/07/2006,PDX,OR,ANM,WE,Towers with Radar,390,251,68,15,724,0,39,12,2,53,390,290,80,17,777,0,0,0,777
11/08/2006,PDX,OR,ANM,WE,Towers with Radar,395,246,60,19,720,0,29,5,0,34,395,275,65,19,754,0,0,0,754
11/09/2006,PDX,OR,ANM,WE,Towers with Radar,402,255,56,16,729,0,39,24,2,65,402,294,80,18,794,2,0,2,796
11/10/2006,PDX,OR,ANM,WE,Towers with Radar,391,263,39,0,693,0,14,7,0,21,391,277,46,0,714,0,0,0,714
11/11/2006,PDX,OR,ANM,WE,Towers with Radar,338,173,18,14,543,0,3,11,0,14,338,176,29,14,557,0,0,0,557
11/12/2006,PDX,OR,ANM,WE,Towers with Radar,333,160,31,0,524,0,0,4,0,4,333,160,35,0,528,0,0,0,528
11/13/2006,PDX,OR,ANM,WE,Towers with Radar,389,238,69,16,712,0,31,12,0,43,389,269,81,16,755,0,0,0,755
11/14/2006,PDX,OR,ANM,WE,Towers with Radar,408,251,52,19,730,0,46,58,0,104,408,297,110,19,834,0,0,0,834
11/15/2006,PDX,OR,ANM,WE,Towers with Radar,391,264,31,13,699,0,8,3,0,11,391,272,34,13,710,0,0,0,710
11/16/2006,PDX,OR,ANM,WE,Towers with Radar,402,244,44,1,691,0,45,32,0,77,402,289,76,1,768,0,0,0,768
11/17/2006,PDX,OR,ANM,WE,Towers with Radar,393,257,72,4,726,0,31,43,0,74,393,288,115,4,800,3,0,3,803
11/18/2006,PDX,OR,ANM,WE,Towers with Radar,342,167,33,25,567,0,2,20,0,22,342,169,53,25,589,0,0,0,589
11/19/2006,PDX,OR,ANM,WE,Towers with Radar,349,145,29,36,559,0,0,0,0,0,349,145,29,36,559,0,0,0,559
11/20/2006,PDX,OR,ANM,WE,Towers with Radar,379,218,47,4,648,0,37,15,0,52,379,255,62,4,700,4,0,4,704
11/21/2006,PDX,OR,ANM,WE,Towers with Radar,411,247,41,11,710,0,44,2,0,46,411,291,43,11,756,0,0,0,756
11/22/2006,PDX,OR,ANM,WE,Towers with Radar,410,241,55,16,722,0,37,4,0,41,410,278,59,16,763,0,0,0,763
11/23/2006,PDX,OR,ANM,WE,Towers with Radar,320,150,4,0,474,0,1,5,0,6,320,151,9,0,480,0,0,0,480
11/24/2006,PDX,OR,ANM,WE,Towers with Radar,336,170,20,2,528,0,38,12,0,50,336,208,32,2,578,0,0,0,578
11/25/2006,PDX,OR,ANM,WE,Towers with Radar,353,184,24,1,562,0,7,20,0,27,353,191,44,1,589,0,0,0,589
11/26/2006,PDX,OR,ANM,WE,Towers with Radar,355,152,38,0,545,0,0,1,0,1,355,152,39,0,546,0,0,0,546
11/27/2006,PDX,OR,ANM,WE,Towers with Radar,393,232,57,20,702,0,25,5,0,30,393,257,62,20,732,0,0,0,732
11/28/2006,PDX,OR,ANM,WE,Towers with Radar,439,247,51,20,757,0,33,5,0,38,439,280,56,20,795,0,0,0,795
11/29/2006,PDX,OR,ANM,WE,Towers with Radar,410,246,43,29,728,0,41,18,0,59,410,287,61,29,787,0,0,0,787
11/30/2006,PDX,OR,ANM,WE,Towers with Radar,397,291,62,21,771,0,5,0,0,5,397,296,62,21,776,0,0,0,776
12/01/2006,PDX,OR,ANM,WE,Towers with Radar,383,281,62,6,732,0,22,5,0,27,383,303,67,6,759,0,0,0,759
12/02/2006,PDX,OR,ANM,WE,Towers with Radar,387,180,21,0,588,0,6,21,0,27,387,186,42,0,615,0,0,0,615
12/03/2006,PDX,OR,ANM,WE,Towers with Radar,331,167,19,0,517,0,1,22,1,24,331,168,41,1,541,0,0,0,541
12/04/2006,PDX,OR,ANM,WE,Towers with Radar,362,229,56,16,663,0,37,23,0,60,362,266,79,16,723,2,0,2,725
12/05/2006,PDX,OR,ANM,WE,Towers with Radar,412,248,47,15,722,0,46,27,3,76,412,294,74,18,798,0,0,0,798
12/06/2006,PDX,OR,ANM,WE,Towers with Radar,430,247,52,21,750,0,55,36,1,92,430,302,88,22,842,0,0,0,842
12/07/2006,PDX,OR,ANM,WE,Towers with Radar,409,275,52,19,755,0,46,20,5,71,409,321,72,24,826,0,0,0,826
12/08/2006,PDX,OR,ANM,WE,Towers with Radar,400,256,63,20,739,0,46,23,2,71,400,302,86,22,810,0,0,0,810
12/09/2006,PDX,OR,ANM,WE,Towers with Radar,357,175,16,30,578,0,9,8,0,17,357,184,24,30,595,0,0,0,595
12/10/2006,PDX,OR,ANM,WE,Towers with Radar,344,164,31,1,540,0,2,4,0,6,344,166,35,1,546,0,0,0,546
12/11/2006,PDX,OR,ANM,WE,Towers with Radar,381,222,49,19,671,0,35,10,0,45,381,257,59,19,716,0,0,0,716
12/12/2006,PDX,OR,ANM,WE,Towers with Radar,420,266,59,11,756,0,46,14,1,61,420,312,73,12,817,0,0,0,817
12/13/2006,PDX,OR,ANM,WE,Towers with Radar,415,247,52,22,736,0,42,17,4,63,415,289,69,26,799,0,0,0,799
12/14/2006,PDX,OR,ANM,WE,Towers with Radar,366,226,50,24,666,1,12,1,0,14,367,238,51,24,680,0,0,0,680
12/15/2006,PDX,OR,ANM,WE,Towers with Radar,402,213,45,15,675,0,61,22,1,84,402,274,67,16,759,0,0,0,759
12/16/2006,PDX,OR,ANM,WE,Towers with Radar,369,169,25,1,564,0,15,12,3,30,369,184,37,4,594,0,0,0,594
12/17/2006,PDX,OR,ANM,WE,Towers with Radar,365,160,24,1,550,1,1,26,3,31,366,161,50,4,581,0,0,0,581
12/18/2006,PDX,OR,ANM,WE,Towers with Radar,384,232,51,9,676,0,50,27,0,77,384,282,78,9,753,0,0,0,753
12/19/2006,PDX,OR,ANM,WE,Towers with Radar,433,256,77,10,776,0,47,30,2,79,433,303,107,12,855,6,0,6,861
12/20/2006,PDX,OR,ANM,WE,Towers with Radar,427,247,66,9,749,0,48,7,0,55,427,295,73,9,804,0,0,0,804
12/21/2006,PDX,OR,ANM,WE,Towers with Radar,416,269,56,14,755,0,42,27,0,69,416,311,83,14,824,0,0,0,824
12/22/2006,PDX,OR,ANM,WE,Towers with Radar,410,267,50,2,729,0,46,17,0,63,410,313,67,2,792,0,0,0,792
12/23/2006,PDX,OR,ANM,WE,Towers with Radar,381,201,26,0,608,0,14,4,2,20,381,215,30,2,628,0,0,0,628
12/24/2006,PDX,OR,ANM,WE,Towers with Radar,343,135,11,0,489,0,0,3,0,3,343,135,14,0,492,0,0,0,492
12/25/2006,PDX,OR,ANM,WE,Towers with Radar,320,139,12,0,471,0,0,3,0,3,320,139,15,0,474,0,0,0,474
12/26/2006,PDX,OR,ANM,WE,Towers with Radar,367,215,34,0,616,0,36,2,0,38,367,251,36,0,654,0,0,0,654
12/27/2006,PDX,OR,ANM,WE,Towers with Radar,401,253,32,15,701,0,43,11,0,54,401,296,43,15,755,0,0,0,755
12/28/2006,PDX,OR,ANM,WE,Towers with Radar,417,244,33,8,702,0,35,12,0,47,417,279,45,8,749,0,0,0,749
12/29/2006,PDX,OR,ANM,WE,Towers with Radar,401,245,42,12,700,0,35,10,0,45,401,280,52,12,745,0,0,0,745
12/30/2006,PDX,OR,ANM,WE,Towers with Radar,371,188,16,0,575,0,18,17,0,35,371,206,33,0,610,0,0,0,610
12/31/2006,PDX,OR,ANM,WE,Towers with Radar,328,123,16,0,467,0,2,20,0,22,328,125,36,0,489,0,0,0,489
01/01/2007,PDX,OR,ANM,WE,Towers with Radar,318,143,36,0,497,0,1,1,0,2,318,144,37,0,499,0,0,0,499
01/02/2007,PDX,OR,ANM,WE,Towers with Radar,377,237,35,0,649,0,31,2,0,33,377,268,37,0,682,0,0,0,682
01/03/2007,PDX,OR,ANM,WE,Towers with Radar,392,246,41,22,701,0,41,12,0,53,392,287,53,22,754,0,0,0,754
01/04/2007,PDX,OR,ANM,WE,Towers with Radar,382,253,53,26,714,0,41,15,0,56,382,294,68,26,770,0,2,2,772
01/05/2007,PDX,OR,ANM,WE,Towers with Radar,372,231,32,14,649,0,33,9,1,43,372,264,41,15,692,0,0,0,692
01/06/2007,PDX,OR,ANM,WE,Towers with Radar,332,186,19,0,537,0,4,17,0,21,332,190,36,0,558,0,0,0,558
01/07/2007,PDX,OR,ANM,WE,Towers with Radar,337,157,32,0,526,0,0,2,0,2,337,157,34,0,528,0,0,0,528
01/08/2007,PDX,OR,ANM,WE,Towers with Radar,385,250,48,16,699,0,2,2,0,4,385,252,50,16,703,0,0,0,703
01/09/2007,PDX,OR,ANM,WE,Towers with Radar,379,246,54,24,703,0,33,4,0,37,379,279,58,24,740,0,0,0,740
01/10/2007,PDX,OR,ANM,WE,Towers with Radar,389,243,40,13,685,0,18,8,0,26,389,261,48,13,711,0,0,0,711
01/11/2007,PDX,OR,ANM,WE,Towers with Radar,390,248,37,18,693,0,46,53,0,99,390,294,90,18,792,0,0,0,792
01/12/2007,PDX,OR,ANM,WE,Towers with Radar,380,231,39,5,655,0,46,44,0,90,380,277,83,5,745,0,0,0,745
01/13/2007,PDX,OR,ANM,WE,Towers with Radar,327,158,12,2,499,0,16,20,0,36,327,174,32,2,535,0,0,0,535
01/14/2007,PDX,OR,ANM,WE,Towers with Radar,327,160,16,0,503,0,0,24,0,24,327,160,40,0,527,10,0,10,537
01/15/2007,PDX,OR,ANM,WE,Towers with Radar,369,198,41,0,608,0,34,55,0,89,369,232,96,0,697,0,0,0,697
01/16/2007,PDX,OR,ANM,WE,Towers with Radar,372,208,44,0,624,0,2,2,0,4,372,210,46,0,628,0,0,0,628
01/17/2007,PDX,OR,ANM,WE,Towers with Radar,386,300,74,5,765,0,0,4,0,4,386,300,78,5,769,0,0,0,769
01/18/2007,PDX,OR,ANM,WE,Towers with Radar,374,257,42,11,684,0,40,9,0,49,374,297,51,11,733,0,0,0,733
01/19/2007,PDX,OR,ANM,WE,Towers with Radar,378,277,51,25,731,0,11,3,0,14,378,288,54,25,745,0,0,0,745
01/20/2007,PDX,OR,ANM,WE,Towers with Radar,327,163,31,36,557,0,6,17,0,23,327,169,48,36,580,0,0,0,580
01/21/2007,PDX,OR,ANM,WE,Towers with Radar,328,163,32,2,525,0,0,17,0,17,328,163,49,2,542,0,0,0,542
01/22/2007,PDX,OR,ANM,WE,Towers with Radar,357,220,43,5,625,0,42,26,0,68,357,262,69,5,693,0,0,0,693
01/23/2007,PDX,OR,ANM,WE,Towers with Radar,386,233,53,9,681,0,52,40,3,95,386,285,93,12,776,2,0,2,778
01/24/2007,PDX,OR,ANM,WE,Towers with Radar,377,250,50,7,684,0,51,39,0,90,377,301,89,7,774,0,0,0,774
01/25/2007,PDX,OR,ANM,WE,Towers with Radar,380,289,71,8,748,0,1,0,0,1,380,290,71,8,749,0,0,0,749
01/26/2007,PDX,OR,ANM,WE,Towers with Radar,382,246,47,16,691,0,49,41,4,94,382,295,88,20,785,0,0,0,785
01/27/2007,PDX,OR,ANM,WE,Towers with Radar,333,170,24,2,529,0,9,27,0,36,333,179,51,2,565,0,0,0,565
01/28/2007,PDX,OR,ANM,WE,Towers with Radar,344,145,23,0,512,0,1,29,0,30,344,146,52,0,542,2,0,2,544
01/29/2007,PDX,OR,ANM,WE,Towers with Radar,380,207,23,12,622,0,43,25,0,68,380,250,48,12,690,0,0,0,690
01/30/2007,PDX,OR,ANM,WE,Towers with Radar,389,249,43,15,696,0,40,13,0,53,389,289,56,15,749,0,0,0,749
01/31/2007,PDX,OR,ANM,WE,Towers with Radar,378,239,54,19,690,4,48,38,1,91,382,287,92,20,781,0,0,0,781
02/01/2007,PDX,OR,ANM,WE,Towers with Radar,399,235,60,12,706,0,46,52,0,98,399,281,112,12,804,6,0,6,810
02/02/2007,PDX,OR,ANM,WE,Towers with Radar,388,237,32,8,665,0,47,33,2,82,388,284,65,10,747,0,4,4,751
02/03/2007,PDX,OR,ANM,WE,Towers with Radar,337,162,22,2,523,0,6,21,0,27,337,168,43,2,550,0,0,0,550
02/04/2007,PDX,OR,ANM,WE,Towers with Radar,348,153,19,1,521,0,2,21,0,23,348,155,40,1,544,0,0,0,544
02/05/2007,PDX,OR,ANM,WE,Towers with Radar,387,208,36,7,638,0,45,49,0,94,387,253,85,7,732,0,0,0,732
02/06/2007,PDX,OR,ANM,WE,Towers with Radar,399,246,53,18,716,0,42,29,0,71,399,288,82,18,787,8,0,8,795
02/07/2007,PDX,OR,ANM,WE,Towers with Radar,396,240,49,20,705,0,50,24,5,79,396,290,73,25,784,0,0,0,784
02/08/2007,PDX,OR,ANM,WE,Towers with Radar,397,247,49,4,697,0,41,20,0,61,397,288,69,4,758,0,0,0,758
02/09/2007,PDX,OR,ANM,WE,Towers with Radar,395,238,31,2,666,0,41,27,0,68,395,279,58,2,734,0,0,0,734
02/10/2007,PDX,OR,ANM,WE,Towers with Radar,337,169,20,36,562,0,11,7,0,18,337,180,27,36,580,0,0,0,580
02/11/2007,PDX,OR,ANM,WE,Towers with Radar,351,140,26,25,542,0,2,12,0,14,351,142,38,25,556,0,0,0,556
02/12/2007,PDX,OR,ANM,WE,Towers with Radar,382,207,55,3,647,0,41,27,0,68,382,248,82,3,715,0,0,0,715
02/13/2007,PDX,OR,ANM,WE,Towers with Radar,380,241,77,18,716,0,40,11,0,51,380,281,88,18,767,0,0,0,767
02/14/2007,PDX,OR,ANM,WE,Towers with Radar,382,276,58,25,741,0,6,4,0,10,382,282,62,25,751,0,0,0,751
02/15/2007,PDX,OR,ANM,WE,Towers with Radar,390,245,68,20,723,0,26,4,0,30,390,271,72,20,753,0,0,0,753
02/16/2007,PDX,OR,ANM,WE,Towers with Radar,396,245,86,0,727,0,28,6,0,34,396,273,92,0,761,0,0,0,761
02/17/2007,PDX,OR,ANM,WE,Towers with Radar,354,160,34,3,551,0,9,40,0,49,354,169,74,3,600,0,0,0,600
02/18/2007,PDX,OR,ANM,WE,Towers with Radar,348,149,13,1,511,0,0,10,0,10,348,149,23,1,521,0,0,0,521
02/19/2007,PDX,OR,ANM,WE,Towers with Radar,377,223,44,0,644,0,2,3,0,5,377,225,47,0,649,0,0,0,649
02/20/2007,PDX,OR,ANM,WE,Towers with Radar,405,241,57,0,703,0,51,33,0,84,405,292,90,0,787,0,0,0,787
02/21/2007,PDX,OR,ANM,WE,Towers with Radar,397,235,58,19,709,4,63,40,2,109,401,298,98,21,818,0,2,2,820
02/22/2007,PDX,OR,ANM,WE,Towers with Radar,405,230,54,21,710,0,36,9,0,45,405,266,63,21,755,0,0,0,755
02/23/2007,PDX,OR,ANM,WE,Towers with Radar,404,243,56,14,717,0,31,14,0,45,404,274,70,14,762,0,0,0,762
02/24/2007,PDX,OR,ANM,WE,Towers with Radar,338,156,24,3,521,0,6,4,0,10,338,162,28,3,531,0,0,0,531
02/25/2007,PDX,OR,ANM,WE,Towers with Radar,349,146,28,4,527,0,3,10,0,13,349,149,38,4,540,0,0,0,540
02/26/2007,PDX,OR,ANM,WE,Towers with Radar,405,214,37,24,680,0,27,16,5,48,405,241,53,29,728,0,0,0,728
02/27/2007,PDX,OR,ANM,WE,Towers with Radar,408,231,42,12,693,0,38,3,0,41,408,269,45,12,734,0,0,0,734
02/28/2007,PDX,OR,ANM,WE,Towers with Radar,405,241,51,8,705,0,41,7,0,48,405,282,58,8,753,0,0,0,753
03/01/2007,PDX,OR,ANM,WE,Towers with Radar,396,247,66,12,721,0,28,6,0,34,396,275,72,12,755,0,0,0,755
03/02/2007,PDX,OR,ANM,WE,Towers with Radar,406,271,51,9,737,0,1,2,0,3,406,272,53,9,740,0,0,0,740
03/03/2007,PDX,OR,ANM,WE,Towers with Radar,361,158,42,1,562,0,3,6,0,9,361,161,48,1,571,0,0,0,571
03/04/2007,PDX,OR,ANM,WE,Towers with Radar,365,151,34,34,584,0,1,30,2,33,365,152,64,36,617,4,0,4,621
03/05/2007,PDX,OR,ANM,WE,Towers with Radar,398,206,51,26,681,0,42,36,4,82,398,248,87,30,763,0,0,0,763
03/06/2007,PDX,OR,ANM,WE,Towers with Radar,418,216,51,12,697,0,46,28,0,74,418,262,79,12,771,0,0,0,771
03/07/2007,PDX,OR,ANM,WE,Towers with Radar,411,226,60,0,697,0,41,10,5,56,411,267,70,5,753,3,0,3,756
03/08/2007,PDX,OR,ANM,WE,Towers with Radar,412,220,61,5,698,0,41,30,6,77,412,261,91,11,775,0,2,2,777
03/09/2007,PDX,OR,ANM,WE,Towers with Radar,408,253,56,2,719,0,17,10,0,27,408,270,66,2,746,4,0,4,750
03/10/2007,PDX,OR,ANM,WE,Towers with Radar,351,151,36,46,584,0,9,11,1,21,351,160,47,47,605,0,0,0,605
03/11/2007,PDX,OR,ANM,WE,Towers with Radar,366,142,35,38,581,0,1,10,0,11,366,143,45,38,592,0,0,0,592
03/12/2007,PDX,OR,ANM,WE,Towers with Radar,395,204,40,3,642,0,35,17,2,54,395,239,57,5,696,0,0,0,696
03/13/2007,PDX,OR,ANM,WE,Towers with Radar,419,240,38,3,700,0,40,27,1,68,419,280,65,4,768,0,0,0,768
03/14/2007,PDX,OR,ANM,WE,Towers with Radar,402,237,42,6,687,0,38,25,2,65,402,275,67,8,752,0,0,0,752
03/15/2007,PDX,OR,ANM,WE,Towers with Radar,421,233,48,12,714,0,43,54,2,99,421,276,102,14,813,0,0,0,813
03/16/2007,PDX,OR,ANM,WE,Towers with Radar,403,247,44,12,706,0,48,56,1,105,403,295,100,13,811,2,0,2,813
03/17/2007,PDX,OR,ANM,WE,Towers with Radar,366,154,19,2,541,0,12,21,0,33,366,166,40,2,574,10,0,10,584
03/18/2007,PDX,OR,ANM,WE,Towers with Radar,355,148,31,3,537,0,1,20,0,21,355,149,51,3,558,0,0,0,558
03/19/2007,PDX,OR,ANM,WE,Towers with Radar,399,205,41,27,672,0,34,7,0,41,399,239,48,27,713,0,0,0,713
03/20/2007,PDX,OR,ANM,WE,Towers with Radar,406,234,56,25,721,0,42,21,3,66,406,276,77,28,787,0,0,0,787
03/21/2007,PDX,OR,ANM,WE,Towers with Radar,414,237,47,15,713,0,45,57,1,103,414,282,104,16,816,2,4,6,822
03/22/2007,PDX,OR,ANM,WE,Towers with Radar,405,239,63,13,720,0,43,29,0,72,405,282,92,13,792,2,0,2,794
03/23/2007,PDX,OR,ANM,WE,Towers with Radar,415,232,48,2,697,0,46,44,1,91,415,278,92,3,788,2,0,2,790
03/24/2007,PDX,OR,ANM,WE,Towers with Radar,373,146,22,6,547,0,6,10,2,18,373,152,32,8,565,0,0,0,565
03/25/2007,PDX,OR,ANM,WE,Towers with Radar,359,145,19,6,529,0,0,21,0,21,359,145,40,6,550,2,0,2,552
03/26/2007,PDX,OR,ANM,WE,Towers with Radar,392,227,43,18,680,0,28,33,6,67,392,255,76,24,747,6,0,6,753
03/27/2007,PDX,OR,ANM,WE,Towers with Radar,416,228,52,20,716,0,38,9,0,47,416,266,61,20,763,2,2,4,767
03/28/2007,PDX,OR,ANM,WE,Towers with Radar,403,244,43,18,708,0,55,40,3,98,403,299,83,21,806,0,0,0,806
03/29/2007,PDX,OR,ANM,WE,Towers with Radar,412,215,38,11,676,0,49,47,0,96,412,264,85,11,772,4,0,4,776
03/30/2007,PDX,OR,ANM,WE,Towers with Radar,411,214,44,8,677,0,49,26,3,78,411,263,70,11,755,2,0,2,757
03/31/2007,PDX,OR,ANM,WE,Towers with Radar,377,163,40,26,606,2,11,32,0,45,379,174,72,26,651,0,0,0,651
04/01/2007,PDX,OR,ANM,WE,Towers with Radar,371,145,23,5,544,0,2,24,3,29,371,147,47,8,573,0,2,2,575
04/02/2007,PDX,OR,ANM,WE,Towers with Radar,403,197,48,22,670,0,41,22,0,63,403,238,70,22,733,0,0,0,733
04/03/2007,PDX,OR,ANM,WE,Towers with Radar,419,236,50,18,723,0,47,29,0,76,419,283,79,18,799,0,2,2,801
04/04/2007,PDX,OR,ANM,WE,Towers with Radar,423,237,42,10,712,0,43,39,0,82,423,280,81,10,794,0,0,0,794
04/05/2007,PDX,OR,ANM,WE,Towers with Radar,416,227,43,17,703,0,49,43,0,92,416,276,86,17,795,0,0,0,795
04/06/2007,PDX,OR,ANM,WE,Towers with Radar,412,212,31,5,660,0,46,59,1,106,412,258,90,6,766,6,0,6,772
04/07/2007,PDX,OR,ANM,WE,Towers with Radar,359,138,20,0,517,0,5,8,0,13,359,143,28,0,530,0,0,0,530
04/08/2007,PDX,OR,ANM,WE,Towers with Radar,363,127,8,0,498,0,3,21,0,24,363,130,29,0,522,0,0,0,522
04/09/2007,PDX,OR,ANM,WE,Towers with Radar,401,204,39,12,656,0,38,6,0,44,401,242,45,12,700,0,0,0,700
04/10/2007,PDX,OR,ANM,WE,Towers with Radar,421,237,50,10,718,0,41,22,0,63,421,278,72,10,781,0,0,0,781
04/11/2007,PDX,OR,ANM,WE,Towers with Radar,402,223,75,17,717,0,45,22,0,67,402,268,97,17,784,0,0,0,784
04/12/2007,PDX,OR,ANM,WE,Towers with Radar,407,242,49,18,716,0,38,13,0,51,407,280,62,18,767,0,0,0,767
04/13/2007,PDX,OR,ANM,WE,Towers with Radar,416,236,44,6,702,1,38,26,0,65,417,274,70,6,767,0,0,0,767
04/14/2007,PDX,OR,ANM,WE,Towers with Radar,368,159,23,0,550,0,7,10,1,18,368,166,33,1,568,2,0,2,570
04/15/2007,PDX,OR,ANM,WE,Towers with Radar,367,148,28,0,543,0,1,30,0,31,367,149,58,0,574,6,0,6,580
04/16/2007,PDX,OR,ANM,WE,Towers with Radar,405,232,32,13,682,0,17,33,0,50,405,249,65,13,732,0,0,0,732
04/17/2007,PDX,OR,ANM,WE,Towers with Radar,427,225,59,15,726,0,35,9,0,44,427,260,68,15,770,0,0,0,770
04/18/2007,PDX,OR,ANM,WE,Towers with Radar,416,223,48,29,716,0,52,17,0,69,416,275,65,29,785,0,0,0,785
04/19/2007,PDX,OR,ANM,WE,Towers with Radar,420,223,54,12,709,0,47,47,5,99,420,270,101,17,808,4,0,4,812
04/20/2007,PDX,OR,ANM,WE,Towers with Radar,417,220,53,14,704,0,41,52,1,94,417,261,105,15,798,0,0,0,798
04/21/2007,PDX,OR,ANM,WE,Towers with Radar,370,154,26,19,569,0,9,5,0,14,370,163,31,19,583,0,0,0,583
04/22/2007,PDX,OR,ANM,WE,Towers with Radar,369,135,39,3,546,0,0,20,1,21,369,135,59,4,567,0,0,0,567
04/23/2007,PDX,OR,ANM,WE,Towers with Radar,402,200,48,2,652,0,44,37,0,81,402,244,85,2,733,0,0,0,733
04/24/2007,PDX,OR,ANM,WE,Towers with Radar,405,240,44,18,707,0,52,20,0,72,405,292,64,18,779,0,0,0,779
04/25/2007,PDX,OR,ANM,WE,Towers with Radar,414,222,63,22,721,0,41,25,2,68,414,263,88,24,789,0,0,0,789
04/26/2007,PDX,OR,ANM,WE,Towers with Radar,407,231,48,15,701,0,42,43,2,87,407,273,91,17,788,0,0,0,788
04/27/2007,PDX,OR,ANM,WE,Towers with Radar,414,222,48,18,702,0,45,49,0,94,414,267,97,18,796,0,0,0,796
04/28/2007,PDX,OR,ANM,WE,Towers with Radar,366,156,20,1,543,0,7,39,0,46,366,163,59,1,589,0,0,0,589
04/29/2007,PDX,OR,ANM,WE,Towers with Radar,368,136,17,2,523,0,3,33,1,37,368,139,50,3,560,0,0,0,560
04/30/2007,PDX,OR,ANM,WE,Towers with Radar,396,194,31,10,631,0,46,33,0,79,396,240,64,10,710,0,0,0,710
05/01/2007,PDX,OR,ANM,WE,Towers with Radar,423,223,48,14,708,0,57,15,2,74,423,280,63,16,782,0,0,0,782
05/02/2007,PDX,OR,ANM,WE,Towers with Radar,401,220,38,24,683,0,43,19,0,62,401,263,57,24,745,0,0,0,745
05/03/2007,PDX,OR,ANM,WE,Towers with Radar,422,236,45,20,723,0,38,18,4,60,422,274,63,24,783,1,0,1,784
05/04/2007,PDX,OR,ANM,WE,Towers with Radar,415,234,60,8,717,0,40,15,1,56,415,274,75,9,773,0,0,0,773
05/05/2007,PDX,OR,ANM,WE,Towers with Radar,372,145,36,7,560,0,11,22,0,33,372,156,58,7,593,0,0,0,593
05/06/2007,PDX,OR,ANM,WE,Towers with Radar,385,148,22,2,557,0,1,31,0,32,385,149,53,2,589,0,0,0,589
05/07/2007,PDX,OR,ANM,WE,Towers with Radar,405,200,50,10,665,0,44,40,2,86,405,244,90,12,751,0,0,0,751
05/08/2007,PDX,OR,ANM,WE,Towers with Radar,423,214,62,8,707,0,52,45,0,97,423,266,107,8,804,0,0,0,804
05/09/2007,PDX,OR,ANM,WE,Towers with Radar,418,223,58,9,708,0,52,45,1,98,418,275,103,10,806,0,0,0,806
05/10/2007,PDX,OR,ANM,WE,Towers with Radar,413,233,79,8,733,0,44,58,1,103,413,277,137,9,836,6,0,6,842
05/11/2007,PDX,OR,ANM,WE,Towers with Radar,419,220,61,10,710,0,49,48,4,101,419,269,109,14,811,0,0,0,811
05/12/2007,PDX,OR,ANM,WE,Towers with Radar,371,158,26,0,555,0,8,26,0,34,371,166,52,0,589,0,0,0,589
05/13/2007,PDX,OR,ANM,WE,Towers with Radar,396,126,36,0,558,0,0,19,0,19,396,126,55,0,577,0,0,0,577
05/14/2007,PDX,OR,ANM,WE,Towers with Radar,404,183,52,12,651,0,49,51,1,101,404,232,103,13,752,0,0,0,752
05/15/2007,PDX,OR,ANM,WE,Towers with Radar,429,211,57,22,719,0,50,44,0,94,429,261,101,22,813,0,0,0,813
05/16/2007,PDX,OR,ANM,WE,Towers with Radar,435,208,70,12,725,0,45,58,2,105,435,253,128,14,830,0,2,2,832
05/17/2007,PDX,OR,ANM,WE,Towers with Radar,434,210,55,12,711,2,47,60,0,109,436,257,115,12,820,2,0,2,822
05/18/2007,PDX,OR,ANM,WE,Towers with Radar,437,206,34,13,690,0,47,46,5,98,437,253,80,18,788,0,0,0,788
05/19/2007,PDX,OR,ANM,WE,Towers with Radar,378,141,22,19,560,0,7,26,0,33,378,148,48,19,593,0,0,0,593
05/20/2007,PDX,OR,ANM,WE,Towers with Radar,393,130,48,16,587,0,2,5,0,7,393,132,53,16,594,0,0,0,594
05/21/2007,PDX,OR,ANM,WE,Towers with Radar,412,193,43,4,652,0,40,20,0,60,412,233,63,4,712,0,0,0,712
05/22/2007,PDX,OR,ANM,WE,Towers with Radar,436,222,56,7,721,0,42,55,5,102,436,264,111,12,823,5,0,5,828
05/23/2007,PDX,OR,ANM,WE,Towers with Radar,426,224,54,16,720,0,44,42,1,87,426,268,96,17,807,2,0,2,809
05/24/2007,PDX,OR,ANM,WE,Towers with Radar,426,220,37,8,691,0,51,48,0,99,426,271,85,8,790,0,2,2,792
05/25/2007,PDX,OR,ANM,WE,Towers with Radar,435,228,25,11,699,1,50,62,2,115,436,278,87,13,814,2,0,2,816
05/26/2007,PDX,OR,ANM,WE,Towers with Radar,381,150,25,2,558,0,10,29,0,39,381,160,54,2,597,0,0,0,597
05/27/2007,PDX,OR,ANM,WE,Towers with Radar,335,102,25,0,462,0,0,18,0,18,335,102,43,0,480,0,0,0,480
05/28/2007,PDX,OR,ANM,WE,Towers with Radar,380,137,31,1,549,0,0,31,4,35,380,137,62,5,584,0,0,0,584
05/29/2007,PDX,OR,ANM,WE,Towers with Radar,415,183,43,4,645,0,56,49,1,106,415,239,92,5,751,0,0,0,751
05/30/2007,PDX,OR,ANM,WE,Towers with Radar,436,229,50,14,729,0,51,63,4,118,436,280,113,18,847,0,0,0,847
05/31/2007,PDX,OR,ANM,WE,Towers with Radar,431,215,66,10,722,0,46,68,1,115,431,261,134,11,837,0,0,0,837
06/01/2007,PDX,OR,ANM,WE,Towers with Radar,423,222,42,10,697,0,48,75,0,123,423,270,117,10,820,0,0,0,820
06/02/2007,PDX,OR,ANM,WE,Towers with Radar,389,156,25,2,572,0,8,38,0,46,389,164,63,2,618,0,0,0,618
06/03/2007,PDX,OR,ANM,WE,Towers with Radar,369,144,37,2,552,0,1,36,0,37,369,145,73,2,589,41,0,41,630
06/04/2007,PDX,OR,ANM,WE,Towers with Radar,403,216,49,10,678,0,43,26,0,69,403,259,75,10,747,0,0,0,747
06/05/2007,PDX,OR,ANM,WE,Towers with Radar,425,225,32,20,702,0,42,27,0,69,425,267,59,20,771,0,0,0,771
06/06/2007,PDX,OR,ANM,WE,Towers with Radar,422,236,48,11,717,0,41,28,2,71,422,277,76,13,788,0,0,0,788
06/07/2007,PDX,OR,ANM,WE,Towers with Radar,435,240,67,17,759,0,42,33,2,77,435,282,100,19,836,0,3,3,839
06/08/2007,PDX,OR,ANM,WE,Towers with Radar,426,230,67,12,735,0,46,59,6,111,426,276,126,18,846,0,0,0,846
06/09/2007,PDX,OR,ANM,WE,Towers with Radar,396,171,45,17,629,0,6,26,5,37,396,177,71,22,666,0,0,0,666
06/10/2007,PDX,OR,ANM,WE,Towers with Radar,397,165,45,13,620,0,2,25,2,29,397,167,70,15,649,0,0,0,649
06/11/2007,PDX,OR,ANM,WE,Towers with Radar,410,210,36,1,657,0,41,41,2,84,410,251,77,3,741,0,0,0,741
06/12/2007,PDX,OR,ANM,WE,Towers with Radar,443,238,38,7,726,0,46,39,1,86,443,284,77,8,812,0,0,0,812
06/13/2007,PDX,OR,ANM,WE,Towers with Radar,425,241,71,15,752,0,42,65,1,108,425,283,136,16,860,2,0,2,862
06/14/2007,PDX,OR,ANM,WE,Towers with Radar,438,235,47,6,726,0,45,46,0,91,438,280,93,6,817,0,0,0,817
06/15/2007,PDX,OR,ANM,WE,Towers with Radar,428,236,47,25,736,0,47,23,0,70,428,283,70,25,806,0,0,0,806
06/16/2007,PDX,OR,ANM,WE,Towers with Radar,392,176,31,0,599,0,10,25,0,35,392,186,56,0,634,0,0,0,634
06/17/2007,PDX,OR,ANM,WE,Towers with Radar,407,152,30,4,593,0,3,18,0,21,407,155,48,4,614,40,0,40,654
06/18/2007,PDX,OR,ANM,WE,Towers with Radar,426,201,68,24,719,0,47,36,0,83,426,248,104,24,802,0,0,0,802
06/19/2007,PDX,OR,ANM,WE,Towers with Radar,444,234,44,22,744,0,50,65,2,117,444,284,109,24,861,0,0,0,861
06/20/2007,PDX,OR,ANM,WE,Towers with Radar,444,232,48,25,749,0,51,78,2,131,444,283,126,27,880,14,0,14,894
06/21/2007,PDX,OR,ANM,WE,Towers with Radar,432,240,50,20,742,0,46,50,3,99,432,286,100,23,841,0,0,0,841
06/22/2007,PDX,OR,ANM,WE,Towers with Radar,422,241,48,21,732,0,41,41,2,84,422,282,89,23,816,4,0,4,820
06/23/2007,PDX,OR,ANM,WE,Towers with Radar,397,177,32,0,606,0,11,30,0,41,397,188,62,0,647,8,0,8,655
06/24/2007,PDX,OR,ANM,WE,Towers with Radar,395,144,34,2,575,0,0,19,0,19,395,144,53,2,594,1,0,1,595
06/25/2007,PDX,OR,ANM,WE,Towers with Radar,412,206,53,16,687,0,50,100,2,152,412,256,153,18,839,1,0,1,840
06/26/2007,PDX,OR,ANM,WE,Towers with Radar,434,235,40,38,747,0,45,49,2,96,434,280,89,40,843,0,2,2,845
06/27/2007,PDX,OR,ANM,WE,Towers with Radar,438,224,71,11,744,0,49,52,3,104,438,273,123,14,848,0,0,0,848
06/28/2007,PDX,OR,ANM,WE,Towers with Radar,444,231,67,7,749,0,42,41,1,84,444,273,108,8,833,8,0,8,841
06/29/2007,PDX,OR,ANM,WE,Towers with Radar,431,251,63,2,747,0,39,37,0,76,431,290,100,2,823,0,0,0,823
06/30/2007,PDX,OR,ANM,WE,Towers with Radar,401,167,19,7,594,0,10,34,0,44,401,177,53,7,638,0,0,0,638
07/01/2007,PDX,OR,ANM,WE,Towers with Radar,389,158,31,3,581,0,0,39,0,39,389,158,70,3,620,0,0,0,620
07/02/2007,PDX,OR,ANM,WE,Towers with Radar,418,209,36,9,672,0,48,43,0,91,418,257,79,9,763,0,0,0,763
07/03/2007,PDX,OR,ANM,WE,Towers with Radar,435,233,34,12,714,0,62,58,0,120,435,295,92,12,834,0,0,0,834
07/04/2007,PDX,OR,ANM,WE,Towers with Radar,365,126,14,4,509,0,2,53,2,57,365,128,67,6,566,4,0,4,570
07/05/2007,PDX,OR,ANM,WE,Towers with Radar,409,214,39,8,670,0,41,42,5,88,409,255,81,13,758,0,0,0,758
07/06/2007,PDX,OR,ANM,WE,Towers with Radar,435,231,37,11,714,0,47,47,0,94,435,278,84,11,808,0,0,0,808
07/07/2007,PDX,OR,ANM,WE,Towers with Radar,396,170,28,1,595,0,7,42,2,51,396,177,70,3,646,0,0,0,646
07/08/2007,PDX,OR,ANM,WE,Towers with Radar,392,158,32,3,585,0,3,51,0,54,392,161,83,3,639,0,0,0,639
07/09/2007,PDX,OR,ANM,WE,Towers with Radar,417,202,43,4,666,0,45,61,0,106,417,247,104,4,772,0,0,0,772
07/10/2007,PDX,OR,ANM,WE,Towers with Radar,445,238,45,10,738,0,56,70,0,126,445,294,115,10,864,30,0,30,894
07/11/2007,PDX,OR,ANM,WE,Towers with Radar,470,232,80,10,792,0,53,65,1,119,470,285,145,11,911,2,0,2,913
07/12/2007,PDX,OR,ANM,WE,Towers with Radar,435,239,54,7,735,0,49,33,1,83,435,288,87,8,818,0,2,2,820
07/13/2007,PDX,OR,ANM,WE,Towers with Radar,448,227,60,11,746,0,47,60,4,111,448,274,120,15,857,0,0,0,857
07/14/2007,PDX,OR,ANM,WE,Towers with Radar,395,166,30,1,592,0,10,49,0,59,395,176,79,1,651,0,0,0,651
07/15/2007,PDX,OR,ANM,WE,Towers with Radar,397,154,52,4,607,0,2,40,0,42,397,156,92,4,649,20,0,20,669
07/16/2007,PDX,OR,ANM,WE,Towers with Radar,412,212,63,16,703,0,46,55,0,101,412,258,118,16,804,3,0,3,807
07/17/2007,PDX,OR,ANM,WE,Towers with Radar,440,238,51,13,742,0,40,33,0,73,440,278,84,13,815,0,0,0,815
07/18/2007,PDX,OR,ANM,WE,Towers with Radar,448,240,48,11,747,0,37,22,0,59,448,277,70,11,806,6,0,6,812
07/19/2007,PDX,OR,ANM,WE,Towers with Radar,436,243,76,9,764,0,39,48,0,87,436,282,124,9,851,0,0,0,851
07/20/2007,PDX,OR,ANM,WE,Towers with Radar,442,238,55,21,756,0,36,40,0,76,442,274,95,21,832,4,0,4,836
07/21/2007,PDX,OR,ANM,WE,Towers with Radar,400,167,35,6,608,0,8,25,0,33,400,175,60,6,641,2,0,2,643
07/22/2007,PDX,OR,ANM,WE,Towers with Radar,396,154,44,3,597,0,2,20,0,22,396,156,64,3,619,0,0,0,619
07/23/2007,PDX,OR,ANM,WE,Towers with Radar,451,237,63,26,777,0,35,28,0,63,451,272,91,26,840,0,0,0,840
07/24/2007,PDX,OR,ANM,WE,Towers with Radar,443,229,64,15,751,0,52,42,0,94,443,281,106,15,845,2,0,2,847
07/25/2007,PDX,OR,ANM,WE,Towers with Radar,419,233,38,21,711,0,45,44,3,92,419,278,82,24,803,2,0,2,805
07/26/2007,PDX,OR,ANM,WE,Towers with Radar,440,246,90,13,789,0,42,31,2,75,440,288,121,15,864,4,0,4,868
07/27/2007,PDX,OR,ANM,WE,Towers with Radar,424,235,51,9,719,0,50,56,0,106,424,285,107,9,825,0,0,0,825
07/28/2007,PDX,OR,ANM,WE,Towers with Radar,389,163,34,0,586,0,6,25,0,31,389,169,59,0,617,0,0,0,617
07/29/2007,PDX,OR,ANM,WE,Towers with Radar,397,153,41,2,593,0,0,24,0,24,397,153,65,2,617,2,0,2,619
07/30/2007,PDX,OR,ANM,WE,Towers with Radar,418,206,55,4,683,0,51,43,0,94,418,257,98,4,777,1,0,1,778
07/31/2007,PDX,OR,ANM,WE,Towers with Radar,422,228,44,12,706,0,59,63,0,122,422,287,107,12,828,13,0,13,841
08/01/2007,PDX,OR,ANM,WE,Towers with Radar,441,221,45,4,711,0,65,58,0,123,441,286,103,4,834,6,0,6,840
08/02/2007,PDX,OR,ANM,WE,Towers with Radar,445,234,62,11,752,0,53,69,2,124,445,287,131,13,876,4,0,4,880
08/03/2007,PDX,OR,ANM,WE,Towers with Radar,437,226,49,12,724,0,45,50,0,95,437,271,99,12,819,0,0,0,819
08/04/2007,PDX,OR,ANM,WE,Towers with Radar,399,152,24,4,579,0,9,34,0,43,399,161,58,4,622,0,0,0,622
08/05/2007,PDX,OR,ANM,WE,Towers with Radar,392,157,45,6,600,0,0,30,0,30,392,157,75,6,630,0,0,0,630
08/06/2007,PDX,OR,ANM,WE,Towers with Radar,431,208,60,13,712,0,36,44,0,80,431,244,104,13,792,0,0,0,792
08/07/2007,PDX,OR,ANM,WE,Towers with Radar,441,242,46,19,748,0,39,28,0,67,441,281,74,19,815,0,0,0,815
08/08/2007,PDX,OR,ANM,WE,Towers with Radar,438,243,71,15,767,0,45,43,0,88,438,288,114,15,855,4,0,4,859
08/09/2007,PDX,OR,ANM,WE,Towers with Radar,438,233,47,12,730,0,40,34,0,74,438,273,81,12,804,6,2,8,812
08/10/2007,PDX,OR,ANM,WE,Towers with Radar,435,235,47,18,735,0,50,68,2,120,435,285,115,20,855,0,0,0,855
08/11/2007,PDX,OR,ANM,WE,Towers with Radar,398,164,40,12,614,0,10,61,2,73,398,174,101,14,687,0,0,0,687
08/12/2007,PDX,OR,ANM,WE,Towers with Radar,397,160,38,20,615,0,2,27,3,32,397,162,65,23,647,2,0,2,649
08/13/2007,PDX,OR,ANM,WE,Towers with Radar,421,210,44,11,686,0,55,36,0,91,421,265,80,11,777,0,0,0,777
08/14/2007,PDX,OR,ANM,WE,Towers with Radar,438,235,41,9,723,0,46,61,0,107,438,281,102,9,830,2,0,2,832
08/15/2007,PDX,OR,ANM,WE,Towers with Radar,447,225,55,21,748,0,48,52,0,100,447,273,107,21,848,0,0,0,848
08/16/2007,PDX,OR,ANM,WE,Towers with Radar,433,231,52,12,728,0,37,35,0,72,433,268,87,12,800,0,0,0,800
08/17/2007,PDX,OR,ANM,WE,Towers with Radar,434,233,58,4,729,0,44,54,0,98,434,277,112,4,827,0,0,0,827
08/18/2007,PDX,OR,ANM,WE,Towers with Radar,398,173,50,4,625,0,14,50,0,64,398,187,100,4,689,2,0,2,691
08/19/2007,PDX,OR,ANM,WE,Towers with Radar,388,159,44,1,592,0,0,21,0,21,388,159,65,1,613,0,0,0,613
08/20/2007,PDX,OR,ANM,WE,Towers with Radar,417,224,92,12,745,0,33,22,1,56,417,257,114,13,801,0,2,2,803
08/21/2007,PDX,OR,ANM,WE,Towers with Radar,439,245,71,13,768,0,47,24,0,71,439,292,95,13,839,0,0,0,839
08/22/2007,PDX,OR,ANM,WE,Towers with Radar,429,258,88,6,781,0,47,55,0,102,429,305,143,6,883,3,0,3,886
08/23/2007,PDX,OR,ANM,WE,Towers with Radar,431,241,57,4,733,0,44,32,0,76,431,285,89,4,809,0,0,0,809
08/24/2007,PDX,OR,ANM,WE,Towers with Radar,431,226,80,8,745,0,46,40,0,86,431,272,120,8,831,0,0,0,831
08/25/2007,PDX,OR,ANM,WE,Towers with Radar,394,164,34,6,598,0,11,52,0,63,394,175,86,6,661,2,2,4,665
08/26/2007,PDX,OR,ANM,WE,Towers with Radar,388,159,53,3,603,0,0,33,0,33,388,159,86,3,636,0,0,0,636
08/27/2007,PDX,OR,ANM,WE,Towers with Radar,430,204,45,6,685,0,42,56,0,98,430,246,101,6,783,0,0,0,783
08/28/2007,PDX,OR,ANM,WE,Towers with Radar,439,230,55,7,731,0,45,71,2,118,439,275,126,9,849,0,0,0,849
08/29/2007,PDX,OR,ANM,WE,Towers with Radar,425,236,57,4,722,0,54,51,2,107,425,290,108,6,829,0,0,0,829
08/30/2007,PDX,OR,ANM,WE,Towers with Radar,443,220,37,4,704,0,55,62,0,117,443,275,99,4,821,2,0,2,823
08/31/2007,PDX,OR,ANM,WE,Towers with Radar,440,244,44,3,731,0,49,47,0,96,440,293,91,3,827,0,0,0,827
09/01/2007,PDX,OR,ANM,WE,Towers with Radar,383,152,11,4,550,0,10,49,1,60,383,162,60,5,610,2,0,2,612
09/02/2007,PDX,OR,ANM,WE,Towers with Radar,347,106,18,2,473,0,2,36,2,40,347,108,54,4,513,0,0,0,513
09/03/2007,PDX,OR,ANM,WE,Towers with Radar,384,169,24,1,578,0,1,46,0,47,384,170,70,1,625,0,0,0,625
09/04/2007,PDX,OR,ANM,WE,Towers with Radar,414,216,52,13,695,0,39,38,1,78,414,255,90,14,773,0,2,2,775
09/05/2007,PDX,OR,ANM,WE,Towers with Radar,434,225,50,21,730,4,43,37,1,85,438,268,87,22,815,8,0,8,823
09/06/2007,PDX,OR,ANM,WE,Towers with Radar,424,240,56,19,739,0,42,26,1,69,424,282,82,20,808,0,0,0,808
09/07/2007,PDX,OR,ANM,WE,Towers with Radar,426,251,70,17,764,0,49,55,0,104,426,300,125,17,868,0,0,0,868
09/08/2007,PDX,OR,ANM,WE,Towers with Radar,371,163,21,21,576,0,13,46,0,59,371,176,67,21,635,0,0,0,635
09/09/2007,PDX,OR,ANM,WE,Towers with Radar,384,142,38,7,571,0,2,46,0,48,384,144,84,7,619,0,0,0,619
09/10/2007,PDX,OR,ANM,WE,Towers with Radar,421,191,44,0,656,0,50,27,0,77,421,241,71,0,733,0,0,0,733
09/11/2007,PDX,OR,ANM,WE,Towers with Radar,439,217,66,10,732,0,50,40,0,90,439,267,106,10,822,0,0,0,822
09/12/2007,PDX,OR,ANM,WE,Towers with Radar,403,224,72,18,717,0,41,36,2,79,403,265,108,20,796,2,0,2,798
09/13/2007,PDX,OR,ANM,WE,Towers with Radar,401,268,79,20,768,0,7,10,0,17,401,275,89,20,785,2,0,2,787
09/14/2007,PDX,OR,ANM,WE,Towers with Radar,403,230,62,11,706,0,35,30,0,65,403,265,92,11,771,2,0,2,773
09/15/2007,PDX,OR,ANM,WE,Towers with Radar,363,156,25,5,549,0,7,20,0,27,363,163,45,5,576,0,0,0,576
09/16/2007,PDX,OR,ANM,WE,Towers with Radar,370,138,45,2,555,0,1,29,0,30,370,139,74,2,585,0,0,0,585
09/17/2007,PDX,OR,ANM,WE,Towers with Radar,390,196,45,10,641,0,41,14,0,55,390,237,59,10,696,0,0,0,696
09/18/2007,PDX,OR,ANM,WE,Towers with Radar,425,213,43,18,699,0,36,24,1,61,425,249,67,19,760,0,0,0,760
09/19/2007,PDX,OR,ANM,WE,Towers with Radar,421,226,70,13,730,0,43,25,1,69,421,269,95,14,799,2,0,2,801
09/20/2007,PDX,OR,ANM,WE,Towers with Radar,425,219,86,11,741,0,51,33,0,84,425,270,119,11,825,2,0,2,827
09/21/2007,PDX,OR,ANM,WE,Towers with Radar,427,229,39,4,699,0,51,58,0,109,427,280,97,4,808,0,0,0,808
09/22/2007,PDX,OR,ANM,WE,Towers with Radar,383,137,28,0,548,0,7,27,0,34,383,144,55,0,582,0,0,0,582
09/23/2007,PDX,OR,ANM,WE,Towers with Radar,382,140,37,5,564,0,1,31,0,32,382,141,68,5,596,0,0,0,596
09/24/2007,PDX,OR,ANM,WE,Towers with Radar,423,199,48,12,682,0,42,20,0,62,423,241,68,12,744,0,0,0,744
09/25/2007,PDX,OR,ANM,WE,Towers with Radar,439,221,66,7,733,0,35,22,0,57,439,256,88,7,790,0,0,0,790
09/26/2007,PDX,OR,ANM,WE,Towers with Radar,447,220,62,15,744,0,49,52,1,102,447,269,114,16,846,0,0,0,846
09/27/2007,PDX,OR,ANM,WE,Towers with Radar,438,216,49,13,716,0,44,34,0,78,438,260,83,13,794,0,0,0,794
09/28/2007,PDX,OR,ANM,WE,Towers with Radar,433,219,63,0,715,0,47,16,0,63,433,266,79,0,778,0,0,0,778
09/29/2007,PDX,OR,ANM,WE,Towers with Radar,393,147,50,0,590,0,7,9,0,16,393,154,59,0,606,0,0,0,606
09/30/2007,PDX,OR,ANM,WE,Towers with Radar,380,135,34,0,549,0,0,3,0,3,380,135,37,0,552,2,0,2,554
10/01/2007,PDX,OR,ANM,WE,Towers with Radar,421,197,47,18,683,0,36,12,0,48,421,234,59,18,732,0,0,0,777
10/02/2007,PDX,OR,ANM,WE,Towers with Radar,426,245,40,19,730,0,5,15,0,20,426,251,55,19,751,0,0,0,800
10/03/2007,PDX,OR,ANM,WE,Towers with Radar,434,213,80,20,747,0,38,16,0,54,434,254,96,20,804,0,0,0,874
10/04/2007,PDX,OR,ANM,WE,Towers with Radar,436,211,58,22,727,0,41,16,0,57,438,254,74,22,788,0,0,0,852
10/05/2007,PDX,OR,ANM,WE,Towers with Radar,447,220,40,1,708,0,39,28,0,67,447,263,68,1,779,2,0,2,896
10/06/2007,PDX,OR,ANM,WE,Towers with Radar,383,149,38,0,570,0,12,17,0,29,384,161,55,0,600,0,0,0,659
10/07/2007,PDX,OR,ANM,WE,Towers with Radar,380,127,22,0,529,0,0,9,0,9,380,127,31,0,538,0,0,0,602
10/08/2007,PDX,OR,ANM,WE,Towers with Radar,420,164,40,0,624,1,25,9,0,35,423,190,49,0,662,2,0,2,694
10/09/2007,PDX,OR,ANM,WE,Towers with Radar,435,209,63,15,722,0,50,28,2,80,435,262,91,17,805,0,0,0,862
10/10/2007,PDX,OR,ANM,WE,Towers with Radar,438,213,50,30,731,0,44,30,0,74,438,259,80,30,807,0,0,0,880
10/11/2007,PDX,OR,ANM,WE,Towers with Radar,439,213,55,17,724,0,44,38,1,83,439,260,93,18,810,0,0,0,873
10/12/2007,PDX,OR,ANM,WE,Towers with Radar,426,217,45,32,720,0,41,21,0,62,426,260,66,32,784,2,0,2,887
10/13/2007,PDX,OR,ANM,WE,Towers with Radar,388,145,24,10,567,0,5,29,0,34,390,152,53,10,605,2,0,2,695
10/14/2007,PDX,OR,ANM,WE,Towers with Radar,392,119,34,12,557,0,0,36,0,36,395,121,70,12,598,0,0,0,653
10/15/2007,PDX,OR,ANM,WE,Towers with Radar,416,187,42,2,647,0,35,16,0,51,416,222,58,2,698,0,0,0,727
10/16/2007,PDX,OR,ANM,WE,Towers with Radar,430,228,56,20,734,0,42,26,0,68,430,272,82,20,804,0,0,0,871
10/17/2007,PDX,OR,ANM,WE,Towers with Radar,431,226,64,17,738,0,37,27,3,67,434,266,91,20,811,4,0,4,888
10/18/2007,PDX,OR,ANM,WE,Towers with Radar,421,222,33,9,685,0,35,9,2,46,422,260,42,11,735,0,0,0,754
10/19/2007,PDX,OR,ANM,WE,Towers with Radar,433,218,34,14,699,0,41,15,0,56,434,260,49,14,757,2,0,2,787
10/20/2007,PDX,OR,ANM,WE,Towers with Radar,385,146,30,2,563,0,6,8,0,14,389,154,38,2,583,0,0,0,594
10/21/2007,PDX,OR,ANM,WE,Towers with Radar,370,141,39,6,556,0,1,26,1,28,370,143,65,7,585,0,0,0,640
10/22/2007,PDX,OR,ANM,WE,Towers with Radar,420,203,75,15,713,0,45,52,0,97,420,249,127,15,811,0,0,0,932
10/23/2007,PDX,OR,ANM,WE,Towers with Radar,423,222,39,7,691,0,48,79,0,127,423,270,118,7,818,0,0,0,933
10/24/2007,PDX,OR,ANM,WE,Towers with Radar,432,211,70,10,723,0,40,9,0,49,432,255,79,10,776,0,0,0,818
10/25/2007,PDX,OR,ANM,WE,Towers with Radar,440,218,80,12,750,0,38,19,0,57,442,257,99,12,810,0,0,0,889
10/26/2007,PDX,OR,ANM,WE,Towers with Radar,427,216,47,12,702,0,46,41,0,87,429,266,88,12,795,4,0,4,915
10/27/2007,PDX,OR,ANM,WE,Towers with Radar,375,136,31,4,546,0,11,39,1,51,375,147,70,5,597,0,0,0,732
10/28/2007,PDX,OR,ANM,WE,Towers with Radar,378,148,32,2,560,0,4,41,1,46,379,152,73,3,607,0,0,0,719
10/29/2007,PDX,OR,ANM,WE,Towers with Radar,422,197,75,11,705,0,40,24,0,64,422,239,99,11,771,2,0,2,819
10/30/2007,PDX,OR,ANM,WE,Towers with Radar,432,211,60,15,718,0,38,28,0,66,432,254,88,15,789,0,0,0,869
10/31/2007,PDX,OR,ANM,WE,Towers with Radar,409,203,41,7,660,0,41,16,0,57,444,251,57,7,759,10,0,10,857
11/01/2007,PDX,OR,ANM,WE,Towers with Radar,431,217,67,12,727,0,49,38,0,87,431,270,105,12,818,0,0,0,904
11/02/2007,PDX,OR,ANM,WE,Towers with Radar,430,216,59,12,717,2,44,32,0,78,432,263,91,12,798,0,0,0,946
11/03/2007,PDX,OR,ANM,WE,Towers with Radar,379,135,36,7,557,0,7,22,0,29,380,144,58,7,589,0,0,0,672
11/04/2007,PDX,OR,ANM,WE,Towers with Radar,397,127,27,1,552,0,2,22,0,24,397,130,49,1,577,0,0,0,675
11/05/2007,PDX,OR,ANM,WE,Towers with Radar,432,218,56,0,706,0,47,30,0,77,434,268,86,0,788,0,0,0,869
11/06/2007,PDX,OR,ANM,WE,Towers with Radar,430,237,62,4,733,0,37,17,0,54,432,276,79,4,791,0,0,0,868
11/07/2007,PDX,OR,ANM,WE,Towers with Radar,446,229,72,0,747,0,40,17,0,57,448,276,89,0,813,0,0,0,902
11/08/2007,PDX,OR,ANM,WE,Towers with Radar,437,249,67,2,755,0,38,14,0,52,438,287,81,2,808,0,0,0,870
11/09/2007,PDX,OR,ANM,WE,Towers with Radar,440,227,74,3,744,0,22,14,0,36,440,254,88,3,785,0,0,0,834
11/10/2007,PDX,OR,ANM,WE,Towers with Radar,394,146,32,2,574,0,7,28,0,35,394,154,60,2,610,4,0,4,762
11/11/2007,PDX,OR,ANM,WE,Towers with Radar,377,128,38,2,545,0,5,22,0,27,377,135,60,2,574,0,0,0,667
11/12/2007,PDX,OR,ANM,WE,Towers with Radar,423,181,63,4,671,0,25,2,0,27,425,207,65,4,701,0,0,0,716
11/13/2007,PDX,OR,ANM,WE,Towers with Radar,439,231,53,3,726,0,40,26,0,66,439,274,79,3,795,0,0,0,913
11/14/2007,PDX,OR,ANM,WE,Towers with Radar,428,209,62,2,701,0,38,14,0,52,429,249,76,2,756,0,0,0,793
11/15/2007,PDX,OR,ANM,WE,Towers with Radar,430,228,53,0,711,0,35,14,0,49,430,271,67,0,768,0,0,0,806
11/16/2007,PDX,OR,ANM,WE,Towers with Radar,431,259,55,7,752,0,2,1,0,3,432,262,56,7,757,0,0,0,761
11/17/2007,PDX,OR,ANM,WE,Towers with Radar,402,149,20,2,573,0,3,1,0,4,403,153,21,2,579,0,0,0,589
11/18/2007,PDX,OR,ANM,WE,Towers with Radar,389,122,31,2,544,1,1,2,0,4,390,123,33,2,548,0,0,0,561
11/19/2007,PDX,OR,ANM,WE,Towers with Radar,431,184,39,2,656,0,38,9,0,47,431,225,48,2,706,0,0,0,733
11/20/2007,PDX,OR,ANM,WE,Towers with Radar,454,216,62,0,732,0,39,34,1,74,458,260,96,1,815,0,0,0,900
11/21/2007,PDX,OR,ANM,WE,Towers with Radar,453,209,53,2,717,0,45,44,0,89,453,254,97,2,806,0,0,0,905
11/22/2007,PDX,OR,ANM,WE,Towers with Radar,343,123,11,0,477,0,0,12,0,12,343,126,23,0,492,2,0,2,524
11/23/2007,PDX,OR,ANM,WE,Towers with Radar,378,137,23,2,540,0,37,23,0,60,378,175,46,2,601,0,0,0,712
11/24/2007,PDX,OR,ANM,WE,Towers with Radar,409,135,19,0,563,0,12,14,0,26,409,149,33,0,591,0,0,0,657
11/25/2007,PDX,OR,ANM,WE,Towers with Radar,405,138,49,2,594,0,0,34,0,34,405,138,83,2,628,6,0,6,715
11/26/2007,PDX,OR,ANM,WE,Towers with Radar,432,197,49,2,680,0,35,23,0,58,432,233,72,2,739,0,0,0,773
11/27/2007,PDX,OR,ANM,WE,Towers with Radar,448,209,40,4,701,0,41,29,0,70,449,250,69,4,772,0,0,0,816
11/28/2007,PDX,OR,ANM,WE,Towers with Radar,455,255,68,6,784,0,1,0,0,1,455,258,68,6,787,0,0,0,796
11/29/2007,PDX,OR,ANM,WE,Towers with Radar,447,253,59,3,762,0,10,2,0,12,447,265,61,3,776,0,2,2,795
11/30/2007,PDX,OR,ANM,WE,Towers with Radar,438,224,60,11,733,0,36,8,0,44,438,260,68,11,777,0,0,0,804
12/01/2007,PDX,OR,ANM,WE,Towers with Radar,390,133,37,2,562,0,1,2,0,3,390,134,39,2,565,0,0,0,569
12/02/2007,PDX,OR,ANM,WE,Towers with Radar,391,124,24,4,543,0,0,0,0,0,391,124,24,4,543,0,0,0,543
12/03/2007,PDX,OR,ANM,WE,Towers with Radar,427,213,47,9,696,0,6,0,0,6,427,219,47,9,702,0,0,0,703
12/04/2007,PDX,OR,ANM,WE,Towers with Radar,445,208,68,2,723,0,42,15,0,57,445,250,83,2,780,0,0,0,855
12/05/2007,PDX,OR,ANM,WE,Towers with Radar,456,248,80,6,790,0,10,2,0,12,456,258,82,6,802,0,0,0,809
12/06/2007,PDX,OR,ANM,WE,Towers with Radar,456,226,64,3,749,0,23,19,1,43,456,249,83,4,792,2,0,2,855
12/07/2007,PDX,OR,ANM,WE,Towers with Radar,461,203,61,6,731,0,42,13,0,55,461,245,74,6,786,2,0,2,857
12/08/2007,PDX,OR,ANM,WE,Towers with Radar,400,132,29,2,563,0,8,41,0,49,400,140,70,2,612,0,0,0,741
12/09/2007,PDX,OR,ANM,WE,Towers with Radar,406,114,30,7,557,0,0,3,0,3,406,114,33,7,560,0,0,0,574
12/10/2007,PDX,OR,ANM,WE,Towers with Radar,456,187,44,3,690,0,46,14,0,60,456,233,58,3,750,0,0,0,758
12/11/2007,PDX,OR,ANM,WE,Towers with Radar,464,213,72,2,751,0,45,18,0,63,464,258,90,2,814,0,0,0,889
12/12/2007,PDX,OR,ANM,WE,Towers with Radar,464,203,46,4,717,0,45,22,0,67,464,248,68,4,784,0,0,0,863
12/13/2007,PDX,OR,ANM,WE,Towers with Radar,462,224,69,1,756,1,42,7,0,50,463,273,76,1,813,0,0,0,829
12/14/2007,PDX,OR,ANM,WE,Towers with Radar,463,208,63,7,741,0,41,24,0,65,465,249,87,7,808,0,0,0,842
12/15/2007,PDX,OR,ANM,WE,Towers with Radar,408,158,31,1,598,0,13,12,0,25,408,173,43,1,625,0,0,0,682
12/16/2007,PDX,OR,ANM,WE,Towers with Radar,419,123,37,0,579,0,0,18,0,18,419,123,55,0,597,20,0,20,657
12/17/2007,PDX,OR,ANM,WE,Towers with Radar,440,195,56,4,695,0,40,9,0,49,440,240,65,4,749,0,0,0,777
12/18/2007,PDX,OR,ANM,WE,Towers with Radar,472,206,53,2,733,0,45,19,0,64,472,253,72,2,799,0,0,0,827
12/19/2007,PDX,OR,ANM,WE,Towers with Radar,477,217,45,4,743,0,41,11,0,52,477,263,56,4,800,0,0,0,818
12/20/2007,PDX,OR,ANM,WE,Towers with Radar,467,231,50,0,748,0,44,19,0,63,467,308,69,0,844,0,0,0,876
12/21/2007,PDX,OR,ANM,WE,Towers with Radar,478,212,58,8,756,0,46,37,0,83,478,262,95,8,843,0,0,0,952
12/22/2007,PDX,OR,ANM,WE,Towers with Radar,419,190,34,0,643,0,3,2,0,5,421,194,36,0,651,0,0,0,671
12/23/2007,PDX,OR,ANM,WE,Towers with Radar,434,140,17,0,591,0,0,0,0,0,436,142,17,0,595,0,0,0,596
12/24/2007,PDX,OR,ANM,WE,Towers with Radar,395,153,20,2,570,0,39,6,0,45,395,193,26,2,616,0,0,0,635
12/25/2007,PDX,OR,ANM,WE,Towers with Radar,359,108,8,0,475,0,0,1,0,1,361,108,9,0,478,13,0,13,496
12/26/2007,PDX,OR,ANM,WE,Towers with Radar,421,203,40,6,670,0,42,2,0,44,421,248,42,6,717,0,0,0,756
12/27/2007,PDX,OR,ANM,WE,Towers with Radar,440,254,24,0,718,0,1,0,0,1,440,260,24,0,724,0,0,0,726
12/28/2007,PDX,OR,ANM,WE,Towers with Radar,454,223,17,4,698,0,28,10,0,38,455,253,27,4,739,0,0,0,811
12/29/2007,PDX,OR,ANM,WE,Towers with Radar,421,167,28,0,616,0,4,1,0,5,421,171,29,0,621,0,0,0,624
12/30/2007,PDX,OR,ANM,WE,Towers with Radar,395,118,17,1,531,0,0,0,0,0,395,128,17,1,541,6,0,6,552
12/31/2007,PDX,OR,ANM,WE,Towers with Radar,404,162,9,6,581,0,26,9,0,35,406,189,18,6,619,0,0,0,644
01/01/2008,PDX,OR,ANM,WE,Towers with Radar,363,108,17,0,488,0,2,28,0,30,363,110,45,0,518,0,0,0,596
01/02/2008,PDX,OR,ANM,WE,Towers with Radar,432,195,29,3,659,0,34,1,0,35,432,231,30,3,696,0,0,0,726
01/03/2008,PDX,OR,ANM,WE,Towers with Radar,447,212,17,2,678,1,46,0,0,47,449,258,17,2,726,0,0,0,728
01/04/2008,PDX,OR,ANM,WE,Towers with Radar,434,194,17,7,652,0,36,7,0,43,436,232,24,7,699,12,0,12,738
01/05/2008,PDX,OR,ANM,WE,Towers with Radar,385,150,21,0,556,0,4,3,0,7,385,156,24,0,565,0,0,0,578
01/06/2008,PDX,OR,ANM,WE,Towers with Radar,404,130,18,1,553,0,0,3,0,3,405,130,21,1,557,2,0,2,590
01/07/2008,PDX,OR,ANM,WE,Towers with Radar,417,208,33,4,662,0,34,7,0,41,417,246,40,4,707,0,0,0,744
01/08/2008,PDX,OR,ANM,WE,Towers with Radar,407,235,18,0,660,0,10,6,0,16,408,251,24,0,683,0,0,0,699
01/09/2008,PDX,OR,ANM,WE,Towers with Radar,417,223,27,7,674,0,34,11,0,45,417,260,38,7,722,0,0,0,793
01/10/2008,PDX,OR,ANM,WE,Towers with Radar,415,218,50,13,696,0,35,12,0,47,415,257,62,13,747,0,0,0,777
01/11/2008,PDX,OR,ANM,WE,Towers with Radar,429,211,44,22,706,0,39,5,0,44,430,251,49,22,752,0,0,0,823
01/12/2008,PDX,OR,ANM,WE,Towers with Radar,372,144,30,4,550,0,6,14,0,20,373,152,44,4,573,2,0,2,630
01/13/2008,PDX,OR,ANM,WE,Towers with Radar,358,122,26,3,509,0,2,24,0,26,358,127,50,3,538,0,0,0,664
01/14/2008,PDX,OR,ANM,WE,Towers with Radar,418,186,39,11,654,0,30,16,0,46,419,218,55,11,703,0,0,0,724
01/15/2008,PDX,OR,ANM,WE,Towers with Radar,412,219,53,15,699,0,60,31,0,91,412,279,84,15,790,8,0,8,887
01/16/2008,PDX,OR,ANM,WE,Towers with Radar,414,214,61,13,702,0,42,12,0,54,414,258,73,13,758,10,0,10,890
01/17/2008,PDX,OR,ANM,WE,Towers with Radar,415,261,56,10,742,0,2,1,0,3,415,265,57,10,747,4,0,4,794
01/18/2008,PDX,OR,ANM,WE,Towers with Radar,428,231,52,21,732,0,18,4,0,22,428,251,56,21,756,2,0,2,826
01/19/2008,PDX,OR,ANM,WE,Towers with Radar,352,138,30,0,520,0,0,0,0,0,352,141,30,0,523,0,0,0,523
01/20/2008,PDX,OR,ANM,WE,Towers with Radar,362,118,23,1,504,0,3,6,0,9,362,121,29,1,513,0,0,0,567
01/21/2008,PDX,OR,ANM,WE,Towers with Radar,400,165,41,2,608,0,38,39,0,77,400,205,80,2,687,0,0,0,740
01/22/2008,PDX,OR,ANM,WE,Towers with Radar,420,197,49,4,670,0,45,24,2,71,420,242,73,6,741,0,0,0,836
01/23/2008,PDX,OR,ANM,WE,Towers with Radar,416,208,50,7,681,0,47,44,3,94,416,256,94,10,776,0,0,0,901
01/24/2008,PDX,OR,ANM,WE,Towers with Radar,420,206,41,12,679,0,50,30,1,81,420,257,71,13,761,0,0,0,845
01/25/2008,PDX,OR,ANM,WE,Towers with Radar,414,199,45,7,665,0,55,37,0,92,415,257,82,7,761,4,0,4,931
01/26/2008,PDX,OR,ANM,WE,Towers with Radar,349,131,19,0,499,0,6,1,0,7,349,139,20,0,508,0,0,0,526
01/27/2008,PDX,OR,ANM,WE,Towers with Radar,356,112,24,0,492,0,0,1,0,1,357,112,25,0,494,0,0,0,503
01/28/2008,PDX,OR,ANM,WE,Towers with Radar,405,191,28,7,631,0,27,15,0,42,407,221,43,7,678,0,0,0,731
01/29/2008,PDX,OR,ANM,WE,Towers with Radar,418,225,41,13,697,0,13,0,0,13,418,243,41,13,715,0,0,0,719
01/30/2008,PDX,OR,ANM,WE,Towers with Radar,425,209,49,16,699,0,27,6,1,34,425,239,55,17,736,0,0,0,745
01/31/2008,PDX,OR,ANM,WE,Towers with Radar,413,231,38,18,700,0,18,2,0,20,413,252,40,18,723,0,0,0,773
02/01/2008,PDX,OR,ANM,WE,Towers with Radar,417,223,44,16,700,0,19,4,0,23,417,246,48,16,727,0,0,0,776
02/02/2008,PDX,OR,ANM,WE,Towers with Radar,368,139,24,2,533,0,0,1,0,1,368,143,25,2,538,0,0,0,544
02/03/2008,PDX,OR,ANM,WE,Towers with Radar,353,125,22,0,500,0,1,6,0,7,354,126,28,0,508,0,0,0,580
02/04/2008,PDX,OR,ANM,WE,Towers with Radar,406,194,44,14,658,0,39,7,0,46,406,237,51,14,708,0,0,0,1267
02/05/2008,PDX,OR,ANM,WE,Towers with Radar,432,192,43,11,678,0,55,3,0,58,432,247,46,11,736,0,0,0,754
02/06/2008,PDX,OR,ANM,WE,Towers with Radar,411,231,56,11,709,0,11,13,0,24,411,247,69,11,738,0,0,0,802
02/07/2008,PDX,OR,ANM,WE,Towers with Radar,418,207,51,13,689,0,34,7,0,41,418,244,58,13,733,0,0,0,767
02/08/2008,PDX,OR,ANM,WE,Towers with Radar,421,224,41,14,700,0,12,2,0,14,422,239,43,14,718,0,0,0,734
02/09/2008,PDX,OR,ANM,WE,Towers with Radar,359,137,15,4,515,0,12,21,1,34,359,154,36,5,554,0,0,0,687
02/10/2008,PDX,OR,ANM,WE,Towers with Radar,370,124,24,12,530,0,6,15,0,21,370,131,39,12,552,0,0,0,621
02/11/2008,PDX,OR,ANM,WE,Towers with Radar,413,186,40,0,639,0,41,28,0,69,413,229,68,0,710,0,0,0,1397
02/12/2008,PDX,OR,ANM,WE,Towers with Radar,417,215,49,22,703,0,27,18,0,45,417,243,67,22,749,0,0,0,815
02/13/2008,PDX,OR,ANM,WE,Towers with Radar,421,209,44,18,692,0,50,16,1,67,421,263,60,19,763,2,0,2,853
02/14/2008,PDX,OR,ANM,WE,Towers with Radar,428,196,48,15,687,0,47,25,0,72,428,252,73,15,768,12,0,12,875
02/15/2008,PDX,OR,ANM,WE,Towers with Radar,436,187,59,16,698,0,44,41,1,86,436,231,100,17,784,0,0,0,904
02/16/2008,PDX,OR,ANM,WE,Towers with Radar,368,134,45,2,549,0,12,20,0,32,370,147,65,2,584,0,0,0,684
02/17/2008,PDX,OR,ANM,WE,Towers with Radar,378,120,26,1,525,0,5,16,0,21,378,126,42,1,547,2,0,2,632
02/18/2008,PDX,OR,ANM,WE,Towers with Radar,421,169,47,0,637,0,43,31,0,74,422,213,78,0,713,0,0,0,809
02/19/2008,PDX,OR,ANM,WE,Towers with Radar,439,187,56,1,683,0,45,20,2,67,439,234,76,3,752,0,0,0,836
02/20/2008,PDX,OR,ANM,WE,Towers with Radar,443,207,69,9,728,0,40,20,4,64,443,249,89,13,794,0,0,0,865
02/21/2008,PDX,OR,ANM,WE,Towers with Radar,437,180,45,7,669,0,45,14,0,59,438,226,59,7,730,0,0,0,847
02/22/2008,PDX,OR,ANM,WE,Towers with Radar,435,195,56,10,696,0,48,16,0,64,435,248,72,10,765,0,0,0,809
02/23/2008,PDX,OR,ANM,WE,Towers with Radar,374,140,21,0,535,0,8,24,0,32,375,152,45,0,572,0,0,0,658
02/24/2008,PDX,OR,ANM,WE,Towers with Radar,396,113,29,0,538,10,0,20,0,30,406,114,49,0,569,0,0,0,673
02/25/2008,PDX,OR,ANM,WE,Towers with Radar,435,168,31,10,644,9,44,35,0,88,444,213,66,10,733,10,0,10,790
02/26/2008,PDX,OR,ANM,WE,Towers with Radar,440,191,46,12,689,6,51,36,2,95,450,247,82,14,793,2,0,2,891
02/27/2008,PDX,OR,ANM,WE,Towers with Radar,442,194,54,12,702,0,58,38,0,96,442,254,92,12,800,0,0,0,914
02/28/2008,PDX,OR,ANM,WE,Towers with Radar,434,195,57,11,697,0,48,32,2,82,434,247,89,13,783,0,0,0,873
02/29/2008,PDX,OR,ANM,WE,Towers with Radar,439,211,46,9,705,0,42,19,2,63,439,253,65,11,768,0,0,0,859
03/01/2008,PDX,OR,ANM,WE,Towers with Radar,368,134,40,5,547,0,7,3,0,10,368,141,43,5,557,0,0,0,592
03/02/2008,PDX,OR,ANM,WE,Towers with Radar,384,115,46,2,547,0,1,13,0,14,385,119,59,2,565,0,2,2,661
03/03/2008,PDX,OR,ANM,WE,Towers with Radar,421,169,42,0,632,0,43,19,0,62,421,214,61,0,696,0,0,0,738
03/04/2008,PDX,OR,ANM,WE,Towers with Radar,431,192,34,11,668,0,46,20,0,66,432,239,54,11,736,0,0,0,870
03/05/2008,PDX,OR,ANM,WE,Towers with Radar,447,193,62,1,703,0,47,46,1,94,449,243,108,2,802,0,0,0,914
03/06/2008,PDX,OR,ANM,WE,Towers with Radar,440,201,46,5,692,0,44,50,0,94,441,246,96,5,788,10,0,10,917
03/07/2008,PDX,OR,ANM,WE,Towers with Radar,441,183,34,0,658,0,47,40,0,87,441,235,74,0,750,6,0,6,865
03/08/2008,PDX,OR,ANM,WE,Towers with Radar,389,128,19,0,536,0,5,16,0,21,389,138,35,0,562,0,0,0,645
03/09/2008,PDX,OR,ANM,WE,Towers with Radar,389,108,35,6,538,0,0,31,0,31,389,108,66,6,569,1,0,1,703
03/10/2008,PDX,OR,ANM,WE,Towers with Radar,436,180,37,0,653,0,46,28,0,74,436,230,65,0,731,0,0,0,783
03/11/2008,PDX,OR,ANM,WE,Towers with Radar,432,189,40,2,663,0,45,54,0,99,432,238,94,2,766,0,0,0,820
03/12/2008,PDX,OR,ANM,WE,Towers with Radar,440,190,63,10,703,0,40,59,0,99,441,232,122,10,805,2,0,2,881
03/13/2008,PDX,OR,ANM,WE,Towers with Radar,438,184,56,4,682,0,35,21,0,56,439,224,77,4,744,0,0,0,777
03/14/2008,PDX,OR,ANM,WE,Towers with Radar,444,187,83,2,716,0,34,1,0,35,445,226,84,2,757,2,0,2,823
03/15/2008,PDX,OR,ANM,WE,Towers with Radar,381,129,21,5,536,0,7,7,2,16,381,141,28,7,557,0,0,0,593
03/16/2008,PDX,OR,ANM,WE,Towers with Radar,389,107,25,4,525,0,0,31,0,31,389,108,56,4,557,0,0,0,628
03/17/2008,PDX,OR,ANM,WE,Towers with Radar,428,197,55,3,683,0,15,10,0,25,429,217,65,3,714,0,0,0,741
03/18/2008,PDX,OR,ANM,WE,Towers with Radar,435,202,56,22,715,0,46,15,0,61,435,253,71,22,781,2,0,2,852
03/19/2008,PDX,OR,ANM,WE,Towers with Radar,450,203,68,19,740,0,45,24,0,69,450,252,92,19,813,2,0,2,898
03/20/2008,PDX,OR,ANM,WE,Towers with Radar,456,193,71,25,745,0,37,16,0,53,458,230,87,25,800,0,0,0,874
03/21/2008,PDX,OR,ANM,WE,Towers with Radar,446,200,34,15,695,0,38,20,0,58,446,243,54,15,758,2,0,2,894
03/22/2008,PDX,OR,ANM,WE,Towers with Radar,386,120,28,0,534,0,9,44,0,53,387,129,72,0,588,0,0,0,731
03/23/2008,PDX,OR,ANM,WE,Towers with Radar,393,112,18,0,523,0,0,3,0,3,393,113,21,0,527,0,0,0,537
03/24/2008,PDX,OR,ANM,WE,Towers with Radar,434,177,31,16,658,0,42,62,5,109,434,221,93,21,769,0,0,0,834
03/25/2008,PDX,OR,ANM,WE,Towers with Radar,434,183,41,17,675,0,52,30,0,82,437,237,71,17,762,8,0,8,843
03/26/2008,PDX,OR,ANM,WE,Towers with Radar,443,193,35,16,687,1,44,2,0,47,446,241,37,16,740,0,0,0,773
03/27/2008,PDX,OR,ANM,WE,Towers with Radar,444,199,47,25,715,0,43,25,0,68,444,244,72,25,785,10,0,10,859
03/28/2008,PDX,OR,ANM,WE,Towers with Radar,432,206,28,0,666,0,33,9,0,42,434,243,37,0,714,0,0,0,733
03/29/2008,PDX,OR,ANM,WE,Towers with Radar,406,134,31,0,571,0,6,8,0,14,406,140,39,0,585,0,0,0,603
03/30/2008,PDX,OR,ANM,WE,Towers with Radar,402,115,33,1,551,0,0,11,3,14,402,115,44,4,565,0,0,0,601
03/31/2008,PDX,OR,ANM,WE,Towers with Radar,431,175,46,13,665,0,46,35,0,81,431,224,81,13,749,0,0,0,819
04/01/2008,PDX,OR,ANM,WE,Towers with Radar,444,186,42,13,685,0,46,34,0,80,445,233,76,13,767,8,0,8,915
04/02/2008,PDX,OR,ANM,WE,Towers with Radar,441,190,47,15,693,0,51,48,1,100,441,243,95,16,795,4,0,4,946
04/03/2008,PDX,OR,ANM,WE,Towers with Radar,445,191,47,8,691,0,48,45,1,94,445,239,92,9,785,0,0,0,926
04/04/2008,PDX,OR,ANM,WE,Towers with Radar,441,189,52,5,687,0,41,14,0,55,442,231,66,5,744,0,0,0,821
04/05/2008,PDX,OR,ANM,WE,Towers with Radar,382,127,18,2,529,0,7,20,0,27,383,135,38,2,558,0,0,0,577
04/06/2008,PDX,OR,ANM,WE,Towers with Radar,385,113,30,3,531,0,2,7,0,9,385,116,37,3,541,0,0,0,575
04/07/2008,PDX,OR,ANM,WE,Towers with Radar,434,175,49,13,671,0,43,40,3,86,434,222,89,16,761,4,0,4,822
04/08/2008,PDX,OR,ANM,WE,Towers with Radar,443,197,41,12,693,0,37,11,0,48,444,236,52,12,744,6,0,6,818
04/09/2008,PDX,OR,ANM,WE,Towers with Radar,419,195,57,25,696,0,33,9,0,42,419,231,66,25,741,8,0,8,802
04/10/2008,PDX,OR,ANM,WE,Towers with Radar,437,205,63,32,737,0,41,18,0,59,439,249,81,32,801,8,0,8,896
04/11/2008,PDX,OR,ANM,WE,Towers with Radar,447,190,44,23,704,0,47,39,1,87,448,237,83,24,792,2,0,2,947
04/12/2008,PDX,OR,ANM,WE,Towers with Radar,370,129,26,7,532,0,11,36,0,47,371,142,62,7,582,0,0,0,733
04/13/2008,PDX,OR,ANM,WE,Towers with Radar,406,116,27,15,564,0,7,41,1,49,406,125,68,16,615,0,0,0,733
04/14/2008,PDX,OR,ANM,WE,Towers with Radar,440,175,47,4,666,0,44,15,0,59,441,221,62,4,728,0,0,0,761
04/15/2008,PDX,OR,ANM,WE,Towers with Radar,447,203,46,21,717,0,35,16,0,51,447,239,62,21,769,0,0,0,820
04/16/2008,PDX,OR,ANM,WE,Towers with Radar,446,190,61,18,715,0,43,18,0,61,447,235,79,18,779,0,0,0,835
04/17/2008,PDX,OR,ANM,WE,Towers with Radar,444,202,40,24,710,0,44,20,0,64,444,247,60,24,775,8,0,8,906
04/18/2008,PDX,OR,ANM,WE,Towers with Radar,451,206,54,16,727,0,35,22,0,57,451,241,76,16,784,0,2,2,857
04/19/2008,PDX,OR,ANM,WE,Towers with Radar,376,118,21,0,515,0,5,10,0,15,377,125,31,0,533,0,0,0,561
04/20/2008,PDX,OR,ANM,WE,Towers with Radar,395,109,33,0,537,0,0,7,0,7,395,109,40,0,544,0,0,0,600
04/21/2008,PDX,OR,ANM,WE,Towers with Radar,440,183,31,12,666,0,28,7,0,35,440,213,38,12,703,0,0,0,733
04/22/2008,PDX,OR,ANM,WE,Towers with Radar,438,202,42,9,691,0,38,9,0,47,439,241,51,9,740,0,0,0,800
04/23/2008,PDX,OR,ANM,WE,Towers with Radar,440,193,60,3,696,0,42,8,0,50,442,241,68,3,754,0,0,0,776
04/24/2008,PDX,OR,ANM,WE,Towers with Radar,457,205,44,5,711,0,40,17,0,57,459,247,61,5,772,0,0,0,865
04/25/2008,PDX,OR,ANM,WE,Towers with Radar,446,191,37,9,683,1,53,55,0,109,447,245,92,9,793,2,0,2,957
04/26/2008,PDX,OR,ANM,WE,Towers with Radar,375,113,18,2,508,0,16,35,0,51,375,132,53,2,562,0,0,0,714
04/27/2008,PDX,OR,ANM,WE,Towers with Radar,396,113,33,2,544,0,4,46,0,50,396,124,79,2,601,4,0,4,718
04/28/2008,PDX,OR,ANM,WE,Towers with Radar,424,187,42,15,668,0,44,21,0,65,424,232,63,15,734,0,0,0,806
04/29/2008,PDX,OR,ANM,WE,Towers with Radar,440,193,51,18,702,0,42,15,0,57,441,237,66,18,762,10,0,10,852
04/30/2008,PDX,OR,ANM,WE,Towers with Radar,444,197,47,26,714,0,41,23,0,64,444,240,70,26,780,8,0,8,845
05/01/2008,PDX,OR,ANM,WE,Towers with Radar,447,191,40,4,682,0,44,41,0,85,447,236,81,4,768,0,0,0,933
05/02/2008,PDX,OR,ANM,WE,Towers with Radar,432,185,55,9,681,0,46,24,1,71,432,231,79,10,752,0,0,0,824
05/03/2008,PDX,OR,ANM,WE,Towers with Radar,379,119,18,2,518,0,4,18,0,22,379,124,36,2,541,2,0,2,630
05/04/2008,PDX,OR,ANM,WE,Towers with Radar,390,113,33,1,537,0,0,63,0,63,390,115,96,1,602,2,0,2,752
05/05/2008,PDX,OR,ANM,WE,Towers with Radar,438,178,55,9,680,0,44,51,0,95,438,223,106,9,776,6,0,6,906
05/06/2008,PDX,OR,ANM,WE,Towers with Radar,445,194,51,35,725,0,44,17,0,61,446,239,68,35,788,4,0,4,904
05/07/2008,PDX,OR,ANM,WE,Towers with Radar,448,199,53,22,722,0,43,16,2,61,448,245,69,24,786,0,0,0,910
05/08/2008,PDX,OR,ANM,WE,Towers with Radar,443,211,46,19,719,0,41,39,2,82,443,255,85,21,804,2,0,2,935
05/09/2008,PDX,OR,ANM,WE,Towers with Radar,456,196,44,2,698,0,43,45,1,89,456,242,89,3,790,0,0,0,946
05/10/2008,PDX,OR,ANM,WE,Towers with Radar,384,125,34,0,543,0,9,28,0,37,384,138,62,0,584,12,0,12,688
05/11/2008,PDX,OR,ANM,WE,Towers with Radar,392,112,26,0,530,0,0,14,0,14,392,113,40,0,545,0,0,0,606
05/12/2008,PDX,OR,ANM,WE,Towers with Radar,445,188,73,16,722,0,46,26,0,72,445,234,99,16,794,2,0,2,871
05/13/2008,PDX,OR,ANM,WE,Towers with Radar,446,213,42,22,723,0,45,26,0,71,446,258,68,22,794,0,0,0,884
05/14/2008,PDX,OR,ANM,WE,Towers with Radar,449,194,50,24,717,0,40,25,9,74,449,240,75,33,797,2,0,2,937
05/15/2008,PDX,OR,ANM,WE,Towers with Radar,447,202,55,16,720,0,47,59,4,110,449,252,114,20,835,0,0,0,982
05/16/2008,PDX,OR,ANM,WE,Towers with Radar,452,191,41,5,689,0,52,50,0,102,453,250,91,5,799,18,0,18,1022
05/17/2008,PDX,OR,ANM,WE,Towers with Radar,395,108,33,15,551,0,15,28,0,43,395,124,61,15,595,0,0,0,715
05/18/2008,PDX,OR,ANM,WE,Towers with Radar,383,115,29,14,541,0,0,32,2,34,383,116,61,16,576,2,0,2,696
05/19/2008,PDX,OR,ANM,WE,Towers with Radar,445,174,34,10,663,0,51,36,2,89,445,226,70,12,753,0,0,0,841
05/20/2008,PDX,OR,ANM,WE,Towers with Radar,439,208,51,12,710,0,36,29,2,67,439,248,80,14,781,0,0,0,846
05/21/2008,PDX,OR,ANM,WE,Towers with Radar,450,212,55,15,732,0,39,19,0,58,450,252,74,15,791,0,0,0,871
05/22/2008,PDX,OR,ANM,WE,Towers with Radar,449,197,51,16,713,0,34,31,0,65,449,233,82,16,780,0,0,0,852
05/23/2008,PDX,OR,ANM,WE,Towers with Radar,449,223,44,2,718,4,15,10,0,29,453,244,54,2,753,12,0,12,828
05/24/2008,PDX,OR,ANM,WE,Towers with Radar,393,112,49,0,554,0,0,0,0,0,393,112,49,0,554,12,0,12,566
05/25/2008,PDX,OR,ANM,WE,Towers with Radar,352,82,24,0,458,0,2,0,0,2,352,84,24,0,460,0,0,0,475
05/26/2008,PDX,OR,ANM,WE,Towers with Radar,402,126,48,7,583,0,1,10,0,11,402,127,58,7,594,0,0,0,662
05/27/2008,PDX,OR,ANM,WE,Towers with Radar,434,180,50,2,666,0,38,16,0,54,434,221,66,2,723,0,0,0,856
05/28/2008,PDX,OR,ANM,WE,Towers with Radar,441,233,54,19,747,0,9,9,0,18,442,246,63,19,770,0,0,0,835
05/29/2008,PDX,OR,ANM,WE,Towers with Radar,450,209,67,29,755,0,40,19,0,59,451,250,86,29,816,0,0,0,924
05/30/2008,PDX,OR,ANM,WE,Towers with Radar,441,200,39,16,696,0,44,62,0,106,441,245,101,16,803,0,0,0,999
05/31/2008,PDX,OR,ANM,WE,Towers with Radar,394,111,25,0,530,0,7,33,1,41,394,121,58,1,574,0,0,0,864
06/01/2008,PDX,OR,ANM,WE,Towers with Radar,395,116,44,2,557,0,0,18,0,18,395,116,62,2,575,0,0,0,615
06/02/2008,PDX,OR,ANM,WE,Towers with Radar,438,184,32,12,666,0,50,41,0,91,439,234,73,12,758,0,0,0,847
06/03/2008,PDX,OR,ANM,WE,Towers with Radar,438,194,52,21,705,0,41,18,0,59,438,236,70,21,765,0,0,0,810
06/04/2008,PDX,OR,ANM,WE,Towers with Radar,451,192,55,14,712,0,41,38,0,79,451,235,93,14,793,0,0,0,915
06/05/2008,PDX,OR,ANM,WE,Towers with Radar,465,211,62,26,764,0,45,20,0,65,466,257,82,26,831,12,6,18,940
06/06/2008,PDX,OR,ANM,WE,Towers with Radar,460,203,61,1,725,0,39,11,0,50,460,249,72,1,782,0,0,0,840
06/07/2008,PDX,OR,ANM,WE,Towers with Radar,426,122,37,3,588,0,9,21,4,34,426,137,58,7,628,0,0,0,748
06/08/2008,PDX,OR,ANM,WE,Towers with Radar,410,127,31,17,585,0,1,32,0,33,410,130,63,17,620,0,0,0,745
06/09/2008,PDX,OR,ANM,WE,Towers with Radar,454,178,50,5,687,0,37,21,0,58,455,219,71,5,750,0,0,0,785
06/10/2008,PDX,OR,ANM,WE,Towers with Radar,481,205,54,18,758,0,29,20,0,49,481,236,74,18,809,0,0,0,837
06/11/2008,PDX,OR,ANM,WE,Towers with Radar,470,201,97,25,793,0,35,36,0,71,470,239,133,25,867,0,0,0,988
06/12/2008,PDX,OR,ANM,WE,Towers with Radar,470,203,68,21,762,0,49,55,0,104,470,255,123,21,869,2,0,2,1036
06/13/2008,PDX,OR,ANM,WE,Towers with Radar,472,192,42,11,717,0,43,61,0,104,472,245,103,11,831,0,0,0,997
06/14/2008,PDX,OR,ANM,WE,Towers with Radar,421,133,29,5,588,0,9,47,1,57,421,149,76,6,652,0,0,0,812
06/15/2008,PDX,OR,ANM,WE,Towers with Radar,418,118,29,0,565,0,0,19,0,19,418,121,48,0,587,0,0,0,722
06/16/2008,PDX,OR,ANM,WE,Towers with Radar,461,185,78,12,736,0,49,40,0,89,462,235,118,12,827,0,0,0,940
06/17/2008,PDX,OR,ANM,WE,Towers with Radar,479,212,48,15,754,0,38,31,0,69,480,252,79,15,826,0,0,0,984
06/18/2008,PDX,OR,ANM,WE,Towers with Radar,478,203,59,14,754,0,44,34,0,78,478,247,93,14,832,14,0,14,994
06/19/2008,PDX,OR,ANM,WE,Towers with Radar,476,191,46,14,727,0,45,62,0,107,476,240,108,14,838,18,0,18,1036
06/20/2008,PDX,OR,ANM,WE,Towers with Radar,479,198,36,17,730,0,47,49,0,96,479,246,85,17,827,8,0,8,984
06/21/2008,PDX,OR,ANM,WE,Towers with Radar,428,130,28,4,590,0,10,28,0,38,430,143,56,4,633,0,0,0,742
06/22/2008,PDX,OR,ANM,WE,Towers with Radar,419,125,27,1,572,0,2,25,1,28,419,129,52,2,602,0,1,1,701
06/23/2008,PDX,OR,ANM,WE,Towers with Radar,463,180,62,6,711,0,44,66,0,110,465,224,128,6,823,2,0,2,897
06/24/2008,PDX,OR,ANM,WE,Towers with Radar,483,206,50,7,746,0,42,59,2,103,484,248,109,9,850,12,0,12,994
06/25/2008,PDX,OR,ANM,WE,Towers with Radar,471,210,51,21,753,0,39,58,5,102,471,251,109,26,857,16,2,18,974
06/26/2008,PDX,OR,ANM,WE,Towers with Radar,474,219,50,17,760,0,43,61,9,113,475,265,111,26,877,14,0,14,1042
06/27/2008,PDX,OR,ANM,WE,Towers with Radar,474,197,57,22,750,0,45,76,0,121,475,243,133,22,873,84,4,88,1117
06/28/2008,PDX,OR,ANM,WE,Towers with Radar,434,133,30,4,601,0,12,43,0,55,434,149,73,4,660,4,0,4,806
06/29/2008,PDX,OR,ANM,WE,Towers with Radar,423,120,24,3,570,0,1,40,0,41,424,123,64,3,614,26,0,26,737
06/30/2008,PDX,OR,ANM,WE,Towers with Radar,471,185,39,11,706,0,43,40,0,83,472,228,79,11,790,2,0,2,912
07/01/2008,PDX,OR,ANM,WE,Towers with Radar,480,203,38,19,740,0,48,45,0,93,480,251,83,19,833,0,0,0,833
07/02/2008,PDX,OR,ANM,WE,Towers with Radar,463,221,40,20,744,0,38,27,1,66,463,259,67,21,810,6,0,6,816
07/03/2008,PDX,OR,ANM,WE,Towers with Radar,476,204,47,0,727,0,48,46,0,94,476,252,93,0,821,0,0,0,821
07/04/2008,PDX,OR,ANM,WE,Towers with Radar,380,111,21,1,513,0,3,44,4,51,380,114,65,5,564,24,2,26,590
07/05/2008,PDX,OR,ANM,WE,Towers with Radar,380,108,21,0,509,0,7,18,0,25,380,115,39,0,534,0,0,0,534
07/06/2008,PDX,OR,ANM,WE,Towers with Radar,428,127,40,0,595,0,1,35,1,37,428,128,75,1,632,0,0,0,632
07/07/2008,PDX,OR,ANM,WE,Towers with Radar,462,195,44,0,701,0,43,47,0,90,462,238,91,0,791,0,0,0,791
07/08/2008,PDX,OR,ANM,WE,Towers with Radar,479,200,46,21,746,0,39,41,2,82,479,239,87,23,828,0,0,0,828
07/09/2008,PDX,OR,ANM,WE,Towers with Radar,484,202,48,8,742,0,41,40,0,81,484,243,88,8,823,5,0,5,828
07/10/2008,PDX,OR,ANM,WE,Towers with Radar,474,205,47,9,735,0,41,50,0,91,474,246,97,9,826,0,0,0,826
07/11/2008,PDX,OR,ANM,WE,Towers with Radar,478,187,42,5,712,0,48,56,0,104,478,235,98,5,816,2,0,2,818
07/12/2008,PDX,OR,ANM,WE,Towers with Radar,430,127,24,0,581,0,8,37,0,45,430,135,61,0,626,0,0,0,626
07/13/2008,PDX,OR,ANM,WE,Towers with Radar,421,114,33,1,569,0,5,89,3,97,421,119,122,4,666,10,2,12,678
07/14/2008,PDX,OR,ANM,WE,Towers with Radar,472,164,49,12,697,0,53,59,0,112,472,217,108,12,809,8,0,8,817
07/15/2008,PDX,OR,ANM,WE,Towers with Radar,482,201,50,12,745,0,53,48,0,101,482,254,98,12,846,0,6,6,852
07/16/2008,PDX,OR,ANM,WE,Towers with Radar,476,202,53,15,746,0,49,38,3,90,476,251,91,18,836,0,0,0,836
07/17/2008,PDX,OR,ANM,WE,Towers with Radar,481,202,54,20,757,0,43,43,0,86,481,245,97,20,843,4,0,4,847
07/18/2008,PDX,OR,ANM,WE,Towers with Radar,471,202,56,28,757,0,44,66,0,110,471,246,122,28,867,4,0,4,871
07/19/2008,PDX,OR,ANM,WE,Towers with Radar,427,115,32,7,581,0,10,27,0,37,427,125,59,7,618,0,0,0,618
07/20/2008,PDX,OR,ANM,WE,Towers with Radar,424,124,38,0,586,0,1,64,0,65,424,125,102,0,651,20,0,20,671
07/21/2008,PDX,OR,ANM,WE,Towers with Radar,472,190,48,12,722,0,56,44,0,100,472,246,92,12,822,0,0,0,822
07/22/2008,PDX,OR,ANM,WE,Towers with Radar,483,204,64,14,765,0,37,19,0,56,483,241,83,14,821,0,0,0,821
07/23/2008,PDX,OR,ANM,WE,Towers with Radar,473,209,56,24,762,0,47,35,1,83,473,256,91,25,845,14,0,14,859
07/24/2008,PDX,OR,ANM,WE,Towers with Radar,481,205,64,12,762,0,53,65,0,118,481,258,129,12,880,2,0,2,882
07/25/2008,PDX,OR,ANM,WE,Towers with Radar,472,194,48,8,722,0,52,43,0,95,472,246,91,8,817,8,0,8,825
07/26/2008,PDX,OR,ANM,WE,Towers with Radar,428,127,23,2,580,0,9,29,0,38,428,136,52,2,618,6,0,6,624
07/27/2008,PDX,OR,ANM,WE,Towers with Radar,427,118,56,0,601,0,2,24,0,26,427,120,80,0,627,0,0,0,627
07/28/2008,PDX,OR,ANM,WE,Towers with Radar,465,168,36,15,684,0,59,49,2,110,465,227,85,17,794,0,0,0,794
07/29/2008,PDX,OR,ANM,WE,Towers with Radar,474,199,29,16,718,0,38,22,2,62,474,237,51,18,780,0,0,0,780
07/30/2008,PDX,OR,ANM,WE,Towers with Radar,478,209,56,14,757,0,48,42,6,96,478,257,98,20,853,2,0,2,855
07/31/2008,PDX,OR,ANM,WE,Towers with Radar,472,190,47,11,720,0,45,42,2,89,472,235,89,13,809,0,0,0,809
08/01/2008,PDX,OR,ANM,WE,Towers with Radar,478,194,60,17,749,0,37,18,0,55,478,231,78,17,804,2,0,2,806
08/02/2008,PDX,OR,ANM,WE,Towers with Radar,426,120,21,20,587,0,6,35,1,42,426,126,56,21,629,0,0,0,629
08/03/2008,PDX,OR,ANM,WE,Towers with Radar,430,108,31,28,597,0,5,39,0,44,430,113,70,28,641,0,0,0,641
08/04/2008,PDX,OR,ANM,WE,Towers with Radar,466,160,45,5,676,0,49,55,0,104,466,209,100,5,780,2,1,3,783
08/05/2008,PDX,OR,ANM,WE,Towers with Radar,479,193,50,9,731,0,53,51,0,104,479,246,101,9,835,6,0,6,841
08/06/2008,PDX,OR,ANM,WE,Towers with Radar,478,195,46,23,742,0,62,25,2,89,478,257,71,25,831,10,0,10,841
08/07/2008,PDX,OR,ANM,WE,Towers with Radar,478,205,51,19,753,0,45,21,0,66,478,250,72,19,819,0,0,0,819
08/08/2008,PDX,OR,ANM,WE,Towers with Radar,489,199,63,17,768,0,41,38,2,81,489,240,101,19,849,0,0,0,849
08/09/2008,PDX,OR,ANM,WE,Towers with Radar,429,120,36,10,595,0,5,31,1,37,429,125,67,11,632,0,0,0,632
08/10/2008,PDX,OR,ANM,WE,Towers with Radar,423,114,51,3,591,0,3,37,3,43,423,117,88,6,634,0,0,0,634
08/11/2008,PDX,OR,ANM,WE,Towers with Radar,469,171,47,27,714,0,48,33,1,82,469,219,80,28,796,0,0,0,796
08/12/2008,PDX,OR,ANM,WE,Towers with Radar,485,216,63,30,794,0,39,44,0,83,485,255,107,30,877,2,0,2,879
08/13/2008,PDX,OR,ANM,WE,Towers with Radar,483,187,60,31,761,0,48,47,0,95,483,235,107,31,856,14,0,14,870
08/14/2008,PDX,OR,ANM,WE,Towers with Radar,477,196,66,25,764,0,49,60,3,112,477,245,126,28,876,20,0,20,896
08/15/2008,PDX,OR,ANM,WE,Towers with Radar,479,195,59,35,768,0,52,52,5,109,479,247,111,40,877,5,0,5,882
08/16/2008,PDX,OR,ANM,WE,Towers with Radar,438,123,21,2,584,0,8,43,1,52,438,131,64,3,636,2,0,2,638
08/17/2008,PDX,OR,ANM,WE,Towers with Radar,438,104,36,6,584,0,1,24,2,27,438,105,60,8,611,0,0,0,611
08/18/2008,PDX,OR,ANM,WE,Towers with Radar,464,197,54,19,734,0,18,9,0,27,464,215,63,19,761,0,0,0,761
08/19/2008,PDX,OR,ANM,WE,Towers with Radar,473,222,47,35,777,0,23,12,0,35,473,245,59,35,812,0,0,0,812
08/20/2008,PDX,OR,ANM,WE,Towers with Radar,470,200,60,36,766,0,34,11,0,45,470,234,71,36,811,0,0,0,811
08/21/2008,PDX,OR,ANM,WE,Towers with Radar,474,193,72,31,770,0,38,15,0,53,474,231,87,31,823,0,0,0,823
08/22/2008,PDX,OR,ANM,WE,Towers with Radar,477,195,52,27,751,0,61,66,1,128,477,256,118,28,879,10,0,10,889
08/23/2008,PDX,OR,ANM,WE,Towers with Radar,405,125,19,8,557,0,20,53,0,73,405,145,72,8,630,0,3,3,633
08/24/2008,PDX,OR,ANM,WE,Towers with Radar,414,117,42,4,577,0,6,44,0,50,414,123,86,4,627,2,0,2,629
08/25/2008,PDX,OR,ANM,WE,Towers with Radar,450,173,53,8,684,0,48,20,20,88,450,221,73,28,772,8,0,8,780
08/26/2008,PDX,OR,ANM,WE,Towers with Radar,461,192,51,11,715,0,50,39,2,91,461,242,90,13,806,0,0,0,806
08/27/2008,PDX,OR,ANM,WE,Towers with Radar,460,204,57,24,745,0,40,49,1,90,460,244,106,25,835,0,0,0,835
08/28/2008,PDX,OR,ANM,WE,Towers with Radar,453,204,54,18,729,0,49,47,1,97,453,253,101,19,826,14,0,14,840
08/29/2008,PDX,OR,ANM,WE,Towers with Radar,459,184,52,2,697,0,42,40,9,91,459,226,92,11,788,24,0,24,812
08/30/2008,PDX,OR,ANM,WE,Towers with Radar,367,105,25,4,501,0,10,27,0,37,367,115,52,4,538,0,0,0,538
08/31/2008,PDX,OR,ANM,WE,Towers with Radar,329,77,17,3,426,0,3,13,0,16,329,80,30,3,442,0,0,0,442
09/01/2008,PDX,OR,ANM,WE,Towers with Radar,403,120,20,0,543,0,3,32,0,35,403,123,52,0,578,0,0,0,578
09/02/2008,PDX,OR,ANM,WE,Towers with Radar,433,166,36,1,636,0,58,34,0,92,433,224,70,1,728,0,0,0,728
09/03/2008,PDX,OR,ANM,WE,Towers with Radar,440,180,39,12,671,0,52,38,1,91,440,232,77,13,762,10,0,10,772
09/04/2008,PDX,OR,ANM,WE,Towers with Radar,434,172,58,9,673,0,49,47,1,97,434,221,105,10,770,2,3,5,775
09/05/2008,PDX,OR,ANM,WE,Towers with Radar,442,177,64,14,697,0,52,54,2,108,442,229,118,16,805,4,0,4,809
09/06/2008,PDX,OR,ANM,WE,Towers with Radar,344,108,32,1,485,0,7,12,0,19,344,115,44,1,504,2,0,2,506
09/07/2008,PDX,OR,ANM,WE,Towers with Radar,391,83,26,4,504,0,6,22,0,28,391,89,48,4,532,0,0,0,532
09/08/2008,PDX,OR,ANM,WE,Towers with Radar,437,125,30,12,604,0,58,49,1,108,437,183,79,13,712,14,0,14,726
09/09/2008,PDX,OR,ANM,WE,Towers with Radar,447,156,32,14,649,0,54,21,0,75,447,210,53,14,724,10,0,10,734
09/10/2008,PDX,OR,ANM,WE,Towers with Radar,451,163,63,10,687,1,43,46,1,91,452,206,109,11,778,4,0,4,782
09/11/2008,PDX,OR,ANM,WE,Towers with Radar,455,148,59,18,680,0,54,61,3,118,455,202,120,21,798,0,0,0,798
09/12/2008,PDX,OR,ANM,WE,Towers with Radar,450,160,51,18,679,0,55,52,5,112,450,215,103,23,791,2,4,6,797
09/13/2008,PDX,OR,ANM,WE,Towers with Radar,346,93,36,3,478,0,8,32,0,40,346,101,68,3,518,6,0,6,524
09/14/2008,PDX,OR,ANM,WE,Towers with Radar,377,83,42,15,517,0,7,34,0,41,377,90,76,15,558,0,0,0,558
09/15/2008,PDX,OR,ANM,WE,Towers with Radar,439,127,38,0,604,0,70,78,0,148,439,197,116,0,752,4,0,4,756
09/16/2008,PDX,OR,ANM,WE,Towers with Radar,447,155,41,13,656,0,53,43,0,96,447,208,84,13,752,2,0,2,754
09/17/2008,PDX,OR,ANM,WE,Towers with Radar,452,162,53,15,682,0,47,34,0,81,452,209,87,15,763,13,0,13,776
09/18/2008,PDX,OR,ANM,WE,Towers with Radar,448,155,61,26,690,0,33,14,0,47,448,188,75,26,737,0,0,0,737
09/19/2008,PDX,OR,ANM,WE,Towers with Radar,453,168,35,18,674,0,40,21,0,61,453,208,56,18,735,0,0,0,735
09/20/2008,PDX,OR,ANM,WE,Towers with Radar,353,99,40,4,496,0,8,22,0,30,353,107,62,4,526,0,0,0,526
09/21/2008,PDX,OR,ANM,WE,Towers with Radar,386,89,44,0,519,0,2,4,0,6,386,91,48,0,525,0,2,2,527
09/22/2008,PDX,OR,ANM,WE,Towers with Radar,439,144,50,16,649,1,44,8,0,53,440,188,58,16,702,0,0,0,702
09/23/2008,PDX,OR,ANM,WE,Towers with Radar,452,141,45,26,664,0,56,23,0,79,452,197,68,26,743,0,0,0,743
09/24/2008,PDX,OR,ANM,WE,Towers with Radar,449,187,46,13,695,0,34,25,0,59,449,221,71,13,754,14,0,14,768
09/25/2008,PDX,OR,ANM,WE,Towers with Radar,447,160,53,25,685,0,47,21,0,68,447,207,74,25,753,2,0,2,755
09/26/2008,PDX,OR,ANM,WE,Towers with Radar,458,160,52,3,673,0,41,28,0,69,458,201,80,3,742,0,0,0,742
09/27/2008,PDX,OR,ANM,WE,Towers with Radar,349,92,21,1,463,0,11,25,0,36,349,103,46,1,499,4,0,4,503
09/28/2008,PDX,OR,ANM,WE,Towers with Radar,387,88,34,12,521,0,3,44,1,48,387,91,78,13,569,0,0,0,569
09/29/2008,PDX,OR,ANM,WE,Towers with Radar,433,124,27,0,584,0,54,39,1,94,433,178,66,1,678,6,2,8,686
09/30/2008,PDX,OR,ANM,WE,Towers with Radar,446,157,32,2,637,0,46,35,0,81,446,203,67,2,718,0,0,0,718
10/01/2008,PDX,OR,ANM,WE,Towers with Radar,434,159,59,9,661,0,41,36,0,77,434,200,95,9,738,0,0,0,738
10/02/2008,PDX,OR,ANM,WE,Towers with Radar,437,158,47,19,661,0,39,29,0,68,437,197,76,19,729,21,0,21,750
10/03/2008,PDX,OR,ANM,WE,Towers with Radar,436,163,58,22,679,0,43,13,0,56,436,206,71,22,735,0,0,0,735
10/04/2008,PDX,OR,ANM,WE,Towers with Radar,349,82,29,0,460,0,12,1,0,13,349,94,30,0,473,4,0,4,477
10/05/2008,PDX,OR,ANM,WE,Towers with Radar,378,81,44,3,506,0,0,5,0,5,378,81,49,3,511,0,2,2,513
10/06/2008,PDX,OR,ANM,WE,Towers with Radar,432,144,44,13,633,0,44,14,0,58,432,188,58,13,691,0,0,0,691
10/07/2008,PDX,OR,ANM,WE,Towers with Radar,439,167,34,24,664,0,46,14,0,60,439,213,48,24,724,0,0,0,724
10/08/2008,PDX,OR,ANM,WE,Towers with Radar,438,153,62,21,674,0,40,17,0,57,438,193,79,21,731,0,0,0,731
10/09/2008,PDX,OR,ANM,WE,Towers with Radar,446,170,54,17,687,0,47,13,1,61,446,217,67,18,748,15,0,15,763
10/10/2008,PDX,OR,ANM,WE,Towers with Radar,450,156,44,10,660,0,41,28,0,69,450,197,72,10,729,0,0,0,729
10/11/2008,PDX,OR,ANM,WE,Towers with Radar,345,71,19,1,436,0,9,17,0,26,345,80,36,1,462,0,0,0,462
10/12/2008,PDX,OR,ANM,WE,Towers with Radar,385,73,36,0,494,0,4,30,0,34,385,77,66,0,528,2,0,2,530
10/13/2008,PDX,OR,ANM,WE,Towers with Radar,435,104,48,0,587,0,23,13,0,36,435,127,61,0,623,0,0,0,623
10/14/2008,PDX,OR,ANM,WE,Towers with Radar,437,138,49,16,640,0,51,17,0,68,437,189,66,16,708,36,0,36,744
10/15/2008,PDX,OR,ANM,WE,Towers with Radar,439,133,52,21,645,0,48,22,0,70,439,181,74,21,715,10,0,10,725
10/16/2008,PDX,OR,ANM,WE,Towers with Radar,449,145,42,22,658,0,38,17,0,55,449,183,59,22,713,0,0,0,713
10/17/2008,PDX,OR,ANM,WE,Towers with Radar,445,129,41,18,633,0,38,23,0,61,445,167,64,18,694,0,0,0,694
10/18/2008,PDX,OR,ANM,WE,Towers with Radar,349,70,42,11,472,0,11,22,0,33,349,81,64,11,505,0,0,0,505
10/19/2008,PDX,OR,ANM,WE,Towers with Radar,381,77,40,17,515,0,0,26,0,26,381,77,66,17,541,2,2,4,545
10/20/2008,PDX,OR,ANM,WE,Towers with Radar,432,120,34,21,607,0,38,2,0,40,432,158,36,21,647,0,0,0,647
10/21/2008,PDX,OR,ANM,WE,Towers with Radar,440,139,49,6,634,0,45,19,0,64,440,184,68,6,698,0,0,0,698
10/22/2008,PDX,OR,ANM,WE,Towers with Radar,444,130,61,22,657,0,49,46,2,97,444,179,107,24,754,4,2,6,760
10/23/2008,PDX,OR,ANM,WE,Towers with Radar,453,134,38,12,637,0,49,29,0,78,453,183,67,12,715,0,0,0,715
10/24/2008,PDX,OR,ANM,WE,Towers with Radar,447,144,30,0,621,0,49,33,0,82,447,193,63,0,703,0,0,0,703
10/25/2008,PDX,OR,ANM,WE,Towers with Radar,342,69,24,0,435,0,9,22,0,31,342,78,46,0,466,0,0,0,466
10/26/2008,PDX,OR,ANM,WE,Towers with Radar,389,66,26,0,481,0,6,33,0,39,389,72,59,0,520,0,0,0,520
10/27/2008,PDX,OR,ANM,WE,Towers with Radar,439,107,38,0,584,0,53,41,0,94,439,160,79,0,678,0,0,0,678
10/28/2008,PDX,OR,ANM,WE,Towers with Radar,443,139,59,17,658,0,46,26,0,72,443,185,85,17,730,6,0,6,736
10/29/2008,PDX,OR,ANM,WE,Towers with Radar,441,133,47,23,644,0,48,13,0,61,441,181,60,23,705,4,2,6,711
10/30/2008,PDX,OR,ANM,WE,Towers with Radar,442,132,59,21,654,0,44,12,8,64,442,176,71,29,718,2,0,2,720
10/31/2008,PDX,OR,ANM,WE,Towers with Radar,448,111,53,12,624,0,39,10,0,49,448,150,63,12,673,0,0,0,673
11/01/2008,PDX,OR,ANM,WE,Towers with Radar,338,48,35,0,421,0,5,17,0,22,338,53,52,0,443,0,0,0,443
11/02/2008,PDX,OR,ANM,WE,Towers with Radar,369,59,52,2,482,0,0,6,0,6,369,59,58,2,488,2,0,2,490
11/03/2008,PDX,OR,ANM,WE,Towers with Radar,432,132,38,27,629,0,24,5,0,29,432,156,43,27,658,0,0,0,658
11/04/2008,PDX,OR,ANM,WE,Towers with Radar,440,153,35,18,646,0,41,7,0,48,440,194,42,18,694,8,0,8,702
11/05/2008,PDX,OR,ANM,WE,Towers with Radar,444,141,44,14,643,0,31,4,0,35,444,172,48,14,678,0,0,0,678
11/06/2008,PDX,OR,ANM,WE,Towers with Radar,441,182,64,19,706,0,0,2,0,2,441,182,66,19,708,0,0,0,708
11/07/2008,PDX,OR,ANM,WE,Towers with Radar,438,132,69,17,656,0,44,19,0,63,438,176,88,17,719,0,0,0,719
11/08/2008,PDX,OR,ANM,WE,Towers with Radar,347,71,19,4,441,0,7,9,2,18,347,78,28,6,459,6,0,6,465
11/09/2008,PDX,OR,ANM,WE,Towers with Radar,360,64,25,5,454,0,0,2,0,2,360,64,27,5,456,0,0,0,456
11/10/2008,PDX,OR,ANM,WE,Towers with Radar,422,108,45,1,576,2,44,3,0,49,424,152,48,1,625,2,0,2,627
11/11/2008,PDX,OR,ANM,WE,Towers with Radar,430,152,37,0,619,0,2,3,0,5,430,154,40,0,624,0,0,0,624
11/12/2008,PDX,OR,ANM,WE,Towers with Radar,437,164,48,12,661,0,1,0,0,1,437,165,48,12,662,0,0,0,662
11/13/2008,PDX,OR,ANM,WE,Towers with Radar,428,154,41,12,635,0,55,28,1,84,428,209,69,13,719,8,0,8,727
11/14/2008,PDX,OR,ANM,WE,Towers with Radar,437,126,48,12,623,0,43,33,2,78,437,169,81,14,701,0,1,1,702
11/15/2008,PDX,OR,ANM,WE,Towers with Radar,335,65,21,5,426,0,9,27,0,36,335,74,48,5,462,6,0,6,468
11/16/2008,PDX,OR,ANM,WE,Towers with Radar,356,69,32,14,471,0,5,19,0,24,356,74,51,14,495,0,0,0,495
11/17/2008,PDX,OR,ANM,WE,Towers with Radar,425,119,45,13,602,0,47,23,1,71,425,166,68,14,673,0,2,2,675
11/18/2008,PDX,OR,ANM,WE,Towers with Radar,428,145,51,20,644,0,38,5,0,43,428,183,56,20,687,0,0,0,687
11/19/2008,PDX,OR,ANM,WE,Towers with Radar,429,138,42,20,629,0,48,16,0,64,429,186,58,20,693,10,2,12,705
11/20/2008,PDX,OR,ANM,WE,Towers with Radar,429,143,57,14,643,0,41,11,0,52,429,184,68,14,695,26,0,26,721
11/21/2008,PDX,OR,ANM,WE,Towers with Radar,433,143,35,14,625,0,41,15,0,56,433,184,50,14,681,8,0,8,689
11/22/2008,PDX,OR,ANM,WE,Towers with Radar,331,71,26,0,428,0,9,3,0,12,331,80,29,0,440,0,0,0,440
11/23/2008,PDX,OR,ANM,WE,Towers with Radar,346,71,21,0,438,0,5,22,0,27,346,76,43,0,465,0,0,0,465
11/24/2008,PDX,OR,ANM,WE,Towers with Radar,434,110,47,10,601,0,55,31,0,86,434,165,78,10,687,0,0,0,687
11/25/2008,PDX,OR,ANM,WE,Towers with Radar,446,153,45,17,661,0,15,7,0,22,446,168,52,17,683,0,0,0,683
11/26/2008,PDX,OR,ANM,WE,Towers with Radar,427,136,30,8,601,0,46,22,0,68,427,182,52,8,669,0,4,4,673
11/27/2008,PDX,OR,ANM,WE,Towers with Radar,323,48,14,0,385,0,4,9,0,13,323,52,23,0,398,0,0,0,398
11/28/2008,PDX,OR,ANM,WE,Towers with Radar,333,87,28,0,448,0,30,3,0,33,333,117,31,0,481,0,0,0,481
11/29/2008,PDX,OR,ANM,WE,Towers with Radar,387,83,26,0,496,0,6,5,0,11,387,89,31,0,507,0,0,0,507
11/30/2008,PDX,OR,ANM,WE,Towers with Radar,382,56,36,0,474,0,0,1,0,1,382,56,37,0,475,0,0,0,475
12/01/2008,PDX,OR,ANM,WE,Towers with Radar,432,123,56,6,617,0,14,9,0,23,432,137,65,6,640,0,0,0,640
12/02/2008,PDX,OR,ANM,WE,Towers with Radar,441,135,49,17,642,0,43,7,0,50,441,178,56,17,692,0,0,0,692
12/03/2008,PDX,OR,ANM,WE,Towers with Radar,433,171,37,12,653,0,24,4,0,28,433,195,41,12,681,0,0,0,681
12/04/2008,PDX,OR,ANM,WE,Towers with Radar,436,121,56,13,626,0,63,33,3,99,436,184,89,16,725,4,0,4,729
12/05/2008,PDX,OR,ANM,WE,Towers with Radar,436,131,48,14,629,0,66,36,0,102,436,197,84,14,731,2,0,2,733
12/06/2008,PDX,OR,ANM,WE,Towers with Radar,324,63,16,13,416,0,15,30,0,45,324,78,46,13,461,0,0,0,461
12/07/2008,PDX,OR,ANM,WE,Towers with Radar,351,66,30,13,460,0,2,3,0,5,351,68,33,13,465,0,4,4,469
12/08/2008,PDX,OR,ANM,WE,Towers with Radar,427,117,40,0,584,0,44,10,0,54,427,161,50,0,638,0,0,0,638
12/09/2008,PDX,OR,ANM,WE,Towers with Radar,436,146,47,16,645,0,42,28,0,70,436,188,75,16,715,0,0,0,715
12/10/2008,PDX,OR,ANM,WE,Towers with Radar,435,151,35,24,645,0,46,14,0,60,435,197,49,24,705,0,2,2,707
12/11/2008,PDX,OR,ANM,WE,Towers with Radar,446,148,57,24,675,0,46,10,0,56,446,194,67,24,731,2,4,6,737
12/12/2008,PDX,OR,ANM,WE,Towers with Radar,428,162,44,13,647,0,25,0,0,25,428,187,44,13,672,0,0,0,672
12/13/2008,PDX,OR,ANM,WE,Towers with Radar,333,75,23,1,432,0,4,2,0,6,333,79,25,1,438,2,0,2,440
12/14/2008,PDX,OR,ANM,WE,Towers with Radar,358,64,35,1,458,0,0,0,0,0,358,64,35,1,458,0,0,0,458
12/15/2008,PDX,OR,ANM,WE,Towers with Radar,408,129,41,0,578,0,56,9,0,65,408,185,50,0,643,0,0,0,643
12/16/2008,PDX,OR,ANM,WE,Towers with Radar,445,158,51,9,663,0,59,24,0,83,445,217,75,9,746,0,0,0,746
12/17/2008,PDX,OR,ANM,WE,Towers with Radar,432,195,40,0,667,0,3,0,0,3,432,198,40,0,670,0,0,0,670
12/18/2008,PDX,OR,ANM,WE,Towers with Radar,441,153,31,6,631,0,37,1,0,38,441,190,32,6,669,0,0,0,669
12/19/2008,PDX,OR,ANM,WE,Towers with Radar,443,165,60,0,668,0,9,0,0,9,443,174,60,0,677,8,0,8,685
12/20/2008,PDX,OR,ANM,WE,Towers with Radar,305,78,23,2,408,0,0,0,0,0,305,78,23,2,408,0,0,0,408
12/21/2008,PDX,OR,ANM,WE,Towers with Radar,46,7,8,0,61,0,0,0,0,0,46,7,8,0,61,0,0,0,61
12/22/2008,PDX,OR,ANM,WE,Towers with Radar,160,42,33,0,235,0,0,0,0,0,160,42,33,0,235,0,0,0,235
12/23/2008,PDX,OR,ANM,WE,Towers with Radar,416,138,42,0,596,0,31,4,0,35,416,169,46,0,631,0,0,0,631
12/24/2008,PDX,OR,ANM,WE,Towers with Radar,396,162,18,0,576,0,23,0,1,24,396,185,18,1,600,0,0,0,600
12/25/2008,PDX,OR,ANM,WE,Towers with Radar,351,76,15,0,442,0,0,7,0,7,351,76,22,0,449,0,0,0,449
12/26/2008,PDX,OR,ANM,WE,Towers with Radar,401,151,29,0,581,0,3,4,0,7,401,154,33,0,588,0,0,0,588
12/27/2008,PDX,OR,ANM,WE,Towers with Radar,393,85,37,0,515,0,5,0,0,5,393,90,37,0,520,0,0,0,520
12/28/2008,PDX,OR,ANM,WE,Towers with Radar,389,67,26,0,482,0,1,7,0,8,389,68,33,0,490,0,0,0,490
12/29/2008,PDX,OR,ANM,WE,Towers with Radar,405,106,37,11,559,0,35,8,0,43,405,141,45,11,602,0,0,0,602
12/30/2008,PDX,OR,ANM,WE,Towers with Radar,442,134,24,16,616,0,38,17,0,55,442,172,41,16,671,2,0,2,673
12/31/2008,PDX,OR,ANM,WE,Towers with Radar,367,128,27,13,535,0,28,3,0,31,367,156,30,13,566,0,0,0,566
01/01/2009,PDX,OR,ANM,WE,Towers with Radar,333,61,9,0,403,0,0,0,0,0,333,61,9,0,403,0,0,0,403
01/02/2009,PDX,OR,ANM,WE,Towers with Radar,408,131,16,8,563,0,44,25,0,69,408,175,41,8,632,0,0,0,632
01/03/2009,PDX,OR,ANM,WE,Towers with Radar,398,74,23,0,495,0,8,3,0,11,398,82,26,0,506,0,0,0,506
01/04/2009,PDX,OR,ANM,WE,Towers with Radar,373,72,22,2,469,0,2,5,0,7,373,74,27,2,476,0,0,0,476
01/05/2009,PDX,OR,ANM,WE,Towers with Radar,428,111,33,15,587,0,38,11,0,49,428,149,44,15,636,0,0,0,636
01/06/2009,PDX,OR,ANM,WE,Towers with Radar,423,162,18,17,620,0,2,0,0,2,423,164,18,17,622,0,0,0,622
01/07/2009,PDX,OR,ANM,WE,Towers with Radar,427,174,37,13,651,0,17,5,0,22,427,191,42,13,673,2,0,2,675
01/08/2009,PDX,OR,ANM,WE,Towers with Radar,429,160,43,20,652,0,41,19,0,60,429,201,62,20,712,8,0,8,720
01/09/2009,PDX,OR,ANM,WE,Towers with Radar,429,171,48,21,669,0,56,21,0,77,429,227,69,21,746,0,0,0,746
01/10/2009,PDX,OR,ANM,WE,Towers with Radar,318,74,27,9,428,0,6,1,0,7,318,80,28,9,435,0,0,0,435
01/11/2009,PDX,OR,ANM,WE,Towers with Radar,336,64,37,23,460,0,0,5,0,5,336,64,42,23,465,0,0,0,465
01/12/2009,PDX,OR,ANM,WE,Towers with Radar,397,148,30,0,575,0,0,0,0,0,397,148,30,0,575,0,0,0,575
01/13/2009,PDX,OR,ANM,WE,Towers with Radar,404,135,32,16,587,0,31,10,0,41,404,166,42,16,628,0,0,0,628
01/14/2009,PDX,OR,ANM,WE,Towers with Radar,404,125,34,21,584,0,46,14,0,60,404,171,48,21,644,0,0,0,644
01/15/2009,PDX,OR,ANM,WE,Towers with Radar,420,130,29,17,596,0,43,10,0,53,420,173,39,17,649,6,0,6,655
01/16/2009,PDX,OR,ANM,WE,Towers with Radar,409,121,44,10,584,6,55,22,1,84,415,176,66,11,668,12,0,12,680
01/17/2009,PDX,OR,ANM,WE,Towers with Radar,317,61,14,2,394,0,10,9,0,19,317,71,23,2,413,0,0,0,413
01/18/2009,PDX,OR,ANM,WE,Towers with Radar,328,49,19,4,400,0,5,17,0,22,328,54,36,4,422,0,0,0,422
01/19/2009,PDX,OR,ANM,WE,Towers with Radar,415,94,30,0,539,0,37,23,0,60,415,131,53,0,599,0,0,0,599
01/20/2009,PDX,OR,ANM,WE,Towers with Radar,457,108,44,12,621,0,55,37,1,93,457,163,81,13,714,8,0,8,722
01/21/2009,PDX,OR,ANM,WE,Towers with Radar,412,116,54,18,600,0,51,23,1,75,412,167,77,19,675,2,0,2,677
01/22/2009,PDX,OR,ANM,WE,Towers with Radar,412,116,46,19,593,0,47,39,0,86,412,163,85,19,679,14,0,14,693
01/23/2009,PDX,OR,ANM,WE,Towers with Radar,399,116,51,19,585,0,42,13,0,55,399,158,64,19,640,0,0,0,640
01/24/2009,PDX,OR,ANM,WE,Towers with Radar,326,76,25,4,431,0,3,17,0,20,326,79,42,4,451,0,0,0,451
01/25/2009,PDX,OR,ANM,WE,Towers with Radar,329,65,18,0,412,0,1,10,0,11,329,66,28,0,423,0,0,0,423
01/26/2009,PDX,OR,ANM,WE,Towers with Radar,400,102,24,0,526,0,53,22,0,75,400,155,46,0,601,0,0,0,601
01/27/2009,PDX,OR,ANM,WE,Towers with Radar,383,165,31,0,579,0,1,1,0,2,383,166,32,0,581,0,0,0,581
01/28/2009,PDX,OR,ANM,WE,Towers with Radar,405,145,53,13,616,0,32,8,0,40,405,177,61,13,656,8,0,8,664
01/29/2009,PDX,OR,ANM,WE,Towers with Radar,402,87,23,0,512,0,0,1,0,1,402,87,24,0,513,0,0,0,513
01/30/2009,PDX,OR,ANM,WE,Towers with Radar,422,173,41,12,648,0,0,1,0,1,422,173,42,12,649,0,0,0,649
01/31/2009,PDX,OR,ANM,WE,Towers with Radar,304,65,28,0,397,0,8,6,0,14,304,73,34,0,411,0,0,0,411
02/01/2009,PDX,OR,ANM,WE,Towers with Radar,330,52,11,0,393,0,3,2,0,5,330,55,13,0,398,0,0,0,398
02/02/2009,PDX,OR,ANM,WE,Towers with Radar,400,92,22,12,526,0,55,31,1,87,400,147,53,13,613,8,0,8,621
02/03/2009,PDX,OR,ANM,WE,Towers with Radar,404,110,37,19,570,0,58,36,0,94,404,168,73,19,664,0,0,0,664
02/04/2009,PDX,OR,ANM,WE,Towers with Radar,397,125,46,14,582,0,50,40,0,90,397,175,86,14,672,8,0,8,680
02/05/2009,PDX,OR,ANM,WE,Towers with Radar,414,124,33,15,586,0,61,18,0,79,414,185,51,15,665,4,0,4,669
02/06/2009,PDX,OR,ANM,WE,Towers with Radar,405,144,43,10,602,0,34,3,0,37,405,178,46,10,639,2,0,2,641
02/07/2009,PDX,OR,ANM,WE,Towers with Radar,326,61,30,9,426,0,10,11,0,21,326,71,41,9,447,13,0,13,460
02/08/2009,PDX,OR,ANM,WE,Towers with Radar,337,61,33,11,442,0,0,6,0,6,337,61,39,11,448,0,0,0,448
02/09/2009,PDX,OR,ANM,WE,Towers with Radar,404,116,28,2,550,0,43,3,0,46,404,159,31,2,596,0,0,0,596
02/10/2009,PDX,OR,ANM,WE,Towers with Radar,407,166,31,15,619,0,6,2,0,8,407,172,33,15,627,0,0,0,627
02/11/2009,PDX,OR,ANM,WE,Towers with Radar,416,120,37,18,591,0,45,17,0,62,416,165,54,18,653,0,0,0,653
02/12/2009,PDX,OR,ANM,WE,Towers with Radar,423,127,55,17,622,0,50,17,2,69,423,177,72,19,691,0,0,0,691
02/13/2009,PDX,OR,ANM,WE,Towers with Radar,418,125,46,8,597,0,38,12,3,53,418,163,58,11,650,0,0,0,650
02/14/2009,PDX,OR,ANM,WE,Towers with Radar,356,79,14,0,449,0,8,8,0,16,356,87,22,0,465,1,0,1,466
02/15/2009,PDX,OR,ANM,WE,Towers with Radar,355,59,22,1,437,0,3,9,0,12,355,62,31,1,449,0,0,0,449
02/16/2009,PDX,OR,ANM,WE,Towers with Radar,403,95,27,1,526,0,38,19,0,57,403,133,46,1,583,2,11,13,596
02/17/2009,PDX,OR,ANM,WE,Towers with Radar,419,124,30,14,587,0,38,15,0,53,419,162,45,14,640,0,0,0,640
02/18/2009,PDX,OR,ANM,WE,Towers with Radar,409,121,32,11,573,0,38,37,0,75,409,159,69,11,648,0,0,0,648
02/19/2009,PDX,OR,ANM,WE,Towers with Radar,423,123,52,2,600,0,49,12,2,63,423,172,64,4,663,4,4,8,671
02/20/2009,PDX,OR,ANM,WE,Towers with Radar,421,123,42,20,606,0,65,27,2,94,421,188,69,22,700,0,14,14,714
02/21/2009,PDX,OR,ANM,WE,Towers with Radar,340,69,16,0,425,0,12,23,0,35,340,81,39,0,460,0,0,0,460
02/22/2009,PDX,OR,ANM,WE,Towers with Radar,347,64,31,0,442,0,4,10,3,17,347,68,41,3,459,4,0,4,463
02/23/2009,PDX,OR,ANM,WE,Towers with Radar,404,107,27,1,539,0,41,6,0,47,404,148,33,1,586,10,0,10,596
02/24/2009,PDX,OR,ANM,WE,Towers with Radar,405,146,30,15,596,0,30,3,0,33,405,176,33,15,629,0,0,0,629
02/25/2009,PDX,OR,ANM,WE,Towers with Radar,412,144,28,12,596,0,32,6,0,38,412,176,34,12,634,0,0,0,634
02/26/2009,PDX,OR,ANM,WE,Towers with Radar,417,134,39,0,590,0,42,16,0,58,417,176,55,0,648,0,0,0,648
02/27/2009,PDX,OR,ANM,WE,Towers with Radar,419,124,54,16,613,0,49,32,2,83,419,173,86,18,696,0,0,0,696
02/28/2009,PDX,OR,ANM,WE,Towers with Radar,345,68,26,0,439,0,13,17,0,30,345,81,43,0,469,0,0,0,469
03/01/2009,PDX,OR,ANM,WE,Towers with Radar,350,69,27,0,446,0,10,2,0,12,350,79,29,0,458,0,0,0,458
03/02/2009,PDX,OR,ANM,WE,Towers with Radar,393,100,23,12,528,0,49,19,0,68,393,149,42,12,596,0,0,0,596
03/03/2009,PDX,OR,ANM,WE,Towers with Radar,411,110,42,11,574,0,52,15,0,67,411,162,57,11,641,0,0,0,641
03/04/2009,PDX,OR,ANM,WE,Towers with Radar,406,128,40,7,581,0,38,4,0,42,406,166,44,7,623,2,0,2,625
03/05/2009,PDX,OR,ANM,WE,Towers with Radar,418,133,41,23,615,0,42,10,0,52,418,175,51,23,667,0,0,0,667
03/06/2009,PDX,OR,ANM,WE,Towers with Radar,418,130,36,6,590,0,58,17,0,75,418,188,53,6,665,0,0,0,665
03/07/2009,PDX,OR,ANM,WE,Towers with Radar,349,76,17,10,452,0,7,6,0,13,349,83,23,10,465,12,0,12,477
03/08/2009,PDX,OR,ANM,WE,Towers with Radar,357,66,23,21,467,0,2,2,0,4,357,68,25,21,471,0,0,0,471
03/09/2009,PDX,OR,ANM,WE,Towers with Radar,404,114,29,0,547,0,38,12,0,50,404,152,41,0,597,8,0,8,605
03/10/2009,PDX,OR,ANM,WE,Towers with Radar,414,129,33,11,587,0,45,17,0,62,414,174,50,11,649,0,0,0,649
03/11/2009,PDX,OR,ANM,WE,Towers with Radar,408,122,46,13,589,0,58,22,1,81,408,180,68,14,670,10,0,10,680
03/12/2009,PDX,OR,ANM,WE,Towers with Radar,426,110,30,14,580,0,65,46,1,112,426,175,76,15,692,10,2,12,704
03/13/2009,PDX,OR,ANM,WE,Towers with Radar,423,114,23,9,569,0,62,25,0,87,423,176,48,9,656,2,0,2,658
03/14/2009,PDX,OR,ANM,WE,Towers with Radar,342,78,29,0,449,0,8,5,0,13,342,86,34,0,462,0,0,0,462
03/15/2009,PDX,OR,ANM,WE,Towers with Radar,370,73,25,0,468,0,0,3,0,3,370,73,28,0,471,0,0,0,471
03/16/2009,PDX,OR,ANM,WE,Towers with Radar,407,124,38,10,579,0,35,0,0,35,407,159,38,10,614,0,0,0,614
03/17/2009,PDX,OR,ANM,WE,Towers with Radar,422,144,30,11,607,0,38,4,0,42,422,182,34,11,649,2,0,2,651
03/18/2009,PDX,OR,ANM,WE,Towers with Radar,415,137,35,7,594,0,41,31,0,72,415,178,66,7,666,2,0,2,668
03/19/2009,PDX,OR,ANM,WE,Towers with Radar,419,148,62,23,652,0,38,22,1,61,419,186,84,24,713,0,0,0,713
03/20/2009,PDX,OR,ANM,WE,Towers with Radar,428,147,40,28,643,0,32,11,0,43,428,179,51,28,686,2,0,2,688
03/21/2009,PDX,OR,ANM,WE,Towers with Radar,353,79,37,4,473,0,8,16,0,24,353,87,53,4,497,0,0,0,497
03/22/2009,PDX,OR,ANM,WE,Towers with Radar,362,82,15,0,459,0,1,4,0,5,362,83,19,0,464,0,0,0,464
03/23/2009,PDX,OR,ANM,WE,Towers with Radar,411,141,38,0,590,0,4,11,0,15,411,145,49,0,605,0,0,0,605
03/24/2009,PDX,OR,ANM,WE,Towers with Radar,412,139,30,17,598,0,40,11,0,51,412,179,41,17,649,2,0,2,651
03/25/2009,PDX,OR,ANM,WE,Towers with Radar,411,154,30,12,607,0,37,1,0,38,411,191,31,12,645,0,0,0,645
03/26/2009,PDX,OR,ANM,WE,Towers with Radar,417,141,25,12,595,0,39,13,0,52,417,180,38,12,647,0,0,0,647
03/27/2009,PDX,OR,ANM,WE,Towers with Radar,414,139,16,26,595,0,34,12,0,46,414,173,28,26,641,0,8,8,649
03/28/2009,PDX,OR,ANM,WE,Towers with Radar,352,87,28,0,467,0,2,2,0,4,352,89,30,0,471,0,0,0,471
03/29/2009,PDX,OR,ANM,WE,Towers with Radar,368,82,23,0,473,0,0,9,0,9,368,82,32,0,482,0,0,0,482
03/30/2009,PDX,OR,ANM,WE,Towers with Radar,426,118,36,0,580,0,39,24,0,63,426,157,60,0,643,0,0,0,643
03/31/2009,PDX,OR,ANM,WE,Towers with Radar,429,147,37,14,627,0,36,10,0,46,429,183,47,14,673,0,0,0,673
04/01/2009,PDX,OR,ANM,WE,Towers with Radar,425,176,52,18,671,0,0,3,0,3,425,176,55,18,674,0,0,0,674
04/02/2009,PDX,OR,ANM,WE,Towers with Radar,443,162,52,34,691,0,33,9,0,42,443,195,61,34,733,2,8,10,743
04/03/2009,PDX,OR,ANM,WE,Towers with Radar,446,158,31,14,649,0,36,20,0,56,446,194,51,14,705,0,0,0,705
04/04/2009,PDX,OR,ANM,WE,Towers with Radar,365,78,19,3,465,0,8,36,0,44,365,86,55,3,509,6,0,6,515
04/05/2009,PDX,OR,ANM,WE,Towers with Radar,365,78,25,3,471,0,8,34,0,42,365,86,59,3,513,0,0,0,513
04/06/2009,PDX,OR,ANM,WE,Towers with Radar,430,103,31,17,581,0,60,31,0,91,430,163,62,17,672,6,0,6,678
04/07/2009,PDX,OR,ANM,WE,Towers with Radar,422,116,37,14,589,0,70,42,1,113,422,186,79,15,702,0,0,0,702
04/08/2009,PDX,OR,ANM,WE,Towers with Radar,429,151,38,27,645,0,46,12,0,58,429,197,50,27,703,10,0,10,713
04/09/2009,PDX,OR,ANM,WE,Towers with Radar,416,144,44,18,622,1,36,17,0,54,417,180,61,18,676,6,0,6,682
04/10/2009,PDX,OR,ANM,WE,Towers with Radar,419,140,42,24,625,0,37,15,0,52,419,177,57,24,677,2,0,2,679
04/11/2009,PDX,OR,ANM,WE,Towers with Radar,341,84,37,0,462,0,7,14,0,21,341,91,51,0,483,0,0,0,483
04/12/2009,PDX,OR,ANM,WE,Towers with Radar,367,76,20,2,465,0,4,2,0,6,367,80,22,2,471,0,0,0,471
04/13/2009,PDX,OR,ANM,WE,Towers with Radar,414,122,41,14,591,0,42,4,0,46,414,164,45,14,637,0,0,0,637
04/14/2009,PDX,OR,ANM,WE,Towers with Radar,424,133,43,20,620,0,41,6,0,47,424,174,49,20,667,0,0,0,667
04/15/2009,PDX,OR,ANM,WE,Towers with Radar,418,144,49,11,622,0,38,27,0,65,418,182,76,11,687,2,0,2,689
04/16/2009,PDX,OR,ANM,WE,Towers with Radar,418,134,36,14,602,0,56,37,0,93,418,190,73,14,695,20,0,20,715
04/17/2009,PDX,OR,ANM,WE,Towers with Radar,412,143,54,14,623,0,42,8,0,50,412,185,62,14,673,0,0,0,673
04/18/2009,PDX,OR,ANM,WE,Towers with Radar,348,74,24,8,454,0,14,38,1,53,348,88,62,9,507,20,0,20,527
04/19/2009,PDX,OR,ANM,WE,Towers with Radar,366,74,16,5,461,0,15,21,1,37,366,89,37,6,498,0,0,0,498
04/20/2009,PDX,OR,ANM,WE,Towers with Radar,414,101,26,1,542,0,63,50,0,113,414,164,76,1,655,2,0,2,657
04/21/2009,PDX,OR,ANM,WE,Towers with Radar,411,120,24,9,564,0,69,51,1,121,411,189,75,10,685,2,0,2,687
04/22/2009,PDX,OR,ANM,WE,Towers with Radar,403,162,47,1,613,0,45,23,0,68,403,207,70,1,681,0,0,0,681
04/23/2009,PDX,OR,ANM,WE,Towers with Radar,411,149,39,21,620,0,44,29,0,73,411,193,68,21,693,2,0,2,695
04/24/2009,PDX,OR,ANM,WE,Towers with Radar,421,134,52,8,615,0,48,55,1,104,421,182,107,9,719,6,0,6,725
04/25/2009,PDX,OR,ANM,WE,Towers with Radar,504,84,11,9,608,0,7,15,2,24,504,91,26,11,632,0,0,0,632
04/26/2009,PDX,OR,ANM,WE,Towers with Radar,388,72,23,8,491,0,2,10,0,12,388,74,33,8,503,0,0,0,503
04/27/2009,PDX,OR,ANM,WE,Towers with Radar,405,136,52,7,600,0,27,30,0,57,405,163,82,7,657,2,2,4,661
04/28/2009,PDX,OR,ANM,WE,Towers with Radar,418,141,54,1,614,0,33,13,2,48,418,174,67,3,662,4,0,4,666
04/29/2009,PDX,OR,ANM,WE,Towers with Radar,417,147,28,3,595,0,37,26,6,69,417,184,54,9,664,2,0,2,666
04/30/2009,PDX,OR,ANM,WE,Towers with Radar,436,138,64,2,640,0,41,30,0,71,436,179,94,2,711,2,0,2,713
05/01/2009,PDX,OR,ANM,WE,Towers with Radar,418,164,39,2,623,0,29,29,0,58,418,193,68,2,681,6,0,6,687
05/02/2009,PDX,OR,ANM,WE,Towers with Radar,351,93,25,7,476,0,3,8,1,12,351,96,33,8,488,2,0,2,490
05/03/2009,PDX,OR,ANM,WE,Towers with Radar,363,89,25,1,478,0,1,16,0,17,363,90,41,1,495,0,0,0,495
05/04/2009,PDX,OR,ANM,WE,Towers with Radar,425,150,27,1,603,0,1,14,0,15,425,151,41,1,618,0,0,0,618
05/05/2009,PDX,OR,ANM,WE,Towers with Radar,428,192,49,3,672,0,19,6,0,25,428,211,55,3,697,0,0,0,697
05/06/2009,PDX,OR,ANM,WE,Towers with Radar,431,199,33,1,664,0,12,18,0,30,431,211,51,1,694,4,0,4,698
05/07/2009,PDX,OR,ANM,WE,Towers with Radar,423,187,50,4,664,0,29,16,5,50,423,216,66,9,714,0,0,0,714
05/08/2009,PDX,OR,ANM,WE,Towers with Radar,424,160,36,12,632,0,42,40,0,82,424,202,76,12,714,0,0,0,714
05/09/2009,PDX,OR,ANM,WE,Towers with Radar,362,88,26,5,481,0,11,32,0,43,362,99,58,5,524,6,0,6,530
05/10/2009,PDX,OR,ANM,WE,Towers with Radar,370,83,31,0,484,0,9,28,0,37,370,92,59,0,521,0,0,0,521
05/11/2009,PDX,OR,ANM,WE,Towers with Radar,432,139,44,21,636,0,39,14,0,53,432,178,58,21,689,12,0,12,701
05/12/2009,PDX,OR,ANM,WE,Towers with Radar,430,159,49,15,653,2,40,27,2,71,432,199,76,17,724,0,0,0,724
05/13/2009,PDX,OR,ANM,WE,Towers with Radar,418,168,58,20,664,0,11,13,0,24,418,179,71,20,688,8,0,8,696
05/14/2009,PDX,OR,ANM,WE,Towers with Radar,438,139,39,21,637,0,45,14,0,59,438,184,53,21,696,0,0,0,696
05/15/2009,PDX,OR,ANM,WE,Towers with Radar,425,133,46,12,616,0,43,37,0,80,425,176,83,12,696,2,0,2,698
05/16/2009,PDX,OR,ANM,WE,Towers with Radar,374,81,19,8,482,0,7,23,0,30,374,88,42,8,512,2,0,2,514
05/17/2009,PDX,OR,ANM,WE,Towers with Radar,366,71,30,11,478,0,4,27,0,31,366,75,57,11,509,6,0,6,515
05/18/2009,PDX,OR,ANM,WE,Towers with Radar,416,113,40,4,573,0,41,32,1,74,416,154,72,5,647,18,0,18,665
05/19/2009,PDX,OR,ANM,WE,Towers with Radar,424,159,50,12,645,0,33,10,0,43,424,192,60,12,688,0,0,0,688
05/20/2009,PDX,OR,ANM,WE,Towers with Radar,401,149,48,16,614,0,43,29,0,72,401,192,77,16,686,4,0,4,690
05/21/2009,PDX,OR,ANM,WE,Towers with Radar,426,131,41,17,615,0,51,48,0,99,426,182,89,17,714,0,0,0,714
05/22/2009,PDX,OR,ANM,WE,Towers with Radar,423,126,39,15,603,0,53,39,0,92,423,179,78,15,695,0,0,0,695
05/23/2009,PDX,OR,ANM,WE,Towers with Radar,365,79,24,2,470,0,17,14,0,31,365,96,38,2,501,0,0,0,501
05/24/2009,PDX,OR,ANM,WE,Towers with Radar,336,50,18,2,406,0,4,11,0,15,336,54,29,2,421,0,0,0,421
05/25/2009,PDX,OR,ANM,WE,Towers with Radar,380,76,19,1,476,0,6,30,4,40,380,82,49,5,516,0,0,0,516
05/26/2009,PDX,OR,ANM,WE,Towers with Radar,413,115,41,3,572,0,53,36,4,93,413,168,77,7,665,0,0,0,665
05/27/2009,PDX,OR,ANM,WE,Towers with Radar,419,137,50,19,625,0,52,34,2,88,419,189,84,21,713,0,0,0,713
05/28/2009,PDX,OR,ANM,WE,Towers with Radar,419,137,31,14,601,0,55,36,0,91,419,192,67,14,692,2,0,2,694
05/29/2009,PDX,OR,ANM,WE,Towers with Radar,417,129,33,15,594,0,54,35,0,89,417,183,68,15,683,4,0,4,687
05/30/2009,PDX,OR,ANM,WE,Towers with Radar,367,77,22,6,472,0,10,41,2,53,367,87,63,8,525,6,0,6,531
05/31/2009,PDX,OR,ANM,WE,Towers with Radar,376,69,23,3,471,0,5,39,0,44,376,74,62,3,515,12,0,12,527
06/01/2009,PDX,OR,ANM,WE,Towers with Radar,410,125,32,17,584,0,46,18,2,66,410,171,50,19,650,0,0,0,650
06/02/2009,PDX,OR,ANM,WE,Towers with Radar,420,128,40,19,607,0,56,24,2,82,420,184,64,21,689,0,0,0,689
06/03/2009,PDX,OR,ANM,WE,Towers with Radar,415,143,51,14,623,0,52,16,1,69,415,195,67,15,692,0,0,0,692
06/04/2009,PDX,OR,ANM,WE,Towers with Radar,431,158,50,17,656,0,39,26,1,66,431,197,76,18,722,2,0,2,724
06/05/2009,PDX,OR,ANM,WE,Towers with Radar,440,192,56,25,713,0,4,6,0,10,440,196,62,25,723,0,0,0,723
06/06/2009,PDX,OR,ANM,WE,Towers with Radar,379,97,24,22,522,0,8,9,4,21,379,105,33,26,543,0,0,0,543
06/07/2009,PDX,OR,ANM,WE,Towers with Radar,397,84,32,2,515,0,1,11,0,12,397,85,43,2,527,0,0,0,527
06/08/2009,PDX,OR,ANM,WE,Towers with Radar,424,134,34,1,593,0,42,21,0,63,424,176,55,1,656,0,0,0,656
06/09/2009,PDX,OR,ANM,WE,Towers with Radar,425,146,37,12,620,0,47,20,0,67,425,193,57,12,687,7,0,7,694
06/10/2009,PDX,OR,ANM,WE,Towers with Radar,443,158,49,24,674,0,37,9,0,46,443,195,58,24,720,0,0,0,720
06/11/2009,PDX,OR,ANM,WE,Towers with Radar,429,152,61,21,663,0,41,16,0,57,429,193,77,21,720,2,0,2,722
06/12/2009,PDX,OR,ANM,WE,Towers with Radar,426,153,49,20,648,0,46,32,0,78,426,199,81,20,726,16,0,16,742
06/13/2009,PDX,OR,ANM,WE,Towers with Radar,393,97,24,1,515,0,7,5,0,12,393,104,29,1,527,4,0,4,531
06/14/2009,PDX,OR,ANM,WE,Towers with Radar,404,81,27,0,512,0,3,16,0,19,404,84,43,0,531,0,0,0,531
06/15/2009,PDX,OR,ANM,WE,Towers with Radar,435,128,41,14,618,0,47,13,0,60,435,175,54,14,678,0,0,0,678
06/16/2009,PDX,OR,ANM,WE,Towers with Radar,444,137,64,16,661,0,52,52,0,104,444,189,116,16,765,10,0,10,775
06/17/2009,PDX,OR,ANM,WE,Towers with Radar,438,157,28,28,651,0,36,17,0,53,438,193,45,28,704,0,0,0,704
06/18/2009,PDX,OR,ANM,WE,Towers with Radar,441,144,55,20,660,0,44,27,0,71,441,188,82,20,731,18,0,18,749
06/19/2009,PDX,OR,ANM,WE,Towers with Radar,427,154,44,32,657,0,29,12,0,41,427,183,56,32,698,0,0,0,698
06/20/2009,PDX,OR,ANM,WE,Towers with Radar,390,98,24,4,516,0,14,15,0,29,390,112,39,4,545,0,0,0,545
06/21/2009,PDX,OR,ANM,WE,Towers with Radar,397,81,25,3,506,0,1,24,0,25,397,82,49,3,531,20,0,20,551
06/22/2009,PDX,OR,ANM,WE,Towers with Radar,432,132,28,0,592,0,44,21,2,67,432,176,49,2,659,0,0,0,659
06/23/2009,PDX,OR,ANM,WE,Towers with Radar,438,143,38,18,637,0,54,50,0,104,438,197,88,18,741,7,0,7,748
06/24/2009,PDX,OR,ANM,WE,Towers with Radar,436,137,49,17,639,0,57,19,0,76,436,194,68,17,715,4,0,4,719
06/25/2009,PDX,OR,ANM,WE,Towers with Radar,437,145,39,24,645,1,43,24,0,68,438,188,63,24,713,8,2,10,723
06/26/2009,PDX,OR,ANM,WE,Towers with Radar,442,149,43,10,644,0,60,23,2,85,442,209,66,12,729,0,6,6,735
06/27/2009,PDX,OR,ANM,WE,Towers with Radar,386,93,15,0,494,0,17,34,0,51,386,110,49,0,545,0,0,0,545
06/28/2009,PDX,OR,ANM,WE,Towers with Radar,391,85,22,0,498,0,9,33,0,42,391,94,55,0,540,2,0,2,542
06/29/2009,PDX,OR,ANM,WE,Towers with Radar,430,119,42,14,605,0,64,19,2,85,430,183,61,16,690,28,0,28,718
06/30/2009,PDX,OR,ANM,WE,Towers with Radar,434,128,27,15,604,0,62,21,0,83,434,190,48,15,687,0,0,0,687
07/01/2009,PDX,OR,ANM,WE,Towers with Radar,436,127,34,18,615,0,69,46,1,116,436,196,80,19,731,6,0,6,737
07/02/2009,PDX,OR,ANM,WE,Towers with Radar,441,132,34,20,627,0,67,42,0,109,441,199,76,20,736,18,0,18,754
07/03/2009,PDX,OR,ANM,WE,Towers with Radar,417,115,17,4,553,0,41,59,0,100,417,156,76,4,653,18,0,18,671
07/04/2009,PDX,OR,ANM,WE,Towers with Radar,337,55,12,5,409,0,15,19,4,38,337,70,31,9,447,20,0,20,467
07/05/2009,PDX,OR,ANM,WE,Towers with Radar,379,93,17,0,489,0,12,26,0,38,379,105,43,0,527,0,0,0,527
07/06/2009,PDX,OR,ANM,WE,Towers with Radar,426,134,35,6,601,0,45,18,1,64,426,179,53,7,665,0,0,0,665
07/07/2009,PDX,OR,ANM,WE,Towers with Radar,434,148,29,16,627,0,41,21,2,64,434,189,50,18,691,0,0,0,691
07/08/2009,PDX,OR,ANM,WE,Towers with Radar,452,158,37,18,665,0,45,20,2,67,452,203,57,20,732,6,0,6,738
07/09/2009,PDX,OR,ANM,WE,Towers with Radar,430,152,43,21,646,0,43,29,2,74,430,195,72,23,720,14,0,14,734
07/10/2009,PDX,OR,ANM,WE,Towers with Radar,441,139,37,20,637,1,49,35,2,87,442,188,72,22,724,0,0,0,724
07/11/2009,PDX,OR,ANM,WE,Towers with Radar,380,96,32,4,512,0,8,24,0,32,380,104,56,4,544,0,0,0,544
07/12/2009,PDX,OR,ANM,WE,Towers with Radar,396,88,46,1,531,0,0,14,0,14,396,88,60,1,545,0,0,0,545
07/13/2009,PDX,OR,ANM,WE,Towers with Radar,434,139,41,20,634,0,44,20,1,65,434,183,61,21,699,2,0,2,701
07/14/2009,PDX,OR,ANM,WE,Towers with Radar,439,154,45,26,664,0,45,42,1,88,439,199,87,27,752,10,6,16,768
07/15/2009,PDX,OR,ANM,WE,Towers with Radar,441,141,40,16,638,0,61,30,1,92,441,202,70,17,730,2,0,2,732
07/16/2009,PDX,OR,ANM,WE,Towers with Radar,439,139,31,15,624,0,55,47,1,103,439,194,78,16,727,0,4,4,731
07/17/2009,PDX,OR,ANM,WE,Towers with Radar,439,149,38,12,638,0,57,48,3,108,439,206,86,15,746,0,0,0,746
07/18/2009,PDX,OR,ANM,WE,Towers with Radar,384,98,27,3,512,1,19,35,0,55,385,117,62,3,567,0,0,0,567
07/19/2009,PDX,OR,ANM,WE,Towers with Radar,391,87,31,14,523,0,11,36,0,47,391,98,67,14,570,20,16,36,606
07/20/2009,PDX,OR,ANM,WE,Towers with Radar,432,117,24,2,575,0,65,25,0,90,432,182,49,2,665,2,0,2,667
07/21/2009,PDX,OR,ANM,WE,Towers with Radar,436,144,54,12,646,0,61,62,0,123,436,205,116,12,769,2,0,2,771
07/22/2009,PDX,OR,ANM,WE,Towers with Radar,446,150,60,27,683,0,59,31,0,90,446,209,91,27,773,0,0,0,773
07/23/2009,PDX,OR,ANM,WE,Towers with Radar,432,155,44,23,654,0,44,27,0,71,432,199,71,23,725,4,0,4,729
07/24/2009,PDX,OR,ANM,WE,Towers with Radar,438,141,49,49,677,0,56,32,2,90,438,197,81,51,767,0,34,34,801
07/25/2009,PDX,OR,ANM,WE,Towers with Radar,379,82,19,1,481,0,26,51,0,77,379,108,70,1,558,0,0,0,558
07/26/2009,PDX,OR,ANM,WE,Towers with Radar,394,78,35,0,507,0,20,26,0,46,394,98,61,0,553,0,0,0,553
07/27/2009,PDX,OR,ANM,WE,Towers with Radar,432,116,31,16,595,0,64,28,0,92,432,180,59,16,687,0,0,0,687
07/28/2009,PDX,OR,ANM,WE,Towers with Radar,433,127,26,20,606,0,70,23,19,112,433,197,49,39,718,0,0,0,718
07/29/2009,PDX,OR,ANM,WE,Towers with Radar,435,143,42,19,639,0,59,25,5,89,435,202,67,24,728,0,0,0,728
07/30/2009,PDX,OR,ANM,WE,Towers with Radar,444,132,39,14,629,0,68,31,8,107,444,200,70,22,736,2,0,2,738
07/31/2009,PDX,OR,ANM,WE,Towers with Radar,438,150,37,19,644,0,51,26,7,84,438,201,63,26,728,0,0,0,728
08/01/2009,PDX,OR,ANM,WE,Towers with Radar,394,96,12,9,511,0,25,11,10,46,394,121,23,19,557,0,2,2,559
08/02/2009,PDX,OR,ANM,WE,Towers with Radar,398,84,31,15,528,0,10,18,7,35,398,94,49,22,563,0,0,0,563
08/03/2009,PDX,OR,ANM,WE,Towers with Radar,436,121,41,2,600,0,62,30,5,97,436,183,71,7,697,0,0,0,697
08/04/2009,PDX,OR,ANM,WE,Towers with Radar,430,142,40,15,627,0,61,31,5,97,430,203,71,20,724,22,1,23,747
08/05/2009,PDX,OR,ANM,WE,Towers with Radar,441,143,40,21,645,0,52,26,10,88,441,195,66,31,733,0,0,0,733
08/06/2009,PDX,OR,ANM,WE,Towers with Radar,433,156,42,23,654,0,42,28,3,73,433,198,70,26,727,0,0,0,727
08/07/2009,PDX,OR,ANM,WE,Towers with Radar,446,143,45,14,648,0,49,17,0,66,446,192,62,14,714,0,0,0,714
08/08/2009,PDX,OR,ANM,WE,Towers with Radar,386,97,18,0,501,0,15,27,0,42,386,112,45,0,543,0,0,0,543
08/09/2009,PDX,OR,ANM,WE,Towers with Radar,395,84,30,3,512,0,8,32,0,40,395,92,62,3,552,0,0,0,552
08/10/2009,PDX,OR,ANM,WE,Towers with Radar,431,122,29,10,592,0,59,29,1,89,431,181,58,11,681,20,0,20,701
08/11/2009,PDX,OR,ANM,WE,Towers with Radar,447,155,37,18,657,0,46,26,0,72,447,201,63,18,729,0,0,0,729
08/12/2009,PDX,OR,ANM,WE,Towers with Radar,453,161,41,21,676,0,43,14,1,58,453,204,55,22,734,0,0,0,734
08/13/2009,PDX,OR,ANM,WE,Towers with Radar,438,151,44,12,645,0,53,30,0,83,438,204,74,12,728,4,0,4,732
08/14/2009,PDX,OR,ANM,WE,Towers with Radar,438,142,32,3,615,0,45,19,0,64,438,187,51,3,679,0,0,0,679
08/15/2009,PDX,OR,ANM,WE,Towers with Radar,388,96,25,4,513,0,16,20,0,36,388,112,45,4,549,2,0,2,551
08/16/2009,PDX,OR,ANM,WE,Towers with Radar,385,87,23,0,495,0,6,30,0,36,385,93,53,0,531,0,0,0,531
08/17/2009,PDX,OR,ANM,WE,Towers with Radar,433,110,25,1,569,0,64,32,5,101,433,174,57,6,670,28,0,28,698
08/18/2009,PDX,OR,ANM,WE,Towers with Radar,433,127,47,2,609,0,66,22,2,90,433,193,69,4,699,6,0,6,705
08/19/2009,PDX,OR,ANM,WE,Towers with Radar,430,125,41,1,597,0,60,29,0,89,430,185,70,1,686,42,0,42,728
08/20/2009,PDX,OR,ANM,WE,Towers with Radar,435,132,38,29,634,1,65,51,1,118,436,197,89,30,752,2,0,2,754
08/21/2009,PDX,OR,ANM,WE,Towers with Radar,427,145,35,35,642,0,56,32,3,91,427,201,67,38,733,2,0,2,735
08/22/2009,PDX,OR,ANM,WE,Towers with Radar,362,92,31,4,489,0,24,31,0,55,362,116,62,4,544,2,0,2,546
08/23/2009,PDX,OR,ANM,WE,Towers with Radar,370,87,39,1,497,0,6,41,0,47,370,93,80,1,544,0,0,0,544
08/24/2009,PDX,OR,ANM,WE,Towers with Radar,434,124,22,13,593,0,65,26,2,93,434,189,48,15,686,0,0,0,686
08/25/2009,PDX,OR,ANM,WE,Towers with Radar,425,145,45,22,637,0,42,19,0,61,425,187,64,22,698,0,2,2,700
08/26/2009,PDX,OR,ANM,WE,Towers with Radar,429,138,33,13,613,0,59,30,1,90,429,197,63,14,703,0,0,0,703
08/27/2009,PDX,OR,ANM,WE,Towers with Radar,431,144,53,16,644,0,65,37,2,104,431,209,90,18,748,14,4,18,766
08/28/2009,PDX,OR,ANM,WE,Towers with Radar,423,144,46,14,627,0,61,29,4,94,423,205,75,18,721,2,0,2,723
08/29/2009,PDX,OR,ANM,WE,Towers with Radar,345,97,39,4,485,0,15,29,0,44,345,112,68,4,529,0,0,0,529
08/30/2009,PDX,OR,ANM,WE,Towers with Radar,364,86,45,8,503,1,7,26,4,38,365,93,71,12,541,0,0,0,541
08/31/2009,PDX,OR,ANM,WE,Towers with Radar,425,130,28,21,604,0,46,18,0,64,425,176,46,21,668,0,0,0,668
09/01/2009,PDX,OR,ANM,WE,Towers with Radar,420,136,44,19,619,0,55,24,1,80,420,191,68,20,699,0,0,0,699
09/02/2009,PDX,OR,ANM,WE,Towers with Radar,417,139,33,18,607,0,47,26,2,75,417,186,59,20,682,2,0,2,684
09/03/2009,PDX,OR,ANM,WE,Towers with Radar,416,141,74,15,646,0,61,34,0,95,416,202,108,15,741,8,0,8,749
09/04/2009,PDX,OR,ANM,WE,Towers with Radar,422,126,35,1,584,0,50,26,0,76,422,176,61,1,660,0,0,0,660
09/05/2009,PDX,OR,ANM,WE,Towers with Radar,332,83,20,0,435,0,8,6,0,14,332,91,26,0,449,0,0,0,449
09/06/2009,PDX,OR,ANM,WE,Towers with Radar,306,60,22,1,389,0,4,2,0,6,306,64,24,1,395,0,0,0,395
09/07/2009,PDX,OR,ANM,WE,Towers with Radar,377,76,32,8,493,0,4,19,0,23,377,80,51,8,516,0,2,2,518
09/08/2009,PDX,OR,ANM,WE,Towers with Radar,410,128,35,9,582,0,46,21,0,67,410,174,56,9,649,0,0,0,649
09/09/2009,PDX,OR,ANM,WE,Towers with Radar,410,145,43,18,616,0,56,33,0,89,410,201,76,18,705,23,0,23,728
09/10/2009,PDX,OR,ANM,WE,Towers with Radar,413,131,40,18,602,0,55,32,0,87,413,186,72,18,689,0,0,0,689
09/11/2009,PDX,OR,ANM,WE,Towers with Radar,414,128,35,16,593,0,60,33,1,94,414,188,68,17,687,10,0,10,697
09/12/2009,PDX,OR,ANM,WE,Towers with Radar,336,79,17,6,438,0,21,41,3,65,336,100,58,9,503,4,0,4,507
09/13/2009,PDX,OR,ANM,WE,Towers with Radar,349,91,40,18,498,0,5,24,2,31,349,96,64,20,529,0,0,0,529
09/14/2009,PDX,OR,ANM,WE,Towers with Radar,412,124,47,4,587,0,57,25,0,82,412,181,72,4,669,0,0,0,669
09/15/2009,PDX,OR,ANM,WE,Towers with Radar,405,131,36,19,591,0,64,29,0,93,405,195,65,19,684,0,2,2,686
09/16/2009,PDX,OR,ANM,WE,Towers with Radar,402,180,47,21,650,0,30,20,0,50,402,210,67,21,700,10,0,10,710
09/17/2009,PDX,OR,ANM,WE,Towers with Radar,418,160,61,7,646,0,47,37,1,85,418,207,98,8,731,0,0,0,731
09/18/2009,PDX,OR,ANM,WE,Towers with Radar,412,137,35,10,594,0,55,48,0,103,412,192,83,10,697,6,0,6,703
09/19/2009,PDX,OR,ANM,WE,Towers with Radar,340,89,42,3,474,0,9,9,0,18,340,98,51,3,492,2,0,2,494
09/20/2009,PDX,OR,ANM,WE,Towers with Radar,351,85,41,5,482,0,8,36,2,46,351,93,77,7,528,0,0,0,528
09/21/2009,PDX,OR,ANM,WE,Towers with Radar,403,126,15,18,562,0,47,22,0,69,403,173,37,18,631,0,0,0,631
09/22/2009,PDX,OR,ANM,WE,Towers with Radar,407,156,49,15,627,0,35,28,0,63,407,191,77,15,690,0,0,0,690
09/23/2009,PDX,OR,ANM,WE,Towers with Radar,408,140,53,24,625,0,54,24,2,80,408,194,77,26,705,2,0,2,707
09/24/2009,PDX,OR,ANM,WE,Towers with Radar,413,150,35,17,615,0,52,32,0,84,413,202,67,17,699,8,0,8,707
09/25/2009,PDX,OR,ANM,WE,Towers with Radar,414,142,46,12,614,0,42,40,0,82,414,184,86,12,696,0,0,0,696
09/26/2009,PDX,OR,ANM,WE,Towers with Radar,339,85,30,0,454,0,22,28,1,51,339,107,58,1,505,10,0,10,515
09/27/2009,PDX,OR,ANM,WE,Towers with Radar,352,71,28,0,451,0,6,12,0,18,352,77,40,0,469,0,0,0,469
09/28/2009,PDX,OR,ANM,WE,Towers with Radar,402,123,39,16,580,0,50,11,0,61,402,173,50,16,641,0,0,0,641
09/29/2009,PDX,OR,ANM,WE,Towers with Radar,405,148,45,13,611,0,42,7,1,50,405,190,52,14,661,5,0,5,666
09/30/2009,PDX,OR,ANM,WE,Towers with Radar,398,154,45,0,597,0,48,16,1,65,398,202,61,1,662,0,0,0,662
10/01/2009,PDX,OR,ANM,WE,Towers with Radar,411,154,55,21,641,0,50,26,0,76,411,204,81,21,717,0,0,0,717
10/02/2009,PDX,OR,ANM,WE,Towers with Radar,409,134,26,18,587,0,50,21,1,72,409,184,47,19,659,2,0,2,661
10/03/2009,PDX,OR,ANM,WE,Towers with Radar,335,83,27,2,447,0,10,12,0,22,335,93,39,2,469,15,0,15,484
10/04/2009,PDX,OR,ANM,WE,Towers with Radar,344,73,21,2,440,0,7,20,0,27,344,80,41,2,467,0,0,0,467
10/05/2009,PDX,OR,ANM,WE,Towers with Radar,400,124,27,1,552,0,51,14,0,65,400,175,41,1,617,2,0,2,619
10/06/2009,PDX,OR,ANM,WE,Towers with Radar,405,137,55,12,609,0,51,29,2,82,405,188,84,14,691,0,0,0,691
10/07/2009,PDX,OR,ANM,WE,Towers with Radar,392,141,28,20,581,0,54,32,9,95,392,195,60,29,676,4,0,4,680
10/08/2009,PDX,OR,ANM,WE,Towers with Radar,414,134,38,14,600,0,57,21,5,83,414,191,59,19,683,8,0,8,691
10/09/2009,PDX,OR,ANM,WE,Towers with Radar,396,139,40,26,601,0,49,28,3,80,396,188,68,29,681,8,0,8,689
10/10/2009,PDX,OR,ANM,WE,Towers with Radar,338,85,17,2,442,6,9,23,4,42,344,94,40,6,484,18,0,18,502
10/11/2009,PDX,OR,ANM,WE,Towers with Radar,346,71,15,0,432,0,9,25,1,35,346,80,40,1,467,0,0,0,467
10/12/2009,PDX,OR,ANM,WE,Towers with Radar,406,112,26,0,544,1,35,37,1,74,407,147,63,1,618,18,0,18,636
10/13/2009,PDX,OR,ANM,WE,Towers with Radar,405,145,34,17,601,0,42,10,3,55,405,187,44,20,656,0,2,2,658
10/14/2009,PDX,OR,ANM,WE,Towers with Radar,406,146,32,19,603,0,38,7,0,45,406,184,39,19,648,0,0,0,648
10/15/2009,PDX,OR,ANM,WE,Towers with Radar,415,154,44,29,642,0,48,15,3,66,415,202,59,32,708,0,0,0,708
10/16/2009,PDX,OR,ANM,WE,Towers with Radar,416,138,37,4,595,0,45,23,0,68,416,183,60,4,663,0,0,0,663
10/17/2009,PDX,OR,ANM,WE,Towers with Radar,338,91,29,8,466,0,9,6,0,15,338,100,35,8,481,0,0,0,481
10/18/2009,PDX,OR,ANM,WE,Towers with Radar,349,84,35,3,471,0,0,10,0,10,349,84,45,3,481,0,0,0,481
10/19/2009,PDX,OR,ANM,WE,Towers with Radar,402,136,33,4,575,0,46,10,0,56,402,182,43,4,631,0,0,0,631
10/20/2009,PDX,OR,ANM,WE,Towers with Radar,390,155,36,3,584,10,51,10,0,71,400,206,46,3,655,18,0,18,673
10/21/2009,PDX,OR,ANM,WE,Towers with Radar,405,155,45,0,605,0,65,12,0,77,405,220,57,0,682,0,0,0,682
10/22/2009,PDX,OR,ANM,WE,Towers with Radar,402,167,46,0,615,0,48,12,0,60,402,215,58,0,675,0,0,0,675
10/23/2009,PDX,OR,ANM,WE,Towers with Radar,411,140,39,2,592,0,35,3,0,38,411,175,42,2,630,0,0,0,630
10/24/2009,PDX,OR,ANM,WE,Towers with Radar,335,85,18,0,438,0,14,8,0,22,335,99,26,0,460,2,0,2,462
10/25/2009,PDX,OR,ANM,WE,Towers with Radar,343,74,22,0,439,0,3,8,0,11,343,77,30,0,450,2,0,2,452
10/26/2009,PDX,OR,ANM,WE,Towers with Radar,400,138,34,5,577,0,36,5,1,42,400,174,39,6,619,0,0,0,619
10/27/2009,PDX,OR,ANM,WE,Towers with Radar,398,150,60,2,610,0,46,13,0,59,398,196,73,2,669,2,0,2,671
10/28/2009,PDX,OR,ANM,WE,Towers with Radar,393,147,56,4,600,0,46,12,0,58,393,193,68,4,658,0,0,0,658
10/29/2009,PDX,OR,ANM,WE,Towers with Radar,405,189,46,6,646,0,0,1,0,1,405,189,47,6,647,0,0,0,647
10/30/2009,PDX,OR,ANM,WE,Towers with Radar,417,154,43,7,621,0,36,16,0,52,417,190,59,7,673,6,0,6,679
10/31/2009,PDX,OR,ANM,WE,Towers with Radar,322,83,24,3,432,0,10,4,3,17,322,93,28,6,449,0,0,0,449
11/01/2009,PDX,OR,ANM,WE,Towers with Radar,336,74,27,2,439,0,6,13,1,20,336,80,40,3,459,20,0,20,479
11/02/2009,PDX,OR,ANM,WE,Towers with Radar,385,117,32,8,542,0,45,12,0,57,385,162,44,8,599,0,0,0,599
11/03/2009,PDX,OR,ANM,WE,Towers with Radar,384,141,39,13,577,0,46,13,0,59,384,187,52,13,636,0,0,0,636
11/04/2009,PDX,OR,ANM,WE,Towers with Radar,387,138,34,15,574,0,53,12,0,65,387,191,46,15,639,0,0,0,639
11/05/2009,PDX,OR,ANM,WE,Towers with Radar,390,153,56,24,623,0,42,12,0,54,390,195,68,24,677,2,0,2,679
11/06/2009,PDX,OR,ANM,WE,Towers with Radar,397,150,29,23,599,0,35,4,1,40,397,185,33,24,639,0,0,0,639
11/07/2009,PDX,OR,ANM,WE,Towers with Radar,317,87,26,2,432,0,6,3,0,9,317,93,29,2,441,0,0,0,441
11/08/2009,PDX,OR,ANM,WE,Towers with Radar,342,75,45,0,462,0,0,8,0,8,342,75,53,0,470,0,0,0,470
11/09/2009,PDX,OR,ANM,WE,Towers with Radar,386,120,25,17,548,0,41,6,0,47,386,161,31,17,595,0,0,0,595
11/10/2009,PDX,OR,ANM,WE,Towers with Radar,369,145,47,12,573,0,39,18,1,58,369,184,65,13,631,0,0,0,631
11/11/2009,PDX,OR,ANM,WE,Towers with Radar,385,142,39,1,567,0,28,5,2,35,385,170,44,3,602,2,0,2,604
11/12/2009,PDX,OR,ANM,WE,Towers with Radar,388,143,44,12,587,0,37,6,0,43,388,180,50,12,630,0,0,0,630
11/13/2009,PDX,OR,ANM,WE,Towers with Radar,388,146,55,6,595,0,37,14,0,51,388,183,69,6,646,2,0,2,648
11/14/2009,PDX,OR,ANM,WE,Towers with Radar,323,84,21,12,440,0,15,8,0,23,323,99,29,12,463,0,0,0,463
11/15/2009,PDX,OR,ANM,WE,Towers with Radar,333,76,24,14,447,0,0,4,0,4,333,76,28,14,451,0,0,0,451
11/16/2009,PDX,OR,ANM,WE,Towers with Radar,398,116,34,0,548,0,43,10,0,53,398,159,44,0,601,0,0,0,601
11/17/2009,PDX,OR,ANM,WE,Towers with Radar,388,148,46,11,593,0,41,32,0,73,388,189,78,11,666,0,0,0,666
11/18/2009,PDX,OR,ANM,WE,Towers with Radar,385,155,40,9,589,0,43,20,0,63,385,198,60,9,652,0,0,0,652
11/19/2009,PDX,OR,ANM,WE,Towers with Radar,387,155,48,19,609,0,39,14,0,53,387,194,62,19,662,0,0,0,662
11/20/2009,PDX,OR,ANM,WE,Towers with Radar,382,161,39,20,602,0,26,3,0,29,382,187,42,20,631,0,0,0,631
11/21/2009,PDX,OR,ANM,WE,Towers with Radar,319,85,9,0,413,0,10,1,0,11,319,95,10,0,424,0,0,0,424
11/22/2009,PDX,OR,ANM,WE,Towers with Radar,343,76,20,4,443,0,2,14,0,16,343,78,34,4,459,0,0,0,459
11/23/2009,PDX,OR,ANM,WE,Towers with Radar,382,128,27,19,556,0,47,20,0,67,382,175,47,19,623,0,0,0,623
11/24/2009,PDX,OR,ANM,WE,Towers with Radar,406,147,49,20,622,0,47,30,0,77,406,194,79,20,699,0,0,0,699
11/25/2009,PDX,OR,ANM,WE,Towers with Radar,407,148,49,11,615,0,46,26,2,74,407,194,75,13,689,2,0,2,691
11/26/2009,PDX,OR,ANM,WE,Towers with Radar,291,69,10,0,370,0,1,1,0,2,291,70,11,0,372,0,0,0,372
11/27/2009,PDX,OR,ANM,WE,Towers with Radar,313,110,21,0,444,0,44,19,0,63,313,154,40,0,507,0,0,0,507
11/28/2009,PDX,OR,ANM,WE,Towers with Radar,367,89,21,0,477,0,10,4,0,14,367,99,25,0,491,0,0,0,491
11/29/2009,PDX,OR,ANM,WE,Towers with Radar,386,85,17,0,488,0,5,10,0,15,386,90,27,0,503,0,0,0,503
11/30/2009,PDX,OR,ANM,WE,Towers with Radar,398,162,30,1,591,0,0,1,0,1,398,162,31,1,592,0,0,0,592
12/01/2009,PDX,OR,ANM,WE,Towers with Radar,406,165,34,17,622,0,40,14,0,54,406,205,48,17,676,4,0,4,680
12/02/2009,PDX,OR,ANM,WE,Towers with Radar,394,142,37,24,597,0,53,24,1,78,394,195,61,25,675,8,0,8,683
12/03/2009,PDX,OR,ANM,WE,Towers with Radar,399,140,43,21,603,0,57,21,1,79,399,197,64,22,682,4,0,4,686
12/04/2009,PDX,OR,ANM,WE,Towers with Radar,398,148,47,15,608,0,37,28,0,65,398,185,75,15,673,0,0,0,673
12/05/2009,PDX,OR,ANM,WE,Towers with Radar,319,81,17,6,423,0,13,11,0,24,319,94,28,6,447,0,0,0,447
12/06/2009,PDX,OR,ANM,WE,Towers with Radar,329,74,21,3,427,0,5,9,0,14,329,79,30,3,441,0,0,0,441
12/07/2009,PDX,OR,ANM,WE,Towers with Radar,381,115,43,10,549,0,53,17,0,70,381,168,60,10,619,0,0,0,619
12/08/2009,PDX,OR,ANM,WE,Towers with Radar,395,141,54,22,612,0,56,38,0,94,395,197,92,22,706,3,2,5,711
12/09/2009,PDX,OR,ANM,WE,Towers with Radar,395,150,46,15,606,0,50,22,2,74,395,200,68,17,680,2,0,2,682
12/10/2009,PDX,OR,ANM,WE,Towers with Radar,400,143,50,13,606,0,63,46,0,109,400,206,96,13,715,0,0,0,715
12/11/2009,PDX,OR,ANM,WE,Towers with Radar,399,151,23,9,582,0,31,15,1,47,399,182,38,10,629,0,0,0,629
12/12/2009,PDX,OR,ANM,WE,Towers with Radar,312,88,13,11,424,0,3,0,0,3,312,91,13,11,427,0,0,0,427
12/13/2009,PDX,OR,ANM,WE,Towers with Radar,335,79,36,12,462,0,1,2,0,3,335,80,38,12,465,0,0,0,465
12/14/2009,PDX,OR,ANM,WE,Towers with Radar,387,140,34,0,561,0,42,11,0,53,387,182,45,0,614,0,0,0,614
12/15/2009,PDX,OR,ANM,WE,Towers with Radar,408,199,57,21,685,0,0,0,0,0,408,199,57,21,685,0,0,0,685
12/16/2009,PDX,OR,ANM,WE,Towers with Radar,407,160,28,28,623,0,39,2,0,41,407,199,30,28,664,0,0,0,664
12/17/2009,PDX,OR,ANM,WE,Towers with Radar,400,158,59,21,638,0,39,2,0,41,400,197,61,21,679,0,0,0,679
12/18/2009,PDX,OR,ANM,WE,Towers with Radar,402,145,52,0,599,0,38,19,0,57,402,183,71,0,656,0,0,0,656
12/19/2009,PDX,OR,ANM,WE,Towers with Radar,366,104,38,0,508,0,4,1,0,5,366,108,39,0,513,0,0,0,513
12/20/2009,PDX,OR,ANM,WE,Towers with Radar,372,84,14,0,470,0,0,2,0,2,372,84,16,0,472,0,0,0,472
12/21/2009,PDX,OR,ANM,WE,Towers with Radar,387,126,21,22,556,0,43,9,4,56,387,169,30,26,612,0,0,0,612
12/22/2009,PDX,OR,ANM,WE,Towers with Radar,405,147,34,18,604,0,55,15,0,70,405,202,49,18,674,0,0,0,674
12/23/2009,PDX,OR,ANM,WE,Towers with Radar,421,246,39,0,706,0,0,0,0,0,421,246,39,0,706,0,0,0,706
12/24/2009,PDX,OR,ANM,WE,Towers with Radar,375,181,13,0,569,0,8,5,0,13,375,189,18,0,582,0,0,0,582
12/25/2009,PDX,OR,ANM,WE,Towers with Radar,313,65,7,0,385,0,4,4,0,8,313,69,11,0,393,0,0,0,393
12/26/2009,PDX,OR,ANM,WE,Towers with Radar,357,84,19,0,460,0,12,6,0,18,357,96,25,0,478,0,0,0,478
12/27/2009,PDX,OR,ANM,WE,Towers with Radar,371,86,23,0,480,0,2,14,0,16,371,88,37,0,496,0,0,0,496
12/28/2009,PDX,OR,ANM,WE,Towers with Radar,387,124,22,0,533,0,47,19,1,67,387,171,41,1,600,2,0,2,602
12/29/2009,PDX,OR,ANM,WE,Towers with Radar,398,169,29,18,614,0,6,2,0,8,398,175,31,18,622,0,0,0,622
12/30/2009,PDX,OR,ANM,WE,Towers with Radar,408,154,45,18,625,0,33,1,0,34,408,187,46,18,659,0,0,0,659
12/31/2009,PDX,OR,ANM,WE,Towers with Radar,340,158,22,7,527,0,2,0,0,2,340,160,22,7,529,0,0,0,529
01/01/2010,PDX,OR,ANM,WE,Towers with Radar,318,87,16,0,421,0,1,0,0,1,318,88,16,0,422,0,0,0,422
01/02/2010,PDX,OR,ANM,WE,Towers with Radar,371,88,28,0,487,0,6,0,0,6,371,94,28,0,493,0,0,0,493
01/03/2010,PDX,OR,ANM,WE,Towers with Radar,380,81,40,0,501,0,4,10,0,14,380,85,50,0,515,0,0,0,515
01/04/2010,PDX,OR,ANM,WE,Towers with Radar,393,153,24,21,591,0,3,7,0,10,393,156,31,21,601,8,0,8,609
01/05/2010,PDX,OR,ANM,WE,Towers with Radar,389,201,36,18,644,0,0,0,0,0,389,201,36,18,644,0,0,0,644
01/06/2010,PDX,OR,ANM,WE,Towers with Radar,386,155,37,33,611,0,48,3,3,54,386,203,40,36,665,0,0,0,665
01/07/2010,PDX,OR,ANM,WE,Towers with Radar,371,143,29,22,565,0,48,22,0,70,371,191,51,22,635,10,0,10,645
01/08/2010,PDX,OR,ANM,WE,Towers with Radar,376,167,33,12,588,0,24,20,0,44,376,191,53,12,632,0,0,0,632
01/09/2010,PDX,OR,ANM,WE,Towers with Radar,311,85,22,6,424,0,4,16,0,20,311,89,38,6,444,0,0,0,444
01/10/2010,PDX,OR,ANM,WE,Towers with Radar,332,69,19,13,433,0,7,17,0,24,332,76,36,13,457,6,0,6,463
01/11/2010,PDX,OR,ANM,WE,Towers with Radar,386,125,25,18,554,0,60,6,0,66,386,185,31,18,620,2,12,14,634
01/12/2010,PDX,OR,ANM,WE,Towers with Radar,369,151,50,10,580,0,43,6,0,49,369,194,56,10,629,4,0,4,633
01/13/2010,PDX,OR,ANM,WE,Towers with Radar,372,149,29,21,571,0,38,3,1,42,372,187,32,22,613,0,0,0,613
01/14/2010,PDX,OR,ANM,WE,Towers with Radar,388,138,38,22,586,0,47,23,0,70,388,185,61,22,656,0,0,0,656
01/15/2010,PDX,OR,ANM,WE,Towers with Radar,380,169,41,19,609,0,10,13,0,23,380,179,54,19,632,0,0,0,632
01/16/2010,PDX,OR,ANM,WE,Towers with Radar,294,90,32,0,416,0,0,3,0,3,294,90,35,0,419,0,0,0,419
01/17/2010,PDX,OR,ANM,WE,Towers with Radar,315,74,27,0,416,0,1,4,0,5,315,75,31,0,421,0,0,0,421
01/18/2010,PDX,OR,ANM,WE,Towers with Radar,377,112,30,0,519,0,33,11,0,44,377,145,41,0,563,0,0,0,563
01/19/2010,PDX,OR,ANM,WE,Towers with Radar,387,142,32,12,573,0,49,10,0,59,387,191,42,12,632,0,0,0,632
01/20/2010,PDX,OR,ANM,WE,Towers with Radar,368,135,27,17,547,0,45,8,2,55,368,180,35,19,602,0,0,0,602
01/21/2010,PDX,OR,ANM,WE,Towers with Radar,378,150,29,18,575,0,51,19,1,71,378,201,48,19,646,0,0,0,646
01/22/2010,PDX,OR,ANM,WE,Towers with Radar,370,166,39,15,590,0,27,14,0,41,370,193,53,15,631,2,0,2,633
01/23/2010,PDX,OR,ANM,WE,Towers with Radar,297,77,11,0,385,0,11,14,0,25,297,88,25,0,410,0,0,0,410
01/24/2010,PDX,OR,ANM,WE,Towers with Radar,319,68,28,0,415,0,0,1,0,1,319,68,29,0,416,0,0,0,416
01/25/2010,PDX,OR,ANM,WE,Towers with Radar,374,127,30,2,533,0,42,5,1,48,374,169,35,3,581,0,0,0,581
01/26/2010,PDX,OR,ANM,WE,Towers with Radar,376,154,45,20,595,0,36,12,0,48,376,190,57,20,643,2,0,2,645
01/27/2010,PDX,OR,ANM,WE,Towers with Radar,368,145,53,19,585,0,50,23,1,74,368,195,76,20,659,0,0,0,659
01/28/2010,PDX,OR,ANM,WE,Towers with Radar,394,135,43,15,587,0,65,16,1,82,394,200,59,16,669,0,0,0,669
01/29/2010,PDX,OR,ANM,WE,Towers with Radar,379,143,39,18,579,0,51,15,0,66,379,194,54,18,645,0,0,0,645
01/30/2010,PDX,OR,ANM,WE,Towers with Radar,291,86,19,0,396,0,9,14,0,23,291,95,33,0,419,0,0,0,419
01/31/2010,PDX,OR,ANM,WE,Towers with Radar,330,68,35,0,433,0,1,8,0,9,330,69,43,0,442,0,0,0,442
02/01/2010,PDX,OR,ANM,WE,Towers with Radar,384,142,43,27,596,0,21,16,4,41,384,163,59,31,637,0,0,0,637
02/02/2010,PDX,OR,ANM,WE,Towers with Radar,380,139,30,14,563,0,47,8,0,55,380,186,38,14,618,3,0,3,621
02/03/2010,PDX,OR,ANM,WE,Towers with Radar,368,148,29,9,554,0,43,7,0,50,368,191,36,9,604,2,2,4,608
02/04/2010,PDX,OR,ANM,WE,Towers with Radar,378,147,39,20,584,0,50,20,0,70,378,197,59,20,654,2,0,2,656
02/05/2010,PDX,OR,ANM,WE,Towers with Radar,381,146,25,4,556,0,48,15,2,65,381,194,40,6,621,0,0,0,621
02/06/2010,PDX,OR,ANM,WE,Towers with Radar,287,78,18,4,387,0,17,15,1,33,287,95,33,5,420,0,0,0,420
02/07/2010,PDX,OR,ANM,WE,Towers with Radar,321,66,23,3,413,0,5,7,0,12,321,71,30,3,425,0,0,0,425
02/08/2010,PDX,OR,ANM,WE,Towers with Radar,379,132,40,5,556,0,44,22,2,68,379,176,62,7,624,0,0,0,624
02/09/2010,PDX,OR,ANM,WE,Towers with Radar,375,157,41,12,585,0,47,13,0,60,375,204,54,12,645,0,0,0,645
02/10/2010,PDX,OR,ANM,WE,Towers with Radar,372,183,54,8,617,0,11,11,1,23,372,194,65,9,640,0,0,0,640
02/11/2010,PDX,OR,ANM,WE,Towers with Radar,380,162,53,11,606,0,29,7,0,36,380,191,60,11,642,0,0,0,642
02/12/2010,PDX,OR,ANM,WE,Towers with Radar,397,148,38,16,599,0,48,15,1,64,397,196,53,17,663,0,0,0,663
02/13/2010,PDX,OR,ANM,WE,Towers with Radar,307,88,16,1,412,0,12,12,0,24,307,100,28,1,436,0,0,0,436
02/14/2010,PDX,OR,ANM,WE,Towers with Radar,334,77,15,0,426,0,3,6,1,10,334,80,21,1,436,0,0,0,436
02/15/2010,PDX,OR,ANM,WE,Towers with Radar,390,105,36,0,531,0,28,11,0,39,390,133,47,0,570,0,0,0,570
02/16/2010,PDX,OR,ANM,WE,Towers with Radar,393,153,42,12,600,0,47,11,0,58,393,200,53,12,658,0,0,0,658
02/17/2010,PDX,OR,ANM,WE,Towers with Radar,393,139,47,14,593,0,51,32,0,83,393,190,79,14,676,0,0,0,676
02/18/2010,PDX,OR,ANM,WE,Towers with Radar,393,128,50,11,582,0,68,45,0,113,393,196,95,11,695,0,0,0,695
02/19/2010,PDX,OR,ANM,WE,Towers with Radar,394,120,49,10,573,0,68,29,2,99,394,188,78,12,672,2,0,2,674
02/20/2010,PDX,OR,ANM,WE,Towers with Radar,316,72,16,5,409,0,23,16,0,39,316,95,32,5,448,4,0,4,452
02/21/2010,PDX,OR,ANM,WE,Towers with Radar,333,63,22,12,430,0,14,21,0,35,333,77,43,12,465,4,0,4,469
02/22/2010,PDX,OR,ANM,WE,Towers with Radar,387,112,29,0,528,0,52,39,0,91,387,164,68,0,619,0,0,0,619
02/23/2010,PDX,OR,ANM,WE,Towers with Radar,381,140,43,11,575,0,45,15,0,60,381,185,58,11,635,0,0,0,635
02/24/2010,PDX,OR,ANM,WE,Towers with Radar,392,148,53,16,609,0,36,24,1,61,392,184,77,17,670,6,0,6,676
02/25/2010,PDX,OR,ANM,WE,Towers with Radar,400,148,38,14,600,0,49,29,0,78,400,197,67,14,678,4,0,4,682
02/26/2010,PDX,OR,ANM,WE,Towers with Radar,389,146,40,14,589,0,37,2,0,39,389,183,42,14,628,0,0,0,628
02/27/2010,PDX,OR,ANM,WE,Towers with Radar,313,82,11,0,406,0,9,6,1,16,313,91,17,1,422,0,0,0,422
02/28/2010,PDX,OR,ANM,WE,Towers with Radar,338,76,12,0,426,0,5,20,1,26,338,81,32,1,452,2,0,2,454
03/01/2010,PDX,OR,ANM,WE,Towers with Radar,384,120,39,22,565,0,55,12,0,67,384,175,51,22,632,0,0,0,632
03/02/2010,PDX,OR,ANM,WE,Towers with Radar,397,139,50,17,603,0,48,18,0,66,397,187,68,17,669,0,0,0,669
03/03/2010,PDX,OR,ANM,WE,Towers with Radar,395,156,54,17,622,0,40,12,1,53,395,196,66,18,675,0,1,1,676
03/04/2010,PDX,OR,ANM,WE,Towers with Radar,394,154,50,12,610,0,52,16,0,68,394,206,66,12,678,0,0,0,678
03/05/2010,PDX,OR,ANM,WE,Towers with Radar,399,133,42,12,586,0,56,25,0,81,399,189,67,12,667,2,1,3,670
03/06/2010,PDX,OR,ANM,WE,Towers with Radar,313,74,26,12,425,0,24,37,0,61,313,98,63,12,486,4,0,4,490
03/07/2010,PDX,OR,ANM,WE,Towers with Radar,330,84,15,26,455,0,7,20,0,27,330,91,35,26,482,0,0,0,482
03/08/2010,PDX,OR,ANM,WE,Towers with Radar,390,126,46,22,584,0,45,10,3,58,390,171,56,25,642,0,0,0,642
03/09/2010,PDX,OR,ANM,WE,Towers with Radar,395,173,49,23,640,0,27,16,4,47,395,200,65,27,687,0,0,0,687
03/10/2010,PDX,OR,ANM,WE,Towers with Radar,406,155,34,18,613,0,41,14,1,56,406,196,48,19,669,0,0,0,669
03/11/2010,PDX,OR,ANM,WE,Towers with Radar,395,187,42,12,636,0,4,3,1,8,395,191,45,13,644,0,0,0,644
03/12/2010,PDX,OR,ANM,WE,Towers with Radar,390,158,44,4,596,0,38,6,0,44,390,196,50,4,640,2,0,2,642
03/13/2010,PDX,OR,ANM,WE,Towers with Radar,319,86,19,1,425,0,14,17,0,31,319,100,36,1,456,0,0,0,456
03/14/2010,PDX,OR,ANM,WE,Towers with Radar,343,71,17,5,436,0,9,19,0,28,343,80,36,5,464,0,0,0,464
03/15/2010,PDX,OR,ANM,WE,Towers with Radar,394,112,26,15,547,0,55,13,1,69,394,167,39,16,616,6,0,6,622
03/16/2010,PDX,OR,ANM,WE,Towers with Radar,404,143,42,18,607,0,44,3,0,47,404,187,45,18,654,0,0,0,654
03/17/2010,PDX,OR,ANM,WE,Towers with Radar,402,142,43,13,600,0,51,19,1,71,402,193,62,14,671,0,0,0,671
03/18/2010,PDX,OR,ANM,WE,Towers with Radar,401,129,41,5,576,1,52,26,0,79,402,181,67,5,655,0,0,0,655
03/19/2010,PDX,OR,ANM,WE,Towers with Radar,396,133,63,21,613,0,55,40,0,95,396,188,103,21,708,4,0,4,712
03/20/2010,PDX,OR,ANM,WE,Towers with Radar,337,79,25,1,442,0,20,28,3,51,337,99,53,4,493,0,0,0,493
03/21/2010,PDX,OR,ANM,WE,Towers with Radar,341,77,24,1,443,0,1,6,1,8,341,78,30,2,451,0,0,0,451
03/22/2010,PDX,OR,ANM,WE,Towers with Radar,393,116,36,0,545,0,40,18,0,58,393,156,54,0,603,0,0,0,603
03/23/2010,PDX,OR,ANM,WE,Towers with Radar,389,132,36,5,562,0,53,19,0,72,389,185,55,5,634,0,0,0,634
03/24/2010,PDX,OR,ANM,WE,Towers with Radar,396,120,26,6,548,0,54,22,1,77,396,174,48,7,625,0,0,0,625
03/25/2010,PDX,OR,ANM,WE,Towers with Radar,408,159,33,11,611,0,23,4,0,27,408,182,37,11,638,0,0,0,638
03/26/2010,PDX,OR,ANM,WE,Towers with Radar,392,140,57,13,602,0,38,9,0,47,392,178,66,13,649,2,0,2,651
03/27/2010,PDX,OR,ANM,WE,Towers with Radar,337,81,31,0,449,0,18,25,0,43,337,99,56,0,492,2,0,2,494
03/28/2010,PDX,OR,ANM,WE,Towers with Radar,352,77,16,0,445,0,2,3,0,5,352,79,19,0,450,0,0,0,450
03/29/2010,PDX,OR,ANM,WE,Towers with Radar,399,128,32,8,567,0,36,9,0,45,399,164,41,8,612,0,0,0,612
03/30/2010,PDX,OR,ANM,WE,Towers with Radar,405,151,34,11,601,0,33,13,0,46,405,184,47,11,647,4,0,4,651
03/31/2010,PDX,OR,ANM,WE,Towers with Radar,403,134,40,9,586,0,49,8,0,57,403,183,48,9,643,0,0,0,643
04/01/2010,PDX,OR,ANM,WE,Towers with Radar,406,142,40,9,597,0,55,13,2,70,406,197,53,11,667,0,0,0,667
04/02/2010,PDX,OR,ANM,WE,Towers with Radar,400,146,36,1,583,0,37,3,0,40,400,183,39,1,623,0,0,0,623
04/03/2010,PDX,OR,ANM,WE,Towers with Radar,332,82,21,0,435,0,6,7,0,13,332,88,28,0,448,0,0,0,448
04/04/2010,PDX,OR,ANM,WE,Towers with Radar,352,72,12,0,436,0,0,0,0,0,352,72,12,0,436,0,0,0,436
04/05/2010,PDX,OR,ANM,WE,Towers with Radar,396,131,38,2,567,0,37,4,0,41,396,168,42,2,608,0,0,0,608
04/06/2010,PDX,OR,ANM,WE,Towers with Radar,408,137,30,22,597,0,41,5,0,46,408,178,35,22,643,0,2,2,645
04/07/2010,PDX,OR,ANM,WE,Towers with Radar,397,136,37,25,595,0,49,27,0,76,397,185,64,25,671,0,0,0,671
04/08/2010,PDX,OR,ANM,WE,Towers with Radar,400,144,36,14,594,0,50,14,1,65,400,194,50,15,659,0,0,0,659
04/09/2010,PDX,OR,ANM,WE,Towers with Radar,399,146,39,19,603,0,39,30,4,73,399,185,69,23,676,0,0,0,676
04/10/2010,PDX,OR,ANM,WE,Towers with Radar,333,73,24,13,443,0,16,28,0,44,333,89,52,13,487,0,0,0,487
04/11/2010,PDX,OR,ANM,WE,Towers with Radar,344,71,27,13,455,0,5,16,0,21,344,76,43,13,476,0,0,0,476
04/12/2010,PDX,OR,ANM,WE,Towers with Radar,399,117,44,19,579,0,47,29,0,76,399,164,73,19,655,0,0,0,655
04/13/2010,PDX,OR,ANM,WE,Towers with Radar,404,136,29,16,585,0,43,7,0,50,404,179,36,16,635,0,0,0,635
04/14/2010,PDX,OR,ANM,WE,Towers with Radar,401,139,43,15,598,0,57,37,1,95,401,196,80,16,693,0,0,0,693
04/15/2010,PDX,OR,ANM,WE,Towers with Radar,411,135,46,9,601,0,46,21,4,71,411,181,67,13,672,10,0,10,682
04/16/2010,PDX,OR,ANM,WE,Towers with Radar,393,126,47,4,570,0,48,56,0,104,393,174,103,4,674,0,0,0,674
04/17/2010,PDX,OR,ANM,WE,Towers with Radar,323,80,21,6,430,0,10,10,0,20,323,90,31,6,450,0,0,0,450
04/18/2010,PDX,OR,ANM,WE,Towers with Radar,345,81,20,7,453,0,5,21,1,27,345,86,41,8,480,4,0,4,484
04/19/2010,PDX,OR,ANM,WE,Towers with Radar,394,111,50,4,559,0,89,21,0,110,394,200,71,4,669,16,0,16,685
04/20/2010,PDX,OR,ANM,WE,Towers with Radar,395,139,54,14,602,0,39,5,0,44,395,178,59,14,646,0,0,0,646
04/21/2010,PDX,OR,ANM,WE,Towers with Radar,396,141,32,24,593,0,44,10,0,54,396,185,42,24,647,0,12,12,659
04/22/2010,PDX,OR,ANM,WE,Towers with Radar,397,135,47,14,593,0,43,48,1,92,397,178,95,15,685,8,0,8,693
04/23/2010,PDX,OR,ANM,WE,Towers with Radar,399,127,48,13,587,0,49,44,3,96,399,176,92,16,683,0,0,0,683
04/24/2010,PDX,OR,ANM,WE,Towers with Radar,331,78,25,6,440,0,9,16,0,25,331,87,41,6,465,2,0,2,467
04/25/2010,PDX,OR,ANM,WE,Towers with Radar,335,75,17,3,430,0,8,53,0,61,335,83,70,3,491,0,0,0,491
04/26/2010,PDX,OR,ANM,WE,Towers with Radar,392,114,25,18,549,0,58,37,0,95,392,172,62,18,644,8,0,8,652
04/27/2010,PDX,OR,ANM,WE,Towers with Radar,391,143,35,20,589,0,40,12,0,52,391,183,47,20,641,0,0,0,641
04/28/2010,PDX,OR,ANM,WE,Towers with Radar,393,153,48,21,615,0,42,13,3,58,393,195,61,24,673,8,0,8,681
04/29/2010,PDX,OR,ANM,WE,Towers with Radar,403,133,44,22,602,0,45,15,0,60,403,178,59,22,662,0,0,0,662
04/30/2010,PDX,OR,ANM,WE,Towers with Radar,390,135,34,18,577,0,42,26,3,71,390,177,60,21,648,0,0,0,648
05/01/2010,PDX,OR,ANM,WE,Towers with Radar,336,71,19,12,438,0,11,16,0,27,336,82,35,12,465,10,0,10,475
05/02/2010,PDX,OR,ANM,WE,Towers with Radar,341,77,35,29,482,0,4,22,0,26,341,81,57,29,508,0,0,0,508
05/03/2010,PDX,OR,ANM,WE,Towers with Radar,408,132,38,2,580,0,49,8,0,57,408,181,46,2,637,0,0,0,637
05/04/2010,PDX,OR,ANM,WE,Towers with Radar,409,137,24,23,593,0,42,11,0,53,409,179,35,23,646,0,0,0,646
05/05/2010,PDX,OR,ANM,WE,Towers with Radar,403,149,29,34,615,0,44,6,0,50,403,193,35,34,665,0,0,0,665
05/06/2010,PDX,OR,ANM,WE,Towers with Radar,411,140,37,19,607,0,52,39,2,93,411,192,76,21,700,30,0,30,730
05/07/2010,PDX,OR,ANM,WE,Towers with Radar,399,135,42,6,582,0,58,51,4,113,399,193,93,10,695,52,0,52,747
05/08/2010,PDX,OR,ANM,WE,Towers with Radar,522,132,36,4,694,0,32,29,2,63,522,164,65,6,757,34,0,34,791
05/09/2010,PDX,OR,ANM,WE,Towers with Radar,464,93,19,1,577,0,15,27,3,45,464,108,46,4,622,0,0,0,622
05/10/2010,PDX,OR,ANM,WE,Towers with Radar,408,118,24,17,567,0,42,13,0,55,408,160,37,17,622,0,0,0,622
05/11/2010,PDX,OR,ANM,WE,Towers with Radar,414,125,42,14,595,0,47,26,0,73,414,172,68,14,668,6,0,6,674
05/12/2010,PDX,OR,ANM,WE,Towers with Radar,402,130,64,19,615,2,46,44,0,92,404,176,108,19,707,4,1,5,712
05/13/2010,PDX,OR,ANM,WE,Towers with Radar,415,122,37,15,589,0,59,34,3,96,415,181,71,18,685,2,0,2,687
05/14/2010,PDX,OR,ANM,WE,Towers with Radar,403,116,41,7,567,0,45,53,2,100,403,161,94,9,667,26,0,26,693
05/15/2010,PDX,OR,ANM,WE,Towers with Radar,359,69,15,3,446,0,16,29,0,45,359,85,44,3,491,2,0,2,493
05/16/2010,PDX,OR,ANM,WE,Towers with Radar,360,76,20,2,458,0,5,26,0,31,360,81,46,2,489,6,0,6,495
05/17/2010,PDX,OR,ANM,WE,Towers with Radar,410,126,41,2,579,0,32,25,0,57,410,158,66,2,636,0,0,0,636
05/18/2010,PDX,OR,ANM,WE,Towers with Radar,417,134,45,13,609,0,39,13,0,52,417,173,58,13,661,0,0,0,661
05/19/2010,PDX,OR,ANM,WE,Towers with Radar,408,134,46,10,598,0,44,15,3,62,408,178,61,13,660,0,0,0,660
05/20/2010,PDX,OR,ANM,WE,Towers with Radar,417,138,34,14,603,0,40,13,0,53,417,178,47,14,656,0,0,0,656
05/21/2010,PDX,OR,ANM,WE,Towers with Radar,408,140,43,15,606,0,27,4,3,34,408,167,47,18,640,0,0,0,640
05/22/2010,PDX,OR,ANM,WE,Towers with Radar,353,82,21,1,457,0,4,11,1,16,353,86,32,2,473,0,0,0,473
05/23/2010,PDX,OR,ANM,WE,Towers with Radar,357,83,26,0,466,0,2,14,1,17,357,85,40,1,483,0,0,0,483
05/24/2010,PDX,OR,ANM,WE,Towers with Radar,404,120,35,13,572,0,45,24,0,69,404,165,59,13,641,0,0,0,641
05/25/2010,PDX,OR,ANM,WE,Towers with Radar,411,123,47,14,595,0,44,19,0,63,411,167,66,14,658,0,0,0,658
05/26/2010,PDX,OR,ANM,WE,Towers with Radar,417,137,44,17,615,0,37,0,0,37,417,174,44,17,652,0,0,0,652
05/27/2010,PDX,OR,ANM,WE,Towers with Radar,419,128,48,13,608,0,44,12,0,56,419,172,60,13,664,14,0,14,678
05/28/2010,PDX,OR,ANM,WE,Towers with Radar,416,136,33,0,585,0,37,7,0,44,416,173,40,0,629,0,0,0,629
05/29/2010,PDX,OR,ANM,WE,Towers with Radar,358,72,24,0,454,0,9,10,0,19,358,81,34,0,473,0,0,0,473
05/30/2010,PDX,OR,ANM,WE,Towers with Radar,323,59,14,0,396,0,2,9,0,11,323,61,23,0,407,0,0,0,407
05/31/2010,PDX,OR,ANM,WE,Towers with Radar,389,77,12,2,480,0,2,9,1,12,389,79,21,3,492,0,2,2,494
06/01/2010,PDX,OR,ANM,WE,Towers with Radar,401,138,25,16,580,0,25,16,0,41,401,163,41,16,621,0,0,0,621
06/02/2010,PDX,OR,ANM,WE,Towers with Radar,432,141,52,17,642,0,36,0,0,36,432,177,52,17,678,0,0,0,678
06/03/2010,PDX,OR,ANM,WE,Towers with Radar,420,137,50,21,628,0,36,18,4,58,420,173,68,25,686,0,0,0,686
06/04/2010,PDX,OR,ANM,WE,Towers with Radar,427,136,50,22,635,0,36,4,0,40,427,172,54,22,675,2,0,2,677
06/05/2010,PDX,OR,ANM,WE,Towers with Radar,358,71,20,0,449,0,16,27,0,43,358,87,47,0,492,20,0,20,512
06/06/2010,PDX,OR,ANM,WE,Towers with Radar,384,71,29,1,485,0,0,32,0,32,384,71,61,1,517,0,0,0,517
06/07/2010,PDX,OR,ANM,WE,Towers with Radar,422,110,47,14,593,0,43,22,0,65,422,153,69,14,658,0,0,0,658
06/08/2010,PDX,OR,ANM,WE,Towers with Radar,427,131,40,9,607,0,58,48,1,107,427,189,88,10,714,14,0,14,728
06/09/2010,PDX,OR,ANM,WE,Towers with Radar,427,133,45,11,616,0,46,6,0,52,427,179,51,11,668,0,0,0,668
06/10/2010,PDX,OR,ANM,WE,Towers with Radar,445,142,68,13,668,0,48,21,1,70,445,190,89,14,738,28,0,28,766
06/11/2010,PDX,OR,ANM,WE,Towers with Radar,432,131,44,20,627,0,41,14,1,56,432,172,58,21,683,2,0,2,685
06/12/2010,PDX,OR,ANM,WE,Towers with Radar,368,94,25,2,489,0,13,25,1,39,368,107,50,3,528,0,0,0,528
06/13/2010,PDX,OR,ANM,WE,Towers with Radar,396,77,24,0,497,0,5,41,0,46,396,82,65,0,543,18,0,18,561
06/14/2010,PDX,OR,ANM,WE,Towers with Radar,432,119,55,6,612,0,42,7,0,49,432,161,62,6,661,0,0,0,661
06/15/2010,PDX,OR,ANM,WE,Towers with Radar,428,139,41,23,631,0,45,20,1,66,428,184,61,24,697,0,0,0,697
06/16/2010,PDX,OR,ANM,WE,Towers with Radar,440,139,45,27,651,0,42,12,3,57,440,181,57,30,708,0,0,0,708
06/17/2010,PDX,OR,ANM,WE,Towers with Radar,450,139,51,23,663,0,42,12,3,57,450,181,63,26,720,4,0,4,724
06/18/2010,PDX,OR,ANM,WE,Towers with Radar,436,139,29,21,625,0,43,35,3,81,436,182,64,24,706,0,0,0,706
06/19/2010,PDX,OR,ANM,WE,Towers with Radar,376,105,23,2,506,0,3,14,0,17,376,108,37,2,523,2,0,2,525
06/20/2010,PDX,OR,ANM,WE,Towers with Radar,403,88,28,8,527,0,0,11,0,11,403,88,39,8,538,14,0,14,552
06/21/2010,PDX,OR,ANM,WE,Towers with Radar,436,127,54,14,631,0,40,15,2,57,436,167,69,16,688,0,0,0,688
06/22/2010,PDX,OR,ANM,WE,Towers with Radar,444,133,45,27,649,0,50,27,0,77,444,183,72,27,726,0,0,0,726
06/23/2010,PDX,OR,ANM,WE,Towers with Radar,440,130,43,10,623,0,60,20,2,82,440,190,63,12,705,0,0,0,705
06/24/2010,PDX,OR,ANM,WE,Towers with Radar,448,124,44,29,645,0,56,61,0,117,448,180,105,29,762,14,0,14,776
06/25/2010,PDX,OR,ANM,WE,Towers with Radar,442,138,53,24,657,0,44,23,0,67,442,182,76,24,724,4,0,4,728
06/26/2010,PDX,OR,ANM,WE,Towers with Radar,379,91,23,7,500,1,16,32,2,51,380,107,55,9,551,0,0,0,551
06/27/2010,PDX,OR,ANM,WE,Towers with Radar,394,84,24,2,504,0,7,34,0,41,394,91,58,2,545,0,0,0,545
06/28/2010,PDX,OR,ANM,WE,Towers with Radar,441,123,39,4,607,0,46,11,0,57,441,169,50,4,664,0,0,0,664
06/29/2010,PDX,OR,ANM,WE,Towers with Radar,447,132,50,15,644,0,50,34,0,84,447,182,84,15,728,6,0,6,734
06/30/2010,PDX,OR,ANM,WE,Towers with Radar,440,130,46,7,623,0,58,24,0,82,440,188,70,7,705,0,0,0,705
07/01/2010,PDX,OR,ANM,WE,Towers with Radar,451,141,29,13,634,0,47,18,1,66,451,188,47,14,700,0,0,0,700
07/02/2010,PDX,OR,ANM,WE,Towers with Radar,442,141,37,15,635,0,34,13,0,47,442,175,50,15,682,0,0,0,682
07/03/2010,PDX,OR,ANM,WE,Towers with Radar,376,83,14,0,473,0,14,15,0,29,376,97,29,0,502,0,0,0,502
07/04/2010,PDX,OR,ANM,WE,Towers with Radar,335,63,17,7,422,0,2,20,0,22,335,65,37,7,444,0,0,0,444
07/05/2010,PDX,OR,ANM,WE,Towers with Radar,407,82,28,0,517,0,5,22,0,27,407,87,50,0,544,2,0,2,546
07/06/2010,PDX,OR,ANM,WE,Towers with Radar,440,108,44,15,607,0,71,42,6,119,440,179,86,21,726,0,0,0,726
07/07/2010,PDX,OR,ANM,WE,Towers with Radar,453,126,30,11,620,0,57,66,1,124,453,183,96,12,744,8,0,8,752
07/08/2010,PDX,OR,ANM,WE,Towers with Radar,453,125,49,11,638,0,54,47,3,104,453,179,96,14,742,24,0,24,766
07/09/2010,PDX,OR,ANM,WE,Towers with Radar,439,121,41,9,610,0,52,51,1,104,439,173,92,10,714,12,0,12,726
07/10/2010,PDX,OR,ANM,WE,Towers with Radar,383,87,24,7,501,0,15,29,0,44,383,102,53,7,545,27,0,27,572
07/11/2010,PDX,OR,ANM,WE,Towers with Radar,404,67,26,4,501,0,6,29,0,35,404,73,55,4,536,12,0,12,548
07/12/2010,PDX,OR,ANM,WE,Towers with Radar,438,126,30,5,599,0,46,26,0,72,438,172,56,5,671,0,2,2,673
07/13/2010,PDX,OR,ANM,WE,Towers with Radar,442,129,37,19,627,0,55,63,2,120,442,184,100,21,747,2,0,2,749
07/14/2010,PDX,OR,ANM,WE,Towers with Radar,451,124,36,15,626,0,62,31,1,94,451,186,67,16,720,26,0,26,746
07/15/2010,PDX,OR,ANM,WE,Towers with Radar,451,121,33,11,616,0,55,46,2,103,451,176,79,13,719,24,0,24,743
07/16/2010,PDX,OR,ANM,WE,Towers with Radar,434,134,42,3,613,0,46,52,2,100,434,180,94,5,713,0,0,0,713
07/17/2010,PDX,OR,ANM,WE,Towers with Radar,377,99,30,6,512,0,12,27,1,40,377,111,57,7,552,0,0,0,552
07/18/2010,PDX,OR,ANM,WE,Towers with Radar,392,80,35,2,509,0,3,19,2,24,392,83,54,4,533,0,0,0,533
07/19/2010,PDX,OR,ANM,WE,Towers with Radar,442,129,48,5,624,0,47,26,0,73,442,176,74,5,697,4,0,4,701
07/20/2010,PDX,OR,ANM,WE,Towers with Radar,445,141,54,7,647,0,41,20,0,61,445,182,74,7,708,4,0,4,712
07/21/2010,PDX,OR,ANM,WE,Towers with Radar,448,143,43,7,641,0,47,12,1,60,448,190,55,8,701,2,0,2,703
07/22/2010,PDX,OR,ANM,WE,Towers with Radar,446,132,42,1,621,0,52,34,0,86,446,184,76,1,707,44,0,44,751
07/23/2010,PDX,OR,ANM,WE,Towers with Radar,431,142,37,4,614,0,48,38,0,86,431,190,75,4,700,34,0,34,734
07/24/2010,PDX,OR,ANM,WE,Towers with Radar,375,82,19,2,478,0,21,31,4,56,375,103,50,6,534,0,0,0,534
07/25/2010,PDX,OR,ANM,WE,Towers with Radar,408,66,25,2,501,0,7,47,0,54,408,73,72,2,555,0,0,0,555
07/26/2010,PDX,OR,ANM,WE,Towers with Radar,430,122,29,0,581,0,60,30,0,90,430,182,59,0,671,22,0,22,693
07/27/2010,PDX,OR,ANM,WE,Towers with Radar,450,137,28,5,620,0,49,37,1,87,450,186,65,6,707,8,0,8,715
07/28/2010,PDX,OR,ANM,WE,Towers with Radar,436,132,29,5,602,0,47,20,0,67,436,179,49,5,669,0,0,0,669
07/29/2010,PDX,OR,ANM,WE,Towers with Radar,455,140,31,2,628,0,52,21,0,73,455,192,52,2,701,30,0,30,731
07/30/2010,PDX,OR,ANM,WE,Towers with Radar,439,136,53,6,634,0,45,14,3,62,439,181,67,9,696,0,0,0,696
07/31/2010,PDX,OR,ANM,WE,Towers with Radar,374,97,35,2,508,0,8,15,2,25,374,105,50,4,533,8,0,8,541
08/01/2010,PDX,OR,ANM,WE,Towers with Radar,390,81,31,1,503,0,3,18,0,21,390,84,49,1,524,2,0,2,526
08/02/2010,PDX,OR,ANM,WE,Towers with Radar,435,129,34,14,612,0,52,28,0,80,435,181,62,14,692,44,2,46,738
08/03/2010,PDX,OR,ANM,WE,Towers with Radar,436,143,53,17,649,0,43,28,0,71,436,186,81,17,720,14,0,14,734
08/04/2010,PDX,OR,ANM,WE,Towers with Radar,445,143,56,11,655,0,43,24,0,67,445,186,80,11,722,0,0,0,722
08/05/2010,PDX,OR,ANM,WE,Towers with Radar,440,141,64,24,669,0,47,23,0,70,440,188,87,24,739,12,0,12,751
08/06/2010,PDX,OR,ANM,WE,Towers with Radar,445,137,61,31,674,0,45,31,0,76,445,182,92,31,750,36,0,36,786
08/07/2010,PDX,OR,ANM,WE,Towers with Radar,369,95,31,2,497,0,12,13,0,25,369,107,44,2,522,0,0,0,522
08/08/2010,PDX,OR,ANM,WE,Towers with Radar,393,88,35,5,521,0,3,11,0,14,393,91,46,5,535,0,0,0,535
08/09/2010,PDX,OR,ANM,WE,Towers with Radar,441,143,39,5,628,0,41,22,0,63,441,184,61,5,691,0,0,0,691
08/10/2010,PDX,OR,ANM,WE,Towers with Radar,438,145,40,18,641,0,44,14,1,59,438,189,54,19,700,18,2,20,720
08/11/2010,PDX,OR,ANM,WE,Towers with Radar,439,141,27,21,628,0,45,17,1,63,439,186,44,22,691,0,0,0,691
08/12/2010,PDX,OR,ANM,WE,Towers with Radar,442,144,46,18,650,0,51,36,2,89,442,195,82,20,739,48,0,48,787
08/13/2010,PDX,OR,ANM,WE,Towers with Radar,431,124,33,9,597,0,53,34,2,89,431,177,67,11,686,4,0,4,690
08/14/2010,PDX,OR,ANM,WE,Towers with Radar,372,86,15,1,474,0,16,22,1,39,372,102,37,2,513,0,0,0,513
08/15/2010,PDX,OR,ANM,WE,Towers with Radar,390,76,22,1,489,0,7,20,0,27,390,83,42,1,516,0,0,0,516
08/16/2010,PDX,OR,ANM,WE,Towers with Radar,433,113,23,10,579,0,55,33,2,90,433,168,56,12,669,0,0,0,669
08/17/2010,PDX,OR,ANM,WE,Towers with Radar,439,130,42,14,625,0,53,38,0,91,439,183,80,14,716,4,0,4,720
08/18/2010,PDX,OR,ANM,WE,Towers with Radar,431,134,47,10,622,0,48,21,0,69,431,182,68,10,691,6,0,6,697
08/19/2010,PDX,OR,ANM,WE,Towers with Radar,430,133,61,14,638,0,44,16,2,62,430,177,77,16,700,0,0,0,700
08/20/2010,PDX,OR,ANM,WE,Towers with Radar,426,127,36,12,601,0,50,32,2,84,426,177,68,14,685,0,0,0,685
08/21/2010,PDX,OR,ANM,WE,Towers with Radar,364,91,26,9,490,0,10,21,1,32,364,101,47,10,522,4,0,4,526
08/22/2010,PDX,OR,ANM,WE,Towers with Radar,385,80,22,8,495,0,5,19,0,24,385,85,41,8,519,0,0,0,519
08/23/2010,PDX,OR,ANM,WE,Towers with Radar,438,119,46,1,604,6,56,22,0,84,444,175,68,1,688,0,0,0,688
08/24/2010,PDX,OR,ANM,WE,Towers with Radar,431,147,55,8,641,1,57,20,1,79,432,204,75,9,720,2,0,2,722
08/25/2010,PDX,OR,ANM,WE,Towers with Radar,432,129,45,10,616,0,59,27,3,89,432,188,72,13,705,30,0,30,735
08/26/2010,PDX,OR,ANM,WE,Towers with Radar,436,129,38,8,611,0,50,29,1,80,436,179,67,9,691,8,0,8,699
08/27/2010,PDX,OR,ANM,WE,Towers with Radar,426,130,33,4,593,0,53,42,2,97,426,183,75,6,690,2,0,2,692
08/28/2010,PDX,OR,ANM,WE,Towers with Radar,353,68,25,1,447,0,11,33,1,45,353,79,58,2,492,0,0,0,492
08/29/2010,PDX,OR,ANM,WE,Towers with Radar,379,85,30,4,498,1,3,23,0,27,380,88,53,4,525,2,0,2,527
08/30/2010,PDX,OR,ANM,WE,Towers with Radar,419,118,25,12,574,0,46,19,0,65,419,164,44,12,639,0,0,0,639
08/31/2010,PDX,OR,ANM,WE,Towers with Radar,426,146,37,3,612,0,35,16,0,51,426,181,53,3,663,0,0,0,663
09/01/2010,PDX,OR,ANM,WE,Towers with Radar,429,142,44,13,628,0,36,8,0,44,429,178,52,13,672,2,0,2,674
09/02/2010,PDX,OR,ANM,WE,Towers with Radar,434,125,42,11,612,0,53,35,0,88,434,178,77,11,700,0,0,0,700
09/03/2010,PDX,OR,ANM,WE,Towers with Radar,429,129,36,1,595,0,51,25,0,76,429,180,61,1,671,0,0,0,671
09/04/2010,PDX,OR,ANM,WE,Towers with Radar,351,73,19,2,445,0,14,10,3,27,351,87,29,5,472,0,0,0,472
09/05/2010,PDX,OR,ANM,WE,Towers with Radar,344,54,16,0,414,0,6,11,0,17,344,60,27,0,431,0,0,0,431
09/06/2010,PDX,OR,ANM,WE,Towers with Radar,388,84,18,0,490,0,9,13,0,22,388,93,31,0,512,0,0,0,512
09/07/2010,PDX,OR,ANM,WE,Towers with Radar,412,167,47,17,643,0,5,6,0,11,412,172,53,17,654,0,0,0,654
09/08/2010,PDX,OR,ANM,WE,Towers with Radar,425,143,43,9,620,0,39,15,0,54,425,182,58,9,674,0,0,0,674
09/09/2010,PDX,OR,ANM,WE,Towers with Radar,427,143,46,18,634,0,47,14,0,61,427,190,60,18,695,0,0,0,695
09/10/2010,PDX,OR,ANM,WE,Towers with Radar,419,132,41,12,604,0,49,17,3,69,419,181,58,15,673,20,0,20,693
09/11/2010,PDX,OR,ANM,WE,Towers with Radar,344,84,24,11,463,0,9,14,2,25,344,93,38,13,488,4,0,4,492
09/12/2010,PDX,OR,ANM,WE,Towers with Radar,368,74,22,13,477,0,7,29,4,40,368,81,51,17,517,0,0,0,517
09/13/2010,PDX,OR,ANM,WE,Towers with Radar,419,123,37,11,590,0,48,22,1,71,419,171,59,12,661,0,0,0,661
09/14/2010,PDX,OR,ANM,WE,Towers with Radar,422,137,44,14,617,0,47,13,0,60,422,184,57,14,677,0,0,0,677
09/15/2010,PDX,OR,ANM,WE,Towers with Radar,419,137,50,15,621,0,44,28,0,72,419,181,78,15,693,0,0,0,693
09/16/2010,PDX,OR,ANM,WE,Towers with Radar,429,137,55,14,635,0,45,8,0,53,429,182,63,14,688,0,0,0,688
09/17/2010,PDX,OR,ANM,WE,Towers with Radar,418,145,52,21,636,0,34,13,2,49,418,179,65,23,685,2,0,2,687
09/18/2010,PDX,OR,ANM,WE,Towers with Radar,343,91,34,6,474,0,4,5,0,9,343,95,39,6,483,0,0,0,483
09/19/2010,PDX,OR,ANM,WE,Towers with Radar,367,78,12,3,460,0,2,8,0,10,367,80,20,3,470,0,0,0,470
09/20/2010,PDX,OR,ANM,WE,Towers with Radar,411,130,49,11,601,0,48,16,0,64,411,178,65,11,665,0,0,0,665
09/21/2010,PDX,OR,ANM,WE,Towers with Radar,418,136,41,16,611,0,50,13,1,64,418,186,54,17,675,0,0,0,675
09/22/2010,PDX,OR,ANM,WE,Towers with Radar,415,144,45,13,617,0,53,29,0,82,415,197,74,13,699,6,0,6,705
09/23/2010,PDX,OR,ANM,WE,Towers with Radar,422,140,44,18,624,0,43,12,0,55,422,183,56,18,679,0,0,0,679
09/24/2010,PDX,OR,ANM,WE,Towers with Radar,417,126,40,16,599,0,49,35,2,86,417,175,75,18,685,0,0,0,685
09/25/2010,PDX,OR,ANM,WE,Towers with Radar,350,78,22,5,455,0,14,21,0,35,350,92,43,5,490,0,0,0,490
09/26/2010,PDX,OR,ANM,WE,Towers with Radar,363,77,45,4,489,0,1,7,0,8,363,78,52,4,497,0,0,0,497
09/27/2010,PDX,OR,ANM,WE,Towers with Radar,415,119,35,13,582,0,55,24,2,81,415,174,59,15,663,0,0,0,663
09/28/2010,PDX,OR,ANM,WE,Towers with Radar,424,146,41,22,633,0,45,8,0,53,424,191,49,22,686,0,0,0,686
09/29/2010,PDX,OR,ANM,WE,Towers with Radar,422,135,38,5,600,0,43,18,1,62,422,178,56,6,662,4,0,4,666
09/30/2010,PDX,OR,ANM,WE,Towers with Radar,421,123,38,2,584,0,54,24,0,78,421,177,62,2,662,0,0,0,662
10/01/2010,PDX,OR,ANM,WE,Towers with Radar,419,136,44,6,605,0,40,12,0,52,419,176,56,6,657,0,0,0,657
10/02/2010,PDX,OR,ANM,WE,Towers with Radar,336,84,36,10,466,0,13,23,1,37,336,97,59,11,503,0,0,0,503
10/03/2010,PDX,OR,ANM,WE,Towers with Radar,364,78,31,9,482,0,3,8,0,11,364,81,39,9,493,4,0,4,497
10/04/2010,PDX,OR,ANM,WE,Towers with Radar,406,121,33,3,563,0,46,27,1,74,406,167,60,4,637,0,0,0,637
10/05/2010,PDX,OR,ANM,WE,Towers with Radar,416,120,42,8,586,0,49,35,1,85,416,169,77,9,671,0,0,0,671
10/06/2010,PDX,OR,ANM,WE,Towers with Radar,418,119,31,8,576,0,56,37,0,93,418,175,68,8,669,0,0,0,669
10/07/2010,PDX,OR,ANM,WE,Towers with Radar,420,135,36,8,599,0,45,17,0,62,420,180,53,8,661,12,0,12,673
10/08/2010,PDX,OR,ANM,WE,Towers with Radar,420,119,33,9,581,0,44,10,0,54,420,163,43,9,635,0,0,0,635
10/09/2010,PDX,OR,ANM,WE,Towers with Radar,347,84,21,0,452,0,2,3,0,5,347,86,24,0,457,26,0,26,483
10/10/2010,PDX,OR,ANM,WE,Towers with Radar,367,67,26,2,462,0,3,8,0,11,367,70,34,2,473,0,0,0,473
10/11/2010,PDX,OR,ANM,WE,Towers with Radar,408,97,36,0,541,0,36,14,0,50,408,133,50,0,591,0,0,0,591
10/12/2010,PDX,OR,ANM,WE,Towers with Radar,427,109,31,8,575,0,59,36,2,97,427,168,67,10,672,26,0,26,698
10/13/2010,PDX,OR,ANM,WE,Towers with Radar,411,114,45,10,580,0,49,28,0,77,411,163,73,10,657,0,0,0,657
10/14/2010,PDX,OR,ANM,WE,Towers with Radar,419,120,37,5,581,0,40,15,0,55,419,160,52,5,636,6,0,6,642
10/15/2010,PDX,OR,ANM,WE,Towers with Radar,435,120,46,6,607,0,47,29,2,78,435,167,75,8,685,0,0,0,685
10/16/2010,PDX,OR,ANM,WE,Towers with Radar,337,74,13,2,426,0,19,25,0,44,337,93,38,2,470,0,0,0,470
10/17/2010,PDX,OR,ANM,WE,Towers with Radar,360,66,31,5,462,0,9,27,3,39,360,75,58,8,501,0,0,0,501
10/18/2010,PDX,OR,ANM,WE,Towers with Radar,421,103,36,2,562,0,54,26,2,82,421,157,62,4,644,0,0,0,644
10/19/2010,PDX,OR,ANM,WE,Towers with Radar,414,131,45,10,600,0,47,9,1,57,414,178,54,11,657,0,0,0,657
10/20/2010,PDX,OR,ANM,WE,Towers with Radar,415,146,54,10,625,0,28,22,4,54,415,174,76,14,679,30,0,30,709
10/21/2010,PDX,OR,ANM,WE,Towers with Radar,432,121,53,9,615,0,42,20,0,62,432,163,73,9,677,0,0,0,677
10/22/2010,PDX,OR,ANM,WE,Towers with Radar,417,111,37,10,575,0,45,10,4,59,417,156,47,14,634,0,0,0,634
10/23/2010,PDX,OR,ANM,WE,Towers with Radar,334,77,18,0,429,0,6,5,0,11,334,83,23,0,440,0,0,0,440
10/24/2010,PDX,OR,ANM,WE,Towers with Radar,358,69,24,0,451,0,4,6,0,10,358,73,30,0,461,0,0,0,461
10/25/2010,PDX,OR,ANM,WE,Towers with Radar,409,119,38,9,575,0,46,0,0,46,409,165,38,9,621,0,0,0,621
10/26/2010,PDX,OR,ANM,WE,Towers with Radar,409,126,51,10,596,0,50,6,0,56,409,176,57,10,652,0,0,0,652
10/27/2010,PDX,OR,ANM,WE,Towers with Radar,406,118,42,4,570,0,54,21,0,75,406,172,63,4,645,0,0,0,645
10/28/2010,PDX,OR,ANM,WE,Towers with Radar,413,136,56,16,621,0,38,28,0,66,413,174,84,16,687,0,0,0,687
10/29/2010,PDX,OR,ANM,WE,Towers with Radar,415,131,38,6,590,1,33,12,0,46,416,164,50,6,636,0,0,0,636
10/30/2010,PDX,OR,ANM,WE,Towers with Radar,347,78,27,2,454,0,3,3,0,6,347,81,30,2,460,0,0,0,460
10/31/2010,PDX,OR,ANM,WE,Towers with Radar,353,65,18,0,436,0,6,4,0,10,353,71,22,0,446,0,0,0,446
11/01/2010,PDX,OR,ANM,WE,Towers with Radar,409,139,32,0,580,0,17,6,0,23,409,156,38,0,603,0,0,0,603
11/02/2010,PDX,OR,ANM,WE,Towers with Radar,397,134,50,4,585,0,44,14,0,58,397,178,64,4,643,0,0,0,643
11/03/2010,PDX,OR,ANM,WE,Towers with Radar,407,112,46,5,570,0,56,18,0,74,407,168,64,5,644,2,0,2,646
11/04/2010,PDX,OR,ANM,WE,Towers with Radar,413,108,41,8,570,0,57,38,0,95,413,165,79,8,665,8,0,8,673
11/05/2010,PDX,OR,ANM,WE,Towers with Radar,412,141,52,9,614,0,20,12,0,32,412,161,64,9,646,0,0,0,646
11/06/2010,PDX,OR,ANM,WE,Towers with Radar,329,72,26,12,439,0,3,5,0,8,329,75,31,12,447,0,0,0,447
11/07/2010,PDX,OR,ANM,WE,Towers with Radar,353,55,17,12,437,0,6,3,0,9,353,61,20,12,446,0,0,0,446
11/08/2010,PDX,OR,ANM,WE,Towers with Radar,402,113,44,11,570,0,41,8,2,51,402,154,52,13,621,0,0,0,621
11/09/2010,PDX,OR,ANM,WE,Towers with Radar,394,156,44,8,602,0,7,1,0,8,394,163,45,8,610,0,0,0,610
11/10/2010,PDX,OR,ANM,WE,Towers with Radar,396,128,76,8,608,0,36,10,0,46,396,164,86,8,654,0,0,0,654
11/11/2010,PDX,OR,ANM,WE,Towers with Radar,409,134,50,3,596,0,17,10,1,28,409,151,60,4,624,0,0,0,624
11/12/2010,PDX,OR,ANM,WE,Towers with Radar,398,139,51,9,597,0,25,6,0,31,398,164,57,9,628,0,0,0,628
11/13/2010,PDX,OR,ANM,WE,Towers with Radar,323,70,35,0,428,0,0,0,0,0,323,70,35,0,428,0,0,0,428
11/14/2010,PDX,OR,ANM,WE,Towers with Radar,450,66,27,1,544,0,0,0,0,0,450,66,27,1,544,0,0,0,544
11/15/2010,PDX,OR,ANM,WE,Towers with Radar,509,141,41,0,691,0,37,5,1,43,509,178,46,1,734,0,0,0,734
11/16/2010,PDX,OR,ANM,WE,Towers with Radar,417,131,52,11,611,0,55,19,2,76,417,186,71,13,687,16,0,16,703
11/17/2010,PDX,OR,ANM,WE,Towers with Radar,404,152,56,4,616,0,19,8,0,27,404,171,64,4,643,0,0,0,643
11/18/2010,PDX,OR,ANM,WE,Towers with Radar,402,135,46,9,592,1,38,9,0,48,403,173,55,9,640,0,0,0,640
11/19/2010,PDX,OR,ANM,WE,Towers with Radar,404,139,37,16,596,0,31,3,0,34,404,170,40,16,630,0,0,0,630
11/20/2010,PDX,OR,ANM,WE,Towers with Radar,350,72,30,0,452,0,6,5,0,11,350,78,35,0,463,2,0,2,465
11/21/2010,PDX,OR,ANM,WE,Towers with Radar,364,66,39,1,470,0,1,10,0,11,364,67,49,1,481,6,0,6,487
11/22/2010,PDX,OR,ANM,WE,Towers with Radar,384,143,37,11,575,0,7,1,0,8,384,150,38,11,583,0,0,0,583
11/23/2010,PDX,OR,ANM,WE,Towers with Radar,410,138,36,10,594,0,59,20,0,79,410,197,56,10,673,0,0,0,673
11/24/2010,PDX,OR,ANM,WE,Towers with Radar,422,128,33,12,595,0,43,11,0,54,422,171,44,12,649,0,0,0,649
11/25/2010,PDX,OR,ANM,WE,Towers with Radar,296,54,9,0,359,0,6,3,0,9,296,60,12,0,368,0,0,0,368
11/26/2010,PDX,OR,ANM,WE,Towers with Radar,326,111,18,0,455,0,13,4,0,17,326,124,22,0,472,16,0,16,488
11/27/2010,PDX,OR,ANM,WE,Towers with Radar,358,86,33,0,477,0,4,0,0,4,358,90,33,0,481,0,0,0,481
11/28/2010,PDX,OR,ANM,WE,Towers with Radar,373,76,35,0,484,0,4,5,0,9,373,80,40,0,493,0,0,0,493
11/29/2010,PDX,OR,ANM,WE,Towers with Radar,404,115,43,8,570,0,40,22,0,62,404,155,65,8,632,0,0,0,632
11/30/2010,PDX,OR,ANM,WE,Towers with Radar,409,161,32,12,614,0,7,11,0,18,409,168,43,12,632,0,0,0,632
12/01/2010,PDX,OR,ANM,WE,Towers with Radar,406,154,43,8,611,0,20,5,0,25,406,174,48,8,636,0,0,0,636
12/02/2010,PDX,OR,ANM,WE,Towers with Radar,412,152,51,6,621,0,34,2,0,36,412,186,53,6,657,0,0,0,657
12/03/2010,PDX,OR,ANM,WE,Towers with Radar,389,129,42,5,565,0,42,11,0,53,389,171,53,5,618,0,0,0,618
12/04/2010,PDX,OR,ANM,WE,Towers with Radar,322,64,21,2,409,0,17,11,0,28,322,81,32,2,437,0,0,0,437
12/05/2010,PDX,OR,ANM,WE,Towers with Radar,358,53,23,1,435,0,9,19,1,29,358,62,42,2,464,0,0,0,464
12/06/2010,PDX,OR,ANM,WE,Towers with Radar,394,108,29,20,551,0,43,8,0,51,394,151,37,20,602,0,0,0,602
12/07/2010,PDX,OR,ANM,WE,Towers with Radar,398,116,28,29,571,0,41,12,1,54,398,157,40,30,625,0,0,0,625
12/08/2010,PDX,OR,ANM,WE,Towers with Radar,403,120,36,17,576,0,44,8,0,52,403,164,44,17,628,0,0,0,628
12/09/2010,PDX,OR,ANM,WE,Towers with Radar,411,129,36,17,593,0,37,6,0,43,411,166,42,17,636,0,0,0,636
12/10/2010,PDX,OR,ANM,WE,Towers with Radar,392,131,39,22,584,0,38,1,0,39,392,169,40,22,623,0,0,0,623
12/11/2010,PDX,OR,ANM,WE,Towers with Radar,328,79,18,15,440,0,1,0,0,1,328,80,18,15,441,0,0,0,441
12/12/2010,PDX,OR,ANM,WE,Towers with Radar,344,63,22,17,446,0,5,2,0,7,344,68,24,17,453,0,0,0,453
12/13/2010,PDX,OR,ANM,WE,Towers with Radar,392,141,46,1,580,0,17,6,1,24,392,158,52,2,604,0,0,0,604
12/14/2010,PDX,OR,ANM,WE,Towers with Radar,409,139,41,20,609,0,44,2,0,46,409,183,43,20,655,0,0,0,655
12/15/2010,PDX,OR,ANM,WE,Towers with Radar,417,141,46,26,630,0,46,8,0,54,417,187,54,26,684,0,0,0,684
12/16/2010,PDX,OR,ANM,WE,Towers with Radar,424,138,50,12,624,0,61,16,0,77,424,199,66,12,701,0,0,0,701
12/17/2010,PDX,OR,ANM,WE,Towers with Radar,413,117,56,12,598,0,56,24,0,80,413,173,80,12,678,0,0,0,678
12/18/2010,PDX,OR,ANM,WE,Towers with Radar,371,89,22,0,482,0,13,1,0,14,371,102,23,0,496,0,0,0,496
12/19/2010,PDX,OR,ANM,WE,Towers with Radar,378,61,16,0,455,0,4,14,1,19,378,65,30,1,474,0,0,0,474
12/20/2010,PDX,OR,ANM,WE,Towers with Radar,403,119,33,16,571,0,40,6,0,46,403,159,39,16,617,0,0,0,617
12/21/2010,PDX,OR,ANM,WE,Towers with Radar,425,130,44,25,624,0,57,6,0,63,425,187,50,25,687,0,2,2,689
12/22/2010,PDX,OR,ANM,WE,Towers with Radar,438,128,36,17,619,0,50,17,0,67,438,178,53,17,686,0,0,0,686
12/23/2010,PDX,OR,ANM,WE,Towers with Radar,439,124,32,10,605,0,52,8,1,61,439,176,40,11,666,2,0,2,668
12/24/2010,PDX,OR,ANM,WE,Towers with Radar,367,114,11,0,492,0,43,2,0,45,367,157,13,0,537,0,0,0,537
12/25/2010,PDX,OR,ANM,WE,Towers with Radar,297,48,6,0,351,0,3,1,0,4,297,51,7,0,355,0,0,0,355
12/26/2010,PDX,OR,ANM,WE,Towers with Radar,372,71,19,0,462,0,1,2,0,3,372,72,21,0,465,0,0,0,465
12/27/2010,PDX,OR,ANM,WE,Towers with Radar,386,124,44,0,554,0,23,4,2,29,386,147,48,2,583,2,0,2,585
12/28/2010,PDX,OR,ANM,WE,Towers with Radar,403,168,27,12,610,0,0,0,0,0,403,168,27,12,610,0,0,0,610
12/29/2010,PDX,OR,ANM,WE,Towers with Radar,405,129,31,18,583,0,36,3,0,39,405,165,34,18,622,0,0,0,622
12/30/2010,PDX,OR,ANM,WE,Towers with Radar,412,119,25,12,568,0,34,1,0,35,412,153,26,12,603,0,0,0,603
12/31/2010,PDX,OR,ANM,WE,Towers with Radar,380,97,8,0,485,0,38,10,0,48,380,135,18,0,533,0,0,0,533
01/01/2011,PDX,OR,ANM,WE,Towers with Radar,309,56,8,0,373,0,6,17,0,23,309,62,25,0,396,0,0,0,396
01/02/2011,PDX,OR,ANM,WE,Towers with Radar,377,55,22,0,454,0,8,18,0,26,377,63,40,0,480,0,0,0,480
01/03/2011,PDX,OR,ANM,WE,Towers with Radar,407,93,22,8,530,0,56,22,0,78,407,149,44,8,608,0,0,0,608
01/04/2011,PDX,OR,ANM,WE,Towers with Radar,404,116,21,3,544,0,48,20,0,68,404,164,41,3,612,0,0,0,612
01/05/2011,PDX,OR,ANM,WE,Towers with Radar,409,150,29,2,590,0,11,0,0,11,409,161,29,2,601,0,0,0,601
01/06/2011,PDX,OR,ANM,WE,Towers with Radar,570,214,73,22,879,0,27,13,0,40,570,241,86,22,919,0,0,0,919
01/07/2011,PDX,OR,ANM,WE,Towers with Radar,405,138,43,0,586,0,25,4,0,29,405,163,47,0,615,0,0,0,615
01/08/2011,PDX,OR,ANM,WE,Towers with Radar,328,69,22,15,434,0,8,2,0,10,328,77,24,15,444,0,0,0,444
01/09/2011,PDX,OR,ANM,WE,Towers with Radar,332,59,27,27,445,0,4,3,0,7,332,63,30,27,452,0,0,0,452
01/10/2011,PDX,OR,ANM,WE,Towers with Radar,384,103,45,2,534,0,55,18,1,74,384,158,63,3,608,0,0,0,608
01/11/2011,PDX,OR,ANM,WE,Towers with Radar,395,124,46,13,578,0,51,2,0,53,395,175,48,13,631,2,0,2,633
01/12/2011,PDX,OR,ANM,WE,Towers with Radar,402,148,43,23,616,0,16,1,0,17,402,164,44,23,633,0,0,0,633
01/13/2011,PDX,OR,ANM,WE,Towers with Radar,395,140,44,12,591,0,21,2,0,23,395,161,46,12,614,0,0,0,614
01/14/2011,PDX,OR,ANM,WE,Towers with Radar,401,149,47,18,615,0,10,2,0,12,401,159,49,18,627,0,0,0,627
01/15/2011,PDX,OR,ANM,WE,Towers with Radar,303,64,21,0,388,0,2,4,0,6,303,66,25,0,394,0,0,0,394
01/16/2011,PDX,OR,ANM,WE,Towers with Radar,345,63,19,0,427,0,0,1,0,1,345,63,20,0,428,0,0,0,428
01/17/2011,PDX,OR,ANM,WE,Towers with Radar,388,100,49,0,537,0,25,7,0,32,388,125,56,0,569,6,0,6,575
01/18/2011,PDX,OR,ANM,WE,Towers with Radar,386,153,42,7,588,0,4,2,0,6,386,157,44,7,594,0,0,0,594
01/19/2011,PDX,OR,ANM,WE,Towers with Radar,386,153,41,28,608,0,26,10,0,36,386,179,51,28,644,0,0,0,644
01/20/2011,PDX,OR,ANM,WE,Towers with Radar,401,146,62,13,622,0,30,3,0,33,401,176,65,13,655,0,0,0,655
01/21/2011,PDX,OR,ANM,WE,Towers with Radar,403,167,58,10,638,0,2,0,0,2,403,169,58,10,640,0,0,0,640
01/22/2011,PDX,OR,ANM,WE,Towers with Radar,293,63,22,1,379,0,8,32,0,40,293,71,54,1,419,8,0,8,427
01/23/2011,PDX,OR,ANM,WE,Towers with Radar,350,63,36,0,449,0,3,4,0,7,350,66,40,0,456,0,0,0,456
01/24/2011,PDX,OR,ANM,WE,Towers with Radar,394,128,42,1,565,0,39,14,0,53,394,167,56,1,618,4,0,4,622
01/25/2011,PDX,OR,ANM,WE,Towers with Radar,381,135,38,8,562,0,36,8,0,44,381,171,46,8,606,0,0,0,606
01/26/2011,PDX,OR,ANM,WE,Towers with Radar,399,122,30,4,555,0,36,11,0,47,399,158,41,4,602,0,0,0,602
01/27/2011,PDX,OR,ANM,WE,Towers with Radar,399,121,51,5,576,0,40,21,0,61,399,161,72,5,637,0,0,0,637
01/28/2011,PDX,OR,ANM,WE,Towers with Radar,399,123,37,17,576,0,36,7,0,43,399,159,44,17,619,0,0,0,619
01/29/2011,PDX,OR,ANM,WE,Towers with Radar,297,60,10,0,367,0,9,17,0,26,297,69,27,0,393,0,0,0,393
01/30/2011,PDX,OR,ANM,WE,Towers with Radar,341,66,26,0,433,0,1,7,0,8,341,67,33,0,441,4,0,4,445
01/31/2011,PDX,OR,ANM,WE,Towers with Radar,389,118,33,15,555,0,36,3,0,39,389,154,36,15,594,0,0,0,594
02/01/2011,PDX,OR,ANM,WE,Towers with Radar,359,107,35,14,515,0,50,20,0,70,359,157,55,14,585,2,0,2,587
02/02/2011,PDX,OR,ANM,WE,Towers with Radar,368,109,39,15,531,0,48,46,0,94,368,157,85,15,625,0,0,0,625
02/03/2011,PDX,OR,ANM,WE,Towers with Radar,392,114,36,18,560,0,41,24,3,68,392,155,60,21,628,0,0,0,628
02/04/2011,PDX,OR,ANM,WE,Towers with Radar,377,107,26,13,523,0,40,3,0,43,377,147,29,13,566,0,0,0,566
02/05/2011,PDX,OR,ANM,WE,Towers with Radar,300,66,17,0,383,0,1,1,0,2,300,67,18,0,385,9,12,21,406
02/06/2011,PDX,OR,ANM,WE,Towers with Radar,356,51,16,0,423,0,3,4,0,7,356,54,20,0,430,0,0,0,430
02/07/2011,PDX,OR,ANM,WE,Towers with Radar,389,114,35,2,540,0,42,12,2,56,389,156,47,4,596,0,0,0,596
02/08/2011,PDX,OR,ANM,WE,Towers with Radar,380,120,38,10,548,0,44,15,6,65,380,164,53,16,613,0,0,0,613
02/09/2011,PDX,OR,ANM,WE,Towers with Radar,397,119,37,18,571,7,42,13,0,62,404,161,50,18,633,0,0,0,633
02/10/2011,PDX,OR,ANM,WE,Towers with Radar,404,106,32,12,554,0,45,10,0,55,404,151,42,12,609,0,0,0,609
02/11/2011,PDX,OR,ANM,WE,Towers with Radar,398,115,43,12,568,8,46,10,2,66,406,161,53,14,634,0,0,0,634
02/12/2011,PDX,OR,ANM,WE,Towers with Radar,305,57,13,11,386,0,11,13,0,24,305,68,26,11,410,0,0,0,410
02/13/2011,PDX,OR,ANM,WE,Towers with Radar,347,57,23,26,453,0,2,5,0,7,347,59,28,26,460,19,0,19,479
02/14/2011,PDX,OR,ANM,WE,Towers with Radar,385,113,26,4,528,0,33,9,1,43,385,146,35,5,571,0,0,0,571
02/15/2011,PDX,OR,ANM,WE,Towers with Radar,388,125,39,9,561,0,29,2,11,42,388,154,41,20,603,0,8,8,611
02/16/2011,PDX,OR,ANM,WE,Towers with Radar,384,127,51,4,566,0,32,8,0,40,384,159,59,4,606,0,0,0,606
02/17/2011,PDX,OR,ANM,WE,Towers with Radar,389,125,46,8,568,0,41,10,0,51,389,166,56,8,619,0,0,0,619
02/18/2011,PDX,OR,ANM,WE,Towers with Radar,390,151,45,5,591,0,6,8,3,17,390,157,53,8,608,0,0,0,608
02/19/2011,PDX,OR,ANM,WE,Towers with Radar,326,71,18,2,417,0,10,10,0,20,326,81,28,2,437,2,0,2,439
02/20/2011,PDX,OR,ANM,WE,Towers with Radar,347,54,22,4,427,0,8,20,1,29,347,62,42,5,456,0,0,0,456
02/21/2011,PDX,OR,ANM,WE,Towers with Radar,386,87,25,1,499,0,30,10,0,40,386,117,35,1,539,15,0,15,554
02/22/2011,PDX,OR,ANM,WE,Towers with Radar,404,122,32,10,568,0,37,8,0,45,404,159,40,10,613,0,0,0,613
02/23/2011,PDX,OR,ANM,WE,Towers with Radar,406,139,36,13,594,0,25,4,0,29,406,164,40,13,623,0,0,0,623
02/24/2011,PDX,OR,ANM,WE,Towers with Radar,389,132,58,8,587,0,29,4,0,33,389,161,62,8,620,0,0,0,620
02/25/2011,PDX,OR,ANM,WE,Towers with Radar,406,108,30,8,552,0,51,11,0,62,406,159,41,8,614,0,0,0,614
02/26/2011,PDX,OR,ANM,WE,Towers with Radar,329,63,16,0,408,0,13,24,0,37,329,76,40,0,445,4,0,4,449
02/27/2011,PDX,OR,ANM,WE,Towers with Radar,359,64,21,1,445,0,1,3,0,4,359,65,24,1,449,0,0,0,449
02/28/2011,PDX,OR,ANM,WE,Towers with Radar,394,149,34,18,595,0,0,0,0,0,394,149,34,18,595,0,0,0,595
03/01/2011,PDX,OR,ANM,WE,Towers with Radar,407,123,42,0,572,0,34,4,0,38,407,157,46,0,610,0,0,0,610
03/02/2011,PDX,OR,ANM,WE,Towers with Radar,405,113,52,3,573,0,40,9,0,49,405,153,61,3,622,0,0,0,622
03/03/2011,PDX,OR,ANM,WE,Towers with Radar,398,131,46,1,576,0,36,11,0,47,398,167,57,1,623,0,0,0,623
03/04/2011,PDX,OR,ANM,WE,Towers with Radar,405,137,38,3,583,0,13,12,0,25,405,150,50,3,608,0,0,0,608
03/05/2011,PDX,OR,ANM,WE,Towers with Radar,316,74,20,3,413,0,8,11,0,19,316,82,31,3,432,4,0,4,436
03/06/2011,PDX,OR,ANM,WE,Towers with Radar,356,60,24,0,440,0,3,8,0,11,356,63,32,0,451,0,0,0,451
03/07/2011,PDX,OR,ANM,WE,Towers with Radar,399,102,20,2,523,0,38,9,0,47,399,140,29,2,570,12,0,12,582
03/08/2011,PDX,OR,ANM,WE,Towers with Radar,398,118,29,21,566,0,36,5,0,41,398,154,34,21,607,17,0,17,624
03/09/2011,PDX,OR,ANM,WE,Towers with Radar,395,138,33,19,585,0,20,6,0,26,395,158,39,19,611,0,0,0,611
03/10/2011,PDX,OR,ANM,WE,Towers with Radar,395,115,51,9,570,0,37,4,0,41,395,152,55,9,611,0,0,0,611
03/11/2011,PDX,OR,ANM,WE,Towers with Radar,400,107,34,22,563,0,43,24,0,67,400,150,58,22,630,0,0,0,630
03/12/2011,PDX,OR,ANM,WE,Towers with Radar,317,60,23,4,404,0,3,5,0,8,317,63,28,4,412,16,0,16,428
03/13/2011,PDX,OR,ANM,WE,Towers with Radar,364,57,35,3,459,0,2,4,0,6,364,59,39,3,465,0,0,0,465
03/14/2011,PDX,OR,ANM,WE,Towers with Radar,399,105,42,20,566,0,47,11,0,58,399,152,53,20,624,0,0,0,624
03/15/2011,PDX,OR,ANM,WE,Towers with Radar,406,128,49,16,599,0,29,4,0,33,406,157,53,16,632,0,0,0,632
03/16/2011,PDX,OR,ANM,WE,Towers with Radar,413,145,60,19,637,0,8,5,0,13,413,153,65,19,650,0,0,0,650
03/17/2011,PDX,OR,ANM,WE,Towers with Radar,411,118,58,14,601,0,41,21,0,62,411,159,79,14,663,0,0,0,663
03/18/2011,PDX,OR,ANM,WE,Towers with Radar,419,119,53,12,603,0,36,9,2,47,419,155,62,14,650,0,0,0,650
03/19/2011,PDX,OR,ANM,WE,Towers with Radar,338,58,28,0,424,0,6,25,0,31,338,64,53,0,455,0,0,0,455
03/20/2011,PDX,OR,ANM,WE,Towers with Radar,366,49,19,0,434,0,4,12,0,16,366,53,31,0,450,3,0,3,453
03/21/2011,PDX,OR,ANM,WE,Towers with Radar,405,112,40,4,561,0,38,11,0,49,405,150,51,4,610,0,0,0,610
03/22/2011,PDX,OR,ANM,WE,Towers with Radar,406,111,32,8,557,0,46,19,1,66,406,157,51,9,623,0,0,0,623
03/23/2011,PDX,OR,ANM,WE,Towers with Radar,408,104,40,25,577,0,47,25,0,72,408,151,65,25,649,2,0,2,651
03/24/2011,PDX,OR,ANM,WE,Towers with Radar,410,125,44,13,592,0,36,15,2,53,410,161,59,15,645,0,0,0,645
03/25/2011,PDX,OR,ANM,WE,Towers with Radar,413,119,36,19,587,0,34,10,3,47,413,153,46,22,634,0,0,0,634
03/26/2011,PDX,OR,ANM,WE,Towers with Radar,296,57,32,4,389,0,4,6,0,10,296,61,38,4,399,0,0,0,399
03/27/2011,PDX,OR,ANM,WE,Towers with Radar,383,58,24,0,465,0,2,0,0,2,383,60,24,0,467,0,0,0,467
03/28/2011,PDX,OR,ANM,WE,Towers with Radar,404,109,35,22,570,0,37,12,0,49,404,146,47,22,619,0,0,0,619
03/29/2011,PDX,OR,ANM,WE,Towers with Radar,407,153,34,2,596,0,1,3,0,4,407,154,37,2,600,0,0,0,600
03/30/2011,PDX,OR,ANM,WE,Towers with Radar,412,118,37,6,573,0,37,3,0,40,412,155,40,6,613,0,0,0,613
03/31/2011,PDX,OR,ANM,WE,Towers with Radar,409,114,38,10,571,0,41,15,1,57,409,155,53,11,628,2,0,2,630
04/01/2011,PDX,OR,ANM,WE,Towers with Radar,423,108,50,3,584,0,39,15,1,55,423,147,65,4,639,0,0,0,639
04/02/2011,PDX,OR,ANM,WE,Towers with Radar,328,56,16,0,400,0,6,4,4,14,328,62,20,4,414,0,0,0,414
04/03/2011,PDX,OR,ANM,WE,Towers with Radar,371,48,24,9,452,0,2,8,4,14,371,50,32,13,466,0,0,0,466
04/04/2011,PDX,OR,ANM,WE,Towers with Radar,403,127,32,0,562,0,20,5,0,25,403,147,37,0,587,0,0,0,587
04/05/2011,PDX,OR,ANM,WE,Towers with Radar,403,109,41,16,569,0,43,7,0,50,403,152,48,16,619,0,0,0,619
04/06/2011,PDX,OR,ANM,WE,Towers with Radar,416,120,28,17,581,0,26,3,1,30,416,146,31,18,611,0,0,0,611
04/07/2011,PDX,OR,ANM,WE,Towers with Radar,410,119,52,12,593,0,39,10,0,49,410,158,62,12,642,0,0,0,642
04/08/2011,PDX,OR,ANM,WE,Towers with Radar,427,108,54,15,604,0,45,43,0,88,427,153,97,15,692,14,0,14,706
04/09/2011,PDX,OR,ANM,WE,Towers with Radar,315,57,25,0,397,0,5,26,0,31,315,62,51,0,428,22,0,22,450
04/10/2011,PDX,OR,ANM,WE,Towers with Radar,374,53,19,2,448,0,2,6,0,8,374,55,25,2,456,2,0,2,458
04/11/2011,PDX,OR,ANM,WE,Towers with Radar,398,106,45,21,570,0,44,18,2,64,398,150,63,23,634,0,0,0,634
04/12/2011,PDX,OR,ANM,WE,Towers with Radar,404,122,48,20,594,0,39,38,0,77,404,161,86,20,671,10,0,10,681
04/13/2011,PDX,OR,ANM,WE,Towers with Radar,408,121,34,23,586,0,36,20,2,58,408,157,54,25,644,12,0,12,656
04/14/2011,PDX,OR,ANM,WE,Towers with Radar,408,126,45,23,602,0,25,5,0,30,408,151,50,23,632,0,0,0,632
04/15/2011,PDX,OR,ANM,WE,Towers with Radar,417,153,32,25,627,0,0,1,0,1,417,153,33,25,628,0,0,0,628
04/16/2011,PDX,OR,ANM,WE,Towers with Radar,314,54,33,1,402,0,3,6,0,9,314,57,39,1,411,0,0,0,411
04/17/2011,PDX,OR,ANM,WE,Towers with Radar,386,46,23,2,457,0,1,12,0,13,386,47,35,2,470,0,0,0,470
04/18/2011,PDX,OR,ANM,WE,Towers with Radar,404,102,57,6,569,0,40,9,1,50,404,142,66,7,619,0,0,0,619
04/19/2011,PDX,OR,ANM,WE,Towers with Radar,397,117,47,21,582,0,47,23,0,70,397,164,70,21,652,0,0,0,652
04/20/2011,PDX,OR,ANM,WE,Towers with Radar,410,110,47,33,600,0,50,29,0,79,410,160,76,33,679,20,0,20,699
04/21/2011,PDX,OR,ANM,WE,Towers with Radar,424,109,61,22,616,0,43,20,0,63,424,152,81,22,679,0,0,0,679
04/22/2011,PDX,OR,ANM,WE,Towers with Radar,411,115,37,22,585,0,40,40,0,80,411,155,77,22,665,0,0,0,665
04/23/2011,PDX,OR,ANM,WE,Towers with Radar,323,49,20,3,395,0,6,16,1,23,323,55,36,4,418,4,0,4,422
04/24/2011,PDX,OR,ANM,WE,Towers with Radar,378,44,22,0,444,0,1,6,0,7,378,45,28,0,451,0,0,0,451
04/25/2011,PDX,OR,ANM,WE,Towers with Radar,402,112,42,19,575,0,41,5,0,46,402,153,47,19,621,0,0,0,621
04/26/2011,PDX,OR,ANM,WE,Towers with Radar,400,123,43,19,585,0,38,11,0,49,400,161,54,19,634,0,0,0,634
04/27/2011,PDX,OR,ANM,WE,Towers with Radar,409,113,44,17,583,0,40,13,0,53,409,153,57,17,636,2,0,2,638
04/28/2011,PDX,OR,ANM,WE,Towers with Radar,413,122,63,21,619,0,36,3,0,39,413,158,66,21,658,0,0,0,658
04/29/2011,PDX,OR,ANM,WE,Towers with Radar,416,121,57,14,608,0,41,11,0,52,416,162,68,14,660,0,0,0,660
04/30/2011,PDX,OR,ANM,WE,Towers with Radar,325,56,25,2,408,0,7,25,0,32,325,63,50,2,440,0,0,0,440
05/01/2011,PDX,OR,ANM,WE,Towers with Radar,375,46,17,0,438,0,5,44,0,49,375,51,61,0,487,13,0,13,500
05/02/2011,PDX,OR,ANM,WE,Towers with Radar,396,101,34,4,535,0,45,13,0,58,396,146,47,4,593,0,0,0,593
05/03/2011,PDX,OR,ANM,WE,Towers with Radar,404,117,37,11,569,0,45,17,0,62,404,162,54,11,631,0,0,0,631
05/04/2011,PDX,OR,ANM,WE,Towers with Radar,418,118,38,8,582,0,46,33,0,79,418,164,71,8,661,2,0,2,663
05/05/2011,PDX,OR,ANM,WE,Towers with Radar,419,118,41,12,590,0,43,33,0,76,419,161,74,12,666,0,26,26,692
05/06/2011,PDX,OR,ANM,WE,Towers with Radar,419,134,48,12,613,0,29,10,0,39,419,163,58,12,652,0,0,0,652
05/07/2011,PDX,OR,ANM,WE,Towers with Radar,317,58,19,6,400,0,6,17,0,23,317,64,36,6,423,0,0,0,423
05/08/2011,PDX,OR,ANM,WE,Towers with Radar,391,47,24,2,464,0,1,10,0,11,391,48,34,2,475,0,0,0,475
05/09/2011,PDX,OR,ANM,WE,Towers with Radar,405,109,35,14,563,0,43,10,0,53,405,152,45,14,616,0,0,0,616
05/10/2011,PDX,OR,ANM,WE,Towers with Radar,400,123,33,12,568,0,37,46,0,83,400,160,79,12,651,24,0,24,675
05/11/2011,PDX,OR,ANM,WE,Towers with Radar,396,120,35,13,564,0,42,11,0,53,396,162,46,13,617,0,0,0,617
05/12/2011,PDX,OR,ANM,WE,Towers with Radar,418,128,49,9,604,0,40,28,0,68,418,168,77,9,672,0,0,0,672
05/13/2011,PDX,OR,ANM,WE,Towers with Radar,428,120,51,14,613,0,48,58,0,106,428,168,109,14,719,30,0,30,749
05/14/2011,PDX,OR,ANM,WE,Towers with Radar,324,58,9,4,395,0,9,20,1,30,324,67,29,5,425,0,0,0,425
05/15/2011,PDX,OR,ANM,WE,Towers with Radar,383,52,36,16,487,0,0,8,0,8,383,52,44,16,495,0,0,0,495
05/16/2011,PDX,OR,ANM,WE,Towers with Radar,411,104,40,2,557,1,46,19,0,66,412,150,59,2,623,0,0,0,623
05/17/2011,PDX,OR,ANM,WE,Towers with Radar,420,120,29,17,586,0,44,23,0,67,420,164,52,17,653,0,0,0,653
05/18/2011,PDX,OR,ANM,WE,Towers with Radar,413,111,37,7,568,0,47,39,0,86,413,158,76,7,654,0,0,0,654
05/19/2011,PDX,OR,ANM,WE,Towers with Radar,424,109,55,5,593,0,55,58,2,115,424,164,113,7,708,2,0,2,710
05/20/2011,PDX,OR,ANM,WE,Towers with Radar,420,109,41,17,587,0,52,40,0,92,420,161,81,17,679,4,0,4,683
05/21/2011,PDX,OR,ANM,WE,Towers with Radar,333,65,23,5,426,0,5,24,1,30,333,70,47,6,456,0,0,0,456
05/22/2011,PDX,OR,ANM,WE,Towers with Radar,383,53,27,1,464,0,2,9,0,11,383,55,36,1,475,0,0,0,475
05/23/2011,PDX,OR,ANM,WE,Towers with Radar,414,102,43,25,584,0,40,15,0,55,414,142,58,25,639,0,0,0,639
05/24/2011,PDX,OR,ANM,WE,Towers with Radar,414,111,46,13,584,0,45,28,0,73,414,156,74,13,657,0,0,0,657
05/25/2011,PDX,OR,ANM,WE,Towers with Radar,408,126,49,10,593,0,33,9,0,42,408,159,58,10,635,2,0,2,637
05/26/2011,PDX,OR,ANM,WE,Towers with Radar,422,124,53,21,620,0,50,5,0,55,422,174,58,21,675,0,0,0,675
05/27/2011,PDX,OR,ANM,WE,Towers with Radar,431,132,38,3,604,0,40,10,0,50,431,172,48,3,654,0,0,0,654
05/28/2011,PDX,OR,ANM,WE,Towers with Radar,333,50,17,1,401,0,4,12,0,16,333,54,29,1,417,0,0,0,417
05/29/2011,PDX,OR,ANM,WE,Towers with Radar,346,43,18,2,409,0,3,6,0,9,346,46,24,2,418,0,0,0,418
05/30/2011,PDX,OR,ANM,WE,Towers with Radar,386,60,24,3,473,0,8,6,1,15,386,68,30,4,488,0,0,0,488
05/31/2011,PDX,OR,ANM,WE,Towers with Radar,414,112,51,33,610,0,43,14,0,57,414,155,65,33,667,0,0,0,667
06/01/2011,PDX,OR,ANM,WE,Towers with Radar,425,124,39,13,601,0,34,9,0,43,425,158,48,13,644,0,0,0,644
06/02/2011,PDX,OR,ANM,WE,Towers with Radar,430,124,44,20,618,0,42,18,0,60,430,166,62,20,678,0,0,0,678
06/03/2011,PDX,OR,ANM,WE,Towers with Radar,428,107,45,16,596,0,48,33,2,83,428,155,78,18,679,0,0,0,679
06/04/2011,PDX,OR,ANM,WE,Towers with Radar,333,52,15,1,401,0,9,49,2,60,333,61,64,3,461,18,0,18,479
06/05/2011,PDX,OR,ANM,WE,Towers with Radar,398,46,24,2,470,0,4,15,0,19,398,50,39,2,489,0,0,0,489
06/06/2011,PDX,OR,ANM,WE,Towers with Radar,422,117,37,12,588,0,48,5,0,53,422,165,42,12,641,0,0,0,641
06/07/2011,PDX,OR,ANM,WE,Towers with Radar,427,118,45,0,590,0,41,18,2,61,427,159,63,2,651,10,0,10,661
06/08/2011,PDX,OR,ANM,WE,Towers with Radar,428,118,41,1,588,0,44,59,1,104,428,162,100,2,692,2,0,2,694
06/09/2011,PDX,OR,ANM,WE,Towers with Radar,436,112,55,9,612,0,47,27,3,77,436,159,82,12,689,0,0,0,689
06/10/2011,PDX,OR,ANM,WE,Towers with Radar,454,123,62,1,640,0,36,28,0,64,454,159,90,1,704,0,0,0,704
06/11/2011,PDX,OR,ANM,WE,Towers with Radar,376,59,16,2,453,0,5,39,0,44,376,64,55,2,497,0,0,0,497
06/12/2011,PDX,OR,ANM,WE,Towers with Radar,417,57,24,12,510,0,4,98,0,102,417,61,122,12,612,0,0,0,612
06/13/2011,PDX,OR,ANM,WE,Towers with Radar,434,106,52,4,596,0,44,22,0,66,434,150,74,4,662,0,0,0,662
06/14/2011,PDX,OR,ANM,WE,Towers with Radar,457,119,52,24,652,0,42,33,1,76,457,161,85,25,728,2,0,2,730
06/15/2011,PDX,OR,ANM,WE,Towers with Radar,450,122,45,25,642,0,39,50,1,90,450,161,95,26,732,10,0,10,742
06/16/2011,PDX,OR,ANM,WE,Towers with Radar,442,113,42,12,609,0,45,52,0,97,442,158,94,12,706,0,0,0,706
06/17/2011,PDX,OR,ANM,WE,Towers with Radar,435,122,49,8,614,0,54,115,0,169,435,176,164,8,783,22,0,22,805
06/18/2011,PDX,OR,ANM,WE,Towers with Radar,376,65,27,0,468,0,3,16,0,19,376,68,43,0,487,18,0,18,505
06/19/2011,PDX,OR,ANM,WE,Towers with Radar,412,55,18,2,487,0,1,8,0,9,412,56,26,2,496,0,0,0,496
06/20/2011,PDX,OR,ANM,WE,Towers with Radar,436,103,34,21,594,0,44,26,0,70,436,147,60,21,664,0,0,0,664
06/21/2011,PDX,OR,ANM,WE,Towers with Radar,446,119,38,12,615,0,47,55,0,102,446,166,93,12,717,20,0,20,737
06/22/2011,PDX,OR,ANM,WE,Towers with Radar,448,125,36,17,626,0,35,32,0,67,448,160,68,17,693,0,0,0,693
06/23/2011,PDX,OR,ANM,WE,Towers with Radar,440,114,47,14,615,0,45,52,0,97,440,159,99,14,712,2,0,2,714
06/24/2011,PDX,OR,ANM,WE,Towers with Radar,443,105,51,17,616,0,44,31,2,77,443,149,82,19,693,0,0,0,693
06/25/2011,PDX,OR,ANM,WE,Towers with Radar,383,57,8,3,451,0,7,29,3,39,383,64,37,6,490,20,0,20,510
06/26/2011,PDX,OR,ANM,WE,Towers with Radar,415,53,16,2,486,0,3,38,1,42,415,56,54,3,528,0,0,0,528
06/27/2011,PDX,OR,ANM,WE,Towers with Radar,435,97,45,1,578,0,50,80,0,130,435,147,125,1,708,2,0,2,710
06/28/2011,PDX,OR,ANM,WE,Towers with Radar,447,115,46,20,628,0,39,16,0,55,447,154,62,20,683,4,0,4,687
06/29/2011,PDX,OR,ANM,WE,Towers with Radar,438,129,54,16,637,0,35,64,0,99,438,164,118,16,736,21,0,21,757
06/30/2011,PDX,OR,ANM,WE,Towers with Radar,449,124,32,16,621,0,36,37,1,74,449,160,69,17,695,8,0,8,703
07/01/2011,PDX,OR,ANM,WE,Towers with Radar,453,105,28,9,595,0,51,39,0,90,453,156,67,9,685,2,0,2,687
07/02/2011,PDX,OR,ANM,WE,Towers with Radar,378,60,14,1,453,0,4,98,0,102,378,64,112,1,555,40,0,40,595
07/03/2011,PDX,OR,ANM,WE,Towers with Radar,338,63,17,0,418,0,3,22,0,25,338,66,39,0,443,20,0,20,463
07/04/2011,PDX,OR,ANM,WE,Towers with Radar,359,54,27,0,440,0,9,64,1,74,359,63,91,1,514,16,0,16,530
07/05/2011,PDX,OR,ANM,WE,Towers with Radar,439,102,27,13,581,0,54,80,1,135,439,156,107,14,716,8,0,8,724
07/06/2011,PDX,OR,ANM,WE,Towers with Radar,446,107,27,10,590,0,55,42,2,99,446,162,69,12,689,25,0,25,714
07/07/2011,PDX,OR,ANM,WE,Towers with Radar,443,121,34,7,605,0,38,34,0,72,443,159,68,7,677,6,0,6,683
07/08/2011,PDX,OR,ANM,WE,Towers with Radar,451,105,36,13,605,0,48,30,0,78,451,153,66,13,683,0,0,0,683
07/09/2011,PDX,OR,ANM,WE,Towers with Radar,381,60,15,2,458,0,10,43,2,55,381,70,58,4,513,5,0,5,518
07/10/2011,PDX,OR,ANM,WE,Towers with Radar,408,56,36,3,503,0,2,34,1,37,408,58,70,4,540,20,0,20,560
07/11/2011,PDX,OR,ANM,WE,Towers with Radar,433,104,28,5,570,0,43,17,1,61,433,147,45,6,631,0,0,0,631
07/12/2011,PDX,OR,ANM,WE,Towers with Radar,451,117,61,20,649,0,38,26,0,64,451,155,87,20,713,0,0,0,713
07/13/2011,PDX,OR,ANM,WE,Towers with Radar,446,128,42,18,634,0,36,41,0,77,446,164,83,18,711,10,0,10,721
07/14/2011,PDX,OR,ANM,WE,Towers with Radar,437,118,45,18,618,0,45,71,0,116,437,163,116,18,734,0,0,0,734
07/15/2011,PDX,OR,ANM,WE,Towers with Radar,444,104,39,12,599,0,45,22,4,71,444,149,61,16,670,6,0,6,676
07/16/2011,PDX,OR,ANM,WE,Towers with Radar,382,66,19,2,469,0,6,23,0,29,382,72,42,2,498,25,0,25,523
07/17/2011,PDX,OR,ANM,WE,Towers with Radar,408,58,25,13,504,0,3,3,0,6,408,61,28,13,510,0,0,0,510
07/18/2011,PDX,OR,ANM,WE,Towers with Radar,431,119,44,19,613,0,40,19,0,59,431,159,63,19,672,0,0,0,672
07/19/2011,PDX,OR,ANM,WE,Towers with Radar,457,118,54,15,644,0,46,50,0,96,457,164,104,15,740,0,0,0,740
07/20/2011,PDX,OR,ANM,WE,Towers with Radar,451,114,51,16,632,0,48,57,4,109,451,162,108,20,741,0,0,0,741
07/21/2011,PDX,OR,ANM,WE,Towers with Radar,454,120,50,19,643,0,34,12,1,47,454,154,62,20,690,0,0,0,690
07/22/2011,PDX,OR,ANM,WE,Towers with Radar,446,107,52,14,619,0,40,49,2,91,446,147,101,16,710,0,0,0,710
07/23/2011,PDX,OR,ANM,WE,Towers with Radar,379,64,18,3,464,0,4,44,3,51,379,68,62,6,515,16,0,16,531
07/24/2011,PDX,OR,ANM,WE,Towers with Radar,414,53,32,3,502,0,3,52,0,55,414,56,84,3,557,20,0,20,577
07/25/2011,PDX,OR,ANM,WE,Towers with Radar,436,109,46,6,597,0,35,41,0,76,436,144,87,6,673,0,0,0,673
07/26/2011,PDX,OR,ANM,WE,Towers with Radar,442,125,34,15,616,0,45,56,0,101,442,170,90,15,717,16,0,16,733
07/27/2011,PDX,OR,ANM,WE,Towers with Radar,442,118,37,14,611,1,44,42,1,88,443,162,79,15,699,0,0,0,699
07/28/2011,PDX,OR,ANM,WE,Towers with Radar,444,115,32,11,602,0,43,50,0,93,444,158,82,11,695,2,0,2,697
07/29/2011,PDX,OR,ANM,WE,Towers with Radar,447,113,36,11,607,0,42,85,1,128,447,155,121,12,735,20,0,20,755
07/30/2011,PDX,OR,ANM,WE,Towers with Radar,386,61,22,2,471,0,5,64,1,70,386,66,86,3,541,30,0,30,571
07/31/2011,PDX,OR,ANM,WE,Towers with Radar,417,52,20,1,490,0,2,140,2,144,417,54,160,3,634,30,0,30,664
08/01/2011,PDX,OR,ANM,WE,Towers with Radar,431,101,31,0,563,0,54,78,0,132,431,155,109,0,695,9,0,9,704
08/02/2011,PDX,OR,ANM,WE,Towers with Radar,451,105,40,11,607,0,40,33,0,73,451,145,73,11,680,11,0,11,691
08/03/2011,PDX,OR,ANM,WE,Towers with Radar,449,115,33,18,615,0,46,119,1,166,449,161,152,19,781,22,0,22,803
08/04/2011,PDX,OR,ANM,WE,Towers with Radar,448,113,34,11,606,0,41,110,0,151,448,154,144,11,757,12,0,12,769
08/05/2011,PDX,OR,ANM,WE,Towers with Radar,441,116,35,19,611,0,32,56,0,88,441,148,91,19,699,0,0,0,699
08/06/2011,PDX,OR,ANM,WE,Towers with Radar,377,63,20,1,461,0,10,128,1,139,377,73,148,2,600,10,0,10,610
08/07/2011,PDX,OR,ANM,WE,Towers with Radar,412,61,22,1,496,0,7,94,2,103,412,68,116,3,599,13,0,13,612
08/08/2011,PDX,OR,ANM,WE,Towers with Radar,438,104,47,4,593,0,37,25,2,64,438,141,72,6,657,2,0,2,659
08/09/2011,PDX,OR,ANM,WE,Towers with Radar,453,107,34,8,602,0,40,40,4,84,453,147,74,12,686,3,0,3,689
08/10/2011,PDX,OR,ANM,WE,Towers with Radar,452,111,39,9,611,0,39,76,2,117,452,150,115,11,728,6,2,8,736
08/11/2011,PDX,OR,ANM,WE,Towers with Radar,451,110,43,1,605,0,39,77,1,117,451,149,120,2,722,2,0,2,724
08/12/2011,PDX,OR,ANM,WE,Towers with Radar,449,109,32,9,599,0,41,88,1,130,449,150,120,10,729,0,0,0,729
08/13/2011,PDX,OR,ANM,WE,Towers with Radar,374,63,28,3,468,0,5,86,0,91,374,68,114,3,559,54,0,54,613
08/14/2011,PDX,OR,ANM,WE,Towers with Radar,397,62,26,14,499,0,5,94,0,99,397,67,120,14,598,2,0,2,600
08/15/2011,PDX,OR,ANM,WE,Towers with Radar,428,99,38,1,566,0,50,29,0,79,428,149,67,1,645,2,0,2,647
08/16/2011,PDX,OR,ANM,WE,Towers with Radar,440,103,46,15,604,0,47,44,0,91,440,150,90,15,695,3,0,3,698
08/17/2011,PDX,OR,ANM,WE,Towers with Radar,439,98,33,9,579,0,42,86,0,128,439,140,119,9,707,4,0,4,711
08/18/2011,PDX,OR,ANM,WE,Towers with Radar,430,119,47,23,619,0,41,65,1,107,430,160,112,24,726,0,0,0,726
08/19/2011,PDX,OR,ANM,WE,Towers with Radar,433,106,34,16,589,0,48,81,3,132,433,154,115,19,721,0,0,0,721
08/20/2011,PDX,OR,ANM,WE,Towers with Radar,366,70,23,6,465,0,6,50,5,61,366,76,73,11,526,0,0,0,526
08/21/2011,PDX,OR,ANM,WE,Towers with Radar,388,65,25,5,483,0,3,72,3,78,388,68,97,8,561,2,0,2,563
08/22/2011,PDX,OR,ANM,WE,Towers with Radar,429,109,45,1,584,0,37,24,1,62,429,146,69,2,646,0,0,0,646
08/23/2011,PDX,OR,ANM,WE,Towers with Radar,432,118,37,19,606,0,37,36,1,74,432,155,73,20,680,7,0,7,687
08/24/2011,PDX,OR,ANM,WE,Towers with Radar,434,111,38,27,610,0,44,63,3,110,434,155,101,30,720,0,0,0,720
08/25/2011,PDX,OR,ANM,WE,Towers with Radar,444,121,31,14,610,0,44,92,3,139,444,165,123,17,749,2,0,2,751
08/26/2011,PDX,OR,ANM,WE,Towers with Radar,433,99,38,15,585,0,52,61,0,113,433,151,99,15,698,2,0,2,700
08/27/2011,PDX,OR,ANM,WE,Towers with Radar,356,65,20,1,442,0,5,219,0,224,356,70,239,1,666,17,0,17,683
08/28/2011,PDX,OR,ANM,WE,Towers with Radar,373,63,30,1,467,0,4,76,0,80,373,67,106,1,547,0,0,0,547
08/29/2011,PDX,OR,ANM,WE,Towers with Radar,410,110,43,26,589,0,42,17,0,59,410,152,60,26,648,10,0,10,658
08/30/2011,PDX,OR,ANM,WE,Towers with Radar,408,112,27,21,568,0,45,24,1,70,408,157,51,22,638,9,0,9,647
08/31/2011,PDX,OR,ANM,WE,Towers with Radar,417,116,31,22,586,0,39,72,0,111,417,155,103,22,697,0,0,0,697
09/01/2011,PDX,OR,ANM,WE,Towers with Radar,433,112,41,12,598,0,35,89,0,124,433,147,130,12,722,4,0,4,726
09/02/2011,PDX,OR,ANM,WE,Towers with Radar,432,101,36,1,570,0,44,47,0,91,432,145,83,1,661,2,0,2,663
09/03/2011,PDX,OR,ANM,WE,Towers with Radar,314,55,18,1,388,0,9,112,0,121,314,64,130,1,509,19,0,19,528
09/04/2011,PDX,OR,ANM,WE,Towers with Radar,319,50,24,1,394,0,0,68,0,68,319,50,92,1,462,17,0,17,479
09/05/2011,PDX,OR,ANM,WE,Towers with Radar,393,63,13,0,469,0,6,28,0,34,393,69,41,0,503,0,0,0,503
09/06/2011,PDX,OR,ANM,WE,Towers with Radar,405,100,42,20,567,0,51,53,0,104,405,151,95,20,671,14,0,14,685
09/07/2011,PDX,OR,ANM,WE,Towers with Radar,416,107,51,13,587,0,44,72,0,116,416,151,123,13,703,0,0,0,703
09/08/2011,PDX,OR,ANM,WE,Towers with Radar,421,112,48,13,594,0,47,73,0,120,421,159,121,13,714,10,0,10,724
09/09/2011,PDX,OR,ANM,WE,Towers with Radar,417,114,41,22,594,0,48,83,3,134,417,162,124,25,728,24,0,24,752
09/10/2011,PDX,OR,ANM,WE,Towers with Radar,327,65,20,5,417,0,6,95,3,104,327,71,115,8,521,20,0,20,541
09/11/2011,PDX,OR,ANM,WE,Towers with Radar,380,58,30,9,477,0,3,65,4,72,380,61,95,13,549,1,0,1,550
09/12/2011,PDX,OR,ANM,WE,Towers with Radar,407,101,33,12,553,0,45,24,1,70,407,146,57,13,623,0,0,0,623
09/13/2011,PDX,OR,ANM,WE,Towers with Radar,394,120,44,17,575,0,30,29,1,60,394,150,73,18,635,6,0,6,641
09/14/2011,PDX,OR,ANM,WE,Towers with Radar,416,118,46,16,596,0,39,43,0,82,416,157,89,16,678,1,0,1,679
09/15/2011,PDX,OR,ANM,WE,Towers with Radar,418,110,50,25,603,0,36,39,0,75,418,146,89,25,678,0,0,0,678
09/16/2011,PDX,OR,ANM,WE,Towers with Radar,423,106,37,21,587,0,46,58,0,104,423,152,95,21,691,0,0,0,691
09/17/2011,PDX,OR,ANM,WE,Towers with Radar,326,64,30,10,430,0,4,76,0,80,326,68,106,10,510,27,0,27,537
09/18/2011,PDX,OR,ANM,WE,Towers with Radar,372,55,29,3,459,0,1,22,0,23,372,56,51,3,482,2,0,2,484
09/19/2011,PDX,OR,ANM,WE,Towers with Radar,413,93,33,0,539,0,43,13,1,57,413,136,46,1,596,0,0,0,596
09/20/2011,PDX,OR,ANM,WE,Towers with Radar,400,112,35,10,557,0,35,43,0,78,400,147,78,10,635,4,0,4,639
09/21/2011,PDX,OR,ANM,WE,Towers with Radar,413,104,38,12,567,0,43,106,1,150,413,147,144,13,717,20,0,20,737
09/22/2011,PDX,OR,ANM,WE,Towers with Radar,426,104,45,7,582,0,42,77,0,119,426,146,122,7,701,24,0,24,725
09/23/2011,PDX,OR,ANM,WE,Towers with Radar,428,108,51,4,591,0,44,128,0,172,428,152,179,4,763,0,0,0,763
09/24/2011,PDX,OR,ANM,WE,Towers with Radar,330,58,28,1,417,0,5,112,0,117,330,63,140,1,534,23,0,23,557
09/25/2011,PDX,OR,ANM,WE,Towers with Radar,382,60,26,6,474,0,0,13,0,13,382,60,39,6,487,2,0,2,489
09/26/2011,PDX,OR,ANM,WE,Towers with Radar,415,111,52,20,598,0,35,20,0,55,415,146,72,20,653,0,0,0,653
09/27/2011,PDX,OR,ANM,WE,Towers with Radar,403,108,54,0,565,0,38,3,0,41,403,146,57,0,606,0,0,0,606
09/28/2011,PDX,OR,ANM,WE,Towers with Radar,449,125,47,17,638,0,44,33,0,77,449,169,80,17,715,28,0,28,743
09/29/2011,PDX,OR,ANM,WE,Towers with Radar,427,102,47,12,588,0,48,69,3,120,427,150,116,15,708,0,0,0,708
09/30/2011,PDX,OR,ANM,WE,Towers with Radar,434,110,32,2,578,0,42,48,0,90,434,152,80,2,668,42,0,42,710
10/01/2011,PDX,OR,ANM,WE,Towers with Radar,336,55,7,4,402,0,6,52,0,58,336,61,59,4,460,0,0,0,460
10/02/2011,PDX,OR,ANM,WE,Towers with Radar,368,51,29,0,448,0,2,21,2,25,368,53,50,2,473,2,0,2,475
10/03/2011,PDX,OR,ANM,WE,Towers with Radar,400,99,40,2,541,1,38,23,2,64,401,137,63,4,605,3,0,3,608
10/04/2011,PDX,OR,ANM,WE,Towers with Radar,396,115,35,15,561,0,31,27,0,58,396,146,62,15,619,0,0,0,619
10/05/2011,PDX,OR,ANM,WE,Towers with Radar,406,110,35,19,570,0,33,37,1,71,406,143,72,20,641,0,0,0,641
10/06/2011,PDX,OR,ANM,WE,Towers with Radar,427,124,59,26,636,0,27,44,0,71,427,151,103,26,707,0,0,0,707
10/07/2011,PDX,OR,ANM,WE,Towers with Radar,414,128,39,21,602,0,8,17,0,25,414,136,56,21,627,0,0,0,627
10/08/2011,PDX,OR,ANM,WE,Towers with Radar,328,58,17,4,407,0,4,56,0,60,328,62,73,4,467,0,0,0,467
10/09/2011,PDX,OR,ANM,WE,Towers with Radar,369,51,40,0,460,0,0,22,0,22,369,51,62,0,482,22,0,22,504
10/10/2011,PDX,OR,ANM,WE,Towers with Radar,397,87,24,0,508,0,24,4,0,28,397,111,28,0,536,0,0,0,536
10/11/2011,PDX,OR,ANM,WE,Towers with Radar,391,120,34,13,558,0,34,14,1,49,391,154,48,14,607,0,0,0,607
10/12/2011,PDX,OR,ANM,WE,Towers with Radar,402,119,32,15,568,0,34,85,0,119,402,153,117,15,687,2,0,2,689
10/13/2011,PDX,OR,ANM,WE,Towers with Radar,409,105,38,9,561,0,41,51,0,92,409,146,89,9,653,0,0,0,653
10/14/2011,PDX,OR,ANM,WE,Towers with Radar,414,109,38,18,579,0,46,78,0,124,414,155,116,18,703,29,0,29,732
10/15/2011,PDX,OR,ANM,WE,Towers with Radar,326,52,24,7,409,0,4,36,0,40,326,56,60,7,449,0,0,0,449
10/16/2011,PDX,OR,ANM,WE,Towers with Radar,365,51,18,10,444,0,6,49,1,56,365,57,67,11,500,0,0,0,500
10/17/2011,PDX,OR,ANM,WE,Towers with Radar,384,92,42,3,521,0,39,12,1,52,384,131,54,4,573,0,0,0,573
10/18/2011,PDX,OR,ANM,WE,Towers with Radar,401,102,34,1,538,0,47,62,0,109,401,149,96,1,647,0,0,0,647
10/19/2011,PDX,OR,ANM,WE,Towers with Radar,404,108,47,2,561,0,36,23,2,61,404,144,70,4,622,0,2,2,624
10/20/2011,PDX,OR,ANM,WE,Towers with Radar,413,100,43,2,558,0,41,37,0,78,413,141,80,2,636,0,0,0,636
10/21/2011,PDX,OR,ANM,WE,Towers with Radar,415,107,40,2,564,0,42,64,1,107,415,149,104,3,671,21,0,21,692
10/22/2011,PDX,OR,ANM,WE,Towers with Radar,325,48,28,6,407,0,7,29,0,36,325,55,57,6,443,0,0,0,443
10/23/2011,PDX,OR,ANM,WE,Towers with Radar,355,53,21,6,435,0,3,25,0,28,355,56,46,6,463,12,0,12,475
10/24/2011,PDX,OR,ANM,WE,Towers with Radar,397,106,38,2,543,0,38,50,0,88,397,144,88,2,631,0,0,0,631
10/25/2011,PDX,OR,ANM,WE,Towers with Radar,404,119,48,2,573,0,39,21,0,60,404,158,69,2,633,8,0,8,641
10/26/2011,PDX,OR,ANM,WE,Towers with Radar,402,108,35,0,545,0,33,37,0,70,402,141,72,0,615,0,0,0,615
10/27/2011,PDX,OR,ANM,WE,Towers with Radar,413,107,53,3,576,0,37,91,0,128,413,144,144,3,704,0,0,0,704
10/28/2011,PDX,OR,ANM,WE,Towers with Radar,410,120,42,7,579,0,19,26,2,47,410,139,68,9,626,0,0,0,626
10/29/2011,PDX,OR,ANM,WE,Towers with Radar,321,54,22,2,399,0,4,24,0,28,321,58,46,2,427,0,0,0,427
10/30/2011,PDX,OR,ANM,WE,Towers with Radar,356,56,12,2,426,0,0,10,0,10,356,56,22,2,436,0,0,0,436
10/31/2011,PDX,OR,ANM,WE,Towers with Radar,381,94,28,0,503,0,45,17,0,62,381,139,45,0,565,0,0,0,565
11/01/2011,PDX,OR,ANM,WE,Towers with Radar,389,125,48,0,562,0,36,15,0,51,389,161,63,0,613,6,0,6,619
11/02/2011,PDX,OR,ANM,WE,Towers with Radar,407,118,44,0,569,0,34,101,0,135,407,152,145,0,704,0,0,0,704
11/03/2011,PDX,OR,ANM,WE,Towers with Radar,403,119,43,6,571,0,31,25,0,56,403,150,68,6,627,0,0,0,627
11/04/2011,PDX,OR,ANM,WE,Towers with Radar,397,113,41,3,554,0,27,65,0,92,397,140,106,3,646,0,0,0,646
11/05/2011,PDX,OR,ANM,WE,Towers with Radar,318,52,13,3,386,0,5,14,0,19,318,57,27,3,405,0,0,0,405
11/06/2011,PDX,OR,ANM,WE,Towers with Radar,358,45,19,1,423,0,2,39,0,41,358,47,58,1,464,0,0,0,464
11/07/2011,PDX,OR,ANM,WE,Towers with Radar,389,107,45,10,551,0,29,12,1,42,389,136,57,11,593,12,0,12,605
11/08/2011,PDX,OR,ANM,WE,Towers with Radar,388,106,33,15,542,0,42,29,0,71,388,148,62,15,613,2,0,2,615
11/09/2011,PDX,OR,ANM,WE,Towers with Radar,393,103,39,17,552,0,39,114,0,153,393,142,153,17,705,8,0,8,713
11/10/2011,PDX,OR,ANM,WE,Towers with Radar,405,104,38,12,559,0,42,101,0,143,405,146,139,12,702,0,0,0,702
11/11/2011,PDX,OR,ANM,WE,Towers with Radar,403,116,43,3,565,0,9,19,0,28,403,125,62,3,593,0,0,0,593
11/12/2011,PDX,OR,ANM,WE,Towers with Radar,306,56,17,0,379,0,4,54,0,58,306,60,71,0,437,0,0,0,437
11/13/2011,PDX,OR,ANM,WE,Towers with Radar,358,48,21,0,427,0,3,15,0,18,358,51,36,0,445,0,0,0,445
11/14/2011,PDX,OR,ANM,WE,Towers with Radar,391,100,26,0,517,0,33,14,0,47,391,133,40,0,564,0,0,0,564
11/15/2011,PDX,OR,ANM,WE,Towers with Radar,397,167,47,8,619,0,0,0,0,0,397,167,47,8,619,0,0,0,619
11/16/2011,PDX,OR,ANM,WE,Towers with Radar,392,136,47,11,586,0,0,0,0,0,392,136,47,11,586,0,0,0,586
11/17/2011,PDX,OR,ANM,WE,Towers with Radar,402,109,42,10,563,0,21,45,0,66,402,130,87,10,629,0,0,0,629
11/18/2011,PDX,OR,ANM,WE,Towers with Radar,407,116,32,1,556,0,6,5,0,11,407,122,37,1,567,2,0,2,569
11/19/2011,PDX,OR,ANM,WE,Towers with Radar,317,59,22,0,398,0,3,10,0,13,317,62,32,0,411,10,0,10,421
11/20/2011,PDX,OR,ANM,WE,Towers with Radar,352,47,38,16,453,0,3,47,2,52,352,50,85,18,505,0,0,0,505
11/21/2011,PDX,OR,ANM,WE,Towers with Radar,392,104,40,15,551,0,25,2,2,29,392,129,42,17,580,4,0,4,584
11/22/2011,PDX,OR,ANM,WE,Towers with Radar,425,123,30,0,578,0,22,1,0,23,425,145,31,0,601,0,0,0,601
11/23/2011,PDX,OR,ANM,WE,Towers with Radar,422,102,48,9,581,0,25,5,0,30,422,127,53,9,611,0,0,0,611
11/24/2011,PDX,OR,ANM,WE,Towers with Radar,278,33,2,0,313,0,1,10,0,11,278,34,12,0,324,0,0,0,324
11/25/2011,PDX,OR,ANM,WE,Towers with Radar,321,65,19,0,405,0,32,36,0,68,321,97,55,0,473,0,1,1,474
11/26/2011,PDX,OR,ANM,WE,Towers with Radar,354,58,21,0,433,0,5,35,0,40,354,63,56,0,473,24,0,24,497
11/27/2011,PDX,OR,ANM,WE,Towers with Radar,394,56,31,2,483,0,1,14,0,15,394,57,45,2,498,0,0,0,498
11/28/2011,PDX,OR,ANM,WE,Towers with Radar,400,120,39,0,559,0,21,13,0,34,400,141,52,0,593,0,0,0,593
11/29/2011,PDX,OR,ANM,WE,Towers with Radar,404,125,41,7,577,0,27,1,0,28,404,152,42,7,605,0,0,0,605
11/30/2011,PDX,OR,ANM,WE,Towers with Radar,402,109,42,21,574,0,30,54,1,85,402,139,96,22,659,0,0,0,659
12/01/2011,PDX,OR,ANM,WE,Towers with Radar,401,100,43,13,557,0,43,99,1,143,401,143,142,14,700,0,0,0,700
12/02/2011,PDX,OR,ANM,WE,Towers with Radar,402,107,50,3,562,0,29,87,0,116,402,136,137,3,678,0,0,0,678
12/03/2011,PDX,OR,ANM,WE,Towers with Radar,297,56,36,0,389,0,4,1,0,5,297,60,37,0,394,0,0,0,394
12/04/2011,PDX,OR,ANM,WE,Towers with Radar,352,51,20,1,424,0,1,15,0,16,352,52,35,1,440,0,0,0,440
12/05/2011,PDX,OR,ANM,WE,Towers with Radar,387,91,30,10,518,0,38,11,0,49,387,129,41,10,567,0,0,0,567
12/06/2011,PDX,OR,ANM,WE,Towers with Radar,386,151,57,25,619,0,0,0,0,0,386,151,57,25,619,0,0,0,619
12/07/2011,PDX,OR,ANM,WE,Towers with Radar,388,136,59,14,597,0,0,1,0,1,388,136,60,14,598,0,0,0,598
12/08/2011,PDX,OR,ANM,WE,Towers with Radar,404,100,47,23,574,0,38,26,2,66,404,138,73,25,640,2,0,2,642
12/09/2011,PDX,OR,ANM,WE,Towers with Radar,395,95,37,11,538,0,33,111,0,144,395,128,148,11,682,0,0,0,682
12/10/2011,PDX,OR,ANM,WE,Towers with Radar,298,63,20,9,390,0,0,0,0,0,298,63,20,9,390,4,0,4,394
12/11/2011,PDX,OR,ANM,WE,Towers with Radar,351,56,16,9,432,0,2,5,0,7,351,58,21,9,439,0,0,0,439
12/12/2011,PDX,OR,ANM,WE,Towers with Radar,383,97,34,0,514,0,43,20,0,63,383,140,54,0,577,0,0,0,577
12/13/2011,PDX,OR,ANM,WE,Towers with Radar,402,103,19,12,536,0,47,10,0,57,402,150,29,12,593,6,0,6,599
12/14/2011,PDX,OR,ANM,WE,Towers with Radar,402,102,35,23,562,0,42,67,0,109,402,144,102,23,671,14,0,14,685
12/15/2011,PDX,OR,ANM,WE,Towers with Radar,416,155,43,14,628,0,0,0,0,0,416,155,43,14,628,0,0,0,628
12/16/2011,PDX,OR,ANM,WE,Towers with Radar,418,104,32,12,566,0,7,17,0,24,418,111,49,12,590,0,0,0,590
12/17/2011,PDX,OR,ANM,WE,Towers with Radar,365,63,17,0,445,0,8,14,0,22,365,71,31,0,467,0,0,0,467
12/18/2011,PDX,OR,ANM,WE,Towers with Radar,380,57,14,0,451,0,0,0,0,0,380,57,14,0,451,0,0,0,451
12/19/2011,PDX,OR,ANM,WE,Towers with Radar,412,114,33,9,568,0,23,32,0,55,412,137,65,9,623,0,0,0,623
12/20/2011,PDX,OR,ANM,WE,Towers with Radar,438,145,46,16,645,0,5,1,0,6,438,150,47,16,651,0,0,0,651
12/21/2011,PDX,OR,ANM,WE,Towers with Radar,442,140,50,28,660,0,20,23,0,43,442,160,73,28,703,6,0,6,709
12/22/2011,PDX,OR,ANM,WE,Towers with Radar,454,102,33,0,589,0,42,70,0,112,454,144,103,0,701,0,0,0,701
12/23/2011,PDX,OR,ANM,WE,Towers with Radar,434,108,15,0,557,0,44,17,0,61,434,152,32,0,618,0,0,0,618
12/24/2011,PDX,OR,ANM,WE,Towers with Radar,323,70,2,0,395,0,13,13,0,26,323,83,15,0,421,0,0,0,421
12/25/2011,PDX,OR,ANM,WE,Towers with Radar,298,48,8,0,354,0,0,0,0,0,298,48,8,0,354,0,0,0,354
12/26/2011,PDX,OR,ANM,WE,Towers with Radar,396,64,24,0,484,0,2,3,0,5,396,66,27,0,489,0,0,0,489
12/27/2011,PDX,OR,ANM,WE,Towers with Radar,414,111,15,16,556,0,23,6,0,29,414,134,21,16,585,0,0,0,585
12/28/2011,PDX,OR,ANM,WE,Towers with Radar,425,122,24,12,583,0,11,1,0,12,425,133,25,12,595,0,0,0,595
12/29/2011,PDX,OR,ANM,WE,Towers with Radar,414,122,12,17,565,0,5,15,0,20,414,127,27,17,585,0,0,0,585
12/30/2011,PDX,OR,ANM,WE,Towers with Radar,420,95,9,12,536,0,27,18,0,45,420,122,27,12,581,12,0,12,593
12/31/2011,PDX,OR,ANM,WE,Towers with Radar,339,61,7,0,407,0,2,24,0,26,339,63,31,0,433,0,0,0,433
01/01/2012,PDX,OR,ANM,WE,Towers with Radar,336,50,10,0,396,0,4,43,3,50,336,54,53,3,446,0,0,0,446
01/02/2012,PDX,OR,ANM,WE,Towers with Radar,403,54,15,0,472,0,11,9,0,20,403,65,24,0,492,0,0,0,492
01/03/2012,PDX,OR,ANM,WE,Towers with Radar,395,87,26,14,522,0,44,23,0,67,395,131,49,14,589,0,0,0,589
01/04/2012,PDX,OR,ANM,WE,Towers with Radar,389,118,26,22,555,0,28,25,0,53,389,146,51,22,608,0,0,0,608
01/05/2012,PDX,OR,ANM,WE,Towers with Radar,383,98,37,15,533,0,32,49,0,81,383,130,86,15,614,0,0,0,614
01/06/2012,PDX,OR,ANM,WE,Towers with Radar,390,140,41,8,579,0,0,0,0,0,390,140,41,8,579,0,0,0,579
01/07/2012,PDX,OR,ANM,WE,Towers with Radar,299,53,18,10,380,0,0,16,0,16,299,53,34,10,396,0,0,0,396
01/08/2012,PDX,OR,ANM,WE,Towers with Radar,340,35,20,8,403,0,2,6,0,8,340,37,26,8,411,0,0,0,411
01/09/2012,PDX,OR,ANM,WE,Towers with Radar,367,113,18,2,500,0,15,3,0,18,367,128,21,2,518,0,0,0,518
01/10/2012,PDX,OR,ANM,WE,Towers with Radar,360,102,34,16,512,0,37,20,2,59,360,139,54,18,571,2,0,2,573
01/11/2012,PDX,OR,ANM,WE,Towers with Radar,357,97,26,12,492,0,40,59,0,99,357,137,85,12,591,0,0,0,591
01/12/2012,PDX,OR,ANM,WE,Towers with Radar,368,87,47,14,516,0,42,33,0,75,368,129,80,14,591,0,0,0,591
01/13/2012,PDX,OR,ANM,WE,Towers with Radar,373,89,19,17,498,0,37,62,3,102,373,126,81,20,600,0,0,0,600
01/14/2012,PDX,OR,ANM,WE,Towers with Radar,272,52,9,1,334,0,3,26,1,30,272,55,35,2,364,0,0,0,364
01/15/2012,PDX,OR,ANM,WE,Towers with Radar,309,53,15,0,377,0,3,2,0,5,309,56,17,0,382,0,0,0,382
01/16/2012,PDX,OR,ANM,WE,Towers with Radar,355,107,29,0,491,0,4,0,0,4,355,111,29,0,495,0,0,0,495
01/17/2012,PDX,OR,ANM,WE,Towers with Radar,362,140,34,19,555,0,0,0,0,0,362,140,34,19,555,0,0,0,555
01/18/2012,PDX,OR,ANM,WE,Towers with Radar,361,111,20,17,509,0,0,0,0,0,361,111,20,17,509,0,0,0,509
01/19/2012,PDX,OR,ANM,WE,Towers with Radar,351,104,43,22,520,0,3,0,0,3,351,107,43,22,523,0,0,0,523
01/20/2012,PDX,OR,ANM,WE,Towers with Radar,374,112,29,20,535,0,17,6,0,23,374,129,35,20,558,0,0,0,558
01/21/2012,PDX,OR,ANM,WE,Towers with Radar,290,53,18,1,362,0,8,11,0,19,290,61,29,1,381,0,0,0,381
01/22/2012,PDX,OR,ANM,WE,Towers with Radar,338,56,12,1,407,0,1,13,0,14,338,57,25,1,421,0,0,0,421
01/23/2012,PDX,OR,ANM,WE,Towers with Radar,358,130,24,0,512,0,10,1,0,11,358,140,25,0,523,0,0,0,523
01/24/2012,PDX,OR,ANM,WE,Towers with Radar,365,135,37,10,547,0,8,0,0,8,365,143,37,10,555,0,0,0,555
01/25/2012,PDX,OR,ANM,WE,Towers with Radar,358,124,28,4,514,0,32,24,0,56,358,156,52,4,570,0,0,0,570
01/26/2012,PDX,OR,ANM,WE,Towers with Radar,374,105,33,10,522,0,39,69,0,108,374,144,102,10,630,0,0,0,630
01/27/2012,PDX,OR,ANM,WE,Towers with Radar,373,99,39,6,517,0,33,17,0,50,373,132,56,6,567,0,0,0,567
01/28/2012,PDX,OR,ANM,WE,Towers with Radar,283,45,8,0,336,0,4,34,0,38,283,49,42,0,374,0,0,0,374
01/29/2012,PDX,OR,ANM,WE,Towers with Radar,336,51,20,0,407,0,1,0,2,3,336,52,20,2,410,0,0,0,410
01/30/2012,PDX,OR,ANM,WE,Towers with Radar,359,94,27,8,488,0,28,9,0,37,359,122,36,8,525,0,0,0,525
01/31/2012,PDX,OR,ANM,WE,Towers with Radar,356,91,31,27,505,0,35,17,0,52,356,126,48,27,557,0,0,0,557
02/01/2012,PDX,OR,ANM,WE,Towers with Radar,360,92,57,17,526,0,34,45,0,79,360,126,102,17,605,16,0,16,621
02/02/2012,PDX,OR,ANM,WE,Towers with Radar,372,101,44,20,537,0,29,87,0,116,372,130,131,20,653,0,0,0,653
02/03/2012,PDX,OR,ANM,WE,Towers with Radar,370,84,24,14,492,0,38,33,0,71,370,122,57,14,563,0,0,0,563
02/04/2012,PDX,OR,ANM,WE,Towers with Radar,274,53,17,7,351,0,5,21,3,29,274,58,38,10,380,0,0,0,380
02/05/2012,PDX,OR,ANM,WE,Towers with Radar,327,44,21,0,392,0,3,26,0,29,327,47,47,0,421,18,0,18,439
02/06/2012,PDX,OR,ANM,WE,Towers with Radar,359,73,24,0,456,0,44,19,0,63,359,117,43,0,519,0,0,0,519
02/07/2012,PDX,OR,ANM,WE,Towers with Radar,360,91,28,13,492,0,45,21,0,66,360,136,49,13,558,0,0,0,558
02/08/2012,PDX,OR,ANM,WE,Towers with Radar,360,104,36,24,524,0,21,8,0,29,360,125,44,24,553,0,0,0,553
02/09/2012,PDX,OR,ANM,WE,Towers with Radar,379,105,42,19,545,0,36,70,0,106,379,141,112,19,651,0,0,0,651
02/10/2012,PDX,OR,ANM,WE,Towers with Radar,375,109,47,11,542,0,15,15,0,30,375,124,62,11,572,0,0,0,572
02/11/2012,PDX,OR,ANM,WE,Towers with Radar,287,58,10,20,375,0,5,23,0,28,287,63,33,20,403,1,0,1,404
02/12/2012,PDX,OR,ANM,WE,Towers with Radar,341,51,12,21,425,0,5,45,0,50,341,56,57,21,475,0,0,0,475
02/13/2012,PDX,OR,ANM,WE,Towers with Radar,376,96,21,28,521,0,30,8,0,38,376,126,29,28,559,0,0,0,559
02/14/2012,PDX,OR,ANM,WE,Towers with Radar,375,113,24,20,532,0,29,3,1,33,375,142,27,21,565,0,0,0,565
02/15/2012,PDX,OR,ANM,WE,Towers with Radar,371,99,36,24,530,0,28,84,0,112,371,127,120,24,642,0,0,0,642
02/16/2012,PDX,OR,ANM,WE,Towers with Radar,392,120,44,18,574,0,5,2,0,7,392,125,46,18,581,0,0,0,581
02/17/2012,PDX,OR,ANM,WE,Towers with Radar,400,121,36,0,557,0,13,6,1,20,400,134,42,1,577,0,0,0,577
02/18/2012,PDX,OR,ANM,WE,Towers with Radar,291,60,12,0,363,0,7,4,0,11,291,67,16,0,374,0,0,0,374
02/19/2012,PDX,OR,ANM,WE,Towers with Radar,348,46,18,4,416,0,4,12,0,16,348,50,30,4,432,0,0,0,432
02/20/2012,PDX,OR,ANM,WE,Towers with Radar,378,108,25,1,512,0,0,0,0,0,378,108,25,1,512,0,0,0,512
02/21/2012,PDX,OR,ANM,WE,Towers with Radar,385,119,31,24,559,0,18,7,0,25,385,137,38,24,584,4,0,4,588
02/22/2012,PDX,OR,ANM,WE,Towers with Radar,379,105,27,14,525,0,28,4,0,32,379,133,31,14,557,0,0,0,557
02/23/2012,PDX,OR,ANM,WE,Towers with Radar,390,96,51,19,556,0,32,28,2,62,390,128,79,21,618,0,0,0,618
02/24/2012,PDX,OR,ANM,WE,Towers with Radar,389,96,31,7,523,0,30,12,0,42,389,126,43,7,565,0,0,0,565
02/25/2012,PDX,OR,ANM,WE,Towers with Radar,296,52,16,0,364,0,3,2,0,5,296,55,18,0,369,0,0,0,369
02/26/2012,PDX,OR,ANM,WE,Towers with Radar,342,48,20,0,410,0,1,3,1,5,342,49,23,1,415,6,0,6,421
02/27/2012,PDX,OR,ANM,WE,Towers with Radar,379,84,21,3,487,0,38,10,0,48,379,122,31,3,535,0,0,0,535
02/28/2012,PDX,OR,ANM,WE,Towers with Radar,371,108,37,11,527,0,22,44,1,67,371,130,81,12,594,0,0,0,594
02/29/2012,PDX,OR,ANM,WE,Towers with Radar,373,124,22,11,530,0,8,0,0,8,373,132,22,11,538,0,0,0,538
03/01/2012,PDX,OR,ANM,WE,Towers with Radar,386,111,50,4,551,0,29,2,1,32,386,140,52,5,583,0,0,0,583
03/02/2012,PDX,OR,ANM,WE,Towers with Radar,392,101,42,6,541,0,30,22,0,52,392,131,64,6,593,0,0,0,593
03/03/2012,PDX,OR,ANM,WE,Towers with Radar,297,53,16,6,372,0,4,25,2,31,297,57,41,8,403,4,0,4,407
03/04/2012,PDX,OR,ANM,WE,Towers with Radar,354,43,18,2,417,0,5,23,1,29,354,48,41,3,446,0,0,0,446
03/05/2012,PDX,OR,ANM,WE,Towers with Radar,378,99,20,1,498,0,26,10,0,36,378,125,30,1,534,0,0,0,534
03/06/2012,PDX,OR,ANM,WE,Towers with Radar,385,93,33,3,514,0,38,49,0,87,385,131,82,3,601,0,0,0,601
03/07/2012,PDX,OR,ANM,WE,Towers with Radar,382,95,30,13,520,0,37,72,0,109,382,132,102,13,629,36,0,36,665
03/08/2012,PDX,OR,ANM,WE,Towers with Radar,398,85,45,7,535,0,48,139,0,187,398,133,184,7,722,23,0,23,745
03/09/2012,PDX,OR,ANM,WE,Towers with Radar,387,95,24,15,521,0,36,52,1,89,387,131,76,16,610,0,0,0,610
03/10/2012,PDX,OR,ANM,WE,Towers with Radar,310,53,11,3,377,0,4,17,0,21,310,57,28,3,398,0,0,0,398
03/11/2012,PDX,OR,ANM,WE,Towers with Radar,368,51,24,4,447,0,1,1,3,5,368,52,25,7,452,0,0,0,452
03/12/2012,PDX,OR,ANM,WE,Towers with Radar,399,118,27,1,545,0,6,3,6,15,399,124,30,7,560,0,0,0,560
03/13/2012,PDX,OR,ANM,WE,Towers with Radar,406,104,40,5,555,0,28,10,0,38,406,132,50,5,593,0,0,0,593
03/14/2012,PDX,OR,ANM,WE,Towers with Radar,403,113,39,10,565,0,16,18,0,34,403,129,57,10,599,0,0,0,599
03/15/2012,PDX,OR,ANM,WE,Towers with Radar,410,111,41,9,571,0,22,4,1,27,410,133,45,10,598,0,0,0,598
03/16/2012,PDX,OR,ANM,WE,Towers with Radar,426,96,26,12,560,0,35,9,0,44,426,131,35,12,604,0,0,0,604
03/17/2012,PDX,OR,ANM,WE,Towers with Radar,337,52,12,2,403,0,3,2,0,5,337,55,14,2,408,0,0,0,408
03/18/2012,PDX,OR,ANM,WE,Towers with Radar,376,49,9,2,436,0,1,0,1,2,376,50,9,3,438,0,0,0,438
03/19/2012,PDX,OR,ANM,WE,Towers with Radar,392,115,26,0,533,0,19,5,1,25,392,134,31,1,558,0,0,0,558
03/20/2012,PDX,OR,ANM,WE,Towers with Radar,402,140,30,21,593,0,8,2,0,10,402,148,32,21,603,0,0,0,603
03/21/2012,PDX,OR,ANM,WE,Towers with Radar,400,137,41,16,594,0,1,4,0,5,400,138,45,16,599,0,0,0,599
03/22/2012,PDX,OR,ANM,WE,Towers with Radar,411,110,44,20,585,0,32,24,0,56,411,142,68,20,641,2,0,2,643
03/23/2012,PDX,OR,ANM,WE,Towers with Radar,418,117,43,11,589,0,35,72,0,107,418,152,115,11,696,0,0,0,696
03/24/2012,PDX,OR,ANM,WE,Towers with Radar,328,54,24,0,406,0,7,56,0,63,328,61,80,0,469,0,0,0,469
03/25/2012,PDX,OR,ANM,WE,Towers with Radar,369,55,28,0,452,0,2,6,0,8,369,57,34,0,460,18,0,18,478
03/26/2012,PDX,OR,ANM,WE,Towers with Radar,398,102,36,27,563,0,39,6,0,45,398,141,42,27,608,0,0,0,608
03/27/2012,PDX,OR,ANM,WE,Towers with Radar,402,96,30,27,555,0,35,17,0,52,402,131,47,27,607,22,0,22,629
03/28/2012,PDX,OR,ANM,WE,Towers with Radar,402,100,41,36,579,0,39,28,1,68,402,139,69,37,647,0,0,0,647
03/29/2012,PDX,OR,ANM,WE,Towers with Radar,413,127,27,44,611,0,7,1,0,8,413,134,28,44,619,0,0,0,619
03/30/2012,PDX,OR,ANM,WE,Towers with Radar,413,97,18,42,570,0,33,8,0,41,413,130,26,42,611,0,0,0,611
03/31/2012,PDX,OR,ANM,WE,Towers with Radar,333,56,11,0,400,0,5,38,0,43,333,61,49,0,443,0,0,0,443
04/01/2012,PDX,OR,ANM,WE,Towers with Radar,377,60,29,0,466,0,0,3,0,3,377,60,32,0,469,0,0,0,469
04/02/2012,PDX,OR,ANM,WE,Towers with Radar,401,93,28,34,556,0,39,44,0,83,401,132,72,34,639,16,0,16,655
04/03/2012,PDX,OR,ANM,WE,Towers with Radar,398,99,23,27,547,0,32,17,1,50,398,131,40,28,597,0,0,0,597
04/04/2012,PDX,OR,ANM,WE,Towers with Radar,417,110,36,26,589,0,23,4,0,27,417,133,40,26,616,0,0,0,616
04/05/2012,PDX,OR,ANM,WE,Towers with Radar,412,109,26,27,574,0,24,8,0,32,412,133,34,27,606,0,0,0,606
04/06/2012,PDX,OR,ANM,WE,Towers with Radar,407,89,23,18,537,0,37,11,1,49,407,126,34,19,586,0,0,0,586
04/07/2012,PDX,OR,ANM,WE,Towers with Radar,325,54,14,1,394,0,4,161,1,166,325,58,175,2,560,0,0,0,560
04/08/2012,PDX,OR,ANM,WE,Towers with Radar,371,51,10,0,432,0,3,16,0,19,371,54,26,0,451,2,0,2,453
04/09/2012,PDX,OR,ANM,WE,Towers with Radar,396,80,24,14,514,0,43,25,0,68,396,123,49,14,582,8,0,8,590
04/10/2012,PDX,OR,ANM,WE,Towers with Radar,398,90,41,11,540,0,38,19,0,57,398,128,60,11,597,0,0,0,597
04/11/2012,PDX,OR,ANM,WE,Towers with Radar,412,118,44,9,583,0,23,10,2,35,412,141,54,11,618,0,0,0,618
04/12/2012,PDX,OR,ANM,WE,Towers with Radar,412,95,33,9,549,3,40,45,0,88,415,135,78,9,637,0,0,0,637
04/13/2012,PDX,OR,ANM,WE,Towers with Radar,412,94,39,9,554,0,33,11,1,45,412,127,50,10,599,0,0,0,599
04/14/2012,PDX,OR,ANM,WE,Towers with Radar,330,52,30,4,416,0,4,16,0,20,330,56,46,4,436,0,0,0,436
04/15/2012,PDX,OR,ANM,WE,Towers with Radar,368,50,18,9,445,0,5,69,0,74,368,55,87,9,519,10,0,10,529
04/16/2012,PDX,OR,ANM,WE,Towers with Radar,399,95,29,1,524,0,29,18,1,48,399,124,47,2,572,0,0,0,572
04/17/2012,PDX,OR,ANM,WE,Towers with Radar,397,105,36,13,551,0,29,18,3,50,397,134,54,16,601,2,0,2,603
04/18/2012,PDX,OR,ANM,WE,Towers with Radar,409,100,32,16,557,0,31,19,0,50,409,131,51,16,607,14,0,14,621
04/19/2012,PDX,OR,ANM,WE,Towers with Radar,417,122,49,7,595,0,8,7,0,15,417,130,56,7,610,4,0,4,614
04/20/2012,PDX,OR,ANM,WE,Towers with Radar,417,103,36,9,565,0,26,15,0,41,417,129,51,9,606,0,0,0,606
04/21/2012,PDX,OR,ANM,WE,Towers with Radar,333,55,23,1,412,0,4,29,0,33,333,59,52,1,445,0,0,0,445
04/22/2012,PDX,OR,ANM,WE,Towers with Radar,374,47,19,0,440,0,9,62,0,71,374,56,81,0,511,18,0,18,529
04/23/2012,PDX,OR,ANM,WE,Towers with Radar,401,80,29,10,520,0,47,24,0,71,401,127,53,10,591,4,0,4,595
04/24/2012,PDX,OR,ANM,WE,Towers with Radar,403,114,28,15,560,0,26,8,1,35,403,140,36,16,595,2,0,2,597
04/25/2012,PDX,OR,ANM,WE,Towers with Radar,413,106,30,12,561,0,33,37,0,70,413,139,67,12,631,14,0,14,645
04/26/2012,PDX,OR,ANM,WE,Towers with Radar,415,105,54,8,582,0,29,27,1,57,415,134,81,9,639,22,0,22,661
04/27/2012,PDX,OR,ANM,WE,Towers with Radar,416,101,28,10,555,0,30,13,0,43,416,131,41,10,598,0,0,0,598
04/28/2012,PDX,OR,ANM,WE,Towers with Radar,326,56,19,7,408,0,4,11,0,15,326,60,30,7,423,0,0,0,423
04/29/2012,PDX,OR,ANM,WE,Towers with Radar,373,52,23,1,449,0,3,29,0,32,373,55,52,1,481,30,0,30,511
04/30/2012,PDX,OR,ANM,WE,Towers with Radar,397,98,37,4,536,0,27,9,3,39,397,125,46,7,575,2,0,2,577
05/01/2012,PDX,OR,ANM,WE,Towers with Radar,400,112,39,12,563,0,29,21,0,50,400,141,60,12,613,0,0,0,613
05/02/2012,PDX,OR,ANM,WE,Towers with Radar,417,109,42,16,584,0,31,25,6,62,417,140,67,22,646,0,0,0,646
05/03/2012,PDX,OR,ANM,WE,Towers with Radar,424,117,36,7,584,0,26,10,0,36,424,143,46,7,620,0,0,0,620
05/04/2012,PDX,OR,ANM,WE,Towers with Radar,413,97,30,18,558,0,26,27,0,53,413,123,57,18,611,6,0,6,617
05/05/2012,PDX,OR,ANM,WE,Towers with Radar,347,57,11,8,423,0,6,62,1,69,347,63,73,9,492,28,0,28,520
05/06/2012,PDX,OR,ANM,WE,Towers with Radar,373,46,28,13,460,0,6,25,2,33,373,52,53,15,493,2,0,2,495
05/07/2012,PDX,OR,ANM,WE,Towers with Radar,421,81,36,10,548,0,49,129,0,178,421,130,165,10,726,24,0,24,750
05/08/2012,PDX,OR,ANM,WE,Towers with Radar,410,92,33,19,554,0,40,48,0,88,410,132,81,19,642,18,0,18,660
05/09/2012,PDX,OR,ANM,WE,Towers with Radar,414,99,30,10,553,0,35,85,0,120,414,134,115,10,673,56,0,56,729
05/10/2012,PDX,OR,ANM,WE,Towers with Radar,434,93,40,22,589,0,43,102,2,147,434,136,142,24,736,26,0,26,762
05/11/2012,PDX,OR,ANM,WE,Towers with Radar,422,91,36,13,562,0,44,76,2,122,422,135,112,15,684,22,0,22,706
05/12/2012,PDX,OR,ANM,WE,Towers with Radar,344,55,26,2,427,0,21,97,0,118,344,76,123,2,545,0,0,0,545
05/13/2012,PDX,OR,ANM,WE,Towers with Radar,379,46,18,0,443,0,7,52,0,59,379,53,70,0,502,19,0,19,521
05/14/2012,PDX,OR,ANM,WE,Towers with Radar,425,80,36,5,546,0,43,30,0,73,425,123,66,5,619,2,0,2,621
05/15/2012,PDX,OR,ANM,WE,Towers with Radar,410,96,39,15,560,0,41,32,0,73,410,137,71,15,633,0,0,0,633
05/16/2012,PDX,OR,ANM,WE,Towers with Radar,429,92,51,17,589,0,42,48,0,90,429,134,99,17,679,46,0,46,725
05/17/2012,PDX,OR,ANM,WE,Towers with Radar,432,97,43,21,593,0,43,58,0,101,432,140,101,21,694,18,0,18,712
05/18/2012,PDX,OR,ANM,WE,Towers with Radar,425,87,34,19,565,0,41,21,0,62,425,128,55,19,627,0,0,0,627
05/19/2012,PDX,OR,ANM,WE,Towers with Radar,345,52,19,1,417,0,9,26,1,36,345,61,45,2,453,26,0,26,479
05/20/2012,PDX,OR,ANM,WE,Towers with Radar,384,46,34,2,466,0,4,28,0,32,384,50,62,2,498,43,0,43,541
05/21/2012,PDX,OR,ANM,WE,Towers with Radar,421,115,36,17,589,0,13,3,0,16,421,128,39,17,605,0,0,0,605
05/22/2012,PDX,OR,ANM,WE,Towers with Radar,425,98,28,21,572,0,29,10,0,39,425,127,38,21,611,0,0,0,611
05/23/2012,PDX,OR,ANM,WE,Towers with Radar,424,107,41,17,589,0,25,23,0,48,424,132,64,17,637,46,0,46,683
05/24/2012,PDX,OR,ANM,WE,Towers with Radar,432,109,50,20,611,0,27,13,0,40,432,136,63,20,651,0,0,0,651
05/25/2012,PDX,OR,ANM,WE,Towers with Radar,430,88,21,1,540,0,42,32,0,74,430,130,53,1,614,0,0,0,614
05/26/2012,PDX,OR,ANM,WE,Towers with Radar,335,57,21,1,414,0,3,56,0,59,335,60,77,1,473,25,0,25,498
05/27/2012,PDX,OR,ANM,WE,Towers with Radar,337,44,8,0,389,0,8,22,3,33,337,52,30,3,422,30,0,30,452
05/28/2012,PDX,OR,ANM,WE,Towers with Radar,394,53,6,5,458,0,5,31,3,39,394,58,37,8,497,8,0,8,505
05/29/2012,PDX,OR,ANM,WE,Towers with Radar,410,90,29,12,541,0,50,62,0,112,410,140,91,12,653,10,0,10,663
05/30/2012,PDX,OR,ANM,WE,Towers with Radar,436,92,23,14,565,0,41,51,1,93,436,133,74,15,658,14,0,14,672
05/31/2012,PDX,OR,ANM,WE,Towers with Radar,434,103,36,17,590,0,27,56,0,83,434,130,92,17,673,48,0,48,721
06/01/2012,PDX,OR,ANM,WE,Towers with Radar,435,92,29,23,579,0,35,54,1,90,435,127,83,24,669,20,0,20,689
06/02/2012,PDX,OR,ANM,WE,Towers with Radar,346,54,17,10,427,0,6,20,1,27,346,60,37,11,454,7,0,7,461
06/03/2012,PDX,OR,ANM,WE,Towers with Radar,402,55,25,10,492,0,5,70,5,80,402,60,95,15,572,16,0,16,588
06/04/2012,PDX,OR,ANM,WE,Towers with Radar,438,116,42,13,609,0,16,2,0,18,438,132,44,13,627,0,0,0,627
06/05/2012,PDX,OR,ANM,WE,Towers with Radar,447,102,32,19,600,0,34,31,0,65,447,136,63,19,665,6,0,6,671
06/06/2012,PDX,OR,ANM,WE,Towers with Radar,455,97,52,23,627,0,36,85,2,123,455,133,137,25,750,28,0,28,778
06/07/2012,PDX,OR,ANM,WE,Towers with Radar,476,105,31,18,630,0,27,14,0,41,476,132,45,18,671,2,0,2,673
06/08/2012,PDX,OR,ANM,WE,Towers with Radar,471,105,44,18,638,0,33,15,0,48,471,138,59,18,686,35,0,35,721
06/09/2012,PDX,OR,ANM,WE,Towers with Radar,407,61,13,0,481,0,6,48,0,54,407,67,61,0,535,16,0,16,551
06/10/2012,PDX,OR,ANM,WE,Towers with Radar,426,52,24,0,502,0,8,37,0,45,426,60,61,0,547,12,0,12,559
06/11/2012,PDX,OR,ANM,WE,Towers with Radar,466,75,35,0,576,0,57,74,0,131,466,132,109,0,707,20,0,20,727
06/12/2012,PDX,OR,ANM,WE,Towers with Radar,462,117,37,22,638,0,17,15,0,32,462,134,52,22,670,20,0,20,690
06/13/2012,PDX,OR,ANM,WE,Towers with Radar,476,106,34,24,640,0,34,22,1,57,476,140,56,25,697,36,0,36,733
06/14/2012,PDX,OR,ANM,WE,Towers with Radar,473,104,36,12,625,0,38,36,2,76,473,142,72,14,701,4,0,4,705
06/15/2012,PDX,OR,ANM,WE,Towers with Radar,489,86,36,10,621,0,52,52,1,105,489,138,88,11,726,24,0,24,750
06/16/2012,PDX,OR,ANM,WE,Towers with Radar,405,64,26,0,495,0,11,18,0,29,405,75,44,0,524,0,0,0,524
06/17/2012,PDX,OR,ANM,WE,Towers with Radar,443,55,20,3,521,0,2,30,0,32,443,57,50,3,553,14,0,14,567
06/18/2012,PDX,OR,ANM,WE,Towers with Radar,470,95,31,13,609,0,30,45,3,78,470,125,76,16,687,24,0,24,711
06/19/2012,PDX,OR,ANM,WE,Towers with Radar,473,102,44,25,644,0,26,51,4,81,473,128,95,29,725,54,0,54,779
06/20/2012,PDX,OR,ANM,WE,Towers with Radar,480,101,30,14,625,0,35,68,3,106,480,136,98,17,731,24,0,24,755
06/21/2012,PDX,OR,ANM,WE,Towers with Radar,475,86,47,10,618,0,46,86,5,137,475,132,133,15,755,30,0,30,785
06/22/2012,PDX,OR,ANM,WE,Towers with Radar,471,99,27,18,615,0,30,29,0,59,471,129,56,18,674,20,0,20,694
06/23/2012,PDX,OR,ANM,WE,Towers with Radar,411,69,10,2,492,0,4,4,0,8,411,73,14,2,500,2,0,2,502
06/24/2012,PDX,OR,ANM,WE,Towers with Radar,439,52,31,0,522,0,4,20,0,24,439,56,51,0,546,4,0,4,550
06/25/2012,PDX,OR,ANM,WE,Towers with Radar,459,94,26,2,581,0,34,40,0,74,459,128,66,2,655,38,0,38,693
06/26/2012,PDX,OR,ANM,WE,Towers with Radar,483,106,25,13,627,0,32,23,0,55,483,138,48,13,682,0,0,0,682
06/27/2012,PDX,OR,ANM,WE,Towers with Radar,485,97,47,10,639,0,36,53,0,89,485,133,100,10,728,20,0,20,748
06/28/2012,PDX,OR,ANM,WE,Towers with Radar,486,92,41,8,627,0,37,79,1,117,486,129,120,9,744,52,0,52,796
06/29/2012,PDX,OR,ANM,WE,Towers with Radar,470,102,33,10,615,0,39,55,2,96,470,141,88,12,711,24,0,24,735
06/30/2012,PDX,OR,ANM,WE,Towers with Radar,419,65,12,2,498,0,8,7,0,15,419,73,19,2,513,10,0,10,523
07/01/2012,PDX,OR,ANM,WE,Towers with Radar,437,55,24,1,517,0,2,25,0,27,437,57,49,1,544,0,0,0,544
07/02/2012,PDX,OR,ANM,WE,Towers with Radar,466,98,18,18,600,0,34,27,0,61,466,132,45,18,661,12,0,12,673
07/03/2012,PDX,OR,ANM,WE,Towers with Radar,471,99,22,19,611,0,33,51,0,84,471,132,73,19,695,20,0,20,715
07/04/2012,PDX,OR,ANM,WE,Towers with Radar,391,42,7,6,446,0,3,36,3,42,391,45,43,9,488,8,0,8,496
07/05/2012,PDX,OR,ANM,WE,Towers with Radar,467,94,34,17,612,0,39,71,0,110,467,133,105,17,722,8,0,8,730
07/06/2012,PDX,OR,ANM,WE,Towers with Radar,461,89,20,25,595,0,39,49,0,88,461,128,69,25,683,50,0,50,733
07/07/2012,PDX,OR,ANM,WE,Towers with Radar,405,59,14,1,479,0,12,17,0,29,405,71,31,1,508,0,0,0,508
07/08/2012,PDX,OR,ANM,WE,Towers with Radar,437,47,18,0,502,0,10,36,0,46,437,57,54,0,548,0,0,0,548
07/09/2012,PDX,OR,ANM,WE,Towers with Radar,465,92,27,1,585,0,39,45,0,84,465,131,72,1,669,10,0,10,679
07/10/2012,PDX,OR,ANM,WE,Towers with Radar,483,96,45,34,658,0,38,23,0,61,483,134,68,34,719,0,0,0,719
07/11/2012,PDX,OR,ANM,WE,Towers with Radar,478,92,33,29,632,0,41,32,3,76,478,133,65,32,708,30,0,30,738
07/12/2012,PDX,OR,ANM,WE,Towers with Radar,484,91,43,19,637,0,48,34,0,82,484,139,77,19,719,6,0,6,725
07/13/2012,PDX,OR,ANM,WE,Towers with Radar,470,97,35,17,619,0,34,17,0,51,470,131,52,17,670,12,0,12,682
07/14/2012,PDX,OR,ANM,WE,Towers with Radar,408,56,25,0,489,0,7,18,2,27,408,63,43,2,516,4,0,4,520
07/15/2012,PDX,OR,ANM,WE,Towers with Radar,437,55,42,0,534,0,3,13,1,17,437,58,55,1,551,0,0,0,551
07/16/2012,PDX,OR,ANM,WE,Towers with Radar,469,87,40,24,620,0,41,29,2,72,469,128,69,26,692,42,0,42,734
07/17/2012,PDX,OR,ANM,WE,Towers with Radar,478,97,27,25,627,0,35,45,0,80,478,132,72,25,707,0,0,0,707
07/18/2012,PDX,OR,ANM,WE,Towers with Radar,473,104,47,27,651,0,37,14,0,51,473,141,61,27,702,0,0,0,702
07/19/2012,PDX,OR,ANM,WE,Towers with Radar,478,97,62,22,659,0,36,23,0,59,478,133,85,22,718,0,0,0,718
07/20/2012,PDX,OR,ANM,WE,Towers with Radar,485,110,42,13,650,0,29,19,8,56,485,139,61,21,706,0,0,0,706
07/21/2012,PDX,OR,ANM,WE,Towers with Radar,412,61,30,5,508,0,5,32,1,38,412,66,62,6,546,18,0,18,564
07/22/2012,PDX,OR,ANM,WE,Towers with Radar,443,58,21,15,537,0,2,23,0,25,443,60,44,15,562,2,0,2,564
07/23/2012,PDX,OR,ANM,WE,Towers with Radar,465,99,24,4,592,0,38,39,0,77,465,137,63,4,669,9,0,9,678
07/24/2012,PDX,OR,ANM,WE,Towers with Radar,483,110,20,7,620,0,26,25,1,52,483,136,45,8,672,0,0,0,672
07/25/2012,PDX,OR,ANM,WE,Towers with Radar,484,96,46,23,649,0,39,51,1,91,484,135,97,24,740,22,0,22,762
07/26/2012,PDX,OR,ANM,WE,Towers with Radar,481,101,41,15,638,0,31,21,1,53,481,132,62,16,691,2,0,2,693
07/27/2012,PDX,OR,ANM,WE,Towers with Radar,478,113,43,12,646,0,23,13,0,36,478,136,56,12,682,6,0,6,688
07/28/2012,PDX,OR,ANM,WE,Towers with Radar,414,64,17,3,498,0,7,37,2,46,414,71,54,5,544,0,0,0,544
07/29/2012,PDX,OR,ANM,WE,Towers with Radar,441,54,21,2,518,0,3,21,0,24,441,57,42,2,542,8,0,8,550
07/30/2012,PDX,OR,ANM,WE,Towers with Radar,463,95,35,19,612,0,30,20,1,51,463,125,55,20,663,0,0,0,663
07/31/2012,PDX,OR,ANM,WE,Towers with Radar,481,94,36,25,636,0,42,42,0,84,481,136,78,25,720,42,0,42,762
08/01/2012,PDX,OR,ANM,WE,Towers with Radar,479,117,42,21,659,0,31,33,1,65,479,148,75,22,724,0,0,0,724
08/02/2012,PDX,OR,ANM,WE,Towers with Radar,489,101,47,46,683,0,37,36,7,80,489,138,83,53,763,32,0,32,795
08/03/2012,PDX,OR,ANM,WE,Towers with Radar,477,98,33,22,630,1,38,43,7,89,478,136,76,29,719,0,0,0,719
08/04/2012,PDX,OR,ANM,WE,Towers with Radar,416,67,18,21,522,1,12,36,7,56,417,79,54,28,578,0,0,0,578
08/05/2012,PDX,OR,ANM,WE,Towers with Radar,436,56,46,6,544,0,10,37,8,55,436,66,83,14,599,30,0,30,629
08/06/2012,PDX,OR,ANM,WE,Towers with Radar,472,92,22,2,588,0,37,34,5,76,472,129,56,7,664,6,0,6,670
08/07/2012,PDX,OR,ANM,WE,Towers with Radar,477,105,28,35,645,0,30,44,1,75,477,135,72,36,720,12,0,12,732
08/08/2012,PDX,OR,ANM,WE,Towers with Radar,477,110,28,38,653,0,33,36,2,71,477,143,64,40,724,24,0,24,748
08/09/2012,PDX,OR,ANM,WE,Towers with Radar,469,104,46,9,628,0,30,38,1,69,469,134,84,10,697,0,0,0,697
08/10/2012,PDX,OR,ANM,WE,Towers with Radar,472,103,39,11,625,0,33,33,0,66,472,136,72,11,691,0,0,0,691
08/11/2012,PDX,OR,ANM,WE,Towers with Radar,405,67,16,1,489,0,6,15,1,22,405,73,31,2,511,0,0,0,511
08/12/2012,PDX,OR,ANM,WE,Towers with Radar,434,50,11,1,496,0,10,47,0,57,434,60,58,1,553,26,0,26,579
08/13/2012,PDX,OR,ANM,WE,Towers with Radar,457,84,31,11,583,0,42,38,1,81,457,126,69,12,664,20,0,20,684
08/14/2012,PDX,OR,ANM,WE,Towers with Radar,467,91,33,15,606,0,39,59,0,98,467,130,92,15,704,48,0,48,752
08/15/2012,PDX,OR,ANM,WE,Towers with Radar,950,210,120,36,1316,0,62,58,6,126,950,272,178,42,1442,0,0,0,1442
08/16/2012,PDX,OR,ANM,WE,Towers with Radar,465,94,24,16,599,0,44,27,1,72,465,138,51,17,671,0,0,0,671
08/17/2012,PDX,OR,ANM,WE,Towers with Radar,459,87,33,7,586,0,47,53,2,102,459,134,86,9,688,4,0,4,692
08/18/2012,PDX,OR,ANM,WE,Towers with Radar,393,60,25,8,486,0,4,27,0,31,393,64,52,8,517,0,0,0,517
08/19/2012,PDX,OR,ANM,WE,Towers with Radar,429,59,20,9,517,0,4,18,0,22,429,63,38,9,539,16,0,16,555
08/20/2012,PDX,OR,ANM,WE,Towers with Radar,458,95,31,3,587,0,36,57,0,93,458,131,88,3,680,64,0,64,744
08/21/2012,PDX,OR,ANM,WE,Towers with Radar,463,101,20,16,600,0,52,44,0,96,463,153,64,16,696,10,0,10,706
08/22/2012,PDX,OR,ANM,WE,Towers with Radar,464,97,30,21,612,0,36,43,0,79,464,133,73,21,691,34,0,34,725
08/23/2012,PDX,OR,ANM,WE,Towers with Radar,473,105,55,11,644,0,32,16,0,48,473,137,71,11,692,0,0,0,692
08/24/2012,PDX,OR,ANM,WE,Towers with Radar,455,94,30,7,586,0,43,22,0,65,455,137,52,7,651,0,0,0,651
08/25/2012,PDX,OR,ANM,WE,Towers with Radar,375,56,16,1,448,0,10,30,1,41,375,66,46,2,489,2,0,2,491
08/26/2012,PDX,OR,ANM,WE,Towers with Radar,408,51,16,2,477,0,6,27,0,33,408,57,43,2,510,20,0,20,530
08/27/2012,PDX,OR,ANM,WE,Towers with Radar,442,92,33,10,577,0,36,26,0,62,442,128,59,10,639,38,0,38,677
08/28/2012,PDX,OR,ANM,WE,Towers with Radar,449,99,37,14,599,0,41,31,0,72,449,140,68,14,671,0,0,0,671
08/29/2012,PDX,OR,ANM,WE,Towers with Radar,450,104,41,16,611,0,35,19,2,56,450,139,60,18,667,0,0,0,667
08/30/2012,PDX,OR,ANM,WE,Towers with Radar,453,104,31,11,599,0,31,35,1,67,453,135,66,12,666,44,0,44,710
08/31/2012,PDX,OR,ANM,WE,Towers with Radar,446,87,38,2,573,0,45,26,0,71,446,132,64,2,644,0,0,0,644
09/01/2012,PDX,OR,ANM,WE,Towers with Radar,338,55,9,0,402,0,6,17,0,23,338,61,26,0,425,0,0,0,425
09/02/2012,PDX,OR,ANM,WE,Towers with Radar,341,44,11,1,397,0,6,35,0,41,341,50,46,1,438,8,0,8,446
09/03/2012,PDX,OR,ANM,WE,Towers with Radar,415,56,13,0,484,0,7,30,0,37,415,63,43,0,521,24,0,24,545
09/04/2012,PDX,OR,ANM,WE,Towers with Radar,434,82,26,20,562,0,39,39,1,79,434,121,65,21,641,0,0,0,641
09/05/2012,PDX,OR,ANM,WE,Towers with Radar,449,100,35,20,604,0,39,45,0,84,449,139,80,20,688,0,0,0,688
09/06/2012,PDX,OR,ANM,WE,Towers with Radar,441,108,32,13,594,0,38,35,2,75,441,146,67,15,669,0,0,0,669
09/07/2012,PDX,OR,ANM,WE,Towers with Radar,443,91,22,13,569,0,39,29,0,68,443,130,51,13,637,0,0,0,637
09/08/2012,PDX,OR,ANM,WE,Towers with Radar,354,53,16,25,448,0,8,45,6,59,354,61,61,31,507,0,0,0,507
09/09/2012,PDX,OR,ANM,WE,Towers with Radar,412,49,20,0,481,0,1,32,0,33,412,50,52,0,514,16,0,16,530
09/10/2012,PDX,OR,ANM,WE,Towers with Radar,437,91,34,17,579,0,38,28,0,66,437,129,62,17,645,0,0,0,645
09/11/2012,PDX,OR,ANM,WE,Towers with Radar,431,102,36,19,588,0,37,54,0,91,431,139,90,19,679,6,2,8,687
09/12/2012,PDX,OR,ANM,WE,Towers with Radar,445,91,37,19,592,0,42,38,2,82,445,133,75,21,674,0,0,0,674
09/13/2012,PDX,OR,ANM,WE,Towers with Radar,442,101,30,15,588,0,38,31,0,69,442,139,61,15,657,4,0,4,661
09/14/2012,PDX,OR,ANM,WE,Towers with Radar,444,96,34,12,586,0,39,43,3,85,444,135,77,15,671,0,0,0,671
09/15/2012,PDX,OR,ANM,WE,Towers with Radar,350,48,16,2,416,0,12,28,3,43,350,60,44,5,459,0,0,0,459
09/16/2012,PDX,OR,ANM,WE,Towers with Radar,404,51,42,5,502,0,6,31,0,37,404,57,73,5,539,0,0,0,539
09/17/2012,PDX,OR,ANM,WE,Towers with Radar,435,82,33,1,551,0,41,15,1,57,435,123,48,2,608,0,0,0,608
09/18/2012,PDX,OR,ANM,WE,Towers with Radar,430,82,32,15,559,0,39,29,0,68,430,121,61,15,627,0,0,0,627
09/19/2012,PDX,OR,ANM,WE,Towers with Radar,446,108,49,33,636,0,30,9,1,40,446,138,58,34,676,4,0,4,680
09/20/2012,PDX,OR,ANM,WE,Towers with Radar,436,120,51,16,623,0,14,7,2,23,436,134,58,18,646,0,0,0,646
09/21/2012,PDX,OR,ANM,WE,Towers with Radar,448,106,39,20,613,0,25,6,1,32,448,131,45,21,645,0,0,0,645
09/22/2012,PDX,OR,ANM,WE,Towers with Radar,349,57,21,0,427,0,6,20,0,26,349,63,41,0,453,18,0,18,471
09/23/2012,PDX,OR,ANM,WE,Towers with Radar,404,52,20,1,477,0,4,19,6,29,404,56,39,7,506,0,0,0,506
09/24/2012,PDX,OR,ANM,WE,Towers with Radar,437,95,43,20,595,0,33,26,2,61,437,128,69,22,656,20,0,20,676
09/25/2012,PDX,OR,ANM,WE,Towers with Radar,436,97,31,22,586,0,32,12,0,44,436,129,43,22,630,4,0,4,634
09/26/2012,PDX,OR,ANM,WE,Towers with Radar,445,101,37,19,602,0,26,22,2,50,445,127,59,21,652,0,0,0,652
09/27/2012,PDX,OR,ANM,WE,Towers with Radar,445,99,42,8,594,0,36,26,0,62,445,135,68,8,656,0,0,0,656
09/28/2012,PDX,OR,ANM,WE,Towers with Radar,440,93,24,4,561,0,29,39,0,68,440,122,63,4,629,0,0,0,629
09/29/2012,PDX,OR,ANM,WE,Towers with Radar,350,53,7,3,413,0,6,23,1,30,350,59,30,4,443,26,0,26,469
09/30/2012,PDX,OR,ANM,WE,Towers with Radar,405,44,39,1,489,0,7,46,0,53,405,51,85,1,542,32,0,32,574
10/01/2012,PDX,OR,ANM,WE,Towers with Radar,438,71,22,5,536,0,45,40,0,85,438,116,62,5,621,20,0,20,641
10/02/2012,PDX,OR,ANM,WE,Towers with Radar,428,93,29,32,582,0,36,29,0,65,428,129,58,32,647,0,0,0,647
10/03/2012,PDX,OR,ANM,WE,Towers with Radar,432,90,41,17,580,0,38,28,1,67,432,128,69,18,647,0,0,0,647
10/04/2012,PDX,OR,ANM,WE,Towers with Radar,441,89,31,31,592,0,41,28,0,69,441,130,59,31,661,0,0,0,661
10/05/2012,PDX,OR,ANM,WE,Towers with Radar,438,92,33,42,605,0,44,35,3,82,438,136,68,45,687,6,0,6,693
10/06/2012,PDX,OR,ANM,WE,Towers with Radar,324,50,24,10,408,0,9,7,2,18,324,59,31,12,426,0,0,0,426
10/07/2012,PDX,OR,ANM,WE,Towers with Radar,392,45,36,1,474,0,7,18,0,25,392,52,54,1,499,20,0,20,519
10/08/2012,PDX,OR,ANM,WE,Towers with Radar,400,73,25,2,500,0,34,28,0,62,400,107,53,2,562,0,0,0,562
10/09/2012,PDX,OR,ANM,WE,Towers with Radar,423,104,42,37,606,0,32,4,0,36,423,136,46,37,642,0,0,0,642
10/10/2012,PDX,OR,ANM,WE,Towers with Radar,426,92,40,18,576,0,34,22,0,56,426,126,62,18,632,20,0,20,652
10/11/2012,PDX,OR,ANM,WE,Towers with Radar,428,98,30,19,575,0,27,11,0,38,428,125,41,19,613,0,0,0,613
10/12/2012,PDX,OR,ANM,WE,Towers with Radar,431,119,47,23,620,0,0,3,0,3,431,119,50,23,623,4,0,4,627
10/13/2012,PDX,OR,ANM,WE,Towers with Radar,324,55,12,68,459,0,5,7,0,12,324,60,19,68,471,20,0,20,491
10/14/2012,PDX,OR,ANM,WE,Towers with Radar,393,48,19,44,504,0,1,8,0,9,393,49,27,44,513,0,0,0,513
10/15/2012,PDX,OR,ANM,WE,Towers with Radar,425,114,26,3,568,0,2,5,0,7,425,116,31,3,575,0,0,0,575
10/16/2012,PDX,OR,ANM,WE,Towers with Radar,418,94,37,10,559,0,37,13,0,50,418,131,50,10,609,0,0,0,609
10/17/2012,PDX,OR,ANM,WE,Towers with Radar,430,94,39,15,578,0,35,27,0,62,430,129,66,15,640,0,0,0,640
10/18/2012,PDX,OR,ANM,WE,Towers with Radar,437,87,34,6,564,0,40,20,0,60,437,127,54,6,624,6,0,6,630
10/19/2012,PDX,OR,ANM,WE,Towers with Radar,436,110,38,22,606,0,6,17,0,23,436,116,55,22,629,0,0,0,629
10/20/2012,PDX,OR,ANM,WE,Towers with Radar,327,54,13,3,397,0,10,8,0,18,327,64,21,3,415,0,0,0,415
10/21/2012,PDX,OR,ANM,WE,Towers with Radar,400,42,14,0,456,0,3,6,0,9,400,45,20,0,465,0,0,0,465
10/22/2012,PDX,OR,ANM,WE,Towers with Radar,421,91,22,19,553,0,25,6,0,31,421,116,28,19,584,0,0,0,584
10/23/2012,PDX,OR,ANM,WE,Towers with Radar,421,101,33,21,576,0,32,15,2,49,421,133,48,23,625,0,0,0,625
10/24/2012,PDX,OR,ANM,WE,Towers with Radar,420,101,54,18,593,0,32,5,2,39,420,133,59,20,632,0,0,0,632
10/25/2012,PDX,OR,ANM,WE,Towers with Radar,434,99,43,13,589,0,33,8,0,41,434,132,51,13,630,2,0,2,632
10/26/2012,PDX,OR,ANM,WE,Towers with Radar,433,95,37,13,578,0,29,10,0,39,433,124,47,13,617,2,0,2,619
10/27/2012,PDX,OR,ANM,WE,Towers with Radar,322,56,22,0,400,0,1,2,0,3,322,57,24,0,403,6,0,6,409
10/28/2012,PDX,OR,ANM,WE,Towers with Radar,383,47,33,4,467,0,0,2,0,2,383,47,35,4,469,0,0,0,469
10/29/2012,PDX,OR,ANM,WE,Towers with Radar,407,89,36,4,536,0,32,16,3,51,407,121,52,7,587,0,0,0,587
10/30/2012,PDX,OR,ANM,WE,Towers with Radar,402,100,60,20,582,0,26,15,0,41,402,126,75,20,623,0,4,4,627
10/31/2012,PDX,OR,ANM,WE,Towers with Radar,388,98,29,25,540,0,33,6,1,40,388,131,35,26,580,0,0,0,580
11/01/2012,PDX,OR,ANM,WE,Towers with Radar,429,117,39,28,613,0,19,2,0,21,429,136,41,28,634,0,0,0,634
11/02/2012,PDX,OR,ANM,WE,Towers with Radar,427,86,34,11,558,0,31,21,0,52,427,117,55,11,610,0,0,0,610
11/03/2012,PDX,OR,ANM,WE,Towers with Radar,315,50,13,14,392,0,4,11,0,15,315,54,24,14,407,2,0,2,409
11/04/2012,PDX,OR,ANM,WE,Towers with Radar,379,44,24,24,471,0,2,10,0,12,379,46,34,24,483,8,0,8,491
11/05/2012,PDX,OR,ANM,WE,Towers with Radar,417,89,18,14,538,0,24,14,0,38,417,113,32,14,576,0,0,0,576
11/06/2012,PDX,OR,ANM,WE,Towers with Radar,406,120,35,18,579,0,1,3,0,4,406,121,38,18,583,0,0,0,583
11/07/2012,PDX,OR,ANM,WE,Towers with Radar,416,98,39,23,576,0,31,9,0,40,416,129,48,23,616,0,0,0,616
11/08/2012,PDX,OR,ANM,WE,Towers with Radar,432,98,44,10,584,0,26,8,0,34,432,124,52,10,618,1,0,1,619
11/09/2012,PDX,OR,ANM,WE,Towers with Radar,418,106,41,3,568,0,17,0,0,17,418,123,41,3,585,0,0,0,585
11/10/2012,PDX,OR,ANM,WE,Towers with Radar,329,54,16,10,409,0,3,5,0,8,329,57,21,10,417,0,0,0,417
11/11/2012,PDX,OR,ANM,WE,Towers with Radar,378,43,20,4,445,0,3,0,0,3,378,46,20,4,448,0,0,0,448
11/12/2012,PDX,OR,ANM,WE,Towers with Radar,425,111,37,0,573,0,1,8,0,9,425,112,45,0,582,0,0,0,582
11/13/2012,PDX,OR,ANM,WE,Towers with Radar,421,128,35,24,608,0,5,9,13,27,421,133,44,37,635,0,0,0,635
11/14/2012,PDX,OR,ANM,WE,Towers with Radar,429,104,41,10,584,0,29,7,27,63,429,133,48,37,647,0,0,0,647
11/15/2012,PDX,OR,ANM,WE,Towers with Radar,430,94,37,17,578,0,42,42,2,86,430,136,79,19,664,12,0,12,676
11/16/2012,PDX,OR,ANM,WE,Towers with Radar,433,98,30,13,574,0,30,30,1,61,433,128,60,14,635,26,0,26,661
11/17/2012,PDX,OR,ANM,WE,Towers with Radar,344,55,10,0,409,0,6,8,0,14,344,61,18,0,423,0,0,0,423
11/18/2012,PDX,OR,ANM,WE,Towers with Radar,387,47,22,1,457,0,2,7,0,9,387,49,29,1,466,0,0,0,466
11/19/2012,PDX,OR,ANM,WE,Towers with Radar,402,81,42,15,540,0,28,2,0,30,402,109,44,15,570,0,0,0,570
11/20/2012,PDX,OR,ANM,WE,Towers with Radar,436,98,32,18,584,0,30,15,1,46,436,128,47,19,630,0,0,0,630
11/21/2012,PDX,OR,ANM,WE,Towers with Radar,451,89,35,12,587,0,31,14,2,47,451,120,49,14,634,0,0,0,634
11/22/2012,PDX,OR,ANM,WE,Towers with Radar,302,30,7,0,339,0,4,8,0,12,302,34,15,0,351,0,0,0,351
11/23/2012,PDX,OR,ANM,WE,Towers with Radar,343,93,16,0,452,0,4,19,0,23,343,97,35,0,475,0,0,0,475
11/24/2012,PDX,OR,ANM,WE,Towers with Radar,356,57,6,0,419,0,5,12,0,17,356,62,18,0,436,2,0,2,438
11/25/2012,PDX,OR,ANM,WE,Towers with Radar,419,49,19,0,487,0,6,15,0,21,419,55,34,0,508,0,0,0,508
11/26/2012,PDX,OR,ANM,WE,Towers with Radar,435,79,25,21,560,0,40,10,2,52,435,119,35,23,612,0,0,0,612
11/27/2012,PDX,OR,ANM,WE,Towers with Radar,432,84,31,8,555,0,41,26,0,67,432,125,57,8,622,12,0,12,634
11/28/2012,PDX,OR,ANM,WE,Towers with Radar,414,86,31,6,537,0,36,7,0,43,414,122,38,6,580,0,0,0,580
11/29/2012,PDX,OR,ANM,WE,Towers with Radar,418,100,25,11,554,0,37,14,0,51,418,137,39,11,605,2,0,2,607
11/30/2012,PDX,OR,ANM,WE,Towers with Radar,417,86,24,4,531,0,35,6,0,41,417,121,30,4,572,4,0,4,576
12/01/2012,PDX,OR,ANM,WE,Towers with Radar,307,44,9,5,365,0,9,8,0,17,307,53,17,5,382,0,0,0,382
12/02/2012,PDX,OR,ANM,WE,Towers with Radar,373,49,13,8,443,0,1,8,0,9,373,50,21,8,452,0,0,0,452
12/03/2012,PDX,OR,ANM,WE,Towers with Radar,406,91,33,4,534,0,32,11,0,43,406,123,44,4,577,0,0,0,577
12/04/2012,PDX,OR,ANM,WE,Towers with Radar,413,128,28,8,577,0,12,4,0,16,413,140,32,8,593,0,0,0,593
12/05/2012,PDX,OR,ANM,WE,Towers with Radar,412,96,43,12,563,0,35,16,0,51,412,131,59,12,614,0,0,0,614
12/06/2012,PDX,OR,ANM,WE,Towers with Radar,430,121,37,7,595,0,9,10,0,19,430,130,47,7,614,0,0,0,614
12/07/2012,PDX,OR,ANM,WE,Towers with Radar,420,106,31,4,561,0,25,8,0,33,420,131,39,4,594,4,0,4,598
12/08/2012,PDX,OR,ANM,WE,Towers with Radar,307,52,16,1,376,0,6,13,0,19,307,58,29,1,395,16,0,16,411
12/09/2012,PDX,OR,ANM,WE,Towers with Radar,370,46,16,2,434,0,0,1,0,1,370,46,17,2,435,0,0,0,435
12/10/2012,PDX,OR,ANM,WE,Towers with Radar,400,101,18,0,519,0,20,7,0,27,400,121,25,0,546,0,0,0,546
12/11/2012,PDX,OR,ANM,WE,Towers with Radar,424,127,30,5,586,0,17,6,0,23,424,144,36,5,609,0,0,0,609
12/12/2012,PDX,OR,ANM,WE,Towers with Radar,421,106,37,4,568,0,27,10,0,37,421,133,47,4,605,4,0,4,609
12/13/2012,PDX,OR,ANM,WE,Towers with Radar,430,116,46,8,600,0,18,17,0,35,430,134,63,8,635,0,0,0,635
12/14/2012,PDX,OR,ANM,WE,Towers with Radar,438,101,19,9,567,0,32,9,0,41,438,133,28,9,608,8,0,8,616
12/15/2012,PDX,OR,ANM,WE,Towers with Radar,337,53,9,2,401,0,1,3,0,4,337,54,12,2,405,0,0,0,405
12/16/2012,PDX,OR,ANM,WE,Towers with Radar,393,43,17,3,456,0,0,5,0,5,393,43,22,3,461,0,0,0,461
12/17/2012,PDX,OR,ANM,WE,Towers with Radar,417,87,38,4,546,0,26,4,0,30,417,113,42,4,576,6,0,6,582
12/18/2012,PDX,OR,ANM,WE,Towers with Radar,439,129,40,12,620,0,1,0,0,1,439,130,40,12,621,0,0,0,621
12/19/2012,PDX,OR,ANM,WE,Towers with Radar,466,105,34,25,630,0,25,6,0,31,466,130,40,25,661,0,0,0,661
12/20/2012,PDX,OR,ANM,WE,Towers with Radar,474,111,33,22,640,0,31,3,0,34,474,142,36,22,674,0,0,0,674
12/21/2012,PDX,OR,ANM,WE,Towers with Radar,468,111,27,4,610,0,43,19,0,62,468,154,46,4,672,4,0,4,676
12/22/2012,PDX,OR,ANM,WE,Towers with Radar,407,67,12,0,486,0,14,1,0,15,407,81,13,0,501,0,0,0,501
12/23/2012,PDX,OR,ANM,WE,Towers with Radar,410,45,8,0,463,0,1,10,0,11,410,46,18,0,474,6,0,6,480
12/24/2012,PDX,OR,ANM,WE,Towers with Radar,372,72,7,0,451,0,19,1,0,20,372,91,8,0,471,0,0,0,471
12/25/2012,PDX,OR,ANM,WE,Towers with Radar,335,51,5,0,391,0,0,0,0,0,335,51,5,0,391,0,0,0,391
12/26/2012,PDX,OR,ANM,WE,Towers with Radar,430,102,11,16,559,0,16,2,0,18,430,118,13,16,577,0,0,0,577
12/27/2012,PDX,OR,ANM,WE,Towers with Radar,470,91,27,21,609,0,30,4,3,37,470,121,31,24,646,26,0,26,672
12/28/2012,PDX,OR,ANM,WE,Towers with Radar,451,87,22,14,574,0,31,27,1,59,451,118,49,15,633,0,0,0,633
12/29/2012,PDX,OR,ANM,WE,Towers with Radar,366,55,14,0,435,0,7,2,0,9,366,62,16,0,444,2,0,2,446
12/30/2012,PDX,OR,ANM,WE,Towers with Radar,411,47,13,0,471,0,6,8,0,14,411,53,21,0,485,0,0,0,485
12/31/2012,PDX,OR,ANM,WE,Towers with Radar,378,72,8,0,458,0,25,4,0,29,378,97,12,0,487,0,0,0,487
01/01/2013,PDX,OR,ANM,WE,Towers with Radar,369,46,17,0,432,0,5,9,0,14,369,51,26,0,446,0,0,0,446
01/02/2013,PDX,OR,ANM,WE,Towers with Radar,435,80,17,14,546,0,38,5,0,43,435,118,22,14,589,0,0,0,589
01/03/2013,PDX,OR,ANM,WE,Towers with Radar,418,90,18,16,542,0,35,15,0,50,418,125,33,16,592,6,0,6,598
01/04/2013,PDX,OR,ANM,WE,Towers with Radar,404,92,21,19,536,0,31,6,0,37,404,123,27,19,573,0,0,0,573
01/05/2013,PDX,OR,ANM,WE,Towers with Radar,324,48,16,1,389,0,10,13,0,23,324,58,29,1,412,0,0,0,412
01/06/2013,PDX,OR,ANM,WE,Towers with Radar,359,45,17,2,423,0,1,0,0,1,359,46,17,2,424,0,0,0,424
01/07/2013,PDX,OR,ANM,WE,Towers with Radar,383,75,19,2,479,0,29,4,0,33,383,104,23,2,512,0,0,0,512
01/08/2013,PDX,OR,ANM,WE,Towers with Radar,373,97,25,22,517,0,24,3,0,27,373,121,28,22,544,0,0,0,544
01/09/2013,PDX,OR,ANM,WE,Towers with Radar,372,98,23,23,516,0,27,6,0,33,372,125,29,23,549,0,0,0,549
01/10/2013,PDX,OR,ANM,WE,Towers with Radar,394,102,41,2,539,0,17,3,0,20,394,119,44,2,559,0,0,0,559
01/11/2013,PDX,OR,ANM,WE,Towers with Radar,391,84,51,1,527,6,36,21,0,63,397,120,72,1,590,0,0,0,590
01/12/2013,PDX,OR,ANM,WE,Towers with Radar,283,59,19,44,405,0,5,4,0,9,283,64,23,44,414,0,0,0,414
01/13/2013,PDX,OR,ANM,WE,Towers with Radar,336,53,21,47,457,0,3,3,0,6,336,56,24,47,463,0,0,0,463
01/14/2013,PDX,OR,ANM,WE,Towers with Radar,387,110,40,0,537,0,0,2,0,2,387,110,42,0,539,0,0,0,539
01/15/2013,PDX,OR,ANM,WE,Towers with Radar,373,126,37,17,553,0,0,0,0,0,373,126,37,17,553,0,0,0,553
01/16/2013,PDX,OR,ANM,WE,Towers with Radar,380,122,46,23,571,0,0,0,0,0,380,122,46,23,571,0,0,0,571
01/17/2013,PDX,OR,ANM,WE,Towers with Radar,398,95,41,22,556,0,32,9,0,41,398,127,50,22,597,0,0,0,597
01/18/2013,PDX,OR,ANM,WE,Towers with Radar,407,93,53,3,556,0,29,19,1,49,407,122,72,4,605,2,0,2,607
01/19/2013,PDX,OR,ANM,WE,Towers with Radar,286,40,14,0,340,0,2,2,0,4,286,42,16,0,344,0,0,0,344
01/20/2013,PDX,OR,ANM,WE,Towers with Radar,313,42,32,2,389,0,6,13,0,19,313,48,45,2,408,0,0,0,408
01/21/2013,PDX,OR,ANM,WE,Towers with Radar,384,80,40,0,504,0,32,17,0,49,384,112,57,0,553,2,0,2,555
01/22/2013,PDX,OR,ANM,WE,Towers with Radar,376,93,29,17,515,0,34,8,0,42,376,127,37,17,557,0,0,0,557
01/23/2013,PDX,OR,ANM,WE,Towers with Radar,365,120,29,20,534,0,6,1,0,7,365,126,30,20,541,0,0,0,541
01/24/2013,PDX,OR,ANM,WE,Towers with Radar,372,106,44,17,539,0,17,9,0,26,372,123,53,17,565,0,0,0,565
01/25/2013,PDX,OR,ANM,WE,Towers with Radar,378,104,19,11,512,0,16,0,0,16,378,120,19,11,528,0,0,0,528
01/26/2013,PDX,OR,ANM,WE,Towers with Radar,286,50,24,0,360,0,3,1,1,5,286,53,25,1,365,6,0,6,371
01/27/2013,PDX,OR,ANM,WE,Towers with Radar,329,48,17,1,395,0,0,10,0,10,329,48,27,1,405,2,0,2,407
01/28/2013,PDX,OR,ANM,WE,Towers with Radar,379,100,47,25,551,0,17,0,0,17,379,117,47,25,568,4,0,4,572
01/29/2013,PDX,OR,ANM,WE,Towers with Radar,361,113,37,20,531,0,9,3,0,12,361,122,40,20,543,0,0,0,543
01/30/2013,PDX,OR,ANM,WE,Towers with Radar,377,130,43,18,568,0,2,1,0,3,377,132,44,18,571,0,0,0,571
01/31/2013,PDX,OR,ANM,WE,Towers with Radar,388,96,33,19,536,0,24,8,0,32,388,120,41,19,568,6,0,6,574
02/01/2013,PDX,OR,ANM,WE,Towers with Radar,395,95,27,11,528,0,33,30,2,65,395,128,57,13,593,5,0,5,598
02/02/2013,PDX,OR,ANM,WE,Towers with Radar,290,49,14,2,355,0,7,12,0,19,290,56,26,2,374,0,0,0,374
02/03/2013,PDX,OR,ANM,WE,Towers with Radar,336,47,16,0,399,0,1,0,0,1,336,48,16,0,400,0,0,0,400
02/04/2013,PDX,OR,ANM,WE,Towers with Radar,376,86,34,0,496,0,39,14,0,53,376,125,48,0,549,0,0,0,549
02/05/2013,PDX,OR,ANM,WE,Towers with Radar,375,90,33,14,512,0,28,7,0,35,375,118,40,14,547,10,0,10,557
02/06/2013,PDX,OR,ANM,WE,Towers with Radar,372,97,25,26,520,0,37,14,0,51,372,134,39,26,571,0,0,0,571
02/07/2013,PDX,OR,ANM,WE,Towers with Radar,393,84,30,22,529,0,33,16,0,49,393,117,46,22,578,18,0,18,596
02/08/2013,PDX,OR,ANM,WE,Towers with Radar,381,82,24,17,504,0,31,1,0,32,381,113,25,17,536,20,0,20,556
02/09/2013,PDX,OR,ANM,WE,Towers with Radar,282,59,16,10,367,0,2,2,1,5,282,61,18,11,372,1,0,1,373
02/10/2013,PDX,OR,ANM,WE,Towers with Radar,348,46,40,17,451,0,3,6,0,9,348,49,46,17,460,0,0,0,460
02/11/2013,PDX,OR,ANM,WE,Towers with Radar,381,113,32,22,548,0,1,1,1,3,381,114,33,23,551,0,2,2,553
02/12/2013,PDX,OR,ANM,WE,Towers with Radar,372,96,25,19,512,0,25,8,0,33,372,121,33,19,545,0,0,0,545
02/13/2013,PDX,OR,ANM,WE,Towers with Radar,389,94,39,36,558,0,36,12,0,48,389,130,51,36,606,2,0,2,608
02/14/2013,PDX,OR,ANM,WE,Towers with Radar,403,92,27,8,530,0,35,11,0,46,403,127,38,8,576,0,0,0,576
02/15/2013,PDX,OR,ANM,WE,Towers with Radar,408,87,29,5,529,0,42,33,0,75,408,129,62,5,604,0,0,0,604
02/16/2013,PDX,OR,ANM,WE,Towers with Radar,292,51,14,1,358,0,4,20,0,24,292,55,34,1,382,32,0,32,414
02/17/2013,PDX,OR,ANM,WE,Towers with Radar,344,43,22,0,409,0,3,4,0,7,344,46,26,0,416,0,0,0,416
02/18/2013,PDX,OR,ANM,WE,Towers with Radar,388,71,16,0,475,0,31,6,0,37,388,102,22,0,512,2,0,2,514
02/19/2013,PDX,OR,ANM,WE,Towers with Radar,397,92,28,17,534,0,38,11,0,49,397,130,39,17,583,0,0,0,583
02/20/2013,PDX,OR,ANM,WE,Towers with Radar,390,98,43,18,549,0,31,12,0,43,390,129,55,18,592,2,0,2,594
02/21/2013,PDX,OR,ANM,WE,Towers with Radar,396,105,29,23,553,0,17,3,0,20,396,122,32,23,573,0,0,0,573
02/22/2013,PDX,OR,ANM,WE,Towers with Radar,397,96,34,0,527,0,22,4,0,26,397,118,38,0,553,0,0,0,553
02/23/2013,PDX,OR,ANM,WE,Towers with Radar,292,51,13,2,358,0,7,2,0,9,292,58,15,2,367,0,0,0,367
02/24/2013,PDX,OR,ANM,WE,Towers with Radar,350,42,15,2,409,0,4,9,0,13,350,46,24,2,422,5,0,5,427
02/25/2013,PDX,OR,ANM,WE,Towers with Radar,393,83,31,16,523,0,32,2,2,36,393,115,33,18,559,2,0,2,561
02/26/2013,PDX,OR,ANM,WE,Towers with Radar,384,90,35,22,531,0,32,10,0,42,384,122,45,22,573,2,4,6,579
02/27/2013,PDX,OR,ANM,WE,Towers with Radar,385,96,32,19,532,0,28,23,2,53,385,124,55,21,585,0,0,0,585
02/28/2013,PDX,OR,ANM,WE,Towers with Radar,401,109,37,6,553,0,9,4,0,13,401,118,41,6,566,0,0,0,566
03/01/2013,PDX,OR,ANM,WE,Towers with Radar,395,86,34,1,516,0,28,16,0,44,395,114,50,1,560,0,0,0,560
03/02/2013,PDX,OR,ANM,WE,Towers with Radar,300,49,17,0,366,0,5,3,0,8,300,54,20,0,374,28,0,28,402
03/03/2013,PDX,OR,ANM,WE,Towers with Radar,366,41,15,0,422,0,3,10,0,13,366,44,25,0,435,0,0,0,435
03/04/2013,PDX,OR,ANM,WE,Towers with Radar,393,75,27,1,496,0,48,25,0,73,393,123,52,1,569,2,0,2,571
03/05/2013,PDX,OR,ANM,WE,Towers with Radar,381,104,30,8,523,0,15,1,1,17,381,119,31,9,540,6,0,6,546
03/06/2013,PDX,OR,ANM,WE,Towers with Radar,395,102,41,20,558,0,26,2,0,28,395,128,43,20,586,0,0,0,586
03/07/2013,PDX,OR,ANM,WE,Towers with Radar,402,77,36,7,522,0,42,13,0,55,402,119,49,7,577,12,0,12,589
03/08/2013,PDX,OR,ANM,WE,Towers with Radar,388,87,37,0,512,0,41,15,0,56,388,128,52,0,568,4,0,4,572
03/09/2013,PDX,OR,ANM,WE,Towers with Radar,312,49,12,10,383,0,9,8,0,17,312,58,20,10,400,0,0,0,400
03/10/2013,PDX,OR,ANM,WE,Towers with Radar,391,42,20,32,485,0,1,10,1,12,391,43,30,33,497,0,0,0,497
03/11/2013,PDX,OR,ANM,WE,Towers with Radar,414,97,46,0,557,0,20,6,0,26,414,117,52,0,583,0,0,0,583
03/12/2013,PDX,OR,ANM,WE,Towers with Radar,402,96,35,9,542,0,30,10,0,40,402,126,45,9,582,2,0,2,584
03/13/2013,PDX,OR,ANM,WE,Towers with Radar,411,93,24,11,539,0,35,14,1,50,411,128,38,12,589,6,0,6,595
03/14/2013,PDX,OR,ANM,WE,Towers with Radar,431,83,43,9,566,0,36,15,0,51,431,119,58,9,617,2,0,2,619
03/15/2013,PDX,OR,ANM,WE,Towers with Radar,426,99,27,9,561,0,25,12,0,37,426,124,39,9,598,2,0,2,600
03/16/2013,PDX,OR,ANM,WE,Towers with Radar,324,50,10,1,385,0,6,1,0,7,324,56,11,1,392,0,0,0,392
03/17/2013,PDX,OR,ANM,WE,Towers with Radar,384,43,25,1,453,0,2,5,0,7,384,45,30,1,460,0,0,0,460
03/18/2013,PDX,OR,ANM,WE,Towers with Radar,406,79,29,10,524,0,37,13,0,50,406,116,42,10,574,0,0,0,574
03/19/2013,PDX,OR,ANM,WE,Towers with Radar,420,103,26,11,560,0,26,11,0,37,420,129,37,11,597,26,0,26,623
03/20/2013,PDX,OR,ANM,WE,Towers with Radar,404,96,35,6,541,0,31,4,0,35,404,127,39,6,576,0,0,0,576
03/21/2013,PDX,OR,ANM,WE,Towers with Radar,431,98,29,17,575,0,29,20,0,49,431,127,49,17,624,4,0,4,628
03/22/2013,PDX,OR,ANM,WE,Towers with Radar,430,94,37,12,573,0,30,11,2,43,430,124,48,14,616,2,0,2,618
03/23/2013,PDX,OR,ANM,WE,Towers with Radar,325,53,12,0,390,0,4,6,0,10,325,57,18,0,400,0,0,0,400
03/24/2013,PDX,OR,ANM,WE,Towers with Radar,397,41,8,0,446,0,6,8,0,14,397,47,16,0,460,0,0,0,460
03/25/2013,PDX,OR,ANM,WE,Towers with Radar,417,79,27,5,528,0,38,12,0,50,417,117,39,5,578,0,0,0,578
03/26/2013,PDX,OR,ANM,WE,Towers with Radar,412,82,25,6,525,0,36,13,0,49,412,118,38,6,574,2,0,2,576
03/27/2013,PDX,OR,ANM,WE,Towers with Radar,411,88,26,0,525,0,37,7,0,44,411,125,33,0,569,0,0,0,569
03/28/2013,PDX,OR,ANM,WE,Towers with Radar,430,92,29,23,574,0,30,20,2,52,430,122,49,25,626,14,4,18,644
03/29/2013,PDX,OR,ANM,WE,Towers with Radar,432,79,27,15,553,0,37,14,2,53,432,116,41,17,606,14,0,14,620
03/30/2013,PDX,OR,ANM,WE,Towers with Radar,320,47,12,1,380,0,11,18,2,31,320,58,30,3,411,20,0,20,431
03/31/2013,PDX,OR,ANM,WE,Towers with Radar,387,46,15,1,449,0,5,11,1,17,387,51,26,2,466,0,0,0,466
04/01/2013,PDX,OR,ANM,WE,Towers with Radar,403,84,22,0,509,0,30,2,0,32,403,114,24,0,541,0,0,0,541
04/02/2013,PDX,OR,ANM,WE,Towers with Radar,413,91,48,16,568,0,31,13,0,44,413,122,61,16,612,8,0,8,620
04/03/2013,PDX,OR,ANM,WE,Towers with Radar,413,87,33,7,540,0,30,5,0,35,413,117,38,7,575,0,0,0,575
04/04/2013,PDX,OR,ANM,WE,Towers with Radar,431,91,27,19,568,0,32,5,0,37,431,123,32,19,605,0,0,0,605
04/05/2013,PDX,OR,ANM,WE,Towers with Radar,426,97,31,4,558,0,18,8,0,26,426,115,39,4,584,0,0,0,584
04/06/2013,PDX,OR,ANM,WE,Towers with Radar,322,46,13,0,381,0,9,0,0,9,322,55,13,0,390,0,0,0,390
04/07/2013,PDX,OR,ANM,WE,Towers with Radar,384,44,19,20,467,0,2,3,0,5,384,46,22,20,472,0,0,0,472
04/08/2013,PDX,OR,ANM,WE,Towers with Radar,394,78,32,10,514,0,31,6,1,38,394,109,38,11,552,14,0,14,566
04/09/2013,PDX,OR,ANM,WE,Towers with Radar,411,85,35,27,558,0,30,13,0,43,411,115,48,27,601,0,0,0,601
04/10/2013,PDX,OR,ANM,WE,Towers with Radar,416,96,38,15,565,0,30,4,0,34,416,126,42,15,599,0,0,0,599
04/11/2013,PDX,OR,ANM,WE,Towers with Radar,427,83,20,12,542,0,31,19,1,51,427,114,39,13,593,18,0,18,611
04/12/2013,PDX,OR,ANM,WE,Towers with Radar,415,79,27,6,527,0,31,6,0,37,415,110,33,6,564,0,0,0,564
04/13/2013,PDX,OR,ANM,WE,Towers with Radar,309,52,11,3,375,0,6,2,1,9,309,58,13,4,384,0,0,0,384
04/14/2013,PDX,OR,ANM,WE,Towers with Radar,374,40,19,0,433,0,3,5,0,8,374,43,24,0,441,0,0,0,441
04/15/2013,PDX,OR,ANM,WE,Towers with Radar,401,74,27,0,502,0,34,11,0,45,401,108,38,0,547,8,0,8,555
04/16/2013,PDX,OR,ANM,WE,Towers with Radar,407,90,28,22,547,0,28,8,1,37,407,118,36,23,584,0,0,0,584
04/17/2013,PDX,OR,ANM,WE,Towers with Radar,397,88,28,25,538,0,41,26,0,67,397,129,54,25,605,0,0,0,605
04/18/2013,PDX,OR,ANM,WE,Towers with Radar,418,100,28,22,568,0,28,29,0,57,418,128,57,22,625,4,0,4,629
04/19/2013,PDX,OR,ANM,WE,Towers with Radar,420,93,23,10,546,0,24,5,0,29,420,117,28,10,575,0,0,0,575
04/20/2013,PDX,OR,ANM,WE,Towers with Radar,312,47,9,1,369,0,5,8,0,13,312,52,17,1,382,0,0,0,382
04/21/2013,PDX,OR,ANM,WE,Towers with Radar,372,47,25,2,446,0,2,6,0,8,372,49,31,2,454,2,0,2,456
04/22/2013,PDX,OR,ANM,WE,Towers with Radar,398,72,24,15,509,0,46,20,0,66,398,118,44,15,575,0,0,0,575
04/23/2013,PDX,OR,ANM,WE,Towers with Radar,399,80,37,19,535,0,38,19,0,57,399,118,56,19,592,15,0,15,607
04/24/2013,PDX,OR,ANM,WE,Towers with Radar,392,80,33,18,523,0,41,27,1,69,392,121,60,19,592,0,0,0,592
04/25/2013,PDX,OR,ANM,WE,Towers with Radar,417,78,45,24,564,0,40,24,0,64,417,118,69,24,628,2,0,2,630
04/26/2013,PDX,OR,ANM,WE,Towers with Radar,415,82,36,11,544,0,39,27,0,66,415,121,63,11,610,0,0,0,610
04/27/2013,PDX,OR,ANM,WE,Towers with Radar,304,38,7,0,349,0,11,12,3,26,304,49,19,3,375,0,2,2,377
04/28/2013,PDX,OR,ANM,WE,Towers with Radar,384,45,21,1,451,0,4,7,0,11,384,49,28,1,462,0,0,0,462
04/29/2013,PDX,OR,ANM,WE,Towers with Radar,402,77,37,0,516,0,38,8,0,46,402,115,45,0,562,0,0,0,562
04/30/2013,PDX,OR,ANM,WE,Towers with Radar,394,91,29,15,529,0,32,13,0,45,394,123,42,15,574,0,0,0,574
05/01/2013,PDX,OR,ANM,WE,Towers with Radar,403,76,36,29,544,0,41,25,0,66,403,117,61,29,610,21,4,25,635
05/02/2013,PDX,OR,ANM,WE,Towers with Radar,422,85,29,15,551,0,40,16,5,61,422,125,45,20,612,10,0,10,622
05/03/2013,PDX,OR,ANM,WE,Towers with Radar,412,77,35,19,543,0,40,37,0,77,412,117,72,19,620,8,0,8,628
05/04/2013,PDX,OR,ANM,WE,Towers with Radar,323,48,16,5,392,0,10,38,1,49,323,58,54,6,441,4,0,4,445
05/05/2013,PDX,OR,ANM,WE,Towers with Radar,371,47,9,13,440,0,7,30,0,37,371,54,39,13,477,46,0,46,523
05/06/2013,PDX,OR,ANM,WE,Towers with Radar,419,63,21,3,506,0,46,14,4,64,419,109,35,7,570,0,0,0,570
05/07/2013,PDX,OR,ANM,WE,Towers with Radar,420,77,23,18,538,0,47,17,0,64,420,124,40,18,602,0,0,0,602
05/08/2013,PDX,OR,ANM,WE,Towers with Radar,406,95,41,12,554,0,31,9,6,46,406,126,50,18,600,0,0,0,600
05/09/2013,PDX,OR,ANM,WE,Towers with Radar,428,87,33,18,566,0,36,25,4,65,428,123,58,22,631,40,0,40,671
05/10/2013,PDX,OR,ANM,WE,Towers with Radar,418,79,36,17,550,0,45,25,0,70,418,124,61,17,620,2,0,2,622
05/11/2013,PDX,OR,ANM,WE,Towers with Radar,319,51,20,2,392,0,18,15,1,34,319,69,35,3,426,0,0,0,426
05/12/2013,PDX,OR,ANM,WE,Towers with Radar,376,48,25,0,449,0,5,8,0,13,376,53,33,0,462,0,0,0,462
05/13/2013,PDX,OR,ANM,WE,Towers with Radar,416,78,27,29,550,0,30,11,1,42,416,108,38,30,592,0,0,0,592
05/14/2013,PDX,OR,ANM,WE,Towers with Radar,420,84,26,11,541,0,46,7,1,54,420,130,33,12,595,0,0,0,595
05/15/2013,PDX,OR,ANM,WE,Towers with Radar,418,98,37,21,574,0,27,20,0,47,418,125,57,21,621,40,0,40,661
05/16/2013,PDX,OR,ANM,WE,Towers with Radar,434,90,48,18,590,0,30,7,0,37,434,120,55,18,627,0,0,0,627
05/17/2013,PDX,OR,ANM,WE,Towers with Radar,432,90,27,7,556,0,30,15,0,45,432,120,42,7,601,10,0,10,611
05/18/2013,PDX,OR,ANM,WE,Towers with Radar,324,60,16,6,406,0,3,11,1,15,324,63,27,7,421,26,0,26,447
05/19/2013,PDX,OR,ANM,WE,Towers with Radar,384,49,26,3,462,0,4,12,0,16,384,53,38,3,478,2,0,2,480
05/20/2013,PDX,OR,ANM,WE,Towers with Radar,423,74,34,18,549,0,37,17,0,54,423,111,51,18,603,34,0,34,637
05/21/2013,PDX,OR,ANM,WE,Towers with Radar,411,109,40,22,582,0,21,3,0,24,411,130,43,22,606,24,0,24,630
05/22/2013,PDX,OR,ANM,WE,Towers with Radar,424,125,46,16,611,0,4,3,0,7,424,129,49,16,618,0,0,0,618
05/23/2013,PDX,OR,ANM,WE,Towers with Radar,439,114,45,24,622,0,17,4,0,21,439,131,49,24,643,0,0,0,643
05/24/2013,PDX,OR,ANM,WE,Towers with Radar,435,83,51,2,571,0,25,7,0,32,435,108,58,2,603,0,0,0,603
05/25/2013,PDX,OR,ANM,WE,Towers with Radar,313,52,22,0,387,0,6,13,0,19,313,58,35,0,406,0,0,0,406
05/26/2013,PDX,OR,ANM,WE,Towers with Radar,333,40,11,0,384,0,4,6,0,10,333,44,17,0,394,0,0,0,394
05/27/2013,PDX,OR,ANM,WE,Towers with Radar,395,48,35,0,478,0,2,21,0,23,395,50,56,0,501,0,0,0,501
05/28/2013,PDX,OR,ANM,WE,Towers with Radar,416,79,39,18,552,0,29,4,1,34,416,108,43,19,586,0,0,0,586
05/29/2013,PDX,OR,ANM,WE,Towers with Radar,423,93,30,32,578,0,25,3,15,43,423,118,33,47,621,0,0,0,621
05/30/2013,PDX,OR,ANM,WE,Towers with Radar,432,92,30,22,576,0,30,12,1,43,432,122,42,23,619,2,0,2,621
05/31/2013,PDX,OR,ANM,WE,Towers with Radar,433,82,34,17,566,0,37,29,2,68,433,119,63,19,634,30,0,30,664
06/01/2013,PDX,OR,ANM,WE,Towers with Radar,332,51,15,2,400,0,9,20,0,29,332,60,35,2,429,22,0,22,451
06/02/2013,PDX,OR,ANM,WE,Towers with Radar,389,46,20,1,456,0,2,15,0,17,389,48,35,1,473,0,0,0,473
06/03/2013,PDX,OR,ANM,WE,Towers with Radar,434,69,38,15,556,0,35,17,0,52,434,104,55,15,608,19,0,19,627
06/04/2013,PDX,OR,ANM,WE,Towers with Radar,424,82,27,16,549,0,40,29,1,70,424,122,56,17,619,2,0,2,621
06/05/2013,PDX,OR,ANM,WE,Towers with Radar,435,84,44,18,581,0,40,9,2,51,435,124,53,20,632,3,0,3,635
06/06/2013,PDX,OR,ANM,WE,Towers with Radar,442,77,32,17,568,0,40,20,0,60,442,117,52,17,628,4,0,4,632
06/07/2013,PDX,OR,ANM,WE,Towers with Radar,443,73,32,9,557,0,42,32,1,75,443,115,64,10,632,28,0,28,660
06/08/2013,PDX,OR,ANM,WE,Towers with Radar,358,49,14,8,429,0,5,21,0,26,358,54,35,8,455,2,0,2,457
06/09/2013,PDX,OR,ANM,WE,Towers with Radar,419,47,27,11,504,0,8,26,2,36,419,55,53,13,540,27,0,27,567
06/10/2013,PDX,OR,ANM,WE,Towers with Radar,451,67,28,1,547,0,39,17,2,58,451,106,45,3,605,8,0,8,613
06/11/2013,PDX,OR,ANM,WE,Towers with Radar,472,82,27,17,598,0,31,21,3,55,472,113,48,20,653,2,0,2,655
06/12/2013,PDX,OR,ANM,WE,Towers with Radar,469,84,43,35,631,0,28,12,0,40,469,112,55,35,671,2,0,2,673
06/13/2013,PDX,OR,ANM,WE,Towers with Radar,476,87,35,24,622,0,22,12,0,34,476,109,47,24,656,0,0,0,656
06/14/2013,PDX,OR,ANM,WE,Towers with Radar,480,80,37,23,620,0,33,14,0,47,480,113,51,23,667,0,0,0,667
06/15/2013,PDX,OR,ANM,WE,Towers with Radar,413,52,15,0,480,0,8,21,0,29,413,60,36,0,509,50,0,50,559
06/16/2013,PDX,OR,ANM,WE,Towers with Radar,440,46,26,0,512,0,4,25,0,29,440,50,51,0,541,4,0,4,545
06/17/2013,PDX,OR,ANM,WE,Towers with Radar,472,68,29,14,583,0,36,13,1,50,472,104,42,15,633,16,0,16,649
06/18/2013,PDX,OR,ANM,WE,Towers with Radar,469,85,40,20,614,0,33,15,0,48,469,118,55,20,662,0,0,0,662
06/19/2013,PDX,OR,ANM,WE,Towers with Radar,485,87,59,25,656,0,29,16,1,46,485,116,75,26,702,0,0,0,702
06/20/2013,PDX,OR,ANM,WE,Towers with Radar,484,80,45,37,646,0,29,14,1,44,484,109,59,38,690,20,0,20,710
06/21/2013,PDX,OR,ANM,WE,Towers with Radar,465,92,63,13,633,0,29,24,0,53,465,121,87,13,686,4,0,4,690
06/22/2013,PDX,OR,ANM,WE,Towers with Radar,405,53,16,0,474,0,4,22,2,28,405,57,38,2,502,24,0,24,526
06/23/2013,PDX,OR,ANM,WE,Towers with Radar,433,47,26,1,507,0,4,9,0,13,433,51,35,1,520,4,0,4,524
06/24/2013,PDX,OR,ANM,WE,Towers with Radar,465,77,40,0,582,0,28,6,0,34,465,105,46,0,616,0,0,0,616
06/25/2013,PDX,OR,ANM,WE,Towers with Radar,491,84,51,29,655,0,28,10,2,40,491,112,61,31,695,26,0,26,721
06/26/2013,PDX,OR,ANM,WE,Towers with Radar,470,88,36,19,613,0,26,4,0,30,470,114,40,19,643,35,0,35,678
06/27/2013,PDX,OR,ANM,WE,Towers with Radar,487,85,39,32,643,0,31,36,2,69,487,116,75,34,712,14,0,14,726
06/28/2013,PDX,OR,ANM,WE,Towers with Radar,476,74,22,16,588,0,33,38,0,71,476,107,60,16,659,18,0,18,677
06/29/2013,PDX,OR,ANM,WE,Towers with Radar,415,50,22,0,487,0,11,14,0,25,415,61,36,0,512,0,0,0,512
06/30/2013,PDX,OR,ANM,WE,Towers with Radar,443,44,23,1,511,0,8,17,0,25,443,52,40,1,536,0,0,0,536
07/01/2013,PDX,OR,ANM,WE,Towers with Radar,467,73,37,13,590,0,39,21,0,60,467,112,58,13,650,17,0,17,667
07/02/2013,PDX,OR,ANM,WE,Towers with Radar,475,72,33,17,597,0,42,19,8,69,475,114,52,25,666,0,0,0,666
07/03/2013,PDX,OR,ANM,WE,Towers with Radar,476,69,25,3,573,0,42,17,2,61,476,111,42,5,634,0,0,0,634
07/04/2013,PDX,OR,ANM,WE,Towers with Radar,382,42,9,0,433,0,9,12,0,21,382,51,21,0,454,6,0,6,460
07/05/2013,PDX,OR,ANM,WE,Towers with Radar,413,77,16,18,524,0,30,16,1,47,413,107,32,19,571,0,0,0,571
07/06/2013,PDX,OR,ANM,WE,Towers with Radar,402,52,17,5,476,0,3,21,1,25,402,55,38,6,501,0,0,0,501
07/07/2013,PDX,OR,ANM,WE,Towers with Radar,432,50,17,3,502,0,3,28,0,31,432,53,45,3,533,2,0,2,535
07/08/2013,PDX,OR,ANM,WE,Towers with Radar,477,71,27,8,583,0,35,18,2,55,477,106,45,10,638,16,0,16,654
07/09/2013,PDX,OR,ANM,WE,Towers with Radar,480,70,45,7,602,0,43,19,1,63,480,113,64,8,665,42,0,42,707
07/10/2013,PDX,OR,ANM,WE,Towers with Radar,472,77,31,8,588,0,38,24,1,63,472,115,55,9,651,0,0,0,651
07/11/2013,PDX,OR,ANM,WE,Towers with Radar,492,69,24,4,589,0,46,26,0,72,492,115,50,4,661,22,0,22,683
07/12/2013,PDX,OR,ANM,WE,Towers with Radar,491,69,34,5,599,0,39,22,0,61,491,108,56,5,660,42,0,42,702
07/13/2013,PDX,OR,ANM,WE,Towers with Radar,396,42,28,8,474,0,9,24,0,33,396,51,52,8,507,30,0,30,537
07/14/2013,PDX,OR,ANM,WE,Towers with Radar,447,40,19,8,514,0,8,19,0,27,447,48,38,8,541,2,0,2,543
07/15/2013,PDX,OR,ANM,WE,Towers with Radar,478,61,37,3,579,0,42,17,0,59,478,103,54,3,638,0,0,0,638
07/16/2013,PDX,OR,ANM,WE,Towers with Radar,484,76,38,6,604,0,43,20,0,63,484,119,58,6,667,20,0,20,687
07/17/2013,PDX,OR,ANM,WE,Towers with Radar,486,87,25,11,609,0,29,10,1,40,486,116,35,12,649,10,0,10,659
07/18/2013,PDX,OR,ANM,WE,Towers with Radar,492,84,35,2,613,0,35,22,0,57,492,119,57,2,670,12,0,12,682
07/19/2013,PDX,OR,ANM,WE,Towers with Radar,473,76,33,3,585,0,30,25,4,59,473,106,58,7,644,18,0,18,662
07/20/2013,PDX,OR,ANM,WE,Towers with Radar,410,53,25,2,490,0,4,16,0,20,410,57,41,2,510,6,0,6,516
07/21/2013,PDX,OR,ANM,WE,Towers with Radar,448,47,25,3,523,0,7,16,1,24,448,54,41,4,547,18,0,18,565
07/22/2013,PDX,OR,ANM,WE,Towers with Radar,481,74,23,2,580,0,33,21,2,56,481,107,44,4,636,0,0,0,636
07/23/2013,PDX,OR,ANM,WE,Towers with Radar,364,69,43,2,478,0,8,18,0,26,364,77,61,2,504,34,0,34,538
07/24/2013,PDX,OR,ANM,WE,Towers with Radar,485,72,29,9,595,0,44,23,0,67,485,116,52,9,662,0,0,0,662
07/25/2013,PDX,OR,ANM,WE,Towers with Radar,485,75,45,5,610,0,47,27,0,74,485,122,72,5,684,8,0,8,692
07/26/2013,PDX,OR,ANM,WE,Towers with Radar,476,75,41,7,599,0,37,29,5,71,476,112,70,12,670,4,0,4,674
07/27/2013,PDX,OR,ANM,WE,Towers with Radar,405,50,23,3,481,1,16,22,4,43,406,66,45,7,524,3,0,3,527
07/28/2013,PDX,OR,ANM,WE,Towers with Radar,440,55,22,1,518,0,4,22,0,26,440,59,44,1,544,0,0,0,544
07/29/2013,PDX,OR,ANM,WE,Towers with Radar,479,79,22,19,599,0,30,19,3,52,479,109,41,22,651,0,0,0,651
07/30/2013,PDX,OR,ANM,WE,Towers with Radar,480,82,49,25,636,0,32,11,5,48,480,114,60,30,684,14,0,14,698
07/31/2013,PDX,OR,ANM,WE,Towers with Radar,488,86,34,30,638,0,30,13,3,46,488,116,47,33,684,6,0,6,690
08/01/2013,PDX,OR,ANM,WE,Towers with Radar,480,92,41,33,646,0,20,2,2,24,480,112,43,35,670,3,0,3,673
08/02/2013,PDX,OR,ANM,WE,Towers with Radar,475,85,37,31,628,4,31,22,1,58,479,116,59,32,686,14,0,14,700
08/03/2013,PDX,OR,ANM,WE,Towers with Radar,399,52,17,2,470,0,3,12,3,18,399,55,29,5,488,14,0,14,502
08/04/2013,PDX,OR,ANM,WE,Towers with Radar,450,50,17,3,520,0,10,19,0,29,450,60,36,3,549,28,0,28,577
08/05/2013,PDX,OR,ANM,WE,Towers with Radar,468,69,26,0,563,0,36,33,0,69,468,105,59,0,632,2,0,2,634
08/06/2013,PDX,OR,ANM,WE,Towers with Radar,489,76,29,30,624,0,42,27,6,75,489,118,56,36,699,30,0,30,729
08/07/2013,PDX,OR,ANM,WE,Towers with Radar,482,71,22,37,612,0,41,18,2,61,482,112,40,39,673,0,0,0,673
08/08/2013,PDX,OR,ANM,WE,Towers with Radar,486,89,36,35,646,0,30,15,3,48,486,119,51,38,694,4,0,4,698
08/09/2013,PDX,OR,ANM,WE,Towers with Radar,481,68,31,16,596,0,41,23,2,66,481,109,54,18,662,2,0,2,664
08/10/2013,PDX,OR,ANM,WE,Towers with Radar,403,48,11,0,462,0,26,8,1,35,403,74,19,1,497,2,0,2,499
08/11/2013,PDX,OR,ANM,WE,Towers with Radar,441,50,27,1,519,0,8,17,0,25,441,58,44,1,544,44,0,44,588
08/12/2013,PDX,OR,ANM,WE,Towers with Radar,468,75,36,20,599,0,28,16,0,44,468,103,52,20,643,0,0,0,643
08/13/2013,PDX,OR,ANM,WE,Towers with Radar,472,72,21,16,581,0,45,23,0,68,472,117,44,16,649,24,0,24,673
08/14/2013,PDX,OR,ANM,WE,Towers with Radar,476,76,41,10,603,0,39,24,1,64,476,115,65,11,667,26,0,26,693
08/15/2013,PDX,OR,ANM,WE,Towers with Radar,484,84,42,21,631,0,26,24,1,51,484,110,66,22,682,12,0,12,694
08/16/2013,PDX,OR,ANM,WE,Towers with Radar,486,84,28,9,607,0,27,14,1,42,486,111,42,10,649,22,0,22,671
08/17/2013,PDX,OR,ANM,WE,Towers with Radar,399,50,15,3,467,0,8,11,1,20,399,58,26,4,487,16,0,16,503
08/18/2013,PDX,OR,ANM,WE,Towers with Radar,451,40,30,1,522,0,7,11,1,19,451,47,41,2,541,0,0,0,541
08/19/2013,PDX,OR,ANM,WE,Towers with Radar,482,61,31,3,577,0,41,25,2,68,482,102,56,5,645,20,0,20,665
08/20/2013,PDX,OR,ANM,WE,Towers with Radar,467,76,29,12,584,0,39,14,0,53,467,115,43,12,637,24,1,25,662
08/21/2013,PDX,OR,ANM,WE,Towers with Radar,480,71,27,6,584,0,41,21,0,62,480,112,48,6,646,0,0,0,646
08/22/2013,PDX,OR,ANM,WE,Towers with Radar,480,87,31,11,609,0,32,32,1,65,480,119,63,12,674,10,0,10,684
08/23/2013,PDX,OR,ANM,WE,Towers with Radar,483,86,49,14,632,0,26,19,1,46,483,112,68,15,678,2,0,2,680
08/24/2013,PDX,OR,ANM,WE,Towers with Radar,389,52,31,1,473,0,5,12,0,17,389,57,43,1,490,16,0,16,506
08/25/2013,PDX,OR,ANM,WE,Towers with Radar,436,48,24,1,509,0,4,12,0,16,436,52,36,1,525,0,0,0,525
08/26/2013,PDX,OR,ANM,WE,Towers with Radar,461,72,41,18,592,0,31,21,2,54,461,103,62,20,646,0,0,0,646
08/27/2013,PDX,OR,ANM,WE,Towers with Radar,457,81,30,29,597,0,36,20,1,57,457,117,50,30,654,10,0,10,664
08/28/2013,PDX,OR,ANM,WE,Towers with Radar,465,82,34,18,599,0,38,27,2,67,465,120,61,20,666,28,0,28,694
08/29/2013,PDX,OR,ANM,WE,Towers with Radar,466,95,29,13,603,0,25,14,0,39,466,120,43,13,642,0,0,0,642
08/30/2013,PDX,OR,ANM,WE,Towers with Radar,475,79,29,1,584,0,30,22,0,52,475,109,51,1,636,4,0,4,640
08/31/2013,PDX,OR,ANM,WE,Towers with Radar,355,40,31,0,426,0,9,22,0,31,355,49,53,0,457,6,0,6,463
09/01/2013,PDX,OR,ANM,WE,Towers with Radar,355,41,4,1,401,0,8,11,1,20,355,49,15,2,421,16,0,16,437
09/02/2013,PDX,OR,ANM,WE,Towers with Radar,443,43,26,0,512,0,13,12,0,25,443,56,38,0,537,0,0,0,537
09/03/2013,PDX,OR,ANM,WE,Towers with Radar,449,74,27,16,566,0,37,19,0,56,449,111,46,16,622,0,0,0,622
09/04/2013,PDX,OR,ANM,WE,Towers with Radar,459,83,17,33,592,0,26,11,0,37,459,109,28,33,629,32,0,32,661
09/05/2013,PDX,OR,ANM,WE,Towers with Radar,471,112,46,18,647,0,7,3,0,10,471,119,49,18,657,0,0,0,657
09/06/2013,PDX,OR,ANM,WE,Towers with Radar,461,92,27,24,604,0,20,8,0,28,461,112,35,24,632,0,0,0,632
09/07/2013,PDX,OR,ANM,WE,Towers with Radar,357,47,12,7,423,0,6,20,3,29,357,53,32,10,452,10,0,10,462
09/08/2013,PDX,OR,ANM,WE,Towers with Radar,422,39,23,12,496,0,8,22,0,30,422,47,45,12,526,40,0,40,566
09/09/2013,PDX,OR,ANM,WE,Towers with Radar,448,64,34,6,552,0,33,20,0,53,448,97,54,6,605,26,0,26,631
09/10/2013,PDX,OR,ANM,WE,Towers with Radar,444,75,36,27,582,0,34,33,0,67,444,109,69,27,649,20,4,24,673
09/11/2013,PDX,OR,ANM,WE,Towers with Radar,449,62,29,19,559,0,40,18,2,60,449,102,47,21,619,20,0,20,639
09/12/2013,PDX,OR,ANM,WE,Towers with Radar,460,84,34,26,604,0,30,22,0,52,460,114,56,26,656,46,0,46,702
09/13/2013,PDX,OR,ANM,WE,Towers with Radar,468,92,29,24,613,0,27,7,0,34,468,119,36,24,647,18,0,18,665
09/14/2013,PDX,OR,ANM,WE,Towers with Radar,354,49,38,8,449,0,3,11,1,15,354,52,49,9,464,0,0,0,464
09/15/2013,PDX,OR,ANM,WE,Towers with Radar,427,51,36,3,517,0,2,8,0,10,427,53,44,3,527,0,0,0,527
09/16/2013,PDX,OR,ANM,WE,Towers with Radar,455,76,38,9,578,0,27,9,0,36,455,103,47,9,614,2,0,2,616
09/17/2013,PDX,OR,ANM,WE,Towers with Radar,448,83,32,22,585,0,31,13,2,46,448,114,45,24,631,2,0,2,633
09/18/2013,PDX,OR,ANM,WE,Towers with Radar,452,85,39,19,595,0,31,16,0,47,452,116,55,19,642,1,0,1,643
09/19/2013,PDX,OR,ANM,WE,Towers with Radar,457,80,28,16,581,0,33,18,0,51,457,113,46,16,632,8,0,8,640
09/20/2013,PDX,OR,ANM,WE,Towers with Radar,465,79,32,10,586,0,38,16,0,54,465,117,48,10,640,6,0,6,646
09/21/2013,PDX,OR,ANM,WE,Towers with Radar,363,62,21,5,451,0,6,2,0,8,363,68,23,5,459,4,0,4,463
09/22/2013,PDX,OR,ANM,WE,Towers with Radar,432,45,26,2,505,0,2,1,0,3,432,47,27,2,508,0,0,0,508
09/23/2013,PDX,OR,ANM,WE,Towers with Radar,458,92,34,23,607,0,16,8,0,24,458,108,42,23,631,4,0,4,635
09/24/2013,PDX,OR,ANM,WE,Towers with Radar,447,96,27,25,595,0,18,4,0,22,447,114,31,25,617,0,0,0,617
09/25/2013,PDX,OR,ANM,WE,Towers with Radar,450,89,34,15,588,0,24,13,0,37,450,113,47,15,625,0,0,0,625
09/26/2013,PDX,OR,ANM,WE,Towers with Radar,470,105,33,17,625,0,28,25,0,53,470,133,58,17,678,10,0,10,688
09/27/2013,PDX,OR,ANM,WE,Towers with Radar,469,105,38,1,613,0,4,10,0,14,469,109,48,1,627,20,0,20,647
09/28/2013,PDX,OR,ANM,WE,Towers with Radar,365,52,4,0,421,0,1,0,0,1,365,53,4,0,422,0,0,0,422
09/29/2013,PDX,OR,ANM,WE,Towers with Radar,419,48,19,0,486,0,2,0,0,2,419,50,19,0,488,0,0,0,488
09/30/2013,PDX,OR,ANM,WE,Towers with Radar,449,72,28,3,552,0,27,5,0,32,449,99,33,3,584,0,0,0,584
10/01/2013,PDX,OR,ANM,WE,Towers with Radar,444,78,29,4,555,0,26,17,3,46,444,104,46,7,601,4,0,4,605
10/02/2013,PDX,OR,ANM,WE,Towers with Radar,452,83,37,0,572,0,28,35,0,63,452,111,72,0,635,0,0,0,635
10/03/2013,PDX,OR,ANM,WE,Towers with Radar,461,104,45,0,610,0,23,28,1,52,461,127,73,1,662,18,0,18,680
10/04/2013,PDX,OR,ANM,WE,Towers with Radar,452,88,49,10,599,0,32,14,0,46,452,120,63,10,645,0,0,0,645
10/05/2013,PDX,OR,ANM,WE,Towers with Radar,357,54,17,0,428,0,9,12,0,21,357,63,29,0,449,0,0,0,449
10/06/2013,PDX,OR,ANM,WE,Towers with Radar,431,48,29,1,509,0,8,15,0,23,431,56,44,1,532,18,0,18,550
10/07/2013,PDX,OR,ANM,WE,Towers with Radar,448,77,21,1,547,0,26,9,0,35,448,103,30,1,582,28,0,28,610
10/08/2013,PDX,OR,ANM,WE,Towers with Radar,455,85,33,8,581,0,24,4,0,28,455,109,37,8,609,0,0,0,609
10/09/2013,PDX,OR,ANM,WE,Towers with Radar,450,85,31,0,566,0,28,25,0,53,450,113,56,0,619,3,0,3,622
10/10/2013,PDX,OR,ANM,WE,Towers with Radar,463,88,33,6,590,0,28,12,0,40,463,116,45,6,630,6,0,6,636
10/11/2013,PDX,OR,ANM,WE,Towers with Radar,458,83,33,4,578,0,24,9,0,33,458,107,42,4,611,0,0,0,611
10/12/2013,PDX,OR,ANM,WE,Towers with Radar,350,52,18,0,420,0,3,12,0,15,350,55,30,0,435,4,0,4,439
10/13/2013,PDX,OR,ANM,WE,Towers with Radar,426,42,18,0,486,0,6,12,0,18,426,48,30,0,504,8,0,8,512
10/14/2013,PDX,OR,ANM,WE,Towers with Radar,446,61,11,1,519,0,32,8,0,40,446,93,19,1,559,0,0,0,559
10/15/2013,PDX,OR,ANM,WE,Towers with Radar,447,76,38,9,570,0,41,23,0,64,447,117,61,9,634,4,0,4,638
10/16/2013,PDX,OR,ANM,WE,Towers with Radar,453,80,23,16,572,0,39,17,2,58,453,119,40,18,630,14,0,14,644
10/17/2013,PDX,OR,ANM,WE,Towers with Radar,464,94,41,5,604,0,31,6,0,37,464,125,47,5,641,0,0,0,641
10/18/2013,PDX,OR,ANM,WE,Towers with Radar,470,73,24,6,573,0,36,13,0,49,470,109,37,6,622,18,0,18,640
10/19/2013,PDX,OR,ANM,WE,Towers with Radar,352,43,26,0,421,0,5,8,0,13,352,48,34,0,434,0,0,0,434
10/20/2013,PDX,OR,ANM,WE,Towers with Radar,425,49,23,0,497,0,4,19,0,23,425,53,42,0,520,2,0,2,522
10/21/2013,PDX,OR,ANM,WE,Towers with Radar,447,74,32,0,553,0,30,11,0,41,447,104,43,0,594,12,0,12,606
10/22/2013,PDX,OR,ANM,WE,Towers with Radar,453,77,30,6,566,0,37,14,0,51,453,114,44,6,617,2,0,2,619
10/23/2013,PDX,OR,ANM,WE,Towers with Radar,469,87,30,15,601,0,35,15,2,52,469,122,45,17,653,2,0,2,655
10/24/2013,PDX,OR,ANM,WE,Towers with Radar,475,83,35,9,602,0,30,11,1,42,475,113,46,10,644,0,0,0,644
10/25/2013,PDX,OR,ANM,WE,Towers with Radar,461,109,35,23,628,0,1,2,2,5,461,110,37,25,633,0,0,0,633
10/26/2013,PDX,OR,ANM,WE,Towers with Radar,356,52,24,3,435,0,3,4,1,8,356,55,28,4,443,0,0,0,443
10/27/2013,PDX,OR,ANM,WE,Towers with Radar,420,52,19,1,492,0,2,9,0,11,420,54,28,1,503,4,0,4,507
10/28/2013,PDX,OR,ANM,WE,Towers with Radar,454,72,28,13,567,0,38,23,0,61,454,110,51,13,628,8,0,8,636
10/29/2013,PDX,OR,ANM,WE,Towers with Radar,442,80,27,10,559,0,40,19,0,59,442,120,46,10,618,55,0,55,673
10/30/2013,PDX,OR,ANM,WE,Towers with Radar,445,81,31,17,574,0,42,13,0,55,445,123,44,17,629,0,0,0,629
10/31/2013,PDX,OR,ANM,WE,Towers with Radar,420,88,26,21,555,0,21,5,0,26,420,109,31,21,581,0,0,0,581
11/01/2013,PDX,OR,ANM,WE,Towers with Radar,460,85,28,17,590,0,26,8,0,34,460,111,36,17,624,0,0,0,624
11/02/2013,PDX,OR,ANM,WE,Towers with Radar,373,46,13,22,454,0,7,0,0,7,373,53,13,22,461,0,0,0,461
11/03/2013,PDX,OR,ANM,WE,Towers with Radar,426,48,16,36,526,0,2,10,0,12,426,50,26,36,538,8,0,8,546
11/04/2013,PDX,OR,ANM,WE,Towers with Radar,449,97,30,19,595,0,11,0,0,11,449,108,30,19,606,0,0,0,606
11/05/2013,PDX,OR,ANM,WE,Towers with Radar,441,91,32,19,583,0,17,4,0,21,441,108,36,19,604,0,0,0,604
11/06/2013,PDX,OR,ANM,WE,Towers with Radar,452,113,36,16,617,0,2,1,0,3,452,115,37,16,620,0,0,0,620
11/07/2013,PDX,OR,ANM,WE,Towers with Radar,473,87,35,6,601,0,23,3,0,26,473,110,38,6,627,0,0,0,627
11/08/2013,PDX,OR,ANM,WE,Towers with Radar,462,75,41,5,583,0,23,7,0,30,462,98,48,5,613,0,0,0,613
11/09/2013,PDX,OR,ANM,WE,Towers with Radar,371,51,29,2,453,0,5,10,3,18,371,56,39,5,471,0,0,0,471
11/10/2013,PDX,OR,ANM,WE,Towers with Radar,426,37,24,2,489,0,6,15,0,21,426,43,39,2,510,2,0,2,512
11/11/2013,PDX,OR,ANM,WE,Towers with Radar,454,64,36,2,556,0,30,8,0,38,454,94,44,2,594,0,0,0,594
11/12/2013,PDX,OR,ANM,WE,Towers with Radar,447,104,38,6,595,0,10,3,0,13,447,114,41,6,608,0,0,0,608
11/13/2013,PDX,OR,ANM,WE,Towers with Radar,464,85,45,9,603,0,26,2,0,28,464,111,47,9,631,0,0,0,631
11/14/2013,PDX,OR,ANM,WE,Towers with Radar,474,96,55,7,632,0,21,1,4,26,474,117,56,11,658,1,0,1,659
11/15/2013,PDX,OR,ANM,WE,Towers with Radar,465,108,33,0,606,0,8,9,1,18,465,116,42,1,624,2,0,2,626
11/16/2013,PDX,OR,ANM,WE,Towers with Radar,361,45,16,0,422,0,4,4,0,8,361,49,20,0,430,0,0,0,430
11/17/2013,PDX,OR,ANM,WE,Towers with Radar,425,39,15,0,479,0,2,6,1,9,425,41,21,1,488,2,0,2,490
11/18/2013,PDX,OR,ANM,WE,Towers with Radar,453,78,33,5,569,0,20,2,0,22,453,98,35,5,591,0,0,0,591
11/19/2013,PDX,OR,ANM,WE,Towers with Radar,448,90,32,4,574,0,23,4,0,27,448,113,36,4,601,0,0,0,601
11/20/2013,PDX,OR,ANM,WE,Towers with Radar,456,74,30,6,566,0,37,18,0,55,456,111,48,6,621,2,0,2,623
11/21/2013,PDX,OR,ANM,WE,Towers with Radar,469,74,49,5,597,0,40,26,0,66,469,114,75,5,663,8,0,8,671
11/22/2013,PDX,OR,ANM,WE,Towers with Radar,479,73,45,7,604,0,39,20,0,59,479,112,65,7,663,0,0,0,663
11/23/2013,PDX,OR,ANM,WE,Towers with Radar,408,46,10,5,469,0,9,21,1,31,408,55,31,6,500,18,0,18,518
11/24/2013,PDX,OR,ANM,WE,Towers with Radar,432,40,20,2,494,0,6,15,0,21,432,46,35,2,515,2,0,2,517
11/25/2013,PDX,OR,ANM,WE,Towers with Radar,444,55,22,9,530,0,45,14,0,59,444,100,36,9,589,0,0,0,589
11/26/2013,PDX,OR,ANM,WE,Towers with Radar,483,74,28,13,598,0,39,20,1,60,483,113,48,14,658,0,0,0,658
11/27/2013,PDX,OR,ANM,WE,Towers with Radar,483,70,20,4,577,0,40,17,0,57,483,110,37,4,634,13,0,13,647
11/28/2013,PDX,OR,ANM,WE,Towers with Radar,364,28,4,0,396,0,7,9,0,16,364,35,13,0,412,10,0,10,422
11/29/2013,PDX,OR,ANM,WE,Towers with Radar,375,76,14,0,465,0,27,8,0,35,375,103,22,0,500,0,0,0,500
11/30/2013,PDX,OR,ANM,WE,Towers with Radar,406,58,24,2,490,0,5,4,0,9,406,63,28,2,499,2,0,2,501
12/01/2013,PDX,OR,ANM,WE,Towers with Radar,463,49,25,0,537,0,0,0,0,0,463,49,25,0,537,0,0,0,537
12/02/2013,PDX,OR,ANM,WE,Towers with Radar,469,81,36,19,605,0,31,6,0,37,469,112,42,19,642,0,0,0,642
12/03/2013,PDX,OR,ANM,WE,Towers with Radar,465,86,23,12,586,0,40,11,0,51,465,126,34,12,637,0,0,0,637
12/04/2013,PDX,OR,ANM,WE,Towers with Radar,437,79,27,17,560,0,39,8,0,47,437,118,35,17,607,0,0,0,607
12/05/2013,PDX,OR,ANM,WE,Towers with Radar,463,70,27,26,586,0,45,21,0,66,463,115,48,26,652,0,0,0,652
12/06/2013,PDX,OR,ANM,WE,Towers with Radar,443,85,26,1,555,0,19,5,0,24,443,104,31,1,579,0,0,0,579
12/07/2013,PDX,OR,ANM,WE,Towers with Radar,336,47,15,9,407,0,12,13,0,25,336,59,28,9,432,6,0,6,438
12/08/2013,PDX,OR,ANM,WE,Towers with Radar,400,43,14,13,470,0,5,9,0,14,400,48,23,13,484,10,0,10,494
12/09/2013,PDX,OR,ANM,WE,Towers with Radar,436,73,40,2,551,0,34,12,0,46,436,107,52,2,597,0,0,0,597
12/10/2013,PDX,OR,ANM,WE,Towers with Radar,435,97,42,21,595,0,27,5,0,32,435,124,47,21,627,0,0,0,627
12/11/2013,PDX,OR,ANM,WE,Towers with Radar,451,90,44,21,606,0,35,12,0,47,451,125,56,21,653,0,0,0,653
12/12/2013,PDX,OR,ANM,WE,Towers with Radar,465,100,28,20,613,0,22,1,0,23,465,122,29,20,636,0,0,0,636
12/13/2013,PDX,OR,ANM,WE,Towers with Radar,458,130,29,11,628,0,0,0,0,0,458,130,29,11,628,0,0,0,628
12/14/2013,PDX,OR,ANM,WE,Towers with Radar,341,64,26,0,431,0,0,0,0,0,341,64,26,0,431,0,0,0,431
12/15/2013,PDX,OR,ANM,WE,Towers with Radar,399,46,26,0,471,0,0,1,0,1,399,46,27,0,472,0,0,0,472
12/16/2013,PDX,OR,ANM,WE,Towers with Radar,431,123,43,12,609,0,0,0,0,0,431,123,43,12,609,0,0,0,609
12/17/2013,PDX,OR,ANM,WE,Towers with Radar,450,126,61,18,655,0,0,0,0,0,450,126,61,18,655,0,0,0,655
12/18/2013,PDX,OR,ANM,WE,Towers with Radar,463,96,43,23,625,0,27,0,0,27,463,123,43,23,652,0,0,0,652
12/19/2013,PDX,OR,ANM,WE,Towers with Radar,497,98,48,23,666,0,29,14,0,43,497,127,62,23,709,0,0,0,709
12/20/2013,PDX,OR,ANM,WE,Towers with Radar,485,137,32,2,656,0,0,0,0,0,485,137,32,2,656,0,0,0,656
12/21/2013,PDX,OR,ANM,WE,Towers with Radar,445,71,18,0,534,0,10,5,0,15,445,81,23,0,549,0,0,0,549
12/22/2013,PDX,OR,ANM,WE,Towers with Radar,437,53,12,0,502,0,2,2,0,4,437,55,14,0,506,0,0,0,506
12/23/2013,PDX,OR,ANM,WE,Towers with Radar,456,89,10,0,555,0,28,4,1,33,456,117,14,1,588,4,0,4,592
12/24/2013,PDX,OR,ANM,WE,Towers with Radar,402,131,6,0,539,0,0,0,0,0,402,131,6,0,539,0,0,0,539
12/25/2013,PDX,OR,ANM,WE,Towers with Radar,367,35,12,0,414,0,4,1,0,5,367,39,13,0,419,0,0,0,419
12/26/2013,PDX,OR,ANM,WE,Towers with Radar,478,111,21,4,614,0,18,7,0,25,478,129,28,4,639,0,0,0,639
12/27/2013,PDX,OR,ANM,WE,Towers with Radar,479,103,33,13,628,0,0,0,0,0,479,103,33,13,628,0,0,0,628
12/28/2013,PDX,OR,ANM,WE,Towers with Radar,424,54,23,2,503,0,3,6,0,9,424,57,29,2,512,0,0,0,512
12/29/2013,PDX,OR,ANM,WE,Towers with Radar,438,48,14,2,502,0,0,0,0,0,438,48,14,2,502,0,0,0,502
12/30/2013,PDX,OR,ANM,WE,Towers with Radar,457,81,28,21,587,0,25,8,0,33,457,106,36,21,620,2,0,2,622
12/31/2013,PDX,OR,ANM,WE,Towers with Radar,413,85,12,9,519,0,33,1,0,34,413,118,13,9,553,0,0,0,553
01/01/2014,PDX,OR,ANM,WE,Towers with Radar,388,46,9,0,443,0,0,0,0,0,388,46,9,0,443,0,0,0,443
01/02/2014,PDX,OR,ANM,WE,Towers with Radar,465,78,27,9,579,0,29,1,0,30,465,107,28,9,609,12,0,12,621
01/03/2014,PDX,OR,ANM,WE,Towers with Radar,466,80,19,11,576,0,34,10,0,44,466,114,29,11,620,10,0,10,630
01/04/2014,PDX,OR,ANM,WE,Towers with Radar,416,48,16,11,491,0,7,3,1,11,416,55,19,12,502,0,0,0,502
01/05/2014,PDX,OR,ANM,WE,Towers with Radar,419,37,12,12,480,0,10,10,0,20,419,47,22,12,500,0,0,0,500
01/06/2014,PDX,OR,ANM,WE,Towers with Radar,430,68,18,0,516,0,42,11,1,54,430,110,29,1,570,8,0,8,578
01/07/2014,PDX,OR,ANM,WE,Towers with Radar,404,97,27,25,553,0,11,3,0,14,404,108,30,25,567,0,0,0,567
01/08/2014,PDX,OR,ANM,WE,Towers with Radar,410,91,31,23,555,0,20,0,0,20,410,111,31,23,575,0,0,0,575
01/09/2014,PDX,OR,ANM,WE,Towers with Radar,437,104,31,31,603,0,11,0,0,11,437,115,31,31,614,0,0,0,614
01/10/2014,PDX,OR,ANM,WE,Towers with Radar,428,80,16,20,544,0,22,2,2,26,428,102,18,22,570,0,0,0,570
01/11/2014,PDX,OR,ANM,WE,Towers with Radar,334,44,15,0,393,0,4,0,0,4,334,48,15,0,397,2,0,2,399
01/12/2014,PDX,OR,ANM,WE,Towers with Radar,392,39,18,0,449,0,4,0,0,4,392,43,18,0,453,0,0,0,453
01/13/2014,PDX,OR,ANM,WE,Towers with Radar,416,70,20,17,523,0,24,5,0,29,416,94,25,17,552,0,0,0,552
01/14/2014,PDX,OR,ANM,WE,Towers with Radar,405,118,21,33,577,0,2,0,0,2,405,120,21,33,579,0,0,0,579
01/15/2014,PDX,OR,ANM,WE,Towers with Radar,413,116,33,14,576,0,0,0,0,0,413,116,33,14,576,0,0,0,576
01/16/2014,PDX,OR,ANM,WE,Towers with Radar,442,106,49,2,599,0,1,0,0,1,442,107,49,2,600,0,0,0,600
01/17/2014,PDX,OR,ANM,WE,Towers with Radar,429,97,26,0,552,0,0,1,0,1,429,97,27,0,553,0,0,0,553
01/18/2014,PDX,OR,ANM,WE,Towers with Radar,327,48,21,1,397,0,14,9,1,24,327,62,30,2,421,0,0,0,421
01/19/2014,PDX,OR,ANM,WE,Towers with Radar,363,34,28,1,426,0,5,9,1,15,363,39,37,2,441,8,0,8,449
01/20/2014,PDX,OR,ANM,WE,Towers with Radar,406,72,21,0,499,0,30,7,0,37,406,102,28,0,536,0,0,0,536
01/21/2014,PDX,OR,ANM,WE,Towers with Radar,404,69,22,14,509,0,34,5,1,40,404,103,27,15,549,0,0,0,549
01/22/2014,PDX,OR,ANM,WE,Towers with Radar,408,100,24,25,557,0,1,6,2,9,408,101,30,27,566,0,0,0,566
01/23/2014,PDX,OR,ANM,WE,Towers with Radar,435,75,36,18,564,0,33,12,0,45,435,108,48,18,609,3,0,3,612
01/24/2014,PDX,OR,ANM,WE,Towers with Radar,433,79,34,12,558,0,29,9,0,38,433,108,43,12,596,0,0,0,596
01/25/2014,PDX,OR,ANM,WE,Towers with Radar,337,43,10,0,390,0,7,20,1,28,337,50,30,1,418,27,0,27,445
01/26/2014,PDX,OR,ANM,WE,Towers with Radar,398,30,12,0,440,0,8,8,0,16,398,38,20,0,456,0,0,0,456
01/27/2014,PDX,OR,ANM,WE,Towers with Radar,419,60,40,24,543,0,33,9,0,42,419,93,49,24,585,0,0,0,585
01/28/2014,PDX,OR,ANM,WE,Towers with Radar,398,105,36,18,557,0,3,4,0,7,398,108,40,18,564,0,0,0,564
01/29/2014,PDX,OR,ANM,WE,Towers with Radar,405,87,29,28,549,0,19,4,0,23,405,106,33,28,572,0,0,0,572
01/30/2014,PDX,OR,ANM,WE,Towers with Radar,422,83,30,16,551,0,34,10,0,44,422,117,40,16,595,0,0,0,595
01/31/2014,PDX,OR,ANM,WE,Towers with Radar,427,82,35,10,554,0,22,4,0,26,427,104,39,10,580,0,0,0,580
02/01/2014,PDX,OR,ANM,WE,Towers with Radar,317,44,11,2,374,0,6,8,0,14,317,50,19,2,388,2,0,2,390
02/02/2014,PDX,OR,ANM,WE,Towers with Radar,372,35,13,3,423,0,4,8,0,12,372,39,21,3,435,0,0,0,435
02/03/2014,PDX,OR,ANM,WE,Towers with Radar,412,70,32,6,520,0,22,9,1,32,412,92,41,7,552,2,0,2,554
02/04/2014,PDX,OR,ANM,WE,Towers with Radar,396,83,22,18,519,0,24,14,0,38,396,107,36,18,557,0,0,0,557
02/05/2014,PDX,OR,ANM,WE,Towers with Radar,407,74,31,15,527,0,28,4,0,32,407,102,35,15,559,0,0,0,559
02/06/2014,PDX,OR,ANM,WE,Towers with Radar,397,95,25,16,533,0,7,0,0,7,397,102,25,16,540,0,0,0,540
02/07/2014,PDX,OR,ANM,WE,Towers with Radar,389,101,19,0,509,0,2,0,0,2,389,103,19,0,511,0,0,0,511
02/08/2014,PDX,OR,ANM,WE,Towers with Radar,274,39,6,0,319,0,0,2,0,2,274,39,8,0,321,0,0,0,321
02/09/2014,PDX,OR,ANM,WE,Towers with Radar,368,34,17,1,420,0,2,0,0,2,368,36,17,1,422,0,0,0,422
02/10/2014,PDX,OR,ANM,WE,Towers with Radar,419,99,25,0,543,0,2,0,0,2,419,101,25,0,545,0,0,0,545
02/11/2014,PDX,OR,ANM,WE,Towers with Radar,403,98,39,30,570,0,18,0,0,18,403,116,39,30,588,0,0,0,588
02/12/2014,PDX,OR,ANM,WE,Towers with Radar,426,104,39,12,581,0,4,2,3,9,426,108,41,15,590,2,0,2,592
02/13/2014,PDX,OR,ANM,WE,Towers with Radar,424,84,36,22,566,0,32,20,0,52,424,116,56,22,618,4,0,4,622
02/14/2014,PDX,OR,ANM,WE,Towers with Radar,442,86,17,7,552,0,27,10,0,37,442,113,27,7,589,0,0,0,589
02/15/2014,PDX,OR,ANM,WE,Towers with Radar,337,47,12,0,396,0,5,0,0,5,337,52,12,0,401,0,0,0,401
02/16/2014,PDX,OR,ANM,WE,Towers with Radar,389,41,14,0,444,0,3,1,0,4,389,44,15,0,448,0,0,0,448
02/17/2014,PDX,OR,ANM,WE,Towers with Radar,422,71,26,0,519,0,21,3,0,24,422,92,29,0,543,0,0,0,543
02/18/2014,PDX,OR,ANM,WE,Towers with Radar,416,85,36,25,562,0,22,2,4,28,416,107,38,29,590,0,0,0,590
02/19/2014,PDX,OR,ANM,WE,Towers with Radar,418,84,33,21,556,0,26,9,0,35,418,110,42,21,591,0,0,0,591
02/20/2014,PDX,OR,ANM,WE,Towers with Radar,441,89,26,24,580,0,17,3,0,20,441,106,29,24,600,0,0,0,600
02/21/2014,PDX,OR,ANM,WE,Towers with Radar,431,87,37,15,570,0,24,12,0,36,431,111,49,15,606,6,0,6,612
02/22/2014,PDX,OR,ANM,WE,Towers with Radar,336,51,19,0,406,0,11,13,0,24,336,62,32,0,430,20,0,20,450
02/23/2014,PDX,OR,ANM,WE,Towers with Radar,391,36,17,0,444,0,5,9,0,14,391,41,26,0,458,1,0,1,459
02/24/2014,PDX,OR,ANM,WE,Towers with Radar,429,89,25,23,566,0,8,0,0,8,429,97,25,23,574,0,0,0,574
02/25/2014,PDX,OR,ANM,WE,Towers with Radar,421,68,27,21,537,0,31,7,1,39,421,99,34,22,576,0,0,0,576
02/26/2014,PDX,OR,ANM,WE,Towers with Radar,416,83,20,21,540,0,34,17,0,51,416,117,37,21,591,46,0,46,637
02/27/2014,PDX,OR,ANM,WE,Towers with Radar,428,111,37,4,580,0,3,4,0,7,428,114,41,4,587,0,0,0,587
02/28/2014,PDX,OR,ANM,WE,Towers with Radar,419,86,31,5,541,0,31,12,0,43,419,117,43,5,584,0,0,0,584
03/01/2014,PDX,OR,ANM,WE,Towers with Radar,343,45,10,3,401,0,2,3,0,5,343,47,13,3,406,0,0,0,406
03/02/2014,PDX,OR,ANM,WE,Towers with Radar,398,38,15,8,459,0,1,0,0,1,398,39,15,8,460,0,0,0,460
03/03/2014,PDX,OR,ANM,WE,Towers with Radar,427,75,27,11,540,0,24,3,0,27,427,99,30,11,567,18,0,18,585
03/04/2014,PDX,OR,ANM,WE,Towers with Radar,413,87,26,0,526,0,26,4,0,30,413,113,30,0,556,0,0,0,556
03/05/2014,PDX,OR,ANM,WE,Towers with Radar,416,91,33,8,548,0,8,2,0,10,416,99,35,8,558,2,0,2,560
03/06/2014,PDX,OR,ANM,WE,Towers with Radar,425,85,33,2,545,0,29,8,0,37,425,114,41,2,582,0,0,0,582
03/07/2014,PDX,OR,ANM,WE,Towers with Radar,423,88,37,2,550,0,32,11,0,43,423,120,48,2,593,0,0,0,593
03/08/2014,PDX,OR,ANM,WE,Towers with Radar,338,51,11,2,402,0,6,4,0,10,338,57,15,2,412,0,0,0,412
03/09/2014,PDX,OR,ANM,WE,Towers with Radar,425,46,21,1,493,0,2,3,0,5,425,48,24,1,498,0,0,0,498
03/10/2014,PDX,OR,ANM,WE,Towers with Radar,436,77,21,2,536,0,30,3,0,33,436,107,24,2,569,15,0,15,584
03/11/2014,PDX,OR,ANM,WE,Towers with Radar,428,74,28,5,535,0,31,19,1,51,428,105,47,6,586,12,0,12,598
03/12/2014,PDX,OR,ANM,WE,Towers with Radar,435,73,28,4,540,0,36,21,0,57,435,109,49,4,597,2,0,2,599
03/13/2014,PDX,OR,ANM,WE,Towers with Radar,463,84,20,6,573,0,34,20,1,55,463,118,40,7,628,2,0,2,630
03/14/2014,PDX,OR,ANM,WE,Towers with Radar,450,83,25,2,560,0,25,11,1,37,450,108,36,3,597,0,0,0,597
03/15/2014,PDX,OR,ANM,WE,Towers with Radar,350,49,11,4,414,0,7,9,2,18,350,56,20,6,432,8,0,8,440
03/16/2014,PDX,OR,ANM,WE,Towers with Radar,435,48,24,8,515,0,2,11,0,13,435,50,35,8,528,28,0,28,556
03/17/2014,PDX,OR,ANM,WE,Towers with Radar,446,73,29,1,549,0,31,23,0,54,446,104,52,1,603,2,0,2,605
03/18/2014,PDX,OR,ANM,WE,Towers with Radar,438,86,40,14,578,0,31,19,0,50,438,117,59,14,628,14,0,14,642
03/19/2014,PDX,OR,ANM,WE,Towers with Radar,453,92,52,19,616,0,20,21,1,42,453,112,73,20,658,0,0,0,658
03/20/2014,PDX,OR,ANM,WE,Towers with Radar,466,86,23,30,605,0,34,21,4,59,466,120,44,34,664,6,0,6,670
03/21/2014,PDX,OR,ANM,WE,Towers with Radar,460,81,29,11,581,0,32,18,1,51,460,113,47,12,632,7,0,7,639
03/22/2014,PDX,OR,ANM,WE,Towers with Radar,356,45,17,1,419,0,15,12,0,27,356,60,29,1,446,6,0,6,452
03/23/2014,PDX,OR,ANM,WE,Towers with Radar,433,35,7,2,477,0,9,9,1,19,433,44,16,3,496,0,0,0,496
03/24/2014,PDX,OR,ANM,WE,Towers with Radar,442,58,14,24,538,0,43,20,0,63,442,101,34,24,601,12,0,12,613
03/25/2014,PDX,OR,ANM,WE,Towers with Radar,441,84,9,35,569,0,32,10,0,42,441,116,19,35,611,12,0,12,623
03/26/2014,PDX,OR,ANM,WE,Towers with Radar,447,86,20,28,581,0,25,7,2,34,447,111,27,30,615,0,0,0,615
03/27/2014,PDX,OR,ANM,WE,Towers with Radar,463,92,32,23,610,0,21,12,0,33,463,113,44,23,643,0,0,0,643
03/28/2014,PDX,OR,ANM,WE,Towers with Radar,464,108,24,17,613,0,9,2,1,12,464,117,26,18,625,0,0,0,625
03/29/2014,PDX,OR,ANM,WE,Towers with Radar,364,55,10,1,430,0,5,4,0,9,364,60,14,1,439,20,0,20,459
03/30/2014,PDX,OR,ANM,WE,Towers with Radar,438,49,18,3,508,0,3,17,0,20,438,52,35,3,528,4,0,4,532
03/31/2014,PDX,OR,ANM,WE,Towers with Radar,439,68,21,4,532,0,36,20,6,62,439,104,41,10,594,16,0,16,610
04/01/2014,PDX,OR,ANM,WE,Towers with Radar,432,103,24,20,579,0,17,3,5,25,432,120,27,25,604,0,0,0,604
04/02/2014,PDX,OR,ANM,WE,Towers with Radar,447,80,25,27,579,0,28,30,5,63,447,108,55,32,642,24,0,24,666
04/03/2014,PDX,OR,ANM,WE,Towers with Radar,458,83,27,31,599,0,30,11,0,41,458,113,38,31,640,0,0,0,640
04/04/2014,PDX,OR,ANM,WE,Towers with Radar,473,80,24,13,590,0,29,12,0,41,473,109,36,13,631,10,0,10,641
04/05/2014,PDX,OR,ANM,WE,Towers with Radar,353,48,19,15,435,0,0,0,0,0,353,48,19,15,435,0,0,0,435
04/06/2014,PDX,OR,ANM,WE,Towers with Radar,434,40,19,21,514,0,3,7,1,11,434,43,26,22,525,0,0,0,525
04/07/2014,PDX,OR,ANM,WE,Towers with Radar,445,69,30,1,545,0,37,10,0,47,445,106,40,1,592,4,0,4,596
04/08/2014,PDX,OR,ANM,WE,Towers with Radar,427,86,21,14,548,0,34,19,0,53,427,120,40,14,601,22,0,22,623
04/09/2014,PDX,OR,ANM,WE,Towers with Radar,444,77,18,21,560,0,36,29,1,66,444,113,47,22,626,16,0,16,642
04/10/2014,PDX,OR,ANM,WE,Towers with Radar,464,77,38,18,597,0,41,31,3,75,464,118,69,21,672,34,0,34,706
04/11/2014,PDX,OR,ANM,WE,Towers with Radar,456,76,31,18,581,0,41,19,0,60,456,117,50,18,641,2,0,2,643
04/12/2014,PDX,OR,ANM,WE,Towers with Radar,348,47,22,6,423,0,6,15,3,24,348,53,37,9,447,6,0,6,453
04/13/2014,PDX,OR,ANM,WE,Towers with Radar,431,37,19,5,492,0,7,14,2,23,431,44,33,7,515,2,0,2,517
04/14/2014,PDX,OR,ANM,WE,Towers with Radar,444,63,19,19,545,0,42,31,0,73,444,105,50,19,618,14,0,14,632
04/15/2014,PDX,OR,ANM,WE,Towers with Radar,426,83,37,21,567,0,28,29,2,59,426,111,66,23,626,6,0,6,632
04/16/2014,PDX,OR,ANM,WE,Towers with Radar,450,86,27,23,586,0,26,14,0,40,450,112,41,23,626,4,0,4,630
04/17/2014,PDX,OR,ANM,WE,Towers with Radar,457,104,34,25,620,0,8,1,0,9,457,112,35,25,629,0,0,0,629
04/18/2014,PDX,OR,ANM,WE,Towers with Radar,451,81,25,11,568,0,30,22,0,52,451,111,47,11,620,10,0,10,630
04/19/2014,PDX,OR,ANM,WE,Towers with Radar,337,45,17,0,399,0,8,5,0,13,337,53,22,0,412,5,0,5,417
04/20/2014,PDX,OR,ANM,WE,Towers with Radar,419,39,14,1,473,0,7,9,0,16,419,46,23,1,489,6,0,6,495
04/21/2014,PDX,OR,ANM,WE,Towers with Radar,442,69,25,0,536,0,30,12,0,42,442,99,37,0,578,0,0,0,578
04/22/2014,PDX,OR,ANM,WE,Towers with Radar,432,92,31,18,573,0,24,8,0,32,432,116,39,18,605,2,0,2,607
04/23/2014,PDX,OR,ANM,WE,Towers with Radar,440,114,34,28,616,0,3,3,0,6,440,117,37,28,622,0,0,0,622
04/24/2014,PDX,OR,ANM,WE,Towers with Radar,461,92,39,22,614,0,28,10,0,38,461,120,49,22,652,8,0,8,660
04/25/2014,PDX,OR,ANM,WE,Towers with Radar,451,90,42,21,604,0,20,15,0,35,451,110,57,21,639,3,0,3,642
04/26/2014,PDX,OR,ANM,WE,Towers with Radar,336,51,11,2,400,0,6,9,1,16,336,57,20,3,416,0,0,0,416
04/27/2014,PDX,OR,ANM,WE,Towers with Radar,430,45,25,2,502,0,3,4,0,7,430,48,29,2,509,2,0,2,511
04/28/2014,PDX,OR,ANM,WE,Towers with Radar,444,64,38,17,563,0,37,19,0,56,444,101,57,17,619,18,0,18,637
04/29/2014,PDX,OR,ANM,WE,Towers with Radar,429,72,36,16,553,0,39,25,8,72,429,111,61,24,625,26,0,26,651
04/30/2014,PDX,OR,ANM,WE,Towers with Radar,437,77,35,11,560,0,39,21,2,62,437,116,56,13,622,24,0,24,646
05/01/2014,PDX,OR,ANM,WE,Towers with Radar,470,93,33,8,604,0,40,32,2,74,470,133,65,10,678,0,0,0,678
05/02/2014,PDX,OR,ANM,WE,Towers with Radar,453,81,40,15,589,1,35,21,0,57,454,116,61,15,646,2,0,2,648
05/03/2014,PDX,OR,ANM,WE,Towers with Radar,348,48,30,25,451,0,7,6,0,13,348,55,36,25,464,4,0,4,468
05/04/2014,PDX,OR,ANM,WE,Towers with Radar,429,52,11,43,535,0,4,3,2,9,429,56,14,45,544,0,0,0,544
05/05/2014,PDX,OR,ANM,WE,Towers with Radar,447,71,27,4,549,0,33,12,0,45,447,104,39,4,594,10,0,10,604
05/06/2014,PDX,OR,ANM,WE,Towers with Radar,449,81,35,6,571,0,31,15,1,47,449,112,50,7,618,10,0,10,628
05/07/2014,PDX,OR,ANM,WE,Towers with Radar,449,80,35,10,574,0,37,14,1,52,449,117,49,11,626,11,0,11,637
05/08/2014,PDX,OR,ANM,WE,Towers with Radar,460,125,38,11,634,0,4,4,1,9,460,129,42,12,643,0,0,0,643
05/09/2014,PDX,OR,ANM,WE,Towers with Radar,476,96,26,18,616,0,25,2,0,27,476,121,28,18,643,0,0,0,643
05/10/2014,PDX,OR,ANM,WE,Towers with Radar,350,62,20,0,432,0,8,5,0,13,350,70,25,0,445,1,0,1,446
05/11/2014,PDX,OR,ANM,WE,Towers with Radar,431,41,16,0,488,0,7,13,0,20,431,48,29,0,508,2,0,2,510
05/12/2014,PDX,OR,ANM,WE,Towers with Radar,461,58,26,18,563,0,42,26,7,75,461,100,52,25,638,2,0,2,640
05/13/2014,PDX,OR,ANM,WE,Towers with Radar,443,84,27,24,578,0,44,18,3,65,443,128,45,27,643,4,6,10,653
05/14/2014,PDX,OR,ANM,WE,Towers with Radar,464,73,42,16,595,0,42,32,4,78,464,115,74,20,673,24,0,24,697
05/15/2014,PDX,OR,ANM,WE,Towers with Radar,475,67,33,20,595,0,46,25,4,75,475,113,58,24,670,36,0,36,706
05/16/2014,PDX,OR,ANM,WE,Towers with Radar,459,77,40,15,591,0,30,21,2,53,459,107,61,17,644,2,0,2,646
05/17/2014,PDX,OR,ANM,WE,Towers with Radar,318,47,14,0,379,0,7,23,20,50,318,54,37,20,429,0,0,0,429
05/18/2014,PDX,OR,ANM,WE,Towers with Radar,347,35,16,0,398,0,2,3,0,5,347,37,19,0,403,0,0,0,403
05/19/2014,PDX,OR,ANM,WE,Towers with Radar,462,81,18,15,576,0,30,9,0,39,462,111,27,15,615,0,0,0,615
05/20/2014,PDX,OR,ANM,WE,Towers with Radar,454,82,22,27,585,0,33,18,2,53,454,115,40,29,638,3,0,3,641
05/21/2014,PDX,OR,ANM,WE,Towers with Radar,469,72,33,2,576,0,37,13,0,50,469,109,46,2,626,6,4,10,636
05/22/2014,PDX,OR,ANM,WE,Towers with Radar,470,67,27,4,568,0,40,23,1,64,470,107,50,5,632,6,0,6,638
05/23/2014,PDX,OR,ANM,WE,Towers with Radar,484,77,30,0,591,0,30,9,0,39,484,107,39,0,630,12,0,12,642
05/24/2014,PDX,OR,ANM,WE,Towers with Radar,345,50,21,2,418,0,12,12,0,24,345,62,33,2,442,7,0,7,449
05/25/2014,PDX,OR,ANM,WE,Towers with Radar,355,34,4,0,393,0,9,9,0,18,355,43,13,0,411,6,0,6,417
05/26/2014,PDX,OR,ANM,WE,Towers with Radar,445,45,16,1,507,0,13,11,0,24,445,58,27,1,531,1,0,1,532
05/27/2014,PDX,OR,ANM,WE,Towers with Radar,442,76,17,11,546,0,39,13,2,54,442,115,30,13,600,6,4,10,610
05/28/2014,PDX,OR,ANM,WE,Towers with Radar,479,89,41,6,615,0,29,13,0,42,479,118,54,6,657,2,0,2,659
05/29/2014,PDX,OR,ANM,WE,Towers with Radar,479,86,37,10,612,0,30,21,2,53,479,116,58,12,665,8,0,8,673
05/30/2014,PDX,OR,ANM,WE,Towers with Radar,463,74,40,15,592,0,37,19,2,58,463,111,59,17,650,22,0,22,672
05/31/2014,PDX,OR,ANM,WE,Towers with Radar,349,53,10,9,421,0,7,22,2,31,349,60,32,11,452,10,0,10,462
06/01/2014,PDX,OR,ANM,WE,Towers with Radar,442,41,16,1,500,0,6,12,0,18,442,47,28,1,518,0,0,0,518
06/02/2014,PDX,OR,ANM,WE,Towers with Radar,465,75,36,8,584,0,35,13,0,48,465,110,49,8,632,0,0,0,632
06/03/2014,PDX,OR,ANM,WE,Towers with Radar,462,80,39,4,585,0,27,18,0,45,462,107,57,4,630,0,0,0,630
06/04/2014,PDX,OR,ANM,WE,Towers with Radar,479,80,41,8,608,0,33,17,0,50,479,113,58,8,658,24,0,24,682
06/05/2014,PDX,OR,ANM,WE,Towers with Radar,484,71,40,7,602,0,39,43,0,82,484,110,83,7,684,18,2,20,704
06/06/2014,PDX,OR,ANM,WE,Towers with Radar,477,67,29,2,575,0,38,41,0,79,477,105,70,2,654,6,0,6,660
06/07/2014,PDX,OR,ANM,WE,Towers with Radar,376,42,17,4,439,0,4,30,0,34,376,46,47,4,473,16,0,16,489
06/08/2014,PDX,OR,ANM,WE,Towers with Radar,459,38,18,3,518,0,6,36,0,42,459,44,54,3,560,27,0,27,587
06/09/2014,PDX,OR,ANM,WE,Towers with Radar,496,55,30,3,584,0,37,29,1,67,496,92,59,4,651,36,0,36,687
06/10/2014,PDX,OR,ANM,WE,Towers with Radar,512,63,45,6,626,0,42,23,0,65,512,105,68,6,691,14,0,14,705
06/11/2014,PDX,OR,ANM,WE,Towers with Radar,510,75,43,2,630,0,33,16,0,49,510,108,59,2,679,2,0,2,681
06/12/2014,PDX,OR,ANM,WE,Towers with Radar,513,80,44,8,645,0,30,10,0,40,513,110,54,8,685,1,0,1,686
06/13/2014,PDX,OR,ANM,WE,Towers with Radar,495,79,41,5,620,0,26,16,0,42,495,105,57,5,662,29,0,29,691
06/14/2014,PDX,OR,ANM,WE,Towers with Radar,427,41,11,6,485,0,7,12,1,20,427,48,23,7,505,14,0,14,519
06/15/2014,PDX,OR,ANM,WE,Towers with Radar,478,38,19,13,548,0,2,2,0,4,478,40,21,13,552,9,0,9,561
06/16/2014,PDX,OR,ANM,WE,Towers with Radar,498,68,31,5,602,0,26,9,0,35,498,94,40,5,637,6,0,6,643
06/17/2014,PDX,OR,ANM,WE,Towers with Radar,505,89,22,12,628,0,21,17,1,39,505,110,39,13,667,2,0,2,669
06/18/2014,PDX,OR,ANM,WE,Towers with Radar,499,74,27,16,616,0,31,10,0,41,499,105,37,16,657,11,0,11,668
06/19/2014,PDX,OR,ANM,WE,Towers with Radar,515,61,36,16,628,0,42,22,1,65,515,103,58,17,693,2,0,2,695
06/20/2014,PDX,OR,ANM,WE,Towers with Radar,511,72,27,11,621,0,33,14,1,48,511,105,41,12,669,0,0,0,669
06/21/2014,PDX,OR,ANM,WE,Towers with Radar,420,36,13,0,469,0,10,32,0,42,420,46,45,0,511,21,0,21,532
06/22/2014,PDX,OR,ANM,WE,Towers with Radar,469,32,20,0,521,1,14,17,0,32,470,46,37,0,553,2,0,2,555
06/23/2014,PDX,OR,ANM,WE,Towers with Radar,489,57,40,4,590,0,43,15,4,62,489,100,55,8,652,0,2,2,654
06/24/2014,PDX,OR,ANM,WE,Towers with Radar,509,76,41,19,645,0,39,15,4,58,509,115,56,23,703,8,0,8,711
06/25/2014,PDX,OR,ANM,WE,Towers with Radar,509,82,40,22,653,0,30,33,0,63,509,112,73,22,716,14,0,14,730
06/26/2014,PDX,OR,ANM,WE,Towers with Radar,528,92,41,23,684,0,25,2,0,27,528,117,43,23,711,0,0,0,711
06/27/2014,PDX,OR,ANM,WE,Towers with Radar,501,83,30,19,633,0,29,14,1,44,501,112,44,20,677,0,0,0,677
06/28/2014,PDX,OR,ANM,WE,Towers with Radar,429,47,18,5,499,0,3,12,1,16,429,50,30,6,515,4,0,4,519
06/29/2014,PDX,OR,ANM,WE,Towers with Radar,469,40,24,2,535,0,4,10,0,14,469,44,34,2,549,0,0,0,549
06/30/2014,PDX,OR,ANM,WE,Towers with Radar,489,54,28,15,586,0,38,26,3,67,489,92,54,18,653,28,0,28,681
07/01/2014,PDX,OR,ANM,WE,Towers with Radar,503,65,26,15,609,0,39,25,0,64,503,104,51,15,673,12,0,12,685
07/02/2014,PDX,OR,ANM,WE,Towers with Radar,501,74,40,10,625,0,35,20,0,55,501,109,60,10,680,51,0,51,731
07/03/2014,PDX,OR,ANM,WE,Towers with Radar,518,75,29,18,640,0,28,21,0,49,518,103,50,18,689,30,0,30,719
07/04/2014,PDX,OR,ANM,WE,Towers with Radar,401,28,17,0,446,0,13,15,1,29,401,41,32,1,475,0,0,0,475
07/05/2014,PDX,OR,ANM,WE,Towers with Radar,414,36,8,0,458,0,16,50,0,66,414,52,58,0,524,18,0,18,542
07/06/2014,PDX,OR,ANM,WE,Towers with Radar,485,32,23,0,540,0,8,45,0,53,485,40,68,0,593,6,0,6,599
07/07/2014,PDX,OR,ANM,WE,Towers with Radar,497,61,27,0,585,0,34,45,0,79,497,95,72,0,664,26,0,26,690
07/08/2014,PDX,OR,ANM,WE,Towers with Radar,505,75,32,20,632,0,34,21,0,55,505,109,53,20,687,28,0,28,715
07/09/2014,PDX,OR,ANM,WE,Towers with Radar,519,75,35,13,642,0,38,36,0,74,519,113,71,13,716,19,0,19,735
07/10/2014,PDX,OR,ANM,WE,Towers with Radar,527,77,34,14,652,0,36,30,2,68,527,113,64,16,720,4,0,4,724
07/11/2014,PDX,OR,ANM,WE,Towers with Radar,512,69,23,12,616,0,42,38,0,80,512,111,61,12,696,70,0,70,766
07/12/2014,PDX,OR,ANM,WE,Towers with Radar,426,38,17,1,482,0,13,65,0,78,426,51,82,1,560,16,0,16,576
07/13/2014,PDX,OR,ANM,WE,Towers with Radar,480,46,31,1,558,0,12,19,0,31,480,58,50,1,589,14,0,14,603
07/14/2014,PDX,OR,ANM,WE,Towers with Radar,495,64,40,27,626,1,38,18,3,60,496,102,58,30,686,10,0,10,696
07/15/2014,PDX,OR,ANM,WE,Towers with Radar,516,73,30,25,644,0,34,17,4,55,516,107,47,29,699,14,0,14,713
07/16/2014,PDX,OR,ANM,WE,Towers with Radar,524,66,29,34,653,0,39,61,2,102,524,105,90,36,755,30,6,36,791
07/17/2014,PDX,OR,ANM,WE,Towers with Radar,522,65,41,23,651,0,37,21,3,61,522,102,62,26,712,104,0,104,816
07/18/2014,PDX,OR,ANM,WE,Towers with Radar,504,68,40,24,636,0,38,18,0,56,504,106,58,24,692,14,0,14,706
07/19/2014,PDX,OR,ANM,WE,Towers with Radar,425,42,23,4,494,0,9,12,0,21,425,51,35,4,515,10,0,10,525
07/20/2014,PDX,OR,ANM,WE,Towers with Radar,486,40,23,4,553,0,6,11,0,17,486,46,34,4,570,4,0,4,574
07/21/2014,PDX,OR,ANM,WE,Towers with Radar,498,58,27,3,586,0,39,12,0,51,498,97,39,3,637,0,0,0,637
07/22/2014,PDX,OR,ANM,WE,Towers with Radar,511,83,36,20,650,0,30,10,0,40,511,113,46,20,690,4,0,4,694
07/23/2014,PDX,OR,ANM,WE,Towers with Radar,514,90,34,28,666,0,25,12,0,37,514,115,46,28,703,0,0,0,703
07/24/2014,PDX,OR,ANM,WE,Towers with Radar,529,82,54,20,685,0,25,56,0,81,529,107,110,20,766,6,0,6,772
07/25/2014,PDX,OR,ANM,WE,Towers with Radar,502,75,31,15,623,0,29,33,2,64,502,104,64,17,687,54,0,54,741
07/26/2014,PDX,OR,ANM,WE,Towers with Radar,422,39,16,4,481,0,10,35,1,46,422,49,51,5,527,4,0,4,531
07/27/2014,PDX,OR,ANM,WE,Towers with Radar,474,40,19,3,536,0,11,17,0,28,474,51,36,3,564,14,0,14,578
07/28/2014,PDX,OR,ANM,WE,Towers with Radar,512,58,29,13,612,0,38,15,6,59,512,96,44,19,671,0,0,0,671
07/29/2014,PDX,OR,ANM,WE,Towers with Radar,508,69,32,13,622,0,35,55,0,90,508,104,87,13,712,4,0,4,716
07/30/2014,PDX,OR,ANM,WE,Towers with Radar,514,74,19,11,618,0,33,48,1,82,514,107,67,12,700,64,0,64,764
07/31/2014,PDX,OR,ANM,WE,Towers with Radar,522,70,30,3,625,0,42,38,0,80,522,112,68,3,705,20,0,20,725
08/01/2014,PDX,OR,ANM,WE,Towers with Radar,524,79,36,4,643,0,34,19,0,53,524,113,55,4,696,22,0,22,718
08/02/2014,PDX,OR,ANM,WE,Towers with Radar,439,41,11,40,531,0,10,77,3,90,439,51,88,43,621,8,0,8,629
08/03/2014,PDX,OR,ANM,WE,Towers with Radar,495,44,28,11,578,1,7,26,0,34,496,51,54,11,612,5,0,5,617
08/04/2014,PDX,OR,ANM,WE,Towers with Radar,511,58,18,9,596,0,39,29,2,70,511,97,47,11,666,20,0,20,686
08/05/2014,PDX,OR,ANM,WE,Towers with Radar,524,74,23,27,648,0,31,35,2,68,524,105,58,29,716,28,0,28,744
08/06/2014,PDX,OR,ANM,WE,Towers with Radar,526,91,35,25,677,0,32,42,1,75,526,123,77,26,752,22,0,22,774
08/07/2014,PDX,OR,ANM,WE,Towers with Radar,534,75,32,32,673,0,40,19,1,60,534,115,51,33,733,6,0,6,739
08/08/2014,PDX,OR,ANM,WE,Towers with Radar,521,70,32,35,658,0,36,20,0,56,521,106,52,35,714,0,0,0,714
08/09/2014,PDX,OR,ANM,WE,Towers with Radar,438,45,13,4,500,0,4,23,0,27,438,49,36,4,527,12,0,12,539
08/10/2014,PDX,OR,ANM,WE,Towers with Radar,479,38,29,2,548,0,7,18,0,25,479,45,47,2,573,3,0,3,576
08/11/2014,PDX,OR,ANM,WE,Towers with Radar,506,56,32,39,633,0,33,21,3,57,506,89,53,42,690,6,0,6,696
08/12/2014,PDX,OR,ANM,WE,Towers with Radar,516,75,32,43,666,0,31,26,0,57,516,106,58,43,723,14,0,14,737
08/13/2014,PDX,OR,ANM,WE,Towers with Radar,523,79,30,50,682,0,28,18,1,47,523,107,48,51,729,4,6,10,739
08/14/2014,PDX,OR,ANM,WE,Towers with Radar,528,81,44,43,696,0,33,23,5,61,528,114,67,48,757,4,0,4,761
08/15/2014,PDX,OR,ANM,WE,Towers with Radar,506,78,26,35,645,0,29,14,2,45,506,107,40,37,690,60,0,60,750
08/16/2014,PDX,OR,ANM,WE,Towers with Radar,424,42,28,2,496,0,6,32,0,38,424,48,60,2,534,2,0,2,536
08/17/2014,PDX,OR,ANM,WE,Towers with Radar,484,44,20,5,553,0,7,32,0,39,484,51,52,5,592,56,0,56,648
08/18/2014,PDX,OR,ANM,WE,Towers with Radar,513,61,29,13,616,0,38,30,2,70,513,99,59,15,686,20,0,20,706
08/19/2014,PDX,OR,ANM,WE,Towers with Radar,507,72,36,31,646,0,35,26,2,63,507,107,62,33,709,54,0,54,763
08/20/2014,PDX,OR,ANM,WE,Towers with Radar,520,81,32,35,668,0,30,50,3,83,520,111,82,38,751,36,0,36,787
08/21/2014,PDX,OR,ANM,WE,Towers with Radar,521,68,38,25,652,0,41,43,0,84,521,109,81,25,736,48,0,48,784
08/22/2014,PDX,OR,ANM,WE,Towers with Radar,517,59,32,7,615,0,35,41,0,76,517,94,73,7,691,14,0,14,705
08/23/2014,PDX,OR,ANM,WE,Towers with Radar,416,46,10,2,474,0,8,126,0,134,416,54,136,2,608,38,0,38,646
08/24/2014,PDX,OR,ANM,WE,Towers with Radar,469,42,21,1,533,0,10,21,6,37,469,52,42,7,570,14,0,14,584
08/25/2014,PDX,OR,ANM,WE,Towers with Radar,492,51,24,15,582,0,40,22,6,68,492,91,46,21,650,30,0,30,680
08/26/2014,PDX,OR,ANM,WE,Towers with Radar,492,68,30,13,603,0,40,28,0,68,492,108,58,13,671,14,0,14,685
08/27/2014,PDX,OR,ANM,WE,Towers with Radar,497,68,36,14,615,0,39,36,0,75,497,107,72,14,690,22,0,22,712
08/28/2014,PDX,OR,ANM,WE,Towers with Radar,512,69,29,19,629,0,35,62,0,97,512,104,91,19,726,28,0,28,754
08/29/2014,PDX,OR,ANM,WE,Towers with Radar,511,71,23,0,605,0,31,14,0,45,511,102,37,0,650,14,0,14,664
08/30/2014,PDX,OR,ANM,WE,Towers with Radar,387,43,12,0,442,0,3,18,0,21,387,46,30,0,463,22,0,22,485
08/31/2014,PDX,OR,ANM,WE,Towers with Radar,381,37,10,6,434,0,2,10,1,13,381,39,20,7,447,4,0,4,451
09/01/2014,PDX,OR,ANM,WE,Towers with Radar,464,30,10,2,506,0,17,19,0,36,464,47,29,2,542,8,0,8,550
09/02/2014,PDX,OR,ANM,WE,Towers with Radar,461,49,23,14,547,0,32,36,0,68,461,81,59,14,615,22,0,22,637
09/03/2014,PDX,OR,ANM,WE,Towers with Radar,473,61,31,17,582,0,30,23,2,55,473,91,54,19,637,2,0,2,639
09/04/2014,PDX,OR,ANM,WE,Towers with Radar,486,40,37,35,598,0,42,18,1,61,486,82,55,36,659,0,0,0,659
09/05/2014,PDX,OR,ANM,WE,Towers with Radar,467,45,39,25,576,0,41,81,2,124,467,86,120,27,700,26,0,26,726
09/06/2014,PDX,OR,ANM,WE,Towers with Radar,382,28,26,15,451,0,11,78,1,90,382,39,104,16,541,38,0,38,579
09/07/2014,PDX,OR,ANM,WE,Towers with Radar,448,12,20,8,488,1,12,31,0,44,449,24,51,8,532,5,0,5,537
09/08/2014,PDX,OR,ANM,WE,Towers with Radar,472,43,39,10,564,0,34,16,0,50,472,77,55,10,614,0,0,0,614
09/09/2014,PDX,OR,ANM,WE,Towers with Radar,461,47,31,28,567,0,38,33,1,72,461,85,64,29,639,16,0,16,655
09/10/2014,PDX,OR,ANM,WE,Towers with Radar,469,51,45,39,604,0,35,39,0,74,469,86,84,39,678,10,2,12,690
09/11/2014,PDX,OR,ANM,WE,Towers with Radar,488,52,35,30,605,0,47,23,1,71,488,99,58,31,676,0,0,0,676
09/12/2014,PDX,OR,ANM,WE,Towers with Radar,471,42,41,31,585,0,41,40,4,85,471,83,81,35,670,0,0,0,670
09/13/2014,PDX,OR,ANM,WE,Towers with Radar,381,27,13,3,424,0,16,12,1,29,381,43,25,4,453,14,0,14,467
09/14/2014,PDX,OR,ANM,WE,Towers with Radar,448,22,25,4,499,0,13,18,0,31,448,35,43,4,530,16,0,16,546
09/15/2014,PDX,OR,ANM,WE,Towers with Radar,479,45,38,28,590,4,37,22,1,64,483,82,60,29,654,24,0,24,678
09/16/2014,PDX,OR,ANM,WE,Towers with Radar,464,51,30,25,570,0,34,23,2,59,464,85,53,27,629,26,0,26,655
09/17/2014,PDX,OR,ANM,WE,Towers with Radar,474,54,33,35,596,0,43,20,0,63,474,97,53,35,659,24,0,24,683
09/18/2014,PDX,OR,ANM,WE,Towers with Radar,481,70,46,41,638,0,25,43,0,68,481,95,89,41,706,10,0,10,716
09/19/2014,PDX,OR,ANM,WE,Towers with Radar,479,53,38,24,594,1,41,23,5,70,480,94,61,29,664,0,0,0,664
09/20/2014,PDX,OR,ANM,WE,Towers with Radar,373,25,33,2,433,1,12,51,4,68,374,37,84,6,501,12,0,12,513
09/21/2014,PDX,OR,ANM,WE,Towers with Radar,437,23,38,4,502,1,11,38,6,56,438,34,76,10,558,16,0,16,574
09/22/2014,PDX,OR,ANM,WE,Towers with Radar,470,47,35,18,570,0,26,16,0,42,470,73,51,18,612,2,0,2,614
09/23/2014,PDX,OR,ANM,WE,Towers with Radar,460,48,45,19,572,0,31,26,1,58,460,79,71,20,630,4,0,4,634
09/24/2014,PDX,OR,ANM,WE,Towers with Radar,462,67,31,22,582,0,24,7,0,31,462,91,38,22,613,0,0,0,613
09/25/2014,PDX,OR,ANM,WE,Towers with Radar,480,55,48,11,594,0,32,20,0,52,480,87,68,11,646,4,0,4,650
09/26/2014,PDX,OR,ANM,WE,Towers with Radar,445,49,31,9,534,0,30,21,0,51,445,79,52,9,585,8,0,8,593
09/27/2014,PDX,OR,ANM,WE,Towers with Radar,369,31,17,1,418,0,3,9,0,12,369,34,26,1,430,4,0,4,434
09/28/2014,PDX,OR,ANM,WE,Towers with Radar,440,16,18,4,478,0,8,9,1,18,440,24,27,5,496,20,0,20,516
09/29/2014,PDX,OR,ANM,WE,Towers with Radar,459,78,36,0,573,0,10,2,0,12,459,88,38,0,585,0,0,0,585
09/30/2014,PDX,OR,ANM,WE,Towers with Radar,459,73,34,2,568,0,28,4,0,32,459,101,38,2,600,8,0,8,608
10/01/2014,PDX,OR,ANM,WE,Towers with Radar,469,55,37,17,578,0,34,21,0,55,469,89,58,17,633,16,0,16,649
10/02/2014,PDX,OR,ANM,WE,Towers with Radar,470,45,36,24,575,0,42,33,1,76,470,87,69,25,651,28,0,28,679
10/03/2014,PDX,OR,ANM,WE,Towers with Radar,474,44,31,11,560,0,52,33,0,85,474,96,64,11,645,16,0,16,661
10/04/2014,PDX,OR,ANM,WE,Towers with Radar,371,31,17,9,428,0,8,21,0,29,371,39,38,9,457,26,0,26,483
10/05/2014,PDX,OR,ANM,WE,Towers with Radar,435,17,25,14,491,0,13,38,3,54,435,30,63,17,545,46,0,46,591
10/06/2014,PDX,OR,ANM,WE,Towers with Radar,457,32,25,17,531,0,41,8,0,49,457,73,33,17,580,2,0,2,582
10/07/2014,PDX,OR,ANM,WE,Towers with Radar,452,51,45,13,561,0,33,136,8,177,452,84,181,21,738,12,0,12,750
10/08/2014,PDX,OR,ANM,WE,Towers with Radar,456,64,39,5,564,0,18,21,13,52,456,82,60,18,616,5,0,5,621
10/09/2014,PDX,OR,ANM,WE,Towers with Radar,478,57,32,9,576,0,27,35,1,63,478,84,67,10,639,12,0,12,651
10/10/2014,PDX,OR,ANM,WE,Towers with Radar,481,57,39,2,579,0,25,46,0,71,481,82,85,2,650,0,0,0,650
10/11/2014,PDX,OR,ANM,WE,Towers with Radar,378,28,12,2,420,0,4,6,0,10,378,32,18,2,430,2,0,2,432
10/12/2014,PDX,OR,ANM,WE,Towers with Radar,431,23,24,13,491,0,5,9,0,14,431,28,33,13,505,0,0,0,505
10/13/2014,PDX,OR,ANM,WE,Towers with Radar,458,30,19,2,509,0,33,17,0,50,458,63,36,2,559,0,0,0,559
10/14/2014,PDX,OR,ANM,WE,Towers with Radar,449,58,24,2,533,0,28,17,0,45,449,86,41,2,578,7,0,7,585
10/15/2014,PDX,OR,ANM,WE,Towers with Radar,448,72,23,17,560,0,22,10,0,32,448,94,33,17,592,0,0,0,592
10/16/2014,PDX,OR,ANM,WE,Towers with Radar,477,46,33,5,561,0,38,43,0,81,477,84,76,5,642,20,0,20,662
10/17/2014,PDX,OR,ANM,WE,Towers with Radar,465,56,37,13,571,0,31,21,0,52,465,87,58,13,623,20,0,20,643
10/18/2014,PDX,OR,ANM,WE,Towers with Radar,369,27,21,2,419,0,3,29,0,32,369,30,50,2,451,8,0,8,459
10/19/2014,PDX,OR,ANM,WE,Towers with Radar,437,18,27,0,482,0,7,8,0,15,437,25,35,0,497,4,0,4,501
10/20/2014,PDX,OR,ANM,WE,Towers with Radar,465,47,36,4,552,0,25,12,0,37,465,72,48,4,589,26,0,26,615
10/21/2014,PDX,OR,ANM,WE,Towers with Radar,446,53,34,0,533,0,30,8,0,38,446,83,42,0,571,24,0,24,595
10/22/2014,PDX,OR,ANM,WE,Towers with Radar,457,75,42,6,580,0,7,0,0,7,457,82,42,6,587,4,0,4,591
10/23/2014,PDX,OR,ANM,WE,Towers with Radar,468,54,29,3,554,0,24,7,0,31,468,78,36,3,585,0,0,0,585
10/24/2014,PDX,OR,ANM,WE,Towers with Radar,467,61,27,7,562,0,23,2,0,25,467,84,29,7,587,0,0,0,587
10/25/2014,PDX,OR,ANM,WE,Towers with Radar,380,31,13,0,424,0,6,5,0,11,380,37,18,0,435,16,0,16,451
10/26/2014,PDX,OR,ANM,WE,Towers with Radar,423,20,11,0,454,0,3,6,0,9,423,23,17,0,463,14,0,14,477
10/27/2014,PDX,OR,ANM,WE,Towers with Radar,446,40,31,2,519,0,25,10,0,35,446,65,41,2,554,26,0,26,580
10/28/2014,PDX,OR,ANM,WE,Towers with Radar,434,82,42,4,562,0,3,11,0,14,434,85,53,4,576,4,0,4,580
10/29/2014,PDX,OR,ANM,WE,Towers with Radar,436,63,52,2,553,0,24,21,0,45,436,87,73,2,598,20,0,20,618
10/30/2014,PDX,OR,ANM,WE,Towers with Radar,458,75,41,9,583,0,17,6,0,23,458,92,47,9,606,4,0,4,610
10/31/2014,PDX,OR,ANM,WE,Towers with Radar,413,63,23,20,519,0,20,13,0,33,413,83,36,20,552,2,0,2,554
11/01/2014,PDX,OR,ANM,WE,Towers with Radar,354,30,25,1,410,0,3,2,0,5,354,33,27,1,415,0,0,0,415
11/02/2014,PDX,OR,ANM,WE,Towers with Radar,421,28,21,7,477,0,2,0,0,2,421,30,21,7,479,0,0,0,479
11/03/2014,PDX,OR,ANM,WE,Towers with Radar,444,53,23,13,533,0,19,6,0,25,444,72,29,13,558,4,0,4,562
11/04/2014,PDX,OR,ANM,WE,Towers with Radar,426,80,30,33,569,0,10,4,1,15,426,90,34,34,584,0,0,0,584
11/05/2014,PDX,OR,ANM,WE,Towers with Radar,442,59,28,20,549,0,31,13,3,47,442,90,41,23,596,18,0,18,614
11/06/2014,PDX,OR,ANM,WE,Towers with Radar,452,55,23,25,555,0,23,9,1,33,452,78,32,26,588,0,0,0,588
11/07/2014,PDX,OR,ANM,WE,Towers with Radar,448,64,38,14,564,0,24,4,1,29,448,88,42,15,593,2,0,2,595
11/08/2014,PDX,OR,ANM,WE,Towers with Radar,362,29,20,8,419,0,3,22,2,27,362,32,42,10,446,7,0,7,453
11/09/2014,PDX,OR,ANM,WE,Towers with Radar,416,29,25,23,493,0,2,2,1,5,416,31,27,24,498,0,0,0,498
11/10/2014,PDX,OR,ANM,WE,Towers with Radar,440,47,35,1,523,0,32,11,0,43,440,79,46,1,566,6,0,6,572
11/11/2014,PDX,OR,ANM,WE,Towers with Radar,439,43,25,0,507,0,33,5,0,38,439,76,30,0,545,27,0,27,572
11/12/2014,PDX,OR,ANM,WE,Towers with Radar,444,60,36,17,557,0,35,11,1,47,444,95,47,18,604,0,0,0,604
11/13/2014,PDX,OR,ANM,WE,Towers with Radar,437,69,15,0,521,0,4,2,0,6,437,73,17,0,527,0,0,0,527
11/14/2014,PDX,OR,ANM,WE,Towers with Radar,448,59,26,19,552,0,29,19,0,48,448,88,45,19,600,19,0,19,619
11/15/2014,PDX,OR,ANM,WE,Towers with Radar,352,27,12,1,392,0,9,20,2,31,352,36,32,3,423,0,0,0,423
11/16/2014,PDX,OR,ANM,WE,Towers with Radar,422,17,12,2,453,0,5,15,4,24,422,22,27,6,477,0,2,2,479
11/17/2014,PDX,OR,ANM,WE,Towers with Radar,440,46,35,18,539,0,42,17,6,65,440,88,52,24,604,10,0,10,614
11/18/2014,PDX,OR,ANM,WE,Towers with Radar,437,62,39,16,554,0,29,27,0,56,437,91,66,16,610,18,0,18,628
11/19/2014,PDX,OR,ANM,WE,Towers with Radar,435,52,34,15,536,0,29,23,0,52,435,81,57,15,588,4,0,4,592
11/20/2014,PDX,OR,ANM,WE,Towers with Radar,455,64,25,25,569,0,27,7,0,34,455,91,32,25,603,15,0,15,618
11/21/2014,PDX,OR,ANM,WE,Towers with Radar,456,83,45,17,601,0,4,1,0,5,456,87,46,17,606,2,0,2,608
11/22/2014,PDX,OR,ANM,WE,Towers with Radar,355,31,27,0,413,0,13,20,0,33,355,44,47,0,446,4,0,4,450
11/23/2014,PDX,OR,ANM,WE,Towers with Radar,416,24,17,1,458,0,2,2,0,4,416,26,19,1,462,3,0,3,465
11/24/2014,PDX,OR,ANM,WE,Towers with Radar,427,53,30,17,527,0,25,6,0,31,427,78,36,17,558,1,0,1,559
11/25/2014,PDX,OR,ANM,WE,Towers with Radar,455,70,29,18,572,0,29,9,1,39,455,99,38,19,611,26,0,26,637
11/26/2014,PDX,OR,ANM,WE,Towers with Radar,468,62,33,20,583,0,33,10,0,43,468,95,43,20,626,24,0,24,650
11/27/2014,PDX,OR,ANM,WE,Towers with Radar,318,16,7,0,341,0,2,0,0,2,318,18,7,0,343,0,0,0,343
11/28/2014,PDX,OR,ANM,WE,Towers with Radar,370,83,14,0,467,0,2,1,0,3,370,85,15,0,470,0,0,0,470
11/29/2014,PDX,OR,ANM,WE,Towers with Radar,408,36,10,0,454,0,5,4,0,9,408,41,14,0,463,0,0,0,463
11/30/2014,PDX,OR,ANM,WE,Towers with Radar,436,25,46,0,507,0,7,14,0,21,436,32,60,0,528,2,0,2,530
12/01/2014,PDX,OR,ANM,WE,Towers with Radar,461,63,30,11,565,0,25,8,0,33,461,88,38,11,598,8,0,8,606
12/02/2014,PDX,OR,ANM,WE,Towers with Radar,445,60,36,9,550,0,35,19,0,54,445,95,55,9,604,10,0,10,614
12/03/2014,PDX,OR,ANM,WE,Towers with Radar,446,56,27,22,551,0,31,10,0,41,446,87,37,22,592,2,0,2,594
12/04/2014,PDX,OR,ANM,WE,Towers with Radar,459,101,37,14,611,0,0,0,0,0,459,101,37,14,611,0,0,0,611
12/05/2014,PDX,OR,ANM,WE,Towers with Radar,428,72,46,8,554,0,32,23,0,55,428,104,69,8,609,0,0,0,609
12/06/2014,PDX,OR,ANM,WE,Towers with Radar,345,35,24,0,404,0,4,18,2,24,345,39,42,2,428,24,0,24,452
12/07/2014,PDX,OR,ANM,WE,Towers with Radar,399,22,20,12,453,0,3,7,0,10,399,25,27,12,463,2,0,2,465
12/08/2014,PDX,OR,ANM,WE,Towers with Radar,428,43,29,0,500,0,30,9,0,39,428,73,38,0,539,2,0,2,541
12/09/2014,PDX,OR,ANM,WE,Towers with Radar,442,82,46,16,586,0,17,6,0,23,442,99,52,16,609,4,0,4,613
12/10/2014,PDX,OR,ANM,WE,Towers with Radar,440,68,27,17,552,0,26,3,0,29,440,94,30,17,581,0,0,0,581
12/11/2014,PDX,OR,ANM,WE,Towers with Radar,463,66,37,19,585,0,29,5,0,34,463,95,42,19,619,0,0,0,619
12/12/2014,PDX,OR,ANM,WE,Towers with Radar,448,75,42,7,572,0,20,10,0,30,448,95,52,7,602,0,0,0,602
12/13/2014,PDX,OR,ANM,WE,Towers with Radar,350,45,19,0,414,0,4,1,0,5,350,49,20,0,419,0,0,0,419
12/14/2014,PDX,OR,ANM,WE,Towers with Radar,423,26,17,3,469,0,8,13,0,21,423,34,30,3,490,0,0,0,490
12/15/2014,PDX,OR,ANM,WE,Towers with Radar,436,41,32,19,528,0,31,11,0,42,436,72,43,19,570,0,0,0,570
12/16/2014,PDX,OR,ANM,WE,Towers with Radar,439,56,35,17,547,0,36,26,2,64,439,92,61,19,611,8,0,8,619
12/17/2014,PDX,OR,ANM,WE,Towers with Radar,449,78,43,17,587,0,13,5,0,18,449,91,48,17,605,4,0,4,609
12/18/2014,PDX,OR,ANM,WE,Towers with Radar,477,71,41,18,607,0,29,5,0,34,477,100,46,18,641,0,0,0,641
12/19/2014,PDX,OR,ANM,WE,Towers with Radar,464,71,27,12,574,0,28,11,4,43,464,99,38,16,617,10,0,10,627
12/20/2014,PDX,OR,ANM,WE,Towers with Radar,428,48,21,0,497,0,0,1,0,1,428,48,22,0,498,0,0,0,498
12/21/2014,PDX,OR,ANM,WE,Towers with Radar,440,23,10,0,473,0,3,2,0,5,440,26,12,0,478,0,0,0,478
12/22/2014,PDX,OR,ANM,WE,Towers with Radar,464,72,37,12,585,0,31,23,0,54,464,103,60,12,639,4,0,4,643
12/23/2014,PDX,OR,ANM,WE,Towers with Radar,487,111,30,14,642,0,1,3,0,4,487,112,33,14,646,18,0,18,664
12/24/2014,PDX,OR,ANM,WE,Towers with Radar,389,71,11,0,471,0,20,2,0,22,389,91,13,0,493,0,0,0,493
12/25/2014,PDX,OR,ANM,WE,Towers with Radar,341,24,5,0,370,0,1,1,0,2,341,25,6,0,372,0,0,0,372
12/26/2014,PDX,OR,ANM,WE,Towers with Radar,434,74,21,0,529,0,19,3,0,22,434,93,24,0,551,10,0,10,561
12/27/2014,PDX,OR,ANM,WE,Towers with Radar,410,38,14,0,462,0,3,4,0,7,410,41,18,0,469,8,0,8,477
12/28/2014,PDX,OR,ANM,WE,Towers with Radar,435,28,24,1,488,0,1,2,0,3,435,29,26,1,491,16,0,16,507
12/29/2014,PDX,OR,ANM,WE,Towers with Radar,443,42,12,12,509,0,34,5,0,39,443,76,17,12,548,0,0,0,548
12/30/2014,PDX,OR,ANM,WE,Towers with Radar,460,54,25,7,546,0,41,24,0,65,460,95,49,7,611,2,0,2,613
12/31/2014,PDX,OR,ANM,WE,Towers with Radar,401,52,15,7,475,0,44,45,0,89,401,96,60,7,564,4,0,4,568
01/01/2015,PDX,OR,ANM,WE,Towers with Radar,351,27,8,0,386,0,9,42,0,51,351,36,50,0,437,10,0,10,447
01/02/2015,PDX,OR,ANM,WE,Towers with Radar,456,54,19,0,529,0,36,22,0,58,456,90,41,0,587,12,0,12,599
01/03/2015,PDX,OR,ANM,WE,Towers with Radar,408,38,27,0,473,0,0,0,0,0,408,38,27,0,473,0,0,0,473
01/04/2015,PDX,OR,ANM,WE,Towers with Radar,429,25,25,1,480,0,0,0,0,0,429,25,25,1,480,0,0,0,480
01/05/2015,PDX,OR,ANM,WE,Towers with Radar,429,57,22,16,524,0,27,8,0,35,429,84,30,16,559,0,0,0,559
01/06/2015,PDX,OR,ANM,WE,Towers with Radar,406,60,22,8,496,0,0,0,0,0,406,60,22,8,496,0,0,0,496
01/07/2015,PDX,OR,ANM,WE,Towers with Radar,416,36,43,27,522,0,24,4,0,28,416,60,47,27,550,0,0,0,550
01/08/2015,PDX,OR,ANM,WE,Towers with Radar,426,60,33,10,529,0,21,19,0,40,426,81,52,10,569,34,0,34,603
01/09/2015,PDX,OR,ANM,WE,Towers with Radar,433,56,21,4,514,0,32,72,2,106,433,88,93,6,620,24,0,24,644
01/10/2015,PDX,OR,ANM,WE,Towers with Radar,327,36,20,33,416,0,1,3,0,4,327,37,23,33,420,16,0,16,436
01/11/2015,PDX,OR,ANM,WE,Towers with Radar,382,29,22,8,441,0,0,0,1,1,382,29,22,9,442,0,0,0,442
01/12/2015,PDX,OR,ANM,WE,Towers with Radar,409,57,29,15,510,0,22,7,0,29,409,79,36,15,539,0,0,0,539
01/13/2015,PDX,OR,ANM,WE,Towers with Radar,417,55,43,19,534,0,30,21,0,51,417,85,64,19,585,0,0,0,585
01/14/2015,PDX,OR,ANM,WE,Towers with Radar,406,48,39,20,513,0,29,55,0,84,406,77,94,20,597,28,0,28,625
01/15/2015,PDX,OR,ANM,WE,Towers with Radar,428,63,35,6,532,0,18,11,0,29,428,81,46,6,561,12,0,12,573
01/16/2015,PDX,OR,ANM,WE,Towers with Radar,418,61,31,0,510,0,24,9,0,33,418,85,40,0,543,0,0,0,543
01/17/2015,PDX,OR,ANM,WE,Towers with Radar,315,39,17,0,371,0,0,0,0,0,315,39,17,0,371,0,0,0,371
01/18/2015,PDX,OR,ANM,WE,Towers with Radar,368,24,29,0,421,0,5,4,0,9,368,29,33,0,430,12,0,12,442
01/19/2015,PDX,OR,ANM,WE,Towers with Radar,406,51,25,0,482,0,24,9,0,33,406,75,34,0,515,0,0,0,515
01/20/2015,PDX,OR,ANM,WE,Towers with Radar,399,61,27,0,487,0,33,5,0,38,399,94,32,0,525,0,0,0,525
01/21/2015,PDX,OR,ANM,WE,Towers with Radar,413,55,29,6,503,0,26,25,0,51,413,81,54,6,554,4,0,4,558
01/22/2015,PDX,OR,ANM,WE,Towers with Radar,423,51,29,20,523,0,28,18,0,46,423,79,47,20,569,2,0,2,571
01/23/2015,PDX,OR,ANM,WE,Towers with Radar,417,66,24,25,532,3,16,2,0,21,420,82,26,25,553,0,0,0,553
01/24/2015,PDX,OR,ANM,WE,Towers with Radar,320,33,12,2,367,0,5,20,6,31,320,38,32,8,398,4,0,4,402
01/25/2015,PDX,OR,ANM,WE,Towers with Radar,377,27,16,3,423,2,6,2,0,10,379,33,18,3,433,0,0,0,433
01/26/2015,PDX,OR,ANM,WE,Towers with Radar,398,45,26,14,483,0,23,4,0,27,398,68,30,14,510,2,0,2,512
01/27/2015,PDX,OR,ANM,WE,Towers with Radar,389,93,34,23,539,0,0,0,0,0,389,93,34,23,539,0,0,0,539
01/28/2015,PDX,OR,ANM,WE,Towers with Radar,406,66,37,21,530,0,23,7,0,30,406,89,44,21,560,0,0,0,560
01/29/2015,PDX,OR,ANM,WE,Towers with Radar,423,57,33,13,526,0,30,48,0,78,423,87,81,13,604,16,0,16,620
01/30/2015,PDX,OR,ANM,WE,Towers with Radar,431,51,22,6,510,0,28,14,0,42,431,79,36,6,552,12,0,12,564
01/31/2015,PDX,OR,ANM,WE,Towers with Radar,323,30,24,0,377,0,4,6,0,10,323,34,30,0,387,0,0,0,387
02/01/2015,PDX,OR,ANM,WE,Towers with Radar,348,26,16,0,390,0,0,4,0,4,348,26,20,0,394,0,0,0,394
02/02/2015,PDX,OR,ANM,WE,Towers with Radar,400,49,36,2,487,0,27,17,0,44,400,76,53,2,531,14,0,14,545
02/03/2015,PDX,OR,ANM,WE,Towers with Radar,400,70,25,17,512,0,25,9,2,36,400,95,34,19,548,6,0,6,554
02/04/2015,PDX,OR,ANM,WE,Towers with Radar,407,58,33,18,516,0,27,38,0,65,407,85,71,18,581,18,0,18,599
02/05/2015,PDX,OR,ANM,WE,Towers with Radar,428,63,42,20,553,0,25,8,0,33,428,88,50,20,586,0,0,0,586
02/06/2015,PDX,OR,ANM,WE,Towers with Radar,413,60,23,13,509,0,21,9,0,30,413,81,32,13,539,0,0,0,539
02/07/2015,PDX,OR,ANM,WE,Towers with Radar,317,29,7,13,366,0,6,4,0,10,317,35,11,13,376,6,0,6,382
02/08/2015,PDX,OR,ANM,WE,Towers with Radar,370,19,8,29,426,0,5,10,0,15,370,24,18,29,441,0,0,0,441
02/09/2015,PDX,OR,ANM,WE,Towers with Radar,404,62,21,17,504,0,4,4,0,8,404,66,25,17,512,0,0,0,512
02/10/2015,PDX,OR,ANM,WE,Towers with Radar,400,63,27,17,507,0,27,9,0,36,400,90,36,17,543,0,0,0,543
02/11/2015,PDX,OR,ANM,WE,Towers with Radar,414,50,36,16,516,0,34,22,0,56,414,84,58,16,572,28,0,28,600
02/12/2015,PDX,OR,ANM,WE,Towers with Radar,428,75,45,18,566,0,34,50,0,84,428,109,95,18,650,30,0,30,680
02/13/2015,PDX,OR,ANM,WE,Towers with Radar,417,65,63,0,545,0,31,14,0,45,417,96,77,0,590,2,0,2,592
02/14/2015,PDX,OR,ANM,WE,Towers with Radar,329,35,3,0,367,0,7,6,0,13,329,42,9,0,380,0,0,0,380
02/15/2015,PDX,OR,ANM,WE,Towers with Radar,357,14,16,0,387,0,14,32,0,46,357,28,48,0,433,30,0,30,463
02/16/2015,PDX,OR,ANM,WE,Towers with Radar,408,34,17,3,462,0,45,17,0,62,408,79,34,3,524,0,0,0,524
02/17/2015,PDX,OR,ANM,WE,Towers with Radar,391,57,34,13,495,0,36,22,0,58,391,93,56,13,553,0,0,0,553
02/18/2015,PDX,OR,ANM,WE,Towers with Radar,410,54,50,22,536,0,29,18,0,47,410,83,68,22,583,10,0,10,593
02/19/2015,PDX,OR,ANM,WE,Towers with Radar,431,47,31,31,540,0,31,45,1,77,431,78,76,32,617,54,0,54,671
02/20/2015,PDX,OR,ANM,WE,Towers with Radar,409,50,50,8,517,0,24,36,0,60,409,74,86,8,577,8,0,8,585
02/21/2015,PDX,OR,ANM,WE,Towers with Radar,329,33,18,0,380,0,6,70,0,76,329,39,88,0,456,39,0,39,495
02/22/2015,PDX,OR,ANM,WE,Towers with Radar,382,25,12,4,423,0,10,13,0,23,382,35,25,4,446,6,0,6,452
02/23/2015,PDX,OR,ANM,WE,Towers with Radar,400,41,36,16,493,0,36,21,0,57,400,77,57,16,550,0,0,0,550
02/24/2015,PDX,OR,ANM,WE,Towers with Radar,393,51,32,18,494,0,46,20,1,67,393,97,52,19,561,0,0,0,561
02/25/2015,PDX,OR,ANM,WE,Towers with Radar,398,64,32,20,514,0,22,26,0,48,398,86,58,20,562,20,0,20,582
02/26/2015,PDX,OR,ANM,WE,Towers with Radar,430,91,44,12,577,0,0,7,0,7,430,91,51,12,584,20,0,20,604
02/27/2015,PDX,OR,ANM,WE,Towers with Radar,416,57,31,13,517,0,23,39,0,62,416,80,70,13,579,28,0,28,607
02/28/2015,PDX,OR,ANM,WE,Towers with Radar,321,26,8,2,357,0,15,61,0,76,321,41,69,2,433,28,0,28,461
03/01/2015,PDX,OR,ANM,WE,Towers with Radar,376,19,20,4,419,0,11,24,0,35,376,30,44,4,454,18,0,18,472
03/02/2015,PDX,OR,ANM,WE,Towers with Radar,406,52,23,11,492,0,28,1,2,31,406,80,24,13,523,1,0,1,524
03/03/2015,PDX,OR,ANM,WE,Towers with Radar,402,45,36,8,491,0,39,21,1,61,402,84,57,9,552,2,0,2,554
03/04/2015,PDX,OR,ANM,WE,Towers with Radar,416,39,26,7,488,0,35,7,0,42,416,74,33,7,530,39,0,39,569
03/05/2015,PDX,OR,ANM,WE,Towers with Radar,419,47,53,6,525,0,42,45,1,88,419,89,98,7,613,46,0,46,659
03/06/2015,PDX,OR,ANM,WE,Towers with Radar,428,50,16,0,494,0,40,38,0,78,428,90,54,0,572,3,0,3,575
03/07/2015,PDX,OR,ANM,WE,Towers with Radar,345,27,8,7,387,0,6,50,0,56,345,33,58,7,443,2,0,2,445
03/08/2015,PDX,OR,ANM,WE,Towers with Radar,416,20,19,5,460,0,10,21,1,32,416,30,40,6,492,25,0,25,517
03/09/2015,PDX,OR,ANM,WE,Towers with Radar,446,38,27,2,513,0,34,26,0,60,446,72,53,2,573,18,0,18,591
03/10/2015,PDX,OR,ANM,WE,Towers with Radar,434,49,24,5,512,0,37,16,2,55,434,86,40,7,567,2,0,2,569
03/11/2015,PDX,OR,ANM,WE,Towers with Radar,435,51,33,0,519,0,26,7,0,33,435,77,40,0,552,4,0,4,556
03/12/2015,PDX,OR,ANM,WE,Towers with Radar,452,44,32,4,532,0,29,28,0,57,452,73,60,4,589,4,0,4,593
03/13/2015,PDX,OR,ANM,WE,Towers with Radar,454,41,17,2,514,0,42,61,0,103,454,83,78,2,617,8,0,8,625
03/14/2015,PDX,OR,ANM,WE,Towers with Radar,359,32,11,0,402,0,2,0,0,2,359,34,11,0,404,0,0,0,404
03/15/2015,PDX,OR,ANM,WE,Towers with Radar,414,33,19,0,466,0,4,1,1,6,414,37,20,1,472,24,0,24,496
03/16/2015,PDX,OR,ANM,WE,Towers with Radar,446,40,23,2,511,0,35,7,0,42,446,75,30,2,553,6,0,6,559
03/17/2015,PDX,OR,ANM,WE,Towers with Radar,450,67,21,10,548,0,16,8,1,25,450,83,29,11,573,0,0,0,573
03/18/2015,PDX,OR,ANM,WE,Towers with Radar,438,58,25,7,528,0,26,15,0,41,438,84,40,7,569,2,0,2,571
03/19/2015,PDX,OR,ANM,WE,Towers with Radar,466,50,40,7,563,0,36,52,0,88,466,86,92,7,651,22,0,22,673
03/20/2015,PDX,OR,ANM,WE,Towers with Radar,450,59,33,1,543,0,32,48,0,80,450,91,81,1,623,18,0,18,641
03/21/2015,PDX,OR,ANM,WE,Towers with Radar,375,34,15,10,434,0,4,5,0,9,375,38,20,10,443,0,0,0,443
03/22/2015,PDX,OR,ANM,WE,Towers with Radar,423,29,19,1,472,0,3,18,2,23,423,32,37,3,495,38,0,38,533
03/23/2015,PDX,OR,ANM,WE,Towers with Radar,440,56,18,11,525,0,15,1,0,16,440,71,19,11,541,0,0,0,541
03/24/2015,PDX,OR,ANM,WE,Towers with Radar,448,54,21,19,542,0,29,9,0,38,448,83,30,19,580,0,0,0,580
03/25/2015,PDX,OR,ANM,WE,Towers with Radar,431,60,30,20,541,0,22,11,0,33,431,82,41,20,574,0,0,0,574
03/26/2015,PDX,OR,ANM,WE,Towers with Radar,449,53,22,4,528,0,32,6,0,38,449,85,28,4,566,0,0,0,566
03/27/2015,PDX,OR,ANM,WE,Towers with Radar,461,60,20,8,549,0,25,34,0,59,461,85,54,8,608,6,0,6,614
03/28/2015,PDX,OR,ANM,WE,Towers with Radar,371,30,20,10,431,0,11,17,1,29,371,41,37,11,460,8,0,8,468
03/29/2015,PDX,OR,ANM,WE,Towers with Radar,415,25,17,3,460,0,14,14,1,29,415,39,31,4,489,12,0,12,501
03/30/2015,PDX,OR,ANM,WE,Towers with Radar,445,45,39,2,531,0,34,10,0,44,445,79,49,2,575,0,0,0,575
03/31/2015,PDX,OR,ANM,WE,Towers with Radar,442,55,29,13,539,0,32,12,1,45,442,87,41,14,584,2,0,2,586
04/01/2015,PDX,OR,ANM,WE,Towers with Radar,448,57,38,16,559,0,26,3,0,29,448,83,41,16,588,0,0,0,588
04/02/2015,PDX,OR,ANM,WE,Towers with Radar,453,68,45,12,578,0,27,22,3,52,453,95,67,15,630,0,0,0,630
04/03/2015,PDX,OR,ANM,WE,Towers with Radar,446,64,27,12,549,0,20,23,0,43,446,84,50,12,592,0,0,0,592
04/04/2015,PDX,OR,ANM,WE,Towers with Radar,361,37,12,5,415,0,5,15,2,22,361,42,27,7,437,18,0,18,455
04/05/2015,PDX,OR,ANM,WE,Towers with Radar,411,26,18,1,456,0,4,13,1,18,411,30,31,2,474,6,0,6,480
04/06/2015,PDX,OR,ANM,WE,Towers with Radar,446,50,22,8,526,0,26,3,0,29,446,76,25,8,555,0,0,0,555
04/07/2015,PDX,OR,ANM,WE,Towers with Radar,446,51,20,24,541,0,34,13,0,47,446,85,33,24,588,0,0,0,588
04/08/2015,PDX,OR,ANM,WE,Towers with Radar,452,63,32,22,569,0,27,10,0,37,452,90,42,22,606,4,0,4,610
04/09/2015,PDX,OR,ANM,WE,Towers with Radar,454,51,36,7,548,0,32,43,0,75,454,83,79,7,623,64,0,64,687
04/10/2015,PDX,OR,ANM,WE,Towers with Radar,459,63,29,10,561,0,30,26,0,56,459,93,55,10,617,22,0,22,639
04/11/2015,PDX,OR,ANM,WE,Towers with Radar,366,35,18,13,432,0,8,13,1,22,366,43,31,14,454,1,0,1,455
04/12/2015,PDX,OR,ANM,WE,Towers with Radar,424,19,31,16,490,0,9,13,0,22,424,28,44,16,512,26,0,26,538
04/13/2015,PDX,OR,ANM,WE,Towers with Radar,446,61,33,0,540,0,9,11,3,23,446,70,44,3,563,22,0,22,585
04/14/2015,PDX,OR,ANM,WE,Towers with Radar,457,65,29,7,558,0,24,11,3,38,457,89,40,10,596,8,0,8,604
04/15/2015,PDX,OR,ANM,WE,Towers with Radar,460,61,26,15,562,0,28,43,2,73,460,89,69,17,635,6,0,6,641
04/16/2015,PDX,OR,ANM,WE,Towers with Radar,465,53,45,11,574,0,37,68,4,109,465,90,113,15,683,84,0,84,767
04/17/2015,PDX,OR,ANM,WE,Towers with Radar,464,49,15,10,538,0,40,90,1,131,464,89,105,11,669,26,0,26,695
04/18/2015,PDX,OR,ANM,WE,Towers with Radar,363,27,4,1,395,0,9,10,0,19,363,36,14,1,414,26,0,26,440
04/19/2015,PDX,OR,ANM,WE,Towers with Radar,425,22,18,1,466,0,7,53,0,60,425,29,71,1,526,40,0,40,566
04/20/2015,PDX,OR,ANM,WE,Towers with Radar,451,32,21,17,521,0,39,20,0,59,451,71,41,17,580,24,0,24,604
04/21/2015,PDX,OR,ANM,WE,Towers with Radar,439,53,31,23,546,0,30,15,0,45,439,83,46,23,591,24,0,24,615
04/22/2015,PDX,OR,ANM,WE,Towers with Radar,454,54,34,22,564,0,30,50,3,83,454,84,84,25,647,12,4,16,663
04/23/2015,PDX,OR,ANM,WE,Towers with Radar,468,66,63,24,621,0,17,16,6,39,468,83,79,30,660,26,0,26,686
04/24/2015,PDX,OR,ANM,WE,Towers with Radar,456,63,26,15,560,0,20,6,1,27,456,83,32,16,587,0,0,0,587
04/25/2015,PDX,OR,ANM,WE,Towers with Radar,359,29,18,5,411,0,4,10,0,14,359,33,28,5,425,0,0,0,425
04/26/2015,PDX,OR,ANM,WE,Towers with Radar,420,23,20,2,465,0,5,32,0,37,420,28,52,2,502,24,0,24,526
04/27/2015,PDX,OR,ANM,WE,Towers with Radar,450,33,29,10,522,0,31,29,0,60,450,64,58,10,582,8,0,8,590
04/28/2015,PDX,OR,ANM,WE,Towers with Radar,448,76,47,27,598,0,11,11,0,22,448,87,58,27,620,0,0,0,620
04/29/2015,PDX,OR,ANM,WE,Towers with Radar,451,57,31,31,570,0,27,22,0,49,451,84,53,31,619,0,0,0,619
04/30/2015,PDX,OR,ANM,WE,Towers with Radar,461,43,30,20,554,0,39,23,1,63,461,82,53,21,617,12,0,12,629
05/01/2015,PDX,OR,ANM,WE,Towers with Radar,458,48,32,10,548,0,30,76,3,109,458,78,108,13,657,38,0,38,695
05/02/2015,PDX,OR,ANM,WE,Towers with Radar,361,29,15,14,419,0,7,18,0,25,361,36,33,14,444,21,0,21,465
05/03/2015,PDX,OR,ANM,WE,Towers with Radar,419,30,19,0,468,0,8,27,6,41,419,38,46,6,509,0,0,0,509
05/04/2015,PDX,OR,ANM,WE,Towers with Radar,453,43,34,9,539,0,29,23,14,66,453,72,57,23,605,22,10,32,637
05/05/2015,PDX,OR,ANM,WE,Towers with Radar,455,58,30,27,570,0,26,14,4,44,455,84,44,31,614,0,0,0,614
05/06/2015,PDX,OR,ANM,WE,Towers with Radar,467,65,43,22,597,0,26,11,5,42,467,91,54,27,639,2,2,4,643
05/07/2015,PDX,OR,ANM,WE,Towers with Radar,484,76,35,23,618,0,17,10,10,37,484,93,45,33,655,4,0,4,659
05/08/2015,PDX,OR,ANM,WE,Towers with Radar,473,54,22,9,558,0,28,27,6,61,473,82,49,15,619,11,0,11,630
05/09/2015,PDX,OR,ANM,WE,Towers with Radar,365,29,14,3,411,0,14,32,0,46,365,43,46,3,457,20,0,20,477
05/10/2015,PDX,OR,ANM,WE,Towers with Radar,424,24,13,0,461,0,7,22,3,32,424,31,35,3,493,18,0,18,511
05/11/2015,PDX,OR,ANM,WE,Towers with Radar,465,50,31,14,560,0,18,10,0,28,465,68,41,14,588,0,0,0,588
05/12/2015,PDX,OR,ANM,WE,Towers with Radar,464,85,34,18,601,0,1,1,0,2,464,86,35,18,603,0,0,0,603
05/13/2015,PDX,OR,ANM,WE,Towers with Radar,471,58,36,26,591,0,23,19,0,42,471,81,55,26,633,22,0,22,655
05/14/2015,PDX,OR,ANM,WE,Towers with Radar,484,61,34,22,601,0,26,68,0,94,484,87,102,22,695,14,0,14,709
05/15/2015,PDX,OR,ANM,WE,Towers with Radar,468,65,24,14,571,0,24,18,0,42,468,89,42,14,613,28,0,28,641
05/16/2015,PDX,OR,ANM,WE,Towers with Radar,372,32,21,5,430,0,4,35,0,39,372,36,56,5,469,8,0,8,477
05/17/2015,PDX,OR,ANM,WE,Towers with Radar,436,24,17,3,480,0,2,11,0,13,436,26,28,3,493,0,0,0,493
05/18/2015,PDX,OR,ANM,WE,Towers with Radar,455,49,36,16,556,0,23,16,2,41,455,72,52,18,597,0,0,0,597
05/19/2015,PDX,OR,ANM,WE,Towers with Radar,470,69,42,21,602,0,23,7,0,30,470,92,49,21,632,0,0,0,632
05/20/2015,PDX,OR,ANM,WE,Towers with Radar,472,59,37,24,592,0,28,9,2,39,472,87,46,26,631,2,0,2,633
05/21/2015,PDX,OR,ANM,WE,Towers with Radar,484,55,35,15,589,0,25,18,1,44,484,80,53,16,633,10,0,10,643
05/22/2015,PDX,OR,ANM,WE,Towers with Radar,479,75,38,2,594,0,3,18,0,21,479,78,56,2,615,34,0,34,649
05/23/2015,PDX,OR,ANM,WE,Towers with Radar,357,33,6,1,397,0,3,5,0,8,357,36,11,1,405,0,0,0,405
05/24/2015,PDX,OR,ANM,WE,Towers with Radar,362,20,16,1,399,0,3,11,0,14,362,23,27,1,413,6,0,6,419
05/25/2015,PDX,OR,ANM,WE,Towers with Radar,433,22,11,0,466,0,10,16,0,26,433,32,27,0,492,2,0,2,494
05/26/2015,PDX,OR,ANM,WE,Towers with Radar,453,47,22,23,545,0,29,26,0,55,453,76,48,23,600,6,0,6,606
05/27/2015,PDX,OR,ANM,WE,Towers with Radar,482,59,29,17,587,0,26,40,2,68,482,85,69,19,655,12,0,12,667
05/28/2015,PDX,OR,ANM,WE,Towers with Radar,478,49,34,21,582,0,30,74,3,107,478,79,108,24,689,12,0,12,701
05/29/2015,PDX,OR,ANM,WE,Towers with Radar,476,49,42,6,573,0,33,86,0,119,476,82,128,6,692,28,0,28,720
05/30/2015,PDX,OR,ANM,WE,Towers with Radar,364,37,15,2,418,0,7,19,0,26,364,44,34,2,444,0,0,0,444
05/31/2015,PDX,OR,ANM,WE,Towers with Radar,438,20,20,4,482,0,8,25,0,33,438,28,45,4,515,16,0,16,531
06/01/2015,PDX,OR,ANM,WE,Towers with Radar,464,70,31,13,578,0,3,8,0,11,464,73,39,13,589,0,0,0,589
06/02/2015,PDX,OR,ANM,WE,Towers with Radar,475,51,34,11,571,0,27,3,1,31,475,78,37,12,602,0,0,0,602
06/03/2015,PDX,OR,ANM,WE,Towers with Radar,474,62,44,18,598,0,23,49,3,75,474,85,93,21,673,50,0,50,723
06/04/2015,PDX,OR,ANM,WE,Towers with Radar,493,56,35,17,601,0,37,53,3,93,493,93,88,20,694,48,0,48,742
06/05/2015,PDX,OR,ANM,WE,Towers with Radar,494,50,32,11,587,0,37,35,1,73,494,87,67,12,660,9,0,9,669
06/06/2015,PDX,OR,ANM,WE,Towers with Radar,403,28,15,6,452,0,6,80,1,87,403,34,95,7,539,13,0,13,552
06/07/2015,PDX,OR,ANM,WE,Towers with Radar,483,18,18,4,523,0,6,47,0,53,483,24,65,4,576,12,0,12,588
06/08/2015,PDX,OR,ANM,WE,Towers with Radar,507,38,28,2,575,0,39,20,1,60,507,77,48,3,635,4,0,4,639
06/09/2015,PDX,OR,ANM,WE,Towers with Radar,517,53,33,11,614,0,41,38,1,80,517,94,71,12,694,12,0,12,706
06/10/2015,PDX,OR,ANM,WE,Towers with Radar,526,56,18,18,618,0,39,34,1,74,526,95,52,19,692,14,0,14,706
06/11/2015,PDX,OR,ANM,WE,Towers with Radar,516,65,31,20,632,0,42,32,0,74,516,107,63,20,706,26,0,26,732
06/12/2015,PDX,OR,ANM,WE,Towers with Radar,518,49,15,14,596,0,37,47,0,84,518,86,62,14,680,54,0,54,734
06/13/2015,PDX,OR,ANM,WE,Towers with Radar,452,22,7,8,489,0,8,55,0,63,452,30,62,8,552,28,0,28,580
06/14/2015,PDX,OR,ANM,WE,Towers with Radar,489,24,12,9,534,1,7,34,1,43,490,31,46,10,577,6,0,6,583
06/15/2015,PDX,OR,ANM,WE,Towers with Radar,493,38,23,13,567,0,36,37,1,74,493,74,60,14,641,34,0,34,675
06/16/2015,PDX,OR,ANM,WE,Towers with Radar,517,49,31,20,617,0,33,22,2,57,517,82,53,22,674,32,0,32,706
06/17/2015,PDX,OR,ANM,WE,Towers with Radar,514,40,38,23,615,0,42,39,4,85,514,82,77,27,700,44,0,44,744
06/18/2015,PDX,OR,ANM,WE,Towers with Radar,523,55,40,13,631,0,40,36,1,77,523,95,76,14,708,10,0,10,718
06/19/2015,PDX,OR,ANM,WE,Towers with Radar,530,50,35,17,632,0,30,20,0,50,530,80,55,17,682,30,0,30,712
06/20/2015,PDX,OR,ANM,WE,Towers with Radar,456,28,10,0,494,0,15,26,0,41,456,43,36,0,535,6,0,6,541
06/21/2015,PDX,OR,ANM,WE,Towers with Radar,497,23,19,3,542,0,7,22,0,29,497,30,41,3,571,14,0,14,585
06/22/2015,PDX,OR,ANM,WE,Towers with Radar,509,46,33,4,592,0,37,16,2,55,509,83,49,6,647,0,0,0,647
06/23/2015,PDX,OR,ANM,WE,Towers with Radar,529,43,51,5,628,0,43,25,0,68,529,86,76,5,696,20,0,20,716
06/24/2015,PDX,OR,ANM,WE,Towers with Radar,522,47,44,0,613,0,37,26,0,63,522,84,70,0,676,48,0,48,724
06/25/2015,PDX,OR,ANM,WE,Towers with Radar,526,42,45,8,621,0,45,22,1,68,526,87,67,9,689,10,0,10,699
06/26/2015,PDX,OR,ANM,WE,Towers with Radar,524,49,16,5,594,0,39,35,0,74,524,88,51,5,668,27,0,27,695
06/27/2015,PDX,OR,ANM,WE,Towers with Radar,464,25,9,4,502,0,15,28,2,45,464,40,37,6,547,44,0,44,591
06/28/2015,PDX,OR,ANM,WE,Towers with Radar,497,19,33,0,549,0,9,43,1,53,497,28,76,1,602,24,0,24,626
06/29/2015,PDX,OR,ANM,WE,Towers with Radar,501,31,37,10,579,0,38,18,0,56,501,69,55,10,635,2,0,2,637
06/30/2015,PDX,OR,ANM,WE,Towers with Radar,527,56,33,4,620,0,34,23,1,58,527,90,56,5,678,50,0,50,728
07/01/2015,PDX,OR,ANM,WE,Towers with Radar,530,51,54,2,637,0,42,32,1,75,530,93,86,3,712,46,0,46,758
07/02/2015,PDX,OR,ANM,WE,Towers with Radar,546,52,40,0,638,0,43,24,0,67,546,95,64,0,705,46,0,46,751
07/03/2015,PDX,OR,ANM,WE,Towers with Radar,492,45,19,6,562,0,30,15,0,45,492,75,34,6,607,22,0,22,629
07/04/2015,PDX,OR,ANM,WE,Towers with Radar,424,15,9,3,451,0,6,17,0,23,424,21,26,3,474,0,0,0,474
07/05/2015,PDX,OR,ANM,WE,Towers with Radar,491,23,16,0,530,0,11,30,0,41,491,34,46,0,571,4,0,4,575
07/06/2015,PDX,OR,ANM,WE,Towers with Radar,518,41,41,0,600,0,38,23,11,72,518,79,64,11,672,54,0,54,726
07/07/2015,PDX,OR,ANM,WE,Towers with Radar,538,65,30,1,634,1,36,19,0,56,539,101,49,1,690,24,0,24,714
07/08/2015,PDX,OR,ANM,WE,Towers with Radar,531,45,27,9,612,0,35,18,1,54,531,80,45,10,666,6,0,6,672
07/09/2015,PDX,OR,ANM,WE,Towers with Radar,538,66,20,3,627,0,27,18,2,47,538,93,38,5,674,2,0,2,676
07/10/2015,PDX,OR,ANM,WE,Towers with Radar,533,58,39,4,634,0,27,37,0,64,533,85,76,4,698,10,0,10,708
07/11/2015,PDX,OR,ANM,WE,Towers with Radar,478,32,23,10,543,0,9,3,2,14,478,41,26,12,557,2,0,2,559
07/12/2015,PDX,OR,ANM,WE,Towers with Radar,501,25,15,3,544,0,6,16,0,22,501,31,31,3,566,20,0,20,586
07/13/2015,PDX,OR,ANM,WE,Towers with Radar,515,44,37,2,598,0,31,18,0,49,515,75,55,2,647,8,0,8,655
07/14/2015,PDX,OR,ANM,WE,Towers with Radar,532,46,22,1,601,0,41,32,0,73,532,87,54,1,674,36,0,36,710
07/15/2015,PDX,OR,ANM,WE,Towers with Radar,534,49,33,17,633,0,35,16,5,56,534,84,49,22,689,46,0,46,735
07/16/2015,PDX,OR,ANM,WE,Towers with Radar,536,50,52,2,640,0,30,59,1,90,536,80,111,3,730,32,0,32,762
07/17/2015,PDX,OR,ANM,WE,Towers with Radar,531,49,37,7,624,0,38,22,5,65,531,87,59,12,689,4,2,6,695
07/18/2015,PDX,OR,ANM,WE,Towers with Radar,468,26,18,2,514,0,14,24,5,43,468,40,42,7,557,2,0,2,559
07/19/2015,PDX,OR,ANM,WE,Towers with Radar,507,22,31,3,563,0,12,34,5,51,507,34,65,8,614,15,0,15,629
07/20/2015,PDX,OR,ANM,WE,Towers with Radar,525,36,36,0,597,0,38,29,0,67,525,74,65,0,664,22,0,22,686
07/21/2015,PDX,OR,ANM,WE,Towers with Radar,542,54,32,8,636,0,31,27,0,58,542,85,59,8,694,6,0,6,700
07/22/2015,PDX,OR,ANM,WE,Towers with Radar,543,50,41,5,639,0,30,16,0,46,543,80,57,5,685,22,0,22,707
07/23/2015,PDX,OR,ANM,WE,Towers with Radar,539,50,34,5,628,0,34,34,0,68,539,84,68,5,696,18,0,18,714
07/24/2015,PDX,OR,ANM,WE,Towers with Radar,532,48,29,10,619,0,39,21,0,60,532,87,50,10,679,2,0,2,681
07/25/2015,PDX,OR,ANM,WE,Towers with Radar,475,29,21,4,529,0,4,10,0,14,475,33,31,4,543,4,0,4,547
07/26/2015,PDX,OR,ANM,WE,Towers with Radar,502,21,33,2,558,0,4,30,1,35,502,25,63,3,593,10,0,10,603
07/27/2015,PDX,OR,ANM,WE,Towers with Radar,519,37,31,3,590,0,32,18,2,52,519,69,49,5,642,30,0,30,672
07/28/2015,PDX,OR,ANM,WE,Towers with Radar,537,48,21,9,615,0,39,73,2,114,537,87,94,11,729,38,0,38,767
07/29/2015,PDX,OR,ANM,WE,Towers with Radar,542,50,41,11,644,0,41,15,0,56,542,91,56,11,700,42,0,42,742
07/30/2015,PDX,OR,ANM,WE,Towers with Radar,530,45,31,10,616,0,36,28,1,65,530,81,59,11,681,40,0,40,721
07/31/2015,PDX,OR,ANM,WE,Towers with Radar,538,46,25,13,622,0,41,24,0,65,538,87,49,13,687,26,0,26,713
08/01/2015,PDX,OR,ANM,WE,Towers with Radar,481,26,16,1,524,0,10,94,1,105,481,36,110,2,629,51,0,51,680
08/02/2015,PDX,OR,ANM,WE,Towers with Radar,509,26,23,8,566,0,11,25,1,37,509,37,48,9,603,0,0,0,603
08/03/2015,PDX,OR,ANM,WE,Towers with Radar,527,36,28,1,592,1,32,45,1,79,528,68,73,2,671,34,0,34,705
08/04/2015,PDX,OR,ANM,WE,Towers with Radar,542,45,28,8,623,0,38,36,3,77,542,83,64,11,700,34,0,34,734
08/05/2015,PDX,OR,ANM,WE,Towers with Radar,546,58,25,11,640,0,30,26,0,56,546,88,51,11,696,10,8,18,714
08/06/2015,PDX,OR,ANM,WE,Towers with Radar,545,51,39,4,639,0,34,34,2,70,545,85,73,6,709,28,0,28,737
08/07/2015,PDX,OR,ANM,WE,Towers with Radar,536,46,19,6,607,0,37,28,3,68,536,83,47,9,675,16,0,16,691
08/08/2015,PDX,OR,ANM,WE,Towers with Radar,488,33,16,6,543,0,5,33,0,38,488,38,49,6,581,27,0,27,608
08/09/2015,PDX,OR,ANM,WE,Towers with Radar,507,26,23,1,557,0,6,18,2,26,507,32,41,3,583,8,0,8,591
08/10/2015,PDX,OR,ANM,WE,Towers with Radar,523,39,50,0,612,0,31,15,0,46,523,70,65,0,658,4,0,4,662
08/11/2015,PDX,OR,ANM,WE,Towers with Radar,544,54,40,4,642,0,34,14,1,49,544,88,54,5,691,8,0,8,699
08/12/2015,PDX,OR,ANM,WE,Towers with Radar,561,56,58,8,683,0,38,20,0,58,561,94,78,8,741,2,0,2,743
08/13/2015,PDX,OR,ANM,WE,Towers with Radar,543,53,47,3,646,0,30,63,2,95,543,83,110,5,741,52,0,52,793
08/14/2015,PDX,OR,ANM,WE,Towers with Radar,530,59,32,4,625,0,25,36,2,63,530,84,68,6,688,2,0,2,690
08/15/2015,PDX,OR,ANM,WE,Towers with Radar,467,30,16,6,519,0,5,39,2,46,467,35,55,8,565,2,0,2,567
08/16/2015,PDX,OR,ANM,WE,Towers with Radar,516,29,32,4,581,0,6,20,0,26,516,35,52,4,607,10,0,10,617
08/17/2015,PDX,OR,ANM,WE,Towers with Radar,517,34,33,0,584,0,33,21,0,54,517,67,54,0,638,20,0,20,658
08/18/2015,PDX,OR,ANM,WE,Towers with Radar,536,46,32,5,619,0,39,14,1,54,536,85,46,6,673,40,0,40,713
08/19/2015,PDX,OR,ANM,WE,Towers with Radar,535,56,34,4,629,0,37,28,0,65,535,93,62,4,694,14,0,14,708
08/20/2015,PDX,OR,ANM,WE,Towers with Radar,528,56,27,2,613,0,34,41,2,77,528,90,68,4,690,16,0,16,706
08/21/2015,PDX,OR,ANM,WE,Towers with Radar,517,52,29,3,601,0,31,15,0,46,517,83,44,3,647,10,0,10,657
08/22/2015,PDX,OR,ANM,WE,Towers with Radar,452,32,17,0,501,0,3,9,0,12,452,35,26,0,513,0,0,0,513
08/23/2015,PDX,OR,ANM,WE,Towers with Radar,483,25,30,2,540,0,4,14,0,18,483,29,44,2,558,12,0,12,570
08/24/2015,PDX,OR,ANM,WE,Towers with Radar,498,43,42,16,599,0,33,23,0,56,498,76,65,16,655,0,0,0,655
08/25/2015,PDX,OR,ANM,WE,Towers with Radar,509,46,30,6,591,0,41,24,1,66,509,87,54,7,657,18,0,18,675
08/26/2015,PDX,OR,ANM,WE,Towers with Radar,517,49,36,6,608,0,37,52,2,91,517,86,88,8,699,16,2,18,717
08/27/2015,PDX,OR,ANM,WE,Towers with Radar,522,43,36,0,601,0,38,48,0,86,522,81,84,0,687,28,0,28,715
08/28/2015,PDX,OR,ANM,WE,Towers with Radar,523,58,20,10,611,0,28,42,2,72,523,86,62,12,683,14,0,14,697
08/29/2015,PDX,OR,ANM,WE,Towers with Radar,432,31,22,3,488,0,7,11,1,19,432,38,33,4,507,12,0,12,519
08/30/2015,PDX,OR,ANM,WE,Towers with Radar,485,24,35,4,548,0,6,8,0,14,485,30,43,4,562,0,0,0,562
08/31/2015,PDX,OR,ANM,WE,Towers with Radar,508,39,23,6,576,0,30,17,0,47,508,69,40,6,623,0,0,0,623
09/01/2015,PDX,OR,ANM,WE,Towers with Radar,503,54,19,12,588,0,41,22,0,63,503,95,41,12,651,4,0,4,655
09/02/2015,PDX,OR,ANM,WE,Towers with Radar,502,58,42,4,606,0,32,31,0,63,502,90,73,4,669,22,0,22,691
09/03/2015,PDX,OR,ANM,WE,Towers with Radar,502,53,32,11,598,0,32,26,0,58,502,85,58,11,656,44,0,44,700
09/04/2015,PDX,OR,ANM,WE,Towers with Radar,489,61,25,1,576,0,26,10,0,36,489,87,35,1,612,4,0,4,616
09/05/2015,PDX,OR,ANM,WE,Towers with Radar,389,35,8,0,432,0,8,32,0,40,389,43,40,0,472,18,0,18,490
09/06/2015,PDX,OR,ANM,WE,Towers with Radar,402,29,16,1,448,0,1,4,0,5,402,30,20,1,453,0,0,0,453
09/07/2015,PDX,OR,ANM,WE,Towers with Radar,458,41,26,0,525,0,4,13,0,17,458,45,39,0,542,4,0,4,546
09/08/2015,PDX,OR,ANM,WE,Towers with Radar,481,51,40,8,580,0,35,19,0,54,481,86,59,8,634,2,0,2,636
09/09/2015,PDX,OR,ANM,WE,Towers with Radar,486,48,43,12,589,0,33,38,1,72,486,81,81,13,661,20,0,20,681
09/10/2015,PDX,OR,ANM,WE,Towers with Radar,485,43,30,5,563,0,39,87,0,126,485,82,117,5,689,4,0,4,693
09/11/2015,PDX,OR,ANM,WE,Towers with Radar,481,45,41,3,570,0,40,43,0,83,481,85,84,3,653,10,0,10,663
09/12/2015,PDX,OR,ANM,WE,Towers with Radar,391,30,26,1,448,0,9,58,6,73,391,39,84,7,521,10,0,10,531
09/13/2015,PDX,OR,ANM,WE,Towers with Radar,460,22,32,5,519,0,7,33,12,52,460,29,65,17,571,2,0,2,573
09/14/2015,PDX,OR,ANM,WE,Towers with Radar,478,41,34,0,553,0,29,18,1,48,478,70,52,1,601,8,0,8,609
09/15/2015,PDX,OR,ANM,WE,Towers with Radar,478,59,39,9,585,0,38,12,3,53,478,97,51,12,638,2,0,2,640
09/16/2015,PDX,OR,ANM,WE,Towers with Radar,492,56,48,4,600,0,34,14,3,51,492,90,62,7,651,22,0,22,673
09/17/2015,PDX,OR,ANM,WE,Towers with Radar,496,57,34,11,598,0,24,9,1,34,496,81,43,12,632,0,0,0,632
09/18/2015,PDX,OR,ANM,WE,Towers with Radar,489,57,28,1,575,0,35,14,15,64,489,92,42,16,639,2,0,2,641
09/19/2015,PDX,OR,ANM,WE,Towers with Radar,404,35,14,1,454,0,9,34,2,45,404,44,48,3,499,0,0,0,499
09/20/2015,PDX,OR,ANM,WE,Towers with Radar,453,26,20,0,499,0,7,23,0,30,453,33,43,0,529,6,0,6,535
09/21/2015,PDX,OR,ANM,WE,Towers with Radar,481,41,28,0,550,0,38,13,5,56,481,79,41,5,606,32,0,32,638
09/22/2015,PDX,OR,ANM,WE,Towers with Radar,475,48,27,5,555,0,37,17,1,55,475,85,44,6,610,10,0,10,620
09/23/2015,PDX,OR,ANM,WE,Towers with Radar,484,55,26,5,570,0,38,33,0,71,484,93,59,5,641,16,0,16,657
09/24/2015,PDX,OR,ANM,WE,Towers with Radar,490,43,41,10,584,0,40,48,1,89,490,83,89,11,673,10,0,10,683
09/25/2015,PDX,OR,ANM,WE,Towers with Radar,486,70,45,5,606,0,21,17,0,38,486,91,62,5,644,14,0,14,658
09/26/2015,PDX,OR,ANM,WE,Towers with Radar,386,33,24,6,449,0,6,21,8,35,386,39,45,14,484,4,0,4,488
09/27/2015,PDX,OR,ANM,WE,Towers with Radar,455,24,15,2,496,1,9,56,0,66,456,33,71,2,562,8,0,8,570
09/28/2015,PDX,OR,ANM,WE,Towers with Radar,479,43,27,3,552,0,41,18,0,59,479,84,45,3,611,0,0,0,611
09/29/2015,PDX,OR,ANM,WE,Towers with Radar,473,52,33,2,560,0,38,25,0,63,473,90,58,2,623,36,0,36,659
09/30/2015,PDX,OR,ANM,WE,Towers with Radar,483,57,32,6,578,0,35,26,1,62,483,92,58,7,640,22,0,22,662
10/01/2015,PDX,OR,ANM,WE,Towers with Radar,499,61,50,6,616,0,36,12,1,49,499,97,62,7,665,26,0,26,691
10/02/2015,PDX,OR,ANM,WE,Towers with Radar,493,65,47,9,614,0,24,11,0,35,493,89,58,9,649,0,0,0,649
10/03/2015,PDX,OR,ANM,WE,Towers with Radar,394,32,14,5,445,0,6,16,3,25,394,38,30,8,470,7,0,7,477
10/04/2015,PDX,OR,ANM,WE,Towers with Radar,449,26,19,6,500,0,9,48,0,57,449,35,67,6,557,0,0,0,557
10/05/2015,PDX,OR,ANM,WE,Towers with Radar,474,46,29,3,552,0,35,37,0,72,474,81,66,3,624,12,0,12,636
10/06/2015,PDX,OR,ANM,WE,Towers with Radar,476,64,40,13,593,0,32,15,1,48,476,96,55,14,641,24,2,26,667
10/07/2015,PDX,OR,ANM,WE,Towers with Radar,479,56,30,13,578,0,29,11,0,40,479,85,41,13,618,2,0,2,620
10/08/2015,PDX,OR,ANM,WE,Towers with Radar,495,60,58,0,613,0,30,46,0,76,495,90,104,0,689,22,0,22,711
10/09/2015,PDX,OR,ANM,WE,Towers with Radar,485,61,37,3,586,0,22,20,1,43,485,83,57,4,629,6,0,6,635
10/10/2015,PDX,OR,ANM,WE,Towers with Radar,388,34,22,4,448,0,7,5,0,12,388,41,27,4,460,0,0,0,460
10/11/2015,PDX,OR,ANM,WE,Towers with Radar,463,32,24,10,529,0,9,9,0,18,463,41,33,10,547,0,0,0,547
10/12/2015,PDX,OR,ANM,WE,Towers with Radar,476,48,45,3,572,0,31,6,0,37,476,79,51,3,609,4,0,4,613
10/13/2015,PDX,OR,ANM,WE,Towers with Radar,471,52,35,2,560,0,35,22,0,57,471,87,57,2,617,12,0,12,629
10/14/2015,PDX,OR,ANM,WE,Towers with Radar,482,55,45,4,586,0,32,28,0,60,482,87,73,4,646,14,0,14,660
10/15/2015,PDX,OR,ANM,WE,Towers with Radar,489,61,40,9,599,0,32,41,0,73,489,93,81,9,672,2,0,2,674
10/16/2015,PDX,OR,ANM,WE,Towers with Radar,488,57,35,5,585,0,36,81,2,119,488,93,116,7,704,18,0,18,722
10/17/2015,PDX,OR,ANM,WE,Towers with Radar,382,26,16,0,424,0,7,8,0,15,382,33,24,0,439,20,0,20,459
10/18/2015,PDX,OR,ANM,WE,Towers with Radar,456,33,29,6,524,0,4,9,1,14,456,37,38,7,538,2,0,2,540
10/19/2015,PDX,OR,ANM,WE,Towers with Radar,474,52,21,0,547,0,22,8,0,30,474,74,29,0,577,40,0,40,617
10/20/2015,PDX,OR,ANM,WE,Towers with Radar,480,63,31,4,578,0,26,14,0,40,480,89,45,4,618,4,0,4,622
10/21/2015,PDX,OR,ANM,WE,Towers with Radar,489,79,39,5,612,0,26,27,0,53,489,105,66,5,665,20,0,20,685
10/22/2015,PDX,OR,ANM,WE,Towers with Radar,495,59,40,13,607,0,33,32,1,66,495,92,72,14,673,10,0,10,683
10/23/2015,PDX,OR,ANM,WE,Towers with Radar,485,56,36,1,578,0,32,16,0,48,485,88,52,1,626,12,0,12,638
10/24/2015,PDX,OR,ANM,WE,Towers with Radar,386,29,7,3,425,0,8,16,1,25,386,37,23,4,450,18,0,18,468
10/25/2015,PDX,OR,ANM,WE,Towers with Radar,459,39,18,3,519,0,2,2,0,4,459,41,20,3,523,0,0,0,523
10/26/2015,PDX,OR,ANM,WE,Towers with Radar,472,43,26,0,541,0,29,11,0,40,472,72,37,0,581,4,0,4,585
10/27/2015,PDX,OR,ANM,WE,Towers with Radar,463,59,34,13,569,0,35,17,3,55,463,94,51,16,624,6,0,6,630
10/28/2015,PDX,OR,ANM,WE,Towers with Radar,470,89,28,23,610,0,8,2,1,11,470,97,30,24,621,0,0,0,621
10/29/2015,PDX,OR,ANM,WE,Towers with Radar,491,69,54,16,630,0,24,2,2,28,491,93,56,18,658,0,0,0,658
10/30/2015,PDX,OR,ANM,WE,Towers with Radar,480,87,33,18,618,0,1,7,1,9,480,88,40,19,627,4,0,4,631
10/31/2015,PDX,OR,ANM,WE,Towers with Radar,369,41,14,0,424,0,1,0,0,1,369,42,14,0,425,0,0,0,425
11/01/2015,PDX,OR,ANM,WE,Towers with Radar,441,25,16,0,482,0,1,0,0,1,441,26,16,0,483,0,0,0,483
11/02/2015,PDX,OR,ANM,WE,Towers with Radar,467,43,29,10,549,0,30,16,0,46,467,73,45,10,595,3,0,3,598
11/03/2015,PDX,OR,ANM,WE,Towers with Radar,456,58,30,11,555,0,27,10,1,38,456,85,40,12,593,22,0,22,615
11/04/2015,PDX,OR,ANM,WE,Towers with Radar,475,74,36,8,593,0,26,11,0,37,475,100,47,8,630,0,0,0,630
11/05/2015,PDX,OR,ANM,WE,Towers with Radar,480,69,39,25,613,0,18,5,0,23,480,87,44,25,636,0,0,0,636
11/06/2015,PDX,OR,ANM,WE,Towers with Radar,475,47,42,6,570,0,35,16,2,53,475,82,58,8,623,2,0,2,625
11/07/2015,PDX,OR,ANM,WE,Towers with Radar,386,36,13,2,437,0,3,4,0,7,386,39,17,2,444,0,0,0,444
11/08/2015,PDX,OR,ANM,WE,Towers with Radar,449,33,22,19,523,0,2,2,0,4,449,35,24,19,527,0,0,0,527
11/09/2015,PDX,OR,ANM,WE,Towers with Radar,461,47,32,3,543,0,25,7,0,32,461,72,39,3,575,4,0,4,579
11/10/2015,PDX,OR,ANM,WE,Towers with Radar,467,74,42,21,604,0,24,5,0,29,467,98,47,21,633,4,0,4,637
11/11/2015,PDX,OR,ANM,WE,Towers with Radar,463,58,20,0,541,0,23,8,0,31,463,81,28,0,572,0,0,0,572
11/12/2015,PDX,OR,ANM,WE,Towers with Radar,476,75,42,17,610,0,14,27,0,41,476,89,69,17,651,26,0,26,677
11/13/2015,PDX,OR,ANM,WE,Towers with Radar,473,83,46,9,611,0,14,7,0,21,473,97,53,9,632,0,0,0,632
11/14/2015,PDX,OR,ANM,WE,Towers with Radar,376,35,18,0,429,0,7,4,0,11,376,42,22,0,440,0,0,0,440
11/15/2015,PDX,OR,ANM,WE,Towers with Radar,444,25,37,2,508,0,4,7,0,11,444,29,44,2,519,0,0,0,519
11/16/2015,PDX,OR,ANM,WE,Towers with Radar,464,79,29,21,593,0,9,6,0,15,464,88,35,21,608,0,4,4,612
11/17/2015,PDX,OR,ANM,WE,Towers with Radar,463,77,32,1,573,0,9,1,0,10,463,86,33,1,583,0,0,0,583
11/18/2015,PDX,OR,ANM,WE,Towers with Radar,463,76,39,23,601,0,30,10,0,40,463,106,49,23,641,4,0,4,645
11/19/2015,PDX,OR,ANM,WE,Towers with Radar,474,95,47,21,637,0,3,2,2,7,474,98,49,23,644,0,0,0,644
11/20/2015,PDX,OR,ANM,WE,Towers with Radar,484,58,40,9,591,0,26,9,1,36,484,84,49,10,627,0,0,0,627
11/21/2015,PDX,OR,ANM,WE,Towers with Radar,388,28,26,6,448,0,12,33,0,45,388,40,59,6,493,32,0,32,525
11/22/2015,PDX,OR,ANM,WE,Towers with Radar,438,25,18,1,482,0,5,19,0,24,438,30,37,1,506,4,0,4,510
11/23/2015,PDX,OR,ANM,WE,Towers with Radar,442,72,20,18,552,0,2,8,0,10,442,74,28,18,562,0,0,0,562
11/24/2015,PDX,OR,ANM,WE,Towers with Radar,484,78,39,22,623,0,25,5,0,30,484,103,44,22,653,0,0,0,653
11/25/2015,PDX,OR,ANM,WE,Towers with Radar,496,63,32,8,599,0,33,11,0,44,496,96,43,8,643,2,0,2,645
11/26/2015,PDX,OR,ANM,WE,Towers with Radar,318,12,4,0,334,0,10,5,0,15,318,22,9,0,349,0,0,0,349
11/27/2015,PDX,OR,ANM,WE,Towers with Radar,382,44,21,0,447,0,35,24,1,60,382,79,45,1,507,16,0,16,523
11/28/2015,PDX,OR,ANM,WE,Towers with Radar,441,33,27,0,501,0,11,63,1,75,441,44,90,1,576,51,0,51,627
11/29/2015,PDX,OR,ANM,WE,Towers with Radar,506,29,30,0,565,0,6,16,1,23,506,35,46,1,588,0,0,0,588
11/30/2015,PDX,OR,ANM,WE,Towers with Radar,484,55,42,21,602,0,30,5,0,35,484,85,47,21,637,0,0,0,637
12/01/2015,PDX,OR,ANM,WE,Towers with Radar,479,66,30,18,593,0,30,12,0,42,479,96,42,18,635,10,0,10,645
12/02/2015,PDX,OR,ANM,WE,Towers with Radar,487,74,37,21,619,0,27,1,1,29,487,101,38,22,648,0,0,0,648
12/03/2015,PDX,OR,ANM,WE,Towers with Radar,490,79,33,22,624,0,21,9,0,30,490,100,42,22,654,6,0,6,660
12/04/2015,PDX,OR,ANM,WE,Towers with Radar,471,70,36,21,598,0,24,2,1,27,471,94,38,22,625,0,0,0,625
12/05/2015,PDX,OR,ANM,WE,Towers with Radar,368,32,12,8,420,0,6,2,0,8,368,38,14,8,428,0,0,0,428
12/06/2015,PDX,OR,ANM,WE,Towers with Radar,434,25,10,11,480,0,4,7,0,11,434,29,17,11,491,22,0,22,513
12/07/2015,PDX,OR,ANM,WE,Towers with Radar,457,65,27,0,549,0,20,0,0,20,457,85,27,0,569,0,0,0,569
12/08/2015,PDX,OR,ANM,WE,Towers with Radar,443,102,28,16,589,0,0,1,0,1,443,102,29,16,590,0,0,0,590
12/09/2015,PDX,OR,ANM,WE,Towers with Radar,483,67,35,23,608,0,33,7,1,41,483,100,42,24,649,0,0,0,649
12/10/2015,PDX,OR,ANM,WE,Towers with Radar,483,71,29,24,607,0,28,4,2,34,483,99,33,26,641,0,0,0,641
12/11/2015,PDX,OR,ANM,WE,Towers with Radar,480,93,30,10,613,0,3,0,1,4,480,96,30,11,617,0,0,0,617
12/12/2015,PDX,OR,ANM,WE,Towers with Radar,372,49,8,4,433,0,0,0,0,0,372,49,8,4,433,0,0,0,433
12/13/2015,PDX,OR,ANM,WE,Towers with Radar,436,31,19,0,486,0,1,1,0,2,436,32,20,0,488,0,0,0,488
12/14/2015,PDX,OR,ANM,WE,Towers with Radar,448,56,39,18,561,0,23,3,0,26,448,79,42,18,587,20,0,20,607
12/15/2015,PDX,OR,ANM,WE,Towers with Radar,474,102,42,20,638,0,0,3,1,4,474,102,45,21,642,0,0,0,642
12/16/2015,PDX,OR,ANM,WE,Towers with Radar,494,91,43,25,653,0,5,0,0,5,494,96,43,25,658,0,0,0,658
12/17/2015,PDX,OR,ANM,WE,Towers with Radar,508,108,38,5,659,0,0,0,0,0,508,108,38,5,659,0,0,0,659
12/18/2015,PDX,OR,ANM,WE,Towers with Radar,487,72,30,10,599,0,25,6,0,31,487,97,36,10,630,4,0,4,634
12/19/2015,PDX,OR,ANM,WE,Towers with Radar,451,47,27,0,525,0,8,3,0,11,451,55,30,0,536,0,0,0,536
12/20/2015,PDX,OR,ANM,WE,Towers with Radar,469,30,21,0,520,0,3,0,0,3,469,33,21,0,523,0,0,0,523
12/21/2015,PDX,OR,ANM,WE,Towers with Radar,500,59,20,0,579,0,22,0,0,22,500,81,20,0,601,0,0,0,601
12/22/2015,PDX,OR,ANM,WE,Towers with Radar,529,81,17,21,648,0,19,8,0,27,529,100,25,21,675,0,0,0,675
12/23/2015,PDX,OR,ANM,WE,Towers with Radar,518,93,19,20,650,0,12,2,0,14,518,105,21,20,664,2,0,2,666
12/24/2015,PDX,OR,ANM,WE,Towers with Radar,450,94,4,10,558,0,0,1,0,1,450,94,5,10,559,0,0,0,559
12/25/2015,PDX,OR,ANM,WE,Towers with Radar,383,23,8,0,414,0,0,3,0,3,383,23,11,0,417,0,0,0,417
12/26/2015,PDX,OR,ANM,WE,Towers with Radar,437,36,27,0,500,0,9,27,0,36,437,45,54,0,536,20,0,20,556
12/27/2015,PDX,OR,ANM,WE,Towers with Radar,442,31,24,0,497,0,0,7,1,8,442,31,31,1,505,12,0,12,517
12/28/2015,PDX,OR,ANM,WE,Towers with Radar,473,79,17,13,582,0,2,0,0,2,473,81,17,13,584,0,0,0,584
12/29/2015,PDX,OR,ANM,WE,Towers with Radar,493,93,12,22,620,0,7,0,1,8,493,100,12,23,628,0,0,0,628
12/30/2015,PDX,OR,ANM,WE,Towers with Radar,507,59,21,3,590,0,32,12,0,44,507,91,33,3,634,0,0,0,634
12/31/2015,PDX,OR,ANM,WE,Towers with Radar,421,56,11,5,493,0,29,11,0,40,421,85,22,5,533,2,0,2,535
01/01/2016,PDX,OR,ANM,WE,Towers with Radar,371,12,5,0,388,0,3,5,2,10,371,15,10,2,398,0,0,0,398
01/02/2016,PDX,OR,ANM,WE,Towers with Radar,468,31,20,0,519,0,12,8,0,20,468,43,28,0,539,12,0,12,551
01/03/2016,PDX,OR,ANM,WE,Towers with Radar,446,22,15,0,483,0,0,0,0,0,446,22,15,0,483,0,0,0,483
01/04/2016,PDX,OR,ANM,WE,Towers with Radar,472,55,29,0,556,0,23,5,0,28,472,78,34,0,584,0,0,0,584
01/05/2016,PDX,OR,ANM,WE,Towers with Radar,444,62,27,16,549,0,24,1,0,25,444,86,28,16,574,0,0,0,574
01/06/2016,PDX,OR,ANM,WE,Towers with Radar,452,59,34,16,561,0,32,16,0,48,452,91,50,16,609,22,0,22,631
01/07/2016,PDX,OR,ANM,WE,Towers with Radar,445,67,27,17,556,0,32,11,0,43,445,99,38,17,599,12,0,12,611
01/08/2016,PDX,OR,ANM,WE,Towers with Radar,436,65,52,13,566,0,29,47,3,79,436,94,99,16,645,62,4,66,711
01/09/2016,PDX,OR,ANM,WE,Towers with Radar,378,34,17,10,439,0,5,7,0,12,378,39,24,10,451,0,0,0,451
01/10/2016,PDX,OR,ANM,WE,Towers with Radar,405,23,20,6,454,0,4,29,0,33,405,27,49,6,487,2,0,2,489
01/11/2016,PDX,OR,ANM,WE,Towers with Radar,437,61,30,2,530,0,11,3,0,14,437,72,33,2,544,0,0,0,544
01/12/2016,PDX,OR,ANM,WE,Towers with Radar,427,77,39,14,557,0,13,1,0,14,427,90,40,14,571,0,0,0,571
01/13/2016,PDX,OR,ANM,WE,Towers with Radar,427,65,34,20,546,0,24,1,0,25,427,89,35,20,571,14,0,14,585
01/14/2016,PDX,OR,ANM,WE,Towers with Radar,448,74,34,16,572,0,17,1,0,18,448,91,35,16,590,0,0,0,590
01/15/2016,PDX,OR,ANM,WE,Towers with Radar,443,62,22,12,539,0,26,3,1,30,443,88,25,13,569,25,0,25,594
01/16/2016,PDX,OR,ANM,WE,Towers with Radar,350,31,17,0,398,0,3,1,0,4,350,34,18,0,402,0,0,0,402
01/17/2016,PDX,OR,ANM,WE,Towers with Radar,386,20,11,1,418,0,3,0,0,3,386,23,11,1,421,0,0,0,421
01/18/2016,PDX,OR,ANM,WE,Towers with Radar,436,49,25,1,511,0,21,34,0,55,436,70,59,1,566,24,0,24,590
01/19/2016,PDX,OR,ANM,WE,Towers with Radar,431,71,22,19,543,0,1,3,0,4,431,72,25,19,547,0,0,0,547
01/20/2016,PDX,OR,ANM,WE,Towers with Radar,432,51,35,15,533,0,30,7,1,38,432,81,42,16,571,0,0,0,571
01/21/2016,PDX,OR,ANM,WE,Towers with Radar,438,60,27,2,527,0,27,18,0,45,438,87,45,2,572,10,0,10,582
01/22/2016,PDX,OR,ANM,WE,Towers with Radar,423,63,25,7,518,0,25,5,0,30,423,88,30,7,548,0,0,0,548
01/23/2016,PDX,OR,ANM,WE,Towers with Radar,357,34,12,1,404,0,5,1,0,6,357,39,13,1,410,0,0,0,410
01/24/2016,PDX,OR,ANM,WE,Towers with Radar,404,25,11,0,440,0,3,3,0,6,404,28,14,0,446,0,0,0,446
01/25/2016,PDX,OR,ANM,WE,Towers with Radar,417,46,31,0,494,0,31,16,0,47,417,77,47,0,541,6,0,6,547
01/26/2016,PDX,OR,ANM,WE,Towers with Radar,431,81,40,0,552,0,3,4,0,7,431,84,44,0,559,0,0,0,559
01/27/2016,PDX,OR,ANM,WE,Towers with Radar,432,65,30,1,528,0,31,9,0,40,432,96,39,1,568,0,0,0,568
01/28/2016,PDX,OR,ANM,WE,Towers with Radar,441,57,19,3,520,0,22,32,0,54,441,79,51,3,574,19,0,19,593
01/29/2016,PDX,OR,ANM,WE,Towers with Radar,440,68,19,3,530,0,19,9,0,28,440,87,28,3,558,0,0,0,558
01/30/2016,PDX,OR,ANM,WE,Towers with Radar,353,45,16,3,417,0,5,3,0,8,353,50,19,3,425,8,0,8,433
01/31/2016,PDX,OR,ANM,WE,Towers with Radar,392,23,11,0,426,0,1,0,0,1,392,24,11,0,427,22,0,22,449
02/01/2016,PDX,OR,ANM,WE,Towers with Radar,424,58,27,6,515,0,14,1,0,15,424,72,28,6,530,0,0,0,530
02/02/2016,PDX,OR,ANM,WE,Towers with Radar,424,67,16,2,509,0,26,53,1,80,424,93,69,3,589,10,0,10,599
02/03/2016,PDX,OR,ANM,WE,Towers with Radar,433,56,24,0,513,0,10,3,2,15,433,66,27,2,528,2,0,2,530
02/04/2016,PDX,OR,ANM,WE,Towers with Radar,443,65,31,4,543,0,21,12,0,33,443,86,43,4,576,0,0,0,576
02/05/2016,PDX,OR,ANM,WE,Towers with Radar,433,57,31,2,523,0,22,12,0,34,433,79,43,2,557,0,0,0,557
02/06/2016,PDX,OR,ANM,WE,Towers with Radar,350,28,14,2,394,0,8,8,0,16,350,36,22,2,410,2,0,2,412
02/07/2016,PDX,OR,ANM,WE,Towers with Radar,384,21,16,5,426,0,7,40,0,47,384,28,56,5,473,10,0,10,483
02/08/2016,PDX,OR,ANM,WE,Towers with Radar,431,38,22,4,495,0,27,27,0,54,431,65,49,4,549,6,0,6,555
02/09/2016,PDX,OR,ANM,WE,Towers with Radar,460,44,20,6,530,0,36,43,0,79,460,80,63,6,609,6,0,6,615
02/10/2016,PDX,OR,ANM,WE,Towers with Radar,438,56,38,14,546,0,26,17,0,43,438,82,55,14,589,0,0,0,589
02/11/2016,PDX,OR,ANM,WE,Towers with Radar,449,55,27,8,539,0,24,17,0,41,449,79,44,8,580,5,0,5,585
02/12/2016,PDX,OR,ANM,WE,Towers with Radar,452,54,27,15,548,0,17,1,0,18,452,71,28,15,566,11,0,11,577
02/13/2016,PDX,OR,ANM,WE,Towers with Radar,353,32,18,9,412,0,6,0,0,6,353,38,18,9,418,0,0,0,418
02/14/2016,PDX,OR,ANM,WE,Towers with Radar,395,26,22,1,444,0,0,1,0,1,395,26,23,1,445,0,0,0,445
02/15/2016,PDX,OR,ANM,WE,Towers with Radar,431,46,37,1,515,0,22,5,0,27,431,68,42,1,542,2,0,2,544
02/16/2016,PDX,OR,ANM,WE,Towers with Radar,441,57,26,14,538,0,22,2,0,24,441,79,28,14,562,0,0,0,562
02/17/2016,PDX,OR,ANM,WE,Towers with Radar,445,65,23,22,555,0,18,10,0,28,445,83,33,22,583,0,0,0,583
02/18/2016,PDX,OR,ANM,WE,Towers with Radar,455,76,36,13,580,0,8,4,0,12,455,84,40,13,592,0,0,0,592
02/19/2016,PDX,OR,ANM,WE,Towers with Radar,456,66,35,8,565,0,4,1,0,5,456,70,36,8,570,14,0,14,584
02/20/2016,PDX,OR,ANM,WE,Towers with Radar,373,37,22,7,439,0,8,9,0,17,373,45,31,7,456,8,0,8,464
02/21/2016,PDX,OR,ANM,WE,Towers with Radar,421,27,14,4,466,0,3,8,0,11,421,30,22,4,477,8,0,8,485
02/22/2016,PDX,OR,ANM,WE,Towers with Radar,455,54,23,14,546,0,23,24,0,47,455,77,47,14,593,18,0,18,611
02/23/2016,PDX,OR,ANM,WE,Towers with Radar,448,55,28,20,551,0,31,20,0,51,448,86,48,20,602,0,0,0,602
02/24/2016,PDX,OR,ANM,WE,Towers with Radar,446,62,36,18,562,0,28,18,0,46,446,90,54,18,608,69,0,69,677
02/25/2016,PDX,OR,ANM,WE,Towers with Radar,465,50,39,7,561,0,30,90,0,120,465,80,129,7,681,32,0,32,713
02/26/2016,PDX,OR,ANM,WE,Towers with Radar,458,68,28,12,566,0,7,12,0,19,458,75,40,12,585,6,0,6,591
02/27/2016,PDX,OR,ANM,WE,Towers with Radar,365,37,14,1,417,0,3,8,1,12,365,40,22,2,429,2,0,2,431
02/28/2016,PDX,OR,ANM,WE,Towers with Radar,425,28,10,1,464,0,4,1,1,6,425,32,11,2,470,2,0,2,472
02/29/2016,PDX,OR,ANM,WE,Towers with Radar,451,43,31,2,527,0,20,14,3,37,451,63,45,5,564,0,0,0,564
03/01/2016,PDX,OR,ANM,WE,Towers with Radar,448,58,28,14,548,0,21,6,2,29,448,79,34,16,577,0,0,0,577
03/02/2016,PDX,OR,ANM,WE,Towers with Radar,458,72,22,14,566,0,7,14,1,22,458,79,36,15,588,0,0,0,588
03/03/2016,PDX,OR,ANM,WE,Towers with Radar,467,61,30,1,559,0,27,26,2,55,467,88,56,3,614,2,0,2,616
03/04/2016,PDX,OR,ANM,WE,Towers with Radar,462,52,19,26,559,0,30,10,6,46,462,82,29,32,605,0,0,0,605
03/05/2016,PDX,OR,ANM,WE,Towers with Radar,377,33,14,25,449,0,8,20,1,29,377,41,34,26,478,2,0,2,480
03/06/2016,PDX,OR,ANM,WE,Towers with Radar,423,38,21,1,483,0,2,2,0,4,423,40,23,1,487,0,0,0,487
03/07/2016,PDX,OR,ANM,WE,Towers with Radar,453,45,27,3,528,0,26,14,2,42,453,71,41,5,570,10,0,10,580
03/08/2016,PDX,OR,ANM,WE,Towers with Radar,456,83,29,22,590,0,5,5,0,10,456,88,34,22,600,10,0,10,610
03/09/2016,PDX,OR,ANM,WE,Towers with Radar,454,65,33,12,564,0,16,1,0,17,454,81,34,12,581,0,0,0,581
03/10/2016,PDX,OR,ANM,WE,Towers with Radar,478,59,34,19,590,0,22,5,0,27,478,81,39,19,617,0,0,0,617
03/11/2016,PDX,OR,ANM,WE,Towers with Radar,467,56,24,9,556,0,20,6,0,26,467,76,30,9,582,0,0,0,582
03/12/2016,PDX,OR,ANM,WE,Towers with Radar,411,34,9,0,454,0,4,0,0,4,411,38,9,0,458,0,0,0,458
03/13/2016,PDX,OR,ANM,WE,Towers with Radar,442,23,14,0,479,0,2,0,0,2,442,25,14,0,481,0,0,0,481
03/14/2016,PDX,OR,ANM,WE,Towers with Radar,477,52,20,18,567,0,20,6,0,26,477,72,26,18,593,0,0,0,593
03/15/2016,PDX,OR,ANM,WE,Towers with Radar,481,87,36,19,623,0,1,12,0,13,481,88,48,19,636,0,0,0,636
03/16/2016,PDX,OR,ANM,WE,Towers with Radar,491,59,34,10,594,0,22,20,2,44,491,81,54,12,638,4,0,4,642
03/17/2016,PDX,OR,ANM,WE,Towers with Radar,494,54,25,14,587,0,33,36,0,69,494,87,61,14,656,10,0,10,666
03/18/2016,PDX,OR,ANM,WE,Towers with Radar,493,53,26,8,580,0,31,13,0,44,493,84,39,8,624,0,0,0,624
03/19/2016,PDX,OR,ANM,WE,Towers with Radar,401,30,23,0,454,0,8,24,0,32,401,38,47,0,486,22,0,22,508
03/20/2016,PDX,OR,ANM,WE,Towers with Radar,459,26,27,6,518,0,3,13,0,16,459,29,40,6,534,0,0,0,534
03/21/2016,PDX,OR,ANM,WE,Towers with Radar,482,55,18,16,571,0,15,3,0,18,482,70,21,16,589,2,0,2,591
03/22/2016,PDX,OR,ANM,WE,Towers with Radar,479,62,29,17,587,0,17,3,1,21,479,79,32,18,608,0,0,0,608
03/23/2016,PDX,OR,ANM,WE,Towers with Radar,475,57,34,20,586,0,20,13,0,33,475,77,47,20,619,0,0,0,619
03/24/2016,PDX,OR,ANM,WE,Towers with Radar,487,55,36,17,595,0,24,15,0,39,487,79,51,17,634,6,0,6,640
03/25/2016,PDX,OR,ANM,WE,Towers with Radar,499,45,20,11,575,0,23,5,0,28,499,68,25,11,603,17,0,17,620
03/26/2016,PDX,OR,ANM,WE,Towers with Radar,395,34,13,0,442,0,6,4,0,10,395,40,17,0,452,2,0,2,454
03/27/2016,PDX,OR,ANM,WE,Towers with Radar,462,29,18,0,509,0,2,10,0,12,462,31,28,0,521,0,0,0,521
03/28/2016,PDX,OR,ANM,WE,Towers with Radar,487,46,35,0,568,0,30,45,0,75,487,76,80,0,643,2,0,2,645
03/29/2016,PDX,OR,ANM,WE,Towers with Radar,485,52,34,15,586,0,26,11,2,39,485,78,45,17,625,2,0,2,627
03/30/2016,PDX,OR,ANM,WE,Towers with Radar,491,56,31,20,598,0,32,18,6,56,491,88,49,26,654,20,0,20,674
03/31/2016,PDX,OR,ANM,WE,Towers with Radar,497,54,41,20,612,0,34,28,1,63,497,88,69,21,675,0,0,0,675
04/01/2016,PDX,OR,ANM,WE,Towers with Radar,492,50,38,8,588,0,26,22,1,49,492,76,60,9,637,11,0,11,648
04/02/2016,PDX,OR,ANM,WE,Towers with Radar,392,27,8,8,435,0,6,11,0,17,392,33,19,8,452,8,0,8,460
04/03/2016,PDX,OR,ANM,WE,Towers with Radar,458,25,7,9,499,0,3,10,3,16,458,28,17,12,515,28,0,28,543
04/04/2016,PDX,OR,ANM,WE,Towers with Radar,488,50,32,4,574,0,18,8,1,27,488,68,40,5,601,0,0,0,601
04/05/2016,PDX,OR,ANM,WE,Towers with Radar,485,58,36,19,598,0,25,19,0,44,485,83,55,19,642,0,0,0,642
04/06/2016,PDX,OR,ANM,WE,Towers with Radar,512,49,40,11,612,0,31,30,1,62,512,80,70,12,674,3,0,3,677
04/07/2016,PDX,OR,ANM,WE,Towers with Radar,504,57,28,9,598,0,34,22,1,57,504,91,50,10,655,12,0,12,667
04/08/2016,PDX,OR,ANM,WE,Towers with Radar,503,46,28,11,588,0,35,49,1,85,503,81,77,12,673,0,0,0,673
04/09/2016,PDX,OR,ANM,WE,Towers with Radar,395,32,19,5,451,0,5,18,1,24,395,37,37,6,475,0,0,0,475
04/10/2016,PDX,OR,ANM,WE,Towers with Radar,465,26,33,5,529,0,3,28,0,31,465,29,61,5,560,15,0,15,575
04/11/2016,PDX,OR,ANM,WE,Towers with Radar,491,53,33,16,593,0,22,39,1,62,491,75,72,17,655,24,0,24,679
04/12/2016,PDX,OR,ANM,WE,Towers with Radar,490,58,33,11,592,0,20,32,4,56,490,78,65,15,648,10,0,10,658
04/13/2016,PDX,OR,ANM,WE,Towers with Radar,504,59,40,15,618,0,22,30,0,52,504,81,70,15,670,4,0,4,674
04/14/2016,PDX,OR,ANM,WE,Towers with Radar,506,59,29,7,601,0,22,5,1,28,506,81,34,8,629,0,0,0,629
04/15/2016,PDX,OR,ANM,WE,Towers with Radar,505,53,52,8,618,0,25,31,2,58,505,78,83,10,676,2,0,2,678
04/16/2016,PDX,OR,ANM,WE,Towers with Radar,390,35,16,1,442,0,10,23,1,34,390,45,39,2,476,0,0,0,476
04/17/2016,PDX,OR,ANM,WE,Towers with Radar,462,25,25,3,515,0,4,26,1,31,462,29,51,4,546,2,0,2,548
04/18/2016,PDX,OR,ANM,WE,Towers with Radar,491,41,16,11,559,0,30,64,0,94,491,71,80,11,653,12,0,12,665
04/19/2016,PDX,OR,ANM,WE,Towers with Radar,486,48,15,8,557,0,31,50,2,83,486,79,65,10,640,22,0,22,662
04/20/2016,PDX,OR,ANM,WE,Towers with Radar,497,56,39,13,605,0,26,29,0,55,497,82,68,13,660,24,0,24,684
04/21/2016,PDX,OR,ANM,WE,Towers with Radar,509,56,46,13,624,0,26,20,0,46,509,82,66,13,670,6,0,6,676
04/22/2016,PDX,OR,ANM,WE,Towers with Radar,496,56,34,4,590,0,20,2,0,22,496,76,36,4,612,0,0,0,612
04/23/2016,PDX,OR,ANM,WE,Towers with Radar,399,41,22,0,462,0,5,25,0,30,399,46,47,0,492,18,0,18,510
04/24/2016,PDX,OR,ANM,WE,Towers with Radar,466,29,29,1,525,0,2,4,0,6,466,31,33,1,531,0,0,0,531
04/25/2016,PDX,OR,ANM,WE,Towers with Radar,491,59,33,2,585,0,18,5,0,23,491,77,38,2,608,0,0,0,608
04/26/2016,PDX,OR,ANM,WE,Towers with Radar,485,50,32,10,577,0,31,73,6,110,485,81,105,16,687,10,0,10,697
04/27/2016,PDX,OR,ANM,WE,Towers with Radar,501,64,40,5,610,0,23,10,0,33,501,87,50,5,643,0,0,0,643
04/28/2016,PDX,OR,ANM,WE,Towers with Radar,506,67,44,3,620,0,21,27,1,49,506,88,71,4,669,0,0,0,669
04/29/2016,PDX,OR,ANM,WE,Towers with Radar,498,73,34,6,611,0,15,5,0,20,498,88,39,6,631,0,0,0,631
04/30/2016,PDX,OR,ANM,WE,Towers with Radar,395,39,17,7,458,0,6,14,0,20,395,45,31,7,478,6,0,6,484
05/01/2016,PDX,OR,ANM,WE,Towers with Radar,465,37,20,2,524,0,2,43,0,45,465,39,63,2,569,8,0,8,577
05/02/2016,PDX,OR,ANM,WE,Towers with Radar,489,50,37,2,578,0,30,19,0,49,489,80,56,2,627,32,0,32,659
05/03/2016,PDX,OR,ANM,WE,Towers with Radar,484,62,39,3,588,0,31,16,0,47,484,93,55,3,635,22,0,22,657
05/04/2016,PDX,OR,ANM,WE,Towers with Radar,493,76,42,7,618,0,20,11,1,32,493,96,53,8,650,0,0,0,650
05/05/2016,PDX,OR,ANM,WE,Towers with Radar,504,71,37,5,617,0,20,12,1,33,504,91,49,6,650,0,0,0,650
05/06/2016,PDX,OR,ANM,WE,Towers with Radar,506,62,39,4,611,0,30,40,4,74,506,92,79,8,685,28,0,28,713
05/07/2016,PDX,OR,ANM,WE,Towers with Radar,393,46,13,0,452,0,7,13,0,20,393,53,26,0,472,14,0,14,486
05/08/2016,PDX,OR,ANM,WE,Towers with Radar,458,34,24,2,518,0,2,13,0,15,458,36,37,2,533,0,0,0,533
05/09/2016,PDX,OR,ANM,WE,Towers with Radar,498,58,35,0,591,0,27,12,0,39,498,85,47,0,630,32,0,32,662
05/10/2016,PDX,OR,ANM,WE,Towers with Radar,491,60,18,5,574,0,33,30,1,64,491,93,48,6,638,12,0,12,650
05/11/2016,PDX,OR,ANM,WE,Towers with Radar,506,59,39,4,608,0,35,29,3,67,506,94,68,7,675,22,0,22,697
05/12/2016,PDX,OR,ANM,WE,Towers with Radar,513,55,39,1,608,0,32,31,1,64,513,87,70,2,672,2,0,2,674
05/13/2016,PDX,OR,ANM,WE,Towers with Radar,505,61,33,5,604,0,25,28,0,53,505,86,61,5,657,32,0,32,689
05/14/2016,PDX,OR,ANM,WE,Towers with Radar,404,41,16,8,469,0,0,7,0,7,404,41,23,8,476,0,0,0,476
05/15/2016,PDX,OR,ANM,WE,Towers with Radar,476,40,28,9,553,0,0,3,0,3,476,40,31,9,556,0,0,0,556
05/16/2016,PDX,OR,ANM,WE,Towers with Radar,497,59,27,2,585,0,19,24,0,43,497,78,51,2,628,12,2,14,642
05/17/2016,PDX,OR,ANM,WE,Towers with Radar,503,68,42,14,627,0,27,32,0,59,503,95,74,14,686,22,0,22,708
05/18/2016,PDX,OR,ANM,WE,Towers with Radar,500,66,39,13,618,0,29,14,0,43,500,95,53,13,661,0,0,0,661
05/19/2016,PDX,OR,ANM,WE,Towers with Radar,517,69,27,21,634,0,22,9,0,31,517,91,36,21,665,0,0,0,665
05/20/2016,PDX,OR,ANM,WE,Towers with Radar,507,69,35,9,620,0,21,7,1,29,507,90,42,10,649,0,0,0,649
05/21/2016,PDX,OR,ANM,WE,Towers with Radar,407,44,14,3,468,0,5,9,2,16,407,49,23,5,484,20,0,20,504
05/22/2016,PDX,OR,ANM,WE,Towers with Radar,469,37,23,2,531,0,1,7,0,8,469,38,30,2,539,0,0,0,539
05/23/2016,PDX,OR,ANM,WE,Towers with Radar,506,59,24,24,613,0,21,31,0,52,506,80,55,24,665,38,0,38,703
05/24/2016,PDX,OR,ANM,WE,Towers with Radar,510,59,33,16,618,0,24,15,0,39,510,83,48,16,657,0,0,0,657
05/25/2016,PDX,OR,ANM,WE,Towers with Radar,516,70,47,10,643,0,20,25,1,46,516,90,72,11,689,22,0,22,711
05/26/2016,PDX,OR,ANM,WE,Towers with Radar,520,62,46,20,648,0,20,16,1,37,520,82,62,21,685,0,0,0,685
05/27/2016,PDX,OR,ANM,WE,Towers with Radar,526,58,31,11,626,0,17,11,0,28,526,75,42,11,654,10,0,10,664
05/28/2016,PDX,OR,ANM,WE,Towers with Radar,383,38,11,2,434,0,5,22,0,27,383,43,33,2,461,24,0,24,485
05/29/2016,PDX,OR,ANM,WE,Towers with Radar,388,33,17,1,439,0,2,21,3,26,388,35,38,4,465,8,0,8,473
05/30/2016,PDX,OR,ANM,WE,Towers with Radar,481,33,22,0,536,0,9,21,2,32,481,42,43,2,568,14,0,14,582
05/31/2016,PDX,OR,ANM,WE,Towers with Radar,494,53,23,15,585,0,28,22,4,54,494,81,45,19,639,16,0,16,655
06/01/2016,PDX,OR,ANM,WE,Towers with Radar,517,54,24,18,613,0,29,32,4,65,517,83,56,22,678,0,0,0,678
06/02/2016,PDX,OR,ANM,WE,Towers with Radar,552,68,44,19,683,0,21,7,0,28,552,89,51,19,711,0,0,0,711
06/03/2016,PDX,OR,ANM,WE,Towers with Radar,532,52,32,9,625,0,32,24,2,58,532,84,56,11,683,2,0,2,685
06/04/2016,PDX,OR,ANM,WE,Towers with Radar,429,32,9,7,477,0,5,18,0,23,429,37,27,7,500,0,0,0,500
06/05/2016,PDX,OR,ANM,WE,Towers with Radar,501,31,26,3,561,0,4,11,2,17,501,35,37,5,578,0,0,0,578
06/06/2016,PDX,OR,ANM,WE,Towers with Radar,538,42,38,1,619,0,30,22,8,60,538,72,60,9,679,16,0,16,695
06/07/2016,PDX,OR,ANM,WE,Towers with Radar,542,58,39,15,654,0,35,31,13,79,542,93,70,28,733,12,0,12,745
06/08/2016,PDX,OR,ANM,WE,Towers with Radar,549,74,48,16,687,0,31,24,6,61,549,105,72,22,748,0,0,0,748
06/09/2016,PDX,OR,ANM,WE,Towers with Radar,561,69,71,26,727,0,23,20,2,45,561,92,91,28,772,0,0,0,772
06/10/2016,PDX,OR,ANM,WE,Towers with Radar,563,78,32,17,690,0,19,2,0,21,563,97,34,17,711,0,0,0,711
06/11/2016,PDX,OR,ANM,WE,Towers with Radar,485,35,16,9,545,0,3,10,1,14,485,38,26,10,559,8,0,8,567
06/12/2016,PDX,OR,ANM,WE,Towers with Radar,514,27,31,4,576,0,7,14,1,22,514,34,45,5,598,0,0,0,598
06/13/2016,PDX,OR,ANM,WE,Towers with Radar,553,61,30,13,657,0,16,20,0,36,553,77,50,13,693,10,0,10,703
06/14/2016,PDX,OR,ANM,WE,Towers with Radar,555,67,30,11,663,0,21,14,0,35,555,88,44,11,698,0,0,0,698
06/15/2016,PDX,OR,ANM,WE,Towers with Radar,558,64,38,17,677,0,23,10,0,33,558,87,48,17,710,0,0,0,710
06/16/2016,PDX,OR,ANM,WE,Towers with Radar,576,71,42,22,711,0,23,21,1,45,576,94,63,23,756,0,0,0,756
06/17/2016,PDX,OR,ANM,WE,Towers with Radar,565,65,36,8,674,0,18,23,1,42,565,83,59,9,716,2,0,2,718
06/18/2016,PDX,OR,ANM,WE,Towers with Radar,496,36,17,0,549,0,6,14,0,20,496,42,31,0,569,16,0,16,585
06/19/2016,PDX,OR,ANM,WE,Towers with Radar,532,30,22,1,585,0,3,10,0,13,532,33,32,1,598,0,0,0,598
06/20/2016,PDX,OR,ANM,WE,Towers with Radar,568,42,41,0,651,0,28,34,0,62,568,70,75,0,713,16,0,16,729
06/21/2016,PDX,OR,ANM,WE,Towers with Radar,575,64,36,17,692,0,26,32,1,59,575,90,68,18,751,12,0,12,763
06/22/2016,PDX,OR,ANM,WE,Towers with Radar,559,63,35,10,667,0,24,30,0,54,559,87,65,10,721,0,0,0,721
06/23/2016,PDX,OR,ANM,WE,Towers with Radar,559,91,43,15,708,0,1,0,0,1,559,92,43,15,709,0,0,0,709
06/24/2016,PDX,OR,ANM,WE,Towers with Radar,564,79,34,10,687,0,21,17,0,38,564,100,51,10,725,4,0,4,729
06/25/2016,PDX,OR,ANM,WE,Towers with Radar,491,44,15,1,551,0,6,35,1,42,491,50,50,2,593,10,0,10,603
06/26/2016,PDX,OR,ANM,WE,Towers with Radar,534,37,29,2,602,0,3,15,2,20,534,40,44,4,622,10,0,10,632
06/27/2016,PDX,OR,ANM,WE,Towers with Radar,562,52,19,12,645,0,29,18,0,47,562,81,37,12,692,22,0,22,714
06/28/2016,PDX,OR,ANM,WE,Towers with Radar,564,63,36,20,683,0,24,28,1,53,564,87,64,21,736,28,0,28,764
06/29/2016,PDX,OR,ANM,WE,Towers with Radar,572,65,43,15,695,0,24,16,1,41,572,89,59,16,736,52,0,52,788
06/30/2016,PDX,OR,ANM,WE,Towers with Radar,583,69,33,9,694,0,26,23,0,49,583,95,56,9,743,0,0,0,743
07/01/2016,PDX,OR,ANM,WE,Towers with Radar,577,52,33,1,663,0,24,14,1,39,577,76,47,2,702,0,0,0,702
07/02/2016,PDX,OR,ANM,WE,Towers with Radar,496,30,12,0,538,0,5,18,0,23,496,35,30,0,561,0,0,0,561
07/03/2016,PDX,OR,ANM,WE,Towers with Radar,492,21,16,0,529,0,2,19,3,24,492,23,35,3,553,22,0,22,575
07/04/2016,PDX,OR,ANM,WE,Towers with Radar,470,28,13,0,511,0,0,4,2,6,470,28,17,2,517,2,0,2,519
07/05/2016,PDX,OR,ANM,WE,Towers with Radar,557,55,36,19,667,0,27,14,0,41,557,82,50,19,708,2,0,2,710
07/06/2016,PDX,OR,ANM,WE,Towers with Radar,586,50,18,25,679,0,23,18,2,43,586,73,36,27,722,22,0,22,744
07/07/2016,PDX,OR,ANM,WE,Towers with Radar,598,61,28,8,695,0,26,19,1,46,598,87,47,9,741,10,0,10,751
07/08/2016,PDX,OR,ANM,WE,Towers with Radar,582,65,34,3,684,0,16,8,2,26,582,81,42,5,710,0,0,0,710
07/09/2016,PDX,OR,ANM,WE,Towers with Radar,506,28,16,0,550,0,6,4,0,10,506,34,20,0,560,6,0,6,566
07/10/2016,PDX,OR,ANM,WE,Towers with Radar,550,26,20,1,597,0,0,6,0,6,550,26,26,1,603,0,0,0,603
07/11/2016,PDX,OR,ANM,WE,Towers with Radar,576,47,25,21,669,0,20,9,0,29,576,67,34,21,698,10,0,10,708
07/12/2016,PDX,OR,ANM,WE,Towers with Radar,584,51,32,23,690,0,21,8,0,29,584,72,40,23,719,4,0,4,723
07/13/2016,PDX,OR,ANM,WE,Towers with Radar,581,49,22,16,668,0,26,10,1,37,581,75,32,17,705,18,0,18,723
07/14/2016,PDX,OR,ANM,WE,Towers with Radar,603,61,26,25,715,0,30,32,1,63,603,91,58,26,778,26,0,26,804
07/15/2016,PDX,OR,ANM,WE,Towers with Radar,582,61,25,13,681,0,20,19,0,39,582,81,44,13,720,0,0,0,720
07/16/2016,PDX,OR,ANM,WE,Towers with Radar,493,33,19,1,546,0,6,18,0,24,493,39,37,1,570,38,0,38,608
07/17/2016,PDX,OR,ANM,WE,Towers with Radar,555,43,20,5,623,0,1,16,1,18,555,44,36,6,641,0,0,0,641
07/18/2016,PDX,OR,ANM,WE,Towers with Radar,564,48,37,2,651,0,19,10,0,29,564,67,47,2,680,6,0,6,686
07/19/2016,PDX,OR,ANM,WE,Towers with Radar,585,65,33,19,702,0,21,19,0,40,585,86,52,19,742,14,0,14,756
07/20/2016,PDX,OR,ANM,WE,Towers with Radar,572,59,34,11,676,0,30,27,1,58,572,89,61,12,734,54,0,54,788
07/21/2016,PDX,OR,ANM,WE,Towers with Radar,547,72,24,12,655,0,30,31,0,61,547,102,55,12,716,18,0,18,734
07/22/2016,PDX,OR,ANM,WE,Towers with Radar,543,85,37,11,676,0,23,28,0,51,543,108,65,11,727,0,0,0,727
07/23/2016,PDX,OR,ANM,WE,Towers with Radar,468,64,15,5,552,0,5,21,0,26,468,69,36,5,578,22,0,22,600
07/24/2016,PDX,OR,ANM,WE,Towers with Radar,523,51,19,3,596,0,3,26,0,29,523,54,45,3,625,4,0,4,629
07/25/2016,PDX,OR,ANM,WE,Towers with Radar,539,62,31,23,655,0,28,15,0,43,539,90,46,23,698,36,0,36,734
07/26/2016,PDX,OR,ANM,WE,Towers with Radar,566,79,37,25,707,0,23,25,0,48,566,102,62,25,755,16,0,16,771
07/27/2016,PDX,OR,ANM,WE,Towers with Radar,556,78,41,22,697,1,25,21,0,47,557,103,62,22,744,33,0,33,777
07/28/2016,PDX,OR,ANM,WE,Towers with Radar,552,77,37,13,679,0,28,32,12,72,552,105,69,25,751,34,0,34,785
07/29/2016,PDX,OR,ANM,WE,Towers with Radar,546,72,25,4,647,0,31,25,1,57,546,103,50,5,704,0,0,0,704
07/30/2016,PDX,OR,ANM,WE,Towers with Radar,455,58,7,0,520,0,7,28,0,35,455,65,35,0,555,4,0,4,559
07/31/2016,PDX,OR,ANM,WE,Towers with Radar,520,53,25,2,600,0,4,19,0,23,520,57,44,2,623,4,0,4,627
08/01/2016,PDX,OR,ANM,WE,Towers with Radar,546,76,21,7,650,0,25,12,0,37,546,101,33,7,687,32,0,32,719
08/02/2016,PDX,OR,ANM,WE,Towers with Radar,557,91,37,27,712,0,24,29,2,55,557,115,66,29,767,48,0,48,815
08/03/2016,PDX,OR,ANM,WE,Towers with Radar,559,78,22,19,678,0,28,23,1,52,559,106,45,20,730,2,0,2,732
08/04/2016,PDX,OR,ANM,WE,Towers with Radar,560,83,31,17,691,0,28,29,2,59,560,111,60,19,750,14,0,14,764
08/05/2016,PDX,OR,ANM,WE,Towers with Radar,559,81,32,22,694,1,29,29,0,59,560,110,61,22,753,0,0,0,753
08/06/2016,PDX,OR,ANM,WE,Towers with Radar,472,70,31,31,604,1,5,20,5,31,473,75,51,36,635,2,0,2,637
08/07/2016,PDX,OR,ANM,WE,Towers with Radar,526,63,31,19,639,1,2,11,0,14,527,65,42,19,653,0,0,0,653
08/08/2016,PDX,OR,ANM,WE,Towers with Radar,515,88,34,4,641,0,20,8,1,29,515,108,42,5,670,0,0,0,670
08/09/2016,PDX,OR,ANM,WE,Towers with Radar,563,96,34,26,719,0,20,14,0,34,563,116,48,26,753,0,0,0,753
08/10/2016,PDX,OR,ANM,WE,Towers with Radar,565,90,29,35,719,0,26,24,0,50,565,116,53,35,769,16,0,16,785
08/11/2016,PDX,OR,ANM,WE,Towers with Radar,567,90,50,21,728,0,25,35,1,61,567,115,85,22,789,42,0,42,831
08/12/2016,PDX,OR,ANM,WE,Towers with Radar,547,89,23,11,670,0,26,32,1,59,547,115,55,12,729,22,0,22,751
08/13/2016,PDX,OR,ANM,WE,Towers with Radar,451,60,9,1,521,0,5,18,0,23,451,65,27,1,544,12,0,12,556
08/14/2016,PDX,OR,ANM,WE,Towers with Radar,524,65,23,1,613,0,3,25,0,28,524,68,48,1,641,4,0,4,645
08/15/2016,PDX,OR,ANM,WE,Towers with Radar,541,69,43,5,658,0,28,21,0,49,541,97,64,5,707,44,0,44,751
08/16/2016,PDX,OR,ANM,WE,Towers with Radar,551,90,36,6,683,0,22,21,0,43,551,112,57,6,726,26,0,26,752
08/17/2016,PDX,OR,ANM,WE,Towers with Radar,553,85,34,10,682,0,31,18,1,50,553,116,52,11,732,33,0,33,765
08/18/2016,PDX,OR,ANM,WE,Towers with Radar,548,88,28,4,668,0,29,25,0,54,548,117,53,4,722,24,0,24,746
08/19/2016,PDX,OR,ANM,WE,Towers with Radar,546,76,14,3,639,0,34,16,0,50,546,110,30,3,689,6,0,6,695
08/20/2016,PDX,OR,ANM,WE,Towers with Radar,446,61,12,4,523,0,7,22,4,33,446,68,34,8,556,0,0,0,556
08/21/2016,PDX,OR,ANM,WE,Towers with Radar,503,64,28,2,597,0,3,17,0,20,503,67,45,2,617,0,0,0,617
08/22/2016,PDX,OR,ANM,WE,Towers with Radar,530,70,19,1,620,0,21,27,0,48,530,91,46,1,668,22,0,22,690
08/23/2016,PDX,OR,ANM,WE,Towers with Radar,547,82,24,4,657,0,27,30,3,60,547,109,54,7,717,54,0,54,771
08/24/2016,PDX,OR,ANM,WE,Towers with Radar,528,81,36,4,649,0,30,12,0,42,528,111,48,4,691,14,0,14,705
08/25/2016,PDX,OR,ANM,WE,Towers with Radar,549,78,30,1,658,0,32,23,4,59,549,110,53,5,717,0,0,0,717
08/26/2016,PDX,OR,ANM,WE,Towers with Radar,536,85,33,4,658,0,31,22,2,55,536,116,55,6,713,8,0,8,721
08/27/2016,PDX,OR,ANM,WE,Towers with Radar,434,69,10,1,514,0,6,9,0,15,434,75,19,1,529,18,0,18,547
08/28/2016,PDX,OR,ANM,WE,Towers with Radar,484,63,15,0,562,0,9,16,0,25,484,72,31,0,587,12,0,12,599
08/29/2016,PDX,OR,ANM,WE,Towers with Radar,493,88,30,0,611,0,32,14,0,46,493,120,44,0,657,52,0,52,709
08/30/2016,PDX,OR,ANM,WE,Towers with Radar,503,101,41,5,650,0,22,15,0,37,503,123,56,5,687,14,0,14,701
08/31/2016,PDX,OR,ANM,WE,Towers with Radar,511,96,43,4,654,0,16,19,0,35,511,112,62,4,689,2,0,2,691
09/01/2016,PDX,OR,ANM,WE,Towers with Radar,510,96,42,5,653,0,24,15,0,39,510,120,57,5,692,0,0,0,692
09/02/2016,PDX,OR,ANM,WE,Towers with Radar,507,114,43,8,672,0,19,14,0,33,507,133,57,8,705,0,0,0,705
09/03/2016,PDX,OR,ANM,WE,Towers with Radar,395,71,18,2,486,0,3,14,0,17,395,74,32,2,503,2,0,2,505
09/04/2016,PDX,OR,ANM,WE,Towers with Radar,426,58,21,1,506,0,1,14,0,15,426,59,35,1,521,10,0,10,531
09/05/2016,PDX,OR,ANM,WE,Towers with Radar,457,70,33,0,560,0,3,18,0,21,457,73,51,0,581,26,0,26,607
09/06/2016,PDX,OR,ANM,WE,Towers with Radar,465,116,59,16,656,0,14,5,0,19,465,130,64,16,675,10,0,10,685
09/07/2016,PDX,OR,ANM,WE,Towers with Radar,499,105,46,20,670,0,21,19,0,40,499,126,65,20,710,2,0,2,712
09/08/2016,PDX,OR,ANM,WE,Towers with Radar,504,111,48,16,679,0,25,25,2,52,504,136,73,18,731,6,0,6,737
09/09/2016,PDX,OR,ANM,WE,Towers with Radar,487,96,32,9,624,0,25,18,1,44,487,121,50,10,668,14,0,14,682
09/10/2016,PDX,OR,ANM,WE,Towers with Radar,400,61,9,9,479,0,20,13,1,34,400,81,22,10,513,10,0,10,523
09/11/2016,PDX,OR,ANM,WE,Towers with Radar,465,66,26,10,567,0,2,13,2,17,465,68,39,12,584,0,0,0,584
09/12/2016,PDX,OR,ANM,WE,Towers with Radar,487,92,25,7,611,0,24,15,0,39,487,116,40,7,650,0,0,0,650
09/13/2016,PDX,OR,ANM,WE,Towers with Radar,486,96,49,20,651,0,28,29,4,61,486,124,78,24,712,28,0,28,740
09/14/2016,PDX,OR,ANM,WE,Towers with Radar,489,96,34,43,662,0,33,37,3,73,489,129,71,46,735,24,0,24,759
09/15/2016,PDX,OR,ANM,WE,Towers with Radar,537,64,55,46,702,0,25,27,3,55,537,89,82,49,757,34,0,34,791
09/16/2016,PDX,OR,ANM,WE,Towers with Radar,532,54,46,42,674,0,30,22,1,53,532,84,68,43,727,6,0,6,733
09/17/2016,PDX,OR,ANM,WE,Towers with Radar,431,37,17,9,494,0,0,4,1,5,431,37,21,10,499,14,0,14,513
09/18/2016,PDX,OR,ANM,WE,Towers with Radar,495,30,19,6,550,0,0,7,3,10,495,30,26,9,560,0,0,0,560
09/19/2016,PDX,OR,ANM,WE,Towers with Radar,524,42,42,32,640,0,23,11,0,34,524,65,53,32,674,0,0,0,674
09/20/2016,PDX,OR,ANM,WE,Towers with Radar,527,50,32,39,648,0,25,9,0,34,527,75,41,39,682,20,0,20,702
09/21/2016,PDX,OR,ANM,WE,Towers with Radar,533,50,26,48,657,0,20,22,0,42,533,70,48,48,699,14,0,14,713
09/22/2016,PDX,OR,ANM,WE,Towers with Radar,536,51,60,44,691,0,22,26,0,48,536,73,86,44,739,8,0,8,747
09/23/2016,PDX,OR,ANM,WE,Towers with Radar,530,56,33,31,650,0,14,10,0,24,530,70,43,31,674,6,0,6,680
09/24/2016,PDX,OR,ANM,WE,Towers with Radar,431,35,20,8,494,0,3,11,0,14,431,38,31,8,508,2,0,2,510
09/25/2016,PDX,OR,ANM,WE,Towers with Radar,503,31,31,3,568,0,0,18,0,18,503,31,49,3,586,4,0,4,590
09/26/2016,PDX,OR,ANM,WE,Towers with Radar,528,50,25,0,603,0,24,13,0,37,528,74,38,0,640,34,0,34,674
09/27/2016,PDX,OR,ANM,WE,Towers with Radar,527,56,41,41,665,0,23,13,0,36,527,79,54,41,701,24,0,24,725
09/28/2016,PDX,OR,ANM,WE,Towers with Radar,529,48,35,28,640,0,22,19,0,41,529,70,54,28,681,0,0,0,681
09/29/2016,PDX,OR,ANM,WE,Towers with Radar,531,53,39,18,641,0,22,18,0,40,531,75,57,18,681,6,0,6,687
09/30/2016,PDX,OR,ANM,WE,Towers with Radar,531,56,35,1,623,0,21,7,0,28,531,77,42,1,651,18,0,18,669
10/01/2016,PDX,OR,ANM,WE,Towers with Radar,426,32,22,29,509,0,6,9,0,15,426,38,31,29,524,0,0,0,524
10/02/2016,PDX,OR,ANM,WE,Towers with Radar,492,30,23,11,556,0,0,4,0,4,492,30,27,11,560,0,0,0,560
10/03/2016,PDX,OR,ANM,WE,Towers with Radar,527,51,20,0,598,0,18,15,4,37,527,69,35,4,635,8,0,8,643
10/04/2016,PDX,OR,ANM,WE,Towers with Radar,521,58,38,16,633,0,17,5,0,22,521,75,43,16,655,0,0,0,655
10/05/2016,PDX,OR,ANM,WE,Towers with Radar,531,58,46,15,650,0,12,2,0,14,531,70,48,15,664,0,0,0,664
10/06/2016,PDX,OR,ANM,WE,Towers with Radar,526,60,40,26,652,0,16,2,0,18,526,76,42,26,670,6,0,6,676
10/07/2016,PDX,OR,ANM,WE,Towers with Radar,523,69,48,12,652,0,3,2,0,5,523,72,50,12,657,0,0,0,657
10/08/2016,PDX,OR,ANM,WE,Towers with Radar,431,40,30,3,504,0,3,1,1,5,431,43,31,4,509,42,0,42,551
10/09/2016,PDX,OR,ANM,WE,Towers with Radar,499,22,17,2,540,0,0,0,0,0,499,22,17,2,540,0,0,0,540
10/10/2016,PDX,OR,ANM,WE,Towers with Radar,527,46,34,0,607,0,19,16,1,36,527,65,50,1,643,4,0,4,647
10/11/2016,PDX,OR,ANM,WE,Towers with Radar,516,54,31,8,609,0,18,11,0,29,516,72,42,8,638,12,0,12,650
10/12/2016,PDX,OR,ANM,WE,Towers with Radar,528,58,39,16,641,1,18,20,4,43,529,76,59,20,684,12,0,12,696
10/13/2016,PDX,OR,ANM,WE,Towers with Radar,527,70,37,7,641,0,4,1,0,5,527,74,38,7,646,0,0,0,646
10/14/2016,PDX,OR,ANM,WE,Towers with Radar,512,56,22,2,592,0,9,0,0,9,512,65,22,2,601,0,0,0,601
10/15/2016,PDX,OR,ANM,WE,Towers with Radar,415,27,15,2,459,0,4,0,0,4,415,31,15,2,463,0,0,0,463
10/16/2016,PDX,OR,ANM,WE,Towers with Radar,493,25,14,2,534,0,0,4,0,4,493,25,18,2,538,0,0,0,538
10/17/2016,PDX,OR,ANM,WE,Towers with Radar,515,50,35,8,608,0,13,2,1,16,515,63,37,9,624,0,0,0,624
10/18/2016,PDX,OR,ANM,WE,Towers with Radar,525,53,34,5,617,0,20,2,1,23,525,73,36,6,640,4,0,4,644
10/19/2016,PDX,OR,ANM,WE,Towers with Radar,518,57,44,6,625,0,20,9,0,29,518,77,53,6,654,0,0,0,654
10/20/2016,PDX,OR,ANM,WE,Towers with Radar,530,82,54,10,676,0,5,2,0,7,530,87,56,10,683,0,0,0,683
10/21/2016,PDX,OR,ANM,WE,Towers with Radar,528,81,58,5,672,0,13,6,0,19,528,94,64,5,691,0,0,0,691
10/22/2016,PDX,OR,ANM,WE,Towers with Radar,424,32,22,6,484,0,6,15,0,21,424,38,37,6,505,36,0,36,541
10/23/2016,PDX,OR,ANM,WE,Towers with Radar,490,29,20,4,543,0,2,6,0,8,490,31,26,4,551,0,0,0,551
10/24/2016,PDX,OR,ANM,WE,Towers with Radar,500,49,34,5,588,0,13,9,2,24,500,62,43,7,612,0,0,0,612
10/25/2016,PDX,OR,ANM,WE,Towers with Radar,516,59,40,18,633,0,19,16,0,35,516,78,56,18,668,0,0,0,668
10/26/2016,PDX,OR,ANM,WE,Towers with Radar,525,68,20,27,640,0,5,2,0,7,525,73,22,27,647,0,0,0,647
10/27/2016,PDX,OR,ANM,WE,Towers with Radar,526,58,44,15,643,0,21,8,0,29,526,79,52,15,672,0,0,0,672
10/28/2016,PDX,OR,ANM,WE,Towers with Radar,516,61,31,12,620,0,21,31,0,52,516,82,62,12,672,4,0,4,676
10/29/2016,PDX,OR,ANM,WE,Towers with Radar,410,30,22,0,462,0,6,12,0,18,410,36,34,0,480,2,0,2,482
10/30/2016,PDX,OR,ANM,WE,Towers with Radar,484,34,20,2,540,0,0,4,1,5,484,34,24,3,545,0,0,0,545
10/31/2016,PDX,OR,ANM,WE,Towers with Radar,486,40,28,16,570,0,17,7,0,24,486,57,35,16,594,12,0,12,606
11/01/2016,PDX,OR,ANM,WE,Towers with Radar,510,48,25,15,598,0,18,8,1,27,510,66,33,16,625,6,0,6,631
11/02/2016,PDX,OR,ANM,WE,Towers with Radar,507,64,30,21,622,0,21,18,0,39,507,85,48,21,661,12,0,12,673
11/03/2016,PDX,OR,ANM,WE,Towers with Radar,523,59,48,13,643,0,23,20,1,44,523,82,68,14,687,2,0,2,689
11/04/2016,PDX,OR,ANM,WE,Towers with Radar,538,61,34,6,639,0,17,29,2,48,538,78,63,8,687,0,0,0,687
11/05/2016,PDX,OR,ANM,WE,Towers with Radar,408,39,20,27,494,0,0,5,0,5,408,39,25,27,499,0,0,0,499
11/06/2016,PDX,OR,ANM,WE,Towers with Radar,485,22,13,10,530,0,0,15,0,15,485,22,28,10,545,2,0,2,547
11/07/2016,PDX,OR,ANM,WE,Towers with Radar,498,48,13,5,564,0,16,20,1,37,498,64,33,6,601,14,0,14,615
11/08/2016,PDX,OR,ANM,WE,Towers with Radar,483,50,34,16,583,0,20,13,0,33,483,70,47,16,616,22,0,22,638
11/09/2016,PDX,OR,ANM,WE,Towers with Radar,506,54,23,24,607,0,17,16,0,33,506,71,39,24,640,8,0,8,648
11/10/2016,PDX,OR,ANM,WE,Towers with Radar,532,65,42,13,652,0,22,22,0,44,532,87,64,13,696,4,0,4,700
11/11/2016,PDX,OR,ANM,WE,Towers with Radar,523,59,19,1,602,0,25,14,0,39,523,84,33,1,641,2,0,2,643
11/12/2016,PDX,OR,ANM,WE,Towers with Radar,401,34,22,0,457,0,3,6,0,9,401,37,28,0,466,2,0,2,468
11/13/2016,PDX,OR,ANM,WE,Towers with Radar,483,26,17,1,527,0,1,8,1,10,483,27,25,2,537,2,0,2,539
11/14/2016,PDX,OR,ANM,WE,Towers with Radar,507,62,35,23,627,0,0,1,0,1,507,62,36,23,628,0,0,0,628
11/15/2016,PDX,OR,ANM,WE,Towers with Radar,506,55,46,22,629,0,19,6,0,25,506,74,52,22,654,0,0,0,654
11/16/2016,PDX,OR,ANM,WE,Towers with Radar,508,57,40,28,633,0,17,2,1,20,508,74,42,29,653,0,0,0,653
11/17/2016,PDX,OR,ANM,WE,Towers with Radar,521,60,59,9,649,0,17,7,0,24,521,77,66,9,673,6,0,6,679
11/18/2016,PDX,OR,ANM,WE,Towers with Radar,514,53,37,10,614,0,20,14,0,34,514,73,51,10,648,0,0,0,648
11/19/2016,PDX,OR,ANM,WE,Towers with Radar,435,30,23,0,488,0,9,8,0,17,435,39,31,0,505,0,0,0,505
11/20/2016,PDX,OR,ANM,WE,Towers with Radar,474,23,18,1,516,0,0,4,0,4,474,23,22,1,520,4,0,4,524
11/21/2016,PDX,OR,ANM,WE,Towers with Radar,483,54,17,17,571,0,21,8,0,29,483,75,25,17,600,2,0,2,602
11/22/2016,PDX,OR,ANM,WE,Towers with Radar,526,78,27,18,649,0,5,9,1,15,526,83,36,19,664,0,0,0,664
11/23/2016,PDX,OR,ANM,WE,Towers with Radar,533,74,44,6,657,0,11,4,0,15,533,85,48,6,672,0,0,0,672
11/24/2016,PDX,OR,ANM,WE,Towers with Radar,371,14,7,0,392,0,0,0,0,0,371,14,7,0,392,0,0,0,392
11/25/2016,PDX,OR,ANM,WE,Towers with Radar,432,64,15,0,511,0,19,8,0,27,432,83,23,0,538,0,0,0,538
11/26/2016,PDX,OR,ANM,WE,Towers with Radar,476,33,18,0,527,0,7,3,0,10,476,40,21,0,537,0,0,0,537
11/27/2016,PDX,OR,ANM,WE,Towers with Radar,511,42,40,4,597,0,0,1,0,1,511,42,41,4,598,0,0,0,598
11/28/2016,PDX,OR,ANM,WE,Towers with Radar,520,60,38,23,641,0,21,3,0,24,520,81,41,23,665,0,0,0,665
11/29/2016,PDX,OR,ANM,WE,Towers with Radar,519,61,37,18,635,0,24,14,0,38,519,85,51,18,673,10,0,10,683
11/30/2016,PDX,OR,ANM,WE,Towers with Radar,522,65,50,12,649,0,26,5,0,31,522,91,55,12,680,0,0,0,680
12/01/2016,PDX,OR,ANM,WE,Towers with Radar,519,73,47,12,651,0,13,1,0,14,519,86,48,12,665,0,0,0,665
12/02/2016,PDX,OR,ANM,WE,Towers with Radar,504,66,39,10,619,0,13,4,0,17,504,79,43,10,636,0,0,0,636
12/03/2016,PDX,OR,ANM,WE,Towers with Radar,398,33,14,33,478,0,7,2,0,9,398,40,16,33,487,0,0,0,487
12/04/2016,PDX,OR,ANM,WE,Towers with Radar,470,28,13,1,512,0,0,7,1,8,470,28,20,2,520,0,0,0,520
12/05/2016,PDX,OR,ANM,WE,Towers with Radar,496,82,28,0,606,0,0,0,0,0,496,82,28,0,606,0,0,0,606
12/06/2016,PDX,OR,ANM,WE,Towers with Radar,502,63,27,12,604,0,21,9,2,32,502,84,36,14,636,2,0,2,638
12/07/2016,PDX,OR,ANM,WE,Towers with Radar,512,66,24,10,612,0,22,13,0,35,512,88,37,10,647,0,0,0,647
12/08/2016,PDX,OR,ANM,WE,Towers with Radar,379,63,24,10,476,0,1,3,0,4,379,64,27,10,480,0,0,0,480
12/09/2016,PDX,OR,ANM,WE,Towers with Radar,346,34,22,1,403,0,0,0,0,0,346,34,22,1,403,0,0,0,403
12/10/2016,PDX,OR,ANM,WE,Towers with Radar,406,41,17,0,464,0,1,0,0,1,406,42,17,0,465,0,0,0,465
12/11/2016,PDX,OR,ANM,WE,Towers with Radar,456,23,15,4,498,0,0,0,0,0,456,23,15,4,498,0,0,0,498
12/12/2016,PDX,OR,ANM,WE,Towers with Radar,482,62,35,17,596,0,16,0,0,16,482,78,35,17,612,0,0,0,612
12/13/2016,PDX,OR,ANM,WE,Towers with Radar,522,74,40,17,653,0,23,19,0,42,522,97,59,17,695,0,0,0,695
12/14/2016,PDX,OR,ANM,WE,Towers with Radar,499,68,34,11,612,0,3,2,0,5,499,71,36,11,617,0,0,0,617
12/15/2016,PDX,OR,ANM,WE,Towers with Radar,527,70,35,23,655,0,20,7,0,27,527,90,42,23,682,0,0,0,682
12/16/2016,PDX,OR,ANM,WE,Towers with Radar,524,57,21,8,610,0,19,9,0,28,524,76,30,8,638,2,0,2,640
12/17/2016,PDX,OR,ANM,WE,Towers with Radar,468,46,20,0,534,0,10,0,0,10,468,56,20,0,544,6,0,6,550
12/18/2016,PDX,OR,ANM,WE,Towers with Radar,496,33,25,0,554,0,0,7,0,7,496,33,32,0,561,4,0,4,565
12/19/2016,PDX,OR,ANM,WE,Towers with Radar,474,85,29,14,602,0,0,2,0,2,474,85,31,14,604,0,0,0,604
12/20/2016,PDX,OR,ANM,WE,Towers with Radar,586,72,30,19,707,0,23,5,0,28,586,95,35,19,735,0,0,0,735
12/21/2016,PDX,OR,ANM,WE,Towers with Radar,579,60,31,5,675,0,1,2,0,3,579,61,33,5,678,0,0,0,678
12/22/2016,PDX,OR,ANM,WE,Towers with Radar,581,96,42,16,735,0,34,7,0,41,581,130,49,16,776,10,0,10,786
12/23/2016,PDX,OR,ANM,WE,Towers with Radar,534,77,33,0,644,1,23,1,0,25,535,100,34,0,669,0,0,0,669
12/24/2016,PDX,OR,ANM,WE,Towers with Radar,452,63,7,0,522,0,6,0,0,6,452,69,7,0,528,0,0,0,528
12/25/2016,PDX,OR,ANM,WE,Towers with Radar,418,9,11,0,438,0,0,2,0,2,418,9,13,0,440,0,0,0,440
12/26/2016,PDX,OR,ANM,WE,Towers with Radar,484,38,32,0,554,0,0,0,0,0,484,38,32,0,554,0,0,0,554
12/27/2016,PDX,OR,ANM,WE,Towers with Radar,527,66,15,17,625,0,20,10,0,30,527,86,25,17,655,0,0,0,655
12/28/2016,PDX,OR,ANM,WE,Towers with Radar,570,71,23,8,672,0,16,1,0,17,570,87,24,8,689,24,0,24,713
12/29/2016,PDX,OR,ANM,WE,Towers with Radar,553,67,26,3,649,0,17,5,0,22,553,84,31,3,671,0,0,0,671
12/30/2016,PDX,OR,ANM,WE,Towers with Radar,534,70,18,0,622,0,22,5,0,27,534,92,23,0,649,0,0,0,649
12/31/2016,PDX,OR,ANM,WE,Towers with Radar,438,49,11,0,498,0,0,0,0,0,438,49,11,0,498,0,0,0,498
01/01/2017,PDX,OR,ANM,WE,Towers with Radar,426,20,9,0,455,0,0,1,0,1,426,20,10,0,456,0,0,0,456
01/02/2017,PDX,OR,ANM,WE,Towers with Radar,478,37,30,0,545,0,3,7,0,10,478,40,37,0,555,0,0,0,555
01/03/2017,PDX,OR,ANM,WE,Towers with Radar,505,59,17,26,607,0,21,5,0,26,505,80,22,26,633,0,0,0,633
01/04/2017,PDX,OR,ANM,WE,Towers with Radar,507,52,24,12,595,0,22,11,0,33,507,74,35,12,628,4,0,4,632
01/05/2017,PDX,OR,ANM,WE,Towers with Radar,496,62,39,14,611,0,26,42,0,68,496,88,81,14,679,12,0,12,691
01/06/2017,PDX,OR,ANM,WE,Towers with Radar,494,66,24,23,607,0,22,20,0,42,494,88,44,23,649,2,0,2,651
01/07/2017,PDX,OR,ANM,WE,Towers with Radar,263,35,11,0,309,0,1,0,0,1,263,36,11,0,310,14,0,14,324
01/08/2017,PDX,OR,ANM,WE,Towers with Radar,248,10,12,0,270,0,0,0,0,0,248,10,12,0,270,0,0,0,270
01/09/2017,PDX,OR,ANM,WE,Towers with Radar,454,63,33,1,551,0,1,2,0,3,454,64,35,1,554,0,0,0,554
01/10/2017,PDX,OR,ANM,WE,Towers with Radar,398,66,31,16,511,0,2,0,0,2,398,68,31,16,513,2,0,2,515
01/11/2017,PDX,OR,ANM,WE,Towers with Radar,364,29,12,1,406,0,0,0,2,2,364,29,12,3,408,0,0,0,408
01/12/2017,PDX,OR,ANM,WE,Towers with Radar,491,79,19,0,589,0,20,13,2,35,491,99,32,2,624,0,0,0,624
01/13/2017,PDX,OR,ANM,WE,Towers with Radar,482,60,34,4,580,0,18,10,0,28,482,78,44,4,608,12,0,12,620
01/14/2017,PDX,OR,ANM,WE,Towers with Radar,400,37,17,4,458,0,9,8,0,17,400,46,25,4,475,0,0,0,475
01/15/2017,PDX,OR,ANM,WE,Towers with Radar,409,30,12,0,451,0,1,15,0,16,409,31,27,0,467,0,0,0,467
01/16/2017,PDX,OR,ANM,WE,Towers with Radar,464,56,22,2,544,0,22,7,0,29,464,78,29,2,573,0,0,0,573
01/17/2017,PDX,OR,ANM,WE,Towers with Radar,336,38,25,0,399,0,3,1,0,4,336,41,26,0,403,0,0,0,403
01/18/2017,PDX,OR,ANM,WE,Towers with Radar,464,75,40,11,590,0,9,5,0,14,464,84,45,11,604,0,0,0,604
01/19/2017,PDX,OR,ANM,WE,Towers with Radar,484,67,41,20,612,0,21,12,1,34,484,88,53,21,646,0,0,0,646
01/20/2017,PDX,OR,ANM,WE,Towers with Radar,468,63,23,9,563,0,17,11,0,28,468,80,34,9,591,0,0,0,591
01/21/2017,PDX,OR,ANM,WE,Towers with Radar,390,42,15,1,448,0,4,0,0,4,390,46,15,1,452,0,0,0,452
01/22/2017,PDX,OR,ANM,WE,Towers with Radar,420,33,20,2,475,0,2,4,0,6,420,35,24,2,481,0,0,0,481
01/23/2017,PDX,OR,ANM,WE,Towers with Radar,470,52,17,6,545,0,23,15,1,39,470,75,32,7,584,14,0,14,598
01/24/2017,PDX,OR,ANM,WE,Towers with Radar,459,71,37,11,578,0,16,4,0,20,459,87,41,11,598,0,0,0,598
01/25/2017,PDX,OR,ANM,WE,Towers with Radar,466,61,36,1,564,0,15,12,0,27,466,76,48,1,591,0,0,0,591
01/26/2017,PDX,OR,ANM,WE,Towers with Radar,483,63,45,16,607,0,16,6,0,22,483,79,51,16,629,0,0,0,629
01/27/2017,PDX,OR,ANM,WE,Towers with Radar,476,64,30,1,571,0,23,15,0,38,476,87,45,1,609,0,0,0,609
01/28/2017,PDX,OR,ANM,WE,Towers with Radar,377,37,5,0,419,0,12,20,0,32,377,49,25,0,451,18,0,18,469
01/29/2017,PDX,OR,ANM,WE,Towers with Radar,418,33,17,0,468,0,3,9,0,12,418,36,26,0,480,2,0,2,482
01/30/2017,PDX,OR,ANM,WE,Towers with Radar,470,61,23,3,557,0,11,0,0,11,470,72,23,3,568,0,0,0,568
01/31/2017,PDX,OR,ANM,WE,Towers with Radar,452,60,22,11,545,0,15,11,0,26,452,75,33,11,571,20,0,20,591
02/01/2017,PDX,OR,ANM,WE,Towers with Radar,469,55,28,4,556,0,17,6,0,23,469,72,34,4,579,6,0,6,585
02/02/2017,PDX,OR,ANM,WE,Towers with Radar,475,62,32,10,579,0,19,9,0,28,475,81,41,10,607,4,0,4,611
02/03/2017,PDX,OR,ANM,WE,Towers with Radar,434,44,25,0,503,0,1,1,0,2,434,45,26,0,505,0,0,0,505
02/04/2017,PDX,OR,ANM,WE,Towers with Radar,389,49,7,0,445,0,1,1,0,2,389,50,8,0,447,0,0,0,447
02/05/2017,PDX,OR,ANM,WE,Towers with Radar,391,31,13,0,435,0,0,0,0,0,391,31,13,0,435,0,0,0,435
02/06/2017,PDX,OR,ANM,WE,Towers with Radar,421,54,25,0,500,0,15,2,0,17,421,69,27,0,517,0,0,0,517
02/07/2017,PDX,OR,ANM,WE,Towers with Radar,443,81,41,6,571,0,2,2,0,4,443,83,43,6,575,0,0,0,575
02/08/2017,PDX,OR,ANM,WE,Towers with Radar,461,80,40,4,585,0,0,0,0,0,461,80,40,4,585,0,0,0,585
02/09/2017,PDX,OR,ANM,WE,Towers with Radar,479,78,32,6,595,0,9,2,0,11,479,87,34,6,606,0,0,0,606
02/10/2017,PDX,OR,ANM,WE,Towers with Radar,473,71,31,3,578,0,16,7,0,23,473,87,38,3,601,0,0,0,601
02/11/2017,PDX,OR,ANM,WE,Towers with Radar,385,40,14,17,456,0,7,7,0,14,385,47,21,17,470,2,0,2,472
02/12/2017,PDX,OR,ANM,WE,Towers with Radar,437,33,15,5,490,0,2,19,0,21,437,35,34,5,511,8,0,8,519
02/13/2017,PDX,OR,ANM,WE,Towers with Radar,476,50,22,1,549,0,20,23,0,43,476,70,45,1,592,0,0,0,592
02/14/2017,PDX,OR,ANM,WE,Towers with Radar,452,59,14,14,539,0,25,25,0,50,452,84,39,14,589,0,0,0,589
02/15/2017,PDX,OR,ANM,WE,Towers with Radar,470,84,45,23,622,0,3,0,0,3,470,87,45,23,625,0,0,0,625
02/16/2017,PDX,OR,ANM,WE,Towers with Radar,481,68,43,15,607,0,12,5,0,17,481,80,48,15,624,0,0,0,624
02/17/2017,PDX,OR,ANM,WE,Towers with Radar,473,58,19,5,555,0,19,17,0,36,473,77,36,5,591,4,0,4,595
02/18/2017,PDX,OR,ANM,WE,Towers with Radar,394,40,19,0,453,0,4,2,0,6,394,44,21,0,459,0,0,0,459
02/19/2017,PDX,OR,ANM,WE,Towers with Radar,418,21,8,0,447,0,0,5,0,5,418,21,13,0,452,2,0,2,454
02/20/2017,PDX,OR,ANM,WE,Towers with Radar,473,54,26,0,553,0,16,0,4,20,473,70,26,4,573,4,0,4,577
02/21/2017,PDX,OR,ANM,WE,Towers with Radar,478,66,26,16,586,0,16,4,0,20,478,82,30,16,606,0,0,0,606
02/22/2017,PDX,OR,ANM,WE,Towers with Radar,479,55,31,12,577,0,18,9,0,27,479,73,40,12,604,0,0,0,604
02/23/2017,PDX,OR,ANM,WE,Towers with Radar,485,59,45,11,600,0,20,3,2,25,485,79,48,13,625,0,0,0,625
02/24/2017,PDX,OR,ANM,WE,Towers with Radar,475,69,28,5,577,0,3,2,0,5,475,72,30,5,582,0,0,0,582
02/25/2017,PDX,OR,ANM,WE,Towers with Radar,398,44,20,1,463,0,3,7,0,10,398,47,27,1,473,3,0,3,476
02/26/2017,PDX,OR,ANM,WE,Towers with Radar,443,21,14,6,484,0,0,4,0,4,443,21,18,6,488,0,0,0,488
02/27/2017,PDX,OR,ANM,WE,Towers with Radar,471,65,29,4,569,0,3,2,0,5,471,68,31,4,574,0,0,0,574
02/28/2017,PDX,OR,ANM,WE,Towers with Radar,472,58,30,6,566,0,19,7,0,26,472,77,37,6,592,0,0,0,592
03/01/2017,PDX,OR,ANM,WE,Towers with Radar,478,76,46,7,607,0,17,7,0,24,478,93,53,7,631,12,0,12,643
03/02/2017,PDX,OR,ANM,WE,Towers with Radar,480,57,51,0,588,0,13,6,0,19,480,70,57,0,607,0,0,0,607
03/03/2017,PDX,OR,ANM,WE,Towers with Radar,475,76,31,4,586,0,6,3,0,9,475,82,34,4,595,0,0,0,595
03/04/2017,PDX,OR,ANM,WE,Towers with Radar,401,43,16,14,474,0,1,4,0,5,401,44,20,14,479,0,0,0,479
03/05/2017,PDX,OR,ANM,WE,Towers with Radar,439,39,17,4,499,0,0,4,0,4,439,39,21,4,503,0,0,0,503
03/06/2017,PDX,OR,ANM,WE,Towers with Radar,474,57,37,2,570,0,14,1,0,15,474,71,38,2,585,0,0,0,585
03/07/2017,PDX,OR,ANM,WE,Towers with Radar,471,74,21,8,574,0,1,0,0,1,471,75,21,8,575,0,0,0,575
03/08/2017,PDX,OR,ANM,WE,Towers with Radar,485,88,30,4,607,0,0,0,0,0,485,88,30,4,607,0,0,0,607
03/09/2017,PDX,OR,ANM,WE,Towers with Radar,507,80,50,10,647,0,5,0,0,5,507,85,50,10,652,0,2,2,654
03/10/2017,PDX,OR,ANM,WE,Towers with Radar,505,64,36,0,605,0,17,26,0,43,505,81,62,0,648,0,0,0,648
03/11/2017,PDX,OR,ANM,WE,Towers with Radar,420,36,10,2,468,0,6,8,1,15,420,42,18,3,483,2,0,2,485
03/12/2017,PDX,OR,ANM,WE,Towers with Radar,464,32,24,3,523,0,2,26,0,28,464,34,50,3,551,4,0,4,555
03/13/2017,PDX,OR,ANM,WE,Towers with Radar,496,81,15,14,606,0,0,2,0,2,496,81,17,14,608,4,0,4,612
03/14/2017,PDX,OR,ANM,WE,Towers with Radar,488,77,27,3,595,0,3,2,0,5,488,80,29,3,600,0,0,0,600
03/15/2017,PDX,OR,ANM,WE,Towers with Radar,501,78,44,13,636,0,3,7,0,10,501,81,51,13,646,22,0,22,668
03/16/2017,PDX,OR,ANM,WE,Towers with Radar,511,63,38,10,622,0,23,14,0,37,511,86,52,10,659,18,6,24,683
03/17/2017,PDX,OR,ANM,WE,Towers with Radar,508,76,33,5,622,0,14,7,0,21,508,90,40,5,643,0,0,0,643
03/18/2017,PDX,OR,ANM,WE,Towers with Radar,428,50,18,0,496,0,5,4,0,9,428,55,22,0,505,0,0,0,505
03/19/2017,PDX,OR,ANM,WE,Towers with Radar,475,26,17,3,521,0,1,11,0,12,475,27,28,3,533,0,0,0,533
03/20/2017,PDX,OR,ANM,WE,Towers with Radar,500,60,30,7,597,0,15,10,0,25,500,75,40,7,622,16,0,16,638
03/21/2017,PDX,OR,ANM,WE,Towers with Radar,503,61,27,4,595,0,17,15,0,32,503,78,42,4,627,0,0,0,627
03/22/2017,PDX,OR,ANM,WE,Towers with Radar,514,66,26,11,617,0,16,5,0,21,514,82,31,11,638,0,0,0,638
03/23/2017,PDX,OR,ANM,WE,Towers with Radar,528,55,34,9,626,0,22,14,4,40,528,77,48,13,666,14,0,14,680
03/24/2017,PDX,OR,ANM,WE,Towers with Radar,525,66,38,0,629,0,5,7,1,13,525,71,45,1,642,2,0,2,644
03/25/2017,PDX,OR,ANM,WE,Towers with Radar,446,45,20,1,512,0,7,7,0,14,446,52,27,1,526,0,0,0,526
03/26/2017,PDX,OR,ANM,WE,Towers with Radar,480,32,13,1,526,0,0,4,0,4,480,32,17,1,530,0,0,0,530
03/27/2017,PDX,OR,ANM,WE,Towers with Radar,502,55,14,2,573,0,16,3,0,19,502,71,17,2,592,0,0,0,592
03/28/2017,PDX,OR,ANM,WE,Towers with Radar,506,54,23,11,594,0,18,6,0,24,506,72,29,11,618,4,0,4,622
03/29/2017,PDX,OR,ANM,WE,Towers with Radar,523,63,35,26,647,0,13,4,0,17,523,76,39,26,664,0,0,0,664
03/30/2017,PDX,OR,ANM,WE,Towers with Radar,522,57,28,19,626,0,22,11,0,33,522,79,39,19,659,0,0,0,659
03/31/2017,PDX,OR,ANM,WE,Towers with Radar,510,58,27,7,602,0,17,11,2,30,510,75,38,9,632,10,0,10,642
04/01/2017,PDX,OR,ANM,WE,Towers with Radar,439,46,11,33,529,0,3,5,0,8,439,49,16,33,537,0,0,0,537
04/02/2017,PDX,OR,ANM,WE,Towers with Radar,469,35,23,8,535,0,0,12,0,12,469,35,35,8,547,4,0,4,551
04/03/2017,PDX,OR,ANM,WE,Towers with Radar,513,48,10,4,575,0,19,22,0,41,513,67,32,4,616,2,0,2,618
04/04/2017,PDX,OR,ANM,WE,Towers with Radar,503,58,27,23,611,0,21,14,2,37,503,79,41,25,648,12,0,12,660
04/05/2017,PDX,OR,ANM,WE,Towers with Radar,511,60,32,11,614,0,20,7,0,27,511,80,39,11,641,8,0,8,649
04/06/2017,PDX,OR,ANM,WE,Towers with Radar,511,55,34,24,624,0,19,14,0,33,511,74,48,24,657,0,4,4,661
04/07/2017,PDX,OR,ANM,WE,Towers with Radar,528,62,18,0,608,0,11,5,0,16,528,73,23,0,624,0,0,0,624
04/08/2017,PDX,OR,ANM,WE,Towers with Radar,424,35,13,6,478,0,6,4,1,11,424,41,17,7,489,0,0,0,489
04/09/2017,PDX,OR,ANM,WE,Towers with Radar,472,34,29,0,535,0,1,10,0,11,472,35,39,0,546,6,0,6,552
04/10/2017,PDX,OR,ANM,WE,Towers with Radar,497,43,37,20,597,0,17,6,0,23,497,60,43,20,620,16,0,16,636
04/11/2017,PDX,OR,ANM,WE,Towers with Radar,520,63,37,18,638,0,18,10,1,29,520,81,47,19,667,6,0,6,673
04/12/2017,PDX,OR,ANM,WE,Towers with Radar,523,69,47,21,660,0,5,11,0,16,523,74,58,21,676,0,0,0,676
04/13/2017,PDX,OR,ANM,WE,Towers with Radar,511,57,32,22,622,0,19,7,0,26,511,76,39,22,648,0,0,0,648
04/14/2017,PDX,OR,ANM,WE,Towers with Radar,512,61,30,10,613,0,20,4,0,24,512,81,34,10,637,0,0,0,637
04/15/2017,PDX,OR,ANM,WE,Towers with Radar,420,33,8,0,461,0,7,22,0,29,420,40,30,0,490,0,0,0,490
04/16/2017,PDX,OR,ANM,WE,Towers with Radar,453,28,9,0,490,0,1,12,0,13,453,29,21,0,503,10,0,10,513
04/17/2017,PDX,OR,ANM,WE,Towers with Radar,493,50,34,17,594,0,15,4,1,20,493,65,38,18,614,0,0,0,614
04/18/2017,PDX,OR,ANM,WE,Towers with Radar,512,61,36,10,619,0,17,11,2,30,512,78,47,12,649,4,0,4,653
04/19/2017,PDX,OR,ANM,WE,Towers with Radar,504,67,40,24,635,0,7,9,2,18,504,74,49,26,653,22,22,44,697
04/20/2017,PDX,OR,ANM,WE,Towers with Radar,506,61,56,18,641,0,16,8,0,24,506,77,64,18,665,0,0,0,665
04/21/2017,PDX,OR,ANM,WE,Towers with Radar,511,58,34,5,608,0,18,27,1,46,511,76,61,6,654,10,0,10,664
04/22/2017,PDX,OR,ANM,WE,Towers with Radar,426,37,32,0,495,0,7,10,0,17,426,44,42,0,512,0,0,0,512
04/23/2017,PDX,OR,ANM,WE,Towers with Radar,466,31,19,3,519,0,1,3,0,4,466,32,22,3,523,0,0,0,523
04/24/2017,PDX,OR,ANM,WE,Towers with Radar,506,68,46,0,620,0,8,4,0,12,506,76,50,0,632,0,0,0,632
04/25/2017,PDX,OR,ANM,WE,Towers with Radar,510,71,48,31,660,0,6,2,0,8,510,77,50,31,668,4,0,4,672
04/26/2017,PDX,OR,ANM,WE,Towers with Radar,495,59,35,30,619,0,18,2,0,20,495,77,37,30,639,6,0,6,645
04/27/2017,PDX,OR,ANM,WE,Towers with Radar,520,67,34,20,641,0,18,7,0,25,520,85,41,20,666,2,0,2,668
04/28/2017,PDX,OR,ANM,WE,Towers with Radar,517,56,28,21,622,0,21,19,0,40,517,77,47,21,662,8,0,8,670
04/29/2017,PDX,OR,ANM,WE,Towers with Radar,421,39,8,1,469,0,7,18,1,26,421,46,26,2,495,4,0,4,499
04/30/2017,PDX,OR,ANM,WE,Towers with Radar,480,30,24,0,534,0,1,6,0,7,480,31,30,0,541,4,0,4,545
05/01/2017,PDX,OR,ANM,WE,Towers with Radar,501,61,23,17,602,0,11,19,0,30,501,72,42,17,632,1,0,1,633
05/02/2017,PDX,OR,ANM,WE,Towers with Radar,531,77,39,19,666,0,0,2,2,4,531,77,41,21,670,0,0,0,670
05/03/2017,PDX,OR,ANM,WE,Towers with Radar,555,70,45,15,685,0,25,26,0,51,555,95,71,15,736,0,0,0,736
05/04/2017,PDX,OR,ANM,WE,Towers with Radar,537,55,30,11,633,0,24,30,2,56,537,79,60,13,689,0,0,0,689
05/05/2017,PDX,OR,ANM,WE,Towers with Radar,514,58,27,9,608,0,19,4,0,23,514,77,31,9,631,2,0,2,633
05/06/2017,PDX,OR,ANM,WE,Towers with Radar,431,42,19,19,511,0,7,11,0,18,431,49,30,19,529,10,0,10,539
05/07/2017,PDX,OR,ANM,WE,Towers with Radar,481,35,21,7,544,0,1,15,1,17,481,36,36,8,561,0,0,0,561
05/08/2017,PDX,OR,ANM,WE,Towers with Radar,514,51,39,1,605,0,17,24,0,41,514,68,63,1,646,0,0,0,646
05/09/2017,PDX,OR,ANM,WE,Towers with Radar,525,70,56,15,666,0,23,25,0,48,525,93,81,15,714,10,0,10,724
05/10/2017,PDX,OR,ANM,WE,Towers with Radar,533,70,38,14,655,0,19,25,0,44,533,89,63,14,699,40,0,40,739
05/11/2017,PDX,OR,ANM,WE,Towers with Radar,535,69,30,26,660,0,19,8,0,27,535,88,38,26,687,2,0,2,689
05/12/2017,PDX,OR,ANM,WE,Towers with Radar,545,71,30,0,646,0,16,4,0,20,545,87,34,0,666,10,0,10,676
05/13/2017,PDX,OR,ANM,WE,Towers with Radar,429,54,12,0,495,0,2,1,0,3,429,56,13,0,498,0,0,0,498
05/14/2017,PDX,OR,ANM,WE,Towers with Radar,482,31,21,0,534,0,0,5,0,5,482,31,26,0,539,0,0,0,539
05/15/2017,PDX,OR,ANM,WE,Towers with Radar,523,62,29,15,629,0,18,7,0,25,523,80,36,15,654,0,0,0,654
05/16/2017,PDX,OR,ANM,WE,Towers with Radar,529,68,38,21,656,0,16,6,1,23,529,84,44,22,679,0,0,0,679
05/17/2017,PDX,OR,ANM,WE,Towers with Radar,536,69,37,26,668,0,21,15,5,41,536,90,52,31,709,0,0,0,709
05/18/2017,PDX,OR,ANM,WE,Towers with Radar,533,56,32,20,641,0,21,48,0,69,533,77,80,20,710,0,0,0,710
05/19/2017,PDX,OR,ANM,WE,Towers with Radar,526,55,35,7,623,0,22,28,0,50,526,77,63,7,673,8,0,8,681
05/20/2017,PDX,OR,ANM,WE,Towers with Radar,445,45,24,2,516,0,4,32,2,38,445,49,56,4,554,4,0,4,558
05/21/2017,PDX,OR,ANM,WE,Towers with Radar,484,29,19,1,533,0,1,13,0,14,484,30,32,1,547,12,0,12,559
05/22/2017,PDX,OR,ANM,WE,Towers with Radar,523,45,24,0,592,0,23,29,0,52,523,68,53,0,644,14,0,14,658
05/23/2017,PDX,OR,ANM,WE,Towers with Radar,533,63,39,9,644,0,20,24,0,44,533,83,63,9,688,0,0,0,688
05/24/2017,PDX,OR,ANM,WE,Towers with Radar,532,57,30,21,640,0,19,15,0,34,532,76,45,21,674,0,0,0,674
05/25/2017,PDX,OR,ANM,WE,Towers with Radar,544,60,33,12,649,0,19,17,0,36,544,79,50,12,685,0,0,0,685
05/26/2017,PDX,OR,ANM,WE,Towers with Radar,541,57,20,3,621,0,21,36,0,57,541,78,56,3,678,6,0,6,684
05/27/2017,PDX,OR,ANM,WE,Towers with Radar,421,34,8,1,464,0,7,10,0,17,421,41,18,1,481,0,0,0,481
05/28/2017,PDX,OR,ANM,WE,Towers with Radar,402,30,8,1,441,0,0,12,0,12,402,30,20,1,453,0,0,0,453
05/29/2017,PDX,OR,ANM,WE,Towers with Radar,502,30,14,6,552,0,0,15,0,15,502,30,29,6,567,0,0,0,567
05/30/2017,PDX,OR,ANM,WE,Towers with Radar,517,76,37,0,630,1,5,0,0,6,518,81,37,0,636,16,0,16,652
05/31/2017,PDX,OR,ANM,WE,Towers with Radar,543,66,31,6,646,0,20,13,0,33,543,86,44,6,679,0,0,0,679
06/01/2017,PDX,OR,ANM,WE,Towers with Radar,545,71,35,1,652,0,19,14,0,33,545,90,49,1,685,0,0,0,685
06/02/2017,PDX,OR,ANM,WE,Towers with Radar,543,63,34,0,640,0,20,12,0,32,543,83,46,0,672,0,0,0,672
06/03/2017,PDX,OR,ANM,WE,Towers with Radar,452,42,18,14,526,0,4,13,0,17,452,46,31,14,543,0,0,0,543
06/04/2017,PDX,OR,ANM,WE,Towers with Radar,525,37,17,5,584,0,0,18,0,18,525,37,35,5,602,2,0,2,604
06/05/2017,PDX,OR,ANM,WE,Towers with Radar,578,50,27,4,659,0,22,16,1,39,578,72,43,5,698,0,0,0,698
06/06/2017,PDX,OR,ANM,WE,Towers with Radar,575,61,33,8,677,0,20,16,0,36,575,81,49,8,713,2,0,2,715
06/07/2017,PDX,OR,ANM,WE,Towers with Radar,586,65,33,8,692,0,17,32,1,50,586,82,65,9,742,18,0,18,760
06/08/2017,PDX,OR,ANM,WE,Towers with Radar,588,65,38,7,698,0,17,5,0,22,588,82,43,7,720,0,0,0,720
06/09/2017,PDX,OR,ANM,WE,Towers with Radar,572,60,21,3,656,0,18,14,0,32,572,78,35,3,688,0,0,0,688
06/10/2017,PDX,OR,ANM,WE,Towers with Radar,503,33,15,1,552,0,2,8,0,10,503,35,23,1,562,2,0,2,564
06/11/2017,PDX,OR,ANM,WE,Towers with Radar,547,24,18,1,590,0,1,19,0,20,547,25,37,1,610,0,0,0,610
06/12/2017,PDX,OR,ANM,WE,Towers with Radar,582,45,28,1,656,0,21,12,0,33,582,66,40,1,689,6,0,6,695
06/13/2017,PDX,OR,ANM,WE,Towers with Radar,591,79,28,10,708,0,18,5,0,23,591,97,33,10,731,14,0,14,745
06/14/2017,PDX,OR,ANM,WE,Towers with Radar,602,65,47,6,720,0,16,21,0,37,602,81,68,6,757,12,0,12,769
06/15/2017,PDX,OR,ANM,WE,Towers with Radar,601,98,44,14,757,0,0,5,0,5,601,98,49,14,762,4,0,4,766
06/16/2017,PDX,OR,ANM,WE,Towers with Radar,614,60,44,12,730,0,18,5,1,24,614,78,49,13,754,0,0,0,754
06/17/2017,PDX,OR,ANM,WE,Towers with Radar,527,44,31,2,604,0,6,11,0,17,527,50,42,2,621,0,0,0,621
06/18/2017,PDX,OR,ANM,WE,Towers with Radar,551,35,17,0,603,0,1,13,0,14,551,36,30,0,617,0,0,0,617
06/19/2017,PDX,OR,ANM,WE,Towers with Radar,585,49,21,5,660,0,16,14,1,31,585,65,35,6,691,0,0,0,691
06/20/2017,PDX,OR,ANM,WE,Towers with Radar,618,67,29,17,731,0,20,7,0,27,618,87,36,17,758,10,0,10,768
06/21/2017,PDX,OR,ANM,WE,Towers with Radar,592,63,43,26,724,0,20,20,1,41,592,83,63,27,765,20,0,20,785
06/22/2017,PDX,OR,ANM,WE,Towers with Radar,606,69,44,24,743,0,20,36,0,56,606,89,80,24,799,36,2,38,837
06/23/2017,PDX,OR,ANM,WE,Towers with Radar,586,62,34,14,696,0,18,16,1,35,586,80,50,15,731,26,0,26,757
06/24/2017,PDX,OR,ANM,WE,Towers with Radar,523,34,15,4,576,0,7,22,2,31,523,41,37,6,607,4,0,4,611
06/25/2017,PDX,OR,ANM,WE,Towers with Radar,562,46,29,0,637,0,2,22,2,26,562,48,51,2,663,0,0,0,663
06/26/2017,PDX,OR,ANM,WE,Towers with Radar,591,50,33,15,689,0,18,24,2,44,591,68,57,17,733,16,0,16,749
06/27/2017,PDX,OR,ANM,WE,Towers with Radar,616,60,47,30,753,0,18,16,2,36,616,78,63,32,789,4,0,4,793
06/28/2017,PDX,OR,ANM,WE,Towers with Radar,612,62,36,30,740,0,18,18,1,37,612,80,54,31,777,0,9,9,786
06/29/2017,PDX,OR,ANM,WE,Towers with Radar,615,47,33,35,730,0,19,19,2,40,615,66,52,37,770,24,0,24,794
06/30/2017,PDX,OR,ANM,WE,Towers with Radar,602,62,24,9,697,0,22,32,0,54,602,84,56,9,751,2,0,2,753
07/01/2017,PDX,OR,ANM,WE,Towers with Radar,516,46,21,0,583,0,3,7,0,10,516,49,28,0,593,2,0,2,595
07/02/2017,PDX,OR,ANM,WE,Towers with Radar,525,32,10,0,567,0,1,8,0,9,525,33,18,0,576,18,0,18,594
07/03/2017,PDX,OR,ANM,WE,Towers with Radar,546,42,15,0,603,0,20,13,2,35,546,62,28,2,638,1,0,1,639
07/04/2017,PDX,OR,ANM,WE,Towers with Radar,503,23,7,1,534,0,1,11,1,13,503,24,18,2,547,4,0,4,551
07/05/2017,PDX,OR,ANM,WE,Towers with Radar,594,70,25,11,700,0,20,4,6,30,594,90,29,17,730,0,0,0,730
07/06/2017,PDX,OR,ANM,WE,Towers with Radar,606,58,25,14,703,0,20,39,0,59,606,78,64,14,762,10,0,10,772
07/07/2017,PDX,OR,ANM,WE,Towers with Radar,593,62,21,4,680,0,17,28,0,45,593,79,49,4,725,0,0,0,725
07/08/2017,PDX,OR,ANM,WE,Towers with Radar,543,34,15,18,610,0,8,18,2,28,543,42,33,20,638,12,0,12,650
07/09/2017,PDX,OR,ANM,WE,Towers with Radar,556,37,26,7,626,0,1,17,0,18,556,38,43,7,644,0,0,0,644
07/10/2017,PDX,OR,ANM,WE,Towers with Radar,584,50,14,5,653,0,18,15,0,33,584,68,29,5,686,0,0,0,686
07/11/2017,PDX,OR,ANM,WE,Towers with Radar,611,62,26,9,708,0,23,31,1,55,611,85,57,10,763,34,0,34,797
07/12/2017,PDX,OR,ANM,WE,Towers with Radar,625,56,26,23,730,0,21,23,1,45,625,77,49,24,775,0,0,0,775
07/13/2017,PDX,OR,ANM,WE,Towers with Radar,623,65,31,19,738,0,22,22,2,46,623,87,53,21,784,0,0,0,784
07/14/2017,PDX,OR,ANM,WE,Towers with Radar,597,66,44,2,709,0,20,20,2,42,597,86,64,4,751,0,0,0,751
07/15/2017,PDX,OR,ANM,WE,Towers with Radar,518,35,12,3,568,0,6,20,2,28,518,41,32,5,596,4,0,4,600
07/16/2017,PDX,OR,ANM,WE,Towers with Radar,569,37,27,0,633,0,1,17,0,18,569,38,44,0,651,16,0,16,667
07/17/2017,PDX,OR,ANM,WE,Towers with Radar,592,56,34,25,707,0,22,25,1,48,592,78,59,26,755,2,0,2,757
07/18/2017,PDX,OR,ANM,WE,Towers with Radar,618,61,37,12,728,0,18,21,0,39,618,79,58,12,767,0,0,0,767
07/19/2017,PDX,OR,ANM,WE,Towers with Radar,620,70,25,6,721,0,19,37,0,56,620,89,62,6,777,24,0,24,801
07/20/2017,PDX,OR,ANM,WE,Towers with Radar,615,66,51,15,747,0,25,30,0,55,615,91,81,15,802,0,0,0,802
07/21/2017,PDX,OR,ANM,WE,Towers with Radar,606,61,25,6,698,0,25,29,7,61,606,86,54,13,759,8,0,8,767
07/22/2017,PDX,OR,ANM,WE,Towers with Radar,534,37,19,2,592,0,5,27,0,32,534,42,46,2,624,0,0,0,624
07/23/2017,PDX,OR,ANM,WE,Towers with Radar,555,33,25,3,616,0,3,23,0,26,555,36,48,3,642,0,0,0,642
07/24/2017,PDX,OR,ANM,WE,Towers with Radar,601,63,33,15,712,0,20,26,2,48,601,83,59,17,760,8,0,8,768
07/25/2017,PDX,OR,ANM,WE,Towers with Radar,620,70,28,16,734,0,19,31,0,50,620,89,59,16,784,8,0,8,792
07/26/2017,PDX,OR,ANM,WE,Towers with Radar,621,64,32,19,736,0,20,23,0,43,621,84,55,19,779,0,0,0,779
07/27/2017,PDX,OR,ANM,WE,Towers with Radar,599,73,46,18,736,0,21,13,0,34,599,94,59,18,770,0,0,0,770
07/28/2017,PDX,OR,ANM,WE,Towers with Radar,599,60,25,13,697,0,19,17,0,36,599,79,42,13,733,0,0,0,733
07/29/2017,PDX,OR,ANM,WE,Towers with Radar,538,44,23,0,605,0,5,24,0,29,538,49,47,0,634,0,0,0,634
07/30/2017,PDX,OR,ANM,WE,Towers with Radar,568,32,20,2,622,0,1,23,1,25,568,33,43,3,647,2,0,2,649
07/31/2017,PDX,OR,ANM,WE,Towers with Radar,596,55,28,1,680,0,15,25,0,40,596,70,53,1,720,0,0,0,720
08/01/2017,PDX,OR,ANM,WE,Towers with Radar,604,73,23,10,710,0,15,31,0,46,604,88,54,10,756,16,0,16,772
08/02/2017,PDX,OR,ANM,WE,Towers with Radar,605,60,36,13,714,0,18,10,1,29,605,78,46,14,743,0,0,0,743
08/03/2017,PDX,OR,ANM,WE,Towers with Radar,596,67,39,24,726,0,13,5,1,19,596,80,44,25,745,0,0,0,745
08/04/2017,PDX,OR,ANM,WE,Towers with Radar,583,65,33,6,687,0,13,14,0,27,583,78,47,6,714,0,0,0,714
08/05/2017,PDX,OR,ANM,WE,Towers with Radar,512,39,13,2,566,0,4,13,1,18,512,43,26,3,584,16,0,16,600
08/06/2017,PDX,OR,ANM,WE,Towers with Radar,544,33,30,2,609,0,1,14,0,15,544,34,44,2,624,0,0,0,624
08/07/2017,PDX,OR,ANM,WE,Towers with Radar,576,52,35,0,663,0,11,11,0,22,576,63,46,0,685,0,0,0,685
08/08/2017,PDX,OR,ANM,WE,Towers with Radar,586,69,39,16,710,0,10,26,0,36,586,79,65,16,746,0,0,0,746
08/09/2017,PDX,OR,ANM,WE,Towers with Radar,598,58,33,20,709,0,11,12,3,26,598,69,45,23,735,0,0,0,735
08/10/2017,PDX,OR,ANM,WE,Towers with Radar,596,67,39,12,714,0,6,20,0,26,596,73,59,12,740,4,0,4,744
08/11/2017,PDX,OR,ANM,WE,Towers with Radar,584,62,32,16,694,0,13,12,0,25,584,75,44,16,719,2,0,2,721
08/12/2017,PDX,OR,ANM,WE,Towers with Radar,517,42,22,2,583,0,2,12,1,15,517,44,34,3,598,2,0,2,600
08/13/2017,PDX,OR,ANM,WE,Towers with Radar,540,24,27,1,592,0,0,10,1,11,540,24,37,2,603,0,0,0,603
08/14/2017,PDX,OR,ANM,WE,Towers with Radar,567,39,47,16,669,0,19,23,0,42,567,58,70,16,711,4,0,4,715
08/15/2017,PDX,OR,ANM,WE,Towers with Radar,579,47,25,15,666,0,22,34,0,56,579,69,59,15,722,54,0,54,776
08/16/2017,PDX,OR,ANM,WE,Towers with Radar,581,45,33,19,678,0,19,21,4,44,581,64,54,23,722,6,0,6,728
08/17/2017,PDX,OR,ANM,WE,Towers with Radar,572,56,28,16,672,0,17,17,0,34,572,73,45,16,706,0,0,0,706
08/18/2017,PDX,OR,ANM,WE,Towers with Radar,571,47,27,11,656,0,14,41,3,58,571,61,68,14,714,0,0,0,714
08/19/2017,PDX,OR,ANM,WE,Towers with Radar,505,29,29,0,563,0,10,32,1,43,505,39,61,1,606,4,0,4,610
08/20/2017,PDX,OR,ANM,WE,Towers with Radar,537,28,26,1,592,0,1,31,6,38,537,29,57,7,630,0,0,0,630
08/21/2017,PDX,OR,ANM,WE,Towers with Radar,556,57,36,0,649,0,19,63,0,82,556,76,99,0,731,0,0,0,731
08/22/2017,PDX,OR,ANM,WE,Towers with Radar,571,53,41,12,677,0,24,26,0,50,571,77,67,12,727,0,0,0,727
08/23/2017,PDX,OR,ANM,WE,Towers with Radar,579,50,60,18,707,0,19,18,0,37,579,69,78,18,744,6,0,6,750
08/24/2017,PDX,OR,ANM,WE,Towers with Radar,581,53,45,23,702,0,21,22,1,44,581,74,67,24,746,0,2,2,748
08/25/2017,PDX,OR,ANM,WE,Towers with Radar,574,43,31,20,668,0,16,32,0,48,574,59,63,20,716,0,0,0,716
08/26/2017,PDX,OR,ANM,WE,Towers with Radar,476,25,22,18,541,0,6,22,0,28,476,31,44,18,569,0,0,0,569
08/27/2017,PDX,OR,ANM,WE,Towers with Radar,507,19,23,6,555,0,0,27,1,28,507,19,50,7,583,2,0,2,585
08/28/2017,PDX,OR,ANM,WE,Towers with Radar,531,47,35,10,623,0,10,11,0,21,531,57,46,10,644,0,0,0,644
08/29/2017,PDX,OR,ANM,WE,Towers with Radar,536,64,24,18,642,0,11,13,0,24,536,75,37,18,666,0,0,0,666
08/30/2017,PDX,OR,ANM,WE,Towers with Radar,553,47,39,20,659,0,20,10,0,30,553,67,49,20,689,2,0,2,691
08/31/2017,PDX,OR,ANM,WE,Towers with Radar,550,56,50,10,666,0,16,21,0,37,550,72,71,10,703,0,0,0,703
09/01/2017,PDX,OR,ANM,WE,Towers with Radar,547,42,27,15,631,0,18,26,2,46,547,60,53,17,677,2,0,2,679
09/02/2017,PDX,OR,ANM,WE,Towers with Radar,427,30,9,1,467,0,7,28,3,38,427,37,37,4,505,2,0,2,507
09/03/2017,PDX,OR,ANM,WE,Towers with Radar,434,18,13,2,467,0,0,12,0,12,434,18,25,2,479,4,0,4,483
09/04/2017,PDX,OR,ANM,WE,Towers with Radar,523,15,24,0,562,0,0,25,0,25,523,15,49,0,587,18,0,18,605
09/05/2017,PDX,OR,ANM,WE,Towers with Radar,529,66,31,12,638,0,1,3,0,4,529,67,34,12,642,0,0,0,642
09/06/2017,PDX,OR,ANM,WE,Towers with Radar,544,67,40,24,675,0,1,3,0,4,544,68,43,24,679,0,0,0,679
09/07/2017,PDX,OR,ANM,WE,Towers with Radar,551,63,37,16,667,0,16,1,0,17,551,79,38,16,684,0,0,0,684
09/08/2017,PDX,OR,ANM,WE,Towers with Radar,537,46,42,14,639,0,15,14,0,29,537,61,56,14,668,0,0,0,668
09/09/2017,PDX,OR,ANM,WE,Towers with Radar,439,30,17,20,506,0,10,16,0,26,439,40,33,20,532,0,0,0,532
09/10/2017,PDX,OR,ANM,WE,Towers with Radar,509,28,24,13,574,0,0,26,0,26,509,28,50,13,600,12,0,12,612
09/11/2017,PDX,OR,ANM,WE,Towers with Radar,537,38,21,16,612,0,19,24,5,48,537,57,45,21,660,0,0,0,660
09/12/2017,PDX,OR,ANM,WE,Towers with Radar,541,59,30,30,660,0,19,26,3,48,541,78,56,33,708,4,0,4,712
09/13/2017,PDX,OR,ANM,WE,Towers with Radar,543,66,36,38,683,0,17,19,0,36,543,83,55,38,719,0,0,0,719
09/14/2017,PDX,OR,ANM,WE,Towers with Radar,553,58,40,31,682,0,17,25,0,42,553,75,65,31,724,0,0,0,724
09/15/2017,PDX,OR,ANM,WE,Towers with Radar,567,49,26,23,665,0,16,32,0,48,567,65,58,23,713,2,0,2,715
09/16/2017,PDX,OR,ANM,WE,Towers with Radar,432,30,16,5,483,0,0,12,0,12,432,30,28,5,495,0,0,0,495
09/17/2017,PDX,OR,ANM,WE,Towers with Radar,505,23,40,0,568,0,1,7,0,8,505,24,47,0,576,0,0,0,576
09/18/2017,PDX,OR,ANM,WE,Towers with Radar,528,41,34,50,653,0,15,3,0,18,528,56,37,50,671,0,0,0,671
09/19/2017,PDX,OR,ANM,WE,Towers with Radar,536,56,35,30,657,0,11,1,0,12,536,67,36,30,669,0,0,0,669
09/20/2017,PDX,OR,ANM,WE,Towers with Radar,544,53,41,32,670,0,16,0,0,16,544,69,41,32,686,0,0,0,686
09/21/2017,PDX,OR,ANM,WE,Towers with Radar,562,58,48,35,703,0,19,10,2,31,562,77,58,37,734,0,0,0,734
09/22/2017,PDX,OR,ANM,WE,Towers with Radar,551,52,44,22,669,0,19,24,2,45,551,71,68,24,714,6,0,6,720
09/23/2017,PDX,OR,ANM,WE,Towers with Radar,438,23,18,12,491,0,5,18,3,26,438,28,36,15,517,2,0,2,519
09/24/2017,PDX,OR,ANM,WE,Towers with Radar,513,23,15,3,554,0,3,28,3,34,513,26,43,6,588,16,0,16,604
09/25/2017,PDX,OR,ANM,WE,Towers with Radar,548,42,23,6,619,0,18,11,0,29,548,60,34,6,648,0,0,0,648
09/26/2017,PDX,OR,ANM,WE,Towers with Radar,537,49,39,22,647,0,21,18,1,40,537,70,57,23,687,4,0,4,691
09/27/2017,PDX,OR,ANM,WE,Towers with Radar,546,47,36,24,653,0,22,18,3,43,546,69,54,27,696,16,0,16,712
09/28/2017,PDX,OR,ANM,WE,Towers with Radar,541,47,40,27,655,0,20,25,1,46,541,67,65,28,701,8,0,8,709
09/29/2017,PDX,OR,ANM,WE,Towers with Radar,553,52,24,2,631,0,18,5,0,23,553,70,29,2,654,0,0,0,654
09/30/2017,PDX,OR,ANM,WE,Towers with Radar,428,29,17,0,474,0,6,13,0,19,428,35,30,0,493,0,0,0,493
10/01/2017,PDX,OR,ANM,WE,Towers with Radar,482,19,22,0,523,0,1,14,0,15,482,20,36,0,538,0,0,0,538
10/02/2017,PDX,OR,ANM,WE,Towers with Radar,514,35,39,18,606,0,18,6,0,24,514,53,45,18,630,8,0,8,638
10/03/2017,PDX,OR,ANM,WE,Towers with Radar,506,49,42,23,620,0,21,14,1,36,506,70,56,24,656,0,0,0,656
10/04/2017,PDX,OR,ANM,WE,Towers with Radar,537,53,33,21,644,0,20,18,0,38,537,73,51,21,682,6,0,6,688
10/05/2017,PDX,OR,ANM,WE,Towers with Radar,535,50,33,22,640,0,18,13,0,31,535,68,46,22,671,10,0,10,681
10/06/2017,PDX,OR,ANM,WE,Towers with Radar,529,53,22,0,604,0,18,15,0,33,529,71,37,0,637,2,0,2,639
10/07/2017,PDX,OR,ANM,WE,Towers with Radar,424,28,18,3,473,0,4,2,0,6,424,32,20,3,479,0,0,0,479
10/08/2017,PDX,OR,ANM,WE,Towers with Radar,482,21,24,1,528,0,0,9,0,9,482,21,33,1,537,1,0,1,538
10/09/2017,PDX,OR,ANM,WE,Towers with Radar,510,44,26,0,580,0,16,16,0,32,510,60,42,0,612,14,0,14,626
10/10/2017,PDX,OR,ANM,WE,Towers with Radar,506,49,30,23,608,0,19,6,0,25,506,68,36,23,633,2,0,2,635
10/11/2017,PDX,OR,ANM,WE,Towers with Radar,518,65,38,26,647,0,11,1,0,12,518,76,39,26,659,0,0,0,659
10/12/2017,PDX,OR,ANM,WE,Towers with Radar,525,52,36,34,647,0,13,1,0,14,525,65,37,34,661,1,0,1,662
10/13/2017,PDX,OR,ANM,WE,Towers with Radar,518,63,27,37,645,0,15,9,4,28,518,78,36,41,673,0,0,0,673
10/14/2017,PDX,OR,ANM,WE,Towers with Radar,432,39,8,43,522,0,5,13,1,19,432,44,21,44,541,6,0,6,547
10/15/2017,PDX,OR,ANM,WE,Towers with Radar,496,32,20,9,557,0,2,16,0,18,496,34,36,9,575,2,0,2,577
10/16/2017,PDX,OR,ANM,WE,Towers with Radar,499,43,28,6,576,0,19,25,0,44,499,62,53,6,620,26,0,26,646
10/17/2017,PDX,OR,ANM,WE,Towers with Radar,499,74,29,39,641,0,4,3,0,7,499,78,32,39,648,0,0,0,648
10/18/2017,PDX,OR,ANM,WE,Towers with Radar,539,47,62,34,682,0,20,7,0,27,539,67,69,34,709,0,0,0,709
10/19/2017,PDX,OR,ANM,WE,Towers with Radar,523,68,48,41,680,0,1,0,0,1,523,69,48,41,681,0,0,0,681
10/20/2017,PDX,OR,ANM,WE,Towers with Radar,520,56,39,23,638,0,16,4,0,20,520,72,43,23,658,2,0,2,660
10/21/2017,PDX,OR,ANM,WE,Towers with Radar,434,38,16,1,489,0,2,0,0,2,434,40,16,1,491,0,0,0,491
10/22/2017,PDX,OR,ANM,WE,Towers with Radar,505,23,27,0,555,0,1,0,0,1,505,24,27,0,556,0,0,0,556
10/23/2017,PDX,OR,ANM,WE,Towers with Radar,514,39,27,17,597,0,18,10,0,28,514,57,37,17,625,0,0,0,625
10/24/2017,PDX,OR,ANM,WE,Towers with Radar,510,61,37,35,643,0,22,19,2,43,510,83,56,37,686,0,0,0,686
10/25/2017,PDX,OR,ANM,WE,Towers with Radar,523,52,33,17,625,0,13,15,0,28,523,65,48,17,653,4,0,4,657
10/26/2017,PDX,OR,ANM,WE,Towers with Radar,544,47,37,22,650,0,18,24,2,44,544,65,61,24,694,4,0,4,698
10/27/2017,PDX,OR,ANM,WE,Towers with Radar,536,53,26,7,622,0,14,17,0,31,536,67,43,7,653,2,0,2,655
10/28/2017,PDX,OR,ANM,WE,Towers with Radar,436,23,8,1,468,0,3,16,0,19,436,26,24,1,487,13,0,13,500
10/29/2017,PDX,OR,ANM,WE,Towers with Radar,486,20,18,0,524,0,0,3,0,3,486,20,21,0,527,2,0,2,529
10/30/2017,PDX,OR,ANM,WE,Towers with Radar,491,43,29,9,572,0,19,16,0,35,491,62,45,9,607,0,0,0,607
10/31/2017,PDX,OR,ANM,WE,Towers with Radar,487,52,25,15,579,0,20,7,0,27,487,72,32,15,606,0,0,0,606
11/01/2017,PDX,OR,ANM,WE,Towers with Radar,501,52,38,17,608,0,20,12,0,32,501,72,50,17,640,2,0,2,642
11/02/2017,PDX,OR,ANM,WE,Towers with Radar,524,50,54,23,651,0,18,11,0,29,524,68,65,23,680,18,0,18,698
11/03/2017,PDX,OR,ANM,WE,Towers with Radar,483,46,24,7,560,0,17,11,0,28,483,63,35,7,588,2,0,2,590
11/04/2017,PDX,OR,ANM,WE,Towers with Radar,434,32,14,46,526,0,5,23,0,28,434,37,37,46,554,8,0,8,562
11/05/2017,PDX,OR,ANM,WE,Towers with Radar,462,16,27,10,515,0,1,3,0,4,462,17,30,10,519,0,0,0,519
11/06/2017,PDX,OR,ANM,WE,Towers with Radar,518,44,20,3,585,0,21,10,0,31,518,65,30,3,616,22,0,22,638
11/07/2017,PDX,OR,ANM,WE,Towers with Radar,505,48,25,20,598,0,23,9,0,32,505,71,34,20,630,0,0,0,630
11/08/2017,PDX,OR,ANM,WE,Towers with Radar,518,52,28,19,617,0,18,1,0,19,518,70,29,19,636,0,0,0,636
11/09/2017,PDX,OR,ANM,WE,Towers with Radar,531,57,33,21,642,0,18,4,0,22,531,75,37,21,664,0,0,0,664
11/10/2017,PDX,OR,ANM,WE,Towers with Radar,522,61,21,0,604,0,5,3,0,8,522,66,24,0,612,0,0,0,612
11/11/2017,PDX,OR,ANM,WE,Towers with Radar,425,32,21,2,480,0,3,4,1,8,425,35,25,3,488,0,0,0,488
11/12/2017,PDX,OR,ANM,WE,Towers with Radar,493,25,20,0,538,0,0,3,0,3,493,25,23,0,541,14,0,14,555
11/13/2017,PDX,OR,ANM,WE,Towers with Radar,515,42,19,9,585,0,18,0,0,18,515,60,19,9,603,0,0,0,603
11/14/2017,PDX,OR,ANM,WE,Towers with Radar,517,57,26,21,621,0,20,8,0,28,517,77,34,21,649,0,0,0,649
11/15/2017,PDX,OR,ANM,WE,Towers with Radar,515,67,36,19,637,0,17,1,0,18,515,84,37,19,655,0,0,0,655
11/16/2017,PDX,OR,ANM,WE,Towers with Radar,542,71,54,28,695,0,15,5,0,20,542,86,59,28,715,0,0,0,715
11/17/2017,PDX,OR,ANM,WE,Towers with Radar,537,46,52,20,655,0,17,8,0,25,537,63,60,20,680,0,0,0,680
11/18/2017,PDX,OR,ANM,WE,Towers with Radar,457,36,26,2,521,0,6,15,0,21,457,42,41,2,542,0,0,0,542
11/19/2017,PDX,OR,ANM,WE,Towers with Radar,478,25,24,1,528,0,1,3,0,4,478,26,27,1,532,0,0,0,532
11/20/2017,PDX,OR,ANM,WE,Towers with Radar,501,50,26,7,584,0,20,12,0,32,501,70,38,7,616,4,0,4,620
11/21/2017,PDX,OR,ANM,WE,Towers with Radar,546,67,41,2,656,0,15,3,0,18,546,82,44,2,674,0,0,0,674
11/22/2017,PDX,OR,ANM,WE,Towers with Radar,538,61,30,16,645,0,24,6,0,30,538,85,36,16,675,0,0,0,675
11/23/2017,PDX,OR,ANM,WE,Towers with Radar,370,27,15,0,412,0,1,8,0,9,370,28,23,0,421,0,0,0,421
11/24/2017,PDX,OR,ANM,WE,Towers with Radar,428,62,23,0,513,0,19,13,2,34,428,81,36,2,547,4,0,4,551
11/25/2017,PDX,OR,ANM,WE,Towers with Radar,479,38,19,1,537,0,6,1,0,7,479,44,20,1,544,0,0,0,544
11/26/2017,PDX,OR,ANM,WE,Towers with Radar,522,29,43,1,595,0,3,1,0,4,522,32,44,1,599,0,0,0,599
11/27/2017,PDX,OR,ANM,WE,Towers with Radar,525,63,39,21,648,0,20,3,1,24,525,83,42,22,672,0,0,0,672
11/28/2017,PDX,OR,ANM,WE,Towers with Radar,526,62,29,24,641,0,20,5,0,25,526,82,34,24,666,0,0,0,666
11/29/2017,PDX,OR,ANM,WE,Towers with Radar,506,59,41,19,625,0,21,10,1,32,506,80,51,20,657,0,0,0,657
11/30/2017,PDX,OR,ANM,WE,Towers with Radar,517,93,42,29,681,0,3,2,0,5,517,96,44,29,686,0,0,0,686
12/01/2017,PDX,OR,ANM,WE,Towers with Radar,496,71,34,17,618,0,18,2,0,20,496,89,36,17,638,2,0,2,640
12/02/2017,PDX,OR,ANM,WE,Towers with Radar,407,28,18,15,468,0,2,0,0,2,407,30,18,15,470,0,0,0,470
12/03/2017,PDX,OR,ANM,WE,Towers with Radar,462,19,20,0,501,0,0,2,0,2,462,19,22,0,503,0,0,0,503
12/04/2017,PDX,OR,ANM,WE,Towers with Radar,488,50,28,4,570,0,20,17,0,37,488,70,45,4,607,0,0,0,607
12/05/2017,PDX,OR,ANM,WE,Towers with Radar,490,61,21,22,594,0,26,12,2,40,490,87,33,24,634,0,0,0,634
12/06/2017,PDX,OR,ANM,WE,Towers with Radar,501,57,31,23,612,0,22,4,2,28,501,79,35,25,640,0,0,0,640
12/07/2017,PDX,OR,ANM,WE,Towers with Radar,515,58,36,19,628,0,27,17,0,44,515,85,53,19,672,0,0,0,672
12/08/2017,PDX,OR,ANM,WE,Towers with Radar,529,55,35,10,629,0,23,12,0,35,529,78,47,10,664,2,0,2,666
12/09/2017,PDX,OR,ANM,WE,Towers with Radar,423,35,22,4,484,0,8,10,0,18,423,43,32,4,502,0,0,0,502
12/10/2017,PDX,OR,ANM,WE,Towers with Radar,468,18,25,0,511,0,1,17,0,18,468,19,42,0,529,0,0,0,529
12/11/2017,PDX,OR,ANM,WE,Towers with Radar,521,54,32,20,627,0,20,14,1,35,521,74,46,21,662,0,0,0,662
12/12/2017,PDX,OR,ANM,WE,Towers with Radar,501,59,22,22,604,0,22,13,1,36,501,81,35,23,640,8,0,8,648
12/13/2017,PDX,OR,ANM,WE,Towers with Radar,505,52,39,16,612,0,22,18,0,40,505,74,57,16,652,0,0,0,652
12/14/2017,PDX,OR,ANM,WE,Towers with Radar,523,58,48,17,646,0,23,16,0,39,523,81,64,17,685,0,0,0,685
12/15/2017,PDX,OR,ANM,WE,Towers with Radar,518,58,33,9,618,0,22,5,0,27,518,80,38,9,645,0,0,0,645
12/16/2017,PDX,OR,ANM,WE,Towers with Radar,441,39,20,0,500,0,1,1,0,2,441,40,21,0,502,0,0,0,502
12/17/2017,PDX,OR,ANM,WE,Towers with Radar,486,20,21,0,527,0,0,0,0,0,486,20,21,0,527,0,0,0,527
12/18/2017,PDX,OR,ANM,WE,Towers with Radar,516,72,36,0,624,0,0,1,0,1,516,72,37,0,625,0,0,0,625
12/19/2017,PDX,OR,ANM,WE,Towers with Radar,557,89,33,16,695,0,0,0,2,2,557,89,33,18,697,0,0,0,697
12/20/2017,PDX,OR,ANM,WE,Towers with Radar,550,61,32,24,667,0,22,8,0,30,550,83,40,24,697,2,0,2,699
12/21/2017,PDX,OR,ANM,WE,Towers with Radar,555,98,36,13,702,0,1,5,0,6,555,99,41,13,708,0,0,0,708
12/22/2017,PDX,OR,ANM,WE,Towers with Radar,560,89,30,10,689,0,1,0,0,1,560,90,30,10,690,0,0,0,690
12/23/2017,PDX,OR,ANM,WE,Towers with Radar,490,44,19,0,553,0,14,7,0,21,490,58,26,0,574,0,0,0,574
12/24/2017,PDX,OR,ANM,WE,Towers with Radar,429,11,7,0,447,0,0,0,0,0,429,11,7,0,447,0,0,0,447
12/25/2017,PDX,OR,ANM,WE,Towers with Radar,407,17,9,0,433,0,0,0,0,0,407,17,9,0,433,0,0,0,433
12/26/2017,PDX,OR,ANM,WE,Towers with Radar,504,62,30,4,600,0,18,3,1,22,504,80,33,5,622,0,0,0,622
12/27/2017,PDX,OR,ANM,WE,Towers with Radar,539,80,18,25,662,0,0,0,0,0,539,80,18,25,662,0,0,0,662
12/28/2017,PDX,OR,ANM,WE,Towers with Radar,546,78,13,11,648,0,0,0,0,0,546,78,13,11,648,0,0,0,648
12/29/2017,PDX,OR,ANM,WE,Towers with Radar,527,64,29,0,620,0,0,0,0,0,527,64,29,0,620,0,0,0,620
12/30/2017,PDX,OR,ANM,WE,Towers with Radar,472,32,15,0,519,0,6,2,0,8,472,38,17,0,527,0,0,0,527
12/31/2017,PDX,OR,ANM,WE,Towers with Radar,455,9,12,0,476,0,3,10,0,13,455,12,22,0,489,0,0,0,489
01/01/2018,PDX,OR,ANM,WE,Towers with Radar,460,19,11,0,490,0,0,7,0,7,460,19,18,0,497,10,0,10,507
01/02/2018,PDX,OR,ANM,WE,Towers with Radar,495,43,18,14,570,0,21,10,0,31,495,64,28,14,601,0,0,0,601
01/03/2018,PDX,OR,ANM,WE,Towers with Radar,534,43,18,16,611,0,22,19,0,41,534,65,37,16,652,0,0,0,652
01/04/2018,PDX,OR,ANM,WE,Towers with Radar,508,50,16,21,595,0,25,2,1,28,508,75,18,22,623,2,0,2,625
01/05/2018,PDX,OR,ANM,WE,Towers with Radar,505,47,14,8,574,0,21,4,0,25,505,68,18,8,599,12,0,12,611
01/06/2018,PDX,OR,ANM,WE,Towers with Radar,408,33,11,5,457,0,2,7,0,9,408,35,18,5,466,2,0,2,468
01/07/2018,PDX,OR,ANM,WE,Towers with Radar,480,10,20,4,514,0,1,9,0,10,480,11,29,4,524,0,0,0,524
01/08/2018,PDX,OR,ANM,WE,Towers with Radar,496,50,23,0,569,0,13,2,0,15,496,63,25,0,584,0,0,0,584
01/09/2018,PDX,OR,ANM,WE,Towers with Radar,486,59,25,21,591,0,16,1,0,17,486,75,26,21,608,0,0,0,608
01/10/2018,PDX,OR,ANM,WE,Towers with Radar,490,69,28,24,611,0,0,0,0,0,490,69,28,24,611,0,0,0,611
01/11/2018,PDX,OR,ANM,WE,Towers with Radar,484,63,31,0,578,0,1,0,0,1,484,64,31,0,579,0,0,0,579
01/12/2018,PDX,OR,ANM,WE,Towers with Radar,485,54,27,21,587,0,19,4,0,23,485,73,31,21,610,0,0,0,610
01/13/2018,PDX,OR,ANM,WE,Towers with Radar,388,18,12,1,419,0,7,15,0,22,388,25,27,1,441,0,0,0,441
01/14/2018,PDX,OR,ANM,WE,Towers with Radar,428,14,21,0,463,0,0,10,1,11,428,14,31,1,474,26,0,26,500
01/15/2018,PDX,OR,ANM,WE,Towers with Radar,485,44,27,0,556,0,21,5,0,26,485,65,32,0,582,0,0,0,582
01/16/2018,PDX,OR,ANM,WE,Towers with Radar,485,46,16,13,560,0,20,11,0,31,485,66,27,13,591,0,0,0,591
01/17/2018,PDX,OR,ANM,WE,Towers with Radar,484,54,41,26,605,0,18,16,1,35,484,72,57,27,640,0,0,0,640
01/18/2018,PDX,OR,ANM,WE,Towers with Radar,495,52,23,23,593,0,17,2,1,20,495,69,25,24,613,0,0,0,613
01/19/2018,PDX,OR,ANM,WE,Towers with Radar,496,41,30,16,583,0,15,2,1,18,496,56,32,17,601,0,0,0,601
01/20/2018,PDX,OR,ANM,WE,Towers with Radar,381,30,14,0,425,0,2,0,0,2,381,32,14,0,427,0,0,0,427
01/21/2018,PDX,OR,ANM,WE,Towers with Radar,426,17,18,0,461,0,0,2,0,2,426,17,20,0,463,0,0,0,463
01/22/2018,PDX,OR,ANM,WE,Towers with Radar,470,38,41,8,557,0,18,2,0,20,470,56,43,8,577,0,0,0,577
01/23/2018,PDX,OR,ANM,WE,Towers with Radar,470,55,35,18,578,0,16,0,0,16,470,71,35,18,594,0,0,0,594
01/24/2018,PDX,OR,ANM,WE,Towers with Radar,492,56,46,0,594,0,15,4,0,19,492,71,50,0,613,0,0,0,613
01/25/2018,PDX,OR,ANM,WE,Towers with Radar,495,68,35,4,602,0,2,7,0,9,495,70,42,4,611,0,0,0,611
01/26/2018,PDX,OR,ANM,WE,Towers with Radar,482,49,32,1,564,0,16,6,0,22,482,65,38,1,586,0,0,0,586
01/27/2018,PDX,OR,ANM,WE,Towers with Radar,389,30,17,0,436,0,3,2,0,5,389,33,19,0,441,0,0,0,441
01/28/2018,PDX,OR,ANM,WE,Towers with Radar,433,17,29,0,479,0,2,9,0,11,433,19,38,0,490,10,0,10,500
01/29/2018,PDX,OR,ANM,WE,Towers with Radar,481,72,36,5,594,0,5,14,0,19,481,77,50,5,613,2,0,2,615
01/30/2018,PDX,OR,ANM,WE,Towers with Radar,485,46,26,6,563,0,20,25,0,45,485,66,51,6,608,2,0,2,610
01/31/2018,PDX,OR,ANM,WE,Towers with Radar,498,54,23,7,582,0,16,12,0,28,498,70,35,7,610,0,0,0,610
02/01/2018,PDX,OR,ANM,WE,Towers with Radar,491,64,22,11,588,0,5,10,0,15,491,69,32,11,603,0,0,0,603
02/02/2018,PDX,OR,ANM,WE,Towers with Radar,481,57,35,6,579,0,17,7,0,24,481,74,42,6,603,0,0,0,603
02/03/2018,PDX,OR,ANM,WE,Towers with Radar,385,30,14,2,431,0,4,2,0,6,385,34,16,2,437,2,0,2,439
02/04/2018,PDX,OR,ANM,WE,Towers with Radar,417,19,24,2,462,0,0,6,0,6,417,19,30,2,468,0,0,0,468
02/05/2018,PDX,OR,ANM,WE,Towers with Radar,466,40,29,2,537,0,17,7,0,24,466,57,36,2,561,2,0,2,563
02/06/2018,PDX,OR,ANM,WE,Towers with Radar,494,49,26,6,575,0,18,6,0,24,494,67,32,6,599,0,0,0,599
02/07/2018,PDX,OR,ANM,WE,Towers with Radar,491,48,32,5,576,0,22,25,0,47,491,70,57,5,623,0,0,0,623
02/08/2018,PDX,OR,ANM,WE,Towers with Radar,503,47,24,5,579,0,18,7,0,25,503,65,31,5,604,0,0,0,604
02/09/2018,PDX,OR,ANM,WE,Towers with Radar,484,49,21,6,560,0,17,9,2,28,484,66,30,8,588,0,0,0,588
02/10/2018,PDX,OR,ANM,WE,Towers with Radar,402,24,14,7,447,0,7,21,0,28,402,31,35,7,475,4,0,4,479
02/11/2018,PDX,OR,ANM,WE,Towers with Radar,432,14,12,9,467,0,0,11,0,11,432,14,23,9,478,2,0,2,480
02/12/2018,PDX,OR,ANM,WE,Towers with Radar,478,42,12,2,534,0,19,7,2,28,478,61,19,4,562,0,0,0,562
02/13/2018,PDX,OR,ANM,WE,Towers with Radar,482,55,14,18,569,0,24,22,3,49,482,79,36,21,618,4,0,4,622
02/14/2018,PDX,OR,ANM,WE,Towers with Radar,480,59,27,16,582,0,17,2,0,19,480,76,29,16,601,0,0,0,601
02/15/2018,PDX,OR,ANM,WE,Towers with Radar,488,52,41,8,589,0,18,9,0,27,488,70,50,8,616,0,0,0,616
02/16/2018,PDX,OR,ANM,WE,Towers with Radar,486,61,40,4,591,0,0,2,0,2,486,61,42,4,593,0,0,0,593
02/17/2018,PDX,OR,ANM,WE,Towers with Radar,399,28,7,6,440,0,2,0,0,2,399,30,7,6,442,0,0,0,442
02/18/2018,PDX,OR,ANM,WE,Towers with Radar,405,20,11,2,438,0,0,0,0,0,405,20,11,2,438,0,0,0,438
02/19/2018,PDX,OR,ANM,WE,Towers with Radar,476,37,28,0,541,0,19,5,0,24,476,56,33,0,565,2,0,2,567
02/20/2018,PDX,OR,ANM,WE,Towers with Radar,490,79,39,0,608,0,0,0,0,0,490,79,39,0,608,0,0,0,608
02/21/2018,PDX,OR,ANM,WE,Towers with Radar,492,61,36,10,599,0,14,8,0,22,492,75,44,10,621,0,0,0,621
02/22/2018,PDX,OR,ANM,WE,Towers with Radar,504,57,40,18,619,0,17,8,0,25,504,74,48,18,644,0,0,0,644
02/23/2018,PDX,OR,ANM,WE,Towers with Radar,486,50,30,4,570,0,17,12,0,29,486,67,42,4,599,0,0,0,599
02/24/2018,PDX,OR,ANM,WE,Towers with Radar,401,26,13,0,440,0,4,6,0,10,401,30,19,0,450,0,0,0,450
02/25/2018,PDX,OR,ANM,WE,Towers with Radar,431,15,27,0,473,0,0,1,0,1,431,15,28,0,474,0,0,0,474
02/26/2018,PDX,OR,ANM,WE,Towers with Radar,479,45,39,14,577,0,19,7,0,26,479,64,46,14,603,0,0,0,603
02/27/2018,PDX,OR,ANM,WE,Towers with Radar,491,63,36,19,609,0,12,1,0,13,491,75,37,19,622,0,0,0,622
02/28/2018,PDX,OR,ANM,WE,Towers with Radar,490,76,32,22,620,0,0,0,0,0,490,76,32,22,620,0,0,0,620
03/01/2018,PDX,OR,ANM,WE,Towers with Radar,494,49,26,18,587,0,21,2,1,24,494,70,28,19,611,0,0,0,611
03/02/2018,PDX,OR,ANM,WE,Towers with Radar,482,51,24,21,578,0,18,10,0,28,482,69,34,21,606,0,0,0,606
03/03/2018,PDX,OR,ANM,WE,Towers with Radar,400,25,25,10,460,0,7,11,2,20,400,32,36,12,480,0,0,0,480
03/04/2018,PDX,OR,ANM,WE,Towers with Radar,430,26,12,10,478,0,1,13,0,14,430,27,25,10,492,0,0,0,492
03/05/2018,PDX,OR,ANM,WE,Towers with Radar,486,41,33,14,574,0,21,9,0,30,486,62,42,14,604,0,0,0,604
03/06/2018,PDX,OR,ANM,WE,Towers with Radar,496,49,23,6,574,0,19,22,3,44,496,68,45,9,618,6,0,6,624
03/07/2018,PDX,OR,ANM,WE,Towers with Radar,504,51,33,22,610,0,20,11,0,31,504,71,44,22,641,0,0,0,641
03/08/2018,PDX,OR,ANM,WE,Towers with Radar,515,60,20,4,599,0,7,6,0,13,515,67,26,4,612,0,0,0,612
03/09/2018,PDX,OR,ANM,WE,Towers with Radar,509,55,43,1,608,0,18,12,0,30,509,73,55,1,638,8,0,8,646
03/10/2018,PDX,OR,ANM,WE,Towers with Radar,417,33,14,7,471,0,7,21,0,28,417,40,35,7,499,6,0,6,505
03/11/2018,PDX,OR,ANM,WE,Towers with Radar,463,19,10,4,496,0,0,28,0,28,463,19,38,4,524,6,0,6,530
03/12/2018,PDX,OR,ANM,WE,Towers with Radar,514,48,19,2,583,0,20,8,0,28,514,68,27,2,611,0,0,0,611
03/13/2018,PDX,OR,ANM,WE,Towers with Radar,512,58,27,9,606,0,19,3,0,22,512,77,30,9,628,0,0,0,628
03/14/2018,PDX,OR,ANM,WE,Towers with Radar,529,58,28,9,624,0,20,12,1,33,529,78,40,10,657,10,0,10,667
03/15/2018,PDX,OR,ANM,WE,Towers with Radar,525,67,28,9,629,0,21,18,0,39,525,88,46,9,668,0,0,0,668
03/16/2018,PDX,OR,ANM,WE,Towers with Radar,531,63,22,1,617,0,19,4,0,23,531,82,26,1,640,0,0,0,640
03/17/2018,PDX,OR,ANM,WE,Towers with Radar,436,36,14,1,487,0,1,5,1,7,436,37,19,2,494,0,0,0,494
03/18/2018,PDX,OR,ANM,WE,Towers with Radar,466,18,16,1,501,0,2,9,1,12,466,20,25,2,513,0,0,0,513
03/19/2018,PDX,OR,ANM,WE,Towers with Radar,522,49,37,3,611,0,19,9,0,28,522,68,46,3,639,0,0,0,639
03/20/2018,PDX,OR,ANM,WE,Towers with Radar,515,54,37,6,612,0,25,19,2,46,515,79,56,8,658,0,0,0,658
03/21/2018,PDX,OR,ANM,WE,Towers with Radar,511,49,34,5,599,0,22,4,1,27,511,71,38,6,626,0,0,0,626
03/22/2018,PDX,OR,ANM,WE,Towers with Radar,527,57,28,4,616,0,19,1,0,20,527,76,29,4,636,0,0,0,636
03/23/2018,PDX,OR,ANM,WE,Towers with Radar,533,71,41,1,646,0,0,1,0,1,533,71,42,1,647,0,0,0,647
03/24/2018,PDX,OR,ANM,WE,Towers with Radar,434,36,22,1,493,0,0,1,0,1,434,36,23,1,494,0,0,0,494
03/25/2018,PDX,OR,ANM,WE,Towers with Radar,476,19,26,0,521,0,2,14,0,16,476,21,40,0,537,0,0,0,537
03/26/2018,PDX,OR,ANM,WE,Towers with Radar,517,44,24,2,587,0,17,7,0,24,517,61,31,2,611,6,0,6,617
03/27/2018,PDX,OR,ANM,WE,Towers with Radar,524,57,31,12,624,0,23,9,0,32,524,80,40,12,656,0,0,0,656
03/28/2018,PDX,OR,ANM,WE,Towers with Radar,526,51,26,11,614,0,21,12,0,33,526,72,38,11,647,0,0,0,647
03/29/2018,PDX,OR,ANM,WE,Towers with Radar,533,49,21,5,608,0,21,23,0,44,533,70,44,5,652,0,0,0,652
03/30/2018,PDX,OR,ANM,WE,Towers with Radar,526,50,26,3,605,0,20,15,0,35,526,70,41,3,640,40,0,40,680
03/31/2018,PDX,OR,ANM,WE,Towers with Radar,426,34,17,0,477,0,3,8,0,11,426,37,25,0,488,0,0,0,488
04/01/2018,PDX,OR,ANM,WE,Towers with Radar,464,31,21,0,516,0,1,2,0,3,464,32,23,0,519,0,0,0,519
04/02/2018,PDX,OR,ANM,WE,Towers with Radar,515,46,32,0,593,0,18,18,0,36,515,64,50,0,629,0,0,0,629
04/03/2018,PDX,OR,ANM,WE,Towers with Radar,521,47,40,8,616,0,19,12,0,31,521,66,52,8,647,0,0,0,647
04/04/2018,PDX,OR,ANM,WE,Towers with Radar,532,51,36,4,623,0,19,6,0,25,532,70,42,4,648,0,0,0,648
04/05/2018,PDX,OR,ANM,WE,Towers with Radar,535,69,34,4,642,0,0,5,0,5,535,69,39,4,647,0,0,0,647
04/06/2018,PDX,OR,ANM,WE,Towers with Radar,515,51,31,0,597,0,19,11,0,30,515,70,42,0,627,4,0,4,631
04/07/2018,PDX,OR,ANM,WE,Towers with Radar,425,25,5,7,462,0,3,1,0,4,425,28,6,7,466,0,0,0,466
04/08/2018,PDX,OR,ANM,WE,Towers with Radar,485,20,12,7,524,0,2,2,0,4,485,22,14,7,528,0,0,0,528
04/09/2018,PDX,OR,ANM,WE,Towers with Radar,523,45,25,0,593,0,20,20,0,40,523,65,45,0,633,4,0,4,637
04/10/2018,PDX,OR,ANM,WE,Towers with Radar,536,49,32,6,623,0,18,6,0,24,536,67,38,6,647,44,0,44,691
04/11/2018,PDX,OR,ANM,WE,Towers with Radar,536,60,46,5,647,0,10,6,0,16,536,70,52,5,663,2,0,2,665
04/12/2018,PDX,OR,ANM,WE,Towers with Radar,551,41,49,3,644,0,18,2,0,20,551,59,51,3,664,0,0,0,664
04/13/2018,PDX,OR,ANM,WE,Towers with Radar,529,66,29,6,630,0,2,14,2,18,529,68,43,8,648,0,0,0,648
04/14/2018,PDX,OR,ANM,WE,Towers with Radar,430,30,14,1,475,0,5,4,1,10,430,35,18,2,485,0,0,0,485
04/15/2018,PDX,OR,ANM,WE,Towers with Radar,491,14,15,0,520,0,0,0,0,0,491,14,15,0,520,0,0,0,520
04/16/2018,PDX,OR,ANM,WE,Towers with Radar,521,42,29,2,594,0,16,13,0,29,521,58,42,2,623,0,0,0,623
04/17/2018,PDX,OR,ANM,WE,Towers with Radar,539,46,29,5,619,0,18,8,0,26,539,64,37,5,645,6,0,6,651
04/18/2018,PDX,OR,ANM,WE,Towers with Radar,545,47,46,7,645,0,18,15,0,33,545,65,61,7,678,20,0,20,698
04/19/2018,PDX,OR,ANM,WE,Towers with Radar,555,51,41,9,656,0,20,62,5,87,555,71,103,14,743,8,0,8,751
04/20/2018,PDX,OR,ANM,WE,Towers with Radar,536,53,31,2,622,0,16,28,2,46,536,69,59,4,668,42,0,42,710
04/21/2018,PDX,OR,ANM,WE,Towers with Radar,430,24,13,4,471,0,6,11,0,17,430,30,24,4,488,2,0,2,490
04/22/2018,PDX,OR,ANM,WE,Towers with Radar,488,21,21,2,532,0,0,23,0,23,488,21,44,2,555,50,0,50,605
04/23/2018,PDX,OR,ANM,WE,Towers with Radar,535,54,24,2,615,0,18,22,2,42,535,72,46,4,657,2,0,2,659
04/24/2018,PDX,OR,ANM,WE,Towers with Radar,519,50,33,6,608,0,20,24,0,44,519,70,57,6,652,3,0,3,655
04/25/2018,PDX,OR,ANM,WE,Towers with Radar,529,46,31,2,608,0,21,89,0,110,529,67,120,2,718,0,0,0,718
04/26/2018,PDX,OR,ANM,WE,Towers with Radar,558,53,31,7,649,0,20,27,0,47,558,73,58,7,696,30,0,30,726
04/27/2018,PDX,OR,ANM,WE,Towers with Radar,540,50,33,2,625,0,13,5,0,18,540,63,38,2,643,2,0,2,645
04/28/2018,PDX,OR,ANM,WE,Towers with Radar,423,38,19,0,480,0,1,0,0,1,423,39,19,0,481,0,0,0,481
04/29/2018,PDX,OR,ANM,WE,Towers with Radar,499,15,23,0,537,0,1,7,1,9,499,16,30,1,546,16,0,16,562
04/30/2018,PDX,OR,ANM,WE,Towers with Radar,533,36,15,0,584,0,18,10,1,29,533,54,25,1,613,8,0,8,621
05/01/2018,PDX,OR,ANM,WE,Towers with Radar,527,44,37,12,620,0,18,9,1,28,527,62,46,13,648,0,0,0,648
05/02/2018,PDX,OR,ANM,WE,Towers with Radar,534,48,32,9,623,0,18,15,7,40,534,66,47,16,663,10,0,10,673
05/03/2018,PDX,OR,ANM,WE,Towers with Radar,552,49,36,7,644,0,19,25,2,46,552,68,61,9,690,24,0,24,714
05/04/2018,PDX,OR,ANM,WE,Towers with Radar,552,47,33,2,634,0,19,17,2,38,552,66,50,4,672,0,0,0,672
05/05/2018,PDX,OR,ANM,WE,Towers with Radar,437,25,14,5,481,0,3,11,0,14,437,28,25,5,495,18,0,18,513
05/06/2018,PDX,OR,ANM,WE,Towers with Radar,520,26,31,7,584,0,1,12,0,13,520,27,43,7,597,0,0,0,597
05/07/2018,PDX,OR,ANM,WE,Towers with Radar,539,46,24,3,612,0,21,16,3,40,539,67,40,6,652,0,0,0,652
05/08/2018,PDX,OR,ANM,WE,Towers with Radar,533,50,34,4,621,0,18,9,0,27,533,68,43,4,648,8,0,8,656
05/09/2018,PDX,OR,ANM,WE,Towers with Radar,546,55,29,8,638,0,20,12,0,32,546,75,41,8,670,4,0,4,674
05/10/2018,PDX,OR,ANM,WE,Towers with Radar,557,59,34,5,655,0,16,13,0,29,557,75,47,5,684,2,0,2,686
05/11/2018,PDX,OR,ANM,WE,Towers with Radar,569,48,33,2,652,0,22,14,0,36,569,70,47,2,688,0,0,0,688
05/12/2018,PDX,OR,ANM,WE,Towers with Radar,443,40,13,6,502,0,2,10,0,12,443,42,23,6,514,0,0,0,514
05/13/2018,PDX,OR,ANM,WE,Towers with Radar,498,23,13,2,536,0,3,23,0,26,498,26,36,2,562,0,0,0,562
05/14/2018,PDX,OR,ANM,WE,Towers with Radar,540,41,36,2,619,0,21,20,3,44,540,62,56,5,663,8,0,8,671
05/15/2018,PDX,OR,ANM,WE,Towers with Radar,550,54,50,4,658,0,18,7,0,25,550,72,57,4,683,22,0,22,705
05/16/2018,PDX,OR,ANM,WE,Towers with Radar,547,52,40,5,644,0,16,22,0,38,547,68,62,5,682,44,0,44,726
05/17/2018,PDX,OR,ANM,WE,Towers with Radar,568,57,41,7,673,0,17,9,0,26,568,74,50,7,699,0,0,0,699
05/18/2018,PDX,OR,ANM,WE,Towers with Radar,559,49,24,7,639,0,19,20,1,40,559,68,44,8,679,2,0,2,681
05/19/2018,PDX,OR,ANM,WE,Towers with Radar,444,29,36,9,518,0,2,43,3,48,444,31,79,12,566,7,0,7,573
05/20/2018,PDX,OR,ANM,WE,Towers with Radar,513,17,24,5,559,0,1,21,1,23,513,18,45,6,582,0,0,0,582
05/21/2018,PDX,OR,ANM,WE,Towers with Radar,550,41,25,3,619,0,16,20,0,36,550,57,45,3,655,20,0,20,675
05/22/2018,PDX,OR,ANM,WE,Towers with Radar,559,56,29,8,652,0,22,37,3,62,559,78,66,11,714,0,0,0,714
05/23/2018,PDX,OR,ANM,WE,Towers with Radar,559,51,34,7,651,0,24,22,1,47,559,75,56,8,698,36,0,36,734
05/24/2018,PDX,OR,ANM,WE,Towers with Radar,574,52,52,5,683,0,18,23,1,42,574,70,75,6,725,0,0,0,725
05/25/2018,PDX,OR,ANM,WE,Towers with Radar,568,57,18,1,644,0,16,20,0,36,568,73,38,1,680,0,0,0,680
05/26/2018,PDX,OR,ANM,WE,Towers with Radar,463,25,19,1,508,0,4,13,0,17,463,29,32,1,525,0,0,0,525
05/27/2018,PDX,OR,ANM,WE,Towers with Radar,492,16,8,0,516,0,0,30,0,30,492,16,38,0,546,0,0,0,546
05/28/2018,PDX,OR,ANM,WE,Towers with Radar,532,17,7,1,557,0,2,15,1,18,532,19,22,2,575,28,0,28,603
05/29/2018,PDX,OR,ANM,WE,Towers with Radar,542,42,30,5,619,0,13,11,1,25,542,55,41,6,644,0,0,0,644
05/30/2018,PDX,OR,ANM,WE,Towers with Radar,576,52,36,5,669,0,18,20,0,38,576,70,56,5,707,0,0,0,707
05/31/2018,PDX,OR,ANM,WE,Towers with Radar,581,52,25,8,666,0,19,16,0,35,581,71,41,8,701,24,0,24,725
06/01/2018,PDX,OR,ANM,WE,Towers with Radar,574,45,35,5,659,0,20,18,3,41,574,65,53,8,700,58,0,58,758
06/02/2018,PDX,OR,ANM,WE,Towers with Radar,472,23,20,8,523,0,3,29,1,33,472,26,49,9,556,20,0,20,576
06/03/2018,PDX,OR,ANM,WE,Towers with Radar,536,25,24,5,590,0,1,28,0,29,536,26,52,5,619,0,0,0,619
06/04/2018,PDX,OR,ANM,WE,Towers with Radar,559,45,49,3,656,0,19,26,0,45,559,64,75,3,701,48,0,48,749
06/05/2018,PDX,OR,ANM,WE,Towers with Radar,582,45,38,4,669,0,18,40,1,59,582,63,78,5,728,34,0,34,762
06/06/2018,PDX,OR,ANM,WE,Towers with Radar,578,48,31,2,659,0,21,27,0,48,578,69,58,2,707,0,0,0,707
06/07/2018,PDX,OR,ANM,WE,Towers with Radar,619,53,51,11,734,0,18,19,0,37,619,71,70,11,771,12,0,12,783
06/08/2018,PDX,OR,ANM,WE,Towers with Radar,600,61,26,6,693,0,13,7,0,20,600,74,33,6,713,16,0,16,729
06/09/2018,PDX,OR,ANM,WE,Towers with Radar,517,35,13,2,567,0,2,7,0,9,517,37,20,2,576,0,0,0,576
06/10/2018,PDX,OR,ANM,WE,Towers with Radar,554,25,32,3,614,0,1,4,0,5,554,26,36,3,619,0,0,0,619
06/11/2018,PDX,OR,ANM,WE,Towers with Radar,608,50,22,1,681,0,17,17,1,35,608,67,39,2,716,0,0,0,716
06/12/2018,PDX,OR,ANM,WE,Towers with Radar,615,43,25,7,690,0,18,13,0,31,615,61,38,7,721,0,0,0,721
06/13/2018,PDX,OR,ANM,WE,Towers with Radar,612,55,32,8,707,0,18,11,2,31,612,73,43,10,738,0,0,0,738
06/14/2018,PDX,OR,ANM,WE,Towers with Radar,635,54,27,6,722,0,20,18,0,38,635,74,45,6,760,18,0,18,778
06/15/2018,PDX,OR,ANM,WE,Towers with Radar,613,58,35,4,710,0,16,25,0,41,613,74,60,4,751,4,0,4,755
06/16/2018,PDX,OR,ANM,WE,Towers with Radar,533,28,7,2,570,0,5,5,0,10,533,33,12,2,580,6,0,6,586
06/17/2018,PDX,OR,ANM,WE,Towers with Radar,566,28,10,2,606,0,0,13,0,13,566,28,23,2,619,0,0,0,619
06/18/2018,PDX,OR,ANM,WE,Towers with Radar,593,40,32,1,666,0,19,14,0,33,593,59,46,1,699,2,0,2,701
06/19/2018,PDX,OR,ANM,WE,Towers with Radar,613,49,39,8,709,0,19,19,0,38,613,68,58,8,747,0,0,0,747
06/20/2018,PDX,OR,ANM,WE,Towers with Radar,611,61,24,6,702,0,24,11,0,35,611,85,35,6,737,0,0,0,737
06/21/2018,PDX,OR,ANM,WE,Towers with Radar,628,52,32,12,724,0,17,5,0,22,628,69,37,12,746,0,0,0,746
06/22/2018,PDX,OR,ANM,WE,Towers with Radar,603,61,44,12,720,0,16,13,1,30,603,77,57,13,750,0,0,0,750
06/23/2018,PDX,OR,ANM,WE,Towers with Radar,521,30,20,8,579,0,3,8,2,13,521,33,28,10,592,0,0,0,592
06/24/2018,PDX,OR,ANM,WE,Towers with Radar,556,32,21,3,612,0,1,12,2,15,556,33,33,5,627,22,0,22,649
06/25/2018,PDX,OR,ANM,WE,Towers with Radar,614,41,31,6,692,0,19,6,1,26,614,60,37,7,718,0,0,0,718
06/26/2018,PDX,OR,ANM,WE,Towers with Radar,615,57,32,16,720,0,21,13,3,37,615,78,45,19,757,20,0,20,777
06/27/2018,PDX,OR,ANM,WE,Towers with Radar,625,55,40,6,726,0,23,16,6,45,625,78,56,12,771,28,0,28,799
06/28/2018,PDX,OR,ANM,WE,Towers with Radar,625,50,47,7,729,0,17,17,7,41,625,67,64,14,770,32,0,32,802
06/29/2018,PDX,OR,ANM,WE,Towers with Radar,612,45,31,11,699,0,19,26,1,46,612,64,57,12,745,0,0,0,745
06/30/2018,PDX,OR,ANM,WE,Towers with Radar,539,30,26,0,595,0,5,15,9,29,539,35,41,9,624,22,0,22,646
07/01/2018,PDX,OR,ANM,WE,Towers with Radar,548,30,26,3,607,0,0,16,3,19,548,30,42,6,626,0,0,0,626
07/02/2018,PDX,OR,ANM,WE,Towers with Radar,573,45,18,2,638,0,20,21,0,41,573,65,39,2,679,18,0,18,697
07/03/2018,PDX,OR,ANM,WE,Towers with Radar,585,58,15,8,666,0,20,21,3,44,585,78,36,11,710,0,0,0,710
07/04/2018,PDX,OR,ANM,WE,Towers with Radar,520,19,4,4,547,0,0,21,0,21,520,19,25,4,568,30,0,30,598
07/05/2018,PDX,OR,ANM,WE,Towers with Radar,599,44,25,6,674,0,20,23,1,44,599,64,48,7,718,22,0,22,740
07/06/2018,PDX,OR,ANM,WE,Towers with Radar,604,48,23,4,679,0,20,17,0,37,604,68,40,4,716,16,0,16,732
07/07/2018,PDX,OR,ANM,WE,Towers with Radar,553,26,9,8,596,0,6,13,1,20,553,32,22,9,616,0,0,0,616
07/08/2018,PDX,OR,ANM,WE,Towers with Radar,575,29,26,3,633,0,0,23,4,27,575,29,49,7,660,20,0,20,680
07/09/2018,PDX,OR,ANM,WE,Towers with Radar,611,42,40,18,711,0,19,12,0,31,611,61,52,18,742,2,0,2,744
07/10/2018,PDX,OR,ANM,WE,Towers with Radar,641,61,29,27,758,0,19,15,0,34,641,80,44,27,792,0,0,0,792
07/11/2018,PDX,OR,ANM,WE,Towers with Radar,631,48,26,20,725,0,19,27,1,47,631,67,53,21,772,20,0,20,792
07/12/2018,PDX,OR,ANM,WE,Towers with Radar,644,50,54,14,762,0,19,27,0,46,644,69,81,14,808,0,0,0,808
07/13/2018,PDX,OR,ANM,WE,Towers with Radar,644,50,31,14,739,0,20,21,0,41,644,70,52,14,780,52,0,52,832
07/14/2018,PDX,OR,ANM,WE,Towers with Radar,540,31,12,2,585,0,5,21,1,27,540,36,33,3,612,0,0,0,612
07/15/2018,PDX,OR,ANM,WE,Towers with Radar,572,26,27,14,639,0,1,14,1,16,572,27,41,15,655,16,0,16,671
07/16/2018,PDX,OR,ANM,WE,Towers with Radar,608,49,24,9,690,0,20,33,1,54,608,69,57,10,744,20,0,20,764
07/17/2018,PDX,OR,ANM,WE,Towers with Radar,632,56,29,18,735,0,21,19,1,41,632,77,48,19,776,60,0,60,836
07/18/2018,PDX,OR,ANM,WE,Towers with Radar,647,55,39,22,763,0,20,30,1,51,647,75,69,23,814,60,0,60,874
07/19/2018,PDX,OR,ANM,WE,Towers with Radar,631,56,48,26,761,0,20,13,0,33,631,76,61,26,794,4,0,4,798
07/20/2018,PDX,OR,ANM,WE,Towers with Radar,633,44,31,21,729,0,18,33,0,51,633,62,64,21,780,52,0,52,832
07/21/2018,PDX,OR,ANM,WE,Towers with Radar,566,24,16,2,608,0,11,19,6,36,566,35,35,8,644,20,0,20,664
07/22/2018,PDX,OR,ANM,WE,Towers with Radar,561,29,30,1,621,0,1,22,1,24,561,30,52,2,645,0,0,0,645
07/23/2018,PDX,OR,ANM,WE,Towers with Radar,607,51,17,14,689,0,17,16,5,38,607,68,33,19,727,26,0,26,753
07/24/2018,PDX,OR,ANM,WE,Towers with Radar,650,55,37,22,764,0,20,27,8,55,650,75,64,30,819,0,0,0,819
07/25/2018,PDX,OR,ANM,WE,Towers with Radar,625,55,30,18,728,0,21,30,4,55,625,76,60,22,783,20,0,20,803
07/26/2018,PDX,OR,ANM,WE,Towers with Radar,643,46,41,21,751,0,22,37,4,63,643,68,78,25,814,0,0,0,814
07/27/2018,PDX,OR,ANM,WE,Towers with Radar,624,42,34,19,719,0,16,18,2,36,624,58,52,21,755,0,0,0,755
07/28/2018,PDX,OR,ANM,WE,Towers with Radar,543,27,5,4,579,0,6,22,1,29,543,33,27,5,608,0,0,0,608
07/29/2018,PDX,OR,ANM,WE,Towers with Radar,569,20,25,5,619,0,2,30,0,32,569,22,55,5,651,40,0,40,691
07/30/2018,PDX,OR,ANM,WE,Towers with Radar,627,43,34,9,713,0,19,17,0,36,627,62,51,9,749,1,1,2,751
07/31/2018,PDX,OR,ANM,WE,Towers with Radar,639,48,36,17,740,0,19,22,0,41,639,67,58,17,781,22,0,22,803
08/01/2018,PDX,OR,ANM,WE,Towers with Radar,640,53,37,19,749,0,19,25,0,44,640,72,62,19,793,17,0,17,810
08/02/2018,PDX,OR,ANM,WE,Towers with Radar,640,59,47,19,765,0,18,24,0,42,640,77,71,19,807,6,0,6,813
08/03/2018,PDX,OR,ANM,WE,Towers with Radar,606,66,29,15,716,0,17,20,0,37,606,83,49,15,753,0,0,0,753
08/04/2018,PDX,OR,ANM,WE,Towers with Radar,539,37,16,10,602,0,7,28,0,35,539,44,44,10,637,0,0,0,637
08/05/2018,PDX,OR,ANM,WE,Towers with Radar,576,28,34,9,647,0,0,16,0,16,576,28,50,9,663,0,0,0,663
08/06/2018,PDX,OR,ANM,WE,Towers with Radar,601,48,24,11,684,0,20,15,3,38,601,68,39,14,722,0,0,0,722
08/07/2018,PDX,OR,ANM,WE,Towers with Radar,622,67,32,13,734,0,18,18,2,38,622,85,50,15,772,2,0,2,774
08/08/2018,PDX,OR,ANM,WE,Towers with Radar,623,60,28,21,732,0,17,23,0,40,623,77,51,21,772,0,0,0,772
08/09/2018,PDX,OR,ANM,WE,Towers with Radar,639,51,24,8,722,0,18,21,0,39,639,69,45,8,761,0,0,0,761
08/10/2018,PDX,OR,ANM,WE,Towers with Radar,633,50,26,8,717,0,21,22,0,43,633,71,48,8,760,0,0,0,760
08/11/2018,PDX,OR,ANM,WE,Towers with Radar,529,34,23,2,588,0,5,9,0,14,529,39,32,2,602,0,0,0,602
08/12/2018,PDX,OR,ANM,WE,Towers with Radar,560,26,30,3,619,0,0,19,4,23,560,26,49,7,642,0,0,0,642
08/13/2018,PDX,OR,ANM,WE,Towers with Radar,600,41,28,6,675,0,21,29,0,50,600,62,57,6,725,32,0,32,757
08/14/2018,PDX,OR,ANM,WE,Towers with Radar,605,72,29,10,716,0,1,9,1,11,605,73,38,11,727,0,0,0,727
08/15/2018,PDX,OR,ANM,WE,Towers with Radar,627,71,43,20,761,0,4,6,0,10,627,75,49,20,771,0,0,0,771
08/16/2018,PDX,OR,ANM,WE,Towers with Radar,621,47,30,14,712,0,18,14,0,32,621,65,44,14,744,6,0,6,750
08/17/2018,PDX,OR,ANM,WE,Towers with Radar,609,46,24,19,698,0,16,14,1,31,609,62,38,20,729,0,0,0,729
08/18/2018,PDX,OR,ANM,WE,Towers with Radar,521,38,12,3,574,0,5,14,0,19,521,43,26,3,593,0,0,0,593
08/19/2018,PDX,OR,ANM,WE,Towers with Radar,559,25,14,3,601,0,1,17,1,19,559,26,31,4,620,0,0,0,620
08/20/2018,PDX,OR,ANM,WE,Towers with Radar,584,60,27,35,706,0,0,7,0,7,584,60,34,35,713,2,0,2,715
08/21/2018,PDX,OR,ANM,WE,Towers with Radar,603,65,28,46,742,0,2,9,0,11,603,67,37,46,753,0,0,0,753
08/22/2018,PDX,OR,ANM,WE,Towers with Radar,617,69,33,46,765,0,0,5,1,6,617,69,38,47,771,0,0,0,771
08/23/2018,PDX,OR,ANM,WE,Towers with Radar,616,57,48,49,770,0,16,4,0,20,616,73,52,49,790,0,0,0,790
08/24/2018,PDX,OR,ANM,WE,Towers with Radar,611,46,28,24,709,0,18,17,0,35,611,64,45,24,744,0,0,0,744
08/25/2018,PDX,OR,ANM,WE,Towers with Radar,497,35,18,1,551,0,6,9,2,17,497,41,27,3,568,3,0,3,571
08/26/2018,PDX,OR,ANM,WE,Towers with Radar,527,28,27,3,585,0,0,5,0,5,527,28,32,3,590,0,0,0,590
08/27/2018,PDX,OR,ANM,WE,Towers with Radar,560,43,27,14,644,0,17,14,1,32,560,60,41,15,676,4,0,4,680
08/28/2018,PDX,OR,ANM,WE,Towers with Radar,556,49,28,23,656,0,22,21,0,43,556,71,49,23,699,14,0,14,713
08/29/2018,PDX,OR,ANM,WE,Towers with Radar,579,50,36,23,688,0,18,16,0,34,579,68,52,23,722,0,0,0,722
08/30/2018,PDX,OR,ANM,WE,Towers with Radar,582,62,34,25,703,0,19,12,1,32,582,81,46,26,735,6,0,6,741
08/31/2018,PDX,OR,ANM,WE,Towers with Radar,570,52,24,5,651,0,18,16,0,34,570,70,40,5,685,0,0,0,685
09/01/2018,PDX,OR,ANM,WE,Towers with Radar,454,28,12,0,494,0,7,19,0,26,454,35,31,0,520,50,0,50,570
09/02/2018,PDX,OR,ANM,WE,Towers with Radar,415,18,18,2,453,0,1,11,0,12,415,19,29,2,465,0,0,0,465
09/03/2018,PDX,OR,ANM,WE,Towers with Radar,529,26,26,0,581,0,4,18,0,22,529,30,44,0,603,12,0,12,615
09/04/2018,PDX,OR,ANM,WE,Towers with Radar,539,44,30,13,626,0,18,16,0,34,539,62,46,13,660,22,0,22,682
09/05/2018,PDX,OR,ANM,WE,Towers with Radar,558,53,34,13,658,0,23,11,0,34,558,76,45,13,692,14,0,14,706
09/06/2018,PDX,OR,ANM,WE,Towers with Radar,554,49,28,16,647,0,20,9,0,29,554,69,37,16,676,0,0,0,676
09/07/2018,PDX,OR,ANM,WE,Towers with Radar,561,40,26,6,633,0,23,33,2,58,561,63,59,8,691,0,0,0,691
09/08/2018,PDX,OR,ANM,WE,Towers with Radar,437,32,18,47,534,0,3,8,0,11,437,35,26,47,545,0,0,0,545
09/09/2018,PDX,OR,ANM,WE,Towers with Radar,522,15,18,11,566,0,1,20,1,22,522,16,38,12,588,0,0,0,588
09/10/2018,PDX,OR,ANM,WE,Towers with Radar,557,50,26,11,644,0,19,6,0,25,557,69,32,11,669,2,0,2,671
09/11/2018,PDX,OR,ANM,WE,Towers with Radar,557,51,24,27,659,0,17,7,0,24,557,68,31,27,683,0,0,0,683
09/12/2018,PDX,OR,ANM,WE,Towers with Radar,554,58,31,35,678,0,15,7,0,22,554,73,38,35,700,14,0,14,714
09/13/2018,PDX,OR,ANM,WE,Towers with Radar,579,46,29,29,683,0,15,4,0,19,579,61,33,29,702,0,0,0,702
09/14/2018,PDX,OR,ANM,WE,Towers with Radar,570,39,37,18,664,0,15,9,4,28,570,54,46,22,692,0,0,0,692
09/15/2018,PDX,OR,ANM,WE,Towers with Radar,457,34,15,1,507,0,4,14,0,18,457,38,29,1,525,19,0,19,544
09/16/2018,PDX,OR,ANM,WE,Towers with Radar,525,24,24,3,576,0,1,12,2,15,525,25,36,5,591,0,0,0,591
09/17/2018,PDX,OR,ANM,WE,Towers with Radar,560,35,21,25,641,0,17,16,1,34,560,52,37,26,675,0,0,0,675
09/18/2018,PDX,OR,ANM,WE,Towers with Radar,552,53,26,23,654,0,18,16,0,34,552,71,42,23,688,20,0,20,708
09/19/2018,PDX,OR,ANM,WE,Towers with Radar,565,51,33,25,674,0,18,30,0,48,565,69,63,25,722,20,0,20,742
09/20/2018,PDX,OR,ANM,WE,Towers with Radar,572,54,33,6,665,0,19,19,0,38,572,73,52,6,703,6,0,6,709
09/21/2018,PDX,OR,ANM,WE,Towers with Radar,562,51,45,7,665,0,16,16,1,33,562,67,61,8,698,0,0,0,698
09/22/2018,PDX,OR,ANM,WE,Towers with Radar,448,31,22,0,501,0,3,13,1,17,448,34,35,1,518,0,0,0,518
09/23/2018,PDX,OR,ANM,WE,Towers with Radar,514,21,29,6,570,0,0,8,1,9,514,21,37,7,579,0,0,0,579
09/24/2018,PDX,OR,ANM,WE,Towers with Radar,547,31,24,25,627,0,22,23,0,45,547,53,47,25,672,32,0,32,704
09/25/2018,PDX,OR,ANM,WE,Towers with Radar,552,46,20,31,649,0,18,22,2,42,552,64,42,33,691,20,0,20,711
09/26/2018,PDX,OR,ANM,WE,Towers with Radar,562,42,25,31,660,1,21,20,0,42,563,63,45,31,702,12,0,12,714
09/27/2018,PDX,OR,ANM,WE,Towers with Radar,572,44,30,23,669,0,18,20,0,38,572,62,50,23,707,0,0,0,707
09/28/2018,PDX,OR,ANM,WE,Towers with Radar,574,52,41,18,685,0,19,29,1,49,574,71,70,19,734,0,0,0,734
09/29/2018,PDX,OR,ANM,WE,Towers with Radar,450,32,22,3,507,1,2,13,2,18,451,34,35,5,525,0,0,0,525
09/30/2018,PDX,OR,ANM,WE,Towers with Radar,529,22,31,5,587,0,1,11,1,13,529,23,42,6,600,0,0,0,600
10/01/2018,PDX,OR,ANM,WE,Towers with Radar,552,43,15,15,625,0,18,11,1,30,552,61,26,16,655,2,0,2,657
10/02/2018,PDX,OR,ANM,WE,Towers with Radar,540,45,19,17,621,0,20,8,0,28,540,65,27,17,649,0,0,0,649
10/03/2018,PDX,OR,ANM,WE,Towers with Radar,555,45,23,14,637,0,17,11,0,28,555,62,34,14,665,38,0,38,703
10/04/2018,PDX,OR,ANM,WE,Towers with Radar,553,48,40,12,653,0,18,22,1,41,553,66,62,13,694,20,0,20,714
10/05/2018,PDX,OR,ANM,WE,Towers with Radar,550,58,46,9,663,0,1,2,0,3,550,59,48,9,666,0,0,0,666
10/06/2018,PDX,OR,ANM,WE,Towers with Radar,442,28,20,0,490,0,2,11,0,13,442,30,31,0,503,0,0,0,503
10/07/2018,PDX,OR,ANM,WE,Towers with Radar,510,25,23,2,560,0,0,2,0,2,510,25,25,2,562,0,0,0,562
10/08/2018,PDX,OR,ANM,WE,Towers with Radar,530,45,34,0,609,0,0,0,0,0,530,45,34,0,609,0,0,0,609
10/09/2018,PDX,OR,ANM,WE,Towers with Radar,535,49,23,3,610,0,18,8,0,26,535,67,31,3,636,0,0,0,636
10/10/2018,PDX,OR,ANM,WE,Towers with Radar,553,47,27,25,652,0,18,9,0,27,553,65,36,25,679,0,0,0,679
10/11/2018,PDX,OR,ANM,WE,Towers with Radar,558,45,32,10,645,0,19,18,4,41,558,64,50,14,686,42,0,42,728
10/12/2018,PDX,OR,ANM,WE,Towers with Radar,548,50,20,14,632,0,21,17,1,39,548,71,37,15,671,20,0,20,691
10/13/2018,PDX,OR,ANM,WE,Towers with Radar,441,32,21,22,516,0,6,20,1,27,441,38,41,23,543,0,0,0,543
10/14/2018,PDX,OR,ANM,WE,Towers with Radar,507,23,17,10,557,0,3,15,3,21,507,26,32,13,578,2,0,2,580
10/15/2018,PDX,OR,ANM,WE,Towers with Radar,533,44,16,5,598,0,22,21,4,47,533,66,37,9,645,4,0,4,649
10/16/2018,PDX,OR,ANM,WE,Towers with Radar,539,50,25,17,631,0,19,19,2,40,539,69,44,19,671,0,0,0,671
10/17/2018,PDX,OR,ANM,WE,Towers with Radar,548,54,20,17,639,0,18,33,1,52,548,72,53,18,691,0,0,0,691
10/18/2018,PDX,OR,ANM,WE,Towers with Radar,551,55,47,11,664,0,20,24,1,45,551,75,71,12,709,36,0,36,745
10/19/2018,PDX,OR,ANM,WE,Towers with Radar,538,59,28,9,634,0,19,15,2,36,538,78,43,11,670,4,0,4,674
10/20/2018,PDX,OR,ANM,WE,Towers with Radar,434,26,14,1,475,0,3,12,1,16,434,29,26,2,491,0,0,0,491
10/21/2018,PDX,OR,ANM,WE,Towers with Radar,516,29,21,4,570,0,1,14,1,16,516,30,35,5,586,0,0,0,586
10/22/2018,PDX,OR,ANM,WE,Towers with Radar,554,38,31,13,636,0,21,16,2,39,554,59,47,15,675,0,0,0,675
10/23/2018,PDX,OR,ANM,WE,Towers with Radar,544,52,32,24,652,0,12,1,5,18,544,64,33,29,670,9,0,9,679
10/24/2018,PDX,OR,ANM,WE,Towers with Radar,542,49,27,24,642,0,16,1,4,21,542,65,28,28,663,0,0,0,663
10/25/2018,PDX,OR,ANM,WE,Towers with Radar,548,61,34,20,663,0,0,7,0,7,548,61,41,20,670,6,0,6,676
10/26/2018,PDX,OR,ANM,WE,Towers with Radar,550,50,26,11,637,0,15,9,1,25,550,65,35,12,662,0,0,0,662
10/27/2018,PDX,OR,ANM,WE,Towers with Radar,429,29,25,5,488,0,2,3,5,10,429,31,28,10,498,0,0,0,498
10/28/2018,PDX,OR,ANM,WE,Towers with Radar,499,22,22,1,544,0,1,2,0,3,499,23,24,1,547,0,0,0,547
10/29/2018,PDX,OR,ANM,WE,Towers with Radar,517,35,37,8,597,0,16,2,0,18,517,51,39,8,615,0,0,0,615
10/30/2018,PDX,OR,ANM,WE,Towers with Radar,522,51,37,22,632,0,18,4,0,22,522,69,41,22,654,0,0,0,654
10/31/2018,PDX,OR,ANM,WE,Towers with Radar,451,70,36,21,578,0,0,3,0,3,451,70,39,21,581,0,0,0,581
11/01/2018,PDX,OR,ANM,WE,Towers with Radar,537,50,28,5,620,0,18,0,0,18,537,68,28,5,638,0,0,0,638
11/02/2018,PDX,OR,ANM,WE,Towers with Radar,533,45,23,8,609,0,15,16,0,31,533,60,39,8,640,2,0,2,642
11/03/2018,PDX,OR,ANM,WE,Towers with Radar,431,24,22,12,489,0,6,12,0,18,431,30,34,12,507,4,0,4,511
11/04/2018,PDX,OR,ANM,WE,Towers with Radar,482,13,18,5,518,0,0,6,0,6,482,13,24,5,524,0,0,0,524
11/05/2018,PDX,OR,ANM,WE,Towers with Radar,535,40,31,7,613,0,17,6,1,24,535,57,37,8,637,0,0,0,637
11/06/2018,PDX,OR,ANM,WE,Towers with Radar,515,50,38,13,616,0,17,7,2,26,515,67,45,15,642,0,0,0,642
11/07/2018,PDX,OR,ANM,WE,Towers with Radar,528,54,34,16,632,0,17,11,1,29,528,71,45,17,661,0,0,0,661
11/08/2018,PDX,OR,ANM,WE,Towers with Radar,555,45,49,14,663,0,19,21,0,40,555,64,70,14,703,16,0,16,719
11/09/2018,PDX,OR,ANM,WE,Towers with Radar,544,47,21,8,620,0,18,10,0,28,544,65,31,8,648,2,0,2,650
11/10/2018,PDX,OR,ANM,WE,Towers with Radar,440,23,19,4,486,0,2,17,2,21,440,25,36,6,507,0,0,0,507
11/11/2018,PDX,OR,ANM,WE,Towers with Radar,502,15,13,0,530,0,1,22,1,24,502,16,35,1,554,22,0,22,576
11/12/2018,PDX,OR,ANM,WE,Towers with Radar,530,44,30,0,604,0,18,15,0,33,530,62,45,0,637,16,0,16,653
11/13/2018,PDX,OR,ANM,WE,Towers with Radar,522,37,31,12,602,0,20,15,1,36,522,57,46,13,638,0,0,0,638
11/14/2018,PDX,OR,ANM,WE,Towers with Radar,532,79,40,15,666,0,3,1,0,4,532,82,41,15,670,0,0,0,670
11/15/2018,PDX,OR,ANM,WE,Towers with Radar,556,59,43,6,664,0,19,8,1,28,556,78,51,7,692,0,0,0,692
11/16/2018,PDX,OR,ANM,WE,Towers with Radar,540,63,30,12,645,0,10,2,0,12,540,73,32,12,657,0,0,0,657
11/17/2018,PDX,OR,ANM,WE,Towers with Radar,485,29,18,3,535,0,4,19,0,23,485,33,37,3,558,20,0,20,578
11/18/2018,PDX,OR,ANM,WE,Towers with Radar,493,17,18,1,529,0,0,22,1,23,493,17,40,2,552,18,0,18,570
11/19/2018,PDX,OR,ANM,WE,Towers with Radar,529,54,27,11,621,0,22,18,4,44,529,76,45,15,665,0,0,0,665
11/20/2018,PDX,OR,ANM,WE,Towers with Radar,584,60,29,13,686,0,20,13,1,34,584,80,42,14,720,38,0,38,758
11/21/2018,PDX,OR,ANM,WE,Towers with Radar,571,49,20,20,660,0,19,5,0,24,571,68,25,20,684,2,0,2,686
11/22/2018,PDX,OR,ANM,WE,Towers with Radar,413,10,5,0,428,0,0,3,0,3,413,10,8,0,431,0,0,0,431
11/23/2018,PDX,OR,ANM,WE,Towers with Radar,456,64,14,1,535,0,9,2,0,11,456,73,16,1,546,0,0,0,546
11/24/2018,PDX,OR,ANM,WE,Towers with Radar,516,33,29,0,578,0,1,2,0,3,516,34,31,0,581,0,0,0,581
11/25/2018,PDX,OR,ANM,WE,Towers with Radar,534,31,38,0,603,0,4,1,0,5,534,35,39,0,608,2,0,2,610
11/26/2018,PDX,OR,ANM,WE,Towers with Radar,542,53,30,22,647,0,16,7,0,23,542,69,37,22,670,0,0,0,670
11/27/2018,PDX,OR,ANM,WE,Towers with Radar,554,59,31,24,668,0,19,6,0,25,554,78,37,24,693,0,0,0,693
11/28/2018,PDX,OR,ANM,WE,Towers with Radar,546,66,19,22,653,0,2,2,0,4,546,68,21,22,657,0,0,0,657
11/29/2018,PDX,OR,ANM,WE,Towers with Radar,556,51,27,16,650,0,19,1,0,20,556,70,28,16,670,0,0,0,670
11/30/2018,PDX,OR,ANM,WE,Towers with Radar,541,71,34,14,660,0,2,1,1,4,541,73,35,15,664,0,0,0,664
12/01/2018,PDX,OR,ANM,WE,Towers with Radar,445,27,12,10,494,0,4,1,0,5,445,31,13,10,499,0,0,0,499
12/02/2018,PDX,OR,ANM,WE,Towers with Radar,485,13,13,8,519,0,1,6,0,7,485,14,19,8,526,4,0,4,530
12/03/2018,PDX,OR,ANM,WE,Towers with Radar,523,64,19,7,613,0,22,5,0,27,523,86,24,7,640,2,0,2,642
12/04/2018,PDX,OR,ANM,WE,Towers with Radar,522,52,29,8,611,0,21,10,1,32,522,73,39,9,643,10,0,10,653
12/05/2018,PDX,OR,ANM,WE,Towers with Radar,537,52,26,0,615,0,21,9,0,30,537,73,35,0,645,6,0,6,651
12/06/2018,PDX,OR,ANM,WE,Towers with Radar,561,59,31,7,658,0,23,12,4,39,561,82,43,11,697,0,2,2,699
12/07/2018,PDX,OR,ANM,WE,Towers with Radar,536,52,28,6,622,0,24,6,3,33,536,76,34,9,655,0,0,0,655
12/08/2018,PDX,OR,ANM,WE,Towers with Radar,441,25,14,2,482,0,7,3,0,10,441,32,17,2,492,0,0,0,492
12/09/2018,PDX,OR,ANM,WE,Towers with Radar,490,24,14,7,535,0,0,0,0,0,490,24,14,7,535,0,0,0,535
12/10/2018,PDX,OR,ANM,WE,Towers with Radar,529,70,51,7,657,0,0,0,0,0,529,70,51,7,657,0,0,0,657
12/11/2018,PDX,OR,ANM,WE,Towers with Radar,535,77,36,4,652,0,2,1,0,3,535,79,37,4,655,0,0,0,655
12/12/2018,PDX,OR,ANM,WE,Towers with Radar,551,59,38,11,659,0,21,4,0,25,551,80,42,11,684,2,0,2,686
12/13/2018,PDX,OR,ANM,WE,Towers with Radar,582,66,33,4,685,0,24,19,2,45,582,90,52,6,730,30,0,30,760
12/14/2018,PDX,OR,ANM,WE,Towers with Radar,546,58,32,1,637,0,14,2,0,16,546,72,34,1,653,0,0,0,653
12/15/2018,PDX,OR,ANM,WE,Towers with Radar,467,36,17,1,521,0,10,10,0,20,467,46,27,1,541,0,0,0,541
12/16/2018,PDX,OR,ANM,WE,Towers with Radar,495,18,19,0,532,0,1,2,0,3,495,19,21,0,535,0,0,0,535
12/17/2018,PDX,OR,ANM,WE,Towers with Radar,549,49,26,1,625,0,22,1,0,23,549,71,27,1,648,0,0,0,648
12/18/2018,PDX,OR,ANM,WE,Towers with Radar,564,57,30,9,660,0,24,1,0,25,564,81,31,9,685,0,0,0,685
12/19/2018,PDX,OR,ANM,WE,Towers with Radar,582,61,27,2,672,0,23,12,0,35,582,84,39,2,707,0,0,0,707
12/20/2018,PDX,OR,ANM,WE,Towers with Radar,573,70,16,11,670,0,24,10,0,34,573,94,26,11,704,4,0,4,708
12/21/2018,PDX,OR,ANM,WE,Towers with Radar,588,63,25,5,681,0,23,5,0,28,588,86,30,5,709,0,0,0,709
12/22/2018,PDX,OR,ANM,WE,Towers with Radar,533,56,27,0,616,0,10,6,1,17,533,66,33,1,633,0,0,0,633
12/23/2018,PDX,OR,ANM,WE,Towers with Radar,523,19,13,0,555,0,0,0,0,0,523,19,13,0,555,0,0,0,555
12/24/2018,PDX,OR,ANM,WE,Towers with Radar,495,43,12,1,551,0,16,1,0,17,495,59,13,1,568,0,0,0,568
12/25/2018,PDX,OR,ANM,WE,Towers with Radar,451,13,7,0,471,0,0,1,0,1,451,13,8,0,472,0,0,0,472
12/26/2018,PDX,OR,ANM,WE,Towers with Radar,518,69,23,17,627,0,5,2,0,7,518,74,25,17,634,0,0,0,634
12/27/2018,PDX,OR,ANM,WE,Towers with Radar,568,56,17,28,669,0,19,4,0,23,568,75,21,28,692,0,0,0,692
12/28/2018,PDX,OR,ANM,WE,Towers with Radar,559,71,33,9,672,0,0,3,0,3,559,71,36,9,675,0,0,0,675
12/29/2018,PDX,OR,ANM,WE,Towers with Radar,521,33,16,0,570,0,0,0,0,0,521,33,16,0,570,0,0,0,570
12/30/2018,PDX,OR,ANM,WE,Towers with Radar,523,13,4,0,540,0,0,2,0,2,523,13,6,0,542,2,0,2,544
12/31/2018,PDX,OR,ANM,WE,Towers with Radar,501,30,17,0,548,0,14,6,0,20,501,44,23,0,568,0,0,0,568
01/01/2019,PDX,OR,ANM,WE,Towers with Radar,496,7,25,0,528,0,3,2,0,5,496,10,27,0,533,0,0,0,533
01/02/2019,PDX,OR,ANM,WE,Towers with Radar,535,44,17,4,600,0,22,10,1,33,535,66,27,5,633,0,0,0,633
01/03/2019,PDX,OR,ANM,WE,Towers with Radar,577,53,13,5,648,0,22,8,0,30,577,75,21,5,678,16,0,16,694
01/04/2019,PDX,OR,ANM,WE,Towers with Radar,540,56,23,14,633,0,18,4,0,22,540,74,27,14,655,4,0,4,659
01/05/2019,PDX,OR,ANM,WE,Towers with Radar,465,30,33,0,528,0,3,7,0,10,465,33,40,0,538,0,0,0,538
01/06/2019,PDX,OR,ANM,WE,Towers with Radar,502,16,27,0,545,0,0,2,0,2,502,16,29,0,547,0,0,0,547
01/07/2019,PDX,OR,ANM,WE,Towers with Radar,522,42,16,16,596,0,20,9,0,29,522,62,25,16,625,2,0,2,627
01/08/2019,PDX,OR,ANM,WE,Towers with Radar,514,46,22,20,602,0,20,9,0,29,514,66,31,20,631,0,0,0,631
01/09/2019,PDX,OR,ANM,WE,Towers with Radar,517,56,28,16,617,0,20,4,0,24,517,76,32,16,641,10,1,11,652
01/10/2019,PDX,OR,ANM,WE,Towers with Radar,532,47,22,15,616,0,19,12,0,31,532,66,34,15,647,2,0,2,649
01/11/2019,PDX,OR,ANM,WE,Towers with Radar,538,42,24,16,620,0,22,13,0,35,538,64,37,16,655,0,0,0,655
01/12/2019,PDX,OR,ANM,WE,Towers with Radar,387,23,10,12,432,0,5,15,6,26,387,28,25,18,458,0,0,0,458
01/13/2019,PDX,OR,ANM,WE,Towers with Radar,457,18,13,7,495,0,3,9,0,12,457,21,22,7,507,0,0,0,507
01/14/2019,PDX,OR,ANM,WE,Towers with Radar,505,36,25,0,566,0,21,4,0,25,505,57,29,0,591,12,0,12,603
01/15/2019,PDX,OR,ANM,WE,Towers with Radar,500,43,20,22,585,0,25,3,0,28,500,68,23,22,613,0,0,0,613
01/16/2019,PDX,OR,ANM,WE,Towers with Radar,508,49,24,14,595,0,14,9,0,23,508,63,33,14,618,0,0,0,618
01/17/2019,PDX,OR,ANM,WE,Towers with Radar,532,46,28,22,628,0,17,0,0,17,532,63,28,22,645,0,0,0,645
01/18/2019,PDX,OR,ANM,WE,Towers with Radar,530,64,31,9,634,0,5,2,0,7,530,69,33,9,641,0,0,0,641
01/19/2019,PDX,OR,ANM,WE,Towers with Radar,375,22,21,1,419,0,3,1,0,4,375,25,22,1,423,0,0,0,423
01/20/2019,PDX,OR,ANM,WE,Towers with Radar,443,14,16,1,474,0,0,0,0,0,443,14,16,1,474,0,0,0,474
01/21/2019,PDX,OR,ANM,WE,Towers with Radar,508,40,33,0,581,0,17,1,0,18,508,57,34,0,599,0,0,0,599
01/22/2019,PDX,OR,ANM,WE,Towers with Radar,508,58,24,22,612,0,1,1,0,2,508,59,25,22,614,0,0,0,614
01/23/2019,PDX,OR,ANM,WE,Towers with Radar,516,49,44,25,634,0,17,4,0,21,516,66,48,25,655,0,0,0,655
01/24/2019,PDX,OR,ANM,WE,Towers with Radar,529,50,32,22,633,0,18,15,2,35,529,68,47,24,668,2,0,2,670
01/25/2019,PDX,OR,ANM,WE,Towers with Radar,527,44,31,11,613,0,17,10,0,27,527,61,41,11,640,0,0,0,640
01/26/2019,PDX,OR,ANM,WE,Towers with Radar,383,28,23,0,434,0,1,2,0,3,383,29,25,0,437,0,0,0,437
01/27/2019,PDX,OR,ANM,WE,Towers with Radar,455,16,30,0,501,0,0,0,0,0,455,16,30,0,501,0,0,0,501
01/28/2019,PDX,OR,ANM,WE,Towers with Radar,514,38,27,6,585,0,18,17,1,36,514,56,44,7,621,0,0,0,621
01/29/2019,PDX,OR,ANM,WE,Towers with Radar,495,51,26,15,587,0,19,16,2,37,495,70,42,17,624,0,0,0,624
01/30/2019,PDX,OR,ANM,WE,Towers with Radar,510,47,21,14,592,0,18,8,2,28,510,65,29,16,620,0,0,0,620
01/31/2019,PDX,OR,ANM,WE,Towers with Radar,525,48,31,12,616,0,18,15,5,38,525,66,46,17,654,0,0,0,654
02/01/2019,PDX,OR,ANM,WE,Towers with Radar,524,53,25,11,613,0,7,1,0,8,524,60,26,11,621,0,0,0,621
02/02/2019,PDX,OR,ANM,WE,Towers with Radar,379,32,23,3,437,0,2,0,0,2,379,34,23,3,439,0,0,0,439
02/03/2019,PDX,OR,ANM,WE,Towers with Radar,439,21,17,0,477,0,0,16,0,16,439,21,33,0,493,0,0,0,493
02/04/2019,PDX,OR,ANM,WE,Towers with Radar,485,53,37,20,595,0,9,0,0,9,485,62,37,20,604,0,0,0,604
02/05/2019,PDX,OR,ANM,WE,Towers with Radar,511,44,34,13,602,0,17,13,0,30,511,61,47,13,632,2,0,2,634
02/06/2019,PDX,OR,ANM,WE,Towers with Radar,517,44,31,23,615,0,19,9,0,28,517,63,40,23,643,0,0,0,643
02/07/2019,PDX,OR,ANM,WE,Towers with Radar,532,45,35,15,627,0,21,34,2,57,532,66,69,17,684,12,0,12,696
02/08/2019,PDX,OR,ANM,WE,Towers with Radar,516,60,30,9,615,0,9,4,0,13,516,69,34,9,628,0,0,0,628
02/09/2019,PDX,OR,ANM,WE,Towers with Radar,357,27,15,0,399,0,6,2,0,8,357,33,17,0,407,0,0,0,407
02/10/2019,PDX,OR,ANM,WE,Towers with Radar,433,15,12,7,467,0,2,1,2,5,433,17,13,9,472,0,0,0,472
02/11/2019,PDX,OR,ANM,WE,Towers with Radar,512,56,14,0,582,0,0,0,0,0,512,56,14,0,582,0,0,0,582
02/12/2019,PDX,OR,ANM,WE,Towers with Radar,498,52,27,22,599,0,1,0,0,1,498,53,27,22,600,0,0,0,600
02/13/2019,PDX,OR,ANM,WE,Towers with Radar,512,61,25,25,623,0,18,3,0,21,512,79,28,25,644,4,0,4,648
02/14/2019,PDX,OR,ANM,WE,Towers with Radar,529,68,23,24,644,0,9,0,0,9,529,77,23,24,653,0,0,0,653
02/15/2019,PDX,OR,ANM,WE,Towers with Radar,529,48,23,18,618,0,12,5,0,17,529,60,28,18,635,0,0,0,635
02/16/2019,PDX,OR,ANM,WE,Towers with Radar,389,30,13,1,433,0,2,0,0,2,389,32,13,1,435,0,0,0,435
02/17/2019,PDX,OR,ANM,WE,Towers with Radar,436,17,17,1,471,0,0,0,0,0,436,17,17,1,471,0,0,0,471
02/18/2019,PDX,OR,ANM,WE,Towers with Radar,512,40,30,2,584,0,16,4,0,20,512,56,34,2,604,0,0,0,604
02/19/2019,PDX,OR,ANM,WE,Towers with Radar,518,74,34,12,638,0,0,4,0,4,518,74,38,12,642,0,0,0,642
02/20/2019,PDX,OR,ANM,WE,Towers with Radar,503,49,33,16,601,0,16,13,1,30,503,65,46,17,631,0,0,0,631
02/21/2019,PDX,OR,ANM,WE,Towers with Radar,520,53,32,10,615,0,18,27,1,46,520,71,59,11,661,4,0,4,665
02/22/2019,PDX,OR,ANM,WE,Towers with Radar,514,65,24,9,612,0,2,12,0,14,514,67,36,9,626,16,0,16,642
02/23/2019,PDX,OR,ANM,WE,Towers with Radar,396,35,17,2,450,0,0,0,0,0,396,35,17,2,450,0,0,0,450
02/24/2019,PDX,OR,ANM,WE,Towers with Radar,440,15,19,4,478,0,0,1,0,1,440,15,20,4,479,12,0,12,491
02/25/2019,PDX,OR,ANM,WE,Towers with Radar,430,47,23,0,500,0,1,0,0,1,430,48,23,0,501,0,0,0,501
02/26/2019,PDX,OR,ANM,WE,Towers with Radar,494,37,20,8,559,0,9,6,0,15,494,46,26,8,574,0,0,0,574
02/27/2019,PDX,OR,ANM,WE,Towers with Radar,498,60,29,21,608,0,0,0,0,0,498,60,29,21,608,2,0,2,610
02/28/2019,PDX,OR,ANM,WE,Towers with Radar,517,34,36,18,605,0,14,9,1,24,517,48,45,19,629,4,0,4,633
03/01/2019,PDX,OR,ANM,WE,Towers with Radar,518,42,28,13,601,0,17,17,1,35,518,59,45,14,636,2,0,2,638
03/02/2019,PDX,OR,ANM,WE,Towers with Radar,393,24,12,20,449,0,6,23,0,29,393,30,35,20,478,0,0,0,478
03/03/2019,PDX,OR,ANM,WE,Towers with Radar,453,22,25,15,515,0,0,12,0,12,453,22,37,15,527,0,0,0,527
03/04/2019,PDX,OR,ANM,WE,Towers with Radar,507,40,26,0,573,0,20,18,0,38,507,60,44,0,611,0,0,0,611
03/05/2019,PDX,OR,ANM,WE,Towers with Radar,501,41,33,11,586,0,19,15,0,34,501,60,48,11,620,0,0,0,620
03/06/2019,PDX,OR,ANM,WE,Towers with Radar,507,65,38,15,625,0,0,1,0,1,507,65,39,15,626,0,0,0,626
03/07/2019,PDX,OR,ANM,WE,Towers with Radar,531,49,36,16,632,0,19,6,0,25,531,68,42,16,657,0,0,0,657
03/08/2019,PDX,OR,ANM,WE,Towers with Radar,524,66,36,24,650,0,0,6,0,6,524,66,42,24,656,0,0,0,656
03/09/2019,PDX,OR,ANM,WE,Towers with Radar,425,26,22,2,475,0,7,23,1,31,425,33,45,3,506,12,0,12,518
03/10/2019,PDX,OR,ANM,WE,Towers with Radar,460,14,23,2,499,0,2,11,1,14,460,16,34,3,513,6,0,6,519
03/11/2019,PDX,OR,ANM,WE,Towers with Radar,515,33,15,15,578,0,19,15,3,37,515,52,30,18,615,2,0,2,617
03/12/2019,PDX,OR,ANM,WE,Towers with Radar,530,46,33,17,626,0,16,1,0,17,530,62,34,17,643,0,0,0,643
03/13/2019,PDX,OR,ANM,WE,Towers with Radar,514,46,28,15,603,1,19,12,0,32,515,65,40,15,635,0,0,0,635
03/14/2019,PDX,OR,ANM,WE,Towers with Radar,543,42,23,14,622,0,19,25,3,47,543,61,48,17,669,0,0,0,669
03/15/2019,PDX,OR,ANM,WE,Towers with Radar,525,47,19,6,597,0,18,26,4,48,525,65,45,10,645,0,0,0,645
03/16/2019,PDX,OR,ANM,WE,Towers with Radar,423,27,12,1,463,0,4,27,0,31,423,31,39,1,494,8,0,8,502
03/17/2019,PDX,OR,ANM,WE,Towers with Radar,467,19,20,4,510,0,2,43,1,46,467,21,63,5,556,42,0,42,598
03/18/2019,PDX,OR,ANM,WE,Towers with Radar,516,39,34,28,617,0,17,16,1,34,516,56,50,29,651,2,0,2,653
03/19/2019,PDX,OR,ANM,WE,Towers with Radar,541,51,31,14,637,0,18,11,1,30,541,69,42,15,667,39,0,39,706
03/20/2019,PDX,OR,ANM,WE,Towers with Radar,520,49,43,24,636,0,18,13,1,32,520,67,56,25,668,0,0,0,668
03/21/2019,PDX,OR,ANM,WE,Towers with Radar,546,49,30,12,637,0,18,10,0,28,546,67,40,12,665,2,0,2,667
03/22/2019,PDX,OR,ANM,WE,Towers with Radar,527,45,37,13,622,0,15,9,1,25,527,60,46,14,647,0,0,0,647
03/23/2019,PDX,OR,ANM,WE,Towers with Radar,426,33,29,2,490,0,2,4,0,6,426,35,33,2,496,0,0,0,496
03/24/2019,PDX,OR,ANM,WE,Towers with Radar,465,17,14,0,496,0,0,24,0,24,465,17,38,0,520,0,0,0,520
03/25/2019,PDX,OR,ANM,WE,Towers with Radar,508,49,22,1,580,0,2,6,0,8,508,51,28,1,588,0,0,0,588
03/26/2019,PDX,OR,ANM,WE,Towers with Radar,533,45,19,11,608,0,19,22,0,41,533,64,41,11,649,0,0,0,649
03/27/2019,PDX,OR,ANM,WE,Towers with Radar,522,48,24,23,617,0,11,13,0,24,522,59,37,23,641,0,0,0,641
03/28/2019,PDX,OR,ANM,WE,Towers with Radar,545,60,31,10,646,0,15,14,0,29,545,75,45,10,675,0,0,0,675
03/29/2019,PDX,OR,ANM,WE,Towers with Radar,541,45,26,18,630,0,15,22,0,37,541,60,48,18,667,12,0,12,679
03/30/2019,PDX,OR,ANM,WE,Towers with Radar,432,29,24,3,488,0,5,14,0,19,432,34,38,3,507,2,0,2,509
03/31/2019,PDX,OR,ANM,WE,Towers with Radar,467,18,23,2,510,0,3,22,0,25,467,21,45,2,535,4,0,4,539
04/01/2019,PDX,OR,ANM,WE,Towers with Radar,526,35,39,16,616,0,18,12,0,30,526,53,51,16,646,0,0,0,646
04/02/2019,PDX,OR,ANM,WE,Towers with Radar,528,58,38,16,640,0,9,6,0,15,528,67,44,16,655,0,0,0,655
04/03/2019,PDX,OR,ANM,WE,Towers with Radar,524,47,25,18,614,0,18,3,0,21,524,65,28,18,635,0,0,0,635
04/04/2019,PDX,OR,ANM,WE,Towers with Radar,548,49,32,1,630,0,20,9,0,29,548,69,41,1,659,0,0,0,659
04/05/2019,PDX,OR,ANM,WE,Towers with Radar,528,51,34,6,619,0,12,5,1,18,528,63,39,7,637,0,0,0,637
04/06/2019,PDX,OR,ANM,WE,Towers with Radar,426,27,11,0,464,0,4,2,0,6,426,31,13,0,470,0,0,0,470
04/07/2019,PDX,OR,ANM,WE,Towers with Radar,462,14,20,4,500,0,0,1,0,1,462,14,21,4,501,0,0,0,501
04/08/2019,PDX,OR,ANM,WE,Towers with Radar,518,48,35,1,602,0,15,0,0,15,518,63,35,1,617,0,0,0,617
04/09/2019,PDX,OR,ANM,WE,Towers with Radar,512,37,36,4,589,0,17,8,0,25,512,54,44,4,614,0,0,0,614
04/10/2019,PDX,OR,ANM,WE,Towers with Radar,508,42,42,7,599,0,15,8,0,23,508,57,50,7,622,0,0,0,622
04/11/2019,PDX,OR,ANM,WE,Towers with Radar,520,58,25,8,611,0,0,13,0,13,520,58,38,8,624,14,0,14,638
04/12/2019,PDX,OR,ANM,WE,Towers with Radar,525,42,32,9,608,0,17,16,0,33,525,59,48,9,641,2,0,2,643
04/13/2019,PDX,OR,ANM,WE,Towers with Radar,414,28,16,0,458,0,0,3,1,4,414,28,19,1,462,0,0,0,462
04/14/2019,PDX,OR,ANM,WE,Towers with Radar,464,25,21,1,511,0,0,11,1,12,464,25,32,2,523,8,0,8,531
04/15/2019,PDX,OR,ANM,WE,Towers with Radar,512,41,25,0,578,0,17,13,2,32,512,58,38,2,610,0,0,0,610
04/16/2019,PDX,OR,ANM,WE,Towers with Radar,510,56,32,2,600,0,18,6,0,24,510,74,38,2,624,2,0,2,626
04/17/2019,PDX,OR,ANM,WE,Towers with Radar,515,55,34,8,612,0,20,29,4,53,515,75,63,12,665,4,6,10,675
04/18/2019,PDX,OR,ANM,WE,Towers with Radar,535,42,32,2,611,0,20,31,3,54,535,62,63,5,665,8,0,8,673
04/19/2019,PDX,OR,ANM,WE,Towers with Radar,519,60,50,7,636,0,3,14,0,17,519,63,64,7,653,24,0,24,677
04/20/2019,PDX,OR,ANM,WE,Towers with Radar,416,23,18,6,463,0,4,14,0,18,416,27,32,6,481,4,0,4,485
04/21/2019,PDX,OR,ANM,WE,Towers with Radar,472,16,17,1,506,1,0,10,0,11,473,16,27,1,517,0,0,0,517
04/22/2019,PDX,OR,ANM,WE,Towers with Radar,523,38,33,2,596,0,16,19,0,35,523,54,52,2,631,4,0,4,635
04/23/2019,PDX,OR,ANM,WE,Towers with Radar,514,43,47,11,615,0,18,12,0,30,514,61,59,11,645,0,0,0,645
04/24/2019,PDX,OR,ANM,WE,Towers with Radar,510,46,40,24,620,0,17,21,1,39,510,63,61,25,659,21,0,21,680
04/25/2019,PDX,OR,ANM,WE,Towers with Radar,543,41,28,9,621,0,20,25,0,45,543,61,53,9,666,48,0,48,714
04/26/2019,PDX,OR,ANM,WE,Towers with Radar,528,40,34,7,609,0,16,57,0,73,528,56,91,7,682,38,0,38,720
04/27/2019,PDX,OR,ANM,WE,Towers with Radar,421,25,14,0,460,0,6,11,0,17,421,31,25,0,477,0,0,0,477
04/28/2019,PDX,OR,ANM,WE,Towers with Radar,478,14,19,3,514,0,0,19,1,20,478,14,38,4,534,0,0,0,534
04/29/2019,PDX,OR,ANM,WE,Towers with Radar,520,33,19,13,585,0,22,15,1,38,520,55,34,14,623,22,0,22,645
04/30/2019,PDX,OR,ANM,WE,Towers with Radar,533,40,29,5,607,0,18,13,2,33,533,58,42,7,640,0,0,0,640
05/01/2019,PDX,OR,ANM,WE,Towers with Radar,520,43,37,14,614,0,18,23,5,46,520,61,60,19,660,0,0,0,660
05/02/2019,PDX,OR,ANM,WE,Towers with Radar,547,45,28,14,634,0,19,20,2,41,547,64,48,16,675,24,0,24,699
05/03/2019,PDX,OR,ANM,WE,Towers with Radar,555,46,35,8,644,0,22,28,3,53,555,68,63,11,697,0,0,0,697
05/04/2019,PDX,OR,ANM,WE,Towers with Radar,422,21,20,30,493,0,4,20,0,24,422,25,40,30,517,4,0,4,521
05/05/2019,PDX,OR,ANM,WE,Towers with Radar,491,19,22,17,549,0,1,17,2,20,491,20,39,19,569,2,0,2,571
05/06/2019,PDX,OR,ANM,WE,Towers with Radar,536,43,26,0,605,0,20,28,0,48,536,63,54,0,653,14,0,14,667
05/07/2019,PDX,OR,ANM,WE,Towers with Radar,515,39,21,8,583,0,17,16,2,35,515,56,37,10,618,26,0,26,644
05/08/2019,PDX,OR,ANM,WE,Towers with Radar,536,59,39,18,652,0,17,22,2,41,536,76,61,20,693,0,0,0,693
05/09/2019,PDX,OR,ANM,WE,Towers with Radar,563,44,39,9,655,0,20,17,2,39,563,64,56,11,694,20,0,20,714
05/10/2019,PDX,OR,ANM,WE,Towers with Radar,561,45,26,13,645,0,19,23,0,42,561,64,49,13,687,38,0,38,725
05/11/2019,PDX,OR,ANM,WE,Towers with Radar,429,33,17,3,482,0,11,16,0,27,429,44,33,3,509,14,0,14,523
05/12/2019,PDX,OR,ANM,WE,Towers with Radar,491,13,19,0,523,0,1,10,0,11,491,14,29,0,534,8,0,8,542
05/13/2019,PDX,OR,ANM,WE,Towers with Radar,537,38,22,14,611,0,18,10,0,28,537,56,32,14,639,0,0,0,639
05/14/2019,PDX,OR,ANM,WE,Towers with Radar,533,53,37,16,639,0,11,5,0,16,533,64,42,16,655,0,0,0,655
05/15/2019,PDX,OR,ANM,WE,Towers with Radar,536,60,42,18,656,0,4,9,0,13,536,64,51,18,669,1,0,1,670
05/16/2019,PDX,OR,ANM,WE,Towers with Radar,562,62,52,12,688,0,7,9,0,16,562,69,61,12,704,0,0,0,704
05/17/2019,PDX,OR,ANM,WE,Towers with Radar,568,45,27,12,652,0,14,12,1,27,568,59,39,13,679,0,0,0,679
05/18/2019,PDX,OR,ANM,WE,Towers with Radar,435,33,36,2,506,0,11,30,2,43,435,44,66,4,549,0,0,0,549
05/19/2019,PDX,OR,ANM,WE,Towers with Radar,493,21,19,4,537,0,0,3,1,4,493,21,22,5,541,0,0,0,541
05/20/2019,PDX,OR,ANM,WE,Towers with Radar,538,55,71,2,666,0,18,22,0,40,538,73,93,2,706,0,0,0,706
05/21/2019,PDX,OR,ANM,WE,Towers with Radar,537,52,28,13,630,0,18,9,1,28,537,70,37,14,658,0,0,0,658
05/22/2019,PDX,OR,ANM,WE,Towers with Radar,554,51,33,16,654,0,17,26,2,45,554,68,59,18,699,12,0,12,711
05/23/2019,PDX,OR,ANM,WE,Towers with Radar,570,48,31,22,671,0,18,14,1,33,570,66,45,23,704,0,0,0,704
05/24/2019,PDX,OR,ANM,WE,Towers with Radar,561,49,18,12,640,1,17,6,0,24,562,66,24,12,664,0,0,0,664
05/25/2019,PDX,OR,ANM,WE,Towers with Radar,442,24,24,0,490,0,1,4,0,5,442,25,28,0,495,0,0,0,495
05/26/2019,PDX,OR,ANM,WE,Towers with Radar,456,6,15,0,477,0,0,7,0,7,456,6,22,0,484,0,0,0,484
05/27/2019,PDX,OR,ANM,WE,Towers with Radar,530,10,19,2,561,0,2,5,3,10,530,12,24,5,571,0,0,0,571
05/28/2019,PDX,OR,ANM,WE,Towers with Radar,524,41,27,18,610,0,18,20,0,38,524,59,47,18,648,16,0,16,664
05/29/2019,PDX,OR,ANM,WE,Towers with Radar,540,42,26,24,632,0,19,13,0,32,540,61,39,24,664,0,0,0,664
05/30/2019,PDX,OR,ANM,WE,Towers with Radar,574,40,29,17,660,0,17,10,0,27,574,57,39,17,687,6,0,6,693
05/31/2019,PDX,OR,ANM,WE,Towers with Radar,565,48,29,17,659,0,15,20,2,37,565,63,49,19,696,12,0,12,708
06/01/2019,PDX,OR,ANM,WE,Towers with Radar,448,30,9,11,498,0,4,17,3,24,448,34,26,14,522,20,0,20,542
06/02/2019,PDX,OR,ANM,WE,Towers with Radar,497,18,17,5,537,0,0,17,1,18,497,18,34,6,555,2,0,2,557
06/03/2019,PDX,OR,ANM,WE,Towers with Radar,545,47,25,0,617,0,21,18,0,39,545,68,43,0,656,0,0,0,656
06/04/2019,PDX,OR,ANM,WE,Towers with Radar,544,58,21,15,638,0,20,29,3,52,544,78,50,18,690,68,0,68,758
06/05/2019,PDX,OR,ANM,WE,Towers with Radar,545,59,49,21,674,0,22,13,1,36,545,81,62,22,710,26,0,26,736
06/06/2019,PDX,OR,ANM,WE,Towers with Radar,594,60,40,18,712,0,18,14,3,35,594,78,54,21,747,0,0,0,747
06/07/2019,PDX,OR,ANM,WE,Towers with Radar,594,58,36,18,706,0,19,23,0,42,594,77,59,18,748,23,0,23,771
06/08/2019,PDX,OR,ANM,WE,Towers with Radar,515,31,13,2,561,0,6,16,2,24,515,37,29,4,585,0,0,0,585
06/09/2019,PDX,OR,ANM,WE,Towers with Radar,549,12,20,1,582,0,1,39,0,40,549,13,59,1,622,26,0,26,648
06/10/2019,PDX,OR,ANM,WE,Towers with Radar,591,51,35,8,685,0,19,27,6,52,591,70,62,14,737,0,0,0,737
06/11/2019,PDX,OR,ANM,WE,Towers with Radar,608,64,23,8,703,0,24,20,7,51,608,88,43,15,754,54,0,54,808
06/12/2019,PDX,OR,ANM,WE,Towers with Radar,617,59,37,8,721,0,23,59,5,87,617,82,96,13,808,66,0,66,874
06/13/2019,PDX,OR,ANM,WE,Towers with Radar,625,61,32,19,737,0,21,13,2,36,625,82,45,21,773,44,0,44,817
06/14/2019,PDX,OR,ANM,WE,Towers with Radar,620,64,38,15,737,0,17,35,1,53,620,81,73,16,790,8,0,8,798
06/15/2019,PDX,OR,ANM,WE,Towers with Radar,527,26,18,5,576,0,4,18,0,22,527,30,36,5,598,40,0,40,638
06/16/2019,PDX,OR,ANM,WE,Towers with Radar,553,22,17,2,594,0,4,8,0,12,553,26,25,2,606,18,0,18,624
06/17/2019,PDX,OR,ANM,WE,Towers with Radar,591,57,41,1,690,0,18,10,2,30,591,75,51,3,720,0,0,0,720
06/18/2019,PDX,OR,ANM,WE,Towers with Radar,627,57,46,15,745,0,20,17,0,37,627,77,63,15,782,2,0,2,784
06/19/2019,PDX,OR,ANM,WE,Towers with Radar,619,55,38,25,737,0,19,10,1,30,619,74,48,26,767,0,0,0,767
06/20/2019,PDX,OR,ANM,WE,Towers with Radar,636,61,34,16,747,0,18,54,2,74,636,79,88,18,821,40,0,40,861
06/21/2019,PDX,OR,ANM,WE,Towers with Radar,617,55,38,15,725,0,16,26,1,43,617,71,64,16,768,27,0,27,795
06/22/2019,PDX,OR,ANM,WE,Towers with Radar,531,30,24,1,586,0,4,9,0,13,531,34,33,1,599,0,0,0,599
06/23/2019,PDX,OR,ANM,WE,Towers with Radar,558,26,39,2,625,0,2,13,1,16,558,28,52,3,641,6,0,6,647
06/24/2019,PDX,OR,ANM,WE,Towers with Radar,615,54,41,19,729,0,20,23,3,46,615,74,64,22,775,12,0,12,787
06/25/2019,PDX,OR,ANM,WE,Towers with Radar,610,60,36,16,722,0,18,19,1,38,610,78,55,17,760,18,0,18,778
06/26/2019,PDX,OR,ANM,WE,Towers with Radar,624,75,45,23,767,0,14,16,2,32,624,89,61,25,799,0,0,0,799
06/27/2019,PDX,OR,ANM,WE,Towers with Radar,629,73,37,19,758,0,9,9,2,20,629,82,46,21,778,0,0,0,778
06/28/2019,PDX,OR,ANM,WE,Towers with Radar,614,67,38,8,727,0,16,16,1,33,614,83,54,9,760,20,0,20,780
06/29/2019,PDX,OR,ANM,WE,Towers with Radar,534,31,25,2,592,0,6,39,0,45,534,37,64,2,637,28,0,28,665
06/30/2019,PDX,OR,ANM,WE,Towers with Radar,566,24,22,1,613,0,5,37,0,42,566,29,59,1,655,0,0,0,655
07/01/2019,PDX,OR,ANM,WE,Towers with Radar,590,48,35,8,681,0,15,19,1,35,590,63,54,9,716,0,0,0,716
07/02/2019,PDX,OR,ANM,WE,Towers with Radar,595,49,22,20,686,0,19,15,0,34,595,68,37,20,720,2,0,2,722
07/03/2019,PDX,OR,ANM,WE,Towers with Radar,616,48,25,16,705,0,19,14,0,33,616,67,39,16,738,2,0,2,740
07/04/2019,PDX,OR,ANM,WE,Towers with Radar,528,10,12,1,551,0,0,13,1,14,528,10,25,2,565,0,0,0,565
07/05/2019,PDX,OR,ANM,WE,Towers with Radar,541,48,15,1,605,0,16,9,0,25,541,64,24,1,630,18,0,18,648
07/06/2019,PDX,OR,ANM,WE,Towers with Radar,524,25,20,2,571,0,3,12,0,15,524,28,32,2,586,2,0,2,588
07/07/2019,PDX,OR,ANM,WE,Towers with Radar,564,24,23,0,611,0,1,11,0,12,564,25,34,0,623,4,0,4,627
07/08/2019,PDX,OR,ANM,WE,Towers with Radar,613,55,36,16,720,0,20,27,4,51,613,75,63,20,771,30,0,30,801
07/09/2019,PDX,OR,ANM,WE,Towers with Radar,624,71,30,16,741,0,12,15,0,27,624,83,45,16,768,0,0,0,768
07/10/2019,PDX,OR,ANM,WE,Towers with Radar,630,60,40,20,750,0,18,6,0,24,630,78,46,20,774,0,0,0,774
07/11/2019,PDX,OR,ANM,WE,Towers with Radar,628,63,33,14,738,0,18,29,1,48,628,81,62,15,786,44,0,44,830
07/12/2019,PDX,OR,ANM,WE,Towers with Radar,625,59,39,14,737,0,20,28,0,48,625,79,67,14,785,20,0,20,805
07/13/2019,PDX,OR,ANM,WE,Towers with Radar,529,34,33,0,596,0,4,21,0,25,529,38,54,0,621,52,0,52,673
07/14/2019,PDX,OR,ANM,WE,Towers with Radar,577,29,43,0,649,0,0,15,0,15,577,29,58,0,664,0,0,0,664
07/15/2019,PDX,OR,ANM,WE,Towers with Radar,618,60,47,0,725,0,18,6,0,24,618,78,53,0,749,0,0,0,749
07/16/2019,PDX,OR,ANM,WE,Towers with Radar,635,70,35,8,748,0,17,16,2,35,635,87,51,10,783,0,0,0,783
07/17/2019,PDX,OR,ANM,WE,Towers with Radar,630,75,34,16,755,0,21,11,1,33,630,96,45,17,788,10,0,10,798
07/18/2019,PDX,OR,ANM,WE,Towers with Radar,651,67,40,10,768,0,21,19,0,40,651,88,59,10,808,14,0,14,822
07/19/2019,PDX,OR,ANM,WE,Towers with Radar,648,74,34,9,765,0,20,66,2,88,648,94,100,11,853,20,0,20,873
07/20/2019,PDX,OR,ANM,WE,Towers with Radar,551,32,26,0,609,0,6,17,8,31,551,38,43,8,640,0,0,0,640
07/21/2019,PDX,OR,ANM,WE,Towers with Radar,585,27,30,3,645,0,1,57,1,59,585,28,87,4,704,20,0,20,724
07/22/2019,PDX,OR,ANM,WE,Towers with Radar,629,55,35,17,736,0,18,21,3,42,629,73,56,20,778,30,0,30,808
07/23/2019,PDX,OR,ANM,WE,Towers with Radar,632,66,35,16,749,0,19,20,0,39,632,85,55,16,788,24,0,24,812
07/24/2019,PDX,OR,ANM,WE,Towers with Radar,634,60,35,23,752,0,21,27,0,48,634,81,62,23,800,0,0,0,800
07/25/2019,PDX,OR,ANM,WE,Towers with Radar,658,59,53,12,782,0,21,24,2,47,658,80,77,14,829,0,0,0,829
07/26/2019,PDX,OR,ANM,WE,Towers with Radar,631,62,42,8,743,0,18,23,1,42,631,80,65,9,785,26,0,26,811
07/27/2019,PDX,OR,ANM,WE,Towers with Radar,540,29,30,3,602,0,3,12,1,16,540,32,42,4,618,6,0,6,624
07/28/2019,PDX,OR,ANM,WE,Towers with Radar,591,22,37,1,651,0,2,16,0,18,591,24,53,1,669,4,0,4,673
07/29/2019,PDX,OR,ANM,WE,Towers with Radar,619,50,33,0,702,0,20,12,2,34,619,70,45,2,736,0,0,0,736
07/30/2019,PDX,OR,ANM,WE,Towers with Radar,625,61,29,18,733,0,18,24,0,42,625,79,53,18,775,36,0,36,811
07/31/2019,PDX,OR,ANM,WE,Towers with Radar,629,57,19,24,729,0,17,21,0,38,629,74,40,24,767,8,0,8,775
08/01/2019,PDX,OR,ANM,WE,Towers with Radar,653,57,22,13,745,0,18,27,5,50,653,75,49,18,795,92,0,92,887
08/02/2019,PDX,OR,ANM,WE,Towers with Radar,634,54,25,21,734,0,14,14,1,29,634,68,39,22,763,0,0,0,763
08/03/2019,PDX,OR,ANM,WE,Towers with Radar,548,24,22,2,596,0,6,8,2,16,548,30,30,4,612,4,0,4,616
08/04/2019,PDX,OR,ANM,WE,Towers with Radar,579,14,31,3,627,0,0,15,0,15,579,14,46,3,642,6,0,6,648
08/05/2019,PDX,OR,ANM,WE,Towers with Radar,624,57,24,1,706,0,18,17,0,35,624,75,41,1,741,0,0,0,741
08/06/2019,PDX,OR,ANM,WE,Towers with Radar,651,68,31,14,764,0,18,23,1,42,651,86,54,15,806,10,0,10,816
08/07/2019,PDX,OR,ANM,WE,Towers with Radar,610,73,40,24,747,0,7,8,0,15,610,80,48,24,762,0,0,0,762
08/08/2019,PDX,OR,ANM,WE,Towers with Radar,654,53,44,11,762,0,18,5,0,23,654,71,49,11,785,0,0,0,785
08/09/2019,PDX,OR,ANM,WE,Towers with Radar,642,77,32,21,772,0,19,15,0,34,642,96,47,21,806,0,0,0,806
08/10/2019,PDX,OR,ANM,WE,Towers with Radar,535,53,11,19,618,0,0,10,0,10,535,53,21,19,628,0,0,0,628
08/11/2019,PDX,OR,ANM,WE,Towers with Radar,580,32,26,26,664,0,0,13,1,14,580,32,39,27,678,0,0,0,678
08/12/2019,PDX,OR,ANM,WE,Towers with Radar,614,66,44,28,752,0,18,25,4,47,614,84,69,32,799,30,0,30,829
08/13/2019,PDX,OR,ANM,WE,Towers with Radar,623,66,36,21,746,0,20,32,0,52,623,86,68,21,798,14,0,14,812
08/14/2019,PDX,OR,ANM,WE,Towers with Radar,617,60,39,23,739,0,21,38,2,61,617,81,77,25,800,38,0,38,838
08/15/2019,PDX,OR,ANM,WE,Towers with Radar,625,64,44,26,759,0,17,24,2,43,625,81,68,28,802,28,0,28,830
08/16/2019,PDX,OR,ANM,WE,Towers with Radar,627,62,26,15,730,0,15,32,2,49,627,77,58,17,779,9,0,9,788
08/17/2019,PDX,OR,ANM,WE,Towers with Radar,533,30,25,0,588,0,5,20,0,25,533,35,45,0,613,2,0,2,615
08/18/2019,PDX,OR,ANM,WE,Towers with Radar,567,24,19,3,613,0,3,16,0,19,567,27,35,3,632,12,0,12,644
08/19/2019,PDX,OR,ANM,WE,Towers with Radar,611,53,21,35,720,0,19,24,0,43,611,72,45,35,763,18,0,18,781
08/20/2019,PDX,OR,ANM,WE,Towers with Radar,592,64,36,30,722,0,23,22,2,47,592,87,58,32,769,0,0,0,769
08/21/2019,PDX,OR,ANM,WE,Towers with Radar,611,81,40,35,767,0,1,9,1,11,611,82,49,36,778,0,0,0,778
08/22/2019,PDX,OR,ANM,WE,Towers with Radar,620,64,46,40,770,0,20,61,0,81,620,84,107,40,851,28,0,28,879
08/23/2019,PDX,OR,ANM,WE,Towers with Radar,619,62,22,17,720,0,15,27,0,42,619,77,49,17,762,12,0,12,774
08/24/2019,PDX,OR,ANM,WE,Towers with Radar,513,29,9,1,552,0,5,14,0,19,513,34,23,1,571,14,0,14,585
08/25/2019,PDX,OR,ANM,WE,Towers with Radar,573,21,37,1,632,0,1,10,1,12,573,22,47,2,644,0,0,0,644
08/26/2019,PDX,OR,ANM,WE,Towers with Radar,596,54,39,0,689,0,18,16,0,34,596,72,55,0,723,0,0,0,723
08/27/2019,PDX,OR,ANM,WE,Towers with Radar,583,70,36,20,709,0,22,25,0,47,583,92,61,20,756,16,0,16,772
08/28/2019,PDX,OR,ANM,WE,Towers with Radar,588,60,24,17,689,0,19,19,2,40,588,79,43,19,729,14,0,14,743
08/29/2019,PDX,OR,ANM,WE,Towers with Radar,600,62,24,19,705,0,19,27,0,46,600,81,51,19,751,10,0,10,761
08/30/2019,PDX,OR,ANM,WE,Towers with Radar,598,55,31,9,693,0,14,20,3,37,598,69,51,12,730,0,0,0,730
08/31/2019,PDX,OR,ANM,WE,Towers with Radar,468,23,16,1,508,0,6,30,0,36,468,29,46,1,544,35,0,35,579
09/01/2019,PDX,OR,ANM,WE,Towers with Radar,479,21,28,0,528,0,0,15,2,17,479,21,43,2,545,10,0,10,555
09/02/2019,PDX,OR,ANM,WE,Towers with Radar,577,25,25,2,629,0,1,9,1,11,577,26,34,3,640,0,0,0,640
09/03/2019,PDX,OR,ANM,WE,Towers with Radar,558,65,46,13,682,0,17,28,1,46,558,82,74,14,728,0,0,0,728
09/04/2019,PDX,OR,ANM,WE,Towers with Radar,576,65,32,19,692,0,20,12,0,32,576,85,44,19,724,8,0,8,732
09/05/2019,PDX,OR,ANM,WE,Towers with Radar,578,62,36,9,685,0,21,28,0,49,578,83,64,9,734,12,0,12,746
09/06/2019,PDX,OR,ANM,WE,Towers with Radar,556,68,39,10,673,0,19,21,5,45,556,87,60,15,718,0,0,0,718
09/07/2019,PDX,OR,ANM,WE,Towers with Radar,490,27,32,10,559,0,0,2,0,2,490,27,34,10,561,0,0,0,561
09/08/2019,PDX,OR,ANM,WE,Towers with Radar,529,21,34,2,586,0,0,1,0,1,529,21,35,2,587,0,0,0,587
09/09/2019,PDX,OR,ANM,WE,Towers with Radar,561,50,46,1,658,0,19,9,0,28,561,69,55,1,686,0,0,0,686
09/10/2019,PDX,OR,ANM,WE,Towers with Radar,561,63,41,23,688,0,22,5,1,28,561,85,46,24,716,12,0,12,728
09/11/2019,PDX,OR,ANM,WE,Towers with Radar,570,72,52,22,716,0,18,21,1,40,570,90,73,23,756,0,0,0,756
09/12/2019,PDX,OR,ANM,WE,Towers with Radar,580,68,39,15,702,0,22,38,1,61,580,90,77,16,763,0,0,0,763
09/13/2019,PDX,OR,ANM,WE,Towers with Radar,572,74,36,9,691,0,15,8,2,25,572,89,44,11,716,0,0,0,716
09/14/2019,PDX,OR,ANM,WE,Towers with Radar,466,36,21,3,526,0,5,10,0,15,466,41,31,3,541,0,0,0,541
09/15/2019,PDX,OR,ANM,WE,Towers with Radar,525,27,30,0,582,0,0,2,0,2,525,27,32,0,584,0,0,0,584
09/16/2019,PDX,OR,ANM,WE,Towers with Radar,561,53,39,16,669,0,18,8,1,27,561,71,47,17,696,0,0,0,696
09/17/2019,PDX,OR,ANM,WE,Towers with Radar,566,80,44,10,700,0,2,4,0,6,566,82,48,10,706,0,0,0,706
09/18/2019,PDX,OR,ANM,WE,Towers with Radar,568,60,41,26,695,0,17,10,0,27,568,77,51,26,722,0,0,0,722
09/19/2019,PDX,OR,ANM,WE,Towers with Radar,571,57,54,18,700,0,18,15,0,33,571,75,69,18,733,0,0,0,733
09/20/2019,PDX,OR,ANM,WE,Towers with Radar,563,59,44,22,688,0,17,16,3,36,563,76,60,25,724,0,0,0,724
09/21/2019,PDX,OR,ANM,WE,Towers with Radar,474,30,43,3,550,0,3,23,3,29,474,33,66,6,579,6,0,6,585
09/22/2019,PDX,OR,ANM,WE,Towers with Radar,531,23,37,2,593,0,0,5,0,5,531,23,42,2,598,0,0,0,598
09/23/2019,PDX,OR,ANM,WE,Towers with Radar,549,56,51,6,662,0,17,21,0,38,549,73,72,6,700,9,0,9,709
09/24/2019,PDX,OR,ANM,WE,Towers with Radar,570,64,32,15,681,0,18,7,0,25,570,82,39,15,706,0,0,0,706
09/25/2019,PDX,OR,ANM,WE,Towers with Radar,565,62,35,18,680,0,17,21,0,38,565,79,56,18,718,4,0,4,722
09/26/2019,PDX,OR,ANM,WE,Towers with Radar,570,67,61,11,709,0,16,20,1,37,570,83,81,12,746,18,0,18,764
09/27/2019,PDX,OR,ANM,WE,Towers with Radar,553,72,49,16,690,0,16,9,0,25,553,88,58,16,715,0,0,0,715
09/28/2019,PDX,OR,ANM,WE,Towers with Radar,480,26,25,0,531,0,4,4,0,8,480,30,29,0,539,0,0,0,539
09/29/2019,PDX,OR,ANM,WE,Towers with Radar,539,26,17,0,582,0,0,3,0,3,539,26,20,0,585,0,0,0,585
09/30/2019,PDX,OR,ANM,WE,Towers with Radar,555,41,23,9,628,0,19,20,2,41,555,60,43,11,669,16,0,16,685
10/01/2019,PDX,OR,ANM,WE,Towers with Radar,571,44,27,9,651,0,17,20,0,37,571,61,47,9,688,9,0,9,697
10/02/2019,PDX,OR,ANM,WE,Towers with Radar,572,55,27,13,667,0,16,57,0,73,572,71,84,13,740,33,0,33,773
10/03/2019,PDX,OR,ANM,WE,Towers with Radar,577,47,32,15,671,0,16,12,0,28,577,63,44,15,699,6,0,6,705
10/04/2019,PDX,OR,ANM,WE,Towers with Radar,569,50,25,15,659,0,14,12,0,26,569,64,37,15,685,0,0,0,685
10/05/2019,PDX,OR,ANM,WE,Towers with Radar,455,22,12,0,489,0,3,8,0,11,455,25,20,0,500,0,0,0,500
10/06/2019,PDX,OR,ANM,WE,Towers with Radar,548,16,24,2,590,0,0,13,1,14,548,16,37,3,604,20,0,20,624
10/07/2019,PDX,OR,ANM,WE,Towers with Radar,551,41,59,4,655,0,18,10,3,31,551,59,69,7,686,0,0,0,686
10/08/2019,PDX,OR,ANM,WE,Towers with Radar,573,49,29,12,663,0,16,8,5,29,573,65,37,17,692,0,0,0,692
10/09/2019,PDX,OR,ANM,WE,Towers with Radar,568,52,33,14,667,0,17,29,3,49,568,69,62,17,716,6,0,6,722
10/10/2019,PDX,OR,ANM,WE,Towers with Radar,587,47,23,9,666,0,18,16,0,34,587,65,39,9,700,10,0,10,710
10/11/2019,PDX,OR,ANM,WE,Towers with Radar,570,50,24,4,648,0,16,68,0,84,570,66,92,4,732,54,0,54,786
10/12/2019,PDX,OR,ANM,WE,Towers with Radar,468,23,14,0,505,0,3,9,0,12,468,26,23,0,517,0,0,0,517
10/13/2019,PDX,OR,ANM,WE,Towers with Radar,532,18,18,4,572,0,0,10,0,10,532,18,28,4,582,0,0,0,582
10/14/2019,PDX,OR,ANM,WE,Towers with Radar,559,29,36,0,624,0,19,7,2,28,559,48,43,2,652,0,0,0,652
10/15/2019,PDX,OR,ANM,WE,Towers with Radar,564,52,18,11,645,0,17,9,0,26,564,69,27,11,671,0,0,0,671
10/16/2019,PDX,OR,ANM,WE,Towers with Radar,565,63,30,24,682,0,3,0,0,3,565,66,30,24,685,0,0,0,685
10/17/2019,PDX,OR,ANM,WE,Towers with Radar,576,66,33,9,684,0,6,3,0,9,576,72,36,9,693,0,0,0,693
10/18/2019,PDX,OR,ANM,WE,Towers with Radar,575,58,27,16,676,0,11,2,0,13,575,69,29,16,689,0,0,0,689
10/19/2019,PDX,OR,ANM,WE,Towers with Radar,457,35,19,0,511,0,4,0,0,4,457,39,19,0,515,14,0,14,529
10/20/2019,PDX,OR,ANM,WE,Towers with Radar,521,26,23,1,571,0,0,1,0,1,521,26,24,1,572,0,0,0,572
10/21/2019,PDX,OR,ANM,WE,Towers with Radar,557,52,24,2,635,0,14,7,0,21,557,66,31,2,656,0,0,0,656
10/22/2019,PDX,OR,ANM,WE,Towers with Radar,560,44,33,13,650,0,17,8,2,27,560,61,41,15,677,0,0,0,677
10/23/2019,PDX,OR,ANM,WE,Towers with Radar,567,43,29,12,651,0,19,16,0,35,567,62,45,12,686,0,0,0,686
10/24/2019,PDX,OR,ANM,WE,Towers with Radar,578,45,28,15,666,0,22,47,2,71,578,67,75,17,737,13,0,13,750
10/25/2019,PDX,OR,ANM,WE,Towers with Radar,568,46,33,18,665,0,17,20,3,40,568,63,53,21,705,2,0,2,707
10/26/2019,PDX,OR,ANM,WE,Towers with Radar,446,21,14,6,487,0,4,19,2,25,446,25,33,8,512,0,0,0,512
10/27/2019,PDX,OR,ANM,WE,Towers with Radar,503,33,14,1,551,0,0,16,3,19,503,33,30,4,570,16,0,16,586
10/28/2019,PDX,OR,ANM,WE,Towers with Radar,536,45,17,9,607,0,18,55,1,74,536,63,72,10,681,28,0,28,709
10/29/2019,PDX,OR,ANM,WE,Towers with Radar,536,57,19,15,627,0,17,9,1,27,536,74,28,16,654,0,0,0,654
10/30/2019,PDX,OR,ANM,WE,Towers with Radar,536,40,21,20,617,0,19,19,4,42,536,59,40,24,659,18,0,18,677
10/31/2019,PDX,OR,ANM,WE,Towers with Radar,498,44,28,4,574,0,19,21,7,47,498,63,49,11,621,4,0,4,625
11/01/2019,PDX,OR,ANM,WE,Towers with Radar,532,41,16,2,591,0,18,18,3,39,532,59,34,5,630,26,0,26,656
11/02/2019,PDX,OR,ANM,WE,Towers with Radar,430,20,13,4,467,0,8,19,1,28,430,28,32,5,495,2,0,2,497
11/03/2019,PDX,OR,ANM,WE,Towers with Radar,518,14,18,0,550,0,0,15,3,18,518,14,33,3,568,6,0,6,574
11/04/2019,PDX,OR,ANM,WE,Towers with Radar,537,50,20,0,607,0,15,4,0,19,537,65,24,0,626,0,0,0,626
11/05/2019,PDX,OR,ANM,WE,Towers with Radar,536,74,22,3,635,0,0,1,0,1,536,74,23,3,636,0,0,0,636
11/06/2019,PDX,OR,ANM,WE,Towers with Radar,532,55,43,4,634,0,15,10,0,25,532,70,53,4,659,0,0,0,659
11/07/2019,PDX,OR,ANM,WE,Towers with Radar,565,47,29,5,646,0,18,15,4,37,565,65,44,9,683,0,0,0,683
11/08/2019,PDX,OR,ANM,WE,Towers with Radar,563,48,31,1,643,0,17,15,0,32,563,65,46,1,675,0,0,0,675
11/09/2019,PDX,OR,ANM,WE,Towers with Radar,458,29,11,1,499,0,1,2,0,3,458,30,13,1,502,0,0,0,502
11/10/2019,PDX,OR,ANM,WE,Towers with Radar,493,27,30,1,551,0,0,1,0,1,493,27,31,1,552,0,0,0,552
11/11/2019,PDX,OR,ANM,WE,Towers with Radar,527,38,39,2,606,0,15,14,1,30,527,53,53,3,636,0,0,0,636
11/12/2019,PDX,OR,ANM,WE,Towers with Radar,537,79,30,4,650,0,0,1,0,1,537,79,31,4,651,0,0,0,651
11/13/2019,PDX,OR,ANM,WE,Towers with Radar,539,54,37,4,634,0,16,6,0,22,539,70,43,4,656,2,0,2,658
11/14/2019,PDX,OR,ANM,WE,Towers with Radar,552,49,44,9,654,0,17,38,4,59,552,66,82,13,713,11,0,11,724
11/15/2019,PDX,OR,ANM,WE,Towers with Radar,537,49,35,7,628,0,11,0,0,11,537,60,35,7,639,0,0,0,639
11/16/2019,PDX,OR,ANM,WE,Towers with Radar,439,24,22,3,488,0,2,6,0,8,439,26,28,3,496,0,0,0,496
11/17/2019,PDX,OR,ANM,WE,Towers with Radar,499,21,20,3,543,0,0,13,0,13,499,21,33,3,556,42,0,42,598
11/18/2019,PDX,OR,ANM,WE,Towers with Radar,530,61,33,0,624,0,2,1,0,3,530,63,34,0,627,0,0,0,627
11/19/2019,PDX,OR,ANM,WE,Towers with Radar,535,60,18,4,617,0,11,5,0,16,535,71,23,4,633,4,0,4,637
11/20/2019,PDX,OR,ANM,WE,Towers with Radar,534,52,28,10,624,0,15,18,0,33,534,67,46,10,657,0,0,0,657
11/21/2019,PDX,OR,ANM,WE,Towers with Radar,580,48,23,6,657,0,21,37,0,58,580,69,60,6,715,16,0,16,731
11/22/2019,PDX,OR,ANM,WE,Towers with Radar,563,43,26,5,637,0,20,21,0,41,563,63,47,5,678,0,0,0,678
11/23/2019,PDX,OR,ANM,WE,Towers with Radar,499,28,21,1,549,0,4,10,0,14,499,32,31,1,563,2,0,2,565
11/24/2019,PDX,OR,ANM,WE,Towers with Radar,502,20,19,1,542,0,0,6,0,6,502,20,25,1,548,0,0,0,548
11/25/2019,PDX,OR,ANM,WE,Towers with Radar,531,47,28,14,620,0,19,8,0,27,531,66,36,14,647,2,0,2,649
11/26/2019,PDX,OR,ANM,WE,Towers with Radar,553,51,35,23,662,0,18,0,0,18,553,69,35,23,680,16,0,16,696
11/27/2019,PDX,OR,ANM,WE,Towers with Radar,585,47,15,6,653,0,22,10,2,34,585,69,25,8,687,10,0,10,697
11/28/2019,PDX,OR,ANM,WE,Towers with Radar,427,12,7,0,446,0,0,4,0,4,427,12,11,0,450,0,0,0,450
11/29/2019,PDX,OR,ANM,WE,Towers with Radar,469,60,23,0,552,0,20,17,0,37,469,80,40,0,589,0,0,0,589
11/30/2019,PDX,OR,ANM,WE,Towers with Radar,520,21,14,0,555,0,5,12,1,18,520,26,26,1,573,0,0,0,573
12/01/2019,PDX,OR,ANM,WE,Towers with Radar,545,29,29,3,606,0,0,2,0,2,545,29,31,3,608,0,0,0,608
12/02/2019,PDX,OR,ANM,WE,Towers with Radar,552,44,27,10,633,0,26,8,2,36,552,70,35,12,669,4,0,4,673
12/03/2019,PDX,OR,ANM,WE,Towers with Radar,547,70,36,9,662,0,23,15,0,38,547,93,51,9,700,0,0,0,700
12/04/2019,PDX,OR,ANM,WE,Towers with Radar,531,54,39,20,644,0,22,8,1,31,531,76,47,21,675,0,0,0,675
12/05/2019,PDX,OR,ANM,WE,Towers with Radar,563,49,46,11,669,0,21,5,1,27,563,70,51,12,696,2,0,2,698
12/06/2019,PDX,OR,ANM,WE,Towers with Radar,537,53,31,13,634,0,18,18,0,36,537,71,49,13,670,2,0,2,672
12/07/2019,PDX,OR,ANM,WE,Towers with Radar,449,25,18,14,506,0,0,0,0,0,449,25,18,14,506,0,0,0,506
12/08/2019,PDX,OR,ANM,WE,Towers with Radar,498,22,34,1,555,0,0,0,0,0,498,22,34,1,555,0,0,0,555
12/09/2019,PDX,OR,ANM,WE,Towers with Radar,537,28,47,13,625,0,19,2,0,21,537,47,49,13,646,0,0,0,646
12/10/2019,PDX,OR,ANM,WE,Towers with Radar,542,84,53,16,695,0,2,3,1,6,542,86,56,17,701,0,0,0,701
12/11/2019,PDX,OR,ANM,WE,Towers with Radar,543,61,30,22,656,0,9,13,0,22,543,70,43,22,678,22,0,22,700
12/12/2019,PDX,OR,ANM,WE,Towers with Radar,571,50,37,14,672,0,21,2,0,23,571,71,39,14,695,0,0,0,695
12/13/2019,PDX,OR,ANM,WE,Towers with Radar,541,82,40,18,681,0,0,0,0,0,541,82,40,18,681,0,0,0,681
12/14/2019,PDX,OR,ANM,WE,Towers with Radar,452,28,18,0,498,0,4,2,0,6,452,32,20,0,504,25,0,25,529
12/15/2019,PDX,OR,ANM,WE,Towers with Radar,504,19,18,0,541,0,0,3,0,3,504,19,21,0,544,0,0,0,544
12/16/2019,PDX,OR,ANM,WE,Towers with Radar,518,44,38,13,613,0,26,14,1,41,518,70,52,14,654,22,0,22,676
12/17/2019,PDX,OR,ANM,WE,Towers with Radar,569,58,26,12,665,0,28,8,2,38,569,86,34,14,703,0,0,0,703
12/18/2019,PDX,OR,ANM,WE,Towers with Radar,571,55,33,13,672,0,24,3,2,29,571,79,36,15,701,0,0,0,701
12/19/2019,PDX,OR,ANM,WE,Towers with Radar,595,90,36,4,725,0,0,0,1,1,595,90,36,5,726,0,0,0,726
12/20/2019,PDX,OR,ANM,WE,Towers with Radar,586,74,30,8,698,0,16,0,0,16,586,90,30,8,714,0,0,0,714
12/21/2019,PDX,OR,ANM,WE,Towers with Radar,595,47,14,0,656,0,0,1,0,1,595,47,15,0,657,0,0,0,657
12/22/2019,PDX,OR,ANM,WE,Towers with Radar,572,21,20,0,613,0,1,0,0,1,572,22,20,0,614,0,0,0,614
12/23/2019,PDX,OR,ANM,WE,Towers with Radar,580,48,29,12,669,0,17,3,0,20,580,65,32,12,689,0,0,0,689
12/24/2019,PDX,OR,ANM,WE,Towers with Radar,539,48,11,0,598,0,16,2,0,18,539,64,13,0,616,0,0,0,616
12/25/2019,PDX,OR,ANM,WE,Towers with Radar,470,11,4,0,485,0,1,2,0,3,470,12,6,0,488,0,0,0,488
12/26/2019,PDX,OR,ANM,WE,Towers with Radar,544,48,29,8,629,0,22,73,0,95,544,70,102,8,724,46,0,46,770
12/27/2019,PDX,OR,ANM,WE,Towers with Radar,567,71,23,5,666,0,0,0,0,0,567,71,23,5,666,0,0,0,666
12/28/2019,PDX,OR,ANM,WE,Towers with Radar,526,29,16,0,571,0,7,7,0,14,526,36,23,0,585,0,0,0,585
12/29/2019,PDX,OR,ANM,WE,Towers with Radar,549,25,14,0,588,0,1,9,0,10,549,26,23,0,598,0,0,0,598
12/30/2019,PDX,OR,ANM,WE,Towers with Radar,560,44,13,0,617,0,20,14,0,34,560,64,27,0,651,0,0,0,651
12/31/2019,PDX,OR,ANM,WE,Towers with Radar,529,64,9,4,606,0,2,2,0,4,529,66,11,4,610,2,0,2,612
01/01/2020,PDX,OR,ANM,WE,Towers with Radar,490,8,7,0,505,0,0,1,0,1,490,8,8,0,506,0,0,0,506
01/02/2020,PDX,OR,ANM,WE,Towers with Radar,532,55,19,8,614,0,14,0,0,14,532,69,19,8,628,0,0,0,628
01/03/2020,PDX,OR,ANM,WE,Towers with Radar,545,52,16,5,618,0,18,11,0,29,545,70,27,5,647,6,0,6,653
01/04/2020,PDX,OR,ANM,WE,Towers with Radar,482,22,13,1,518,0,4,6,0,10,482,26,19,1,528,0,0,0,528
01/05/2020,PDX,OR,ANM,WE,Towers with Radar,521,15,21,1,558,0,1,5,0,6,521,16,26,1,564,14,0,14,578
01/06/2020,PDX,OR,ANM,WE,Towers with Radar,531,59,22,13,625,0,0,0,0,0,531,59,22,13,625,0,0,0,625
01/07/2020,PDX,OR,ANM,WE,Towers with Radar,509,61,28,14,612,0,3,3,0,6,509,64,31,14,618,0,0,0,618
01/08/2020,PDX,OR,ANM,WE,Towers with Radar,508,69,23,21,621,0,2,4,1,7,508,71,27,22,628,0,0,0,628
01/09/2020,PDX,OR,ANM,WE,Towers with Radar,524,75,27,12,638,0,7,3,3,13,524,82,30,15,651,0,0,0,651
01/10/2020,PDX,OR,ANM,WE,Towers with Radar,512,65,26,11,614,0,4,1,2,7,512,69,27,13,621,0,0,0,621
01/11/2020,PDX,OR,ANM,WE,Towers with Radar,379,26,20,22,447,0,5,2,2,9,379,31,22,24,456,0,0,0,456
01/12/2020,PDX,OR,ANM,WE,Towers with Radar,467,21,11,5,504,0,0,2,0,2,467,21,13,5,506,0,0,0,506
01/13/2020,PDX,OR,ANM,WE,Towers with Radar,489,58,33,1,581,0,0,0,1,1,489,58,33,2,582,0,0,0,582
01/14/2020,PDX,OR,ANM,WE,Towers with Radar,498,62,22,13,595,0,15,0,0,15,498,77,22,13,610,0,0,0,610
01/15/2020,PDX,OR,ANM,WE,Towers with Radar,498,64,33,12,607,0,5,1,0,6,498,69,34,12,613,0,0,0,613
01/16/2020,PDX,OR,ANM,WE,Towers with Radar,527,52,28,5,612,0,15,0,0,15,527,67,28,5,627,0,0,0,627
01/17/2020,PDX,OR,ANM,WE,Towers with Radar,509,68,21,12,610,0,0,0,0,0,509,68,21,12,610,0,0,0,610
01/18/2020,PDX,OR,ANM,WE,Towers with Radar,378,21,15,1,415,0,0,0,0,0,378,21,15,1,415,0,0,0,415
01/19/2020,PDX,OR,ANM,WE,Towers with Radar,469,20,20,1,510,0,1,9,1,11,469,21,29,2,521,4,0,4,525
01/20/2020,PDX,OR,ANM,WE,Towers with Radar,492,45,17,1,555,0,20,4,0,24,492,65,21,1,579,0,0,0,579
01/21/2020,PDX,OR,ANM,WE,Towers with Radar,493,53,22,11,579,0,15,2,0,17,493,68,24,11,596,0,0,0,596
01/22/2020,PDX,OR,ANM,WE,Towers with Radar,508,58,44,7,617,0,2,2,0,4,508,60,46,7,621,0,0,0,621
01/23/2020,PDX,OR,ANM,WE,Towers with Radar,523,70,27,16,636,0,0,0,0,0,523,70,27,16,636,0,0,0,636
01/24/2020,PDX,OR,ANM,WE,Towers with Radar,513,56,25,12,606,0,9,1,0,10,513,65,26,12,616,0,0,0,616
01/25/2020,PDX,OR,ANM,WE,Towers with Radar,390,26,14,1,431,0,4,8,0,12,390,30,22,1,443,2,0,2,445
01/26/2020,PDX,OR,ANM,WE,Towers with Radar,478,18,21,6,523,0,1,6,0,7,478,19,27,6,530,0,0,0,530
01/27/2020,PDX,OR,ANM,WE,Towers with Radar,501,56,34,0,591,0,0,1,0,1,501,56,35,0,592,2,0,2,594
01/28/2020,PDX,OR,ANM,WE,Towers with Radar,492,60,26,13,591,0,1,0,0,1,492,61,26,13,592,0,1,1,593
01/29/2020,PDX,OR,ANM,WE,Towers with Radar,505,58,33,12,608,0,7,7,0,14,505,65,40,12,622,0,0,0,622
01/30/2020,PDX,OR,ANM,WE,Towers with Radar,530,49,18,9,606,0,13,7,1,21,530,62,25,10,627,0,0,0,627
01/31/2020,PDX,OR,ANM,WE,Towers with Radar,511,54,29,10,604,0,14,2,0,16,511,68,31,10,620,0,0,0,620
02/01/2020,PDX,OR,ANM,WE,Towers with Radar,385,32,13,0,430,0,3,1,0,4,385,35,14,0,434,0,0,0,434
02/02/2020,PDX,OR,ANM,WE,Towers with Radar,465,21,12,0,498,0,0,0,0,0,465,21,12,0,498,1,0,1,499
02/03/2020,PDX,OR,ANM,WE,Towers with Radar,501,41,35,16,593,0,17,6,0,23,501,58,41,16,616,0,0,0,616
02/04/2020,PDX,OR,ANM,WE,Towers with Radar,485,52,37,14,588,0,16,9,3,28,485,68,46,17,616,0,0,0,616
02/05/2020,PDX,OR,ANM,WE,Towers with Radar,508,58,23,14,603,0,7,0,0,7,508,65,23,14,610,0,0,0,610
02/06/2020,PDX,OR,ANM,WE,Towers with Radar,524,55,35,8,622,0,11,4,0,15,524,66,39,8,637,0,0,0,637
02/07/2020,PDX,OR,ANM,WE,Towers with Radar,518,58,16,9,601,0,9,3,0,12,518,67,19,9,613,0,0,0,613
02/08/2020,PDX,OR,ANM,WE,Towers with Radar,394,18,11,11,434,0,3,1,1,5,394,21,12,12,439,0,0,0,439
02/09/2020,PDX,OR,ANM,WE,Towers with Radar,474,22,30,1,527,0,0,4,0,4,474,22,34,1,531,0,0,0,531
02/10/2020,PDX,OR,ANM,WE,Towers with Radar,498,41,28,3,570,0,18,21,0,39,498,59,49,3,609,42,0,42,651
02/11/2020,PDX,OR,ANM,WE,Towers with Radar,497,65,38,11,611,0,17,2,0,19,497,82,40,11,630,2,0,2,632
02/12/2020,PDX,OR,ANM,WE,Towers with Radar,501,52,31,16,600,0,17,16,0,33,501,69,47,16,633,0,0,0,633
02/13/2020,PDX,OR,ANM,WE,Towers with Radar,535,79,34,14,662,0,3,0,0,3,535,82,34,14,665,0,0,0,665
02/14/2020,PDX,OR,ANM,WE,Towers with Radar,512,62,39,10,623,0,15,6,0,21,512,77,45,10,644,0,0,0,644
02/15/2020,PDX,OR,ANM,WE,Towers with Radar,408,27,8,2,445,0,0,0,0,0,408,27,8,2,445,0,0,0,445
02/16/2020,PDX,OR,ANM,WE,Towers with Radar,465,16,12,1,494,0,0,5,0,5,465,16,17,1,499,0,0,0,499
02/17/2020,PDX,OR,ANM,WE,Towers with Radar,501,39,28,0,568,0,17,12,1,30,501,56,40,1,598,0,0,0,598
02/18/2020,PDX,OR,ANM,WE,Towers with Radar,503,54,34,6,597,0,19,17,0,36,503,73,51,6,633,2,0,2,635
02/19/2020,PDX,OR,ANM,WE,Towers with Radar,515,42,19,12,588,0,17,13,5,35,515,59,32,17,623,0,0,0,623
02/20/2020,PDX,OR,ANM,WE,Towers with Radar,535,52,18,8,613,0,23,18,1,42,535,75,36,9,655,0,0,0,655
02/21/2020,PDX,OR,ANM,WE,Towers with Radar,514,46,20,8,588,0,17,49,0,66,514,63,69,8,654,0,0,0,654
02/22/2020,PDX,OR,ANM,WE,Towers with Radar,408,23,9,4,444,0,5,42,0,47,408,28,51,4,491,6,0,6,497
02/23/2020,PDX,OR,ANM,WE,Towers with Radar,475,19,29,2,525,0,0,2,0,2,475,19,31,2,527,0,0,0,527
02/24/2020,PDX,OR,ANM,WE,Towers with Radar,503,41,29,2,575,0,15,11,0,26,503,56,40,2,601,0,0,0,601
02/25/2020,PDX,OR,ANM,WE,Towers with Radar,507,55,35,14,611,0,18,12,4,34,507,73,47,18,645,0,0,0,645
02/26/2020,PDX,OR,ANM,WE,Towers with Radar,514,49,36,11,610,0,18,8,0,26,514,67,44,11,636,0,0,0,636
02/27/2020,PDX,OR,ANM,WE,Towers with Radar,533,45,23,9,610,0,17,11,4,32,533,62,34,13,642,0,0,0,642
02/28/2020,PDX,OR,ANM,WE,Towers with Radar,536,54,22,4,616,0,17,12,0,29,536,71,34,4,645,12,0,12,657
02/29/2020,PDX,OR,ANM,WE,Towers with Radar,412,26,18,1,457,0,2,4,0,6,412,28,22,1,463,0,0,0,463
03/01/2020,PDX,OR,ANM,WE,Towers with Radar,478,19,17,2,516,0,1,13,0,14,478,20,30,2,530,0,0,0,530
03/02/2020,PDX,OR,ANM,WE,Towers with Radar,509,55,24,19,607,0,0,1,0,1,509,55,25,19,608,0,0,0,608
03/03/2020,PDX,OR,ANM,WE,Towers with Radar,501,56,25,1,583,0,18,17,0,35,501,74,42,1,618,0,0,0,618
03/04/2020,PDX,OR,ANM,WE,Towers with Radar,520,55,19,3,597,0,18,20,0,38,520,73,39,3,635,0,0,0,635
03/05/2020,PDX,OR,ANM,WE,Towers with Radar,534,51,29,0,614,0,19,17,0,36,534,70,46,0,650,0,0,0,650
03/06/2020,PDX,OR,ANM,WE,Towers with Radar,519,63,19,7,608,0,3,1,0,4,519,66,20,7,612,0,0,0,612
03/07/2020,PDX,OR,ANM,WE,Towers with Radar,418,20,14,8,460,0,2,0,0,2,418,22,14,8,462,0,0,0,462
03/08/2020,PDX,OR,ANM,WE,Towers with Radar,481,15,19,22,537,0,0,4,0,4,481,15,23,22,541,0,0,0,541
03/09/2020,PDX,OR,ANM,WE,Towers with Radar,521,43,21,1,586,0,16,15,0,31,521,59,36,1,617,0,0,0,617
03/10/2020,PDX,OR,ANM,WE,Towers with Radar,509,50,34,12,605,0,17,14,0,31,509,67,48,12,636,0,0,0,636
03/11/2020,PDX,OR,ANM,WE,Towers with Radar,514,52,20,20,606,0,16,14,0,30,514,68,34,20,636,0,0,0,636
03/12/2020,PDX,OR,ANM,WE,Towers with Radar,527,55,20,12,614,0,20,15,4,39,527,75,35,16,653,0,0,0,653
03/13/2020,PDX,OR,ANM,WE,Towers with Radar,515,67,20,7,609,0,2,5,2,9,515,69,25,9,618,0,0,0,618
03/14/2020,PDX,OR,ANM,WE,Towers with Radar,407,27,13,0,447,0,4,1,0,5,407,31,14,0,452,0,0,0,452
03/15/2020,PDX,OR,ANM,WE,Towers with Radar,478,30,14,2,524,0,1,5,0,6,478,31,19,2,530,0,0,0,530
03/16/2020,PDX,OR,ANM,WE,Towers with Radar,506,38,27,1,572,0,20,14,0,34,506,58,41,1,606,0,0,0,606
03/17/2020,PDX,OR,ANM,WE,Towers with Radar,498,45,20,9,572,0,21,10,0,31,498,66,30,9,603,40,0,40,643
03/18/2020,PDX,OR,ANM,WE,Towers with Radar,490,46,19,12,567,0,18,39,0,57,490,64,58,12,624,6,0,6,630
03/19/2020,PDX,OR,ANM,WE,Towers with Radar,480,46,6,8,540,0,19,71,0,90,480,65,77,8,630,74,0,74,704
03/20/2020,PDX,OR,ANM,WE,Towers with Radar,426,56,8,0,490,0,20,8,1,29,426,76,16,1,519,0,0,0,519
03/21/2020,PDX,OR,ANM,WE,Towers with Radar,368,26,18,0,412,0,5,9,0,14,368,31,27,0,426,0,0,0,426
03/22/2020,PDX,OR,ANM,WE,Towers with Radar,361,13,5,0,379,0,1,10,0,11,361,14,15,0,390,26,0,26,416
03/23/2020,PDX,OR,ANM,WE,Towers with Radar,361,39,12,0,412,0,15,1,0,16,361,54,13,0,428,2,0,2,430
03/24/2020,PDX,OR,ANM,WE,Towers with Radar,357,61,15,0,433,0,1,1,0,2,357,62,16,0,435,0,0,0,435
03/25/2020,PDX,OR,ANM,WE,Towers with Radar,361,41,14,0,416,0,15,1,0,16,361,56,15,0,432,0,0,0,432
03/26/2020,PDX,OR,ANM,WE,Towers with Radar,361,40,12,5,418,0,16,7,0,23,361,56,19,5,441,0,0,0,441
03/27/2020,PDX,OR,ANM,WE,Towers with Radar,312,65,6,0,383,0,1,1,0,2,312,66,7,0,385,0,0,0,385
03/28/2020,PDX,OR,ANM,WE,Towers with Radar,250,29,3,0,282,0,0,0,0,0,250,29,3,0,282,2,0,2,284
03/29/2020,PDX,OR,ANM,WE,Towers with Radar,263,15,6,0,284,0,0,2,0,2,263,15,8,0,286,0,0,0,286
03/30/2020,PDX,OR,ANM,WE,Towers with Radar,284,37,9,0,330,0,5,1,0,6,284,42,10,0,336,0,0,0,336
03/31/2020,PDX,OR,ANM,WE,Towers with Radar,283,41,6,0,330,0,14,4,0,18,283,55,10,0,348,0,0,0,348
04/01/2020,PDX,OR,ANM,WE,Towers with Radar,229,54,1,8,292,0,12,3,0,15,229,66,4,8,307,0,0,0,307
04/02/2020,PDX,OR,ANM,WE,Towers with Radar,210,50,4,0,264,0,13,9,0,22,210,63,13,0,286,0,0,0,286
04/03/2020,PDX,OR,ANM,WE,Towers with Radar,205,47,9,4,265,0,14,6,0,20,205,61,15,4,285,0,0,0,285
04/04/2020,PDX,OR,ANM,WE,Towers with Radar,161,22,3,0,186,0,2,6,0,8,161,24,9,0,194,0,0,0,194
04/05/2020,PDX,OR,ANM,WE,Towers with Radar,182,20,5,0,207,0,0,8,0,8,182,20,13,0,215,0,0,0,215
04/06/2020,PDX,OR,ANM,WE,Towers with Radar,164,33,8,2,207,0,17,5,0,22,164,50,13,2,229,12,0,12,241
04/07/2020,PDX,OR,ANM,WE,Towers with Radar,184,40,4,3,231,0,17,14,0,31,184,57,18,3,262,2,0,2,264
04/08/2020,PDX,OR,ANM,WE,Towers with Radar,177,39,4,2,222,0,21,14,0,35,177,60,18,2,257,20,0,20,277
04/09/2020,PDX,OR,ANM,WE,Towers with Radar,183,37,10,0,230,0,19,23,0,42,183,56,33,0,272,42,0,42,314
04/10/2020,PDX,OR,ANM,WE,Towers with Radar,145,48,5,0,198,0,14,23,1,38,145,62,28,1,236,4,0,4,240
04/11/2020,PDX,OR,ANM,WE,Towers with Radar,125,14,6,0,145,0,5,11,0,16,125,19,17,0,161,4,0,4,165
04/12/2020,PDX,OR,ANM,WE,Towers with Radar,119,13,2,0,134,0,0,18,0,18,119,13,20,0,152,30,0,30,182
04/13/2020,PDX,OR,ANM,WE,Towers with Radar,124,30,10,2,166,0,20,12,0,32,124,50,22,2,198,6,0,6,204
04/14/2020,PDX,OR,ANM,WE,Towers with Radar,160,44,2,2,208,0,19,9,1,29,160,63,11,3,237,0,2,2,239
04/15/2020,PDX,OR,ANM,WE,Towers with Radar,156,39,15,0,210,0,15,5,0,20,156,54,20,0,230,0,0,0,230
04/16/2020,PDX,OR,ANM,WE,Towers with Radar,152,54,9,0,215,0,16,15,0,31,152,70,24,0,246,2,0,2,248
04/17/2020,PDX,OR,ANM,WE,Towers with Radar,140,35,18,5,198,0,18,16,0,34,140,53,34,5,232,10,0,10,242
04/18/2020,PDX,OR,ANM,WE,Towers with Radar,111,20,5,0,136,0,1,6,0,7,111,21,11,0,143,0,0,0,143
04/19/2020,PDX,OR,ANM,WE,Towers with Radar,102,11,8,0,121,0,0,9,0,9,102,11,17,0,130,0,0,0,130
04/20/2020,PDX,OR,ANM,WE,Towers with Radar,121,36,5,0,162,0,19,26,0,45,121,55,31,0,207,4,0,4,211
04/21/2020,PDX,OR,ANM,WE,Towers with Radar,145,43,6,0,194,0,15,17,0,32,145,58,23,0,226,0,0,0,226
04/22/2020,PDX,OR,ANM,WE,Towers with Radar,143,63,17,6,229,0,0,1,0,1,143,63,18,6,230,0,0,0,230
04/23/2020,PDX,OR,ANM,WE,Towers with Radar,153,42,13,0,208,0,16,12,0,28,153,58,25,0,236,0,0,0,236
04/24/2020,PDX,OR,ANM,WE,Towers with Radar,126,57,20,4,207,0,0,5,0,5,126,57,25,4,212,44,0,44,256
04/25/2020,PDX,OR,ANM,WE,Towers with Radar,107,17,4,0,128,0,2,9,0,11,107,19,13,0,139,10,0,10,149
04/26/2020,PDX,OR,ANM,WE,Towers with Radar,111,13,7,2,133,0,0,24,0,24,111,13,31,2,157,30,0,30,187
04/27/2020,PDX,OR,ANM,WE,Towers with Radar,129,40,12,8,189,0,13,6,0,19,129,53,18,8,208,0,0,0,208
04/28/2020,PDX,OR,ANM,WE,Towers with Radar,144,40,26,0,210,0,16,31,0,47,144,56,57,0,257,34,0,34,291
04/29/2020,PDX,OR,ANM,WE,Towers with Radar,134,45,10,0,189,0,12,7,0,19,134,57,17,0,208,0,0,0,208
04/30/2020,PDX,OR,ANM,WE,Towers with Radar,148,40,20,5,213,0,15,13,1,29,148,55,33,6,242,16,0,16,258
05/01/2020,PDX,OR,ANM,WE,Towers with Radar,145,38,9,0,192,0,17,19,1,37,145,55,28,1,229,6,0,6,235
05/02/2020,PDX,OR,ANM,WE,Towers with Radar,103,13,9,0,125,0,4,1,0,5,103,17,10,0,130,0,0,0,130
05/03/2020,PDX,OR,ANM,WE,Towers with Radar,111,11,8,2,132,0,1,8,1,10,111,12,16,3,142,24,0,24,166
05/04/2020,PDX,OR,ANM,WE,Towers with Radar,127,29,6,0,162,0,15,14,0,29,127,44,20,0,191,14,0,14,205
05/05/2020,PDX,OR,ANM,WE,Towers with Radar,137,43,20,6,206,0,16,18,0,34,137,59,38,6,240,18,0,18,258
05/06/2020,PDX,OR,ANM,WE,Towers with Radar,150,42,11,3,206,0,16,13,0,29,150,58,24,3,235,2,0,2,237
05/07/2020,PDX,OR,ANM,WE,Towers with Radar,156,41,17,3,217,0,18,22,1,41,156,59,39,4,258,64,0,64,322
05/08/2020,PDX,OR,ANM,WE,Towers with Radar,141,33,16,2,192,0,16,11,6,33,141,49,27,8,225,0,0,0,225
05/09/2020,PDX,OR,ANM,WE,Towers with Radar,107,23,13,0,143,0,10,21,0,31,107,33,34,0,174,12,0,12,186
05/10/2020,PDX,OR,ANM,WE,Towers with Radar,117,14,1,0,132,0,0,21,0,21,117,14,22,0,153,40,0,40,193
05/11/2020,PDX,OR,ANM,WE,Towers with Radar,115,41,13,0,169,0,11,11,0,22,115,52,24,0,191,2,0,2,193
05/12/2020,PDX,OR,ANM,WE,Towers with Radar,142,43,21,0,206,0,17,4,0,21,142,60,25,0,227,0,0,0,227
05/13/2020,PDX,OR,ANM,WE,Towers with Radar,151,44,22,3,220,0,18,8,0,26,151,62,30,3,246,16,0,16,262
05/14/2020,PDX,OR,ANM,WE,Towers with Radar,157,50,21,9,237,0,3,6,5,14,157,53,27,14,251,0,0,0,251
05/15/2020,PDX,OR,ANM,WE,Towers with Radar,145,46,41,6,238,0,13,23,2,38,145,59,64,8,276,30,0,30,306
05/16/2020,PDX,OR,ANM,WE,Towers with Radar,110,21,9,0,140,0,5,8,0,13,110,26,17,0,153,0,0,0,153
05/17/2020,PDX,OR,ANM,WE,Towers with Radar,119,25,7,0,151,0,0,8,0,8,119,25,15,0,159,8,0,8,167
05/18/2020,PDX,OR,ANM,WE,Towers with Radar,118,39,20,0,177,0,14,1,1,16,118,53,21,1,193,0,0,0,193
05/19/2020,PDX,OR,ANM,WE,Towers with Radar,144,47,8,8,207,0,15,9,2,26,144,62,17,10,233,14,0,14,247
05/20/2020,PDX,OR,ANM,WE,Towers with Radar,152,57,20,0,229,0,15,10,2,27,152,72,30,2,256,12,0,12,268
05/21/2020,PDX,OR,ANM,WE,Towers with Radar,162,58,14,4,238,0,15,9,0,24,162,73,23,4,262,0,0,0,262
05/22/2020,PDX,OR,ANM,WE,Towers with Radar,143,57,19,0,219,0,15,15,3,33,143,72,34,3,252,2,0,2,254
05/23/2020,PDX,OR,ANM,WE,Towers with Radar,115,17,14,0,146,0,3,16,0,19,115,20,30,0,165,30,0,30,195
05/24/2020,PDX,OR,ANM,WE,Towers with Radar,124,15,9,0,148,0,0,39,0,39,124,15,48,0,187,34,0,34,221
05/25/2020,PDX,OR,ANM,WE,Towers with Radar,124,29,17,0,170,0,0,9,1,10,124,29,26,1,180,8,0,8,188
05/26/2020,PDX,OR,ANM,WE,Towers with Radar,134,38,18,10,200,0,15,15,0,30,134,53,33,10,230,0,0,0,230
05/27/2020,PDX,OR,ANM,WE,Towers with Radar,163,49,15,2,229,0,16,25,1,42,163,65,40,3,271,26,0,26,297
05/28/2020,PDX,OR,ANM,WE,Towers with Radar,167,51,19,6,243,0,18,31,0,49,167,69,50,6,292,166,0,166,458
05/29/2020,PDX,OR,ANM,WE,Towers with Radar,150,43,22,6,221,0,14,39,0,53,150,57,61,6,274,54,4,58,332
05/30/2020,PDX,OR,ANM,WE,Towers with Radar,124,22,14,0,160,0,1,12,0,13,124,23,26,0,173,0,0,0,173
05/31/2020,PDX,OR,ANM,WE,Towers with Radar,134,13,10,0,157,0,1,19,0,20,134,14,29,0,177,16,0,16,193
06/01/2020,PDX,OR,ANM,WE,Towers with Radar,160,28,17,2,207,0,19,25,0,44,160,47,42,2,251,34,0,34,285
06/02/2020,PDX,OR,ANM,WE,Towers with Radar,179,43,8,9,239,1,17,17,0,35,180,60,25,9,274,12,0,12,286
06/03/2020,PDX,OR,ANM,WE,Towers with Radar,186,46,16,16,264,0,17,23,0,40,186,63,39,16,304,52,0,52,356
06/04/2020,PDX,OR,ANM,WE,Towers with Radar,197,50,23,2,272,0,17,24,0,41,197,67,47,2,313,155,0,155,468
06/05/2020,PDX,OR,ANM,WE,Towers with Radar,174,44,20,0,238,0,15,28,0,43,174,59,48,0,281,0,0,0,281
06/06/2020,PDX,OR,ANM,WE,Towers with Radar,150,20,7,0,177,0,2,8,0,10,150,22,15,0,187,22,0,22,209
06/07/2020,PDX,OR,ANM,WE,Towers with Radar,175,18,9,0,202,0,0,14,0,14,175,18,23,0,216,0,0,0,216
06/08/2020,PDX,OR,ANM,WE,Towers with Radar,176,36,11,0,223,0,14,14,0,28,176,50,25,0,251,8,0,8,259
06/09/2020,PDX,OR,ANM,WE,Towers with Radar,206,57,20,36,319,0,0,0,0,0,206,57,20,36,319,0,0,0,319
06/10/2020,PDX,OR,ANM,WE,Towers with Radar,198,49,21,6,274,0,15,13,0,28,198,64,34,6,302,0,0,0,302
06/11/2020,PDX,OR,ANM,WE,Towers with Radar,214,53,13,21,301,0,19,20,1,40,214,72,33,22,341,12,0,12,353
06/12/2020,PDX,OR,ANM,WE,Towers with Radar,190,49,25,0,264,0,15,4,0,19,190,64,29,0,283,0,0,0,283
06/13/2020,PDX,OR,ANM,WE,Towers with Radar,160,23,15,0,198,0,4,6,0,10,160,27,21,0,208,2,0,2,210
06/14/2020,PDX,OR,ANM,WE,Towers with Radar,194,21,12,1,228,0,0,16,0,16,194,21,28,1,244,22,0,22,266
06/15/2020,PDX,OR,ANM,WE,Towers with Radar,187,35,16,3,241,0,15,7,0,22,187,50,23,3,263,0,0,0,263
06/16/2020,PDX,OR,ANM,WE,Towers with Radar,223,43,14,13,293,0,15,6,0,21,223,58,20,13,314,2,0,2,316
06/17/2020,PDX,OR,ANM,WE,Towers with Radar,227,51,18,8,304,0,18,16,0,34,227,69,34,8,338,44,0,44,382
06/18/2020,PDX,OR,ANM,WE,Towers with Radar,231,54,21,6,312,0,18,19,0,37,231,72,40,6,349,66,0,66,415
06/19/2020,PDX,OR,ANM,WE,Towers with Radar,201,44,25,1,271,0,18,27,1,46,201,62,52,2,317,48,0,48,365
06/20/2020,PDX,OR,ANM,WE,Towers with Radar,197,19,9,2,227,0,5,16,0,21,197,24,25,2,248,0,0,0,248
06/21/2020,PDX,OR,ANM,WE,Towers with Radar,208,19,11,2,240,0,0,12,0,12,208,19,23,2,252,0,0,0,252
06/22/2020,PDX,OR,ANM,WE,Towers with Radar,209,45,22,1,277,0,23,22,5,50,209,68,44,6,327,22,0,22,349
06/23/2020,PDX,OR,ANM,WE,Towers with Radar,238,53,20,6,317,0,17,21,3,41,238,70,41,9,358,44,0,44,402
06/24/2020,PDX,OR,ANM,WE,Towers with Radar,240,50,31,5,326,0,19,25,4,48,240,69,56,9,374,51,0,51,425
06/25/2020,PDX,OR,ANM,WE,Towers with Radar,245,53,28,12,338,0,17,13,0,30,245,70,41,12,368,27,2,29,397
06/26/2020,PDX,OR,ANM,WE,Towers with Radar,230,56,12,1,299,0,17,20,3,40,230,73,32,4,339,0,0,0,339
06/27/2020,PDX,OR,ANM,WE,Towers with Radar,211,27,11,0,249,0,3,9,1,13,211,30,20,1,262,4,0,4,266
06/28/2020,PDX,OR,ANM,WE,Towers with Radar,222,25,16,0,263,0,0,8,1,9,222,25,24,1,272,18,0,18,290
06/29/2020,PDX,OR,ANM,WE,Towers with Radar,218,39,18,0,275,0,17,10,0,27,218,56,28,0,302,16,0,16,318
06/30/2020,PDX,OR,ANM,WE,Towers with Radar,242,53,22,0,317,1,17,16,0,34,243,70,38,0,351,20,0,20,371
07/01/2020,PDX,OR,ANM,WE,Towers with Radar,267,51,25,7,350,0,16,9,0,25,267,67,34,7,375,0,0,0,375
07/02/2020,PDX,OR,ANM,WE,Towers with Radar,286,50,32,3,371,1,19,10,0,30,287,69,42,3,401,0,0,0,401
07/03/2020,PDX,OR,ANM,WE,Towers with Radar,258,56,19,2,335,0,12,16,0,28,258,68,35,2,363,10,0,10,373
07/04/2020,PDX,OR,ANM,WE,Towers with Radar,198,9,7,1,215,0,2,14,0,16,198,11,21,1,231,0,0,0,231
07/05/2020,PDX,OR,ANM,WE,Towers with Radar,241,24,16,0,281,0,2,14,1,17,241,26,30,1,298,8,0,8,306
07/06/2020,PDX,OR,ANM,WE,Towers with Radar,253,42,29,2,326,0,14,10,0,24,253,56,39,2,350,6,0,6,356
07/07/2020,PDX,OR,ANM,WE,Towers with Radar,274,50,30,19,373,0,18,10,0,28,274,68,40,19,401,28,6,34,435
07/08/2020,PDX,OR,ANM,WE,Towers with Radar,283,58,15,15,371,0,21,20,1,42,283,79,35,16,413,2,0,2,415
07/09/2020,PDX,OR,ANM,WE,Towers with Radar,294,57,24,13,388,0,17,15,0,32,294,74,39,13,420,36,0,36,456
07/10/2020,PDX,OR,ANM,WE,Towers with Radar,280,51,12,10,353,0,14,20,0,34,280,65,32,10,387,7,0,7,394
07/11/2020,PDX,OR,ANM,WE,Towers with Radar,251,20,7,0,278,0,7,24,0,31,251,27,31,0,309,50,0,50,359
07/12/2020,PDX,OR,ANM,WE,Towers with Radar,264,27,9,0,300,0,0,18,1,19,264,27,27,1,319,4,0,4,323
07/13/2020,PDX,OR,ANM,WE,Towers with Radar,257,45,18,6,326,0,18,24,0,42,257,63,42,6,368,0,0,0,368
07/14/2020,PDX,OR,ANM,WE,Towers with Radar,277,39,15,11,342,0,15,29,0,44,277,54,44,11,386,32,0,32,418
07/15/2020,PDX,OR,ANM,WE,Towers with Radar,286,47,36,2,371,0,17,24,0,41,286,64,60,2,412,78,0,78,490
07/16/2020,PDX,OR,ANM,WE,Towers with Radar,303,49,30,12,394,0,20,43,0,63,303,69,73,12,457,104,0,104,561
07/17/2020,PDX,OR,ANM,WE,Towers with Radar,275,50,18,0,343,0,15,7,0,22,275,65,25,0,365,16,0,16,381
07/18/2020,PDX,OR,ANM,WE,Towers with Radar,252,26,10,0,288,0,6,13,0,19,252,32,23,0,307,4,0,4,311
07/19/2020,PDX,OR,ANM,WE,Towers with Radar,269,24,16,0,309,0,1,23,0,24,269,25,39,0,333,20,0,20,353
07/20/2020,PDX,OR,ANM,WE,Towers with Radar,268,43,38,3,352,0,18,18,0,36,268,61,56,3,388,0,0,0,388
07/21/2020,PDX,OR,ANM,WE,Towers with Radar,280,48,20,8,356,0,18,35,0,53,280,66,55,8,409,30,0,30,439
07/22/2020,PDX,OR,ANM,WE,Towers with Radar,289,63,29,7,388,0,17,17,0,34,289,80,46,7,422,0,0,0,422
07/23/2020,PDX,OR,ANM,WE,Towers with Radar,297,57,23,10,387,0,16,13,0,29,297,73,36,10,416,50,0,50,466
07/24/2020,PDX,OR,ANM,WE,Towers with Radar,276,59,20,7,362,0,15,16,0,31,276,74,36,7,393,24,0,24,417
07/25/2020,PDX,OR,ANM,WE,Towers with Radar,252,32,14,0,298,0,2,21,0,23,252,34,35,0,321,38,0,38,359
07/26/2020,PDX,OR,ANM,WE,Towers with Radar,271,18,21,1,311,0,1,14,0,15,271,19,35,1,326,28,0,28,354
07/27/2020,PDX,OR,ANM,WE,Towers with Radar,265,45,21,3,334,0,16,12,0,28,265,61,33,3,362,2,2,4,366
07/28/2020,PDX,OR,ANM,WE,Towers with Radar,281,60,21,16,378,0,23,17,0,40,281,83,38,16,418,4,0,4,422
07/29/2020,PDX,OR,ANM,WE,Towers with Radar,284,53,18,10,365,0,19,31,1,51,284,72,49,11,416,20,0,20,436
07/30/2020,PDX,OR,ANM,WE,Towers with Radar,303,54,22,14,393,0,21,16,0,37,303,75,38,14,430,0,0,0,430
07/31/2020,PDX,OR,ANM,WE,Towers with Radar,275,50,8,5,338,0,20,21,0,41,275,70,29,5,379,14,0,14,393
08/01/2020,PDX,OR,ANM,WE,Towers with Radar,272,30,18,12,332,0,4,11,0,15,272,34,29,12,347,12,0,12,359
08/02/2020,PDX,OR,ANM,WE,Towers with Radar,301,19,13,2,335,0,0,17,0,17,301,19,30,2,352,30,0,30,382
08/03/2020,PDX,OR,ANM,WE,Towers with Radar,303,43,23,0,369,0,17,19,2,38,303,60,42,2,407,28,0,28,435
08/04/2020,PDX,OR,ANM,WE,Towers with Radar,310,55,20,10,395,0,15,10,0,25,310,70,30,10,420,16,0,16,436
08/05/2020,PDX,OR,ANM,WE,Towers with Radar,315,57,16,7,395,0,16,25,1,42,315,73,41,8,437,49,0,49,486
08/06/2020,PDX,OR,ANM,WE,Towers with Radar,332,51,33,10,426,0,15,15,0,30,332,66,48,10,456,0,11,11,467
08/07/2020,PDX,OR,ANM,WE,Towers with Radar,321,58,24,3,406,0,13,44,0,57,321,71,68,3,463,10,0,10,473
08/08/2020,PDX,OR,ANM,WE,Towers with Radar,291,25,15,0,331,0,7,29,0,36,291,32,44,0,367,20,0,20,387
08/09/2020,PDX,OR,ANM,WE,Towers with Radar,301,23,26,0,350,0,0,24,0,24,301,23,50,0,374,16,0,16,390
08/10/2020,PDX,OR,ANM,WE,Towers with Radar,299,39,15,6,359,0,19,20,2,41,299,58,35,8,400,28,0,28,428
08/11/2020,PDX,OR,ANM,WE,Towers with Radar,304,56,23,9,392,0,18,14,3,35,304,74,37,12,427,14,0,14,441
08/12/2020,PDX,OR,ANM,WE,Towers with Radar,311,50,14,18,393,0,17,18,2,37,311,67,32,20,430,40,0,40,470
08/13/2020,PDX,OR,ANM,WE,Towers with Radar,338,54,11,12,415,0,18,20,6,44,338,72,31,18,459,20,0,20,479
08/14/2020,PDX,OR,ANM,WE,Towers with Radar,322,52,24,9,407,0,18,17,0,35,322,70,41,9,442,2,0,2,444
08/15/2020,PDX,OR,ANM,WE,Towers with Radar,296,19,8,3,326,0,7,16,1,24,296,26,24,4,350,6,0,6,356
08/16/2020,PDX,OR,ANM,WE,Towers with Radar,306,22,18,1,347,0,2,9,0,11,306,24,27,1,358,0,0,0,358
08/17/2020,PDX,OR,ANM,WE,Towers with Radar,297,37,19,10,363,0,20,16,1,37,297,57,35,11,400,8,0,8,408
08/18/2020,PDX,OR,ANM,WE,Towers with Radar,307,46,14,2,369,0,15,12,1,28,307,61,26,3,397,22,0,22,419
08/19/2020,PDX,OR,ANM,WE,Towers with Radar,307,62,27,12,408,0,17,57,2,76,307,79,84,14,484,52,0,52,536
08/20/2020,PDX,OR,ANM,WE,Towers with Radar,324,64,11,7,406,0,16,18,0,34,324,80,29,7,440,0,0,0,440
08/21/2020,PDX,OR,ANM,WE,Towers with Radar,320,56,23,10,409,0,13,7,3,23,320,69,30,13,432,0,0,0,432
08/22/2020,PDX,OR,ANM,WE,Towers with Radar,294,31,26,0,351,0,4,23,0,27,294,35,49,0,378,16,0,16,394
08/23/2020,PDX,OR,ANM,WE,Towers with Radar,305,32,21,0,358,0,1,18,0,19,305,33,39,0,377,6,0,6,383
08/24/2020,PDX,OR,ANM,WE,Towers with Radar,302,52,31,2,387,0,12,8,0,20,302,64,39,2,407,20,0,20,427
08/25/2020,PDX,OR,ANM,WE,Towers with Radar,302,49,21,23,395,0,14,18,2,34,302,63,39,25,429,10,0,10,439
08/26/2020,PDX,OR,ANM,WE,Towers with Radar,300,48,22,19,389,0,14,11,0,25,300,62,33,19,414,0,0,0,414
08/27/2020,PDX,OR,ANM,WE,Towers with Radar,334,52,32,12,430,0,17,14,0,31,334,69,46,12,461,6,0,6,467
08/28/2020,PDX,OR,ANM,WE,Towers with Radar,319,62,30,14,425,0,11,39,4,54,319,73,69,18,479,26,0,26,505
08/29/2020,PDX,OR,ANM,WE,Towers with Radar,284,22,15,0,321,0,4,17,3,24,284,26,32,3,345,0,0,0,345
08/30/2020,PDX,OR,ANM,WE,Towers with Radar,310,21,12,0,343,0,0,52,2,54,310,21,64,2,397,56,0,56,453
08/31/2020,PDX,OR,ANM,WE,Towers with Radar,301,58,15,11,385,0,8,16,0,24,301,66,31,11,409,2,0,2,411
09/01/2020,PDX,OR,ANM,WE,Towers with Radar,311,62,30,8,411,0,11,27,2,40,311,73,57,10,451,4,0,4,455
09/02/2020,PDX,OR,ANM,WE,Towers with Radar,326,54,20,15,415,0,16,20,0,36,326,70,40,15,451,16,0,16,467
09/03/2020,PDX,OR,ANM,WE,Towers with Radar,349,60,17,10,436,0,18,20,1,39,349,78,37,11,475,46,0,46,521
09/04/2020,PDX,OR,ANM,WE,Towers with Radar,324,57,23,0,404,0,17,24,0,41,324,74,47,0,445,12,0,12,457
09/05/2020,PDX,OR,ANM,WE,Towers with Radar,286,30,3,0,319,0,7,32,0,39,286,37,35,0,358,4,0,4,362
09/06/2020,PDX,OR,ANM,WE,Towers with Radar,281,19,16,0,316,0,0,35,0,35,281,19,51,0,351,23,0,23,374
09/07/2020,PDX,OR,ANM,WE,Towers with Radar,289,15,9,0,313,0,0,8,0,8,289,15,17,0,321,0,0,0,321
09/08/2020,PDX,OR,ANM,WE,Towers with Radar,292,46,21,7,366,0,13,1,0,14,292,59,22,7,380,0,0,0,380
09/09/2020,PDX,OR,ANM,WE,Towers with Radar,300,53,18,9,380,0,17,1,1,19,300,70,19,10,399,0,0,0,399
09/10/2020,PDX,OR,ANM,WE,Towers with Radar,323,81,24,9,437,0,0,5,4,9,323,81,29,13,446,0,0,0,446
09/11/2020,PDX,OR,ANM,WE,Towers with Radar,306,70,37,6,419,0,0,0,0,0,306,70,37,6,419,0,0,0,419
09/12/2020,PDX,OR,ANM,WE,Towers with Radar,276,23,8,2,309,0,0,0,0,0,276,23,8,2,309,0,0,0,309
09/13/2020,PDX,OR,ANM,WE,Towers with Radar,241,12,15,0,268,0,0,0,0,0,241,12,15,0,268,0,0,0,268
09/14/2020,PDX,OR,ANM,WE,Towers with Radar,212,11,29,1,253,0,0,0,0,0,212,11,29,1,253,0,0,0,253
09/15/2020,PDX,OR,ANM,WE,Towers with Radar,204,67,36,1,308,0,0,1,0,1,204,67,37,1,309,0,0,0,309
09/16/2020,PDX,OR,ANM,WE,Towers with Radar,279,79,36,8,402,0,0,0,0,0,279,79,36,8,402,0,0,0,402
09/17/2020,PDX,OR,ANM,WE,Towers with Radar,310,65,37,9,421,0,0,0,0,0,310,65,37,9,421,0,0,0,421
09/18/2020,PDX,OR,ANM,WE,Towers with Radar,298,74,33,13,418,0,0,0,0,0,298,74,33,13,418,0,0,0,418
09/19/2020,PDX,OR,ANM,WE,Towers with Radar,286,31,14,2,333,0,0,11,0,11,286,31,25,2,344,0,0,0,344
09/20/2020,PDX,OR,ANM,WE,Towers with Radar,294,23,22,0,339,0,0,16,0,16,294,23,38,0,355,6,0,6,361
09/21/2020,PDX,OR,ANM,WE,Towers with Radar,292,42,20,12,366,0,14,22,2,38,292,56,42,14,404,4,0,4,408
09/22/2020,PDX,OR,ANM,WE,Towers with Radar,305,57,26,12,400,0,17,14,0,31,305,74,40,12,431,4,0,4,435
09/23/2020,PDX,OR,ANM,WE,Towers with Radar,310,79,23,18,430,0,0,1,0,1,310,79,24,18,431,0,0,0,431
09/24/2020,PDX,OR,ANM,WE,Towers with Radar,327,56,29,8,420,0,15,9,0,24,327,71,38,8,444,0,0,0,444
09/25/2020,PDX,OR,ANM,WE,Towers with Radar,307,65,30,8,410,0,9,3,0,12,307,74,33,8,422,6,0,6,428
09/26/2020,PDX,OR,ANM,WE,Towers with Radar,289,22,14,0,325,0,2,5,0,7,289,24,19,0,332,0,0,0,332
09/27/2020,PDX,OR,ANM,WE,Towers with Radar,297,22,18,0,337,0,0,10,0,10,297,22,28,0,347,0,0,0,347
09/28/2020,PDX,OR,ANM,WE,Towers with Radar,288,38,19,5,350,0,19,23,1,43,288,57,42,6,393,12,0,12,405
09/29/2020,PDX,OR,ANM,WE,Towers with Radar,303,53,25,5,386,0,18,23,2,43,303,71,48,7,429,2,0,2,431
09/30/2020,PDX,OR,ANM,WE,Towers with Radar,312,52,23,12,399,0,15,10,0,25,312,67,33,12,424,8,0,8,432
10/01/2020,PDX,OR,ANM,WE,Towers with Radar,318,55,37,14,424,0,15,10,0,25,318,70,47,14,449,38,0,38,487
10/02/2020,PDX,OR,ANM,WE,Towers with Radar,308,50,25,8,391,0,14,10,0,24,308,64,35,8,415,6,0,6,421
10/03/2020,PDX,OR,ANM,WE,Towers with Radar,295,24,11,0,330,0,7,17,0,24,295,31,28,0,354,44,0,44,398
10/04/2020,PDX,OR,ANM,WE,Towers with Radar,305,24,19,0,348,0,2,2,2,6,305,26,21,2,354,0,0,0,354
10/05/2020,PDX,OR,ANM,WE,Towers with Radar,305,43,26,1,375,0,18,17,0,35,305,61,43,1,410,0,0,0,410
10/06/2020,PDX,OR,ANM,WE,Towers with Radar,301,51,12,10,374,0,19,22,1,42,301,70,34,11,416,10,0,10,426
10/07/2020,PDX,OR,ANM,WE,Towers with Radar,315,77,22,5,419,0,7,11,3,21,315,84,33,8,440,0,0,0,440
10/08/2020,PDX,OR,ANM,WE,Towers with Radar,332,59,26,16,433,0,15,52,0,67,332,74,78,16,500,48,0,48,548
10/09/2020,PDX,OR,ANM,WE,Towers with Radar,317,47,24,4,392,0,15,7,2,24,317,62,31,6,416,0,0,0,416
10/10/2020,PDX,OR,ANM,WE,Towers with Radar,295,22,8,0,325,0,6,5,0,11,295,28,13,0,336,6,0,6,342
10/11/2020,PDX,OR,ANM,WE,Towers with Radar,311,18,17,0,346,0,0,1,0,1,311,18,18,0,347,0,0,0,347
10/12/2020,PDX,OR,ANM,WE,Towers with Radar,299,43,13,0,355,0,18,23,1,42,299,61,36,1,397,18,0,18,415
10/13/2020,PDX,OR,ANM,WE,Towers with Radar,295,49,17,12,373,0,17,5,0,22,295,66,22,12,395,0,0,0,395
10/14/2020,PDX,OR,ANM,WE,Towers with Radar,307,56,20,14,397,0,17,13,2,32,307,73,33,16,429,0,0,0,429
10/15/2020,PDX,OR,ANM,WE,Towers with Radar,325,66,19,14,424,0,26,20,0,46,325,92,39,14,470,18,0,18,488
10/16/2020,PDX,OR,ANM,WE,Towers with Radar,325,56,22,9,412,0,15,21,2,38,325,71,43,11,450,10,0,10,460
10/17/2020,PDX,OR,ANM,WE,Towers with Radar,288,33,12,18,351,0,2,51,2,55,288,35,63,20,406,16,0,16,422
10/18/2020,PDX,OR,ANM,WE,Towers with Radar,323,31,28,0,382,0,1,7,0,8,323,32,35,0,390,0,0,0,390
10/19/2020,PDX,OR,ANM,WE,Towers with Radar,307,49,15,0,371,0,15,16,0,31,307,64,31,0,402,18,0,18,420
10/20/2020,PDX,OR,ANM,WE,Towers with Radar,297,53,20,3,373,0,19,11,0,30,297,72,31,3,403,0,0,0,403
10/21/2020,PDX,OR,ANM,WE,Towers with Radar,302,56,10,20,388,0,18,9,0,27,302,74,19,20,415,0,0,0,415
10/22/2020,PDX,OR,ANM,WE,Towers with Radar,330,59,39,9,437,0,16,13,0,29,330,75,52,9,466,18,0,18,484
10/23/2020,PDX,OR,ANM,WE,Towers with Radar,315,66,16,6,403,0,4,2,0,6,315,70,18,6,409,0,0,0,409
10/24/2020,PDX,OR,ANM,WE,Towers with Radar,282,32,10,0,324,0,2,3,0,5,282,34,13,0,329,0,0,0,329
10/25/2020,PDX,OR,ANM,WE,Towers with Radar,289,28,12,0,329,0,1,9,0,10,289,29,21,0,339,10,0,10,349
10/26/2020,PDX,OR,ANM,WE,Towers with Radar,283,44,25,5,357,0,21,26,1,48,283,65,51,6,405,6,0,6,411
10/27/2020,PDX,OR,ANM,WE,Towers with Radar,294,57,12,8,371,0,18,13,2,33,294,75,25,10,404,0,0,0,404
10/28/2020,PDX,OR,ANM,WE,Towers with Radar,304,52,20,15,391,0,20,6,3,29,304,72,26,18,420,0,8,8,428
10/29/2020,PDX,OR,ANM,WE,Towers with Radar,321,57,24,14,416,0,15,7,0,22,321,72,31,14,438,0,0,0,438
10/30/2020,PDX,OR,ANM,WE,Towers with Radar,305,60,18,9,392,0,13,8,0,21,305,73,26,9,413,4,0,4,417
10/31/2020,PDX,OR,ANM,WE,Towers with Radar,269,30,8,0,307,0,3,11,0,14,269,33,19,0,321,0,0,0,321
11/01/2020,PDX,OR,ANM,WE,Towers with Radar,301,17,15,0,333,0,0,6,0,6,301,17,21,0,339,0,0,0,339
11/02/2020,PDX,OR,ANM,WE,Towers with Radar,298,45,24,0,367,0,24,13,0,37,298,69,37,0,404,20,0,20,424
11/03/2020,PDX,OR,ANM,WE,Towers with Radar,301,68,23,14,406,0,2,4,0,6,301,70,27,14,412,0,0,0,412
11/04/2020,PDX,OR,ANM,WE,Towers with Radar,311,57,19,14,401,0,17,12,0,29,311,74,31,14,430,0,0,0,430
11/05/2020,PDX,OR,ANM,WE,Towers with Radar,333,70,20,12,435,0,3,1,0,4,333,73,21,12,439,0,0,0,439
11/06/2020,PDX,OR,ANM,WE,Towers with Radar,316,65,19,19,419,0,4,4,0,8,316,69,23,19,427,0,0,0,427
11/07/2020,PDX,OR,ANM,WE,Towers with Radar,289,26,10,25,350,0,3,6,0,9,289,29,16,25,359,0,0,0,359
11/08/2020,PDX,OR,ANM,WE,Towers with Radar,319,27,14,0,360,0,0,25,1,26,319,27,39,1,386,10,0,10,396
11/09/2020,PDX,OR,ANM,WE,Towers with Radar,308,46,22,0,376,0,15,4,0,19,308,61,26,0,395,0,0,0,395
11/10/2020,PDX,OR,ANM,WE,Towers with Radar,311,57,22,8,398,0,14,2,0,16,311,71,24,8,414,0,0,0,414
11/11/2020,PDX,OR,ANM,WE,Towers with Radar,318,64,28,3,413,0,15,12,0,27,318,79,40,3,440,0,0,0,440
11/12/2020,PDX,OR,ANM,WE,Towers with Radar,337,63,26,9,435,0,15,6,0,21,337,78,32,9,456,4,0,4,460
11/13/2020,PDX,OR,ANM,WE,Towers with Radar,328,61,26,9,424,0,15,1,0,16,328,76,27,9,440,0,0,0,440
11/14/2020,PDX,OR,ANM,WE,Towers with Radar,295,28,13,0,336,0,1,1,0,2,295,29,14,0,338,4,0,4,342
11/15/2020,PDX,OR,ANM,WE,Towers with Radar,311,12,18,0,341,0,0,3,0,3,311,12,21,0,344,0,0,0,344
11/16/2020,PDX,OR,ANM,WE,Towers with Radar,309,43,20,20,392,0,15,3,0,18,309,58,23,20,410,0,0,0,410
11/17/2020,PDX,OR,ANM,WE,Towers with Radar,309,64,16,17,406,0,14,0,0,14,309,78,16,17,420,0,0,0,420
11/18/2020,PDX,OR,ANM,WE,Towers with Radar,319,69,21,20,429,0,14,2,4,20,319,83,23,24,449,0,0,0,449
11/19/2020,PDX,OR,ANM,WE,Towers with Radar,349,72,28,16,465,0,21,6,4,31,349,93,34,20,496,6,0,6,502
11/20/2020,PDX,OR,ANM,WE,Towers with Radar,340,59,34,5,438,0,15,6,0,21,340,74,40,5,459,0,0,0,459
11/21/2020,PDX,OR,ANM,WE,Towers with Radar,322,41,24,0,387,0,1,0,0,1,322,42,24,0,388,0,0,0,388
11/22/2020,PDX,OR,ANM,WE,Towers with Radar,326,27,17,0,370,0,1,2,0,3,326,28,19,0,373,0,0,0,373
11/23/2020,PDX,OR,ANM,WE,Towers with Radar,327,52,22,16,417,0,16,4,0,20,327,68,26,16,437,0,0,0,437
11/24/2020,PDX,OR,ANM,WE,Towers with Radar,379,81,15,14,489,0,1,13,0,14,379,82,28,14,503,14,0,14,517
11/25/2020,PDX,OR,ANM,WE,Towers with Radar,362,64,18,8,452,0,13,8,0,21,362,77,26,8,473,0,0,0,473
11/26/2020,PDX,OR,ANM,WE,Towers with Radar,219,9,6,0,234,0,0,4,0,4,219,9,10,0,238,6,0,6,244
11/27/2020,PDX,OR,ANM,WE,Towers with Radar,304,64,17,0,385,0,14,5,0,19,304,78,22,0,404,0,0,0,404
11/28/2020,PDX,OR,ANM,WE,Towers with Radar,337,36,25,0,398,0,0,0,0,0,337,36,25,0,398,0,0,0,398
11/29/2020,PDX,OR,ANM,WE,Towers with Radar,348,28,23,0,399,0,3,5,0,8,348,31,28,0,407,0,0,0,407
11/30/2020,PDX,OR,ANM,WE,Towers with Radar,345,57,25,21,448,0,17,4,0,21,345,74,29,21,469,4,0,4,473
12/01/2020,PDX,OR,ANM,WE,Towers with Radar,354,65,19,5,443,0,17,6,0,23,354,82,25,5,466,0,0,0,466
12/02/2020,PDX,OR,ANM,WE,Towers with Radar,318,64,19,13,414,0,22,13,0,35,318,86,32,13,449,8,0,8,457
12/03/2020,PDX,OR,ANM,WE,Towers with Radar,348,67,18,4,437,0,26,25,0,51,348,93,43,4,488,16,0,16,504
12/04/2020,PDX,OR,ANM,WE,Towers with Radar,316,57,15,12,400,0,20,11,0,31,316,77,26,12,431,0,0,0,431
12/05/2020,PDX,OR,ANM,WE,Towers with Radar,282,28,8,15,333,0,4,35,2,41,282,32,43,17,374,20,0,20,394
12/06/2020,PDX,OR,ANM,WE,Towers with Radar,307,22,16,2,347,0,0,0,0,0,307,22,16,2,347,0,0,0,347
12/07/2020,PDX,OR,ANM,WE,Towers with Radar,314,46,25,0,385,0,18,8,0,26,314,64,33,0,411,0,0,0,411
12/08/2020,PDX,OR,ANM,WE,Towers with Radar,321,66,19,15,421,0,20,16,0,36,321,86,35,15,457,2,0,2,459
12/09/2020,PDX,OR,ANM,WE,Towers with Radar,317,64,39,8,428,0,18,10,1,29,317,82,49,9,457,0,0,0,457
12/10/2020,PDX,OR,ANM,WE,Towers with Radar,346,81,26,19,472,0,0,4,0,4,346,81,30,19,476,0,0,0,476
12/11/2020,PDX,OR,ANM,WE,Towers with Radar,335,75,20,2,432,0,0,2,0,2,335,75,22,2,434,0,0,0,434
12/12/2020,PDX,OR,ANM,WE,Towers with Radar,280,32,10,0,322,0,7,7,0,14,280,39,17,0,336,0,0,0,336
12/13/2020,PDX,OR,ANM,WE,Towers with Radar,302,29,17,0,348,0,0,0,0,0,302,29,17,0,348,0,0,0,348
12/14/2020,PDX,OR,ANM,WE,Towers with Radar,308,64,31,17,420,0,16,3,0,19,308,80,34,17,439,2,0,2,441
12/15/2020,PDX,OR,ANM,WE,Towers with Radar,329,76,16,18,439,0,11,2,0,13,329,87,18,18,452,0,0,0,452
12/16/2020,PDX,OR,ANM,WE,Towers with Radar,348,81,17,18,464,0,4,1,0,5,348,85,18,18,469,0,0,0,469
12/17/2020,PDX,OR,ANM,WE,Towers with Radar,387,65,24,18,494,0,20,4,0,24,387,85,28,18,518,4,0,4,522
12/18/2020,PDX,OR,ANM,WE,Towers with Radar,387,76,27,6,496,0,17,37,0,54,387,93,64,6,550,22,0,22,572
12/19/2020,PDX,OR,ANM,WE,Towers with Radar,382,44,16,0,442,0,5,1,0,6,382,49,17,0,448,0,0,0,448
12/20/2020,PDX,OR,ANM,WE,Towers with Radar,362,22,13,0,397,0,0,0,0,0,362,22,13,0,397,0,0,0,397
12/21/2020,PDX,OR,ANM,WE,Towers with Radar,384,67,25,16,492,0,2,0,0,2,384,69,25,16,494,0,0,0,494
12/22/2020,PDX,OR,ANM,WE,Towers with Radar,395,67,26,7,495,0,18,10,1,29,395,85,36,8,524,8,0,8,532
12/23/2020,PDX,OR,ANM,WE,Towers with Radar,407,75,20,8,510,0,18,19,0,37,407,93,39,8,547,4,0,4,551
12/24/2020,PDX,OR,ANM,WE,Towers with Radar,307,60,16,0,383,0,28,5,0,33,307,88,21,0,416,0,0,0,416
12/25/2020,PDX,OR,ANM,WE,Towers with Radar,233,15,9,0,257,0,0,0,0,0,233,15,9,0,257,0,0,0,257
12/26/2020,PDX,OR,ANM,WE,Towers with Radar,317,39,17,0,373,0,4,6,0,10,317,43,23,0,383,10,0,10,393
12/27/2020,PDX,OR,ANM,WE,Towers with Radar,341,24,27,0,392,0,2,17,0,19,341,26,44,0,411,6,0,6,417
12/28/2020,PDX,OR,ANM,WE,Towers with Radar,333,43,9,0,385,0,22,7,0,29,333,65,16,0,414,6,0,6,420
12/29/2020,PDX,OR,ANM,WE,Towers with Radar,362,62,13,10,447,0,17,3,0,20,362,79,16,10,467,0,0,0,467
12/30/2020,PDX,OR,ANM,WE,Towers with Radar,356,84,12,6,458,0,0,0,0,0,356,84,12,6,458,0,0,0,458
12/31/2020,PDX,OR,ANM,WE,Towers with Radar,285,72,17,8,382,0,10,3,0,13,285,82,20,8,395,2,0,2,397
01/01/2021,PDX,OR,ANM,WE,Towers with Radar,247,14,13,0,274,0,0,2,0,2,247,14,15,0,276,0,0,0,276
01/02/2021,PDX,OR,ANM,WE,Towers with Radar,330,38,17,0,385,0,0,1,0,1,330,38,18,0,386,2,0,2,388
01/03/2021,PDX,OR,ANM,WE,Towers with Radar,343,25,24,0,392,0,0,2,0,2,343,25,26,0,394,0,0,0,394
01/04/2021,PDX,OR,ANM,WE,Towers with Radar,335,51,11,15,412,0,15,1,4,20,335,66,12,19,432,0,0,0,432
01/05/2021,PDX,OR,ANM,WE,Towers with Radar,302,59,13,14,388,0,19,2,1,22,302,78,15,15,410,0,0,0,410
01/06/2021,PDX,OR,ANM,WE,Towers with Radar,298,72,21,18,409,0,0,6,0,6,298,72,27,18,415,0,0,0,415
01/07/2021,PDX,OR,ANM,WE,Towers with Radar,316,55,17,15,403,0,19,19,0,38,316,74,36,15,441,16,0,16,457
01/08/2021,PDX,OR,ANM,WE,Towers with Radar,288,64,15,15,382,0,14,4,0,18,288,78,19,15,400,4,0,4,404
01/09/2021,PDX,OR,ANM,WE,Towers with Radar,260,29,12,10,311,0,6,16,2,24,260,35,28,12,335,6,0,6,341
01/10/2021,PDX,OR,ANM,WE,Towers with Radar,276,16,25,0,317,0,0,0,0,0,276,16,25,0,317,0,0,0,317
01/11/2021,PDX,OR,ANM,WE,Towers with Radar,279,47,19,2,347,0,15,0,0,15,279,62,19,2,362,2,0,2,364
01/12/2021,PDX,OR,ANM,WE,Towers with Radar,295,74,11,16,396,0,0,0,0,0,295,74,11,16,396,0,0,0,396
01/13/2021,PDX,OR,ANM,WE,Towers with Radar,292,60,26,21,399,0,20,42,0,62,292,80,68,21,461,10,0,10,471
01/14/2021,PDX,OR,ANM,WE,Towers with Radar,315,63,26,22,426,0,22,12,0,34,315,85,38,22,460,2,0,2,462
01/15/2021,PDX,OR,ANM,WE,Towers with Radar,291,69,24,8,392,0,0,0,0,0,291,69,24,8,392,0,0,0,392
01/16/2021,PDX,OR,ANM,WE,Towers with Radar,251,35,3,0,289,0,3,8,0,11,251,38,11,0,300,0,0,0,300
01/17/2021,PDX,OR,ANM,WE,Towers with Radar,262,27,13,0,302,0,0,6,0,6,262,27,19,0,308,0,0,0,308
01/18/2021,PDX,OR,ANM,WE,Towers with Radar,280,49,22,0,351,0,14,14,0,28,280,63,36,0,379,34,0,34,413
01/19/2021,PDX,OR,ANM,WE,Towers with Radar,307,49,17,10,383,0,15,13,0,28,307,64,30,10,411,12,0,12,423
01/20/2021,PDX,OR,ANM,WE,Towers with Radar,283,53,24,18,378,0,13,17,0,30,283,66,41,18,408,8,0,8,416
01/21/2021,PDX,OR,ANM,WE,Towers with Radar,318,58,26,12,414,0,14,1,0,15,318,72,27,12,429,0,0,0,429
01/22/2021,PDX,OR,ANM,WE,Towers with Radar,291,53,15,7,366,0,12,27,2,41,291,65,42,9,407,28,0,28,435
01/23/2021,PDX,OR,ANM,WE,Towers with Radar,252,37,10,0,299,0,5,41,0,46,252,42,51,0,345,38,0,38,383
01/24/2021,PDX,OR,ANM,WE,Towers with Radar,273,26,23,0,322,0,0,0,0,0,273,26,23,0,322,0,0,0,322
01/25/2021,PDX,OR,ANM,WE,Towers with Radar,281,60,32,0,373,0,2,1,0,3,281,62,33,0,376,0,0,0,376
01/26/2021,PDX,OR,ANM,WE,Towers with Radar,290,62,16,15,383,0,2,3,0,5,290,64,19,15,388,0,0,0,388
01/27/2021,PDX,OR,ANM,WE,Towers with Radar,287,55,23,19,384,0,15,0,0,15,287,70,23,19,399,0,0,0,399
01/28/2021,PDX,OR,ANM,WE,Towers with Radar,320,46,22,22,410,0,15,16,0,31,320,61,38,22,441,44,0,44,485
01/29/2021,PDX,OR,ANM,WE,Towers with Radar,299,62,18,15,394,0,11,8,0,19,299,73,26,15,413,0,0,0,413
01/30/2021,PDX,OR,ANM,WE,Towers with Radar,256,30,9,0,295,0,2,2,0,4,256,32,11,0,299,2,0,2,301
01/31/2021,PDX,OR,ANM,WE,Towers with Radar,272,32,10,0,314,0,1,5,0,6,272,33,15,0,320,22,0,22,342
02/01/2021,PDX,OR,ANM,WE,Towers with Radar,287,50,21,18,376,0,7,0,0,7,287,57,21,18,383,0,0,0,383
02/02/2021,PDX,OR,ANM,WE,Towers with Radar,292,46,21,9,368,0,15,1,0,16,292,61,22,9,384,0,0,0,384
02/03/2021,PDX,OR,ANM,WE,Towers with Radar,293,60,17,20,390,0,13,5,1,19,293,73,22,21,409,2,0,2,411
02/04/2021,PDX,OR,ANM,WE,Towers with Radar,320,69,19,12,420,0,0,2,0,2,320,69,21,12,422,0,0,0,422
02/05/2021,PDX,OR,ANM,WE,Towers with Radar,304,53,21,13,391,0,3,2,1,6,304,56,23,14,397,0,0,0,397
02/06/2021,PDX,OR,ANM,WE,Towers with Radar,278,41,19,0,338,0,2,3,0,5,278,43,22,0,343,0,0,0,343
02/07/2021,PDX,OR,ANM,WE,Towers with Radar,281,24,13,2,320,0,1,5,0,6,281,25,18,2,326,0,0,0,326
02/08/2021,PDX,OR,ANM,WE,Towers with Radar,287,50,33,0,370,0,17,25,0,42,287,67,58,0,412,24,0,24,436
02/09/2021,PDX,OR,ANM,WE,Towers with Radar,291,51,20,7,369,0,20,22,1,43,291,71,42,8,412,12,0,12,424
02/10/2021,PDX,OR,ANM,WE,Towers with Radar,295,50,12,15,372,0,15,22,0,37,295,65,34,15,409,14,0,14,423
02/11/2021,PDX,OR,ANM,WE,Towers with Radar,274,71,11,10,366,0,1,0,0,1,274,72,11,10,367,0,0,0,367
02/12/2021,PDX,OR,ANM,WE,Towers with Radar,225,53,17,0,295,0,0,0,0,0,225,53,17,0,295,0,0,0,295
02/13/2021,PDX,OR,ANM,WE,Towers with Radar,63,6,11,0,80,0,0,0,0,0,63,6,11,0,80,0,0,0,80
02/14/2021,PDX,OR,ANM,WE,Towers with Radar,108,9,4,0,121,0,0,0,0,0,108,9,4,0,121,0,0,0,121
02/15/2021,PDX,OR,ANM,WE,Towers with Radar,210,40,29,0,279,0,6,0,0,6,210,46,29,0,285,0,0,0,285
02/16/2021,PDX,OR,ANM,WE,Towers with Radar,268,57,28,5,358,0,15,5,1,21,268,72,33,6,379,0,0,0,379
02/17/2021,PDX,OR,ANM,WE,Towers with Radar,271,57,35,22,385,0,14,9,4,27,271,71,44,26,412,4,0,4,416
02/18/2021,PDX,OR,ANM,WE,Towers with Radar,298,73,21,17,409,0,0,3,0,3,298,73,24,17,412,0,0,0,412
02/19/2021,PDX,OR,ANM,WE,Towers with Radar,294,56,18,12,380,0,13,1,0,14,294,69,19,12,394,0,0,0,394
02/20/2021,PDX,OR,ANM,WE,Towers with Radar,248,37,4,2,291,0,6,5,0,11,248,43,9,2,302,0,0,0,302
02/21/2021,PDX,OR,ANM,WE,Towers with Radar,276,19,20,0,315,0,2,0,0,2,276,21,20,0,317,8,0,8,325
02/22/2021,PDX,OR,ANM,WE,Towers with Radar,274,58,13,0,345,0,2,1,0,3,274,60,14,0,348,0,0,0,348
02/23/2021,PDX,OR,ANM,WE,Towers with Radar,283,56,16,14,369,0,13,10,1,24,283,69,26,15,393,12,0,12,405
02/24/2021,PDX,OR,ANM,WE,Towers with Radar,280,61,26,18,385,0,16,16,1,33,280,77,42,19,418,0,0,0,418
02/25/2021,PDX,OR,ANM,WE,Towers with Radar,305,71,14,12,402,0,1,4,0,5,305,72,18,12,407,0,0,0,407
02/26/2021,PDX,OR,ANM,WE,Towers with Radar,292,55,21,13,381,0,13,3,0,16,292,68,24,13,397,0,0,0,397
02/27/2021,PDX,OR,ANM,WE,Towers with Radar,254,34,20,0,308,0,8,10,0,18,254,42,30,0,326,0,0,0,326
02/28/2021,PDX,OR,ANM,WE,Towers with Radar,270,33,21,0,324,0,1,11,0,12,270,34,32,0,336,2,0,2,338
03/01/2021,PDX,OR,ANM,WE,Towers with Radar,278,48,23,8,357,0,18,19,0,37,278,66,42,8,394,18,0,18,412
03/02/2021,PDX,OR,ANM,WE,Towers with Radar,284,63,32,20,399,0,17,14,1,32,284,80,46,21,431,14,0,14,445
03/03/2021,PDX,OR,ANM,WE,Towers with Radar,292,55,24,11,382,0,19,16,0,35,292,74,40,11,417,6,0,6,423
03/04/2021,PDX,OR,ANM,WE,Towers with Radar,320,69,42,5,436,0,13,12,0,25,320,82,54,5,461,0,0,0,461
03/05/2021,PDX,OR,ANM,WE,Towers with Radar,303,71,20,28,422,0,1,4,0,5,303,72,24,28,427,0,0,0,427
03/06/2021,PDX,OR,ANM,WE,Towers with Radar,261,41,16,27,345,0,3,9,0,12,261,44,25,27,357,0,0,0,357
03/07/2021,PDX,OR,ANM,WE,Towers with Radar,288,27,10,0,325,0,0,1,4,5,288,27,11,4,330,0,0,0,330
03/08/2021,PDX,OR,ANM,WE,Towers with Radar,295,48,18,0,361,0,15,16,1,32,295,63,34,1,393,0,0,0,393
03/09/2021,PDX,OR,ANM,WE,Towers with Radar,296,69,26,13,404,0,14,9,3,26,296,83,35,16,430,0,0,0,430
03/10/2021,PDX,OR,ANM,WE,Towers with Radar,294,71,21,19,405,0,14,4,0,18,294,85,25,19,423,0,0,0,423
03/11/2021,PDX,OR,ANM,WE,Towers with Radar,327,59,21,9,416,0,16,24,0,40,327,75,45,9,456,2,0,2,458
03/12/2021,PDX,OR,ANM,WE,Towers with Radar,313,45,23,8,389,0,19,23,1,43,313,64,46,9,432,14,0,14,446
03/13/2021,PDX,OR,ANM,WE,Towers with Radar,275,33,11,2,321,0,6,20,0,26,275,39,31,2,347,12,0,12,359
03/14/2021,PDX,OR,ANM,WE,Towers with Radar,279,29,10,3,321,0,0,3,0,3,279,29,13,3,324,0,0,0,324
03/15/2021,PDX,OR,ANM,WE,Towers with Radar,291,56,26,15,388,0,9,9,0,18,291,65,35,15,406,0,0,0,406
03/16/2021,PDX,OR,ANM,WE,Towers with Radar,305,56,13,14,388,0,14,34,1,49,305,70,47,15,437,18,0,18,455
03/17/2021,PDX,OR,ANM,WE,Towers with Radar,303,54,27,14,398,0,16,21,0,37,303,70,48,14,435,20,0,20,455
03/18/2021,PDX,OR,ANM,WE,Towers with Radar,345,67,30,16,458,0,12,10,0,22,345,79,40,16,480,0,0,0,480
03/19/2021,PDX,OR,ANM,WE,Towers with Radar,340,54,29,9,432,0,11,5,0,16,340,65,34,9,448,0,0,0,448
03/20/2021,PDX,OR,ANM,WE,Towers with Radar,314,44,23,0,381,0,2,4,0,6,314,46,27,0,387,0,0,0,387
03/21/2021,PDX,OR,ANM,WE,Towers with Radar,311,25,16,0,352,0,3,8,0,11,311,28,24,0,363,2,0,2,365
03/22/2021,PDX,OR,ANM,WE,Towers with Radar,323,50,15,0,388,0,16,5,0,21,323,66,20,0,409,0,0,0,409
03/23/2021,PDX,OR,ANM,WE,Towers with Radar,322,53,23,10,408,0,15,8,0,23,322,68,31,10,431,0,0,0,431
03/24/2021,PDX,OR,ANM,WE,Towers with Radar,334,69,15,12,430,0,3,4,0,7,334,72,19,12,437,4,0,4,441
03/25/2021,PDX,OR,ANM,WE,Towers with Radar,354,53,32,7,446,0,16,22,0,38,354,69,54,7,484,16,0,16,500
03/26/2021,PDX,OR,ANM,WE,Towers with Radar,332,68,24,0,424,0,16,11,0,27,332,84,35,0,451,0,0,0,451
03/27/2021,PDX,OR,ANM,WE,Towers with Radar,312,40,8,0,360,0,6,11,0,17,312,46,19,0,377,2,0,2,379
03/28/2021,PDX,OR,ANM,WE,Towers with Radar,327,27,18,1,373,0,0,4,0,4,327,27,22,1,377,0,0,0,377
03/29/2021,PDX,OR,ANM,WE,Towers with Radar,321,44,27,15,407,0,18,4,3,25,321,62,31,18,432,0,0,0,432
03/30/2021,PDX,OR,ANM,WE,Towers with Radar,337,56,17,14,424,0,18,30,0,48,337,74,47,14,472,60,0,60,532
03/31/2021,PDX,OR,ANM,WE,Towers with Radar,336,56,16,13,421,0,19,22,0,41,336,75,38,13,462,0,4,4,466
04/01/2021,PDX,OR,ANM,WE,Towers with Radar,352,68,26,9,455,0,17,28,1,46,352,85,54,10,501,8,0,8,509
04/02/2021,PDX,OR,ANM,WE,Towers with Radar,349,65,18,10,442,0,16,28,2,46,349,81,46,12,488,16,0,16,504
04/03/2021,PDX,OR,ANM,WE,Towers with Radar,303,30,11,0,344,0,4,8,0,12,303,34,19,0,356,0,0,0,356
04/04/2021,PDX,OR,ANM,WE,Towers with Radar,316,25,18,0,359,0,2,3,0,5,316,27,21,0,364,0,0,0,364
04/05/2021,PDX,OR,ANM,WE,Towers with Radar,327,49,18,1,395,0,14,17,0,31,327,63,35,1,426,2,0,2,428
04/06/2021,PDX,OR,ANM,WE,Towers with Radar,329,55,19,12,415,0,20,14,0,34,329,75,33,12,449,2,0,2,451
04/07/2021,PDX,OR,ANM,WE,Towers with Radar,332,51,26,23,432,0,15,1,0,16,332,66,27,23,448,0,0,0,448
04/08/2021,PDX,OR,ANM,WE,Towers with Radar,353,62,15,2,432,0,16,12,0,28,353,78,27,2,460,2,0,2,462
04/09/2021,PDX,OR,ANM,WE,Towers with Radar,346,49,17,4,416,0,16,18,0,34,346,65,35,4,450,0,0,0,450
04/10/2021,PDX,OR,ANM,WE,Towers with Radar,305,42,8,7,362,0,5,10,0,15,305,47,18,7,377,0,0,0,377
04/11/2021,PDX,OR,ANM,WE,Towers with Radar,322,24,19,1,366,0,2,13,3,18,322,26,32,4,384,0,0,0,384
04/12/2021,PDX,OR,ANM,WE,Towers with Radar,323,48,18,0,389,0,19,9,0,28,323,67,27,0,417,0,0,0,417
04/13/2021,PDX,OR,ANM,WE,Towers with Radar,324,53,12,0,389,0,17,19,0,36,324,70,31,0,425,0,0,0,425
04/14/2021,PDX,OR,ANM,WE,Towers with Radar,328,59,17,1,405,0,18,48,0,66,328,77,65,1,471,28,0,28,499
04/15/2021,PDX,OR,ANM,WE,Towers with Radar,361,44,25,2,432,0,16,20,0,36,361,60,45,2,468,4,0,4,472
04/16/2021,PDX,OR,ANM,WE,Towers with Radar,335,39,19,0,393,0,18,19,0,37,335,57,38,0,430,24,0,24,454
04/17/2021,PDX,OR,ANM,WE,Towers with Radar,308,22,5,1,336,0,6,55,0,61,308,28,60,1,397,34,0,34,431
04/18/2021,PDX,OR,ANM,WE,Towers with Radar,323,20,10,0,353,0,2,11,0,13,323,22,21,0,366,4,0,4,370
04/19/2021,PDX,OR,ANM,WE,Towers with Radar,322,52,14,1,389,0,15,18,0,33,322,67,32,1,422,0,0,0,422
04/20/2021,PDX,OR,ANM,WE,Towers with Radar,340,56,17,0,413,0,24,20,1,45,340,80,37,1,458,8,0,8,466
04/21/2021,PDX,OR,ANM,WE,Towers with Radar,333,52,24,0,409,0,21,24,0,45,333,73,48,0,454,2,0,2,456
04/22/2021,PDX,OR,ANM,WE,Towers with Radar,358,58,31,0,447,0,17,21,1,39,358,75,52,1,486,16,0,16,502
04/23/2021,PDX,OR,ANM,WE,Towers with Radar,340,53,13,3,409,0,20,20,0,40,340,73,33,3,449,8,0,8,457
04/24/2021,PDX,OR,ANM,WE,Towers with Radar,311,36,11,1,359,0,1,1,0,2,311,37,12,1,361,22,0,22,383
04/25/2021,PDX,OR,ANM,WE,Towers with Radar,326,27,17,4,374,0,0,25,0,25,326,27,42,4,399,44,0,44,443
04/26/2021,PDX,OR,ANM,WE,Towers with Radar,333,52,23,1,409,0,13,10,0,23,333,65,33,1,432,6,0,6,438
04/27/2021,PDX,OR,ANM,WE,Towers with Radar,331,65,18,9,423,0,17,28,0,45,331,82,46,9,468,14,0,14,482
04/28/2021,PDX,OR,ANM,WE,Towers with Radar,336,56,15,14,421,0,18,26,0,44,336,74,41,14,465,10,0,10,475
04/29/2021,PDX,OR,ANM,WE,Towers with Radar,348,58,28,11,445,0,18,21,1,40,348,76,49,12,485,14,0,14,499
04/30/2021,PDX,OR,ANM,WE,Towers with Radar,338,59,36,12,445,0,21,13,1,35,338,80,49,13,480,0,0,0,480
05/01/2021,PDX,OR,ANM,WE,Towers with Radar,307,33,14,17,371,0,5,15,1,21,307,38,29,18,392,0,0,0,392
05/02/2021,PDX,OR,ANM,WE,Towers with Radar,317,28,24,0,369,0,0,15,0,15,317,28,39,0,384,4,0,4,388
05/03/2021,PDX,OR,ANM,WE,Towers with Radar,320,59,25,0,404,0,6,6,0,12,320,65,31,0,416,0,0,0,416
05/04/2021,PDX,OR,ANM,WE,Towers with Radar,321,50,17,9,397,0,18,76,0,94,321,68,93,9,491,43,0,43,534
05/05/2021,PDX,OR,ANM,WE,Towers with Radar,338,43,28,12,421,1,20,29,1,51,339,63,57,13,472,18,0,18,490
05/06/2021,PDX,OR,ANM,WE,Towers with Radar,367,53,35,13,468,0,22,20,0,42,367,75,55,13,510,0,0,0,510
05/07/2021,PDX,OR,ANM,WE,Towers with Radar,351,57,23,6,437,0,18,25,0,43,351,75,48,6,480,22,0,22,502
05/08/2021,PDX,OR,ANM,WE,Towers with Radar,330,37,10,0,377,0,4,10,1,15,330,41,20,1,392,0,0,0,392
05/09/2021,PDX,OR,ANM,WE,Towers with Radar,346,30,20,2,398,0,2,11,0,13,346,32,31,2,411,2,0,2,413
05/10/2021,PDX,OR,ANM,WE,Towers with Radar,342,36,36,14,428,0,20,14,0,34,342,56,50,14,462,0,0,0,462
05/11/2021,PDX,OR,ANM,WE,Towers with Radar,350,56,30,8,444,0,21,33,2,56,350,77,63,10,500,4,0,4,504
05/12/2021,PDX,OR,ANM,WE,Towers with Radar,345,47,33,17,442,0,26,22,1,49,345,73,55,18,491,26,0,26,517
05/13/2021,PDX,OR,ANM,WE,Towers with Radar,369,64,42,13,488,0,27,60,2,89,369,91,102,15,577,4,0,4,581
05/14/2021,PDX,OR,ANM,WE,Towers with Radar,360,64,24,9,457,0,22,18,0,40,360,86,42,9,497,2,0,2,499
05/15/2021,PDX,OR,ANM,WE,Towers with Radar,330,31,10,0,371,0,6,15,0,21,330,37,25,0,392,8,0,8,400
05/16/2021,PDX,OR,ANM,WE,Towers with Radar,343,37,30,0,410,0,0,29,0,29,343,37,59,0,439,6,0,6,445
05/17/2021,PDX,OR,ANM,WE,Towers with Radar,342,56,36,0,434,0,14,23,0,37,342,70,59,0,471,4,0,4,475
05/18/2021,PDX,OR,ANM,WE,Towers with Radar,354,63,24,11,452,0,16,6,0,22,354,79,30,11,474,0,0,0,474
05/19/2021,PDX,OR,ANM,WE,Towers with Radar,345,65,33,17,460,0,17,5,1,23,345,82,38,18,483,0,0,0,483
05/20/2021,PDX,OR,ANM,WE,Towers with Radar,387,65,30,16,498,0,6,49,0,55,387,71,79,16,553,8,0,8,561
05/21/2021,PDX,OR,ANM,WE,Towers with Radar,376,48,26,5,455,0,12,11,0,23,376,60,37,5,478,0,0,0,478
05/22/2021,PDX,OR,ANM,WE,Towers with Radar,331,39,19,1,390,0,2,12,0,14,331,41,31,1,404,20,0,20,424
05/23/2021,PDX,OR,ANM,WE,Towers with Radar,349,31,20,1,401,0,2,19,0,21,349,33,39,1,422,56,0,56,478
05/24/2021,PDX,OR,ANM,WE,Towers with Radar,360,65,26,1,452,0,0,6,0,6,360,65,32,1,458,14,0,14,472
05/25/2021,PDX,OR,ANM,WE,Towers with Radar,365,60,23,20,468,0,16,13,1,30,365,76,36,21,498,30,0,30,528
05/26/2021,PDX,OR,ANM,WE,Towers with Radar,357,69,24,9,459,0,19,25,1,45,357,88,49,10,504,26,0,26,530
05/27/2021,PDX,OR,ANM,WE,Towers with Radar,375,62,49,14,500,0,21,12,0,33,375,83,61,14,533,12,0,12,545
05/28/2021,PDX,OR,ANM,WE,Towers with Radar,382,50,25,12,469,0,14,26,2,42,382,64,51,14,511,10,0,10,521
05/29/2021,PDX,OR,ANM,WE,Towers with Radar,335,40,6,0,381,0,6,58,0,64,335,46,64,0,445,50,0,50,495
05/30/2021,PDX,OR,ANM,WE,Towers with Radar,340,20,16,0,376,0,1,40,3,44,340,21,56,3,420,30,0,30,450
05/31/2021,PDX,OR,ANM,WE,Towers with Radar,355,23,18,0,396,0,0,63,0,63,355,23,81,0,459,31,0,31,490
06/01/2021,PDX,OR,ANM,WE,Towers with Radar,338,51,22,9,420,0,16,23,1,40,338,67,45,10,460,20,0,20,480
06/02/2021,PDX,OR,ANM,WE,Towers with Radar,367,56,15,9,447,0,19,19,0,38,367,75,34,9,485,18,0,18,503
06/03/2021,PDX,OR,ANM,WE,Towers with Radar,397,77,29,19,522,0,19,11,2,32,397,96,40,21,554,18,0,18,572
06/04/2021,PDX,OR,ANM,WE,Towers with Radar,390,54,23,13,480,0,19,15,2,36,390,73,38,15,516,24,0,24,540
06/05/2021,PDX,OR,ANM,WE,Towers with Radar,350,42,13,10,415,0,6,2,0,8,350,48,15,10,423,0,0,0,423
06/06/2021,PDX,OR,ANM,WE,Towers with Radar,362,41,17,0,420,0,1,7,0,8,362,42,24,0,428,2,0,2,430
06/07/2021,PDX,OR,ANM,WE,Towers with Radar,381,53,20,0,454,0,15,14,3,32,381,68,34,3,486,0,0,0,486
06/08/2021,PDX,OR,ANM,WE,Towers with Radar,392,61,24,6,483,0,15,42,4,61,392,76,66,10,544,32,0,32,576
06/09/2021,PDX,OR,ANM,WE,Towers with Radar,399,56,47,5,507,0,15,31,0,46,399,71,78,5,553,6,0,6,559
06/10/2021,PDX,OR,ANM,WE,Towers with Radar,397,59,30,4,490,0,15,12,0,27,397,74,42,4,517,42,0,42,559
06/11/2021,PDX,OR,ANM,WE,Towers with Radar,408,47,33,6,494,0,14,18,0,32,408,61,51,6,526,4,0,4,530
06/12/2021,PDX,OR,ANM,WE,Towers with Radar,355,27,14,0,396,0,8,50,0,58,355,35,64,0,454,10,0,10,464
06/13/2021,PDX,OR,ANM,WE,Towers with Radar,365,17,17,0,399,0,0,1,0,1,365,17,18,0,400,0,0,0,400
06/14/2021,PDX,OR,ANM,WE,Towers with Radar,388,52,33,11,484,0,15,6,0,21,388,67,39,11,505,6,0,6,511
06/15/2021,PDX,OR,ANM,WE,Towers with Radar,398,50,25,4,477,0,21,14,2,37,398,71,39,6,514,0,0,0,514
06/16/2021,PDX,OR,ANM,WE,Towers with Radar,395,47,30,13,485,0,17,14,1,32,395,64,44,14,517,6,0,6,523
06/17/2021,PDX,OR,ANM,WE,Towers with Radar,406,61,29,7,503,0,17,33,1,51,406,78,62,8,554,2,0,2,556
06/18/2021,PDX,OR,ANM,WE,Towers with Radar,417,63,20,1,501,0,16,17,0,33,417,79,37,1,534,12,0,12,546
06/19/2021,PDX,OR,ANM,WE,Towers with Radar,371,29,16,0,416,0,6,17,0,23,371,35,33,0,439,2,0,2,441
06/20/2021,PDX,OR,ANM,WE,Towers with Radar,387,29,21,1,438,0,2,18,0,20,387,31,39,1,458,16,0,16,474
06/21/2021,PDX,OR,ANM,WE,Towers with Radar,386,47,31,1,465,0,19,17,2,38,386,66,48,3,503,20,0,20,523
06/22/2021,PDX,OR,ANM,WE,Towers with Radar,407,56,22,10,495,0,24,4,0,28,407,80,26,10,523,2,10,12,535
06/23/2021,PDX,OR,ANM,WE,Towers with Radar,414,56,27,5,502,0,19,21,1,41,414,75,48,6,543,8,0,8,551
06/24/2021,PDX,OR,ANM,WE,Towers with Radar,406,56,35,10,507,0,19,19,0,38,406,75,54,10,545,60,0,60,605
06/25/2021,PDX,OR,ANM,WE,Towers with Radar,408,57,24,8,497,0,21,37,0,58,408,78,61,8,555,16,0,16,571
06/26/2021,PDX,OR,ANM,WE,Towers with Radar,377,35,7,5,424,0,3,13,0,16,377,38,20,5,440,24,0,24,464
06/27/2021,PDX,OR,ANM,WE,Towers with Radar,382,23,12,2,419,0,7,8,1,16,382,30,20,3,435,0,0,0,435
06/28/2021,PDX,OR,ANM,WE,Towers with Radar,396,51,20,0,467,0,23,12,0,35,396,74,32,0,502,0,0,0,502
06/29/2021,PDX,OR,ANM,WE,Towers with Radar,404,58,23,6,491,0,19,15,1,35,404,77,38,7,526,30,0,30,556
06/30/2021,PDX,OR,ANM,WE,Towers with Radar,409,65,31,17,522,0,16,7,2,25,409,81,38,19,547,28,0,28,575
07/01/2021,PDX,OR,ANM,WE,Towers with Radar,416,59,25,9,509,0,14,57,0,71,416,73,82,9,580,0,0,0,580
07/02/2021,PDX,OR,ANM,WE,Towers with Radar,419,49,35,11,514,0,13,24,1,38,419,62,59,12,552,24,0,24,576
07/03/2021,PDX,OR,ANM,WE,Towers with Radar,386,29,15,0,430,0,3,37,0,40,386,32,52,0,470,34,0,34,504
07/04/2021,PDX,OR,ANM,WE,Towers with Radar,356,19,5,0,380,0,1,19,4,24,356,20,24,4,404,0,0,0,404
07/05/2021,PDX,OR,ANM,WE,Towers with Radar,377,21,26,0,424,0,0,8,2,10,377,21,34,2,434,0,0,0,434
07/06/2021,PDX,OR,ANM,WE,Towers with Radar,398,55,14,10,477,0,15,14,3,32,398,70,28,13,509,5,0,5,514
07/07/2021,PDX,OR,ANM,WE,Towers with Radar,417,55,31,16,519,0,16,15,1,32,417,71,46,17,551,10,0,10,561
07/08/2021,PDX,OR,ANM,WE,Towers with Radar,421,51,34,14,520,0,14,18,0,32,421,65,52,14,552,40,0,40,592
07/09/2021,PDX,OR,ANM,WE,Towers with Radar,422,48,25,6,501,0,15,21,3,39,422,63,46,9,540,18,0,18,558
07/10/2021,PDX,OR,ANM,WE,Towers with Radar,384,30,10,1,425,0,6,38,0,44,384,36,48,1,469,0,0,0,469
07/11/2021,PDX,OR,ANM,WE,Towers with Radar,386,19,24,1,430,0,3,23,0,26,386,22,47,1,456,16,0,16,472
07/12/2021,PDX,OR,ANM,WE,Towers with Radar,414,42,32,0,488,0,17,16,0,33,414,59,48,0,521,38,0,38,559
07/13/2021,PDX,OR,ANM,WE,Towers with Radar,413,60,32,11,516,0,15,17,0,32,413,75,49,11,548,2,0,2,550
07/14/2021,PDX,OR,ANM,WE,Towers with Radar,409,55,35,19,518,0,18,17,0,35,409,73,52,19,553,0,0,0,553
07/15/2021,PDX,OR,ANM,WE,Towers with Radar,416,48,24,18,506,0,20,10,3,33,416,68,34,21,539,0,0,0,539
07/16/2021,PDX,OR,ANM,WE,Towers with Radar,423,56,37,19,535,0,13,13,0,26,423,69,50,19,561,30,0,30,591
07/17/2021,PDX,OR,ANM,WE,Towers with Radar,372,34,16,0,422,0,6,14,1,21,372,40,30,1,443,16,0,16,459
07/18/2021,PDX,OR,ANM,WE,Towers with Radar,398,30,24,0,452,0,3,20,0,23,398,33,44,0,475,0,0,0,475
07/19/2021,PDX,OR,ANM,WE,Towers with Radar,408,61,23,20,512,0,15,21,2,38,408,76,44,22,550,12,0,12,562
07/20/2021,PDX,OR,ANM,WE,Towers with Radar,413,51,28,30,522,0,15,20,0,35,413,66,48,30,557,0,0,0,557
07/21/2021,PDX,OR,ANM,WE,Towers with Radar,411,53,26,24,514,0,19,31,3,53,411,72,57,27,567,8,0,8,575
07/22/2021,PDX,OR,ANM,WE,Towers with Radar,418,51,28,20,517,0,16,11,1,28,418,67,39,21,545,0,0,0,545
07/23/2021,PDX,OR,ANM,WE,Towers with Radar,426,50,27,23,526,0,15,10,0,25,426,65,37,23,551,0,0,0,551
07/24/2021,PDX,OR,ANM,WE,Towers with Radar,374,27,14,3,418,0,10,18,0,28,374,37,32,3,446,0,0,0,446
07/25/2021,PDX,OR,ANM,WE,Towers with Radar,399,24,15,2,440,0,0,24,0,24,399,24,39,2,464,2,0,2,466
07/26/2021,PDX,OR,ANM,WE,Towers with Radar,406,50,33,0,489,0,15,12,5,32,406,65,45,5,521,2,0,2,523
07/27/2021,PDX,OR,ANM,WE,Towers with Radar,409,50,27,24,510,0,15,20,4,39,409,65,47,28,549,38,0,38,587
07/28/2021,PDX,OR,ANM,WE,Towers with Radar,418,59,22,29,528,0,22,18,0,40,418,81,40,29,568,28,0,28,596
07/29/2021,PDX,OR,ANM,WE,Towers with Radar,416,60,26,20,522,0,16,46,3,65,416,76,72,23,587,8,0,8,595
07/30/2021,PDX,OR,ANM,WE,Towers with Radar,416,68,28,15,527,0,14,26,7,47,416,82,54,22,574,4,0,4,578
07/31/2021,PDX,OR,ANM,WE,Towers with Radar,366,37,17,1,421,0,6,31,4,41,366,43,48,5,462,16,0,16,478
08/01/2021,PDX,OR,ANM,WE,Towers with Radar,397,29,28,1,455,0,0,52,4,56,397,29,80,5,511,12,0,12,523
08/02/2021,PDX,OR,ANM,WE,Towers with Radar,400,50,24,3,477,0,20,23,0,43,400,70,47,3,520,6,0,6,526
08/03/2021,PDX,OR,ANM,WE,Towers with Radar,407,48,23,4,482,0,17,17,0,34,407,65,40,4,516,6,0,6,522
08/04/2021,PDX,OR,ANM,WE,Towers with Radar,419,47,22,30,518,0,17,10,0,27,419,64,32,30,545,24,2,26,571
08/05/2021,PDX,OR,ANM,WE,Towers with Radar,430,54,31,24,539,0,17,25,0,42,430,71,56,24,581,12,0,12,593
08/06/2021,PDX,OR,ANM,WE,Towers with Radar,418,57,27,1,503,0,13,14,0,27,418,70,41,1,530,20,0,20,550
08/07/2021,PDX,OR,ANM,WE,Towers with Radar,391,32,20,2,445,0,6,13,0,19,391,38,33,2,464,2,0,2,466
08/08/2021,PDX,OR,ANM,WE,Towers with Radar,400,21,24,0,445,0,6,23,1,30,400,27,47,1,475,4,0,4,479
08/09/2021,PDX,OR,ANM,WE,Towers with Radar,415,46,23,2,486,0,17,15,1,33,415,63,38,3,519,16,0,16,535
08/10/2021,PDX,OR,ANM,WE,Towers with Radar,405,47,24,18,494,0,17,13,0,30,405,64,37,18,524,10,0,10,534
08/11/2021,PDX,OR,ANM,WE,Towers with Radar,413,59,35,21,528,0,14,31,0,45,413,73,66,21,573,46,0,46,619
08/12/2021,PDX,OR,ANM,WE,Towers with Radar,416,64,33,19,532,0,13,9,0,22,416,77,42,19,554,20,0,20,574
08/13/2021,PDX,OR,ANM,WE,Towers with Radar,433,60,40,16,549,0,15,15,1,31,433,75,55,17,580,0,0,0,580
08/14/2021,PDX,OR,ANM,WE,Towers with Radar,388,34,17,0,439,0,3,28,0,31,388,37,45,0,470,4,0,4,474
08/15/2021,PDX,OR,ANM,WE,Towers with Radar,380,29,20,0,429,0,2,17,0,19,380,31,37,0,448,4,0,4,452
08/16/2021,PDX,OR,ANM,WE,Towers with Radar,410,48,22,24,504,0,16,63,0,79,410,64,85,24,583,2,0,2,585
08/17/2021,PDX,OR,ANM,WE,Towers with Radar,407,53,23,28,511,0,15,26,0,41,407,68,49,28,552,32,0,32,584
08/18/2021,PDX,OR,ANM,WE,Towers with Radar,421,52,28,26,527,0,14,11,0,25,421,66,39,26,552,2,0,2,554
08/19/2021,PDX,OR,ANM,WE,Towers with Radar,431,63,19,25,538,0,15,10,0,25,431,78,29,25,563,0,0,0,563
08/20/2021,PDX,OR,ANM,WE,Towers with Radar,412,57,24,12,505,0,13,5,0,18,412,70,29,12,523,12,0,12,535
08/21/2021,PDX,OR,ANM,WE,Towers with Radar,370,27,19,0,416,0,6,7,0,13,370,33,26,0,429,0,0,0,429
08/22/2021,PDX,OR,ANM,WE,Towers with Radar,406,22,24,0,452,0,1,4,0,5,406,23,28,0,457,0,0,0,457
08/23/2021,PDX,OR,ANM,WE,Towers with Radar,399,45,28,0,472,0,15,32,0,47,399,60,60,0,519,18,0,18,537
08/24/2021,PDX,OR,ANM,WE,Towers with Radar,407,48,28,11,494,0,16,19,0,35,407,64,47,11,529,16,0,16,545
08/25/2021,PDX,OR,ANM,WE,Towers with Radar,414,52,28,8,502,0,16,23,0,39,414,68,51,8,541,24,0,24,565
08/26/2021,PDX,OR,ANM,WE,Towers with Radar,428,62,34,5,529,0,13,10,0,23,428,75,44,5,552,2,0,2,554
08/27/2021,PDX,OR,ANM,WE,Towers with Radar,422,49,43,5,519,0,13,16,0,29,422,62,59,5,548,12,0,12,560
08/28/2021,PDX,OR,ANM,WE,Towers with Radar,381,23,18,0,422,0,6,48,2,56,381,29,66,2,478,24,0,24,502
08/29/2021,PDX,OR,ANM,WE,Towers with Radar,390,28,24,0,442,0,3,27,0,30,390,31,51,0,472,4,0,4,476
08/30/2021,PDX,OR,ANM,WE,Towers with Radar,405,48,42,11,506,0,18,24,2,44,405,66,66,13,550,0,0,0,550
08/31/2021,PDX,OR,ANM,WE,Towers with Radar,407,60,34,11,512,0,20,10,0,30,407,80,44,11,542,16,0,16,558
09/01/2021,PDX,OR,ANM,WE,Towers with Radar,416,50,37,8,511,0,17,15,0,32,416,67,52,8,543,0,0,0,543
09/02/2021,PDX,OR,ANM,WE,Towers with Radar,432,52,29,5,518,0,17,13,0,30,432,69,42,5,548,0,0,0,548
09/03/2021,PDX,OR,ANM,WE,Towers with Radar,416,45,21,0,482,0,17,17,0,34,416,62,38,0,516,0,0,0,516
09/04/2021,PDX,OR,ANM,WE,Towers with Radar,383,26,10,0,419,0,4,17,1,22,383,30,27,1,441,24,0,24,465
09/05/2021,PDX,OR,ANM,WE,Towers with Radar,378,15,20,0,413,0,1,5,0,6,378,16,25,0,419,2,0,2,421
09/06/2021,PDX,OR,ANM,WE,Towers with Radar,391,12,25,0,428,0,1,12,0,13,391,13,37,0,441,0,0,0,441
09/07/2021,PDX,OR,ANM,WE,Towers with Radar,377,51,26,14,468,0,14,11,0,25,377,65,37,14,493,20,0,20,513
09/08/2021,PDX,OR,ANM,WE,Towers with Radar,376,48,22,7,453,0,17,16,0,33,376,65,38,7,486,16,0,16,502
09/09/2021,PDX,OR,ANM,WE,Towers with Radar,425,51,34,13,523,0,17,17,0,34,425,68,51,13,557,2,0,2,559
09/10/2021,PDX,OR,ANM,WE,Towers with Radar,413,62,38,18,531,0,14,8,1,23,413,76,46,19,554,0,0,0,554
09/11/2021,PDX,OR,ANM,WE,Towers with Radar,351,34,15,18,418,0,6,44,3,53,351,40,59,21,471,8,2,10,481
09/12/2021,PDX,OR,ANM,WE,Towers with Radar,384,42,32,3,461,0,0,48,3,51,384,42,80,6,512,7,0,7,519
09/13/2021,PDX,OR,ANM,WE,Towers with Radar,401,48,33,2,484,0,18,8,0,26,401,66,41,2,510,0,0,0,510
09/14/2021,PDX,OR,ANM,WE,Towers with Radar,374,58,19,5,456,0,23,12,1,36,374,81,31,6,492,2,0,2,494
09/15/2021,PDX,OR,ANM,WE,Towers with Radar,363,55,18,8,444,0,19,8,0,27,363,74,26,8,471,4,0,4,475
09/16/2021,PDX,OR,ANM,WE,Towers with Radar,419,54,24,9,506,0,18,6,2,26,419,72,30,11,532,18,0,18,550
09/17/2021,PDX,OR,ANM,WE,Towers with Radar,411,60,33,5,509,2,13,4,1,20,413,73,37,6,529,0,0,0,529
09/18/2021,PDX,OR,ANM,WE,Towers with Radar,367,34,13,0,414,0,0,0,0,0,367,34,13,0,414,0,0,0,414
09/19/2021,PDX,OR,ANM,WE,Towers with Radar,386,20,30,0,436,0,0,3,0,3,386,20,33,0,439,0,0,0,439
09/20/2021,PDX,OR,ANM,WE,Towers with Radar,399,48,23,10,480,0,17,5,0,22,399,65,28,10,502,30,0,30,532
09/21/2021,PDX,OR,ANM,WE,Towers with Radar,376,49,25,11,461,0,17,16,0,33,376,66,41,11,494,24,0,24,518
09/22/2021,PDX,OR,ANM,WE,Towers with Radar,364,56,27,12,459,0,15,8,1,24,364,71,35,13,483,0,0,0,483
09/23/2021,PDX,OR,ANM,WE,Towers with Radar,419,56,27,7,509,0,17,13,1,31,419,73,40,8,540,10,0,10,550
09/24/2021,PDX,OR,ANM,WE,Towers with Radar,404,52,24,3,483,0,15,25,1,41,404,67,49,4,524,4,0,4,528
09/25/2021,PDX,OR,ANM,WE,Towers with Radar,354,32,33,0,419,0,8,32,0,40,354,40,65,0,459,8,0,8,467
09/26/2021,PDX,OR,ANM,WE,Towers with Radar,376,31,31,1,439,0,1,40,0,41,376,32,71,1,480,28,0,28,508
09/27/2021,PDX,OR,ANM,WE,Towers with Radar,399,65,44,3,511,0,1,4,0,5,399,66,48,3,516,0,0,0,516
09/28/2021,PDX,OR,ANM,WE,Towers with Radar,366,45,22,3,436,0,14,2,0,16,366,59,24,3,452,2,0,2,454
09/29/2021,PDX,OR,ANM,WE,Towers with Radar,366,53,23,2,444,0,17,27,0,44,366,70,50,2,488,1,0,1,489
09/30/2021,PDX,OR,ANM,WE,Towers with Radar,425,57,36,0,518,0,15,1,2,18,425,72,37,2,536,2,0,2,538
10/01/2021,PDX,OR,ANM,WE,Towers with Radar,409,50,31,12,502,0,12,17,1,30,409,62,48,13,532,0,0,0,532
10/02/2021,PDX,OR,ANM,WE,Towers with Radar,353,29,16,0,398,0,4,11,0,15,353,33,27,0,413,10,0,10,423
10/03/2021,PDX,OR,ANM,WE,Towers with Radar,380,26,19,0,425,0,2,21,0,23,380,28,40,0,448,6,0,6,454
10/04/2021,PDX,OR,ANM,WE,Towers with Radar,386,53,30,0,469,0,16,8,0,24,386,69,38,0,493,0,0,0,493
10/05/2021,PDX,OR,ANM,WE,Towers with Radar,368,66,20,19,473,0,10,2,2,14,368,76,22,21,487,0,0,0,487
10/06/2021,PDX,OR,ANM,WE,Towers with Radar,363,59,25,18,465,0,16,8,0,24,363,75,33,18,489,0,0,0,489
10/07/2021,PDX,OR,ANM,WE,Towers with Radar,420,48,33,10,511,0,14,21,1,36,420,62,54,11,547,8,0,8,555
10/08/2021,PDX,OR,ANM,WE,Towers with Radar,407,52,28,6,493,0,14,22,0,36,407,66,50,6,529,2,0,2,531
10/09/2021,PDX,OR,ANM,WE,Towers with Radar,338,28,13,0,379,0,7,9,0,16,338,35,22,0,395,0,0,0,395
10/10/2021,PDX,OR,ANM,WE,Towers with Radar,369,35,18,0,422,0,0,2,0,2,369,35,20,0,424,18,0,18,442
10/11/2021,PDX,OR,ANM,WE,Towers with Radar,381,46,33,0,460,0,16,16,1,33,381,62,49,1,493,8,0,8,501
10/12/2021,PDX,OR,ANM,WE,Towers with Radar,362,48,34,11,455,0,17,16,4,37,362,65,50,15,492,10,0,10,502
10/13/2021,PDX,OR,ANM,WE,Towers with Radar,349,54,28,14,445,0,16,0,1,17,349,70,28,15,462,16,0,16,478
10/14/2021,PDX,OR,ANM,WE,Towers with Radar,407,66,44,3,520,0,3,1,2,6,407,69,45,5,526,0,0,0,526
10/15/2021,PDX,OR,ANM,WE,Towers with Radar,400,41,32,5,478,0,18,10,0,28,400,59,42,5,506,2,0,2,508
10/16/2021,PDX,OR,ANM,WE,Towers with Radar,351,34,14,1,400,0,6,6,0,12,351,40,20,1,412,0,0,0,412
10/17/2021,PDX,OR,ANM,WE,Towers with Radar,379,19,21,3,422,0,1,3,0,4,379,20,24,3,426,0,0,0,426
10/18/2021,PDX,OR,ANM,WE,Towers with Radar,391,48,15,0,454,0,14,26,0,40,391,62,41,0,494,18,0,18,512
10/19/2021,PDX,OR,ANM,WE,Towers with Radar,353,48,21,1,423,0,15,14,2,31,353,63,35,3,454,0,0,0,454
10/20/2021,PDX,OR,ANM,WE,Towers with Radar,352,49,30,0,431,0,13,5,1,19,352,62,35,1,450,4,0,4,454
10/21/2021,PDX,OR,ANM,WE,Towers with Radar,395,54,24,1,474,0,8,17,1,26,395,62,41,2,500,0,0,0,500
10/22/2021,PDX,OR,ANM,WE,Towers with Radar,392,42,20,0,454,0,13,17,0,30,392,55,37,0,484,14,0,14,498
10/23/2021,PDX,OR,ANM,WE,Towers with Radar,351,34,9,0,394,0,0,0,0,0,351,34,9,0,394,0,0,0,394
10/24/2021,PDX,OR,ANM,WE,Towers with Radar,373,21,16,0,410,0,1,0,0,1,373,22,16,0,411,0,0,0,411
10/25/2021,PDX,OR,ANM,WE,Towers with Radar,393,37,24,0,454,0,2,1,1,4,393,39,25,1,458,0,0,0,458
10/26/2021,PDX,OR,ANM,WE,Towers with Radar,367,53,26,3,449,0,10,1,1,12,367,63,27,4,461,0,0,0,461
10/27/2021,PDX,OR,ANM,WE,Towers with Radar,359,58,36,4,457,0,15,37,0,52,359,73,73,4,509,24,0,24,533
10/28/2021,PDX,OR,ANM,WE,Towers with Radar,414,67,29,0,510,0,3,2,1,6,414,70,31,1,516,0,0,0,516
10/29/2021,PDX,OR,ANM,WE,Towers with Radar,393,52,21,3,469,1,13,10,2,26,394,65,31,5,495,12,0,12,507
10/30/2021,PDX,OR,ANM,WE,Towers with Radar,340,31,18,6,395,0,5,6,0,11,340,36,24,6,406,16,0,16,422
10/31/2021,PDX,OR,ANM,WE,Towers with Radar,351,13,15,1,380,0,1,10,1,12,351,14,25,2,392,0,0,0,392
11/01/2021,PDX,OR,ANM,WE,Towers with Radar,373,53,28,0,454,0,2,2,0,4,373,55,30,0,458,0,0,0,458
11/02/2021,PDX,OR,ANM,WE,Towers with Radar,347,65,30,0,442,0,16,14,1,31,347,81,44,1,473,4,0,4,477
11/03/2021,PDX,OR,ANM,WE,Towers with Radar,348,63,21,19,451,0,11,10,2,23,348,74,31,21,474,0,0,0,474
11/04/2021,PDX,OR,ANM,WE,Towers with Radar,409,63,26,17,515,0,12,2,2,16,409,75,28,19,531,0,0,0,531
11/05/2021,PDX,OR,ANM,WE,Towers with Radar,393,47,43,8,491,0,19,6,6,31,393,66,49,14,522,43,0,43,565
11/06/2021,PDX,OR,ANM,WE,Towers with Radar,333,29,27,20,409,0,5,3,3,11,333,34,30,23,420,0,0,0,420
11/07/2021,PDX,OR,ANM,WE,Towers with Radar,358,32,9,0,399,0,0,2,3,5,358,32,11,3,404,0,0,0,404
11/08/2021,PDX,OR,ANM,WE,Towers with Radar,390,48,37,2,477,0,15,9,1,25,390,63,46,3,502,2,0,2,504
11/09/2021,PDX,OR,ANM,WE,Towers with Radar,340,70,34,19,463,0,2,7,2,11,340,72,41,21,474,0,0,0,474
11/10/2021,PDX,OR,ANM,WE,Towers with Radar,337,58,33,18,446,0,13,6,2,21,337,71,39,20,467,0,0,0,467
11/11/2021,PDX,OR,ANM,WE,Towers with Radar,397,72,30,4,503,0,1,0,0,1,397,73,30,4,504,0,0,0,504
11/12/2021,PDX,OR,ANM,WE,Towers with Radar,398,66,21,8,493,0,1,1,0,2,398,67,22,8,495,4,0,4,499
11/13/2021,PDX,OR,ANM,WE,Towers with Radar,315,28,18,0,361,0,0,1,0,1,315,28,19,0,362,0,0,0,362
11/14/2021,PDX,OR,ANM,WE,Towers with Radar,363,20,15,2,400,0,3,8,0,11,363,23,23,2,411,0,0,0,411
11/15/2021,PDX,OR,ANM,WE,Towers with Radar,385,54,29,5,473,0,9,3,0,12,385,63,32,5,485,0,0,0,485
11/16/2021,PDX,OR,ANM,WE,Towers with Radar,351,59,19,7,436,0,19,27,1,47,351,78,46,8,483,24,0,24,507
11/17/2021,PDX,OR,ANM,WE,Towers with Radar,339,63,37,7,446,0,18,18,1,37,339,81,55,8,483,0,0,0,483
11/18/2021,PDX,OR,ANM,WE,Towers with Radar,402,67,45,14,528,0,2,13,0,15,402,69,58,14,543,2,0,2,545
11/19/2021,PDX,OR,ANM,WE,Towers with Radar,391,58,35,8,492,0,14,9,0,23,391,72,44,8,515,0,0,0,515
11/20/2021,PDX,OR,ANM,WE,Towers with Radar,387,32,24,0,443,0,7,32,3,42,387,39,56,3,485,12,0,12,497
11/21/2021,PDX,OR,ANM,WE,Towers with Radar,391,28,41,0,460,0,0,8,0,8,391,28,49,0,468,0,0,0,468
11/22/2021,PDX,OR,ANM,WE,Towers with Radar,395,54,29,4,482,0,16,5,0,21,395,70,34,4,503,14,0,14,517
11/23/2021,PDX,OR,ANM,WE,Towers with Radar,411,72,29,19,531,0,17,18,0,35,411,89,47,19,566,10,0,10,576
11/24/2021,PDX,OR,ANM,WE,Towers with Radar,415,60,21,15,511,0,18,2,0,20,415,78,23,15,531,0,0,0,531
11/25/2021,PDX,OR,ANM,WE,Towers with Radar,254,10,5,0,269,0,1,6,0,7,254,11,11,0,276,0,0,0,276
11/26/2021,PDX,OR,ANM,WE,Towers with Radar,332,76,30,0,438,0,0,1,0,1,332,76,31,0,439,0,0,0,439
11/27/2021,PDX,OR,ANM,WE,Towers with Radar,406,40,21,2,469,0,0,0,0,0,406,40,21,2,469,0,0,0,469
11/28/2021,PDX,OR,ANM,WE,Towers with Radar,390,23,27,0,440,0,1,3,0,4,390,24,30,0,444,0,0,0,444
11/29/2021,PDX,OR,ANM,WE,Towers with Radar,395,86,34,17,532,0,2,0,0,2,395,88,34,17,534,0,0,0,534
11/30/2021,PDX,OR,ANM,WE,Towers with Radar,420,72,27,13,532,0,19,9,0,28,420,91,36,13,560,0,0,0,560
12/01/2021,PDX,OR,ANM,WE,Towers with Radar,381,73,31,16,501,0,24,13,0,37,381,97,44,16,538,8,0,8,546
12/02/2021,PDX,OR,ANM,WE,Towers with Radar,422,70,30,11,533,0,19,5,0,24,422,89,35,11,557,0,0,0,557
12/03/2021,PDX,OR,ANM,WE,Towers with Radar,398,56,37,9,500,0,14,33,1,48,398,70,70,10,548,12,0,12,560
12/04/2021,PDX,OR,ANM,WE,Towers with Radar,318,38,19,17,392,0,0,0,0,0,318,38,19,17,392,0,0,0,392
12/05/2021,PDX,OR,ANM,WE,Towers with Radar,356,23,28,1,408,0,0,9,0,9,356,23,37,1,417,4,0,4,421
12/06/2021,PDX,OR,ANM,WE,Towers with Radar,370,65,27,4,466,0,0,0,0,0,370,65,27,4,466,0,0,0,466
12/07/2021,PDX,OR,ANM,WE,Towers with Radar,373,89,28,22,512,0,1,0,0,1,373,90,28,22,513,4,0,4,517
12/08/2021,PDX,OR,ANM,WE,Towers with Radar,363,72,32,18,485,0,19,9,2,30,363,91,41,20,515,0,0,0,515
12/09/2021,PDX,OR,ANM,WE,Towers with Radar,408,74,40,16,538,0,17,0,0,17,408,91,40,16,555,0,0,0,555
12/10/2021,PDX,OR,ANM,WE,Towers with Radar,391,81,24,9,505,0,1,2,2,5,391,82,26,11,510,0,0,0,510
12/11/2021,PDX,OR,ANM,WE,Towers with Radar,312,25,14,0,351,0,1,0,0,1,312,26,14,0,352,0,0,0,352
12/12/2021,PDX,OR,ANM,WE,Towers with Radar,363,26,21,4,414,0,0,15,0,15,363,26,36,4,429,30,0,30,459
12/13/2021,PDX,OR,ANM,WE,Towers with Radar,366,77,24,18,485,0,0,2,1,3,366,77,26,19,488,0,0,0,488
12/14/2021,PDX,OR,ANM,WE,Towers with Radar,380,64,19,13,476,0,19,10,0,29,380,83,29,13,505,0,0,0,505
12/15/2021,PDX,OR,ANM,WE,Towers with Radar,358,91,28,13,490,0,0,1,0,1,358,91,29,13,491,0,0,0,491
12/16/2021,PDX,OR,ANM,WE,Towers with Radar,421,79,30,13,543,0,17,1,0,18,421,96,31,13,561,0,0,0,561
12/17/2021,PDX,OR,ANM,WE,Towers with Radar,410,79,42,0,531,0,14,4,0,18,410,93,46,0,549,0,0,0,549
12/18/2021,PDX,OR,ANM,WE,Towers with Radar,392,42,19,1,454,0,2,2,0,4,392,44,21,1,458,0,0,0,458
12/19/2021,PDX,OR,ANM,WE,Towers with Radar,385,28,21,7,441,0,0,0,0,0,385,28,21,7,441,0,0,0,441
12/20/2021,PDX,OR,ANM,WE,Towers with Radar,406,65,33,15,519,0,0,0,0,0,406,65,33,15,519,0,0,0,519
12/21/2021,PDX,OR,ANM,WE,Towers with Radar,393,66,27,13,499,0,19,3,0,22,393,85,30,13,521,0,0,0,521
12/22/2021,PDX,OR,ANM,WE,Towers with Radar,395,83,23,20,521,0,5,1,2,8,395,88,24,22,529,0,0,0,529
12/23/2021,PDX,OR,ANM,WE,Towers with Radar,415,80,20,19,534,0,17,21,0,38,415,97,41,19,572,14,0,14,586
12/24/2021,PDX,OR,ANM,WE,Towers with Radar,348,68,11,0,427,0,0,0,0,0,348,68,11,0,427,0,0,0,427
12/25/2021,PDX,OR,ANM,WE,Towers with Radar,277,14,2,0,293,0,1,0,0,1,277,15,2,0,294,0,0,0,294
12/26/2021,PDX,OR,ANM,WE,Towers with Radar,290,29,39,0,358,0,0,0,0,0,290,29,39,0,358,0,0,0,358
12/27/2021,PDX,OR,ANM,WE,Towers with Radar,320,45,34,0,399,0,1,8,0,9,320,46,42,0,408,0,0,0,408
12/28/2021,PDX,OR,ANM,WE,Towers with Radar,336,74,37,0,447,0,0,0,0,0,336,74,37,0,447,0,0,0,447
12/29/2021,PDX,OR,ANM,WE,Towers with Radar,356,57,25,0,438,0,17,8,0,25,356,74,33,0,463,2,0,2,465
12/30/2021,PDX,OR,ANM,WE,Towers with Radar,374,74,15,4,467,0,17,2,0,19,374,91,17,4,486,0,0,0,486
12/31/2021,PDX,OR,ANM,WE,Towers with Radar,340,67,21,0,428,0,12,4,0,16,340,79,25,0,444,6,0,6,450
01/01/2022,PDX,OR,ANM,WE,Towers with Radar,291,13,12,0,316,0,0,15,0,15,291,13,27,0,331,0,0,0,331
01/02/2022,PDX,OR,ANM,WE,Towers with Radar,323,12,25,0,360,0,1,1,0,2,323,13,26,0,362,0,0,0,362
01/03/2022,PDX,OR,ANM,WE,Towers with Radar,328,58,16,13,415,0,0,0,0,0,328,58,16,13,415,0,0,0,415
01/04/2022,PDX,OR,ANM,WE,Towers with Radar,362,72,23,18,475,0,0,2,0,2,362,72,25,18,477,14,0,14,491
01/05/2022,PDX,OR,ANM,WE,Towers with Radar,328,73,28,16,445,0,0,0,0,0,328,73,28,16,445,0,0,0,445
01/06/2022,PDX,OR,ANM,WE,Towers with Radar,350,70,15,16,451,0,2,0,0,2,350,72,15,16,453,0,0,0,453
01/07/2022,PDX,OR,ANM,WE,Towers with Radar,349,64,27,15,455,0,14,4,2,20,349,78,31,17,475,0,0,0,475
01/08/2022,PDX,OR,ANM,WE,Towers with Radar,310,37,15,2,364,0,5,5,5,15,310,42,20,7,379,2,0,2,381
01/09/2022,PDX,OR,ANM,WE,Towers with Radar,351,24,27,0,402,0,1,28,0,29,351,25,55,0,431,26,0,26,457
01/10/2022,PDX,OR,ANM,WE,Towers with Radar,353,42,31,0,426,0,13,8,0,21,353,55,39,0,447,30,0,30,477
01/11/2022,PDX,OR,ANM,WE,Towers with Radar,348,51,19,8,426,1,16,15,0,32,349,67,34,8,458,0,0,0,458
01/12/2022,PDX,OR,ANM,WE,Towers with Radar,356,54,23,15,448,0,19,16,6,41,356,73,39,21,489,0,0,0,489
01/13/2022,PDX,OR,ANM,WE,Towers with Radar,356,74,19,8,457,0,0,0,0,0,356,74,19,8,457,0,0,0,457
01/14/2022,PDX,OR,ANM,WE,Towers with Radar,364,54,31,8,457,0,15,5,0,20,364,69,36,8,477,22,0,22,499
01/15/2022,PDX,OR,ANM,WE,Towers with Radar,307,32,23,0,362,0,2,4,0,6,307,34,27,0,368,0,0,0,368
01/16/2022,PDX,OR,ANM,WE,Towers with Radar,316,29,25,0,370,0,0,3,0,3,316,29,28,0,373,0,0,0,373
01/17/2022,PDX,OR,ANM,WE,Towers with Radar,343,74,23,5,445,0,0,0,0,0,343,74,23,5,445,0,0,0,445
01/18/2022,PDX,OR,ANM,WE,Towers with Radar,333,74,31,10,448,0,0,0,0,0,333,74,31,10,448,0,0,0,448
01/19/2022,PDX,OR,ANM,WE,Towers with Radar,341,78,23,23,465,0,0,0,0,0,341,78,23,23,465,0,0,0,465
01/20/2022,PDX,OR,ANM,WE,Towers with Radar,355,45,29,16,445,0,15,8,0,23,355,60,37,16,468,0,0,0,468
01/21/2022,PDX,OR,ANM,WE,Towers with Radar,346,59,16,17,438,0,1,2,0,3,346,60,18,17,441,0,0,0,441
01/22/2022,PDX,OR,ANM,WE,Towers with Radar,296,25,20,0,341,0,3,25,0,28,296,28,45,0,369,0,0,0,369
01/23/2022,PDX,OR,ANM,WE,Towers with Radar,301,9,16,0,326,0,0,10,0,10,301,9,26,0,336,0,0,0,336
01/24/2022,PDX,OR,ANM,WE,Towers with Radar,338,47,28,0,413,0,17,2,0,19,338,64,30,0,432,0,0,0,432
01/25/2022,PDX,OR,ANM,WE,Towers with Radar,350,55,17,0,422,0,13,8,0,21,350,68,25,0,443,0,0,0,443
01/26/2022,PDX,OR,ANM,WE,Towers with Radar,352,46,31,12,441,0,15,8,2,25,352,61,39,14,466,24,0,24,490
01/27/2022,PDX,OR,ANM,WE,Towers with Radar,360,51,26,6,443,0,15,33,0,48,360,66,59,6,491,28,0,28,519
01/28/2022,PDX,OR,ANM,WE,Towers with Radar,370,53,20,7,450,0,16,19,2,37,370,69,39,9,487,6,0,6,493
01/29/2022,PDX,OR,ANM,WE,Towers with Radar,283,23,18,0,324,0,5,12,0,17,283,28,30,0,341,8,0,8,349
01/30/2022,PDX,OR,ANM,WE,Towers with Radar,312,14,16,0,342,0,0,14,0,14,312,14,30,0,356,0,0,0,356
01/31/2022,PDX,OR,ANM,WE,Towers with Radar,338,46,13,16,413,0,13,2,0,15,338,59,15,16,428,0,0,0,428
02/01/2022,PDX,OR,ANM,WE,Towers with Radar,342,62,17,0,421,0,14,6,0,20,342,76,23,0,441,2,0,2,443
02/02/2022,PDX,OR,ANM,WE,Towers with Radar,333,69,25,19,446,0,0,0,0,0,333,69,25,19,446,0,0,0,446
02/03/2022,PDX,OR,ANM,WE,Towers with Radar,348,67,22,2,439,0,13,17,2,32,348,80,39,4,471,10,0,10,481
02/04/2022,PDX,OR,ANM,WE,Towers with Radar,348,62,30,14,454,0,0,2,1,3,348,62,32,15,457,0,0,0,457
02/05/2022,PDX,OR,ANM,WE,Towers with Radar,298,34,21,0,353,0,6,12,0,18,298,40,33,0,371,6,0,6,377
02/06/2022,PDX,OR,ANM,WE,Towers with Radar,327,17,14,0,358,0,0,55,0,55,327,17,69,0,413,10,0,10,423
02/07/2022,PDX,OR,ANM,WE,Towers with Radar,351,37,38,1,427,0,16,17,0,33,351,53,55,1,460,0,0,0,460
02/08/2022,PDX,OR,ANM,WE,Towers with Radar,343,57,43,1,444,0,14,7,0,21,343,71,50,1,465,8,0,8,473
02/09/2022,PDX,OR,ANM,WE,Towers with Radar,352,58,26,16,452,0,16,15,2,33,352,74,41,18,485,0,0,0,485
02/10/2022,PDX,OR,ANM,WE,Towers with Radar,364,63,18,2,447,0,11,3,0,14,364,74,21,2,461,0,0,0,461
02/11/2022,PDX,OR,ANM,WE,Towers with Radar,360,49,30,8,447,0,16,20,0,36,360,65,50,8,483,2,0,2,485
02/12/2022,PDX,OR,ANM,WE,Towers with Radar,311,26,12,2,351,0,9,16,1,26,311,35,28,3,377,0,0,0,377
02/13/2022,PDX,OR,ANM,WE,Towers with Radar,330,21,15,1,367,0,0,18,0,18,330,21,33,1,385,14,0,14,399
02/14/2022,PDX,OR,ANM,WE,Towers with Radar,356,47,23,0,426,0,19,2,0,21,356,66,25,0,447,0,0,0,447
02/15/2022,PDX,OR,ANM,WE,Towers with Radar,346,54,22,17,439,0,15,14,0,29,346,69,36,17,468,4,0,4,472
02/16/2022,PDX,OR,ANM,WE,Towers with Radar,335,50,21,2,408,0,14,2,0,16,335,64,23,2,424,0,0,0,424
02/17/2022,PDX,OR,ANM,WE,Towers with Radar,367,59,20,15,461,0,15,9,0,24,367,74,29,15,485,12,0,12,497
02/18/2022,PDX,OR,ANM,WE,Towers with Radar,350,59,27,0,436,0,14,23,0,37,350,73,50,0,473,0,0,0,473
02/19/2022,PDX,OR,ANM,WE,Towers with Radar,302,27,11,0,340,0,1,0,0,1,302,28,11,0,341,0,0,0,341
02/20/2022,PDX,OR,ANM,WE,Towers with Radar,325,22,24,0,371,1,0,4,0,5,326,22,28,0,376,4,0,4,380
02/21/2022,PDX,OR,ANM,WE,Towers with Radar,343,43,18,0,404,0,9,4,0,13,343,52,22,0,417,20,0,20,437
02/22/2022,PDX,OR,ANM,WE,Towers with Radar,352,56,19,1,428,0,19,3,0,22,352,75,22,1,450,0,0,0,450
02/23/2022,PDX,OR,ANM,WE,Towers with Radar,341,55,27,18,441,0,18,15,1,34,341,73,42,19,475,6,0,6,481
02/24/2022,PDX,OR,ANM,WE,Towers with Radar,352,53,29,9,443,0,14,8,0,22,352,67,37,9,465,0,0,0,465
02/25/2022,PDX,OR,ANM,WE,Towers with Radar,358,41,23,2,424,0,21,13,0,34,358,62,36,2,458,4,0,4,462
02/26/2022,PDX,OR,ANM,WE,Towers with Radar,304,34,15,0,353,0,8,4,0,12,304,42,19,0,365,0,0,0,365
02/27/2022,PDX,OR,ANM,WE,Towers with Radar,327,23,16,2,368,0,0,1,0,1,327,23,17,2,369,0,0,0,369
02/28/2022,PDX,OR,ANM,WE,Towers with Radar,357,44,18,12,431,0,12,0,0,12,357,56,18,12,443,0,0,0,443
03/01/2022,PDX,OR,ANM,WE,Towers with Radar,356,50,26,0,432,0,15,3,0,18,356,65,29,0,450,0,0,0,450
03/02/2022,PDX,OR,ANM,WE,Towers with Radar,334,67,41,20,462,0,1,1,0,2,334,68,42,20,464,0,0,0,464
03/03/2022,PDX,OR,ANM,WE,Towers with Radar,373,47,18,3,441,0,14,6,0,20,373,61,24,3,461,0,0,0,461
03/04/2022,PDX,OR,ANM,WE,Towers with Radar,354,44,38,18,454,0,14,6,3,23,354,58,44,21,477,12,0,12,489
03/05/2022,PDX,OR,ANM,WE,Towers with Radar,288,29,14,11,342,0,4,24,1,29,288,33,38,12,371,4,0,4,375
03/06/2022,PDX,OR,ANM,WE,Towers with Radar,332,15,22,0,369,0,3,7,2,12,332,18,29,2,381,2,0,2,383
03/07/2022,PDX,OR,ANM,WE,Towers with Radar,355,40,32,2,429,0,18,16,0,34,355,58,48,2,463,8,0,8,471
03/08/2022,PDX,OR,ANM,WE,Towers with Radar,336,54,26,1,417,0,14,5,0,19,336,68,31,1,436,0,0,0,436
03/09/2022,PDX,OR,ANM,WE,Towers with Radar,328,53,38,14,433,0,15,32,2,49,328,68,70,16,482,6,0,6,488
03/10/2022,PDX,OR,ANM,WE,Towers with Radar,373,49,37,0,459,0,15,17,2,34,373,64,54,2,493,0,0,0,493
03/11/2022,PDX,OR,ANM,WE,Towers with Radar,368,45,33,15,461,0,13,10,2,25,368,58,43,17,486,4,1,5,491
03/12/2022,PDX,OR,ANM,WE,Towers with Radar,295,29,13,0,337,0,5,2,0,7,295,34,15,0,344,0,0,0,344
03/13/2022,PDX,OR,ANM,WE,Towers with Radar,344,19,16,0,379,0,0,0,0,0,344,19,16,0,379,0,0,0,379
03/14/2022,PDX,OR,ANM,WE,Towers with Radar,360,55,26,0,441,0,7,7,0,14,360,62,33,0,455,0,0,0,455
03/15/2022,PDX,OR,ANM,WE,Towers with Radar,360,45,19,20,444,0,15,4,0,19,360,60,23,20,463,0,0,0,463
03/16/2022,PDX,OR,ANM,WE,Towers with Radar,342,62,30,2,436,0,15,10,0,25,342,77,40,2,461,0,0,0,461
03/17/2022,PDX,OR,ANM,WE,Towers with Radar,394,52,45,17,508,0,13,6,0,19,394,65,51,17,527,6,0,6,533
03/18/2022,PDX,OR,ANM,WE,Towers with Radar,375,55,30,9,469,0,12,12,0,24,375,67,42,9,493,2,0,2,495
03/19/2022,PDX,OR,ANM,WE,Towers with Radar,334,30,35,5,404,1,4,6,0,11,335,34,41,5,415,0,0,0,415
03/20/2022,PDX,OR,ANM,WE,Towers with Radar,375,18,27,1,421,0,0,4,0,4,375,18,31,1,425,0,0,0,425
03/21/2022,PDX,OR,ANM,WE,Towers with Radar,369,54,28,1,452,0,0,2,0,2,369,54,30,1,454,0,0,0,454
03/22/2022,PDX,OR,ANM,WE,Towers with Radar,374,45,29,17,465,0,13,27,0,40,374,58,56,17,505,14,0,14,519
03/23/2022,PDX,OR,ANM,WE,Towers with Radar,366,64,33,20,483,0,3,1,0,4,366,67,34,20,487,0,0,0,487
03/24/2022,PDX,OR,ANM,WE,Towers with Radar,387,50,7,16,460,0,15,19,0,34,387,65,26,16,494,0,0,0,494
03/25/2022,PDX,OR,ANM,WE,Towers with Radar,384,48,21,12,465,0,15,23,0,38,384,63,44,12,503,4,0,4,507
03/26/2022,PDX,OR,ANM,WE,Towers with Radar,326,35,18,1,380,0,3,67,0,70,326,38,85,1,450,22,0,22,472
03/27/2022,PDX,OR,ANM,WE,Towers with Radar,372,21,19,0,412,0,1,8,0,9,372,22,27,0,421,0,0,0,421
03/28/2022,PDX,OR,ANM,WE,Towers with Radar,374,44,25,22,465,0,18,11,0,29,374,62,36,22,494,26,0,26,520
03/29/2022,PDX,OR,ANM,WE,Towers with Radar,374,57,24,28,483,0,14,10,0,24,374,71,34,28,507,0,0,0,507
03/30/2022,PDX,OR,ANM,WE,Towers with Radar,374,53,36,16,479,0,16,9,0,25,374,69,45,16,504,0,0,0,504
03/31/2022,PDX,OR,ANM,WE,Towers with Radar,391,47,20,27,485,0,15,22,2,39,391,62,42,29,524,0,0,0,524
04/01/2022,PDX,OR,ANM,WE,Towers with Radar,375,49,22,26,472,0,14,12,2,28,375,63,34,28,500,0,0,0,500
04/02/2022,PDX,OR,ANM,WE,Towers with Radar,327,32,18,1,378,0,6,29,1,36,327,38,47,2,414,10,0,10,424
04/03/2022,PDX,OR,ANM,WE,Towers with Radar,361,23,20,0,404,0,0,4,0,4,361,23,24,0,408,0,0,0,408
04/04/2022,PDX,OR,ANM,WE,Towers with Radar,387,56,25,0,468,0,3,3,0,6,387,59,28,0,474,0,0,0,474
04/05/2022,PDX,OR,ANM,WE,Towers with Radar,378,54,18,26,476,0,19,14,0,33,378,73,32,26,509,0,0,0,509
04/06/2022,PDX,OR,ANM,WE,Towers with Radar,378,50,12,39,479,0,21,28,0,49,378,71,40,39,528,14,0,14,542
04/07/2022,PDX,OR,ANM,WE,Towers with Radar,402,53,23,20,498,0,13,15,3,31,402,66,38,23,529,0,0,0,529
04/08/2022,PDX,OR,ANM,WE,Towers with Radar,400,46,29,28,503,0,15,4,1,20,400,61,33,29,523,0,0,0,523
04/09/2022,PDX,OR,ANM,WE,Towers with Radar,337,28,9,23,397,0,3,5,0,8,337,31,14,23,405,0,0,0,405
04/10/2022,PDX,OR,ANM,WE,Towers with Radar,379,30,17,0,426,0,1,3,0,4,379,31,20,0,430,18,0,18,448
04/11/2022,PDX,OR,ANM,WE,Towers with Radar,363,50,20,7,440,0,13,2,0,15,363,63,22,7,455,0,0,0,455
04/12/2022,PDX,OR,ANM,WE,Towers with Radar,376,73,27,14,490,0,1,3,2,6,376,74,30,16,496,0,0,0,496
04/13/2022,PDX,OR,ANM,WE,Towers with Radar,367,56,31,10,464,0,14,6,0,20,367,70,37,10,484,0,0,0,484
04/14/2022,PDX,OR,ANM,WE,Towers with Radar,400,61,47,4,512,0,6,7,2,15,400,67,54,6,527,16,0,16,543
04/15/2022,PDX,OR,ANM,WE,Towers with Radar,394,54,31,8,487,0,16,17,4,37,394,70,48,12,524,14,0,14,538
04/16/2022,PDX,OR,ANM,WE,Towers with Radar,334,25,8,0,367,0,5,2,1,8,334,30,10,1,375,20,0,20,395
04/17/2022,PDX,OR,ANM,WE,Towers with Radar,370,14,12,2,398,0,0,10,0,10,370,14,22,2,408,10,0,10,418
04/18/2022,PDX,OR,ANM,WE,Towers with Radar,378,66,24,0,468,0,2,5,0,7,378,68,29,0,475,0,0,0,475
04/19/2022,PDX,OR,ANM,WE,Towers with Radar,383,82,27,12,504,0,1,6,4,11,383,83,33,16,515,16,0,16,531
04/20/2022,PDX,OR,ANM,WE,Towers with Radar,375,55,27,5,462,0,15,1,0,16,375,70,28,5,478,0,0,0,478
04/21/2022,PDX,OR,ANM,WE,Towers with Radar,424,48,18,10,500,0,15,7,4,26,424,63,25,14,526,0,0,0,526
04/22/2022,PDX,OR,ANM,WE,Towers with Radar,437,62,33,8,540,0,13,12,1,26,437,75,45,9,566,20,0,20,586
04/23/2022,PDX,OR,ANM,WE,Towers with Radar,359,40,12,0,411,0,7,21,2,30,359,47,33,2,441,6,0,6,447
04/24/2022,PDX,OR,ANM,WE,Towers with Radar,388,23,19,0,430,0,3,24,0,27,388,26,43,0,457,0,0,0,457
04/25/2022,PDX,OR,ANM,WE,Towers with Radar,387,42,47,4,480,0,14,10,0,24,387,56,57,4,504,2,0,2,506
04/26/2022,PDX,OR,ANM,WE,Towers with Radar,389,57,34,1,481,0,16,9,1,26,389,73,43,2,507,0,0,0,507
04/27/2022,PDX,OR,ANM,WE,Towers with Radar,378,56,26,5,465,0,18,13,1,32,378,74,39,6,497,22,0,22,519
04/28/2022,PDX,OR,ANM,WE,Towers with Radar,413,58,32,4,507,0,13,10,0,23,413,71,42,4,530,0,0,0,530
04/29/2022,PDX,OR,ANM,WE,Towers with Radar,404,54,26,2,486,0,13,14,0,27,404,67,40,2,513,0,0,0,513
04/30/2022,PDX,OR,ANM,WE,Towers with Radar,354,40,15,2,411,0,3,2,2,7,354,43,17,4,418,0,0,0,418
05/01/2022,PDX,OR,ANM,WE,Towers with Radar,343,30,27,2,402,0,0,17,0,17,343,30,44,2,419,4,0,4,423
05/02/2022,PDX,OR,ANM,WE,Towers with Radar,366,45,34,0,445,0,13,4,0,17,366,58,38,0,462,0,0,0,462
05/03/2022,PDX,OR,ANM,WE,Towers with Radar,362,52,13,12,439,0,16,9,1,26,362,68,22,13,465,0,0,0,465
05/04/2022,PDX,OR,ANM,WE,Towers with Radar,362,49,27,4,442,0,18,17,2,37,362,67,44,6,479,12,0,12,491
05/05/2022,PDX,OR,ANM,WE,Towers with Radar,406,71,36,1,514,0,4,5,0,9,406,75,41,1,523,0,0,0,523
05/06/2022,PDX,OR,ANM,WE,Towers with Radar,394,66,24,5,489,0,5,7,0,12,394,71,31,5,501,0,0,0,501
05/07/2022,PDX,OR,ANM,WE,Towers with Radar,335,31,14,0,380,0,5,8,0,13,335,36,22,0,393,26,0,26,419
05/08/2022,PDX,OR,ANM,WE,Towers with Radar,374,20,24,0,418,0,2,3,0,5,374,22,27,0,423,0,0,0,423
05/09/2022,PDX,OR,ANM,WE,Towers with Radar,391,53,34,3,481,0,14,13,0,27,391,67,47,3,508,0,0,0,508
05/10/2022,PDX,OR,ANM,WE,Towers with Radar,377,47,14,3,441,0,21,23,0,44,377,68,37,3,485,0,0,0,485
05/11/2022,PDX,OR,ANM,WE,Towers with Radar,383,50,55,1,489,0,16,23,1,40,383,66,78,2,529,6,0,6,535
05/12/2022,PDX,OR,ANM,WE,Towers with Radar,414,50,36,4,504,0,14,10,2,26,414,64,46,6,530,2,0,2,532
05/13/2022,PDX,OR,ANM,WE,Towers with Radar,390,55,32,3,480,0,14,5,0,19,390,69,37,3,499,0,0,0,499
05/14/2022,PDX,OR,ANM,WE,Towers with Radar,347,30,14,0,391,0,3,7,0,10,347,33,21,0,401,0,0,0,401
05/15/2022,PDX,OR,ANM,WE,Towers with Radar,387,30,32,1,450,0,2,4,0,6,387,32,36,1,456,0,0,0,456
05/16/2022,PDX,OR,ANM,WE,Towers with Radar,385,42,30,1,458,0,14,24,2,40,385,56,54,3,498,30,0,30,528
05/17/2022,PDX,OR,ANM,WE,Towers with Radar,387,53,36,4,480,0,18,32,2,52,387,71,68,6,532,34,0,34,566
05/18/2022,PDX,OR,ANM,WE,Towers with Radar,389,56,42,2,489,0,13,5,0,18,389,69,47,2,507,6,0,6,513
05/19/2022,PDX,OR,ANM,WE,Towers with Radar,431,45,25,11,512,0,16,4,2,22,431,61,29,13,534,0,0,0,534
05/20/2022,PDX,OR,ANM,WE,Towers with Radar,404,50,32,7,493,0,22,18,12,52,404,72,50,19,545,2,0,2,547
05/21/2022,PDX,OR,ANM,WE,Towers with Radar,344,29,8,3,384,0,10,52,12,74,344,39,60,15,458,2,0,2,460
05/22/2022,PDX,OR,ANM,WE,Towers with Radar,375,21,22,2,420,0,1,23,10,34,375,22,45,12,454,0,0,0,454
05/23/2022,PDX,OR,ANM,WE,Towers with Radar,403,44,26,4,477,0,17,20,1,38,403,61,46,5,515,40,0,40,555
05/24/2022,PDX,OR,ANM,WE,Towers with Radar,400,56,23,11,490,0,15,19,0,34,400,71,42,11,524,0,0,0,524
05/25/2022,PDX,OR,ANM,WE,Towers with Radar,412,44,26,15,497,0,14,23,4,41,412,58,49,19,538,44,0,44,582
05/26/2022,PDX,OR,ANM,WE,Towers with Radar,427,44,30,7,508,0,16,16,1,33,427,60,46,8,541,8,0,8,549
05/27/2022,PDX,OR,ANM,WE,Towers with Radar,418,55,16,0,489,0,14,9,1,24,418,69,25,1,513,30,0,30,543
05/28/2022,PDX,OR,ANM,WE,Towers with Radar,344,30,8,0,382,0,6,1,0,7,344,36,9,0,389,2,0,2,391
05/29/2022,PDX,OR,ANM,WE,Towers with Radar,366,19,13,0,398,0,2,2,0,4,366,21,15,0,402,2,0,2,404
05/30/2022,PDX,OR,ANM,WE,Towers with Radar,387,30,14,3,434,0,0,12,1,13,387,30,26,4,447,6,0,6,453
05/31/2022,PDX,OR,ANM,WE,Towers with Radar,391,52,20,4,467,0,19,18,3,40,391,71,38,7,507,18,0,18,525
06/01/2022,PDX,OR,ANM,WE,Towers with Radar,388,50,30,19,487,0,19,21,1,41,388,69,51,20,528,0,0,0,528
06/02/2022,PDX,OR,ANM,WE,Towers with Radar,410,46,22,15,493,0,17,19,6,42,410,63,41,21,535,0,0,0,535
06/03/2022,PDX,OR,ANM,WE,Towers with Radar,402,54,15,11,482,0,14,9,1,24,402,68,24,12,506,0,0,0,506
06/04/2022,PDX,OR,ANM,WE,Towers with Radar,347,36,25,4,412,0,2,7,0,9,347,38,32,4,421,12,0,12,433
06/05/2022,PDX,OR,ANM,WE,Towers with Radar,408,23,29,3,463,0,0,0,0,0,408,23,29,3,463,0,0,0,463
06/06/2022,PDX,OR,ANM,WE,Towers with Radar,418,43,32,14,507,0,18,13,1,32,418,61,45,15,539,0,0,0,539
06/07/2022,PDX,OR,ANM,WE,Towers with Radar,421,49,18,9,497,0,16,18,0,34,421,65,36,9,531,10,0,10,541
06/08/2022,PDX,OR,ANM,WE,Towers with Radar,416,57,25,17,515,0,17,14,2,33,416,74,39,19,548,0,0,0,548
06/09/2022,PDX,OR,ANM,WE,Towers with Radar,452,58,45,17,572,0,16,12,1,29,452,74,57,18,601,0,0,0,601
06/10/2022,PDX,OR,ANM,WE,Towers with Radar,440,67,21,11,539,0,0,0,0,0,440,67,21,11,539,0,0,0,539
06/11/2022,PDX,OR,ANM,WE,Towers with Radar,356,32,11,7,406,0,0,2,0,2,356,32,13,7,408,30,0,30,438
06/12/2022,PDX,OR,ANM,WE,Towers with Radar,410,23,28,2,463,0,1,8,0,9,410,24,36,2,472,0,0,0,472
06/13/2022,PDX,OR,ANM,WE,Towers with Radar,435,46,42,0,523,0,16,13,2,31,435,62,55,2,554,20,0,20,574
06/14/2022,PDX,OR,ANM,WE,Towers with Radar,421,54,20,14,509,0,17,9,0,26,421,71,29,14,535,12,0,12,547
06/15/2022,PDX,OR,ANM,WE,Towers with Radar,419,53,31,16,519,0,20,27,5,52,419,73,58,21,571,66,0,66,637
06/16/2022,PDX,OR,ANM,WE,Towers with Radar,441,56,35,6,538,0,16,19,0,35,441,72,54,6,573,32,0,32,605
06/17/2022,PDX,OR,ANM,WE,Towers with Radar,439,68,29,3,539,0,1,13,1,15,439,69,42,4,554,14,0,14,568
06/18/2022,PDX,OR,ANM,WE,Towers with Radar,359,33,19,0,411,0,4,5,0,9,359,37,24,0,420,0,0,0,420
06/19/2022,PDX,OR,ANM,WE,Towers with Radar,413,35,23,0,471,0,0,5,0,5,413,35,28,0,476,12,0,12,488
06/20/2022,PDX,OR,ANM,WE,Towers with Radar,420,48,30,0,498,0,17,16,0,33,420,65,46,0,531,18,0,18,549
06/21/2022,PDX,OR,ANM,WE,Towers with Radar,419,46,26,14,505,0,18,18,0,36,419,64,44,14,541,0,0,0,541
06/22/2022,PDX,OR,ANM,WE,Towers with Radar,399,49,18,11,477,2,18,12,6,38,401,67,30,17,515,17,0,17,532
06/23/2022,PDX,OR,ANM,WE,Towers with Radar,457,48,42,7,554,0,18,16,1,35,457,66,58,8,589,4,0,4,593
06/24/2022,PDX,OR,ANM,WE,Towers with Radar,436,57,24,7,524,2,17,36,3,58,438,74,60,10,582,8,0,8,590
06/25/2022,PDX,OR,ANM,WE,Towers with Radar,356,27,6,2,391,0,7,9,0,16,356,34,15,2,407,0,0,0,407
06/26/2022,PDX,OR,ANM,WE,Towers with Radar,414,27,18,3,462,0,2,16,5,23,414,29,34,8,485,22,0,22,507
06/27/2022,PDX,OR,ANM,WE,Towers with Radar,416,58,27,0,501,0,17,17,0,34,416,75,44,0,535,0,0,0,535
06/28/2022,PDX,OR,ANM,WE,Towers with Radar,411,59,25,19,514,0,16,15,0,31,411,75,40,19,545,10,0,10,555
06/29/2022,PDX,OR,ANM,WE,Towers with Radar,399,64,39,10,512,1,16,14,3,34,400,80,53,13,546,4,0,4,550
06/30/2022,PDX,OR,ANM,WE,Towers with Radar,444,52,40,20,556,0,15,7,0,22,444,67,47,20,578,0,0,0,578
07/01/2022,PDX,OR,ANM,WE,Towers with Radar,421,52,28,14,515,0,13,20,0,33,421,65,48,14,548,12,0,12,560
07/02/2022,PDX,OR,ANM,WE,Towers with Radar,351,37,30,0,418,0,9,5,1,15,351,46,35,1,433,2,0,2,435
07/03/2022,PDX,OR,ANM,WE,Towers with Radar,383,22,14,1,420,0,0,12,0,12,383,22,26,1,432,10,0,10,442
07/04/2022,PDX,OR,ANM,WE,Towers with Radar,371,16,8,1,396,0,1,10,1,12,371,17,18,2,408,0,0,0,408
07/05/2022,PDX,OR,ANM,WE,Towers with Radar,366,48,20,16,450,0,14,7,2,23,366,62,27,18,473,18,0,18,491
07/06/2022,PDX,OR,ANM,WE,Towers with Radar,388,49,27,15,479,0,14,5,2,21,388,63,32,17,500,0,0,0,500
07/07/2022,PDX,OR,ANM,WE,Towers with Radar,429,59,38,14,540,0,15,17,1,33,429,74,55,15,573,6,0,6,579
07/08/2022,PDX,OR,ANM,WE,Towers with Radar,421,60,15,11,507,0,14,16,1,31,421,74,31,12,538,20,0,20,558
07/09/2022,PDX,OR,ANM,WE,Towers with Radar,356,26,7,0,389,0,8,21,0,29,356,34,28,0,418,4,0,4,422
07/10/2022,PDX,OR,ANM,WE,Towers with Radar,390,18,17,1,426,0,0,26,0,26,390,18,43,1,452,22,0,22,474
07/11/2022,PDX,OR,ANM,WE,Towers with Radar,421,43,21,15,500,0,16,40,0,56,421,59,61,15,556,0,0,0,556
07/12/2022,PDX,OR,ANM,WE,Towers with Radar,392,56,13,24,485,0,17,31,1,49,392,73,44,25,534,8,0,8,542
07/13/2022,PDX,OR,ANM,WE,Towers with Radar,404,57,26,28,515,0,22,22,0,44,404,79,48,28,559,12,0,12,571
07/14/2022,PDX,OR,ANM,WE,Towers with Radar,429,50,36,26,541,0,20,31,2,53,429,70,67,28,594,6,0,6,600
07/15/2022,PDX,OR,ANM,WE,Towers with Radar,429,45,20,17,511,0,19,27,3,49,429,64,47,20,560,34,0,34,594
07/16/2022,PDX,OR,ANM,WE,Towers with Radar,355,44,16,8,423,0,4,23,4,31,355,48,39,12,454,6,0,6,460
07/17/2022,PDX,OR,ANM,WE,Towers with Radar,407,25,31,0,463,0,1,12,1,14,407,26,43,1,477,0,0,0,477
07/18/2022,PDX,OR,ANM,WE,Towers with Radar,410,47,24,22,503,0,16,26,2,44,410,63,50,24,547,0,0,0,547
07/19/2022,PDX,OR,ANM,WE,Towers with Radar,391,45,19,24,479,0,19,55,2,76,391,64,74,26,555,60,0,60,615
07/20/2022,PDX,OR,ANM,WE,Towers with Radar,397,50,19,19,485,0,21,43,3,67,397,71,62,22,552,48,0,48,600
07/21/2022,PDX,OR,ANM,WE,Towers with Radar,437,48,31,22,538,0,18,11,6,35,437,66,42,28,573,0,0,0,573
07/22/2022,PDX,OR,ANM,WE,Towers with Radar,432,53,24,17,526,0,21,9,0,30,432,74,33,17,556,0,0,0,556
07/23/2022,PDX,OR,ANM,WE,Towers with Radar,351,27,12,2,392,1,3,20,1,25,352,30,32,3,417,0,0,0,417
07/24/2022,PDX,OR,ANM,WE,Towers with Radar,407,21,18,0,446,0,1,22,0,23,407,22,40,0,469,0,0,0,469
07/25/2022,PDX,OR,ANM,WE,Towers with Radar,413,49,44,2,508,0,16,19,0,35,413,65,63,2,543,0,0,0,543
07/26/2022,PDX,OR,ANM,WE,Towers with Radar,404,49,23,12,488,0,15,33,0,48,404,64,56,12,536,16,0,16,552
07/27/2022,PDX,OR,ANM,WE,Towers with Radar,397,54,26,6,483,0,17,17,3,37,397,71,43,9,520,14,0,14,534
07/28/2022,PDX,OR,ANM,WE,Towers with Radar,444,54,24,8,530,0,21,12,6,39,444,75,36,14,569,0,1,1,570
07/29/2022,PDX,OR,ANM,WE,Towers with Radar,429,50,15,4,498,0,15,28,1,44,429,65,43,5,542,8,0,8,550
07/30/2022,PDX,OR,ANM,WE,Towers with Radar,355,31,17,0,403,0,7,12,0,19,355,38,29,0,422,4,0,4,426
07/31/2022,PDX,OR,ANM,WE,Towers with Radar,410,32,26,1,469,0,0,13,0,13,410,32,39,1,482,14,0,14,496
08/01/2022,PDX,OR,ANM,WE,Towers with Radar,405,45,17,12,479,0,16,15,1,32,405,61,32,13,511,0,0,0,511
08/02/2022,PDX,OR,ANM,WE,Towers with Radar,397,50,23,19,489,0,18,26,3,47,397,68,49,22,536,14,0,14,550
08/03/2022,PDX,OR,ANM,WE,Towers with Radar,392,56,23,14,485,0,19,19,0,38,392,75,42,14,523,16,0,16,539
08/04/2022,PDX,OR,ANM,WE,Towers with Radar,427,59,26,11,523,0,17,18,0,35,427,76,44,11,558,0,0,0,558
08/05/2022,PDX,OR,ANM,WE,Towers with Radar,415,48,11,11,485,0,18,14,2,34,415,66,25,13,519,0,0,0,519
08/06/2022,PDX,OR,ANM,WE,Towers with Radar,354,25,20,5,404,0,9,10,0,19,354,34,30,5,423,20,0,20,443
08/07/2022,PDX,OR,ANM,WE,Towers with Radar,398,17,15,2,432,0,0,16,0,16,398,17,31,2,448,2,0,2,450
08/08/2022,PDX,OR,ANM,WE,Towers with Radar,411,53,22,0,486,0,17,17,2,36,411,70,39,2,522,4,0,4,526
08/09/2022,PDX,OR,ANM,WE,Towers with Radar,391,65,33,13,502,0,14,10,2,26,391,79,43,15,528,0,0,0,528
08/10/2022,PDX,OR,ANM,WE,Towers with Radar,397,62,22,18,499,0,14,25,0,39,397,76,47,18,538,16,0,16,554
08/11/2022,PDX,OR,ANM,WE,Towers with Radar,424,49,39,6,518,0,17,14,2,33,424,66,53,8,551,14,0,14,565
08/12/2022,PDX,OR,ANM,WE,Towers with Radar,426,51,22,3,502,0,17,8,3,28,426,68,30,6,530,4,0,4,534
08/13/2022,PDX,OR,ANM,WE,Towers with Radar,354,35,13,1,403,0,7,15,0,22,354,42,28,1,425,0,0,0,425
08/14/2022,PDX,OR,ANM,WE,Towers with Radar,405,20,13,1,439,0,1,16,1,18,405,21,29,2,457,0,0,0,457
08/15/2022,PDX,OR,ANM,WE,Towers with Radar,410,51,27,7,495,0,17,14,0,31,410,68,41,7,526,0,0,0,526
08/16/2022,PDX,OR,ANM,WE,Towers with Radar,394,62,25,4,485,0,18,16,0,34,394,80,41,4,519,24,0,24,543
08/17/2022,PDX,OR,ANM,WE,Towers with Radar,398,40,18,10,466,0,20,16,2,38,398,60,34,12,504,2,0,2,506
08/18/2022,PDX,OR,ANM,WE,Towers with Radar,426,58,21,11,516,0,15,18,4,37,426,73,39,15,553,2,0,2,555
08/19/2022,PDX,OR,ANM,WE,Towers with Radar,430,47,31,12,520,0,19,27,11,57,430,66,58,23,577,12,0,12,589
08/20/2022,PDX,OR,ANM,WE,Towers with Radar,364,43,20,3,430,0,4,32,6,42,364,47,52,9,472,0,0,0,472
08/21/2022,PDX,OR,ANM,WE,Towers with Radar,394,23,19,1,437,0,2,21,13,36,394,25,40,14,473,6,0,6,479
08/22/2022,PDX,OR,ANM,WE,Towers with Radar,412,54,17,4,487,0,16,25,0,41,412,70,42,4,528,0,0,0,528
08/23/2022,PDX,OR,ANM,WE,Towers with Radar,396,58,27,8,489,0,17,23,0,40,396,75,50,8,529,10,0,10,539
08/24/2022,PDX,OR,ANM,WE,Towers with Radar,395,50,24,14,483,0,20,22,2,44,395,70,46,16,527,6,0,6,533
08/25/2022,PDX,OR,ANM,WE,Towers with Radar,433,54,32,11,530,0,16,20,0,36,433,70,52,11,566,0,0,0,566
08/26/2022,PDX,OR,ANM,WE,Towers with Radar,425,45,33,11,514,0,15,13,0,28,425,60,46,11,542,4,0,4,546
08/27/2022,PDX,OR,ANM,WE,Towers with Radar,356,27,12,1,396,0,5,10,1,16,356,32,22,2,412,0,0,0,412
08/28/2022,PDX,OR,ANM,WE,Towers with Radar,408,26,18,0,452,0,1,23,0,24,408,27,41,0,476,2,0,2,478
08/29/2022,PDX,OR,ANM,WE,Towers with Radar,417,41,14,10,482,0,14,26,4,44,417,55,40,14,526,30,0,30,556
08/30/2022,PDX,OR,ANM,WE,Towers with Radar,399,52,24,7,482,0,20,44,0,64,399,72,68,7,546,8,0,8,554
08/31/2022,PDX,OR,ANM,WE,Towers with Radar,400,51,27,12,490,0,23,17,3,43,400,74,44,15,533,22,0,22,555
09/01/2022,PDX,OR,ANM,WE,Towers with Radar,435,66,26,5,532,0,16,16,1,33,435,82,42,6,565,18,0,18,583
09/02/2022,PDX,OR,ANM,WE,Towers with Radar,422,50,25,0,497,0,15,20,0,35,422,65,45,0,532,8,0,8,540
09/03/2022,PDX,OR,ANM,WE,Towers with Radar,348,28,20,2,398,0,3,15,0,18,348,31,35,2,416,22,0,22,438
09/04/2022,PDX,OR,ANM,WE,Towers with Radar,391,22,14,0,427,0,0,10,0,10,391,22,24,0,437,0,0,0,437
09/05/2022,PDX,OR,ANM,WE,Towers with Radar,398,23,20,0,441,0,2,15,1,18,398,25,35,1,459,8,0,8,467
09/06/2022,PDX,OR,ANM,WE,Towers with Radar,365,46,23,9,443,0,19,36,1,56,365,65,59,10,499,35,0,35,534
09/07/2022,PDX,OR,ANM,WE,Towers with Radar,404,42,22,12,480,0,24,17,0,41,404,66,39,12,521,0,0,0,521
09/08/2022,PDX,OR,ANM,WE,Towers with Radar,442,47,31,9,529,0,25,29,0,54,442,72,60,9,583,16,0,16,599
09/09/2022,PDX,OR,ANM,WE,Towers with Radar,435,48,17,11,511,0,12,7,0,19,435,60,24,11,530,24,0,24,554
09/10/2022,PDX,OR,ANM,WE,Towers with Radar,357,28,27,9,421,0,2,4,0,6,357,30,31,9,427,4,0,4,431
09/11/2022,PDX,OR,ANM,WE,Towers with Radar,421,23,11,1,456,0,0,4,0,4,421,23,15,1,460,0,0,0,460
09/12/2022,PDX,OR,ANM,WE,Towers with Radar,418,47,33,0,498,0,15,3,1,19,418,62,36,1,517,30,0,30,547
09/13/2022,PDX,OR,ANM,WE,Towers with Radar,403,55,13,12,483,0,14,15,3,32,403,69,28,15,515,48,0,48,563
09/14/2022,PDX,OR,ANM,WE,Towers with Radar,415,49,24,16,504,0,19,15,0,34,415,68,39,16,538,36,0,36,574
09/15/2022,PDX,OR,ANM,WE,Towers with Radar,450,58,29,14,551,0,18,13,0,31,450,76,42,14,582,54,0,54,636
09/16/2022,PDX,OR,ANM,WE,Towers with Radar,431,50,32,8,521,0,13,10,0,23,431,63,42,8,544,12,0,12,556
09/17/2022,PDX,OR,ANM,WE,Towers with Radar,355,27,21,0,403,0,5,12,0,17,355,32,33,0,420,4,0,4,424
09/18/2022,PDX,OR,ANM,WE,Towers with Radar,408,14,18,0,440,0,0,34,0,34,408,14,52,0,474,22,0,22,496
09/19/2022,PDX,OR,ANM,WE,Towers with Radar,413,42,21,12,488,0,14,36,2,52,413,56,57,14,540,10,0,10,550
09/20/2022,PDX,OR,ANM,WE,Towers with Radar,408,59,34,3,504,0,16,37,7,60,408,75,71,10,564,16,0,16,580
09/21/2022,PDX,OR,ANM,WE,Towers with Radar,414,50,24,12,500,0,15,13,0,28,414,65,37,12,528,0,0,0,528
09/22/2022,PDX,OR,ANM,WE,Towers with Radar,452,50,18,10,530,0,15,17,1,33,452,65,35,11,563,0,0,0,563
09/23/2022,PDX,OR,ANM,WE,Towers with Radar,444,59,27,6,536,0,17,14,1,32,444,76,41,7,568,6,0,6,574
09/24/2022,PDX,OR,ANM,WE,Towers with Radar,362,29,15,2,408,0,5,16,0,21,362,34,31,2,429,18,0,18,447
09/25/2022,PDX,OR,ANM,WE,Towers with Radar,410,28,13,0,451,0,1,6,0,7,410,29,19,0,458,0,0,0,458
09/26/2022,PDX,OR,ANM,WE,Towers with Radar,424,42,27,8,501,0,15,9,0,24,424,57,36,8,525,14,6,20,545
09/27/2022,PDX,OR,ANM,WE,Towers with Radar,414,65,18,1,498,0,20,15,3,38,414,85,33,4,536,0,4,4,540
09/28/2022,PDX,OR,ANM,WE,Towers with Radar,408,57,35,8,508,0,15,3,1,19,408,72,38,9,527,0,0,0,527
09/29/2022,PDX,OR,ANM,WE,Towers with Radar,453,71,34,7,565,0,14,9,0,23,453,85,43,7,588,2,0,2,590
09/30/2022,PDX,OR,ANM,WE,Towers with Radar,432,59,27,0,518,0,12,22,0,34,432,71,49,0,552,68,0,68,620
10/01/2022,PDX,OR,ANM,WE,Towers with Radar,338,28,11,0,377,0,7,11,0,18,338,35,22,0,395,10,0,10,405
10/02/2022,PDX,OR,ANM,WE,Towers with Radar,398,22,30,0,450,0,0,23,0,23,398,22,53,0,473,8,0,8,481
10/03/2022,PDX,OR,ANM,WE,Towers with Radar,407,50,29,0,486,0,14,11,1,26,407,64,40,1,512,0,0,0,512
10/04/2022,PDX,OR,ANM,WE,Towers with Radar,400,58,24,12,494,0,15,3,0,18,400,73,27,12,512,12,0,12,524
10/05/2022,PDX,OR,ANM,WE,Towers with Radar,396,45,35,2,478,0,15,15,0,30,396,60,50,2,508,6,0,6,514
10/06/2022,PDX,OR,ANM,WE,Towers with Radar,408,46,28,10,492,0,18,9,0,27,408,64,37,10,519,0,0,0,519
10/07/2022,PDX,OR,ANM,WE,Towers with Radar,400,53,20,1,474,0,18,11,0,29,400,71,31,1,503,4,0,4,507
10/08/2022,PDX,OR,ANM,WE,Towers with Radar,312,26,17,0,355,0,4,20,0,24,312,30,37,0,379,2,0,2,381
10/09/2022,PDX,OR,ANM,WE,Towers with Radar,378,19,19,0,416,0,1,16,0,17,378,20,35,0,433,8,0,8,441
10/10/2022,PDX,OR,ANM,WE,Towers with Radar,392,41,30,1,464,0,14,36,2,52,392,55,66,3,516,0,0,0,516
10/11/2022,PDX,OR,ANM,WE,Towers with Radar,370,58,24,7,459,0,22,24,4,50,370,80,48,11,509,14,0,14,523
10/12/2022,PDX,OR,ANM,WE,Towers with Radar,369,55,26,0,450,0,13,9,2,24,369,68,35,2,474,6,0,6,480
10/13/2022,PDX,OR,ANM,WE,Towers with Radar,404,46,18,7,475,0,15,24,3,42,404,61,42,10,517,0,0,0,517
10/14/2022,PDX,OR,ANM,WE,Towers with Radar,414,45,23,5,487,0,13,7,5,25,414,58,30,10,512,0,0,0,512
10/15/2022,PDX,OR,ANM,WE,Towers with Radar,314,22,4,4,344,0,6,5,8,19,314,28,9,12,363,0,0,0,363
10/16/2022,PDX,OR,ANM,WE,Towers with Radar,376,22,9,4,411,0,9,28,0,37,376,31,37,4,448,17,0,17,465
10/17/2022,PDX,OR,ANM,WE,Towers with Radar,397,38,15,0,450,0,16,13,0,29,397,54,28,0,479,0,0,0,479
10/18/2022,PDX,OR,ANM,WE,Towers with Radar,365,61,34,10,470,0,7,2,0,9,365,68,36,10,479,4,0,4,483
10/19/2022,PDX,OR,ANM,WE,Towers with Radar,381,72,20,0,473,0,3,24,0,27,381,75,44,0,500,16,0,16,516
10/20/2022,PDX,OR,ANM,WE,Towers with Radar,408,62,37,9,516,0,13,1,0,14,408,75,38,9,530,0,0,0,530
10/21/2022,PDX,OR,ANM,WE,Towers with Radar,400,78,31,1,510,0,4,1,0,5,400,82,32,1,515,0,0,0,515
10/22/2022,PDX,OR,ANM,WE,Towers with Radar,311,30,17,0,358,0,5,3,0,8,311,35,20,0,366,0,0,0,366
10/23/2022,PDX,OR,ANM,WE,Towers with Radar,377,30,21,2,430,0,1,8,0,9,377,31,29,2,439,2,0,2,441
10/24/2022,PDX,OR,ANM,WE,Towers with Radar,395,48,23,6,472,0,12,5,0,17,395,60,28,6,489,8,0,8,497
10/25/2022,PDX,OR,ANM,WE,Towers with Radar,361,68,34,8,471,0,2,2,0,4,361,70,36,8,475,0,0,0,475
10/26/2022,PDX,OR,ANM,WE,Towers with Radar,366,54,39,2,461,0,15,6,0,21,366,69,45,2,482,0,0,0,482
10/27/2022,PDX,OR,ANM,WE,Towers with Radar,406,62,32,7,507,0,21,10,4,35,406,83,42,11,542,0,0,0,542
10/28/2022,PDX,OR,ANM,WE,Towers with Radar,389,72,39,0,500,0,0,6,0,6,389,72,45,0,506,10,0,10,516
10/29/2022,PDX,OR,ANM,WE,Towers with Radar,307,36,14,0,357,0,1,2,0,3,307,37,16,0,360,0,0,0,360
10/30/2022,PDX,OR,ANM,WE,Towers with Radar,369,22,17,0,408,0,2,9,0,11,369,24,26,0,419,4,0,4,423
10/31/2022,PDX,OR,ANM,WE,Towers with Radar,379,58,18,2,457,0,0,2,0,2,379,58,20,2,459,0,0,0,459
11/01/2022,PDX,OR,ANM,WE,Towers with Radar,348,51,15,13,427,0,15,4,0,19,348,66,19,13,446,0,0,0,446
11/02/2022,PDX,OR,ANM,WE,Towers with Radar,370,59,27,3,459,0,13,1,0,14,370,72,28,3,473,0,0,0,473
11/03/2022,PDX,OR,ANM,WE,Towers with Radar,388,51,38,11,488,0,11,4,3,18,388,62,42,14,506,0,0,0,506
11/04/2022,PDX,OR,ANM,WE,Towers with Radar,395,66,9,4,474,0,0,0,0,0,395,66,9,4,474,0,0,0,474
11/05/2022,PDX,OR,ANM,WE,Towers with Radar,306,33,10,0,349,0,5,5,0,10,306,38,15,0,359,0,0,0,359
11/06/2022,PDX,OR,ANM,WE,Towers with Radar,355,30,18,0,403,0,0,0,0,0,355,30,18,0,403,0,0,0,403
11/07/2022,PDX,OR,ANM,WE,Towers with Radar,367,66,19,0,452,0,0,0,0,0,367,66,19,0,452,0,0,0,452
11/08/2022,PDX,OR,ANM,WE,Towers with Radar,348,65,34,7,454,0,15,20,0,35,348,80,54,7,489,34,0,34,523
11/09/2022,PDX,OR,ANM,WE,Towers with Radar,358,56,21,2,437,0,16,23,0,39,358,72,44,2,476,0,0,0,476
11/10/2022,PDX,OR,ANM,WE,Towers with Radar,389,50,29,6,474,0,20,13,1,34,389,70,42,7,508,2,0,2,510
11/11/2022,PDX,OR,ANM,WE,Towers with Radar,380,63,24,2,469,0,16,4,0,20,380,79,28,2,489,0,0,0,489
11/12/2022,PDX,OR,ANM,WE,Towers with Radar,302,26,15,0,343,0,6,13,0,19,302,32,28,0,362,6,0,6,368
11/13/2022,PDX,OR,ANM,WE,Towers with Radar,372,19,19,0,410,0,1,12,1,14,372,20,31,1,424,18,0,18,442
11/14/2022,PDX,OR,ANM,WE,Towers with Radar,390,50,35,1,476,0,19,14,3,36,390,69,49,4,512,0,0,0,512
11/15/2022,PDX,OR,ANM,WE,Towers with Radar,359,54,22,9,444,0,18,10,0,28,359,72,32,9,472,0,0,0,472
11/16/2022,PDX,OR,ANM,WE,Towers with Radar,369,57,37,2,465,0,19,4,0,23,369,76,41,2,488,18,0,18,506
11/17/2022,PDX,OR,ANM,WE,Towers with Radar,384,64,23,6,477,0,16,4,0,20,384,80,27,6,497,0,0,0,497
11/18/2022,PDX,OR,ANM,WE,Towers with Radar,405,52,23,1,481,0,17,8,4,29,405,69,31,5,510,0,0,0,510
11/19/2022,PDX,OR,ANM,WE,Towers with Radar,366,32,12,1,411,0,6,11,0,17,366,38,23,1,428,0,0,0,428
11/20/2022,PDX,OR,ANM,WE,Towers with Radar,402,24,12,0,438,0,0,1,0,1,402,24,13,0,439,0,0,0,439
11/21/2022,PDX,OR,ANM,WE,Towers with Radar,398,43,23,0,464,0,17,21,0,38,398,60,44,0,502,8,0,8,510
11/22/2022,PDX,OR,ANM,WE,Towers with Radar,433,61,18,6,518,0,11,1,0,12,433,72,19,6,530,0,0,0,530
11/23/2022,PDX,OR,ANM,WE,Towers with Radar,442,68,40,0,550,0,10,3,0,13,442,78,43,0,563,0,0,0,563
11/24/2022,PDX,OR,ANM,WE,Towers with Radar,252,9,7,0,268,0,1,7,0,8,252,10,14,0,276,0,0,0,276
11/25/2022,PDX,OR,ANM,WE,Towers with Radar,369,75,28,0,472,0,0,0,0,0,369,75,28,0,472,0,0,0,472
11/26/2022,PDX,OR,ANM,WE,Towers with Radar,376,50,30,0,456,0,0,2,0,2,376,50,32,0,458,0,0,0,458
11/27/2022,PDX,OR,ANM,WE,Towers with Radar,443,36,27,0,506,0,0,1,0,1,443,36,28,0,507,0,0,0,507
11/28/2022,PDX,OR,ANM,WE,Towers with Radar,407,52,30,0,489,1,16,11,0,28,408,68,41,0,517,0,0,0,517
11/29/2022,PDX,OR,ANM,WE,Towers with Radar,415,85,16,8,524,0,0,0,0,0,415,85,16,8,524,0,0,0,524
11/30/2022,PDX,OR,ANM,WE,Towers with Radar,378,68,18,0,464,0,15,2,0,17,378,83,20,0,481,0,0,0,481
12/01/2022,PDX,OR,ANM,WE,Towers with Radar,414,73,17,8,512,0,11,4,0,15,414,84,21,8,527,0,0,0,527
12/02/2022,PDX,OR,ANM,WE,Towers with Radar,396,48,19,0,463,0,15,4,0,19,396,63,23,0,482,0,0,0,482
12/03/2022,PDX,OR,ANM,WE,Towers with Radar,305,27,15,0,347,0,5,7,0,12,305,32,22,0,359,0,0,0,359
12/04/2022,PDX,OR,ANM,WE,Towers with Radar,371,21,18,0,410,0,0,0,0,0,371,21,18,0,410,0,0,0,410
12/05/2022,PDX,OR,ANM,WE,Towers with Radar,390,53,27,2,472,0,12,3,0,15,390,65,30,2,487,0,0,0,487
12/06/2022,PDX,OR,ANM,WE,Towers with Radar,372,70,10,16,468,0,10,0,0,10,372,80,10,16,478,0,0,0,478
12/07/2022,PDX,OR,ANM,WE,Towers with Radar,380,88,25,2,495,0,2,2,0,4,380,90,27,2,499,0,0,0,499
12/08/2022,PDX,OR,ANM,WE,Towers with Radar,410,82,23,16,531,0,0,0,0,0,410,82,23,16,531,0,0,0,531
12/09/2022,PDX,OR,ANM,WE,Towers with Radar,398,81,20,0,499,0,0,0,0,0,398,81,20,0,499,0,0,0,499
12/10/2022,PDX,OR,ANM,WE,Towers with Radar,302,33,15,0,350,0,4,1,0,5,302,37,16,0,355,0,0,0,355
12/11/2022,PDX,OR,ANM,WE,Towers with Radar,372,23,12,0,407,0,1,0,0,1,372,24,12,0,408,0,0,0,408
12/12/2022,PDX,OR,ANM,WE,Towers with Radar,397,48,21,1,467,0,12,6,1,19,397,60,27,2,486,0,0,0,486
12/13/2022,PDX,OR,ANM,WE,Towers with Radar,382,54,18,10,464,0,13,0,0,13,382,67,18,10,477,0,0,0,477
12/14/2022,PDX,OR,ANM,WE,Towers with Radar,390,65,22,0,477,0,14,7,1,22,390,79,29,1,499,10,0,10,509
12/15/2022,PDX,OR,ANM,WE,Towers with Radar,431,63,30,5,529,0,17,11,1,29,431,80,41,6,558,2,0,2,560
12/16/2022,PDX,OR,ANM,WE,Towers with Radar,448,67,21,0,536,0,20,16,0,36,448,87,37,0,572,6,0,6,578
12/17/2022,PDX,OR,ANM,WE,Towers with Radar,392,31,17,0,440,0,10,20,0,30,392,41,37,0,470,2,0,2,472
12/18/2022,PDX,OR,ANM,WE,Towers with Radar,402,16,10,1,429,0,0,0,0,0,402,16,10,1,429,0,0,0,429
12/19/2022,PDX,OR,ANM,WE,Towers with Radar,410,51,37,1,499,0,17,3,0,20,410,68,40,1,519,0,0,0,519
12/20/2022,PDX,OR,ANM,WE,Towers with Radar,406,82,29,13,530,0,1,0,0,1,406,83,29,13,531,0,0,0,531
12/21/2022,PDX,OR,ANM,WE,Towers with Radar,425,56,30,5,516,0,17,7,0,24,425,73,37,5,540,0,0,0,540
12/22/2022,PDX,OR,ANM,WE,Towers with Radar,364,56,20,0,440,0,15,3,0,18,364,71,23,0,458,0,0,0,458
12/23/2022,PDX,OR,ANM,WE,Towers with Radar,34,7,4,0,45,0,0,0,0,0,34,7,4,0,45,0,0,0,45
12/24/2022,PDX,OR,ANM,WE,Towers with Radar,141,25,19,0,185,0,0,0,0,0,141,25,19,0,185,0,0,0,185
12/25/2022,PDX,OR,ANM,WE,Towers with Radar,249,26,10,0,285,0,0,0,0,0,249,26,10,0,285,0,0,0,285
12/26/2022,PDX,OR,ANM,WE,Towers with Radar,310,32,25,0,367,0,0,0,0,0,310,32,25,0,367,0,0,0,367
12/27/2022,PDX,OR,ANM,WE,Towers with Radar,351,56,15,0,422,0,2,1,0,3,351,58,16,0,425,0,0,0,425
12/28/2022,PDX,OR,ANM,WE,Towers with Radar,368,78,18,0,464,0,6,4,1,11,368,84,22,1,475,0,0,0,475
12/29/2022,PDX,OR,ANM,WE,Towers with Radar,395,89,22,0,506,0,0,3,0,3,395,89,25,0,509,0,0,0,509
12/30/2022,PDX,OR,ANM,WE,Towers with Radar,411,72,17,0,500,0,10,1,0,11,411,82,18,0,511,0,0,0,511
12/31/2022,PDX,OR,ANM,WE,Towers with Radar,287,20,14,0,321,0,0,2,0,2,287,20,16,0,323,6,0,6,329
01/01/2023,PDX,OR,ANM,WE,Towers with Radar,333,15,10,0,358,0,0,1,0,1,333,15,11,0,359,0,0,0,359
01/02/2023,PDX,OR,ANM,WE,Towers with Radar,370,24,12,0,406,0,1,1,0,2,370,25,13,0,408,0,0,0,408
01/03/2023,PDX,OR,ANM,WE,Towers with Radar,379,61,20,12,472,0,12,14,0,26,379,73,34,12,498,12,0,12,510
01/04/2023,PDX,OR,ANM,WE,Towers with Radar,385,55,20,2,462,0,16,4,0,20,385,71,24,2,482,0,0,0,482
01/05/2023,PDX,OR,ANM,WE,Towers with Radar,416,67,18,1,502,0,9,1,1,11,416,76,19,2,513,0,0,0,513
01/06/2023,PDX,OR,ANM,WE,Towers with Radar,406,58,24,2,490,0,14,5,0,19,406,72,29,2,509,16,0,16,525
01/07/2023,PDX,OR,ANM,WE,Towers with Radar,329,29,10,0,368,0,6,5,0,11,329,35,15,0,379,2,0,2,381
01/08/2023,PDX,OR,ANM,WE,Towers with Radar,359,18,13,2,392,0,0,3,0,3,359,18,16,2,395,0,0,0,395
01/09/2023,PDX,OR,ANM,WE,Towers with Radar,388,45,17,3,453,0,5,4,0,9,388,50,21,3,462,0,0,0,462
01/10/2023,PDX,OR,ANM,WE,Towers with Radar,382,58,20,8,468,0,13,17,2,32,382,71,37,10,500,0,0,0,500
01/11/2023,PDX,OR,ANM,WE,Towers with Radar,372,59,28,3,462,0,15,17,3,35,372,74,45,6,497,4,0,4,501
01/12/2023,PDX,OR,ANM,WE,Towers with Radar,412,60,30,2,504,0,15,3,2,20,412,75,33,4,524,0,0,0,524
01/13/2023,PDX,OR,ANM,WE,Towers with Radar,402,61,11,0,474,0,11,4,2,17,402,72,15,2,491,0,0,0,491
01/14/2023,PDX,OR,ANM,WE,Towers with Radar,318,36,17,0,371,0,3,5,0,8,318,39,22,0,379,4,0,4,383
01/15/2023,PDX,OR,ANM,WE,Towers with Radar,343,17,14,0,374,0,0,0,2,2,343,17,14,2,376,0,0,0,376
01/16/2023,PDX,OR,ANM,WE,Towers with Radar,389,51,30,0,470,0,11,14,0,25,389,62,44,0,495,0,0,0,495
01/17/2023,PDX,OR,ANM,WE,Towers with Radar,380,59,18,10,467,0,11,4,0,15,380,70,22,10,482,0,0,0,482
01/18/2023,PDX,OR,ANM,WE,Towers with Radar,386,71,17,1,475,0,0,0,0,0,386,71,17,1,475,0,0,0,475
01/19/2023,PDX,OR,ANM,WE,Towers with Radar,407,55,21,3,486,0,13,0,0,13,407,68,21,3,499,0,0,0,499
01/20/2023,PDX,OR,ANM,WE,Towers with Radar,411,64,31,0,506,0,1,0,0,1,411,65,31,0,507,0,0,0,507
01/21/2023,PDX,OR,ANM,WE,Towers with Radar,332,33,12,1,378,0,1,6,0,7,332,34,18,1,385,0,0,0,385
01/22/2023,PDX,OR,ANM,WE,Towers with Radar,349,23,20,1,393,0,0,35,0,35,349,23,55,1,428,12,0,12,440
01/23/2023,PDX,OR,ANM,WE,Towers with Radar,401,48,21,0,470,0,12,27,0,39,401,60,48,0,509,4,0,4,513
01/24/2023,PDX,OR,ANM,WE,Towers with Radar,373,49,20,9,451,0,14,9,2,25,373,63,29,11,476,2,0,2,478
01/25/2023,PDX,OR,ANM,WE,Towers with Radar,376,61,34,0,471,0,2,8,0,10,376,63,42,0,481,28,0,28,509
01/26/2023,PDX,OR,ANM,WE,Towers with Radar,415,68,25,12,520,0,1,2,0,3,415,69,27,12,523,0,0,0,523
01/27/2023,PDX,OR,ANM,WE,Towers with Radar,401,72,20,0,493,0,4,1,0,5,401,76,21,0,498,0,0,0,498
01/28/2023,PDX,OR,ANM,WE,Towers with Radar,318,48,18,1,385,0,0,1,0,1,318,48,19,1,386,0,0,0,386
01/29/2023,PDX,OR,ANM,WE,Towers with Radar,345,21,14,1,381,0,3,12,0,15,345,24,26,1,396,8,0,8,404
01/30/2023,PDX,OR,ANM,WE,Towers with Radar,374,45,25,9,453,0,15,43,2,60,374,60,68,11,513,10,0,10,523
01/31/2023,PDX,OR,ANM,WE,Towers with Radar,369,56,11,21,457,0,15,22,0,37,369,71,33,21,494,4,0,4,498
02/01/2023,PDX,OR,ANM,WE,Towers with Radar,372,56,20,10,458,0,22,24,0,46,372,78,44,10,504,2,0,2,506
02/02/2023,PDX,OR,ANM,WE,Towers with Radar,399,55,17,7,478,0,17,20,0,37,399,72,37,7,515,4,0,4,519
02/03/2023,PDX,OR,ANM,WE,Towers with Radar,390,56,19,12,477,0,14,1,0,15,390,70,20,12,492,0,0,0,492
02/04/2023,PDX,OR,ANM,WE,Towers with Radar,332,29,10,7,378,0,4,5,0,9,332,33,15,7,387,0,0,0,387
02/05/2023,PDX,OR,ANM,WE,Towers with Radar,358,19,14,0,391,0,2,0,0,2,358,21,14,0,393,0,0,0,393
02/06/2023,PDX,OR,ANM,WE,Towers with Radar,406,52,12,0,470,0,2,11,0,13,406,54,23,0,483,10,0,10,493
02/07/2023,PDX,OR,ANM,WE,Towers with Radar,376,48,17,15,456,0,12,1,2,15,376,60,18,17,471,0,0,0,471
02/08/2023,PDX,OR,ANM,WE,Towers with Radar,384,54,34,11,483,0,16,8,1,25,384,70,42,12,508,0,0,0,508
02/09/2023,PDX,OR,ANM,WE,Towers with Radar,415,45,16,5,481,0,19,4,0,23,415,64,20,5,504,0,0,0,504
02/10/2023,PDX,OR,ANM,WE,Towers with Radar,403,49,23,4,479,0,12,18,0,30,403,61,41,4,509,22,0,22,531
02/11/2023,PDX,OR,ANM,WE,Towers with Radar,322,23,16,4,365,0,3,14,0,17,322,26,30,4,382,10,0,10,392
02/12/2023,PDX,OR,ANM,WE,Towers with Radar,347,22,7,0,376,0,1,3,0,4,347,23,10,0,380,0,0,0,380
02/13/2023,PDX,OR,ANM,WE,Towers with Radar,385,52,41,15,493,0,10,0,0,10,385,62,41,15,503,0,0,0,503
02/14/2023,PDX,OR,ANM,WE,Towers with Radar,367,61,25,14,467,0,11,6,0,17,367,72,31,14,484,2,0,2,486
02/15/2023,PDX,OR,ANM,WE,Towers with Radar,386,58,19,8,471,1,13,23,1,38,387,71,42,9,509,10,0,10,519
02/16/2023,PDX,OR,ANM,WE,Towers with Radar,408,50,17,11,486,0,17,14,6,37,408,67,31,17,523,0,0,0,523
02/17/2023,PDX,OR,ANM,WE,Towers with Radar,408,42,17,0,467,0,20,10,0,30,408,62,27,0,497,0,0,0,497
02/18/2023,PDX,OR,ANM,WE,Towers with Radar,336,34,10,0,380,0,2,3,2,7,336,36,13,2,387,22,0,22,409
02/19/2023,PDX,OR,ANM,WE,Towers with Radar,362,15,12,0,389,0,1,5,1,7,362,16,17,1,396,0,0,0,396
02/20/2023,PDX,OR,ANM,WE,Towers with Radar,398,52,31,0,481,0,8,4,0,12,398,60,35,0,493,2,0,2,495
02/21/2023,PDX,OR,ANM,WE,Towers with Radar,404,49,17,13,483,0,12,2,0,14,404,61,19,13,497,0,0,0,497
02/22/2023,PDX,OR,ANM,WE,Towers with Radar,244,31,8,5,288,0,0,0,0,0,244,31,8,5,288,0,0,0,288
02/23/2023,PDX,OR,ANM,WE,Towers with Radar,207,18,13,0,238,0,4,0,0,4,207,22,13,0,242,0,0,0,242
02/24/2023,PDX,OR,ANM,WE,Towers with Radar,376,25,14,0,415,0,3,6,0,9,376,28,20,0,424,0,0,0,424
02/25/2023,PDX,OR,ANM,WE,Towers with Radar,333,40,20,0,393,0,3,20,0,23,333,43,40,0,416,18,0,18,434
02/26/2023,PDX,OR,ANM,WE,Towers with Radar,357,26,18,0,401,0,0,0,0,0,357,26,18,0,401,0,0,0,401
02/27/2023,PDX,OR,ANM,WE,Towers with Radar,406,55,19,10,490,0,9,6,0,15,406,64,25,10,505,4,0,4,509
02/28/2023,PDX,OR,ANM,WE,Towers with Radar,398,71,30,19,518,0,0,0,0,0,398,71,30,19,518,0,0,0,518
03/01/2023,PDX,OR,ANM,WE,Towers with Radar,400,57,31,12,500,0,14,9,0,23,400,71,40,12,523,0,0,0,523
03/02/2023,PDX,OR,ANM,WE,Towers with Radar,411,55,32,8,506,0,15,5,0,20,411,70,37,8,526,6,0,6,532
03/03/2023,PDX,OR,ANM,WE,Towers with Radar,420,65,25,9,519,0,0,3,0,3,420,65,28,9,522,0,0,0,522
03/04/2023,PDX,OR,ANM,WE,Towers with Radar,334,28,9,23,394,0,2,2,0,4,334,30,11,23,398,0,0,0,398
03/05/2023,PDX,OR,ANM,WE,Towers with Radar,355,26,12,0,393,0,1,7,0,8,355,27,19,0,401,2,0,2,403
03/06/2023,PDX,OR,ANM,WE,Towers with Radar,407,44,15,0,466,0,15,5,0,20,407,59,20,0,486,4,0,4,490
03/07/2023,PDX,OR,ANM,WE,Towers with Radar,394,51,20,19,484,0,14,4,0,18,394,65,24,19,502,0,0,0,502
03/08/2023,PDX,OR,ANM,WE,Towers with Radar,395,63,24,9,491,0,13,3,0,16,395,76,27,9,507,0,0,0,507
03/09/2023,PDX,OR,ANM,WE,Towers with Radar,407,64,24,6,501,0,9,2,0,11,407,73,26,6,512,0,0,0,512
03/10/2023,PDX,OR,ANM,WE,Towers with Radar,421,50,12,7,490,0,4,6,0,10,421,54,18,7,500,8,0,8,508
03/11/2023,PDX,OR,ANM,WE,Towers with Radar,344,28,9,0,381,0,6,22,0,28,344,34,31,0,409,33,0,33,442
03/12/2023,PDX,OR,ANM,WE,Towers with Radar,352,27,11,0,390,0,0,1,0,1,352,27,12,0,391,0,0,0,391
03/13/2023,PDX,OR,ANM,WE,Towers with Radar,412,61,21,0,494,0,0,1,0,1,412,61,22,0,495,0,0,0,495
03/14/2023,PDX,OR,ANM,WE,Towers with Radar,393,42,32,2,469,0,14,7,1,22,393,56,39,3,491,0,0,0,491
03/15/2023,PDX,OR,ANM,WE,Towers with Radar,395,40,17,24,476,0,16,14,4,34,395,56,31,28,510,0,0,0,510
03/16/2023,PDX,OR,ANM,WE,Towers with Radar,415,41,21,18,495,0,15,32,2,49,415,56,53,20,544,0,0,0,544
03/17/2023,PDX,OR,ANM,WE,Towers with Radar,418,45,17,7,487,0,15,14,4,33,418,60,31,11,520,109,0,109,629
03/18/2023,PDX,OR,ANM,WE,Towers with Radar,345,19,6,1,371,0,4,38,0,42,345,23,44,1,413,72,0,72,485
03/19/2023,PDX,OR,ANM,WE,Towers with Radar,366,17,21,1,405,0,0,5,1,6,366,17,26,2,411,0,0,0,411
03/20/2023,PDX,OR,ANM,WE,Towers with Radar,408,51,23,1,483,0,10,4,0,14,408,61,27,1,497,0,0,0,497
03/21/2023,PDX,OR,ANM,WE,Towers with Radar,383,47,17,18,465,0,14,17,0,31,383,61,34,18,496,0,0,0,496
03/22/2023,PDX,OR,ANM,WE,Towers with Radar,403,49,15,13,480,0,18,15,0,33,403,67,30,13,513,0,2,2,515
03/23/2023,PDX,OR,ANM,WE,Towers with Radar,407,67,25,16,515,0,9,1,0,10,407,76,26,16,525,4,0,4,529
03/24/2023,PDX,OR,ANM,WE,Towers with Radar,424,60,31,8,523,0,4,2,0,6,424,64,33,8,529,0,0,0,529
03/25/2023,PDX,OR,ANM,WE,Towers with Radar,358,38,15,0,411,0,2,2,0,4,358,40,17,0,415,0,0,0,415
03/26/2023,PDX,OR,ANM,WE,Towers with Radar,365,18,15,0,398,0,1,2,1,4,365,19,17,1,402,4,0,4,406
03/27/2023,PDX,OR,ANM,WE,Towers with Radar,417,48,27,9,501,0,13,43,2,58,417,61,70,11,559,12,0,12,571
03/28/2023,PDX,OR,ANM,WE,Towers with Radar,399,59,23,16,497,0,6,2,3,11,399,65,25,19,508,0,0,0,508
03/29/2023,PDX,OR,ANM,WE,Towers with Radar,407,47,27,0,481,0,21,12,0,33,407,68,39,0,514,30,0,30,544
03/30/2023,PDX,OR,ANM,WE,Towers with Radar,429,52,17,14,512,0,14,16,0,30,429,66,33,14,542,8,0,8,550
03/31/2023,PDX,OR,ANM,WE,Towers with Radar,411,68,27,9,515,0,1,1,0,2,411,69,28,9,517,0,0,0,517
04/01/2023,PDX,OR,ANM,WE,Towers with Radar,357,40,14,11,422,0,3,5,0,8,357,43,19,11,430,2,0,2,432
04/02/2023,PDX,OR,ANM,WE,Towers with Radar,367,28,10,0,405,0,0,1,0,1,367,28,11,0,406,0,0,0,406
04/03/2023,PDX,OR,ANM,WE,Towers with Radar,409,46,10,2,467,0,12,2,0,14,409,58,12,2,481,0,0,0,481
04/04/2023,PDX,OR,ANM,WE,Towers with Radar,413,54,11,15,493,0,16,5,0,21,413,70,16,15,514,0,0,0,514
04/05/2023,PDX,OR,ANM,WE,Towers with Radar,410,46,22,10,488,0,14,7,0,21,410,60,29,10,509,0,0,0,509
04/06/2023,PDX,OR,ANM,WE,Towers with Radar,433,50,27,14,524,0,13,10,0,23,433,63,37,14,547,0,6,6,553
04/07/2023,PDX,OR,ANM,WE,Towers with Radar,425,53,28,6,512,0,11,10,3,24,425,64,38,9,536,4,0,4,540
04/08/2023,PDX,OR,ANM,WE,Towers with Radar,366,23,9,0,398,0,7,26,0,33,366,30,35,0,431,14,0,14,445
04/09/2023,PDX,OR,ANM,WE,Towers with Radar,383,23,14,0,420,0,0,13,0,13,383,23,27,0,433,0,0,0,433
04/10/2023,PDX,OR,ANM,WE,Towers with Radar,416,54,20,11,501,0,0,4,0,4,416,54,24,11,505,0,0,0,505
04/11/2023,PDX,OR,ANM,WE,Towers with Radar,425,50,19,15,509,0,15,8,0,23,425,65,27,15,532,10,0,10,542
04/12/2023,PDX,OR,ANM,WE,Towers with Radar,425,48,27,14,514,0,12,23,0,35,425,60,50,14,549,17,0,17,566
04/13/2023,PDX,OR,ANM,WE,Towers with Radar,446,60,22,6,534,0,17,24,0,41,446,77,46,6,575,26,0,26,601
04/14/2023,PDX,OR,ANM,WE,Towers with Radar,426,49,22,7,504,0,15,32,0,47,426,64,54,7,551,38,0,38,589
04/15/2023,PDX,OR,ANM,WE,Towers with Radar,358,24,16,2,400,0,4,36,1,41,358,28,52,3,441,16,0,16,457
04/16/2023,PDX,OR,ANM,WE,Towers with Radar,386,15,11,0,412,0,0,1,0,1,386,15,12,0,413,0,0,0,413
04/17/2023,PDX,OR,ANM,WE,Towers with Radar,428,57,25,0,510,0,7,6,0,13,428,64,31,0,523,12,0,12,535
04/18/2023,PDX,OR,ANM,WE,Towers with Radar,415,64,24,9,512,0,9,0,0,9,415,73,24,9,521,0,0,0,521
04/19/2023,PDX,OR,ANM,WE,Towers with Radar,414,52,28,6,500,0,11,12,0,23,414,63,40,6,523,4,0,4,527
04/20/2023,PDX,OR,ANM,WE,Towers with Radar,435,74,22,11,542,0,1,0,0,1,435,75,22,11,543,4,0,4,547
04/21/2023,PDX,OR,ANM,WE,Towers with Radar,420,56,28,11,515,0,13,11,0,24,420,69,39,11,539,10,0,10,549
04/22/2023,PDX,OR,ANM,WE,Towers with Radar,347,26,17,0,390,0,3,7,0,10,347,29,24,0,400,67,0,67,467
04/23/2023,PDX,OR,ANM,WE,Towers with Radar,371,24,27,0,422,0,1,34,0,35,371,25,61,0,457,2,0,2,459
04/24/2023,PDX,OR,ANM,WE,Towers with Radar,421,47,15,5,488,0,12,23,1,36,421,59,38,6,524,8,0,8,532
04/25/2023,PDX,OR,ANM,WE,Towers with Radar,412,50,22,9,493,0,13,34,0,47,412,63,56,9,540,0,0,0,540
04/26/2023,PDX,OR,ANM,WE,Towers with Radar,419,39,31,5,494,0,18,37,0,55,419,57,68,5,549,6,0,6,555
04/27/2023,PDX,OR,ANM,WE,Towers with Radar,437,42,18,10,507,0,15,21,1,37,437,57,39,11,544,8,0,8,552
04/28/2023,PDX,OR,ANM,WE,Towers with Radar,425,51,22,14,512,0,17,28,2,47,425,68,50,16,559,26,0,26,585
04/29/2023,PDX,OR,ANM,WE,Towers with Radar,345,29,12,0,386,0,9,28,1,38,345,38,40,1,424,0,0,0,424
04/30/2023,PDX,OR,ANM,WE,Towers with Radar,365,27,14,1,407,0,0,24,0,24,365,27,38,1,431,0,0,0,431
05/01/2023,PDX,OR,ANM,WE,Towers with Radar,417,38,38,1,494,0,14,36,0,50,417,52,74,1,544,3,0,3,547
05/02/2023,PDX,OR,ANM,WE,Towers with Radar,415,55,27,0,497,0,17,57,0,74,415,72,84,0,571,2,0,2,573
05/03/2023,PDX,OR,ANM,WE,Towers with Radar,422,60,20,2,504,0,15,10,2,27,422,75,30,4,531,10,0,10,541
05/04/2023,PDX,OR,ANM,WE,Towers with Radar,423,65,26,19,533,0,0,3,1,4,423,65,29,20,537,0,0,0,537
05/05/2023,PDX,OR,ANM,WE,Towers with Radar,426,55,25,16,522,0,11,6,0,17,426,66,31,16,539,2,0,2,541
05/06/2023,PDX,OR,ANM,WE,Towers with Radar,353,27,12,6,398,0,5,6,0,11,353,32,18,6,409,2,0,2,411
05/07/2023,PDX,OR,ANM,WE,Towers with Radar,375,25,11,1,412,0,4,4,1,9,375,29,15,2,421,1,0,1,422
05/08/2023,PDX,OR,ANM,WE,Towers with Radar,429,59,11,4,503,0,8,5,2,15,429,67,16,6,518,0,0,0,518
05/09/2023,PDX,OR,ANM,WE,Towers with Radar,423,53,25,12,513,0,15,9,1,25,423,68,34,13,538,6,0,6,544
05/10/2023,PDX,OR,ANM,WE,Towers with Radar,430,43,32,13,518,0,17,49,2,68,430,60,81,15,586,9,0,9,595
05/11/2023,PDX,OR,ANM,WE,Towers with Radar,446,48,16,11,521,0,21,20,0,41,446,69,36,11,562,0,0,0,562
05/12/2023,PDX,OR,ANM,WE,Towers with Radar,427,51,25,15,518,0,18,31,3,52,427,69,56,18,570,10,0,10,580
05/13/2023,PDX,OR,ANM,WE,Towers with Radar,365,28,12,0,405,2,12,53,0,67,367,40,65,0,472,2,0,2,474
05/14/2023,PDX,OR,ANM,WE,Towers with Radar,379,21,11,1,412,0,0,6,0,6,379,21,17,1,418,4,0,4,422
05/15/2023,PDX,OR,ANM,WE,Towers with Radar,427,33,27,10,497,0,13,11,0,24,427,46,38,10,521,0,0,0,521
05/16/2023,PDX,OR,ANM,WE,Towers with Radar,422,49,17,14,502,0,14,18,1,33,422,63,35,15,535,27,0,27,562
05/17/2023,PDX,OR,ANM,WE,Towers with Radar,415,60,26,2,503,0,17,19,0,36,415,77,45,2,539,0,0,0,539
05/18/2023,PDX,OR,ANM,WE,Towers with Radar,447,53,20,7,527,0,19,16,2,37,447,72,36,9,564,10,0,10,574
05/19/2023,PDX,OR,ANM,WE,Towers with Radar,455,47,16,8,526,0,12,18,5,35,455,59,34,13,561,24,0,24,585
05/20/2023,PDX,OR,ANM,WE,Towers with Radar,357,29,15,3,404,0,5,17,8,30,357,34,32,11,434,9,0,9,443
05/21/2023,PDX,OR,ANM,WE,Towers with Radar,396,22,16,3,437,0,4,17,3,24,396,26,33,6,461,2,0,2,463
05/22/2023,PDX,OR,ANM,WE,Towers with Radar,443,43,26,11,523,0,18,11,3,32,443,61,37,14,555,20,0,20,575
05/23/2023,PDX,OR,ANM,WE,Towers with Radar,423,50,20,11,504,0,16,29,2,47,423,66,49,13,551,29,0,29,580
05/24/2023,PDX,OR,ANM,WE,Towers with Radar,422,56,20,9,507,0,16,25,0,41,422,72,45,9,548,18,0,18,566
05/25/2023,PDX,OR,ANM,WE,Towers with Radar,457,51,29,3,540,0,19,20,1,40,457,70,49,4,580,0,0,0,580
05/26/2023,PDX,OR,ANM,WE,Towers with Radar,452,52,20,0,524,0,13,24,2,39,452,65,44,2,563,22,0,22,585
05/27/2023,PDX,OR,ANM,WE,Towers with Radar,353,22,10,2,387,0,11,17,0,28,353,33,27,2,415,23,0,23,438
05/28/2023,PDX,OR,ANM,WE,Towers with Radar,383,13,12,0,408,0,1,13,0,14,383,14,25,0,422,4,0,4,426
05/29/2023,PDX,OR,ANM,WE,Towers with Radar,420,19,12,1,452,0,0,15,1,16,420,19,27,2,468,4,0,4,472
05/30/2023,PDX,OR,ANM,WE,Towers with Radar,399,38,21,14,472,0,15,29,0,44,399,53,50,14,516,24,0,24,540
05/31/2023,PDX,OR,ANM,WE,Towers with Radar,425,50,22,15,512,0,17,14,0,31,425,67,36,15,543,24,0,24,567
06/01/2023,PDX,OR,ANM,WE,Towers with Radar,454,47,19,6,526,0,16,5,2,23,454,63,24,8,549,0,0,0,549
06/02/2023,PDX,OR,ANM,WE,Towers with Radar,435,55,20,7,517,0,14,23,3,40,435,69,43,10,557,10,0,10,567
06/03/2023,PDX,OR,ANM,WE,Towers with Radar,370,29,16,18,433,0,9,24,0,33,370,38,40,18,466,30,0,30,496
06/04/2023,PDX,OR,ANM,WE,Towers with Radar,393,16,16,7,432,0,2,16,0,18,393,18,32,7,450,0,0,0,450
06/05/2023,PDX,OR,ANM,WE,Towers with Radar,445,34,17,0,496,0,15,11,1,27,445,49,28,1,523,0,0,0,523
06/06/2023,PDX,OR,ANM,WE,Towers with Radar,443,46,22,19,530,0,17,11,0,28,443,63,33,19,558,2,0,2,560
06/07/2023,PDX,OR,ANM,WE,Towers with Radar,443,46,14,11,514,0,18,14,0,32,443,64,28,11,546,6,0,6,552
06/08/2023,PDX,OR,ANM,WE,Towers with Radar,478,50,20,17,565,0,15,20,4,39,478,65,40,21,604,14,0,14,618
06/09/2023,PDX,OR,ANM,WE,Towers with Radar,466,63,29,15,573,0,2,3,0,5,466,65,32,15,578,0,0,0,578
06/10/2023,PDX,OR,ANM,WE,Towers with Radar,376,32,4,0,412,0,7,15,0,22,376,39,19,0,434,26,0,26,460
06/11/2023,PDX,OR,ANM,WE,Towers with Radar,411,24,14,1,450,0,1,21,1,23,411,25,35,2,473,13,0,13,486
06/12/2023,PDX,OR,ANM,WE,Towers with Radar,454,35,19,10,518,0,18,37,4,59,454,53,56,14,577,22,0,22,599
06/13/2023,PDX,OR,ANM,WE,Towers with Radar,448,51,23,19,541,0,14,13,2,29,448,65,36,21,570,14,0,14,584
06/14/2023,PDX,OR,ANM,WE,Towers with Radar,444,54,17,0,515,0,16,16,0,32,444,70,33,0,547,0,0,0,547
06/15/2023,PDX,OR,ANM,WE,Towers with Radar,489,57,27,14,587,0,15,16,0,31,489,72,43,14,618,8,0,8,626
06/16/2023,PDX,OR,ANM,WE,Towers with Radar,480,55,16,13,564,0,15,24,0,39,480,70,40,13,603,12,0,12,615
06/17/2023,PDX,OR,ANM,WE,Towers with Radar,400,33,16,0,449,0,6,12,0,18,400,39,28,0,467,0,0,0,467
06/18/2023,PDX,OR,ANM,WE,Towers with Radar,432,22,10,0,464,0,1,2,1,4,432,23,12,1,468,0,0,0,468
06/19/2023,PDX,OR,ANM,WE,Towers with Radar,469,50,22,0,541,0,10,11,2,23,469,60,33,2,564,12,0,12,576
06/20/2023,PDX,OR,ANM,WE,Towers with Radar,470,55,24,21,570,0,17,18,2,37,470,72,42,23,607,10,0,10,617
06/21/2023,PDX,OR,ANM,WE,Towers with Radar,454,48,22,14,538,0,17,20,3,40,454,65,42,17,578,1,0,1,579
06/22/2023,PDX,OR,ANM,WE,Towers with Radar,484,44,23,10,561,0,16,23,1,40,484,60,46,11,601,2,0,2,603
06/23/2023,PDX,OR,ANM,WE,Towers with Radar,486,44,23,8,561,0,17,17,3,37,486,61,40,11,598,2,0,2,600
06/24/2023,PDX,OR,ANM,WE,Towers with Radar,401,29,11,1,442,0,5,22,1,28,401,34,33,2,470,2,0,2,472
06/25/2023,PDX,OR,ANM,WE,Towers with Radar,407,26,19,0,452,0,4,22,0,26,407,30,41,0,478,0,0,0,478
06/26/2023,PDX,OR,ANM,WE,Towers with Radar,474,44,22,1,541,0,15,20,0,35,474,59,42,1,576,4,0,4,580
06/27/2023,PDX,OR,ANM,WE,Towers with Radar,446,52,27,11,536,1,20,27,2,50,447,72,54,13,586,22,0,22,608
06/28/2023,PDX,OR,ANM,WE,Towers with Radar,458,68,19,13,558,0,19,19,1,39,458,87,38,14,597,23,0,23,620
06/29/2023,PDX,OR,ANM,WE,Towers with Radar,491,53,15,8,567,0,17,18,8,43,491,70,33,16,610,0,0,0,610
06/30/2023,PDX,OR,ANM,WE,Towers with Radar,467,50,21,6,544,0,16,11,2,29,467,66,32,8,573,16,0,16,589
07/01/2023,PDX,OR,ANM,WE,Towers with Radar,408,34,13,0,455,0,12,16,1,29,408,46,29,1,484,8,0,8,492
07/02/2023,PDX,OR,ANM,WE,Towers with Radar,400,22,8,0,430,0,0,18,0,18,400,22,26,0,448,0,0,0,448
07/03/2023,PDX,OR,ANM,WE,Towers with Radar,430,40,15,0,485,0,13,46,0,59,430,53,61,0,544,20,0,20,564
07/04/2023,PDX,OR,ANM,WE,Towers with Radar,395,12,6,1,414,0,1,18,1,20,395,13,24,2,434,0,0,0,434
07/05/2023,PDX,OR,ANM,WE,Towers with Radar,435,59,23,11,528,0,17,33,0,50,435,76,56,11,578,2,0,2,580
07/06/2023,PDX,OR,ANM,WE,Towers with Radar,487,46,14,12,559,0,19,25,1,45,487,65,39,13,604,0,0,0,604
07/07/2023,PDX,OR,ANM,WE,Towers with Radar,465,48,22,15,550,0,16,31,0,47,465,64,53,15,597,44,0,44,641
07/08/2023,PDX,OR,ANM,WE,Towers with Radar,406,29,17,4,456,0,5,27,0,32,406,34,44,4,488,16,0,16,504
07/09/2023,PDX,OR,ANM,WE,Towers with Radar,418,20,20,2,460,0,0,23,0,23,418,20,43,2,483,2,0,2,485
07/10/2023,PDX,OR,ANM,WE,Towers with Radar,466,44,12,35,557,0,13,9,1,23,466,57,21,36,580,10,0,10,590
07/11/2023,PDX,OR,ANM,WE,Towers with Radar,459,59,17,32,567,0,18,22,10,50,459,77,39,42,617,48,0,48,665
07/12/2023,PDX,OR,ANM,WE,Towers with Radar,450,48,11,31,540,0,19,13,1,33,450,67,24,32,573,6,0,6,579
07/13/2023,PDX,OR,ANM,WE,Towers with Radar,496,53,28,33,610,0,17,19,0,36,496,70,47,33,646,14,0,14,660
07/14/2023,PDX,OR,ANM,WE,Towers with Radar,470,41,19,22,552,0,19,26,2,47,470,60,45,24,599,48,0,48,647
07/15/2023,PDX,OR,ANM,WE,Towers with Radar,416,23,11,5,455,0,7,14,0,21,416,30,25,5,476,6,0,6,482
07/16/2023,PDX,OR,ANM,WE,Towers with Radar,420,24,16,3,463,0,3,19,0,22,420,27,35,3,485,14,0,14,499
07/17/2023,PDX,OR,ANM,WE,Towers with Radar,474,51,22,2,549,0,14,21,0,35,474,65,43,2,584,2,0,2,586
07/18/2023,PDX,OR,ANM,WE,Towers with Radar,456,50,17,14,537,0,21,30,0,51,456,71,47,14,588,14,0,14,602
07/19/2023,PDX,OR,ANM,WE,Towers with Radar,440,42,25,7,514,0,17,15,0,32,440,59,40,7,546,3,0,3,549
07/20/2023,PDX,OR,ANM,WE,Towers with Radar,480,50,26,8,564,0,22,14,2,38,480,72,40,10,602,0,0,0,602
07/21/2023,PDX,OR,ANM,WE,Towers with Radar,483,51,26,10,570,0,16,12,0,28,483,67,38,10,598,0,0,0,598
07/22/2023,PDX,OR,ANM,WE,Towers with Radar,409,28,25,1,463,0,7,13,0,20,409,35,38,1,483,1,0,1,484
07/23/2023,PDX,OR,ANM,WE,Towers with Radar,424,26,25,0,475,0,3,17,0,20,424,29,42,0,495,3,0,3,498
07/24/2023,PDX,OR,ANM,WE,Towers with Radar,475,38,21,5,539,0,15,12,1,28,475,53,33,6,567,0,0,0,567
07/25/2023,PDX,OR,ANM,WE,Towers with Radar,452,49,24,18,543,0,13,24,2,39,452,62,48,20,582,2,0,2,584
07/26/2023,PDX,OR,ANM,WE,Towers with Radar,447,55,27,8,537,0,17,18,5,40,447,72,45,13,577,2,0,2,579
07/27/2023,PDX,OR,ANM,WE,Towers with Radar,486,42,17,5,550,0,19,15,1,35,486,61,32,6,585,0,0,0,585
07/28/2023,PDX,OR,ANM,WE,Towers with Radar,481,55,21,17,574,0,18,15,3,36,481,73,36,20,610,4,0,4,614
07/29/2023,PDX,OR,ANM,WE,Towers with Radar,406,22,21,4,453,0,5,15,0,20,406,27,36,4,473,15,0,15,488
07/30/2023,PDX,OR,ANM,WE,Towers with Radar,415,20,8,3,446,0,4,11,0,15,415,24,19,3,461,8,0,8,469
07/31/2023,PDX,OR,ANM,WE,Towers with Radar,464,35,27,9,535,0,19,15,1,35,464,54,42,10,570,0,0,0,570
08/01/2023,PDX,OR,ANM,WE,Towers with Radar,475,52,18,13,558,0,18,15,0,33,475,70,33,13,591,28,0,28,619
08/02/2023,PDX,OR,ANM,WE,Towers with Radar,460,43,26,0,529,0,20,15,2,37,460,63,41,2,566,0,0,0,566
08/03/2023,PDX,OR,ANM,WE,Towers with Radar,491,51,23,12,577,0,14,24,3,41,491,65,47,15,618,0,0,0,618
08/04/2023,PDX,OR,ANM,WE,Towers with Radar,484,52,15,12,563,0,14,25,3,42,484,66,40,15,605,2,0,2,607
08/05/2023,PDX,OR,ANM,WE,Towers with Radar,417,24,9,18,468,0,5,11,1,17,417,29,20,19,485,8,0,8,493
08/06/2023,PDX,OR,ANM,WE,Towers with Radar,430,15,21,4,470,0,0,11,0,11,430,15,32,4,481,8,0,8,489
08/07/2023,PDX,OR,ANM,WE,Towers with Radar,465,38,28,0,531,0,14,16,2,32,465,52,44,2,563,4,0,4,567
08/08/2023,PDX,OR,ANM,WE,Towers with Radar,486,59,25,21,591,0,19,18,2,39,486,78,43,23,630,25,0,25,655
08/09/2023,PDX,OR,ANM,WE,Towers with Radar,472,49,20,17,558,0,15,16,2,33,472,64,36,19,591,12,0,12,603
08/10/2023,PDX,OR,ANM,WE,Towers with Radar,494,48,14,11,567,0,20,27,1,48,494,68,41,12,615,0,0,0,615
08/11/2023,PDX,OR,ANM,WE,Towers with Radar,489,49,17,9,564,0,16,16,0,32,489,65,33,9,596,18,0,18,614
08/12/2023,PDX,OR,ANM,WE,Towers with Radar,412,26,4,0,442,0,7,15,2,24,412,33,19,2,466,4,0,4,470
08/13/2023,PDX,OR,ANM,WE,Towers with Radar,432,18,19,0,469,0,0,14,1,15,432,18,33,1,484,0,0,0,484
08/14/2023,PDX,OR,ANM,WE,Towers with Radar,470,41,20,10,541,0,17,16,3,36,470,58,36,13,577,30,0,30,607
08/15/2023,PDX,OR,ANM,WE,Towers with Radar,470,48,18,19,555,0,18,21,6,45,470,66,39,25,600,14,0,14,614
08/16/2023,PDX,OR,ANM,WE,Towers with Radar,475,46,26,7,554,0,18,25,1,44,475,64,51,8,598,0,0,0,598
08/17/2023,PDX,OR,ANM,WE,Towers with Radar,501,49,23,12,585,0,17,21,0,38,501,66,44,12,623,38,0,38,661
08/18/2023,PDX,OR,ANM,WE,Towers with Radar,481,54,28,2,565,0,13,19,0,32,481,67,47,2,597,12,0,12,609
08/19/2023,PDX,OR,ANM,WE,Towers with Radar,409,30,13,0,452,0,6,13,0,19,409,36,26,0,471,2,0,2,473
08/20/2023,PDX,OR,ANM,WE,Towers with Radar,445,29,12,0,486,0,3,2,0,5,445,32,14,0,491,2,0,2,493
08/21/2023,PDX,OR,ANM,WE,Towers with Radar,487,55,16,0,558,0,16,15,0,31,487,71,31,0,589,8,0,8,597
08/22/2023,PDX,OR,ANM,WE,Towers with Radar,476,59,29,12,576,0,13,22,0,35,476,72,51,12,611,3,0,3,614
08/23/2023,PDX,OR,ANM,WE,Towers with Radar,451,47,18,16,532,0,13,21,0,34,451,60,39,16,566,0,0,0,566
08/24/2023,PDX,OR,ANM,WE,Towers with Radar,500,47,18,17,582,0,17,20,2,39,500,64,38,19,621,0,0,0,621
08/25/2023,PDX,OR,ANM,WE,Towers with Radar,482,46,30,12,570,0,12,20,2,34,482,58,50,14,604,16,0,16,620
08/26/2023,PDX,OR,ANM,WE,Towers with Radar,409,29,14,0,452,0,10,23,0,33,409,39,37,0,485,8,0,8,493
08/27/2023,PDX,OR,ANM,WE,Towers with Radar,442,21,23,0,486,0,1,27,0,28,442,22,50,0,514,10,0,10,524
08/28/2023,PDX,OR,ANM,WE,Towers with Radar,461,61,37,0,559,0,2,2,0,4,461,63,39,0,563,0,0,0,563
08/29/2023,PDX,OR,ANM,WE,Towers with Radar,468,62,32,0,562,0,5,17,0,22,468,67,49,0,584,0,0,0,584
08/30/2023,PDX,OR,ANM,WE,Towers with Radar,458,57,29,5,549,0,12,19,0,31,458,69,48,5,580,2,0,2,582
08/31/2023,PDX,OR,ANM,WE,Towers with Radar,487,70,29,0,586,0,0,1,0,1,487,70,30,0,587,0,0,0,587
