01/01/2000,PFN,FL,ASO,ES,Federal Contract Tower,5,15,12,0,32,4,1,17,0,22,9,16,29,0,54,6,0,6,60
01/02/2000,PFN,FL,ASO,ES,Federal Contract Tower,9,17,27,0,53,0,0,63,0,63,9,17,90,0,116,22,0,22,138
01/03/2000,PFN,FL,ASO,ES,Federal Contract Tower,8,32,24,3,67,2,17,48,1,68,10,49,72,4,135,42,16,58,193
01/04/2000,PFN,FL,ASO,ES,Federal Contract Tower,10,51,38,5,104,0,0,16,8,24,10,51,54,13,128,24,16,40,168
01/05/2000,PFN,FL,ASO,ES,Federal Contract Tower,10,45,34,5,94,0,4,75,4,83,10,49,109,9,177,162,28,190,367
01/06/2000,PFN,FL,ASO,ES,Federal Contract Tower,10,49,36,5,100,0,4,65,10,79,10,53,101,15,179,122,18,140,319
01/07/2000,PFN,FL,ASO,ES,Federal Contract Tower,9,38,28,4,79,1,12,49,4,66,10,50,77,8,145,94,20,114,259
01/08/2000,PFN,FL,ASO,ES,Federal Contract Tower,8,24,24,2,58,2,0,41,0,43,10,24,65,2,101,74,0,74,175
01/09/2000,PFN,FL,ASO,ES,Federal Contract Tower,8,22,22,2,54,1,0,10,0,11,9,22,32,2,65,2,0,2,67
01/10/2000,PFN,FL,ASO,ES,Federal Contract Tower,10,42,31,5,88,0,5,47,3,55,10,47,78,8,143,82,66,148,291
01/11/2000,PFN,FL,ASO,ES,Federal Contract Tower,10,45,33,6,94,0,12,63,3,78,10,57,96,9,172,50,36,86,258
01/12/2000,PFN,FL,ASO,ES,Federal Contract Tower,10,48,36,3,97,0,5,50,0,55,10,53,86,3,152,46,6,52,204
01/13/2000,PFN,FL,ASO,ES,Federal Contract Tower,10,56,42,7,115,0,4,28,2,34,10,60,70,9,149,22,12,34,183
01/14/2000,PFN,FL,ASO,ES,Federal Contract Tower,9,46,35,6,96,0,4,53,2,59,9,50,88,8,155,58,0,58,213
01/15/2000,PFN,FL,ASO,ES,Federal Contract Tower,6,24,18,2,50,4,0,86,0,90,10,24,104,2,140,94,0,94,234
01/16/2000,PFN,FL,ASO,ES,Federal Contract Tower,6,23,18,0,47,4,0,86,0,90,10,23,104,0,137,96,0,96,233
01/17/2000,PFN,FL,ASO,ES,Federal Contract Tower,10,33,31,6,80,0,0,75,1,76,10,33,106,7,156,136,0,136,292
01/18/2000,PFN,FL,ASO,ES,Federal Contract Tower,8,42,30,2,82,0,20,50,0,70,8,62,80,2,152,68,0,68,220
01/19/2000,PFN,FL,ASO,ES,Federal Contract Tower,10,50,36,1,97,0,3,19,0,22,10,53,55,1,119,66,0,66,185
01/20/2000,PFN,FL,ASO,ES,Federal Contract Tower,10,53,37,6,106,0,9,46,0,55,10,62,83,6,161,58,8,66,227
01/21/2000,PFN,FL,ASO,ES,Federal Contract Tower,10,48,34,6,98,0,9,71,14,94,10,57,105,20,192,118,22,140,332
01/22/2000,PFN,FL,ASO,ES,Federal Contract Tower,6,26,19,1,52,3,0,46,0,49,9,26,65,1,101,28,0,28,129
01/23/2000,PFN,FL,ASO,ES,Federal Contract Tower,5,19,16,0,40,5,0,11,0,16,10,19,27,0,56,6,0,6,62
01/24/2000,PFN,FL,ASO,ES,Federal Contract Tower,9,42,30,5,86,0,7,0,9,16,9,49,30,14,102,0,4,4,106
01/25/2000,PFN,FL,ASO,ES,Federal Contract Tower,8,45,32,6,91,0,16,50,4,70,8,61,82,10,161,112,20,132,293
01/26/2000,PFN,FL,ASO,ES,Federal Contract Tower,10,46,34,5,95,0,8,34,9,51,10,54,68,14,146,70,0,70,216
01/27/2000,PFN,FL,ASO,ES,Federal Contract Tower,10,50,36,4,100,0,4,45,0,49,10,54,81,4,149,178,4,182,331
01/28/2000,PFN,FL,ASO,ES,Federal Contract Tower,2,33,17,1,53,0,15,0,0,15,2,48,17,1,68,16,2,18,86
01/29/2000,PFN,FL,ASO,ES,Federal Contract Tower,0,22,18,0,40,0,0,7,0,7,0,22,25,0,47,20,0,20,67
01/30/2000,PFN,FL,ASO,ES,Federal Contract Tower,4,18,14,2,38,1,0,5,0,6,5,18,19,2,44,0,0,0,44
01/31/2000,PFN,FL,ASO,ES,Federal Contract Tower,8,37,27,4,76,0,12,34,1,47,8,49,61,5,123,68,8,76,199
02/01/2000,PFN,FL,ASO,ES,Federal Contract Tower,10,47,41,4,102,0,10,45,5,60,10,57,86,9,162,120,2,122,284
02/02/2000,PFN,FL,ASO,ES,Federal Contract Tower,9,43,37,3,92,0,12,48,1,61,9,55,85,4,153,142,4,146,299
02/03/2000,PFN,FL,ASO,ES,Federal Contract Tower,10,46,39,4,99,0,15,34,2,51,10,61,73,6,150,76,6,82,232
02/04/2000,PFN,FL,ASO,ES,Federal Contract Tower,10,46,40,2,98,0,6,28,0,34,10,52,68,2,132,136,4,140,272
02/05/2000,PFN,FL,ASO,ES,Federal Contract Tower,8,24,27,2,61,0,0,56,2,58,8,24,83,4,119,128,8,136,255
02/06/2000,PFN,FL,ASO,ES,Federal Contract Tower,6,23,23,0,52,4,0,67,0,71,10,23,90,0,123,94,4,98,221
02/07/2000,PFN,FL,ASO,ES,Federal Contract Tower,9,39,34,2,84,1,10,53,0,64,10,49,87,2,148,80,20,100,248
02/08/2000,PFN,FL,ASO,ES,Federal Contract Tower,10,46,39,4,99,0,9,24,7,40,10,55,63,11,139,84,12,96,235
02/09/2000,PFN,FL,ASO,ES,Federal Contract Tower,7,44,38,3,92,0,15,56,2,73,7,59,94,5,165,70,8,78,243
02/10/2000,PFN,FL,ASO,ES,Federal Contract Tower,10,51,44,2,107,0,1,63,0,64,10,52,107,2,171,102,14,116,287
02/11/2000,PFN,FL,ASO,ES,Federal Contract Tower,10,48,42,5,105,0,4,32,11,47,10,52,74,16,152,68,14,82,234
02/12/2000,PFN,FL,ASO,ES,Federal Contract Tower,7,24,27,0,58,3,0,40,0,43,10,24,67,0,101,98,0,98,199
02/13/2000,PFN,FL,ASO,ES,Federal Contract Tower,5,23,20,1,49,2,0,21,0,23,7,23,41,1,72,22,0,22,94
02/14/2000,PFN,FL,ASO,ES,Federal Contract Tower,9,46,39,5,99,0,12,31,4,47,9,58,70,9,146,72,0,72,218
02/15/2000,PFN,FL,ASO,ES,Federal Contract Tower,10,51,43,3,107,0,6,87,0,93,10,57,130,3,200,146,8,154,354
02/16/2000,PFN,FL,ASO,ES,Federal Contract Tower,10,51,42,2,105,0,5,57,0,62,10,56,99,2,167,124,10,134,301
02/17/2000,PFN,FL,ASO,ES,Federal Contract Tower,10,61,53,6,130,0,0,52,1,53,10,61,105,7,183,38,12,50,233
02/18/2000,PFN,FL,ASO,ES,Federal Contract Tower,9,53,44,5,111,0,1,72,1,74,9,54,116,6,185,78,6,84,269
02/19/2000,PFN,FL,ASO,ES,Federal Contract Tower,8,25,31,0,64,1,0,37,0,38,9,25,68,0,102,0,0,0,102
02/20/2000,PFN,FL,ASO,ES,Federal Contract Tower,8,28,34,1,71,2,0,104,0,106,10,28,138,1,177,112,0,112,289
02/21/2000,PFN,FL,ASO,ES,Federal Contract Tower,10,35,36,0,81,0,0,56,0,56,10,35,92,0,137,50,0,50,187
02/22/2000,PFN,FL,ASO,ES,Federal Contract Tower,10,46,38,4,98,0,10,57,0,67,10,56,95,4,165,82,0,82,247
02/23/2000,PFN,FL,ASO,ES,Federal Contract Tower,9,49,41,5,104,0,8,61,6,75,9,57,102,11,179,116,12,128,307
02/24/2000,PFN,FL,ASO,ES,Federal Contract Tower,9,43,37,3,92,1,10,22,7,40,10,53,59,10,132,28,18,46,178
02/25/2000,PFN,FL,ASO,ES,Federal Contract Tower,9,47,40,2,98,0,8,25,0,33,9,55,65,2,131,68,42,110,241
02/26/2000,PFN,FL,ASO,ES,Federal Contract Tower,6,28,23,2,59,3,1,49,0,53,9,29,72,2,112,82,2,84,196
02/27/2000,PFN,FL,ASO,ES,Federal Contract Tower,5,22,22,0,49,4,0,26,0,30,9,22,48,0,79,56,0,56,135
02/28/2000,PFN,FL,ASO,ES,Federal Contract Tower,9,45,39,4,97,0,6,58,0,64,9,51,97,4,161,104,28,132,293
02/29/2000,PFN,FL,ASO,ES,Federal Contract Tower,10,50,42,4,106,0,4,65,13,82,10,54,107,17,188,96,36,132,320
03/01/2000,PFN,FL,ASO,ES,Federal Contract Tower,9,50,46,5,110,0,9,67,25,101,9,59,113,30,211,142,44,186,397
03/02/2000,PFN,FL,ASO,ES,Federal Contract Tower,10,43,41,4,98,0,13,57,7,77,10,56,98,11,175,108,14,122,297
03/03/2000,PFN,FL,ASO,ES,Federal Contract Tower,9,48,46,5,108,0,15,65,6,86,9,63,111,11,194,172,30,202,396
03/04/2000,PFN,FL,ASO,ES,Federal Contract Tower,9,25,29,2,65,1,0,68,0,69,10,25,97,2,134,68,0,68,202
03/05/2000,PFN,FL,ASO,ES,Federal Contract Tower,10,30,30,0,70,0,0,96,0,96,10,30,126,0,166,108,0,108,274
03/06/2000,PFN,FL,ASO,ES,Federal Contract Tower,7,41,38,4,90,0,8,77,0,85,7,49,115,4,175,104,2,106,281
03/07/2000,PFN,FL,ASO,ES,Federal Contract Tower,10,48,44,5,107,0,12,41,15,68,10,60,85,20,175,144,30,174,349
03/08/2000,PFN,FL,ASO,ES,Federal Contract Tower,9,44,42,4,99,0,9,48,5,62,9,53,90,9,161,110,12,122,283
03/09/2000,PFN,FL,ASO,ES,Federal Contract Tower,9,56,52,6,123,0,2,58,2,62,9,58,110,8,185,52,16,68,253
03/10/2000,PFN,FL,ASO,ES,Federal Contract Tower,10,40,38,4,92,0,14,23,0,37,10,54,61,4,129,66,0,66,195
03/11/2000,PFN,FL,ASO,ES,Federal Contract Tower,8,24,23,0,55,4,0,15,0,19,12,24,38,0,74,10,0,10,84
03/12/2000,PFN,FL,ASO,ES,Federal Contract Tower,7,23,26,0,56,3,0,79,0,82,10,23,105,0,138,116,2,118,256
03/13/2000,PFN,FL,ASO,ES,Federal Contract Tower,10,36,34,4,84,0,12,56,8,76,10,48,90,12,160,118,0,118,278
03/14/2000,PFN,FL,ASO,ES,Federal Contract Tower,10,47,43,6,106,0,13,88,8,109,10,60,131,14,215,100,10,110,325
03/15/2000,PFN,FL,ASO,ES,Federal Contract Tower,10,42,40,3,95,0,9,37,0,46,10,51,77,3,141,108,0,108,249
03/16/2000,PFN,FL,ASO,ES,Federal Contract Tower,9,33,19,0,61,2,15,0,0,17,11,48,19,0,78,0,0,0,78
03/17/2000,PFN,FL,ASO,ES,Federal Contract Tower,13,48,45,6,112,0,0,56,6,62,13,48,101,12,174,62,14,76,250
03/18/2000,PFN,FL,ASO,ES,Federal Contract Tower,8,22,28,0,58,6,0,81,0,87,14,22,109,0,145,138,0,138,283
03/19/2000,PFN,FL,ASO,ES,Federal Contract Tower,5,18,16,0,39,7,0,0,0,7,12,18,16,0,46,0,0,0,46
03/20/2000,PFN,FL,ASO,ES,Federal Contract Tower,12,44,40,5,101,2,5,50,1,58,14,49,90,6,159,144,6,150,309
03/21/2000,PFN,FL,ASO,ES,Federal Contract Tower,10,39,35,0,84,4,15,68,0,87,14,54,103,0,171,100,0,100,271
03/22/2000,PFN,FL,ASO,ES,Federal Contract Tower,13,48,42,6,109,1,8,85,1,95,14,56,127,7,204,152,10,162,366
03/23/2000,PFN,FL,ASO,ES,Federal Contract Tower,13,50,45,6,114,0,3,85,8,96,13,53,130,14,210,94,36,130,340
03/24/2000,PFN,FL,ASO,ES,Federal Contract Tower,12,45,40,4,101,1,3,111,0,115,13,48,151,4,216,220,2,222,438
03/25/2000,PFN,FL,ASO,ES,Federal Contract Tower,9,18,30,0,57,4,0,59,0,63,13,18,89,0,120,52,0,52,172
03/26/2000,PFN,FL,ASO,ES,Federal Contract Tower,10,18,35,0,63,4,0,55,0,59,14,18,90,0,122,82,0,82,204
03/27/2000,PFN,FL,ASO,ES,Federal Contract Tower,11,40,36,0,87,1,7,23,0,31,12,47,59,0,118,10,0,10,128
03/28/2000,PFN,FL,ASO,ES,Federal Contract Tower,12,43,40,4,99,2,5,63,3,73,14,48,103,7,172,126,22,148,320
03/29/2000,PFN,FL,ASO,ES,Federal Contract Tower,14,48,46,5,113,1,0,52,7,60,15,48,98,12,173,82,24,106,279
03/30/2000,PFN,FL,ASO,ES,Federal Contract Tower,13,51,47,1,112,0,7,3,0,10,13,58,50,1,122,0,0,0,122
03/31/2000,PFN,FL,ASO,ES,Federal Contract Tower,14,54,50,5,123,0,0,75,0,75,14,54,125,5,198,86,0,86,284
04/01/2000,PFN,FL,ASO,ES,Federal Contract Tower,12,22,33,0,67,4,0,87,0,91,16,22,120,0,158,2,0,2,160
04/02/2000,PFN,FL,ASO,ES,Federal Contract Tower,10,17,29,2,58,3,0,42,2,47,13,17,71,4,105,44,0,44,149
04/03/2000,PFN,FL,ASO,ES,Federal Contract Tower,11,35,37,2,85,0,8,4,2,14,11,43,41,4,99,6,14,20,119
04/04/2000,PFN,FL,ASO,ES,Federal Contract Tower,11,36,38,2,87,0,14,20,1,35,11,50,58,3,122,14,14,28,150
04/05/2000,PFN,FL,ASO,ES,Federal Contract Tower,10,29,32,2,73,0,23,65,3,91,10,52,97,5,164,112,12,124,288
04/06/2000,PFN,FL,ASO,ES,Federal Contract Tower,12,35,37,2,86,0,15,78,1,94,12,50,115,3,180,82,4,86,266
04/07/2000,PFN,FL,ASO,ES,Federal Contract Tower,13,44,47,2,106,0,5,132,0,137,13,49,179,2,243,90,2,92,335
04/08/2000,PFN,FL,ASO,ES,Federal Contract Tower,9,20,24,1,54,5,0,37,1,43,14,20,61,2,97,28,0,28,125
04/09/2000,PFN,FL,ASO,ES,Federal Contract Tower,11,23,30,2,66,5,0,109,0,114,16,23,139,2,180,80,0,80,260
04/10/2000,PFN,FL,ASO,ES,Federal Contract Tower,12,34,34,0,80,2,8,58,0,68,14,42,92,0,148,114,41,155,303
04/11/2000,PFN,FL,ASO,ES,Federal Contract Tower,12,33,34,3,82,0,13,44,3,60,12,46,78,6,142,100,8,108,250
04/12/2000,PFN,FL,ASO,ES,Federal Contract Tower,14,39,39,3,95,1,10,58,11,80,15,49,97,14,175,138,20,158,333
04/13/2000,PFN,FL,ASO,ES,Federal Contract Tower,13,43,43,4,103,0,12,61,20,93,13,55,104,24,196,134,40,174,370
04/14/2000,PFN,FL,ASO,ES,Federal Contract Tower,14,44,45,1,104,0,9,6,0,15,14,53,51,1,119,32,0,32,151
04/15/2000,PFN,FL,ASO,ES,Federal Contract Tower,11,26,32,3,72,2,0,67,2,71,13,26,99,5,143,72,0,72,215
04/16/2000,PFN,FL,ASO,ES,Federal Contract Tower,10,21,35,3,69,0,0,76,1,77,10,21,111,4,146,16,0,16,162
04/17/2000,PFN,FL,ASO,ES,Federal Contract Tower,13,36,36,3,88,0,17,22,5,44,13,53,58,8,132,74,2,76,208
04/18/2000,PFN,FL,ASO,ES,Federal Contract Tower,14,39,40,3,96,0,14,75,0,89,14,53,115,3,185,148,2,150,335
04/19/2000,PFN,FL,ASO,ES,Federal Contract Tower,14,41,42,4,101,0,10,63,24,97,14,51,105,28,198,80,68,148,346
04/20/2000,PFN,FL,ASO,ES,Federal Contract Tower,13,50,51,4,118,0,4,62,5,71,13,54,113,9,189,154,32,186,375
04/21/2000,PFN,FL,ASO,ES,Federal Contract Tower,12,42,43,4,101,0,11,54,1,66,12,53,97,5,167,42,4,46,213
04/22/2000,PFN,FL,ASO,ES,Federal Contract Tower,8,22,22,0,52,6,1,60,0,67,14,23,82,0,119,26,0,26,145
04/23/2000,PFN,FL,ASO,ES,Federal Contract Tower,10,23,26,0,59,4,0,39,0,43,14,23,65,0,102,66,0,66,168
04/24/2000,PFN,FL,ASO,ES,Federal Contract Tower,14,42,38,3,97,0,9,0,1,10,14,51,38,4,107,20,0,20,127
04/25/2000,PFN,FL,ASO,ES,Federal Contract Tower,14,44,45,3,106,0,6,43,33,82,14,50,88,36,188,66,16,82,270
04/26/2000,PFN,FL,ASO,ES,Federal Contract Tower,14,47,49,3,113,0,2,94,10,106,14,49,143,13,219,76,28,104,323
04/27/2000,PFN,FL,ASO,ES,Federal Contract Tower,14,45,47,3,109,0,15,81,2,98,14,60,128,5,207,60,0,60,267
04/28/2000,PFN,FL,ASO,ES,Federal Contract Tower,14,45,47,3,109,0,2,36,1,39,14,47,83,4,148,24,52,76,224
04/29/2000,PFN,FL,ASO,ES,Federal Contract Tower,11,26,32,0,69,2,0,86,0,88,13,26,118,0,157,140,0,140,297
04/30/2000,PFN,FL,ASO,ES,Federal Contract Tower,10,19,31,0,60,3,0,97,0,100,13,19,128,0,160,84,2,86,246
05/01/2000,PFN,FL,ASO,ES,Federal Contract Tower,12,31,36,4,83,2,14,32,3,51,14,45,68,7,134,110,48,158,292
05/02/2000,PFN,FL,ASO,ES,Federal Contract Tower,14,38,43,5,100,0,12,46,8,66,14,50,89,13,166,110,12,122,288
05/03/2000,PFN,FL,ASO,ES,Federal Contract Tower,15,42,48,3,108,0,11,42,0,53,15,53,90,3,161,124,2,126,287
05/04/2000,PFN,FL,ASO,ES,Federal Contract Tower,13,43,50,6,112,0,9,61,3,73,13,52,111,9,185,70,10,80,265
05/05/2000,PFN,FL,ASO,ES,Federal Contract Tower,13,42,48,5,108,0,4,67,3,74,13,46,115,8,182,46,0,46,228
05/06/2000,PFN,FL,ASO,ES,Federal Contract Tower,9,22,27,0,58,5,2,50,0,57,14,24,77,0,115,78,0,78,193
05/07/2000,PFN,FL,ASO,ES,Federal Contract Tower,13,17,40,1,71,0,0,84,0,84,13,17,124,1,155,44,0,44,199
05/08/2000,PFN,FL,ASO,ES,Federal Contract Tower,14,35,41,3,93,0,14,46,0,60,14,49,87,3,153,116,10,126,279
05/09/2000,PFN,FL,ASO,ES,Federal Contract Tower,14,40,46,4,104,0,12,40,0,52,14,52,86,4,156,168,16,184,340
05/10/2000,PFN,FL,ASO,ES,Federal Contract Tower,14,43,50,5,112,0,10,42,5,57,14,53,92,10,169,78,6,84,253
05/11/2000,PFN,FL,ASO,ES,Federal Contract Tower,14,48,55,6,123,0,14,86,10,110,14,62,141,16,233,166,28,194,427
05/12/2000,PFN,FL,ASO,ES,Federal Contract Tower,14,38,43,5,100,0,11,61,2,74,14,49,104,7,174,94,0,94,268
05/13/2000,PFN,FL,ASO,ES,Federal Contract Tower,9,21,26,3,59,5,0,58,1,64,14,21,84,4,123,60,8,68,191
05/14/2000,PFN,FL,ASO,ES,Federal Contract Tower,10,21,29,2,62,5,0,57,0,62,15,21,86,2,124,46,0,46,170
05/15/2000,PFN,FL,ASO,ES,Federal Contract Tower,12,35,38,5,90,2,10,22,1,35,14,45,60,6,125,88,12,100,225
05/16/2000,PFN,FL,ASO,ES,Federal Contract Tower,13,37,41,6,97,1,13,35,6,55,14,50,76,12,152,84,26,110,262
05/17/2000,PFN,FL,ASO,ES,Federal Contract Tower,13,38,43,6,100,0,15,30,7,52,13,53,73,13,152,34,22,56,208
05/18/2000,PFN,FL,ASO,ES,Federal Contract Tower,14,47,52,7,120,0,2,43,4,49,14,49,95,11,169,86,0,86,255
05/19/2000,PFN,FL,ASO,ES,Federal Contract Tower,13,40,44,6,103,0,11,73,3,87,13,51,117,9,190,92,0,92,282
05/20/2000,PFN,FL,ASO,ES,Federal Contract Tower,9,20,26,1,56,4,0,61,0,65,13,20,87,1,121,66,0,66,187
05/21/2000,PFN,FL,ASO,ES,Federal Contract Tower,11,16,36,3,66,2,0,44,0,46,13,16,80,3,112,52,0,52,164
05/22/2000,PFN,FL,ASO,ES,Federal Contract Tower,13,37,40,5,95,1,8,38,1,48,14,45,78,6,143,52,4,56,199
05/23/2000,PFN,FL,ASO,ES,Federal Contract Tower,11,42,47,6,106,0,10,63,2,75,11,52,110,8,181,102,0,102,283
05/24/2000,PFN,FL,ASO,ES,Federal Contract Tower,12,36,41,6,95,0,13,54,11,78,12,49,95,17,173,120,2,122,295
05/25/2000,PFN,FL,ASO,ES,Federal Contract Tower,13,47,51,7,118,0,6,49,7,62,13,53,100,14,180,82,16,98,278
05/26/2000,PFN,FL,ASO,ES,Federal Contract Tower,13,48,56,7,124,0,0,101,3,104,13,48,157,10,228,114,4,118,346
05/27/2000,PFN,FL,ASO,ES,Federal Contract Tower,10,24,31,0,65,4,0,121,0,125,14,24,152,0,190,164,0,164,354
05/28/2000,PFN,FL,ASO,ES,Federal Contract Tower,5,13,17,3,38,9,0,42,1,52,14,13,59,4,90,67,0,67,157
05/29/2000,PFN,FL,ASO,ES,Federal Contract Tower,11,21,34,0,66,2,0,124,0,126,13,21,158,0,192,88,0,88,280
05/30/2000,PFN,FL,ASO,ES,Federal Contract Tower,14,42,48,5,109,0,3,77,2,82,14,45,125,7,191,142,2,144,335
05/31/2000,PFN,FL,ASO,ES,Federal Contract Tower,11,40,45,5,101,0,7,92,5,104,11,47,137,10,205,152,10,162,367
06/01/2000,PFN,FL,ASO,ES,Federal Contract Tower,18,43,45,4,110,32,7,58,19,116,50,50,103,23,226,72,8,80,306
06/02/2000,PFN,FL,ASO,ES,Federal Contract Tower,13,37,40,2,92,0,6,101,0,107,13,43,141,2,199,128,36,164,363
06/03/2000,PFN,FL,ASO,ES,Federal Contract Tower,13,27,33,1,74,0,0,74,0,74,13,27,107,1,148,102,0,102,250
06/04/2000,PFN,FL,ASO,ES,Federal Contract Tower,13,21,33,1,68,2,0,69,0,71,15,21,102,1,139,112,2,114,253
06/05/2000,PFN,FL,ASO,ES,Federal Contract Tower,15,36,39,1,91,0,11,6,0,17,15,47,45,1,108,30,0,30,138
06/06/2000,PFN,FL,ASO,ES,Federal Contract Tower,16,38,40,4,98,0,8,57,2,67,16,46,97,6,165,100,2,102,267
06/07/2000,PFN,FL,ASO,ES,Federal Contract Tower,14,33,34,3,84,2,13,94,3,112,16,46,128,6,196,174,2,176,372
06/08/2000,PFN,FL,ASO,ES,Federal Contract Tower,14,44,46,5,109,0,7,51,4,62,14,51,97,9,171,98,30,128,299
06/09/2000,PFN,FL,ASO,ES,Federal Contract Tower,16,40,42,5,103,0,6,48,2,56,16,46,90,7,159,54,24,78,237
06/10/2000,PFN,FL,ASO,ES,Federal Contract Tower,10,26,26,0,62,3,0,129,0,132,13,26,155,0,194,90,0,90,284
06/11/2000,PFN,FL,ASO,ES,Federal Contract Tower,10,22,26,1,59,5,0,73,0,78,15,22,99,1,137,94,0,94,231
06/12/2000,PFN,FL,ASO,ES,Federal Contract Tower,14,36,37,5,92,0,12,48,0,60,14,48,85,5,152,62,16,78,230
06/13/2000,PFN,FL,ASO,ES,Federal Contract Tower,15,40,40,5,100,0,15,55,1,71,15,55,95,6,171,70,2,72,243
06/14/2000,PFN,FL,ASO,ES,Federal Contract Tower,15,43,44,5,107,0,2,47,10,59,15,45,91,15,166,94,66,160,326
06/15/2000,PFN,FL,ASO,ES,Federal Contract Tower,16,40,40,1,97,2,7,48,0,57,18,47,88,1,154,54,0,54,208
06/16/2000,PFN,FL,ASO,ES,Federal Contract Tower,13,35,35,1,84,2,12,27,0,41,15,47,62,1,125,44,0,44,169
06/17/2000,PFN,FL,ASO,ES,Federal Contract Tower,10,25,27,3,65,3,0,51,0,54,13,25,78,3,119,46,0,46,165
06/18/2000,PFN,FL,ASO,ES,Federal Contract Tower,11,21,30,3,65,5,0,77,0,82,16,21,107,3,147,104,0,104,251
06/19/2000,PFN,FL,ASO,ES,Federal Contract Tower,15,38,38,5,96,0,10,66,22,98,15,48,104,27,194,72,18,90,284
06/20/2000,PFN,FL,ASO,ES,Federal Contract Tower,12,35,34,4,85,0,14,69,3,86,12,49,103,7,171,140,6,146,317
06/21/2000,PFN,FL,ASO,ES,Federal Contract Tower,15,44,44,5,108,0,6,72,10,88,15,50,116,15,196,86,4,90,286
06/22/2000,PFN,FL,ASO,ES,Federal Contract Tower,15,43,43,5,106,0,3,36,0,39,15,46,79,5,145,72,0,72,217
06/23/2000,PFN,FL,ASO,ES,Federal Contract Tower,15,43,44,1,103,0,0,79,0,79,15,43,123,1,182,56,0,56,238
06/24/2000,PFN,FL,ASO,ES,Federal Contract Tower,9,24,24,0,57,4,0,69,0,73,13,24,93,0,130,136,0,136,266
06/25/2000,PFN,FL,ASO,ES,Federal Contract Tower,12,24,32,1,69,4,0,57,0,61,16,24,89,1,130,52,0,52,182
06/26/2000,PFN,FL,ASO,ES,Federal Contract Tower,13,35,35,0,83,1,14,34,0,49,14,49,69,0,132,58,0,58,190
06/27/2000,PFN,FL,ASO,ES,Federal Contract Tower,14,39,41,4,98,0,9,47,10,66,14,48,88,14,164,122,30,152,316
06/28/2000,PFN,FL,ASO,ES,Federal Contract Tower,15,44,45,4,108,0,6,46,1,53,15,50,91,5,161,58,12,70,231
06/29/2000,PFN,FL,ASO,ES,Federal Contract Tower,15,41,43,2,101,0,19,23,0,42,15,60,66,2,143,18,0,18,161
06/30/2000,PFN,FL,ASO,ES,Federal Contract Tower,15,44,55,5,119,0,0,72,2,74,15,44,127,7,193,44,10,54,247
07/01/2000,PFN,FL,ASO,ES,Federal Contract Tower,11,22,26,1,60,3,0,108,1,112,14,22,134,2,172,118,0,118,290
07/02/2000,PFN,FL,ASO,ES,Federal Contract Tower,11,21,28,1,61,4,0,67,1,72,15,21,95,2,133,116,0,116,249
07/03/2000,PFN,FL,ASO,ES,Federal Contract Tower,11,26,28,0,65,5,7,82,0,94,16,33,110,0,159,50,0,50,209
07/04/2000,PFN,FL,ASO,ES,Federal Contract Tower,11,25,29,2,67,2,0,62,0,64,13,25,91,2,131,26,0,26,157
07/05/2000,PFN,FL,ASO,ES,Federal Contract Tower,16,45,49,3,113,0,9,77,3,89,16,54,126,6,202,40,0,40,242
07/06/2000,PFN,FL,ASO,ES,Federal Contract Tower,15,40,42,3,100,0,17,72,8,97,15,57,114,11,197,104,58,162,359
07/07/2000,PFN,FL,ASO,ES,Federal Contract Tower,14,36,39,2,91,0,15,70,4,89,14,51,109,6,180,94,6,100,280
07/08/2000,PFN,FL,ASO,ES,Federal Contract Tower,12,29,32,0,73,2,10,60,0,72,14,39,92,0,145,42,0,42,187
07/09/2000,PFN,FL,ASO,ES,Federal Contract Tower,12,29,32,0,73,1,4,65,0,70,13,33,97,0,143,48,0,48,191
07/10/2000,PFN,FL,ASO,ES,Federal Contract Tower,15,38,40,2,95,0,18,47,16,81,15,56,87,18,176,86,0,86,262
07/11/2000,PFN,FL,ASO,ES,Federal Contract Tower,13,31,33,2,79,0,18,40,4,62,13,49,73,6,141,90,14,104,245
07/12/2000,PFN,FL,ASO,ES,Federal Contract Tower,13,40,44,4,101,0,12,48,0,60,13,52,92,4,161,46,0,46,207
07/13/2000,PFN,FL,ASO,ES,Federal Contract Tower,14,46,49,0,109,0,2,56,0,58,14,48,105,0,167,32,0,32,199
07/14/2000,PFN,FL,ASO,ES,Federal Contract Tower,15,45,45,4,109,0,3,68,1,72,15,48,113,5,181,50,26,76,257
07/15/2000,PFN,FL,ASO,ES,Federal Contract Tower,10,27,27,0,64,3,6,72,0,81,13,33,99,0,145,154,2,156,301
07/16/2000,PFN,FL,ASO,ES,Federal Contract Tower,13,26,39,1,79,0,0,112,0,112,13,26,151,1,191,102,0,102,293
07/17/2000,PFN,FL,ASO,ES,Federal Contract Tower,14,36,36,3,89,1,17,64,4,86,15,53,100,7,175,72,4,76,251
07/18/2000,PFN,FL,ASO,ES,Federal Contract Tower,15,40,41,3,99,0,11,63,2,76,15,51,104,5,175,164,8,172,347
07/19/2000,PFN,FL,ASO,ES,Federal Contract Tower,13,40,41,3,97,0,13,71,5,89,13,53,112,8,186,116,0,116,302
07/20/2000,PFN,FL,ASO,ES,Federal Contract Tower,13,40,41,3,97,0,6,38,7,51,13,46,79,10,148,42,14,56,204
07/21/2000,PFN,FL,ASO,ES,Federal Contract Tower,14,41,41,0,96,0,4,73,0,77,14,45,114,0,173,106,2,108,281
07/22/2000,PFN,FL,ASO,ES,Federal Contract Tower,8,23,23,0,54,5,0,75,0,80,13,23,98,0,134,132,0,132,266
07/23/2000,PFN,FL,ASO,ES,Federal Contract Tower,13,19,38,0,70,0,0,97,0,97,13,19,135,0,167,122,0,122,289
07/24/2000,PFN,FL,ASO,ES,Federal Contract Tower,13,39,40,3,95,0,10,62,4,76,13,49,102,7,171,116,8,124,295
07/25/2000,PFN,FL,ASO,ES,Federal Contract Tower,13,40,40,3,96,0,9,45,8,62,13,49,85,11,158,82,16,98,256
07/26/2000,PFN,FL,ASO,ES,Federal Contract Tower,13,35,35,3,86,2,16,47,5,70,15,51,82,8,156,76,6,82,238
07/27/2000,PFN,FL,ASO,ES,Federal Contract Tower,16,41,42,4,103,0,3,53,5,61,16,44,95,9,164,68,8,76,240
07/28/2000,PFN,FL,ASO,ES,Federal Contract Tower,11,39,39,3,92,0,7,87,3,97,11,46,126,6,189,186,8,194,383
07/29/2000,PFN,FL,ASO,ES,Federal Contract Tower,10,22,25,0,57,3,0,73,0,76,13,22,98,0,133,122,0,122,255
07/30/2000,PFN,FL,ASO,ES,Federal Contract Tower,10,20,27,1,58,3,0,51,1,55,13,20,78,2,113,46,0,46,159
07/31/2000,PFN,FL,ASO,ES,Federal Contract Tower,14,43,45,0,102,0,6,28,0,34,14,49,73,0,136,34,8,42,178
08/01/2000,PFN,FL,ASO,ES,Federal Contract Tower,15,36,28,0,79,1,8,14,0,23,16,44,42,0,102,36,0,36,138
08/02/2000,PFN,FL,ASO,ES,Federal Contract Tower,16,41,34,0,91,0,5,32,0,37,16,46,66,0,128,36,0,36,164
08/03/2000,PFN,FL,ASO,ES,Federal Contract Tower,17,42,34,2,95,0,3,27,6,36,17,45,61,8,131,56,4,60,191
08/04/2000,PFN,FL,ASO,ES,Federal Contract Tower,16,39,32,2,89,0,6,46,10,62,16,45,78,12,151,102,8,110,261
08/05/2000,PFN,FL,ASO,ES,Federal Contract Tower,10,22,21,0,53,4,0,83,0,87,14,22,104,0,140,80,0,80,220
08/06/2000,PFN,FL,ASO,ES,Federal Contract Tower,11,21,22,0,54,2,0,67,0,69,13,21,89,0,123,90,0,90,213
08/07/2000,PFN,FL,ASO,ES,Federal Contract Tower,15,40,33,2,90,0,11,68,0,79,15,51,101,2,169,60,0,60,229
08/08/2000,PFN,FL,ASO,ES,Federal Contract Tower,14,33,27,2,76,1,10,59,4,74,15,43,86,6,150,58,14,72,222
08/09/2000,PFN,FL,ASO,ES,Federal Contract Tower,13,40,33,2,88,0,8,87,12,107,13,48,120,14,195,108,32,140,335
08/10/2000,PFN,FL,ASO,ES,Federal Contract Tower,16,45,37,3,101,0,4,79,5,88,16,49,116,8,189,110,42,152,341
08/11/2000,PFN,FL,ASO,ES,Federal Contract Tower,15,39,32,3,89,1,10,68,4,83,16,49,100,7,172,82,8,90,262
08/12/2000,PFN,FL,ASO,ES,Federal Contract Tower,10,25,23,2,60,4,0,82,2,88,14,25,105,4,148,86,0,86,234
08/13/2000,PFN,FL,ASO,ES,Federal Contract Tower,13,24,27,0,64,2,0,132,0,134,15,24,159,0,198,106,2,108,306
08/14/2000,PFN,FL,ASO,ES,Federal Contract Tower,16,44,35,0,95,0,7,69,0,76,16,51,104,0,171,100,0,100,271
08/15/2000,PFN,FL,ASO,ES,Federal Contract Tower,15,39,31,3,88,1,11,74,0,86,16,50,105,3,174,54,8,62,236
08/16/2000,PFN,FL,ASO,ES,Federal Contract Tower,15,40,31,3,89,1,12,56,12,81,16,52,87,15,170,146,20,166,336
08/17/2000,PFN,FL,ASO,ES,Federal Contract Tower,16,48,40,4,108,0,0,83,0,83,16,48,123,4,191,100,4,104,295
08/18/2000,PFN,FL,ASO,ES,Federal Contract Tower,16,48,38,4,106,0,0,86,2,88,16,48,124,6,194,144,28,172,366
08/19/2000,PFN,FL,ASO,ES,Federal Contract Tower,9,24,19,2,54,4,0,50,0,54,13,24,69,2,108,104,0,104,212
08/20/2000,PFN,FL,ASO,ES,Federal Contract Tower,11,19,23,2,55,5,0,40,0,45,16,19,63,2,100,54,0,54,154
08/21/2000,PFN,FL,ASO,ES,Federal Contract Tower,13,44,34,3,94,0,9,28,6,43,13,53,62,9,137,58,14,72,209
08/22/2000,PFN,FL,ASO,ES,Federal Contract Tower,14,46,36,4,100,0,0,89,11,100,14,46,125,15,200,156,2,158,358
08/23/2000,PFN,FL,ASO,ES,Federal Contract Tower,16,47,36,4,103,0,1,88,9,98,16,48,124,13,201,100,4,104,305
08/24/2000,PFN,FL,ASO,ES,Federal Contract Tower,15,47,44,4,110,0,0,73,15,88,15,47,117,19,198,110,18,128,326
08/25/2000,PFN,FL,ASO,ES,Federal Contract Tower,16,42,34,3,95,0,0,61,21,82,16,42,95,24,177,108,38,146,323
08/26/2000,PFN,FL,ASO,ES,Federal Contract Tower,10,23,21,2,56,6,0,40,1,47,16,23,61,3,103,128,0,128,231
08/27/2000,PFN,FL,ASO,ES,Federal Contract Tower,10,18,20,0,48,5,0,70,0,75,15,18,90,0,123,113,0,113,236
08/28/2000,PFN,FL,ASO,ES,Federal Contract Tower,15,40,30,3,88,1,6,50,2,59,16,46,80,5,147,100,20,120,267
08/29/2000,PFN,FL,ASO,ES,Federal Contract Tower,16,45,35,3,99,0,12,41,6,59,16,57,76,9,158,58,18,76,234
08/30/2000,PFN,FL,ASO,ES,Federal Contract Tower,16,50,39,3,108,0,15,77,9,101,16,65,116,12,209,74,26,100,309
08/31/2000,PFN,FL,ASO,ES,Federal Contract Tower,16,45,36,2,99,0,7,61,2,70,16,52,97,4,169,46,12,58,227
09/01/2000,PFN,FL,ASO,ES,Federal Contract Tower,16,46,39,2,103,0,3,61,0,64,16,49,100,2,167,70,0,70,237
09/02/2000,PFN,FL,ASO,ES,Federal Contract Tower,11,22,22,2,57,3,0,31,3,37,14,22,53,5,94,50,0,50,144
09/03/2000,PFN,FL,ASO,ES,Federal Contract Tower,7,11,13,1,32,3,0,42,1,46,10,11,55,2,78,86,0,86,164
09/04/2000,PFN,FL,ASO,ES,Federal Contract Tower,14,22,32,3,71,0,0,93,0,93,14,22,125,3,164,60,0,60,224
09/05/2000,PFN,FL,ASO,ES,Federal Contract Tower,16,36,32,3,87,0,14,21,7,42,16,50,53,10,129,48,8,56,185
09/06/2000,PFN,FL,ASO,ES,Federal Contract Tower,15,36,31,0,82,0,15,7,0,22,15,51,38,0,104,26,0,26,130
09/07/2000,PFN,FL,ASO,ES,Federal Contract Tower,16,42,37,2,97,0,6,1,0,7,16,48,38,2,104,2,0,2,106
09/08/2000,PFN,FL,ASO,ES,Federal Contract Tower,16,40,35,3,94,0,3,8,0,11,16,43,43,3,105,58,0,58,163
09/09/2000,PFN,FL,ASO,ES,Federal Contract Tower,11,23,20,2,56,3,0,39,1,43,14,23,59,3,99,64,0,64,163
09/10/2000,PFN,FL,ASO,ES,Federal Contract Tower,10,21,21,2,54,5,0,44,0,49,15,21,65,2,103,74,0,74,177
09/11/2000,PFN,FL,ASO,ES,Federal Contract Tower,14,32,28,2,76,2,13,43,0,58,16,45,71,2,134,56,8,64,198
09/12/2000,PFN,FL,ASO,ES,Federal Contract Tower,17,44,38,3,102,0,3,67,0,70,17,47,105,3,172,86,0,86,258
09/13/2000,PFN,FL,ASO,ES,Federal Contract Tower,16,47,44,5,112,0,0,87,15,102,16,47,131,20,214,148,46,194,408
09/14/2000,PFN,FL,ASO,ES,Federal Contract Tower,18,41,37,4,100,0,0,48,2,50,18,41,85,6,150,70,30,100,250
09/15/2000,PFN,FL,ASO,ES,Federal Contract Tower,16,38,38,4,96,0,0,62,8,70,16,38,100,12,166,100,34,134,300
09/16/2000,PFN,FL,ASO,ES,Federal Contract Tower,14,25,29,0,68,2,0,79,0,81,16,25,108,0,149,134,0,134,283
09/17/2000,PFN,FL,ASO,ES,Federal Contract Tower,9,7,20,0,36,7,0,31,0,38,16,7,51,0,74,8,0,8,82
09/18/2000,PFN,FL,ASO,ES,Federal Contract Tower,14,35,28,3,80,2,12,59,11,84,16,47,87,14,164,104,2,106,270
09/19/2000,PFN,FL,ASO,ES,Federal Contract Tower,16,43,36,4,99,0,4,56,5,65,16,47,92,9,164,130,22,152,316
09/20/2000,PFN,FL,ASO,ES,Federal Contract Tower,15,38,31,4,88,1,8,29,0,38,16,46,60,4,126,94,36,130,256
09/21/2000,PFN,FL,ASO,ES,Federal Contract Tower,11,35,28,3,77,0,5,10,0,15,11,40,38,3,92,0,4,4,96
09/22/2000,PFN,FL,ASO,ES,Federal Contract Tower,8,20,13,0,41,0,11,0,0,11,8,31,13,0,52,0,0,0,52
09/23/2000,PFN,FL,ASO,ES,Federal Contract Tower,11,23,22,0,56,3,0,61,0,64,14,23,83,0,120,58,0,58,178
09/24/2000,PFN,FL,ASO,ES,Federal Contract Tower,12,19,25,0,56,4,0,86,0,90,16,19,111,0,146,156,2,158,304
09/25/2000,PFN,FL,ASO,ES,Federal Contract Tower,15,48,40,4,107,0,2,42,6,50,15,50,82,10,157,58,42,100,257
09/26/2000,PFN,FL,ASO,ES,Federal Contract Tower,16,46,39,3,104,0,1,73,3,77,16,47,112,6,181,80,26,106,287
09/27/2000,PFN,FL,ASO,ES,Federal Contract Tower,14,37,32,3,86,0,8,100,9,117,14,45,132,12,203,156,62,218,421
09/28/2000,PFN,FL,ASO,ES,Federal Contract Tower,18,45,39,1,103,0,0,79,0,79,18,45,118,1,182,112,8,120,302
09/29/2000,PFN,FL,ASO,ES,Federal Contract Tower,16,44,38,2,100,0,1,57,0,58,16,45,95,2,158,38,8,46,204
09/30/2000,PFN,FL,ASO,ES,Federal Contract Tower,11,23,22,2,58,3,0,88,7,98,14,23,110,9,156,92,0,92,248
10/01/2000,PFN,FL,ASO,ES,Federal Contract Tower,12,18,20,0,50,3,0,88,0,91,15,18,108,0,141,74,0,74,215
10/02/2000,PFN,FL,ASO,ES,Federal Contract Tower,14,35,28,2,79,0,12,90,0,102,14,47,118,2,181,159,10,169,350
10/03/2000,PFN,FL,ASO,ES,Federal Contract Tower,15,34,27,4,80,1,12,76,2,91,16,46,103,6,171,102,12,114,285
10/04/2000,PFN,FL,ASO,ES,Federal Contract Tower,16,42,33,4,95,0,2,95,16,113,16,44,128,20,208,108,38,146,354
10/05/2000,PFN,FL,ASO,ES,Federal Contract Tower,16,45,35,5,101,0,1,66,5,72,16,46,101,10,173,54,20,74,247
10/06/2000,PFN,FL,ASO,ES,Federal Contract Tower,16,39,31,4,90,0,2,18,1,21,16,41,49,5,111,0,4,4,115
10/07/2000,PFN,FL,ASO,ES,Federal Contract Tower,13,22,23,0,58,1,0,47,0,48,14,22,70,0,106,80,0,80,186
10/08/2000,PFN,FL,ASO,ES,Federal Contract Tower,11,19,20,0,50,4,0,31,0,35,15,19,51,0,85,16,0,16,101
10/09/2000,PFN,FL,ASO,ES,Federal Contract Tower,15,34,26,0,75,1,0,34,0,35,16,34,60,0,110,32,0,32,142
10/10/2000,PFN,FL,ASO,ES,Federal Contract Tower,15,41,33,4,93,0,10,65,12,87,15,51,98,16,180,82,20,102,282
10/11/2000,PFN,FL,ASO,ES,Federal Contract Tower,15,36,28,4,83,2,12,109,6,129,17,48,137,10,212,160,32,192,404
10/12/2000,PFN,FL,ASO,ES,Federal Contract Tower,16,41,33,3,93,0,3,72,0,75,16,44,105,3,168,128,6,134,302
10/13/2000,PFN,FL,ASO,ES,Federal Contract Tower,16,41,33,2,92,0,0,81,0,81,16,41,114,2,173,80,0,80,253
10/14/2000,PFN,FL,ASO,ES,Federal Contract Tower,12,21,23,0,56,2,0,95,0,97,14,21,118,0,153,86,0,86,239
10/15/2000,PFN,FL,ASO,ES,Federal Contract Tower,10,21,20,0,51,6,0,88,0,94,16,21,108,0,145,102,0,102,247
10/16/2000,PFN,FL,ASO,ES,Federal Contract Tower,16,43,32,5,96,0,1,75,1,77,16,44,107,6,173,106,0,106,279
10/17/2000,PFN,FL,ASO,ES,Federal Contract Tower,16,42,31,5,94,0,7,65,6,78,16,49,96,11,172,146,42,188,360
10/18/2000,PFN,FL,ASO,ES,Federal Contract Tower,16,41,31,2,90,0,13,65,0,78,16,54,96,2,168,132,12,144,312
10/19/2000,PFN,FL,ASO,ES,Federal Contract Tower,15,42,32,5,94,0,6,40,0,46,15,48,72,5,140,134,24,158,298
10/20/2000,PFN,FL,ASO,ES,Federal Contract Tower,16,41,32,5,94,0,0,47,1,48,16,41,79,6,142,56,0,56,198
10/21/2000,PFN,FL,ASO,ES,Federal Contract Tower,9,21,17,0,47,5,0,65,0,70,14,21,82,0,117,68,0,68,185
10/22/2000,PFN,FL,ASO,ES,Federal Contract Tower,10,20,18,0,48,5,0,79,0,84,15,20,97,0,132,60,0,60,192
10/23/2000,PFN,FL,ASO,ES,Federal Contract Tower,16,46,37,6,105,0,0,64,3,67,16,46,101,9,172,40,50,90,262
10/24/2000,PFN,FL,ASO,ES,Federal Contract Tower,14,45,34,6,99,0,9,50,15,74,14,54,84,21,173,52,10,62,235
10/25/2000,PFN,FL,ASO,ES,Federal Contract Tower,15,47,38,6,106,0,0,87,8,95,15,47,125,14,201,126,42,168,369
10/26/2000,PFN,FL,ASO,ES,Federal Contract Tower,15,42,32,5,94,0,5,70,9,84,15,47,102,14,178,60,10,70,248
10/27/2000,PFN,FL,ASO,ES,Federal Contract Tower,15,44,33,6,98,0,2,96,0,98,15,46,129,6,196,112,2,114,310
10/28/2000,PFN,FL,ASO,ES,Federal Contract Tower,7,20,15,0,42,7,3,53,0,63,14,23,68,0,105,114,0,114,219
10/29/2000,PFN,FL,ASO,ES,Federal Contract Tower,14,20,29,0,63,2,0,74,0,76,16,20,103,0,139,96,2,98,237
10/30/2000,PFN,FL,ASO,ES,Federal Contract Tower,15,38,29,4,86,1,7,16,6,30,16,45,45,10,116,34,10,44,160
10/31/2000,PFN,FL,ASO,ES,Federal Contract Tower,16,46,36,5,103,0,0,34,5,39,16,46,70,10,142,42,24,66,208
11/01/2000,PFN,FL,ASO,ES,Federal Contract Tower,16,42,36,4,98,0,0,38,6,44,16,42,74,10,142,54,2,56,198
11/02/2000,PFN,FL,ASO,ES,Federal Contract Tower,16,50,43,5,114,0,0,77,2,79,16,50,120,7,193,36,12,48,241
11/03/2000,PFN,FL,ASO,ES,Federal Contract Tower,16,43,36,4,99,0,4,51,3,58,16,47,87,7,157,58,12,70,227
11/04/2000,PFN,FL,ASO,ES,Federal Contract Tower,11,23,22,0,56,3,0,39,0,42,14,23,61,0,98,100,0,100,198
11/05/2000,PFN,FL,ASO,ES,Federal Contract Tower,15,20,28,1,64,1,0,40,0,41,16,20,68,1,105,124,12,136,241
11/06/2000,PFN,FL,ASO,ES,Federal Contract Tower,16,40,33,0,89,0,8,22,0,30,16,48,55,0,119,24,2,26,145
11/07/2000,PFN,FL,ASO,ES,Federal Contract Tower,16,49,45,5,115,0,0,25,24,49,16,49,70,29,164,60,28,88,252
11/08/2000,PFN,FL,ASO,ES,Federal Contract Tower,13,40,33,3,89,0,10,2,7,19,13,50,35,10,108,16,4,20,128
11/09/2000,PFN,FL,ASO,ES,Federal Contract Tower,16,37,30,3,86,0,11,5,0,16,16,48,35,3,102,22,0,22,124
11/10/2000,PFN,FL,ASO,ES,Federal Contract Tower,16,41,34,0,91,0,1,106,0,107,16,42,140,0,198,42,0,42,240
11/11/2000,PFN,FL,ASO,ES,Federal Contract Tower,12,23,21,0,56,2,0,63,0,65,14,23,84,0,121,100,2,102,223
11/12/2000,PFN,FL,ASO,ES,Federal Contract Tower,12,16,23,2,53,4,0,72,1,77,16,16,95,3,130,86,0,86,216
11/13/2000,PFN,FL,ASO,ES,Federal Contract Tower,16,40,34,4,94,0,5,37,29,71,16,45,71,33,165,60,6,66,231
11/14/2000,PFN,FL,ASO,ES,Federal Contract Tower,16,43,35,5,99,0,0,26,9,35,16,43,61,14,134,24,8,32,166
11/15/2000,PFN,FL,ASO,ES,Federal Contract Tower,16,40,33,4,93,0,4,58,2,64,16,44,91,6,157,68,26,94,251
11/16/2000,PFN,FL,ASO,ES,Federal Contract Tower,15,42,35,5,97,0,9,15,2,26,15,51,50,7,123,46,10,56,179
11/17/2000,PFN,FL,ASO,ES,Federal Contract Tower,16,38,32,3,89,0,8,2,0,10,16,46,34,3,99,8,10,18,117
11/18/2000,PFN,FL,ASO,ES,Federal Contract Tower,11,27,23,3,64,3,0,2,0,5,14,27,25,3,69,6,0,6,75
11/19/2000,PFN,FL,ASO,ES,Federal Contract Tower,9,19,19,0,47,6,0,0,0,6,15,19,19,0,53,4,0,4,57
11/20/2000,PFN,FL,ASO,ES,Federal Contract Tower,16,41,32,4,93,0,7,28,3,38,16,48,60,7,131,16,28,44,175
11/21/2000,PFN,FL,ASO,ES,Federal Contract Tower,14,37,29,0,80,0,14,37,0,51,14,51,66,0,131,86,18,104,235
11/22/2000,PFN,FL,ASO,ES,Federal Contract Tower,16,44,34,3,97,0,1,73,0,74,16,45,107,3,171,82,38,120,291
11/23/2000,PFN,FL,ASO,ES,Federal Contract Tower,7,18,13,0,38,5,0,29,0,34,12,18,42,0,72,44,0,44,116
11/24/2000,PFN,FL,ASO,ES,Federal Contract Tower,10,25,19,0,54,1,2,14,0,17,11,27,33,0,71,16,0,16,87
11/25/2000,PFN,FL,ASO,ES,Federal Contract Tower,8,19,15,0,42,6,0,17,0,23,14,19,32,0,65,58,0,58,123
11/26/2000,PFN,FL,ASO,ES,Federal Contract Tower,13,17,26,0,56,3,0,78,0,81,16,17,104,0,137,32,0,32,169
11/27/2000,PFN,FL,ASO,ES,Federal Contract Tower,16,43,34,5,98,0,7,31,0,38,16,50,65,5,136,28,48,76,212
11/28/2000,PFN,FL,ASO,ES,Federal Contract Tower,16,41,32,4,93,0,6,63,4,73,16,47,95,8,166,120,6,126,292
11/29/2000,PFN,FL,ASO,ES,Federal Contract Tower,16,40,33,3,92,0,5,35,9,49,16,45,68,12,141,42,22,64,205
11/30/2000,PFN,FL,ASO,ES,Federal Contract Tower,16,40,33,3,92,0,7,31,8,46,16,47,64,11,138,90,16,106,244
12/01/2000,PFN,FL,ASO,ES,Federal Contract Tower,16,40,32,5,93,0,3,36,8,47,16,43,68,13,140,90,10,100,240
12/02/2000,PFN,FL,ASO,ES,Federal Contract Tower,11,24,20,0,55,1,0,33,0,34,12,24,53,0,89,38,0,38,127
12/03/2000,PFN,FL,ASO,ES,Federal Contract Tower,10,17,18,0,45,6,0,40,0,46,16,17,58,0,91,92,2,94,185
12/04/2000,PFN,FL,ASO,ES,Federal Contract Tower,16,50,42,6,114,0,0,38,6,44,16,50,80,12,158,36,2,38,196
12/05/2000,PFN,FL,ASO,ES,Federal Contract Tower,16,46,37,5,104,0,1,28,23,52,16,47,65,28,156,66,8,74,230
12/06/2000,PFN,FL,ASO,ES,Federal Contract Tower,16,40,31,5,92,0,3,31,18,52,16,43,62,23,144,84,2,86,230
12/07/2000,PFN,FL,ASO,ES,Federal Contract Tower,16,44,36,5,101,0,5,34,8,47,16,49,70,13,148,68,12,80,228
12/08/2000,PFN,FL,ASO,ES,Federal Contract Tower,14,40,31,6,91,0,4,20,10,34,14,44,51,16,125,60,4,64,189
12/09/2000,PFN,FL,ASO,ES,Federal Contract Tower,9,24,20,0,53,4,0,38,0,42,13,24,58,0,95,98,0,98,193
12/10/2000,PFN,FL,ASO,ES,Federal Contract Tower,10,17,22,0,49,6,0,16,0,22,16,17,38,0,71,10,0,10,81
12/11/2000,PFN,FL,ASO,ES,Federal Contract Tower,15,46,37,3,101,0,7,4,0,11,15,53,41,3,112,0,0,0,112
12/12/2000,PFN,FL,ASO,ES,Federal Contract Tower,14,40,32,6,92,0,5,27,5,37,14,45,59,11,129,104,36,140,269
12/13/2000,PFN,FL,ASO,ES,Federal Contract Tower,16,47,38,6,107,0,0,12,9,21,16,47,50,15,128,32,14,46,174
12/14/2000,PFN,FL,ASO,ES,Federal Contract Tower,15,40,32,5,92,0,9,32,0,41,15,49,64,5,133,70,24,94,227
12/15/2000,PFN,FL,ASO,ES,Federal Contract Tower,13,47,44,1,105,0,0,27,0,27,13,47,71,1,132,16,0,16,148
12/16/2000,PFN,FL,ASO,ES,Federal Contract Tower,7,21,14,0,42,0,5,0,0,5,7,26,14,0,47,0,0,0,47
12/17/2000,PFN,FL,ASO,ES,Federal Contract Tower,8,17,17,1,43,0,0,47,0,47,8,17,64,1,90,32,0,32,122
12/18/2000,PFN,FL,ASO,ES,Federal Contract Tower,13,34,25,4,76,0,10,58,0,68,13,44,83,4,144,84,2,86,230
12/19/2000,PFN,FL,ASO,ES,Federal Contract Tower,10,35,27,5,77,0,6,14,3,23,10,41,41,8,100,8,2,10,110
12/20/2000,PFN,FL,ASO,ES,Federal Contract Tower,14,42,31,6,93,0,5,40,2,47,14,47,71,8,140,88,4,92,232
12/21/2000,PFN,FL,ASO,ES,Federal Contract Tower,7,37,28,5,77,0,12,28,3,43,7,49,56,8,120,30,14,44,164
12/22/2000,PFN,FL,ASO,ES,Federal Contract Tower,15,40,30,5,90,0,2,31,1,34,15,42,61,6,124,24,6,30,154
12/23/2000,PFN,FL,ASO,ES,Federal Contract Tower,7,19,15,2,43,6,2,40,2,50,13,21,55,4,93,26,0,26,119
12/24/2000,PFN,FL,ASO,ES,Federal Contract Tower,5,9,11,0,25,9,0,17,0,26,14,9,28,0,51,46,0,46,97
12/25/2000,PFN,FL,ASO,ES,Federal Contract Tower,4,9,10,0,23,7,0,18,0,25,11,9,28,0,48,8,0,8,56
12/26/2000,PFN,FL,ASO,ES,Federal Contract Tower,15,37,29,0,81,0,9,63,0,72,15,46,92,0,153,70,2,72,225
12/27/2000,PFN,FL,ASO,ES,Federal Contract Tower,14,37,28,3,82,1,7,5,0,13,15,44,33,3,95,6,2,8,103
12/28/2000,PFN,FL,ASO,ES,Federal Contract Tower,14,37,19,0,70,0,8,0,0,8,14,45,19,0,78,10,0,10,88
12/29/2000,PFN,FL,ASO,ES,Federal Contract Tower,15,40,34,5,94,0,0,22,0,22,15,40,56,5,116,26,0,26,142
12/30/2000,PFN,FL,ASO,ES,Federal Contract Tower,12,28,25,0,65,0,0,36,0,36,12,28,61,0,101,48,0,48,149
12/31/2000,PFN,FL,ASO,ES,Federal Contract Tower,8,11,18,0,37,7,0,48,0,55,15,11,66,0,92,58,0,58,150
01/01/2001,PFN,FL,ASO,ES,Federal Contract Tower,9,17,16,0,42,3,0,30,0,33,12,17,46,0,75,44,0,44,119
01/02/2001,PFN,FL,ASO,ES,Federal Contract Tower,12,37,29,4,82,0,6,40,0,46,12,43,69,4,128,54,0,54,182
01/03/2001,PFN,FL,ASO,ES,Federal Contract Tower,16,36,29,5,86,0,10,45,8,63,16,46,74,13,149,70,20,90,239
01/04/2001,PFN,FL,ASO,ES,Federal Contract Tower,16,37,30,5,88,0,7,44,5,56,16,44,74,10,144,132,38,170,314
01/05/2001,PFN,FL,ASO,ES,Federal Contract Tower,16,39,31,5,91,0,2,53,7,62,16,41,84,12,153,74,32,106,259
01/06/2001,PFN,FL,ASO,ES,Federal Contract Tower,11,22,20,0,53,3,0,106,0,109,14,22,126,0,162,162,0,162,324
01/07/2001,PFN,FL,ASO,ES,Federal Contract Tower,13,20,23,2,58,2,0,79,0,81,15,20,102,2,139,130,0,130,269
01/08/2001,PFN,FL,ASO,ES,Federal Contract Tower,13,36,28,5,82,0,8,20,3,31,13,44,48,8,113,58,30,88,201
01/09/2001,PFN,FL,ASO,ES,Federal Contract Tower,13,27,22,3,65,3,16,44,2,65,16,43,66,5,130,44,10,54,184
01/10/2001,PFN,FL,ASO,ES,Federal Contract Tower,15,35,28,5,83,1,6,31,4,42,16,41,59,9,125,70,6,76,201
01/11/2001,PFN,FL,ASO,ES,Federal Contract Tower,15,35,29,5,84,1,5,9,1,16,16,40,38,6,100,56,8,64,164
01/12/2001,PFN,FL,ASO,ES,Federal Contract Tower,15,46,40,5,106,0,0,27,0,27,15,46,67,5,133,40,10,50,183
01/13/2001,PFN,FL,ASO,ES,Federal Contract Tower,9,18,18,0,45,4,0,71,0,75,13,18,89,0,120,66,0,66,186
01/14/2001,PFN,FL,ASO,ES,Federal Contract Tower,12,16,23,1,52,3,0,59,0,62,15,16,82,1,114,132,0,132,246
01/15/2001,PFN,FL,ASO,ES,Federal Contract Tower,14,35,30,3,82,0,0,34,0,34,14,35,64,3,116,132,2,134,250
01/16/2001,PFN,FL,ASO,ES,Federal Contract Tower,16,47,38,4,105,0,0,32,0,32,16,47,70,4,137,84,30,114,251
01/17/2001,PFN,FL,ASO,ES,Federal Contract Tower,14,44,33,7,98,0,0,40,4,44,14,44,73,11,142,108,20,128,270
01/18/2001,PFN,FL,ASO,ES,Federal Contract Tower,12,43,33,6,94,0,0,45,5,50,12,43,78,11,144,68,48,116,260
01/19/2001,PFN,FL,ASO,ES,Federal Contract Tower,12,28,13,0,53,3,9,0,0,12,15,37,13,0,65,0,0,0,65
01/20/2001,PFN,FL,ASO,ES,Federal Contract Tower,9,23,18,3,53,2,0,32,0,34,11,23,50,3,87,16,0,16,103
01/21/2001,PFN,FL,ASO,ES,Federal Contract Tower,10,15,7,4,36,5,0,0,2,7,15,15,7,6,43,98,0,98,141
01/22/2001,PFN,FL,ASO,ES,Federal Contract Tower,14,42,35,7,98,0,0,55,5,60,14,42,90,12,158,108,50,158,316
01/23/2001,PFN,FL,ASO,ES,Federal Contract Tower,14,38,28,6,86,0,0,70,18,88,14,38,98,24,174,138,40,178,352
01/24/2001,PFN,FL,ASO,ES,Federal Contract Tower,14,38,29,6,87,0,9,74,7,90,14,47,103,13,177,90,6,96,273
01/25/2001,PFN,FL,ASO,ES,Federal Contract Tower,14,35,27,5,81,2,7,48,8,65,16,42,75,13,146,130,20,150,296
01/26/2001,PFN,FL,ASO,ES,Federal Contract Tower,14,43,34,6,97,0,1,62,3,66,14,44,96,9,163,134,18,152,315
01/27/2001,PFN,FL,ASO,ES,Federal Contract Tower,12,19,23,4,58,2,0,71,2,75,14,19,94,6,133,80,2,82,215
01/28/2001,PFN,FL,ASO,ES,Federal Contract Tower,11,16,22,0,49,5,0,103,0,108,16,16,125,0,157,116,0,116,273
01/29/2001,PFN,FL,ASO,ES,Federal Contract Tower,16,38,30,4,88,0,6,13,0,19,16,44,43,4,107,22,8,30,137
01/30/2001,PFN,FL,ASO,ES,Federal Contract Tower,14,36,29,5,84,1,2,38,8,49,15,38,67,13,133,70,0,70,203
01/31/2001,PFN,FL,ASO,ES,Federal Contract Tower,16,42,33,5,96,0,8,26,8,42,16,50,59,13,138,22,68,90,228
02/01/2001,PFN,FL,ASO,ES,Federal Contract Tower,15,34,33,4,86,1,10,32,3,46,16,44,65,7,132,108,30,138,270
02/02/2001,PFN,FL,ASO,ES,Federal Contract Tower,16,38,36,5,95,0,2,32,6,40,16,40,68,11,135,28,38,66,201
02/03/2001,PFN,FL,ASO,ES,Federal Contract Tower,14,21,29,4,68,0,0,64,1,65,14,21,93,5,133,70,4,74,207
02/04/2001,PFN,FL,ASO,ES,Federal Contract Tower,11,17,21,2,51,5,0,52,2,59,16,17,73,4,110,74,2,76,186
02/05/2001,PFN,FL,ASO,ES,Federal Contract Tower,14,39,49,4,106,0,0,24,0,24,14,39,73,4,130,58,16,74,204
02/06/2001,PFN,FL,ASO,ES,Federal Contract Tower,16,35,34,4,89,0,6,65,15,86,16,41,99,19,175,68,20,88,263
02/07/2001,PFN,FL,ASO,ES,Federal Contract Tower,16,40,38,5,99,0,13,68,11,92,16,53,106,16,191,132,22,154,345
02/08/2001,PFN,FL,ASO,ES,Federal Contract Tower,14,32,31,4,81,2,14,44,0,60,16,46,75,4,141,110,18,128,269
02/09/2001,PFN,FL,ASO,ES,Federal Contract Tower,15,37,35,5,92,0,8,38,0,46,15,45,73,5,138,22,6,28,166
02/10/2001,PFN,FL,ASO,ES,Federal Contract Tower,12,22,24,1,59,2,0,42,0,44,14,22,66,1,103,40,0,40,143
02/11/2001,PFN,FL,ASO,ES,Federal Contract Tower,11,19,25,4,59,3,0,68,9,80,14,19,93,13,139,84,2,86,225
02/12/2001,PFN,FL,ASO,ES,Federal Contract Tower,12,30,27,0,69,3,5,0,0,8,15,35,27,0,77,4,0,4,81
02/13/2001,PFN,FL,ASO,ES,Federal Contract Tower,14,36,34,5,89,0,5,24,2,31,14,41,58,7,120,24,20,44,164
02/14/2001,PFN,FL,ASO,ES,Federal Contract Tower,12,29,28,0,69,2,9,22,0,33,14,38,50,0,102,10,2,12,114
02/15/2001,PFN,FL,ASO,ES,Federal Contract Tower,14,35,43,1,93,0,0,15,0,15,14,35,58,1,108,10,8,18,126
02/16/2001,PFN,FL,ASO,ES,Federal Contract Tower,13,41,36,5,95,0,6,20,0,26,13,47,56,5,121,16,8,24,145
02/17/2001,PFN,FL,ASO,ES,Federal Contract Tower,9,23,20,1,53,5,0,49,0,54,14,23,69,1,107,10,0,10,117
02/18/2001,PFN,FL,ASO,ES,Federal Contract Tower,11,16,23,1,51,5,0,81,0,86,16,16,104,1,137,68,0,68,205
02/19/2001,PFN,FL,ASO,ES,Federal Contract Tower,13,32,27,5,77,3,1,64,3,71,16,33,91,8,148,74,0,74,222
02/20/2001,PFN,FL,ASO,ES,Federal Contract Tower,15,40,36,6,97,0,5,39,9,53,15,45,75,15,150,106,30,136,286
02/21/2001,PFN,FL,ASO,ES,Federal Contract Tower,16,38,34,5,93,0,6,29,0,35,16,44,63,5,128,70,22,92,220
02/22/2001,PFN,FL,ASO,ES,Federal Contract Tower,12,41,36,2,91,0,6,16,0,22,12,47,52,2,113,14,0,14,127
02/23/2001,PFN,FL,ASO,ES,Federal Contract Tower,17,43,44,6,110,0,0,58,3,61,17,43,102,9,171,106,16,122,293
02/24/2001,PFN,FL,ASO,ES,Federal Contract Tower,11,27,25,0,63,3,0,27,0,30,14,27,52,0,93,48,0,48,141
02/25/2001,PFN,FL,ASO,ES,Federal Contract Tower,12,17,27,3,59,4,0,16,5,25,16,17,43,8,84,20,6,26,110
02/26/2001,PFN,FL,ASO,ES,Federal Contract Tower,8,42,39,5,94,0,4,76,1,81,8,46,115,6,175,110,0,110,285
02/27/2001,PFN,FL,ASO,ES,Federal Contract Tower,14,35,32,4,85,1,9,39,9,58,15,44,71,13,143,74,12,86,229
02/28/2001,PFN,FL,ASO,ES,Federal Contract Tower,14,35,33,4,86,2,8,19,1,30,16,43,52,5,116,64,14,78,194
03/01/2001,PFN,FL,ASO,ES,Federal Contract Tower,16,40,45,5,106,0,0,51,10,61,16,40,96,15,167,136,22,158,325
03/02/2001,PFN,FL,ASO,ES,Federal Contract Tower,15,35,37,4,91,0,4,34,7,45,15,39,71,11,136,122,70,192,328
03/03/2001,PFN,FL,ASO,ES,Federal Contract Tower,10,19,19,0,48,5,3,0,0,8,15,22,19,0,56,2,0,2,58
03/04/2001,PFN,FL,ASO,ES,Federal Contract Tower,11,18,25,3,57,3,0,25,1,29,14,18,50,4,86,4,2,6,92
03/05/2001,PFN,FL,ASO,ES,Federal Contract Tower,14,34,36,4,88,0,12,61,5,78,14,46,97,9,166,38,20,58,224
03/06/2001,PFN,FL,ASO,ES,Federal Contract Tower,14,32,35,3,84,0,12,68,0,80,14,44,103,3,164,158,4,162,326
03/07/2001,PFN,FL,ASO,ES,Federal Contract Tower,15,44,46,5,110,0,0,66,10,76,15,44,112,15,186,86,38,124,310
03/08/2001,PFN,FL,ASO,ES,Federal Contract Tower,16,33,36,4,89,0,8,67,1,76,16,41,103,5,165,166,0,166,331
03/09/2001,PFN,FL,ASO,ES,Federal Contract Tower,15,36,38,1,90,0,5,15,0,20,15,41,53,1,110,42,8,50,160
03/10/2001,PFN,FL,ASO,ES,Federal Contract Tower,10,22,24,0,56,5,5,128,0,138,15,27,152,0,194,128,0,128,322
03/11/2001,PFN,FL,ASO,ES,Federal Contract Tower,12,16,29,0,57,3,0,101,0,104,15,16,130,0,161,168,0,168,329
03/12/2001,PFN,FL,ASO,ES,Federal Contract Tower,9,27,29,0,65,0,11,7,0,18,9,38,36,0,83,2,0,2,85
03/13/2001,PFN,FL,ASO,ES,Federal Contract Tower,13,34,34,4,85,0,4,60,33,97,13,38,94,37,182,52,20,72,254
03/14/2001,PFN,FL,ASO,ES,Federal Contract Tower,16,37,44,5,102,0,0,73,14,87,16,37,117,19,189,90,38,128,317
03/15/2001,PFN,FL,ASO,ES,Federal Contract Tower,13,28,31,5,77,3,0,61,6,70,16,28,92,11,147,70,12,82,229
03/16/2001,PFN,FL,ASO,ES,Federal Contract Tower,16,43,49,7,115,0,0,99,3,102,16,43,148,10,217,108,12,120,337
03/17/2001,PFN,FL,ASO,ES,Federal Contract Tower,13,26,32,0,71,0,0,65,0,65,13,26,97,0,136,156,0,156,292
03/18/2001,PFN,FL,ASO,ES,Federal Contract Tower,11,20,26,0,57,4,0,48,0,52,15,20,74,0,109,60,0,60,169
03/19/2001,PFN,FL,ASO,ES,Federal Contract Tower,15,35,36,2,88,0,11,10,0,21,15,46,46,2,109,0,0,0,109
03/20/2001,PFN,FL,ASO,ES,Federal Contract Tower,15,37,37,1,90,0,1,5,0,6,15,38,42,1,96,30,2,32,128
03/21/2001,PFN,FL,ASO,ES,Federal Contract Tower,13,31,31,5,80,1,7,21,1,30,14,38,52,6,110,78,0,78,188
03/22/2001,PFN,FL,ASO,ES,Federal Contract Tower,16,38,38,5,97,0,8,50,6,64,16,46,88,11,161,128,14,142,303
03/23/2001,PFN,FL,ASO,ES,Federal Contract Tower,16,37,44,6,103,0,0,118,14,132,16,37,162,20,235,214,44,258,493
03/24/2001,PFN,FL,ASO,ES,Federal Contract Tower,11,21,27,4,63,5,0,71,1,77,16,21,98,5,140,116,0,116,256
03/25/2001,PFN,FL,ASO,ES,Federal Contract Tower,13,21,31,5,70,2,0,40,0,42,15,21,71,5,112,4,0,4,116
03/26/2001,PFN,FL,ASO,ES,Federal Contract Tower,14,33,33,5,85,1,9,34,6,50,15,42,67,11,135,22,22,44,179
03/27/2001,PFN,FL,ASO,ES,Federal Contract Tower,16,36,36,5,93,0,5,41,9,55,16,41,77,14,148,78,4,82,230
03/28/2001,PFN,FL,ASO,ES,Federal Contract Tower,16,40,47,6,109,0,0,46,22,68,16,40,93,28,177,30,74,104,281
03/29/2001,PFN,FL,ASO,ES,Federal Contract Tower,14,33,34,4,85,1,10,1,0,12,15,43,35,4,97,10,18,28,125
03/30/2001,PFN,FL,ASO,ES,Federal Contract Tower,16,40,43,2,101,0,0,69,0,69,16,40,112,2,170,66,0,66,236
03/31/2001,PFN,FL,ASO,ES,Federal Contract Tower,11,25,27,0,63,3,2,65,0,70,14,27,92,0,133,76,0,76,209
04/01/2001,PFN,FL,ASO,ES,Federal Contract Tower,11,21,26,2,60,102,0,70,0,172,113,21,96,2,232,28,0,28,260
04/02/2001,PFN,FL,ASO,ES,Federal Contract Tower,14,36,38,5,93,0,14,57,12,83,14,50,95,17,176,106,12,118,294
04/03/2001,PFN,FL,ASO,ES,Federal Contract Tower,12,37,39,6,94,0,5,25,2,32,12,42,64,8,126,56,58,114,240
04/04/2001,PFN,FL,ASO,ES,Federal Contract Tower,13,29,31,1,74,2,14,6,0,22,15,43,37,1,96,76,0,76,172
04/05/2001,PFN,FL,ASO,ES,Federal Contract Tower,17,41,43,6,107,0,3,41,2,46,17,44,84,8,153,136,8,144,297
04/06/2001,PFN,FL,ASO,ES,Federal Contract Tower,15,42,43,6,106,0,0,85,20,105,15,42,128,26,211,140,46,186,397
04/07/2001,PFN,FL,ASO,ES,Federal Contract Tower,13,24,29,0,66,2,0,64,0,66,15,24,93,0,132,78,4,82,214
04/08/2001,PFN,FL,ASO,ES,Federal Contract Tower,13,18,32,5,68,0,0,64,5,69,13,18,96,10,137,48,6,54,191
04/09/2001,PFN,FL,ASO,ES,Federal Contract Tower,15,37,39,6,97,0,9,63,16,88,15,46,102,22,185,92,20,112,297
04/10/2001,PFN,FL,ASO,ES,Federal Contract Tower,15,36,37,4,92,0,6,41,0,47,15,42,78,4,139,106,0,106,245
04/11/2001,PFN,FL,ASO,ES,Federal Contract Tower,13,33,33,6,85,2,12,62,4,80,15,45,95,10,165,100,42,142,307
04/12/2001,PFN,FL,ASO,ES,Federal Contract Tower,15,48,50,9,122,0,0,62,4,66,15,48,112,13,188,58,12,70,258
04/13/2001,PFN,FL,ASO,ES,Federal Contract Tower,15,40,49,8,112,0,0,38,9,47,15,40,87,17,159,48,28,76,235
04/14/2001,PFN,FL,ASO,ES,Federal Contract Tower,12,21,29,2,64,4,0,19,0,23,16,21,48,2,87,28,0,28,115
04/15/2001,PFN,FL,ASO,ES,Federal Contract Tower,10,18,25,2,55,5,0,54,0,59,15,18,79,2,114,124,0,124,238
04/16/2001,PFN,FL,ASO,ES,Federal Contract Tower,13,43,43,2,101,0,3,71,0,74,13,46,114,2,175,40,2,42,217
04/17/2001,PFN,FL,ASO,ES,Federal Contract Tower,13,34,34,6,87,0,10,46,4,60,13,44,80,10,147,156,32,188,335
04/18/2001,PFN,FL,ASO,ES,Federal Contract Tower,13,31,30,5,79,2,6,75,11,94,15,37,105,16,173,112,0,112,285
04/19/2001,PFN,FL,ASO,ES,Federal Contract Tower,15,37,37,7,96,0,1,56,1,58,15,38,93,8,154,90,16,106,260
04/20/2001,PFN,FL,ASO,ES,Federal Contract Tower,13,31,30,5,79,1,6,55,9,71,14,37,85,14,150,122,4,126,276
04/21/2001,PFN,FL,ASO,ES,Federal Contract Tower,11,25,27,5,68,4,0,77,5,86,15,25,104,10,154,46,0,46,200
04/22/2001,PFN,FL,ASO,ES,Federal Contract Tower,12,16,29,5,62,3,0,98,1,102,15,16,127,6,164,38,0,38,202
04/23/2001,PFN,FL,ASO,ES,Federal Contract Tower,15,42,43,8,108,0,0,79,21,100,15,42,122,29,208,92,18,110,318
04/24/2001,PFN,FL,ASO,ES,Federal Contract Tower,15,36,36,6,93,0,9,18,3,30,15,45,54,9,123,64,42,106,229
04/25/2001,PFN,FL,ASO,ES,Federal Contract Tower,15,39,39,2,95,0,4,50,0,54,15,43,89,2,149,56,6,62,211
04/26/2001,PFN,FL,ASO,ES,Federal Contract Tower,14,35,35,6,90,1,12,92,13,118,15,47,127,19,208,106,18,124,332
04/27/2001,PFN,FL,ASO,ES,Federal Contract Tower,15,38,44,7,104,0,0,129,7,136,15,38,173,14,240,112,8,120,360
04/28/2001,PFN,FL,ASO,ES,Federal Contract Tower,9,23,23,3,58,6,1,68,0,75,15,24,91,3,133,32,0,32,165
04/29/2001,PFN,FL,ASO,ES,Federal Contract Tower,10,20,26,0,56,5,0,74,0,79,15,20,100,0,135,60,0,60,195
04/30/2001,PFN,FL,ASO,ES,Federal Contract Tower,15,35,36,5,91,15,14,33,8,70,30,49,69,13,161,36,2,38,199
05/01/2001,PFN,FL,ASO,ES,Federal Contract Tower,15,35,32,4,86,0,15,39,6,60,15,50,71,10,146,66,10,76,222
05/02/2001,PFN,FL,ASO,ES,Federal Contract Tower,15,39,35,5,94,0,6,73,19,98,15,45,108,24,192,114,50,164,356
05/03/2001,PFN,FL,ASO,ES,Federal Contract Tower,14,32,28,4,78,1,13,47,13,74,15,45,75,17,152,66,26,92,244
05/04/2001,PFN,FL,ASO,ES,Federal Contract Tower,10,23,21,2,56,5,23,54,8,90,15,46,75,10,146,76,16,92,238
05/05/2001,PFN,FL,ASO,ES,Federal Contract Tower,15,20,48,0,83,0,0,19,0,19,15,20,67,0,102,44,0,44,146
05/06/2001,PFN,FL,ASO,ES,Federal Contract Tower,15,18,33,0,66,0,0,76,0,76,15,18,109,0,142,62,4,66,208
05/07/2001,PFN,FL,ASO,ES,Federal Contract Tower,15,41,38,5,99,0,12,44,10,66,15,53,82,15,165,60,34,94,259
05/08/2001,PFN,FL,ASO,ES,Federal Contract Tower,14,33,30,4,81,1,11,35,14,61,15,44,65,18,142,78,50,128,270
05/09/2001,PFN,FL,ASO,ES,Federal Contract Tower,15,38,35,5,93,0,4,67,0,71,15,42,102,5,164,98,12,110,274
05/10/2001,PFN,FL,ASO,ES,Federal Contract Tower,11,26,24,4,65,4,19,38,1,62,15,45,62,5,127,42,4,46,173
05/11/2001,PFN,FL,ASO,ES,Federal Contract Tower,11,27,25,2,65,3,10,66,0,79,14,37,91,2,144,84,8,92,236
05/12/2001,PFN,FL,ASO,ES,Federal Contract Tower,12,22,29,0,63,3,0,54,0,57,15,22,83,0,120,76,0,76,196
05/13/2001,PFN,FL,ASO,ES,Federal Contract Tower,13,18,34,0,65,0,0,75,0,75,13,18,109,0,140,100,0,100,240
05/14/2001,PFN,FL,ASO,ES,Federal Contract Tower,13,29,27,0,69,2,16,97,0,115,15,45,124,0,184,172,0,172,356
05/15/2001,PFN,FL,ASO,ES,Federal Contract Tower,13,42,43,6,104,0,0,88,0,88,13,42,131,6,192,82,28,110,302
05/16/2001,PFN,FL,ASO,ES,Federal Contract Tower,15,41,37,6,99,0,0,84,21,105,15,41,121,27,204,88,30,118,322
05/17/2001,PFN,FL,ASO,ES,Federal Contract Tower,9,24,21,3,57,6,25,73,4,108,15,49,94,7,165,112,8,120,285
05/18/2001,PFN,FL,ASO,ES,Federal Contract Tower,11,27,23,4,65,2,15,108,5,130,13,42,131,9,195,64,40,104,299
05/19/2001,PFN,FL,ASO,ES,Federal Contract Tower,12,20,28,0,60,3,0,40,0,43,15,20,68,0,103,54,0,54,157
05/20/2001,PFN,FL,ASO,ES,Federal Contract Tower,13,23,35,4,75,0,0,20,0,20,13,23,55,4,95,0,14,14,109
05/21/2001,PFN,FL,ASO,ES,Federal Contract Tower,15,39,34,5,93,0,8,47,3,58,15,47,81,8,151,64,24,88,239
05/22/2001,PFN,FL,ASO,ES,Federal Contract Tower,13,41,36,2,92,0,1,35,0,36,13,42,71,2,128,68,0,68,196
05/23/2001,PFN,FL,ASO,ES,Federal Contract Tower,15,42,43,7,107,0,0,106,23,129,15,42,149,30,236,248,18,266,502
05/24/2001,PFN,FL,ASO,ES,Federal Contract Tower,11,28,24,4,67,4,20,92,6,122,15,48,116,10,189,104,16,120,309
05/25/2001,PFN,FL,ASO,ES,Federal Contract Tower,12,30,27,3,72,3,11,113,0,127,15,41,140,3,199,68,8,76,275
05/26/2001,PFN,FL,ASO,ES,Federal Contract Tower,16,21,38,1,76,0,0,71,0,71,16,21,109,1,147,52,0,52,199
05/27/2001,PFN,FL,ASO,ES,Federal Contract Tower,14,15,32,4,65,1,0,52,0,53,15,15,84,4,118,48,0,48,166
05/28/2001,PFN,FL,ASO,ES,Federal Contract Tower,14,21,32,0,67,1,0,52,0,53,15,21,84,0,120,14,0,14,134
05/29/2001,PFN,FL,ASO,ES,Federal Contract Tower,15,38,34,4,91,0,4,48,2,54,15,42,82,6,145,38,24,62,207
05/30/2001,PFN,FL,ASO,ES,Federal Contract Tower,15,38,34,4,91,0,13,56,2,71,15,51,90,6,162,60,26,86,248
05/31/2001,PFN,FL,ASO,ES,Federal Contract Tower,13,40,37,5,95,0,0,42,8,50,13,40,79,13,145,90,6,96,241
06/01/2001,PFN,FL,ASO,ES,Federal Contract Tower,15,36,33,3,87,0,2,6,13,21,15,38,39,16,108,14,18,32,140
06/02/2001,PFN,FL,ASO,ES,Federal Contract Tower,13,24,26,0,63,2,0,91,0,93,15,24,117,0,156,88,0,88,244
06/03/2001,PFN,FL,ASO,ES,Federal Contract Tower,11,19,21,0,51,1,0,69,0,70,12,19,90,0,121,50,0,50,171
06/04/2001,PFN,FL,ASO,ES,Federal Contract Tower,15,32,30,2,79,0,11,44,2,57,15,43,74,4,136,48,18,66,202
06/05/2001,PFN,FL,ASO,ES,Federal Contract Tower,13,40,40,4,97,0,0,71,1,72,13,40,111,5,169,140,2,142,311
06/06/2001,PFN,FL,ASO,ES,Federal Contract Tower,15,39,40,3,97,0,0,45,12,57,15,39,85,15,154,42,40,82,236
06/07/2001,PFN,FL,ASO,ES,Federal Contract Tower,12,37,34,3,86,0,3,31,16,50,12,40,65,19,136,82,16,98,234
06/08/2001,PFN,FL,ASO,ES,Federal Contract Tower,15,40,36,4,95,0,1,31,7,39,15,41,67,11,134,60,4,64,198
06/09/2001,PFN,FL,ASO,ES,Federal Contract Tower,11,24,23,0,58,4,0,27,0,31,15,24,50,0,89,4,0,4,93
06/10/2001,PFN,FL,ASO,ES,Federal Contract Tower,8,17,16,0,41,7,2,8,0,17,15,19,24,0,58,14,0,14,72
06/11/2001,PFN,FL,ASO,ES,Federal Contract Tower,8,20,19,0,47,3,12,0,0,15,11,32,19,0,62,0,0,0,62
06/12/2001,PFN,FL,ASO,ES,Federal Contract Tower,13,39,36,3,91,0,1,87,0,88,13,40,123,3,179,74,30,104,283
06/13/2001,PFN,FL,ASO,ES,Federal Contract Tower,15,36,32,0,83,0,3,29,0,32,15,39,61,0,115,54,6,60,175
06/14/2001,PFN,FL,ASO,ES,Federal Contract Tower,14,35,32,4,85,0,2,43,21,66,14,37,75,25,151,94,48,142,293
06/15/2001,PFN,FL,ASO,ES,Federal Contract Tower,15,44,38,4,101,0,1,63,12,76,15,45,101,16,177,138,74,212,389
06/16/2001,PFN,FL,ASO,ES,Federal Contract Tower,10,22,20,0,52,5,0,51,0,56,15,22,71,0,108,24,0,24,132
06/17/2001,PFN,FL,ASO,ES,Federal Contract Tower,10,18,21,3,52,5,0,96,0,101,15,18,117,3,153,54,0,54,207
06/18/2001,PFN,FL,ASO,ES,Federal Contract Tower,15,36,30,4,85,0,5,60,6,71,15,41,90,10,156,102,10,112,268
06/19/2001,PFN,FL,ASO,ES,Federal Contract Tower,16,41,35,4,96,0,1,78,4,83,16,42,113,8,179,118,12,130,309
06/20/2001,PFN,FL,ASO,ES,Federal Contract Tower,15,38,38,4,95,0,0,75,1,76,15,38,113,5,171,158,6,164,335
06/21/2001,PFN,FL,ASO,ES,Federal Contract Tower,14,35,30,4,83,1,5,64,6,76,15,40,94,10,159,186,2,188,347
06/22/2001,PFN,FL,ASO,ES,Federal Contract Tower,13,33,28,3,77,2,5,19,4,30,15,38,47,7,107,6,6,12,119
06/23/2001,PFN,FL,ASO,ES,Federal Contract Tower,14,21,29,0,64,0,0,63,0,63,14,21,92,0,127,118,0,118,245
06/24/2001,PFN,FL,ASO,ES,Federal Contract Tower,11,17,24,0,52,6,0,88,0,94,17,17,112,0,146,68,0,68,214
06/25/2001,PFN,FL,ASO,ES,Federal Contract Tower,13,33,29,2,77,0,9,76,30,115,13,42,105,32,192,78,68,146,338
06/26/2001,PFN,FL,ASO,ES,Federal Contract Tower,13,38,34,3,88,0,2,84,27,113,13,40,118,30,201,206,46,252,453
06/27/2001,PFN,FL,ASO,ES,Federal Contract Tower,13,36,31,0,80,0,7,80,0,87,13,43,111,0,167,172,0,172,339
06/28/2001,PFN,FL,ASO,ES,Federal Contract Tower,15,40,36,3,94,0,9,30,1,40,15,49,66,4,134,48,14,62,196
06/29/2001,PFN,FL,ASO,ES,Federal Contract Tower,14,42,37,3,96,0,0,53,11,64,14,42,90,14,160,108,24,132,292
06/30/2001,PFN,FL,ASO,ES,Federal Contract Tower,12,22,25,2,61,2,0,14,5,21,14,22,39,7,82,6,0,6,88
07/01/2001,PFN,FL,ASO,ES,Federal Contract Tower,10,17,25,0,52,3,0,31,0,34,13,17,56,0,86,38,0,38,124
07/02/2001,PFN,FL,ASO,ES,Federal Contract Tower,15,34,38,0,87,0,0,70,0,70,15,34,108,0,157,92,0,92,249
07/03/2001,PFN,FL,ASO,ES,Federal Contract Tower,11,33,35,2,81,0,15,66,1,82,11,48,101,3,163,102,10,112,275
07/04/2001,PFN,FL,ASO,ES,Federal Contract Tower,8,16,20,1,45,3,0,67,1,71,11,16,87,2,116,44,0,44,160
07/05/2001,PFN,FL,ASO,ES,Federal Contract Tower,12,35,37,2,86,0,6,27,19,52,12,41,64,21,138,20,16,36,174
07/06/2001,PFN,FL,ASO,ES,Federal Contract Tower,15,38,40,2,95,0,1,39,4,44,15,39,79,6,139,48,4,52,191
07/07/2001,PFN,FL,ASO,ES,Federal Contract Tower,11,26,27,0,64,4,2,90,0,96,15,28,117,0,160,76,18,94,254
07/08/2001,PFN,FL,ASO,ES,Federal Contract Tower,13,24,30,0,67,0,0,79,0,79,13,24,109,0,146,56,0,56,202
07/09/2001,PFN,FL,ASO,ES,Federal Contract Tower,15,35,38,2,90,0,4,87,3,94,15,39,125,5,184,62,2,64,248
07/10/2001,PFN,FL,ASO,ES,Federal Contract Tower,15,36,37,2,90,3,5,60,0,68,18,41,97,2,158,148,6,154,312
07/11/2001,PFN,FL,ASO,ES,Federal Contract Tower,15,39,39,1,94,0,1,24,0,25,15,40,63,1,119,46,0,46,165
07/12/2001,PFN,FL,ASO,ES,Federal Contract Tower,15,48,50,4,117,0,0,89,4,93,15,48,139,8,210,124,28,152,362
07/13/2001,PFN,FL,ASO,ES,Federal Contract Tower,15,36,37,3,91,0,3,52,5,60,15,39,89,8,151,116,12,128,279
07/14/2001,PFN,FL,ASO,ES,Federal Contract Tower,10,27,26,0,63,5,0,62,0,67,15,27,88,0,130,118,4,122,252
07/15/2001,PFN,FL,ASO,ES,Federal Contract Tower,15,20,37,0,72,0,0,94,0,94,15,20,131,0,166,90,0,90,256
07/16/2001,PFN,FL,ASO,ES,Federal Contract Tower,14,33,33,2,82,0,7,63,0,70,14,40,96,2,152,60,0,60,212
07/17/2001,PFN,FL,ASO,ES,Federal Contract Tower,13,32,33,3,81,0,10,44,5,59,13,42,77,8,140,66,0,66,206
07/18/2001,PFN,FL,ASO,ES,Federal Contract Tower,12,38,38,3,91,0,2,69,7,78,12,40,107,10,169,126,14,140,309
07/19/2001,PFN,FL,ASO,ES,Federal Contract Tower,14,40,44,4,102,0,0,46,3,49,14,40,90,7,151,30,2,32,183
07/20/2001,PFN,FL,ASO,ES,Federal Contract Tower,13,39,39,3,94,0,0,40,17,57,13,39,79,20,151,36,36,72,223
07/21/2001,PFN,FL,ASO,ES,Federal Contract Tower,11,25,25,2,63,2,0,39,0,41,13,25,64,2,104,46,16,62,166
07/22/2001,PFN,FL,ASO,ES,Federal Contract Tower,12,18,30,0,60,2,0,82,0,84,14,18,112,0,144,40,0,40,184
07/23/2001,PFN,FL,ASO,ES,Federal Contract Tower,14,36,36,3,89,0,2,83,21,106,14,38,119,24,195,124,10,134,329
07/24/2001,PFN,FL,ASO,ES,Federal Contract Tower,12,30,30,3,75,2,15,34,1,52,14,45,64,4,127,60,0,60,187
07/25/2001,PFN,FL,ASO,ES,Federal Contract Tower,14,35,35,3,87,1,7,11,2,21,15,42,46,5,108,40,18,58,166
07/26/2001,PFN,FL,ASO,ES,Federal Contract Tower,15,42,42,4,103,0,2,57,15,74,15,44,99,19,177,60,12,72,249
07/27/2001,PFN,FL,ASO,ES,Federal Contract Tower,15,38,42,2,97,0,0,68,0,68,15,38,110,2,165,50,16,66,231
07/28/2001,PFN,FL,ASO,ES,Federal Contract Tower,11,22,29,1,63,7,0,55,0,62,18,22,84,1,125,76,0,76,201
07/29/2001,PFN,FL,ASO,ES,Federal Contract Tower,11,17,29,2,59,2,0,85,0,87,13,17,114,2,146,92,2,94,240
07/30/2001,PFN,FL,ASO,ES,Federal Contract Tower,12,30,31,0,73,2,10,61,0,73,14,40,92,0,146,148,0,148,294
07/31/2001,PFN,FL,ASO,ES,Federal Contract Tower,15,36,38,2,91,0,9,32,5,46,15,45,70,7,137,18,30,48,185
08/01/2001,PFN,FL,ASO,ES,Federal Contract Tower,15,40,35,2,92,0,0,59,4,63,15,40,94,6,155,79,6,85,240
08/02/2001,PFN,FL,ASO,ES,Federal Contract Tower,15,40,35,2,92,0,1,52,2,55,15,41,87,4,147,66,0,66,213
08/03/2001,PFN,FL,ASO,ES,Federal Contract Tower,15,33,29,1,78,0,9,38,0,47,15,42,67,1,125,36,0,36,161
08/04/2001,PFN,FL,ASO,ES,Federal Contract Tower,11,25,24,1,61,5,0,44,1,50,16,25,68,2,111,32,0,32,143
08/05/2001,PFN,FL,ASO,ES,Federal Contract Tower,6,4,12,0,22,3,0,10,0,13,9,4,22,0,35,0,0,0,35
08/06/2001,PFN,FL,ASO,ES,Federal Contract Tower,8,18,11,1,38,0,11,0,9,20,8,29,11,10,58,18,0,18,76
08/07/2001,PFN,FL,ASO,ES,Federal Contract Tower,14,45,39,3,101,0,0,70,24,94,14,45,109,27,195,64,27,91,286
08/08/2001,PFN,FL,ASO,ES,Federal Contract Tower,13,41,38,3,95,0,0,49,0,49,13,41,87,3,144,62,3,65,209
08/09/2001,PFN,FL,ASO,ES,Federal Contract Tower,15,37,33,2,87,0,0,46,11,57,15,37,79,13,144,166,13,179,323
08/10/2001,PFN,FL,ASO,ES,Federal Contract Tower,16,38,36,3,93,0,0,34,0,34,16,38,70,3,127,30,3,33,160
08/11/2001,PFN,FL,ASO,ES,Federal Contract Tower,11,24,23,0,58,4,0,57,0,61,15,24,80,0,119,78,4,82,201
08/12/2001,PFN,FL,ASO,ES,Federal Contract Tower,12,21,26,0,59,3,0,59,0,62,15,21,85,0,121,52,0,52,173
08/13/2001,PFN,FL,ASO,ES,Federal Contract Tower,14,34,30,3,81,0,5,69,21,95,14,39,99,24,176,122,34,156,332
08/14/2001,PFN,FL,ASO,ES,Federal Contract Tower,14,35,31,0,80,2,8,5,0,15,16,43,36,0,95,0,0,0,95
08/15/2001,PFN,FL,ASO,ES,Federal Contract Tower,15,38,33,3,89,0,7,55,11,73,15,45,88,14,162,136,22,158,320
08/16/2001,PFN,FL,ASO,ES,Federal Contract Tower,15,41,36,4,96,0,3,31,4,38,15,44,67,8,134,46,8,54,188
08/17/2001,PFN,FL,ASO,ES,Federal Contract Tower,15,36,33,2,86,0,0,47,0,47,15,36,80,2,133,60,4,64,197
08/18/2001,PFN,FL,ASO,ES,Federal Contract Tower,11,26,21,0,58,2,2,59,0,63,13,28,80,0,121,94,0,94,215
08/19/2001,PFN,FL,ASO,ES,Federal Contract Tower,10,13,22,0,45,3,0,45,0,48,13,13,67,0,93,26,0,26,119
08/20/2001,PFN,FL,ASO,ES,Federal Contract Tower,14,36,29,3,82,1,4,60,2,67,15,40,89,5,149,140,16,156,305
08/21/2001,PFN,FL,ASO,ES,Federal Contract Tower,13,40,33,3,89,0,8,61,11,80,13,48,94,14,169,140,36,176,345
08/22/2001,PFN,FL,ASO,ES,Federal Contract Tower,15,40,33,3,91,0,6,58,3,67,15,46,91,6,158,146,8,154,312
08/23/2001,PFN,FL,ASO,ES,Federal Contract Tower,14,37,30,3,84,1,4,63,3,71,15,41,93,6,155,146,34,180,335
08/24/2001,PFN,FL,ASO,ES,Federal Contract Tower,14,33,30,3,80,1,0,49,5,55,15,33,79,8,135,80,20,100,235
08/25/2001,PFN,FL,ASO,ES,Federal Contract Tower,11,30,25,0,66,4,21,80,0,105,15,51,105,0,171,132,0,132,303
08/26/2001,PFN,FL,ASO,ES,Federal Contract Tower,11,20,24,2,57,4,0,86,0,90,15,20,110,2,147,90,0,90,237
08/27/2001,PFN,FL,ASO,ES,Federal Contract Tower,15,43,35,4,97,0,5,67,2,74,15,48,102,6,171,106,0,106,277
08/28/2001,PFN,FL,ASO,ES,Federal Contract Tower,11,40,33,3,87,0,10,55,0,65,11,50,88,3,152,142,6,148,300
08/29/2001,PFN,FL,ASO,ES,Federal Contract Tower,13,38,32,3,86,0,12,33,6,51,13,50,65,9,137,44,14,58,195
08/30/2001,PFN,FL,ASO,ES,Federal Contract Tower,15,39,32,3,89,0,1,47,2,50,15,40,79,5,139,70,0,70,209
08/31/2001,PFN,FL,ASO,ES,Federal Contract Tower,15,43,40,3,101,0,0,53,8,61,15,43,93,11,162,36,2,38,200
09/01/2001,PFN,FL,ASO,ES,Federal Contract Tower,11,23,22,2,58,4,1,44,4,53,15,24,66,6,111,48,0,48,159
09/02/2001,PFN,FL,ASO,ES,Federal Contract Tower,9,15,18,2,44,2,0,30,0,32,11,15,48,2,76,50,0,50,126
09/03/2001,PFN,FL,ASO,ES,Federal Contract Tower,14,24,31,3,72,0,0,40,1,41,14,24,71,4,113,28,2,30,143
09/04/2001,PFN,FL,ASO,ES,Federal Contract Tower,14,31,30,2,77,1,8,15,0,24,15,39,45,2,101,58,8,66,167
09/05/2001,PFN,FL,ASO,ES,Federal Contract Tower,13,36,34,3,86,0,8,61,19,88,13,44,95,22,174,106,38,144,318
09/06/2001,PFN,FL,ASO,ES,Federal Contract Tower,15,40,39,4,98,0,0,35,16,51,15,40,74,20,149,140,16,156,305
09/07/2001,PFN,FL,ASO,ES,Federal Contract Tower,12,37,42,4,95,0,0,40,3,43,12,37,82,7,138,44,7,51,189
09/08/2001,PFN,FL,ASO,ES,Federal Contract Tower,10,24,23,2,59,3,3,38,0,44,13,27,61,2,103,44,2,46,149
09/09/2001,PFN,FL,ASO,ES,Federal Contract Tower,10,21,23,0,54,1,0,60,0,61,11,21,83,0,115,54,0,54,169
09/10/2001,PFN,FL,ASO,ES,Federal Contract Tower,12,29,27,4,72,3,10,46,8,67,15,39,73,12,139,74,12,86,225
09/11/2001,PFN,FL,ASO,ES,Federal Contract Tower,2,6,7,1,16,0,4,4,0,8,2,10,11,1,24,14,0,14,38
09/12/2001,PFN,FL,ASO,ES,Federal Contract Tower,0,0,0,0,0,0,0,0,0,0,0,0,0,0,0,0,0,0,0
09/13/2001,PFN,FL,ASO,ES,Federal Contract Tower,2,5,3,1,11,2,0,0,1,3,4,5,3,2,14,0,0,0,14
09/14/2001,PFN,FL,ASO,ES,Federal Contract Tower,9,22,2,3,36,2,10,0,9,21,11,32,2,12,57,0,4,4,61
09/15/2001,PFN,FL,ASO,ES,Federal Contract Tower,10,25,20,0,55,0,7,0,0,7,10,32,20,0,62,4,0,4,66
09/16/2001,PFN,FL,ASO,ES,Federal Contract Tower,12,19,25,2,58,3,0,6,0,9,15,19,31,2,67,2,0,2,69
09/17/2001,PFN,FL,ASO,ES,Federal Contract Tower,11,34,30,4,79,0,6,0,2,8,11,40,30,6,87,2,16,18,105
09/18/2001,PFN,FL,ASO,ES,Federal Contract Tower,16,43,38,5,102,0,4,4,3,11,16,47,42,8,113,0,24,24,137
09/19/2001,PFN,FL,ASO,ES,Federal Contract Tower,13,39,36,5,93,0,0,2,6,8,13,39,38,11,101,0,26,26,127
09/20/2001,PFN,FL,ASO,ES,Federal Contract Tower,15,37,38,5,95,0,0,25,1,26,15,37,63,6,121,0,10,10,131
09/21/2001,PFN,FL,ASO,ES,Federal Contract Tower,15,40,36,0,91,0,5,20,0,25,15,45,56,0,116,6,0,6,122
09/22/2001,PFN,FL,ASO,ES,Federal Contract Tower,12,18,24,2,56,3,0,48,0,51,15,18,72,2,107,62,0,62,169
09/23/2001,PFN,FL,ASO,ES,Federal Contract Tower,11,15,24,0,50,4,0,52,0,56,15,15,76,0,106,30,0,30,136
09/24/2001,PFN,FL,ASO,ES,Federal Contract Tower,13,31,28,0,72,2,4,8,0,14,15,35,36,0,86,0,0,0,86
09/25/2001,PFN,FL,ASO,ES,Federal Contract Tower,14,35,33,3,85,1,2,53,7,63,15,37,86,10,148,48,6,54,202
09/26/2001,PFN,FL,ASO,ES,Federal Contract Tower,13,37,35,3,88,0,4,71,0,75,13,41,106,3,163,168,34,202,365
09/27/2001,PFN,FL,ASO,ES,Federal Contract Tower,13,41,39,4,97,0,5,53,4,62,13,46,92,8,159,56,56,112,271
09/28/2001,PFN,FL,ASO,ES,Federal Contract Tower,15,41,39,0,95,0,0,63,0,63,15,41,102,0,158,100,0,100,258
09/29/2001,PFN,FL,ASO,ES,Federal Contract Tower,11,18,25,0,54,4,0,59,0,63,15,18,84,0,117,54,0,54,171
09/30/2001,PFN,FL,ASO,ES,Federal Contract Tower,12,15,27,2,56,3,0,74,0,77,15,15,101,2,133,80,0,80,213
10/01/2001,PFN,FL,ASO,ES,Federal Contract Tower,15,35,35,3,88,0,0,66,0,66,15,35,101,3,154,114,2,116,270
10/02/2001,PFN,FL,ASO,ES,Federal Contract Tower,15,36,36,3,90,0,4,90,11,105,15,40,126,14,195,188,4,192,387
10/03/2001,PFN,FL,ASO,ES,Federal Contract Tower,13,32,32,3,80,0,16,51,23,90,13,48,83,26,170,126,12,138,308
10/04/2001,PFN,FL,ASO,ES,Federal Contract Tower,15,36,36,3,90,0,3,32,22,57,15,39,68,25,147,90,24,114,261
10/05/2001,PFN,FL,ASO,ES,Federal Contract Tower,15,31,30,3,79,0,5,20,1,26,15,36,50,4,105,30,10,40,145
10/06/2001,PFN,FL,ASO,ES,Federal Contract Tower,10,20,20,0,50,5,1,11,0,17,15,21,31,0,67,26,0,26,93
10/07/2001,PFN,FL,ASO,ES,Federal Contract Tower,11,12,22,2,47,4,0,68,0,72,15,12,90,2,119,52,0,52,171
10/08/2001,PFN,FL,ASO,ES,Federal Contract Tower,13,25,26,0,64,1,0,60,0,61,14,25,86,0,125,36,0,36,161
10/09/2001,PFN,FL,ASO,ES,Federal Contract Tower,14,40,39,4,97,0,9,64,5,78,14,49,103,9,175,106,20,126,301
10/10/2001,PFN,FL,ASO,ES,Federal Contract Tower,15,34,31,3,83,0,5,65,1,71,15,39,96,4,154,82,30,112,266
10/11/2001,PFN,FL,ASO,ES,Federal Contract Tower,15,35,34,2,86,0,0,41,0,41,15,35,75,2,127,94,14,108,235
10/12/2001,PFN,FL,ASO,ES,Federal Contract Tower,15,33,31,3,82,0,0,20,9,29,15,33,51,12,111,58,18,76,187
10/13/2001,PFN,FL,ASO,ES,Federal Contract Tower,11,21,21,0,53,2,0,8,0,10,13,21,29,0,63,12,0,12,75
10/14/2001,PFN,FL,ASO,ES,Federal Contract Tower,14,16,26,1,57,1,0,55,0,56,15,16,81,1,113,50,0,50,163
10/15/2001,PFN,FL,ASO,ES,Federal Contract Tower,13,31,29,4,77,2,5,53,5,65,15,36,82,9,142,110,10,120,262
10/16/2001,PFN,FL,ASO,ES,Federal Contract Tower,15,39,35,5,94,0,7,28,5,40,15,46,63,10,134,64,26,90,224
10/17/2001,PFN,FL,ASO,ES,Federal Contract Tower,14,32,29,4,79,1,3,36,27,67,15,35,65,31,146,108,66,174,320
10/18/2001,PFN,FL,ASO,ES,Federal Contract Tower,15,34,34,4,87,0,0,38,10,48,15,34,72,14,135,68,22,90,225
10/19/2001,PFN,FL,ASO,ES,Federal Contract Tower,15,38,38,2,93,0,0,63,0,63,15,38,101,2,156,100,2,102,258
10/20/2001,PFN,FL,ASO,ES,Federal Contract Tower,11,24,23,0,58,4,0,74,0,78,15,24,97,0,136,124,0,124,260
10/21/2001,PFN,FL,ASO,ES,Federal Contract Tower,12,18,26,0,56,3,0,68,0,71,15,18,94,0,127,85,0,85,212
10/22/2001,PFN,FL,ASO,ES,Federal Contract Tower,15,36,35,0,86,0,2,70,0,72,15,38,105,0,158,82,12,94,252
10/23/2001,PFN,FL,ASO,ES,Federal Contract Tower,15,34,34,3,86,0,0,32,10,42,15,34,66,13,128,66,22,88,216
10/24/2001,PFN,FL,ASO,ES,Federal Contract Tower,13,36,34,3,86,0,5,29,6,40,13,41,63,9,126,8,32,40,166
10/25/2001,PFN,FL,ASO,ES,Federal Contract Tower,16,38,36,1,91,0,6,34,0,40,16,44,70,1,131,58,12,70,201
10/26/2001,PFN,FL,ASO,ES,Federal Contract Tower,15,36,34,2,87,0,0,51,0,51,15,36,85,2,138,32,2,34,172
10/27/2001,PFN,FL,ASO,ES,Federal Contract Tower,8,19,18,0,45,6,3,51,0,60,14,22,69,0,105,38,0,38,143
10/28/2001,PFN,FL,ASO,ES,Federal Contract Tower,12,14,25,0,51,3,0,69,0,72,15,14,94,0,123,64,8,72,195
10/29/2001,PFN,FL,ASO,ES,Federal Contract Tower,15,36,26,4,81,0,0,60,0,60,15,36,86,4,141,80,10,90,231
10/30/2001,PFN,FL,ASO,ES,Federal Contract Tower,15,38,39,9,101,0,0,69,11,80,15,38,108,20,181,100,30,130,311
10/31/2001,PFN,FL,ASO,ES,Federal Contract Tower,15,34,37,5,91,0,0,52,16,68,15,34,89,21,159,98,46,144,303
11/01/2001,PFN,FL,ASO,ES,Federal Contract Tower,15,39,28,16,98,0,0,77,3,80,15,39,105,19,178,122,22,144,322
11/02/2001,PFN,FL,ASO,ES,Federal Contract Tower,15,38,37,7,97,0,0,53,8,61,15,38,90,15,158,98,14,112,270
11/03/2001,PFN,FL,ASO,ES,Federal Contract Tower,15,23,15,0,53,0,0,51,0,51,15,23,66,0,104,88,0,88,192
11/04/2001,PFN,FL,ASO,ES,Federal Contract Tower,15,13,25,2,55,0,2,63,0,65,15,15,88,2,120,98,0,98,218
11/05/2001,PFN,FL,ASO,ES,Federal Contract Tower,12,33,19,7,71,0,0,55,3,58,12,33,74,10,129,68,22,90,219
11/06/2001,PFN,FL,ASO,ES,Federal Contract Tower,15,45,32,1,93,0,4,77,7,88,15,49,109,8,181,140,24,164,345
11/07/2001,PFN,FL,ASO,ES,Federal Contract Tower,15,54,34,8,111,0,2,92,5,99,15,56,126,13,210,100,12,112,322
11/08/2001,PFN,FL,ASO,ES,Federal Contract Tower,15,44,50,10,119,0,0,45,1,46,15,44,95,11,165,110,14,124,289
11/09/2001,PFN,FL,ASO,ES,Federal Contract Tower,15,32,54,0,101,0,2,47,0,49,15,34,101,0,150,74,0,74,224
11/10/2001,PFN,FL,ASO,ES,Federal Contract Tower,13,31,22,0,66,0,0,48,2,50,13,31,70,2,116,64,0,64,180
11/11/2001,PFN,FL,ASO,ES,Federal Contract Tower,13,18,28,0,59,0,0,60,0,60,13,18,88,0,119,26,0,26,145
11/12/2001,PFN,FL,ASO,ES,Federal Contract Tower,13,31,30,0,74,0,0,64,2,66,13,31,94,2,140,78,0,78,218
11/13/2001,PFN,FL,ASO,ES,Federal Contract Tower,13,46,21,10,90,0,2,48,1,51,13,48,69,11,141,8,14,22,163
11/14/2001,PFN,FL,ASO,ES,Federal Contract Tower,15,36,21,2,74,0,2,46,3,51,15,38,67,5,125,22,22,44,169
11/15/2001,PFN,FL,ASO,ES,Federal Contract Tower,15,31,32,1,79,0,22,42,1,65,15,53,74,2,144,82,0,82,226
11/16/2001,PFN,FL,ASO,ES,Federal Contract Tower,10,35,33,6,84,0,0,55,2,57,10,35,88,8,141,112,4,116,257
11/17/2001,PFN,FL,ASO,ES,Federal Contract Tower,15,27,17,0,59,0,0,71,0,71,15,27,88,0,130,54,0,54,184
11/18/2001,PFN,FL,ASO,ES,Federal Contract Tower,13,16,24,0,53,0,0,58,1,59,13,16,82,1,112,94,0,94,206
11/19/2001,PFN,FL,ASO,ES,Federal Contract Tower,15,36,17,2,70,0,0,48,3,51,15,36,65,5,121,44,14,58,179
11/20/2001,PFN,FL,ASO,ES,Federal Contract Tower,13,41,26,0,80,0,1,39,0,40,13,42,65,0,120,18,14,32,152
11/21/2001,PFN,FL,ASO,ES,Federal Contract Tower,15,38,41,1,95,0,3,68,2,73,15,41,109,3,168,48,6,54,222
11/22/2001,PFN,FL,ASO,ES,Federal Contract Tower,12,14,19,0,45,0,0,24,0,24,12,14,43,0,69,38,0,38,107
11/23/2001,PFN,FL,ASO,ES,Federal Contract Tower,11,28,21,0,60,0,0,8,0,8,11,28,29,0,68,20,0,20,88
11/24/2001,PFN,FL,ASO,ES,Federal Contract Tower,15,19,13,0,47,0,0,39,0,39,15,19,52,0,86,22,0,22,108
11/25/2001,PFN,FL,ASO,ES,Federal Contract Tower,15,16,45,0,76,0,0,22,0,22,15,16,67,0,98,26,0,26,124
11/26/2001,PFN,FL,ASO,ES,Federal Contract Tower,15,35,25,3,78,0,0,53,0,53,15,35,78,3,131,12,22,34,165
11/27/2001,PFN,FL,ASO,ES,Federal Contract Tower,15,42,32,3,92,0,0,29,1,30,15,42,61,4,122,10,12,22,144
11/28/2001,PFN,FL,ASO,ES,Federal Contract Tower,13,42,19,2,76,0,1,38,0,39,13,43,57,2,115,26,16,42,157
11/29/2001,PFN,FL,ASO,ES,Federal Contract Tower,15,36,23,3,77,0,2,20,3,25,15,38,43,6,102,12,0,12,114
11/30/2001,PFN,FL,ASO,ES,Federal Contract Tower,13,42,37,0,92,0,2,35,0,37,13,44,72,0,129,42,0,42,171
12/01/2001,PFN,FL,ASO,ES,Federal Contract Tower,12,22,12,0,46,1,8,41,0,50,13,30,53,0,96,54,4,58,154
12/02/2001,PFN,FL,ASO,ES,Federal Contract Tower,14,13,23,0,50,1,2,62,0,65,15,15,85,0,115,62,16,78,193
12/03/2001,PFN,FL,ASO,ES,Federal Contract Tower,15,33,14,1,63,0,1,48,1,50,15,34,62,2,113,106,2,108,221
12/04/2001,PFN,FL,ASO,ES,Federal Contract Tower,14,35,22,4,75,0,3,64,0,67,14,38,86,4,142,128,8,136,278
12/05/2001,PFN,FL,ASO,ES,Federal Contract Tower,13,39,30,2,84,0,3,41,2,46,13,42,71,4,130,108,0,108,238
12/06/2001,PFN,FL,ASO,ES,Federal Contract Tower,15,36,36,6,93,0,3,63,0,66,15,39,99,6,159,198,12,210,369
12/07/2001,PFN,FL,ASO,ES,Federal Contract Tower,15,35,41,5,96,0,1,61,0,62,15,36,102,5,158,84,6,90,248
12/08/2001,PFN,FL,ASO,ES,Federal Contract Tower,15,21,35,2,73,0,0,71,0,71,15,21,106,2,144,150,6,156,300
12/09/2001,PFN,FL,ASO,ES,Federal Contract Tower,15,12,28,0,55,0,0,29,0,29,15,12,57,0,84,44,6,50,134
12/10/2001,PFN,FL,ASO,ES,Federal Contract Tower,12,36,25,0,73,0,0,8,2,10,12,36,33,2,83,14,22,36,119
12/11/2001,PFN,FL,ASO,ES,Federal Contract Tower,15,40,31,0,86,0,0,3,0,3,15,40,34,0,89,8,0,8,97
12/12/2001,PFN,FL,ASO,ES,Federal Contract Tower,15,41,36,2,94,0,0,15,0,15,15,41,51,2,109,4,10,14,123
12/13/2001,PFN,FL,ASO,ES,Federal Contract Tower,14,41,32,6,93,0,0,19,1,20,14,41,51,7,113,18,6,24,137
12/14/2001,PFN,FL,ASO,ES,Federal Contract Tower,11,37,18,0,66,0,0,13,0,13,11,37,31,0,79,26,0,26,105
12/15/2001,PFN,FL,ASO,ES,Federal Contract Tower,15,25,17,0,57,0,0,55,2,57,15,25,72,2,114,62,0,62,176
12/16/2001,PFN,FL,ASO,ES,Federal Contract Tower,12,14,19,0,45,0,0,14,0,14,12,14,33,0,59,6,2,8,67
12/17/2001,PFN,FL,ASO,ES,Federal Contract Tower,13,40,19,0,72,0,0,21,2,23,13,40,40,2,95,14,0,14,109
12/18/2001,PFN,FL,ASO,ES,Federal Contract Tower,13,41,35,1,90,0,0,90,3,93,13,41,125,4,183,136,0,136,319
12/19/2001,PFN,FL,ASO,ES,Federal Contract Tower,15,38,32,3,88,0,2,61,0,63,15,40,93,3,151,144,16,160,311
12/20/2001,PFN,FL,ASO,ES,Federal Contract Tower,15,39,41,3,98,0,2,46,9,57,15,41,87,12,155,88,2,90,245
12/21/2001,PFN,FL,ASO,ES,Federal Contract Tower,14,37,25,0,76,0,0,75,0,75,14,37,100,0,151,78,0,78,229
12/22/2001,PFN,FL,ASO,ES,Federal Contract Tower,15,23,23,0,61,0,1,76,0,77,15,24,99,0,138,68,0,68,206
12/23/2001,PFN,FL,ASO,ES,Federal Contract Tower,15,7,8,0,30,0,0,3,0,3,15,7,11,0,33,0,0,0,33
12/24/2001,PFN,FL,ASO,ES,Federal Contract Tower,10,32,10,0,52,0,0,62,0,62,10,32,72,0,114,66,0,66,180
12/25/2001,PFN,FL,ASO,ES,Federal Contract Tower,11,14,12,0,37,0,0,25,0,25,11,14,37,0,62,14,0,14,76
12/26/2001,PFN,FL,ASO,ES,Federal Contract Tower,15,35,20,0,70,0,0,77,2,79,15,35,97,2,149,90,0,90,239
12/27/2001,PFN,FL,ASO,ES,Federal Contract Tower,15,38,26,2,81,0,0,65,3,68,15,38,91,5,149,36,2,38,187
12/28/2001,PFN,FL,ASO,ES,Federal Contract Tower,15,34,32,1,82,0,0,32,4,36,15,34,64,5,118,62,4,66,184
12/29/2001,PFN,FL,ASO,ES,Federal Contract Tower,15,22,22,0,59,0,0,73,0,73,15,22,95,0,132,72,0,72,204
12/30/2001,PFN,FL,ASO,ES,Federal Contract Tower,15,13,30,0,58,0,0,68,0,68,15,13,98,0,126,80,0,80,206
12/31/2001,PFN,FL,ASO,ES,Federal Contract Tower,13,23,24,0,60,0,0,48,8,56,13,23,72,8,116,88,2,90,206
01/01/2002,PFN,FL,ASO,ES,Federal Contract Tower,11,13,25,0,49,1,0,20,0,21,12,13,45,0,70,22,0,22,92
01/02/2002,PFN,FL,ASO,ES,Federal Contract Tower,6,28,13,0,47,1,0,0,0,1,7,28,13,0,48,0,0,0,48
01/03/2002,PFN,FL,ASO,ES,Federal Contract Tower,0,33,26,4,63,1,0,16,1,18,1,33,42,5,81,30,6,36,117
01/04/2002,PFN,FL,ASO,ES,Federal Contract Tower,16,34,32,8,90,0,0,64,6,70,16,34,96,14,160,118,10,128,288
01/05/2002,PFN,FL,ASO,ES,Federal Contract Tower,14,22,21,0,57,0,0,70,0,70,14,22,91,0,127,78,0,78,205
01/06/2002,PFN,FL,ASO,ES,Federal Contract Tower,13,12,15,0,40,0,0,7,0,7,13,12,22,0,47,4,0,4,51
01/07/2002,PFN,FL,ASO,ES,Federal Contract Tower,13,25,21,2,61,0,0,28,6,34,13,25,49,8,95,54,14,68,163
01/08/2002,PFN,FL,ASO,ES,Federal Contract Tower,15,36,21,4,76,0,1,68,2,71,15,37,89,6,147,140,18,158,305
01/09/2002,PFN,FL,ASO,ES,Federal Contract Tower,15,40,27,3,85,0,0,77,0,77,15,40,104,3,162,154,28,182,344
01/10/2002,PFN,FL,ASO,ES,Federal Contract Tower,15,38,28,4,85,0,0,32,2,34,15,38,60,6,119,66,4,70,189
01/11/2002,PFN,FL,ASO,ES,Federal Contract Tower,13,38,34,3,88,0,0,29,0,29,13,38,63,3,117,62,8,70,187
01/12/2002,PFN,FL,ASO,ES,Federal Contract Tower,13,23,16,3,55,0,0,17,0,17,13,23,33,3,72,14,4,18,90
01/13/2002,PFN,FL,ASO,ES,Federal Contract Tower,15,15,26,0,56,0,0,58,0,58,15,15,84,0,114,62,0,62,176
01/14/2002,PFN,FL,ASO,ES,Federal Contract Tower,15,34,22,4,75,0,0,3,0,3,15,34,25,4,78,4,0,4,82
01/15/2002,PFN,FL,ASO,ES,Federal Contract Tower,14,47,31,4,96,0,0,53,0,53,14,47,84,4,149,136,6,142,291
01/16/2002,PFN,FL,ASO,ES,Federal Contract Tower,13,40,35,4,92,0,4,68,2,74,13,44,103,6,166,152,42,194,360
01/17/2002,PFN,FL,ASO,ES,Federal Contract Tower,15,35,40,6,96,0,2,52,0,54,15,37,92,6,150,116,28,144,294
01/18/2002,PFN,FL,ASO,ES,Federal Contract Tower,13,38,25,6,82,0,1,71,11,83,13,39,96,17,165,116,16,132,297
01/19/2002,PFN,FL,ASO,ES,Federal Contract Tower,13,21,20,1,55,0,0,9,0,9,13,21,29,1,64,26,6,32,96
01/20/2002,PFN,FL,ASO,ES,Federal Contract Tower,10,16,27,4,57,0,0,30,0,30,10,16,57,4,87,80,12,92,179
01/21/2002,PFN,FL,ASO,ES,Federal Contract Tower,13,24,43,0,80,0,0,50,0,50,13,24,93,0,130,150,0,150,280
01/22/2002,PFN,FL,ASO,ES,Federal Contract Tower,15,39,32,4,90,0,0,26,5,31,15,39,58,9,121,42,36,78,199
01/23/2002,PFN,FL,ASO,ES,Federal Contract Tower,13,36,34,2,85,0,0,23,5,28,13,36,57,7,113,50,40,90,203
01/24/2002,PFN,FL,ASO,ES,Federal Contract Tower,13,45,27,3,88,0,0,8,2,10,13,45,35,5,98,2,0,2,100
01/25/2002,PFN,FL,ASO,ES,Federal Contract Tower,13,43,38,0,94,0,0,34,1,35,13,43,72,1,129,104,2,106,235
01/26/2002,PFN,FL,ASO,ES,Federal Contract Tower,15,22,25,0,62,0,0,66,1,67,15,22,91,1,129,130,0,130,259
01/27/2002,PFN,FL,ASO,ES,Federal Contract Tower,13,14,23,2,52,0,0,4,2,6,13,14,27,4,58,6,0,6,64
01/28/2002,PFN,FL,ASO,ES,Federal Contract Tower,14,34,47,2,97,0,0,9,0,9,14,34,56,2,106,48,0,48,154
01/29/2002,PFN,FL,ASO,ES,Federal Contract Tower,10,33,22,4,69,0,0,18,0,18,10,33,40,4,87,60,4,64,151
01/30/2002,PFN,FL,ASO,ES,Federal Contract Tower,10,33,23,2,68,0,0,25,2,27,10,33,48,4,95,40,6,46,141
01/31/2002,PFN,FL,ASO,ES,Federal Contract Tower,14,35,39,2,90,0,1,29,2,32,14,36,68,4,122,48,36,84,206
02/01/2002,PFN,FL,ASO,ES,Federal Contract Tower,16,36,25,3,80,0,0,16,0,16,16,36,41,3,96,22,6,28,124
02/02/2002,PFN,FL,ASO,ES,Federal Contract Tower,15,22,24,0,61,0,0,97,1,98,15,22,121,1,159,136,2,138,297
02/03/2002,PFN,FL,ASO,ES,Federal Contract Tower,15,15,29,0,59,0,0,49,0,49,15,15,78,0,108,82,2,84,192
02/04/2002,PFN,FL,ASO,ES,Federal Contract Tower,15,32,15,4,66,0,0,62,4,66,15,32,77,8,132,94,48,142,274
02/05/2002,PFN,FL,ASO,ES,Federal Contract Tower,13,37,24,3,77,0,0,47,2,49,13,37,71,5,126,104,14,118,244
02/06/2002,PFN,FL,ASO,ES,Federal Contract Tower,4,37,15,4,60,0,0,0,2,2,4,37,15,6,62,0,12,12,74
02/07/2002,PFN,FL,ASO,ES,Federal Contract Tower,13,42,37,3,95,0,0,26,1,27,13,42,63,4,122,36,8,44,166
02/08/2002,PFN,FL,ASO,ES,Federal Contract Tower,14,36,43,8,101,0,2,88,0,90,14,38,131,8,191,150,14,164,355
02/09/2002,PFN,FL,ASO,ES,Federal Contract Tower,15,22,11,3,51,0,2,103,0,105,15,24,114,3,156,134,10,144,300
02/10/2002,PFN,FL,ASO,ES,Federal Contract Tower,13,18,26,0,57,0,0,25,0,25,13,18,51,0,82,42,2,44,126
02/11/2002,PFN,FL,ASO,ES,Federal Contract Tower,15,34,20,2,71,0,0,75,6,81,15,34,95,8,152,90,4,94,246
02/12/2002,PFN,FL,ASO,ES,Federal Contract Tower,15,42,25,3,85,0,3,86,6,95,15,45,111,9,180,166,14,180,360
02/13/2002,PFN,FL,ASO,ES,Federal Contract Tower,15,44,28,9,96,0,2,62,9,73,15,46,90,18,169,108,28,136,305
02/14/2002,PFN,FL,ASO,ES,Federal Contract Tower,15,35,29,3,82,0,3,64,9,76,15,38,93,12,158,106,14,120,278
02/15/2002,PFN,FL,ASO,ES,Federal Contract Tower,15,37,50,5,107,0,0,85,6,91,15,37,135,11,198,102,10,112,310
02/16/2002,PFN,FL,ASO,ES,Federal Contract Tower,13,27,26,1,67,0,0,63,0,63,13,27,89,1,130,100,0,100,230
02/17/2002,PFN,FL,ASO,ES,Federal Contract Tower,15,17,32,6,70,0,0,42,0,42,15,17,74,6,112,50,0,50,162
02/18/2002,PFN,FL,ASO,ES,Federal Contract Tower,15,29,36,1,81,0,0,67,0,67,15,29,103,1,148,156,0,156,304
02/19/2002,PFN,FL,ASO,ES,Federal Contract Tower,13,47,33,5,98,0,4,65,5,74,13,51,98,10,172,150,16,166,338
02/20/2002,PFN,FL,ASO,ES,Federal Contract Tower,17,39,31,0,87,0,0,10,0,10,17,39,41,0,97,30,0,30,127
02/21/2002,PFN,FL,ASO,ES,Federal Contract Tower,15,40,36,2,93,0,0,45,1,46,15,40,81,3,139,74,14,88,227
02/22/2002,PFN,FL,ASO,ES,Federal Contract Tower,15,39,34,5,93,0,0,49,1,50,15,39,83,6,143,36,6,42,185
02/23/2002,PFN,FL,ASO,ES,Federal Contract Tower,15,25,21,2,63,0,0,69,0,69,15,25,90,2,132,170,0,170,302
02/24/2002,PFN,FL,ASO,ES,Federal Contract Tower,15,21,26,0,62,0,0,96,0,96,15,21,122,0,158,32,2,34,192
02/25/2002,PFN,FL,ASO,ES,Federal Contract Tower,15,39,16,3,73,0,0,71,7,78,15,39,87,10,151,107,16,123,274
02/26/2002,PFN,FL,ASO,ES,Federal Contract Tower,15,42,32,8,97,0,4,43,7,54,15,46,75,15,151,128,24,152,303
02/27/2002,PFN,FL,ASO,ES,Federal Contract Tower,15,38,25,5,83,0,0,43,2,45,15,38,68,7,128,16,6,22,150
02/28/2002,PFN,FL,ASO,ES,Federal Contract Tower,1,45,33,3,82,0,1,47,22,70,1,46,80,25,152,72,16,88,240
03/01/2002,PFN,FL,ASO,ES,Federal Contract Tower,15,44,37,6,102,0,0,29,1,30,15,44,66,7,132,34,26,60,192
03/02/2002,PFN,FL,ASO,ES,Federal Contract Tower,11,23,11,0,45,0,0,0,0,0,11,23,11,0,45,18,0,18,63
03/03/2002,PFN,FL,ASO,ES,Federal Contract Tower,15,18,25,0,58,0,0,5,0,5,15,18,30,0,63,6,0,6,69
03/04/2002,PFN,FL,ASO,ES,Federal Contract Tower,15,34,14,1,64,0,0,24,3,27,15,34,38,4,91,6,0,6,97
03/05/2002,PFN,FL,ASO,ES,Federal Contract Tower,15,41,40,3,99,0,3,64,5,72,15,44,104,8,171,86,14,100,271
03/06/2002,PFN,FL,ASO,ES,Federal Contract Tower,15,40,26,8,89,0,4,73,0,77,15,44,99,8,166,90,50,140,306
03/07/2002,PFN,FL,ASO,ES,Federal Contract Tower,15,39,24,9,87,0,4,61,4,69,15,43,85,13,156,158,18,176,332
03/08/2002,PFN,FL,ASO,ES,Federal Contract Tower,14,38,30,7,89,0,10,59,4,73,14,48,89,11,162,126,38,164,326
03/09/2002,PFN,FL,ASO,ES,Federal Contract Tower,16,25,13,0,54,0,0,60,0,60,16,25,73,0,114,60,0,60,174
03/10/2002,PFN,FL,ASO,ES,Federal Contract Tower,15,20,30,5,70,0,0,44,0,44,15,20,74,5,114,24,4,28,142
03/11/2002,PFN,FL,ASO,ES,Federal Contract Tower,15,33,33,2,83,0,6,65,12,83,15,39,98,14,166,140,14,154,320
03/12/2002,PFN,FL,ASO,ES,Federal Contract Tower,13,51,23,2,89,0,1,13,4,18,13,52,36,6,107,32,14,46,153
03/13/2002,PFN,FL,ASO,ES,Federal Contract Tower,15,43,47,7,112,0,13,25,0,38,15,56,72,7,150,42,10,52,202
03/14/2002,PFN,FL,ASO,ES,Federal Contract Tower,15,41,52,3,111,0,0,55,2,57,15,41,107,5,168,126,8,134,302
03/15/2002,PFN,FL,ASO,ES,Federal Contract Tower,17,45,64,12,138,0,0,35,14,49,17,45,99,26,187,22,10,32,219
03/16/2002,PFN,FL,ASO,ES,Federal Contract Tower,13,23,50,1,87,0,0,11,2,13,13,23,61,3,100,24,0,24,124
03/17/2002,PFN,FL,ASO,ES,Federal Contract Tower,15,16,49,4,84,0,0,48,0,48,15,16,97,4,132,28,2,30,162
03/18/2002,PFN,FL,ASO,ES,Federal Contract Tower,13,35,31,2,81,0,0,61,12,73,13,35,92,14,154,60,18,78,232
03/19/2002,PFN,FL,ASO,ES,Federal Contract Tower,13,48,44,0,105,0,2,78,3,83,13,50,122,3,188,120,20,140,328
03/20/2002,PFN,FL,ASO,ES,Federal Contract Tower,15,42,43,4,104,0,0,31,8,39,15,42,74,12,143,38,24,62,205
03/21/2002,PFN,FL,ASO,ES,Federal Contract Tower,15,40,38,4,97,0,0,28,2,30,15,40,66,6,127,28,14,42,169
03/22/2002,PFN,FL,ASO,ES,Federal Contract Tower,15,35,34,4,88,0,0,49,2,51,15,35,83,6,139,28,12,40,179
03/23/2002,PFN,FL,ASO,ES,Federal Contract Tower,17,23,37,0,77,0,0,91,0,91,17,23,128,0,168,138,0,138,306
03/24/2002,PFN,FL,ASO,ES,Federal Contract Tower,15,16,36,0,67,0,0,83,0,83,15,16,119,0,150,142,0,142,292
03/25/2002,PFN,FL,ASO,ES,Federal Contract Tower,15,35,36,2,88,0,2,55,0,57,15,37,91,2,145,86,16,102,247
03/26/2002,PFN,FL,ASO,ES,Federal Contract Tower,15,45,34,0,94,0,1,15,0,16,15,46,49,0,110,8,0,8,118
03/27/2002,PFN,FL,ASO,ES,Federal Contract Tower,15,43,37,3,98,0,0,92,2,94,15,43,129,5,192,152,56,208,400
03/28/2002,PFN,FL,ASO,ES,Federal Contract Tower,15,43,52,3,113,0,0,91,14,105,15,43,143,17,218,102,58,160,378
03/29/2002,PFN,FL,ASO,ES,Federal Contract Tower,17,39,33,3,92,0,1,73,7,81,17,40,106,10,173,106,42,148,321
03/30/2002,PFN,FL,ASO,ES,Federal Contract Tower,15,22,36,0,73,0,0,64,0,64,15,22,100,0,137,60,0,60,197
03/31/2002,PFN,FL,ASO,ES,Federal Contract Tower,14,13,21,0,48,0,0,6,0,6,14,13,27,0,54,2,0,2,56
04/01/2002,PFN,FL,ASO,ES,Federal Contract Tower,14,35,48,2,99,1,1,58,5,65,15,36,106,7,164,94,6,100,264
04/02/2002,PFN,FL,ASO,ES,Federal Contract Tower,14,44,28,9,95,1,1,68,2,72,15,45,96,11,167,94,18,112,279
04/03/2002,PFN,FL,ASO,ES,Federal Contract Tower,15,37,34,1,87,0,1,26,0,27,15,38,60,1,114,22,10,32,146
04/04/2002,PFN,FL,ASO,ES,Federal Contract Tower,15,38,37,9,99,0,2,63,17,82,15,40,100,26,181,80,32,112,293
04/05/2002,PFN,FL,ASO,ES,Federal Contract Tower,15,39,45,5,104,0,0,76,28,104,15,39,121,33,208,32,4,36,244
04/06/2002,PFN,FL,ASO,ES,Federal Contract Tower,15,31,54,2,102,0,4,91,13,108,15,35,145,15,210,44,4,48,258
04/07/2002,PFN,FL,ASO,ES,Federal Contract Tower,15,15,39,0,69,0,2,68,10,80,15,17,107,10,149,36,0,36,185
04/08/2002,PFN,FL,ASO,ES,Federal Contract Tower,13,37,21,3,74,0,2,38,1,41,13,39,59,4,115,14,6,20,135
04/09/2002,PFN,FL,ASO,ES,Federal Contract Tower,13,46,13,0,72,0,0,2,0,2,13,46,15,0,74,24,0,24,98
04/10/2002,PFN,FL,ASO,ES,Federal Contract Tower,15,41,54,0,110,1,2,46,3,52,16,43,100,3,162,88,14,102,264
04/11/2002,PFN,FL,ASO,ES,Federal Contract Tower,15,40,61,7,123,0,0,18,18,36,15,40,79,25,159,54,20,74,233
04/12/2002,PFN,FL,ASO,ES,Federal Contract Tower,14,38,39,0,91,0,0,11,0,11,14,38,50,0,102,28,2,30,132
04/13/2002,PFN,FL,ASO,ES,Federal Contract Tower,13,26,25,2,66,0,0,9,0,9,13,26,34,2,75,6,12,18,93
04/14/2002,PFN,FL,ASO,ES,Federal Contract Tower,15,18,30,0,63,0,0,57,0,57,15,18,87,0,120,82,0,82,202
04/15/2002,PFN,FL,ASO,ES,Federal Contract Tower,15,39,39,9,102,0,0,62,0,62,15,39,101,9,164,82,8,90,254
04/16/2002,PFN,FL,ASO,ES,Federal Contract Tower,15,51,48,12,126,0,0,62,6,68,15,51,110,18,194,176,66,242,436
04/17/2002,PFN,FL,ASO,ES,Federal Contract Tower,15,44,32,11,102,0,6,92,0,98,15,50,124,11,200,184,44,228,428
04/18/2002,PFN,FL,ASO,ES,Federal Contract Tower,15,43,28,2,88,0,0,60,1,61,15,43,88,3,149,70,0,70,219
04/19/2002,PFN,FL,ASO,ES,Federal Contract Tower,15,43,37,3,98,0,2,54,3,59,15,45,91,6,157,96,0,96,253
04/20/2002,PFN,FL,ASO,ES,Federal Contract Tower,15,24,26,0,65,0,2,77,0,79,15,26,103,0,144,60,0,60,204
04/21/2002,PFN,FL,ASO,ES,Federal Contract Tower,13,21,32,0,66,0,0,82,0,82,13,21,114,0,148,40,2,42,190
04/22/2002,PFN,FL,ASO,ES,Federal Contract Tower,15,36,41,6,98,0,0,73,17,90,15,36,114,23,188,28,18,46,234
04/23/2002,PFN,FL,ASO,ES,Federal Contract Tower,15,47,26,14,102,0,0,100,6,106,15,47,126,20,208,124,70,194,402
04/24/2002,PFN,FL,ASO,ES,Federal Contract Tower,15,44,31,18,108,0,0,66,6,72,15,44,97,24,180,70,46,116,296
04/25/2002,PFN,FL,ASO,ES,Federal Contract Tower,15,43,44,5,107,0,7,53,11,71,15,50,97,16,178,90,18,108,286
04/26/2002,PFN,FL,ASO,ES,Federal Contract Tower,15,36,58,1,110,0,1,50,0,51,15,37,108,1,161,30,10,40,201
04/27/2002,PFN,FL,ASO,ES,Federal Contract Tower,15,24,27,2,68,0,0,52,0,52,15,24,79,2,120,82,2,84,204
04/28/2002,PFN,FL,ASO,ES,Federal Contract Tower,13,14,57,0,84,0,2,58,6,66,13,16,115,6,150,32,0,32,182
04/29/2002,PFN,FL,ASO,ES,Federal Contract Tower,15,35,35,4,89,0,0,54,3,57,15,35,89,7,146,48,2,50,196
04/30/2002,PFN,FL,ASO,ES,Federal Contract Tower,15,51,32,10,108,0,2,55,3,60,15,53,87,13,168,124,40,164,332
05/01/2002,PFN,FL,ASO,ES,Federal Contract Tower,15,38,30,5,88,0,0,49,6,55,15,38,79,11,143,78,20,98,241
05/02/2002,PFN,FL,ASO,ES,Federal Contract Tower,15,42,40,5,102,0,6,49,32,87,15,48,89,37,189,98,40,138,327
05/03/2002,PFN,FL,ASO,ES,Federal Contract Tower,13,38,43,11,105,0,2,37,34,73,13,40,80,45,178,88,10,98,276
05/04/2002,PFN,FL,ASO,ES,Federal Contract Tower,13,27,26,0,66,0,0,31,0,31,13,27,57,0,97,44,0,44,141
05/05/2002,PFN,FL,ASO,ES,Federal Contract Tower,13,16,44,4,77,0,0,64,0,64,13,16,108,4,141,68,0,68,209
05/06/2002,PFN,FL,ASO,ES,Federal Contract Tower,15,32,36,0,83,0,2,20,6,28,15,34,56,6,111,6,16,22,133
05/07/2002,PFN,FL,ASO,ES,Federal Contract Tower,13,48,42,6,109,0,5,50,10,65,13,53,92,16,174,110,20,130,304
05/08/2002,PFN,FL,ASO,ES,Federal Contract Tower,15,40,52,6,113,0,1,85,4,90,15,41,137,10,203,142,0,142,345
05/09/2002,PFN,FL,ASO,ES,Federal Contract Tower,15,42,47,8,112,0,0,69,3,72,15,42,116,11,184,64,8,72,256
05/10/2002,PFN,FL,ASO,ES,Federal Contract Tower,15,40,56,4,115,0,2,72,2,76,15,42,128,6,191,66,0,66,257
05/11/2002,PFN,FL,ASO,ES,Federal Contract Tower,15,23,44,2,84,0,0,83,2,85,15,23,127,4,169,72,16,88,257
05/12/2002,PFN,FL,ASO,ES,Federal Contract Tower,15,17,33,4,69,0,6,49,0,55,15,23,82,4,124,34,6,40,164
05/13/2002,PFN,FL,ASO,ES,Federal Contract Tower,15,35,27,2,79,0,0,29,0,29,15,35,56,2,108,2,0,2,110
05/14/2002,PFN,FL,ASO,ES,Federal Contract Tower,15,40,37,1,93,0,0,53,0,53,15,40,90,1,146,48,2,50,196
05/15/2002,PFN,FL,ASO,ES,Federal Contract Tower,15,38,41,10,104,0,2,84,18,104,15,40,125,28,208,164,52,216,424
05/16/2002,PFN,FL,ASO,ES,Federal Contract Tower,15,45,52,4,116,0,1,70,1,72,15,46,122,5,188,124,4,128,316
05/17/2002,PFN,FL,ASO,ES,Federal Contract Tower,15,36,46,1,98,0,0,24,5,29,15,36,70,6,127,24,20,44,171
05/18/2002,PFN,FL,ASO,ES,Federal Contract Tower,15,24,20,0,59,0,0,21,0,21,15,24,41,0,80,34,0,34,114
05/19/2002,PFN,FL,ASO,ES,Federal Contract Tower,15,15,16,0,46,0,0,43,0,43,15,15,59,0,89,8,0,8,97
05/20/2002,PFN,FL,ASO,ES,Federal Contract Tower,16,25,33,0,74,0,3,73,0,76,16,28,106,0,150,70,18,88,238
05/21/2002,PFN,FL,ASO,ES,Federal Contract Tower,15,50,36,5,106,0,3,75,0,78,15,53,111,5,184,166,62,228,412
05/22/2002,PFN,FL,ASO,ES,Federal Contract Tower,15,44,39,6,104,0,6,94,5,105,15,50,133,11,209,66,40,106,315
05/23/2002,PFN,FL,ASO,ES,Federal Contract Tower,15,35,44,8,102,0,3,93,27,123,15,38,137,35,225,86,18,104,329
05/24/2002,PFN,FL,ASO,ES,Federal Contract Tower,15,42,61,4,122,0,4,76,2,82,15,46,137,6,204,94,4,98,302
05/25/2002,PFN,FL,ASO,ES,Federal Contract Tower,15,23,32,0,70,0,0,88,0,88,15,23,120,0,158,104,0,104,262
05/26/2002,PFN,FL,ASO,ES,Federal Contract Tower,13,10,22,0,45,0,1,60,0,61,13,11,82,0,106,34,0,34,140
05/27/2002,PFN,FL,ASO,ES,Federal Contract Tower,15,19,44,2,80,0,0,69,0,69,15,19,113,2,149,54,2,56,205
05/28/2002,PFN,FL,ASO,ES,Federal Contract Tower,15,38,43,6,102,0,0,62,6,68,15,38,105,12,170,54,6,60,230
05/29/2002,PFN,FL,ASO,ES,Federal Contract Tower,15,42,21,4,82,0,0,49,7,56,15,42,70,11,138,38,42,80,218
05/30/2002,PFN,FL,ASO,ES,Federal Contract Tower,15,44,39,10,108,0,2,56,8,66,15,46,95,18,174,68,56,124,298
05/31/2002,PFN,FL,ASO,ES,Federal Contract Tower,15,38,46,0,99,0,0,63,0,63,15,38,109,0,162,88,0,88,250
06/01/2002,PFN,FL,ASO,ES,Federal Contract Tower,12,26,36,2,76,1,0,62,0,63,13,26,98,2,139,84,0,84,223
06/02/2002,PFN,FL,ASO,ES,Federal Contract Tower,13,22,19,0,54,0,1,69,1,71,13,23,88,1,125,52,0,52,177
06/03/2002,PFN,FL,ASO,ES,Federal Contract Tower,13,42,35,1,91,0,0,58,1,59,13,42,93,2,150,54,10,64,214
06/04/2002,PFN,FL,ASO,ES,Federal Contract Tower,12,47,44,7,110,0,3,56,1,60,12,50,100,8,170,100,8,108,278
06/05/2002,PFN,FL,ASO,ES,Federal Contract Tower,14,42,42,6,104,0,0,54,2,56,14,42,96,8,160,46,12,58,218
06/06/2002,PFN,FL,ASO,ES,Federal Contract Tower,13,40,44,3,100,0,3,29,5,37,13,43,73,8,137,64,16,80,217
06/07/2002,PFN,FL,ASO,ES,Federal Contract Tower,13,37,61,0,111,1,0,55,0,56,14,37,116,0,167,146,0,146,313
06/08/2002,PFN,FL,ASO,ES,Federal Contract Tower,12,29,37,0,78,0,1,26,0,27,12,30,63,0,105,48,0,48,153
06/09/2002,PFN,FL,ASO,ES,Federal Contract Tower,14,25,60,2,101,0,5,47,0,52,14,30,107,2,153,24,12,36,189
06/10/2002,PFN,FL,ASO,ES,Federal Contract Tower,13,38,34,3,88,0,0,55,0,55,13,38,89,3,143,112,4,116,259
06/11/2002,PFN,FL,ASO,ES,Federal Contract Tower,14,46,39,5,104,0,5,52,2,59,14,51,91,7,163,48,26,74,237
06/12/2002,PFN,FL,ASO,ES,Federal Contract Tower,13,43,39,4,99,0,4,80,0,84,13,47,119,4,183,94,8,102,285
06/13/2002,PFN,FL,ASO,ES,Federal Contract Tower,13,40,37,2,92,0,0,53,4,57,13,40,90,6,149,76,18,94,243
06/14/2002,PFN,FL,ASO,ES,Federal Contract Tower,13,51,36,1,101,0,11,34,0,45,13,62,70,1,146,50,2,52,198
06/15/2002,PFN,FL,ASO,ES,Federal Contract Tower,11,24,33,0,68,0,1,84,0,85,11,25,117,0,153,96,0,96,249
06/16/2002,PFN,FL,ASO,ES,Federal Contract Tower,12,19,27,0,58,0,11,69,0,80,12,30,96,0,138,82,0,82,220
06/17/2002,PFN,FL,ASO,ES,Federal Contract Tower,13,37,33,3,86,0,0,22,3,25,13,37,55,6,111,96,10,106,217
06/18/2002,PFN,FL,ASO,ES,Federal Contract Tower,13,44,39,3,99,0,0,35,6,41,13,44,74,9,140,100,2,102,242
06/19/2002,PFN,FL,ASO,ES,Federal Contract Tower,13,43,29,1,86,0,1,53,1,55,13,44,82,2,141,98,2,100,241
06/20/2002,PFN,FL,ASO,ES,Federal Contract Tower,11,45,45,6,107,0,0,47,12,59,11,45,92,18,166,68,64,132,298
06/21/2002,PFN,FL,ASO,ES,Federal Contract Tower,13,37,44,0,94,0,0,40,0,40,13,37,84,0,134,70,9,79,213
06/22/2002,PFN,FL,ASO,ES,Federal Contract Tower,13,24,26,0,63,0,0,33,0,33,13,24,59,0,96,30,0,30,126
06/23/2002,PFN,FL,ASO,ES,Federal Contract Tower,11,16,25,0,52,0,0,57,4,61,11,16,82,4,113,72,0,72,185
06/24/2002,PFN,FL,ASO,ES,Federal Contract Tower,12,37,36,0,85,0,0,23,0,23,12,37,59,0,108,36,4,40,148
06/25/2002,PFN,FL,ASO,ES,Federal Contract Tower,11,43,46,0,100,0,0,19,0,19,11,43,65,0,119,80,0,80,199
06/26/2002,PFN,FL,ASO,ES,Federal Contract Tower,13,36,30,9,88,0,0,38,0,38,13,36,68,9,126,54,6,60,186
06/27/2002,PFN,FL,ASO,ES,Federal Contract Tower,13,40,40,4,97,0,1,49,8,58,13,41,89,12,155,142,86,228,383
06/28/2002,PFN,FL,ASO,ES,Federal Contract Tower,13,37,46,8,104,0,0,53,0,53,13,37,99,8,157,102,14,116,273
06/29/2002,PFN,FL,ASO,ES,Federal Contract Tower,14,21,32,0,67,0,0,64,0,64,14,21,96,0,131,112,0,112,243
06/30/2002,PFN,FL,ASO,ES,Federal Contract Tower,13,17,34,0,64,0,0,45,2,47,13,17,79,2,111,82,0,82,193
07/01/2002,PFN,FL,ASO,ES,Federal Contract Tower,11,40,26,5,82,0,1,53,5,59,11,41,79,10,141,92,22,114,255
07/02/2002,PFN,FL,ASO,ES,Federal Contract Tower,12,45,40,8,105,0,0,44,2,46,12,45,84,10,151,82,4,86,237
07/03/2002,PFN,FL,ASO,ES,Federal Contract Tower,12,46,67,4,129,0,2,54,0,56,12,48,121,4,185,36,6,42,227
07/04/2002,PFN,FL,ASO,ES,Federal Contract Tower,11,14,17,0,42,0,0,44,0,44,11,14,61,0,86,58,0,58,144
07/05/2002,PFN,FL,ASO,ES,Federal Contract Tower,12,31,42,1,86,0,0,25,0,25,12,31,67,1,111,6,2,8,119
07/06/2002,PFN,FL,ASO,ES,Federal Contract Tower,13,20,38,1,72,0,0,71,0,71,13,20,109,1,143,70,0,70,213
07/07/2002,PFN,FL,ASO,ES,Federal Contract Tower,11,16,54,0,81,0,0,41,0,41,11,16,95,0,122,40,0,40,162
07/08/2002,PFN,FL,ASO,ES,Federal Contract Tower,13,41,29,5,88,0,1,47,0,48,13,42,76,5,136,70,10,80,216
07/09/2002,PFN,FL,ASO,ES,Federal Contract Tower,13,38,32,10,93,0,0,36,0,36,13,38,68,10,129,32,14,46,175
07/10/2002,PFN,FL,ASO,ES,Federal Contract Tower,13,43,36,7,99,0,4,55,0,59,13,47,91,7,158,54,40,94,252
07/11/2002,PFN,FL,ASO,ES,Federal Contract Tower,13,48,59,7,127,0,0,67,0,67,13,48,126,7,194,68,10,78,272
07/12/2002,PFN,FL,ASO,ES,Federal Contract Tower,13,37,30,0,80,0,0,33,1,34,13,37,63,1,114,52,8,60,174
07/13/2002,PFN,FL,ASO,ES,Federal Contract Tower,13,24,19,0,56,0,0,32,1,33,13,24,51,1,89,78,0,78,167
07/14/2002,PFN,FL,ASO,ES,Federal Contract Tower,13,18,47,2,80,0,2,32,0,34,13,20,79,2,114,66,0,66,180
07/15/2002,PFN,FL,ASO,ES,Federal Contract Tower,13,34,30,11,88,0,0,40,12,52,13,34,70,23,140,34,50,84,224
07/16/2002,PFN,FL,ASO,ES,Federal Contract Tower,13,43,53,7,116,0,0,76,8,84,13,43,129,15,200,88,6,94,294
07/17/2002,PFN,FL,ASO,ES,Federal Contract Tower,13,40,53,7,113,0,0,55,4,59,13,40,108,11,172,82,10,92,264
07/18/2002,PFN,FL,ASO,ES,Federal Contract Tower,13,39,45,4,101,0,10,44,11,65,13,49,89,15,166,44,28,72,238
07/19/2002,PFN,FL,ASO,ES,Federal Contract Tower,13,40,42,2,97,2,6,66,0,74,15,46,108,2,171,46,8,54,225
07/20/2002,PFN,FL,ASO,ES,Federal Contract Tower,14,26,40,0,80,2,0,52,0,54,16,26,92,0,134,78,0,78,212
07/21/2002,PFN,FL,ASO,ES,Federal Contract Tower,13,14,44,0,71,0,9,50,0,59,13,23,94,0,130,76,16,92,222
07/22/2002,PFN,FL,ASO,ES,Federal Contract Tower,13,32,38,3,86,0,6,29,2,37,13,38,67,5,123,38,28,66,189
07/23/2002,PFN,FL,ASO,ES,Federal Contract Tower,9,40,42,2,93,0,0,43,4,47,9,40,85,6,140,118,0,118,258
07/24/2002,PFN,FL,ASO,ES,Federal Contract Tower,13,44,34,2,93,0,3,38,4,45,13,47,72,6,138,78,16,94,232
07/25/2002,PFN,FL,ASO,ES,Federal Contract Tower,13,43,33,2,91,0,2,32,4,38,13,45,65,6,129,62,6,68,197
07/26/2002,PFN,FL,ASO,ES,Federal Contract Tower,12,35,47,5,99,0,2,47,11,60,12,37,94,16,159,84,4,88,247
07/27/2002,PFN,FL,ASO,ES,Federal Contract Tower,13,22,22,0,57,0,0,33,8,41,13,22,55,8,98,2,0,2,100
07/28/2002,PFN,FL,ASO,ES,Federal Contract Tower,11,13,46,0,70,0,0,51,0,51,11,13,97,0,121,70,0,70,191
07/29/2002,PFN,FL,ASO,ES,Federal Contract Tower,13,37,25,1,76,0,10,45,8,63,13,47,70,9,139,44,20,64,203
07/30/2002,PFN,FL,ASO,ES,Federal Contract Tower,13,41,35,0,89,0,5,33,4,42,13,46,68,4,131,36,2,38,169
07/31/2002,PFN,FL,ASO,ES,Federal Contract Tower,13,44,35,6,98,0,2,40,2,44,13,46,75,8,142,108,14,122,264
08/01/2002,PFN,FL,ASO,ES,Federal Contract Tower,12,37,35,1,85,0,0,35,5,40,12,37,70,6,125,46,2,48,173
08/02/2002,PFN,FL,ASO,ES,Federal Contract Tower,12,42,55,4,113,0,0,61,7,68,12,42,116,11,181,58,8,66,247
08/03/2002,PFN,FL,ASO,ES,Federal Contract Tower,13,23,29,0,65,0,0,84,0,84,13,23,113,0,149,44,0,44,193
08/04/2002,PFN,FL,ASO,ES,Federal Contract Tower,13,14,39,0,66,0,0,30,0,30,13,14,69,0,96,54,0,54,150
08/05/2002,PFN,FL,ASO,ES,Federal Contract Tower,11,36,33,0,80,0,0,31,6,37,11,36,64,6,117,46,0,46,163
08/06/2002,PFN,FL,ASO,ES,Federal Contract Tower,11,42,19,4,76,0,5,78,4,87,11,47,97,8,163,86,19,105,268
08/07/2002,PFN,FL,ASO,ES,Federal Contract Tower,14,50,42,3,109,0,7,42,6,55,14,57,84,9,164,92,0,92,256
08/08/2002,PFN,FL,ASO,ES,Federal Contract Tower,13,40,51,6,110,0,1,54,8,63,13,41,105,14,173,42,14,56,229
08/09/2002,PFN,FL,ASO,ES,Federal Contract Tower,13,36,37,9,95,0,2,80,3,85,13,38,117,12,180,84,4,88,268
08/10/2002,PFN,FL,ASO,ES,Federal Contract Tower,13,25,32,2,72,0,0,57,0,57,13,25,89,2,129,140,2,142,271
08/11/2002,PFN,FL,ASO,ES,Federal Contract Tower,13,13,41,0,67,0,0,57,2,59,13,13,98,2,126,72,0,72,198
08/12/2002,PFN,FL,ASO,ES,Federal Contract Tower,13,39,24,4,80,0,0,35,8,43,13,39,59,12,123,42,18,60,183
08/13/2002,PFN,FL,ASO,ES,Federal Contract Tower,13,39,38,7,97,0,3,35,0,38,13,42,73,7,135,72,32,104,239
08/14/2002,PFN,FL,ASO,ES,Federal Contract Tower,13,38,41,5,97,0,1,41,1,43,13,39,82,6,140,100,20,120,260
08/15/2002,PFN,FL,ASO,ES,Federal Contract Tower,13,43,29,13,98,0,1,52,9,62,13,44,81,22,160,50,50,100,260
08/16/2002,PFN,FL,ASO,ES,Federal Contract Tower,13,36,34,5,88,0,0,43,3,46,13,36,77,8,134,70,14,84,218
08/17/2002,PFN,FL,ASO,ES,Federal Contract Tower,15,23,28,1,67,0,2,66,0,68,15,25,94,1,135,64,0,64,199
08/18/2002,PFN,FL,ASO,ES,Federal Contract Tower,12,15,21,0,48,0,0,41,2,43,12,15,62,2,91,88,0,88,179
08/19/2002,PFN,FL,ASO,ES,Federal Contract Tower,12,31,23,3,69,0,2,28,1,31,12,33,51,4,100,104,26,130,230
08/20/2002,PFN,FL,ASO,ES,Federal Contract Tower,13,33,42,0,88,0,2,62,2,66,13,35,104,2,154,94,2,96,250
08/21/2002,PFN,FL,ASO,ES,Federal Contract Tower,11,37,35,3,86,0,0,43,18,61,11,37,78,21,147,42,24,66,213
08/22/2002,PFN,FL,ASO,ES,Federal Contract Tower,13,39,55,2,109,0,0,58,0,58,13,39,113,2,167,70,16,86,253
08/23/2002,PFN,FL,ASO,ES,Federal Contract Tower,13,41,60,4,118,0,1,80,4,85,13,42,140,8,203,146,6,152,355
08/24/2002,PFN,FL,ASO,ES,Federal Contract Tower,12,23,22,0,57,0,3,77,7,87,12,26,99,7,144,82,0,82,226
08/25/2002,PFN,FL,ASO,ES,Federal Contract Tower,13,14,31,0,58,0,2,38,0,40,13,16,69,0,98,58,0,58,156
08/26/2002,PFN,FL,ASO,ES,Federal Contract Tower,13,33,30,3,79,1,5,26,1,33,14,38,56,4,112,84,0,84,196
08/27/2002,PFN,FL,ASO,ES,Federal Contract Tower,13,45,40,9,107,0,1,48,0,49,13,46,88,9,156,136,38,174,330
08/28/2002,PFN,FL,ASO,ES,Federal Contract Tower,13,38,33,1,85,0,2,41,8,51,13,40,74,9,136,86,58,144,280
08/29/2002,PFN,FL,ASO,ES,Federal Contract Tower,13,38,45,4,100,0,0,32,25,57,13,38,77,29,157,70,70,140,297
08/30/2002,PFN,FL,ASO,ES,Federal Contract Tower,13,36,87,0,136,1,1,8,6,16,14,37,95,6,152,6,0,6,158
08/31/2002,PFN,FL,ASO,ES,Federal Contract Tower,13,20,36,0,69,0,0,28,2,30,13,20,64,2,99,30,0,30,129
09/01/2002,PFN,FL,ASO,ES,Federal Contract Tower,10,14,15,0,39,0,0,28,0,28,10,14,43,0,67,58,0,58,125
09/02/2002,PFN,FL,ASO,ES,Federal Contract Tower,10,15,78,1,104,0,0,46,1,47,10,15,124,2,151,80,0,80,231
09/03/2002,PFN,FL,ASO,ES,Federal Contract Tower,10,39,47,4,100,0,1,79,0,80,10,40,126,4,180,90,54,144,324
09/04/2002,PFN,FL,ASO,ES,Federal Contract Tower,10,39,35,4,88,0,0,52,5,57,10,39,87,9,145,52,10,62,207
09/05/2002,PFN,FL,ASO,ES,Federal Contract Tower,10,38,39,6,93,0,0,37,8,45,10,38,76,14,138,32,34,66,204
09/06/2002,PFN,FL,ASO,ES,Federal Contract Tower,10,38,33,1,82,0,1,31,7,39,10,39,64,8,121,44,30,74,195
09/07/2002,PFN,FL,ASO,ES,Federal Contract Tower,10,23,26,0,59,0,0,30,1,31,10,23,56,1,90,28,0,28,118
09/08/2002,PFN,FL,ASO,ES,Federal Contract Tower,10,17,26,0,53,0,0,46,0,46,10,17,72,0,99,64,0,64,163
09/09/2002,PFN,FL,ASO,ES,Federal Contract Tower,10,34,21,8,73,0,3,50,0,53,10,37,71,8,126,100,4,104,230
09/10/2002,PFN,FL,ASO,ES,Federal Contract Tower,8,42,30,3,83,0,0,73,0,73,8,42,103,3,156,90,26,116,272
09/11/2002,PFN,FL,ASO,ES,Federal Contract Tower,8,36,42,7,93,0,0,45,4,49,8,36,87,11,142,28,8,36,178
09/12/2002,PFN,FL,ASO,ES,Federal Contract Tower,8,36,40,4,88,0,2,56,0,58,8,38,96,4,146,38,2,40,186
09/13/2002,PFN,FL,ASO,ES,Federal Contract Tower,11,39,22,0,72,1,0,4,0,5,12,39,26,0,77,4,0,4,81
09/14/2002,PFN,FL,ASO,ES,Federal Contract Tower,8,17,2,0,27,0,0,0,0,0,8,17,2,0,27,0,0,0,27
09/15/2002,PFN,FL,ASO,ES,Federal Contract Tower,11,15,16,0,42,0,0,15,0,15,11,15,31,0,57,32,0,32,89
09/16/2002,PFN,FL,ASO,ES,Federal Contract Tower,10,33,35,0,78,0,0,22,2,24,10,33,57,2,102,2,6,8,110
09/17/2002,PFN,FL,ASO,ES,Federal Contract Tower,10,38,38,4,90,0,1,79,0,80,10,39,117,4,170,132,4,136,306
09/18/2002,PFN,FL,ASO,ES,Federal Contract Tower,10,34,49,5,98,1,14,51,23,89,11,48,100,28,187,84,70,154,341
09/19/2002,PFN,FL,ASO,ES,Federal Contract Tower,10,40,48,1,99,0,0,29,0,29,10,40,77,1,128,132,24,156,284
09/20/2002,PFN,FL,ASO,ES,Federal Contract Tower,10,37,42,6,95,0,3,42,0,45,10,40,84,6,140,102,18,120,260
09/21/2002,PFN,FL,ASO,ES,Federal Contract Tower,10,22,35,0,67,5,10,22,0,37,15,32,57,0,104,40,2,42,146
09/22/2002,PFN,FL,ASO,ES,Federal Contract Tower,10,16,25,3,54,0,0,72,9,81,10,16,97,12,135,132,2,134,269
09/23/2002,PFN,FL,ASO,ES,Federal Contract Tower,10,50,28,14,102,0,0,48,10,58,10,50,76,24,160,92,8,100,260
09/24/2002,PFN,FL,ASO,ES,Federal Contract Tower,11,37,27,1,76,0,0,2,2,4,11,37,29,3,80,2,0,2,82
09/25/2002,PFN,FL,ASO,ES,Federal Contract Tower,8,42,22,0,72,0,0,3,0,3,8,42,25,0,75,0,0,0,75
09/26/2002,PFN,FL,ASO,ES,Federal Contract Tower,10,41,11,0,62,0,0,4,0,4,10,41,15,0,66,0,0,0,66
09/27/2002,PFN,FL,ASO,ES,Federal Contract Tower,10,37,38,5,90,0,0,79,0,79,10,37,117,5,169,52,10,62,231
09/28/2002,PFN,FL,ASO,ES,Federal Contract Tower,10,23,23,4,60,0,0,75,27,102,10,23,98,31,162,126,54,180,342
09/29/2002,PFN,FL,ASO,ES,Federal Contract Tower,10,19,27,0,56,0,0,57,1,58,10,19,84,1,114,68,0,68,182
09/30/2002,PFN,FL,ASO,ES,Federal Contract Tower,10,31,33,13,87,0,0,20,11,31,10,31,53,24,118,34,6,40,158
10/01/2002,PFN,FL,ASO,ES,Federal Contract Tower,10,35,42,6,93,0,0,78,1,79,10,35,120,7,172,82,6,88,260
10/02/2002,PFN,FL,ASO,ES,Federal Contract Tower,10,36,47,7,100,0,0,59,6,65,10,36,106,13,165,78,26,104,269
10/03/2002,PFN,FL,ASO,ES,Federal Contract Tower,10,33,23,3,69,0,0,19,12,31,10,33,42,15,100,44,14,58,158
10/04/2002,PFN,FL,ASO,ES,Federal Contract Tower,8,40,52,1,101,0,0,39,5,44,8,40,91,6,145,30,12,42,187
10/05/2002,PFN,FL,ASO,ES,Federal Contract Tower,10,21,20,0,51,0,0,36,0,36,10,21,56,0,87,60,0,60,147
10/06/2002,PFN,FL,ASO,ES,Federal Contract Tower,10,14,37,0,61,0,0,65,0,65,10,14,102,0,126,80,0,80,206
10/07/2002,PFN,FL,ASO,ES,Federal Contract Tower,10,30,30,2,72,0,0,52,4,56,10,30,82,6,128,110,2,112,240
10/08/2002,PFN,FL,ASO,ES,Federal Contract Tower,11,38,47,2,98,0,2,54,0,56,11,40,101,2,154,164,0,164,318
10/09/2002,PFN,FL,ASO,ES,Federal Contract Tower,10,42,42,3,97,0,0,25,5,30,10,42,67,8,127,22,22,44,171
10/10/2002,PFN,FL,ASO,ES,Federal Contract Tower,8,38,50,5,101,0,0,44,22,66,8,38,94,27,167,144,30,174,341
10/11/2002,PFN,FL,ASO,ES,Federal Contract Tower,10,40,43,6,99,0,1,71,9,81,10,41,114,15,180,138,18,156,336
10/12/2002,PFN,FL,ASO,ES,Federal Contract Tower,10,23,28,2,63,0,0,34,4,38,10,23,62,6,101,42,0,42,143
10/13/2002,PFN,FL,ASO,ES,Federal Contract Tower,8,17,34,0,59,0,0,37,0,37,8,17,71,0,96,38,0,38,134
10/14/2002,PFN,FL,ASO,ES,Federal Contract Tower,8,31,23,0,62,0,0,34,1,35,8,31,57,1,97,24,0,24,121
10/15/2002,PFN,FL,ASO,ES,Federal Contract Tower,9,45,19,3,76,0,2,5,0,7,9,47,24,3,83,0,0,0,83
10/16/2002,PFN,FL,ASO,ES,Federal Contract Tower,10,48,38,6,102,0,2,70,9,81,10,50,108,15,183,190,28,218,401
10/17/2002,PFN,FL,ASO,ES,Federal Contract Tower,10,40,44,8,102,0,3,88,2,93,10,43,132,10,195,150,12,162,357
10/18/2002,PFN,FL,ASO,ES,Federal Contract Tower,8,40,61,0,109,0,0,78,7,85,8,40,139,7,194,94,30,124,318
10/19/2002,PFN,FL,ASO,ES,Federal Contract Tower,10,23,27,3,63,0,0,67,0,67,10,23,94,3,130,54,4,58,188
10/20/2002,PFN,FL,ASO,ES,Federal Contract Tower,10,18,37,1,66,0,0,59,0,59,10,18,96,1,125,82,2,84,209
10/21/2002,PFN,FL,ASO,ES,Federal Contract Tower,10,30,28,5,73,0,4,46,4,54,10,34,74,9,127,84,16,100,227
10/22/2002,PFN,FL,ASO,ES,Federal Contract Tower,10,40,33,12,95,0,0,69,13,82,10,40,102,25,177,120,48,168,345
10/23/2002,PFN,FL,ASO,ES,Federal Contract Tower,10,40,48,8,106,0,0,2,0,2,10,40,50,8,108,8,0,8,116
10/24/2002,PFN,FL,ASO,ES,Federal Contract Tower,10,43,33,10,96,0,0,1,0,1,10,43,34,10,97,0,4,4,101
10/25/2002,PFN,FL,ASO,ES,Federal Contract Tower,9,41,64,7,121,0,0,17,4,21,9,41,81,11,142,92,2,94,236
10/26/2002,PFN,FL,ASO,ES,Federal Contract Tower,10,28,25,1,64,0,0,16,0,16,10,28,41,1,80,20,0,20,100
10/27/2002,PFN,FL,ASO,ES,Federal Contract Tower,7,21,31,3,62,0,0,36,2,38,7,21,67,5,100,54,0,54,154
10/28/2002,PFN,FL,ASO,ES,Federal Contract Tower,11,34,24,4,73,0,3,32,0,35,11,37,56,4,108,114,6,120,228
10/29/2002,PFN,FL,ASO,ES,Federal Contract Tower,11,40,36,3,90,1,5,5,1,12,12,45,41,4,102,4,14,18,120
10/30/2002,PFN,FL,ASO,ES,Federal Contract Tower,10,38,51,4,103,0,1,87,13,101,10,39,138,17,204,182,54,236,440
10/31/2002,PFN,FL,ASO,ES,Federal Contract Tower,10,40,34,4,88,0,0,49,8,57,10,40,83,12,145,32,32,64,209
11/01/2002,PFN,FL,ASO,ES,Federal Contract Tower,10,45,59,0,114,0,0,82,2,84,10,45,141,2,198,160,14,174,372
11/02/2002,PFN,FL,ASO,ES,Federal Contract Tower,10,19,18,0,47,0,2,75,0,77,10,21,93,0,124,105,4,109,233
11/03/2002,PFN,FL,ASO,ES,Federal Contract Tower,10,18,45,0,73,0,0,41,10,51,10,18,86,10,124,18,0,18,142
11/04/2002,PFN,FL,ASO,ES,Federal Contract Tower,10,35,29,6,80,0,1,19,4,24,10,36,48,10,104,54,42,96,200
11/05/2002,PFN,FL,ASO,ES,Federal Contract Tower,8,35,30,4,77,0,4,9,0,13,8,39,39,4,90,4,20,24,114
11/06/2002,PFN,FL,ASO,ES,Federal Contract Tower,10,41,39,2,92,0,0,45,6,51,10,41,84,8,143,58,0,58,201
11/07/2002,PFN,FL,ASO,ES,Federal Contract Tower,10,45,33,12,100,0,0,62,9,71,10,45,95,21,171,32,62,94,265
11/08/2002,PFN,FL,ASO,ES,Federal Contract Tower,10,42,48,1,101,0,0,80,1,81,10,42,128,2,182,154,14,168,350
11/09/2002,PFN,FL,ASO,ES,Federal Contract Tower,10,23,22,0,55,0,0,61,0,61,10,23,83,0,116,84,0,84,200
11/10/2002,PFN,FL,ASO,ES,Federal Contract Tower,10,23,32,0,65,0,0,36,0,36,10,23,68,0,101,58,0,58,159
11/11/2002,PFN,FL,ASO,ES,Federal Contract Tower,9,28,18,1,56,0,1,6,0,7,9,29,24,1,63,6,0,6,69
11/12/2002,PFN,FL,ASO,ES,Federal Contract Tower,8,38,35,0,81,0,4,15,3,22,8,42,50,3,103,44,24,68,171
11/13/2002,PFN,FL,ASO,ES,Federal Contract Tower,10,33,37,0,80,0,0,46,2,48,10,33,83,2,128,114,2,116,244
11/14/2002,PFN,FL,ASO,ES,Federal Contract Tower,10,35,42,3,90,0,0,39,11,50,10,35,81,14,140,166,34,200,340
11/15/2002,PFN,FL,ASO,ES,Federal Contract Tower,10,42,38,4,94,0,0,56,1,57,10,42,94,5,151,116,14,130,281
11/16/2002,PFN,FL,ASO,ES,Federal Contract Tower,10,21,15,0,46,0,0,8,0,8,10,21,23,0,54,0,0,0,54
11/17/2002,PFN,FL,ASO,ES,Federal Contract Tower,10,16,27,0,53,0,0,36,3,39,10,16,63,3,92,20,0,20,112
11/18/2002,PFN,FL,ASO,ES,Federal Contract Tower,10,33,27,4,74,0,0,70,3,73,10,33,97,7,147,126,10,136,283
11/19/2002,PFN,FL,ASO,ES,Federal Contract Tower,10,37,30,8,85,0,0,61,4,65,10,37,91,12,150,70,36,106,256
11/20/2002,PFN,FL,ASO,ES,Federal Contract Tower,6,45,49,6,106,0,0,43,5,48,6,45,92,11,154,158,24,182,336
11/21/2002,PFN,FL,ASO,ES,Federal Contract Tower,7,44,31,8,90,0,0,46,1,47,7,44,77,9,137,148,18,166,303
11/22/2002,PFN,FL,ASO,ES,Federal Contract Tower,8,46,27,8,89,0,0,52,0,52,8,46,79,8,141,50,14,64,205
11/23/2002,PFN,FL,ASO,ES,Federal Contract Tower,10,21,32,1,64,0,0,64,1,65,10,21,96,2,129,134,0,134,263
11/24/2002,PFN,FL,ASO,ES,Federal Contract Tower,10,21,26,2,59,0,0,67,0,67,10,21,93,2,126,86,2,88,214
11/25/2002,PFN,FL,ASO,ES,Federal Contract Tower,10,34,32,2,78,0,5,60,0,65,10,39,92,2,143,164,28,192,335
11/26/2002,PFN,FL,ASO,ES,Federal Contract Tower,8,45,41,7,101,0,0,50,0,50,8,45,91,7,151,92,24,116,267
11/27/2002,PFN,FL,ASO,ES,Federal Contract Tower,10,43,37,4,94,0,1,31,0,32,10,44,68,4,126,58,6,64,190
11/28/2002,PFN,FL,ASO,ES,Federal Contract Tower,8,14,15,0,37,0,0,39,0,39,8,14,54,0,76,18,0,18,94
11/29/2002,PFN,FL,ASO,ES,Federal Contract Tower,9,33,8,3,53,0,3,67,2,72,9,36,75,5,125,158,6,164,289
11/30/2002,PFN,FL,ASO,ES,Federal Contract Tower,10,23,19,0,52,0,0,31,0,31,10,23,50,0,83,14,0,14,97
12/01/2002,PFN,FL,ASO,ES,Federal Contract Tower,10,14,29,0,53,0,0,48,4,52,10,14,77,4,105,10,0,10,115
12/02/2002,PFN,FL,ASO,ES,Federal Contract Tower,10,31,13,4,58,0,0,49,8,57,10,31,62,12,115,76,16,92,207
12/03/2002,PFN,FL,ASO,ES,Federal Contract Tower,10,41,20,3,74,0,2,47,4,53,10,43,67,7,127,54,4,58,185
12/04/2002,PFN,FL,ASO,ES,Federal Contract Tower,10,41,15,9,75,0,2,35,0,37,10,43,50,9,112,64,32,96,208
12/05/2002,PFN,FL,ASO,ES,Federal Contract Tower,11,35,29,3,78,1,0,2,0,3,12,35,31,3,81,22,10,32,113
12/06/2002,PFN,FL,ASO,ES,Federal Contract Tower,10,37,29,7,83,0,1,45,11,57,10,38,74,18,140,34,28,62,202
12/07/2002,PFN,FL,ASO,ES,Federal Contract Tower,11,22,17,1,51,0,0,61,3,64,11,22,78,4,115,94,0,94,209
12/08/2002,PFN,FL,ASO,ES,Federal Contract Tower,10,18,11,0,39,0,0,55,1,56,10,18,66,1,95,62,0,62,157
12/09/2002,PFN,FL,ASO,ES,Federal Contract Tower,10,32,46,3,91,0,0,9,1,10,10,32,55,4,101,34,0,34,135
12/10/2002,PFN,FL,ASO,ES,Federal Contract Tower,10,45,26,4,85,0,0,4,0,4,10,45,30,4,89,4,10,14,103
12/11/2002,PFN,FL,ASO,ES,Federal Contract Tower,10,32,48,1,91,0,0,32,2,34,10,32,80,3,125,74,2,76,201
12/12/2002,PFN,FL,ASO,ES,Federal Contract Tower,11,39,49,10,109,0,2,26,32,60,11,41,75,42,169,80,38,118,287
12/13/2002,PFN,FL,ASO,ES,Federal Contract Tower,8,33,15,2,58,0,2,10,0,12,8,35,25,2,70,2,4,6,76
12/14/2002,PFN,FL,ASO,ES,Federal Contract Tower,10,23,18,0,51,0,4,46,4,54,10,27,64,4,105,64,0,64,169
12/15/2002,PFN,FL,ASO,ES,Federal Contract Tower,10,15,21,0,46,0,0,75,3,78,10,15,96,3,124,74,0,74,198
12/16/2002,PFN,FL,ASO,ES,Federal Contract Tower,10,30,28,5,73,0,1,50,0,51,10,31,78,5,124,116,8,124,248
12/17/2002,PFN,FL,ASO,ES,Federal Contract Tower,8,39,33,6,86,0,0,47,6,53,8,39,80,12,139,118,6,124,263
12/18/2002,PFN,FL,ASO,ES,Federal Contract Tower,10,51,50,8,119,0,2,50,5,57,10,53,100,13,176,112,14,126,302
12/19/2002,PFN,FL,ASO,ES,Federal Contract Tower,10,44,31,3,88,0,1,19,0,20,10,45,50,3,108,24,4,28,136
12/20/2002,PFN,FL,ASO,ES,Federal Contract Tower,10,47,48,2,107,0,0,27,1,28,10,47,75,3,135,8,0,8,143
12/21/2002,PFN,FL,ASO,ES,Federal Contract Tower,10,25,35,2,72,0,3,72,1,76,10,28,107,3,148,114,0,114,262
12/22/2002,PFN,FL,ASO,ES,Federal Contract Tower,10,19,24,0,53,0,0,55,0,55,10,19,79,0,108,58,0,58,166
12/23/2002,PFN,FL,ASO,ES,Federal Contract Tower,10,35,40,3,88,0,6,40,5,51,10,41,80,8,139,48,0,48,187
12/24/2002,PFN,FL,ASO,ES,Federal Contract Tower,8,39,10,0,57,0,0,4,0,4,8,39,14,0,61,0,0,0,61
12/25/2002,PFN,FL,ASO,ES,Federal Contract Tower,8,14,7,0,29,0,0,24,0,24,8,14,31,0,53,2,0,2,55
12/26/2002,PFN,FL,ASO,ES,Federal Contract Tower,10,30,41,2,83,0,0,54,1,55,10,30,95,3,138,56,0,56,194
12/27/2002,PFN,FL,ASO,ES,Federal Contract Tower,10,35,39,5,89,0,0,46,5,51,10,35,85,10,140,40,6,46,186
12/28/2002,PFN,FL,ASO,ES,Federal Contract Tower,10,27,29,0,66,0,0,93,0,93,10,27,122,0,159,108,0,108,267
12/29/2002,PFN,FL,ASO,ES,Federal Contract Tower,10,16,22,2,50,0,0,58,1,59,10,16,80,3,109,32,8,40,149
12/30/2002,PFN,FL,ASO,ES,Federal Contract Tower,10,33,37,7,87,0,2,31,4,37,10,35,68,11,124,50,0,50,174
12/31/2002,PFN,FL,ASO,ES,Federal Contract Tower,9,35,16,0,60,0,2,3,0,5,9,37,19,0,65,0,0,0,65
01/01/2003,PFN,FL,ASO,ES,Federal Contract Tower,9,22,27,0,58,0,0,3,3,6,9,22,30,3,64,4,0,4,68
01/02/2003,PFN,FL,ASO,ES,Federal Contract Tower,11,39,50,1,101,0,0,22,3,25,11,39,72,4,126,60,4,64,190
01/03/2003,PFN,FL,ASO,ES,Federal Contract Tower,13,42,23,2,80,0,1,31,0,32,13,43,54,2,112,66,4,70,182
01/04/2003,PFN,FL,ASO,ES,Federal Contract Tower,12,25,16,0,53,0,0,73,0,73,12,25,89,0,126,96,0,96,222
01/05/2003,PFN,FL,ASO,ES,Federal Contract Tower,12,21,23,0,56,0,0,83,0,83,12,21,106,0,139,126,0,126,265
01/06/2003,PFN,FL,ASO,ES,Federal Contract Tower,12,38,13,5,68,0,1,36,8,45,12,39,49,13,113,96,6,102,215
01/07/2003,PFN,FL,ASO,ES,Federal Contract Tower,12,35,22,6,75,0,3,57,2,62,12,38,79,8,137,62,4,66,203
01/08/2003,PFN,FL,ASO,ES,Federal Contract Tower,11,34,26,6,77,0,0,58,10,68,11,34,84,16,145,66,16,82,227
01/09/2003,PFN,FL,ASO,ES,Federal Contract Tower,11,33,28,6,78,0,0,57,4,61,11,33,85,10,139,76,18,94,233
01/10/2003,PFN,FL,ASO,ES,Federal Contract Tower,12,31,46,17,106,0,0,24,6,30,12,31,70,23,136,26,10,36,172
01/11/2003,PFN,FL,ASO,ES,Federal Contract Tower,12,31,19,0,62,0,0,72,7,79,12,31,91,7,141,50,22,72,213
01/12/2003,PFN,FL,ASO,ES,Federal Contract Tower,12,28,31,2,73,0,0,20,0,20,12,28,51,2,93,68,0,68,161
01/13/2003,PFN,FL,ASO,ES,Federal Contract Tower,14,31,21,6,72,0,4,35,3,42,14,35,56,9,114,64,4,68,182
01/14/2003,PFN,FL,ASO,ES,Federal Contract Tower,12,38,30,15,95,0,2,56,0,58,12,40,86,15,153,106,18,124,277
01/15/2003,PFN,FL,ASO,ES,Federal Contract Tower,12,44,33,8,97,0,0,99,4,103,12,44,132,12,200,154,28,182,382
01/16/2003,PFN,FL,ASO,ES,Federal Contract Tower,12,38,39,5,94,0,0,24,2,26,12,38,63,7,120,20,14,34,154
01/17/2003,PFN,FL,ASO,ES,Federal Contract Tower,12,37,30,0,79,0,2,41,0,43,12,39,71,0,122,16,16,32,154
01/18/2003,PFN,FL,ASO,ES,Federal Contract Tower,12,28,23,4,67,0,0,61,0,61,12,28,84,4,128,126,2,128,256
01/19/2003,PFN,FL,ASO,ES,Federal Contract Tower,12,16,22,4,54,0,0,59,0,59,12,16,81,4,113,92,0,92,205
01/20/2003,PFN,FL,ASO,ES,Federal Contract Tower,12,25,33,1,71,0,0,80,3,83,12,25,113,4,154,70,0,70,224
01/21/2003,PFN,FL,ASO,ES,Federal Contract Tower,13,38,32,14,97,0,0,39,4,43,13,38,71,18,140,110,68,178,318
01/22/2003,PFN,FL,ASO,ES,Federal Contract Tower,12,44,38,4,98,0,0,17,0,17,12,44,55,4,115,20,24,44,159
01/23/2003,PFN,FL,ASO,ES,Federal Contract Tower,14,42,30,4,90,0,3,38,7,48,14,45,68,11,138,10,14,24,162
01/24/2003,PFN,FL,ASO,ES,Federal Contract Tower,12,44,28,5,89,0,0,48,7,55,12,44,76,12,144,44,42,86,230
01/25/2003,PFN,FL,ASO,ES,Federal Contract Tower,12,25,15,3,55,0,1,86,0,87,12,26,101,3,142,72,4,76,218
01/26/2003,PFN,FL,ASO,ES,Federal Contract Tower,12,15,16,3,46,0,0,66,7,73,12,15,82,10,119,60,2,62,181
01/27/2003,PFN,FL,ASO,ES,Federal Contract Tower,12,35,33,10,90,0,3,32,7,42,12,38,65,17,132,100,36,136,268
01/28/2003,PFN,FL,ASO,ES,Federal Contract Tower,10,41,36,1,88,0,2,69,14,85,10,43,105,15,173,136,38,174,347
01/29/2003,PFN,FL,ASO,ES,Federal Contract Tower,12,36,33,10,91,0,1,40,16,57,12,37,73,26,148,78,26,104,252
01/30/2003,PFN,FL,ASO,ES,Federal Contract Tower,10,41,42,14,107,0,0,36,1,37,10,41,78,15,144,64,38,102,246
01/31/2003,PFN,FL,ASO,ES,Federal Contract Tower,13,39,41,6,99,0,1,20,0,21,13,40,61,6,120,38,10,48,168
02/01/2003,PFN,FL,ASO,ES,Federal Contract Tower,12,28,23,0,63,0,0,77,0,77,12,28,100,0,140,102,26,128,268
02/02/2003,PFN,FL,ASO,ES,Federal Contract Tower,12,23,21,1,57,0,1,54,1,56,12,24,75,2,113,92,0,92,205
02/03/2003,PFN,FL,ASO,ES,Federal Contract Tower,12,33,32,6,83,0,0,21,2,23,12,33,53,8,106,90,6,96,202
02/04/2003,PFN,FL,ASO,ES,Federal Contract Tower,12,42,26,7,87,0,2,61,1,64,12,44,87,8,151,160,12,172,323
02/05/2003,PFN,FL,ASO,ES,Federal Contract Tower,12,37,27,4,80,0,2,67,12,81,12,39,94,16,161,164,38,202,363
02/06/2003,PFN,FL,ASO,ES,Federal Contract Tower,14,37,31,4,86,0,0,21,0,21,14,37,52,4,107,58,6,64,171
02/07/2003,PFN,FL,ASO,ES,Federal Contract Tower,13,42,30,5,90,0,0,9,33,42,13,42,39,38,132,28,10,38,170
02/08/2003,PFN,FL,ASO,ES,Federal Contract Tower,12,32,19,1,64,0,2,55,7,64,12,34,74,8,128,98,2,100,228
02/09/2003,PFN,FL,ASO,ES,Federal Contract Tower,14,28,24,5,71,0,3,16,0,19,14,31,40,5,90,18,0,18,108
02/10/2003,PFN,FL,ASO,ES,Federal Contract Tower,14,36,22,2,74,0,1,65,0,66,14,37,87,2,140,54,4,58,198
02/11/2003,PFN,FL,ASO,ES,Federal Contract Tower,14,36,33,0,83,0,2,87,2,91,14,38,120,2,174,132,8,140,314
02/12/2003,PFN,FL,ASO,ES,Federal Contract Tower,14,35,41,1,91,0,2,64,0,66,14,37,105,1,157,202,0,202,359
02/13/2003,PFN,FL,ASO,ES,Federal Contract Tower,12,40,61,7,120,0,0,83,0,83,12,40,144,7,203,150,38,188,391
02/14/2003,PFN,FL,ASO,ES,Federal Contract Tower,12,42,35,9,98,0,3,58,0,61,12,45,93,9,159,108,15,123,282
02/15/2003,PFN,FL,ASO,ES,Federal Contract Tower,14,26,29,1,70,0,2,36,1,39,14,28,65,2,109,56,2,58,167
02/16/2003,PFN,FL,ASO,ES,Federal Contract Tower,14,24,17,0,55,0,0,1,0,1,14,24,18,0,56,0,0,0,56
02/17/2003,PFN,FL,ASO,ES,Federal Contract Tower,14,27,37,0,78,0,0,31,0,31,14,27,68,0,109,102,0,102,211
02/18/2003,PFN,FL,ASO,ES,Federal Contract Tower,14,45,54,13,126,0,0,57,21,78,14,45,111,34,204,94,116,210,414
02/19/2003,PFN,FL,ASO,ES,Federal Contract Tower,14,33,54,6,107,0,3,95,11,109,14,36,149,17,216,228,34,262,478
02/20/2003,PFN,FL,ASO,ES,Federal Contract Tower,14,39,36,13,102,0,0,70,11,81,14,39,106,24,183,144,48,192,375
02/21/2003,PFN,FL,ASO,ES,Federal Contract Tower,12,31,36,9,88,0,0,22,7,29,12,31,58,16,117,36,80,116,233
02/22/2003,PFN,FL,ASO,ES,Federal Contract Tower,14,38,26,0,78,0,0,4,4,8,14,38,30,4,86,14,0,14,100
02/23/2003,PFN,FL,ASO,ES,Federal Contract Tower,12,21,26,1,60,0,0,69,1,70,12,21,95,2,130,104,0,104,234
02/24/2003,PFN,FL,ASO,ES,Federal Contract Tower,15,33,29,2,79,0,1,44,0,45,15,34,73,2,124,92,8,100,224
02/25/2003,PFN,FL,ASO,ES,Federal Contract Tower,14,33,32,7,86,0,0,49,1,50,14,33,81,8,136,96,8,104,240
02/26/2003,PFN,FL,ASO,ES,Federal Contract Tower,14,40,38,5,97,0,0,25,2,27,14,40,63,7,124,96,18,114,238
02/27/2003,PFN,FL,ASO,ES,Federal Contract Tower,16,46,48,15,125,0,0,16,0,16,16,46,64,15,141,28,28,56,197
02/28/2003,PFN,FL,ASO,ES,Federal Contract Tower,13,46,53,23,135,0,0,0,0,0,13,46,53,23,135,20,8,28,163
03/01/2003,PFN,FL,ASO,ES,Federal Contract Tower,12,31,13,0,56,0,0,0,0,0,12,31,13,0,56,0,0,0,56
03/02/2003,PFN,FL,ASO,ES,Federal Contract Tower,13,28,33,7,81,0,0,65,0,65,13,28,98,7,146,90,4,94,240
03/03/2003,PFN,FL,ASO,ES,Federal Contract Tower,14,30,29,4,77,0,0,8,4,12,14,30,37,8,89,4,0,4,93
03/04/2003,PFN,FL,ASO,ES,Federal Contract Tower,14,36,52,5,107,0,0,4,0,4,14,36,56,5,111,8,18,26,137
03/05/2003,PFN,FL,ASO,ES,Federal Contract Tower,12,46,55,7,120,0,0,9,0,9,12,46,64,7,129,6,38,44,173
03/06/2003,PFN,FL,ASO,ES,Federal Contract Tower,13,41,35,1,90,0,0,2,0,2,13,41,37,1,92,2,0,2,94
03/07/2003,PFN,FL,ASO,ES,Federal Contract Tower,14,36,48,10,108,0,0,27,1,28,14,36,75,11,136,38,18,56,192
03/08/2003,PFN,FL,ASO,ES,Federal Contract Tower,12,42,45,0,99,0,1,4,0,5,12,43,49,0,104,16,0,16,120
03/09/2003,PFN,FL,ASO,ES,Federal Contract Tower,13,25,38,0,76,0,0,20,0,20,13,25,58,0,96,16,0,16,112
03/10/2003,PFN,FL,ASO,ES,Federal Contract Tower,11,34,31,10,86,0,1,64,3,68,11,35,95,13,154,102,28,130,284
03/11/2003,PFN,FL,ASO,ES,Federal Contract Tower,14,52,30,7,103,0,9,104,13,126,14,61,134,20,229,248,24,272,501
03/12/2003,PFN,FL,ASO,ES,Federal Contract Tower,13,48,44,10,115,0,7,100,21,128,13,55,144,31,243,170,64,234,477
03/13/2003,PFN,FL,ASO,ES,Federal Contract Tower,17,41,54,2,114,0,0,72,0,72,17,41,126,2,186,72,0,72,258
03/14/2003,PFN,FL,ASO,ES,Federal Contract Tower,14,47,52,6,119,0,0,44,4,48,14,47,96,10,167,118,8,126,293
03/15/2003,PFN,FL,ASO,ES,Federal Contract Tower,14,44,42,0,100,0,0,61,0,61,14,44,103,0,161,140,0,140,301
03/16/2003,PFN,FL,ASO,ES,Federal Contract Tower,13,32,49,3,97,0,0,25,0,25,13,32,74,3,122,42,4,46,168
03/17/2003,PFN,FL,ASO,ES,Federal Contract Tower,12,37,23,0,72,0,0,10,0,10,12,37,33,0,82,16,16,32,114
03/18/2003,PFN,FL,ASO,ES,Federal Contract Tower,12,41,49,18,120,0,0,91,29,120,12,41,140,47,240,224,112,336,576
03/19/2003,PFN,FL,ASO,ES,Federal Contract Tower,13,42,52,4,111,0,0,35,7,42,13,42,87,11,153,66,32,98,251
03/20/2003,PFN,FL,ASO,ES,Federal Contract Tower,16,39,50,2,107,0,0,43,6,49,16,39,93,8,156,70,10,80,236
03/21/2003,PFN,FL,ASO,ES,Federal Contract Tower,15,40,46,10,111,0,1,86,10,97,15,41,132,20,208,82,50,132,340
03/22/2003,PFN,FL,ASO,ES,Federal Contract Tower,17,38,53,1,109,0,0,87,2,89,17,38,140,3,198,130,0,130,328
03/23/2003,PFN,FL,ASO,ES,Federal Contract Tower,16,26,42,0,84,0,0,68,0,68,16,26,110,0,152,58,0,58,210
03/24/2003,PFN,FL,ASO,ES,Federal Contract Tower,12,36,37,10,95,0,2,79,0,81,12,38,116,10,176,92,40,132,308
03/25/2003,PFN,FL,ASO,ES,Federal Contract Tower,12,43,44,1,100,0,2,85,5,92,12,45,129,6,192,126,22,148,340
03/26/2003,PFN,FL,ASO,ES,Federal Contract Tower,12,45,53,8,118,0,2,79,9,90,12,47,132,17,208,144,76,220,428
03/27/2003,PFN,FL,ASO,ES,Federal Contract Tower,14,44,34,7,99,0,1,44,8,53,14,45,78,15,152,52,24,76,228
03/28/2003,PFN,FL,ASO,ES,Federal Contract Tower,14,36,62,8,120,0,0,71,0,71,14,36,133,8,191,136,0,136,327
03/29/2003,PFN,FL,ASO,ES,Federal Contract Tower,15,42,38,0,95,1,0,29,0,30,16,42,67,0,125,96,0,96,221
03/30/2003,PFN,FL,ASO,ES,Federal Contract Tower,14,30,42,0,86,0,0,46,0,46,14,30,88,0,132,24,0,24,156
03/31/2003,PFN,FL,ASO,ES,Federal Contract Tower,12,32,25,10,79,0,1,63,12,76,12,33,88,22,155,38,20,58,213
04/01/2003,PFN,FL,ASO,ES,Federal Contract Tower,12,39,34,0,85,0,0,97,7,104,12,39,131,7,189,122,14,136,325
04/02/2003,PFN,FL,ASO,ES,Federal Contract Tower,13,42,49,12,116,0,0,83,2,85,13,42,132,14,201,84,44,128,329
04/03/2003,PFN,FL,ASO,ES,Federal Contract Tower,15,40,57,16,128,0,3,82,0,85,15,43,139,16,213,62,46,108,321
04/04/2003,PFN,FL,ASO,ES,Federal Contract Tower,14,40,58,12,124,0,0,65,7,72,14,40,123,19,196,24,22,46,242
04/05/2003,PFN,FL,ASO,ES,Federal Contract Tower,13,39,57,0,109,0,0,34,3,37,13,39,91,3,146,42,2,44,190
04/06/2003,PFN,FL,ASO,ES,Federal Contract Tower,11,29,53,5,98,0,0,64,0,64,11,29,117,5,162,98,0,98,260
04/07/2003,PFN,FL,ASO,ES,Federal Contract Tower,12,31,50,1,94,0,0,3,0,3,12,31,53,1,97,0,22,22,119
04/08/2003,PFN,FL,ASO,ES,Federal Contract Tower,11,34,33,0,78,2,8,0,0,10,13,42,33,0,88,0,0,0,88
04/09/2003,PFN,FL,ASO,ES,Federal Contract Tower,8,46,51,4,109,0,0,10,6,16,8,46,61,10,125,22,14,36,161
04/10/2003,PFN,FL,ASO,ES,Federal Contract Tower,13,47,63,6,129,0,0,58,15,73,13,47,121,21,202,80,38,118,320
04/11/2003,PFN,FL,ASO,ES,Federal Contract Tower,12,39,61,6,118,0,1,83,3,87,12,40,144,9,205,68,20,88,293
04/12/2003,PFN,FL,ASO,ES,Federal Contract Tower,12,27,34,1,74,0,0,90,2,92,12,27,124,3,166,112,0,112,278
04/13/2003,PFN,FL,ASO,ES,Federal Contract Tower,11,27,45,1,84,0,0,84,0,84,11,27,129,1,168,78,2,80,248
04/14/2003,PFN,FL,ASO,ES,Federal Contract Tower,12,32,28,3,75,0,0,60,11,71,12,32,88,14,146,80,40,120,266
04/15/2003,PFN,FL,ASO,ES,Federal Contract Tower,12,41,33,6,92,0,4,63,2,69,12,45,96,8,161,62,4,66,227
04/16/2003,PFN,FL,ASO,ES,Federal Contract Tower,12,38,27,6,83,0,4,67,18,89,12,42,94,24,172,126,60,186,358
04/17/2003,PFN,FL,ASO,ES,Federal Contract Tower,12,44,46,4,106,0,1,35,0,36,12,45,81,4,142,124,10,134,276
04/18/2003,PFN,FL,ASO,ES,Federal Contract Tower,12,35,42,6,95,0,0,50,11,61,12,35,92,17,156,88,2,90,246
04/19/2003,PFN,FL,ASO,ES,Federal Contract Tower,12,29,20,0,61,0,0,67,0,67,12,29,87,0,128,74,0,74,202
04/20/2003,PFN,FL,ASO,ES,Federal Contract Tower,12,28,31,0,71,0,0,45,0,45,12,28,76,0,116,52,0,52,168
04/21/2003,PFN,FL,ASO,ES,Federal Contract Tower,13,39,36,11,99,0,0,12,1,13,13,39,48,12,112,12,22,34,146
04/22/2003,PFN,FL,ASO,ES,Federal Contract Tower,12,41,45,0,98,0,0,94,12,106,12,41,139,12,204,156,24,180,384
04/23/2003,PFN,FL,ASO,ES,Federal Contract Tower,13,39,37,12,101,0,9,65,7,81,13,48,102,19,182,96,54,150,332
04/24/2003,PFN,FL,ASO,ES,Federal Contract Tower,13,44,63,3,123,0,0,51,3,54,13,44,114,6,177,16,6,22,199
04/25/2003,PFN,FL,ASO,ES,Federal Contract Tower,12,34,46,2,94,0,2,10,10,22,12,36,56,12,116,0,22,22,138
04/26/2003,PFN,FL,ASO,ES,Federal Contract Tower,12,39,40,0,91,0,0,74,2,76,12,39,114,2,167,34,0,34,201
04/27/2003,PFN,FL,ASO,ES,Federal Contract Tower,12,26,51,1,90,0,0,79,1,80,12,26,130,2,170,52,0,52,222
04/28/2003,PFN,FL,ASO,ES,Federal Contract Tower,12,30,34,11,87,0,0,82,12,94,12,30,116,23,181,104,28,132,313
04/29/2003,PFN,FL,ASO,ES,Federal Contract Tower,12,41,50,9,112,0,0,112,8,120,12,41,162,17,232,74,34,108,340
04/30/2003,PFN,FL,ASO,ES,Federal Contract Tower,12,44,43,9,108,0,0,83,0,83,12,44,126,9,191,66,30,96,287
05/01/2003,PFN,FL,ASO,ES,Federal Contract Tower,9,43,58,3,113,1,0,95,3,99,10,43,153,6,212,62,8,70,282
05/02/2003,PFN,FL,ASO,ES,Federal Contract Tower,10,36,39,5,90,1,3,86,1,91,11,39,125,6,181,122,2,124,305
05/03/2003,PFN,FL,ASO,ES,Federal Contract Tower,11,33,34,4,82,1,0,49,4,54,12,33,83,8,136,20,10,30,166
05/04/2003,PFN,FL,ASO,ES,Federal Contract Tower,11,24,47,0,82,1,0,70,1,72,12,24,117,1,154,116,10,126,280
05/05/2003,PFN,FL,ASO,ES,Federal Contract Tower,10,33,41,9,93,1,0,25,9,35,11,33,66,18,128,34,34,68,196
05/06/2003,PFN,FL,ASO,ES,Federal Contract Tower,9,38,48,12,107,0,1,40,2,43,9,39,88,14,150,6,8,14,164
05/07/2003,PFN,FL,ASO,ES,Federal Contract Tower,12,35,47,0,94,0,1,32,0,33,12,36,79,0,127,36,0,36,163
05/08/2003,PFN,FL,ASO,ES,Federal Contract Tower,12,38,54,2,106,0,3,46,0,49,12,41,100,2,155,62,10,72,227
05/09/2003,PFN,FL,ASO,ES,Federal Contract Tower,12,39,68,5,124,0,1,55,6,62,12,40,123,11,186,136,10,146,332
05/10/2003,PFN,FL,ASO,ES,Federal Contract Tower,12,29,29,0,70,2,0,41,2,45,14,29,70,2,115,76,2,78,193
05/11/2003,PFN,FL,ASO,ES,Federal Contract Tower,12,21,40,2,75,0,1,24,0,25,12,22,64,2,100,10,0,10,110
05/12/2003,PFN,FL,ASO,ES,Federal Contract Tower,12,32,41,3,88,0,1,53,13,67,12,33,94,16,155,46,26,72,227
05/13/2003,PFN,FL,ASO,ES,Federal Contract Tower,12,37,41,7,97,0,1,77,16,94,12,38,118,23,191,94,50,144,335
05/14/2003,PFN,FL,ASO,ES,Federal Contract Tower,12,38,34,1,85,0,1,75,4,80,12,39,109,5,165,120,2,122,287
05/15/2003,PFN,FL,ASO,ES,Federal Contract Tower,11,33,49,3,96,0,1,20,4,25,11,34,69,7,121,38,28,66,187
05/16/2003,PFN,FL,ASO,ES,Federal Contract Tower,12,34,77,6,129,0,1,45,0,46,12,35,122,6,175,72,20,92,267
05/17/2003,PFN,FL,ASO,ES,Federal Contract Tower,11,29,33,1,74,0,1,59,1,61,11,30,92,2,135,36,14,50,185
05/18/2003,PFN,FL,ASO,ES,Federal Contract Tower,8,24,33,0,65,0,1,21,0,22,8,25,54,0,87,20,0,20,107
05/19/2003,PFN,FL,ASO,ES,Federal Contract Tower,13,37,30,0,80,0,2,20,15,37,13,39,50,15,117,4,38,42,159
05/20/2003,PFN,FL,ASO,ES,Federal Contract Tower,12,33,36,5,86,0,4,33,9,46,12,37,69,14,132,8,6,14,146
05/21/2003,PFN,FL,ASO,ES,Federal Contract Tower,12,33,40,1,86,0,1,22,1,24,12,34,62,2,110,50,0,50,160
05/22/2003,PFN,FL,ASO,ES,Federal Contract Tower,12,32,42,0,86,0,1,0,0,1,12,33,42,0,87,0,28,28,115
05/23/2003,PFN,FL,ASO,ES,Federal Contract Tower,12,35,85,2,134,0,1,51,0,52,12,36,136,2,186,44,4,48,234
05/24/2003,PFN,FL,ASO,ES,Federal Contract Tower,12,29,31,0,72,0,0,103,0,103,12,29,134,0,175,74,0,74,249
05/25/2003,PFN,FL,ASO,ES,Federal Contract Tower,12,17,16,2,47,0,1,59,0,60,12,18,75,2,107,84,0,84,191
05/26/2003,PFN,FL,ASO,ES,Federal Contract Tower,11,15,46,2,74,1,0,73,0,74,12,15,119,2,148,20,4,24,172
05/27/2003,PFN,FL,ASO,ES,Federal Contract Tower,12,31,68,12,123,0,2,53,22,77,12,33,121,34,200,32,70,102,302
05/28/2003,PFN,FL,ASO,ES,Federal Contract Tower,12,32,54,2,100,0,2,70,0,72,12,34,124,2,172,126,18,144,316
05/29/2003,PFN,FL,ASO,ES,Federal Contract Tower,12,42,70,5,129,0,0,79,2,81,12,42,149,7,210,112,22,134,344
05/30/2003,PFN,FL,ASO,ES,Federal Contract Tower,12,43,59,5,119,0,4,100,4,108,12,47,159,9,227,136,26,162,389
05/31/2003,PFN,FL,ASO,ES,Federal Contract Tower,12,34,21,0,67,2,6,47,0,55,14,40,68,0,122,24,0,24,146
06/01/2003,PFN,FL,ASO,ES,Federal Contract Tower,11,29,57,1,98,0,0,141,10,151,11,29,198,11,249,16,0,16,265
06/02/2003,PFN,FL,ASO,ES,Federal Contract Tower,12,28,47,21,108,0,0,55,6,61,12,28,102,27,169,26,30,56,225
06/03/2003,PFN,FL,ASO,ES,Federal Contract Tower,12,31,45,2,90,0,0,15,9,24,12,31,60,11,114,2,42,44,158
06/04/2003,PFN,FL,ASO,ES,Federal Contract Tower,12,33,39,11,95,0,1,67,6,74,12,34,106,17,169,68,82,150,319
06/05/2003,PFN,FL,ASO,ES,Federal Contract Tower,12,47,65,9,133,1,7,30,11,49,13,54,95,20,182,60,68,128,310
06/06/2003,PFN,FL,ASO,ES,Federal Contract Tower,12,36,32,1,81,0,0,4,6,10,12,36,36,7,91,0,4,4,95
06/07/2003,PFN,FL,ASO,ES,Federal Contract Tower,12,36,19,0,67,0,0,6,0,6,12,36,25,0,73,2,0,2,75
06/08/2003,PFN,FL,ASO,ES,Federal Contract Tower,12,26,42,0,80,0,0,19,0,19,12,26,61,0,99,20,0,20,119
06/09/2003,PFN,FL,ASO,ES,Federal Contract Tower,12,25,46,2,85,0,5,39,0,44,12,30,85,2,129,68,28,96,225
06/10/2003,PFN,FL,ASO,ES,Federal Contract Tower,11,34,40,9,94,0,0,47,9,56,11,34,87,18,150,166,32,198,348
06/11/2003,PFN,FL,ASO,ES,Federal Contract Tower,12,37,44,7,100,0,1,34,2,37,12,38,78,9,137,44,22,66,203
06/12/2003,PFN,FL,ASO,ES,Federal Contract Tower,13,32,61,5,111,0,0,43,0,43,13,32,104,5,154,44,14,58,212
06/13/2003,PFN,FL,ASO,ES,Federal Contract Tower,12,41,54,2,109,0,0,40,2,42,12,41,94,4,151,64,0,64,215
06/14/2003,PFN,FL,ASO,ES,Federal Contract Tower,9,32,43,0,84,0,0,26,2,28,9,32,69,2,112,78,0,78,190
06/15/2003,PFN,FL,ASO,ES,Federal Contract Tower,12,24,40,3,79,0,0,39,2,41,12,24,79,5,120,32,2,34,154
06/16/2003,PFN,FL,ASO,ES,Federal Contract Tower,12,36,45,7,100,0,0,38,0,38,12,36,83,7,138,30,30,60,198
06/17/2003,PFN,FL,ASO,ES,Federal Contract Tower,12,38,57,8,115,0,0,13,0,13,12,38,70,8,128,4,0,4,132
06/18/2003,PFN,FL,ASO,ES,Federal Contract Tower,12,36,44,2,94,0,1,20,0,21,12,37,64,2,115,4,14,18,133
06/19/2003,PFN,FL,ASO,ES,Federal Contract Tower,12,42,48,9,111,0,0,29,14,43,12,42,77,23,154,56,30,86,240
06/20/2003,PFN,FL,ASO,ES,Federal Contract Tower,12,31,46,0,89,0,0,8,0,8,12,31,54,0,97,2,0,2,99
06/21/2003,PFN,FL,ASO,ES,Federal Contract Tower,12,36,28,0,76,0,0,42,4,46,12,36,70,4,122,52,0,52,174
06/22/2003,PFN,FL,ASO,ES,Federal Contract Tower,12,26,50,0,88,0,2,46,0,48,12,28,96,0,136,104,0,104,240
06/23/2003,PFN,FL,ASO,ES,Federal Contract Tower,12,27,36,7,82,0,8,35,8,51,12,35,71,15,133,58,32,90,223
06/24/2003,PFN,FL,ASO,ES,Federal Contract Tower,12,42,63,10,127,0,0,76,3,79,12,42,139,13,206,130,25,155,361
06/25/2003,PFN,FL,ASO,ES,Federal Contract Tower,12,36,30,11,89,0,0,82,13,95,12,36,112,24,184,98,34,132,316
06/26/2003,PFN,FL,ASO,ES,Federal Contract Tower,12,36,53,14,115,0,0,70,9,79,12,36,123,23,194,170,22,192,386
06/27/2003,PFN,FL,ASO,ES,Federal Contract Tower,12,39,57,13,121,0,0,72,3,75,12,39,129,16,196,116,36,152,348
06/28/2003,PFN,FL,ASO,ES,Federal Contract Tower,13,30,44,0,87,1,1,37,2,41,14,31,81,2,128,92,6,98,226
06/29/2003,PFN,FL,ASO,ES,Federal Contract Tower,12,25,36,0,73,0,0,11,6,17,12,25,47,6,90,4,0,4,94
06/30/2003,PFN,FL,ASO,ES,Federal Contract Tower,14,36,35,7,92,0,9,27,11,47,14,45,62,18,139,34,16,50,189
07/01/2003,PFN,FL,ASO,ES,Federal Contract Tower,12,34,22,2,70,0,0,11,0,11,12,34,33,2,81,20,2,22,103
07/02/2003,PFN,FL,ASO,ES,Federal Contract Tower,12,37,45,0,94,0,4,9,0,13,12,41,54,0,107,0,2,2,109
07/03/2003,PFN,FL,ASO,ES,Federal Contract Tower,12,39,68,1,120,0,5,24,1,30,12,44,92,2,150,22,0,22,172
07/04/2003,PFN,FL,ASO,ES,Federal Contract Tower,10,16,15,0,41,0,2,14,2,18,10,18,29,2,59,0,0,0,59
07/05/2003,PFN,FL,ASO,ES,Federal Contract Tower,11,30,38,0,79,0,0,53,2,55,11,30,91,2,134,66,0,66,200
07/06/2003,PFN,FL,ASO,ES,Federal Contract Tower,15,27,55,0,97,0,0,65,1,66,15,27,120,1,163,42,0,42,205
07/07/2003,PFN,FL,ASO,ES,Federal Contract Tower,11,30,29,7,77,0,0,49,15,64,11,30,78,22,141,24,12,36,177
07/08/2003,PFN,FL,ASO,ES,Federal Contract Tower,12,32,62,5,111,0,3,55,0,58,12,35,117,5,169,72,10,82,251
07/09/2003,PFN,FL,ASO,ES,Federal Contract Tower,12,36,56,5,109,0,0,53,4,57,12,36,109,9,166,140,24,164,330
07/10/2003,PFN,FL,ASO,ES,Federal Contract Tower,10,42,69,2,123,0,6,101,4,111,10,48,170,6,234,104,14,118,352
07/11/2003,PFN,FL,ASO,ES,Federal Contract Tower,12,39,74,6,131,0,0,58,4,62,12,39,132,10,193,54,6,60,253
07/12/2003,PFN,FL,ASO,ES,Federal Contract Tower,12,36,50,0,98,0,0,51,2,53,12,36,101,2,151,117,0,117,268
07/13/2003,PFN,FL,ASO,ES,Federal Contract Tower,12,29,70,0,111,0,6,57,0,63,12,35,127,0,174,36,0,36,210
07/14/2003,PFN,FL,ASO,ES,Federal Contract Tower,9,38,47,0,94,0,1,35,0,36,9,39,82,0,130,88,12,100,230
07/15/2003,PFN,FL,ASO,ES,Federal Contract Tower,12,41,55,1,109,0,0,30,1,31,12,41,85,2,140,74,0,74,214
07/16/2003,PFN,FL,ASO,ES,Federal Contract Tower,11,42,51,5,109,0,1,68,6,75,11,43,119,11,184,46,38,84,268
07/17/2003,PFN,FL,ASO,ES,Federal Contract Tower,12,40,47,4,103,0,2,33,0,35,12,42,80,4,138,58,16,74,212
07/18/2003,PFN,FL,ASO,ES,Federal Contract Tower,13,38,51,7,109,0,3,80,0,83,13,41,131,7,192,76,18,94,286
07/19/2003,PFN,FL,ASO,ES,Federal Contract Tower,15,28,42,0,85,4,0,40,0,44,19,28,82,0,129,100,0,100,229
07/20/2003,PFN,FL,ASO,ES,Federal Contract Tower,12,18,37,0,67,0,2,66,0,68,12,20,103,0,135,86,0,86,221
07/21/2003,PFN,FL,ASO,ES,Federal Contract Tower,11,27,42,0,80,0,0,17,0,17,11,27,59,0,97,104,0,104,201
07/22/2003,PFN,FL,ASO,ES,Federal Contract Tower,5,32,43,4,84,0,3,13,2,18,5,35,56,6,102,28,10,38,140
07/23/2003,PFN,FL,ASO,ES,Federal Contract Tower,12,32,47,1,92,0,0,19,0,19,12,32,66,1,111,10,10,20,131
07/24/2003,PFN,FL,ASO,ES,Federal Contract Tower,12,39,58,4,113,0,1,40,10,51,12,40,98,14,164,110,33,143,307
07/25/2003,PFN,FL,ASO,ES,Federal Contract Tower,14,44,53,5,116,0,2,48,3,53,14,46,101,8,169,90,74,164,333
07/26/2003,PFN,FL,ASO,ES,Federal Contract Tower,13,30,48,0,91,0,0,58,3,61,13,30,106,3,152,104,0,104,256
07/27/2003,PFN,FL,ASO,ES,Federal Contract Tower,12,21,48,0,81,0,0,74,0,74,12,21,122,0,155,44,0,44,199
07/28/2003,PFN,FL,ASO,ES,Federal Contract Tower,14,25,42,4,85,0,0,55,10,65,14,25,97,14,150,140,60,200,350
07/29/2003,PFN,FL,ASO,ES,Federal Contract Tower,10,31,31,6,78,0,0,36,8,44,10,31,67,14,122,8,0,8,130
07/30/2003,PFN,FL,ASO,ES,Federal Contract Tower,13,39,65,4,121,0,2,29,0,31,13,41,94,4,152,72,8,80,232
07/31/2003,PFN,FL,ASO,ES,Federal Contract Tower,9,37,59,0,105,0,0,29,5,34,9,37,88,5,139,24,48,72,211
08/01/2003,PFN,FL,ASO,ES,Federal Contract Tower,10,39,39,1,89,0,0,31,6,37,10,39,70,7,126,46,48,94,220
08/02/2003,PFN,FL,ASO,ES,Federal Contract Tower,13,28,33,0,74,0,2,30,2,34,13,30,63,2,108,52,18,70,178
08/03/2003,PFN,FL,ASO,ES,Federal Contract Tower,12,23,29,2,66,0,0,33,0,33,12,23,62,2,99,54,2,56,155
08/04/2003,PFN,FL,ASO,ES,Federal Contract Tower,12,34,35,0,81,0,0,27,1,28,12,34,62,1,109,42,0,42,151
08/05/2003,PFN,FL,ASO,ES,Federal Contract Tower,12,46,58,5,121,0,0,31,10,41,12,46,89,15,162,122,32,154,316
08/06/2003,PFN,FL,ASO,ES,Federal Contract Tower,12,37,43,0,92,0,0,36,0,36,12,37,79,0,128,102,0,102,230
08/07/2003,PFN,FL,ASO,ES,Federal Contract Tower,8,36,47,2,93,0,0,23,5,28,8,36,70,7,121,4,10,14,135
08/08/2003,PFN,FL,ASO,ES,Federal Contract Tower,12,38,50,4,104,0,3,55,1,59,12,41,105,5,163,120,2,122,285
08/09/2003,PFN,FL,ASO,ES,Federal Contract Tower,10,29,25,0,64,0,0,49,0,49,10,29,74,0,113,120,0,120,233
08/10/2003,PFN,FL,ASO,ES,Federal Contract Tower,12,22,50,0,84,0,0,51,0,51,12,22,101,0,135,24,0,24,159
08/11/2003,PFN,FL,ASO,ES,Federal Contract Tower,12,31,27,2,72,0,0,58,0,58,12,31,85,2,130,94,6,100,230
08/12/2003,PFN,FL,ASO,ES,Federal Contract Tower,12,37,24,0,73,0,0,3,0,3,12,37,27,0,76,2,0,2,78
08/13/2003,PFN,FL,ASO,ES,Federal Contract Tower,12,39,45,4,100,0,0,39,0,39,12,39,84,4,139,76,0,76,215
08/14/2003,PFN,FL,ASO,ES,Federal Contract Tower,12,33,47,3,95,0,1,33,3,37,12,34,80,6,132,64,0,64,196
08/15/2003,PFN,FL,ASO,ES,Federal Contract Tower,12,34,47,10,103,0,0,60,9,69,12,34,107,19,172,84,8,92,264
08/16/2003,PFN,FL,ASO,ES,Federal Contract Tower,12,26,35,3,76,0,0,46,0,46,12,26,81,3,122,100,8,108,230
08/17/2003,PFN,FL,ASO,ES,Federal Contract Tower,12,26,30,9,77,0,0,52,10,62,12,26,82,19,139,14,12,26,165
08/18/2003,PFN,FL,ASO,ES,Federal Contract Tower,12,27,30,4,73,0,0,47,24,71,12,27,77,28,144,23,32,55,199
08/19/2003,PFN,FL,ASO,ES,Federal Contract Tower,10,39,39,11,99,0,1,51,3,55,10,40,90,14,154,128,30,158,312
08/20/2003,PFN,FL,ASO,ES,Federal Contract Tower,12,36,32,8,88,0,0,52,2,54,12,36,84,10,142,68,20,88,230
08/21/2003,PFN,FL,ASO,ES,Federal Contract Tower,11,38,52,10,111,0,0,35,3,38,11,38,87,13,149,82,34,116,265
08/22/2003,PFN,FL,ASO,ES,Federal Contract Tower,12,41,44,2,99,0,2,24,1,27,12,43,68,3,126,24,10,34,160
08/23/2003,PFN,FL,ASO,ES,Federal Contract Tower,11,32,31,0,74,0,0,50,0,50,11,32,81,0,124,130,0,130,254
08/24/2003,PFN,FL,ASO,ES,Federal Contract Tower,12,23,31,3,69,0,1,77,0,78,12,24,108,3,147,150,8,158,305
08/25/2003,PFN,FL,ASO,ES,Federal Contract Tower,12,32,30,18,92,0,3,44,8,55,12,35,74,26,147,66,58,124,271
08/26/2003,PFN,FL,ASO,ES,Federal Contract Tower,12,37,44,1,94,0,1,44,10,55,12,38,88,11,149,104,24,128,277
08/27/2003,PFN,FL,ASO,ES,Federal Contract Tower,12,36,41,8,97,0,0,67,13,80,12,36,108,21,177,106,30,136,313
08/28/2003,PFN,FL,ASO,ES,Federal Contract Tower,12,34,54,3,103,0,2,36,12,50,12,36,90,15,153,110,18,128,281
08/29/2003,PFN,FL,ASO,ES,Federal Contract Tower,12,37,65,1,115,0,0,44,1,45,12,37,109,2,160,56,0,56,216
08/30/2003,PFN,FL,ASO,ES,Federal Contract Tower,10,33,43,0,86,0,0,40,2,42,10,33,83,2,128,114,16,130,258
08/31/2003,PFN,FL,ASO,ES,Federal Contract Tower,8,18,32,0,58,0,0,39,4,43,8,18,71,4,101,46,14,60,161
09/01/2003,PFN,FL,ASO,ES,Federal Contract Tower,10,20,60,0,90,0,1,22,2,25,10,21,82,2,115,28,0,28,143
09/02/2003,PFN,FL,ASO,ES,Federal Contract Tower,11,32,35,6,84,0,1,57,3,61,11,33,92,9,145,66,10,76,221
09/03/2003,PFN,FL,ASO,ES,Federal Contract Tower,12,35,42,2,91,0,1,34,7,42,12,36,76,9,133,54,30,84,217
09/04/2003,PFN,FL,ASO,ES,Federal Contract Tower,11,42,53,10,116,0,5,33,0,38,11,47,86,10,154,86,36,122,276
09/05/2003,PFN,FL,ASO,ES,Federal Contract Tower,11,36,39,0,86,0,1,25,0,26,11,37,64,0,112,18,6,24,136
09/06/2003,PFN,FL,ASO,ES,Federal Contract Tower,11,28,27,0,66,0,0,22,0,22,11,28,49,0,88,112,0,112,200
09/07/2003,PFN,FL,ASO,ES,Federal Contract Tower,11,22,38,0,71,0,0,56,0,56,11,22,94,0,127,87,0,87,214
09/08/2003,PFN,FL,ASO,ES,Federal Contract Tower,11,35,24,10,80,0,0,50,5,55,11,35,74,15,135,118,8,126,261
09/09/2003,PFN,FL,ASO,ES,Federal Contract Tower,11,38,40,9,98,0,3,35,3,41,11,41,75,12,139,142,36,178,317
09/10/2003,PFN,FL,ASO,ES,Federal Contract Tower,11,40,38,0,89,0,2,66,0,68,11,42,104,0,157,238,18,256,413
09/11/2003,PFN,FL,ASO,ES,Federal Contract Tower,11,39,43,4,97,0,2,57,1,60,11,41,100,5,157,132,24,156,313
09/12/2003,PFN,FL,ASO,ES,Federal Contract Tower,11,36,53,4,104,0,8,58,13,79,11,44,111,17,183,36,2,38,221
09/13/2003,PFN,FL,ASO,ES,Federal Contract Tower,12,28,34,0,74,0,3,73,0,76,12,31,107,0,150,122,6,128,278
09/14/2003,PFN,FL,ASO,ES,Federal Contract Tower,11,23,29,4,67,0,0,29,1,30,11,23,58,5,97,16,8,24,121
09/15/2003,PFN,FL,ASO,ES,Federal Contract Tower,11,31,32,3,77,0,1,29,0,30,11,32,61,3,107,28,2,30,137
09/16/2003,PFN,FL,ASO,ES,Federal Contract Tower,11,31,38,2,82,0,1,44,8,53,11,32,82,10,135,60,20,80,215
09/17/2003,PFN,FL,ASO,ES,Federal Contract Tower,11,34,40,9,94,0,0,64,11,75,11,34,104,20,169,162,2,164,333
09/18/2003,PFN,FL,ASO,ES,Federal Contract Tower,11,39,36,7,93,0,1,54,9,64,11,40,90,16,157,78,32,110,267
09/19/2003,PFN,FL,ASO,ES,Federal Contract Tower,11,34,52,5,102,0,1,49,7,57,11,35,101,12,159,154,46,200,359
09/20/2003,PFN,FL,ASO,ES,Federal Contract Tower,11,25,26,0,62,0,2,54,0,56,11,27,80,0,118,120,2,122,240
09/21/2003,PFN,FL,ASO,ES,Federal Contract Tower,11,26,43,5,85,0,1,12,6,19,11,27,55,11,104,32,8,40,144
09/22/2003,PFN,FL,ASO,ES,Federal Contract Tower,11,33,25,0,69,0,0,3,0,3,11,33,28,0,72,2,0,2,74
09/23/2003,PFN,FL,ASO,ES,Federal Contract Tower,11,35,41,12,99,0,0,48,14,62,11,35,89,26,161,130,22,152,313
09/24/2003,PFN,FL,ASO,ES,Federal Contract Tower,11,44,45,6,106,0,0,74,4,78,11,44,119,10,184,150,66,216,400
09/25/2003,PFN,FL,ASO,ES,Federal Contract Tower,12,38,55,0,105,0,0,17,0,17,12,38,72,0,122,8,0,8,130
09/26/2003,PFN,FL,ASO,ES,Federal Contract Tower,10,41,49,1,101,0,1,85,3,89,10,42,134,4,190,145,18,163,353
09/27/2003,PFN,FL,ASO,ES,Federal Contract Tower,9,35,18,3,65,1,0,57,0,58,10,35,75,3,123,50,2,52,175
09/28/2003,PFN,FL,ASO,ES,Federal Contract Tower,11,26,37,0,74,0,0,47,0,47,11,26,84,0,121,37,0,37,158
09/29/2003,PFN,FL,ASO,ES,Federal Contract Tower,11,32,39,16,98,0,1,41,3,45,11,33,80,19,143,24,36,60,203
09/30/2003,PFN,FL,ASO,ES,Federal Contract Tower,11,38,41,1,91,0,0,50,1,51,11,38,91,2,142,80,2,82,224
10/01/2003,PFN,FL,ASO,ES,Federal Contract Tower,10,34,46,6,96,0,5,44,11,60,10,39,90,17,156,128,20,148,304
10/02/2003,PFN,FL,ASO,ES,Federal Contract Tower,12,36,48,6,102,0,2,78,5,85,12,38,126,11,187,136,24,160,347
10/03/2003,PFN,FL,ASO,ES,Federal Contract Tower,11,30,41,2,84,1,5,73,0,79,12,35,114,2,163,116,10,126,289
10/04/2003,PFN,FL,ASO,ES,Federal Contract Tower,8,22,30,2,62,4,4,61,0,69,12,26,91,2,131,80,0,80,211
10/05/2003,PFN,FL,ASO,ES,Federal Contract Tower,10,21,34,0,65,1,0,63,0,64,11,21,97,0,129,124,18,142,271
10/06/2003,PFN,FL,ASO,ES,Federal Contract Tower,11,27,37,4,79,1,7,70,10,88,12,34,107,14,167,106,34,140,307
10/07/2003,PFN,FL,ASO,ES,Federal Contract Tower,13,33,44,5,95,0,2,22,9,33,13,35,66,14,128,102,40,142,270
10/08/2003,PFN,FL,ASO,ES,Federal Contract Tower,12,31,42,5,90,1,0,21,4,26,13,31,63,9,116,6,4,10,126
10/09/2003,PFN,FL,ASO,ES,Federal Contract Tower,12,37,58,2,109,0,0,39,0,39,12,37,97,2,148,86,10,96,244
10/10/2003,PFN,FL,ASO,ES,Federal Contract Tower,12,38,55,7,112,0,0,15,0,15,12,38,70,7,127,10,2,12,139
10/11/2003,PFN,FL,ASO,ES,Federal Contract Tower,9,22,31,1,63,4,4,3,0,11,13,26,34,1,74,4,0,4,78
10/12/2003,PFN,FL,ASO,ES,Federal Contract Tower,12,28,41,0,81,0,0,7,0,7,12,28,48,0,88,0,0,0,88
10/13/2003,PFN,FL,ASO,ES,Federal Contract Tower,9,25,31,0,65,2,0,35,0,37,11,25,66,0,102,38,0,38,140
10/14/2003,PFN,FL,ASO,ES,Federal Contract Tower,12,40,52,6,110,0,2,41,1,44,12,42,93,7,154,62,12,74,228
10/15/2003,PFN,FL,ASO,ES,Federal Contract Tower,12,32,41,5,90,0,7,77,1,85,12,39,118,6,175,98,24,122,297
10/16/2003,PFN,FL,ASO,ES,Federal Contract Tower,12,37,47,7,103,0,1,87,2,90,12,38,134,9,193,80,6,86,279
10/17/2003,PFN,FL,ASO,ES,Federal Contract Tower,12,34,44,6,96,0,0,69,12,81,12,34,113,18,177,140,24,164,341
10/18/2003,PFN,FL,ASO,ES,Federal Contract Tower,9,25,33,5,72,3,2,36,1,42,12,27,69,6,114,180,0,180,294
10/19/2003,PFN,FL,ASO,ES,Federal Contract Tower,11,25,37,0,73,1,0,74,0,75,12,25,111,0,148,108,2,110,258
10/20/2003,PFN,FL,ASO,ES,Federal Contract Tower,12,35,45,7,99,0,1,43,7,51,12,36,88,14,150,66,18,84,234
10/21/2003,PFN,FL,ASO,ES,Federal Contract Tower,9,44,65,9,127,0,0,79,15,94,9,44,144,24,221,104,26,130,351
10/22/2003,PFN,FL,ASO,ES,Federal Contract Tower,12,34,44,6,96,0,8,74,9,91,12,42,118,15,187,122,6,128,315
10/23/2003,PFN,FL,ASO,ES,Federal Contract Tower,12,39,55,8,114,0,0,64,9,73,12,39,119,17,187,106,28,134,321
10/24/2003,PFN,FL,ASO,ES,Federal Contract Tower,13,31,49,7,100,0,0,90,5,95,13,31,139,12,195,154,62,216,411
10/25/2003,PFN,FL,ASO,ES,Federal Contract Tower,7,22,28,1,58,3,8,70,0,81,10,30,98,1,139,116,0,116,255
10/26/2003,PFN,FL,ASO,ES,Federal Contract Tower,8,22,31,1,62,6,0,13,0,19,14,22,44,1,81,34,0,34,115
10/27/2003,PFN,FL,ASO,ES,Federal Contract Tower,12,35,45,5,97,0,3,0,0,3,12,38,45,5,100,0,0,0,100
10/28/2003,PFN,FL,ASO,ES,Federal Contract Tower,12,36,42,3,93,0,6,0,0,6,12,42,42,3,99,0,4,4,103
10/29/2003,PFN,FL,ASO,ES,Federal Contract Tower,11,45,58,8,122,0,2,46,8,56,11,47,104,16,178,82,14,96,274
10/30/2003,PFN,FL,ASO,ES,Federal Contract Tower,12,35,46,6,99,0,5,68,4,77,12,40,114,10,176,162,14,176,352
10/31/2003,PFN,FL,ASO,ES,Federal Contract Tower,11,33,42,5,91,1,4,57,15,77,12,37,99,20,168,110,6,116,284
11/01/2003,PFN,FL,ASO,ES,Federal Contract Tower,9,22,30,3,64,3,4,61,1,69,12,26,91,4,133,124,2,126,259
11/02/2003,PFN,FL,ASO,ES,Federal Contract Tower,10,23,32,0,65,1,0,44,0,45,11,23,76,0,110,170,0,170,280
11/03/2003,PFN,FL,ASO,ES,Federal Contract Tower,12,30,42,4,88,0,9,26,6,41,12,39,68,10,129,136,12,148,277
11/04/2003,PFN,FL,ASO,ES,Federal Contract Tower,12,36,50,5,103,0,5,30,3,38,12,41,80,8,141,32,44,76,217
11/05/2003,PFN,FL,ASO,ES,Federal Contract Tower,12,34,47,4,97,0,7,24,0,31,12,41,71,4,128,42,6,48,176
11/06/2003,PFN,FL,ASO,ES,Federal Contract Tower,12,39,53,5,109,0,6,39,3,48,12,45,92,8,157,62,30,92,249
11/07/2003,PFN,FL,ASO,ES,Federal Contract Tower,12,45,61,6,124,0,1,79,21,101,12,46,140,27,225,176,84,260,485
11/08/2003,PFN,FL,ASO,ES,Federal Contract Tower,11,26,38,4,79,1,0,49,8,58,12,26,87,12,137,130,4,134,271
11/09/2003,PFN,FL,ASO,ES,Federal Contract Tower,12,31,46,3,92,0,0,29,0,29,12,31,75,3,121,18,16,34,155
11/10/2003,PFN,FL,ASO,ES,Federal Contract Tower,12,35,49,5,101,0,5,49,11,65,12,40,98,16,166,126,38,164,330
11/11/2003,PFN,FL,ASO,ES,Federal Contract Tower,10,27,37,0,74,4,11,85,0,100,14,38,122,0,174,196,0,196,370
11/12/2003,PFN,FL,ASO,ES,Federal Contract Tower,12,43,56,6,117,0,6,49,12,67,12,49,105,18,184,148,72,220,404
11/13/2003,PFN,FL,ASO,ES,Federal Contract Tower,12,39,51,6,108,0,2,45,2,49,12,41,96,8,157,72,6,78,235
11/14/2003,PFN,FL,ASO,ES,Federal Contract Tower,11,36,47,6,100,0,10,51,0,61,11,46,98,6,161,96,22,118,279
11/15/2003,PFN,FL,ASO,ES,Federal Contract Tower,10,25,34,2,71,2,0,56,0,58,12,25,90,2,129,124,10,134,263
11/16/2003,PFN,FL,ASO,ES,Federal Contract Tower,7,14,29,4,54,5,0,34,0,39,12,14,63,4,93,106,2,108,201
11/17/2003,PFN,FL,ASO,ES,Federal Contract Tower,11,31,41,5,88,1,4,19,8,32,12,35,60,13,120,192,44,236,356
11/18/2003,PFN,FL,ASO,ES,Federal Contract Tower,10,33,34,2,79,0,11,0,0,11,10,44,34,2,90,2,16,18,108
11/19/2003,PFN,FL,ASO,ES,Federal Contract Tower,12,36,47,6,101,0,5,21,9,35,12,41,68,15,136,20,46,66,202
11/20/2003,PFN,FL,ASO,ES,Federal Contract Tower,12,37,49,6,104,0,4,65,6,75,12,41,114,12,179,122,16,138,317
11/21/2003,PFN,FL,ASO,ES,Federal Contract Tower,12,34,46,6,98,0,0,108,17,125,12,34,154,23,223,102,50,152,375
11/22/2003,PFN,FL,ASO,ES,Federal Contract Tower,11,25,40,3,79,1,0,77,0,78,12,25,117,3,157,91,0,91,248
11/23/2003,PFN,FL,ASO,ES,Federal Contract Tower,10,20,37,5,72,1,0,56,3,60,11,20,93,8,132,112,4,116,248
11/24/2003,PFN,FL,ASO,ES,Federal Contract Tower,12,34,47,4,97,0,0,17,0,17,12,34,64,4,114,54,12,66,180
11/25/2003,PFN,FL,ASO,ES,Federal Contract Tower,12,47,63,8,130,0,1,103,12,116,12,48,166,20,246,208,39,247,493
11/26/2003,PFN,FL,ASO,ES,Federal Contract Tower,12,40,53,4,109,0,0,102,0,102,12,40,155,4,211,132,0,132,343
11/27/2003,PFN,FL,ASO,ES,Federal Contract Tower,5,12,21,0,38,5,0,10,0,15,10,12,31,0,53,48,0,48,101
11/28/2003,PFN,FL,ASO,ES,Federal Contract Tower,11,32,42,0,85,0,0,22,0,22,11,32,64,0,107,0,0,0,107
11/29/2003,PFN,FL,ASO,ES,Federal Contract Tower,8,25,33,0,66,4,5,33,0,42,12,30,66,0,108,10,0,10,118
11/30/2003,PFN,FL,ASO,ES,Federal Contract Tower,10,21,35,0,66,2,0,66,0,68,12,21,101,0,134,36,0,36,170
12/01/2003,PFN,FL,ASO,ES,Federal Contract Tower,12,38,40,4,94,0,2,50,18,70,12,40,90,22,164,102,40,142,306
12/02/2003,PFN,FL,ASO,ES,Federal Contract Tower,12,42,44,5,103,0,2,60,14,76,12,44,104,19,179,104,28,132,311
12/03/2003,PFN,FL,ASO,ES,Federal Contract Tower,13,37,40,4,94,0,3,77,13,93,13,40,117,17,187,134,94,228,415
12/04/2003,PFN,FL,ASO,ES,Federal Contract Tower,8,35,37,4,84,0,6,65,20,91,8,41,102,24,175,54,30,84,259
12/05/2003,PFN,FL,ASO,ES,Federal Contract Tower,12,38,40,4,94,0,6,79,3,88,12,44,119,7,182,58,8,66,248
12/06/2003,PFN,FL,ASO,ES,Federal Contract Tower,8,20,22,0,50,5,6,120,0,131,13,26,142,0,181,72,8,80,261
12/07/2003,PFN,FL,ASO,ES,Federal Contract Tower,9,23,27,1,60,4,0,147,0,151,13,23,174,1,211,116,0,116,327
12/08/2003,PFN,FL,ASO,ES,Federal Contract Tower,12,36,39,4,91,0,2,79,15,96,12,38,118,19,187,58,34,92,279
12/09/2003,PFN,FL,ASO,ES,Federal Contract Tower,12,35,37,4,88,0,4,124,3,131,12,39,161,7,219,102,10,112,331
12/10/2003,PFN,FL,ASO,ES,Federal Contract Tower,10,32,35,4,81,0,6,8,0,14,10,38,43,4,95,14,40,54,149
12/11/2003,PFN,FL,ASO,ES,Federal Contract Tower,12,37,37,5,91,0,6,129,17,152,12,43,166,22,243,180,36,216,459
12/12/2003,PFN,FL,ASO,ES,Federal Contract Tower,11,34,34,5,84,1,10,119,9,139,12,44,153,14,223,172,32,204,427
12/13/2003,PFN,FL,ASO,ES,Federal Contract Tower,8,23,23,0,54,3,5,113,0,121,11,28,136,0,175,102,14,116,291
12/14/2003,PFN,FL,ASO,ES,Federal Contract Tower,8,19,26,4,57,0,0,35,3,38,8,19,61,7,95,48,0,48,143
12/15/2003,PFN,FL,ASO,ES,Federal Contract Tower,12,34,40,5,91,0,0,61,2,63,12,34,101,7,154,88,10,98,252
12/16/2003,PFN,FL,ASO,ES,Federal Contract Tower,12,38,52,5,107,0,0,69,0,69,12,38,121,5,176,160,18,178,354
12/17/2003,PFN,FL,ASO,ES,Federal Contract Tower,12,46,51,7,116,0,0,56,1,57,12,46,107,8,173,104,28,132,305
12/18/2003,PFN,FL,ASO,ES,Federal Contract Tower,13,43,43,6,105,0,7,50,8,65,13,50,93,14,170,122,26,148,318
12/19/2003,PFN,FL,ASO,ES,Federal Contract Tower,13,41,48,6,108,0,0,67,2,69,13,41,115,8,177,152,22,174,351
12/20/2003,PFN,FL,ASO,ES,Federal Contract Tower,9,26,27,1,63,3,0,76,0,79,12,26,103,1,142,160,0,160,302
12/21/2003,PFN,FL,ASO,ES,Federal Contract Tower,9,24,27,1,61,2,0,65,0,67,11,24,92,1,128,182,2,184,312
12/22/2003,PFN,FL,ASO,ES,Federal Contract Tower,11,32,32,3,78,1,7,47,0,55,12,39,79,3,133,50,6,56,189
12/23/2003,PFN,FL,ASO,ES,Federal Contract Tower,13,40,41,6,100,0,3,32,4,39,13,43,73,10,139,36,10,46,185
12/24/2003,PFN,FL,ASO,ES,Federal Contract Tower,10,28,28,0,66,2,7,13,0,22,12,35,41,0,88,16,0,16,104
12/25/2003,PFN,FL,ASO,ES,Federal Contract Tower,5,15,15,0,35,8,0,7,0,15,13,15,22,0,50,0,0,0,50
12/26/2003,PFN,FL,ASO,ES,Federal Contract Tower,9,29,29,0,67,4,7,45,0,56,13,36,74,0,123,36,0,36,159
12/27/2003,PFN,FL,ASO,ES,Federal Contract Tower,10,28,29,0,67,0,2,67,0,69,10,30,96,0,136,90,0,90,226
12/28/2003,PFN,FL,ASO,ES,Federal Contract Tower,9,23,28,0,60,3,0,44,0,47,12,23,72,0,107,36,0,36,143
12/29/2003,PFN,FL,ASO,ES,Federal Contract Tower,10,29,31,2,72,2,6,14,0,22,12,35,45,2,94,18,20,38,132
12/30/2003,PFN,FL,ASO,ES,Federal Contract Tower,12,37,38,4,91,0,10,43,0,53,12,47,81,4,144,80,0,80,224
12/31/2003,PFN,FL,ASO,ES,Federal Contract Tower,12,35,36,0,83,1,6,81,0,88,13,41,117,0,171,40,0,40,211
01/01/2004,PFN,FL,ASO,ES,Federal Contract Tower,7,13,20,0,40,5,0,47,0,52,12,13,67,0,92,8,0,8,100
01/02/2004,PFN,FL,ASO,ES,Federal Contract Tower,12,35,40,0,87,0,5,45,0,50,12,40,85,0,137,32,0,32,169
01/03/2004,PFN,FL,ASO,ES,Federal Contract Tower,11,36,43,0,90,0,0,57,0,57,11,36,100,0,147,58,0,58,205
01/04/2004,PFN,FL,ASO,ES,Federal Contract Tower,11,19,34,0,64,0,0,43,0,43,11,19,77,0,107,64,0,64,171
01/05/2004,PFN,FL,ASO,ES,Federal Contract Tower,13,33,45,2,93,0,0,20,0,20,13,33,65,2,113,14,32,46,159
01/06/2004,PFN,FL,ASO,ES,Federal Contract Tower,12,34,38,4,88,0,0,38,5,43,12,34,76,9,131,164,10,174,305
01/07/2004,PFN,FL,ASO,ES,Federal Contract Tower,12,34,38,4,88,0,11,41,4,56,12,45,79,8,144,118,18,136,280
01/08/2004,PFN,FL,ASO,ES,Federal Contract Tower,12,40,44,4,100,0,9,51,13,73,12,49,95,17,173,156,58,214,387
01/09/2004,PFN,FL,ASO,ES,Federal Contract Tower,13,43,47,5,108,0,0,14,4,18,13,43,61,9,126,8,28,36,162
01/10/2004,PFN,FL,ASO,ES,Federal Contract Tower,7,17,20,0,44,5,12,4,0,21,12,29,24,0,65,32,0,32,97
01/11/2004,PFN,FL,ASO,ES,Federal Contract Tower,9,19,27,2,57,2,0,64,0,66,11,19,91,2,123,172,2,174,297
01/12/2004,PFN,FL,ASO,ES,Federal Contract Tower,12,33,36,4,85,1,1,35,15,52,13,34,71,19,137,170,36,206,343
01/13/2004,PFN,FL,ASO,ES,Federal Contract Tower,12,43,45,6,106,0,6,43,11,60,12,49,88,17,166,140,66,206,372
01/14/2004,PFN,FL,ASO,ES,Federal Contract Tower,12,41,43,5,101,0,8,90,1,99,12,49,133,6,200,278,26,304,504
01/15/2004,PFN,FL,ASO,ES,Federal Contract Tower,12,44,49,6,111,0,0,59,11,70,12,44,108,17,181,162,52,214,395
01/16/2004,PFN,FL,ASO,ES,Federal Contract Tower,12,34,43,0,89,0,0,86,0,86,12,34,129,0,175,156,6,162,337
01/17/2004,PFN,FL,ASO,ES,Federal Contract Tower,9,27,28,0,64,3,2,11,0,16,12,29,39,0,80,134,0,134,214
01/18/2004,PFN,FL,ASO,ES,Federal Contract Tower,8,20,23,0,51,5,0,26,0,31,13,20,49,0,82,38,0,38,120
01/19/2004,PFN,FL,ASO,ES,Federal Contract Tower,9,27,28,1,65,3,0,26,0,29,12,27,54,1,94,52,0,52,146
01/20/2004,PFN,FL,ASO,ES,Federal Contract Tower,12,36,40,3,91,0,0,51,0,51,12,36,91,3,142,188,0,188,330
01/21/2004,PFN,FL,ASO,ES,Federal Contract Tower,12,48,50,6,116,0,1,88,3,92,12,49,138,9,208,200,16,216,424
01/22/2004,PFN,FL,ASO,ES,Federal Contract Tower,12,37,39,5,93,0,1,69,2,72,12,38,108,7,165,156,6,162,327
01/23/2004,PFN,FL,ASO,ES,Federal Contract Tower,12,38,41,5,96,0,5,94,4,103,12,43,135,9,199,96,14,110,309
01/24/2004,PFN,FL,ASO,ES,Federal Contract Tower,9,30,31,0,70,4,2,71,0,77,13,32,102,0,147,260,0,260,407
01/25/2004,PFN,FL,ASO,ES,Federal Contract Tower,7,23,24,0,54,5,1,18,0,24,12,24,42,0,78,12,2,14,92
01/26/2004,PFN,FL,ASO,ES,Federal Contract Tower,8,26,20,0,54,0,14,0,0,14,8,40,20,0,68,2,0,2,70
01/27/2004,PFN,FL,ASO,ES,Federal Contract Tower,9,41,44,2,96,0,4,49,0,53,9,45,93,2,149,94,16,110,259
01/28/2004,PFN,FL,ASO,ES,Federal Contract Tower,12,41,45,4,102,0,14,79,0,93,12,55,124,4,195,180,2,182,377
01/29/2004,PFN,FL,ASO,ES,Federal Contract Tower,12,48,52,5,117,0,5,54,9,68,12,53,106,14,185,88,20,108,293
01/30/2004,PFN,FL,ASO,ES,Federal Contract Tower,12,39,42,4,97,0,8,0,9,17,12,47,42,13,114,56,10,66,180
01/31/2004,PFN,FL,ASO,ES,Federal Contract Tower,10,27,33,0,70,2,0,47,0,49,12,27,80,0,119,124,0,124,243
02/01/2004,PFN,FL,ASO,ES,Federal Contract Tower,9,23,26,0,58,4,0,1,0,5,13,23,27,0,63,6,0,6,69
02/02/2004,PFN,FL,ASO,ES,Federal Contract Tower,9,34,37,2,82,0,14,17,0,31,9,48,54,2,113,58,4,62,175
02/03/2004,PFN,FL,ASO,ES,Federal Contract Tower,12,41,44,4,101,0,7,41,5,53,12,48,85,9,154,98,12,110,264
02/04/2004,PFN,FL,ASO,ES,Federal Contract Tower,12,44,48,5,109,0,0,70,4,74,12,44,118,9,183,152,16,168,351
02/05/2004,PFN,FL,ASO,ES,Federal Contract Tower,9,41,44,4,98,0,4,16,4,24,9,45,60,8,122,34,6,40,162
02/06/2004,PFN,FL,ASO,ES,Federal Contract Tower,11,35,29,0,75,0,12,0,0,12,11,47,29,0,87,0,0,0,87
02/07/2004,PFN,FL,ASO,ES,Federal Contract Tower,7,21,23,2,53,5,4,60,0,69,12,25,83,2,122,82,4,86,208
02/08/2004,PFN,FL,ASO,ES,Federal Contract Tower,9,24,27,2,62,1,0,62,1,64,10,24,89,3,126,70,18,88,214
02/09/2004,PFN,FL,ASO,ES,Federal Contract Tower,11,38,41,5,95,1,0,33,8,42,12,38,74,13,137,134,12,146,283
02/10/2004,PFN,FL,ASO,ES,Federal Contract Tower,9,42,43,2,96,0,8,2,0,10,9,50,45,2,106,60,4,64,170
02/11/2004,PFN,FL,ASO,ES,Federal Contract Tower,12,44,46,5,107,0,5,1,0,6,12,49,47,5,113,118,10,128,241
02/12/2004,PFN,FL,ASO,ES,Federal Contract Tower,10,52,54,7,123,0,2,5,1,8,10,54,59,8,131,8,0,8,139
02/13/2004,PFN,FL,ASO,ES,Federal Contract Tower,12,43,52,5,112,0,0,6,0,6,12,43,58,5,118,40,10,50,168
02/14/2004,PFN,FL,ASO,ES,Federal Contract Tower,6,21,11,0,38,6,7,0,0,13,12,28,11,0,51,0,0,0,51
02/15/2004,PFN,FL,ASO,ES,Federal Contract Tower,8,19,27,0,54,4,0,18,0,22,12,19,45,0,76,8,0,8,84
02/16/2004,PFN,FL,ASO,ES,Federal Contract Tower,10,31,33,2,76,2,0,33,0,35,12,31,66,2,111,22,0,22,133
02/17/2004,PFN,FL,ASO,ES,Federal Contract Tower,12,43,44,6,105,0,12,59,6,77,12,55,103,12,182,270,32,302,484
02/18/2004,PFN,FL,ASO,ES,Federal Contract Tower,12,46,48,6,112,0,0,101,12,113,12,46,149,18,225,102,74,176,401
02/19/2004,PFN,FL,ASO,ES,Federal Contract Tower,12,44,49,6,111,0,0,103,11,114,12,44,152,17,225,112,76,188,413
02/20/2004,PFN,FL,ASO,ES,Federal Contract Tower,12,46,49,6,113,0,0,31,3,34,12,46,80,9,147,72,10,82,229
02/21/2004,PFN,FL,ASO,ES,Federal Contract Tower,9,28,30,4,71,3,0,48,14,65,12,28,78,18,136,110,0,110,246
02/22/2004,PFN,FL,ASO,ES,Federal Contract Tower,10,23,35,2,70,2,0,57,0,59,12,23,92,2,129,116,0,116,245
02/23/2004,PFN,FL,ASO,ES,Federal Contract Tower,11,39,40,4,94,0,0,6,18,24,11,39,46,22,118,64,6,70,188
02/24/2004,PFN,FL,ASO,ES,Federal Contract Tower,11,38,37,0,86,1,2,0,0,3,12,40,37,0,89,10,0,10,99
02/25/2004,PFN,FL,ASO,ES,Federal Contract Tower,10,35,27,2,74,0,12,0,0,12,10,47,27,2,86,6,0,6,92
02/26/2004,PFN,FL,ASO,ES,Federal Contract Tower,12,41,49,5,107,0,0,5,2,7,12,41,54,7,114,0,12,12,126
02/27/2004,PFN,FL,ASO,ES,Federal Contract Tower,12,42,48,5,107,0,0,27,0,27,12,42,75,5,134,36,6,42,176
02/28/2004,PFN,FL,ASO,ES,Federal Contract Tower,8,28,30,0,66,4,0,69,0,73,12,28,99,0,139,168,0,168,307
02/29/2004,PFN,FL,ASO,ES,Federal Contract Tower,10,24,33,3,70,3,0,51,2,56,13,24,84,5,126,128,8,136,262
03/01/2004,PFN,FL,ASO,ES,Federal Contract Tower,12,39,47,7,105,0,0,20,4,24,12,39,67,11,129,54,30,84,213
03/02/2004,PFN,FL,ASO,ES,Federal Contract Tower,12,47,54,9,122,0,7,67,3,77,12,54,121,12,199,164,24,188,387
03/03/2004,PFN,FL,ASO,ES,Federal Contract Tower,12,45,52,8,117,0,4,51,18,73,12,49,103,26,190,224,40,264,454
03/04/2004,PFN,FL,ASO,ES,Federal Contract Tower,11,44,50,8,113,0,10,22,0,32,11,54,72,8,145,134,6,140,285
03/05/2004,PFN,FL,ASO,ES,Federal Contract Tower,15,48,61,10,134,0,0,21,1,22,15,48,82,11,156,40,50,90,246
03/06/2004,PFN,FL,ASO,ES,Federal Contract Tower,9,26,31,1,67,3,5,25,0,33,12,31,56,1,100,58,0,58,158
03/07/2004,PFN,FL,ASO,ES,Federal Contract Tower,10,21,34,4,69,2,0,60,0,62,12,21,94,4,131,124,2,126,257
03/08/2004,PFN,FL,ASO,ES,Federal Contract Tower,11,36,41,6,94,1,9,53,7,70,12,45,94,13,164,148,50,198,362
03/09/2004,PFN,FL,ASO,ES,Federal Contract Tower,11,32,37,4,84,1,14,36,0,51,12,46,73,4,135,86,0,86,221
03/10/2004,PFN,FL,ASO,ES,Federal Contract Tower,12,43,49,9,113,0,12,73,6,91,12,55,122,15,204,136,48,184,388
03/11/2004,PFN,FL,ASO,ES,Federal Contract Tower,11,38,44,5,98,1,12,80,0,93,12,50,124,5,191,204,40,244,435
03/12/2004,PFN,FL,ASO,ES,Federal Contract Tower,12,45,51,9,117,0,3,98,13,114,12,48,149,22,231,150,26,176,407
03/13/2004,PFN,FL,ASO,ES,Federal Contract Tower,11,29,40,1,81,2,0,90,0,92,13,29,130,1,173,90,0,90,263
03/14/2004,PFN,FL,ASO,ES,Federal Contract Tower,9,25,36,6,76,6,0,58,2,66,15,25,94,8,142,65,0,65,207
03/15/2004,PFN,FL,ASO,ES,Federal Contract Tower,11,39,45,8,103,1,7,31,11,50,12,46,76,19,153,140,34,174,327
03/16/2004,PFN,FL,ASO,ES,Federal Contract Tower,11,39,44,5,99,1,8,22,0,31,12,47,66,5,130,48,10,58,188
03/17/2004,PFN,FL,ASO,ES,Federal Contract Tower,12,43,47,7,109,0,0,104,0,104,12,43,151,7,213,204,14,218,431
03/18/2004,PFN,FL,ASO,ES,Federal Contract Tower,12,51,56,10,129,0,3,58,6,67,12,54,114,16,196,144,34,178,374
03/19/2004,PFN,FL,ASO,ES,Federal Contract Tower,12,46,51,8,117,0,6,69,0,75,12,52,120,8,192,134,4,138,330
03/20/2004,PFN,FL,ASO,ES,Federal Contract Tower,11,38,41,0,90,1,3,102,0,106,12,41,143,0,196,90,0,90,286
03/21/2004,PFN,FL,ASO,ES,Federal Contract Tower,9,19,33,2,63,2,0,70,0,72,11,19,103,2,135,94,0,94,229
03/22/2004,PFN,FL,ASO,ES,Federal Contract Tower,11,38,41,7,97,1,1,32,34,68,12,39,73,41,165,64,74,138,303
03/23/2004,PFN,FL,ASO,ES,Federal Contract Tower,10,36,39,7,92,2,20,27,7,56,12,56,66,14,148,64,22,86,234
03/24/2004,PFN,FL,ASO,ES,Federal Contract Tower,12,45,49,9,115,0,4,50,7,61,12,49,99,16,176,108,0,108,284
03/25/2004,PFN,FL,ASO,ES,Federal Contract Tower,12,45,52,9,118,0,0,65,3,68,12,45,117,12,186,128,4,132,318
03/26/2004,PFN,FL,ASO,ES,Federal Contract Tower,14,49,61,11,135,0,0,112,12,124,14,49,173,23,259,148,34,182,441
03/27/2004,PFN,FL,ASO,ES,Federal Contract Tower,9,32,35,2,78,3,1,67,0,71,12,33,102,2,149,40,4,44,193
03/28/2004,PFN,FL,ASO,ES,Federal Contract Tower,11,28,41,2,82,5,0,91,0,96,16,28,132,2,178,36,0,36,214
03/29/2004,PFN,FL,ASO,ES,Federal Contract Tower,13,35,47,7,102,0,0,30,6,36,13,35,77,13,138,88,48,136,274
03/30/2004,PFN,FL,ASO,ES,Federal Contract Tower,12,40,47,7,106,0,0,41,14,55,12,40,88,21,161,96,20,116,277
03/31/2004,PFN,FL,ASO,ES,Federal Contract Tower,11,47,52,8,118,0,6,83,17,106,11,53,135,25,224,108,22,130,354
04/01/2004,PFN,FL,ASO,ES,Federal Contract Tower,12,41,58,6,117,0,14,65,1,80,12,55,123,7,197,60,24,84,281
04/02/2004,PFN,FL,ASO,ES,Federal Contract Tower,12,45,62,7,126,0,1,50,0,51,12,46,112,7,177,36,28,64,241
04/03/2004,PFN,FL,ASO,ES,Federal Contract Tower,11,31,44,0,86,1,2,56,0,59,12,33,100,0,145,88,2,90,235
04/04/2004,PFN,FL,ASO,ES,Federal Contract Tower,11,21,43,4,79,1,0,85,2,88,12,21,128,6,167,54,4,58,225
04/05/2004,PFN,FL,ASO,ES,Federal Contract Tower,10,27,38,4,79,2,12,35,1,50,12,39,73,5,129,104,14,118,247
04/06/2004,PFN,FL,ASO,ES,Federal Contract Tower,12,40,57,6,115,0,3,67,7,77,12,43,124,13,192,130,74,204,396
04/07/2004,PFN,FL,ASO,ES,Federal Contract Tower,12,37,53,3,105,0,5,48,0,53,12,42,101,3,158,140,26,166,324
04/08/2004,PFN,FL,ASO,ES,Federal Contract Tower,12,46,65,5,128,0,0,30,0,30,12,46,95,5,158,36,0,36,194
04/09/2004,PFN,FL,ASO,ES,Federal Contract Tower,12,45,63,4,124,0,7,74,0,81,12,52,137,4,205,158,6,164,369
04/10/2004,PFN,FL,ASO,ES,Federal Contract Tower,10,32,42,0,84,2,1,98,0,101,12,33,140,0,185,192,0,192,377
04/11/2004,PFN,FL,ASO,ES,Federal Contract Tower,9,22,36,0,67,5,0,11,0,16,14,22,47,0,83,0,0,0,83
04/12/2004,PFN,FL,ASO,ES,Federal Contract Tower,11,33,44,6,94,0,2,29,1,32,11,35,73,7,126,128,16,144,270
04/13/2004,PFN,FL,ASO,ES,Federal Contract Tower,12,36,48,6,102,0,3,15,8,26,12,39,63,14,128,16,4,20,148
04/14/2004,PFN,FL,ASO,ES,Federal Contract Tower,12,39,53,7,111,0,0,92,14,106,12,39,145,21,217,62,65,127,344
04/15/2004,PFN,FL,ASO,ES,Federal Contract Tower,14,44,60,7,125,0,3,70,12,85,14,47,130,19,210,102,20,122,332
04/16/2004,PFN,FL,ASO,ES,Federal Contract Tower,11,35,47,6,99,1,1,86,3,91,12,36,133,9,190,62,2,64,254
04/17/2004,PFN,FL,ASO,ES,Federal Contract Tower,10,31,40,0,81,2,2,75,0,79,12,33,115,0,160,120,2,122,282
04/18/2004,PFN,FL,ASO,ES,Federal Contract Tower,9,27,40,0,76,6,0,56,0,62,15,27,96,0,138,38,0,38,176
04/19/2004,PFN,FL,ASO,ES,Federal Contract Tower,10,31,40,5,86,2,10,45,7,64,12,41,85,12,150,54,12,66,216
04/20/2004,PFN,FL,ASO,ES,Federal Contract Tower,10,30,40,5,85,2,12,41,6,61,12,42,81,11,146,146,18,164,310
04/21/2004,PFN,FL,ASO,ES,Federal Contract Tower,12,35,48,6,101,0,6,52,0,58,12,41,100,6,159,64,4,68,227
04/22/2004,PFN,FL,ASO,ES,Federal Contract Tower,12,43,58,7,120,0,3,56,26,85,12,46,114,33,205,139,58,197,402
04/23/2004,PFN,FL,ASO,ES,Federal Contract Tower,12,40,58,7,117,0,0,57,10,67,12,40,115,17,184,118,0,118,302
04/24/2004,PFN,FL,ASO,ES,Federal Contract Tower,9,24,36,0,69,3,0,64,0,67,12,24,100,0,136,172,0,172,308
04/25/2004,PFN,FL,ASO,ES,Federal Contract Tower,9,23,38,0,70,4,0,34,0,38,13,23,72,0,108,50,0,50,158
04/26/2004,PFN,FL,ASO,ES,Federal Contract Tower,12,36,49,0,97,1,4,7,0,12,13,40,56,0,109,26,12,38,147
04/27/2004,PFN,FL,ASO,ES,Federal Contract Tower,12,38,52,5,107,0,4,28,1,33,12,42,80,6,140,46,16,62,202
04/28/2004,PFN,FL,ASO,ES,Federal Contract Tower,12,41,58,6,117,0,0,104,18,122,12,41,162,24,239,132,82,214,453
04/29/2004,PFN,FL,ASO,ES,Federal Contract Tower,12,37,60,6,115,0,0,36,1,37,12,37,96,7,152,64,28,92,244
04/30/2004,PFN,FL,ASO,ES,Federal Contract Tower,11,34,41,5,91,1,10,0,0,11,12,44,41,5,102,28,2,30,132
05/01/2004,PFN,FL,ASO,ES,Federal Contract Tower,10,25,36,1,72,2,5,9,0,16,12,30,45,1,88,26,0,26,114
05/02/2004,PFN,FL,ASO,ES,Federal Contract Tower,9,21,28,0,58,3,8,0,0,11,12,29,28,0,69,7,0,7,76
05/03/2004,PFN,FL,ASO,ES,Federal Contract Tower,12,33,47,4,96,0,8,50,11,69,12,41,97,15,165,112,46,158,323
05/04/2004,PFN,FL,ASO,ES,Federal Contract Tower,12,34,48,2,96,0,6,78,0,84,12,40,126,2,180,210,12,222,402
05/05/2004,PFN,FL,ASO,ES,Federal Contract Tower,12,34,48,4,98,0,1,84,0,85,12,35,132,4,183,112,10,122,305
05/06/2004,PFN,FL,ASO,ES,Federal Contract Tower,11,37,63,6,117,0,0,94,18,112,11,37,157,24,229,184,36,220,449
05/07/2004,PFN,FL,ASO,ES,Federal Contract Tower,12,34,49,1,96,0,1,111,0,112,12,35,160,1,208,110,0,110,318
05/08/2004,PFN,FL,ASO,ES,Federal Contract Tower,8,21,31,0,60,4,5,90,0,99,12,26,121,0,159,90,2,92,251
05/09/2004,PFN,FL,ASO,ES,Federal Contract Tower,11,26,40,0,77,1,0,77,0,78,12,26,117,0,155,76,0,76,231
05/10/2004,PFN,FL,ASO,ES,Federal Contract Tower,11,27,38,2,78,1,8,38,0,47,12,35,76,2,125,12,10,22,147
05/11/2004,PFN,FL,ASO,ES,Federal Contract Tower,12,46,68,7,133,0,0,50,6,56,12,46,118,13,189,36,10,46,235
05/12/2004,PFN,FL,ASO,ES,Federal Contract Tower,12,35,50,6,103,0,4,32,1,37,12,39,82,7,140,72,34,106,246
05/13/2004,PFN,FL,ASO,ES,Federal Contract Tower,10,31,42,5,88,0,4,31,3,38,10,35,73,8,126,120,10,130,256
05/14/2004,PFN,FL,ASO,ES,Federal Contract Tower,12,37,52,6,107,0,0,47,8,55,12,37,99,14,162,122,36,158,320
05/15/2004,PFN,FL,ASO,ES,Federal Contract Tower,7,22,29,0,58,5,4,39,0,48,12,26,68,0,106,84,0,84,190
05/16/2004,PFN,FL,ASO,ES,Federal Contract Tower,10,23,38,5,76,2,0,30,0,32,12,23,68,5,108,34,0,34,142
05/17/2004,PFN,FL,ASO,ES,Federal Contract Tower,11,33,45,4,93,1,2,34,0,37,12,35,79,4,130,24,36,60,190
05/18/2004,PFN,FL,ASO,ES,Federal Contract Tower,9,26,34,4,73,3,13,35,7,58,12,39,69,11,131,120,0,120,251
05/19/2004,PFN,FL,ASO,ES,Federal Contract Tower,12,43,61,7,123,0,0,63,4,67,12,43,124,11,190,116,14,130,320
05/20/2004,PFN,FL,ASO,ES,Federal Contract Tower,12,42,58,7,119,0,5,37,9,51,12,47,95,16,170,40,18,58,228
05/21/2004,PFN,FL,ASO,ES,Federal Contract Tower,12,35,47,5,99,1,4,42,1,48,13,39,89,6,147,24,6,30,177
05/22/2004,PFN,FL,ASO,ES,Federal Contract Tower,8,25,34,0,67,4,4,45,0,53,12,29,79,0,120,136,0,136,256
05/23/2004,PFN,FL,ASO,ES,Federal Contract Tower,12,28,47,0,87,1,0,58,0,59,13,28,105,0,146,44,0,44,190
05/24/2004,PFN,FL,ASO,ES,Federal Contract Tower,12,34,46,5,97,0,12,72,7,91,12,46,118,12,188,102,34,136,324
05/25/2004,PFN,FL,ASO,ES,Federal Contract Tower,12,35,47,5,99,1,13,67,5,86,13,48,114,10,185,144,24,168,353
05/26/2004,PFN,FL,ASO,ES,Federal Contract Tower,12,37,50,6,105,0,6,57,9,72,12,43,107,15,177,136,30,166,343
05/27/2004,PFN,FL,ASO,ES,Federal Contract Tower,12,43,59,6,120,0,3,61,17,81,12,46,120,23,201,88,34,122,323
05/28/2004,PFN,FL,ASO,ES,Federal Contract Tower,11,42,58,3,114,0,0,61,0,61,11,42,119,3,175,132,4,136,311
05/29/2004,PFN,FL,ASO,ES,Federal Contract Tower,11,30,43,2,86,1,0,37,0,38,12,30,80,2,124,102,4,106,230
05/30/2004,PFN,FL,ASO,ES,Federal Contract Tower,9,22,35,0,66,4,0,36,0,40,13,22,71,0,106,36,0,36,142
05/31/2004,PFN,FL,ASO,ES,Federal Contract Tower,11,19,43,2,75,1,0,30,0,31,12,19,73,2,106,8,0,8,114
06/01/2004,PFN,FL,ASO,ES,Federal Contract Tower,11,37,53,1,102,0,0,27,0,27,11,37,80,1,129,22,6,28,157
06/02/2004,PFN,FL,ASO,ES,Federal Contract Tower,11,44,61,4,120,0,4,46,0,50,11,48,107,4,170,146,14,160,330
06/03/2004,PFN,FL,ASO,ES,Federal Contract Tower,11,38,55,1,105,0,0,50,0,50,11,38,105,1,155,58,16,74,229
06/04/2004,PFN,FL,ASO,ES,Federal Contract Tower,11,43,76,4,134,0,0,88,0,88,11,43,164,4,222,120,0,120,342
06/05/2004,PFN,FL,ASO,ES,Federal Contract Tower,10,31,43,3,87,1,1,78,0,80,11,32,121,3,167,150,0,150,317
06/06/2004,PFN,FL,ASO,ES,Federal Contract Tower,10,26,39,0,75,0,0,49,0,49,10,26,88,0,124,74,0,74,198
06/07/2004,PFN,FL,ASO,ES,Federal Contract Tower,9,30,42,4,85,0,6,30,4,40,9,36,72,8,125,98,6,104,229
06/08/2004,PFN,FL,ASO,ES,Federal Contract Tower,11,36,50,4,101,0,4,64,6,74,11,40,114,10,175,148,22,170,345
06/09/2004,PFN,FL,ASO,ES,Federal Contract Tower,13,40,55,5,113,0,0,52,4,56,13,40,107,9,169,122,12,134,303
06/10/2004,PFN,FL,ASO,ES,Federal Contract Tower,10,35,47,2,94,1,13,45,0,59,11,48,92,2,153,136,10,146,299
06/11/2004,PFN,FL,ASO,ES,Federal Contract Tower,11,43,58,6,118,0,0,34,2,36,11,43,92,8,154,144,20,164,318
06/12/2004,PFN,FL,ASO,ES,Federal Contract Tower,9,29,38,4,80,3,0,30,0,33,12,29,68,4,113,46,0,46,159
06/13/2004,PFN,FL,ASO,ES,Federal Contract Tower,7,24,33,1,65,3,0,39,0,42,10,24,72,1,107,36,0,36,143
06/14/2004,PFN,FL,ASO,ES,Federal Contract Tower,9,31,41,5,86,2,3,4,3,12,11,34,45,8,98,22,14,36,134
06/15/2004,PFN,FL,ASO,ES,Federal Contract Tower,8,36,47,5,96,0,12,0,6,18,8,48,47,11,114,14,0,14,128
06/16/2004,PFN,FL,ASO,ES,Federal Contract Tower,11,44,61,6,122,0,0,57,16,73,11,44,118,22,195,130,92,222,417
06/17/2004,PFN,FL,ASO,ES,Federal Contract Tower,10,36,48,5,99,2,1,38,6,47,12,37,86,11,146,116,30,146,292
06/18/2004,PFN,FL,ASO,ES,Federal Contract Tower,12,42,62,4,120,0,0,85,0,85,12,42,147,4,205,222,14,236,441
06/19/2004,PFN,FL,ASO,ES,Federal Contract Tower,9,30,40,2,81,2,4,49,0,55,11,34,89,2,136,70,0,70,206
06/20/2004,PFN,FL,ASO,ES,Federal Contract Tower,9,22,43,0,74,3,0,67,0,70,12,22,110,0,144,44,0,44,188
06/21/2004,PFN,FL,ASO,ES,Federal Contract Tower,9,31,41,4,85,0,6,30,5,41,9,37,71,9,126,130,24,154,280
06/22/2004,PFN,FL,ASO,ES,Federal Contract Tower,10,36,47,5,98,1,5,11,5,22,11,41,58,10,120,54,12,66,186
06/23/2004,PFN,FL,ASO,ES,Federal Contract Tower,9,37,49,5,100,0,11,30,4,45,9,48,79,9,145,140,18,158,303
06/24/2004,PFN,FL,ASO,ES,Federal Contract Tower,10,43,68,6,127,0,0,37,1,38,10,43,105,7,165,184,26,210,375
06/25/2004,PFN,FL,ASO,ES,Federal Contract Tower,9,31,42,3,85,1,3,51,5,60,10,34,93,8,145,200,18,218,363
06/26/2004,PFN,FL,ASO,ES,Federal Contract Tower,8,28,37,0,73,2,8,27,0,37,10,36,64,0,110,126,0,126,236
06/27/2004,PFN,FL,ASO,ES,Federal Contract Tower,8,28,38,1,75,3,0,40,0,43,11,28,78,1,118,68,0,68,186
06/28/2004,PFN,FL,ASO,ES,Federal Contract Tower,9,30,41,3,83,2,6,45,5,58,11,36,86,8,141,150,10,160,301
06/29/2004,PFN,FL,ASO,ES,Federal Contract Tower,9,31,42,4,86,2,9,24,4,39,11,40,66,8,125,54,22,76,201
06/30/2004,PFN,FL,ASO,ES,Federal Contract Tower,11,45,64,6,126,0,0,59,6,65,11,45,123,12,191,240,20,260,451
07/01/2004,PFN,FL,ASO,ES,Federal Contract Tower,11,50,70,6,137,0,11,46,0,57,11,61,116,6,194,93,20,113,307
07/02/2004,PFN,FL,ASO,ES,Federal Contract Tower,14,49,68,0,131,0,3,50,0,53,14,52,118,0,184,16,0,16,200
07/03/2004,PFN,FL,ASO,ES,Federal Contract Tower,11,28,46,0,85,0,0,57,0,57,11,28,103,0,142,80,0,80,222
07/04/2004,PFN,FL,ASO,ES,Federal Contract Tower,7,17,25,0,49,4,4,31,0,39,11,21,56,0,88,30,0,30,118
07/05/2004,PFN,FL,ASO,ES,Federal Contract Tower,9,23,40,0,72,2,0,54,0,56,11,23,94,0,128,10,0,10,138
07/06/2004,PFN,FL,ASO,ES,Federal Contract Tower,11,45,63,6,125,0,0,74,5,79,11,45,137,11,204,188,38,226,430
07/07/2004,PFN,FL,ASO,ES,Federal Contract Tower,11,39,54,5,109,0,12,68,0,80,11,51,122,5,189,160,12,172,361
07/08/2004,PFN,FL,ASO,ES,Federal Contract Tower,11,39,55,5,110,0,2,25,9,36,11,41,80,14,146,86,8,94,240
07/09/2004,PFN,FL,ASO,ES,Federal Contract Tower,13,44,63,6,126,0,0,47,18,65,13,44,110,24,191,92,51,143,334
07/10/2004,PFN,FL,ASO,ES,Federal Contract Tower,11,33,47,4,95,0,4,52,0,56,11,37,99,4,151,114,12,126,277
07/11/2004,PFN,FL,ASO,ES,Federal Contract Tower,9,23,38,2,72,2,0,74,0,76,11,23,112,2,148,70,4,74,222
07/12/2004,PFN,FL,ASO,ES,Federal Contract Tower,10,32,46,4,92,2,7,42,0,51,12,39,88,4,143,38,24,62,205
07/13/2004,PFN,FL,ASO,ES,Federal Contract Tower,11,37,52,6,106,0,6,42,7,55,11,43,94,13,161,64,6,70,231
07/14/2004,PFN,FL,ASO,ES,Federal Contract Tower,12,44,64,7,127,0,0,92,13,105,12,44,156,20,232,192,50,242,474
07/15/2004,PFN,FL,ASO,ES,Federal Contract Tower,11,43,70,8,132,0,0,72,10,82,11,43,142,18,214,96,16,112,326
07/16/2004,PFN,FL,ASO,ES,Federal Contract Tower,12,35,53,6,106,2,0,45,12,59,14,35,98,18,165,91,26,117,282
07/17/2004,PFN,FL,ASO,ES,Federal Contract Tower,8,25,34,2,69,3,6,39,0,48,11,31,73,2,117,86,0,86,203
07/18/2004,PFN,FL,ASO,ES,Federal Contract Tower,11,26,50,0,87,1,0,48,0,49,12,26,98,0,136,6,0,6,142
07/19/2004,PFN,FL,ASO,ES,Federal Contract Tower,10,34,46,5,95,2,2,67,2,73,12,36,113,7,168,134,14,148,316
07/20/2004,PFN,FL,ASO,ES,Federal Contract Tower,10,33,45,5,93,3,0,48,3,54,13,33,93,8,147,96,32,128,275
07/21/2004,PFN,FL,ASO,ES,Federal Contract Tower,12,45,62,7,126,0,0,95,22,117,12,45,157,29,243,186,34,220,463
07/22/2004,PFN,FL,ASO,ES,Federal Contract Tower,12,48,66,8,134,0,1,59,30,90,12,49,125,38,224,112,62,174,398
07/23/2004,PFN,FL,ASO,ES,Federal Contract Tower,12,35,52,6,105,0,0,55,14,69,12,35,107,20,174,160,16,176,350
07/24/2004,PFN,FL,ASO,ES,Federal Contract Tower,8,29,38,0,75,3,8,45,0,56,11,37,83,0,131,86,0,86,217
07/25/2004,PFN,FL,ASO,ES,Federal Contract Tower,10,30,45,4,89,1,0,43,0,44,11,30,88,4,133,46,16,62,195
07/26/2004,PFN,FL,ASO,ES,Federal Contract Tower,10,31,42,0,83,2,3,40,0,45,12,34,82,0,128,96,4,100,228
07/27/2004,PFN,FL,ASO,ES,Federal Contract Tower,10,34,45,5,94,2,9,25,7,43,12,43,70,12,137,78,8,86,223
07/28/2004,PFN,FL,ASO,ES,Federal Contract Tower,12,44,63,7,126,0,0,73,13,86,12,44,136,20,212,100,32,132,344
07/29/2004,PFN,FL,ASO,ES,Federal Contract Tower,12,41,56,1,110,0,11,43,0,54,12,52,99,1,164,56,0,56,220
07/30/2004,PFN,FL,ASO,ES,Federal Contract Tower,11,41,55,7,114,0,6,57,4,67,11,47,112,11,181,116,34,150,331
07/31/2004,PFN,FL,ASO,ES,Federal Contract Tower,7,25,34,0,66,4,4,35,0,43,11,29,69,0,109,70,0,70,179
08/01/2004,PFN,FL,ASO,ES,Federal Contract Tower,9,21,32,0,62,2,0,75,0,77,11,21,107,0,139,44,0,44,183
08/02/2004,PFN,FL,ASO,ES,Federal Contract Tower,11,29,38,0,78,0,9,27,0,36,11,38,65,0,114,32,0,32,146
08/03/2004,PFN,FL,ASO,ES,Federal Contract Tower,11,37,48,4,100,0,5,58,4,67,11,42,106,8,167,82,12,94,261
08/04/2004,PFN,FL,ASO,ES,Federal Contract Tower,11,43,56,5,115,0,14,65,7,86,11,57,121,12,201,116,54,170,371
08/05/2004,PFN,FL,ASO,ES,Federal Contract Tower,11,43,56,1,111,0,1,57,0,58,11,44,113,1,169,72,12,84,253
08/06/2004,PFN,FL,ASO,ES,Federal Contract Tower,12,46,59,5,122,0,0,67,4,71,12,46,126,9,193,206,4,210,403
08/07/2004,PFN,FL,ASO,ES,Federal Contract Tower,10,31,41,3,85,0,0,47,1,48,10,31,88,4,133,60,6,66,199
08/08/2004,PFN,FL,ASO,ES,Federal Contract Tower,13,28,46,4,91,0,0,42,10,52,13,28,88,14,143,64,8,72,215
08/09/2004,PFN,FL,ASO,ES,Federal Contract Tower,12,31,38,3,84,0,0,29,7,36,12,31,67,10,120,56,12,68,188
08/10/2004,PFN,FL,ASO,ES,Federal Contract Tower,11,31,37,3,82,1,7,5,1,14,12,38,42,4,96,4,0,4,100
08/11/2004,PFN,FL,ASO,ES,Federal Contract Tower,11,33,39,0,83,0,8,0,0,8,11,41,39,0,91,0,0,0,91
08/12/2004,PFN,FL,ASO,ES,Federal Contract Tower,5,17,21,3,46,4,10,8,0,22,9,27,29,3,68,34,18,52,120
08/13/2004,PFN,FL,ASO,ES,Federal Contract Tower,9,24,32,3,68,3,0,38,0,41,12,24,70,3,109,70,18,88,197
08/14/2004,PFN,FL,ASO,ES,Federal Contract Tower,9,26,33,4,72,2,4,58,4,68,11,30,91,8,140,62,0,62,202
08/15/2004,PFN,FL,ASO,ES,Federal Contract Tower,8,23,28,2,61,4,2,53,0,59,12,25,81,2,120,46,0,46,166
08/16/2004,PFN,FL,ASO,ES,Federal Contract Tower,11,33,40,1,85,1,10,41,0,52,12,43,81,1,137,60,0,60,197
08/17/2004,PFN,FL,ASO,ES,Federal Contract Tower,11,35,42,5,93,1,2,28,3,34,12,37,70,8,127,90,76,166,293
08/18/2004,PFN,FL,ASO,ES,Federal Contract Tower,11,40,55,6,112,0,0,101,7,108,11,40,156,13,220,238,48,286,506
08/19/2004,PFN,FL,ASO,ES,Federal Contract Tower,11,40,51,5,107,0,4,51,0,55,11,44,102,5,162,140,24,164,326
08/20/2004,PFN,FL,ASO,ES,Federal Contract Tower,12,40,57,4,113,0,0,67,0,67,12,40,124,4,180,82,0,82,262
08/21/2004,PFN,FL,ASO,ES,Federal Contract Tower,7,22,27,0,56,5,9,31,0,45,12,31,58,0,101,52,16,68,169
08/22/2004,PFN,FL,ASO,ES,Federal Contract Tower,10,26,38,1,75,2,0,45,0,47,12,26,83,1,122,26,0,26,148
08/23/2004,PFN,FL,ASO,ES,Federal Contract Tower,12,36,45,5,98,0,0,48,19,67,12,36,93,24,165,112,14,126,291
08/24/2004,PFN,FL,ASO,ES,Federal Contract Tower,12,39,57,6,114,0,0,42,11,53,12,39,99,17,167,102,48,150,317
08/25/2004,PFN,FL,ASO,ES,Federal Contract Tower,12,40,51,5,108,0,0,39,0,39,12,40,90,5,147,118,2,120,267
08/26/2004,PFN,FL,ASO,ES,Federal Contract Tower,12,37,45,2,96,0,6,72,0,78,12,43,117,2,174,130,2,132,306
08/27/2004,PFN,FL,ASO,ES,Federal Contract Tower,12,34,50,4,100,0,0,67,9,76,12,34,117,13,176,100,26,126,302
08/28/2004,PFN,FL,ASO,ES,Federal Contract Tower,8,26,32,3,69,2,5,32,0,39,10,31,64,3,108,50,2,52,160
08/29/2004,PFN,FL,ASO,ES,Federal Contract Tower,7,19,26,0,52,4,0,46,0,50,11,19,72,0,102,96,0,96,198
08/30/2004,PFN,FL,ASO,ES,Federal Contract Tower,9,29,36,2,76,4,4,21,0,29,13,33,57,2,105,66,6,72,177
08/31/2004,PFN,FL,ASO,ES,Federal Contract Tower,12,37,47,4,100,2,1,26,15,44,14,38,73,19,144,90,38,128,272
09/01/2004,PFN,FL,ASO,ES,Federal Contract Tower,12,35,49,4,100,0,3,77,8,88,12,38,126,12,188,254,30,284,472
09/02/2004,PFN,FL,ASO,ES,Federal Contract Tower,12,43,58,4,117,0,7,74,24,105,12,50,132,28,222,84,60,144,366
09/03/2004,PFN,FL,ASO,ES,Federal Contract Tower,12,31,47,1,91,0,0,50,0,50,12,31,97,1,141,82,0,82,223
09/04/2004,PFN,FL,ASO,ES,Federal Contract Tower,8,20,29,2,59,3,2,56,0,61,11,22,85,2,120,24,0,24,144
09/05/2004,PFN,FL,ASO,ES,Federal Contract Tower,8,13,28,0,49,3,0,23,0,26,11,13,51,0,75,4,0,4,79
09/06/2004,PFN,FL,ASO,ES,Federal Contract Tower,0,0,0,0,0,0,1,0,0,1,0,1,0,0,1,0,0,0,1
09/07/2004,PFN,FL,ASO,ES,Federal Contract Tower,9,31,40,3,83,0,3,14,11,28,9,34,54,14,111,2,6,8,119
09/08/2004,PFN,FL,ASO,ES,Federal Contract Tower,8,31,40,3,82,0,11,64,20,95,8,42,104,23,177,154,50,204,381
09/09/2004,PFN,FL,ASO,ES,Federal Contract Tower,13,36,48,4,101,1,4,57,10,72,14,40,105,14,173,78,26,104,277
09/10/2004,PFN,FL,ASO,ES,Federal Contract Tower,12,42,55,4,113,0,1,69,1,71,12,43,124,5,184,92,0,92,276
09/11/2004,PFN,FL,ASO,ES,Federal Contract Tower,9,24,31,0,64,1,8,17,0,26,10,32,48,0,90,42,0,42,132
09/12/2004,PFN,FL,ASO,ES,Federal Contract Tower,11,25,43,3,82,1,0,34,0,35,12,25,77,3,117,40,0,40,157
09/13/2004,PFN,FL,ASO,ES,Federal Contract Tower,12,37,48,0,97,0,0,11,0,11,12,37,59,0,108,12,0,12,120
09/14/2004,PFN,FL,ASO,ES,Federal Contract Tower,11,34,44,1,90,2,9,18,0,29,13,43,62,1,119,0,0,0,119
09/15/2004,PFN,FL,ASO,ES,Federal Contract Tower,0,3,3,0,6,0,0,1,0,1,0,3,4,0,7,0,0,0,7
09/16/2004,PFN,FL,ASO,ES,Federal Contract Tower,0,0,0,0,0,0,0,6,0,6,0,0,6,0,6,0,0,0,6
09/17/2004,PFN,FL,ASO,ES,Federal Contract Tower,9,23,37,4,73,0,0,100,2,102,9,23,137,6,175,28,0,28,203
09/18/2004,PFN,FL,ASO,ES,Federal Contract Tower,10,26,37,4,77,2,0,97,40,139,12,26,134,44,216,28,12,40,256
09/19/2004,PFN,FL,ASO,ES,Federal Contract Tower,10,25,35,3,73,2,0,90,9,101,12,25,125,12,174,28,28,56,230
09/20/2004,PFN,FL,ASO,ES,Federal Contract Tower,10,29,38,4,81,2,8,26,17,53,12,37,64,21,134,54,16,70,204
09/21/2004,PFN,FL,ASO,ES,Federal Contract Tower,12,35,45,4,96,1,2,48,17,68,13,37,93,21,164,33,28,61,225
09/22/2004,PFN,FL,ASO,ES,Federal Contract Tower,12,37,50,4,103,0,0,70,15,85,12,37,120,19,188,66,26,92,280
09/23/2004,PFN,FL,ASO,ES,Federal Contract Tower,12,36,49,4,101,0,1,71,37,109,12,37,120,41,210,140,14,154,364
09/24/2004,PFN,FL,ASO,ES,Federal Contract Tower,12,36,50,4,102,0,0,77,20,97,12,36,127,24,199,156,30,186,385
09/25/2004,PFN,FL,ASO,ES,Federal Contract Tower,9,28,38,3,78,2,3,50,12,67,11,31,88,15,145,106,0,106,251
09/26/2004,PFN,FL,ASO,ES,Federal Contract Tower,9,18,32,0,59,2,0,23,0,25,11,18,55,0,84,0,0,0,84
09/27/2004,PFN,FL,ASO,ES,Federal Contract Tower,8,26,34,2,70,2,1,19,15,37,10,27,53,17,107,46,34,80,187
09/28/2004,PFN,FL,ASO,ES,Federal Contract Tower,12,39,52,4,107,0,0,63,9,72,12,39,115,13,179,158,14,172,351
09/29/2004,PFN,FL,ASO,ES,Federal Contract Tower,12,38,51,3,104,0,10,39,0,49,12,48,90,3,153,162,34,196,349
09/30/2004,PFN,FL,ASO,ES,Federal Contract Tower,12,37,50,0,99,0,0,63,0,63,12,37,113,0,162,130,0,130,292
10/01/2004,PFN,FL,ASO,ES,Federal Contract Tower,12,37,58,2,109,0,1,69,4,74,12,38,127,6,183,218,14,232,415
10/02/2004,PFN,FL,ASO,ES,Federal Contract Tower,11,29,18,0,58,0,0,58,0,58,11,29,76,0,116,98,0,98,214
10/03/2004,PFN,FL,ASO,ES,Federal Contract Tower,13,19,27,0,59,0,0,31,0,31,13,19,58,0,90,66,2,68,158
10/04/2004,PFN,FL,ASO,ES,Federal Contract Tower,14,31,45,1,91,0,0,39,0,39,14,31,84,1,130,132,0,132,262
10/05/2004,PFN,FL,ASO,ES,Federal Contract Tower,13,44,60,5,122,0,6,95,3,104,13,50,155,8,226,100,36,136,362
10/06/2004,PFN,FL,ASO,ES,Federal Contract Tower,12,41,67,12,132,0,2,60,1,63,12,43,127,13,195,156,26,182,377
10/07/2004,PFN,FL,ASO,ES,Federal Contract Tower,14,34,52,2,102,0,4,38,0,42,14,38,90,2,144,124,8,132,276
10/08/2004,PFN,FL,ASO,ES,Federal Contract Tower,14,36,52,6,108,0,3,75,1,79,14,39,127,7,187,154,34,188,375
10/09/2004,PFN,FL,ASO,ES,Federal Contract Tower,12,28,35,0,75,0,0,22,2,24,12,28,57,2,99,76,0,76,175
10/10/2004,PFN,FL,ASO,ES,Federal Contract Tower,12,26,35,0,73,0,0,7,0,7,12,26,42,0,80,4,2,6,86
10/11/2004,PFN,FL,ASO,ES,Federal Contract Tower,13,29,39,0,81,0,0,10,0,10,13,29,49,0,91,4,0,4,95
10/12/2004,PFN,FL,ASO,ES,Federal Contract Tower,15,34,51,1,101,0,2,38,3,43,15,36,89,4,144,68,0,68,212
10/13/2004,PFN,FL,ASO,ES,Federal Contract Tower,14,34,71,5,124,0,3,74,14,91,14,37,145,19,215,180,12,192,407
10/14/2004,PFN,FL,ASO,ES,Federal Contract Tower,14,40,55,5,114,0,2,55,0,57,14,42,110,5,171,138,18,156,327
10/15/2004,PFN,FL,ASO,ES,Federal Contract Tower,14,35,49,5,103,0,2,66,4,72,14,37,115,9,175,140,12,152,327
10/16/2004,PFN,FL,ASO,ES,Federal Contract Tower,14,26,24,2,66,0,0,72,0,72,14,26,96,2,138,100,6,106,244
10/17/2004,PFN,FL,ASO,ES,Federal Contract Tower,14,29,31,0,74,0,2,52,0,54,14,31,83,0,128,30,0,30,158
10/18/2004,PFN,FL,ASO,ES,Federal Contract Tower,13,40,34,12,99,0,4,56,2,62,13,44,90,14,161,160,18,178,339
10/19/2004,PFN,FL,ASO,ES,Federal Contract Tower,14,34,42,12,102,0,0,15,2,17,14,34,57,14,119,30,0,30,149
10/20/2004,PFN,FL,ASO,ES,Federal Contract Tower,14,44,64,16,138,0,0,63,0,63,14,44,127,16,201,132,8,140,341
10/21/2004,PFN,FL,ASO,ES,Federal Contract Tower,15,36,83,16,150,0,1,41,5,47,15,37,124,21,197,142,20,162,359
10/22/2004,PFN,FL,ASO,ES,Federal Contract Tower,13,42,76,19,150,0,0,40,5,45,13,42,116,24,195,78,60,138,333
10/23/2004,PFN,FL,ASO,ES,Federal Contract Tower,14,29,31,0,74,0,0,71,2,73,14,29,102,2,147,122,0,122,269
10/24/2004,PFN,FL,ASO,ES,Federal Contract Tower,12,23,45,2,82,0,0,33,2,35,12,23,78,4,117,52,0,52,169
10/25/2004,PFN,FL,ASO,ES,Federal Contract Tower,12,34,55,8,109,0,0,32,4,36,12,34,87,12,145,40,2,42,187
10/26/2004,PFN,FL,ASO,ES,Federal Contract Tower,14,37,65,6,122,0,3,55,10,68,14,40,120,16,190,131,15,146,336
10/27/2004,PFN,FL,ASO,ES,Federal Contract Tower,14,42,62,19,137,0,6,95,0,101,14,48,157,19,238,332,34,366,604
10/28/2004,PFN,FL,ASO,ES,Federal Contract Tower,14,38,60,14,126,0,2,86,9,97,14,40,146,23,223,226,30,256,479
10/29/2004,PFN,FL,ASO,ES,Federal Contract Tower,14,36,66,9,125,0,3,67,4,74,14,39,133,13,199,168,10,178,377
10/30/2004,PFN,FL,ASO,ES,Federal Contract Tower,14,24,31,0,69,0,0,65,2,67,14,24,96,2,136,114,0,114,250
10/31/2004,PFN,FL,ASO,ES,Federal Contract Tower,14,19,42,1,76,0,0,35,0,35,14,19,77,1,111,106,0,106,217
11/01/2004,PFN,FL,ASO,ES,Federal Contract Tower,14,37,50,5,106,0,1,34,2,37,14,38,84,7,143,148,0,148,291
11/02/2004,PFN,FL,ASO,ES,Federal Contract Tower,13,35,34,13,95,0,2,14,7,23,13,37,48,20,118,16,30,46,164
11/03/2004,PFN,FL,ASO,ES,Federal Contract Tower,14,33,32,21,100,0,2,57,9,68,14,35,89,30,168,136,36,172,340
11/04/2004,PFN,FL,ASO,ES,Federal Contract Tower,14,37,52,9,112,0,1,46,1,48,14,38,98,10,160,68,18,86,246
11/05/2004,PFN,FL,ASO,ES,Federal Contract Tower,14,27,64,12,117,0,3,59,8,70,14,30,123,20,187,16,12,28,215
11/06/2004,PFN,FL,ASO,ES,Federal Contract Tower,14,29,30,0,73,0,0,82,0,82,14,29,112,0,155,70,0,70,225
11/07/2004,PFN,FL,ASO,ES,Federal Contract Tower,13,22,50,0,85,0,0,119,0,119,13,22,169,0,204,86,0,86,290
11/08/2004,PFN,FL,ASO,ES,Federal Contract Tower,14,27,33,0,74,0,5,58,11,74,14,32,91,11,148,104,18,122,270
11/09/2004,PFN,FL,ASO,ES,Federal Contract Tower,14,33,35,15,97,0,4,54,3,61,14,37,89,18,158,150,24,174,332
11/10/2004,PFN,FL,ASO,ES,Federal Contract Tower,14,43,42,11,110,0,5,70,1,76,14,48,112,12,186,112,8,120,306
11/11/2004,PFN,FL,ASO,ES,Federal Contract Tower,12,35,53,0,100,0,4,4,0,8,12,39,57,0,108,28,0,28,136
11/12/2004,PFN,FL,ASO,ES,Federal Contract Tower,12,32,48,2,94,0,3,56,0,59,12,35,104,2,153,160,0,160,313
11/13/2004,PFN,FL,ASO,ES,Federal Contract Tower,14,26,40,1,81,0,1,17,0,18,14,27,57,1,99,40,0,40,139
11/14/2004,PFN,FL,ASO,ES,Federal Contract Tower,15,22,36,0,73,0,0,32,0,32,15,22,68,0,105,22,0,22,127
11/15/2004,PFN,FL,ASO,ES,Federal Contract Tower,15,36,40,8,99,0,3,43,2,48,15,39,83,10,147,96,20,116,263
11/16/2004,PFN,FL,ASO,ES,Federal Contract Tower,14,33,32,8,87,0,3,57,6,66,14,36,89,14,153,212,42,254,407
11/17/2004,PFN,FL,ASO,ES,Federal Contract Tower,15,31,70,8,124,0,6,99,11,116,15,37,169,19,240,230,42,272,512
11/18/2004,PFN,FL,ASO,ES,Federal Contract Tower,14,37,35,9,95,0,4,60,0,64,14,41,95,9,159,176,24,200,359
11/19/2004,PFN,FL,ASO,ES,Federal Contract Tower,13,35,53,6,107,0,5,22,1,28,13,40,75,7,135,10,48,58,193
11/20/2004,PFN,FL,ASO,ES,Federal Contract Tower,14,27,29,0,70,0,0,1,0,1,14,27,30,0,71,6,0,6,77
11/21/2004,PFN,FL,ASO,ES,Federal Contract Tower,12,24,38,0,74,0,0,33,8,41,12,24,71,8,115,82,0,82,197
11/22/2004,PFN,FL,ASO,ES,Federal Contract Tower,10,30,30,7,77,0,0,29,19,48,10,30,59,26,125,124,10,134,259
11/23/2004,PFN,FL,ASO,ES,Federal Contract Tower,13,31,46,2,92,0,3,34,0,37,13,34,80,2,129,78,22,100,229
11/24/2004,PFN,FL,ASO,ES,Federal Contract Tower,12,29,40,0,81,0,1,21,0,22,12,30,61,0,103,0,0,0,103
11/25/2004,PFN,FL,ASO,ES,Federal Contract Tower,16,14,24,2,56,0,0,40,1,41,16,14,64,3,97,14,0,14,111
11/26/2004,PFN,FL,ASO,ES,Federal Contract Tower,15,22,34,2,73,0,3,78,1,82,15,25,112,3,155,92,0,92,247
11/27/2004,PFN,FL,ASO,ES,Federal Contract Tower,12,29,25,0,66,0,1,25,0,26,12,30,50,0,92,64,0,64,156
11/28/2004,PFN,FL,ASO,ES,Federal Contract Tower,15,21,56,0,92,0,1,69,4,74,15,22,125,4,166,104,0,104,270
11/29/2004,PFN,FL,ASO,ES,Federal Contract Tower,15,30,38,13,96,0,5,48,2,55,15,35,86,15,151,108,20,128,279
11/30/2004,PFN,FL,ASO,ES,Federal Contract Tower,15,32,51,8,106,0,6,56,4,66,15,38,107,12,172,186,20,206,378
12/01/2004,PFN,FL,ASO,ES,Federal Contract Tower,14,41,36,10,101,0,4,74,14,92,14,45,110,24,193,62,32,94,287
12/02/2004,PFN,FL,ASO,ES,Federal Contract Tower,15,41,48,4,108,0,2,58,8,68,15,43,106,12,176,178,20,198,374
12/03/2004,PFN,FL,ASO,ES,Federal Contract Tower,14,27,41,5,87,0,6,62,4,72,14,33,103,9,159,154,6,160,319
12/04/2004,PFN,FL,ASO,ES,Federal Contract Tower,13,25,29,0,67,0,0,59,14,73,13,25,88,14,140,110,4,114,254
12/05/2004,PFN,FL,ASO,ES,Federal Contract Tower,14,19,25,1,59,0,0,7,2,9,14,19,32,3,68,44,4,48,116
12/06/2004,PFN,FL,ASO,ES,Federal Contract Tower,14,36,33,23,106,0,3,30,7,40,14,39,63,30,146,80,50,130,276
12/07/2004,PFN,FL,ASO,ES,Federal Contract Tower,12,39,42,2,95,0,0,2,0,2,12,39,44,2,97,6,0,6,103
12/08/2004,PFN,FL,ASO,ES,Federal Contract Tower,14,41,36,3,94,0,0,22,7,29,14,41,58,10,123,62,66,128,251
12/09/2004,PFN,FL,ASO,ES,Federal Contract Tower,12,36,42,13,103,0,0,5,0,5,12,36,47,13,108,36,24,60,168
12/10/2004,PFN,FL,ASO,ES,Federal Contract Tower,16,35,36,1,88,0,5,23,11,39,16,40,59,12,127,90,4,94,221
12/11/2004,PFN,FL,ASO,ES,Federal Contract Tower,14,22,19,0,55,0,0,39,4,43,14,22,58,4,98,58,0,58,156
12/12/2004,PFN,FL,ASO,ES,Federal Contract Tower,14,33,39,1,87,0,0,64,0,64,14,33,103,1,151,78,2,80,231
12/13/2004,PFN,FL,ASO,ES,Federal Contract Tower,14,38,23,5,80,0,3,37,1,41,14,41,60,6,121,110,2,112,233
12/14/2004,PFN,FL,ASO,ES,Federal Contract Tower,14,40,34,9,97,0,7,45,8,60,14,47,79,17,157,56,20,76,233
12/15/2004,PFN,FL,ASO,ES,Federal Contract Tower,14,23,58,7,102,0,7,40,0,47,14,30,98,7,149,154,16,170,319
12/16/2004,PFN,FL,ASO,ES,Federal Contract Tower,14,39,34,7,94,0,5,46,0,51,14,44,80,7,145,98,4,102,247
12/17/2004,PFN,FL,ASO,ES,Federal Contract Tower,14,29,48,3,94,0,6,38,1,45,14,35,86,4,139,206,0,206,345
12/18/2004,PFN,FL,ASO,ES,Federal Contract Tower,12,23,35,0,70,0,0,79,0,79,12,23,114,0,149,94,0,94,243
12/19/2004,PFN,FL,ASO,ES,Federal Contract Tower,14,21,30,0,65,0,0,25,1,26,14,21,55,1,91,38,0,38,129
12/20/2004,PFN,FL,ASO,ES,Federal Contract Tower,14,33,35,6,88,0,8,59,4,71,14,41,94,10,159,84,4,88,247
12/21/2004,PFN,FL,ASO,ES,Federal Contract Tower,14,36,58,6,114,0,4,58,7,69,14,40,116,13,183,58,0,58,241
12/22/2004,PFN,FL,ASO,ES,Federal Contract Tower,13,30,45,0,88,0,2,7,0,9,13,32,52,0,97,10,0,10,107
12/23/2004,PFN,FL,ASO,ES,Federal Contract Tower,14,30,41,2,87,0,1,15,0,16,14,31,56,2,103,4,0,4,107
12/24/2004,PFN,FL,ASO,ES,Federal Contract Tower,15,29,12,0,56,0,0,11,0,11,15,29,23,0,67,0,0,0,67
12/25/2004,PFN,FL,ASO,ES,Federal Contract Tower,14,16,3,0,33,0,0,0,0,0,14,16,3,0,33,2,0,2,35
12/26/2004,PFN,FL,ASO,ES,Federal Contract Tower,15,19,34,0,68,0,0,59,2,61,15,19,93,2,129,72,0,72,201
12/27/2004,PFN,FL,ASO,ES,Federal Contract Tower,15,40,29,2,86,0,0,49,0,49,15,40,78,2,135,76,0,76,211
12/28/2004,PFN,FL,ASO,ES,Federal Contract Tower,14,36,41,9,100,0,5,69,5,79,14,41,110,14,179,154,0,154,333
12/29/2004,PFN,FL,ASO,ES,Federal Contract Tower,13,38,58,0,109,0,3,82,2,87,13,41,140,2,196,180,2,182,378
12/30/2004,PFN,FL,ASO,ES,Federal Contract Tower,14,30,44,2,90,0,9,55,0,64,14,39,99,2,154,84,0,84,238
12/31/2004,PFN,FL,ASO,ES,Federal Contract Tower,14,35,30,0,79,0,3,63,0,66,14,38,93,0,145,66,0,66,211
01/01/2005,PFN,FL,ASO,ES,Federal Contract Tower,12,21,25,0,58,0,0,54,0,54,12,21,79,0,112,40,0,40,152
01/02/2005,PFN,FL,ASO,ES,Federal Contract Tower,14,25,63,0,102,0,1,67,1,69,14,26,130,1,171,128,0,128,299
01/03/2005,PFN,FL,ASO,ES,Federal Contract Tower,13,37,36,4,90,0,3,44,5,52,13,40,80,9,142,80,14,94,236
01/04/2005,PFN,FL,ASO,ES,Federal Contract Tower,14,31,43,9,97,0,4,67,17,88,14,35,110,26,185,128,28,156,341
01/05/2005,PFN,FL,ASO,ES,Federal Contract Tower,15,34,53,7,109,0,2,56,10,68,15,36,109,17,177,54,12,66,243
01/06/2005,PFN,FL,ASO,ES,Federal Contract Tower,12,32,56,18,118,0,4,6,0,10,12,36,62,18,128,24,20,44,172
01/07/2005,PFN,FL,ASO,ES,Federal Contract Tower,12,34,56,2,104,0,3,14,1,18,12,37,70,3,122,54,20,74,196
01/08/2005,PFN,FL,ASO,ES,Federal Contract Tower,12,29,28,0,69,0,0,12,0,12,12,29,40,0,81,32,0,32,113
01/09/2005,PFN,FL,ASO,ES,Federal Contract Tower,14,12,43,0,69,0,0,0,0,0,14,12,43,0,69,16,0,16,85
01/10/2005,PFN,FL,ASO,ES,Federal Contract Tower,14,29,60,7,110,0,4,27,0,31,14,33,87,7,141,76,28,104,245
01/11/2005,PFN,FL,ASO,ES,Federal Contract Tower,13,33,59,7,112,0,0,37,13,50,13,33,96,20,162,96,18,114,276
01/12/2005,PFN,FL,ASO,ES,Federal Contract Tower,13,23,53,11,100,0,1,50,6,57,13,24,103,17,157,34,20,54,211
01/13/2005,PFN,FL,ASO,ES,Federal Contract Tower,10,26,25,2,63,0,0,2,0,2,10,26,27,2,65,0,6,6,71
01/14/2005,PFN,FL,ASO,ES,Federal Contract Tower,14,30,59,3,106,0,2,33,6,41,14,32,92,9,147,52,0,52,199
01/15/2005,PFN,FL,ASO,ES,Federal Contract Tower,14,21,40,1,76,0,0,59,1,60,14,21,99,2,136,110,0,110,246
01/16/2005,PFN,FL,ASO,ES,Federal Contract Tower,12,12,36,0,60,0,0,25,0,25,12,12,61,0,85,46,0,46,131
01/17/2005,PFN,FL,ASO,ES,Federal Contract Tower,14,20,31,2,67,0,1,65,0,66,14,21,96,2,133,54,0,54,187
01/18/2005,PFN,FL,ASO,ES,Federal Contract Tower,13,26,47,6,92,0,3,43,0,46,13,29,90,6,138,86,8,94,232
01/19/2005,PFN,FL,ASO,ES,Federal Contract Tower,14,18,42,4,78,0,6,95,1,102,14,24,137,5,180,240,2,242,422
01/20/2005,PFN,FL,ASO,ES,Federal Contract Tower,12,22,45,4,83,0,6,65,1,72,12,28,110,5,155,140,12,152,307
01/21/2005,PFN,FL,ASO,ES,Federal Contract Tower,12,34,49,4,99,0,5,64,2,71,12,39,113,6,170,76,0,76,246
01/22/2005,PFN,FL,ASO,ES,Federal Contract Tower,14,15,22,0,51,0,0,16,0,16,14,15,38,0,67,28,0,28,95
01/23/2005,PFN,FL,ASO,ES,Federal Contract Tower,13,16,40,0,69,0,0,17,0,17,13,16,57,0,86,2,0,2,88
01/24/2005,PFN,FL,ASO,ES,Federal Contract Tower,14,15,41,7,77,0,5,41,7,53,14,20,82,14,130,116,22,138,268
01/25/2005,PFN,FL,ASO,ES,Federal Contract Tower,13,23,37,17,90,0,11,85,11,107,13,34,122,28,197,142,34,176,373
01/26/2005,PFN,FL,ASO,ES,Federal Contract Tower,12,24,33,13,82,0,5,57,0,62,12,29,90,13,144,114,2,116,260
01/27/2005,PFN,FL,ASO,ES,Federal Contract Tower,14,31,43,30,118,0,5,36,3,44,14,36,79,33,162,124,46,170,332
01/28/2005,PFN,FL,ASO,ES,Federal Contract Tower,15,24,41,0,80,0,3,8,0,11,15,27,49,0,91,36,0,36,127
01/29/2005,PFN,FL,ASO,ES,Federal Contract Tower,0,18,23,0,41,0,0,0,0,0,0,18,23,0,41,0,0,0,41
01/30/2005,PFN,FL,ASO,ES,Federal Contract Tower,9,8,31,3,51,0,1,45,0,46,9,9,76,3,97,80,4,84,181
01/31/2005,PFN,FL,ASO,ES,Federal Contract Tower,11,15,37,6,69,0,2,37,14,53,11,17,74,20,122,156,4,160,282
02/01/2005,PFN,FL,ASO,ES,Federal Contract Tower,11,31,42,0,84,0,3,13,0,16,11,34,55,0,100,70,0,70,170
02/02/2005,PFN,FL,ASO,ES,Federal Contract Tower,12,28,34,0,74,0,0,0,0,0,12,28,34,0,74,2,0,2,76
02/03/2005,PFN,FL,ASO,ES,Federal Contract Tower,12,29,49,1,91,0,2,4,1,7,12,31,53,2,98,50,0,50,148
02/04/2005,PFN,FL,ASO,ES,Federal Contract Tower,12,26,56,3,97,0,9,51,0,60,12,35,107,3,157,148,18,166,323
02/05/2005,PFN,FL,ASO,ES,Federal Contract Tower,12,17,43,0,72,0,1,117,0,118,12,18,160,0,190,188,0,188,378
02/06/2005,PFN,FL,ASO,ES,Federal Contract Tower,12,10,29,0,51,0,0,93,0,93,12,10,122,0,144,144,0,144,288
02/07/2005,PFN,FL,ASO,ES,Federal Contract Tower,12,19,27,7,65,0,9,58,0,67,12,28,85,7,132,118,18,136,268
02/08/2005,PFN,FL,ASO,ES,Federal Contract Tower,12,20,43,15,90,0,8,65,1,74,12,28,108,16,164,130,24,154,318
02/09/2005,PFN,FL,ASO,ES,Federal Contract Tower,12,31,59,12,114,0,0,48,24,72,12,31,107,36,186,186,36,222,408
02/10/2005,PFN,FL,ASO,ES,Federal Contract Tower,12,20,53,12,97,0,2,33,0,35,12,22,86,12,132,15,10,25,157
02/11/2005,PFN,FL,ASO,ES,Federal Contract Tower,12,18,44,10,84,0,8,54,13,75,12,26,98,23,159,92,24,116,275
02/12/2005,PFN,FL,ASO,ES,Federal Contract Tower,12,15,29,0,56,0,0,90,0,90,12,15,119,0,146,140,0,140,286
02/13/2005,PFN,FL,ASO,ES,Federal Contract Tower,12,8,22,7,49,0,1,54,0,55,12,9,76,7,104,74,2,76,180
02/14/2005,PFN,FL,ASO,ES,Federal Contract Tower,11,21,25,13,70,0,2,21,0,23,11,23,46,13,93,60,40,100,193
02/15/2005,PFN,FL,ASO,ES,Federal Contract Tower,11,31,68,2,112,0,7,8,1,16,11,38,76,3,128,34,0,34,162
02/16/2005,PFN,FL,ASO,ES,Federal Contract Tower,12,26,42,3,83,0,1,31,1,33,12,27,73,4,116,50,4,54,170
02/17/2005,PFN,FL,ASO,ES,Federal Contract Tower,12,17,74,5,108,0,0,34,13,47,12,17,108,18,155,210,28,238,393
02/18/2005,PFN,FL,ASO,ES,Federal Contract Tower,12,17,56,10,95,0,8,89,2,99,12,25,145,12,194,122,30,152,346
02/19/2005,PFN,FL,ASO,ES,Federal Contract Tower,12,16,49,0,77,0,2,82,11,95,12,18,131,11,172,92,0,92,264
02/20/2005,PFN,FL,ASO,ES,Federal Contract Tower,12,12,44,1,69,0,0,57,3,60,12,12,101,4,129,100,12,112,241
02/21/2005,PFN,FL,ASO,ES,Federal Contract Tower,10,16,60,2,88,0,1,26,0,27,10,17,86,2,115,60,8,68,183
02/22/2005,PFN,FL,ASO,ES,Federal Contract Tower,14,24,70,13,121,0,2,9,2,13,14,26,79,15,134,4,16,20,154
02/23/2005,PFN,FL,ASO,ES,Federal Contract Tower,13,26,61,0,100,0,1,5,0,6,13,27,66,0,106,4,0,4,110
02/24/2005,PFN,FL,ASO,ES,Federal Contract Tower,12,20,54,15,101,0,2,33,1,36,12,22,87,16,137,220,74,294,431
02/25/2005,PFN,FL,ASO,ES,Federal Contract Tower,12,27,70,11,120,0,1,4,1,6,12,28,74,12,126,0,4,4,130
02/26/2005,PFN,FL,ASO,ES,Federal Contract Tower,12,16,23,0,51,0,0,58,0,58,12,16,81,0,109,92,0,92,201
02/27/2005,PFN,FL,ASO,ES,Federal Contract Tower,11,13,17,0,41,0,0,1,0,1,11,13,18,0,42,2,0,2,44
02/28/2005,PFN,FL,ASO,ES,Federal Contract Tower,8,17,37,10,72,0,4,24,8,36,8,21,61,18,108,42,42,84,192
03/01/2005,PFN,FL,ASO,ES,Federal Contract Tower,12,22,46,17,97,0,12,74,1,87,12,34,120,18,184,108,18,126,310
03/02/2005,PFN,FL,ASO,ES,Federal Contract Tower,14,23,37,12,86,0,8,74,7,89,14,31,111,19,175,144,14,158,333
03/03/2005,PFN,FL,ASO,ES,Federal Contract Tower,14,25,48,5,92,0,2,13,0,15,14,27,61,5,107,16,26,42,149
03/04/2005,PFN,FL,ASO,ES,Federal Contract Tower,14,25,53,14,106,0,6,56,7,69,14,31,109,21,175,132,6,138,313
03/05/2005,PFN,FL,ASO,ES,Federal Contract Tower,14,25,42,3,84,0,4,72,0,76,14,29,114,3,160,130,6,136,296
03/06/2005,PFN,FL,ASO,ES,Federal Contract Tower,14,15,57,1,87,0,0,97,0,97,14,15,154,1,184,88,2,90,274
03/07/2005,PFN,FL,ASO,ES,Federal Contract Tower,11,25,31,12,79,0,6,33,2,41,11,31,64,14,120,102,16,118,238
03/08/2005,PFN,FL,ASO,ES,Federal Contract Tower,13,28,59,5,105,0,7,68,4,79,13,35,127,9,184,100,24,124,308
03/09/2005,PFN,FL,ASO,ES,Federal Contract Tower,14,26,51,13,104,0,1,99,0,100,14,27,150,13,204,102,20,122,326
03/10/2005,PFN,FL,ASO,ES,Federal Contract Tower,14,32,45,13,104,0,1,91,5,97,14,33,136,18,201,200,18,218,419
03/11/2005,PFN,FL,ASO,ES,Federal Contract Tower,13,26,29,10,78,0,2,37,0,39,13,28,66,10,117,104,20,124,241
03/12/2005,PFN,FL,ASO,ES,Federal Contract Tower,14,18,32,0,64,0,2,51,12,65,14,20,83,12,129,70,0,70,199
03/13/2005,PFN,FL,ASO,ES,Federal Contract Tower,16,9,59,4,88,0,0,49,1,50,16,9,108,5,138,64,0,64,202
03/14/2005,PFN,FL,ASO,ES,Federal Contract Tower,14,25,44,9,92,0,3,43,2,48,14,28,87,11,140,126,32,158,298
03/15/2005,PFN,FL,ASO,ES,Federal Contract Tower,14,28,40,11,93,0,1,23,0,24,14,29,63,11,117,96,24,120,237
03/16/2005,PFN,FL,ASO,ES,Federal Contract Tower,11,28,37,1,77,0,2,11,1,14,11,30,48,2,91,24,0,24,115
03/17/2005,PFN,FL,ASO,ES,Federal Contract Tower,14,33,78,4,129,0,1,10,4,15,14,34,88,8,144,36,10,46,190
03/18/2005,PFN,FL,ASO,ES,Federal Contract Tower,14,31,98,4,147,0,5,86,18,109,14,36,184,22,256,218,26,244,500
03/19/2005,PFN,FL,ASO,ES,Federal Contract Tower,14,19,57,0,90,0,1,76,3,80,14,20,133,3,170,110,0,110,280
03/20/2005,PFN,FL,ASO,ES,Federal Contract Tower,13,16,68,1,98,0,0,46,4,50,13,16,114,5,148,66,4,70,218
03/21/2005,PFN,FL,ASO,ES,Federal Contract Tower,14,31,47,21,113,0,0,52,21,73,14,31,99,42,186,148,68,216,402
03/22/2005,PFN,FL,ASO,ES,Federal Contract Tower,8,23,27,3,61,0,0,1,1,2,8,23,28,4,63,0,0,0,63
03/23/2005,PFN,FL,ASO,ES,Federal Contract Tower,13,27,47,17,104,0,2,59,7,68,13,29,106,24,172,50,6,56,228
03/24/2005,PFN,FL,ASO,ES,Federal Contract Tower,14,27,61,21,123,0,4,103,0,107,14,31,164,21,230,142,12,154,384
03/25/2005,PFN,FL,ASO,ES,Federal Contract Tower,14,26,79,2,121,0,2,65,1,68,14,28,144,3,189,32,0,32,221
03/26/2005,PFN,FL,ASO,ES,Federal Contract Tower,14,18,25,0,57,0,0,3,0,3,14,18,28,0,60,0,0,0,60
03/27/2005,PFN,FL,ASO,ES,Federal Contract Tower,9,13,25,0,47,0,0,2,0,2,9,13,27,0,49,0,0,0,49
03/28/2005,PFN,FL,ASO,ES,Federal Contract Tower,12,21,46,5,84,0,4,19,0,23,12,25,65,5,107,8,52,60,167
03/29/2005,PFN,FL,ASO,ES,Federal Contract Tower,14,25,52,9,100,0,14,91,3,108,14,39,143,12,208,124,60,184,392
03/30/2005,PFN,FL,ASO,ES,Federal Contract Tower,14,29,48,13,104,0,0,66,5,71,14,29,114,18,175,172,64,236,411
03/31/2005,PFN,FL,ASO,ES,Federal Contract Tower,11,29,34,3,77,0,0,7,0,7,11,29,41,3,84,0,16,16,100
04/01/2005,PFN,FL,ASO,ES,Federal Contract Tower,12,22,35,0,69,0,0,2,0,2,12,22,37,0,71,2,0,2,73
04/02/2005,PFN,FL,ASO,ES,Federal Contract Tower,14,19,61,0,94,0,0,46,5,51,14,19,107,5,145,36,22,58,203
04/03/2005,PFN,FL,ASO,ES,Federal Contract Tower,14,12,45,2,73,0,0,81,2,83,14,12,126,4,156,168,0,168,324
04/04/2005,PFN,FL,ASO,ES,Federal Contract Tower,14,20,38,4,76,0,3,68,7,78,14,23,106,11,154,126,18,144,298
04/05/2005,PFN,FL,ASO,ES,Federal Contract Tower,15,20,42,5,82,0,26,71,7,104,15,46,113,12,186,224,26,250,436
04/06/2005,PFN,FL,ASO,ES,Federal Contract Tower,13,35,45,1,94,0,1,35,2,38,13,36,80,3,132,28,0,28,160
04/07/2005,PFN,FL,ASO,ES,Federal Contract Tower,10,27,51,0,88,0,1,25,6,32,10,28,76,6,120,60,34,94,214
04/08/2005,PFN,FL,ASO,ES,Federal Contract Tower,14,22,68,3,107,0,5,76,0,81,14,27,144,3,188,110,10,120,308
04/09/2005,PFN,FL,ASO,ES,Federal Contract Tower,14,16,47,0,77,0,0,90,0,90,14,16,137,0,167,136,2,138,305
04/10/2005,PFN,FL,ASO,ES,Federal Contract Tower,14,11,41,2,68,0,0,83,0,83,14,11,124,2,151,136,0,136,287
04/11/2005,PFN,FL,ASO,ES,Federal Contract Tower,14,25,52,9,100,0,2,76,3,81,14,27,128,12,181,90,10,100,281
04/12/2005,PFN,FL,ASO,ES,Federal Contract Tower,14,28,40,0,82,0,2,30,0,32,14,30,70,0,114,24,0,24,138
04/13/2005,PFN,FL,ASO,ES,Federal Contract Tower,14,16,49,5,84,0,5,99,8,112,14,21,148,13,196,148,28,176,372
04/14/2005,PFN,FL,ASO,ES,Federal Contract Tower,14,21,57,9,101,0,2,108,8,118,14,23,165,17,219,120,10,130,349
04/15/2005,PFN,FL,ASO,ES,Federal Contract Tower,14,17,59,11,101,1,4,133,12,150,15,21,192,23,251,186,6,192,443
04/16/2005,PFN,FL,ASO,ES,Federal Contract Tower,14,15,26,0,55,0,0,76,0,76,14,15,102,0,131,108,0,108,239
04/17/2005,PFN,FL,ASO,ES,Federal Contract Tower,14,12,56,2,84,0,0,119,10,129,14,12,175,12,213,82,4,86,299
04/18/2005,PFN,FL,ASO,ES,Federal Contract Tower,14,14,45,5,78,0,7,63,12,82,14,21,108,17,160,148,48,196,356
04/19/2005,PFN,FL,ASO,ES,Federal Contract Tower,14,21,38,10,83,0,7,77,2,86,14,28,115,12,169,102,20,122,291
04/20/2005,PFN,FL,ASO,ES,Federal Contract Tower,14,23,51,8,96,0,7,64,5,76,14,30,115,13,172,174,10,184,356
04/21/2005,PFN,FL,ASO,ES,Federal Contract Tower,14,25,54,11,104,0,8,45,3,56,14,33,99,14,160,78,44,122,282
04/22/2005,PFN,FL,ASO,ES,Federal Contract Tower,10,20,40,8,78,0,5,57,0,62,10,25,97,8,140,72,2,74,214
04/23/2005,PFN,FL,ASO,ES,Federal Contract Tower,15,22,30,0,67,0,0,47,0,47,15,22,77,0,114,90,0,90,204
04/24/2005,PFN,FL,ASO,ES,Federal Contract Tower,15,13,53,7,88,0,0,59,6,65,15,13,112,13,153,12,12,24,177
04/25/2005,PFN,FL,ASO,ES,Federal Contract Tower,14,17,33,14,78,0,3,55,5,63,14,20,88,19,141,92,28,120,261
04/26/2005,PFN,FL,ASO,ES,Federal Contract Tower,14,26,35,2,77,0,4,10,3,17,14,30,45,5,94,10,20,30,124
04/27/2005,PFN,FL,ASO,ES,Federal Contract Tower,12,26,28,19,85,0,8,100,11,119,12,34,128,30,204,156,44,200,404
04/28/2005,PFN,FL,ASO,ES,Federal Contract Tower,14,26,60,11,111,0,7,74,9,90,14,33,134,20,201,102,46,148,349
04/29/2005,PFN,FL,ASO,ES,Federal Contract Tower,14,24,56,8,102,0,10,84,9,103,14,34,140,17,205,66,24,90,295
04/30/2005,PFN,FL,ASO,ES,Federal Contract Tower,8,15,20,0,43,0,0,0,0,0,8,15,20,0,43,0,0,0,43
05/01/2005,PFN,FL,ASO,ES,Federal Contract Tower,14,18,43,7,82,0,0,55,3,58,14,18,98,10,140,38,4,42,182
05/02/2005,PFN,FL,ASO,ES,Federal Contract Tower,14,27,35,3,79,0,2,50,3,55,14,29,85,6,134,106,23,129,263
05/03/2005,PFN,FL,ASO,ES,Federal Contract Tower,13,21,39,8,81,0,3,62,6,71,13,24,101,14,152,180,49,229,381
05/04/2005,PFN,FL,ASO,ES,Federal Contract Tower,14,21,40,7,82,0,3,56,6,65,14,24,96,13,147,44,14,58,205
05/05/2005,PFN,FL,ASO,ES,Federal Contract Tower,12,36,64,8,120,0,0,0,3,3,12,36,64,11,123,30,0,30,153
05/06/2005,PFN,FL,ASO,ES,Federal Contract Tower,14,30,77,10,131,0,9,80,1,90,14,39,157,11,221,174,24,198,419
05/07/2005,PFN,FL,ASO,ES,Federal Contract Tower,14,16,38,2,70,0,0,100,5,105,14,16,138,7,175,168,0,168,343
05/08/2005,PFN,FL,ASO,ES,Federal Contract Tower,14,14,44,1,73,0,0,49,2,51,14,14,93,3,124,50,0,50,174
05/09/2005,PFN,FL,ASO,ES,Federal Contract Tower,14,27,37,17,95,0,0,51,0,51,14,27,88,17,146,108,32,140,286
05/10/2005,PFN,FL,ASO,ES,Federal Contract Tower,14,28,48,13,103,0,2,38,0,40,14,30,86,13,143,64,26,90,233
05/11/2005,PFN,FL,ASO,ES,Federal Contract Tower,14,29,57,2,102,0,1,58,11,70,14,30,115,13,172,62,8,70,242
05/12/2005,PFN,FL,ASO,ES,Federal Contract Tower,14,27,66,7,114,0,3,64,13,80,14,30,130,20,194,82,8,90,284
05/13/2005,PFN,FL,ASO,ES,Federal Contract Tower,14,27,64,5,110,0,1,51,5,57,14,28,115,10,167,66,2,68,235
05/14/2005,PFN,FL,ASO,ES,Federal Contract Tower,16,17,34,0,67,0,0,64,8,72,16,17,98,8,139,80,14,94,233
05/15/2005,PFN,FL,ASO,ES,Federal Contract Tower,14,13,46,2,75,0,0,53,0,53,14,13,99,2,128,36,4,40,168
05/16/2005,PFN,FL,ASO,ES,Federal Contract Tower,15,28,39,5,87,0,2,52,1,55,15,30,91,6,142,80,12,92,234
05/17/2005,PFN,FL,ASO,ES,Federal Contract Tower,14,32,59,9,114,0,0,46,9,55,14,32,105,18,169,62,20,82,251
05/18/2005,PFN,FL,ASO,ES,Federal Contract Tower,12,32,63,4,111,0,2,71,3,76,12,34,134,7,187,104,14,118,305
05/19/2005,PFN,FL,ASO,ES,Federal Contract Tower,14,35,50,6,105,0,4,43,6,53,14,39,93,12,158,104,8,112,270
05/20/2005,PFN,FL,ASO,ES,Federal Contract Tower,11,25,50,5,91,0,3,28,0,31,11,28,78,5,122,116,8,124,246
05/21/2005,PFN,FL,ASO,ES,Federal Contract Tower,15,16,45,0,76,0,0,52,7,59,15,16,97,7,135,80,0,80,215
05/22/2005,PFN,FL,ASO,ES,Federal Contract Tower,14,14,44,2,74,0,1,76,5,82,14,15,120,7,156,106,0,106,262
05/23/2005,PFN,FL,ASO,ES,Federal Contract Tower,14,24,31,20,89,0,1,54,19,74,14,25,85,39,163,54,26,80,243
05/24/2005,PFN,FL,ASO,ES,Federal Contract Tower,14,35,67,22,138,0,3,56,2,61,14,38,123,24,199,122,26,148,347
05/25/2005,PFN,FL,ASO,ES,Federal Contract Tower,14,31,56,17,118,0,2,61,5,68,14,33,117,22,186,146,50,196,382
05/26/2005,PFN,FL,ASO,ES,Federal Contract Tower,0,0,0,0,0,14,32,159,8,213,14,32,159,8,213,80,8,88,301
05/27/2005,PFN,FL,ASO,ES,Federal Contract Tower,14,27,103,5,149,0,2,101,0,103,14,29,204,5,252,138,16,154,406
05/28/2005,PFN,FL,ASO,ES,Federal Contract Tower,15,15,39,0,69,0,0,88,0,88,15,15,127,0,157,196,0,196,353
05/29/2005,PFN,FL,ASO,ES,Federal Contract Tower,13,10,23,0,46,0,0,78,0,78,13,10,101,0,124,168,0,168,292
05/30/2005,PFN,FL,ASO,ES,Federal Contract Tower,14,8,48,0,70,0,0,47,0,47,14,8,95,0,117,44,0,44,161
05/31/2005,PFN,FL,ASO,ES,Federal Contract Tower,14,21,54,4,93,0,4,8,0,12,14,25,62,4,105,38,18,56,161
06/01/2005,PFN,FL,ASO,ES,Federal Contract Tower,9,33,44,3,89,0,1,30,0,31,9,34,74,3,120,66,42,108,228
06/02/2005,PFN,FL,ASO,ES,Federal Contract Tower,12,35,55,7,109,0,6,15,8,29,12,41,70,15,138,34,24,58,196
06/03/2005,PFN,FL,ASO,ES,Federal Contract Tower,12,27,57,7,103,0,2,43,0,45,12,29,100,7,148,86,6,92,240
06/04/2005,PFN,FL,ASO,ES,Federal Contract Tower,15,25,35,0,75,0,0,50,2,52,15,25,85,2,127,126,8,134,261
06/05/2005,PFN,FL,ASO,ES,Federal Contract Tower,14,15,58,0,87,0,0,64,0,64,14,15,122,0,151,124,24,148,299
06/06/2005,PFN,FL,ASO,ES,Federal Contract Tower,12,42,60,11,125,0,0,25,0,25,12,42,85,11,150,76,14,90,240
06/07/2005,PFN,FL,ASO,ES,Federal Contract Tower,16,29,47,8,100,0,4,42,6,52,16,33,89,14,152,166,30,196,348
06/08/2005,PFN,FL,ASO,ES,Federal Contract Tower,14,30,47,0,91,0,0,81,1,82,14,30,128,1,173,154,0,154,327
06/09/2005,PFN,FL,ASO,ES,Federal Contract Tower,12,29,66,6,113,0,0,90,15,105,12,29,156,21,218,118,46,164,382
06/10/2005,PFN,FL,ASO,ES,Federal Contract Tower,15,35,62,3,115,0,2,12,2,16,15,37,74,5,131,42,0,42,173
06/11/2005,PFN,FL,ASO,ES,Federal Contract Tower,9,15,5,0,29,0,0,0,0,0,9,15,5,0,29,0,0,0,29
06/12/2005,PFN,FL,ASO,ES,Federal Contract Tower,11,16,32,0,59,0,0,31,0,31,11,16,63,0,90,98,32,130,220
06/13/2005,PFN,FL,ASO,ES,Federal Contract Tower,14,29,64,3,110,0,1,69,9,79,14,30,133,12,189,152,12,164,353
06/14/2005,PFN,FL,ASO,ES,Federal Contract Tower,13,35,62,10,120,0,1,51,5,57,13,36,113,15,177,138,15,153,330
06/15/2005,PFN,FL,ASO,ES,Federal Contract Tower,15,27,62,4,108,0,9,67,0,76,15,36,129,4,184,156,14,170,354
06/16/2005,PFN,FL,ASO,ES,Federal Contract Tower,15,35,59,0,109,0,7,78,2,87,15,42,137,2,196,126,0,126,322
06/17/2005,PFN,FL,ASO,ES,Federal Contract Tower,14,36,83,3,136,0,1,83,6,90,14,37,166,9,226,124,14,138,364
06/18/2005,PFN,FL,ASO,ES,Federal Contract Tower,14,24,41,0,79,0,1,66,0,67,14,25,107,0,146,98,0,98,244
06/19/2005,PFN,FL,ASO,ES,Federal Contract Tower,14,14,58,10,96,0,0,75,2,77,14,14,133,12,173,100,0,100,273
06/20/2005,PFN,FL,ASO,ES,Federal Contract Tower,11,27,57,6,101,0,1,52,0,53,11,28,109,6,154,132,22,154,308
06/21/2005,PFN,FL,ASO,ES,Federal Contract Tower,15,33,43,8,99,0,2,91,2,95,15,35,134,10,194,182,32,214,408
06/22/2005,PFN,FL,ASO,ES,Federal Contract Tower,15,38,58,16,127,0,0,97,1,98,15,38,155,17,225,170,28,198,423
06/23/2005,PFN,FL,ASO,ES,Federal Contract Tower,13,35,62,6,116,0,3,54,2,59,13,38,116,8,175,68,6,74,249
06/24/2005,PFN,FL,ASO,ES,Federal Contract Tower,12,38,58,6,114,0,1,69,0,70,12,39,127,6,184,84,6,90,274
06/25/2005,PFN,FL,ASO,ES,Federal Contract Tower,14,20,38,0,72,0,0,62,0,62,14,20,100,0,134,84,0,84,218
06/26/2005,PFN,FL,ASO,ES,Federal Contract Tower,14,12,65,0,91,0,0,41,3,44,14,12,106,3,135,78,0,78,213
06/27/2005,PFN,FL,ASO,ES,Federal Contract Tower,13,39,47,7,106,0,1,45,1,47,13,40,92,8,153,82,4,86,239
06/28/2005,PFN,FL,ASO,ES,Federal Contract Tower,12,29,43,5,89,0,1,15,0,16,12,30,58,5,105,36,8,44,149
06/29/2005,PFN,FL,ASO,ES,Federal Contract Tower,14,27,57,6,104,0,5,28,0,33,14,32,85,6,137,60,12,72,209
06/30/2005,PFN,FL,ASO,ES,Federal Contract Tower,14,31,62,7,114,0,2,57,3,62,14,33,119,10,176,118,0,118,294
07/01/2005,PFN,FL,ASO,ES,Federal Contract Tower,12,38,86,0,136,0,3,82,0,85,12,41,168,0,221,180,0,180,401
07/02/2005,PFN,FL,ASO,ES,Federal Contract Tower,14,24,41,0,79,0,0,64,0,64,14,24,105,0,143,126,0,126,269
07/03/2005,PFN,FL,ASO,ES,Federal Contract Tower,15,17,46,0,78,0,0,54,2,56,15,17,100,2,134,110,0,110,244
07/04/2005,PFN,FL,ASO,ES,Federal Contract Tower,14,11,31,2,58,0,0,52,0,52,14,11,83,2,110,142,0,142,252
07/05/2005,PFN,FL,ASO,ES,Federal Contract Tower,15,30,54,0,99,0,1,44,2,47,15,31,98,2,146,104,0,104,250
07/06/2005,PFN,FL,ASO,ES,Federal Contract Tower,10,34,25,4,73,0,0,15,0,15,10,34,40,4,88,0,6,6,94
07/07/2005,PFN,FL,ASO,ES,Federal Contract Tower,12,32,57,10,111,0,1,49,7,57,12,33,106,17,168,92,64,156,324
07/08/2005,PFN,FL,ASO,ES,Federal Contract Tower,14,40,90,2,146,0,5,68,0,73,14,45,158,2,219,78,0,78,297
07/09/2005,PFN,FL,ASO,ES,Federal Contract Tower,7,17,25,0,49,0,2,18,0,20,7,19,43,0,69,0,0,0,69
07/10/2005,PFN,FL,ASO,ES,Federal Contract Tower,0,0,0,0,0,0,0,0,0,0,0,0,0,0,0,0,0,0,0
07/11/2005,PFN,FL,ASO,ES,Federal Contract Tower,9,15,17,0,41,0,0,19,6,25,9,15,36,6,66,10,0,10,76
07/12/2005,PFN,FL,ASO,ES,Federal Contract Tower,16,25,40,0,81,0,0,69,4,73,16,25,109,4,154,90,12,102,256
07/13/2005,PFN,FL,ASO,ES,Federal Contract Tower,14,30,54,1,99,0,2,68,10,80,14,32,122,11,179,116,16,132,311
07/14/2005,PFN,FL,ASO,ES,Federal Contract Tower,12,29,59,3,103,0,2,36,1,39,12,31,95,4,142,184,22,206,348
07/15/2005,PFN,FL,ASO,ES,Federal Contract Tower,14,31,35,1,81,0,1,48,1,50,14,32,83,2,131,94,2,96,227
07/16/2005,PFN,FL,ASO,ES,Federal Contract Tower,14,22,39,3,78,0,0,45,1,46,14,22,84,4,124,124,0,124,248
07/17/2005,PFN,FL,ASO,ES,Federal Contract Tower,15,11,39,0,65,0,0,61,0,61,15,11,100,0,126,48,2,50,176
07/18/2005,PFN,FL,ASO,ES,Federal Contract Tower,13,26,35,3,77,1,20,37,1,59,14,46,72,4,136,60,4,64,200
07/19/2005,PFN,FL,ASO,ES,Federal Contract Tower,10,25,51,3,89,0,2,56,1,59,10,27,107,4,148,54,0,54,202
07/20/2005,PFN,FL,ASO,ES,Federal Contract Tower,12,33,68,5,118,0,1,42,12,55,12,34,110,17,173,76,12,88,261
07/21/2005,PFN,FL,ASO,ES,Federal Contract Tower,11,42,84,7,144,0,1,57,4,62,11,43,141,11,206,106,0,106,312
07/22/2005,PFN,FL,ASO,ES,Federal Contract Tower,13,31,47,5,96,0,1,68,1,70,13,32,115,6,166,104,2,106,272
07/23/2005,PFN,FL,ASO,ES,Federal Contract Tower,14,20,45,0,79,0,0,64,0,64,14,20,109,0,143,116,0,116,259
07/24/2005,PFN,FL,ASO,ES,Federal Contract Tower,14,14,77,0,105,0,0,63,0,63,14,14,140,0,168,80,0,80,248
07/25/2005,PFN,FL,ASO,ES,Federal Contract Tower,16,29,49,8,102,0,2,41,0,43,16,31,90,8,145,82,24,106,251
07/26/2005,PFN,FL,ASO,ES,Federal Contract Tower,11,32,43,11,97,0,1,60,0,61,11,33,103,11,158,142,27,169,327
07/27/2005,PFN,FL,ASO,ES,Federal Contract Tower,13,30,64,6,113,0,1,71,7,79,13,31,135,13,192,130,8,138,330
07/28/2005,PFN,FL,ASO,ES,Federal Contract Tower,8,30,74,6,118,0,4,43,15,62,8,34,117,21,180,114,8,122,302
07/29/2005,PFN,FL,ASO,ES,Federal Contract Tower,14,25,58,8,105,0,2,55,6,63,14,27,113,14,168,96,22,118,286
07/30/2005,PFN,FL,ASO,ES,Federal Contract Tower,12,23,56,0,91,0,1,22,0,23,12,24,78,0,114,32,0,32,146
07/31/2005,PFN,FL,ASO,ES,Federal Contract Tower,13,15,47,4,79,0,0,32,36,68,13,15,79,40,147,34,0,34,181
08/01/2005,PFN,FL,ASO,ES,Federal Contract Tower,10,31,48,3,92,0,4,38,0,42,10,35,86,3,134,62,6,68,202
08/02/2005,PFN,FL,ASO,ES,Federal Contract Tower,14,35,51,0,100,0,0,13,0,13,14,35,64,0,113,44,0,44,157
08/03/2005,PFN,FL,ASO,ES,Federal Contract Tower,14,30,65,7,116,0,1,50,12,63,14,31,115,19,179,126,38,164,343
08/04/2005,PFN,FL,ASO,ES,Federal Contract Tower,14,30,55,0,99,0,3,26,0,29,14,33,81,0,128,80,0,80,208
08/05/2005,PFN,FL,ASO,ES,Federal Contract Tower,14,31,48,0,93,0,0,23,0,23,14,31,71,0,116,42,0,42,158
08/06/2005,PFN,FL,ASO,ES,Federal Contract Tower,14,20,18,0,52,0,0,9,0,9,14,20,27,0,61,8,0,8,69
08/07/2005,PFN,FL,ASO,ES,Federal Contract Tower,11,12,40,0,63,0,0,42,0,42,11,12,82,0,105,90,2,92,197
08/08/2005,PFN,FL,ASO,ES,Federal Contract Tower,11,23,37,21,92,0,1,29,3,33,11,24,66,24,125,104,20,124,249
08/09/2005,PFN,FL,ASO,ES,Federal Contract Tower,14,34,39,5,92,0,0,36,6,42,14,34,75,11,134,96,30,126,260
08/10/2005,PFN,FL,ASO,ES,Federal Contract Tower,13,26,67,10,116,0,1,63,5,69,13,27,130,15,185,180,60,240,425
08/11/2005,PFN,FL,ASO,ES,Federal Contract Tower,9,35,64,7,115,0,1,47,2,50,9,36,111,9,165,100,22,122,287
08/12/2005,PFN,FL,ASO,ES,Federal Contract Tower,11,32,54,5,102,0,1,30,7,38,11,33,84,12,140,94,18,112,252
08/13/2005,PFN,FL,ASO,ES,Federal Contract Tower,14,20,33,0,67,0,1,52,2,55,14,21,85,2,122,98,0,98,220
08/14/2005,PFN,FL,ASO,ES,Federal Contract Tower,12,17,47,0,76,0,0,43,0,43,12,17,90,0,119,60,0,60,179
08/15/2005,PFN,FL,ASO,ES,Federal Contract Tower,13,33,35,2,83,0,1,16,4,21,13,34,51,6,104,66,2,68,172
08/16/2005,PFN,FL,ASO,ES,Federal Contract Tower,11,35,50,3,99,0,7,32,1,40,11,42,82,4,139,120,6,126,265
08/17/2005,PFN,FL,ASO,ES,Federal Contract Tower,12,29,56,6,103,0,0,59,8,67,12,29,115,14,170,160,6,166,336
08/18/2005,PFN,FL,ASO,ES,Federal Contract Tower,8,29,60,13,110,0,2,49,0,51,8,31,109,13,161,130,16,146,307
08/19/2005,PFN,FL,ASO,ES,Federal Contract Tower,9,29,72,4,114,0,0,43,3,46,9,29,115,7,160,94,2,96,256
08/20/2005,PFN,FL,ASO,ES,Federal Contract Tower,13,20,27,2,62,0,0,56,0,56,13,20,83,2,118,70,0,70,188
08/21/2005,PFN,FL,ASO,ES,Federal Contract Tower,14,14,52,0,80,0,0,48,4,52,14,14,100,4,132,54,0,54,186
08/22/2005,PFN,FL,ASO,ES,Federal Contract Tower,12,33,35,8,88,0,1,27,2,30,12,34,62,10,118,60,18,78,196
08/23/2005,PFN,FL,ASO,ES,Federal Contract Tower,9,30,53,6,98,0,5,34,2,41,9,35,87,8,139,132,34,166,305
08/24/2005,PFN,FL,ASO,ES,Federal Contract Tower,11,32,48,11,102,0,3,50,0,53,11,35,98,11,155,98,48,146,301
08/25/2005,PFN,FL,ASO,ES,Federal Contract Tower,13,27,61,8,109,0,3,64,0,67,13,30,125,8,176,158,10,168,344
08/26/2005,PFN,FL,ASO,ES,Federal Contract Tower,14,34,37,1,86,0,2,44,3,49,14,36,81,4,135,108,16,124,259
08/27/2005,PFN,FL,ASO,ES,Federal Contract Tower,15,19,18,2,54,0,0,32,2,34,15,19,50,4,88,40,0,40,128
08/28/2005,PFN,FL,ASO,ES,Federal Contract Tower,11,11,15,0,37,0,0,12,0,12,11,11,27,0,49,20,0,20,69
08/29/2005,PFN,FL,ASO,ES,Federal Contract Tower,0,10,1,2,13,0,0,2,15,17,0,10,3,17,30,0,0,0,30
08/30/2005,PFN,FL,ASO,ES,Federal Contract Tower,14,37,31,3,85,0,2,38,10,50,14,39,69,13,135,22,8,30,165
08/31/2005,PFN,FL,ASO,ES,Federal Contract Tower,14,41,44,10,109,0,2,35,6,43,14,43,79,16,152,100,74,174,326
09/01/2005,PFN,FL,ASO,ES,Federal Contract Tower,13,41,76,10,140,0,6,92,0,98,13,47,168,10,238,92,18,110,348
09/02/2005,PFN,FL,ASO,ES,Federal Contract Tower,13,36,69,0,118,0,4,72,2,78,13,40,141,2,196,148,0,148,344
09/03/2005,PFN,FL,ASO,ES,Federal Contract Tower,13,17,26,0,56,0,2,64,2,68,13,19,90,2,124,158,2,160,284
09/04/2005,PFN,FL,ASO,ES,Federal Contract Tower,13,13,23,0,49,0,4,68,1,73,13,17,91,1,122,100,0,100,222
09/05/2005,PFN,FL,ASO,ES,Federal Contract Tower,13,13,62,6,94,0,3,79,1,83,13,16,141,7,177,42,0,42,219
09/06/2005,PFN,FL,ASO,ES,Federal Contract Tower,13,32,41,16,102,0,4,57,19,80,13,36,98,35,182,96,10,106,288
09/07/2005,PFN,FL,ASO,ES,Federal Contract Tower,11,39,47,8,105,0,5,51,0,56,11,44,98,8,161,82,72,154,315
09/08/2005,PFN,FL,ASO,ES,Federal Contract Tower,13,33,47,22,115,0,7,44,0,51,13,40,91,22,166,76,38,114,280
09/09/2005,PFN,FL,ASO,ES,Federal Contract Tower,14,30,39,8,91,0,7,58,3,68,14,37,97,11,159,110,16,126,285
09/10/2005,PFN,FL,ASO,ES,Federal Contract Tower,13,18,25,2,58,0,1,56,3,60,13,19,81,5,118,42,0,42,160
09/11/2005,PFN,FL,ASO,ES,Federal Contract Tower,13,15,33,11,72,0,0,55,0,55,13,15,88,11,127,96,14,110,237
09/12/2005,PFN,FL,ASO,ES,Federal Contract Tower,13,29,46,11,99,0,7,36,2,45,13,36,82,13,144,48,12,60,204
09/13/2005,PFN,FL,ASO,ES,Federal Contract Tower,10,32,51,13,106,0,4,35,6,45,10,36,86,19,151,144,36,180,331
09/14/2005,PFN,FL,ASO,ES,Federal Contract Tower,13,33,53,12,111,0,5,64,0,69,13,38,117,12,180,214,14,228,408
09/15/2005,PFN,FL,ASO,ES,Federal Contract Tower,12,40,65,8,125,0,2,38,3,43,12,42,103,11,168,96,10,106,274
09/16/2005,PFN,FL,ASO,ES,Federal Contract Tower,11,31,43,14,99,0,2,38,6,46,11,33,81,20,145,118,26,144,289
09/17/2005,PFN,FL,ASO,ES,Federal Contract Tower,13,17,22,3,55,0,2,48,0,50,13,19,70,3,105,48,12,60,165
09/18/2005,PFN,FL,ASO,ES,Federal Contract Tower,13,10,39,2,64,0,0,57,0,57,13,10,96,2,121,22,2,24,145
09/19/2005,PFN,FL,ASO,ES,Federal Contract Tower,13,26,38,9,86,0,2,42,11,55,13,28,80,20,141,150,10,160,301
09/20/2005,PFN,FL,ASO,ES,Federal Contract Tower,10,27,33,7,77,0,3,41,12,56,10,30,74,19,133,150,8,158,291
09/21/2005,PFN,FL,ASO,ES,Federal Contract Tower,11,38,44,5,98,0,4,39,7,50,11,42,83,12,148,24,16,40,188
09/22/2005,PFN,FL,ASO,ES,Federal Contract Tower,12,35,56,5,108,0,2,10,0,12,12,37,66,5,120,14,0,14,134
09/23/2005,PFN,FL,ASO,ES,Federal Contract Tower,13,30,51,5,99,0,2,6,9,17,13,32,57,14,116,18,2,20,136
09/24/2005,PFN,FL,ASO,ES,Federal Contract Tower,12,15,23,0,50,0,0,9,0,9,12,15,32,0,59,6,0,6,65
09/25/2005,PFN,FL,ASO,ES,Federal Contract Tower,11,14,30,0,55,0,0,14,2,16,11,14,44,2,71,42,0,42,113
09/26/2005,PFN,FL,ASO,ES,Federal Contract Tower,13,31,46,2,92,0,0,5,6,11,13,31,51,8,103,16,14,30,133
09/27/2005,PFN,FL,ASO,ES,Federal Contract Tower,12,33,33,0,78,0,0,27,4,31,12,33,60,4,109,52,0,52,161
09/28/2005,PFN,FL,ASO,ES,Federal Contract Tower,13,31,50,11,105,0,4,72,0,76,13,35,122,11,181,178,44,222,403
09/29/2005,PFN,FL,ASO,ES,Federal Contract Tower,11,38,50,7,106,0,3,48,4,55,11,41,98,11,161,88,14,102,263
09/30/2005,PFN,FL,ASO,ES,Federal Contract Tower,13,34,44,4,95,0,6,63,0,69,13,40,107,4,164,124,2,126,290
10/01/2005,PFN,FL,ASO,ES,Federal Contract Tower,13,18,43,0,74,0,0,68,2,70,13,18,111,2,144,112,0,112,256
10/02/2005,PFN,FL,ASO,ES,Federal Contract Tower,13,16,42,0,71,0,3,29,0,32,13,19,71,0,103,26,0,26,129
10/03/2005,PFN,FL,ASO,ES,Federal Contract Tower,14,37,46,7,104,0,1,39,1,41,14,38,85,8,145,50,22,72,217
10/04/2005,PFN,FL,ASO,ES,Federal Contract Tower,13,41,41,12,107,0,3,49,0,52,13,44,90,12,159,50,16,66,225
10/05/2005,PFN,FL,ASO,ES,Federal Contract Tower,18,32,39,8,97,2,6,20,2,30,20,38,59,10,127,8,8,16,143
10/06/2005,PFN,FL,ASO,ES,Federal Contract Tower,10,39,61,2,112,0,2,6,1,9,10,41,67,3,121,52,0,52,173
10/07/2005,PFN,FL,ASO,ES,Federal Contract Tower,12,34,55,6,107,0,2,18,0,20,12,36,73,6,127,18,36,54,181
10/08/2005,PFN,FL,ASO,ES,Federal Contract Tower,13,23,33,0,69,0,1,68,0,69,13,24,101,0,138,40,0,40,178
10/09/2005,PFN,FL,ASO,ES,Federal Contract Tower,9,14,48,0,71,0,1,46,0,47,9,15,94,0,118,72,0,72,190
10/10/2005,PFN,FL,ASO,ES,Federal Contract Tower,12,26,27,2,67,0,0,72,0,72,12,26,99,2,139,94,4,98,237
10/11/2005,PFN,FL,ASO,ES,Federal Contract Tower,14,36,46,9,105,0,3,47,1,51,14,39,93,10,156,92,10,102,258
10/12/2005,PFN,FL,ASO,ES,Federal Contract Tower,13,40,68,11,132,0,7,58,0,65,13,47,126,11,197,86,42,128,325
10/13/2005,PFN,FL,ASO,ES,Federal Contract Tower,12,37,62,18,129,0,3,68,6,77,12,40,130,24,206,134,24,158,364
10/14/2005,PFN,FL,ASO,ES,Federal Contract Tower,13,36,59,2,110,0,7,73,9,89,13,43,132,11,199,102,21,123,322
10/15/2005,PFN,FL,ASO,ES,Federal Contract Tower,14,18,33,3,68,0,0,63,0,63,14,18,96,3,131,54,18,72,203
10/16/2005,PFN,FL,ASO,ES,Federal Contract Tower,13,17,49,0,79,0,0,74,0,74,13,17,123,0,153,66,0,66,219
10/17/2005,PFN,FL,ASO,ES,Federal Contract Tower,13,35,46,4,98,0,2,70,3,75,13,37,116,7,173,128,18,146,319
10/18/2005,PFN,FL,ASO,ES,Federal Contract Tower,13,32,46,19,110,0,4,77,0,81,13,36,123,19,191,162,50,212,403
10/19/2005,PFN,FL,ASO,ES,Federal Contract Tower,13,33,60,5,111,0,6,79,6,91,13,39,139,11,202,124,40,164,366
10/20/2005,PFN,FL,ASO,ES,Federal Contract Tower,13,35,58,16,122,0,5,35,1,41,13,40,93,17,163,102,26,128,291
10/21/2005,PFN,FL,ASO,ES,Federal Contract Tower,12,30,58,7,107,0,2,32,6,40,12,32,90,13,147,32,4,36,183
10/22/2005,PFN,FL,ASO,ES,Federal Contract Tower,14,14,29,1,58,0,1,41,0,42,14,15,70,1,100,36,0,36,136
10/23/2005,PFN,FL,ASO,ES,Federal Contract Tower,13,15,45,2,75,0,0,16,3,19,13,15,61,5,94,22,2,24,118
10/24/2005,PFN,FL,ASO,ES,Federal Contract Tower,14,27,44,7,92,0,9,14,4,27,14,36,58,11,119,22,24,46,165
10/25/2005,PFN,FL,ASO,ES,Federal Contract Tower,13,36,37,9,95,0,2,47,14,63,13,38,84,23,158,54,38,92,250
10/26/2005,PFN,FL,ASO,ES,Federal Contract Tower,12,41,37,6,96,0,3,68,4,75,12,44,105,10,171,100,22,122,293
10/27/2005,PFN,FL,ASO,ES,Federal Contract Tower,13,36,27,16,92,0,5,64,0,69,13,41,91,16,161,116,30,146,307
10/28/2005,PFN,FL,ASO,ES,Federal Contract Tower,13,38,40,15,106,0,4,67,1,72,13,42,107,16,178,112,10,122,300
10/29/2005,PFN,FL,ASO,ES,Federal Contract Tower,13,15,31,0,59,0,0,86,1,87,13,15,117,1,146,58,0,58,204
10/30/2005,PFN,FL,ASO,ES,Federal Contract Tower,14,11,38,1,64,0,0,52,5,57,14,11,90,6,121,40,16,56,177
10/31/2005,PFN,FL,ASO,ES,Federal Contract Tower,13,28,34,10,85,0,4,55,11,70,13,32,89,21,155,48,22,70,225
11/01/2005,PFN,FL,ASO,ES,Federal Contract Tower,15,34,45,5,99,0,0,16,9,25,15,34,61,14,124,42,36,78,202
11/02/2005,PFN,FL,ASO,ES,Federal Contract Tower,14,34,42,20,110,0,0,83,7,90,14,34,125,27,200,86,20,106,306
11/03/2005,PFN,FL,ASO,ES,Federal Contract Tower,14,37,64,13,128,0,5,45,0,50,14,42,109,13,178,82,26,108,286
11/04/2005,PFN,FL,ASO,ES,Federal Contract Tower,14,28,44,3,89,0,6,45,5,56,14,34,89,8,145,68,6,74,219
11/05/2005,PFN,FL,ASO,ES,Federal Contract Tower,13,19,29,0,61,0,0,54,0,54,13,19,83,0,115,62,12,74,189
11/06/2005,PFN,FL,ASO,ES,Federal Contract Tower,14,20,59,0,93,0,2,34,0,36,14,22,93,0,129,36,6,42,171
11/07/2005,PFN,FL,ASO,ES,Federal Contract Tower,12,31,41,14,98,2,6,50,1,59,14,37,91,15,157,78,16,94,251
11/08/2005,PFN,FL,ASO,ES,Federal Contract Tower,12,36,29,12,89,0,5,67,0,72,12,41,96,12,161,150,8,158,319
11/09/2005,PFN,FL,ASO,ES,Federal Contract Tower,15,35,55,8,113,0,3,63,11,77,15,38,118,19,190,154,42,196,386
11/10/2005,PFN,FL,ASO,ES,Federal Contract Tower,12,30,61,6,109,0,2,33,0,35,12,32,94,6,144,48,20,68,212
11/11/2005,PFN,FL,ASO,ES,Federal Contract Tower,15,27,33,0,75,0,0,51,4,55,15,27,84,4,130,24,0,24,154
11/12/2005,PFN,FL,ASO,ES,Federal Contract Tower,13,16,31,2,62,0,2,65,0,67,13,18,96,2,129,62,10,72,201
11/13/2005,PFN,FL,ASO,ES,Federal Contract Tower,13,19,45,0,77,0,0,0,0,0,13,19,45,0,77,60,0,60,137
11/14/2005,PFN,FL,ASO,ES,Federal Contract Tower,14,29,41,21,105,0,7,23,7,37,14,36,64,28,142,52,30,82,224
11/15/2005,PFN,FL,ASO,ES,Federal Contract Tower,14,38,54,7,113,0,3,50,10,63,14,41,104,17,176,64,34,98,274
11/16/2005,PFN,FL,ASO,ES,Federal Contract Tower,15,38,39,16,108,0,3,42,1,46,15,41,81,17,154,76,20,96,250
11/17/2005,PFN,FL,ASO,ES,Federal Contract Tower,14,30,57,11,112,0,7,54,6,67,14,37,111,17,179,36,28,64,243
11/18/2005,PFN,FL,ASO,ES,Federal Contract Tower,13,32,56,0,101,0,2,67,2,71,13,34,123,2,172,118,12,130,302
11/19/2005,PFN,FL,ASO,ES,Federal Contract Tower,13,15,22,1,51,0,0,56,0,56,13,15,78,1,107,116,14,130,237
11/20/2005,PFN,FL,ASO,ES,Federal Contract Tower,14,11,44,4,73,0,0,0,0,0,14,11,44,4,73,0,2,2,75
11/21/2005,PFN,FL,ASO,ES,Federal Contract Tower,9,34,38,7,88,0,1,13,9,23,9,35,51,16,111,12,26,38,149
11/22/2005,PFN,FL,ASO,ES,Federal Contract Tower,12,31,46,2,91,0,4,56,0,60,12,35,102,2,151,94,0,94,245
11/23/2005,PFN,FL,ASO,ES,Federal Contract Tower,14,33,57,0,104,0,4,65,0,69,14,37,122,0,173,154,10,164,337
11/24/2005,PFN,FL,ASO,ES,Federal Contract Tower,9,11,5,0,25,0,0,23,0,23,9,11,28,0,48,10,0,10,58
11/25/2005,PFN,FL,ASO,ES,Federal Contract Tower,9,26,25,0,60,0,3,49,0,52,9,29,74,0,112,16,0,16,128
11/26/2005,PFN,FL,ASO,ES,Federal Contract Tower,11,19,48,0,78,0,2,72,2,76,11,21,120,2,154,64,0,64,218
11/27/2005,PFN,FL,ASO,ES,Federal Contract Tower,13,12,46,0,71,0,0,5,0,5,13,12,51,0,76,2,0,2,78
11/28/2005,PFN,FL,ASO,ES,Federal Contract Tower,9,28,17,2,56,0,0,1,2,3,9,28,18,4,59,0,10,10,69
11/29/2005,PFN,FL,ASO,ES,Federal Contract Tower,14,39,39,4,96,0,3,52,0,55,14,42,91,4,151,218,32,250,401
11/30/2005,PFN,FL,ASO,ES,Federal Contract Tower,14,31,28,12,85,0,3,63,6,72,14,34,91,18,157,144,14,158,315
12/01/2005,PFN,FL,ASO,ES,Federal Contract Tower,11,36,38,9,94,0,3,57,0,60,11,39,95,9,154,172,16,188,342
12/02/2005,PFN,FL,ASO,ES,Federal Contract Tower,13,34,39,8,94,0,0,37,3,40,13,34,76,11,134,132,32,164,298
12/03/2005,PFN,FL,ASO,ES,Federal Contract Tower,10,11,28,0,49,0,0,25,0,25,10,11,53,0,74,42,0,42,116
12/04/2005,PFN,FL,ASO,ES,Federal Contract Tower,11,11,28,6,56,0,0,28,74,102,11,11,56,80,158,72,4,76,234
12/05/2005,PFN,FL,ASO,ES,Federal Contract Tower,10,33,29,4,76,0,1,7,1,9,10,34,36,5,85,64,0,64,149
12/06/2005,PFN,FL,ASO,ES,Federal Contract Tower,11,37,44,7,99,0,0,24,12,36,11,37,68,19,135,89,36,125,260
12/07/2005,PFN,FL,ASO,ES,Federal Contract Tower,9,33,36,5,83,0,5,15,15,35,9,38,51,20,118,36,36,72,190
12/08/2005,PFN,FL,ASO,ES,Federal Contract Tower,9,32,50,23,114,0,1,3,1,5,9,33,53,24,119,4,80,84,203
12/09/2005,PFN,FL,ASO,ES,Federal Contract Tower,13,31,63,2,109,0,0,26,0,26,13,31,89,2,135,48,10,58,193
12/10/2005,PFN,FL,ASO,ES,Federal Contract Tower,10,12,24,0,46,0,0,66,0,66,10,12,90,0,112,86,0,86,198
12/11/2005,PFN,FL,ASO,ES,Federal Contract Tower,11,18,20,12,61,0,1,52,5,58,11,19,72,17,119,88,14,102,221
12/12/2005,PFN,FL,ASO,ES,Federal Contract Tower,10,32,26,13,81,0,1,43,2,46,10,33,69,15,127,132,22,154,281
12/13/2005,PFN,FL,ASO,ES,Federal Contract Tower,5,40,36,15,96,0,3,70,4,77,5,43,106,19,173,112,36,148,321
12/14/2005,PFN,FL,ASO,ES,Federal Contract Tower,9,37,31,18,95,0,3,40,0,43,9,40,71,18,138,114,80,194,332
12/15/2005,PFN,FL,ASO,ES,Federal Contract Tower,11,36,16,7,70,0,1,6,0,7,11,37,22,7,77,4,28,32,109
12/16/2005,PFN,FL,ASO,ES,Federal Contract Tower,9,33,35,16,93,0,4,54,12,70,9,37,89,28,163,68,44,112,275
12/17/2005,PFN,FL,ASO,ES,Federal Contract Tower,10,12,21,0,43,0,2,5,0,7,10,14,26,0,50,16,0,16,66
12/18/2005,PFN,FL,ASO,ES,Federal Contract Tower,13,15,34,2,64,0,0,6,0,6,13,15,40,2,70,0,0,0,70
12/19/2005,PFN,FL,ASO,ES,Federal Contract Tower,11,32,17,14,74,0,6,22,1,29,11,38,39,15,103,28,50,78,181
12/20/2005,PFN,FL,ASO,ES,Federal Contract Tower,10,39,42,11,102,0,4,51,2,57,10,43,93,13,159,82,80,162,321
12/21/2005,PFN,FL,ASO,ES,Federal Contract Tower,11,30,32,5,78,0,2,62,0,64,11,32,94,5,142,74,10,84,226
12/22/2005,PFN,FL,ASO,ES,Federal Contract Tower,12,32,30,3,77,0,6,57,0,63,12,38,87,3,140,108,38,146,286
12/23/2005,PFN,FL,ASO,ES,Federal Contract Tower,13,27,24,0,64,0,8,58,0,66,13,35,82,0,130,130,48,178,308
12/24/2005,PFN,FL,ASO,ES,Federal Contract Tower,10,11,15,0,36,0,0,12,0,12,10,11,27,0,48,46,0,46,94
12/25/2005,PFN,FL,ASO,ES,Federal Contract Tower,8,8,6,0,22,0,0,8,1,9,8,8,14,1,31,0,0,0,31
12/26/2005,PFN,FL,ASO,ES,Federal Contract Tower,11,12,30,0,53,0,0,43,0,43,11,12,73,0,96,82,0,82,178
12/27/2005,PFN,FL,ASO,ES,Federal Contract Tower,11,33,49,3,96,0,5,63,0,68,11,38,112,3,164,122,16,138,302
12/28/2005,PFN,FL,ASO,ES,Federal Contract Tower,8,37,23,0,68,0,3,16,8,27,8,40,39,8,95,28,12,40,135
12/29/2005,PFN,FL,ASO,ES,Federal Contract Tower,10,33,41,2,86,0,4,79,4,87,10,37,120,6,173,60,2,62,235
12/30/2005,PFN,FL,ASO,ES,Federal Contract Tower,10,30,33,0,73,0,7,87,1,95,10,37,120,1,168,100,0,100,268
12/31/2005,PFN,FL,ASO,ES,Federal Contract Tower,10,16,33,1,60,0,0,87,1,88,10,16,120,2,148,100,0,100,248
01/01/2006,PFN,FL,ASO,ES,Federal Contract Tower,7,10,32,0,49,0,0,0,0,0,7,10,32,0,49,0,0,0,49
01/02/2006,PFN,FL,ASO,ES,Federal Contract Tower,12,11,28,0,51,0,0,1,0,1,12,11,29,0,52,0,0,0,52
01/03/2006,PFN,FL,ASO,ES,Federal Contract Tower,12,32,37,4,85,0,4,66,8,78,12,36,103,12,163,92,14,106,269
01/04/2006,PFN,FL,ASO,ES,Federal Contract Tower,10,32,46,7,95,0,3,56,0,59,10,35,102,7,154,154,22,176,330
01/05/2006,PFN,FL,ASO,ES,Federal Contract Tower,11,46,42,12,111,0,1,50,5,56,11,47,92,17,167,82,26,108,275
01/06/2006,PFN,FL,ASO,ES,Federal Contract Tower,11,32,41,6,90,0,5,42,0,47,11,37,83,6,137,82,36,118,255
01/07/2006,PFN,FL,ASO,ES,Federal Contract Tower,10,12,18,0,40,0,0,67,0,67,10,12,85,0,107,70,12,82,189
01/08/2006,PFN,FL,ASO,ES,Federal Contract Tower,11,13,28,0,52,0,0,79,0,79,11,13,107,0,131,78,0,78,209
01/09/2006,PFN,FL,ASO,ES,Federal Contract Tower,14,28,15,14,71,0,4,42,16,62,14,32,57,30,133,50,12,62,195
01/10/2006,PFN,FL,ASO,ES,Federal Contract Tower,9,35,53,15,112,0,7,59,0,66,9,42,112,15,178,90,38,128,306
01/11/2006,PFN,FL,ASO,ES,Federal Contract Tower,11,30,24,4,69,0,9,18,2,29,11,39,42,6,98,76,0,76,174
01/12/2006,PFN,FL,ASO,ES,Federal Contract Tower,11,32,47,10,100,0,2,26,0,28,11,34,73,10,128,50,8,58,186
01/13/2006,PFN,FL,ASO,ES,Federal Contract Tower,12,33,30,0,75,0,3,15,0,18,12,36,45,0,93,0,0,0,93
01/14/2006,PFN,FL,ASO,ES,Federal Contract Tower,10,13,15,0,38,0,0,13,3,16,10,13,28,3,54,16,12,28,82
01/15/2006,PFN,FL,ASO,ES,Federal Contract Tower,11,12,25,2,50,0,0,61,1,62,11,12,86,3,112,132,4,136,248
01/16/2006,PFN,FL,ASO,ES,Federal Contract Tower,10,19,28,4,61,0,0,49,1,50,10,19,77,5,111,104,4,108,219
01/17/2006,PFN,FL,ASO,ES,Federal Contract Tower,9,32,22,1,64,0,1,3,0,4,9,33,25,1,68,0,0,0,68
01/18/2006,PFN,FL,ASO,ES,Federal Contract Tower,9,34,33,13,89,0,3,73,0,76,9,37,106,13,165,206,22,228,393
01/19/2006,PFN,FL,ASO,ES,Federal Contract Tower,11,36,58,19,124,0,4,83,4,91,11,40,141,23,215,164,22,186,401
01/20/2006,PFN,FL,ASO,ES,Federal Contract Tower,13,33,49,15,110,0,4,32,0,36,13,37,81,15,146,128,26,154,300
01/21/2006,PFN,FL,ASO,ES,Federal Contract Tower,11,17,28,0,56,0,0,27,0,27,11,17,55,0,83,96,0,96,179
01/22/2006,PFN,FL,ASO,ES,Federal Contract Tower,15,20,48,3,86,0,0,24,1,25,15,20,72,4,111,102,4,106,217
01/23/2006,PFN,FL,ASO,ES,Federal Contract Tower,9,38,36,8,91,0,0,6,0,6,9,38,42,8,97,2,0,2,99
01/24/2006,PFN,FL,ASO,ES,Federal Contract Tower,9,37,45,15,106,0,3,36,3,42,9,40,81,18,148,80,40,120,268
01/25/2006,PFN,FL,ASO,ES,Federal Contract Tower,9,33,59,8,109,0,4,63,14,81,9,37,122,22,190,32,38,70,260
01/26/2006,PFN,FL,ASO,ES,Federal Contract Tower,11,31,43,9,94,0,4,55,0,59,11,35,98,9,153,170,40,210,363
01/27/2006,PFN,FL,ASO,ES,Federal Contract Tower,11,33,47,8,99,0,5,73,0,78,11,38,120,8,177,124,58,182,359
01/28/2006,PFN,FL,ASO,ES,Federal Contract Tower,10,12,33,0,55,0,0,51,1,52,10,12,84,1,107,144,0,144,251
01/29/2006,PFN,FL,ASO,ES,Federal Contract Tower,8,12,22,0,42,0,0,1,0,1,8,12,23,0,43,0,0,0,43
01/30/2006,PFN,FL,ASO,ES,Federal Contract Tower,10,39,29,8,86,0,0,12,0,12,10,39,41,8,98,20,28,48,146
01/31/2006,PFN,FL,ASO,ES,Federal Contract Tower,10,33,43,7,93,0,10,55,10,75,10,43,98,17,168,90,66,156,324
02/01/2006,PFN,FL,ASO,ES,Federal Contract Tower,10,34,57,8,109,0,7,63,3,73,10,41,120,11,182,160,10,170,352
02/02/2006,PFN,FL,ASO,ES,Federal Contract Tower,12,33,22,0,67,0,3,3,0,6,12,36,25,0,73,0,6,6,79
02/03/2006,PFN,FL,ASO,ES,Federal Contract Tower,12,51,58,0,121,0,5,17,8,30,12,56,75,8,151,24,0,24,175
02/04/2006,PFN,FL,ASO,ES,Federal Contract Tower,10,18,34,0,62,0,0,21,0,21,10,18,55,0,83,46,0,46,129
02/05/2006,PFN,FL,ASO,ES,Federal Contract Tower,11,16,26,2,55,0,0,47,0,47,11,16,73,2,102,38,2,40,142
02/06/2006,PFN,FL,ASO,ES,Federal Contract Tower,12,28,32,19,91,0,3,28,5,36,12,31,60,24,127,76,4,80,207
02/07/2006,PFN,FL,ASO,ES,Federal Contract Tower,10,33,36,7,86,0,6,17,3,26,10,39,53,10,112,32,34,66,178
02/08/2006,PFN,FL,ASO,ES,Federal Contract Tower,11,29,50,3,93,0,3,70,14,87,11,32,120,17,180,126,30,156,336
02/09/2006,PFN,FL,ASO,ES,Federal Contract Tower,12,33,63,7,115,0,1,43,2,46,12,34,106,9,161,94,8,102,263
02/10/2006,PFN,FL,ASO,ES,Federal Contract Tower,12,32,45,9,98,0,5,66,1,72,12,37,111,10,170,124,8,132,302
02/11/2006,PFN,FL,ASO,ES,Federal Contract Tower,10,18,12,0,40,0,0,12,0,12,10,18,24,0,52,4,0,4,56
02/12/2006,PFN,FL,ASO,ES,Federal Contract Tower,13,15,28,12,68,0,0,42,2,44,13,15,70,14,112,52,16,68,180
02/13/2006,PFN,FL,ASO,ES,Federal Contract Tower,14,26,28,10,78,0,4,32,9,45,14,30,60,19,123,108,36,144,267
02/14/2006,PFN,FL,ASO,ES,Federal Contract Tower,10,39,27,7,83,0,1,26,1,28,10,40,53,8,111,58,4,62,173
02/15/2006,PFN,FL,ASO,ES,Federal Contract Tower,10,32,46,20,108,0,3,33,0,36,10,35,79,20,144,68,102,170,314
02/16/2006,PFN,FL,ASO,ES,Federal Contract Tower,12,34,82,14,142,0,3,36,13,52,12,37,118,27,194,80,30,110,304
02/17/2006,PFN,FL,ASO,ES,Federal Contract Tower,14,33,53,13,113,0,3,74,13,90,14,36,127,26,203,110,20,130,333
02/18/2006,PFN,FL,ASO,ES,Federal Contract Tower,12,13,38,3,66,0,0,25,0,25,12,13,63,3,91,60,2,62,153
02/19/2006,PFN,FL,ASO,ES,Federal Contract Tower,12,12,34,0,58,0,9,16,0,25,12,21,50,0,83,36,0,36,119
02/20/2006,PFN,FL,ASO,ES,Federal Contract Tower,14,24,39,1,78,0,1,2,0,3,14,25,41,1,81,20,0,20,101
02/21/2006,PFN,FL,ASO,ES,Federal Contract Tower,10,39,68,6,123,0,0,7,0,7,10,39,75,6,130,22,4,26,156
02/22/2006,PFN,FL,ASO,ES,Federal Contract Tower,11,44,50,14,119,0,0,20,0,20,11,44,70,14,139,14,28,42,181
02/23/2006,PFN,FL,ASO,ES,Federal Contract Tower,12,40,37,5,94,0,1,4,1,6,12,41,41,6,100,0,12,12,112
02/24/2006,PFN,FL,ASO,ES,Federal Contract Tower,13,28,49,14,104,0,4,42,1,47,13,32,91,15,151,34,10,44,195
02/25/2006,PFN,FL,ASO,ES,Federal Contract Tower,12,18,22,0,52,0,1,3,0,4,12,19,25,0,56,2,0,2,58
02/26/2006,PFN,FL,ASO,ES,Federal Contract Tower,14,21,44,3,82,0,0,32,0,32,14,21,76,3,114,34,4,38,152
02/27/2006,PFN,FL,ASO,ES,Federal Contract Tower,12,33,23,8,76,0,4,48,5,57,12,37,71,13,133,100,22,122,255
02/28/2006,PFN,FL,ASO,ES,Federal Contract Tower,12,34,60,13,119,0,6,39,2,47,12,40,99,15,166,46,40,86,252
03/01/2006,PFN,FL,ASO,ES,Federal Contract Tower,12,34,53,7,106,0,6,54,0,60,12,40,107,7,166,92,38,130,296
03/02/2006,PFN,FL,ASO,ES,Federal Contract Tower,11,41,58,4,114,0,0,22,2,24,11,41,80,6,138,22,2,24,162
03/03/2006,PFN,FL,ASO,ES,Federal Contract Tower,11,34,60,4,109,0,0,64,11,75,11,34,124,15,184,24,0,24,208
03/04/2006,PFN,FL,ASO,ES,Federal Contract Tower,11,17,31,1,60,0,0,81,2,83,11,17,112,3,143,72,0,72,215
03/05/2006,PFN,FL,ASO,ES,Federal Contract Tower,11,10,36,4,61,0,1,62,0,63,11,11,98,4,124,62,6,68,192
03/06/2006,PFN,FL,ASO,ES,Federal Contract Tower,11,27,23,13,74,0,3,45,0,48,11,30,68,13,122,114,15,129,251
03/07/2006,PFN,FL,ASO,ES,Federal Contract Tower,11,29,33,23,96,0,6,54,0,60,11,35,87,23,156,118,88,206,362
03/08/2006,PFN,FL,ASO,ES,Federal Contract Tower,11,34,50,12,107,0,5,30,4,39,11,39,80,16,146,128,8,136,282
03/09/2006,PFN,FL,ASO,ES,Federal Contract Tower,13,38,37,8,96,0,1,18,1,20,13,39,55,9,116,81,24,105,221
03/10/2006,PFN,FL,ASO,ES,Federal Contract Tower,13,41,39,5,98,0,2,31,0,33,13,43,70,5,131,62,6,68,199
03/11/2006,PFN,FL,ASO,ES,Federal Contract Tower,11,19,25,2,57,0,0,50,0,50,11,19,75,2,107,134,4,138,245
03/12/2006,PFN,FL,ASO,ES,Federal Contract Tower,12,12,47,4,75,0,0,70,2,72,12,12,117,6,147,138,6,144,291
03/13/2006,PFN,FL,ASO,ES,Federal Contract Tower,11,35,36,9,91,0,1,15,0,16,11,36,51,9,107,60,10,70,177
03/14/2006,PFN,FL,ASO,ES,Federal Contract Tower,13,40,49,4,106,0,3,43,3,49,13,43,92,7,155,112,14,126,281
03/15/2006,PFN,FL,ASO,ES,Federal Contract Tower,10,44,58,18,130,0,2,60,0,62,10,46,118,18,192,132,46,178,370
03/16/2006,PFN,FL,ASO,ES,Federal Contract Tower,12,35,51,13,111,0,4,51,6,61,12,39,102,19,172,98,28,126,298
03/17/2006,PFN,FL,ASO,ES,Federal Contract Tower,10,33,58,6,107,0,5,88,10,103,10,38,146,16,210,140,32,172,382
03/18/2006,PFN,FL,ASO,ES,Federal Contract Tower,12,18,37,0,67,0,3,83,4,90,12,21,120,4,157,126,28,154,311
03/19/2006,PFN,FL,ASO,ES,Federal Contract Tower,11,12,49,8,80,0,2,34,11,47,11,14,83,19,127,68,4,72,199
03/20/2006,PFN,FL,ASO,ES,Federal Contract Tower,8,31,22,10,71,0,0,19,7,26,8,31,41,17,97,90,14,104,201
03/21/2006,PFN,FL,ASO,ES,Federal Contract Tower,12,32,44,17,105,0,5,35,4,44,12,37,79,21,149,128,24,152,301
03/22/2006,PFN,FL,ASO,ES,Federal Contract Tower,12,35,56,23,126,0,4,66,14,84,12,39,122,37,210,126,34,160,370
03/23/2006,PFN,FL,ASO,ES,Federal Contract Tower,11,37,68,6,122,0,0,23,0,23,11,37,91,6,145,106,70,176,321
03/24/2006,PFN,FL,ASO,ES,Federal Contract Tower,14,32,63,3,112,0,4,71,0,75,14,36,134,3,187,106,24,130,317
03/25/2006,PFN,FL,ASO,ES,Federal Contract Tower,12,20,52,0,84,1,0,69,0,70,13,20,121,0,154,168,0,168,322
03/26/2006,PFN,FL,ASO,ES,Federal Contract Tower,11,17,76,2,106,0,0,80,0,80,11,17,156,2,186,108,2,110,296
03/27/2006,PFN,FL,ASO,ES,Federal Contract Tower,11,32,51,14,108,0,5,71,0,76,11,37,122,14,184,168,80,248,432
03/28/2006,PFN,FL,ASO,ES,Federal Contract Tower,9,32,46,14,101,0,11,70,1,82,9,43,116,15,183,152,92,244,427
03/29/2006,PFN,FL,ASO,ES,Federal Contract Tower,11,44,62,8,125,0,4,45,22,71,11,48,107,30,196,125,8,133,329
03/30/2006,PFN,FL,ASO,ES,Federal Contract Tower,12,38,46,10,106,0,3,40,1,44,12,41,86,11,150,98,34,132,282
03/31/2006,PFN,FL,ASO,ES,Federal Contract Tower,13,35,54,4,106,0,4,52,8,64,13,39,106,12,170,186,22,208,378
04/01/2006,PFN,FL,ASO,ES,Federal Contract Tower,12,25,57,0,94,0,1,50,0,51,12,26,107,0,145,150,0,150,295
04/02/2006,PFN,FL,ASO,ES,Federal Contract Tower,12,25,57,3,97,0,1,50,1,52,12,26,107,4,149,150,0,150,299
04/03/2006,PFN,FL,ASO,ES,Federal Contract Tower,11,39,49,2,101,0,0,32,0,32,11,39,81,2,133,74,12,86,219
04/04/2006,PFN,FL,ASO,ES,Federal Contract Tower,10,36,27,6,79,0,5,60,0,65,10,41,87,6,144,104,92,196,340
04/05/2006,PFN,FL,ASO,ES,Federal Contract Tower,11,33,61,8,113,0,7,47,0,54,11,40,108,8,167,112,24,136,303
04/06/2006,PFN,FL,ASO,ES,Federal Contract Tower,9,40,83,4,136,0,3,82,0,85,9,43,165,4,221,132,52,184,405
04/07/2006,PFN,FL,ASO,ES,Federal Contract Tower,11,32,58,8,109,0,4,59,12,75,11,36,117,20,184,118,18,136,320
04/08/2006,PFN,FL,ASO,ES,Federal Contract Tower,10,17,43,0,70,0,1,6,0,7,10,18,49,0,77,8,0,8,85
04/09/2006,PFN,FL,ASO,ES,Federal Contract Tower,11,14,56,3,84,0,0,83,1,84,11,14,139,4,168,36,0,36,204
04/10/2006,PFN,FL,ASO,ES,Federal Contract Tower,11,36,38,7,92,0,9,77,5,91,11,45,115,12,183,94,44,138,321
04/11/2006,PFN,FL,ASO,ES,Federal Contract Tower,9,40,36,6,91,0,9,67,0,76,9,49,103,6,167,134,42,176,343
04/12/2006,PFN,FL,ASO,ES,Federal Contract Tower,11,37,51,15,114,0,5,52,0,57,11,42,103,15,171,102,32,134,305
04/13/2006,PFN,FL,ASO,ES,Federal Contract Tower,11,33,81,8,133,0,4,77,0,81,11,37,158,8,214,122,82,204,418
04/14/2006,PFN,FL,ASO,ES,Federal Contract Tower,11,30,58,2,101,0,1,67,0,68,11,31,125,2,169,80,2,82,251
04/15/2006,PFN,FL,ASO,ES,Federal Contract Tower,8,22,33,2,65,0,0,97,4,101,8,22,130,6,166,186,0,186,352
04/16/2006,PFN,FL,ASO,ES,Federal Contract Tower,11,14,38,0,63,0,0,49,7,56,11,14,87,7,119,116,0,116,235
04/17/2006,PFN,FL,ASO,ES,Federal Contract Tower,12,32,42,6,92,0,1,31,2,34,12,33,73,8,126,4,14,18,144
04/18/2006,PFN,FL,ASO,ES,Federal Contract Tower,10,41,35,7,93,0,2,35,8,45,10,43,70,15,138,66,32,98,236
04/19/2006,PFN,FL,ASO,ES,Federal Contract Tower,7,33,67,5,112,0,2,51,0,53,7,35,118,5,165,54,30,84,249
04/20/2006,PFN,FL,ASO,ES,Federal Contract Tower,11,37,66,6,120,0,2,63,0,65,11,39,129,6,185,38,20,58,243
04/21/2006,PFN,FL,ASO,ES,Federal Contract Tower,12,34,65,4,115,0,2,49,0,51,12,36,114,4,166,98,2,100,266
04/22/2006,PFN,FL,ASO,ES,Federal Contract Tower,10,24,30,0,64,0,0,43,8,51,10,24,73,8,115,90,0,90,205
04/23/2006,PFN,FL,ASO,ES,Federal Contract Tower,10,12,47,1,70,0,0,91,3,94,10,12,138,4,164,118,2,120,284
04/24/2006,PFN,FL,ASO,ES,Federal Contract Tower,12,37,23,12,84,0,3,54,0,57,12,40,77,12,141,72,56,128,269
04/25/2006,PFN,FL,ASO,ES,Federal Contract Tower,9,35,63,5,112,0,6,27,0,33,9,41,90,5,145,98,14,112,257
04/26/2006,PFN,FL,ASO,ES,Federal Contract Tower,10,42,34,0,86,0,0,11,0,11,10,42,45,0,97,18,4,22,119
04/27/2006,PFN,FL,ASO,ES,Federal Contract Tower,11,40,52,16,119,0,4,70,0,74,11,44,122,16,193,46,22,68,261
04/28/2006,PFN,FL,ASO,ES,Federal Contract Tower,10,28,59,2,99,0,3,83,0,86,10,31,142,2,185,122,6,128,313
04/29/2006,PFN,FL,ASO,ES,Federal Contract Tower,9,19,23,0,51,0,0,45,0,45,9,19,68,0,96,34,0,34,130
04/30/2006,PFN,FL,ASO,ES,Federal Contract Tower,10,16,32,4,62,0,0,20,16,36,10,16,52,20,98,16,4,20,118
05/01/2006,PFN,FL,ASO,ES,Federal Contract Tower,11,30,31,20,92,0,1,19,0,20,11,31,50,20,112,84,82,166,278
05/02/2006,PFN,FL,ASO,ES,Federal Contract Tower,9,35,40,5,89,0,10,42,3,55,9,45,82,8,144,124,34,158,302
05/03/2006,PFN,FL,ASO,ES,Federal Contract Tower,11,39,57,14,121,0,4,64,0,68,11,43,121,14,189,172,50,222,411
05/04/2006,PFN,FL,ASO,ES,Federal Contract Tower,11,32,51,11,105,0,5,55,3,63,11,37,106,14,168,130,6,136,304
05/05/2006,PFN,FL,ASO,ES,Federal Contract Tower,11,39,46,5,101,0,1,12,4,17,11,40,58,9,118,24,2,26,144
05/06/2006,PFN,FL,ASO,ES,Federal Contract Tower,8,18,26,0,52,0,4,63,2,69,8,22,89,2,121,142,0,142,263
05/07/2006,PFN,FL,ASO,ES,Federal Contract Tower,10,14,41,4,69,0,0,15,2,17,10,14,56,6,86,12,20,32,118
05/08/2006,PFN,FL,ASO,ES,Federal Contract Tower,10,33,45,3,91,0,3,37,2,42,10,36,82,5,133,88,10,98,231
05/09/2006,PFN,FL,ASO,ES,Federal Contract Tower,9,33,58,6,106,0,2,22,0,24,9,35,80,6,130,70,16,86,216
05/10/2006,PFN,FL,ASO,ES,Federal Contract Tower,10,35,49,14,108,0,0,4,16,20,10,35,53,30,128,12,24,36,164
05/11/2006,PFN,FL,ASO,ES,Federal Contract Tower,11,42,60,4,117,0,1,33,0,34,11,43,93,4,151,62,8,70,221
05/12/2006,PFN,FL,ASO,ES,Federal Contract Tower,11,30,63,12,116,0,2,88,1,91,11,32,151,13,207,98,22,120,327
05/13/2006,PFN,FL,ASO,ES,Federal Contract Tower,10,21,32,0,63,0,0,78,1,79,10,21,110,1,142,198,0,198,340
05/14/2006,PFN,FL,ASO,ES,Federal Contract Tower,11,12,38,0,61,0,0,29,0,29,11,12,67,0,90,56,0,56,146
05/15/2006,PFN,FL,ASO,ES,Federal Contract Tower,12,36,37,5,90,0,0,50,0,50,12,36,87,5,140,34,6,40,180
05/16/2006,PFN,FL,ASO,ES,Federal Contract Tower,9,31,45,8,93,0,7,47,7,61,9,38,92,15,154,62,42,104,258
05/17/2006,PFN,FL,ASO,ES,Federal Contract Tower,11,33,54,7,105,0,4,47,5,56,11,37,101,12,161,96,30,126,287
05/18/2006,PFN,FL,ASO,ES,Federal Contract Tower,11,28,57,4,100,0,2,67,19,88,11,30,124,23,188,90,18,108,296
05/19/2006,PFN,FL,ASO,ES,Federal Contract Tower,11,32,62,6,111,0,5,81,7,93,11,37,143,13,204,62,32,94,298
05/20/2006,PFN,FL,ASO,ES,Federal Contract Tower,9,18,38,0,65,0,2,73,2,77,9,20,111,2,142,134,0,134,276
05/21/2006,PFN,FL,ASO,ES,Federal Contract Tower,11,14,32,2,59,0,0,107,2,109,11,14,139,4,168,120,4,124,292
05/22/2006,PFN,FL,ASO,ES,Federal Contract Tower,11,33,38,15,97,0,2,75,0,77,11,35,113,15,174,152,20,172,346
05/23/2006,PFN,FL,ASO,ES,Federal Contract Tower,9,37,45,14,105,0,5,70,0,75,9,42,115,14,180,176,40,216,396
05/24/2006,PFN,FL,ASO,ES,Federal Contract Tower,11,42,48,7,108,0,5,54,0,59,11,47,102,7,167,76,16,92,259
05/25/2006,PFN,FL,ASO,ES,Federal Contract Tower,13,35,66,7,121,0,5,92,0,97,13,40,158,7,218,172,34,206,424
05/26/2006,PFN,FL,ASO,ES,Federal Contract Tower,11,29,82,0,122,0,6,97,4,107,11,35,179,4,229,186,0,186,415
05/27/2006,PFN,FL,ASO,ES,Federal Contract Tower,9,18,44,0,71,0,8,90,2,100,9,26,134,2,171,112,0,112,283
05/28/2006,PFN,FL,ASO,ES,Federal Contract Tower,12,17,27,0,56,0,1,33,4,38,12,18,60,4,94,104,8,112,206
05/29/2006,PFN,FL,ASO,ES,Federal Contract Tower,10,19,74,3,106,0,0,72,2,74,10,19,146,5,180,58,10,68,248
05/30/2006,PFN,FL,ASO,ES,Federal Contract Tower,9,31,60,10,110,0,2,38,4,44,9,33,98,14,154,134,32,166,320
05/31/2006,PFN,FL,ASO,ES,Federal Contract Tower,11,36,65,4,116,0,2,57,0,59,11,38,122,4,175,186,34,220,395
06/01/2006,PFN,FL,ASO,ES,Federal Contract Tower,10,37,45,10,102,0,4,52,44,100,10,41,97,54,202,170,98,268,470
06/02/2006,PFN,FL,ASO,ES,Federal Contract Tower,9,40,55,8,112,0,17,45,0,62,9,57,100,8,174,54,30,84,258
06/03/2006,PFN,FL,ASO,ES,Federal Contract Tower,10,25,52,1,88,2,28,75,0,105,12,53,127,1,193,132,2,134,327
06/04/2006,PFN,FL,ASO,ES,Federal Contract Tower,10,16,52,0,78,0,10,60,1,71,10,26,112,1,149,58,0,58,207
06/05/2006,PFN,FL,ASO,ES,Federal Contract Tower,12,35,34,16,97,0,5,61,2,68,12,40,95,18,165,86,22,108,273
06/06/2006,PFN,FL,ASO,ES,Federal Contract Tower,12,35,34,16,97,0,5,61,1,67,12,40,95,17,164,76,22,98,262
06/07/2006,PFN,FL,ASO,ES,Federal Contract Tower,11,40,41,5,97,0,7,48,0,55,11,47,89,5,152,64,8,72,224
06/08/2006,PFN,FL,ASO,ES,Federal Contract Tower,12,33,57,4,106,0,8,52,8,68,12,41,109,12,174,162,22,184,358
06/09/2006,PFN,FL,ASO,ES,Federal Contract Tower,12,32,61,5,110,0,17,61,0,78,12,49,122,5,188,132,32,164,352
06/10/2006,PFN,FL,ASO,ES,Federal Contract Tower,14,17,51,3,85,0,3,55,0,58,14,20,106,3,143,102,4,106,249
06/11/2006,PFN,FL,ASO,ES,Federal Contract Tower,12,13,51,5,81,0,1,54,2,57,12,14,105,7,138,58,6,64,202
06/12/2006,PFN,FL,ASO,ES,Federal Contract Tower,11,30,35,2,78,0,1,5,0,6,11,31,40,2,84,22,2,24,108
06/13/2006,PFN,FL,ASO,ES,Federal Contract Tower,9,34,28,2,73,0,2,22,0,24,9,36,50,2,97,28,22,50,147
06/14/2006,PFN,FL,ASO,ES,Federal Contract Tower,10,39,57,0,106,0,4,71,2,77,10,43,128,2,183,92,2,94,277
06/15/2006,PFN,FL,ASO,ES,Federal Contract Tower,12,33,65,7,117,0,3,51,7,61,12,36,116,14,178,86,10,96,274
06/16/2006,PFN,FL,ASO,ES,Federal Contract Tower,12,29,62,2,105,0,4,68,1,73,12,33,130,3,178,124,0,124,302
06/17/2006,PFN,FL,ASO,ES,Federal Contract Tower,14,14,60,2,90,0,2,64,0,66,14,16,124,2,156,76,0,76,232
06/18/2006,PFN,FL,ASO,ES,Federal Contract Tower,12,13,46,0,71,0,0,38,0,38,12,13,84,0,109,74,2,76,185
06/19/2006,PFN,FL,ASO,ES,Federal Contract Tower,12,28,52,9,101,0,3,12,5,20,12,31,64,14,121,52,6,58,179
06/20/2006,PFN,FL,ASO,ES,Federal Contract Tower,12,31,52,4,99,0,10,72,3,85,12,41,124,7,184,136,24,160,344
06/21/2006,PFN,FL,ASO,ES,Federal Contract Tower,12,37,36,13,98,0,6,68,0,74,12,43,104,13,172,98,32,130,302
06/22/2006,PFN,FL,ASO,ES,Federal Contract Tower,12,32,70,3,117,0,4,39,0,43,12,36,109,3,160,100,44,144,304
06/23/2006,PFN,FL,ASO,ES,Federal Contract Tower,10,36,57,2,105,1,4,36,7,48,11,40,93,9,153,73,0,73,226
06/24/2006,PFN,FL,ASO,ES,Federal Contract Tower,13,16,43,2,74,0,0,32,2,34,13,16,75,4,108,74,0,74,182
06/25/2006,PFN,FL,ASO,ES,Federal Contract Tower,10,19,47,0,76,0,2,67,4,73,10,21,114,4,149,52,0,52,201
06/26/2006,PFN,FL,ASO,ES,Federal Contract Tower,11,40,40,3,94,0,7,58,9,74,11,47,98,12,168,126,60,186,354
06/27/2006,PFN,FL,ASO,ES,Federal Contract Tower,11,37,48,2,98,0,10,29,11,50,11,47,77,13,148,56,40,96,244
06/28/2006,PFN,FL,ASO,ES,Federal Contract Tower,11,34,52,9,106,0,8,45,4,57,11,42,97,13,163,132,110,242,405
06/29/2006,PFN,FL,ASO,ES,Federal Contract Tower,11,34,52,8,105,0,4,64,3,71,11,38,116,11,176,60,20,80,256
06/30/2006,PFN,FL,ASO,ES,Federal Contract Tower,11,34,96,0,141,0,5,76,8,89,11,39,172,8,230,112,8,120,350
07/01/2006,PFN,FL,ASO,ES,Federal Contract Tower,12,19,65,0,96,0,3,63,4,70,12,22,128,4,166,104,0,104,270
07/02/2006,PFN,FL,ASO,ES,Federal Contract Tower,12,13,31,0,56,0,0,55,0,55,12,13,86,0,111,94,0,94,205
07/03/2006,PFN,FL,ASO,ES,Federal Contract Tower,10,36,28,0,74,0,4,57,12,73,10,40,85,12,147,86,0,86,233
07/04/2006,PFN,FL,ASO,ES,Federal Contract Tower,8,15,19,0,42,0,2,63,0,65,8,17,82,0,107,82,0,82,189
07/05/2006,PFN,FL,ASO,ES,Federal Contract Tower,11,39,81,10,141,0,2,49,8,59,11,41,130,18,200,50,58,108,308
07/06/2006,PFN,FL,ASO,ES,Federal Contract Tower,12,36,55,5,108,0,7,30,1,38,12,43,85,6,146,72,10,82,228
07/07/2006,PFN,FL,ASO,ES,Federal Contract Tower,12,35,60,16,123,0,2,27,14,43,12,37,87,30,166,88,16,104,270
07/08/2006,PFN,FL,ASO,ES,Federal Contract Tower,14,28,50,4,96,0,10,71,0,81,14,38,121,4,177,144,2,146,323
07/09/2006,PFN,FL,ASO,ES,Federal Contract Tower,12,16,49,0,77,0,2,55,1,58,12,18,104,1,135,72,8,80,215
07/10/2006,PFN,FL,ASO,ES,Federal Contract Tower,12,28,29,9,78,0,5,40,0,45,12,33,69,9,123,130,52,182,305
07/11/2006,PFN,FL,ASO,ES,Federal Contract Tower,12,35,63,0,110,0,4,55,1,60,12,39,118,1,170,68,4,72,242
07/12/2006,PFN,FL,ASO,ES,Federal Contract Tower,9,36,75,0,120,0,11,59,5,75,9,47,134,5,195,110,0,110,305
07/13/2006,PFN,FL,ASO,ES,Federal Contract Tower,12,37,79,2,130,0,1,56,14,71,12,38,135,16,201,44,0,44,245
07/14/2006,PFN,FL,ASO,ES,Federal Contract Tower,11,35,66,0,112,0,4,68,4,76,11,39,134,4,188,40,0,40,228
07/15/2006,PFN,FL,ASO,ES,Federal Contract Tower,14,15,32,1,62,0,0,52,2,54,14,15,84,3,116,144,0,144,260
07/16/2006,PFN,FL,ASO,ES,Federal Contract Tower,11,18,59,0,88,0,4,58,1,63,11,22,117,1,151,88,0,88,239
07/17/2006,PFN,FL,ASO,ES,Federal Contract Tower,9,32,44,0,85,0,1,23,6,30,9,33,67,6,115,128,0,128,243
07/18/2006,PFN,FL,ASO,ES,Federal Contract Tower,11,32,49,0,92,1,1,54,3,59,12,33,103,3,151,78,0,78,229
07/19/2006,PFN,FL,ASO,ES,Federal Contract Tower,12,37,47,7,103,0,5,53,0,58,12,42,100,7,161,100,58,158,319
07/20/2006,PFN,FL,ASO,ES,Federal Contract Tower,11,31,65,7,114,0,5,32,1,38,11,36,97,8,152,90,10,100,252
07/21/2006,PFN,FL,ASO,ES,Federal Contract Tower,12,30,69,7,118,0,17,41,5,63,12,47,110,12,181,86,2,88,269
07/22/2006,PFN,FL,ASO,ES,Federal Contract Tower,14,17,32,1,64,0,1,44,4,49,14,18,76,5,113,112,4,116,229
07/23/2006,PFN,FL,ASO,ES,Federal Contract Tower,11,13,66,0,90,0,0,47,2,49,11,13,113,2,139,50,0,50,189
07/24/2006,PFN,FL,ASO,ES,Federal Contract Tower,12,28,37,0,77,0,1,16,0,17,12,29,53,0,94,40,0,40,134
07/25/2006,PFN,FL,ASO,ES,Federal Contract Tower,12,27,49,7,95,0,2,42,0,44,12,29,91,7,139,98,32,130,269
07/26/2006,PFN,FL,ASO,ES,Federal Contract Tower,12,32,60,6,110,0,7,48,0,55,12,39,108,6,165,62,26,88,253
07/27/2006,PFN,FL,ASO,ES,Federal Contract Tower,12,33,50,1,96,0,4,71,0,75,12,37,121,1,171,150,18,168,339
07/28/2006,PFN,FL,ASO,ES,Federal Contract Tower,11,23,46,5,85,0,3,49,0,52,11,26,95,5,137,66,8,74,211
07/29/2006,PFN,FL,ASO,ES,Federal Contract Tower,13,14,29,0,56,0,0,44,0,44,13,14,73,0,100,72,0,72,172
07/30/2006,PFN,FL,ASO,ES,Federal Contract Tower,13,13,63,0,89,0,0,39,0,39,13,13,102,0,128,50,0,50,178
07/31/2006,PFN,FL,ASO,ES,Federal Contract Tower,10,31,43,5,89,0,2,26,4,32,10,33,69,9,121,48,58,106,227
08/01/2006,PFN,FL,ASO,ES,Federal Contract Tower,11,38,36,0,85,0,4,31,0,35,11,42,67,0,120,90,4,94,214
08/02/2006,PFN,FL,ASO,ES,Federal Contract Tower,11,38,36,0,85,0,4,31,0,35,11,42,67,0,120,90,4,94,214
08/03/2006,PFN,FL,ASO,ES,Federal Contract Tower,12,34,50,5,101,0,2,33,0,35,12,36,83,5,136,116,8,124,260
08/04/2006,PFN,FL,ASO,ES,Federal Contract Tower,14,38,45,0,97,0,6,37,2,45,14,44,82,2,142,62,0,62,204
08/05/2006,PFN,FL,ASO,ES,Federal Contract Tower,10,17,37,0,64,0,0,43,0,43,10,17,80,0,107,130,0,130,237
08/06/2006,PFN,FL,ASO,ES,Federal Contract Tower,11,17,62,3,93,0,0,51,0,51,11,17,113,3,144,66,6,72,216
08/07/2006,PFN,FL,ASO,ES,Federal Contract Tower,12,28,34,4,78,0,8,40,0,48,12,36,74,4,126,48,2,50,176
08/08/2006,PFN,FL,ASO,ES,Federal Contract Tower,10,34,34,6,84,0,4,30,4,38,10,38,64,10,122,56,8,64,186
08/09/2006,PFN,FL,ASO,ES,Federal Contract Tower,10,37,50,1,98,0,8,52,6,66,10,45,102,7,164,138,4,142,306
08/10/2006,PFN,FL,ASO,ES,Federal Contract Tower,7,34,52,8,101,0,4,52,0,56,7,38,104,8,157,106,0,106,263
08/11/2006,PFN,FL,ASO,ES,Federal Contract Tower,8,38,43,12,101,0,6,60,3,69,8,44,103,15,170,176,26,202,372
08/12/2006,PFN,FL,ASO,ES,Federal Contract Tower,15,14,32,0,61,0,2,54,4,60,15,16,86,4,121,150,0,150,271
08/13/2006,PFN,FL,ASO,ES,Federal Contract Tower,12,13,36,0,61,0,0,28,2,30,12,13,64,2,91,70,0,70,161
08/14/2006,PFN,FL,ASO,ES,Federal Contract Tower,14,30,23,10,77,0,3,45,0,48,14,33,68,10,125,70,10,80,205
08/15/2006,PFN,FL,ASO,ES,Federal Contract Tower,11,31,36,10,88,0,4,49,0,53,11,35,85,10,141,94,58,152,293
08/16/2006,PFN,FL,ASO,ES,Federal Contract Tower,14,32,36,3,85,0,2,34,3,39,14,34,70,6,124,80,18,98,222
08/17/2006,PFN,FL,ASO,ES,Federal Contract Tower,15,32,52,24,123,2,2,30,0,34,17,34,82,24,157,78,46,124,281
08/18/2006,PFN,FL,ASO,ES,Federal Contract Tower,11,36,58,3,108,0,2,33,12,47,11,38,91,15,155,50,0,50,205
08/19/2006,PFN,FL,ASO,ES,Federal Contract Tower,15,17,26,0,58,0,9,42,0,51,15,26,68,0,109,124,0,124,233
08/20/2006,PFN,FL,ASO,ES,Federal Contract Tower,9,15,35,0,59,0,3,32,0,35,9,18,67,0,94,32,0,32,126
08/21/2006,PFN,FL,ASO,ES,Federal Contract Tower,12,34,43,0,89,0,2,10,6,18,12,36,53,6,107,22,2,24,131
08/22/2006,PFN,FL,ASO,ES,Federal Contract Tower,11,32,36,4,83,0,0,29,0,29,11,32,65,4,112,42,19,61,173
08/23/2006,PFN,FL,ASO,ES,Federal Contract Tower,12,35,54,2,103,0,4,40,0,44,12,39,94,2,147,64,10,74,221
08/24/2006,PFN,FL,ASO,ES,Federal Contract Tower,12,36,61,7,116,0,1,42,1,44,12,37,103,8,160,172,6,178,338
08/25/2006,PFN,FL,ASO,ES,Federal Contract Tower,13,31,41,2,87,0,1,28,1,30,13,32,69,3,117,30,0,30,147
08/26/2006,PFN,FL,ASO,ES,Federal Contract Tower,14,18,25,2,59,0,0,27,10,37,14,18,52,12,96,46,0,46,142
08/27/2006,PFN,FL,ASO,ES,Federal Contract Tower,10,16,29,2,57,0,0,24,3,27,10,16,53,5,84,22,0,22,106
08/28/2006,PFN,FL,ASO,ES,Federal Contract Tower,9,33,31,2,75,0,2,29,2,33,9,35,60,4,108,84,2,86,194
08/29/2006,PFN,FL,ASO,ES,Federal Contract Tower,11,39,47,4,101,0,4,49,1,54,11,43,96,5,155,92,2,94,249
08/30/2006,PFN,FL,ASO,ES,Federal Contract Tower,6,37,31,6,80,0,2,15,0,17,6,39,46,6,97,18,4,22,119
08/31/2006,PFN,FL,ASO,ES,Federal Contract Tower,7,37,53,2,99,0,2,69,1,72,7,39,122,3,171,84,14,98,269
09/01/2006,PFN,FL,ASO,ES,Federal Contract Tower,12,34,77,0,123,0,6,45,9,60,12,40,122,9,183,130,0,130,313
09/02/2006,PFN,FL,ASO,ES,Federal Contract Tower,8,17,34,0,59,0,0,67,0,67,8,17,101,0,126,50,0,50,176
09/03/2006,PFN,FL,ASO,ES,Federal Contract Tower,10,12,18,0,40,0,1,50,2,53,10,13,68,2,93,76,0,76,169
09/04/2006,PFN,FL,ASO,ES,Federal Contract Tower,9,22,49,0,80,0,0,63,0,63,9,22,112,0,143,44,0,44,187
09/05/2006,PFN,FL,ASO,ES,Federal Contract Tower,8,32,38,2,80,0,13,20,4,37,8,45,58,6,117,24,2,26,143
09/06/2006,PFN,FL,ASO,ES,Federal Contract Tower,9,36,45,4,94,0,1,23,2,26,9,37,68,6,120,38,2,40,160
09/07/2006,PFN,FL,ASO,ES,Federal Contract Tower,11,32,50,7,100,0,4,30,1,35,11,36,80,8,135,48,20,68,203
09/08/2006,PFN,FL,ASO,ES,Federal Contract Tower,14,29,55,13,111,0,2,30,0,32,14,31,85,13,143,16,8,24,167
09/09/2006,PFN,FL,ASO,ES,Federal Contract Tower,14,16,31,0,61,0,0,14,9,23,14,16,45,9,84,40,0,40,124
09/10/2006,PFN,FL,ASO,ES,Federal Contract Tower,7,17,39,1,64,0,0,10,1,11,7,17,49,2,75,12,0,12,87
09/11/2006,PFN,FL,ASO,ES,Federal Contract Tower,12,30,35,0,77,0,1,5,0,6,12,31,40,0,83,14,0,14,97
09/12/2006,PFN,FL,ASO,ES,Federal Contract Tower,7,38,47,0,92,0,1,7,0,8,7,39,54,0,100,11,4,15,115
09/13/2006,PFN,FL,ASO,ES,Federal Contract Tower,11,34,34,8,87,0,5,33,0,38,11,39,67,8,125,106,50,156,281
09/14/2006,PFN,FL,ASO,ES,Federal Contract Tower,12,34,60,11,117,0,5,46,2,53,12,39,106,13,170,92,20,112,282
09/15/2006,PFN,FL,ASO,ES,Federal Contract Tower,12,30,33,0,75,0,2,71,0,73,12,32,104,0,148,140,8,148,296
09/16/2006,PFN,FL,ASO,ES,Federal Contract Tower,14,14,15,0,43,0,0,65,9,74,14,14,80,9,117,90,0,90,207
09/17/2006,PFN,FL,ASO,ES,Federal Contract Tower,12,14,26,3,55,0,2,44,0,46,12,16,70,3,101,28,0,28,129
09/18/2006,PFN,FL,ASO,ES,Federal Contract Tower,12,29,31,3,75,0,0,7,0,7,12,29,38,3,82,12,2,14,96
09/19/2006,PFN,FL,ASO,ES,Federal Contract Tower,9,35,20,0,64,0,6,24,0,30,9,41,44,0,94,24,0,24,118
09/20/2006,PFN,FL,ASO,ES,Federal Contract Tower,10,32,45,9,96,0,5,91,0,96,10,37,136,9,192,126,36,162,354
09/21/2006,PFN,FL,ASO,ES,Federal Contract Tower,9,37,56,10,112,0,3,58,0,61,9,40,114,10,173,168,72,240,413
09/22/2006,PFN,FL,ASO,ES,Federal Contract Tower,9,32,48,15,104,0,1,41,0,42,9,33,89,15,146,104,20,124,270
09/23/2006,PFN,FL,ASO,ES,Federal Contract Tower,10,18,27,0,55,0,1,49,0,50,10,19,76,0,105,54,0,54,159
09/24/2006,PFN,FL,ASO,ES,Federal Contract Tower,6,17,35,1,59,0,0,19,0,19,6,17,54,1,78,50,0,50,128
09/25/2006,PFN,FL,ASO,ES,Federal Contract Tower,10,33,43,0,86,0,0,37,1,38,10,33,80,1,124,86,4,90,214
09/26/2006,PFN,FL,ASO,ES,Federal Contract Tower,7,38,51,7,103,0,3,65,0,68,7,41,116,7,171,116,76,192,363
09/27/2006,PFN,FL,ASO,ES,Federal Contract Tower,9,35,43,2,89,0,6,81,18,105,9,41,124,20,194,102,6,108,302
09/28/2006,PFN,FL,ASO,ES,Federal Contract Tower,12,31,54,9,106,0,1,54,0,55,12,32,108,9,161,78,24,102,263
09/29/2006,PFN,FL,ASO,ES,Federal Contract Tower,10,34,45,0,89,0,3,85,0,88,10,37,130,0,177,118,4,122,299
09/30/2006,PFN,FL,ASO,ES,Federal Contract Tower,8,21,20,0,49,1,0,65,0,66,9,21,85,0,115,96,0,96,211
10/01/2006,PFN,FL,ASO,ES,Federal Contract Tower,8,21,34,0,63,0,0,47,1,48,8,21,81,1,111,88,0,88,199
10/02/2006,PFN,FL,ASO,ES,Federal Contract Tower,11,33,26,7,77,0,4,46,0,50,11,37,72,7,127,156,6,162,289
10/03/2006,PFN,FL,ASO,ES,Federal Contract Tower,10,34,44,10,98,0,1,58,8,67,10,35,102,18,165,184,10,194,359
10/04/2006,PFN,FL,ASO,ES,Federal Contract Tower,12,35,49,7,103,0,5,74,2,81,12,40,123,9,184,80,8,88,272
10/05/2006,PFN,FL,ASO,ES,Federal Contract Tower,12,34,41,4,91,0,6,67,4,77,12,40,108,8,168,158,10,168,336
10/06/2006,PFN,FL,ASO,ES,Federal Contract Tower,14,32,62,11,119,0,2,57,4,63,14,34,119,15,182,72,38,110,292
10/07/2006,PFN,FL,ASO,ES,Federal Contract Tower,10,22,27,2,61,0,2,35,2,39,10,24,62,4,100,64,0,64,164
10/08/2006,PFN,FL,ASO,ES,Federal Contract Tower,13,16,40,2,71,0,3,52,6,61,13,19,92,8,132,24,28,52,184
10/09/2006,PFN,FL,ASO,ES,Federal Contract Tower,13,22,46,2,83,0,0,66,0,66,13,22,112,2,149,68,2,70,219
10/10/2006,PFN,FL,ASO,ES,Federal Contract Tower,10,31,43,5,89,0,2,73,0,75,10,33,116,5,164,126,20,146,310
10/11/2006,PFN,FL,ASO,ES,Federal Contract Tower,12,36,58,5,111,0,3,57,0,60,12,39,115,5,171,106,30,136,307
10/12/2006,PFN,FL,ASO,ES,Federal Contract Tower,14,33,49,5,101,0,1,58,0,59,14,34,107,5,160,146,12,158,318
10/13/2006,PFN,FL,ASO,ES,Federal Contract Tower,14,28,56,7,105,0,3,48,4,55,14,31,104,11,160,90,0,90,250
10/14/2006,PFN,FL,ASO,ES,Federal Contract Tower,12,18,31,0,61,0,0,69,0,69,12,18,100,0,130,62,0,62,192
10/15/2006,PFN,FL,ASO,ES,Federal Contract Tower,13,14,58,0,85,0,0,49,1,50,13,14,107,1,135,104,0,104,239
10/16/2006,PFN,FL,ASO,ES,Federal Contract Tower,15,27,32,8,82,1,4,16,1,22,16,31,48,9,104,2,24,26,130
10/17/2006,PFN,FL,ASO,ES,Federal Contract Tower,11,34,32,1,78,0,1,3,0,4,11,35,35,1,82,2,0,2,84
10/18/2006,PFN,FL,ASO,ES,Federal Contract Tower,10,39,61,8,118,0,1,32,10,43,10,40,93,18,161,58,14,72,233
10/19/2006,PFN,FL,ASO,ES,Federal Contract Tower,10,31,51,5,97,0,2,35,2,39,10,33,86,7,136,150,16,166,302
10/20/2006,PFN,FL,ASO,ES,Federal Contract Tower,14,33,59,10,116,0,3,35,10,48,14,36,94,20,164,124,14,138,302
10/21/2006,PFN,FL,ASO,ES,Federal Contract Tower,10,16,31,1,58,0,0,48,0,48,10,16,79,1,106,96,2,98,204
10/22/2006,PFN,FL,ASO,ES,Federal Contract Tower,12,18,33,4,67,0,0,10,2,12,12,18,43,6,79,30,0,30,109
10/23/2006,PFN,FL,ASO,ES,Federal Contract Tower,12,34,32,8,86,0,5,39,6,50,12,39,71,14,136,34,2,36,172
10/24/2006,PFN,FL,ASO,ES,Federal Contract Tower,9,34,40,12,95,0,5,37,2,44,9,39,77,14,139,112,2,114,253
10/25/2006,PFN,FL,ASO,ES,Federal Contract Tower,12,32,63,4,111,1,3,55,0,59,13,35,118,4,170,120,2,122,292
10/26/2006,PFN,FL,ASO,ES,Federal Contract Tower,20,31,57,8,116,2,4,47,0,53,22,35,104,8,169,110,34,144,313
10/27/2006,PFN,FL,ASO,ES,Federal Contract Tower,11,30,36,0,77,0,0,6,0,6,11,30,42,0,83,50,0,50,133
10/28/2006,PFN,FL,ASO,ES,Federal Contract Tower,16,16,33,0,65,5,0,25,1,31,21,16,58,1,96,42,0,42,138
10/29/2006,PFN,FL,ASO,ES,Federal Contract Tower,12,17,24,0,53,0,0,51,1,52,12,17,75,1,105,90,10,100,205
10/30/2006,PFN,FL,ASO,ES,Federal Contract Tower,13,31,39,2,85,0,2,52,1,55,13,33,91,3,140,200,0,200,340
10/31/2006,PFN,FL,ASO,ES,Federal Contract Tower,11,31,34,13,89,0,7,42,0,49,11,38,76,13,138,204,52,256,394
11/01/2006,PFN,FL,ASO,ES,Federal Contract Tower,12,37,58,3,110,0,4,28,0,32,12,41,86,3,142,98,0,98,240
11/02/2006,PFN,FL,ASO,ES,Federal Contract Tower,13,33,68,2,116,0,2,18,2,22,13,35,86,4,138,56,14,70,208
11/03/2006,PFN,FL,ASO,ES,Federal Contract Tower,13,33,48,6,100,0,1,44,8,53,13,34,92,14,153,30,2,32,185
11/04/2006,PFN,FL,ASO,ES,Federal Contract Tower,10,20,28,0,58,0,1,58,0,59,10,21,86,0,117,34,0,34,151
11/05/2006,PFN,FL,ASO,ES,Federal Contract Tower,13,26,50,0,89,0,0,50,1,51,13,26,100,1,140,68,14,82,222
11/06/2006,PFN,FL,ASO,ES,Federal Contract Tower,11,32,41,4,88,0,3,16,8,27,11,35,57,12,115,68,10,78,193
11/07/2006,PFN,FL,ASO,ES,Federal Contract Tower,9,38,24,6,77,0,2,14,0,16,9,40,38,6,93,34,24,58,151
11/08/2006,PFN,FL,ASO,ES,Federal Contract Tower,10,35,41,12,98,0,3,50,1,54,10,38,91,13,152,136,54,190,342
11/09/2006,PFN,FL,ASO,ES,Federal Contract Tower,12,40,49,5,106,0,2,67,2,71,12,42,116,7,177,160,16,176,353
11/10/2006,PFN,FL,ASO,ES,Federal Contract Tower,14,31,45,1,91,0,3,59,0,62,14,34,104,1,153,134,2,136,289
11/11/2006,PFN,FL,ASO,ES,Federal Contract Tower,10,22,28,0,60,0,0,37,0,37,10,22,65,0,97,64,2,66,163
11/12/2006,PFN,FL,ASO,ES,Federal Contract Tower,12,19,28,4,63,0,2,50,4,56,12,21,78,8,119,78,6,84,203
11/13/2006,PFN,FL,ASO,ES,Federal Contract Tower,10,35,17,8,70,0,3,27,5,35,10,38,44,13,105,148,56,204,309
11/14/2006,PFN,FL,ASO,ES,Federal Contract Tower,9,40,47,13,109,0,1,65,2,68,9,41,112,15,177,154,6,160,337
11/15/2006,PFN,FL,ASO,ES,Federal Contract Tower,7,37,22,0,66,0,3,8,0,11,7,40,30,0,77,2,0,2,79
11/16/2006,PFN,FL,ASO,ES,Federal Contract Tower,13,32,46,8,99,2,3,23,3,31,15,35,69,11,130,52,0,52,182
11/17/2006,PFN,FL,ASO,ES,Federal Contract Tower,13,33,47,8,101,0,3,71,0,74,13,36,118,8,175,168,60,228,403
11/18/2006,PFN,FL,ASO,ES,Federal Contract Tower,4,23,38,0,65,0,0,54,3,57,4,23,92,3,122,108,8,116,238
11/19/2006,PFN,FL,ASO,ES,Federal Contract Tower,12,12,35,2,61,0,2,29,2,33,12,14,64,4,94,26,0,26,120
11/20/2006,PFN,FL,ASO,ES,Federal Contract Tower,9,34,26,8,77,0,2,17,8,27,9,36,43,16,104,36,6,42,146
11/21/2006,PFN,FL,ASO,ES,Federal Contract Tower,14,35,59,6,114,0,4,43,2,49,14,39,102,8,163,88,0,88,251
11/22/2006,PFN,FL,ASO,ES,Federal Contract Tower,14,33,53,6,106,0,7,52,0,59,14,40,105,6,165,112,34,146,311
11/23/2006,PFN,FL,ASO,ES,Federal Contract Tower,9,8,19,0,36,0,2,20,0,22,9,10,39,0,58,18,0,18,76
11/24/2006,PFN,FL,ASO,ES,Federal Contract Tower,9,26,38,0,73,0,8,41,0,49,9,34,79,0,122,82,0,82,204
11/25/2006,PFN,FL,ASO,ES,Federal Contract Tower,16,13,33,0,62,0,0,54,0,54,16,13,87,0,116,28,0,28,144
11/26/2006,PFN,FL,ASO,ES,Federal Contract Tower,14,18,63,0,95,0,2,77,0,79,14,20,140,0,174,20,0,20,194
11/27/2006,PFN,FL,ASO,ES,Federal Contract Tower,15,30,66,8,119,0,1,44,1,46,15,31,110,9,165,176,24,200,365
11/28/2006,PFN,FL,ASO,ES,Federal Contract Tower,21,37,57,7,122,4,0,46,3,53,25,37,103,10,175,152,20,172,347
11/29/2006,PFN,FL,ASO,ES,Federal Contract Tower,18,41,62,19,140,2,3,35,4,44,20,44,97,23,184,84,36,120,304
11/30/2006,PFN,FL,ASO,ES,Federal Contract Tower,13,42,50,10,115,0,1,24,0,25,13,43,74,10,140,112,10,122,262
12/01/2006,PFN,FL,ASO,ES,Federal Contract Tower,12,33,39,12,96,0,3,33,4,40,12,36,72,16,136,76,10,86,222
12/02/2006,PFN,FL,ASO,ES,Federal Contract Tower,10,15,31,0,56,0,0,78,0,78,10,15,109,0,134,78,0,78,212
12/03/2006,PFN,FL,ASO,ES,Federal Contract Tower,12,21,42,1,76,0,0,26,3,29,12,21,68,4,105,60,0,60,165
12/04/2006,PFN,FL,ASO,ES,Federal Contract Tower,12,30,23,3,68,0,0,27,1,28,12,30,50,4,96,42,6,48,144
12/05/2006,PFN,FL,ASO,ES,Federal Contract Tower,9,34,37,16,96,0,3,76,0,79,9,37,113,16,175,77,62,139,314
12/06/2006,PFN,FL,ASO,ES,Federal Contract Tower,10,29,57,21,117,0,5,49,0,54,10,34,106,21,171,118,16,134,305
12/07/2006,PFN,FL,ASO,ES,Federal Contract Tower,12,34,47,13,106,0,1,27,0,28,12,35,74,13,134,68,52,120,254
12/08/2006,PFN,FL,ASO,ES,Federal Contract Tower,12,28,28,13,81,0,1,28,4,33,12,29,56,17,114,76,52,128,242
12/09/2006,PFN,FL,ASO,ES,Federal Contract Tower,10,21,29,3,63,0,0,59,6,65,10,21,88,9,128,82,2,84,212
12/10/2006,PFN,FL,ASO,ES,Federal Contract Tower,9,16,33,3,61,0,0,48,1,49,9,16,81,4,110,40,6,46,156
12/11/2006,PFN,FL,ASO,ES,Federal Contract Tower,12,32,16,5,65,0,2,21,0,23,12,34,37,5,88,54,6,60,148
12/12/2006,PFN,FL,ASO,ES,Federal Contract Tower,10,35,32,7,84,0,0,39,1,40,10,35,71,8,124,84,8,92,216
12/13/2006,PFN,FL,ASO,ES,Federal Contract Tower,10,33,36,21,100,0,6,30,2,38,10,39,66,23,138,74,16,90,228
12/14/2006,PFN,FL,ASO,ES,Federal Contract Tower,9,37,37,10,93,0,2,29,1,32,9,39,66,11,125,60,4,64,189
12/15/2006,PFN,FL,ASO,ES,Federal Contract Tower,12,24,28,10,74,0,1,29,6,36,12,25,57,16,110,56,8,64,174
12/16/2006,PFN,FL,ASO,ES,Federal Contract Tower,0,0,0,0,0,8,15,87,2,112,8,15,87,2,112,58,10,68,180
12/17/2006,PFN,FL,ASO,ES,Federal Contract Tower,0,0,0,0,0,12,10,62,0,84,12,10,62,0,84,32,10,42,126
12/18/2006,PFN,FL,ASO,ES,Federal Contract Tower,14,25,28,10,77,0,2,27,2,31,14,27,55,12,108,66,28,94,202
12/19/2006,PFN,FL,ASO,ES,Federal Contract Tower,11,29,32,6,78,2,4,23,7,36,13,33,55,13,114,90,30,120,234
12/20/2006,PFN,FL,ASO,ES,Federal Contract Tower,12,31,41,13,97,0,2,59,0,61,12,33,100,13,158,38,34,72,230
12/21/2006,PFN,FL,ASO,ES,Federal Contract Tower,10,34,33,1,78,0,2,26,1,29,10,36,59,2,107,130,0,130,237
12/22/2006,PFN,FL,ASO,ES,Federal Contract Tower,12,32,16,0,60,0,1,11,0,12,12,33,27,0,72,8,0,8,80
12/23/2006,PFN,FL,ASO,ES,Federal Contract Tower,8,11,31,2,52,0,0,40,7,47,8,11,71,9,99,26,0,26,125
12/24/2006,PFN,FL,ASO,ES,Federal Contract Tower,10,10,10,0,30,0,0,2,0,2,10,10,12,0,32,2,0,2,34
12/25/2006,PFN,FL,ASO,ES,Federal Contract Tower,7,9,9,0,25,0,0,0,0,0,7,9,9,0,25,0,0,0,25
12/26/2006,PFN,FL,ASO,ES,Federal Contract Tower,12,25,35,0,72,0,1,11,0,12,12,26,46,0,84,58,0,58,142
12/27/2006,PFN,FL,ASO,ES,Federal Contract Tower,10,35,58,0,103,0,2,44,14,60,10,37,102,14,163,106,0,106,269
12/28/2006,PFN,FL,ASO,ES,Federal Contract Tower,11,30,46,0,87,0,2,29,0,31,11,32,75,0,118,44,0,44,162
12/29/2006,PFN,FL,ASO,ES,Federal Contract Tower,0,0,0,0,0,10,35,76,0,121,10,35,76,0,121,50,8,58,179
12/30/2006,PFN,FL,ASO,ES,Federal Contract Tower,0,3,0,0,3,10,19,45,0,74,10,22,45,0,77,62,0,62,139
12/31/2006,PFN,FL,ASO,ES,Federal Contract Tower,3,4,3,0,10,7,9,7,0,23,10,13,10,0,33,0,0,0,33
01/01/2007,PFN,FL,ASO,ES,Federal Contract Tower,8,12,41,0,61,0,0,17,0,17,8,12,58,0,78,18,0,18,96
01/02/2007,PFN,FL,ASO,ES,Federal Contract Tower,13,32,42,2,89,0,5,49,0,54,13,37,91,2,143,88,2,90,233
01/03/2007,PFN,FL,ASO,ES,Federal Contract Tower,12,31,56,6,105,0,1,17,4,22,12,32,73,10,127,28,0,28,155
01/04/2007,PFN,FL,ASO,ES,Federal Contract Tower,12,44,46,0,102,0,0,15,1,16,12,44,61,1,118,8,0,8,126
01/05/2007,PFN,FL,ASO,ES,Federal Contract Tower,7,34,17,0,58,0,1,16,0,17,7,35,33,0,75,40,0,40,115
01/06/2007,PFN,FL,ASO,ES,Federal Contract Tower,11,17,39,0,67,0,0,14,0,14,11,17,53,0,81,62,0,62,143
01/07/2007,PFN,FL,ASO,ES,Federal Contract Tower,9,16,14,2,41,0,0,0,0,0,9,16,14,2,41,0,0,0,41
01/08/2007,PFN,FL,ASO,ES,Federal Contract Tower,11,26,34,4,75,0,2,35,2,39,11,28,69,6,114,84,8,92,206
01/09/2007,PFN,FL,ASO,ES,Federal Contract Tower,11,33,55,15,114,0,4,32,10,46,11,37,87,25,160,84,64,148,308
01/10/2007,PFN,FL,ASO,ES,Federal Contract Tower,16,36,48,16,116,3,2,66,0,71,19,38,114,16,187,128,2,130,317
01/11/2007,PFN,FL,ASO,ES,Federal Contract Tower,14,34,47,13,108,3,3,57,0,63,17,37,104,13,171,14,34,48,219
01/12/2007,PFN,FL,ASO,ES,Federal Contract Tower,19,33,42,8,102,0,4,35,0,39,19,37,77,8,141,38,40,78,219
01/13/2007,PFN,FL,ASO,ES,Federal Contract Tower,11,13,24,0,48,3,0,54,0,57,14,13,78,0,105,72,0,72,177
01/14/2007,PFN,FL,ASO,ES,Federal Contract Tower,9,12,19,0,40,0,0,26,2,28,9,12,45,2,68,12,0,12,80
01/15/2007,PFN,FL,ASO,ES,Federal Contract Tower,10,21,27,0,58,0,0,15,4,19,10,21,42,4,77,80,0,80,157
01/16/2007,PFN,FL,ASO,ES,Federal Contract Tower,10,31,41,12,94,0,4,16,1,21,10,35,57,13,115,16,32,48,163
01/17/2007,PFN,FL,ASO,ES,Federal Contract Tower,10,32,51,9,102,0,1,35,3,39,10,33,86,12,141,26,14,40,181
01/18/2007,PFN,FL,ASO,ES,Federal Contract Tower,9,29,41,14,93,0,5,54,0,59,9,34,95,14,152,60,52,112,264
01/19/2007,PFN,FL,ASO,ES,Federal Contract Tower,12,31,49,14,106,0,7,20,0,27,12,38,69,14,133,50,34,84,217
01/20/2007,PFN,FL,ASO,ES,Federal Contract Tower,8,15,28,0,51,0,0,58,2,60,8,15,86,2,111,52,0,52,163
01/21/2007,PFN,FL,ASO,ES,Federal Contract Tower,11,15,25,2,53,0,0,3,0,3,11,15,28,2,56,4,0,4,60
01/22/2007,PFN,FL,ASO,ES,Federal Contract Tower,12,32,29,0,73,0,0,2,0,2,12,32,31,0,75,0,0,0,75
01/23/2007,PFN,FL,ASO,ES,Federal Contract Tower,10,27,35,13,85,0,16,46,11,73,10,43,81,24,158,122,24,146,304
01/24/2007,PFN,FL,ASO,ES,Federal Contract Tower,12,30,44,8,94,0,2,29,7,38,12,32,73,15,132,14,38,52,184
01/25/2007,PFN,FL,ASO,ES,Federal Contract Tower,11,34,50,13,108,0,2,38,3,43,11,36,88,16,151,72,16,88,239
01/26/2007,PFN,FL,ASO,ES,Federal Contract Tower,12,33,49,7,101,0,2,61,7,70,12,35,110,14,171,106,4,110,281
01/27/2007,PFN,FL,ASO,ES,Federal Contract Tower,10,19,30,6,65,0,0,28,5,33,10,19,58,11,98,98,74,172,270
01/28/2007,PFN,FL,ASO,ES,Federal Contract Tower,10,12,25,11,58,0,0,18,15,33,10,12,43,26,91,20,26,46,137
01/29/2007,PFN,FL,ASO,ES,Federal Contract Tower,10,12,25,11,58,0,0,18,15,33,10,12,43,26,91,20,26,46,137
01/30/2007,PFN,FL,ASO,ES,Federal Contract Tower,5,35,40,7,87,0,0,26,14,40,5,35,66,21,127,74,54,128,255
01/31/2007,PFN,FL,ASO,ES,Federal Contract Tower,12,41,55,3,111,0,9,53,11,73,12,50,108,14,184,118,14,132,316
02/01/2007,PFN,FL,ASO,ES,Federal Contract Tower,3,34,32,3,72,0,1,3,2,6,3,35,35,5,78,0,2,2,80
02/02/2007,PFN,FL,ASO,ES,Federal Contract Tower,10,27,60,15,112,0,2,11,2,15,10,29,71,17,127,14,78,92,219
02/03/2007,PFN,FL,ASO,ES,Federal Contract Tower,8,15,29,0,52,0,1,26,2,29,8,16,55,2,81,82,0,82,163
02/04/2007,PFN,FL,ASO,ES,Federal Contract Tower,12,13,33,2,60,0,0,11,12,23,12,13,44,14,83,12,0,12,95
02/05/2007,PFN,FL,ASO,ES,Federal Contract Tower,13,26,35,25,99,0,7,30,16,53,13,33,65,41,152,48,36,84,236
02/06/2007,PFN,FL,ASO,ES,Federal Contract Tower,10,23,35,11,79,0,3,40,5,48,10,26,75,16,127,96,10,106,233
02/07/2007,PFN,FL,ASO,ES,Federal Contract Tower,12,28,45,10,95,0,3,46,0,49,12,31,91,10,144,92,10,102,246
02/08/2007,PFN,FL,ASO,ES,Federal Contract Tower,12,32,55,5,104,0,5,45,7,57,12,37,100,12,161,46,8,54,215
02/09/2007,PFN,FL,ASO,ES,Federal Contract Tower,12,28,44,11,95,0,1,34,19,54,12,29,78,30,149,154,16,170,319
02/10/2007,PFN,FL,ASO,ES,Federal Contract Tower,8,16,28,6,58,0,0,38,5,43,8,16,66,11,101,42,2,44,145
02/11/2007,PFN,FL,ASO,ES,Federal Contract Tower,13,13,32,1,59,0,0,35,3,38,13,13,67,4,97,58,0,58,155
02/12/2007,PFN,FL,ASO,ES,Federal Contract Tower,13,26,20,20,79,0,2,34,13,49,13,28,54,33,128,80,21,101,229
02/13/2007,PFN,FL,ASO,ES,Federal Contract Tower,10,33,22,2,67,0,1,3,0,4,10,34,25,2,71,2,0,2,73
02/14/2007,PFN,FL,ASO,ES,Federal Contract Tower,12,33,45,6,96,0,3,24,0,27,12,36,69,6,123,12,20,32,155
02/15/2007,PFN,FL,ASO,ES,Federal Contract Tower,13,34,59,8,114,0,3,51,9,63,13,37,110,17,177,66,0,66,243
02/16/2007,PFN,FL,ASO,ES,Federal Contract Tower,12,36,48,6,102,0,3,48,0,51,12,39,96,6,153,8,4,12,165
02/17/2007,PFN,FL,ASO,ES,Federal Contract Tower,11,18,24,0,53,0,0,54,4,58,11,18,78,4,111,150,0,150,261
02/18/2007,PFN,FL,ASO,ES,Federal Contract Tower,13,10,39,0,62,0,0,39,0,39,13,10,78,0,101,10,0,10,111
02/19/2007,PFN,FL,ASO,ES,Federal Contract Tower,13,18,31,0,62,0,1,66,0,67,13,19,97,0,129,48,0,48,177
02/20/2007,PFN,FL,ASO,ES,Federal Contract Tower,13,35,37,9,94,0,5,31,8,44,13,40,68,17,138,90,34,124,262
02/21/2007,PFN,FL,ASO,ES,Federal Contract Tower,11,33,36,5,85,0,3,15,5,23,11,36,51,10,108,36,32,68,176
02/22/2007,PFN,FL,ASO,ES,Federal Contract Tower,14,29,59,22,124,0,4,31,14,49,14,33,90,36,173,106,84,190,363
02/23/2007,PFN,FL,ASO,ES,Federal Contract Tower,14,30,52,6,102,0,2,67,2,71,14,32,119,8,173,80,14,94,267
02/24/2007,PFN,FL,ASO,ES,Federal Contract Tower,13,17,18,0,48,0,3,59,5,67,13,20,77,5,115,94,0,94,209
02/25/2007,PFN,FL,ASO,ES,Federal Contract Tower,13,8,28,2,51,0,0,20,2,22,13,8,48,4,73,6,0,6,79
02/26/2007,PFN,FL,ASO,ES,Federal Contract Tower,14,28,28,10,80,0,0,44,0,44,14,28,72,10,124,42,8,50,174
02/27/2007,PFN,FL,ASO,ES,Federal Contract Tower,12,29,48,12,101,0,2,52,1,55,12,31,100,13,156,86,36,122,278
02/28/2007,PFN,FL,ASO,ES,Federal Contract Tower,12,33,52,21,118,0,6,38,9,53,12,39,90,30,171,126,16,142,313
03/01/2007,PFN,FL,ASO,ES,Federal Contract Tower,8,35,18,1,62,0,0,5,0,5,8,35,23,1,67,0,0,0,67
03/02/2007,PFN,FL,ASO,ES,Federal Contract Tower,10,28,48,13,99,0,4,44,6,54,10,32,92,19,153,40,16,56,209
03/03/2007,PFN,FL,ASO,ES,Federal Contract Tower,12,17,24,0,53,0,3,77,4,84,12,20,101,4,137,134,0,134,271
03/04/2007,PFN,FL,ASO,ES,Federal Contract Tower,12,8,31,0,51,0,1,59,8,68,12,9,90,8,119,112,0,112,231
03/05/2007,PFN,FL,ASO,ES,Federal Contract Tower,13,32,86,17,148,0,0,0,0,0,13,32,86,17,148,148,66,214,362
03/06/2007,PFN,FL,ASO,ES,Federal Contract Tower,11,30,45,6,92,1,6,52,3,62,12,36,97,9,154,140,10,150,304
03/07/2007,PFN,FL,ASO,ES,Federal Contract Tower,19,35,55,13,122,9,2,58,1,70,28,37,113,14,192,146,12,158,350
03/08/2007,PFN,FL,ASO,ES,Federal Contract Tower,18,32,58,19,127,2,2,73,0,77,20,34,131,19,204,122,4,126,330
03/09/2007,PFN,FL,ASO,ES,Federal Contract Tower,11,33,64,11,119,0,6,59,11,76,11,39,123,22,195,132,56,188,383
03/10/2007,PFN,FL,ASO,ES,Federal Contract Tower,12,16,24,0,52,0,0,76,4,80,12,16,100,4,132,120,0,120,252
03/11/2007,PFN,FL,ASO,ES,Federal Contract Tower,12,10,40,1,63,0,1,60,3,64,12,11,100,4,127,106,6,112,239
03/12/2007,PFN,FL,ASO,ES,Federal Contract Tower,12,25,23,12,72,0,4,88,5,97,12,29,111,17,169,144,44,188,357
03/13/2007,PFN,FL,ASO,ES,Federal Contract Tower,12,33,59,16,120,0,6,62,3,71,12,39,121,19,191,128,20,148,339
03/14/2007,PFN,FL,ASO,ES,Federal Contract Tower,12,38,55,21,126,0,7,44,4,55,12,45,99,25,181,121,30,151,332
03/15/2007,PFN,FL,ASO,ES,Federal Contract Tower,11,35,26,1,73,0,1,5,0,6,11,36,31,1,79,28,8,36,115
03/16/2007,PFN,FL,ASO,ES,Federal Contract Tower,12,31,54,23,120,0,4,32,2,38,12,35,86,25,158,56,42,98,256
03/17/2007,PFN,FL,ASO,ES,Federal Contract Tower,12,22,42,5,81,0,0,39,6,45,12,22,81,11,126,60,2,62,188
03/18/2007,PFN,FL,ASO,ES,Federal Contract Tower,12,10,41,0,63,0,4,72,3,79,12,14,113,3,142,118,8,126,268
03/19/2007,PFN,FL,ASO,ES,Federal Contract Tower,10,28,33,8,79,0,4,56,0,60,10,32,89,8,139,108,44,152,291
03/20/2007,PFN,FL,ASO,ES,Federal Contract Tower,12,33,41,13,99,0,6,74,1,81,12,39,115,14,180,164,24,188,368
03/21/2007,PFN,FL,ASO,ES,Federal Contract Tower,12,42,58,18,130,0,4,50,4,58,12,46,108,22,188,232,24,256,444
03/22/2007,PFN,FL,ASO,ES,Federal Contract Tower,12,35,64,22,133,0,7,83,2,92,12,42,147,24,225,174,6,180,405
03/23/2007,PFN,FL,ASO,ES,Federal Contract Tower,13,32,76,11,132,0,9,85,12,106,13,41,161,23,238,154,2,156,394
03/24/2007,PFN,FL,ASO,ES,Federal Contract Tower,12,21,39,0,72,0,3,65,1,69,12,24,104,1,141,66,10,76,217
03/25/2007,PFN,FL,ASO,ES,Federal Contract Tower,10,15,68,5,98,0,0,93,3,96,10,15,161,8,194,56,0,56,250
03/26/2007,PFN,FL,ASO,ES,Federal Contract Tower,12,32,44,13,101,0,1,50,1,52,12,33,94,14,153,98,50,148,301
03/27/2007,PFN,FL,ASO,ES,Federal Contract Tower,12,34,48,13,107,0,5,48,8,61,12,39,96,21,168,98,14,112,280
03/28/2007,PFN,FL,ASO,ES,Federal Contract Tower,12,31,48,16,107,0,14,44,4,62,12,45,92,20,169,56,64,120,289
03/29/2007,PFN,FL,ASO,ES,Federal Contract Tower,12,32,47,2,93,0,2,47,7,56,12,34,94,9,149,56,12,68,217
03/30/2007,PFN,FL,ASO,ES,Federal Contract Tower,12,36,52,3,103,0,3,35,4,42,12,39,87,7,145,98,0,98,243
03/31/2007,PFN,FL,ASO,ES,Federal Contract Tower,12,22,50,0,84,0,0,33,7,40,12,22,83,7,124,96,0,96,220
04/01/2007,PFN,FL,ASO,ES,Federal Contract Tower,12,13,23,2,50,0,0,10,4,14,12,13,33,6,64,32,4,36,100
04/02/2007,PFN,FL,ASO,ES,Federal Contract Tower,12,29,35,6,82,0,0,25,12,37,12,29,60,18,119,152,2,154,273
04/03/2007,PFN,FL,ASO,ES,Federal Contract Tower,10,36,39,17,102,0,5,44,6,55,10,41,83,23,157,130,82,212,369
04/04/2007,PFN,FL,ASO,ES,Federal Contract Tower,12,42,62,24,140,0,4,24,5,33,12,46,86,29,173,38,52,90,263
04/05/2007,PFN,FL,ASO,ES,Federal Contract Tower,11,34,73,26,144,0,8,51,2,61,11,42,124,28,205,24,68,92,297
04/06/2007,PFN,FL,ASO,ES,Federal Contract Tower,12,33,46,9,100,0,5,74,2,81,12,38,120,11,181,76,6,82,263
04/07/2007,PFN,FL,ASO,ES,Federal Contract Tower,11,22,40,0,73,0,0,66,11,77,11,22,106,11,150,92,0,92,242
04/08/2007,PFN,FL,ASO,ES,Federal Contract Tower,11,17,33,0,61,0,0,30,0,30,11,17,63,0,91,56,0,56,147
04/09/2007,PFN,FL,ASO,ES,Federal Contract Tower,12,28,31,12,83,0,4,18,6,28,12,32,49,18,111,48,28,76,187
04/10/2007,PFN,FL,ASO,ES,Federal Contract Tower,10,39,33,8,90,0,2,11,9,22,10,41,44,17,112,52,36,88,200
04/11/2007,PFN,FL,ASO,ES,Federal Contract Tower,13,39,53,7,112,0,0,4,0,4,13,39,57,7,116,8,4,12,128
04/12/2007,PFN,FL,ASO,ES,Federal Contract Tower,11,31,29,16,87,0,2,93,5,100,11,33,122,21,187,126,8,134,321
04/13/2007,PFN,FL,ASO,ES,Federal Contract Tower,12,31,53,8,104,0,2,85,3,90,12,33,138,11,194,92,14,106,300
04/14/2007,PFN,FL,ASO,ES,Federal Contract Tower,10,19,27,0,56,0,0,14,0,14,10,19,41,0,70,56,0,56,126
04/15/2007,PFN,FL,ASO,ES,Federal Contract Tower,11,14,42,2,69,0,0,13,3,16,11,14,55,5,85,6,10,16,101
04/16/2007,PFN,FL,ASO,ES,Federal Contract Tower,10,28,25,6,69,0,0,44,8,52,10,28,69,14,121,121,78,199,320
04/17/2007,PFN,FL,ASO,ES,Federal Contract Tower,10,35,50,14,109,0,4,62,6,72,10,39,112,20,181,100,46,146,327
04/18/2007,PFN,FL,ASO,ES,Federal Contract Tower,11,32,44,4,91,0,3,27,7,37,11,35,71,11,128,108,36,144,272
04/19/2007,PFN,FL,ASO,ES,Federal Contract Tower,11,36,66,23,136,0,5,106,4,115,11,41,172,27,251,128,28,156,407
04/20/2007,PFN,FL,ASO,ES,Federal Contract Tower,11,37,67,11,126,0,5,69,5,79,11,42,136,16,205,76,40,116,321
04/21/2007,PFN,FL,ASO,ES,Federal Contract Tower,12,16,30,1,59,0,1,46,1,48,12,17,76,2,107,68,0,68,175
04/22/2007,PFN,FL,ASO,ES,Federal Contract Tower,12,18,53,2,85,0,2,66,5,73,12,20,119,7,158,24,0,24,182
04/23/2007,PFN,FL,ASO,ES,Federal Contract Tower,10,30,32,13,85,0,2,28,13,43,10,32,60,26,128,46,10,56,184
04/24/2007,PFN,FL,ASO,ES,Federal Contract Tower,9,35,35,5,84,0,5,89,21,115,9,40,124,26,199,142,42,184,383
04/25/2007,PFN,FL,ASO,ES,Federal Contract Tower,12,30,43,6,91,0,2,63,0,65,12,32,106,6,156,94,4,98,254
04/26/2007,PFN,FL,ASO,ES,Federal Contract Tower,11,32,39,0,82,0,4,24,1,29,11,36,63,1,111,12,0,12,123
04/27/2007,PFN,FL,ASO,ES,Federal Contract Tower,10,29,50,14,103,0,8,68,6,82,10,37,118,20,185,144,34,178,363
04/28/2007,PFN,FL,ASO,ES,Federal Contract Tower,10,16,27,2,55,0,0,75,1,76,10,16,102,3,131,68,2,70,201
04/29/2007,PFN,FL,ASO,ES,Federal Contract Tower,11,10,46,4,71,0,1,55,4,60,11,11,101,8,131,52,12,64,195
04/30/2007,PFN,FL,ASO,ES,Federal Contract Tower,11,24,27,11,73,0,5,41,0,46,11,29,68,11,119,60,34,94,213
05/01/2007,PFN,FL,ASO,ES,Federal Contract Tower,11,30,42,8,91,0,5,45,2,52,11,35,87,10,143,68,4,72,215
05/02/2007,PFN,FL,ASO,ES,Federal Contract Tower,15,34,59,22,130,1,8,50,12,71,16,42,109,34,201,116,32,148,349
05/03/2007,PFN,FL,ASO,ES,Federal Contract Tower,12,33,51,17,113,0,6,54,3,63,12,39,105,20,176,160,14,174,350
05/04/2007,PFN,FL,ASO,ES,Federal Contract Tower,11,30,52,13,106,0,3,57,0,60,11,33,109,13,166,128,4,132,298
05/05/2007,PFN,FL,ASO,ES,Federal Contract Tower,12,16,23,0,51,0,0,29,2,31,12,16,52,2,82,134,0,134,216
05/06/2007,PFN,FL,ASO,ES,Federal Contract Tower,12,12,38,5,67,0,0,24,0,24,12,12,62,5,91,34,0,34,125
05/07/2007,PFN,FL,ASO,ES,Federal Contract Tower,12,32,34,13,91,0,5,18,3,26,12,37,52,16,117,62,10,72,189
05/08/2007,PFN,FL,ASO,ES,Federal Contract Tower,12,30,26,17,85,0,5,25,14,44,12,35,51,31,129,78,44,122,251
05/09/2007,PFN,FL,ASO,ES,Federal Contract Tower,12,34,41,0,87,0,8,55,0,63,12,42,96,0,150,92,12,104,254
05/10/2007,PFN,FL,ASO,ES,Federal Contract Tower,12,29,50,13,104,0,9,53,7,69,12,38,103,20,173,122,14,136,309
05/11/2007,PFN,FL,ASO,ES,Federal Contract Tower,11,37,51,17,116,0,3,50,7,60,11,40,101,24,176,110,42,152,328
05/12/2007,PFN,FL,ASO,ES,Federal Contract Tower,11,14,21,0,46,0,1,32,4,37,11,15,53,4,83,60,0,60,143
05/13/2007,PFN,FL,ASO,ES,Federal Contract Tower,11,17,30,1,59,0,1,26,0,27,11,18,56,1,86,30,2,32,118
05/14/2007,PFN,FL,ASO,ES,Federal Contract Tower,11,35,50,12,108,0,4,17,6,27,11,39,67,18,135,62,2,64,199
05/15/2007,PFN,FL,ASO,ES,Federal Contract Tower,11,29,50,10,100,0,11,36,13,60,11,40,86,23,160,104,4,108,268
05/16/2007,PFN,FL,ASO,ES,Federal Contract Tower,12,40,52,6,110,0,6,35,0,41,12,46,87,6,151,134,22,156,307
05/17/2007,PFN,FL,ASO,ES,Federal Contract Tower,12,33,52,13,110,0,11,46,8,65,12,44,98,21,175,86,24,110,285
05/18/2007,PFN,FL,ASO,ES,Federal Contract Tower,12,30,57,4,103,0,6,45,4,55,12,36,102,8,158,58,4,62,220
05/19/2007,PFN,FL,ASO,ES,Federal Contract Tower,12,14,45,0,71,0,2,84,0,86,12,16,129,0,157,166,0,166,323
05/20/2007,PFN,FL,ASO,ES,Federal Contract Tower,12,10,49,0,71,0,2,42,9,53,12,12,91,9,124,30,10,40,164
05/21/2007,PFN,FL,ASO,ES,Federal Contract Tower,12,27,45,7,91,0,3,27,0,30,12,30,72,7,121,38,2,40,161
05/22/2007,PFN,FL,ASO,ES,Federal Contract Tower,11,35,50,8,104,0,3,19,17,39,11,38,69,25,143,92,52,144,287
05/23/2007,PFN,FL,ASO,ES,Federal Contract Tower,10,29,51,9,99,0,2,33,2,37,10,31,84,11,136,60,12,72,208
05/24/2007,PFN,FL,ASO,ES,Federal Contract Tower,12,31,58,13,114,0,4,24,0,28,12,35,82,13,142,14,10,24,166
05/25/2007,PFN,FL,ASO,ES,Federal Contract Tower,11,33,78,2,124,0,8,71,0,79,11,41,149,2,203,118,8,126,329
05/26/2007,PFN,FL,ASO,ES,Federal Contract Tower,10,16,52,0,78,0,2,60,2,64,10,18,112,2,142,156,0,156,298
05/27/2007,PFN,FL,ASO,ES,Federal Contract Tower,9,9,25,0,43,0,6,53,0,59,9,15,78,0,102,164,4,168,270
05/28/2007,PFN,FL,ASO,ES,Federal Contract Tower,10,17,64,0,91,0,6,32,2,40,10,23,96,2,131,64,8,72,203
05/29/2007,PFN,FL,ASO,ES,Federal Contract Tower,12,29,63,8,112,0,4,19,7,30,12,33,82,15,142,40,20,60,202
05/30/2007,PFN,FL,ASO,ES,Federal Contract Tower,12,36,48,9,105,0,9,24,0,33,12,45,72,9,138,66,18,84,222
05/31/2007,PFN,FL,ASO,ES,Federal Contract Tower,12,38,63,13,126,0,7,33,0,40,12,45,96,13,166,102,22,124,290
06/01/2007,PFN,FL,ASO,ES,Federal Contract Tower,11,34,49,7,101,0,7,25,10,42,11,41,74,17,143,60,8,68,211
06/02/2007,PFN,FL,ASO,ES,Federal Contract Tower,12,18,38,3,71,0,1,31,3,35,12,19,69,6,106,146,0,146,252
06/03/2007,PFN,FL,ASO,ES,Federal Contract Tower,11,16,46,0,73,0,1,43,6,50,11,17,89,6,123,58,0,58,181
06/04/2007,PFN,FL,ASO,ES,Federal Contract Tower,9,32,37,0,78,0,7,19,0,26,9,39,56,0,104,40,0,40,144
06/05/2007,PFN,FL,ASO,ES,Federal Contract Tower,10,38,43,3,94,0,2,26,0,28,10,40,69,3,122,56,2,58,180
06/06/2007,PFN,FL,ASO,ES,Federal Contract Tower,11,35,64,4,114,0,3,36,3,42,11,38,100,7,156,81,28,109,265
06/07/2007,PFN,FL,ASO,ES,Federal Contract Tower,11,33,38,9,91,0,5,54,12,71,11,38,92,21,162,158,36,194,356
06/08/2007,PFN,FL,ASO,ES,Federal Contract Tower,11,34,52,4,101,0,6,38,1,45,11,40,90,5,146,66,4,70,216
06/09/2007,PFN,FL,ASO,ES,Federal Contract Tower,10,23,55,0,88,0,6,55,1,62,10,29,110,1,150,90,0,90,240
06/10/2007,PFN,FL,ASO,ES,Federal Contract Tower,9,21,53,3,86,0,2,70,1,73,9,23,123,4,159,94,0,94,253
06/11/2007,PFN,FL,ASO,ES,Federal Contract Tower,9,28,57,15,109,0,6,30,11,47,9,34,87,26,156,118,20,138,294
06/12/2007,PFN,FL,ASO,ES,Federal Contract Tower,8,34,46,4,92,1,17,32,2,52,9,51,78,6,144,126,0,126,270
06/13/2007,PFN,FL,ASO,ES,Federal Contract Tower,10,35,47,21,113,0,10,26,7,43,10,45,73,28,156,98,74,172,328
06/14/2007,PFN,FL,ASO,ES,Federal Contract Tower,12,34,47,11,104,0,4,73,12,89,12,38,120,23,193,168,36,204,397
06/15/2007,PFN,FL,ASO,ES,Federal Contract Tower,11,29,58,6,104,0,15,59,5,79,11,44,117,11,183,124,12,136,319
06/16/2007,PFN,FL,ASO,ES,Federal Contract Tower,10,24,38,0,72,0,5,56,1,62,10,29,94,1,134,162,0,162,296
06/17/2007,PFN,FL,ASO,ES,Federal Contract Tower,9,18,39,2,68,0,8,64,3,75,9,26,103,5,143,94,20,114,257
06/18/2007,PFN,FL,ASO,ES,Federal Contract Tower,11,29,45,0,85,0,5,36,4,45,11,34,81,4,130,84,0,84,214
06/19/2007,PFN,FL,ASO,ES,Federal Contract Tower,11,30,64,3,108,0,6,25,0,31,11,36,89,3,139,35,2,37,176
06/20/2007,PFN,FL,ASO,ES,Federal Contract Tower,10,37,61,5,113,0,5,30,9,44,10,42,91,14,157,54,0,54,211
06/21/2007,PFN,FL,ASO,ES,Federal Contract Tower,9,37,51,18,115,0,8,68,6,82,9,45,119,24,197,130,22,152,349
06/22/2007,PFN,FL,ASO,ES,Federal Contract Tower,12,32,81,13,138,0,5,36,15,56,12,37,117,28,194,78,14,92,286
06/23/2007,PFN,FL,ASO,ES,Federal Contract Tower,10,21,53,1,85,0,5,78,9,92,10,26,131,10,177,122,0,122,299
06/24/2007,PFN,FL,ASO,ES,Federal Contract Tower,8,21,62,5,96,0,1,52,7,60,8,22,114,12,156,66,4,70,226
06/25/2007,PFN,FL,ASO,ES,Federal Contract Tower,7,32,36,11,86,0,4,34,12,50,7,36,70,23,136,148,14,162,298
06/26/2007,PFN,FL,ASO,ES,Federal Contract Tower,8,36,49,6,99,0,9,52,4,65,8,45,101,10,164,114,98,212,376
06/27/2007,PFN,FL,ASO,ES,Federal Contract Tower,7,40,57,6,110,0,8,70,7,85,7,48,127,13,195,80,26,106,301
06/28/2007,PFN,FL,ASO,ES,Federal Contract Tower,9,37,55,3,104,0,8,55,3,66,9,45,110,6,170,54,6,60,230
06/29/2007,PFN,FL,ASO,ES,Federal Contract Tower,9,38,48,5,100,0,11,39,5,55,9,49,87,10,155,56,10,66,221
06/30/2007,PFN,FL,ASO,ES,Federal Contract Tower,7,27,41,2,77,0,1,57,0,58,7,28,98,2,135,146,0,146,281
07/01/2007,PFN,FL,ASO,ES,Federal Contract Tower,9,22,30,0,61,0,0,47,0,47,9,22,77,0,108,54,0,54,162
07/02/2007,PFN,FL,ASO,ES,Federal Contract Tower,10,29,46,2,87,0,5,20,2,27,10,34,66,4,114,44,0,44,158
07/03/2007,PFN,FL,ASO,ES,Federal Contract Tower,15,32,58,5,110,8,1,54,1,64,23,33,112,6,174,164,30,194,368
07/04/2007,PFN,FL,ASO,ES,Federal Contract Tower,9,15,19,0,43,35,9,19,0,63,44,24,38,0,106,74,0,74,180
07/05/2007,PFN,FL,ASO,ES,Federal Contract Tower,8,40,56,9,113,0,8,80,0,88,8,48,136,9,201,112,42,154,355
07/06/2007,PFN,FL,ASO,ES,Federal Contract Tower,11,38,53,8,110,0,1,102,0,103,11,39,155,8,213,174,20,194,407
07/07/2007,PFN,FL,ASO,ES,Federal Contract Tower,12,22,31,2,67,0,2,38,6,46,12,24,69,8,113,144,0,144,257
07/08/2007,PFN,FL,ASO,ES,Federal Contract Tower,7,20,51,0,78,0,0,39,0,39,7,20,90,0,117,54,0,54,171
07/09/2007,PFN,FL,ASO,ES,Federal Contract Tower,10,27,46,12,95,0,10,31,2,43,10,37,77,14,138,138,70,208,346
07/10/2007,PFN,FL,ASO,ES,Federal Contract Tower,10,33,47,15,105,1,8,71,8,88,11,41,118,23,193,186,58,244,437
07/11/2007,PFN,FL,ASO,ES,Federal Contract Tower,8,25,45,4,82,0,11,49,7,67,8,36,94,11,149,50,22,72,221
07/12/2007,PFN,FL,ASO,ES,Federal Contract Tower,9,42,87,10,148,0,6,113,2,121,9,48,200,12,269,120,24,144,413
07/13/2007,PFN,FL,ASO,ES,Federal Contract Tower,9,36,62,7,114,0,7,61,4,72,9,43,123,11,186,56,2,58,244
07/14/2007,PFN,FL,ASO,ES,Federal Contract Tower,14,21,28,7,70,0,3,53,0,56,14,24,81,7,126,184,2,186,312
07/15/2007,PFN,FL,ASO,ES,Federal Contract Tower,9,28,67,0,104,0,3,54,0,57,9,31,121,0,161,72,0,72,233
07/16/2007,PFN,FL,ASO,ES,Federal Contract Tower,11,30,22,2,65,0,2,18,1,21,11,32,40,3,86,66,10,76,162
07/17/2007,PFN,FL,ASO,ES,Federal Contract Tower,11,36,43,9,99,0,8,33,3,44,11,44,76,12,143,160,24,184,327
07/18/2007,PFN,FL,ASO,ES,Federal Contract Tower,12,35,50,9,106,0,9,34,1,44,12,44,84,10,150,112,10,122,272
07/19/2007,PFN,FL,ASO,ES,Federal Contract Tower,8,36,63,15,122,0,8,68,3,79,8,44,131,18,201,192,30,222,423
07/20/2007,PFN,FL,ASO,ES,Federal Contract Tower,11,31,50,6,98,0,3,64,2,69,11,34,114,8,167,76,24,100,267
07/21/2007,PFN,FL,ASO,ES,Federal Contract Tower,10,21,36,1,68,0,0,47,0,47,10,21,83,1,115,130,0,130,245
07/22/2007,PFN,FL,ASO,ES,Federal Contract Tower,10,17,34,0,61,0,2,73,4,79,10,19,107,4,140,78,0,78,218
07/23/2007,PFN,FL,ASO,ES,Federal Contract Tower,10,28,32,0,70,0,8,35,3,46,10,36,67,3,116,100,0,100,216
07/24/2007,PFN,FL,ASO,ES,Federal Contract Tower,12,32,44,3,91,0,4,23,3,30,12,36,67,6,121,26,24,50,171
07/25/2007,PFN,FL,ASO,ES,Federal Contract Tower,12,33,38,12,95,0,8,38,0,46,12,41,76,12,141,72,34,106,247
07/26/2007,PFN,FL,ASO,ES,Federal Contract Tower,12,32,56,3,103,0,11,47,1,59,12,43,103,4,162,74,0,74,236
07/27/2007,PFN,FL,ASO,ES,Federal Contract Tower,12,26,36,10,84,0,6,38,0,44,12,32,74,10,128,102,12,114,242
07/28/2007,PFN,FL,ASO,ES,Federal Contract Tower,11,23,47,2,83,0,1,56,0,57,11,24,103,2,140,84,0,84,224
07/29/2007,PFN,FL,ASO,ES,Federal Contract Tower,8,16,41,16,81,0,0,61,6,67,8,16,102,22,148,44,4,48,196
07/30/2007,PFN,FL,ASO,ES,Federal Contract Tower,10,27,40,1,78,0,4,32,1,37,10,31,72,2,115,64,0,64,179
07/31/2007,PFN,FL,ASO,ES,Federal Contract Tower,11,31,44,0,86,0,0,13,1,14,11,31,57,1,100,76,0,76,176
08/01/2007,PFN,FL,ASO,ES,Federal Contract Tower,12,29,44,2,87,0,2,48,2,52,12,31,92,4,139,94,16,110,249
08/02/2007,PFN,FL,ASO,ES,Federal Contract Tower,11,39,34,4,88,0,9,65,0,74,11,48,99,4,162,88,30,118,280
08/03/2007,PFN,FL,ASO,ES,Federal Contract Tower,12,31,54,8,105,0,2,22,7,31,12,33,76,15,136,74,0,74,210
08/04/2007,PFN,FL,ASO,ES,Federal Contract Tower,12,17,35,0,64,0,7,55,1,63,12,24,90,1,127,120,0,120,247
08/05/2007,PFN,FL,ASO,ES,Federal Contract Tower,9,18,45,4,76,0,0,44,5,49,9,18,89,9,125,62,0,62,187
08/06/2007,PFN,FL,ASO,ES,Federal Contract Tower,9,33,29,7,78,0,5,28,4,37,9,38,57,11,115,86,12,98,213
08/07/2007,PFN,FL,ASO,ES,Federal Contract Tower,12,35,33,7,87,0,9,54,5,68,12,44,87,12,155,28,59,87,242
08/08/2007,PFN,FL,ASO,ES,Federal Contract Tower,10,31,45,19,105,0,8,36,0,44,10,39,81,19,149,44,84,128,277
08/09/2007,PFN,FL,ASO,ES,Federal Contract Tower,10,34,37,6,87,0,7,45,2,54,10,41,82,8,141,74,34,108,249
08/10/2007,PFN,FL,ASO,ES,Federal Contract Tower,11,29,39,4,83,0,2,42,3,47,11,31,81,7,130,78,4,82,212
08/11/2007,PFN,FL,ASO,ES,Federal Contract Tower,11,20,23,4,58,0,0,40,3,43,11,20,63,7,101,115,2,117,218
08/12/2007,PFN,FL,ASO,ES,Federal Contract Tower,9,24,33,1,67,0,0,25,1,26,9,24,58,2,93,34,0,34,127
08/13/2007,PFN,FL,ASO,ES,Federal Contract Tower,9,29,37,25,100,2,10,43,7,62,11,39,80,32,162,192,62,254,416
08/14/2007,PFN,FL,ASO,ES,Federal Contract Tower,10,35,35,9,89,2,6,57,3,68,12,41,92,12,157,96,44,140,297
08/15/2007,PFN,FL,ASO,ES,Federal Contract Tower,10,34,35,16,95,0,5,63,0,68,10,39,98,16,163,136,42,178,341
08/16/2007,PFN,FL,ASO,ES,Federal Contract Tower,11,35,38,1,85,0,11,42,13,66,11,46,80,14,151,120,18,138,289
08/17/2007,PFN,FL,ASO,ES,Federal Contract Tower,10,33,43,1,87,0,1,36,8,45,10,34,79,9,132,90,2,92,224
08/18/2007,PFN,FL,ASO,ES,Federal Contract Tower,9,14,28,2,53,0,2,56,0,58,9,16,84,2,111,82,0,82,193
08/19/2007,PFN,FL,ASO,ES,Federal Contract Tower,9,20,28,0,57,0,5,60,1,66,9,25,88,1,123,90,14,104,227
08/20/2007,PFN,FL,ASO,ES,Federal Contract Tower,9,29,27,2,67,1,4,60,1,66,10,33,87,3,133,48,10,58,191
08/21/2007,PFN,FL,ASO,ES,Federal Contract Tower,12,35,38,11,96,0,7,57,2,66,12,42,95,13,162,86,52,138,300
08/22/2007,PFN,FL,ASO,ES,Federal Contract Tower,10,40,25,9,84,0,7,57,0,64,10,47,82,9,148,98,72,170,318
08/23/2007,PFN,FL,ASO,ES,Federal Contract Tower,9,31,56,6,102,0,3,25,0,28,9,34,81,6,130,80,54,134,264
08/24/2007,PFN,FL,ASO,ES,Federal Contract Tower,7,34,59,2,102,0,0,22,9,31,7,34,81,11,133,84,0,84,217
08/25/2007,PFN,FL,ASO,ES,Federal Contract Tower,10,13,36,0,59,0,5,61,2,68,10,18,97,2,127,104,0,104,231
08/26/2007,PFN,FL,ASO,ES,Federal Contract Tower,10,10,35,1,56,0,0,27,7,34,10,10,62,8,90,80,2,82,172
08/27/2007,PFN,FL,ASO,ES,Federal Contract Tower,8,27,33,9,77,0,2,31,0,33,8,29,64,9,110,36,6,42,152
08/28/2007,PFN,FL,ASO,ES,Federal Contract Tower,11,31,26,0,68,0,6,26,0,32,11,37,52,0,100,12,0,12,112
08/29/2007,PFN,FL,ASO,ES,Federal Contract Tower,9,26,36,8,79,0,3,44,25,72,9,29,80,33,151,148,46,194,345
08/30/2007,PFN,FL,ASO,ES,Federal Contract Tower,8,30,50,7,95,0,5,64,0,69,8,35,114,7,164,126,18,144,308
08/31/2007,PFN,FL,ASO,ES,Federal Contract Tower,9,38,89,0,136,0,6,58,1,65,9,44,147,1,201,50,0,50,251
09/01/2007,PFN,FL,ASO,ES,Federal Contract Tower,6,15,34,0,55,0,0,50,7,57,6,15,84,7,112,100,0,100,212
09/02/2007,PFN,FL,ASO,ES,Federal Contract Tower,7,10,17,0,34,0,0,26,0,26,7,10,43,0,60,104,0,104,164
09/03/2007,PFN,FL,ASO,ES,Federal Contract Tower,9,20,72,0,101,0,2,28,0,30,9,22,100,0,131,72,0,72,203
09/04/2007,PFN,FL,ASO,ES,Federal Contract Tower,9,33,30,8,80,0,2,34,2,38,9,35,64,10,118,40,4,44,162
09/05/2007,PFN,FL,ASO,ES,Federal Contract Tower,8,32,33,16,89,0,3,54,0,57,8,35,87,16,146,66,20,86,232
09/06/2007,PFN,FL,ASO,ES,Federal Contract Tower,10,35,53,6,104,0,5,64,0,69,10,40,117,6,173,124,16,140,313
09/07/2007,PFN,FL,ASO,ES,Federal Contract Tower,10,36,27,7,80,0,1,47,5,53,10,37,74,12,133,18,14,32,165
09/08/2007,PFN,FL,ASO,ES,Federal Contract Tower,8,14,20,3,45,0,0,85,0,85,8,14,105,3,130,86,12,98,228
09/09/2007,PFN,FL,ASO,ES,Federal Contract Tower,10,15,36,3,64,0,3,48,4,55,10,18,84,7,119,44,0,44,163
09/10/2007,PFN,FL,ASO,ES,Federal Contract Tower,7,31,27,16,81,0,1,39,4,44,7,32,66,20,125,62,94,156,281
09/11/2007,PFN,FL,ASO,ES,Federal Contract Tower,11,33,33,13,90,0,5,14,0,19,11,38,47,13,109,10,64,74,183
09/12/2007,PFN,FL,ASO,ES,Federal Contract Tower,9,37,26,20,92,0,9,32,0,41,9,46,58,20,133,40,38,78,211
09/13/2007,PFN,FL,ASO,ES,Federal Contract Tower,10,33,28,16,87,0,4,31,0,35,10,37,59,16,122,82,64,146,268
09/14/2007,PFN,FL,ASO,ES,Federal Contract Tower,6,39,33,10,88,0,8,13,8,29,6,47,46,18,117,4,4,8,125
09/15/2007,PFN,FL,ASO,ES,Federal Contract Tower,7,12,29,0,48,0,1,35,0,36,7,13,64,0,84,50,0,50,134
09/16/2007,PFN,FL,ASO,ES,Federal Contract Tower,7,14,24,0,45,0,0,57,2,59,7,14,81,2,104,32,0,32,136
09/17/2007,PFN,FL,ASO,ES,Federal Contract Tower,9,34,28,16,87,0,4,54,13,71,9,38,82,29,158,22,72,94,252
09/18/2007,PFN,FL,ASO,ES,Federal Contract Tower,11,34,31,9,85,0,9,47,0,56,11,43,78,9,141,78,12,90,231
09/19/2007,PFN,FL,ASO,ES,Federal Contract Tower,7,40,40,17,104,0,5,48,0,53,7,45,88,17,157,36,88,124,281
09/20/2007,PFN,FL,ASO,ES,Federal Contract Tower,10,34,42,5,91,0,5,16,0,21,10,39,58,5,112,32,4,36,148
09/21/2007,PFN,FL,ASO,ES,Federal Contract Tower,8,31,13,0,52,0,4,6,1,11,8,35,19,1,63,0,0,0,63
09/22/2007,PFN,FL,ASO,ES,Federal Contract Tower,8,15,12,0,35,0,0,19,0,19,8,15,31,0,54,32,0,32,86
09/23/2007,PFN,FL,ASO,ES,Federal Contract Tower,9,12,22,2,45,0,0,25,1,26,9,12,47,3,71,18,0,18,89
09/24/2007,PFN,FL,ASO,ES,Federal Contract Tower,12,28,23,22,85,0,3,41,1,45,12,31,64,23,130,132,88,220,350
09/25/2007,PFN,FL,ASO,ES,Federal Contract Tower,12,27,29,16,84,0,1,44,6,51,12,28,73,22,135,82,54,136,271
09/26/2007,PFN,FL,ASO,ES,Federal Contract Tower,9,32,43,7,91,0,3,45,2,50,9,35,88,9,141,86,2,88,229
09/27/2007,PFN,FL,ASO,ES,Federal Contract Tower,10,38,47,7,102,0,4,42,19,65,10,42,89,26,167,38,4,42,209
09/28/2007,PFN,FL,ASO,ES,Federal Contract Tower,10,30,37,13,90,0,5,85,1,91,10,35,122,14,181,38,10,48,229
09/29/2007,PFN,FL,ASO,ES,Federal Contract Tower,8,19,29,0,56,0,3,42,0,45,8,22,71,0,101,46,0,46,147
09/30/2007,PFN,FL,ASO,ES,Federal Contract Tower,11,12,40,0,63,0,0,40,0,40,11,12,80,0,103,34,0,34,137
10/01/2007,PFN,FL,ASO,ES,Federal Contract Tower,7,36,29,11,83,0,4,31,1,36,7,40,60,12,119,36,4,40,159
10/02/2007,PFN,FL,ASO,ES,Federal Contract Tower,9,36,34,8,87,0,6,25,6,37,9,42,59,14,124,46,28,74,198
10/03/2007,PFN,FL,ASO,ES,Federal Contract Tower,5,44,55,7,111,0,4,23,2,29,5,48,78,9,140,16,24,40,180
10/04/2007,PFN,FL,ASO,ES,Federal Contract Tower,8,43,61,11,123,0,4,42,28,74,8,47,103,39,197,147,64,211,408
10/05/2007,PFN,FL,ASO,ES,Federal Contract Tower,7,39,53,14,113,0,3,10,0,13,7,42,63,14,126,20,12,32,158
10/06/2007,PFN,FL,ASO,ES,Federal Contract Tower,7,20,36,0,63,0,0,12,0,12,7,20,48,0,75,46,0,46,121
10/07/2007,PFN,FL,ASO,ES,Federal Contract Tower,6,21,36,0,63,0,1,40,7,48,6,22,76,7,111,26,0,26,137
10/08/2007,PFN,FL,ASO,ES,Federal Contract Tower,8,20,28,1,57,0,2,62,0,64,8,22,90,1,121,74,0,74,195
10/09/2007,PFN,FL,ASO,ES,Federal Contract Tower,6,34,25,18,83,0,5,63,5,73,6,39,88,23,156,76,56,132,288
10/10/2007,PFN,FL,ASO,ES,Federal Contract Tower,7,41,61,15,124,0,8,57,0,65,7,49,118,15,189,62,50,112,301
10/11/2007,PFN,FL,ASO,ES,Federal Contract Tower,8,41,47,20,116,0,3,31,0,34,8,44,78,20,150,110,48,158,308
10/12/2007,PFN,FL,ASO,ES,Federal Contract Tower,7,34,51,11,103,0,4,89,1,94,7,38,140,12,197,88,12,100,297
10/13/2007,PFN,FL,ASO,ES,Federal Contract Tower,6,20,33,0,59,5,0,74,0,79,11,20,107,0,138,192,0,192,330
10/14/2007,PFN,FL,ASO,ES,Federal Contract Tower,7,19,47,0,73,0,10,41,0,51,7,29,88,0,124,52,0,52,176
10/15/2007,PFN,FL,ASO,ES,Federal Contract Tower,8,31,32,7,78,0,7,58,9,74,8,38,90,16,152,82,62,144,296
10/16/2007,PFN,FL,ASO,ES,Federal Contract Tower,12,34,33,1,80,0,1,7,1,9,12,35,40,2,89,10,10,20,109
10/17/2007,PFN,FL,ASO,ES,Federal Contract Tower,7,34,41,13,95,0,3,55,0,58,7,37,96,13,153,98,50,148,301
10/18/2007,PFN,FL,ASO,ES,Federal Contract Tower,7,38,23,0,68,0,2,7,1,10,7,40,30,1,78,2,0,2,80
10/19/2007,PFN,FL,ASO,ES,Federal Contract Tower,8,39,34,0,81,0,3,11,0,14,8,42,45,0,95,0,0,0,95
10/20/2007,PFN,FL,ASO,ES,Federal Contract Tower,7,17,28,2,54,0,1,72,0,73,7,18,100,2,127,74,0,74,201
10/21/2007,PFN,FL,ASO,ES,Federal Contract Tower,7,23,39,0,69,0,0,42,0,42,7,23,81,0,111,50,0,50,161
10/22/2007,PFN,FL,ASO,ES,Federal Contract Tower,9,30,36,12,87,0,0,1,0,1,9,30,37,12,88,20,8,28,116
10/23/2007,PFN,FL,ASO,ES,Federal Contract Tower,8,38,37,10,93,0,0,7,0,7,8,38,44,10,100,8,38,46,146
10/24/2007,PFN,FL,ASO,ES,Federal Contract Tower,10,40,47,7,104,0,6,38,14,58,10,46,85,21,162,46,18,64,226
10/25/2007,PFN,FL,ASO,ES,Federal Contract Tower,7,32,50,20,109,0,9,38,8,55,7,41,88,28,164,42,52,94,258
10/26/2007,PFN,FL,ASO,ES,Federal Contract Tower,8,29,45,9,91,0,11,65,8,84,8,40,110,17,175,92,34,126,301
10/27/2007,PFN,FL,ASO,ES,Federal Contract Tower,7,19,28,4,58,0,4,77,2,83,7,23,105,6,141,36,4,40,181
10/28/2007,PFN,FL,ASO,ES,Federal Contract Tower,7,21,52,3,83,0,0,46,2,48,7,21,98,5,131,28,2,30,161
10/29/2007,PFN,FL,ASO,ES,Federal Contract Tower,5,38,41,12,96,0,5,37,1,43,5,43,78,13,139,56,46,102,241
10/30/2007,PFN,FL,ASO,ES,Federal Contract Tower,5,43,42,8,98,1,5,44,6,56,6,48,86,14,154,104,24,128,282
10/31/2007,PFN,FL,ASO,ES,Federal Contract Tower,7,32,28,13,80,0,10,52,31,93,7,42,80,44,173,88,56,144,317
11/01/2007,PFN,FL,ASO,ES,Federal Contract Tower,6,40,59,5,110,0,9,31,10,50,6,49,90,15,160,68,30,98,258
11/02/2007,PFN,FL,ASO,ES,Federal Contract Tower,8,29,61,9,107,0,7,61,1,69,8,36,122,10,176,54,44,98,274
11/03/2007,PFN,FL,ASO,ES,Federal Contract Tower,7,14,21,5,47,0,2,75,0,77,7,16,96,5,124,84,6,90,214
11/04/2007,PFN,FL,ASO,ES,Federal Contract Tower,7,21,46,0,74,0,4,59,4,67,7,25,105,4,141,94,6,100,241
11/05/2007,PFN,FL,ASO,ES,Federal Contract Tower,6,29,45,11,91,0,6,69,0,75,6,35,114,11,166,36,30,66,232
11/06/2007,PFN,FL,ASO,ES,Federal Contract Tower,6,35,35,25,101,0,13,46,6,65,6,48,81,31,166,88,68,156,322
11/07/2007,PFN,FL,ASO,ES,Federal Contract Tower,8,38,40,19,105,0,2,37,1,40,8,40,77,20,145,28,78,106,251
11/08/2007,PFN,FL,ASO,ES,Federal Contract Tower,8,37,50,19,114,0,11,57,7,75,8,48,107,26,189,132,80,212,401
11/09/2007,PFN,FL,ASO,ES,Federal Contract Tower,8,36,52,24,120,0,15,63,0,78,8,51,115,24,198,67,34,101,299
11/10/2007,PFN,FL,ASO,ES,Federal Contract Tower,7,14,24,1,46,0,3,34,3,40,7,17,58,4,86,100,0,100,186
11/11/2007,PFN,FL,ASO,ES,Federal Contract Tower,7,17,38,2,64,0,0,57,0,57,7,17,95,2,121,98,0,98,219
11/12/2007,PFN,FL,ASO,ES,Federal Contract Tower,10,22,40,3,75,0,0,50,4,54,10,22,90,7,129,22,15,37,166
11/13/2007,PFN,FL,ASO,ES,Federal Contract Tower,9,32,42,23,106,0,9,64,10,83,9,41,106,33,189,188,50,238,427
11/14/2007,PFN,FL,ASO,ES,Federal Contract Tower,8,36,38,11,93,0,13,53,5,71,8,49,91,16,164,74,32,106,270
11/15/2007,PFN,FL,ASO,ES,Federal Contract Tower,9,37,28,6,80,0,2,10,7,19,9,39,38,13,99,16,26,42,141
11/16/2007,PFN,FL,ASO,ES,Federal Contract Tower,8,29,37,6,80,0,5,60,6,71,8,34,97,12,151,122,12,134,285
11/17/2007,PFN,FL,ASO,ES,Federal Contract Tower,9,16,26,4,55,0,0,58,1,59,9,16,84,5,114,72,12,84,198
11/18/2007,PFN,FL,ASO,ES,Federal Contract Tower,7,15,54,3,79,0,1,28,2,31,7,16,82,5,110,74,4,78,188
11/19/2007,PFN,FL,ASO,ES,Federal Contract Tower,6,35,26,15,82,0,3,50,0,53,6,38,76,15,135,172,26,198,333
11/20/2007,PFN,FL,ASO,ES,Federal Contract Tower,9,34,50,27,120,0,6,71,8,85,9,40,121,35,205,128,96,224,429
11/21/2007,PFN,FL,ASO,ES,Federal Contract Tower,7,42,36,2,87,0,5,45,0,50,7,47,81,2,137,46,2,48,185
11/22/2007,PFN,FL,ASO,ES,Federal Contract Tower,5,10,16,0,31,0,0,3,0,3,5,10,19,0,34,8,0,8,42
11/23/2007,PFN,FL,ASO,ES,Federal Contract Tower,6,34,22,0,62,0,5,26,0,31,6,39,48,0,93,72,0,72,165
11/24/2007,PFN,FL,ASO,ES,Federal Contract Tower,7,18,19,0,44,0,0,32,0,32,7,18,51,0,76,28,0,28,104
11/25/2007,PFN,FL,ASO,ES,Federal Contract Tower,9,16,63,0,88,0,0,0,0,0,9,16,63,0,88,10,0,10,98
11/26/2007,PFN,FL,ASO,ES,Federal Contract Tower,7,31,17,3,58,0,3,2,0,5,7,34,19,3,63,0,0,0,63
11/27/2007,PFN,FL,ASO,ES,Federal Contract Tower,7,33,41,35,116,0,7,50,11,68,7,40,91,46,184,78,70,148,332
11/28/2007,PFN,FL,ASO,ES,Federal Contract Tower,6,37,38,19,100,0,3,69,13,85,6,40,107,32,185,116,38,154,339
11/29/2007,PFN,FL,ASO,ES,Federal Contract Tower,9,36,62,8,115,0,8,74,10,92,9,44,136,18,207,96,6,102,309
11/30/2007,PFN,FL,ASO,ES,Federal Contract Tower,8,38,48,8,102,0,6,79,2,87,8,44,127,10,189,142,8,150,339
12/01/2007,PFN,FL,ASO,ES,Federal Contract Tower,9,10,36,0,55,0,0,52,5,57,9,10,88,5,112,44,0,44,156
12/02/2007,PFN,FL,ASO,ES,Federal Contract Tower,8,11,39,0,58,0,0,16,3,19,8,11,55,3,77,74,8,82,159
12/03/2007,PFN,FL,ASO,ES,Federal Contract Tower,12,35,33,5,85,0,0,31,3,34,12,35,64,8,119,104,12,116,235
12/04/2007,PFN,FL,ASO,ES,Federal Contract Tower,11,35,35,21,102,0,4,55,2,61,11,39,90,23,163,100,18,118,281
12/05/2007,PFN,FL,ASO,ES,Federal Contract Tower,11,37,44,17,109,0,1,47,8,56,11,38,91,25,165,112,30,142,307
12/06/2007,PFN,FL,ASO,ES,Federal Contract Tower,12,26,45,15,98,0,8,77,25,110,12,34,122,40,208,108,16,124,332
12/07/2007,PFN,FL,ASO,ES,Federal Contract Tower,12,29,28,12,81,0,7,58,6,71,12,36,86,18,152,186,4,190,342
12/08/2007,PFN,FL,ASO,ES,Federal Contract Tower,11,16,41,2,70,0,0,62,2,64,11,16,103,4,134,134,0,134,268
12/09/2007,PFN,FL,ASO,ES,Federal Contract Tower,11,7,27,0,45,0,2,53,2,57,11,9,80,2,102,56,0,56,158
12/10/2007,PFN,FL,ASO,ES,Federal Contract Tower,12,28,26,9,75,0,4,34,0,38,12,32,60,9,113,108,46,154,267
12/11/2007,PFN,FL,ASO,ES,Federal Contract Tower,14,28,49,3,94,0,1,50,9,60,14,29,99,12,154,112,6,118,272
12/12/2007,PFN,FL,ASO,ES,Federal Contract Tower,12,35,42,0,89,0,1,31,0,32,12,36,73,0,121,78,0,78,199
12/13/2007,PFN,FL,ASO,ES,Federal Contract Tower,12,37,38,6,93,0,2,11,3,16,12,39,49,9,109,68,22,90,199
12/14/2007,PFN,FL,ASO,ES,Federal Contract Tower,10,24,43,8,85,0,10,23,4,37,10,34,66,12,122,38,26,64,186
12/15/2007,PFN,FL,ASO,ES,Federal Contract Tower,9,12,29,6,56,0,0,0,0,0,9,12,29,6,56,6,0,6,62
12/16/2007,PFN,FL,ASO,ES,Federal Contract Tower,10,6,33,2,51,0,0,8,2,10,10,6,41,4,61,14,10,24,85
12/17/2007,PFN,FL,ASO,ES,Federal Contract Tower,10,25,30,9,74,0,7,72,15,94,10,32,102,24,168,126,26,152,320
12/18/2007,PFN,FL,ASO,ES,Federal Contract Tower,10,28,44,9,91,0,0,85,6,91,10,28,129,15,182,110,16,126,308
12/19/2007,PFN,FL,ASO,ES,Federal Contract Tower,11,28,36,15,90,0,10,17,0,27,11,38,53,15,117,44,74,118,235
12/20/2007,PFN,FL,ASO,ES,Federal Contract Tower,10,30,23,7,70,0,7,55,0,62,10,37,78,7,132,58,14,72,204
12/21/2007,PFN,FL,ASO,ES,Federal Contract Tower,12,26,35,12,85,0,1,44,0,45,12,27,79,12,130,48,12,60,190
12/22/2007,PFN,FL,ASO,ES,Federal Contract Tower,9,12,30,0,51,0,0,0,0,0,9,12,30,0,51,4,0,4,55
12/23/2007,PFN,FL,ASO,ES,Federal Contract Tower,9,9,17,0,35,0,0,18,0,18,9,9,35,0,53,16,0,16,69
12/24/2007,PFN,FL,ASO,ES,Federal Contract Tower,8,11,19,0,38,0,5,27,0,32,8,16,46,0,70,12,0,12,82
12/25/2007,PFN,FL,ASO,ES,Federal Contract Tower,2,7,3,0,12,0,0,5,0,5,2,7,8,0,17,0,0,0,17
12/26/2007,PFN,FL,ASO,ES,Federal Contract Tower,12,29,52,1,94,0,7,4,0,11,12,36,56,1,105,2,0,2,107
12/27/2007,PFN,FL,ASO,ES,Federal Contract Tower,12,32,42,0,86,0,5,19,2,26,12,37,61,2,112,104,0,104,216
12/28/2007,PFN,FL,ASO,ES,Federal Contract Tower,12,23,33,0,68,0,7,17,0,24,12,30,50,0,92,12,2,14,106
12/29/2007,PFN,FL,ASO,ES,Federal Contract Tower,7,16,31,0,54,0,1,1,0,2,7,17,32,0,56,10,0,10,66
12/30/2007,PFN,FL,ASO,ES,Federal Contract Tower,8,14,19,0,41,0,0,1,2,3,8,14,20,2,44,0,0,0,44
12/31/2007,PFN,FL,ASO,ES,Federal Contract Tower,6,18,36,0,60,0,0,37,0,37,6,18,73,0,97,16,0,16,113
01/01/2008,PFN,FL,ASO,ES,Federal Contract Tower,6,11,25,0,42,0,0,8,0,8,6,11,33,0,50,10,0,10,60
01/02/2008,PFN,FL,ASO,ES,Federal Contract Tower,11,26,33,0,70,0,6,25,2,33,11,32,58,2,103,14,0,14,117
01/03/2008,PFN,FL,ASO,ES,Federal Contract Tower,10,32,45,12,99,0,2,43,1,46,10,34,88,13,145,132,34,166,311
01/04/2008,PFN,FL,ASO,ES,Federal Contract Tower,10,23,35,16,84,0,6,45,0,51,10,29,80,16,135,64,20,84,219
01/05/2008,PFN,FL,ASO,ES,Federal Contract Tower,8,15,39,0,62,0,0,53,0,53,8,15,92,0,115,70,0,70,185
01/06/2008,PFN,FL,ASO,ES,Federal Contract Tower,11,11,27,2,51,0,0,38,2,40,11,11,65,4,91,116,0,116,207
01/07/2008,PFN,FL,ASO,ES,Federal Contract Tower,10,23,26,3,62,0,4,40,11,55,10,27,66,14,117,66,14,80,197
01/08/2008,PFN,FL,ASO,ES,Federal Contract Tower,10,33,36,6,85,0,9,68,0,77,10,42,104,6,162,32,42,74,236
01/09/2008,PFN,FL,ASO,ES,Federal Contract Tower,10,28,67,17,122,0,1,29,0,30,10,29,96,17,152,58,40,98,250
01/10/2008,PFN,FL,ASO,ES,Federal Contract Tower,10,24,30,19,83,0,11,66,2,79,10,35,96,21,162,92,48,140,302
01/11/2008,PFN,FL,ASO,ES,Federal Contract Tower,10,28,32,9,79,0,5,23,3,31,10,33,55,12,110,76,8,84,194
01/12/2008,PFN,FL,ASO,ES,Federal Contract Tower,7,17,15,0,39,0,2,107,0,109,7,19,122,0,148,188,0,188,336
01/13/2008,PFN,FL,ASO,ES,Federal Contract Tower,10,16,31,0,57,0,2,68,0,70,10,18,99,0,127,162,0,162,289
01/14/2008,PFN,FL,ASO,ES,Federal Contract Tower,8,23,30,17,78,1,5,53,7,66,9,28,83,24,144,126,19,145,289
01/15/2008,PFN,FL,ASO,ES,Federal Contract Tower,8,32,39,3,82,0,3,73,3,79,8,35,112,6,161,102,24,126,287
01/16/2008,PFN,FL,ASO,ES,Federal Contract Tower,7,33,29,0,69,0,10,1,0,11,7,43,30,0,80,0,0,0,80
01/17/2008,PFN,FL,ASO,ES,Federal Contract Tower,9,32,27,0,68,0,1,3,0,4,9,33,30,0,72,44,0,44,116
01/18/2008,PFN,FL,ASO,ES,Federal Contract Tower,11,27,39,7,84,0,6,94,1,101,11,33,133,8,185,164,36,200,385
01/19/2008,PFN,FL,ASO,ES,Federal Contract Tower,0,14,5,1,20,0,0,0,0,0,0,14,5,1,20,0,0,0,20
01/20/2008,PFN,FL,ASO,ES,Federal Contract Tower,10,11,25,3,49,0,2,40,0,42,10,13,65,3,91,64,4,68,159
01/21/2008,PFN,FL,ASO,ES,Federal Contract Tower,9,24,27,1,61,0,2,65,2,69,9,26,92,3,130,78,16,94,224
01/22/2008,PFN,FL,ASO,ES,Federal Contract Tower,10,27,32,16,85,0,3,53,2,58,10,30,85,18,143,92,10,102,245
01/23/2008,PFN,FL,ASO,ES,Federal Contract Tower,9,39,42,1,91,0,4,17,0,21,9,43,59,1,112,68,0,68,180
01/24/2008,PFN,FL,ASO,ES,Federal Contract Tower,10,25,30,5,70,0,8,11,2,21,10,33,41,7,91,106,10,116,207
01/25/2008,PFN,FL,ASO,ES,Federal Contract Tower,10,32,43,9,94,0,4,79,12,95,10,36,122,21,189,142,32,174,363
01/26/2008,PFN,FL,ASO,ES,Federal Contract Tower,8,13,10,0,31,0,0,3,0,3,8,13,13,0,34,0,0,0,34
01/27/2008,PFN,FL,ASO,ES,Federal Contract Tower,9,12,51,6,78,0,1,59,7,67,9,13,110,13,145,84,2,86,231
01/28/2008,PFN,FL,ASO,ES,Federal Contract Tower,9,29,29,15,82,0,2,69,4,75,9,31,98,19,157,222,52,274,431
01/29/2008,PFN,FL,ASO,ES,Federal Contract Tower,11,31,24,13,79,0,4,42,5,51,11,35,66,18,130,60,22,82,212
01/30/2008,PFN,FL,ASO,ES,Federal Contract Tower,10,25,48,12,95,0,9,24,8,41,10,34,72,20,136,114,36,150,286
01/31/2008,PFN,FL,ASO,ES,Federal Contract Tower,10,28,42,3,83,0,2,10,1,13,10,30,52,4,96,54,0,54,150
02/01/2008,PFN,FL,ASO,ES,Federal Contract Tower,10,31,48,12,101,0,7,41,7,55,10,38,89,19,156,142,56,198,354
02/02/2008,PFN,FL,ASO,ES,Federal Contract Tower,8,14,39,10,71,0,1,88,4,93,8,15,127,14,164,80,24,104,268
02/03/2008,PFN,FL,ASO,ES,Federal Contract Tower,10,12,29,10,61,0,1,55,3,59,10,13,84,13,120,138,6,144,264
02/04/2008,PFN,FL,ASO,ES,Federal Contract Tower,11,27,40,12,90,0,7,42,0,49,11,34,82,12,139,210,36,246,385
02/05/2008,PFN,FL,ASO,ES,Federal Contract Tower,10,48,41,4,103,0,4,23,0,27,10,52,64,4,130,26,0,26,156
02/06/2008,PFN,FL,ASO,ES,Federal Contract Tower,10,27,50,5,92,0,2,24,1,27,10,29,74,6,119,34,4,38,157
02/07/2008,PFN,FL,ASO,ES,Federal Contract Tower,10,29,46,20,105,0,7,71,8,86,10,36,117,28,191,98,82,180,371
02/08/2008,PFN,FL,ASO,ES,Federal Contract Tower,10,34,46,12,102,0,10,81,10,101,10,44,127,22,203,136,16,152,355
02/09/2008,PFN,FL,ASO,ES,Federal Contract Tower,8,16,28,4,56,0,2,93,3,98,8,18,121,7,154,182,2,184,338
02/10/2008,PFN,FL,ASO,ES,Federal Contract Tower,6,15,29,4,54,0,3,93,2,98,6,18,122,6,152,64,10,74,226
02/11/2008,PFN,FL,ASO,ES,Federal Contract Tower,7,21,38,2,68,1,5,53,2,61,8,26,91,4,129,62,8,70,199
02/12/2008,PFN,FL,ASO,ES,Federal Contract Tower,9,28,26,2,65,0,5,22,3,30,9,33,48,5,95,40,14,54,149
02/13/2008,PFN,FL,ASO,ES,Federal Contract Tower,10,27,31,4,72,0,3,17,1,21,10,30,48,5,93,38,18,56,149
02/14/2008,PFN,FL,ASO,ES,Federal Contract Tower,9,27,50,11,97,0,4,136,8,148,9,31,186,19,245,192,34,226,471
02/15/2008,PFN,FL,ASO,ES,Federal Contract Tower,7,31,41,16,95,0,6,51,6,63,7,37,92,22,158,194,50,244,402
02/16/2008,PFN,FL,ASO,ES,Federal Contract Tower,6,25,25,0,56,0,0,81,8,89,6,25,106,8,145,140,8,148,293
02/17/2008,PFN,FL,ASO,ES,Federal Contract Tower,3,15,23,8,49,0,0,8,1,9,3,15,31,9,58,0,2,2,60
02/18/2008,PFN,FL,ASO,ES,Federal Contract Tower,4,29,44,3,80,0,3,46,0,49,4,32,90,3,129,90,6,96,225
02/19/2008,PFN,FL,ASO,ES,Federal Contract Tower,7,30,45,17,99,0,6,69,6,81,7,36,114,23,180,102,14,116,296
02/20/2008,PFN,FL,ASO,ES,Federal Contract Tower,3,32,55,6,96,0,8,73,3,84,3,40,128,9,180,100,8,108,288
02/21/2008,PFN,FL,ASO,ES,Federal Contract Tower,6,37,26,2,71,0,1,5,0,6,6,38,31,2,77,14,2,16,93
02/22/2008,PFN,FL,ASO,ES,Federal Contract Tower,3,37,17,2,59,0,1,1,0,2,3,38,18,2,61,0,0,0,61
02/23/2008,PFN,FL,ASO,ES,Federal Contract Tower,6,24,30,0,60,0,0,44,15,59,6,24,74,15,119,78,6,84,203
02/24/2008,PFN,FL,ASO,ES,Federal Contract Tower,6,19,25,2,52,0,0,64,0,64,6,19,89,2,116,90,4,94,210
02/25/2008,PFN,FL,ASO,ES,Federal Contract Tower,6,27,55,10,98,0,2,54,3,59,6,29,109,13,157,162,28,190,347
02/26/2008,PFN,FL,ASO,ES,Federal Contract Tower,4,31,22,0,57,0,0,4,0,4,4,31,26,0,61,16,18,34,95
02/27/2008,PFN,FL,ASO,ES,Federal Contract Tower,6,31,48,10,95,0,4,48,4,56,6,35,96,14,151,138,18,156,307
02/28/2008,PFN,FL,ASO,ES,Federal Contract Tower,6,34,55,1,96,0,11,96,0,107,6,45,151,1,203,132,22,154,357
02/29/2008,PFN,FL,ASO,ES,Federal Contract Tower,6,29,58,6,99,0,3,57,0,60,6,32,115,6,159,172,22,194,353
03/01/2008,PFN,FL,ASO,ES,Federal Contract Tower,6,25,20,2,53,0,2,70,2,74,6,27,90,4,127,80,4,84,211
03/02/2008,PFN,FL,ASO,ES,Federal Contract Tower,10,16,34,2,62,0,1,58,3,62,10,17,92,5,124,86,8,94,218
03/03/2008,PFN,FL,ASO,ES,Federal Contract Tower,11,24,23,12,70,0,6,23,1,30,11,30,46,13,100,38,34,72,172
03/04/2008,PFN,FL,ASO,ES,Federal Contract Tower,7,28,16,2,53,0,0,18,0,18,7,28,34,2,71,20,0,20,91
03/05/2008,PFN,FL,ASO,ES,Federal Contract Tower,9,28,63,5,105,0,13,61,5,79,9,41,124,10,184,152,32,184,368
03/06/2008,PFN,FL,ASO,ES,Federal Contract Tower,11,30,36,2,79,0,11,59,4,74,11,41,95,6,153,150,0,150,303
03/07/2008,PFN,FL,ASO,ES,Federal Contract Tower,11,25,14,0,50,0,2,0,0,2,11,27,14,0,52,0,0,0,52
03/08/2008,PFN,FL,ASO,ES,Federal Contract Tower,10,17,27,0,54,0,0,9,0,9,10,17,36,0,63,58,0,58,121
03/09/2008,PFN,FL,ASO,ES,Federal Contract Tower,10,14,38,1,63,0,1,108,4,113,10,15,146,5,176,152,0,152,328
03/10/2008,PFN,FL,ASO,ES,Federal Contract Tower,12,28,37,4,81,0,10,97,6,113,12,38,134,10,194,206,14,220,414
03/11/2008,PFN,FL,ASO,ES,Federal Contract Tower,7,33,50,0,90,0,8,36,1,45,7,41,86,1,135,68,0,68,203
03/12/2008,PFN,FL,ASO,ES,Federal Contract Tower,7,34,45,6,92,0,21,69,5,95,7,55,114,11,187,132,24,156,343
03/13/2008,PFN,FL,ASO,ES,Federal Contract Tower,12,34,50,12,108,0,11,99,6,116,12,45,149,18,224,134,34,168,392
03/14/2008,PFN,FL,ASO,ES,Federal Contract Tower,13,33,42,9,97,0,3,32,0,35,13,36,74,9,132,36,26,62,194
03/15/2008,PFN,FL,ASO,ES,Federal Contract Tower,11,22,37,0,70,0,0,0,0,0,11,22,37,0,70,4,0,4,74
03/16/2008,PFN,FL,ASO,ES,Federal Contract Tower,11,17,68,1,97,0,0,119,5,124,11,17,187,6,221,142,0,142,363
03/17/2008,PFN,FL,ASO,ES,Federal Contract Tower,12,23,45,9,89,0,5,74,18,97,12,28,119,27,186,208,12,220,406
03/18/2008,PFN,FL,ASO,ES,Federal Contract Tower,8,41,51,12,112,0,10,64,8,82,8,51,115,20,194,52,8,60,254
03/19/2008,PFN,FL,ASO,ES,Federal Contract Tower,10,36,29,4,79,0,1,14,0,15,10,37,43,4,94,14,8,22,116
03/20/2008,PFN,FL,ASO,ES,Federal Contract Tower,12,32,88,6,138,0,6,124,9,139,12,38,212,15,277,224,10,234,511
03/21/2008,PFN,FL,ASO,ES,Federal Contract Tower,12,36,64,5,117,0,11,132,1,144,12,47,196,6,261,172,2,174,435
03/22/2008,PFN,FL,ASO,ES,Federal Contract Tower,11,18,69,0,98,0,1,135,0,136,11,19,204,0,234,192,0,192,426
03/23/2008,PFN,FL,ASO,ES,Federal Contract Tower,10,20,48,1,79,0,3,30,0,33,10,23,78,1,112,70,8,78,190
03/24/2008,PFN,FL,ASO,ES,Federal Contract Tower,14,23,47,3,87,0,6,62,9,77,14,29,109,12,164,126,8,134,298
03/25/2008,PFN,FL,ASO,ES,Federal Contract Tower,11,24,66,7,108,0,13,85,15,113,11,37,151,22,221,214,18,232,453
03/26/2008,PFN,FL,ASO,ES,Federal Contract Tower,12,32,71,11,126,1,14,110,12,137,13,46,181,23,263,240,48,288,551
03/27/2008,PFN,FL,ASO,ES,Federal Contract Tower,12,30,55,18,115,0,8,139,17,164,12,38,194,35,279,98,84,182,461
03/28/2008,PFN,FL,ASO,ES,Federal Contract Tower,12,28,73,15,128,0,9,104,1,114,12,37,177,16,242,128,34,162,404
03/29/2008,PFN,FL,ASO,ES,Federal Contract Tower,10,19,44,3,76,0,0,54,2,56,10,19,98,5,132,86,32,118,250
03/30/2008,PFN,FL,ASO,ES,Federal Contract Tower,11,14,58,3,86,0,3,83,1,87,11,17,141,4,173,182,2,184,357
03/31/2008,PFN,FL,ASO,ES,Federal Contract Tower,12,27,41,41,121,0,5,47,0,52,12,32,88,41,173,156,78,234,407
04/01/2008,PFN,FL,ASO,ES,Federal Contract Tower,10,31,63,8,112,0,8,83,3,94,10,39,146,11,206,142,8,150,356
04/02/2008,PFN,FL,ASO,ES,Federal Contract Tower,10,32,66,6,114,2,7,84,15,108,12,39,150,21,222,94,6,100,322
04/03/2008,PFN,FL,ASO,ES,Federal Contract Tower,10,25,61,9,105,0,2,43,12,57,10,27,104,21,162,90,6,96,258
04/04/2008,PFN,FL,ASO,ES,Federal Contract Tower,11,34,43,6,94,0,0,13,1,14,11,34,56,7,108,26,4,30,138
04/05/2008,PFN,FL,ASO,ES,Federal Contract Tower,10,18,16,2,46,0,0,0,0,0,10,18,16,2,46,0,0,0,46
04/06/2008,PFN,FL,ASO,ES,Federal Contract Tower,10,25,50,2,87,0,0,32,1,33,10,25,82,3,120,52,0,52,172
04/07/2008,PFN,FL,ASO,ES,Federal Contract Tower,11,29,55,2,97,1,5,99,13,118,12,34,154,15,215,92,20,112,327
04/08/2008,PFN,FL,ASO,ES,Federal Contract Tower,4,51,58,10,123,0,16,111,1,128,4,67,169,11,251,162,20,182,433
04/09/2008,PFN,FL,ASO,ES,Federal Contract Tower,12,31,56,16,115,0,7,67,3,77,12,38,123,19,192,36,34,70,262
04/10/2008,PFN,FL,ASO,ES,Federal Contract Tower,14,35,60,16,125,0,7,76,0,83,14,42,136,16,208,76,62,138,346
04/11/2008,PFN,FL,ASO,ES,Federal Contract Tower,8,43,49,22,122,0,2,101,30,133,8,45,150,52,255,90,18,108,363
04/12/2008,PFN,FL,ASO,ES,Federal Contract Tower,6,31,41,0,78,0,1,44,0,45,6,32,85,0,123,72,0,72,195
04/13/2008,PFN,FL,ASO,ES,Federal Contract Tower,8,21,55,11,95,0,0,98,5,103,8,21,153,16,198,78,24,102,300
04/14/2008,PFN,FL,ASO,ES,Federal Contract Tower,12,27,41,15,95,0,6,38,5,49,12,33,79,20,144,38,18,56,200
04/15/2008,PFN,FL,ASO,ES,Federal Contract Tower,9,40,47,13,109,0,5,73,5,83,9,45,120,18,192,78,0,78,270
04/16/2008,PFN,FL,ASO,ES,Federal Contract Tower,10,46,74,5,135,0,6,115,12,133,10,52,189,17,268,184,48,232,500
04/17/2008,PFN,FL,ASO,ES,Federal Contract Tower,12,39,75,20,146,0,12,152,1,165,12,51,227,21,311,194,54,248,559
04/18/2008,PFN,FL,ASO,ES,Federal Contract Tower,12,35,50,10,107,0,7,77,0,84,12,42,127,10,191,44,54,98,289
04/19/2008,PFN,FL,ASO,ES,Federal Contract Tower,6,28,36,0,70,0,1,74,2,77,6,29,110,2,147,96,0,96,243
04/20/2008,PFN,FL,ASO,ES,Federal Contract Tower,12,23,60,0,95,0,3,77,5,85,12,26,137,5,180,130,4,134,314
04/21/2008,PFN,FL,ASO,ES,Federal Contract Tower,9,28,42,19,98,0,3,74,11,88,9,31,116,30,186,116,70,186,372
04/22/2008,PFN,FL,ASO,ES,Federal Contract Tower,7,41,39,16,103,0,6,103,9,118,7,47,142,25,221,148,42,190,411
04/23/2008,PFN,FL,ASO,ES,Federal Contract Tower,12,34,49,14,109,0,5,137,7,149,12,39,186,21,258,94,50,144,402
04/24/2008,PFN,FL,ASO,ES,Federal Contract Tower,14,36,100,4,154,0,4,72,11,87,14,40,172,15,241,88,26,114,355
04/25/2008,PFN,FL,ASO,ES,Federal Contract Tower,12,31,62,31,136,0,7,67,4,78,12,38,129,35,214,40,98,138,352
04/26/2008,PFN,FL,ASO,ES,Federal Contract Tower,6,31,54,0,91,0,0,61,1,62,6,31,115,1,153,162,8,170,323
04/27/2008,PFN,FL,ASO,ES,Federal Contract Tower,14,20,67,7,108,0,0,21,5,26,14,20,88,12,134,42,32,74,208
04/28/2008,PFN,FL,ASO,ES,Federal Contract Tower,11,32,58,14,115,0,6,37,5,48,11,38,95,19,163,48,10,58,221
04/29/2008,PFN,FL,ASO,ES,Federal Contract Tower,8,38,58,24,128,0,4,104,10,118,8,42,162,34,246,142,56,198,444
04/30/2008,PFN,FL,ASO,ES,Federal Contract Tower,12,31,57,12,112,0,8,70,10,88,12,39,127,22,200,86,34,120,320
05/01/2008,PFN,FL,ASO,ES,Federal Contract Tower,10,41,50,19,120,0,8,112,2,122,10,49,162,21,242,142,100,242,484
05/02/2008,PFN,FL,ASO,ES,Federal Contract Tower,10,33,51,7,101,0,8,69,0,77,10,41,120,7,178,104,16,120,298
05/03/2008,PFN,FL,ASO,ES,Federal Contract Tower,4,30,10,0,44,0,3,38,0,41,4,33,48,0,85,50,0,50,135
05/04/2008,PFN,FL,ASO,ES,Federal Contract Tower,10,22,52,1,85,0,0,78,0,78,10,22,130,1,163,68,2,70,233
05/05/2008,PFN,FL,ASO,ES,Federal Contract Tower,8,33,33,7,81,0,7,36,8,51,8,40,69,15,132,48,10,58,190
05/06/2008,PFN,FL,ASO,ES,Federal Contract Tower,7,43,59,20,129,0,8,125,0,133,7,51,184,20,262,124,96,220,482
05/07/2008,PFN,FL,ASO,ES,Federal Contract Tower,10,36,70,4,120,0,10,107,8,125,10,46,177,12,245,118,0,118,363
05/08/2008,PFN,FL,ASO,ES,Federal Contract Tower,9,47,65,13,134,0,1,49,0,50,9,48,114,13,184,54,30,84,268
05/09/2008,PFN,FL,ASO,ES,Federal Contract Tower,8,38,54,10,110,0,5,72,0,77,8,43,126,10,187,76,20,96,283
05/10/2008,PFN,FL,ASO,ES,Federal Contract Tower,4,36,49,0,89,0,0,26,0,26,4,36,75,0,115,54,0,54,169
05/11/2008,PFN,FL,ASO,ES,Federal Contract Tower,10,23,18,0,51,0,0,12,0,12,10,23,30,0,63,6,0,6,69
05/12/2008,PFN,FL,ASO,ES,Federal Contract Tower,10,38,59,14,121,0,9,76,0,85,10,47,135,14,206,110,40,150,356
05/13/2008,PFN,FL,ASO,ES,Federal Contract Tower,7,44,46,9,106,0,6,147,7,160,7,50,193,16,266,128,28,156,422
05/14/2008,PFN,FL,ASO,ES,Federal Contract Tower,14,40,56,4,114,0,10,79,7,96,14,50,135,11,210,96,10,106,316
05/15/2008,PFN,FL,ASO,ES,Federal Contract Tower,9,35,31,1,76,0,6,72,0,78,9,41,103,1,154,32,2,34,188
05/16/2008,PFN,FL,ASO,ES,Federal Contract Tower,9,43,47,0,99,0,2,5,0,7,9,45,52,0,106,12,0,12,118
05/17/2008,PFN,FL,ASO,ES,Federal Contract Tower,4,33,50,0,87,0,0,89,0,89,4,33,139,0,176,156,0,156,332
05/18/2008,PFN,FL,ASO,ES,Federal Contract Tower,12,16,71,0,99,0,0,56,0,56,12,16,127,0,155,60,0,60,215
05/19/2008,PFN,FL,ASO,ES,Federal Contract Tower,11,34,47,17,109,0,8,82,0,90,11,42,129,17,199,60,112,172,371
05/20/2008,PFN,FL,ASO,ES,Federal Contract Tower,8,42,66,20,136,0,10,72,11,93,8,52,138,31,229,86,54,140,369
05/21/2008,PFN,FL,ASO,ES,Federal Contract Tower,10,35,45,3,93,0,7,84,5,96,10,42,129,8,189,164,12,176,365
05/22/2008,PFN,FL,ASO,ES,Federal Contract Tower,10,36,75,0,121,0,8,86,0,94,10,44,161,0,215,134,10,144,359
05/23/2008,PFN,FL,ASO,ES,Federal Contract Tower,10,45,89,0,144,0,4,91,0,95,10,49,180,0,239,108,0,108,347
05/24/2008,PFN,FL,ASO,ES,Federal Contract Tower,4,33,53,0,90,0,0,109,6,115,4,33,162,6,205,212,0,212,417
05/25/2008,PFN,FL,ASO,ES,Federal Contract Tower,3,19,41,0,63,0,1,67,2,70,3,20,108,2,133,102,0,102,235
05/26/2008,PFN,FL,ASO,ES,Federal Contract Tower,10,23,51,0,84,0,1,76,2,79,10,24,127,2,163,60,0,60,223
05/27/2008,PFN,FL,ASO,ES,Federal Contract Tower,10,41,58,15,124,0,7,86,5,98,10,48,144,20,222,120,42,162,384
05/28/2008,PFN,FL,ASO,ES,Federal Contract Tower,11,35,46,6,98,0,8,60,1,69,11,43,106,7,167,106,48,154,321
05/29/2008,PFN,FL,ASO,ES,Federal Contract Tower,9,31,40,12,92,0,11,129,21,161,9,42,169,33,253,120,44,164,417
05/30/2008,PFN,FL,ASO,ES,Federal Contract Tower,8,40,76,19,143,0,6,80,3,89,8,46,156,22,232,118,50,168,400
05/31/2008,PFN,FL,ASO,ES,Federal Contract Tower,6,30,66,0,102,0,1,84,17,102,6,31,150,17,204,112,32,144,348
06/01/2008,PFN,FL,ASO,ES,Federal Contract Tower,8,18,58,3,87,0,2,29,6,37,8,20,87,9,124,92,0,92,216
06/02/2008,PFN,FL,ASO,ES,Federal Contract Tower,11,37,51,12,111,0,5,37,1,43,11,42,88,13,154,108,86,194,348
06/03/2008,PFN,FL,ASO,ES,Federal Contract Tower,6,39,46,6,97,0,6,63,7,76,6,45,109,13,173,138,46,184,357
06/04/2008,PFN,FL,ASO,ES,Federal Contract Tower,9,38,65,11,123,0,5,65,7,77,9,43,130,18,200,80,26,106,306
06/05/2008,PFN,FL,ASO,ES,Federal Contract Tower,8,44,62,6,120,0,5,63,0,68,8,49,125,6,188,116,26,142,330
06/06/2008,PFN,FL,ASO,ES,Federal Contract Tower,10,33,38,2,83,0,7,68,0,75,10,40,106,2,158,100,0,100,258
06/07/2008,PFN,FL,ASO,ES,Federal Contract Tower,9,32,50,1,92,0,1,99,4,104,9,33,149,5,196,166,6,172,368
06/08/2008,PFN,FL,ASO,ES,Federal Contract Tower,10,24,44,4,82,0,0,63,2,65,10,24,107,6,147,112,12,124,271
06/09/2008,PFN,FL,ASO,ES,Federal Contract Tower,9,37,39,1,86,0,5,62,0,67,9,42,101,1,153,140,26,166,319
06/10/2008,PFN,FL,ASO,ES,Federal Contract Tower,9,39,30,2,80,0,11,50,7,68,9,50,80,9,148,92,38,130,278
06/11/2008,PFN,FL,ASO,ES,Federal Contract Tower,9,37,57,8,111,0,7,84,1,92,9,44,141,9,203,166,48,214,417
06/12/2008,PFN,FL,ASO,ES,Federal Contract Tower,10,42,41,13,106,0,8,73,0,81,10,50,114,13,187,110,10,120,307
06/13/2008,PFN,FL,ASO,ES,Federal Contract Tower,10,38,33,4,85,0,6,69,4,79,10,44,102,8,164,140,2,142,306
06/14/2008,PFN,FL,ASO,ES,Federal Contract Tower,11,29,39,0,79,0,0,83,1,84,11,29,122,1,163,154,0,154,317
06/15/2008,PFN,FL,ASO,ES,Federal Contract Tower,10,30,43,1,84,0,1,23,1,25,10,31,66,2,109,50,0,50,159
06/16/2008,PFN,FL,ASO,ES,Federal Contract Tower,10,28,49,6,93,0,12,68,4,84,10,40,117,10,177,126,12,138,315
06/17/2008,PFN,FL,ASO,ES,Federal Contract Tower,10,40,54,2,106,0,4,62,4,70,10,44,116,6,176,104,2,106,282
06/18/2008,PFN,FL,ASO,ES,Federal Contract Tower,10,39,71,9,129,0,5,115,7,127,10,44,186,16,256,158,22,180,436
06/19/2008,PFN,FL,ASO,ES,Federal Contract Tower,10,37,55,6,108,0,9,115,3,127,10,46,170,9,235,224,6,230,465
06/20/2008,PFN,FL,ASO,ES,Federal Contract Tower,10,33,72,9,124,0,2,94,0,96,10,35,166,9,220,198,18,216,436
06/21/2008,PFN,FL,ASO,ES,Federal Contract Tower,11,25,38,1,75,0,0,58,0,58,11,25,96,1,133,140,4,144,277
06/22/2008,PFN,FL,ASO,ES,Federal Contract Tower,10,21,26,0,57,0,0,28,8,36,10,21,54,8,93,68,0,68,161
06/23/2008,PFN,FL,ASO,ES,Federal Contract Tower,9,28,42,12,91,0,12,63,7,82,9,40,105,19,173,157,12,169,342
06/24/2008,PFN,FL,ASO,ES,Federal Contract Tower,10,31,43,16,100,0,8,56,4,68,10,39,99,20,168,192,6,198,366
06/25/2008,PFN,FL,ASO,ES,Federal Contract Tower,9,41,68,16,134,0,5,92,0,97,9,46,160,16,231,154,74,228,459
06/26/2008,PFN,FL,ASO,ES,Federal Contract Tower,9,39,44,24,116,0,7,65,10,82,9,46,109,34,198,108,64,172,370
06/27/2008,PFN,FL,ASO,ES,Federal Contract Tower,7,36,56,14,113,0,3,73,0,76,7,39,129,14,189,106,38,144,333
06/28/2008,PFN,FL,ASO,ES,Federal Contract Tower,11,26,70,0,107,0,1,65,2,68,11,27,135,2,175,132,0,132,307
06/29/2008,PFN,FL,ASO,ES,Federal Contract Tower,9,28,41,0,78,0,0,34,0,34,9,28,75,0,112,72,0,72,184
06/30/2008,PFN,FL,ASO,ES,Federal Contract Tower,8,36,29,5,78,0,2,29,1,32,8,38,58,6,110,14,14,28,138
07/01/2008,PFN,FL,ASO,ES,Federal Contract Tower,9,31,76,12,128,9,44,139,21,213,18,75,215,33,341,104,43,147,488
07/02/2008,PFN,FL,ASO,ES,Federal Contract Tower,9,36,83,9,137,0,8,158,6,172,9,44,241,15,309,111,0,111,420
07/03/2008,PFN,FL,ASO,ES,Federal Contract Tower,10,40,60,2,112,0,8,62,0,70,10,48,122,2,182,76,0,76,258
07/04/2008,PFN,FL,ASO,ES,Federal Contract Tower,8,15,36,0,59,0,0,37,2,39,8,15,73,2,98,131,0,131,229
07/05/2008,PFN,FL,ASO,ES,Federal Contract Tower,9,32,31,0,72,0,2,39,0,41,9,34,70,0,113,154,0,154,267
07/06/2008,PFN,FL,ASO,ES,Federal Contract Tower,7,26,89,0,122,0,6,77,0,83,7,32,166,0,205,96,0,96,301
07/07/2008,PFN,FL,ASO,ES,Federal Contract Tower,22,29,40,6,97,1,8,72,5,86,23,37,112,11,183,161,96,257,440
07/08/2008,PFN,FL,ASO,ES,Federal Contract Tower,8,39,48,4,99,0,7,55,0,62,8,46,103,4,161,178,17,195,356
07/09/2008,PFN,FL,ASO,ES,Federal Contract Tower,9,38,65,10,122,0,3,88,7,98,9,41,153,17,220,106,20,126,346
07/10/2008,PFN,FL,ASO,ES,Federal Contract Tower,6,37,69,23,135,0,8,73,4,85,6,45,142,27,220,238,54,292,512
07/11/2008,PFN,FL,ASO,ES,Federal Contract Tower,10,41,50,1,102,0,2,61,1,64,10,43,111,2,166,239,0,239,405
07/12/2008,PFN,FL,ASO,ES,Federal Contract Tower,11,25,36,0,72,0,3,24,0,27,11,28,60,0,99,105,0,105,204
07/13/2008,PFN,FL,ASO,ES,Federal Contract Tower,4,32,71,0,107,0,0,27,2,29,4,32,98,2,136,183,0,183,319
07/14/2008,PFN,FL,ASO,ES,Federal Contract Tower,8,38,49,5,100,0,8,58,0,66,8,46,107,5,166,133,33,166,332
07/15/2008,PFN,FL,ASO,ES,Federal Contract Tower,9,43,80,6,138,0,4,88,3,95,9,47,168,9,233,257,4,261,494
07/16/2008,PFN,FL,ASO,ES,Federal Contract Tower,9,35,62,6,112,0,7,89,8,104,9,42,151,14,216,213,22,235,451
07/17/2008,PFN,FL,ASO,ES,Federal Contract Tower,7,34,60,9,110,0,4,53,5,62,7,38,113,14,172,134,2,136,308
07/18/2008,PFN,FL,ASO,ES,Federal Contract Tower,10,29,65,11,115,0,6,51,2,59,10,35,116,13,174,151,28,179,353
07/19/2008,PFN,FL,ASO,ES,Federal Contract Tower,8,23,55,0,86,0,0,60,2,62,8,23,115,2,148,161,2,163,311
07/20/2008,PFN,FL,ASO,ES,Federal Contract Tower,9,24,43,0,76,0,0,49,1,50,9,24,92,1,126,155,4,159,285
07/21/2008,PFN,FL,ASO,ES,Federal Contract Tower,3,32,35,5,75,0,6,52,4,62,3,38,87,9,137,111,8,119,256
07/22/2008,PFN,FL,ASO,ES,Federal Contract Tower,7,29,69,9,114,1,6,57,6,70,8,35,126,15,184,166,4,170,354
07/23/2008,PFN,FL,ASO,ES,Federal Contract Tower,8,40,25,10,83,0,4,22,3,29,8,44,47,13,112,91,58,149,261
07/24/2008,PFN,FL,ASO,ES,Federal Contract Tower,8,35,53,13,109,0,6,54,1,61,8,41,107,14,170,87,68,155,325
07/25/2008,PFN,FL,ASO,ES,Federal Contract Tower,10,31,40,4,85,0,9,49,0,58,10,40,89,4,143,122,0,122,265
07/26/2008,PFN,FL,ASO,ES,Federal Contract Tower,9,24,39,1,73,0,0,48,1,49,9,24,87,2,122,122,0,122,244
07/27/2008,PFN,FL,ASO,ES,Federal Contract Tower,7,30,51,4,92,0,0,40,0,40,7,30,91,4,132,93,12,105,237
07/28/2008,PFN,FL,ASO,ES,Federal Contract Tower,6,31,46,7,90,0,12,35,1,48,6,43,81,8,138,108,49,157,295
07/29/2008,PFN,FL,ASO,ES,Federal Contract Tower,8,33,58,12,111,0,14,41,3,58,8,47,99,15,169,118,28,146,315
07/30/2008,PFN,FL,ASO,ES,Federal Contract Tower,8,33,42,7,90,0,5,97,5,107,8,38,139,12,197,116,15,131,328
07/31/2008,PFN,FL,ASO,ES,Federal Contract Tower,6,31,41,11,89,0,10,31,3,44,6,41,72,14,133,95,21,116,249
08/01/2008,PFN,FL,ASO,ES,Federal Contract Tower,11,27,58,3,99,0,3,21,1,25,11,30,79,4,124,69,0,69,193
08/02/2008,PFN,FL,ASO,ES,Federal Contract Tower,10,25,51,0,86,0,0,28,0,28,10,25,79,0,114,105,0,105,219
08/03/2008,PFN,FL,ASO,ES,Federal Contract Tower,7,22,42,2,73,0,2,83,2,87,7,24,125,4,160,115,2,117,277
08/04/2008,PFN,FL,ASO,ES,Federal Contract Tower,7,31,41,1,80,1,4,50,5,60,8,35,91,6,140,137,0,137,277
08/05/2008,PFN,FL,ASO,ES,Federal Contract Tower,10,35,44,2,91,0,8,97,0,105,10,43,141,2,196,238,20,258,454
08/06/2008,PFN,FL,ASO,ES,Federal Contract Tower,10,29,58,11,108,0,7,97,9,113,10,36,155,20,221,207,23,230,451
08/07/2008,PFN,FL,ASO,ES,Federal Contract Tower,8,34,67,8,117,0,8,54,4,66,8,42,121,12,183,98,2,100,283
08/08/2008,PFN,FL,ASO,ES,Federal Contract Tower,10,31,53,10,104,2,8,46,0,56,12,39,99,10,160,130,4,134,294
08/09/2008,PFN,FL,ASO,ES,Federal Contract Tower,9,22,26,2,59,0,0,77,0,77,9,22,103,2,136,217,4,221,357
08/10/2008,PFN,FL,ASO,ES,Federal Contract Tower,12,29,45,0,86,0,5,58,0,63,12,34,103,0,149,244,0,244,393
08/11/2008,PFN,FL,ASO,ES,Federal Contract Tower,9,33,26,21,89,0,8,37,0,45,9,41,63,21,134,122,52,174,308
08/12/2008,PFN,FL,ASO,ES,Federal Contract Tower,11,34,40,6,91,0,3,12,2,17,11,37,52,8,108,64,0,64,172
08/13/2008,PFN,FL,ASO,ES,Federal Contract Tower,10,40,36,4,90,0,3,4,1,8,10,43,40,5,98,20,16,36,134
08/14/2008,PFN,FL,ASO,ES,Federal Contract Tower,9,32,68,15,124,0,6,59,3,68,9,38,127,18,192,96,31,127,319
08/15/2008,PFN,FL,ASO,ES,Federal Contract Tower,10,29,75,18,132,0,6,71,2,79,10,35,146,20,211,142,28,170,381
08/16/2008,PFN,FL,ASO,ES,Federal Contract Tower,10,21,30,0,61,0,0,8,0,8,10,21,38,0,69,96,0,96,165
08/17/2008,PFN,FL,ASO,ES,Federal Contract Tower,11,21,45,1,78,0,0,29,1,30,11,21,74,2,108,105,0,105,213
08/18/2008,PFN,FL,ASO,ES,Federal Contract Tower,6,31,20,4,61,0,3,9,14,26,6,34,29,18,87,39,7,46,133
08/19/2008,PFN,FL,ASO,ES,Federal Contract Tower,8,25,43,18,94,0,2,15,12,29,8,27,58,30,123,55,8,63,186
08/20/2008,PFN,FL,ASO,ES,Federal Contract Tower,6,27,39,4,76,0,8,44,9,61,6,35,83,13,137,194,10,204,341
08/21/2008,PFN,FL,ASO,ES,Federal Contract Tower,8,25,33,16,82,0,8,26,0,34,8,33,59,16,116,60,86,146,262
08/22/2008,PFN,FL,ASO,ES,Federal Contract Tower,8,30,8,0,46,0,4,3,0,7,8,34,11,0,53,0,0,0,53
08/23/2008,PFN,FL,ASO,ES,Federal Contract Tower,10,12,4,0,26,0,0,0,0,0,10,12,4,0,26,0,0,0,26
08/24/2008,PFN,FL,ASO,ES,Federal Contract Tower,9,13,6,1,29,2,2,18,0,22,11,15,24,1,51,30,0,30,81
08/25/2008,PFN,FL,ASO,ES,Federal Contract Tower,5,28,4,0,37,2,0,6,0,8,7,28,10,0,45,13,0,13,58
08/26/2008,PFN,FL,ASO,ES,Federal Contract Tower,6,26,27,0,59,0,8,16,4,28,6,34,43,4,87,55,0,55,142
08/27/2008,PFN,FL,ASO,ES,Federal Contract Tower,7,31,64,13,115,0,2,79,2,83,7,33,143,15,198,126,62,188,386
08/28/2008,PFN,FL,ASO,ES,Federal Contract Tower,8,29,66,17,120,0,6,71,7,84,8,35,137,24,204,102,25,127,331
08/29/2008,PFN,FL,ASO,ES,Federal Contract Tower,8,33,75,1,117,0,3,37,0,40,8,36,112,1,157,186,0,186,343
08/30/2008,PFN,FL,ASO,ES,Federal Contract Tower,10,21,37,0,68,0,0,32,0,32,10,21,69,0,100,182,0,182,282
08/31/2008,PFN,FL,ASO,ES,Federal Contract Tower,9,24,50,3,86,3,5,25,0,33,12,29,75,3,119,65,0,65,184
09/01/2008,PFN,FL,ASO,ES,Federal Contract Tower,11,12,18,0,41,0,0,0,0,0,11,12,18,0,41,22,0,22,63
09/02/2008,PFN,FL,ASO,ES,Federal Contract Tower,10,28,33,5,76,3,10,40,5,58,13,38,73,10,134,82,20,102,236
09/03/2008,PFN,FL,ASO,ES,Federal Contract Tower,8,24,51,24,107,0,8,39,9,56,8,32,90,33,163,69,64,133,296
09/04/2008,PFN,FL,ASO,ES,Federal Contract Tower,10,26,41,9,86,0,5,76,5,86,10,31,117,14,172,176,10,186,358
09/05/2008,PFN,FL,ASO,ES,Federal Contract Tower,10,23,31,24,88,0,4,48,14,66,10,27,79,38,154,113,18,131,285
09/06/2008,PFN,FL,ASO,ES,Federal Contract Tower,10,12,33,0,55,0,0,53,0,53,10,12,86,0,108,121,10,131,239
09/07/2008,PFN,FL,ASO,ES,Federal Contract Tower,8,14,28,0,50,0,4,56,0,60,8,18,84,0,110,91,0,91,201
09/08/2008,PFN,FL,ASO,ES,Federal Contract Tower,9,20,44,12,85,1,14,38,20,73,10,34,82,32,158,65,8,73,231
09/09/2008,PFN,FL,ASO,ES,Federal Contract Tower,10,24,62,23,119,2,16,71,24,113,12,40,133,47,232,86,40,126,358
09/10/2008,PFN,FL,ASO,ES,Federal Contract Tower,10,25,38,16,89,0,4,30,3,37,10,29,68,19,126,69,22,91,217
09/11/2008,PFN,FL,ASO,ES,Federal Contract Tower,10,21,45,19,95,0,5,23,6,34,10,26,68,25,129,4,6,10,139
09/12/2008,PFN,FL,ASO,ES,Federal Contract Tower,10,22,36,20,88,0,7,44,11,62,10,29,80,31,150,75,36,111,261
09/13/2008,PFN,FL,ASO,ES,Federal Contract Tower,8,16,35,0,59,0,0,42,0,42,8,16,77,0,101,178,0,178,279
09/14/2008,PFN,FL,ASO,ES,Federal Contract Tower,6,23,38,5,72,0,1,45,6,52,6,24,83,11,124,141,30,171,295
09/15/2008,PFN,FL,ASO,ES,Federal Contract Tower,7,25,39,2,73,0,3,53,4,60,7,28,92,6,133,109,20,129,262
09/16/2008,PFN,FL,ASO,ES,Federal Contract Tower,10,22,55,20,107,0,2,54,1,57,10,24,109,21,164,109,44,153,317
09/17/2008,PFN,FL,ASO,ES,Federal Contract Tower,11,20,19,20,70,0,5,63,9,77,11,25,82,29,147,97,84,181,328
09/18/2008,PFN,FL,ASO,ES,Federal Contract Tower,7,31,44,9,91,0,7,90,2,99,7,38,134,11,190,138,24,162,352
09/19/2008,PFN,FL,ASO,ES,Federal Contract Tower,9,25,33,13,80,0,3,53,5,61,9,28,86,18,141,109,4,113,254
09/20/2008,PFN,FL,ASO,ES,Federal Contract Tower,8,14,39,0,61,0,0,63,0,63,8,14,102,0,124,130,2,132,256
09/21/2008,PFN,FL,ASO,ES,Federal Contract Tower,6,14,36,0,56,0,0,47,0,47,6,14,83,0,103,74,8,82,185
09/22/2008,PFN,FL,ASO,ES,Federal Contract Tower,11,19,55,21,106,0,6,47,4,57,11,25,102,25,163,70,38,108,271
09/23/2008,PFN,FL,ASO,ES,Federal Contract Tower,10,21,35,16,82,0,1,63,3,67,10,22,98,19,149,140,12,152,301
09/24/2008,PFN,FL,ASO,ES,Federal Contract Tower,9,26,38,4,77,0,6,47,3,56,9,32,85,7,133,81,26,107,240
09/25/2008,PFN,FL,ASO,ES,Federal Contract Tower,7,25,39,19,90,0,9,87,14,110,7,34,126,33,200,120,6,126,326
09/26/2008,PFN,FL,ASO,ES,Federal Contract Tower,10,21,35,10,76,0,9,99,10,118,10,30,134,20,194,158,6,164,358
09/27/2008,PFN,FL,ASO,ES,Federal Contract Tower,9,12,30,0,51,0,0,92,1,93,9,12,122,1,144,129,0,129,273
09/28/2008,PFN,FL,ASO,ES,Federal Contract Tower,11,11,34,8,64,1,0,73,2,76,12,11,107,10,140,121,11,132,272
09/29/2008,PFN,FL,ASO,ES,Federal Contract Tower,8,28,26,4,66,0,7,40,2,49,8,35,66,6,115,62,0,62,177
09/30/2008,PFN,FL,ASO,ES,Federal Contract Tower,11,20,34,7,72,0,3,35,4,42,11,23,69,11,114,93,16,109,223
10/01/2008,PFN,FL,ASO,ES,Federal Contract Tower,9,19,30,1,59,0,4,47,1,52,9,23,77,2,111,72,0,72,183
10/02/2008,PFN,FL,ASO,ES,Federal Contract Tower,8,26,44,14,92,0,12,93,11,116,8,38,137,25,208,110,33,143,351
10/03/2008,PFN,FL,ASO,ES,Federal Contract Tower,5,23,43,5,76,0,5,71,6,82,5,28,114,11,158,63,0,63,221
10/04/2008,PFN,FL,ASO,ES,Federal Contract Tower,8,17,21,0,46,0,0,60,0,60,8,17,81,0,106,57,0,57,163
10/05/2008,PFN,FL,ASO,ES,Federal Contract Tower,8,18,36,1,63,0,0,46,1,47,8,18,82,2,110,7,0,7,117
10/06/2008,PFN,FL,ASO,ES,Federal Contract Tower,8,20,34,5,67,0,3,48,0,51,8,23,82,5,118,90,14,104,222
10/07/2008,PFN,FL,ASO,ES,Federal Contract Tower,7,24,33,10,74,0,1,5,1,7,7,25,38,11,81,6,52,58,139
10/08/2008,PFN,FL,ASO,ES,Federal Contract Tower,8,24,17,0,49,0,2,6,1,9,8,26,23,1,58,23,0,23,81
10/09/2008,PFN,FL,ASO,ES,Federal Contract Tower,7,20,49,11,87,0,3,56,5,64,7,23,105,16,151,70,10,80,231
10/10/2008,PFN,FL,ASO,ES,Federal Contract Tower,6,27,56,8,97,0,2,36,0,38,6,29,92,8,135,47,10,57,192
10/11/2008,PFN,FL,ASO,ES,Federal Contract Tower,8,12,22,0,42,0,0,21,0,21,8,12,43,0,63,60,0,60,123
10/12/2008,PFN,FL,ASO,ES,Federal Contract Tower,7,20,57,0,84,1,11,56,0,68,8,31,113,0,152,63,4,67,219
10/13/2008,PFN,FL,ASO,ES,Federal Contract Tower,7,17,36,0,60,0,0,30,0,30,7,17,66,0,90,75,0,75,165
10/14/2008,PFN,FL,ASO,ES,Federal Contract Tower,6,27,43,14,90,0,4,72,4,80,6,31,115,18,170,140,9,149,319
10/15/2008,PFN,FL,ASO,ES,Federal Contract Tower,8,24,33,19,84,0,4,74,9,87,8,28,107,28,171,81,36,117,288
10/16/2008,PFN,FL,ASO,ES,Federal Contract Tower,6,23,39,14,82,0,7,91,7,105,6,30,130,21,187,104,24,128,315
10/17/2008,PFN,FL,ASO,ES,Federal Contract Tower,6,24,41,22,93,0,4,54,6,64,6,28,95,28,157,169,30,199,356
10/18/2008,PFN,FL,ASO,ES,Federal Contract Tower,8,15,49,0,72,0,0,35,0,35,8,15,84,0,107,68,0,68,175
10/19/2008,PFN,FL,ASO,ES,Federal Contract Tower,7,15,41,0,63,0,0,56,0,56,7,15,97,0,119,8,0,8,127
10/20/2008,PFN,FL,ASO,ES,Federal Contract Tower,8,23,33,19,83,0,4,48,6,58,8,27,81,25,141,147,10,157,298
10/21/2008,PFN,FL,ASO,ES,Federal Contract Tower,8,21,34,24,87,0,6,41,4,51,8,27,75,28,138,140,12,152,290
10/22/2008,PFN,FL,ASO,ES,Federal Contract Tower,6,31,39,7,83,0,7,69,4,80,6,38,108,11,163,104,26,130,293
10/23/2008,PFN,FL,ASO,ES,Federal Contract Tower,8,21,45,13,87,0,5,10,0,15,8,26,55,13,102,8,0,8,110
10/24/2008,PFN,FL,ASO,ES,Federal Contract Tower,6,27,35,0,68,0,2,9,2,13,6,29,44,2,81,5,0,5,86
10/25/2008,PFN,FL,ASO,ES,Federal Contract Tower,7,14,26,0,47,0,5,48,0,53,7,19,74,0,100,78,0,78,178
10/26/2008,PFN,FL,ASO,ES,Federal Contract Tower,9,11,30,4,54,0,0,61,6,67,9,11,91,10,121,104,2,106,227
10/27/2008,PFN,FL,ASO,ES,Federal Contract Tower,6,22,25,8,61,0,6,31,0,37,6,28,56,8,98,8,20,28,126
10/28/2008,PFN,FL,ASO,ES,Federal Contract Tower,1,26,39,18,84,0,3,35,3,41,1,29,74,21,125,52,46,98,223
10/29/2008,PFN,FL,ASO,ES,Federal Contract Tower,8,26,48,9,91,0,4,65,9,78,8,30,113,18,169,51,14,65,234
10/30/2008,PFN,FL,ASO,ES,Federal Contract Tower,8,22,35,15,80,0,9,58,7,74,8,31,93,22,154,127,84,211,365
10/31/2008,PFN,FL,ASO,ES,Federal Contract Tower,8,21,38,6,73,0,5,61,7,73,8,26,99,13,146,68,6,74,220
11/01/2008,PFN,FL,ASO,ES,Federal Contract Tower,6,20,28,2,56,0,0,54,0,54,6,20,82,2,110,22,0,22,132
11/02/2008,PFN,FL,ASO,ES,Federal Contract Tower,5,18,37,3,63,0,0,74,0,74,5,18,111,3,137,53,0,53,190
11/03/2008,PFN,FL,ASO,ES,Federal Contract Tower,6,26,24,13,69,0,5,47,0,52,6,31,71,13,121,128,18,146,267
11/04/2008,PFN,FL,ASO,ES,Federal Contract Tower,4,27,39,16,86,0,1,39,8,48,4,28,78,24,134,18,26,44,178
11/05/2008,PFN,FL,ASO,ES,Federal Contract Tower,4,26,35,2,67,0,5,50,0,55,4,31,85,2,122,56,29,85,207
11/06/2008,PFN,FL,ASO,ES,Federal Contract Tower,2,26,33,2,63,0,7,52,7,66,2,33,85,9,129,92,2,94,223
11/07/2008,PFN,FL,ASO,ES,Federal Contract Tower,4,28,32,32,96,0,4,45,0,49,4,32,77,32,145,59,103,162,307
11/08/2008,PFN,FL,ASO,ES,Federal Contract Tower,5,15,29,0,49,0,0,47,0,47,5,15,76,0,96,63,0,63,159
11/09/2008,PFN,FL,ASO,ES,Federal Contract Tower,4,18,25,0,47,0,3,79,0,82,4,21,104,0,129,92,0,92,221
11/10/2008,PFN,FL,ASO,ES,Federal Contract Tower,4,26,31,4,65,0,4,39,5,48,4,30,70,9,113,66,0,66,179
11/11/2008,PFN,FL,ASO,ES,Federal Contract Tower,5,22,38,0,65,0,1,49,0,50,5,23,87,0,115,98,4,102,217
11/12/2008,PFN,FL,ASO,ES,Federal Contract Tower,2,27,31,19,79,0,7,35,7,49,2,34,66,26,128,34,28,62,190
11/13/2008,PFN,FL,ASO,ES,Federal Contract Tower,3,29,31,36,99,0,5,20,12,37,3,34,51,48,136,42,67,109,245
11/14/2008,PFN,FL,ASO,ES,Federal Contract Tower,2,30,41,4,77,0,4,1,1,6,2,34,42,5,83,18,9,27,110
11/15/2008,PFN,FL,ASO,ES,Federal Contract Tower,5,18,37,0,60,0,2,38,1,41,5,20,75,1,101,45,0,45,146
11/16/2008,PFN,FL,ASO,ES,Federal Contract Tower,5,15,32,2,54,0,0,61,2,63,5,15,93,4,117,68,0,68,185
11/17/2008,PFN,FL,ASO,ES,Federal Contract Tower,4,22,39,21,86,0,4,31,1,36,4,26,70,22,122,36,64,100,222
11/18/2008,PFN,FL,ASO,ES,Federal Contract Tower,4,27,21,19,71,0,5,36,10,51,4,32,57,29,122,22,4,26,148
11/19/2008,PFN,FL,ASO,ES,Federal Contract Tower,4,27,36,7,74,0,4,66,5,75,4,31,102,12,149,82,2,84,233
11/20/2008,PFN,FL,ASO,ES,Federal Contract Tower,4,26,39,5,74,0,3,50,2,55,4,29,89,7,129,80,20,100,229
11/21/2008,PFN,FL,ASO,ES,Federal Contract Tower,3,25,28,7,63,0,4,25,3,32,3,29,53,10,95,20,2,22,117
11/22/2008,PFN,FL,ASO,ES,Federal Contract Tower,3,18,29,2,52,0,0,77,2,79,3,18,106,4,131,87,6,93,224
11/23/2008,PFN,FL,ASO,ES,Federal Contract Tower,4,15,38,4,61,0,0,75,3,78,4,15,113,7,139,69,47,116,255
11/24/2008,PFN,FL,ASO,ES,Federal Contract Tower,4,22,26,29,81,0,3,23,7,33,4,25,49,36,114,73,50,123,237
11/25/2008,PFN,FL,ASO,ES,Federal Contract Tower,4,31,44,10,89,0,2,65,8,75,4,33,109,18,164,118,40,158,322
11/26/2008,PFN,FL,ASO,ES,Federal Contract Tower,4,25,53,10,92,0,7,62,18,87,4,32,115,28,179,103,0,103,282
11/27/2008,PFN,FL,ASO,ES,Federal Contract Tower,0,11,7,2,20,0,4,43,0,47,0,15,50,2,67,30,0,30,97
11/28/2008,PFN,FL,ASO,ES,Federal Contract Tower,6,23,19,0,48,0,3,22,0,25,6,26,41,0,73,20,0,20,93
11/29/2008,PFN,FL,ASO,ES,Federal Contract Tower,4,18,36,1,59,0,0,5,0,5,4,18,41,1,64,4,0,4,68
11/30/2008,PFN,FL,ASO,ES,Federal Contract Tower,3,15,43,1,62,0,0,20,0,20,3,15,63,1,82,0,0,0,82
12/01/2008,PFN,FL,ASO,ES,Federal Contract Tower,7,32,27,6,72,0,2,29,0,31,7,34,56,6,103,43,0,43,146
12/02/2008,PFN,FL,ASO,ES,Federal Contract Tower,0,29,31,25,85,0,2,62,9,73,0,31,93,34,158,131,85,216,374
12/03/2008,PFN,FL,ASO,ES,Federal Contract Tower,1,27,32,12,72,0,6,50,12,68,1,33,82,24,140,122,22,144,284
12/04/2008,PFN,FL,ASO,ES,Federal Contract Tower,0,33,24,9,66,0,6,20,2,28,0,39,44,11,94,22,16,38,132
12/05/2008,PFN,FL,ASO,ES,Federal Contract Tower,0,35,26,10,71,0,1,22,7,30,0,36,48,17,101,45,0,45,146
12/06/2008,PFN,FL,ASO,ES,Federal Contract Tower,2,15,21,0,38,0,0,57,3,60,2,15,78,3,98,60,0,60,158
12/07/2008,PFN,FL,ASO,ES,Federal Contract Tower,0,19,30,4,53,0,0,62,1,63,0,19,92,5,116,54,0,54,170
12/08/2008,PFN,FL,ASO,ES,Federal Contract Tower,0,25,18,14,57,0,2,58,9,69,0,27,76,23,126,77,14,91,217
12/09/2008,PFN,FL,ASO,ES,Federal Contract Tower,0,27,25,15,67,0,3,22,2,27,0,30,47,17,94,36,0,36,130
12/10/2008,PFN,FL,ASO,ES,Federal Contract Tower,0,31,15,0,46,0,0,0,0,0,0,31,15,0,46,0,0,0,46
12/11/2008,PFN,FL,ASO,ES,Federal Contract Tower,0,30,27,2,59,0,2,2,0,4,0,32,29,2,63,0,8,8,71
12/12/2008,PFN,FL,ASO,ES,Federal Contract Tower,0,27,36,31,94,0,4,43,6,53,0,31,79,37,147,54,62,116,263
12/13/2008,PFN,FL,ASO,ES,Federal Contract Tower,0,23,23,7,53,0,0,57,0,57,0,23,80,7,110,29,22,51,161
12/14/2008,PFN,FL,ASO,ES,Federal Contract Tower,0,23,35,7,65,0,0,10,0,10,0,23,45,7,75,4,14,18,93
12/15/2008,PFN,FL,ASO,ES,Federal Contract Tower,0,31,20,23,74,0,1,25,13,39,0,32,45,36,113,104,44,148,261
12/16/2008,PFN,FL,ASO,ES,Federal Contract Tower,0,33,35,15,83,0,4,22,6,32,0,37,57,21,115,20,20,40,155
12/17/2008,PFN,FL,ASO,ES,Federal Contract Tower,0,31,23,4,58,0,6,38,4,48,0,37,61,8,106,66,14,80,186
12/18/2008,PFN,FL,ASO,ES,Federal Contract Tower,0,29,46,1,76,0,4,51,3,58,0,33,97,4,134,56,1,57,191
12/19/2008,PFN,FL,ASO,ES,Federal Contract Tower,0,32,38,19,89,0,7,54,12,73,0,39,92,31,162,66,64,130,292
12/20/2008,PFN,FL,ASO,ES,Federal Contract Tower,0,22,40,0,62,0,0,5,0,5,0,22,45,0,67,10,0,10,77
12/21/2008,PFN,FL,ASO,ES,Federal Contract Tower,0,22,25,1,48,0,0,14,9,23,0,22,39,10,71,6,0,6,77
12/22/2008,PFN,FL,ASO,ES,Federal Contract Tower,0,30,28,16,74,0,2,36,6,44,0,32,64,22,118,14,2,16,134
12/23/2008,PFN,FL,ASO,ES,Federal Contract Tower,0,24,27,24,75,0,7,14,1,22,0,31,41,25,97,16,36,52,149
12/24/2008,PFN,FL,ASO,ES,Federal Contract Tower,0,29,20,0,49,0,3,4,0,7,0,32,24,0,56,0,0,0,56
12/25/2008,PFN,FL,ASO,ES,Federal Contract Tower,0,13,9,0,22,0,2,2,0,4,0,15,11,0,26,0,0,0,26
12/26/2008,PFN,FL,ASO,ES,Federal Contract Tower,0,40,45,0,85,0,1,14,0,15,0,41,59,0,100,21,0,21,121
12/27/2008,PFN,FL,ASO,ES,Federal Contract Tower,0,25,27,0,52,0,0,9,0,9,0,25,36,0,61,6,0,6,67
12/28/2008,PFN,FL,ASO,ES,Federal Contract Tower,0,23,36,0,59,0,0,7,0,7,0,23,43,0,66,6,0,6,72
12/29/2008,PFN,FL,ASO,ES,Federal Contract Tower,0,37,32,4,73,1,45,0,46,92,1,82,32,50,165,8,0,8,173
12/30/2008,PFN,FL,ASO,ES,Federal Contract Tower,0,30,39,7,76,0,2,51,1,54,0,32,90,8,130,22,14,36,166
12/31/2008,PFN,FL,ASO,ES,Federal Contract Tower,0,27,26,0,53,0,4,50,0,54,0,31,76,0,107,82,0,82,189
01/01/2009,PFN,FL,ASO,ES,Federal Contract Tower,0,15,32,0,47,0,0,23,0,23,0,15,55,0,70,4,0,4,74
01/02/2009,PFN,FL,ASO,ES,Federal Contract Tower,0,32,39,0,71,0,4,35,0,39,0,36,74,0,110,34,0,34,144
01/03/2009,PFN,FL,ASO,ES,Federal Contract Tower,0,32,46,0,78,0,0,0,0,0,0,32,46,0,78,22,0,22,100
01/04/2009,PFN,FL,ASO,ES,Federal Contract Tower,0,23,40,2,65,0,0,10,0,10,0,23,50,2,75,44,0,44,119
01/05/2009,PFN,FL,ASO,ES,Federal Contract Tower,0,22,25,26,73,0,4,17,8,29,0,26,42,34,102,32,56,88,190
01/06/2009,PFN,FL,ASO,ES,Federal Contract Tower,0,31,32,21,84,0,6,10,18,34,0,37,42,39,118,12,32,44,162
01/07/2009,PFN,FL,ASO,ES,Federal Contract Tower,0,35,25,13,73,0,6,36,6,48,0,41,61,19,121,44,48,92,213
01/08/2009,PFN,FL,ASO,ES,Federal Contract Tower,0,27,29,9,65,0,12,60,6,78,0,39,89,15,143,36,20,56,199
01/09/2009,PFN,FL,ASO,ES,Federal Contract Tower,0,31,48,9,88,0,6,73,2,81,0,37,121,11,169,161,48,209,378
01/10/2009,PFN,FL,ASO,ES,Federal Contract Tower,0,19,22,1,42,0,7,57,0,64,0,26,79,1,106,38,2,40,146
01/11/2009,PFN,FL,ASO,ES,Federal Contract Tower,19,20,5,0,44,0,10,1,0,11,19,30,6,0,55,0,6,6,61
01/12/2009,PFN,FL,ASO,ES,Federal Contract Tower,0,26,26,18,70,0,3,44,2,49,0,29,70,20,119,73,46,119,238
01/13/2009,PFN,FL,ASO,ES,Federal Contract Tower,0,24,19,19,62,0,6,33,2,41,0,30,52,21,103,203,36,239,342
01/14/2009,PFN,FL,ASO,ES,Federal Contract Tower,0,33,30,25,88,0,5,54,12,71,0,38,84,37,159,101,50,151,310
01/15/2009,PFN,FL,ASO,ES,Federal Contract Tower,0,36,36,25,97,0,12,41,0,53,0,48,77,25,150,86,36,122,272
01/16/2009,PFN,FL,ASO,ES,Federal Contract Tower,0,33,32,30,95,0,4,32,9,45,0,37,64,39,140,90,22,112,252
01/17/2009,PFN,FL,ASO,ES,Federal Contract Tower,0,19,38,0,57,0,0,74,5,79,0,19,112,5,136,68,12,80,216
01/18/2009,PFN,FL,ASO,ES,Federal Contract Tower,0,21,18,1,40,0,0,8,0,8,0,21,26,1,48,29,2,31,79
01/19/2009,PFN,FL,ASO,ES,Federal Contract Tower,0,22,49,0,71,0,0,30,0,30,0,22,79,0,101,64,0,64,165
01/20/2009,PFN,FL,ASO,ES,Federal Contract Tower,0,24,33,30,87,0,5,26,3,34,0,29,59,33,121,40,52,92,213
01/21/2009,PFN,FL,ASO,ES,Federal Contract Tower,0,29,39,14,82,0,11,61,0,72,0,40,100,14,154,106,54,160,314
01/22/2009,PFN,FL,ASO,ES,Federal Contract Tower,0,24,47,20,91,0,9,42,4,55,0,33,89,24,146,70,4,74,220
01/23/2009,PFN,FL,ASO,ES,Federal Contract Tower,0,26,41,15,82,0,7,62,15,84,0,33,103,30,166,93,10,103,269
01/24/2009,PFN,FL,ASO,ES,Federal Contract Tower,0,24,26,8,58,0,1,43,19,63,0,25,69,27,121,50,48,98,219
01/25/2009,PFN,FL,ASO,ES,Federal Contract Tower,0,17,46,4,67,4,5,9,0,18,4,22,55,4,85,42,0,42,127
01/26/2009,PFN,FL,ASO,ES,Federal Contract Tower,0,30,26,39,95,0,1,20,0,21,0,31,46,39,116,26,2,28,144
01/27/2009,PFN,FL,ASO,ES,Federal Contract Tower,0,2,35,42,79,0,9,43,5,57,0,11,78,47,136,88,76,164,300
01/28/2009,PFN,FL,ASO,ES,Federal Contract Tower,0,26,23,16,65,0,3,22,2,27,0,29,45,18,92,65,0,65,157
01/29/2009,PFN,FL,ASO,ES,Federal Contract Tower,0,27,34,3,64,0,14,71,1,86,0,41,105,4,150,77,0,77,227
01/30/2009,PFN,FL,ASO,ES,Federal Contract Tower,0,28,23,5,56,0,3,47,6,56,0,31,70,11,112,12,6,18,130
01/31/2009,PFN,FL,ASO,ES,Federal Contract Tower,0,22,11,1,34,0,0,68,0,68,0,22,79,1,102,97,0,97,199
02/01/2009,PFN,FL,ASO,ES,Federal Contract Tower,0,19,20,4,43,0,1,38,1,40,0,20,58,5,83,33,0,33,116
02/02/2009,PFN,FL,ASO,ES,Federal Contract Tower,0,31,8,14,53,0,1,17,1,19,0,32,25,15,72,12,4,16,88
02/03/2009,PFN,FL,ASO,ES,Federal Contract Tower,0,31,22,20,73,0,3,29,7,39,0,34,51,27,112,26,34,60,172
02/04/2009,PFN,FL,ASO,ES,Federal Contract Tower,0,31,25,15,71,0,6,40,9,55,0,37,65,24,126,26,0,26,152
02/05/2009,PFN,FL,ASO,ES,Federal Contract Tower,0,33,39,13,85,0,2,99,8,109,0,35,138,21,194,70,0,70,264
02/06/2009,PFN,FL,ASO,ES,Federal Contract Tower,0,31,26,18,75,0,4,65,11,80,0,35,91,29,155,72,12,84,239
02/07/2009,PFN,FL,ASO,ES,Federal Contract Tower,0,19,33,0,52,0,0,76,0,76,0,19,109,0,128,156,6,162,290
02/08/2009,PFN,FL,ASO,ES,Federal Contract Tower,0,21,27,6,54,0,3,41,6,50,0,24,68,12,104,88,2,90,194
02/09/2009,PFN,FL,ASO,ES,Federal Contract Tower,0,29,29,13,71,0,1,38,10,49,0,30,67,23,120,112,20,132,252
02/10/2009,PFN,FL,ASO,ES,Federal Contract Tower,0,29,33,23,85,0,5,35,12,52,0,34,68,35,137,60,32,92,229
02/11/2009,PFN,FL,ASO,ES,Federal Contract Tower,0,27,29,40,96,0,1,7,3,11,0,28,36,43,107,9,16,25,132
02/12/2009,PFN,FL,ASO,ES,Federal Contract Tower,3,28,43,12,86,0,2,53,24,79,3,30,96,36,165,142,32,174,339
02/13/2009,PFN,FL,ASO,ES,Federal Contract Tower,2,25,38,8,73,0,9,42,5,56,2,34,80,13,129,94,10,104,233
02/14/2009,PFN,FL,ASO,ES,Federal Contract Tower,2,23,17,0,42,0,0,0,0,0,2,23,17,0,42,4,0,4,46
02/15/2009,PFN,FL,ASO,ES,Federal Contract Tower,2,23,28,0,53,0,0,23,0,23,2,23,51,0,76,47,0,47,123
02/16/2009,PFN,FL,ASO,ES,Federal Contract Tower,2,22,30,0,54,0,0,21,0,21,2,22,51,0,75,54,0,54,129
02/17/2009,PFN,FL,ASO,ES,Federal Contract Tower,0,29,35,14,78,0,2,25,0,27,0,31,60,14,105,44,12,56,161
02/18/2009,PFN,FL,ASO,ES,Federal Contract Tower,4,26,27,29,86,0,0,14,0,14,4,26,41,29,100,25,30,55,155
02/19/2009,PFN,FL,ASO,ES,Federal Contract Tower,5,26,33,10,74,1,7,48,10,66,6,33,81,20,140,77,26,103,243
02/20/2009,PFN,FL,ASO,ES,Federal Contract Tower,2,30,44,11,87,0,3,72,6,81,2,33,116,17,168,57,16,73,241
02/21/2009,PFN,FL,ASO,ES,Federal Contract Tower,2,24,29,3,58,0,1,61,2,64,2,25,90,5,122,108,2,110,232
02/22/2009,PFN,FL,ASO,ES,Federal Contract Tower,1,22,24,5,52,0,0,25,9,34,1,22,49,14,86,58,0,58,144
02/23/2009,PFN,FL,ASO,ES,Federal Contract Tower,2,29,31,11,73,0,9,41,4,54,2,38,72,15,127,60,0,60,187
02/24/2009,PFN,FL,ASO,ES,Federal Contract Tower,3,30,36,35,104,0,1,49,1,51,3,31,85,36,155,103,77,180,335
02/25/2009,PFN,FL,ASO,ES,Federal Contract Tower,2,27,39,16,84,0,5,68,13,86,2,32,107,29,170,90,12,102,272
02/26/2009,PFN,FL,ASO,ES,Federal Contract Tower,3,27,37,13,80,0,3,74,12,89,3,30,111,25,169,24,22,46,215
02/27/2009,PFN,FL,ASO,ES,Federal Contract Tower,2,28,38,11,79,0,0,45,6,51,2,28,83,17,130,68,0,68,198
02/28/2009,PFN,FL,ASO,ES,Federal Contract Tower,3,26,15,4,48,0,0,2,0,2,3,26,17,4,50,0,0,0,50
03/01/2009,PFN,FL,ASO,ES,Federal Contract Tower,1,13,19,3,36,0,0,10,0,10,1,13,29,3,46,2,38,40,86
03/02/2009,PFN,FL,ASO,ES,Federal Contract Tower,3,21,25,14,63,0,0,35,3,38,3,21,60,17,101,97,8,105,206
03/03/2009,PFN,FL,ASO,ES,Federal Contract Tower,6,23,15,29,73,0,3,43,1,47,6,26,58,30,120,100,62,162,282
03/04/2009,PFN,FL,ASO,ES,Federal Contract Tower,4,44,24,12,84,0,2,66,4,72,4,46,90,16,156,138,2,140,296
03/05/2009,PFN,FL,ASO,ES,Federal Contract Tower,4,21,32,15,72,0,2,69,2,73,4,23,101,17,145,34,12,46,191
03/06/2009,PFN,FL,ASO,ES,Federal Contract Tower,4,27,39,16,86,0,2,86,15,103,4,29,125,31,189,34,52,86,275
03/07/2009,PFN,FL,ASO,ES,Federal Contract Tower,2,22,53,1,78,0,1,76,11,88,2,23,129,12,166,98,0,98,264
03/08/2009,PFN,FL,ASO,ES,Federal Contract Tower,2,19,49,7,77,0,0,26,1,27,2,19,75,8,104,104,10,114,218
03/09/2009,PFN,FL,ASO,ES,Federal Contract Tower,4,25,36,5,70,0,0,36,1,37,4,25,72,6,107,96,16,112,219
03/10/2009,PFN,FL,ASO,ES,Federal Contract Tower,1,26,41,22,90,0,2,63,6,71,1,28,104,28,161,90,28,118,279
03/11/2009,PFN,FL,ASO,ES,Federal Contract Tower,3,27,38,20,88,0,1,82,23,106,3,28,120,43,194,107,26,133,327
03/12/2009,PFN,FL,ASO,ES,Federal Contract Tower,7,25,44,18,94,0,2,76,1,79,7,27,120,19,173,122,18,140,313
03/13/2009,PFN,FL,ASO,ES,Federal Contract Tower,4,31,45,39,119,0,2,89,14,105,4,33,134,53,224,105,62,167,391
03/14/2009,PFN,FL,ASO,ES,Federal Contract Tower,2,29,35,3,69,0,2,45,0,47,2,31,80,3,116,147,0,147,263
03/15/2009,PFN,FL,ASO,ES,Federal Contract Tower,2,22,40,11,75,0,2,8,2,12,2,24,48,13,87,0,0,0,87
03/16/2009,PFN,FL,ASO,ES,Federal Contract Tower,6,23,36,41,106,0,3,32,9,44,6,26,68,50,150,94,60,154,304
03/17/2009,PFN,FL,ASO,ES,Federal Contract Tower,4,25,59,26,114,0,2,56,5,63,4,27,115,31,177,122,32,154,331
03/18/2009,PFN,FL,ASO,ES,Federal Contract Tower,4,26,64,21,115,0,13,87,9,109,4,39,151,30,224,176,40,216,440
03/19/2009,PFN,FL,ASO,ES,Federal Contract Tower,6,28,57,13,104,0,4,104,4,112,6,32,161,17,216,109,40,149,365
03/20/2009,PFN,FL,ASO,ES,Federal Contract Tower,4,31,33,21,89,0,3,73,7,83,4,34,106,28,172,118,0,118,290
03/21/2009,PFN,FL,ASO,ES,Federal Contract Tower,2,29,63,0,94,0,1,119,3,123,2,30,182,3,217,90,0,90,307
03/22/2009,PFN,FL,ASO,ES,Federal Contract Tower,2,20,50,4,76,0,1,85,2,88,2,21,135,6,164,135,18,153,317
03/23/2009,PFN,FL,ASO,ES,Federal Contract Tower,6,19,36,7,68,0,1,35,4,40,6,20,71,11,108,140,75,215,323
03/24/2009,PFN,FL,ASO,ES,Federal Contract Tower,4,25,59,49,137,0,0,60,4,64,4,25,119,53,201,84,104,188,389
03/25/2009,PFN,FL,ASO,ES,Federal Contract Tower,4,34,22,20,80,0,0,37,7,44,4,34,59,27,124,78,76,154,278
03/26/2009,PFN,FL,ASO,ES,Federal Contract Tower,7,26,30,2,65,0,0,26,1,27,7,26,56,3,92,12,2,14,106
03/27/2009,PFN,FL,ASO,ES,Federal Contract Tower,4,26,13,0,43,0,0,0,0,0,4,26,13,0,43,0,0,0,43
03/28/2009,PFN,FL,ASO,ES,Federal Contract Tower,2,25,13,1,41,0,0,2,2,4,2,25,15,3,45,22,16,38,83
03/29/2009,PFN,FL,ASO,ES,Federal Contract Tower,1,22,31,2,56,0,0,36,2,38,1,22,67,4,94,78,0,78,172
03/30/2009,PFN,FL,ASO,ES,Federal Contract Tower,6,21,35,12,74,0,3,51,0,54,6,24,86,12,128,134,30,164,292
03/31/2009,PFN,FL,ASO,ES,Federal Contract Tower,6,24,35,32,97,0,2,29,0,31,6,26,64,32,128,40,35,75,203
04/01/2009,PFN,FL,ASO,ES,Federal Contract Tower,4,26,20,2,52,0,1,16,0,17,4,27,36,2,69,46,4,50,119
04/02/2009,PFN,FL,ASO,ES,Federal Contract Tower,0,21,10,0,31,0,0,4,0,4,0,21,14,0,35,10,0,10,45
04/03/2009,PFN,FL,ASO,ES,Federal Contract Tower,2,30,48,19,99,0,2,65,8,75,2,32,113,27,174,90,20,110,284
04/04/2009,PFN,FL,ASO,ES,Federal Contract Tower,3,24,41,4,72,0,1,61,0,62,3,25,102,4,134,134,0,134,268
04/05/2009,PFN,FL,ASO,ES,Federal Contract Tower,2,32,42,6,82,0,0,1,0,1,2,32,43,6,83,20,4,24,107
04/06/2009,PFN,FL,ASO,ES,Federal Contract Tower,2,29,43,6,80,0,0,33,4,37,2,29,76,10,117,81,6,87,204
04/07/2009,PFN,FL,ASO,ES,Federal Contract Tower,2,27,37,19,85,0,0,27,5,32,2,27,64,24,117,76,24,100,217
04/08/2009,PFN,FL,ASO,ES,Federal Contract Tower,0,27,58,15,100,0,1,86,3,90,0,28,144,18,190,184,34,218,408
04/09/2009,PFN,FL,ASO,ES,Federal Contract Tower,2,32,61,10,105,0,2,105,12,119,2,34,166,22,224,182,18,200,424
04/10/2009,PFN,FL,ASO,ES,Federal Contract Tower,2,32,35,28,97,0,3,43,9,55,2,35,78,37,152,103,46,149,301
04/11/2009,PFN,FL,ASO,ES,Federal Contract Tower,4,22,32,0,58,0,1,46,0,47,4,23,78,0,105,186,0,186,291
04/12/2009,PFN,FL,ASO,ES,Federal Contract Tower,2,23,33,7,65,0,1,49,0,50,2,24,82,7,115,62,10,72,187
04/13/2009,PFN,FL,ASO,ES,Federal Contract Tower,2,29,24,0,55,0,0,5,0,5,2,29,29,0,60,0,8,8,68
04/14/2009,PFN,FL,ASO,ES,Federal Contract Tower,2,27,38,8,75,0,3,31,4,38,2,30,69,12,113,42,0,42,155
04/15/2009,PFN,FL,ASO,ES,Federal Contract Tower,0,32,39,11,82,0,2,99,4,105,0,34,138,15,187,182,38,220,407
04/16/2009,PFN,FL,ASO,ES,Federal Contract Tower,2,25,24,30,81,0,2,72,4,78,2,27,96,34,159,194,62,256,415
04/17/2009,PFN,FL,ASO,ES,Federal Contract Tower,4,24,57,16,101,0,1,82,8,91,4,25,139,24,192,122,16,138,330
04/18/2009,PFN,FL,ASO,ES,Federal Contract Tower,4,21,28,1,54,0,2,70,1,73,4,23,98,2,127,48,17,65,192
04/19/2009,PFN,FL,ASO,ES,Federal Contract Tower,2,20,38,4,64,0,0,32,0,32,2,20,70,4,96,34,2,36,132
04/20/2009,PFN,FL,ASO,ES,Federal Contract Tower,2,26,34,2,64,0,3,47,4,54,2,29,81,6,118,154,8,162,280
04/21/2009,PFN,FL,ASO,ES,Federal Contract Tower,2,24,42,19,87,0,2,35,3,40,2,26,77,22,127,113,22,135,262
04/22/2009,PFN,FL,ASO,ES,Federal Contract Tower,2,27,39,16,84,0,3,87,3,93,2,30,126,19,177,150,2,152,329
04/23/2009,PFN,FL,ASO,ES,Federal Contract Tower,6,33,52,13,104,0,2,96,37,135,6,35,148,50,239,178,0,178,417
04/24/2009,PFN,FL,ASO,ES,Federal Contract Tower,2,29,59,14,104,0,1,115,12,128,2,30,174,26,232,100,58,158,390
04/25/2009,PFN,FL,ASO,ES,Federal Contract Tower,4,20,26,1,51,0,1,63,0,64,4,21,89,1,115,93,4,97,212
04/26/2009,PFN,FL,ASO,ES,Federal Contract Tower,2,23,43,10,78,0,1,99,2,102,2,24,142,12,180,78,23,101,281
04/27/2009,PFN,FL,ASO,ES,Federal Contract Tower,2,27,34,9,72,0,2,33,17,52,2,29,67,26,124,107,46,153,277
04/28/2009,PFN,FL,ASO,ES,Federal Contract Tower,2,34,42,38,116,0,7,35,8,50,2,41,77,46,166,124,68,192,358
04/29/2009,PFN,FL,ASO,ES,Federal Contract Tower,0,31,38,26,95,0,9,44,8,61,0,40,82,34,156,92,32,124,280
04/30/2009,PFN,FL,ASO,ES,Federal Contract Tower,2,27,36,14,79,0,1,60,13,74,2,28,96,27,153,78,12,90,243
05/01/2009,PFN,FL,ASO,ES,Federal Contract Tower,0,30,42,46,118,0,3,74,18,95,0,33,116,64,213,93,60,153,366
05/02/2009,PFN,FL,ASO,ES,Federal Contract Tower,0,24,36,2,62,0,0,37,0,37,0,24,73,2,99,124,0,124,223
05/03/2009,PFN,FL,ASO,ES,Federal Contract Tower,0,20,44,1,65,0,0,31,0,31,0,20,75,1,96,35,2,37,133
05/04/2009,PFN,FL,ASO,ES,Federal Contract Tower,0,29,27,3,59,0,0,3,0,3,0,29,30,3,62,0,0,0,62
05/05/2009,PFN,FL,ASO,ES,Federal Contract Tower,0,26,48,14,88,0,1,12,4,17,0,27,60,18,105,13,24,37,142
05/06/2009,PFN,FL,ASO,ES,Federal Contract Tower,0,26,44,24,94,0,2,62,20,84,0,28,106,44,178,196,66,262,440
05/07/2009,PFN,FL,ASO,ES,Federal Contract Tower,0,35,47,32,114,0,2,61,3,66,0,37,108,35,180,212,44,256,436
05/08/2009,PFN,FL,ASO,ES,Federal Contract Tower,0,30,53,22,105,0,4,70,8,82,0,34,123,30,187,114,0,114,301
05/09/2009,PFN,FL,ASO,ES,Federal Contract Tower,0,25,24,2,51,0,0,72,15,87,0,25,96,17,138,134,0,134,272
05/10/2009,PFN,FL,ASO,ES,Federal Contract Tower,0,24,42,10,76,0,0,47,1,48,0,24,89,11,124,83,12,95,219
05/11/2009,PFN,FL,ASO,ES,Federal Contract Tower,0,38,30,28,96,0,0,39,5,44,0,38,69,33,140,112,76,188,328
05/12/2009,PFN,FL,ASO,ES,Federal Contract Tower,0,27,24,8,59,0,8,34,1,43,0,35,58,9,102,56,38,94,196
05/13/2009,PFN,FL,ASO,ES,Federal Contract Tower,0,29,63,14,106,0,7,63,10,80,0,36,126,24,186,237,0,237,423
05/14/2009,PFN,FL,ASO,ES,Federal Contract Tower,0,28,38,12,78,0,3,50,7,60,0,31,88,19,138,109,22,131,269
05/15/2009,PFN,FL,ASO,ES,Federal Contract Tower,0,33,50,15,98,0,0,38,7,45,0,33,88,22,143,98,28,126,269
05/16/2009,PFN,FL,ASO,ES,Federal Contract Tower,0,21,36,0,57,0,2,31,0,33,0,23,67,0,90,94,0,94,184
05/17/2009,PFN,FL,ASO,ES,Federal Contract Tower,0,28,32,0,60,0,1,28,0,29,0,29,60,0,89,106,0,106,195
05/18/2009,PFN,FL,ASO,ES,Federal Contract Tower,0,31,36,6,73,0,0,9,0,9,0,31,45,6,82,2,0,2,84
05/19/2009,PFN,FL,ASO,ES,Federal Contract Tower,0,29,41,17,87,0,3,27,5,35,0,32,68,22,122,21,26,47,169
05/20/2009,PFN,FL,ASO,ES,Federal Contract Tower,0,27,45,9,81,0,1,31,2,34,0,28,76,11,115,4,0,4,119
05/21/2009,PFN,FL,ASO,ES,Federal Contract Tower,0,31,48,23,102,0,1,19,7,27,0,32,67,30,129,2,11,13,142
05/22/2009,PFN,FL,ASO,ES,Federal Contract Tower,0,35,60,3,98,0,1,29,7,37,0,36,89,10,135,40,2,42,177
05/23/2009,PFN,FL,ASO,ES,Federal Contract Tower,0,28,24,3,55,0,0,8,0,8,0,28,32,3,63,40,0,40,103
05/24/2009,PFN,FL,ASO,ES,Federal Contract Tower,0,20,21,2,43,0,0,28,1,29,0,20,49,3,72,122,0,122,194
05/25/2009,PFN,FL,ASO,ES,Federal Contract Tower,0,25,48,0,73,0,0,47,0,47,0,25,95,0,120,72,0,72,192
05/26/2009,PFN,FL,ASO,ES,Federal Contract Tower,0,28,49,36,113,0,0,52,0,52,0,28,101,36,165,99,46,145,310
05/27/2009,PFN,FL,ASO,ES,Federal Contract Tower,0,42,52,18,112,0,2,68,22,92,0,44,120,40,204,138,14,152,356
05/28/2009,PFN,FL,ASO,ES,Federal Contract Tower,0,32,82,38,152,0,1,78,3,82,0,33,160,41,234,179,61,240,474
05/29/2009,PFN,FL,ASO,ES,Federal Contract Tower,0,31,65,9,105,0,1,81,5,87,0,32,146,14,192,101,4,105,297
05/30/2009,PFN,FL,ASO,ES,Federal Contract Tower,0,23,34,0,57,0,0,72,0,72,0,23,106,0,129,75,0,75,204
05/31/2009,PFN,FL,ASO,ES,Federal Contract Tower,0,23,55,8,86,0,2,119,0,121,0,25,174,8,207,87,0,87,294
06/01/2009,PFN,FL,ASO,ES,Federal Contract Tower,0,29,41,16,86,0,1,62,6,69,0,30,103,22,155,107,18,125,280
06/02/2009,PFN,FL,ASO,ES,Federal Contract Tower,0,26,40,46,112,0,7,53,10,70,0,33,93,56,182,102,72,174,356
06/03/2009,PFN,FL,ASO,ES,Federal Contract Tower,0,27,36,4,67,0,3,43,8,54,0,30,79,12,121,74,2,76,197
06/04/2009,PFN,FL,ASO,ES,Federal Contract Tower,0,27,45,16,88,0,2,22,0,24,0,29,67,16,112,63,44,107,219
06/05/2009,PFN,FL,ASO,ES,Federal Contract Tower,0,26,48,4,78,0,4,43,1,48,0,30,91,5,126,79,12,91,217
06/06/2009,PFN,FL,ASO,ES,Federal Contract Tower,0,23,51,0,74,0,0,98,0,98,0,23,149,0,172,170,0,170,342
06/07/2009,PFN,FL,ASO,ES,Federal Contract Tower,0,18,42,5,65,0,0,64,7,71,0,18,106,12,136,111,0,111,247
06/08/2009,PFN,FL,ASO,ES,Federal Contract Tower,0,26,52,22,100,0,2,53,10,65,0,28,105,32,165,136,14,150,315
06/09/2009,PFN,FL,ASO,ES,Federal Contract Tower,0,28,57,21,106,0,2,61,5,68,0,30,118,26,174,178,60,238,412
06/10/2009,PFN,FL,ASO,ES,Federal Contract Tower,2,23,38,17,80,0,3,78,1,82,2,26,116,18,162,133,28,161,323
06/11/2009,PFN,FL,ASO,ES,Federal Contract Tower,1,29,56,12,98,0,1,77,7,85,1,30,133,19,183,124,38,162,345
06/12/2009,PFN,FL,ASO,ES,Federal Contract Tower,0,24,62,19,105,0,2,82,5,89,0,26,144,24,194,131,2,133,327
06/13/2009,PFN,FL,ASO,ES,Federal Contract Tower,0,28,49,0,77,0,0,63,0,63,0,28,112,0,140,212,0,212,352
06/14/2009,PFN,FL,ASO,ES,Federal Contract Tower,0,21,51,3,75,0,1,56,3,60,0,22,107,6,135,115,14,129,264
06/15/2009,PFN,FL,ASO,ES,Federal Contract Tower,0,29,32,17,78,0,0,48,3,51,0,29,80,20,129,134,28,162,291
06/16/2009,PFN,FL,ASO,ES,Federal Contract Tower,0,28,41,18,87,0,0,38,4,42,0,28,79,22,129,170,53,223,352
06/17/2009,PFN,FL,ASO,ES,Federal Contract Tower,1,35,42,26,104,0,1,55,3,59,1,36,97,29,163,134,22,156,319
06/18/2009,PFN,FL,ASO,ES,Federal Contract Tower,0,29,46,6,81,0,20,70,0,90,0,49,116,6,171,139,0,139,310
06/19/2009,PFN,FL,ASO,ES,Federal Contract Tower,0,29,60,3,92,0,1,78,5,84,0,30,138,8,176,148,0,148,324
06/20/2009,PFN,FL,ASO,ES,Federal Contract Tower,0,33,37,0,70,0,0,52,0,52,0,33,89,0,122,206,0,206,328
06/21/2009,PFN,FL,ASO,ES,Federal Contract Tower,0,19,45,1,65,0,0,67,2,69,0,19,112,3,134,74,0,74,208
06/22/2009,PFN,FL,ASO,ES,Federal Contract Tower,0,28,54,13,95,0,4,55,7,66,0,32,109,20,161,150,20,170,331
06/23/2009,PFN,FL,ASO,ES,Federal Contract Tower,0,29,42,16,87,0,1,58,9,68,0,30,100,25,155,82,16,98,253
06/24/2009,PFN,FL,ASO,ES,Federal Contract Tower,0,28,41,15,84,0,4,82,15,101,0,32,123,30,185,179,24,203,388
06/25/2009,PFN,FL,ASO,ES,Federal Contract Tower,0,30,44,10,84,0,3,72,8,83,0,33,116,18,167,94,12,106,273
06/26/2009,PFN,FL,ASO,ES,Federal Contract Tower,0,36,51,6,93,0,0,69,4,73,0,36,120,10,166,131,0,131,297
06/27/2009,PFN,FL,ASO,ES,Federal Contract Tower,0,29,55,0,84,0,0,88,1,89,0,29,143,1,173,164,0,164,337
06/28/2009,PFN,FL,ASO,ES,Federal Contract Tower,0,20,31,5,56,0,0,49,1,50,0,20,80,6,106,98,6,104,210
06/29/2009,PFN,FL,ASO,ES,Federal Contract Tower,0,26,44,9,79,0,0,54,4,58,0,26,98,13,137,107,36,143,280
06/30/2009,PFN,FL,ASO,ES,Federal Contract Tower,0,24,32,11,67,0,2,33,9,44,0,26,65,20,111,140,22,162,273
07/01/2009,PFN,FL,ASO,ES,Federal Contract Tower,0,35,74,9,118,0,4,72,23,99,0,39,146,32,217,151,31,182,399
07/02/2009,PFN,FL,ASO,ES,Federal Contract Tower,0,32,77,2,111,0,2,87,0,89,0,34,164,2,200,78,4,82,282
07/03/2009,PFN,FL,ASO,ES,Federal Contract Tower,0,25,49,1,75,0,4,73,2,79,0,29,122,3,154,119,0,119,273
07/04/2009,PFN,FL,ASO,ES,Federal Contract Tower,0,20,22,0,42,0,0,47,2,49,0,20,69,2,91,137,0,137,228
07/05/2009,PFN,FL,ASO,ES,Federal Contract Tower,0,25,56,0,81,0,0,74,0,74,0,25,130,0,155,179,0,179,334
07/06/2009,PFN,FL,ASO,ES,Federal Contract Tower,0,34,32,10,76,0,0,13,1,14,0,34,45,11,90,13,30,43,133
07/07/2009,PFN,FL,ASO,ES,Federal Contract Tower,0,35,58,6,99,0,0,27,0,27,0,35,85,6,126,114,0,114,240
07/08/2009,PFN,FL,ASO,ES,Federal Contract Tower,0,29,33,3,65,0,0,30,5,35,0,29,63,8,100,81,28,109,209
07/09/2009,PFN,FL,ASO,ES,Federal Contract Tower,0,33,53,16,102,0,0,51,9,60,0,33,104,25,162,166,8,174,336
07/10/2009,PFN,FL,ASO,ES,Federal Contract Tower,0,35,47,14,96,0,1,68,4,73,0,36,115,18,169,150,12,162,331
07/11/2009,PFN,FL,ASO,ES,Federal Contract Tower,0,27,53,0,80,0,11,70,0,81,0,38,123,0,161,136,0,136,297
07/12/2009,PFN,FL,ASO,ES,Federal Contract Tower,0,21,59,2,82,0,0,67,1,68,0,21,126,3,150,155,14,169,319
07/13/2009,PFN,FL,ASO,ES,Federal Contract Tower,0,31,25,12,68,0,0,40,0,40,0,31,65,12,108,92,30,122,230
07/14/2009,PFN,FL,ASO,ES,Federal Contract Tower,0,28,51,8,87,0,1,42,5,48,0,29,93,13,135,180,2,182,317
07/15/2009,PFN,FL,ASO,ES,Federal Contract Tower,0,25,69,17,111,0,0,83,8,91,0,25,152,25,202,189,28,217,419
07/16/2009,PFN,FL,ASO,ES,Federal Contract Tower,0,32,51,16,99,0,1,53,7,61,0,33,104,23,160,191,54,245,405
07/17/2009,PFN,FL,ASO,ES,Federal Contract Tower,0,31,48,0,79,0,4,39,4,47,0,35,87,4,126,185,0,185,311
07/18/2009,PFN,FL,ASO,ES,Federal Contract Tower,0,29,44,0,73,0,0,60,1,61,0,29,104,1,134,216,8,224,358
07/19/2009,PFN,FL,ASO,ES,Federal Contract Tower,0,20,58,1,79,0,0,58,2,60,0,20,116,3,139,163,0,163,302
07/20/2009,PFN,FL,ASO,ES,Federal Contract Tower,0,28,39,12,79,0,3,48,2,53,0,31,87,14,132,111,8,119,251
07/21/2009,PFN,FL,ASO,ES,Federal Contract Tower,0,34,49,21,104,0,1,61,6,68,0,35,110,27,172,194,24,218,390
07/22/2009,PFN,FL,ASO,ES,Federal Contract Tower,0,29,68,20,117,0,0,0,2,2,0,29,68,22,119,128,44,172,291
07/23/2009,PFN,FL,ASO,ES,Federal Contract Tower,0,34,56,8,98,0,1,70,7,78,0,35,126,15,176,190,4,194,370
07/24/2009,PFN,FL,ASO,ES,Federal Contract Tower,0,33,57,5,95,0,2,80,2,84,0,35,137,7,179,133,7,140,319
07/25/2009,PFN,FL,ASO,ES,Federal Contract Tower,0,26,51,0,77,0,1,66,0,67,0,27,117,0,144,93,2,95,239
07/26/2009,PFN,FL,ASO,ES,Federal Contract Tower,0,21,64,4,89,0,0,77,1,78,0,21,141,5,167,90,30,120,287
07/27/2009,PFN,FL,ASO,ES,Federal Contract Tower,0,33,33,10,76,0,1,45,8,54,0,34,78,18,130,102,22,124,254
07/28/2009,PFN,FL,ASO,ES,Federal Contract Tower,0,31,27,18,76,0,1,33,3,37,0,32,60,21,113,145,0,145,258
07/29/2009,PFN,FL,ASO,ES,Federal Contract Tower,0,29,50,20,99,0,2,60,2,64,0,31,110,22,163,114,12,126,289
07/30/2009,PFN,FL,ASO,ES,Federal Contract Tower,0,30,45,25,100,0,0,69,9,78,0,30,114,34,178,142,26,168,346
07/31/2009,PFN,FL,ASO,ES,Federal Contract Tower,0,39,40,0,79,0,1,21,0,22,0,40,61,0,101,79,0,79,180
08/01/2009,PFN,FL,ASO,ES,Federal Contract Tower,0,26,34,0,60,0,0,40,0,40,0,26,74,0,100,119,6,125,225
08/02/2009,PFN,FL,ASO,ES,Federal Contract Tower,0,20,34,0,54,0,0,44,0,44,0,20,78,0,98,105,0,105,203
08/03/2009,PFN,FL,ASO,ES,Federal Contract Tower,0,31,51,17,99,0,1,31,4,36,0,32,82,21,135,92,6,98,233
08/04/2009,PFN,FL,ASO,ES,Federal Contract Tower,0,27,46,14,87,0,0,37,15,52,0,27,83,29,139,135,6,141,280
08/05/2009,PFN,FL,ASO,ES,Federal Contract Tower,0,32,40,11,83,0,1,51,9,61,0,33,91,20,144,52,11,63,207
08/06/2009,PFN,FL,ASO,ES,Federal Contract Tower,0,30,52,11,93,0,1,91,2,94,0,31,143,13,187,144,54,198,385
08/07/2009,PFN,FL,ASO,ES,Federal Contract Tower,0,31,45,7,83,0,2,80,4,86,0,33,125,11,169,93,2,95,264
08/08/2009,PFN,FL,ASO,ES,Federal Contract Tower,0,28,30,0,58,0,0,78,0,78,0,28,108,0,136,140,0,140,276
08/09/2009,PFN,FL,ASO,ES,Federal Contract Tower,0,26,49,14,89,0,2,50,3,55,0,28,99,17,144,63,14,77,221
08/10/2009,PFN,FL,ASO,ES,Federal Contract Tower,0,31,51,21,103,0,4,49,13,66,0,35,100,34,169,59,83,142,311
08/11/2009,PFN,FL,ASO,ES,Federal Contract Tower,0,33,40,25,98,0,3,27,1,31,0,36,67,26,129,89,70,159,288
08/12/2009,PFN,FL,ASO,ES,Federal Contract Tower,0,31,38,3,72,0,0,0,0,0,0,31,38,3,72,88,0,88,160
08/13/2009,PFN,FL,ASO,ES,Federal Contract Tower,0,31,53,2,86,0,4,51,3,58,0,35,104,5,144,72,9,81,225
08/14/2009,PFN,FL,ASO,ES,Federal Contract Tower,0,31,54,0,85,0,1,60,0,61,0,32,114,0,146,134,0,134,280
08/15/2009,PFN,FL,ASO,ES,Federal Contract Tower,0,27,20,0,47,0,0,27,4,31,0,27,47,4,78,178,0,178,256
08/16/2009,PFN,FL,ASO,ES,Federal Contract Tower,0,20,31,0,51,0,0,18,0,18,0,20,49,0,69,19,0,19,88
08/17/2009,PFN,FL,ASO,ES,Federal Contract Tower,0,31,14,3,48,0,1,7,0,8,0,32,21,3,56,16,0,16,72
08/18/2009,PFN,FL,ASO,ES,Federal Contract Tower,0,28,45,18,91,0,0,29,5,34,0,28,74,23,125,54,8,62,187
08/19/2009,PFN,FL,ASO,ES,Federal Contract Tower,0,32,32,17,81,0,2,39,1,42,0,34,71,18,123,104,28,132,255
08/20/2009,PFN,FL,ASO,ES,Federal Contract Tower,1,28,62,5,96,0,2,49,3,54,1,30,111,8,150,160,12,172,322
08/21/2009,PFN,FL,ASO,ES,Federal Contract Tower,0,29,27,4,60,0,1,43,4,48,0,30,70,8,108,122,0,122,230
08/22/2009,PFN,FL,ASO,ES,Federal Contract Tower,0,17,25,2,44,0,0,56,0,56,0,17,81,2,100,125,0,125,225
08/23/2009,PFN,FL,ASO,ES,Federal Contract Tower,0,20,27,0,47,0,1,85,2,88,0,21,112,2,135,167,8,175,310
08/24/2009,PFN,FL,ASO,ES,Federal Contract Tower,0,31,38,8,77,0,0,45,3,48,0,31,83,11,125,210,16,226,351
08/25/2009,PFN,FL,ASO,ES,Federal Contract Tower,0,30,34,26,90,0,0,40,13,53,0,30,74,39,143,127,8,135,278
08/26/2009,PFN,FL,ASO,ES,Federal Contract Tower,0,33,31,1,65,0,0,49,2,51,0,33,80,3,116,54,0,54,170
08/27/2009,PFN,FL,ASO,ES,Federal Contract Tower,0,32,25,4,61,0,1,20,0,21,0,33,45,4,82,46,16,62,144
08/28/2009,PFN,FL,ASO,ES,Federal Contract Tower,0,34,57,2,93,0,1,35,2,38,0,35,92,4,131,78,0,78,209
08/29/2009,PFN,FL,ASO,ES,Federal Contract Tower,0,20,25,9,54,0,2,47,2,51,0,22,72,11,105,107,10,117,222
08/30/2009,PFN,FL,ASO,ES,Federal Contract Tower,0,20,26,2,48,0,0,25,0,25,0,20,51,2,73,46,0,46,119
08/31/2009,PFN,FL,ASO,ES,Federal Contract Tower,0,29,32,13,74,0,0,15,5,20,0,29,47,18,94,30,2,32,126
09/01/2009,PFN,FL,ASO,ES,Federal Contract Tower,0,28,38,22,88,0,0,14,4,18,0,28,52,26,106,80,38,118,224
09/02/2009,PFN,FL,ASO,ES,Federal Contract Tower,0,28,50,16,94,0,1,38,6,45,0,29,88,22,139,53,70,123,262
09/03/2009,PFN,FL,ASO,ES,Federal Contract Tower,0,27,43,20,90,0,1,54,0,55,0,28,97,20,145,60,22,82,227
09/04/2009,PFN,FL,ASO,ES,Federal Contract Tower,0,32,86,2,120,0,0,90,6,96,0,32,176,8,216,59,0,59,275
09/05/2009,PFN,FL,ASO,ES,Federal Contract Tower,0,24,31,1,56,0,0,67,0,67,0,24,98,1,123,121,4,125,248
09/06/2009,PFN,FL,ASO,ES,Federal Contract Tower,0,20,33,5,58,0,0,55,0,55,0,20,88,5,113,67,4,71,184
09/07/2009,PFN,FL,ASO,ES,Federal Contract Tower,0,28,72,0,100,0,1,45,0,46,0,29,117,0,146,52,0,52,198
09/08/2009,PFN,FL,ASO,ES,Federal Contract Tower,0,34,42,20,96,0,2,56,0,58,0,36,98,20,154,104,28,132,286
09/09/2009,PFN,FL,ASO,ES,Federal Contract Tower,0,33,64,17,114,0,3,53,15,71,0,36,117,32,185,129,14,143,328
09/10/2009,PFN,FL,ASO,ES,Federal Contract Tower,0,32,39,18,89,0,0,28,0,28,0,32,67,18,117,14,58,72,189
09/11/2009,PFN,FL,ASO,ES,Federal Contract Tower,0,25,41,24,90,0,1,38,7,46,0,26,79,31,136,59,100,159,295
09/12/2009,PFN,FL,ASO,ES,Federal Contract Tower,0,23,11,0,34,0,0,0,0,0,0,23,11,0,34,8,0,8,42
09/13/2009,PFN,FL,ASO,ES,Federal Contract Tower,0,23,46,4,73,0,0,19,3,22,0,23,65,7,95,103,6,109,204
09/14/2009,PFN,FL,ASO,ES,Federal Contract Tower,0,34,27,9,70,0,0,9,4,13,0,34,36,13,83,31,2,33,116
09/15/2009,PFN,FL,ASO,ES,Federal Contract Tower,0,34,40,12,86,0,0,20,2,22,0,34,60,14,108,78,0,78,186
09/16/2009,PFN,FL,ASO,ES,Federal Contract Tower,0,36,40,25,101,0,3,22,2,27,0,39,62,27,128,52,53,105,233
09/17/2009,PFN,FL,ASO,ES,Federal Contract Tower,0,30,26,3,59,0,0,11,5,16,0,30,37,8,75,4,2,6,81
09/18/2009,PFN,FL,ASO,ES,Federal Contract Tower,0,31,39,4,74,0,1,40,0,41,0,32,79,4,115,70,4,74,189
09/19/2009,PFN,FL,ASO,ES,Federal Contract Tower,0,20,30,0,50,0,0,25,1,26,0,20,55,1,76,87,0,87,163
09/20/2009,PFN,FL,ASO,ES,Federal Contract Tower,0,25,50,0,75,0,0,39,2,41,0,25,89,2,116,88,0,88,204
09/21/2009,PFN,FL,ASO,ES,Federal Contract Tower,0,24,19,14,57,0,1,29,5,35,0,25,48,19,92,150,26,176,268
09/22/2009,PFN,FL,ASO,ES,Federal Contract Tower,0,32,26,31,89,0,1,22,2,25,0,33,48,33,114,101,54,155,269
09/23/2009,PFN,FL,ASO,ES,Federal Contract Tower,0,30,84,2,116,0,1,67,0,68,0,31,151,2,184,110,62,172,356
09/24/2009,PFN,FL,ASO,ES,Federal Contract Tower,0,34,32,18,84,0,1,31,5,37,0,35,63,23,121,50,20,70,191
09/25/2009,PFN,FL,ASO,ES,Federal Contract Tower,0,30,45,7,82,0,6,54,1,61,0,36,99,8,143,131,8,139,282
09/26/2009,PFN,FL,ASO,ES,Federal Contract Tower,0,21,21,0,42,0,1,65,0,66,0,22,86,0,108,74,0,74,182
09/27/2009,PFN,FL,ASO,ES,Federal Contract Tower,0,20,46,4,70,0,0,42,0,42,0,20,88,4,112,57,4,61,173
09/28/2009,PFN,FL,ASO,ES,Federal Contract Tower,0,28,32,8,68,0,2,30,5,37,0,30,62,13,105,50,0,50,155
09/29/2009,PFN,FL,ASO,ES,Federal Contract Tower,0,28,31,32,91,0,3,34,1,38,0,31,65,33,129,56,32,88,217
09/30/2009,PFN,FL,ASO,ES,Federal Contract Tower,0,23,76,18,117,0,1,63,4,68,0,24,139,22,185,101,28,129,314
10/01/2009,PFN,FL,ASO,ES,Federal Contract Tower,0,27,47,8,82,0,2,65,2,69,0,29,112,10,151,60,38,98,249
10/02/2009,PFN,FL,ASO,ES,Federal Contract Tower,0,35,63,16,114,0,1,53,1,55,0,36,116,17,169,46,24,70,239
10/03/2009,PFN,FL,ASO,ES,Federal Contract Tower,0,27,23,0,50,0,2,58,0,60,0,29,81,0,110,67,0,67,177
10/04/2009,PFN,FL,ASO,ES,Federal Contract Tower,0,22,26,8,56,0,0,27,9,36,0,22,53,17,92,14,0,14,106
10/05/2009,PFN,FL,ASO,ES,Federal Contract Tower,0,34,21,0,55,0,0,20,0,20,0,34,41,0,75,36,0,36,111
10/06/2009,PFN,FL,ASO,ES,Federal Contract Tower,0,36,35,24,95,0,0,20,16,36,0,36,55,40,131,70,22,92,223
10/07/2009,PFN,FL,ASO,ES,Federal Contract Tower,0,30,39,11,80,0,1,61,8,70,0,31,100,19,150,74,35,109,259
10/08/2009,PFN,FL,ASO,ES,Federal Contract Tower,0,32,56,18,106,0,2,55,9,66,0,34,111,27,172,32,28,60,232
10/09/2009,PFN,FL,ASO,ES,Federal Contract Tower,0,32,49,15,96,0,2,47,5,54,0,34,96,20,150,32,52,84,234
10/10/2009,PFN,FL,ASO,ES,Federal Contract Tower,0,21,21,0,42,0,1,59,0,60,0,22,80,0,102,65,0,65,167
10/11/2009,PFN,FL,ASO,ES,Federal Contract Tower,0,21,41,4,66,0,0,30,8,38,0,21,71,12,104,53,8,61,165
10/12/2009,PFN,FL,ASO,ES,Federal Contract Tower,0,23,26,2,51,0,0,25,0,25,0,23,51,2,76,80,0,80,156
10/13/2009,PFN,FL,ASO,ES,Federal Contract Tower,0,28,60,31,119,0,0,6,0,6,0,28,66,31,125,102,18,120,245
10/14/2009,PFN,FL,ASO,ES,Federal Contract Tower,0,34,46,8,88,0,0,28,0,28,0,34,74,8,116,24,0,24,140
10/15/2009,PFN,FL,ASO,ES,Federal Contract Tower,0,30,38,25,93,0,0,68,1,69,0,30,106,26,162,22,24,46,208
10/16/2009,PFN,FL,ASO,ES,Federal Contract Tower,0,33,44,16,93,0,0,35,0,35,0,33,79,16,128,11,10,21,149
10/17/2009,PFN,FL,ASO,ES,Federal Contract Tower,0,20,32,8,60,0,1,43,3,47,0,21,75,11,107,46,46,92,199
10/18/2009,PFN,FL,ASO,ES,Federal Contract Tower,0,24,46,4,74,0,0,52,2,54,0,24,98,6,128,45,10,55,183
10/19/2009,PFN,FL,ASO,ES,Federal Contract Tower,0,30,41,15,86,0,2,67,18,87,0,32,108,33,173,118,50,168,341
10/20/2009,PFN,FL,ASO,ES,Federal Contract Tower,0,29,34,25,88,0,4,36,3,43,0,33,70,28,131,112,4,116,247
10/21/2009,PFN,FL,ASO,ES,Federal Contract Tower,0,31,53,9,93,0,2,60,6,68,0,33,113,15,161,63,2,65,226
10/22/2009,PFN,FL,ASO,ES,Federal Contract Tower,0,29,35,11,75,0,1,61,3,65,0,30,96,14,140,35,20,55,195
10/23/2009,PFN,FL,ASO,ES,Federal Contract Tower,0,32,31,20,83,0,0,27,5,32,0,32,58,25,115,34,32,66,181
10/24/2009,PFN,FL,ASO,ES,Federal Contract Tower,0,19,32,0,51,0,1,67,3,71,0,20,99,3,122,55,0,55,177
10/25/2009,PFN,FL,ASO,ES,Federal Contract Tower,0,25,38,4,67,0,0,74,0,74,0,25,112,4,141,67,4,71,212
10/26/2009,PFN,FL,ASO,ES,Federal Contract Tower,0,30,30,25,85,0,0,30,1,31,0,30,60,26,116,45,17,62,178
10/27/2009,PFN,FL,ASO,ES,Federal Contract Tower,0,30,30,0,60,0,0,1,0,1,0,30,31,0,61,8,0,8,69
10/28/2009,PFN,FL,ASO,ES,Federal Contract Tower,0,42,52,18,112,0,2,61,4,67,0,44,113,22,179,122,18,140,319
10/29/2009,PFN,FL,ASO,ES,Federal Contract Tower,0,29,49,14,92,0,2,61,11,74,0,31,110,25,166,47,9,56,222
10/30/2009,PFN,FL,ASO,ES,Federal Contract Tower,0,34,37,20,91,0,1,39,9,49,0,35,76,29,140,46,24,70,210
10/31/2009,PFN,FL,ASO,ES,Federal Contract Tower,0,22,22,0,44,0,2,2,0,4,0,24,24,0,48,2,0,2,50
11/01/2009,PFN,FL,ASO,ES,Federal Contract Tower,0,21,49,1,71,0,1,61,0,62,0,22,110,1,133,28,0,28,161
11/02/2009,PFN,FL,ASO,ES,Federal Contract Tower,0,26,23,9,58,0,2,38,0,40,0,28,61,9,98,118,12,130,228
11/03/2009,PFN,FL,ASO,ES,Federal Contract Tower,0,30,33,22,85,0,1,65,1,67,0,31,98,23,152,118,48,166,318
11/04/2009,PFN,FL,ASO,ES,Federal Contract Tower,0,30,44,12,86,0,2,50,3,55,0,32,94,15,141,85,30,115,256
11/05/2009,PFN,FL,ASO,ES,Federal Contract Tower,0,26,32,6,64,0,1,32,0,33,0,27,64,6,97,30,0,30,127
11/06/2009,PFN,FL,ASO,ES,Federal Contract Tower,0,28,59,4,91,0,3,89,0,92,0,31,148,4,183,51,0,51,234
11/07/2009,PFN,FL,ASO,ES,Federal Contract Tower,0,20,17,0,37,0,2,63,0,65,0,22,80,0,102,40,0,40,142
11/08/2009,PFN,FL,ASO,ES,Federal Contract Tower,0,22,60,4,86,0,0,62,2,64,0,22,122,6,150,6,20,26,176
11/09/2009,PFN,FL,ASO,ES,Federal Contract Tower,0,24,25,2,51,0,0,8,0,8,0,24,33,2,59,2,0,2,61
11/10/2009,PFN,FL,ASO,ES,Federal Contract Tower,0,25,4,0,29,0,0,7,0,7,0,25,11,0,36,10,0,10,46
11/11/2009,PFN,FL,ASO,ES,Federal Contract Tower,0,24,37,0,61,0,0,3,0,3,0,24,40,0,64,0,0,0,64
11/12/2009,PFN,FL,ASO,ES,Federal Contract Tower,0,36,73,13,122,0,3,44,17,64,0,39,117,30,186,74,24,98,284
11/13/2009,PFN,FL,ASO,ES,Federal Contract Tower,0,31,39,15,85,0,4,54,6,64,0,35,93,21,149,42,14,56,205
11/14/2009,PFN,FL,ASO,ES,Federal Contract Tower,0,20,22,3,45,0,3,67,0,70,0,23,89,3,115,136,0,136,251
11/15/2009,PFN,FL,ASO,ES,Federal Contract Tower,2,16,61,1,80,0,0,58,0,58,2,16,119,1,138,54,8,62,200
11/16/2009,PFN,FL,ASO,ES,Federal Contract Tower,0,30,40,9,79,0,0,53,1,54,0,30,93,10,133,173,18,191,324
11/17/2009,PFN,FL,ASO,ES,Federal Contract Tower,0,29,35,26,90,0,1,10,1,12,0,30,45,27,102,24,12,36,138
11/18/2009,PFN,FL,ASO,ES,Federal Contract Tower,0,30,36,21,87,0,0,60,11,71,0,30,96,32,158,136,20,156,314
11/19/2009,PFN,FL,ASO,ES,Federal Contract Tower,0,34,52,14,100,0,2,62,12,76,0,36,114,26,176,155,8,163,339
11/20/2009,PFN,FL,ASO,ES,Federal Contract Tower,0,30,37,10,77,0,0,75,5,80,0,30,112,15,157,66,8,74,231
11/21/2009,PFN,FL,ASO,ES,Federal Contract Tower,0,19,30,0,49,0,1,21,0,22,0,20,51,0,71,55,0,55,126
11/22/2009,PFN,FL,ASO,ES,Federal Contract Tower,2,21,25,12,60,0,0,10,2,12,2,21,35,14,72,32,0,32,104
11/23/2009,PFN,FL,ASO,ES,Federal Contract Tower,0,31,38,35,104,0,1,19,9,29,0,32,57,44,133,48,39,87,220
11/24/2009,PFN,FL,ASO,ES,Federal Contract Tower,0,31,65,25,121,0,1,43,3,47,0,32,108,28,168,88,16,104,272
11/25/2009,PFN,FL,ASO,ES,Federal Contract Tower,0,31,69,15,115,0,0,37,4,41,0,31,106,19,156,78,10,88,244
11/26/2009,PFN,FL,ASO,ES,Federal Contract Tower,0,12,18,0,30,0,0,0,0,0,0,12,18,0,30,4,0,4,34
11/27/2009,PFN,FL,ASO,ES,Federal Contract Tower,0,17,23,0,40,0,0,0,0,0,0,17,23,0,40,32,0,32,72
11/28/2009,PFN,FL,ASO,ES,Federal Contract Tower,0,22,30,4,56,0,0,53,0,53,0,22,83,4,109,89,0,89,198
11/29/2009,PFN,FL,ASO,ES,Federal Contract Tower,0,25,70,1,96,0,0,85,0,85,0,25,155,1,181,81,2,83,264
11/30/2009,PFN,FL,ASO,ES,Federal Contract Tower,0,29,33,13,75,0,0,26,0,26,0,29,59,13,101,33,30,63,164
12/01/2009,PFN,FL,ASO,ES,Federal Contract Tower,0,28,50,16,94,0,0,14,0,14,0,28,64,16,108,14,0,14,122
12/02/2009,PFN,FL,ASO,ES,Federal Contract Tower,0,27,12,5,44,0,1,22,1,24,0,28,34,6,68,24,6,30,98
12/03/2009,PFN,FL,ASO,ES,Federal Contract Tower,0,34,73,17,124,0,1,75,10,86,0,35,148,27,210,81,100,181,391
12/04/2009,PFN,FL,ASO,ES,Federal Contract Tower,0,30,18,10,58,0,5,25,7,37,0,35,43,17,95,25,10,35,130
12/05/2009,PFN,FL,ASO,ES,Federal Contract Tower,0,21,14,2,37,0,0,21,0,21,0,21,35,2,58,10,0,10,68
12/06/2009,PFN,FL,ASO,ES,Federal Contract Tower,0,20,44,10,74,0,0,40,4,44,0,20,84,14,118,27,0,27,145
12/07/2009,PFN,FL,ASO,ES,Federal Contract Tower,0,33,42,10,85,0,0,37,4,41,0,33,79,14,126,83,2,85,211
12/08/2009,PFN,FL,ASO,ES,Federal Contract Tower,0,34,29,13,76,0,0,2,0,2,0,34,31,13,78,0,12,12,90
12/09/2009,PFN,FL,ASO,ES,Federal Contract Tower,0,32,19,2,53,0,1,8,0,9,0,33,27,2,62,14,0,14,76
12/10/2009,PFN,FL,ASO,ES,Federal Contract Tower,0,31,52,24,107,0,5,38,4,47,0,36,90,28,154,33,16,49,203
12/11/2009,PFN,FL,ASO,ES,Federal Contract Tower,0,30,27,13,70,0,1,34,2,37,0,31,61,15,107,24,30,54,161
12/12/2009,PFN,FL,ASO,ES,Federal Contract Tower,0,17,12,0,29,0,0,0,0,0,0,17,12,0,29,0,0,0,29
12/13/2009,PFN,FL,ASO,ES,Federal Contract Tower,0,15,21,1,37,0,0,0,0,0,0,15,21,1,37,0,0,0,37
12/14/2009,PFN,FL,ASO,ES,Federal Contract Tower,0,26,32,1,59,0,0,0,0,0,0,26,32,1,59,0,0,0,59
12/15/2009,PFN,FL,ASO,ES,Federal Contract Tower,0,30,42,16,88,0,0,7,0,7,0,30,49,16,95,27,0,27,122
12/16/2009,PFN,FL,ASO,ES,Federal Contract Tower,0,28,31,28,87,0,2,34,26,62,0,30,65,54,149,38,44,82,231
12/17/2009,PFN,FL,ASO,ES,Federal Contract Tower,0,32,49,23,104,0,2,22,7,31,0,34,71,30,135,24,46,70,205
12/18/2009,PFN,FL,ASO,ES,Federal Contract Tower,0,27,23,3,53,0,0,0,0,0,0,27,23,3,53,0,0,0,53
12/19/2009,PFN,FL,ASO,ES,Federal Contract Tower,0,22,23,0,45,0,0,49,0,49,0,22,72,0,94,4,0,4,98
12/20/2009,PFN,FL,ASO,ES,Federal Contract Tower,0,20,50,0,70,0,0,72,0,72,0,20,122,0,142,20,0,20,162
12/21/2009,PFN,FL,ASO,ES,Federal Contract Tower,0,29,75,18,122,0,1,52,2,55,0,30,127,20,177,51,36,87,264
12/22/2009,PFN,FL,ASO,ES,Federal Contract Tower,0,29,40,12,81,0,2,36,5,43,0,31,76,17,124,56,4,60,184
12/23/2009,PFN,FL,ASO,ES,Federal Contract Tower,0,32,29,1,62,0,3,56,2,61,0,35,85,3,123,34,4,38,161
12/24/2009,PFN,FL,ASO,ES,Federal Contract Tower,0,28,7,0,35,0,0,0,0,0,0,28,7,0,35,0,0,0,35
12/25/2009,PFN,FL,ASO,ES,Federal Contract Tower,0,17,10,0,27,0,0,7,0,7,0,17,17,0,34,12,0,12,46
12/26/2009,PFN,FL,ASO,ES,Federal Contract Tower,0,22,31,3,56,0,0,46,0,46,0,22,77,3,102,44,0,44,146
12/27/2009,PFN,FL,ASO,ES,Federal Contract Tower,0,24,65,0,89,0,0,38,0,38,0,24,103,0,127,62,0,62,189
12/28/2009,PFN,FL,ASO,ES,Federal Contract Tower,0,28,34,5,67,0,1,40,0,41,0,29,74,5,108,34,0,34,142
12/29/2009,PFN,FL,ASO,ES,Federal Contract Tower,0,28,41,16,85,0,1,54,2,57,0,29,95,18,142,68,34,102,244
12/30/2009,PFN,FL,ASO,ES,Federal Contract Tower,0,30,43,14,87,0,1,69,4,74,0,31,112,18,161,38,16,54,215
12/31/2009,PFN,FL,ASO,ES,Federal Contract Tower,0,29,30,0,59,0,0,5,0,5,0,29,35,0,64,0,0,0,64
01/01/2010,PFN,FL,ASO,ES,Federal Contract Tower,0,19,19,0,38,0,0,13,0,13,0,19,32,0,51,0,0,0,51
01/02/2010,PFN,FL,ASO,ES,Federal Contract Tower,0,24,39,2,65,0,0,51,0,51,0,24,90,2,116,14,0,14,130
01/03/2010,PFN,FL,ASO,ES,Federal Contract Tower,0,24,62,0,86,0,0,52,0,52,0,24,114,0,138,41,0,41,179
01/04/2010,PFN,FL,ASO,ES,Federal Contract Tower,0,30,32,4,66,0,0,45,0,45,0,30,77,4,111,73,0,73,184
01/05/2010,PFN,FL,ASO,ES,Federal Contract Tower,0,36,44,30,110,0,1,22,15,38,0,37,66,45,148,14,12,26,174
01/06/2010,PFN,FL,ASO,ES,Federal Contract Tower,0,32,32,11,75,0,2,57,11,70,0,34,89,22,145,60,2,62,207
01/07/2010,PFN,FL,ASO,ES,Federal Contract Tower,0,25,50,23,98,0,1,41,8,50,0,26,91,31,148,64,36,100,248
01/08/2010,PFN,FL,ASO,ES,Federal Contract Tower,0,32,25,10,67,0,1,32,9,42,0,33,57,19,109,22,2,24,133
01/09/2010,PFN,FL,ASO,ES,Federal Contract Tower,0,16,26,3,45,0,0,35,6,41,0,16,61,9,86,20,0,20,106
01/10/2010,PFN,FL,ASO,ES,Federal Contract Tower,0,19,29,1,49,0,0,41,2,43,0,19,70,3,92,26,0,26,118
01/11/2010,PFN,FL,ASO,ES,Federal Contract Tower,0,27,53,13,93,0,4,49,7,60,0,31,102,20,153,121,11,132,285
01/12/2010,PFN,FL,ASO,ES,Federal Contract Tower,0,30,42,13,85,0,4,42,5,51,0,34,84,18,136,30,29,59,195
01/13/2010,PFN,FL,ASO,ES,Federal Contract Tower,0,34,25,9,68,0,1,51,17,69,0,35,76,26,137,54,10,64,201
01/14/2010,PFN,FL,ASO,ES,Federal Contract Tower,0,31,52,19,102,0,1,96,16,113,0,32,148,35,215,85,16,101,316
01/15/2010,PFN,FL,ASO,ES,Federal Contract Tower,0,28,31,23,82,0,1,25,3,29,0,29,56,26,111,22,33,55,166
01/16/2010,PFN,FL,ASO,ES,Federal Contract Tower,0,21,4,1,26,0,0,0,0,0,0,21,4,1,26,0,0,0,26
01/17/2010,PFN,FL,ASO,ES,Federal Contract Tower,0,22,23,5,50,0,0,0,0,0,0,22,23,5,50,0,0,0,50
01/18/2010,PFN,FL,ASO,ES,Federal Contract Tower,0,27,57,6,90,0,1,50,0,51,0,28,107,6,141,87,0,87,228
01/19/2010,PFN,FL,ASO,ES,Federal Contract Tower,0,27,29,16,72,0,2,38,1,41,0,29,67,17,113,77,6,83,196
01/20/2010,PFN,FL,ASO,ES,Federal Contract Tower,0,40,34,16,90,0,5,16,2,23,0,45,50,18,113,20,0,20,133
01/21/2010,PFN,FL,ASO,ES,Federal Contract Tower,0,29,13,3,45,0,0,0,0,0,0,29,13,3,45,0,0,0,45
01/22/2010,PFN,FL,ASO,ES,Federal Contract Tower,0,29,40,13,82,0,1,67,8,76,0,30,107,21,158,52,8,60,218
01/23/2010,PFN,FL,ASO,ES,Federal Contract Tower,0,16,44,6,66,0,0,49,8,57,0,16,93,14,123,10,0,10,133
01/24/2010,PFN,FL,ASO,ES,Federal Contract Tower,0,14,13,0,27,0,0,0,0,0,0,14,13,0,27,0,0,0,27
01/25/2010,PFN,FL,ASO,ES,Federal Contract Tower,0,31,36,18,85,0,1,34,5,40,0,32,70,23,125,30,26,56,181
01/26/2010,PFN,FL,ASO,ES,Federal Contract Tower,0,30,39,23,92,0,0,39,5,44,0,30,78,28,136,38,60,98,234
01/27/2010,PFN,FL,ASO,ES,Federal Contract Tower,0,29,39,7,75,0,0,0,2,2,0,29,39,9,77,186,42,228,305
01/28/2010,PFN,FL,ASO,ES,Federal Contract Tower,0,29,37,13,79,0,2,61,6,69,0,31,98,19,148,120,10,130,278
01/29/2010,PFN,FL,ASO,ES,Federal Contract Tower,0,28,23,35,86,0,0,28,26,54,0,28,51,61,140,30,22,52,192
01/30/2010,PFN,FL,ASO,ES,Federal Contract Tower,0,19,24,2,45,0,0,6,0,6,0,19,30,2,51,25,0,25,76
01/31/2010,PFN,FL,ASO,ES,Federal Contract Tower,0,18,40,12,70,0,0,24,1,25,0,18,64,13,95,0,2,2,97
02/01/2010,PFN,FL,ASO,ES,Federal Contract Tower,0,26,53,13,92,0,1,34,4,39,0,27,87,17,131,24,0,24,155
02/02/2010,PFN,FL,ASO,ES,Federal Contract Tower,0,31,39,0,70,0,3,19,3,25,0,34,58,3,95,39,4,43,138
02/03/2010,PFN,FL,ASO,ES,Federal Contract Tower,0,32,29,29,90,0,3,63,46,112,0,35,92,75,202,78,38,116,318
02/04/2010,PFN,FL,ASO,ES,Federal Contract Tower,0,32,34,24,90,0,1,10,1,12,0,33,44,25,102,10,14,24,126
02/05/2010,PFN,FL,ASO,ES,Federal Contract Tower,0,30,22,12,64,0,1,8,21,30,0,31,30,33,94,0,15,15,109
02/06/2010,PFN,FL,ASO,ES,Federal Contract Tower,2,16,27,2,47,0,0,43,0,43,2,16,70,2,90,8,0,8,98
02/07/2010,PFN,FL,ASO,ES,Federal Contract Tower,0,19,37,0,56,0,0,88,0,88,0,19,125,0,144,175,0,175,319
02/08/2010,PFN,FL,ASO,ES,Federal Contract Tower,0,30,80,10,120,0,5,66,2,73,0,35,146,12,193,103,0,103,296
02/09/2010,PFN,FL,ASO,ES,Federal Contract Tower,0,34,37,8,79,0,2,1,0,3,0,36,38,8,82,0,0,0,82
02/10/2010,PFN,FL,ASO,ES,Federal Contract Tower,0,32,46,6,84,0,3,37,0,40,0,35,83,6,124,90,0,90,214
02/11/2010,PFN,FL,ASO,ES,Federal Contract Tower,0,30,36,5,71,0,2,40,1,43,0,32,76,6,114,116,0,116,230
02/12/2010,PFN,FL,ASO,ES,Federal Contract Tower,0,17,10,0,27,0,0,0,0,0,0,17,10,0,27,0,0,0,27
02/13/2010,PFN,FL,ASO,ES,Federal Contract Tower,0,18,32,2,52,0,0,62,2,64,0,18,94,4,116,44,0,44,160
02/14/2010,PFN,FL,ASO,ES,Federal Contract Tower,0,25,43,0,68,0,0,57,0,57,0,25,100,0,125,90,0,90,215
02/15/2010,PFN,FL,ASO,ES,Federal Contract Tower,0,24,15,0,39,0,0,7,0,7,0,24,22,0,46,52,0,52,98
02/16/2010,PFN,FL,ASO,ES,Federal Contract Tower,0,27,39,14,80,0,2,29,1,32,0,29,68,15,112,120,20,140,252
02/17/2010,PFN,FL,ASO,ES,Federal Contract Tower,39,53,15,0,107,0,5,58,13,76,39,58,73,13,183,58,0,58,241
02/18/2010,PFN,FL,ASO,ES,Federal Contract Tower,0,40,47,22,109,0,0,32,5,37,0,40,79,27,146,95,8,103,249
02/19/2010,PFN,FL,ASO,ES,Federal Contract Tower,0,31,39,17,87,0,6,70,11,87,0,37,109,28,174,116,36,152,326
02/20/2010,PFN,FL,ASO,ES,Federal Contract Tower,0,25,30,0,55,0,0,79,5,84,0,25,109,5,139,91,0,91,230
02/21/2010,PFN,FL,ASO,ES,Federal Contract Tower,0,27,44,17,88,0,1,36,7,44,0,28,80,24,132,43,0,43,175
02/22/2010,PFN,FL,ASO,ES,Federal Contract Tower,0,30,23,21,74,0,0,13,9,22,0,30,36,30,96,39,6,45,141
02/23/2010,PFN,FL,ASO,ES,Federal Contract Tower,0,30,41,22,93,0,0,34,3,37,0,30,75,25,130,72,12,84,214
02/24/2010,PFN,FL,ASO,ES,Federal Contract Tower,0,32,32,24,88,0,3,27,7,37,0,35,59,31,125,22,54,76,201
02/25/2010,PFN,FL,ASO,ES,Federal Contract Tower,0,30,46,17,93,0,7,46,6,59,0,37,92,23,152,42,6,48,200
02/26/2010,PFN,FL,ASO,ES,Federal Contract Tower,0,32,37,23,92,0,5,76,22,103,0,37,113,45,195,139,54,193,388
02/27/2010,PFN,FL,ASO,ES,Federal Contract Tower,0,27,21,0,48,0,0,34,1,35,0,27,55,1,83,64,0,64,147
02/28/2010,PFN,FL,ASO,ES,Federal Contract Tower,0,25,29,5,59,0,0,108,3,111,0,25,137,8,170,32,0,32,202
03/01/2010,PFN,FL,ASO,ES,Federal Contract Tower,0,34,48,11,93,0,0,43,1,44,0,34,91,12,137,69,6,75,212
03/02/2010,PFN,FL,ASO,ES,Federal Contract Tower,0,26,18,6,50,0,0,2,1,3,0,26,20,7,53,0,26,26,79
03/03/2010,PFN,FL,ASO,ES,Federal Contract Tower,0,29,24,27,80,0,2,52,8,62,0,31,76,35,142,163,66,229,371
03/04/2010,PFN,FL,ASO,ES,Federal Contract Tower,0,30,43,32,105,0,3,55,15,73,0,33,98,47,178,109,58,167,345
03/05/2010,PFN,FL,ASO,ES,Federal Contract Tower,0,35,50,1,86,0,0,66,4,70,0,35,116,5,156,149,0,149,305
03/06/2010,PFN,FL,ASO,ES,Federal Contract Tower,0,26,33,0,59,0,1,70,0,71,0,27,103,0,130,183,0,183,313
03/07/2010,PFN,FL,ASO,ES,Federal Contract Tower,0,25,46,4,75,0,0,96,3,99,0,25,142,7,174,130,0,130,304
03/08/2010,PFN,FL,ASO,ES,Federal Contract Tower,0,31,35,29,95,0,0,55,6,61,0,31,90,35,156,102,46,148,304
03/09/2010,PFN,FL,ASO,ES,Federal Contract Tower,0,32,27,22,81,0,0,39,8,47,0,32,66,30,128,84,18,102,230
03/10/2010,PFN,FL,ASO,ES,Federal Contract Tower,0,29,38,38,105,0,1,6,11,18,0,30,44,49,123,62,64,126,249
03/11/2010,PFN,FL,ASO,ES,Federal Contract Tower,0,36,34,28,98,0,0,19,1,20,0,36,53,29,118,113,0,113,231
03/12/2010,PFN,FL,ASO,ES,Federal Contract Tower,0,24,51,4,79,0,0,28,0,28,0,24,79,4,107,97,6,103,210
03/13/2010,PFN,FL,ASO,ES,Federal Contract Tower,0,26,54,8,88,0,3,63,4,70,0,29,117,12,158,29,0,29,187
03/14/2010,PFN,FL,ASO,ES,Federal Contract Tower,0,27,36,2,65,0,0,41,2,43,0,27,77,4,108,111,0,111,219
03/15/2010,PFN,FL,ASO,ES,Federal Contract Tower,0,34,32,11,77,0,1,32,3,36,0,35,64,14,113,102,0,102,215
03/16/2010,PFN,FL,ASO,ES,Federal Contract Tower,0,31,36,5,72,0,2,51,2,55,0,33,87,7,127,104,0,104,231
03/17/2010,PFN,FL,ASO,ES,Federal Contract Tower,0,38,39,1,78,0,1,17,3,21,0,39,56,4,99,129,0,129,228
03/18/2010,PFN,FL,ASO,ES,Federal Contract Tower,0,36,48,7,91,0,2,30,3,35,0,38,78,10,126,154,8,162,288
03/19/2010,PFN,FL,ASO,ES,Federal Contract Tower,0,32,52,21,105,0,4,94,32,130,0,36,146,53,235,119,26,145,380
03/20/2010,PFN,FL,ASO,ES,Federal Contract Tower,0,32,70,2,104,0,0,74,0,74,0,32,144,2,178,126,0,126,304
03/21/2010,PFN,FL,ASO,ES,Federal Contract Tower,0,29,32,5,66,0,0,5,0,5,0,29,37,5,71,0,0,0,71
03/22/2010,PFN,FL,ASO,ES,Federal Contract Tower,0,29,22,22,73,0,0,13,5,18,0,29,35,27,91,78,36,114,205
03/23/2010,PFN,FL,ASO,ES,Federal Contract Tower,0,29,52,25,106,0,0,61,15,76,0,29,113,40,182,122,2,124,306
03/24/2010,PFN,FL,ASO,ES,Federal Contract Tower,0,35,59,25,119,0,0,46,3,49,0,35,105,28,168,91,10,101,269
03/25/2010,PFN,FL,ASO,ES,Federal Contract Tower,0,34,32,2,68,0,0,22,9,31,0,34,54,11,99,30,0,30,129
03/26/2010,PFN,FL,ASO,ES,Federal Contract Tower,0,33,52,14,99,0,3,90,12,105,0,36,142,26,204,88,0,88,292
03/27/2010,PFN,FL,ASO,ES,Federal Contract Tower,0,31,38,0,69,0,0,75,1,76,0,31,113,1,145,85,0,85,230
03/28/2010,PFN,FL,ASO,ES,Federal Contract Tower,0,24,46,2,72,0,9,29,0,38,0,33,75,2,110,83,0,83,193
03/29/2010,PFN,FL,ASO,ES,Federal Contract Tower,0,35,56,9,100,0,0,43,5,48,0,35,99,14,148,128,18,146,294
03/30/2010,PFN,FL,ASO,ES,Federal Contract Tower,0,35,44,6,85,0,7,37,3,47,0,42,81,9,132,78,28,106,238
03/31/2010,PFN,FL,ASO,ES,Federal Contract Tower,0,42,42,32,116,0,1,41,7,49,0,43,83,39,165,158,70,228,393
04/01/2010,PFN,FL,ASO,ES,Federal Contract Tower,0,37,53,18,108,0,0,81,9,90,0,37,134,27,198,113,8,121,319
04/02/2010,PFN,FL,ASO,ES,Federal Contract Tower,0,38,59,21,118,0,0,99,23,122,0,38,158,44,240,97,8,105,345
04/03/2010,PFN,FL,ASO,ES,Federal Contract Tower,0,26,33,4,63,0,0,63,6,69,0,26,96,10,132,105,6,111,243
04/04/2010,PFN,FL,ASO,ES,Federal Contract Tower,0,26,52,5,83,0,0,45,0,45,0,26,97,5,128,26,0,26,154
04/05/2010,PFN,FL,ASO,ES,Federal Contract Tower,0,36,69,18,123,0,1,46,5,52,0,37,115,23,175,116,6,122,297
04/06/2010,PFN,FL,ASO,ES,Federal Contract Tower,0,34,32,11,77,0,0,51,2,53,0,34,83,13,130,96,18,114,244
04/07/2010,PFN,FL,ASO,ES,Federal Contract Tower,0,29,79,60,168,0,3,88,53,144,0,32,167,113,312,92,30,122,434
04/08/2010,PFN,FL,ASO,ES,Federal Contract Tower,0,28,32,23,83,0,0,16,0,16,0,28,48,23,99,24,4,28,127
04/09/2010,PFN,FL,ASO,ES,Federal Contract Tower,0,30,53,12,95,0,1,100,17,118,0,31,153,29,213,178,10,188,401
04/10/2010,PFN,FL,ASO,ES,Federal Contract Tower,1,23,48,1,73,0,0,71,0,71,1,23,119,1,144,151,0,151,295
04/11/2010,PFN,FL,ASO,ES,Federal Contract Tower,0,21,50,6,77,0,1,90,0,91,0,22,140,6,168,54,0,54,222
04/12/2010,PFN,FL,ASO,ES,Federal Contract Tower,0,27,54,29,110,0,0,41,14,55,0,27,95,43,165,94,22,116,281
04/13/2010,PFN,FL,ASO,ES,Federal Contract Tower,0,30,61,13,104,0,2,43,9,54,0,32,104,22,158,125,27,152,310
04/14/2010,PFN,FL,ASO,ES,Federal Contract Tower,0,29,81,20,130,0,3,58,14,75,0,32,139,34,205,151,13,164,369
04/15/2010,PFN,FL,ASO,ES,Federal Contract Tower,0,27,48,9,84,0,3,53,9,65,0,30,101,18,149,161,10,171,320
04/16/2010,PFN,FL,ASO,ES,Federal Contract Tower,0,25,64,7,96,0,2,90,9,101,0,27,154,16,197,85,24,109,306
04/17/2010,PFN,FL,ASO,ES,Federal Contract Tower,0,28,28,0,56,0,2,60,0,62,0,30,88,0,118,134,0,134,252
04/18/2010,PFN,FL,ASO,ES,Federal Contract Tower,0,21,45,6,72,0,0,74,2,76,0,21,119,8,148,141,18,159,307
04/19/2010,PFN,FL,ASO,ES,Federal Contract Tower,0,29,37,25,91,0,0,35,29,64,0,29,72,54,155,70,40,110,265
04/20/2010,PFN,FL,ASO,ES,Federal Contract Tower,0,31,42,15,88,0,0,12,10,22,0,31,54,25,110,78,12,90,200
04/21/2010,PFN,FL,ASO,ES,Federal Contract Tower,0,34,46,12,92,0,1,83,1,85,0,35,129,13,177,104,10,114,291
04/22/2010,PFN,FL,ASO,ES,Federal Contract Tower,0,31,63,30,124,0,3,68,5,76,0,34,131,35,200,119,2,121,321
04/23/2010,PFN,FL,ASO,ES,Federal Contract Tower,0,30,37,10,77,0,0,57,10,67,0,30,94,20,144,48,16,64,208
04/24/2010,PFN,FL,ASO,ES,Federal Contract Tower,0,23,17,0,40,0,0,13,0,13,0,23,30,0,53,25,0,25,78
04/25/2010,PFN,FL,ASO,ES,Federal Contract Tower,0,34,47,6,87,0,0,46,15,61,0,34,93,21,148,113,0,113,261
04/26/2010,PFN,FL,ASO,ES,Federal Contract Tower,0,29,48,17,94,0,1,21,1,23,0,30,69,18,117,45,8,53,170
04/27/2010,PFN,FL,ASO,ES,Federal Contract Tower,0,31,59,21,111,0,2,31,10,43,0,33,90,31,154,76,21,97,251
04/28/2010,PFN,FL,ASO,ES,Federal Contract Tower,0,35,70,30,135,0,2,44,12,58,0,37,114,42,193,69,40,109,302
04/29/2010,PFN,FL,ASO,ES,Federal Contract Tower,0,31,33,28,92,1,7,58,5,71,1,38,91,33,163,57,14,71,234
04/30/2010,PFN,FL,ASO,ES,Federal Contract Tower,0,28,28,0,56,0,2,20,0,22,0,30,48,0,78,45,0,45,123
05/01/2010,PFN,FL,ASO,ES,Federal Contract Tower,2,22,23,0,47,0,1,11,0,12,2,23,34,0,59,30,0,30,89
05/02/2010,PFN,FL,ASO,ES,Federal Contract Tower,0,22,28,4,54,0,0,3,1,4,0,22,31,5,58,0,0,0,58
05/03/2010,PFN,FL,ASO,ES,Federal Contract Tower,1,29,17,7,54,0,0,0,0,0,1,29,17,7,54,0,0,0,54
05/04/2010,PFN,FL,ASO,ES,Federal Contract Tower,2,33,33,26,94,0,1,19,6,26,2,34,52,32,120,23,0,23,143
05/05/2010,PFN,FL,ASO,ES,Federal Contract Tower,3,34,69,26,132,0,1,53,27,81,3,35,122,53,213,98,6,104,317
05/06/2010,PFN,FL,ASO,ES,Federal Contract Tower,2,39,41,15,97,0,0,59,10,69,2,39,100,25,166,68,14,82,248
05/07/2010,PFN,FL,ASO,ES,Federal Contract Tower,2,37,53,23,115,0,3,65,18,86,2,40,118,41,201,108,12,120,321
05/08/2010,PFN,FL,ASO,ES,Federal Contract Tower,0,25,26,0,51,0,4,30,16,50,0,29,56,16,101,47,0,47,148
05/09/2010,PFN,FL,ASO,ES,Federal Contract Tower,0,24,50,0,74,0,0,74,0,74,0,24,124,0,148,36,0,36,184
05/10/2010,PFN,FL,ASO,ES,Federal Contract Tower,2,31,44,14,91,0,2,33,8,43,2,33,77,22,134,60,12,72,206
05/11/2010,PFN,FL,ASO,ES,Federal Contract Tower,2,30,43,41,116,0,4,33,11,48,2,34,76,52,164,95,36,131,295
05/12/2010,PFN,FL,ASO,ES,Federal Contract Tower,2,27,36,14,79,0,3,46,12,61,2,30,82,26,140,42,18,60,200
05/13/2010,PFN,FL,ASO,ES,Federal Contract Tower,3,30,51,5,89,0,2,79,5,86,3,32,130,10,175,54,8,62,237
05/14/2010,PFN,FL,ASO,ES,Federal Contract Tower,2,33,47,25,107,0,11,36,8,55,2,44,83,33,162,86,12,98,260
05/15/2010,PFN,FL,ASO,ES,Federal Contract Tower,0,26,37,5,68,0,1,63,4,68,0,27,100,9,136,153,0,153,289
05/16/2010,PFN,FL,ASO,ES,Federal Contract Tower,0,24,39,3,66,0,0,12,3,15,0,24,51,6,81,20,0,20,101
05/17/2010,PFN,FL,ASO,ES,Federal Contract Tower,0,37,23,11,71,0,2,29,7,38,0,39,52,18,109,96,8,104,213
05/18/2010,PFN,FL,ASO,ES,Federal Contract Tower,0,37,44,1,82,0,4,34,3,41,0,41,78,4,123,62,0,62,185
05/19/2010,PFN,FL,ASO,ES,Federal Contract Tower,2,32,51,4,89,0,2,50,3,55,2,34,101,7,144,63,10,73,217
05/20/2010,PFN,FL,ASO,ES,Federal Contract Tower,2,34,38,53,127,0,2,53,21,76,2,36,91,74,203,103,72,175,378
05/21/2010,PFN,FL,ASO,ES,Federal Contract Tower,2,30,38,8,78,0,2,47,6,55,2,32,85,14,133,89,0,89,222
05/22/2010,PFN,FL,ASO,ES,Federal Contract Tower,2,27,71,5,105,0,0,70,2,72,2,27,141,7,177,140,2,142,319
05/23/2010,PFN,FL,ASO,ES,Federal Contract Tower,18,15,3,0,36,0,0,14,0,14,18,15,17,0,50,119,0,119,169
05/24/2010,PFN,FL,ASO,ES,Federal Contract Tower,20,17,3,6,46,0,0,6,0,6,20,17,9,6,52,18,6,24,76
05/25/2010,PFN,FL,ASO,ES,Federal Contract Tower,21,18,1,8,48,0,0,1,2,3,21,18,2,10,51,2,10,12,63
05/26/2010,PFN,FL,ASO,ES,Federal Contract Tower,21,15,9,2,47,0,0,2,0,2,21,15,11,2,49,32,4,36,85
05/27/2010,PFN,FL,ASO,ES,Federal Contract Tower,20,20,8,12,60,0,0,28,0,28,20,20,36,12,88,6,14,20,108
05/28/2010,PFN,FL,ASO,ES,Federal Contract Tower,19,18,3,6,46,0,0,3,0,3,19,18,6,6,49,12,18,30,79
05/29/2010,PFN,FL,ASO,ES,Federal Contract Tower,19,17,4,0,40,0,0,0,0,0,19,17,4,0,40,0,0,0,40
05/30/2010,PFN,FL,ASO,ES,Federal Contract Tower,17,21,3,0,41,0,0,0,0,0,17,21,3,0,41,2,0,2,43
05/31/2010,PFN,FL,ASO,ES,Federal Contract Tower,22,16,6,0,44,0,0,6,0,6,22,16,12,0,50,8,0,8,58
