01/01/2000,PHF,VA,AEA,EN,Towers with Display (VFR),4,18,11,0,33,1,9,100,0,110,5,27,111,0,143,156,0,156,299
01/02/2000,PHF,VA,AEA,EN,Towers with Display (VFR),6,34,19,0,59,0,7,177,0,184,6,41,196,0,243,304,0,304,547
01/03/2000,PHF,VA,AEA,EN,Towers with Display (VFR),8,42,27,10,87,0,0,208,80,288,8,42,235,90,375,238,188,426,801
01/04/2000,PHF,VA,AEA,EN,Towers with Display (VFR),6,36,22,8,72,0,0,110,23,133,6,36,132,31,205,108,138,246,451
01/05/2000,PHF,VA,AEA,EN,Towers with Display (VFR),8,42,26,9,85,0,0,164,71,235,8,42,190,80,320,92,104,196,516
01/06/2000,PHF,VA,AEA,EN,Towers with Display (VFR),8,42,33,12,95,0,0,137,54,191,8,42,170,66,286,182,54,236,522
01/07/2000,PHF,VA,AEA,EN,Towers with Display (VFR),8,43,30,11,92,0,0,139,59,198,8,43,169,70,290,114,60,174,464
01/08/2000,PHF,VA,AEA,EN,Towers with Display (VFR),7,34,21,7,69,0,0,133,14,147,7,34,154,21,216,122,13,135,351
01/09/2000,PHF,VA,AEA,EN,Towers with Display (VFR),6,32,18,6,62,2,2,93,7,104,8,34,111,13,166,118,0,118,284
01/10/2000,PHF,VA,AEA,EN,Towers with Display (VFR),8,41,30,11,90,0,0,116,18,134,8,41,146,29,224,172,10,182,406
01/11/2000,PHF,VA,AEA,EN,Towers with Display (VFR),7,56,31,11,105,0,5,135,27,167,7,61,166,38,272,146,92,238,510
01/12/2000,PHF,VA,AEA,EN,Towers with Display (VFR),8,59,34,12,113,0,0,190,62,252,8,59,224,74,365,280,140,420,785
01/13/2000,PHF,VA,AEA,EN,Towers with Display (VFR),8,60,33,13,114,0,5,28,26,59,8,65,61,39,173,27,88,115,288
01/14/2000,PHF,VA,AEA,EN,Towers with Display (VFR),7,51,27,11,96,0,0,66,46,112,7,51,93,57,208,196,124,320,528
01/15/2000,PHF,VA,AEA,EN,Towers with Display (VFR),6,36,20,9,71,2,0,118,2,122,8,36,138,11,193,152,40,192,385
01/16/2000,PHF,VA,AEA,EN,Towers with Display (VFR),4,31,16,7,58,4,6,118,1,129,8,37,134,8,187,179,0,179,366
01/17/2000,PHF,VA,AEA,EN,Towers with Display (VFR),7,40,22,0,69,0,0,82,0,82,7,40,104,0,151,62,0,62,213
01/18/2000,PHF,VA,AEA,EN,Towers with Display (VFR),8,62,33,13,116,0,9,120,17,146,8,71,153,30,262,148,12,160,422
01/19/2000,PHF,VA,AEA,EN,Towers with Display (VFR),8,64,34,14,120,0,2,159,45,206,8,66,193,59,326,170,136,306,632
01/20/2000,PHF,VA,AEA,EN,Towers with Display (VFR),5,33,12,4,54,4,6,0,0,10,9,39,12,4,64,0,0,0,64
01/21/2000,PHF,VA,AEA,EN,Towers with Display (VFR),8,47,26,11,92,0,0,67,43,110,8,47,93,54,202,60,32,92,294
01/22/2000,PHF,VA,AEA,EN,Towers with Display (VFR),6,36,22,9,73,3,0,174,15,192,9,36,196,24,265,358,76,434,699
01/23/2000,PHF,VA,AEA,EN,Towers with Display (VFR),4,26,13,0,43,0,17,1,0,18,4,43,14,0,61,14,8,22,83
01/24/2000,PHF,VA,AEA,EN,Towers with Display (VFR),9,60,32,13,114,4,4,9,33,50,13,64,41,46,164,2,12,14,178
01/25/2000,PHF,VA,AEA,EN,Towers with Display (VFR),0,1,0,0,1,1,0,1,0,2,1,1,1,0,3,0,0,0,3
01/26/2000,PHF,VA,AEA,EN,Towers with Display (VFR),3,25,14,5,47,4,3,25,21,53,7,28,39,26,100,0,0,0,100
01/27/2000,PHF,VA,AEA,EN,Towers with Display (VFR),6,50,27,10,93,0,2,106,57,165,6,52,133,67,258,80,40,120,378
01/28/2000,PHF,VA,AEA,EN,Towers with Display (VFR),9,52,31,11,103,1,0,93,64,158,10,52,124,75,261,224,164,388,649
01/29/2000,PHF,VA,AEA,EN,Towers with Display (VFR),3,29,16,6,54,0,14,104,34,152,3,43,120,40,206,234,76,310,516
01/30/2000,PHF,VA,AEA,EN,Towers with Display (VFR),2,18,2,0,22,2,10,0,0,12,4,28,2,0,34,0,0,0,34
01/31/2000,PHF,VA,AEA,EN,Towers with Display (VFR),5,53,32,12,102,0,0,62,130,192,5,53,94,142,294,36,56,92,386
02/01/2000,PHF,VA,AEA,EN,Towers with Display (VFR),9,55,38,16,118,0,0,69,93,162,9,55,107,109,280,166,148,314,594
02/02/2000,PHF,VA,AEA,EN,Towers with Display (VFR),8,54,37,17,116,0,2,176,73,251,8,56,213,90,367,304,148,452,819
02/03/2000,PHF,VA,AEA,EN,Towers with Display (VFR),8,54,43,19,124,0,0,193,63,256,8,54,236,82,380,338,202,540,920
02/04/2000,PHF,VA,AEA,EN,Towers with Display (VFR),10,60,41,18,129,2,0,195,29,226,12,60,236,47,355,288,102,390,745
02/05/2000,PHF,VA,AEA,EN,Towers with Display (VFR),5,32,22,9,68,0,3,193,19,215,5,35,215,28,283,288,116,404,687
02/06/2000,PHF,VA,AEA,EN,Towers with Display (VFR),0,42,31,13,86,0,0,139,53,192,0,42,170,66,278,182,54,236,514
02/07/2000,PHF,VA,AEA,EN,Towers with Display (VFR),7,47,33,14,101,0,11,41,5,57,7,58,74,19,158,36,56,92,250
02/08/2000,PHF,VA,AEA,EN,Towers with Display (VFR),8,67,49,21,145,0,0,166,102,268,8,67,215,123,413,222,166,388,801
02/09/2000,PHF,VA,AEA,EN,Towers with Display (VFR),8,49,34,15,106,0,3,174,80,257,8,52,208,95,363,242,124,366,729
02/10/2000,PHF,VA,AEA,EN,Towers with Display (VFR),7,60,41,18,126,0,0,209,75,284,7,60,250,93,410,252,264,516,926
02/11/2000,PHF,VA,AEA,EN,Towers with Display (VFR),7,44,30,13,94,0,16,147,18,181,7,60,177,31,275,249,134,383,658
02/12/2000,PHF,VA,AEA,EN,Towers with Display (VFR),3,16,1,0,20,4,12,0,0,16,7,28,1,0,36,0,0,0,36
02/13/2000,PHF,VA,AEA,EN,Towers with Display (VFR),5,28,19,8,60,1,15,22,10,48,6,43,41,18,108,142,110,252,360
02/14/2000,PHF,VA,AEA,EN,Towers with Display (VFR),7,46,31,14,98,2,9,89,174,274,9,55,120,188,372,116,108,224,596
02/15/2000,PHF,VA,AEA,EN,Towers with Display (VFR),8,55,39,18,120,0,0,98,87,185,8,55,137,105,305,232,176,408,713
02/16/2000,PHF,VA,AEA,EN,Towers with Display (VFR),7,46,39,18,110,0,0,197,103,300,7,46,236,121,410,228,176,404,814
02/17/2000,PHF,VA,AEA,EN,Towers with Display (VFR),7,52,42,20,121,0,0,433,140,573,7,52,475,160,694,240,96,336,1030
02/18/2000,PHF,VA,AEA,EN,Towers with Display (VFR),5,43,26,13,87,0,19,0,5,24,5,62,26,18,111,0,14,14,125
02/19/2000,PHF,VA,AEA,EN,Towers with Display (VFR),5,32,19,1,57,4,7,0,0,11,9,39,19,1,68,166,0,166,234
02/20/2000,PHF,VA,AEA,EN,Towers with Display (VFR),6,40,26,12,84,2,4,310,1,317,8,44,336,13,401,156,0,156,557
02/21/2000,PHF,VA,AEA,EN,Towers with Display (VFR),6,40,27,8,81,1,0,171,0,172,7,40,198,8,253,242,0,242,495
02/22/2000,PHF,VA,AEA,EN,Towers with Display (VFR),7,55,40,18,120,0,0,208,101,309,7,55,248,119,429,360,280,640,1069
02/23/2000,PHF,VA,AEA,EN,Towers with Display (VFR),7,60,41,19,127,0,0,197,69,266,7,60,238,88,393,258,106,364,757
02/24/2000,PHF,VA,AEA,EN,Towers with Display (VFR),6,45,32,15,98,0,0,184,52,236,6,45,216,67,334,265,68,333,667
02/25/2000,PHF,VA,AEA,EN,Towers with Display (VFR),9,46,39,18,112,2,0,161,15,178,11,46,200,33,290,300,112,412,702
02/26/2000,PHF,VA,AEA,EN,Towers with Display (VFR),6,41,26,8,81,1,2,11,0,14,7,43,37,8,95,0,0,0,95
02/27/2000,PHF,VA,AEA,EN,Towers with Display (VFR),6,32,28,9,75,1,0,16,0,17,7,32,44,9,92,266,0,266,358
02/28/2000,PHF,VA,AEA,EN,Towers with Display (VFR),7,51,34,15,107,1,2,191,34,228,8,53,225,49,335,242,102,344,679
02/29/2000,PHF,VA,AEA,EN,Towers with Display (VFR),8,44,37,17,106,1,0,220,61,282,9,44,257,78,388,282,108,390,778
03/01/2000,PHF,VA,AEA,EN,Towers with Display (VFR),8,47,44,12,111,0,0,195,58,253,8,47,239,70,364,234,172,406,770
03/02/2000,PHF,VA,AEA,EN,Towers with Display (VFR),6,43,38,8,95,0,3,10,0,13,6,46,48,8,108,184,0,184,292
03/03/2000,PHF,VA,AEA,EN,Towers with Display (VFR),5,47,40,11,103,0,1,116,17,134,5,48,156,28,237,194,4,198,435
03/04/2000,PHF,VA,AEA,EN,Towers with Display (VFR),5,27,24,6,62,0,16,147,14,177,5,43,171,20,239,140,12,152,391
03/05/2000,PHF,VA,AEA,EN,Towers with Display (VFR),6,35,30,8,79,4,2,69,1,76,10,37,99,9,155,208,0,208,363
03/06/2000,PHF,VA,AEA,EN,Towers with Display (VFR),7,40,35,9,91,2,6,148,28,184,9,46,183,37,275,210,40,250,525
03/07/2000,PHF,VA,AEA,EN,Towers with Display (VFR),8,60,54,16,138,0,0,176,85,261,8,60,230,101,399,248,136,384,783
03/08/2000,PHF,VA,AEA,EN,Towers with Display (VFR),8,51,44,12,115,0,8,122,43,173,8,59,166,55,288,219,34,253,541
03/09/2000,PHF,VA,AEA,EN,Towers with Display (VFR),7,56,49,14,126,0,1,82,36,119,7,57,131,50,245,177,82,259,504
03/10/2000,PHF,VA,AEA,EN,Towers with Display (VFR),6,49,51,14,120,0,0,148,66,214,6,49,199,80,334,134,68,202,536
03/11/2000,PHF,VA,AEA,EN,Towers with Display (VFR),5,27,25,7,64,3,0,36,33,72,8,27,61,40,136,62,32,94,230
03/12/2000,PHF,VA,AEA,EN,Towers with Display (VFR),5,29,25,7,66,1,9,40,6,56,6,38,65,13,122,18,14,32,154
03/13/2000,PHF,VA,AEA,EN,Towers with Display (VFR),7,45,40,10,102,0,5,110,13,128,7,50,150,23,230,232,150,382,612
03/14/2000,PHF,VA,AEA,EN,Towers with Display (VFR),7,39,34,9,89,2,8,4,8,22,9,47,38,17,111,96,70,166,277
03/15/2000,PHF,VA,AEA,EN,Towers with Display (VFR),8,52,47,13,120,0,0,218,22,240,8,52,265,35,360,346,78,424,784
03/16/2000,PHF,VA,AEA,EN,Towers with Display (VFR),7,41,40,12,100,0,0,148,22,170,7,41,188,34,270,222,100,322,592
03/17/2000,PHF,VA,AEA,EN,Towers with Display (VFR),8,51,45,13,117,0,0,52,21,73,8,51,97,34,190,184,195,379,569
03/18/2000,PHF,VA,AEA,EN,Towers with Display (VFR),7,46,46,13,112,0,0,160,6,166,7,46,206,19,278,174,98,272,550
03/19/2000,PHF,VA,AEA,EN,Towers with Display (VFR),5,33,28,0,66,0,7,3,0,10,5,40,31,0,76,132,2,134,210
03/20/2000,PHF,VA,AEA,EN,Towers with Display (VFR),6,40,34,10,90,2,7,88,21,118,8,47,122,31,208,108,8,116,324
03/21/2000,PHF,VA,AEA,EN,Towers with Display (VFR),6,43,35,11,95,2,0,9,7,18,8,43,44,18,113,0,0,0,113
03/22/2000,PHF,VA,AEA,EN,Towers with Display (VFR),8,53,51,15,127,0,0,24,5,29,8,53,75,20,156,0,0,0,156
03/23/2000,PHF,VA,AEA,EN,Towers with Display (VFR),8,63,58,17,146,0,0,111,150,261,8,63,169,167,407,216,116,332,739
03/24/2000,PHF,VA,AEA,EN,Towers with Display (VFR),8,51,54,16,129,0,0,393,201,594,8,51,447,217,723,260,116,376,1099
03/25/2000,PHF,VA,AEA,EN,Towers with Display (VFR),5,33,28,8,74,4,2,89,16,111,9,35,117,24,185,144,0,144,329
03/26/2000,PHF,VA,AEA,EN,Towers with Display (VFR),6,40,33,9,88,2,2,95,2,101,8,42,128,11,189,128,10,138,327
03/27/2000,PHF,VA,AEA,EN,Towers with Display (VFR),5,37,32,9,83,3,9,58,235,305,8,46,90,244,388,46,192,238,626
03/28/2000,PHF,VA,AEA,EN,Towers with Display (VFR),7,51,44,12,114,0,5,66,60,131,7,56,110,72,245,128,50,178,423
03/29/2000,PHF,VA,AEA,EN,Towers with Display (VFR),7,56,47,13,123,0,0,150,20,170,7,56,197,33,293,186,12,198,491
03/30/2000,PHF,VA,AEA,EN,Towers with Display (VFR),7,50,45,12,114,0,0,171,49,220,7,50,216,61,334,246,60,306,640
03/31/2000,PHF,VA,AEA,EN,Towers with Display (VFR),7,41,44,12,104,1,0,193,53,247,8,41,237,65,351,340,56,396,747
04/01/2000,PHF,VA,AEA,EN,Towers with Display (VFR),7,40,36,9,92,0,0,245,5,250,7,40,281,14,342,406,48,454,796
04/02/2000,PHF,VA,AEA,EN,Towers with Display (VFR),7,40,31,8,86,0,9,89,8,106,7,49,120,16,192,338,36,374,566
04/03/2000,PHF,VA,AEA,EN,Towers with Display (VFR),7,41,29,9,86,2,11,0,5,18,9,52,29,14,104,106,6,112,216
04/04/2000,PHF,VA,AEA,EN,Towers with Display (VFR),4,45,36,9,94,0,12,48,65,125,4,57,84,74,219,96,38,134,353
04/05/2000,PHF,VA,AEA,EN,Towers with Display (VFR),8,51,41,10,110,0,12,195,45,252,8,63,236,55,362,340,100,440,802
04/06/2000,PHF,VA,AEA,EN,Towers with Display (VFR),7,55,45,12,119,0,0,88,87,175,7,55,133,99,294,38,142,180,474
04/07/2000,PHF,VA,AEA,EN,Towers with Display (VFR),7,54,45,12,118,0,0,171,31,202,7,54,216,43,320,352,86,438,758
04/08/2000,PHF,VA,AEA,EN,Towers with Display (VFR),5,29,23,0,57,2,4,46,0,52,7,33,69,0,109,23,0,23,132
04/09/2000,PHF,VA,AEA,EN,Towers with Display (VFR),5,31,25,1,62,2,10,0,0,12,7,41,25,1,74,0,12,12,86
04/10/2000,PHF,VA,AEA,EN,Towers with Display (VFR),7,51,42,11,111,0,0,152,21,173,7,51,194,32,284,178,10,188,472
04/11/2000,PHF,VA,AEA,EN,Towers with Display (VFR),7,50,40,10,107,0,10,219,43,272,7,60,259,53,379,288,90,378,757
04/12/2000,PHF,VA,AEA,EN,Towers with Display (VFR),7,62,49,13,131,0,0,123,52,175,7,62,172,65,306,180,146,326,632
04/13/2000,PHF,VA,AEA,EN,Towers with Display (VFR),8,58,45,12,123,0,0,284,154,438,8,58,329,166,561,174,104,278,839
04/14/2000,PHF,VA,AEA,EN,Towers with Display (VFR),7,42,46,12,107,0,0,74,53,127,7,42,120,65,234,126,6,132,366
04/15/2000,PHF,VA,AEA,EN,Towers with Display (VFR),5,31,25,2,63,2,1,11,0,14,7,32,36,2,77,0,0,0,77
04/16/2000,PHF,VA,AEA,EN,Towers with Display (VFR),6,36,30,4,76,3,0,59,0,62,9,36,89,4,138,134,26,160,298
04/17/2000,PHF,VA,AEA,EN,Towers with Display (VFR),6,41,29,9,85,1,13,0,0,14,7,54,29,9,99,86,0,86,185
04/18/2000,PHF,VA,AEA,EN,Towers with Display (VFR),7,49,38,11,105,1,3,0,0,4,8,52,38,11,109,0,0,0,109
04/19/2000,PHF,VA,AEA,EN,Towers with Display (VFR),7,56,43,12,118,0,7,78,29,114,7,63,121,41,232,108,110,218,450
04/20/2000,PHF,VA,AEA,EN,Towers with Display (VFR),8,47,51,15,121,0,0,217,91,308,8,47,268,106,429,336,266,602,1031
04/21/2000,PHF,VA,AEA,EN,Towers with Display (VFR),6,44,34,10,94,4,4,147,25,180,10,48,181,35,274,292,134,426,700
04/22/2000,PHF,VA,AEA,EN,Towers with Display (VFR),4,32,24,8,68,1,2,66,0,69,5,34,90,8,137,234,0,234,371
04/23/2000,PHF,VA,AEA,EN,Towers with Display (VFR),5,38,29,4,76,4,4,58,0,66,9,42,87,4,142,138,0,138,280
04/24/2000,PHF,VA,AEA,EN,Towers with Display (VFR),5,59,45,12,121,0,1,186,26,213,5,60,231,38,334,372,135,507,841
04/25/2000,PHF,VA,AEA,EN,Towers with Display (VFR),8,43,44,11,106,1,0,34,33,68,9,43,78,44,174,22,10,32,206
04/26/2000,PHF,VA,AEA,EN,Towers with Display (VFR),7,48,39,10,104,3,0,178,32,213,10,48,217,42,317,358,54,412,729
04/27/2000,PHF,VA,AEA,EN,Towers with Display (VFR),9,57,57,15,138,0,0,139,69,208,9,57,196,84,346,58,98,156,502
04/28/2000,PHF,VA,AEA,EN,Towers with Display (VFR),7,46,36,9,98,1,1,104,30,136,8,47,140,39,234,212,156,368,602
04/29/2000,PHF,VA,AEA,EN,Towers with Display (VFR),5,34,26,7,72,3,0,127,1,131,8,34,153,8,203,362,0,362,565
04/30/2000,PHF,VA,AEA,EN,Towers with Display (VFR),7,44,37,3,91,1,0,235,0,236,8,44,272,3,327,378,0,378,705
05/01/2000,PHF,VA,AEA,EN,Towers with Display (VFR),7,42,35,12,96,1,12,138,11,162,8,54,173,23,258,322,221,543,801
05/02/2000,PHF,VA,AEA,EN,Towers with Display (VFR),7,59,51,18,135,0,0,309,74,383,7,59,360,92,518,338,288,626,1144
05/03/2000,PHF,VA,AEA,EN,Towers with Display (VFR),8,53,48,16,125,0,0,189,29,218,8,53,237,45,343,330,224,554,897
05/04/2000,PHF,VA,AEA,EN,Towers with Display (VFR),8,62,51,17,138,0,6,285,94,385,8,68,336,111,523,380,172,552,1075
05/05/2000,PHF,VA,AEA,EN,Towers with Display (VFR),8,58,56,20,142,0,0,130,72,202,8,58,186,92,344,66,92,158,502
05/06/2000,PHF,VA,AEA,EN,Towers with Display (VFR),6,37,31,11,85,2,1,198,20,221,8,38,229,31,306,364,36,400,706
05/07/2000,PHF,VA,AEA,EN,Towers with Display (VFR),7,52,44,8,111,0,5,235,0,240,7,57,279,8,351,322,0,322,673
05/08/2000,PHF,VA,AEA,EN,Towers with Display (VFR),7,44,47,16,114,0,0,274,56,330,7,44,321,72,444,382,116,498,942
05/09/2000,PHF,VA,AEA,EN,Towers with Display (VFR),8,49,41,14,112,0,7,101,45,153,8,56,142,59,265,242,82,324,589
05/10/2000,PHF,VA,AEA,EN,Towers with Display (VFR),8,43,45,15,111,1,0,188,58,247,9,43,233,73,358,182,110,292,650
05/11/2000,PHF,VA,AEA,EN,Towers with Display (VFR),8,49,43,15,115,0,0,218,39,257,8,49,261,54,372,238,182,420,792
05/12/2000,PHF,VA,AEA,EN,Towers with Display (VFR),6,49,41,14,110,0,4,168,29,201,6,53,209,43,311,284,152,436,747
05/13/2000,PHF,VA,AEA,EN,Towers with Display (VFR),6,34,32,0,72,2,0,147,0,149,8,34,179,0,221,190,0,190,411
05/14/2000,PHF,VA,AEA,EN,Towers with Display (VFR),7,41,34,1,83,2,17,150,0,169,9,58,184,1,252,204,0,204,456
05/15/2000,PHF,VA,AEA,EN,Towers with Display (VFR),7,60,59,21,147,0,0,170,128,298,7,60,229,149,445,280,202,482,927
05/16/2000,PHF,VA,AEA,EN,Towers with Display (VFR),7,66,53,19,145,0,0,428,223,651,7,66,481,242,796,302,154,456,1252
05/17/2000,PHF,VA,AEA,EN,Towers with Display (VFR),7,58,49,19,133,0,0,170,82,252,7,58,219,101,385,270,180,450,835
05/18/2000,PHF,VA,AEA,EN,Towers with Display (VFR),8,57,52,19,136,0,0,349,365,714,8,57,401,384,850,242,248,490,1340
05/19/2000,PHF,VA,AEA,EN,Towers with Display (VFR),7,55,44,16,122,0,4,121,29,154,7,59,165,45,276,220,124,344,620
05/20/2000,PHF,VA,AEA,EN,Towers with Display (VFR),5,38,30,0,73,2,4,11,0,17,7,42,41,0,90,0,0,0,90
05/21/2000,PHF,VA,AEA,EN,Towers with Display (VFR),5,37,30,2,74,1,0,21,0,22,6,37,51,2,96,0,2,2,98
05/22/2000,PHF,VA,AEA,EN,Towers with Display (VFR),5,40,33,12,90,3,0,43,24,70,8,40,76,36,160,4,6,10,170
05/23/2000,PHF,VA,AEA,EN,Towers with Display (VFR),6,46,37,14,103,1,12,7,17,37,7,58,44,31,140,72,96,168,308
05/24/2000,PHF,VA,AEA,EN,Towers with Display (VFR),9,63,53,19,144,1,0,248,67,316,10,63,301,86,460,228,158,386,846
05/25/2000,PHF,VA,AEA,EN,Towers with Display (VFR),5,52,43,16,116,0,0,211,46,257,5,52,254,62,373,326,126,452,825
05/26/2000,PHF,VA,AEA,EN,Towers with Display (VFR),5,50,55,20,130,0,0,301,14,315,5,50,356,34,445,428,112,540,985
05/27/2000,PHF,VA,AEA,EN,Towers with Display (VFR),4,31,26,7,68,5,5,102,0,112,9,36,128,7,180,182,0,182,362
05/28/2000,PHF,VA,AEA,EN,Towers with Display (VFR),3,26,22,6,57,2,8,151,0,161,5,34,173,6,218,128,0,128,346
05/29/2000,PHF,VA,AEA,EN,Towers with Display (VFR),3,24,6,2,35,6,15,0,0,21,9,39,6,2,56,0,0,0,56
05/30/2000,PHF,VA,AEA,EN,Towers with Display (VFR),7,56,46,16,125,0,14,45,83,142,7,70,91,99,267,56,150,206,473
05/31/2000,PHF,VA,AEA,EN,Towers with Display (VFR),7,59,49,16,131,0,3,145,31,179,7,62,194,47,310,266,124,390,700
06/01/2000,PHF,VA,AEA,EN,Towers with Display (VFR),7,56,46,14,123,0,4,109,51,164,7,60,155,65,287,22,34,56,343
06/02/2000,PHF,VA,AEA,EN,Towers with Display (VFR),7,54,45,13,119,0,3,178,68,249,7,57,223,81,368,190,66,256,624
06/03/2000,PHF,VA,AEA,EN,Towers with Display (VFR),5,35,29,8,77,1,0,136,36,173,6,35,165,44,250,210,44,254,504
06/04/2000,PHF,VA,AEA,EN,Towers with Display (VFR),5,34,28,9,76,3,2,120,7,132,8,36,148,16,208,104,4,108,316
06/05/2000,PHF,VA,AEA,EN,Towers with Display (VFR),7,50,43,11,111,0,0,30,0,30,7,50,73,11,141,8,0,8,149
06/06/2000,PHF,VA,AEA,EN,Towers with Display (VFR),6,57,47,14,124,0,8,33,4,45,6,65,80,18,169,12,6,18,187
06/07/2000,PHF,VA,AEA,EN,Towers with Display (VFR),6,67,55,16,144,0,3,375,271,649,6,70,430,287,793,244,188,432,1225
06/08/2000,PHF,VA,AEA,EN,Towers with Display (VFR),8,72,59,18,157,0,12,182,98,292,8,84,241,116,449,318,208,526,975
06/09/2000,PHF,VA,AEA,EN,Towers with Display (VFR),7,67,55,17,146,0,1,454,305,760,7,68,509,322,906,250,200,450,1356
06/10/2000,PHF,VA,AEA,EN,Towers with Display (VFR),5,32,26,8,71,2,1,271,10,284,7,33,297,18,355,310,38,348,703
06/11/2000,PHF,VA,AEA,EN,Towers with Display (VFR),7,46,43,13,109,0,0,99,5,104,7,46,142,18,213,40,2,42,255
06/12/2000,PHF,VA,AEA,EN,Towers with Display (VFR),7,60,49,15,131,0,0,208,69,277,7,60,257,84,408,391,178,569,977
06/13/2000,PHF,VA,AEA,EN,Towers with Display (VFR),7,52,45,14,118,0,0,54,24,78,7,52,99,38,196,30,6,36,232
06/14/2000,PHF,VA,AEA,EN,Towers with Display (VFR),7,46,38,11,102,2,0,43,31,76,9,46,81,42,178,163,94,257,435
06/15/2000,PHF,VA,AEA,EN,Towers with Display (VFR),6,65,52,16,139,0,16,177,125,318,6,81,229,141,457,350,254,604,1061
06/16/2000,PHF,VA,AEA,EN,Towers with Display (VFR),6,70,57,18,151,0,0,161,104,265,6,70,218,122,416,312,196,508,924
06/17/2000,PHF,VA,AEA,EN,Towers with Display (VFR),5,30,28,9,72,4,0,139,47,190,9,30,167,56,262,232,66,298,560
06/18/2000,PHF,VA,AEA,EN,Towers with Display (VFR),6,43,34,11,94,1,0,143,3,147,7,43,177,14,241,166,92,258,499
06/19/2000,PHF,VA,AEA,EN,Towers with Display (VFR),5,44,34,11,94,0,2,104,35,141,5,46,138,46,235,142,130,272,507
06/20/2000,PHF,VA,AEA,EN,Towers with Display (VFR),7,57,45,14,123,3,3,186,55,247,10,60,231,69,370,466,342,808,1178
06/21/2000,PHF,VA,AEA,EN,Towers with Display (VFR),6,62,49,16,133,0,9,199,56,264,6,71,248,72,397,319,86,405,802
06/22/2000,PHF,VA,AEA,EN,Towers with Display (VFR),6,50,39,14,109,2,10,117,30,159,8,60,156,44,268,174,24,198,466
06/23/2000,PHF,VA,AEA,EN,Towers with Display (VFR),7,57,45,14,123,1,14,131,19,165,8,71,176,33,288,218,50,268,556
06/24/2000,PHF,VA,AEA,EN,Towers with Display (VFR),5,37,28,0,70,2,6,122,0,130,7,43,150,0,200,249,0,249,449
06/25/2000,PHF,VA,AEA,EN,Towers with Display (VFR),5,37,28,9,79,2,1,123,0,126,7,38,151,9,205,299,22,321,526
06/26/2000,PHF,VA,AEA,EN,Towers with Display (VFR),7,55,43,14,119,4,2,282,85,373,11,57,325,99,492,446,312,758,1250
06/27/2000,PHF,VA,AEA,EN,Towers with Display (VFR),6,36,40,12,94,0,0,254,114,368,6,36,294,126,462,359,240,599,1061
06/28/2000,PHF,VA,AEA,EN,Towers with Display (VFR),4,6,25,7,42,8,0,87,18,113,12,6,112,25,155,60,4,64,219
06/29/2000,PHF,VA,AEA,EN,Towers with Display (VFR),4,51,41,12,108,0,3,205,77,285,4,54,246,89,393,236,96,332,725
06/30/2000,PHF,VA,AEA,EN,Towers with Display (VFR),8,48,52,16,124,0,0,251,645,896,8,48,303,661,1020,282,162,444,1464
07/01/2000,PHF,VA,AEA,EN,Towers with Display (VFR),5,30,23,7,65,2,0,140,1,143,7,30,163,8,208,338,46,384,592
07/02/2000,PHF,VA,AEA,EN,Towers with Display (VFR),7,38,31,0,76,0,0,241,0,241,7,38,272,0,317,426,0,426,743
07/03/2000,PHF,VA,AEA,EN,Towers with Display (VFR),6,33,29,9,77,1,0,291,63,355,7,33,320,72,432,398,20,418,850
07/04/2000,PHF,VA,AEA,EN,Towers with Display (VFR),5,29,21,0,55,2,3,293,0,298,7,32,314,0,353,406,4,410,763
07/05/2000,PHF,VA,AEA,EN,Towers with Display (VFR),7,47,44,14,112,0,0,82,90,172,7,47,126,104,284,288,178,466,750
07/06/2000,PHF,VA,AEA,EN,Towers with Display (VFR),9,48,41,13,111,0,0,205,76,281,9,48,246,89,392,406,164,570,962
07/07/2000,PHF,VA,AEA,EN,Towers with Display (VFR),8,51,45,15,119,0,0,205,82,287,8,51,250,97,406,352,296,648,1054
07/08/2000,PHF,VA,AEA,EN,Towers with Display (VFR),6,36,29,10,81,1,0,213,9,223,7,36,242,19,304,368,72,440,744
07/09/2000,PHF,VA,AEA,EN,Towers with Display (VFR),6,40,30,10,86,0,0,154,12,166,6,40,184,22,252,298,0,298,550
07/10/2000,PHF,VA,AEA,EN,Towers with Display (VFR),5,57,41,13,116,0,3,219,55,277,5,60,260,68,393,352,256,608,1001
07/11/2000,PHF,VA,AEA,EN,Towers with Display (VFR),7,57,45,14,123,0,0,88,47,135,7,57,133,61,258,146,40,186,444
07/12/2000,PHF,VA,AEA,EN,Towers with Display (VFR),9,74,61,19,163,0,0,178,83,261,9,74,239,102,424,306,208,514,938
07/13/2000,PHF,VA,AEA,EN,Towers with Display (VFR),9,81,58,19,167,0,4,201,82,287,9,85,259,101,454,296,228,524,978
07/14/2000,PHF,VA,AEA,EN,Towers with Display (VFR),9,72,51,16,148,0,0,231,80,311,9,72,282,96,459,384,254,638,1097
07/15/2000,PHF,VA,AEA,EN,Towers with Display (VFR),5,32,25,9,71,2,0,91,1,94,7,32,116,10,165,172,42,214,379
07/16/2000,PHF,VA,AEA,EN,Towers with Display (VFR),5,40,27,10,82,4,2,370,33,409,9,42,397,43,491,288,32,320,811
07/17/2000,PHF,VA,AEA,EN,Towers with Display (VFR),7,58,39,14,118,0,6,112,24,142,7,64,151,38,260,148,32,180,440
07/18/2000,PHF,VA,AEA,EN,Towers with Display (VFR),7,56,39,14,116,0,0,446,359,805,7,56,485,373,921,240,278,518,1439
07/19/2000,PHF,VA,AEA,EN,Towers with Display (VFR),7,59,41,14,121,0,18,154,34,206,7,77,195,48,327,170,114,284,611
07/20/2000,PHF,VA,AEA,EN,Towers with Display (VFR),7,76,53,18,154,0,0,213,46,259,7,76,266,64,413,328,224,552,965
07/21/2000,PHF,VA,AEA,EN,Towers with Display (VFR),7,77,53,18,155,0,9,227,54,290,7,86,280,72,445,238,64,302,747
07/22/2000,PHF,VA,AEA,EN,Towers with Display (VFR),4,31,20,8,63,3,9,164,2,178,7,40,184,10,241,254,2,256,497
07/23/2000,PHF,VA,AEA,EN,Towers with Display (VFR),5,37,24,9,75,2,4,206,10,222,7,41,230,19,297,262,0,262,559
07/24/2000,PHF,VA,AEA,EN,Towers with Display (VFR),5,41,28,10,84,2,8,2,0,12,7,49,30,10,96,10,18,28,124
07/25/2000,PHF,VA,AEA,EN,Towers with Display (VFR),7,53,38,8,106,0,14,10,0,24,7,67,48,8,130,20,36,56,186
07/26/2000,PHF,VA,AEA,EN,Towers with Display (VFR),6,48,34,10,98,1,9,132,22,164,7,57,166,32,262,192,2,194,456
07/27/2000,PHF,VA,AEA,EN,Towers with Display (VFR),7,58,46,15,126,0,0,202,93,295,7,58,248,108,421,202,142,344,765
07/28/2000,PHF,VA,AEA,EN,Towers with Display (VFR),6,48,34,11,99,1,2,6,0,9,7,50,40,11,108,0,10,10,118
07/29/2000,PHF,VA,AEA,EN,Towers with Display (VFR),5,37,26,8,76,2,10,160,2,174,7,47,186,10,250,242,18,260,510
07/30/2000,PHF,VA,AEA,EN,Towers with Display (VFR),4,34,24,7,69,3,2,161,14,180,7,36,185,21,249,220,70,290,539
07/31/2000,PHF,VA,AEA,EN,Towers with Display (VFR),7,53,36,12,108,2,8,121,25,156,9,61,157,37,264,112,64,176,440
08/01/2000,PHF,VA,AEA,EN,Towers with Display (VFR),5,54,41,19,119,0,0,86,31,117,5,54,127,50,236,122,75,197,433
08/02/2000,PHF,VA,AEA,EN,Towers with Display (VFR),8,52,39,17,116,1,9,401,201,612,9,61,440,218,728,316,176,492,1220
08/03/2000,PHF,VA,AEA,EN,Towers with Display (VFR),7,50,38,17,112,0,7,112,57,176,7,57,150,74,288,194,180,374,662
08/04/2000,PHF,VA,AEA,EN,Towers with Display (VFR),5,43,32,14,94,0,0,44,50,94,5,43,76,64,188,14,38,52,240
08/05/2000,PHF,VA,AEA,EN,Towers with Display (VFR),6,37,30,13,86,3,0,101,7,111,9,37,131,20,197,182,114,296,493
08/06/2000,PHF,VA,AEA,EN,Towers with Display (VFR),6,34,27,11,78,1,1,372,88,462,7,35,399,99,540,262,88,350,890
08/07/2000,PHF,VA,AEA,EN,Towers with Display (VFR),5,47,36,15,103,0,7,77,32,116,5,54,113,47,219,231,48,279,498
08/08/2000,PHF,VA,AEA,EN,Towers with Display (VFR),8,52,40,18,118,1,3,9,2,15,9,55,49,20,133,258,154,412,545
08/09/2000,PHF,VA,AEA,EN,Towers with Display (VFR),7,52,40,17,116,0,3,7,7,17,7,55,47,24,133,232,68,300,433
08/10/2000,PHF,VA,AEA,EN,Towers with Display (VFR),7,48,39,17,111,0,0,129,39,168,7,48,168,56,279,230,68,298,577
08/11/2000,PHF,VA,AEA,EN,Towers with Display (VFR),11,67,58,25,161,0,0,94,52,146,11,67,152,77,307,296,230,526,833
08/12/2000,PHF,VA,AEA,EN,Towers with Display (VFR),6,37,29,12,84,2,7,115,0,124,8,44,144,12,208,276,14,290,498
08/13/2000,PHF,VA,AEA,EN,Towers with Display (VFR),6,36,28,12,82,0,8,76,0,84,6,44,104,12,166,356,14,370,536
08/14/2000,PHF,VA,AEA,EN,Towers with Display (VFR),7,57,44,19,127,0,8,87,34,129,7,65,131,53,256,190,68,258,514
08/15/2000,PHF,VA,AEA,EN,Towers with Display (VFR),7,58,46,20,131,0,0,246,115,361,7,58,292,135,492,402,330,732,1224
08/16/2000,PHF,VA,AEA,EN,Towers with Display (VFR),5,62,46,21,134,0,0,200,60,260,5,62,246,81,394,302,86,388,782
08/17/2000,PHF,VA,AEA,EN,Towers with Display (VFR),9,62,57,26,154,0,0,199,86,285,9,62,256,112,439,112,46,158,597
08/18/2000,PHF,VA,AEA,EN,Towers with Display (VFR),6,47,34,16,103,4,2,66,19,91,10,49,100,35,194,112,58,170,364
08/19/2000,PHF,VA,AEA,EN,Towers with Display (VFR),5,36,26,12,79,2,0,265,57,324,7,36,291,69,403,428,244,672,1075
08/20/2000,PHF,VA,AEA,EN,Towers with Display (VFR),6,42,34,17,99,1,0,125,14,140,7,42,159,31,239,118,60,178,417
08/21/2000,PHF,VA,AEA,EN,Towers with Display (VFR),9,62,50,23,144,1,0,236,68,305,10,62,286,91,449,406,312,718,1167
08/22/2000,PHF,VA,AEA,EN,Towers with Display (VFR),7,52,40,19,118,1,0,251,98,350,8,52,291,117,468,350,174,524,992
08/23/2000,PHF,VA,AEA,EN,Towers with Display (VFR),7,54,46,21,128,0,0,249,165,414,7,54,295,186,542,288,188,476,1018
08/24/2000,PHF,VA,AEA,EN,Towers with Display (VFR),5,47,37,18,107,0,0,40,201,241,5,47,77,219,348,204,102,306,654
08/25/2000,PHF,VA,AEA,EN,Towers with Display (VFR),7,46,39,18,110,0,0,85,43,128,7,46,124,61,238,58,22,80,318
08/26/2000,PHF,VA,AEA,EN,Towers with Display (VFR),5,32,28,13,78,2,0,353,15,370,7,32,381,28,448,206,7,213,661
08/27/2000,PHF,VA,AEA,EN,Towers with Display (VFR),3,28,20,9,60,3,4,125,0,132,6,32,145,9,192,208,0,208,400
08/28/2000,PHF,VA,AEA,EN,Towers with Display (VFR),8,51,41,19,119,0,0,183,52,235,8,51,224,71,354,288,114,402,756
08/29/2000,PHF,VA,AEA,EN,Towers with Display (VFR),6,47,34,17,104,1,3,174,41,219,7,50,208,58,323,300,118,418,741
08/30/2000,PHF,VA,AEA,EN,Towers with Display (VFR),7,50,38,11,106,0,16,14,0,30,7,66,52,11,136,16,16,32,168
08/31/2000,PHF,VA,AEA,EN,Towers with Display (VFR),6,50,37,16,109,0,13,80,2,95,6,63,117,18,204,140,0,140,344
09/01/2000,PHF,VA,AEA,EN,Towers with Display (VFR),7,48,34,9,98,2,7,81,22,112,9,55,115,31,210,96,20,116,326
09/02/2000,PHF,VA,AEA,EN,Towers with Display (VFR),4,23,17,0,44,3,5,0,0,8,7,28,17,0,52,212,0,212,264
09/03/2000,PHF,VA,AEA,EN,Towers with Display (VFR),4,26,19,0,49,5,10,29,0,44,9,36,48,0,93,0,0,0,93
09/04/2000,PHF,VA,AEA,EN,Towers with Display (VFR),5,29,21,4,59,2,4,59,0,65,7,33,80,4,124,0,0,0,124
09/05/2000,PHF,VA,AEA,EN,Towers with Display (VFR),6,43,31,0,80,1,9,24,0,34,7,52,55,0,114,6,0,6,120
09/06/2000,PHF,VA,AEA,EN,Towers with Display (VFR),6,56,50,13,125,0,0,217,143,360,6,56,267,156,485,106,74,180,665
09/07/2000,PHF,VA,AEA,EN,Towers with Display (VFR),7,51,41,10,109,0,0,164,84,248,7,51,205,94,357,312,166,478,835
09/08/2000,PHF,VA,AEA,EN,Towers with Display (VFR),8,47,49,13,117,0,0,422,307,729,8,47,471,320,846,234,210,444,1290
09/09/2000,PHF,VA,AEA,EN,Towers with Display (VFR),5,31,26,0,62,2,0,136,0,138,7,31,162,0,200,142,0,142,342
09/10/2000,PHF,VA,AEA,EN,Towers with Display (VFR),7,44,32,8,91,0,0,323,1,324,7,44,355,9,415,144,0,144,559
09/11/2000,PHF,VA,AEA,EN,Towers with Display (VFR),8,55,40,11,114,1,1,154,20,176,9,56,194,31,290,220,14,234,524
09/12/2000,PHF,VA,AEA,EN,Towers with Display (VFR),7,61,45,12,125,0,0,127,63,190,7,61,172,75,315,300,218,518,833
09/13/2000,PHF,VA,AEA,EN,Towers with Display (VFR),7,63,61,16,147,0,0,170,44,214,7,63,231,60,361,274,228,502,863
09/14/2000,PHF,VA,AEA,EN,Towers with Display (VFR),7,56,41,11,115,0,10,178,47,235,7,66,219,58,350,272,96,368,718
09/15/2000,PHF,VA,AEA,EN,Towers with Display (VFR),7,66,47,13,133,0,3,172,62,237,7,69,219,75,370,338,96,434,804
09/16/2000,PHF,VA,AEA,EN,Towers with Display (VFR),4,33,24,7,68,2,3,219,0,224,6,36,243,7,292,266,0,266,558
09/17/2000,PHF,VA,AEA,EN,Towers with Display (VFR),6,38,31,0,75,1,0,119,0,120,7,38,150,0,195,158,0,158,353
09/18/2000,PHF,VA,AEA,EN,Towers with Display (VFR),7,56,42,12,117,0,0,106,18,124,7,56,148,30,241,26,32,58,299
09/19/2000,PHF,VA,AEA,EN,Towers with Display (VFR),6,47,32,9,94,1,1,42,30,74,7,48,74,39,168,18,18,36,204
09/20/2000,PHF,VA,AEA,EN,Towers with Display (VFR),8,73,51,14,146,0,1,148,32,181,8,74,199,46,327,180,62,242,569
09/21/2000,PHF,VA,AEA,EN,Towers with Display (VFR),6,72,50,14,142,0,7,91,13,111,6,79,141,27,253,60,0,60,313
09/22/2000,PHF,VA,AEA,EN,Towers with Display (VFR),8,57,48,13,126,0,0,173,41,214,8,57,221,54,340,184,156,340,680
09/23/2000,PHF,VA,AEA,EN,Towers with Display (VFR),5,37,26,0,68,3,5,4,0,12,8,42,30,0,80,10,0,10,90
09/24/2000,PHF,VA,AEA,EN,Towers with Display (VFR),5,40,28,8,81,2,13,30,0,45,7,53,58,8,126,96,0,96,222
09/25/2000,PHF,VA,AEA,EN,Towers with Display (VFR),6,49,21,10,86,1,6,0,24,31,7,55,21,34,117,2,10,12,129
09/26/2000,PHF,VA,AEA,EN,Towers with Display (VFR),7,62,42,12,123,0,16,0,26,42,7,78,42,38,165,2,10,12,177
09/27/2000,PHF,VA,AEA,EN,Towers with Display (VFR),7,66,47,12,132,0,4,231,39,274,7,70,278,51,406,128,0,128,534
09/28/2000,PHF,VA,AEA,EN,Towers with Display (VFR),9,65,54,14,142,0,0,217,69,286,9,65,271,83,428,270,124,394,822
09/29/2000,PHF,VA,AEA,EN,Towers with Display (VFR),8,62,44,11,125,0,10,266,175,451,8,72,310,186,576,174,132,306,882
09/30/2000,PHF,VA,AEA,EN,Towers with Display (VFR),5,38,27,7,77,2,3,142,40,187,7,41,169,47,264,328,150,478,742
10/01/2000,PHF,VA,AEA,EN,Towers with Display (VFR),6,39,33,0,78,1,0,136,0,137,7,39,169,0,215,80,0,80,295
10/02/2000,PHF,VA,AEA,EN,Towers with Display (VFR),7,52,45,12,116,0,0,178,27,205,7,52,223,39,321,334,220,554,875
10/03/2000,PHF,VA,AEA,EN,Towers with Display (VFR),6,75,62,16,159,0,0,264,72,336,6,75,326,88,495,362,144,506,1001
10/04/2000,PHF,VA,AEA,EN,Towers with Display (VFR),6,61,52,14,133,0,0,202,66,268,6,61,254,80,401,312,182,494,895
10/05/2000,PHF,VA,AEA,EN,Towers with Display (VFR),8,70,57,15,150,0,0,265,87,352,8,70,322,102,502,296,304,600,1102
10/06/2000,PHF,VA,AEA,EN,Towers with Display (VFR),10,68,56,15,149,0,0,275,73,348,10,68,331,88,497,350,130,480,977
10/07/2000,PHF,VA,AEA,EN,Towers with Display (VFR),5,34,28,7,74,2,8,65,3,78,7,42,93,10,152,112,0,112,264
10/08/2000,PHF,VA,AEA,EN,Towers with Display (VFR),6,47,39,0,92,0,10,115,0,125,6,57,154,0,217,170,0,170,387
10/09/2000,PHF,VA,AEA,EN,Towers with Display (VFR),6,43,35,1,85,2,2,105,0,109,8,45,140,1,194,145,0,145,339
10/10/2000,PHF,VA,AEA,EN,Towers with Display (VFR),7,54,44,11,116,0,12,222,67,301,7,66,266,78,417,426,124,550,967
10/11/2000,PHF,VA,AEA,EN,Towers with Display (VFR),7,51,40,11,109,0,7,210,48,265,7,58,250,59,374,246,112,358,732
10/12/2000,PHF,VA,AEA,EN,Towers with Display (VFR),7,59,53,14,133,0,0,236,119,355,7,59,289,133,488,346,238,584,1072
10/13/2000,PHF,VA,AEA,EN,Towers with Display (VFR),8,58,47,12,125,1,5,185,53,244,9,63,232,65,369,270,204,474,843
10/14/2000,PHF,VA,AEA,EN,Towers with Display (VFR),6,36,29,8,79,1,0,195,6,202,7,36,224,14,281,270,14,284,565
10/15/2000,PHF,VA,AEA,EN,Towers with Display (VFR),7,45,36,9,97,0,0,139,15,154,7,45,175,24,251,268,40,308,559
10/16/2000,PHF,VA,AEA,EN,Towers with Display (VFR),9,56,48,13,126,8,0,215,57,280,17,56,263,70,406,362,124,486,892
10/17/2000,PHF,VA,AEA,EN,Towers with Display (VFR),7,54,42,12,115,4,3,163,32,202,11,57,205,44,317,196,70,266,583
10/18/2000,PHF,VA,AEA,EN,Towers with Display (VFR),7,58,45,13,123,0,4,193,27,224,7,62,238,40,347,176,64,240,587
10/19/2000,PHF,VA,AEA,EN,Towers with Display (VFR),7,56,62,18,143,0,0,270,133,403,7,56,332,151,546,298,232,530,1076
10/20/2000,PHF,VA,AEA,EN,Towers with Display (VFR),9,57,57,17,140,0,0,794,378,1172,9,57,851,395,1312,358,260,618,1930
10/21/2000,PHF,VA,AEA,EN,Towers with Display (VFR),5,39,29,9,82,2,10,286,67,365,7,49,315,76,447,160,36,196,643
10/22/2000,PHF,VA,AEA,EN,Towers with Display (VFR),6,48,37,11,102,1,0,108,22,131,7,48,145,33,233,138,42,180,413
10/23/2000,PHF,VA,AEA,EN,Towers with Display (VFR),7,62,49,14,132,0,16,103,25,144,7,78,152,39,276,164,70,234,510
10/24/2000,PHF,VA,AEA,EN,Towers with Display (VFR),7,73,58,17,155,0,0,145,57,202,7,73,203,74,357,142,160,302,659
10/25/2000,PHF,VA,AEA,EN,Towers with Display (VFR),7,74,59,17,157,0,0,175,63,238,7,74,234,80,395,338,120,458,853
10/26/2000,PHF,VA,AEA,EN,Towers with Display (VFR),7,56,55,16,134,0,0,159,35,194,7,56,214,51,328,330,160,490,818
10/27/2000,PHF,VA,AEA,EN,Towers with Display (VFR),7,54,44,13,118,0,0,145,39,184,7,54,189,52,302,184,58,242,544
10/28/2000,PHF,VA,AEA,EN,Towers with Display (VFR),4,35,27,4,70,3,2,132,0,137,7,37,159,4,207,80,0,80,287
10/29/2000,PHF,VA,AEA,EN,Towers with Display (VFR),4,35,27,9,75,4,6,110,5,125,8,41,137,14,200,250,100,350,550
10/30/2000,PHF,VA,AEA,EN,Towers with Display (VFR),7,50,44,11,112,0,0,116,35,151,7,50,160,46,263,206,132,338,601
10/31/2000,PHF,VA,AEA,EN,Towers with Display (VFR),6,46,36,9,97,1,6,199,80,286,7,52,235,89,383,214,50,264,647
11/01/2000,PHF,VA,AEA,EN,Towers with Display (VFR),7,56,62,22,147,0,0,140,91,231,7,56,202,113,378,156,208,364,742
11/02/2000,PHF,VA,AEA,EN,Towers with Display (VFR),7,55,47,16,125,0,10,195,58,263,7,65,242,74,388,232,130,362,750
11/03/2000,PHF,VA,AEA,EN,Towers with Display (VFR),7,48,41,15,111,0,2,261,43,306,7,50,302,58,417,396,172,568,985
11/04/2000,PHF,VA,AEA,EN,Towers with Display (VFR),8,46,41,15,110,0,0,241,10,251,8,46,282,25,361,322,0,322,683
11/05/2000,PHF,VA,AEA,EN,Towers with Display (VFR),6,39,34,6,85,0,2,111,0,113,6,41,145,6,198,138,4,142,340
11/06/2000,PHF,VA,AEA,EN,Towers with Display (VFR),8,48,44,16,116,0,0,140,35,175,8,48,184,51,291,182,188,370,661
11/07/2000,PHF,VA,AEA,EN,Towers with Display (VFR),5,55,48,16,124,0,7,81,78,166,5,62,129,94,290,296,200,496,786
11/08/2000,PHF,VA,AEA,EN,Towers with Display (VFR),10,61,52,18,141,1,8,187,74,270,11,69,239,92,411,312,175,487,898
11/09/2000,PHF,VA,AEA,EN,Towers with Display (VFR),7,49,42,15,113,0,6,188,31,225,7,55,230,46,338,138,100,238,576
11/10/2000,PHF,VA,AEA,EN,Towers with Display (VFR),8,43,37,13,101,2,10,111,3,126,10,53,148,16,227,144,88,232,459
11/11/2000,PHF,VA,AEA,EN,Towers with Display (VFR),5,27,24,8,64,2,10,192,16,220,7,37,216,24,284,258,50,308,592
11/12/2000,PHF,VA,AEA,EN,Towers with Display (VFR),8,45,39,13,105,4,2,230,18,254,12,47,269,31,359,316,18,334,693
11/13/2000,PHF,VA,AEA,EN,Towers with Display (VFR),7,37,34,12,90,0,0,132,23,155,7,37,166,35,245,152,172,324,569
11/14/2000,PHF,VA,AEA,EN,Towers with Display (VFR),5,38,33,11,87,0,17,74,5,96,5,55,107,16,183,70,60,130,313
11/15/2000,PHF,VA,AEA,EN,Towers with Display (VFR),8,57,49,18,132,0,0,168,81,249,8,57,217,99,381,302,242,544,925
11/16/2000,PHF,VA,AEA,EN,Towers with Display (VFR),7,61,52,20,140,0,0,122,78,200,7,61,174,98,340,154,154,308,648
11/17/2000,PHF,VA,AEA,EN,Towers with Display (VFR),7,42,40,15,104,0,0,141,36,177,7,42,181,51,281,228,90,318,599
11/18/2000,PHF,VA,AEA,EN,Towers with Display (VFR),6,38,30,4,78,1,7,201,0,209,7,45,231,4,287,384,0,384,671
11/19/2000,PHF,VA,AEA,EN,Towers with Display (VFR),4,26,21,8,59,3,2,97,33,135,7,28,118,41,194,140,36,176,370
11/20/2000,PHF,VA,AEA,EN,Towers with Display (VFR),6,38,31,12,87,2,4,49,11,66,8,42,80,23,153,28,0,28,181
11/21/2000,PHF,VA,AEA,EN,Towers with Display (VFR),7,42,40,16,105,0,0,103,49,152,7,42,143,65,257,56,70,126,383
11/22/2000,PHF,VA,AEA,EN,Towers with Display (VFR),7,38,50,19,114,0,0,218,25,243,7,38,268,44,357,130,210,340,697
11/23/2000,PHF,VA,AEA,EN,Towers with Display (VFR),4,27,22,2,55,6,6,23,0,35,10,33,45,2,90,90,4,94,184
11/24/2000,PHF,VA,AEA,EN,Towers with Display (VFR),4,20,22,0,46,6,0,135,0,141,10,20,157,0,187,224,0,224,411
11/25/2000,PHF,VA,AEA,EN,Towers with Display (VFR),4,26,20,0,50,3,11,0,0,14,7,37,20,0,64,0,0,0,64
11/26/2000,PHF,VA,AEA,EN,Towers with Display (VFR),6,30,33,12,81,1,0,36,4,41,7,30,69,16,122,2,42,44,166
11/27/2000,PHF,VA,AEA,EN,Towers with Display (VFR),8,43,49,17,117,0,0,170,82,252,8,43,219,99,369,204,174,378,747
11/28/2000,PHF,VA,AEA,EN,Towers with Display (VFR),7,55,47,16,125,0,1,108,49,158,7,56,155,65,283,174,172,346,629
11/29/2000,PHF,VA,AEA,EN,Towers with Display (VFR),5,61,52,19,137,0,0,200,59,259,5,61,252,78,396,242,290,532,928
11/30/2000,PHF,VA,AEA,EN,Towers with Display (VFR),8,56,47,16,127,1,1,118,244,364,9,57,165,260,491,278,208,486,977
12/01/2000,PHF,VA,AEA,EN,Towers with Display (VFR),0,36,28,14,78,0,10,128,29,167,0,46,156,43,245,306,52,358,603
12/02/2000,PHF,VA,AEA,EN,Towers with Display (VFR),6,30,24,8,68,1,6,79,0,86,7,36,103,8,154,210,0,210,364
12/03/2000,PHF,VA,AEA,EN,Towers with Display (VFR),4,18,14,7,43,3,8,42,5,58,7,26,56,12,101,126,72,198,299
12/04/2000,PHF,VA,AEA,EN,Towers with Display (VFR),7,43,37,18,105,0,0,141,25,166,7,43,178,43,271,194,144,338,609
12/05/2000,PHF,VA,AEA,EN,Towers with Display (VFR),8,55,44,21,128,0,6,130,72,208,8,61,174,93,336,294,164,458,794
12/06/2000,PHF,VA,AEA,EN,Towers with Display (VFR),7,52,41,20,120,0,13,187,40,240,7,65,228,60,360,242,170,412,772
12/07/2000,PHF,VA,AEA,EN,Towers with Display (VFR),7,51,40,19,117,0,7,151,51,209,7,58,191,70,326,252,128,380,706
12/08/2000,PHF,VA,AEA,EN,Towers with Display (VFR),6,52,42,20,120,0,0,129,23,152,6,52,171,43,272,178,66,244,516
12/09/2000,PHF,VA,AEA,EN,Towers with Display (VFR),6,29,23,11,69,0,13,48,7,68,6,42,71,18,137,102,84,186,323
12/10/2000,PHF,VA,AEA,EN,Towers with Display (VFR),5,23,18,9,55,3,3,36,2,44,8,26,54,11,99,18,4,22,121
12/11/2000,PHF,VA,AEA,EN,Towers with Display (VFR),6,34,25,9,74,0,10,0,0,10,6,44,25,9,84,0,0,0,84
12/12/2000,PHF,VA,AEA,EN,Towers with Display (VFR),9,47,37,18,111,2,15,184,12,213,11,62,221,30,324,116,18,134,458
12/13/2000,PHF,VA,AEA,EN,Towers with Display (VFR),6,36,99,49,190,0,0,68,39,107,6,36,167,88,297,192,266,458,755
12/14/2000,PHF,VA,AEA,EN,Towers with Display (VFR),4,35,17,13,69,0,6,0,30,36,4,41,17,43,105,0,8,8,113
12/15/2000,PHF,VA,AEA,EN,Towers with Display (VFR),8,54,43,21,126,0,10,222,55,287,8,64,265,76,413,240,214,454,867
12/16/2000,PHF,VA,AEA,EN,Towers with Display (VFR),2,16,13,0,31,3,7,0,0,10,5,23,13,0,41,0,0,0,41
12/17/2000,PHF,VA,AEA,EN,Towers with Display (VFR),4,22,8,9,43,3,5,0,63,71,7,27,8,72,114,0,32,32,146
12/18/2000,PHF,VA,AEA,EN,Towers with Display (VFR),7,29,40,21,97,0,0,256,42,298,7,29,296,63,395,209,154,363,758
12/19/2000,PHF,VA,AEA,EN,Towers with Display (VFR),5,31,31,17,84,0,0,234,67,301,5,31,265,84,385,254,146,400,785
12/20/2000,PHF,VA,AEA,EN,Towers with Display (VFR),7,39,34,17,97,0,0,155,47,202,7,39,189,64,299,230,120,350,649
12/21/2000,PHF,VA,AEA,EN,Towers with Display (VFR),7,30,34,19,90,0,0,152,115,267,7,30,186,134,357,236,182,418,775
12/22/2000,PHF,VA,AEA,EN,Towers with Display (VFR),5,32,24,13,74,4,10,84,6,104,9,42,108,19,178,140,102,242,420
12/23/2000,PHF,VA,AEA,EN,Towers with Display (VFR),4,27,19,4,54,2,0,68,0,70,6,27,87,4,124,114,0,114,238
12/24/2000,PHF,VA,AEA,EN,Towers with Display (VFR),3,22,15,7,47,4,2,0,0,6,7,24,15,7,53,0,0,0,53
12/25/2000,PHF,VA,AEA,EN,Towers with Display (VFR),2,13,10,0,25,3,8,15,0,26,5,21,25,0,51,48,0,48,99
12/26/2000,PHF,VA,AEA,EN,Towers with Display (VFR),5,33,26,12,76,2,0,35,41,78,7,33,61,53,154,80,76,156,310
12/27/2000,PHF,VA,AEA,EN,Towers with Display (VFR),6,36,29,14,85,0,0,58,16,74,6,36,87,30,159,82,8,90,249
12/28/2000,PHF,VA,AEA,EN,Towers with Display (VFR),6,36,28,14,84,2,0,43,51,96,8,36,71,65,180,216,208,424,604
12/29/2000,PHF,VA,AEA,EN,Towers with Display (VFR),6,34,26,13,79,2,0,90,12,104,8,34,116,25,183,56,92,148,331
12/30/2000,PHF,VA,AEA,EN,Towers with Display (VFR),4,24,13,0,41,9,8,0,0,17,13,32,13,0,58,20,0,20,78
12/31/2000,PHF,VA,AEA,EN,Towers with Display (VFR),3,19,14,0,36,4,11,40,0,55,7,30,54,0,91,16,0,16,107
01/01/2001,PHF,VA,AEA,EN,Towers with Display (VFR),6,25,25,0,56,1,0,76,0,77,7,25,101,0,133,70,0,70,203
01/02/2001,PHF,VA,AEA,EN,Towers with Display (VFR),7,27,25,10,69,0,0,110,29,139,7,27,135,39,208,52,48,100,308
01/03/2001,PHF,VA,AEA,EN,Towers with Display (VFR),7,32,31,12,82,0,0,178,58,236,7,32,209,70,318,162,86,248,566
01/04/2001,PHF,VA,AEA,EN,Towers with Display (VFR),7,53,43,17,120,0,4,189,57,250,7,57,232,74,370,82,92,174,544
01/05/2001,PHF,VA,AEA,EN,Towers with Display (VFR),9,39,36,14,98,0,0,70,42,112,9,39,106,56,210,100,56,156,366
01/06/2001,PHF,VA,AEA,EN,Towers with Display (VFR),5,22,19,7,53,2,5,151,7,165,7,27,170,14,218,190,40,230,448
01/07/2001,PHF,VA,AEA,EN,Towers with Display (VFR),7,27,25,10,69,0,0,162,47,209,7,27,187,57,278,207,176,383,661
01/08/2001,PHF,VA,AEA,EN,Towers with Display (VFR),7,35,30,11,83,0,1,50,8,59,7,36,80,19,142,32,0,32,174
01/09/2001,PHF,VA,AEA,EN,Towers with Display (VFR),7,38,32,12,89,0,4,87,31,122,7,42,119,43,211,132,218,350,561
01/10/2001,PHF,VA,AEA,EN,Towers with Display (VFR),7,39,33,13,92,0,9,51,47,107,7,48,84,60,199,34,162,196,395
01/11/2001,PHF,VA,AEA,EN,Towers with Display (VFR),7,51,42,16,116,0,3,97,25,125,7,54,139,41,241,107,98,205,446
01/12/2001,PHF,VA,AEA,EN,Towers with Display (VFR),8,47,41,17,113,0,0,87,56,143,8,47,128,73,256,120,188,308,564
01/13/2001,PHF,VA,AEA,EN,Towers with Display (VFR),6,26,21,8,61,2,2,164,4,172,8,28,185,12,233,252,138,390,623
01/14/2001,PHF,VA,AEA,EN,Towers with Display (VFR),5,21,17,7,50,2,9,59,26,96,7,30,76,33,146,74,84,158,304
01/15/2001,PHF,VA,AEA,EN,Towers with Display (VFR),6,26,24,9,65,1,0,131,5,137,7,26,155,14,202,258,36,294,496
01/16/2001,PHF,VA,AEA,EN,Towers with Display (VFR),6,35,29,13,83,5,11,104,26,146,11,46,133,39,229,86,46,132,361
01/17/2001,PHF,VA,AEA,EN,Towers with Display (VFR),9,48,40,16,113,0,5,127,40,172,9,53,167,56,285,128,90,218,503
01/18/2001,PHF,VA,AEA,EN,Towers with Display (VFR),7,50,40,17,114,0,4,29,18,51,7,54,69,35,165,4,38,42,207
01/19/2001,PHF,VA,AEA,EN,Towers with Display (VFR),7,38,29,13,87,3,4,4,10,21,10,42,33,23,108,0,108,108,216
01/20/2001,PHF,VA,AEA,EN,Towers with Display (VFR),3,17,6,6,32,4,9,0,0,13,7,26,6,6,45,2,4,6,51
01/21/2001,PHF,VA,AEA,EN,Towers with Display (VFR),4,26,20,9,59,3,1,159,7,170,7,27,179,16,229,164,0,164,393
01/22/2001,PHF,VA,AEA,EN,Towers with Display (VFR),12,47,50,21,130,0,0,177,123,300,12,47,227,144,430,250,270,520,950
01/23/2001,PHF,VA,AEA,EN,Towers with Display (VFR),7,55,46,19,127,0,0,87,82,169,7,55,133,101,296,60,240,300,596
01/24/2001,PHF,VA,AEA,EN,Towers with Display (VFR),7,51,42,18,118,0,0,124,24,148,7,51,166,42,266,235,56,291,557
01/25/2001,PHF,VA,AEA,EN,Towers with Display (VFR),7,50,43,18,118,0,0,149,74,223,7,50,192,92,341,256,330,586,927
01/26/2001,PHF,VA,AEA,EN,Towers with Display (VFR),7,37,35,15,94,0,0,147,69,216,7,37,182,84,310,172,136,308,618
01/27/2001,PHF,VA,AEA,EN,Towers with Display (VFR),4,23,17,8,52,3,7,78,4,92,7,30,95,12,144,118,60,178,322
01/28/2001,PHF,VA,AEA,EN,Towers with Display (VFR),7,33,29,13,82,3,0,121,19,143,10,33,150,32,225,194,136,330,555
01/29/2001,PHF,VA,AEA,EN,Towers with Display (VFR),7,37,32,12,88,0,0,219,59,278,7,37,251,71,366,380,212,592,958
01/30/2001,PHF,VA,AEA,EN,Towers with Display (VFR),7,37,30,11,85,0,25,40,40,105,7,62,70,51,190,88,148,236,426
01/31/2001,PHF,VA,AEA,EN,Towers with Display (VFR),7,43,35,14,99,0,3,221,86,310,7,46,256,100,409,338,226,564,973
02/01/2001,PHF,VA,AEA,EN,Towers with Display (VFR),7,52,42,21,122,0,4,154,57,215,7,56,196,78,337,140,178,318,655
02/02/2001,PHF,VA,AEA,EN,Towers with Display (VFR),7,45,36,18,106,0,3,135,33,171,7,48,171,51,277,296,190,486,763
02/03/2001,PHF,VA,AEA,EN,Towers with Display (VFR),7,32,26,13,78,0,10,145,1,156,7,42,171,14,234,208,94,302,536
02/04/2001,PHF,VA,AEA,EN,Towers with Display (VFR),5,20,16,8,49,2,6,123,13,144,7,26,139,21,193,148,18,166,359
02/05/2001,PHF,VA,AEA,EN,Towers with Display (VFR),6,30,24,12,72,3,14,18,2,37,9,44,42,14,109,70,0,70,179
02/06/2001,PHF,VA,AEA,EN,Towers with Display (VFR),9,60,48,24,141,0,22,168,27,217,9,82,216,51,358,256,204,460,818
02/07/2001,PHF,VA,AEA,EN,Towers with Display (VFR),8,59,54,27,148,0,0,156,85,241,8,59,210,112,389,244,206,450,839
02/08/2001,PHF,VA,AEA,EN,Towers with Display (VFR),7,35,37,18,97,0,0,107,63,170,7,35,144,81,267,192,204,396,663
02/09/2001,PHF,VA,AEA,EN,Towers with Display (VFR),8,41,40,20,109,0,0,236,55,291,8,41,276,75,400,257,229,486,886
02/10/2001,PHF,VA,AEA,EN,Towers with Display (VFR),6,27,22,11,66,3,7,65,35,110,9,34,87,46,176,166,128,294,470
02/11/2001,PHF,VA,AEA,EN,Towers with Display (VFR),8,30,31,16,85,1,0,142,25,168,9,30,173,41,253,202,152,354,607
02/12/2001,PHF,VA,AEA,EN,Towers with Display (VFR),6,25,20,10,61,1,3,1,0,5,7,28,21,10,66,32,10,42,108
02/13/2001,PHF,VA,AEA,EN,Towers with Display (VFR),5,36,28,15,84,0,7,43,9,59,5,43,71,24,143,4,16,20,163
02/14/2001,PHF,VA,AEA,EN,Towers with Display (VFR),7,35,34,18,94,0,0,11,26,37,7,35,45,44,131,0,4,4,135
02/15/2001,PHF,VA,AEA,EN,Towers with Display (VFR),7,32,37,21,97,0,0,101,62,163,7,32,138,83,260,146,164,310,570
02/16/2001,PHF,VA,AEA,EN,Towers with Display (VFR),6,38,26,16,86,0,10,0,3,13,6,48,26,19,99,0,0,0,99
02/17/2001,PHF,VA,AEA,EN,Towers with Display (VFR),5,28,21,10,64,3,2,16,0,21,8,30,37,10,85,82,62,144,229
02/18/2001,PHF,VA,AEA,EN,Towers with Display (VFR),4,23,16,10,53,4,2,119,14,139,8,25,135,24,192,286,66,352,544
02/19/2001,PHF,VA,AEA,EN,Towers with Display (VFR),6,34,26,0,66,1,11,93,0,105,7,45,119,0,171,152,2,154,325
02/20/2001,PHF,VA,AEA,EN,Towers with Display (VFR),7,42,34,19,102,0,0,186,56,242,7,42,220,75,344,174,312,486,830
02/21/2001,PHF,VA,AEA,EN,Towers with Display (VFR),10,51,40,22,123,0,0,207,71,278,10,51,247,93,401,402,308,710,1111
02/22/2001,PHF,VA,AEA,EN,Towers with Display (VFR),6,34,25,14,79,4,6,48,4,62,10,40,73,18,141,40,32,72,213
02/23/2001,PHF,VA,AEA,EN,Towers with Display (VFR),7,45,34,19,105,0,4,77,14,95,7,49,111,33,200,100,90,190,390
02/24/2001,PHF,VA,AEA,EN,Towers with Display (VFR),5,26,20,3,54,2,3,118,0,123,7,29,138,3,177,182,0,182,359
02/25/2001,PHF,VA,AEA,EN,Towers with Display (VFR),7,25,29,15,76,9,0,57,45,111,16,25,86,60,187,36,14,50,237
02/26/2001,PHF,VA,AEA,EN,Towers with Display (VFR),8,47,46,23,124,0,0,160,125,285,8,47,206,148,409,296,266,562,971
02/27/2001,PHF,VA,AEA,EN,Towers with Display (VFR),7,51,40,20,118,0,5,231,93,329,7,56,271,113,447,312,202,514,961
02/28/2001,PHF,VA,AEA,EN,Towers with Display (VFR),0,0,0,0,0,0,0,0,0,0,0,0,0,0,0,0,0,0,0
03/01/2001,PHF,VA,AEA,EN,Towers with Display (VFR),8,46,31,19,104,0,0,0,22,22,8,46,31,41,126,292,116,408,534
03/02/2001,PHF,VA,AEA,EN,Towers with Display (VFR),7,52,46,27,132,0,0,137,60,197,7,52,183,87,329,192,166,358,687
03/03/2001,PHF,VA,AEA,EN,Towers with Display (VFR),6,29,22,13,70,1,0,178,25,204,7,29,200,38,274,267,188,455,729
03/04/2001,PHF,VA,AEA,EN,Towers with Display (VFR),6,37,26,11,80,1,6,8,0,15,7,43,34,11,95,4,0,4,99
03/05/2001,PHF,VA,AEA,EN,Towers with Display (VFR),6,36,13,16,71,0,0,0,98,98,6,36,13,114,169,6,44,50,219
03/06/2001,PHF,VA,AEA,EN,Towers with Display (VFR),6,33,7,13,59,0,5,0,47,52,6,38,7,60,111,0,32,32,143
03/07/2001,PHF,VA,AEA,EN,Towers with Display (VFR),6,50,34,20,110,0,20,128,130,278,6,70,162,150,388,183,178,361,749
03/08/2001,PHF,VA,AEA,EN,Towers with Display (VFR),7,54,38,21,120,0,1,105,29,135,7,55,143,50,255,226,120,346,601
03/09/2001,PHF,VA,AEA,EN,Towers with Display (VFR),7,50,35,20,112,0,10,92,56,158,7,60,127,76,270,180,280,460,730
03/10/2001,PHF,VA,AEA,EN,Towers with Display (VFR),6,34,23,13,76,2,2,204,15,223,8,36,227,28,299,396,118,514,813
03/11/2001,PHF,VA,AEA,EN,Towers with Display (VFR),6,36,25,15,82,1,22,119,50,192,7,58,144,65,274,96,150,246,520
03/12/2001,PHF,VA,AEA,EN,Towers with Display (VFR),7,55,38,22,122,0,3,106,43,152,7,58,144,65,274,96,150,246,520
03/13/2001,PHF,VA,AEA,EN,Towers with Display (VFR),7,41,27,16,91,0,4,126,32,162,7,45,153,48,253,138,126,264,517
03/14/2001,PHF,VA,AEA,EN,Towers with Display (VFR),7,44,29,18,98,0,7,119,45,171,7,51,148,63,269,120,110,230,499
03/15/2001,PHF,VA,AEA,EN,Towers with Display (VFR),7,49,28,19,103,0,5,0,15,20,7,54,28,34,123,34,54,88,211
03/16/2001,PHF,VA,AEA,EN,Towers with Display (VFR),8,55,38,24,125,0,0,164,20,184,8,55,202,44,309,132,217,349,658
03/17/2001,PHF,VA,AEA,EN,Towers with Display (VFR),4,33,21,6,64,1,5,150,0,156,5,38,171,6,220,246,14,260,480
03/18/2001,PHF,VA,AEA,EN,Towers with Display (VFR),6,38,30,18,92,6,0,212,30,248,12,38,242,48,340,174,48,222,562
03/19/2001,PHF,VA,AEA,EN,Towers with Display (VFR),7,47,40,24,118,0,0,285,100,385,7,47,325,124,503,306,304,610,1113
03/20/2001,PHF,VA,AEA,EN,Towers with Display (VFR),4,47,37,23,111,0,0,94,89,183,4,47,131,112,294,116,56,172,466
03/21/2001,PHF,VA,AEA,EN,Towers with Display (VFR),6,38,27,19,90,3,0,0,27,30,9,38,27,46,120,20,4,24,144
03/22/2001,PHF,VA,AEA,EN,Towers with Display (VFR),6,40,30,19,95,1,0,80,35,116,7,40,110,54,211,146,164,310,521
03/23/2001,PHF,VA,AEA,EN,Towers with Display (VFR),7,59,39,25,130,0,0,169,30,199,7,59,208,55,329,234,142,376,705
03/24/2001,PHF,VA,AEA,EN,Towers with Display (VFR),5,34,23,13,75,2,10,144,16,172,7,44,167,29,247,202,120,322,569
03/25/2001,PHF,VA,AEA,EN,Towers with Display (VFR),4,32,22,12,70,3,5,69,0,77,7,37,91,12,147,154,28,182,329
03/26/2001,PHF,VA,AEA,EN,Towers with Display (VFR),7,42,32,18,99,1,0,140,47,188,8,42,172,65,287,262,246,508,795
03/27/2001,PHF,VA,AEA,EN,Towers with Display (VFR),7,61,42,24,134,0,15,169,56,240,7,76,211,80,374,306,180,486,860
03/28/2001,PHF,VA,AEA,EN,Towers with Display (VFR),7,66,44,26,143,0,0,139,83,222,7,66,183,109,365,304,272,576,941
03/29/2001,PHF,VA,AEA,EN,Towers with Display (VFR),5,53,36,20,114,0,8,25,47,80,5,61,61,67,194,4,22,26,220
03/30/2001,PHF,VA,AEA,EN,Towers with Display (VFR),7,47,35,20,109,2,0,63,21,86,9,47,98,41,195,66,68,134,329
03/31/2001,PHF,VA,AEA,EN,Towers with Display (VFR),3,21,14,0,38,4,1,27,0,32,7,22,41,0,70,174,0,174,244
04/01/2001,PHF,VA,AEA,EN,Towers with Display (VFR),7,27,19,7,60,0,1,5,6,12,7,28,24,13,72,56,0,56,128
04/02/2001,PHF,VA,AEA,EN,Towers with Display (VFR),5,34,32,12,83,0,1,93,61,155,5,35,125,73,238,164,106,270,508
04/03/2001,PHF,VA,AEA,EN,Towers with Display (VFR),5,52,35,22,114,0,7,122,55,184,5,59,157,77,298,234,256,490,788
04/04/2001,PHF,VA,AEA,EN,Towers with Display (VFR),5,47,57,30,139,0,1,135,47,183,5,48,192,77,322,214,184,398,720
04/05/2001,PHF,VA,AEA,EN,Towers with Display (VFR),5,62,55,22,144,0,9,129,52,190,5,71,184,74,334,212,138,350,684
04/06/2001,PHF,VA,AEA,EN,Towers with Display (VFR),10,49,46,17,122,0,5,143,34,182,10,54,189,51,304,130,76,206,510
04/07/2001,PHF,VA,AEA,EN,Towers with Display (VFR),5,23,29,10,67,2,0,186,44,232,7,23,215,54,299,304,126,430,729
04/08/2001,PHF,VA,AEA,EN,Towers with Display (VFR),7,41,55,7,110,0,6,31,0,37,7,47,86,7,147,30,0,30,177
04/09/2001,PHF,VA,AEA,EN,Towers with Display (VFR),6,34,45,22,107,0,4,118,29,151,6,38,163,51,258,224,117,341,599
04/10/2001,PHF,VA,AEA,EN,Towers with Display (VFR),11,56,40,17,124,0,0,193,55,248,11,56,233,72,372,324,128,452,824
04/11/2001,PHF,VA,AEA,EN,Towers with Display (VFR),10,60,32,8,110,0,0,23,19,42,10,60,55,27,152,2,30,32,184
04/12/2001,PHF,VA,AEA,EN,Towers with Display (VFR),8,56,50,22,136,0,0,164,59,223,8,56,214,81,359,304,216,520,879
04/13/2001,PHF,VA,AEA,EN,Towers with Display (VFR),4,30,29,10,73,0,0,84,21,105,4,30,113,31,178,112,110,222,400
04/14/2001,PHF,VA,AEA,EN,Towers with Display (VFR),3,20,18,5,46,4,0,111,21,136,7,20,129,26,182,172,42,214,396
04/15/2001,PHF,VA,AEA,EN,Towers with Display (VFR),7,30,17,2,56,0,0,36,5,41,7,30,53,7,97,40,24,64,161
04/16/2001,PHF,VA,AEA,EN,Towers with Display (VFR),7,38,28,13,86,0,0,62,26,88,7,38,90,39,174,106,58,164,338
04/17/2001,PHF,VA,AEA,EN,Towers with Display (VFR),4,50,26,13,93,0,8,39,22,69,4,58,65,35,162,62,72,134,296
04/18/2001,PHF,VA,AEA,EN,Towers with Display (VFR),8,61,54,16,139,0,1,199,87,287,8,62,253,103,426,224,216,440,866
04/19/2001,PHF,VA,AEA,EN,Towers with Display (VFR),7,56,45,34,142,0,0,125,117,242,7,56,170,151,384,362,276,638,1022
04/20/2001,PHF,VA,AEA,EN,Towers with Display (VFR),8,48,43,9,108,0,0,194,63,257,8,48,237,72,365,242,202,444,809
04/21/2001,PHF,VA,AEA,EN,Towers with Display (VFR),7,46,31,11,95,0,0,125,36,161,7,46,156,47,256,180,52,232,488
04/22/2001,PHF,VA,AEA,EN,Towers with Display (VFR),15,37,47,0,99,0,0,224,0,224,15,37,271,0,323,330,0,330,653
04/23/2001,PHF,VA,AEA,EN,Towers with Display (VFR),17,48,58,9,132,0,0,209,45,254,17,48,267,54,386,388,216,604,990
04/24/2001,PHF,VA,AEA,EN,Towers with Display (VFR),8,49,40,20,117,0,0,237,51,288,8,49,277,71,405,240,142,382,787
04/25/2001,PHF,VA,AEA,EN,Towers with Display (VFR),7,56,42,9,114,0,0,203,61,264,7,56,245,70,378,148,158,306,684
04/26/2001,PHF,VA,AEA,EN,Towers with Display (VFR),7,49,38,15,109,0,0,69,14,83,7,49,107,29,192,54,20,74,266
04/27/2001,PHF,VA,AEA,EN,Towers with Display (VFR),7,53,59,16,135,0,0,147,15,162,7,53,206,31,297,226,38,264,561
04/28/2001,PHF,VA,AEA,EN,Towers with Display (VFR),7,32,37,1,77,0,0,80,0,80,7,32,117,1,157,30,16,46,203
04/29/2001,PHF,VA,AEA,EN,Towers with Display (VFR),5,40,29,0,74,0,0,128,0,128,5,40,157,0,202,98,0,98,300
04/30/2001,PHF,VA,AEA,EN,Towers with Display (VFR),9,39,42,12,102,0,0,177,26,203,9,39,219,38,305,236,112,348,653
05/01/2001,PHF,VA,AEA,EN,Towers with Display (VFR),7,49,34,17,107,0,0,148,90,238,7,49,182,107,345,338,248,586,931
05/02/2001,PHF,VA,AEA,EN,Towers with Display (VFR),7,40,39,2,88,0,0,156,71,227,7,40,195,73,315,344,150,494,809
05/03/2001,PHF,VA,AEA,EN,Towers with Display (VFR),6,55,33,20,114,0,0,100,67,167,6,55,133,87,281,68,56,124,405
05/04/2001,PHF,VA,AEA,EN,Towers with Display (VFR),7,58,49,16,130,0,0,203,38,241,7,58,252,54,371,424,76,500,871
05/05/2001,PHF,VA,AEA,EN,Towers with Display (VFR),8,35,23,10,76,0,0,35,13,48,8,35,58,23,124,22,28,50,174
05/06/2001,PHF,VA,AEA,EN,Towers with Display (VFR),7,37,18,1,63,0,0,73,8,81,7,37,91,9,144,64,0,64,208
05/07/2001,PHF,VA,AEA,EN,Towers with Display (VFR),6,60,46,21,133,0,4,148,50,202,6,64,194,71,335,224,110,334,669
05/08/2001,PHF,VA,AEA,EN,Towers with Display (VFR),10,66,35,29,140,0,0,96,39,135,10,66,131,68,275,200,186,386,661
05/09/2001,PHF,VA,AEA,EN,Towers with Display (VFR),7,66,50,61,184,0,0,233,90,323,7,66,283,151,507,446,278,724,1231
05/10/2001,PHF,VA,AEA,EN,Towers with Display (VFR),9,67,60,53,189,0,4,342,107,453,9,71,402,160,642,520,394,914,1556
05/11/2001,PHF,VA,AEA,EN,Towers with Display (VFR),7,47,84,33,171,0,0,395,165,560,7,47,479,198,731,578,304,882,1613
05/12/2001,PHF,VA,AEA,EN,Towers with Display (VFR),6,24,39,12,81,0,0,107,34,141,6,24,146,46,222,64,34,98,320
05/13/2001,PHF,VA,AEA,EN,Towers with Display (VFR),7,31,32,3,73,0,0,24,8,32,7,31,56,11,105,24,2,26,131
05/14/2001,PHF,VA,AEA,EN,Towers with Display (VFR),7,32,45,27,111,0,0,143,45,188,7,32,188,72,299,86,6,92,391
05/15/2001,PHF,VA,AEA,EN,Towers with Display (VFR),7,55,24,35,121,0,0,203,66,269,7,55,227,101,390,384,378,762,1152
05/16/2001,PHF,VA,AEA,EN,Towers with Display (VFR),6,42,50,40,138,0,0,196,88,284,6,42,246,128,422,344,294,638,1060
05/17/2001,PHF,VA,AEA,EN,Towers with Display (VFR),8,37,32,32,109,0,0,204,72,276,8,37,236,104,385,366,560,926,1311
05/18/2001,PHF,VA,AEA,EN,Towers with Display (VFR),9,37,40,24,110,0,0,145,31,176,9,37,185,55,286,148,0,148,434
05/19/2001,PHF,VA,AEA,EN,Towers with Display (VFR),9,33,33,6,81,1,0,19,2,22,10,33,52,8,103,0,0,0,103
05/20/2001,PHF,VA,AEA,EN,Towers with Display (VFR),8,28,32,18,86,0,1,38,52,91,8,29,70,70,177,34,82,116,293
05/21/2001,PHF,VA,AEA,EN,Towers with Display (VFR),8,36,29,3,76,0,2,2,4,8,8,38,31,7,84,0,0,0,84
05/22/2001,PHF,VA,AEA,EN,Towers with Display (VFR),11,44,32,28,115,0,1,104,67,172,11,45,136,95,287,156,152,308,595
05/23/2001,PHF,VA,AEA,EN,Towers with Display (VFR),9,62,53,40,164,0,6,137,78,221,9,68,190,118,385,316,280,596,981
05/24/2001,PHF,VA,AEA,EN,Towers with Display (VFR),7,58,44,35,144,0,2,172,45,219,7,60,216,80,363,240,184,424,787
05/25/2001,PHF,VA,AEA,EN,Towers with Display (VFR),10,45,48,11,114,0,0,208,36,244,10,45,256,47,358,304,172,476,834
05/26/2001,PHF,VA,AEA,EN,Towers with Display (VFR),10,22,10,0,42,0,0,0,0,0,10,22,10,0,42,42,8,50,92
05/27/2001,PHF,VA,AEA,EN,Towers with Display (VFR),10,25,9,1,45,0,0,16,1,17,10,25,25,2,62,8,0,8,70
05/28/2001,PHF,VA,AEA,EN,Towers with Display (VFR),9,28,31,0,68,0,0,31,0,31,9,28,62,0,99,16,0,16,115
05/29/2001,PHF,VA,AEA,EN,Towers with Display (VFR),7,50,38,6,101,0,0,81,5,86,7,50,119,11,187,123,0,123,310
05/30/2001,PHF,VA,AEA,EN,Towers with Display (VFR),12,52,65,39,168,0,0,361,105,466,12,52,426,144,634,410,200,610,1244
05/31/2001,PHF,VA,AEA,EN,Towers with Display (VFR),9,44,40,38,131,0,0,243,82,325,9,44,283,120,456,314,380,694,1150
06/01/2001,PHF,VA,AEA,EN,Towers with Display (VFR),9,47,44,10,110,0,0,111,32,143,9,47,155,42,253,142,44,186,439
06/02/2001,PHF,VA,AEA,EN,Towers with Display (VFR),9,28,30,2,69,0,3,138,14,155,9,31,168,16,224,80,72,152,376
06/03/2001,PHF,VA,AEA,EN,Towers with Display (VFR),6,25,24,0,55,0,0,52,0,52,6,25,76,0,107,36,0,36,143
06/04/2001,PHF,VA,AEA,EN,Towers with Display (VFR),6,41,32,12,91,0,0,2,9,11,6,41,34,21,102,224,24,248,350
06/05/2001,PHF,VA,AEA,EN,Towers with Display (VFR),8,70,43,22,143,0,0,229,33,262,8,70,272,55,405,190,72,262,667
06/06/2001,PHF,VA,AEA,EN,Towers with Display (VFR),8,60,44,26,138,0,2,115,52,169,8,62,159,78,307,148,130,278,585
06/07/2001,PHF,VA,AEA,EN,Towers with Display (VFR),9,55,28,8,100,0,0,53,22,75,9,55,81,30,175,138,58,196,371
06/08/2001,PHF,VA,AEA,EN,Towers with Display (VFR),9,53,53,11,126,0,0,97,41,138,9,53,150,52,264,224,102,326,590
06/09/2001,PHF,VA,AEA,EN,Towers with Display (VFR),10,25,55,3,93,0,1,126,1,128,10,26,181,4,221,302,20,322,543
06/10/2001,PHF,VA,AEA,EN,Towers with Display (VFR),7,40,45,6,98,0,0,117,52,169,7,40,162,58,267,254,0,254,521
06/11/2001,PHF,VA,AEA,EN,Towers with Display (VFR),9,38,56,28,131,0,0,182,88,270,9,38,238,116,401,238,234,472,873
06/12/2001,PHF,VA,AEA,EN,Towers with Display (VFR),5,46,40,23,114,0,1,156,58,215,5,47,196,81,329,200,126,326,655
06/13/2001,PHF,VA,AEA,EN,Towers with Display (VFR),7,44,49,21,121,0,0,166,42,208,7,44,215,63,329,318,204,522,851
06/14/2001,PHF,VA,AEA,EN,Towers with Display (VFR),10,69,41,27,147,0,5,187,77,269,10,74,228,104,416,184,250,434,850
06/15/2001,PHF,VA,AEA,EN,Towers with Display (VFR),10,38,27,18,93,0,0,46,20,66,10,38,73,38,159,108,34,142,301
06/16/2001,PHF,VA,AEA,EN,Towers with Display (VFR),12,32,26,7,77,0,9,25,6,40,12,41,51,13,117,0,0,0,117
06/17/2001,PHF,VA,AEA,EN,Towers with Display (VFR),10,31,19,3,63,0,0,154,9,163,10,31,173,12,226,192,16,208,434
06/18/2001,PHF,VA,AEA,EN,Towers with Display (VFR),8,41,41,9,99,0,0,200,53,253,8,41,241,62,352,326,298,624,976
06/19/2001,PHF,VA,AEA,EN,Towers with Display (VFR),11,48,40,24,123,0,0,234,93,327,11,48,274,117,450,442,384,826,1276
06/20/2001,PHF,VA,AEA,EN,Towers with Display (VFR),8,46,45,19,118,0,0,218,65,283,8,46,263,84,401,330,200,530,931
06/21/2001,PHF,VA,AEA,EN,Towers with Display (VFR),10,41,46,24,121,0,0,10,14,24,10,41,56,38,145,386,58,444,589
06/22/2001,PHF,VA,AEA,EN,Towers with Display (VFR),6,36,39,33,114,0,0,173,41,214,6,36,212,74,328,418,310,728,1056
06/23/2001,PHF,VA,AEA,EN,Towers with Display (VFR),19,32,9,5,65,0,0,126,15,141,19,32,135,20,206,132,90,222,428
06/24/2001,PHF,VA,AEA,EN,Towers with Display (VFR),9,37,34,22,102,0,0,102,18,120,9,37,136,40,222,30,30,60,282
06/25/2001,PHF,VA,AEA,EN,Towers with Display (VFR),7,36,49,29,121,0,0,227,68,295,7,36,276,97,416,354,410,764,1180
06/26/2001,PHF,VA,AEA,EN,Towers with Display (VFR),11,50,37,42,140,0,0,285,85,370,11,50,322,127,510,366,294,660,1170
06/27/2001,PHF,VA,AEA,EN,Towers with Display (VFR),9,55,45,36,145,0,0,145,73,218,9,55,190,109,363,168,186,354,717
06/28/2001,PHF,VA,AEA,EN,Towers with Display (VFR),8,51,43,21,123,0,2,214,59,275,8,53,257,80,398,212,152,364,762
06/29/2001,PHF,VA,AEA,EN,Towers with Display (VFR),9,49,45,19,122,0,0,201,38,239,9,49,246,57,361,338,223,561,922
06/30/2001,PHF,VA,AEA,EN,Towers with Display (VFR),15,64,44,0,123,0,0,222,18,240,15,64,266,18,363,388,32,420,783
07/01/2001,PHF,VA,AEA,EN,Towers with Display (VFR),9,27,14,0,50,0,0,98,0,98,9,27,112,0,148,102,0,102,250
07/02/2001,PHF,VA,AEA,EN,Towers with Display (VFR),11,31,31,30,103,0,0,264,89,353,11,31,295,119,456,394,340,734,1190
07/03/2001,PHF,VA,AEA,EN,Towers with Display (VFR),6,46,37,10,99,0,1,142,38,181,6,47,179,48,280,197,236,433,713
07/04/2001,PHF,VA,AEA,EN,Towers with Display (VFR),9,30,8,0,47,0,0,103,20,123,9,30,111,20,170,92,0,92,262
07/05/2001,PHF,VA,AEA,EN,Towers with Display (VFR),8,41,36,24,109,0,0,183,54,237,8,41,219,78,346,310,190,500,846
07/06/2001,PHF,VA,AEA,EN,Towers with Display (VFR),11,42,42,16,111,0,1,228,84,313,11,43,270,100,424,298,266,564,988
07/07/2001,PHF,VA,AEA,EN,Towers with Display (VFR),15,39,32,2,88,0,0,160,7,167,15,39,192,9,255,174,58,232,487
07/08/2001,PHF,VA,AEA,EN,Towers with Display (VFR),8,25,29,2,64,0,0,47,4,51,8,25,76,6,115,36,0,36,151
07/09/2001,PHF,VA,AEA,EN,Towers with Display (VFR),9,35,73,13,130,0,0,175,54,229,9,35,248,67,359,300,164,464,823
07/10/2001,PHF,VA,AEA,EN,Towers with Display (VFR),12,46,48,30,136,0,0,267,72,339,12,46,315,102,475,438,416,854,1329
07/11/2001,PHF,VA,AEA,EN,Towers with Display (VFR),9,68,50,25,152,0,0,85,58,143,9,68,135,83,295,174,196,370,665
07/12/2001,PHF,VA,AEA,EN,Towers with Display (VFR),8,51,41,17,117,0,9,273,101,383,8,60,314,118,500,548,390,938,1438
07/13/2001,PHF,VA,AEA,EN,Towers with Display (VFR),10,52,69,20,151,0,0,233,89,322,10,52,302,109,473,433,314,747,1220
07/14/2001,PHF,VA,AEA,EN,Towers with Display (VFR),9,32,40,5,86,0,0,166,2,168,9,32,206,7,254,270,4,274,528
07/15/2001,PHF,VA,AEA,EN,Towers with Display (VFR),11,31,34,6,82,0,0,210,29,239,11,31,244,35,321,348,40,388,709
07/16/2001,PHF,VA,AEA,EN,Towers with Display (VFR),10,52,44,30,136,0,10,246,86,342,10,62,290,116,478,518,406,924,1402
07/17/2001,PHF,VA,AEA,EN,Towers with Display (VFR),11,43,40,40,134,0,0,289,99,388,11,43,329,139,522,490,534,1024,1546
07/18/2001,PHF,VA,AEA,EN,Towers with Display (VFR),8,51,34,8,101,0,8,232,82,322,8,59,266,90,423,462,304,766,1189
07/19/2001,PHF,VA,AEA,EN,Towers with Display (VFR),8,50,29,42,129,0,0,237,103,340,8,50,266,145,469,154,198,352,821
07/20/2001,PHF,VA,AEA,EN,Towers with Display (VFR),10,52,52,18,132,0,0,178,115,293,10,52,230,133,425,260,176,436,861
07/21/2001,PHF,VA,AEA,EN,Towers with Display (VFR),10,33,35,3,81,0,0,220,71,291,10,33,255,74,372,316,266,582,954
07/22/2001,PHF,VA,AEA,EN,Towers with Display (VFR),10,34,29,12,85,0,0,152,48,200,10,34,181,60,285,306,134,440,725
07/23/2001,PHF,VA,AEA,EN,Towers with Display (VFR),8,41,36,6,91,0,0,175,64,239,8,41,211,70,330,230,164,394,724
07/24/2001,PHF,VA,AEA,EN,Towers with Display (VFR),11,44,45,29,129,0,1,182,70,253,11,45,227,99,382,251,226,477,859
07/25/2001,PHF,VA,AEA,EN,Towers with Display (VFR),7,42,46,31,126,0,0,75,63,138,7,42,121,94,264,276,130,406,670
07/26/2001,PHF,VA,AEA,EN,Towers with Display (VFR),9,47,24,21,101,0,2,102,63,167,9,49,126,84,268,226,220,446,714
07/27/2001,PHF,VA,AEA,EN,Towers with Display (VFR),10,45,46,13,114,0,0,155,94,249,10,45,201,107,363,276,262,538,901
07/28/2001,PHF,VA,AEA,EN,Towers with Display (VFR),9,29,13,0,51,0,0,199,80,279,9,29,212,80,330,292,118,410,740
07/29/2001,PHF,VA,AEA,EN,Towers with Display (VFR),4,22,17,8,51,8,7,0,14,29,12,29,17,22,80,0,22,22,102
07/30/2001,PHF,VA,AEA,EN,Towers with Display (VFR),10,36,32,12,90,0,0,44,17,61,10,36,76,29,151,110,62,172,323
07/31/2001,PHF,VA,AEA,EN,Towers with Display (VFR),8,56,37,20,121,0,0,241,65,306,8,56,278,85,427,374,168,542,969
08/01/2001,PHF,VA,AEA,EN,Towers with Display (VFR),8,48,59,26,141,1,2,252,82,337,9,50,311,108,478,278,238,516,994
08/02/2001,PHF,VA,AEA,EN,Towers with Display (VFR),9,54,48,30,141,1,1,319,93,414,10,55,367,123,555,492,308,800,1355
08/03/2001,PHF,VA,AEA,EN,Towers with Display (VFR),9,37,31,2,79,0,2,240,10,252,9,39,271,12,331,344,174,518,849
08/04/2001,PHF,VA,AEA,EN,Towers with Display (VFR),5,27,26,11,69,0,1,190,21,212,5,28,216,32,281,244,86,330,611
08/05/2001,PHF,VA,AEA,EN,Towers with Display (VFR),10,27,39,0,76,0,1,170,0,171,10,28,209,0,247,294,0,294,541
08/06/2001,PHF,VA,AEA,EN,Towers with Display (VFR),12,45,37,5,99,0,1,187,53,241,12,46,224,58,340,362,230,592,932
08/07/2001,PHF,VA,AEA,EN,Towers with Display (VFR),8,47,36,30,121,0,1,233,138,372,8,48,269,168,493,266,252,518,1011
08/08/2001,PHF,VA,AEA,EN,Towers with Display (VFR),8,38,32,22,100,0,1,231,77,309,8,39,263,99,409,378,250,628,1037
08/09/2001,PHF,VA,AEA,EN,Towers with Display (VFR),11,36,42,13,102,0,1,200,51,252,11,37,242,64,354,354,286,640,994
08/10/2001,PHF,VA,AEA,EN,Towers with Display (VFR),11,31,35,14,91,0,1,189,36,226,11,32,224,50,317,324,138,462,779
08/11/2001,PHF,VA,AEA,EN,Towers with Display (VFR),7,28,14,1,50,0,1,84,10,95,7,29,98,11,145,268,0,268,413
08/12/2001,PHF,VA,AEA,EN,Towers with Display (VFR),10,43,44,16,113,14,5,90,0,109,24,48,134,16,222,94,18,112,334
08/13/2001,PHF,VA,AEA,EN,Towers with Display (VFR),10,41,15,9,75,0,0,196,28,224,10,41,211,37,299,292,122,414,713
08/14/2001,PHF,VA,AEA,EN,Towers with Display (VFR),9,41,31,12,93,2,1,197,48,248,11,42,228,60,341,318,138,456,797
08/15/2001,PHF,VA,AEA,EN,Towers with Display (VFR),9,52,71,40,172,0,5,191,143,339,9,57,262,183,511,246,260,506,1017
08/16/2001,PHF,VA,AEA,EN,Towers with Display (VFR),10,49,54,29,142,0,1,140,65,206,10,50,194,94,348,178,184,362,710
08/17/2001,PHF,VA,AEA,EN,Towers with Display (VFR),9,36,35,27,107,0,1,149,46,196,9,37,184,73,303,328,259,587,890
08/18/2001,PHF,VA,AEA,EN,Towers with Display (VFR),9,22,13,3,47,1,1,7,3,12,10,23,20,6,59,10,6,16,75
08/19/2001,PHF,VA,AEA,EN,Towers with Display (VFR),8,32,24,3,67,0,1,58,6,65,8,33,82,9,132,150,44,194,326
08/20/2001,PHF,VA,AEA,EN,Towers with Display (VFR),11,43,39,14,107,0,1,181,22,204,11,44,220,36,311,330,322,652,963
08/21/2001,PHF,VA,AEA,EN,Towers with Display (VFR),9,45,44,5,103,0,2,190,62,254,9,47,234,67,357,310,202,512,869
08/22/2001,PHF,VA,AEA,EN,Towers with Display (VFR),10,54,55,22,141,0,1,231,61,293,10,55,286,83,434,204,110,314,748
08/23/2001,PHF,VA,AEA,EN,Towers with Display (VFR),9,47,39,25,120,0,1,149,103,253,9,48,188,128,373,298,110,408,781
08/24/2001,PHF,VA,AEA,EN,Towers with Display (VFR),9,35,48,12,104,0,1,94,17,112,9,36,142,29,216,274,98,372,588
08/25/2001,PHF,VA,AEA,EN,Towers with Display (VFR),9,25,51,7,92,0,1,118,5,124,9,26,169,12,216,112,6,118,334
08/26/2001,PHF,VA,AEA,EN,Towers with Display (VFR),9,30,30,2,71,0,1,170,18,189,9,31,200,20,260,256,48,304,564
08/27/2001,PHF,VA,AEA,EN,Towers with Display (VFR),8,42,43,16,109,0,17,49,5,71,8,59,92,21,180,68,26,94,274
08/28/2001,PHF,VA,AEA,EN,Towers with Display (VFR),10,50,103,38,201,0,0,63,2,65,10,50,166,40,266,368,218,586,852
08/29/2001,PHF,VA,AEA,EN,Towers with Display (VFR),8,56,47,28,139,0,1,188,86,275,8,57,235,114,414,320,274,594,1008
08/30/2001,PHF,VA,AEA,EN,Towers with Display (VFR),10,59,51,26,146,0,3,196,43,242,10,62,247,69,388,256,151,407,795
08/31/2001,PHF,VA,AEA,EN,Towers with Display (VFR),24,41,72,14,151,0,5,222,18,245,24,46,294,32,396,232,80,312,708
09/01/2001,PHF,VA,AEA,EN,Towers with Display (VFR),16,30,37,0,83,0,1,131,0,132,16,31,168,0,215,178,0,178,393
09/02/2001,PHF,VA,AEA,EN,Towers with Display (VFR),5,27,26,0,58,0,0,156,0,156,5,27,182,0,214,272,0,272,486
09/03/2001,PHF,VA,AEA,EN,Towers with Display (VFR),5,29,30,0,64,0,0,190,0,190,5,29,220,0,254,316,0,316,570
09/04/2001,PHF,VA,AEA,EN,Towers with Display (VFR),7,39,24,12,82,0,0,63,29,92,7,39,87,41,174,102,110,212,386
09/05/2001,PHF,VA,AEA,EN,Towers with Display (VFR),7,41,38,9,95,0,0,177,27,204,7,41,215,36,299,432,286,718,1017
09/06/2001,PHF,VA,AEA,EN,Towers with Display (VFR),7,56,58,31,152,0,0,223,86,309,7,56,281,117,461,402,302,704,1165
09/07/2001,PHF,VA,AEA,EN,Towers with Display (VFR),7,46,51,34,138,0,0,205,104,309,7,46,256,138,447,518,322,840,1287
09/08/2001,PHF,VA,AEA,EN,Towers with Display (VFR),6,25,22,23,76,0,0,239,40,279,6,25,261,63,355,478,162,640,995
09/09/2001,PHF,VA,AEA,EN,Towers with Display (VFR),8,30,29,20,87,0,9,19,20,48,8,39,48,40,135,346,162,508,643
09/10/2001,PHF,VA,AEA,EN,Towers with Display (VFR),9,43,23,22,97,0,0,233,82,315,9,43,256,104,412,392,270,662,1074
09/11/2001,PHF,VA,AEA,EN,Towers with Display (VFR),3,18,14,2,37,0,0,26,1,27,3,18,40,3,64,0,2,2,66
09/12/2001,PHF,VA,AEA,EN,Towers with Display (VFR),0,0,0,1,1,0,0,0,0,0,0,0,0,1,1,0,0,0,1
09/13/2001,PHF,VA,AEA,EN,Towers with Display (VFR),5,16,0,0,21,0,0,0,0,0,5,16,0,0,21,0,0,0,21
09/14/2001,PHF,VA,AEA,EN,Towers with Display (VFR),3,18,9,7,37,4,30,0,40,74,7,48,9,47,111,0,66,66,177
09/15/2001,PHF,VA,AEA,EN,Towers with Display (VFR),3,21,15,0,39,3,4,2,0,9,6,25,17,0,48,0,0,0,48
09/16/2001,PHF,VA,AEA,EN,Towers with Display (VFR),6,29,8,11,54,1,0,0,0,1,7,29,8,11,55,2,10,12,67
09/17/2001,PHF,VA,AEA,EN,Towers with Display (VFR),7,37,24,17,85,0,0,0,35,35,7,37,24,52,120,0,48,48,168
09/18/2001,PHF,VA,AEA,EN,Towers with Display (VFR),7,51,33,20,111,0,0,0,3,3,7,51,33,23,114,4,202,206,320
09/19/2001,PHF,VA,AEA,EN,Towers with Display (VFR),8,59,45,20,132,0,2,6,16,24,8,61,51,36,156,0,76,76,232
09/20/2001,PHF,VA,AEA,EN,Towers with Display (VFR),8,49,39,20,116,0,0,9,15,24,8,49,48,35,140,10,4,14,154
09/21/2001,PHF,VA,AEA,EN,Towers with Display (VFR),7,47,60,51,165,0,1,54,73,128,7,48,114,124,293,60,74,134,427
09/22/2001,PHF,VA,AEA,EN,Towers with Display (VFR),5,39,23,16,83,0,0,70,32,102,5,39,93,48,185,36,44,80,265
09/23/2001,PHF,VA,AEA,EN,Towers with Display (VFR),7,38,22,17,84,0,0,114,10,124,7,38,136,27,208,80,108,188,396
09/24/2001,PHF,VA,AEA,EN,Towers with Display (VFR),7,27,32,26,92,0,0,2,22,24,7,27,34,48,116,48,54,102,218
09/25/2001,PHF,VA,AEA,EN,Towers with Display (VFR),9,45,32,36,122,0,0,42,35,77,9,45,74,71,199,140,70,210,409
09/26/2001,PHF,VA,AEA,EN,Towers with Display (VFR),7,48,49,24,128,0,0,144,75,219,7,48,193,99,347,326,332,658,1005
09/27/2001,PHF,VA,AEA,EN,Towers with Display (VFR),7,42,35,17,101,0,0,209,85,294,7,42,244,102,395,368,306,674,1069
09/28/2001,PHF,VA,AEA,EN,Towers with Display (VFR),7,46,38,19,110,0,2,200,38,240,7,48,238,57,350,408,158,566,916
09/29/2001,PHF,VA,AEA,EN,Towers with Display (VFR),6,33,29,1,69,0,0,117,0,117,6,33,146,1,186,198,0,198,384
09/30/2001,PHF,VA,AEA,EN,Towers with Display (VFR),5,32,32,0,69,0,0,91,0,91,5,32,123,0,160,130,0,130,290
10/01/2001,PHF,VA,AEA,EN,Towers with Display (VFR),9,41,47,32,129,0,0,73,27,100,9,41,120,59,229,156,72,228,457
10/02/2001,PHF,VA,AEA,EN,Towers with Display (VFR),8,55,53,24,140,0,0,193,71,264,8,55,246,95,404,272,208,480,884
10/03/2001,PHF,VA,AEA,EN,Towers with Display (VFR),7,45,68,15,135,0,0,218,50,268,7,45,286,65,403,406,318,724,1127
10/04/2001,PHF,VA,AEA,EN,Towers with Display (VFR),9,45,66,17,137,0,0,209,93,302,9,45,275,110,439,346,326,672,1111
10/05/2001,PHF,VA,AEA,EN,Towers with Display (VFR),8,51,48,24,131,0,1,160,125,286,8,52,208,149,417,266,224,490,907
10/06/2001,PHF,VA,AEA,EN,Towers with Display (VFR),10,36,18,2,66,0,0,15,0,15,10,36,33,2,81,6,0,6,87
10/07/2001,PHF,VA,AEA,EN,Towers with Display (VFR),8,47,32,2,89,0,0,220,10,230,8,47,252,12,319,174,84,258,577
10/08/2001,PHF,VA,AEA,EN,Towers with Display (VFR),8,32,44,5,89,0,1,179,4,184,8,33,223,9,273,250,2,252,525
10/09/2001,PHF,VA,AEA,EN,Towers with Display (VFR),8,54,49,28,139,0,3,181,86,270,8,57,230,114,409,302,228,530,939
10/10/2001,PHF,VA,AEA,EN,Towers with Display (VFR),8,42,62,16,128,0,3,218,66,287,8,45,280,82,415,368,296,664,1079
10/11/2001,PHF,VA,AEA,EN,Towers with Display (VFR),8,41,51,38,138,0,0,217,65,282,8,41,268,103,420,348,284,632,1052
10/12/2001,PHF,VA,AEA,EN,Towers with Display (VFR),10,36,47,5,98,0,0,182,38,220,10,36,229,43,318,336,236,572,890
10/13/2001,PHF,VA,AEA,EN,Towers with Display (VFR),10,26,41,4,81,0,0,175,52,227,10,26,216,56,308,380,108,488,796
10/14/2001,PHF,VA,AEA,EN,Towers with Display (VFR),7,31,29,3,70,0,0,43,10,53,7,31,72,13,123,32,22,54,177
10/15/2001,PHF,VA,AEA,EN,Towers with Display (VFR),9,38,23,21,91,0,0,131,39,170,9,38,154,60,261,274,158,432,693
10/16/2001,PHF,VA,AEA,EN,Towers with Display (VFR),7,42,52,22,123,0,0,183,80,263,7,42,235,102,386,306,252,558,944
10/17/2001,PHF,VA,AEA,EN,Towers with Display (VFR),8,36,52,38,134,0,0,179,98,277,8,36,231,136,411,300,246,546,957
10/18/2001,PHF,VA,AEA,EN,Towers with Display (VFR),9,34,45,30,118,0,0,130,39,169,9,34,175,69,287,166,102,268,555
10/19/2001,PHF,VA,AEA,EN,Towers with Display (VFR),6,56,54,24,140,0,0,182,53,235,6,56,236,77,375,260,236,496,871
10/20/2001,PHF,VA,AEA,EN,Towers with Display (VFR),7,25,35,7,74,0,0,171,10,181,7,25,206,17,255,134,16,150,405
10/21/2001,PHF,VA,AEA,EN,Towers with Display (VFR),8,33,30,12,83,0,0,100,15,115,8,33,130,27,198,172,71,243,441
10/22/2001,PHF,VA,AEA,EN,Towers with Display (VFR),8,38,39,20,105,0,0,128,53,181,8,38,167,73,286,166,146,312,598
10/23/2001,PHF,VA,AEA,EN,Towers with Display (VFR),8,48,32,6,94,0,0,157,97,254,8,48,189,103,348,268,276,544,892
10/24/2001,PHF,VA,AEA,EN,Towers with Display (VFR),7,49,42,8,106,0,2,184,61,247,7,51,226,69,353,270,242,512,865
10/25/2001,PHF,VA,AEA,EN,Towers with Display (VFR),10,31,40,32,113,0,0,178,16,194,10,31,218,48,307,242,226,468,775
10/26/2001,PHF,VA,AEA,EN,Towers with Display (VFR),14,49,40,16,119,0,1,174,39,214,14,50,214,55,333,222,141,363,696
10/27/2001,PHF,VA,AEA,EN,Towers with Display (VFR),9,21,25,0,55,0,0,163,6,169,9,21,188,6,224,110,24,134,358
10/28/2001,PHF,VA,AEA,EN,Towers with Display (VFR),9,37,48,4,98,0,0,37,195,232,9,37,85,199,330,246,98,344,674
10/29/2001,PHF,VA,AEA,EN,Towers with Display (VFR),8,39,58,27,132,0,0,176,59,235,8,39,234,86,367,314,254,568,935
10/30/2001,PHF,VA,AEA,EN,Towers with Display (VFR),9,45,37,27,118,0,0,168,79,247,9,45,205,106,365,310,270,580,945
10/31/2001,PHF,VA,AEA,EN,Towers with Display (VFR),8,35,0,31,74,0,0,10,120,130,8,35,10,151,204,0,142,142,346
11/01/2001,PHF,VA,AEA,EN,Towers with Display (VFR),7,43,0,31,81,0,0,8,57,65,7,43,8,88,146,0,124,124,270
11/02/2001,PHF,VA,AEA,EN,Towers with Display (VFR),10,43,12,32,97,0,0,4,53,57,10,43,16,85,154,2,224,226,380
11/03/2001,PHF,VA,AEA,EN,Towers with Display (VFR),8,23,0,5,36,0,0,0,8,8,8,23,0,13,44,0,8,8,52
11/04/2001,PHF,VA,AEA,EN,Towers with Display (VFR),9,33,0,5,47,0,0,0,34,34,9,33,0,39,81,0,12,12,93
11/05/2001,PHF,VA,AEA,EN,Towers with Display (VFR),5,41,0,41,87,0,0,0,24,24,5,41,0,65,111,0,296,296,407
11/06/2001,PHF,VA,AEA,EN,Towers with Display (VFR),7,38,0,27,72,0,2,0,100,102,7,40,0,127,174,280,0,280,454
11/07/2001,PHF,VA,AEA,EN,Towers with Display (VFR),7,31,47,25,110,0,0,103,29,132,7,31,150,54,242,176,80,256,498
11/08/2001,PHF,VA,AEA,EN,Towers with Display (VFR),7,37,39,23,106,0,0,156,46,202,7,37,195,69,308,338,185,523,831
11/09/2001,PHF,VA,AEA,EN,Towers with Display (VFR),9,42,27,31,109,0,1,70,43,114,9,43,97,74,223,120,126,246,469
11/10/2001,PHF,VA,AEA,EN,Towers with Display (VFR),8,40,25,8,81,0,0,31,2,33,8,40,56,10,114,50,0,50,164
11/11/2001,PHF,VA,AEA,EN,Towers with Display (VFR),7,30,29,0,66,0,0,4,0,4,7,30,33,0,70,160,0,160,230
11/12/2001,PHF,VA,AEA,EN,Towers with Display (VFR),7,35,41,0,83,0,0,0,2,2,7,35,41,2,85,100,0,100,185
11/13/2001,PHF,VA,AEA,EN,Towers with Display (VFR),9,37,38,53,137,0,0,197,76,273,9,37,235,129,410,220,214,434,844
11/14/2001,PHF,VA,AEA,EN,Towers with Display (VFR),7,47,37,32,123,0,0,136,67,203,7,47,173,99,326,264,202,466,792
11/15/2001,PHF,VA,AEA,EN,Towers with Display (VFR),6,41,41,21,109,0,2,72,52,126,6,43,113,73,235,186,70,256,491
11/16/2001,PHF,VA,AEA,EN,Towers with Display (VFR),5,34,52,25,116,0,0,166,45,211,5,34,218,70,327,300,218,518,845
11/17/2001,PHF,VA,AEA,EN,Towers with Display (VFR),11,36,32,12,91,0,0,168,57,225,11,36,200,69,316,240,234,474,790
11/18/2001,PHF,VA,AEA,EN,Towers with Display (VFR),7,26,22,2,57,0,0,41,20,61,7,26,63,22,118,122,126,248,366
11/19/2001,PHF,VA,AEA,EN,Towers with Display (VFR),8,36,32,16,92,0,2,112,28,142,8,38,144,44,234,106,54,160,394
11/20/2001,PHF,VA,AEA,EN,Towers with Display (VFR),7,34,37,24,102,0,0,55,42,97,7,34,92,66,199,116,0,116,315
11/21/2001,PHF,VA,AEA,EN,Towers with Display (VFR),7,38,49,10,104,0,0,142,30,172,7,38,191,40,276,250,162,412,688
11/22/2001,PHF,VA,AEA,EN,Towers with Display (VFR),6,28,8,0,42,0,0,51,0,51,6,28,59,0,93,10,0,10,103
11/23/2001,PHF,VA,AEA,EN,Towers with Display (VFR),5,22,24,1,52,0,0,147,5,152,5,22,171,6,204,164,162,326,530
11/24/2001,PHF,VA,AEA,EN,Towers with Display (VFR),6,29,24,2,61,0,0,91,32,123,6,29,115,34,184,203,32,235,419
11/25/2001,PHF,VA,AEA,EN,Towers with Display (VFR),7,28,30,17,82,0,0,104,39,143,7,28,134,56,225,186,106,292,517
11/26/2001,PHF,VA,AEA,EN,Towers with Display (VFR),6,24,30,35,95,0,0,120,53,173,6,24,150,88,268,148,98,246,514
11/27/2001,PHF,VA,AEA,EN,Towers with Display (VFR),7,33,33,17,90,0,0,16,33,49,7,33,49,50,139,42,76,118,257
11/28/2001,PHF,VA,AEA,EN,Towers with Display (VFR),7,30,43,9,89,0,0,65,7,72,7,30,108,16,161,98,106,204,365
11/29/2001,PHF,VA,AEA,EN,Towers with Display (VFR),7,45,49,50,151,0,0,172,146,318,7,45,221,196,469,334,290,624,1093
11/30/2001,PHF,VA,AEA,EN,Towers with Display (VFR),7,44,40,24,115,0,0,162,78,240,7,44,202,102,355,250,234,484,839
12/01/2001,PHF,VA,AEA,EN,Towers with Display (VFR),6,34,47,3,90,0,0,180,20,200,6,34,227,23,290,248,90,338,628
12/02/2001,PHF,VA,AEA,EN,Towers with Display (VFR),12,31,50,17,110,0,1,123,36,160,12,32,173,53,270,218,228,446,716
12/03/2001,PHF,VA,AEA,EN,Towers with Display (VFR),7,42,38,22,109,0,5,198,43,246,7,47,236,65,355,278,148,426,781
12/04/2001,PHF,VA,AEA,EN,Towers with Display (VFR),6,43,42,11,102,0,0,143,71,214,6,43,185,82,316,210,180,390,706
12/05/2001,PHF,VA,AEA,EN,Towers with Display (VFR),7,47,33,38,125,0,3,162,77,242,7,50,195,115,367,294,206,500,867
12/06/2001,PHF,VA,AEA,EN,Towers with Display (VFR),9,31,48,28,116,0,0,159,54,213,9,31,207,82,329,232,162,394,723
12/07/2001,PHF,VA,AEA,EN,Towers with Display (VFR),8,29,50,18,105,0,0,185,36,221,8,29,235,54,326,316,234,550,876
12/08/2001,PHF,VA,AEA,EN,Towers with Display (VFR),6,25,31,5,67,0,0,52,4,56,6,25,83,9,123,84,28,112,235
12/09/2001,PHF,VA,AEA,EN,Towers with Display (VFR),7,26,12,3,48,0,0,176,24,200,7,26,188,27,248,212,84,296,544
12/10/2001,PHF,VA,AEA,EN,Towers with Display (VFR),6,40,41,34,121,0,0,155,51,206,6,40,196,85,327,264,184,448,775
12/11/2001,PHF,VA,AEA,EN,Towers with Display (VFR),10,46,19,31,106,0,1,4,23,28,10,47,23,54,134,0,0,0,134
12/12/2001,PHF,VA,AEA,EN,Towers with Display (VFR),7,45,52,21,125,0,6,127,39,172,7,51,179,60,297,166,102,268,565
12/13/2001,PHF,VA,AEA,EN,Towers with Display (VFR),8,42,33,19,102,0,0,50,16,66,8,42,83,35,168,100,66,166,334
12/14/2001,PHF,VA,AEA,EN,Towers with Display (VFR),6,30,24,7,67,0,0,46,5,51,6,30,70,12,118,130,90,220,338
12/15/2001,PHF,VA,AEA,EN,Towers with Display (VFR),6,24,26,1,57,0,0,41,0,41,6,24,67,1,98,138,0,138,236
12/16/2001,PHF,VA,AEA,EN,Towers with Display (VFR),7,29,32,5,73,0,0,123,15,138,7,29,155,20,211,268,214,482,693
12/17/2001,PHF,VA,AEA,EN,Towers with Display (VFR),6,40,33,17,96,0,0,121,55,176,6,40,154,72,272,194,150,344,616
12/18/2001,PHF,VA,AEA,EN,Towers with Display (VFR),8,43,25,13,89,0,3,141,45,189,8,46,166,58,278,104,86,190,468
12/19/2001,PHF,VA,AEA,EN,Towers with Display (VFR),7,44,39,5,95,0,0,106,21,127,7,44,145,26,222,98,10,108,330
12/20/2001,PHF,VA,AEA,EN,Towers with Display (VFR),7,46,41,7,101,0,1,185,38,224,7,47,226,45,325,210,60,270,595
12/21/2001,PHF,VA,AEA,EN,Towers with Display (VFR),7,33,40,29,109,0,0,157,87,244,7,33,197,116,353,304,172,476,829
12/22/2001,PHF,VA,AEA,EN,Towers with Display (VFR),6,25,36,6,73,0,0,167,6,173,6,25,203,12,246,220,0,220,466
12/23/2001,PHF,VA,AEA,EN,Towers with Display (VFR),6,20,17,0,43,0,0,81,0,81,6,20,98,0,124,112,0,112,236
12/24/2001,PHF,VA,AEA,EN,Towers with Display (VFR),12,29,9,0,50,0,0,87,0,87,12,29,96,0,137,68,0,68,205
12/25/2001,PHF,VA,AEA,EN,Towers with Display (VFR),8,17,3,0,28,0,0,21,0,21,8,17,24,0,49,40,0,40,89
12/26/2001,PHF,VA,AEA,EN,Towers with Display (VFR),8,26,23,7,64,0,0,71,3,74,8,26,94,10,138,184,26,210,348
12/27/2001,PHF,VA,AEA,EN,Towers with Display (VFR),7,32,24,10,73,0,0,219,72,291,7,32,243,82,364,290,362,652,1016
12/28/2001,PHF,VA,AEA,EN,Towers with Display (VFR),10,27,21,12,70,0,0,188,70,258,10,27,209,82,328,362,274,636,964
12/29/2001,PHF,VA,AEA,EN,Towers with Display (VFR),6,20,23,0,49,0,0,131,0,131,6,20,154,0,180,172,0,172,352
12/30/2001,PHF,VA,AEA,EN,Towers with Display (VFR),7,18,6,2,33,0,0,82,0,82,7,18,88,2,115,174,0,174,289
12/31/2001,PHF,VA,AEA,EN,Towers with Display (VFR),7,27,20,0,54,0,0,110,0,110,7,27,130,0,164,134,0,134,298
01/01/2002,PHF,VA,AEA,EN,Towers with Display (VFR),7,21,27,0,55,0,0,135,0,135,7,21,162,0,190,186,0,186,376
01/02/2002,PHF,VA,AEA,EN,Towers with Display (VFR),4,24,32,11,71,0,0,157,24,181,4,24,189,35,252,268,60,328,580
01/03/2002,PHF,VA,AEA,EN,Towers with Display (VFR),0,10,3,4,17,0,0,0,0,0,0,10,3,4,17,0,0,0,17
01/04/2002,PHF,VA,AEA,EN,Towers with Display (VFR),6,26,31,3,66,0,0,9,10,19,6,26,40,13,85,0,4,4,89
01/05/2002,PHF,VA,AEA,EN,Towers with Display (VFR),8,18,14,1,41,0,0,2,4,6,8,18,16,5,47,128,4,132,179
01/06/2002,PHF,VA,AEA,EN,Towers with Display (VFR),6,20,0,13,39,0,2,18,3,23,6,22,18,16,62,60,6,66,128
01/07/2002,PHF,VA,AEA,EN,Towers with Display (VFR),7,36,19,5,67,0,0,3,4,7,7,36,22,9,74,47,0,47,121
01/08/2002,PHF,VA,AEA,EN,Towers with Display (VFR),8,39,41,6,94,0,0,188,30,218,8,39,229,36,312,248,148,396,708
01/09/2002,PHF,VA,AEA,EN,Towers with Display (VFR),6,34,44,27,111,0,3,169,37,209,6,37,213,64,320,234,288,522,842
01/10/2002,PHF,VA,AEA,EN,Towers with Display (VFR),7,34,29,16,86,0,0,165,22,187,7,34,194,38,273,299,194,493,766
01/11/2002,PHF,VA,AEA,EN,Towers with Display (VFR),7,38,30,18,93,0,0,123,28,151,7,38,153,46,244,206,110,316,560
01/12/2002,PHF,VA,AEA,EN,Towers with Display (VFR),10,36,28,22,96,0,0,171,59,230,10,36,199,81,326,278,192,470,796
01/13/2002,PHF,VA,AEA,EN,Towers with Display (VFR),7,35,10,3,55,0,0,0,0,0,7,35,10,3,55,210,20,230,285
01/14/2002,PHF,VA,AEA,EN,Towers with Display (VFR),7,37,35,12,91,0,3,116,35,154,7,40,151,47,245,310,232,542,787
01/15/2002,PHF,VA,AEA,EN,Towers with Display (VFR),7,34,40,20,101,0,3,172,47,222,7,37,212,67,323,246,236,482,805
01/16/2002,PHF,VA,AEA,EN,Towers with Display (VFR),7,34,37,9,87,0,0,159,55,214,7,34,196,64,301,296,86,382,683
01/17/2002,PHF,VA,AEA,EN,Towers with Display (VFR),7,43,45,19,114,0,1,194,72,267,7,44,239,91,381,350,272,622,1003
01/18/2002,PHF,VA,AEA,EN,Towers with Display (VFR),7,33,32,15,87,0,0,111,60,171,7,33,143,75,258,232,168,400,658
01/19/2002,PHF,VA,AEA,EN,Towers with Display (VFR),12,28,13,9,62,1,0,30,0,31,13,28,43,9,93,42,32,74,167
01/20/2002,PHF,VA,AEA,EN,Towers with Display (VFR),7,32,12,0,51,0,0,148,0,148,7,32,160,0,199,334,0,334,533
01/21/2002,PHF,VA,AEA,EN,Towers with Display (VFR),7,32,40,12,91,0,0,112,8,120,7,32,152,20,211,106,56,162,373
01/22/2002,PHF,VA,AEA,EN,Towers with Display (VFR),8,44,42,12,106,0,0,150,41,191,8,44,192,53,297,226,152,378,675
01/23/2002,PHF,VA,AEA,EN,Towers with Display (VFR),7,35,40,4,86,0,0,168,45,213,7,35,208,49,299,308,222,530,829
01/24/2002,PHF,VA,AEA,EN,Towers with Display (VFR),7,47,22,25,101,0,0,116,35,151,7,47,138,60,252,188,112,300,552
01/25/2002,PHF,VA,AEA,EN,Towers with Display (VFR),8,45,30,18,101,0,2,96,29,127,8,47,126,47,228,78,44,122,350
01/26/2002,PHF,VA,AEA,EN,Towers with Display (VFR),11,22,29,10,72,0,0,188,33,221,11,22,217,43,293,346,206,552,845
01/27/2002,PHF,VA,AEA,EN,Towers with Display (VFR),8,25,30,5,68,0,1,220,3,224,8,26,250,8,292,468,0,468,760
01/28/2002,PHF,VA,AEA,EN,Towers with Display (VFR),7,46,41,16,110,0,0,112,50,162,7,46,153,66,272,234,158,392,664
01/29/2002,PHF,VA,AEA,EN,Towers with Display (VFR),7,48,37,12,104,0,0,168,79,247,7,48,205,91,351,328,228,556,907
01/30/2002,PHF,VA,AEA,EN,Towers with Display (VFR),7,52,32,18,109,0,1,205,57,263,7,53,237,75,372,312,256,568,940
01/31/2002,PHF,VA,AEA,EN,Towers with Display (VFR),7,40,25,11,83,1,0,17,8,26,8,40,42,19,109,0,0,0,109
02/01/2002,PHF,VA,AEA,EN,Towers with Display (VFR),11,44,22,11,88,1,1,153,27,182,12,45,175,38,270,156,40,196,466
02/02/2002,PHF,VA,AEA,EN,Towers with Display (VFR),11,27,16,2,56,1,0,121,10,132,12,27,137,12,188,242,28,270,458
02/03/2002,PHF,VA,AEA,EN,Towers with Display (VFR),6,25,20,2,53,1,0,105,0,106,7,25,125,2,159,298,0,298,457
02/04/2002,PHF,VA,AEA,EN,Towers with Display (VFR),8,36,32,16,92,1,0,150,72,223,9,36,182,88,315,238,212,450,765
02/05/2002,PHF,VA,AEA,EN,Towers with Display (VFR),6,45,36,5,92,1,1,125,53,180,7,46,161,58,272,410,220,630,902
02/06/2002,PHF,VA,AEA,EN,Towers with Display (VFR),10,33,33,30,106,0,1,162,91,254,10,34,195,121,360,274,266,540,900
02/07/2002,PHF,VA,AEA,EN,Towers with Display (VFR),14,36,16,8,74,0,3,7,5,15,14,39,23,13,89,8,12,20,109
02/08/2002,PHF,VA,AEA,EN,Towers with Display (VFR),12,47,36,36,131,0,1,150,18,169,12,48,186,54,300,212,66,278,578
02/09/2002,PHF,VA,AEA,EN,Towers with Display (VFR),11,28,27,12,78,0,1,198,6,205,11,29,225,18,283,418,0,418,701
02/10/2002,PHF,VA,AEA,EN,Towers with Display (VFR),11,30,28,16,85,0,1,146,13,160,11,31,174,29,245,322,82,404,649
02/11/2002,PHF,VA,AEA,EN,Towers with Display (VFR),13,43,17,18,91,0,1,78,51,130,13,44,95,69,221,102,110,212,433
02/12/2002,PHF,VA,AEA,EN,Towers with Display (VFR),13,40,46,20,119,0,0,115,126,241,13,40,161,146,360,176,294,470,830
02/13/2002,PHF,VA,AEA,EN,Towers with Display (VFR),10,39,54,27,130,3,1,98,55,157,13,40,152,82,287,128,168,296,583
02/14/2002,PHF,VA,AEA,EN,Towers with Display (VFR),13,37,39,10,99,0,3,116,14,133,13,40,155,24,232,190,28,218,450
02/15/2002,PHF,VA,AEA,EN,Towers with Display (VFR),13,33,18,17,81,0,10,172,34,216,13,43,190,51,297,366,156,522,819
02/16/2002,PHF,VA,AEA,EN,Towers with Display (VFR),13,27,24,0,64,0,1,130,0,131,13,28,154,0,195,264,0,264,459
02/17/2002,PHF,VA,AEA,EN,Towers with Display (VFR),13,17,9,1,40,0,1,94,13,108,13,18,103,14,148,254,0,254,402
02/18/2002,PHF,VA,AEA,EN,Towers with Display (VFR),13,36,41,2,92,0,1,214,28,243,13,37,255,30,335,408,130,538,873
02/19/2002,PHF,VA,AEA,EN,Towers with Display (VFR),14,39,42,18,113,0,1,157,70,228,14,40,199,88,341,410,282,692,1033
02/20/2002,PHF,VA,AEA,EN,Towers with Display (VFR),12,35,35,14,96,0,1,147,59,207,12,36,182,73,303,376,248,624,927
02/21/2002,PHF,VA,AEA,EN,Towers with Display (VFR),13,35,23,21,92,0,0,164,44,208,13,35,187,65,300,354,236,590,890
02/22/2002,PHF,VA,AEA,EN,Towers with Display (VFR),12,44,48,15,119,0,0,210,73,283,12,44,258,88,402,268,200,468,870
02/23/2002,PHF,VA,AEA,EN,Towers with Display (VFR),14,16,20,5,55,0,0,177,5,182,14,16,197,10,237,282,36,318,555
02/24/2002,PHF,VA,AEA,EN,Towers with Display (VFR),9,25,11,6,51,0,0,220,67,287,9,25,231,73,338,406,48,454,792
02/25/2002,PHF,VA,AEA,EN,Towers with Display (VFR),14,30,44,15,103,0,0,190,55,245,14,30,234,70,348,308,136,444,792
02/26/2002,PHF,VA,AEA,EN,Towers with Display (VFR),13,40,38,7,98,0,1,248,41,290,13,41,286,48,388,376,190,566,954
02/27/2002,PHF,VA,AEA,EN,Towers with Display (VFR),11,36,19,2,68,0,0,130,12,142,11,36,149,14,210,32,0,32,242
02/28/2002,PHF,VA,AEA,EN,Towers with Display (VFR),13,34,25,14,86,0,0,108,33,141,13,34,133,47,227,128,86,214,441
03/01/2002,PHF,VA,AEA,EN,Towers with Display (VFR),12,36,40,16,104,1,0,114,10,125,13,36,154,26,229,282,22,304,533
03/02/2002,PHF,VA,AEA,EN,Towers with Display (VFR),12,29,17,4,62,1,3,69,4,77,13,32,86,8,139,44,76,120,259
03/03/2002,PHF,VA,AEA,EN,Towers with Display (VFR),12,23,16,2,53,1,0,21,11,33,13,23,37,13,86,44,0,44,130
03/04/2002,PHF,VA,AEA,EN,Towers with Display (VFR),10,40,18,18,86,1,0,172,49,222,11,40,190,67,308,264,246,510,818
03/05/2002,PHF,VA,AEA,EN,Towers with Display (VFR),18,49,20,19,106,1,3,206,64,274,19,52,226,83,380,440,336,776,1156
03/06/2002,PHF,VA,AEA,EN,Towers with Display (VFR),18,53,35,13,119,1,0,231,49,281,19,53,266,62,400,418,306,724,1124
03/07/2002,PHF,VA,AEA,EN,Towers with Display (VFR),18,60,35,4,117,1,0,127,45,173,19,60,162,49,290,228,44,272,562
03/08/2002,PHF,VA,AEA,EN,Towers with Display (VFR),21,38,36,13,108,1,1,205,35,242,22,39,241,48,350,332,94,426,776
03/09/2002,PHF,VA,AEA,EN,Towers with Display (VFR),20,25,27,6,78,0,1,143,30,174,20,26,170,36,252,264,116,380,632
03/10/2002,PHF,VA,AEA,EN,Towers with Display (VFR),19,20,10,0,49,0,2,120,0,122,19,22,130,0,171,20,4,24,195
03/11/2002,PHF,VA,AEA,EN,Towers with Display (VFR),19,41,49,15,124,0,1,188,76,265,19,42,237,91,389,392,226,618,1007
03/12/2002,PHF,VA,AEA,EN,Towers with Display (VFR),18,58,27,6,109,0,3,156,54,213,18,61,183,60,322,281,184,465,787
03/13/2002,PHF,VA,AEA,EN,Towers with Display (VFR),17,39,32,1,89,2,1,3,0,6,19,40,35,1,95,0,0,0,95
03/14/2002,PHF,VA,AEA,EN,Towers with Display (VFR),18,41,41,30,130,0,0,189,79,268,18,41,230,109,398,210,324,534,932
03/15/2002,PHF,VA,AEA,EN,Towers with Display (VFR),27,40,48,22,137,0,0,244,60,304,27,40,292,82,441,340,260,600,1041
03/16/2002,PHF,VA,AEA,EN,Towers with Display (VFR),19,27,18,7,71,0,0,157,10,167,19,27,175,17,238,308,114,422,660
03/17/2002,PHF,VA,AEA,EN,Towers with Display (VFR),19,31,18,5,73,0,0,15,4,19,19,31,33,9,92,42,38,80,172
03/18/2002,PHF,VA,AEA,EN,Towers with Display (VFR),20,37,39,4,100,0,0,7,1,8,20,37,46,5,108,0,0,0,108
03/19/2002,PHF,VA,AEA,EN,Towers with Display (VFR),19,46,37,24,126,0,0,7,13,20,19,46,44,37,146,0,0,0,146
03/20/2002,PHF,VA,AEA,EN,Towers with Display (VFR),18,33,24,9,84,0,0,76,17,93,18,33,100,26,177,92,120,212,389
03/21/2002,PHF,VA,AEA,EN,Towers with Display (VFR),19,50,45,16,130,0,0,181,66,247,19,50,226,82,377,264,226,490,867
03/22/2002,PHF,VA,AEA,EN,Towers with Display (VFR),18,37,36,26,117,0,0,214,68,282,18,37,250,94,399,208,174,382,781
03/23/2002,PHF,VA,AEA,EN,Towers with Display (VFR),22,23,41,0,86,0,0,156,28,184,22,23,197,28,270,354,8,362,632
03/24/2002,PHF,VA,AEA,EN,Towers with Display (VFR),17,28,24,0,69,0,0,153,0,153,17,28,177,0,222,278,4,282,504
03/25/2002,PHF,VA,AEA,EN,Towers with Display (VFR),21,32,42,15,110,0,0,188,56,244,21,32,230,71,354,280,196,476,830
03/26/2002,PHF,VA,AEA,EN,Towers with Display (VFR),19,35,23,21,98,0,1,62,67,130,19,36,85,88,228,162,136,298,526
03/27/2002,PHF,VA,AEA,EN,Towers with Display (VFR),18,41,58,17,134,0,0,251,78,329,18,41,309,95,463,354,296,650,1113
03/28/2002,PHF,VA,AEA,EN,Towers with Display (VFR),19,37,43,22,121,0,0,155,57,212,19,37,198,79,333,420,210,630,963
03/29/2002,PHF,VA,AEA,EN,Towers with Display (VFR),19,29,29,16,93,0,0,200,60,260,19,29,229,76,353,194,114,308,661
03/30/2002,PHF,VA,AEA,EN,Towers with Display (VFR),20,23,16,5,64,0,0,24,7,31,20,23,40,12,95,164,0,164,259
03/31/2002,PHF,VA,AEA,EN,Towers with Display (VFR),19,27,14,0,60,0,0,17,0,17,19,27,31,0,77,22,0,22,99
04/01/2002,PHF,VA,AEA,EN,Towers with Display (VFR),20,37,34,3,94,0,0,168,43,211,20,37,202,46,305,314,262,576,881
04/02/2002,PHF,VA,AEA,EN,Towers with Display (VFR),22,37,39,12,110,0,0,193,75,268,22,37,232,87,378,334,266,600,978
04/03/2002,PHF,VA,AEA,EN,Towers with Display (VFR),23,42,37,8,110,0,0,117,35,152,23,42,154,43,262,126,100,226,488
04/04/2002,PHF,VA,AEA,EN,Towers with Display (VFR),20,34,37,15,106,0,1,139,33,173,20,35,176,48,279,176,162,338,617
04/05/2002,PHF,VA,AEA,EN,Towers with Display (VFR),29,42,45,28,144,0,0,239,38,277,29,42,284,66,421,264,166,430,851
04/06/2002,PHF,VA,AEA,EN,Towers with Display (VFR),20,23,28,17,88,0,0,185,58,243,20,23,213,75,331,330,366,696,1027
04/07/2002,PHF,VA,AEA,EN,Towers with Display (VFR),18,23,25,11,77,0,0,127,59,186,18,23,152,70,263,262,136,398,661
04/08/2002,PHF,VA,AEA,EN,Towers with Display (VFR),19,32,34,12,97,0,0,197,35,232,19,32,231,47,329,370,402,772,1101
04/09/2002,PHF,VA,AEA,EN,Towers with Display (VFR),19,43,50,13,125,0,0,231,56,287,19,43,281,69,412,302,352,654,1066
04/10/2002,PHF,VA,AEA,EN,Towers with Display (VFR),20,41,51,9,121,0,0,156,44,200,20,41,207,53,321,228,288,516,837
04/11/2002,PHF,VA,AEA,EN,Towers with Display (VFR),18,38,45,14,115,0,0,116,16,132,18,38,161,30,247,278,122,400,647
04/12/2002,PHF,VA,AEA,EN,Towers with Display (VFR),19,26,32,38,115,0,0,111,51,162,19,26,143,89,277,156,194,350,627
04/13/2002,PHF,VA,AEA,EN,Towers with Display (VFR),19,26,23,64,132,0,0,146,3,149,19,26,169,67,281,188,0,188,469
04/14/2002,PHF,VA,AEA,EN,Towers with Display (VFR),20,19,30,2,71,0,0,305,14,319,20,19,335,16,390,254,12,266,656
04/15/2002,PHF,VA,AEA,EN,Towers with Display (VFR),19,40,47,8,114,0,0,190,51,241,19,40,237,59,355,300,310,610,965
04/16/2002,PHF,VA,AEA,EN,Towers with Display (VFR),19,35,51,12,117,0,0,169,64,233,19,35,220,76,350,290,168,458,808
04/17/2002,PHF,VA,AEA,EN,Towers with Display (VFR),19,30,56,4,109,0,0,196,12,208,19,30,252,16,317,326,32,358,675
04/18/2002,PHF,VA,AEA,EN,Towers with Display (VFR),17,30,34,8,89,0,0,103,58,161,17,30,137,66,250,194,86,280,530
04/19/2002,PHF,VA,AEA,EN,Towers with Display (VFR),20,34,42,12,108,0,0,98,22,120,20,34,140,34,228,184,122,306,534
04/20/2002,PHF,VA,AEA,EN,Towers with Display (VFR),20,20,18,2,60,0,0,141,14,155,20,20,159,16,215,216,24,240,455
04/21/2002,PHF,VA,AEA,EN,Towers with Display (VFR),19,25,45,10,99,0,0,156,16,172,19,25,201,26,271,290,166,456,727
04/22/2002,PHF,VA,AEA,EN,Towers with Display (VFR),18,31,42,9,100,0,0,59,28,87,18,31,101,37,187,74,70,144,331
04/23/2002,PHF,VA,AEA,EN,Towers with Display (VFR),18,49,37,18,122,0,0,133,53,186,18,49,170,71,308,288,210,498,806
04/24/2002,PHF,VA,AEA,EN,Towers with Display (VFR),17,50,52,16,135,0,0,105,45,150,17,50,157,61,285,220,136,356,641
04/25/2002,PHF,VA,AEA,EN,Towers with Display (VFR),18,46,33,5,102,0,0,59,41,100,18,46,92,46,202,130,114,244,446
04/26/2002,PHF,VA,AEA,EN,Towers with Display (VFR),20,43,48,16,127,0,0,170,32,202,20,43,218,48,329,300,164,464,793
04/27/2002,PHF,VA,AEA,EN,Towers with Display (VFR),19,23,25,3,70,0,0,80,12,92,19,23,105,15,162,118,16,134,296
04/28/2002,PHF,VA,AEA,EN,Towers with Display (VFR),18,25,24,4,71,1,0,22,0,23,19,25,46,4,94,16,0,16,110
04/29/2002,PHF,VA,AEA,EN,Towers with Display (VFR),18,39,38,8,103,0,0,328,11,339,18,39,366,19,442,312,28,340,782
04/30/2002,PHF,VA,AEA,EN,Towers with Display (VFR),19,42,40,28,129,0,0,180,53,233,19,42,220,81,362,268,320,588,950
05/01/2002,PHF,VA,AEA,EN,Towers with Display (VFR),19,50,46,34,149,0,0,166,74,240,19,50,212,108,389,374,370,744,1133
05/02/2002,PHF,VA,AEA,EN,Towers with Display (VFR),15,39,31,7,92,0,0,76,12,88,15,39,107,19,180,152,0,152,332
05/03/2002,PHF,VA,AEA,EN,Towers with Display (VFR),15,34,40,16,105,0,0,151,27,178,15,34,191,43,283,206,126,332,615
05/04/2002,PHF,VA,AEA,EN,Towers with Display (VFR),15,38,25,0,78,0,0,114,0,114,15,38,139,0,192,19,33,52,244
05/05/2002,PHF,VA,AEA,EN,Towers with Display (VFR),15,29,27,1,72,4,4,95,0,103,19,33,122,1,175,178,0,178,353
05/06/2002,PHF,VA,AEA,EN,Towers with Display (VFR),18,37,36,3,94,0,0,134,44,178,18,37,170,47,272,256,112,368,640
05/07/2002,PHF,VA,AEA,EN,Towers with Display (VFR),19,29,42,8,98,0,0,137,75,212,19,29,179,83,310,200,200,400,710
05/08/2002,PHF,VA,AEA,EN,Towers with Display (VFR),19,38,27,8,92,0,2,146,53,201,19,40,173,61,293,268,230,498,791
05/09/2002,PHF,VA,AEA,EN,Towers with Display (VFR),18,40,25,8,91,0,0,113,23,136,18,40,138,31,227,216,54,270,497
05/10/2002,PHF,VA,AEA,EN,Towers with Display (VFR),9,30,31,30,100,0,0,245,51,296,9,30,276,81,396,366,174,540,936
05/11/2002,PHF,VA,AEA,EN,Towers with Display (VFR),19,21,25,0,65,0,0,93,0,93,19,21,118,0,158,180,0,180,338
05/12/2002,PHF,VA,AEA,EN,Towers with Display (VFR),18,22,14,2,56,0,0,88,0,88,18,22,102,2,144,114,0,114,258
05/13/2002,PHF,VA,AEA,EN,Towers with Display (VFR),18,30,23,7,78,0,0,69,31,100,18,30,92,38,178,124,64,188,366
05/14/2002,PHF,VA,AEA,EN,Towers with Display (VFR),21,43,17,15,96,0,0,160,53,213,21,43,177,68,309,284,222,506,815
05/15/2002,PHF,VA,AEA,EN,Towers with Display (VFR),18,47,32,10,107,0,0,181,43,224,18,47,213,53,331,312,266,578,909
05/16/2002,PHF,VA,AEA,EN,Towers with Display (VFR),19,35,48,17,119,0,0,265,44,309,19,35,313,61,428,362,256,618,1046
05/17/2002,PHF,VA,AEA,EN,Towers with Display (VFR),21,29,63,17,130,0,0,228,48,276,21,29,291,65,406,322,300,622,1028
05/18/2002,PHF,VA,AEA,EN,Towers with Display (VFR),19,24,11,7,61,0,0,73,39,112,19,24,84,46,173,206,246,452,625
05/19/2002,PHF,VA,AEA,EN,Towers with Display (VFR),19,23,28,11,81,0,0,127,35,162,19,23,155,46,243,270,88,358,601
05/20/2002,PHF,VA,AEA,EN,Towers with Display (VFR),19,34,56,17,126,0,0,205,59,264,19,34,261,76,390,448,190,638,1028
05/21/2002,PHF,VA,AEA,EN,Towers with Display (VFR),17,31,47,16,111,0,0,242,22,264,17,31,289,38,375,340,160,500,875
05/22/2002,PHF,VA,AEA,EN,Towers with Display (VFR),19,52,69,30,170,0,3,222,27,252,19,55,291,57,422,354,192,546,968
05/23/2002,PHF,VA,AEA,EN,Towers with Display (VFR),19,49,34,14,116,0,0,102,54,156,19,49,136,68,272,206,228,434,706
05/24/2002,PHF,VA,AEA,EN,Towers with Display (VFR),19,35,66,6,126,0,0,110,38,148,19,35,176,44,274,274,56,330,604
05/25/2002,PHF,VA,AEA,EN,Towers with Display (VFR),19,14,30,7,70,0,0,91,9,100,19,14,121,16,170,78,0,78,248
05/26/2002,PHF,VA,AEA,EN,Towers with Display (VFR),19,19,20,2,60,0,0,72,1,73,19,19,92,3,133,134,0,134,267
05/27/2002,PHF,VA,AEA,EN,Towers with Display (VFR),17,25,27,5,74,0,0,130,3,133,17,25,157,8,207,140,0,140,347
05/28/2002,PHF,VA,AEA,EN,Towers with Display (VFR),19,59,36,20,134,0,0,179,14,193,19,59,215,34,327,226,214,440,767
05/29/2002,PHF,VA,AEA,EN,Towers with Display (VFR),20,43,46,27,136,0,1,212,45,258,20,44,258,72,394,330,226,556,950
05/30/2002,PHF,VA,AEA,EN,Towers with Display (VFR),19,41,40,46,146,0,0,100,46,146,19,41,140,92,292,78,150,228,520
05/31/2002,PHF,VA,AEA,EN,Towers with Display (VFR),17,46,27,20,110,0,0,101,21,122,17,46,128,41,232,138,84,222,454
06/01/2002,PHF,VA,AEA,EN,Towers with Display (VFR),19,25,32,0,76,1,0,58,0,59,20,25,90,0,135,104,0,104,239
06/02/2002,PHF,VA,AEA,EN,Towers with Display (VFR),20,30,23,13,86,0,0,151,4,155,20,30,174,17,241,356,132,488,729
06/03/2002,PHF,VA,AEA,EN,Towers with Display (VFR),19,38,38,17,112,0,0,202,30,232,19,38,240,47,344,266,188,454,798
06/04/2002,PHF,VA,AEA,EN,Towers with Display (VFR),18,56,43,29,146,0,2,124,69,195,18,58,167,98,341,414,330,744,1085
06/05/2002,PHF,VA,AEA,EN,Towers with Display (VFR),18,56,37,9,120,0,0,186,67,253,18,56,223,76,373,374,306,680,1053
06/06/2002,PHF,VA,AEA,EN,Towers with Display (VFR),16,33,28,10,87,0,0,153,19,172,16,33,181,29,259,182,96,278,537
06/07/2002,PHF,VA,AEA,EN,Towers with Display (VFR),19,44,52,12,127,0,0,177,31,208,19,44,229,43,335,146,96,242,577
06/08/2002,PHF,VA,AEA,EN,Towers with Display (VFR),19,19,31,6,75,0,0,135,9,144,19,19,166,15,219,90,56,146,365
06/09/2002,PHF,VA,AEA,EN,Towers with Display (VFR),18,29,32,1,80,0,0,223,2,225,18,29,255,3,305,434,0,434,739
06/10/2002,PHF,VA,AEA,EN,Towers with Display (VFR),18,43,28,26,115,0,0,14,18,32,18,43,42,44,147,382,124,506,653
06/11/2002,PHF,VA,AEA,EN,Towers with Display (VFR),17,35,48,17,117,0,0,154,66,220,17,35,202,83,337,366,324,690,1027
06/12/2002,PHF,VA,AEA,EN,Towers with Display (VFR),17,42,41,22,122,0,0,158,52,210,17,42,199,74,332,164,106,270,602
06/13/2002,PHF,VA,AEA,EN,Towers with Display (VFR),20,50,50,18,138,0,1,160,16,177,20,51,210,34,315,240,204,444,759
06/14/2002,PHF,VA,AEA,EN,Towers with Display (VFR),15,36,44,18,113,0,0,131,18,149,15,36,175,36,262,128,92,220,482
06/15/2002,PHF,VA,AEA,EN,Towers with Display (VFR),20,49,21,7,97,0,0,178,9,187,20,49,199,16,284,182,26,208,492
06/16/2002,PHF,VA,AEA,EN,Towers with Display (VFR),18,39,31,0,88,0,0,79,7,86,18,39,110,7,174,172,0,172,346
06/17/2002,PHF,VA,AEA,EN,Towers with Display (VFR),16,41,25,13,95,0,0,140,51,191,16,41,165,64,286,222,200,422,708
06/18/2002,PHF,VA,AEA,EN,Towers with Display (VFR),20,46,54,23,143,0,0,146,59,205,20,46,200,82,348,280,314,594,942
06/19/2002,PHF,VA,AEA,EN,Towers with Display (VFR),17,52,42,23,134,0,0,194,59,253,17,52,236,82,387,250,214,464,851
06/20/2002,PHF,VA,AEA,EN,Towers with Display (VFR),20,44,42,15,121,0,0,268,110,378,20,44,310,125,499,404,256,660,1159
06/21/2002,PHF,VA,AEA,EN,Towers with Display (VFR),23,55,48,19,145,0,1,418,36,455,23,56,466,55,600,542,328,870,1470
06/22/2002,PHF,VA,AEA,EN,Towers with Display (VFR),18,44,31,12,105,0,0,136,15,151,18,44,167,27,256,246,24,270,526
06/23/2002,PHF,VA,AEA,EN,Towers with Display (VFR),19,28,26,7,80,0,0,91,48,139,19,28,117,55,219,198,16,214,433
06/24/2002,PHF,VA,AEA,EN,Towers with Display (VFR),20,37,49,16,122,10,0,149,54,213,30,37,198,70,335,386,188,574,909
06/25/2002,PHF,VA,AEA,EN,Towers with Display (VFR),15,33,47,17,112,0,0,139,75,214,15,33,186,92,326,378,262,640,966
06/26/2002,PHF,VA,AEA,EN,Towers with Display (VFR),22,54,47,13,136,0,0,182,47,229,22,54,229,60,365,278,240,518,883
06/27/2002,PHF,VA,AEA,EN,Towers with Display (VFR),15,36,36,23,110,0,0,156,22,178,15,36,192,45,288,270,216,486,774
06/28/2002,PHF,VA,AEA,EN,Towers with Display (VFR),19,33,42,23,117,0,0,211,23,234,19,33,253,46,351,364,148,512,863
06/29/2002,PHF,VA,AEA,EN,Towers with Display (VFR),19,25,31,4,79,0,0,155,32,187,19,25,186,36,266,292,166,458,724
06/30/2002,PHF,VA,AEA,EN,Towers with Display (VFR),17,37,20,6,80,0,0,153,3,156,17,37,173,9,236,240,0,240,476
07/01/2002,PHF,VA,AEA,EN,Towers with Display (VFR),19,34,53,10,116,0,0,209,40,249,19,34,262,50,365,380,236,616,981
07/02/2002,PHF,VA,AEA,EN,Towers with Display (VFR),17,30,35,7,89,0,1,217,16,234,17,31,252,23,323,242,212,454,777
07/03/2002,PHF,VA,AEA,EN,Towers with Display (VFR),19,30,41,14,104,0,0,208,26,234,19,30,249,40,338,24,300,324,662
07/04/2002,PHF,VA,AEA,EN,Towers with Display (VFR),17,24,12,2,55,0,0,42,2,44,17,24,54,4,99,152,0,152,251
07/05/2002,PHF,VA,AEA,EN,Towers with Display (VFR),18,26,26,3,73,0,0,70,7,77,18,26,96,10,150,130,38,168,318
07/06/2002,PHF,VA,AEA,EN,Towers with Display (VFR),19,21,25,1,66,0,0,60,1,61,19,21,85,2,127,60,0,60,187
07/07/2002,PHF,VA,AEA,EN,Towers with Display (VFR),21,26,40,0,87,0,0,111,14,125,21,26,151,14,212,244,38,282,494
07/08/2002,PHF,VA,AEA,EN,Towers with Display (VFR),18,36,32,10,96,0,0,212,41,253,18,36,244,51,349,310,210,520,869
07/09/2002,PHF,VA,AEA,EN,Towers with Display (VFR),20,45,37,28,130,0,0,176,60,236,20,45,213,88,366,376,216,592,958
07/10/2002,PHF,VA,AEA,EN,Towers with Display (VFR),19,42,46,10,117,0,0,181,42,223,19,42,227,52,340,284,252,536,876
07/11/2002,PHF,VA,AEA,EN,Towers with Display (VFR),17,55,58,42,172,0,2,149,95,246,17,57,207,137,418,222,96,318,736
07/12/2002,PHF,VA,AEA,EN,Towers with Display (VFR),10,51,61,24,146,0,0,100,40,140,10,51,161,64,286,236,120,356,642
07/13/2002,PHF,VA,AEA,EN,Towers with Display (VFR),21,37,19,1,78,0,0,96,2,98,21,37,115,3,176,132,2,134,310
07/14/2002,PHF,VA,AEA,EN,Towers with Display (VFR),17,36,28,0,81,0,0,53,0,53,17,36,81,0,134,110,0,110,244
07/15/2002,PHF,VA,AEA,EN,Towers with Display (VFR),21,52,32,15,120,0,1,106,15,122,21,53,138,30,242,291,34,325,567
07/16/2002,PHF,VA,AEA,EN,Towers with Display (VFR),20,39,37,31,127,0,0,126,70,196,20,39,163,101,323,378,276,654,977
07/17/2002,PHF,VA,AEA,EN,Towers with Display (VFR),19,39,59,22,139,0,2,142,64,208,19,41,201,86,347,294,292,586,933
07/18/2002,PHF,VA,AEA,EN,Towers with Display (VFR),16,35,30,4,85,0,0,150,3,153,16,35,180,7,238,290,52,342,580
07/19/2002,PHF,VA,AEA,EN,Towers with Display (VFR),20,38,25,5,88,0,0,179,23,202,20,38,204,28,290,244,24,268,558
07/20/2002,PHF,VA,AEA,EN,Towers with Display (VFR),16,23,23,7,69,0,0,87,3,90,16,23,110,10,159,194,0,194,353
07/21/2002,PHF,VA,AEA,EN,Towers with Display (VFR),21,24,26,1,72,0,0,169,0,169,21,24,195,1,241,232,0,232,473
07/22/2002,PHF,VA,AEA,EN,Towers with Display (VFR),20,36,43,22,121,0,0,170,69,239,20,36,213,91,360,330,266,596,956
07/23/2002,PHF,VA,AEA,EN,Towers with Display (VFR),13,49,19,10,91,0,2,123,66,191,13,51,142,76,282,282,188,470,752
07/24/2002,PHF,VA,AEA,EN,Towers with Display (VFR),23,51,37,3,114,0,0,57,16,73,23,51,94,19,187,52,48,100,287
07/25/2002,PHF,VA,AEA,EN,Towers with Display (VFR),16,57,31,13,117,0,1,54,28,83,16,58,85,41,200,128,146,274,474
07/26/2002,PHF,VA,AEA,EN,Towers with Display (VFR),19,30,49,21,119,0,1,54,16,71,19,31,103,37,190,54,134,188,378
07/27/2002,PHF,VA,AEA,EN,Towers with Display (VFR),18,20,21,5,64,0,0,156,2,158,18,20,177,7,222,262,0,262,484
07/28/2002,PHF,VA,AEA,EN,Towers with Display (VFR),19,26,27,3,75,0,0,187,2,189,19,26,214,5,264,290,0,290,554
07/29/2002,PHF,VA,AEA,EN,Towers with Display (VFR),18,43,29,11,101,0,0,162,58,220,18,43,191,69,321,316,202,518,839
07/30/2002,PHF,VA,AEA,EN,Towers with Display (VFR),18,43,16,9,86,0,0,145,5,150,18,43,161,14,236,296,154,450,686
07/31/2002,PHF,VA,AEA,EN,Towers with Display (VFR),17,43,47,4,111,0,0,209,112,321,17,43,256,116,432,278,114,392,824
08/01/2002,PHF,VA,AEA,EN,Towers with Display (VFR),19,34,44,14,111,3,0,210,48,261,22,34,254,62,372,288,224,512,884
08/02/2002,PHF,VA,AEA,EN,Towers with Display (VFR),15,40,39,14,108,1,1,258,63,323,16,41,297,77,431,250,94,344,775
08/03/2002,PHF,VA,AEA,EN,Towers with Display (VFR),21,27,20,2,70,1,1,129,8,139,22,28,149,10,209,286,70,356,565
08/04/2002,PHF,VA,AEA,EN,Towers with Display (VFR),16,22,28,3,69,1,1,91,2,95,17,23,119,5,164,256,12,268,432
08/05/2002,PHF,VA,AEA,EN,Towers with Display (VFR),19,33,35,34,121,1,1,163,52,217,20,34,198,86,338,302,250,552,890
08/06/2002,PHF,VA,AEA,EN,Towers with Display (VFR),19,58,34,13,124,1,1,199,55,256,20,59,233,68,380,291,282,573,953
08/07/2002,PHF,VA,AEA,EN,Towers with Display (VFR),20,46,46,20,132,1,1,203,71,276,21,47,249,91,408,288,274,562,970
08/08/2002,PHF,VA,AEA,EN,Towers with Display (VFR),19,42,38,16,115,1,5,62,17,85,20,47,100,33,200,236,36,272,472
08/09/2002,PHF,VA,AEA,EN,Towers with Display (VFR),18,28,40,29,115,1,1,179,52,233,19,29,219,81,348,306,218,524,872
08/10/2002,PHF,VA,AEA,EN,Towers with Display (VFR),17,24,32,4,77,1,1,123,6,131,18,25,155,10,208,282,0,282,490
08/11/2002,PHF,VA,AEA,EN,Towers with Display (VFR),19,22,32,1,74,1,1,166,24,192,20,23,198,25,266,242,84,326,592
08/12/2002,PHF,VA,AEA,EN,Towers with Display (VFR),18,35,55,17,125,0,2,209,48,259,18,37,264,65,384,318,252,570,954
08/13/2002,PHF,VA,AEA,EN,Towers with Display (VFR),19,39,43,13,114,0,2,166,50,218,19,41,209,63,332,354,220,574,906
08/14/2002,PHF,VA,AEA,EN,Towers with Display (VFR),19,51,53,2,125,0,2,196,43,241,19,53,249,45,366,376,295,671,1037
08/15/2002,PHF,VA,AEA,EN,Towers with Display (VFR),19,44,31,20,114,0,2,107,44,153,19,46,138,64,267,104,168,272,539
08/16/2002,PHF,VA,AEA,EN,Towers with Display (VFR),17,34,58,13,122,0,2,121,79,202,17,36,179,92,324,218,220,438,762
08/17/2002,PHF,VA,AEA,EN,Towers with Display (VFR),20,21,22,0,63,0,2,115,18,135,20,23,137,18,198,202,70,272,470
08/18/2002,PHF,VA,AEA,EN,Towers with Display (VFR),18,30,20,7,75,0,2,118,26,146,18,32,138,33,221,192,98,290,511
08/19/2002,PHF,VA,AEA,EN,Towers with Display (VFR),20,37,27,16,100,0,2,160,54,216,20,39,187,70,316,326,232,558,874
08/20/2002,PHF,VA,AEA,EN,Towers with Display (VFR),18,51,39,10,118,0,3,202,80,285,18,54,241,90,403,220,112,332,735
08/21/2002,PHF,VA,AEA,EN,Towers with Display (VFR),16,6,47,10,79,0,0,156,53,209,16,6,203,63,288,364,310,674,962
08/22/2002,PHF,VA,AEA,EN,Towers with Display (VFR),20,39,30,14,103,0,2,145,29,176,20,41,175,43,279,346,90,436,715
08/23/2002,PHF,VA,AEA,EN,Towers with Display (VFR),18,41,43,14,116,0,2,115,37,154,18,43,158,51,270,194,122,316,586
08/24/2002,PHF,VA,AEA,EN,Towers with Display (VFR),18,16,17,6,57,0,2,125,17,144,18,18,142,23,201,184,40,224,425
08/25/2002,PHF,VA,AEA,EN,Towers with Display (VFR),19,28,74,5,126,0,0,84,0,84,19,28,158,5,210,320,2,322,532
08/26/2002,PHF,VA,AEA,EN,Towers with Display (VFR),20,46,26,23,115,0,2,188,102,292,20,48,214,125,407,382,330,712,1119
08/27/2002,PHF,VA,AEA,EN,Towers with Display (VFR),20,42,45,16,123,0,8,118,101,227,20,50,163,117,350,300,252,552,902
08/28/2002,PHF,VA,AEA,EN,Towers with Display (VFR),17,33,35,12,97,1,1,4,9,15,18,34,39,21,112,0,6,6,118
08/29/2002,PHF,VA,AEA,EN,Towers with Display (VFR),18,44,46,16,124,0,9,11,8,28,18,53,57,24,152,0,0,0,152
08/30/2002,PHF,VA,AEA,EN,Towers with Display (VFR),21,42,47,15,125,0,0,99,45,144,21,42,146,60,269,160,88,248,517
08/31/2002,PHF,VA,AEA,EN,Towers with Display (VFR),10,21,17,4,52,10,2,0,0,12,20,23,17,4,64,0,0,0,64
09/01/2002,PHF,VA,AEA,EN,Towers with Display (VFR),18,18,10,0,46,1,0,0,0,1,19,18,10,0,47,0,0,0,47
09/02/2002,PHF,VA,AEA,EN,Towers with Display (VFR),18,21,37,2,78,1,0,44,1,46,19,21,81,3,124,66,0,66,190
09/03/2002,PHF,VA,AEA,EN,Towers with Display (VFR),17,29,23,16,85,1,0,195,67,263,18,29,218,83,348,172,132,304,652
09/04/2002,PHF,VA,AEA,EN,Towers with Display (VFR),17,42,26,17,102,1,0,99,34,134,18,42,125,51,236,198,144,342,578
09/05/2002,PHF,VA,AEA,EN,Towers with Display (VFR),17,39,27,11,94,1,0,161,87,249,18,39,188,98,343,260,154,414,757
09/06/2002,PHF,VA,AEA,EN,Towers with Display (VFR),19,48,33,7,107,0,0,274,73,347,19,48,307,80,454,392,200,592,1046
09/07/2002,PHF,VA,AEA,EN,Towers with Display (VFR),23,32,17,1,73,0,0,159,20,179,23,32,176,21,252,352,54,406,658
09/08/2002,PHF,VA,AEA,EN,Towers with Display (VFR),22,21,35,4,82,0,0,154,22,176,22,21,189,26,258,336,134,470,728
09/09/2002,PHF,VA,AEA,EN,Towers with Display (VFR),19,28,30,7,84,0,0,132,48,180,19,28,162,55,264,244,148,392,656
09/10/2002,PHF,VA,AEA,EN,Towers with Display (VFR),14,24,17,0,55,0,6,2,0,8,14,30,19,0,63,0,0,0,63
09/11/2002,PHF,VA,AEA,EN,Towers with Display (VFR),16,36,35,3,90,0,10,111,33,154,16,46,146,36,244,240,176,416,660
09/12/2002,PHF,VA,AEA,EN,Towers with Display (VFR),16,49,48,5,118,0,0,185,38,223,16,49,233,43,341,384,138,522,863
09/13/2002,PHF,VA,AEA,EN,Towers with Display (VFR),19,43,60,6,128,0,0,183,4,187,19,43,243,10,315,292,28,320,635
09/14/2002,PHF,VA,AEA,EN,Towers with Display (VFR),17,28,18,4,67,0,0,68,21,89,17,28,86,25,156,84,4,88,244
09/15/2002,PHF,VA,AEA,EN,Towers with Display (VFR),19,21,13,0,53,0,0,12,0,12,19,21,25,0,65,38,0,38,103
09/16/2002,PHF,VA,AEA,EN,Towers with Display (VFR),17,24,23,2,66,0,0,55,34,89,17,24,78,36,155,0,0,0,155
09/17/2002,PHF,VA,AEA,EN,Towers with Display (VFR),20,36,41,14,111,0,1,224,35,260,20,37,265,49,371,316,92,408,779
09/18/2002,PHF,VA,AEA,EN,Towers with Display (VFR),16,35,44,20,115,0,0,227,51,278,16,35,271,71,393,378,292,670,1063
09/19/2002,PHF,VA,AEA,EN,Towers with Display (VFR),22,37,37,15,111,0,0,224,45,269,22,37,261,60,380,366,192,558,938
09/20/2002,PHF,VA,AEA,EN,Towers with Display (VFR),19,37,43,9,108,0,0,223,51,274,19,37,266,60,382,332,168,500,882
09/21/2002,PHF,VA,AEA,EN,Towers with Display (VFR),19,17,19,0,55,0,0,135,0,135,19,17,154,0,190,370,0,370,560
09/22/2002,PHF,VA,AEA,EN,Towers with Display (VFR),19,27,21,4,71,0,0,119,26,145,19,27,140,30,216,388,60,448,664
09/23/2002,PHF,VA,AEA,EN,Towers with Display (VFR),19,46,42,13,120,0,0,178,85,263,19,46,220,98,383,292,204,496,879
09/24/2002,PHF,VA,AEA,EN,Towers with Display (VFR),19,48,47,14,128,0,2,244,64,310,19,50,291,78,438,416,314,730,1168
09/25/2002,PHF,VA,AEA,EN,Towers with Display (VFR),19,43,49,23,134,0,1,176,25,202,19,44,225,48,336,114,82,196,532
09/26/2002,PHF,VA,AEA,EN,Towers with Display (VFR),19,39,38,8,104,0,0,4,18,22,19,39,42,26,126,14,16,30,156
09/27/2002,PHF,VA,AEA,EN,Towers with Display (VFR),18,33,36,3,90,0,1,149,44,194,18,34,185,47,284,116,224,340,624
09/28/2002,PHF,VA,AEA,EN,Towers with Display (VFR),13,26,25,0,64,6,4,149,0,159,19,30,174,0,223,222,0,222,445
09/29/2002,PHF,VA,AEA,EN,Towers with Display (VFR),18,30,33,7,88,2,0,220,24,246,20,30,253,31,334,420,46,466,800
09/30/2002,PHF,VA,AEA,EN,Towers with Display (VFR),20,58,55,13,146,0,7,239,80,326,20,65,294,93,472,420,260,680,1152
10/01/2002,PHF,VA,AEA,EN,Towers with Display (VFR),18,58,49,18,143,0,0,189,40,229,18,58,238,58,372,199,150,349,721
10/02/2002,PHF,VA,AEA,EN,Towers with Display (VFR),18,40,67,15,140,0,1,188,43,232,18,41,255,58,372,342,78,420,792
10/03/2002,PHF,VA,AEA,EN,Towers with Display (VFR),18,60,69,27,174,0,0,175,38,213,18,60,244,65,387,376,40,416,803
10/04/2002,PHF,VA,AEA,EN,Towers with Display (VFR),19,49,28,15,111,0,0,89,31,120,19,49,117,46,231,34,14,48,279
10/05/2002,PHF,VA,AEA,EN,Towers with Display (VFR),19,25,18,8,70,0,0,158,24,182,19,25,176,32,252,322,94,416,668
10/06/2002,PHF,VA,AEA,EN,Towers with Display (VFR),18,49,33,12,112,0,0,62,20,82,18,49,95,32,194,70,44,114,308
10/07/2002,PHF,VA,AEA,EN,Towers with Display (VFR),19,37,35,5,96,0,0,204,53,257,19,37,239,58,353,398,218,616,969
10/08/2002,PHF,VA,AEA,EN,Towers with Display (VFR),20,55,21,25,121,0,0,122,61,183,20,55,143,86,304,380,246,626,930
10/09/2002,PHF,VA,AEA,EN,Towers with Display (VFR),17,48,44,16,125,0,0,182,83,265,17,48,226,99,390,404,338,742,1132
10/10/2002,PHF,VA,AEA,EN,Towers with Display (VFR),14,48,60,42,164,0,0,115,70,185,14,48,175,112,349,212,158,370,719
10/11/2002,PHF,VA,AEA,EN,Towers with Display (VFR),21,32,25,15,93,0,0,1,12,13,21,32,26,27,106,108,80,188,294
10/12/2002,PHF,VA,AEA,EN,Towers with Display (VFR),21,27,33,4,85,0,0,99,1,100,21,27,132,5,185,178,0,178,363
10/13/2002,PHF,VA,AEA,EN,Towers with Display (VFR),19,27,29,0,75,0,0,26,4,30,19,27,55,4,105,66,0,66,171
10/14/2002,PHF,VA,AEA,EN,Towers with Display (VFR),18,28,32,0,78,0,0,184,14,198,18,28,216,14,276,324,0,324,600
10/15/2002,PHF,VA,AEA,EN,Towers with Display (VFR),17,51,29,23,120,0,0,133,60,193,17,51,162,83,313,236,102,338,651
10/16/2002,PHF,VA,AEA,EN,Towers with Display (VFR),24,49,36,15,124,0,0,78,45,123,24,49,114,60,247,110,92,202,449
10/17/2002,PHF,VA,AEA,EN,Towers with Display (VFR),19,42,42,30,133,0,1,99,69,169,19,43,141,99,302,154,86,240,542
10/18/2002,PHF,VA,AEA,EN,Towers with Display (VFR),21,58,58,25,162,0,0,220,74,294,21,58,278,99,456,214,272,486,942
10/19/2002,PHF,VA,AEA,EN,Towers with Display (VFR),21,45,27,10,103,0,0,123,27,150,21,45,150,37,253,304,74,378,631
10/20/2002,PHF,VA,AEA,EN,Towers with Display (VFR),17,47,35,4,103,0,0,97,20,117,17,47,132,24,220,262,58,320,540
10/21/2002,PHF,VA,AEA,EN,Towers with Display (VFR),17,40,29,22,108,0,0,100,62,162,17,40,129,84,270,122,144,266,536
10/22/2002,PHF,VA,AEA,EN,Towers with Display (VFR),19,45,33,21,118,0,0,192,75,267,19,45,225,96,385,368,356,724,1109
10/23/2002,PHF,VA,AEA,EN,Towers with Display (VFR),17,85,58,18,178,0,6,136,64,206,17,91,194,82,384,222,224,446,830
10/24/2002,PHF,VA,AEA,EN,Towers with Display (VFR),18,50,77,24,169,0,0,176,22,198,18,50,253,46,367,297,131,428,795
10/25/2002,PHF,VA,AEA,EN,Towers with Display (VFR),20,45,39,29,133,0,1,122,24,147,20,46,161,53,280,78,90,168,448
10/26/2002,PHF,VA,AEA,EN,Towers with Display (VFR),21,36,17,1,75,0,0,128,13,141,21,36,145,14,216,112,0,112,328
10/27/2002,PHF,VA,AEA,EN,Towers with Display (VFR),19,40,28,4,91,0,0,128,0,128,19,40,156,4,219,262,78,340,559
10/28/2002,PHF,VA,AEA,EN,Towers with Display (VFR),19,41,36,10,106,0,0,128,6,134,19,41,164,16,240,60,0,60,300
10/29/2002,PHF,VA,AEA,EN,Towers with Display (VFR),18,39,32,18,107,0,0,6,10,16,18,39,38,28,123,0,0,0,123
10/30/2002,PHF,VA,AEA,EN,Towers with Display (VFR),19,49,25,15,108,0,0,2,10,12,19,49,27,25,120,0,0,0,120
10/31/2002,PHF,VA,AEA,EN,Towers with Display (VFR),18,47,41,18,124,0,0,86,20,106,18,47,127,38,230,166,96,262,492
11/01/2002,PHF,VA,AEA,EN,Towers with Display (VFR),20,60,59,11,150,0,5,151,24,180,20,65,210,35,330,220,34,254,584
11/02/2002,PHF,VA,AEA,EN,Towers with Display (VFR),24,42,40,3,109,0,0,204,22,226,24,42,244,25,335,258,40,298,633
11/03/2002,PHF,VA,AEA,EN,Towers with Display (VFR),17,26,26,0,69,1,0,193,16,210,18,26,219,16,279,422,142,564,843
11/04/2002,PHF,VA,AEA,EN,Towers with Display (VFR),20,37,19,10,86,0,0,160,55,215,20,37,179,65,301,282,280,562,863
11/05/2002,PHF,VA,AEA,EN,Towers with Display (VFR),20,51,28,43,142,0,2,154,50,206,20,53,182,93,348,280,242,522,870
11/06/2002,PHF,VA,AEA,EN,Towers with Display (VFR),19,38,25,8,90,2,11,22,35,70,21,49,47,43,160,36,62,98,258
11/07/2002,PHF,VA,AEA,EN,Towers with Display (VFR),16,32,41,26,115,0,0,78,60,138,16,32,119,86,253,74,216,290,543
11/08/2002,PHF,VA,AEA,EN,Towers with Display (VFR),20,48,46,8,122,0,1,149,23,173,20,49,195,31,295,231,42,273,568
11/09/2002,PHF,VA,AEA,EN,Towers with Display (VFR),20,36,34,4,94,0,0,120,10,130,20,36,154,14,224,298,56,354,578
11/10/2002,PHF,VA,AEA,EN,Towers with Display (VFR),17,33,29,0,79,3,7,102,0,112,20,40,131,0,191,224,0,224,415
11/11/2002,PHF,VA,AEA,EN,Towers with Display (VFR),16,33,28,4,81,1,7,133,0,141,17,40,161,4,222,220,0,220,442
11/12/2002,PHF,VA,AEA,EN,Towers with Display (VFR),15,25,9,1,50,0,0,4,1,5,15,25,13,2,55,0,0,0,55
11/13/2002,PHF,VA,AEA,EN,Towers with Display (VFR),20,42,37,32,131,0,0,89,61,150,20,42,126,93,281,178,168,346,627
11/14/2002,PHF,VA,AEA,EN,Towers with Display (VFR),19,37,41,7,104,0,0,118,34,152,19,37,159,41,256,194,162,356,612
11/15/2002,PHF,VA,AEA,EN,Towers with Display (VFR),20,37,43,18,118,0,0,226,39,265,20,37,269,57,383,196,86,282,665
11/16/2002,PHF,VA,AEA,EN,Towers with Display (VFR),19,21,5,6,51,0,0,17,25,42,19,21,22,31,93,64,38,102,195
11/17/2002,PHF,VA,AEA,EN,Towers with Display (VFR),17,23,18,0,58,0,0,6,0,6,17,23,24,0,64,0,0,0,64
11/18/2002,PHF,VA,AEA,EN,Towers with Display (VFR),19,26,35,20,100,0,1,108,33,142,19,27,143,53,242,230,94,324,566
11/19/2002,PHF,VA,AEA,EN,Towers with Display (VFR),21,40,29,18,108,0,0,169,66,235,21,40,198,84,343,258,282,540,883
11/20/2002,PHF,VA,AEA,EN,Towers with Display (VFR),20,29,38,16,103,2,0,143,44,189,22,29,181,60,292,268,166,434,726
11/21/2002,PHF,VA,AEA,EN,Towers with Display (VFR),17,40,36,25,118,0,1,44,40,85,17,41,80,65,203,26,14,40,243
11/22/2002,PHF,VA,AEA,EN,Towers with Display (VFR),18,29,32,16,95,0,1,79,19,99,18,30,111,35,194,150,62,212,406
11/23/2002,PHF,VA,AEA,EN,Towers with Display (VFR),17,23,18,3,61,0,0,168,13,181,17,23,186,16,242,256,10,266,508
11/24/2002,PHF,VA,AEA,EN,Towers with Display (VFR),20,29,21,2,72,0,0,161,40,201,20,29,182,42,273,404,142,546,819
11/25/2002,PHF,VA,AEA,EN,Towers with Display (VFR),18,38,34,12,102,0,2,201,54,257,18,40,235,66,359,436,296,732,1091
11/26/2002,PHF,VA,AEA,EN,Towers with Display (VFR),17,41,43,25,126,0,0,208,98,306,17,41,251,123,432,382,344,726,1158
11/27/2002,PHF,VA,AEA,EN,Towers with Display (VFR),20,43,48,9,120,1,0,71,54,126,21,43,119,63,246,36,62,98,344
11/28/2002,PHF,VA,AEA,EN,Towers with Display (VFR),18,21,11,0,50,0,0,22,7,29,18,21,33,7,79,66,0,66,145
11/29/2002,PHF,VA,AEA,EN,Towers with Display (VFR),15,21,10,0,46,0,0,43,0,43,15,21,53,0,89,128,0,128,217
11/30/2002,PHF,VA,AEA,EN,Towers with Display (VFR),17,20,23,0,60,0,0,95,27,122,17,20,118,27,182,280,138,418,600
12/01/2002,PHF,VA,AEA,EN,Towers with Display (VFR),19,25,32,1,77,0,0,0,0,0,19,25,32,1,77,276,0,276,353
12/02/2002,PHF,VA,AEA,EN,Towers with Display (VFR),23,37,34,1,95,0,0,123,55,178,23,37,157,56,273,272,174,446,719
12/03/2002,PHF,VA,AEA,EN,Towers with Display (VFR),19,46,27,22,114,0,0,142,58,200,19,46,169,80,314,282,128,410,724
12/04/2002,PHF,VA,AEA,EN,Towers with Display (VFR),16,49,40,8,113,0,2,160,61,223,16,51,200,69,336,192,90,282,618
12/05/2002,PHF,VA,AEA,EN,Towers with Display (VFR),20,50,18,10,98,0,3,6,11,20,20,53,24,21,118,6,40,46,164
12/06/2002,PHF,VA,AEA,EN,Towers with Display (VFR),18,40,43,19,120,0,0,111,23,134,18,40,154,42,254,228,140,368,622
12/07/2002,PHF,VA,AEA,EN,Towers with Display (VFR),20,46,37,8,111,0,0,165,49,214,20,46,202,57,325,298,110,408,733
12/08/2002,PHF,VA,AEA,EN,Towers with Display (VFR),20,45,54,5,124,0,0,145,11,156,20,45,199,16,280,272,6,278,558
12/09/2002,PHF,VA,AEA,EN,Towers with Display (VFR),21,28,44,17,110,0,0,146,72,218,21,28,190,89,328,316,226,542,870
12/10/2002,PHF,VA,AEA,EN,Towers with Display (VFR),18,41,16,36,111,0,1,128,45,174,18,42,144,81,285,154,136,290,575
12/11/2002,PHF,VA,AEA,EN,Towers with Display (VFR),19,39,32,5,95,0,1,3,4,8,19,40,35,9,103,0,0,0,103
12/12/2002,PHF,VA,AEA,EN,Towers with Display (VFR),20,47,59,17,143,0,3,188,40,231,20,50,247,57,374,250,194,444,818
12/13/2002,PHF,VA,AEA,EN,Towers with Display (VFR),16,45,29,14,104,0,1,30,8,39,16,46,59,22,143,68,44,112,255
12/14/2002,PHF,VA,AEA,EN,Towers with Display (VFR),19,30,8,7,64,0,0,108,0,108,19,30,116,7,172,114,0,114,286
12/15/2002,PHF,VA,AEA,EN,Towers with Display (VFR),19,25,18,6,68,0,0,1,2,3,19,25,19,8,71,190,0,190,261
12/16/2002,PHF,VA,AEA,EN,Towers with Display (VFR),18,30,29,12,89,0,0,81,14,95,18,30,110,26,184,276,228,504,688
12/17/2002,PHF,VA,AEA,EN,Towers with Display (VFR),19,32,50,25,126,0,0,172,40,212,19,32,222,65,338,276,242,518,856
12/18/2002,PHF,VA,AEA,EN,Towers with Display (VFR),18,25,46,22,111,0,0,134,23,157,18,25,180,45,268,230,76,306,574
12/19/2002,PHF,VA,AEA,EN,Towers with Display (VFR),18,25,21,20,84,1,0,101,46,148,19,25,122,66,232,142,92,234,466
12/20/2002,PHF,VA,AEA,EN,Towers with Display (VFR),20,30,21,13,84,0,0,76,25,101,20,30,97,38,185,102,76,178,363
12/21/2002,PHF,VA,AEA,EN,Towers with Display (VFR),19,24,21,0,64,0,0,61,0,61,19,24,82,0,125,96,0,96,221
12/22/2002,PHF,VA,AEA,EN,Towers with Display (VFR),23,25,25,9,82,0,0,0,0,0,23,25,25,9,82,296,52,348,430
12/23/2002,PHF,VA,AEA,EN,Towers with Display (VFR),17,22,56,48,143,0,0,106,95,201,17,22,162,143,344,266,226,492,836
12/24/2002,PHF,VA,AEA,EN,Towers with Display (VFR),18,23,6,0,47,0,0,14,0,14,18,23,20,0,61,0,0,0,61
12/25/2002,PHF,VA,AEA,EN,Towers with Display (VFR),17,19,2,0,38,0,0,2,0,2,17,19,4,0,40,0,0,0,40
12/26/2002,PHF,VA,AEA,EN,Towers with Display (VFR),19,22,22,0,63,0,0,38,0,38,19,22,60,0,101,10,0,10,111
12/27/2002,PHF,VA,AEA,EN,Towers with Display (VFR),22,32,24,24,102,0,0,116,55,171,22,32,140,79,273,204,38,242,515
12/28/2002,PHF,VA,AEA,EN,Towers with Display (VFR),20,21,17,0,58,0,0,104,23,127,20,21,121,23,185,210,0,210,395
12/29/2002,PHF,VA,AEA,EN,Towers with Display (VFR),20,22,18,4,64,0,0,136,12,148,20,22,154,16,212,362,138,500,712
12/30/2002,PHF,VA,AEA,EN,Towers with Display (VFR),19,23,17,8,67,0,0,135,30,165,19,23,152,38,232,230,58,288,520
12/31/2002,PHF,VA,AEA,EN,Towers with Display (VFR),17,28,22,10,77,0,0,94,32,126,17,28,116,42,203,280,156,436,639
01/01/2003,PHF,VA,AEA,EN,Towers with Display (VFR),18,21,2,0,41,0,0,25,0,25,18,21,27,0,66,0,0,0,66
01/02/2003,PHF,VA,AEA,EN,Towers with Display (VFR),18,27,19,24,88,0,0,162,18,180,18,27,181,42,268,214,142,356,624
01/03/2003,PHF,VA,AEA,EN,Towers with Display (VFR),17,25,14,13,69,0,0,3,1,4,17,25,17,14,73,0,20,20,93
01/04/2003,PHF,VA,AEA,EN,Towers with Display (VFR),14,25,17,2,58,6,4,105,0,115,20,29,122,2,173,238,0,238,411
01/05/2003,PHF,VA,AEA,EN,Towers with Display (VFR),18,23,16,0,57,0,3,133,0,136,18,26,149,0,193,280,0,280,473
01/06/2003,PHF,VA,AEA,EN,Towers with Display (VFR),19,23,32,8,82,0,0,113,29,142,19,23,145,37,224,172,44,216,440
01/07/2003,PHF,VA,AEA,EN,Towers with Display (VFR),21,45,15,11,92,0,0,97,35,132,21,45,112,46,224,280,296,576,800
01/08/2003,PHF,VA,AEA,EN,Towers with Display (VFR),20,34,39,21,114,1,0,103,37,141,21,34,142,58,255,148,124,272,527
01/09/2003,PHF,VA,AEA,EN,Towers with Display (VFR),18,42,25,16,101,0,0,138,30,168,18,42,163,46,269,158,20,178,447
01/10/2003,PHF,VA,AEA,EN,Towers with Display (VFR),19,32,25,23,99,0,0,84,36,120,19,32,109,59,219,92,56,148,367
01/11/2003,PHF,VA,AEA,EN,Towers with Display (VFR),24,20,16,2,62,0,0,220,14,234,24,20,236,16,296,440,108,548,844
01/12/2003,PHF,VA,AEA,EN,Towers with Display (VFR),19,29,17,8,73,0,0,126,6,132,19,29,143,14,205,182,0,182,387
01/13/2003,PHF,VA,AEA,EN,Towers with Display (VFR),19,29,38,13,99,0,0,120,41,161,19,29,158,54,260,174,232,406,666
01/14/2003,PHF,VA,AEA,EN,Towers with Display (VFR),19,40,30,11,100,0,0,131,20,151,19,40,161,31,251,132,110,242,493
01/15/2003,PHF,VA,AEA,EN,Towers with Display (VFR),15,45,38,12,110,0,0,159,52,211,15,45,197,64,321,248,206,454,775
01/16/2003,PHF,VA,AEA,EN,Towers with Display (VFR),22,45,30,9,106,0,4,118,27,149,22,49,148,36,255,104,134,238,493
01/17/2003,PHF,VA,AEA,EN,Towers with Display (VFR),17,21,8,0,46,0,6,29,8,43,17,27,37,8,89,18,20,38,127
01/18/2003,PHF,VA,AEA,EN,Towers with Display (VFR),19,17,16,0,52,0,0,19,0,19,19,17,35,0,71,24,0,24,95
01/19/2003,PHF,VA,AEA,EN,Towers with Display (VFR),17,21,5,1,44,0,0,0,0,0,17,21,5,1,44,20,0,20,64
01/20/2003,PHF,VA,AEA,EN,Towers with Display (VFR),19,33,32,2,86,0,0,146,1,147,19,33,178,3,233,268,66,334,567
01/21/2003,PHF,VA,AEA,EN,Towers with Display (VFR),21,31,24,9,85,0,0,77,36,113,21,31,101,45,198,84,38,122,320
01/22/2003,PHF,VA,AEA,EN,Towers with Display (VFR),20,67,40,16,143,0,0,149,73,222,20,67,189,89,365,324,274,598,963
01/23/2003,PHF,VA,AEA,EN,Towers with Display (VFR),22,42,14,8,86,0,0,102,52,154,22,42,116,60,240,144,127,271,511
01/24/2003,PHF,VA,AEA,EN,Towers with Display (VFR),20,53,51,8,132,0,0,162,76,238,20,53,213,84,370,314,250,564,934
01/25/2003,PHF,VA,AEA,EN,Towers with Display (VFR),17,24,16,1,58,0,0,165,0,165,17,24,181,1,223,274,52,326,549
01/26/2003,PHF,VA,AEA,EN,Towers with Display (VFR),20,25,16,1,62,0,0,96,3,99,20,25,112,4,161,212,24,236,397
01/27/2003,PHF,VA,AEA,EN,Towers with Display (VFR),16,43,19,24,102,0,1,162,36,199,16,44,181,60,301,214,204,418,719
01/28/2003,PHF,VA,AEA,EN,Towers with Display (VFR),19,56,34,10,119,0,0,166,84,250,19,56,200,94,369,194,164,358,727
01/29/2003,PHF,VA,AEA,EN,Towers with Display (VFR),15,45,30,5,95,0,0,56,18,74,15,45,86,23,169,64,0,64,233
01/30/2003,PHF,VA,AEA,EN,Towers with Display (VFR),13,32,23,0,68,0,0,0,0,0,13,32,23,0,68,0,0,0,68
01/31/2003,PHF,VA,AEA,EN,Towers with Display (VFR),17,34,18,0,69,0,0,0,0,0,17,34,18,0,69,0,0,0,69
02/01/2003,PHF,VA,AEA,EN,Towers with Display (VFR),20,28,17,7,72,0,0,32,15,47,20,28,49,22,119,74,60,134,253
02/02/2003,PHF,VA,AEA,EN,Towers with Display (VFR),19,26,15,4,64,0,0,163,0,163,19,26,178,4,227,228,0,228,455
02/03/2003,PHF,VA,AEA,EN,Towers with Display (VFR),20,75,26,17,138,0,11,127,62,200,20,86,153,79,338,328,348,676,1014
02/04/2003,PHF,VA,AEA,EN,Towers with Display (VFR),18,56,9,21,104,0,4,68,41,113,18,60,77,62,217,22,52,74,291
02/05/2003,PHF,VA,AEA,EN,Towers with Display (VFR),18,57,36,27,138,0,1,110,34,145,18,58,146,61,283,189,82,271,554
02/06/2003,PHF,VA,AEA,EN,Towers with Display (VFR),21,48,17,14,100,0,0,112,36,148,21,48,129,50,248,276,220,496,744
02/07/2003,PHF,VA,AEA,EN,Towers with Display (VFR),17,42,16,9,84,0,3,0,7,10,17,45,16,16,94,0,28,28,122
02/08/2003,PHF,VA,AEA,EN,Towers with Display (VFR),20,26,16,3,65,1,0,114,21,136,21,26,130,24,201,216,40,256,457
02/09/2003,PHF,VA,AEA,EN,Towers with Display (VFR),18,19,12,1,50,0,0,86,0,86,18,19,98,1,136,138,0,138,274
02/10/2003,PHF,VA,AEA,EN,Towers with Display (VFR),18,43,12,9,82,0,0,5,7,12,18,43,17,16,94,10,28,38,132
02/11/2003,PHF,VA,AEA,EN,Towers with Display (VFR),22,37,19,21,99,0,0,148,49,197,22,37,167,70,296,224,238,462,758
02/12/2003,PHF,VA,AEA,EN,Towers with Display (VFR),18,41,26,17,102,0,0,93,13,106,18,41,119,30,208,154,210,364,572
02/13/2003,PHF,VA,AEA,EN,Towers with Display (VFR),20,29,22,15,86,0,0,109,37,146,20,29,131,52,232,224,228,452,684
02/14/2003,PHF,VA,AEA,EN,Towers with Display (VFR),19,36,32,11,98,0,0,108,33,141,19,36,140,44,239,174,150,324,563
02/15/2003,PHF,VA,AEA,EN,Towers with Display (VFR),18,27,4,0,49,0,0,0,0,0,18,27,4,0,49,0,0,0,49
02/16/2003,PHF,VA,AEA,EN,Towers with Display (VFR),5,3,2,0,10,0,0,0,0,0,5,3,2,0,10,0,0,0,10
02/17/2003,PHF,VA,AEA,EN,Towers with Display (VFR),11,10,9,0,30,0,0,0,0,0,11,10,9,0,30,0,0,0,30
02/18/2003,PHF,VA,AEA,EN,Towers with Display (VFR),16,29,24,2,71,0,0,0,0,0,16,29,24,2,71,0,0,0,71
02/19/2003,PHF,VA,AEA,EN,Towers with Display (VFR),21,41,27,14,103,0,0,107,8,115,21,41,134,22,218,206,116,322,540
02/20/2003,PHF,VA,AEA,EN,Towers with Display (VFR),20,39,28,21,108,0,0,85,49,134,20,39,113,70,242,150,198,348,590
02/21/2003,PHF,VA,AEA,EN,Towers with Display (VFR),17,41,40,24,122,0,0,111,55,166,17,41,151,79,288,300,226,526,814
02/22/2003,PHF,VA,AEA,EN,Towers with Display (VFR),16,14,1,0,31,0,0,6,0,6,16,14,7,0,37,10,0,10,47
02/23/2003,PHF,VA,AEA,EN,Towers with Display (VFR),18,22,12,1,53,0,0,2,3,5,18,22,14,4,58,0,0,0,58
02/24/2003,PHF,VA,AEA,EN,Towers with Display (VFR),16,44,28,22,110,0,0,54,12,66,16,44,82,34,176,92,76,168,344
02/25/2003,PHF,VA,AEA,EN,Towers with Display (VFR),18,51,39,23,131,0,2,209,52,263,18,53,248,75,394,234,196,430,824
02/26/2003,PHF,VA,AEA,EN,Towers with Display (VFR),18,40,29,3,90,0,0,17,18,35,18,40,46,21,125,0,20,20,145
02/27/2003,PHF,VA,AEA,EN,Towers with Display (VFR),21,32,20,17,90,0,0,0,13,13,21,32,20,30,103,0,0,0,103
02/28/2003,PHF,VA,AEA,EN,Towers with Display (VFR),26,24,21,12,83,0,0,6,10,16,26,24,27,22,99,20,4,24,123
03/01/2003,PHF,VA,AEA,EN,Towers with Display (VFR),23,24,3,8,58,0,0,43,32,75,23,24,46,40,133,136,32,168,301
03/02/2003,PHF,VA,AEA,EN,Towers with Display (VFR),19,27,28,5,79,0,0,51,5,56,19,27,79,10,135,118,0,118,253
03/03/2003,PHF,VA,AEA,EN,Towers with Display (VFR),17,37,22,19,95,0,0,149,67,216,17,37,171,86,311,258,132,390,701
03/04/2003,PHF,VA,AEA,EN,Towers with Display (VFR),18,41,30,28,117,0,1,190,41,232,18,42,220,69,349,290,254,544,893
03/05/2003,PHF,VA,AEA,EN,Towers with Display (VFR),16,54,41,2,113,0,0,181,54,235,16,54,222,56,348,292,216,508,856
03/06/2003,PHF,VA,AEA,EN,Towers with Display (VFR),18,44,21,10,93,1,0,64,30,95,19,44,85,40,188,140,44,184,372
03/07/2003,PHF,VA,AEA,EN,Towers with Display (VFR),19,36,26,18,99,0,0,109,35,144,19,36,135,53,243,178,138,316,559
03/08/2003,PHF,VA,AEA,EN,Towers with Display (VFR),18,20,41,8,87,0,0,165,32,197,18,20,206,40,284,262,102,364,648
03/09/2003,PHF,VA,AEA,EN,Towers with Display (VFR),18,25,27,9,79,0,0,138,14,152,18,25,165,23,231,110,28,138,369
03/10/2003,PHF,VA,AEA,EN,Towers with Display (VFR),17,32,33,18,100,0,0,170,32,202,17,32,203,50,302,300,246,546,848
03/11/2003,PHF,VA,AEA,EN,Towers with Display (VFR),14,37,20,29,100,0,0,167,87,254,14,37,187,116,354,230,288,518,872
03/12/2003,PHF,VA,AEA,EN,Towers with Display (VFR),18,46,29,48,141,0,0,171,92,263,18,46,200,140,404,328,262,590,994
03/13/2003,PHF,VA,AEA,EN,Towers with Display (VFR),21,42,27,29,119,0,0,189,64,253,21,42,216,93,372,296,228,524,896
03/14/2003,PHF,VA,AEA,EN,Towers with Display (VFR),14,38,26,24,102,0,2,117,59,178,14,40,143,83,280,258,156,414,694
03/15/2003,PHF,VA,AEA,EN,Towers with Display (VFR),21,39,27,10,97,0,0,135,80,215,21,39,162,90,312,110,42,152,464
03/16/2003,PHF,VA,AEA,EN,Towers with Display (VFR),18,33,15,0,66,0,3,11,0,14,18,36,26,0,80,0,0,0,80
03/17/2003,PHF,VA,AEA,EN,Towers with Display (VFR),16,51,36,5,108,0,1,6,4,11,16,52,42,9,119,0,0,0,119
03/18/2003,PHF,VA,AEA,EN,Towers with Display (VFR),12,50,20,19,101,0,0,68,37,105,12,50,88,56,206,128,86,214,420
03/19/2003,PHF,VA,AEA,EN,Towers with Display (VFR),21,56,41,38,156,0,2,129,89,220,21,58,170,127,376,152,130,282,658
03/20/2003,PHF,VA,AEA,EN,Towers with Display (VFR),18,55,18,15,106,0,1,0,16,17,18,56,18,31,123,0,0,0,123
03/21/2003,PHF,VA,AEA,EN,Towers with Display (VFR),19,36,35,11,101,0,1,143,35,179,19,37,178,46,280,208,212,420,700
03/22/2003,PHF,VA,AEA,EN,Towers with Display (VFR),20,34,26,13,93,0,0,124,19,143,20,34,150,32,236,132,24,156,392
03/23/2003,PHF,VA,AEA,EN,Towers with Display (VFR),20,34,23,2,79,0,0,115,30,145,20,34,138,32,224,292,0,292,516
03/24/2003,PHF,VA,AEA,EN,Towers with Display (VFR),22,42,46,22,132,0,2,118,96,216,22,44,164,118,348,318,254,572,920
03/25/2003,PHF,VA,AEA,EN,Towers with Display (VFR),19,44,39,12,114,0,0,114,47,161,19,44,153,59,275,258,250,508,783
03/26/2003,PHF,VA,AEA,EN,Towers with Display (VFR),18,34,35,9,96,0,0,206,40,246,18,34,241,49,342,184,238,422,764
03/27/2003,PHF,VA,AEA,EN,Towers with Display (VFR),20,40,75,33,168,0,0,21,25,46,20,40,96,58,214,334,160,494,708
03/28/2003,PHF,VA,AEA,EN,Towers with Display (VFR),19,40,56,23,138,0,5,215,36,256,19,45,271,59,394,204,204,408,802
03/29/2003,PHF,VA,AEA,EN,Towers with Display (VFR),19,27,15,0,61,0,0,77,0,77,19,27,92,0,138,92,0,92,230
03/30/2003,PHF,VA,AEA,EN,Towers with Display (VFR),22,28,14,3,67,0,0,0,0,0,22,28,14,3,67,0,0,0,67
03/31/2003,PHF,VA,AEA,EN,Towers with Display (VFR),21,33,26,8,88,0,0,133,44,177,21,33,159,52,265,116,92,208,473
04/01/2003,PHF,VA,AEA,EN,Towers with Display (VFR),18,33,31,19,101,0,0,122,64,186,18,33,153,83,287,130,126,256,543
04/02/2003,PHF,VA,AEA,EN,Towers with Display (VFR),19,59,38,20,136,0,0,115,60,175,19,59,153,80,311,280,266,546,857
04/03/2003,PHF,VA,AEA,EN,Towers with Display (VFR),17,54,36,23,130,0,0,159,57,216,17,54,195,80,346,378,272,650,996
04/04/2003,PHF,VA,AEA,EN,Towers with Display (VFR),17,54,31,7,109,0,0,95,10,105,17,54,126,17,214,278,0,278,492
04/05/2003,PHF,VA,AEA,EN,Towers with Display (VFR),23,43,16,3,85,0,0,173,16,189,23,43,189,19,274,248,8,256,530
04/06/2003,PHF,VA,AEA,EN,Towers with Display (VFR),19,24,38,11,92,0,0,149,21,170,19,24,187,32,262,224,120,344,606
04/07/2003,PHF,VA,AEA,EN,Towers with Display (VFR),16,36,31,8,91,1,0,3,4,8,17,36,34,12,99,0,0,0,99
04/08/2003,PHF,VA,AEA,EN,Towers with Display (VFR),19,37,41,36,133,0,2,2,25,29,19,39,43,61,162,0,0,0,162
04/09/2003,PHF,VA,AEA,EN,Towers with Display (VFR),21,43,31,26,121,0,0,8,20,28,21,43,39,46,149,0,0,0,149
04/10/2003,PHF,VA,AEA,EN,Towers with Display (VFR),18,37,29,4,88,0,0,10,0,10,18,37,39,4,98,0,0,0,98
04/11/2003,PHF,VA,AEA,EN,Towers with Display (VFR),20,49,33,15,117,0,0,1,12,13,20,49,34,27,130,0,0,0,130
04/12/2003,PHF,VA,AEA,EN,Towers with Display (VFR),22,31,33,3,89,0,0,98,24,122,22,31,131,27,211,178,78,256,467
04/13/2003,PHF,VA,AEA,EN,Towers with Display (VFR),18,26,24,0,68,0,0,119,6,125,18,26,143,6,193,296,0,296,489
04/14/2003,PHF,VA,AEA,EN,Towers with Display (VFR),19,53,24,35,131,0,0,205,75,280,19,53,229,110,411,306,282,588,999
04/15/2003,PHF,VA,AEA,EN,Towers with Display (VFR),19,54,32,17,122,0,0,129,62,191,19,54,161,79,313,244,204,448,761
04/16/2003,PHF,VA,AEA,EN,Towers with Display (VFR),21,52,42,0,115,0,0,146,6,152,21,52,188,6,267,240,28,268,535
04/17/2003,PHF,VA,AEA,EN,Towers with Display (VFR),22,55,32,4,113,0,0,94,41,135,22,55,126,45,248,328,50,378,626
04/18/2003,PHF,VA,AEA,EN,Towers with Display (VFR),22,38,32,4,96,0,0,0,4,4,22,38,32,8,100,0,0,0,100
04/19/2003,PHF,VA,AEA,EN,Towers with Display (VFR),21,20,21,0,62,0,0,19,0,19,21,20,40,0,81,0,0,0,81
04/20/2003,PHF,VA,AEA,EN,Towers with Display (VFR),21,32,21,0,74,0,0,122,0,122,21,32,143,0,196,252,0,252,448
04/21/2003,PHF,VA,AEA,EN,Towers with Display (VFR),20,51,28,16,115,0,0,152,6,158,20,51,180,22,273,252,138,390,663
04/22/2003,PHF,VA,AEA,EN,Towers with Display (VFR),22,44,39,11,116,0,0,105,57,162,22,44,144,68,278,356,214,570,848
04/23/2003,PHF,VA,AEA,EN,Towers with Display (VFR),20,54,30,11,115,0,5,130,44,179,20,59,160,55,294,266,162,428,722
04/24/2003,PHF,VA,AEA,EN,Towers with Display (VFR),20,38,41,20,119,0,0,142,65,207,20,38,183,85,326,416,250,666,992
04/25/2003,PHF,VA,AEA,EN,Towers with Display (VFR),19,45,26,3,93,0,0,78,26,104,19,45,104,29,197,152,120,272,469
04/26/2003,PHF,VA,AEA,EN,Towers with Display (VFR),23,30,19,3,75,0,0,2,2,4,23,30,21,5,79,0,0,0,79
04/27/2003,PHF,VA,AEA,EN,Towers with Display (VFR),24,34,53,0,111,0,0,150,0,150,24,34,203,0,261,358,0,358,619
04/28/2003,PHF,VA,AEA,EN,Towers with Display (VFR),21,42,41,15,119,0,0,180,74,254,21,42,221,89,373,386,226,612,985
04/29/2003,PHF,VA,AEA,EN,Towers with Display (VFR),22,47,45,13,127,0,0,178,63,241,22,47,223,76,368,322,216,538,906
04/30/2003,PHF,VA,AEA,EN,Towers with Display (VFR),22,44,58,11,135,0,0,136,52,188,22,44,194,63,323,284,164,448,771
05/01/2003,PHF,VA,AEA,EN,Towers with Display (VFR),19,35,62,17,133,0,0,162,46,208,19,35,224,63,341,300,82,382,723
05/02/2003,PHF,VA,AEA,EN,Towers with Display (VFR),17,32,37,9,95,0,0,152,34,186,17,32,189,43,281,330,164,494,775
05/03/2003,PHF,VA,AEA,EN,Towers with Display (VFR),20,36,15,2,73,0,0,16,2,18,20,36,31,4,91,0,0,0,91
05/04/2003,PHF,VA,AEA,EN,Towers with Display (VFR),19,27,30,0,76,0,0,71,0,71,19,27,101,0,147,144,0,144,291
05/05/2003,PHF,VA,AEA,EN,Towers with Display (VFR),20,41,25,5,91,0,0,77,18,95,20,41,102,23,186,114,82,196,382
05/06/2003,PHF,VA,AEA,EN,Towers with Display (VFR),18,35,18,18,89,0,0,39,28,67,18,35,57,46,156,54,142,196,352
05/07/2003,PHF,VA,AEA,EN,Towers with Display (VFR),15,41,31,17,104,0,0,112,59,171,15,41,143,76,275,138,108,246,521
05/08/2003,PHF,VA,AEA,EN,Towers with Display (VFR),19,46,81,21,167,0,5,257,74,336,19,51,338,95,503,326,348,674,1177
05/09/2003,PHF,VA,AEA,EN,Towers with Display (VFR),20,38,28,8,94,0,0,150,26,176,20,38,178,34,270,202,224,426,696
05/10/2003,PHF,VA,AEA,EN,Towers with Display (VFR),24,23,16,0,63,0,0,90,0,90,24,23,106,0,153,146,0,146,299
05/11/2003,PHF,VA,AEA,EN,Towers with Display (VFR),21,25,16,0,62,0,0,108,0,108,21,25,124,0,170,210,0,210,380
05/12/2003,PHF,VA,AEA,EN,Towers with Display (VFR),18,33,37,12,100,0,8,54,8,70,18,41,91,20,170,214,134,348,518
05/13/2003,PHF,VA,AEA,EN,Towers with Display (VFR),19,52,34,23,128,0,5,103,55,163,19,57,137,78,291,160,140,300,591
05/14/2003,PHF,VA,AEA,EN,Towers with Display (VFR),18,48,42,13,121,0,0,151,36,187,18,48,193,49,308,244,40,284,592
05/15/2003,PHF,VA,AEA,EN,Towers with Display (VFR),15,45,30,13,103,0,0,91,31,122,15,45,121,44,225,120,122,242,467
05/16/2003,PHF,VA,AEA,EN,Towers with Display (VFR),25,42,55,5,127,0,0,80,36,116,25,42,135,41,243,248,280,528,771
05/17/2003,PHF,VA,AEA,EN,Towers with Display (VFR),23,32,16,0,71,0,0,35,0,35,23,32,51,0,106,92,2,94,200
05/18/2003,PHF,VA,AEA,EN,Towers with Display (VFR),18,31,28,2,79,0,0,6,0,6,18,31,34,2,85,0,0,0,85
05/19/2003,PHF,VA,AEA,EN,Towers with Display (VFR),19,59,44,19,141,0,0,119,42,161,19,59,163,61,302,114,200,314,616
05/20/2003,PHF,VA,AEA,EN,Towers with Display (VFR),17,31,50,23,121,0,0,239,62,301,17,31,289,85,422,298,130,428,850
05/21/2003,PHF,VA,AEA,EN,Towers with Display (VFR),18,66,65,13,162,0,1,120,41,162,18,67,185,54,324,282,184,466,790
05/22/2003,PHF,VA,AEA,EN,Towers with Display (VFR),22,51,52,14,139,0,0,12,10,22,22,51,64,24,161,0,0,0,161
05/23/2003,PHF,VA,AEA,EN,Towers with Display (VFR),18,55,60,6,139,0,0,0,5,5,18,55,60,11,144,0,0,0,144
05/24/2003,PHF,VA,AEA,EN,Towers with Display (VFR),18,27,28,0,73,0,0,46,0,46,18,27,74,0,119,36,0,36,155
05/25/2003,PHF,VA,AEA,EN,Towers with Display (VFR),20,27,23,0,70,0,0,12,0,12,20,27,35,0,82,8,0,8,90
05/26/2003,PHF,VA,AEA,EN,Towers with Display (VFR),19,41,30,2,92,0,0,55,0,55,19,41,85,2,147,0,0,0,147
05/27/2003,PHF,VA,AEA,EN,Towers with Display (VFR),19,39,25,10,93,0,0,153,126,279,19,39,178,136,372,76,98,174,546
05/28/2003,PHF,VA,AEA,EN,Towers with Display (VFR),19,67,66,5,157,0,1,192,16,209,19,68,258,21,366,296,180,476,842
05/29/2003,PHF,VA,AEA,EN,Towers with Display (VFR),22,36,31,7,96,0,0,172,53,225,22,36,203,60,321,302,180,482,803
05/30/2003,PHF,VA,AEA,EN,Towers with Display (VFR),22,39,68,7,136,0,0,137,63,200,22,39,205,70,336,178,208,386,722
05/31/2003,PHF,VA,AEA,EN,Towers with Display (VFR),18,20,10,3,51,0,0,0,0,0,18,20,10,3,51,126,0,126,177
06/01/2003,PHF,VA,AEA,EN,Towers with Display (VFR),18,21,11,0,50,0,0,199,0,199,18,21,210,0,249,220,0,220,469
06/02/2003,PHF,VA,AEA,EN,Towers with Display (VFR),20,29,45,11,105,0,0,236,29,265,20,29,281,40,370,440,234,674,1044
06/03/2003,PHF,VA,AEA,EN,Towers with Display (VFR),14,46,34,11,105,0,0,178,69,247,14,46,212,80,352,350,326,676,1028
06/04/2003,PHF,VA,AEA,EN,Towers with Display (VFR),17,48,27,18,110,0,0,0,9,9,17,48,27,27,119,306,174,480,599
06/05/2003,PHF,VA,AEA,EN,Towers with Display (VFR),22,37,34,15,108,0,0,130,40,170,22,37,164,55,278,242,126,368,646
06/06/2003,PHF,VA,AEA,EN,Towers with Display (VFR),21,34,29,14,98,0,0,162,84,246,21,34,191,98,344,326,216,542,886
06/07/2003,PHF,VA,AEA,EN,Towers with Display (VFR),19,22,16,0,57,0,0,9,0,9,19,22,25,0,66,70,0,70,136
06/08/2003,PHF,VA,AEA,EN,Towers with Display (VFR),2,0,0,0,2,18,26,44,0,88,20,26,44,0,90,0,0,0,90
06/09/2003,PHF,VA,AEA,EN,Towers with Display (VFR),19,48,36,37,140,0,3,248,106,357,19,51,284,143,497,430,358,788,1285
06/10/2003,PHF,VA,AEA,EN,Towers with Display (VFR),20,60,58,22,160,0,6,236,76,318,20,66,294,98,478,366,334,700,1178
06/11/2003,PHF,VA,AEA,EN,Towers with Display (VFR),17,60,41,33,151,0,1,168,82,251,17,61,209,115,402,314,344,658,1060
06/12/2003,PHF,VA,AEA,EN,Towers with Display (VFR),19,50,27,12,108,0,1,151,48,200,19,51,178,60,308,92,100,192,500
06/13/2003,PHF,VA,AEA,EN,Towers with Display (VFR),17,44,35,6,102,0,0,164,57,221,17,44,199,63,323,374,384,758,1081
06/14/2003,PHF,VA,AEA,EN,Towers with Display (VFR),20,19,14,1,54,0,0,77,20,97,20,19,91,21,151,236,0,236,387
06/15/2003,PHF,VA,AEA,EN,Towers with Display (VFR),19,26,25,1,71,0,0,16,0,16,19,26,41,1,87,0,0,0,87
06/16/2003,PHF,VA,AEA,EN,Towers with Display (VFR),22,49,36,24,131,0,3,95,32,130,22,52,131,56,261,364,344,708,969
06/17/2003,PHF,VA,AEA,EN,Towers with Display (VFR),22,28,31,18,99,0,0,3,13,16,22,28,34,31,115,110,106,216,331
06/18/2003,PHF,VA,AEA,EN,Towers with Display (VFR),18,50,39,33,140,0,0,138,68,206,18,50,177,101,346,288,390,678,1024
06/19/2003,PHF,VA,AEA,EN,Towers with Display (VFR),20,56,36,27,139,0,4,48,11,63,20,60,84,38,202,0,0,0,202
06/20/2003,PHF,VA,AEA,EN,Towers with Display (VFR),21,41,36,8,106,0,0,186,16,202,21,41,222,24,308,388,142,530,838
06/21/2003,PHF,VA,AEA,EN,Towers with Display (VFR),21,41,21,1,84,0,0,250,0,250,21,41,271,1,334,448,0,448,782
06/22/2003,PHF,VA,AEA,EN,Towers with Display (VFR),22,38,29,2,91,2,0,166,18,186,24,38,195,20,277,192,36,228,505
06/23/2003,PHF,VA,AEA,EN,Towers with Display (VFR),20,38,44,27,129,0,0,264,72,336,20,38,308,99,465,380,262,642,1107
06/24/2003,PHF,VA,AEA,EN,Towers with Display (VFR),21,37,25,10,93,0,0,172,17,189,21,37,197,27,282,364,306,670,952
06/25/2003,PHF,VA,AEA,EN,Towers with Display (VFR),22,40,44,10,116,0,0,196,42,238,22,40,240,52,354,448,122,570,924
06/26/2003,PHF,VA,AEA,EN,Towers with Display (VFR),21,52,41,19,133,0,0,230,85,315,21,52,271,104,448,372,260,632,1080
06/27/2003,PHF,VA,AEA,EN,Towers with Display (VFR),20,47,44,10,121,0,0,214,4,218,20,47,258,14,339,206,0,206,545
06/28/2003,PHF,VA,AEA,EN,Towers with Display (VFR),22,37,17,2,78,0,0,148,16,164,22,37,165,18,242,208,46,254,496
06/29/2003,PHF,VA,AEA,EN,Towers with Display (VFR),21,25,37,0,83,0,0,183,0,183,21,25,220,0,266,230,0,230,496
06/30/2003,PHF,VA,AEA,EN,Towers with Display (VFR),20,34,31,12,97,0,0,234,67,301,20,34,265,79,398,350,168,518,916
07/01/2003,PHF,VA,AEA,EN,Towers with Display (VFR),21,48,36,4,109,0,1,189,76,266,21,49,225,80,375,308,224,532,907
07/02/2003,PHF,VA,AEA,EN,Towers with Display (VFR),23,39,30,4,96,0,0,54,3,57,23,39,84,7,153,128,0,128,281
07/03/2003,PHF,VA,AEA,EN,Towers with Display (VFR),27,29,33,3,92,0,0,161,0,161,27,29,194,3,253,274,140,414,667
07/04/2003,PHF,VA,AEA,EN,Towers with Display (VFR),20,22,15,0,57,0,0,120,0,120,20,22,135,0,177,248,0,248,425
07/05/2003,PHF,VA,AEA,EN,Towers with Display (VFR),24,22,12,0,58,0,2,22,0,24,24,24,34,0,82,74,0,74,156
07/06/2003,PHF,VA,AEA,EN,Towers with Display (VFR),23,21,29,2,75,0,0,42,5,47,23,21,71,7,122,86,12,98,220
07/07/2003,PHF,VA,AEA,EN,Towers with Display (VFR),22,33,55,9,119,0,0,202,47,249,22,33,257,56,368,364,212,576,944
07/08/2003,PHF,VA,AEA,EN,Towers with Display (VFR),23,34,28,28,113,0,0,215,59,274,23,34,243,87,387,386,284,670,1057
07/09/2003,PHF,VA,AEA,EN,Towers with Display (VFR),22,40,53,8,123,0,0,222,67,289,22,40,275,75,412,462,272,734,1146
07/10/2003,PHF,VA,AEA,EN,Towers with Display (VFR),20,46,61,14,141,0,1,179,53,233,20,47,240,67,374,398,294,692,1066
07/11/2003,PHF,VA,AEA,EN,Towers with Display (VFR),26,49,51,4,130,0,0,161,52,213,26,49,212,56,343,336,214,550,893
07/12/2003,PHF,VA,AEA,EN,Towers with Display (VFR),25,35,29,7,96,0,0,0,5,5,25,35,29,12,101,334,0,334,435
07/13/2003,PHF,VA,AEA,EN,Towers with Display (VFR),27,28,30,6,91,0,1,112,14,127,27,29,142,20,218,238,140,378,596
07/14/2003,PHF,VA,AEA,EN,Towers with Display (VFR),20,29,25,7,81,0,0,7,5,12,20,29,32,12,93,318,236,554,647
07/15/2003,PHF,VA,AEA,EN,Towers with Display (VFR),24,42,46,22,134,0,2,140,73,215,24,44,186,95,349,230,126,356,705
07/16/2003,PHF,VA,AEA,EN,Towers with Display (VFR),24,53,60,4,141,0,0,95,9,104,24,53,155,13,245,164,0,164,409
07/17/2003,PHF,VA,AEA,EN,Towers with Display (VFR),22,58,45,13,138,0,0,84,66,150,22,58,129,79,288,228,252,480,768
07/18/2003,PHF,VA,AEA,EN,Towers with Display (VFR),22,32,18,0,72,0,6,127,0,133,22,38,145,0,205,250,12,262,467
07/19/2003,PHF,VA,AEA,EN,Towers with Display (VFR),21,27,28,0,76,0,0,117,0,117,21,27,145,0,193,230,2,232,425
07/20/2003,PHF,VA,AEA,EN,Towers with Display (VFR),22,32,18,0,72,0,0,65,17,82,22,32,83,17,154,128,0,128,282
07/21/2003,PHF,VA,AEA,EN,Towers with Display (VFR),23,35,36,24,118,0,0,191,84,275,23,35,227,108,393,132,410,542,935
07/22/2003,PHF,VA,AEA,EN,Towers with Display (VFR),15,44,29,18,106,0,0,197,66,263,15,44,226,84,369,196,182,378,747
07/23/2003,PHF,VA,AEA,EN,Towers with Display (VFR),22,34,211,48,315,0,0,0,0,0,22,34,211,48,315,240,226,466,781
07/24/2003,PHF,VA,AEA,EN,Towers with Display (VFR),25,61,31,16,133,0,0,179,29,208,25,61,210,45,341,240,215,455,796
07/25/2003,PHF,VA,AEA,EN,Towers with Display (VFR),24,44,50,12,130,0,0,169,16,185,24,44,219,28,315,108,72,180,495
07/26/2003,PHF,VA,AEA,EN,Towers with Display (VFR),23,22,26,0,71,0,0,227,36,263,23,22,253,36,334,406,0,406,740
07/27/2003,PHF,VA,AEA,EN,Towers with Display (VFR),27,43,36,6,112,0,0,258,11,269,27,43,294,17,381,436,196,632,1013
07/28/2003,PHF,VA,AEA,EN,Towers with Display (VFR),24,48,34,18,124,0,0,255,16,271,24,48,289,34,395,370,22,392,787
07/29/2003,PHF,VA,AEA,EN,Towers with Display (VFR),24,44,24,7,99,0,5,148,48,201,24,49,172,55,300,246,186,432,732
07/30/2003,PHF,VA,AEA,EN,Towers with Display (VFR),23,39,29,4,95,0,2,1,2,5,23,41,30,6,100,0,0,0,100
07/31/2003,PHF,VA,AEA,EN,Towers with Display (VFR),19,39,33,12,103,0,1,220,32,253,19,40,253,44,356,370,140,510,866
08/01/2003,PHF,VA,AEA,EN,Towers with Display (VFR),23,31,35,20,109,0,0,233,48,281,23,31,268,68,390,336,184,520,910
08/02/2003,PHF,VA,AEA,EN,Towers with Display (VFR),28,22,34,1,85,0,0,99,1,100,28,22,133,2,185,186,2,188,373
08/03/2003,PHF,VA,AEA,EN,Towers with Display (VFR),24,28,33,5,90,0,0,80,0,80,24,28,113,5,170,84,0,84,254
08/04/2003,PHF,VA,AEA,EN,Towers with Display (VFR),25,33,20,8,86,0,0,67,2,69,25,33,87,10,155,62,0,62,217
08/05/2003,PHF,VA,AEA,EN,Towers with Display (VFR),23,51,37,7,118,0,0,119,28,147,23,51,156,35,265,328,216,544,809
08/06/2003,PHF,VA,AEA,EN,Towers with Display (VFR),25,49,41,17,132,0,0,89,82,171,25,49,130,99,303,198,248,446,749
08/07/2003,PHF,VA,AEA,EN,Towers with Display (VFR),23,38,28,9,98,4,1,75,4,84,27,39,103,13,182,24,0,24,206
08/08/2003,PHF,VA,AEA,EN,Towers with Display (VFR),23,36,33,12,104,0,0,82,33,115,23,36,115,45,219,174,28,202,421
08/09/2003,PHF,VA,AEA,EN,Towers with Display (VFR),23,22,13,1,59,0,0,185,28,213,23,22,198,29,272,194,84,278,550
08/10/2003,PHF,VA,AEA,EN,Towers with Display (VFR),29,26,30,1,86,0,0,86,26,112,29,26,116,27,198,248,120,368,566
08/11/2003,PHF,VA,AEA,EN,Towers with Display (VFR),26,31,15,6,78,0,0,126,23,149,26,31,141,29,227,428,288,716,943
08/12/2003,PHF,VA,AEA,EN,Towers with Display (VFR),39,35,56,12,142,0,0,171,45,216,39,35,227,57,358,276,192,468,826
08/13/2003,PHF,VA,AEA,EN,Towers with Display (VFR),27,41,40,14,122,0,0,45,20,65,27,41,85,34,187,76,56,132,319
08/14/2003,PHF,VA,AEA,EN,Towers with Display (VFR),23,59,45,16,143,0,2,159,21,182,23,61,204,37,325,274,104,378,703
08/15/2003,PHF,VA,AEA,EN,Towers with Display (VFR),28,47,50,19,144,0,0,167,58,225,28,47,217,77,369,314,282,596,965
08/16/2003,PHF,VA,AEA,EN,Towers with Display (VFR),31,42,13,0,86,0,0,144,0,144,31,42,157,0,230,238,0,238,468
08/17/2003,PHF,VA,AEA,EN,Towers with Display (VFR),24,33,17,0,74,0,0,20,0,20,24,33,37,0,94,0,0,0,94
08/18/2003,PHF,VA,AEA,EN,Towers with Display (VFR),27,27,39,20,113,0,0,102,15,117,27,27,141,35,230,266,56,322,552
08/19/2003,PHF,VA,AEA,EN,Towers with Display (VFR),23,54,42,19,138,0,0,175,41,216,23,54,217,60,354,318,116,434,788
08/20/2003,PHF,VA,AEA,EN,Towers with Display (VFR),26,46,45,30,147,0,0,170,30,200,26,46,215,60,347,316,208,524,871
08/21/2003,PHF,VA,AEA,EN,Towers with Display (VFR),24,45,26,22,117,0,0,178,44,222,24,45,204,66,339,296,218,514,853
08/22/2003,PHF,VA,AEA,EN,Towers with Display (VFR),25,35,55,4,119,0,1,294,3,298,25,36,349,7,417,366,38,404,821
08/23/2003,PHF,VA,AEA,EN,Towers with Display (VFR),28,23,16,5,72,0,0,171,35,206,28,23,187,40,278,370,76,446,724
08/24/2003,PHF,VA,AEA,EN,Towers with Display (VFR),24,31,30,1,86,0,0,259,0,259,24,31,289,1,345,460,0,460,805
08/25/2003,PHF,VA,AEA,EN,Towers with Display (VFR),25,44,34,4,107,0,0,343,58,401,25,44,377,62,508,528,176,704,1212
08/26/2003,PHF,VA,AEA,EN,Towers with Display (VFR),28,47,41,30,146,0,0,196,65,261,28,47,237,95,407,380,368,748,1155
08/27/2003,PHF,VA,AEA,EN,Towers with Display (VFR),27,59,38,12,136,0,0,237,88,325,27,59,275,100,461,476,320,796,1257
08/28/2003,PHF,VA,AEA,EN,Towers with Display (VFR),23,40,36,14,113,0,1,100,22,123,23,41,136,36,236,166,44,210,446
08/29/2003,PHF,VA,AEA,EN,Towers with Display (VFR),26,50,38,14,128,0,11,152,20,183,26,61,190,34,311,244,160,404,715
08/30/2003,PHF,VA,AEA,EN,Towers with Display (VFR),27,30,26,0,83,0,0,41,2,43,27,30,67,2,126,100,8,108,234
08/31/2003,PHF,VA,AEA,EN,Towers with Display (VFR),26,20,16,0,62,0,0,4,0,4,26,20,20,0,66,0,0,0,66
09/01/2003,PHF,VA,AEA,EN,Towers with Display (VFR),24,31,13,0,68,0,2,206,246,454,24,33,219,246,522,0,25,25,547
09/02/2003,PHF,VA,AEA,EN,Towers with Display (VFR),25,65,22,19,131,48,235,43,339,665,73,300,65,358,796,164,23,187,983
09/03/2003,PHF,VA,AEA,EN,Towers with Display (VFR),23,54,21,11,109,34,170,6,195,405,57,224,27,206,514,164,28,192,706
09/04/2003,PHF,VA,AEA,EN,Towers with Display (VFR),28,51,18,7,104,0,5,265,44,314,28,56,283,51,418,296,314,610,1028
09/05/2003,PHF,VA,AEA,EN,Towers with Display (VFR),29,54,51,9,143,0,15,266,34,315,29,69,317,43,458,214,106,320,778
09/06/2003,PHF,VA,AEA,EN,Towers with Display (VFR),24,31,28,6,89,0,0,102,2,104,24,31,130,8,193,184,0,184,377
09/07/2003,PHF,VA,AEA,EN,Towers with Display (VFR),25,28,20,0,73,0,0,144,49,193,25,28,164,49,266,414,146,560,826
09/08/2003,PHF,VA,AEA,EN,Towers with Display (VFR),27,32,26,13,98,0,0,173,64,237,27,32,199,77,335,382,272,654,989
09/09/2003,PHF,VA,AEA,EN,Towers with Display (VFR),30,53,34,22,139,0,0,152,50,202,30,53,186,72,341,254,374,628,969
09/10/2003,PHF,VA,AEA,EN,Towers with Display (VFR),23,48,26,47,144,0,0,235,102,337,23,48,261,149,481,494,550,1044,1525
09/11/2003,PHF,VA,AEA,EN,Towers with Display (VFR),26,38,24,12,100,0,0,215,30,245,26,38,239,42,345,350,254,604,949
09/12/2003,PHF,VA,AEA,EN,Towers with Display (VFR),26,36,41,15,118,0,0,2,7,9,26,36,43,22,127,0,0,0,127
09/13/2003,PHF,VA,AEA,EN,Towers with Display (VFR),25,22,13,6,66,0,0,112,9,121,25,22,125,15,187,192,24,216,403
09/14/2003,PHF,VA,AEA,EN,Towers with Display (VFR),26,25,31,9,91,0,0,155,58,213,26,25,186,67,304,400,142,542,846
09/15/2003,PHF,VA,AEA,EN,Towers with Display (VFR),31,41,26,21,119,0,0,156,63,219,31,41,182,84,338,368,264,632,970
09/16/2003,PHF,VA,AEA,EN,Towers with Display (VFR),24,34,49,10,117,0,0,141,44,185,24,34,190,54,302,236,148,384,686
09/17/2003,PHF,VA,AEA,EN,Towers with Display (VFR),26,30,37,2,95,0,0,188,1,189,26,30,225,3,284,0,0,0,284
09/18/2003,PHF,VA,AEA,EN,Towers with Display (VFR),4,7,0,0,11,0,0,0,0,0,4,7,0,0,11,0,0,0,11
09/19/2003,PHF,VA,AEA,EN,Towers with Display (VFR),19,16,17,0,52,0,0,0,0,0,19,16,17,0,52,12,0,12,64
09/20/2003,PHF,VA,AEA,EN,Towers with Display (VFR),26,24,22,0,72,0,0,0,0,0,26,24,22,0,72,0,0,0,72
09/21/2003,PHF,VA,AEA,EN,Towers with Display (VFR),25,29,20,0,74,0,0,0,0,0,25,29,20,0,74,0,0,0,74
09/22/2003,PHF,VA,AEA,EN,Towers with Display (VFR),24,27,27,13,91,0,0,146,11,157,24,27,173,24,248,178,196,374,622
09/23/2003,PHF,VA,AEA,EN,Towers with Display (VFR),24,36,16,1,77,0,0,16,0,16,24,36,32,1,93,20,0,20,113
09/24/2003,PHF,VA,AEA,EN,Towers with Display (VFR),28,41,37,7,113,0,0,134,10,144,28,41,171,17,257,142,12,154,411
09/25/2003,PHF,VA,AEA,EN,Towers with Display (VFR),29,41,25,7,102,0,0,175,71,246,29,41,200,78,348,290,262,552,900
09/26/2003,PHF,VA,AEA,EN,Towers with Display (VFR),27,41,42,31,141,0,2,137,39,178,27,43,179,70,319,190,190,380,699
09/27/2003,PHF,VA,AEA,EN,Towers with Display (VFR),28,24,19,0,71,0,0,142,12,154,28,24,161,12,225,190,124,314,539
09/28/2003,PHF,VA,AEA,EN,Towers with Display (VFR),25,23,23,2,73,0,0,10,2,12,25,23,33,4,85,0,0,0,85
09/29/2003,PHF,VA,AEA,EN,Towers with Display (VFR),26,33,29,33,121,0,0,114,43,157,26,33,143,76,278,186,168,354,632
09/30/2003,PHF,VA,AEA,EN,Towers with Display (VFR),25,47,31,13,116,0,0,253,62,315,25,47,284,75,431,296,174,470,901
10/01/2003,PHF,VA,AEA,EN,Towers with Display (VFR),31,41,43,34,149,0,0,245,101,346,31,41,288,135,495,356,340,696,1191
10/02/2003,PHF,VA,AEA,EN,Towers with Display (VFR),28,56,22,29,135,0,0,211,122,333,28,56,233,151,468,350,382,732,1200
10/03/2003,PHF,VA,AEA,EN,Towers with Display (VFR),23,31,28,5,87,0,0,110,44,154,23,31,138,49,241,64,24,88,329
10/04/2003,PHF,VA,AEA,EN,Towers with Display (VFR),24,27,32,7,90,0,0,212,22,234,24,27,244,29,324,300,0,300,624
10/05/2003,PHF,VA,AEA,EN,Towers with Display (VFR),26,24,20,0,70,0,0,238,0,238,26,24,258,0,308,308,0,308,616
10/06/2003,PHF,VA,AEA,EN,Towers with Display (VFR),25,39,30,20,114,0,0,272,54,326,25,39,302,74,440,262,208,470,910
10/07/2003,PHF,VA,AEA,EN,Towers with Display (VFR),28,42,35,27,132,0,0,249,56,305,28,42,284,83,437,222,276,498,935
10/08/2003,PHF,VA,AEA,EN,Towers with Display (VFR),24,39,58,12,133,0,1,157,22,180,24,40,215,34,313,256,124,380,693
10/09/2003,PHF,VA,AEA,EN,Towers with Display (VFR),25,48,36,26,135,0,0,172,53,225,25,48,208,79,360,254,368,622,982
10/10/2003,PHF,VA,AEA,EN,Towers with Display (VFR),28,50,64,16,158,0,0,71,10,81,28,50,135,26,239,6,50,56,295
10/11/2003,PHF,VA,AEA,EN,Towers with Display (VFR),28,24,40,5,97,0,0,8,7,15,28,24,48,12,112,0,52,52,164
10/12/2003,PHF,VA,AEA,EN,Towers with Display (VFR),25,27,37,13,102,0,0,132,18,150,25,27,169,31,252,290,40,330,582
10/13/2003,PHF,VA,AEA,EN,Towers with Display (VFR),27,35,48,29,139,0,0,234,99,333,27,35,282,128,472,356,356,712,1184
10/14/2003,PHF,VA,AEA,EN,Towers with Display (VFR),24,33,32,16,105,0,0,220,66,286,24,33,252,82,391,322,292,614,1005
10/15/2003,PHF,VA,AEA,EN,Towers with Display (VFR),27,36,32,11,106,0,0,114,21,135,27,36,146,32,241,278,52,330,571
10/16/2003,PHF,VA,AEA,EN,Towers with Display (VFR),27,43,40,11,121,0,0,122,25,147,27,43,162,36,268,216,60,276,544
10/17/2003,PHF,VA,AEA,EN,Towers with Display (VFR),24,47,43,6,120,0,0,219,16,235,24,47,262,22,355,396,146,542,897
10/18/2003,PHF,VA,AEA,EN,Towers with Display (VFR),30,44,33,8,115,0,0,200,56,256,30,44,233,64,371,388,124,512,883
10/19/2003,PHF,VA,AEA,EN,Towers with Display (VFR),29,42,32,1,104,0,0,203,2,205,29,42,235,3,309,396,0,396,705
10/20/2003,PHF,VA,AEA,EN,Towers with Display (VFR),27,55,36,19,137,0,0,306,57,363,27,55,342,76,500,442,316,758,1258
10/21/2003,PHF,VA,AEA,EN,Towers with Display (VFR),26,45,44,19,134,0,0,140,50,190,26,45,184,69,324,240,146,386,710
10/22/2003,PHF,VA,AEA,EN,Towers with Display (VFR),24,52,43,24,143,0,0,172,66,238,24,52,215,90,381,184,132,316,697
10/23/2003,PHF,VA,AEA,EN,Towers with Display (VFR),25,50,31,22,128,0,0,97,19,116,25,50,128,41,244,214,138,352,596
10/24/2003,PHF,VA,AEA,EN,Towers with Display (VFR),28,34,47,9,118,0,1,128,41,170,28,35,175,50,288,218,228,446,734
10/25/2003,PHF,VA,AEA,EN,Towers with Display (VFR),27,37,33,5,102,0,0,165,45,210,27,37,198,50,312,448,40,488,800
10/26/2003,PHF,VA,AEA,EN,Towers with Display (VFR),27,25,16,0,68,0,0,137,29,166,27,25,153,29,234,286,46,332,566
10/27/2003,PHF,VA,AEA,EN,Towers with Display (VFR),24,27,13,2,66,0,0,164,38,202,24,27,177,40,268,340,248,588,856
10/28/2003,PHF,VA,AEA,EN,Towers with Display (VFR),29,53,19,27,128,0,0,98,51,149,29,53,117,78,277,204,158,362,639
10/29/2003,PHF,VA,AEA,EN,Towers with Display (VFR),25,45,37,25,132,1,0,207,35,243,26,45,244,60,375,262,208,470,845
10/30/2003,PHF,VA,AEA,EN,Towers with Display (VFR),27,57,46,11,141,0,2,122,132,256,27,59,168,143,397,184,174,358,755
10/31/2003,PHF,VA,AEA,EN,Towers with Display (VFR),30,43,67,18,158,0,0,201,70,271,30,43,268,88,429,340,278,618,1047
11/01/2003,PHF,VA,AEA,EN,Towers with Display (VFR),31,31,23,2,87,0,0,206,6,212,31,31,229,8,299,408,12,420,719
11/02/2003,PHF,VA,AEA,EN,Towers with Display (VFR),24,33,33,0,90,0,0,200,8,208,24,33,233,8,298,284,0,284,582
11/03/2003,PHF,VA,AEA,EN,Towers with Display (VFR),26,36,34,5,101,0,0,172,33,205,26,36,206,38,306,278,220,498,804
11/04/2003,PHF,VA,AEA,EN,Towers with Display (VFR),24,37,40,21,122,0,0,4,12,16,24,37,44,33,138,330,208,538,676
11/05/2003,PHF,VA,AEA,EN,Towers with Display (VFR),26,46,27,14,113,0,0,139,44,183,26,46,166,58,296,300,170,470,766
11/06/2003,PHF,VA,AEA,EN,Towers with Display (VFR),25,26,35,23,109,0,0,122,59,181,25,26,157,82,290,292,234,526,816
11/07/2003,PHF,VA,AEA,EN,Towers with Display (VFR),25,23,27,29,104,0,0,141,57,198,25,23,168,86,302,262,146,408,710
11/08/2003,PHF,VA,AEA,EN,Towers with Display (VFR),36,25,38,0,99,0,0,215,0,215,36,25,253,0,314,338,16,354,668
11/09/2003,PHF,VA,AEA,EN,Towers with Display (VFR),27,26,17,0,70,0,1,118,0,119,27,27,135,0,189,330,0,330,519
11/10/2003,PHF,VA,AEA,EN,Towers with Display (VFR),27,30,43,16,116,0,0,78,12,90,27,30,121,28,206,150,40,190,396
11/11/2003,PHF,VA,AEA,EN,Towers with Display (VFR),28,43,43,3,117,0,0,96,1,97,28,43,139,4,214,138,0,138,352
11/12/2003,PHF,VA,AEA,EN,Towers with Display (VFR),27,57,45,10,139,0,0,106,40,146,27,57,151,50,285,146,26,172,457
11/13/2003,PHF,VA,AEA,EN,Towers with Display (VFR),31,40,20,10,101,0,0,17,120,137,31,40,37,130,238,118,8,126,364
11/14/2003,PHF,VA,AEA,EN,Towers with Display (VFR),25,48,47,12,132,0,0,61,19,80,25,48,108,31,212,52,20,72,284
11/15/2003,PHF,VA,AEA,EN,Towers with Display (VFR),29,33,22,5,89,0,0,96,53,149,29,33,118,58,238,120,68,188,426
11/16/2003,PHF,VA,AEA,EN,Towers with Display (VFR),28,29,35,2,94,0,0,59,40,99,28,29,94,42,193,262,6,268,461
11/17/2003,PHF,VA,AEA,EN,Towers with Display (VFR),30,36,26,28,120,0,0,85,41,126,30,36,111,69,246,174,204,378,624
11/18/2003,PHF,VA,AEA,EN,Towers with Display (VFR),31,49,27,14,121,0,1,90,50,141,31,50,117,64,262,274,267,541,803
11/19/2003,PHF,VA,AEA,EN,Towers with Display (VFR),29,39,14,5,87,0,0,48,16,64,29,39,62,21,151,100,104,204,355
11/20/2003,PHF,VA,AEA,EN,Towers with Display (VFR),26,42,23,26,117,0,0,174,28,202,26,42,197,54,319,274,182,456,775
11/21/2003,PHF,VA,AEA,EN,Towers with Display (VFR),28,38,37,21,124,0,0,202,58,260,28,38,239,79,384,273,146,419,803
11/22/2003,PHF,VA,AEA,EN,Towers with Display (VFR),28,23,24,0,75,0,0,142,0,142,28,23,166,0,217,68,0,68,285
11/23/2003,PHF,VA,AEA,EN,Towers with Display (VFR),25,33,30,4,92,0,0,83,1,84,25,33,113,5,176,122,0,122,298
11/24/2003,PHF,VA,AEA,EN,Towers with Display (VFR),27,34,32,19,112,0,9,132,51,192,27,43,164,70,304,284,250,534,838
11/25/2003,PHF,VA,AEA,EN,Towers with Display (VFR),26,36,20,28,110,0,2,87,43,132,26,38,107,71,242,106,118,224,466
11/26/2003,PHF,VA,AEA,EN,Towers with Display (VFR),32,36,24,10,102,0,0,144,46,190,32,36,168,56,292,256,198,454,746
11/27/2003,PHF,VA,AEA,EN,Towers with Display (VFR),25,15,13,0,53,0,0,18,0,18,25,15,31,0,71,24,0,24,95
11/28/2003,PHF,VA,AEA,EN,Towers with Display (VFR),31,21,20,0,72,0,0,0,0,0,31,21,20,0,72,0,0,0,72
11/29/2003,PHF,VA,AEA,EN,Towers with Display (VFR),31,23,11,3,68,0,0,47,4,51,31,23,58,7,119,106,70,176,295
11/30/2003,PHF,VA,AEA,EN,Towers with Display (VFR),29,28,28,4,89,0,0,88,16,104,29,28,116,20,193,234,0,234,427
12/01/2003,PHF,VA,AEA,EN,Towers with Display (VFR),30,28,28,16,102,0,0,93,30,123,30,28,121,46,225,150,96,246,471
12/02/2003,PHF,VA,AEA,EN,Towers with Display (VFR),27,30,38,11,106,0,0,134,60,194,27,30,172,71,300,126,94,220,520
12/03/2003,PHF,VA,AEA,EN,Towers with Display (VFR),25,45,40,24,134,0,0,193,83,276,25,45,233,107,410,352,232,584,994
12/04/2003,PHF,VA,AEA,EN,Towers with Display (VFR),24,35,25,19,103,0,0,111,55,166,24,35,136,74,269,188,108,296,565
12/05/2003,PHF,VA,AEA,EN,Towers with Display (VFR),25,27,20,6,78,0,0,2,5,7,25,27,22,11,85,0,0,0,85
12/06/2003,PHF,VA,AEA,EN,Towers with Display (VFR),24,22,2,0,48,0,0,32,8,40,24,22,34,8,88,98,0,98,186
12/07/2003,PHF,VA,AEA,EN,Towers with Display (VFR),30,25,28,0,83,0,0,81,0,81,30,25,109,0,164,196,0,196,360
12/08/2003,PHF,VA,AEA,EN,Towers with Display (VFR),29,44,5,20,98,0,0,124,65,189,29,44,129,85,287,314,164,478,765
12/09/2003,PHF,VA,AEA,EN,Towers with Display (VFR),27,41,28,10,106,0,0,152,44,196,27,41,180,54,302,252,226,478,780
12/10/2003,PHF,VA,AEA,EN,Towers with Display (VFR),28,38,49,13,128,0,0,99,33,132,28,38,148,46,260,176,146,322,582
12/11/2003,PHF,VA,AEA,EN,Towers with Display (VFR),25,30,29,22,106,0,0,157,44,201,25,30,186,66,307,220,192,412,719
12/12/2003,PHF,VA,AEA,EN,Towers with Display (VFR),32,37,45,8,122,0,0,166,27,193,32,37,211,35,315,212,158,370,685
12/13/2003,PHF,VA,AEA,EN,Towers with Display (VFR),24,30,12,2,68,0,0,157,10,167,24,30,169,12,235,20,24,44,279
12/14/2003,PHF,VA,AEA,EN,Towers with Display (VFR),22,19,11,0,52,1,0,0,0,1,23,19,11,0,53,0,0,0,53
12/15/2003,PHF,VA,AEA,EN,Towers with Display (VFR),26,38,27,7,98,0,0,124,30,154,26,38,151,37,252,314,234,548,800
12/16/2003,PHF,VA,AEA,EN,Towers with Display (VFR),27,53,47,19,146,0,0,145,52,197,27,53,192,71,343,260,212,472,815
12/17/2003,PHF,VA,AEA,EN,Towers with Display (VFR),25,29,25,9,88,0,0,53,38,91,25,29,78,47,179,148,50,198,377
12/18/2003,PHF,VA,AEA,EN,Towers with Display (VFR),29,31,30,24,114,0,0,121,47,168,29,31,151,71,282,168,174,342,624
12/19/2003,PHF,VA,AEA,EN,Towers with Display (VFR),32,37,41,0,110,0,4,163,40,207,32,41,204,40,317,286,104,390,707
12/20/2003,PHF,VA,AEA,EN,Towers with Display (VFR),30,17,14,0,61,0,0,59,22,81,30,17,73,22,142,13,42,55,197
12/21/2003,PHF,VA,AEA,EN,Towers with Display (VFR),38,22,11,0,71,0,0,86,0,86,38,22,97,0,157,232,44,276,433
12/22/2003,PHF,VA,AEA,EN,Towers with Display (VFR),26,18,26,9,79,0,0,228,65,293,26,18,254,74,372,262,286,548,920
12/23/2003,PHF,VA,AEA,EN,Towers with Display (VFR),27,18,14,15,74,0,0,56,46,102,27,18,70,61,176,158,82,240,416
12/24/2003,PHF,VA,AEA,EN,Towers with Display (VFR),29,22,5,12,68,0,0,14,9,23,29,22,19,21,91,86,0,86,177
12/25/2003,PHF,VA,AEA,EN,Towers with Display (VFR),35,19,4,0,58,0,0,2,0,2,35,19,6,0,60,0,0,0,60
12/26/2003,PHF,VA,AEA,EN,Towers with Display (VFR),36,30,9,0,75,0,0,52,0,52,36,30,61,0,127,110,0,110,237
12/27/2003,PHF,VA,AEA,EN,Towers with Display (VFR),34,18,30,0,82,0,0,104,0,104,34,18,134,0,186,184,0,184,370
12/28/2003,PHF,VA,AEA,EN,Towers with Display (VFR),36,20,21,0,77,0,0,43,0,43,36,20,64,0,120,64,0,64,184
12/29/2003,PHF,VA,AEA,EN,Towers with Display (VFR),27,25,24,20,96,0,1,96,36,133,27,26,120,56,229,156,184,340,569
12/30/2003,PHF,VA,AEA,EN,Towers with Display (VFR),27,20,7,24,78,0,0,35,65,100,27,20,42,89,178,68,74,142,320
12/31/2003,PHF,VA,AEA,EN,Towers with Display (VFR),27,22,25,2,76,0,2,151,14,167,27,24,176,16,243,294,50,344,587
01/01/2004,PHF,VA,AEA,EN,Towers with Display (VFR),25,20,7,0,52,0,0,76,0,76,25,20,83,0,128,114,0,114,242
01/02/2004,PHF,VA,AEA,EN,Towers with Display (VFR),28,24,13,5,70,0,0,100,28,128,28,24,113,33,198,224,46,270,468
01/03/2004,PHF,VA,AEA,EN,Towers with Display (VFR),30,19,17,7,73,0,0,272,32,304,30,19,289,39,377,362,172,534,911
01/04/2004,PHF,VA,AEA,EN,Towers with Display (VFR),27,21,15,0,63,0,0,36,0,36,27,21,51,0,99,126,0,126,225
01/05/2004,PHF,VA,AEA,EN,Towers with Display (VFR),43,26,17,19,105,0,0,122,67,189,43,26,139,86,294,296,224,520,814
01/06/2004,PHF,VA,AEA,EN,Towers with Display (VFR),29,32,24,18,103,0,0,202,55,257,29,32,226,73,360,394,268,662,1022
01/07/2004,PHF,VA,AEA,EN,Towers with Display (VFR),23,32,22,14,91,0,0,125,24,149,23,32,147,38,240,308,112,420,660
01/08/2004,PHF,VA,AEA,EN,Towers with Display (VFR),28,43,17,33,121,0,0,135,48,183,28,43,152,81,304,206,76,282,586
01/09/2004,PHF,VA,AEA,EN,Towers with Display (VFR),24,21,14,6,65,0,0,35,3,38,24,21,49,9,103,0,0,0,103
01/10/2004,PHF,VA,AEA,EN,Towers with Display (VFR),29,22,7,20,78,0,0,42,19,61,29,22,49,39,139,60,0,60,199
01/11/2004,PHF,VA,AEA,EN,Towers with Display (VFR),32,27,8,4,71,0,0,137,40,177,32,27,145,44,248,330,86,416,664
01/12/2004,PHF,VA,AEA,EN,Towers with Display (VFR),27,48,38,10,123,0,0,214,55,269,27,48,252,65,392,362,256,618,1010
01/13/2004,PHF,VA,AEA,EN,Towers with Display (VFR),29,39,21,26,115,0,0,151,38,189,29,39,172,64,304,242,234,476,780
01/14/2004,PHF,VA,AEA,EN,Towers with Display (VFR),24,42,37,17,120,0,1,168,33,202,24,43,205,50,322,274,188,462,784
01/15/2004,PHF,VA,AEA,EN,Towers with Display (VFR),27,42,33,18,120,0,1,148,45,194,27,43,181,63,314,308,182,490,804
01/16/2004,PHF,VA,AEA,EN,Towers with Display (VFR),33,41,36,2,112,0,0,172,41,213,33,41,208,43,325,336,178,514,839
01/17/2004,PHF,VA,AEA,EN,Towers with Display (VFR),26,29,12,2,69,0,0,184,26,210,26,29,196,28,279,376,66,442,721
01/18/2004,PHF,VA,AEA,EN,Towers with Display (VFR),26,19,16,1,62,2,0,1,0,3,28,19,17,1,65,0,0,0,65
01/19/2004,PHF,VA,AEA,EN,Towers with Display (VFR),29,30,33,17,109,0,0,154,54,208,29,30,187,71,317,286,186,472,789
01/20/2004,PHF,VA,AEA,EN,Towers with Display (VFR),27,39,30,15,111,0,2,134,88,224,27,41,164,103,335,308,330,638,973
01/21/2004,PHF,VA,AEA,EN,Towers with Display (VFR),29,42,39,27,137,0,0,130,37,167,29,42,169,64,304,132,54,186,490
01/22/2004,PHF,VA,AEA,EN,Towers with Display (VFR),24,45,24,22,115,0,2,141,53,196,24,47,165,75,311,238,230,468,779
01/23/2004,PHF,VA,AEA,EN,Towers with Display (VFR),26,30,32,9,97,0,0,191,31,222,26,30,223,40,319,272,186,458,777
01/24/2004,PHF,VA,AEA,EN,Towers with Display (VFR),33,24,16,8,81,0,0,164,64,228,33,24,180,72,309,338,250,588,897
01/25/2004,PHF,VA,AEA,EN,Towers with Display (VFR),24,19,4,3,50,0,0,99,4,103,24,19,103,7,153,148,80,228,381
01/26/2004,PHF,VA,AEA,EN,Towers with Display (VFR),1,8,2,0,11,0,0,0,0,0,1,8,2,0,11,0,27,27,38
01/27/2004,PHF,VA,AEA,EN,Towers with Display (VFR),19,3,3,0,25,0,0,3,0,3,19,3,6,0,28,0,0,0,28
01/28/2004,PHF,VA,AEA,EN,Towers with Display (VFR),30,44,26,7,107,0,0,135,43,178,30,44,161,50,285,230,176,406,691
01/29/2004,PHF,VA,AEA,EN,Towers with Display (VFR),37,66,18,18,139,0,0,271,40,311,37,66,289,58,450,254,234,488,938
01/30/2004,PHF,VA,AEA,EN,Towers with Display (VFR),33,63,42,18,156,0,0,227,62,289,33,63,269,80,445,326,254,580,1025
01/31/2004,PHF,VA,AEA,EN,Towers with Display (VFR),29,35,23,2,89,0,2,220,40,262,29,37,243,42,351,330,208,538,889
02/01/2004,PHF,VA,AEA,EN,Towers with Display (VFR),30,27,39,5,101,0,0,197,8,205,30,27,236,13,306,212,142,354,660
02/02/2004,PHF,VA,AEA,EN,Towers with Display (VFR),26,38,22,45,131,0,0,161,92,253,26,38,183,137,384,225,240,465,849
02/03/2004,PHF,VA,AEA,EN,Towers with Display (VFR),30,40,29,17,116,0,0,122,74,196,30,40,151,91,312,206,108,314,626
02/04/2004,PHF,VA,AEA,EN,Towers with Display (VFR),30,42,45,24,141,0,0,181,70,251,30,42,226,94,392,354,194,548,940
02/05/2004,PHF,VA,AEA,EN,Towers with Display (VFR),29,51,45,25,150,0,0,134,50,184,29,51,179,75,334,288,270,558,892
02/06/2004,PHF,VA,AEA,EN,Towers with Display (VFR),30,43,25,13,111,0,1,2,140,143,30,44,27,153,254,186,162,348,602
02/07/2004,PHF,VA,AEA,EN,Towers with Display (VFR),29,30,11,9,79,0,0,156,50,206,29,30,167,59,285,314,142,456,741
02/08/2004,PHF,VA,AEA,EN,Towers with Display (VFR),33,30,26,2,91,0,0,157,35,192,33,30,183,37,283,264,92,356,639
02/09/2004,PHF,VA,AEA,EN,Towers with Display (VFR),40,30,37,9,116,0,0,186,61,247,40,30,223,70,363,336,210,546,909
02/10/2004,PHF,VA,AEA,EN,Towers with Display (VFR),31,43,39,11,124,0,0,208,54,262,31,43,247,65,386,292,344,636,1022
02/11/2004,PHF,VA,AEA,EN,Towers with Display (VFR),29,35,40,20,124,0,4,120,24,148,29,39,160,44,272,216,254,470,742
02/12/2004,PHF,VA,AEA,EN,Towers with Display (VFR),26,41,20,0,87,0,0,2,1,3,26,41,22,1,90,0,0,0,90
02/13/2004,PHF,VA,AEA,EN,Towers with Display (VFR),27,24,33,13,97,0,0,175,29,204,27,24,208,42,301,324,160,484,785
02/14/2004,PHF,VA,AEA,EN,Towers with Display (VFR),31,26,25,2,84,0,0,135,0,135,31,26,160,2,219,202,24,226,445
02/15/2004,PHF,VA,AEA,EN,Towers with Display (VFR),24,27,12,0,63,3,89,14,262,368,27,116,26,262,431,38,23,61,492
02/16/2004,PHF,VA,AEA,EN,Towers with Display (VFR),19,19,26,4,68,0,126,15,262,403,19,145,41,266,471,266,124,390,861
02/17/2004,PHF,VA,AEA,EN,Towers with Display (VFR),30,33,23,8,94,0,0,6,6,12,30,33,29,14,106,4,2,6,112
02/18/2004,PHF,VA,AEA,EN,Towers with Display (VFR),27,43,30,21,121,0,0,135,79,214,27,43,165,100,335,300,214,514,849
02/19/2004,PHF,VA,AEA,EN,Towers with Display (VFR),27,44,30,31,132,0,0,251,61,312,27,44,281,92,444,312,228,540,984
02/20/2004,PHF,VA,AEA,EN,Towers with Display (VFR),33,38,45,11,127,0,0,232,54,286,33,38,277,65,413,324,308,632,1045
02/21/2004,PHF,VA,AEA,EN,Towers with Display (VFR),26,21,10,6,63,0,0,34,5,39,26,21,44,11,102,78,22,100,202
02/22/2004,PHF,VA,AEA,EN,Towers with Display (VFR),25,25,25,14,89,0,0,183,12,195,25,25,208,26,284,320,0,320,604
02/23/2004,PHF,VA,AEA,EN,Towers with Display (VFR),25,30,30,15,100,0,0,164,62,226,25,30,194,77,326,242,168,410,736
02/24/2004,PHF,VA,AEA,EN,Towers with Display (VFR),26,50,21,31,128,0,0,204,54,258,26,50,225,85,386,254,266,520,906
02/25/2004,PHF,VA,AEA,EN,Towers with Display (VFR),24,38,28,15,105,0,1,187,63,251,24,39,215,78,356,322,298,620,976
02/26/2004,PHF,VA,AEA,EN,Towers with Display (VFR),23,37,30,9,99,0,0,117,59,176,23,37,147,68,275,240,262,502,777
02/27/2004,PHF,VA,AEA,EN,Towers with Display (VFR),29,46,34,23,132,0,0,139,64,203,29,46,173,87,335,296,252,548,883
02/28/2004,PHF,VA,AEA,EN,Towers with Display (VFR),28,32,20,0,80,0,2,148,0,150,28,34,168,0,230,340,122,462,692
02/29/2004,PHF,VA,AEA,EN,Towers with Display (VFR),25,24,25,0,74,0,0,259,0,259,25,24,284,0,333,380,0,380,713
03/01/2004,PHF,VA,AEA,EN,Towers with Display (VFR),28,26,25,19,98,0,0,209,25,234,28,26,234,44,332,282,250,532,864
03/02/2004,PHF,VA,AEA,EN,Towers with Display (VFR),26,33,22,5,86,0,2,210,60,272,26,35,232,65,358,324,300,624,982
03/03/2004,PHF,VA,AEA,EN,Towers with Display (VFR),27,29,61,30,147,0,1,256,54,311,27,30,317,84,458,430,290,720,1178
03/04/2004,PHF,VA,AEA,EN,Towers with Display (VFR),24,38,16,6,84,0,2,210,95,307,24,40,226,101,391,216,232,448,839
03/05/2004,PHF,VA,AEA,EN,Towers with Display (VFR),26,27,39,21,113,0,0,91,47,138,26,27,130,68,251,142,218,360,611
03/06/2004,PHF,VA,AEA,EN,Towers with Display (VFR),24,24,5,6,59,0,0,5,24,29,24,24,10,30,88,10,10,20,108
03/07/2004,PHF,VA,AEA,EN,Towers with Display (VFR),22,19,24,3,68,0,0,166,27,193,22,19,190,30,261,222,16,238,499
03/08/2004,PHF,VA,AEA,EN,Towers with Display (VFR),28,36,7,18,89,0,2,181,82,265,28,38,188,100,354,256,304,560,914
03/09/2004,PHF,VA,AEA,EN,Towers with Display (VFR),27,46,25,48,146,0,0,194,75,269,27,46,219,123,415,366,312,678,1093
03/10/2004,PHF,VA,AEA,EN,Towers with Display (VFR),24,25,171,30,250,0,0,0,0,0,24,25,171,30,250,198,164,362,612
03/11/2004,PHF,VA,AEA,EN,Towers with Display (VFR),26,29,33,26,114,0,0,82,63,145,26,29,115,89,259,174,152,326,585
03/12/2004,PHF,VA,AEA,EN,Towers with Display (VFR),25,34,34,33,126,0,0,238,57,295,25,34,272,90,421,256,244,500,921
03/13/2004,PHF,VA,AEA,EN,Towers with Display (VFR),28,25,20,14,87,0,0,225,49,274,28,25,245,63,361,356,146,502,863
03/14/2004,PHF,VA,AEA,EN,Towers with Display (VFR),28,24,21,3,76,0,0,152,46,198,28,24,173,49,274,320,232,552,826
03/15/2004,PHF,VA,AEA,EN,Towers with Display (VFR),27,32,36,49,144,0,0,115,49,164,27,32,151,98,308,126,124,250,558
03/16/2004,PHF,VA,AEA,EN,Towers with Display (VFR),26,27,21,38,112,0,0,0,22,22,26,27,21,60,134,0,12,12,146
03/17/2004,PHF,VA,AEA,EN,Towers with Display (VFR),25,38,41,27,131,0,2,139,61,202,25,40,180,88,333,306,330,636,969
03/18/2004,PHF,VA,AEA,EN,Towers with Display (VFR),29,38,34,29,130,0,1,113,66,180,29,39,147,95,310,254,326,580,890
03/19/2004,PHF,VA,AEA,EN,Towers with Display (VFR),26,33,48,12,119,0,0,150,55,205,26,33,198,67,324,312,256,568,892
03/20/2004,PHF,VA,AEA,EN,Towers with Display (VFR),25,24,32,2,83,0,0,257,30,287,25,24,289,32,370,422,126,548,918
03/21/2004,PHF,VA,AEA,EN,Towers with Display (VFR),29,26,25,2,82,0,0,136,107,243,29,26,161,109,325,216,106,322,647
03/22/2004,PHF,VA,AEA,EN,Towers with Display (VFR),29,39,35,23,126,0,0,170,57,227,29,39,205,80,353,232,244,476,829
03/23/2004,PHF,VA,AEA,EN,Towers with Display (VFR),25,40,53,20,138,0,0,149,41,190,25,40,202,61,328,222,104,326,654
03/24/2004,PHF,VA,AEA,EN,Towers with Display (VFR),25,39,45,8,117,0,0,176,118,294,25,39,221,126,411,192,330,522,933
03/25/2004,PHF,VA,AEA,EN,Towers with Display (VFR),28,30,40,31,129,0,0,163,98,261,28,30,203,129,390,342,312,654,1044
03/26/2004,PHF,VA,AEA,EN,Towers with Display (VFR),25,32,57,8,122,0,0,190,44,234,25,32,247,52,356,402,218,620,976
03/27/2004,PHF,VA,AEA,EN,Towers with Display (VFR),25,20,21,4,70,0,0,127,3,130,25,20,148,7,200,286,14,300,500
03/28/2004,PHF,VA,AEA,EN,Towers with Display (VFR),29,22,40,1,92,0,0,114,40,154,29,22,154,41,246,290,222,512,758
03/29/2004,PHF,VA,AEA,EN,Towers with Display (VFR),29,30,55,23,137,0,0,253,64,317,29,30,308,87,454,388,238,626,1080
03/30/2004,PHF,VA,AEA,EN,Towers with Display (VFR),28,26,31,20,105,0,0,3,13,16,28,26,34,33,121,0,0,0,121
03/31/2004,PHF,VA,AEA,EN,Towers with Display (VFR),27,55,36,25,143,0,2,4,15,21,27,57,40,40,164,0,0,0,164
04/01/2004,PHF,VA,AEA,EN,Towers with Display (VFR),20,44,21,6,91,0,1,3,5,9,20,45,24,11,100,0,0,0,100
04/02/2004,PHF,VA,AEA,EN,Towers with Display (VFR),22,40,39,32,133,0,0,242,68,310,22,40,281,100,443,320,258,578,1021
04/03/2004,PHF,VA,AEA,EN,Towers with Display (VFR),33,30,23,16,102,0,1,205,14,220,33,31,228,30,322,300,22,322,644
04/04/2004,PHF,VA,AEA,EN,Towers with Display (VFR),25,23,11,2,61,0,0,98,0,98,25,23,109,2,159,0,0,0,159
04/05/2004,PHF,VA,AEA,EN,Towers with Display (VFR),24,35,19,3,81,0,0,4,1,5,24,35,23,4,86,0,0,0,86
04/06/2004,PHF,VA,AEA,EN,Towers with Display (VFR),35,52,46,26,159,0,0,133,40,173,35,52,179,66,332,272,270,542,874
04/07/2004,PHF,VA,AEA,EN,Towers with Display (VFR),27,55,57,2,141,0,0,141,43,184,27,55,198,45,325,364,230,594,919
04/08/2004,PHF,VA,AEA,EN,Towers with Display (VFR),29,47,31,19,126,0,1,166,75,242,29,48,197,94,368,352,210,562,930
04/09/2004,PHF,VA,AEA,EN,Towers with Display (VFR),27,32,68,5,132,0,0,255,37,292,27,32,323,42,424,402,288,690,1114
04/10/2004,PHF,VA,AEA,EN,Towers with Display (VFR),26,26,42,2,96,0,1,188,5,194,26,27,230,7,290,356,54,410,700
04/11/2004,PHF,VA,AEA,EN,Towers with Display (VFR),26,28,12,0,66,0,0,2,0,2,26,28,14,0,68,0,0,0,68
04/12/2004,PHF,VA,AEA,EN,Towers with Display (VFR),27,37,35,20,119,0,0,0,9,9,27,37,35,29,128,0,0,0,128
04/13/2004,PHF,VA,AEA,EN,Towers with Display (VFR),27,29,19,3,78,0,0,6,0,6,27,29,25,3,84,0,0,0,84
04/14/2004,PHF,VA,AEA,EN,Towers with Display (VFR),22,36,36,21,115,0,0,9,42,51,22,36,45,63,166,10,80,90,256
04/15/2004,PHF,VA,AEA,EN,Towers with Display (VFR),27,35,31,19,112,0,3,78,59,140,27,38,109,78,252,46,114,160,412
04/16/2004,PHF,VA,AEA,EN,Towers with Display (VFR),27,44,45,12,128,0,0,203,65,268,27,44,248,77,396,302,252,554,950
04/17/2004,PHF,VA,AEA,EN,Towers with Display (VFR),28,25,37,9,99,0,0,198,56,254,28,25,235,65,353,280,80,360,713
04/18/2004,PHF,VA,AEA,EN,Towers with Display (VFR),26,30,34,1,91,0,0,86,0,86,26,30,120,1,177,134,0,134,311
04/19/2004,PHF,VA,AEA,EN,Towers with Display (VFR),33,44,40,2,119,0,0,8,0,8,33,44,48,2,127,226,78,304,431
04/20/2004,PHF,VA,AEA,EN,Towers with Display (VFR),30,41,42,14,127,0,0,267,44,311,30,41,309,58,438,316,184,500,938
04/21/2004,PHF,VA,AEA,EN,Towers with Display (VFR),28,47,53,39,167,0,2,199,100,301,28,49,252,139,468,230,232,462,930
04/22/2004,PHF,VA,AEA,EN,Towers with Display (VFR),25,56,28,4,113,0,0,162,43,205,25,56,190,47,318,188,202,390,708
04/23/2004,PHF,VA,AEA,EN,Towers with Display (VFR),27,36,57,13,133,0,0,79,9,88,27,36,136,22,221,242,276,518,739
04/24/2004,PHF,VA,AEA,EN,Towers with Display (VFR),28,25,48,1,102,0,0,59,6,65,28,25,107,7,167,108,16,124,291
04/25/2004,PHF,VA,AEA,EN,Towers with Display (VFR),23,43,36,6,108,0,0,143,0,143,23,43,179,6,251,162,0,162,413
04/26/2004,PHF,VA,AEA,EN,Towers with Display (VFR),25,55,35,10,125,0,0,96,9,105,25,55,131,19,230,66,48,114,344
04/27/2004,PHF,VA,AEA,EN,Towers with Display (VFR),25,58,40,18,141,0,0,240,33,273,25,58,280,51,414,277,170,447,861
04/28/2004,PHF,VA,AEA,EN,Towers with Display (VFR),26,55,52,12,145,0,0,259,112,371,26,55,311,124,516,330,286,616,1132
04/29/2004,PHF,VA,AEA,EN,Towers with Display (VFR),29,60,31,25,145,0,0,290,53,343,29,60,321,78,488,394,308,702,1190
04/30/2004,PHF,VA,AEA,EN,Towers with Display (VFR),25,46,39,5,115,0,0,216,9,225,25,46,255,14,340,414,122,536,876
05/01/2004,PHF,VA,AEA,EN,Towers with Display (VFR),26,23,19,4,72,0,0,35,1,36,26,23,54,5,108,72,0,72,180
05/02/2004,PHF,VA,AEA,EN,Towers with Display (VFR),25,22,44,6,97,1,0,203,2,206,26,22,247,8,303,290,0,290,593
05/03/2004,PHF,VA,AEA,EN,Towers with Display (VFR),21,29,28,6,84,0,0,1,6,7,21,29,29,12,91,0,0,0,91
05/04/2004,PHF,VA,AEA,EN,Towers with Display (VFR),23,31,42,15,111,0,0,310,102,412,23,31,352,117,523,382,276,658,1181
05/05/2004,PHF,VA,AEA,EN,Towers with Display (VFR),24,40,41,30,135,0,0,184,68,252,24,40,225,98,387,234,204,438,825
05/06/2004,PHF,VA,AEA,EN,Towers with Display (VFR),23,57,48,28,156,0,4,181,61,246,23,61,229,89,402,272,220,492,894
05/07/2004,PHF,VA,AEA,EN,Towers with Display (VFR),27,30,44,14,115,0,0,193,37,230,27,30,237,51,345,306,182,488,833
05/08/2004,PHF,VA,AEA,EN,Towers with Display (VFR),29,29,30,11,99,0,0,21,19,40,29,29,51,30,139,16,34,50,189
05/09/2004,PHF,VA,AEA,EN,Towers with Display (VFR),28,28,44,5,105,0,0,337,1,338,28,28,381,6,443,326,16,342,785
05/10/2004,PHF,VA,AEA,EN,Towers with Display (VFR),26,36,37,16,115,0,1,238,63,302,26,37,275,79,417,296,232,528,945
05/11/2004,PHF,VA,AEA,EN,Towers with Display (VFR),22,41,26,20,109,0,0,222,59,281,22,41,248,79,390,246,258,504,894
05/12/2004,PHF,VA,AEA,EN,Towers with Display (VFR),31,58,46,11,146,0,2,203,49,254,31,60,249,60,400,226,270,496,896
05/13/2004,PHF,VA,AEA,EN,Towers with Display (VFR),23,31,40,12,106,0,0,221,57,278,23,31,261,69,384,348,318,666,1050
05/14/2004,PHF,VA,AEA,EN,Towers with Display (VFR),30,32,62,13,137,0,0,54,8,62,30,32,116,21,199,66,134,200,399
05/15/2004,PHF,VA,AEA,EN,Towers with Display (VFR),24,18,20,5,67,0,0,156,17,173,24,18,176,22,240,286,74,360,600
05/16/2004,PHF,VA,AEA,EN,Towers with Display (VFR),22,24,28,2,76,0,0,131,2,133,22,24,159,4,209,244,0,244,453
05/17/2004,PHF,VA,AEA,EN,Towers with Display (VFR),23,27,36,18,104,0,0,139,58,197,23,27,175,76,301,226,202,428,729
05/18/2004,PHF,VA,AEA,EN,Towers with Display (VFR),28,37,37,20,122,0,0,189,205,394,28,37,226,225,516,238,284,522,1038
05/19/2004,PHF,VA,AEA,EN,Towers with Display (VFR),21,52,38,3,114,0,1,119,31,151,21,53,157,34,265,140,2,142,407
05/20/2004,PHF,VA,AEA,EN,Towers with Display (VFR),25,35,22,41,123,0,0,2,28,30,25,35,24,69,153,0,50,50,203
05/21/2004,PHF,VA,AEA,EN,Towers with Display (VFR),26,36,42,21,125,0,0,4,12,16,26,36,46,33,141,321,130,451,592
05/22/2004,PHF,VA,AEA,EN,Towers with Display (VFR),25,28,41,5,99,0,0,245,2,247,25,28,286,7,346,390,0,390,736
05/23/2004,PHF,VA,AEA,EN,Towers with Display (VFR),28,19,18,15,80,0,0,173,7,180,28,19,191,22,260,318,0,318,578
05/24/2004,PHF,VA,AEA,EN,Towers with Display (VFR),24,36,38,4,102,0,0,183,77,260,24,36,221,81,362,290,238,528,890
05/25/2004,PHF,VA,AEA,EN,Towers with Display (VFR),32,41,55,15,143,0,0,136,62,198,32,41,191,77,341,420,218,638,979
05/26/2004,PHF,VA,AEA,EN,Towers with Display (VFR),24,36,58,10,128,0,0,313,71,384,24,36,371,81,512,378,290,668,1180
05/27/2004,PHF,VA,AEA,EN,Towers with Display (VFR),22,52,36,16,126,0,0,204,84,288,22,52,240,100,414,384,236,620,1034
05/28/2004,PHF,VA,AEA,EN,Towers with Display (VFR),24,45,60,5,134,0,0,143,71,214,24,45,203,76,348,298,168,466,814
05/29/2004,PHF,VA,AEA,EN,Towers with Display (VFR),25,20,20,0,65,0,2,251,0,253,25,22,271,0,318,364,0,364,682
05/30/2004,PHF,VA,AEA,EN,Towers with Display (VFR),25,19,22,0,66,0,0,22,6,28,25,19,44,6,94,70,0,70,164
05/31/2004,PHF,VA,AEA,EN,Towers with Display (VFR),24,28,13,0,65,0,0,15,0,15,24,28,28,0,80,6,0,6,86
06/01/2004,PHF,VA,AEA,EN,Towers with Display (VFR),26,33,47,3,109,0,0,129,19,148,26,33,176,22,257,204,56,260,517
06/02/2004,PHF,VA,AEA,EN,Towers with Display (VFR),25,27,37,34,123,0,1,115,61,177,25,28,152,95,300,236,194,430,730
06/03/2004,PHF,VA,AEA,EN,Towers with Display (VFR),25,37,26,10,98,0,0,134,13,147,25,37,160,23,245,130,112,242,487
06/04/2004,PHF,VA,AEA,EN,Towers with Display (VFR),26,40,17,4,87,0,0,0,2,2,26,40,17,6,89,16,2,18,107
06/05/2004,PHF,VA,AEA,EN,Towers with Display (VFR),26,22,26,39,113,0,0,75,11,86,26,22,101,50,199,142,48,190,389
06/06/2004,PHF,VA,AEA,EN,Towers with Display (VFR),30,42,40,0,112,0,0,156,0,156,30,42,196,0,268,296,0,296,564
06/07/2004,PHF,VA,AEA,EN,Towers with Display (VFR),29,45,36,37,147,0,0,175,50,225,29,45,211,87,372,228,172,400,772
06/08/2004,PHF,VA,AEA,EN,Towers with Display (VFR),30,40,32,29,131,0,2,99,32,133,30,42,131,61,264,142,50,192,456
06/09/2004,PHF,VA,AEA,EN,Towers with Display (VFR),27,35,62,21,145,0,6,155,38,199,27,41,217,59,344,292,264,556,900
06/10/2004,PHF,VA,AEA,EN,Towers with Display (VFR),24,40,33,11,108,0,0,65,17,82,24,40,98,28,190,54,8,62,252
06/11/2004,PHF,VA,AEA,EN,Towers with Display (VFR),34,44,54,13,145,1,0,141,13,155,35,44,195,26,300,192,118,310,610
06/12/2004,PHF,VA,AEA,EN,Towers with Display (VFR),29,50,10,10,99,0,0,141,25,166,29,50,151,35,265,282,64,346,611
06/13/2004,PHF,VA,AEA,EN,Towers with Display (VFR),27,49,31,14,121,0,0,107,10,117,27,49,138,24,238,120,2,122,360
06/14/2004,PHF,VA,AEA,EN,Towers with Display (VFR),27,32,30,41,130,0,0,161,32,193,27,32,191,73,323,214,168,382,705
06/15/2004,PHF,VA,AEA,EN,Towers with Display (VFR),24,49,42,10,125,0,0,132,50,182,24,49,174,60,307,194,96,290,597
06/16/2004,PHF,VA,AEA,EN,Towers with Display (VFR),31,34,46,11,122,0,2,72,38,112,31,36,118,49,234,78,64,142,376
06/17/2004,PHF,VA,AEA,EN,Towers with Display (VFR),37,28,36,11,112,0,0,186,53,239,37,28,222,64,351,316,284,600,951
06/18/2004,PHF,VA,AEA,EN,Towers with Display (VFR),38,38,36,13,125,0,0,205,70,275,38,38,241,83,400,348,274,622,1022
06/19/2004,PHF,VA,AEA,EN,Towers with Display (VFR),36,29,28,11,104,0,0,209,2,211,36,29,237,13,315,398,0,398,713
06/20/2004,PHF,VA,AEA,EN,Towers with Display (VFR),30,30,31,3,94,0,0,168,0,168,30,30,199,3,262,250,0,250,512
06/21/2004,PHF,VA,AEA,EN,Towers with Display (VFR),31,32,29,15,107,0,0,45,10,55,31,32,74,25,162,56,56,112,274
06/22/2004,PHF,VA,AEA,EN,Towers with Display (VFR),32,37,43,17,129,0,5,160,34,199,32,42,203,51,328,272,240,512,840
06/23/2004,PHF,VA,AEA,EN,Towers with Display (VFR),42,45,47,8,142,0,0,45,0,45,42,45,92,8,187,88,50,138,325
06/24/2004,PHF,VA,AEA,EN,Towers with Display (VFR),36,31,47,20,134,0,0,161,73,234,36,31,208,93,368,254,160,414,782
06/25/2004,PHF,VA,AEA,EN,Towers with Display (VFR),27,46,34,17,124,0,0,100,47,147,27,46,134,64,271,242,188,430,701
06/26/2004,PHF,VA,AEA,EN,Towers with Display (VFR),34,32,25,0,91,0,0,29,0,29,34,32,54,0,120,16,0,16,136
06/27/2004,PHF,VA,AEA,EN,Towers with Display (VFR),28,25,37,0,90,0,0,123,0,123,28,25,160,0,213,280,0,280,493
06/28/2004,PHF,VA,AEA,EN,Towers with Display (VFR),41,46,53,6,146,0,2,9,0,11,41,48,62,6,157,34,0,34,191
06/29/2004,PHF,VA,AEA,EN,Towers with Display (VFR),39,34,60,2,135,0,0,259,10,269,39,34,319,12,404,248,224,472,876
06/30/2004,PHF,VA,AEA,EN,Towers with Display (VFR),32,65,52,3,152,0,0,162,14,176,32,65,214,17,328,258,138,396,724
07/01/2004,PHF,VA,AEA,EN,Towers with Display (VFR),29,38,67,8,142,0,0,273,103,376,29,38,340,111,518,390,420,810,1328
07/02/2004,PHF,VA,AEA,EN,Towers with Display (VFR),29,25,38,3,95,0,0,202,36,238,29,25,240,39,333,288,173,461,794
07/03/2004,PHF,VA,AEA,EN,Towers with Display (VFR),30,18,13,1,62,0,0,258,0,258,30,18,271,1,320,314,0,314,634
07/04/2004,PHF,VA,AEA,EN,Towers with Display (VFR),27,22,6,0,55,0,0,5,0,5,27,22,11,0,60,0,2,2,62
07/05/2004,PHF,VA,AEA,EN,Towers with Display (VFR),25,17,18,2,62,0,0,73,4,77,25,17,91,6,139,126,0,126,265
07/06/2004,PHF,VA,AEA,EN,Towers with Display (VFR),32,25,39,26,122,0,0,237,63,300,32,25,276,89,422,340,230,570,992
07/07/2004,PHF,VA,AEA,EN,Towers with Display (VFR),28,45,25,7,105,0,0,140,2,142,28,45,165,9,247,238,152,390,637
07/08/2004,PHF,VA,AEA,EN,Towers with Display (VFR),20,49,33,21,123,0,0,117,44,161,20,49,150,65,284,282,66,348,632
07/09/2004,PHF,VA,AEA,EN,Towers with Display (VFR),28,38,36,24,126,0,0,303,93,396,28,38,339,117,522,522,320,842,1364
07/10/2004,PHF,VA,AEA,EN,Towers with Display (VFR),31,32,23,5,91,0,0,88,5,93,31,32,111,10,184,370,2,372,556
07/11/2004,PHF,VA,AEA,EN,Towers with Display (VFR),35,21,19,6,81,0,0,67,10,77,35,21,86,16,158,212,2,214,372
07/12/2004,PHF,VA,AEA,EN,Towers with Display (VFR),29,33,16,19,97,0,0,268,38,306,29,33,284,57,403,238,240,478,881
07/13/2004,PHF,VA,AEA,EN,Towers with Display (VFR),36,42,37,25,140,0,0,199,12,211,36,42,236,37,351,274,180,454,805
07/14/2004,PHF,VA,AEA,EN,Towers with Display (VFR),27,43,49,22,141,0,0,123,40,163,27,43,172,62,304,210,122,332,636
07/15/2004,PHF,VA,AEA,EN,Towers with Display (VFR),31,29,47,18,125,0,0,123,42,165,31,29,170,60,290,84,58,142,432
07/16/2004,PHF,VA,AEA,EN,Towers with Display (VFR),31,34,54,12,131,0,0,153,44,197,31,34,207,56,328,224,102,326,654
07/17/2004,PHF,VA,AEA,EN,Towers with Display (VFR),36,23,14,3,76,0,0,99,22,121,36,23,113,25,197,214,60,274,471
07/18/2004,PHF,VA,AEA,EN,Towers with Display (VFR),38,16,14,9,77,0,0,206,17,223,38,16,220,26,300,216,0,216,516
07/19/2004,PHF,VA,AEA,EN,Towers with Display (VFR),34,12,28,13,87,0,0,204,24,228,34,12,232,37,315,276,196,472,787
07/20/2004,PHF,VA,AEA,EN,Towers with Display (VFR),36,28,21,7,92,0,0,32,20,52,36,28,53,27,144,18,50,68,212
07/21/2004,PHF,VA,AEA,EN,Towers with Display (VFR),31,47,44,16,138,0,0,149,67,216,31,47,193,83,354,266,190,456,810
07/22/2004,PHF,VA,AEA,EN,Towers with Display (VFR),36,31,31,15,113,0,0,234,88,322,36,31,265,103,435,395,288,683,1118
07/23/2004,PHF,VA,AEA,EN,Towers with Display (VFR),34,25,42,11,112,1,0,0,7,8,35,25,42,18,120,0,0,0,120
07/24/2004,PHF,VA,AEA,EN,Towers with Display (VFR),30,17,16,0,63,0,0,5,0,5,30,17,21,0,68,14,0,14,82
07/25/2004,PHF,VA,AEA,EN,Towers with Display (VFR),35,23,16,0,74,0,0,6,0,6,35,23,22,0,80,34,0,34,114
07/26/2004,PHF,VA,AEA,EN,Towers with Display (VFR),39,25,26,3,93,0,0,0,12,12,39,25,26,15,105,236,178,414,519
07/27/2004,PHF,VA,AEA,EN,Towers with Display (VFR),35,18,24,11,88,0,0,109,44,153,35,18,133,55,241,380,230,610,851
07/28/2004,PHF,VA,AEA,EN,Towers with Display (VFR),39,37,27,46,149,0,3,121,222,346,39,40,148,268,495,124,186,310,805
07/29/2004,PHF,VA,AEA,EN,Towers with Display (VFR),36,24,41,11,112,0,0,134,25,159,36,24,175,36,271,170,142,312,583
07/30/2004,PHF,VA,AEA,EN,Towers with Display (VFR),33,27,41,19,120,0,0,202,66,268,33,27,243,85,388,240,240,480,868
07/31/2004,PHF,VA,AEA,EN,Towers with Display (VFR),35,21,25,3,84,0,0,207,8,215,35,21,232,11,299,226,68,294,593
08/01/2004,PHF,VA,AEA,EN,Towers with Display (VFR),37,13,24,0,74,0,0,116,0,116,37,13,140,0,190,252,0,252,442
08/02/2004,PHF,VA,AEA,EN,Towers with Display (VFR),40,22,40,9,111,2,0,71,29,102,42,22,111,38,213,94,76,170,383
08/03/2004,PHF,VA,AEA,EN,Towers with Display (VFR),36,16,24,4,80,0,0,26,16,42,36,16,50,20,122,60,0,60,182
08/04/2004,PHF,VA,AEA,EN,Towers with Display (VFR),34,28,38,9,109,0,0,89,88,177,34,28,127,97,286,182,174,356,642
08/05/2004,PHF,VA,AEA,EN,Towers with Display (VFR),39,30,23,36,128,0,0,126,88,214,39,30,149,124,342,234,326,560,902
08/06/2004,PHF,VA,AEA,EN,Towers with Display (VFR),37,27,56,21,141,0,0,101,33,134,37,27,157,54,275,78,106,184,459
08/07/2004,PHF,VA,AEA,EN,Towers with Display (VFR),32,22,34,0,88,0,0,153,22,175,32,22,187,22,263,248,88,336,599
08/08/2004,PHF,VA,AEA,EN,Towers with Display (VFR),38,18,27,2,85,0,0,4,0,4,38,18,31,2,89,432,0,432,521
08/09/2004,PHF,VA,AEA,EN,Towers with Display (VFR),49,29,40,17,135,0,0,192,69,261,49,29,232,86,396,314,178,492,888
08/10/2004,PHF,VA,AEA,EN,Towers with Display (VFR),34,26,39,19,118,0,3,133,37,173,34,29,172,56,291,196,344,540,831
08/11/2004,PHF,VA,AEA,EN,Towers with Display (VFR),32,26,37,7,102,0,2,197,79,278,32,28,234,86,380,204,248,452,832
08/12/2004,PHF,VA,AEA,EN,Towers with Display (VFR),37,36,25,20,118,0,0,182,17,199,37,36,207,37,317,202,148,350,667
08/13/2004,PHF,VA,AEA,EN,Towers with Display (VFR),37,10,23,2,72,0,8,2,8,18,37,18,25,10,90,32,26,58,148
08/14/2004,PHF,VA,AEA,EN,Towers with Display (VFR),25,20,4,0,49,0,0,0,0,0,25,20,4,0,49,0,0,0,49
08/15/2004,PHF,VA,AEA,EN,Towers with Display (VFR),38,12,13,0,63,0,0,12,0,12,38,12,25,0,75,0,0,0,75
08/16/2004,PHF,VA,AEA,EN,Towers with Display (VFR),48,43,30,38,159,0,0,154,64,218,48,43,184,102,377,314,284,598,975
08/17/2004,PHF,VA,AEA,EN,Towers with Display (VFR),39,27,44,15,125,0,0,167,68,235,39,27,211,83,360,128,112,240,600
08/18/2004,PHF,VA,AEA,EN,Towers with Display (VFR),38,30,54,17,139,0,1,69,44,114,38,31,123,61,253,96,136,232,485
08/19/2004,PHF,VA,AEA,EN,Towers with Display (VFR),40,50,29,15,134,0,0,161,71,232,40,50,190,86,366,260,204,464,830
08/20/2004,PHF,VA,AEA,EN,Towers with Display (VFR),36,34,31,21,122,0,0,263,29,292,36,34,294,50,414,282,206,488,902
08/21/2004,PHF,VA,AEA,EN,Towers with Display (VFR),33,21,8,1,63,0,0,114,4,118,33,21,122,5,181,250,0,250,431
08/22/2004,PHF,VA,AEA,EN,Towers with Display (VFR),42,20,34,3,99,0,0,141,0,141,42,20,175,3,240,236,10,246,486
08/23/2004,PHF,VA,AEA,EN,Towers with Display (VFR),37,30,33,27,127,0,0,197,23,220,37,30,230,50,347,262,188,450,797
08/24/2004,PHF,VA,AEA,EN,Towers with Display (VFR),45,44,35,22,146,0,0,136,22,158,45,44,171,44,304,174,158,332,636
08/25/2004,PHF,VA,AEA,EN,Towers with Display (VFR),38,36,40,41,155,0,2,178,41,221,38,38,218,82,376,242,196,438,814
08/26/2004,PHF,VA,AEA,EN,Towers with Display (VFR),39,49,41,27,156,0,0,153,34,187,39,49,194,61,343,186,70,256,599
08/27/2004,PHF,VA,AEA,EN,Towers with Display (VFR),43,32,43,20,138,0,3,173,24,200,43,35,216,44,338,256,158,414,752
08/28/2004,PHF,VA,AEA,EN,Towers with Display (VFR),34,21,22,3,80,0,0,66,11,77,34,21,88,14,157,62,22,84,241
08/29/2004,PHF,VA,AEA,EN,Towers with Display (VFR),42,16,21,2,81,0,0,0,0,0,42,16,21,2,81,354,0,354,435
08/30/2004,PHF,VA,AEA,EN,Towers with Display (VFR),37,17,22,25,101,0,0,117,16,133,37,17,139,41,234,120,70,190,424
08/31/2004,PHF,VA,AEA,EN,Towers with Display (VFR),40,30,32,34,136,0,0,141,92,233,40,30,173,126,369,114,148,262,631
09/01/2004,PHF,VA,AEA,EN,Towers with Display (VFR),38,32,44,34,148,0,1,74,73,148,38,33,118,107,296,122,114,236,532
09/02/2004,PHF,VA,AEA,EN,Towers with Display (VFR),38,54,44,42,178,0,0,137,90,227,38,54,181,132,405,226,102,328,733
09/03/2004,PHF,VA,AEA,EN,Towers with Display (VFR),41,44,52,2,139,0,0,247,38,285,41,44,299,40,424,370,370,740,1164
09/04/2004,PHF,VA,AEA,EN,Towers with Display (VFR),33,22,20,0,75,0,0,171,0,171,33,22,191,0,246,218,0,218,464
09/05/2004,PHF,VA,AEA,EN,Towers with Display (VFR),35,14,10,0,59,0,0,4,0,4,35,14,14,0,63,0,0,0,63
09/06/2004,PHF,VA,AEA,EN,Towers with Display (VFR),34,23,20,0,77,0,0,114,30,144,34,23,134,30,221,208,0,208,429
09/07/2004,PHF,VA,AEA,EN,Towers with Display (VFR),36,38,29,34,137,0,3,110,31,144,36,41,139,65,281,266,80,346,627
09/08/2004,PHF,VA,AEA,EN,Towers with Display (VFR),35,35,31,4,105,0,0,122,4,126,35,35,153,8,231,122,76,198,429
09/09/2004,PHF,VA,AEA,EN,Towers with Display (VFR),34,40,26,4,104,0,0,127,16,143,34,40,153,20,247,218,192,410,657
09/10/2004,PHF,VA,AEA,EN,Towers with Display (VFR),37,32,46,5,120,0,0,232,58,290,37,32,278,63,410,248,162,410,820
09/11/2004,PHF,VA,AEA,EN,Towers with Display (VFR),36,29,26,1,92,0,0,174,4,178,36,29,200,5,270,168,0,168,438
09/12/2004,PHF,VA,AEA,EN,Towers with Display (VFR),40,24,54,6,124,0,0,173,28,201,40,24,227,34,325,304,46,350,675
09/13/2004,PHF,VA,AEA,EN,Towers with Display (VFR),37,49,41,3,130,0,0,135,14,149,37,49,176,17,279,156,34,190,469
09/14/2004,PHF,VA,AEA,EN,Towers with Display (VFR),36,29,23,17,105,0,2,146,38,186,36,31,169,55,291,332,168,500,791
09/15/2004,PHF,VA,AEA,EN,Towers with Display (VFR),36,34,27,28,125,0,0,168,38,206,36,34,195,66,331,250,158,408,739
09/16/2004,PHF,VA,AEA,EN,Towers with Display (VFR),28,24,36,38,126,0,0,116,78,194,28,24,152,116,320,232,190,422,742
09/17/2004,PHF,VA,AEA,EN,Towers with Display (VFR),34,30,25,25,114,0,0,100,13,113,34,30,125,38,227,114,82,196,423
09/18/2004,PHF,VA,AEA,EN,Towers with Display (VFR),35,12,8,5,60,1,0,1,3,5,36,12,9,8,65,0,0,0,65
09/19/2004,PHF,VA,AEA,EN,Towers with Display (VFR),32,28,19,5,84,0,0,228,5,233,32,28,247,10,317,234,0,234,551
09/20/2004,PHF,VA,AEA,EN,Towers with Display (VFR),36,27,26,15,104,0,1,168,99,268,36,28,194,114,372,242,230,472,844
09/21/2004,PHF,VA,AEA,EN,Towers with Display (VFR),36,36,42,4,118,0,0,2,24,26,36,36,44,28,144,298,212,510,654
09/22/2004,PHF,VA,AEA,EN,Towers with Display (VFR),39,45,45,37,166,0,0,244,88,332,39,45,289,125,498,333,294,627,1125
09/23/2004,PHF,VA,AEA,EN,Towers with Display (VFR),34,50,48,3,135,0,2,165,37,204,34,52,213,40,339,344,206,550,889
09/24/2004,PHF,VA,AEA,EN,Towers with Display (VFR),40,40,55,11,146,0,0,148,24,172,40,40,203,35,318,228,172,400,718
09/25/2004,PHF,VA,AEA,EN,Towers with Display (VFR),34,19,27,0,80,0,0,138,19,157,34,19,165,19,237,236,76,312,549
09/26/2004,PHF,VA,AEA,EN,Towers with Display (VFR),35,22,38,0,95,0,0,187,10,197,35,22,225,10,292,270,22,292,584
09/27/2004,PHF,VA,AEA,EN,Towers with Display (VFR),29,36,29,15,109,0,2,45,33,80,29,38,74,48,189,88,24,112,301
09/28/2004,PHF,VA,AEA,EN,Towers with Display (VFR),31,20,22,8,81,0,2,0,10,12,31,22,22,18,93,0,10,10,103
09/29/2004,PHF,VA,AEA,EN,Towers with Display (VFR),37,51,66,25,179,0,0,204,76,280,37,51,270,101,459,370,290,660,1119
09/30/2004,PHF,VA,AEA,EN,Towers with Display (VFR),35,51,47,22,155,0,0,285,68,353,35,51,332,90,508,380,288,668,1176
10/01/2004,PHF,VA,AEA,EN,Towers with Display (VFR),35,26,35,8,104,0,0,59,60,119,35,26,94,68,223,62,132,194,417
10/02/2004,PHF,VA,AEA,EN,Towers with Display (VFR),34,18,20,1,73,0,0,69,24,93,34,18,89,25,166,68,28,96,262
10/03/2004,PHF,VA,AEA,EN,Towers with Display (VFR),36,16,12,23,87,0,0,120,0,120,36,16,132,23,207,64,30,94,301
10/04/2004,PHF,VA,AEA,EN,Towers with Display (VFR),38,42,44,30,154,0,0,128,74,202,38,42,172,104,356,62,84,146,502
10/05/2004,PHF,VA,AEA,EN,Towers with Display (VFR),41,60,57,29,187,0,0,248,194,442,41,60,305,223,629,382,166,548,1177
10/06/2004,PHF,VA,AEA,EN,Towers with Display (VFR),34,53,46,8,141,0,0,200,72,272,34,53,246,80,413,340,286,626,1039
10/07/2004,PHF,VA,AEA,EN,Towers with Display (VFR),34,42,44,27,147,0,0,179,37,216,34,42,223,64,363,226,200,426,789
10/08/2004,PHF,VA,AEA,EN,Towers with Display (VFR),35,33,73,8,149,0,0,178,82,260,35,33,251,90,409,258,198,456,865
10/09/2004,PHF,VA,AEA,EN,Towers with Display (VFR),35,24,46,1,106,0,0,68,0,68,35,24,114,1,174,268,0,268,442
10/10/2004,PHF,VA,AEA,EN,Towers with Display (VFR),40,22,34,10,106,0,0,102,27,129,40,22,136,37,235,244,38,282,517
10/11/2004,PHF,VA,AEA,EN,Towers with Display (VFR),32,33,39,1,105,0,0,107,0,107,32,33,146,1,212,0,0,0,212
10/12/2004,PHF,VA,AEA,EN,Towers with Display (VFR),35,47,41,6,129,0,0,136,50,186,35,47,177,56,315,172,144,316,631
10/13/2004,PHF,VA,AEA,EN,Towers with Display (VFR),38,37,41,19,135,0,0,154,60,214,38,37,195,79,349,238,178,416,765
10/14/2004,PHF,VA,AEA,EN,Towers with Display (VFR),32,50,68,30,180,0,4,36,34,74,32,54,104,64,254,94,202,296,550
10/15/2004,PHF,VA,AEA,EN,Towers with Display (VFR),37,33,56,17,143,0,0,31,3,34,37,33,87,20,177,0,116,116,293
10/16/2004,PHF,VA,AEA,EN,Towers with Display (VFR),25,40,27,0,92,0,0,218,0,218,25,40,245,0,310,246,0,246,556
10/17/2004,PHF,VA,AEA,EN,Towers with Display (VFR),47,41,34,0,122,0,0,180,0,180,47,41,214,0,302,232,0,232,534
10/18/2004,PHF,VA,AEA,EN,Towers with Display (VFR),36,37,35,13,121,0,0,157,67,224,36,37,192,80,345,208,234,442,787
10/19/2004,PHF,VA,AEA,EN,Towers with Display (VFR),36,51,28,33,148,0,0,18,18,36,36,51,46,51,184,12,0,12,196
10/20/2004,PHF,VA,AEA,EN,Towers with Display (VFR),29,44,28,1,102,0,0,0,18,18,29,44,28,19,120,0,0,0,120
10/21/2004,PHF,VA,AEA,EN,Towers with Display (VFR),39,43,32,10,124,0,0,2,0,2,39,43,34,10,126,10,36,46,172
10/22/2004,PHF,VA,AEA,EN,Towers with Display (VFR),34,33,32,41,140,0,0,180,77,257,34,33,212,118,397,256,220,476,873
10/23/2004,PHF,VA,AEA,EN,Towers with Display (VFR),39,29,20,0,88,0,0,121,0,121,39,29,141,0,209,222,0,222,431
10/24/2004,PHF,VA,AEA,EN,Towers with Display (VFR),39,13,23,0,75,0,0,0,0,0,39,13,23,0,75,84,0,84,159
10/25/2004,PHF,VA,AEA,EN,Towers with Display (VFR),37,58,21,23,139,0,0,67,31,98,37,58,88,54,237,184,162,346,583
10/26/2004,PHF,VA,AEA,EN,Towers with Display (VFR),30,50,33,4,117,0,0,68,34,102,30,50,101,38,219,118,48,166,385
10/27/2004,PHF,VA,AEA,EN,Towers with Display (VFR),29,66,61,24,180,0,0,170,70,240,29,66,231,94,420,286,176,462,882
10/28/2004,PHF,VA,AEA,EN,Towers with Display (VFR),36,40,32,42,150,0,0,130,102,232,36,40,162,144,382,228,286,514,896
10/29/2004,PHF,VA,AEA,EN,Towers with Display (VFR),36,55,42,24,157,0,0,148,50,198,36,55,190,74,355,276,298,574,929
10/30/2004,PHF,VA,AEA,EN,Towers with Display (VFR),39,20,38,2,99,0,0,113,14,127,39,20,151,16,226,190,10,200,426
10/31/2004,PHF,VA,AEA,EN,Towers with Display (VFR),34,17,18,0,69,0,0,162,0,162,34,17,180,0,231,90,0,90,321
11/01/2004,PHF,VA,AEA,EN,Towers with Radar,35,29,28,2,94,2,2,190,33,227,37,31,218,35,321,188,50,238,559
11/02/2004,PHF,VA,AEA,EN,Towers with Radar,34,31,26,10,101,0,0,139,108,247,34,31,165,118,348,206,280,486,834
11/03/2004,PHF,VA,AEA,EN,Towers with Radar,35,47,26,40,148,0,0,121,68,189,35,47,147,108,337,354,276,630,967
11/04/2004,PHF,VA,AEA,EN,Towers with Radar,36,26,23,7,92,0,0,27,7,34,36,26,50,14,126,0,0,0,126
11/05/2004,PHF,VA,AEA,EN,Towers with Radar,37,41,36,30,144,0,0,159,50,209,37,41,195,80,353,252,218,470,823
11/06/2004,PHF,VA,AEA,EN,Towers with Radar,41,19,47,6,113,0,0,229,32,261,41,19,276,38,374,374,0,374,748
11/07/2004,PHF,VA,AEA,EN,Towers with Radar,41,19,26,3,89,0,0,214,16,230,41,19,240,19,319,338,0,338,657
11/08/2004,PHF,VA,AEA,EN,Towers with Radar,40,23,26,33,122,0,0,131,30,161,40,23,157,63,283,226,40,266,549
11/09/2004,PHF,VA,AEA,EN,Towers with Radar,50,29,42,9,130,0,2,103,73,178,50,31,145,82,308,144,146,290,598
11/10/2004,PHF,VA,AEA,EN,Towers with Radar,44,44,68,60,216,0,0,167,134,301,44,44,235,194,517,292,270,562,1079
11/11/2004,PHF,VA,AEA,EN,Towers with Radar,44,36,28,44,152,0,0,142,83,225,44,36,170,127,377,250,228,478,855
11/12/2004,PHF,VA,AEA,EN,Towers with Radar,43,46,27,17,133,0,0,49,24,73,43,46,76,41,206,142,22,164,370
11/13/2004,PHF,VA,AEA,EN,Towers with Radar,46,20,14,1,81,0,0,129,75,204,46,20,143,76,285,208,96,304,589
11/14/2004,PHF,VA,AEA,EN,Towers with Radar,45,25,47,10,127,0,0,63,4,67,45,25,110,14,194,168,12,180,374
11/15/2004,PHF,VA,AEA,EN,Towers with Radar,46,53,29,40,168,0,0,143,89,232,46,53,172,129,400,340,344,684,1084
11/16/2004,PHF,VA,AEA,EN,Towers with Radar,41,52,42,38,173,0,0,79,48,127,41,52,121,86,300,234,234,468,768
11/17/2004,PHF,VA,AEA,EN,Towers with Radar,43,73,42,46,204,0,1,118,50,169,43,74,160,96,373,252,204,456,829
11/18/2004,PHF,VA,AEA,EN,Towers with Radar,39,55,43,45,182,0,0,106,30,136,39,55,149,75,318,158,94,252,570
11/19/2004,PHF,VA,AEA,EN,Towers with Radar,40,53,35,1,129,0,2,79,30,111,40,55,114,31,240,68,76,144,384
11/20/2004,PHF,VA,AEA,EN,Towers with Radar,49,11,15,0,75,0,0,185,0,185,49,11,200,0,260,300,0,300,560
11/21/2004,PHF,VA,AEA,EN,Towers with Radar,42,18,23,0,83,0,4,52,4,60,42,22,75,4,143,26,0,26,169
11/22/2004,PHF,VA,AEA,EN,Towers with Radar,50,42,30,27,149,0,0,70,20,90,50,42,100,47,239,118,90,208,447
11/23/2004,PHF,VA,AEA,EN,Towers with Radar,48,49,30,11,138,0,0,5,7,12,48,49,35,18,150,34,48,82,232
11/24/2004,PHF,VA,AEA,EN,Towers with Radar,44,28,11,0,83,0,0,15,0,15,44,28,26,0,98,0,0,0,98
11/25/2004,PHF,VA,AEA,EN,Towers with Radar,44,28,11,0,83,0,24,31,36,91,44,52,42,36,174,0,4,4,178
11/26/2004,PHF,VA,AEA,EN,Towers with Radar,37,19,23,0,79,0,0,139,0,139,37,19,162,0,218,222,0,222,440
11/27/2004,PHF,VA,AEA,EN,Towers with Radar,44,15,13,0,72,0,0,1,0,1,44,15,14,0,73,0,0,0,73
11/28/2004,PHF,VA,AEA,EN,Towers with Radar,41,22,34,2,99,0,0,99,6,105,41,22,133,8,204,110,0,110,314
11/29/2004,PHF,VA,AEA,EN,Towers with Radar,47,37,28,20,132,0,0,98,34,132,47,37,126,54,264,292,170,462,726
11/30/2004,PHF,VA,AEA,EN,Towers with Radar,40,36,27,26,129,0,0,144,75,219,40,36,171,101,348,268,260,528,876
12/01/2004,PHF,VA,AEA,EN,Towers with Radar,48,38,22,18,126,0,0,85,50,135,48,38,107,68,261,206,242,448,709
12/02/2004,PHF,VA,AEA,EN,Towers with Radar,54,32,46,15,147,0,0,141,126,267,54,32,187,141,414,354,274,628,1042
12/03/2004,PHF,VA,AEA,EN,Towers with Radar,60,50,44,32,186,0,0,143,78,221,60,50,187,110,407,202,372,574,981
12/04/2004,PHF,VA,AEA,EN,Towers with Radar,52,26,34,15,127,0,0,239,28,267,52,26,273,43,394,464,256,720,1114
12/05/2004,PHF,VA,AEA,EN,Towers with Radar,48,16,40,3,107,0,0,214,3,217,48,16,254,6,324,292,14,306,630
12/06/2004,PHF,VA,AEA,EN,Towers with Radar,44,24,26,10,104,0,0,212,13,225,44,24,238,23,329,382,186,568,897
12/07/2004,PHF,VA,AEA,EN,Towers with Radar,41,39,28,28,136,3,0,113,8,124,44,39,141,36,260,162,180,342,602
12/08/2004,PHF,VA,AEA,EN,Towers with Radar,55,59,47,11,172,0,0,166,144,310,55,59,213,155,482,254,372,626,1108
12/09/2004,PHF,VA,AEA,EN,Towers with Radar,49,30,26,56,161,0,0,131,54,185,49,30,157,110,346,226,210,436,782
12/10/2004,PHF,VA,AEA,EN,Towers with Radar,52,27,34,14,127,0,0,37,16,53,52,27,71,30,180,77,2,79,259
12/11/2004,PHF,VA,AEA,EN,Towers with Radar,46,12,9,9,76,0,0,44,8,52,46,12,53,17,128,72,20,92,220
12/12/2004,PHF,VA,AEA,EN,Towers with Radar,46,20,12,0,78,0,0,76,2,78,46,20,88,2,156,64,0,64,220
12/13/2004,PHF,VA,AEA,EN,Towers with Radar,45,31,17,6,99,0,0,47,95,142,45,31,64,101,241,110,120,230,471
12/14/2004,PHF,VA,AEA,EN,Towers with Radar,57,36,38,24,155,0,1,110,34,145,57,37,148,58,300,310,220,530,830
12/15/2004,PHF,VA,AEA,EN,Towers with Radar,43,34,45,31,153,0,0,94,78,172,43,34,139,109,325,218,240,458,783
12/16/2004,PHF,VA,AEA,EN,Towers with Radar,43,35,45,31,154,0,0,94,78,172,43,35,139,109,326,218,240,458,784
12/17/2004,PHF,VA,AEA,EN,Towers with Radar,43,26,44,45,158,0,0,144,76,220,43,26,188,121,378,320,350,670,1048
12/18/2004,PHF,VA,AEA,EN,Towers with Radar,45,22,29,11,107,0,0,174,79,253,45,22,203,90,360,340,174,514,874
12/19/2004,PHF,VA,AEA,EN,Towers with Radar,45,14,9,3,71,0,0,105,46,151,45,14,114,49,222,160,24,184,406
12/20/2004,PHF,VA,AEA,EN,Towers with Radar,45,25,24,4,98,4,0,70,16,90,49,25,94,20,188,172,138,310,498
12/21/2004,PHF,VA,AEA,EN,Towers with Radar,46,33,16,9,104,0,0,151,44,195,46,33,167,53,299,192,170,362,661
12/22/2004,PHF,VA,AEA,EN,Towers with Radar,46,23,29,8,106,0,2,158,72,232,46,25,187,80,338,192,218,410,748
12/23/2004,PHF,VA,AEA,EN,Towers with Radar,42,18,86,29,175,0,0,0,0,0,42,18,86,29,175,148,0,148,323
12/24/2004,PHF,VA,AEA,EN,Towers with Radar,57,29,21,0,107,0,2,32,0,34,57,31,53,0,141,62,0,62,203
12/25/2004,PHF,VA,AEA,EN,Towers with Radar,42,15,11,0,68,0,0,21,0,21,42,15,32,0,89,10,0,10,99
12/26/2004,PHF,VA,AEA,EN,Towers with Radar,9,6,0,0,15,1,0,2,0,3,10,6,2,0,18,2,0,2,20
12/27/2004,PHF,VA,AEA,EN,Towers with Radar,50,20,27,1,98,0,0,9,0,9,50,20,36,1,107,2,1,3,110
12/28/2004,PHF,VA,AEA,EN,Towers with Radar,50,21,16,19,106,0,0,51,51,102,50,21,67,70,208,26,24,50,258
12/29/2004,PHF,VA,AEA,EN,Towers with Radar,50,16,13,3,82,0,0,77,54,131,50,16,90,57,213,120,74,194,407
12/30/2004,PHF,VA,AEA,EN,Towers with Radar,51,18,28,21,118,0,0,161,71,232,51,18,189,92,350,284,172,456,806
12/31/2004,PHF,VA,AEA,EN,Towers with Radar,43,16,19,0,78,0,0,140,0,140,43,16,159,0,218,164,0,164,382
01/01/2005,PHF,VA,AEA,EN,Towers with Radar,41,14,13,0,68,0,0,158,0,158,41,14,171,0,226,368,0,368,594
01/02/2005,PHF,VA,AEA,EN,Towers with Radar,49,16,33,0,98,0,0,147,20,167,49,16,180,20,265,212,118,330,595
01/03/2005,PHF,VA,AEA,EN,Towers with Radar,36,18,25,10,89,0,30,121,22,173,36,48,146,32,262,190,152,342,604
01/04/2005,PHF,VA,AEA,EN,Towers with Radar,45,22,13,36,116,0,0,182,54,236,45,22,195,90,352,312,130,442,794
01/05/2005,PHF,VA,AEA,EN,Towers with Radar,51,29,29,65,174,0,0,26,42,68,51,29,55,107,242,70,106,176,418
01/06/2005,PHF,VA,AEA,EN,Towers with Radar,43,20,31,13,107,0,0,30,11,41,43,20,61,24,148,52,20,72,220
01/07/2005,PHF,VA,AEA,EN,Towers with Radar,43,20,31,13,107,0,0,30,11,41,43,20,61,24,148,50,20,70,218
01/08/2005,PHF,VA,AEA,EN,Towers with Radar,49,18,11,5,83,2,0,103,14,119,51,18,114,19,202,224,42,266,468
01/09/2005,PHF,VA,AEA,EN,Towers with Radar,44,20,22,5,91,0,0,77,5,82,44,20,99,10,173,162,38,200,373
01/10/2005,PHF,VA,AEA,EN,Towers with Radar,34,26,48,12,120,20,1,140,34,195,54,27,188,46,315,230,186,416,731
01/11/2005,PHF,VA,AEA,EN,Towers with Radar,42,39,34,20,135,0,0,200,32,232,42,39,234,52,367,282,210,492,859
01/12/2005,PHF,VA,AEA,EN,Towers with Radar,42,26,30,21,119,0,0,180,88,268,42,26,210,109,387,326,398,724,1111
01/13/2005,PHF,VA,AEA,EN,Towers with Radar,44,28,23,11,106,0,0,127,30,157,44,28,150,41,263,132,140,272,535
01/14/2005,PHF,VA,AEA,EN,Towers with Radar,49,20,16,3,88,0,0,12,32,44,49,20,28,35,132,2,10,12,144
01/15/2005,PHF,VA,AEA,EN,Towers with Radar,50,25,33,2,110,0,0,57,10,67,50,25,90,12,177,98,6,104,281
01/16/2005,PHF,VA,AEA,EN,Towers with Radar,46,14,4,0,64,0,0,15,0,15,46,14,19,0,79,14,0,14,93
01/17/2005,PHF,VA,AEA,EN,Towers with Radar,44,27,37,4,112,0,0,34,6,40,44,27,71,10,152,78,14,92,244
01/18/2005,PHF,VA,AEA,EN,Towers with Radar,53,35,27,5,120,0,0,133,58,191,53,35,160,63,311,146,110,256,567
01/19/2005,PHF,VA,AEA,EN,Towers with Radar,44,34,40,21,139,0,1,16,20,37,44,35,56,41,176,38,30,68,244
01/20/2005,PHF,VA,AEA,EN,Towers with Radar,43,38,22,7,110,0,2,62,76,140,43,40,84,83,250,94,90,184,434
01/21/2005,PHF,VA,AEA,EN,Towers with Radar,44,25,34,17,120,0,0,142,45,187,44,25,176,62,307,234,166,400,707
01/22/2005,PHF,VA,AEA,EN,Towers with Radar,41,21,3,0,65,2,0,28,2,32,43,21,31,2,97,20,0,20,117
01/23/2005,PHF,VA,AEA,EN,Towers with Radar,37,20,10,2,69,0,0,0,0,0,37,20,10,2,69,0,0,0,69
01/24/2005,PHF,VA,AEA,EN,Towers with Radar,45,31,20,5,101,0,0,171,50,221,45,31,191,55,322,260,184,444,766
01/25/2005,PHF,VA,AEA,EN,Towers with Radar,50,49,26,17,142,0,0,161,80,241,50,49,187,97,383,240,200,440,823
01/26/2005,PHF,VA,AEA,EN,Towers with Radar,42,60,30,7,139,0,0,135,35,170,42,60,165,42,309,278,108,386,695
01/27/2005,PHF,VA,AEA,EN,Towers with Radar,42,50,21,21,134,4,0,134,61,199,46,50,155,82,333,206,218,424,757
01/28/2005,PHF,VA,AEA,EN,Towers with Radar,47,47,36,29,159,0,0,68,53,121,47,47,104,82,280,102,130,232,512
01/29/2005,PHF,VA,AEA,EN,Towers with Radar,30,28,46,10,114,0,2,156,11,169,30,30,202,21,283,278,180,458,741
01/30/2005,PHF,VA,AEA,EN,Towers with Radar,0,0,0,0,0,0,0,0,0,0,0,0,0,0,0,0,0,0,0
01/31/2005,PHF,VA,AEA,EN,Towers with Radar,49,33,25,5,112,0,0,144,46,190,49,33,169,51,302,180,174,354,656
02/01/2005,PHF,VA,AEA,EN,Towers with Radar,45,39,27,7,118,0,0,119,66,185,45,39,146,73,303,226,256,482,785
02/02/2005,PHF,VA,AEA,EN,Towers with Radar,52,57,34,4,147,0,0,199,52,251,52,57,233,56,398,192,270,462,860
02/03/2005,PHF,VA,AEA,EN,Towers with Radar,47,29,16,15,107,0,0,0,27,27,47,29,16,42,134,0,20,20,154
02/04/2005,PHF,VA,AEA,EN,Towers with Radar,51,34,31,25,141,0,0,65,23,88,51,34,96,48,229,76,84,160,389
02/05/2005,PHF,VA,AEA,EN,Towers with Radar,48,29,30,19,126,0,0,103,51,154,48,29,133,70,280,174,194,368,648
02/06/2005,PHF,VA,AEA,EN,Towers with Radar,50,26,26,14,116,0,0,404,76,480,50,26,430,90,596,350,68,418,1014
02/07/2005,PHF,VA,AEA,EN,Towers with Radar,50,40,53,15,158,0,0,115,32,147,50,40,168,47,305,142,102,244,549
02/08/2005,PHF,VA,AEA,EN,Towers with Radar,55,57,29,33,174,0,0,143,60,203,55,57,172,93,377,246,176,422,799
02/09/2005,PHF,VA,AEA,EN,Towers with Radar,55,55,44,29,183,0,0,169,57,226,55,55,213,86,409,276,292,568,977
02/10/2005,PHF,VA,AEA,EN,Towers with Radar,55,47,32,16,150,0,0,159,58,217,55,47,191,74,367,252,300,552,919
02/11/2005,PHF,VA,AEA,EN,Towers with Radar,57,35,30,7,129,0,0,83,55,138,57,35,113,62,267,114,180,294,561
02/12/2005,PHF,VA,AEA,EN,Towers with Radar,39,32,22,0,93,0,0,115,12,127,39,32,137,12,220,152,28,180,400
02/13/2005,PHF,VA,AEA,EN,Towers with Radar,47,16,21,0,84,0,0,158,18,176,47,16,179,18,260,206,24,230,490
02/14/2005,PHF,VA,AEA,EN,Towers with Radar,45,25,17,16,103,0,0,0,7,7,45,25,17,23,110,4,4,8,118
02/15/2005,PHF,VA,AEA,EN,Towers with Radar,56,28,45,60,189,0,0,221,124,345,56,28,266,184,534,322,234,556,1090
02/16/2005,PHF,VA,AEA,EN,Towers with Radar,53,30,49,18,150,0,1,157,199,357,53,31,206,217,507,260,142,402,909
02/17/2005,PHF,VA,AEA,EN,Towers with Radar,60,44,42,61,207,0,0,236,92,328,60,44,278,153,535,314,288,602,1137
02/18/2005,PHF,VA,AEA,EN,Towers with Radar,57,40,38,22,157,0,1,105,18,124,57,41,143,40,281,130,160,290,571
02/19/2005,PHF,VA,AEA,EN,Towers with Radar,38,26,16,2,82,0,4,118,1,123,38,30,134,3,205,130,0,130,335
02/20/2005,PHF,VA,AEA,EN,Towers with Radar,51,25,16,3,95,0,0,56,1,57,51,25,72,4,152,90,0,90,242
02/21/2005,PHF,VA,AEA,EN,Towers with Radar,46,24,27,3,100,0,1,118,3,122,46,25,145,6,222,156,0,156,378
02/22/2005,PHF,VA,AEA,EN,Towers with Radar,52,50,29,10,141,0,2,57,76,135,52,52,86,86,276,120,134,254,530
02/23/2005,PHF,VA,AEA,EN,Towers with Radar,54,39,42,9,144,0,2,148,84,234,54,41,190,93,378,210,172,382,760
02/24/2005,PHF,VA,AEA,EN,Towers with Radar,40,27,7,5,79,0,0,0,3,3,40,27,7,8,82,0,0,0,82
02/25/2005,PHF,VA,AEA,EN,Towers with Radar,52,32,30,30,144,0,1,52,40,93,52,33,82,70,237,92,168,260,497
02/26/2005,PHF,VA,AEA,EN,Towers with Radar,43,24,33,0,100,0,0,397,0,397,43,24,430,0,497,274,0,274,771
02/27/2005,PHF,VA,AEA,EN,Towers with Radar,43,7,32,7,89,0,0,125,85,210,43,7,157,92,299,228,80,308,607
02/28/2005,PHF,VA,AEA,EN,Towers with Radar,47,26,24,2,99,0,0,2,2,4,47,26,26,4,103,0,0,0,103
03/01/2005,PHF,VA,AEA,EN,Towers with Radar,50,28,16,35,129,0,2,66,35,103,50,30,82,70,232,136,130,266,498
03/02/2005,PHF,VA,AEA,EN,Towers with Radar,50,37,21,6,114,0,0,75,59,134,50,37,96,65,248,82,68,150,398
03/03/2005,PHF,VA,AEA,EN,Towers with Radar,48,42,33,34,157,0,0,88,84,172,48,42,121,118,329,140,196,336,665
03/04/2005,PHF,VA,AEA,EN,Towers with Radar,48,33,29,9,119,0,0,104,18,122,48,33,133,27,241,48,58,106,347
03/05/2005,PHF,VA,AEA,EN,Towers with Radar,38,23,20,8,89,0,0,70,4,74,38,23,90,12,163,80,22,102,265
03/06/2005,PHF,VA,AEA,EN,Towers with Radar,50,25,24,11,110,0,0,135,25,160,50,25,159,36,270,230,38,268,538
03/07/2005,PHF,VA,AEA,EN,Towers with Radar,48,33,19,1,101,0,0,229,14,243,48,33,248,15,344,262,146,408,752
03/08/2005,PHF,VA,AEA,EN,Towers with Radar,43,27,10,0,80,5,1,0,0,6,48,28,10,0,86,0,0,0,86
03/09/2005,PHF,VA,AEA,EN,Towers with Radar,47,41,38,14,140,0,80,151,98,329,47,121,189,112,469,342,246,588,1057
03/10/2005,PHF,VA,AEA,EN,Towers with Radar,59,40,53,24,176,0,0,212,59,271,59,40,265,83,447,406,260,666,1113
03/11/2005,PHF,VA,AEA,EN,Towers with Radar,52,38,32,39,161,0,0,211,62,273,52,38,243,101,434,314,240,554,988
03/12/2005,PHF,VA,AEA,EN,Towers with Radar,45,31,15,0,91,0,0,138,8,146,45,31,153,8,237,330,138,468,705
03/13/2005,PHF,VA,AEA,EN,Towers with Radar,52,16,32,1,101,0,0,169,5,174,52,16,201,6,275,288,2,290,565
03/14/2005,PHF,VA,AEA,EN,Towers with Radar,53,33,24,1,111,0,0,102,18,120,53,33,126,19,231,102,68,170,401
03/15/2005,PHF,VA,AEA,EN,Towers with Radar,46,48,60,3,157,10,6,94,39,149,56,54,154,42,306,166,138,304,610
03/16/2005,PHF,VA,AEA,EN,Towers with Radar,48,28,33,4,113,0,0,0,18,18,48,28,33,22,131,48,38,86,217
03/17/2005,PHF,VA,AEA,EN,Towers with Radar,47,32,18,5,102,0,0,0,3,3,47,32,18,8,105,4,14,18,123
03/18/2005,PHF,VA,AEA,EN,Towers with Radar,48,25,25,15,113,0,0,199,47,246,48,25,224,62,359,308,224,532,891
03/19/2005,PHF,VA,AEA,EN,Towers with Radar,45,30,35,42,152,0,0,195,34,229,45,30,230,76,381,300,256,556,937
03/20/2005,PHF,VA,AEA,EN,Towers with Radar,45,12,22,6,85,0,0,59,3,62,45,12,81,9,147,102,24,126,273
03/21/2005,PHF,VA,AEA,EN,Towers with Radar,54,36,39,6,135,0,0,110,69,179,54,36,149,75,314,202,0,202,516
03/22/2005,PHF,VA,AEA,EN,Towers with Radar,52,56,36,31,175,0,0,288,113,401,52,56,324,144,576,406,300,706,1282
03/23/2005,PHF,VA,AEA,EN,Towers with Radar,47,46,20,2,115,0,0,20,0,20,47,46,40,2,135,0,0,0,135
03/24/2005,PHF,VA,AEA,EN,Towers with Radar,52,48,33,14,147,0,0,47,71,118,52,48,80,85,265,138,28,166,431
03/25/2005,PHF,VA,AEA,EN,Towers with Radar,51,38,40,4,133,0,0,150,49,199,51,38,190,53,332,202,136,338,670
03/26/2005,PHF,VA,AEA,EN,Towers with Radar,39,13,19,6,77,0,0,88,2,90,39,13,107,8,167,118,0,118,285
03/27/2005,PHF,VA,AEA,EN,Towers with Radar,47,15,5,0,67,0,0,15,0,15,47,15,20,0,82,10,0,10,92
03/28/2005,PHF,VA,AEA,EN,Towers with Radar,49,16,16,3,84,0,0,1,0,1,49,16,17,3,85,0,0,0,85
03/29/2005,PHF,VA,AEA,EN,Towers with Radar,49,42,19,15,125,0,0,91,86,177,49,42,110,101,302,104,88,192,494
03/30/2005,PHF,VA,AEA,EN,Towers with Radar,51,30,32,11,124,0,0,149,65,214,51,30,181,76,338,338,20,358,696
03/31/2005,PHF,VA,AEA,EN,Towers with Radar,48,27,29,12,116,0,4,78,27,109,48,31,107,39,225,130,56,186,411
04/01/2005,PHF,VA,AEA,EN,Towers with Radar,51,15,30,6,102,0,0,154,32,186,51,15,184,38,288,334,114,448,736
04/02/2005,PHF,VA,AEA,EN,Towers with Radar,47,13,17,0,77,0,0,1,0,1,47,13,18,0,78,0,0,0,78
04/03/2005,PHF,VA,AEA,EN,Towers with Radar,46,17,12,0,75,0,0,58,4,62,46,17,70,4,137,0,0,0,137
04/04/2005,PHF,VA,AEA,EN,Towers with Radar,57,17,29,14,117,0,0,101,10,111,57,17,130,24,228,86,54,140,368
04/05/2005,PHF,VA,AEA,EN,Towers with Radar,58,31,35,17,141,0,0,195,60,255,58,31,230,77,396,310,232,542,938
04/06/2005,PHF,VA,AEA,EN,Towers with Radar,60,32,23,8,123,0,0,162,48,210,60,32,185,56,333,240,132,372,705
04/07/2005,PHF,VA,AEA,EN,Towers with Radar,58,32,25,4,119,0,0,150,73,223,58,32,175,77,342,191,148,339,681
04/08/2005,PHF,VA,AEA,EN,Towers with Radar,57,42,35,8,142,0,0,13,10,23,57,42,48,18,165,16,98,114,279
04/09/2005,PHF,VA,AEA,EN,Towers with Radar,47,64,32,0,143,0,0,162,2,164,47,64,194,2,307,222,0,222,529
04/10/2005,PHF,VA,AEA,EN,Towers with Radar,53,34,33,9,129,0,0,124,8,132,53,34,157,17,261,358,184,542,803
04/11/2005,PHF,VA,AEA,EN,Towers with Radar,60,30,40,14,144,0,0,253,53,306,60,30,293,67,450,412,162,574,1024
04/12/2005,PHF,VA,AEA,EN,Towers with Radar,54,35,23,24,136,0,0,126,14,140,54,35,149,38,276,118,0,118,394
04/13/2005,PHF,VA,AEA,EN,Towers with Radar,53,33,36,6,128,0,2,225,26,253,53,35,261,32,381,378,104,482,863
04/14/2005,PHF,VA,AEA,EN,Towers with Radar,57,25,38,20,140,0,0,148,33,181,57,25,186,53,321,204,102,306,627
04/15/2005,PHF,VA,AEA,EN,Towers with Radar,52,30,39,2,123,0,0,4,26,30,52,30,43,28,153,0,76,76,229
04/16/2005,PHF,VA,AEA,EN,Towers with Radar,49,21,24,3,97,0,0,40,24,64,49,21,64,27,161,24,34,58,219
04/17/2005,PHF,VA,AEA,EN,Towers with Radar,51,21,31,0,103,0,0,109,16,125,51,21,140,16,228,133,6,139,367
04/18/2005,PHF,VA,AEA,EN,Towers with Radar,63,23,39,8,133,0,0,224,44,268,63,23,263,52,401,482,210,692,1093
04/19/2005,PHF,VA,AEA,EN,Towers with Radar,58,26,31,15,130,0,0,201,39,240,58,26,232,54,370,115,240,355,725
04/20/2005,PHF,VA,AEA,EN,Towers with Radar,51,27,47,52,177,0,0,246,133,379,51,27,293,185,556,382,254,636,1192
04/21/2005,PHF,VA,AEA,EN,Towers with Radar,59,22,41,21,143,0,2,195,25,222,59,24,236,46,365,288,180,468,833
04/22/2005,PHF,VA,AEA,EN,Towers with Radar,59,19,37,3,118,0,0,73,15,88,59,19,110,18,206,6,18,24,230
04/23/2005,PHF,VA,AEA,EN,Towers with Radar,49,14,15,11,89,0,0,51,13,64,49,14,66,24,153,0,4,4,157
04/24/2005,PHF,VA,AEA,EN,Towers with Radar,46,27,17,7,97,0,0,125,30,155,46,27,142,37,252,164,36,200,452
04/25/2005,PHF,VA,AEA,EN,Towers with Radar,60,29,43,6,138,0,0,103,32,135,60,29,146,38,273,112,58,170,443
04/26/2005,PHF,VA,AEA,EN,Towers with Radar,54,38,58,14,164,0,0,215,186,401,54,38,273,200,565,378,408,786,1351
04/27/2005,PHF,VA,AEA,EN,Towers with Radar,60,40,50,32,182,0,0,263,170,433,60,40,313,202,615,438,436,874,1489
04/28/2005,PHF,VA,AEA,EN,Towers with Radar,58,38,43,14,153,0,0,189,23,212,58,38,232,37,365,210,174,384,749
04/29/2005,PHF,VA,AEA,EN,Towers with Radar,55,14,32,10,111,0,0,70,32,102,55,14,102,42,213,38,34,72,285
04/30/2005,PHF,VA,AEA,EN,Towers with Radar,49,19,8,1,77,0,0,84,0,84,49,19,92,1,161,0,0,0,161
05/01/2005,PHF,VA,AEA,EN,Towers with Radar,51,13,71,0,135,0,0,174,0,174,51,13,245,0,309,352,0,352,661
05/02/2005,PHF,VA,AEA,EN,Towers with Radar,60,25,45,35,165,0,0,232,96,328,60,25,277,131,493,318,262,580,1073
05/03/2005,PHF,VA,AEA,EN,Towers with Radar,56,31,39,16,142,0,2,305,152,459,56,33,344,168,601,344,298,642,1243
05/04/2005,PHF,VA,AEA,EN,Towers with Radar,62,33,42,13,150,0,2,206,157,365,62,35,248,170,515,356,306,662,1177
05/05/2005,PHF,VA,AEA,EN,Towers with Radar,62,40,55,37,194,0,2,260,85,347,62,42,315,122,541,216,114,330,871
05/06/2005,PHF,VA,AEA,EN,Towers with Radar,41,17,30,1,89,0,0,0,0,0,41,17,30,1,89,0,0,0,89
05/07/2005,PHF,VA,AEA,EN,Towers with Radar,55,17,30,6,108,0,0,112,23,135,55,17,142,29,243,122,16,138,381
05/08/2005,PHF,VA,AEA,EN,Towers with Radar,58,16,44,1,119,0,2,227,0,229,58,18,271,1,348,390,0,390,738
05/09/2005,PHF,VA,AEA,EN,Towers with Radar,55,24,47,24,150,0,0,84,46,130,55,24,131,70,280,194,44,238,518
05/10/2005,PHF,VA,AEA,EN,Towers with Radar,61,20,37,13,131,0,0,205,198,403,61,20,242,211,534,302,326,628,1162
05/11/2005,PHF,VA,AEA,EN,Towers with Radar,56,26,28,15,125,0,0,215,139,354,56,26,243,154,479,336,298,634,1113
05/12/2005,PHF,VA,AEA,EN,Towers with Radar,54,38,64,18,174,0,4,360,128,492,54,42,424,146,666,374,248,622,1288
05/13/2005,PHF,VA,AEA,EN,Towers with Radar,65,35,40,46,186,0,0,263,160,423,65,35,303,206,609,432,388,820,1429
05/14/2005,PHF,VA,AEA,EN,Towers with Radar,54,23,19,5,101,0,3,181,2,186,54,26,200,7,287,351,0,351,638
05/15/2005,PHF,VA,AEA,EN,Towers with Radar,47,11,20,1,79,0,0,89,18,107,47,11,109,19,186,210,0,210,396
05/16/2005,PHF,VA,AEA,EN,Towers with Radar,59,38,36,3,136,0,2,146,32,180,59,40,182,35,316,226,144,370,686
05/17/2005,PHF,VA,AEA,EN,Towers with Radar,60,52,34,7,153,0,10,262,126,398,60,62,296,133,551,427,195,622,1173
05/18/2005,PHF,VA,AEA,EN,Towers with Radar,55,43,49,6,153,0,2,190,70,262,55,45,239,76,415,264,208,472,887
05/19/2005,PHF,VA,AEA,EN,Towers with Radar,64,29,55,19,167,0,0,129,28,157,64,29,184,47,324,208,86,294,618
05/20/2005,PHF,VA,AEA,EN,Towers with Radar,48,21,22,1,92,96,0,4,8,108,144,21,26,9,200,172,104,276,476
05/21/2005,PHF,VA,AEA,EN,Towers with Radar,51,21,32,21,125,0,0,133,5,138,51,21,165,26,263,256,0,256,519
05/22/2005,PHF,VA,AEA,EN,Towers with Radar,54,19,33,1,107,0,0,168,31,199,54,19,201,32,306,244,98,342,648
05/23/2005,PHF,VA,AEA,EN,Towers with Radar,54,23,17,4,98,0,0,47,10,57,54,23,64,14,155,38,0,38,193
05/24/2005,PHF,VA,AEA,EN,Towers with Radar,63,34,13,6,116,0,0,61,36,97,63,34,74,42,213,22,0,22,235
05/25/2005,PHF,VA,AEA,EN,Towers with Radar,51,45,52,23,171,0,4,89,52,145,51,49,141,75,316,70,136,206,522
05/26/2005,PHF,VA,AEA,EN,Towers with Radar,52,46,52,78,228,0,2,166,126,294,52,48,218,204,522,142,244,386,908
05/27/2005,PHF,VA,AEA,EN,Towers with Radar,66,30,95,19,210,0,0,211,81,292,66,30,306,100,502,282,208,490,992
05/28/2005,PHF,VA,AEA,EN,Towers with Radar,62,18,27,9,116,0,1,63,7,71,62,19,90,16,187,64,38,102,289
05/29/2005,PHF,VA,AEA,EN,Towers with Radar,60,12,31,0,103,0,4,140,26,170,60,16,171,26,273,282,77,359,632
05/30/2005,PHF,VA,AEA,EN,Towers with Radar,63,22,24,1,110,0,0,201,0,201,63,22,225,1,311,310,0,310,621
05/31/2005,PHF,VA,AEA,EN,Towers with Radar,54,31,24,9,118,0,2,237,40,279,54,33,261,49,397,470,204,674,1071
06/01/2005,PHF,VA,AEA,EN,Towers with Radar,52,24,37,40,153,0,0,173,22,195,52,24,210,62,348,198,134,332,680
06/02/2005,PHF,VA,AEA,EN,Towers with Radar,55,15,35,9,114,495,0,4,7,506,550,15,39,16,620,0,0,0,620
06/03/2005,PHF,VA,AEA,EN,Towers with Radar,45,19,36,2,102,0,0,10,2,12,45,19,46,4,114,0,0,0,114
06/04/2005,PHF,VA,AEA,EN,Towers with Radar,53,20,40,0,113,0,0,134,0,134,53,20,174,0,247,220,0,220,467
06/05/2005,PHF,VA,AEA,EN,Towers with Radar,54,25,35,0,114,0,0,91,0,91,54,25,126,0,205,216,0,216,421
06/06/2005,PHF,VA,AEA,EN,Towers with Radar,28,37,17,32,114,0,0,123,8,131,28,37,140,40,245,124,86,210,455
06/07/2005,PHF,VA,AEA,EN,Towers with Radar,32,74,36,12,154,0,2,230,102,334,32,76,266,114,488,274,206,480,968
06/08/2005,PHF,VA,AEA,EN,Towers with Radar,0,58,54,11,123,0,1,168,57,226,0,59,222,68,349,178,90,268,617
06/09/2005,PHF,VA,AEA,EN,Towers with Radar,25,54,21,3,103,0,0,191,14,205,25,54,212,17,308,232,0,232,540
06/10/2005,PHF,VA,AEA,EN,Towers with Radar,24,39,58,20,141,0,0,97,18,115,24,39,155,38,256,248,266,514,770
06/11/2005,PHF,VA,AEA,EN,Towers with Radar,32,49,36,3,120,0,441,123,26,590,32,490,159,29,710,142,40,182,892
06/12/2005,PHF,VA,AEA,EN,Towers with Radar,28,46,36,31,141,0,0,205,104,309,28,46,241,135,450,238,98,336,786
06/13/2005,PHF,VA,AEA,EN,Towers with Radar,27,64,29,5,125,0,0,184,76,260,27,64,213,81,385,226,248,474,859
06/14/2005,PHF,VA,AEA,EN,Towers with Radar,34,44,22,10,110,0,0,233,73,306,34,44,255,83,416,370,238,608,1024
06/15/2005,PHF,VA,AEA,EN,Towers with Radar,24,59,46,19,148,0,0,199,16,215,24,59,245,35,363,228,138,366,729
06/16/2005,PHF,VA,AEA,EN,Towers with Radar,29,80,56,3,168,0,0,207,96,303,29,80,263,99,471,334,212,546,1017
06/17/2005,PHF,VA,AEA,EN,Towers with Radar,35,77,40,7,159,0,0,163,47,210,35,77,203,54,369,166,133,299,668
06/18/2005,PHF,VA,AEA,EN,Towers with Radar,32,63,23,4,122,0,0,162,48,210,32,63,185,52,332,196,98,294,626
06/19/2005,PHF,VA,AEA,EN,Towers with Radar,31,47,31,2,111,0,0,159,23,182,31,47,190,25,293,188,8,196,489
06/20/2005,PHF,VA,AEA,EN,Towers with Radar,29,72,31,4,136,0,0,189,24,213,29,72,220,28,349,152,90,242,591
06/21/2005,PHF,VA,AEA,EN,Towers with Radar,25,55,44,2,126,0,0,184,14,198,25,55,228,16,324,232,26,258,582
06/22/2005,PHF,VA,AEA,EN,Towers with Radar,27,73,27,2,129,0,1,168,32,201,27,74,195,34,330,264,74,338,668
06/23/2005,PHF,VA,AEA,EN,Towers with Radar,24,74,48,28,174,0,0,188,58,246,24,74,236,86,420,284,184,468,888
06/24/2005,PHF,VA,AEA,EN,Towers with Radar,30,87,41,4,162,0,0,108,45,153,30,87,149,49,315,176,88,264,579
06/25/2005,PHF,VA,AEA,EN,Towers with Radar,24,44,24,13,105,0,0,92,2,94,24,44,116,15,199,102,0,102,301
06/26/2005,PHF,VA,AEA,EN,Towers with Radar,22,53,37,25,137,0,0,28,0,28,22,53,65,25,165,6,10,16,181
06/27/2005,PHF,VA,AEA,EN,Towers with Radar,24,69,47,16,156,0,0,152,40,192,24,69,199,56,348,296,268,564,912
06/28/2005,PHF,VA,AEA,EN,Towers with Radar,38,65,72,15,190,0,0,197,66,263,38,65,269,81,453,336,122,458,911
06/29/2005,PHF,VA,AEA,EN,Towers with Radar,27,52,79,6,164,0,0,113,40,153,27,52,192,46,317,190,134,324,641
06/30/2005,PHF,VA,AEA,EN,Towers with Radar,25,44,64,31,164,0,0,195,54,249,25,44,259,85,413,330,254,584,997
07/01/2005,PHF,VA,AEA,EN,Towers with Radar,21,77,87,3,188,0,0,187,14,201,21,77,274,17,389,334,180,514,903
07/02/2005,PHF,VA,AEA,EN,Towers with Radar,38,51,35,0,124,1,0,98,0,99,39,51,133,0,223,224,0,224,447
07/03/2005,PHF,VA,AEA,EN,Towers with Radar,25,33,12,0,70,0,0,157,2,159,25,33,169,2,229,166,0,166,395
07/04/2005,PHF,VA,AEA,EN,Towers with Radar,22,37,14,0,73,0,0,39,0,39,22,37,53,0,112,106,0,106,218
07/05/2005,PHF,VA,AEA,EN,Towers with Radar,31,55,31,19,136,0,0,173,24,197,31,55,204,43,333,154,44,198,531
07/06/2005,PHF,VA,AEA,EN,Towers with Radar,22,57,42,17,138,0,1,180,63,244,22,58,222,80,382,252,192,444,826
07/07/2005,PHF,VA,AEA,EN,Towers with Radar,25,54,31,23,133,0,0,139,22,161,25,54,170,45,294,292,172,464,758
07/08/2005,PHF,VA,AEA,EN,Towers with Radar,30,35,31,23,119,0,0,153,64,217,30,35,184,87,336,96,258,354,690
07/09/2005,PHF,VA,AEA,EN,Towers with Radar,24,31,16,4,75,0,0,199,33,232,24,31,215,37,307,388,18,406,713
07/10/2005,PHF,VA,AEA,EN,Towers with Radar,32,39,44,9,124,0,0,163,30,193,32,39,207,39,317,218,178,396,713
07/11/2005,PHF,VA,AEA,EN,Towers with Radar,23,49,35,16,123,0,0,176,74,250,23,49,211,90,373,242,242,484,857
07/12/2005,PHF,VA,AEA,EN,Towers with Radar,25,37,35,7,104,0,0,163,68,231,25,37,198,75,335,272,266,538,873
07/13/2005,PHF,VA,AEA,EN,Towers with Radar,23,59,47,10,139,0,0,214,72,286,23,59,261,82,425,314,296,610,1035
07/14/2005,PHF,VA,AEA,EN,Towers with Radar,30,78,43,16,167,0,2,171,85,258,30,80,214,101,425,326,340,666,1091
07/15/2005,PHF,VA,AEA,EN,Towers with Radar,28,55,38,9,130,0,0,121,24,145,28,55,159,33,275,148,68,216,491
07/16/2005,PHF,VA,AEA,EN,Towers with Radar,26,34,21,11,92,0,0,87,1,88,26,34,108,12,180,136,0,136,316
07/17/2005,PHF,VA,AEA,EN,Towers with Radar,25,32,25,12,94,0,0,174,1,175,25,32,199,13,269,204,4,208,477
07/18/2005,PHF,VA,AEA,EN,Towers with Radar,26,61,21,35,143,0,0,223,86,309,26,61,244,121,452,418,258,676,1128
07/19/2005,PHF,VA,AEA,EN,Towers with Radar,26,67,36,27,156,0,0,187,46,233,26,67,223,73,389,266,178,444,833
07/20/2005,PHF,VA,AEA,EN,Towers with Radar,27,66,37,17,147,0,2,145,38,185,27,68,182,55,332,156,142,298,630
07/21/2005,PHF,VA,AEA,EN,Towers with Radar,23,51,24,3,101,0,0,82,38,120,23,51,106,41,221,148,112,260,481
07/22/2005,PHF,VA,AEA,EN,Towers with Radar,26,61,41,12,140,0,0,218,14,232,26,61,259,26,372,254,174,428,800
07/23/2005,PHF,VA,AEA,EN,Towers with Radar,23,38,42,0,103,0,0,202,22,224,23,38,244,22,327,302,0,302,629
07/24/2005,PHF,VA,AEA,EN,Towers with Radar,28,27,20,0,75,0,0,95,4,99,28,27,115,4,174,120,0,120,294
07/25/2005,PHF,VA,AEA,EN,Towers with Radar,23,49,23,5,100,10,0,99,30,139,33,49,122,35,239,160,10,170,409
07/26/2005,PHF,VA,AEA,EN,Towers with Radar,24,55,23,8,110,0,0,144,34,178,24,55,167,42,288,214,100,314,602
07/27/2005,PHF,VA,AEA,EN,Towers with Radar,23,48,34,4,109,0,0,98,60,158,23,48,132,64,267,160,134,294,561
07/28/2005,PHF,VA,AEA,EN,Towers with Radar,23,55,28,3,109,0,0,105,26,131,23,55,133,29,240,160,6,166,406
07/29/2005,PHF,VA,AEA,EN,Towers with Radar,23,47,30,6,106,0,0,84,30,114,23,47,114,36,220,90,34,124,344
07/30/2005,PHF,VA,AEA,EN,Towers with Radar,29,40,29,0,98,0,0,51,4,55,29,40,80,4,153,80,0,80,233
07/31/2005,PHF,VA,AEA,EN,Towers with Radar,28,40,33,0,101,0,0,2,0,2,28,40,35,0,103,0,0,0,103
08/01/2005,PHF,VA,AEA,EN,Towers with Radar,40,55,39,5,139,0,1,193,23,217,40,56,232,28,356,314,192,506,862
08/02/2005,PHF,VA,AEA,EN,Towers with Radar,29,56,39,16,140,0,0,129,40,169,29,56,168,56,309,142,46,188,497
08/03/2005,PHF,VA,AEA,EN,Towers with Radar,23,59,45,19,146,0,0,93,42,135,23,59,138,61,281,132,124,256,537
08/04/2005,PHF,VA,AEA,EN,Towers with Radar,23,50,39,17,129,0,0,89,22,111,23,50,128,39,240,98,32,130,370
08/05/2005,PHF,VA,AEA,EN,Towers with Radar,40,43,52,47,182,0,0,16,20,36,40,43,68,67,218,370,270,640,858
08/06/2005,PHF,VA,AEA,EN,Towers with Radar,20,34,21,4,79,0,0,201,38,239,20,34,222,42,318,398,138,536,854
08/07/2005,PHF,VA,AEA,EN,Towers with Radar,24,30,29,6,89,0,0,151,4,155,24,30,180,10,244,280,0,280,524
08/08/2005,PHF,VA,AEA,EN,Towers with Radar,20,45,35,18,118,0,0,135,44,179,20,45,170,62,297,350,162,512,809
08/09/2005,PHF,VA,AEA,EN,Towers with Radar,20,47,18,15,100,0,0,31,12,43,20,47,49,27,143,12,28,40,183
08/10/2005,PHF,VA,AEA,EN,Towers with Radar,21,57,31,4,113,0,0,260,10,270,21,57,291,14,383,362,176,538,921
08/11/2005,PHF,VA,AEA,EN,Towers with Radar,22,45,27,10,104,0,0,12,10,22,22,45,39,20,126,278,128,406,532
08/12/2005,PHF,VA,AEA,EN,Towers with Radar,20,50,46,3,119,0,0,248,51,299,20,50,294,54,418,440,218,658,1076
08/13/2005,PHF,VA,AEA,EN,Towers with Radar,20,38,12,0,70,0,0,57,0,57,20,38,69,0,127,94,0,94,221
08/14/2005,PHF,VA,AEA,EN,Towers with Radar,20,31,29,1,81,0,0,113,23,136,20,31,142,24,217,244,58,302,519
08/15/2005,PHF,VA,AEA,EN,Towers with Radar,21,53,36,11,121,0,0,132,8,140,21,53,168,19,261,130,36,166,427
08/16/2005,PHF,VA,AEA,EN,Towers with Radar,20,46,24,19,109,0,0,74,8,82,20,46,98,27,191,114,72,186,377
08/17/2005,PHF,VA,AEA,EN,Towers with Radar,21,59,31,11,122,0,4,123,52,179,21,63,154,63,301,156,90,246,547
08/18/2005,PHF,VA,AEA,EN,Towers with Radar,23,45,37,34,139,0,0,202,37,239,23,45,239,71,378,180,186,366,744
08/19/2005,PHF,VA,AEA,EN,Towers with Radar,22,51,30,27,130,0,0,79,27,106,22,51,109,54,236,118,56,174,410
08/20/2005,PHF,VA,AEA,EN,Towers with Radar,20,47,22,1,90,0,0,104,12,116,20,47,126,13,206,166,0,166,372
08/21/2005,PHF,VA,AEA,EN,Towers with Radar,22,43,2,2,69,0,0,105,0,105,22,43,107,2,174,116,0,116,290
08/22/2005,PHF,VA,AEA,EN,Towers with Radar,30,48,47,32,157,0,0,166,102,268,30,48,213,134,425,348,150,498,923
08/23/2005,PHF,VA,AEA,EN,Towers with Radar,18,46,22,0,86,0,0,82,4,86,18,46,104,4,172,36,0,36,208
08/24/2005,PHF,VA,AEA,EN,Towers with Radar,30,50,37,4,121,0,0,165,64,229,30,50,202,68,350,342,220,562,912
08/25/2005,PHF,VA,AEA,EN,Towers with Radar,29,64,42,31,166,0,0,142,64,206,29,64,184,95,372,284,232,516,888
08/26/2005,PHF,VA,AEA,EN,Towers with Radar,25,58,39,1,123,0,0,122,24,146,25,58,161,25,269,224,76,300,569
08/27/2005,PHF,VA,AEA,EN,Towers with Radar,24,48,25,10,107,0,0,139,31,170,24,48,164,41,277,286,36,322,599
08/28/2005,PHF,VA,AEA,EN,Towers with Radar,22,28,32,0,82,0,0,112,0,112,22,28,144,0,194,182,0,182,376
08/29/2005,PHF,VA,AEA,EN,Towers with Radar,18,46,23,7,94,0,2,18,22,42,18,48,41,29,136,218,44,262,398
08/30/2005,PHF,VA,AEA,EN,Towers with Radar,21,45,26,18,110,0,0,198,46,244,21,45,224,64,354,288,210,498,852
08/31/2005,PHF,VA,AEA,EN,Towers with Radar,25,53,37,3,118,0,2,181,21,204,25,55,218,24,322,180,34,214,536
09/01/2005,PHF,VA,AEA,EN,Towers with Radar,20,47,33,11,111,0,0,200,24,224,20,47,233,35,335,250,126,376,711
09/02/2005,PHF,VA,AEA,EN,Towers with Radar,25,22,55,4,106,0,30,114,31,175,25,52,169,35,281,146,54,200,481
09/03/2005,PHF,VA,AEA,EN,Towers with Radar,22,34,27,0,83,0,0,85,0,85,22,34,112,0,168,142,0,142,310
09/04/2005,PHF,VA,AEA,EN,Towers with Radar,20,30,16,0,66,0,1,38,40,79,20,31,54,40,145,34,0,34,179
09/05/2005,PHF,VA,AEA,EN,Towers with Radar,25,44,42,2,113,0,0,89,0,89,25,44,131,2,202,148,0,148,350
09/06/2005,PHF,VA,AEA,EN,Towers with Radar,21,42,40,7,110,0,0,159,53,212,21,42,199,60,322,280,256,536,858
09/07/2005,PHF,VA,AEA,EN,Towers with Radar,27,54,31,16,128,0,0,209,74,283,27,54,240,90,411,332,324,656,1067
09/08/2005,PHF,VA,AEA,EN,Towers with Radar,21,52,29,17,119,0,0,211,54,265,21,52,240,71,384,324,284,608,992
09/09/2005,PHF,VA,AEA,EN,Towers with Radar,21,47,31,23,122,0,0,149,94,243,21,47,180,117,365,242,180,422,787
09/10/2005,PHF,VA,AEA,EN,Towers with Radar,20,43,27,2,92,0,0,169,0,169,20,43,196,2,261,256,0,256,517
09/11/2005,PHF,VA,AEA,EN,Towers with Radar,21,60,21,0,102,0,0,236,38,274,21,60,257,38,376,400,70,470,846
09/12/2005,PHF,VA,AEA,EN,Towers with Radar,18,57,23,8,106,0,0,136,24,160,18,57,159,32,266,80,84,164,430
09/13/2005,PHF,VA,AEA,EN,Towers with Radar,23,50,46,25,144,0,0,206,72,278,23,50,252,97,422,228,190,418,840
09/14/2005,PHF,VA,AEA,EN,Towers with Radar,20,53,40,41,154,0,0,167,94,261,20,53,207,135,415,318,292,610,1025
09/15/2005,PHF,VA,AEA,EN,Towers with Radar,23,37,16,6,82,0,0,163,53,216,23,37,179,59,298,254,142,396,694
09/16/2005,PHF,VA,AEA,EN,Towers with Radar,29,45,39,10,123,0,0,109,43,152,29,45,148,53,275,166,104,270,545
09/17/2005,PHF,VA,AEA,EN,Towers with Radar,25,49,22,2,98,0,0,132,12,144,25,49,154,14,242,198,0,198,440
09/18/2005,PHF,VA,AEA,EN,Towers with Radar,23,62,42,0,127,0,0,193,0,193,23,62,235,0,320,188,0,188,508
09/19/2005,PHF,VA,AEA,EN,Towers with Radar,25,64,49,30,168,0,0,152,48,200,25,64,201,78,368,282,250,532,900
09/20/2005,PHF,VA,AEA,EN,Towers with Radar,23,69,28,7,127,0,2,61,58,121,23,71,89,65,248,120,138,258,506
09/21/2005,PHF,VA,AEA,EN,Towers with Radar,22,84,46,7,159,0,0,187,110,297,22,84,233,117,456,272,242,514,970
09/22/2005,PHF,VA,AEA,EN,Towers with Radar,25,64,39,9,137,0,0,146,69,215,25,64,185,78,352,264,136,400,752
09/23/2005,PHF,VA,AEA,EN,Towers with Radar,22,63,39,4,128,0,2,138,44,184,22,65,177,48,312,306,206,512,824
09/24/2005,PHF,VA,AEA,EN,Towers with Radar,22,48,14,2,86,0,0,70,34,104,22,48,84,36,190,142,44,186,376
09/25/2005,PHF,VA,AEA,EN,Towers with Radar,26,54,39,1,120,0,0,222,34,256,26,54,261,35,376,324,60,384,760
09/26/2005,PHF,VA,AEA,EN,Towers with Radar,23,67,40,23,153,0,6,149,15,170,23,73,189,38,323,206,102,308,631
09/27/2005,PHF,VA,AEA,EN,Towers with Radar,19,59,39,27,144,0,3,169,84,256,19,62,208,111,400,288,196,484,884
09/28/2005,PHF,VA,AEA,EN,Towers with Radar,20,69,45,65,199,0,7,129,69,205,20,76,174,134,404,264,284,548,952
09/29/2005,PHF,VA,AEA,EN,Towers with Radar,23,80,36,36,175,0,1,190,63,254,23,81,226,99,429,232,146,378,807
09/30/2005,PHF,VA,AEA,EN,Towers with Radar,22,56,43,5,126,0,6,178,38,222,22,62,221,43,348,232,72,304,652
10/01/2005,PHF,VA,AEA,EN,Towers with Radar,20,41,32,3,96,0,0,111,1,112,20,41,143,4,208,166,0,166,374
10/02/2005,PHF,VA,AEA,EN,Towers with Radar,20,21,44,12,97,0,0,141,28,169,20,21,185,40,266,260,26,286,552
10/03/2005,PHF,VA,AEA,EN,Towers with Radar,18,44,39,17,118,0,0,26,10,36,18,44,65,27,154,160,0,160,314
10/04/2005,PHF,VA,AEA,EN,Towers with Radar,20,52,25,10,107,0,0,88,34,122,20,52,113,44,229,124,22,146,375
10/05/2005,PHF,VA,AEA,EN,Towers with Radar,22,63,40,32,157,0,0,107,57,164,22,63,147,89,321,130,114,244,565
10/06/2005,PHF,VA,AEA,EN,Towers with Radar,18,55,28,22,123,0,0,122,91,213,18,55,150,113,336,162,154,316,652
10/07/2005,PHF,VA,AEA,EN,Towers with Radar,22,44,22,6,94,0,0,53,19,72,22,44,75,25,166,108,34,142,308
10/08/2005,PHF,VA,AEA,EN,Towers with Radar,22,33,12,4,71,0,0,0,4,4,22,33,12,8,75,0,0,0,75
10/09/2005,PHF,VA,AEA,EN,Towers with Radar,22,38,21,0,81,0,0,8,0,8,22,38,29,0,89,10,0,10,99
10/10/2005,PHF,VA,AEA,EN,Towers with Radar,19,40,21,2,82,0,0,4,1,5,19,40,25,3,87,0,0,0,87
10/11/2005,PHF,VA,AEA,EN,Towers with Radar,25,70,42,13,150,0,0,22,60,82,25,70,64,73,232,48,200,248,480
10/12/2005,PHF,VA,AEA,EN,Towers with Radar,23,69,42,4,138,0,0,36,38,74,23,69,78,42,212,60,188,248,460
10/13/2005,PHF,VA,AEA,EN,Towers with Radar,23,63,33,12,131,0,0,24,34,58,23,63,57,46,189,0,6,6,195
10/14/2005,PHF,VA,AEA,EN,Towers with Radar,19,55,27,4,105,0,0,24,6,30,19,55,51,10,135,0,0,0,135
10/15/2005,PHF,VA,AEA,EN,Towers with Radar,24,55,39,5,123,0,2,260,4,266,24,57,299,9,389,292,40,332,721
10/16/2005,PHF,VA,AEA,EN,Towers with Radar,19,59,43,0,121,0,0,39,0,39,19,59,82,0,160,96,0,96,256
10/17/2005,PHF,VA,AEA,EN,Towers with Radar,29,61,38,9,137,0,4,184,85,273,29,65,222,94,410,344,192,536,946
10/18/2005,PHF,VA,AEA,EN,Towers with Radar,24,61,62,56,203,0,0,296,112,408,24,61,358,168,611,360,334,694,1305
10/19/2005,PHF,VA,AEA,EN,Towers with Radar,21,64,52,25,162,0,0,276,64,340,21,64,328,89,502,354,338,692,1194
10/20/2005,PHF,VA,AEA,EN,Towers with Radar,24,65,31,2,122,0,0,123,50,173,24,65,154,52,295,130,90,220,515
10/21/2005,PHF,VA,AEA,EN,Towers with Radar,31,56,26,6,119,0,0,0,0,0,31,56,26,6,119,0,0,0,119
10/22/2005,PHF,VA,AEA,EN,Towers with Radar,23,49,21,12,105,0,0,24,10,34,23,49,45,22,139,28,0,28,167
10/23/2005,PHF,VA,AEA,EN,Towers with Radar,20,48,41,0,109,0,0,94,0,94,20,48,135,0,203,100,0,100,303
10/24/2005,PHF,VA,AEA,EN,Towers with Radar,18,47,8,36,109,0,0,72,46,118,18,47,80,82,227,146,138,284,511
10/25/2005,PHF,VA,AEA,EN,Towers with Radar,25,41,13,21,100,0,2,79,27,108,25,43,92,48,208,68,32,100,308
10/26/2005,PHF,VA,AEA,EN,Towers with Radar,19,55,32,33,139,0,0,193,23,216,19,55,225,56,355,170,230,400,755
10/27/2005,PHF,VA,AEA,EN,Towers with Radar,21,63,43,10,137,0,0,193,28,221,21,63,236,38,358,160,90,250,608
10/28/2005,PHF,VA,AEA,EN,Towers with Radar,27,69,60,23,179,0,0,185,39,224,27,69,245,62,403,264,135,399,802
10/29/2005,PHF,VA,AEA,EN,Towers with Radar,23,50,36,13,122,0,2,144,11,157,23,52,180,24,279,224,190,414,693
10/30/2005,PHF,VA,AEA,EN,Towers with Radar,24,51,48,1,124,0,2,0,12,14,24,53,48,13,138,240,64,304,442
10/31/2005,PHF,VA,AEA,EN,Towers with Radar,26,77,75,24,202,0,6,259,58,323,26,83,334,82,525,348,292,640,1165
11/01/2005,PHF,VA,AEA,EN,Towers with Radar,23,55,27,30,135,0,0,254,87,341,23,55,281,117,476,326,264,590,1066
11/02/2005,PHF,VA,AEA,EN,Towers with Radar,2,69,51,14,136,0,0,231,62,293,2,69,282,76,429,336,242,578,1007
11/03/2005,PHF,VA,AEA,EN,Towers with Radar,22,73,35,5,135,0,2,126,44,172,22,75,161,49,307,234,148,382,689
11/04/2005,PHF,VA,AEA,EN,Towers with Radar,21,55,44,12,132,0,0,185,86,271,21,55,229,98,403,244,280,524,927
11/05/2005,PHF,VA,AEA,EN,Towers with Radar,27,43,83,33,186,0,0,225,27,252,27,43,308,60,438,348,280,628,1066
11/06/2005,PHF,VA,AEA,EN,Towers with Radar,21,55,44,12,132,0,0,185,86,271,21,55,229,98,403,244,280,524,927
11/07/2005,PHF,VA,AEA,EN,Towers with Radar,5,66,33,20,124,0,0,148,31,179,5,66,181,51,303,158,118,276,579
11/08/2005,PHF,VA,AEA,EN,Towers with Radar,0,48,22,8,78,0,2,235,76,313,0,50,257,84,391,348,284,632,1023
11/09/2005,PHF,VA,AEA,EN,Towers with Radar,18,54,29,8,109,0,0,283,29,312,18,54,312,37,421,474,160,634,1055
11/10/2005,PHF,VA,AEA,EN,Towers with Radar,25,46,33,12,116,0,0,170,47,217,25,46,203,59,333,254,216,470,803
11/11/2005,PHF,VA,AEA,EN,Towers with Radar,23,51,38,3,115,0,0,122,27,149,23,51,160,30,264,270,78,348,612
11/12/2005,PHF,VA,AEA,EN,Towers with Radar,23,37,30,1,91,0,0,102,0,102,23,37,132,1,193,264,0,264,457
11/13/2005,PHF,VA,AEA,EN,Towers with Radar,24,45,22,12,103,0,0,169,37,206,24,45,191,49,309,364,30,394,703
11/14/2005,PHF,VA,AEA,EN,Towers with Radar,25,50,21,9,105,0,0,170,34,204,25,50,191,43,309,288,162,450,759
11/15/2005,PHF,VA,AEA,EN,Towers with Radar,19,49,20,2,90,0,0,183,20,203,19,49,203,22,293,290,150,440,733
11/16/2005,PHF,VA,AEA,EN,Towers with Radar,22,73,39,27,161,0,2,180,36,218,22,75,219,63,379,274,306,580,959
11/17/2005,PHF,VA,AEA,EN,Towers with Radar,25,82,36,33,176,0,0,196,54,250,25,82,232,87,426,380,292,672,1098
11/18/2005,PHF,VA,AEA,EN,Towers with Radar,24,78,57,21,180,0,0,158,67,225,24,78,215,88,405,298,216,514,919
11/19/2005,PHF,VA,AEA,EN,Towers with Radar,24,49,26,6,105,8,2,97,41,148,32,51,123,47,253,132,144,276,529
11/20/2005,PHF,VA,AEA,EN,Towers with Radar,33,54,41,37,165,0,0,171,65,236,33,54,212,102,401,384,92,476,877
11/21/2005,PHF,VA,AEA,EN,Towers with Radar,23,47,30,3,103,0,0,0,0,0,23,47,30,3,103,0,0,0,103
11/22/2005,PHF,VA,AEA,EN,Towers with Radar,21,53,24,6,104,0,0,28,6,34,21,53,52,12,138,60,0,60,198
11/23/2005,PHF,VA,AEA,EN,Towers with Radar,29,87,45,81,242,0,1,115,68,184,29,88,160,149,426,260,188,448,874
11/24/2005,PHF,VA,AEA,EN,Towers with Radar,26,57,10,24,117,0,0,38,6,44,26,57,48,30,161,0,10,10,171
11/25/2005,PHF,VA,AEA,EN,Towers with Radar,23,48,27,0,98,0,0,89,0,89,23,48,116,0,187,86,0,86,273
11/26/2005,PHF,VA,AEA,EN,Towers with Radar,21,34,21,0,76,0,0,4,0,4,21,34,25,0,80,100,0,100,180
11/27/2005,PHF,VA,AEA,EN,Towers with Radar,24,43,54,0,121,0,0,110,0,110,24,43,164,0,231,156,0,156,387
11/28/2005,PHF,VA,AEA,EN,Towers with Radar,23,59,33,9,124,0,0,165,136,301,23,59,198,145,425,214,160,374,799
11/29/2005,PHF,VA,AEA,EN,Towers with Radar,27,74,31,16,148,0,0,120,126,246,27,74,151,142,394,186,234,420,814
11/30/2005,PHF,VA,AEA,EN,Towers with Radar,27,71,45,33,176,0,0,185,63,248,27,71,230,96,424,282,270,552,976
12/01/2005,PHF,VA,AEA,EN,Towers with Radar,22,54,32,11,119,0,4,231,62,297,22,58,263,73,416,376,356,732,1148
12/02/2005,PHF,VA,AEA,EN,Towers with Radar,23,54,38,5,120,0,0,100,54,154,23,54,138,59,274,138,220,358,632
12/03/2005,PHF,VA,AEA,EN,Towers with Radar,25,36,20,4,85,0,0,256,1,257,25,36,276,5,342,422,0,422,764
12/04/2005,PHF,VA,AEA,EN,Towers with Radar,24,37,21,3,85,0,0,114,8,122,24,37,135,11,207,232,60,292,499
12/05/2005,PHF,VA,AEA,EN,Towers with Radar,19,52,26,1,98,0,0,0,0,0,19,52,26,1,98,0,0,0,98
12/06/2005,PHF,VA,AEA,EN,Towers with Radar,27,64,35,0,126,0,0,195,49,244,27,64,230,49,370,348,210,558,928
12/07/2005,PHF,VA,AEA,EN,Towers with Radar,20,71,35,7,133,0,0,192,95,287,20,71,227,102,420,326,248,574,994
12/08/2005,PHF,VA,AEA,EN,Towers with Radar,28,66,43,22,159,0,0,190,88,278,28,66,233,110,437,274,186,460,897
12/09/2005,PHF,VA,AEA,EN,Towers with Radar,22,53,23,0,98,0,0,29,0,29,22,53,52,0,127,0,0,0,127
12/10/2005,PHF,VA,AEA,EN,Towers with Radar,22,38,34,5,99,0,0,163,4,167,22,38,197,9,266,304,0,304,570
12/11/2005,PHF,VA,AEA,EN,Towers with Radar,22,30,9,2,63,0,0,159,15,174,22,30,168,17,237,286,124,410,647
12/12/2005,PHF,VA,AEA,EN,Towers with Radar,21,55,34,9,119,0,0,207,75,282,21,55,241,84,401,346,244,590,991
12/13/2005,PHF,VA,AEA,EN,Towers with Radar,27,70,38,3,138,0,0,136,62,198,27,70,174,65,336,256,238,494,830
12/14/2005,PHF,VA,AEA,EN,Towers with Radar,22,71,47,27,167,0,0,146,53,199,22,71,193,80,366,296,294,590,956
12/15/2005,PHF,VA,AEA,EN,Towers with Radar,23,46,19,18,106,0,1,74,39,114,23,47,93,57,220,168,140,308,528
12/16/2005,PHF,VA,AEA,EN,Towers with Radar,19,43,40,34,136,0,0,138,36,174,19,43,178,70,310,258,218,476,786
12/17/2005,PHF,VA,AEA,EN,Towers with Radar,24,51,14,2,91,216,0,161,14,391,240,51,175,16,482,266,12,278,760
12/18/2005,PHF,VA,AEA,EN,Towers with Radar,22,37,16,6,81,0,0,148,35,183,22,37,164,41,264,140,38,178,442
12/19/2005,PHF,VA,AEA,EN,Towers with Radar,24,50,33,11,118,0,1,203,47,251,24,51,236,58,369,279,158,437,806
12/20/2005,PHF,VA,AEA,EN,Towers with Radar,27,45,29,13,114,0,0,148,37,185,27,45,177,50,299,182,108,290,589
12/21/2005,PHF,VA,AEA,EN,Towers with Radar,23,51,48,12,134,0,0,66,15,81,23,51,114,27,215,112,44,156,371
12/22/2005,PHF,VA,AEA,EN,Towers with Radar,21,47,34,17,119,0,0,104,36,140,21,47,138,53,259,194,182,376,635
12/23/2005,PHF,VA,AEA,EN,Towers with Radar,23,35,35,0,93,0,0,122,30,152,23,35,157,30,245,228,0,228,473
12/24/2005,PHF,VA,AEA,EN,Towers with Radar,22,33,10,1,66,0,0,67,1,68,22,33,77,2,134,152,0,152,286
12/25/2005,PHF,VA,AEA,EN,Towers with Radar,22,48,5,0,75,0,0,0,0,0,22,48,5,0,75,0,0,0,75
12/26/2005,PHF,VA,AEA,EN,Towers with Radar,32,50,30,0,112,0,0,140,0,140,32,50,170,0,252,252,0,252,504
12/27/2005,PHF,VA,AEA,EN,Towers with Radar,24,50,49,19,142,0,0,179,63,242,24,50,228,82,384,362,268,630,1014
12/28/2005,PHF,VA,AEA,EN,Towers with Radar,19,40,23,38,120,0,0,136,92,228,19,40,159,130,348,244,206,450,798
12/29/2005,PHF,VA,AEA,EN,Towers with Radar,23,38,19,3,83,0,0,0,22,22,23,38,19,25,105,0,18,18,123
12/30/2005,PHF,VA,AEA,EN,Towers with Radar,22,41,9,2,74,0,0,157,30,187,22,41,166,32,261,260,64,324,585
12/31/2005,PHF,VA,AEA,EN,Towers with Radar,18,34,13,0,65,0,0,101,1,102,18,34,114,1,167,248,36,284,451
01/01/2006,PHF,VA,AEA,EN,Towers with Radar,20,34,21,0,75,0,0,86,9,95,20,34,107,9,170,94,56,150,320
01/02/2006,PHF,VA,AEA,EN,Towers with Radar,18,20,32,0,70,0,0,52,0,52,18,20,84,0,122,124,72,196,318
01/03/2006,PHF,VA,AEA,EN,Towers with Radar,18,42,13,31,104,0,0,1,27,28,18,42,14,58,132,0,0,0,132
01/04/2006,PHF,VA,AEA,EN,Towers with Radar,21,48,21,25,115,0,0,38,18,56,21,48,59,43,171,42,92,134,305
01/05/2006,PHF,VA,AEA,EN,Towers with Radar,19,51,16,8,94,0,6,173,52,231,19,57,189,60,325,188,170,358,683
01/06/2006,PHF,VA,AEA,EN,Towers with Radar,23,50,36,9,118,0,8,205,28,241,23,58,241,37,359,166,28,194,553
01/07/2006,PHF,VA,AEA,EN,Towers with Radar,24,44,52,13,133,0,0,97,24,121,24,44,149,37,254,152,82,234,488
01/08/2006,PHF,VA,AEA,EN,Towers with Radar,24,36,17,3,80,0,0,219,70,289,24,36,236,73,369,518,28,546,915
01/09/2006,PHF,VA,AEA,EN,Towers with Radar,20,47,15,6,88,0,2,146,44,192,20,49,161,50,280,186,112,298,578
01/10/2006,PHF,VA,AEA,EN,Towers with Radar,22,51,33,3,109,0,0,204,75,279,22,51,237,78,388,354,140,494,882
01/11/2006,PHF,VA,AEA,EN,Towers with Radar,19,29,15,11,74,0,2,83,22,107,19,31,98,33,181,158,52,210,391
01/12/2006,PHF,VA,AEA,EN,Towers with Radar,24,62,30,7,123,0,0,126,84,210,24,62,156,91,333,200,244,444,777
01/13/2006,PHF,VA,AEA,EN,Towers with Radar,21,79,31,30,161,0,3,47,31,81,21,82,78,61,242,89,14,103,345
01/14/2006,PHF,VA,AEA,EN,Towers with Radar,21,37,18,14,90,0,0,5,9,14,21,37,23,23,104,20,0,20,124
01/15/2006,PHF,VA,AEA,EN,Towers with Radar,22,39,17,2,80,0,0,201,0,201,22,39,218,2,281,130,0,130,411
01/16/2006,PHF,VA,AEA,EN,Towers with Radar,22,61,35,0,118,0,0,178,0,178,22,61,213,0,296,204,0,204,500
01/17/2006,PHF,VA,AEA,EN,Towers with Radar,21,49,26,9,105,0,0,176,32,208,21,49,202,41,313,196,184,380,693
01/18/2006,PHF,VA,AEA,EN,Towers with Radar,17,38,31,5,91,0,0,29,4,33,17,38,60,9,124,0,50,50,174
01/19/2006,PHF,VA,AEA,EN,Towers with Radar,17,75,52,18,162,0,15,149,53,217,17,90,201,71,379,312,164,476,855
01/20/2006,PHF,VA,AEA,EN,Towers with Radar,26,47,54,51,178,0,0,156,82,238,26,47,210,133,416,312,236,548,964
01/21/2006,PHF,VA,AEA,EN,Towers with Radar,18,32,10,5,65,0,1,59,15,75,18,33,69,20,140,140,0,140,280
01/22/2006,PHF,VA,AEA,EN,Towers with Radar,22,36,20,4,82,0,0,84,24,108,22,36,104,28,190,142,48,190,380
01/23/2006,PHF,VA,AEA,EN,Towers with Radar,22,17,16,6,61,12,16,6,4,38,34,33,22,10,99,0,0,0,99
01/24/2006,PHF,VA,AEA,EN,Towers with Radar,22,50,33,19,124,0,4,181,48,233,22,54,214,67,357,332,224,556,913
01/25/2006,PHF,VA,AEA,EN,Towers with Radar,20,69,41,3,133,0,2,109,11,122,20,71,150,14,255,42,2,44,299
01/26/2006,PHF,VA,AEA,EN,Towers with Radar,22,54,25,3,104,0,0,38,50,88,22,54,63,53,192,8,0,8,200
01/27/2006,PHF,VA,AEA,EN,Towers with Radar,22,69,41,15,147,0,0,122,45,167,22,69,163,60,314,220,222,442,756
01/28/2006,PHF,VA,AEA,EN,Towers with Radar,25,82,11,0,118,0,0,114,2,116,25,82,125,2,234,292,42,334,568
01/29/2006,PHF,VA,AEA,EN,Towers with Radar,24,38,26,2,90,0,0,155,1,156,24,38,181,3,246,230,0,230,476
01/30/2006,PHF,VA,AEA,EN,Towers with Radar,32,38,32,9,111,0,0,147,34,181,32,38,179,43,292,212,190,402,694
01/31/2006,PHF,VA,AEA,EN,Towers with Radar,20,46,16,0,82,0,0,17,8,25,20,46,33,8,107,18,2,20,127
02/01/2006,PHF,VA,AEA,EN,Towers with Radar,22,58,32,8,120,0,0,123,91,214,22,58,155,99,334,198,152,350,684
02/02/2006,PHF,VA,AEA,EN,Towers with Radar,23,56,43,6,128,0,2,133,33,168,23,58,176,39,296,256,120,376,672
02/03/2006,PHF,VA,AEA,EN,Towers with Radar,20,63,40,7,130,0,0,117,21,138,20,63,157,28,268,164,98,262,530
02/04/2006,PHF,VA,AEA,EN,Towers with Radar,24,55,19,3,101,0,1,52,7,60,24,56,71,10,161,122,0,122,283
02/05/2006,PHF,VA,AEA,EN,Towers with Radar,22,35,21,1,79,0,0,39,2,41,22,35,60,3,120,42,0,42,162
02/06/2006,PHF,VA,AEA,EN,Towers with Radar,21,56,27,2,106,0,0,204,31,235,21,56,231,33,341,192,112,304,645
02/07/2006,PHF,VA,AEA,EN,Towers with Radar,23,76,31,5,135,0,0,134,13,147,23,76,165,18,282,242,118,360,642
02/08/2006,PHF,VA,AEA,EN,Towers with Radar,14,53,38,15,120,0,2,183,10,195,14,55,221,25,315,164,76,240,555
02/09/2006,PHF,VA,AEA,EN,Towers with Radar,24,53,26,7,110,0,0,198,132,330,24,53,224,139,440,368,218,586,1026
02/10/2006,PHF,VA,AEA,EN,Towers with Radar,23,75,51,12,161,0,0,65,26,91,23,75,116,38,252,176,78,254,506
02/11/2006,PHF,VA,AEA,EN,Towers with Radar,19,35,11,2,67,1,1,14,2,18,20,36,25,4,85,104,0,104,189
02/12/2006,PHF,VA,AEA,EN,Towers with Radar,28,43,21,3,95,0,0,25,2,27,28,43,46,5,122,10,0,10,132
02/13/2006,PHF,VA,AEA,EN,Towers with Radar,19,69,37,21,146,0,0,194,38,232,19,69,231,59,378,308,216,524,902
02/14/2006,PHF,VA,AEA,EN,Towers with Radar,23,50,20,7,100,0,2,1854,44,1900,23,52,1874,51,2000,176,130,306,2306
02/15/2006,PHF,VA,AEA,EN,Towers with Radar,21,51,27,3,102,0,2,128,27,157,21,53,155,30,259,160,0,160,419
02/16/2006,PHF,VA,AEA,EN,Towers with Radar,19,52,42,12,125,0,0,68,14,82,19,52,110,26,207,122,22,144,351
02/17/2006,PHF,VA,AEA,EN,Towers with Radar,19,52,35,1,107,0,0,110,80,190,19,52,145,81,297,172,72,244,541
02/18/2006,PHF,VA,AEA,EN,Towers with Radar,25,30,13,0,68,0,0,15,0,15,25,30,28,0,83,26,0,26,109
02/19/2006,PHF,VA,AEA,EN,Towers with Radar,23,36,11,0,70,0,0,229,0,229,23,36,240,0,299,226,0,226,525
02/20/2006,PHF,VA,AEA,EN,Towers with Radar,23,37,25,0,85,0,0,191,28,219,23,37,216,28,304,282,110,392,696
02/21/2006,PHF,VA,AEA,EN,Towers with Radar,22,61,12,2,97,0,0,131,56,187,22,61,143,58,284,240,74,314,598
02/22/2006,PHF,VA,AEA,EN,Towers with Radar,21,47,25,6,99,0,0,191,36,227,21,47,216,42,326,238,78,316,642
02/23/2006,PHF,VA,AEA,EN,Towers with Radar,22,71,27,2,122,0,0,55,54,109,22,71,82,56,231,130,186,316,547
02/24/2006,PHF,VA,AEA,EN,Towers with Radar,23,79,47,6,155,0,0,126,33,159,23,79,173,39,314,220,148,368,682
02/25/2006,PHF,VA,AEA,EN,Towers with Radar,23,79,15,18,135,0,1,60,7,68,23,80,75,25,203,138,0,138,341
02/26/2006,PHF,VA,AEA,EN,Towers with Radar,19,62,16,10,107,0,0,67,2,69,19,62,83,12,176,54,0,54,230
02/27/2006,PHF,VA,AEA,EN,Towers with Radar,20,48,27,35,130,0,0,268,68,336,20,48,295,103,466,291,240,531,997
02/28/2006,PHF,VA,AEA,EN,Towers with Radar,22,66,20,20,128,1,0,179,39,219,23,66,199,59,347,224,102,326,673
03/01/2006,PHF,VA,AEA,EN,Towers with Radar,20,61,31,11,123,0,0,229,66,295,20,61,260,77,418,280,218,498,916
03/02/2006,PHF,VA,AEA,EN,Towers with Radar,25,58,26,20,129,1,0,89,61,151,26,58,115,81,280,172,222,394,674
03/03/2006,PHF,VA,AEA,EN,Towers with Radar,29,60,52,9,150,0,2,103,14,119,29,62,155,23,269,170,0,170,439
03/04/2006,PHF,VA,AEA,EN,Towers with Radar,25,59,21,2,107,0,0,68,0,68,25,59,89,2,175,192,6,198,373
03/05/2006,PHF,VA,AEA,EN,Towers with Radar,23,39,25,0,87,0,0,111,0,111,23,39,136,0,198,252,0,252,450
03/06/2006,PHF,VA,AEA,EN,Towers with Radar,21,49,33,7,110,0,0,75,18,93,21,49,108,25,203,124,38,162,365
03/07/2006,PHF,VA,AEA,EN,Towers with Radar,16,67,26,5,114,0,0,197,60,257,16,67,223,65,371,344,158,502,873
03/08/2006,PHF,VA,AEA,EN,Towers with Radar,21,65,46,10,142,0,3,219,14,236,21,68,265,24,378,192,110,302,680
03/09/2006,PHF,VA,AEA,EN,Towers with Radar,27,56,36,8,127,0,0,94,32,126,27,56,130,40,253,226,180,406,659
03/10/2006,PHF,VA,AEA,EN,Towers with Radar,19,63,49,1,132,0,0,103,24,127,19,63,152,25,259,174,86,260,519
03/11/2006,PHF,VA,AEA,EN,Towers with Radar,21,38,29,4,92,0,0,174,31,205,21,38,203,35,297,328,100,428,725
03/12/2006,PHF,VA,AEA,EN,Towers with Radar,29,25,42,0,96,204,0,272,10,486,233,25,314,10,582,314,10,324,906
03/13/2006,PHF,VA,AEA,EN,Towers with Radar,22,35,30,23,110,0,0,264,54,318,22,35,294,77,428,350,176,526,954
03/14/2006,PHF,VA,AEA,EN,Towers with Radar,25,49,16,3,93,0,6,284,25,315,25,55,300,28,408,198,78,276,684
03/15/2006,PHF,VA,AEA,EN,Towers with Radar,24,49,33,0,106,0,2,111,12,125,24,51,144,12,231,34,0,34,265
03/16/2006,PHF,VA,AEA,EN,Towers with Radar,29,85,46,53,213,0,5,175,90,270,29,90,221,143,483,310,256,566,1049
03/17/2006,PHF,VA,AEA,EN,Towers with Radar,30,66,44,24,164,0,2,156,57,215,30,68,200,81,379,310,298,608,987
03/18/2006,PHF,VA,AEA,EN,Towers with Radar,32,47,28,1,108,0,0,71,0,71,32,47,99,1,179,220,0,220,399
03/19/2006,PHF,VA,AEA,EN,Towers with Radar,27,39,32,3,101,0,0,184,2,186,27,39,216,5,287,266,0,266,553
03/20/2006,PHF,VA,AEA,EN,Towers with Radar,23,43,32,24,122,0,0,218,57,275,23,43,250,81,397,316,316,632,1029
03/21/2006,PHF,VA,AEA,EN,Towers with Radar,24,48,22,2,96,0,0,47,0,47,24,48,69,2,143,12,14,26,169
03/22/2006,PHF,VA,AEA,EN,Towers with Radar,24,61,33,29,147,0,1,72,33,106,24,62,105,62,253,22,178,200,453
03/23/2006,PHF,VA,AEA,EN,Towers with Radar,26,64,20,7,117,0,0,110,50,160,26,64,130,57,277,212,164,376,653
03/24/2006,PHF,VA,AEA,EN,Towers with Radar,24,53,43,12,132,0,0,53,8,61,24,53,96,20,193,74,4,78,271
03/25/2006,PHF,VA,AEA,EN,Towers with Radar,21,36,29,7,93,0,0,35,12,47,21,36,64,19,140,82,10,92,232
03/26/2006,PHF,VA,AEA,EN,Towers with Radar,23,34,19,0,76,0,0,183,0,183,23,34,202,0,259,256,0,256,515
03/27/2006,PHF,VA,AEA,EN,Towers with Radar,30,52,46,18,146,0,0,253,68,321,30,52,299,86,467,374,270,644,1111
03/28/2006,PHF,VA,AEA,EN,Towers with Radar,22,43,29,7,101,0,0,232,52,284,22,43,261,59,385,372,176,548,933
03/29/2006,PHF,VA,AEA,EN,Towers with Radar,22,55,34,12,123,0,1,208,9,218,22,56,242,21,341,300,214,514,855
03/30/2006,PHF,VA,AEA,EN,Towers with Radar,21,66,38,30,155,0,11,159,46,216,21,77,197,76,371,230,80,310,681
03/31/2006,PHF,VA,AEA,EN,Towers with Radar,25,40,38,40,143,0,0,121,71,192,25,40,159,111,335,260,270,530,865
04/01/2006,PHF,VA,AEA,EN,Towers with Radar,21,49,14,12,96,0,0,90,14,104,21,49,104,26,200,208,30,238,438
04/02/2006,PHF,VA,AEA,EN,Towers with Radar,26,43,31,7,107,0,0,178,22,200,26,43,209,29,307,234,42,276,583
04/03/2006,PHF,VA,AEA,EN,Towers with Radar,23,42,27,4,96,0,0,136,14,150,23,42,163,18,246,132,46,178,424
04/04/2006,PHF,VA,AEA,EN,Towers with Radar,29,47,29,17,122,0,0,253,71,324,29,47,282,88,446,326,214,540,986
04/05/2006,PHF,VA,AEA,EN,Towers with Radar,20,47,39,10,116,0,0,269,32,301,20,47,308,42,417,328,176,504,921
04/06/2006,PHF,VA,AEA,EN,Towers with Radar,26,58,80,19,183,0,0,189,157,346,26,58,269,176,529,360,402,762,1291
04/07/2006,PHF,VA,AEA,EN,Towers with Radar,30,46,41,2,119,0,0,177,65,242,30,46,218,67,361,316,290,606,967
04/08/2006,PHF,VA,AEA,EN,Towers with Radar,22,40,27,8,97,0,0,104,14,118,22,40,131,22,215,190,48,238,453
04/09/2006,PHF,VA,AEA,EN,Towers with Radar,27,42,31,2,102,0,0,138,5,143,27,42,169,7,245,276,42,318,563
04/10/2006,PHF,VA,AEA,EN,Towers with Radar,28,43,36,16,123,0,0,230,74,304,28,43,266,90,427,366,270,636,1063
04/11/2006,PHF,VA,AEA,EN,Towers with Radar,22,53,31,11,117,0,0,362,53,415,22,53,393,64,532,466,160,626,1158
04/12/2006,PHF,VA,AEA,EN,Towers with Radar,24,40,53,8,125,0,8,140,72,220,24,48,193,80,345,226,296,522,867
04/13/2006,PHF,VA,AEA,EN,Towers with Radar,24,62,54,27,167,0,4,138,69,211,24,66,192,96,378,272,226,498,876
04/14/2006,PHF,VA,AEA,EN,Towers with Radar,25,81,35,37,178,0,0,73,28,101,25,81,108,65,279,228,236,464,743
04/15/2006,PHF,VA,AEA,EN,Towers with Radar,26,61,28,69,184,0,0,96,3,99,26,61,124,72,283,222,40,262,545
04/16/2006,PHF,VA,AEA,EN,Towers with Radar,29,46,15,4,94,0,0,115,0,115,29,46,130,4,209,158,0,158,367
04/17/2006,PHF,VA,AEA,EN,Towers with Radar,26,40,33,5,104,0,0,44,0,44,26,40,77,5,148,30,0,30,178
04/18/2006,PHF,VA,AEA,EN,Towers with Radar,24,48,33,15,120,0,0,279,77,356,24,48,312,92,476,338,158,496,972
04/19/2006,PHF,VA,AEA,EN,Towers with Radar,18,51,39,18,126,1,1,217,32,251,19,52,256,50,377,272,104,376,753
04/20/2006,PHF,VA,AEA,EN,Towers with Radar,31,44,43,6,124,0,0,84,62,146,31,44,127,68,270,288,232,520,790
04/21/2006,PHF,VA,AEA,EN,Towers with Radar,27,44,25,5,101,0,0,79,18,97,27,44,104,23,198,170,58,228,426
04/22/2006,PHF,VA,AEA,EN,Towers with Radar,25,56,24,5,110,0,0,65,0,65,25,56,89,5,175,80,0,80,255
04/23/2006,PHF,VA,AEA,EN,Towers with Radar,33,43,48,19,143,0,0,163,35,198,33,43,211,54,341,248,134,382,723
04/24/2006,PHF,VA,AEA,EN,Towers with Radar,25,44,59,9,137,0,0,255,70,325,25,44,314,79,462,328,174,502,964
04/25/2006,PHF,VA,AEA,EN,Towers with Radar,24,46,23,5,98,0,0,49,46,95,24,46,72,51,193,68,0,68,261
04/26/2006,PHF,VA,AEA,EN,Towers with Radar,22,44,40,7,113,0,0,91,38,129,22,44,131,45,242,112,178,290,532
04/27/2006,PHF,VA,AEA,EN,Towers with Radar,27,44,50,53,174,0,0,148,100,248,27,44,198,153,422,336,168,504,926
04/28/2006,PHF,VA,AEA,EN,Towers with Radar,25,44,36,26,131,0,0,105,28,133,25,44,141,54,264,240,172,412,676
04/29/2006,PHF,VA,AEA,EN,Towers with Radar,24,33,28,0,85,0,0,89,0,89,24,33,117,0,174,170,0,170,344
04/30/2006,PHF,VA,AEA,EN,Towers with Radar,27,48,26,0,101,0,0,264,0,264,27,48,290,0,365,286,0,286,651
05/01/2006,PHF,VA,AEA,EN,Towers with Radar,26,57,26,4,113,0,0,192,56,248,26,57,218,60,361,298,152,450,811
05/02/2006,PHF,VA,AEA,EN,Towers with Radar,27,59,17,9,112,0,0,249,87,336,27,59,266,96,448,406,202,608,1056
05/03/2006,PHF,VA,AEA,EN,Towers with Radar,23,61,47,14,145,0,1,153,16,170,23,62,200,30,315,368,16,384,699
05/04/2006,PHF,VA,AEA,EN,Towers with Radar,30,67,70,12,179,0,0,163,98,261,30,67,233,110,440,296,298,594,1034
05/05/2006,PHF,VA,AEA,EN,Towers with Radar,29,52,47,20,148,0,0,150,77,227,29,52,197,97,375,356,216,572,947
05/06/2006,PHF,VA,AEA,EN,Towers with Radar,27,51,73,13,164,0,0,125,31,156,27,51,198,44,320,312,92,404,724
05/07/2006,PHF,VA,AEA,EN,Towers with Radar,32,54,73,13,172,0,2,194,52,248,32,56,267,65,420,314,130,444,864
05/08/2006,PHF,VA,AEA,EN,Towers with Radar,27,53,28,8,116,0,0,64,32,96,27,53,92,40,212,88,30,118,330
05/09/2006,PHF,VA,AEA,EN,Towers with Radar,24,48,27,8,107,0,0,164,56,220,24,48,191,64,327,198,180,378,705
05/10/2006,PHF,VA,AEA,EN,Towers with Radar,25,48,61,6,140,0,0,164,96,260,25,48,225,102,400,246,148,394,794
05/11/2006,PHF,VA,AEA,EN,Towers with Radar,27,51,55,60,193,0,0,109,82,191,27,51,164,142,384,226,232,458,842
05/12/2006,PHF,VA,AEA,EN,Towers with Radar,29,63,36,29,157,0,0,106,52,158,29,63,142,81,315,194,174,368,683
05/13/2006,PHF,VA,AEA,EN,Towers with Radar,29,42,28,7,106,0,0,111,25,136,29,42,139,32,242,256,54,310,552
05/14/2006,PHF,VA,AEA,EN,Towers with Radar,31,67,31,4,133,0,0,160,0,160,31,67,191,4,293,278,0,278,571
05/15/2006,PHF,VA,AEA,EN,Towers with Radar,32,62,41,2,137,0,0,174,2,176,32,62,215,4,313,236,0,236,549
05/16/2006,PHF,VA,AEA,EN,Towers with Radar,26,63,23,22,134,0,0,213,106,319,26,63,236,128,453,308,222,530,983
05/17/2006,PHF,VA,AEA,EN,Towers with Radar,27,46,55,17,145,0,0,120,20,140,27,46,175,37,285,230,110,340,625
05/18/2006,PHF,VA,AEA,EN,Towers with Radar,30,52,36,2,120,0,0,174,80,254,30,52,210,82,374,224,194,418,792
05/19/2006,PHF,VA,AEA,EN,Towers with Radar,28,63,43,2,136,0,2,133,41,176,28,65,176,43,312,220,250,470,782
05/20/2006,PHF,VA,AEA,EN,Towers with Radar,36,45,28,0,109,0,0,49,0,49,36,45,77,0,158,140,0,140,298
05/21/2006,PHF,VA,AEA,EN,Towers with Radar,33,40,35,4,112,0,0,155,18,173,33,40,190,22,285,306,0,306,591
05/22/2006,PHF,VA,AEA,EN,Towers with Radar,32,69,25,12,138,0,0,200,51,251,32,69,225,63,389,298,188,486,875
05/23/2006,PHF,VA,AEA,EN,Towers with Radar,25,72,41,50,188,0,0,247,110,357,25,72,288,160,545,314,226,540,1085
05/24/2006,PHF,VA,AEA,EN,Towers with Radar,26,56,68,46,196,0,0,256,96,352,26,56,324,142,548,318,262,580,1128
05/25/2006,PHF,VA,AEA,EN,Towers with Radar,28,66,60,23,177,0,2,101,36,139,28,68,161,59,316,262,172,434,750
05/26/2006,PHF,VA,AEA,EN,Towers with Radar,29,63,85,31,208,0,0,111,10,121,29,63,196,41,329,238,180,418,747
05/27/2006,PHF,VA,AEA,EN,Towers with Radar,29,40,21,1,91,0,0,42,1,43,29,40,63,2,134,72,0,72,206
05/28/2006,PHF,VA,AEA,EN,Towers with Radar,22,36,11,0,69,0,0,151,0,151,22,36,162,0,220,302,0,302,522
05/29/2006,PHF,VA,AEA,EN,Towers with Radar,25,37,18,0,80,0,0,75,0,75,25,37,93,0,155,80,0,80,235
05/30/2006,PHF,VA,AEA,EN,Towers with Radar,25,49,24,15,113,0,0,166,16,182,25,49,190,31,295,290,80,370,665
05/31/2006,PHF,VA,AEA,EN,Towers with Radar,27,57,41,25,150,0,0,213,49,262,27,57,254,74,412,308,294,602,1014
06/01/2006,PHF,VA,AEA,EN,Towers with Radar,29,63,43,30,165,0,0,227,48,275,29,63,270,78,440,368,336,704,1144
06/02/2006,PHF,VA,AEA,EN,Towers with Radar,27,72,43,50,192,0,0,220,70,290,27,72,263,120,482,352,320,672,1154
06/03/2006,PHF,VA,AEA,EN,Towers with Radar,35,59,33,11,138,0,0,15,7,22,35,59,48,18,160,6,6,12,172
06/04/2006,PHF,VA,AEA,EN,Towers with Radar,32,64,34,18,148,0,0,207,8,215,32,64,241,26,363,300,20,320,683
06/05/2006,PHF,VA,AEA,EN,Towers with Radar,25,58,49,29,161,0,0,148,67,215,25,58,197,96,376,308,272,580,956
06/06/2006,PHF,VA,AEA,EN,Towers with Radar,24,55,33,19,131,0,0,229,24,253,24,55,262,43,384,292,150,442,826
06/07/2006,PHF,VA,AEA,EN,Towers with Radar,26,60,45,26,157,0,0,138,50,188,26,60,183,76,345,218,298,516,861
06/08/2006,PHF,VA,AEA,EN,Towers with Radar,27,61,43,38,169,0,2,191,24,217,27,63,234,62,386,302,200,502,888
06/09/2006,PHF,VA,AEA,EN,Towers with Radar,37,69,60,23,189,0,0,170,39,209,37,69,230,62,398,270,182,452,850
06/10/2006,PHF,VA,AEA,EN,Towers with Radar,27,34,33,2,96,0,0,81,0,81,27,34,114,2,177,178,0,178,355
06/11/2006,PHF,VA,AEA,EN,Towers with Radar,28,52,44,3,127,0,0,214,6,220,28,52,258,9,347,320,0,320,667
06/12/2006,PHF,VA,AEA,EN,Towers with Radar,27,34,36,17,114,0,0,14,38,52,27,34,50,55,166,8,18,26,192
06/13/2006,PHF,VA,AEA,EN,Towers with Radar,31,54,50,19,154,0,0,202,49,251,31,54,252,68,405,400,166,566,971
06/14/2006,PHF,VA,AEA,EN,Towers with Radar,28,51,29,16,124,0,0,0,6,6,28,51,29,22,130,0,6,6,136
06/15/2006,PHF,VA,AEA,EN,Towers with Radar,32,50,45,22,149,2,0,241,38,281,34,50,286,60,430,270,110,380,810
06/16/2006,PHF,VA,AEA,EN,Towers with Radar,29,54,53,48,184,0,0,303,83,386,29,54,356,131,570,396,282,678,1248
06/17/2006,PHF,VA,AEA,EN,Towers with Radar,39,40,43,7,129,0,0,136,34,170,39,40,179,41,299,296,256,552,851
06/18/2006,PHF,VA,AEA,EN,Towers with Radar,38,42,36,2,118,0,0,124,24,148,38,42,160,26,266,238,20,258,524
06/19/2006,PHF,VA,AEA,EN,Towers with Radar,31,39,30,31,131,0,0,164,38,202,31,39,194,69,333,240,64,304,637
06/20/2006,PHF,VA,AEA,EN,Towers with Radar,29,58,26,17,130,0,0,245,24,269,29,58,271,41,399,394,0,394,793
06/21/2006,PHF,VA,AEA,EN,Towers with Radar,29,60,44,28,161,0,4,208,80,292,29,64,252,108,453,402,300,702,1155
06/22/2006,PHF,VA,AEA,EN,Towers with Radar,30,50,26,23,129,0,3,136,37,176,30,53,162,60,305,260,140,400,705
06/23/2006,PHF,VA,AEA,EN,Towers with Radar,28,37,32,26,123,0,1,108,37,146,28,38,140,63,269,214,120,334,603
06/24/2006,PHF,VA,AEA,EN,Towers with Radar,33,46,24,0,103,0,0,188,8,196,33,46,212,8,299,320,0,320,619
06/25/2006,PHF,VA,AEA,EN,Towers with Radar,24,43,14,4,85,216,0,32,0,248,240,43,46,4,333,62,0,62,395
06/26/2006,PHF,VA,AEA,EN,Towers with Radar,28,37,19,10,94,0,0,39,4,43,28,37,58,14,137,12,0,12,149
06/27/2006,PHF,VA,AEA,EN,Towers with Radar,28,55,44,28,155,0,0,0,6,6,28,55,44,34,161,0,0,0,161
06/28/2006,PHF,VA,AEA,EN,Towers with Radar,39,55,45,23,162,0,2,193,70,265,39,57,238,93,427,366,282,648,1075
06/29/2006,PHF,VA,AEA,EN,Towers with Radar,37,54,56,20,167,0,0,177,22,199,37,54,233,42,366,306,122,428,794
06/30/2006,PHF,VA,AEA,EN,Towers with Radar,35,61,79,17,192,0,0,130,23,153,35,61,209,40,345,168,0,168,513
07/01/2006,PHF,VA,AEA,EN,Towers with Radar,32,29,36,1,98,1,0,75,10,86,33,29,111,11,184,124,18,142,326
07/02/2006,PHF,VA,AEA,EN,Towers with Radar,28,31,25,2,86,0,0,132,0,132,28,31,157,2,218,330,0,330,548
07/03/2006,PHF,VA,AEA,EN,Towers with Radar,28,40,32,0,100,0,0,142,0,142,28,40,174,0,242,334,54,388,630
07/04/2006,PHF,VA,AEA,EN,Towers with Radar,25,33,9,0,67,0,0,183,0,183,25,33,192,0,250,346,0,346,596
07/05/2006,PHF,VA,AEA,EN,Towers with Radar,26,29,30,11,96,0,0,70,34,104,26,29,100,45,200,124,60,184,384
07/06/2006,PHF,VA,AEA,EN,Towers with Radar,38,43,30,21,132,1,0,23,34,58,39,43,53,55,190,20,128,148,338
07/07/2006,PHF,VA,AEA,EN,Towers with Radar,37,52,79,49,217,0,0,194,68,262,37,52,273,117,479,338,254,592,1071
07/08/2006,PHF,VA,AEA,EN,Towers with Radar,29,36,39,9,113,0,0,101,3,104,29,36,140,12,217,282,132,414,631
07/09/2006,PHF,VA,AEA,EN,Towers with Radar,34,35,27,9,105,0,0,187,0,187,34,35,214,9,292,330,0,330,622
07/10/2006,PHF,VA,AEA,EN,Towers with Radar,26,44,33,15,118,0,0,115,49,164,26,44,148,64,282,300,118,418,700
07/11/2006,PHF,VA,AEA,EN,Towers with Radar,31,43,37,19,130,0,0,227,24,251,31,43,264,43,381,286,134,420,801
07/12/2006,PHF,VA,AEA,EN,Towers with Radar,25,42,35,43,145,0,0,241,54,295,25,42,276,97,440,362,210,572,1012
07/13/2006,PHF,VA,AEA,EN,Towers with Radar,34,48,41,25,148,0,0,101,48,149,34,48,142,73,297,180,122,302,599
07/14/2006,PHF,VA,AEA,EN,Towers with Radar,34,39,44,19,136,1,0,85,29,115,35,39,129,48,251,196,86,282,533
07/15/2006,PHF,VA,AEA,EN,Towers with Radar,27,30,31,1,89,0,0,5,0,5,27,30,36,1,94,0,0,0,94
07/16/2006,PHF,VA,AEA,EN,Towers with Radar,35,35,27,4,101,0,2,181,0,183,35,37,208,4,284,315,0,315,599
07/17/2006,PHF,VA,AEA,EN,Towers with Radar,38,43,28,17,126,0,0,244,82,326,38,43,272,99,452,356,144,500,952
07/18/2006,PHF,VA,AEA,EN,Towers with Radar,28,42,33,20,123,0,0,168,32,200,28,42,201,52,323,234,0,234,557
07/19/2006,PHF,VA,AEA,EN,Towers with Radar,33,61,49,21,164,0,0,198,70,268,33,61,247,91,432,318,264,582,1014
07/20/2006,PHF,VA,AEA,EN,Towers with Radar,36,52,51,50,189,0,2,156,96,254,36,54,207,146,443,288,200,488,931
07/21/2006,PHF,VA,AEA,EN,Towers with Radar,35,60,69,61,225,0,0,140,104,244,35,60,209,165,469,308,226,534,1003
07/22/2006,PHF,VA,AEA,EN,Towers with Radar,36,45,19,11,111,0,0,45,4,49,36,45,64,15,160,60,28,88,248
07/23/2006,PHF,VA,AEA,EN,Towers with Radar,33,61,41,18,153,0,0,179,14,193,33,61,220,32,346,294,120,414,760
07/24/2006,PHF,VA,AEA,EN,Towers with Radar,37,66,52,30,185,0,0,255,96,351,37,66,307,126,536,376,268,644,1180
07/25/2006,PHF,VA,AEA,EN,Towers with Radar,32,66,27,39,164,0,0,152,46,198,32,66,179,85,362,344,240,584,946
07/26/2006,PHF,VA,AEA,EN,Towers with Radar,24,56,43,53,176,5,1,153,109,268,29,57,196,162,444,298,272,570,1014
07/27/2006,PHF,VA,AEA,EN,Towers with Radar,28,64,49,30,171,0,4,163,104,271,28,68,212,134,442,330,350,680,1122
07/28/2006,PHF,VA,AEA,EN,Towers with Radar,36,59,41,31,167,0,0,204,52,256,36,59,245,83,423,396,294,690,1113
07/29/2006,PHF,VA,AEA,EN,Towers with Radar,42,45,22,1,110,0,0,90,10,100,42,45,112,11,210,134,0,134,344
07/30/2006,PHF,VA,AEA,EN,Towers with Radar,30,40,22,0,92,0,0,79,0,79,30,40,101,0,171,86,0,86,257
07/31/2006,PHF,VA,AEA,EN,Towers with Radar,29,50,25,7,111,0,0,162,66,228,29,50,187,73,339,338,336,674,1013
08/01/2006,PHF,VA,AEA,EN,Towers with Radar,28,48,27,6,109,0,0,212,64,276,28,48,239,70,385,334,182,516,901
08/02/2006,PHF,VA,AEA,EN,Towers with Radar,32,38,26,7,103,0,0,105,54,159,32,38,131,61,262,132,56,188,450
08/03/2006,PHF,VA,AEA,EN,Towers with Radar,31,65,42,25,163,0,2,86,73,161,31,67,128,98,324,316,170,486,810
08/04/2006,PHF,VA,AEA,EN,Towers with Radar,39,39,30,34,142,1,1,105,69,176,40,40,135,103,318,196,138,334,652
08/05/2006,PHF,VA,AEA,EN,Towers with Radar,29,28,27,0,84,0,0,42,0,42,29,28,69,0,126,78,0,78,204
08/06/2006,PHF,VA,AEA,EN,Towers with Radar,30,41,16,0,87,0,0,56,6,62,30,41,72,6,149,116,0,116,265
08/07/2006,PHF,VA,AEA,EN,Towers with Radar,30,32,28,3,93,0,0,175,37,212,30,32,203,40,305,288,206,494,799
08/08/2006,PHF,VA,AEA,EN,Towers with Radar,33,56,28,25,142,0,0,188,64,252,33,56,216,89,394,306,200,506,900
08/09/2006,PHF,VA,AEA,EN,Towers with Radar,27,55,33,7,122,0,0,98,75,173,27,55,131,82,295,180,164,344,639
08/10/2006,PHF,VA,AEA,EN,Towers with Radar,31,51,40,14,136,0,0,167,82,249,31,51,207,96,385,274,316,590,975
08/11/2006,PHF,VA,AEA,EN,Towers with Radar,49,52,29,0,130,0,0,30,0,30,49,52,59,0,160,80,8,88,248
08/12/2006,PHF,VA,AEA,EN,Towers with Radar,37,33,18,3,91,0,0,16,0,16,37,33,34,3,107,80,0,80,187
08/13/2006,PHF,VA,AEA,EN,Towers with Radar,31,48,36,0,115,0,0,82,0,82,31,48,118,0,197,83,0,83,280
08/14/2006,PHF,VA,AEA,EN,Towers with Radar,30,45,37,17,129,0,0,136,63,199,30,45,173,80,328,234,160,394,722
08/15/2006,PHF,VA,AEA,EN,Towers with Radar,26,47,20,3,96,0,0,138,47,185,26,47,158,50,281,156,138,294,575
08/16/2006,PHF,VA,AEA,EN,Towers with Radar,36,61,37,5,139,0,0,254,98,352,36,61,291,103,491,302,194,496,987
08/17/2006,PHF,VA,AEA,EN,Towers with Radar,33,54,22,50,159,0,0,144,95,239,33,54,166,145,398,332,238,570,968
08/18/2006,PHF,VA,AEA,EN,Towers with Radar,28,57,43,23,151,0,0,138,52,190,28,57,181,75,341,366,294,660,1001
08/19/2006,PHF,VA,AEA,EN,Towers with Radar,36,33,27,2,98,0,0,71,2,73,36,33,98,4,171,126,0,126,297
08/20/2006,PHF,VA,AEA,EN,Towers with Radar,30,39,11,2,82,0,0,61,0,61,30,39,72,2,143,64,10,74,217
08/21/2006,PHF,VA,AEA,EN,Towers with Radar,36,58,25,8,127,0,0,195,22,217,36,58,220,30,344,254,50,304,648
08/22/2006,PHF,VA,AEA,EN,Towers with Radar,37,64,40,27,168,0,0,234,65,299,37,64,274,92,467,320,226,546,1013
08/23/2006,PHF,VA,AEA,EN,Towers with Radar,29,67,32,5,133,0,0,183,78,261,29,67,215,83,394,314,222,536,930
08/24/2006,PHF,VA,AEA,EN,Towers with Radar,34,66,71,5,176,0,0,241,102,343,34,66,312,107,519,351,274,625,1144
08/25/2006,PHF,VA,AEA,EN,Towers with Radar,36,47,48,52,183,0,0,177,86,263,36,47,225,138,446,408,288,696,1142
08/26/2006,PHF,VA,AEA,EN,Towers with Radar,36,36,22,0,94,0,0,60,0,60,36,36,82,0,154,135,0,135,289
08/27/2006,PHF,VA,AEA,EN,Towers with Radar,26,41,17,1,85,0,0,83,8,91,26,41,100,9,176,110,0,110,286
08/28/2006,PHF,VA,AEA,EN,Towers with Radar,37,46,40,11,134,0,0,184,57,241,37,46,224,68,375,310,206,516,891
08/29/2006,PHF,VA,AEA,EN,Towers with Radar,27,32,25,7,91,0,0,174,67,241,27,32,199,74,332,236,218,454,786
08/30/2006,PHF,VA,AEA,EN,Towers with Radar,26,55,55,24,160,0,1,105,83,189,26,56,160,107,349,136,154,290,639
08/31/2006,PHF,VA,AEA,EN,Towers with Radar,29,47,41,4,121,0,0,99,3,102,29,47,140,7,223,202,0,202,425
09/01/2006,PHF,VA,AEA,EN,Towers with Radar,10,13,8,0,31,4,0,0,0,4,14,13,8,0,35,0,0,0,35
09/02/2006,PHF,VA,AEA,EN,Towers with Radar,28,34,17,0,79,0,0,30,0,30,28,34,47,0,109,18,0,18,127
09/03/2006,PHF,VA,AEA,EN,Towers with Radar,26,33,15,1,75,0,0,73,8,81,26,33,88,9,156,184,0,184,340
09/04/2006,PHF,VA,AEA,EN,Towers with Radar,29,32,15,2,78,0,0,99,2,101,29,32,114,4,179,204,0,204,383
09/05/2006,PHF,VA,AEA,EN,Towers with Radar,29,49,34,8,120,0,0,163,48,211,29,49,197,56,331,334,102,436,767
09/06/2006,PHF,VA,AEA,EN,Towers with Radar,29,57,40,7,133,0,0,260,42,302,29,57,300,49,435,414,224,638,1073
09/07/2006,PHF,VA,AEA,EN,Towers with Radar,30,59,50,6,145,0,0,133,129,262,30,59,183,135,407,386,290,676,1083
09/08/2006,PHF,VA,AEA,EN,Towers with Radar,34,55,57,33,179,0,0,131,53,184,34,55,188,86,363,194,184,378,741
09/09/2006,PHF,VA,AEA,EN,Towers with Radar,30,27,35,1,93,0,0,167,37,204,30,27,202,38,297,308,124,432,729
09/10/2006,PHF,VA,AEA,EN,Towers with Radar,24,42,48,1,115,0,0,278,0,278,24,42,326,1,393,402,0,402,795
09/11/2006,PHF,VA,AEA,EN,Towers with Radar,30,39,27,4,100,0,0,88,49,137,30,39,115,53,237,192,124,316,553
09/12/2006,PHF,VA,AEA,EN,Towers with Radar,22,50,34,9,115,0,0,172,64,236,22,50,206,73,351,322,214,536,887
09/13/2006,PHF,VA,AEA,EN,Towers with Radar,29,57,48,7,141,0,0,161,76,237,29,57,209,83,378,316,240,556,934
09/14/2006,PHF,VA,AEA,EN,Towers with Radar,27,45,29,19,120,0,0,24,43,67,27,45,53,62,187,110,42,152,339
09/15/2006,PHF,VA,AEA,EN,Towers with Radar,29,57,42,4,132,0,1,159,69,229,29,58,201,73,361,288,180,468,829
09/16/2006,PHF,VA,AEA,EN,Towers with Radar,35,43,23,6,107,0,0,91,15,106,35,43,114,21,213,142,0,142,355
09/17/2006,PHF,VA,AEA,EN,Towers with Radar,29,45,34,5,113,0,0,142,7,149,29,45,176,12,262,280,6,286,548
09/18/2006,PHF,VA,AEA,EN,Towers with Radar,26,43,40,7,116,0,0,232,54,286,26,43,272,61,402,314,204,518,920
09/19/2006,PHF,VA,AEA,EN,Towers with Radar,27,40,23,0,90,0,2,122,32,156,27,42,145,32,246,290,274,564,810
09/20/2006,PHF,VA,AEA,EN,Towers with Radar,29,66,47,13,155,0,1,168,49,218,29,67,215,62,373,290,118,408,781
09/21/2006,PHF,VA,AEA,EN,Towers with Radar,33,66,59,7,165,0,0,202,135,337,33,66,261,142,502,430,354,784,1286
09/22/2006,PHF,VA,AEA,EN,Towers with Radar,32,69,47,11,159,0,2,177,68,247,32,71,224,79,406,296,262,558,964
09/23/2006,PHF,VA,AEA,EN,Towers with Radar,28,30,20,0,78,0,0,82,13,95,28,30,102,13,173,146,24,170,343
09/24/2006,PHF,VA,AEA,EN,Towers with Radar,25,44,16,4,89,0,0,178,13,191,25,44,194,17,280,324,16,340,620
09/25/2006,PHF,VA,AEA,EN,Towers with Radar,30,39,32,23,124,0,0,227,79,306,30,39,259,102,430,282,178,460,890
09/26/2006,PHF,VA,AEA,EN,Towers with Radar,25,42,32,6,105,0,2,282,2,286,25,44,314,8,391,302,94,396,787
09/27/2006,PHF,VA,AEA,EN,Towers with Radar,30,40,67,5,142,0,0,127,75,202,30,40,194,80,344,238,124,362,706
09/28/2006,PHF,VA,AEA,EN,Towers with Radar,27,55,27,6,115,0,3,130,39,172,27,58,157,45,287,158,94,252,539
09/29/2006,PHF,VA,AEA,EN,Towers with Radar,28,61,50,18,157,0,0,121,53,174,28,61,171,71,331,112,38,150,481
09/30/2006,PHF,VA,AEA,EN,Towers with Radar,34,49,32,0,115,0,0,132,0,132,34,49,164,0,247,266,88,354,601
10/01/2006,PHF,VA,AEA,EN,Towers with Radar,30,58,18,0,106,0,0,101,0,101,30,58,119,0,207,322,0,322,529
10/02/2006,PHF,VA,AEA,EN,Towers with Radar,42,43,40,7,132,0,0,181,62,243,42,43,221,69,375,350,176,526,901
10/03/2006,PHF,VA,AEA,EN,Towers with Radar,33,59,36,4,132,0,12,184,70,266,33,71,220,74,398,314,188,502,900
10/04/2006,PHF,VA,AEA,EN,Towers with Radar,28,75,25,19,147,0,3,75,74,152,28,78,100,93,299,182,120,302,601
10/05/2006,PHF,VA,AEA,EN,Towers with Radar,26,70,49,7,152,0,14,161,121,296,26,84,210,128,448,284,342,626,1074
10/06/2006,PHF,VA,AEA,EN,Towers with Radar,40,57,56,8,161,0,0,19,0,19,40,57,75,8,180,4,0,4,184
10/07/2006,PHF,VA,AEA,EN,Towers with Radar,30,35,45,20,130,1,2,2,66,71,31,37,47,86,201,0,0,0,201
10/08/2006,PHF,VA,AEA,EN,Towers with Radar,34,37,27,2,100,0,0,198,2,200,34,37,225,4,300,206,0,206,506
10/09/2006,PHF,VA,AEA,EN,Towers with Radar,28,33,13,4,78,0,0,46,44,90,28,33,59,48,168,142,102,244,412
10/10/2006,PHF,VA,AEA,EN,Towers with Radar,27,36,51,5,119,0,0,151,71,222,27,36,202,76,341,204,180,384,725
10/11/2006,PHF,VA,AEA,EN,Towers with Radar,24,39,42,30,135,0,0,17,22,39,24,39,59,52,174,0,10,10,184
10/12/2006,PHF,VA,AEA,EN,Towers with Radar,28,50,49,44,171,0,0,195,127,322,28,50,244,171,493,288,224,512,1005
10/13/2006,PHF,VA,AEA,EN,Towers with Radar,29,46,41,12,128,0,0,130,66,196,29,46,171,78,324,266,206,472,796
10/14/2006,PHF,VA,AEA,EN,Towers with Radar,31,39,29,5,104,0,0,112,3,115,31,39,141,8,219,202,0,202,421
10/15/2006,PHF,VA,AEA,EN,Towers with Radar,34,46,44,6,130,0,0,196,19,215,34,46,240,25,345,328,0,328,673
10/16/2006,PHF,VA,AEA,EN,Towers with Radar,26,46,31,3,106,0,0,253,92,345,26,46,284,95,451,284,302,586,1037
10/17/2006,PHF,VA,AEA,EN,Towers with Radar,28,35,14,4,81,0,2,123,53,178,28,37,137,57,259,206,88,294,553
10/18/2006,PHF,VA,AEA,EN,Towers with Radar,24,50,35,38,147,0,0,54,45,99,24,50,89,83,246,0,6,6,252
10/19/2006,PHF,VA,AEA,EN,Towers with Radar,26,56,49,17,148,4,0,117,108,229,30,56,166,125,377,128,264,392,769
10/20/2006,PHF,VA,AEA,EN,Towers with Radar,26,43,34,36,139,0,1,56,53,110,26,44,90,89,249,144,160,304,553
10/21/2006,PHF,VA,AEA,EN,Towers with Radar,27,32,29,2,90,0,11,58,0,69,27,43,87,2,159,118,0,118,277
10/22/2006,PHF,VA,AEA,EN,Towers with Radar,32,38,28,2,100,0,0,37,1,38,32,38,65,3,138,14,26,40,178
10/23/2006,PHF,VA,AEA,EN,Towers with Radar,32,49,40,16,137,0,0,150,60,210,32,49,190,76,347,260,236,496,843
10/24/2006,PHF,VA,AEA,EN,Towers with Radar,73,49,81,57,260,0,4,81,62,147,73,53,162,119,407,154,150,304,711
10/25/2006,PHF,VA,AEA,EN,Towers with Radar,25,64,33,51,173,0,0,88,25,113,25,64,121,76,286,190,116,306,592
10/26/2006,PHF,VA,AEA,EN,Towers with Radar,28,59,73,3,163,0,2,122,57,181,28,61,195,60,344,178,100,278,622
10/27/2006,PHF,VA,AEA,EN,Towers with Radar,29,57,41,47,174,0,1,103,93,197,29,58,144,140,371,208,256,464,835
10/28/2006,PHF,VA,AEA,EN,Towers with Radar,34,45,16,0,95,60,0,32,0,92,94,45,48,0,187,52,8,60,247
10/29/2006,PHF,VA,AEA,EN,Towers with Radar,29,44,19,0,92,0,0,115,0,115,29,44,134,0,207,144,0,144,351
10/30/2006,PHF,VA,AEA,EN,Towers with Radar,29,44,38,15,126,0,0,246,6,252,29,44,284,21,378,250,180,430,808
10/31/2006,PHF,VA,AEA,EN,Towers with Radar,31,40,32,18,121,0,0,243,40,283,31,40,275,58,404,350,320,670,1074
11/01/2006,PHF,VA,AEA,EN,Towers with Radar,29,41,61,16,147,0,0,173,88,261,29,41,234,104,408,146,248,394,802
11/02/2006,PHF,VA,AEA,EN,Towers with Radar,28,68,52,43,191,0,2,182,112,296,28,70,234,155,487,324,218,542,1029
11/03/2006,PHF,VA,AEA,EN,Towers with Radar,30,52,58,34,174,0,2,150,86,238,30,54,208,120,412,284,206,490,902
11/04/2006,PHF,VA,AEA,EN,Towers with Radar,28,32,44,7,111,0,1,107,6,114,28,33,151,13,225,164,50,214,439
11/05/2006,PHF,VA,AEA,EN,Towers with Radar,26,34,35,4,99,0,0,208,2,210,26,34,243,6,309,234,0,234,543
11/06/2006,PHF,VA,AEA,EN,Towers with Radar,29,69,33,12,143,0,0,150,12,162,29,69,183,24,305,162,28,190,495
11/07/2006,PHF,VA,AEA,EN,Towers with Radar,32,58,24,4,118,0,0,99,24,123,32,58,123,28,241,152,116,268,509
11/08/2006,PHF,VA,AEA,EN,Towers with Radar,26,41,37,15,119,0,0,8,10,18,26,41,45,25,137,2,4,6,143
11/09/2006,PHF,VA,AEA,EN,Towers with Radar,33,55,61,29,178,0,0,156,112,268,33,55,217,141,446,322,302,624,1070
11/10/2006,PHF,VA,AEA,EN,Towers with Radar,35,39,52,6,132,0,0,118,53,171,35,39,170,59,303,210,168,378,681
11/11/2006,PHF,VA,AEA,EN,Towers with Radar,24,30,30,7,91,0,0,147,8,155,24,30,177,15,246,222,170,392,638
11/12/2006,PHF,VA,AEA,EN,Towers with Radar,30,34,30,2,96,0,4,0,0,4,30,38,30,2,100,0,0,0,100
11/13/2006,PHF,VA,AEA,EN,Towers with Radar,30,54,26,15,125,0,0,23,10,33,30,54,49,25,158,0,12,12,170
11/14/2006,PHF,VA,AEA,EN,Towers with Radar,35,56,42,1,134,0,10,257,44,311,35,66,299,45,445,346,198,544,989
11/15/2006,PHF,VA,AEA,EN,Towers with Radar,27,48,44,19,138,0,0,96,83,179,27,48,140,102,317,318,174,492,809
11/16/2006,PHF,VA,AEA,EN,Towers with Radar,28,29,28,0,85,2,2,13,6,23,30,31,41,6,108,10,18,28,136
11/17/2006,PHF,VA,AEA,EN,Towers with Radar,37,52,50,5,144,0,0,130,68,198,37,52,180,73,342,222,246,468,810
11/18/2006,PHF,VA,AEA,EN,Towers with Radar,28,35,30,6,99,0,0,176,89,265,28,35,206,95,364,326,264,590,954
11/19/2006,PHF,VA,AEA,EN,Towers with Radar,28,28,16,0,72,0,0,95,42,137,28,28,111,42,209,196,102,298,507
11/20/2006,PHF,VA,AEA,EN,Towers with Radar,30,40,28,8,106,0,0,88,30,118,30,40,116,38,224,134,80,214,438
11/21/2006,PHF,VA,AEA,EN,Towers with Radar,26,33,17,7,83,0,0,68,70,138,26,33,85,77,221,54,120,174,395
11/22/2006,PHF,VA,AEA,EN,Towers with Radar,26,33,26,0,85,0,2,0,0,2,26,35,26,0,87,0,0,0,87
11/23/2006,PHF,VA,AEA,EN,Towers with Radar,25,32,11,1,69,0,0,2,0,2,25,32,13,1,71,8,0,8,79
11/24/2006,PHF,VA,AEA,EN,Towers with Radar,24,27,11,0,62,0,0,126,8,134,24,27,137,8,196,282,0,282,478
11/25/2006,PHF,VA,AEA,EN,Towers with Radar,27,34,26,0,87,0,0,84,0,84,27,34,110,0,171,168,0,168,339
11/26/2006,PHF,VA,AEA,EN,Towers with Radar,28,33,23,2,86,0,2,57,9,68,28,35,80,11,154,64,10,74,228
11/27/2006,PHF,VA,AEA,EN,Towers with Radar,34,40,36,5,115,0,0,124,36,160,34,40,160,41,275,256,158,414,689
11/28/2006,PHF,VA,AEA,EN,Towers with Radar,32,50,21,5,108,0,0,222,102,324,32,50,243,107,432,344,188,532,964
11/29/2006,PHF,VA,AEA,EN,Towers with Radar,26,54,38,16,134,0,0,91,66,157,26,54,129,82,291,228,278,506,797
11/30/2006,PHF,VA,AEA,EN,Towers with Radar,28,35,37,12,112,2,0,156,62,220,30,35,193,74,332,258,254,512,844
12/01/2006,PHF,VA,AEA,EN,Towers with Radar,34,40,33,26,133,0,0,51,20,71,34,40,84,46,204,132,56,188,392
12/02/2006,PHF,VA,AEA,EN,Towers with Radar,26,25,20,3,74,0,0,169,56,225,26,25,189,59,299,394,278,672,971
12/03/2006,PHF,VA,AEA,EN,Towers with Radar,24,32,37,0,93,0,0,251,43,294,24,32,288,43,387,134,0,134,521
12/04/2006,PHF,VA,AEA,EN,Towers with Radar,28,51,22,7,108,0,0,133,5,138,28,51,155,12,246,138,82,220,466
12/05/2006,PHF,VA,AEA,EN,Towers with Radar,26,67,28,33,154,0,0,207,11,218,26,67,235,44,372,182,80,262,634
12/06/2006,PHF,VA,AEA,EN,Towers with Radar,25,58,43,15,141,0,0,208,62,270,25,58,251,77,411,206,158,364,775
12/07/2006,PHF,VA,AEA,EN,Towers with Radar,25,56,14,18,113,0,0,73,35,108,25,56,87,53,221,222,200,422,643
12/08/2006,PHF,VA,AEA,EN,Towers with Radar,24,38,29,5,96,1,0,97,2,100,25,38,126,7,196,180,68,248,444
12/09/2006,PHF,VA,AEA,EN,Towers with Radar,27,31,11,9,78,0,0,193,61,254,27,31,204,70,332,320,192,512,844
12/10/2006,PHF,VA,AEA,EN,Towers with Radar,28,29,14,6,77,0,0,147,33,180,28,29,161,39,257,258,78,336,593
12/11/2006,PHF,VA,AEA,EN,Towers with Radar,38,46,50,1,135,0,0,179,27,206,38,46,229,28,341,308,174,482,823
12/12/2006,PHF,VA,AEA,EN,Towers with Radar,26,41,47,3,117,0,0,73,16,89,26,41,120,19,206,158,58,216,422
12/13/2006,PHF,VA,AEA,EN,Towers with Radar,25,35,40,25,125,0,1,51,40,92,25,36,91,65,217,62,72,134,351
12/14/2006,PHF,VA,AEA,EN,Towers with Radar,33,31,45,8,117,0,0,185,79,264,33,31,230,87,381,336,410,746,1127
12/15/2006,PHF,VA,AEA,EN,Towers with Radar,27,57,43,2,129,0,0,97,55,152,27,57,140,57,281,120,48,168,449
12/16/2006,PHF,VA,AEA,EN,Towers with Radar,38,31,25,0,94,0,0,50,0,50,38,31,75,0,144,58,0,58,202
12/17/2006,PHF,VA,AEA,EN,Towers with Radar,30,33,23,3,89,0,0,117,39,156,30,33,140,42,245,262,22,284,529
12/18/2006,PHF,VA,AEA,EN,Towers with Radar,29,40,25,2,96,0,0,142,23,165,29,40,167,25,261,214,132,346,607
12/19/2006,PHF,VA,AEA,EN,Towers with Radar,25,39,33,11,108,0,0,133,48,181,25,39,166,59,289,174,224,398,687
12/20/2006,PHF,VA,AEA,EN,Towers with Radar,23,38,41,16,118,0,0,139,37,176,23,38,180,53,294,166,166,332,626
12/21/2006,PHF,VA,AEA,EN,Towers with Radar,26,54,25,14,119,0,3,3,9,15,26,57,28,23,134,214,216,430,564
12/22/2006,PHF,VA,AEA,EN,Towers with Radar,22,40,20,4,86,0,2,28,25,55,22,42,48,29,141,8,8,16,157
12/23/2006,PHF,VA,AEA,EN,Towers with Radar,25,34,8,0,67,0,0,56,24,80,25,34,64,24,147,124,36,160,307
12/24/2006,PHF,VA,AEA,EN,Towers with Radar,23,36,9,0,68,0,0,0,0,0,23,36,9,0,68,102,0,102,170
12/25/2006,PHF,VA,AEA,EN,Towers with Radar,25,32,0,0,57,1,0,0,0,1,26,32,0,0,58,0,0,0,58
12/26/2006,PHF,VA,AEA,EN,Towers with Radar,22,34,11,2,69,0,0,101,6,107,22,34,112,8,176,208,14,222,398
12/27/2006,PHF,VA,AEA,EN,Towers with Radar,25,50,18,0,93,0,0,252,34,286,25,50,270,34,379,332,232,564,943
12/28/2006,PHF,VA,AEA,EN,Towers with Radar,25,41,26,2,94,0,0,163,47,210,25,41,189,49,304,298,94,392,696
12/29/2006,PHF,VA,AEA,EN,Towers with Radar,29,41,22,4,96,0,0,139,62,201,29,41,161,66,297,251,290,541,838
12/30/2006,PHF,VA,AEA,EN,Towers with Radar,24,29,6,0,59,0,0,184,0,184,24,29,190,0,243,304,0,304,547
12/31/2006,PHF,VA,AEA,EN,Towers with Radar,21,32,12,0,65,0,0,60,2,62,21,32,72,2,127,48,2,50,177
01/01/2007,PHF,VA,AEA,EN,Towers with Radar,16,32,5,0,53,0,0,4,0,4,16,32,9,0,57,0,0,0,57
01/02/2007,PHF,VA,AEA,EN,Towers with Radar,21,43,23,0,87,0,0,231,16,247,21,43,254,16,334,388,48,436,770
01/03/2007,PHF,VA,AEA,EN,Towers with Radar,23,48,27,10,108,0,0,179,65,244,23,48,206,75,352,242,80,322,674
01/04/2007,PHF,VA,AEA,EN,Towers with Radar,24,43,36,12,115,0,0,161,71,232,24,43,197,83,347,202,204,406,753
01/05/2007,PHF,VA,AEA,EN,Towers with Radar,22,35,25,3,85,0,0,22,24,46,22,35,47,27,131,0,2,2,133
01/06/2007,PHF,VA,AEA,EN,Towers with Radar,25,33,31,3,92,0,0,98,15,113,25,33,129,18,205,210,10,220,425
01/07/2007,PHF,VA,AEA,EN,Towers with Radar,28,31,5,5,69,0,0,48,5,53,28,31,53,10,122,80,24,104,226
01/08/2007,PHF,VA,AEA,EN,Towers with Radar,29,36,22,8,95,0,0,39,45,84,29,36,61,53,179,50,92,142,321
01/09/2007,PHF,VA,AEA,EN,Towers with Radar,25,47,19,2,93,0,0,97,43,140,25,47,116,45,233,152,280,432,665
01/10/2007,PHF,VA,AEA,EN,Towers with Radar,24,51,30,7,112,0,0,169,34,203,24,51,199,41,315,318,198,516,831
01/11/2007,PHF,VA,AEA,EN,Towers with Radar,28,57,27,19,131,0,0,77,62,139,28,57,104,81,270,210,124,334,604
01/12/2007,PHF,VA,AEA,EN,Towers with Radar,27,51,35,3,116,0,0,126,2,128,27,51,161,5,244,174,36,210,454
01/13/2007,PHF,VA,AEA,EN,Towers with Radar,29,44,15,0,88,0,0,0,2,2,29,44,15,2,90,128,0,128,218
01/14/2007,PHF,VA,AEA,EN,Towers with Radar,24,49,12,3,88,0,0,57,0,57,24,49,69,3,145,62,0,62,207
01/15/2007,PHF,VA,AEA,EN,Towers with Radar,30,38,30,0,98,0,0,52,5,57,30,38,82,5,155,30,0,30,185
01/16/2007,PHF,VA,AEA,EN,Towers with Radar,29,51,18,36,134,0,0,56,6,62,29,51,74,42,196,132,140,272,468
01/17/2007,PHF,VA,AEA,EN,Towers with Radar,27,57,39,10,133,0,0,150,6,156,27,57,189,16,289,191,0,191,480
01/18/2007,PHF,VA,AEA,EN,Towers with Radar,23,48,10,14,95,0,0,13,8,21,23,48,23,22,116,42,0,42,158
01/19/2007,PHF,VA,AEA,EN,Towers with Radar,33,51,22,5,111,0,0,144,40,184,33,51,166,45,295,250,136,386,681
01/20/2007,PHF,VA,AEA,EN,Towers with Radar,30,31,13,1,75,0,0,237,23,260,30,31,250,24,335,400,0,400,735
01/21/2007,PHF,VA,AEA,EN,Towers with Radar,30,34,16,6,86,0,0,84,6,90,30,34,100,12,176,188,56,244,420
01/22/2007,PHF,VA,AEA,EN,Towers with Radar,27,35,20,4,86,0,0,6,6,12,27,35,26,10,98,0,0,0,98
01/23/2007,PHF,VA,AEA,EN,Towers with Radar,25,48,35,46,154,0,0,288,179,467,25,48,323,225,621,182,146,328,949
01/24/2007,PHF,VA,AEA,EN,Towers with Radar,27,49,44,8,128,0,0,160,137,297,27,49,204,145,425,272,264,536,961
01/25/2007,PHF,VA,AEA,EN,Towers with Radar,26,56,32,3,117,0,0,123,50,173,26,56,155,53,290,162,118,280,570
01/26/2007,PHF,VA,AEA,EN,Towers with Radar,30,43,35,7,115,0,0,0,20,20,30,43,35,27,135,252,160,412,547
01/27/2007,PHF,VA,AEA,EN,Towers with Radar,31,44,37,1,113,0,0,8,6,14,31,44,45,7,127,290,92,382,509
01/28/2007,PHF,VA,AEA,EN,Towers with Radar,30,52,9,2,93,0,0,120,1,121,30,52,129,3,214,172,10,182,396
01/29/2007,PHF,VA,AEA,EN,Towers with Radar,30,41,32,6,109,0,0,83,27,110,30,41,115,33,219,164,66,230,449
01/30/2007,PHF,VA,AEA,EN,Towers with Radar,30,58,48,44,180,0,0,160,77,237,30,58,208,121,417,246,268,514,931
01/31/2007,PHF,VA,AEA,EN,Towers with Radar,26,47,42,72,187,0,0,163,90,253,26,47,205,162,440,188,254,442,882
02/01/2007,PHF,VA,AEA,EN,Towers with Radar,23,37,15,5,80,0,0,79,10,89,23,37,94,15,169,78,0,78,247
02/02/2007,PHF,VA,AEA,EN,Towers with Radar,30,49,37,7,123,0,0,6,22,28,30,49,43,29,151,0,0,0,151
02/03/2007,PHF,VA,AEA,EN,Towers with Radar,27,40,20,6,93,0,4,18,16,38,27,44,38,22,131,86,4,90,221
02/04/2007,PHF,VA,AEA,EN,Towers with Radar,33,40,14,6,93,0,0,161,0,161,33,40,175,6,254,330,0,330,584
02/05/2007,PHF,VA,AEA,EN,Towers with Radar,30,45,17,14,106,0,0,43,14,57,30,45,60,28,163,56,18,74,237
02/06/2007,PHF,VA,AEA,EN,Towers with Radar,25,44,19,9,97,0,0,114,60,174,25,44,133,69,271,140,124,264,535
02/07/2007,PHF,VA,AEA,EN,Towers with Radar,26,48,31,9,114,0,0,200,12,212,26,48,231,21,326,270,110,380,706
02/08/2007,PHF,VA,AEA,EN,Towers with Radar,25,59,37,6,127,0,4,231,78,313,25,63,268,84,440,270,298,568,1008
02/09/2007,PHF,VA,AEA,EN,Towers with Radar,28,54,47,9,138,0,2,199,87,288,28,56,246,96,426,278,194,472,898
02/10/2007,PHF,VA,AEA,EN,Towers with Radar,25,31,23,3,82,0,0,255,1,256,25,31,278,4,338,392,0,392,730
02/11/2007,PHF,VA,AEA,EN,Towers with Radar,28,33,31,0,92,0,0,208,2,210,28,33,239,2,302,302,130,432,734
02/12/2007,PHF,VA,AEA,EN,Towers with Radar,24,45,25,12,106,0,0,49,39,88,24,45,74,51,194,120,44,164,358
02/13/2007,PHF,VA,AEA,EN,Towers with Radar,25,33,6,0,64,0,0,9,8,17,25,33,15,8,81,0,0,0,81
02/14/2007,PHF,VA,AEA,EN,Towers with Radar,26,36,21,5,88,0,0,4,50,54,26,36,25,55,142,30,0,30,172
02/15/2007,PHF,VA,AEA,EN,Towers with Radar,21,53,20,7,101,0,0,124,22,146,21,53,144,29,247,76,100,176,423
02/16/2007,PHF,VA,AEA,EN,Towers with Radar,37,52,27,5,121,0,0,137,42,179,37,52,164,47,300,192,142,334,634
02/17/2007,PHF,VA,AEA,EN,Towers with Radar,31,29,21,0,81,0,0,156,0,156,31,29,177,0,237,276,6,282,519
02/18/2007,PHF,VA,AEA,EN,Towers with Radar,25,31,14,1,71,0,0,183,1,184,25,31,197,2,255,216,0,216,471
02/19/2007,PHF,VA,AEA,EN,Towers with Radar,23,35,24,1,83,0,0,84,21,105,23,35,108,22,188,182,68,250,438
02/20/2007,PHF,VA,AEA,EN,Towers with Radar,24,47,34,7,112,0,0,160,85,245,24,47,194,92,357,232,308,540,897
02/21/2007,PHF,VA,AEA,EN,Towers with Radar,23,49,46,5,123,0,0,157,32,189,23,49,203,37,312,268,66,334,646
02/22/2007,PHF,VA,AEA,EN,Towers with Radar,22,50,32,25,129,0,0,131,30,161,22,50,163,55,290,134,178,312,602
02/23/2007,PHF,VA,AEA,EN,Towers with Radar,22,43,39,6,110,0,0,155,4,159,22,43,194,10,269,170,0,170,439
02/24/2007,PHF,VA,AEA,EN,Towers with Radar,25,40,35,2,102,0,0,286,27,313,25,40,321,29,415,384,36,420,835
02/25/2007,PHF,VA,AEA,EN,Towers with Radar,24,38,16,0,78,0,0,136,39,175,24,38,152,39,253,172,36,208,461
02/26/2007,PHF,VA,AEA,EN,Towers with Radar,22,39,23,5,89,0,0,2,5,7,22,39,25,10,96,0,0,0,96
02/27/2007,PHF,VA,AEA,EN,Towers with Radar,25,51,25,8,109,0,2,79,50,131,25,53,104,58,240,144,64,208,448
02/28/2007,PHF,VA,AEA,EN,Towers with Radar,22,57,36,3,118,0,0,239,14,253,22,57,275,17,371,256,44,300,671
03/01/2007,PHF,VA,AEA,EN,Towers with Radar,24,43,25,23,115,0,0,134,48,182,24,43,159,71,297,172,210,382,679
03/02/2007,PHF,VA,AEA,EN,Towers with Radar,21,46,19,6,92,0,6,123,41,170,21,52,142,47,262,172,112,284,546
03/03/2007,PHF,VA,AEA,EN,Towers with Radar,25,48,20,43,136,0,0,158,34,192,25,48,178,77,328,276,228,504,832
03/04/2007,PHF,VA,AEA,EN,Towers with Radar,26,48,19,15,108,0,0,130,16,146,26,48,149,31,254,116,28,144,398
03/05/2007,PHF,VA,AEA,EN,Towers with Radar,27,37,29,18,111,0,0,53,22,75,27,37,82,40,186,76,24,100,286
03/06/2007,PHF,VA,AEA,EN,Towers with Radar,19,40,17,8,84,0,0,62,62,124,19,40,79,70,208,82,78,160,368
03/07/2007,PHF,VA,AEA,EN,Towers with Radar,23,34,21,4,82,0,0,133,10,143,23,34,154,14,225,74,76,150,375
03/08/2007,PHF,VA,AEA,EN,Towers with Radar,22,55,32,4,113,0,0,157,36,193,22,55,189,40,306,236,114,350,656
03/09/2007,PHF,VA,AEA,EN,Towers with Radar,26,61,33,0,120,0,0,149,22,171,26,61,182,22,291,206,92,298,589
03/10/2007,PHF,VA,AEA,EN,Towers with Radar,23,45,24,2,94,0,0,224,32,256,23,45,248,34,350,358,168,526,876
03/11/2007,PHF,VA,AEA,EN,Towers with Radar,30,43,20,17,110,0,0,95,29,124,30,43,115,46,234,168,44,212,446
03/12/2007,PHF,VA,AEA,EN,Towers with Radar,21,59,35,13,128,0,0,172,73,245,21,59,207,86,373,244,274,518,891
03/13/2007,PHF,VA,AEA,EN,Towers with Radar,24,44,29,6,103,0,0,201,80,281,24,44,230,86,384,258,132,390,774
03/14/2007,PHF,VA,AEA,EN,Towers with Radar,24,34,54,39,151,0,18,0,0,18,24,52,54,39,169,68,54,122,291
03/15/2007,PHF,VA,AEA,EN,Towers with Radar,22,54,63,10,149,0,0,125,78,203,22,54,188,88,352,252,270,522,874
03/16/2007,PHF,VA,AEA,EN,Towers with Radar,16,33,26,2,77,0,2,0,0,2,16,35,26,2,79,0,0,0,79
03/17/2007,PHF,VA,AEA,EN,Towers with Radar,16,40,9,0,65,0,0,149,0,149,16,40,158,0,214,130,0,130,344
03/18/2007,PHF,VA,AEA,EN,Towers with Radar,23,34,21,0,78,0,0,23,0,23,23,34,44,0,101,14,0,14,115
03/19/2007,PHF,VA,AEA,EN,Towers with Radar,24,52,26,4,106,0,0,133,82,215,24,52,159,86,321,188,188,376,697
03/20/2007,PHF,VA,AEA,EN,Towers with Radar,21,51,20,1,93,0,0,61,26,87,21,51,81,27,180,160,87,247,427
03/21/2007,PHF,VA,AEA,EN,Towers with Radar,16,54,30,31,131,0,0,107,78,185,16,54,137,109,316,214,332,546,862
03/22/2007,PHF,VA,AEA,EN,Towers with Radar,26,64,59,79,228,0,2,197,117,316,26,66,256,196,544,298,300,598,1142
03/23/2007,PHF,VA,AEA,EN,Towers with Radar,28,65,47,21,161,0,0,152,63,215,28,65,199,84,376,262,164,426,802
03/24/2007,PHF,VA,AEA,EN,Towers with Radar,24,53,5,1,83,0,0,183,27,210,24,53,188,28,293,270,26,296,589
03/25/2007,PHF,VA,AEA,EN,Towers with Radar,20,51,35,2,108,0,1,146,16,163,20,52,181,18,271,286,0,286,557
03/26/2007,PHF,VA,AEA,EN,Towers with Radar,24,54,41,11,130,0,2,66,86,154,24,56,107,97,284,114,82,196,480
03/27/2007,PHF,VA,AEA,EN,Towers with Radar,22,64,31,13,130,0,0,123,77,200,22,64,154,90,330,210,204,414,744
03/28/2007,PHF,VA,AEA,EN,Towers with Radar,22,66,28,1,117,0,0,215,46,261,22,66,243,47,378,312,286,598,976
03/29/2007,PHF,VA,AEA,EN,Towers with Radar,21,62,31,21,135,0,5,148,88,241,21,67,179,109,376,304,186,490,866
03/30/2007,PHF,VA,AEA,EN,Towers with Radar,21,59,42,12,134,0,0,103,30,133,21,59,145,42,267,78,16,94,361
03/31/2007,PHF,VA,AEA,EN,Towers with Radar,16,39,27,2,84,0,0,221,18,239,16,39,248,20,323,294,124,418,741
04/01/2007,PHF,VA,AEA,EN,Towers with Radar,22,52,21,0,95,0,0,43,0,43,22,52,64,0,138,28,0,28,166
04/02/2007,PHF,VA,AEA,EN,Towers with Radar,24,47,25,7,103,0,0,69,25,94,24,47,94,32,197,92,30,122,319
04/03/2007,PHF,VA,AEA,EN,Towers with Radar,23,53,29,9,114,0,0,118,43,161,23,53,147,52,275,224,212,436,711
04/04/2007,PHF,VA,AEA,EN,Towers with Radar,19,44,24,15,102,0,0,203,76,279,19,44,227,91,381,318,294,612,993
04/05/2007,PHF,VA,AEA,EN,Towers with Radar,23,54,45,9,131,0,0,201,77,278,23,54,246,86,409,274,234,508,917
04/06/2007,PHF,VA,AEA,EN,Towers with Radar,26,53,26,37,142,0,0,186,58,244,26,53,212,95,386,288,246,534,920
04/07/2007,PHF,VA,AEA,EN,Towers with Radar,28,38,8,7,81,0,0,49,14,63,28,38,57,21,144,98,14,112,256
04/08/2007,PHF,VA,AEA,EN,Towers with Radar,27,40,17,0,84,0,0,144,16,160,27,40,161,16,244,174,38,212,456
04/09/2007,PHF,VA,AEA,EN,Towers with Radar,23,47,25,3,98,0,0,122,29,151,23,47,147,32,249,156,164,320,569
04/10/2007,PHF,VA,AEA,EN,Towers with Radar,24,51,17,10,102,0,0,143,61,204,24,51,160,71,306,240,282,522,828
04/11/2007,PHF,VA,AEA,EN,Towers with Radar,23,48,15,4,90,0,16,103,39,158,23,64,118,43,248,312,230,542,790
04/12/2007,PHF,VA,AEA,EN,Towers with Radar,18,39,30,2,89,0,0,150,22,172,18,39,180,24,261,170,76,246,507
04/13/2007,PHF,VA,AEA,EN,Towers with Radar,2,20,52,20,94,20,0,197,64,281,22,20,249,84,375,326,228,554,929
04/14/2007,PHF,VA,AEA,EN,Towers with Radar,26,42,35,35,138,0,0,126,50,176,26,42,161,85,314,316,118,434,748
04/15/2007,PHF,VA,AEA,EN,Towers with Radar,30,44,2,3,79,0,0,0,0,0,30,44,2,3,79,0,0,0,79
04/16/2007,PHF,VA,AEA,EN,Towers with Radar,27,54,24,2,107,2,2,5,2,11,29,56,29,4,118,0,0,0,118
04/17/2007,PHF,VA,AEA,EN,Towers with Radar,18,42,21,5,86,0,1,76,61,138,18,43,97,66,224,126,154,280,504
04/18/2007,PHF,VA,AEA,EN,Towers with Radar,21,54,44,7,126,0,2,120,20,142,21,56,164,27,268,148,38,186,454
04/19/2007,PHF,VA,AEA,EN,Towers with Radar,21,64,41,39,165,0,0,189,100,289,21,64,230,139,454,348,352,700,1154
04/20/2007,PHF,VA,AEA,EN,Towers with Radar,25,67,44,7,143,0,6,169,79,254,25,73,213,86,397,312,272,584,981
04/21/2007,PHF,VA,AEA,EN,Towers with Radar,22,35,39,1,97,0,0,196,1,197,22,35,235,2,294,286,0,286,580
04/22/2007,PHF,VA,AEA,EN,Towers with Radar,28,43,37,0,108,0,0,135,0,135,28,43,172,0,243,244,0,244,487
04/23/2007,PHF,VA,AEA,EN,Towers with Radar,24,55,43,21,143,0,4,148,81,233,24,59,191,102,376,216,206,422,798
04/24/2007,PHF,VA,AEA,EN,Towers with Radar,25,73,43,14,155,0,1,102,85,188,25,74,145,99,343,120,78,198,541
04/25/2007,PHF,VA,AEA,EN,Towers with Radar,23,53,41,19,136,0,0,109,35,144,23,53,150,54,280,114,0,114,394
04/26/2007,PHF,VA,AEA,EN,Towers with Radar,25,51,61,22,159,0,2,11,10,23,25,53,72,32,182,0,0,0,182
04/27/2007,PHF,VA,AEA,EN,Towers with Radar,29,40,45,11,125,0,0,8,18,26,29,40,53,29,151,62,46,108,259
04/28/2007,PHF,VA,AEA,EN,Towers with Radar,50,20,50,0,120,0,0,189,10,199,50,20,239,10,319,272,0,272,591
04/29/2007,PHF,VA,AEA,EN,Towers with Radar,26,41,34,1,102,0,0,148,2,150,26,41,182,3,252,134,0,134,386
04/30/2007,PHF,VA,AEA,EN,Towers with Radar,31,49,48,42,170,0,0,116,80,196,31,49,164,122,366,180,240,420,786
05/01/2007,PHF,VA,AEA,EN,Towers with Radar,23,39,36,14,112,0,0,158,44,202,23,39,194,58,314,214,200,414,728
05/02/2007,PHF,VA,AEA,EN,Towers with Radar,18,49,37,11,115,0,0,208,10,218,18,49,245,21,333,288,78,366,699
05/03/2007,PHF,VA,AEA,EN,Towers with Radar,28,57,37,17,139,0,0,162,46,208,28,57,199,63,347,214,116,330,677
05/04/2007,PHF,VA,AEA,EN,Towers with Radar,27,53,67,17,164,0,0,238,79,317,27,53,305,96,481,256,96,352,833
05/05/2007,PHF,VA,AEA,EN,Towers with Radar,26,44,50,3,123,0,0,20,8,28,26,44,70,11,151,150,44,194,345
05/06/2007,PHF,VA,AEA,EN,Towers with Radar,26,47,55,3,131,0,0,49,6,55,26,47,104,9,186,0,0,0,186
05/07/2007,PHF,VA,AEA,EN,Towers with Radar,26,49,22,3,100,0,0,87,23,110,26,49,109,26,210,120,24,144,354
05/08/2007,PHF,VA,AEA,EN,Towers with Radar,22,36,41,6,105,0,0,6,18,24,22,36,47,24,129,0,0,0,129
05/09/2007,PHF,VA,AEA,EN,Towers with Radar,21,42,36,5,104,0,0,8,20,28,21,42,44,25,132,50,42,92,224
05/10/2007,PHF,VA,AEA,EN,Towers with Radar,27,56,63,4,150,0,0,72,28,100,27,56,135,32,250,64,0,64,314
05/11/2007,PHF,VA,AEA,EN,Towers with Radar,31,42,66,4,143,0,0,137,48,185,31,42,203,52,328,116,64,180,508
05/12/2007,PHF,VA,AEA,EN,Towers with Radar,31,34,25,0,90,0,0,178,0,178,31,34,203,0,268,318,40,358,626
05/13/2007,PHF,VA,AEA,EN,Towers with Radar,28,37,20,6,91,0,0,0,17,17,28,37,20,23,108,0,0,0,108
05/14/2007,PHF,VA,AEA,EN,Towers with Radar,46,35,53,21,155,0,0,57,26,83,46,35,110,47,238,86,16,102,340
05/15/2007,PHF,VA,AEA,EN,Towers with Radar,24,56,40,13,133,0,0,169,67,236,24,56,209,80,369,238,210,448,817
05/16/2007,PHF,VA,AEA,EN,Towers with Radar,23,50,32,30,135,0,0,194,35,229,23,50,226,65,364,238,244,482,846
05/17/2007,PHF,VA,AEA,EN,Towers with Radar,28,91,49,1,169,0,0,127,33,160,28,91,176,34,329,210,156,366,695
05/18/2007,PHF,VA,AEA,EN,Towers with Radar,26,73,35,11,145,0,4,129,10,143,26,77,164,21,288,266,170,436,724
05/19/2007,PHF,VA,AEA,EN,Towers with Radar,27,52,42,2,123,0,0,218,8,226,27,52,260,10,349,292,52,344,693
05/20/2007,PHF,VA,AEA,EN,Towers with Radar,27,57,44,7,135,0,0,173,8,181,27,57,217,15,316,366,2,368,684
05/21/2007,PHF,VA,AEA,EN,Towers with Radar,26,59,34,7,126,0,0,120,29,149,26,59,154,36,275,180,4,184,459
05/22/2007,PHF,VA,AEA,EN,Towers with Radar,24,54,41,25,144,0,0,120,69,189,24,54,161,94,333,262,188,450,783
05/23/2007,PHF,VA,AEA,EN,Towers with Radar,21,73,45,16,155,0,6,240,72,318,21,79,285,88,473,360,284,644,1117
05/24/2007,PHF,VA,AEA,EN,Towers with Radar,26,93,57,36,212,0,1,213,90,304,26,94,270,126,516,320,294,614,1130
05/25/2007,PHF,VA,AEA,EN,Towers with Radar,28,23,41,18,110,0,0,8,16,24,28,23,49,34,134,248,170,418,552
05/26/2007,PHF,VA,AEA,EN,Towers with Radar,21,41,41,6,109,0,0,210,30,240,21,41,251,36,349,270,110,380,729
05/27/2007,PHF,VA,AEA,EN,Towers with Radar,13,36,34,0,83,0,0,116,3,119,13,36,150,3,202,134,26,160,362
05/28/2007,PHF,VA,AEA,EN,Towers with Radar,26,36,22,2,86,0,0,146,4,150,26,36,168,6,236,238,0,238,474
05/29/2007,PHF,VA,AEA,EN,Towers with Radar,24,58,32,9,123,0,0,150,46,196,24,58,182,55,319,352,400,752,1071
05/30/2007,PHF,VA,AEA,EN,Towers with Radar,22,71,42,38,173,0,0,285,31,316,22,71,327,69,489,310,144,454,943
05/31/2007,PHF,VA,AEA,EN,Towers with Radar,30,65,60,35,190,0,0,2,22,24,30,65,62,57,214,362,294,656,870
06/01/2007,PHF,VA,AEA,EN,Towers with Radar,26,52,45,6,129,0,0,192,41,233,26,52,237,47,362,320,136,456,818
06/02/2007,PHF,VA,AEA,EN,Towers with Radar,25,42,39,15,121,0,0,166,16,182,25,42,205,31,303,276,134,410,713
06/03/2007,PHF,VA,AEA,EN,Towers with Radar,24,46,20,1,91,0,0,0,0,0,24,46,20,1,91,0,0,0,91
06/04/2007,PHF,VA,AEA,EN,Towers with Radar,23,49,29,11,112,0,0,128,49,177,23,49,157,60,289,276,136,412,701
06/05/2007,PHF,VA,AEA,EN,Towers with Radar,24,43,28,6,101,0,8,114,69,191,24,51,142,75,292,246,166,412,704
06/06/2007,PHF,VA,AEA,EN,Towers with Radar,22,50,40,8,120,0,0,286,70,356,22,50,326,78,476,334,354,688,1164
06/07/2007,PHF,VA,AEA,EN,Towers with Radar,31,47,54,2,134,2,2,280,80,364,33,49,334,82,498,316,152,468,966
06/08/2007,PHF,VA,AEA,EN,Towers with Radar,36,31,51,27,145,0,0,276,78,354,36,31,327,105,499,286,248,534,1033
06/09/2007,PHF,VA,AEA,EN,Towers with Radar,40,24,33,0,97,0,0,152,0,152,40,24,185,0,249,262,0,262,511
06/10/2007,PHF,VA,AEA,EN,Towers with Radar,34,26,55,18,133,0,0,157,13,170,34,26,212,31,303,274,0,274,577
06/11/2007,PHF,VA,AEA,EN,Towers with Radar,29,45,41,29,144,0,0,12,15,27,29,45,53,44,171,286,222,508,679
06/12/2007,PHF,VA,AEA,EN,Towers with Radar,28,45,34,6,113,0,2,173,102,277,28,47,207,108,390,304,264,568,958
06/13/2007,PHF,VA,AEA,EN,Towers with Radar,25,53,41,32,151,0,0,186,73,259,25,53,227,105,410,262,162,424,834
06/14/2007,PHF,VA,AEA,EN,Towers with Radar,36,52,51,7,146,0,0,291,72,363,36,52,342,79,509,348,328,676,1185
06/15/2007,PHF,VA,AEA,EN,Towers with Radar,29,49,32,46,156,0,0,182,97,279,29,49,214,143,435,316,306,622,1057
06/16/2007,PHF,VA,AEA,EN,Towers with Radar,35,24,35,0,94,0,0,211,16,227,35,24,246,16,321,388,104,492,813
06/17/2007,PHF,VA,AEA,EN,Towers with Radar,35,48,39,3,125,0,0,205,2,207,35,48,244,5,332,218,12,230,562
06/18/2007,PHF,VA,AEA,EN,Towers with Radar,32,43,45,18,138,0,0,157,98,255,32,43,202,116,393,326,148,474,867
06/19/2007,PHF,VA,AEA,EN,Towers with Radar,30,35,13,11,89,0,0,145,98,243,30,35,158,109,332,252,282,534,866
06/20/2007,PHF,VA,AEA,EN,Towers with Radar,27,53,38,4,122,0,0,112,30,142,27,53,150,34,264,42,36,78,342
06/21/2007,PHF,VA,AEA,EN,Towers with Radar,23,40,48,37,148,0,5,216,86,307,23,45,264,123,455,282,158,440,895
06/22/2007,PHF,VA,AEA,EN,Towers with Radar,28,44,41,18,131,0,0,240,84,324,28,44,281,102,455,336,220,556,1011
06/23/2007,PHF,VA,AEA,EN,Towers with Radar,28,33,25,0,86,0,0,157,0,157,28,33,182,0,243,290,0,290,533
06/24/2007,PHF,VA,AEA,EN,Towers with Radar,30,30,40,0,100,0,0,157,26,183,30,30,197,26,283,180,0,180,463
06/25/2007,PHF,VA,AEA,EN,Towers with Radar,31,42,44,2,119,0,0,246,54,300,31,42,290,56,419,248,100,348,767
06/26/2007,PHF,VA,AEA,EN,Towers with Radar,30,34,22,2,88,0,0,81,26,107,30,34,103,28,195,96,106,202,397
06/27/2007,PHF,VA,AEA,EN,Towers with Radar,27,36,27,5,95,0,0,98,12,110,27,36,125,17,205,80,48,128,333
06/28/2007,PHF,VA,AEA,EN,Towers with Radar,25,31,29,27,112,0,0,106,59,165,25,31,135,86,277,240,224,464,741
06/29/2007,PHF,VA,AEA,EN,Towers with Radar,27,45,35,10,117,0,0,131,0,131,27,45,166,10,248,188,0,188,436
06/30/2007,PHF,VA,AEA,EN,Towers with Radar,29,29,22,1,81,0,0,144,41,185,29,29,166,42,266,310,180,490,756
07/01/2007,PHF,VA,AEA,EN,Towers with Radar,24,23,32,1,80,0,0,154,0,154,24,23,186,1,234,164,0,164,398
07/02/2007,PHF,VA,AEA,EN,Towers with Radar,34,44,29,14,121,0,0,126,49,175,34,44,155,63,296,142,148,290,586
07/03/2007,PHF,VA,AEA,EN,Towers with Radar,30,41,26,21,118,0,0,135,12,147,30,41,161,33,265,334,174,508,773
07/04/2007,PHF,VA,AEA,EN,Towers with Radar,26,13,19,0,58,0,0,86,0,86,26,13,105,0,144,100,0,100,244
07/05/2007,PHF,VA,AEA,EN,Towers with Radar,30,35,41,9,115,0,0,157,48,205,30,35,198,57,320,222,133,355,675
07/06/2007,PHF,VA,AEA,EN,Towers with Radar,29,38,38,10,115,0,0,212,117,329,29,38,250,127,444,396,310,706,1150
07/07/2007,PHF,VA,AEA,EN,Towers with Radar,32,34,23,7,96,0,0,134,32,166,32,34,157,39,262,382,74,456,718
07/08/2007,PHF,VA,AEA,EN,Towers with Radar,30,38,29,0,97,0,2,103,0,105,30,40,132,0,202,230,0,230,432
07/09/2007,PHF,VA,AEA,EN,Towers with Radar,30,45,42,2,119,0,0,232,64,296,30,45,274,66,415,380,40,420,835
07/10/2007,PHF,VA,AEA,EN,Towers with Radar,25,61,26,5,117,0,2,38,16,56,25,63,64,21,173,108,0,108,281
07/11/2007,PHF,VA,AEA,EN,Towers with Radar,25,38,29,6,98,3,0,266,2,271,28,38,295,8,369,334,24,358,727
07/12/2007,PHF,VA,AEA,EN,Towers with Radar,33,38,51,15,137,0,0,144,23,167,33,38,195,38,304,222,94,316,620
07/13/2007,PHF,VA,AEA,EN,Towers with Radar,29,52,47,2,130,0,0,153,90,243,29,52,200,92,373,240,252,492,865
07/14/2007,PHF,VA,AEA,EN,Towers with Radar,34,39,39,12,124,0,0,158,44,202,34,39,197,56,326,292,144,436,762
07/15/2007,PHF,VA,AEA,EN,Towers with Radar,28,36,42,16,122,0,0,80,40,120,28,36,122,56,242,280,108,388,630
07/16/2007,PHF,VA,AEA,EN,Towers with Radar,34,48,38,8,128,0,0,123,21,144,34,48,161,29,272,60,102,162,434
07/17/2007,PHF,VA,AEA,EN,Towers with Radar,28,38,32,15,113,0,0,92,63,155,28,38,124,78,268,234,156,390,658
07/18/2007,PHF,VA,AEA,EN,Towers with Radar,30,32,35,24,121,0,0,204,45,249,30,32,239,69,370,280,34,314,684
07/19/2007,PHF,VA,AEA,EN,Towers with Radar,32,47,53,13,145,0,0,161,82,243,32,47,214,95,388,282,250,532,920
07/20/2007,PHF,VA,AEA,EN,Towers with Radar,36,46,52,12,146,0,0,35,22,57,36,46,87,34,203,276,190,466,669
07/21/2007,PHF,VA,AEA,EN,Towers with Radar,38,29,35,2,104,0,0,165,8,173,38,29,200,10,277,280,218,498,775
07/22/2007,PHF,VA,AEA,EN,Towers with Radar,33,36,42,0,111,0,0,47,0,47,33,36,89,0,158,266,0,266,424
07/23/2007,PHF,VA,AEA,EN,Towers with Radar,32,48,32,2,114,0,16,164,65,245,32,64,196,67,359,288,234,522,881
07/24/2007,PHF,VA,AEA,EN,Towers with Radar,29,45,23,13,110,0,0,124,84,208,29,45,147,97,318,344,176,520,838
07/25/2007,PHF,VA,AEA,EN,Towers with Radar,29,48,25,31,133,0,0,103,114,217,29,48,128,145,350,284,286,570,920
07/26/2007,PHF,VA,AEA,EN,Towers with Radar,28,56,34,38,156,0,0,123,109,232,28,56,157,147,388,290,258,548,936
07/27/2007,PHF,VA,AEA,EN,Towers with Radar,29,43,37,22,131,0,0,91,57,148,29,43,128,79,279,284,126,410,689
07/28/2007,PHF,VA,AEA,EN,Towers with Radar,31,35,36,4,106,0,0,174,28,202,31,35,210,32,308,214,48,262,570
07/29/2007,PHF,VA,AEA,EN,Towers with Radar,23,42,34,9,108,1,0,82,0,83,24,42,116,9,191,92,20,112,303
07/30/2007,PHF,VA,AEA,EN,Towers with Radar,33,50,30,17,130,0,0,30,12,42,33,50,60,29,172,8,6,14,186
07/31/2007,PHF,VA,AEA,EN,Towers with Radar,27,48,23,13,111,0,0,175,56,231,27,48,198,69,342,184,124,308,650
08/01/2007,PHF,VA,AEA,EN,Towers with Radar,30,47,49,9,135,0,1,124,57,182,30,48,173,66,317,176,192,368,685
08/02/2007,PHF,VA,AEA,EN,Towers with Radar,29,47,34,30,140,0,0,279,112,391,29,47,313,142,531,238,140,378,909
08/03/2007,PHF,VA,AEA,EN,Towers with Radar,32,55,39,17,143,0,2,178,47,227,32,57,217,64,370,336,178,514,884
08/04/2007,PHF,VA,AEA,EN,Towers with Radar,29,29,26,0,84,0,0,164,52,216,29,29,190,52,300,308,0,308,608
08/05/2007,PHF,VA,AEA,EN,Towers with Radar,34,26,27,0,87,2,0,118,24,144,36,26,145,24,231,220,0,220,451
08/06/2007,PHF,VA,AEA,EN,Towers with Radar,29,35,40,2,106,0,0,194,65,259,29,35,234,67,365,314,186,500,865
08/07/2007,PHF,VA,AEA,EN,Towers with Radar,28,41,26,1,96,0,4,196,72,272,28,45,222,73,368,258,158,416,784
08/08/2007,PHF,VA,AEA,EN,Towers with Radar,25,34,30,5,94,0,0,75,33,108,25,34,105,38,202,144,0,144,346
08/09/2007,PHF,VA,AEA,EN,Towers with Radar,28,36,21,0,85,0,0,67,50,117,28,36,88,50,202,106,122,228,430
08/10/2007,PHF,VA,AEA,EN,Towers with Radar,33,48,35,17,133,0,0,178,74,252,33,48,213,91,385,248,218,466,851
08/11/2007,PHF,VA,AEA,EN,Towers with Radar,34,31,29,0,94,0,0,100,24,124,34,31,129,24,218,206,0,206,424
08/12/2007,PHF,VA,AEA,EN,Towers with Radar,28,24,33,0,85,0,0,110,0,110,28,24,143,0,195,206,0,206,401
08/13/2007,PHF,VA,AEA,EN,Towers with Radar,28,35,23,7,93,0,0,194,22,216,28,35,217,29,309,222,80,302,611
08/14/2007,PHF,VA,AEA,EN,Towers with Radar,28,41,36,13,118,0,0,182,79,261,28,41,218,92,379,304,184,488,867
08/15/2007,PHF,VA,AEA,EN,Towers with Radar,28,41,30,11,110,0,0,73,66,139,28,41,103,77,249,250,134,384,633
08/16/2007,PHF,VA,AEA,EN,Towers with Radar,26,29,23,32,110,0,0,139,66,205,26,29,162,98,315,278,178,456,771
08/17/2007,PHF,VA,AEA,EN,Towers with Radar,27,33,45,21,126,0,0,206,30,236,27,33,251,51,362,174,76,250,612
08/18/2007,PHF,VA,AEA,EN,Towers with Radar,26,29,18,7,80,0,1,139,56,196,26,30,157,63,276,194,166,360,636
08/19/2007,PHF,VA,AEA,EN,Towers with Radar,31,34,30,3,98,0,0,101,38,139,31,34,131,41,237,264,180,444,681
08/20/2007,PHF,VA,AEA,EN,Towers with Radar,29,36,38,13,116,0,0,114,29,143,29,36,152,42,259,250,120,370,629
08/21/2007,PHF,VA,AEA,EN,Towers with Radar,25,40,40,21,126,0,2,140,55,197,25,42,180,76,323,220,142,362,685
08/22/2007,PHF,VA,AEA,EN,Towers with Radar,23,44,31,4,102,0,0,76,125,201,23,44,107,129,303,208,312,520,823
08/23/2007,PHF,VA,AEA,EN,Towers with Radar,26,43,34,21,124,0,0,92,92,184,26,43,126,113,308,290,278,568,876
08/24/2007,PHF,VA,AEA,EN,Towers with Radar,25,60,27,16,128,0,0,180,49,229,25,60,207,65,357,218,134,352,709
08/25/2007,PHF,VA,AEA,EN,Towers with Radar,30,32,19,13,94,0,0,132,36,168,30,32,151,49,262,240,120,360,622
08/26/2007,PHF,VA,AEA,EN,Towers with Radar,26,33,32,2,93,0,0,92,0,92,26,33,124,2,185,126,0,126,311
08/27/2007,PHF,VA,AEA,EN,Towers with Radar,27,63,28,12,130,0,2,71,48,121,27,65,99,60,251,80,72,152,403
08/28/2007,PHF,VA,AEA,EN,Towers with Radar,23,52,39,8,122,0,0,129,70,199,23,52,168,78,321,130,130,260,581
08/29/2007,PHF,VA,AEA,EN,Towers with Radar,28,76,49,10,163,0,0,329,120,449,28,76,378,130,612,360,336,696,1308
08/30/2007,PHF,VA,AEA,EN,Towers with Radar,25,63,21,11,120,0,0,195,142,337,25,63,216,153,457,350,498,848,1305
08/31/2007,PHF,VA,AEA,EN,Towers with Radar,30,43,38,10,121,0,0,174,17,191,30,43,212,27,312,252,140,392,704
09/01/2007,PHF,VA,AEA,EN,Towers with Radar,26,22,24,0,72,0,0,131,19,150,26,22,155,19,222,232,74,306,528
09/02/2007,PHF,VA,AEA,EN,Towers with Radar,24,17,18,0,59,0,4,104,0,108,24,21,122,0,167,212,0,212,379
09/03/2007,PHF,VA,AEA,EN,Towers with Radar,25,27,16,0,68,0,0,28,0,28,25,27,44,0,96,34,0,34,130
09/04/2007,PHF,VA,AEA,EN,Towers with Radar,26,37,31,4,98,0,0,144,50,194,26,37,175,54,292,226,192,418,710
09/05/2007,PHF,VA,AEA,EN,Towers with Radar,28,31,35,4,98,0,0,158,47,205,28,31,193,51,303,148,40,188,491
09/06/2007,PHF,VA,AEA,EN,Towers with Radar,26,33,45,19,123,0,0,152,13,165,26,33,197,32,288,140,42,182,470
09/07/2007,PHF,VA,AEA,EN,Towers with Radar,29,41,28,7,105,0,0,130,60,190,29,41,158,67,295,190,128,318,613
09/08/2007,PHF,VA,AEA,EN,Towers with Radar,29,35,29,4,97,0,0,104,44,148,29,35,133,48,245,158,52,210,455
09/09/2007,PHF,VA,AEA,EN,Towers with Radar,25,32,21,2,80,0,0,92,0,92,25,32,113,2,172,128,0,128,300
09/10/2007,PHF,VA,AEA,EN,Towers with Radar,23,48,20,20,111,0,0,30,17,47,23,48,50,37,158,46,0,46,204
09/11/2007,PHF,VA,AEA,EN,Towers with Radar,24,36,19,7,86,0,2,81,12,95,24,38,100,19,181,130,54,184,365
09/12/2007,PHF,VA,AEA,EN,Towers with Radar,26,42,31,28,127,0,0,84,26,110,26,42,115,54,237,220,156,376,613
09/13/2007,PHF,VA,AEA,EN,Towers with Radar,25,31,35,6,97,0,0,63,9,72,25,31,98,15,169,180,128,308,477
09/14/2007,PHF,VA,AEA,EN,Towers with Radar,27,38,37,7,109,0,0,137,12,149,27,38,174,19,258,166,20,186,444
09/15/2007,PHF,VA,AEA,EN,Towers with Radar,27,27,26,2,82,2,0,178,18,198,29,27,204,20,280,222,112,334,614
09/16/2007,PHF,VA,AEA,EN,Towers with Radar,24,29,42,5,100,0,0,99,0,99,24,29,141,5,199,154,0,154,353
09/17/2007,PHF,VA,AEA,EN,Towers with Radar,35,39,43,19,136,0,0,66,34,100,35,39,109,53,236,116,92,208,444
09/18/2007,PHF,VA,AEA,EN,Towers with Radar,25,41,41,5,112,0,0,80,14,94,25,41,121,19,206,188,158,346,552
09/19/2007,PHF,VA,AEA,EN,Towers with Radar,23,52,26,7,108,0,0,46,13,59,23,52,72,20,167,208,192,400,567
09/20/2007,PHF,VA,AEA,EN,Towers with Radar,25,42,27,5,99,0,0,80,8,88,25,42,107,13,187,162,88,250,437
09/21/2007,PHF,VA,AEA,EN,Towers with Radar,23,38,40,16,117,0,0,33,9,42,23,38,73,25,159,58,58,116,275
09/22/2007,PHF,VA,AEA,EN,Towers with Radar,28,41,26,3,98,0,0,125,12,137,28,41,151,15,235,170,120,290,525
09/23/2007,PHF,VA,AEA,EN,Towers with Radar,27,42,26,1,96,0,0,59,5,64,27,42,85,6,160,94,36,130,290
09/24/2007,PHF,VA,AEA,EN,Towers with Radar,24,40,33,2,99,0,0,124,31,155,24,40,157,33,254,206,162,368,622
09/25/2007,PHF,VA,AEA,EN,Towers with Radar,27,45,42,9,123,0,0,68,6,74,27,45,110,15,197,114,18,132,329
09/26/2007,PHF,VA,AEA,EN,Towers with Radar,24,62,40,6,132,0,0,127,23,150,24,62,167,29,282,234,198,432,714
09/27/2007,PHF,VA,AEA,EN,Towers with Radar,24,38,45,5,112,0,0,107,3,110,24,38,152,8,222,234,138,372,594
09/28/2007,PHF,VA,AEA,EN,Towers with Radar,29,56,58,16,159,0,0,180,41,221,29,56,238,57,380,218,68,286,666
09/29/2007,PHF,VA,AEA,EN,Towers with Radar,28,37,25,2,92,0,0,30,1,31,28,37,55,3,123,102,0,102,225
09/30/2007,PHF,VA,AEA,EN,Towers with Radar,24,33,32,0,89,0,0,80,0,80,24,33,112,0,169,96,0,96,265
10/01/2007,PHF,VA,AEA,EN,Towers with Radar,28,41,35,18,122,0,0,104,43,147,28,41,139,61,269,280,230,510,779
10/02/2007,PHF,VA,AEA,EN,Towers with Radar,24,40,29,17,110,0,0,66,31,97,24,40,95,48,207,186,132,318,525
10/03/2007,PHF,VA,AEA,EN,Towers with Radar,22,39,21,24,106,0,0,54,23,77,22,39,75,47,183,192,188,380,563
10/04/2007,PHF,VA,AEA,EN,Towers with Radar,32,27,46,4,109,0,0,87,46,133,32,27,133,50,242,170,128,298,540
10/05/2007,PHF,VA,AEA,EN,Towers with Radar,28,65,43,25,161,0,0,71,22,93,28,65,114,47,254,210,38,248,502
10/06/2007,PHF,VA,AEA,EN,Towers with Radar,26,25,16,0,67,0,0,46,0,46,26,25,62,0,113,156,78,234,347
10/07/2007,PHF,VA,AEA,EN,Towers with Radar,30,37,22,0,89,0,0,66,0,66,30,37,88,0,155,124,0,124,279
10/08/2007,PHF,VA,AEA,EN,Towers with Radar,30,37,22,0,89,0,0,66,0,66,30,37,88,0,155,124,0,124,279
10/09/2007,PHF,VA,AEA,EN,Towers with Radar,23,37,40,8,108,0,0,40,29,69,23,37,80,37,177,56,10,66,243
10/10/2007,PHF,VA,AEA,EN,Towers with Radar,23,58,73,9,163,0,2,68,40,110,23,60,141,49,273,14,66,80,353
10/11/2007,PHF,VA,AEA,EN,Towers with Radar,21,50,56,14,141,0,0,90,21,111,21,50,146,35,252,166,156,322,574
10/12/2007,PHF,VA,AEA,EN,Towers with Radar,26,47,67,5,145,0,2,44,25,71,26,49,111,30,216,128,148,276,492
10/13/2007,PHF,VA,AEA,EN,Towers with Radar,27,26,38,5,96,0,0,97,5,102,27,26,135,10,198,136,0,136,334
10/14/2007,PHF,VA,AEA,EN,Towers with Radar,28,26,47,6,107,0,0,200,8,208,28,26,247,14,315,276,84,360,675
10/15/2007,PHF,VA,AEA,EN,Towers with Radar,24,44,37,5,110,0,0,62,28,90,24,44,99,33,200,58,48,106,306
10/16/2007,PHF,VA,AEA,EN,Towers with Radar,24,43,39,7,113,0,0,70,60,130,24,43,109,67,243,172,174,346,589
10/17/2007,PHF,VA,AEA,EN,Towers with Radar,22,45,41,8,116,0,4,112,26,142,22,49,153,34,258,162,100,262,520
10/18/2007,PHF,VA,AEA,EN,Towers with Radar,24,38,37,16,115,0,0,58,16,74,24,38,95,32,189,182,170,352,541
10/19/2007,PHF,VA,AEA,EN,Towers with Radar,23,42,29,12,106,0,0,13,6,19,23,42,42,18,125,126,24,150,275
10/20/2007,PHF,VA,AEA,EN,Towers with Radar,27,37,15,0,79,0,0,158,0,158,27,37,173,0,237,194,0,194,431
10/21/2007,PHF,VA,AEA,EN,Towers with Radar,22,38,33,4,97,0,0,108,3,111,22,38,141,7,208,226,30,256,464
10/22/2007,PHF,VA,AEA,EN,Towers with Radar,23,37,29,1,90,0,0,55,22,77,23,37,84,23,167,100,26,126,293
10/23/2007,PHF,VA,AEA,EN,Towers with Radar,22,44,25,7,98,0,0,46,6,52,22,44,71,13,150,202,146,348,498
10/24/2007,PHF,VA,AEA,EN,Towers with Radar,21,41,30,13,105,0,0,28,9,37,21,41,58,22,142,78,22,100,242
10/25/2007,PHF,VA,AEA,EN,Towers with Radar,23,46,37,3,109,0,0,8,1,9,23,46,45,4,118,0,0,0,118
10/26/2007,PHF,VA,AEA,EN,Towers with Radar,24,32,27,8,91,0,0,4,5,9,24,32,31,13,100,0,0,0,100
10/27/2007,PHF,VA,AEA,EN,Towers with Radar,28,32,20,3,83,0,0,18,6,24,28,32,38,9,107,8,0,8,115
10/28/2007,PHF,VA,AEA,EN,Towers with Radar,27,33,20,6,86,0,0,1,1,2,27,33,21,7,88,122,0,122,210
10/29/2007,PHF,VA,AEA,EN,Towers with Radar,29,44,43,9,125,0,0,103,16,119,29,44,146,25,244,192,148,340,584
10/30/2007,PHF,VA,AEA,EN,Towers with Radar,24,41,32,6,103,0,18,93,36,147,24,59,125,42,250,74,150,224,474
10/31/2007,PHF,VA,AEA,EN,Towers with Radar,22,36,28,18,104,0,0,98,16,114,22,36,126,34,218,136,134,270,488
11/01/2007,PHF,VA,AEA,EN,Towers with Radar,24,52,42,5,123,0,0,58,34,92,24,52,100,39,215,162,174,336,551
11/02/2007,PHF,VA,AEA,EN,Towers with Radar,25,41,26,3,95,0,0,52,3,55,25,41,78,6,150,74,0,74,224
11/03/2007,PHF,VA,AEA,EN,Towers with Radar,25,33,14,0,72,0,0,58,1,59,25,33,72,1,131,86,0,86,217
11/04/2007,PHF,VA,AEA,EN,Towers with Radar,25,37,28,0,90,0,0,85,0,85,25,37,113,0,175,120,0,120,295
11/05/2007,PHF,VA,AEA,EN,Towers with Radar,26,42,41,16,125,0,0,69,19,88,26,42,110,35,213,202,102,304,517
11/06/2007,PHF,VA,AEA,EN,Towers with Radar,23,33,35,15,106,0,0,54,20,74,23,33,89,35,180,238,120,358,538
11/07/2007,PHF,VA,AEA,EN,Towers with Radar,21,47,34,12,114,0,0,73,9,82,21,47,107,21,196,192,106,298,494
11/08/2007,PHF,VA,AEA,EN,Towers with Radar,25,35,34,23,117,0,0,75,32,107,25,35,109,55,224,148,208,356,580
11/09/2007,PHF,VA,AEA,EN,Towers with Radar,26,38,42,9,115,0,0,4,4,8,26,38,46,13,123,88,14,102,225
11/10/2007,PHF,VA,AEA,EN,Towers with Radar,29,25,7,0,61,0,0,44,0,44,29,25,51,0,105,154,0,154,259
11/11/2007,PHF,VA,AEA,EN,Towers with Radar,24,41,22,0,87,0,0,41,0,41,24,41,63,0,128,68,0,68,196
11/12/2007,PHF,VA,AEA,EN,Towers with Radar,28,35,18,1,82,0,0,36,14,50,28,35,54,15,132,38,24,62,194
11/13/2007,PHF,VA,AEA,EN,Towers with Radar,24,34,30,4,92,0,0,76,32,108,24,34,106,36,200,172,110,282,482
11/14/2007,PHF,VA,AEA,EN,Towers with Radar,23,43,40,12,118,0,1,103,8,112,23,44,143,20,230,208,122,330,560
11/15/2007,PHF,VA,AEA,EN,Towers with Radar,26,50,24,16,116,0,1,73,11,85,26,51,97,27,201,122,110,232,433
11/16/2007,PHF,VA,AEA,EN,Towers with Radar,36,51,39,7,133,0,0,92,32,124,36,51,131,39,257,222,182,404,661
11/17/2007,PHF,VA,AEA,EN,Towers with Radar,25,31,26,9,91,0,0,56,11,67,25,31,82,20,158,142,114,256,414
11/18/2007,PHF,VA,AEA,EN,Towers with Radar,25,33,32,13,103,0,0,5,3,8,25,33,37,16,111,90,88,178,289
11/19/2007,PHF,VA,AEA,EN,Towers with Radar,21,70,27,37,155,0,2,2,15,19,21,72,29,52,174,2,0,2,176
11/20/2007,PHF,VA,AEA,EN,Towers with Radar,24,55,52,51,182,1,0,52,46,99,25,55,104,97,281,146,164,310,591
11/21/2007,PHF,VA,AEA,EN,Towers with Radar,23,51,43,28,145,0,0,47,12,59,23,51,90,40,204,42,32,74,278
11/22/2007,PHF,VA,AEA,EN,Towers with Radar,19,26,3,17,65,0,0,10,0,10,19,26,13,17,75,18,0,18,93
11/23/2007,PHF,VA,AEA,EN,Towers with Radar,20,32,5,3,60,0,0,46,0,46,20,32,51,3,106,118,0,118,224
11/24/2007,PHF,VA,AEA,EN,Towers with Radar,25,36,11,0,72,0,0,40,0,40,25,36,51,0,112,102,0,102,214
11/25/2007,PHF,VA,AEA,EN,Towers with Radar,22,32,36,0,90,0,0,21,0,21,22,32,57,0,111,38,0,38,149
11/26/2007,PHF,VA,AEA,EN,Towers with Radar,22,53,24,6,105,0,0,50,4,54,22,53,74,10,159,100,108,208,367
11/27/2007,PHF,VA,AEA,EN,Towers with Radar,29,48,28,6,111,0,0,49,34,83,29,48,77,40,194,200,174,374,568
11/28/2007,PHF,VA,AEA,EN,Towers with Radar,23,63,43,14,143,0,6,102,57,165,23,69,145,71,308,176,148,324,632
11/29/2007,PHF,VA,AEA,EN,Towers with Radar,25,53,37,15,130,0,2,63,6,71,25,55,100,21,201,88,10,98,299
11/30/2007,PHF,VA,AEA,EN,Towers with Radar,37,43,33,9,122,0,0,81,22,103,37,43,114,31,225,150,46,196,421
12/01/2007,PHF,VA,AEA,EN,Towers with Radar,26,32,19,2,79,0,0,93,13,106,26,32,112,15,185,126,24,150,335
12/02/2007,PHF,VA,AEA,EN,Towers with Radar,23,27,12,2,64,0,0,82,6,88,23,27,94,8,152,78,0,78,230
12/03/2007,PHF,VA,AEA,EN,Towers with Radar,21,40,20,5,86,0,1,7,3,11,21,41,27,8,97,2,0,2,99
12/04/2007,PHF,VA,AEA,EN,Towers with Radar,24,50,30,4,108,0,0,0,0,0,24,50,30,4,108,68,2,70,178
12/05/2007,PHF,VA,AEA,EN,Towers with Radar,26,47,30,25,128,0,1,105,23,129,26,48,135,48,257,236,78,314,571
12/06/2007,PHF,VA,AEA,EN,Towers with Radar,24,50,30,11,115,0,1,78,4,83,24,51,108,15,198,232,36,268,466
12/07/2007,PHF,VA,AEA,EN,Towers with Radar,26,34,36,12,108,0,0,123,15,138,26,34,159,27,246,154,30,184,430
12/08/2007,PHF,VA,AEA,EN,Towers with Radar,30,21,12,2,65,0,0,91,0,91,30,21,103,2,156,200,0,200,356
12/09/2007,PHF,VA,AEA,EN,Towers with Radar,25,26,11,2,64,0,0,42,11,53,25,26,53,13,117,46,36,82,199
12/10/2007,PHF,VA,AEA,EN,Towers with Radar,30,47,24,29,130,1,2,37,30,70,31,49,61,59,200,200,130,330,530
12/11/2007,PHF,VA,AEA,EN,Towers with Radar,26,29,33,5,93,0,0,14,38,52,26,29,47,43,145,58,4,62,207
12/12/2007,PHF,VA,AEA,EN,Towers with Radar,24,39,35,17,115,0,0,47,22,69,24,39,82,39,184,164,128,292,476
12/13/2007,PHF,VA,AEA,EN,Towers with Radar,26,52,15,16,109,1,2,25,14,42,27,54,40,30,151,22,70,92,243
12/14/2007,PHF,VA,AEA,EN,Towers with Radar,21,46,28,15,110,0,0,83,16,99,21,46,111,31,209,108,40,148,357
12/15/2007,PHF,VA,AEA,EN,Towers with Radar,26,31,18,0,75,0,0,112,0,112,26,31,130,0,187,124,0,124,311
12/16/2007,PHF,VA,AEA,EN,Towers with Radar,20,29,3,0,52,0,0,0,0,0,20,29,3,0,52,0,0,0,52
12/17/2007,PHF,VA,AEA,EN,Towers with Radar,24,45,12,2,83,0,0,23,12,35,24,45,35,14,118,22,0,22,140
12/18/2007,PHF,VA,AEA,EN,Towers with Radar,25,46,33,24,128,0,0,48,28,76,25,46,81,52,204,168,176,344,548
12/19/2007,PHF,VA,AEA,EN,Towers with Radar,24,61,33,8,126,0,0,46,18,64,24,61,79,26,190,106,48,154,344
12/20/2007,PHF,VA,AEA,EN,Towers with Radar,24,41,17,24,106,0,2,67,30,99,24,43,84,54,205,164,158,322,527
12/21/2007,PHF,VA,AEA,EN,Towers with Radar,23,36,28,6,93,0,0,61,7,68,23,36,89,13,161,86,50,136,297
12/22/2007,PHF,VA,AEA,EN,Towers with Radar,25,28,13,0,66,0,0,15,0,15,25,28,28,0,81,26,0,26,107
12/23/2007,PHF,VA,AEA,EN,Towers with Radar,21,24,7,0,52,0,0,0,0,0,21,24,7,0,52,0,0,0,52
12/24/2007,PHF,VA,AEA,EN,Towers with Radar,27,27,10,0,64,0,0,75,0,75,27,27,85,0,139,156,0,156,295
12/25/2007,PHF,VA,AEA,EN,Towers with Radar,21,25,8,0,54,0,0,30,0,30,21,25,38,0,84,94,0,94,178
12/26/2007,PHF,VA,AEA,EN,Towers with Radar,23,40,13,0,76,0,0,0,8,8,23,40,13,8,84,0,0,0,84
12/27/2007,PHF,VA,AEA,EN,Towers with Radar,26,36,35,1,98,0,0,51,20,71,26,36,86,21,169,140,98,238,407
12/28/2007,PHF,VA,AEA,EN,Towers with Radar,31,35,15,6,87,0,0,45,9,54,31,35,60,15,141,102,30,132,273
12/29/2007,PHF,VA,AEA,EN,Towers with Radar,25,28,15,1,69,0,0,4,0,4,25,28,19,1,73,0,0,0,73
12/30/2007,PHF,VA,AEA,EN,Towers with Radar,24,26,9,0,59,0,0,1,0,1,24,26,10,0,60,0,0,0,60
12/31/2007,PHF,VA,AEA,EN,Towers with Radar,19,20,15,1,55,0,0,25,1,26,19,20,40,2,81,60,0,60,141
01/01/2008,PHF,VA,AEA,EN,Towers with Radar,23,26,8,0,57,0,0,26,6,32,23,26,34,6,89,42,0,42,131
01/02/2008,PHF,VA,AEA,EN,Towers with Radar,23,37,12,12,84,0,0,0,0,0,23,37,12,12,84,56,84,140,224
01/03/2008,PHF,VA,AEA,EN,Towers with Radar,25,33,22,10,90,0,0,27,10,37,25,33,49,20,127,10,0,10,137
01/04/2008,PHF,VA,AEA,EN,Towers with Radar,23,35,24,13,95,0,0,52,18,70,23,35,76,31,165,171,201,372,537
01/05/2008,PHF,VA,AEA,EN,Towers with Radar,29,24,22,6,81,0,0,94,8,102,29,24,116,14,183,184,44,228,411
01/06/2008,PHF,VA,AEA,EN,Towers with Radar,21,33,16,0,70,0,0,0,0,0,21,33,16,0,70,124,0,124,194
01/07/2008,PHF,VA,AEA,EN,Towers with Radar,27,28,23,2,80,0,0,34,14,48,27,28,57,16,128,78,76,154,282
01/08/2008,PHF,VA,AEA,EN,Towers with Radar,23,37,22,1,83,0,0,110,38,148,23,37,132,39,231,162,168,330,561
01/09/2008,PHF,VA,AEA,EN,Towers with Radar,24,38,12,5,79,0,0,71,40,111,24,38,83,45,190,106,186,292,482
01/10/2008,PHF,VA,AEA,EN,Towers with Radar,25,56,16,3,100,0,2,60,26,88,25,58,76,29,188,160,118,278,466
01/11/2008,PHF,VA,AEA,EN,Towers with Radar,27,48,28,25,128,0,0,147,25,172,27,48,175,50,300,178,170,348,648
01/12/2008,PHF,VA,AEA,EN,Towers with Radar,21,33,25,2,81,0,0,45,2,47,21,33,70,4,128,136,0,136,264
01/13/2008,PHF,VA,AEA,EN,Towers with Radar,23,33,31,3,90,0,0,15,2,17,23,33,46,5,107,18,10,28,135
01/14/2008,PHF,VA,AEA,EN,Towers with Radar,26,30,20,7,83,0,0,51,24,75,26,30,71,31,158,64,68,132,290
01/15/2008,PHF,VA,AEA,EN,Towers with Radar,23,44,22,11,100,0,0,79,28,107,23,44,101,39,207,160,98,258,465
01/16/2008,PHF,VA,AEA,EN,Towers with Radar,28,40,38,31,137,0,0,132,31,163,28,40,170,62,300,226,110,336,636
01/17/2008,PHF,VA,AEA,EN,Towers with Radar,20,38,20,1,79,0,0,4,0,4,20,38,24,1,83,0,0,0,83
01/18/2008,PHF,VA,AEA,EN,Towers with Radar,25,34,32,25,116,0,0,104,20,124,25,34,136,45,240,200,158,358,598
01/19/2008,PHF,VA,AEA,EN,Towers with Radar,19,20,10,0,49,0,0,4,0,4,19,20,14,0,53,0,0,0,53
01/20/2008,PHF,VA,AEA,EN,Towers with Radar,18,28,16,2,64,0,0,21,2,23,18,28,37,4,87,22,4,26,113
01/21/2008,PHF,VA,AEA,EN,Towers with Radar,25,38,28,0,91,0,0,65,0,65,25,38,93,0,156,96,0,96,252
01/22/2008,PHF,VA,AEA,EN,Towers with Radar,23,44,19,8,94,0,0,38,24,62,23,44,57,32,156,120,62,182,338
01/23/2008,PHF,VA,AEA,EN,Towers with Radar,26,41,44,15,126,0,0,66,10,76,26,41,110,25,202,130,62,192,394
01/24/2008,PHF,VA,AEA,EN,Towers with Radar,32,30,21,9,92,0,0,10,9,19,32,30,31,18,111,34,42,76,187
01/25/2008,PHF,VA,AEA,EN,Towers with Radar,25,37,45,5,112,0,0,83,21,104,25,37,128,26,216,132,166,298,514
01/26/2008,PHF,VA,AEA,EN,Towers with Radar,23,37,24,0,84,0,0,99,7,106,23,37,123,7,190,156,0,156,346
01/27/2008,PHF,VA,AEA,EN,Towers with Radar,23,28,14,0,65,0,0,51,0,51,23,28,65,0,116,74,0,74,190
01/28/2008,PHF,VA,AEA,EN,Towers with Radar,27,42,25,3,97,0,0,68,19,87,27,42,93,22,184,128,88,216,400
01/29/2008,PHF,VA,AEA,EN,Towers with Radar,30,46,30,24,130,0,0,59,21,80,30,46,89,45,210,108,92,200,410
01/30/2008,PHF,VA,AEA,EN,Towers with Radar,24,52,27,28,131,0,0,46,15,61,24,52,73,43,192,142,56,198,390
01/31/2008,PHF,VA,AEA,EN,Towers with Radar,27,47,24,15,113,0,0,56,26,82,27,47,80,41,195,106,126,232,427
02/01/2008,PHF,VA,AEA,EN,Towers with Radar,24,24,15,2,65,0,0,5,16,21,24,24,20,18,86,0,0,0,86
02/02/2008,PHF,VA,AEA,EN,Towers with Radar,21,29,24,0,74,0,0,66,0,66,21,29,90,0,140,210,8,218,358
02/03/2008,PHF,VA,AEA,EN,Towers with Radar,22,25,17,4,68,0,0,63,0,63,22,25,80,4,131,32,0,32,163
02/04/2008,PHF,VA,AEA,EN,Towers with Radar,26,40,18,6,90,0,0,58,8,66,26,40,76,14,156,12,12,24,180
02/05/2008,PHF,VA,AEA,EN,Towers with Radar,23,31,21,5,80,0,0,2,4,6,23,31,23,9,86,82,36,118,204
02/06/2008,PHF,VA,AEA,EN,Towers with Radar,29,36,26,22,113,0,0,58,30,88,29,36,84,52,201,80,52,132,333
02/07/2008,PHF,VA,AEA,EN,Towers with Radar,20,44,30,4,98,0,0,74,19,93,20,44,104,23,191,170,100,270,461
02/08/2008,PHF,VA,AEA,EN,Towers with Radar,26,33,42,21,122,0,0,98,14,112,26,33,140,35,234,204,214,418,652
02/09/2008,PHF,VA,AEA,EN,Towers with Radar,20,27,28,5,80,0,0,50,2,52,20,27,78,7,132,134,4,138,270
02/10/2008,PHF,VA,AEA,EN,Towers with Radar,21,22,9,0,52,0,0,0,2,2,21,22,9,2,54,0,0,0,54
02/11/2008,PHF,VA,AEA,EN,Towers with Radar,27,43,24,10,104,0,0,48,10,58,27,43,72,20,162,46,44,90,252
02/12/2008,PHF,VA,AEA,EN,Towers with Radar,23,28,12,12,75,0,4,43,7,54,23,32,55,19,129,0,0,0,129
02/13/2008,PHF,VA,AEA,EN,Towers with Radar,25,33,23,6,87,0,0,4,6,10,25,33,27,12,97,0,0,0,97
02/14/2008,PHF,VA,AEA,EN,Towers with Radar,23,43,16,7,89,0,0,139,2,141,23,43,155,9,230,176,52,228,458
02/15/2008,PHF,VA,AEA,EN,Towers with Radar,29,42,27,14,112,0,0,48,7,55,29,42,75,21,167,144,120,264,431
02/16/2008,PHF,VA,AEA,EN,Towers with Radar,26,26,11,3,66,0,1,56,6,63,26,27,67,9,129,14,0,14,143
02/17/2008,PHF,VA,AEA,EN,Towers with Radar,23,23,18,2,66,0,0,9,0,9,23,23,27,2,75,6,0,6,81
02/18/2008,PHF,VA,AEA,EN,Towers with Radar,28,31,21,3,83,0,0,99,2,101,28,31,120,5,184,156,0,156,340
02/19/2008,PHF,VA,AEA,EN,Towers with Radar,37,41,26,21,125,0,0,66,7,73,37,41,92,28,198,112,0,112,310
02/20/2008,PHF,VA,AEA,EN,Towers with Radar,27,56,24,6,113,0,0,72,36,108,27,56,96,42,221,218,196,414,635
02/21/2008,PHF,VA,AEA,EN,Towers with Radar,25,44,34,25,128,0,0,43,19,62,25,44,77,44,190,60,87,147,337
02/22/2008,PHF,VA,AEA,EN,Towers with Radar,14,26,6,9,55,5,8,2,0,15,19,34,8,9,70,0,0,0,70
02/23/2008,PHF,VA,AEA,EN,Towers with Radar,25,29,15,0,69,0,0,2,0,2,25,29,17,0,71,0,0,0,71
02/24/2008,PHF,VA,AEA,EN,Towers with Radar,28,30,20,4,82,0,0,25,0,25,28,30,45,4,107,70,10,80,187
02/25/2008,PHF,VA,AEA,EN,Towers with Radar,27,40,26,3,96,0,4,38,10,52,27,44,64,13,148,104,78,182,330
02/26/2008,PHF,VA,AEA,EN,Towers with Radar,22,47,15,2,86,0,4,93,4,101,22,51,108,6,187,90,78,168,355
02/27/2008,PHF,VA,AEA,EN,Towers with Radar,31,49,18,25,123,0,8,66,13,87,31,57,84,38,210,88,118,206,416
02/28/2008,PHF,VA,AEA,EN,Towers with Radar,24,46,29,19,118,0,0,65,20,85,24,46,94,39,203,80,82,162,365
02/29/2008,PHF,VA,AEA,EN,Towers with Radar,32,44,24,6,106,0,0,74,6,80,32,44,98,12,186,62,26,88,274
03/01/2008,PHF,VA,AEA,EN,Towers with Radar,26,30,10,1,67,0,0,22,0,22,26,30,32,1,89,0,0,0,89
03/02/2008,PHF,VA,AEA,EN,Towers with Radar,26,35,22,0,83,0,0,52,0,52,26,35,74,0,135,52,4,56,191
03/03/2008,PHF,VA,AEA,EN,Towers with Radar,26,44,21,6,97,0,0,76,42,118,26,44,97,48,215,156,128,284,499
03/04/2008,PHF,VA,AEA,EN,Towers with Radar,25,41,19,10,95,0,0,25,7,32,25,41,44,17,127,108,40,148,275
03/05/2008,PHF,VA,AEA,EN,Towers with Radar,28,49,21,6,104,0,0,113,46,159,28,49,134,52,263,272,238,510,773
03/06/2008,PHF,VA,AEA,EN,Towers with Radar,28,48,35,4,115,0,6,70,9,85,28,54,105,13,200,144,134,278,478
03/07/2008,PHF,VA,AEA,EN,Towers with Radar,26,30,22,2,80,1,0,0,0,1,27,30,22,2,81,0,0,0,81
03/08/2008,PHF,VA,AEA,EN,Towers with Radar,29,29,5,0,63,0,0,0,0,0,29,29,5,0,63,0,0,0,63
03/09/2008,PHF,VA,AEA,EN,Towers with Radar,28,25,16,0,69,0,0,44,0,44,28,25,60,0,113,70,10,80,193
03/10/2008,PHF,VA,AEA,EN,Towers with Radar,30,50,20,19,119,0,4,54,20,78,30,54,74,39,197,100,88,188,385
03/11/2008,PHF,VA,AEA,EN,Towers with Radar,28,36,37,3,104,0,0,49,24,73,28,36,86,27,177,104,0,104,281
03/12/2008,PHF,VA,AEA,EN,Towers with Radar,28,39,38,23,128,0,0,46,22,68,28,39,84,45,196,174,124,298,494
03/13/2008,PHF,VA,AEA,EN,Towers with Radar,28,42,27,11,108,0,0,50,15,65,28,42,77,26,173,180,132,312,485
03/14/2008,PHF,VA,AEA,EN,Towers with Radar,25,39,30,2,96,0,0,60,17,77,25,39,90,19,173,90,50,140,313
03/15/2008,PHF,VA,AEA,EN,Towers with Radar,26,36,15,4,81,0,0,56,2,58,26,36,71,6,139,46,2,48,187
03/16/2008,PHF,VA,AEA,EN,Towers with Radar,26,33,24,0,83,0,0,12,0,12,26,33,36,0,95,0,2,2,97
03/17/2008,PHF,VA,AEA,EN,Towers with Radar,29,47,28,5,109,0,0,39,4,43,29,47,67,9,152,72,0,72,224
03/18/2008,PHF,VA,AEA,EN,Towers with Radar,27,48,29,10,114,0,0,58,12,70,27,48,87,22,184,152,44,196,380
03/19/2008,PHF,VA,AEA,EN,Towers with Radar,24,41,19,17,101,0,0,11,15,26,24,41,30,32,127,44,194,238,365
03/20/2008,PHF,VA,AEA,EN,Towers with Radar,26,51,22,5,104,0,0,16,6,22,26,51,38,11,126,22,12,34,160
03/21/2008,PHF,VA,AEA,EN,Towers with Radar,27,41,35,14,117,0,0,58,12,70,27,41,93,26,187,64,34,98,285
03/22/2008,PHF,VA,AEA,EN,Towers with Radar,30,31,18,3,82,0,0,41,3,44,30,31,59,6,126,118,36,154,280
03/23/2008,PHF,VA,AEA,EN,Towers with Radar,28,26,19,0,73,0,0,47,2,49,28,26,66,2,122,52,2,54,176
03/24/2008,PHF,VA,AEA,EN,Towers with Radar,34,52,18,14,118,0,0,37,33,70,34,52,55,47,188,152,38,190,378
03/25/2008,PHF,VA,AEA,EN,Towers with Radar,29,60,23,13,125,0,0,37,48,85,29,60,60,61,210,68,134,202,412
03/26/2008,PHF,VA,AEA,EN,Towers with Radar,28,34,25,2,89,0,2,12,22,36,28,36,37,24,125,8,14,22,147
03/27/2008,PHF,VA,AEA,EN,Towers with Radar,29,48,26,30,133,0,2,44,20,66,29,50,70,50,199,148,172,320,519
03/28/2008,PHF,VA,AEA,EN,Towers with Radar,28,42,26,6,102,0,0,31,7,38,28,42,57,13,140,30,12,42,182
03/29/2008,PHF,VA,AEA,EN,Towers with Radar,27,30,13,0,70,0,0,15,0,15,27,30,28,0,85,6,0,6,91
03/30/2008,PHF,VA,AEA,EN,Towers with Radar,25,25,14,0,64,0,0,21,2,23,25,25,35,2,87,44,0,44,131
03/31/2008,PHF,VA,AEA,EN,Towers with Radar,32,34,25,7,98,0,0,26,20,46,32,34,51,27,144,18,78,96,240
04/01/2008,PHF,VA,AEA,EN,Towers with Radar,26,42,13,37,118,0,0,24,27,51,26,42,37,64,169,0,208,208,377
04/02/2008,PHF,VA,AEA,EN,Towers with Radar,30,47,27,23,127,0,0,28,21,49,30,47,55,44,176,92,80,172,348
04/03/2008,PHF,VA,AEA,EN,Towers with Radar,28,53,30,4,115,0,1,25,4,30,28,54,55,8,145,48,0,48,193
04/04/2008,PHF,VA,AEA,EN,Towers with Radar,25,28,19,10,82,0,0,9,12,21,25,28,28,22,103,0,16,16,119
04/05/2008,PHF,VA,AEA,EN,Towers with Radar,28,38,21,0,87,0,0,10,0,10,28,38,31,0,97,10,0,10,107
04/06/2008,PHF,VA,AEA,EN,Towers with Radar,23,31,14,0,68,0,0,0,0,0,23,31,14,0,68,0,0,0,68
04/07/2008,PHF,VA,AEA,EN,Towers with Radar,28,39,35,0,102,0,0,8,0,8,28,39,43,0,110,0,0,0,110
04/08/2008,PHF,VA,AEA,EN,Towers with Radar,32,40,23,11,106,0,0,6,8,14,32,40,29,19,120,0,8,8,128
04/09/2008,PHF,VA,AEA,EN,Towers with Radar,26,46,38,7,117,0,1,2,5,8,26,47,40,12,125,0,0,0,125
04/10/2008,PHF,VA,AEA,EN,Towers with Radar,25,48,27,2,102,1,0,46,1,48,26,48,73,3,150,116,0,116,266
04/11/2008,PHF,VA,AEA,EN,Towers with Radar,26,35,29,1,91,0,0,20,1,21,26,35,49,2,112,62,64,126,238
04/12/2008,PHF,VA,AEA,EN,Towers with Radar,23,26,15,3,67,0,0,0,0,0,23,26,15,3,67,4,60,64,131
04/13/2008,PHF,VA,AEA,EN,Towers with Radar,32,27,16,5,80,0,0,47,5,52,32,27,63,10,132,66,0,66,198
04/14/2008,PHF,VA,AEA,EN,Towers with Radar,27,42,41,6,116,0,0,18,6,24,27,42,59,12,140,100,46,146,286
04/15/2008,PHF,VA,AEA,EN,Towers with Radar,28,59,19,23,129,0,0,31,16,47,28,59,50,39,176,56,32,88,264
04/16/2008,PHF,VA,AEA,EN,Towers with Radar,26,52,28,6,112,0,1,44,3,48,26,53,72,9,160,76,6,82,242
04/17/2008,PHF,VA,AEA,EN,Towers with Radar,29,39,31,22,121,0,0,21,14,35,29,39,52,36,156,64,42,106,262
04/18/2008,PHF,VA,AEA,EN,Towers with Radar,29,49,35,8,121,0,1,38,12,51,29,50,73,20,172,96,60,156,328
04/19/2008,PHF,VA,AEA,EN,Towers with Radar,25,33,17,4,79,0,0,57,15,72,25,33,74,19,151,68,38,106,257
04/20/2008,PHF,VA,AEA,EN,Towers with Radar,26,29,10,0,65,0,0,2,4,6,26,29,12,4,71,0,0,0,71
04/21/2008,PHF,VA,AEA,EN,Towers with Radar,29,44,18,4,95,0,0,0,3,3,29,44,18,7,98,0,0,0,98
04/22/2008,PHF,VA,AEA,EN,Towers with Radar,26,47,28,17,118,0,1,17,13,31,26,48,45,30,149,10,20,30,179
04/23/2008,PHF,VA,AEA,EN,Towers with Radar,27,43,35,29,134,0,2,15,21,38,27,45,50,50,172,48,40,88,260
04/24/2008,PHF,VA,AEA,EN,Towers with Radar,25,38,44,10,117,0,0,65,18,83,25,38,109,28,200,118,72,190,390
04/25/2008,PHF,VA,AEA,EN,Towers with Radar,22,47,42,17,128,0,0,56,26,82,22,47,98,43,210,122,98,220,430
04/26/2008,PHF,VA,AEA,EN,Towers with Radar,26,31,28,1,86,0,0,8,6,14,26,31,36,7,100,24,30,54,154
04/27/2008,PHF,VA,AEA,EN,Towers with Radar,27,31,15,0,73,0,0,16,6,22,27,31,31,6,95,0,0,0,95
04/28/2008,PHF,VA,AEA,EN,Towers with Radar,28,33,22,10,93,0,0,2,7,9,28,33,24,17,102,0,32,32,134
04/29/2008,PHF,VA,AEA,EN,Towers with Radar,30,42,25,8,105,0,0,46,14,60,30,42,71,22,165,114,74,188,353
04/30/2008,PHF,VA,AEA,EN,Towers with Radar,25,43,54,5,127,0,0,77,12,89,25,43,131,17,216,114,128,242,458
05/01/2008,PHF,VA,AEA,EN,Towers with Radar,30,14,43,9,96,30,0,72,14,116,60,14,115,23,212,72,0,72,284
05/02/2008,PHF,VA,AEA,EN,Towers with Radar,52,9,38,18,117,0,1,51,6,58,52,10,89,24,175,40,96,136,311
05/03/2008,PHF,VA,AEA,EN,Towers with Radar,50,2,22,28,102,0,0,42,0,42,50,2,64,28,144,82,54,136,280
05/04/2008,PHF,VA,AEA,EN,Towers with Radar,51,7,31,0,89,0,0,61,6,67,51,7,92,6,156,158,0,158,314
05/05/2008,PHF,VA,AEA,EN,Towers with Radar,62,13,38,32,145,0,1,42,14,57,62,14,80,46,202,128,48,176,378
05/06/2008,PHF,VA,AEA,EN,Towers with Radar,49,9,23,42,123,0,1,52,9,62,49,10,75,51,185,58,34,92,277
05/07/2008,PHF,VA,AEA,EN,Towers with Radar,53,7,34,28,122,0,2,70,7,79,53,9,104,35,201,148,76,224,425
05/08/2008,PHF,VA,AEA,EN,Towers with Radar,51,8,34,25,118,0,0,33,8,41,51,8,67,33,159,20,68,88,247
05/09/2008,PHF,VA,AEA,EN,Towers with Radar,48,11,25,27,111,0,0,9,3,12,48,11,34,30,123,14,56,70,193
05/10/2008,PHF,VA,AEA,EN,Towers with Radar,47,3,27,5,82,0,0,38,0,38,47,3,65,5,120,64,20,84,204
05/11/2008,PHF,VA,AEA,EN,Towers with Radar,0,0,0,0,0,48,12,35,5,100,48,12,35,5,100,40,0,40,140
05/12/2008,PHF,VA,AEA,EN,Towers with Radar,41,9,15,4,69,0,0,0,0,0,41,9,15,4,69,0,0,0,69
05/13/2008,PHF,VA,AEA,EN,Towers with Radar,54,11,19,17,101,0,0,44,13,57,54,11,63,30,158,46,50,96,254
05/14/2008,PHF,VA,AEA,EN,Towers with Radar,51,13,35,31,130,0,2,106,4,112,51,15,141,35,242,119,44,163,405
05/15/2008,PHF,VA,AEA,EN,Towers with Radar,53,8,30,20,111,0,0,52,4,56,53,8,82,24,167,121,28,149,316
05/16/2008,PHF,VA,AEA,EN,Towers with Radar,42,11,20,9,82,0,0,16,1,17,42,11,36,10,99,72,2,74,173
05/17/2008,PHF,VA,AEA,EN,Towers with Radar,47,2,23,0,72,0,0,77,2,79,47,2,100,2,151,174,2,176,327
05/18/2008,PHF,VA,AEA,EN,Towers with Radar,49,4,16,0,69,0,0,27,3,30,49,4,43,3,99,64,0,64,163
05/19/2008,PHF,VA,AEA,EN,Towers with Radar,51,9,27,17,104,0,0,46,8,54,51,9,73,25,158,110,98,208,366
05/20/2008,PHF,VA,AEA,EN,Towers with Radar,44,16,21,6,87,0,0,15,2,17,44,16,36,8,104,28,6,34,138
05/21/2008,PHF,VA,AEA,EN,Towers with Radar,55,32,33,4,124,0,3,87,7,97,55,35,120,11,221,108,16,124,345
05/22/2008,PHF,VA,AEA,EN,Towers with Radar,54,21,40,21,136,0,2,60,8,70,54,23,100,29,206,92,48,140,346
05/23/2008,PHF,VA,AEA,EN,Towers with Radar,55,11,46,9,121,0,0,76,7,83,55,11,122,16,204,168,4,172,376
05/24/2008,PHF,VA,AEA,EN,Towers with Radar,43,0,14,0,57,0,0,55,0,55,43,0,69,0,112,140,0,140,252
05/25/2008,PHF,VA,AEA,EN,Towers with Radar,38,6,11,0,55,0,0,94,0,94,38,6,105,0,149,222,0,222,371
05/26/2008,PHF,VA,AEA,EN,Towers with Radar,52,3,18,0,73,0,0,92,0,92,52,3,110,0,165,192,0,192,357
05/27/2008,PHF,VA,AEA,EN,Towers with Radar,52,6,19,25,102,0,1,66,4,71,52,7,85,29,173,172,20,192,365
05/28/2008,PHF,VA,AEA,EN,Towers with Radar,52,8,35,13,108,0,0,61,1,62,52,8,96,14,170,102,46,148,318
05/29/2008,PHF,VA,AEA,EN,Towers with Radar,52,9,32,36,129,0,0,57,22,79,52,9,89,58,208,184,74,258,466
05/30/2008,PHF,VA,AEA,EN,Towers with Radar,55,5,18,18,96,0,0,52,7,59,55,5,70,25,155,192,18,210,365
05/31/2008,PHF,VA,AEA,EN,Towers with Radar,46,5,12,14,77,0,0,37,2,39,46,5,49,16,116,60,30,90,206
06/01/2008,PHF,VA,AEA,EN,Towers with Radar,52,3,10,2,67,0,1,76,0,77,52,4,86,2,144,156,0,156,300
06/02/2008,PHF,VA,AEA,EN,Towers with Radar,53,9,13,15,90,0,2,87,14,103,53,11,100,29,193,148,58,206,399
06/03/2008,PHF,VA,AEA,EN,Towers with Radar,53,21,28,46,148,0,1,93,10,104,53,22,121,56,252,146,138,284,536
06/04/2008,PHF,VA,AEA,EN,Towers with Radar,46,9,29,26,110,0,0,58,13,71,46,9,87,39,181,138,76,214,395
06/05/2008,PHF,VA,AEA,EN,Towers with Radar,60,17,27,37,141,0,0,53,11,64,60,17,80,48,205,98,42,140,345
06/06/2008,PHF,VA,AEA,EN,Towers with Radar,61,8,32,46,147,0,0,27,5,32,61,8,59,51,179,62,0,62,241
06/07/2008,PHF,VA,AEA,EN,Towers with Radar,53,4,12,0,69,0,0,62,0,62,53,4,74,0,131,192,0,192,323
06/08/2008,PHF,VA,AEA,EN,Towers with Radar,57,7,33,6,103,0,0,101,1,102,57,7,134,7,205,200,0,200,405
06/09/2008,PHF,VA,AEA,EN,Towers with Radar,55,8,33,18,114,0,0,55,18,73,55,8,88,36,187,192,186,378,565
06/10/2008,PHF,VA,AEA,EN,Towers with Radar,57,8,23,51,139,0,0,53,10,63,57,8,76,61,202,156,178,334,536
06/11/2008,PHF,VA,AEA,EN,Towers with Radar,60,9,35,41,145,0,2,64,36,102,60,11,99,77,247,162,178,340,587
06/12/2008,PHF,VA,AEA,EN,Towers with Radar,60,10,13,36,119,0,1,80,8,89,60,11,93,44,208,158,170,328,536
06/13/2008,PHF,VA,AEA,EN,Towers with Radar,60,6,39,21,126,0,0,55,8,63,60,6,94,29,189,46,142,188,377
06/14/2008,PHF,VA,AEA,EN,Towers with Radar,58,2,17,0,77,0,0,53,0,53,58,2,70,0,130,108,0,108,238
06/15/2008,PHF,VA,AEA,EN,Towers with Radar,59,3,37,0,99,0,0,57,0,57,59,3,94,0,156,112,0,112,268
06/16/2008,PHF,VA,AEA,EN,Towers with Radar,57,11,28,30,126,0,0,43,15,58,57,11,71,45,184,66,94,160,344
06/17/2008,PHF,VA,AEA,EN,Towers with Radar,61,8,23,40,132,0,1,68,14,83,61,9,91,54,215,182,120,302,517
06/18/2008,PHF,VA,AEA,EN,Towers with Radar,61,10,24,41,136,0,2,68,12,82,61,12,92,53,218,134,200,334,552
06/19/2008,PHF,VA,AEA,EN,Towers with Radar,63,13,24,22,122,0,3,56,6,65,63,16,80,28,187,144,62,206,393
06/20/2008,PHF,VA,AEA,EN,Towers with Radar,0,0,0,0,0,61,7,102,35,205,61,7,102,35,205,222,110,332,537
06/21/2008,PHF,VA,AEA,EN,Towers with Radar,0,0,0,0,0,58,4,69,2,133,58,4,69,2,133,82,0,82,215
06/22/2008,PHF,VA,AEA,EN,Towers with Radar,0,0,0,0,0,57,4,65,0,126,57,4,65,0,126,54,0,54,180
06/23/2008,PHF,VA,AEA,EN,Towers with Radar,0,0,0,0,0,64,22,138,70,294,64,22,138,70,294,222,168,390,684
06/24/2008,PHF,VA,AEA,EN,Towers with Radar,0,0,0,0,0,60,7,93,51,211,60,7,93,51,211,178,114,292,503
06/25/2008,PHF,VA,AEA,EN,Towers with Radar,0,0,0,0,0,62,11,66,43,182,62,11,66,43,182,94,122,216,398
06/26/2008,PHF,VA,AEA,EN,Towers with Radar,0,0,0,0,0,61,12,71,22,166,61,12,71,22,166,176,100,276,442
06/27/2008,PHF,VA,AEA,EN,Towers with Radar,0,0,0,0,0,62,14,71,18,165,62,14,71,18,165,114,110,224,389
06/28/2008,PHF,VA,AEA,EN,Towers with Radar,0,0,0,0,0,57,4,71,3,135,57,4,71,3,135,148,0,148,283
06/29/2008,PHF,VA,AEA,EN,Towers with Radar,0,0,0,0,0,55,3,52,4,114,55,3,52,4,114,138,20,158,272
06/30/2008,PHF,VA,AEA,EN,Towers with Radar,61,5,19,17,102,0,0,89,5,94,61,5,108,22,196,234,114,348,599
07/01/2008,PHF,VA,AEA,EN,Towers with Radar,67,11,27,19,124,0,0,87,6,93,67,11,114,25,217,172,50,222,439
07/02/2008,PHF,VA,AEA,EN,Towers with Radar,65,18,30,51,164,0,0,117,13,130,65,18,147,64,294,164,206,370,664
07/03/2008,PHF,VA,AEA,EN,Towers with Radar,66,11,36,9,122,0,0,61,4,65,66,11,97,13,187,138,50,188,375
07/04/2008,PHF,VA,AEA,EN,Towers with Radar,49,2,12,0,63,0,0,58,0,58,49,2,70,0,121,78,0,78,199
07/05/2008,PHF,VA,AEA,EN,Towers with Radar,52,0,24,2,78,0,0,38,0,38,52,0,62,2,116,158,0,158,274
07/06/2008,PHF,VA,AEA,EN,Towers with Radar,58,1,31,12,102,0,0,72,8,80,58,1,103,20,182,164,0,164,346
07/07/2008,PHF,VA,AEA,EN,Towers with Radar,64,5,27,14,110,0,0,36,6,42,64,5,63,20,152,98,16,114,266
07/08/2008,PHF,VA,AEA,EN,Towers with Radar,54,6,19,20,99,0,0,72,5,77,54,6,91,25,176,168,54,222,398
07/09/2008,PHF,VA,AEA,EN,Towers with Radar,61,13,33,24,131,0,0,39,6,45,61,13,72,30,176,60,64,124,300
07/10/2008,PHF,VA,AEA,EN,Towers with Radar,58,21,45,28,152,0,0,53,4,57,58,21,98,32,209,102,160,262,471
07/11/2008,PHF,VA,AEA,EN,Towers with Radar,63,31,26,21,141,0,0,63,14,77,63,31,89,35,218,166,84,250,468
07/12/2008,PHF,VA,AEA,EN,Towers with Radar,58,11,13,12,94,0,0,81,0,81,58,11,94,12,175,114,0,114,289
07/13/2008,PHF,VA,AEA,EN,Towers with Radar,49,9,12,12,82,0,0,86,0,86,49,9,98,12,168,248,38,286,454
07/14/2008,PHF,VA,AEA,EN,Towers with Radar,59,28,22,7,116,0,0,52,8,60,59,28,74,15,176,80,16,96,272
07/15/2008,PHF,VA,AEA,EN,Towers with Radar,66,14,14,26,120,0,2,70,14,86,66,16,84,40,206,196,70,266,472
07/16/2008,PHF,VA,AEA,EN,Towers with Radar,58,19,36,25,138,0,10,88,2,100,58,29,124,27,238,112,30,142,380
07/17/2008,PHF,VA,AEA,EN,Towers with Radar,57,20,24,24,125,0,2,63,13,78,57,22,87,37,203,118,40,158,361
07/18/2008,PHF,VA,AEA,EN,Towers with Radar,55,14,22,30,121,0,2,70,19,91,55,16,92,49,212,184,22,206,418
07/19/2008,PHF,VA,AEA,EN,Towers with Radar,55,4,12,0,71,0,1,73,0,74,55,5,85,0,145,174,0,174,319
07/20/2008,PHF,VA,AEA,EN,Towers with Radar,56,7,9,0,72,0,0,59,0,59,56,7,68,0,131,152,0,152,283
07/21/2008,PHF,VA,AEA,EN,Towers with Radar,53,19,37,18,127,0,2,74,7,83,53,21,111,25,210,136,66,202,412
07/22/2008,PHF,VA,AEA,EN,Towers with Radar,52,10,30,18,110,0,3,100,7,110,52,13,130,25,220,172,18,190,410
07/23/2008,PHF,VA,AEA,EN,Towers with Radar,44,12,14,20,90,0,0,59,3,62,44,12,73,23,152,50,46,96,248
07/24/2008,PHF,VA,AEA,EN,Towers with Radar,54,19,34,17,124,0,1,73,5,79,54,20,107,22,203,164,60,224,427
07/25/2008,PHF,VA,AEA,EN,Towers with Radar,59,10,18,28,115,0,4,65,8,77,59,14,83,36,192,166,128,294,486
07/26/2008,PHF,VA,AEA,EN,Towers with Radar,56,12,14,22,104,0,0,96,1,97,56,12,110,23,201,300,54,354,555
07/27/2008,PHF,VA,AEA,EN,Towers with Radar,49,10,11,23,93,0,0,40,0,40,49,10,51,23,133,156,6,162,295
07/28/2008,PHF,VA,AEA,EN,Towers with Radar,57,15,18,5,95,0,3,58,9,70,57,18,76,14,165,120,104,224,389
07/29/2008,PHF,VA,AEA,EN,Towers with Radar,55,13,24,16,108,0,2,44,9,55,55,15,68,25,163,18,6,24,187
07/30/2008,PHF,VA,AEA,EN,Towers with Radar,57,7,24,33,121,0,1,53,8,62,57,8,77,41,183,128,104,232,415
07/31/2008,PHF,VA,AEA,EN,Towers with Radar,50,2,16,35,103,0,0,35,7,42,50,2,51,42,145,64,40,104,249
08/01/2008,PHF,VA,AEA,EN,Towers with Radar,55,4,19,12,90,0,1,63,7,71,55,5,82,19,161,162,98,260,421
08/02/2008,PHF,VA,AEA,EN,Towers with Radar,53,7,5,3,68,0,0,51,0,51,53,7,56,3,119,154,4,158,277
08/03/2008,PHF,VA,AEA,EN,Towers with Radar,57,1,16,7,81,0,0,94,0,94,57,1,110,7,175,248,0,248,423
08/04/2008,PHF,VA,AEA,EN,Towers with Radar,59,9,31,20,119,0,2,86,7,95,59,11,117,27,214,196,62,258,472
08/05/2008,PHF,VA,AEA,EN,Towers with Radar,59,10,23,32,124,0,1,81,12,94,59,11,104,44,218,122,66,188,406
08/06/2008,PHF,VA,AEA,EN,Towers with Radar,60,4,31,26,121,0,0,58,9,67,60,4,89,35,188,134,104,238,426
08/07/2008,PHF,VA,AEA,EN,Towers with Radar,52,8,20,12,92,0,0,85,9,94,52,8,105,21,186,148,44,192,378
08/08/2008,PHF,VA,AEA,EN,Towers with Radar,53,6,22,5,86,0,1,76,7,84,53,7,98,12,170,148,10,158,328
08/09/2008,PHF,VA,AEA,EN,Towers with Radar,57,8,19,0,84,0,0,101,0,101,57,8,120,0,185,228,32,260,445
08/10/2008,PHF,VA,AEA,EN,Towers with Radar,47,0,22,1,70,0,0,35,1,36,47,0,57,2,106,40,0,40,146
08/11/2008,PHF,VA,AEA,EN,Towers with Radar,57,9,24,40,130,0,0,80,3,83,57,9,104,43,213,150,104,254,467
08/12/2008,PHF,VA,AEA,EN,Towers with Radar,61,10,18,9,98,0,0,92,11,103,61,10,110,20,201,90,38,128,329
08/13/2008,PHF,VA,AEA,EN,Towers with Radar,57,7,17,38,119,0,0,54,13,67,57,7,71,51,186,80,26,106,292
08/14/2008,PHF,VA,AEA,EN,Towers with Radar,57,15,21,11,104,0,1,70,5,76,57,16,91,16,180,120,8,128,308
08/15/2008,PHF,VA,AEA,EN,Towers with Radar,57,6,25,9,97,0,0,36,4,40,57,6,61,13,137,54,0,54,191
08/16/2008,PHF,VA,AEA,EN,Towers with Radar,51,6,9,0,66,0,2,84,0,86,51,8,93,0,152,160,0,160,312
08/17/2008,PHF,VA,AEA,EN,Towers with Radar,56,2,23,16,97,0,0,97,1,98,56,2,120,17,195,144,22,166,361
08/18/2008,PHF,VA,AEA,EN,Towers with Radar,55,17,17,17,106,0,0,75,11,86,55,17,92,28,192,122,10,132,324
08/19/2008,PHF,VA,AEA,EN,Towers with Radar,58,16,20,47,141,0,0,91,7,98,58,16,111,54,239,118,46,164,403
08/20/2008,PHF,VA,AEA,EN,Towers with Radar,55,12,23,32,122,0,2,59,9,70,55,14,82,41,192,170,18,188,380
08/21/2008,PHF,VA,AEA,EN,Towers with Radar,55,6,23,31,115,0,1,64,6,71,55,7,87,37,186,88,52,140,326
08/22/2008,PHF,VA,AEA,EN,Towers with Radar,54,12,23,15,104,0,1,92,13,106,54,13,115,28,210,158,80,238,448
08/23/2008,PHF,VA,AEA,EN,Towers with Radar,52,11,16,4,83,0,5,113,0,118,52,16,129,4,201,206,0,206,407
08/24/2008,PHF,VA,AEA,EN,Towers with Radar,54,13,15,6,88,0,0,84,2,86,54,13,99,8,174,112,0,112,286
08/25/2008,PHF,VA,AEA,EN,Towers with Radar,54,14,21,38,127,0,0,73,22,95,54,14,94,60,222,198,112,310,532
08/26/2008,PHF,VA,AEA,EN,Towers with Radar,56,23,26,43,148,0,0,79,28,107,56,23,105,71,255,174,184,358,613
08/27/2008,PHF,VA,AEA,EN,Towers with Radar,57,13,21,56,147,0,0,40,10,50,57,13,61,66,197,82,8,90,287
08/28/2008,PHF,VA,AEA,EN,Towers with Radar,55,13,23,17,108,0,0,24,5,29,55,13,47,22,137,0,36,36,173
08/29/2008,PHF,VA,AEA,EN,Towers with Radar,57,13,24,9,103,0,0,69,8,77,57,13,93,17,180,124,68,192,372
08/30/2008,PHF,VA,AEA,EN,Towers with Radar,49,2,26,0,77,0,0,120,0,120,49,2,146,0,197,196,0,196,393
08/31/2008,PHF,VA,AEA,EN,Towers with Radar,39,4,14,0,57,0,1,7,2,10,39,5,21,2,67,0,0,0,67
09/01/2008,PHF,VA,AEA,EN,Towers with Radar,6,0,1,0,7,0,2,104,0,106,6,2,105,0,113,176,0,176,289
09/02/2008,PHF,VA,AEA,EN,Towers with Radar,56,8,24,13,101,0,0,100,15,115,56,8,124,28,216,52,30,82,298
09/03/2008,PHF,VA,AEA,EN,Towers with Radar,50,9,22,29,110,0,0,94,7,101,50,9,116,36,211,74,24,98,309
09/04/2008,PHF,VA,AEA,EN,Towers with Radar,51,9,13,19,92,0,0,56,7,63,51,9,69,26,155,124,106,230,385
09/05/2008,PHF,VA,AEA,EN,Towers with Radar,53,6,27,5,91,0,0,50,0,50,53,6,77,5,141,78,0,78,219
09/06/2008,PHF,VA,AEA,EN,Towers with Radar,25,0,3,0,28,0,0,0,0,0,25,0,3,0,28,0,0,0,28
09/07/2008,PHF,VA,AEA,EN,Towers with Radar,51,9,14,0,74,0,1,44,0,45,51,10,58,0,119,114,0,114,233
09/08/2008,PHF,VA,AEA,EN,Towers with Radar,47,20,18,12,97,3,1,62,9,75,50,21,80,21,172,116,26,142,314
09/09/2008,PHF,VA,AEA,EN,Towers with Radar,44,18,11,39,112,0,0,56,6,62,44,18,67,45,174,72,26,98,272
09/10/2008,PHF,VA,AEA,EN,Towers with Radar,47,18,21,10,96,0,0,59,8,67,47,18,80,18,163,156,8,164,327
09/11/2008,PHF,VA,AEA,EN,Towers with Radar,51,22,22,5,100,0,0,69,1,70,51,22,91,6,170,196,0,196,366
09/12/2008,PHF,VA,AEA,EN,Towers with Radar,52,15,22,10,99,0,0,100,11,111,52,15,122,21,210,194,0,194,404
09/13/2008,PHF,VA,AEA,EN,Towers with Radar,42,10,14,0,66,0,1,94,1,96,42,11,108,1,162,118,10,128,290
09/14/2008,PHF,VA,AEA,EN,Towers with Radar,50,11,10,1,72,0,1,39,2,42,50,12,49,3,114,48,0,48,162
09/15/2008,PHF,VA,AEA,EN,Towers with Radar,48,15,18,20,101,0,0,51,10,61,48,15,69,30,162,26,66,92,254
09/16/2008,PHF,VA,AEA,EN,Towers with Radar,50,6,18,15,89,0,0,51,2,53,50,6,69,17,142,116,28,144,286
09/17/2008,PHF,VA,AEA,EN,Towers with Radar,48,11,26,8,93,0,0,83,5,88,48,11,109,13,181,126,84,210,391
09/18/2008,PHF,VA,AEA,EN,Towers with Radar,51,10,16,22,99,0,0,95,17,112,51,10,111,39,211,194,84,278,489
09/19/2008,PHF,VA,AEA,EN,Towers with Radar,49,16,21,8,94,0,0,48,7,55,49,16,69,15,149,86,76,162,311
09/20/2008,PHF,VA,AEA,EN,Towers with Radar,42,0,6,0,48,0,0,32,0,32,42,0,38,0,80,44,0,44,124
09/21/2008,PHF,VA,AEA,EN,Towers with Radar,51,2,19,0,72,0,0,63,6,69,51,2,82,6,141,114,0,114,255
09/22/2008,PHF,VA,AEA,EN,Towers with Radar,48,7,25,2,82,0,0,75,9,84,48,7,100,11,166,56,0,56,222
09/23/2008,PHF,VA,AEA,EN,Towers with Radar,46,7,18,10,81,1,0,51,4,56,47,7,69,14,137,56,62,118,255
09/24/2008,PHF,VA,AEA,EN,Towers with Radar,47,19,15,3,84,1,0,31,0,32,48,19,46,3,116,50,64,114,230
09/25/2008,PHF,VA,AEA,EN,Towers with Radar,48,5,16,2,71,0,0,0,0,0,48,5,16,2,71,0,0,0,71
09/26/2008,PHF,VA,AEA,EN,Towers with Radar,46,8,26,9,89,0,0,2,0,2,46,8,28,9,91,0,0,0,91
09/27/2008,PHF,VA,AEA,EN,Towers with Radar,41,1,20,0,62,0,0,62,0,62,41,1,82,0,124,48,0,48,172
09/28/2008,PHF,VA,AEA,EN,Towers with Radar,52,2,22,2,78,0,1,77,0,78,52,3,99,2,156,90,0,90,246
09/29/2008,PHF,VA,AEA,EN,Towers with Radar,50,7,13,15,85,0,0,76,6,82,50,7,89,21,167,142,56,198,365
09/30/2008,PHF,VA,AEA,EN,Towers with Radar,49,5,18,2,74,0,0,37,4,41,49,5,55,6,115,70,0,70,185
10/01/2008,PHF,VA,AEA,EN,Towers with Radar,47,15,24,7,93,0,0,77,9,86,47,15,101,16,179,236,14,250,429
10/02/2008,PHF,VA,AEA,EN,Towers with Radar,51,10,26,2,89,0,1,102,15,118,51,11,128,17,207,180,44,224,431
10/03/2008,PHF,VA,AEA,EN,Towers with Radar,51,13,16,13,93,0,0,128,21,149,51,13,144,34,242,216,54,270,512
10/04/2008,PHF,VA,AEA,EN,Towers with Radar,41,5,10,2,58,0,2,87,6,95,41,7,97,8,153,124,6,130,283
10/05/2008,PHF,VA,AEA,EN,Towers with Radar,51,11,17,0,79,0,0,76,0,76,51,11,93,0,155,142,0,142,297
10/06/2008,PHF,VA,AEA,EN,Towers with Radar,50,15,21,14,100,0,0,60,8,68,50,15,81,22,168,44,38,82,250
10/07/2008,PHF,VA,AEA,EN,Towers with Radar,47,17,12,6,82,0,0,55,5,60,47,17,67,11,142,24,12,36,178
10/08/2008,PHF,VA,AEA,EN,Towers with Radar,46,12,32,8,98,0,0,59,7,66,46,12,91,15,164,192,84,276,440
10/09/2008,PHF,VA,AEA,EN,Towers with Radar,52,14,18,11,95,22,0,32,17,71,74,14,50,28,166,120,50,170,336
10/10/2008,PHF,VA,AEA,EN,Towers with Radar,54,13,19,6,92,0,0,60,11,71,54,13,79,17,163,136,94,230,393
10/11/2008,PHF,VA,AEA,EN,Towers with Radar,42,7,9,0,58,0,2,53,1,56,42,9,62,1,114,86,66,152,266
10/12/2008,PHF,VA,AEA,EN,Towers with Radar,51,10,20,2,83,0,0,88,0,88,51,10,108,2,171,116,0,116,287
10/13/2008,PHF,VA,AEA,EN,Towers with Radar,52,9,29,5,95,0,0,62,1,63,52,9,91,6,158,92,0,92,250
10/14/2008,PHF,VA,AEA,EN,Towers with Radar,47,9,21,26,103,0,1,89,22,112,47,10,110,48,215,118,36,154,369
10/15/2008,PHF,VA,AEA,EN,Towers with Radar,50,11,21,14,96,0,0,59,11,70,50,11,80,25,166,12,2,14,180
10/16/2008,PHF,VA,AEA,EN,Towers with Radar,52,9,9,29,99,0,1,83,35,119,52,10,92,64,218,180,54,234,452
10/17/2008,PHF,VA,AEA,EN,Towers with Radar,52,11,22,2,87,0,0,78,10,88,52,11,100,12,175,136,42,178,353
10/18/2008,PHF,VA,AEA,EN,Towers with Radar,41,6,34,7,88,0,0,64,3,67,41,6,98,10,155,20,12,32,187
10/19/2008,PHF,VA,AEA,EN,Towers with Radar,52,9,22,0,83,0,0,113,0,113,52,9,135,0,196,154,0,154,350
10/20/2008,PHF,VA,AEA,EN,Towers with Radar,52,17,18,42,129,0,0,124,16,140,52,17,142,58,269,194,82,276,545
10/21/2008,PHF,VA,AEA,EN,Towers with Radar,48,11,16,21,96,0,0,87,16,103,48,11,103,37,199,90,124,214,413
10/22/2008,PHF,VA,AEA,EN,Towers with Radar,50,9,43,14,116,0,0,90,14,104,50,9,133,28,220,204,84,288,508
10/23/2008,PHF,VA,AEA,EN,Towers with Radar,50,23,15,5,93,0,2,62,5,69,50,25,77,10,162,96,6,102,264
10/24/2008,PHF,VA,AEA,EN,Towers with Radar,52,13,31,4,100,0,0,96,8,104,52,13,127,12,204,140,52,192,396
10/25/2008,PHF,VA,AEA,EN,Towers with Radar,39,3,27,0,69,0,0,62,0,62,39,3,89,0,131,100,0,100,231
10/26/2008,PHF,VA,AEA,EN,Towers with Radar,50,2,35,12,99,0,0,81,1,82,50,2,116,13,181,205,22,227,408
10/27/2008,PHF,VA,AEA,EN,Towers with Radar,50,11,17,7,85,0,0,31,3,34,50,11,48,10,119,16,0,16,135
10/28/2008,PHF,VA,AEA,EN,Towers with Radar,43,12,17,2,74,0,0,46,2,48,43,12,63,4,122,128,52,180,302
10/29/2008,PHF,VA,AEA,EN,Towers with Radar,50,10,17,26,103,0,0,87,22,109,50,10,104,48,212,182,60,242,454
10/30/2008,PHF,VA,AEA,EN,Towers with Radar,52,17,14,16,99,0,0,77,16,93,52,17,91,32,192,184,84,268,460
10/31/2008,PHF,VA,AEA,EN,Towers with Radar,55,10,19,10,94,0,0,82,23,105,55,10,101,33,199,150,72,222,421
11/01/2008,PHF,VA,AEA,EN,Towers with Radar,49,10,11,11,81,0,2,85,0,87,49,12,96,11,168,94,0,94,262
11/02/2008,PHF,VA,AEA,EN,Towers with Radar,56,11,17,2,86,0,0,33,1,34,56,11,50,3,120,30,0,30,150
11/03/2008,PHF,VA,AEA,EN,Towers with Radar,55,10,33,17,115,0,0,40,7,47,55,10,73,24,162,54,0,54,216
11/04/2008,PHF,VA,AEA,EN,Towers with Radar,53,7,28,4,92,0,0,0,0,0,53,7,28,4,92,0,0,0,92
11/05/2008,PHF,VA,AEA,EN,Towers with Radar,52,7,25,10,94,0,0,28,1,29,52,7,53,11,123,76,58,134,257
11/06/2008,PHF,VA,AEA,EN,Towers with Radar,53,21,25,13,112,0,0,12,0,12,53,21,37,13,124,0,0,0,124
11/07/2008,PHF,VA,AEA,EN,Towers with Radar,57,10,38,21,126,0,0,71,18,89,57,10,109,39,215,166,110,276,491
11/08/2008,PHF,VA,AEA,EN,Towers with Radar,55,5,21,12,93,0,0,52,14,66,55,5,73,26,159,35,5,40,199
11/09/2008,PHF,VA,AEA,EN,Towers with Radar,56,2,27,0,85,0,0,63,0,63,56,2,90,0,148,96,0,96,244
11/10/2008,PHF,VA,AEA,EN,Towers with Radar,56,12,13,13,94,0,0,82,7,89,56,12,95,20,183,172,6,178,361
11/11/2008,PHF,VA,AEA,EN,Towers with Radar,53,8,10,3,74,0,0,96,7,103,53,8,106,10,177,222,0,222,399
11/12/2008,PHF,VA,AEA,EN,Towers with Radar,53,7,25,7,92,0,0,84,12,96,53,7,109,19,188,84,38,122,310
11/13/2008,PHF,VA,AEA,EN,Towers with Radar,57,5,27,11,100,0,0,55,4,59,57,5,82,15,159,58,30,88,247
11/14/2008,PHF,VA,AEA,EN,Towers with Radar,48,22,14,4,88,0,0,0,0,0,48,22,14,4,88,0,0,0,88
11/15/2008,PHF,VA,AEA,EN,Towers with Radar,53,1,11,2,67,0,0,57,1,58,53,1,68,3,125,53,0,53,178
11/16/2008,PHF,VA,AEA,EN,Towers with Radar,55,3,17,17,92,0,0,45,0,45,55,3,62,17,137,50,0,50,187
11/17/2008,PHF,VA,AEA,EN,Towers with Radar,57,16,29,42,144,0,0,65,9,74,57,16,94,51,218,48,112,160,378
11/18/2008,PHF,VA,AEA,EN,Towers with Radar,52,30,28,13,123,0,1,71,4,76,52,31,99,17,199,122,192,314,513
11/19/2008,PHF,VA,AEA,EN,Towers with Radar,52,15,28,48,143,0,2,118,21,141,52,17,146,69,284,166,130,296,580
11/20/2008,PHF,VA,AEA,EN,Towers with Radar,55,16,25,47,143,0,1,63,38,102,55,17,88,85,245,91,90,181,426
11/21/2008,PHF,VA,AEA,EN,Towers with Radar,58,16,33,11,118,0,0,54,2,56,58,16,87,13,174,58,16,74,248
11/22/2008,PHF,VA,AEA,EN,Towers with Radar,54,3,10,2,69,0,2,81,1,84,54,5,91,3,153,66,2,68,221
11/23/2008,PHF,VA,AEA,EN,Towers with Radar,53,0,31,11,95,0,0,113,1,114,53,0,144,12,209,119,24,143,352
11/24/2008,PHF,VA,AEA,EN,Towers with Radar,56,10,26,29,121,0,0,78,11,89,56,10,104,40,210,114,34,148,358
11/25/2008,PHF,VA,AEA,EN,Towers with Radar,56,9,37,19,121,0,3,60,14,77,56,12,97,33,198,138,164,302,500
11/26/2008,PHF,VA,AEA,EN,Towers with Radar,58,8,29,8,103,0,3,68,9,80,58,11,97,17,183,106,12,118,301
11/27/2008,PHF,VA,AEA,EN,Towers with Radar,33,0,5,2,40,0,0,32,0,32,33,0,37,2,72,20,0,20,92
11/28/2008,PHF,VA,AEA,EN,Towers with Radar,40,5,9,1,55,0,0,93,11,104,40,5,102,12,159,120,0,120,279
11/29/2008,PHF,VA,AEA,EN,Towers with Radar,50,4,28,0,82,0,4,76,4,84,50,8,104,4,166,74,0,74,240
11/30/2008,PHF,VA,AEA,EN,Towers with Radar,52,5,21,0,78,0,0,0,0,0,52,5,21,0,78,0,0,0,78
12/01/2008,PHF,VA,AEA,EN,Towers with Radar,55,24,14,20,113,0,0,27,6,33,55,24,41,26,146,2,30,32,178
12/02/2008,PHF,VA,AEA,EN,Towers with Radar,54,7,19,18,98,0,3,60,14,77,54,10,79,32,175,182,150,332,507
12/03/2008,PHF,VA,AEA,EN,Towers with Radar,53,6,27,36,122,0,0,95,25,120,53,6,122,61,242,181,84,265,507
12/04/2008,PHF,VA,AEA,EN,Towers with Radar,55,13,16,33,117,0,1,95,32,128,55,14,111,65,245,120,124,244,489
12/05/2008,PHF,VA,AEA,EN,Towers with Radar,53,8,18,17,96,0,1,70,27,98,53,9,88,44,194,70,68,138,332
12/06/2008,PHF,VA,AEA,EN,Towers with Radar,50,2,9,12,73,0,0,105,4,109,50,2,114,16,182,172,0,172,354
12/07/2008,PHF,VA,AEA,EN,Towers with Radar,54,5,16,3,78,0,1,31,16,48,54,6,47,19,126,86,14,100,226
12/08/2008,PHF,VA,AEA,EN,Towers with Radar,54,10,19,27,110,0,2,27,12,41,54,12,46,39,151,68,52,120,271
12/09/2008,PHF,VA,AEA,EN,Towers with Radar,53,14,26,29,122,0,0,90,4,94,53,14,116,33,216,140,142,282,498
12/10/2008,PHF,VA,AEA,EN,Towers with Radar,47,19,21,27,114,0,1,102,0,103,47,20,123,27,217,106,48,154,371
12/11/2008,PHF,VA,AEA,EN,Towers with Radar,51,6,9,6,72,0,0,0,0,0,51,6,9,6,72,0,0,0,72
12/12/2008,PHF,VA,AEA,EN,Towers with Radar,54,15,15,21,105,0,0,63,9,72,54,15,78,30,177,54,88,142,319
12/13/2008,PHF,VA,AEA,EN,Towers with Radar,48,10,12,0,70,0,0,40,0,40,48,10,52,0,110,58,10,68,178
12/14/2008,PHF,VA,AEA,EN,Towers with Radar,54,8,41,0,103,0,0,133,19,152,54,8,174,19,255,230,10,240,495
12/15/2008,PHF,VA,AEA,EN,Towers with Radar,54,12,21,19,106,0,0,74,8,82,54,12,95,27,188,202,142,344,532
12/16/2008,PHF,VA,AEA,EN,Towers with Radar,52,2,10,9,73,0,0,0,0,0,52,2,10,9,73,0,0,0,73
12/17/2008,PHF,VA,AEA,EN,Towers with Radar,44,12,18,16,90,0,0,0,0,0,44,12,18,16,90,0,0,0,90
12/18/2008,PHF,VA,AEA,EN,Towers with Radar,57,20,17,34,128,0,0,43,17,60,57,20,60,51,188,26,68,94,282
12/19/2008,PHF,VA,AEA,EN,Towers with Radar,55,13,19,5,92,0,0,0,0,0,55,13,19,5,92,0,0,0,92
12/20/2008,PHF,VA,AEA,EN,Towers with Radar,52,2,31,2,87,0,0,26,0,26,52,2,57,2,113,38,14,52,165
12/21/2008,PHF,VA,AEA,EN,Towers with Radar,54,0,11,6,71,0,0,21,1,22,54,0,32,7,93,26,0,26,119
12/22/2008,PHF,VA,AEA,EN,Towers with Radar,54,9,11,30,104,0,2,98,13,113,54,11,109,43,217,182,214,396,613
12/23/2008,PHF,VA,AEA,EN,Towers with Radar,51,15,29,23,118,0,0,68,10,78,51,15,97,33,196,144,0,144,340
12/24/2008,PHF,VA,AEA,EN,Towers with Radar,40,3,0,11,54,0,0,23,13,36,40,3,23,24,90,40,38,78,168
12/25/2008,PHF,VA,AEA,EN,Towers with Radar,38,0,3,0,41,0,0,21,0,21,38,0,24,0,62,0,0,0,62
12/26/2008,PHF,VA,AEA,EN,Towers with Radar,49,2,16,0,67,0,1,37,0,38,49,3,53,0,105,92,4,96,201
12/27/2008,PHF,VA,AEA,EN,Towers with Radar,52,5,12,5,74,0,0,22,0,22,52,5,34,5,96,22,0,22,118
12/28/2008,PHF,VA,AEA,EN,Towers with Radar,54,2,2,9,67,0,0,8,0,8,54,2,10,9,75,12,20,32,107
12/29/2008,PHF,VA,AEA,EN,Towers with Radar,55,3,8,11,77,0,1,123,32,156,55,4,131,43,233,176,140,316,549
12/30/2008,PHF,VA,AEA,EN,Towers with Radar,52,6,19,22,99,0,1,104,9,114,52,7,123,31,213,174,118,292,505
12/31/2008,PHF,VA,AEA,EN,Towers with Radar,43,2,3,4,52,0,0,16,1,17,43,2,19,5,69,0,12,12,81
01/01/2009,PHF,VA,AEA,EN,Towers with Radar,38,2,10,0,50,0,0,40,0,40,38,2,50,0,90,60,0,60,150
01/02/2009,PHF,VA,AEA,EN,Towers with Radar,55,3,13,3,74,0,0,4,2,6,55,3,17,5,80,0,0,0,80
01/03/2009,PHF,VA,AEA,EN,Towers with Radar,49,3,14,0,66,0,0,65,0,65,49,3,79,0,131,94,0,94,225
01/04/2009,PHF,VA,AEA,EN,Towers with Radar,59,0,12,0,71,0,0,21,0,21,59,0,33,0,92,126,0,126,218
01/05/2009,PHF,VA,AEA,EN,Towers with Radar,55,2,11,0,68,0,0,0,0,0,55,2,11,0,68,0,0,0,68
01/06/2009,PHF,VA,AEA,EN,Towers with Radar,49,7,1,2,59,0,0,4,0,4,49,7,5,2,63,0,0,0,63
01/07/2009,PHF,VA,AEA,EN,Towers with Radar,43,6,15,7,71,1,0,7,0,8,44,6,22,7,79,22,24,46,125
01/08/2009,PHF,VA,AEA,EN,Towers with Radar,46,11,22,53,132,0,1,27,20,48,46,12,49,73,180,14,144,158,338
01/09/2009,PHF,VA,AEA,EN,Towers with Radar,48,6,36,32,122,0,0,60,21,81,48,6,96,53,203,104,124,228,431
01/10/2009,PHF,VA,AEA,EN,Towers with Radar,41,4,18,7,70,0,0,65,0,65,41,4,83,7,135,78,0,78,213
01/11/2009,PHF,VA,AEA,EN,Towers with Radar,45,3,22,1,71,0,1,42,3,46,45,4,64,4,117,172,16,188,305
01/12/2009,PHF,VA,AEA,EN,Towers with Radar,48,5,20,23,96,0,0,69,23,92,48,5,89,46,188,142,152,294,482
01/13/2009,PHF,VA,AEA,EN,Towers with Radar,45,7,11,15,78,0,0,77,25,102,45,7,88,40,180,182,240,422,602
01/14/2009,PHF,VA,AEA,EN,Towers with Radar,49,5,17,56,127,0,0,70,21,91,49,5,87,77,218,120,184,304,522
01/15/2009,PHF,VA,AEA,EN,Towers with Radar,47,3,15,58,123,0,2,55,18,75,47,5,70,76,198,102,226,328,526
01/16/2009,PHF,VA,AEA,EN,Towers with Radar,49,2,13,17,81,0,0,42,7,49,49,2,55,24,130,44,68,112,242
01/17/2009,PHF,VA,AEA,EN,Towers with Radar,38,0,15,0,53,0,0,86,0,86,38,0,101,0,139,218,0,218,357
01/18/2009,PHF,VA,AEA,EN,Towers with Radar,43,0,9,0,52,0,0,17,0,17,43,0,26,0,69,26,0,26,95
01/19/2009,PHF,VA,AEA,EN,Towers with Radar,44,0,9,0,53,0,0,1,0,1,44,0,10,0,54,0,0,0,54
01/20/2009,PHF,VA,AEA,EN,Towers with Radar,47,2,9,5,63,0,0,2,1,3,47,2,11,6,66,0,0,0,66
01/21/2009,PHF,VA,AEA,EN,Towers with Radar,49,9,38,21,117,0,1,99,15,115,49,10,137,36,232,118,98,216,448
01/22/2009,PHF,VA,AEA,EN,Towers with Radar,52,8,27,25,112,0,0,76,12,88,52,8,103,37,200,78,56,134,334
01/23/2009,PHF,VA,AEA,EN,Towers with Radar,52,4,31,9,96,0,0,55,12,67,52,4,86,21,163,48,16,64,227
01/24/2009,PHF,VA,AEA,EN,Towers with Radar,43,2,5,4,54,0,2,118,0,120,43,4,123,4,174,144,0,144,318
01/25/2009,PHF,VA,AEA,EN,Towers with Radar,43,0,13,0,56,0,0,66,1,67,43,0,79,1,123,98,0,98,221
01/26/2009,PHF,VA,AEA,EN,Towers with Radar,49,16,22,17,104,0,0,61,22,83,49,16,83,39,187,112,54,166,353
01/27/2009,PHF,VA,AEA,EN,Towers with Radar,45,7,11,2,65,0,0,0,6,6,45,7,11,8,71,0,0,0,71
01/28/2009,PHF,VA,AEA,EN,Towers with Radar,42,13,15,9,79,0,0,0,0,0,42,13,15,9,79,0,0,0,79
01/29/2009,PHF,VA,AEA,EN,Towers with Radar,51,7,24,12,94,0,0,62,17,79,51,7,86,29,173,98,92,190,363
01/30/2009,PHF,VA,AEA,EN,Towers with Radar,51,14,27,13,105,0,0,57,5,62,51,14,84,18,167,116,94,210,377
01/31/2009,PHF,VA,AEA,EN,Towers with Radar,39,4,22,1,66,0,0,62,8,70,39,4,84,9,136,84,38,122,258
02/01/2009,PHF,VA,AEA,EN,Towers with Radar,46,4,32,6,88,0,0,66,1,67,46,4,98,7,155,140,0,140,295
02/02/2009,PHF,VA,AEA,EN,Towers with Radar,47,11,32,29,119,0,0,55,16,71,47,11,87,45,190,138,48,186,376
02/03/2009,PHF,VA,AEA,EN,Towers with Radar,45,5,10,20,80,0,0,46,5,51,45,5,56,25,131,40,104,144,275
02/04/2009,PHF,VA,AEA,EN,Towers with Radar,47,11,20,34,112,0,4,50,28,82,47,15,70,62,194,90,196,286,480
02/05/2009,PHF,VA,AEA,EN,Towers with Radar,52,11,15,25,103,0,4,39,13,56,52,15,54,38,159,60,220,280,439
02/06/2009,PHF,VA,AEA,EN,Towers with Radar,52,8,27,8,95,0,0,37,7,44,52,8,64,15,139,28,112,140,279
02/07/2009,PHF,VA,AEA,EN,Towers with Radar,38,6,15,1,60,0,3,113,9,125,38,9,128,10,185,198,4,202,387
02/08/2009,PHF,VA,AEA,EN,Towers with Radar,45,5,11,8,69,0,0,66,11,77,45,5,77,19,146,152,78,230,376
02/09/2009,PHF,VA,AEA,EN,Towers with Radar,49,16,30,35,130,0,0,91,16,107,49,16,121,51,237,128,80,208,445
02/10/2009,PHF,VA,AEA,EN,Towers with Radar,48,12,17,9,86,0,0,69,18,87,48,12,86,27,173,128,74,202,375
02/11/2009,PHF,VA,AEA,EN,Towers with Radar,49,19,12,19,99,0,0,76,26,102,49,19,88,45,201,134,172,306,507
02/12/2009,PHF,VA,AEA,EN,Towers with Radar,58,13,8,11,90,0,0,32,0,32,58,13,40,11,122,4,34,38,160
02/13/2009,PHF,VA,AEA,EN,Towers with Radar,53,21,33,24,131,0,0,114,8,122,53,21,147,32,253,92,34,126,379
02/14/2009,PHF,VA,AEA,EN,Towers with Radar,44,6,12,0,62,0,0,71,0,71,44,6,83,0,133,188,120,308,441
02/15/2009,PHF,VA,AEA,EN,Towers with Radar,46,5,18,2,71,0,0,90,3,93,46,5,108,5,164,124,26,150,314
02/16/2009,PHF,VA,AEA,EN,Towers with Radar,51,11,21,8,91,0,0,51,7,58,51,11,72,15,149,86,22,108,257
02/17/2009,PHF,VA,AEA,EN,Towers with Radar,53,4,22,10,89,0,0,116,26,142,53,4,138,36,231,252,102,354,585
02/18/2009,PHF,VA,AEA,EN,Towers with Radar,50,8,12,25,95,0,0,7,2,9,50,8,19,27,104,0,52,52,156
02/19/2009,PHF,VA,AEA,EN,Towers with Radar,53,13,9,47,122,0,0,35,5,40,53,13,44,52,162,68,29,97,259
02/20/2009,PHF,VA,AEA,EN,Towers with Radar,54,12,19,19,104,2,1,40,5,48,56,13,59,24,152,82,74,156,308
02/21/2009,PHF,VA,AEA,EN,Towers with Radar,46,2,15,2,65,0,0,88,0,88,46,2,103,2,153,136,28,164,317
02/22/2009,PHF,VA,AEA,EN,Towers with Radar,48,7,17,6,78,0,0,42,0,42,48,7,59,6,120,116,0,116,236
02/23/2009,PHF,VA,AEA,EN,Towers with Radar,53,14,17,53,137,0,2,73,25,100,53,16,90,78,237,146,180,326,563
02/24/2009,PHF,VA,AEA,EN,Towers with Radar,52,16,33,28,129,0,3,77,15,95,52,19,110,43,224,216,152,368,592
02/25/2009,PHF,VA,AEA,EN,Towers with Radar,53,12,30,28,123,0,0,63,19,82,53,12,93,47,205,128,76,204,409
02/26/2009,PHF,VA,AEA,EN,Towers with Radar,51,18,21,20,110,0,1,59,12,72,51,19,80,32,182,150,130,280,462
02/27/2009,PHF,VA,AEA,EN,Towers with Radar,50,12,14,9,85,0,0,47,30,77,50,12,61,39,162,22,132,154,316
02/28/2009,PHF,VA,AEA,EN,Towers with Radar,46,2,23,8,79,0,0,6,0,6,46,2,29,8,85,0,0,0,85
03/01/2009,PHF,VA,AEA,EN,Towers with Radar,35,2,11,0,48,0,0,0,0,0,35,2,11,0,48,0,0,0,48
03/02/2009,PHF,VA,AEA,EN,Towers with Radar,37,4,11,0,52,0,1,0,0,1,37,5,11,0,53,0,0,0,53
03/03/2009,PHF,VA,AEA,EN,Towers with Radar,54,7,14,28,103,0,0,8,13,21,54,7,22,41,124,196,114,310,434
03/04/2009,PHF,VA,AEA,EN,Towers with Radar,54,16,36,44,150,0,1,14,5,20,54,17,50,49,170,42,98,140,310
03/05/2009,PHF,VA,AEA,EN,Towers with Radar,54,9,19,12,94,0,0,20,9,29,54,9,39,21,123,38,108,146,269
03/06/2009,PHF,VA,AEA,EN,Towers with Radar,52,16,19,10,97,0,1,18,9,28,52,17,37,19,125,38,80,118,243
03/07/2009,PHF,VA,AEA,EN,Towers with Radar,42,7,15,15,79,0,0,89,9,98,42,7,104,24,177,252,112,364,541
03/08/2009,PHF,VA,AEA,EN,Towers with Radar,50,6,29,16,101,0,0,66,22,88,50,6,95,38,189,86,24,110,299
03/09/2009,PHF,VA,AEA,EN,Towers with Radar,52,16,17,23,108,0,1,41,8,50,52,17,58,31,158,36,36,72,230
03/10/2009,PHF,VA,AEA,EN,Towers with Radar,53,13,25,15,106,0,0,63,13,76,53,13,88,28,182,152,42,194,376
03/11/2009,PHF,VA,AEA,EN,Towers with Radar,51,13,23,10,97,0,0,39,7,46,51,13,62,17,143,62,28,90,233
03/12/2009,PHF,VA,AEA,EN,Towers with Radar,53,25,22,22,122,0,0,42,19,61,53,25,64,41,183,82,114,196,379
03/13/2009,PHF,VA,AEA,EN,Towers with Radar,55,4,15,5,79,0,0,0,0,0,55,4,15,5,79,0,0,0,79
03/14/2009,PHF,VA,AEA,EN,Towers with Radar,42,0,30,0,72,0,0,21,0,21,42,0,51,0,93,22,0,22,115
03/15/2009,PHF,VA,AEA,EN,Towers with Radar,45,4,35,5,89,0,0,0,0,0,45,4,35,5,89,0,0,0,89
03/16/2009,PHF,VA,AEA,EN,Towers with Radar,52,8,24,8,92,0,0,0,0,0,52,8,24,8,92,0,0,0,92
03/17/2009,PHF,VA,AEA,EN,Towers with Radar,56,7,19,2,84,0,0,0,0,0,56,7,19,2,84,0,0,0,84
03/18/2009,PHF,VA,AEA,EN,Towers with Radar,60,19,20,46,145,0,1,72,12,85,60,20,92,58,230,158,118,276,506
03/19/2009,PHF,VA,AEA,EN,Towers with Radar,53,19,22,25,119,0,0,31,6,37,53,19,53,31,156,110,34,144,300
03/20/2009,PHF,VA,AEA,EN,Towers with Radar,55,11,25,26,117,0,0,44,10,54,55,11,69,36,171,82,58,140,311
03/21/2009,PHF,VA,AEA,EN,Towers with Radar,44,1,23,0,68,0,3,76,8,87,44,4,99,8,155,152,26,178,333
03/22/2009,PHF,VA,AEA,EN,Towers with Radar,50,4,23,5,82,0,0,104,0,104,50,4,127,5,186,172,20,192,378
03/23/2009,PHF,VA,AEA,EN,Towers with Radar,53,19,20,19,111,1,0,24,0,25,54,19,44,19,136,40,14,54,190
03/24/2009,PHF,VA,AEA,EN,Towers with Radar,54,15,16,71,156,0,0,63,29,92,54,15,79,100,248,134,152,286,534
03/25/2009,PHF,VA,AEA,EN,Towers with Radar,53,16,28,53,150,0,0,37,10,47,53,16,65,63,197,70,138,208,405
03/26/2009,PHF,VA,AEA,EN,Towers with Radar,52,11,21,18,102,0,0,0,2,2,52,11,21,20,104,0,12,12,116
03/27/2009,PHF,VA,AEA,EN,Towers with Radar,48,17,29,16,110,0,0,1,0,1,48,17,30,16,111,0,0,0,111
03/28/2009,PHF,VA,AEA,EN,Towers with Radar,40,2,26,8,76,0,0,0,0,0,40,2,26,8,76,0,0,0,76
03/29/2009,PHF,VA,AEA,EN,Towers with Radar,43,3,8,2,56,0,0,3,0,3,43,3,11,2,59,16,0,16,75
03/30/2009,PHF,VA,AEA,EN,Towers with Radar,53,10,36,39,138,0,0,52,4,56,53,10,88,43,194,110,90,200,394
03/31/2009,PHF,VA,AEA,EN,Towers with Radar,51,13,28,15,107,0,0,51,3,54,51,13,79,18,161,80,42,122,283
04/01/2009,PHF,VA,AEA,EN,Towers with Radar,49,11,38,4,102,0,1,82,13,96,49,12,120,17,198,152,114,266,464
04/02/2009,PHF,VA,AEA,EN,Towers with Radar,45,13,27,33,118,0,0,22,6,28,45,13,49,39,146,38,44,82,228
04/03/2009,PHF,VA,AEA,EN,Towers with Radar,47,8,16,13,84,0,0,36,16,52,47,8,52,29,136,40,48,88,224
04/04/2009,PHF,VA,AEA,EN,Towers with Radar,41,10,10,0,61,0,0,54,11,65,41,10,64,11,126,62,0,62,188
04/05/2009,PHF,VA,AEA,EN,Towers with Radar,49,5,32,0,86,0,0,36,1,37,49,5,68,1,123,56,0,56,179
04/06/2009,PHF,VA,AEA,EN,Towers with Radar,46,6,20,19,91,0,0,2,0,2,46,6,22,19,93,0,0,0,93
04/07/2009,PHF,VA,AEA,EN,Towers with Radar,53,9,23,18,103,0,0,17,1,18,53,9,40,19,121,28,34,62,183
04/08/2009,PHF,VA,AEA,EN,Towers with Radar,51,7,23,31,112,0,0,34,4,38,51,7,57,35,150,110,22,132,282
04/09/2009,PHF,VA,AEA,EN,Towers with Radar,54,5,15,15,89,0,0,49,14,63,54,5,64,29,152,126,46,172,324
04/10/2009,PHF,VA,AEA,EN,Towers with Radar,47,9,17,2,75,0,2,65,24,91,47,11,82,26,166,122,52,174,340
04/11/2009,PHF,VA,AEA,EN,Towers with Radar,41,0,10,3,54,0,0,16,0,16,41,0,26,3,70,32,4,36,106
04/12/2009,PHF,VA,AEA,EN,Towers with Radar,49,10,8,1,68,0,0,41,2,43,49,10,49,3,111,42,0,42,153
04/13/2009,PHF,VA,AEA,EN,Towers with Radar,49,9,26,8,92,0,0,63,6,69,49,9,89,14,161,26,38,64,225
04/14/2009,PHF,VA,AEA,EN,Towers with Radar,47,6,27,4,84,0,0,0,0,0,47,6,27,4,84,0,0,0,84
04/15/2009,PHF,VA,AEA,EN,Towers with Radar,48,10,27,28,113,0,0,1,0,1,48,10,28,28,114,0,0,0,114
04/16/2009,PHF,VA,AEA,EN,Towers with Radar,53,6,30,11,100,0,0,90,23,113,53,6,120,34,213,282,112,394,607
04/17/2009,PHF,VA,AEA,EN,Towers with Radar,53,12,35,12,112,0,2,55,4,61,53,14,90,16,173,104,64,168,341
04/18/2009,PHF,VA,AEA,EN,Towers with Radar,43,9,15,0,67,0,0,93,4,97,43,9,108,4,164,178,0,178,342
04/19/2009,PHF,VA,AEA,EN,Towers with Radar,48,9,36,8,101,0,0,16,1,17,48,9,52,9,118,2,4,6,124
04/20/2009,PHF,VA,AEA,EN,Towers with Radar,52,8,14,29,103,0,1,51,0,52,52,9,65,29,155,50,10,60,215
04/21/2009,PHF,VA,AEA,EN,Towers with Radar,48,4,24,26,102,0,0,19,0,19,48,4,43,26,121,32,68,100,221
04/22/2009,PHF,VA,AEA,EN,Towers with Radar,51,6,18,25,100,0,0,21,4,25,51,6,39,29,125,18,52,70,195
04/23/2009,PHF,VA,AEA,EN,Towers with Radar,50,19,26,38,133,0,0,30,5,35,50,19,56,43,168,10,48,58,226
04/24/2009,PHF,VA,AEA,EN,Towers with Radar,54,14,29,7,104,0,0,27,4,31,54,14,56,11,135,34,24,58,193
04/25/2009,PHF,VA,AEA,EN,Towers with Radar,42,9,19,1,71,0,0,76,1,77,42,9,95,2,148,94,78,172,320
04/26/2009,PHF,VA,AEA,EN,Towers with Radar,48,11,21,4,84,0,0,91,2,93,48,11,112,6,177,140,32,172,349
04/27/2009,PHF,VA,AEA,EN,Towers with Radar,53,9,29,17,108,0,1,84,8,93,53,10,113,25,201,150,146,296,497
04/28/2009,PHF,VA,AEA,EN,Towers with Radar,52,4,23,10,89,0,0,45,1,46,52,4,68,11,135,28,0,28,163
04/29/2009,PHF,VA,AEA,EN,Towers with Radar,53,9,20,28,110,0,0,20,10,30,53,9,40,38,140,0,70,70,210
04/30/2009,PHF,VA,AEA,EN,Towers with Radar,53,11,21,27,112,0,1,44,4,49,53,12,65,31,161,60,86,146,307
05/01/2009,PHF,VA,AEA,EN,Towers with Radar,46,6,25,45,122,0,0,41,2,43,46,6,66,47,165,42,92,134,299
05/02/2009,PHF,VA,AEA,EN,Towers with Radar,47,4,30,20,101,0,0,22,13,35,47,4,52,33,136,24,66,90,226
05/03/2009,PHF,VA,AEA,EN,Towers with Radar,43,5,7,2,57,0,0,4,0,4,43,5,11,2,61,18,0,18,79
05/04/2009,PHF,VA,AEA,EN,Towers with Radar,43,17,12,16,88,0,0,1,0,1,43,17,13,16,89,0,0,0,89
05/05/2009,PHF,VA,AEA,EN,Towers with Radar,50,10,31,2,93,0,0,0,0,0,50,10,31,2,93,0,0,0,93
05/06/2009,PHF,VA,AEA,EN,Towers with Radar,51,17,39,9,116,0,0,1,0,1,51,17,40,9,117,0,0,0,117
05/07/2009,PHF,VA,AEA,EN,Towers with Radar,48,15,40,25,128,0,0,6,5,11,48,15,46,30,139,28,166,194,333
05/08/2009,PHF,VA,AEA,EN,Towers with Radar,50,24,45,19,138,0,2,47,11,60,50,26,92,30,198,98,114,212,410
05/09/2009,PHF,VA,AEA,EN,Towers with Radar,47,7,17,3,74,0,0,44,3,47,47,7,61,6,121,132,10,142,263
05/10/2009,PHF,VA,AEA,EN,Towers with Radar,48,15,13,3,79,0,0,73,2,75,48,15,86,5,154,170,32,202,356
05/11/2009,PHF,VA,AEA,EN,Towers with Radar,52,19,27,15,113,0,0,32,0,32,52,19,59,15,145,130,166,296,441
05/12/2009,PHF,VA,AEA,EN,Towers with Radar,54,18,28,19,119,0,0,77,8,85,54,18,105,27,204,174,220,394,598
05/13/2009,PHF,VA,AEA,EN,Towers with Radar,53,17,36,36,142,0,3,38,7,48,53,20,74,43,190,54,82,136,326
05/14/2009,PHF,VA,AEA,EN,Towers with Radar,53,6,23,22,104,0,0,47,6,53,53,6,70,28,157,54,166,220,377
05/15/2009,PHF,VA,AEA,EN,Towers with Radar,53,9,37,12,111,0,0,12,3,15,53,9,49,15,126,24,46,70,196
05/16/2009,PHF,VA,AEA,EN,Towers with Radar,46,7,16,10,79,0,0,31,4,35,46,7,47,14,114,122,22,144,258
05/17/2009,PHF,VA,AEA,EN,Towers with Radar,48,7,22,0,77,0,1,0,0,1,48,8,22,0,78,0,0,0,78
05/18/2009,PHF,VA,AEA,EN,Towers with Radar,54,13,14,18,99,0,0,43,2,45,54,13,57,20,144,40,74,114,258
05/19/2009,PHF,VA,AEA,EN,Towers with Radar,54,7,27,33,121,0,0,73,7,80,54,7,100,40,201,178,42,220,421
05/20/2009,PHF,VA,AEA,EN,Towers with Radar,62,14,31,20,127,0,0,62,12,74,62,14,93,32,201,110,96,206,407
05/21/2009,PHF,VA,AEA,EN,Towers with Radar,54,5,29,21,109,0,1,53,5,59,54,6,82,26,168,102,4,106,274
05/22/2009,PHF,VA,AEA,EN,Towers with Radar,52,9,30,12,103,0,1,91,0,92,52,10,121,12,195,85,4,89,284
05/23/2009,PHF,VA,AEA,EN,Towers with Radar,42,0,15,3,60,0,2,103,6,111,42,2,118,9,171,204,0,204,375
05/24/2009,PHF,VA,AEA,EN,Towers with Radar,43,3,12,1,59,0,0,17,0,17,43,3,29,1,76,30,0,30,106
05/25/2009,PHF,VA,AEA,EN,Towers with Radar,51,2,31,10,94,0,0,56,2,58,51,2,87,12,152,52,22,74,226
05/26/2009,PHF,VA,AEA,EN,Towers with Radar,53,14,23,31,121,0,0,20,2,22,53,14,43,33,143,6,4,10,153
05/27/2009,PHF,VA,AEA,EN,Towers with Radar,46,11,18,44,119,0,1,55,21,77,46,12,73,65,196,74,54,128,324
05/28/2009,PHF,VA,AEA,EN,Towers with Radar,48,9,27,24,108,0,0,35,19,54,48,9,62,43,162,40,116,156,318
05/29/2009,PHF,VA,AEA,EN,Towers with Radar,59,11,22,24,116,0,0,46,16,62,59,11,68,40,178,126,134,260,438
05/30/2009,PHF,VA,AEA,EN,Towers with Radar,45,7,21,5,78,0,0,56,4,60,45,7,77,9,138,88,18,106,244
05/31/2009,PHF,VA,AEA,EN,Towers with Radar,49,5,16,4,74,0,0,73,0,73,49,5,89,4,147,186,0,186,333
06/01/2009,PHF,VA,AEA,EN,Towers with Radar,52,5,21,15,93,0,0,72,3,75,52,5,93,18,168,88,92,180,348
06/02/2009,PHF,VA,AEA,EN,Towers with Radar,53,4,16,17,90,0,0,102,6,108,53,4,118,23,198,112,126,238,436
06/03/2009,PHF,VA,AEA,EN,Towers with Radar,55,3,31,12,101,0,0,77,19,96,55,3,108,31,197,96,92,188,385
06/04/2009,PHF,VA,AEA,EN,Towers with Radar,54,7,25,24,110,0,0,45,10,55,54,7,70,34,165,54,104,158,323
06/05/2009,PHF,VA,AEA,EN,Towers with Radar,51,10,30,1,92,0,0,15,3,18,51,10,45,4,110,16,68,84,194
06/06/2009,PHF,VA,AEA,EN,Towers with Radar,46,5,18,4,73,0,0,40,33,73,46,5,58,37,146,90,0,90,236
06/07/2009,PHF,VA,AEA,EN,Towers with Radar,50,5,22,1,78,0,0,25,10,35,50,5,47,11,113,64,32,96,209
06/08/2009,PHF,VA,AEA,EN,Towers with Radar,54,6,35,15,110,0,0,82,2,84,54,6,117,17,194,138,130,268,462
06/09/2009,PHF,VA,AEA,EN,Towers with Radar,42,4,17,5,68,0,0,62,11,73,42,4,79,16,141,132,60,192,333
06/10/2009,PHF,VA,AEA,EN,Towers with Radar,51,12,25,10,98,0,4,46,5,55,51,16,71,15,153,68,72,140,293
06/11/2009,PHF,VA,AEA,EN,Towers with Radar,45,8,31,19,103,0,0,48,7,55,45,8,79,26,158,98,52,150,308
06/12/2009,PHF,VA,AEA,EN,Towers with Radar,49,6,21,7,83,0,0,17,3,20,49,6,38,10,103,40,56,96,199
06/13/2009,PHF,VA,AEA,EN,Towers with Radar,47,6,14,3,70,0,3,104,11,118,47,9,118,14,188,182,60,242,430
06/14/2009,PHF,VA,AEA,EN,Towers with Radar,47,2,15,0,64,0,1,82,3,86,47,3,97,3,150,234,42,276,426
06/15/2009,PHF,VA,AEA,EN,Towers with Radar,46,4,27,12,89,0,0,88,2,90,46,4,115,14,179,128,84,212,391
06/16/2009,PHF,VA,AEA,EN,Towers with Radar,53,9,26,10,98,0,0,55,12,67,53,9,81,22,165,94,130,224,389
06/17/2009,PHF,VA,AEA,EN,Towers with Radar,53,4,36,7,100,0,1,80,5,86,53,5,116,12,186,168,134,302,488
06/18/2009,PHF,VA,AEA,EN,Towers with Radar,48,5,20,38,111,0,0,57,21,78,48,5,77,59,189,96,122,218,407
06/19/2009,PHF,VA,AEA,EN,Towers with Radar,51,7,26,2,86,0,0,92,4,96,51,7,118,6,182,164,10,174,356
06/20/2009,PHF,VA,AEA,EN,Towers with Radar,45,2,10,0,57,0,0,59,4,63,45,2,69,4,120,168,50,218,338
06/21/2009,PHF,VA,AEA,EN,Towers with Radar,49,7,10,0,66,0,0,73,0,73,49,7,83,0,139,172,0,172,311
06/22/2009,PHF,VA,AEA,EN,Towers with Radar,49,10,17,32,108,0,0,37,0,37,49,10,54,32,145,50,24,74,219
06/23/2009,PHF,VA,AEA,EN,Towers with Radar,51,12,37,11,111,0,1,79,9,89,51,13,116,20,200,208,126,334,534
06/24/2009,PHF,VA,AEA,EN,Towers with Radar,52,11,35,16,114,0,0,50,0,50,52,11,85,16,164,168,38,206,370
06/25/2009,PHF,VA,AEA,EN,Towers with Radar,51,12,13,5,81,0,0,59,0,59,51,12,72,5,140,118,28,146,286
06/26/2009,PHF,VA,AEA,EN,Towers with Radar,46,11,22,26,105,0,1,54,16,71,46,12,76,42,176,170,144,314,490
06/27/2009,PHF,VA,AEA,EN,Towers with Radar,46,2,10,8,66,0,2,36,0,38,46,4,46,8,104,82,4,86,190
06/28/2009,PHF,VA,AEA,EN,Towers with Radar,47,5,13,2,67,0,3,74,0,77,47,8,87,2,144,186,0,186,330
06/29/2009,PHF,VA,AEA,EN,Towers with Radar,52,13,23,5,93,0,0,87,10,97,52,13,110,15,190,222,150,372,562
06/30/2009,PHF,VA,AEA,EN,Towers with Radar,49,7,16,3,75,0,0,79,11,90,49,7,95,14,165,152,180,332,497
07/01/2009,PHF,VA,AEA,EN,Towers with Radar,49,18,19,27,113,0,0,55,14,69,49,18,74,41,182,144,128,272,454
07/02/2009,PHF,VA,AEA,EN,Towers with Radar,51,5,31,0,87,0,0,76,0,76,51,5,107,0,163,178,0,178,341
07/03/2009,PHF,VA,AEA,EN,Towers with Radar,50,6,18,0,74,0,1,59,1,61,50,7,77,1,135,56,0,56,191
07/04/2009,PHF,VA,AEA,EN,Towers with Radar,40,0,3,0,43,0,0,74,1,75,40,0,77,1,118,150,0,150,268
07/05/2009,PHF,VA,AEA,EN,Towers with Radar,48,0,12,1,61,0,0,12,0,12,48,0,24,1,73,0,0,0,73
07/06/2009,PHF,VA,AEA,EN,Towers with Radar,52,8,32,11,103,0,0,72,7,79,52,8,104,18,182,176,92,268,450
07/07/2009,PHF,VA,AEA,EN,Towers with Radar,51,12,26,10,99,0,0,89,5,94,51,12,115,15,193,236,140,376,569
07/08/2009,PHF,VA,AEA,EN,Towers with Radar,50,14,25,39,128,0,0,58,9,67,50,14,83,48,195,132,132,264,459
07/09/2009,PHF,VA,AEA,EN,Towers with Radar,48,17,21,7,93,0,3,75,5,83,48,20,96,12,176,112,170,282,458
07/10/2009,PHF,VA,AEA,EN,Towers with Radar,52,17,34,11,114,0,0,60,21,81,52,17,94,32,195,218,112,330,525
07/11/2009,PHF,VA,AEA,EN,Towers with Radar,46,5,18,2,71,0,0,109,10,119,46,5,127,12,190,206,68,274,464
07/12/2009,PHF,VA,AEA,EN,Towers with Radar,49,7,22,7,85,0,0,113,13,126,49,7,135,20,211,252,110,362,573
07/13/2009,PHF,VA,AEA,EN,Towers with Radar,51,14,28,11,104,0,0,84,14,98,51,14,112,25,202,182,192,374,576
07/14/2009,PHF,VA,AEA,EN,Towers with Radar,49,10,25,19,103,0,0,80,16,96,49,10,105,35,199,252,138,390,589
07/15/2009,PHF,VA,AEA,EN,Towers with Radar,53,23,35,13,124,0,1,69,12,82,53,24,104,25,206,150,204,354,560
07/16/2009,PHF,VA,AEA,EN,Towers with Radar,50,8,27,31,116,0,1,49,10,60,50,9,76,41,176,124,132,256,432
07/17/2009,PHF,VA,AEA,EN,Towers with Radar,54,7,25,8,94,0,0,14,3,17,54,7,39,11,111,62,34,96,207
07/18/2009,PHF,VA,AEA,EN,Towers with Radar,46,1,21,6,74,0,4,46,0,50,46,5,67,6,124,132,88,220,344
07/19/2009,PHF,VA,AEA,EN,Towers with Radar,48,3,9,0,60,0,0,76,3,79,48,3,85,3,139,124,6,130,269
07/20/2009,PHF,VA,AEA,EN,Towers with Radar,52,8,32,11,103,0,0,46,1,47,52,8,78,12,150,52,62,114,264
07/21/2009,PHF,VA,AEA,EN,Towers with Radar,48,16,24,28,116,0,2,74,3,79,48,18,98,31,195,66,124,190,385
07/22/2009,PHF,VA,AEA,EN,Towers with Radar,52,20,27,14,113,0,1,124,8,133,52,21,151,22,246,200,164,364,610
07/23/2009,PHF,VA,AEA,EN,Towers with Radar,49,17,31,12,109,0,1,39,36,76,49,18,70,48,185,106,176,282,467
07/24/2009,PHF,VA,AEA,EN,Towers with Radar,53,10,16,21,100,0,0,43,6,49,53,10,59,27,149,92,76,168,317
07/25/2009,PHF,VA,AEA,EN,Towers with Radar,47,4,31,0,82,0,0,85,0,85,47,4,116,0,167,230,0,230,397
07/26/2009,PHF,VA,AEA,EN,Towers with Radar,45,3,12,0,60,0,1,63,0,64,45,4,75,0,124,116,0,116,240
07/27/2009,PHF,VA,AEA,EN,Towers with Radar,49,5,21,24,99,0,0,17,14,31,49,5,38,38,130,50,94,144,274
07/28/2009,PHF,VA,AEA,EN,Towers with Radar,53,11,24,32,120,0,0,54,10,64,53,11,78,42,184,68,88,156,340
07/29/2009,PHF,VA,AEA,EN,Towers with Radar,48,12,22,22,104,0,0,32,5,37,48,12,54,27,141,60,76,136,277
07/30/2009,PHF,VA,AEA,EN,Towers with Radar,51,15,31,40,137,0,1,47,4,52,51,16,78,44,189,170,166,336,525
07/31/2009,PHF,VA,AEA,EN,Towers with Radar,49,7,17,16,89,0,0,32,5,37,49,7,49,21,126,42,46,88,214
08/01/2009,PHF,VA,AEA,EN,Towers with Radar,48,4,20,1,73,0,2,70,0,72,48,6,90,1,145,174,78,252,397
08/02/2009,PHF,VA,AEA,EN,Towers with Radar,37,5,16,0,58,0,0,48,0,48,37,5,64,0,106,158,0,158,264
08/03/2009,PHF,VA,AEA,EN,Towers with Radar,53,7,28,9,97,0,0,60,0,60,53,7,88,9,157,142,62,204,361
08/04/2009,PHF,VA,AEA,EN,Towers with Radar,52,13,16,33,114,0,0,50,14,64,52,13,66,47,178,106,126,232,410
08/05/2009,PHF,VA,AEA,EN,Towers with Radar,53,13,9,22,97,0,0,36,15,51,53,13,45,37,148,120,110,230,378
08/06/2009,PHF,VA,AEA,EN,Towers with Radar,56,7,23,27,113,0,0,32,10,42,56,7,55,37,155,46,246,292,447
08/07/2009,PHF,VA,AEA,EN,Towers with Radar,52,8,25,25,110,0,0,45,11,56,52,8,70,36,166,94,164,258,424
08/08/2009,PHF,VA,AEA,EN,Towers with Radar,45,1,14,12,72,0,1,67,1,69,45,2,81,13,141,118,0,118,259
08/09/2009,PHF,VA,AEA,EN,Towers with Radar,48,6,27,14,95,0,1,66,2,69,48,7,93,16,164,84,6,90,254
08/10/2009,PHF,VA,AEA,EN,Towers with Radar,53,15,26,28,122,0,1,34,11,46,53,16,60,39,168,42,112,154,322
08/11/2009,PHF,VA,AEA,EN,Towers with Radar,52,14,12,18,96,0,1,103,6,110,52,15,115,24,206,118,64,182,388
08/12/2009,PHF,VA,AEA,EN,Towers with Radar,53,11,22,24,110,0,0,40,9,49,53,11,62,33,159,94,28,122,281
08/13/2009,PHF,VA,AEA,EN,Towers with Radar,52,14,28,20,114,0,4,42,4,50,52,18,70,24,164,116,94,210,374
08/14/2009,PHF,VA,AEA,EN,Towers with Radar,54,14,31,12,111,0,0,22,2,24,54,14,53,14,135,58,0,58,193
08/15/2009,PHF,VA,AEA,EN,Towers with Radar,47,3,13,1,64,0,0,31,16,47,47,3,44,17,111,86,12,98,209
08/16/2009,PHF,VA,AEA,EN,Towers with Radar,47,3,23,4,77,0,3,50,0,53,47,6,73,4,130,78,0,78,208
08/17/2009,PHF,VA,AEA,EN,Towers with Radar,52,26,20,39,137,0,0,54,9,63,52,26,74,48,200,74,60,134,334
08/18/2009,PHF,VA,AEA,EN,Towers with Radar,48,6,28,43,125,0,0,49,16,65,48,6,77,59,190,144,266,410,600
08/19/2009,PHF,VA,AEA,EN,Towers with Radar,52,29,25,44,150,0,1,70,19,90,52,30,95,63,240,142,138,280,520
08/20/2009,PHF,VA,AEA,EN,Towers with Radar,50,25,27,62,164,0,0,45,6,51,50,25,72,68,215,90,182,272,487
08/21/2009,PHF,VA,AEA,EN,Towers with Radar,44,18,32,20,114,0,0,49,13,62,44,18,81,33,176,154,90,244,420
08/22/2009,PHF,VA,AEA,EN,Towers with Radar,48,3,12,0,63,0,0,35,0,35,48,3,47,0,98,118,0,118,216
08/23/2009,PHF,VA,AEA,EN,Towers with Radar,50,1,35,2,88,0,1,64,0,65,50,2,99,2,153,170,4,174,327
08/24/2009,PHF,VA,AEA,EN,Towers with Radar,54,24,30,25,133,0,0,30,15,45,54,24,60,40,178,76,130,206,384
08/25/2009,PHF,VA,AEA,EN,Towers with Radar,52,18,47,30,147,0,0,36,1,37,52,18,83,31,184,298,346,644,828
08/26/2009,PHF,VA,AEA,EN,Towers with Radar,52,16,19,40,127,0,0,60,0,60,52,16,79,40,187,170,182,352,539
08/27/2009,PHF,VA,AEA,EN,Towers with Radar,58,29,13,42,142,0,1,38,17,56,58,30,51,59,198,60,76,136,334
08/28/2009,PHF,VA,AEA,EN,Towers with Radar,49,7,21,28,105,0,0,36,13,49,49,7,57,41,154,32,113,145,299
08/29/2009,PHF,VA,AEA,EN,Towers with Radar,45,2,6,3,56,0,1,66,0,67,45,3,72,3,123,168,22,190,313
08/30/2009,PHF,VA,AEA,EN,Towers with Radar,47,2,14,1,64,0,0,82,1,83,47,2,96,2,147,168,16,184,331
08/31/2009,PHF,VA,AEA,EN,Towers with Radar,51,5,21,17,94,0,0,26,2,28,51,5,47,19,122,18,156,174,296
09/01/2009,PHF,VA,AEA,EN,Towers with Radar,48,18,22,41,129,0,2,63,20,85,48,20,85,61,214,242,206,448,662
09/02/2009,PHF,VA,AEA,EN,Towers with Radar,51,9,31,34,125,0,0,83,22,105,51,9,114,56,230,98,170,268,498
09/03/2009,PHF,VA,AEA,EN,Towers with Radar,46,5,21,39,111,0,0,50,18,68,46,5,71,57,179,158,238,396,575
09/04/2009,PHF,VA,AEA,EN,Towers with Radar,50,8,25,24,107,0,1,63,4,68,50,9,88,28,175,104,60,164,339
09/05/2009,PHF,VA,AEA,EN,Towers with Radar,41,2,23,0,66,0,9,94,0,103,41,11,117,0,169,132,0,132,301
09/06/2009,PHF,VA,AEA,EN,Towers with Radar,33,1,14,0,48,0,1,87,0,88,33,2,101,0,136,208,0,208,344
09/07/2009,PHF,VA,AEA,EN,Towers with Radar,46,2,22,0,70,0,0,0,0,0,46,2,22,0,70,0,0,0,70
09/08/2009,PHF,VA,AEA,EN,Towers with Radar,49,10,12,8,79,0,0,10,4,14,49,10,22,12,93,0,54,54,147
09/09/2009,PHF,VA,AEA,EN,Towers with Radar,52,22,35,50,159,0,2,57,10,69,52,24,92,60,228,70,173,243,471
09/10/2009,PHF,VA,AEA,EN,Towers with Radar,51,15,26,14,106,0,0,9,9,18,51,15,35,23,124,14,150,164,288
09/11/2009,PHF,VA,AEA,EN,Towers with Radar,45,10,35,19,109,0,0,37,5,42,45,10,72,24,151,90,96,186,337
09/12/2009,PHF,VA,AEA,EN,Towers with Radar,40,9,24,9,82,0,1,67,1,69,40,10,91,10,151,130,78,208,359
09/13/2009,PHF,VA,AEA,EN,Towers with Radar,44,3,21,4,72,0,0,39,2,41,44,3,60,6,113,112,0,112,225
09/14/2009,PHF,VA,AEA,EN,Towers with Radar,50,18,27,16,111,0,1,52,5,58,50,19,79,21,169,100,26,126,295
09/15/2009,PHF,VA,AEA,EN,Towers with Radar,48,12,25,21,106,0,3,63,12,78,48,15,88,33,184,80,114,194,378
09/16/2009,PHF,VA,AEA,EN,Towers with Radar,48,15,31,8,102,0,2,53,3,58,48,17,84,11,160,94,109,203,363
09/17/2009,PHF,VA,AEA,EN,Towers with Radar,49,20,22,29,120,0,0,10,6,16,49,20,32,35,136,54,80,134,270
09/18/2009,PHF,VA,AEA,EN,Towers with Radar,51,8,32,8,99,0,0,43,0,43,51,8,75,8,142,72,98,170,312
09/19/2009,PHF,VA,AEA,EN,Towers with Radar,42,6,26,0,74,0,1,31,0,32,42,7,57,0,106,102,0,102,208
09/20/2009,PHF,VA,AEA,EN,Towers with Radar,49,7,27,1,84,0,0,94,0,94,49,7,121,1,178,192,0,192,370
09/21/2009,PHF,VA,AEA,EN,Towers with Radar,42,12,20,31,105,0,0,99,15,114,42,12,119,46,219,248,134,382,601
09/22/2009,PHF,VA,AEA,EN,Towers with Radar,48,19,19,46,132,0,0,125,15,140,48,19,144,61,272,217,268,485,757
09/23/2009,PHF,VA,AEA,EN,Towers with Radar,49,16,24,42,131,0,0,37,6,43,49,16,61,48,174,82,156,238,412
09/24/2009,PHF,VA,AEA,EN,Towers with Radar,51,17,42,26,136,0,0,20,3,23,51,17,62,29,159,32,28,60,219
09/25/2009,PHF,VA,AEA,EN,Towers with Radar,51,31,25,22,129,0,0,41,5,46,51,31,66,27,175,54,14,68,243
09/26/2009,PHF,VA,AEA,EN,Towers with Radar,39,8,15,8,70,0,0,36,32,68,39,8,51,40,138,88,160,248,386
09/27/2009,PHF,VA,AEA,EN,Towers with Radar,46,13,26,4,89,0,0,45,0,45,46,13,71,4,134,92,6,98,232
09/28/2009,PHF,VA,AEA,EN,Towers with Radar,46,10,26,31,113,1,0,108,1,110,47,10,134,32,223,136,0,136,359
09/29/2009,PHF,VA,AEA,EN,Towers with Radar,48,8,27,14,97,0,2,104,3,109,48,10,131,17,206,174,48,222,428
09/30/2009,PHF,VA,AEA,EN,Towers with Radar,51,21,57,27,156,0,0,116,6,122,51,21,173,33,278,198,40,238,516
10/01/2009,PHF,VA,AEA,EN,Towers with Radar,53,22,38,2,115,0,0,74,14,88,53,22,112,16,203,218,28,246,449
10/02/2009,PHF,VA,AEA,EN,Towers with Radar,51,15,27,1,94,0,0,91,1,92,51,15,118,2,186,124,68,192,378
10/03/2009,PHF,VA,AEA,EN,Towers with Radar,41,1,6,2,50,0,0,51,6,57,41,1,57,8,107,94,0,94,201
10/04/2009,PHF,VA,AEA,EN,Towers with Radar,47,7,15,2,71,0,0,137,0,137,47,7,152,2,208,136,0,136,344
10/05/2009,PHF,VA,AEA,EN,Towers with Radar,49,14,20,37,120,0,0,113,17,130,49,14,133,54,250,120,164,284,534
10/06/2009,PHF,VA,AEA,EN,Towers with Radar,50,7,22,60,139,0,1,78,6,85,50,8,100,66,224,182,136,318,542
10/07/2009,PHF,VA,AEA,EN,Towers with Radar,50,9,15,32,106,0,0,19,2,21,50,9,34,34,127,42,74,116,243
10/08/2009,PHF,VA,AEA,EN,Towers with Radar,53,13,29,26,121,0,1,68,1,70,53,14,97,27,191,128,4,132,323
10/09/2009,PHF,VA,AEA,EN,Towers with Radar,51,8,36,23,118,0,0,51,2,53,51,8,87,25,171,8,12,20,191
10/10/2009,PHF,VA,AEA,EN,Towers with Radar,41,7,18,1,67,0,1,37,0,38,41,8,55,1,105,80,0,80,185
10/11/2009,PHF,VA,AEA,EN,Towers with Radar,48,0,7,0,55,0,0,87,0,87,48,0,94,0,142,196,0,196,338
10/12/2009,PHF,VA,AEA,EN,Towers with Radar,51,8,10,0,69,0,1,70,0,71,51,9,80,0,140,156,0,156,296
10/13/2009,PHF,VA,AEA,EN,Towers with Radar,51,15,26,30,122,0,3,71,2,76,51,18,97,32,198,60,196,256,454
10/14/2009,PHF,VA,AEA,EN,Towers with Radar,51,6,29,22,108,0,1,94,17,112,51,7,123,39,220,116,308,424,644
10/15/2009,PHF,VA,AEA,EN,Towers with Radar,48,11,19,7,85,0,0,0,0,0,48,11,19,7,85,0,0,0,85
10/16/2009,PHF,VA,AEA,EN,Towers with Radar,49,13,36,13,111,0,0,0,0,0,49,13,36,13,111,0,0,0,111
10/17/2009,PHF,VA,AEA,EN,Towers with Radar,41,1,23,4,69,0,0,1,0,1,41,1,24,4,70,0,0,0,70
10/18/2009,PHF,VA,AEA,EN,Towers with Radar,46,3,29,0,78,0,0,65,0,65,46,3,94,0,143,118,0,118,261
10/19/2009,PHF,VA,AEA,EN,Towers with Radar,49,6,24,28,107,0,0,101,1,102,49,6,125,29,209,148,0,148,357
10/20/2009,PHF,VA,AEA,EN,Towers with Radar,51,10,25,25,111,0,1,35,0,36,51,11,60,25,147,22,0,22,169
10/21/2009,PHF,VA,AEA,EN,Towers with Radar,51,19,34,63,167,0,1,76,7,84,51,20,110,70,251,76,170,246,497
10/22/2009,PHF,VA,AEA,EN,Towers with Radar,53,7,29,28,117,0,1,80,6,87,53,8,109,34,204,244,8,252,456
10/23/2009,PHF,VA,AEA,EN,Towers with Radar,52,26,29,29,136,0,0,57,0,57,52,26,86,29,193,78,0,78,271
10/24/2009,PHF,VA,AEA,EN,Towers with Radar,40,18,46,18,122,0,0,17,5,22,40,18,63,23,144,34,18,52,196
10/25/2009,PHF,VA,AEA,EN,Towers with Radar,48,12,34,7,101,0,2,31,2,35,48,14,65,9,136,10,0,10,146
10/26/2009,PHF,VA,AEA,EN,Towers with Radar,52,19,28,60,159,0,1,23,5,29,52,20,51,65,188,10,14,24,212
10/27/2009,PHF,VA,AEA,EN,Towers with Radar,46,7,20,20,93,0,0,0,0,0,46,7,20,20,93,0,0,0,93
10/28/2009,PHF,VA,AEA,EN,Towers with Radar,45,17,23,46,131,0,0,67,9,76,45,17,90,55,207,104,98,202,409
10/29/2009,PHF,VA,AEA,EN,Towers with Radar,54,13,25,11,103,0,0,13,0,13,54,13,38,11,116,0,40,40,156
10/30/2009,PHF,VA,AEA,EN,Towers with Radar,53,7,34,13,107,0,0,20,0,20,53,7,54,13,127,27,10,37,164
10/31/2009,PHF,VA,AEA,EN,Towers with Radar,40,2,10,0,52,0,0,17,0,17,40,2,27,0,69,6,0,6,75
11/01/2009,PHF,VA,AEA,EN,Towers with Radar,48,2,29,0,79,0,0,38,0,38,48,2,67,0,117,38,0,38,155
11/02/2009,PHF,VA,AEA,EN,Towers with Radar,52,14,26,19,111,0,0,4,1,5,52,14,30,20,116,0,0,0,116
11/03/2009,PHF,VA,AEA,EN,Towers with Radar,50,8,22,16,96,0,2,80,19,101,50,10,102,35,197,140,52,192,389
11/04/2009,PHF,VA,AEA,EN,Towers with Radar,53,13,24,14,104,0,1,67,6,74,53,14,91,20,178,153,160,313,491
11/05/2009,PHF,VA,AEA,EN,Towers with Radar,54,15,21,10,100,0,0,55,0,55,54,15,76,10,155,52,16,68,223
11/06/2009,PHF,VA,AEA,EN,Towers with Radar,49,11,20,19,99,0,0,44,1,45,49,11,64,20,144,44,4,48,192
11/07/2009,PHF,VA,AEA,EN,Towers with Radar,43,2,6,5,56,0,1,70,6,77,43,3,76,11,133,168,50,218,351
11/08/2009,PHF,VA,AEA,EN,Towers with Radar,48,11,18,4,81,0,1,133,2,136,48,12,151,6,217,280,0,280,497
11/09/2009,PHF,VA,AEA,EN,Towers with Radar,49,8,40,11,108,0,0,44,0,44,49,8,84,11,152,62,122,184,336
11/10/2009,PHF,VA,AEA,EN,Towers with Radar,51,5,19,19,94,3,0,75,19,97,54,5,94,38,191,138,62,200,391
11/11/2009,PHF,VA,AEA,EN,Towers with Radar,52,2,4,1,59,0,0,0,0,0,52,2,4,1,59,0,0,0,59
11/12/2009,PHF,VA,AEA,EN,Towers with Radar,46,0,3,3,52,0,0,0,0,0,46,0,3,3,52,0,0,0,52
11/13/2009,PHF,VA,AEA,EN,Towers with Radar,46,7,16,0,69,0,0,0,0,0,46,7,16,0,69,0,0,0,69
11/14/2009,PHF,VA,AEA,EN,Towers with Radar,41,4,25,15,85,0,0,1,0,1,41,4,26,15,86,0,0,0,86
11/15/2009,PHF,VA,AEA,EN,Towers with Radar,48,1,14,11,74,0,0,69,2,71,48,1,83,13,145,94,0,94,239
11/16/2009,PHF,VA,AEA,EN,Towers with Radar,48,10,33,30,121,0,1,73,12,86,48,11,106,42,207,94,136,230,437
11/17/2009,PHF,VA,AEA,EN,Towers with Radar,50,21,23,27,121,0,6,73,2,81,50,27,96,29,202,178,98,276,478
11/18/2009,PHF,VA,AEA,EN,Towers with Radar,56,5,31,17,109,0,1,52,15,68,56,6,83,32,177,128,274,402,579
11/19/2009,PHF,VA,AEA,EN,Towers with Radar,43,5,25,24,97,0,0,38,0,38,43,5,63,24,135,28,42,70,205
11/20/2009,PHF,VA,AEA,EN,Towers with Radar,51,6,50,27,134,0,0,31,6,37,51,6,81,33,171,70,106,176,347
11/21/2009,PHF,VA,AEA,EN,Towers with Radar,41,6,19,0,66,0,2,80,8,90,41,8,99,8,156,94,0,94,250
11/22/2009,PHF,VA,AEA,EN,Towers with Radar,46,4,13,14,77,0,0,89,0,89,46,4,102,14,166,194,0,194,360
11/23/2009,PHF,VA,AEA,EN,Towers with Radar,48,17,21,14,100,0,0,0,0,0,48,17,21,14,100,0,0,0,100
11/24/2009,PHF,VA,AEA,EN,Towers with Radar,50,8,33,1,92,0,0,0,0,0,50,8,33,1,92,0,0,0,92
11/25/2009,PHF,VA,AEA,EN,Towers with Radar,35,29,19,12,95,0,0,12,0,12,35,29,31,12,107,14,0,14,121
11/26/2009,PHF,VA,AEA,EN,Towers with Radar,21,13,8,0,42,0,0,30,0,30,21,13,38,0,72,46,0,46,118
11/27/2009,PHF,VA,AEA,EN,Towers with Radar,24,24,7,0,55,0,0,61,0,61,24,24,68,0,116,114,0,114,230
11/28/2009,PHF,VA,AEA,EN,Towers with Radar,32,17,16,0,65,0,0,56,0,56,32,17,72,0,121,198,0,198,319
11/29/2009,PHF,VA,AEA,EN,Towers with Radar,31,31,34,0,96,0,0,135,0,135,31,31,169,0,231,130,0,130,361
11/30/2009,PHF,VA,AEA,EN,Towers with Radar,30,35,20,12,97,0,0,21,0,21,30,35,41,12,118,12,0,12,130
12/01/2009,PHF,VA,AEA,EN,Towers with Radar,32,42,21,16,111,0,0,93,9,102,32,42,114,25,213,160,164,324,537
12/02/2009,PHF,VA,AEA,EN,Towers with Radar,28,32,20,2,82,0,3,10,4,17,28,35,30,6,99,44,28,72,171
12/03/2009,PHF,VA,AEA,EN,Towers with Radar,30,47,16,10,103,0,1,17,1,19,30,48,33,11,122,6,10,16,138
12/04/2009,PHF,VA,AEA,EN,Towers with Radar,33,29,29,13,104,0,0,55,2,57,33,29,84,15,161,87,6,93,254
12/05/2009,PHF,VA,AEA,EN,Towers with Radar,28,16,11,0,55,0,0,0,0,0,28,16,11,0,55,0,0,0,55
12/06/2009,PHF,VA,AEA,EN,Towers with Radar,30,17,9,0,56,0,0,94,0,94,30,17,103,0,150,220,0,220,370
12/07/2009,PHF,VA,AEA,EN,Towers with Radar,29,29,22,1,81,0,0,104,0,104,29,29,126,1,185,214,82,296,481
12/08/2009,PHF,VA,AEA,EN,Towers with Radar,26,31,22,4,83,0,0,47,34,81,26,31,69,38,164,72,78,150,314
12/09/2009,PHF,VA,AEA,EN,Towers with Radar,23,29,15,13,80,0,0,1,9,10,23,29,16,22,90,0,84,84,174
12/10/2009,PHF,VA,AEA,EN,Towers with Radar,29,29,20,12,90,0,0,95,25,120,29,29,115,37,210,128,130,258,468
12/11/2009,PHF,VA,AEA,EN,Towers with Radar,28,33,28,5,94,0,0,47,32,79,28,33,75,37,173,78,68,146,319
12/12/2009,PHF,VA,AEA,EN,Towers with Radar,27,15,10,5,57,0,3,98,6,107,27,18,108,11,164,238,28,266,430
12/13/2009,PHF,VA,AEA,EN,Towers with Radar,30,20,13,0,63,0,0,5,0,5,30,20,18,0,68,0,0,0,68
12/14/2009,PHF,VA,AEA,EN,Towers with Radar,28,20,21,9,78,0,0,0,0,0,28,20,21,9,78,0,0,0,78
12/15/2009,PHF,VA,AEA,EN,Towers with Radar,30,23,21,16,90,0,0,16,2,18,30,23,37,18,108,162,126,288,396
12/16/2009,PHF,VA,AEA,EN,Towers with Radar,30,23,23,6,82,0,0,56,6,62,30,23,79,12,144,56,32,88,232
12/17/2009,PHF,VA,AEA,EN,Towers with Radar,30,28,27,9,94,0,1,32,5,38,30,29,59,14,132,70,20,90,222
12/18/2009,PHF,VA,AEA,EN,Towers with Radar,28,24,16,0,68,0,0,2,0,2,28,24,18,0,70,0,0,0,70
12/19/2009,PHF,VA,AEA,EN,Towers with Radar,21,12,3,0,36,0,0,0,0,0,21,12,3,0,36,0,0,0,36
12/20/2009,PHF,VA,AEA,EN,Towers with Radar,28,14,3,0,45,0,0,22,0,22,28,14,25,0,67,84,0,84,151
12/21/2009,PHF,VA,AEA,EN,Towers with Radar,28,24,17,4,73,0,0,34,0,34,28,24,51,4,107,44,46,90,197
12/22/2009,PHF,VA,AEA,EN,Towers with Radar,28,29,15,19,91,0,0,113,26,139,28,29,128,45,230,202,170,372,602
12/23/2009,PHF,VA,AEA,EN,Towers with Radar,29,27,35,10,101,0,1,79,24,104,29,28,114,34,205,142,150,292,497
12/24/2009,PHF,VA,AEA,EN,Towers with Radar,25,20,16,0,61,0,1,61,0,62,25,21,77,0,123,98,0,98,221
12/25/2009,PHF,VA,AEA,EN,Towers with Radar,21,22,1,0,44,0,0,0,0,0,21,22,1,0,44,0,0,0,44
12/26/2009,PHF,VA,AEA,EN,Towers with Radar,26,21,4,0,51,0,0,0,0,0,26,21,4,0,51,0,0,0,51
12/27/2009,PHF,VA,AEA,EN,Towers with Radar,26,29,24,0,79,0,0,145,1,146,26,29,169,1,225,198,0,198,423
12/28/2009,PHF,VA,AEA,EN,Towers with Radar,26,28,16,0,70,0,1,20,0,21,26,29,36,0,91,2,0,2,93
12/29/2009,PHF,VA,AEA,EN,Towers with Radar,29,31,12,24,96,0,0,44,13,57,29,31,56,37,153,74,80,154,307
12/30/2009,PHF,VA,AEA,EN,Towers with Radar,28,28,14,8,78,0,2,59,6,67,28,30,73,14,145,104,28,132,277
12/31/2009,PHF,VA,AEA,EN,Towers with Radar,22,18,5,4,49,0,0,0,0,0,22,18,5,4,49,0,0,0,49
01/01/2010,PHF,VA,AEA,EN,Towers with Radar,22,19,2,0,43,0,0,6,0,6,22,19,8,0,49,8,0,8,57
01/02/2010,PHF,VA,AEA,EN,Towers with Radar,25,22,10,0,57,0,0,32,0,32,25,22,42,0,89,0,0,0,89
01/03/2010,PHF,VA,AEA,EN,Towers with Radar,24,21,12,0,57,0,0,142,0,142,24,21,154,0,199,132,0,132,331
01/04/2010,PHF,VA,AEA,EN,Towers with Radar,27,24,15,33,99,0,0,63,8,71,27,24,78,41,170,250,160,410,580
01/05/2010,PHF,VA,AEA,EN,Towers with Radar,25,25,19,31,100,0,0,63,15,78,25,25,82,46,178,144,142,286,464
01/06/2010,PHF,VA,AEA,EN,Towers with Radar,27,36,13,15,91,0,0,63,11,74,27,36,76,26,165,66,118,184,349
01/07/2010,PHF,VA,AEA,EN,Towers with Radar,25,31,25,7,88,0,0,46,6,52,25,31,71,13,140,166,26,192,332
01/08/2010,PHF,VA,AEA,EN,Towers with Radar,29,27,11,26,93,0,0,44,4,48,29,27,55,30,141,18,0,18,159
01/09/2010,PHF,VA,AEA,EN,Towers with Radar,22,23,14,4,63,0,0,56,8,64,22,23,70,12,127,114,6,120,247
01/10/2010,PHF,VA,AEA,EN,Towers with Radar,27,15,23,0,65,0,0,59,0,59,27,15,82,0,124,118,0,118,242
01/11/2010,PHF,VA,AEA,EN,Towers with Radar,28,26,16,26,96,0,0,73,2,75,28,26,89,28,171,132,12,144,315
01/12/2010,PHF,VA,AEA,EN,Towers with Radar,23,26,9,24,82,0,0,111,12,123,23,26,120,36,205,248,132,380,585
01/13/2010,PHF,VA,AEA,EN,Towers with Radar,28,37,14,35,114,0,1,64,8,73,28,38,78,43,187,107,88,195,382
01/14/2010,PHF,VA,AEA,EN,Towers with Radar,31,29,14,23,97,0,0,58,5,63,31,29,72,28,160,98,2,100,260
01/15/2010,PHF,VA,AEA,EN,Towers with Radar,30,31,22,44,127,0,1,70,5,76,30,32,92,49,203,152,160,312,515
01/16/2010,PHF,VA,AEA,EN,Towers with Radar,21,19,18,0,58,0,0,88,0,88,21,19,106,0,146,190,80,270,416
01/17/2010,PHF,VA,AEA,EN,Towers with Radar,30,20,5,4,59,0,0,0,0,0,30,20,5,4,59,0,0,0,59
01/18/2010,PHF,VA,AEA,EN,Towers with Radar,27,25,27,0,79,0,0,79,0,79,27,25,106,0,158,176,0,176,334
01/19/2010,PHF,VA,AEA,EN,Towers with Radar,23,26,17,27,93,0,0,58,9,67,23,26,75,36,160,108,100,208,368
01/20/2010,PHF,VA,AEA,EN,Towers with Radar,27,25,19,16,87,0,1,48,3,52,27,26,67,19,139,90,22,112,251
01/21/2010,PHF,VA,AEA,EN,Towers with Radar,25,23,10,48,106,0,0,12,5,17,25,23,22,53,123,6,26,32,155
01/22/2010,PHF,VA,AEA,EN,Towers with Radar,29,29,17,6,81,0,0,0,0,0,29,29,17,6,81,0,0,0,81
01/23/2010,PHF,VA,AEA,EN,Towers with Radar,24,16,18,25,83,0,1,61,1,63,24,17,79,26,146,158,16,174,320
01/24/2010,PHF,VA,AEA,EN,Towers with Radar,17,21,10,3,51,0,0,22,0,22,17,21,32,3,73,58,0,58,131
01/25/2010,PHF,VA,AEA,EN,Towers with Radar,28,23,12,8,71,0,0,32,22,54,28,23,44,30,125,84,258,342,467
01/26/2010,PHF,VA,AEA,EN,Towers with Radar,24,27,23,10,84,0,0,46,23,69,24,27,69,33,153,140,116,256,409
01/27/2010,PHF,VA,AEA,EN,Towers with Radar,28,27,23,16,94,0,0,66,11,77,28,27,89,27,171,92,86,178,349
01/28/2010,PHF,VA,AEA,EN,Towers with Radar,30,33,22,11,96,0,0,23,28,51,30,33,45,39,147,16,34,50,197
01/29/2010,PHF,VA,AEA,EN,Towers with Radar,26,28,13,11,78,0,1,33,7,41,26,29,46,18,119,38,0,38,157
01/30/2010,PHF,VA,AEA,EN,Towers with Radar,1,0,1,0,2,0,0,0,0,0,1,0,1,0,2,0,0,0,2
01/31/2010,PHF,VA,AEA,EN,Towers with Radar,16,14,4,4,38,0,0,0,0,0,16,14,4,4,38,0,0,0,38
02/01/2010,PHF,VA,AEA,EN,Towers with Radar,30,22,12,7,71,0,0,28,0,28,30,22,40,7,99,82,136,218,317
02/02/2010,PHF,VA,AEA,EN,Towers with Radar,24,25,10,6,65,0,0,24,0,24,24,25,34,6,89,48,32,80,169
02/03/2010,PHF,VA,AEA,EN,Towers with Radar,26,43,15,53,137,0,0,56,14,70,26,43,71,67,207,190,218,408,615
02/04/2010,PHF,VA,AEA,EN,Towers with Radar,28,39,29,26,122,0,1,49,4,54,28,40,78,30,176,104,198,302,478
02/05/2010,PHF,VA,AEA,EN,Towers with Radar,25,17,7,4,53,0,0,0,0,0,25,17,7,4,53,0,0,0,53
02/06/2010,PHF,VA,AEA,EN,Towers with Radar,19,2,1,0,22,0,0,0,0,0,19,2,1,0,22,0,0,0,22
02/07/2010,PHF,VA,AEA,EN,Towers with Radar,29,15,7,0,51,0,1,19,0,20,29,16,26,0,71,0,0,0,71
02/08/2010,PHF,VA,AEA,EN,Towers with Radar,31,26,13,4,74,0,0,41,0,41,31,26,54,4,115,138,164,302,417
02/09/2010,PHF,VA,AEA,EN,Towers with Radar,24,27,4,11,66,0,0,6,1,7,24,27,10,12,73,36,0,36,109
02/10/2010,PHF,VA,AEA,EN,Towers with Radar,21,2,3,2,28,0,0,4,0,4,21,2,7,2,32,0,0,0,32
02/11/2010,PHF,VA,AEA,EN,Towers with Radar,25,27,6,8,66,0,1,7,2,10,25,28,13,10,76,34,30,64,140
02/12/2010,PHF,VA,AEA,EN,Towers with Radar,17,25,14,14,70,0,0,45,13,58,17,25,59,27,128,150,88,238,366
02/13/2010,PHF,VA,AEA,EN,Towers with Radar,15,10,5,2,32,0,0,28,0,28,15,10,33,2,60,84,36,120,180
02/14/2010,PHF,VA,AEA,EN,Towers with Radar,18,23,6,0,47,0,1,12,0,13,18,24,18,0,60,6,0,6,66
02/15/2010,PHF,VA,AEA,EN,Towers with Radar,21,24,15,2,62,0,0,51,0,51,21,24,66,2,113,90,0,90,203
02/16/2010,PHF,VA,AEA,EN,Towers with Radar,24,26,13,16,79,0,0,119,3,122,24,26,132,19,201,258,166,424,625
02/17/2010,PHF,VA,AEA,EN,Towers with Radar,25,26,22,26,99,0,0,37,18,55,25,26,59,44,154,72,160,232,386
02/18/2010,PHF,VA,AEA,EN,Towers with Radar,25,33,22,33,113,0,0,43,7,50,25,33,65,40,163,54,130,184,347
02/19/2010,PHF,VA,AEA,EN,Towers with Radar,25,32,25,16,98,0,1,60,2,63,25,33,85,18,161,132,64,196,357
02/20/2010,PHF,VA,AEA,EN,Towers with Radar,21,15,21,4,61,0,1,74,0,75,21,16,95,4,136,98,0,98,234
02/21/2010,PHF,VA,AEA,EN,Towers with Radar,22,26,20,7,75,0,0,92,0,92,22,26,112,7,167,142,0,142,309
02/22/2010,PHF,VA,AEA,EN,Towers with Radar,25,25,25,10,85,0,0,23,0,23,25,25,48,10,108,134,192,326,434
02/23/2010,PHF,VA,AEA,EN,Towers with Radar,25,28,8,5,66,0,0,52,1,53,25,28,60,6,119,126,20,146,265
02/24/2010,PHF,VA,AEA,EN,Towers with Radar,23,36,33,33,125,0,0,16,12,28,23,36,49,45,153,56,102,158,311
02/25/2010,PHF,VA,AEA,EN,Towers with Radar,25,30,7,23,85,0,0,7,2,9,25,30,14,25,94,0,50,50,144
02/26/2010,PHF,VA,AEA,EN,Towers with Radar,21,23,8,2,54,0,0,1,0,1,21,23,9,2,55,0,0,0,55
02/27/2010,PHF,VA,AEA,EN,Towers with Radar,19,19,26,3,67,0,2,75,2,79,19,21,101,5,146,204,0,204,350
02/28/2010,PHF,VA,AEA,EN,Towers with Radar,22,19,15,0,56,0,0,87,0,87,22,19,102,0,143,232,22,254,397
03/01/2010,PHF,VA,AEA,EN,Towers with Radar,24,25,13,9,71,0,1,24,0,25,24,26,37,9,96,0,0,0,96
03/02/2010,PHF,VA,AEA,EN,Towers with Radar,22,23,18,16,79,0,1,68,17,86,22,24,86,33,165,112,20,132,297
03/03/2010,PHF,VA,AEA,EN,Towers with Radar,27,28,7,0,62,0,0,2,0,2,27,28,9,0,64,0,0,0,64
03/04/2010,PHF,VA,AEA,EN,Towers with Radar,26,24,20,32,102,0,1,28,19,48,26,25,48,51,150,74,143,217,367
03/05/2010,PHF,VA,AEA,EN,Towers with Radar,25,27,30,21,103,0,0,45,9,54,25,27,75,30,157,122,82,204,361
03/06/2010,PHF,VA,AEA,EN,Towers with Radar,19,15,16,4,54,0,0,50,0,50,19,15,66,4,104,132,0,132,236
03/07/2010,PHF,VA,AEA,EN,Towers with Radar,24,23,23,4,74,0,1,76,0,77,24,24,99,4,151,98,16,114,265
03/08/2010,PHF,VA,AEA,EN,Towers with Radar,24,25,33,17,99,0,2,78,25,105,24,27,111,42,204,138,128,266,470
03/09/2010,PHF,VA,AEA,EN,Towers with Radar,25,30,13,10,78,0,0,72,3,75,25,30,85,13,153,106,68,174,327
03/10/2010,PHF,VA,AEA,EN,Towers with Radar,23,29,31,12,95,0,0,47,4,51,23,29,78,16,146,192,178,370,516
03/11/2010,PHF,VA,AEA,EN,Towers with Radar,26,36,31,16,109,0,0,17,7,24,26,36,48,23,133,12,140,152,285
03/12/2010,PHF,VA,AEA,EN,Towers with Radar,16,26,14,10,66,0,0,0,0,0,16,26,14,10,66,0,0,0,66
03/13/2010,PHF,VA,AEA,EN,Towers with Radar,18,12,20,3,53,0,0,36,0,36,18,12,56,3,89,80,24,104,193
03/14/2010,PHF,VA,AEA,EN,Towers with Radar,19,20,12,1,52,0,0,74,0,74,19,20,86,1,126,228,0,228,354
03/15/2010,PHF,VA,AEA,EN,Towers with Radar,23,24,19,21,87,0,0,43,18,61,23,24,62,39,148,98,82,180,328
03/16/2010,PHF,VA,AEA,EN,Towers with Radar,24,20,29,45,118,0,0,65,0,65,24,20,94,45,183,262,218,480,663
03/17/2010,PHF,VA,AEA,EN,Towers with Radar,21,46,28,18,113,0,0,86,17,103,21,46,114,35,216,196,122,318,534
03/18/2010,PHF,VA,AEA,EN,Towers with Radar,24,36,22,51,133,0,1,51,13,65,24,37,73,64,198,106,174,280,478
03/19/2010,PHF,VA,AEA,EN,Towers with Radar,21,28,18,35,102,0,0,87,21,108,21,28,105,56,210,154,72,226,436
03/20/2010,PHF,VA,AEA,EN,Towers with Radar,18,16,13,0,47,0,0,62,0,62,18,16,75,0,109,98,0,98,207
03/21/2010,PHF,VA,AEA,EN,Towers with Radar,16,22,8,0,46,0,1,87,0,88,16,23,95,0,134,146,2,148,282
03/22/2010,PHF,VA,AEA,EN,Towers with Radar,20,24,21,26,91,0,2,84,1,87,20,26,105,27,178,146,110,256,434
03/23/2010,PHF,VA,AEA,EN,Towers with Radar,20,27,16,36,99,0,0,22,21,43,20,27,38,57,142,18,200,218,360
03/24/2010,PHF,VA,AEA,EN,Towers with Radar,24,29,39,29,121,0,1,72,2,75,24,30,111,31,196,216,182,398,594
03/25/2010,PHF,VA,AEA,EN,Towers with Radar,23,28,19,21,91,0,0,36,12,48,23,28,55,33,139,56,138,194,333
03/26/2010,PHF,VA,AEA,EN,Towers with Radar,23,40,23,28,114,0,0,8,10,18,23,40,31,38,132,10,68,78,210
03/27/2010,PHF,VA,AEA,EN,Towers with Radar,16,27,15,12,70,0,0,62,0,62,16,27,77,12,132,174,98,272,404
03/28/2010,PHF,VA,AEA,EN,Towers with Radar,20,24,12,2,58,0,0,88,8,96,20,24,100,10,154,164,10,174,328
03/29/2010,PHF,VA,AEA,EN,Towers with Radar,22,32,22,10,86,0,0,0,0,0,22,32,22,10,86,0,0,0,86
03/30/2010,PHF,VA,AEA,EN,Towers with Radar,19,29,15,42,105,0,0,76,10,86,19,29,91,52,191,262,108,370,561
03/31/2010,PHF,VA,AEA,EN,Towers with Radar,24,31,45,14,114,0,0,64,13,77,24,31,109,27,191,76,108,184,375
04/01/2010,PHF,VA,AEA,EN,Towers with Radar,22,34,26,23,105,0,0,63,14,77,22,34,89,37,182,242,242,484,666
04/02/2010,PHF,VA,AEA,EN,Towers with Radar,24,27,17,11,79,0,0,53,2,55,24,27,70,13,134,104,34,138,272
04/03/2010,PHF,VA,AEA,EN,Towers with Radar,19,15,34,0,68,0,0,65,0,65,19,15,99,0,133,144,0,144,277
04/04/2010,PHF,VA,AEA,EN,Towers with Radar,20,22,10,2,54,0,0,55,2,57,20,22,65,4,111,122,0,122,233
04/05/2010,PHF,VA,AEA,EN,Towers with Radar,23,23,16,27,89,0,0,82,12,94,23,23,98,39,183,136,124,260,443
04/06/2010,PHF,VA,AEA,EN,Towers with Radar,25,24,8,51,108,0,1,57,8,66,25,25,65,59,174,102,98,200,374
04/07/2010,PHF,VA,AEA,EN,Towers with Radar,25,26,22,27,100,0,0,49,11,60,25,26,71,38,160,60,122,182,342
04/08/2010,PHF,VA,AEA,EN,Towers with Radar,22,26,16,11,75,0,0,26,6,32,22,26,42,17,107,0,78,78,185
04/09/2010,PHF,VA,AEA,EN,Towers with Radar,25,35,25,7,92,0,0,32,6,38,25,35,57,13,130,36,0,36,166
04/10/2010,PHF,VA,AEA,EN,Towers with Radar,17,18,19,5,59,0,0,50,0,50,17,18,69,5,109,212,0,212,321
04/11/2010,PHF,VA,AEA,EN,Towers with Radar,23,24,25,2,74,0,1,47,0,48,23,25,72,2,122,64,0,64,186
04/12/2010,PHF,VA,AEA,EN,Towers with Radar,27,26,15,9,77,0,0,80,8,88,27,26,95,17,165,250,82,332,497
04/13/2010,PHF,VA,AEA,EN,Towers with Radar,25,28,4,3,60,0,1,53,6,60,25,29,57,9,120,64,68,132,252
04/14/2010,PHF,VA,AEA,EN,Towers with Radar,25,30,24,18,97,0,0,17,3,20,25,30,41,21,117,24,50,74,191
04/15/2010,PHF,VA,AEA,EN,Towers with Radar,24,30,20,13,87,0,1,35,4,40,24,31,55,17,127,40,84,124,251
04/16/2010,PHF,VA,AEA,EN,Towers with Radar,24,28,29,9,90,0,0,31,4,35,24,28,60,13,125,116,0,116,241
04/17/2010,PHF,VA,AEA,EN,Towers with Radar,19,16,10,7,52,0,0,43,1,44,19,16,53,8,96,106,0,106,202
04/18/2010,PHF,VA,AEA,EN,Towers with Radar,25,23,15,1,64,0,0,12,0,12,25,23,27,1,76,8,0,8,84
04/19/2010,PHF,VA,AEA,EN,Towers with Radar,24,28,19,18,89,0,0,60,6,66,24,28,79,24,155,96,16,112,267
04/20/2010,PHF,VA,AEA,EN,Towers with Radar,25,23,24,15,87,0,0,77,13,90,25,23,101,28,177,156,128,284,461
04/21/2010,PHF,VA,AEA,EN,Towers with Radar,27,27,23,3,80,0,0,17,4,21,27,27,40,7,101,2,28,30,131
04/22/2010,PHF,VA,AEA,EN,Towers with Radar,26,31,14,12,83,0,1,26,3,30,26,32,40,15,113,54,6,60,173
04/23/2010,PHF,VA,AEA,EN,Towers with Radar,26,28,22,17,93,0,1,48,1,50,26,29,70,18,143,68,0,68,211
04/24/2010,PHF,VA,AEA,EN,Towers with Radar,18,17,24,4,63,0,1,84,2,87,18,18,108,6,150,98,0,98,248
04/25/2010,PHF,VA,AEA,EN,Towers with Radar,27,21,12,4,64,0,1,5,0,6,27,22,17,4,70,18,0,18,88
04/26/2010,PHF,VA,AEA,EN,Towers with Radar,25,23,23,15,86,0,0,50,1,51,25,23,73,16,137,88,6,94,231
04/27/2010,PHF,VA,AEA,EN,Towers with Radar,24,29,19,22,94,0,0,11,1,12,24,29,30,23,106,0,22,22,128
04/28/2010,PHF,VA,AEA,EN,Towers with Radar,23,29,20,16,88,0,0,35,4,39,23,29,55,20,127,26,24,50,177
04/29/2010,PHF,VA,AEA,EN,Towers with Radar,23,35,19,27,104,0,3,45,1,49,23,38,64,28,153,48,0,48,201
04/30/2010,PHF,VA,AEA,EN,Towers with Radar,22,30,15,18,85,0,0,43,0,43,22,30,58,18,128,18,24,42,170
05/01/2010,PHF,VA,AEA,EN,Towers with Radar,23,16,11,0,50,0,1,59,0,60,23,17,70,0,110,98,0,98,208
05/02/2010,PHF,VA,AEA,EN,Towers with Radar,25,18,15,14,72,0,0,17,2,19,25,18,32,16,91,18,0,18,109
05/03/2010,PHF,VA,AEA,EN,Towers with Radar,29,23,16,17,85,0,0,56,6,62,29,23,72,23,147,32,72,104,251
05/04/2010,PHF,VA,AEA,EN,Towers with Radar,31,25,21,9,86,0,0,47,10,57,31,25,68,19,143,74,96,170,313
05/05/2010,PHF,VA,AEA,EN,Towers with Radar,32,28,22,15,97,0,0,65,3,68,32,28,87,18,165,176,14,190,355
05/06/2010,PHF,VA,AEA,EN,Towers with Radar,28,25,15,34,102,0,2,40,2,44,28,27,55,36,146,42,42,84,230
05/07/2010,PHF,VA,AEA,EN,Towers with Radar,30,24,20,19,93,0,1,49,0,50,30,25,69,19,143,76,2,78,221
05/08/2010,PHF,VA,AEA,EN,Towers with Radar,25,14,6,5,50,0,0,31,0,31,25,14,37,5,81,64,0,64,145
05/09/2010,PHF,VA,AEA,EN,Towers with Radar,31,20,16,0,67,0,0,54,0,54,31,20,70,0,121,78,0,78,199
05/10/2010,PHF,VA,AEA,EN,Towers with Radar,32,25,21,9,87,0,0,83,12,95,32,25,104,21,182,76,4,80,262
05/11/2010,PHF,VA,AEA,EN,Towers with Radar,30,26,15,8,79,0,0,47,2,49,30,26,62,10,128,84,0,84,212
05/12/2010,PHF,VA,AEA,EN,Towers with Radar,32,28,35,2,97,0,1,65,7,73,32,29,100,9,170,0,84,84,254
05/13/2010,PHF,VA,AEA,EN,Towers with Radar,29,30,34,6,99,0,0,40,2,42,29,30,74,8,141,60,0,60,201
05/14/2010,PHF,VA,AEA,EN,Towers with Radar,29,31,28,4,92,0,0,38,3,41,29,31,66,7,133,38,98,136,269
05/15/2010,PHF,VA,AEA,EN,Towers with Radar,25,18,12,0,55,0,0,43,6,49,25,18,55,6,104,122,0,122,226
05/16/2010,PHF,VA,AEA,EN,Towers with Radar,31,22,18,1,72,0,0,24,0,24,31,22,42,1,96,56,0,56,152
05/17/2010,PHF,VA,AEA,EN,Towers with Radar,32,35,25,4,96,0,0,69,0,69,32,35,94,4,165,97,0,97,262
05/18/2010,PHF,VA,AEA,EN,Towers with Radar,30,30,30,15,105,0,0,13,0,13,30,30,43,15,118,26,0,26,144
05/19/2010,PHF,VA,AEA,EN,Towers with Radar,31,31,20,12,94,0,0,24,6,30,31,31,44,18,124,6,2,8,132
05/20/2010,PHF,VA,AEA,EN,Towers with Radar,27,27,13,14,81,0,0,90,1,91,27,27,103,15,172,126,0,126,298
05/21/2010,PHF,VA,AEA,EN,Towers with Radar,27,28,32,18,105,0,0,36,3,39,27,28,68,21,144,56,14,70,214
05/22/2010,PHF,VA,AEA,EN,Towers with Radar,24,18,24,1,67,0,0,53,0,53,24,18,77,1,120,84,0,84,204
05/23/2010,PHF,VA,AEA,EN,Towers with Radar,28,23,23,2,76,0,0,55,0,55,28,23,78,2,131,78,6,84,215
05/24/2010,PHF,VA,AEA,EN,Towers with Radar,31,28,19,17,95,0,0,4,0,4,31,28,23,17,99,0,0,0,99
05/25/2010,PHF,VA,AEA,EN,Towers with Radar,29,33,22,19,103,0,0,73,0,73,29,33,95,19,176,112,0,112,288
05/26/2010,PHF,VA,AEA,EN,Towers with Radar,31,35,49,14,129,0,1,119,10,130,31,36,168,24,259,238,124,362,621
05/27/2010,PHF,VA,AEA,EN,Towers with Radar,27,41,38,43,149,0,0,63,10,73,27,41,101,53,222,124,102,226,448
05/28/2010,PHF,VA,AEA,EN,Towers with Radar,28,29,32,5,94,0,0,38,0,38,28,29,70,5,132,58,10,68,200
05/29/2010,PHF,VA,AEA,EN,Towers with Radar,19,16,17,0,52,0,1,13,0,14,19,17,30,0,66,8,0,8,74
05/30/2010,PHF,VA,AEA,EN,Towers with Radar,25,19,16,2,62,0,0,33,0,33,25,19,49,2,95,62,16,78,173
05/31/2010,PHF,VA,AEA,EN,Towers with Radar,32,24,12,0,68,0,0,30,0,30,32,24,42,0,98,46,0,46,144
06/01/2010,PHF,VA,AEA,EN,Towers with Radar,28,29,26,55,138,0,4,66,6,76,28,33,92,61,214,104,102,206,420
06/02/2010,PHF,VA,AEA,EN,Towers with Radar,29,27,44,55,155,0,0,49,6,55,29,27,93,61,210,58,110,168,378
06/03/2010,PHF,VA,AEA,EN,Towers with Radar,28,31,32,45,136,0,2,26,0,28,28,33,58,45,164,31,4,35,199
06/04/2010,PHF,VA,AEA,EN,Towers with Radar,31,24,23,47,125,0,0,50,0,50,31,24,73,47,175,106,12,118,293
06/05/2010,PHF,VA,AEA,EN,Towers with Radar,26,23,43,3,95,0,1,47,2,50,26,24,90,5,145,100,12,112,257
06/06/2010,PHF,VA,AEA,EN,Towers with Radar,29,20,20,2,71,0,0,9,1,10,29,20,29,3,81,0,0,0,81
06/07/2010,PHF,VA,AEA,EN,Towers with Radar,31,30,28,17,106,0,0,67,1,68,31,30,95,18,174,178,0,178,352
06/08/2010,PHF,VA,AEA,EN,Towers with Radar,28,27,23,31,109,0,0,166,8,174,28,27,189,39,283,250,70,320,603
06/09/2010,PHF,VA,AEA,EN,Towers with Radar,30,25,16,37,108,0,0,70,5,75,30,25,86,42,183,96,218,314,497
06/10/2010,PHF,VA,AEA,EN,Towers with Radar,31,31,17,16,95,0,0,41,3,44,31,31,58,19,139,132,122,254,393
06/11/2010,PHF,VA,AEA,EN,Towers with Radar,32,29,21,28,110,0,0,78,3,81,32,29,99,31,191,136,68,204,395
06/12/2010,PHF,VA,AEA,EN,Towers with Radar,28,21,18,0,67,0,0,63,0,63,28,21,81,0,130,90,0,90,220
06/13/2010,PHF,VA,AEA,EN,Towers with Radar,34,22,17,4,77,0,0,33,1,34,34,22,50,5,111,94,0,94,205
06/14/2010,PHF,VA,AEA,EN,Towers with Radar,34,25,27,14,100,0,0,113,1,114,34,25,140,15,214,150,62,212,426
06/15/2010,PHF,VA,AEA,EN,Towers with Radar,27,25,16,24,92,0,0,59,0,59,27,25,75,24,151,206,14,220,371
06/16/2010,PHF,VA,AEA,EN,Towers with Radar,32,29,19,34,114,0,0,34,3,37,32,29,53,37,151,150,48,198,349
06/17/2010,PHF,VA,AEA,EN,Towers with Radar,32,31,57,24,144,0,1,66,10,77,32,32,123,34,221,6,52,58,279
06/18/2010,PHF,VA,AEA,EN,Towers with Radar,35,28,25,18,106,0,0,67,17,84,35,28,92,35,190,94,52,146,336
06/19/2010,PHF,VA,AEA,EN,Towers with Radar,28,25,23,1,77,0,0,67,0,67,28,25,90,1,144,80,0,80,224
06/20/2010,PHF,VA,AEA,EN,Towers with Radar,34,23,18,0,75,0,0,86,1,87,34,23,104,1,162,180,0,180,342
06/21/2010,PHF,VA,AEA,EN,Towers with Radar,34,33,27,18,112,0,0,85,3,88,34,33,112,21,200,116,28,144,344
06/22/2010,PHF,VA,AEA,EN,Towers with Radar,31,27,9,38,105,0,0,94,14,108,31,27,103,52,213,118,170,288,501
06/23/2010,PHF,VA,AEA,EN,Towers with Radar,34,26,29,16,105,0,0,72,10,82,34,26,101,26,187,100,50,150,337
06/24/2010,PHF,VA,AEA,EN,Towers with Radar,32,30,16,12,90,0,9,58,24,91,32,39,74,36,181,124,158,282,463
06/25/2010,PHF,VA,AEA,EN,Towers with Radar,33,30,24,24,111,0,0,75,18,93,33,30,99,42,204,96,2,98,302
06/26/2010,PHF,VA,AEA,EN,Towers with Radar,29,23,8,0,60,0,0,52,0,52,29,23,60,0,112,86,0,86,198
06/27/2010,PHF,VA,AEA,EN,Towers with Radar,35,21,23,1,80,0,0,78,0,78,35,21,101,1,158,54,0,54,212
06/28/2010,PHF,VA,AEA,EN,Towers with Radar,34,27,12,26,99,0,0,46,2,48,34,27,58,28,147,56,14,70,217
06/29/2010,PHF,VA,AEA,EN,Towers with Radar,30,25,15,19,89,0,1,44,4,49,30,26,59,23,138,80,54,134,272
06/30/2010,PHF,VA,AEA,EN,Towers with Radar,33,27,31,26,117,0,0,58,5,63,33,27,89,31,180,84,16,100,280
07/01/2010,PHF,VA,AEA,EN,Towers with Radar,32,23,13,35,103,0,1,67,8,76,32,24,80,43,179,236,12,248,427
07/02/2010,PHF,VA,AEA,EN,Towers with Radar,34,24,15,3,76,0,0,60,0,60,34,24,75,3,136,48,0,48,184
07/03/2010,PHF,VA,AEA,EN,Towers with Radar,29,19,14,0,62,0,0,82,0,82,29,19,96,0,144,120,0,120,264
07/04/2010,PHF,VA,AEA,EN,Towers with Radar,30,17,8,0,55,0,0,94,1,95,30,17,102,1,150,106,0,106,256
07/05/2010,PHF,VA,AEA,EN,Towers with Radar,34,20,14,1,69,0,1,51,2,54,34,21,65,3,123,70,0,70,193
07/06/2010,PHF,VA,AEA,EN,Towers with Radar,32,25,35,16,108,0,0,25,11,36,32,25,60,27,144,32,30,62,206
07/07/2010,PHF,VA,AEA,EN,Towers with Radar,34,27,28,25,114,0,2,31,6,39,34,29,59,31,153,74,48,122,275
07/08/2010,PHF,VA,AEA,EN,Towers with Radar,28,30,55,21,134,0,0,36,7,43,28,30,91,28,177,75,54,129,306
07/09/2010,PHF,VA,AEA,EN,Towers with Radar,33,27,22,7,89,0,0,55,4,59,33,27,77,11,148,120,50,170,318
07/10/2010,PHF,VA,AEA,EN,Towers with Radar,27,25,9,0,61,0,0,34,0,34,27,25,43,0,95,20,0,20,115
07/11/2010,PHF,VA,AEA,EN,Towers with Radar,32,21,15,0,68,0,0,40,0,40,32,21,55,0,108,20,0,20,128
07/12/2010,PHF,VA,AEA,EN,Towers with Radar,31,32,29,2,94,0,1,61,6,68,31,33,90,8,162,96,52,148,310
07/13/2010,PHF,VA,AEA,EN,Towers with Radar,26,20,15,26,87,0,0,33,3,36,26,20,48,29,123,92,34,126,249
07/14/2010,PHF,VA,AEA,EN,Towers with Radar,33,24,22,39,118,0,0,35,2,37,33,24,57,41,155,72,26,98,253
07/15/2010,PHF,VA,AEA,EN,Towers with Radar,30,32,28,11,101,0,3,69,8,80,30,35,97,19,181,82,60,142,323
07/16/2010,PHF,VA,AEA,EN,Towers with Radar,32,27,25,25,109,0,0,40,1,41,32,27,65,26,150,36,16,52,202
07/17/2010,PHF,VA,AEA,EN,Towers with Radar,28,21,2,3,54,0,0,49,0,49,28,21,51,3,103,56,0,56,159
07/18/2010,PHF,VA,AEA,EN,Towers with Radar,33,17,13,9,72,0,0,29,0,29,33,17,42,9,101,22,0,22,123
07/19/2010,PHF,VA,AEA,EN,Towers with Radar,32,25,9,35,101,0,0,59,12,71,32,25,68,47,172,116,84,200,372
07/20/2010,PHF,VA,AEA,EN,Towers with Radar,32,28,20,47,127,0,0,51,2,53,32,28,71,49,180,70,46,116,296
07/21/2010,PHF,VA,AEA,EN,Towers with Radar,40,30,33,31,134,0,2,38,2,42,40,32,71,33,176,46,20,66,242
07/22/2010,PHF,VA,AEA,EN,Towers with Radar,34,32,26,31,123,0,2,51,3,56,34,34,77,34,179,44,72,116,295
07/23/2010,PHF,VA,AEA,EN,Towers with Radar,32,25,27,22,106,0,1,61,6,68,32,26,88,28,174,104,42,146,320
07/24/2010,PHF,VA,AEA,EN,Towers with Radar,28,17,10,2,57,0,0,74,1,75,28,17,84,3,132,90,0,90,222
07/25/2010,PHF,VA,AEA,EN,Towers with Radar,33,22,9,0,64,0,0,43,0,43,33,22,52,0,107,28,0,28,135
07/26/2010,PHF,VA,AEA,EN,Towers with Radar,31,23,29,35,118,0,0,55,8,63,31,23,84,43,181,154,140,294,475
07/27/2010,PHF,VA,AEA,EN,Towers with Radar,29,22,16,20,87,0,0,32,2,34,29,22,48,22,121,118,118,236,357
07/28/2010,PHF,VA,AEA,EN,Towers with Radar,32,25,27,19,103,0,0,110,2,112,32,25,137,21,215,201,40,241,456
07/29/2010,PHF,VA,AEA,EN,Towers with Radar,34,23,21,18,96,0,5,20,3,28,34,28,41,21,124,38,6,44,168
07/30/2010,PHF,VA,AEA,EN,Towers with Radar,32,23,24,20,99,0,1,88,14,103,32,24,112,34,202,138,22,160,362
07/31/2010,PHF,VA,AEA,EN,Towers with Radar,25,23,29,4,81,0,0,76,5,81,25,23,105,9,162,134,10,144,306
08/01/2010,PHF,VA,AEA,EN,Towers with Radar,34,21,27,2,84,0,1,108,0,109,34,22,135,2,193,78,0,78,271
08/02/2010,PHF,VA,AEA,EN,Towers with Radar,32,27,21,18,98,0,0,90,7,97,32,27,111,25,195,72,66,138,333
08/03/2010,PHF,VA,AEA,EN,Towers with Radar,28,33,24,25,110,0,0,102,8,110,28,33,126,33,220,182,46,228,448
08/04/2010,PHF,VA,AEA,EN,Towers with Radar,33,28,22,20,103,0,0,47,0,47,33,28,69,20,150,56,26,82,232
08/05/2010,PHF,VA,AEA,EN,Towers with Radar,27,29,20,41,117,0,0,72,8,80,27,29,92,49,197,60,54,114,311
08/06/2010,PHF,VA,AEA,EN,Towers with Radar,29,25,14,23,91,0,0,45,0,45,29,25,59,23,136,68,84,152,288
08/07/2010,PHF,VA,AEA,EN,Towers with Radar,25,23,10,2,60,0,1,64,0,65,25,24,74,2,125,104,0,104,229
08/08/2010,PHF,VA,AEA,EN,Towers with Radar,36,19,8,3,66,0,1,90,0,91,36,20,98,3,157,186,0,186,343
08/09/2010,PHF,VA,AEA,EN,Towers with Radar,34,28,21,18,101,0,1,95,1,97,34,29,116,19,198,196,82,278,476
08/10/2010,PHF,VA,AEA,EN,Towers with Radar,30,31,22,50,133,0,0,124,23,147,30,31,146,73,280,324,150,474,754
08/11/2010,PHF,VA,AEA,EN,Towers with Radar,31,30,21,8,90,0,0,54,0,54,31,30,75,8,144,152,62,214,358
08/12/2010,PHF,VA,AEA,EN,Towers with Radar,32,27,17,4,80,0,0,39,2,41,32,27,56,6,121,64,0,64,185
08/13/2010,PHF,VA,AEA,EN,Towers with Radar,35,25,30,24,114,0,1,61,4,66,35,26,91,28,180,52,52,104,284
08/14/2010,PHF,VA,AEA,EN,Towers with Radar,27,20,13,0,60,0,1,81,1,83,27,21,94,1,143,70,0,70,213
08/15/2010,PHF,VA,AEA,EN,Towers with Radar,33,20,15,0,68,0,2,32,0,34,33,22,47,0,102,40,0,40,142
08/16/2010,PHF,VA,AEA,EN,Towers with Radar,34,24,23,19,100,0,0,88,12,100,34,24,111,31,200,186,74,260,460
08/17/2010,PHF,VA,AEA,EN,Towers with Radar,30,28,25,6,89,0,0,124,18,142,30,28,149,24,231,74,102,176,407
08/18/2010,PHF,VA,AEA,EN,Towers with Radar,37,31,18,3,89,0,6,25,1,32,37,37,43,4,121,18,2,20,141
08/19/2010,PHF,VA,AEA,EN,Towers with Radar,33,28,30,21,112,0,0,20,2,22,33,28,50,23,134,66,70,136,270
08/20/2010,PHF,VA,AEA,EN,Towers with Radar,33,28,19,19,99,0,0,66,0,66,33,28,85,19,165,94,32,126,291
08/21/2010,PHF,VA,AEA,EN,Towers with Radar,30,23,8,2,63,0,2,62,0,64,30,25,70,2,127,96,0,96,223
08/22/2010,PHF,VA,AEA,EN,Towers with Radar,31,19,29,8,87,0,1,116,1,118,31,20,145,9,205,186,0,186,391
08/23/2010,PHF,VA,AEA,EN,Towers with Radar,33,27,31,19,110,0,0,76,8,84,33,27,107,27,194,148,112,260,454
08/24/2010,PHF,VA,AEA,EN,Towers with Radar,32,26,30,37,125,0,0,60,13,73,32,26,90,50,198,162,44,206,404
08/25/2010,PHF,VA,AEA,EN,Towers with Radar,33,23,20,46,122,0,1,56,5,62,33,24,76,51,184,154,108,262,446
08/26/2010,PHF,VA,AEA,EN,Towers with Radar,32,28,25,32,117,0,2,32,1,35,32,30,57,33,152,62,2,64,216
08/27/2010,PHF,VA,AEA,EN,Towers with Radar,34,26,17,8,85,0,2,47,12,61,34,28,64,20,146,134,8,142,288
08/28/2010,PHF,VA,AEA,EN,Towers with Radar,32,21,13,7,73,0,1,76,4,81,32,22,89,11,154,106,0,106,260
08/29/2010,PHF,VA,AEA,EN,Towers with Radar,34,23,26,0,83,0,0,61,0,61,34,23,87,0,144,152,2,154,298
08/30/2010,PHF,VA,AEA,EN,Towers with Radar,35,31,29,23,118,0,1,58,10,69,35,32,87,33,187,142,40,182,369
08/31/2010,PHF,VA,AEA,EN,Towers with Radar,29,35,46,25,135,0,0,99,5,104,29,35,145,30,239,124,110,234,473
09/01/2010,PHF,VA,AEA,EN,Towers with Radar,36,25,37,24,122,0,0,72,9,81,36,25,109,33,203,188,86,274,477
09/02/2010,PHF,VA,AEA,EN,Towers with Radar,33,25,18,6,82,0,0,17,0,17,33,25,35,6,99,42,10,52,151
09/03/2010,PHF,VA,AEA,EN,Towers with Radar,30,32,10,0,72,0,0,2,0,2,30,32,12,0,74,0,0,0,74
09/04/2010,PHF,VA,AEA,EN,Towers with Radar,27,26,11,1,65,0,0,45,2,47,27,26,56,3,112,78,0,78,190
09/05/2010,PHF,VA,AEA,EN,Towers with Radar,27,16,19,6,68,0,0,29,0,29,27,16,48,6,97,70,0,70,167
09/06/2010,PHF,VA,AEA,EN,Towers with Radar,36,26,27,6,95,0,2,78,1,81,36,28,105,7,176,166,0,166,342
09/07/2010,PHF,VA,AEA,EN,Towers with Radar,31,28,21,52,132,0,1,58,3,62,31,29,79,55,194,108,58,166,360
09/08/2010,PHF,VA,AEA,EN,Towers with Radar,31,31,24,38,124,0,0,79,9,88,31,31,103,47,212,98,70,168,380
09/09/2010,PHF,VA,AEA,EN,Towers with Radar,29,29,20,19,97,0,2,60,9,71,29,31,80,28,168,120,48,168,336
09/10/2010,PHF,VA,AEA,EN,Towers with Radar,33,27,30,26,116,0,0,62,14,76,33,27,92,40,192,98,74,172,364
09/11/2010,PHF,VA,AEA,EN,Towers with Radar,29,22,17,2,70,0,2,46,0,48,29,24,63,2,118,84,0,84,202
09/12/2010,PHF,VA,AEA,EN,Towers with Radar,32,20,29,0,81,0,0,0,0,0,32,20,29,0,81,0,0,0,81
09/13/2010,PHF,VA,AEA,EN,Towers with Radar,28,29,15,37,109,0,0,81,2,83,28,29,96,39,192,200,82,282,474
09/14/2010,PHF,VA,AEA,EN,Towers with Radar,29,21,27,32,109,0,0,77,4,81,29,21,104,36,190,126,136,262,452
09/15/2010,PHF,VA,AEA,EN,Towers with Radar,30,26,40,30,126,0,0,42,0,42,30,26,82,30,168,84,14,98,266
09/16/2010,PHF,VA,AEA,EN,Towers with Radar,29,29,19,15,92,0,0,31,2,33,29,29,50,17,125,18,116,134,259
09/17/2010,PHF,VA,AEA,EN,Towers with Radar,32,28,36,7,103,0,0,53,4,57,32,28,89,11,160,78,0,78,238
09/18/2010,PHF,VA,AEA,EN,Towers with Radar,28,27,10,14,79,0,1,48,0,49,28,28,58,14,128,86,0,86,214
09/19/2010,PHF,VA,AEA,EN,Towers with Radar,32,21,21,3,77,0,0,53,0,53,32,21,74,3,130,118,0,118,248
09/20/2010,PHF,VA,AEA,EN,Towers with Radar,32,27,16,16,91,0,0,83,7,90,32,27,99,23,181,184,70,254,435
09/21/2010,PHF,VA,AEA,EN,Towers with Radar,30,27,29,33,119,0,3,45,5,53,30,30,74,38,172,34,26,60,232
09/22/2010,PHF,VA,AEA,EN,Towers with Radar,33,29,20,33,115,0,1,48,0,49,33,30,68,33,164,132,36,168,332
09/23/2010,PHF,VA,AEA,EN,Towers with Radar,31,28,16,16,91,0,0,42,6,48,31,28,58,22,139,62,64,126,265
09/24/2010,PHF,VA,AEA,EN,Towers with Radar,34,28,22,17,101,0,0,63,0,63,34,28,85,17,164,100,10,110,274
09/25/2010,PHF,VA,AEA,EN,Towers with Radar,28,25,15,8,76,0,2,50,1,53,28,27,65,9,129,34,0,34,163
09/26/2010,PHF,VA,AEA,EN,Towers with Radar,30,21,23,2,76,0,0,85,4,89,30,21,108,6,165,114,0,114,279
09/27/2010,PHF,VA,AEA,EN,Towers with Radar,30,20,14,16,80,0,0,1,0,1,30,20,15,16,81,0,0,0,81
09/28/2010,PHF,VA,AEA,EN,Towers with Radar,29,23,5,37,94,0,0,30,20,50,29,23,35,57,144,102,102,204,348
09/29/2010,PHF,VA,AEA,EN,Towers with Radar,32,25,15,6,78,0,1,6,0,7,32,26,21,6,85,6,0,6,91
09/30/2010,PHF,VA,AEA,EN,Towers with Radar,33,26,9,0,68,0,0,0,0,0,33,26,9,0,68,0,0,0,68
10/01/2010,PHF,VA,AEA,EN,Towers with Radar,34,26,31,17,108,0,0,52,6,58,34,26,83,23,166,72,52,124,290
10/02/2010,PHF,VA,AEA,EN,Towers with Radar,30,20,18,11,79,0,0,54,0,54,30,20,72,11,133,88,18,106,239
10/03/2010,PHF,VA,AEA,EN,Towers with Radar,31,24,31,1,87,0,0,38,14,52,31,24,69,15,139,90,0,90,229
10/04/2010,PHF,VA,AEA,EN,Towers with Radar,31,28,24,24,107,0,0,9,4,13,31,28,33,28,120,20,48,68,188
10/05/2010,PHF,VA,AEA,EN,Towers with Radar,30,27,17,36,110,0,2,91,12,105,30,29,108,48,215,134,112,246,461
10/06/2010,PHF,VA,AEA,EN,Towers with Radar,31,28,36,54,149,0,1,19,8,28,31,29,55,62,177,26,12,38,215
10/07/2010,PHF,VA,AEA,EN,Towers with Radar,30,29,22,59,140,0,0,51,0,51,30,29,73,59,191,120,84,204,395
10/08/2010,PHF,VA,AEA,EN,Towers with Radar,31,30,41,11,113,0,0,104,0,104,31,30,145,11,217,180,28,208,425
10/09/2010,PHF,VA,AEA,EN,Towers with Radar,29,24,17,20,90,0,1,44,2,47,29,25,61,22,137,66,0,66,203
10/10/2010,PHF,VA,AEA,EN,Towers with Radar,32,19,14,11,76,0,0,74,0,74,32,19,88,11,150,176,0,176,326
10/11/2010,PHF,VA,AEA,EN,Towers with Radar,31,23,24,27,105,0,0,54,0,54,31,23,78,27,159,84,0,84,243
10/12/2010,PHF,VA,AEA,EN,Towers with Radar,30,26,25,46,127,0,0,58,16,74,30,26,83,62,201,134,90,224,425
10/13/2010,PHF,VA,AEA,EN,Towers with Radar,33,34,20,40,127,0,0,50,8,58,33,34,70,48,185,26,42,68,253
10/14/2010,PHF,VA,AEA,EN,Towers with Radar,30,28,9,34,101,0,0,7,0,7,30,28,16,34,108,8,2,10,118
10/15/2010,PHF,VA,AEA,EN,Towers with Radar,32,31,27,42,132,0,0,44,2,46,32,31,71,44,178,72,46,118,296
10/16/2010,PHF,VA,AEA,EN,Towers with Radar,28,23,37,5,93,0,1,72,2,75,28,24,109,7,168,84,0,84,252
10/17/2010,PHF,VA,AEA,EN,Towers with Radar,28,25,44,10,107,0,0,122,0,122,28,25,166,10,229,232,0,232,461
10/18/2010,PHF,VA,AEA,EN,Towers with Radar,31,38,18,31,118,0,1,77,0,78,31,39,95,31,196,140,120,260,456
10/19/2010,PHF,VA,AEA,EN,Towers with Radar,26,26,20,38,110,0,0,97,0,97,26,26,117,38,207,166,34,200,407
10/20/2010,PHF,VA,AEA,EN,Towers with Radar,32,25,38,18,113,0,0,39,7,46,32,25,77,25,159,30,52,82,241
10/21/2010,PHF,VA,AEA,EN,Towers with Radar,28,34,27,14,103,0,0,38,9,47,28,34,65,23,150,68,96,164,314
10/22/2010,PHF,VA,AEA,EN,Towers with Radar,32,25,32,18,107,0,0,49,0,49,32,25,81,18,156,78,4,82,238
10/23/2010,PHF,VA,AEA,EN,Towers with Radar,30,24,22,0,76,0,0,50,1,51,30,24,72,1,127,84,2,86,213
10/24/2010,PHF,VA,AEA,EN,Towers with Radar,30,23,36,1,90,0,1,23,0,24,30,24,59,1,114,10,0,10,124
10/25/2010,PHF,VA,AEA,EN,Towers with Radar,30,26,18,20,94,0,0,57,10,67,30,26,75,30,161,114,112,226,387
10/26/2010,PHF,VA,AEA,EN,Towers with Radar,30,27,25,50,132,0,0,77,9,86,30,27,102,59,218,138,98,236,454
10/27/2010,PHF,VA,AEA,EN,Towers with Radar,19,26,26,32,103,0,0,4,4,8,19,26,30,36,111,6,74,80,191
10/28/2010,PHF,VA,AEA,EN,Towers with Radar,31,29,16,30,106,0,0,10,6,16,31,29,26,36,122,4,62,66,188
10/29/2010,PHF,VA,AEA,EN,Towers with Radar,32,28,26,27,113,0,0,45,9,54,32,28,71,36,167,42,58,100,267
10/30/2010,PHF,VA,AEA,EN,Towers with Radar,28,20,20,0,68,0,1,44,0,45,28,21,64,0,113,68,0,68,181
10/31/2010,PHF,VA,AEA,EN,Towers with Radar,30,23,21,0,74,0,0,86,1,87,30,23,107,1,161,168,88,256,417
11/01/2010,PHF,VA,AEA,EN,Towers with Radar,30,27,23,13,93,0,0,82,5,87,30,27,105,18,180,146,134,280,460
11/02/2010,PHF,VA,AEA,EN,Towers with Radar,31,31,23,23,108,0,7,119,3,129,31,38,142,26,237,196,120,316,553
11/03/2010,PHF,VA,AEA,EN,Towers with Radar,30,31,24,38,123,0,0,43,2,45,30,31,67,40,168,64,82,146,314
11/04/2010,PHF,VA,AEA,EN,Towers with Radar,30,28,27,5,90,0,0,0,0,0,30,28,27,5,90,0,0,0,90
11/05/2010,PHF,VA,AEA,EN,Towers with Radar,33,31,24,18,106,0,0,47,9,56,33,31,71,27,162,86,14,100,262
11/06/2010,PHF,VA,AEA,EN,Towers with Radar,28,21,17,2,68,0,1,40,0,41,28,22,57,2,109,112,0,112,221
11/07/2010,PHF,VA,AEA,EN,Towers with Radar,27,19,6,1,53,0,0,72,1,73,27,19,78,2,126,146,0,146,272
11/08/2010,PHF,VA,AEA,EN,Towers with Radar,29,31,21,27,108,0,2,103,1,106,29,33,124,28,214,154,53,207,421
11/09/2010,PHF,VA,AEA,EN,Towers with Radar,27,29,20,25,101,0,0,67,8,75,27,29,87,33,176,134,60,194,370
11/10/2010,PHF,VA,AEA,EN,Towers with Radar,29,28,23,24,104,0,1,20,5,26,29,29,43,29,130,42,30,72,202
11/11/2010,PHF,VA,AEA,EN,Towers with Radar,28,34,20,11,93,0,0,30,2,32,28,34,50,13,125,54,70,124,249
11/12/2010,PHF,VA,AEA,EN,Towers with Radar,34,27,30,9,100,0,0,42,0,42,34,27,72,9,142,88,2,90,232
11/13/2010,PHF,VA,AEA,EN,Towers with Radar,28,21,13,2,64,0,0,51,2,53,28,21,64,4,117,108,0,108,225
11/14/2010,PHF,VA,AEA,EN,Towers with Radar,27,21,16,7,71,0,0,63,0,63,27,21,79,7,134,140,0,140,274
11/15/2010,PHF,VA,AEA,EN,Towers with Radar,30,26,21,25,102,0,0,122,8,130,30,26,143,33,232,240,38,278,510
11/16/2010,PHF,VA,AEA,EN,Towers with Radar,28,24,3,16,71,0,0,67,9,76,28,24,70,25,147,84,110,194,341
11/17/2010,PHF,VA,AEA,EN,Towers with Radar,30,26,31,40,127,0,0,48,4,52,30,26,79,44,179,116,112,228,407
11/18/2010,PHF,VA,AEA,EN,Towers with Radar,29,31,26,14,100,0,0,39,6,45,29,31,65,20,145,64,56,120,265
11/19/2010,PHF,VA,AEA,EN,Towers with Radar,31,27,23,49,130,0,0,38,7,45,31,27,61,56,175,48,24,72,247
11/20/2010,PHF,VA,AEA,EN,Towers with Radar,28,25,18,2,73,0,0,70,0,70,28,25,88,2,143,94,0,94,237
11/21/2010,PHF,VA,AEA,EN,Towers with Radar,26,23,15,2,66,0,2,81,4,87,26,25,96,6,153,132,66,198,351
11/22/2010,PHF,VA,AEA,EN,Towers with Radar,31,28,24,16,99,0,0,83,2,85,31,28,107,18,184,190,92,282,466
11/23/2010,PHF,VA,AEA,EN,Towers with Radar,28,30,30,29,117,0,0,68,6,74,28,30,98,35,191,86,140,226,417
11/24/2010,PHF,VA,AEA,EN,Towers with Radar,31,29,35,10,105,0,0,65,0,65,31,29,100,10,170,78,70,148,318
11/25/2010,PHF,VA,AEA,EN,Towers with Radar,21,15,3,0,39,0,2,0,0,2,21,17,3,0,41,2,0,2,43
11/26/2010,PHF,VA,AEA,EN,Towers with Radar,26,22,2,0,50,0,0,0,0,0,26,22,2,0,50,0,0,0,50
11/27/2010,PHF,VA,AEA,EN,Towers with Radar,28,27,10,0,65,0,1,32,0,33,28,28,42,0,98,18,0,18,116
11/28/2010,PHF,VA,AEA,EN,Towers with Radar,27,25,26,0,78,0,0,90,0,90,27,25,116,0,168,174,0,174,342
11/29/2010,PHF,VA,AEA,EN,Towers with Radar,30,29,26,29,114,0,0,86,10,96,30,29,112,39,210,234,96,330,540
11/30/2010,PHF,VA,AEA,EN,Towers with Radar,22,27,31,41,121,0,0,80,11,91,22,27,111,52,212,136,148,284,496
12/01/2010,PHF,VA,AEA,EN,Towers with Radar,29,26,26,27,108,0,0,41,9,50,29,26,67,36,158,74,118,192,350
12/02/2010,PHF,VA,AEA,EN,Towers with Radar,28,32,27,43,130,0,0,44,4,48,28,32,71,47,178,64,26,90,268
12/03/2010,PHF,VA,AEA,EN,Towers with Radar,33,32,24,44,133,0,0,28,1,29,33,32,52,45,162,42,56,98,260
12/04/2010,PHF,VA,AEA,EN,Towers with Radar,28,22,14,0,64,0,0,40,3,43,28,22,54,3,107,94,0,94,201
12/05/2010,PHF,VA,AEA,EN,Towers with Radar,27,20,3,12,62,0,1,26,2,29,27,21,29,14,91,56,0,56,147
12/06/2010,PHF,VA,AEA,EN,Towers with Radar,31,26,17,30,104,0,0,85,5,90,31,26,102,35,194,156,90,246,440
12/07/2010,PHF,VA,AEA,EN,Towers with Radar,25,22,14,32,93,0,0,94,9,103,25,22,108,41,196,96,106,202,398
12/08/2010,PHF,VA,AEA,EN,Towers with Radar,30,22,33,10,95,0,1,29,8,38,30,23,62,18,133,78,92,170,303
12/09/2010,PHF,VA,AEA,EN,Towers with Radar,30,25,18,40,113,0,0,63,5,68,30,25,81,45,181,122,30,152,333
12/10/2010,PHF,VA,AEA,EN,Towers with Radar,29,32,16,14,91,0,1,51,0,52,29,33,67,14,143,124,58,182,325
12/11/2010,PHF,VA,AEA,EN,Towers with Radar,25,22,11,16,74,0,0,14,0,14,25,22,25,16,88,18,8,26,114
12/12/2010,PHF,VA,AEA,EN,Towers with Radar,23,19,9,0,51,0,0,65,0,65,23,19,74,0,116,60,0,60,176
12/13/2010,PHF,VA,AEA,EN,Towers with Radar,31,25,6,10,72,0,1,6,4,11,31,26,12,14,83,4,34,38,121
12/14/2010,PHF,VA,AEA,EN,Towers with Radar,26,26,15,10,77,0,2,16,1,19,26,28,31,11,96,26,46,72,168
12/15/2010,PHF,VA,AEA,EN,Towers with Radar,27,27,27,19,100,0,0,27,2,29,27,27,54,21,129,0,30,30,159
12/16/2010,PHF,VA,AEA,EN,Towers with Radar,26,23,7,8,64,0,1,0,0,1,26,24,7,8,65,0,0,0,65
12/17/2010,PHF,VA,AEA,EN,Towers with Radar,30,31,22,12,95,0,0,14,4,18,30,31,36,16,113,2,10,12,125
12/18/2010,PHF,VA,AEA,EN,Towers with Radar,21,22,15,1,59,0,0,39,2,41,21,22,54,3,100,70,0,70,170
12/19/2010,PHF,VA,AEA,EN,Towers with Radar,22,23,8,4,57,0,1,60,0,61,22,24,68,4,118,130,24,154,272
12/20/2010,PHF,VA,AEA,EN,Towers with Radar,28,30,23,38,119,0,0,46,4,50,28,30,69,42,169,100,88,188,357
12/21/2010,PHF,VA,AEA,EN,Towers with Radar,27,35,29,11,102,0,0,65,0,65,27,35,94,11,167,46,12,58,225
12/22/2010,PHF,VA,AEA,EN,Towers with Radar,28,29,20,32,109,0,0,68,4,72,28,29,88,36,181,134,78,212,393
12/23/2010,PHF,VA,AEA,EN,Towers with Radar,27,30,8,8,73,0,1,3,0,4,27,31,11,8,77,0,0,0,77
12/24/2010,PHF,VA,AEA,EN,Towers with Radar,27,24,9,0,60,0,1,52,0,53,27,25,61,0,113,12,0,12,125
12/25/2010,PHF,VA,AEA,EN,Towers with Radar,14,23,1,0,38,0,0,38,0,38,14,23,39,0,76,10,0,10,86
12/26/2010,PHF,VA,AEA,EN,Towers with Radar,5,2,1,0,8,0,0,0,0,0,5,2,1,0,8,0,0,0,8
12/27/2010,PHF,VA,AEA,EN,Towers with Radar,18,8,11,0,37,0,0,6,0,6,18,8,17,0,43,4,0,4,47
12/28/2010,PHF,VA,AEA,EN,Towers with Radar,27,25,14,12,78,0,1,31,3,35,27,26,45,15,113,76,22,98,211
12/29/2010,PHF,VA,AEA,EN,Towers with Radar,30,30,20,10,90,0,3,30,6,39,30,33,50,16,129,58,44,102,231
12/30/2010,PHF,VA,AEA,EN,Towers with Radar,28,26,12,6,72,0,1,19,2,22,28,27,31,8,94,18,0,18,112
12/31/2010,PHF,VA,AEA,EN,Towers with Radar,27,25,20,0,72,0,1,46,0,47,27,26,66,0,119,90,0,90,209
01/01/2011,PHF,VA,AEA,EN,Towers with Radar,17,25,9,0,51,0,0,84,0,84,17,25,93,0,135,118,0,118,253
01/02/2011,PHF,VA,AEA,EN,Towers with Radar,23,23,21,0,67,0,0,0,0,0,23,23,21,0,67,0,0,0,67
01/03/2011,PHF,VA,AEA,EN,Towers with Radar,25,32,8,4,69,0,0,70,18,88,25,32,78,22,157,76,12,88,245
01/04/2011,PHF,VA,AEA,EN,Towers with Radar,23,23,11,16,73,0,0,55,16,71,23,23,66,32,144,116,60,176,320
01/05/2011,PHF,VA,AEA,EN,Towers with Radar,26,25,26,17,94,0,1,12,1,14,26,26,38,18,108,22,40,62,170
01/06/2011,PHF,VA,AEA,EN,Towers with Radar,28,25,19,25,97,0,0,35,2,37,28,25,54,27,134,58,36,94,228
01/07/2011,PHF,VA,AEA,EN,Towers with Radar,27,25,13,22,87,0,0,18,8,26,27,25,31,30,113,36,56,92,205
01/08/2011,PHF,VA,AEA,EN,Towers with Radar,21,16,10,0,47,0,0,19,0,19,21,16,29,0,66,14,0,14,80
01/09/2011,PHF,VA,AEA,EN,Towers with Radar,21,23,4,0,48,0,0,75,0,75,21,23,79,0,123,136,0,136,259
01/10/2011,PHF,VA,AEA,EN,Towers with Radar,10,26,23,4,63,0,0,68,15,83,10,26,91,19,146,136,2,138,284
01/11/2011,PHF,VA,AEA,EN,Towers with Radar,7,5,1,6,19,0,0,0,0,0,7,5,1,6,19,0,0,0,19
01/12/2011,PHF,VA,AEA,EN,Towers with Radar,19,23,9,18,69,0,0,12,14,26,19,23,21,32,95,8,300,308,403
01/13/2011,PHF,VA,AEA,EN,Towers with Radar,23,26,21,42,112,0,0,39,6,45,23,26,60,48,157,100,0,100,257
01/14/2011,PHF,VA,AEA,EN,Towers with Radar,27,30,20,38,115,0,0,53,0,53,27,30,73,38,168,114,18,132,300
01/15/2011,PHF,VA,AEA,EN,Towers with Radar,21,13,12,6,52,0,0,63,0,63,21,13,75,6,115,150,0,150,265
01/16/2011,PHF,VA,AEA,EN,Towers with Radar,21,22,9,1,53,0,1,47,0,48,21,23,56,1,101,66,0,66,167
01/17/2011,PHF,VA,AEA,EN,Towers with Radar,27,33,16,3,79,0,0,73,0,73,27,33,89,3,152,194,0,194,346
01/18/2011,PHF,VA,AEA,EN,Towers with Radar,24,23,12,2,61,0,0,0,0,0,24,23,12,2,61,0,0,0,61
01/19/2011,PHF,VA,AEA,EN,Towers with Radar,25,34,34,56,149,0,1,76,7,84,25,35,110,63,233,143,152,295,528
01/20/2011,PHF,VA,AEA,EN,Towers with Radar,26,26,26,47,125,0,0,32,8,40,26,26,58,55,165,66,18,84,249
01/21/2011,PHF,VA,AEA,EN,Towers with Radar,25,29,17,29,100,0,0,27,6,33,25,29,44,35,133,80,28,108,241
01/22/2011,PHF,VA,AEA,EN,Towers with Radar,21,18,9,5,53,0,0,60,0,60,21,18,69,5,113,164,0,164,277
01/23/2011,PHF,VA,AEA,EN,Towers with Radar,24,22,9,5,60,0,1,86,1,88,24,23,95,6,148,204,0,204,352
01/24/2011,PHF,VA,AEA,EN,Towers with Radar,27,29,14,51,121,0,0,76,44,120,27,29,90,95,241,124,192,316,557
01/25/2011,PHF,VA,AEA,EN,Towers with Radar,23,27,21,9,80,0,0,100,5,105,23,27,121,14,185,150,0,150,335
01/26/2011,PHF,VA,AEA,EN,Towers with Radar,27,22,16,0,65,0,0,0,0,0,27,22,16,0,65,0,0,0,65
01/27/2011,PHF,VA,AEA,EN,Towers with Radar,28,21,26,17,92,0,2,6,0,8,28,23,32,17,100,42,34,76,176
01/28/2011,PHF,VA,AEA,EN,Towers with Radar,28,27,22,7,84,0,0,44,1,45,28,27,66,8,129,106,10,116,245
01/29/2011,PHF,VA,AEA,EN,Towers with Radar,19,16,13,3,51,0,1,83,0,84,19,17,96,3,135,160,0,160,295
01/30/2011,PHF,VA,AEA,EN,Towers with Radar,23,23,20,5,71,0,0,100,0,100,23,23,120,5,171,100,12,112,283
01/31/2011,PHF,VA,AEA,EN,Towers with Radar,27,30,19,26,102,0,0,52,6,58,27,30,71,32,160,124,166,290,450
02/01/2011,PHF,VA,AEA,EN,Towers with Radar,21,28,15,25,89,0,0,45,3,48,21,28,60,28,137,84,68,152,289
02/02/2011,PHF,VA,AEA,EN,Towers with Radar,22,20,18,33,93,0,0,24,9,33,22,20,42,42,126,54,72,126,252
02/03/2011,PHF,VA,AEA,EN,Towers with Radar,26,31,21,35,113,0,2,43,2,47,26,33,64,37,160,50,14,64,224
02/04/2011,PHF,VA,AEA,EN,Towers with Radar,27,31,27,3,88,0,0,21,0,21,27,31,48,3,109,20,6,26,135
02/05/2011,PHF,VA,AEA,EN,Towers with Radar,19,11,4,0,34,0,0,10,0,10,19,11,14,0,44,0,0,0,44
02/06/2011,PHF,VA,AEA,EN,Towers with Radar,23,25,12,6,66,0,0,86,3,89,23,25,98,9,155,138,6,144,299
02/07/2011,PHF,VA,AEA,EN,Towers with Radar,26,26,29,40,121,0,0,63,10,73,26,26,92,50,194,234,200,434,628
02/08/2011,PHF,VA,AEA,EN,Towers with Radar,24,26,9,25,84,0,1,61,5,67,24,27,70,30,151,70,66,136,287
02/09/2011,PHF,VA,AEA,EN,Towers with Radar,25,26,20,27,98,0,0,69,27,96,25,26,89,54,194,148,166,314,508
02/10/2011,PHF,VA,AEA,EN,Towers with Radar,25,29,18,19,91,0,1,21,1,23,25,30,39,20,114,74,0,74,188
02/11/2011,PHF,VA,AEA,EN,Towers with Radar,27,28,20,40,115,0,0,69,5,74,27,28,89,45,189,102,28,130,319
02/12/2011,PHF,VA,AEA,EN,Towers with Radar,21,13,22,2,58,0,0,118,26,144,21,13,140,28,202,66,2,68,270
02/13/2011,PHF,VA,AEA,EN,Towers with Radar,23,21,22,3,69,0,0,99,6,105,23,21,121,9,174,156,4,160,334
02/14/2011,PHF,VA,AEA,EN,Towers with Radar,27,24,13,26,90,0,0,62,2,64,27,24,75,28,154,106,198,304,458
02/15/2011,PHF,VA,AEA,EN,Towers with Radar,23,24,15,67,129,0,0,86,11,97,23,24,101,78,226,136,200,336,562
02/16/2011,PHF,VA,AEA,EN,Towers with Radar,24,23,29,68,144,0,0,70,8,78,24,23,99,76,222,114,88,202,424
02/17/2011,PHF,VA,AEA,EN,Towers with Radar,26,31,14,31,102,0,0,43,34,77,26,31,57,65,179,76,303,379,558
02/18/2011,PHF,VA,AEA,EN,Towers with Radar,28,24,32,3,87,0,0,67,0,67,28,24,99,3,154,74,10,84,238
02/19/2011,PHF,VA,AEA,EN,Towers with Radar,22,16,3,1,42,0,0,22,0,22,22,16,25,1,64,20,0,20,84
02/20/2011,PHF,VA,AEA,EN,Towers with Radar,24,24,22,0,70,0,0,112,1,113,24,24,134,1,183,172,0,172,355
02/21/2011,PHF,VA,AEA,EN,Towers with Radar,26,19,19,9,73,0,0,41,0,41,26,19,60,9,114,152,0,152,266
02/22/2011,PHF,VA,AEA,EN,Towers with Radar,26,27,23,19,95,0,0,74,1,75,26,27,97,20,170,150,172,322,492
02/23/2011,PHF,VA,AEA,EN,Towers with Radar,28,23,26,31,108,0,0,45,15,60,28,23,71,46,168,148,114,262,430
02/24/2011,PHF,VA,AEA,EN,Towers with Radar,26,30,15,33,104,0,0,25,13,38,26,30,40,46,142,90,86,176,318
02/25/2011,PHF,VA,AEA,EN,Towers with Radar,25,25,21,17,88,0,0,0,0,0,25,25,21,17,88,0,20,20,108
02/26/2011,PHF,VA,AEA,EN,Towers with Radar,22,16,23,19,80,0,0,76,0,76,22,16,99,19,156,148,44,192,348
02/27/2011,PHF,VA,AEA,EN,Towers with Radar,26,26,27,14,93,0,0,100,4,104,26,26,127,18,197,285,100,385,582
02/28/2011,PHF,VA,AEA,EN,Towers with Radar,23,25,12,18,78,0,0,16,10,26,23,25,28,28,104,38,150,188,292
03/01/2011,PHF,VA,AEA,EN,Towers with Radar,26,30,20,16,92,0,8,59,6,73,26,38,79,22,165,134,186,320,485
03/02/2011,PHF,VA,AEA,EN,Towers with Radar,28,29,28,43,128,0,0,32,6,38,28,29,60,49,166,106,48,154,320
03/03/2011,PHF,VA,AEA,EN,Towers with Radar,26,30,20,17,93,0,1,17,4,22,26,31,37,21,115,20,40,60,175
03/04/2011,PHF,VA,AEA,EN,Towers with Radar,28,30,31,5,94,0,0,69,12,81,28,30,100,17,175,196,12,208,383
03/05/2011,PHF,VA,AEA,EN,Towers with Radar,22,15,13,2,52,0,0,64,0,64,22,15,77,2,116,144,16,160,276
03/06/2011,PHF,VA,AEA,EN,Towers with Radar,19,20,25,1,65,0,0,11,0,11,19,20,36,1,76,6,0,6,82
03/07/2011,PHF,VA,AEA,EN,Towers with Radar,28,27,33,29,117,0,0,36,10,46,28,27,69,39,163,44,42,86,249
03/08/2011,PHF,VA,AEA,EN,Towers with Radar,26,24,25,20,95,0,0,44,10,54,26,24,69,30,149,128,102,230,379
03/09/2011,PHF,VA,AEA,EN,Towers with Radar,28,31,25,60,144,0,0,20,5,25,28,31,45,65,169,16,32,48,217
03/10/2011,PHF,VA,AEA,EN,Towers with Radar,25,28,15,6,74,0,0,0,3,3,25,28,15,9,77,0,0,0,77
03/11/2011,PHF,VA,AEA,EN,Towers with Radar,25,30,32,43,130,0,0,49,22,71,25,30,81,65,201,50,122,172,373
03/12/2011,PHF,VA,AEA,EN,Towers with Radar,20,13,11,4,48,0,0,92,6,98,20,13,103,10,146,244,10,254,400
03/13/2011,PHF,VA,AEA,EN,Towers with Radar,22,26,19,1,68,0,1,92,1,94,22,27,111,2,162,170,0,170,332
03/14/2011,PHF,VA,AEA,EN,Towers with Radar,28,26,21,28,103,0,0,123,4,127,28,26,144,32,230,166,44,210,440
03/15/2011,PHF,VA,AEA,EN,Towers with Radar,26,28,13,40,107,0,0,46,9,55,26,28,59,49,162,124,174,298,460
03/16/2011,PHF,VA,AEA,EN,Towers with Radar,26,28,40,64,158,0,1,35,15,51,26,29,75,79,209,68,166,234,443
03/17/2011,PHF,VA,AEA,EN,Towers with Radar,24,39,18,38,119,0,0,103,10,113,24,39,121,48,232,118,66,184,416
03/18/2011,PHF,VA,AEA,EN,Towers with Radar,26,32,17,43,118,0,0,74,0,74,26,32,91,43,192,72,80,152,344
03/19/2011,PHF,VA,AEA,EN,Towers with Radar,22,15,13,12,62,0,0,67,13,80,22,15,80,25,142,118,0,118,260
03/20/2011,PHF,VA,AEA,EN,Towers with Radar,24,26,19,4,73,0,0,94,0,94,24,26,113,4,167,132,0,132,299
03/21/2011,PHF,VA,AEA,EN,Towers with Radar,24,27,24,31,106,0,0,37,14,51,24,27,61,45,157,102,180,282,439
03/22/2011,PHF,VA,AEA,EN,Towers with Radar,26,30,26,74,156,0,0,112,14,126,26,30,138,88,282,248,208,456,738
03/23/2011,PHF,VA,AEA,EN,Towers with Radar,25,20,36,46,127,0,2,20,9,31,25,22,56,55,158,50,46,96,254
03/24/2011,PHF,VA,AEA,EN,Towers with Radar,24,29,31,27,111,0,0,2,1,3,24,29,33,28,114,10,14,24,138
03/25/2011,PHF,VA,AEA,EN,Towers with Radar,28,29,40,44,141,1,0,50,19,70,29,29,90,63,211,76,62,138,349
03/26/2011,PHF,VA,AEA,EN,Towers with Radar,18,14,28,18,78,0,0,59,0,59,18,14,87,18,137,172,0,172,309
03/27/2011,PHF,VA,AEA,EN,Towers with Radar,21,18,14,18,71,0,0,0,1,1,21,18,14,19,72,0,0,0,72
03/28/2011,PHF,VA,AEA,EN,Towers with Radar,26,22,25,15,88,0,0,38,0,38,26,22,63,15,126,96,10,106,232
03/29/2011,PHF,VA,AEA,EN,Towers with Radar,24,31,16,39,110,0,0,58,14,72,24,31,74,53,182,104,182,286,468
03/30/2011,PHF,VA,AEA,EN,Towers with Radar,27,25,22,24,98,0,0,2,0,2,27,25,24,24,100,0,0,0,100
03/31/2011,PHF,VA,AEA,EN,Towers with Radar,24,27,30,30,111,0,0,0,0,0,24,27,30,30,111,0,0,0,111
04/01/2011,PHF,VA,AEA,EN,Towers with Radar,27,32,31,51,141,0,0,7,3,10,27,32,38,54,151,22,44,66,217
04/02/2011,PHF,VA,AEA,EN,Towers with Radar,20,16,12,7,55,0,0,38,0,38,20,16,50,7,93,46,0,46,139
04/03/2011,PHF,VA,AEA,EN,Towers with Radar,21,26,12,14,73,0,0,144,3,147,21,26,156,17,220,170,0,170,390
04/04/2011,PHF,VA,AEA,EN,Towers with Radar,23,32,17,49,121,0,0,19,17,36,23,32,36,66,157,10,170,180,337
04/05/2011,PHF,VA,AEA,EN,Towers with Radar,23,24,18,33,98,0,0,19,10,29,23,24,37,43,127,52,108,160,287
04/06/2011,PHF,VA,AEA,EN,Towers with Radar,26,28,21,32,107,0,0,62,4,66,26,28,83,36,173,76,64,140,313
04/07/2011,PHF,VA,AEA,EN,Towers with Radar,26,27,28,52,133,0,1,48,2,51,26,28,76,54,184,106,68,174,358
04/08/2011,PHF,VA,AEA,EN,Towers with Radar,30,28,22,6,86,0,0,0,0,0,30,28,22,6,86,0,0,0,86
04/09/2011,PHF,VA,AEA,EN,Towers with Radar,19,16,19,10,64,0,0,1,0,1,19,16,20,10,65,0,0,0,65
04/10/2011,PHF,VA,AEA,EN,Towers with Radar,24,23,25,4,76,0,0,69,0,69,24,23,94,4,145,90,10,100,245
04/11/2011,PHF,VA,AEA,EN,Towers with Radar,27,28,39,66,160,0,0,28,14,42,27,28,67,80,202,76,234,310,512
04/12/2011,PHF,VA,AEA,EN,Towers with Radar,23,28,13,93,157,0,1,94,4,99,23,29,107,97,256,110,350,460,716
04/13/2011,PHF,VA,AEA,EN,Towers with Radar,26,22,28,52,128,0,0,69,17,86,26,22,97,69,214,108,184,292,506
04/14/2011,PHF,VA,AEA,EN,Towers with Radar,24,29,35,46,134,0,0,44,2,46,24,29,79,48,180,64,34,98,278
04/15/2011,PHF,VA,AEA,EN,Towers with Radar,26,28,30,17,101,0,0,52,4,56,26,28,82,21,157,76,66,142,299
04/16/2011,PHF,VA,AEA,EN,Towers with Radar,20,13,13,3,49,0,0,0,0,0,20,13,13,3,49,0,0,0,49
04/17/2011,PHF,VA,AEA,EN,Towers with Radar,23,29,37,2,91,0,0,121,0,121,23,29,158,2,212,130,0,130,342
04/18/2011,PHF,VA,AEA,EN,Towers with Radar,28,25,21,20,94,0,0,112,2,114,28,25,133,22,208,134,10,144,352
04/19/2011,PHF,VA,AEA,EN,Towers with Radar,25,33,25,39,122,0,1,85,23,109,25,34,110,62,231,210,130,340,571
04/20/2011,PHF,VA,AEA,EN,Towers with Radar,26,24,36,27,113,0,0,62,13,75,26,24,98,40,188,118,170,288,476
04/21/2011,PHF,VA,AEA,EN,Towers with Radar,27,33,29,44,133,2,0,61,3,66,29,33,90,47,199,56,58,114,313
04/22/2011,PHF,VA,AEA,EN,Towers with Radar,28,27,21,9,85,0,1,18,0,19,28,28,39,9,104,34,2,36,140
04/23/2011,PHF,VA,AEA,EN,Towers with Radar,20,14,19,0,53,0,0,46,0,46,20,14,65,0,99,82,0,82,181
04/24/2011,PHF,VA,AEA,EN,Towers with Radar,25,25,16,3,69,0,1,58,0,59,25,26,74,3,128,94,0,94,222
04/25/2011,PHF,VA,AEA,EN,Towers with Radar,26,39,24,52,141,0,3,74,8,85,26,42,98,60,226,64,170,234,460
04/26/2011,PHF,VA,AEA,EN,Towers with Radar,24,25,18,41,108,0,0,66,5,71,24,25,84,46,179,156,64,220,399
04/27/2011,PHF,VA,AEA,EN,Towers with Radar,25,23,32,49,129,0,0,48,3,51,25,23,80,52,180,68,132,200,380
04/28/2011,PHF,VA,AEA,EN,Towers with Radar,21,17,7,7,52,0,0,12,4,16,21,17,19,11,68,4,68,72,140
04/29/2011,PHF,VA,AEA,EN,Towers with Radar,27,28,39,17,111,0,0,70,9,79,27,28,109,26,190,44,8,52,242
04/30/2011,PHF,VA,AEA,EN,Towers with Radar,21,14,23,7,65,0,0,58,2,60,21,14,81,9,125,122,0,122,247
05/01/2011,PHF,VA,AEA,EN,Towers with Radar,26,27,26,16,95,0,0,15,0,15,26,27,41,16,110,34,0,34,144
05/02/2011,PHF,VA,AEA,EN,Towers with Radar,28,26,20,35,109,0,0,55,16,71,28,26,75,51,180,196,156,352,532
05/03/2011,PHF,VA,AEA,EN,Towers with Radar,24,23,25,108,180,0,0,60,12,72,24,23,85,120,252,194,198,392,644
05/04/2011,PHF,VA,AEA,EN,Towers with Radar,30,26,17,25,98,0,0,8,0,8,30,26,25,25,106,24,6,30,136
05/05/2011,PHF,VA,AEA,EN,Towers with Radar,28,29,30,33,120,0,0,36,6,42,28,29,66,39,162,48,0,48,210
05/06/2011,PHF,VA,AEA,EN,Towers with Radar,30,27,33,37,127,0,0,62,8,70,30,27,95,45,197,16,12,28,225
05/07/2011,PHF,VA,AEA,EN,Towers with Radar,24,21,31,8,84,0,1,84,1,86,24,22,115,9,170,229,4,233,403
05/08/2011,PHF,VA,AEA,EN,Towers with Radar,30,22,14,16,82,0,0,103,1,104,30,22,117,17,186,192,0,192,378
05/09/2011,PHF,VA,AEA,EN,Towers with Radar,30,28,16,31,105,0,1,68,2,71,30,29,84,33,176,150,34,184,360
05/10/2011,PHF,VA,AEA,EN,Towers with Radar,28,26,14,59,127,0,0,71,26,97,28,26,85,85,224,104,142,246,470
05/11/2011,PHF,VA,AEA,EN,Towers with Radar,30,33,41,15,119,0,0,33,19,52,30,33,74,34,171,120,102,222,393
05/12/2011,PHF,VA,AEA,EN,Towers with Radar,27,28,35,39,129,0,0,61,3,64,27,28,96,42,193,70,88,158,351
05/13/2011,PHF,VA,AEA,EN,Towers with Radar,30,35,23,19,107,0,0,19,5,24,30,35,42,24,131,96,34,130,261
05/14/2011,PHF,VA,AEA,EN,Towers with Radar,26,24,10,0,60,0,0,12,0,12,26,24,22,0,72,52,0,52,124
05/15/2011,PHF,VA,AEA,EN,Towers with Radar,28,27,22,4,81,0,0,52,0,52,28,27,74,4,133,76,0,76,209
05/16/2011,PHF,VA,AEA,EN,Towers with Radar,28,26,25,42,121,0,0,42,1,43,28,26,67,43,164,84,36,120,284
05/17/2011,PHF,VA,AEA,EN,Towers with Radar,27,26,17,28,98,0,1,87,8,96,27,27,104,36,194,160,172,332,526
05/18/2011,PHF,VA,AEA,EN,Towers with Radar,29,38,25,25,117,0,0,26,11,37,29,38,51,36,154,90,134,224,378
05/19/2011,PHF,VA,AEA,EN,Towers with Radar,24,32,28,19,103,0,1,50,9,60,24,33,78,28,163,106,28,134,297
05/20/2011,PHF,VA,AEA,EN,Towers with Radar,30,26,33,23,112,0,0,52,9,61,30,26,85,32,173,94,90,184,357
05/21/2011,PHF,VA,AEA,EN,Towers with Radar,25,16,20,10,71,0,1,65,1,67,25,17,85,11,138,136,12,148,286
05/22/2011,PHF,VA,AEA,EN,Towers with Radar,30,21,17,3,71,0,0,98,0,98,30,21,115,3,169,198,0,198,367
05/23/2011,PHF,VA,AEA,EN,Towers with Radar,26,29,25,50,130,0,0,105,7,112,26,29,130,57,242,178,136,314,556
05/24/2011,PHF,VA,AEA,EN,Towers with Radar,28,36,32,28,124,0,0,47,6,53,28,36,79,34,177,127,172,299,476
05/25/2011,PHF,VA,AEA,EN,Towers with Radar,29,28,46,19,122,0,1,65,7,73,29,29,111,26,195,134,0,134,329
05/26/2011,PHF,VA,AEA,EN,Towers with Radar,22,34,46,44,146,0,0,60,1,61,22,34,106,45,207,54,0,54,261
05/27/2011,PHF,VA,AEA,EN,Towers with Radar,29,33,35,1,98,0,0,32,1,33,29,33,67,2,131,60,0,60,191
05/28/2011,PHF,VA,AEA,EN,Towers with Radar,26,14,25,1,66,0,0,23,0,23,26,14,48,1,89,58,0,58,147
05/29/2011,PHF,VA,AEA,EN,Towers with Radar,24,25,15,0,64,0,0,90,0,90,24,25,105,0,154,154,0,154,308
05/30/2011,PHF,VA,AEA,EN,Towers with Radar,28,21,17,5,71,0,0,88,0,88,28,21,105,5,159,132,0,132,291
05/31/2011,PHF,VA,AEA,EN,Towers with Radar,28,21,27,33,109,0,0,114,0,114,28,21,141,33,223,212,70,282,505
06/01/2011,PHF,VA,AEA,EN,Towers with Radar,28,32,36,61,157,0,0,71,6,77,28,32,107,67,234,170,138,308,542
06/02/2011,PHF,VA,AEA,EN,Towers with Radar,28,27,30,51,136,0,1,35,3,39,28,28,65,54,175,44,32,76,251
06/03/2011,PHF,VA,AEA,EN,Towers with Radar,30,28,26,36,120,0,1,66,1,68,30,29,92,37,188,54,28,82,270
06/04/2011,PHF,VA,AEA,EN,Towers with Radar,28,18,12,0,58,0,1,71,5,77,28,19,83,5,135,92,0,92,227
06/05/2011,PHF,VA,AEA,EN,Towers with Radar,30,19,30,0,79,0,0,32,0,32,30,19,62,0,111,92,0,92,203
06/06/2011,PHF,VA,AEA,EN,Towers with Radar,29,29,29,51,138,0,0,58,0,58,29,29,87,51,196,40,40,80,276
06/07/2011,PHF,VA,AEA,EN,Towers with Radar,28,23,16,56,123,0,0,124,11,135,28,23,140,67,258,214,80,294,552
06/08/2011,PHF,VA,AEA,EN,Towers with Radar,29,26,16,33,104,0,2,69,1,72,29,28,85,34,176,178,86,264,440
06/09/2011,PHF,VA,AEA,EN,Towers with Radar,26,25,25,30,106,0,0,56,11,67,26,25,81,41,173,32,172,204,377
06/10/2011,PHF,VA,AEA,EN,Towers with Radar,22,25,26,28,101,0,0,46,0,46,22,25,72,28,147,20,122,142,289
06/11/2011,PHF,VA,AEA,EN,Towers with Radar,38,25,19,0,82,0,0,39,2,41,38,25,58,2,123,76,2,78,201
06/12/2011,PHF,VA,AEA,EN,Towers with Radar,30,26,21,11,88,0,1,128,0,129,30,27,149,11,217,178,0,178,395
06/13/2011,PHF,VA,AEA,EN,Towers with Radar,30,29,19,19,97,0,1,24,5,30,30,30,43,24,127,34,20,54,181
06/14/2011,PHF,VA,AEA,EN,Towers with Radar,26,33,27,46,132,0,2,81,2,85,26,35,108,48,217,118,187,305,522
06/15/2011,PHF,VA,AEA,EN,Towers with Radar,27,30,32,13,102,0,0,36,4,40,27,30,68,17,142,36,64,100,242
06/16/2011,PHF,VA,AEA,EN,Towers with Radar,28,33,20,42,123,0,2,45,0,47,28,35,65,42,170,84,70,154,324
06/17/2011,PHF,VA,AEA,EN,Towers with Radar,26,36,23,25,110,0,2,61,2,65,26,38,84,27,175,36,16,52,227
06/18/2011,PHF,VA,AEA,EN,Towers with Radar,22,20,26,4,72,0,0,53,0,53,22,20,79,4,125,66,0,66,191
06/19/2011,PHF,VA,AEA,EN,Towers with Radar,30,32,28,1,91,0,0,4,0,4,30,32,32,1,95,6,0,6,101
06/20/2011,PHF,VA,AEA,EN,Towers with Radar,30,32,22,34,118,0,0,56,17,73,30,32,78,51,191,126,66,192,383
06/21/2011,PHF,VA,AEA,EN,Towers with Radar,27,29,27,28,111,0,0,108,11,119,27,29,135,39,230,222,226,448,678
06/22/2011,PHF,VA,AEA,EN,Towers with Radar,25,26,34,41,126,0,3,76,11,90,25,29,110,52,216,174,129,303,519
06/23/2011,PHF,VA,AEA,EN,Towers with Radar,28,31,20,31,110,0,1,52,21,74,28,32,72,52,184,8,30,38,222
06/24/2011,PHF,VA,AEA,EN,Towers with Radar,27,29,15,22,93,0,0,66,1,67,27,29,81,23,160,72,14,86,246
06/25/2011,PHF,VA,AEA,EN,Towers with Radar,29,15,22,4,70,0,1,58,3,62,29,16,80,7,132,112,28,140,272
06/26/2011,PHF,VA,AEA,EN,Towers with Radar,28,27,8,6,69,0,1,60,0,61,28,28,68,6,130,106,0,106,236
06/27/2011,PHF,VA,AEA,EN,Towers with Radar,29,29,25,22,105,0,0,18,3,21,29,29,43,25,126,44,14,58,184
06/28/2011,PHF,VA,AEA,EN,Towers with Radar,27,25,19,29,100,0,0,91,12,103,27,25,110,41,203,176,100,276,479
06/29/2011,PHF,VA,AEA,EN,Towers with Radar,30,24,26,47,127,0,0,32,0,32,30,24,58,47,159,30,38,68,227
06/30/2011,PHF,VA,AEA,EN,Towers with Radar,26,30,15,32,103,0,0,35,2,37,26,30,50,34,140,46,42,88,228
07/01/2011,PHF,VA,AEA,EN,Towers with Radar,30,28,35,13,106,0,1,53,3,57,30,29,88,16,163,74,8,82,245
07/02/2011,PHF,VA,AEA,EN,Towers with Radar,27,18,14,8,67,0,0,54,8,62,27,18,68,16,129,174,6,180,309
07/03/2011,PHF,VA,AEA,EN,Towers with Radar,30,21,10,0,61,0,0,68,0,68,30,21,78,0,129,190,0,190,319
07/04/2011,PHF,VA,AEA,EN,Towers with Radar,27,20,8,1,56,0,0,35,0,35,27,20,43,1,91,70,0,70,161
07/05/2011,PHF,VA,AEA,EN,Towers with Radar,27,25,24,6,82,0,0,73,3,76,27,25,97,9,158,76,0,76,234
07/06/2011,PHF,VA,AEA,EN,Towers with Radar,29,24,14,19,86,0,0,18,0,18,29,24,32,19,104,2,4,6,110
07/07/2011,PHF,VA,AEA,EN,Towers with Radar,28,32,41,57,158,0,2,30,4,36,28,34,71,61,194,26,56,82,276
07/08/2011,PHF,VA,AEA,EN,Towers with Radar,30,23,23,27,103,0,0,19,4,23,30,23,42,31,126,42,92,134,260
07/09/2011,PHF,VA,AEA,EN,Towers with Radar,26,20,21,7,74,0,0,65,1,66,26,20,86,8,140,102,10,112,252
07/10/2011,PHF,VA,AEA,EN,Towers with Radar,29,23,16,2,70,0,1,93,2,96,29,24,109,4,166,154,0,154,320
07/11/2011,PHF,VA,AEA,EN,Towers with Radar,32,23,29,22,106,0,0,82,3,85,32,23,111,25,191,166,56,222,413
07/12/2011,PHF,VA,AEA,EN,Towers with Radar,26,31,13,38,108,0,0,71,8,79,26,31,84,46,187,188,110,298,485
07/13/2011,PHF,VA,AEA,EN,Towers with Radar,29,25,26,35,115,0,0,71,1,72,29,25,97,36,187,128,156,284,471
07/14/2011,PHF,VA,AEA,EN,Towers with Radar,26,24,20,21,91,0,2,79,2,83,26,26,99,23,174,78,18,96,270
07/15/2011,PHF,VA,AEA,EN,Towers with Radar,28,26,23,27,104,0,0,97,17,114,28,26,120,44,218,160,36,196,414
07/16/2011,PHF,VA,AEA,EN,Towers with Radar,28,19,14,2,63,0,0,74,0,74,28,19,88,2,137,176,22,198,335
07/17/2011,PHF,VA,AEA,EN,Towers with Radar,30,25,8,0,63,0,0,93,5,98,30,25,101,5,161,152,18,170,331
07/18/2011,PHF,VA,AEA,EN,Towers with Radar,29,31,24,48,132,0,0,64,12,76,29,31,88,60,208,72,0,72,280
07/19/2011,PHF,VA,AEA,EN,Towers with Radar,27,27,17,42,113,0,1,44,13,58,27,28,61,55,171,86,60,146,317
07/20/2011,PHF,VA,AEA,EN,Towers with Radar,28,28,32,41,129,0,0,82,20,102,28,28,114,61,231,190,106,296,527
07/21/2011,PHF,VA,AEA,EN,Towers with Radar,27,29,39,29,124,0,0,62,4,66,27,29,101,33,190,92,22,114,304
07/22/2011,PHF,VA,AEA,EN,Towers with Radar,28,18,19,27,92,0,0,57,6,63,28,18,76,33,155,88,94,182,337
07/23/2011,PHF,VA,AEA,EN,Towers with Radar,27,21,20,0,68,0,0,70,0,70,27,21,90,0,138,144,0,144,282
07/24/2011,PHF,VA,AEA,EN,Towers with Radar,29,20,13,3,65,0,1,70,0,71,29,21,83,3,136,152,0,152,288
07/25/2011,PHF,VA,AEA,EN,Towers with Radar,25,22,23,28,98,0,0,58,0,58,25,22,81,28,156,146,100,246,402
07/26/2011,PHF,VA,AEA,EN,Towers with Radar,27,34,30,39,130,0,3,75,10,88,27,37,105,49,218,186,72,258,476
07/27/2011,PHF,VA,AEA,EN,Towers with Radar,28,31,28,36,123,0,2,84,11,97,28,33,112,47,220,80,104,184,404
07/28/2011,PHF,VA,AEA,EN,Towers with Radar,28,31,24,57,140,0,15,76,11,102,28,46,100,68,242,98,114,212,454
07/29/2011,PHF,VA,AEA,EN,Towers with Radar,28,32,17,24,101,0,1,44,10,55,28,33,61,34,156,132,72,204,360
07/30/2011,PHF,VA,AEA,EN,Towers with Radar,26,18,13,0,57,0,0,50,0,50,26,18,63,0,107,152,0,152,259
07/31/2011,PHF,VA,AEA,EN,Towers with Radar,30,20,10,15,75,0,0,8,3,11,30,20,18,18,86,12,0,12,98
08/01/2011,PHF,VA,AEA,EN,Towers with Radar,26,24,26,50,126,0,1,91,16,108,26,25,117,66,234,252,166,418,652
08/02/2011,PHF,VA,AEA,EN,Towers with Radar,28,28,21,40,117,0,0,51,12,63,28,28,72,52,180,112,106,218,398
08/03/2011,PHF,VA,AEA,EN,Towers with Radar,31,26,36,31,124,0,1,53,2,56,31,27,89,33,180,70,54,124,304
08/04/2011,PHF,VA,AEA,EN,Towers with Radar,28,28,20,31,107,0,0,43,9,52,28,28,63,40,159,84,108,192,351
08/05/2011,PHF,VA,AEA,EN,Towers with Radar,29,20,15,32,96,0,1,70,0,71,29,21,85,32,167,64,42,106,273
08/06/2011,PHF,VA,AEA,EN,Towers with Radar,25,16,18,1,60,0,0,54,3,57,25,16,72,4,117,124,0,124,241
08/07/2011,PHF,VA,AEA,EN,Towers with Radar,27,23,8,0,58,0,0,80,2,82,27,23,88,2,140,152,0,152,292
08/08/2011,PHF,VA,AEA,EN,Towers with Radar,27,24,21,45,117,0,0,56,7,63,27,24,77,52,180,50,60,110,290
08/09/2011,PHF,VA,AEA,EN,Towers with Radar,28,21,21,43,113,0,0,68,9,77,28,21,89,52,190,150,110,260,450
08/10/2011,PHF,VA,AEA,EN,Towers with Radar,30,26,17,41,114,0,0,72,2,74,30,26,89,43,188,164,68,232,420
08/11/2011,PHF,VA,AEA,EN,Towers with Radar,27,20,15,20,82,0,0,84,10,94,27,20,99,30,176,136,82,218,394
08/12/2011,PHF,VA,AEA,EN,Towers with Radar,31,25,17,33,106,0,0,42,6,48,31,25,59,39,154,48,42,90,244
08/13/2011,PHF,VA,AEA,EN,Towers with Radar,26,19,17,7,69,0,0,38,1,39,26,19,55,8,108,70,0,70,178
08/14/2011,PHF,VA,AEA,EN,Towers with Radar,30,16,6,1,53,0,0,41,0,41,30,16,47,1,94,80,0,80,174
08/15/2011,PHF,VA,AEA,EN,Towers with Radar,29,26,29,29,113,0,0,88,4,92,29,26,117,33,205,188,106,294,499
08/16/2011,PHF,VA,AEA,EN,Towers with Radar,27,27,19,43,116,0,1,121,15,137,27,28,140,58,253,222,114,336,589
08/17/2011,PHF,VA,AEA,EN,Towers with Radar,30,29,23,52,134,0,0,92,8,100,30,29,115,60,234,154,142,296,530
08/18/2011,PHF,VA,AEA,EN,Towers with Radar,30,27,28,46,131,0,0,70,8,78,30,27,98,54,209,168,46,214,423
08/19/2011,PHF,VA,AEA,EN,Towers with Radar,31,32,21,38,122,0,1,47,2,50,31,33,68,40,172,68,32,100,272
08/20/2011,PHF,VA,AEA,EN,Towers with Radar,25,20,27,21,93,0,0,54,0,54,25,20,81,21,147,80,0,80,227
08/21/2011,PHF,VA,AEA,EN,Towers with Radar,25,22,25,7,79,0,0,14,0,14,25,22,39,7,93,8,0,8,101
08/22/2011,PHF,VA,AEA,EN,Towers with Radar,28,28,8,49,113,0,0,56,12,68,28,28,64,61,181,106,114,220,401
08/23/2011,PHF,VA,AEA,EN,Towers with Radar,27,25,28,44,124,0,0,50,13,63,27,25,78,57,187,42,78,120,307
08/24/2011,PHF,VA,AEA,EN,Towers with Radar,30,30,15,46,121,0,2,59,2,63,30,32,74,48,184,176,64,240,424
08/25/2011,PHF,VA,AEA,EN,Towers with Radar,26,18,17,8,69,0,0,22,0,22,26,18,39,8,91,34,12,46,137
08/26/2011,PHF,VA,AEA,EN,Towers with Radar,33,28,22,12,95,0,1,16,0,17,33,29,38,12,112,8,16,24,136
08/27/2011,PHF,VA,AEA,EN,Towers with Radar,0,0,0,0,0,0,0,0,0,0,0,0,0,0,0,0,0,0,0
08/28/2011,PHF,VA,AEA,EN,Towers with Radar,16,8,4,0,28,0,1,0,2,3,16,9,4,2,31,0,0,0,31
08/29/2011,PHF,VA,AEA,EN,Towers with Radar,28,23,28,3,82,0,0,43,0,43,28,23,71,3,125,92,94,186,311
08/30/2011,PHF,VA,AEA,EN,Towers with Radar,28,23,16,45,112,0,0,71,1,72,28,23,87,46,184,96,66,162,346
08/31/2011,PHF,VA,AEA,EN,Towers with Radar,30,26,24,45,125,0,2,68,0,70,30,28,92,45,195,146,60,206,401
09/01/2011,PHF,VA,AEA,EN,Towers with Radar,27,24,25,24,100,0,0,48,8,56,27,24,73,32,156,68,52,120,276
09/02/2011,PHF,VA,AEA,EN,Towers with Radar,31,27,32,3,93,0,0,51,1,52,31,27,83,4,145,102,0,102,247
09/03/2011,PHF,VA,AEA,EN,Towers with Radar,28,17,23,0,68,0,2,69,0,71,28,19,92,0,139,145,0,145,284
09/04/2011,PHF,VA,AEA,EN,Towers with Radar,27,19,10,0,56,0,0,28,2,30,27,19,38,2,86,32,0,32,118
09/05/2011,PHF,VA,AEA,EN,Towers with Radar,28,20,29,1,78,0,0,40,0,40,28,20,69,1,118,54,0,54,172
09/06/2011,PHF,VA,AEA,EN,Towers with Radar,32,25,23,32,112,0,0,26,1,27,32,25,49,33,139,30,114,144,283
09/07/2011,PHF,VA,AEA,EN,Towers with Radar,24,22,19,24,89,0,0,25,12,37,24,22,44,36,126,78,90,168,294
09/08/2011,PHF,VA,AEA,EN,Towers with Radar,25,23,28,21,97,0,0,66,16,82,25,23,94,37,179,90,78,168,347
09/09/2011,PHF,VA,AEA,EN,Towers with Radar,28,29,26,12,95,0,0,46,10,56,28,29,72,22,151,112,30,142,293
09/10/2011,PHF,VA,AEA,EN,Towers with Radar,23,19,16,3,61,0,0,42,4,46,23,19,58,7,107,116,12,128,235
09/11/2011,PHF,VA,AEA,EN,Towers with Radar,25,26,14,4,69,0,0,34,10,44,25,26,48,14,113,89,58,147,260
09/12/2011,PHF,VA,AEA,EN,Towers with Radar,26,27,29,30,112,0,0,49,0,49,26,27,78,30,161,152,0,152,313
09/13/2011,PHF,VA,AEA,EN,Towers with Radar,23,29,25,27,104,0,1,74,9,84,23,30,99,36,188,236,98,334,522
09/14/2011,PHF,VA,AEA,EN,Towers with Radar,24,25,41,21,111,0,0,60,2,62,24,25,101,23,173,128,66,194,367
09/15/2011,PHF,VA,AEA,EN,Towers with Radar,26,34,21,40,121,0,0,52,15,67,26,34,73,55,188,118,100,218,406
09/16/2011,PHF,VA,AEA,EN,Towers with Radar,26,28,27,25,106,0,0,43,7,50,26,28,70,32,156,54,48,102,258
09/17/2011,PHF,VA,AEA,EN,Towers with Radar,24,27,19,0,70,0,0,0,0,0,24,27,19,0,70,0,0,0,70
09/18/2011,PHF,VA,AEA,EN,Towers with Radar,23,23,25,1,72,0,0,3,0,3,23,23,28,1,75,0,0,0,75
09/19/2011,PHF,VA,AEA,EN,Towers with Radar,26,30,34,35,125,0,0,38,4,42,26,30,72,39,167,66,30,96,263
09/20/2011,PHF,VA,AEA,EN,Towers with Radar,26,34,29,31,120,0,0,63,17,80,26,34,92,48,200,132,136,268,468
09/21/2011,PHF,VA,AEA,EN,Towers with Radar,24,33,26,10,93,0,0,20,4,24,24,33,46,14,117,88,112,200,317
09/22/2011,PHF,VA,AEA,EN,Towers with Radar,21,30,25,21,97,0,0,31,6,37,21,30,56,27,134,60,66,126,260
09/23/2011,PHF,VA,AEA,EN,Towers with Radar,28,28,23,3,82,0,0,2,0,2,28,28,25,3,84,0,0,0,84
09/24/2011,PHF,VA,AEA,EN,Towers with Radar,23,22,15,2,62,0,2,19,2,23,23,24,34,4,85,24,0,24,109
09/25/2011,PHF,VA,AEA,EN,Towers with Radar,24,23,14,4,65,0,0,8,0,8,24,23,22,4,73,24,0,24,97
09/26/2011,PHF,VA,AEA,EN,Towers with Radar,26,27,30,20,103,0,0,14,2,16,26,27,44,22,119,18,0,18,137
09/27/2011,PHF,VA,AEA,EN,Towers with Radar,23,24,17,22,86,0,0,21,8,29,23,24,38,30,115,18,36,54,169
09/28/2011,PHF,VA,AEA,EN,Towers with Radar,23,27,20,13,83,0,0,29,4,33,23,27,49,17,116,44,88,132,248
09/29/2011,PHF,VA,AEA,EN,Towers with Radar,26,28,34,22,110,2,2,65,10,79,28,30,99,32,189,69,26,95,284
09/30/2011,PHF,VA,AEA,EN,Towers with Radar,25,29,34,18,106,0,0,61,19,80,25,29,95,37,186,108,100,208,394
10/01/2011,PHF,VA,AEA,EN,Towers with Radar,26,21,24,0,71,0,1,42,2,45,26,22,66,2,116,68,8,76,192
10/02/2011,PHF,VA,AEA,EN,Towers with Radar,24,19,21,4,68,0,0,52,0,52,24,19,73,4,120,136,0,136,256
10/03/2011,PHF,VA,AEA,EN,Towers with Radar,26,25,22,29,102,0,0,52,26,78,26,25,74,55,180,126,106,232,412
10/04/2011,PHF,VA,AEA,EN,Towers with Radar,24,29,15,25,93,0,0,71,8,79,24,29,86,33,172,146,142,288,460
10/05/2011,PHF,VA,AEA,EN,Towers with Radar,24,26,23,26,99,0,0,78,17,95,24,26,101,43,194,134,70,204,398
10/06/2011,PHF,VA,AEA,EN,Towers with Radar,28,24,24,21,97,0,0,55,9,64,28,24,79,30,161,36,102,138,299
10/07/2011,PHF,VA,AEA,EN,Towers with Radar,27,26,24,28,105,0,0,79,2,81,27,26,103,30,186,70,22,92,278
10/08/2011,PHF,VA,AEA,EN,Towers with Radar,28,27,20,0,75,0,1,72,2,75,28,28,92,2,150,80,0,80,230
10/09/2011,PHF,VA,AEA,EN,Towers with Radar,28,27,16,0,71,0,0,53,0,53,28,27,69,0,124,108,0,108,232
10/10/2011,PHF,VA,AEA,EN,Towers with Radar,28,32,10,7,77,0,0,39,1,40,28,32,49,8,117,54,6,60,177
10/11/2011,PHF,VA,AEA,EN,Towers with Radar,28,28,19,32,107,0,0,36,1,37,28,28,55,33,144,178,144,322,466
10/12/2011,PHF,VA,AEA,EN,Towers with Radar,28,25,25,35,113,0,0,1,4,5,28,25,26,39,118,0,38,38,156
10/13/2011,PHF,VA,AEA,EN,Towers with Radar,28,23,19,30,100,0,0,14,4,18,28,23,33,34,118,18,38,56,174
10/14/2011,PHF,VA,AEA,EN,Towers with Radar,28,21,14,81,144,0,0,46,15,61,28,21,60,96,205,78,204,282,487
10/15/2011,PHF,VA,AEA,EN,Towers with Radar,28,19,30,11,88,0,0,71,10,81,28,19,101,21,169,170,76,246,415
10/16/2011,PHF,VA,AEA,EN,Towers with Radar,28,22,24,29,103,0,3,65,5,73,28,25,89,34,176,144,46,190,366
10/17/2011,PHF,VA,AEA,EN,Towers with Radar,28,25,19,41,113,0,0,56,4,60,28,25,75,45,173,136,224,360,533
10/18/2011,PHF,VA,AEA,EN,Towers with Radar,28,26,21,30,105,0,1,108,11,120,28,27,129,41,225,134,159,293,518
10/19/2011,PHF,VA,AEA,EN,Towers with Radar,28,23,10,28,89,0,0,8,3,11,28,23,18,31,100,18,34,52,152
10/20/2011,PHF,VA,AEA,EN,Towers with Radar,27,32,40,92,191,0,2,29,4,35,27,34,69,96,226,36,158,194,420
10/21/2011,PHF,VA,AEA,EN,Towers with Radar,30,30,42,24,126,0,4,88,33,125,30,34,130,57,251,250,142,392,643
10/22/2011,PHF,VA,AEA,EN,Towers with Radar,27,25,15,0,67,0,1,62,0,63,27,26,77,0,130,144,0,144,274
10/23/2011,PHF,VA,AEA,EN,Towers with Radar,28,28,13,1,70,0,0,74,1,75,28,28,87,2,145,178,0,178,323
10/24/2011,PHF,VA,AEA,EN,Towers with Radar,28,28,12,50,118,0,0,30,6,36,28,28,42,56,154,56,76,132,286
10/25/2011,PHF,VA,AEA,EN,Towers with Radar,30,24,18,28,100,0,0,71,12,83,30,24,89,40,183,172,172,344,527
10/26/2011,PHF,VA,AEA,EN,Towers with Radar,28,29,18,62,137,0,1,36,7,44,28,30,54,69,181,48,58,106,287
10/27/2011,PHF,VA,AEA,EN,Towers with Radar,25,25,20,54,124,0,0,59,38,97,25,25,79,92,221,98,274,372,593
10/28/2011,PHF,VA,AEA,EN,Towers with Radar,28,28,24,43,123,0,0,5,4,9,28,28,29,47,132,0,32,32,164
10/29/2011,PHF,VA,AEA,EN,Towers with Radar,27,9,5,6,47,0,0,1,0,1,27,9,6,6,48,0,0,0,48
10/30/2011,PHF,VA,AEA,EN,Towers with Radar,26,22,19,7,74,0,0,80,0,80,26,22,99,7,154,154,2,156,310
10/31/2011,PHF,VA,AEA,EN,Towers with Radar,28,31,18,23,100,0,0,51,8,59,28,31,69,31,159,48,52,100,259
11/01/2011,PHF,VA,AEA,EN,Towers with Radar,28,35,13,32,108,0,0,66,13,79,28,35,79,45,187,144,130,274,461
11/02/2011,PHF,VA,AEA,EN,Towers with Radar,27,34,19,40,120,0,1,43,7,51,27,35,62,47,171,158,100,258,429
11/03/2011,PHF,VA,AEA,EN,Towers with Radar,27,30,19,24,100,0,2,91,5,98,27,32,110,29,198,100,136,236,434
11/04/2011,PHF,VA,AEA,EN,Towers with Radar,30,36,25,15,106,0,0,12,2,14,30,36,37,17,120,6,0,6,126
11/05/2011,PHF,VA,AEA,EN,Towers with Radar,30,19,20,2,71,0,0,48,2,50,30,19,68,4,121,142,0,142,263
11/06/2011,PHF,VA,AEA,EN,Towers with Radar,26,20,17,0,63,0,1,31,0,32,26,21,48,0,95,68,0,68,163
11/07/2011,PHF,VA,AEA,EN,Towers with Radar,27,27,21,17,92,0,0,48,15,63,27,27,69,32,155,66,44,110,265
11/08/2011,PHF,VA,AEA,EN,Towers with Radar,24,31,28,23,106,0,0,82,4,86,24,31,110,27,192,188,180,368,560
11/09/2011,PHF,VA,AEA,EN,Towers with Radar,25,36,20,43,124,0,0,60,0,60,25,36,80,43,184,110,52,162,346
11/10/2011,PHF,VA,AEA,EN,Towers with Radar,23,21,42,44,130,0,0,30,18,48,23,21,72,62,178,84,186,270,448
11/11/2011,PHF,VA,AEA,EN,Towers with Radar,25,23,23,7,78,0,0,31,2,33,25,23,54,9,111,54,0,54,165
11/12/2011,PHF,VA,AEA,EN,Towers with Radar,19,19,27,0,65,0,0,61,0,61,19,19,88,0,126,144,0,144,270
11/13/2011,PHF,VA,AEA,EN,Towers with Radar,23,25,12,3,63,0,0,16,0,16,23,25,28,3,79,26,0,26,105
11/14/2011,PHF,VA,AEA,EN,Towers with Radar,25,31,18,27,101,0,0,43,0,43,25,31,61,27,144,49,60,109,253
11/15/2011,PHF,VA,AEA,EN,Towers with Radar,25,29,26,22,102,0,1,64,17,82,25,30,90,39,184,180,182,362,546
11/16/2011,PHF,VA,AEA,EN,Towers with Radar,26,21,24,17,88,0,0,16,8,24,26,21,40,25,112,30,94,124,236
11/17/2011,PHF,VA,AEA,EN,Towers with Radar,26,34,18,45,123,0,0,5,0,5,26,34,23,45,128,0,12,12,140
11/18/2011,PHF,VA,AEA,EN,Towers with Radar,25,30,30,27,112,0,0,42,11,53,25,30,72,38,165,108,84,192,357
11/19/2011,PHF,VA,AEA,EN,Towers with Radar,21,19,28,20,88,0,0,73,0,73,21,19,101,20,161,132,68,200,361
11/20/2011,PHF,VA,AEA,EN,Towers with Radar,23,26,15,2,66,0,1,71,15,87,23,27,86,17,153,236,92,328,481
11/21/2011,PHF,VA,AEA,EN,Towers with Radar,27,28,35,13,103,0,0,21,3,24,27,28,56,16,127,24,14,38,165
11/22/2011,PHF,VA,AEA,EN,Towers with Radar,24,24,25,27,100,0,0,55,5,60,24,24,80,32,160,60,56,116,276
11/23/2011,PHF,VA,AEA,EN,Towers with Radar,24,30,40,20,114,0,0,5,2,7,24,30,45,22,121,0,14,14,135
11/24/2011,PHF,VA,AEA,EN,Towers with Radar,21,9,2,0,32,0,0,41,0,41,21,9,43,0,73,28,0,28,101
11/25/2011,PHF,VA,AEA,EN,Towers with Radar,24,19,20,0,63,0,1,72,0,73,24,20,92,0,136,170,0,170,306
11/26/2011,PHF,VA,AEA,EN,Towers with Radar,21,22,24,0,67,0,0,80,1,81,21,22,104,1,148,196,0,196,344
11/27/2011,PHF,VA,AEA,EN,Towers with Radar,28,26,25,2,81,0,1,31,0,32,28,27,56,2,113,22,0,22,135
11/28/2011,PHF,VA,AEA,EN,Towers with Radar,27,26,28,19,100,0,1,38,4,43,27,27,66,23,143,34,46,80,223
11/29/2011,PHF,VA,AEA,EN,Towers with Radar,25,27,11,40,103,0,0,1,0,1,25,27,12,40,104,0,0,0,104
11/30/2011,PHF,VA,AEA,EN,Towers with Radar,27,31,28,24,110,0,0,18,16,34,27,31,46,40,144,34,122,156,300
12/01/2011,PHF,VA,AEA,EN,Towers with Radar,25,27,19,29,100,0,1,36,8,45,25,28,55,37,145,66,104,170,315
12/02/2011,PHF,VA,AEA,EN,Towers with Radar,27,31,31,23,112,0,0,58,11,69,27,31,89,34,181,150,82,232,413
12/03/2011,PHF,VA,AEA,EN,Towers with Radar,23,20,20,4,67,0,1,82,0,83,23,21,102,4,150,136,0,136,286
12/04/2011,PHF,VA,AEA,EN,Towers with Radar,27,22,15,0,64,0,0,45,2,47,27,22,60,2,111,68,8,76,187
12/05/2011,PHF,VA,AEA,EN,Towers with Radar,27,26,33,42,128,0,0,39,5,44,27,26,72,47,172,20,70,90,262
12/06/2011,PHF,VA,AEA,EN,Towers with Radar,23,21,18,63,125,0,4,32,1,37,23,25,50,64,162,88,158,246,408
12/07/2011,PHF,VA,AEA,EN,Towers with Radar,23,20,11,14,68,0,0,15,0,15,23,20,26,14,83,0,94,94,177
12/08/2011,PHF,VA,AEA,EN,Towers with Radar,25,25,21,27,98,0,0,43,3,46,25,25,64,30,144,52,60,112,256
12/09/2011,PHF,VA,AEA,EN,Towers with Radar,27,25,19,11,82,0,0,29,2,31,27,25,48,13,113,22,38,60,173
12/10/2011,PHF,VA,AEA,EN,Towers with Radar,23,18,11,17,69,0,0,59,0,59,23,18,70,17,128,96,14,110,238
12/11/2011,PHF,VA,AEA,EN,Towers with Radar,25,21,11,3,60,0,0,54,0,54,25,21,65,3,114,124,0,124,238
12/12/2011,PHF,VA,AEA,EN,Towers with Radar,27,25,20,8,80,0,0,27,4,31,27,25,47,12,111,30,10,40,151
12/13/2011,PHF,VA,AEA,EN,Towers with Radar,23,23,15,38,99,0,0,74,2,76,23,23,89,40,175,238,106,344,519
12/14/2011,PHF,VA,AEA,EN,Towers with Radar,25,29,29,52,135,0,1,42,6,49,25,30,71,58,184,74,62,136,320
12/15/2011,PHF,VA,AEA,EN,Towers with Radar,25,24,17,35,101,0,0,18,8,26,25,24,35,43,127,18,64,82,209
12/16/2011,PHF,VA,AEA,EN,Towers with Radar,27,27,32,23,109,0,0,64,16,80,27,27,96,39,189,120,72,192,381
12/17/2011,PHF,VA,AEA,EN,Towers with Radar,27,19,15,0,61,0,0,83,0,83,27,19,98,0,144,128,0,128,272
12/18/2011,PHF,VA,AEA,EN,Towers with Radar,25,23,6,8,62,0,1,64,0,65,25,24,70,8,127,126,0,126,253
12/19/2011,PHF,VA,AEA,EN,Towers with Radar,28,30,29,63,150,0,0,14,0,14,28,30,43,63,164,15,76,91,255
12/20/2011,PHF,VA,AEA,EN,Towers with Radar,23,29,28,25,105,0,0,52,3,55,23,29,80,28,160,122,28,150,310
12/21/2011,PHF,VA,AEA,EN,Towers with Radar,24,29,17,26,96,0,0,0,1,1,24,29,17,27,97,8,24,32,129
12/22/2011,PHF,VA,AEA,EN,Towers with Radar,23,27,19,12,81,0,0,30,2,32,23,27,49,14,113,8,40,48,161
12/23/2011,PHF,VA,AEA,EN,Towers with Radar,25,27,20,0,72,0,0,50,3,53,25,27,70,3,125,78,20,98,223
12/24/2011,PHF,VA,AEA,EN,Towers with Radar,21,20,7,0,48,0,0,8,0,8,21,20,15,0,56,14,0,14,70
12/25/2011,PHF,VA,AEA,EN,Towers with Radar,23,26,1,0,50,0,0,9,0,9,23,26,10,0,59,8,0,8,67
12/26/2011,PHF,VA,AEA,EN,Towers with Radar,26,30,12,0,68,0,1,74,0,75,26,31,86,0,143,132,0,132,275
12/27/2011,PHF,VA,AEA,EN,Towers with Radar,23,30,10,8,71,0,0,29,0,29,23,30,39,8,100,92,0,92,192
12/28/2011,PHF,VA,AEA,EN,Towers with Radar,27,28,7,24,86,0,0,56,0,56,27,28,63,24,142,22,26,48,190
12/29/2011,PHF,VA,AEA,EN,Towers with Radar,28,25,21,27,101,0,0,99,7,106,28,25,120,34,207,262,64,326,533
12/30/2011,PHF,VA,AEA,EN,Towers with Radar,26,26,7,0,59,0,1,48,0,49,26,27,55,0,108,44,0,44,152
12/31/2011,PHF,VA,AEA,EN,Towers with Radar,20,18,13,0,51,0,0,34,0,34,20,18,47,0,85,68,0,68,153
01/01/2012,PHF,VA,AEA,EN,Towers with Radar,22,22,9,0,53,0,0,48,0,48,22,22,57,0,101,72,0,72,173
01/02/2012,PHF,VA,AEA,EN,Towers with Radar,26,25,22,0,73,0,0,39,0,39,26,25,61,0,112,124,0,124,236
01/03/2012,PHF,VA,AEA,EN,Towers with Radar,27,25,14,6,72,0,1,36,5,42,27,26,50,11,114,68,20,88,202
01/04/2012,PHF,VA,AEA,EN,Towers with Radar,27,29,10,21,87,0,0,25,2,27,27,29,35,23,114,4,22,26,140
01/05/2012,PHF,VA,AEA,EN,Towers with Radar,25,29,30,50,134,0,2,28,0,30,25,31,58,50,164,34,28,62,226
01/06/2012,PHF,VA,AEA,EN,Towers with Radar,27,29,14,41,111,0,0,56,18,74,27,29,70,59,185,140,170,310,495
01/07/2012,PHF,VA,AEA,EN,Towers with Radar,23,21,9,7,60,0,0,65,11,76,23,21,74,18,136,144,88,232,368
01/08/2012,PHF,VA,AEA,EN,Towers with Radar,24,25,5,18,72,0,0,57,0,57,24,25,62,18,129,54,30,84,213
01/09/2012,PHF,VA,AEA,EN,Towers with Radar,26,23,14,22,85,0,0,32,1,33,26,23,46,23,118,34,36,70,188
01/10/2012,PHF,VA,AEA,EN,Towers with Radar,24,23,25,49,121,0,0,112,16,128,24,23,137,65,249,116,166,282,531
01/11/2012,PHF,VA,AEA,EN,Towers with Radar,27,30,21,10,88,0,0,0,3,3,27,30,21,13,91,0,52,52,143
01/12/2012,PHF,VA,AEA,EN,Towers with Radar,24,22,25,30,101,0,2,45,7,54,24,24,70,37,155,104,90,194,349
01/13/2012,PHF,VA,AEA,EN,Towers with Radar,29,21,21,30,101,0,1,49,13,63,29,22,70,43,164,170,114,284,448
01/14/2012,PHF,VA,AEA,EN,Towers with Radar,23,17,16,2,58,0,0,71,6,77,23,17,87,8,135,156,34,190,325
01/15/2012,PHF,VA,AEA,EN,Towers with Radar,22,20,13,4,59,0,0,49,0,49,22,20,62,4,108,90,0,90,198
01/16/2012,PHF,VA,AEA,EN,Towers with Radar,27,19,24,3,73,0,0,45,0,45,27,19,69,3,118,64,10,74,192
01/17/2012,PHF,VA,AEA,EN,Towers with Radar,25,25,11,30,91,0,0,20,7,27,25,25,31,37,118,4,64,68,186
01/18/2012,PHF,VA,AEA,EN,Towers with Radar,26,29,25,21,101,0,3,13,2,18,26,32,38,23,119,42,64,106,225
01/19/2012,PHF,VA,AEA,EN,Towers with Radar,25,21,8,21,75,0,0,64,27,91,25,21,72,48,166,190,87,277,443
01/20/2012,PHF,VA,AEA,EN,Towers with Radar,27,24,20,10,81,0,0,50,17,67,27,24,70,27,148,172,104,276,424
01/21/2012,PHF,VA,AEA,EN,Towers with Radar,17,15,5,2,39,0,0,0,0,0,17,15,5,2,39,0,0,0,39
01/22/2012,PHF,VA,AEA,EN,Towers with Radar,23,25,11,5,64,0,0,0,0,0,23,25,11,5,64,0,0,0,64
01/23/2012,PHF,VA,AEA,EN,Towers with Radar,26,23,8,58,115,0,0,0,0,0,26,23,8,58,115,0,0,0,115
01/24/2012,PHF,VA,AEA,EN,Towers with Radar,25,25,28,29,107,0,0,16,1,17,25,25,44,30,124,74,22,96,220
01/25/2012,PHF,VA,AEA,EN,Towers with Radar,27,25,21,38,111,0,0,75,8,83,27,25,96,46,194,146,166,312,506
01/26/2012,PHF,VA,AEA,EN,Towers with Radar,25,24,29,29,107,0,1,57,18,76,25,25,86,47,183,164,140,304,487
01/27/2012,PHF,VA,AEA,EN,Towers with Radar,27,25,12,17,81,0,0,23,4,27,27,25,35,21,108,18,0,18,126
01/28/2012,PHF,VA,AEA,EN,Towers with Radar,23,25,18,12,78,0,0,80,0,80,23,25,98,12,158,166,0,166,324
01/29/2012,PHF,VA,AEA,EN,Towers with Radar,24,20,9,10,63,0,0,67,0,67,24,20,76,10,130,158,0,158,288
01/30/2012,PHF,VA,AEA,EN,Towers with Radar,27,25,14,16,82,0,0,76,2,78,27,25,90,18,160,126,134,260,420
01/31/2012,PHF,VA,AEA,EN,Towers with Radar,23,24,19,31,97,0,0,65,6,71,23,24,84,37,168,94,224,318,486
02/01/2012,PHF,VA,AEA,EN,Towers with Radar,27,25,33,24,109,0,0,59,8,67,27,25,92,32,176,102,190,292,468
02/02/2012,PHF,VA,AEA,EN,Towers with Radar,25,29,26,31,111,0,0,38,10,48,25,29,64,41,159,68,50,118,277
02/03/2012,PHF,VA,AEA,EN,Towers with Radar,27,30,46,16,119,0,0,65,15,80,27,30,111,31,199,140,158,298,497
02/04/2012,PHF,VA,AEA,EN,Towers with Radar,22,19,24,10,75,0,0,38,0,38,22,19,62,10,113,138,0,138,251
02/05/2012,PHF,VA,AEA,EN,Towers with Radar,24,20,30,8,82,0,0,54,0,54,24,20,84,8,136,112,0,112,248
02/06/2012,PHF,VA,AEA,EN,Towers with Radar,27,28,24,25,104,0,0,63,2,65,27,28,87,27,169,96,82,178,347
02/07/2012,PHF,VA,AEA,EN,Towers with Radar,25,27,17,37,106,0,2,65,0,67,25,29,82,37,173,90,152,242,415
02/08/2012,PHF,VA,AEA,EN,Towers with Radar,27,27,22,37,113,0,0,10,5,15,27,27,32,42,128,32,46,78,206
02/09/2012,PHF,VA,AEA,EN,Towers with Radar,25,29,18,25,97,0,1,52,11,64,25,30,70,36,161,90,58,148,309
02/10/2012,PHF,VA,AEA,EN,Towers with Radar,27,23,19,19,88,0,0,81,21,102,27,23,100,40,190,184,98,282,472
02/11/2012,PHF,VA,AEA,EN,Towers with Radar,23,19,5,0,47,0,0,26,0,26,23,19,31,0,73,38,0,38,111
02/12/2012,PHF,VA,AEA,EN,Towers with Radar,23,20,6,2,51,0,0,13,0,13,23,20,19,2,64,0,0,0,64
02/13/2012,PHF,VA,AEA,EN,Towers with Radar,28,22,31,40,121,0,0,38,11,49,28,22,69,51,170,156,232,388,558
02/14/2012,PHF,VA,AEA,EN,Towers with Radar,23,24,16,21,84,0,0,28,6,34,23,24,44,27,118,44,110,154,272
02/15/2012,PHF,VA,AEA,EN,Towers with Radar,25,29,17,30,101,0,0,16,6,22,25,29,33,36,123,22,2,24,147
02/16/2012,PHF,VA,AEA,EN,Towers with Radar,19,45,20,38,122,0,0,4,15,19,19,45,24,53,141,8,72,80,221
02/17/2012,PHF,VA,AEA,EN,Towers with Radar,18,44,22,2,86,0,0,90,0,90,18,44,112,2,176,280,0,280,456
02/18/2012,PHF,VA,AEA,EN,Towers with Radar,17,33,20,3,73,0,0,67,6,73,17,33,87,9,146,162,14,176,322
02/19/2012,PHF,VA,AEA,EN,Towers with Radar,17,30,10,1,58,0,0,1,1,2,17,30,11,2,60,0,0,0,60
02/20/2012,PHF,VA,AEA,EN,Towers with Radar,17,42,24,0,83,0,2,30,0,32,17,44,54,0,115,82,0,82,197
02/21/2012,PHF,VA,AEA,EN,Towers with Radar,19,36,21,41,117,0,0,1,1,2,19,36,22,42,119,0,0,0,119
02/22/2012,PHF,VA,AEA,EN,Towers with Radar,19,39,28,24,110,0,1,44,20,65,19,40,72,44,175,128,116,244,419
02/23/2012,PHF,VA,AEA,EN,Towers with Radar,19,40,16,5,80,0,0,54,6,60,19,40,70,11,140,84,64,148,288
02/24/2012,PHF,VA,AEA,EN,Towers with Radar,15,39,14,22,90,0,0,3,2,5,15,39,17,24,95,0,0,0,95
02/25/2012,PHF,VA,AEA,EN,Towers with Radar,17,27,6,11,61,0,0,23,0,23,17,27,29,11,84,20,0,20,104
02/26/2012,PHF,VA,AEA,EN,Towers with Radar,17,30,21,6,74,0,1,12,0,13,17,31,33,6,87,0,0,0,87
02/27/2012,PHF,VA,AEA,EN,Towers with Radar,17,36,19,25,97,0,0,89,1,90,17,36,108,26,187,170,114,284,471
02/28/2012,PHF,VA,AEA,EN,Towers with Radar,19,36,27,14,96,0,0,71,4,75,19,36,98,18,171,88,20,108,279
02/29/2012,PHF,VA,AEA,EN,Towers with Radar,19,32,15,17,83,0,0,2,0,2,19,32,17,17,85,0,26,26,111
03/01/2012,PHF,VA,AEA,EN,Towers with Radar,20,34,13,44,111,0,0,16,4,20,20,34,29,48,131,10,40,50,181
03/02/2012,PHF,VA,AEA,EN,Towers with Radar,17,37,21,36,111,0,1,2,4,7,17,38,23,40,118,78,6,84,202
03/03/2012,PHF,VA,AEA,EN,Towers with Radar,17,26,8,2,53,0,0,45,4,49,17,26,53,6,102,70,82,152,254
03/04/2012,PHF,VA,AEA,EN,Towers with Radar,17,36,16,6,75,0,0,2,0,2,17,36,18,6,77,0,0,0,77
03/05/2012,PHF,VA,AEA,EN,Towers with Radar,18,33,8,3,62,0,0,17,0,17,18,33,25,3,79,26,44,70,149
03/06/2012,PHF,VA,AEA,EN,Towers with Radar,20,36,10,7,73,0,0,20,1,21,20,36,30,8,94,16,8,24,118
03/07/2012,PHF,VA,AEA,EN,Towers with Radar,18,39,16,33,106,0,0,31,4,35,18,39,47,37,141,28,20,48,189
03/08/2012,PHF,VA,AEA,EN,Towers with Radar,20,47,22,16,105,0,0,57,46,103,20,47,79,62,208,52,86,138,346
03/09/2012,PHF,VA,AEA,EN,Towers with Radar,17,33,18,32,100,0,0,5,0,5,17,33,23,32,105,0,0,0,105
03/10/2012,PHF,VA,AEA,EN,Towers with Radar,3,27,7,1,38,0,0,65,9,74,3,27,72,10,112,148,46,194,306
03/11/2012,PHF,VA,AEA,EN,Towers with Radar,3,34,28,2,67,0,0,68,0,68,3,34,96,2,135,48,0,48,183
03/12/2012,PHF,VA,AEA,EN,Towers with Radar,2,49,26,11,88,0,1,41,4,46,2,50,67,15,134,88,42,130,264
03/13/2012,PHF,VA,AEA,EN,Towers with Radar,4,43,14,15,76,0,0,42,3,45,4,43,56,18,121,82,110,192,313
03/14/2012,PHF,VA,AEA,EN,Towers with Radar,2,45,25,19,91,0,0,45,11,56,2,45,70,30,147,108,54,162,309
03/15/2012,PHF,VA,AEA,EN,Towers with Radar,4,48,15,11,78,0,0,37,11,48,4,48,52,22,126,92,94,186,312
03/16/2012,PHF,VA,AEA,EN,Towers with Radar,2,58,32,25,117,0,0,58,13,71,2,58,90,38,188,144,48,192,380
03/17/2012,PHF,VA,AEA,EN,Towers with Radar,3,23,16,2,44,0,0,36,0,36,3,23,52,2,80,53,62,115,195
03/18/2012,PHF,VA,AEA,EN,Towers with Radar,3,30,27,3,63,0,6,47,0,53,3,36,74,3,116,82,0,82,198
03/19/2012,PHF,VA,AEA,EN,Towers with Radar,2,38,22,11,73,0,0,74,3,77,2,38,96,14,150,92,88,180,330
03/20/2012,PHF,VA,AEA,EN,Towers with Radar,6,42,27,30,105,0,0,111,1,112,6,42,138,31,217,184,156,340,557
03/21/2012,PHF,VA,AEA,EN,Towers with Radar,2,40,36,19,97,0,0,60,9,69,2,40,96,28,166,44,106,150,316
03/22/2012,PHF,VA,AEA,EN,Towers with Radar,4,41,14,28,87,0,1,80,7,88,4,42,94,35,175,172,48,220,395
03/23/2012,PHF,VA,AEA,EN,Towers with Radar,2,44,25,37,108,0,0,63,1,64,2,44,88,38,172,104,12,116,288
03/24/2012,PHF,VA,AEA,EN,Towers with Radar,3,26,18,3,50,0,0,17,2,19,3,26,35,5,69,36,0,36,105
03/25/2012,PHF,VA,AEA,EN,Towers with Radar,3,42,16,5,66,0,0,0,0,0,3,42,16,5,66,0,0,0,66
03/26/2012,PHF,VA,AEA,EN,Towers with Radar,2,34,16,22,74,0,0,34,5,39,2,34,50,27,113,26,0,26,139
03/27/2012,PHF,VA,AEA,EN,Towers with Radar,4,36,25,11,76,0,0,30,2,32,4,36,55,13,108,58,34,92,200
03/28/2012,PHF,VA,AEA,EN,Towers with Radar,2,36,28,10,76,0,0,29,4,33,2,36,57,14,109,82,78,160,269
03/29/2012,PHF,VA,AEA,EN,Towers with Radar,4,47,24,22,97,0,0,57,19,76,4,47,81,41,173,46,70,116,289
03/30/2012,PHF,VA,AEA,EN,Towers with Radar,2,37,23,18,80,0,0,110,16,126,2,37,133,34,206,174,88,262,468
03/31/2012,PHF,VA,AEA,EN,Towers with Radar,3,25,10,2,40,0,0,31,0,31,3,25,41,2,71,80,0,80,151
04/01/2012,PHF,VA,AEA,EN,Towers with Radar,3,31,24,0,58,0,0,61,0,61,3,31,85,0,119,130,0,130,249
04/02/2012,PHF,VA,AEA,EN,Towers with Radar,2,52,16,14,84,0,0,32,6,38,2,52,48,20,122,74,50,124,246
04/03/2012,PHF,VA,AEA,EN,Towers with Radar,4,46,19,40,109,0,0,45,19,64,4,46,64,59,173,140,144,284,457
04/04/2012,PHF,VA,AEA,EN,Towers with Radar,2,53,20,11,86,0,0,34,0,34,2,53,54,11,120,78,0,78,198
04/05/2012,PHF,VA,AEA,EN,Towers with Radar,4,41,33,39,117,0,0,60,2,62,4,41,93,41,179,82,60,142,321
04/06/2012,PHF,VA,AEA,EN,Towers with Radar,2,40,22,8,72,0,0,56,12,68,2,40,78,20,140,118,50,168,308
04/07/2012,PHF,VA,AEA,EN,Towers with Radar,3,26,17,0,46,0,0,61,0,61,3,26,78,0,107,148,0,148,255
04/08/2012,PHF,VA,AEA,EN,Towers with Radar,3,38,9,0,50,0,0,40,0,40,3,38,49,0,90,114,0,114,204
04/09/2012,PHF,VA,AEA,EN,Towers with Radar,2,39,22,35,98,0,0,23,3,26,2,39,45,38,124,24,26,50,174
04/10/2012,PHF,VA,AEA,EN,Towers with Radar,4,42,10,21,77,0,1,41,11,53,4,43,51,32,130,136,82,218,348
04/11/2012,PHF,VA,AEA,EN,Towers with Radar,2,49,29,15,95,0,2,22,5,29,2,51,51,20,124,62,42,104,228
04/12/2012,PHF,VA,AEA,EN,Towers with Radar,4,51,23,13,91,0,0,44,10,54,4,51,67,23,145,70,46,116,261
04/13/2012,PHF,VA,AEA,EN,Towers with Radar,2,38,20,26,86,0,0,35,4,39,2,38,55,30,125,82,52,134,259
04/14/2012,PHF,VA,AEA,EN,Towers with Radar,4,29,9,0,42,0,0,72,0,72,4,29,81,0,114,166,0,166,280
04/15/2012,PHF,VA,AEA,EN,Towers with Radar,4,35,12,0,51,0,0,10,0,10,4,35,22,0,61,18,0,18,79
04/16/2012,PHF,VA,AEA,EN,Towers with Radar,2,39,15,38,94,0,2,75,9,86,2,41,90,47,180,168,170,338,518
04/17/2012,PHF,VA,AEA,EN,Towers with Radar,5,43,25,16,89,0,0,56,32,88,5,43,81,48,177,156,63,219,396
04/18/2012,PHF,VA,AEA,EN,Towers with Radar,1,49,13,50,113,0,2,34,4,40,1,51,47,54,153,94,72,166,319
04/19/2012,PHF,VA,AEA,EN,Towers with Radar,5,41,19,39,104,0,0,109,14,123,5,41,128,53,227,196,126,322,549
04/20/2012,PHF,VA,AEA,EN,Towers with Radar,1,38,30,46,115,0,0,95,22,117,1,38,125,68,232,280,208,488,720
04/21/2012,PHF,VA,AEA,EN,Towers with Radar,4,21,16,0,41,0,0,69,0,69,4,21,85,0,110,190,0,190,300
04/22/2012,PHF,VA,AEA,EN,Towers with Radar,5,38,13,2,58,0,0,0,0,0,5,38,13,2,58,0,0,0,58
04/23/2012,PHF,VA,AEA,EN,Towers with Radar,1,35,12,15,63,0,0,12,2,14,1,35,24,17,77,56,0,56,133
04/24/2012,PHF,VA,AEA,EN,Towers with Radar,5,41,16,43,105,0,0,59,4,63,5,41,75,47,168,138,110,248,416
04/25/2012,PHF,VA,AEA,EN,Towers with Radar,1,43,32,44,120,0,0,37,11,48,1,43,69,55,168,34,168,202,370
04/26/2012,PHF,VA,AEA,EN,Towers with Radar,5,52,22,37,116,0,1,7,8,16,5,53,29,45,132,30,42,72,204
04/27/2012,PHF,VA,AEA,EN,Towers with Radar,2,43,29,16,90,0,0,116,28,144,2,43,145,44,234,256,164,420,654
04/28/2012,PHF,VA,AEA,EN,Towers with Radar,4,47,30,19,100,0,0,50,2,52,4,47,80,21,152,136,6,142,294
04/29/2012,PHF,VA,AEA,EN,Towers with Radar,6,49,27,5,87,0,0,50,0,50,6,49,77,5,137,128,0,128,265
04/30/2012,PHF,VA,AEA,EN,Towers with Radar,1,34,14,31,80,0,2,73,38,113,1,36,87,69,193,118,146,264,457
05/01/2012,PHF,VA,AEA,EN,Towers with Radar,5,30,20,75,130,0,1,51,20,72,5,31,71,95,202,156,224,380,582
05/02/2012,PHF,VA,AEA,EN,Towers with Radar,1,37,28,32,98,0,0,56,0,56,1,37,84,32,154,122,54,176,330
05/03/2012,PHF,VA,AEA,EN,Towers with Radar,5,40,26,17,88,0,0,57,15,72,5,40,83,32,160,152,88,240,400
05/04/2012,PHF,VA,AEA,EN,Towers with Radar,1,42,17,8,68,0,0,100,23,123,1,42,117,31,191,176,166,342,533
05/05/2012,PHF,VA,AEA,EN,Towers with Radar,4,25,9,6,44,0,0,58,1,59,4,25,67,7,103,90,2,92,195
05/06/2012,PHF,VA,AEA,EN,Towers with Radar,5,33,34,1,73,0,0,54,0,54,5,33,88,1,127,96,0,96,223
05/07/2012,PHF,VA,AEA,EN,Towers with Radar,1,34,15,16,66,0,0,69,5,74,1,34,84,21,140,86,62,148,288
05/08/2012,PHF,VA,AEA,EN,Towers with Radar,5,36,8,35,84,0,0,57,13,70,5,36,65,48,154,78,58,136,290
05/09/2012,PHF,VA,AEA,EN,Towers with Radar,1,33,30,9,73,0,0,5,0,5,1,33,35,9,78,0,0,0,78
05/10/2012,PHF,VA,AEA,EN,Towers with Radar,5,40,33,32,110,0,0,133,37,170,5,40,166,69,280,264,160,424,704
05/11/2012,PHF,VA,AEA,EN,Towers with Radar,1,38,22,9,70,0,0,156,41,197,1,38,178,50,267,312,178,490,757
05/12/2012,PHF,VA,AEA,EN,Towers with Radar,4,27,17,0,48,0,1,123,0,124,4,28,140,0,172,190,0,190,362
05/13/2012,PHF,VA,AEA,EN,Towers with Radar,5,36,18,1,60,0,0,25,2,27,5,36,43,3,87,0,0,0,87
05/14/2012,PHF,VA,AEA,EN,Towers with Radar,1,32,32,39,104,0,0,68,4,72,1,32,100,43,176,140,118,258,434
05/15/2012,PHF,VA,AEA,EN,Towers with Radar,5,34,22,3,64,0,0,0,0,0,5,34,22,3,64,0,0,0,64
05/16/2012,PHF,VA,AEA,EN,Towers with Radar,6,44,34,16,100,0,0,13,4,17,6,44,47,20,117,18,62,80,197
05/17/2012,PHF,VA,AEA,EN,Towers with Radar,3,46,46,16,111,0,0,85,14,99,3,46,131,30,210,116,82,198,408
05/18/2012,PHF,VA,AEA,EN,Towers with Radar,3,58,32,10,103,0,0,75,13,88,3,58,107,23,191,112,50,162,353
05/19/2012,PHF,VA,AEA,EN,Towers with Radar,5,27,14,0,46,0,0,85,0,85,5,27,99,0,131,116,8,124,255
05/20/2012,PHF,VA,AEA,EN,Towers with Radar,4,37,48,0,89,0,0,3,0,3,4,37,51,0,92,6,0,6,98
05/21/2012,PHF,VA,AEA,EN,Towers with Radar,5,49,23,29,106,0,0,80,28,108,5,49,103,57,214,152,42,194,408
05/22/2012,PHF,VA,AEA,EN,Towers with Radar,3,46,38,11,98,0,0,1,0,1,3,46,39,11,99,0,0,0,99
05/23/2012,PHF,VA,AEA,EN,Towers with Radar,5,52,40,19,116,0,3,43,1,47,5,55,83,20,163,108,40,148,311
05/24/2012,PHF,VA,AEA,EN,Towers with Radar,3,54,33,34,124,0,2,27,0,29,3,56,60,34,153,52,44,96,249
05/25/2012,PHF,VA,AEA,EN,Towers with Radar,5,39,37,9,90,0,1,49,2,52,5,40,86,11,142,74,54,128,270
05/26/2012,PHF,VA,AEA,EN,Towers with Radar,6,22,10,0,38,0,2,51,0,53,6,24,61,0,91,146,0,146,237
05/27/2012,PHF,VA,AEA,EN,Towers with Radar,5,30,3,1,39,0,0,51,0,51,5,30,54,1,90,110,0,110,200
05/28/2012,PHF,VA,AEA,EN,Towers with Radar,5,37,19,0,61,0,0,24,0,24,5,37,43,0,85,34,0,34,119
05/29/2012,PHF,VA,AEA,EN,Towers with Radar,3,41,35,5,84,0,0,41,6,47,3,41,76,11,131,42,62,104,235
05/30/2012,PHF,VA,AEA,EN,Towers with Radar,6,39,21,19,85,0,0,0,0,0,6,39,21,19,85,0,0,0,85
05/31/2012,PHF,VA,AEA,EN,Towers with Radar,3,43,14,20,80,0,0,72,17,89,3,43,86,37,169,118,208,326,495
06/01/2012,PHF,VA,AEA,EN,Towers with Radar,5,40,16,18,79,0,1,25,5,31,5,41,41,23,110,54,36,90,200
06/02/2012,PHF,VA,AEA,EN,Towers with Radar,6,26,13,0,45,0,0,82,2,84,6,26,95,2,129,152,8,160,289
06/03/2012,PHF,VA,AEA,EN,Towers with Radar,3,38,28,0,69,0,0,22,0,22,3,38,50,0,91,16,0,16,107
06/04/2012,PHF,VA,AEA,EN,Towers with Radar,5,52,21,10,88,0,0,52,6,58,5,52,73,16,146,54,20,74,220
06/05/2012,PHF,VA,AEA,EN,Towers with Radar,3,54,14,13,84,0,0,17,4,21,3,54,31,17,105,26,34,60,165
06/06/2012,PHF,VA,AEA,EN,Towers with Radar,5,45,19,18,87,0,0,27,8,35,5,45,46,26,122,36,34,70,192
06/07/2012,PHF,VA,AEA,EN,Towers with Radar,3,40,16,20,79,0,0,21,3,24,3,40,37,23,103,30,20,50,153
06/08/2012,PHF,VA,AEA,EN,Towers with Radar,4,41,26,14,85,0,1,69,12,82,4,42,95,26,167,198,100,298,465
06/09/2012,PHF,VA,AEA,EN,Towers with Radar,4,30,10,5,49,0,1,68,10,79,4,31,78,15,128,188,46,234,362
06/10/2012,PHF,VA,AEA,EN,Towers with Radar,2,40,23,2,67,0,0,60,0,60,2,40,83,2,127,76,0,76,203
06/11/2012,PHF,VA,AEA,EN,Towers with Radar,11,45,18,18,92,0,2,42,0,44,11,47,60,18,136,76,12,88,224
06/12/2012,PHF,VA,AEA,EN,Towers with Radar,2,46,20,33,101,0,0,0,0,0,2,46,20,33,101,0,0,0,101
06/13/2012,PHF,VA,AEA,EN,Towers with Radar,4,50,26,15,95,0,0,20,4,24,4,50,46,19,119,30,38,68,187
06/14/2012,PHF,VA,AEA,EN,Towers with Radar,2,41,21,8,72,0,0,39,1,40,2,41,60,9,112,84,16,100,212
06/15/2012,PHF,VA,AEA,EN,Towers with Radar,4,43,30,42,119,0,1,61,9,71,4,44,91,51,190,135,106,241,431
06/16/2012,PHF,VA,AEA,EN,Towers with Radar,4,27,9,2,42,0,2,51,0,53,4,29,60,2,95,118,0,118,213
06/17/2012,PHF,VA,AEA,EN,Towers with Radar,2,35,22,4,63,0,0,51,2,53,2,35,73,6,116,62,20,82,198
06/18/2012,PHF,VA,AEA,EN,Towers with Radar,4,44,20,33,101,0,0,79,1,80,4,44,99,34,181,96,70,166,347
06/19/2012,PHF,VA,AEA,EN,Towers with Radar,2,41,19,17,79,0,1,10,0,11,2,42,29,17,90,0,0,0,90
06/20/2012,PHF,VA,AEA,EN,Towers with Radar,3,35,15,22,75,0,0,46,6,52,3,35,61,28,127,42,38,80,207
06/21/2012,PHF,VA,AEA,EN,Towers with Radar,1,49,17,37,104,0,0,73,1,74,1,49,90,38,178,110,8,118,296
06/22/2012,PHF,VA,AEA,EN,Towers with Radar,10,48,36,21,115,0,0,26,1,27,10,48,62,22,142,14,28,42,184
06/23/2012,PHF,VA,AEA,EN,Towers with Radar,4,34,19,8,65,0,0,73,1,74,4,34,92,9,139,84,0,84,223
06/24/2012,PHF,VA,AEA,EN,Towers with Radar,2,39,15,2,58,0,0,52,0,52,2,39,67,2,110,94,0,94,204
06/25/2012,PHF,VA,AEA,EN,Towers with Radar,4,47,24,22,97,0,0,40,0,40,4,47,64,22,137,38,20,58,195
06/26/2012,PHF,VA,AEA,EN,Towers with Radar,4,46,23,29,102,0,1,37,0,38,4,47,60,29,140,72,30,102,242
06/27/2012,PHF,VA,AEA,EN,Towers with Radar,6,49,28,32,115,0,0,53,5,58,6,49,81,37,173,96,54,150,323
06/28/2012,PHF,VA,AEA,EN,Towers with Radar,4,41,22,8,75,0,1,38,0,39,4,42,60,8,114,50,4,54,168
06/29/2012,PHF,VA,AEA,EN,Towers with Radar,4,37,21,9,71,0,0,62,5,67,4,37,83,14,138,84,46,130,268
06/30/2012,PHF,VA,AEA,EN,Towers with Radar,4,29,11,0,44,0,0,55,0,55,4,29,66,0,99,98,0,98,197
07/01/2012,PHF,VA,AEA,EN,Towers with Radar,2,31,20,0,53,0,0,45,0,45,2,31,65,0,98,86,0,86,184
07/02/2012,PHF,VA,AEA,EN,Towers with Radar,4,41,12,20,77,0,1,58,0,59,4,42,70,20,136,136,100,236,372
07/03/2012,PHF,VA,AEA,EN,Towers with Radar,2,31,15,29,77,0,0,22,4,26,2,31,37,33,103,48,40,88,191
07/04/2012,PHF,VA,AEA,EN,Towers with Radar,4,31,4,0,39,0,0,39,0,39,4,31,43,0,78,20,0,20,98
07/05/2012,PHF,VA,AEA,EN,Towers with Radar,1,38,16,9,64,0,1,49,0,50,1,39,65,9,114,114,0,114,228
07/06/2012,PHF,VA,AEA,EN,Towers with Radar,4,37,12,39,92,0,0,41,9,50,4,37,53,48,142,84,66,150,292
07/07/2012,PHF,VA,AEA,EN,Towers with Radar,4,31,9,0,44,0,0,50,0,50,4,31,59,0,94,184,0,184,278
07/08/2012,PHF,VA,AEA,EN,Towers with Radar,2,44,17,2,65,0,0,44,0,44,2,44,61,2,109,36,0,36,145
07/09/2012,PHF,VA,AEA,EN,Towers with Radar,6,36,17,13,72,0,0,50,2,52,6,36,67,15,124,116,40,156,280
07/10/2012,PHF,VA,AEA,EN,Towers with Radar,4,30,11,23,68,0,0,19,1,20,4,30,30,24,88,24,26,50,138
07/11/2012,PHF,VA,AEA,EN,Towers with Radar,5,42,23,29,99,0,0,34,6,40,5,42,57,35,139,66,6,72,211
07/12/2012,PHF,VA,AEA,EN,Towers with Radar,3,49,31,9,92,0,0,46,0,46,3,49,77,9,138,64,18,82,220
07/13/2012,PHF,VA,AEA,EN,Towers with Radar,3,37,22,10,72,0,4,18,3,25,3,41,40,13,97,80,6,86,183
07/14/2012,PHF,VA,AEA,EN,Towers with Radar,4,28,8,2,42,0,0,46,0,46,4,28,54,2,88,158,2,160,248
07/15/2012,PHF,VA,AEA,EN,Towers with Radar,2,43,23,9,77,0,0,71,0,71,2,43,94,9,148,58,0,58,206
07/16/2012,PHF,VA,AEA,EN,Towers with Radar,4,38,29,19,90,0,2,52,8,62,4,40,81,27,152,188,92,280,432
07/17/2012,PHF,VA,AEA,EN,Towers with Radar,2,38,25,25,90,0,0,95,2,97,2,38,120,27,187,156,28,184,371
07/18/2012,PHF,VA,AEA,EN,Towers with Radar,6,36,22,12,76,0,0,37,0,37,6,36,59,12,113,110,4,114,227
07/19/2012,PHF,VA,AEA,EN,Towers with Radar,2,52,22,7,83,0,1,58,4,63,2,53,80,11,146,132,24,156,302
07/20/2012,PHF,VA,AEA,EN,Towers with Radar,4,34,23,5,66,0,0,65,9,74,4,34,88,14,140,134,88,222,362
07/21/2012,PHF,VA,AEA,EN,Towers with Radar,4,31,24,0,59,0,0,18,0,18,4,31,42,0,77,76,0,76,153
07/22/2012,PHF,VA,AEA,EN,Towers with Radar,2,36,15,1,54,0,0,3,0,3,2,36,18,1,57,0,0,0,57
07/23/2012,PHF,VA,AEA,EN,Towers with Radar,4,35,16,16,71,0,0,88,8,96,4,35,104,24,167,190,130,320,487
07/24/2012,PHF,VA,AEA,EN,Towers with Radar,2,31,11,17,61,0,0,9,1,10,2,31,20,18,71,4,12,16,87
07/25/2012,PHF,VA,AEA,EN,Towers with Radar,4,38,34,26,102,0,0,108,9,117,4,38,142,35,219,212,172,384,603
07/26/2012,PHF,VA,AEA,EN,Towers with Radar,2,47,31,28,108,0,0,80,2,82,2,47,111,30,190,184,84,268,458
07/27/2012,PHF,VA,AEA,EN,Towers with Radar,4,46,24,20,94,0,1,49,9,59,4,47,73,29,153,158,122,280,433
07/28/2012,PHF,VA,AEA,EN,Towers with Radar,4,31,10,4,49,0,0,57,0,57,4,31,67,4,106,160,0,160,266
07/29/2012,PHF,VA,AEA,EN,Towers with Radar,2,34,22,2,60,0,0,99,1,100,2,34,121,3,160,132,0,132,292
07/30/2012,PHF,VA,AEA,EN,Towers with Radar,4,35,24,51,114,0,0,66,5,71,4,35,90,56,185,148,146,294,479
07/31/2012,PHF,VA,AEA,EN,Towers with Radar,2,34,19,41,96,0,0,36,13,49,2,34,55,54,145,78,79,157,302
08/01/2012,PHF,VA,AEA,EN,Towers with Radar,4,38,13,29,84,0,0,41,15,56,4,38,54,44,140,102,72,174,314
08/02/2012,PHF,VA,AEA,EN,Towers with Radar,2,39,28,37,106,0,2,89,25,116,2,41,117,62,222,180,215,395,617
08/03/2012,PHF,VA,AEA,EN,Towers with Radar,4,38,24,38,104,0,1,104,17,122,4,39,128,55,226,282,180,462,688
08/04/2012,PHF,VA,AEA,EN,Towers with Radar,4,31,12,7,54,0,1,77,4,82,4,32,89,11,136,182,14,196,332
08/05/2012,PHF,VA,AEA,EN,Towers with Radar,2,36,19,24,81,0,0,50,4,54,2,36,69,28,135,134,38,172,307
08/06/2012,PHF,VA,AEA,EN,Towers with Radar,4,38,18,31,91,0,0,41,6,47,4,38,59,37,138,64,76,140,278
08/07/2012,PHF,VA,AEA,EN,Towers with Radar,2,34,23,33,92,0,0,26,12,38,2,34,49,45,130,20,82,102,232
08/08/2012,PHF,VA,AEA,EN,Towers with Radar,4,51,44,41,140,0,0,35,0,35,4,51,79,41,175,88,24,112,287
08/09/2012,PHF,VA,AEA,EN,Towers with Radar,2,40,30,55,127,0,0,48,1,49,2,40,78,56,176,56,56,112,288
08/10/2012,PHF,VA,AEA,EN,Towers with Radar,4,40,20,32,96,0,0,70,6,76,4,40,90,38,172,126,84,210,382
08/11/2012,PHF,VA,AEA,EN,Towers with Radar,4,35,20,0,59,0,0,13,0,13,4,35,33,0,72,36,0,36,108
08/12/2012,PHF,VA,AEA,EN,Towers with Radar,2,48,23,5,78,0,0,21,0,21,2,48,44,5,99,12,0,12,111
08/13/2012,PHF,VA,AEA,EN,Towers with Radar,4,38,30,33,105,0,0,89,5,94,4,38,119,38,199,158,108,266,465
08/14/2012,PHF,VA,AEA,EN,Towers with Radar,3,41,30,20,94,0,0,94,11,105,3,41,124,31,199,126,202,328,527
08/15/2012,PHF,VA,AEA,EN,Towers with Radar,4,54,21,46,125,0,5,35,5,45,4,59,56,51,170,36,20,56,226
08/16/2012,PHF,VA,AEA,EN,Towers with Radar,4,52,26,34,116,0,5,127,7,139,4,57,153,41,255,276,52,328,583
08/17/2012,PHF,VA,AEA,EN,Towers with Radar,6,36,32,23,97,0,0,114,13,127,6,36,146,36,224,218,82,300,524
08/18/2012,PHF,VA,AEA,EN,Towers with Radar,3,25,10,10,48,0,0,17,0,17,3,25,27,10,65,86,36,122,187
08/19/2012,PHF,VA,AEA,EN,Towers with Radar,3,36,12,6,57,0,0,19,0,19,3,36,31,6,76,20,0,20,96
08/20/2012,PHF,VA,AEA,EN,Towers with Radar,6,43,31,39,119,0,0,24,0,24,6,43,55,39,143,2,0,2,145
08/21/2012,PHF,VA,AEA,EN,Towers with Radar,4,36,32,48,120,0,0,43,8,51,4,36,75,56,171,68,58,126,297
08/22/2012,PHF,VA,AEA,EN,Towers with Radar,4,43,19,38,104,0,0,43,0,43,4,43,62,38,147,44,0,44,191
08/23/2012,PHF,VA,AEA,EN,Towers with Radar,4,44,24,19,91,0,0,99,16,115,4,44,123,35,206,220,146,366,572
08/24/2012,PHF,VA,AEA,EN,Towers with Radar,6,47,29,64,146,0,0,92,19,111,6,47,121,83,257,244,196,440,697
08/25/2012,PHF,VA,AEA,EN,Towers with Radar,2,27,13,0,42,0,0,1,0,1,2,27,14,0,43,1,0,1,44
08/26/2012,PHF,VA,AEA,EN,Towers with Radar,3,32,17,3,55,0,0,8,0,8,3,32,25,3,63,0,0,0,63
08/27/2012,PHF,VA,AEA,EN,Towers with Radar,6,37,36,37,116,0,0,31,2,33,6,37,67,39,149,78,84,162,311
08/28/2012,PHF,VA,AEA,EN,Towers with Radar,6,41,15,26,88,0,0,52,3,55,6,41,67,29,143,104,100,204,347
08/29/2012,PHF,VA,AEA,EN,Towers with Radar,6,39,19,13,77,0,0,56,5,61,6,39,75,18,138,76,80,156,294
08/30/2012,PHF,VA,AEA,EN,Towers with Radar,4,42,14,23,83,0,1,63,1,65,4,43,77,24,148,66,16,82,230
08/31/2012,PHF,VA,AEA,EN,Towers with Radar,7,35,22,4,68,0,0,96,0,96,7,35,118,4,164,176,0,176,340
09/01/2012,PHF,VA,AEA,EN,Towers with Radar,5,27,10,0,42,0,0,60,0,60,5,27,70,0,102,162,0,162,264
09/02/2012,PHF,VA,AEA,EN,Towers with Radar,2,27,11,0,40,0,1,34,0,35,2,28,45,0,75,86,0,86,161
09/03/2012,PHF,VA,AEA,EN,Towers with Radar,6,33,12,0,51,0,10,42,0,52,6,43,54,0,103,70,0,70,173
09/04/2012,PHF,VA,AEA,EN,Towers with Radar,4,37,18,14,73,0,0,24,0,24,4,37,42,14,97,10,4,14,111
09/05/2012,PHF,VA,AEA,EN,Towers with Radar,4,43,17,27,91,0,0,35,0,35,4,43,52,27,126,68,0,68,194
09/06/2012,PHF,VA,AEA,EN,Towers with Radar,6,48,20,25,99,0,0,32,2,34,6,48,52,27,133,88,86,174,307
09/07/2012,PHF,VA,AEA,EN,Towers with Radar,7,48,25,12,92,0,0,115,20,135,7,48,140,32,227,248,238,486,713
09/08/2012,PHF,VA,AEA,EN,Towers with Radar,9,30,24,6,69,0,1,67,0,68,9,31,91,6,137,168,0,168,305
09/09/2012,PHF,VA,AEA,EN,Towers with Radar,5,27,35,0,67,0,0,87,0,87,5,27,122,0,154,190,0,190,344
09/10/2012,PHF,VA,AEA,EN,Towers with Radar,5,32,21,33,91,0,0,56,1,57,5,32,77,34,148,132,82,214,362
09/11/2012,PHF,VA,AEA,EN,Towers with Radar,4,30,22,33,89,0,0,104,21,125,4,30,126,54,214,216,226,442,656
09/12/2012,PHF,VA,AEA,EN,Towers with Radar,4,41,16,24,85,0,0,48,2,50,4,41,64,26,135,68,36,104,239
09/13/2012,PHF,VA,AEA,EN,Towers with Radar,4,35,23,15,77,0,0,29,0,29,4,35,52,15,106,28,16,44,150
09/14/2012,PHF,VA,AEA,EN,Towers with Radar,8,43,20,2,73,0,0,111,18,129,8,43,131,20,202,176,160,336,538
09/15/2012,PHF,VA,AEA,EN,Towers with Radar,2,26,18,0,46,0,0,54,0,54,2,26,72,0,100,178,0,178,278
09/16/2012,PHF,VA,AEA,EN,Towers with Radar,5,40,16,8,69,0,0,57,2,59,5,40,73,10,128,100,0,100,228
09/17/2012,PHF,VA,AEA,EN,Towers with Radar,6,42,29,33,110,0,0,61,5,66,6,42,90,38,176,132,28,160,336
09/18/2012,PHF,VA,AEA,EN,Towers with Radar,4,39,9,16,68,0,0,42,6,48,4,39,51,22,116,76,60,136,252
09/19/2012,PHF,VA,AEA,EN,Towers with Radar,9,65,33,35,142,0,0,37,5,42,9,65,70,40,184,82,64,146,330
09/20/2012,PHF,VA,AEA,EN,Towers with Radar,4,61,46,27,138,0,0,67,1,68,4,61,113,28,206,52,10,62,268
09/21/2012,PHF,VA,AEA,EN,Towers with Radar,6,45,23,8,82,0,0,135,21,156,6,45,158,29,238,274,144,418,656
09/22/2012,PHF,VA,AEA,EN,Towers with Radar,2,28,22,9,61,0,1,65,0,66,2,29,87,9,127,54,0,54,181
09/23/2012,PHF,VA,AEA,EN,Towers with Radar,4,34,24,9,71,0,1,53,0,54,4,35,77,9,125,80,2,82,207
09/24/2012,PHF,VA,AEA,EN,Towers with Radar,6,31,19,19,75,0,0,62,2,64,6,31,81,21,139,62,70,132,271
09/25/2012,PHF,VA,AEA,EN,Towers with Radar,4,39,28,25,96,0,1,85,16,102,4,40,113,41,198,176,194,370,568
09/26/2012,PHF,VA,AEA,EN,Towers with Radar,4,38,30,26,98,0,0,69,23,92,4,38,99,49,190,78,204,282,472
09/27/2012,PHF,VA,AEA,EN,Towers with Radar,4,45,28,42,119,0,2,31,0,33,4,47,59,42,152,12,50,62,214
09/28/2012,PHF,VA,AEA,EN,Towers with Radar,9,51,26,2,88,0,1,110,23,134,9,52,136,25,222,278,218,496,718
09/29/2012,PHF,VA,AEA,EN,Towers with Radar,3,29,16,0,48,0,0,53,0,53,3,29,69,0,101,98,0,98,199
09/30/2012,PHF,VA,AEA,EN,Towers with Radar,3,40,19,0,62,0,0,65,0,65,3,40,84,0,127,128,0,128,255
10/01/2012,PHF,VA,AEA,EN,Towers with Radar,6,46,27,9,88,0,0,46,3,49,6,46,73,12,137,80,14,94,231
10/02/2012,PHF,VA,AEA,EN,Towers with Radar,4,44,27,29,104,0,0,12,0,12,4,44,39,29,116,4,0,4,120
10/03/2012,PHF,VA,AEA,EN,Towers with Radar,6,50,23,23,102,0,0,24,1,25,6,50,47,24,127,64,50,114,241
10/04/2012,PHF,VA,AEA,EN,Towers with Radar,4,46,17,63,130,0,0,35,8,43,4,46,52,71,173,34,64,98,271
10/05/2012,PHF,VA,AEA,EN,Towers with Radar,6,51,23,0,80,0,0,99,18,117,6,51,122,18,197,228,166,394,591
10/06/2012,PHF,VA,AEA,EN,Towers with Radar,4,27,23,3,57,0,0,98,2,100,4,27,121,5,157,180,0,180,337
10/07/2012,PHF,VA,AEA,EN,Towers with Radar,4,41,12,1,58,0,0,0,0,0,4,41,12,1,58,0,0,0,58
10/08/2012,PHF,VA,AEA,EN,Towers with Radar,6,40,20,10,76,0,0,22,0,22,6,40,42,10,98,16,0,16,114
10/09/2012,PHF,VA,AEA,EN,Towers with Radar,4,41,21,9,75,0,0,0,0,0,4,41,21,9,75,0,0,0,75
10/10/2012,PHF,VA,AEA,EN,Towers with Radar,6,49,32,32,119,0,0,25,5,30,6,49,57,37,149,90,68,158,307
10/11/2012,PHF,VA,AEA,EN,Towers with Radar,4,44,19,11,78,0,0,49,3,52,4,44,68,14,130,78,36,114,244
10/12/2012,PHF,VA,AEA,EN,Towers with Radar,6,37,35,17,95,0,0,117,22,139,6,37,152,39,234,280,176,456,690
10/13/2012,PHF,VA,AEA,EN,Towers with Radar,5,28,19,6,58,0,0,24,2,26,5,28,43,8,84,20,10,30,114
10/14/2012,PHF,VA,AEA,EN,Towers with Radar,4,36,22,5,67,0,1,6,0,7,4,37,28,5,74,0,0,0,74
10/15/2012,PHF,VA,AEA,EN,Towers with Radar,6,38,21,9,74,0,0,11,0,11,6,38,32,9,85,0,0,0,85
10/16/2012,PHF,VA,AEA,EN,Towers with Radar,5,47,17,21,90,0,0,6,1,7,5,47,23,22,97,2,0,2,99
10/17/2012,PHF,VA,AEA,EN,Towers with Radar,6,45,22,36,109,0,0,33,4,37,6,45,55,40,146,88,54,142,288
10/18/2012,PHF,VA,AEA,EN,Towers with Radar,4,47,21,34,106,1,0,36,4,41,5,47,57,38,147,88,30,118,265
10/19/2012,PHF,VA,AEA,EN,Towers with Radar,6,47,21,19,93,0,2,33,21,56,6,49,54,40,149,38,86,124,273
10/20/2012,PHF,VA,AEA,EN,Towers with Radar,6,32,11,13,62,0,0,73,5,78,6,32,84,18,140,136,8,144,284
10/21/2012,PHF,VA,AEA,EN,Towers with Radar,4,37,13,4,58,0,0,60,0,60,4,37,73,4,118,80,0,80,198
10/22/2012,PHF,VA,AEA,EN,Towers with Radar,6,58,21,33,118,0,1,74,9,84,6,59,95,42,202,124,54,178,380
10/23/2012,PHF,VA,AEA,EN,Towers with Radar,4,43,23,36,106,0,0,42,1,43,4,43,65,37,149,100,62,162,311
10/24/2012,PHF,VA,AEA,EN,Towers with Radar,6,45,36,34,121,0,0,78,5,83,6,45,114,39,204,184,186,370,574
10/25/2012,PHF,VA,AEA,EN,Towers with Radar,4,44,27,31,106,0,1,44,3,48,4,45,71,34,154,82,76,158,312
10/26/2012,PHF,VA,AEA,EN,Towers with Radar,6,37,24,10,77,0,0,0,0,0,6,37,24,10,77,0,0,0,77
10/27/2012,PHF,VA,AEA,EN,Towers with Radar,4,29,8,0,41,0,0,0,0,0,4,29,8,0,41,0,0,0,41
10/28/2012,PHF,VA,AEA,EN,Towers with Radar,1,20,3,0,24,0,0,0,0,0,1,20,3,0,24,0,0,0,24
10/29/2012,PHF,VA,AEA,EN,Towers with Radar,2,0,0,0,2,0,0,0,0,0,2,0,0,0,2,0,0,0,2
10/30/2012,PHF,VA,AEA,EN,Towers with Radar,1,18,2,4,25,0,0,0,0,0,1,18,2,4,25,0,0,0,25
10/31/2012,PHF,VA,AEA,EN,Towers with Radar,4,29,12,9,54,0,0,25,1,26,4,29,37,10,80,8,38,46,126
11/01/2012,PHF,VA,AEA,EN,Towers with Radar,4,39,21,6,70,0,0,20,3,23,4,39,41,9,93,72,22,94,187
11/02/2012,PHF,VA,AEA,EN,Towers with Radar,7,41,33,11,92,0,0,77,19,96,7,41,110,30,188,206,150,356,544
11/03/2012,PHF,VA,AEA,EN,Towers with Radar,4,23,18,3,48,0,0,77,0,77,4,23,95,3,125,180,0,180,305
11/04/2012,PHF,VA,AEA,EN,Towers with Radar,6,32,14,7,59,0,0,60,0,60,6,32,74,7,119,104,0,104,223
11/05/2012,PHF,VA,AEA,EN,Towers with Radar,6,39,20,41,106,0,0,47,8,55,6,39,67,49,161,54,62,116,277
11/06/2012,PHF,VA,AEA,EN,Towers with Radar,4,56,24,35,119,0,0,37,3,40,4,56,61,38,159,110,86,196,355
11/07/2012,PHF,VA,AEA,EN,Towers with Radar,4,38,16,15,73,0,0,0,0,0,4,38,16,15,73,0,0,0,73
11/08/2012,PHF,VA,AEA,EN,Towers with Radar,4,49,20,24,97,0,1,15,2,18,4,50,35,26,115,44,62,106,221
11/09/2012,PHF,VA,AEA,EN,Towers with Radar,6,44,25,10,85,0,0,120,16,136,6,44,145,26,221,260,184,444,665
11/10/2012,PHF,VA,AEA,EN,Towers with Radar,2,21,19,0,42,0,0,116,0,116,2,21,135,0,158,244,0,244,402
11/11/2012,PHF,VA,AEA,EN,Towers with Radar,4,34,15,0,53,0,0,84,0,84,4,34,99,0,137,160,0,160,297
11/12/2012,PHF,VA,AEA,EN,Towers with Radar,5,40,26,1,72,0,0,44,0,44,5,40,70,1,116,156,0,156,272
11/13/2012,PHF,VA,AEA,EN,Towers with Radar,4,39,20,16,79,0,0,2,0,2,4,39,22,16,81,0,0,0,81
11/14/2012,PHF,VA,AEA,EN,Towers with Radar,4,39,36,33,112,0,0,30,6,36,4,39,66,39,148,46,92,138,286
11/15/2012,PHF,VA,AEA,EN,Towers with Radar,3,56,28,21,108,0,0,28,12,40,3,56,56,33,148,64,68,132,280
11/16/2012,PHF,VA,AEA,EN,Towers with Radar,5,48,36,11,100,0,1,80,11,92,5,49,116,22,192,194,118,312,504
11/17/2012,PHF,VA,AEA,EN,Towers with Radar,4,24,19,0,47,0,0,67,0,67,4,24,86,0,114,152,0,152,266
11/18/2012,PHF,VA,AEA,EN,Towers with Radar,4,32,23,5,64,0,0,51,0,51,4,32,74,5,115,118,0,118,233
11/19/2012,PHF,VA,AEA,EN,Towers with Radar,5,47,33,12,97,0,0,54,13,67,5,47,87,25,164,170,112,282,446
11/20/2012,PHF,VA,AEA,EN,Towers with Radar,3,43,30,21,97,0,0,72,0,72,3,43,102,21,169,152,92,244,413
11/21/2012,PHF,VA,AEA,EN,Towers with Radar,7,34,37,12,90,0,0,52,1,53,7,34,89,13,143,82,20,102,245
11/22/2012,PHF,VA,AEA,EN,Towers with Radar,4,14,1,0,19,0,0,7,0,7,4,14,8,0,26,0,0,0,26
11/23/2012,PHF,VA,AEA,EN,Towers with Radar,3,18,14,0,35,0,0,96,0,96,3,18,110,0,131,200,0,200,331
11/24/2012,PHF,VA,AEA,EN,Towers with Radar,3,30,9,0,42,0,2,86,0,88,3,32,95,0,130,188,0,188,318
11/25/2012,PHF,VA,AEA,EN,Towers with Radar,5,34,23,0,62,0,0,51,0,51,5,34,74,0,113,78,0,78,191
11/26/2012,PHF,VA,AEA,EN,Towers with Radar,5,35,30,39,109,0,0,138,21,159,5,35,168,60,268,318,208,526,794
11/27/2012,PHF,VA,AEA,EN,Towers with Radar,3,54,21,41,119,0,0,40,0,40,3,54,61,41,159,90,48,138,297
11/28/2012,PHF,VA,AEA,EN,Towers with Radar,3,51,20,31,105,0,1,14,3,18,3,52,34,34,123,6,30,36,159
11/29/2012,PHF,VA,AEA,EN,Towers with Radar,6,51,23,37,117,0,0,64,2,66,6,51,87,39,183,100,10,110,293
11/30/2012,PHF,VA,AEA,EN,Towers with Radar,5,57,21,32,115,0,0,139,20,159,5,57,160,52,274,316,222,538,812
12/01/2012,PHF,VA,AEA,EN,Towers with Radar,3,29,8,2,42,0,0,110,0,110,3,29,118,2,152,278,0,278,430
12/02/2012,PHF,VA,AEA,EN,Towers with Radar,4,41,12,6,63,0,0,77,0,77,4,41,89,6,140,152,0,152,292
12/03/2012,PHF,VA,AEA,EN,Towers with Radar,5,36,25,20,86,0,0,111,20,131,5,36,136,40,217,280,226,506,723
12/04/2012,PHF,VA,AEA,EN,Towers with Radar,11,37,10,39,97,0,0,45,3,48,11,37,55,42,145,122,84,206,351
12/05/2012,PHF,VA,AEA,EN,Towers with Radar,4,44,12,21,81,0,2,13,1,16,4,46,25,22,97,12,30,42,139
12/06/2012,PHF,VA,AEA,EN,Towers with Radar,3,43,16,36,98,0,1,57,4,62,3,44,73,40,160,82,96,178,338
12/07/2012,PHF,VA,AEA,EN,Towers with Radar,5,36,28,19,88,0,0,85,12,97,5,36,113,31,185,238,114,352,537
12/08/2012,PHF,VA,AEA,EN,Towers with Radar,3,30,11,8,52,0,0,98,0,98,3,30,109,8,150,268,0,268,418
12/09/2012,PHF,VA,AEA,EN,Towers with Radar,3,33,14,3,53,0,0,45,0,45,3,33,59,3,98,126,0,126,224
12/10/2012,PHF,VA,AEA,EN,Towers with Radar,10,40,17,12,79,0,0,30,13,43,10,40,47,25,122,54,156,210,332
12/11/2012,PHF,VA,AEA,EN,Towers with Radar,3,35,26,15,79,0,0,25,16,41,3,35,51,31,120,72,126,198,318
12/12/2012,PHF,VA,AEA,EN,Towers with Radar,3,43,17,13,76,0,0,35,10,45,3,43,52,23,121,86,82,168,289
12/13/2012,PHF,VA,AEA,EN,Towers with Radar,3,41,23,39,106,0,0,29,14,43,3,41,52,53,149,110,118,228,377
12/14/2012,PHF,VA,AEA,EN,Towers with Radar,6,40,10,29,85,0,0,85,14,99,6,40,95,43,184,132,56,188,372
12/15/2012,PHF,VA,AEA,EN,Towers with Radar,6,23,10,0,39,0,1,75,6,82,6,24,85,6,121,190,44,234,355
12/16/2012,PHF,VA,AEA,EN,Towers with Radar,2,30,18,0,50,0,0,38,0,38,2,30,56,0,88,48,0,48,136
12/17/2012,PHF,VA,AEA,EN,Towers with Radar,6,28,22,26,82,0,0,21,0,21,6,28,43,26,103,64,56,120,223
12/18/2012,PHF,VA,AEA,EN,Towers with Radar,2,43,21,29,95,0,0,48,2,50,2,43,69,31,145,80,120,200,345
12/19/2012,PHF,VA,AEA,EN,Towers with Radar,4,46,12,35,97,0,0,40,2,42,4,46,52,37,139,66,98,164,303
12/20/2012,PHF,VA,AEA,EN,Towers with Radar,2,41,16,42,101,0,0,31,0,31,2,41,47,42,132,74,26,100,232
12/21/2012,PHF,VA,AEA,EN,Towers with Radar,4,33,12,9,58,0,0,44,0,44,4,33,56,9,102,86,0,86,188
12/22/2012,PHF,VA,AEA,EN,Towers with Radar,4,26,14,1,45,0,0,61,0,61,4,26,75,1,106,114,0,114,220
12/23/2012,PHF,VA,AEA,EN,Towers with Radar,0,34,22,3,59,0,1,35,0,36,0,35,57,3,95,50,0,50,145
12/24/2012,PHF,VA,AEA,EN,Towers with Radar,4,27,2,0,33,0,0,48,0,48,4,27,50,0,81,50,0,50,131
12/25/2012,PHF,VA,AEA,EN,Towers with Radar,3,31,3,0,37,0,0,4,0,4,3,31,7,0,41,0,0,0,41
12/26/2012,PHF,VA,AEA,EN,Towers with Radar,4,26,9,0,39,0,0,0,0,0,4,26,9,0,39,0,0,0,39
12/27/2012,PHF,VA,AEA,EN,Towers with Radar,2,41,6,11,60,0,0,10,0,10,2,41,16,11,70,20,18,38,108
12/28/2012,PHF,VA,AEA,EN,Towers with Radar,4,38,19,13,74,0,0,84,21,105,4,38,103,34,179,300,240,540,719
12/29/2012,PHF,VA,AEA,EN,Towers with Radar,4,25,1,0,30,0,0,0,0,0,4,25,1,0,30,0,0,0,30
12/30/2012,PHF,VA,AEA,EN,Towers with Radar,1,32,12,0,45,0,0,43,0,43,1,32,55,0,88,36,0,36,124
12/31/2012,PHF,VA,AEA,EN,Towers with Radar,4,31,14,0,49,0,0,64,0,64,4,31,78,0,113,72,0,72,185
01/01/2013,PHF,VA,AEA,EN,Towers with Radar,2,23,3,0,28,0,0,14,0,14,2,23,17,0,42,44,0,44,86
01/02/2013,PHF,VA,AEA,EN,Towers with Radar,4,33,12,3,52,0,0,9,0,9,4,33,21,3,61,80,0,80,141
01/03/2013,PHF,VA,AEA,EN,Towers with Radar,3,32,12,50,97,0,0,45,0,45,3,32,57,50,142,108,58,166,308
01/04/2013,PHF,VA,AEA,EN,Towers with Radar,5,32,24,27,88,0,0,124,17,141,5,32,148,44,229,244,158,402,631
01/05/2013,PHF,VA,AEA,EN,Towers with Radar,3,23,5,0,31,0,1,64,0,65,3,24,69,0,96,202,0,202,298
01/06/2013,PHF,VA,AEA,EN,Towers with Radar,3,31,33,0,67,0,1,61,0,62,3,32,94,0,129,90,0,90,219
01/07/2013,PHF,VA,AEA,EN,Towers with Radar,6,31,34,15,86,0,0,53,0,53,6,31,87,15,139,64,36,100,239
01/08/2013,PHF,VA,AEA,EN,Towers with Radar,4,41,21,26,92,0,0,40,6,46,4,41,61,32,138,60,142,202,340
01/09/2013,PHF,VA,AEA,EN,Towers with Radar,4,38,17,56,115,0,0,48,0,48,4,38,65,56,163,142,120,262,425
01/10/2013,PHF,VA,AEA,EN,Towers with Radar,4,43,25,34,106,0,0,74,7,81,4,43,99,41,187,82,142,224,411
01/11/2013,PHF,VA,AEA,EN,Towers with Radar,8,40,11,28,87,0,0,15,4,19,8,40,26,32,106,39,32,71,177
01/12/2013,PHF,VA,AEA,EN,Towers with Radar,2,23,22,6,53,0,0,0,0,0,2,23,22,6,53,0,0,0,53
01/13/2013,PHF,VA,AEA,EN,Towers with Radar,7,26,13,2,48,0,0,10,0,10,7,26,23,2,58,28,0,28,86
01/14/2013,PHF,VA,AEA,EN,Towers with Radar,6,39,20,10,75,0,0,20,0,20,6,39,40,10,95,16,60,76,171
01/15/2013,PHF,VA,AEA,EN,Towers with Radar,4,39,5,3,51,0,0,0,0,0,4,39,5,3,51,0,0,0,51
01/16/2013,PHF,VA,AEA,EN,Towers with Radar,6,43,14,17,80,0,0,0,0,0,6,43,14,17,80,0,0,0,80
01/17/2013,PHF,VA,AEA,EN,Towers with Radar,4,35,7,6,52,0,0,0,0,0,4,35,7,6,52,0,0,0,52
01/18/2013,PHF,VA,AEA,EN,Towers with Radar,6,52,17,41,116,0,0,69,14,83,6,52,86,55,199,226,160,386,585
01/19/2013,PHF,VA,AEA,EN,Towers with Radar,2,36,15,23,76,0,0,62,0,62,2,36,77,23,138,118,28,146,284
01/20/2013,PHF,VA,AEA,EN,Towers with Radar,2,33,21,7,63,0,0,118,9,127,2,33,139,16,190,312,144,456,646
01/21/2013,PHF,VA,AEA,EN,Towers with Radar,6,29,28,4,67,6,0,68,18,92,12,29,96,22,159,142,48,190,349
01/22/2013,PHF,VA,AEA,EN,Towers with Radar,4,36,7,33,80,0,0,52,24,76,4,36,59,57,156,102,230,332,488
01/23/2013,PHF,VA,AEA,EN,Towers with Radar,4,52,16,43,115,0,3,31,2,36,4,55,47,45,151,78,184,262,413
01/24/2013,PHF,VA,AEA,EN,Towers with Radar,4,41,13,22,80,0,0,15,6,21,4,41,28,28,101,26,66,92,193
01/25/2013,PHF,VA,AEA,EN,Towers with Radar,6,29,17,17,69,0,0,12,1,13,6,29,29,18,82,38,66,104,186
01/26/2013,PHF,VA,AEA,EN,Towers with Radar,3,22,14,0,39,0,0,17,0,17,3,22,31,0,56,0,0,0,56
01/27/2013,PHF,VA,AEA,EN,Towers with Radar,3,32,16,0,51,0,0,38,0,38,3,32,54,0,89,78,0,78,167
01/28/2013,PHF,VA,AEA,EN,Towers with Radar,5,41,10,14,70,0,0,9,4,13,5,41,19,18,83,16,58,74,157
01/29/2013,PHF,VA,AEA,EN,Towers with Radar,6,45,16,30,97,0,0,71,13,84,6,45,87,43,181,256,146,402,583
01/30/2013,PHF,VA,AEA,EN,Towers with Radar,4,34,17,28,83,0,0,43,25,68,4,34,60,53,151,64,262,326,477
01/31/2013,PHF,VA,AEA,EN,Towers with Radar,4,37,8,29,78,0,0,16,24,40,4,37,24,53,118,10,324,334,452
02/01/2013,PHF,VA,AEA,EN,Towers with Radar,6,36,13,16,71,0,0,4,2,6,6,36,17,18,77,20,14,34,111
02/02/2013,PHF,VA,AEA,EN,Towers with Radar,3,21,19,12,55,0,0,25,1,26,3,21,44,13,81,130,24,154,235
02/03/2013,PHF,VA,AEA,EN,Towers with Radar,5,28,4,14,51,0,1,17,0,18,5,29,21,14,69,46,32,78,147
02/04/2013,PHF,VA,AEA,EN,Towers with Radar,6,35,13,36,90,0,1,64,15,80,6,36,77,51,170,134,164,298,468
02/05/2013,PHF,VA,AEA,EN,Towers with Radar,4,38,6,32,80,0,0,30,19,49,4,38,36,51,129,30,310,340,469
02/06/2013,PHF,VA,AEA,EN,Towers with Radar,4,38,42,13,97,0,0,74,5,79,4,38,116,18,176,132,192,324,500
02/07/2013,PHF,VA,AEA,EN,Towers with Radar,4,47,16,16,83,0,0,27,0,27,4,47,43,16,110,98,16,114,224
02/08/2013,PHF,VA,AEA,EN,Towers with Radar,6,30,11,16,63,0,0,8,0,8,6,30,19,16,71,12,0,12,83
02/09/2013,PHF,VA,AEA,EN,Towers with Radar,4,23,13,11,51,0,0,51,1,52,4,23,64,12,103,82,0,82,185
02/10/2013,PHF,VA,AEA,EN,Towers with Radar,4,39,34,2,79,0,0,23,0,23,4,39,57,2,102,36,0,36,138
02/11/2013,PHF,VA,AEA,EN,Towers with Radar,6,35,17,47,105,0,0,0,2,2,6,35,17,49,107,0,16,16,123
02/12/2013,PHF,VA,AEA,EN,Towers with Radar,6,53,15,62,136,0,0,54,5,59,6,53,69,67,195,90,126,216,411
02/13/2013,PHF,VA,AEA,EN,Towers with Radar,4,44,17,32,97,0,0,12,14,26,4,44,29,46,123,10,136,146,269
02/14/2013,PHF,VA,AEA,EN,Towers with Radar,4,49,24,19,96,0,10,21,3,34,4,59,45,22,130,48,86,134,264
02/15/2013,PHF,VA,AEA,EN,Towers with Radar,5,37,17,27,86,9,0,87,28,124,14,37,104,55,210,162,306,468,678
02/16/2013,PHF,VA,AEA,EN,Towers with Radar,2,23,1,8,34,0,0,1,0,1,2,23,2,8,35,16,0,16,51
02/17/2013,PHF,VA,AEA,EN,Towers with Radar,2,28,16,1,47,0,0,17,0,17,2,28,33,1,64,18,18,36,100
02/18/2013,PHF,VA,AEA,EN,Towers with Radar,6,44,22,0,72,0,0,56,0,56,6,44,78,0,128,152,0,152,280
02/19/2013,PHF,VA,AEA,EN,Towers with Radar,4,40,5,18,67,0,0,48,13,61,4,40,53,31,128,96,144,240,368
02/20/2013,PHF,VA,AEA,EN,Towers with Radar,4,48,19,23,94,0,0,74,7,81,4,48,93,30,175,156,190,346,521
02/21/2013,PHF,VA,AEA,EN,Towers with Radar,4,43,8,26,81,0,1,33,12,46,4,44,41,38,127,64,172,236,363
02/22/2013,PHF,VA,AEA,EN,Towers with Radar,6,43,10,15,74,0,0,0,2,2,6,43,10,17,76,0,0,0,76
02/23/2013,PHF,VA,AEA,EN,Towers with Radar,5,24,17,0,46,0,0,0,0,0,5,24,17,0,46,0,0,0,46
02/24/2013,PHF,VA,AEA,EN,Towers with Radar,2,41,21,6,70,0,1,21,0,22,2,42,42,6,92,0,0,0,92
02/25/2013,PHF,VA,AEA,EN,Towers with Radar,6,42,20,7,75,0,0,46,6,52,6,42,66,13,127,100,64,164,291
02/26/2013,PHF,VA,AEA,EN,Towers with Radar,4,34,11,7,56,0,0,7,1,8,4,34,18,8,64,20,44,64,128
02/27/2013,PHF,VA,AEA,EN,Towers with Radar,4,44,16,31,95,0,1,32,10,43,4,45,48,41,138,110,256,366,504
02/28/2013,PHF,VA,AEA,EN,Towers with Radar,4,51,18,68,141,0,1,56,18,75,4,52,74,86,216,32,222,254,470
03/01/2013,PHF,VA,AEA,EN,Towers with Radar,6,60,13,16,95,0,0,35,4,39,6,60,48,20,134,130,72,202,336
03/02/2013,PHF,VA,AEA,EN,Towers with Radar,3,22,6,0,31,0,0,66,0,66,3,22,72,0,97,96,0,96,193
03/03/2013,PHF,VA,AEA,EN,Towers with Radar,3,40,9,4,56,0,0,22,0,22,3,40,31,4,78,20,0,20,98
03/04/2013,PHF,VA,AEA,EN,Towers with Radar,8,49,14,27,98,0,0,37,0,37,8,49,51,27,135,36,52,88,223
03/05/2013,PHF,VA,AEA,EN,Towers with Radar,4,49,31,30,114,0,0,39,6,45,4,49,70,36,159,94,156,250,409
03/06/2013,PHF,VA,AEA,EN,Towers with Radar,5,38,10,0,53,0,0,0,0,0,5,38,10,0,53,0,0,0,53
03/07/2013,PHF,VA,AEA,EN,Towers with Radar,4,48,17,17,86,0,0,10,6,16,4,48,27,23,102,4,72,76,178
03/08/2013,PHF,VA,AEA,EN,Towers with Radar,6,53,21,25,105,0,0,32,10,42,6,53,53,35,147,62,240,302,449
03/09/2013,PHF,VA,AEA,EN,Towers with Radar,3,26,18,6,53,0,0,46,4,50,3,26,64,10,103,146,18,164,267
03/10/2013,PHF,VA,AEA,EN,Towers with Radar,3,40,16,0,59,0,0,59,2,61,3,40,75,2,120,136,24,160,280
03/11/2013,PHF,VA,AEA,EN,Towers with Radar,6,50,13,25,94,0,0,32,5,37,6,50,45,30,131,84,104,188,319
03/12/2013,PHF,VA,AEA,EN,Towers with Radar,4,43,13,16,76,0,0,44,5,49,4,43,57,21,125,134,60,194,319
03/13/2013,PHF,VA,AEA,EN,Towers with Radar,4,41,35,30,110,0,0,66,15,81,4,41,101,45,191,158,82,240,431
03/14/2013,PHF,VA,AEA,EN,Towers with Radar,4,56,31,38,129,0,5,67,2,74,4,61,98,40,203,86,58,144,347
03/15/2013,PHF,VA,AEA,EN,Towers with Radar,6,39,20,34,99,0,2,91,7,100,6,41,111,41,199,124,260,384,583
03/16/2013,PHF,VA,AEA,EN,Towers with Radar,3,24,17,7,51,0,0,33,0,33,3,24,50,7,84,66,0,66,150
03/17/2013,PHF,VA,AEA,EN,Towers with Radar,3,31,17,1,52,0,0,0,0,0,3,31,17,1,52,0,0,0,52
03/18/2013,PHF,VA,AEA,EN,Towers with Radar,5,34,11,6,56,0,0,0,0,0,5,34,11,6,56,0,0,0,56
03/19/2013,PHF,VA,AEA,EN,Towers with Radar,4,46,14,29,93,0,0,44,4,48,4,46,58,33,141,144,86,230,371
03/20/2013,PHF,VA,AEA,EN,Towers with Radar,4,48,14,13,79,0,0,36,5,41,4,48,50,18,120,80,104,184,304
03/21/2013,PHF,VA,AEA,EN,Towers with Radar,4,42,10,23,79,0,0,25,8,33,4,42,35,31,112,56,34,90,202
03/22/2013,PHF,VA,AEA,EN,Towers with Radar,6,42,28,22,98,0,1,46,4,51,6,43,74,26,149,78,160,238,387
03/23/2013,PHF,VA,AEA,EN,Towers with Radar,3,32,22,4,61,0,1,74,0,75,3,33,96,4,136,70,24,94,230
03/24/2013,PHF,VA,AEA,EN,Towers with Radar,2,37,8,0,47,0,0,1,0,1,2,37,9,0,48,0,0,0,48
03/25/2013,PHF,VA,AEA,EN,Towers with Radar,6,33,9,28,76,0,0,0,0,0,6,33,9,28,76,0,0,0,76
03/26/2013,PHF,VA,AEA,EN,Towers with Radar,4,61,21,33,119,0,0,30,10,40,4,61,51,43,159,118,64,182,341
03/27/2013,PHF,VA,AEA,EN,Towers with Radar,4,45,34,35,118,0,0,44,3,47,4,45,78,38,165,60,130,190,355
03/28/2013,PHF,VA,AEA,EN,Towers with Radar,4,48,12,39,103,0,0,48,4,52,4,48,60,43,155,86,80,166,321
03/29/2013,PHF,VA,AEA,EN,Towers with Radar,6,42,21,14,83,0,0,77,4,81,6,42,98,18,164,80,74,154,318
03/30/2013,PHF,VA,AEA,EN,Towers with Radar,3,24,14,6,47,0,0,86,0,86,3,24,100,6,133,78,6,84,217
03/31/2013,PHF,VA,AEA,EN,Towers with Radar,3,36,14,0,53,0,0,3,0,3,3,36,17,0,56,0,0,0,56
04/01/2013,PHF,VA,AEA,EN,Towers with Radar,5,38,32,48,123,0,0,50,27,77,5,38,82,75,200,68,94,162,362
04/02/2013,PHF,VA,AEA,EN,Towers with Radar,4,41,9,22,76,0,0,32,6,38,4,41,41,28,114,86,36,122,236
04/03/2013,PHF,VA,AEA,EN,Towers with Radar,4,37,23,55,119,0,0,59,56,115,4,37,82,111,234,84,228,312,546
04/04/2013,PHF,VA,AEA,EN,Towers with Radar,4,35,25,25,89,0,0,60,8,68,4,35,85,33,157,82,72,154,311
04/05/2013,PHF,VA,AEA,EN,Towers with Radar,6,36,20,14,76,0,0,38,0,38,6,36,58,14,114,32,20,52,166
04/06/2013,PHF,VA,AEA,EN,Towers with Radar,3,28,20,0,51,0,0,55,0,55,3,28,75,0,106,90,0,90,196
04/07/2013,PHF,VA,AEA,EN,Towers with Radar,5,34,21,1,61,0,0,78,0,78,5,34,99,1,139,120,0,120,259
04/08/2013,PHF,VA,AEA,EN,Towers with Radar,6,50,20,39,115,0,0,59,15,74,6,50,79,54,189,60,74,134,323
04/09/2013,PHF,VA,AEA,EN,Towers with Radar,6,35,11,39,91,0,1,56,14,71,6,36,67,53,162,70,128,198,360
04/10/2013,PHF,VA,AEA,EN,Towers with Radar,4,40,21,37,102,0,1,40,10,51,4,41,61,47,153,90,104,194,347
04/11/2013,PHF,VA,AEA,EN,Towers with Radar,4,45,27,25,101,0,0,62,26,88,4,45,89,51,189,104,144,248,437
04/12/2013,PHF,VA,AEA,EN,Towers with Radar,6,34,17,10,67,0,0,34,9,43,6,34,51,19,110,26,90,116,226
04/13/2013,PHF,VA,AEA,EN,Towers with Radar,3,28,19,1,51,0,0,82,0,82,3,28,101,1,133,174,0,174,307
04/14/2013,PHF,VA,AEA,EN,Towers with Radar,2,36,12,0,50,0,0,57,0,57,2,36,69,0,107,170,0,170,277
04/15/2013,PHF,VA,AEA,EN,Towers with Radar,6,38,18,9,71,0,1,58,21,80,6,39,76,30,151,140,110,250,401
04/16/2013,PHF,VA,AEA,EN,Towers with Radar,4,36,20,35,95,0,0,48,4,52,4,36,68,39,147,104,30,134,281
04/17/2013,PHF,VA,AEA,EN,Towers with Radar,4,39,37,17,97,0,0,49,9,58,4,39,86,26,155,194,34,228,383
04/18/2013,PHF,VA,AEA,EN,Towers with Radar,4,55,36,25,120,0,0,46,16,62,4,55,82,41,182,52,128,180,362
04/19/2013,PHF,VA,AEA,EN,Towers with Radar,5,37,23,17,82,0,0,0,0,0,5,37,23,17,82,0,0,0,82
04/20/2013,PHF,VA,AEA,EN,Towers with Radar,3,28,32,10,73,0,3,32,2,37,3,31,64,12,110,32,12,44,154
04/21/2013,PHF,VA,AEA,EN,Towers with Radar,3,40,16,10,69,0,0,30,0,30,3,40,46,10,99,46,0,46,145
04/22/2013,PHF,VA,AEA,EN,Towers with Radar,7,39,14,2,62,0,0,41,4,45,7,39,55,6,107,102,30,132,239
04/23/2013,PHF,VA,AEA,EN,Towers with Radar,4,47,22,5,78,0,0,13,4,17,4,47,35,9,95,32,32,64,159
04/24/2013,PHF,VA,AEA,EN,Towers with Radar,4,40,32,10,86,0,0,14,4,18,4,40,46,14,104,40,60,100,204
04/25/2013,PHF,VA,AEA,EN,Towers with Radar,4,42,23,8,77,0,0,70,15,85,4,42,93,23,162,200,184,384,546
04/26/2013,PHF,VA,AEA,EN,Towers with Radar,7,47,39,28,121,0,0,61,22,83,7,47,100,50,204,108,70,178,382
04/27/2013,PHF,VA,AEA,EN,Towers with Radar,2,42,37,1,82,0,0,47,0,47,2,42,84,1,129,106,0,106,235
04/28/2013,PHF,VA,AEA,EN,Towers with Radar,5,50,27,6,88,0,0,38,0,38,5,50,65,6,126,20,0,20,146
04/29/2013,PHF,VA,AEA,EN,Towers with Radar,6,41,19,7,73,0,0,2,0,2,6,41,21,7,75,0,0,0,75
04/30/2013,PHF,VA,AEA,EN,Towers with Radar,4,51,24,9,88,0,0,1,0,1,4,51,25,9,89,0,0,0,89
05/01/2013,PHF,VA,AEA,EN,Towers with Radar,6,59,29,33,127,0,0,13,2,15,6,59,42,35,142,40,28,68,210
05/02/2013,PHF,VA,AEA,EN,Towers with Radar,8,51,23,16,98,0,0,26,7,33,8,51,49,23,131,116,138,254,385
05/03/2013,PHF,VA,AEA,EN,Towers with Radar,6,51,24,22,103,0,0,37,4,41,6,51,61,26,144,48,74,122,266
05/04/2013,PHF,VA,AEA,EN,Towers with Radar,6,25,12,2,45,0,0,8,0,8,6,25,20,2,53,18,0,18,71
05/05/2013,PHF,VA,AEA,EN,Towers with Radar,7,31,24,6,68,0,0,2,0,2,7,31,26,6,70,0,0,0,70
05/06/2013,PHF,VA,AEA,EN,Towers with Radar,10,36,20,20,86,0,0,14,0,14,10,36,34,20,100,60,20,80,180
05/07/2013,PHF,VA,AEA,EN,Towers with Radar,8,31,20,8,67,0,1,7,2,10,8,32,27,10,77,0,18,18,95
05/08/2013,PHF,VA,AEA,EN,Towers with Radar,4,36,35,6,81,0,0,1,0,1,4,36,36,6,82,0,0,0,82
05/09/2013,PHF,VA,AEA,EN,Towers with Radar,8,33,37,19,97,0,0,71,20,91,8,33,108,39,188,72,168,240,428
05/10/2013,PHF,VA,AEA,EN,Towers with Radar,8,39,29,6,82,0,0,55,14,69,8,39,84,20,151,154,132,286,437
05/11/2013,PHF,VA,AEA,EN,Towers with Radar,4,28,19,1,52,0,0,27,0,27,4,28,46,1,79,26,0,26,105
05/12/2013,PHF,VA,AEA,EN,Towers with Radar,8,32,16,0,56,0,0,6,0,6,8,32,22,0,62,0,0,0,62
05/13/2013,PHF,VA,AEA,EN,Towers with Radar,10,40,24,26,100,0,0,47,8,55,10,40,71,34,155,162,86,248,403
05/14/2013,PHF,VA,AEA,EN,Towers with Radar,10,35,12,14,71,0,0,50,8,58,10,35,62,22,129,216,110,326,455
05/15/2013,PHF,VA,AEA,EN,Towers with Radar,6,30,25,24,85,0,0,52,5,57,6,30,77,29,142,170,142,312,454
05/16/2013,PHF,VA,AEA,EN,Towers with Radar,9,36,19,18,82,0,0,77,17,94,9,36,96,35,176,160,176,336,512
05/17/2013,PHF,VA,AEA,EN,Towers with Radar,12,30,25,23,90,0,0,56,15,71,12,30,81,38,161,92,168,260,421
05/18/2013,PHF,VA,AEA,EN,Towers with Radar,9,20,12,11,52,0,0,18,0,18,9,20,30,11,70,44,0,44,114
05/19/2013,PHF,VA,AEA,EN,Towers with Radar,8,28,16,4,56,0,0,22,0,22,8,28,38,4,78,26,0,26,104
05/20/2013,PHF,VA,AEA,EN,Towers with Radar,8,49,10,34,101,0,0,27,3,30,8,49,37,37,131,108,82,190,321
05/21/2013,PHF,VA,AEA,EN,Towers with Radar,6,45,39,19,109,0,0,36,5,41,6,45,75,24,150,158,112,270,420
05/22/2013,PHF,VA,AEA,EN,Towers with Radar,6,44,35,32,117,0,0,22,9,31,6,44,57,41,148,48,92,140,288
05/23/2013,PHF,VA,AEA,EN,Towers with Radar,9,38,31,6,84,0,0,18,4,22,9,38,49,10,106,26,34,60,166
05/24/2013,PHF,VA,AEA,EN,Towers with Radar,6,41,31,7,85,0,0,32,0,32,6,41,63,7,117,14,12,26,143
05/25/2013,PHF,VA,AEA,EN,Towers with Radar,4,27,14,0,45,0,0,18,0,18,4,27,32,0,63,20,0,20,83
05/26/2013,PHF,VA,AEA,EN,Towers with Radar,6,28,4,0,38,0,0,53,0,53,6,28,57,0,91,44,0,44,135
05/27/2013,PHF,VA,AEA,EN,Towers with Radar,8,36,24,0,68,0,0,94,0,94,8,36,118,0,162,184,0,184,346
05/28/2013,PHF,VA,AEA,EN,Towers with Radar,8,42,15,19,84,0,0,52,14,66,8,42,67,33,150,166,200,366,516
05/29/2013,PHF,VA,AEA,EN,Towers with Radar,6,45,16,37,104,0,0,43,10,53,6,45,59,47,157,172,186,358,515
05/30/2013,PHF,VA,AEA,EN,Towers with Radar,8,32,26,20,86,0,0,87,24,111,8,32,113,44,197,124,192,316,513
05/31/2013,PHF,VA,AEA,EN,Towers with Radar,8,38,14,27,87,0,0,46,10,56,8,38,60,37,143,94,136,230,373
06/01/2013,PHF,VA,AEA,EN,Towers with Radar,5,33,10,5,53,0,0,75,5,80,5,33,85,10,133,127,58,185,318
06/02/2013,PHF,VA,AEA,EN,Towers with Radar,8,50,25,4,87,0,0,15,0,15,8,50,40,4,102,8,0,8,110
06/03/2013,PHF,VA,AEA,EN,Towers with Radar,11,51,17,20,99,0,1,12,11,24,11,52,29,31,123,42,140,182,305
06/04/2013,PHF,VA,AEA,EN,Towers with Radar,9,74,20,27,130,0,0,47,56,103,9,74,67,83,233,82,164,246,479
06/05/2013,PHF,VA,AEA,EN,Towers with Radar,6,54,25,40,125,0,1,60,13,74,6,55,85,53,199,192,216,408,607
06/06/2013,PHF,VA,AEA,EN,Towers with Radar,13,59,8,12,92,0,0,30,4,34,13,59,38,16,126,62,66,128,254
06/07/2013,PHF,VA,AEA,EN,Towers with Radar,8,24,8,8,48,0,0,3,0,3,8,24,11,8,51,0,0,0,51
06/08/2013,PHF,VA,AEA,EN,Towers with Radar,5,34,13,9,61,0,0,10,0,10,5,34,23,9,71,20,0,20,91
06/09/2013,PHF,VA,AEA,EN,Towers with Radar,8,40,10,5,63,0,0,26,0,26,8,40,36,5,89,22,0,22,111
06/10/2013,PHF,VA,AEA,EN,Towers with Radar,10,22,19,9,60,0,0,2,0,2,10,22,21,9,62,0,0,0,62
06/11/2013,PHF,VA,AEA,EN,Towers with Radar,8,26,13,13,60,0,0,66,15,81,8,26,79,28,141,138,82,220,361
06/12/2013,PHF,VA,AEA,EN,Towers with Radar,6,39,30,18,93,0,0,36,0,36,6,39,66,18,129,44,66,110,239
06/13/2013,PHF,VA,AEA,EN,Towers with Radar,6,27,16,20,69,0,0,52,8,60,6,27,68,28,129,56,112,168,297
06/14/2013,PHF,VA,AEA,EN,Towers with Radar,8,29,23,10,70,0,0,42,1,43,8,29,65,11,113,58,14,72,185
06/15/2013,PHF,VA,AEA,EN,Towers with Radar,5,28,6,0,39,0,0,90,2,92,5,28,96,2,131,98,24,122,253
06/16/2013,PHF,VA,AEA,EN,Towers with Radar,7,34,11,0,52,0,0,25,0,25,7,34,36,0,77,0,0,0,77
06/17/2013,PHF,VA,AEA,EN,Towers with Radar,10,33,35,14,92,0,0,82,16,98,10,33,117,30,190,160,120,280,470
06/18/2013,PHF,VA,AEA,EN,Towers with Radar,6,32,24,21,83,0,0,13,0,13,6,32,37,21,96,20,0,20,116
06/19/2013,PHF,VA,AEA,EN,Towers with Radar,6,39,35,22,102,0,1,24,3,28,6,40,59,25,130,40,0,40,170
06/20/2013,PHF,VA,AEA,EN,Towers with Radar,8,45,19,19,91,0,1,66,12,79,8,46,85,31,170,158,116,274,444
06/21/2013,PHF,VA,AEA,EN,Towers with Radar,8,30,24,29,91,0,0,37,1,38,8,30,61,30,129,42,4,46,175
06/22/2013,PHF,VA,AEA,EN,Towers with Radar,4,25,11,0,40,0,0,64,4,68,4,25,75,4,108,144,12,156,264
06/23/2013,PHF,VA,AEA,EN,Towers with Radar,6,32,17,0,55,0,0,27,0,27,6,32,44,0,82,38,0,38,120
06/24/2013,PHF,VA,AEA,EN,Towers with Radar,10,30,20,7,67,0,0,55,15,70,10,30,75,22,137,56,64,120,257
06/25/2013,PHF,VA,AEA,EN,Towers with Radar,8,40,16,18,82,0,0,30,7,37,8,40,46,25,119,38,66,104,223
06/26/2013,PHF,VA,AEA,EN,Towers with Radar,6,38,20,6,70,0,0,71,11,82,6,38,91,17,152,182,72,254,406
06/27/2013,PHF,VA,AEA,EN,Towers with Radar,10,36,9,14,69,0,0,38,9,47,10,36,47,23,116,66,68,134,250
06/28/2013,PHF,VA,AEA,EN,Towers with Radar,8,32,13,13,66,0,0,77,8,85,8,32,90,21,151,66,108,174,325
06/29/2013,PHF,VA,AEA,EN,Towers with Radar,4,23,12,0,39,0,0,30,0,30,4,23,42,0,69,44,0,44,113
06/30/2013,PHF,VA,AEA,EN,Towers with Radar,7,30,6,0,43,0,0,21,0,21,7,30,27,0,64,64,0,64,128
07/01/2013,PHF,VA,AEA,EN,Towers with Radar,10,23,10,17,60,0,0,59,5,64,10,23,69,22,124,92,36,128,252
07/02/2013,PHF,VA,AEA,EN,Towers with Radar,10,35,15,37,97,0,0,36,4,40,10,35,51,41,137,68,34,102,239
07/03/2013,PHF,VA,AEA,EN,Towers with Radar,5,25,23,12,65,0,0,3,2,5,5,25,26,14,70,0,0,0,70
07/04/2013,PHF,VA,AEA,EN,Towers with Radar,7,22,18,0,47,0,0,64,0,64,7,22,82,0,111,88,0,88,199
07/05/2013,PHF,VA,AEA,EN,Towers with Radar,7,25,27,2,61,0,0,51,0,51,7,25,78,2,112,156,0,156,268
07/06/2013,PHF,VA,AEA,EN,Towers with Radar,5,23,11,0,39,0,1,43,0,44,5,24,54,0,83,100,0,100,183
07/07/2013,PHF,VA,AEA,EN,Towers with Radar,5,37,18,0,60,0,0,28,0,28,5,37,46,0,88,64,0,64,152
07/08/2013,PHF,VA,AEA,EN,Towers with Radar,10,37,25,40,112,0,0,38,9,47,10,37,63,49,159,68,82,150,309
07/09/2013,PHF,VA,AEA,EN,Towers with Radar,14,42,41,23,120,0,0,59,10,69,14,42,100,33,189,152,60,212,401
07/10/2013,PHF,VA,AEA,EN,Towers with Radar,5,34,24,42,105,0,0,48,6,54,5,34,72,48,159,131,46,177,336
07/11/2013,PHF,VA,AEA,EN,Towers with Radar,8,27,46,16,97,0,0,51,12,63,8,27,97,28,160,48,78,126,286
07/12/2013,PHF,VA,AEA,EN,Towers with Radar,8,28,20,14,70,0,0,40,4,44,8,28,60,18,114,16,0,16,130
07/13/2013,PHF,VA,AEA,EN,Towers with Radar,4,23,7,6,40,0,0,15,0,15,4,23,22,6,55,14,0,14,69
07/14/2013,PHF,VA,AEA,EN,Towers with Radar,4,39,13,0,56,0,0,33,0,33,4,39,46,0,89,76,0,76,165
07/15/2013,PHF,VA,AEA,EN,Towers with Radar,9,38,21,13,81,0,0,64,7,71,9,38,85,20,152,142,94,236,388
07/16/2013,PHF,VA,AEA,EN,Towers with Radar,11,37,16,18,82,0,2,62,8,72,11,39,78,26,154,146,52,198,352
07/17/2013,PHF,VA,AEA,EN,Towers with Radar,6,39,26,38,109,0,0,55,8,63,6,39,81,46,172,122,130,252,424
07/18/2013,PHF,VA,AEA,EN,Towers with Radar,8,31,20,10,69,0,0,55,0,55,8,31,75,10,124,152,0,152,276
07/19/2013,PHF,VA,AEA,EN,Towers with Radar,6,38,14,8,66,0,0,74,12,86,6,38,88,20,152,140,132,272,424
07/20/2013,PHF,VA,AEA,EN,Towers with Radar,4,28,12,4,48,0,0,19,0,19,4,28,31,4,67,34,0,34,101
07/21/2013,PHF,VA,AEA,EN,Towers with Radar,4,37,5,3,49,0,0,29,0,29,4,37,34,3,78,52,0,52,130
07/22/2013,PHF,VA,AEA,EN,Towers with Radar,10,29,16,6,61,0,0,4,2,6,10,29,20,8,67,0,0,0,67
07/23/2013,PHF,VA,AEA,EN,Towers with Radar,8,37,20,40,105,0,0,72,20,92,8,37,92,60,197,222,158,380,577
07/24/2013,PHF,VA,AEA,EN,Towers with Radar,4,38,28,26,96,0,0,43,5,48,4,38,71,31,144,94,12,106,250
07/25/2013,PHF,VA,AEA,EN,Towers with Radar,8,43,16,19,86,0,0,62,14,76,8,43,78,33,162,156,142,298,460
07/26/2013,PHF,VA,AEA,EN,Towers with Radar,8,28,41,34,111,0,0,89,9,98,8,28,130,43,209,104,102,206,415
07/27/2013,PHF,VA,AEA,EN,Towers with Radar,2,30,17,0,49,0,0,20,0,20,2,30,37,0,69,44,0,44,113
07/28/2013,PHF,VA,AEA,EN,Towers with Radar,4,32,23,0,59,0,0,31,0,31,4,32,54,0,90,46,0,46,136
07/29/2013,PHF,VA,AEA,EN,Towers with Radar,8,38,24,19,89,0,0,71,5,76,8,38,95,24,165,172,18,190,355
07/30/2013,PHF,VA,AEA,EN,Towers with Radar,8,39,17,20,84,0,0,40,0,40,8,39,57,20,124,38,68,106,230
07/31/2013,PHF,VA,AEA,EN,Towers with Radar,6,39,22,36,103,0,0,75,1,76,6,39,97,37,179,160,80,240,419
08/01/2013,PHF,VA,AEA,EN,Towers with Radar,7,41,16,21,85,0,0,16,2,18,7,41,32,23,103,0,16,16,119
08/02/2013,PHF,VA,AEA,EN,Towers with Radar,7,35,19,15,76,0,0,77,5,82,7,35,96,20,158,116,38,154,312
08/03/2013,PHF,VA,AEA,EN,Towers with Radar,4,27,6,0,37,0,0,21,0,21,4,27,27,0,58,74,0,74,132
08/04/2013,PHF,VA,AEA,EN,Towers with Radar,5,33,25,0,63,0,0,35,4,39,5,33,60,4,102,102,2,104,206
08/05/2013,PHF,VA,AEA,EN,Towers with Radar,9,34,23,17,83,0,1,64,9,74,9,35,87,26,157,132,36,168,325
08/06/2013,PHF,VA,AEA,EN,Towers with Radar,8,44,27,17,96,0,0,8,1,9,8,44,35,18,105,18,2,20,125
08/07/2013,PHF,VA,AEA,EN,Towers with Radar,6,30,28,22,86,0,0,46,4,50,6,30,74,26,136,60,118,178,314
08/08/2013,PHF,VA,AEA,EN,Towers with Radar,8,35,17,31,91,0,0,23,2,25,8,35,40,33,116,64,44,108,224
08/09/2013,PHF,VA,AEA,EN,Towers with Radar,8,29,27,7,71,0,1,32,1,34,8,30,59,8,105,88,46,134,239
08/10/2013,PHF,VA,AEA,EN,Towers with Radar,4,24,22,10,60,0,0,47,0,47,4,24,69,10,107,82,0,82,189
08/11/2013,PHF,VA,AEA,EN,Towers with Radar,5,34,23,3,65,0,0,23,0,23,5,34,46,3,88,24,0,24,112
08/12/2013,PHF,VA,AEA,EN,Towers with Radar,9,43,19,49,120,0,0,62,18,80,9,43,81,67,200,76,216,292,492
08/13/2013,PHF,VA,AEA,EN,Towers with Radar,9,39,6,31,85,0,0,20,13,33,9,39,26,44,118,10,92,102,220
08/14/2013,PHF,VA,AEA,EN,Towers with Radar,6,33,28,31,98,0,0,32,10,42,6,33,60,41,140,52,94,146,286
08/15/2013,PHF,VA,AEA,EN,Towers with Radar,8,42,18,26,94,0,0,21,2,23,8,42,39,28,117,52,16,68,185
08/16/2013,PHF,VA,AEA,EN,Towers with Radar,6,38,29,39,112,0,2,79,14,95,6,40,108,53,207,84,118,202,409
08/17/2013,PHF,VA,AEA,EN,Towers with Radar,4,24,23,5,56,0,0,9,0,9,4,24,32,5,65,8,0,8,73
08/18/2013,PHF,VA,AEA,EN,Towers with Radar,5,37,17,4,63,0,0,0,0,0,5,37,17,4,63,0,0,0,63
08/19/2013,PHF,VA,AEA,EN,Towers with Radar,7,50,19,69,145,0,0,3,1,4,7,50,22,70,149,4,72,76,225
08/20/2013,PHF,VA,AEA,EN,Towers with Radar,11,38,22,28,99,0,0,26,6,32,11,38,48,34,131,70,72,142,273
08/21/2013,PHF,VA,AEA,EN,Towers with Radar,8,50,16,40,114,0,0,14,0,14,8,50,30,40,128,86,42,128,256
08/22/2013,PHF,VA,AEA,EN,Towers with Radar,7,47,16,46,116,0,0,27,7,34,7,47,43,53,150,34,68,102,252
08/23/2013,PHF,VA,AEA,EN,Towers with Radar,5,40,29,21,95,0,0,66,6,72,5,40,95,27,167,60,68,128,295
08/24/2013,PHF,VA,AEA,EN,Towers with Radar,3,27,14,0,44,0,1,49,4,54,3,28,63,4,98,94,30,124,222
08/25/2013,PHF,VA,AEA,EN,Towers with Radar,5,31,11,4,51,0,0,52,0,52,5,31,63,4,103,80,0,80,183
08/26/2013,PHF,VA,AEA,EN,Towers with Radar,7,56,28,33,124,0,0,72,18,90,7,56,100,51,214,150,70,220,434
08/27/2013,PHF,VA,AEA,EN,Towers with Radar,8,44,22,33,107,0,0,41,12,53,8,44,63,45,160,114,78,192,352
08/28/2013,PHF,VA,AEA,EN,Towers with Radar,10,43,24,24,101,0,0,23,7,30,10,43,47,31,131,56,66,122,253
08/29/2013,PHF,VA,AEA,EN,Towers with Radar,8,37,23,8,76,0,0,67,13,80,8,37,90,21,156,170,84,254,410
08/30/2013,PHF,VA,AEA,EN,Towers with Radar,6,33,21,12,72,0,1,113,6,120,6,34,134,18,192,163,72,235,427
08/31/2013,PHF,VA,AEA,EN,Towers with Radar,4,21,10,0,35,0,0,45,0,45,4,21,55,0,80,2,0,2,82
09/01/2013,PHF,VA,AEA,EN,Towers with Radar,7,27,1,0,35,0,0,25,0,25,7,27,26,0,60,20,0,20,80
09/02/2013,PHF,VA,AEA,EN,Towers with Radar,9,27,28,0,64,0,0,11,0,11,9,27,39,0,75,0,0,0,75
09/03/2013,PHF,VA,AEA,EN,Towers with Radar,8,26,22,8,64,0,0,26,1,27,8,26,48,9,91,32,18,50,141
09/04/2013,PHF,VA,AEA,EN,Towers with Radar,3,28,19,16,66,0,0,31,2,33,3,28,50,18,99,62,22,84,183
09/05/2013,PHF,VA,AEA,EN,Towers with Radar,5,46,15,12,78,0,0,12,3,15,5,46,27,15,93,44,44,88,181
09/06/2013,PHF,VA,AEA,EN,Towers with Radar,3,38,27,8,76,0,0,77,17,94,3,38,104,25,170,60,80,140,310
09/07/2013,PHF,VA,AEA,EN,Towers with Radar,1,22,14,0,37,0,0,57,0,57,1,22,71,0,94,90,0,90,184
09/08/2013,PHF,VA,AEA,EN,Towers with Radar,5,29,15,0,49,0,0,47,3,50,5,29,62,3,99,132,0,132,231
09/09/2013,PHF,VA,AEA,EN,Towers with Radar,3,39,14,8,64,0,0,32,4,36,3,39,46,12,100,50,26,76,176
09/10/2013,PHF,VA,AEA,EN,Towers with Radar,4,36,16,9,65,0,0,32,1,33,4,36,48,10,98,46,0,46,144
09/11/2013,PHF,VA,AEA,EN,Towers with Radar,4,35,24,16,79,0,0,56,7,63,4,35,80,23,142,122,70,192,334
09/12/2013,PHF,VA,AEA,EN,Towers with Radar,5,37,9,17,68,0,0,15,3,18,5,37,24,20,86,14,46,60,146
09/13/2013,PHF,VA,AEA,EN,Towers with Radar,5,30,25,7,67,0,0,21,0,21,5,30,46,7,88,46,26,72,160
09/14/2013,PHF,VA,AEA,EN,Towers with Radar,2,22,13,0,37,6,0,63,1,70,8,22,76,1,107,69,0,69,176
09/15/2013,PHF,VA,AEA,EN,Towers with Radar,5,38,24,0,67,0,0,73,0,73,5,38,97,0,140,158,0,158,298
09/16/2013,PHF,VA,AEA,EN,Towers with Radar,3,39,18,3,63,0,0,38,7,45,3,39,56,10,108,116,34,150,258
09/17/2013,PHF,VA,AEA,EN,Towers with Radar,4,41,21,24,90,0,0,39,2,41,4,41,60,26,131,86,20,106,237
09/18/2013,PHF,VA,AEA,EN,Towers with Radar,4,41,26,22,93,0,0,26,3,29,4,41,52,25,122,22,34,56,178
09/19/2013,PHF,VA,AEA,EN,Towers with Radar,5,46,25,6,82,0,0,41,9,50,5,46,66,15,132,120,132,252,384
09/20/2013,PHF,VA,AEA,EN,Towers with Radar,3,42,29,14,88,0,0,56,8,64,3,42,85,22,152,96,100,196,348
09/21/2013,PHF,VA,AEA,EN,Towers with Radar,1,21,14,10,46,0,0,20,0,20,1,21,34,10,66,40,0,40,106
09/22/2013,PHF,VA,AEA,EN,Towers with Radar,5,39,10,2,56,0,0,21,0,21,5,39,31,2,77,82,0,82,159
09/23/2013,PHF,VA,AEA,EN,Towers with Radar,3,49,19,5,76,0,0,43,6,49,3,49,62,11,125,52,38,90,215
09/24/2013,PHF,VA,AEA,EN,Towers with Radar,4,33,23,16,76,0,0,28,4,32,4,33,51,20,108,68,20,88,196
09/25/2013,PHF,VA,AEA,EN,Towers with Radar,4,35,13,43,95,0,0,21,7,28,4,35,34,50,123,42,32,74,197
09/26/2013,PHF,VA,AEA,EN,Towers with Radar,5,36,27,16,84,0,0,29,4,33,5,36,56,20,117,76,54,130,247
09/27/2013,PHF,VA,AEA,EN,Towers with Radar,3,40,26,26,95,0,0,79,12,91,3,40,105,38,186,62,142,204,390
09/28/2013,PHF,VA,AEA,EN,Towers with Radar,1,29,10,0,40,0,0,34,2,36,1,29,44,2,76,90,28,118,194
09/29/2013,PHF,VA,AEA,EN,Towers with Radar,5,30,29,8,72,0,0,14,0,14,5,30,43,8,86,38,0,38,124
09/30/2013,PHF,VA,AEA,EN,Towers with Radar,2,45,25,19,91,0,0,86,0,86,2,45,111,19,177,112,38,150,327
10/01/2013,PHF,VA,AEA,EN,Towers with Radar,4,64,24,24,116,0,0,33,10,43,4,64,57,34,159,70,82,152,311
10/02/2013,PHF,VA,AEA,EN,Towers with Radar,4,30,35,16,85,0,0,52,19,71,4,30,87,35,156,178,74,252,408
10/03/2013,PHF,VA,AEA,EN,Towers with Radar,7,39,24,19,89,0,0,12,2,14,7,39,36,21,103,24,28,52,155
10/04/2013,PHF,VA,AEA,EN,Towers with Radar,5,33,23,10,71,0,0,31,2,33,5,33,54,12,104,46,24,70,174
10/05/2013,PHF,VA,AEA,EN,Towers with Radar,3,18,11,0,32,0,0,19,0,19,3,18,30,0,51,60,0,60,111
10/06/2013,PHF,VA,AEA,EN,Towers with Radar,7,28,18,0,53,0,0,30,0,30,7,28,48,0,83,78,0,78,161
10/07/2013,PHF,VA,AEA,EN,Towers with Radar,7,38,9,10,64,0,0,30,0,30,7,38,39,10,94,42,14,56,150
10/08/2013,PHF,VA,AEA,EN,Towers with Radar,6,34,12,40,92,0,0,46,8,54,6,34,58,48,146,50,72,122,268
10/09/2013,PHF,VA,AEA,EN,Towers with Radar,6,30,28,0,64,0,0,1,0,1,6,30,29,0,65,0,0,0,65
10/10/2013,PHF,VA,AEA,EN,Towers with Radar,7,34,9,0,50,0,0,0,0,0,7,34,9,0,50,0,0,0,50
10/11/2013,PHF,VA,AEA,EN,Towers with Radar,5,29,31,26,91,0,0,0,0,0,5,29,31,26,91,0,0,0,91
10/12/2013,PHF,VA,AEA,EN,Towers with Radar,3,23,6,0,32,0,0,0,0,0,3,23,6,0,32,0,0,0,32
10/13/2013,PHF,VA,AEA,EN,Towers with Radar,7,28,12,0,47,0,0,0,0,0,7,28,12,0,47,0,0,0,47
10/14/2013,PHF,VA,AEA,EN,Towers with Radar,5,35,17,0,57,0,0,7,0,7,5,35,24,0,64,0,0,0,64
10/15/2013,PHF,VA,AEA,EN,Towers with Radar,6,46,30,36,118,0,0,3,0,3,6,46,33,36,121,0,0,0,121
10/16/2013,PHF,VA,AEA,EN,Towers with Radar,4,51,39,21,115,0,1,29,0,30,4,52,68,21,145,50,0,50,195
10/17/2013,PHF,VA,AEA,EN,Towers with Radar,7,37,16,36,96,0,0,35,14,49,7,37,51,50,145,60,126,186,331
10/18/2013,PHF,VA,AEA,EN,Towers with Radar,9,34,33,25,101,0,0,137,11,148,9,34,170,36,249,100,76,176,425
10/19/2013,PHF,VA,AEA,EN,Towers with Radar,5,20,31,8,64,0,0,6,0,6,5,20,37,8,70,0,0,0,70
10/20/2013,PHF,VA,AEA,EN,Towers with Radar,7,32,35,0,74,0,0,94,0,94,7,32,129,0,168,146,0,146,314
10/21/2013,PHF,VA,AEA,EN,Towers with Radar,7,41,29,10,87,0,0,56,9,65,7,41,85,19,152,124,92,216,368
10/22/2013,PHF,VA,AEA,EN,Towers with Radar,6,39,22,42,109,0,0,12,1,13,6,39,34,43,122,0,4,4,126
10/23/2013,PHF,VA,AEA,EN,Towers with Radar,6,30,39,34,109,0,0,21,1,22,6,30,60,35,131,34,12,46,177
10/24/2013,PHF,VA,AEA,EN,Towers with Radar,6,32,34,30,102,0,0,32,8,40,6,32,66,38,142,178,44,222,364
10/25/2013,PHF,VA,AEA,EN,Towers with Radar,7,36,22,4,69,0,0,101,6,107,7,36,123,10,176,104,52,156,332
10/26/2013,PHF,VA,AEA,EN,Towers with Radar,4,20,11,1,36,0,0,36,0,36,4,20,47,1,72,16,0,16,88
10/27/2013,PHF,VA,AEA,EN,Towers with Radar,7,40,17,6,70,0,0,60,0,60,7,40,77,6,130,82,0,82,212
10/28/2013,PHF,VA,AEA,EN,Towers with Radar,7,36,29,18,90,0,0,56,6,62,7,36,85,24,152,144,48,192,344
10/29/2013,PHF,VA,AEA,EN,Towers with Radar,6,43,33,23,105,0,0,10,1,11,6,43,43,24,116,0,0,0,116
10/30/2013,PHF,VA,AEA,EN,Towers with Radar,6,37,16,39,98,0,0,27,2,29,6,37,43,41,127,110,76,186,313
10/31/2013,PHF,VA,AEA,EN,Towers with Radar,7,46,20,36,109,0,0,34,10,44,7,46,54,46,153,148,64,212,365
11/01/2013,PHF,VA,AEA,EN,Towers with Radar,7,36,12,10,65,0,0,17,0,17,7,36,29,10,82,0,0,0,82
11/02/2013,PHF,VA,AEA,EN,Towers with Radar,3,18,17,8,46,0,0,54,0,54,3,18,71,8,100,64,18,82,182
11/03/2013,PHF,VA,AEA,EN,Towers with Radar,7,37,14,1,59,0,0,36,0,36,7,37,50,1,95,42,0,42,137
11/04/2013,PHF,VA,AEA,EN,Towers with Radar,7,37,14,25,83,0,0,68,13,81,7,37,82,38,164,140,56,196,360
11/05/2013,PHF,VA,AEA,EN,Towers with Radar,6,39,16,22,83,0,0,40,17,57,6,39,56,39,140,124,52,176,316
11/06/2013,PHF,VA,AEA,EN,Towers with Radar,5,48,29,29,111,0,0,47,11,58,5,48,76,40,169,104,134,238,407
11/07/2013,PHF,VA,AEA,EN,Towers with Radar,7,42,27,53,129,0,0,11,3,14,7,42,38,56,143,32,136,168,311
11/08/2013,PHF,VA,AEA,EN,Towers with Radar,8,32,27,24,91,0,0,19,0,19,8,32,46,24,110,40,34,74,184
11/09/2013,PHF,VA,AEA,EN,Towers with Radar,5,26,19,0,50,0,0,42,0,42,5,26,61,0,92,53,0,53,145
11/10/2013,PHF,VA,AEA,EN,Towers with Radar,7,31,5,0,43,0,0,30,0,30,7,31,35,0,73,8,0,8,81
11/11/2013,PHF,VA,AEA,EN,Towers with Radar,7,29,21,3,60,0,0,8,0,8,7,29,29,3,68,0,0,0,68
11/12/2013,PHF,VA,AEA,EN,Towers with Radar,8,48,17,11,84,0,0,22,2,24,8,48,39,13,108,0,14,14,122
11/13/2013,PHF,VA,AEA,EN,Towers with Radar,7,50,20,15,92,0,0,11,6,17,7,50,31,21,109,0,56,56,165
11/14/2013,PHF,VA,AEA,EN,Towers with Radar,6,46,36,20,108,0,1,35,27,63,6,47,71,47,171,134,76,210,381
11/15/2013,PHF,VA,AEA,EN,Towers with Radar,14,52,45,9,120,0,0,71,14,85,14,52,116,23,205,64,46,110,315
11/16/2013,PHF,VA,AEA,EN,Towers with Radar,5,22,17,0,44,0,0,4,0,4,5,22,21,0,48,20,0,20,68
11/17/2013,PHF,VA,AEA,EN,Towers with Radar,5,29,15,0,49,0,0,19,0,19,5,29,34,0,68,34,0,34,102
11/18/2013,PHF,VA,AEA,EN,Towers with Radar,8,52,27,27,114,0,0,32,12,44,8,52,59,39,158,70,50,120,278
11/19/2013,PHF,VA,AEA,EN,Towers with Radar,6,39,23,10,78,0,0,56,12,68,6,39,79,22,146,78,96,174,320
11/20/2013,PHF,VA,AEA,EN,Towers with Radar,6,38,44,28,116,0,0,33,20,53,6,38,77,48,169,96,112,208,377
11/21/2013,PHF,VA,AEA,EN,Towers with Radar,6,48,29,23,106,0,0,36,6,42,6,48,65,29,148,52,48,100,248
11/22/2013,PHF,VA,AEA,EN,Towers with Radar,8,44,29,9,90,0,0,19,0,19,8,44,48,9,109,54,5,59,168
11/23/2013,PHF,VA,AEA,EN,Towers with Radar,5,23,9,4,41,0,0,31,0,31,5,23,40,4,72,40,20,60,132
11/24/2013,PHF,VA,AEA,EN,Towers with Radar,5,37,5,8,55,0,0,0,0,0,5,37,5,8,55,0,0,0,55
11/25/2013,PHF,VA,AEA,EN,Towers with Radar,7,47,25,14,93,0,0,49,4,53,7,47,74,18,146,72,28,100,246
11/26/2013,PHF,VA,AEA,EN,Towers with Radar,7,38,9,14,68,0,0,0,0,0,7,38,9,14,68,0,0,0,68
11/27/2013,PHF,VA,AEA,EN,Towers with Radar,6,37,10,0,53,0,0,1,0,1,6,37,11,0,54,0,0,0,54
11/28/2013,PHF,VA,AEA,EN,Towers with Radar,4,16,5,0,25,0,0,5,0,5,4,16,10,0,30,0,0,0,30
11/29/2013,PHF,VA,AEA,EN,Towers with Radar,7,17,18,2,44,0,0,41,0,41,7,17,59,2,85,42,0,42,127
11/30/2013,PHF,VA,AEA,EN,Towers with Radar,3,29,10,5,47,0,0,30,0,30,3,29,40,5,77,64,4,68,145
12/01/2013,PHF,VA,AEA,EN,Towers with Radar,8,38,24,0,70,0,0,14,0,14,8,38,38,0,84,4,0,4,88
12/02/2013,PHF,VA,AEA,EN,Towers with Radar,5,42,22,29,98,0,0,27,5,32,5,42,49,34,130,24,70,94,224
12/03/2013,PHF,VA,AEA,EN,Towers with Radar,6,41,12,31,90,0,0,55,5,60,6,41,67,36,150,142,64,206,356
12/04/2013,PHF,VA,AEA,EN,Towers with Radar,6,33,17,20,76,0,0,6,2,8,6,33,23,22,84,18,52,70,154
12/05/2013,PHF,VA,AEA,EN,Towers with Radar,7,52,16,45,120,0,0,6,0,6,7,52,22,45,126,24,12,36,162
12/06/2013,PHF,VA,AEA,EN,Towers with Radar,8,28,36,20,92,0,0,18,1,19,8,28,54,21,111,26,40,66,177
12/07/2013,PHF,VA,AEA,EN,Towers with Radar,5,17,8,0,30,0,0,11,0,11,5,17,19,0,41,12,0,12,53
12/08/2013,PHF,VA,AEA,EN,Towers with Radar,7,19,9,0,35,0,0,0,0,0,7,19,9,0,35,0,0,0,35
12/09/2013,PHF,VA,AEA,EN,Towers with Radar,8,25,10,6,49,0,0,0,0,0,8,25,10,6,49,0,0,0,49
12/10/2013,PHF,VA,AEA,EN,Towers with Radar,6,34,8,27,75,0,0,61,8,69,6,34,69,35,144,110,32,142,286
12/11/2013,PHF,VA,AEA,EN,Towers with Radar,7,30,24,24,85,0,0,49,14,63,7,30,73,38,148,146,86,232,380
12/12/2013,PHF,VA,AEA,EN,Towers with Radar,5,38,17,41,101,0,0,14,3,17,5,38,31,44,118,4,26,30,148
12/13/2013,PHF,VA,AEA,EN,Towers with Radar,8,32,30,9,79,0,0,106,4,110,8,32,136,13,189,72,60,132,321
12/14/2013,PHF,VA,AEA,EN,Towers with Radar,5,18,14,0,37,0,0,10,0,10,5,18,24,0,47,0,0,0,47
12/15/2013,PHF,VA,AEA,EN,Towers with Radar,4,30,7,4,45,0,0,16,0,16,4,30,23,4,61,30,0,30,91
12/16/2013,PHF,VA,AEA,EN,Towers with Radar,7,33,21,5,66,0,0,57,8,65,7,33,78,13,131,114,84,198,329
12/17/2013,PHF,VA,AEA,EN,Towers with Radar,6,34,18,20,78,0,0,31,8,39,6,34,49,28,117,80,90,170,287
12/18/2013,PHF,VA,AEA,EN,Towers with Radar,6,40,21,10,77,0,0,38,10,48,6,40,59,20,125,114,112,226,351
12/19/2013,PHF,VA,AEA,EN,Towers with Radar,4,31,14,24,73,0,0,19,4,23,4,31,33,28,96,20,40,60,156
12/20/2013,PHF,VA,AEA,EN,Towers with Radar,6,31,24,4,65,0,0,42,6,48,6,31,66,10,113,44,42,86,199
12/21/2013,PHF,VA,AEA,EN,Towers with Radar,5,27,7,0,39,0,0,31,0,31,5,27,38,0,70,20,0,20,90
12/22/2013,PHF,VA,AEA,EN,Towers with Radar,2,30,11,0,43,0,0,0,0,0,2,30,11,0,43,0,0,0,43
12/23/2013,PHF,VA,AEA,EN,Towers with Radar,6,31,6,5,48,0,0,0,0,0,6,31,6,5,48,0,0,0,48
12/24/2013,PHF,VA,AEA,EN,Towers with Radar,1,29,5,0,35,0,0,50,3,53,1,29,55,3,88,90,24,114,202
12/25/2013,PHF,VA,AEA,EN,Towers with Radar,1,23,1,0,25,0,0,2,0,2,1,23,3,0,27,0,0,0,27
12/26/2013,PHF,VA,AEA,EN,Towers with Radar,2,36,6,0,44,0,0,12,2,14,2,36,18,2,58,62,4,66,124
12/27/2013,PHF,VA,AEA,EN,Towers with Radar,4,42,20,10,76,0,0,45,0,45,4,42,65,10,121,66,10,76,197
12/28/2013,PHF,VA,AEA,EN,Towers with Radar,4,23,28,3,58,0,0,65,2,67,4,23,93,5,125,40,6,46,171
12/29/2013,PHF,VA,AEA,EN,Towers with Radar,2,29,6,0,37,0,0,0,0,0,2,29,6,0,37,0,0,0,37
12/30/2013,PHF,VA,AEA,EN,Towers with Radar,3,27,12,19,61,0,0,56,0,56,3,27,68,19,117,86,0,86,203
12/31/2013,PHF,VA,AEA,EN,Towers with Radar,1,26,3,10,40,0,0,31,0,31,1,26,34,10,71,86,34,120,191
01/01/2014,PHF,VA,AEA,EN,Towers with Radar,1,30,11,0,42,0,0,66,0,66,1,30,77,0,108,116,0,116,224
01/02/2014,PHF,VA,AEA,EN,Towers with Radar,6,36,10,40,92,0,0,12,5,17,6,36,22,45,109,42,70,112,221
01/03/2014,PHF,VA,AEA,EN,Towers with Radar,4,24,6,13,47,0,0,0,0,0,4,24,6,13,47,0,0,0,47
01/04/2014,PHF,VA,AEA,EN,Towers with Radar,1,25,6,0,32,0,0,30,0,30,1,25,36,0,62,20,0,20,82
01/05/2014,PHF,VA,AEA,EN,Towers with Radar,3,28,6,0,37,0,0,21,0,21,3,28,27,0,58,52,0,52,110
01/06/2014,PHF,VA,AEA,EN,Towers with Radar,6,38,13,37,94,0,0,23,0,23,6,38,36,37,117,0,6,6,123
01/07/2014,PHF,VA,AEA,EN,Towers with Radar,3,27,7,19,56,0,2,16,3,21,3,29,23,22,77,40,14,54,131
01/08/2014,PHF,VA,AEA,EN,Towers with Radar,3,37,21,32,93,0,1,21,5,27,3,38,42,37,120,32,90,122,242
01/09/2014,PHF,VA,AEA,EN,Towers with Radar,4,40,9,26,79,0,0,35,3,38,4,40,44,29,117,106,52,158,275
01/10/2014,PHF,VA,AEA,EN,Towers with Radar,6,26,14,4,50,0,0,1,1,2,6,26,15,5,52,16,10,26,78
01/11/2014,PHF,VA,AEA,EN,Towers with Radar,4,16,2,0,22,0,0,2,0,2,4,16,4,0,24,0,0,0,24
01/12/2014,PHF,VA,AEA,EN,Towers with Radar,4,28,8,0,40,0,0,11,2,13,4,28,19,2,53,28,0,28,81
01/13/2014,PHF,VA,AEA,EN,Towers with Radar,5,42,17,12,76,0,1,51,12,64,5,43,68,24,140,108,90,198,338
01/14/2014,PHF,VA,AEA,EN,Towers with Radar,2,31,13,24,70,0,0,0,0,0,2,31,13,24,70,0,0,0,70
01/15/2014,PHF,VA,AEA,EN,Towers with Radar,6,34,26,36,102,0,0,28,6,34,6,34,54,42,136,72,70,142,278
01/16/2014,PHF,VA,AEA,EN,Towers with Radar,4,39,11,24,78,0,0,25,6,31,4,39,36,30,109,106,36,142,251
01/17/2014,PHF,VA,AEA,EN,Towers with Radar,6,44,17,16,83,0,0,22,0,22,6,44,39,16,105,80,2,82,187
01/18/2014,PHF,VA,AEA,EN,Towers with Radar,3,17,12,0,32,0,0,33,2,35,3,17,45,2,67,4,0,4,71
01/19/2014,PHF,VA,AEA,EN,Towers with Radar,4,16,3,2,25,0,0,22,0,22,4,16,25,2,47,36,0,36,83
01/20/2014,PHF,VA,AEA,EN,Towers with Radar,5,32,20,4,61,0,0,28,0,28,5,32,48,4,89,16,0,16,105
01/21/2014,PHF,VA,AEA,EN,Towers with Radar,5,27,6,6,44,0,0,6,2,8,5,27,12,8,52,22,46,68,120
01/22/2014,PHF,VA,AEA,EN,Towers with Radar,4,26,12,9,51,0,0,2,1,3,4,26,14,10,54,0,0,0,54
01/23/2014,PHF,VA,AEA,EN,Towers with Radar,4,35,10,36,85,0,0,7,3,10,4,35,17,39,95,28,30,58,153
01/24/2014,PHF,VA,AEA,EN,Towers with Radar,6,39,31,5,81,0,0,30,10,40,6,39,61,15,121,24,57,81,202
01/25/2014,PHF,VA,AEA,EN,Towers with Radar,3,20,2,0,25,0,0,3,0,3,3,20,5,0,28,2,2,4,32
01/26/2014,PHF,VA,AEA,EN,Towers with Radar,3,22,11,2,38,0,0,4,0,4,3,22,15,2,42,34,4,38,80
01/27/2014,PHF,VA,AEA,EN,Towers with Radar,6,35,18,24,83,0,0,37,41,78,6,35,55,65,161,12,98,110,271
01/28/2014,PHF,VA,AEA,EN,Towers with Radar,2,27,14,50,93,0,0,14,1,15,2,27,28,51,108,0,74,74,182
01/29/2014,PHF,VA,AEA,EN,Towers with Radar,3,13,8,0,24,0,0,0,1,1,3,13,8,1,25,0,0,0,25
01/30/2014,PHF,VA,AEA,EN,Towers with Radar,4,27,13,19,63,0,0,6,0,6,4,27,19,19,69,8,6,14,83
01/31/2014,PHF,VA,AEA,EN,Towers with Radar,8,33,18,9,68,0,0,36,0,36,8,33,54,9,104,146,20,166,270
02/01/2014,PHF,VA,AEA,EN,Towers with Radar,3,22,31,2,58,23,0,65,0,88,26,22,96,2,146,18,0,18,164
02/02/2014,PHF,VA,AEA,EN,Towers with Radar,4,27,6,0,37,9,0,29,0,38,13,27,35,0,75,30,0,30,105
02/03/2014,PHF,VA,AEA,EN,Towers with Radar,5,29,9,8,51,0,0,56,5,61,5,29,65,13,112,102,40,142,254
02/04/2014,PHF,VA,AEA,EN,Towers with Radar,2,43,11,24,80,0,0,50,7,57,2,43,61,31,137,132,74,206,343
02/05/2014,PHF,VA,AEA,EN,Towers with Radar,3,23,8,18,52,0,0,46,5,51,3,23,54,23,103,122,74,196,299
02/06/2014,PHF,VA,AEA,EN,Towers with Radar,4,30,20,20,74,0,0,50,6,56,4,30,70,26,130,94,110,204,334
02/07/2014,PHF,VA,AEA,EN,Towers with Radar,7,41,34,27,109,14,0,99,6,119,21,41,133,33,228,78,28,106,334
02/08/2014,PHF,VA,AEA,EN,Towers with Radar,5,20,6,4,35,0,0,27,2,29,5,20,33,6,64,56,0,56,120
02/09/2014,PHF,VA,AEA,EN,Towers with Radar,4,30,17,2,53,8,0,18,0,26,12,30,35,2,79,14,0,14,93
02/10/2014,PHF,VA,AEA,EN,Towers with Radar,5,39,15,16,75,0,0,43,8,51,5,39,58,24,126,74,34,108,234
02/11/2014,PHF,VA,AEA,EN,Towers with Radar,4,38,19,12,73,0,0,36,7,43,4,38,55,19,116,98,72,170,286
02/12/2014,PHF,VA,AEA,EN,Towers with Radar,1,15,14,9,39,0,0,26,2,28,1,15,40,11,67,82,20,102,169
02/13/2014,PHF,VA,AEA,EN,Towers with Radar,0,9,5,8,22,0,0,2,0,2,0,9,7,8,24,0,0,0,24
02/14/2014,PHF,VA,AEA,EN,Towers with Radar,4,30,20,6,60,14,0,7,0,21,18,30,27,6,81,36,14,50,131
02/15/2014,PHF,VA,AEA,EN,Towers with Radar,2,37,6,4,49,0,0,2,0,2,2,37,8,4,51,0,0,0,51
02/16/2014,PHF,VA,AEA,EN,Towers with Radar,5,32,11,2,50,0,0,74,0,74,5,32,85,2,124,124,0,124,248
02/17/2014,PHF,VA,AEA,EN,Towers with Radar,3,36,26,4,69,0,0,59,0,59,3,36,85,4,128,62,22,84,212
02/18/2014,PHF,VA,AEA,EN,Towers with Radar,3,42,16,44,105,0,0,34,9,43,3,42,50,53,148,102,118,220,368
02/19/2014,PHF,VA,AEA,EN,Towers with Radar,3,44,15,31,93,0,1,42,15,58,3,45,57,46,151,46,72,118,269
02/20/2014,PHF,VA,AEA,EN,Towers with Radar,0,44,31,23,98,0,0,64,2,66,0,44,95,25,164,92,20,112,276
02/21/2014,PHF,VA,AEA,EN,Towers with Radar,4,31,8,23,66,0,0,7,16,23,4,31,15,39,89,0,70,70,159
02/22/2014,PHF,VA,AEA,EN,Towers with Radar,2,23,19,1,45,0,0,60,0,60,2,23,79,1,105,120,18,138,243
02/23/2014,PHF,VA,AEA,EN,Towers with Radar,5,30,13,5,53,12,0,16,0,28,17,30,29,5,81,16,0,16,97
02/24/2014,PHF,VA,AEA,EN,Towers with Radar,4,53,16,23,96,0,2,64,0,66,4,55,80,23,162,32,48,80,242
02/25/2014,PHF,VA,AEA,EN,Towers with Radar,3,50,18,43,114,0,2,47,3,52,3,52,65,46,166,80,36,116,282
02/26/2014,PHF,VA,AEA,EN,Towers with Radar,3,51,18,30,102,0,0,55,2,57,3,51,73,32,159,166,26,192,351
02/27/2014,PHF,VA,AEA,EN,Towers with Radar,2,44,8,28,82,55,0,129,41,225,57,44,137,69,307,0,3,3,310
02/28/2014,PHF,VA,AEA,EN,Towers with Radar,5,30,18,12,65,0,0,22,1,23,5,30,40,13,88,64,0,64,152
03/01/2014,PHF,VA,AEA,EN,Towers with Radar,2,21,19,2,44,0,0,46,0,46,2,21,65,2,90,62,2,64,154
03/02/2014,PHF,VA,AEA,EN,Towers with Radar,5,21,19,23,68,0,0,13,0,13,5,21,32,23,81,86,16,102,183
03/03/2014,PHF,VA,AEA,EN,Towers with Radar,3,24,4,1,32,0,0,0,0,0,3,24,4,1,32,0,0,0,32
03/04/2014,PHF,VA,AEA,EN,Towers with Radar,3,31,11,0,45,0,0,9,0,9,3,31,20,0,54,4,0,4,58
03/05/2014,PHF,VA,AEA,EN,Towers with Radar,3,40,15,13,71,0,0,27,0,27,3,40,42,13,98,148,16,164,262
03/06/2014,PHF,VA,AEA,EN,Towers with Radar,1,40,13,26,80,0,0,0,3,3,1,40,13,29,83,0,0,0,83
03/07/2014,PHF,VA,AEA,EN,Towers with Radar,2,29,11,0,42,0,0,0,0,0,2,29,11,0,42,0,0,0,42
03/08/2014,PHF,VA,AEA,EN,Towers with Radar,2,24,16,2,44,0,0,109,6,115,2,24,125,8,159,146,24,170,329
03/09/2014,PHF,VA,AEA,EN,Towers with Radar,1,26,25,7,59,0,0,21,1,22,1,26,46,8,81,54,0,54,135
03/10/2014,PHF,VA,AEA,EN,Towers with Radar,1,39,14,18,72,0,0,51,4,55,1,39,65,22,127,86,26,112,239
03/11/2014,PHF,VA,AEA,EN,Towers with Radar,2,43,24,23,92,0,0,53,16,69,2,43,77,39,161,118,62,180,341
03/12/2014,PHF,VA,AEA,EN,Towers with Radar,1,46,19,35,101,0,0,25,11,36,1,46,44,46,137,34,124,158,295
03/13/2014,PHF,VA,AEA,EN,Towers with Radar,1,35,14,17,67,0,0,33,48,81,1,35,47,65,148,0,46,46,194
03/14/2014,PHF,VA,AEA,EN,Towers with Radar,2,52,24,16,94,16,0,28,11,55,18,52,52,27,149,76,70,146,295
03/15/2014,PHF,VA,AEA,EN,Towers with Radar,2,24,16,1,43,0,0,54,0,54,2,24,70,1,97,90,0,90,187
03/16/2014,PHF,VA,AEA,EN,Towers with Radar,1,29,13,3,46,0,0,10,0,10,1,29,23,3,56,54,0,54,110
03/17/2014,PHF,VA,AEA,EN,Towers with Radar,0,27,10,1,38,0,0,0,0,0,0,27,10,1,38,0,0,0,38
03/18/2014,PHF,VA,AEA,EN,Towers with Radar,1,31,8,5,45,0,0,0,0,0,1,31,8,5,45,0,0,0,45
03/19/2014,PHF,VA,AEA,EN,Towers with Radar,2,46,17,23,88,0,0,0,0,0,2,46,17,23,88,0,0,0,88
03/20/2014,PHF,VA,AEA,EN,Towers with Radar,2,52,8,14,76,0,3,48,21,72,2,55,56,35,148,152,38,190,338
03/21/2014,PHF,VA,AEA,EN,Towers with Radar,2,38,19,25,84,0,3,59,7,69,2,41,78,32,153,130,28,158,311
03/22/2014,PHF,VA,AEA,EN,Towers with Radar,2,24,16,0,42,0,2,76,0,78,2,26,92,0,120,62,0,62,182
03/23/2014,PHF,VA,AEA,EN,Towers with Radar,1,27,19,0,47,0,0,1,0,1,1,27,20,0,48,0,0,0,48
03/24/2014,PHF,VA,AEA,EN,Towers with Radar,1,35,27,22,85,0,0,50,11,61,1,35,77,33,146,126,82,208,354
03/25/2014,PHF,VA,AEA,EN,Towers with Radar,4,28,19,15,66,0,0,17,4,21,4,28,36,19,87,150,96,246,333
03/26/2014,PHF,VA,AEA,EN,Towers with Radar,3,34,20,29,86,0,0,17,6,23,3,34,37,35,109,66,100,166,275
03/27/2014,PHF,VA,AEA,EN,Towers with Radar,1,41,14,34,90,0,1,64,6,71,1,42,78,40,161,118,52,170,331
03/28/2014,PHF,VA,AEA,EN,Towers with Radar,2,37,18,11,68,0,0,19,12,31,2,37,37,23,99,26,64,90,189
03/29/2014,PHF,VA,AEA,EN,Towers with Radar,2,26,6,4,38,0,0,0,0,0,2,26,6,4,38,0,0,0,38
03/30/2014,PHF,VA,AEA,EN,Towers with Radar,1,24,7,1,33,0,0,0,0,0,1,24,7,1,33,0,0,0,33
03/31/2014,PHF,VA,AEA,EN,Towers with Radar,1,54,21,14,90,0,0,60,15,75,1,54,81,29,165,158,94,252,417
04/01/2014,PHF,VA,AEA,EN,Towers with Radar,2,47,12,41,102,0,0,73,11,84,2,47,85,52,186,110,102,212,398
04/02/2014,PHF,VA,AEA,EN,Towers with Radar,2,43,30,37,112,0,0,33,3,36,2,43,63,40,148,120,62,182,330
04/03/2014,PHF,VA,AEA,EN,Towers with Radar,1,32,20,45,98,0,0,88,16,104,1,32,108,61,202,124,150,274,476
04/04/2014,PHF,VA,AEA,EN,Towers with Radar,2,39,26,11,78,2,0,19,0,21,4,39,45,11,99,48,95,143,242
04/05/2014,PHF,VA,AEA,EN,Towers with Radar,4,21,10,1,36,0,0,26,1,27,4,21,36,2,63,54,0,54,117
04/06/2014,PHF,VA,AEA,EN,Towers with Radar,1,29,19,1,50,0,0,31,2,33,1,29,50,3,83,64,0,64,147
04/07/2014,PHF,VA,AEA,EN,Towers with Radar,1,34,16,21,72,0,0,0,0,0,1,34,16,21,72,0,0,0,72
04/08/2014,PHF,VA,AEA,EN,Towers with Radar,2,31,32,31,96,1,0,38,8,47,3,31,70,39,143,96,90,186,329
04/09/2014,PHF,VA,AEA,EN,Towers with Radar,2,46,16,31,95,0,1,60,5,66,2,47,76,36,161,166,60,226,387
04/10/2014,PHF,VA,AEA,EN,Towers with Radar,1,52,13,32,98,0,0,47,15,62,1,52,60,47,160,148,168,316,476
04/11/2014,PHF,VA,AEA,EN,Towers with Radar,4,34,20,42,100,0,0,29,4,33,4,34,49,46,133,60,50,110,243
04/12/2014,PHF,VA,AEA,EN,Towers with Radar,4,23,24,0,51,0,0,55,0,55,4,23,79,0,106,126,12,138,244
04/13/2014,PHF,VA,AEA,EN,Towers with Radar,1,30,16,0,47,0,0,32,0,32,1,30,48,0,79,48,0,48,127
04/14/2014,PHF,VA,AEA,EN,Towers with Radar,3,37,16,27,83,0,0,62,11,73,3,37,78,38,156,148,58,206,362
04/15/2014,PHF,VA,AEA,EN,Towers with Radar,3,29,14,2,48,0,0,22,0,22,3,29,36,2,70,28,6,34,104
04/16/2014,PHF,VA,AEA,EN,Towers with Radar,2,31,32,19,84,0,0,49,4,53,2,31,81,23,137,82,28,110,247
04/17/2014,PHF,VA,AEA,EN,Towers with Radar,0,35,32,13,80,0,0,58,8,66,0,35,90,21,146,152,48,200,346
04/18/2014,PHF,VA,AEA,EN,Towers with Radar,3,36,26,21,86,0,0,32,9,41,3,36,58,30,127,174,160,334,461
04/19/2014,PHF,VA,AEA,EN,Towers with Radar,4,21,7,0,32,0,0,8,0,8,4,21,15,0,40,44,14,58,98
04/20/2014,PHF,VA,AEA,EN,Towers with Radar,1,26,12,0,39,0,0,5,0,5,1,26,17,0,44,0,0,0,44
04/21/2014,PHF,VA,AEA,EN,Towers with Radar,3,37,24,54,118,0,0,52,10,62,3,37,76,64,180,116,88,204,384
04/22/2014,PHF,VA,AEA,EN,Towers with Radar,2,33,25,43,103,0,0,44,1,45,2,33,69,44,148,90,34,124,272
04/23/2014,PHF,VA,AEA,EN,Towers with Radar,1,46,25,6,78,0,0,55,0,55,1,46,80,6,133,64,38,102,235
04/24/2014,PHF,VA,AEA,EN,Towers with Radar,1,41,43,27,112,0,0,98,2,100,1,41,141,29,212,155,12,167,379
04/25/2014,PHF,VA,AEA,EN,Towers with Radar,4,46,33,26,109,0,0,34,13,47,4,46,67,39,156,126,94,220,376
04/26/2014,PHF,VA,AEA,EN,Towers with Radar,4,27,40,0,71,0,0,33,0,33,4,27,73,0,104,62,0,62,166
04/27/2014,PHF,VA,AEA,EN,Towers with Radar,1,32,35,3,71,0,0,57,1,58,1,32,92,4,129,66,4,70,199
04/28/2014,PHF,VA,AEA,EN,Towers with Radar,3,48,23,9,83,0,0,42,9,51,3,48,65,18,134,74,72,146,280
04/29/2014,PHF,VA,AEA,EN,Towers with Radar,3,39,11,12,65,0,0,0,0,0,3,39,11,12,65,0,0,0,65
04/30/2014,PHF,VA,AEA,EN,Towers with Radar,1,30,15,9,55,0,0,1,1,2,1,30,16,10,57,0,0,0,57
05/01/2014,PHF,VA,AEA,EN,Towers with Radar,2,38,17,32,89,0,0,46,2,48,2,38,63,34,137,84,10,94,231
05/02/2014,PHF,VA,AEA,EN,Towers with Radar,3,42,28,34,107,0,0,45,0,45,3,42,73,34,152,108,24,132,284
05/03/2014,PHF,VA,AEA,EN,Towers with Radar,1,26,19,0,46,0,0,65,0,65,1,26,84,0,111,70,0,70,181
05/04/2014,PHF,VA,AEA,EN,Towers with Radar,3,24,27,4,58,0,0,31,0,31,3,24,58,4,89,110,0,110,199
05/05/2014,PHF,VA,AEA,EN,Towers with Radar,3,31,32,12,78,0,0,29,3,32,3,31,61,15,110,88,32,120,230
05/06/2014,PHF,VA,AEA,EN,Towers with Radar,3,49,19,26,97,0,0,43,2,45,3,49,62,28,142,136,60,196,338
05/07/2014,PHF,VA,AEA,EN,Towers with Radar,1,38,27,4,70,0,0,40,0,40,1,38,67,4,110,96,6,102,212
05/08/2014,PHF,VA,AEA,EN,Towers with Radar,3,55,29,14,101,0,0,72,0,72,3,55,101,14,173,114,36,150,323
05/09/2014,PHF,VA,AEA,EN,Towers with Radar,3,38,40,10,91,0,0,57,1,58,3,38,97,11,149,74,6,80,229
05/10/2014,PHF,VA,AEA,EN,Towers with Radar,1,31,10,3,45,0,0,35,0,35,1,31,45,3,80,60,4,64,144
05/11/2014,PHF,VA,AEA,EN,Towers with Radar,3,34,23,5,65,0,0,38,0,38,3,34,61,5,103,38,16,54,157
05/12/2014,PHF,VA,AEA,EN,Towers with Radar,3,39,19,21,82,0,0,55,0,55,3,39,74,21,137,112,54,166,303
05/13/2014,PHF,VA,AEA,EN,Towers with Radar,3,30,21,4,58,0,0,84,4,88,3,30,105,8,146,112,18,130,276
05/14/2014,PHF,VA,AEA,EN,Towers with Radar,2,32,20,5,59,0,0,1,0,1,2,32,21,5,60,0,0,0,60
05/15/2014,PHF,VA,AEA,EN,Towers with Radar,3,26,13,12,54,0,0,50,0,50,3,26,63,12,104,120,8,128,232
05/16/2014,PHF,VA,AEA,EN,Towers with Radar,4,24,22,11,61,0,0,9,0,9,4,24,31,11,70,0,0,0,70
05/17/2014,PHF,VA,AEA,EN,Towers with Radar,1,22,21,2,46,0,0,95,1,96,1,22,116,3,142,144,2,146,288
05/18/2014,PHF,VA,AEA,EN,Towers with Radar,4,25,20,0,49,0,0,73,0,73,4,25,93,0,122,94,0,94,216
05/19/2014,PHF,VA,AEA,EN,Towers with Radar,3,27,17,39,86,0,0,56,9,65,3,27,73,48,151,178,68,246,397
05/20/2014,PHF,VA,AEA,EN,Towers with Radar,3,33,30,36,102,0,0,94,16,110,3,33,124,52,212,130,126,256,468
05/21/2014,PHF,VA,AEA,EN,Towers with Radar,0,35,32,16,83,0,0,54,5,59,0,35,86,21,142,144,72,216,358
05/22/2014,PHF,VA,AEA,EN,Towers with Radar,2,32,28,23,85,0,1,37,0,38,2,33,65,23,123,118,0,118,241
05/23/2014,PHF,VA,AEA,EN,Towers with Radar,2,34,28,3,67,0,0,50,0,50,2,34,78,3,117,132,0,132,249
05/24/2014,PHF,VA,AEA,EN,Towers with Radar,0,21,1,0,22,0,0,66,2,68,0,21,67,2,90,96,18,114,204
05/25/2014,PHF,VA,AEA,EN,Towers with Radar,2,20,9,1,32,0,0,33,0,33,2,20,42,1,65,12,0,12,77
05/26/2014,PHF,VA,AEA,EN,Towers with Radar,2,26,19,7,54,0,0,49,0,49,2,26,68,7,103,26,0,26,129
05/27/2014,PHF,VA,AEA,EN,Towers with Radar,4,34,25,38,101,0,0,25,1,26,4,34,50,39,127,84,37,121,248
05/28/2014,PHF,VA,AEA,EN,Towers with Radar,0,44,16,35,95,0,0,40,6,46,0,44,56,41,141,132,66,198,339
05/29/2014,PHF,VA,AEA,EN,Towers with Radar,2,31,25,18,76,0,0,16,4,20,2,31,41,22,96,0,20,20,116
05/30/2014,PHF,VA,AEA,EN,Towers with Radar,2,37,24,12,75,0,0,8,0,8,2,37,32,12,83,6,0,6,89
05/31/2014,PHF,VA,AEA,EN,Towers with Radar,0,21,14,7,42,0,0,88,4,92,0,21,102,11,134,112,0,112,246
06/01/2014,PHF,VA,AEA,EN,Towers with Radar,5,31,38,2,76,0,0,40,7,47,5,31,78,9,123,60,0,60,183
06/02/2014,PHF,VA,AEA,EN,Towers with Radar,3,49,18,49,119,0,0,61,10,71,3,49,79,59,190,130,104,234,424
06/03/2014,PHF,VA,AEA,EN,Towers with Radar,2,38,27,41,108,0,0,63,7,70,2,38,90,48,178,164,56,220,398
06/04/2014,PHF,VA,AEA,EN,Towers with Radar,0,42,24,20,86,0,0,37,3,40,0,42,61,23,126,140,124,264,390
06/05/2014,PHF,VA,AEA,EN,Towers with Radar,2,41,21,26,90,0,0,64,8,72,2,41,85,34,162,156,90,246,408
06/06/2014,PHF,VA,AEA,EN,Towers with Radar,2,40,18,27,87,0,0,66,2,68,2,40,84,29,155,127,0,127,282
06/07/2014,PHF,VA,AEA,EN,Towers with Radar,1,23,13,0,37,0,0,52,0,52,1,23,65,0,89,82,0,82,171
06/08/2014,PHF,VA,AEA,EN,Towers with Radar,2,22,18,2,44,0,0,53,4,57,2,22,71,6,101,64,6,70,171
06/09/2014,PHF,VA,AEA,EN,Towers with Radar,2,52,9,25,88,0,0,52,10,62,2,52,61,35,150,190,100,290,440
06/10/2014,PHF,VA,AEA,EN,Towers with Radar,2,39,34,29,104,0,0,27,1,28,2,39,61,30,132,94,70,164,296
06/11/2014,PHF,VA,AEA,EN,Towers with Radar,0,52,30,14,96,0,0,36,0,36,0,52,66,14,132,10,20,30,162
06/12/2014,PHF,VA,AEA,EN,Towers with Radar,2,40,23,20,85,0,0,7,0,7,2,40,30,20,92,6,42,48,140
06/13/2014,PHF,VA,AEA,EN,Towers with Radar,4,42,27,17,90,0,0,10,0,10,4,42,37,17,100,10,0,10,110
06/14/2014,PHF,VA,AEA,EN,Towers with Radar,2,25,17,7,51,0,0,91,1,92,2,25,108,8,143,54,6,60,203
06/15/2014,PHF,VA,AEA,EN,Towers with Radar,0,26,20,14,60,0,0,41,0,41,0,26,61,14,101,44,8,52,153
06/16/2014,PHF,VA,AEA,EN,Towers with Radar,5,33,17,19,74,0,0,65,5,70,5,33,82,24,144,186,56,242,386
06/17/2014,PHF,VA,AEA,EN,Towers with Radar,3,32,23,38,96,0,0,68,12,80,3,32,91,50,176,200,86,286,462
06/18/2014,PHF,VA,AEA,EN,Towers with Radar,5,23,28,6,62,0,0,42,1,43,5,23,70,7,105,100,6,106,211
06/19/2014,PHF,VA,AEA,EN,Towers with Radar,4,41,26,12,83,0,0,28,0,28,4,41,54,12,111,60,16,76,187
06/20/2014,PHF,VA,AEA,EN,Towers with Radar,7,27,34,5,73,0,0,37,0,37,7,27,71,5,110,52,36,88,198
06/21/2014,PHF,VA,AEA,EN,Towers with Radar,4,22,8,3,37,0,0,5,2,7,4,22,13,5,44,26,0,26,70
06/22/2014,PHF,VA,AEA,EN,Towers with Radar,3,24,19,0,46,0,0,2,0,2,3,24,21,0,48,0,0,0,48
06/23/2014,PHF,VA,AEA,EN,Towers with Radar,6,44,34,16,100,0,0,73,13,86,6,44,107,29,186,158,72,230,416
06/24/2014,PHF,VA,AEA,EN,Towers with Radar,3,43,29,12,87,0,0,78,11,89,3,43,107,23,176,150,64,214,390
06/25/2014,PHF,VA,AEA,EN,Towers with Radar,5,56,18,30,109,0,0,6,1,7,5,56,24,31,116,46,36,82,198
06/26/2014,PHF,VA,AEA,EN,Towers with Radar,5,31,27,24,87,0,1,72,0,73,5,32,99,24,160,216,22,238,398
06/27/2014,PHF,VA,AEA,EN,Towers with Radar,7,29,24,28,88,0,0,29,4,33,7,29,53,32,121,106,44,150,271
06/28/2014,PHF,VA,AEA,EN,Towers with Radar,5,23,21,0,49,0,0,41,0,41,5,23,62,0,90,94,0,94,184
06/29/2014,PHF,VA,AEA,EN,Towers with Radar,5,26,14,0,45,0,1,46,0,47,5,27,60,0,92,30,0,30,122
06/30/2014,PHF,VA,AEA,EN,Towers with Radar,15,32,27,30,104,0,0,53,20,73,15,32,80,50,177,140,80,220,397
07/01/2014,PHF,VA,AEA,EN,Towers with Radar,7,27,17,23,74,0,0,71,21,92,7,27,88,44,166,56,46,102,268
07/02/2014,PHF,VA,AEA,EN,Towers with Radar,7,36,26,10,79,0,0,82,16,98,7,36,108,26,177,44,54,98,275
07/03/2014,PHF,VA,AEA,EN,Towers with Radar,8,29,16,2,55,0,0,30,0,30,8,29,46,2,85,72,0,72,157
07/04/2014,PHF,VA,AEA,EN,Towers with Radar,10,23,2,0,35,0,0,5,0,5,10,23,7,0,40,0,0,0,40
07/05/2014,PHF,VA,AEA,EN,Towers with Radar,8,23,20,0,51,0,0,19,3,22,8,23,39,3,73,12,0,12,85
07/06/2014,PHF,VA,AEA,EN,Towers with Radar,5,32,12,0,49,0,0,35,0,35,5,32,47,0,84,22,0,22,106
07/07/2014,PHF,VA,AEA,EN,Towers with Radar,11,39,15,5,70,0,0,42,7,49,11,39,57,12,119,20,36,56,175
07/08/2014,PHF,VA,AEA,EN,Towers with Radar,2,32,19,30,83,0,0,26,11,37,2,32,45,41,120,18,126,144,264
07/09/2014,PHF,VA,AEA,EN,Towers with Radar,7,32,18,15,72,0,0,36,12,48,7,32,54,27,120,60,10,70,190
07/10/2014,PHF,VA,AEA,EN,Towers with Radar,9,40,29,4,82,0,0,3,0,3,9,40,32,4,85,0,0,0,85
07/11/2014,PHF,VA,AEA,EN,Towers with Radar,11,38,13,7,69,0,0,61,6,67,11,38,74,13,136,112,14,126,262
07/12/2014,PHF,VA,AEA,EN,Towers with Radar,7,28,16,3,54,0,0,62,0,62,7,28,78,3,116,72,0,72,188
07/13/2014,PHF,VA,AEA,EN,Towers with Radar,5,33,12,3,53,0,0,46,0,46,5,33,58,3,99,74,4,78,177
07/14/2014,PHF,VA,AEA,EN,Towers with Radar,12,36,23,32,103,0,0,42,3,45,12,36,65,35,148,69,122,191,339
07/15/2014,PHF,VA,AEA,EN,Towers with Radar,2,45,12,27,86,0,0,34,0,34,2,45,46,27,120,48,0,48,168
07/16/2014,PHF,VA,AEA,EN,Towers with Radar,9,41,29,24,103,0,0,55,8,63,9,41,84,32,166,184,56,240,406
07/17/2014,PHF,VA,AEA,EN,Towers with Radar,10,34,20,7,71,0,0,61,0,61,10,34,81,7,132,176,6,182,314
07/18/2014,PHF,VA,AEA,EN,Towers with Radar,11,35,29,48,123,0,0,57,0,57,11,35,86,48,180,110,66,176,356
07/19/2014,PHF,VA,AEA,EN,Towers with Radar,11,24,25,0,60,0,0,144,0,144,11,24,169,0,204,92,0,92,296
07/20/2014,PHF,VA,AEA,EN,Towers with Radar,5,34,12,6,57,0,0,57,0,57,5,34,69,6,114,28,0,28,142
07/21/2014,PHF,VA,AEA,EN,Towers with Radar,11,49,21,30,111,0,0,60,8,68,11,49,81,38,179,118,82,200,379
07/22/2014,PHF,VA,AEA,EN,Towers with Radar,3,41,23,27,94,0,0,81,23,104,3,41,104,50,198,134,166,300,498
07/23/2014,PHF,VA,AEA,EN,Towers with Radar,8,45,34,25,112,0,0,61,6,67,8,45,95,31,179,98,12,110,289
07/24/2014,PHF,VA,AEA,EN,Towers with Radar,11,63,16,10,100,0,0,6,0,6,11,63,22,10,106,8,0,8,114
07/25/2014,PHF,VA,AEA,EN,Towers with Radar,13,41,26,24,104,0,1,64,0,65,13,42,90,24,169,90,0,90,259
07/26/2014,PHF,VA,AEA,EN,Towers with Radar,10,25,25,0,60,0,0,35,0,35,10,25,60,0,95,60,0,60,155
07/27/2014,PHF,VA,AEA,EN,Towers with Radar,7,35,11,0,53,0,0,16,0,16,7,35,27,0,69,0,16,16,85
07/28/2014,PHF,VA,AEA,EN,Towers with Radar,14,40,28,14,96,0,0,77,15,92,14,40,105,29,188,192,62,254,442
07/29/2014,PHF,VA,AEA,EN,Towers with Radar,3,47,38,20,108,0,0,51,4,55,3,47,89,24,163,198,8,206,369
07/30/2014,PHF,VA,AEA,EN,Towers with Radar,9,36,24,10,79,0,0,84,0,84,9,36,108,10,163,146,0,146,309
07/31/2014,PHF,VA,AEA,EN,Towers with Radar,11,40,26,23,100,0,0,48,7,55,11,40,74,30,155,82,106,188,343
08/01/2014,PHF,VA,AEA,EN,Towers with Radar,14,39,26,22,101,0,0,24,0,24,14,39,50,22,125,46,0,46,171
08/02/2014,PHF,VA,AEA,EN,Towers with Radar,12,22,7,0,41,0,0,0,0,0,12,22,7,0,41,0,0,0,41
08/03/2014,PHF,VA,AEA,EN,Towers with Radar,7,29,19,2,57,0,0,9,0,9,7,29,28,2,66,30,0,30,96
08/04/2014,PHF,VA,AEA,EN,Towers with Radar,15,48,12,12,87,0,0,29,5,34,15,48,41,17,121,106,78,184,305
08/05/2014,PHF,VA,AEA,EN,Towers with Radar,8,42,7,21,78,0,0,30,1,31,8,42,37,22,109,76,4,80,189
08/06/2014,PHF,VA,AEA,EN,Towers with Radar,9,42,26,25,102,0,0,60,2,62,9,42,86,27,164,104,50,154,318
08/07/2014,PHF,VA,AEA,EN,Towers with Radar,11,43,24,24,102,0,0,72,2,74,11,43,96,26,176,138,38,176,352
08/08/2014,PHF,VA,AEA,EN,Towers with Radar,14,27,30,20,91,0,0,40,0,40,14,27,70,20,131,112,14,126,257
08/09/2014,PHF,VA,AEA,EN,Towers with Radar,12,22,16,0,50,0,0,36,0,36,12,22,52,0,86,76,0,76,162
08/10/2014,PHF,VA,AEA,EN,Towers with Radar,4,37,22,0,63,0,2,45,0,47,4,39,67,0,110,122,0,122,232
08/11/2014,PHF,VA,AEA,EN,Towers with Radar,12,37,24,0,73,0,0,62,13,75,12,37,86,13,148,130,74,204,352
08/12/2014,PHF,VA,AEA,EN,Towers with Radar,7,42,14,16,79,0,0,50,10,60,7,42,64,26,139,76,118,194,333
08/13/2014,PHF,VA,AEA,EN,Towers with Radar,10,46,18,35,109,0,0,26,8,34,10,46,44,43,143,36,52,88,231
08/14/2014,PHF,VA,AEA,EN,Towers with Radar,10,39,17,12,78,0,0,61,0,61,10,39,78,12,139,78,6,84,223
08/15/2014,PHF,VA,AEA,EN,Towers with Radar,13,39,22,19,93,0,0,78,8,86,13,39,100,27,179,176,56,232,411
08/16/2014,PHF,VA,AEA,EN,Towers with Radar,12,24,15,2,53,0,0,42,0,42,12,24,57,2,95,99,0,99,194
08/17/2014,PHF,VA,AEA,EN,Towers with Radar,9,25,12,0,46,0,0,24,0,24,9,25,36,0,70,52,0,52,122
08/18/2014,PHF,VA,AEA,EN,Towers with Radar,13,31,14,14,72,0,0,52,8,60,13,31,66,22,132,142,74,216,348
08/19/2014,PHF,VA,AEA,EN,Towers with Radar,7,42,44,12,105,0,0,29,7,36,7,42,73,19,141,140,32,172,313
08/20/2014,PHF,VA,AEA,EN,Towers with Radar,11,36,19,42,108,0,0,55,6,61,11,36,74,48,169,78,14,92,261
08/21/2014,PHF,VA,AEA,EN,Towers with Radar,11,46,38,14,109,0,0,64,0,64,11,46,102,14,173,124,14,138,311
08/22/2014,PHF,VA,AEA,EN,Towers with Radar,13,40,28,22,103,0,0,14,2,16,13,40,42,24,119,29,8,37,156
08/23/2014,PHF,VA,AEA,EN,Towers with Radar,10,39,12,8,69,0,0,40,4,44,10,39,52,12,113,100,0,100,213
08/24/2014,PHF,VA,AEA,EN,Towers with Radar,9,31,15,1,56,0,0,14,2,16,9,31,29,3,72,30,0,30,102
08/25/2014,PHF,VA,AEA,EN,Towers with Radar,13,42,22,11,88,0,0,63,4,67,13,42,85,15,155,138,78,216,371
08/26/2014,PHF,VA,AEA,EN,Towers with Radar,9,42,25,35,111,0,0,60,14,74,9,42,85,49,185,186,124,310,495
08/27/2014,PHF,VA,AEA,EN,Towers with Radar,11,30,25,28,94,0,0,70,4,74,11,30,95,32,168,76,52,128,296
08/28/2014,PHF,VA,AEA,EN,Towers with Radar,12,40,23,12,87,0,0,69,0,69,12,40,92,12,156,88,0,88,244
08/29/2014,PHF,VA,AEA,EN,Towers with Radar,13,34,29,9,85,0,0,55,0,55,13,34,84,9,140,32,36,68,208
08/30/2014,PHF,VA,AEA,EN,Towers with Radar,13,21,13,0,47,0,0,26,6,32,13,21,39,6,79,46,0,46,125
08/31/2014,PHF,VA,AEA,EN,Towers with Radar,10,23,14,0,47,0,0,11,0,11,10,23,25,0,58,18,0,18,76
09/01/2014,PHF,VA,AEA,EN,Towers with Radar,14,27,11,0,52,0,0,19,0,19,14,27,30,0,71,42,0,42,113
09/02/2014,PHF,VA,AEA,EN,Towers with Radar,6,32,14,15,67,0,0,46,7,53,6,32,60,22,120,140,70,210,330
09/03/2014,PHF,VA,AEA,EN,Towers with Radar,14,41,26,34,115,0,0,43,0,43,14,41,69,34,158,26,8,34,192
09/04/2014,PHF,VA,AEA,EN,Towers with Radar,10,47,21,38,116,0,0,26,0,26,10,47,47,38,142,14,0,14,156
09/05/2014,PHF,VA,AEA,EN,Towers with Radar,15,55,33,9,112,0,0,33,0,33,15,55,66,9,145,36,0,36,181
09/06/2014,PHF,VA,AEA,EN,Towers with Radar,17,25,11,11,64,0,2,41,0,43,17,27,52,11,107,50,0,50,157
09/07/2014,PHF,VA,AEA,EN,Towers with Radar,12,33,20,0,65,0,0,8,0,8,12,33,28,0,73,40,0,40,113
09/08/2014,PHF,VA,AEA,EN,Towers with Radar,15,33,16,0,64,0,0,0,0,0,15,33,16,0,64,0,0,0,64
09/09/2014,PHF,VA,AEA,EN,Towers with Radar,4,48,15,20,87,0,0,37,6,43,4,48,52,26,130,92,106,198,328
09/10/2014,PHF,VA,AEA,EN,Towers with Radar,13,50,24,31,118,0,2,81,8,91,13,52,105,39,209,142,76,218,427
09/11/2014,PHF,VA,AEA,EN,Towers with Radar,12,51,11,26,100,0,2,53,0,55,12,53,64,26,155,52,44,96,251
09/12/2014,PHF,VA,AEA,EN,Towers with Radar,15,40,25,6,86,0,0,36,2,38,15,40,61,8,124,110,10,120,244
09/13/2014,PHF,VA,AEA,EN,Towers with Radar,15,17,9,2,43,0,0,11,0,11,15,17,20,2,54,12,4,16,70
09/14/2014,PHF,VA,AEA,EN,Towers with Radar,12,34,16,5,67,0,0,55,4,59,12,34,71,9,126,104,24,128,254
09/15/2014,PHF,VA,AEA,EN,Towers with Radar,15,40,21,16,92,0,0,46,11,57,15,40,67,27,149,96,34,130,279
09/16/2014,PHF,VA,AEA,EN,Towers with Radar,4,37,21,6,68,0,0,36,0,36,4,37,57,6,104,160,4,164,268
09/17/2014,PHF,VA,AEA,EN,Towers with Radar,13,38,16,18,85,0,1,54,4,59,13,39,70,22,144,116,60,176,320
09/18/2014,PHF,VA,AEA,EN,Towers with Radar,12,52,27,10,101,0,0,62,0,62,12,52,89,10,163,86,4,90,253
09/19/2014,PHF,VA,AEA,EN,Towers with Radar,9,43,39,4,95,0,0,53,0,53,9,43,92,4,148,102,0,102,250
09/20/2014,PHF,VA,AEA,EN,Towers with Radar,12,18,17,1,48,0,0,75,1,76,12,18,92,2,124,96,0,96,220
09/21/2014,PHF,VA,AEA,EN,Towers with Radar,8,35,16,0,59,0,0,58,0,58,8,35,74,0,117,134,0,134,251
09/22/2014,PHF,VA,AEA,EN,Towers with Radar,11,39,17,26,93,0,0,66,0,66,11,39,83,26,159,132,32,164,323
09/23/2014,PHF,VA,AEA,EN,Towers with Radar,4,38,32,40,114,0,1,62,10,73,4,39,94,50,187,156,118,274,461
09/24/2014,PHF,VA,AEA,EN,Towers with Radar,9,34,27,16,86,0,0,0,0,0,9,34,27,16,86,0,0,0,86
09/25/2014,PHF,VA,AEA,EN,Towers with Radar,8,32,40,13,93,0,0,1,0,1,8,32,41,13,94,0,0,0,94
09/26/2014,PHF,VA,AEA,EN,Towers with Radar,4,39,39,7,89,0,0,30,0,30,4,39,69,7,119,54,0,54,173
09/27/2014,PHF,VA,AEA,EN,Towers with Radar,4,31,21,1,57,0,0,36,0,36,4,31,57,1,93,82,2,84,177
09/28/2014,PHF,VA,AEA,EN,Towers with Radar,3,29,22,4,58,0,0,23,4,27,3,29,45,8,85,80,0,80,165
09/29/2014,PHF,VA,AEA,EN,Towers with Radar,3,53,30,6,92,0,0,55,0,55,3,53,85,6,147,140,0,140,287
09/30/2014,PHF,VA,AEA,EN,Towers with Radar,2,51,30,18,101,0,0,83,8,91,2,51,113,26,192,148,108,256,448
10/01/2014,PHF,VA,AEA,EN,Towers with Radar,3,44,29,35,111,0,0,60,5,65,3,44,89,40,176,158,82,240,416
10/02/2014,PHF,VA,AEA,EN,Towers with Radar,2,48,30,7,87,0,0,101,16,117,2,48,131,23,204,206,120,326,530
10/03/2014,PHF,VA,AEA,EN,Towers with Radar,5,39,22,14,80,0,0,48,3,51,5,39,70,17,131,58,0,58,189
10/04/2014,PHF,VA,AEA,EN,Towers with Radar,4,21,9,4,38,0,0,37,0,37,4,21,46,4,75,94,0,94,169
10/05/2014,PHF,VA,AEA,EN,Towers with Radar,2,40,15,4,61,0,0,72,0,72,2,40,87,4,133,76,0,76,209
10/06/2014,PHF,VA,AEA,EN,Towers with Radar,4,43,30,33,110,0,0,77,14,91,4,43,107,47,201,156,102,258,459
10/07/2014,PHF,VA,AEA,EN,Towers with Radar,1,43,20,21,85,0,0,63,19,82,1,43,83,40,167,308,132,440,607
10/08/2014,PHF,VA,AEA,EN,Towers with Radar,3,54,30,18,105,0,0,70,8,78,3,54,100,26,183,488,0,488,671
10/09/2014,PHF,VA,AEA,EN,Towers with Radar,2,52,40,45,139,0,0,102,2,104,2,52,142,47,243,122,52,174,417
10/10/2014,PHF,VA,AEA,EN,Towers with Radar,6,38,30,7,81,0,0,77,0,77,6,38,107,7,158,218,0,218,376
10/11/2014,PHF,VA,AEA,EN,Towers with Radar,4,22,20,0,46,0,0,4,0,4,4,22,24,0,50,36,0,36,86
10/12/2014,PHF,VA,AEA,EN,Towers with Radar,1,29,23,1,54,0,0,43,0,43,1,29,66,1,97,20,0,20,117
10/13/2014,PHF,VA,AEA,EN,Towers with Radar,3,28,51,2,84,0,0,101,0,101,3,28,152,2,185,140,0,140,325
10/14/2014,PHF,VA,AEA,EN,Towers with Radar,2,35,27,46,110,0,0,45,10,55,2,35,72,56,165,66,32,98,263
10/15/2014,PHF,VA,AEA,EN,Towers with Radar,4,33,16,37,90,0,0,11,0,11,4,33,27,37,101,32,50,82,183
10/16/2014,PHF,VA,AEA,EN,Towers with Radar,2,33,38,25,98,0,0,59,16,75,2,33,97,41,173,82,88,170,343
10/17/2014,PHF,VA,AEA,EN,Towers with Radar,4,29,28,2,63,0,0,76,0,76,4,29,104,2,139,80,8,88,227
10/18/2014,PHF,VA,AEA,EN,Towers with Radar,4,25,18,1,48,0,0,41,0,41,4,25,59,1,89,36,0,36,125
10/19/2014,PHF,VA,AEA,EN,Towers with Radar,2,33,24,3,62,0,1,16,6,23,2,34,40,9,85,20,0,20,105
10/20/2014,PHF,VA,AEA,EN,Towers with Radar,4,38,38,43,123,0,0,54,5,59,4,38,92,48,182,112,102,214,396
10/21/2014,PHF,VA,AEA,EN,Towers with Radar,1,31,20,18,70,0,0,53,6,59,1,31,73,24,129,124,48,172,301
10/22/2014,PHF,VA,AEA,EN,Towers with Radar,4,33,18,18,73,0,0,1,0,1,4,33,19,18,74,0,0,0,74
10/23/2014,PHF,VA,AEA,EN,Towers with Radar,2,37,21,57,117,0,0,61,6,67,2,37,82,63,184,128,58,186,370
10/24/2014,PHF,VA,AEA,EN,Towers with Radar,4,33,26,16,79,0,0,32,0,32,4,33,58,16,111,34,0,34,145
10/25/2014,PHF,VA,AEA,EN,Towers with Radar,4,25,19,5,53,0,1,89,0,90,4,26,108,5,143,90,0,90,233
10/26/2014,PHF,VA,AEA,EN,Towers with Radar,2,26,16,0,44,0,0,43,0,43,2,26,59,0,87,32,0,32,119
10/27/2014,PHF,VA,AEA,EN,Towers with Radar,4,40,26,37,107,0,0,59,8,67,4,40,85,45,174,136,104,240,414
10/28/2014,PHF,VA,AEA,EN,Towers with Radar,2,41,25,44,112,0,0,61,11,72,2,41,86,55,184,126,150,276,460
10/29/2014,PHF,VA,AEA,EN,Towers with Radar,4,26,26,28,84,0,0,31,5,36,4,26,57,33,120,84,46,130,250
10/30/2014,PHF,VA,AEA,EN,Towers with Radar,2,44,32,9,87,0,1,67,0,68,2,45,99,9,155,90,0,90,245
10/31/2014,PHF,VA,AEA,EN,Towers with Radar,5,28,30,13,76,0,0,88,0,88,5,28,118,13,164,96,0,96,260
11/01/2014,PHF,VA,AEA,EN,Towers with Radar,5,17,7,0,29,0,0,0,0,0,5,17,7,0,29,0,0,0,29
11/02/2014,PHF,VA,AEA,EN,Towers with Radar,2,29,8,1,40,0,0,1,0,1,2,29,9,1,41,0,0,0,41
11/03/2014,PHF,VA,AEA,EN,Towers with Radar,4,36,17,10,67,0,0,54,7,61,4,36,71,17,128,138,52,190,318
11/04/2014,PHF,VA,AEA,EN,Towers with Radar,2,32,20,26,80,0,0,79,14,93,2,32,99,40,173,148,76,224,397
11/05/2014,PHF,VA,AEA,EN,Towers with Radar,3,39,43,34,119,0,0,33,0,33,3,39,76,34,152,26,18,44,196
11/06/2014,PHF,VA,AEA,EN,Towers with Radar,0,44,18,12,74,0,0,15,16,31,0,44,33,28,105,54,73,127,232
11/07/2014,PHF,VA,AEA,EN,Towers with Radar,2,36,24,34,96,0,0,47,4,51,2,36,71,38,147,86,90,176,323
11/08/2014,PHF,VA,AEA,EN,Towers with Radar,2,25,22,0,49,0,0,100,0,100,2,25,122,0,149,112,0,112,261
11/09/2014,PHF,VA,AEA,EN,Towers with Radar,0,36,20,0,56,0,0,16,0,16,0,36,36,0,72,22,0,22,94
11/10/2014,PHF,VA,AEA,EN,Towers with Radar,2,33,21,2,58,0,0,65,4,69,2,33,86,6,127,106,34,140,267
11/11/2014,PHF,VA,AEA,EN,Towers with Radar,2,34,28,0,64,0,0,36,3,39,2,34,64,3,103,46,18,64,167
11/12/2014,PHF,VA,AEA,EN,Towers with Radar,3,54,29,18,104,0,0,55,8,63,3,54,84,26,167,96,28,124,291
11/13/2014,PHF,VA,AEA,EN,Towers with Radar,0,45,22,27,94,0,0,40,4,44,0,45,62,31,138,120,124,244,382
11/14/2014,PHF,VA,AEA,EN,Towers with Radar,3,38,21,25,87,0,1,44,8,53,3,39,65,33,140,62,40,102,242
11/15/2014,PHF,VA,AEA,EN,Towers with Radar,2,24,9,0,35,0,0,37,0,37,2,24,46,0,72,70,0,70,142
11/16/2014,PHF,VA,AEA,EN,Towers with Radar,2,30,19,7,58,0,0,38,1,39,2,30,57,8,97,46,0,46,143
11/17/2014,PHF,VA,AEA,EN,Towers with Radar,2,41,9,20,72,0,0,27,5,32,2,41,36,25,104,8,50,58,162
11/18/2014,PHF,VA,AEA,EN,Towers with Radar,0,42,8,31,81,0,0,22,6,28,0,42,30,37,109,40,112,152,261
11/19/2014,PHF,VA,AEA,EN,Towers with Radar,2,44,25,30,101,0,0,26,6,32,2,44,51,36,133,50,44,94,227
11/20/2014,PHF,VA,AEA,EN,Towers with Radar,0,45,35,22,102,0,0,38,4,42,0,45,73,26,144,24,52,76,220
11/21/2014,PHF,VA,AEA,EN,Towers with Radar,2,35,33,10,80,0,0,44,22,66,2,35,77,32,146,79,106,185,331
11/22/2014,PHF,VA,AEA,EN,Towers with Radar,0,26,16,0,42,0,1,55,0,56,0,27,71,0,98,152,0,152,250
11/23/2014,PHF,VA,AEA,EN,Towers with Radar,0,37,35,2,74,0,0,16,0,16,0,37,51,2,90,28,0,28,118
11/24/2014,PHF,VA,AEA,EN,Towers with Radar,2,44,18,51,115,0,0,21,16,37,2,44,39,67,152,50,180,230,382
11/25/2014,PHF,VA,AEA,EN,Towers with Radar,0,48,25,50,123,0,0,16,7,23,0,48,41,57,146,14,152,166,312
11/26/2014,PHF,VA,AEA,EN,Towers with Radar,2,32,14,0,48,0,0,0,0,0,2,32,14,0,48,0,0,0,48
11/27/2014,PHF,VA,AEA,EN,Towers with Radar,1,13,7,0,21,0,0,0,0,0,1,13,7,0,21,0,0,0,21
11/28/2014,PHF,VA,AEA,EN,Towers with Radar,3,17,17,0,37,0,0,42,0,42,3,17,59,0,79,108,0,108,187
11/29/2014,PHF,VA,AEA,EN,Towers with Radar,0,29,31,0,60,0,0,59,0,59,0,29,90,0,119,78,0,78,197
11/30/2014,PHF,VA,AEA,EN,Towers with Radar,0,33,33,0,66,0,0,17,0,17,0,33,50,0,83,6,0,6,89
12/01/2014,PHF,VA,AEA,EN,Towers with Radar,2,54,23,29,108,0,0,50,2,52,2,54,73,31,160,128,42,170,330
12/02/2014,PHF,VA,AEA,EN,Towers with Radar,0,35,15,9,59,0,0,0,0,0,0,35,15,9,59,0,0,0,59
12/03/2014,PHF,VA,AEA,EN,Towers with Radar,2,51,25,22,100,0,0,65,11,76,2,51,90,33,176,178,46,224,400
12/04/2014,PHF,VA,AEA,EN,Towers with Radar,0,49,40,27,116,0,0,115,5,120,0,49,155,32,236,166,44,210,446
12/05/2014,PHF,VA,AEA,EN,Towers with Radar,3,41,30,40,114,0,0,61,5,66,3,41,91,45,180,87,29,116,296
12/06/2014,PHF,VA,AEA,EN,Towers with Radar,0,21,30,0,51,0,0,6,0,6,0,21,36,0,57,24,0,24,81
12/07/2014,PHF,VA,AEA,EN,Towers with Radar,0,32,14,7,53,0,0,1,0,1,0,32,15,7,54,0,0,0,54
12/08/2014,PHF,VA,AEA,EN,Towers with Radar,2,56,38,21,117,0,0,19,7,26,2,56,57,28,143,62,56,118,261
12/09/2014,PHF,VA,AEA,EN,Towers with Radar,0,38,7,6,51,0,0,3,0,3,0,38,10,6,54,0,0,0,54
12/10/2014,PHF,VA,AEA,EN,Towers with Radar,2,39,32,41,114,0,0,43,11,54,2,39,75,52,168,132,94,226,394
12/11/2014,PHF,VA,AEA,EN,Towers with Radar,0,46,21,49,116,0,0,47,14,61,0,46,68,63,177,146,98,244,421
12/12/2014,PHF,VA,AEA,EN,Towers with Radar,2,34,29,51,116,0,0,51,3,54,2,34,80,54,170,90,106,196,366
12/13/2014,PHF,VA,AEA,EN,Towers with Radar,0,21,16,0,37,0,0,70,0,70,0,21,86,0,107,126,0,126,233
12/14/2014,PHF,VA,AEA,EN,Towers with Radar,0,36,20,0,56,0,0,63,0,63,0,36,83,0,119,108,0,108,227
12/15/2014,PHF,VA,AEA,EN,Towers with Radar,2,43,22,29,96,0,0,118,16,134,2,43,140,45,230,150,48,198,428
12/16/2014,PHF,VA,AEA,EN,Towers with Radar,0,38,13,64,115,0,0,29,16,45,0,38,42,80,160,32,76,108,268
12/17/2014,PHF,VA,AEA,EN,Towers with Radar,2,42,17,39,100,0,0,70,8,78,2,42,87,47,178,90,78,168,346
12/18/2014,PHF,VA,AEA,EN,Towers with Radar,0,52,20,34,106,0,0,72,13,85,0,52,92,47,191,156,72,228,419
12/19/2014,PHF,VA,AEA,EN,Towers with Radar,2,44,24,28,98,0,0,72,4,76,2,44,96,32,174,140,40,180,354
12/20/2014,PHF,VA,AEA,EN,Towers with Radar,0,22,24,0,46,0,0,38,0,38,0,22,62,0,84,40,0,40,124
12/21/2014,PHF,VA,AEA,EN,Towers with Radar,2,27,28,0,57,0,0,18,0,18,2,27,46,0,75,28,0,28,103
12/22/2014,PHF,VA,AEA,EN,Towers with Radar,0,25,6,6,37,0,0,0,0,0,0,25,6,6,37,0,0,0,37
12/23/2014,PHF,VA,AEA,EN,Towers with Radar,2,26,21,4,53,0,0,0,0,0,2,26,21,4,53,0,0,0,53
12/24/2014,PHF,VA,AEA,EN,Towers with Radar,0,18,4,0,22,0,0,0,0,0,0,18,4,0,22,0,0,0,22
12/25/2014,PHF,VA,AEA,EN,Towers with Radar,2,20,1,0,23,0,0,2,0,2,2,20,3,0,25,0,0,0,25
12/26/2014,PHF,VA,AEA,EN,Towers with Radar,0,29,14,0,43,0,0,96,0,96,0,29,110,0,139,90,10,100,239
12/27/2014,PHF,VA,AEA,EN,Towers with Radar,0,29,15,0,44,0,0,87,0,87,0,29,102,0,131,162,0,162,293
12/28/2014,PHF,VA,AEA,EN,Towers with Radar,2,26,13,3,44,0,0,4,0,4,2,26,17,3,48,16,0,16,64
12/29/2014,PHF,VA,AEA,EN,Towers with Radar,0,25,12,3,40,0,0,0,0,0,0,25,12,3,40,0,0,0,40
12/30/2014,PHF,VA,AEA,EN,Towers with Radar,2,25,17,34,78,0,0,24,0,24,2,25,41,34,102,56,18,74,176
12/31/2014,PHF,VA,AEA,EN,Towers with Radar,0,24,17,2,43,0,0,56,0,56,0,24,73,2,99,42,22,64,163
01/01/2015,PHF,VA,AEA,EN,Towers with Radar,2,20,7,0,29,0,0,44,0,44,2,20,51,0,73,48,0,48,121
01/02/2015,PHF,VA,AEA,EN,Towers with Radar,0,26,29,2,57,0,0,50,0,50,0,26,79,2,107,76,0,76,183
01/03/2015,PHF,VA,AEA,EN,Towers with Radar,0,21,26,2,49,0,0,11,0,11,0,21,37,2,60,18,0,18,78
01/04/2015,PHF,VA,AEA,EN,Towers with Radar,2,31,15,0,48,0,0,0,0,0,2,31,15,0,48,0,0,0,48
01/05/2015,PHF,VA,AEA,EN,Towers with Radar,0,28,13,19,60,0,0,60,20,80,0,28,73,39,140,98,46,144,284
01/06/2015,PHF,VA,AEA,EN,Towers with Radar,2,31,16,21,70,0,0,37,8,45,2,31,53,29,115,96,54,150,265
01/07/2015,PHF,VA,AEA,EN,Towers with Radar,0,37,12,74,123,0,0,21,18,39,0,37,33,92,162,44,178,222,384
01/08/2015,PHF,VA,AEA,EN,Towers with Radar,0,29,15,33,77,0,0,45,12,57,0,29,60,45,134,60,99,159,293
01/09/2015,PHF,VA,AEA,EN,Towers with Radar,0,33,24,43,100,0,1,22,0,23,0,34,46,43,123,40,168,208,331
01/10/2015,PHF,VA,AEA,EN,Towers with Radar,0,25,14,6,45,0,0,67,0,67,0,25,81,6,112,152,0,152,264
01/11/2015,PHF,VA,AEA,EN,Towers with Radar,0,39,11,7,57,0,1,29,2,32,0,40,40,9,89,132,0,132,221
01/12/2015,PHF,VA,AEA,EN,Towers with Radar,0,34,16,13,63,0,0,0,0,0,0,34,16,13,63,0,0,0,63
01/13/2015,PHF,VA,AEA,EN,Towers with Radar,0,37,19,34,90,0,0,57,11,68,0,37,76,45,158,154,218,372,530
01/14/2015,PHF,VA,AEA,EN,Towers with Radar,0,34,6,0,40,0,0,0,0,0,0,34,6,0,40,0,0,0,40
01/15/2015,PHF,VA,AEA,EN,Towers with Radar,0,43,13,21,77,0,0,0,0,0,0,43,13,21,77,0,0,0,77
01/16/2015,PHF,VA,AEA,EN,Towers with Radar,0,36,33,26,95,0,0,101,9,110,0,36,134,35,205,144,18,162,367
01/17/2015,PHF,VA,AEA,EN,Towers with Radar,0,18,32,2,52,0,0,125,0,125,0,18,157,2,177,196,0,196,373
01/18/2015,PHF,VA,AEA,EN,Towers with Radar,0,25,12,0,37,0,0,0,0,0,0,25,12,0,37,0,0,0,37
01/19/2015,PHF,VA,AEA,EN,Towers with Radar,0,27,38,0,65,0,0,65,0,65,0,27,103,0,130,132,0,132,262
01/20/2015,PHF,VA,AEA,EN,Towers with Radar,0,37,10,23,70,0,0,71,16,87,0,37,81,39,157,150,46,196,353
01/21/2015,PHF,VA,AEA,EN,Towers with Radar,0,35,17,31,83,0,0,37,18,55,0,35,54,49,138,108,128,236,374
01/22/2015,PHF,VA,AEA,EN,Towers with Radar,0,47,20,8,75,0,0,35,3,38,0,47,55,11,113,64,4,68,181
01/23/2015,PHF,VA,AEA,EN,Towers with Radar,0,28,29,26,83,0,0,41,5,46,0,28,70,31,129,128,66,194,323
01/24/2015,PHF,VA,AEA,EN,Towers with Radar,0,20,4,0,24,0,0,0,0,0,0,20,4,0,24,0,0,0,24
01/25/2015,PHF,VA,AEA,EN,Towers with Radar,0,26,45,2,73,0,0,53,0,53,0,26,98,2,126,46,0,46,172
01/26/2015,PHF,VA,AEA,EN,Towers with Radar,0,27,16,23,66,0,0,19,0,19,0,27,35,23,85,110,32,142,227
01/27/2015,PHF,VA,AEA,EN,Towers with Radar,0,20,5,15,40,0,0,16,4,20,0,20,21,19,60,60,26,86,146
01/28/2015,PHF,VA,AEA,EN,Towers with Radar,0,33,25,11,69,0,1,34,3,38,0,34,59,14,107,50,1,51,158
01/29/2015,PHF,VA,AEA,EN,Towers with Radar,0,51,24,5,80,0,0,55,14,69,0,51,79,19,149,242,108,350,499
01/30/2015,PHF,VA,AEA,EN,Towers with Radar,0,30,18,25,73,0,0,6,6,12,0,30,24,31,85,0,14,14,99
01/31/2015,PHF,VA,AEA,EN,Towers with Radar,0,20,14,23,57,0,0,70,2,72,0,20,84,25,129,68,66,134,263
02/01/2015,PHF,VA,AEA,EN,Towers with Radar,1,19,4,0,24,0,0,31,0,31,1,19,35,0,55,44,0,44,99
02/02/2015,PHF,VA,AEA,EN,Towers with Radar,2,22,10,23,57,0,0,48,8,56,2,22,58,31,113,108,70,178,291
02/03/2015,PHF,VA,AEA,EN,Towers with Radar,2,35,13,21,71,0,2,70,7,79,2,37,83,28,150,142,70,212,362
02/04/2015,PHF,VA,AEA,EN,Towers with Radar,2,37,31,36,106,0,0,50,12,62,2,37,81,48,168,138,300,438,606
02/05/2015,PHF,VA,AEA,EN,Towers with Radar,2,30,9,19,60,0,1,2,9,12,2,31,11,28,72,0,126,126,198
02/06/2015,PHF,VA,AEA,EN,Towers with Radar,2,24,19,8,53,0,0,45,5,50,2,24,64,13,103,92,108,200,303
02/07/2015,PHF,VA,AEA,EN,Towers with Radar,1,23,19,9,52,0,0,93,0,93,1,23,112,9,145,128,0,128,273
02/08/2015,PHF,VA,AEA,EN,Towers with Radar,1,22,10,3,36,0,0,50,0,50,1,22,60,3,86,68,0,68,154
02/09/2015,PHF,VA,AEA,EN,Towers with Radar,2,36,13,19,70,0,0,38,1,39,2,36,51,20,109,58,76,134,243
02/10/2015,PHF,VA,AEA,EN,Towers with Radar,2,26,11,0,39,0,0,0,0,0,2,26,11,0,39,0,0,0,39
02/11/2015,PHF,VA,AEA,EN,Towers with Radar,3,36,22,26,87,0,0,55,5,60,3,36,77,31,147,184,82,266,413
02/12/2015,PHF,VA,AEA,EN,Towers with Radar,2,32,12,4,50,0,0,13,9,22,2,32,25,13,72,34,20,54,126
02/13/2015,PHF,VA,AEA,EN,Towers with Radar,1,39,17,26,83,0,0,62,7,69,1,39,79,33,152,180,108,288,440
02/14/2015,PHF,VA,AEA,EN,Towers with Radar,2,23,10,9,44,0,0,23,0,23,2,23,33,9,67,50,16,66,133
02/15/2015,PHF,VA,AEA,EN,Towers with Radar,1,27,7,0,35,0,0,3,1,4,1,27,10,1,39,4,0,4,43
02/16/2015,PHF,VA,AEA,EN,Towers with Radar,1,22,19,1,43,0,0,20,0,20,1,22,39,1,63,34,0,34,97
02/17/2015,PHF,VA,AEA,EN,Towers with Radar,1,11,3,0,15,0,0,1,0,1,1,11,4,0,16,0,0,0,16
02/18/2015,PHF,VA,AEA,EN,Towers with Radar,2,20,21,6,49,0,0,7,5,12,2,20,28,11,61,0,8,8,69
02/19/2015,PHF,VA,AEA,EN,Towers with Radar,2,31,13,2,48,0,0,10,0,10,2,31,23,2,58,0,2,2,60
02/20/2015,PHF,VA,AEA,EN,Towers with Radar,2,28,16,7,53,0,0,48,4,52,2,28,64,11,105,184,62,246,351
02/21/2015,PHF,VA,AEA,EN,Towers with Radar,2,19,6,5,32,0,0,16,9,25,2,19,22,14,57,63,8,71,128
02/22/2015,PHF,VA,AEA,EN,Towers with Radar,1,26,15,0,42,0,0,0,0,0,1,26,15,0,42,0,0,0,42
02/23/2015,PHF,VA,AEA,EN,Towers with Radar,2,39,16,40,97,0,0,52,9,61,2,39,68,49,158,172,40,212,370
02/24/2015,PHF,VA,AEA,EN,Towers with Radar,1,17,7,26,51,0,0,21,0,21,1,17,28,26,72,48,7,55,127
02/25/2015,PHF,VA,AEA,EN,Towers with Radar,1,30,27,20,78,0,0,36,16,52,1,30,63,36,130,82,144,226,356
02/26/2015,PHF,VA,AEA,EN,Towers with Radar,1,2,0,2,5,0,0,0,0,0,1,2,0,2,5,0,0,0,5
02/27/2015,PHF,VA,AEA,EN,Towers with Radar,2,30,18,9,59,0,1,27,5,33,2,31,45,14,92,148,16,164,256
02/28/2015,PHF,VA,AEA,EN,Towers with Radar,3,18,15,4,40,0,0,63,5,68,3,18,78,9,108,136,10,146,254
03/01/2015,PHF,VA,AEA,EN,Towers with Radar,2,19,8,0,29,0,0,0,0,0,2,19,8,0,29,0,0,0,29
03/02/2015,PHF,VA,AEA,EN,Towers with Radar,1,42,26,26,95,0,1,58,7,66,1,43,84,33,161,130,62,192,353
03/03/2015,PHF,VA,AEA,EN,Towers with Radar,2,46,13,36,97,0,0,58,12,70,2,46,71,48,167,100,96,196,363
03/04/2015,PHF,VA,AEA,EN,Towers with Radar,0,47,17,25,89,0,0,11,0,11,0,47,28,25,100,26,32,58,158
03/05/2015,PHF,VA,AEA,EN,Towers with Radar,1,23,5,0,29,0,0,0,0,0,1,23,5,0,29,0,0,0,29
03/06/2015,PHF,VA,AEA,EN,Towers with Radar,2,41,25,41,109,0,1,46,3,50,2,42,71,44,159,88,112,200,359
03/07/2015,PHF,VA,AEA,EN,Towers with Radar,1,37,12,10,60,0,0,66,9,75,1,37,78,19,135,52,14,66,201
03/08/2015,PHF,VA,AEA,EN,Towers with Radar,1,40,15,11,67,0,1,69,6,76,1,41,84,17,143,82,4,86,229
03/09/2015,PHF,VA,AEA,EN,Towers with Radar,3,28,27,37,95,0,0,44,4,48,3,28,71,41,143,106,35,141,284
03/10/2015,PHF,VA,AEA,EN,Towers with Radar,1,38,16,34,89,0,1,43,4,48,1,39,59,38,137,129,156,285,422
03/11/2015,PHF,VA,AEA,EN,Towers with Radar,1,37,30,18,86,0,0,2,0,2,1,37,32,18,88,6,20,26,114
03/12/2015,PHF,VA,AEA,EN,Towers with Radar,1,48,39,33,121,0,0,64,6,70,1,48,103,39,191,134,50,184,375
03/13/2015,PHF,VA,AEA,EN,Towers with Radar,1,32,26,9,68,0,0,72,6,78,1,32,98,15,146,122,116,238,384
03/14/2015,PHF,VA,AEA,EN,Towers with Radar,3,18,6,0,27,0,0,3,0,3,3,18,9,0,30,0,0,0,30
03/15/2015,PHF,VA,AEA,EN,Towers with Radar,0,27,13,0,40,0,0,19,0,19,0,27,32,0,59,14,0,14,73
03/16/2015,PHF,VA,AEA,EN,Towers with Radar,1,35,21,50,107,0,0,49,19,68,1,35,70,69,175,72,86,158,333
03/17/2015,PHF,VA,AEA,EN,Towers with Radar,0,43,18,25,86,0,0,45,12,57,0,43,63,37,143,190,108,298,441
03/18/2015,PHF,VA,AEA,EN,Towers with Radar,1,44,37,37,119,0,2,46,17,65,1,46,83,54,184,126,116,242,426
03/19/2015,PHF,VA,AEA,EN,Towers with Radar,1,45,30,28,104,0,0,57,13,70,1,45,87,41,174,122,108,230,404
03/20/2015,PHF,VA,AEA,EN,Towers with Radar,1,29,25,10,65,0,0,0,0,0,1,29,25,10,65,0,0,0,65
03/21/2015,PHF,VA,AEA,EN,Towers with Radar,0,26,38,6,70,0,0,71,0,71,0,26,109,6,141,96,0,96,237
03/22/2015,PHF,VA,AEA,EN,Towers with Radar,1,34,38,3,76,0,0,58,0,58,1,34,96,3,134,138,0,138,272
03/23/2015,PHF,VA,AEA,EN,Towers with Radar,1,42,31,19,93,0,0,29,8,37,1,42,60,27,130,40,254,294,424
03/24/2015,PHF,VA,AEA,EN,Towers with Radar,0,31,34,28,93,0,0,43,4,47,0,31,77,32,140,58,98,156,296
03/25/2015,PHF,VA,AEA,EN,Towers with Radar,1,34,28,19,82,0,0,32,8,40,1,34,60,27,122,76,44,120,242
03/26/2015,PHF,VA,AEA,EN,Towers with Radar,1,35,8,14,58,0,0,2,0,2,1,35,10,14,60,14,0,14,74
03/27/2015,PHF,VA,AEA,EN,Towers with Radar,1,30,18,9,58,0,0,18,0,18,1,30,36,9,76,20,24,44,120
03/28/2015,PHF,VA,AEA,EN,Towers with Radar,0,25,9,2,36,0,0,42,0,42,0,25,51,2,78,82,0,82,160
03/29/2015,PHF,VA,AEA,EN,Towers with Radar,1,29,30,3,63,0,0,43,0,43,1,29,73,3,106,104,0,104,210
03/30/2015,PHF,VA,AEA,EN,Towers with Radar,1,37,20,14,72,0,0,51,5,56,1,37,71,19,128,86,54,140,268
03/31/2015,PHF,VA,AEA,EN,Towers with Radar,0,40,22,13,75,0,0,41,15,56,0,40,63,28,131,72,92,164,295
04/01/2015,PHF,VA,AEA,EN,Towers with Radar,0,42,34,17,93,0,0,70,3,73,0,42,104,20,166,202,50,252,418
04/02/2015,PHF,VA,AEA,EN,Towers with Radar,0,32,26,28,86,0,0,43,10,53,0,32,69,38,139,64,150,214,353
04/03/2015,PHF,VA,AEA,EN,Towers with Radar,2,38,15,6,61,0,0,12,1,13,2,38,27,7,74,4,0,4,78
04/04/2015,PHF,VA,AEA,EN,Towers with Radar,0,30,11,0,41,0,0,16,0,16,0,30,27,0,57,52,0,52,109
04/05/2015,PHF,VA,AEA,EN,Towers with Radar,4,24,11,0,39,0,0,52,1,53,4,24,63,1,92,10,2,12,104
04/06/2015,PHF,VA,AEA,EN,Towers with Radar,2,34,22,13,71,0,0,28,5,33,2,34,50,18,104,70,68,138,242
04/07/2015,PHF,VA,AEA,EN,Towers with Radar,5,30,24,37,96,0,0,33,8,41,5,30,57,45,137,80,300,380,517
04/08/2015,PHF,VA,AEA,EN,Towers with Radar,6,20,18,2,46,0,0,0,0,0,6,20,18,2,46,0,0,0,46
04/09/2015,PHF,VA,AEA,EN,Towers with Radar,6,27,18,10,61,0,0,0,0,0,6,27,18,10,61,0,0,0,61
04/10/2015,PHF,VA,AEA,EN,Towers with Radar,6,22,37,8,73,0,0,5,3,8,6,22,42,11,81,0,66,66,147
04/11/2015,PHF,VA,AEA,EN,Towers with Radar,7,29,34,0,70,0,0,91,1,92,7,29,125,1,162,134,18,152,314
04/12/2015,PHF,VA,AEA,EN,Towers with Radar,6,32,27,4,69,0,0,66,0,66,6,32,93,4,135,119,0,119,254
04/13/2015,PHF,VA,AEA,EN,Towers with Radar,6,22,41,6,75,0,0,47,2,49,6,22,88,8,124,110,18,128,252
04/14/2015,PHF,VA,AEA,EN,Towers with Radar,7,28,19,16,70,0,0,3,0,3,7,28,22,16,73,2,0,2,75
04/15/2015,PHF,VA,AEA,EN,Towers with Radar,5,22,35,21,83,0,0,54,21,75,5,22,89,42,158,76,136,212,370
04/16/2015,PHF,VA,AEA,EN,Towers with Radar,6,23,40,18,87,0,0,47,9,56,6,23,87,27,143,128,46,174,317
04/17/2015,PHF,VA,AEA,EN,Towers with Radar,6,25,38,42,111,0,0,61,11,72,6,25,99,53,183,140,172,312,495
04/18/2015,PHF,VA,AEA,EN,Towers with Radar,6,18,18,0,42,0,0,66,6,72,6,18,84,6,114,32,0,32,146
04/19/2015,PHF,VA,AEA,EN,Towers with Radar,5,22,30,8,65,0,0,28,0,28,5,22,58,8,93,22,0,22,115
04/20/2015,PHF,VA,AEA,EN,Towers with Radar,6,27,24,17,74,0,0,34,15,49,6,27,58,32,123,102,254,356,479
04/21/2015,PHF,VA,AEA,EN,Towers with Radar,6,30,31,15,82,0,0,51,10,61,6,30,82,25,143,118,62,180,323
04/22/2015,PHF,VA,AEA,EN,Towers with Radar,6,26,53,6,91,0,0,21,24,45,6,26,74,30,136,34,172,206,342
04/23/2015,PHF,VA,AEA,EN,Towers with Radar,6,26,40,41,113,0,1,54,12,67,6,27,94,53,180,102,148,250,430
04/24/2015,PHF,VA,AEA,EN,Towers with Radar,6,28,39,13,86,0,2,8,0,10,6,30,47,13,96,0,0,0,96
04/25/2015,PHF,VA,AEA,EN,Towers with Radar,6,23,33,7,69,0,0,26,2,28,6,23,59,9,97,24,34,58,155
04/26/2015,PHF,VA,AEA,EN,Towers with Radar,4,29,50,0,83,0,0,15,0,15,4,29,65,0,98,32,0,32,130
04/27/2015,PHF,VA,AEA,EN,Towers with Radar,6,23,45,10,84,0,0,51,9,60,6,23,96,19,144,136,118,254,398
04/28/2015,PHF,VA,AEA,EN,Towers with Radar,6,31,17,19,73,0,0,48,2,50,6,31,65,21,123,134,10,144,267
04/29/2015,PHF,VA,AEA,EN,Towers with Radar,6,21,30,14,71,0,0,53,5,58,6,21,83,19,129,108,140,248,377
04/30/2015,PHF,VA,AEA,EN,Towers with Radar,6,29,26,13,74,0,0,8,6,14,6,29,34,19,88,60,26,86,174
05/01/2015,PHF,VA,AEA,EN,Towers with Radar,6,27,22,0,55,0,0,2,7,9,6,27,24,7,64,0,168,168,232
05/02/2015,PHF,VA,AEA,EN,Towers with Radar,6,23,30,0,59,0,1,88,0,89,6,24,118,0,148,132,0,132,280
05/03/2015,PHF,VA,AEA,EN,Towers with Radar,6,20,16,2,44,0,0,43,0,43,6,20,59,2,87,28,0,28,115
05/04/2015,PHF,VA,AEA,EN,Towers with Radar,6,20,25,17,68,0,0,63,14,77,6,20,88,31,145,128,68,196,341
05/05/2015,PHF,VA,AEA,EN,Towers with Radar,5,39,23,20,87,0,0,64,14,78,5,39,87,34,165,142,220,362,527
05/06/2015,PHF,VA,AEA,EN,Towers with Radar,6,30,29,19,84,0,0,68,16,84,6,30,97,35,168,220,216,436,604
05/07/2015,PHF,VA,AEA,EN,Towers with Radar,5,40,33,19,97,0,0,73,8,81,5,40,106,27,178,180,106,286,464
05/08/2015,PHF,VA,AEA,EN,Towers with Radar,6,25,35,23,89,0,0,54,0,54,6,25,89,23,143,210,0,210,353
05/09/2015,PHF,VA,AEA,EN,Towers with Radar,6,14,23,17,60,0,0,15,2,17,6,14,38,19,77,18,6,24,101
05/10/2015,PHF,VA,AEA,EN,Towers with Radar,6,30,16,1,53,0,0,8,0,8,6,30,24,1,61,26,0,26,87
05/11/2015,PHF,VA,AEA,EN,Towers with Radar,6,31,16,18,71,0,0,58,6,64,6,31,74,24,135,150,54,204,339
05/12/2015,PHF,VA,AEA,EN,Towers with Radar,4,35,23,24,86,0,0,59,7,66,4,35,82,31,152,124,42,166,318
05/13/2015,PHF,VA,AEA,EN,Towers with Radar,6,33,30,9,78,0,0,76,1,77,6,33,106,10,155,114,24,138,293
05/14/2015,PHF,VA,AEA,EN,Towers with Radar,5,28,40,15,88,0,0,71,0,71,5,28,111,15,159,100,2,102,261
05/15/2015,PHF,VA,AEA,EN,Towers with Radar,5,32,29,26,92,0,0,57,1,58,5,32,86,27,150,202,12,214,364
05/16/2015,PHF,VA,AEA,EN,Towers with Radar,6,26,16,0,48,0,0,82,2,84,6,26,98,2,132,146,0,146,278
05/17/2015,PHF,VA,AEA,EN,Towers with Radar,3,26,26,3,58,0,0,67,1,68,3,26,93,4,126,84,2,86,212
05/18/2015,PHF,VA,AEA,EN,Towers with Radar,3,30,13,13,59,0,0,38,6,44,3,30,51,19,103,86,0,86,189
05/19/2015,PHF,VA,AEA,EN,Towers with Radar,4,44,38,8,94,0,0,62,18,80,4,44,100,26,174,178,82,260,434
05/20/2015,PHF,VA,AEA,EN,Towers with Radar,6,36,35,26,103,0,0,131,11,142,6,36,166,37,245,276,18,294,539
05/21/2015,PHF,VA,AEA,EN,Towers with Radar,6,25,51,6,88,0,0,14,0,14,6,25,65,6,102,36,0,36,138
05/22/2015,PHF,VA,AEA,EN,Towers with Radar,10,19,25,12,66,0,0,96,0,96,10,19,121,12,162,202,10,212,374
05/23/2015,PHF,VA,AEA,EN,Towers with Radar,6,16,22,2,46,0,0,94,0,94,6,16,116,2,140,212,0,212,352
05/24/2015,PHF,VA,AEA,EN,Towers with Radar,5,20,8,1,34,0,0,63,0,63,5,20,71,1,97,86,0,86,183
05/25/2015,PHF,VA,AEA,EN,Towers with Radar,5,18,9,8,40,0,0,47,0,47,5,18,56,8,87,110,10,120,207
05/26/2015,PHF,VA,AEA,EN,Towers with Radar,3,28,23,15,69,0,0,68,19,87,3,28,91,34,156,160,162,322,478
05/27/2015,PHF,VA,AEA,EN,Towers with Radar,7,29,27,44,107,0,0,53,16,69,7,29,80,60,176,76,162,238,414
05/28/2015,PHF,VA,AEA,EN,Towers with Radar,5,30,13,39,87,0,0,46,4,50,5,30,59,43,137,98,100,198,335
05/29/2015,PHF,VA,AEA,EN,Towers with Radar,6,24,28,30,88,0,1,54,3,58,6,25,82,33,146,146,24,170,316
05/30/2015,PHF,VA,AEA,EN,Towers with Radar,5,18,24,0,47,0,0,65,0,65,5,18,89,0,112,140,0,140,252
05/31/2015,PHF,VA,AEA,EN,Towers with Radar,5,22,13,0,40,0,0,52,0,52,5,22,65,0,92,12,0,12,104
06/01/2015,PHF,VA,AEA,EN,Towers with Radar,5,32,22,62,121,0,0,60,2,62,5,32,82,64,183,106,114,220,403
06/02/2015,PHF,VA,AEA,EN,Towers with Radar,7,31,17,15,70,0,0,13,4,17,7,31,30,19,87,26,28,54,141
06/03/2015,PHF,VA,AEA,EN,Towers with Radar,5,20,34,7,66,0,0,2,0,2,5,20,36,7,68,0,0,0,68
06/04/2015,PHF,VA,AEA,EN,Towers with Radar,8,30,18,1,57,0,0,0,0,0,8,30,18,1,57,0,0,0,57
06/05/2015,PHF,VA,AEA,EN,Towers with Radar,9,19,43,14,85,0,0,2,1,3,9,19,45,15,88,0,0,0,88
06/06/2015,PHF,VA,AEA,EN,Towers with Radar,4,25,27,1,57,0,0,35,0,35,4,25,62,1,92,104,0,104,196
06/07/2015,PHF,VA,AEA,EN,Towers with Radar,5,30,13,0,48,0,0,106,0,106,5,30,119,0,154,148,0,148,302
06/08/2015,PHF,VA,AEA,EN,Towers with Radar,8,34,22,18,82,0,0,55,7,62,8,34,77,25,144,160,36,196,340
06/09/2015,PHF,VA,AEA,EN,Towers with Radar,7,33,23,34,97,0,2,41,0,43,7,35,64,34,140,84,40,124,264
06/10/2015,PHF,VA,AEA,EN,Towers with Radar,7,23,22,22,74,0,0,60,10,70,7,23,82,32,144,182,114,296,440
06/11/2015,PHF,VA,AEA,EN,Towers with Radar,7,40,26,47,120,0,0,100,14,114,7,40,126,61,234,216,168,384,618
06/12/2015,PHF,VA,AEA,EN,Towers with Radar,8,36,38,42,124,0,0,64,22,86,8,36,102,64,210,146,78,224,434
06/13/2015,PHF,VA,AEA,EN,Towers with Radar,7,32,16,18,73,0,0,33,11,44,7,32,49,29,117,58,70,128,245
06/14/2015,PHF,VA,AEA,EN,Towers with Radar,10,36,27,6,79,0,1,55,0,56,10,37,82,6,135,56,4,60,195
06/15/2015,PHF,VA,AEA,EN,Towers with Radar,8,33,14,46,101,0,0,51,7,58,8,33,65,53,159,156,66,222,381
06/16/2015,PHF,VA,AEA,EN,Towers with Radar,5,44,19,36,104,0,1,62,5,68,5,45,81,41,172,74,82,156,328
06/17/2015,PHF,VA,AEA,EN,Towers with Radar,10,25,35,32,102,0,0,71,18,89,10,25,106,50,191,194,160,354,545
06/18/2015,PHF,VA,AEA,EN,Towers with Radar,7,26,41,47,121,0,1,48,13,62,7,27,89,60,183,88,86,174,357
06/19/2015,PHF,VA,AEA,EN,Towers with Radar,7,30,35,43,115,0,0,60,0,60,7,30,95,43,175,131,10,141,316
06/20/2015,PHF,VA,AEA,EN,Towers with Radar,7,24,23,2,56,0,0,18,0,18,7,24,41,2,74,28,0,28,102
06/21/2015,PHF,VA,AEA,EN,Towers with Radar,7,19,30,6,62,0,0,51,0,51,7,19,81,6,113,38,6,44,157
06/22/2015,PHF,VA,AEA,EN,Towers with Radar,7,29,27,52,115,0,0,70,9,79,7,29,97,61,194,164,76,240,434
06/23/2015,PHF,VA,AEA,EN,Towers with Radar,8,31,20,32,91,0,2,56,11,69,8,33,76,43,160,130,250,380,540
06/24/2015,PHF,VA,AEA,EN,Towers with Radar,7,33,32,20,92,0,0,49,1,50,7,33,81,21,142,128,22,150,292
06/25/2015,PHF,VA,AEA,EN,Towers with Radar,6,30,25,20,81,0,1,37,2,40,6,31,62,22,121,100,20,120,241
06/26/2015,PHF,VA,AEA,EN,Towers with Radar,6,32,18,4,60,0,0,27,6,33,6,32,45,10,93,96,90,186,279
06/27/2015,PHF,VA,AEA,EN,Towers with Radar,6,16,20,5,47,0,0,20,0,20,6,16,40,5,67,6,0,6,73
06/28/2015,PHF,VA,AEA,EN,Towers with Radar,6,26,21,3,56,0,0,38,0,38,6,26,59,3,94,48,0,48,142
06/29/2015,PHF,VA,AEA,EN,Towers with Radar,6,26,24,33,89,0,0,68,10,78,6,26,92,43,167,188,104,292,459
06/30/2015,PHF,VA,AEA,EN,Towers with Radar,4,29,35,23,91,0,0,66,10,76,4,29,101,33,167,118,134,252,419
07/01/2015,PHF,VA,AEA,EN,Towers with Radar,6,26,24,10,66,0,0,59,0,59,6,26,83,10,125,162,124,286,411
07/02/2015,PHF,VA,AEA,EN,Towers with Radar,6,28,28,9,71,0,0,38,0,38,6,28,66,9,109,44,6,50,159
07/03/2015,PHF,VA,AEA,EN,Towers with Radar,8,17,17,0,42,0,0,46,0,46,8,17,63,0,88,86,0,86,174
07/04/2015,PHF,VA,AEA,EN,Towers with Radar,4,13,15,0,32,0,0,13,0,13,4,13,28,0,45,40,0,40,85
07/05/2015,PHF,VA,AEA,EN,Towers with Radar,9,19,14,0,42,0,0,31,0,31,9,19,45,0,73,60,0,60,133
07/06/2015,PHF,VA,AEA,EN,Towers with Radar,8,23,26,11,68,0,0,71,9,80,8,23,97,20,148,152,74,226,374
07/07/2015,PHF,VA,AEA,EN,Towers with Radar,6,30,12,31,79,0,0,69,3,72,6,30,81,34,151,154,88,242,393
07/08/2015,PHF,VA,AEA,EN,Towers with Radar,8,38,21,23,90,0,0,47,2,49,8,38,68,25,139,108,74,182,321
07/09/2015,PHF,VA,AEA,EN,Towers with Radar,9,37,24,46,116,0,0,52,6,58,9,37,76,52,174,86,94,180,354
07/10/2015,PHF,VA,AEA,EN,Towers with Radar,8,24,19,24,75,0,0,80,5,85,8,24,99,29,160,116,96,212,372
07/11/2015,PHF,VA,AEA,EN,Towers with Radar,6,12,18,5,41,0,0,9,0,9,6,12,27,5,50,48,0,48,98
07/12/2015,PHF,VA,AEA,EN,Towers with Radar,9,21,27,0,57,0,0,49,0,49,9,21,76,0,106,128,0,128,234
07/13/2015,PHF,VA,AEA,EN,Towers with Radar,7,29,19,23,78,0,0,36,2,38,7,29,55,25,116,86,80,166,282
07/14/2015,PHF,VA,AEA,EN,Towers with Radar,7,20,16,11,54,0,0,34,8,42,7,20,50,19,96,54,54,108,204
07/15/2015,PHF,VA,AEA,EN,Towers with Radar,9,21,20,16,66,0,0,20,17,37,9,21,40,33,103,24,128,152,255
07/16/2015,PHF,VA,AEA,EN,Towers with Radar,7,29,28,12,76,0,0,44,11,55,7,29,72,23,131,40,198,238,369
07/17/2015,PHF,VA,AEA,EN,Towers with Radar,9,26,27,37,99,0,0,57,2,59,9,26,84,39,158,136,46,182,340
07/18/2015,PHF,VA,AEA,EN,Towers with Radar,5,11,26,4,46,0,0,41,0,41,5,11,67,4,87,40,0,40,127
07/19/2015,PHF,VA,AEA,EN,Towers with Radar,7,22,16,8,53,0,0,38,2,40,7,22,54,10,93,74,2,76,169
07/20/2015,PHF,VA,AEA,EN,Towers with Radar,7,29,12,17,65,0,0,64,4,68,7,29,76,21,133,130,36,166,299
07/21/2015,PHF,VA,AEA,EN,Towers with Radar,5,34,29,36,104,0,1,68,13,82,5,35,97,49,186,156,130,286,472
07/22/2015,PHF,VA,AEA,EN,Towers with Radar,7,32,23,15,77,0,0,62,5,67,7,32,85,20,144,120,108,228,372
07/23/2015,PHF,VA,AEA,EN,Towers with Radar,7,21,21,43,92,0,0,48,10,58,7,21,69,53,150,92,116,208,358
07/24/2015,PHF,VA,AEA,EN,Towers with Radar,10,20,22,21,73,0,0,87,3,90,10,20,109,24,163,174,76,250,413
07/25/2015,PHF,VA,AEA,EN,Towers with Radar,6,18,24,1,49,0,0,81,0,81,6,18,105,1,130,124,0,124,254
07/26/2015,PHF,VA,AEA,EN,Towers with Radar,7,21,22,4,54,0,1,64,2,67,7,22,86,6,121,88,0,88,209
07/27/2015,PHF,VA,AEA,EN,Towers with Radar,8,27,21,18,74,0,0,36,8,44,8,27,57,26,118,44,76,120,238
07/28/2015,PHF,VA,AEA,EN,Towers with Radar,7,27,17,13,64,0,0,66,3,69,7,27,83,16,133,186,64,250,383
07/29/2015,PHF,VA,AEA,EN,Towers with Radar,8,29,25,22,84,0,0,56,3,59,8,29,81,25,143,110,4,114,257
07/30/2015,PHF,VA,AEA,EN,Towers with Radar,10,31,18,36,95,0,0,40,1,41,10,31,58,37,136,62,40,102,238
07/31/2015,PHF,VA,AEA,EN,Towers with Radar,7,20,28,18,73,0,0,60,0,60,7,20,88,18,133,180,28,208,341
08/01/2015,PHF,VA,AEA,EN,Towers with Radar,6,15,8,3,32,0,1,53,2,56,6,16,61,5,88,64,4,68,156
08/02/2015,PHF,VA,AEA,EN,Towers with Radar,6,23,23,13,65,0,0,21,0,21,6,23,44,13,86,6,0,6,92
08/03/2015,PHF,VA,AEA,EN,Towers with Radar,5,21,26,18,70,0,0,46,7,53,5,21,72,25,123,136,124,260,383
08/04/2015,PHF,VA,AEA,EN,Towers with Radar,8,25,22,36,91,0,0,66,23,89,8,25,88,59,180,124,84,208,388
08/05/2015,PHF,VA,AEA,EN,Towers with Radar,10,30,24,28,92,0,0,83,2,85,10,30,107,30,177,124,60,184,361
08/06/2015,PHF,VA,AEA,EN,Towers with Radar,7,34,39,20,100,0,0,27,5,32,7,34,66,25,132,8,162,170,302
08/07/2015,PHF,VA,AEA,EN,Towers with Radar,8,24,17,0,49,0,0,7,0,7,8,24,24,0,56,12,4,16,72
08/08/2015,PHF,VA,AEA,EN,Towers with Radar,6,16,14,2,38,0,0,19,2,21,6,16,33,4,59,70,138,208,267
08/09/2015,PHF,VA,AEA,EN,Towers with Radar,8,24,19,0,51,0,0,92,0,92,8,24,111,0,143,58,0,58,201
08/10/2015,PHF,VA,AEA,EN,Towers with Radar,8,40,27,17,92,0,0,51,8,59,8,40,78,25,151,82,58,140,291
08/11/2015,PHF,VA,AEA,EN,Towers with Radar,8,37,13,30,88,0,0,34,12,46,8,37,47,42,134,62,118,180,314
08/12/2015,PHF,VA,AEA,EN,Towers with Radar,8,35,30,14,87,0,0,88,5,93,8,35,118,19,180,146,94,240,420
08/13/2015,PHF,VA,AEA,EN,Towers with Radar,8,29,27,21,85,0,0,77,2,79,8,29,104,23,164,156,0,156,320
08/14/2015,PHF,VA,AEA,EN,Towers with Radar,7,24,34,18,83,0,0,60,0,60,7,24,94,18,143,130,28,158,301
08/15/2015,PHF,VA,AEA,EN,Towers with Radar,5,11,9,1,26,0,0,59,1,60,5,11,68,2,86,72,0,72,158
08/16/2015,PHF,VA,AEA,EN,Towers with Radar,8,22,22,4,56,0,0,58,0,58,8,22,80,4,114,38,0,38,152
08/17/2015,PHF,VA,AEA,EN,Towers with Radar,6,28,25,17,76,0,0,45,6,51,6,28,70,23,127,92,66,158,285
08/18/2015,PHF,VA,AEA,EN,Towers with Radar,8,28,17,22,75,0,0,71,5,76,8,28,88,27,151,156,72,228,379
08/19/2015,PHF,VA,AEA,EN,Towers with Radar,8,23,28,25,84,0,0,34,2,36,8,23,62,27,120,6,8,14,134
08/20/2015,PHF,VA,AEA,EN,Towers with Radar,8,21,17,51,97,0,0,37,1,38,8,21,54,52,135,48,80,128,263
08/21/2015,PHF,VA,AEA,EN,Towers with Radar,8,22,14,5,49,0,0,42,4,46,8,22,56,9,95,98,76,174,269
08/22/2015,PHF,VA,AEA,EN,Towers with Radar,5,14,15,1,35,0,0,40,0,40,5,14,55,1,75,20,0,20,95
08/23/2015,PHF,VA,AEA,EN,Towers with Radar,5,22,13,4,44,0,0,51,0,51,5,22,64,4,95,70,2,72,167
08/24/2015,PHF,VA,AEA,EN,Towers with Radar,7,33,23,29,92,0,0,66,7,73,7,33,89,36,165,154,70,224,389
08/25/2015,PHF,VA,AEA,EN,Towers with Radar,8,36,8,24,76,0,0,46,12,58,8,36,54,36,134,52,48,100,234
08/26/2015,PHF,VA,AEA,EN,Towers with Radar,10,32,34,23,99,0,0,58,12,70,10,32,92,35,169,132,120,252,421
08/27/2015,PHF,VA,AEA,EN,Towers with Radar,8,30,26,13,77,0,0,47,7,54,8,30,73,20,131,64,136,200,331
08/28/2015,PHF,VA,AEA,EN,Towers with Radar,7,20,21,14,62,0,0,53,0,53,7,20,74,14,115,104,44,148,263
08/29/2015,PHF,VA,AEA,EN,Towers with Radar,6,17,12,0,35,0,0,71,0,71,6,17,83,0,106,132,0,132,238
08/30/2015,PHF,VA,AEA,EN,Towers with Radar,8,21,13,0,42,0,0,58,0,58,8,21,71,0,100,118,0,118,218
08/31/2015,PHF,VA,AEA,EN,Towers with Radar,7,29,22,20,78,0,0,19,15,34,7,29,41,35,112,2,140,142,254
09/01/2015,PHF,VA,AEA,EN,Towers with Radar,9,20,14,13,56,0,0,54,10,64,9,20,68,23,120,124,44,168,288
09/02/2015,PHF,VA,AEA,EN,Towers with Radar,8,20,25,35,88,0,0,47,2,49,8,20,72,37,137,116,80,196,333
09/03/2015,PHF,VA,AEA,EN,Towers with Radar,6,28,24,21,79,0,0,50,5,55,6,28,74,26,134,110,40,150,284
09/04/2015,PHF,VA,AEA,EN,Towers with Radar,7,26,29,7,69,0,0,35,0,35,7,26,64,7,104,58,100,158,262
09/05/2015,PHF,VA,AEA,EN,Towers with Radar,6,14,10,0,30,0,0,25,0,25,6,14,35,0,55,30,0,30,85
09/06/2015,PHF,VA,AEA,EN,Towers with Radar,8,19,20,0,47,0,0,14,0,14,8,19,34,0,61,32,0,32,93
09/07/2015,PHF,VA,AEA,EN,Towers with Radar,6,22,20,14,62,0,0,67,0,67,6,22,87,14,129,124,2,126,255
09/08/2015,PHF,VA,AEA,EN,Towers with Radar,6,29,30,34,99,0,0,10,4,14,6,29,40,38,113,24,42,66,179
09/09/2015,PHF,VA,AEA,EN,Towers with Radar,4,29,36,40,109,0,1,53,6,60,4,30,89,46,169,72,48,120,289
09/10/2015,PHF,VA,AEA,EN,Towers with Radar,5,23,31,29,88,0,0,25,0,25,5,23,56,29,113,0,16,16,129
09/11/2015,PHF,VA,AEA,EN,Towers with Radar,8,25,20,19,72,0,1,45,2,48,8,26,65,21,120,88,86,174,294
09/12/2015,PHF,VA,AEA,EN,Towers with Radar,6,17,13,2,38,0,0,21,0,21,6,17,34,2,59,74,0,74,133
09/13/2015,PHF,VA,AEA,EN,Towers with Radar,8,21,30,0,59,0,0,29,0,29,8,21,59,0,88,34,0,34,122
09/14/2015,PHF,VA,AEA,EN,Towers with Radar,8,20,20,8,56,0,0,72,10,82,8,20,92,18,138,144,106,250,388
09/15/2015,PHF,VA,AEA,EN,Towers with Radar,8,33,11,32,84,0,0,52,8,60,8,33,63,40,144,108,88,196,340
09/16/2015,PHF,VA,AEA,EN,Towers with Radar,8,22,27,28,85,0,0,45,8,53,8,22,72,36,138,72,86,158,296
09/17/2015,PHF,VA,AEA,EN,Towers with Radar,8,24,15,4,51,0,0,37,3,40,8,24,52,7,91,54,0,54,145
09/18/2015,PHF,VA,AEA,EN,Towers with Radar,8,21,30,4,63,0,0,68,0,68,8,21,98,4,131,184,30,214,345
09/19/2015,PHF,VA,AEA,EN,Towers with Radar,6,16,19,0,41,0,0,61,0,61,6,16,80,0,102,129,0,129,231
09/20/2015,PHF,VA,AEA,EN,Towers with Radar,7,21,18,8,54,0,0,29,0,29,7,21,47,8,83,8,0,8,91
09/21/2015,PHF,VA,AEA,EN,Towers with Radar,8,31,10,11,60,0,0,8,0,8,8,31,18,11,68,16,0,16,84
09/22/2015,PHF,VA,AEA,EN,Towers with Radar,8,18,13,7,46,0,0,18,6,24,8,18,31,13,70,66,24,90,160
09/23/2015,PHF,VA,AEA,EN,Towers with Radar,10,25,38,2,75,0,0,30,0,30,10,25,68,2,105,64,10,74,179
09/24/2015,PHF,VA,AEA,EN,Towers with Radar,8,33,25,8,74,0,0,52,12,64,8,33,77,20,138,170,190,360,498
09/25/2015,PHF,VA,AEA,EN,Towers with Radar,9,22,28,1,60,0,0,10,6,16,9,22,38,7,76,18,52,70,146
09/26/2015,PHF,VA,AEA,EN,Towers with Radar,8,13,5,0,26,0,0,2,0,2,8,13,7,0,28,0,0,0,28
09/27/2015,PHF,VA,AEA,EN,Towers with Radar,6,19,9,15,49,0,0,6,0,6,6,19,15,15,55,2,0,2,57
09/28/2015,PHF,VA,AEA,EN,Towers with Radar,10,25,14,21,70,0,0,62,8,70,10,25,76,29,140,132,92,224,364
09/29/2015,PHF,VA,AEA,EN,Towers with Radar,8,29,19,24,80,0,0,10,2,12,8,29,29,26,92,24,4,28,120
09/30/2015,PHF,VA,AEA,EN,Towers with Radar,8,29,20,7,64,0,0,7,4,11,8,29,27,11,75,0,22,22,97
10/01/2015,PHF,VA,AEA,EN,Towers with Radar,5,29,15,7,56,0,0,0,0,0,5,29,15,7,56,0,0,0,56
10/02/2015,PHF,VA,AEA,EN,Towers with Radar,3,17,10,2,32,0,0,0,0,0,3,17,10,2,32,0,0,0,32
10/03/2015,PHF,VA,AEA,EN,Towers with Radar,5,11,0,0,16,0,0,0,0,0,5,11,0,0,16,0,0,0,16
10/04/2015,PHF,VA,AEA,EN,Towers with Radar,6,23,2,0,31,0,0,0,0,0,6,23,2,0,31,0,0,0,31
10/05/2015,PHF,VA,AEA,EN,Towers with Radar,5,29,8,1,43,0,0,4,0,4,5,29,12,1,47,0,0,0,47
10/06/2015,PHF,VA,AEA,EN,Towers with Radar,5,35,22,29,91,0,0,45,10,55,5,35,67,39,146,104,48,152,298
10/07/2015,PHF,VA,AEA,EN,Towers with Radar,19,28,37,10,94,0,0,66,10,76,19,28,103,20,170,112,102,214,384
10/08/2015,PHF,VA,AEA,EN,Towers with Radar,5,37,31,12,85,0,0,63,8,71,5,37,94,20,156,162,66,228,384
10/09/2015,PHF,VA,AEA,EN,Towers with Radar,5,27,26,9,67,0,0,45,2,47,5,27,71,11,114,116,56,172,286
10/10/2015,PHF,VA,AEA,EN,Towers with Radar,5,18,18,0,41,0,0,40,0,40,5,18,58,0,81,80,0,80,161
10/11/2015,PHF,VA,AEA,EN,Towers with Radar,4,26,22,0,52,0,0,47,0,47,4,26,69,0,99,36,0,36,135
10/12/2015,PHF,VA,AEA,EN,Towers with Radar,5,31,23,0,59,0,1,87,0,88,5,32,110,0,147,204,0,204,351
10/13/2015,PHF,VA,AEA,EN,Towers with Radar,5,28,16,14,63,0,0,35,3,38,5,28,51,17,101,20,60,80,181
10/14/2015,PHF,VA,AEA,EN,Towers with Radar,5,41,34,23,103,0,0,65,6,71,5,41,99,29,174,94,88,182,356
10/15/2015,PHF,VA,AEA,EN,Towers with Radar,5,39,41,19,104,0,0,78,15,93,5,39,119,34,197,134,162,296,493
10/16/2015,PHF,VA,AEA,EN,Towers with Radar,5,37,33,31,106,0,0,75,22,97,5,37,108,53,203,116,174,290,493
10/17/2015,PHF,VA,AEA,EN,Towers with Radar,5,20,26,8,59,0,0,52,2,54,5,20,78,10,113,64,0,64,177
10/18/2015,PHF,VA,AEA,EN,Towers with Radar,2,29,16,0,47,0,0,40,0,40,2,29,56,0,87,80,0,80,167
10/19/2015,PHF,VA,AEA,EN,Towers with Radar,5,25,24,12,66,0,0,51,4,55,5,25,75,16,121,42,56,98,219
10/20/2015,PHF,VA,AEA,EN,Towers with Radar,6,34,22,28,90,0,0,46,9,55,6,34,68,37,145,32,178,210,355
10/21/2015,PHF,VA,AEA,EN,Towers with Radar,6,40,32,11,89,0,0,40,8,48,6,40,72,19,137,74,98,172,309
10/22/2015,PHF,VA,AEA,EN,Towers with Radar,5,24,27,26,82,0,0,61,15,76,5,24,88,41,158,164,208,372,530
10/23/2015,PHF,VA,AEA,EN,Towers with Radar,5,34,36,19,94,0,0,80,2,82,5,34,116,21,176,126,18,144,320
10/24/2015,PHF,VA,AEA,EN,Towers with Radar,6,23,20,0,49,0,1,54,0,55,6,24,74,0,104,76,0,76,180
10/25/2015,PHF,VA,AEA,EN,Towers with Radar,4,20,26,2,52,0,0,49,0,49,4,20,75,2,101,72,4,76,177
10/26/2015,PHF,VA,AEA,EN,Towers with Radar,3,26,19,16,64,0,0,53,15,68,3,26,72,31,132,132,124,256,388
10/27/2015,PHF,VA,AEA,EN,Towers with Radar,4,32,11,13,60,0,0,29,3,32,4,32,40,16,92,90,82,172,264
10/28/2015,PHF,VA,AEA,EN,Towers with Radar,6,29,11,46,92,0,0,0,6,6,6,29,11,52,98,0,50,50,148
10/29/2015,PHF,VA,AEA,EN,Towers with Radar,6,41,15,32,94,0,0,70,7,77,6,41,85,39,171,224,32,256,427
10/30/2015,PHF,VA,AEA,EN,Towers with Radar,6,30,25,26,87,0,2,81,2,85,6,32,106,28,172,132,124,256,428
10/31/2015,PHF,VA,AEA,EN,Towers with Radar,5,15,14,0,34,0,0,47,0,47,5,15,61,0,81,32,0,32,113
11/01/2015,PHF,VA,AEA,EN,Towers with Radar,6,21,13,1,41,0,0,46,0,46,6,21,59,1,87,46,0,46,133
11/02/2015,PHF,VA,AEA,EN,Towers with Radar,8,21,21,13,63,0,0,0,0,0,8,21,21,13,63,0,0,0,63
11/03/2015,PHF,VA,AEA,EN,Towers with Radar,10,27,23,22,82,0,0,35,19,54,10,27,58,41,136,62,102,164,300
11/04/2015,PHF,VA,AEA,EN,Towers with Radar,6,32,20,18,76,0,0,18,0,18,6,32,38,18,94,16,4,20,114
11/05/2015,PHF,VA,AEA,EN,Towers with Radar,7,26,21,14,68,0,0,4,0,4,7,26,25,14,72,4,0,4,76
11/06/2015,PHF,VA,AEA,EN,Towers with Radar,8,32,25,5,70,0,0,16,4,20,8,32,41,9,90,40,12,52,142
11/07/2015,PHF,VA,AEA,EN,Towers with Radar,7,14,24,0,45,0,0,5,0,5,7,14,29,0,50,10,0,10,60
11/08/2015,PHF,VA,AEA,EN,Towers with Radar,7,24,25,7,63,0,0,56,0,56,7,24,81,7,119,50,0,50,169
11/09/2015,PHF,VA,AEA,EN,Towers with Radar,8,32,25,18,83,0,0,11,7,18,8,32,36,25,101,18,14,32,133
11/10/2015,PHF,VA,AEA,EN,Towers with Radar,7,29,13,20,69,0,0,0,0,0,7,29,13,20,69,0,0,0,69
11/11/2015,PHF,VA,AEA,EN,Towers with Radar,6,29,28,3,66,0,1,88,0,89,6,30,116,3,155,182,0,182,337
11/12/2015,PHF,VA,AEA,EN,Towers with Radar,7,30,22,45,104,0,0,61,14,75,7,30,83,59,179,110,190,300,479
11/13/2015,PHF,VA,AEA,EN,Towers with Radar,7,20,28,10,65,0,0,34,6,40,7,20,62,16,105,88,130,218,323
11/14/2015,PHF,VA,AEA,EN,Towers with Radar,6,21,12,9,48,0,0,75,12,87,6,21,87,21,135,98,0,98,233
11/15/2015,PHF,VA,AEA,EN,Towers with Radar,8,22,22,5,57,0,0,81,2,83,8,22,103,7,140,128,12,140,280
11/16/2015,PHF,VA,AEA,EN,Towers with Radar,7,30,30,13,80,0,0,49,1,50,7,30,79,14,130,76,36,112,242
11/17/2015,PHF,VA,AEA,EN,Towers with Radar,8,28,28,30,94,0,0,56,3,59,8,28,84,33,153,91,122,213,366
11/18/2015,PHF,VA,AEA,EN,Towers with Radar,8,41,32,22,103,0,0,19,6,25,8,41,51,28,128,42,34,76,204
11/19/2015,PHF,VA,AEA,EN,Towers with Radar,8,20,24,15,67,0,0,0,1,1,8,20,24,16,68,0,0,0,68
11/20/2015,PHF,VA,AEA,EN,Towers with Radar,7,33,36,13,89,0,0,61,0,61,7,33,97,13,150,138,0,138,288
11/21/2015,PHF,VA,AEA,EN,Towers with Radar,6,20,28,5,59,0,1,77,4,82,6,21,105,9,141,88,10,98,239
11/22/2015,PHF,VA,AEA,EN,Towers with Radar,6,16,16,3,41,0,0,22,2,24,6,16,38,5,65,12,12,24,89
11/23/2015,PHF,VA,AEA,EN,Towers with Radar,8,28,15,21,72,0,0,26,5,31,8,28,41,26,103,42,52,94,197
11/24/2015,PHF,VA,AEA,EN,Towers with Radar,8,29,34,19,90,0,0,55,4,59,8,29,89,23,149,128,20,148,297
11/25/2015,PHF,VA,AEA,EN,Towers with Radar,8,22,35,9,74,0,1,73,0,74,8,23,108,9,148,142,0,142,290
11/26/2015,PHF,VA,AEA,EN,Towers with Radar,4,8,3,0,15,0,0,7,0,7,4,8,10,0,22,0,0,0,22
11/27/2015,PHF,VA,AEA,EN,Towers with Radar,4,14,17,0,35,0,0,30,0,30,4,14,47,0,65,32,0,32,97
11/28/2015,PHF,VA,AEA,EN,Towers with Radar,8,20,20,1,49,0,1,65,0,66,8,21,85,1,115,12,0,12,127
11/29/2015,PHF,VA,AEA,EN,Towers with Radar,7,26,35,0,68,0,0,9,0,9,7,26,44,0,77,22,0,22,99
11/30/2015,PHF,VA,AEA,EN,Towers with Radar,8,23,21,17,69,0,0,0,0,0,8,23,21,17,69,0,0,0,69
12/01/2015,PHF,VA,AEA,EN,Towers with Radar,8,34,19,15,76,0,0,0,0,0,8,34,19,15,76,0,0,0,76
12/02/2015,PHF,VA,AEA,EN,Towers with Radar,8,23,19,1,51,0,0,0,0,0,8,23,19,1,51,0,0,0,51
12/03/2015,PHF,VA,AEA,EN,Towers with Radar,8,28,22,25,83,0,2,54,0,56,8,30,76,25,139,88,22,110,249
12/04/2015,PHF,VA,AEA,EN,Towers with Radar,8,23,20,20,71,0,0,49,6,55,8,23,69,26,126,112,70,182,308
12/05/2015,PHF,VA,AEA,EN,Towers with Radar,4,18,36,38,96,4,0,60,7,71,8,18,96,45,167,104,0,104,271
12/06/2015,PHF,VA,AEA,EN,Towers with Radar,9,18,10,0,37,0,0,53,0,53,9,18,63,0,90,80,0,80,170
12/07/2015,PHF,VA,AEA,EN,Towers with Radar,8,29,20,13,70,0,0,44,6,50,8,29,64,19,120,110,142,252,372
12/08/2015,PHF,VA,AEA,EN,Towers with Radar,8,28,23,16,75,0,0,65,7,72,8,28,88,23,147,100,46,146,293
12/09/2015,PHF,VA,AEA,EN,Towers with Radar,8,35,22,7,72,0,0,45,5,50,8,35,67,12,122,80,30,110,232
12/10/2015,PHF,VA,AEA,EN,Towers with Radar,8,35,33,34,110,0,0,65,4,69,8,35,98,38,179,170,38,208,387
12/11/2015,PHF,VA,AEA,EN,Towers with Radar,8,28,26,54,116,0,0,49,8,57,8,28,75,62,173,136,132,268,441
12/12/2015,PHF,VA,AEA,EN,Towers with Radar,4,18,7,0,29,0,0,56,1,57,4,18,63,1,86,86,0,86,172
12/13/2015,PHF,VA,AEA,EN,Towers with Radar,8,27,14,1,50,0,0,54,0,54,8,27,68,1,104,96,0,96,200
12/14/2015,PHF,VA,AEA,EN,Towers with Radar,8,32,20,21,81,0,0,45,6,51,8,32,65,27,132,66,90,156,288
12/15/2015,PHF,VA,AEA,EN,Towers with Radar,6,34,20,18,78,0,0,72,9,81,6,34,92,27,159,140,28,168,327
12/16/2015,PHF,VA,AEA,EN,Towers with Radar,8,25,29,30,92,0,0,67,2,69,8,25,96,32,161,108,66,174,335
12/17/2015,PHF,VA,AEA,EN,Towers with Radar,10,25,19,12,66,0,0,0,0,0,10,25,19,12,66,0,0,0,66
12/18/2015,PHF,VA,AEA,EN,Towers with Radar,10,27,22,12,71,0,0,12,0,12,10,27,34,12,83,34,0,34,117
12/19/2015,PHF,VA,AEA,EN,Towers with Radar,6,19,17,0,42,0,0,74,0,74,6,19,91,0,116,122,0,122,238
12/20/2015,PHF,VA,AEA,EN,Towers with Radar,6,18,13,0,37,0,0,55,0,55,6,18,68,0,92,40,0,40,132
12/21/2015,PHF,VA,AEA,EN,Towers with Radar,8,22,13,16,59,0,0,46,6,52,8,22,59,22,111,68,42,110,221
12/22/2015,PHF,VA,AEA,EN,Towers with Radar,8,29,13,21,71,0,0,32,0,32,8,29,45,21,103,48,0,48,151
12/23/2015,PHF,VA,AEA,EN,Towers with Radar,7,22,15,0,44,0,0,1,0,1,7,22,16,0,45,0,0,0,45
12/24/2015,PHF,VA,AEA,EN,Towers with Radar,8,14,3,0,25,0,0,4,0,4,8,14,7,0,29,4,0,4,33
12/25/2015,PHF,VA,AEA,EN,Towers with Radar,6,12,4,0,22,0,0,8,0,8,6,12,12,0,30,6,0,6,36
12/26/2015,PHF,VA,AEA,EN,Towers with Radar,5,19,6,0,30,0,0,0,0,0,5,19,6,0,30,0,0,0,30
12/27/2015,PHF,VA,AEA,EN,Towers with Radar,2,24,12,0,38,0,0,51,0,51,2,24,63,0,89,72,0,72,161
12/28/2015,PHF,VA,AEA,EN,Towers with Radar,7,17,17,18,59,0,0,5,0,5,7,17,22,18,64,2,8,10,74
12/29/2015,PHF,VA,AEA,EN,Towers with Radar,7,16,9,13,45,0,0,2,0,2,7,16,11,13,47,6,0,6,53
12/30/2015,PHF,VA,AEA,EN,Towers with Radar,6,15,12,0,33,0,0,0,0,0,6,15,12,0,33,0,0,0,33
12/31/2015,PHF,VA,AEA,EN,Towers with Radar,8,13,21,0,42,0,0,0,0,0,8,13,21,0,42,0,0,0,42
01/01/2016,PHF,VA,AEA,EN,Towers with Radar,6,15,20,0,41,0,0,22,0,22,6,15,42,0,63,50,0,50,113
01/02/2016,PHF,VA,AEA,EN,Towers with Radar,6,18,22,2,48,0,0,102,0,102,6,18,124,2,150,156,0,156,306
01/03/2016,PHF,VA,AEA,EN,Towers with Radar,6,16,15,0,37,0,0,75,0,75,6,16,90,0,112,84,0,84,196
01/04/2016,PHF,VA,AEA,EN,Towers with Radar,7,21,20,19,67,0,0,36,0,36,7,21,56,19,103,24,0,24,127
01/05/2016,PHF,VA,AEA,EN,Towers with Radar,8,26,23,9,66,0,0,25,0,25,8,26,48,9,91,14,6,20,111
01/06/2016,PHF,VA,AEA,EN,Towers with Radar,10,29,32,31,102,0,0,65,7,72,10,29,97,38,174,82,56,138,312
01/07/2016,PHF,VA,AEA,EN,Towers with Radar,8,17,15,22,62,0,0,14,7,21,8,17,29,29,83,56,76,132,215
01/08/2016,PHF,VA,AEA,EN,Towers with Radar,9,21,20,0,50,0,0,3,0,3,9,21,23,0,53,4,0,4,57
01/09/2016,PHF,VA,AEA,EN,Towers with Radar,10,12,18,2,42,0,0,28,0,28,10,12,46,2,70,84,0,84,154
01/10/2016,PHF,VA,AEA,EN,Towers with Radar,9,12,13,7,41,0,0,26,9,35,9,12,39,16,76,56,58,114,190
01/11/2016,PHF,VA,AEA,EN,Towers with Radar,8,34,19,67,128,0,0,58,3,61,8,34,77,70,189,50,72,122,311
01/12/2016,PHF,VA,AEA,EN,Towers with Radar,7,18,13,16,54,0,0,36,9,45,7,18,49,25,99,20,100,120,219
01/13/2016,PHF,VA,AEA,EN,Towers with Radar,9,22,20,13,64,0,2,42,6,50,9,24,62,19,114,42,28,70,184
01/14/2016,PHF,VA,AEA,EN,Towers with Radar,8,21,24,14,67,0,0,67,10,77,8,21,91,24,144,156,66,222,366
01/15/2016,PHF,VA,AEA,EN,Towers with Radar,9,20,22,17,68,0,0,52,12,64,9,20,74,29,132,40,30,70,202
01/16/2016,PHF,VA,AEA,EN,Towers with Radar,10,8,8,2,28,0,0,54,2,56,10,8,62,4,84,54,0,54,138
01/17/2016,PHF,VA,AEA,EN,Towers with Radar,6,14,4,0,24,0,0,0,0,0,6,14,4,0,24,0,0,0,24
01/18/2016,PHF,VA,AEA,EN,Towers with Radar,8,11,14,0,33,0,0,41,0,41,8,11,55,0,74,62,0,62,136
01/19/2016,PHF,VA,AEA,EN,Towers with Radar,9,22,13,27,71,0,0,42,21,63,9,22,55,48,134,14,38,52,186
01/20/2016,PHF,VA,AEA,EN,Towers with Radar,9,17,30,40,96,0,0,33,5,38,9,17,63,45,134,78,24,102,236
01/21/2016,PHF,VA,AEA,EN,Towers with Radar,9,19,25,43,96,0,0,80,27,107,9,19,105,70,203,164,108,272,475
01/22/2016,PHF,VA,AEA,EN,Towers with Radar,1,5,9,0,15,0,0,0,0,0,1,5,9,0,15,0,0,0,15
01/23/2016,PHF,VA,AEA,EN,Towers with Radar,2,1,2,0,5,0,0,0,0,0,2,1,2,0,5,0,0,0,5
01/24/2016,PHF,VA,AEA,EN,Towers with Radar,10,14,11,2,37,0,0,16,0,16,10,14,27,2,53,34,0,34,87
01/25/2016,PHF,VA,AEA,EN,Towers with Radar,8,18,10,21,57,0,1,39,0,40,8,19,49,21,97,76,0,76,173
01/26/2016,PHF,VA,AEA,EN,Towers with Radar,7,22,15,14,58,0,0,21,0,21,7,22,36,14,79,20,4,24,103
01/27/2016,PHF,VA,AEA,EN,Towers with Radar,9,20,15,17,61,0,0,43,8,51,9,20,58,25,112,110,136,246,358
01/28/2016,PHF,VA,AEA,EN,Towers with Radar,9,17,25,40,91,0,0,79,13,92,9,17,104,53,183,168,122,290,473
01/29/2016,PHF,VA,AEA,EN,Towers with Radar,8,15,24,10,57,0,0,30,0,30,8,15,54,10,87,13,0,13,100
01/30/2016,PHF,VA,AEA,EN,Towers with Radar,9,5,9,2,25,0,0,98,2,100,9,5,107,4,125,128,4,132,257
01/31/2016,PHF,VA,AEA,EN,Towers with Radar,9,12,14,4,39,0,0,67,0,67,9,12,81,4,106,52,0,52,158
02/01/2016,PHF,VA,AEA,EN,Towers with Radar,8,10,20,17,55,0,1,49,2,52,8,11,69,19,107,70,12,82,189
02/02/2016,PHF,VA,AEA,EN,Towers with Radar,8,31,22,32,93,0,2,50,24,76,8,33,72,56,169,102,156,258,427
02/03/2016,PHF,VA,AEA,EN,Towers with Radar,8,15,21,15,59,0,0,40,12,52,8,15,61,27,111,68,88,156,267
02/04/2016,PHF,VA,AEA,EN,Towers with Radar,12,19,20,10,61,0,0,0,0,0,12,19,20,10,61,0,0,0,61
02/05/2016,PHF,VA,AEA,EN,Towers with Radar,11,16,19,9,55,0,2,5,5,12,11,18,24,14,67,6,0,6,73
02/06/2016,PHF,VA,AEA,EN,Towers with Radar,11,7,10,4,32,0,0,67,0,67,11,7,77,4,99,84,0,84,183
02/07/2016,PHF,VA,AEA,EN,Towers with Radar,8,9,9,5,31,0,0,40,7,47,8,9,49,12,78,74,0,74,152
02/08/2016,PHF,VA,AEA,EN,Towers with Radar,7,22,23,37,89,0,0,29,11,40,7,22,52,48,129,54,42,96,225
02/09/2016,PHF,VA,AEA,EN,Towers with Radar,8,15,11,32,66,0,0,29,8,37,8,15,40,40,103,36,76,112,215
02/10/2016,PHF,VA,AEA,EN,Towers with Radar,14,24,15,15,68,0,0,30,18,48,14,24,45,33,116,46,52,98,214
02/11/2016,PHF,VA,AEA,EN,Towers with Radar,11,25,18,50,104,0,0,32,4,36,11,25,50,54,140,78,76,154,294
02/12/2016,PHF,VA,AEA,EN,Towers with Radar,30,12,19,16,77,0,0,16,10,26,30,12,35,26,103,24,24,48,151
02/13/2016,PHF,VA,AEA,EN,Towers with Radar,12,8,6,0,26,0,0,4,0,4,12,8,10,0,30,8,0,8,38
02/14/2016,PHF,VA,AEA,EN,Towers with Radar,7,16,3,0,26,0,0,21,0,21,7,16,24,0,47,20,0,20,67
02/15/2016,PHF,VA,AEA,EN,Towers with Radar,5,4,7,4,20,0,0,0,0,0,5,4,7,4,20,0,0,0,20
02/16/2016,PHF,VA,AEA,EN,Towers with Radar,9,15,4,31,59,0,0,8,2,10,9,15,12,33,69,0,40,40,109
02/17/2016,PHF,VA,AEA,EN,Towers with Radar,7,30,21,17,75,0,0,48,5,53,7,30,69,22,128,84,90,174,302
02/18/2016,PHF,VA,AEA,EN,Towers with Radar,11,25,19,24,79,0,0,52,6,58,11,25,71,30,137,104,172,276,413
02/19/2016,PHF,VA,AEA,EN,Towers with Radar,9,26,35,22,92,0,0,78,18,96,9,26,113,40,188,218,138,356,544
02/20/2016,PHF,VA,AEA,EN,Towers with Radar,11,13,16,4,44,0,0,77,5,82,11,13,93,9,126,104,2,106,232
02/21/2016,PHF,VA,AEA,EN,Towers with Radar,10,15,26,6,57,0,0,55,0,55,10,15,81,6,112,48,0,48,160
02/22/2016,PHF,VA,AEA,EN,Towers with Radar,10,20,29,17,76,0,0,18,4,22,10,20,47,21,98,72,106,178,276
02/23/2016,PHF,VA,AEA,EN,Towers with Radar,10,25,13,0,48,0,0,0,0,0,10,25,13,0,48,0,0,0,48
02/24/2016,PHF,VA,AEA,EN,Towers with Radar,6,15,19,2,42,0,0,0,3,3,6,15,19,5,45,0,28,28,73
02/25/2016,PHF,VA,AEA,EN,Towers with Radar,14,21,18,29,82,0,0,28,20,48,14,21,46,49,130,34,192,226,356
02/26/2016,PHF,VA,AEA,EN,Towers with Radar,10,25,24,13,72,0,0,52,1,53,10,25,76,14,125,86,12,98,223
02/27/2016,PHF,VA,AEA,EN,Towers with Radar,11,8,20,0,39,0,0,68,0,68,11,8,88,0,107,90,0,90,197
02/28/2016,PHF,VA,AEA,EN,Towers with Radar,8,16,15,4,43,0,0,86,0,86,8,16,101,4,129,62,0,62,191
02/29/2016,PHF,VA,AEA,EN,Towers with Radar,9,29,19,34,91,0,0,34,9,43,9,29,53,43,134,6,72,78,212
03/01/2016,PHF,VA,AEA,EN,Towers with Radar,14,31,25,28,98,0,0,60,25,85,14,31,85,53,183,66,134,200,383
03/02/2016,PHF,VA,AEA,EN,Towers with Radar,17,35,18,16,86,0,0,59,10,69,17,35,77,26,155,100,268,368,523
03/03/2016,PHF,VA,AEA,EN,Towers with Radar,19,40,14,12,85,0,0,85,13,98,19,40,99,25,183,106,268,374,557
03/04/2016,PHF,VA,AEA,EN,Towers with Radar,10,18,30,25,83,0,0,2,4,6,10,18,32,29,89,0,6,6,95
03/05/2016,PHF,VA,AEA,EN,Towers with Radar,11,17,17,7,52,0,0,56,5,61,11,17,73,12,113,116,6,122,235
03/06/2016,PHF,VA,AEA,EN,Towers with Radar,9,15,18,6,48,0,0,57,2,59,9,15,75,8,107,106,32,138,245
03/07/2016,PHF,VA,AEA,EN,Towers with Radar,10,22,34,54,120,0,0,50,21,71,10,22,84,75,191,76,226,302,493
03/08/2016,PHF,VA,AEA,EN,Towers with Radar,10,21,27,23,81,0,0,72,18,90,10,21,99,41,171,214,214,428,599
03/09/2016,PHF,VA,AEA,EN,Towers with Radar,15,22,28,36,101,0,0,76,14,90,15,22,104,50,191,208,94,302,493
03/10/2016,PHF,VA,AEA,EN,Towers with Radar,11,22,35,13,81,0,0,50,6,56,11,22,85,19,137,74,120,194,331
03/11/2016,PHF,VA,AEA,EN,Towers with Radar,10,15,33,5,63,0,1,50,3,54,10,16,83,8,117,128,8,136,253
03/12/2016,PHF,VA,AEA,EN,Towers with Radar,11,12,21,2,46,0,0,47,4,51,11,12,68,6,97,150,0,150,247
03/13/2016,PHF,VA,AEA,EN,Towers with Radar,10,21,31,15,77,0,0,57,2,59,10,21,88,17,136,106,0,106,242
03/14/2016,PHF,VA,AEA,EN,Towers with Radar,11,18,22,20,71,0,0,50,6,56,11,18,72,26,127,112,86,198,325
03/15/2016,PHF,VA,AEA,EN,Towers with Radar,10,16,25,27,78,0,0,77,7,84,10,16,102,34,162,166,186,352,514
03/16/2016,PHF,VA,AEA,EN,Towers with Radar,11,18,17,18,64,0,0,66,15,81,11,18,83,33,145,216,80,296,441
03/17/2016,PHF,VA,AEA,EN,Towers with Radar,11,24,30,20,85,0,0,86,7,93,11,24,116,27,178,186,86,272,450
03/18/2016,PHF,VA,AEA,EN,Towers with Radar,13,26,35,19,93,0,0,88,15,103,13,26,123,34,196,124,98,222,418
03/19/2016,PHF,VA,AEA,EN,Towers with Radar,11,18,14,2,45,0,1,17,3,21,11,19,31,5,66,6,0,6,72
03/20/2016,PHF,VA,AEA,EN,Towers with Radar,9,23,26,2,60,0,0,1,0,1,9,23,27,2,61,0,0,0,61
03/21/2016,PHF,VA,AEA,EN,Towers with Radar,10,27,23,10,70,0,0,17,1,18,10,27,40,11,88,12,14,26,114
03/22/2016,PHF,VA,AEA,EN,Towers with Radar,11,26,16,20,73,0,1,33,9,43,11,27,49,29,116,32,34,66,182
03/23/2016,PHF,VA,AEA,EN,Towers with Radar,11,25,19,23,78,0,0,48,30,78,11,25,67,53,156,46,358,404,560
03/24/2016,PHF,VA,AEA,EN,Towers with Radar,8,22,29,30,89,0,0,56,12,68,8,22,85,42,157,72,206,278,435
03/25/2016,PHF,VA,AEA,EN,Towers with Radar,11,22,14,9,56,0,0,18,0,18,11,22,32,9,74,32,0,32,106
03/26/2016,PHF,VA,AEA,EN,Towers with Radar,11,9,20,2,42,0,0,78,24,102,11,9,98,26,144,54,0,54,198
03/27/2016,PHF,VA,AEA,EN,Towers with Radar,11,11,7,0,29,0,0,0,0,0,11,11,7,0,29,0,0,0,29
03/28/2016,PHF,VA,AEA,EN,Towers with Radar,10,9,32,4,55,0,0,4,0,4,10,9,36,4,59,0,0,0,59
03/29/2016,PHF,VA,AEA,EN,Towers with Radar,13,24,22,22,81,0,1,62,16,79,13,25,84,38,160,138,86,224,384
03/30/2016,PHF,VA,AEA,EN,Towers with Radar,15,19,39,9,82,0,0,78,8,86,15,19,117,17,168,174,100,274,442
03/31/2016,PHF,VA,AEA,EN,Towers with Radar,33,20,28,8,89,0,0,68,5,73,33,20,96,13,162,86,84,170,332
04/01/2016,PHF,VA,AEA,EN,Towers with Radar,11,21,14,15,61,0,0,4,2,6,11,21,18,17,67,0,16,16,83
04/02/2016,PHF,VA,AEA,EN,Towers with Radar,11,9,13,0,33,0,0,1,0,1,11,9,14,0,34,0,0,0,34
04/03/2016,PHF,VA,AEA,EN,Towers with Radar,8,15,23,0,46,0,0,56,5,61,8,15,79,5,107,86,8,94,201
04/04/2016,PHF,VA,AEA,EN,Towers with Radar,8,17,24,11,60,0,0,27,18,45,8,17,51,29,105,0,0,0,105
04/05/2016,PHF,VA,AEA,EN,Towers with Radar,9,20,21,10,60,0,0,12,2,14,9,20,33,12,74,18,2,20,94
04/06/2016,PHF,VA,AEA,EN,Towers with Radar,21,22,34,19,96,0,0,80,8,88,21,22,114,27,184,98,110,208,392
04/07/2016,PHF,VA,AEA,EN,Towers with Radar,15,28,22,25,90,0,0,3,8,11,15,28,25,33,101,36,76,112,213
04/08/2016,PHF,VA,AEA,EN,Towers with Radar,8,21,18,22,69,0,0,64,8,72,8,21,82,30,141,60,50,110,251
04/09/2016,PHF,VA,AEA,EN,Towers with Radar,11,17,6,4,38,0,0,2,1,3,11,17,8,5,41,0,2,2,43
04/10/2016,PHF,VA,AEA,EN,Towers with Radar,9,20,36,5,70,0,0,99,5,104,9,20,135,10,174,122,0,122,296
04/11/2016,PHF,VA,AEA,EN,Towers with Radar,9,16,29,30,84,0,0,29,20,49,9,16,58,50,133,46,114,160,293
04/12/2016,PHF,VA,AEA,EN,Towers with Radar,10,21,17,12,60,0,0,0,4,4,10,21,17,16,64,0,66,66,130
04/13/2016,PHF,VA,AEA,EN,Towers with Radar,10,18,31,30,89,0,0,63,14,77,10,18,94,44,166,126,258,384,550
04/14/2016,PHF,VA,AEA,EN,Towers with Radar,10,25,30,31,96,0,0,47,9,56,10,25,77,40,152,54,156,210,362
04/15/2016,PHF,VA,AEA,EN,Towers with Radar,10,20,31,21,82,0,0,63,10,73,10,20,94,31,155,42,30,72,227
04/16/2016,PHF,VA,AEA,EN,Towers with Radar,9,16,20,1,46,0,0,59,0,59,9,16,79,1,105,66,0,66,171
04/17/2016,PHF,VA,AEA,EN,Towers with Radar,9,21,18,2,50,0,0,64,1,65,9,21,82,3,115,52,0,52,167
04/18/2016,PHF,VA,AEA,EN,Towers with Radar,10,19,32,30,91,0,0,53,17,70,10,19,85,47,161,86,118,204,365
04/19/2016,PHF,VA,AEA,EN,Towers with Radar,10,19,21,26,76,0,1,71,18,90,10,20,92,44,166,112,226,338,504
04/20/2016,PHF,VA,AEA,EN,Towers with Radar,9,20,29,23,81,0,0,100,41,141,9,20,129,64,222,116,290,406,628
04/21/2016,PHF,VA,AEA,EN,Towers with Radar,10,35,25,21,91,0,0,67,73,140,10,35,92,94,231,102,113,215,446
04/22/2016,PHF,VA,AEA,EN,Towers with Radar,11,27,35,9,82,0,0,0,0,0,11,27,35,9,82,0,26,26,108
04/23/2016,PHF,VA,AEA,EN,Towers with Radar,11,18,20,3,52,0,0,19,0,19,11,18,39,3,71,24,0,24,95
04/24/2016,PHF,VA,AEA,EN,Towers with Radar,8,26,26,0,60,0,0,42,0,42,8,26,68,0,102,58,0,58,160
04/25/2016,PHF,VA,AEA,EN,Towers with Radar,10,19,36,34,99,0,0,49,1,50,10,19,85,35,149,30,0,30,179
04/26/2016,PHF,VA,AEA,EN,Towers with Radar,10,24,37,18,89,0,0,61,18,79,10,24,98,36,168,118,342,460,628
04/27/2016,PHF,VA,AEA,EN,Towers with Radar,10,23,25,20,78,0,0,62,11,73,10,23,87,31,151,58,252,310,461
04/28/2016,PHF,VA,AEA,EN,Towers with Radar,8,30,36,10,84,0,0,0,0,0,8,30,36,10,84,0,0,0,84
04/29/2016,PHF,VA,AEA,EN,Towers with Radar,10,18,47,36,111,0,0,2,0,2,10,18,49,36,113,0,0,0,113
04/30/2016,PHF,VA,AEA,EN,Towers with Radar,7,13,33,0,53,0,0,6,0,6,7,13,39,0,59,28,0,28,87
05/01/2016,PHF,VA,AEA,EN,Towers with Radar,9,16,28,2,55,0,0,11,0,11,9,16,39,2,66,16,0,16,82
05/02/2016,PHF,VA,AEA,EN,Towers with Radar,10,15,32,20,77,0,0,22,11,33,10,15,54,31,110,26,62,88,198
05/03/2016,PHF,VA,AEA,EN,Towers with Radar,11,24,7,26,68,0,0,2,3,5,11,24,9,29,73,0,6,6,79
05/04/2016,PHF,VA,AEA,EN,Towers with Radar,11,22,36,33,102,0,0,0,2,2,11,22,36,35,104,0,0,0,104
05/05/2016,PHF,VA,AEA,EN,Towers with Radar,9,22,26,8,65,0,0,0,0,0,9,22,26,8,65,0,0,0,65
05/06/2016,PHF,VA,AEA,EN,Towers with Radar,9,21,26,24,80,0,0,4,1,5,9,21,30,25,85,16,2,18,103
05/07/2016,PHF,VA,AEA,EN,Towers with Radar,9,14,23,16,62,0,0,47,0,47,9,14,70,16,109,108,10,118,227
05/08/2016,PHF,VA,AEA,EN,Towers with Radar,9,14,20,3,46,0,0,32,1,33,9,14,52,4,79,68,2,70,149
05/09/2016,PHF,VA,AEA,EN,Towers with Radar,11,29,40,24,104,0,0,66,3,69,11,29,106,27,173,100,128,228,401
05/10/2016,PHF,VA,AEA,EN,Towers with Radar,11,23,24,26,84,0,1,62,20,83,11,24,86,46,167,110,190,300,467
05/11/2016,PHF,VA,AEA,EN,Towers with Radar,11,22,26,18,77,0,0,2,0,2,11,22,28,18,79,6,0,6,85
05/12/2016,PHF,VA,AEA,EN,Towers with Radar,10,29,56,15,110,0,0,2,2,4,10,29,58,17,114,2,10,12,126
05/13/2016,PHF,VA,AEA,EN,Towers with Radar,11,29,23,24,87,0,0,15,0,15,11,29,38,24,102,8,0,8,110
05/14/2016,PHF,VA,AEA,EN,Towers with Radar,11,12,19,1,43,0,2,61,0,63,11,14,80,1,106,60,0,60,166
05/15/2016,PHF,VA,AEA,EN,Towers with Radar,11,23,25,7,66,0,1,46,0,47,11,24,71,7,113,16,0,16,129
05/16/2016,PHF,VA,AEA,EN,Towers with Radar,10,25,38,22,95,0,0,75,9,84,10,25,113,31,179,96,34,130,309
05/17/2016,PHF,VA,AEA,EN,Towers with Radar,13,24,15,47,99,0,0,10,0,10,13,24,25,47,109,6,0,6,115
05/18/2016,PHF,VA,AEA,EN,Towers with Radar,11,36,34,15,96,0,0,27,15,42,11,36,61,30,138,48,248,296,434
05/19/2016,PHF,VA,AEA,EN,Towers with Radar,11,29,35,31,106,0,0,55,11,66,11,29,90,42,172,122,94,216,388
05/20/2016,PHF,VA,AEA,EN,Towers with Radar,11,24,25,13,73,0,0,81,7,88,11,24,106,20,161,130,20,150,311
05/21/2016,PHF,VA,AEA,EN,Towers with Radar,11,14,14,4,43,0,0,0,0,0,11,14,14,4,43,0,0,0,43
05/22/2016,PHF,VA,AEA,EN,Towers with Radar,11,27,23,16,77,0,0,0,0,0,11,27,23,16,77,0,0,0,77
05/23/2016,PHF,VA,AEA,EN,Towers with Radar,11,20,21,7,59,0,0,9,4,13,11,20,30,11,72,6,10,16,88
05/24/2016,PHF,VA,AEA,EN,Towers with Radar,11,35,35,8,89,0,0,21,10,31,11,35,56,18,120,22,70,92,212
05/25/2016,PHF,VA,AEA,EN,Towers with Radar,11,28,30,17,86,0,2,127,5,134,11,30,157,22,220,180,44,224,444
05/26/2016,PHF,VA,AEA,EN,Towers with Radar,11,19,32,4,66,0,2,53,9,64,11,21,85,13,130,52,38,90,220
05/27/2016,PHF,VA,AEA,EN,Towers with Radar,11,26,37,8,82,0,0,101,2,103,11,26,138,10,185,104,18,122,307
05/28/2016,PHF,VA,AEA,EN,Towers with Radar,11,10,15,0,36,0,0,54,3,57,11,10,69,3,93,78,4,82,175
05/29/2016,PHF,VA,AEA,EN,Towers with Radar,11,11,6,0,28,0,0,4,0,4,11,11,10,0,32,6,0,6,38
05/30/2016,PHF,VA,AEA,EN,Towers with Radar,12,9,7,0,28,0,0,0,0,0,12,9,7,0,28,0,0,0,28
05/31/2016,PHF,VA,AEA,EN,Towers with Radar,10,33,38,13,94,0,0,19,9,28,10,33,57,22,122,50,8,58,180
06/01/2016,PHF,VA,AEA,EN,Towers with Radar,12,28,33,24,97,0,0,11,2,13,12,28,44,26,110,12,60,72,182
06/02/2016,PHF,VA,AEA,EN,Towers with Radar,11,31,35,24,101,0,0,14,5,19,11,31,49,29,120,36,30,66,186
06/03/2016,PHF,VA,AEA,EN,Towers with Radar,11,21,29,18,79,0,0,19,0,19,11,21,48,18,98,28,20,48,146
06/04/2016,PHF,VA,AEA,EN,Towers with Radar,8,19,14,0,41,0,0,6,0,6,8,19,20,0,47,8,0,8,55
06/05/2016,PHF,VA,AEA,EN,Towers with Radar,13,16,14,6,49,0,0,28,0,28,13,16,42,6,77,156,0,156,233
06/06/2016,PHF,VA,AEA,EN,Towers with Radar,12,38,21,48,119,0,1,64,4,69,12,39,85,52,188,114,104,218,406
06/07/2016,PHF,VA,AEA,EN,Towers with Radar,12,21,19,21,73,0,0,49,16,65,12,21,68,37,138,90,64,154,292
06/08/2016,PHF,VA,AEA,EN,Towers with Radar,22,33,22,29,106,1,2,24,1,28,23,35,46,30,134,34,38,72,206
06/09/2016,PHF,VA,AEA,EN,Towers with Radar,16,26,26,26,94,0,0,80,9,89,16,26,106,35,183,76,14,90,273
06/10/2016,PHF,VA,AEA,EN,Towers with Radar,14,17,35,42,108,0,0,64,4,68,14,17,99,46,176,78,24,102,278
06/11/2016,PHF,VA,AEA,EN,Towers with Radar,9,12,6,2,29,0,0,68,2,70,9,12,74,4,99,40,0,40,139
06/12/2016,PHF,VA,AEA,EN,Towers with Radar,11,19,11,2,43,0,0,46,0,46,11,19,57,2,89,62,0,62,151
06/13/2016,PHF,VA,AEA,EN,Towers with Radar,14,17,17,25,73,0,0,39,8,47,14,17,56,33,120,66,90,156,276
06/14/2016,PHF,VA,AEA,EN,Towers with Radar,11,24,15,20,70,0,0,43,5,48,11,24,58,25,118,116,38,154,272
06/15/2016,PHF,VA,AEA,EN,Towers with Radar,14,15,20,38,87,0,0,12,9,21,14,15,32,47,108,10,22,32,140
06/16/2016,PHF,VA,AEA,EN,Towers with Radar,14,24,29,8,75,0,0,29,2,31,14,24,58,10,106,24,72,96,202
06/17/2016,PHF,VA,AEA,EN,Towers with Radar,13,17,29,5,64,0,0,11,0,11,13,17,40,5,75,6,0,6,81
06/18/2016,PHF,VA,AEA,EN,Towers with Radar,9,19,27,0,55,0,0,53,0,53,9,19,80,0,108,30,0,30,138
06/19/2016,PHF,VA,AEA,EN,Towers with Radar,13,18,22,4,57,0,0,64,4,68,13,18,86,8,125,66,6,72,197
06/20/2016,PHF,VA,AEA,EN,Towers with Radar,14,23,18,12,67,0,0,45,1,46,14,23,63,13,113,44,0,44,157
06/21/2016,PHF,VA,AEA,EN,Towers with Radar,14,33,16,39,102,0,0,32,7,39,14,33,48,46,141,24,52,76,217
06/22/2016,PHF,VA,AEA,EN,Towers with Radar,14,22,33,33,102,0,0,73,8,81,14,22,106,41,183,136,82,218,401
06/23/2016,PHF,VA,AEA,EN,Towers with Radar,13,14,14,15,56,0,0,21,2,23,13,14,35,17,79,8,14,22,101
06/24/2016,PHF,VA,AEA,EN,Towers with Radar,14,22,31,17,84,0,0,64,2,66,14,22,95,19,150,82,32,114,264
06/25/2016,PHF,VA,AEA,EN,Towers with Radar,8,19,30,0,57,0,0,20,0,20,8,19,50,0,77,36,0,36,113
06/26/2016,PHF,VA,AEA,EN,Towers with Radar,11,13,15,1,40,0,0,54,0,54,11,13,69,1,94,94,2,96,190
06/27/2016,PHF,VA,AEA,EN,Towers with Radar,30,29,43,36,138,1,0,52,12,65,31,29,95,48,203,104,130,234,437
06/28/2016,PHF,VA,AEA,EN,Towers with Radar,12,25,18,29,84,0,0,3,2,5,12,25,21,31,89,0,44,44,133
06/29/2016,PHF,VA,AEA,EN,Towers with Radar,14,36,37,16,103,0,0,56,7,63,14,36,93,23,166,62,25,87,253
06/30/2016,PHF,VA,AEA,EN,Towers with Radar,15,25,20,30,90,0,0,34,19,53,15,25,54,49,143,54,120,174,317
07/01/2016,PHF,VA,AEA,EN,Towers with Radar,13,15,23,18,69,0,0,18,2,20,13,15,41,20,89,6,16,22,111
07/02/2016,PHF,VA,AEA,EN,Towers with Radar,8,12,12,0,32,0,1,68,0,69,8,13,80,0,101,88,0,88,189
07/03/2016,PHF,VA,AEA,EN,Towers with Radar,8,10,21,0,39,0,0,1,0,1,8,10,22,0,40,0,0,0,40
07/04/2016,PHF,VA,AEA,EN,Towers with Radar,10,10,8,1,29,0,0,4,5,9,10,10,12,6,38,6,6,12,50
07/05/2016,PHF,VA,AEA,EN,Towers with Radar,13,17,31,12,73,0,0,59,3,62,13,17,90,15,135,24,16,40,175
07/06/2016,PHF,VA,AEA,EN,Towers with Radar,13,17,22,15,67,0,0,26,6,32,13,17,48,21,99,46,66,112,211
07/07/2016,PHF,VA,AEA,EN,Towers with Radar,13,14,24,31,82,0,0,62,11,73,13,14,86,42,155,116,132,248,403
07/08/2016,PHF,VA,AEA,EN,Towers with Radar,11,17,25,28,81,0,0,80,8,88,11,17,105,36,169,80,140,220,389
07/09/2016,PHF,VA,AEA,EN,Towers with Radar,8,13,10,0,31,0,0,57,0,57,8,13,67,0,88,186,2,188,276
07/10/2016,PHF,VA,AEA,EN,Towers with Radar,11,14,15,4,44,0,0,82,1,83,11,14,97,5,127,120,0,120,247
07/11/2016,PHF,VA,AEA,EN,Towers with Radar,12,13,27,37,89,0,0,61,7,68,12,13,88,44,157,118,94,212,369
07/12/2016,PHF,VA,AEA,EN,Towers with Radar,13,30,27,28,98,0,0,85,15,100,13,30,112,43,198,170,44,214,412
07/13/2016,PHF,VA,AEA,EN,Towers with Radar,12,19,18,20,69,0,0,75,10,85,12,19,93,30,154,160,204,364,518
07/14/2016,PHF,VA,AEA,EN,Towers with Radar,13,21,22,37,93,0,0,76,5,81,13,21,98,42,174,96,42,138,312
07/15/2016,PHF,VA,AEA,EN,Towers with Radar,12,19,30,30,91,0,0,52,4,56,12,19,82,34,147,72,36,108,255
07/16/2016,PHF,VA,AEA,EN,Towers with Radar,7,16,15,2,40,0,0,38,0,38,7,16,53,2,78,36,0,36,114
07/17/2016,PHF,VA,AEA,EN,Towers with Radar,9,15,23,1,48,0,0,45,0,45,9,15,68,1,93,34,0,34,127
07/18/2016,PHF,VA,AEA,EN,Towers with Radar,15,17,22,26,80,0,0,64,3,67,15,17,86,29,147,46,6,52,199
07/19/2016,PHF,VA,AEA,EN,Towers with Radar,12,20,24,12,68,0,0,75,24,99,12,20,99,36,167,76,240,316,483
07/20/2016,PHF,VA,AEA,EN,Towers with Radar,12,27,24,11,74,0,0,90,0,90,12,27,114,11,164,156,50,206,370
07/21/2016,PHF,VA,AEA,EN,Towers with Radar,12,12,30,17,71,0,0,100,5,105,12,12,130,22,176,182,200,382,558
07/22/2016,PHF,VA,AEA,EN,Towers with Radar,14,23,25,37,99,0,0,66,19,85,14,23,91,56,184,112,52,164,348
07/23/2016,PHF,VA,AEA,EN,Towers with Radar,8,15,18,4,45,0,0,72,0,72,8,15,90,4,117,106,0,106,223
07/24/2016,PHF,VA,AEA,EN,Towers with Radar,9,18,10,9,46,0,0,58,1,59,9,18,68,10,105,48,0,48,153
07/25/2016,PHF,VA,AEA,EN,Towers with Radar,12,21,30,16,79,0,0,46,3,49,12,21,76,19,128,94,24,118,246
07/26/2016,PHF,VA,AEA,EN,Towers with Radar,13,25,32,18,88,0,0,71,16,87,13,25,103,34,175,106,108,214,389
07/27/2016,PHF,VA,AEA,EN,Towers with Radar,13,36,23,17,89,0,1,77,8,86,13,37,100,25,175,52,92,144,319
07/28/2016,PHF,VA,AEA,EN,Towers with Radar,14,15,17,32,78,0,0,70,11,81,14,15,87,43,159,104,124,228,387
07/29/2016,PHF,VA,AEA,EN,Towers with Radar,13,15,28,37,93,0,0,34,6,40,13,15,62,43,133,68,60,128,261
07/30/2016,PHF,VA,AEA,EN,Towers with Radar,9,13,14,0,36,0,0,70,0,70,9,13,84,0,106,40,0,40,146
07/31/2016,PHF,VA,AEA,EN,Towers with Radar,10,20,10,7,47,0,0,17,0,17,10,20,27,7,64,20,0,20,84
08/01/2016,PHF,VA,AEA,EN,Towers with Radar,11,21,22,29,83,0,0,85,5,90,11,21,107,34,173,114,18,132,305
08/02/2016,PHF,VA,AEA,EN,Towers with Radar,10,21,13,25,69,0,0,32,1,33,10,21,45,26,102,0,6,6,108
08/03/2016,PHF,VA,AEA,EN,Towers with Radar,12,19,23,30,84,0,0,35,6,41,12,19,58,36,125,131,72,203,328
08/04/2016,PHF,VA,AEA,EN,Towers with Radar,13,28,27,37,105,0,0,60,10,70,13,28,87,47,175,224,146,370,545
08/05/2016,PHF,VA,AEA,EN,Towers with Radar,15,19,39,19,92,0,0,111,36,147,15,19,150,55,239,238,48,286,525
08/06/2016,PHF,VA,AEA,EN,Towers with Radar,10,17,16,0,43,0,0,38,0,38,10,17,54,0,81,26,0,26,107
08/07/2016,PHF,VA,AEA,EN,Towers with Radar,12,15,19,3,49,0,0,50,0,50,12,15,69,3,99,62,0,62,161
08/08/2016,PHF,VA,AEA,EN,Towers with Radar,14,9,25,16,64,0,0,31,14,45,14,9,56,30,109,74,146,220,329
08/09/2016,PHF,VA,AEA,EN,Towers with Radar,13,36,28,9,86,0,0,43,4,47,13,36,71,13,133,28,18,46,179
08/10/2016,PHF,VA,AEA,EN,Towers with Radar,13,17,23,12,65,0,0,123,20,143,13,17,146,32,208,216,94,310,518
08/11/2016,PHF,VA,AEA,EN,Towers with Radar,16,21,22,11,70,0,0,113,11,124,16,21,135,22,194,168,158,326,520
08/12/2016,PHF,VA,AEA,EN,Towers with Radar,15,8,14,24,61,0,0,49,4,53,15,8,63,28,114,68,2,70,184
08/13/2016,PHF,VA,AEA,EN,Towers with Radar,10,10,25,6,51,0,1,77,0,78,10,11,102,6,129,114,0,114,243
08/14/2016,PHF,VA,AEA,EN,Towers with Radar,12,14,14,6,46,0,0,80,0,80,12,14,94,6,126,82,0,82,208
08/15/2016,PHF,VA,AEA,EN,Towers with Radar,29,23,21,8,81,0,0,48,1,49,29,23,69,9,130,62,56,118,248
08/16/2016,PHF,VA,AEA,EN,Towers with Radar,12,20,14,52,98,0,0,91,11,102,12,20,105,63,200,134,134,268,468
08/17/2016,PHF,VA,AEA,EN,Towers with Radar,12,17,22,40,91,0,0,75,14,89,12,17,97,54,180,88,88,176,356
08/18/2016,PHF,VA,AEA,EN,Towers with Radar,15,28,23,41,107,0,0,81,6,87,15,28,104,47,194,164,188,352,546
08/19/2016,PHF,VA,AEA,EN,Towers with Radar,14,16,19,56,105,0,0,34,7,41,14,16,53,63,146,128,127,255,401
08/20/2016,PHF,VA,AEA,EN,Towers with Radar,10,8,11,12,41,0,0,86,0,86,10,8,97,12,127,104,26,130,257
08/21/2016,PHF,VA,AEA,EN,Towers with Radar,10,12,13,7,42,0,0,30,0,30,10,12,43,7,72,30,0,30,102
08/22/2016,PHF,VA,AEA,EN,Towers with Radar,14,31,21,18,84,0,0,46,6,52,14,31,67,24,136,46,64,110,246
08/23/2016,PHF,VA,AEA,EN,Towers with Radar,12,22,13,13,60,0,0,72,3,75,12,22,85,16,135,44,24,68,203
08/24/2016,PHF,VA,AEA,EN,Towers with Radar,10,22,28,19,79,0,1,133,12,146,10,23,161,31,225,144,138,282,507
08/25/2016,PHF,VA,AEA,EN,Towers with Radar,12,29,23,28,92,0,1,77,18,96,12,30,100,46,188,148,180,328,516
08/26/2016,PHF,VA,AEA,EN,Towers with Radar,13,17,20,15,65,0,0,70,12,82,13,17,90,27,147,104,50,154,301
08/27/2016,PHF,VA,AEA,EN,Towers with Radar,12,8,9,2,31,0,0,41,1,42,12,8,50,3,73,32,0,32,105
08/28/2016,PHF,VA,AEA,EN,Towers with Radar,10,13,21,5,49,0,0,47,2,49,10,13,68,7,98,64,0,64,162
08/29/2016,PHF,VA,AEA,EN,Towers with Radar,12,40,29,47,128,0,0,67,5,72,12,40,96,52,200,100,74,174,374
08/30/2016,PHF,VA,AEA,EN,Towers with Radar,13,27,15,33,88,0,0,81,22,103,13,27,96,55,191,148,34,182,373
08/31/2016,PHF,VA,AEA,EN,Towers with Radar,12,39,24,35,110,0,0,79,12,91,12,39,103,47,201,154,96,250,451
09/01/2016,PHF,VA,AEA,EN,Towers with Radar,10,40,18,29,97,0,0,27,4,31,10,40,45,33,128,26,106,132,260
09/02/2016,PHF,VA,AEA,EN,Towers with Radar,12,27,13,15,67,0,0,20,1,21,12,27,33,16,88,32,2,34,122
09/03/2016,PHF,VA,AEA,EN,Towers with Radar,12,5,0,0,17,0,0,0,0,0,12,5,0,0,17,0,0,0,17
09/04/2016,PHF,VA,AEA,EN,Towers with Radar,9,9,5,0,23,0,0,18,0,18,9,9,23,0,41,26,0,26,67
09/05/2016,PHF,VA,AEA,EN,Towers with Radar,9,16,19,3,47,0,0,51,5,56,9,16,70,8,103,32,13,45,148
09/06/2016,PHF,VA,AEA,EN,Towers with Radar,15,12,14,12,53,0,0,64,18,82,15,12,78,30,135,124,52,176,311
09/07/2016,PHF,VA,AEA,EN,Towers with Radar,12,24,24,40,100,0,0,85,16,101,12,24,109,56,201,126,138,264,465
09/08/2016,PHF,VA,AEA,EN,Towers with Radar,22,44,29,26,121,0,0,108,23,131,22,44,137,49,252,148,184,332,584
09/09/2016,PHF,VA,AEA,EN,Towers with Radar,12,24,18,30,84,0,2,65,16,83,12,26,83,46,167,108,56,164,331
09/10/2016,PHF,VA,AEA,EN,Towers with Radar,9,9,11,12,41,0,0,72,1,73,9,9,83,13,114,68,14,82,196
09/11/2016,PHF,VA,AEA,EN,Towers with Radar,8,19,11,7,45,0,0,22,1,23,8,19,33,8,68,26,2,28,96
09/12/2016,PHF,VA,AEA,EN,Towers with Radar,14,17,26,40,97,0,0,56,4,60,14,17,82,44,157,38,46,84,241
09/13/2016,PHF,VA,AEA,EN,Towers with Radar,12,23,19,20,74,0,0,103,25,128,12,23,122,45,202,212,70,282,484
09/14/2016,PHF,VA,AEA,EN,Towers with Radar,12,18,25,32,87,0,2,69,10,81,12,20,94,42,168,56,102,158,326
09/15/2016,PHF,VA,AEA,EN,Towers with Radar,12,21,29,21,83,0,0,73,30,103,12,21,102,51,186,140,216,356,542
09/16/2016,PHF,VA,AEA,EN,Towers with Radar,12,29,30,24,95,0,0,72,7,79,12,29,102,31,174,192,74,266,440
09/17/2016,PHF,VA,AEA,EN,Towers with Radar,8,11,16,2,37,0,0,71,0,71,8,11,87,2,108,110,0,110,218
09/18/2016,PHF,VA,AEA,EN,Towers with Radar,7,17,9,2,35,0,0,30,1,31,7,17,39,3,66,40,4,44,110
09/19/2016,PHF,VA,AEA,EN,Towers with Radar,12,21,16,7,56,0,0,14,0,14,12,21,30,7,70,10,0,10,80
09/20/2016,PHF,VA,AEA,EN,Towers with Radar,14,21,13,10,58,0,0,0,0,0,14,21,13,10,58,0,0,0,58
09/21/2016,PHF,VA,AEA,EN,Towers with Radar,12,21,24,6,63,0,0,0,0,0,12,21,24,6,63,0,0,0,63
09/22/2016,PHF,VA,AEA,EN,Towers with Radar,12,22,28,13,75,0,0,1,8,9,12,22,29,21,84,2,48,50,134
09/23/2016,PHF,VA,AEA,EN,Towers with Radar,12,22,31,17,82,0,0,30,6,36,12,22,61,23,118,18,24,42,160
09/24/2016,PHF,VA,AEA,EN,Towers with Radar,8,12,23,1,44,0,1,209,2,212,8,13,232,3,256,134,8,142,398
09/25/2016,PHF,VA,AEA,EN,Towers with Radar,8,20,38,1,67,0,0,52,2,54,8,20,90,3,121,110,0,110,231
09/26/2016,PHF,VA,AEA,EN,Towers with Radar,11,21,24,33,89,0,0,83,36,119,11,21,107,69,208,170,176,346,554
09/27/2016,PHF,VA,AEA,EN,Towers with Radar,11,14,27,17,69,0,0,39,19,58,11,14,66,36,127,98,178,276,403
09/28/2016,PHF,VA,AEA,EN,Towers with Radar,14,19,14,18,65,0,0,16,8,24,14,19,30,26,89,52,90,142,231
09/29/2016,PHF,VA,AEA,EN,Towers with Radar,14,30,20,15,79,0,0,14,4,18,14,30,34,19,97,28,10,38,135
09/30/2016,PHF,VA,AEA,EN,Towers with Radar,15,37,21,11,84,0,0,27,20,47,15,37,48,31,131,54,70,124,255
10/01/2016,PHF,VA,AEA,EN,Towers with Radar,12,11,12,4,39,0,0,8,0,8,12,11,20,4,47,18,0,18,65
10/02/2016,PHF,VA,AEA,EN,Towers with Radar,9,18,26,4,57,0,0,19,0,19,9,18,45,4,76,44,0,44,120
10/03/2016,PHF,VA,AEA,EN,Towers with Radar,12,15,34,35,96,0,0,62,26,88,12,15,96,61,184,130,118,248,432
10/04/2016,PHF,VA,AEA,EN,Towers with Radar,12,42,22,28,104,0,0,72,23,95,12,42,94,51,199,86,80,166,365
10/05/2016,PHF,VA,AEA,EN,Towers with Radar,11,34,29,24,98,0,0,2,1,3,11,34,31,25,101,0,8,8,109
10/06/2016,PHF,VA,AEA,EN,Towers with Radar,11,31,20,12,74,0,0,31,20,51,11,31,51,32,125,126,126,252,377
10/07/2016,PHF,VA,AEA,EN,Towers with Radar,11,20,17,0,48,0,0,0,0,0,11,20,17,0,48,0,0,0,48
10/08/2016,PHF,VA,AEA,EN,Towers with Radar,8,5,1,0,14,0,0,0,0,0,8,5,1,0,14,0,0,0,14
10/09/2016,PHF,VA,AEA,EN,Towers with Radar,8,7,1,0,16,0,0,0,0,0,8,7,1,0,16,0,0,0,16
10/10/2016,PHF,VA,AEA,EN,Towers with Radar,11,15,10,0,36,0,1,42,5,48,11,16,52,5,84,88,20,108,192
10/11/2016,PHF,VA,AEA,EN,Towers with Radar,10,27,32,24,93,0,0,80,16,96,10,27,112,40,189,128,114,242,431
10/12/2016,PHF,VA,AEA,EN,Towers with Radar,11,32,33,20,96,0,1,85,6,92,11,33,118,26,188,203,190,393,581
10/13/2016,PHF,VA,AEA,EN,Towers with Radar,10,30,28,17,85,0,0,62,12,74,10,30,90,29,159,120,70,190,349
10/14/2016,PHF,VA,AEA,EN,Towers with Radar,11,19,40,33,103,0,0,105,17,122,11,19,145,50,225,152,150,302,527
10/15/2016,PHF,VA,AEA,EN,Towers with Radar,10,19,21,20,70,0,0,76,19,95,10,19,97,39,165,82,18,100,265
10/16/2016,PHF,VA,AEA,EN,Towers with Radar,11,16,22,8,57,0,0,64,17,81,11,16,86,25,138,82,8,90,228
10/17/2016,PHF,VA,AEA,EN,Towers with Radar,11,18,29,13,71,0,0,58,17,75,11,18,87,30,146,38,68,106,252
10/18/2016,PHF,VA,AEA,EN,Towers with Radar,19,23,20,30,92,0,0,48,20,68,19,23,68,50,160,44,164,208,368
10/19/2016,PHF,VA,AEA,EN,Towers with Radar,11,20,30,15,76,0,0,42,7,49,11,20,72,22,125,44,58,102,227
10/20/2016,PHF,VA,AEA,EN,Towers with Radar,12,27,29,10,78,0,0,103,18,121,12,27,132,28,199,194,232,426,625
10/21/2016,PHF,VA,AEA,EN,Towers with Radar,13,23,31,22,89,0,0,63,15,78,13,23,94,37,167,56,78,134,301
10/22/2016,PHF,VA,AEA,EN,Towers with Radar,11,14,15,2,42,0,0,7,0,7,11,14,22,2,49,0,0,0,49
10/23/2016,PHF,VA,AEA,EN,Towers with Radar,11,20,18,1,50,0,0,51,1,52,11,20,69,2,102,104,10,114,216
10/24/2016,PHF,VA,AEA,EN,Towers with Radar,18,31,24,22,95,0,0,26,1,27,18,31,50,23,122,30,14,44,166
10/25/2016,PHF,VA,AEA,EN,Towers with Radar,11,29,29,39,108,0,0,73,9,82,11,29,102,48,190,100,166,266,456
10/26/2016,PHF,VA,AEA,EN,Towers with Radar,9,31,29,19,88,0,0,28,5,33,9,31,57,24,121,26,40,66,187
10/27/2016,PHF,VA,AEA,EN,Towers with Radar,11,26,42,52,131,0,0,68,35,103,11,26,110,87,234,108,274,382,616
10/28/2016,PHF,VA,AEA,EN,Towers with Radar,14,20,27,38,99,0,0,126,35,161,14,20,153,73,260,242,206,448,708
10/29/2016,PHF,VA,AEA,EN,Towers with Radar,9,12,18,0,39,0,0,79,0,79,9,12,97,0,118,100,0,100,218
10/30/2016,PHF,VA,AEA,EN,Towers with Radar,9,18,19,0,46,0,0,34,0,34,9,18,53,0,80,54,0,54,134
10/31/2016,PHF,VA,AEA,EN,Towers with Radar,11,13,35,10,69,0,0,20,8,28,11,13,55,18,97,18,20,38,135
11/01/2016,PHF,VA,AEA,EN,Towers with Radar,11,32,19,20,82,0,0,90,4,94,11,32,109,24,176,60,86,146,322
11/02/2016,PHF,VA,AEA,EN,Towers with Radar,10,26,27,28,91,0,0,64,7,71,10,26,91,35,162,82,164,246,408
11/03/2016,PHF,VA,AEA,EN,Towers with Radar,12,19,33,27,91,0,0,80,27,107,12,19,113,54,198,138,230,368,566
11/04/2016,PHF,VA,AEA,EN,Towers with Radar,12,17,22,30,81,0,0,60,36,96,12,17,82,66,177,138,192,330,507
11/05/2016,PHF,VA,AEA,EN,Towers with Radar,12,15,30,2,59,0,0,75,3,78,12,15,105,5,137,78,10,88,225
11/06/2016,PHF,VA,AEA,EN,Towers with Radar,9,13,24,2,48,0,0,50,2,52,9,13,74,4,100,80,2,82,182
11/07/2016,PHF,VA,AEA,EN,Towers with Radar,12,33,24,32,101,0,0,46,12,58,12,33,70,44,159,80,82,162,321
11/08/2016,PHF,VA,AEA,EN,Towers with Radar,13,29,13,53,108,0,0,70,26,96,13,29,83,79,204,66,224,290,494
11/09/2016,PHF,VA,AEA,EN,Towers with Radar,11,28,19,36,94,0,0,56,5,61,11,28,75,41,155,68,122,190,345
11/10/2016,PHF,VA,AEA,EN,Towers with Radar,13,16,23,13,65,0,0,102,28,130,13,16,125,41,195,176,164,340,535
11/11/2016,PHF,VA,AEA,EN,Towers with Radar,11,15,19,0,45,0,0,82,0,82,11,15,101,0,127,76,0,76,203
11/12/2016,PHF,VA,AEA,EN,Towers with Radar,11,12,23,0,46,0,0,21,0,21,11,12,44,0,67,10,0,10,77
11/13/2016,PHF,VA,AEA,EN,Towers with Radar,10,11,17,0,38,0,0,73,0,73,10,11,90,0,111,58,0,58,169
11/14/2016,PHF,VA,AEA,EN,Towers with Radar,12,23,31,16,82,0,0,8,2,10,12,23,39,18,92,10,26,36,128
11/15/2016,PHF,VA,AEA,EN,Towers with Radar,17,15,21,35,88,0,0,45,4,49,17,15,66,39,137,80,52,132,269
11/16/2016,PHF,VA,AEA,EN,Towers with Radar,11,26,23,26,86,0,0,82,6,88,11,26,105,32,174,72,114,186,360
11/17/2016,PHF,VA,AEA,EN,Towers with Radar,12,28,30,11,81,0,0,52,16,68,12,28,82,27,149,56,82,138,287
11/18/2016,PHF,VA,AEA,EN,Towers with Radar,13,24,29,17,83,0,3,43,3,49,13,27,72,20,132,80,40,120,252
11/19/2016,PHF,VA,AEA,EN,Towers with Radar,14,24,19,0,57,0,0,55,0,55,14,24,74,0,112,50,0,50,162
11/20/2016,PHF,VA,AEA,EN,Towers with Radar,9,18,10,2,39,0,0,3,0,3,9,18,13,2,42,0,0,0,42
11/21/2016,PHF,VA,AEA,EN,Towers with Radar,13,23,14,22,72,0,0,14,0,14,13,23,28,22,86,32,0,32,118
11/22/2016,PHF,VA,AEA,EN,Towers with Radar,11,16,36,22,85,0,0,41,2,43,11,16,77,24,128,60,26,86,214
11/23/2016,PHF,VA,AEA,EN,Towers with Radar,12,17,28,2,59,0,0,30,0,30,12,17,58,2,89,30,0,30,119
11/24/2016,PHF,VA,AEA,EN,Towers with Radar,8,6,5,0,19,0,0,7,0,7,8,6,12,0,26,6,0,6,32
11/25/2016,PHF,VA,AEA,EN,Towers with Radar,8,11,6,0,25,0,0,25,0,25,8,11,31,0,50,22,0,22,72
11/26/2016,PHF,VA,AEA,EN,Towers with Radar,11,12,14,0,37,0,0,38,0,38,11,12,52,0,75,40,0,40,115
11/27/2016,PHF,VA,AEA,EN,Towers with Radar,18,18,20,1,57,0,1,46,0,47,18,19,66,1,104,68,0,68,172
11/28/2016,PHF,VA,AEA,EN,Towers with Radar,13,25,23,12,73,0,0,44,2,46,13,25,67,14,119,52,24,76,195
11/29/2016,PHF,VA,AEA,EN,Towers with Radar,14,21,18,19,72,0,0,39,8,47,14,21,57,27,119,36,132,168,287
11/30/2016,PHF,VA,AEA,EN,Towers with Radar,17,17,15,22,71,0,0,5,12,17,17,17,20,34,88,20,66,86,174
12/01/2016,PHF,VA,AEA,EN,Towers with Radar,12,24,34,30,100,0,0,49,9,58,12,24,83,39,158,50,60,110,268
12/02/2016,PHF,VA,AEA,EN,Towers with Radar,12,26,21,20,79,0,0,51,11,62,12,26,72,31,141,70,32,102,243
12/03/2016,PHF,VA,AEA,EN,Towers with Radar,9,17,20,13,59,0,1,58,4,63,9,18,78,17,122,130,0,130,252
12/04/2016,PHF,VA,AEA,EN,Towers with Radar,11,16,13,4,44,0,0,46,0,46,11,16,59,4,90,24,0,24,114
12/05/2016,PHF,VA,AEA,EN,Towers with Radar,12,17,25,34,88,0,0,10,3,13,12,17,35,37,101,0,0,0,101
12/06/2016,PHF,VA,AEA,EN,Towers with Radar,13,18,11,16,58,0,0,0,0,0,13,18,11,16,58,0,0,0,58
12/07/2016,PHF,VA,AEA,EN,Towers with Radar,16,19,20,37,92,0,0,54,7,61,16,19,74,44,153,72,62,134,287
12/08/2016,PHF,VA,AEA,EN,Towers with Radar,14,25,26,30,95,0,0,11,6,17,14,25,37,36,112,12,14,26,138
12/09/2016,PHF,VA,AEA,EN,Towers with Radar,11,28,25,16,80,0,0,59,19,78,11,28,84,35,158,74,20,94,252
12/10/2016,PHF,VA,AEA,EN,Towers with Radar,7,15,20,0,42,0,0,54,0,54,7,15,74,0,96,62,0,62,158
12/11/2016,PHF,VA,AEA,EN,Towers with Radar,8,12,14,2,36,0,0,30,0,30,8,12,44,2,66,20,0,20,86
12/12/2016,PHF,VA,AEA,EN,Towers with Radar,10,23,20,18,71,0,0,18,0,18,10,23,38,18,89,36,14,50,139
12/13/2016,PHF,VA,AEA,EN,Towers with Radar,10,29,24,23,86,0,0,68,13,81,10,29,92,36,167,52,72,124,291
12/14/2016,PHF,VA,AEA,EN,Towers with Radar,10,36,32,25,103,0,0,20,2,22,10,36,52,27,125,10,30,40,165
12/15/2016,PHF,VA,AEA,EN,Towers with Radar,11,29,26,7,73,0,0,22,5,27,11,29,48,12,100,10,2,12,112
12/16/2016,PHF,VA,AEA,EN,Towers with Radar,8,40,27,2,77,0,0,46,11,57,8,40,73,13,134,76,12,88,222
12/17/2016,PHF,VA,AEA,EN,Towers with Radar,8,7,8,1,24,0,0,0,0,0,8,7,8,1,24,0,0,0,24
12/18/2016,PHF,VA,AEA,EN,Towers with Radar,6,16,4,1,27,0,0,2,0,2,6,16,6,1,29,4,0,4,33
12/19/2016,PHF,VA,AEA,EN,Towers with Radar,21,27,18,13,79,0,0,8,6,14,21,27,26,19,93,0,22,22,115
12/20/2016,PHF,VA,AEA,EN,Towers with Radar,10,25,14,20,69,0,1,87,10,98,10,26,101,30,167,158,82,240,407
12/21/2016,PHF,VA,AEA,EN,Towers with Radar,12,20,21,19,72,0,0,70,8,78,12,20,91,27,150,94,42,136,286
12/22/2016,PHF,VA,AEA,EN,Towers with Radar,11,23,11,37,82,0,0,77,14,91,11,23,88,51,173,176,58,234,407
12/23/2016,PHF,VA,AEA,EN,Towers with Radar,11,15,21,1,48,0,0,51,2,53,11,15,72,3,101,108,0,108,209
12/24/2016,PHF,VA,AEA,EN,Towers with Radar,10,8,2,0,20,0,0,0,0,0,10,8,2,0,20,0,0,0,20
12/25/2016,PHF,VA,AEA,EN,Towers with Radar,7,8,4,0,19,0,0,6,0,6,7,8,10,0,25,0,0,0,25
12/26/2016,PHF,VA,AEA,EN,Towers with Radar,10,10,19,5,44,0,0,20,0,20,10,10,39,5,64,10,0,10,74
12/27/2016,PHF,VA,AEA,EN,Towers with Radar,7,19,10,4,40,0,0,2,0,2,7,19,12,4,42,0,0,0,42
12/28/2016,PHF,VA,AEA,EN,Towers with Radar,11,16,13,14,54,0,1,55,6,62,11,17,68,20,116,96,48,144,260
12/29/2016,PHF,VA,AEA,EN,Towers with Radar,10,17,6,8,41,0,0,51,20,71,10,17,57,28,112,98,52,150,262
12/30/2016,PHF,VA,AEA,EN,Towers with Radar,10,10,6,1,27,0,0,40,2,42,10,10,46,3,69,52,0,52,121
12/31/2016,PHF,VA,AEA,EN,Towers with Radar,9,15,6,2,32,0,0,20,0,20,9,15,26,2,52,16,0,16,68
01/01/2017,PHF,VA,AEA,EN,Towers with Radar,7,9,14,0,30,0,0,27,0,27,7,9,41,0,57,30,0,30,87
01/02/2017,PHF,VA,AEA,EN,Towers with Radar,11,13,12,0,36,0,0,0,0,0,11,13,12,0,36,0,0,0,36
01/03/2017,PHF,VA,AEA,EN,Towers with Radar,11,17,7,4,39,0,0,0,0,0,11,17,7,4,39,0,0,0,39
01/04/2017,PHF,VA,AEA,EN,Towers with Radar,11,15,47,14,87,0,1,26,9,36,11,16,73,23,123,34,16,50,173
01/05/2017,PHF,VA,AEA,EN,Towers with Radar,11,13,29,38,91,0,0,43,18,61,11,13,72,56,152,92,118,210,362
01/06/2017,PHF,VA,AEA,EN,Towers with Radar,10,12,11,29,62,0,0,38,6,44,10,12,49,35,106,60,14,74,180
01/07/2017,PHF,VA,AEA,EN,Towers with Radar,0,0,0,0,0,0,0,0,0,0,0,0,0,0,0,0,0,0,0
01/08/2017,PHF,VA,AEA,EN,Towers with Radar,12,7,5,2,26,0,0,0,2,2,12,7,5,4,28,0,0,0,28
01/09/2017,PHF,VA,AEA,EN,Towers with Radar,14,18,15,4,51,0,0,0,3,3,14,18,15,7,54,0,0,0,54
01/10/2017,PHF,VA,AEA,EN,Towers with Radar,14,7,20,6,47,0,0,13,2,15,14,7,33,8,62,30,0,30,92
01/11/2017,PHF,VA,AEA,EN,Towers with Radar,18,8,31,32,89,0,0,15,0,15,18,8,46,32,104,12,4,16,120
01/12/2017,PHF,VA,AEA,EN,Towers with Radar,16,13,15,69,113,0,0,3,14,17,16,13,18,83,130,0,74,74,204
01/13/2017,PHF,VA,AEA,EN,Towers with Radar,15,19,19,47,100,1,4,43,10,58,16,23,62,57,158,76,140,216,374
01/14/2017,PHF,VA,AEA,EN,Towers with Radar,13,10,4,0,27,0,0,20,0,20,13,10,24,0,47,64,0,64,111
01/15/2017,PHF,VA,AEA,EN,Towers with Radar,11,2,7,3,23,0,0,55,0,55,11,2,62,3,78,128,0,128,206
01/16/2017,PHF,VA,AEA,EN,Towers with Radar,14,20,32,12,78,0,0,25,4,29,14,20,57,16,107,46,8,54,161
01/17/2017,PHF,VA,AEA,EN,Towers with Radar,14,11,15,40,80,0,0,33,10,43,14,11,48,50,123,32,82,114,237
01/18/2017,PHF,VA,AEA,EN,Towers with Radar,15,13,42,25,95,0,1,72,12,85,15,14,114,37,180,138,142,280,460
01/19/2017,PHF,VA,AEA,EN,Towers with Radar,16,21,28,10,75,0,0,35,11,46,16,21,63,21,121,36,38,74,195
01/20/2017,PHF,VA,AEA,EN,Towers with Radar,16,7,19,14,56,0,0,0,0,0,16,7,19,14,56,0,0,0,56
01/21/2017,PHF,VA,AEA,EN,Towers with Radar,11,12,14,0,37,0,0,0,0,0,11,12,14,0,37,0,0,0,37
01/22/2017,PHF,VA,AEA,EN,Towers with Radar,12,7,1,0,20,0,0,10,0,10,12,7,11,0,30,8,0,8,38
01/23/2017,PHF,VA,AEA,EN,Towers with Radar,12,9,22,2,45,0,0,0,0,0,12,9,22,2,45,0,0,0,45
01/24/2017,PHF,VA,AEA,EN,Towers with Radar,14,19,27,36,96,0,0,53,11,64,14,19,80,47,160,72,128,200,360
01/25/2017,PHF,VA,AEA,EN,Towers with Radar,18,30,27,52,127,0,0,86,4,90,18,30,113,56,217,148,118,266,483
01/26/2017,PHF,VA,AEA,EN,Towers with Radar,24,25,16,24,89,0,1,62,9,72,24,26,78,33,161,62,172,234,395
01/27/2017,PHF,VA,AEA,EN,Towers with Radar,16,22,22,38,98,0,0,71,17,88,16,22,93,55,186,112,74,186,372
01/28/2017,PHF,VA,AEA,EN,Towers with Radar,13,2,18,0,33,0,0,62,0,62,13,2,80,0,95,138,0,138,233
01/29/2017,PHF,VA,AEA,EN,Towers with Radar,12,6,13,3,34,0,0,33,0,33,12,6,46,3,67,40,0,40,107
01/30/2017,PHF,VA,AEA,EN,Towers with Radar,16,22,35,28,101,0,0,19,2,21,16,22,54,30,122,12,78,90,212
01/31/2017,PHF,VA,AEA,EN,Towers with Radar,14,11,6,55,86,0,0,16,9,25,14,11,22,64,111,10,162,172,283
02/01/2017,PHF,VA,AEA,EN,Towers with Radar,16,17,23,54,110,0,0,22,14,36,16,17,45,68,146,24,202,226,372
02/02/2017,PHF,VA,AEA,EN,Towers with Radar,14,15,36,39,104,0,0,59,26,85,14,15,95,65,189,136,230,366,555
02/03/2017,PHF,VA,AEA,EN,Towers with Radar,16,6,30,21,73,0,0,18,11,29,16,6,48,32,102,12,28,40,142
02/04/2017,PHF,VA,AEA,EN,Towers with Radar,13,4,10,3,30,0,0,55,2,57,13,4,65,5,87,60,6,66,153
02/05/2017,PHF,VA,AEA,EN,Towers with Radar,11,4,7,2,24,0,0,24,0,24,11,4,31,2,48,52,0,52,100
02/06/2017,PHF,VA,AEA,EN,Towers with Radar,14,25,27,32,98,0,0,36,4,40,14,25,63,36,138,106,56,162,300
02/07/2017,PHF,VA,AEA,EN,Towers with Radar,13,32,21,55,121,0,1,43,19,63,13,33,64,74,184,110,54,164,348
02/08/2017,PHF,VA,AEA,EN,Towers with Radar,16,20,16,46,98,0,0,40,56,96,16,20,56,102,194,54,162,216,410
02/09/2017,PHF,VA,AEA,EN,Towers with Radar,18,12,8,6,44,0,0,0,2,2,18,12,8,8,46,0,22,22,68
02/10/2017,PHF,VA,AEA,EN,Towers with Radar,15,13,32,44,104,0,0,73,11,84,15,13,105,55,188,70,70,140,328
02/11/2017,PHF,VA,AEA,EN,Towers with Radar,14,4,15,11,44,0,0,86,6,92,14,4,101,17,136,146,20,166,302
02/12/2017,PHF,VA,AEA,EN,Towers with Radar,13,5,9,1,28,0,0,26,6,32,13,5,35,7,60,56,0,56,116
02/13/2017,PHF,VA,AEA,EN,Towers with Radar,13,20,13,20,66,0,0,2,4,6,13,20,15,24,72,0,16,16,88
02/14/2017,PHF,VA,AEA,EN,Towers with Radar,16,9,30,26,81,0,0,50,23,73,16,9,80,49,154,92,156,248,402
02/15/2017,PHF,VA,AEA,EN,Towers with Radar,16,9,28,50,103,0,0,13,0,13,16,9,41,50,116,8,0,8,124
02/16/2017,PHF,VA,AEA,EN,Towers with Radar,14,23,27,11,75,0,1,11,4,16,14,24,38,15,91,14,24,38,129
02/17/2017,PHF,VA,AEA,EN,Towers with Radar,12,14,25,12,63,0,0,53,4,57,12,14,78,16,120,120,22,142,262
02/18/2017,PHF,VA,AEA,EN,Towers with Radar,11,13,6,0,30,0,0,59,0,59,11,13,65,0,89,96,0,96,185
02/19/2017,PHF,VA,AEA,EN,Towers with Radar,9,11,13,1,34,0,0,64,1,65,9,11,77,2,99,92,0,92,191
02/20/2017,PHF,VA,AEA,EN,Towers with Radar,13,10,22,2,47,0,0,49,0,49,13,10,71,2,96,60,0,60,156
02/21/2017,PHF,VA,AEA,EN,Towers with Radar,13,36,14,22,85,0,1,66,10,77,13,37,80,32,162,80,174,254,416
02/22/2017,PHF,VA,AEA,EN,Towers with Radar,13,17,32,23,85,0,1,7,5,13,13,18,39,28,98,14,116,130,228
02/23/2017,PHF,VA,AEA,EN,Towers with Radar,13,35,10,47,105,0,0,35,14,49,13,35,45,61,154,50,182,232,386
02/24/2017,PHF,VA,AEA,EN,Towers with Radar,14,26,12,13,65,0,0,16,2,18,14,26,28,15,83,12,8,20,103
02/25/2017,PHF,VA,AEA,EN,Towers with Radar,11,16,15,0,42,0,2,69,2,73,11,18,84,2,115,152,0,152,267
02/26/2017,PHF,VA,AEA,EN,Towers with Radar,11,8,27,1,47,0,0,86,0,86,11,8,113,1,133,136,0,136,269
02/27/2017,PHF,VA,AEA,EN,Towers with Radar,13,24,15,36,88,0,0,23,1,24,13,24,38,37,112,34,34,68,180
02/28/2017,PHF,VA,AEA,EN,Towers with Radar,13,34,15,24,86,0,0,30,1,31,13,34,45,25,117,72,94,166,283
03/01/2017,PHF,VA,AEA,EN,Towers with Radar,9,22,15,17,63,0,0,0,3,3,9,22,15,20,66,0,26,26,92
03/02/2017,PHF,VA,AEA,EN,Towers with Radar,15,13,16,10,54,0,0,2,0,2,15,13,18,10,56,0,2,2,58
03/03/2017,PHF,VA,AEA,EN,Towers with Radar,13,14,26,15,68,0,0,10,0,10,13,14,36,15,78,0,0,0,78
03/04/2017,PHF,VA,AEA,EN,Towers with Radar,12,6,8,4,30,0,0,42,0,42,12,6,50,4,72,28,0,28,100
03/05/2017,PHF,VA,AEA,EN,Towers with Radar,9,20,15,1,45,0,1,55,4,60,9,21,70,5,105,60,4,64,169
03/06/2017,PHF,VA,AEA,EN,Towers with Radar,13,11,19,33,76,0,0,34,6,40,13,11,53,39,116,106,64,170,286
03/07/2017,PHF,VA,AEA,EN,Towers with Radar,13,19,17,26,75,0,1,45,15,61,13,20,62,41,136,34,306,340,476
03/08/2017,PHF,VA,AEA,EN,Towers with Radar,11,17,29,15,72,0,0,65,4,69,11,17,94,19,141,120,156,276,417
03/09/2017,PHF,VA,AEA,EN,Towers with Radar,12,22,14,57,105,0,0,58,7,65,12,22,72,64,170,100,186,286,456
03/10/2017,PHF,VA,AEA,EN,Towers with Radar,11,23,12,28,74,0,0,14,8,22,11,23,26,36,96,14,2,16,112
03/11/2017,PHF,VA,AEA,EN,Towers with Radar,11,11,25,9,56,0,0,49,2,51,11,11,74,11,107,110,2,112,219
03/12/2017,PHF,VA,AEA,EN,Towers with Radar,7,19,17,5,48,0,0,24,0,24,7,19,41,5,72,42,0,42,114
03/13/2017,PHF,VA,AEA,EN,Towers with Radar,12,20,22,7,61,0,0,20,4,24,12,20,42,11,85,32,4,36,121
03/14/2017,PHF,VA,AEA,EN,Towers with Radar,11,11,2,12,36,0,0,0,2,2,11,11,2,14,38,0,14,14,52
03/15/2017,PHF,VA,AEA,EN,Towers with Radar,11,29,16,11,67,0,0,6,5,11,11,29,22,16,78,0,20,20,98
03/16/2017,PHF,VA,AEA,EN,Towers with Radar,11,27,16,32,86,0,1,59,9,69,11,28,75,41,155,84,126,210,365
03/17/2017,PHF,VA,AEA,EN,Towers with Radar,11,18,18,15,62,0,0,66,3,69,11,18,84,18,131,138,80,218,349
03/18/2017,PHF,VA,AEA,EN,Towers with Radar,11,9,23,1,44,0,0,35,2,37,11,9,58,3,81,58,6,64,145
03/19/2017,PHF,VA,AEA,EN,Towers with Radar,5,18,4,2,29,0,0,3,0,3,5,18,7,2,32,0,0,0,32
03/20/2017,PHF,VA,AEA,EN,Towers with Radar,11,16,31,33,91,0,0,56,13,69,11,16,87,46,160,46,10,56,216
03/21/2017,PHF,VA,AEA,EN,Towers with Radar,10,25,28,8,71,0,0,61,13,74,10,25,89,21,145,56,118,174,319
03/22/2017,PHF,VA,AEA,EN,Towers with Radar,11,19,29,36,95,0,1,69,18,88,11,20,98,54,183,66,230,296,479
03/23/2017,PHF,VA,AEA,EN,Towers with Radar,11,24,41,24,100,0,1,70,11,82,11,25,111,35,182,100,96,196,378
03/24/2017,PHF,VA,AEA,EN,Towers with Radar,11,21,37,18,87,0,1,78,17,96,11,22,115,35,183,156,168,324,507
03/25/2017,PHF,VA,AEA,EN,Towers with Radar,11,12,16,0,39,0,2,62,0,64,11,14,78,0,103,120,0,120,223
03/26/2017,PHF,VA,AEA,EN,Towers with Radar,5,14,14,2,35,0,2,34,0,36,5,16,48,2,71,52,10,62,133
03/27/2017,PHF,VA,AEA,EN,Towers with Radar,10,13,33,35,91,0,1,25,15,41,10,14,58,50,132,38,102,140,272
03/28/2017,PHF,VA,AEA,EN,Towers with Radar,11,14,17,10,52,0,0,8,2,10,11,14,25,12,62,20,16,36,98
03/29/2017,PHF,VA,AEA,EN,Towers with Radar,10,19,41,21,91,0,1,25,5,31,10,20,66,26,122,42,32,74,196
03/30/2017,PHF,VA,AEA,EN,Towers with Radar,11,17,22,9,59,0,1,12,2,15,11,18,34,11,74,2,20,22,96
03/31/2017,PHF,VA,AEA,EN,Towers with Radar,11,14,17,4,46,0,0,5,4,9,11,14,22,8,55,0,54,54,109
04/01/2017,PHF,VA,AEA,EN,Towers with Radar,12,11,12,0,35,0,0,42,0,42,12,11,54,0,77,70,0,70,147
04/02/2017,PHF,VA,AEA,EN,Towers with Radar,8,17,13,3,41,0,0,12,0,12,8,17,25,3,53,0,0,0,53
04/03/2017,PHF,VA,AEA,EN,Towers with Radar,12,12,22,43,89,0,0,21,12,33,12,12,43,55,122,36,34,70,192
04/04/2017,PHF,VA,AEA,EN,Towers with Radar,10,18,14,33,75,0,0,6,12,18,10,18,20,45,93,7,47,54,147
04/05/2017,PHF,VA,AEA,EN,Towers with Radar,4,15,24,34,77,0,0,23,2,25,4,15,47,36,102,58,66,124,226
04/06/2017,PHF,VA,AEA,EN,Towers with Radar,8,10,5,3,26,0,1,2,0,3,8,11,7,3,29,0,0,0,29
04/07/2017,PHF,VA,AEA,EN,Towers with Radar,11,14,22,12,59,0,0,22,9,31,11,14,44,21,90,38,34,72,162
04/08/2017,PHF,VA,AEA,EN,Towers with Radar,11,9,9,0,29,0,0,57,0,57,11,9,66,0,86,86,0,86,172
04/09/2017,PHF,VA,AEA,EN,Towers with Radar,9,26,21,5,61,0,1,44,2,47,9,27,65,7,108,6,4,10,118
04/10/2017,PHF,VA,AEA,EN,Towers with Radar,10,19,23,25,77,0,0,32,12,44,10,19,55,37,121,48,74,122,243
04/11/2017,PHF,VA,AEA,EN,Towers with Radar,10,22,29,6,67,0,0,14,6,20,10,22,43,12,87,18,76,94,181
04/12/2017,PHF,VA,AEA,EN,Towers with Radar,10,24,22,20,76,0,0,23,4,27,10,24,45,24,103,6,60,66,169
04/13/2017,PHF,VA,AEA,EN,Towers with Radar,10,26,30,26,92,0,1,30,7,38,10,27,60,33,130,48,60,108,238
04/14/2017,PHF,VA,AEA,EN,Towers with Radar,10,24,24,6,64,0,1,24,2,27,10,25,48,8,91,32,12,44,135
04/15/2017,PHF,VA,AEA,EN,Towers with Radar,12,11,27,2,52,0,0,28,0,28,12,11,55,2,80,76,0,76,156
04/16/2017,PHF,VA,AEA,EN,Towers with Radar,10,13,15,0,38,0,0,16,0,16,10,13,31,0,54,12,0,12,66
04/17/2017,PHF,VA,AEA,EN,Towers with Radar,10,17,24,13,64,0,0,12,1,13,10,17,36,14,77,20,10,30,107
04/18/2017,PHF,VA,AEA,EN,Towers with Radar,11,22,21,22,76,0,0,24,2,26,11,22,45,24,102,72,34,106,208
04/19/2017,PHF,VA,AEA,EN,Towers with Radar,10,33,20,42,105,0,0,10,8,18,10,33,30,50,123,34,72,106,229
04/20/2017,PHF,VA,AEA,EN,Towers with Radar,10,26,27,19,82,0,0,22,1,23,10,26,49,20,105,66,42,108,213
04/21/2017,PHF,VA,AEA,EN,Towers with Radar,10,31,60,14,115,0,0,53,4,57,10,31,113,18,172,133,106,239,411
04/22/2017,PHF,VA,AEA,EN,Towers with Radar,11,22,37,2,72,0,0,15,0,15,11,22,52,2,87,14,0,14,101
04/23/2017,PHF,VA,AEA,EN,Towers with Radar,10,23,28,3,64,0,0,3,0,3,10,23,31,3,67,0,0,0,67
04/24/2017,PHF,VA,AEA,EN,Towers with Radar,10,20,14,8,52,0,0,0,0,0,10,20,14,8,52,0,0,0,52
04/25/2017,PHF,VA,AEA,EN,Towers with Radar,10,12,23,25,70,0,0,1,1,2,10,12,24,26,72,0,44,44,116
04/26/2017,PHF,VA,AEA,EN,Towers with Radar,10,17,22,21,70,0,0,22,10,32,10,17,44,31,102,76,132,208,310
04/27/2017,PHF,VA,AEA,EN,Towers with Radar,10,21,37,22,90,0,0,32,5,37,10,21,69,27,127,50,46,96,223
04/28/2017,PHF,VA,AEA,EN,Towers with Radar,10,18,45,13,86,0,0,80,25,105,10,18,125,38,191,156,188,344,535
04/29/2017,PHF,VA,AEA,EN,Towers with Radar,13,9,28,0,50,0,0,53,2,55,13,9,81,2,105,84,0,84,189
04/30/2017,PHF,VA,AEA,EN,Towers with Radar,11,15,26,3,55,0,0,36,0,36,11,15,62,3,91,56,0,56,147
05/01/2017,PHF,VA,AEA,EN,Towers with Radar,15,20,9,17,61,0,0,18,16,34,15,20,27,33,95,34,230,264,359
05/02/2017,PHF,VA,AEA,EN,Towers with Radar,11,15,14,38,78,0,0,7,8,15,11,15,21,46,93,78,132,210,303
05/03/2017,PHF,VA,AEA,EN,Towers with Radar,11,22,22,14,69,0,0,53,9,62,11,22,75,23,131,76,60,136,267
05/04/2017,PHF,VA,AEA,EN,Towers with Radar,10,12,23,22,67,0,1,20,3,24,10,13,43,25,91,18,16,34,125
05/05/2017,PHF,VA,AEA,EN,Towers with Radar,11,14,13,6,44,0,0,0,0,0,11,14,13,6,44,0,0,0,44
05/06/2017,PHF,VA,AEA,EN,Towers with Radar,9,19,15,1,44,0,0,8,0,8,9,19,23,1,52,12,0,12,64
05/07/2017,PHF,VA,AEA,EN,Towers with Radar,11,15,21,2,49,0,0,91,0,91,11,15,112,2,140,112,0,112,252
05/08/2017,PHF,VA,AEA,EN,Towers with Radar,10,13,35,5,63,0,0,51,2,53,10,13,86,7,116,100,10,110,226
05/09/2017,PHF,VA,AEA,EN,Towers with Radar,10,15,17,20,62,0,0,65,0,65,10,15,82,20,127,118,26,144,271
05/10/2017,PHF,VA,AEA,EN,Towers with Radar,10,19,29,11,69,0,0,43,4,47,10,19,72,15,116,60,0,60,176
05/11/2017,PHF,VA,AEA,EN,Towers with Radar,10,20,18,8,56,0,0,0,2,2,10,20,18,10,58,0,6,6,64
05/12/2017,PHF,VA,AEA,EN,Towers with Radar,10,12,21,16,59,0,0,2,0,2,10,12,23,16,61,0,0,0,61
05/13/2017,PHF,VA,AEA,EN,Towers with Radar,8,12,10,0,30,0,0,0,0,0,8,12,10,0,30,0,0,0,30
05/14/2017,PHF,VA,AEA,EN,Towers with Radar,10,23,21,0,54,0,0,44,3,47,10,23,65,3,101,2,6,8,109
05/15/2017,PHF,VA,AEA,EN,Towers with Radar,10,20,35,18,83,0,0,32,9,41,10,20,67,27,124,52,12,64,188
05/16/2017,PHF,VA,AEA,EN,Towers with Radar,10,20,8,21,59,0,2,62,10,74,10,22,70,31,133,94,60,154,287
05/17/2017,PHF,VA,AEA,EN,Towers with Radar,10,23,23,24,80,0,0,28,7,35,10,23,51,31,115,64,76,140,255
05/18/2017,PHF,VA,AEA,EN,Towers with Radar,10,31,26,52,119,0,0,68,13,81,10,31,94,65,200,54,122,176,376
05/19/2017,PHF,VA,AEA,EN,Towers with Radar,10,17,14,4,45,0,0,58,12,70,10,17,72,16,115,132,54,186,301
05/20/2017,PHF,VA,AEA,EN,Towers with Radar,7,14,15,1,37,0,0,25,1,26,7,14,40,2,63,34,8,42,105
05/21/2017,PHF,VA,AEA,EN,Towers with Radar,10,15,28,4,57,0,0,37,6,43,10,15,65,10,100,60,18,78,178
05/22/2017,PHF,VA,AEA,EN,Towers with Radar,9,19,18,22,68,0,0,5,0,5,9,19,23,22,73,0,0,0,73
05/23/2017,PHF,VA,AEA,EN,Towers with Radar,10,15,21,16,62,0,0,0,0,0,10,15,21,16,62,0,0,0,62
05/24/2017,PHF,VA,AEA,EN,Towers with Radar,10,21,33,21,85,0,0,1,0,1,10,21,34,21,86,0,0,0,86
05/25/2017,PHF,VA,AEA,EN,Towers with Radar,11,25,25,16,77,0,0,14,3,17,11,25,39,19,94,24,22,46,140
05/26/2017,PHF,VA,AEA,EN,Towers with Radar,11,17,23,0,51,0,0,77,12,89,11,17,100,12,140,190,130,320,460
05/27/2017,PHF,VA,AEA,EN,Towers with Radar,7,12,6,0,25,0,2,21,0,23,7,14,27,0,48,20,0,20,68
05/28/2017,PHF,VA,AEA,EN,Towers with Radar,8,9,11,0,28,0,0,11,0,11,8,9,22,0,39,4,0,4,43
05/29/2017,PHF,VA,AEA,EN,Towers with Radar,10,13,20,0,43,0,0,41,3,44,10,13,61,3,87,120,0,120,207
05/30/2017,PHF,VA,AEA,EN,Towers with Radar,10,17,40,29,96,0,0,38,0,38,10,17,78,29,134,106,88,194,328
05/31/2017,PHF,VA,AEA,EN,Towers with Radar,10,10,36,8,64,0,0,5,3,8,10,10,41,11,72,10,18,28,100
06/01/2017,PHF,VA,AEA,EN,Towers with Radar,9,15,38,25,87,0,0,23,2,25,9,15,61,27,112,28,2,30,142
06/02/2017,PHF,VA,AEA,EN,Towers with Radar,8,20,33,27,88,0,2,32,5,39,8,22,65,32,127,64,2,66,193
06/03/2017,PHF,VA,AEA,EN,Towers with Radar,9,12,9,0,30,0,0,34,0,34,9,12,43,0,64,44,0,44,108
06/04/2017,PHF,VA,AEA,EN,Towers with Radar,8,24,24,3,59,0,0,29,0,29,8,24,53,3,88,28,0,28,116
06/05/2017,PHF,VA,AEA,EN,Towers with Radar,8,25,21,14,68,0,0,0,0,0,8,25,21,14,68,0,0,0,68
06/06/2017,PHF,VA,AEA,EN,Towers with Radar,9,28,15,26,78,0,0,27,10,37,9,28,42,36,115,22,78,100,215
06/07/2017,PHF,VA,AEA,EN,Towers with Radar,8,24,24,26,82,0,0,4,4,8,8,24,28,30,90,8,94,102,192
06/08/2017,PHF,VA,AEA,EN,Towers with Radar,8,39,31,17,95,0,1,23,7,31,8,40,54,24,126,20,104,124,250
06/09/2017,PHF,VA,AEA,EN,Towers with Radar,7,16,32,25,80,0,0,62,23,85,7,16,94,48,165,190,204,394,559
06/10/2017,PHF,VA,AEA,EN,Towers with Radar,8,10,13,6,37,0,0,54,0,54,8,10,67,6,91,122,0,122,213
06/11/2017,PHF,VA,AEA,EN,Towers with Radar,8,12,13,3,36,0,0,66,0,66,8,12,79,3,102,64,0,64,166
06/12/2017,PHF,VA,AEA,EN,Towers with Radar,7,12,19,27,65,0,0,60,47,107,7,12,79,74,172,140,272,412,584
06/13/2017,PHF,VA,AEA,EN,Towers with Radar,6,15,35,64,120,0,2,47,23,72,6,17,82,87,192,48,152,200,392
06/14/2017,PHF,VA,AEA,EN,Towers with Radar,6,26,20,13,65,0,4,39,7,50,6,30,59,20,115,16,84,100,215
06/15/2017,PHF,VA,AEA,EN,Towers with Radar,6,20,30,8,64,0,2,3,1,6,6,22,33,9,70,0,58,58,128
06/16/2017,PHF,VA,AEA,EN,Towers with Radar,6,14,17,22,59,0,0,1,0,1,6,14,18,22,60,0,0,0,60
06/17/2017,PHF,VA,AEA,EN,Towers with Radar,6,16,15,0,37,0,0,7,0,7,6,16,22,0,44,4,0,4,48
06/18/2017,PHF,VA,AEA,EN,Towers with Radar,9,17,25,3,54,0,0,7,0,7,9,17,32,3,61,10,0,10,71
06/19/2017,PHF,VA,AEA,EN,Towers with Radar,6,18,20,31,75,0,0,18,16,34,6,18,38,47,109,20,136,156,265
06/20/2017,PHF,VA,AEA,EN,Towers with Radar,7,16,27,39,89,0,0,31,17,48,7,16,58,56,137,78,102,180,317
06/21/2017,PHF,VA,AEA,EN,Towers with Radar,8,34,28,26,96,0,0,46,22,68,8,34,74,48,164,104,186,290,454
06/22/2017,PHF,VA,AEA,EN,Towers with Radar,10,23,36,41,110,0,0,71,10,81,10,23,107,51,191,154,118,272,463
06/23/2017,PHF,VA,AEA,EN,Towers with Radar,7,27,12,27,73,0,0,61,12,73,7,27,73,39,146,146,116,262,408
06/24/2017,PHF,VA,AEA,EN,Towers with Radar,9,13,18,2,42,0,0,55,0,55,9,13,73,2,97,160,0,160,257
06/25/2017,PHF,VA,AEA,EN,Towers with Radar,7,20,14,2,43,0,1,57,0,58,7,21,71,2,101,62,0,62,163
06/26/2017,PHF,VA,AEA,EN,Towers with Radar,9,16,15,36,76,0,0,28,5,33,9,16,43,41,109,56,98,154,263
06/27/2017,PHF,VA,AEA,EN,Towers with Radar,7,20,21,13,61,0,0,6,0,6,7,20,27,13,67,0,0,0,67
06/28/2017,PHF,VA,AEA,EN,Towers with Radar,8,18,28,16,70,0,0,37,3,40,8,18,65,19,110,32,46,78,188
06/29/2017,PHF,VA,AEA,EN,Towers with Radar,8,17,37,36,98,0,1,49,22,72,8,18,86,58,170,86,194,280,450
06/30/2017,PHF,VA,AEA,EN,Towers with Radar,7,13,21,4,45,0,0,39,0,39,7,13,60,4,84,106,0,106,190
07/01/2017,PHF,VA,AEA,EN,Towers with Radar,7,10,12,8,37,0,0,57,0,57,7,10,69,8,94,212,0,212,306
07/02/2017,PHF,VA,AEA,EN,Towers with Radar,7,9,8,0,24,0,0,57,0,57,7,9,65,0,81,128,0,128,209
07/03/2017,PHF,VA,AEA,EN,Towers with Radar,8,12,13,0,33,0,0,40,0,40,8,12,53,0,73,62,0,62,135
07/04/2017,PHF,VA,AEA,EN,Towers with Radar,6,11,8,0,25,0,0,36,0,36,6,11,44,0,61,62,0,62,123
07/05/2017,PHF,VA,AEA,EN,Towers with Radar,8,23,24,13,68,1,0,13,0,14,9,23,37,13,82,50,0,50,132
07/06/2017,PHF,VA,AEA,EN,Towers with Radar,7,25,33,31,96,0,0,46,13,59,7,25,79,44,155,160,74,234,389
07/07/2017,PHF,VA,AEA,EN,Towers with Radar,6,19,24,20,69,0,0,48,11,59,6,19,72,31,128,140,86,226,354
07/08/2017,PHF,VA,AEA,EN,Towers with Radar,9,15,18,0,42,0,0,42,0,42,9,15,60,0,84,116,0,116,200
07/09/2017,PHF,VA,AEA,EN,Towers with Radar,7,18,18,2,45,0,0,48,1,49,7,18,66,3,94,102,0,102,196
07/10/2017,PHF,VA,AEA,EN,Towers with Radar,7,37,25,24,93,0,0,47,14,61,7,37,72,38,154,104,72,176,330
07/11/2017,PHF,VA,AEA,EN,Towers with Radar,8,30,24,29,91,0,0,65,10,75,8,30,89,39,166,180,102,282,448
07/12/2017,PHF,VA,AEA,EN,Towers with Radar,18,39,18,10,85,0,0,31,4,35,18,39,49,14,120,46,71,117,237
07/13/2017,PHF,VA,AEA,EN,Towers with Radar,6,31,19,35,91,0,0,36,11,47,6,31,55,46,138,42,102,144,282
07/14/2017,PHF,VA,AEA,EN,Towers with Radar,9,17,16,10,52,0,0,59,18,77,9,17,75,28,129,224,174,398,527
07/15/2017,PHF,VA,AEA,EN,Towers with Radar,10,12,16,5,43,0,0,73,4,77,10,12,89,9,120,148,0,148,268
07/16/2017,PHF,VA,AEA,EN,Towers with Radar,7,15,25,1,48,0,0,37,0,37,7,15,62,1,85,42,0,42,127
07/17/2017,PHF,VA,AEA,EN,Towers with Radar,6,21,29,23,79,0,0,31,17,48,6,21,60,40,127,68,202,270,397
07/18/2017,PHF,VA,AEA,EN,Towers with Radar,7,28,30,7,72,0,0,33,5,38,7,28,63,12,110,40,28,68,178
07/19/2017,PHF,VA,AEA,EN,Towers with Radar,6,30,32,18,86,0,0,66,19,85,6,30,98,37,171,178,274,452,623
07/20/2017,PHF,VA,AEA,EN,Towers with Radar,7,14,38,19,78,0,0,21,12,33,7,14,59,31,111,98,128,226,337
07/21/2017,PHF,VA,AEA,EN,Towers with Radar,8,15,24,9,56,0,0,69,21,90,8,15,93,30,146,108,148,256,402
07/22/2017,PHF,VA,AEA,EN,Towers with Radar,11,15,18,2,46,0,1,21,3,25,11,16,39,5,71,0,0,0,71
07/23/2017,PHF,VA,AEA,EN,Towers with Radar,7,13,15,1,36,0,0,28,0,28,7,13,43,1,64,32,0,32,96
07/24/2017,PHF,VA,AEA,EN,Towers with Radar,8,21,21,26,76,0,0,46,23,69,8,21,67,49,145,110,206,316,461
07/25/2017,PHF,VA,AEA,EN,Towers with Radar,13,27,11,27,78,0,3,26,12,41,13,30,37,39,119,36,218,254,373
07/26/2017,PHF,VA,AEA,EN,Towers with Radar,7,22,40,15,84,0,1,40,0,41,7,23,80,15,125,106,46,152,277
07/27/2017,PHF,VA,AEA,EN,Towers with Radar,7,22,21,19,69,0,0,14,13,27,7,22,35,32,96,30,114,144,240
07/28/2017,PHF,VA,AEA,EN,Towers with Radar,7,17,23,21,68,0,0,4,2,6,7,17,27,23,74,10,28,38,112
07/29/2017,PHF,VA,AEA,EN,Towers with Radar,9,12,18,5,44,0,0,0,0,0,9,12,18,5,44,0,0,0,44
07/30/2017,PHF,VA,AEA,EN,Towers with Radar,7,20,11,2,40,0,0,39,0,39,7,20,50,2,79,60,0,60,139
07/31/2017,PHF,VA,AEA,EN,Towers with Radar,7,18,20,27,72,0,0,32,18,50,7,18,52,45,122,76,78,154,276
08/01/2017,PHF,VA,AEA,EN,Towers with Radar,8,21,23,16,68,0,0,89,16,105,8,21,112,32,173,112,194,306,479
08/02/2017,PHF,VA,AEA,EN,Towers with Radar,8,23,48,22,101,0,0,52,5,57,8,23,100,27,158,67,162,229,387
08/03/2017,PHF,VA,AEA,EN,Towers with Radar,7,20,31,12,70,0,0,34,4,38,7,20,65,16,108,26,62,88,196
08/04/2017,PHF,VA,AEA,EN,Towers with Radar,6,22,28,17,73,0,0,58,17,75,6,22,86,34,148,180,144,324,472
08/05/2017,PHF,VA,AEA,EN,Towers with Radar,8,16,17,6,47,0,1,56,14,71,8,17,73,20,118,130,10,140,258
08/06/2017,PHF,VA,AEA,EN,Towers with Radar,11,15,21,11,58,0,0,62,0,62,11,15,83,11,120,56,0,56,176
08/07/2017,PHF,VA,AEA,EN,Towers with Radar,8,18,22,4,52,0,0,4,7,11,8,18,26,11,63,0,36,36,99
08/08/2017,PHF,VA,AEA,EN,Towers with Radar,9,33,20,25,87,0,0,33,9,42,9,33,53,34,129,0,22,22,151
08/09/2017,PHF,VA,AEA,EN,Towers with Radar,7,30,36,13,86,0,0,26,5,31,7,30,62,18,117,84,112,196,313
08/10/2017,PHF,VA,AEA,EN,Towers with Radar,8,27,38,18,91,0,0,62,9,71,8,27,100,27,162,82,154,236,398
08/11/2017,PHF,VA,AEA,EN,Towers with Radar,7,20,24,10,61,0,0,72,13,85,7,20,96,23,146,122,64,186,332
08/12/2017,PHF,VA,AEA,EN,Towers with Radar,9,19,4,0,32,0,0,1,0,1,9,19,5,0,33,0,0,0,33
08/13/2017,PHF,VA,AEA,EN,Towers with Radar,7,16,15,0,38,0,0,39,0,39,7,16,54,0,77,26,0,26,103
08/14/2017,PHF,VA,AEA,EN,Towers with Radar,8,20,27,16,71,0,0,3,1,4,8,20,30,17,75,0,16,16,91
08/15/2017,PHF,VA,AEA,EN,Towers with Radar,8,30,15,12,65,0,0,4,0,4,8,30,19,12,69,10,0,10,79
08/16/2017,PHF,VA,AEA,EN,Towers with Radar,7,28,29,32,96,0,0,33,5,38,7,28,62,37,134,78,84,162,296
08/17/2017,PHF,VA,AEA,EN,Towers with Radar,8,33,28,31,100,0,0,62,5,67,8,33,90,36,167,100,130,230,397
08/18/2017,PHF,VA,AEA,EN,Towers with Radar,9,28,18,27,82,0,0,51,24,75,9,28,69,51,157,146,210,356,513
08/19/2017,PHF,VA,AEA,EN,Towers with Radar,8,15,18,0,41,0,0,46,0,46,8,15,64,0,87,138,0,138,225
08/20/2017,PHF,VA,AEA,EN,Towers with Radar,8,15,20,0,43,0,0,44,0,44,8,15,64,0,87,44,0,44,131
08/21/2017,PHF,VA,AEA,EN,Towers with Radar,8,23,33,11,75,0,0,20,1,21,8,23,53,12,96,10,6,16,112
08/22/2017,PHF,VA,AEA,EN,Towers with Radar,10,26,25,21,82,0,1,70,8,79,10,27,95,29,161,94,112,206,367
08/23/2017,PHF,VA,AEA,EN,Towers with Radar,9,26,20,12,67,0,0,37,5,42,9,26,57,17,109,30,20,50,159
08/24/2017,PHF,VA,AEA,EN,Towers with Radar,9,25,19,5,58,0,0,29,3,32,9,25,48,8,90,76,32,108,198
08/25/2017,PHF,VA,AEA,EN,Towers with Radar,12,18,12,16,58,0,0,67,14,81,12,18,79,30,139,208,172,380,519
08/26/2017,PHF,VA,AEA,EN,Towers with Radar,8,11,12,1,32,0,0,56,5,61,8,11,68,6,93,22,2,24,117
08/27/2017,PHF,VA,AEA,EN,Towers with Radar,11,15,16,3,45,0,0,36,0,36,11,15,52,3,81,24,10,34,115
08/28/2017,PHF,VA,AEA,EN,Towers with Radar,8,22,15,19,64,0,0,15,5,20,8,22,30,24,84,32,18,50,134
08/29/2017,PHF,VA,AEA,EN,Towers with Radar,12,10,12,0,34,0,0,0,0,0,12,10,12,0,34,0,0,0,34
08/30/2017,PHF,VA,AEA,EN,Towers with Radar,9,20,24,7,60,0,1,50,10,61,9,21,74,17,121,88,122,210,331
08/31/2017,PHF,VA,AEA,EN,Towers with Radar,10,21,35,22,88,0,1,84,9,94,10,22,119,31,182,106,136,242,424
09/01/2017,PHF,VA,AEA,EN,Towers with Radar,13,20,23,14,70,0,0,6,0,6,13,20,29,14,76,14,0,14,90
09/02/2017,PHF,VA,AEA,EN,Towers with Radar,7,16,1,2,26,0,0,0,0,0,7,16,1,2,26,0,0,0,26
09/03/2017,PHF,VA,AEA,EN,Towers with Radar,7,13,14,0,34,0,0,63,0,63,7,13,77,0,97,74,0,74,171
09/04/2017,PHF,VA,AEA,EN,Towers with Radar,10,17,17,0,44,0,0,68,0,68,10,17,85,0,112,98,0,98,210
09/05/2017,PHF,VA,AEA,EN,Towers with Radar,9,14,16,26,65,0,1,103,14,118,9,15,119,40,183,124,176,300,483
09/06/2017,PHF,VA,AEA,EN,Towers with Radar,12,20,21,12,65,0,0,18,0,18,12,20,39,12,83,26,0,26,109
09/07/2017,PHF,VA,AEA,EN,Towers with Radar,9,28,20,13,70,0,0,87,5,92,9,28,107,18,162,114,138,252,414
09/08/2017,PHF,VA,AEA,EN,Towers with Radar,9,22,43,13,87,0,0,111,23,134,9,22,154,36,221,258,132,390,611
09/09/2017,PHF,VA,AEA,EN,Towers with Radar,8,10,14,0,32,0,0,72,6,78,8,10,86,6,110,174,10,184,294
09/10/2017,PHF,VA,AEA,EN,Towers with Radar,10,11,25,7,53,0,0,79,5,84,10,11,104,12,137,168,6,174,311
09/11/2017,PHF,VA,AEA,EN,Towers with Radar,2,8,16,20,46,0,0,6,4,10,2,8,22,24,56,0,10,10,66
09/12/2017,PHF,VA,AEA,EN,Towers with Radar,9,20,20,2,51,0,0,41,5,46,9,20,61,7,97,54,158,212,309
09/13/2017,PHF,VA,AEA,EN,Towers with Radar,9,28,26,21,84,0,0,97,7,104,9,28,123,28,188,140,198,338,526
09/14/2017,PHF,VA,AEA,EN,Towers with Radar,9,26,27,10,72,0,0,42,2,44,9,26,69,12,116,76,142,218,334
09/15/2017,PHF,VA,AEA,EN,Towers with Radar,11,26,41,7,85,0,2,44,9,55,11,28,85,16,140,134,24,158,298
09/16/2017,PHF,VA,AEA,EN,Towers with Radar,9,12,23,0,44,0,0,61,6,67,9,12,84,6,111,176,14,190,301
09/17/2017,PHF,VA,AEA,EN,Towers with Radar,8,14,26,0,48,0,0,52,2,54,8,14,78,2,102,62,0,62,164
09/18/2017,PHF,VA,AEA,EN,Towers with Radar,9,20,22,27,78,0,0,3,0,3,9,20,25,27,81,0,0,0,81
09/19/2017,PHF,VA,AEA,EN,Towers with Radar,10,14,53,15,92,0,0,55,18,73,10,14,108,33,165,72,154,226,391
09/20/2017,PHF,VA,AEA,EN,Towers with Radar,9,25,40,18,92,0,0,42,2,44,9,25,82,20,136,100,112,212,348
09/21/2017,PHF,VA,AEA,EN,Towers with Radar,9,18,24,23,74,0,0,54,0,54,9,18,78,23,128,114,26,140,268
09/22/2017,PHF,VA,AEA,EN,Towers with Radar,11,29,36,23,99,0,0,90,15,105,11,29,126,38,204,148,68,216,420
09/23/2017,PHF,VA,AEA,EN,Towers with Radar,11,15,9,0,35,0,0,101,0,101,11,15,110,0,136,216,0,216,352
09/24/2017,PHF,VA,AEA,EN,Towers with Radar,12,12,11,0,35,0,0,59,0,59,12,12,70,0,94,104,0,104,198
09/25/2017,PHF,VA,AEA,EN,Towers with Radar,11,39,30,23,103,0,0,32,1,33,11,39,62,24,136,12,0,12,148
09/26/2017,PHF,VA,AEA,EN,Towers with Radar,11,30,19,15,75,0,0,0,0,0,11,30,19,15,75,0,0,0,75
09/27/2017,PHF,VA,AEA,EN,Towers with Radar,8,44,35,1,88,0,0,2,10,12,8,44,37,11,100,10,86,96,196
09/28/2017,PHF,VA,AEA,EN,Towers with Radar,9,40,30,5,84,0,0,16,2,18,9,40,46,7,102,24,8,32,134
09/29/2017,PHF,VA,AEA,EN,Towers with Radar,14,22,18,17,71,0,0,93,15,108,14,22,111,32,179,196,150,346,525
09/30/2017,PHF,VA,AEA,EN,Towers with Radar,8,12,16,1,37,0,0,74,0,74,8,12,90,1,111,186,4,190,301
10/01/2017,PHF,VA,AEA,EN,Towers with Radar,9,25,22,2,58,0,1,65,0,66,9,26,87,2,124,82,0,82,206
10/02/2017,PHF,VA,AEA,EN,Towers with Radar,9,28,17,22,76,0,0,49,11,60,9,28,66,33,136,110,156,266,402
10/03/2017,PHF,VA,AEA,EN,Towers with Radar,11,22,18,28,79,0,0,70,13,83,11,22,88,41,162,82,96,178,340
10/04/2017,PHF,VA,AEA,EN,Towers with Radar,12,35,34,34,115,0,1,72,0,73,12,36,106,34,188,134,68,202,390
10/05/2017,PHF,VA,AEA,EN,Towers with Radar,10,19,21,46,96,0,0,64,3,67,10,19,85,49,163,60,70,130,293
10/06/2017,PHF,VA,AEA,EN,Towers with Radar,13,18,11,15,57,0,0,66,25,91,13,18,77,40,148,124,104,228,376
10/07/2017,PHF,VA,AEA,EN,Towers with Radar,10,12,20,2,44,0,0,53,0,53,10,12,73,2,97,48,10,58,155
10/08/2017,PHF,VA,AEA,EN,Towers with Radar,9,14,9,0,32,0,0,0,0,0,9,14,9,0,32,0,0,0,32
10/09/2017,PHF,VA,AEA,EN,Towers with Radar,10,16,15,4,45,0,0,1,0,1,10,16,16,4,46,0,0,0,46
10/10/2017,PHF,VA,AEA,EN,Towers with Radar,9,24,17,42,92,0,0,47,4,51,9,24,64,46,143,38,94,132,275
10/11/2017,PHF,VA,AEA,EN,Towers with Radar,11,18,15,31,75,0,0,0,0,0,11,18,15,31,75,0,0,0,75
10/12/2017,PHF,VA,AEA,EN,Towers with Radar,10,29,15,4,58,0,0,0,0,0,10,29,15,4,58,0,20,20,78
10/13/2017,PHF,VA,AEA,EN,Towers with Radar,10,19,21,9,59,0,0,0,0,0,10,19,21,9,59,0,0,0,59
10/14/2017,PHF,VA,AEA,EN,Towers with Radar,10,15,23,14,62,0,0,0,0,0,10,15,23,14,62,0,0,0,62
10/15/2017,PHF,VA,AEA,EN,Towers with Radar,9,14,22,14,59,0,0,17,2,19,9,14,39,16,78,54,0,54,132
10/16/2017,PHF,VA,AEA,EN,Towers with Radar,11,31,27,26,95,0,0,4,1,5,11,31,31,27,100,0,30,30,130
10/17/2017,PHF,VA,AEA,EN,Towers with Radar,11,36,27,23,97,0,0,90,12,102,11,36,117,35,199,58,258,316,515
10/18/2017,PHF,VA,AEA,EN,Towers with Radar,13,23,37,9,82,0,0,38,1,39,13,23,75,10,121,54,54,108,229
10/19/2017,PHF,VA,AEA,EN,Towers with Radar,11,26,23,11,71,0,0,37,4,41,11,26,60,15,112,56,20,76,188
10/20/2017,PHF,VA,AEA,EN,Towers with Radar,32,40,26,23,121,0,0,84,29,113,32,40,110,52,234,178,220,398,632
10/21/2017,PHF,VA,AEA,EN,Towers with Radar,14,9,29,8,60,0,0,70,5,75,14,9,99,13,135,166,0,166,301
10/22/2017,PHF,VA,AEA,EN,Towers with Radar,9,13,21,3,46,0,0,68,0,68,9,13,89,3,114,102,0,102,216
10/23/2017,PHF,VA,AEA,EN,Towers with Radar,11,22,20,25,78,0,0,7,0,7,11,22,27,25,85,0,0,0,85
10/24/2017,PHF,VA,AEA,EN,Towers with Radar,10,18,22,31,81,0,0,79,8,87,10,18,101,39,168,184,170,354,522
10/25/2017,PHF,VA,AEA,EN,Towers with Radar,9,28,34,38,109,0,0,22,6,28,9,28,56,44,137,20,62,82,219
10/26/2017,PHF,VA,AEA,EN,Towers with Radar,9,15,30,44,98,0,0,45,14,59,9,15,75,58,157,52,160,212,369
10/27/2017,PHF,VA,AEA,EN,Towers with Radar,12,22,29,17,80,0,0,69,9,78,12,22,98,26,158,186,108,294,452
10/28/2017,PHF,VA,AEA,EN,Towers with Radar,11,10,16,6,43,0,0,72,4,76,11,10,88,10,119,154,0,154,273
10/29/2017,PHF,VA,AEA,EN,Towers with Radar,9,16,3,3,31,0,0,0,0,0,9,16,3,3,31,0,0,0,31
10/30/2017,PHF,VA,AEA,EN,Towers with Radar,9,23,29,19,80,0,0,14,0,14,9,23,43,19,94,0,0,0,94
10/31/2017,PHF,VA,AEA,EN,Towers with Radar,10,28,26,9,73,0,0,35,12,47,10,28,61,21,120,74,116,190,310
11/01/2017,PHF,VA,AEA,EN,Towers with Radar,11,16,34,7,68,0,2,21,1,24,11,18,55,8,92,18,0,18,110
11/02/2017,PHF,VA,AEA,EN,Towers with Radar,7,30,26,23,86,0,0,70,0,70,7,30,96,23,156,130,230,360,516
11/03/2017,PHF,VA,AEA,EN,Towers with Radar,9,29,27,11,76,0,0,70,14,84,9,29,97,25,160,198,200,398,558
11/04/2017,PHF,VA,AEA,EN,Towers with Radar,10,8,36,1,55,0,0,58,0,58,10,8,94,1,113,146,0,146,259
11/05/2017,PHF,VA,AEA,EN,Towers with Radar,11,15,17,5,48,0,1,27,0,28,11,16,44,5,76,90,0,90,166
11/06/2017,PHF,VA,AEA,EN,Towers with Radar,13,24,25,33,95,0,0,19,0,19,13,24,44,33,114,48,68,116,230
11/07/2017,PHF,VA,AEA,EN,Towers with Radar,16,20,18,8,62,0,0,0,0,0,16,20,18,8,62,0,0,0,62
11/08/2017,PHF,VA,AEA,EN,Towers with Radar,11,16,24,11,62,0,0,0,0,0,11,16,24,11,62,0,0,0,62
11/09/2017,PHF,VA,AEA,EN,Towers with Radar,10,20,21,20,71,0,0,9,2,11,10,20,30,22,82,10,40,50,132
11/10/2017,PHF,VA,AEA,EN,Towers with Radar,11,17,19,0,47,0,0,35,1,36,11,17,54,1,83,2,0,2,85
11/11/2017,PHF,VA,AEA,EN,Towers with Radar,9,8,23,5,45,0,0,81,0,81,9,8,104,5,126,84,0,84,210
11/12/2017,PHF,VA,AEA,EN,Towers with Radar,9,24,21,2,56,0,0,62,0,62,9,24,83,2,118,264,0,264,382
11/13/2017,PHF,VA,AEA,EN,Towers with Radar,11,30,23,4,68,0,0,0,0,0,11,30,23,4,68,0,0,0,68
11/14/2017,PHF,VA,AEA,EN,Towers with Radar,14,26,22,32,94,0,0,74,8,82,14,26,96,40,176,146,130,276,452
11/15/2017,PHF,VA,AEA,EN,Towers with Radar,11,29,17,30,87,0,0,66,9,75,11,29,83,39,162,72,156,228,390
11/16/2017,PHF,VA,AEA,EN,Towers with Radar,9,36,36,27,108,0,0,12,0,12,9,36,48,27,120,30,12,42,162
11/17/2017,PHF,VA,AEA,EN,Towers with Radar,10,23,27,36,96,0,0,97,9,106,10,23,124,45,202,196,106,302,504
11/18/2017,PHF,VA,AEA,EN,Towers with Radar,9,11,24,7,51,0,0,58,5,63,9,11,82,12,114,156,0,156,270
11/19/2017,PHF,VA,AEA,EN,Towers with Radar,9,11,6,10,36,0,0,14,0,14,9,11,20,10,50,6,0,6,56
11/20/2017,PHF,VA,AEA,EN,Towers with Radar,15,19,23,25,82,0,0,34,0,34,15,19,57,25,116,76,6,82,198
11/21/2017,PHF,VA,AEA,EN,Towers with Radar,9,29,36,50,124,0,1,30,4,35,9,30,66,54,159,18,0,18,177
11/22/2017,PHF,VA,AEA,EN,Towers with Radar,11,27,19,21,78,0,0,3,0,3,11,27,22,21,81,0,0,0,81
11/23/2017,PHF,VA,AEA,EN,Towers with Radar,8,6,1,0,15,0,0,9,0,9,8,6,10,0,24,0,0,0,24
11/24/2017,PHF,VA,AEA,EN,Towers with Radar,7,8,24,8,47,0,0,79,0,79,7,8,103,8,126,214,0,214,340
11/25/2017,PHF,VA,AEA,EN,Towers with Radar,11,16,15,2,44,0,0,59,0,59,11,16,74,2,103,86,0,86,189
11/26/2017,PHF,VA,AEA,EN,Towers with Radar,10,18,14,5,47,0,0,54,1,55,10,18,68,6,102,50,0,50,152
11/27/2017,PHF,VA,AEA,EN,Towers with Radar,12,26,29,25,92,0,0,39,1,40,12,26,68,26,132,30,8,38,170
11/28/2017,PHF,VA,AEA,EN,Towers with Radar,10,28,20,39,97,0,1,78,9,88,10,29,98,48,185,110,106,216,401
11/29/2017,PHF,VA,AEA,EN,Towers with Radar,11,27,39,33,110,0,0,26,2,28,11,27,65,35,138,28,18,46,184
11/30/2017,PHF,VA,AEA,EN,Towers with Radar,9,28,24,9,70,0,1,11,1,13,9,29,35,10,83,10,0,10,93
12/01/2017,PHF,VA,AEA,EN,Towers with Radar,45,21,35,21,122,0,0,51,5,56,45,21,86,26,178,142,14,156,334
12/02/2017,PHF,VA,AEA,EN,Towers with Radar,7,10,10,11,38,0,0,69,0,69,7,10,79,11,107,136,0,136,243
12/03/2017,PHF,VA,AEA,EN,Towers with Radar,10,15,12,11,48,0,0,48,1,49,10,15,60,12,97,36,4,40,137
12/04/2017,PHF,VA,AEA,EN,Towers with Radar,12,36,29,38,115,0,0,80,18,98,12,36,109,56,213,208,150,358,571
12/05/2017,PHF,VA,AEA,EN,Towers with Radar,9,22,17,79,127,0,0,96,4,100,9,22,113,83,227,132,180,312,539
12/06/2017,PHF,VA,AEA,EN,Towers with Radar,9,22,18,11,60,0,0,8,4,12,9,22,26,15,72,10,34,44,116
12/07/2017,PHF,VA,AEA,EN,Towers with Radar,9,21,26,31,87,0,0,11,0,11,9,21,37,31,98,2,14,16,114
12/08/2017,PHF,VA,AEA,EN,Towers with Radar,5,18,15,10,48,0,0,0,0,0,5,18,15,10,48,0,0,0,48
12/09/2017,PHF,VA,AEA,EN,Towers with Radar,3,11,7,0,21,0,0,0,0,0,3,11,7,0,21,0,0,0,21
12/10/2017,PHF,VA,AEA,EN,Towers with Radar,8,11,21,2,42,0,0,43,1,44,8,11,64,3,86,44,0,44,130
12/11/2017,PHF,VA,AEA,EN,Towers with Radar,10,17,25,24,76,0,1,38,7,46,10,18,63,31,122,50,20,70,192
12/12/2017,PHF,VA,AEA,EN,Towers with Radar,10,23,20,30,83,0,0,52,9,61,10,23,72,39,144,40,128,168,312
12/13/2017,PHF,VA,AEA,EN,Towers with Radar,8,20,26,62,116,0,0,9,0,9,8,20,35,62,125,6,44,50,175
12/14/2017,PHF,VA,AEA,EN,Towers with Radar,9,33,23,32,97,0,0,62,7,69,9,33,85,39,166,72,154,226,392
12/15/2017,PHF,VA,AEA,EN,Towers with Radar,8,22,24,18,72,0,0,53,11,64,8,22,77,29,136,126,74,200,336
12/16/2017,PHF,VA,AEA,EN,Towers with Radar,5,18,15,1,39,0,0,85,0,85,5,18,100,1,124,116,0,116,240
12/17/2017,PHF,VA,AEA,EN,Towers with Radar,6,18,18,3,45,0,0,38,4,42,6,18,56,7,87,70,56,126,213
12/18/2017,PHF,VA,AEA,EN,Towers with Radar,8,19,29,13,69,0,0,28,6,34,8,19,57,19,103,38,78,116,219
12/19/2017,PHF,VA,AEA,EN,Towers with Radar,9,25,20,57,111,0,0,79,5,84,9,25,99,62,195,64,114,178,373
12/20/2017,PHF,VA,AEA,EN,Towers with Radar,9,23,18,27,77,0,0,22,3,25,9,23,40,30,102,50,64,114,216
12/21/2017,PHF,VA,AEA,EN,Towers with Radar,10,19,21,25,75,0,0,94,6,100,10,19,115,31,175,198,198,396,571
12/22/2017,PHF,VA,AEA,EN,Towers with Radar,15,15,25,13,68,0,0,35,0,35,15,15,60,13,103,64,0,64,167
12/23/2017,PHF,VA,AEA,EN,Towers with Radar,8,10,9,0,27,0,0,16,0,16,8,10,25,0,43,6,0,6,49
12/24/2017,PHF,VA,AEA,EN,Towers with Radar,9,9,3,8,29,0,0,1,0,1,9,9,4,8,30,0,0,0,30
12/25/2017,PHF,VA,AEA,EN,Towers with Radar,7,10,3,0,20,0,0,1,0,1,7,10,4,0,21,0,0,0,21
12/26/2017,PHF,VA,AEA,EN,Towers with Radar,11,13,11,0,35,0,2,26,0,28,11,15,37,0,63,18,0,18,81
12/27/2017,PHF,VA,AEA,EN,Towers with Radar,9,21,14,19,63,0,0,29,10,39,9,21,43,29,102,54,20,74,176
12/28/2017,PHF,VA,AEA,EN,Towers with Radar,9,12,9,4,34,0,0,33,2,35,9,12,42,6,69,56,0,56,125
12/29/2017,PHF,VA,AEA,EN,Towers with Radar,10,16,19,3,48,0,0,19,0,19,10,16,38,3,67,68,0,68,135
12/30/2017,PHF,VA,AEA,EN,Towers with Radar,7,17,25,1,50,0,0,51,0,51,7,17,76,1,101,68,0,68,169
12/31/2017,PHF,VA,AEA,EN,Towers with Radar,9,8,3,0,20,0,0,14,0,14,9,8,17,0,34,18,0,18,52
01/01/2018,PHF,VA,AEA,EN,Towers with Radar,10,13,4,0,27,0,0,19,1,20,10,13,23,1,47,2,0,2,49
01/02/2018,PHF,VA,AEA,EN,Towers with Radar,12,10,19,0,41,0,0,66,4,70,12,10,85,4,111,44,64,108,219
01/03/2018,PHF,VA,AEA,EN,Towers with Radar,11,6,8,12,37,0,0,5,4,9,11,6,13,16,46,8,0,8,54
01/04/2018,PHF,VA,AEA,EN,Towers with Radar,0,0,0,0,0,0,0,0,0,0,0,0,0,0,0,0,0,0,0
01/05/2018,PHF,VA,AEA,EN,Towers with Radar,10,13,9,2,34,0,0,1,0,1,10,13,10,2,35,0,0,0,35
01/06/2018,PHF,VA,AEA,EN,Towers with Radar,11,11,10,0,32,0,0,20,1,21,11,11,30,1,53,0,0,0,53
01/07/2018,PHF,VA,AEA,EN,Towers with Radar,10,16,4,4,34,0,0,24,3,27,10,16,28,7,61,0,0,0,61
01/08/2018,PHF,VA,AEA,EN,Towers with Radar,9,10,20,8,47,0,0,2,0,2,9,10,22,8,49,0,0,0,49
01/09/2018,PHF,VA,AEA,EN,Towers with Radar,10,16,29,12,67,0,0,15,4,19,10,16,44,16,86,38,28,66,152
01/10/2018,PHF,VA,AEA,EN,Towers with Radar,11,15,31,16,73,0,0,27,14,41,11,15,58,30,114,28,108,136,250
01/11/2018,PHF,VA,AEA,EN,Towers with Radar,10,10,21,35,76,0,0,16,15,31,10,10,37,50,107,10,74,84,191
01/12/2018,PHF,VA,AEA,EN,Towers with Radar,10,8,17,26,61,0,0,68,34,102,10,8,85,60,163,64,32,96,259
01/13/2018,PHF,VA,AEA,EN,Towers with Radar,11,4,7,0,22,0,0,35,0,35,11,4,42,0,57,56,0,56,113
01/14/2018,PHF,VA,AEA,EN,Towers with Radar,8,8,24,0,40,0,0,31,0,31,8,8,55,0,71,68,0,68,139
01/15/2018,PHF,VA,AEA,EN,Towers with Radar,9,9,12,0,30,0,0,19,0,19,9,9,31,0,49,60,0,60,109
01/16/2018,PHF,VA,AEA,EN,Towers with Radar,11,8,20,23,62,0,0,21,4,25,11,8,41,27,87,38,22,60,147
01/17/2018,PHF,VA,AEA,EN,Towers with Radar,5,9,8,5,27,0,0,0,0,0,5,9,8,5,27,0,0,0,27
01/18/2018,PHF,VA,AEA,EN,Towers with Radar,10,7,20,36,73,0,2,15,6,23,10,9,35,42,96,36,66,102,198
01/19/2018,PHF,VA,AEA,EN,Towers with Radar,10,24,21,28,83,0,0,46,20,66,10,24,67,48,149,54,102,156,305
01/20/2018,PHF,VA,AEA,EN,Towers with Radar,10,9,15,4,38,0,0,44,6,50,10,9,59,10,88,104,0,104,192
01/21/2018,PHF,VA,AEA,EN,Towers with Radar,10,11,6,5,32,0,0,37,0,37,10,11,43,5,69,24,0,24,93
01/22/2018,PHF,VA,AEA,EN,Towers with Radar,10,24,19,20,73,0,0,101,22,123,10,24,120,42,196,140,172,312,508
01/23/2018,PHF,VA,AEA,EN,Towers with Radar,10,19,8,42,79,0,0,40,5,45,10,19,48,47,124,24,236,260,384
01/24/2018,PHF,VA,AEA,EN,Towers with Radar,11,16,20,46,93,0,3,91,20,114,11,19,111,66,207,132,210,342,549
01/25/2018,PHF,VA,AEA,EN,Towers with Radar,11,21,31,37,100,0,0,23,5,28,11,21,54,42,128,26,18,44,172
01/26/2018,PHF,VA,AEA,EN,Towers with Radar,10,13,15,22,60,0,0,38,0,38,10,13,53,22,98,68,32,100,198
01/27/2018,PHF,VA,AEA,EN,Towers with Radar,11,14,17,3,45,0,0,57,1,58,11,14,74,4,103,106,0,106,209
01/28/2018,PHF,VA,AEA,EN,Towers with Radar,11,9,8,0,28,0,0,0,0,0,11,9,8,0,28,0,0,0,28
01/29/2018,PHF,VA,AEA,EN,Towers with Radar,12,17,12,6,47,0,0,0,0,0,12,17,12,6,47,0,0,0,47
01/30/2018,PHF,VA,AEA,EN,Towers with Radar,9,20,16,11,56,0,0,4,7,11,9,20,20,18,67,10,48,58,125
01/31/2018,PHF,VA,AEA,EN,Towers with Radar,11,12,35,39,97,0,0,30,9,39,11,12,65,48,136,38,34,72,208
02/01/2018,PHF,VA,AEA,EN,Towers with Radar,11,13,19,23,66,0,0,20,6,26,11,13,39,29,92,18,114,132,224
02/02/2018,PHF,VA,AEA,EN,Towers with Radar,11,17,15,16,59,0,0,11,2,13,11,17,26,18,72,22,12,34,106
02/03/2018,PHF,VA,AEA,EN,Towers with Radar,7,14,21,13,55,0,0,77,6,83,7,14,98,19,138,164,42,206,344
02/04/2018,PHF,VA,AEA,EN,Towers with Radar,6,11,7,1,25,0,0,16,0,16,6,11,23,1,41,38,0,38,79
02/05/2018,PHF,VA,AEA,EN,Towers with Radar,10,16,18,9,53,0,0,12,7,19,10,16,30,16,72,0,22,22,94
02/06/2018,PHF,VA,AEA,EN,Towers with Radar,10,25,14,46,95,0,0,92,61,153,10,25,106,107,248,130,186,316,564
02/07/2018,PHF,VA,AEA,EN,Towers with Radar,10,13,18,34,75,0,0,1,2,3,10,13,19,36,78,14,0,14,92
02/08/2018,PHF,VA,AEA,EN,Towers with Radar,11,16,25,30,82,0,0,29,10,39,11,16,54,40,121,74,40,114,235
02/09/2018,PHF,VA,AEA,EN,Towers with Radar,11,26,38,13,88,0,0,42,15,57,11,26,80,28,145,84,40,124,269
02/10/2018,PHF,VA,AEA,EN,Towers with Radar,9,12,22,6,49,0,0,5,1,6,9,12,27,7,55,4,0,4,59
02/11/2018,PHF,VA,AEA,EN,Towers with Radar,9,14,7,3,33,0,0,14,4,18,9,14,21,7,51,8,6,14,65
02/12/2018,PHF,VA,AEA,EN,Towers with Radar,10,23,16,2,51,0,0,0,0,0,10,23,16,2,51,0,0,0,51
02/13/2018,PHF,VA,AEA,EN,Towers with Radar,12,16,11,22,61,0,0,2,3,5,12,16,13,25,66,0,0,0,66
02/14/2018,PHF,VA,AEA,EN,Towers with Radar,11,13,29,16,69,0,0,6,1,7,11,13,35,17,76,82,148,230,306
02/15/2018,PHF,VA,AEA,EN,Towers with Radar,12,14,15,33,74,0,0,8,3,11,12,14,23,36,85,22,56,78,163
02/16/2018,PHF,VA,AEA,EN,Towers with Radar,12,10,27,16,65,0,0,14,12,26,12,10,41,28,91,74,106,180,271
02/17/2018,PHF,VA,AEA,EN,Towers with Radar,10,8,9,7,34,0,0,13,0,13,10,8,22,7,47,14,12,26,73
02/18/2018,PHF,VA,AEA,EN,Towers with Radar,10,12,17,5,44,0,2,76,0,78,10,14,93,5,122,124,0,124,246
02/19/2018,PHF,VA,AEA,EN,Towers with Radar,11,11,19,1,42,0,0,0,0,0,11,11,19,1,42,0,0,0,42
02/20/2018,PHF,VA,AEA,EN,Towers with Radar,12,12,12,21,57,0,0,0,0,0,12,12,12,21,57,0,44,44,101
02/21/2018,PHF,VA,AEA,EN,Towers with Radar,13,17,23,50,103,0,0,20,7,27,13,17,43,57,130,36,112,148,278
02/22/2018,PHF,VA,AEA,EN,Towers with Radar,11,14,27,29,81,0,0,13,14,27,11,14,40,43,108,66,76,142,250
02/23/2018,PHF,VA,AEA,EN,Towers with Radar,11,21,22,13,67,0,0,0,0,0,11,21,22,13,67,0,0,0,67
02/24/2018,PHF,VA,AEA,EN,Towers with Radar,10,11,16,0,37,0,0,50,0,50,10,11,66,0,87,94,0,94,181
02/25/2018,PHF,VA,AEA,EN,Towers with Radar,10,19,30,2,61,0,0,44,0,44,10,19,74,2,105,112,0,112,217
02/26/2018,PHF,VA,AEA,EN,Towers with Radar,12,22,17,23,74,0,0,3,4,7,12,22,20,27,81,8,0,8,89
02/27/2018,PHF,VA,AEA,EN,Towers with Radar,11,30,29,52,122,0,0,135,24,159,11,30,164,76,281,226,274,500,781
02/28/2018,PHF,VA,AEA,EN,Towers with Radar,11,19,21,44,95,0,0,43,10,53,11,19,64,54,148,52,166,218,366
03/01/2018,PHF,VA,AEA,EN,Towers with Radar,13,14,15,10,52,0,0,0,0,0,13,14,15,10,52,0,0,0,52
03/02/2018,PHF,VA,AEA,EN,Towers with Radar,4,1,0,2,7,0,0,0,0,0,4,1,0,2,7,0,0,0,7
03/03/2018,PHF,VA,AEA,EN,Towers with Radar,8,11,2,0,21,0,0,2,0,2,8,11,4,0,23,0,0,0,23
03/04/2018,PHF,VA,AEA,EN,Towers with Radar,14,6,12,7,39,0,0,59,0,59,14,6,71,7,98,174,0,174,272
03/05/2018,PHF,VA,AEA,EN,Towers with Radar,14,9,45,32,100,0,0,77,10,87,14,9,122,42,187,158,128,286,473
03/06/2018,PHF,VA,AEA,EN,Towers with Radar,14,10,22,18,64,0,0,13,0,13,14,10,35,18,77,88,20,108,185
03/07/2018,PHF,VA,AEA,EN,Towers with Radar,14,8,12,46,80,0,0,10,8,18,14,8,22,54,98,12,58,70,168
03/08/2018,PHF,VA,AEA,EN,Towers with Radar,13,13,25,31,82,0,0,21,2,23,13,13,46,33,105,24,64,88,193
03/09/2018,PHF,VA,AEA,EN,Towers with Radar,13,12,30,28,83,0,0,48,18,66,13,12,78,46,149,44,76,120,269
03/10/2018,PHF,VA,AEA,EN,Towers with Radar,13,5,39,3,60,0,0,68,0,68,13,5,107,3,128,114,0,114,242
03/11/2018,PHF,VA,AEA,EN,Towers with Radar,14,6,16,5,41,0,0,57,8,65,14,6,73,13,106,116,6,122,228
03/12/2018,PHF,VA,AEA,EN,Towers with Radar,13,19,11,4,47,0,0,1,0,1,13,19,12,4,48,2,0,2,50
03/13/2018,PHF,VA,AEA,EN,Towers with Radar,14,14,14,20,62,0,0,26,5,31,14,14,40,25,93,6,70,76,169
03/14/2018,PHF,VA,AEA,EN,Towers with Radar,14,18,32,43,107,0,0,23,7,30,14,18,55,50,137,26,18,44,181
03/15/2018,PHF,VA,AEA,EN,Towers with Radar,15,26,35,40,116,0,2,13,0,15,15,28,48,40,131,28,16,44,175
03/16/2018,PHF,VA,AEA,EN,Towers with Radar,14,8,33,25,80,0,0,41,2,43,14,8,74,27,123,48,34,82,205
03/17/2018,PHF,VA,AEA,EN,Towers with Radar,14,16,14,2,46,0,1,83,0,84,14,17,97,2,130,140,0,140,270
03/18/2018,PHF,VA,AEA,EN,Towers with Radar,14,16,15,9,54,0,0,72,0,72,14,16,87,9,126,154,0,154,280
03/19/2018,PHF,VA,AEA,EN,Towers with Radar,14,16,34,34,98,0,1,69,8,78,14,17,103,42,176,70,162,232,408
03/20/2018,PHF,VA,AEA,EN,Towers with Radar,13,11,13,4,41,0,0,0,0,0,13,11,13,4,41,0,0,0,41
03/21/2018,PHF,VA,AEA,EN,Towers with Radar,14,3,6,0,23,0,0,0,0,0,14,3,6,0,23,0,0,0,23
03/22/2018,PHF,VA,AEA,EN,Towers with Radar,14,21,33,29,97,0,0,10,3,13,14,21,43,32,110,46,20,66,176
03/23/2018,PHF,VA,AEA,EN,Towers with Radar,14,12,43,29,98,0,0,39,8,47,14,12,82,37,145,44,46,90,235
03/24/2018,PHF,VA,AEA,EN,Towers with Radar,15,5,14,0,34,0,0,53,0,53,15,5,67,0,87,124,0,124,211
03/25/2018,PHF,VA,AEA,EN,Towers with Radar,13,5,14,10,42,0,0,46,0,46,13,5,60,10,88,50,0,50,138
03/26/2018,PHF,VA,AEA,EN,Towers with Radar,14,13,31,28,86,0,0,50,11,61,14,13,81,39,147,62,170,232,379
03/27/2018,PHF,VA,AEA,EN,Towers with Radar,13,13,18,50,94,0,0,59,23,82,13,13,77,73,176,140,142,282,458
03/28/2018,PHF,VA,AEA,EN,Towers with Radar,14,10,33,72,129,0,0,17,15,32,14,10,50,87,161,54,120,174,335
03/29/2018,PHF,VA,AEA,EN,Towers with Radar,13,23,20,69,125,0,0,26,5,31,13,23,46,74,156,16,84,100,256
03/30/2018,PHF,VA,AEA,EN,Towers with Radar,14,11,21,21,67,0,0,6,6,12,14,11,27,27,79,0,36,36,115
03/31/2018,PHF,VA,AEA,EN,Towers with Radar,13,6,21,0,40,0,0,41,1,42,13,6,62,1,82,32,0,32,114
04/01/2018,PHF,VA,AEA,EN,Towers with Radar,14,5,11,0,30,0,0,14,0,14,14,5,25,0,44,26,0,26,70
04/02/2018,PHF,VA,AEA,EN,Towers with Radar,14,8,33,28,83,0,0,17,12,29,14,8,50,40,112,34,24,58,170
04/03/2018,PHF,VA,AEA,EN,Towers with Radar,14,13,29,28,84,0,0,7,0,7,14,13,36,28,91,26,36,62,153
04/04/2018,PHF,VA,AEA,EN,Towers with Radar,16,5,20,40,81,0,0,4,3,7,16,5,24,43,88,26,90,116,204
04/05/2018,PHF,VA,AEA,EN,Towers with Radar,16,22,40,30,108,0,0,48,2,50,16,22,88,32,158,36,28,64,222
04/06/2018,PHF,VA,AEA,EN,Towers with Radar,14,11,13,10,48,0,0,9,8,17,14,11,22,18,65,0,16,16,81
04/07/2018,PHF,VA,AEA,EN,Towers with Radar,10,9,3,3,25,0,0,0,0,0,10,9,3,3,25,0,0,0,25
04/08/2018,PHF,VA,AEA,EN,Towers with Radar,12,15,19,3,49,0,0,68,0,68,12,15,87,3,117,158,0,158,275
04/09/2018,PHF,VA,AEA,EN,Towers with Radar,16,26,24,37,103,0,0,11,8,19,16,26,35,45,122,10,38,48,170
04/10/2018,PHF,VA,AEA,EN,Towers with Radar,15,17,12,27,71,0,0,29,10,39,15,17,41,37,110,8,48,56,166
04/11/2018,PHF,VA,AEA,EN,Towers with Radar,15,14,29,27,85,0,0,46,9,55,15,14,75,36,140,66,96,162,302
04/12/2018,PHF,VA,AEA,EN,Towers with Radar,17,16,18,57,108,0,0,22,14,36,17,16,40,71,144,22,238,260,404
04/13/2018,PHF,VA,AEA,EN,Towers with Radar,16,10,31,17,74,0,0,28,5,33,16,10,59,22,107,31,20,51,158
04/14/2018,PHF,VA,AEA,EN,Towers with Radar,12,13,29,3,57,0,0,68,3,71,12,13,97,6,128,164,0,164,292
04/15/2018,PHF,VA,AEA,EN,Towers with Radar,12,14,8,7,41,0,0,10,0,10,12,14,18,7,51,26,26,52,103
04/16/2018,PHF,VA,AEA,EN,Towers with Radar,16,12,29,62,119,0,0,56,19,75,16,12,85,81,194,60,314,374,568
04/17/2018,PHF,VA,AEA,EN,Towers with Radar,13,28,17,13,71,0,0,52,11,63,13,28,69,24,134,74,220,294,428
04/18/2018,PHF,VA,AEA,EN,Towers with Radar,19,13,28,35,95,0,0,50,6,56,19,13,78,41,151,80,78,158,309
04/19/2018,PHF,VA,AEA,EN,Towers with Radar,25,37,18,20,100,0,0,7,2,9,25,37,25,22,109,4,10,14,123
04/20/2018,PHF,VA,AEA,EN,Towers with Radar,16,14,46,35,111,0,0,36,5,41,16,14,82,40,152,14,92,106,258
04/21/2018,PHF,VA,AEA,EN,Towers with Radar,13,12,39,0,64,0,0,61,0,61,13,12,100,0,125,112,0,112,237
04/22/2018,PHF,VA,AEA,EN,Towers with Radar,11,14,30,0,55,0,0,82,0,82,11,14,112,0,137,148,0,148,285
04/23/2018,PHF,VA,AEA,EN,Towers with Radar,16,11,25,11,63,0,0,22,2,24,16,11,47,13,87,8,80,88,175
04/24/2018,PHF,VA,AEA,EN,Towers with Radar,15,10,16,3,44,0,0,0,2,2,15,10,16,5,46,0,14,14,60
04/25/2018,PHF,VA,AEA,EN,Towers with Radar,17,20,17,35,89,0,0,17,1,18,17,20,34,36,107,10,22,32,139
04/26/2018,PHF,VA,AEA,EN,Towers with Radar,17,24,20,20,81,0,0,46,3,49,17,24,66,23,130,36,30,66,196
04/27/2018,PHF,VA,AEA,EN,Towers with Radar,15,25,29,12,81,0,0,17,5,22,15,25,46,17,103,24,16,40,143
04/28/2018,PHF,VA,AEA,EN,Towers with Radar,12,14,28,0,54,0,0,80,1,81,12,14,108,1,135,144,0,144,279
04/29/2018,PHF,VA,AEA,EN,Towers with Radar,12,10,27,4,53,0,0,33,0,33,12,10,60,4,86,6,0,6,92
04/30/2018,PHF,VA,AEA,EN,Towers with Radar,15,19,24,27,85,0,0,60,5,65,15,19,84,32,150,38,58,96,246
05/01/2018,PHF,VA,AEA,EN,Towers with Radar,13,25,25,20,83,0,0,71,10,81,13,25,96,30,164,254,164,418,582
05/02/2018,PHF,VA,AEA,EN,Towers with Radar,15,13,25,36,89,0,0,26,14,40,15,13,51,50,129,16,74,90,219
05/03/2018,PHF,VA,AEA,EN,Towers with Radar,15,23,38,19,95,0,0,25,3,28,15,23,63,22,123,14,16,30,153
05/04/2018,PHF,VA,AEA,EN,Towers with Radar,29,16,30,30,105,0,0,69,9,78,29,16,99,39,183,170,242,412,595
05/05/2018,PHF,VA,AEA,EN,Towers with Radar,10,15,20,5,50,0,0,52,0,52,10,15,72,5,102,18,0,18,120
05/06/2018,PHF,VA,AEA,EN,Towers with Radar,10,20,24,17,71,0,0,7,0,7,10,20,31,17,78,16,14,30,108
05/07/2018,PHF,VA,AEA,EN,Towers with Radar,9,32,49,16,106,0,0,20,12,32,9,32,69,28,138,10,162,172,310
05/08/2018,PHF,VA,AEA,EN,Towers with Radar,9,33,28,20,90,0,0,9,4,13,9,33,37,24,103,10,10,20,123
05/09/2018,PHF,VA,AEA,EN,Towers with Radar,9,37,39,20,105,0,0,20,0,20,9,37,59,20,125,20,22,42,167
05/10/2018,PHF,VA,AEA,EN,Towers with Radar,9,28,18,33,88,0,0,31,18,49,9,28,49,51,137,54,102,156,293
05/11/2018,PHF,VA,AEA,EN,Towers with Radar,8,42,24,47,121,0,0,35,7,42,8,42,59,54,163,22,64,86,249
05/12/2018,PHF,VA,AEA,EN,Towers with Radar,9,13,7,2,31,0,0,80,0,80,9,13,87,2,111,78,0,78,189
05/13/2018,PHF,VA,AEA,EN,Towers with Radar,10,16,12,2,40,0,0,37,0,37,10,16,49,2,77,48,0,48,125
05/14/2018,PHF,VA,AEA,EN,Towers with Radar,8,22,32,8,70,0,2,26,2,30,8,24,58,10,100,56,0,56,156
05/15/2018,PHF,VA,AEA,EN,Towers with Radar,15,29,26,25,95,0,0,63,9,72,15,29,89,34,167,82,138,220,387
05/16/2018,PHF,VA,AEA,EN,Towers with Radar,19,24,21,33,97,0,0,11,4,15,19,24,32,37,112,26,0,26,138
05/17/2018,PHF,VA,AEA,EN,Towers with Radar,7,27,26,14,74,0,0,22,18,40,7,27,48,32,114,12,84,96,210
05/18/2018,PHF,VA,AEA,EN,Towers with Radar,11,24,16,14,65,0,0,1,0,1,11,24,17,14,66,0,0,0,66
05/19/2018,PHF,VA,AEA,EN,Towers with Radar,8,18,11,4,41,0,0,9,4,13,8,18,20,8,54,0,0,0,54
05/20/2018,PHF,VA,AEA,EN,Towers with Radar,9,21,27,1,58,0,0,16,0,16,9,21,43,1,74,0,0,0,74
05/21/2018,PHF,VA,AEA,EN,Towers with Radar,9,23,46,15,93,0,0,26,4,30,9,23,72,19,123,20,68,88,211
05/22/2018,PHF,VA,AEA,EN,Towers with Radar,9,24,26,26,85,0,0,6,0,6,9,24,32,26,91,10,92,102,193
05/23/2018,PHF,VA,AEA,EN,Towers with Radar,8,41,25,17,91,0,0,22,0,22,8,41,47,17,113,20,78,98,211
05/24/2018,PHF,VA,AEA,EN,Towers with Radar,8,32,19,28,87,0,1,39,2,42,8,33,58,30,129,56,18,74,203
05/25/2018,PHF,VA,AEA,EN,Towers with Radar,8,18,25,12,63,0,0,47,0,47,8,18,72,12,110,18,0,18,128
05/26/2018,PHF,VA,AEA,EN,Towers with Radar,10,10,2,0,22,0,2,19,0,21,10,12,21,0,43,22,0,22,65
05/27/2018,PHF,VA,AEA,EN,Towers with Radar,8,11,7,0,26,0,0,33,0,33,8,11,40,0,59,62,0,62,121
05/28/2018,PHF,VA,AEA,EN,Towers with Radar,10,9,11,6,36,0,0,11,0,11,10,9,22,6,47,30,0,30,77
05/29/2018,PHF,VA,AEA,EN,Towers with Radar,8,20,23,4,55,0,0,1,6,7,8,20,24,10,62,0,10,10,72
05/30/2018,PHF,VA,AEA,EN,Towers with Radar,8,26,32,21,87,0,0,0,0,0,8,26,32,21,87,0,0,0,87
05/31/2018,PHF,VA,AEA,EN,Towers with Radar,11,15,26,57,109,0,0,12,9,21,11,15,38,66,130,12,40,52,182
06/01/2018,PHF,VA,AEA,EN,Towers with Radar,7,14,18,39,78,0,0,29,6,35,7,14,47,45,113,44,76,120,233
06/02/2018,PHF,VA,AEA,EN,Towers with Radar,9,16,18,4,47,0,0,22,0,22,9,16,40,4,69,26,0,26,95
06/03/2018,PHF,VA,AEA,EN,Towers with Radar,8,18,9,2,37,0,0,0,0,0,8,18,9,2,37,0,0,0,37
06/04/2018,PHF,VA,AEA,EN,Towers with Radar,9,18,32,26,85,0,0,34,0,34,9,18,66,26,119,48,0,48,167
06/05/2018,PHF,VA,AEA,EN,Towers with Radar,9,25,22,47,103,0,0,69,11,80,9,25,91,58,183,130,58,188,371
06/06/2018,PHF,VA,AEA,EN,Towers with Radar,8,30,24,24,86,0,0,76,6,82,8,30,100,30,168,70,46,116,284
06/07/2018,PHF,VA,AEA,EN,Towers with Radar,11,23,21,32,87,0,0,27,8,35,11,23,48,40,122,38,102,140,262
06/08/2018,PHF,VA,AEA,EN,Towers with Radar,12,19,25,14,70,0,2,23,12,37,12,21,48,26,107,20,64,84,191
06/09/2018,PHF,VA,AEA,EN,Towers with Radar,12,13,15,6,46,0,0,63,1,64,12,13,78,7,110,104,0,104,214
06/10/2018,PHF,VA,AEA,EN,Towers with Radar,7,21,10,5,43,0,0,13,3,16,7,21,23,8,59,18,0,18,77
06/11/2018,PHF,VA,AEA,EN,Towers with Radar,10,26,20,4,60,0,0,4,1,5,10,26,24,5,65,0,36,36,101
06/12/2018,PHF,VA,AEA,EN,Towers with Radar,15,18,29,5,67,0,0,50,2,52,15,18,79,7,119,28,0,28,147
06/13/2018,PHF,VA,AEA,EN,Towers with Radar,11,18,37,40,106,0,0,16,6,22,11,18,53,46,128,24,26,50,178
06/14/2018,PHF,VA,AEA,EN,Towers with Radar,9,21,35,25,90,0,1,59,18,78,9,22,94,43,168,140,158,298,466
06/15/2018,PHF,VA,AEA,EN,Towers with Radar,9,10,30,16,65,0,0,61,15,76,9,10,91,31,141,146,154,300,441
06/16/2018,PHF,VA,AEA,EN,Towers with Radar,12,10,25,0,47,0,0,60,3,63,12,10,85,3,110,42,0,42,152
06/17/2018,PHF,VA,AEA,EN,Towers with Radar,6,9,13,9,37,0,0,60,0,60,6,9,73,9,97,82,0,82,179
06/18/2018,PHF,VA,AEA,EN,Towers with Radar,7,16,30,39,92,0,0,15,1,16,7,16,45,40,108,40,32,72,180
06/19/2018,PHF,VA,AEA,EN,Towers with Radar,8,11,23,17,59,0,0,32,1,33,8,11,55,18,92,52,32,84,176
06/20/2018,PHF,VA,AEA,EN,Towers with Radar,9,25,20,38,92,0,0,31,12,43,9,25,51,50,135,26,148,174,309
06/21/2018,PHF,VA,AEA,EN,Towers with Radar,12,22,33,25,92,0,2,18,7,27,12,24,51,32,119,30,66,96,215
06/22/2018,PHF,VA,AEA,EN,Towers with Radar,10,19,22,19,70,0,0,0,6,6,10,19,22,25,76,0,58,58,134
06/23/2018,PHF,VA,AEA,EN,Towers with Radar,12,17,29,5,63,0,0,41,0,41,12,17,70,5,104,28,0,28,132
06/24/2018,PHF,VA,AEA,EN,Towers with Radar,9,21,11,1,42,0,0,59,2,61,9,21,70,3,103,98,0,98,201
06/25/2018,PHF,VA,AEA,EN,Towers with Radar,11,23,20,2,56,0,1,46,5,52,11,24,66,7,108,54,28,82,190
06/26/2018,PHF,VA,AEA,EN,Towers with Radar,17,31,19,14,81,0,0,32,0,32,17,31,51,14,113,6,0,6,119
06/27/2018,PHF,VA,AEA,EN,Towers with Radar,14,24,26,5,69,0,0,20,12,32,14,24,46,17,101,18,52,70,171
06/28/2018,PHF,VA,AEA,EN,Towers with Radar,9,22,22,39,92,0,0,37,12,49,9,22,59,51,141,16,64,80,221
06/29/2018,PHF,VA,AEA,EN,Towers with Radar,12,12,25,19,68,0,0,69,9,78,12,12,94,28,146,62,14,76,222
06/30/2018,PHF,VA,AEA,EN,Towers with Radar,14,11,20,0,45,0,0,56,0,56,14,11,76,0,101,54,0,54,155
07/01/2018,PHF,VA,AEA,EN,Towers with Radar,9,13,14,0,36,0,0,47,0,47,9,13,61,0,83,56,0,56,139
07/02/2018,PHF,VA,AEA,EN,Towers with Radar,18,17,19,17,71,0,0,30,5,35,18,17,49,22,106,24,32,56,162
07/03/2018,PHF,VA,AEA,EN,Towers with Radar,9,10,13,8,40,0,0,58,6,64,9,10,71,14,104,56,148,204,308
07/04/2018,PHF,VA,AEA,EN,Towers with Radar,7,8,9,0,24,0,0,8,0,8,7,8,17,0,32,26,0,26,58
07/05/2018,PHF,VA,AEA,EN,Towers with Radar,9,13,20,20,62,0,0,29,1,30,9,13,49,21,92,52,0,52,144
07/06/2018,PHF,VA,AEA,EN,Towers with Radar,9,22,17,7,55,0,0,15,0,15,9,22,32,7,70,22,0,22,92
07/07/2018,PHF,VA,AEA,EN,Towers with Radar,16,12,13,1,42,0,0,8,0,8,16,12,21,1,50,8,0,8,58
07/08/2018,PHF,VA,AEA,EN,Towers with Radar,8,17,24,0,49,0,0,20,2,22,8,17,44,2,71,12,0,12,83
07/09/2018,PHF,VA,AEA,EN,Towers with Radar,12,37,29,19,97,0,1,53,4,58,12,38,82,23,155,56,0,56,211
07/10/2018,PHF,VA,AEA,EN,Towers with Radar,9,44,22,45,120,0,0,61,10,71,9,44,83,55,191,32,28,60,251
07/11/2018,PHF,VA,AEA,EN,Towers with Radar,9,32,24,40,105,0,1,28,12,41,9,33,52,52,146,18,56,74,220
07/12/2018,PHF,VA,AEA,EN,Towers with Radar,11,41,31,33,116,0,0,43,4,47,11,41,74,37,163,100,36,136,299
07/13/2018,PHF,VA,AEA,EN,Towers with Radar,9,23,27,37,96,0,2,52,13,67,9,25,79,50,163,126,72,198,361
07/14/2018,PHF,VA,AEA,EN,Towers with Radar,9,17,8,0,34,0,0,67,10,77,9,17,75,10,111,145,0,145,256
07/15/2018,PHF,VA,AEA,EN,Towers with Radar,10,16,16,1,43,0,0,46,22,68,10,16,62,23,111,124,0,124,235
07/16/2018,PHF,VA,AEA,EN,Towers with Radar,8,31,30,27,96,0,1,33,4,38,8,32,63,31,134,21,0,21,155
07/17/2018,PHF,VA,AEA,EN,Towers with Radar,9,30,20,31,90,0,0,32,12,44,9,30,52,43,134,38,65,103,237
07/18/2018,PHF,VA,AEA,EN,Towers with Radar,9,19,19,24,71,0,0,20,2,22,9,19,39,26,93,14,2,16,109
07/19/2018,PHF,VA,AEA,EN,Towers with Radar,11,30,30,20,91,0,0,18,3,21,11,30,48,23,112,8,26,34,146
07/20/2018,PHF,VA,AEA,EN,Towers with Radar,9,21,36,21,87,0,0,30,4,34,9,21,66,25,121,8,32,40,161
07/21/2018,PHF,VA,AEA,EN,Towers with Radar,9,16,17,0,42,0,0,0,0,0,9,16,17,0,42,0,0,0,42
07/22/2018,PHF,VA,AEA,EN,Towers with Radar,10,19,12,7,48,0,0,7,0,7,10,19,19,7,55,8,0,8,63
07/23/2018,PHF,VA,AEA,EN,Towers with Radar,9,21,13,11,54,0,0,2,4,6,9,21,15,15,60,6,0,6,66
07/24/2018,PHF,VA,AEA,EN,Towers with Radar,9,20,22,22,73,0,0,0,4,4,9,20,22,26,77,0,62,62,139
07/25/2018,PHF,VA,AEA,EN,Towers with Radar,10,19,32,26,87,0,0,4,2,6,10,19,36,28,93,16,32,48,141
07/26/2018,PHF,VA,AEA,EN,Towers with Radar,12,32,26,33,103,0,0,17,4,21,12,32,43,37,124,42,32,74,198
07/27/2018,PHF,VA,AEA,EN,Towers with Radar,14,17,28,38,97,0,0,18,0,18,14,17,46,38,115,22,24,46,161
07/28/2018,PHF,VA,AEA,EN,Towers with Radar,13,12,8,7,40,0,0,32,4,36,13,12,40,11,76,56,0,56,132
07/29/2018,PHF,VA,AEA,EN,Towers with Radar,10,15,12,6,43,0,0,42,10,52,10,15,54,16,95,112,38,150,245
07/30/2018,PHF,VA,AEA,EN,Towers with Radar,9,24,14,18,65,0,0,0,0,0,9,24,14,18,65,0,0,0,65
07/31/2018,PHF,VA,AEA,EN,Towers with Radar,8,20,22,17,67,0,0,0,0,0,8,20,22,17,67,0,0,0,67
08/01/2018,PHF,VA,AEA,EN,Towers with Radar,10,23,23,27,83,0,0,19,6,25,10,23,42,33,108,22,38,60,168
08/02/2018,PHF,VA,AEA,EN,Towers with Radar,9,18,25,64,116,0,0,6,4,10,9,18,31,68,126,4,32,36,162
08/03/2018,PHF,VA,AEA,EN,Towers with Radar,10,19,40,15,84,0,0,15,11,26,10,19,55,26,110,54,122,176,286
08/04/2018,PHF,VA,AEA,EN,Towers with Radar,11,15,29,1,56,0,0,25,0,25,11,15,54,1,81,58,0,58,139
08/05/2018,PHF,VA,AEA,EN,Towers with Radar,8,20,19,0,47,0,0,52,0,52,8,20,71,0,99,70,0,70,169
08/06/2018,PHF,VA,AEA,EN,Towers with Radar,12,34,33,24,103,0,2,23,2,27,12,36,56,26,130,24,4,28,158
08/07/2018,PHF,VA,AEA,EN,Towers with Radar,9,19,6,29,63,0,0,45,4,49,9,19,51,33,112,96,0,96,208
08/08/2018,PHF,VA,AEA,EN,Towers with Radar,9,31,26,13,79,0,0,37,6,43,9,31,63,19,122,94,44,138,260
08/09/2018,PHF,VA,AEA,EN,Towers with Radar,9,21,23,23,76,0,0,28,4,32,9,21,51,27,108,38,26,64,172
08/10/2018,PHF,VA,AEA,EN,Towers with Radar,18,20,33,2,73,0,0,19,0,19,18,20,52,2,92,8,0,8,100
08/11/2018,PHF,VA,AEA,EN,Towers with Radar,10,10,26,0,46,0,0,52,0,52,10,10,78,0,98,132,0,132,230
08/12/2018,PHF,VA,AEA,EN,Towers with Radar,9,13,16,14,52,0,0,13,0,13,9,13,29,14,65,26,0,26,91
08/13/2018,PHF,VA,AEA,EN,Towers with Radar,10,23,18,31,82,0,0,26,1,27,10,23,44,32,109,40,14,54,163
08/14/2018,PHF,VA,AEA,EN,Towers with Radar,9,25,27,15,76,0,0,28,6,34,9,25,55,21,110,18,46,64,174
08/15/2018,PHF,VA,AEA,EN,Towers with Radar,9,34,35,34,112,0,0,44,11,55,9,34,79,45,167,40,90,130,297
08/16/2018,PHF,VA,AEA,EN,Towers with Radar,10,27,22,28,87,0,1,60,16,77,10,28,82,44,164,14,164,178,342
08/17/2018,PHF,VA,AEA,EN,Towers with Radar,11,21,17,6,55,0,0,18,1,19,11,21,35,7,74,20,2,22,96
08/18/2018,PHF,VA,AEA,EN,Towers with Radar,10,13,4,0,27,0,0,21,0,21,10,13,25,0,48,34,0,34,82
08/19/2018,PHF,VA,AEA,EN,Towers with Radar,9,18,25,7,59,0,0,32,1,33,9,18,57,8,92,73,6,79,171
08/20/2018,PHF,VA,AEA,EN,Towers with Radar,10,33,21,8,72,0,0,6,0,6,10,33,27,8,78,24,0,24,102
08/21/2018,PHF,VA,AEA,EN,Towers with Radar,10,27,14,6,57,0,0,34,5,39,10,27,48,11,96,24,116,140,236
08/22/2018,PHF,VA,AEA,EN,Towers with Radar,10,21,20,31,82,0,1,21,4,26,10,22,41,35,108,24,106,130,238
08/23/2018,PHF,VA,AEA,EN,Towers with Radar,9,19,36,16,80,0,0,107,18,125,9,19,143,34,205,206,264,470,675
08/24/2018,PHF,VA,AEA,EN,Towers with Radar,10,23,26,15,74,0,0,52,2,54,10,23,78,17,128,92,32,124,252
08/25/2018,PHF,VA,AEA,EN,Towers with Radar,6,17,9,0,32,0,0,70,0,70,6,17,79,0,102,120,0,120,222
08/26/2018,PHF,VA,AEA,EN,Towers with Radar,8,24,14,9,55,0,0,45,1,46,8,24,59,10,101,92,0,92,193
08/27/2018,PHF,VA,AEA,EN,Towers with Radar,8,24,15,14,61,0,0,19,2,21,8,24,34,16,82,18,6,24,106
08/28/2018,PHF,VA,AEA,EN,Towers with Radar,9,29,21,42,101,0,0,72,4,76,9,29,93,46,177,112,136,248,425
08/29/2018,PHF,VA,AEA,EN,Towers with Radar,7,31,30,30,98,0,0,40,8,48,7,31,70,38,146,30,62,92,238
08/30/2018,PHF,VA,AEA,EN,Towers with Radar,7,24,14,23,68,0,0,28,15,43,7,24,42,38,111,66,80,146,257
08/31/2018,PHF,VA,AEA,EN,Towers with Radar,9,18,22,13,62,0,0,18,13,31,9,18,40,26,93,12,42,54,147
09/01/2018,PHF,VA,AEA,EN,Towers with Radar,5,10,13,0,28,0,0,20,0,20,5,10,33,0,48,0,0,0,48
09/02/2018,PHF,VA,AEA,EN,Towers with Radar,3,17,20,2,42,0,1,18,0,19,3,18,38,2,61,28,0,28,89
09/03/2018,PHF,VA,AEA,EN,Towers with Radar,6,22,12,0,40,0,1,79,0,80,6,23,91,0,120,78,0,78,198
09/04/2018,PHF,VA,AEA,EN,Towers with Radar,6,25,24,22,77,0,0,12,3,15,6,25,36,25,92,0,14,14,106
09/05/2018,PHF,VA,AEA,EN,Towers with Radar,6,20,22,30,78,0,0,33,1,34,6,20,55,31,112,28,16,44,156
09/06/2018,PHF,VA,AEA,EN,Towers with Radar,6,17,19,39,81,0,0,15,0,15,6,17,34,39,96,20,4,24,120
09/07/2018,PHF,VA,AEA,EN,Towers with Radar,11,21,21,22,75,0,1,15,7,23,11,22,36,29,98,4,60,64,162
09/08/2018,PHF,VA,AEA,EN,Towers with Radar,7,9,6,0,22,0,0,37,9,46,7,9,43,9,68,56,0,56,124
09/09/2018,PHF,VA,AEA,EN,Towers with Radar,7,19,16,5,47,0,0,3,6,9,7,19,19,11,56,0,14,14,70
09/10/2018,PHF,VA,AEA,EN,Towers with Radar,6,28,30,10,74,0,1,5,0,6,6,29,35,10,80,30,0,30,110
09/11/2018,PHF,VA,AEA,EN,Towers with Radar,8,16,19,6,49,0,0,13,0,13,8,16,32,6,62,22,0,22,84
09/12/2018,PHF,VA,AEA,EN,Towers with Radar,10,21,26,18,75,0,0,14,2,16,10,21,40,20,91,12,10,22,113
09/13/2018,PHF,VA,AEA,EN,Towers with Radar,6,12,2,6,26,0,0,0,0,0,6,12,2,6,26,0,0,0,26
09/14/2018,PHF,VA,AEA,EN,Towers with Radar,4,0,0,0,4,0,0,0,0,0,4,0,0,0,4,0,0,0,4
09/15/2018,PHF,VA,AEA,EN,Towers with Radar,3,4,0,0,7,0,0,1,0,1,3,4,1,0,8,0,0,0,8
09/16/2018,PHF,VA,AEA,EN,Towers with Radar,4,11,7,8,30,0,0,8,3,11,4,11,15,11,41,24,0,24,65
09/17/2018,PHF,VA,AEA,EN,Towers with Radar,8,18,20,5,51,0,0,6,3,9,8,18,26,8,60,6,0,6,66
09/18/2018,PHF,VA,AEA,EN,Towers with Radar,6,29,3,36,74,0,0,34,19,53,6,29,37,55,127,122,172,294,421
09/19/2018,PHF,VA,AEA,EN,Towers with Radar,6,25,33,10,74,0,0,79,20,99,6,25,112,30,173,166,176,342,515
09/20/2018,PHF,VA,AEA,EN,Towers with Radar,6,26,32,22,86,0,0,27,4,31,6,26,59,26,117,54,66,120,237
09/21/2018,PHF,VA,AEA,EN,Towers with Radar,8,26,25,20,79,0,1,37,13,51,8,27,62,33,130,26,30,56,186
09/22/2018,PHF,VA,AEA,EN,Towers with Radar,7,11,11,0,29,0,0,58,3,61,7,11,69,3,90,122,0,122,212
09/23/2018,PHF,VA,AEA,EN,Towers with Radar,7,18,23,2,50,0,1,24,0,25,7,19,47,2,75,64,0,64,139
09/24/2018,PHF,VA,AEA,EN,Towers with Radar,6,24,21,12,63,0,0,0,0,0,6,24,21,12,63,0,0,0,63
09/25/2018,PHF,VA,AEA,EN,Towers with Radar,6,23,17,37,83,0,0,50,16,66,6,23,67,53,149,92,212,304,453
09/26/2018,PHF,VA,AEA,EN,Towers with Radar,9,31,36,48,124,0,0,45,3,48,9,31,81,51,172,10,0,10,182
09/27/2018,PHF,VA,AEA,EN,Towers with Radar,8,22,20,13,63,0,0,3,2,5,8,22,23,15,68,8,6,14,82
09/28/2018,PHF,VA,AEA,EN,Towers with Radar,7,42,14,12,75,0,0,20,0,20,7,42,34,12,95,44,0,44,139
09/29/2018,PHF,VA,AEA,EN,Towers with Radar,8,15,18,2,43,0,0,61,4,65,8,15,79,6,108,76,0,76,184
09/30/2018,PHF,VA,AEA,EN,Towers with Radar,6,16,16,2,40,0,0,55,0,55,6,16,71,2,95,106,0,106,201
10/01/2018,PHF,VA,AEA,EN,Towers with Radar,7,16,24,3,50,0,0,26,0,26,7,16,50,3,76,24,4,28,104
10/02/2018,PHF,VA,AEA,EN,Towers with Radar,7,23,17,42,89,0,0,49,4,53,7,23,66,46,142,28,86,114,256
10/03/2018,PHF,VA,AEA,EN,Towers with Radar,7,21,21,19,68,0,0,40,1,41,7,21,61,20,109,46,76,122,231
10/04/2018,PHF,VA,AEA,EN,Towers with Radar,9,24,29,58,120,2,0,45,6,53,11,24,74,64,173,30,88,118,291
10/05/2018,PHF,VA,AEA,EN,Towers with Radar,7,14,35,14,70,0,0,6,3,9,7,14,41,17,79,10,14,24,103
10/06/2018,PHF,VA,AEA,EN,Towers with Radar,8,10,24,0,42,0,0,30,0,30,8,10,54,0,72,106,0,106,178
10/07/2018,PHF,VA,AEA,EN,Towers with Radar,6,15,22,0,43,0,0,53,0,53,6,15,75,0,96,88,0,88,184
10/08/2018,PHF,VA,AEA,EN,Towers with Radar,9,24,10,0,43,0,0,31,0,31,9,24,41,0,74,26,0,26,100
10/09/2018,PHF,VA,AEA,EN,Towers with Radar,6,37,29,26,98,0,0,21,7,28,6,37,50,33,126,28,94,122,248
10/10/2018,PHF,VA,AEA,EN,Towers with Radar,7,47,33,40,127,0,0,32,7,39,7,47,65,47,166,118,136,254,420
10/11/2018,PHF,VA,AEA,EN,Towers with Radar,5,32,1,12,50,0,0,0,2,2,5,32,1,14,52,0,20,20,72
10/12/2018,PHF,VA,AEA,EN,Towers with Radar,7,23,21,14,65,0,0,17,7,24,7,23,38,21,89,34,48,82,171
10/13/2018,PHF,VA,AEA,EN,Towers with Radar,8,10,24,0,42,0,0,45,2,47,8,10,69,2,89,94,2,96,185
10/14/2018,PHF,VA,AEA,EN,Towers with Radar,6,15,21,0,42,0,0,47,0,47,6,15,68,0,89,80,0,80,169
10/15/2018,PHF,VA,AEA,EN,Towers with Radar,10,35,23,15,83,0,0,34,4,38,10,35,57,19,121,62,60,122,243
10/16/2018,PHF,VA,AEA,EN,Towers with Radar,10,26,32,22,90,0,0,13,2,15,10,26,45,24,105,36,28,64,169
10/17/2018,PHF,VA,AEA,EN,Towers with Radar,7,43,18,28,96,0,0,22,3,25,7,43,40,31,121,12,6,18,139
10/18/2018,PHF,VA,AEA,EN,Towers with Radar,7,32,26,27,92,0,1,41,6,48,7,33,67,33,140,46,58,104,244
10/19/2018,PHF,VA,AEA,EN,Towers with Radar,9,34,36,17,96,0,0,91,9,100,9,34,127,26,196,88,12,100,296
10/20/2018,PHF,VA,AEA,EN,Towers with Radar,7,12,20,3,42,0,0,3,0,3,7,12,23,3,45,0,0,0,45
10/21/2018,PHF,VA,AEA,EN,Towers with Radar,8,28,13,3,52,0,1,4,0,5,8,29,17,3,57,0,0,0,57
10/22/2018,PHF,VA,AEA,EN,Towers with Radar,8,23,35,20,86,0,0,28,0,28,8,23,63,20,114,12,0,12,126
10/23/2018,PHF,VA,AEA,EN,Towers with Radar,7,35,19,10,71,0,2,76,6,84,7,37,95,16,155,90,34,124,279
10/24/2018,PHF,VA,AEA,EN,Towers with Radar,7,23,25,16,71,0,0,21,2,23,7,23,46,18,94,32,8,40,134
10/25/2018,PHF,VA,AEA,EN,Towers with Radar,7,22,14,13,56,0,0,48,0,48,7,22,62,13,104,54,2,56,160
10/26/2018,PHF,VA,AEA,EN,Towers with Radar,10,28,19,4,61,0,0,6,0,6,10,28,25,4,67,6,0,6,73
10/27/2018,PHF,VA,AEA,EN,Towers with Radar,10,13,42,6,71,0,0,11,2,13,10,13,53,8,84,8,0,8,92
10/28/2018,PHF,VA,AEA,EN,Towers with Radar,8,21,10,1,40,0,0,44,13,57,8,21,54,14,97,92,0,92,189
10/29/2018,PHF,VA,AEA,EN,Towers with Radar,8,29,20,11,68,0,1,15,1,17,8,30,35,12,85,20,2,22,107
10/30/2018,PHF,VA,AEA,EN,Towers with Radar,17,30,22,21,90,2,2,43,2,49,19,32,65,23,139,42,50,92,231
10/31/2018,PHF,VA,AEA,EN,Towers with Radar,5,29,28,14,76,0,0,65,5,70,5,29,93,19,146,38,44,82,228
11/01/2018,PHF,VA,AEA,EN,Towers with Radar,9,31,20,21,81,0,0,31,7,38,9,31,51,28,119,20,68,88,207
11/02/2018,PHF,VA,AEA,EN,Towers with Radar,8,22,27,33,90,0,0,9,0,9,8,22,36,33,99,6,0,6,105
11/03/2018,PHF,VA,AEA,EN,Towers with Radar,9,12,17,2,40,0,0,9,0,9,9,12,26,2,49,0,0,0,49
11/04/2018,PHF,VA,AEA,EN,Towers with Radar,5,21,20,6,52,0,0,45,0,45,5,21,65,6,97,54,0,54,151
11/05/2018,PHF,VA,AEA,EN,Towers with Radar,4,15,20,5,44,0,0,0,0,0,4,15,20,5,44,0,0,0,44
11/06/2018,PHF,VA,AEA,EN,Towers with Radar,4,32,7,22,65,0,0,2,2,4,4,32,9,24,69,0,28,28,97
11/07/2018,PHF,VA,AEA,EN,Towers with Radar,16,24,31,11,82,0,0,38,3,41,16,24,69,14,123,25,84,109,232
11/08/2018,PHF,VA,AEA,EN,Towers with Radar,10,19,24,30,83,0,0,20,5,25,10,19,44,35,108,14,38,52,160
11/09/2018,PHF,VA,AEA,EN,Towers with Radar,7,31,18,11,67,0,0,0,0,0,7,31,18,11,67,0,0,0,67
11/10/2018,PHF,VA,AEA,EN,Towers with Radar,6,13,22,0,41,0,0,32,5,37,6,13,54,5,78,20,6,26,104
11/11/2018,PHF,VA,AEA,EN,Towers with Radar,5,18,17,0,40,0,0,56,0,56,5,18,73,0,96,96,0,96,192
11/12/2018,PHF,VA,AEA,EN,Towers with Radar,5,33,8,4,50,0,0,2,0,2,5,33,10,4,52,28,0,28,80
11/13/2018,PHF,VA,AEA,EN,Towers with Radar,4,29,15,48,96,0,0,0,0,0,4,29,15,48,96,0,8,8,104
11/14/2018,PHF,VA,AEA,EN,Towers with Radar,5,36,26,31,98,0,0,21,3,24,5,36,47,34,122,26,10,36,158
11/15/2018,PHF,VA,AEA,EN,Towers with Radar,5,22,10,6,43,0,0,0,0,0,5,22,10,6,43,0,0,0,43
11/16/2018,PHF,VA,AEA,EN,Towers with Radar,7,28,32,20,87,0,0,29,4,33,7,28,61,24,120,32,48,80,200
11/17/2018,PHF,VA,AEA,EN,Towers with Radar,4,20,17,4,45,0,0,63,2,65,4,20,80,6,110,82,0,82,192
11/18/2018,PHF,VA,AEA,EN,Towers with Radar,5,22,16,0,43,0,0,54,2,56,5,22,70,2,99,38,0,38,137
11/19/2018,PHF,VA,AEA,EN,Towers with Radar,22,29,32,27,110,0,0,18,8,26,22,29,50,35,136,26,32,58,194
11/20/2018,PHF,VA,AEA,EN,Towers with Radar,12,39,26,40,117,0,0,14,3,17,12,39,40,43,134,19,48,67,201
11/21/2018,PHF,VA,AEA,EN,Towers with Radar,5,26,26,1,58,0,0,35,0,35,5,26,61,1,93,14,0,14,107
11/22/2018,PHF,VA,AEA,EN,Towers with Radar,1,9,9,0,19,0,0,8,0,8,1,9,17,0,27,0,0,0,27
11/23/2018,PHF,VA,AEA,EN,Towers with Radar,3,12,26,0,41,0,0,16,0,16,3,12,42,0,57,30,0,30,87
11/24/2018,PHF,VA,AEA,EN,Towers with Radar,6,19,6,0,31,0,0,0,0,0,6,19,6,0,31,0,0,0,31
11/25/2018,PHF,VA,AEA,EN,Towers with Radar,4,23,25,2,54,0,1,36,0,37,4,24,61,2,91,44,0,44,135
11/26/2018,PHF,VA,AEA,EN,Towers with Radar,4,25,21,21,71,0,0,1,0,1,4,25,22,21,72,0,0,0,72
11/27/2018,PHF,VA,AEA,EN,Towers with Radar,4,39,29,38,110,0,0,12,7,19,4,39,41,45,129,12,19,31,160
11/28/2018,PHF,VA,AEA,EN,Towers with Radar,4,22,18,28,72,0,0,9,8,17,4,22,27,36,89,10,18,28,117
11/29/2018,PHF,VA,AEA,EN,Towers with Radar,14,22,27,44,107,0,0,31,4,35,14,22,58,48,142,12,8,20,162
11/30/2018,PHF,VA,AEA,EN,Towers with Radar,4,22,31,30,87,0,0,17,5,22,4,22,48,35,109,40,26,66,175
12/01/2018,PHF,VA,AEA,EN,Towers with Radar,4,15,13,2,34,0,0,14,0,14,4,15,27,2,48,44,0,44,92
12/02/2018,PHF,VA,AEA,EN,Towers with Radar,4,25,10,3,42,0,0,0,0,0,4,25,10,3,42,0,0,0,42
12/03/2018,PHF,VA,AEA,EN,Towers with Radar,5,27,17,30,79,0,0,15,6,21,5,27,32,36,100,10,18,28,128
12/04/2018,PHF,VA,AEA,EN,Towers with Radar,5,27,18,25,75,0,0,18,14,32,5,27,36,39,107,10,66,76,183
12/05/2018,PHF,VA,AEA,EN,Towers with Radar,4,25,27,10,66,0,0,17,0,17,4,25,44,10,83,68,0,68,151
12/06/2018,PHF,VA,AEA,EN,Towers with Radar,10,30,14,50,104,0,1,35,8,44,10,31,49,58,148,44,64,108,256
12/07/2018,PHF,VA,AEA,EN,Towers with Radar,4,27,29,16,76,0,0,31,1,32,4,27,60,17,108,66,4,70,178
12/08/2018,PHF,VA,AEA,EN,Towers with Radar,3,14,21,2,40,0,0,51,2,53,3,14,72,4,93,42,0,42,135
12/09/2018,PHF,VA,AEA,EN,Towers with Radar,2,7,3,12,24,0,0,0,0,0,2,7,3,12,24,0,0,0,24
12/10/2018,PHF,VA,AEA,EN,Towers with Radar,4,21,14,8,47,0,0,4,7,11,4,21,18,15,58,4,46,50,108
12/11/2018,PHF,VA,AEA,EN,Towers with Radar,5,31,17,16,69,0,1,31,4,36,5,32,48,20,105,54,12,66,171
12/12/2018,PHF,VA,AEA,EN,Towers with Radar,5,37,24,13,79,0,2,27,11,40,5,39,51,24,119,60,72,132,251
12/13/2018,PHF,VA,AEA,EN,Towers with Radar,17,33,14,35,99,0,0,30,6,36,17,33,44,41,135,46,70,116,251
12/14/2018,PHF,VA,AEA,EN,Towers with Radar,4,31,14,10,59,0,0,46,7,53,4,31,60,17,112,76,62,138,250
12/15/2018,PHF,VA,AEA,EN,Towers with Radar,4,15,9,1,29,0,0,0,0,0,4,15,9,1,29,0,0,0,29
12/16/2018,PHF,VA,AEA,EN,Towers with Radar,4,15,6,3,28,0,0,2,0,2,4,15,8,3,30,2,0,2,32
12/17/2018,PHF,VA,AEA,EN,Towers with Radar,4,38,20,7,69,0,0,35,1,36,4,38,55,8,105,48,0,48,153
12/18/2018,PHF,VA,AEA,EN,Towers with Radar,4,28,29,7,68,0,0,28,2,30,4,28,57,9,98,28,10,38,136
12/19/2018,PHF,VA,AEA,EN,Towers with Radar,5,27,32,12,76,0,0,35,0,35,5,27,67,12,111,30,6,36,147
12/20/2018,PHF,VA,AEA,EN,Towers with Radar,5,36,5,1,47,0,0,0,0,0,5,36,5,1,47,0,0,0,47
12/21/2018,PHF,VA,AEA,EN,Towers with Radar,10,16,32,21,79,0,1,4,4,9,10,17,36,25,88,10,104,114,202
12/22/2018,PHF,VA,AEA,EN,Towers with Radar,6,23,8,0,37,0,0,34,0,34,6,23,42,0,71,60,0,60,131
12/23/2018,PHF,VA,AEA,EN,Towers with Radar,5,18,20,8,51,0,0,60,0,60,5,18,80,8,111,92,0,92,203
12/24/2018,PHF,VA,AEA,EN,Towers with Radar,4,13,1,0,18,0,0,19,0,19,4,13,20,0,37,48,0,48,85
12/25/2018,PHF,VA,AEA,EN,Towers with Radar,4,10,3,0,17,0,0,2,0,2,4,10,5,0,19,0,0,0,19
12/26/2018,PHF,VA,AEA,EN,Towers with Radar,5,17,22,13,57,0,0,22,6,28,5,17,44,19,85,20,0,20,105
12/27/2018,PHF,VA,AEA,EN,Towers with Radar,5,24,13,22,64,0,0,22,2,24,5,24,35,24,88,4,68,72,160
12/28/2018,PHF,VA,AEA,EN,Towers with Radar,1,11,3,3,18,0,0,0,0,0,1,11,3,3,18,0,0,0,18
12/29/2018,PHF,VA,AEA,EN,Towers with Radar,10,13,20,0,43,0,3,46,0,49,10,16,66,0,92,56,0,56,148
12/30/2018,PHF,VA,AEA,EN,Towers with Radar,5,17,7,0,29,0,0,26,0,26,5,17,33,0,55,52,0,52,107
12/31/2018,PHF,VA,AEA,EN,Towers with Radar,3,13,11,0,27,0,0,12,0,12,3,13,23,0,39,16,0,16,55
01/01/2019,PHF,VA,AEA,EN,Towers with Radar,4,13,9,0,26,0,0,6,0,6,4,13,15,0,32,6,0,6,38
01/02/2019,PHF,VA,AEA,EN,Towers with Radar,5,18,16,24,63,0,0,25,1,26,5,18,41,25,89,24,8,32,121
01/03/2019,PHF,VA,AEA,EN,Towers with Radar,5,15,15,4,39,0,0,0,0,0,5,15,15,4,39,0,0,0,39
01/04/2019,PHF,VA,AEA,EN,Towers with Radar,6,15,10,12,43,0,0,6,2,8,6,15,16,14,51,8,6,14,65
01/05/2019,PHF,VA,AEA,EN,Towers with Radar,4,12,11,4,31,0,0,17,0,17,4,12,28,4,48,16,0,16,64
01/06/2019,PHF,VA,AEA,EN,Towers with Radar,8,10,17,1,36,0,0,68,0,68,8,10,85,1,104,106,0,106,210
01/07/2019,PHF,VA,AEA,EN,Towers with Radar,8,27,31,17,83,0,0,40,2,42,8,27,71,19,125,46,22,68,193
01/08/2019,PHF,VA,AEA,EN,Towers with Radar,8,35,24,29,96,0,2,16,0,18,8,37,40,29,114,16,18,34,148
01/09/2019,PHF,VA,AEA,EN,Towers with Radar,8,44,10,52,114,0,0,16,5,21,8,44,26,57,135,2,44,46,181
01/10/2019,PHF,VA,AEA,EN,Towers with Radar,8,31,22,22,83,0,2,16,9,27,8,33,38,31,110,18,28,46,156
01/11/2019,PHF,VA,AEA,EN,Towers with Radar,8,22,24,53,107,0,0,29,5,34,8,22,53,58,141,40,26,66,207
01/12/2019,PHF,VA,AEA,EN,Towers with Radar,6,10,21,2,39,0,0,16,2,18,6,10,37,4,57,38,0,38,95
01/13/2019,PHF,VA,AEA,EN,Towers with Radar,9,13,3,4,29,0,0,0,0,0,9,13,3,4,29,0,0,0,29
01/14/2019,PHF,VA,AEA,EN,Towers with Radar,9,16,16,19,60,0,0,13,2,15,9,16,29,21,75,52,0,52,127
01/15/2019,PHF,VA,AEA,EN,Towers with Radar,8,15,27,52,102,0,0,42,5,47,8,15,69,57,149,28,42,70,219
01/16/2019,PHF,VA,AEA,EN,Towers with Radar,8,19,30,50,107,0,1,27,5,33,8,20,57,55,140,74,42,116,256
01/17/2019,PHF,VA,AEA,EN,Towers with Radar,24,35,16,58,133,0,0,13,5,18,24,35,29,63,151,26,58,84,235
01/18/2019,PHF,VA,AEA,EN,Towers with Radar,16,23,14,14,67,0,0,46,5,51,16,23,60,19,118,10,42,52,170
01/19/2019,PHF,VA,AEA,EN,Towers with Radar,6,13,14,2,35,0,0,31,0,31,6,13,45,2,66,10,0,10,76
01/20/2019,PHF,VA,AEA,EN,Towers with Radar,6,14,3,0,23,0,0,2,0,2,6,14,5,0,25,6,0,6,31
01/21/2019,PHF,VA,AEA,EN,Towers with Radar,8,14,10,0,32,0,0,1,0,1,8,14,11,0,33,0,0,0,33
01/22/2019,PHF,VA,AEA,EN,Towers with Radar,8,31,11,24,74,0,0,18,1,19,8,31,29,25,93,32,84,116,209
01/23/2019,PHF,VA,AEA,EN,Towers with Radar,8,27,14,37,86,0,0,14,10,24,8,27,28,47,110,6,98,104,214
01/24/2019,PHF,VA,AEA,EN,Towers with Radar,8,24,14,24,70,0,0,2,10,12,8,24,16,34,82,0,60,60,142
01/25/2019,PHF,VA,AEA,EN,Towers with Radar,8,23,27,28,86,0,0,42,5,47,8,23,69,33,133,96,40,136,269
01/26/2019,PHF,VA,AEA,EN,Towers with Radar,6,23,23,2,54,0,0,80,0,80,6,23,103,2,134,78,0,78,212
01/27/2019,PHF,VA,AEA,EN,Towers with Radar,8,20,18,2,48,0,0,39,0,39,8,20,57,2,87,98,0,98,185
01/28/2019,PHF,VA,AEA,EN,Towers with Radar,8,15,18,23,64,0,0,16,4,20,8,15,34,27,84,26,16,42,126
01/29/2019,PHF,VA,AEA,EN,Towers with Radar,8,41,16,29,94,0,0,20,9,29,8,41,36,38,123,34,62,96,219
01/30/2019,PHF,VA,AEA,EN,Towers with Radar,8,27,13,55,103,0,1,10,5,16,8,28,23,60,119,26,80,106,225
01/31/2019,PHF,VA,AEA,EN,Towers with Radar,8,30,24,38,100,0,0,11,8,19,8,30,35,46,119,16,62,78,197
02/01/2019,PHF,VA,AEA,EN,Towers with Radar,8,14,17,40,79,0,0,20,2,22,8,14,37,42,101,40,112,152,253
02/02/2019,PHF,VA,AEA,EN,Towers with Radar,6,15,15,8,44,0,0,75,0,75,6,15,90,8,119,58,0,58,177
02/03/2019,PHF,VA,AEA,EN,Towers with Radar,6,10,21,4,41,0,0,35,0,35,6,10,56,4,76,52,0,52,128
02/04/2019,PHF,VA,AEA,EN,Towers with Radar,14,20,26,11,71,0,0,27,2,29,14,20,53,13,100,8,42,50,150
02/05/2019,PHF,VA,AEA,EN,Towers with Radar,8,16,20,28,72,0,1,26,4,31,8,17,46,32,103,46,54,100,203
02/06/2019,PHF,VA,AEA,EN,Towers with Radar,8,16,24,26,74,0,0,23,9,32,8,16,47,35,106,16,50,66,172
02/07/2019,PHF,VA,AEA,EN,Towers with Radar,8,15,29,21,73,0,0,7,5,12,8,15,36,26,85,24,58,82,167
02/08/2019,PHF,VA,AEA,EN,Towers with Radar,8,17,18,33,76,0,0,9,7,16,8,17,27,40,92,20,98,118,210
02/09/2019,PHF,VA,AEA,EN,Towers with Radar,8,14,16,6,44,0,2,25,8,35,8,16,41,14,79,14,0,14,93
02/10/2019,PHF,VA,AEA,EN,Towers with Radar,8,15,14,6,43,0,0,39,0,39,8,15,53,6,82,78,0,78,160
02/11/2019,PHF,VA,AEA,EN,Towers with Radar,8,21,12,17,58,0,0,0,0,0,8,21,12,17,58,0,0,0,58
02/12/2019,PHF,VA,AEA,EN,Towers with Radar,8,14,10,0,32,0,0,0,0,0,8,14,10,0,32,0,0,0,32
02/13/2019,PHF,VA,AEA,EN,Towers with Radar,8,21,22,35,86,0,1,8,9,18,8,22,30,44,104,12,116,128,232
02/14/2019,PHF,VA,AEA,EN,Towers with Radar,8,29,15,34,86,0,0,36,8,44,8,29,51,42,130,20,110,130,260
02/15/2019,PHF,VA,AEA,EN,Towers with Radar,9,18,20,28,75,0,0,22,10,32,9,18,42,38,107,26,82,108,215
02/16/2019,PHF,VA,AEA,EN,Towers with Radar,5,18,5,13,41,0,0,2,0,2,5,18,7,13,43,4,0,4,47
02/17/2019,PHF,VA,AEA,EN,Towers with Radar,10,14,9,9,42,0,0,31,0,31,10,14,40,9,73,30,0,30,103
02/18/2019,PHF,VA,AEA,EN,Towers with Radar,8,22,29,9,68,0,0,23,3,26,8,22,52,12,94,18,8,26,120
02/19/2019,PHF,VA,AEA,EN,Towers with Radar,8,35,11,56,110,0,1,14,6,21,8,36,25,62,131,4,52,56,187
02/20/2019,PHF,VA,AEA,EN,Towers with Radar,8,29,14,12,63,0,0,1,0,1,8,29,15,12,64,0,0,0,64
02/21/2019,PHF,VA,AEA,EN,Towers with Radar,8,30,19,18,75,0,0,4,2,6,8,30,23,20,81,2,42,44,125
02/22/2019,PHF,VA,AEA,EN,Towers with Radar,8,25,21,34,88,0,0,15,5,20,8,25,36,39,108,30,6,36,144
02/23/2019,PHF,VA,AEA,EN,Towers with Radar,4,14,6,0,24,0,0,0,0,0,4,14,6,0,24,0,0,0,24
02/24/2019,PHF,VA,AEA,EN,Towers with Radar,7,11,5,0,23,0,0,0,0,0,7,11,5,0,23,0,0,0,23
02/25/2019,PHF,VA,AEA,EN,Towers with Radar,11,26,13,14,64,0,0,6,29,35,11,26,19,43,99,4,40,44,143
02/26/2019,PHF,VA,AEA,EN,Towers with Radar,12,22,32,21,87,0,0,56,6,62,12,22,88,27,149,42,100,142,291
02/27/2019,PHF,VA,AEA,EN,Towers with Radar,24,26,23,27,100,0,0,22,25,47,24,26,45,52,147,52,154,206,353
02/28/2019,PHF,VA,AEA,EN,Towers with Radar,8,30,18,31,87,0,1,35,5,41,8,31,53,36,128,20,41,61,189
03/01/2019,PHF,VA,AEA,EN,Towers with Radar,8,24,14,17,63,0,0,0,0,0,8,24,14,17,63,0,0,0,63
03/02/2019,PHF,VA,AEA,EN,Towers with Radar,6,12,31,1,50,0,0,10,0,10,6,12,41,1,60,66,0,66,126
03/03/2019,PHF,VA,AEA,EN,Towers with Radar,8,13,5,11,37,0,0,23,0,23,8,13,28,11,60,90,0,90,150
03/04/2019,PHF,VA,AEA,EN,Towers with Radar,12,15,22,14,63,0,0,19,1,20,12,15,41,15,83,30,8,38,121
03/05/2019,PHF,VA,AEA,EN,Towers with Radar,8,33,23,9,73,0,0,35,8,43,8,33,58,17,116,68,34,102,218
03/06/2019,PHF,VA,AEA,EN,Towers with Radar,7,18,14,32,71,0,0,34,4,38,7,18,48,36,109,32,40,72,181
03/07/2019,PHF,VA,AEA,EN,Towers with Radar,8,23,25,43,99,0,0,29,2,31,8,23,54,45,130,14,36,50,180
03/08/2019,PHF,VA,AEA,EN,Towers with Radar,8,15,23,24,70,0,0,17,0,17,8,15,40,24,87,8,0,8,95
03/09/2019,PHF,VA,AEA,EN,Towers with Radar,6,11,31,0,48,0,0,5,0,5,6,11,36,0,53,14,0,14,67
03/10/2019,PHF,VA,AEA,EN,Towers with Radar,8,13,13,0,34,0,0,0,0,0,8,13,13,0,34,0,0,0,34
03/11/2019,PHF,VA,AEA,EN,Towers with Radar,14,31,26,28,99,0,0,27,1,28,14,31,53,29,127,18,50,68,195
03/12/2019,PHF,VA,AEA,EN,Towers with Radar,8,35,34,7,84,0,0,27,2,29,8,35,61,9,113,30,12,42,155
03/13/2019,PHF,VA,AEA,EN,Towers with Radar,6,43,36,24,109,0,0,37,14,51,6,43,73,38,160,52,86,138,298
03/14/2019,PHF,VA,AEA,EN,Towers with Radar,8,27,17,13,65,0,0,42,3,45,8,27,59,16,110,22,46,68,178
03/15/2019,PHF,VA,AEA,EN,Towers with Radar,10,19,11,11,51,0,0,1,13,14,10,19,12,24,65,0,46,46,111
03/16/2019,PHF,VA,AEA,EN,Towers with Radar,7,11,18,0,36,0,0,45,0,45,7,11,63,0,81,78,0,78,159
03/17/2019,PHF,VA,AEA,EN,Towers with Radar,8,14,11,1,34,0,0,40,3,43,8,14,51,4,77,72,0,72,149
03/18/2019,PHF,VA,AEA,EN,Towers with Radar,8,13,24,46,91,0,0,23,5,28,8,13,47,51,119,32,14,46,165
03/19/2019,PHF,VA,AEA,EN,Towers with Radar,8,17,24,25,74,0,0,25,5,30,8,17,49,30,104,34,64,98,202
03/20/2019,PHF,VA,AEA,EN,Towers with Radar,22,35,18,57,132,0,0,13,6,19,22,35,31,63,151,27,48,75,226
03/21/2019,PHF,VA,AEA,EN,Towers with Radar,8,19,14,20,61,0,0,0,3,3,8,19,14,23,64,0,36,36,100
03/22/2019,PHF,VA,AEA,EN,Towers with Radar,8,17,19,30,74,0,0,4,6,10,8,17,23,36,84,2,26,28,112
03/23/2019,PHF,VA,AEA,EN,Towers with Radar,6,14,21,0,41,0,0,48,0,48,6,14,69,0,89,110,0,110,199
03/24/2019,PHF,VA,AEA,EN,Towers with Radar,8,16,21,0,45,0,0,68,0,68,8,16,89,0,113,154,0,154,267
03/25/2019,PHF,VA,AEA,EN,Towers with Radar,8,16,30,31,85,0,0,8,7,15,8,16,38,38,100,6,38,44,144
03/26/2019,PHF,VA,AEA,EN,Towers with Radar,15,16,16,17,64,0,0,11,6,17,15,16,27,23,81,0,114,114,195
03/27/2019,PHF,VA,AEA,EN,Towers with Radar,18,19,31,23,91,0,0,32,6,38,18,19,63,29,129,30,64,94,223
03/28/2019,PHF,VA,AEA,EN,Towers with Radar,8,30,32,14,84,0,0,39,2,41,8,30,71,16,125,66,60,126,251
03/29/2019,PHF,VA,AEA,EN,Towers with Radar,17,27,36,23,103,0,0,57,4,61,17,27,93,27,164,68,6,74,238
03/30/2019,PHF,VA,AEA,EN,Towers with Radar,6,19,28,2,55,0,0,59,0,59,6,19,87,2,114,114,0,114,228
03/31/2019,PHF,VA,AEA,EN,Towers with Radar,8,14,5,1,28,0,0,9,0,9,8,14,14,1,37,16,0,16,53
04/01/2019,PHF,VA,AEA,EN,Towers with Radar,8,12,24,19,63,0,0,33,2,35,8,12,57,21,98,76,26,102,200
04/02/2019,PHF,VA,AEA,EN,Towers with Radar,8,14,9,28,59,0,0,24,13,37,8,14,33,41,96,41,120,161,257
04/03/2019,PHF,VA,AEA,EN,Towers with Radar,9,24,30,35,98,0,1,50,13,64,9,25,80,48,162,74,146,220,382
04/04/2019,PHF,VA,AEA,EN,Towers with Radar,9,21,33,30,93,0,0,36,1,37,9,21,69,31,130,56,0,56,186
04/05/2019,PHF,VA,AEA,EN,Towers with Radar,9,23,13,27,72,0,0,12,20,32,9,23,25,47,104,16,52,68,172
04/06/2019,PHF,VA,AEA,EN,Towers with Radar,9,12,32,10,63,0,0,12,0,12,9,12,44,10,75,14,0,14,89
04/07/2019,PHF,VA,AEA,EN,Towers with Radar,9,21,20,10,60,0,0,46,4,50,9,21,66,14,110,98,0,98,208
04/08/2019,PHF,VA,AEA,EN,Towers with Radar,9,21,21,10,61,0,0,18,10,28,9,21,39,20,89,6,160,166,255
04/09/2019,PHF,VA,AEA,EN,Towers with Radar,9,11,43,22,85,0,0,18,3,21,9,11,61,25,106,20,68,88,194
04/10/2019,PHF,VA,AEA,EN,Towers with Radar,9,28,39,32,108,0,0,49,4,53,9,28,88,36,161,44,40,84,245
04/11/2019,PHF,VA,AEA,EN,Towers with Radar,13,20,45,39,117,0,0,49,10,59,13,20,94,49,176,70,102,172,348
04/12/2019,PHF,VA,AEA,EN,Towers with Radar,9,13,18,11,51,0,0,10,6,16,9,13,28,17,67,20,110,130,197
04/13/2019,PHF,VA,AEA,EN,Towers with Radar,9,12,14,1,36,0,0,0,0,0,9,12,14,1,36,0,0,0,36
04/14/2019,PHF,VA,AEA,EN,Towers with Radar,9,15,10,2,36,0,0,5,0,5,9,15,15,2,41,18,0,18,59
04/15/2019,PHF,VA,AEA,EN,Towers with Radar,7,22,10,22,61,0,0,3,4,7,7,22,13,26,68,0,64,64,132
04/16/2019,PHF,VA,AEA,EN,Towers with Radar,9,25,32,31,97,0,0,42,5,47,9,25,74,36,144,60,14,74,218
04/17/2019,PHF,VA,AEA,EN,Towers with Radar,9,19,23,16,67,0,0,39,0,39,9,19,62,16,106,30,55,85,191
04/18/2019,PHF,VA,AEA,EN,Towers with Radar,9,24,27,13,73,0,0,18,8,26,9,24,45,21,99,30,52,82,181
04/19/2019,PHF,VA,AEA,EN,Towers with Radar,6,8,8,10,32,0,0,4,2,6,6,8,12,12,38,4,14,18,56
04/20/2019,PHF,VA,AEA,EN,Towers with Radar,9,11,4,0,24,0,0,15,0,15,9,11,19,0,39,14,0,14,53
04/21/2019,PHF,VA,AEA,EN,Towers with Radar,9,19,21,1,50,0,0,34,0,34,9,19,55,1,84,24,0,24,108
04/22/2019,PHF,VA,AEA,EN,Towers with Radar,9,25,22,43,99,0,0,44,10,54,9,25,66,53,153,28,60,88,241
04/23/2019,PHF,VA,AEA,EN,Towers with Radar,9,29,32,30,100,0,0,54,4,58,9,29,86,34,158,26,28,54,212
04/24/2019,PHF,VA,AEA,EN,Towers with Radar,11,39,25,13,88,0,1,46,13,60,11,40,71,26,148,80,160,240,388
04/25/2019,PHF,VA,AEA,EN,Towers with Radar,14,25,23,33,95,0,2,25,22,49,14,27,48,55,144,30,112,142,286
04/26/2019,PHF,VA,AEA,EN,Towers with Radar,9,17,24,10,60,0,0,4,7,11,9,17,28,17,71,0,94,94,165
04/27/2019,PHF,VA,AEA,EN,Towers with Radar,9,23,22,1,55,0,0,23,2,25,9,23,45,3,80,2,0,2,82
04/28/2019,PHF,VA,AEA,EN,Towers with Radar,9,23,13,0,45,0,2,34,0,36,9,25,47,0,81,48,12,60,141
04/29/2019,PHF,VA,AEA,EN,Towers with Radar,9,24,34,36,103,0,0,14,11,25,9,24,48,47,128,56,90,146,274
04/30/2019,PHF,VA,AEA,EN,Towers with Radar,9,28,38,33,108,0,0,45,13,58,9,28,83,46,166,46,56,102,268
05/01/2019,PHF,VA,AEA,EN,Towers with Radar,9,17,36,23,85,0,0,40,5,45,9,17,76,28,130,68,120,188,318
05/02/2019,PHF,VA,AEA,EN,Towers with Radar,9,31,26,9,75,0,0,37,53,90,9,31,63,62,165,48,154,202,367
05/03/2019,PHF,VA,AEA,EN,Towers with Radar,13,41,29,32,115,0,0,33,7,40,13,41,62,39,155,68,0,68,223
05/04/2019,PHF,VA,AEA,EN,Towers with Radar,9,16,20,9,54,0,0,53,3,56,9,16,73,12,110,194,4,198,308
05/05/2019,PHF,VA,AEA,EN,Towers with Radar,12,8,21,0,41,0,0,0,0,0,12,8,21,0,41,0,0,0,41
05/06/2019,PHF,VA,AEA,EN,Towers with Radar,12,14,45,41,112,0,0,22,1,23,12,14,67,42,135,44,38,82,217
05/07/2019,PHF,VA,AEA,EN,Towers with Radar,12,26,25,35,98,0,1,74,12,87,12,27,99,47,185,198,138,336,521
05/08/2019,PHF,VA,AEA,EN,Towers with Radar,20,13,47,31,111,0,0,58,10,68,20,13,105,41,179,102,194,296,475
05/09/2019,PHF,VA,AEA,EN,Towers with Radar,12,19,27,23,81,0,0,33,10,43,12,19,60,33,124,18,84,102,226
05/10/2019,PHF,VA,AEA,EN,Towers with Radar,14,19,28,19,80,0,0,41,1,42,14,19,69,20,122,40,14,54,176
05/11/2019,PHF,VA,AEA,EN,Towers with Radar,5,13,12,4,34,0,0,16,4,20,5,13,28,8,54,62,0,62,116
05/12/2019,PHF,VA,AEA,EN,Towers with Radar,13,14,21,1,49,0,0,1,0,1,13,14,22,1,50,0,0,0,50
05/13/2019,PHF,VA,AEA,EN,Towers with Radar,13,12,32,15,72,0,0,1,0,1,13,12,33,15,73,0,18,18,91
05/14/2019,PHF,VA,AEA,EN,Towers with Radar,12,22,30,21,85,0,2,36,19,57,12,24,66,40,142,26,140,166,308
05/15/2019,PHF,VA,AEA,EN,Towers with Radar,12,22,33,28,95,0,0,79,19,98,12,22,112,47,193,104,146,250,443
05/16/2019,PHF,VA,AEA,EN,Towers with Radar,13,41,27,27,108,0,0,83,22,105,13,41,110,49,213,176,162,338,551
05/17/2019,PHF,VA,AEA,EN,Towers with Radar,13,24,34,15,86,0,0,41,1,42,13,24,75,16,128,0,68,68,196
05/18/2019,PHF,VA,AEA,EN,Towers with Radar,8,15,21,1,45,0,0,49,0,49,8,15,70,1,94,84,0,84,178
05/19/2019,PHF,VA,AEA,EN,Towers with Radar,13,16,19,0,48,0,0,47,2,49,13,16,66,2,97,102,0,102,199
05/20/2019,PHF,VA,AEA,EN,Towers with Radar,12,20,36,40,108,0,2,40,0,42,12,22,76,40,150,34,34,68,218
05/21/2019,PHF,VA,AEA,EN,Towers with Radar,12,19,24,40,95,0,0,56,6,62,12,19,80,46,157,98,76,174,331
05/22/2019,PHF,VA,AEA,EN,Towers with Radar,12,29,23,15,79,0,1,43,16,60,12,30,66,31,139,12,132,144,283
05/23/2019,PHF,VA,AEA,EN,Towers with Radar,12,18,30,23,83,0,0,75,22,97,12,18,105,45,180,124,208,332,512
05/24/2019,PHF,VA,AEA,EN,Towers with Radar,13,21,23,5,62,0,0,57,1,58,13,21,80,6,120,44,0,44,164
05/25/2019,PHF,VA,AEA,EN,Towers with Radar,7,13,21,0,41,0,0,64,1,65,7,13,85,1,106,40,0,40,146
05/26/2019,PHF,VA,AEA,EN,Towers with Radar,10,24,9,1,44,0,1,35,0,36,10,25,44,1,80,32,0,32,112
05/27/2019,PHF,VA,AEA,EN,Towers with Radar,12,21,17,0,50,0,0,59,0,59,12,21,76,0,109,72,0,72,181
05/28/2019,PHF,VA,AEA,EN,Towers with Radar,12,18,13,21,64,0,0,48,3,51,12,18,61,24,115,26,26,52,167
05/29/2019,PHF,VA,AEA,EN,Towers with Radar,12,22,20,28,82,0,0,51,12,63,12,22,71,40,145,56,102,158,303
05/30/2019,PHF,VA,AEA,EN,Towers with Radar,16,22,19,30,87,0,0,51,13,64,16,22,70,43,151,39,64,103,254
05/31/2019,PHF,VA,AEA,EN,Towers with Radar,12,23,33,5,73,0,0,31,0,31,12,23,64,5,104,50,0,50,154
06/01/2019,PHF,VA,AEA,EN,Towers with Radar,8,18,9,3,38,0,0,35,0,35,8,18,44,3,73,54,0,54,127
06/02/2019,PHF,VA,AEA,EN,Towers with Radar,12,15,13,4,44,0,0,31,0,31,12,15,44,4,75,42,0,42,117
06/03/2019,PHF,VA,AEA,EN,Towers with Radar,12,25,24,17,78,0,0,55,10,65,12,25,79,27,143,16,66,82,225
06/04/2019,PHF,VA,AEA,EN,Towers with Radar,12,35,40,16,103,0,0,42,4,46,12,35,82,20,149,54,16,70,219
06/05/2019,PHF,VA,AEA,EN,Towers with Radar,12,28,23,7,70,0,0,14,4,18,12,28,37,11,88,22,72,94,182
06/06/2019,PHF,VA,AEA,EN,Towers with Radar,12,30,23,28,93,0,0,30,16,46,12,30,53,44,139,46,122,168,307
06/07/2019,PHF,VA,AEA,EN,Towers with Radar,12,19,29,27,87,0,0,12,1,13,12,19,41,28,100,34,4,38,138
06/08/2019,PHF,VA,AEA,EN,Towers with Radar,11,14,28,0,53,0,0,1,0,1,11,14,29,0,54,12,0,12,66
06/09/2019,PHF,VA,AEA,EN,Towers with Radar,10,10,16,0,36,0,0,2,2,4,10,10,18,2,40,8,0,8,48
06/10/2019,PHF,VA,AEA,EN,Towers with Radar,12,17,24,5,58,0,0,18,2,20,12,17,42,7,78,6,4,10,88
06/11/2019,PHF,VA,AEA,EN,Towers with Radar,12,20,31,34,97,0,0,33,7,40,12,20,64,41,137,44,44,88,225
06/12/2019,PHF,VA,AEA,EN,Towers with Radar,13,29,23,23,88,0,0,30,6,36,13,29,53,29,124,68,24,92,216
06/13/2019,PHF,VA,AEA,EN,Towers with Radar,12,23,15,34,84,0,0,25,8,33,12,23,40,42,117,28,74,102,219
06/14/2019,PHF,VA,AEA,EN,Towers with Radar,11,13,19,20,63,0,0,67,6,73,11,13,86,26,136,52,46,98,234
06/15/2019,PHF,VA,AEA,EN,Towers with Radar,9,22,13,0,44,0,0,59,1,60,9,22,72,1,104,78,0,78,182
06/16/2019,PHF,VA,AEA,EN,Towers with Radar,11,14,16,0,41,0,0,45,0,45,11,14,61,0,86,60,0,60,146
06/17/2019,PHF,VA,AEA,EN,Towers with Radar,13,15,20,16,64,0,0,27,2,29,13,15,47,18,93,26,16,42,135
06/18/2019,PHF,VA,AEA,EN,Towers with Radar,11,21,12,36,80,0,0,19,6,25,11,21,31,42,105,23,78,101,206
06/19/2019,PHF,VA,AEA,EN,Towers with Radar,11,17,13,37,78,0,0,5,2,7,11,17,18,39,85,12,14,26,111
06/20/2019,PHF,VA,AEA,EN,Towers with Radar,12,27,26,12,77,0,0,20,9,29,12,27,46,21,106,22,38,60,166
06/21/2019,PHF,VA,AEA,EN,Towers with Radar,11,17,42,39,109,0,0,37,7,44,11,17,79,46,153,30,4,34,187
06/22/2019,PHF,VA,AEA,EN,Towers with Radar,9,20,15,15,59,0,0,56,2,58,9,20,71,17,117,28,4,32,149
06/23/2019,PHF,VA,AEA,EN,Towers with Radar,11,17,7,2,37,0,0,57,0,57,11,17,64,2,94,56,0,56,150
06/24/2019,PHF,VA,AEA,EN,Towers with Radar,11,18,15,12,56,0,0,38,14,52,11,18,53,26,108,48,122,170,278
06/25/2019,PHF,VA,AEA,EN,Towers with Radar,12,35,26,26,99,0,0,45,6,51,12,35,71,32,150,92,13,105,255
06/26/2019,PHF,VA,AEA,EN,Towers with Radar,11,37,22,41,111,0,0,48,2,50,11,37,70,43,161,76,54,130,291
06/27/2019,PHF,VA,AEA,EN,Towers with Radar,12,28,23,14,77,0,0,41,2,43,12,28,64,16,120,96,62,158,278
06/28/2019,PHF,VA,AEA,EN,Towers with Radar,13,22,12,2,49,0,0,33,0,33,13,22,45,2,82,68,0,68,150
06/29/2019,PHF,VA,AEA,EN,Towers with Radar,10,17,20,4,51,0,0,56,2,58,10,17,76,6,109,98,4,102,211
06/30/2019,PHF,VA,AEA,EN,Towers with Radar,11,13,11,1,36,0,0,51,0,51,11,13,62,1,87,88,0,88,175
07/01/2019,PHF,VA,AEA,EN,Towers with Radar,20,19,17,8,64,0,0,34,2,36,20,19,51,10,100,78,28,106,206
07/02/2019,PHF,VA,AEA,EN,Towers with Radar,15,18,18,25,76,0,4,45,5,54,15,22,63,30,130,56,160,216,346
07/03/2019,PHF,VA,AEA,EN,Towers with Radar,13,14,16,11,54,0,0,33,3,36,13,14,49,14,90,24,4,28,118
07/04/2019,PHF,VA,AEA,EN,Towers with Radar,14,6,6,0,26,0,0,18,0,18,14,6,24,0,44,36,0,36,80
07/05/2019,PHF,VA,AEA,EN,Towers with Radar,7,15,15,2,39,0,0,36,0,36,7,15,51,2,75,96,0,96,171
07/06/2019,PHF,VA,AEA,EN,Towers with Radar,10,25,33,0,68,0,0,14,0,14,10,25,47,0,82,16,0,16,98
07/07/2019,PHF,VA,AEA,EN,Towers with Radar,11,11,17,9,48,0,0,18,0,18,11,11,35,9,66,46,0,46,112
07/08/2019,PHF,VA,AEA,EN,Towers with Radar,12,16,20,11,59,0,0,11,3,14,12,16,31,14,73,10,0,10,83
07/09/2019,PHF,VA,AEA,EN,Towers with Radar,13,24,23,35,95,0,1,39,1,41,13,25,62,36,136,14,18,32,168
07/10/2019,PHF,VA,AEA,EN,Towers with Radar,20,23,34,8,85,0,0,50,0,50,20,23,84,8,135,52,10,62,197
07/11/2019,PHF,VA,AEA,EN,Towers with Radar,12,12,16,24,64,0,0,41,13,54,12,12,57,37,118,42,48,90,208
07/12/2019,PHF,VA,AEA,EN,Towers with Radar,13,25,28,24,90,0,0,28,1,29,13,25,56,25,119,64,62,126,245
07/13/2019,PHF,VA,AEA,EN,Towers with Radar,9,23,7,9,48,0,0,47,11,58,9,23,54,20,106,98,0,98,204
07/14/2019,PHF,VA,AEA,EN,Towers with Radar,12,15,17,10,54,0,0,36,0,36,12,15,53,10,90,16,0,16,106
07/15/2019,PHF,VA,AEA,EN,Towers with Radar,12,24,17,46,99,0,1,19,7,27,12,25,36,53,126,48,62,110,236
07/16/2019,PHF,VA,AEA,EN,Towers with Radar,12,17,19,16,64,0,0,16,0,16,12,17,35,16,80,42,70,112,192
07/17/2019,PHF,VA,AEA,EN,Towers with Radar,11,20,30,40,101,0,0,35,6,41,11,20,65,46,142,66,144,210,352
07/18/2019,PHF,VA,AEA,EN,Towers with Radar,13,20,33,38,104,0,0,22,8,30,13,20,55,46,134,50,114,164,298
07/19/2019,PHF,VA,AEA,EN,Towers with Radar,11,19,26,11,67,0,0,44,1,45,11,19,70,12,112,56,0,56,168
07/20/2019,PHF,VA,AEA,EN,Towers with Radar,5,20,21,0,46,0,2,36,0,38,5,22,57,0,84,72,0,72,156
07/21/2019,PHF,VA,AEA,EN,Towers with Radar,11,10,9,5,35,0,0,32,0,32,11,10,41,5,67,56,4,60,127
07/22/2019,PHF,VA,AEA,EN,Towers with Radar,11,13,17,29,70,0,0,30,1,31,11,13,47,30,101,58,18,76,177
07/23/2019,PHF,VA,AEA,EN,Towers with Radar,11,15,6,6,38,0,0,1,0,1,11,15,7,6,39,0,0,0,39
07/24/2019,PHF,VA,AEA,EN,Towers with Radar,12,15,26,16,69,0,0,22,9,31,12,15,48,25,100,28,40,68,168
07/25/2019,PHF,VA,AEA,EN,Towers with Radar,14,20,13,33,80,0,0,6,3,9,14,20,19,36,89,0,0,0,89
07/26/2019,PHF,VA,AEA,EN,Towers with Radar,12,25,16,19,72,0,0,44,2,46,12,25,60,21,118,59,22,81,199
07/27/2019,PHF,VA,AEA,EN,Towers with Radar,10,14,19,7,50,0,0,45,4,49,10,14,64,11,99,92,0,92,191
07/28/2019,PHF,VA,AEA,EN,Towers with Radar,12,24,12,19,67,0,0,61,0,61,12,24,73,19,128,70,0,70,198
07/29/2019,PHF,VA,AEA,EN,Towers with Radar,12,25,20,23,80,0,0,14,2,16,12,25,34,25,96,8,16,24,120
07/30/2019,PHF,VA,AEA,EN,Towers with Radar,11,25,26,17,79,0,0,27,3,30,11,25,53,20,109,12,28,40,149
07/31/2019,PHF,VA,AEA,EN,Towers with Radar,33,22,20,18,93,0,0,21,4,25,33,22,41,22,118,14,16,30,148
08/01/2019,PHF,VA,AEA,EN,Towers with Radar,9,27,37,12,85,0,0,30,7,37,9,27,67,19,122,44,18,62,184
08/02/2019,PHF,VA,AEA,EN,Towers with Radar,10,25,29,23,87,0,0,7,2,9,10,25,36,25,96,0,4,4,100
08/03/2019,PHF,VA,AEA,EN,Towers with Radar,9,13,20,0,42,0,0,26,2,28,9,13,46,2,70,44,0,44,114
08/04/2019,PHF,VA,AEA,EN,Towers with Radar,11,9,10,3,33,0,0,35,0,35,11,9,45,3,68,76,0,76,144
08/05/2019,PHF,VA,AEA,EN,Towers with Radar,11,26,20,18,75,0,0,22,0,22,11,26,42,18,97,46,4,50,147
08/06/2019,PHF,VA,AEA,EN,Towers with Radar,11,36,26,19,92,0,0,38,3,41,11,36,64,22,133,32,6,38,171
08/07/2019,PHF,VA,AEA,EN,Towers with Radar,12,18,23,9,62,0,0,32,2,34,12,18,55,11,96,26,0,26,122
08/08/2019,PHF,VA,AEA,EN,Towers with Radar,11,23,27,23,84,0,0,50,2,52,11,23,77,25,136,100,0,100,236
08/09/2019,PHF,VA,AEA,EN,Towers with Radar,11,28,30,5,74,0,0,52,2,54,11,28,82,7,128,60,64,124,252
08/10/2019,PHF,VA,AEA,EN,Towers with Radar,12,14,17,8,51,0,0,53,0,53,12,14,70,8,104,126,0,126,230
08/11/2019,PHF,VA,AEA,EN,Towers with Radar,12,15,10,0,37,0,2,56,0,58,12,17,66,0,95,44,0,44,139
08/12/2019,PHF,VA,AEA,EN,Towers with Radar,12,14,23,32,81,0,1,43,0,44,12,15,66,32,125,72,14,86,211
08/13/2019,PHF,VA,AEA,EN,Towers with Radar,19,12,15,14,60,0,0,31,2,33,19,12,46,16,93,30,64,94,187
08/14/2019,PHF,VA,AEA,EN,Towers with Radar,19,13,25,27,84,0,0,35,6,41,19,13,60,33,125,86,32,118,243
08/15/2019,PHF,VA,AEA,EN,Towers with Radar,12,16,34,20,82,0,0,11,3,14,12,16,45,23,96,2,0,2,98
08/16/2019,PHF,VA,AEA,EN,Towers with Radar,24,16,24,19,83,0,0,23,3,26,24,16,47,22,109,26,28,54,163
08/17/2019,PHF,VA,AEA,EN,Towers with Radar,9,10,28,0,47,0,0,43,4,47,9,10,71,4,94,88,0,88,182
08/18/2019,PHF,VA,AEA,EN,Towers with Radar,12,12,19,0,43,0,0,30,2,32,12,12,49,2,75,30,0,30,105
08/19/2019,PHF,VA,AEA,EN,Towers with Radar,8,17,16,26,67,0,0,55,3,58,8,17,71,29,125,12,28,40,165
08/20/2019,PHF,VA,AEA,EN,Towers with Radar,15,14,19,25,73,0,1,28,8,37,15,15,47,33,110,36,54,90,200
08/21/2019,PHF,VA,AEA,EN,Towers with Radar,13,33,31,19,96,0,0,14,1,15,13,33,45,20,111,22,12,34,145
08/22/2019,PHF,VA,AEA,EN,Towers with Radar,10,19,15,4,48,0,0,48,2,50,10,19,63,6,98,40,44,84,182
08/23/2019,PHF,VA,AEA,EN,Towers with Radar,12,15,23,17,67,0,0,7,4,11,12,15,30,21,78,0,0,0,78
08/24/2019,PHF,VA,AEA,EN,Towers with Radar,9,16,34,0,59,0,0,59,7,66,9,16,93,7,125,86,42,128,253
08/25/2019,PHF,VA,AEA,EN,Towers with Radar,16,16,19,10,61,0,0,25,0,25,16,16,44,10,86,74,0,74,160
08/26/2019,PHF,VA,AEA,EN,Towers with Radar,14,24,27,15,80,0,0,9,1,10,14,24,36,16,90,2,0,2,92
08/27/2019,PHF,VA,AEA,EN,Towers with Radar,10,27,42,28,107,0,1,37,3,41,10,28,79,31,148,30,22,52,200
08/28/2019,PHF,VA,AEA,EN,Towers with Radar,12,17,25,25,79,0,0,24,3,27,12,17,49,28,106,44,14,58,164
08/29/2019,PHF,VA,AEA,EN,Towers with Radar,13,20,27,25,85,0,0,38,3,41,13,20,65,28,126,32,24,56,182
08/30/2019,PHF,VA,AEA,EN,Towers with Radar,20,13,39,5,77,0,0,63,0,63,20,13,102,5,140,62,0,62,202
08/31/2019,PHF,VA,AEA,EN,Towers with Radar,6,12,21,0,39,0,0,56,0,56,6,12,77,0,95,90,0,90,185
09/01/2019,PHF,VA,AEA,EN,Towers with Radar,9,7,22,1,39,0,0,32,0,32,9,7,54,1,71,76,0,76,147
09/02/2019,PHF,VA,AEA,EN,Towers with Radar,15,16,19,0,50,0,0,44,0,44,15,16,63,0,94,88,0,88,182
09/03/2019,PHF,VA,AEA,EN,Towers with Radar,11,15,28,18,72,0,0,53,3,56,11,15,81,21,128,44,54,98,226
09/04/2019,PHF,VA,AEA,EN,Towers with Radar,13,20,23,15,71,0,0,46,0,46,13,20,69,15,117,32,30,62,179
09/05/2019,PHF,VA,AEA,EN,Towers with Radar,13,14,11,0,38,0,0,6,0,6,13,14,17,0,44,14,0,14,58
09/06/2019,PHF,VA,AEA,EN,Towers with Radar,4,2,6,0,12,0,0,0,0,0,4,2,6,0,12,0,0,0,12
09/07/2019,PHF,VA,AEA,EN,Towers with Radar,9,15,12,0,36,1,0,72,5,78,10,15,84,5,114,134,10,144,258
09/08/2019,PHF,VA,AEA,EN,Towers with Radar,13,11,22,2,48,0,0,59,0,59,13,11,81,2,107,114,0,114,221
09/09/2019,PHF,VA,AEA,EN,Towers with Radar,13,21,14,13,61,0,0,14,0,14,13,21,28,13,75,20,8,28,103
09/10/2019,PHF,VA,AEA,EN,Towers with Radar,13,15,33,11,72,0,0,47,0,47,13,15,80,11,119,44,8,52,171
09/11/2019,PHF,VA,AEA,EN,Towers with Radar,12,19,36,44,111,0,0,35,2,37,12,19,71,46,148,42,26,68,216
09/12/2019,PHF,VA,AEA,EN,Towers with Radar,14,23,33,43,113,0,0,44,3,47,14,23,77,46,160,55,56,111,271
09/13/2019,PHF,VA,AEA,EN,Towers with Radar,14,20,37,16,87,0,0,1,2,3,14,20,38,18,90,0,10,10,100
09/14/2019,PHF,VA,AEA,EN,Towers with Radar,10,12,14,2,38,0,0,44,4,48,10,12,58,6,86,94,28,122,208
09/15/2019,PHF,VA,AEA,EN,Towers with Radar,14,17,20,4,55,0,0,26,8,34,14,17,46,12,89,66,104,170,259
09/16/2019,PHF,VA,AEA,EN,Towers with Radar,13,16,13,19,61,0,0,34,0,34,13,16,47,19,95,50,16,66,161
09/17/2019,PHF,VA,AEA,EN,Towers with Radar,15,28,22,28,93,0,0,35,2,37,15,28,57,30,130,36,48,84,214
09/18/2019,PHF,VA,AEA,EN,Towers with Radar,13,15,30,8,66,0,0,30,12,42,13,15,60,20,108,77,66,143,251
09/19/2019,PHF,VA,AEA,EN,Towers with Radar,15,16,34,14,79,0,0,40,5,45,15,16,74,19,124,48,70,118,242
09/20/2019,PHF,VA,AEA,EN,Towers with Radar,13,14,17,9,53,0,2,68,7,77,13,16,85,16,130,120,10,130,260
09/21/2019,PHF,VA,AEA,EN,Towers with Radar,10,11,9,1,31,0,0,63,0,63,10,11,72,1,94,110,0,110,204
09/22/2019,PHF,VA,AEA,EN,Towers with Radar,12,11,7,0,30,0,2,45,0,47,12,13,52,0,77,34,0,34,111
09/23/2019,PHF,VA,AEA,EN,Towers with Radar,11,19,19,24,73,0,0,41,5,46,11,19,60,29,119,46,54,100,219
09/24/2019,PHF,VA,AEA,EN,Towers with Radar,12,16,16,8,52,0,0,39,11,50,12,16,55,19,102,32,101,133,235
09/25/2019,PHF,VA,AEA,EN,Towers with Radar,13,20,35,8,76,0,0,51,6,57,13,20,86,14,133,54,16,70,203
09/26/2019,PHF,VA,AEA,EN,Towers with Radar,14,25,26,26,91,0,0,33,3,36,14,25,59,29,127,42,0,42,169
09/27/2019,PHF,VA,AEA,EN,Towers with Radar,15,20,29,10,74,0,0,61,10,71,15,20,90,20,145,108,4,112,257
09/28/2019,PHF,VA,AEA,EN,Towers with Radar,10,12,10,0,32,0,0,46,5,51,10,12,56,5,83,98,94,192,275
09/29/2019,PHF,VA,AEA,EN,Towers with Radar,12,15,21,2,50,0,0,72,1,73,12,15,93,3,123,94,6,100,223
09/30/2019,PHF,VA,AEA,EN,Towers with Radar,13,19,26,9,67,0,0,24,10,34,13,19,50,19,101,34,82,116,217
10/01/2019,PHF,VA,AEA,EN,Towers with Radar,13,26,17,19,75,0,0,42,1,43,13,26,59,20,118,54,44,98,216
10/02/2019,PHF,VA,AEA,EN,Towers with Radar,12,23,28,31,94,0,0,39,5,44,12,23,67,36,138,38,80,118,256
10/03/2019,PHF,VA,AEA,EN,Towers with Radar,19,43,24,36,122,0,0,39,1,40,19,43,63,37,162,48,2,50,212
10/04/2019,PHF,VA,AEA,EN,Towers with Radar,19,24,24,25,92,0,0,45,7,52,19,24,69,32,144,62,40,102,246
10/05/2019,PHF,VA,AEA,EN,Towers with Radar,8,18,23,8,57,0,1,28,4,33,8,19,51,12,90,52,0,52,142
10/06/2019,PHF,VA,AEA,EN,Towers with Radar,12,18,15,3,48,0,0,33,1,34,12,18,48,4,82,56,0,56,138
10/07/2019,PHF,VA,AEA,EN,Towers with Radar,13,32,15,23,83,0,0,39,3,42,13,32,54,26,125,56,36,92,217
10/08/2019,PHF,VA,AEA,EN,Towers with Radar,13,26,35,21,95,0,0,0,0,0,13,26,35,21,95,2,12,14,109
10/09/2019,PHF,VA,AEA,EN,Towers with Radar,13,24,30,10,77,0,0,12,0,12,13,24,42,10,89,32,0,32,121
10/10/2019,PHF,VA,AEA,EN,Towers with Radar,13,24,23,21,81,0,0,30,1,31,13,24,53,22,112,42,12,54,166
10/11/2019,PHF,VA,AEA,EN,Towers with Radar,13,20,33,28,94,0,0,51,5,56,13,20,84,33,150,46,34,80,230
10/12/2019,PHF,VA,AEA,EN,Towers with Radar,8,20,16,0,44,0,1,53,0,54,8,21,69,0,98,84,0,84,182
10/13/2019,PHF,VA,AEA,EN,Towers with Radar,12,17,20,2,51,0,0,34,0,34,12,17,54,2,85,80,0,80,165
10/14/2019,PHF,VA,AEA,EN,Towers with Radar,13,23,47,4,87,0,2,21,0,23,13,25,68,4,110,16,0,16,126
10/15/2019,PHF,VA,AEA,EN,Towers with Radar,13,23,25,16,77,0,0,28,4,32,13,23,53,20,109,32,14,46,155
10/16/2019,PHF,VA,AEA,EN,Towers with Radar,13,24,19,14,70,0,0,3,0,3,13,24,22,14,73,0,0,0,73
10/17/2019,PHF,VA,AEA,EN,Towers with Radar,14,28,17,44,103,2,1,21,11,35,16,29,38,55,138,6,56,62,200
10/18/2019,PHF,VA,AEA,EN,Towers with Radar,13,23,40,19,95,0,0,62,7,69,13,23,102,26,164,94,14,108,272
10/19/2019,PHF,VA,AEA,EN,Towers with Radar,8,9,24,0,41,0,0,74,0,74,8,9,98,0,115,146,0,146,261
10/20/2019,PHF,VA,AEA,EN,Towers with Radar,14,14,10,1,39,0,0,0,0,0,14,14,10,1,39,0,0,0,39
10/21/2019,PHF,VA,AEA,EN,Towers with Radar,9,20,33,12,74,0,0,0,0,0,9,20,33,12,74,0,0,0,74
10/22/2019,PHF,VA,AEA,EN,Towers with Radar,16,13,24,3,56,0,0,1,0,1,16,13,25,3,57,0,14,14,71
10/23/2019,PHF,VA,AEA,EN,Towers with Radar,13,15,23,17,68,0,2,67,2,71,13,17,90,19,139,80,10,90,229
10/24/2019,PHF,VA,AEA,EN,Towers with Radar,13,25,19,55,112,0,0,46,11,57,13,25,65,66,169,40,72,112,281
10/25/2019,PHF,VA,AEA,EN,Towers with Radar,32,21,21,42,116,0,0,43,11,54,32,21,64,53,170,104,70,174,344
10/26/2019,PHF,VA,AEA,EN,Towers with Radar,9,18,16,18,61,0,1,59,11,71,9,19,75,29,132,48,116,164,296
10/27/2019,PHF,VA,AEA,EN,Towers with Radar,12,16,13,6,47,0,0,3,0,3,12,16,16,6,50,0,0,0,50
10/28/2019,PHF,VA,AEA,EN,Towers with Radar,14,19,17,16,66,0,0,21,2,23,14,19,38,18,89,4,0,4,93
10/29/2019,PHF,VA,AEA,EN,Towers with Radar,13,21,16,31,81,0,0,18,5,23,13,21,34,36,104,36,18,54,158
10/30/2019,PHF,VA,AEA,EN,Towers with Radar,15,23,18,23,79,0,0,28,2,30,15,23,46,25,109,22,32,54,163
10/31/2019,PHF,VA,AEA,EN,Towers with Radar,9,21,17,25,72,0,0,6,8,14,9,21,23,33,86,4,152,156,242
11/01/2019,PHF,VA,AEA,EN,Towers with Radar,11,25,20,29,85,0,0,55,11,66,11,25,75,40,151,116,18,134,285
11/02/2019,PHF,VA,AEA,EN,Towers with Radar,9,12,17,21,59,0,0,74,3,77,9,12,91,24,136,202,0,202,338
11/03/2019,PHF,VA,AEA,EN,Towers with Radar,13,17,11,7,48,0,0,43,0,43,13,17,54,7,91,42,0,42,133
11/04/2019,PHF,VA,AEA,EN,Towers with Radar,13,38,22,23,96,0,0,30,4,34,13,38,52,27,130,28,20,48,178
11/05/2019,PHF,VA,AEA,EN,Towers with Radar,11,37,19,18,85,0,0,16,3,19,11,37,35,21,104,18,0,18,122
11/06/2019,PHF,VA,AEA,EN,Towers with Radar,13,37,34,43,127,0,0,36,5,41,13,37,70,48,168,18,38,56,224
11/07/2019,PHF,VA,AEA,EN,Towers with Radar,13,18,26,34,91,0,0,30,17,47,13,18,56,51,138,12,80,92,230
11/08/2019,PHF,VA,AEA,EN,Towers with Radar,11,21,30,1,63,0,0,27,1,28,11,21,57,2,91,18,0,18,109
11/09/2019,PHF,VA,AEA,EN,Towers with Radar,9,8,21,0,38,0,0,58,0,58,9,8,79,0,96,66,0,66,162
11/10/2019,PHF,VA,AEA,EN,Towers with Radar,13,12,18,0,43,0,0,32,0,32,13,12,50,0,75,22,0,22,97
11/11/2019,PHF,VA,AEA,EN,Towers with Radar,13,22,26,0,61,0,0,45,0,45,13,22,71,0,106,30,0,30,136
11/12/2019,PHF,VA,AEA,EN,Towers with Radar,10,17,6,9,42,0,0,0,0,0,10,17,6,9,42,0,0,0,42
11/13/2019,PHF,VA,AEA,EN,Towers with Radar,9,21,22,25,77,0,0,40,5,45,9,21,62,30,122,51,36,87,209
11/14/2019,PHF,VA,AEA,EN,Towers with Radar,12,13,11,32,68,0,0,38,4,42,12,13,49,36,110,30,18,48,158
11/15/2019,PHF,VA,AEA,EN,Towers with Radar,15,16,17,11,59,0,0,3,0,3,15,16,20,11,62,8,0,8,70
11/16/2019,PHF,VA,AEA,EN,Towers with Radar,8,8,1,4,21,0,0,2,2,4,8,8,3,6,25,0,22,22,47
11/17/2019,PHF,VA,AEA,EN,Towers with Radar,13,16,12,4,45,0,0,0,0,0,13,16,12,4,45,0,0,0,45
11/18/2019,PHF,VA,AEA,EN,Towers with Radar,13,16,25,29,83,0,0,0,2,2,13,16,25,31,85,0,12,12,97
11/19/2019,PHF,VA,AEA,EN,Towers with Radar,9,21,22,22,74,0,0,11,0,11,9,21,33,22,85,14,0,14,99
11/20/2019,PHF,VA,AEA,EN,Towers with Radar,13,28,28,33,102,0,0,40,6,46,13,28,68,39,148,20,8,28,176
11/21/2019,PHF,VA,AEA,EN,Towers with Radar,11,33,30,29,103,0,0,42,1,43,11,33,72,30,146,52,0,52,198
11/22/2019,PHF,VA,AEA,EN,Towers with Radar,12,24,32,8,76,0,0,24,11,35,12,24,56,19,111,18,102,120,231
11/23/2019,PHF,VA,AEA,EN,Towers with Radar,8,16,18,5,47,0,0,21,3,24,8,16,39,8,71,16,12,28,99
11/24/2019,PHF,VA,AEA,EN,Towers with Radar,11,15,17,0,43,0,0,19,0,19,11,15,36,0,62,20,0,20,82
11/25/2019,PHF,VA,AEA,EN,Towers with Radar,11,14,27,33,85,0,0,28,3,31,11,14,55,36,116,64,28,92,208
11/26/2019,PHF,VA,AEA,EN,Towers with Radar,22,26,23,4,75,0,2,43,0,45,22,28,66,4,120,40,20,60,180
11/27/2019,PHF,VA,AEA,EN,Towers with Radar,12,20,14,16,62,0,0,3,0,3,12,20,17,16,65,8,0,8,73
11/28/2019,PHF,VA,AEA,EN,Towers with Radar,5,4,3,0,12,0,1,2,0,3,5,5,5,0,15,0,0,0,15
11/29/2019,PHF,VA,AEA,EN,Towers with Radar,8,9,15,0,32,0,1,56,0,57,8,10,71,0,89,50,0,50,139
11/30/2019,PHF,VA,AEA,EN,Towers with Radar,12,14,20,0,46,0,0,35,0,35,12,14,55,0,81,56,0,56,137
12/01/2019,PHF,VA,AEA,EN,Towers with Radar,10,20,7,0,37,0,0,1,0,1,10,20,8,0,38,0,0,0,38
12/02/2019,PHF,VA,AEA,EN,Towers with Radar,11,20,24,2,57,0,0,13,0,13,11,20,37,2,70,24,0,24,94
12/03/2019,PHF,VA,AEA,EN,Towers with Radar,11,16,24,16,67,0,0,16,3,19,11,16,40,19,86,14,4,18,104
12/04/2019,PHF,VA,AEA,EN,Towers with Radar,16,25,20,21,82,0,0,25,1,26,16,25,45,22,108,40,40,80,188
12/05/2019,PHF,VA,AEA,EN,Towers with Radar,14,15,21,17,67,0,0,26,7,33,14,15,47,24,100,6,6,12,112
12/06/2019,PHF,VA,AEA,EN,Towers with Radar,13,33,33,18,97,0,1,50,8,59,13,34,83,26,156,82,72,154,310
12/07/2019,PHF,VA,AEA,EN,Towers with Radar,8,17,17,13,55,0,0,31,6,37,8,17,48,19,92,47,66,113,205
12/08/2019,PHF,VA,AEA,EN,Towers with Radar,14,11,27,0,52,0,0,51,0,51,14,11,78,0,103,50,0,50,153
12/09/2019,PHF,VA,AEA,EN,Towers with Radar,16,46,16,3,81,0,0,2,0,2,16,46,18,3,83,0,0,0,83
12/10/2019,PHF,VA,AEA,EN,Towers with Radar,11,29,31,46,117,0,0,8,6,14,11,29,39,52,131,8,74,82,213
12/11/2019,PHF,VA,AEA,EN,Towers with Radar,13,35,19,20,87,0,0,35,4,39,13,35,54,24,126,62,30,92,218
12/12/2019,PHF,VA,AEA,EN,Towers with Radar,13,37,21,15,86,0,0,45,6,51,13,37,66,21,137,80,24,104,241
12/13/2019,PHF,VA,AEA,EN,Towers with Radar,13,18,19,2,52,0,0,2,0,2,13,18,21,2,54,4,0,4,58
12/14/2019,PHF,VA,AEA,EN,Towers with Radar,8,10,15,1,34,0,0,2,0,2,8,10,17,1,36,0,0,0,36
12/15/2019,PHF,VA,AEA,EN,Towers with Radar,14,11,11,6,42,0,0,60,2,62,14,11,71,8,104,56,0,56,160
12/16/2019,PHF,VA,AEA,EN,Towers with Radar,16,15,28,28,87,0,0,28,2,30,16,15,56,30,117,74,14,88,205
12/17/2019,PHF,VA,AEA,EN,Towers with Radar,10,15,18,20,63,0,0,0,2,2,10,15,18,22,65,0,10,10,75
12/18/2019,PHF,VA,AEA,EN,Towers with Radar,9,20,41,17,87,0,0,29,7,36,9,20,70,24,123,36,60,96,219
12/19/2019,PHF,VA,AEA,EN,Towers with Radar,19,23,26,12,80,0,0,46,2,48,19,23,72,14,128,38,10,48,176
12/20/2019,PHF,VA,AEA,EN,Towers with Radar,18,19,22,16,75,0,0,52,4,56,18,19,74,20,131,88,28,116,247
12/21/2019,PHF,VA,AEA,EN,Towers with Radar,10,18,21,1,50,0,0,60,0,60,10,18,81,1,110,76,0,76,186
12/22/2019,PHF,VA,AEA,EN,Towers with Radar,8,15,16,0,39,0,0,36,0,36,8,15,52,0,75,44,0,44,119
12/23/2019,PHF,VA,AEA,EN,Towers with Radar,7,20,6,5,38,0,0,15,1,16,7,20,21,6,54,17,0,17,71
12/24/2019,PHF,VA,AEA,EN,Towers with Radar,6,16,2,0,24,0,0,13,25,38,6,16,15,25,62,24,62,86,148
12/25/2019,PHF,VA,AEA,EN,Towers with Radar,6,11,5,0,22,0,0,11,0,11,6,11,16,0,33,2,0,2,35
12/26/2019,PHF,VA,AEA,EN,Towers with Radar,9,18,20,0,47,0,0,30,0,30,9,18,50,0,77,24,0,24,101
12/27/2019,PHF,VA,AEA,EN,Towers with Radar,13,13,15,2,43,0,0,26,2,28,13,13,41,4,71,34,28,62,133
12/28/2019,PHF,VA,AEA,EN,Towers with Radar,9,17,14,0,40,0,0,48,2,50,9,17,62,2,90,32,0,32,122
12/29/2019,PHF,VA,AEA,EN,Towers with Radar,10,14,15,0,39,0,0,0,0,0,10,14,15,0,39,0,0,0,39
12/30/2019,PHF,VA,AEA,EN,Towers with Radar,20,15,15,36,86,0,0,13,12,25,20,15,28,48,111,24,36,60,171
12/31/2019,PHF,VA,AEA,EN,Towers with Radar,6,13,12,4,35,0,0,24,0,24,6,13,36,4,59,28,0,28,87
01/01/2020,PHF,VA,AEA,EN,Towers with Radar,7,12,6,0,25,0,0,26,0,26,7,12,32,0,51,40,0,40,91
01/02/2020,PHF,VA,AEA,EN,Towers with Radar,8,12,18,15,53,0,0,33,9,42,8,12,51,24,95,26,0,26,121
01/03/2020,PHF,VA,AEA,EN,Towers with Radar,9,28,17,14,68,0,0,3,4,7,9,28,20,18,75,6,30,36,111
01/04/2020,PHF,VA,AEA,EN,Towers with Radar,4,18,12,0,34,0,0,3,0,3,4,18,15,0,37,12,0,12,49
01/05/2020,PHF,VA,AEA,EN,Towers with Radar,10,14,12,0,36,0,0,34,0,34,10,14,46,0,70,26,0,26,96
01/06/2020,PHF,VA,AEA,EN,Towers with Radar,8,37,23,18,86,0,0,39,5,44,8,37,62,23,130,60,88,148,278
01/07/2020,PHF,VA,AEA,EN,Towers with Radar,10,29,12,15,66,0,0,5,3,8,10,29,17,18,74,2,16,18,92
01/08/2020,PHF,VA,AEA,EN,Towers with Radar,10,21,19,19,69,0,0,6,7,13,10,21,25,26,82,0,8,8,90
01/09/2020,PHF,VA,AEA,EN,Towers with Radar,10,34,26,4,74,0,1,46,8,55,10,35,72,12,129,24,24,48,177
01/10/2020,PHF,VA,AEA,EN,Towers with Radar,26,30,16,10,82,0,0,36,0,36,26,30,52,10,118,42,10,52,170
01/11/2020,PHF,VA,AEA,EN,Towers with Radar,7,12,8,8,35,0,0,42,2,44,7,12,50,10,79,40,0,40,119
01/12/2020,PHF,VA,AEA,EN,Towers with Radar,10,19,17,0,46,0,0,17,0,17,10,19,34,0,63,2,0,2,65
01/13/2020,PHF,VA,AEA,EN,Towers with Radar,11,13,18,10,52,0,0,0,0,0,11,13,18,10,52,0,0,0,52
01/14/2020,PHF,VA,AEA,EN,Towers with Radar,9,14,15,14,52,0,0,0,0,0,9,14,15,14,52,0,0,0,52
01/15/2020,PHF,VA,AEA,EN,Towers with Radar,11,16,20,20,67,0,0,33,15,48,11,16,53,35,115,54,76,130,245
01/16/2020,PHF,VA,AEA,EN,Towers with Radar,16,23,19,27,85,0,0,12,9,21,16,23,31,36,106,4,48,52,158
01/17/2020,PHF,VA,AEA,EN,Towers with Radar,10,14,19,9,52,0,2,29,1,32,10,16,48,10,84,38,6,44,128
01/18/2020,PHF,VA,AEA,EN,Towers with Radar,5,10,14,0,29,0,0,42,0,42,5,10,56,0,71,70,0,70,141
01/19/2020,PHF,VA,AEA,EN,Towers with Radar,8,7,14,2,31,0,0,33,0,33,8,7,47,2,64,10,0,10,74
01/20/2020,PHF,VA,AEA,EN,Towers with Radar,10,12,12,0,34,0,0,13,0,13,10,12,25,0,47,10,0,10,57
01/21/2020,PHF,VA,AEA,EN,Towers with Radar,8,18,27,9,62,0,0,32,0,32,8,18,59,9,94,18,16,34,128
01/22/2020,PHF,VA,AEA,EN,Towers with Radar,9,29,23,31,92,0,0,29,5,34,9,29,52,36,126,52,14,66,192
01/23/2020,PHF,VA,AEA,EN,Towers with Radar,10,34,18,26,88,0,1,14,7,22,10,35,32,33,110,38,12,50,160
01/24/2020,PHF,VA,AEA,EN,Towers with Radar,10,23,23,0,56,0,0,10,0,10,10,23,33,0,66,20,30,50,116
01/25/2020,PHF,VA,AEA,EN,Towers with Radar,8,13,10,6,37,0,0,15,6,21,8,13,25,12,58,36,64,100,158
01/26/2020,PHF,VA,AEA,EN,Towers with Radar,11,13,12,1,37,0,0,31,0,31,11,13,43,1,68,46,0,46,114
01/27/2020,PHF,VA,AEA,EN,Towers with Radar,9,14,13,21,57,0,0,25,7,32,9,14,38,28,89,14,28,42,131
01/28/2020,PHF,VA,AEA,EN,Towers with Radar,10,18,16,15,59,0,0,11,3,14,10,18,27,18,73,6,22,28,101
01/29/2020,PHF,VA,AEA,EN,Towers with Radar,10,16,17,6,49,0,0,32,7,39,10,16,49,13,88,40,72,112,200
01/30/2020,PHF,VA,AEA,EN,Towers with Radar,10,20,40,8,78,0,0,31,4,35,10,20,71,12,113,71,48,119,232
01/31/2020,PHF,VA,AEA,EN,Towers with Radar,10,22,19,18,69,0,0,29,2,31,10,22,48,20,100,52,16,68,168
02/01/2020,PHF,VA,AEA,EN,Towers with Radar,8,21,27,0,56,0,0,7,0,7,8,21,34,0,63,28,0,28,91
02/02/2020,PHF,VA,AEA,EN,Towers with Radar,8,14,11,6,39,0,4,30,0,34,8,18,41,6,73,14,0,14,87
02/03/2020,PHF,VA,AEA,EN,Towers with Radar,11,16,22,16,65,0,0,32,3,35,11,16,54,19,100,62,20,82,182
02/04/2020,PHF,VA,AEA,EN,Towers with Radar,8,23,16,30,77,0,0,22,12,34,8,23,38,42,111,36,90,126,237
02/05/2020,PHF,VA,AEA,EN,Towers with Radar,12,16,22,13,63,0,0,1,2,3,12,16,23,15,66,0,4,4,70
02/06/2020,PHF,VA,AEA,EN,Towers with Radar,6,10,3,0,19,0,0,0,0,0,6,10,3,0,19,0,0,0,19
02/07/2020,PHF,VA,AEA,EN,Towers with Radar,12,22,11,4,49,0,2,2,3,7,12,24,13,7,56,0,188,188,244
02/08/2020,PHF,VA,AEA,EN,Towers with Radar,9,16,36,3,64,0,0,71,18,89,9,16,107,21,153,116,132,248,401
02/09/2020,PHF,VA,AEA,EN,Towers with Radar,10,22,20,15,67,0,0,32,0,32,10,22,52,15,99,26,0,26,125
02/10/2020,PHF,VA,AEA,EN,Towers with Radar,10,26,22,29,87,0,0,41,13,54,10,26,63,42,141,94,92,186,327
02/11/2020,PHF,VA,AEA,EN,Towers with Radar,8,23,15,11,57,0,0,0,0,0,8,23,15,11,57,0,0,0,57
02/12/2020,PHF,VA,AEA,EN,Towers with Radar,10,23,21,22,76,0,0,31,4,35,10,23,52,26,111,42,88,130,241
02/13/2020,PHF,VA,AEA,EN,Towers with Radar,7,20,16,7,50,0,0,0,0,0,7,20,16,7,50,0,0,0,50
02/14/2020,PHF,VA,AEA,EN,Towers with Radar,11,25,14,12,62,0,0,29,22,51,11,25,43,34,113,96,24,120,233
02/15/2020,PHF,VA,AEA,EN,Towers with Radar,7,13,15,0,35,0,0,51,0,51,7,13,66,0,86,72,0,72,158
02/16/2020,PHF,VA,AEA,EN,Towers with Radar,9,9,32,0,50,0,1,38,0,39,9,10,70,0,89,24,0,24,113
02/17/2020,PHF,VA,AEA,EN,Towers with Radar,11,16,20,1,48,0,0,60,2,62,11,16,80,3,110,62,0,62,172
02/18/2020,PHF,VA,AEA,EN,Towers with Radar,18,21,13,32,84,0,4,13,3,20,18,25,26,35,104,38,20,58,162
02/19/2020,PHF,VA,AEA,EN,Towers with Radar,10,26,24,9,69,0,0,37,15,52,10,26,61,24,121,56,55,111,232
02/20/2020,PHF,VA,AEA,EN,Towers with Radar,9,20,19,1,49,0,0,19,5,24,9,20,38,6,73,30,42,72,145
02/21/2020,PHF,VA,AEA,EN,Towers with Radar,11,14,20,6,51,0,0,12,1,13,11,14,32,7,64,10,0,10,74
02/22/2020,PHF,VA,AEA,EN,Towers with Radar,8,13,25,3,49,0,0,65,0,65,8,13,90,3,114,154,0,154,268
02/23/2020,PHF,VA,AEA,EN,Towers with Radar,10,19,7,7,43,0,0,72,0,72,10,19,79,7,115,82,0,82,197
02/24/2020,PHF,VA,AEA,EN,Towers with Radar,12,17,22,22,73,0,0,29,18,47,12,17,51,40,120,69,102,171,291
02/25/2020,PHF,VA,AEA,EN,Towers with Radar,12,19,20,6,57,0,0,0,2,2,12,19,20,8,59,0,2,2,61
02/26/2020,PHF,VA,AEA,EN,Towers with Radar,18,14,12,10,54,0,0,0,0,0,18,14,12,10,54,0,0,0,54
02/27/2020,PHF,VA,AEA,EN,Towers with Radar,10,21,15,33,79,0,0,12,25,37,10,21,27,58,116,16,52,68,184
02/28/2020,PHF,VA,AEA,EN,Towers with Radar,16,18,19,36,89,0,0,29,12,41,16,18,48,48,130,8,106,114,244
02/29/2020,PHF,VA,AEA,EN,Towers with Radar,9,11,21,2,43,0,1,49,9,59,9,12,70,11,102,3,38,41,143
03/01/2020,PHF,VA,AEA,EN,Towers with Radar,12,17,32,0,61,0,2,79,0,81,12,19,111,0,142,100,0,100,242
03/02/2020,PHF,VA,AEA,EN,Towers with Radar,10,18,31,28,87,0,0,11,14,25,10,18,42,42,112,6,132,138,250
03/03/2020,PHF,VA,AEA,EN,Towers with Radar,10,17,35,28,90,0,0,16,21,37,10,17,51,49,127,12,140,152,279
03/04/2020,PHF,VA,AEA,EN,Towers with Radar,17,20,20,45,102,0,0,26,16,42,17,20,46,61,144,34,110,144,288
03/05/2020,PHF,VA,AEA,EN,Towers with Radar,24,13,17,39,93,0,0,35,7,42,24,13,52,46,135,12,26,38,173
03/06/2020,PHF,VA,AEA,EN,Towers with Radar,12,11,26,4,53,0,0,5,2,7,12,11,31,6,60,4,42,46,106
03/07/2020,PHF,VA,AEA,EN,Towers with Radar,10,11,8,0,29,0,0,11,0,11,10,11,19,0,40,0,0,0,40
03/08/2020,PHF,VA,AEA,EN,Towers with Radar,13,8,23,2,46,0,0,31,0,31,13,8,54,2,77,38,0,38,115
03/09/2020,PHF,VA,AEA,EN,Towers with Radar,12,20,22,18,72,0,0,37,12,49,12,20,59,30,121,62,82,144,265
03/10/2020,PHF,VA,AEA,EN,Towers with Radar,10,12,14,34,70,0,0,13,6,19,10,12,27,40,89,4,58,62,151
03/11/2020,PHF,VA,AEA,EN,Towers with Radar,12,16,30,17,75,0,1,57,17,75,12,17,87,34,150,106,70,176,326
03/12/2020,PHF,VA,AEA,EN,Towers with Radar,11,9,31,22,73,0,0,20,8,28,11,9,51,30,101,12,92,104,205
03/13/2020,PHF,VA,AEA,EN,Towers with Radar,12,9,13,24,58,0,0,19,4,23,12,9,32,28,81,4,0,4,85
03/14/2020,PHF,VA,AEA,EN,Towers with Radar,10,11,27,0,48,0,0,54,0,54,10,11,81,0,102,74,0,74,176
03/15/2020,PHF,VA,AEA,EN,Towers with Radar,13,8,2,2,25,0,0,3,0,3,13,8,5,2,28,12,0,12,40
03/16/2020,PHF,VA,AEA,EN,Towers with Radar,12,8,16,20,56,0,0,8,7,15,12,8,24,27,71,0,64,64,135
03/17/2020,PHF,VA,AEA,EN,Towers with Radar,10,16,11,36,73,0,0,56,68,124,10,16,67,104,197,26,172,198,395
03/18/2020,PHF,VA,AEA,EN,Towers with Radar,12,16,10,22,60,0,1,44,2,47,12,17,54,24,107,66,88,154,261
03/19/2020,PHF,VA,AEA,EN,Towers with Radar,12,9,17,41,79,0,0,15,13,28,12,9,32,54,107,8,70,78,185
03/20/2020,PHF,VA,AEA,EN,Towers with Radar,12,8,16,1,37,0,0,13,12,25,12,8,29,13,62,22,204,226,288
03/21/2020,PHF,VA,AEA,EN,Towers with Radar,10,12,28,0,50,0,0,0,23,23,10,12,28,23,73,0,94,94,167
03/22/2020,PHF,VA,AEA,EN,Towers with Radar,11,7,13,0,31,0,2,20,0,22,11,9,33,0,53,32,0,32,85
03/23/2020,PHF,VA,AEA,EN,Towers with Radar,7,0,6,8,21,0,0,0,0,0,7,0,6,8,21,0,0,0,21
03/24/2020,PHF,VA,AEA,EN,Towers with Radar,5,7,5,33,50,0,1,26,1,28,5,8,31,34,78,16,6,22,100
03/25/2020,PHF,VA,AEA,EN,Towers with Radar,5,4,3,8,20,0,0,0,0,0,5,4,3,8,20,0,0,0,20
03/26/2020,PHF,VA,AEA,EN,Towers with Radar,33,5,29,17,84,0,0,29,7,36,33,5,58,24,120,20,52,72,192
03/27/2020,PHF,VA,AEA,EN,Towers with Radar,6,3,18,22,49,0,0,10,3,13,6,3,28,25,62,12,64,76,138
03/28/2020,PHF,VA,AEA,EN,Towers with Radar,5,11,16,9,41,0,0,3,4,7,5,11,19,13,48,0,44,44,92
03/29/2020,PHF,VA,AEA,EN,Towers with Radar,11,14,1,1,27,0,0,15,0,15,11,14,16,1,42,14,0,14,56
03/30/2020,PHF,VA,AEA,EN,Towers with Radar,6,6,27,11,50,0,0,12,2,14,6,6,39,13,64,16,12,28,92
03/31/2020,PHF,VA,AEA,EN,Towers with Radar,6,5,5,19,35,0,0,5,0,5,6,5,10,19,40,8,26,34,74
04/01/2020,PHF,VA,AEA,EN,Towers with Radar,5,0,3,15,23,0,0,9,6,15,5,0,12,21,38,10,48,58,96
04/02/2020,PHF,VA,AEA,EN,Towers with Radar,4,0,10,6,20,0,0,14,11,25,4,0,24,17,45,2,56,58,103
04/03/2020,PHF,VA,AEA,EN,Towers with Radar,4,1,11,6,22,0,0,0,2,2,4,1,11,8,24,0,4,4,28
04/04/2020,PHF,VA,AEA,EN,Towers with Radar,5,2,21,0,28,0,0,32,14,46,5,2,53,14,74,20,70,90,164
04/05/2020,PHF,VA,AEA,EN,Towers with Radar,7,0,7,4,18,0,0,34,0,34,7,0,41,4,52,32,0,32,84
04/06/2020,PHF,VA,AEA,EN,Towers with Radar,5,2,8,2,17,0,0,25,0,25,5,2,33,2,42,38,0,38,80
04/07/2020,PHF,VA,AEA,EN,Towers with Radar,4,8,12,11,35,0,0,16,2,18,4,8,28,13,53,30,32,62,115
04/08/2020,PHF,VA,AEA,EN,Towers with Radar,6,13,7,25,51,0,1,19,9,29,6,14,26,34,80,28,34,62,142
04/09/2020,PHF,VA,AEA,EN,Towers with Radar,4,10,7,28,49,0,0,3,12,15,4,10,10,40,64,6,108,114,178
04/10/2020,PHF,VA,AEA,EN,Towers with Radar,4,6,3,20,33,0,0,0,1,1,4,6,3,21,34,0,0,0,34
04/11/2020,PHF,VA,AEA,EN,Towers with Radar,2,4,18,0,24,0,0,49,0,49,2,4,67,0,73,42,0,42,115
04/12/2020,PHF,VA,AEA,EN,Towers with Radar,5,2,1,0,8,0,0,14,3,17,5,2,15,3,25,18,12,30,55
04/13/2020,PHF,VA,AEA,EN,Towers with Radar,4,2,2,0,8,0,0,0,0,0,4,2,2,0,8,0,0,0,8
04/14/2020,PHF,VA,AEA,EN,Towers with Radar,4,27,15,33,79,0,0,15,3,18,4,27,30,36,97,0,0,0,97
04/15/2020,PHF,VA,AEA,EN,Towers with Radar,4,17,8,51,80,0,0,35,3,38,4,17,43,54,118,12,30,42,160
04/16/2020,PHF,VA,AEA,EN,Towers with Radar,4,21,9,21,55,0,0,47,5,52,4,21,56,26,107,48,32,80,187
04/17/2020,PHF,VA,AEA,EN,Towers with Radar,4,5,12,5,26,0,1,39,4,44,4,6,51,9,70,64,36,100,170
04/18/2020,PHF,VA,AEA,EN,Towers with Radar,2,1,1,19,23,0,0,5,15,20,2,1,6,34,43,0,82,82,125
04/19/2020,PHF,VA,AEA,EN,Towers with Radar,4,0,10,0,14,0,0,37,0,37,4,0,47,0,51,58,0,58,109
04/20/2020,PHF,VA,AEA,EN,Towers with Radar,4,2,5,10,21,0,0,6,1,7,4,2,11,11,28,4,4,8,36
04/21/2020,PHF,VA,AEA,EN,Towers with Radar,4,2,14,26,46,0,0,25,20,45,4,2,39,46,91,4,70,74,165
04/22/2020,PHF,VA,AEA,EN,Towers with Radar,18,11,19,38,86,0,0,37,3,40,18,11,56,41,126,28,16,44,170
04/23/2020,PHF,VA,AEA,EN,Towers with Radar,11,2,16,41,70,0,0,6,10,16,11,2,22,51,86,0,146,146,232
04/24/2020,PHF,VA,AEA,EN,Towers with Radar,6,2,7,49,64,0,0,4,11,15,6,2,11,60,79,4,148,152,231
04/25/2020,PHF,VA,AEA,EN,Towers with Radar,2,0,21,11,34,0,0,10,22,32,2,0,31,33,66,16,166,182,248
04/26/2020,PHF,VA,AEA,EN,Towers with Radar,4,0,4,0,8,0,0,12,2,14,4,0,16,2,22,20,14,34,56
04/27/2020,PHF,VA,AEA,EN,Towers with Radar,4,7,7,13,31,0,0,3,5,8,4,7,10,18,39,4,18,22,61
04/28/2020,PHF,VA,AEA,EN,Towers with Radar,4,9,24,17,54,0,0,37,8,45,4,9,61,25,99,34,14,48,147
04/29/2020,PHF,VA,AEA,EN,Towers with Radar,4,14,9,42,69,0,0,17,16,33,4,14,26,58,102,28,202,230,332
04/30/2020,PHF,VA,AEA,EN,Towers with Radar,5,0,4,10,19,0,0,1,1,2,5,0,5,11,21,0,0,0,21
05/01/2020,PHF,VA,AEA,EN,Towers with Radar,6,7,18,6,37,0,0,17,14,31,6,7,35,20,68,4,14,18,86
05/02/2020,PHF,VA,AEA,EN,Towers with Radar,2,4,8,5,19,0,0,38,23,61,2,4,46,28,80,18,86,104,184
05/03/2020,PHF,VA,AEA,EN,Towers with Radar,5,5,17,2,29,0,0,13,0,13,5,5,30,2,42,13,0,13,55
05/04/2020,PHF,VA,AEA,EN,Towers with Radar,4,2,15,15,36,0,0,6,0,6,4,2,21,15,42,6,0,6,48
05/05/2020,PHF,VA,AEA,EN,Towers with Radar,4,12,13,13,42,0,0,6,5,11,4,12,19,18,53,30,24,54,107
05/06/2020,PHF,VA,AEA,EN,Towers with Radar,6,14,10,13,43,0,0,1,1,2,6,14,11,14,45,0,0,0,45
05/07/2020,PHF,VA,AEA,EN,Towers with Radar,6,16,19,34,75,0,5,10,2,17,6,21,29,36,92,16,6,22,114
05/08/2020,PHF,VA,AEA,EN,Towers with Radar,9,8,12,28,57,0,0,9,1,10,9,8,21,29,67,6,26,32,99
05/09/2020,PHF,VA,AEA,EN,Towers with Radar,7,2,2,0,11,0,0,9,0,9,7,2,11,0,20,4,0,4,24
05/10/2020,PHF,VA,AEA,EN,Towers with Radar,6,5,10,0,21,0,0,7,0,7,6,5,17,0,28,18,0,18,46
05/11/2020,PHF,VA,AEA,EN,Towers with Radar,4,10,12,43,69,0,0,5,0,5,4,10,17,43,74,12,8,20,94
05/12/2020,PHF,VA,AEA,EN,Towers with Radar,6,9,19,27,61,0,3,15,3,21,6,12,34,30,82,18,8,26,108
05/13/2020,PHF,VA,AEA,EN,Towers with Radar,5,12,20,29,66,0,0,29,0,29,5,12,49,29,95,22,0,22,117
05/14/2020,PHF,VA,AEA,EN,Towers with Radar,5,7,14,29,55,0,0,23,2,25,5,7,37,31,80,14,0,14,94
05/15/2020,PHF,VA,AEA,EN,Towers with Radar,6,7,9,9,31,0,0,30,3,33,6,7,39,12,64,12,0,12,76
05/16/2020,PHF,VA,AEA,EN,Towers with Radar,4,8,27,4,43,0,0,49,8,57,4,8,76,12,100,24,0,24,124
05/17/2020,PHF,VA,AEA,EN,Towers with Radar,4,6,19,2,31,0,0,6,1,7,4,6,25,3,38,4,0,4,42
05/18/2020,PHF,VA,AEA,EN,Towers with Radar,4,5,2,2,13,0,0,0,0,0,4,5,2,2,13,0,0,0,13
05/19/2020,PHF,VA,AEA,EN,Towers with Radar,4,4,2,25,35,0,0,6,4,10,4,4,8,29,45,0,12,12,57
05/20/2020,PHF,VA,AEA,EN,Towers with Radar,4,6,5,8,23,0,0,0,2,2,4,6,5,10,25,0,24,24,49
05/21/2020,PHF,VA,AEA,EN,Towers with Radar,4,15,21,14,54,0,0,0,3,3,4,15,21,17,57,0,28,28,85
05/22/2020,PHF,VA,AEA,EN,Towers with Radar,4,6,15,4,29,0,0,4,0,4,4,6,19,4,33,8,0,8,41
05/23/2020,PHF,VA,AEA,EN,Towers with Radar,4,2,16,0,22,0,0,11,0,11,4,2,27,0,33,14,0,14,47
05/24/2020,PHF,VA,AEA,EN,Towers with Radar,4,6,10,0,20,0,0,0,0,0,4,6,10,0,20,0,0,0,20
05/25/2020,PHF,VA,AEA,EN,Towers with Radar,4,7,26,11,48,0,0,3,2,5,4,7,29,13,53,8,6,14,67
05/26/2020,PHF,VA,AEA,EN,Towers with Radar,4,15,29,10,58,0,0,2,1,3,4,15,31,11,61,8,0,8,69
05/27/2020,PHF,VA,AEA,EN,Towers with Radar,4,18,14,7,43,0,0,1,0,1,4,18,15,7,44,0,0,0,44
05/28/2020,PHF,VA,AEA,EN,Towers with Radar,3,11,6,7,27,0,0,0,4,4,3,11,6,11,31,0,10,10,41
05/29/2020,PHF,VA,AEA,EN,Towers with Radar,4,26,11,20,61,0,0,2,3,5,4,26,13,23,66,2,20,22,88
05/30/2020,PHF,VA,AEA,EN,Towers with Radar,3,14,36,0,53,0,0,3,0,3,3,14,39,0,56,0,0,0,56
05/31/2020,PHF,VA,AEA,EN,Towers with Radar,4,4,7,0,15,0,0,39,0,39,4,4,46,0,54,36,0,36,90
06/01/2020,PHF,VA,AEA,EN,Towers with Radar,4,16,18,44,82,0,0,15,9,24,4,16,33,53,106,16,12,28,134
06/02/2020,PHF,VA,AEA,EN,Towers with Radar,0,21,21,8,50,1,0,20,0,21,1,21,41,8,71,24,0,24,95
06/03/2020,PHF,VA,AEA,EN,Towers with Radar,4,14,19,47,84,0,0,19,6,25,4,14,38,53,109,42,0,42,151
06/04/2020,PHF,VA,AEA,EN,Towers with Radar,3,9,10,16,38,0,1,27,4,32,3,10,37,20,70,28,16,44,114
06/05/2020,PHF,VA,AEA,EN,Towers with Radar,4,6,24,16,50,0,0,9,1,10,4,6,33,17,60,16,12,28,88
06/06/2020,PHF,VA,AEA,EN,Towers with Radar,3,2,8,11,24,0,0,4,3,7,3,2,12,14,31,18,0,18,49
06/07/2020,PHF,VA,AEA,EN,Towers with Radar,4,2,14,0,20,0,0,11,0,11,4,2,25,0,31,8,0,8,39
06/08/2020,PHF,VA,AEA,EN,Towers with Radar,4,16,28,59,107,0,0,11,8,19,4,16,39,67,126,4,18,22,148
06/09/2020,PHF,VA,AEA,EN,Towers with Radar,2,22,20,31,75,0,1,11,0,12,2,23,31,31,87,10,0,10,97
06/10/2020,PHF,VA,AEA,EN,Towers with Radar,3,9,20,24,56,0,0,6,1,7,3,9,26,25,63,36,6,42,105
06/11/2020,PHF,VA,AEA,EN,Towers with Radar,3,18,14,7,42,0,0,2,0,2,3,18,16,7,44,16,0,16,60
06/12/2020,PHF,VA,AEA,EN,Towers with Radar,3,13,19,8,43,0,0,28,8,36,3,13,47,16,79,54,70,124,203
06/13/2020,PHF,VA,AEA,EN,Towers with Radar,4,3,7,0,14,0,3,50,15,68,4,6,57,15,82,52,42,94,176
06/14/2020,PHF,VA,AEA,EN,Towers with Radar,4,2,21,0,27,0,0,24,2,26,4,2,45,2,53,14,0,14,67
06/15/2020,PHF,VA,AEA,EN,Towers with Radar,4,13,9,5,31,0,0,1,9,10,4,13,10,14,41,0,34,34,75
06/16/2020,PHF,VA,AEA,EN,Towers with Radar,4,10,18,8,40,0,0,1,0,1,4,10,19,8,41,0,0,0,41
06/17/2020,PHF,VA,AEA,EN,Towers with Radar,4,5,12,14,35,0,0,0,0,0,4,5,12,14,35,0,0,0,35
06/18/2020,PHF,VA,AEA,EN,Towers with Radar,3,2,10,12,27,0,0,14,2,16,3,2,24,14,43,25,0,25,68
06/19/2020,PHF,VA,AEA,EN,Towers with Radar,4,7,11,7,29,0,0,9,1,10,4,7,20,8,39,14,2,16,55
06/20/2020,PHF,VA,AEA,EN,Towers with Radar,3,3,4,3,13,0,0,4,2,6,3,3,8,5,19,18,0,18,37
06/21/2020,PHF,VA,AEA,EN,Towers with Radar,2,2,10,0,14,0,0,6,1,7,2,2,16,1,21,6,0,6,27
06/22/2020,PHF,VA,AEA,EN,Towers with Radar,3,12,14,27,56,0,0,14,0,14,3,12,28,27,70,12,6,18,88
06/23/2020,PHF,VA,AEA,EN,Towers with Radar,3,10,18,32,63,0,0,15,1,16,3,10,33,33,79,22,0,22,101
06/24/2020,PHF,VA,AEA,EN,Towers with Radar,4,9,16,12,41,0,0,17,0,17,4,9,33,12,58,10,12,22,80
06/25/2020,PHF,VA,AEA,EN,Towers with Radar,4,8,14,6,32,0,0,6,0,6,4,8,20,6,38,14,0,14,52
06/26/2020,PHF,VA,AEA,EN,Towers with Radar,4,3,23,12,42,0,0,16,0,16,4,3,39,12,58,40,30,70,128
06/27/2020,PHF,VA,AEA,EN,Towers with Radar,3,6,8,0,17,0,0,43,16,59,3,6,51,16,76,34,56,90,166
06/28/2020,PHF,VA,AEA,EN,Towers with Radar,4,7,14,5,30,0,0,28,0,28,4,7,42,5,58,18,0,18,76
06/29/2020,PHF,VA,AEA,EN,Towers with Radar,3,8,12,17,40,0,0,15,6,21,3,8,27,23,61,28,32,60,121
06/30/2020,PHF,VA,AEA,EN,Towers with Radar,4,18,17,30,69,0,0,42,4,46,4,18,59,34,115,42,66,108,223
07/01/2020,PHF,VA,AEA,EN,Towers with Radar,3,4,15,8,30,0,0,31,4,35,3,4,46,12,65,30,0,30,95
07/02/2020,PHF,VA,AEA,EN,Towers with Radar,3,5,18,9,35,0,0,9,2,11,3,5,27,11,46,22,36,58,104
07/03/2020,PHF,VA,AEA,EN,Towers with Radar,5,11,14,1,31,0,0,9,1,10,5,11,23,2,41,0,0,0,41
07/04/2020,PHF,VA,AEA,EN,Towers with Radar,2,4,10,0,16,2,0,21,0,23,4,4,31,0,39,10,0,10,49
07/05/2020,PHF,VA,AEA,EN,Towers with Radar,3,3,11,0,17,1,0,10,0,11,4,3,21,0,28,0,0,0,28
07/06/2020,PHF,VA,AEA,EN,Towers with Radar,4,3,16,10,33,0,0,15,0,15,4,3,31,10,48,12,0,12,60
07/07/2020,PHF,VA,AEA,EN,Towers with Radar,4,7,22,17,50,0,2,7,0,9,4,9,29,17,59,4,12,16,75
07/08/2020,PHF,VA,AEA,EN,Towers with Radar,4,14,17,20,55,0,1,17,1,19,4,15,34,21,74,24,0,24,98
07/09/2020,PHF,VA,AEA,EN,Towers with Radar,8,6,11,34,59,0,0,4,0,4,8,6,15,34,63,24,0,24,87
07/10/2020,PHF,VA,AEA,EN,Towers with Radar,8,10,7,33,58,0,0,9,0,9,8,10,16,33,67,18,0,18,85
07/11/2020,PHF,VA,AEA,EN,Towers with Radar,7,9,10,2,28,0,0,18,9,27,7,9,28,11,55,12,20,32,87
07/12/2020,PHF,VA,AEA,EN,Towers with Radar,7,9,12,14,42,0,0,30,0,30,7,9,42,14,72,34,0,34,106
07/13/2020,PHF,VA,AEA,EN,Towers with Radar,8,8,19,22,57,0,0,18,2,20,8,8,37,24,77,16,8,24,101
07/14/2020,PHF,VA,AEA,EN,Towers with Radar,3,8,15,2,28,0,0,25,1,26,3,8,40,3,54,36,6,42,96
07/15/2020,PHF,VA,AEA,EN,Towers with Radar,4,14,10,14,42,0,0,50,10,60,4,14,60,24,102,30,10,40,142
07/16/2020,PHF,VA,AEA,EN,Towers with Radar,7,11,40,25,83,0,0,35,13,48,7,11,75,38,131,62,112,174,305
07/17/2020,PHF,VA,AEA,EN,Towers with Radar,9,5,27,21,62,0,0,16,6,22,9,5,43,27,84,24,4,28,112
07/18/2020,PHF,VA,AEA,EN,Towers with Radar,8,4,14,2,28,0,0,20,9,29,8,4,34,11,57,58,6,64,121
07/19/2020,PHF,VA,AEA,EN,Towers with Radar,7,6,19,0,32,1,0,20,0,21,8,6,39,0,53,42,0,42,95
07/20/2020,PHF,VA,AEA,EN,Towers with Radar,6,17,22,22,67,0,1,19,3,23,6,18,41,25,90,14,4,18,108
07/21/2020,PHF,VA,AEA,EN,Towers with Radar,5,14,27,26,72,0,0,18,7,25,5,14,45,33,97,12,46,58,155
07/22/2020,PHF,VA,AEA,EN,Towers with Radar,3,9,27,36,75,0,0,23,6,29,3,9,50,42,104,38,12,50,154
07/23/2020,PHF,VA,AEA,EN,Towers with Radar,7,9,23,16,55,0,0,18,6,24,7,9,41,22,79,32,0,32,111
07/24/2020,PHF,VA,AEA,EN,Towers with Radar,9,6,13,51,79,0,0,14,1,15,9,6,27,52,94,6,0,6,100
07/25/2020,PHF,VA,AEA,EN,Towers with Radar,7,11,21,4,43,0,0,18,0,18,7,11,39,4,61,32,0,32,93
07/26/2020,PHF,VA,AEA,EN,Towers with Radar,7,4,17,3,31,0,0,23,0,23,7,4,40,3,54,12,0,12,66
07/27/2020,PHF,VA,AEA,EN,Towers with Radar,7,7,26,17,57,0,0,37,3,40,7,7,63,20,97,30,6,36,133
07/28/2020,PHF,VA,AEA,EN,Towers with Radar,4,9,17,10,40,0,0,38,2,40,4,9,55,12,80,10,56,66,146
07/29/2020,PHF,VA,AEA,EN,Towers with Radar,4,10,20,4,38,0,0,34,1,35,4,10,54,5,73,12,6,18,91
07/30/2020,PHF,VA,AEA,EN,Towers with Radar,7,8,17,9,41,0,3,31,3,37,7,11,48,12,78,4,2,6,84
07/31/2020,PHF,VA,AEA,EN,Towers with Radar,10,9,23,12,54,0,0,6,4,10,10,9,29,16,64,0,4,4,68
08/01/2020,PHF,VA,AEA,EN,Towers with Radar,7,7,17,6,37,0,0,5,2,7,7,7,22,8,44,20,0,20,64
08/02/2020,PHF,VA,AEA,EN,Towers with Radar,7,5,12,9,33,1,0,16,0,17,8,5,28,9,50,18,0,18,68
08/03/2020,PHF,VA,AEA,EN,Towers with Radar,5,1,18,0,24,0,0,2,0,2,5,1,20,0,26,0,0,0,26
08/04/2020,PHF,VA,AEA,EN,Towers with Radar,1,3,2,0,6,0,1,2,0,3,1,4,4,0,9,0,0,0,9
08/05/2020,PHF,VA,AEA,EN,Towers with Radar,15,10,12,9,46,1,0,21,2,24,16,10,33,11,70,18,0,18,88
08/06/2020,PHF,VA,AEA,EN,Towers with Radar,8,14,10,22,54,0,0,15,5,20,8,14,25,27,74,8,0,8,82
08/07/2020,PHF,VA,AEA,EN,Towers with Radar,9,8,20,27,64,0,0,12,0,12,9,8,32,27,76,24,0,24,100
08/08/2020,PHF,VA,AEA,EN,Towers with Radar,8,6,24,6,44,0,0,10,0,10,8,6,34,6,54,24,0,24,78
08/09/2020,PHF,VA,AEA,EN,Towers with Radar,9,5,28,2,44,0,1,16,2,19,9,6,44,4,63,26,0,26,89
08/10/2020,PHF,VA,AEA,EN,Towers with Radar,8,9,14,30,61,0,0,19,0,19,8,9,33,30,80,6,6,12,92
08/11/2020,PHF,VA,AEA,EN,Towers with Radar,4,12,8,10,34,0,0,39,3,42,4,12,47,13,76,12,20,32,108
08/12/2020,PHF,VA,AEA,EN,Towers with Radar,4,13,18,15,50,0,0,31,2,33,4,13,49,17,83,22,54,76,159
08/13/2020,PHF,VA,AEA,EN,Towers with Radar,7,10,8,7,32,0,0,27,7,34,7,10,35,14,66,38,54,92,158
08/14/2020,PHF,VA,AEA,EN,Towers with Radar,10,6,20,4,40,0,0,5,6,11,10,6,25,10,51,6,34,40,91
08/15/2020,PHF,VA,AEA,EN,Towers with Radar,8,5,4,2,19,0,0,0,0,0,8,5,4,2,19,0,0,0,19
08/16/2020,PHF,VA,AEA,EN,Towers with Radar,8,9,11,4,32,0,0,0,0,0,8,9,11,4,32,0,0,0,32
08/17/2020,PHF,VA,AEA,EN,Towers with Radar,7,7,26,31,71,0,0,30,4,34,7,7,56,35,105,22,14,36,141
08/18/2020,PHF,VA,AEA,EN,Towers with Radar,4,6,13,15,38,0,0,22,3,25,4,6,35,18,63,14,20,34,97
08/19/2020,PHF,VA,AEA,EN,Towers with Radar,4,6,24,28,62,0,0,8,0,8,4,6,32,28,70,8,10,18,88
08/20/2020,PHF,VA,AEA,EN,Towers with Radar,7,10,20,25,62,0,0,30,0,30,7,10,50,25,92,4,0,4,96
08/21/2020,PHF,VA,AEA,EN,Towers with Radar,10,6,19,18,53,0,0,6,0,6,10,6,25,18,59,22,0,22,81
08/22/2020,PHF,VA,AEA,EN,Towers with Radar,8,6,23,1,38,0,0,6,0,6,8,6,29,1,44,0,0,0,44
08/23/2020,PHF,VA,AEA,EN,Towers with Radar,8,10,28,2,48,0,1,26,0,27,8,11,54,2,75,24,0,24,99
08/24/2020,PHF,VA,AEA,EN,Towers with Radar,8,19,13,20,60,0,0,12,0,12,8,19,25,20,72,8,0,8,80
08/25/2020,PHF,VA,AEA,EN,Towers with Radar,4,13,16,12,45,0,2,23,1,26,4,15,39,13,71,12,0,12,83
08/26/2020,PHF,VA,AEA,EN,Towers with Radar,4,10,15,13,42,0,0,36,1,37,4,10,51,14,79,14,0,14,93
08/27/2020,PHF,VA,AEA,EN,Towers with Radar,8,14,15,14,51,0,0,42,6,48,8,14,57,20,99,16,34,50,149
08/28/2020,PHF,VA,AEA,EN,Towers with Radar,11,11,19,24,65,0,0,61,8,69,11,11,80,32,134,84,14,98,232
08/29/2020,PHF,VA,AEA,EN,Towers with Radar,8,9,9,11,37,0,0,9,5,14,8,9,18,16,51,34,0,34,85
08/30/2020,PHF,VA,AEA,EN,Towers with Radar,7,7,23,0,37,0,0,42,1,43,7,7,65,1,80,42,0,42,122
08/31/2020,PHF,VA,AEA,EN,Towers with Radar,7,7,25,22,61,1,0,15,3,19,8,7,40,25,80,16,4,20,100
09/01/2020,PHF,VA,AEA,EN,Towers with Radar,4,6,26,19,55,0,0,1,7,8,4,6,27,26,63,6,8,14,77
09/02/2020,PHF,VA,AEA,EN,Towers with Radar,4,5,14,17,40,0,0,16,1,17,4,5,30,18,57,12,0,12,69
09/03/2020,PHF,VA,AEA,EN,Towers with Radar,8,9,18,17,52,0,0,15,0,15,8,9,33,17,67,2,14,16,83
09/04/2020,PHF,VA,AEA,EN,Towers with Radar,8,12,26,4,50,0,0,19,0,19,8,12,45,4,69,16,0,16,85
09/05/2020,PHF,VA,AEA,EN,Towers with Radar,9,6,17,0,32,0,0,23,0,23,9,6,40,0,55,6,0,6,61
09/06/2020,PHF,VA,AEA,EN,Towers with Radar,4,8,17,6,35,0,0,26,0,26,4,8,43,6,61,42,0,42,103
09/07/2020,PHF,VA,AEA,EN,Towers with Radar,6,6,17,0,29,0,0,34,0,34,6,6,51,0,63,34,0,34,97
09/08/2020,PHF,VA,AEA,EN,Towers with Radar,4,11,16,30,61,0,0,4,3,7,4,11,20,33,68,0,20,20,88
09/09/2020,PHF,VA,AEA,EN,Towers with Radar,4,9,17,2,32,0,0,0,0,0,4,9,17,2,32,0,40,40,72
09/10/2020,PHF,VA,AEA,EN,Towers with Radar,6,4,9,16,35,0,0,0,0,0,6,4,9,16,35,0,0,0,35
09/11/2020,PHF,VA,AEA,EN,Towers with Radar,7,14,25,13,59,0,0,3,0,3,7,14,28,13,62,6,0,6,68
09/12/2020,PHF,VA,AEA,EN,Towers with Radar,3,6,16,5,30,0,0,18,12,30,3,6,34,17,60,6,36,42,102
09/13/2020,PHF,VA,AEA,EN,Towers with Radar,6,4,23,3,36,0,0,18,2,20,6,4,41,5,56,58,0,58,114
09/14/2020,PHF,VA,AEA,EN,Towers with Radar,6,11,13,23,53,0,0,12,1,13,6,11,25,24,66,0,0,0,66
09/15/2020,PHF,VA,AEA,EN,Towers with Radar,4,10,30,14,58,0,0,15,6,21,4,10,45,20,79,18,12,30,109
09/16/2020,PHF,VA,AEA,EN,Towers with Radar,6,13,20,65,104,0,0,13,7,20,6,13,33,72,124,6,8,14,138
09/17/2020,PHF,VA,AEA,EN,Towers with Radar,6,14,17,18,55,0,0,6,0,6,6,14,23,18,61,8,0,8,69
09/18/2020,PHF,VA,AEA,EN,Towers with Radar,8,10,16,4,38,0,0,3,3,6,8,10,19,7,44,0,0,0,44
09/19/2020,PHF,VA,AEA,EN,Towers with Radar,4,5,3,0,12,0,0,16,0,16,4,5,19,0,28,48,0,48,76
09/20/2020,PHF,VA,AEA,EN,Towers with Radar,6,4,10,0,20,0,0,8,2,10,6,4,18,2,30,16,0,16,46
09/21/2020,PHF,VA,AEA,EN,Towers with Radar,6,7,16,23,52,0,2,7,2,11,6,9,23,25,63,4,0,4,67
09/22/2020,PHF,VA,AEA,EN,Towers with Radar,4,19,13,9,45,0,4,24,4,32,4,23,37,13,77,30,0,30,107
09/23/2020,PHF,VA,AEA,EN,Towers with Radar,6,13,33,31,83,0,1,13,0,14,6,14,46,31,97,18,0,18,115
09/24/2020,PHF,VA,AEA,EN,Towers with Radar,6,14,29,18,67,0,0,17,4,21,6,14,46,22,88,38,20,58,146
09/25/2020,PHF,VA,AEA,EN,Towers with Radar,8,11,29,42,90,0,0,1,0,1,8,11,30,42,91,2,0,2,93
09/26/2020,PHF,VA,AEA,EN,Towers with Radar,4,6,47,5,62,0,0,0,0,0,4,6,47,5,62,0,0,0,62
09/27/2020,PHF,VA,AEA,EN,Towers with Radar,6,8,14,6,34,0,0,24,0,24,6,8,38,6,58,30,0,30,88
09/28/2020,PHF,VA,AEA,EN,Towers with Radar,6,6,16,17,45,0,0,26,5,31,6,6,42,22,76,32,64,96,172
09/29/2020,PHF,VA,AEA,EN,Towers with Radar,4,14,10,36,64,0,0,6,10,16,4,14,16,46,80,6,108,114,194
09/30/2020,PHF,VA,AEA,EN,Towers with Radar,6,6,18,11,41,0,0,21,2,23,6,6,39,13,64,32,0,32,96
10/01/2020,PHF,VA,AEA,EN,Towers with Radar,7,6,27,51,91,0,0,28,12,40,7,6,55,63,131,14,22,36,167
10/02/2020,PHF,VA,AEA,EN,Towers with Radar,8,5,27,7,47,0,0,18,1,19,8,5,45,8,66,28,32,60,126
10/03/2020,PHF,VA,AEA,EN,Towers with Radar,3,4,21,0,28,0,0,23,0,23,3,4,44,0,51,32,0,32,83
10/04/2020,PHF,VA,AEA,EN,Towers with Radar,5,4,17,10,36,1,0,29,0,30,6,4,46,10,66,46,0,46,112
10/05/2020,PHF,VA,AEA,EN,Towers with Radar,6,14,17,15,52,0,0,13,0,13,6,14,30,15,65,12,12,24,89
10/06/2020,PHF,VA,AEA,EN,Towers with Radar,6,5,21,32,64,0,0,21,0,21,6,5,42,32,85,12,52,64,149
10/07/2020,PHF,VA,AEA,EN,Towers with Radar,6,8,18,39,71,0,0,8,0,8,6,8,26,39,79,4,24,28,107
10/08/2020,PHF,VA,AEA,EN,Towers with Radar,7,6,17,13,43,0,0,40,5,45,7,6,57,18,88,28,64,92,180
10/09/2020,PHF,VA,AEA,EN,Towers with Radar,11,12,17,17,57,0,0,33,0,33,11,12,50,17,90,34,14,48,138
10/10/2020,PHF,VA,AEA,EN,Towers with Radar,7,7,18,2,34,0,0,7,1,8,7,7,25,3,42,12,0,12,54
10/11/2020,PHF,VA,AEA,EN,Towers with Radar,9,9,13,6,37,0,0,0,0,0,9,9,13,6,37,0,0,0,37
10/12/2020,PHF,VA,AEA,EN,Towers with Radar,9,19,30,0,58,0,0,0,0,0,9,19,30,0,58,0,0,0,58
10/13/2020,PHF,VA,AEA,EN,Towers with Radar,7,15,23,15,60,0,0,11,1,12,7,15,34,16,72,12,0,12,84
10/14/2020,PHF,VA,AEA,EN,Towers with Radar,6,24,17,7,54,0,0,45,5,50,6,24,62,12,104,28,12,40,144
10/15/2020,PHF,VA,AEA,EN,Towers with Radar,8,14,24,44,90,0,0,23,7,30,8,14,47,51,120,16,10,26,146
10/16/2020,PHF,VA,AEA,EN,Towers with Radar,12,11,19,7,49,1,0,0,0,1,13,11,19,7,50,0,0,0,50
10/17/2020,PHF,VA,AEA,EN,Towers with Radar,7,3,10,3,23,0,0,25,0,25,7,3,35,3,48,66,0,66,114
10/18/2020,PHF,VA,AEA,EN,Towers with Radar,8,8,21,16,53,0,0,27,0,27,8,8,48,16,80,6,0,6,86
10/19/2020,PHF,VA,AEA,EN,Towers with Radar,9,14,16,19,58,0,0,13,0,13,9,14,29,19,71,8,12,20,91
10/20/2020,PHF,VA,AEA,EN,Towers with Radar,7,16,20,13,56,0,3,0,0,3,7,19,20,13,59,2,0,2,61
10/21/2020,PHF,VA,AEA,EN,Towers with Radar,6,18,31,15,70,0,1,16,4,21,6,19,47,19,91,56,18,74,165
10/22/2020,PHF,VA,AEA,EN,Towers with Radar,12,25,10,7,54,0,0,16,12,28,12,25,26,19,82,24,86,110,192
10/23/2020,PHF,VA,AEA,EN,Towers with Radar,15,11,29,23,78,0,0,6,1,7,15,11,35,24,85,8,8,16,101
10/24/2020,PHF,VA,AEA,EN,Towers with Radar,9,7,17,6,39,0,1,7,0,8,9,8,24,6,47,10,12,22,69
10/25/2020,PHF,VA,AEA,EN,Towers with Radar,10,6,15,0,31,0,0,0,0,0,10,6,15,0,31,0,0,0,31
10/26/2020,PHF,VA,AEA,EN,Towers with Radar,12,4,23,12,51,0,0,0,0,0,12,4,23,12,51,0,0,0,51
10/27/2020,PHF,VA,AEA,EN,Towers with Radar,7,2,17,8,34,0,0,0,0,0,7,2,17,8,34,0,0,0,34
10/28/2020,PHF,VA,AEA,EN,Towers with Radar,8,9,44,20,81,0,0,3,0,3,8,9,47,20,84,0,0,0,84
10/29/2020,PHF,VA,AEA,EN,Towers with Radar,12,9,7,28,56,0,0,1,1,2,12,9,8,29,58,0,0,0,58
10/30/2020,PHF,VA,AEA,EN,Towers with Radar,12,6,10,15,43,1,0,4,7,12,13,6,14,22,55,2,26,28,83
10/31/2020,PHF,VA,AEA,EN,Towers with Radar,4,5,19,0,28,0,0,45,0,45,4,5,64,0,73,62,0,62,135
11/01/2020,PHF,VA,AEA,EN,Towers with Radar,6,7,12,0,25,0,2,6,0,8,6,9,18,0,33,8,0,8,41
11/02/2020,PHF,VA,AEA,EN,Towers with Radar,10,7,17,14,48,0,0,2,3,5,10,7,19,17,53,0,24,24,77
11/03/2020,PHF,VA,AEA,EN,Towers with Radar,5,7,20,11,43,0,0,23,7,30,5,7,43,18,73,20,60,80,153
11/04/2020,PHF,VA,AEA,EN,Towers with Radar,4,15,28,24,71,2,0,22,9,33,6,15,50,33,104,38,64,102,206
11/05/2020,PHF,VA,AEA,EN,Towers with Radar,4,20,15,25,64,0,0,22,3,25,4,20,37,28,89,38,62,100,189
11/06/2020,PHF,VA,AEA,EN,Towers with Radar,7,19,22,4,52,0,0,1,0,1,7,19,23,4,53,0,0,0,53
11/07/2020,PHF,VA,AEA,EN,Towers with Radar,5,7,13,4,29,0,0,23,0,23,5,7,36,4,52,42,0,42,94
11/08/2020,PHF,VA,AEA,EN,Towers with Radar,4,13,16,2,35,0,0,32,0,32,4,13,48,2,67,26,0,26,93
11/09/2020,PHF,VA,AEA,EN,Towers with Radar,4,16,18,25,63,0,0,14,5,19,4,16,32,30,82,18,28,46,128
11/10/2020,PHF,VA,AEA,EN,Towers with Radar,3,5,30,24,62,0,0,25,2,27,3,5,55,26,89,38,48,86,175
11/11/2020,PHF,VA,AEA,EN,Towers with Radar,4,10,12,0,26,0,0,12,0,12,4,10,24,0,38,36,6,42,80
11/12/2020,PHF,VA,AEA,EN,Towers with Radar,4,19,5,0,28,0,0,0,0,0,4,19,5,0,28,0,0,0,28
11/13/2020,PHF,VA,AEA,EN,Towers with Radar,4,13,16,4,37,0,0,0,0,0,4,13,16,4,37,0,0,0,37
11/14/2020,PHF,VA,AEA,EN,Towers with Radar,4,7,22,9,42,0,0,20,4,24,4,7,42,13,66,6,4,10,76
11/15/2020,PHF,VA,AEA,EN,Towers with Radar,4,10,7,5,26,0,0,0,0,0,4,10,7,5,26,0,0,0,26
11/16/2020,PHF,VA,AEA,EN,Towers with Radar,4,12,15,11,42,0,1,2,1,4,4,13,17,12,46,0,0,0,46
11/17/2020,PHF,VA,AEA,EN,Towers with Radar,4,10,8,25,47,0,1,13,4,18,4,11,21,29,65,4,54,58,123
11/18/2020,PHF,VA,AEA,EN,Towers with Radar,4,13,19,9,45,0,2,11,2,15,4,15,30,11,60,18,38,56,116
11/19/2020,PHF,VA,AEA,EN,Towers with Radar,4,17,30,23,74,0,0,39,5,44,4,17,69,28,118,4,10,14,132
11/20/2020,PHF,VA,AEA,EN,Towers with Radar,4,19,23,10,56,0,2,37,5,44,4,21,60,15,100,8,14,22,122
11/21/2020,PHF,VA,AEA,EN,Towers with Radar,3,7,19,0,29,1,0,65,0,66,4,7,84,0,95,0,0,0,95
11/22/2020,PHF,VA,AEA,EN,Towers with Radar,4,11,9,0,24,0,0,27,0,27,4,11,36,0,51,0,0,0,51
11/23/2020,PHF,VA,AEA,EN,Towers with Radar,4,7,12,22,45,0,0,7,3,10,4,7,19,25,55,0,42,42,97
11/24/2020,PHF,VA,AEA,EN,Towers with Radar,4,15,15,7,41,0,0,14,0,14,4,15,29,7,55,0,0,0,55
11/25/2020,PHF,VA,AEA,EN,Towers with Radar,5,12,17,18,52,0,0,3,0,3,5,12,20,18,55,0,0,0,55
11/26/2020,PHF,VA,AEA,EN,Towers with Radar,0,1,2,0,3,0,0,0,0,0,0,1,2,0,3,0,0,0,3
11/27/2020,PHF,VA,AEA,EN,Towers with Radar,6,5,10,0,21,0,0,4,0,4,6,5,14,0,25,0,0,0,25
11/28/2020,PHF,VA,AEA,EN,Towers with Radar,3,11,22,0,36,0,0,10,0,10,3,11,32,0,46,0,0,0,46
11/29/2020,PHF,VA,AEA,EN,Towers with Radar,4,12,33,0,49,0,0,23,0,23,4,12,56,0,72,20,0,20,92
11/30/2020,PHF,VA,AEA,EN,Towers with Radar,3,12,11,0,26,1,0,0,0,1,4,12,11,0,27,0,0,0,27
12/01/2020,PHF,VA,AEA,EN,Towers with Radar,4,18,11,59,92,0,0,4,7,11,4,18,15,66,103,12,20,32,135
12/02/2020,PHF,VA,AEA,EN,Towers with Radar,4,13,20,16,53,0,0,12,3,15,4,13,32,19,68,10,22,32,100
12/03/2020,PHF,VA,AEA,EN,Towers with Radar,4,28,18,32,82,0,0,32,1,33,4,28,50,33,115,18,8,26,141
12/04/2020,PHF,VA,AEA,EN,Towers with Radar,6,14,14,9,43,0,0,2,0,2,6,14,16,9,45,0,0,0,45
12/05/2020,PHF,VA,AEA,EN,Towers with Radar,5,9,2,8,24,1,0,0,0,1,6,9,2,8,25,0,0,0,25
12/06/2020,PHF,VA,AEA,EN,Towers with Radar,4,15,28,2,49,0,0,16,0,16,4,15,44,2,65,1,0,1,66
12/07/2020,PHF,VA,AEA,EN,Towers with Radar,4,21,8,2,35,0,0,0,0,0,4,21,8,2,35,0,0,0,35
12/08/2020,PHF,VA,AEA,EN,Towers with Radar,4,7,18,16,45,0,0,14,1,15,4,7,32,17,60,12,14,26,86
12/09/2020,PHF,VA,AEA,EN,Towers with Radar,4,9,9,20,42,0,0,31,7,38,4,9,40,27,80,16,16,32,112
12/10/2020,PHF,VA,AEA,EN,Towers with Radar,4,15,15,31,65,0,0,37,9,46,4,15,52,40,111,34,40,74,185
12/11/2020,PHF,VA,AEA,EN,Towers with Radar,5,16,16,46,83,0,0,33,1,34,5,16,49,47,117,22,30,52,169
12/12/2020,PHF,VA,AEA,EN,Towers with Radar,4,5,11,8,28,0,0,62,0,62,4,5,73,8,90,18,0,18,108
12/13/2020,PHF,VA,AEA,EN,Towers with Radar,4,12,15,0,31,0,0,48,0,48,4,12,63,0,79,10,0,10,89
12/14/2020,PHF,VA,AEA,EN,Towers with Radar,3,15,4,10,32,1,0,0,0,1,4,15,4,10,33,0,0,0,33
12/15/2020,PHF,VA,AEA,EN,Towers with Radar,4,8,16,11,39,0,0,21,1,22,4,8,37,12,61,26,2,28,89
12/16/2020,PHF,VA,AEA,EN,Towers with Radar,4,3,10,1,18,0,0,0,0,0,4,3,10,1,18,0,0,0,18
12/17/2020,PHF,VA,AEA,EN,Towers with Radar,5,12,5,27,49,1,2,27,10,40,6,14,32,37,89,52,32,84,173
12/18/2020,PHF,VA,AEA,EN,Towers with Radar,8,13,21,17,59,0,0,20,12,32,8,13,41,29,91,40,18,58,149
12/19/2020,PHF,VA,AEA,EN,Towers with Radar,6,4,16,16,42,0,0,31,6,37,6,4,47,22,79,28,0,28,107
12/20/2020,PHF,VA,AEA,EN,Towers with Radar,6,6,2,0,14,0,0,0,0,0,6,6,2,0,14,0,0,0,14
12/21/2020,PHF,VA,AEA,EN,Towers with Radar,5,8,12,8,33,0,0,0,0,0,5,8,12,8,33,0,0,0,33
12/22/2020,PHF,VA,AEA,EN,Towers with Radar,6,13,14,29,62,0,1,19,4,24,6,14,33,33,86,6,6,12,98
12/23/2020,PHF,VA,AEA,EN,Towers with Radar,6,9,16,13,44,0,0,52,1,53,6,9,68,14,97,90,26,116,213
12/24/2020,PHF,VA,AEA,EN,Towers with Radar,4,6,9,0,19,0,0,0,0,0,4,6,9,0,19,0,0,0,19
12/25/2020,PHF,VA,AEA,EN,Towers with Radar,1,4,0,0,5,0,0,0,0,0,1,4,0,0,5,0,0,0,5
12/26/2020,PHF,VA,AEA,EN,Towers with Radar,6,3,10,0,19,0,0,26,0,26,6,3,36,0,45,22,0,22,67
12/27/2020,PHF,VA,AEA,EN,Towers with Radar,4,4,15,0,23,0,0,24,0,24,4,4,39,0,47,30,0,30,77
12/28/2020,PHF,VA,AEA,EN,Towers with Radar,5,8,12,2,27,0,0,3,0,3,5,8,15,2,30,0,0,0,30
12/29/2020,PHF,VA,AEA,EN,Towers with Radar,6,15,12,20,53,0,1,32,0,33,6,16,44,20,86,12,19,31,117
12/30/2020,PHF,VA,AEA,EN,Towers with Radar,6,6,20,11,43,0,0,43,2,45,6,6,63,13,88,38,0,38,126
12/31/2020,PHF,VA,AEA,EN,Towers with Radar,4,6,3,1,14,0,0,0,0,0,4,6,3,1,14,0,0,0,14
01/01/2021,PHF,VA,AEA,EN,Towers with Radar,4,4,7,0,15,0,0,2,0,2,4,4,9,0,17,16,0,16,33
01/02/2021,PHF,VA,AEA,EN,Towers with Radar,5,7,17,17,46,1,0,23,0,24,6,7,40,17,70,30,0,30,100
01/03/2021,PHF,VA,AEA,EN,Towers with Radar,6,7,7,0,20,0,0,0,0,0,6,7,7,0,20,0,0,0,20
01/04/2021,PHF,VA,AEA,EN,Towers with Radar,6,15,16,8,45,0,0,5,1,6,6,15,21,9,51,0,10,10,61
01/05/2021,PHF,VA,AEA,EN,Towers with Radar,2,6,18,5,31,0,0,5,1,6,2,6,23,6,37,8,12,20,57
01/06/2021,PHF,VA,AEA,EN,Towers with Radar,2,4,23,14,43,0,0,14,5,19,2,4,37,19,62,46,20,66,128
01/07/2021,PHF,VA,AEA,EN,Towers with Radar,1,11,16,36,64,1,0,28,3,32,2,11,44,39,96,32,8,40,136
01/08/2021,PHF,VA,AEA,EN,Towers with Radar,4,11,6,8,29,0,0,8,1,9,4,11,14,9,38,8,20,28,66
01/09/2021,PHF,VA,AEA,EN,Towers with Radar,2,5,12,1,20,0,0,32,6,38,2,5,44,7,58,34,0,34,92
01/10/2021,PHF,VA,AEA,EN,Towers with Radar,2,8,14,7,31,0,0,61,9,70,2,8,75,16,101,74,26,100,201
01/11/2021,PHF,VA,AEA,EN,Towers with Radar,1,6,12,11,30,0,0,6,5,11,1,6,18,16,41,4,64,68,109
01/12/2021,PHF,VA,AEA,EN,Towers with Radar,3,5,23,4,35,0,0,40,6,46,3,5,63,10,81,52,32,84,165
01/13/2021,PHF,VA,AEA,EN,Towers with Radar,2,15,10,10,37,0,0,16,1,17,2,15,26,11,54,22,18,40,94
01/14/2021,PHF,VA,AEA,EN,Towers with Radar,2,22,12,13,49,0,0,28,0,28,2,22,40,13,77,12,20,32,109
01/15/2021,PHF,VA,AEA,EN,Towers with Radar,4,4,21,21,50,0,0,32,0,32,4,4,53,21,82,52,0,52,134
01/16/2021,PHF,VA,AEA,EN,Towers with Radar,2,7,7,7,23,0,0,10,0,10,2,7,17,7,33,26,0,26,59
01/17/2021,PHF,VA,AEA,EN,Towers with Radar,1,4,23,3,31,1,0,30,0,31,2,4,53,3,62,12,0,12,74
01/18/2021,PHF,VA,AEA,EN,Towers with Radar,2,6,18,2,28,0,0,25,0,25,2,6,43,2,53,40,0,40,93
01/19/2021,PHF,VA,AEA,EN,Towers with Radar,2,3,18,24,47,0,0,12,3,15,2,3,30,27,62,28,56,84,146
01/20/2021,PHF,VA,AEA,EN,Towers with Radar,9,17,13,12,51,0,0,4,3,7,9,17,17,15,58,0,6,6,64
01/21/2021,PHF,VA,AEA,EN,Towers with Radar,2,12,22,18,54,0,2,7,4,13,2,14,29,22,67,34,26,60,127
01/22/2021,PHF,VA,AEA,EN,Towers with Radar,3,9,24,7,43,0,1,27,6,34,3,10,51,13,77,36,44,80,157
01/23/2021,PHF,VA,AEA,EN,Towers with Radar,3,2,8,8,21,0,0,17,3,20,3,2,25,11,41,18,22,40,81
01/24/2021,PHF,VA,AEA,EN,Towers with Radar,2,9,20,12,43,0,0,31,0,31,2,9,51,12,74,14,0,14,88
01/25/2021,PHF,VA,AEA,EN,Towers with Radar,2,5,12,21,40,0,0,1,1,2,2,5,13,22,42,0,6,6,48
01/26/2021,PHF,VA,AEA,EN,Towers with Radar,2,7,13,6,28,0,0,0,0,0,2,7,13,6,28,0,0,0,28
01/27/2021,PHF,VA,AEA,EN,Towers with Radar,9,14,16,16,55,0,0,0,2,2,9,14,16,18,57,0,22,22,79
01/28/2021,PHF,VA,AEA,EN,Towers with Radar,2,11,2,5,20,0,0,0,0,0,2,11,2,5,20,0,0,0,20
01/29/2021,PHF,VA,AEA,EN,Towers with Radar,3,6,11,16,36,0,0,15,1,16,3,6,26,17,52,14,22,36,88
01/30/2021,PHF,VA,AEA,EN,Towers with Radar,3,5,31,7,46,0,0,49,5,54,3,5,80,12,100,18,12,30,130
01/31/2021,PHF,VA,AEA,EN,Towers with Radar,2,13,5,0,20,0,0,0,0,0,2,13,5,0,20,0,0,0,20
02/01/2021,PHF,VA,AEA,EN,Towers with Radar,2,7,2,8,19,0,0,0,0,0,2,7,2,8,19,0,0,0,19
02/02/2021,PHF,VA,AEA,EN,Towers with Radar,1,17,8,2,28,1,1,0,0,2,2,18,8,2,30,0,0,0,30
02/03/2021,PHF,VA,AEA,EN,Towers with Radar,2,16,21,18,57,0,0,5,3,8,2,16,26,21,65,11,42,53,118
02/04/2021,PHF,VA,AEA,EN,Towers with Radar,2,14,19,32,67,0,0,25,6,31,2,14,44,38,98,18,46,64,162
02/05/2021,PHF,VA,AEA,EN,Towers with Radar,3,16,36,24,79,0,2,2,0,4,3,18,38,24,83,0,0,0,83
02/06/2021,PHF,VA,AEA,EN,Towers with Radar,3,10,30,25,68,0,0,53,0,53,3,10,83,25,121,22,0,22,143
02/07/2021,PHF,VA,AEA,EN,Towers with Radar,2,12,2,0,16,0,0,0,0,0,2,12,2,0,16,0,0,0,16
02/08/2021,PHF,VA,AEA,EN,Towers with Radar,2,17,21,34,74,0,1,33,5,39,2,18,54,39,113,34,36,70,183
02/09/2021,PHF,VA,AEA,EN,Towers with Radar,2,14,19,42,77,0,0,7,5,12,2,14,26,47,89,0,48,48,137
02/10/2021,PHF,VA,AEA,EN,Towers with Radar,1,22,13,25,61,0,0,38,9,47,1,22,51,34,108,34,42,76,184
02/11/2021,PHF,VA,AEA,EN,Towers with Radar,4,16,8,5,33,0,0,0,0,0,4,16,8,5,33,0,0,0,33
02/12/2021,PHF,VA,AEA,EN,Towers with Radar,4,17,7,0,28,0,0,0,0,0,4,17,7,0,28,0,0,0,28
02/13/2021,PHF,VA,AEA,EN,Towers with Radar,4,4,0,0,8,0,0,0,0,0,4,4,0,0,8,0,0,0,8
02/14/2021,PHF,VA,AEA,EN,Towers with Radar,4,7,6,2,19,0,0,0,0,0,4,7,6,2,19,0,0,0,19
02/15/2021,PHF,VA,AEA,EN,Towers with Radar,4,4,9,0,17,0,0,0,0,0,4,4,9,0,17,0,0,0,17
02/16/2021,PHF,VA,AEA,EN,Towers with Radar,4,6,19,19,48,0,0,16,4,20,4,6,35,23,68,16,50,66,134
02/17/2021,PHF,VA,AEA,EN,Towers with Radar,4,15,16,28,63,0,0,66,12,78,4,15,82,40,141,66,80,146,287
02/18/2021,PHF,VA,AEA,EN,Towers with Radar,3,6,2,10,21,0,0,0,0,0,3,6,2,10,21,0,0,0,21
02/19/2021,PHF,VA,AEA,EN,Towers with Radar,4,12,9,2,27,0,0,0,0,0,4,12,9,2,27,0,0,0,27
02/20/2021,PHF,VA,AEA,EN,Towers with Radar,6,6,17,16,45,0,0,44,5,49,6,6,61,21,94,38,40,78,172
02/21/2021,PHF,VA,AEA,EN,Towers with Radar,4,12,24,3,43,0,0,54,1,55,4,12,78,4,98,20,0,20,118
02/22/2021,PHF,VA,AEA,EN,Towers with Radar,4,12,14,30,60,0,0,2,0,2,4,12,16,30,62,0,8,8,70
02/23/2021,PHF,VA,AEA,EN,Towers with Radar,2,6,24,67,99,0,0,25,14,39,2,6,49,81,138,30,22,52,190
02/24/2021,PHF,VA,AEA,EN,Towers with Radar,2,11,13,24,50,0,0,45,6,51,2,11,58,30,101,36,48,84,185
02/25/2021,PHF,VA,AEA,EN,Towers with Radar,3,14,21,49,87,0,0,35,4,39,3,14,56,53,126,18,20,38,164
02/26/2021,PHF,VA,AEA,EN,Towers with Radar,5,8,18,16,47,0,0,31,7,38,5,8,49,23,85,22,44,66,151
02/27/2021,PHF,VA,AEA,EN,Towers with Radar,2,11,19,0,32,2,0,0,0,2,4,11,19,0,34,0,0,0,34
02/28/2021,PHF,VA,AEA,EN,Towers with Radar,3,8,16,18,45,0,0,2,0,2,3,8,18,18,47,0,0,0,47
03/01/2021,PHF,VA,AEA,EN,Towers with Radar,2,6,12,38,58,0,0,0,5,5,2,6,12,43,63,0,32,32,95
03/02/2021,PHF,VA,AEA,EN,Towers with Radar,4,13,17,77,111,0,0,30,19,49,4,13,47,96,160,32,92,124,284
03/03/2021,PHF,VA,AEA,EN,Towers with Radar,4,16,16,49,85,0,0,50,21,71,4,16,66,70,156,38,89,127,283
03/04/2021,PHF,VA,AEA,EN,Towers with Radar,1,14,20,21,56,0,0,31,9,40,1,14,51,30,96,60,82,142,238
03/05/2021,PHF,VA,AEA,EN,Towers with Radar,2,17,27,28,74,1,1,5,4,11,3,18,32,32,85,0,22,22,107
03/06/2021,PHF,VA,AEA,EN,Towers with Radar,0,7,11,0,18,0,0,41,2,43,0,7,52,2,61,84,0,84,145
03/07/2021,PHF,VA,AEA,EN,Towers with Radar,2,7,28,10,47,0,0,31,1,32,2,7,59,11,79,24,0,24,103
03/08/2021,PHF,VA,AEA,EN,Towers with Radar,1,10,21,13,45,0,0,27,2,29,1,10,48,15,74,16,22,38,112
03/09/2021,PHF,VA,AEA,EN,Towers with Radar,1,5,32,46,84,0,0,37,3,40,1,5,69,49,124,74,84,158,282
03/10/2021,PHF,VA,AEA,EN,Towers with Radar,2,10,19,18,49,0,0,47,10,57,2,10,66,28,106,102,64,166,272
03/11/2021,PHF,VA,AEA,EN,Towers with Radar,1,8,12,30,51,0,0,18,10,28,1,8,30,40,79,26,64,90,169
03/12/2021,PHF,VA,AEA,EN,Towers with Radar,3,8,16,15,42,0,0,14,4,18,3,8,30,19,60,34,44,78,138
03/13/2021,PHF,VA,AEA,EN,Towers with Radar,1,11,15,3,30,0,1,59,1,61,1,12,74,4,91,50,0,50,141
03/14/2021,PHF,VA,AEA,EN,Towers with Radar,2,10,7,4,23,0,0,36,0,36,2,10,43,4,59,52,0,52,111
03/15/2021,PHF,VA,AEA,EN,Towers with Radar,1,19,12,18,50,0,0,20,3,23,1,19,32,21,73,0,4,4,77
03/16/2021,PHF,VA,AEA,EN,Towers with Radar,2,11,11,6,30,0,0,0,0,0,2,11,11,6,30,0,0,0,30
03/17/2021,PHF,VA,AEA,EN,Towers with Radar,2,14,19,7,42,0,0,0,0,0,2,14,19,7,42,0,0,0,42
03/18/2021,PHF,VA,AEA,EN,Towers with Radar,1,16,11,0,28,0,0,0,0,0,1,16,11,0,28,0,0,0,28
03/19/2021,PHF,VA,AEA,EN,Towers with Radar,3,13,11,2,29,0,1,3,0,4,3,14,14,2,33,0,0,0,33
03/20/2021,PHF,VA,AEA,EN,Towers with Radar,1,7,21,0,29,0,0,41,0,41,1,7,62,0,70,14,0,14,84
03/21/2021,PHF,VA,AEA,EN,Towers with Radar,2,5,22,2,31,0,1,24,0,25,2,6,46,2,56,24,0,24,80
03/22/2021,PHF,VA,AEA,EN,Towers with Radar,1,26,24,40,91,0,3,12,6,21,1,29,36,46,112,14,32,46,158
03/23/2021,PHF,VA,AEA,EN,Towers with Radar,2,13,17,14,46,0,0,7,2,9,2,13,24,16,55,8,12,20,75
03/24/2021,PHF,VA,AEA,EN,Towers with Radar,4,21,20,9,54,0,0,0,0,0,4,21,20,9,54,0,0,0,54
03/25/2021,PHF,VA,AEA,EN,Towers with Radar,0,30,29,54,113,0,0,31,8,39,0,30,60,62,152,8,52,60,212
03/26/2021,PHF,VA,AEA,EN,Towers with Radar,3,10,21,19,53,0,0,12,8,20,3,10,33,27,73,0,128,128,201
03/27/2021,PHF,VA,AEA,EN,Towers with Radar,0,10,25,7,42,0,0,43,11,54,0,10,68,18,96,62,14,76,172
03/28/2021,PHF,VA,AEA,EN,Towers with Radar,2,8,5,3,18,0,0,2,0,2,2,8,7,3,20,16,0,16,36
03/29/2021,PHF,VA,AEA,EN,Towers with Radar,1,11,21,11,44,0,0,31,4,35,1,11,52,15,79,14,0,14,93
03/30/2021,PHF,VA,AEA,EN,Towers with Radar,2,12,24,29,67,0,0,50,16,66,2,12,74,45,133,52,42,94,227
03/31/2021,PHF,VA,AEA,EN,Towers with Radar,4,13,21,25,63,0,0,8,11,19,4,13,29,36,82,0,96,96,178
04/01/2021,PHF,VA,AEA,EN,Towers with Radar,1,15,12,9,37,0,0,5,1,6,1,15,17,10,43,8,0,8,51
04/02/2021,PHF,VA,AEA,EN,Towers with Radar,4,19,14,3,40,0,0,26,5,31,4,19,40,8,71,14,0,14,85
04/03/2021,PHF,VA,AEA,EN,Towers with Radar,2,7,16,1,26,0,0,46,1,47,2,7,62,2,73,30,0,30,103
04/04/2021,PHF,VA,AEA,EN,Towers with Radar,2,14,15,0,31,0,3,33,4,40,2,17,48,4,71,26,0,26,97
04/05/2021,PHF,VA,AEA,EN,Towers with Radar,2,18,21,0,41,0,0,40,2,42,2,18,61,2,83,60,2,62,145
04/06/2021,PHF,VA,AEA,EN,Towers with Radar,2,15,14,13,44,0,0,36,4,40,2,15,50,17,84,38,0,38,122
04/07/2021,PHF,VA,AEA,EN,Towers with Radar,2,17,18,10,47,0,1,35,9,45,2,18,53,19,92,62,28,90,182
04/08/2021,PHF,VA,AEA,EN,Towers with Radar,2,12,10,25,49,0,0,25,7,32,2,12,35,32,81,6,0,6,87
04/09/2021,PHF,VA,AEA,EN,Towers with Radar,4,10,22,16,52,0,0,23,6,29,4,10,45,22,81,24,54,78,159
04/10/2021,PHF,VA,AEA,EN,Towers with Radar,2,8,17,3,30,0,0,34,3,37,2,8,51,6,67,32,10,42,109
04/11/2021,PHF,VA,AEA,EN,Towers with Radar,2,13,13,4,32,0,0,31,0,31,2,13,44,4,63,42,0,42,105
04/12/2021,PHF,VA,AEA,EN,Towers with Radar,2,15,33,20,70,0,0,22,0,22,2,15,55,20,92,22,60,82,174
04/13/2021,PHF,VA,AEA,EN,Towers with Radar,2,13,40,19,74,0,0,31,8,39,2,13,71,27,113,52,42,94,207
04/14/2021,PHF,VA,AEA,EN,Towers with Radar,2,16,19,65,102,0,0,21,20,41,2,16,40,85,143,20,54,74,217
04/15/2021,PHF,VA,AEA,EN,Towers with Radar,2,13,26,34,75,0,0,8,1,9,2,13,34,35,84,20,2,22,106
04/16/2021,PHF,VA,AEA,EN,Towers with Radar,4,9,20,38,71,0,0,40,2,42,4,9,60,40,113,16,32,48,161
04/17/2021,PHF,VA,AEA,EN,Towers with Radar,2,12,13,6,33,0,0,61,0,61,2,12,74,6,94,44,0,44,138
04/18/2021,PHF,VA,AEA,EN,Towers with Radar,2,13,19,0,34,0,0,54,3,57,2,13,73,3,91,54,0,54,145
04/19/2021,PHF,VA,AEA,EN,Towers with Radar,2,12,11,22,47,0,0,19,0,19,2,12,30,22,66,17,18,35,101
04/20/2021,PHF,VA,AEA,EN,Towers with Radar,2,19,21,32,74,0,0,38,6,44,2,19,59,38,118,60,76,136,254
04/21/2021,PHF,VA,AEA,EN,Towers with Radar,2,16,13,21,52,0,0,13,1,14,2,16,26,22,66,16,36,52,118
04/22/2021,PHF,VA,AEA,EN,Towers with Radar,2,13,15,30,60,0,0,34,6,40,2,13,49,36,100,40,0,40,140
04/23/2021,PHF,VA,AEA,EN,Towers with Radar,4,15,32,15,66,0,1,54,7,62,4,16,86,22,128,72,44,116,244
04/24/2021,PHF,VA,AEA,EN,Towers with Radar,2,14,12,0,28,0,0,54,1,55,2,14,66,1,83,98,0,98,181
04/25/2021,PHF,VA,AEA,EN,Towers with Radar,2,16,21,3,42,0,1,4,0,5,2,17,25,3,47,20,0,20,67
04/26/2021,PHF,VA,AEA,EN,Towers with Radar,2,14,33,16,65,0,0,37,7,44,2,14,70,23,109,82,34,116,225
04/27/2021,PHF,VA,AEA,EN,Towers with Radar,2,14,18,11,45,0,0,32,5,37,2,14,50,16,82,26,48,74,156
04/28/2021,PHF,VA,AEA,EN,Towers with Radar,2,17,25,9,53,0,0,57,9,66,2,17,82,18,119,56,40,96,215
04/29/2021,PHF,VA,AEA,EN,Towers with Radar,2,18,20,21,61,0,0,23,10,33,2,18,43,31,94,72,68,140,234
04/30/2021,PHF,VA,AEA,EN,Towers with Radar,4,14,8,19,45,0,2,11,3,16,4,16,19,22,61,4,0,4,65
05/01/2021,PHF,VA,AEA,EN,Towers with Radar,2,8,18,2,30,0,0,35,0,35,2,8,53,2,65,38,0,38,103
05/02/2021,PHF,VA,AEA,EN,Towers with Radar,2,9,19,3,33,0,0,34,4,38,2,9,53,7,71,32,0,32,103
05/03/2021,PHF,VA,AEA,EN,Towers with Radar,1,10,12,12,35,0,0,4,11,15,1,10,16,23,50,0,0,0,50
05/04/2021,PHF,VA,AEA,EN,Towers with Radar,2,17,18,81,118,0,0,53,13,66,2,17,71,94,184,89,131,220,404
05/05/2021,PHF,VA,AEA,EN,Towers with Radar,8,20,15,14,57,0,0,17,6,23,8,20,32,20,80,26,68,94,174
05/06/2021,PHF,VA,AEA,EN,Towers with Radar,8,21,28,12,69,0,0,41,13,54,8,21,69,25,123,42,79,121,244
05/07/2021,PHF,VA,AEA,EN,Towers with Radar,2,15,29,34,80,0,0,29,8,37,2,15,58,42,117,54,36,90,207
05/08/2021,PHF,VA,AEA,EN,Towers with Radar,0,11,22,1,34,0,0,41,19,60,0,11,63,20,94,8,4,12,106
05/09/2021,PHF,VA,AEA,EN,Towers with Radar,0,12,4,2,18,0,0,41,3,44,0,12,45,5,62,24,0,24,86
05/10/2021,PHF,VA,AEA,EN,Towers with Radar,0,12,17,7,36,0,0,10,3,13,0,12,27,10,49,26,14,40,89
05/11/2021,PHF,VA,AEA,EN,Towers with Radar,0,20,35,34,89,0,0,53,15,68,0,20,88,49,157,92,32,124,281
05/12/2021,PHF,VA,AEA,EN,Towers with Radar,6,37,19,31,93,0,0,30,13,43,6,37,49,44,136,86,36,122,258
05/13/2021,PHF,VA,AEA,EN,Towers with Radar,0,29,27,67,123,0,0,31,12,43,0,29,58,79,166,68,76,144,310
05/14/2021,PHF,VA,AEA,EN,Towers with Radar,2,23,10,49,84,0,0,47,5,52,2,23,57,54,136,100,10,110,246
05/15/2021,PHF,VA,AEA,EN,Towers with Radar,0,19,4,2,25,0,1,65,5,71,0,20,69,7,96,82,0,82,178
05/16/2021,PHF,VA,AEA,EN,Towers with Radar,0,14,20,3,37,0,0,37,2,39,0,14,57,5,76,22,0,22,98
05/17/2021,PHF,VA,AEA,EN,Towers with Radar,0,13,18,27,58,0,0,19,3,22,0,13,37,30,80,6,10,16,96
05/18/2021,PHF,VA,AEA,EN,Towers with Radar,0,14,22,33,69,0,0,53,5,58,0,14,75,38,127,102,20,122,249
05/19/2021,PHF,VA,AEA,EN,Towers with Radar,0,27,25,33,85,0,0,54,6,60,0,27,79,39,145,64,30,94,239
05/20/2021,PHF,VA,AEA,EN,Towers with Radar,0,22,23,36,81,0,0,46,5,51,0,22,69,41,132,48,10,58,190
05/21/2021,PHF,VA,AEA,EN,Towers with Radar,2,22,30,34,88,0,0,51,0,51,2,22,81,34,139,70,4,74,213
05/22/2021,PHF,VA,AEA,EN,Towers with Radar,0,17,11,12,40,0,1,66,3,70,0,18,77,15,110,54,0,54,164
05/23/2021,PHF,VA,AEA,EN,Towers with Radar,0,15,10,0,25,0,0,39,0,39,0,15,49,0,64,44,0,44,108
05/24/2021,PHF,VA,AEA,EN,Towers with Radar,0,22,31,30,83,0,2,36,12,50,0,24,67,42,133,68,80,148,281
05/25/2021,PHF,VA,AEA,EN,Towers with Radar,0,18,26,42,86,0,1,16,7,24,0,19,42,49,110,42,54,96,206
05/26/2021,PHF,VA,AEA,EN,Towers with Radar,2,28,24,46,100,0,0,38,3,41,2,28,62,49,141,86,36,122,263
05/27/2021,PHF,VA,AEA,EN,Towers with Radar,0,22,18,17,57,0,0,51,4,55,0,22,69,21,112,46,20,66,178
05/28/2021,PHF,VA,AEA,EN,Towers with Radar,2,10,10,4,26,0,0,19,1,20,2,10,29,5,46,50,0,50,96
05/29/2021,PHF,VA,AEA,EN,Towers with Radar,0,7,2,0,9,0,0,12,0,12,0,7,14,0,21,28,0,28,49
05/30/2021,PHF,VA,AEA,EN,Towers with Radar,0,13,13,0,26,0,0,6,0,6,0,13,19,0,32,6,0,6,38
05/31/2021,PHF,VA,AEA,EN,Towers with Radar,2,8,3,0,13,0,0,52,0,52,2,8,55,0,65,56,0,56,121
06/01/2021,PHF,VA,AEA,EN,Towers with Radar,0,27,26,16,69,0,1,43,13,57,0,28,69,29,126,104,2,106,232
06/02/2021,PHF,VA,AEA,EN,Towers with Radar,0,23,16,20,59,0,0,28,1,29,0,23,44,21,88,18,22,40,128
06/03/2021,PHF,VA,AEA,EN,Towers with Radar,5,17,9,12,43,0,0,2,1,3,5,17,11,13,46,18,32,50,96
06/04/2021,PHF,VA,AEA,EN,Towers with Radar,10,17,30,28,85,0,0,10,5,15,10,17,40,33,100,30,14,44,144
06/05/2021,PHF,VA,AEA,EN,Towers with Radar,8,4,14,2,28,0,0,88,1,89,8,4,102,3,117,100,0,100,217
06/06/2021,PHF,VA,AEA,EN,Towers with Radar,10,12,18,2,42,0,0,56,0,56,10,12,74,2,98,40,0,40,138
06/07/2021,PHF,VA,AEA,EN,Towers with Radar,6,20,25,27,78,0,0,40,4,44,6,20,65,31,122,106,0,106,228
06/08/2021,PHF,VA,AEA,EN,Towers with Radar,20,21,13,64,118,0,0,65,21,86,20,21,78,85,204,88,58,146,350
06/09/2021,PHF,VA,AEA,EN,Towers with Radar,8,14,14,11,47,0,0,28,2,30,8,14,42,13,77,30,16,46,123
06/10/2021,PHF,VA,AEA,EN,Towers with Radar,7,20,16,24,67,0,0,30,2,32,7,20,46,26,99,48,40,88,187
06/11/2021,PHF,VA,AEA,EN,Towers with Radar,8,22,19,13,62,0,0,2,3,5,8,22,21,16,67,0,18,18,85
06/12/2021,PHF,VA,AEA,EN,Towers with Radar,6,12,27,6,51,0,0,6,8,14,6,12,33,14,65,16,0,16,81
06/13/2021,PHF,VA,AEA,EN,Towers with Radar,9,20,22,13,64,0,0,56,0,56,9,20,78,13,120,84,0,84,204
06/14/2021,PHF,VA,AEA,EN,Towers with Radar,7,7,18,19,51,0,0,69,13,82,7,7,87,32,133,86,34,120,253
06/15/2021,PHF,VA,AEA,EN,Towers with Radar,8,20,27,15,70,0,0,49,5,54,8,20,76,20,124,42,50,92,216
06/16/2021,PHF,VA,AEA,EN,Towers with Radar,8,19,26,22,75,0,0,54,7,61,8,19,80,29,136,48,38,86,222
06/17/2021,PHF,VA,AEA,EN,Towers with Radar,8,12,27,25,72,0,2,53,4,59,8,14,80,29,131,36,8,44,175
06/18/2021,PHF,VA,AEA,EN,Towers with Radar,10,4,22,8,44,0,0,52,4,56,10,4,74,12,100,74,6,80,180
06/19/2021,PHF,VA,AEA,EN,Towers with Radar,8,3,10,0,21,0,0,40,0,40,8,3,50,0,61,26,0,26,87
06/20/2021,PHF,VA,AEA,EN,Towers with Radar,8,7,16,2,33,0,0,16,0,16,8,7,32,2,49,34,0,34,83
06/21/2021,PHF,VA,AEA,EN,Towers with Radar,8,7,14,15,44,0,1,40,1,42,8,8,54,16,86,80,8,88,174
06/22/2021,PHF,VA,AEA,EN,Towers with Radar,10,15,10,2,37,0,0,11,1,12,10,15,21,3,49,0,48,48,97
06/23/2021,PHF,VA,AEA,EN,Towers with Radar,8,18,20,36,82,0,0,64,15,79,8,18,84,51,161,132,148,280,441
06/24/2021,PHF,VA,AEA,EN,Towers with Radar,8,16,25,28,77,0,1,45,9,55,8,17,70,37,132,40,32,72,204
06/25/2021,PHF,VA,AEA,EN,Towers with Radar,10,15,14,8,47,0,0,32,6,38,10,15,46,14,85,70,36,106,191
06/26/2021,PHF,VA,AEA,EN,Towers with Radar,8,4,15,3,30,0,0,14,1,15,8,4,29,4,45,0,0,0,45
06/27/2021,PHF,VA,AEA,EN,Towers with Radar,7,7,36,0,50,0,0,46,2,48,7,7,82,2,98,70,0,70,168
06/28/2021,PHF,VA,AEA,EN,Towers with Radar,7,24,15,49,95,0,0,54,13,67,7,24,69,62,162,46,44,90,252
06/29/2021,PHF,VA,AEA,EN,Towers with Radar,9,18,15,17,59,0,0,66,3,69,9,18,81,20,128,90,6,96,224
06/30/2021,PHF,VA,AEA,EN,Towers with Radar,9,18,21,26,74,0,2,53,9,64,9,20,74,35,138,52,46,98,236
07/01/2021,PHF,VA,AEA,EN,Towers with Radar,8,13,17,14,52,0,0,27,0,27,8,13,44,14,79,14,22,36,115
07/02/2021,PHF,VA,AEA,EN,Towers with Radar,6,8,12,0,26,0,0,1,0,1,6,8,13,0,27,0,0,0,27
07/03/2021,PHF,VA,AEA,EN,Towers with Radar,7,7,25,4,43,0,2,57,1,60,7,9,82,5,103,108,0,108,211
07/04/2021,PHF,VA,AEA,EN,Towers with Radar,6,10,9,4,29,0,0,40,0,40,6,10,49,4,69,14,0,14,83
07/05/2021,PHF,VA,AEA,EN,Towers with Radar,7,11,22,0,40,0,1,67,2,70,7,12,89,2,110,144,0,144,254
07/06/2021,PHF,VA,AEA,EN,Towers with Radar,8,12,13,31,64,0,0,39,5,44,8,12,52,36,108,56,32,88,196
07/07/2021,PHF,VA,AEA,EN,Towers with Radar,9,11,21,35,76,0,0,57,18,75,9,11,78,53,151,134,46,180,331
07/08/2021,PHF,VA,AEA,EN,Towers with Radar,7,5,10,0,22,0,0,6,0,6,7,5,16,0,28,12,10,22,50
07/09/2021,PHF,VA,AEA,EN,Towers with Radar,17,11,16,20,64,0,1,47,0,48,17,12,63,20,112,70,19,89,201
07/10/2021,PHF,VA,AEA,EN,Towers with Radar,8,3,20,0,31,0,0,72,2,74,8,3,92,2,105,116,0,116,221
07/11/2021,PHF,VA,AEA,EN,Towers with Radar,8,11,11,0,30,0,0,18,0,18,8,11,29,0,48,34,0,34,82
07/12/2021,PHF,VA,AEA,EN,Towers with Radar,7,8,16,42,73,0,2,27,16,45,7,10,43,58,118,108,38,146,264
07/13/2021,PHF,VA,AEA,EN,Towers with Radar,7,8,21,32,68,0,0,55,13,68,7,8,76,45,136,60,46,106,242
07/14/2021,PHF,VA,AEA,EN,Towers with Radar,6,29,18,49,102,0,1,51,20,72,6,30,69,69,174,84,52,136,310
07/15/2021,PHF,VA,AEA,EN,Towers with Radar,8,8,30,47,93,0,0,59,8,67,8,8,89,55,160,106,36,142,302
07/16/2021,PHF,VA,AEA,EN,Towers with Radar,10,12,13,4,39,0,0,42,2,44,10,12,55,6,83,26,22,48,131
07/17/2021,PHF,VA,AEA,EN,Towers with Radar,6,4,11,0,21,0,0,31,2,33,6,4,42,2,54,10,0,10,64
07/18/2021,PHF,VA,AEA,EN,Towers with Radar,8,11,14,3,36,0,0,24,0,24,8,11,38,3,60,54,0,54,114
07/19/2021,PHF,VA,AEA,EN,Towers with Radar,10,13,13,6,42,0,0,23,1,24,10,13,36,7,66,30,0,30,96
07/20/2021,PHF,VA,AEA,EN,Towers with Radar,7,22,14,15,58,0,0,60,5,65,7,22,74,20,123,82,12,94,217
07/21/2021,PHF,VA,AEA,EN,Towers with Radar,7,11,11,14,43,0,0,42,2,44,7,11,53,16,87,104,0,104,191
07/22/2021,PHF,VA,AEA,EN,Towers with Radar,8,23,21,22,74,0,0,43,0,43,8,23,64,22,117,124,2,126,243
07/23/2021,PHF,VA,AEA,EN,Towers with Radar,9,13,16,12,50,0,0,54,4,58,9,13,70,16,108,64,20,84,192
07/24/2021,PHF,VA,AEA,EN,Towers with Radar,9,9,25,0,43,0,1,74,4,79,9,10,99,4,122,74,0,74,196
07/25/2021,PHF,VA,AEA,EN,Towers with Radar,8,14,5,0,27,0,1,22,0,23,8,15,27,0,50,18,0,18,68
07/26/2021,PHF,VA,AEA,EN,Towers with Radar,7,13,19,13,52,0,0,26,0,26,7,13,45,13,78,44,6,50,128
07/27/2021,PHF,VA,AEA,EN,Towers with Radar,7,11,10,27,55,0,0,35,6,41,7,11,45,33,96,106,18,124,220
07/28/2021,PHF,VA,AEA,EN,Towers with Radar,8,14,21,9,52,0,0,37,8,45,8,14,58,17,97,72,4,76,173
07/29/2021,PHF,VA,AEA,EN,Towers with Radar,8,13,18,33,72,0,0,32,4,36,8,13,50,37,108,78,104,182,290
07/30/2021,PHF,VA,AEA,EN,Towers with Radar,8,15,23,7,53,0,0,30,2,32,8,15,53,9,85,56,0,56,141
07/31/2021,PHF,VA,AEA,EN,Towers with Radar,8,10,13,0,31,0,0,61,0,61,8,10,74,0,92,40,0,40,132
08/01/2021,PHF,VA,AEA,EN,Towers with Radar,8,13,8,4,33,0,0,9,0,9,8,13,17,4,42,10,0,10,52
08/02/2021,PHF,VA,AEA,EN,Towers with Radar,8,22,19,22,71,0,0,39,3,42,8,22,58,25,113,98,16,114,227
08/03/2021,PHF,VA,AEA,EN,Towers with Radar,8,16,16,43,83,0,0,34,5,39,8,16,50,48,122,54,74,128,250
08/04/2021,PHF,VA,AEA,EN,Towers with Radar,7,16,12,7,42,0,0,0,0,0,7,16,12,7,42,0,0,0,42
08/05/2021,PHF,VA,AEA,EN,Towers with Radar,6,19,18,18,61,0,8,59,0,67,6,27,77,18,128,74,2,76,204
08/06/2021,PHF,VA,AEA,EN,Towers with Radar,6,14,11,10,41,0,1,41,1,43,6,15,52,11,84,56,0,56,140
08/07/2021,PHF,VA,AEA,EN,Towers with Radar,6,5,11,0,22,0,0,1,0,1,6,5,12,0,23,0,0,0,23
08/08/2021,PHF,VA,AEA,EN,Towers with Radar,6,16,25,4,51,0,0,28,0,28,6,16,53,4,79,47,0,47,126
08/09/2021,PHF,VA,AEA,EN,Towers with Radar,6,14,11,16,47,0,0,39,1,40,6,14,50,17,87,42,0,42,129
08/10/2021,PHF,VA,AEA,EN,Towers with Radar,8,21,16,11,56,0,1,62,5,68,8,22,78,16,124,70,26,96,220
08/11/2021,PHF,VA,AEA,EN,Towers with Radar,5,23,19,31,78,0,0,57,4,61,5,23,76,35,139,50,35,85,224
08/12/2021,PHF,VA,AEA,EN,Towers with Radar,6,13,22,19,60,0,12,43,1,56,6,25,65,20,116,69,2,71,187
08/13/2021,PHF,VA,AEA,EN,Towers with Radar,8,12,25,7,52,0,0,47,2,49,8,12,72,9,101,80,12,92,193
08/14/2021,PHF,VA,AEA,EN,Towers with Radar,5,10,11,12,38,0,0,26,0,26,5,10,37,12,64,58,2,60,124
08/15/2021,PHF,VA,AEA,EN,Towers with Radar,6,10,13,1,30,0,0,16,2,18,6,10,29,3,48,19,0,19,67
08/16/2021,PHF,VA,AEA,EN,Towers with Radar,6,8,16,11,41,0,0,4,0,4,6,8,20,11,45,23,0,23,68
08/17/2021,PHF,VA,AEA,EN,Towers with Radar,4,34,30,13,81,0,0,26,2,28,4,34,56,15,109,36,0,36,145
08/18/2021,PHF,VA,AEA,EN,Towers with Radar,4,24,24,26,78,0,0,18,3,21,4,24,42,29,99,8,12,20,119
08/19/2021,PHF,VA,AEA,EN,Towers with Radar,3,6,9,15,33,0,0,48,4,52,3,6,57,19,85,66,6,72,157
08/20/2021,PHF,VA,AEA,EN,Towers with Radar,3,11,21,1,36,0,0,10,3,13,3,11,31,4,49,49,42,91,140
08/21/2021,PHF,VA,AEA,EN,Towers with Radar,4,10,15,8,37,0,0,10,0,10,4,10,25,8,47,14,0,14,61
08/22/2021,PHF,VA,AEA,EN,Towers with Radar,4,8,21,2,35,0,0,24,0,24,4,8,45,2,59,56,0,56,115
08/23/2021,PHF,VA,AEA,EN,Towers with Radar,4,17,19,7,47,0,0,48,0,48,4,17,67,7,95,54,4,58,153
08/24/2021,PHF,VA,AEA,EN,Towers with Radar,6,17,15,28,66,0,0,56,2,58,6,17,71,30,124,48,44,92,216
08/25/2021,PHF,VA,AEA,EN,Towers with Radar,4,26,28,22,80,0,0,52,2,54,4,26,80,24,134,91,16,107,241
08/26/2021,PHF,VA,AEA,EN,Towers with Radar,10,23,22,13,68,0,0,51,6,57,10,23,73,19,125,45,31,76,201
08/27/2021,PHF,VA,AEA,EN,Towers with Radar,4,21,22,19,66,0,0,47,0,47,4,21,69,19,113,60,11,71,184
08/28/2021,PHF,VA,AEA,EN,Towers with Radar,4,12,13,1,30,0,0,42,1,43,4,12,55,2,73,12,0,12,85
08/29/2021,PHF,VA,AEA,EN,Towers with Radar,4,8,23,2,37,0,0,27,0,27,4,8,50,2,64,71,0,71,135
08/30/2021,PHF,VA,AEA,EN,Towers with Radar,4,12,14,28,58,0,0,26,5,31,4,12,40,33,89,40,38,78,167
08/31/2021,PHF,VA,AEA,EN,Towers with Radar,4,11,28,64,107,0,0,50,3,53,4,11,78,67,160,95,36,131,291
09/01/2021,PHF,VA,AEA,EN,Towers with Radar,4,19,10,9,42,0,0,0,5,5,4,19,10,14,47,2,2,4,51
09/02/2021,PHF,VA,AEA,EN,Towers with Radar,4,15,23,26,68,0,0,30,2,32,4,15,53,28,100,46,0,46,146
09/03/2021,PHF,VA,AEA,EN,Towers with Radar,4,15,21,3,43,0,2,50,4,56,4,17,71,7,99,62,0,62,161
09/04/2021,PHF,VA,AEA,EN,Towers with Radar,4,14,5,6,29,0,0,33,0,33,4,14,38,6,62,10,0,10,72
09/05/2021,PHF,VA,AEA,EN,Towers with Radar,4,4,14,0,22,0,0,47,0,47,4,4,61,0,69,68,0,68,137
09/06/2021,PHF,VA,AEA,EN,Towers with Radar,4,10,29,1,44,0,0,47,1,48,4,10,76,2,92,107,0,107,199
09/07/2021,PHF,VA,AEA,EN,Towers with Radar,4,17,21,23,65,0,1,50,5,56,4,18,71,28,121,64,46,110,231
09/08/2021,PHF,VA,AEA,EN,Towers with Radar,4,22,16,19,61,0,0,23,5,28,4,22,39,24,89,16,4,20,109
09/09/2021,PHF,VA,AEA,EN,Towers with Radar,4,18,21,10,53,0,0,1,1,2,4,18,22,11,55,0,0,0,55
09/10/2021,PHF,VA,AEA,EN,Towers with Radar,4,14,19,11,48,0,0,37,1,38,4,14,56,12,86,52,0,52,138
09/11/2021,PHF,VA,AEA,EN,Towers with Radar,4,11,21,4,40,0,0,58,2,60,4,11,79,6,100,71,0,71,171
09/12/2021,PHF,VA,AEA,EN,Towers with Radar,4,16,15,5,40,0,0,42,2,44,4,16,57,7,84,44,0,44,128
09/13/2021,PHF,VA,AEA,EN,Towers with Radar,4,16,28,21,69,0,0,51,9,60,4,16,79,30,129,64,22,86,215
09/14/2021,PHF,VA,AEA,EN,Towers with Radar,4,16,36,38,94,0,0,47,6,53,4,16,83,44,147,76,39,115,262
09/15/2021,PHF,VA,AEA,EN,Towers with Radar,4,17,12,29,62,0,0,41,2,43,4,17,53,31,105,125,0,125,230
09/16/2021,PHF,VA,AEA,EN,Towers with Radar,10,16,11,34,71,0,0,38,10,48,10,16,49,44,119,68,40,108,227
09/17/2021,PHF,VA,AEA,EN,Towers with Radar,6,19,31,11,67,0,0,6,1,7,6,19,37,12,74,6,16,22,96
09/18/2021,PHF,VA,AEA,EN,Towers with Radar,8,7,25,17,57,0,0,35,0,35,8,7,60,17,92,77,0,77,169
09/19/2021,PHF,VA,AEA,EN,Towers with Radar,4,16,12,6,38,0,0,61,0,61,4,16,73,6,99,12,0,12,111
09/20/2021,PHF,VA,AEA,EN,Towers with Radar,4,19,19,11,53,0,0,42,5,47,4,19,61,16,100,78,0,78,178
09/21/2021,PHF,VA,AEA,EN,Towers with Radar,6,14,34,53,107,0,0,43,8,51,6,14,77,61,158,109,26,135,293
09/22/2021,PHF,VA,AEA,EN,Towers with Radar,4,9,20,42,75,0,0,11,6,17,4,9,31,48,92,4,19,23,115
09/23/2021,PHF,VA,AEA,EN,Towers with Radar,4,24,21,14,63,0,2,3,2,7,4,26,24,16,70,0,0,0,70
09/24/2021,PHF,VA,AEA,EN,Towers with Radar,4,24,26,20,74,0,0,70,2,72,4,24,96,22,146,103,0,103,249
09/25/2021,PHF,VA,AEA,EN,Towers with Radar,4,10,12,0,26,0,0,52,0,52,4,10,64,0,78,85,0,85,163
09/26/2021,PHF,VA,AEA,EN,Towers with Radar,4,10,18,0,32,0,1,43,2,46,4,11,61,2,78,20,0,20,98
09/27/2021,PHF,VA,AEA,EN,Towers with Radar,4,13,18,26,61,0,0,37,2,39,4,13,55,28,100,57,38,95,195
09/28/2021,PHF,VA,AEA,EN,Towers with Radar,4,16,14,30,64,0,0,28,3,31,4,16,42,33,95,50,4,54,149
09/29/2021,PHF,VA,AEA,EN,Towers with Radar,4,18,28,22,72,0,0,49,2,51,4,18,77,24,123,60,6,66,189
09/30/2021,PHF,VA,AEA,EN,Towers with Radar,4,18,17,18,57,0,0,59,6,65,4,18,76,24,122,64,0,64,186
10/01/2021,PHF,VA,AEA,EN,Towers with Radar,4,25,30,9,68,0,0,49,1,50,4,25,79,10,118,126,0,126,244
10/02/2021,PHF,VA,AEA,EN,Towers with Radar,4,16,9,3,32,0,1,42,1,44,4,17,51,4,76,50,0,50,126
10/03/2021,PHF,VA,AEA,EN,Towers with Radar,4,20,11,5,40,0,1,42,0,43,4,21,53,5,83,104,0,104,187
10/04/2021,PHF,VA,AEA,EN,Towers with Radar,4,16,22,30,72,0,0,42,0,42,4,16,64,30,114,83,12,95,209
10/05/2021,PHF,VA,AEA,EN,Towers with Radar,4,12,25,15,56,0,0,18,0,18,4,12,43,15,74,41,8,49,123
10/06/2021,PHF,VA,AEA,EN,Towers with Radar,4,13,28,7,52,0,0,3,2,5,4,13,31,9,57,26,0,26,83
10/07/2021,PHF,VA,AEA,EN,Towers with Radar,1,22,44,22,89,0,0,19,3,22,1,22,63,25,111,36,0,36,147
10/08/2021,PHF,VA,AEA,EN,Towers with Radar,0,18,18,8,44,0,0,36,1,37,0,18,54,9,81,89,0,89,170
10/09/2021,PHF,VA,AEA,EN,Towers with Radar,0,19,16,0,35,0,0,0,0,0,0,19,16,0,35,0,0,0,35
10/10/2021,PHF,VA,AEA,EN,Towers with Radar,0,18,15,2,35,0,0,0,0,0,0,18,15,2,35,0,0,0,35
10/11/2021,PHF,VA,AEA,EN,Towers with Radar,0,24,29,0,53,0,0,2,0,2,0,24,31,0,55,0,0,0,55
10/12/2021,PHF,VA,AEA,EN,Towers with Radar,0,29,38,8,75,0,0,3,4,7,0,29,41,12,82,0,20,20,102
10/13/2021,PHF,VA,AEA,EN,Towers with Radar,0,20,36,31,87,0,0,11,0,11,0,20,47,31,98,64,7,71,169
10/14/2021,PHF,VA,AEA,EN,Towers with Radar,0,31,12,17,60,0,1,35,6,42,0,32,47,23,102,85,36,121,223
10/15/2021,PHF,VA,AEA,EN,Towers with Radar,2,21,29,34,86,0,0,54,1,55,2,21,83,35,141,98,0,98,239
10/16/2021,PHF,VA,AEA,EN,Towers with Radar,2,15,7,12,36,0,0,25,4,29,2,15,32,16,65,44,6,50,115
10/17/2021,PHF,VA,AEA,EN,Towers with Radar,0,22,17,7,46,0,0,28,0,28,0,22,45,7,74,20,0,20,94
10/18/2021,PHF,VA,AEA,EN,Towers with Radar,0,20,19,15,54,0,0,37,3,40,0,20,56,18,94,66,28,94,188
10/19/2021,PHF,VA,AEA,EN,Towers with Radar,0,18,19,14,51,0,0,42,2,44,0,18,61,16,95,88,0,88,183
10/20/2021,PHF,VA,AEA,EN,Towers with Radar,0,28,25,31,84,0,0,45,7,52,0,28,70,38,136,111,4,115,251
10/21/2021,PHF,VA,AEA,EN,Towers with Radar,0,21,22,38,81,0,0,39,11,50,0,21,61,49,131,112,0,112,243
10/22/2021,PHF,VA,AEA,EN,Towers with Radar,8,27,20,31,86,0,0,27,3,30,8,27,47,34,116,88,26,114,230
10/23/2021,PHF,VA,AEA,EN,Towers with Radar,0,20,22,5,47,0,0,60,3,63,0,20,82,8,110,78,0,78,188
10/24/2021,PHF,VA,AEA,EN,Towers with Radar,0,15,15,5,35,0,0,36,0,36,0,15,51,5,71,47,0,47,118
10/25/2021,PHF,VA,AEA,EN,Towers with Radar,0,29,20,17,66,0,0,15,0,15,0,29,35,17,81,16,0,16,97
10/26/2021,PHF,VA,AEA,EN,Towers with Radar,0,29,19,43,91,0,0,8,6,14,0,29,27,49,105,4,15,19,124
10/27/2021,PHF,VA,AEA,EN,Towers with Radar,0,17,14,11,42,0,0,21,5,26,0,17,35,16,68,24,20,44,112
10/28/2021,PHF,VA,AEA,EN,Towers with Radar,0,24,17,21,62,0,0,25,9,34,0,24,42,30,96,76,42,118,214
10/29/2021,PHF,VA,AEA,EN,Towers with Radar,0,15,8,4,27,0,0,0,6,6,0,15,8,10,33,0,0,0,33
10/30/2021,PHF,VA,AEA,EN,Towers with Radar,0,10,15,10,35,0,0,44,0,44,0,10,59,10,79,82,0,82,161
10/31/2021,PHF,VA,AEA,EN,Towers with Radar,0,14,20,0,34,0,0,32,0,32,0,14,52,0,66,55,0,55,121
11/01/2021,PHF,VA,AEA,EN,Towers with Radar,0,19,19,19,57,0,0,71,0,71,0,19,90,19,128,91,6,97,225
11/02/2021,PHF,VA,AEA,EN,Towers with Radar,2,9,21,2,34,0,0,33,2,35,2,9,54,4,69,70,6,76,145
11/03/2021,PHF,VA,AEA,EN,Towers with Radar,2,15,18,21,56,0,0,64,2,66,2,15,82,23,122,144,0,144,266
11/04/2021,PHF,VA,AEA,EN,Towers with Radar,2,23,22,10,57,0,0,33,8,41,2,23,55,18,98,74,18,92,190
11/05/2021,PHF,VA,AEA,EN,Towers with Radar,2,14,8,8,32,0,0,25,2,27,2,14,33,10,59,36,10,46,105
11/06/2021,PHF,VA,AEA,EN,Towers with Radar,2,13,13,1,29,0,0,12,0,12,2,13,25,1,41,20,0,20,61
11/07/2021,PHF,VA,AEA,EN,Towers with Radar,2,13,10,1,26,0,1,9,0,10,2,14,19,1,36,0,0,0,36
11/08/2021,PHF,VA,AEA,EN,Towers with Radar,2,17,22,36,77,0,0,25,11,36,2,17,47,47,113,34,22,56,169
11/09/2021,PHF,VA,AEA,EN,Towers with Radar,3,14,22,9,48,0,0,73,2,75,3,14,95,11,123,117,52,169,292
11/10/2021,PHF,VA,AEA,EN,Towers with Radar,2,9,37,2,50,0,2,47,0,49,2,11,84,2,99,64,0,64,163
11/11/2021,PHF,VA,AEA,EN,Towers with Radar,2,16,16,0,34,0,1,61,0,62,2,17,77,0,96,92,0,92,188
11/12/2021,PHF,VA,AEA,EN,Towers with Radar,2,17,26,4,49,0,0,34,0,34,2,17,60,4,83,62,0,62,145
11/13/2021,PHF,VA,AEA,EN,Towers with Radar,4,16,15,1,36,0,0,28,0,28,4,16,43,1,64,58,0,58,122
11/14/2021,PHF,VA,AEA,EN,Towers with Radar,2,18,22,0,42,0,0,66,0,66,2,18,88,0,108,38,0,38,146
11/15/2021,PHF,VA,AEA,EN,Towers with Radar,2,19,22,11,54,0,0,22,0,22,2,19,44,11,76,20,0,20,96
11/16/2021,PHF,VA,AEA,EN,Towers with Radar,3,11,11,12,37,0,0,58,0,58,3,11,69,12,95,137,0,137,232
11/17/2021,PHF,VA,AEA,EN,Towers with Radar,2,14,28,4,48,0,0,45,0,45,2,14,73,4,93,78,0,78,171
11/18/2021,PHF,VA,AEA,EN,Towers with Radar,2,17,15,16,50,0,0,32,1,33,2,17,47,17,83,37,0,37,120
11/19/2021,PHF,VA,AEA,EN,Towers with Radar,2,17,31,7,57,0,2,47,0,49,2,19,78,7,106,104,0,104,210
11/20/2021,PHF,VA,AEA,EN,Towers with Radar,2,19,15,0,36,0,0,64,0,64,2,19,79,0,100,122,0,122,222
11/21/2021,PHF,VA,AEA,EN,Towers with Radar,2,18,22,0,42,0,0,47,0,47,2,18,69,0,89,62,0,62,151
11/22/2021,PHF,VA,AEA,EN,Towers with Radar,3,11,7,0,21,0,0,1,0,1,3,11,8,0,22,19,17,36,58
11/23/2021,PHF,VA,AEA,EN,Towers with Radar,2,22,18,10,52,1,1,22,0,24,3,23,40,10,76,24,0,24,100
11/24/2021,PHF,VA,AEA,EN,Towers with Radar,2,21,17,4,44,0,0,43,0,43,2,21,60,4,87,62,0,62,149
11/25/2021,PHF,VA,AEA,EN,Towers with Radar,0,10,2,0,12,0,0,2,0,2,0,10,4,0,14,0,0,0,14
11/26/2021,PHF,VA,AEA,EN,Towers with Radar,2,21,7,0,30,0,0,2,0,2,2,21,9,0,32,4,0,4,36
11/27/2021,PHF,VA,AEA,EN,Towers with Radar,2,15,19,0,36,0,0,43,0,43,2,15,62,0,79,38,0,38,117
11/28/2021,PHF,VA,AEA,EN,Towers with Radar,2,14,16,0,32,0,0,47,0,47,2,14,63,0,79,66,0,66,145
11/29/2021,PHF,VA,AEA,EN,Towers with Radar,2,10,19,13,44,0,0,9,3,12,2,10,28,16,56,30,8,38,94
11/30/2021,PHF,VA,AEA,EN,Towers with Radar,2,13,23,49,87,0,1,34,14,49,2,14,57,63,136,84,120,204,340
12/01/2021,PHF,VA,AEA,EN,Towers with Radar,2,20,24,35,81,0,0,42,7,49,2,20,66,42,130,95,32,127,257
12/02/2021,PHF,VA,AEA,EN,Towers with Radar,2,18,19,37,76,0,0,40,18,58,2,18,59,55,134,114,52,166,300
12/03/2021,PHF,VA,AEA,EN,Towers with Radar,2,18,21,23,64,0,0,46,1,47,2,18,67,24,111,94,0,94,205
12/04/2021,PHF,VA,AEA,EN,Towers with Radar,2,12,19,0,33,0,0,59,0,59,2,12,78,0,92,74,0,74,166
12/05/2021,PHF,VA,AEA,EN,Towers with Radar,2,11,16,2,31,0,0,70,2,72,2,11,86,4,103,44,0,44,147
12/06/2021,PHF,VA,AEA,EN,Towers with Radar,3,19,13,29,64,0,0,27,0,27,3,19,40,29,91,32,8,40,131
12/07/2021,PHF,VA,AEA,EN,Towers with Radar,3,20,34,16,73,0,0,39,6,45,3,20,73,22,118,75,7,82,200
12/08/2021,PHF,VA,AEA,EN,Towers with Radar,2,19,20,18,59,0,0,15,4,19,2,19,35,22,78,64,26,90,168
12/09/2021,PHF,VA,AEA,EN,Towers with Radar,2,18,22,9,51,0,2,32,5,39,2,20,54,14,90,80,30,110,200
12/10/2021,PHF,VA,AEA,EN,Towers with Radar,2,15,46,5,68,0,0,9,0,9,2,15,55,5,77,42,0,42,119
12/11/2021,PHF,VA,AEA,EN,Towers with Radar,6,10,3,6,25,0,0,1,3,4,6,10,4,9,29,0,0,0,29
12/12/2021,PHF,VA,AEA,EN,Towers with Radar,2,22,10,4,38,0,0,35,0,35,2,22,45,4,73,69,0,69,142
12/13/2021,PHF,VA,AEA,EN,Towers with Radar,3,17,29,19,68,0,1,41,7,49,3,18,70,26,117,44,54,98,215
12/14/2021,PHF,VA,AEA,EN,Towers with Radar,3,25,29,31,88,0,0,66,6,72,3,25,95,37,160,100,28,128,288
12/15/2021,PHF,VA,AEA,EN,Towers with Radar,2,17,33,32,84,0,1,53,3,57,2,18,86,35,141,102,32,134,275
12/16/2021,PHF,VA,AEA,EN,Towers with Radar,1,28,12,24,65,0,0,49,5,54,1,28,61,29,119,118,18,136,255
12/17/2021,PHF,VA,AEA,EN,Towers with Radar,4,20,25,12,61,0,0,39,2,41,4,20,64,14,102,106,0,106,208
12/18/2021,PHF,VA,AEA,EN,Towers with Radar,0,11,8,6,25,0,0,0,0,0,0,11,8,6,25,0,0,0,25
12/19/2021,PHF,VA,AEA,EN,Towers with Radar,0,14,8,0,22,0,0,6,0,6,0,14,14,0,28,18,0,18,46
12/20/2021,PHF,VA,AEA,EN,Towers with Radar,0,24,21,13,58,0,0,51,3,54,0,24,72,16,112,94,18,112,224
12/21/2021,PHF,VA,AEA,EN,Towers with Radar,0,20,24,20,64,0,0,18,3,21,0,20,42,23,85,30,27,57,142
12/22/2021,PHF,VA,AEA,EN,Towers with Radar,0,13,11,20,44,0,1,41,4,46,0,14,52,24,90,64,8,72,162
12/23/2021,PHF,VA,AEA,EN,Towers with Radar,0,14,25,0,39,0,0,50,2,52,0,14,75,2,91,48,0,48,139
12/24/2021,PHF,VA,AEA,EN,Towers with Radar,0,11,2,0,13,0,0,20,0,20,0,11,22,0,33,10,0,10,43
12/25/2021,PHF,VA,AEA,EN,Towers with Radar,0,10,2,0,12,0,1,0,0,1,0,11,2,0,13,0,0,0,13
12/26/2021,PHF,VA,AEA,EN,Towers with Radar,0,12,11,0,23,0,1,37,0,38,0,13,48,0,61,28,0,28,89
12/27/2021,PHF,VA,AEA,EN,Towers with Radar,0,14,14,0,28,0,0,35,4,39,0,14,49,4,67,56,0,56,123
12/28/2021,PHF,VA,AEA,EN,Towers with Radar,0,17,25,5,47,0,0,43,2,45,0,17,68,7,92,54,0,54,146
12/29/2021,PHF,VA,AEA,EN,Towers with Radar,0,16,11,6,33,0,0,26,1,27,0,16,37,7,60,94,0,94,154
12/30/2021,PHF,VA,AEA,EN,Towers with Radar,0,15,9,0,24,0,0,0,0,0,0,15,9,0,24,0,0,0,24
12/31/2021,PHF,VA,AEA,EN,Towers with Radar,0,9,20,0,29,0,0,2,0,2,0,9,22,0,31,8,0,8,39
01/01/2022,PHF,VA,AEA,EN,Towers with Radar,0,12,1,0,13,0,0,8,0,8,0,12,9,0,21,32,0,32,53
01/02/2022,PHF,VA,AEA,EN,Towers with Radar,0,9,14,0,23,0,0,2,0,2,0,9,16,0,25,0,0,0,25
01/03/2022,PHF,VA,AEA,EN,Towers with Radar,0,15,5,0,20,0,0,1,0,1,0,15,6,0,21,0,0,0,21
01/04/2022,PHF,VA,AEA,EN,Towers with Radar,2,7,25,13,47,0,0,39,1,40,2,7,64,14,87,46,6,52,139
01/05/2022,PHF,VA,AEA,EN,Towers with Radar,2,9,9,3,23,0,0,0,0,0,2,9,9,3,23,0,0,0,23
01/06/2022,PHF,VA,AEA,EN,Towers with Radar,2,17,28,22,69,0,0,34,6,40,2,17,62,28,109,60,29,89,198
01/07/2022,PHF,VA,AEA,EN,Towers with Radar,2,9,8,12,31,0,3,16,0,19,2,12,24,12,50,57,10,67,117
01/08/2022,PHF,VA,AEA,EN,Towers with Radar,3,8,24,8,43,0,0,48,0,48,3,8,72,8,91,87,0,87,178
01/09/2022,PHF,VA,AEA,EN,Towers with Radar,2,9,8,0,19,0,0,25,0,25,2,9,33,0,44,28,0,28,72
01/10/2022,PHF,VA,AEA,EN,Towers with Radar,2,9,19,26,56,0,0,30,0,30,2,9,49,26,86,40,12,52,138
01/11/2022,PHF,VA,AEA,EN,Towers with Radar,2,12,22,30,66,0,0,27,7,34,2,12,49,37,100,22,32,54,154
01/12/2022,PHF,VA,AEA,EN,Towers with Radar,2,17,18,30,67,0,0,46,4,50,2,17,64,34,117,58,44,102,219
01/13/2022,PHF,VA,AEA,EN,Towers with Radar,2,22,16,1,41,0,1,37,9,47,2,23,53,10,88,52,16,68,156
01/14/2022,PHF,VA,AEA,EN,Towers with Radar,2,15,15,1,33,0,0,25,2,27,2,15,40,3,60,30,24,54,114
01/15/2022,PHF,VA,AEA,EN,Towers with Radar,3,17,11,9,40,0,0,39,0,39,3,17,50,9,79,74,0,74,153
01/16/2022,PHF,VA,AEA,EN,Towers with Radar,0,3,2,0,5,0,0,0,0,0,0,3,2,0,5,0,0,0,5
01/17/2022,PHF,VA,AEA,EN,Towers with Radar,0,9,4,12,25,0,0,0,1,1,0,9,4,13,26,6,0,6,32
01/18/2022,PHF,VA,AEA,EN,Towers with Radar,2,12,18,28,60,0,0,47,8,55,2,12,65,36,115,27,26,53,168
01/19/2022,PHF,VA,AEA,EN,Towers with Radar,2,11,25,26,64,0,0,38,11,49,2,11,63,37,113,51,36,87,200
01/20/2022,PHF,VA,AEA,EN,Towers with Radar,2,12,17,32,63,0,0,4,2,6,2,12,21,34,69,4,0,4,73
01/21/2022,PHF,VA,AEA,EN,Towers with Radar,0,10,4,6,20,0,0,3,0,3,0,10,7,6,23,0,6,6,29
01/22/2022,PHF,VA,AEA,EN,Towers with Radar,2,10,1,0,13,0,0,12,0,12,2,10,13,0,25,20,0,20,45
01/23/2022,PHF,VA,AEA,EN,Towers with Radar,2,13,22,1,38,0,0,33,0,33,2,13,55,1,71,18,0,18,89
01/24/2022,PHF,VA,AEA,EN,Towers with Radar,2,9,28,22,61,0,0,47,3,50,2,9,75,25,111,48,18,66,177
01/25/2022,PHF,VA,AEA,EN,Towers with Radar,2,14,16,48,80,0,0,48,2,50,2,14,64,50,130,92,24,116,246
01/26/2022,PHF,VA,AEA,EN,Towers with Radar,2,17,21,16,56,0,0,36,10,46,2,17,57,26,102,38,76,114,216
01/27/2022,PHF,VA,AEA,EN,Towers with Radar,3,16,20,39,78,0,1,44,6,51,3,17,64,45,129,84,12,96,225
01/28/2022,PHF,VA,AEA,EN,Towers with Radar,2,11,15,30,58,0,0,16,8,24,2,11,31,38,82,34,9,43,125
01/29/2022,PHF,VA,AEA,EN,Towers with Radar,3,2,0,0,5,0,0,0,0,0,3,2,0,0,5,0,0,0,5
01/30/2022,PHF,VA,AEA,EN,Towers with Radar,2,7,8,2,19,0,0,43,0,43,2,7,51,2,62,88,0,88,150
01/31/2022,PHF,VA,AEA,EN,Towers with Radar,2,16,13,27,58,0,0,41,7,48,2,16,54,34,106,106,0,106,212
02/01/2022,PHF,VA,AEA,EN,Towers with Radar,2,8,17,47,74,0,2,57,8,67,2,10,74,55,141,96,11,107,248
02/02/2022,PHF,VA,AEA,EN,Towers with Radar,2,10,4,10,26,0,0,3,2,5,2,10,7,12,31,0,0,0,31
02/03/2022,PHF,VA,AEA,EN,Towers with Radar,2,8,15,18,43,0,1,12,6,19,2,9,27,24,62,60,22,82,144
02/04/2022,PHF,VA,AEA,EN,Towers with Radar,2,10,13,6,31,0,0,4,2,6,2,10,17,8,37,0,12,12,49
02/05/2022,PHF,VA,AEA,EN,Towers with Radar,2,7,15,4,28,0,0,22,0,22,2,7,37,4,50,34,0,34,84
02/06/2022,PHF,VA,AEA,EN,Towers with Radar,2,11,5,2,20,0,0,52,3,55,2,11,57,5,75,78,8,86,161
02/07/2022,PHF,VA,AEA,EN,Towers with Radar,2,15,17,11,45,0,0,0,0,0,2,15,17,11,45,0,16,16,61
02/08/2022,PHF,VA,AEA,EN,Towers with Radar,2,24,17,26,69,0,0,32,19,51,2,24,49,45,120,42,22,64,184
02/09/2022,PHF,VA,AEA,EN,Towers with Radar,2,24,25,3,54,0,2,52,4,58,2,26,77,7,112,114,3,117,229
02/10/2022,PHF,VA,AEA,EN,Towers with Radar,2,25,25,24,76,0,1,39,12,52,2,26,64,36,128,82,4,86,214
02/11/2022,PHF,VA,AEA,EN,Towers with Radar,2,20,24,24,70,0,0,46,0,46,2,20,70,24,116,84,0,84,200
02/12/2022,PHF,VA,AEA,EN,Towers with Radar,2,10,30,0,42,0,0,60,0,60,2,10,90,0,102,82,0,82,184
02/13/2022,PHF,VA,AEA,EN,Towers with Radar,2,10,2,3,17,0,0,3,0,3,2,10,5,3,20,0,0,0,20
02/14/2022,PHF,VA,AEA,EN,Towers with Radar,2,11,14,9,36,0,0,25,1,26,2,11,39,10,62,56,2,58,120
02/15/2022,PHF,VA,AEA,EN,Towers with Radar,2,15,37,6,60,0,0,40,2,42,2,15,77,8,102,70,0,70,172
02/16/2022,PHF,VA,AEA,EN,Towers with Radar,2,24,21,11,58,0,1,39,0,40,2,25,60,11,98,85,0,85,183
02/17/2022,PHF,VA,AEA,EN,Towers with Radar,2,13,15,9,39,0,0,5,5,10,2,13,20,14,49,26,20,46,95
02/18/2022,PHF,VA,AEA,EN,Towers with Radar,2,17,13,13,45,0,0,20,2,22,2,17,33,15,67,60,12,72,139
02/19/2022,PHF,VA,AEA,EN,Towers with Radar,2,10,14,0,26,0,0,29,0,29,2,10,43,0,55,17,0,17,72
02/20/2022,PHF,VA,AEA,EN,Towers with Radar,2,9,16,0,27,0,1,64,0,65,2,10,80,0,92,54,0,54,146
02/21/2022,PHF,VA,AEA,EN,Towers with Radar,2,17,15,9,43,0,0,79,2,81,2,17,94,11,124,108,0,108,232
02/22/2022,PHF,VA,AEA,EN,Towers with Radar,2,15,10,29,56,0,0,27,3,30,2,15,37,32,86,46,40,86,172
02/23/2022,PHF,VA,AEA,EN,Towers with Radar,2,20,16,22,60,0,0,26,3,29,2,20,42,25,89,76,24,100,189
02/24/2022,PHF,VA,AEA,EN,Towers with Radar,2,18,8,8,36,0,0,2,3,5,2,18,10,11,41,4,4,8,49
02/25/2022,PHF,VA,AEA,EN,Towers with Radar,2,32,13,26,73,0,0,20,0,20,2,32,33,26,93,48,0,48,141
02/26/2022,PHF,VA,AEA,EN,Towers with Radar,2,9,21,0,32,0,0,59,0,59,2,9,80,0,91,58,0,58,149
02/27/2022,PHF,VA,AEA,EN,Towers with Radar,2,7,6,0,15,0,0,34,0,34,2,7,40,0,49,58,0,58,107
02/28/2022,PHF,VA,AEA,EN,Towers with Radar,2,12,24,15,53,0,0,49,12,61,2,12,73,27,114,102,86,188,302
03/01/2022,PHF,VA,AEA,EN,Towers with Radar,2,13,14,38,67,0,0,39,7,46,2,13,53,45,113,56,38,94,207
03/02/2022,PHF,VA,AEA,EN,Towers with Radar,2,14,39,32,87,0,0,42,11,53,2,14,81,43,140,64,94,158,298
03/03/2022,PHF,VA,AEA,EN,Towers with Radar,0,21,22,2,45,0,0,50,12,62,0,21,72,14,107,98,18,116,223
03/04/2022,PHF,VA,AEA,EN,Towers with Radar,2,21,26,2,51,0,0,49,3,52,2,21,75,5,103,68,12,80,183
03/05/2022,PHF,VA,AEA,EN,Towers with Radar,0,26,13,13,52,0,0,58,3,61,0,26,71,16,113,56,2,58,171
03/06/2022,PHF,VA,AEA,EN,Towers with Radar,3,23,15,8,49,0,0,3,1,4,3,23,18,9,53,0,22,22,75
03/07/2022,PHF,VA,AEA,EN,Towers with Radar,4,25,15,21,65,0,0,6,8,14,4,25,21,29,79,8,65,73,152
03/08/2022,PHF,VA,AEA,EN,Towers with Radar,4,23,39,63,129,0,0,48,13,61,4,23,87,76,190,46,82,128,318
03/09/2022,PHF,VA,AEA,EN,Towers with Radar,6,14,12,2,34,0,0,0,0,0,6,14,12,2,34,0,0,0,34
03/10/2022,PHF,VA,AEA,EN,Towers with Radar,2,24,29,28,83,0,0,5,9,14,2,24,34,37,97,42,28,70,167
03/11/2022,PHF,VA,AEA,EN,Towers with Radar,2,21,25,15,63,0,0,69,3,72,2,21,94,18,135,96,40,136,271
03/12/2022,PHF,VA,AEA,EN,Towers with Radar,0,8,0,0,8,0,0,0,0,0,0,8,0,0,8,0,0,0,8
03/13/2022,PHF,VA,AEA,EN,Towers with Radar,2,17,20,0,39,0,0,60,0,60,2,17,80,0,99,44,0,44,143
03/14/2022,PHF,VA,AEA,EN,Towers with Radar,2,15,26,20,63,0,3,53,10,66,2,18,79,30,129,56,12,68,197
03/15/2022,PHF,VA,AEA,EN,Towers with Radar,2,15,39,24,80,0,0,57,8,65,2,15,96,32,145,102,32,134,279
03/16/2022,PHF,VA,AEA,EN,Towers with Radar,4,22,37,20,83,0,0,33,2,35,4,22,70,22,118,82,4,86,204
03/17/2022,PHF,VA,AEA,EN,Towers with Radar,2,20,12,3,37,0,0,0,0,0,2,20,12,3,37,0,0,0,37
03/18/2022,PHF,VA,AEA,EN,Towers with Radar,2,18,25,20,65,0,0,39,7,46,2,18,64,27,111,110,12,122,233
03/19/2022,PHF,VA,AEA,EN,Towers with Radar,0,15,13,0,28,0,0,9,0,9,0,15,22,0,37,6,0,6,43
03/20/2022,PHF,VA,AEA,EN,Towers with Radar,3,14,13,2,32,0,0,37,1,38,3,14,50,3,70,34,6,40,110
03/21/2022,PHF,VA,AEA,EN,Towers with Radar,2,18,39,35,94,0,1,63,7,71,2,19,102,42,165,54,4,58,223
03/22/2022,PHF,VA,AEA,EN,Towers with Radar,4,17,21,11,53,0,0,47,8,55,4,17,68,19,108,73,72,145,253
03/23/2022,PHF,VA,AEA,EN,Towers with Radar,4,14,21,36,75,0,0,23,5,28,4,14,44,41,103,44,47,91,194
03/24/2022,PHF,VA,AEA,EN,Towers with Radar,2,14,19,26,61,0,0,1,2,3,2,14,20,28,64,11,11,22,86
03/25/2022,PHF,VA,AEA,EN,Towers with Radar,0,15,38,16,69,0,0,46,4,50,0,15,84,20,119,78,6,84,203
03/26/2022,PHF,VA,AEA,EN,Towers with Radar,0,17,5,1,23,0,0,15,2,17,0,17,20,3,40,6,0,6,46
03/27/2022,PHF,VA,AEA,EN,Towers with Radar,4,14,13,1,32,0,0,38,0,38,4,14,51,1,70,28,0,28,98
03/28/2022,PHF,VA,AEA,EN,Towers with Radar,2,14,15,46,77,0,0,35,6,41,2,14,50,52,118,20,46,66,184
03/29/2022,PHF,VA,AEA,EN,Towers with Radar,4,13,33,31,81,0,0,64,2,66,4,13,97,33,147,84,54,138,285
03/30/2022,PHF,VA,AEA,EN,Towers with Radar,4,14,28,52,98,0,0,36,5,41,4,14,64,57,139,72,44,116,255
03/31/2022,PHF,VA,AEA,EN,Towers with Radar,2,18,14,29,63,0,0,1,9,10,2,18,15,38,73,0,51,51,124
04/01/2022,PHF,VA,AEA,EN,Towers with Radar,2,18,25,23,68,0,0,23,2,25,2,18,48,25,93,47,0,47,140
04/02/2022,PHF,VA,AEA,EN,Towers with Radar,0,24,23,1,48,0,0,82,0,82,0,24,105,1,130,108,0,108,238
04/03/2022,PHF,VA,AEA,EN,Towers with Radar,2,19,6,1,28,0,2,30,0,32,2,21,36,1,60,26,0,26,86
04/04/2022,PHF,VA,AEA,EN,Towers with Radar,2,17,25,15,59,0,0,45,9,54,2,17,70,24,113,44,44,88,201
04/05/2022,PHF,VA,AEA,EN,Towers with Radar,1,14,33,32,80,0,0,69,2,71,1,14,102,34,151,82,32,114,265
04/06/2022,PHF,VA,AEA,EN,Towers with Radar,2,16,24,39,81,0,0,23,9,32,2,16,47,48,113,66,14,80,193
04/07/2022,PHF,VA,AEA,EN,Towers with Radar,2,16,15,12,45,0,0,9,0,9,2,16,24,12,54,10,0,10,64
04/08/2022,PHF,VA,AEA,EN,Towers with Radar,2,16,29,6,53,0,0,35,0,35,2,16,64,6,88,35,12,47,135
04/09/2022,PHF,VA,AEA,EN,Towers with Radar,0,19,32,0,51,0,1,56,0,57,0,20,88,0,108,69,0,69,177
04/10/2022,PHF,VA,AEA,EN,Towers with Radar,2,15,13,2,32,0,1,41,0,42,2,16,54,2,74,46,0,46,120
04/11/2022,PHF,VA,AEA,EN,Towers with Radar,2,19,22,11,54,0,0,49,1,50,2,19,71,12,104,124,10,134,238
04/12/2022,PHF,VA,AEA,EN,Towers with Radar,0,11,40,51,102,0,0,48,8,56,0,11,88,59,158,54,48,102,260
04/13/2022,PHF,VA,AEA,EN,Towers with Radar,2,12,29,18,61,0,0,44,13,57,2,12,73,31,118,113,54,167,285
04/14/2022,PHF,VA,AEA,EN,Towers with Radar,2,12,22,30,66,0,0,9,4,13,2,12,31,34,79,10,16,26,105
04/15/2022,PHF,VA,AEA,EN,Towers with Radar,2,14,7,0,23,0,0,37,0,37,2,14,44,0,60,56,0,56,116
04/16/2022,PHF,VA,AEA,EN,Towers with Radar,0,14,20,0,34,0,0,49,0,49,0,14,69,0,83,43,0,43,126
04/17/2022,PHF,VA,AEA,EN,Towers with Radar,2,11,22,0,35,0,0,24,0,24,2,11,46,0,59,44,0,44,103
04/18/2022,PHF,VA,AEA,EN,Towers with Radar,2,22,7,3,34,0,0,2,0,2,2,22,9,3,36,0,0,0,36
04/19/2022,PHF,VA,AEA,EN,Towers with Radar,2,17,10,25,54,0,0,24,6,30,2,17,34,31,84,16,20,36,120
04/20/2022,PHF,VA,AEA,EN,Towers with Radar,2,16,23,28,69,0,0,55,2,57,2,16,78,30,126,91,14,105,231
04/21/2022,PHF,VA,AEA,EN,Towers with Radar,2,22,27,29,80,0,0,59,14,73,2,22,86,43,153,138,26,164,317
04/22/2022,PHF,VA,AEA,EN,Towers with Radar,2,16,34,11,63,0,0,62,3,65,2,16,96,14,128,106,36,142,270
04/23/2022,PHF,VA,AEA,EN,Towers with Radar,0,27,47,0,74,0,0,60,0,60,0,27,107,0,134,62,0,62,196
04/24/2022,PHF,VA,AEA,EN,Towers with Radar,2,29,18,0,49,0,0,45,0,45,2,29,63,0,94,32,0,32,126
04/25/2022,PHF,VA,AEA,EN,Towers with Radar,2,22,21,20,65,0,0,40,6,46,2,22,61,26,111,42,38,80,191
04/26/2022,PHF,VA,AEA,EN,Towers with Radar,0,16,22,17,55,0,0,26,3,29,0,16,48,20,84,38,24,62,146
04/27/2022,PHF,VA,AEA,EN,Towers with Radar,2,11,28,14,55,0,0,31,5,36,2,11,59,19,91,50,56,106,197
04/28/2022,PHF,VA,AEA,EN,Towers with Radar,2,19,29,18,68,0,0,45,8,53,2,19,74,26,121,18,48,66,187
04/29/2022,PHF,VA,AEA,EN,Towers with Radar,2,18,32,15,67,0,0,80,2,82,2,18,112,17,149,104,4,108,257
04/30/2022,PHF,VA,AEA,EN,Towers with Radar,0,13,33,0,46,0,0,47,0,47,0,13,80,0,93,64,0,64,157
05/01/2022,PHF,VA,AEA,EN,Towers with Radar,2,26,28,2,58,0,0,34,0,34,2,26,62,2,92,57,0,57,149
05/02/2022,PHF,VA,AEA,EN,Towers with Radar,2,15,29,8,54,0,1,46,4,51,2,16,75,12,105,90,4,94,199
05/03/2022,PHF,VA,AEA,EN,Towers with Radar,0,22,33,10,65,0,0,0,2,2,0,22,33,12,67,0,0,0,67
05/04/2022,PHF,VA,AEA,EN,Towers with Radar,2,15,32,34,83,0,0,16,8,24,2,15,48,42,107,40,16,56,163
05/05/2022,PHF,VA,AEA,EN,Towers with Radar,4,10,51,23,88,0,0,14,1,15,4,10,65,24,103,78,34,112,215
05/06/2022,PHF,VA,AEA,EN,Towers with Radar,4,8,12,15,39,0,0,19,0,19,4,8,31,15,58,42,2,44,102
05/07/2022,PHF,VA,AEA,EN,Towers with Radar,5,6,24,0,35,0,0,2,0,2,5,6,26,0,37,0,0,0,37
05/08/2022,PHF,VA,AEA,EN,Towers with Radar,4,15,8,0,27,0,0,0,0,0,4,15,8,0,27,0,0,0,27
05/09/2022,PHF,VA,AEA,EN,Towers with Radar,6,13,10,24,53,0,3,16,10,29,6,16,26,34,82,1,64,65,147
05/10/2022,PHF,VA,AEA,EN,Towers with Radar,5,22,29,40,96,0,0,27,6,33,5,22,56,46,129,40,88,128,257
05/11/2022,PHF,VA,AEA,EN,Towers with Radar,5,19,37,10,71,0,0,9,0,9,5,19,46,10,80,32,0,32,112
05/12/2022,PHF,VA,AEA,EN,Towers with Radar,4,20,22,6,52,0,0,0,0,0,4,20,22,6,52,0,0,0,52
05/13/2022,PHF,VA,AEA,EN,Towers with Radar,4,16,20,4,44,0,0,5,0,5,4,16,25,4,49,0,0,0,49
05/14/2022,PHF,VA,AEA,EN,Towers with Radar,6,14,6,5,31,0,0,0,0,0,6,14,6,5,31,0,0,0,31
05/15/2022,PHF,VA,AEA,EN,Towers with Radar,4,9,21,1,35,0,0,58,0,58,4,9,79,1,93,40,0,40,133
05/16/2022,PHF,VA,AEA,EN,Towers with Radar,4,6,20,22,52,0,0,32,11,43,4,6,52,33,95,36,68,104,199
05/17/2022,PHF,VA,AEA,EN,Towers with Radar,5,10,20,23,58,0,0,75,9,84,5,10,95,32,142,92,60,152,294
05/18/2022,PHF,VA,AEA,EN,Towers with Radar,6,16,31,10,63,0,0,64,4,68,6,16,95,14,131,98,10,108,239
05/19/2022,PHF,VA,AEA,EN,Towers with Radar,4,13,17,21,55,0,3,50,5,58,4,16,67,26,113,96,0,96,209
05/20/2022,PHF,VA,AEA,EN,Towers with Radar,4,16,30,10,60,0,0,63,5,68,4,16,93,15,128,152,18,170,298
05/21/2022,PHF,VA,AEA,EN,Towers with Radar,5,2,15,2,24,0,0,39,2,41,5,2,54,4,65,24,0,24,89
05/22/2022,PHF,VA,AEA,EN,Towers with Radar,9,13,16,10,48,0,0,49,0,49,9,13,65,10,97,56,0,56,153
05/23/2022,PHF,VA,AEA,EN,Towers with Radar,4,6,25,14,49,0,3,20,0,23,4,9,45,14,72,134,0,134,206
05/24/2022,PHF,VA,AEA,EN,Towers with Radar,4,10,23,9,46,0,0,0,0,0,4,10,23,9,46,0,0,0,46
05/25/2022,PHF,VA,AEA,EN,Towers with Radar,5,8,32,4,49,0,0,0,0,0,5,8,32,4,49,0,0,0,49
05/26/2022,PHF,VA,AEA,EN,Towers with Radar,4,15,39,3,61,0,0,0,0,0,4,15,39,3,61,0,0,0,61
05/27/2022,PHF,VA,AEA,EN,Towers with Radar,5,6,24,0,35,0,0,3,0,3,5,6,27,0,38,14,0,14,52
05/28/2022,PHF,VA,AEA,EN,Towers with Radar,5,5,23,0,33,0,0,65,0,65,5,5,88,0,98,34,0,34,132
05/29/2022,PHF,VA,AEA,EN,Towers with Radar,5,6,16,0,27,0,0,52,0,52,5,6,68,0,79,52,0,52,131
05/30/2022,PHF,VA,AEA,EN,Towers with Radar,4,10,33,0,47,0,0,55,0,55,4,10,88,0,102,92,0,92,194
05/31/2022,PHF,VA,AEA,EN,Towers with Radar,6,10,18,13,47,0,0,63,2,65,6,10,81,15,112,106,40,146,258
06/01/2022,PHF,VA,AEA,EN,Towers with Radar,6,11,16,51,84,0,0,45,3,48,6,11,61,54,132,108,42,150,282
06/02/2022,PHF,VA,AEA,EN,Towers with Radar,4,14,25,61,104,0,0,57,17,74,4,14,82,78,178,98,19,117,295
06/03/2022,PHF,VA,AEA,EN,Towers with Radar,2,17,30,26,75,0,1,47,2,50,2,18,77,28,125,118,4,122,247
06/04/2022,PHF,VA,AEA,EN,Towers with Radar,0,22,24,13,59,0,0,66,3,69,0,22,90,16,128,86,0,86,214
06/05/2022,PHF,VA,AEA,EN,Towers with Radar,2,12,27,0,41,0,0,30,0,30,2,12,57,0,71,30,0,30,101
06/06/2022,PHF,VA,AEA,EN,Towers with Radar,2,19,38,19,78,0,0,38,1,39,2,19,76,20,117,118,4,122,239
06/07/2022,PHF,VA,AEA,EN,Towers with Radar,2,14,34,25,75,0,0,51,7,58,2,14,85,32,133,68,98,166,299
06/08/2022,PHF,VA,AEA,EN,Towers with Radar,2,12,13,7,34,0,0,28,3,31,2,12,41,10,65,66,6,72,137
06/09/2022,PHF,VA,AEA,EN,Towers with Radar,2,15,33,13,63,0,0,54,6,60,2,15,87,19,123,49,44,93,216
06/10/2022,PHF,VA,AEA,EN,Towers with Radar,2,6,20,8,36,0,0,54,0,54,2,6,74,8,90,80,0,80,170
06/11/2022,PHF,VA,AEA,EN,Towers with Radar,2,9,9,0,20,0,0,53,0,53,2,9,62,0,73,76,0,76,149
06/12/2022,PHF,VA,AEA,EN,Towers with Radar,2,16,14,0,32,0,0,12,0,12,2,16,26,0,44,20,0,20,64
06/13/2022,PHF,VA,AEA,EN,Towers with Radar,2,12,22,27,63,0,0,25,5,30,2,12,47,32,93,52,20,72,165
06/14/2022,PHF,VA,AEA,EN,Towers with Radar,2,9,16,35,62,0,0,11,2,13,2,9,27,37,75,26,12,38,113
06/15/2022,PHF,VA,AEA,EN,Towers with Radar,2,12,38,43,95,0,0,34,10,44,2,12,72,53,139,48,18,66,205
06/16/2022,PHF,VA,AEA,EN,Towers with Radar,2,20,17,33,72,0,0,19,4,23,2,20,36,37,95,116,6,122,217
06/17/2022,PHF,VA,AEA,EN,Towers with Radar,2,10,30,4,46,0,0,64,1,65,2,10,94,5,111,92,2,94,205
06/18/2022,PHF,VA,AEA,EN,Towers with Radar,2,17,18,7,44,0,0,31,1,32,2,17,49,8,76,54,0,54,130
06/19/2022,PHF,VA,AEA,EN,Towers with Radar,2,10,24,2,38,0,0,27,0,27,2,10,51,2,65,58,0,58,123
06/20/2022,PHF,VA,AEA,EN,Towers with Radar,2,8,31,5,46,0,0,61,0,61,2,8,92,5,107,64,0,64,171
06/21/2022,PHF,VA,AEA,EN,Towers with Radar,2,15,22,28,67,0,0,53,1,54,2,15,75,29,121,86,12,98,219
06/22/2022,PHF,VA,AEA,EN,Towers with Radar,2,10,34,33,79,0,0,51,4,55,2,10,85,37,134,72,48,120,254
06/23/2022,PHF,VA,AEA,EN,Towers with Radar,2,16,34,13,65,0,0,4,4,8,2,16,38,17,73,8,26,34,107
06/24/2022,PHF,VA,AEA,EN,Towers with Radar,2,22,26,11,61,0,2,58,1,61,2,24,84,12,122,142,18,160,282
06/25/2022,PHF,VA,AEA,EN,Towers with Radar,2,24,18,7,51,0,0,61,0,61,2,24,79,7,112,66,0,66,178
06/26/2022,PHF,VA,AEA,EN,Towers with Radar,2,20,17,20,59,0,0,47,1,48,2,20,64,21,107,100,0,100,207
06/27/2022,PHF,VA,AEA,EN,Towers with Radar,2,16,13,14,45,0,0,38,2,40,2,16,51,16,85,72,14,86,171
06/28/2022,PHF,VA,AEA,EN,Towers with Radar,2,14,23,24,63,0,0,75,11,86,2,14,98,35,149,128,34,162,311
06/29/2022,PHF,VA,AEA,EN,Towers with Radar,2,11,41,28,82,0,0,50,3,53,2,11,91,31,135,130,8,138,273
06/30/2022,PHF,VA,AEA,EN,Towers with Radar,2,29,28,14,73,0,0,48,10,58,2,29,76,24,131,94,26,120,251
07/01/2022,PHF,VA,AEA,EN,Towers with Radar,4,7,24,6,41,0,0,50,6,56,4,7,74,12,97,80,34,114,211
07/02/2022,PHF,VA,AEA,EN,Towers with Radar,2,9,16,0,27,0,2,55,0,57,2,11,71,0,84,106,0,106,190
07/03/2022,PHF,VA,AEA,EN,Towers with Radar,1,7,4,0,12,0,0,6,0,6,1,7,10,0,18,10,0,10,28
07/04/2022,PHF,VA,AEA,EN,Towers with Radar,3,8,18,0,29,0,0,31,0,31,3,8,49,0,60,84,0,84,144
07/05/2022,PHF,VA,AEA,EN,Towers with Radar,4,16,22,0,42,0,0,31,0,31,4,16,53,0,73,66,0,66,139
07/06/2022,PHF,VA,AEA,EN,Towers with Radar,2,14,21,36,73,0,0,35,0,35,2,14,56,36,108,113,26,139,247
07/07/2022,PHF,VA,AEA,EN,Towers with Radar,2,12,20,39,73,0,0,14,3,17,2,12,34,42,90,68,84,152,242
07/08/2022,PHF,VA,AEA,EN,Towers with Radar,3,9,31,13,56,0,0,23,2,25,3,9,54,15,81,40,0,40,121
07/09/2022,PHF,VA,AEA,EN,Towers with Radar,3,6,27,10,46,0,0,0,0,0,3,6,27,10,46,0,0,0,46
07/10/2022,PHF,VA,AEA,EN,Towers with Radar,2,9,30,0,41,0,0,5,0,5,2,9,35,0,46,0,0,0,46
07/11/2022,PHF,VA,AEA,EN,Towers with Radar,3,8,19,15,45,0,0,52,3,55,3,8,71,18,100,84,0,84,184
07/12/2022,PHF,VA,AEA,EN,Towers with Radar,3,16,19,13,51,0,0,60,15,75,3,16,79,28,126,88,89,177,303
07/13/2022,PHF,VA,AEA,EN,Towers with Radar,2,16,20,11,49,0,0,26,5,31,2,16,46,16,80,58,50,108,188
07/14/2022,PHF,VA,AEA,EN,Towers with Radar,3,12,26,29,70,0,0,56,8,64,3,12,82,37,134,87,27,114,248
07/15/2022,PHF,VA,AEA,EN,Towers with Radar,3,13,23,36,75,0,0,23,1,24,3,13,46,37,99,14,6,20,119
07/16/2022,PHF,VA,AEA,EN,Towers with Radar,2,11,10,1,24,0,0,30,0,30,2,11,40,1,54,79,0,79,133
07/17/2022,PHF,VA,AEA,EN,Towers with Radar,3,8,19,4,34,0,0,32,2,34,3,8,51,6,68,57,18,75,143
07/18/2022,PHF,VA,AEA,EN,Towers with Radar,3,15,34,22,74,0,0,52,8,60,3,15,86,30,134,116,14,130,264
07/19/2022,PHF,VA,AEA,EN,Towers with Radar,3,15,13,45,76,0,0,36,5,41,3,15,49,50,117,128,40,168,285
07/20/2022,PHF,VA,AEA,EN,Towers with Radar,2,11,35,26,74,0,1,57,4,62,2,12,92,30,136,84,8,92,228
07/21/2022,PHF,VA,AEA,EN,Towers with Radar,2,15,12,47,76,0,2,16,3,21,2,17,28,50,97,46,14,60,157
07/22/2022,PHF,VA,AEA,EN,Towers with Radar,3,13,33,25,74,0,0,46,5,51,3,13,79,30,125,76,26,102,227
07/23/2022,PHF,VA,AEA,EN,Towers with Radar,3,5,13,0,21,0,0,37,0,37,3,5,50,0,58,46,0,46,104
07/24/2022,PHF,VA,AEA,EN,Towers with Radar,3,9,8,1,21,0,0,27,0,27,3,9,35,1,48,59,0,59,107
07/25/2022,PHF,VA,AEA,EN,Towers with Radar,3,10,19,37,69,0,0,30,3,33,3,10,49,40,102,90,18,108,210
07/26/2022,PHF,VA,AEA,EN,Towers with Radar,3,13,17,20,53,0,0,13,3,16,3,13,30,23,69,74,27,101,170
07/27/2022,PHF,VA,AEA,EN,Towers with Radar,3,12,38,38,91,0,1,28,1,30,3,13,66,39,121,56,2,58,179
07/28/2022,PHF,VA,AEA,EN,Towers with Radar,2,16,33,14,65,0,1,70,1,72,2,17,103,15,137,116,0,116,253
07/29/2022,PHF,VA,AEA,EN,Towers with Radar,3,6,21,11,41,0,0,32,3,35,3,6,53,14,76,40,6,46,122
07/30/2022,PHF,VA,AEA,EN,Towers with Radar,2,10,14,0,26,0,0,49,0,49,2,10,63,0,75,80,0,80,155
07/31/2022,PHF,VA,AEA,EN,Towers with Radar,2,11,17,0,30,0,0,16,4,20,2,11,33,4,50,20,2,22,72
08/01/2022,PHF,VA,AEA,EN,Towers with Radar,3,10,15,13,41,0,0,10,0,10,3,10,25,13,51,7,0,7,58
08/02/2022,PHF,VA,AEA,EN,Towers with Radar,3,13,18,48,82,0,0,51,2,53,3,13,69,50,135,97,17,114,249
08/03/2022,PHF,VA,AEA,EN,Towers with Radar,2,14,24,10,50,0,0,32,1,33,2,14,56,11,83,110,26,136,219
08/04/2022,PHF,VA,AEA,EN,Towers with Radar,2,16,9,28,55,0,0,46,1,47,2,16,55,29,102,93,14,107,209
08/05/2022,PHF,VA,AEA,EN,Towers with Radar,3,11,11,27,52,0,0,37,0,37,3,11,48,27,89,102,0,102,191
08/06/2022,PHF,VA,AEA,EN,Towers with Radar,2,6,17,0,25,0,0,34,0,34,2,6,51,0,59,87,0,87,146
08/07/2022,PHF,VA,AEA,EN,Towers with Radar,2,6,22,0,30,0,0,38,0,38,2,6,60,0,68,118,0,118,186
08/08/2022,PHF,VA,AEA,EN,Towers with Radar,3,9,27,39,78,0,0,57,1,58,3,9,84,40,136,100,22,122,258
08/09/2022,PHF,VA,AEA,EN,Towers with Radar,3,15,20,32,70,0,0,43,3,46,3,15,63,35,116,30,0,30,146
08/10/2022,PHF,VA,AEA,EN,Towers with Radar,3,8,22,9,42,0,0,41,7,48,3,8,63,16,90,102,76,178,268
08/11/2022,PHF,VA,AEA,EN,Towers with Radar,3,16,24,13,56,0,0,7,2,9,3,16,31,15,65,6,28,34,99
08/12/2022,PHF,VA,AEA,EN,Towers with Radar,3,20,22,15,60,0,2,50,6,58,3,22,72,21,118,124,0,124,242
08/13/2022,PHF,VA,AEA,EN,Towers with Radar,3,5,4,0,12,0,1,46,0,47,3,6,50,0,59,87,0,87,146
08/14/2022,PHF,VA,AEA,EN,Towers with Radar,3,18,27,8,56,0,0,52,0,52,3,18,79,8,108,106,0,106,214
08/15/2022,PHF,VA,AEA,EN,Towers with Radar,3,15,18,45,81,0,1,43,5,49,3,16,61,50,130,81,40,121,251
08/16/2022,PHF,VA,AEA,EN,Towers with Radar,3,16,31,35,85,0,2,63,1,66,3,18,94,36,151,114,42,156,307
08/17/2022,PHF,VA,AEA,EN,Towers with Radar,0,18,42,26,86,0,0,58,1,59,0,18,100,27,145,112,2,114,259
08/18/2022,PHF,VA,AEA,EN,Towers with Radar,2,18,18,11,49,0,0,54,0,54,2,18,72,11,103,94,0,94,197
08/19/2022,PHF,VA,AEA,EN,Towers with Radar,2,7,24,13,46,0,1,54,3,58,2,8,78,16,104,80,51,131,235
08/20/2022,PHF,VA,AEA,EN,Towers with Radar,2,10,17,3,32,0,5,24,0,29,2,15,41,3,61,64,0,64,125
08/21/2022,PHF,VA,AEA,EN,Towers with Radar,2,14,14,3,33,0,0,5,0,5,2,14,19,3,38,16,0,16,54
08/22/2022,PHF,VA,AEA,EN,Towers with Radar,2,13,37,9,61,0,0,22,3,25,2,13,59,12,86,96,18,114,200
08/23/2022,PHF,VA,AEA,EN,Towers with Radar,2,19,26,4,51,0,0,50,0,50,2,19,76,4,101,100,40,140,241
08/24/2022,PHF,VA,AEA,EN,Towers with Radar,2,21,34,15,72,0,0,88,3,91,2,21,122,18,163,106,14,120,283
08/25/2022,PHF,VA,AEA,EN,Towers with Radar,0,18,34,19,71,0,0,63,8,71,0,18,97,27,142,165,0,165,307
08/26/2022,PHF,VA,AEA,EN,Towers with Radar,2,9,19,15,45,0,0,57,3,60,2,9,76,18,105,130,14,144,249
08/27/2022,PHF,VA,AEA,EN,Towers with Radar,2,12,11,2,27,0,0,43,0,43,2,12,54,2,70,71,0,71,141
08/28/2022,PHF,VA,AEA,EN,Towers with Radar,2,7,11,0,20,0,0,45,0,45,2,7,56,0,65,124,0,124,189
08/29/2022,PHF,VA,AEA,EN,Towers with Radar,2,12,29,12,55,0,0,56,2,58,2,12,85,14,113,188,12,200,313
08/30/2022,PHF,VA,AEA,EN,Towers with Radar,2,13,23,31,69,0,0,70,4,74,2,13,93,35,143,105,4,109,252
08/31/2022,PHF,VA,AEA,EN,Towers with Radar,2,9,42,28,81,0,0,41,4,45,2,9,83,32,126,62,2,64,190
09/01/2022,PHF,VA,AEA,EN,Towers with Radar,2,9,33,16,60,0,0,50,6,56,2,9,83,22,116,119,58,177,293
09/02/2022,PHF,VA,AEA,EN,Towers with Radar,0,11,34,21,66,0,0,49,1,50,0,11,83,22,116,106,8,114,230
09/03/2022,PHF,VA,AEA,EN,Towers with Radar,4,5,13,0,22,0,0,43,0,43,4,5,56,0,65,114,0,114,179
09/04/2022,PHF,VA,AEA,EN,Towers with Radar,0,12,19,1,32,0,0,34,0,34,0,12,53,1,66,84,0,84,150
09/05/2022,PHF,VA,AEA,EN,Towers with Radar,2,15,11,0,28,0,0,38,0,38,2,15,49,0,66,116,0,116,182
09/06/2022,PHF,VA,AEA,EN,Towers with Radar,2,8,29,18,57,0,0,18,4,22,2,8,47,22,79,97,0,97,176
09/07/2022,PHF,VA,AEA,EN,Towers with Radar,3,17,51,17,88,0,0,28,10,38,3,17,79,27,126,128,4,132,258
09/08/2022,PHF,VA,AEA,EN,Towers with Radar,2,21,44,41,108,0,0,57,12,69,2,21,101,53,177,136,56,192,369
09/09/2022,PHF,VA,AEA,EN,Towers with Radar,3,13,21,29,66,0,0,55,2,57,3,13,76,31,123,101,2,103,226
09/10/2022,PHF,VA,AEA,EN,Towers with Radar,6,10,21,5,42,0,0,49,1,50,6,10,70,6,92,18,0,18,110
09/11/2022,PHF,VA,AEA,EN,Towers with Radar,2,13,18,10,43,0,0,6,2,8,2,13,24,12,51,36,0,36,87
09/12/2022,PHF,VA,AEA,EN,Towers with Radar,2,18,29,24,73,0,0,30,4,34,2,18,59,28,107,54,2,56,163
09/13/2022,PHF,VA,AEA,EN,Towers with Radar,4,15,28,33,80,0,0,44,7,51,4,15,72,40,131,103,16,119,250
09/14/2022,PHF,VA,AEA,EN,Towers with Radar,6,15,33,48,102,0,0,67,7,74,6,15,100,55,176,80,18,98,274
09/15/2022,PHF,VA,AEA,EN,Towers with Radar,3,23,39,20,85,0,0,61,1,62,3,23,100,21,147,86,0,86,233
09/16/2022,PHF,VA,AEA,EN,Towers with Radar,2,14,26,41,83,0,0,58,2,60,2,14,84,43,143,77,6,83,226
09/17/2022,PHF,VA,AEA,EN,Towers with Radar,4,10,14,0,28,0,0,38,2,40,4,10,52,2,68,62,0,62,130
09/18/2022,PHF,VA,AEA,EN,Towers with Radar,2,8,22,6,38,0,2,46,0,48,2,10,68,6,86,81,0,81,167
09/19/2022,PHF,VA,AEA,EN,Towers with Radar,2,10,23,24,59,0,0,59,7,66,2,10,82,31,125,42,24,66,191
09/20/2022,PHF,VA,AEA,EN,Towers with Radar,4,18,62,19,103,0,0,48,1,49,4,18,110,20,152,151,4,155,307
09/21/2022,PHF,VA,AEA,EN,Towers with Radar,4,19,49,23,95,0,0,62,7,69,4,19,111,30,164,82,28,110,274
09/22/2022,PHF,VA,AEA,EN,Towers with Radar,2,24,14,18,58,0,0,31,1,32,2,24,45,19,90,92,18,110,200
09/23/2022,PHF,VA,AEA,EN,Towers with Radar,2,16,19,12,49,0,0,26,1,27,2,16,45,13,76,6,0,6,82
09/24/2022,PHF,VA,AEA,EN,Towers with Radar,4,13,20,2,39,0,0,64,2,66,4,13,84,4,105,74,0,74,179
09/25/2022,PHF,VA,AEA,EN,Towers with Radar,2,13,10,0,25,0,0,25,2,27,2,13,35,2,52,56,0,56,108
09/26/2022,PHF,VA,AEA,EN,Towers with Radar,3,19,31,18,71,0,0,50,1,51,3,19,81,19,122,128,10,138,260
09/27/2022,PHF,VA,AEA,EN,Towers with Radar,4,9,30,49,92,0,0,45,2,47,4,9,75,51,139,33,10,43,182
09/28/2022,PHF,VA,AEA,EN,Towers with Radar,4,23,35,24,86,0,0,62,2,64,4,23,97,26,150,104,0,104,254
09/29/2022,PHF,VA,AEA,EN,Towers with Radar,2,12,6,10,30,0,0,2,20,22,2,12,8,30,52,11,99,110,162
09/30/2022,PHF,VA,AEA,EN,Towers with Radar,3,7,7,0,17,0,0,0,0,0,3,7,7,0,17,0,0,0,17
10/01/2022,PHF,VA,AEA,EN,Towers with Radar,6,8,6,2,22,0,0,11,0,11,6,8,17,2,33,11,0,11,44
10/02/2022,PHF,VA,AEA,EN,Towers with Radar,2,6,9,2,19,0,0,18,0,18,2,6,27,2,37,29,0,29,66
10/03/2022,PHF,VA,AEA,EN,Towers with Radar,2,10,4,0,16,0,0,0,0,0,2,10,4,0,16,0,0,0,16
10/04/2022,PHF,VA,AEA,EN,Towers with Radar,4,5,24,10,43,0,0,0,4,4,4,5,24,14,47,0,8,8,55
10/05/2022,PHF,VA,AEA,EN,Towers with Radar,4,7,48,26,85,0,0,2,0,2,4,7,50,26,87,0,0,0,87
10/06/2022,PHF,VA,AEA,EN,Towers with Radar,2,13,39,18,72,0,0,53,8,61,2,13,92,26,133,94,18,112,245
10/07/2022,PHF,VA,AEA,EN,Towers with Radar,3,15,27,29,74,0,0,32,5,37,3,15,59,34,111,19,2,21,132
10/08/2022,PHF,VA,AEA,EN,Towers with Radar,1,11,17,5,34,0,0,18,1,19,1,11,35,6,53,26,0,26,79
10/09/2022,PHF,VA,AEA,EN,Towers with Radar,2,13,23,2,40,0,0,37,0,37,2,13,60,2,77,28,0,28,105
10/10/2022,PHF,VA,AEA,EN,Towers with Radar,2,15,29,3,49,0,0,34,0,34,2,15,63,3,83,12,0,12,95
10/11/2022,PHF,VA,AEA,EN,Towers with Radar,4,12,44,2,62,0,0,26,0,26,4,12,70,2,88,16,0,16,104
10/12/2022,PHF,VA,AEA,EN,Towers with Radar,4,17,30,5,56,0,0,39,16,55,4,17,69,21,111,110,16,126,237
10/13/2022,PHF,VA,AEA,EN,Towers with Radar,6,18,15,7,46,0,0,8,0,8,6,18,23,7,54,20,0,20,74
10/14/2022,PHF,VA,AEA,EN,Towers with Radar,2,16,27,10,55,0,0,65,13,78,2,16,92,23,133,96,32,128,261
10/15/2022,PHF,VA,AEA,EN,Towers with Radar,0,16,26,2,44,0,0,49,3,52,0,16,75,5,96,74,0,74,170
10/16/2022,PHF,VA,AEA,EN,Towers with Radar,2,9,9,6,26,0,0,38,4,42,2,9,47,10,68,36,4,40,108
10/17/2022,PHF,VA,AEA,EN,Towers with Radar,2,8,19,10,39,0,0,24,7,31,2,8,43,17,70,38,28,66,136
10/18/2022,PHF,VA,AEA,EN,Towers with Radar,6,14,16,7,43,0,0,39,2,41,6,14,55,9,84,98,48,146,230
10/19/2022,PHF,VA,AEA,EN,Towers with Radar,6,8,29,13,56,0,0,43,9,52,6,8,72,22,108,60,56,116,224
10/20/2022,PHF,VA,AEA,EN,Towers with Radar,6,10,25,7,48,0,0,42,4,46,6,10,67,11,94,44,55,99,193
10/21/2022,PHF,VA,AEA,EN,Towers with Radar,2,7,33,7,49,0,0,52,3,55,2,7,85,10,104,56,8,64,168
10/22/2022,PHF,VA,AEA,EN,Towers with Radar,0,11,16,0,27,0,0,71,4,75,0,11,87,4,102,102,0,102,204
10/23/2022,PHF,VA,AEA,EN,Towers with Radar,9,18,10,0,37,0,0,0,0,0,9,18,10,0,37,10,0,10,47
10/24/2022,PHF,VA,AEA,EN,Towers with Radar,3,13,30,2,48,0,0,3,0,3,3,13,33,2,51,22,30,52,103
10/25/2022,PHF,VA,AEA,EN,Towers with Radar,4,13,30,3,50,0,0,0,0,0,4,13,30,3,50,0,0,0,50
10/26/2022,PHF,VA,AEA,EN,Towers with Radar,4,8,35,8,55,0,0,12,5,17,4,8,47,13,72,74,31,105,177
10/27/2022,PHF,VA,AEA,EN,Towers with Radar,6,13,22,11,52,0,1,65,1,67,6,14,87,12,119,118,13,131,250
10/28/2022,PHF,VA,AEA,EN,Towers with Radar,3,7,27,2,39,0,0,16,0,16,3,7,43,2,55,62,0,62,117
10/29/2022,PHF,VA,AEA,EN,Towers with Radar,1,7,29,0,37,0,0,31,0,31,1,7,60,0,68,64,0,64,132
10/30/2022,PHF,VA,AEA,EN,Towers with Radar,6,9,16,0,31,0,0,26,1,27,6,9,42,1,58,109,0,109,167
10/31/2022,PHF,VA,AEA,EN,Towers with Radar,0,16,22,8,46,0,0,49,1,50,0,16,71,9,96,64,0,64,160
11/01/2022,PHF,VA,AEA,EN,Towers with Radar,4,7,43,18,72,0,0,31,2,33,4,7,74,20,105,54,16,70,175
11/02/2022,PHF,VA,AEA,EN,Towers with Radar,4,23,29,7,63,0,0,61,0,61,4,23,90,7,124,88,12,100,224
11/03/2022,PHF,VA,AEA,EN,Towers with Radar,4,14,29,8,55,0,0,37,2,39,4,14,66,10,94,42,14,56,150
11/04/2022,PHF,VA,AEA,EN,Towers with Radar,0,14,25,21,60,0,0,48,13,61,0,14,73,34,121,40,103,143,264
11/05/2022,PHF,VA,AEA,EN,Towers with Radar,0,7,17,1,25,0,0,37,0,37,0,7,54,1,62,67,0,67,129
11/06/2022,PHF,VA,AEA,EN,Towers with Radar,4,13,27,0,44,0,0,44,1,45,4,13,71,1,89,54,0,54,143
11/07/2022,PHF,VA,AEA,EN,Towers with Radar,0,18,15,46,79,0,1,45,3,49,0,19,60,49,128,84,18,102,230
11/08/2022,PHF,VA,AEA,EN,Towers with Radar,0,11,21,24,56,0,0,27,0,27,0,11,48,24,83,24,0,24,107
11/09/2022,PHF,VA,AEA,EN,Towers with Radar,1,18,23,13,55,0,0,29,4,33,1,18,52,17,88,42,8,50,138
11/10/2022,PHF,VA,AEA,EN,Towers with Radar,2,15,25,17,59,0,0,33,3,36,2,15,58,20,95,92,38,130,225
11/11/2022,PHF,VA,AEA,EN,Towers with Radar,0,10,9,0,19,0,0,0,0,0,0,10,9,0,19,0,0,0,19
11/12/2022,PHF,VA,AEA,EN,Towers with Radar,0,14,28,0,42,0,0,59,0,59,0,14,87,0,101,78,0,78,179
11/13/2022,PHF,VA,AEA,EN,Towers with Radar,4,22,15,1,42,0,0,25,0,25,4,22,40,1,67,42,0,42,109
11/14/2022,PHF,VA,AEA,EN,Towers with Radar,0,16,17,24,57,0,0,44,0,44,0,16,61,24,101,82,0,82,183
11/15/2022,PHF,VA,AEA,EN,Towers with Radar,0,14,22,17,53,0,0,16,1,17,0,14,38,18,70,78,0,78,148
11/16/2022,PHF,VA,AEA,EN,Towers with Radar,0,15,23,24,62,0,0,21,1,22,0,15,44,25,84,84,18,102,186
11/17/2022,PHF,VA,AEA,EN,Towers with Radar,4,10,21,13,48,0,0,32,4,36,4,10,53,17,84,70,4,74,158
11/18/2022,PHF,VA,AEA,EN,Towers with Radar,2,28,35,25,90,0,1,45,3,49,2,29,80,28,139,48,16,64,203
11/19/2022,PHF,VA,AEA,EN,Towers with Radar,0,12,28,5,45,0,1,47,3,51,0,13,75,8,96,86,10,96,192
11/20/2022,PHF,VA,AEA,EN,Towers with Radar,4,14,30,16,64,0,0,38,0,38,4,14,68,16,102,62,8,70,172
11/21/2022,PHF,VA,AEA,EN,Towers with Radar,0,8,24,16,48,0,0,35,0,35,0,8,59,16,83,79,0,79,162
11/22/2022,PHF,VA,AEA,EN,Towers with Radar,4,10,25,25,64,0,0,35,1,36,4,10,60,26,100,99,0,99,199
11/23/2022,PHF,VA,AEA,EN,Towers with Radar,0,20,29,20,69,0,1,54,7,62,0,21,83,27,131,84,26,110,241
11/24/2022,PHF,VA,AEA,EN,Towers with Radar,5,7,4,0,16,0,0,5,0,5,5,7,9,0,21,0,0,0,21
11/25/2022,PHF,VA,AEA,EN,Towers with Radar,0,10,20,2,32,0,0,6,0,6,0,10,26,2,38,52,0,52,90
11/26/2022,PHF,VA,AEA,EN,Towers with Radar,1,13,22,0,36,0,2,46,0,48,1,15,68,0,84,33,0,33,117
11/27/2022,PHF,VA,AEA,EN,Towers with Radar,4,14,9,3,30,0,0,0,0,0,4,14,9,3,30,0,0,0,30
11/28/2022,PHF,VA,AEA,EN,Towers with Radar,0,16,12,11,39,0,0,30,5,35,0,16,42,16,74,27,10,37,111
11/29/2022,PHF,VA,AEA,EN,Towers with Radar,0,12,34,32,78,0,0,27,6,33,0,12,61,38,111,44,54,98,209
11/30/2022,PHF,VA,AEA,EN,Towers with Radar,0,14,23,4,41,0,0,0,0,0,0,14,23,4,41,0,0,0,41
12/01/2022,PHF,VA,AEA,EN,Towers with Radar,4,15,19,5,43,0,0,48,3,51,4,15,67,8,94,98,12,110,204
12/02/2022,PHF,VA,AEA,EN,Towers with Radar,1,12,17,0,30,0,0,65,0,65,1,12,82,0,95,126,2,128,223
12/03/2022,PHF,VA,AEA,EN,Towers with Radar,0,17,15,0,32,0,0,6,0,6,0,17,21,0,38,14,0,14,52
12/04/2022,PHF,VA,AEA,EN,Towers with Radar,5,13,18,0,36,0,0,66,0,66,5,13,84,0,102,132,0,132,234
12/05/2022,PHF,VA,AEA,EN,Towers with Radar,0,19,14,21,54,0,0,46,9,55,0,19,60,30,109,87,9,96,205
12/06/2022,PHF,VA,AEA,EN,Towers with Radar,1,28,45,5,79,0,0,20,10,30,1,28,65,15,109,10,20,30,139
12/07/2022,PHF,VA,AEA,EN,Towers with Radar,1,19,31,17,68,0,0,0,0,0,1,19,31,17,68,0,0,0,68
12/08/2022,PHF,VA,AEA,EN,Towers with Radar,4,20,46,22,92,0,0,22,5,27,4,20,68,27,119,42,28,70,189
12/09/2022,PHF,VA,AEA,EN,Towers with Radar,0,13,16,11,40,0,0,40,2,42,0,13,56,13,82,86,0,86,168
12/10/2022,PHF,VA,AEA,EN,Towers with Radar,2,16,18,2,38,0,0,40,0,40,2,16,58,2,78,98,0,98,176
12/11/2022,PHF,VA,AEA,EN,Towers with Radar,4,22,29,0,55,0,0,28,0,28,4,22,57,0,83,108,0,108,191
12/12/2022,PHF,VA,AEA,EN,Towers with Radar,0,26,24,30,80,0,0,39,0,39,0,26,63,30,119,33,0,33,152
12/13/2022,PHF,VA,AEA,EN,Towers with Radar,0,26,20,15,61,0,4,55,1,60,0,30,75,16,121,102,8,110,231
12/14/2022,PHF,VA,AEA,EN,Towers with Radar,0,9,48,12,69,0,0,34,0,34,0,9,82,12,103,134,0,134,237
12/15/2022,PHF,VA,AEA,EN,Towers with Radar,4,7,25,14,50,0,0,0,0,0,4,7,25,14,50,0,0,0,50
12/16/2022,PHF,VA,AEA,EN,Towers with Radar,0,9,20,7,36,0,0,28,4,32,0,9,48,11,68,50,28,78,146
12/17/2022,PHF,VA,AEA,EN,Towers with Radar,2,4,18,0,24,0,1,35,0,36,2,5,53,0,60,55,0,55,115
12/18/2022,PHF,VA,AEA,EN,Towers with Radar,4,7,18,2,31,0,0,35,0,35,4,7,53,2,66,62,0,62,128
12/19/2022,PHF,VA,AEA,EN,Towers with Radar,0,8,15,6,29,0,0,38,2,40,0,8,53,8,69,17,0,17,86
12/20/2022,PHF,VA,AEA,EN,Towers with Radar,0,11,24,15,50,0,0,44,2,46,0,11,68,17,96,74,36,110,206
12/21/2022,PHF,VA,AEA,EN,Towers with Radar,0,12,22,41,75,0,2,37,6,45,0,14,59,47,120,50,34,84,204
12/22/2022,PHF,VA,AEA,EN,Towers with Radar,4,10,7,8,29,0,0,0,0,0,4,10,7,8,29,0,0,0,29
12/23/2022,PHF,VA,AEA,EN,Towers with Radar,0,16,2,0,18,0,0,0,0,0,0,16,2,0,18,0,0,0,18
12/24/2022,PHF,VA,AEA,EN,Towers with Radar,0,11,0,0,11,0,0,1,0,1,0,11,1,0,12,0,0,0,12
12/25/2022,PHF,VA,AEA,EN,Towers with Radar,4,6,3,0,13,0,2,3,0,5,4,8,6,0,18,18,0,18,36
12/26/2022,PHF,VA,AEA,EN,Towers with Radar,0,7,11,8,26,0,2,29,1,32,0,9,40,9,58,42,0,42,100
12/27/2022,PHF,VA,AEA,EN,Towers with Radar,6,8,18,14,46,0,0,20,0,20,6,8,38,14,66,50,10,60,126
12/28/2022,PHF,VA,AEA,EN,Towers with Radar,0,9,22,0,31,0,0,47,8,55,0,9,69,8,86,56,16,72,158
12/29/2022,PHF,VA,AEA,EN,Towers with Radar,4,5,16,11,36,0,0,37,10,47,4,5,53,21,83,30,18,48,131
12/30/2022,PHF,VA,AEA,EN,Towers with Radar,0,8,16,4,28,0,0,44,0,44,0,8,60,4,72,62,0,62,134
12/31/2022,PHF,VA,AEA,EN,Towers with Radar,0,7,1,0,8,0,0,1,0,1,0,7,2,0,9,0,0,0,9
01/01/2023,PHF,VA,AEA,EN,Towers with Radar,4,3,5,6,18,0,0,39,0,39,4,3,44,6,57,21,0,21,78
01/02/2023,PHF,VA,AEA,EN,Towers with Radar,0,10,20,0,30,0,0,48,0,48,0,10,68,0,78,109,0,109,187
01/03/2023,PHF,VA,AEA,EN,Towers with Radar,0,12,10,53,75,0,1,26,2,29,0,13,36,55,104,20,77,97,201
01/04/2023,PHF,VA,AEA,EN,Towers with Radar,0,8,10,8,26,0,0,3,0,3,0,8,13,8,29,4,24,28,57
01/05/2023,PHF,VA,AEA,EN,Towers with Radar,4,8,28,51,91,0,0,34,4,38,4,8,62,55,129,58,34,92,221
01/06/2023,PHF,VA,AEA,EN,Towers with Radar,0,7,20,11,38,0,0,47,1,48,0,7,67,12,86,70,0,70,156
01/07/2023,PHF,VA,AEA,EN,Towers with Radar,2,5,19,1,27,0,0,54,1,55,2,5,73,2,82,128,0,128,210
01/08/2023,PHF,VA,AEA,EN,Towers with Radar,4,5,16,1,26,0,0,26,0,26,4,5,42,1,52,27,0,27,79
01/09/2023,PHF,VA,AEA,EN,Towers with Radar,0,10,16,14,40,0,0,25,0,25,0,10,41,14,65,30,0,30,95
01/10/2023,PHF,VA,AEA,EN,Towers with Radar,0,17,9,13,39,0,0,43,1,44,0,17,52,14,83,64,0,64,147
01/11/2023,PHF,VA,AEA,EN,Towers with Radar,0,13,29,27,69,0,1,40,5,46,0,14,69,32,115,88,44,132,247
01/12/2023,PHF,VA,AEA,EN,Towers with Radar,4,13,25,34,76,0,0,23,18,41,4,13,48,52,117,18,72,90,207
01/13/2023,PHF,VA,AEA,EN,Towers with Radar,0,11,18,2,31,0,0,28,8,36,0,11,46,10,67,104,21,125,192
01/14/2023,PHF,VA,AEA,EN,Towers with Radar,0,7,5,0,12,0,0,10,2,12,0,7,15,2,24,74,0,74,98
01/15/2023,PHF,VA,AEA,EN,Towers with Radar,4,14,10,0,28,0,0,20,0,20,4,14,30,0,48,46,0,46,94
01/16/2023,PHF,VA,AEA,EN,Towers with Radar,0,16,26,0,42,0,0,73,4,77,0,16,99,4,119,106,8,114,233
01/17/2023,PHF,VA,AEA,EN,Towers with Radar,0,12,11,23,46,0,0,14,1,15,0,12,25,24,61,77,10,87,148
01/18/2023,PHF,VA,AEA,EN,Towers with Radar,0,13,37,61,111,0,0,46,1,47,0,13,83,62,158,54,24,78,236
01/19/2023,PHF,VA,AEA,EN,Towers with Radar,4,17,30,52,103,0,0,42,15,57,4,17,72,67,160,50,78,128,288
01/20/2023,PHF,VA,AEA,EN,Towers with Radar,0,11,28,19,58,0,0,36,2,38,0,11,64,21,96,64,0,64,160
01/21/2023,PHF,VA,AEA,EN,Towers with Radar,0,6,15,15,36,0,0,100,9,109,0,6,115,24,145,100,4,104,249
01/22/2023,PHF,VA,AEA,EN,Towers with Radar,4,10,7,1,22,0,0,10,2,12,4,10,17,3,34,9,16,25,59
01/23/2023,PHF,VA,AEA,EN,Towers with Radar,0,21,20,27,68,0,0,13,2,15,0,21,33,29,83,51,8,59,142
01/24/2023,PHF,VA,AEA,EN,Towers with Radar,0,11,22,33,66,0,0,69,12,81,0,11,91,45,147,109,94,203,350
01/25/2023,PHF,VA,AEA,EN,Towers with Radar,0,10,16,4,30,0,0,13,0,13,0,10,29,4,43,0,0,0,43
01/26/2023,PHF,VA,AEA,EN,Towers with Radar,4,19,22,27,72,0,1,25,2,28,4,20,47,29,100,50,77,127,227
01/27/2023,PHF,VA,AEA,EN,Towers with Radar,0,12,16,12,40,0,0,38,9,47,0,12,54,21,87,146,12,158,245
01/28/2023,PHF,VA,AEA,EN,Towers with Radar,0,7,13,1,21,0,1,90,1,92,0,8,103,2,113,91,0,91,204
01/29/2023,PHF,VA,AEA,EN,Towers with Radar,4,9,18,0,31,0,0,47,0,47,4,9,65,0,78,42,0,42,120
01/30/2023,PHF,VA,AEA,EN,Towers with Radar,0,19,24,4,47,0,0,9,2,11,0,19,33,6,58,31,1,32,90
01/31/2023,PHF,VA,AEA,EN,Towers with Radar,0,10,10,0,20,0,0,0,0,0,0,10,10,0,20,0,0,0,20
02/01/2023,PHF,VA,AEA,EN,Towers with Radar,0,18,23,18,59,0,0,10,0,10,0,18,33,18,69,36,6,42,111
02/02/2023,PHF,VA,AEA,EN,Towers with Radar,4,8,16,19,47,2,0,10,7,19,6,8,26,26,66,79,10,89,155
02/03/2023,PHF,VA,AEA,EN,Towers with Radar,0,8,21,10,39,0,0,19,7,26,0,8,40,17,65,17,54,71,136
02/04/2023,PHF,VA,AEA,EN,Towers with Radar,0,7,15,2,24,0,0,62,0,62,0,7,77,2,86,108,0,108,194
02/05/2023,PHF,VA,AEA,EN,Towers with Radar,4,8,10,6,28,0,0,28,6,34,4,8,38,12,62,77,0,77,139
02/06/2023,PHF,VA,AEA,EN,Towers with Radar,0,9,15,21,45,0,2,19,1,22,0,11,34,22,67,24,0,24,91
02/07/2023,PHF,VA,AEA,EN,Towers with Radar,0,13,16,9,38,0,0,45,6,51,0,13,61,15,89,58,44,102,191
02/08/2023,PHF,VA,AEA,EN,Towers with Radar,0,14,26,12,52,0,0,48,7,55,0,14,74,19,107,108,46,154,261
02/09/2023,PHF,VA,AEA,EN,Towers with Radar,4,10,24,26,64,0,0,38,6,44,4,10,62,32,108,74,61,135,243
02/10/2023,PHF,VA,AEA,EN,Towers with Radar,0,12,31,9,52,0,0,25,6,31,0,12,56,15,83,50,62,112,195
02/11/2023,PHF,VA,AEA,EN,Towers with Radar,0,14,18,0,32,0,0,50,0,50,0,14,68,0,82,70,0,70,152
02/12/2023,PHF,VA,AEA,EN,Towers with Radar,4,5,10,0,19,0,0,0,0,0,4,5,10,0,19,0,0,0,19
02/13/2023,PHF,VA,AEA,EN,Towers with Radar,0,7,22,15,44,0,0,28,2,30,0,7,50,17,74,82,4,86,160
02/14/2023,PHF,VA,AEA,EN,Towers with Radar,2,27,27,13,69,0,0,51,6,57,2,27,78,19,126,74,12,86,212
02/15/2023,PHF,VA,AEA,EN,Towers with Radar,0,16,42,14,72,0,2,27,7,36,0,18,69,21,108,32,22,54,162
02/16/2023,PHF,VA,AEA,EN,Towers with Radar,4,14,19,27,64,0,2,33,17,52,4,16,52,44,116,65,62,127,243
02/17/2023,PHF,VA,AEA,EN,Towers with Radar,0,7,25,6,38,0,0,0,6,6,0,7,25,12,44,0,48,48,92
02/18/2023,PHF,VA,AEA,EN,Towers with Radar,0,2,23,1,26,0,0,52,0,52,0,2,75,1,78,122,0,122,200
02/19/2023,PHF,VA,AEA,EN,Towers with Radar,4,7,7,2,20,0,0,41,0,41,4,7,48,2,61,112,0,112,173
02/20/2023,PHF,VA,AEA,EN,Towers with Radar,0,6,12,0,18,0,0,52,1,53,0,6,64,1,71,112,0,112,183
02/21/2023,PHF,VA,AEA,EN,Towers with Radar,4,19,14,13,50,0,0,30,2,32,4,19,44,15,82,66,46,112,194
02/22/2023,PHF,VA,AEA,EN,Towers with Radar,0,12,22,27,61,0,1,29,4,34,0,13,51,31,95,104,0,104,199
02/23/2023,PHF,VA,AEA,EN,Towers with Radar,4,10,13,14,41,0,2,29,8,39,4,12,42,22,80,86,55,141,221
02/24/2023,PHF,VA,AEA,EN,Towers with Radar,0,13,21,6,40,0,0,47,0,47,0,13,68,6,87,98,0,98,185
02/25/2023,PHF,VA,AEA,EN,Towers with Radar,0,8,17,0,25,0,0,1,4,5,0,8,18,4,30,28,0,28,58
02/26/2023,PHF,VA,AEA,EN,Towers with Radar,4,9,30,4,47,0,0,21,2,23,4,9,51,6,70,38,0,38,108
02/27/2023,PHF,VA,AEA,EN,Towers with Radar,0,16,32,6,54,0,0,43,0,43,0,16,75,6,97,110,0,110,207
02/28/2023,PHF,VA,AEA,EN,Towers with Radar,0,15,15,27,57,0,0,14,6,20,0,15,29,33,77,14,14,28,105
03/01/2023,PHF,VA,AEA,EN,Towers with Radar,0,28,28,39,95,0,0,57,5,62,0,28,85,44,157,198,4,202,359
03/02/2023,PHF,VA,AEA,EN,Towers with Radar,4,11,15,21,51,0,0,36,9,45,4,11,51,30,96,50,24,74,170
03/03/2023,PHF,VA,AEA,EN,Towers with Radar,0,17,16,30,63,0,0,3,1,4,0,17,19,31,67,10,0,10,77
03/04/2023,PHF,VA,AEA,EN,Towers with Radar,0,9,8,0,17,0,0,11,0,11,0,9,19,0,28,0,0,0,28
03/05/2023,PHF,VA,AEA,EN,Towers with Radar,3,7,8,3,21,0,2,84,3,89,3,9,92,6,110,128,0,128,238
03/06/2023,PHF,VA,AEA,EN,Towers with Radar,1,17,27,9,54,0,2,64,2,68,1,19,91,11,122,107,0,107,229
03/07/2023,PHF,VA,AEA,EN,Towers with Radar,0,10,15,10,35,0,1,13,3,17,0,11,28,13,52,34,6,40,92
03/08/2023,PHF,VA,AEA,EN,Towers with Radar,0,14,17,17,48,0,1,20,0,21,0,15,37,17,69,43,2,45,114
03/09/2023,PHF,VA,AEA,EN,Towers with Radar,4,13,18,31,66,0,6,72,10,88,4,19,90,41,154,111,8,119,273
03/10/2023,PHF,VA,AEA,EN,Towers with Radar,2,12,17,44,75,0,0,25,2,27,2,12,42,46,102,58,18,76,178
03/11/2023,PHF,VA,AEA,EN,Towers with Radar,0,13,7,1,21,0,3,1,0,4,0,16,8,1,25,0,0,0,25
03/12/2023,PHF,VA,AEA,EN,Towers with Radar,4,14,19,0,37,0,0,25,0,25,4,14,44,0,62,32,0,32,94
03/13/2023,PHF,VA,AEA,EN,Towers with Radar,0,10,18,4,32,0,0,2,0,2,0,10,20,4,34,5,0,5,39
03/14/2023,PHF,VA,AEA,EN,Towers with Radar,0,11,4,39,54,0,2,5,3,10,0,13,9,42,64,21,8,29,93
03/15/2023,PHF,VA,AEA,EN,Towers with Radar,2,12,14,10,38,0,2,10,0,12,2,14,24,10,50,0,0,0,50
03/16/2023,PHF,VA,AEA,EN,Towers with Radar,0,14,36,25,75,0,4,62,4,70,0,18,98,29,145,146,13,159,304
03/17/2023,PHF,VA,AEA,EN,Towers with Radar,4,13,26,29,72,0,0,4,3,7,4,13,30,32,79,30,46,76,155
03/18/2023,PHF,VA,AEA,EN,Towers with Radar,0,13,12,13,38,0,4,31,2,37,0,17,43,15,75,68,0,68,143
03/19/2023,PHF,VA,AEA,EN,Towers with Radar,4,9,15,0,28,0,0,46,0,46,4,9,61,0,74,52,0,52,126
03/20/2023,PHF,VA,AEA,EN,Towers with Radar,0,18,27,25,70,0,6,53,0,59,0,24,80,25,129,90,0,90,219
03/21/2023,PHF,VA,AEA,EN,Towers with Radar,0,13,33,24,70,0,8,30,5,43,0,21,63,29,113,41,119,160,273
03/22/2023,PHF,VA,AEA,EN,Towers with Radar,0,12,22,30,64,0,8,51,7,66,0,20,73,37,130,96,10,106,236
03/23/2023,PHF,VA,AEA,EN,Towers with Radar,4,25,25,32,86,0,3,36,13,52,4,28,61,45,138,96,84,180,318
03/24/2023,PHF,VA,AEA,EN,Towers with Radar,2,12,35,8,57,0,0,22,2,24,2,12,57,10,81,120,0,120,201
03/25/2023,PHF,VA,AEA,EN,Towers with Radar,0,8,10,12,30,0,0,13,0,13,0,8,23,12,43,34,0,34,77
03/26/2023,PHF,VA,AEA,EN,Towers with Radar,4,11,25,3,43,0,5,76,0,81,4,16,101,3,124,150,0,150,274
03/27/2023,PHF,VA,AEA,EN,Towers with Radar,0,9,36,9,54,0,0,8,1,9,0,9,44,10,63,7,0,7,70
03/28/2023,PHF,VA,AEA,EN,Towers with Radar,0,9,20,14,43,0,0,36,2,38,0,9,56,16,81,94,0,94,175
03/29/2023,PHF,VA,AEA,EN,Towers with Radar,0,18,32,28,78,0,2,60,4,66,0,20,92,32,144,176,18,194,338
03/30/2023,PHF,VA,AEA,EN,Towers with Radar,4,15,23,15,57,0,4,53,9,66,4,19,76,24,123,130,2,132,255
03/31/2023,PHF,VA,AEA,EN,Towers with Radar,0,16,24,14,54,0,2,22,7,31,0,18,46,21,85,14,62,76,161
04/01/2023,PHF,VA,AEA,EN,Towers with Radar,0,11,5,0,16,0,0,0,0,0,0,11,5,0,16,0,0,0,16
04/02/2023,PHF,VA,AEA,EN,Towers with Radar,4,16,15,2,37,0,0,31,0,31,4,16,46,2,68,42,0,42,110
04/03/2023,PHF,VA,AEA,EN,Towers with Radar,0,19,31,20,70,0,2,44,3,49,0,21,75,23,119,94,10,104,223
04/04/2023,PHF,VA,AEA,EN,Towers with Radar,0,7,21,18,46,0,0,43,1,44,0,7,64,19,90,133,10,143,233
04/05/2023,PHF,VA,AEA,EN,Towers with Radar,0,14,33,37,84,0,0,67,10,77,0,14,100,47,161,192,36,228,389
04/06/2023,PHF,VA,AEA,EN,Towers with Radar,4,22,18,31,75,0,1,32,7,40,4,23,50,38,115,140,64,204,319
04/07/2023,PHF,VA,AEA,EN,Towers with Radar,0,10,13,9,32,0,0,8,0,8,0,10,21,9,40,26,0,26,66
04/08/2023,PHF,VA,AEA,EN,Towers with Radar,0,11,13,1,25,0,0,15,1,16,0,11,28,2,41,18,0,18,59
04/09/2023,PHF,VA,AEA,EN,Towers with Radar,4,18,7,1,30,0,0,18,0,18,4,18,25,1,48,56,0,56,104
04/10/2023,PHF,VA,AEA,EN,Towers with Radar,0,18,23,13,54,0,2,79,2,83,0,20,102,15,137,173,0,173,310
04/11/2023,PHF,VA,AEA,EN,Towers with Radar,0,10,29,27,66,0,2,58,1,61,0,12,87,28,127,125,26,151,278
04/12/2023,PHF,VA,AEA,EN,Towers with Radar,0,13,20,25,58,0,4,61,7,72,0,17,81,32,130,136,26,162,292
04/13/2023,PHF,VA,AEA,EN,Towers with Radar,2,12,30,44,88,0,2,63,10,75,2,14,93,54,163,108,50,158,321
04/14/2023,PHF,VA,AEA,EN,Towers with Radar,0,17,31,15,63,0,0,16,5,21,0,17,47,20,84,38,4,42,126
04/15/2023,PHF,VA,AEA,EN,Towers with Radar,4,14,35,9,62,0,1,29,0,30,4,15,64,9,92,96,0,96,188
04/16/2023,PHF,VA,AEA,EN,Towers with Radar,0,13,18,0,31,0,0,48,0,48,0,13,66,0,79,32,0,32,111
04/17/2023,PHF,VA,AEA,EN,Towers with Radar,0,17,23,25,65,0,0,37,7,44,0,17,60,32,109,71,26,97,206
04/18/2023,PHF,VA,AEA,EN,Towers with Radar,0,8,14,15,37,0,0,28,9,37,0,8,42,24,74,84,34,118,192
04/19/2023,PHF,VA,AEA,EN,Towers with Radar,0,20,40,43,103,0,2,68,8,78,0,22,108,51,181,85,58,143,324
04/20/2023,PHF,VA,AEA,EN,Towers with Radar,0,15,42,16,73,0,6,45,5,56,0,21,87,21,129,122,18,140,269
04/21/2023,PHF,VA,AEA,EN,Towers with Radar,0,24,26,26,76,0,2,50,6,58,0,26,76,32,134,72,90,162,296
04/22/2023,PHF,VA,AEA,EN,Towers with Radar,0,29,20,3,52,0,0,15,2,17,0,29,35,5,69,8,0,8,77
04/23/2023,PHF,VA,AEA,EN,Towers with Radar,0,17,39,1,57,0,1,82,2,85,0,18,121,3,142,118,0,118,260
04/24/2023,PHF,VA,AEA,EN,Towers with Radar,0,10,23,22,55,0,4,43,2,49,0,14,66,24,104,48,6,54,158
04/25/2023,PHF,VA,AEA,EN,Towers with Radar,0,8,21,20,49,0,2,34,4,40,0,10,55,24,89,94,106,200,289
04/26/2023,PHF,VA,AEA,EN,Towers with Radar,0,15,16,8,39,0,2,44,3,49,0,17,60,11,88,82,82,164,252
04/27/2023,PHF,VA,AEA,EN,Towers with Radar,0,11,27,31,69,0,0,42,11,53,0,11,69,42,122,88,28,116,238
04/28/2023,PHF,VA,AEA,EN,Towers with Radar,0,15,10,6,31,0,0,1,0,1,0,15,11,6,32,0,0,0,32
04/29/2023,PHF,VA,AEA,EN,Towers with Radar,0,14,24,5,43,0,0,30,0,30,0,14,54,5,73,94,4,98,171
04/30/2023,PHF,VA,AEA,EN,Towers with Radar,0,15,6,3,24,0,0,0,0,0,0,15,6,3,24,0,0,0,24
05/01/2023,PHF,VA,AEA,EN,Towers with Radar,0,17,15,23,55,0,2,14,29,45,0,19,29,52,100,10,84,94,194
05/02/2023,PHF,VA,AEA,EN,Towers with Radar,0,12,21,20,53,0,0,19,9,28,0,12,40,29,81,8,30,38,119
05/03/2023,PHF,VA,AEA,EN,Towers with Radar,0,13,19,24,56,0,2,23,5,30,0,15,42,29,86,88,22,110,196
05/04/2023,PHF,VA,AEA,EN,Towers with Radar,1,19,21,6,47,0,3,48,0,51,1,22,69,6,98,67,0,67,165
05/05/2023,PHF,VA,AEA,EN,Towers with Radar,1,12,19,8,40,0,4,46,7,57,1,16,65,15,97,86,46,132,229
05/06/2023,PHF,VA,AEA,EN,Towers with Radar,0,8,17,1,26,0,4,43,0,47,0,12,60,1,73,28,0,28,101
05/07/2023,PHF,VA,AEA,EN,Towers with Radar,0,7,16,4,27,0,2,39,0,41,0,9,55,4,68,22,0,22,90
05/08/2023,PHF,VA,AEA,EN,Towers with Radar,0,16,25,38,79,0,0,37,2,39,0,16,62,40,118,80,30,110,228
05/09/2023,PHF,VA,AEA,EN,Towers with Radar,0,12,13,18,43,0,0,30,12,42,0,12,43,30,85,79,79,158,243
05/10/2023,PHF,VA,AEA,EN,Towers with Radar,0,14,29,9,52,0,2,61,3,66,0,16,90,12,118,82,14,96,214
05/11/2023,PHF,VA,AEA,EN,Towers with Radar,0,13,26,14,53,0,2,45,8,55,0,15,71,22,108,44,52,96,204
05/12/2023,PHF,VA,AEA,EN,Towers with Radar,0,12,34,21,67,0,2,42,4,48,0,14,76,25,115,88,64,152,267
05/13/2023,PHF,VA,AEA,EN,Towers with Radar,0,14,31,1,46,0,2,30,0,32,0,16,61,1,78,66,0,66,144
05/14/2023,PHF,VA,AEA,EN,Towers with Radar,0,7,11,2,20,0,2,35,0,37,0,9,46,2,57,84,0,84,141
05/15/2023,PHF,VA,AEA,EN,Towers with Radar,0,10,13,24,47,0,1,73,5,79,0,11,86,29,126,103,0,103,229
05/16/2023,PHF,VA,AEA,EN,Towers with Radar,0,8,21,10,39,0,0,23,2,25,0,8,44,12,64,50,0,50,114
05/17/2023,PHF,VA,AEA,EN,Towers with Radar,0,12,42,29,83,0,1,60,4,65,0,13,102,33,148,78,12,90,238
05/18/2023,PHF,VA,AEA,EN,Towers with Radar,3,10,21,18,52,0,0,51,5,56,3,10,72,23,108,66,6,72,180
05/19/2023,PHF,VA,AEA,EN,Towers with Radar,0,9,34,20,63,0,0,9,5,14,0,9,43,25,77,42,8,50,127
05/20/2023,PHF,VA,AEA,EN,Towers with Radar,0,12,16,5,33,0,0,8,0,8,0,12,24,5,41,2,0,2,43
05/21/2023,PHF,VA,AEA,EN,Towers with Radar,0,14,30,11,55,0,3,44,2,49,0,17,74,13,104,46,16,62,166
05/22/2023,PHF,VA,AEA,EN,Towers with Radar,0,11,25,7,43,0,4,79,2,85,0,15,104,9,128,81,0,81,209
05/23/2023,PHF,VA,AEA,EN,Towers with Radar,0,6,40,36,82,0,0,35,0,35,0,6,75,36,117,52,0,52,169
05/24/2023,PHF,VA,AEA,EN,Towers with Radar,0,18,21,33,72,0,1,68,10,79,0,19,89,43,151,108,42,150,301
05/25/2023,PHF,VA,AEA,EN,Towers with Radar,0,12,33,22,67,0,0,46,3,49,0,12,79,25,116,124,14,138,254
05/26/2023,PHF,VA,AEA,EN,Towers with Radar,0,10,61,0,71,0,0,20,0,20,0,10,81,0,91,24,0,24,115
05/27/2023,PHF,VA,AEA,EN,Towers with Radar,0,8,8,4,20,0,0,4,0,4,0,8,12,4,24,0,0,0,24
05/28/2023,PHF,VA,AEA,EN,Towers with Radar,0,11,6,0,17,0,0,0,0,0,0,11,6,0,17,0,0,0,17
05/29/2023,PHF,VA,AEA,EN,Towers with Radar,0,11,17,0,28,0,0,7,0,7,0,11,24,0,35,12,0,12,47
05/30/2023,PHF,VA,AEA,EN,Towers with Radar,0,13,36,0,49,0,0,0,0,0,0,13,36,0,49,0,0,0,49
05/31/2023,PHF,VA,AEA,EN,Towers with Radar,0,16,35,26,77,0,0,1,0,1,0,16,36,26,78,10,0,10,88
06/01/2023,PHF,VA,AEA,EN,Towers with Radar,0,19,14,16,49,0,0,1,3,4,0,19,15,19,53,0,22,22,75
06/02/2023,PHF,VA,AEA,EN,Towers with Radar,0,22,28,11,61,0,0,49,5,54,0,22,77,16,115,63,38,101,216
06/03/2023,PHF,VA,AEA,EN,Towers with Radar,0,13,10,0,23,0,1,12,0,13,0,14,22,0,36,22,0,22,58
06/04/2023,PHF,VA,AEA,EN,Towers with Radar,0,19,23,7,49,0,0,38,0,38,0,19,61,7,87,54,0,54,141
06/05/2023,PHF,VA,AEA,EN,Towers with Radar,0,17,29,8,54,0,0,61,4,65,0,17,90,12,119,96,54,150,269
06/06/2023,PHF,VA,AEA,EN,Towers with Radar,0,19,18,53,90,0,0,54,5,59,0,19,72,58,149,76,46,122,271
06/07/2023,PHF,VA,AEA,EN,Towers with Radar,0,15,23,5,43,0,0,5,0,5,0,15,28,5,48,0,0,0,48
06/08/2023,PHF,VA,AEA,EN,Towers with Radar,0,20,24,14,58,0,0,5,0,5,0,20,29,14,63,20,0,20,83
06/09/2023,PHF,VA,AEA,EN,Towers with Radar,0,21,34,17,72,0,0,52,0,52,0,21,86,17,124,34,0,34,158
06/10/2023,PHF,VA,AEA,EN,Towers with Radar,0,11,19,19,49,0,0,53,0,53,0,11,72,19,102,56,0,56,158
06/11/2023,PHF,VA,AEA,EN,Towers with Radar,0,14,10,6,30,0,0,49,0,49,0,14,59,6,79,48,0,48,127
06/12/2023,PHF,VA,AEA,EN,Towers with Radar,0,21,14,18,53,0,1,23,20,44,0,22,37,38,97,40,66,106,203
06/14/2023,PHF,VA,AEA,EN,Towers with Radar,0,17,23,18,58,0,2,42,9,53,0,19,65,27,111,80,38,118,229
06/15/2023,PHF,VA,AEA,EN,Towers with Radar,0,19,33,12,64,0,0,63,9,72,0,19,96,21,136,116,54,170,306
06/16/2023,PHF,VA,AEA,EN,Towers with Radar,0,20,16,22,58,0,0,27,3,30,0,20,43,25,88,63,38,101,189
06/17/2023,PHF,VA,AEA,EN,Towers with Radar,0,21,17,0,38,0,0,45,0,45,0,21,62,0,83,74,0,74,157
06/18/2023,PHF,VA,AEA,EN,Towers with Radar,0,14,19,0,33,0,1,59,3,63,0,15,78,3,96,34,0,34,130
06/19/2023,PHF,VA,AEA,EN,Towers with Radar,0,15,21,8,44,0,0,37,0,37,0,15,58,8,81,36,0,36,117
06/20/2023,PHF,VA,AEA,EN,Towers with Radar,0,16,19,2,37,0,0,6,0,6,0,16,25,2,43,24,0,24,67
06/21/2023,PHF,VA,AEA,EN,Towers with Radar,0,26,10,2,38,0,0,0,0,0,0,26,10,2,38,0,0,0,38
06/22/2023,PHF,VA,AEA,EN,Towers with Radar,0,25,18,18,61,0,0,0,0,0,0,25,18,18,61,0,0,0,61
06/23/2023,PHF,VA,AEA,EN,Towers with Radar,0,13,12,8,33,0,0,2,9,11,0,13,14,17,44,46,54,100,144
06/24/2023,PHF,VA,AEA,EN,Towers with Radar,0,13,31,6,50,0,0,18,0,18,0,13,49,6,68,68,0,68,136
06/25/2023,PHF,VA,AEA,EN,Towers with Radar,0,22,13,4,39,0,4,65,0,69,0,26,78,4,108,70,0,70,178
06/26/2023,PHF,VA,AEA,EN,Towers with Radar,0,23,19,29,71,0,2,53,3,58,0,25,72,32,129,172,42,214,343
06/27/2023,PHF,VA,AEA,EN,Towers with Radar,2,17,17,8,44,0,0,40,3,43,2,17,57,11,87,88,0,88,175
06/28/2023,PHF,VA,AEA,EN,Towers with Radar,0,15,38,24,77,0,4,55,7,66,0,19,93,31,143,144,40,184,327
06/29/2023,PHF,VA,AEA,EN,Towers with Radar,0,19,31,25,75,0,2,42,5,49,0,21,73,30,124,150,20,170,294
06/30/2023,PHF,VA,AEA,EN,Towers with Radar,0,19,43,7,69,0,2,38,4,44,0,21,81,11,113,158,0,158,271
07/01/2023,PHF,VA,AEA,EN,Towers with Radar,2,19,15,0,36,0,2,33,0,35,2,21,48,0,71,70,0,70,141
07/02/2023,PHF,VA,AEA,EN,Towers with Radar,0,16,7,2,25,0,0,30,0,30,0,16,37,2,55,58,0,58,113
07/03/2023,PHF,VA,AEA,EN,Towers with Radar,0,13,5,2,20,0,2,39,0,41,0,15,44,2,61,26,0,26,87
07/04/2023,PHF,VA,AEA,EN,Towers with Radar,0,7,30,0,37,0,0,27,0,27,0,7,57,0,64,70,0,70,134
07/05/2023,PHF,VA,AEA,EN,Towers with Radar,0,11,14,24,49,0,3,42,5,50,0,14,56,29,99,62,8,70,169
07/06/2023,PHF,VA,AEA,EN,Towers with Radar,0,14,20,29,63,0,0,21,5,26,0,14,41,34,89,48,46,94,183
07/07/2023,PHF,VA,AEA,EN,Towers with Radar,0,17,14,24,55,0,2,47,0,49,0,19,61,24,104,163,8,171,275
07/08/2023,PHF,VA,AEA,EN,Towers with Radar,0,18,23,13,54,0,0,29,0,29,0,18,52,13,83,48,0,48,131
07/09/2023,PHF,VA,AEA,EN,Towers with Radar,0,13,8,5,26,0,0,16,1,17,0,13,24,6,43,42,0,42,85
07/10/2023,PHF,VA,AEA,EN,Towers with Radar,0,14,23,28,65,0,0,70,14,84,0,14,93,42,149,99,42,141,290
07/11/2023,PHF,VA,AEA,EN,Towers with Radar,0,19,26,29,74,0,0,45,6,51,0,19,71,35,125,68,44,112,237
07/12/2023,PHF,VA,AEA,EN,Towers with Radar,0,24,41,7,72,0,6,65,1,72,0,30,106,8,144,130,6,136,280
07/13/2023,PHF,VA,AEA,EN,Towers with Radar,0,20,25,26,71,0,0,45,9,54,0,20,70,35,125,92,58,150,275
07/14/2023,PHF,VA,AEA,EN,Towers with Radar,0,32,20,6,58,0,0,24,2,26,0,32,44,8,84,44,24,68,152
07/15/2023,PHF,VA,AEA,EN,Towers with Radar,0,19,22,11,52,0,0,22,0,22,0,19,44,11,74,80,0,80,154
07/16/2023,PHF,VA,AEA,EN,Towers with Radar,0,23,12,11,46,0,0,7,0,7,0,23,19,11,53,0,0,0,53
07/17/2023,PHF,VA,AEA,EN,Towers with Radar,0,24,37,21,82,0,0,74,15,89,0,24,111,36,171,84,68,152,323
07/18/2023,PHF,VA,AEA,EN,Towers with Radar,0,19,28,27,74,0,3,62,7,72,0,22,90,34,146,148,62,210,356
07/19/2023,PHF,VA,AEA,EN,Towers with Radar,0,22,26,29,77,0,3,29,3,35,0,25,55,32,112,104,16,120,232
07/20/2023,PHF,VA,AEA,EN,Towers with Radar,2,22,36,17,77,0,4,62,4,70,2,26,98,21,147,92,0,92,239
07/21/2023,PHF,VA,AEA,EN,Towers with Radar,0,17,29,27,73,0,0,40,1,41,0,17,69,28,114,86,0,86,200
07/22/2023,PHF,VA,AEA,EN,Towers with Radar,0,15,28,2,45,0,0,38,0,38,0,15,66,2,83,146,0,146,229
07/23/2023,PHF,VA,AEA,EN,Towers with Radar,0,19,18,7,44,0,0,70,0,70,0,19,88,7,114,86,0,86,200
07/24/2023,PHF,VA,AEA,EN,Towers with Radar,0,24,15,4,43,0,1,18,1,20,0,25,33,5,63,22,0,22,85
07/25/2023,PHF,VA,AEA,EN,Towers with Radar,0,19,14,26,59,0,2,48,10,60,0,21,62,36,119,104,54,158,277
07/26/2023,PHF,VA,AEA,EN,Towers with Radar,0,24,37,18,79,0,0,47,1,48,0,24,84,19,127,158,6,164,291
07/27/2023,PHF,VA,AEA,EN,Towers with Radar,0,19,21,15,55,0,0,41,4,45,0,19,62,19,100,30,32,62,162
07/28/2023,PHF,VA,AEA,EN,Towers with Radar,0,18,28,15,61,0,0,48,5,53,0,18,76,20,114,110,16,126,240
07/29/2023,PHF,VA,AEA,EN,Towers with Radar,3,14,12,0,29,0,0,21,0,21,3,14,33,0,50,54,0,54,104
07/30/2023,PHF,VA,AEA,EN,Towers with Radar,1,16,18,0,35,0,0,39,0,39,1,16,57,0,74,106,0,106,180
07/31/2023,PHF,VA,AEA,EN,Towers with Radar,0,18,24,16,58,0,0,49,8,57,0,18,73,24,115,94,46,140,255
08/01/2023,PHF,VA,AEA,EN,Towers with Radar,0,17,24,33,74,0,2,57,6,65,0,19,81,39,139,205,27,232,371
08/02/2023,PHF,VA,AEA,EN,Towers with Radar,0,22,23,26,71,0,4,74,7,85,0,26,97,33,156,110,48,158,314
08/03/2023,PHF,VA,AEA,EN,Towers with Radar,0,16,19,37,72,0,2,41,5,48,0,18,60,42,120,120,20,140,260
08/04/2023,PHF,VA,AEA,EN,Towers with Radar,0,11,15,10,36,0,0,0,0,0,0,11,15,10,36,0,0,0,36
08/05/2023,PHF,VA,AEA,EN,Towers with Radar,0,19,21,1,41,0,0,58,5,63,0,19,79,6,104,164,0,164,268
08/06/2023,PHF,VA,AEA,EN,Towers with Radar,0,10,19,6,35,0,0,49,2,51,0,10,68,8,86,126,4,130,216
08/07/2023,PHF,VA,AEA,EN,Towers with Radar,0,17,16,36,69,0,0,44,11,55,0,17,60,47,124,88,20,108,232
08/08/2023,PHF,VA,AEA,EN,Towers with Radar,0,14,30,26,70,0,0,69,5,74,0,14,99,31,144,148,4,152,296
08/09/2023,PHF,VA,AEA,EN,Towers with Radar,0,11,20,15,46,0,0,66,2,68,0,11,86,17,114,98,12,110,224
08/10/2023,PHF,VA,AEA,EN,Towers with Radar,0,13,18,13,44,0,0,21,3,24,0,13,39,16,68,32,0,32,100
08/11/2023,PHF,VA,AEA,EN,Towers with Radar,0,24,17,13,54,0,2,44,2,48,0,26,61,15,102,100,12,112,214
08/12/2023,PHF,VA,AEA,EN,Towers with Radar,0,11,11,3,25,0,0,69,0,69,0,11,80,3,94,128,0,128,222
08/13/2023,PHF,VA,AEA,EN,Towers with Radar,0,16,21,3,40,0,0,50,0,50,0,16,71,3,90,92,0,92,182
08/14/2023,PHF,VA,AEA,EN,Towers with Radar,0,17,18,27,62,0,0,35,6,41,0,17,53,33,103,33,0,33,136
08/15/2023,PHF,VA,AEA,EN,Towers with Radar,0,18,18,13,49,0,0,38,8,46,0,18,56,21,95,70,0,70,165
08/16/2023,PHF,VA,AEA,EN,Towers with Radar,0,9,29,27,65,0,2,58,13,73,0,11,87,40,138,206,14,220,358
08/17/2023,PHF,VA,AEA,EN,Towers with Radar,0,18,9,20,47,0,0,28,4,32,0,18,37,24,79,114,0,114,193
08/18/2023,PHF,VA,AEA,EN,Towers with Radar,0,11,43,5,59,0,0,54,5,59,0,11,97,10,118,104,0,104,222
08/19/2023,PHF,VA,AEA,EN,Towers with Radar,0,7,16,0,23,0,4,47,0,51,0,11,63,0,74,124,0,124,198
08/20/2023,PHF,VA,AEA,EN,Towers with Radar,0,13,22,1,36,0,0,68,1,69,0,13,90,2,105,168,4,172,277
08/21/2023,PHF,VA,AEA,EN,Towers with Radar,0,11,22,6,39,0,3,47,7,57,0,14,69,13,96,130,20,150,246
08/22/2023,PHF,VA,AEA,EN,Towers with Radar,2,12,16,17,47,0,0,42,0,42,2,12,58,17,89,50,0,50,139
08/23/2023,PHF,VA,AEA,EN,Towers with Radar,0,12,33,13,58,0,0,56,6,62,0,12,89,19,120,138,0,138,258
08/24/2023,PHF,VA,AEA,EN,Towers with Radar,0,10,16,15,41,0,0,38,6,44,0,10,54,21,85,88,6,94,179
08/25/2023,PHF,VA,AEA,EN,Towers with Radar,0,17,27,16,60,0,1,43,3,47,0,18,70,19,107,104,0,104,211
08/26/2023,PHF,VA,AEA,EN,Towers with Radar,0,9,18,5,32,0,0,56,0,56,0,9,74,5,88,120,0,120,208
08/27/2023,PHF,VA,AEA,EN,Towers with Radar,0,9,19,4,32,0,0,17,2,19,0,9,36,6,51,58,0,58,109
08/28/2023,PHF,VA,AEA,EN,Towers with Radar,0,20,8,3,31,0,0,0,0,0,0,20,8,3,31,0,0,0,31
08/29/2023,PHF,VA,AEA,EN,Towers with Radar,0,19,22,29,70,0,0,17,3,20,0,19,39,32,90,113,39,152,242
08/30/2023,PHF,VA,AEA,EN,Towers with Radar,0,16,18,13,47,0,0,31,4,35,0,16,49,17,82,92,16,108,190
08/31/2023,PHF,VA,AEA,EN,Towers with Radar,0,15,10,6,31,0,0,17,2,19,0,15,27,8,50,28,6,34,84
