01/01/2000,PHL,PA,AEA,EN,Towers with Radar,404,85,29,3,521,0,0,4,0,4,404,85,33,3,525,0,0,0,525
01/02/2000,PHL,PA,AEA,EN,Towers with Radar,678,328,74,2,1082,0,2,24,0,26,678,330,98,2,1108,0,0,0,1108
01/03/2000,PHL,PA,AEA,EN,Towers with Radar,732,378,90,0,1200,0,0,10,1,11,732,378,100,1,1211,0,0,0,1211
01/04/2000,PHL,PA,AEA,EN,Towers with Radar,796,412,93,0,1301,0,2,9,0,11,796,414,102,0,1312,0,0,0,1312
01/05/2000,PHL,PA,AEA,EN,Towers with Radar,864,483,129,5,1481,0,1,22,2,25,864,484,151,7,1506,0,0,0,1506
01/06/2000,PHL,PA,AEA,EN,Towers with Radar,819,474,143,2,1438,0,5,29,0,34,819,479,172,2,1472,0,0,0,1472
01/07/2000,PHL,PA,AEA,EN,Towers with Radar,782,385,94,3,1264,0,3,19,0,22,782,388,113,3,1286,0,0,0,1286
01/08/2000,PHL,PA,AEA,EN,Towers with Radar,716,301,59,0,1076,0,2,33,0,35,716,303,92,0,1111,0,0,0,1111
01/09/2000,PHL,PA,AEA,EN,Towers with Radar,702,316,64,3,1085,0,1,12,0,13,702,317,76,3,1098,0,0,0,1098
01/10/2000,PHL,PA,AEA,EN,Towers with Radar,664,356,70,0,1090,0,0,3,0,3,664,356,73,0,1093,0,0,0,1093
01/11/2000,PHL,PA,AEA,EN,Towers with Radar,843,463,127,1,1434,0,3,22,1,26,843,466,149,2,1460,0,0,0,1460
01/12/2000,PHL,PA,AEA,EN,Towers with Radar,850,464,116,5,1435,0,2,23,0,25,850,466,139,5,1460,0,0,0,1460
01/13/2000,PHL,PA,AEA,EN,Towers with Radar,804,423,126,0,1353,0,1,8,0,9,804,424,134,0,1362,0,0,0,1362
01/14/2000,PHL,PA,AEA,EN,Towers with Radar,847,437,115,3,1402,0,2,30,0,32,847,439,145,3,1434,0,0,0,1434
01/15/2000,PHL,PA,AEA,EN,Towers with Radar,710,305,72,1,1088,0,6,29,0,35,710,311,101,1,1123,0,0,0,1123
01/16/2000,PHL,PA,AEA,EN,Towers with Radar,711,308,43,0,1062,0,1,6,0,7,711,309,49,0,1069,0,0,0,1069
01/17/2000,PHL,PA,AEA,EN,Towers with Radar,727,367,97,0,1191,0,2,13,0,15,727,369,110,0,1206,0,0,0,1206
01/18/2000,PHL,PA,AEA,EN,Towers with Radar,823,388,120,0,1331,0,0,13,0,13,823,388,133,0,1344,0,0,0,1344
01/19/2000,PHL,PA,AEA,EN,Towers with Radar,830,464,130,1,1425,0,5,26,1,32,830,469,156,2,1457,0,0,0,1457
01/20/2000,PHL,PA,AEA,EN,Towers with Radar,627,278,103,0,1008,0,2,6,0,8,627,280,109,0,1016,0,0,0,1016
01/21/2000,PHL,PA,AEA,EN,Towers with Radar,885,447,151,1,1484,0,1,24,1,26,885,448,175,2,1510,0,0,0,1510
01/22/2000,PHL,PA,AEA,EN,Towers with Radar,699,296,61,0,1056,0,1,23,0,24,699,297,84,0,1080,0,0,0,1080
01/23/2000,PHL,PA,AEA,EN,Towers with Radar,670,322,55,1,1048,0,0,2,1,3,670,322,57,2,1051,0,0,0,1051
01/24/2000,PHL,PA,AEA,EN,Towers with Radar,760,396,115,0,1271,0,2,14,1,17,760,398,129,1,1288,0,0,0,1288
01/25/2000,PHL,PA,AEA,EN,Towers with Radar,105,77,16,0,198,0,0,3,0,3,105,77,19,0,201,0,0,0,201
01/26/2000,PHL,PA,AEA,EN,Towers with Radar,527,249,145,0,921,0,0,16,0,16,527,249,161,0,937,0,0,0,937
01/27/2000,PHL,PA,AEA,EN,Towers with Radar,803,465,124,1,1393,0,0,19,0,19,803,465,143,1,1412,0,0,0,1412
01/28/2000,PHL,PA,AEA,EN,Towers with Radar,823,453,115,0,1391,0,4,25,0,29,823,457,140,0,1420,0,0,0,1420
01/29/2000,PHL,PA,AEA,EN,Towers with Radar,670,317,64,1,1052,0,1,19,0,20,670,318,83,1,1072,0,0,0,1072
01/30/2000,PHL,PA,AEA,EN,Towers with Radar,487,174,31,0,692,0,0,8,0,8,487,174,39,0,700,0,0,0,700
01/31/2000,PHL,PA,AEA,EN,Towers with Radar,675,370,100,3,1148,0,4,16,0,20,675,374,116,3,1168,0,0,0,1168
02/01/2000,PHL,PA,AEA,EN,Towers with Radar,830,474,126,4,1434,1,0,29,0,30,831,474,155,4,1464,0,0,0,1464
02/02/2000,PHL,PA,AEA,EN,Towers with Radar,833,470,118,0,1421,0,1,19,0,20,833,471,137,0,1441,0,0,0,1441
02/03/2000,PHL,PA,AEA,EN,Towers with Radar,753,418,142,3,1316,0,1,16,2,19,753,419,158,5,1335,0,0,0,1335
02/04/2000,PHL,PA,AEA,EN,Towers with Radar,877,467,119,2,1465,0,0,5,1,6,877,467,124,3,1471,0,0,0,1471
02/05/2000,PHL,PA,AEA,EN,Towers with Radar,720,326,49,0,1095,0,2,17,0,19,720,328,66,0,1114,0,0,0,1114
02/06/2000,PHL,PA,AEA,EN,Towers with Radar,721,334,70,0,1125,0,1,14,0,15,721,335,84,0,1140,0,0,0,1140
02/07/2000,PHL,PA,AEA,EN,Towers with Radar,770,388,134,1,1293,0,2,21,0,23,770,390,155,1,1316,0,0,0,1316
02/08/2000,PHL,PA,AEA,EN,Towers with Radar,860,476,143,0,1479,0,2,23,1,26,860,478,166,1,1505,0,0,0,1505
02/09/2000,PHL,PA,AEA,EN,Towers with Radar,847,474,148,4,1473,0,1,32,0,33,847,475,180,4,1506,0,0,0,1506
02/10/2000,PHL,PA,AEA,EN,Towers with Radar,840,466,143,1,1450,0,0,40,2,42,840,466,183,3,1492,0,0,0,1492
02/11/2000,PHL,PA,AEA,EN,Towers with Radar,838,458,126,1,1423,0,1,8,2,11,838,459,134,3,1434,0,0,0,1434
02/12/2000,PHL,PA,AEA,EN,Towers with Radar,724,328,45,0,1097,0,2,24,0,26,724,330,69,0,1123,0,0,0,1123
02/13/2000,PHL,PA,AEA,EN,Towers with Radar,678,301,48,1,1028,0,1,12,1,14,678,302,60,2,1042,0,0,0,1042
02/14/2000,PHL,PA,AEA,EN,Towers with Radar,709,319,85,0,1113,0,0,10,0,10,709,319,95,0,1123,0,0,0,1123
02/15/2000,PHL,PA,AEA,EN,Towers with Radar,855,468,149,1,1473,0,1,17,0,18,855,469,166,1,1491,0,0,0,1491
02/16/2000,PHL,PA,AEA,EN,Towers with Radar,829,455,126,0,1410,0,3,24,0,27,829,458,150,0,1437,0,0,0,1437
02/17/2000,PHL,PA,AEA,EN,Towers with Radar,832,457,190,0,1479,0,3,46,2,51,832,460,236,2,1530,0,0,0,1530
02/18/2000,PHL,PA,AEA,EN,Towers with Radar,664,291,101,1,1057,0,0,5,0,5,664,291,106,1,1062,0,0,0,1062
02/19/2000,PHL,PA,AEA,EN,Towers with Radar,733,282,63,0,1078,0,0,3,0,3,733,282,66,0,1081,0,0,0,1081
02/20/2000,PHL,PA,AEA,EN,Towers with Radar,709,326,72,1,1108,0,0,20,0,20,709,326,92,1,1128,0,0,0,1128
02/21/2000,PHL,PA,AEA,EN,Towers with Radar,757,392,89,1,1239,0,1,24,1,26,757,393,113,2,1265,0,0,0,1265
02/22/2000,PHL,PA,AEA,EN,Towers with Radar,824,397,144,2,1367,0,0,43,1,44,824,397,187,3,1411,0,0,0,1411
02/23/2000,PHL,PA,AEA,EN,Towers with Radar,812,440,167,0,1419,0,0,18,0,18,812,440,185,0,1437,0,0,0,1437
02/24/2000,PHL,PA,AEA,EN,Towers with Radar,844,462,164,2,1472,0,0,31,0,31,844,462,195,2,1503,0,0,0,1503
02/25/2000,PHL,PA,AEA,EN,Towers with Radar,833,444,146,3,1426,0,1,22,0,23,833,445,168,3,1449,0,0,0,1449
02/26/2000,PHL,PA,AEA,EN,Towers with Radar,746,318,77,0,1141,0,1,1,0,2,746,319,78,0,1143,0,0,0,1143
02/27/2000,PHL,PA,AEA,EN,Towers with Radar,727,302,72,0,1101,0,0,2,0,2,727,302,74,0,1103,0,0,0,1103
02/28/2000,PHL,PA,AEA,EN,Towers with Radar,291,159,39,0,489,0,0,0,0,0,291,159,39,0,489,0,0,0,489
02/29/2000,PHL,PA,AEA,EN,Towers with Radar,860,473,119,6,1458,0,1,19,1,21,860,474,138,7,1479,0,0,0,1479
03/01/2000,PHL,PA,AEA,EN,Towers with Radar,875,462,155,1,1493,1,1,33,0,35,876,463,188,1,1528,0,0,0,1528
03/02/2000,PHL,PA,AEA,EN,Towers with Radar,874,474,144,1,1493,1,0,25,1,27,875,474,169,2,1520,0,0,0,1520
03/03/2000,PHL,PA,AEA,EN,Towers with Radar,856,478,137,3,1474,1,1,44,0,46,857,479,181,3,1520,0,0,0,1520
03/04/2000,PHL,PA,AEA,EN,Towers with Radar,776,300,64,0,1140,1,1,21,0,23,777,301,85,0,1163,0,0,0,1163
03/05/2000,PHL,PA,AEA,EN,Towers with Radar,764,326,87,0,1177,1,2,26,0,29,765,328,113,0,1206,0,0,0,1206
03/06/2000,PHL,PA,AEA,EN,Towers with Radar,774,381,154,2,1311,1,0,41,1,43,775,381,195,3,1354,0,0,0,1354
03/07/2000,PHL,PA,AEA,EN,Towers with Radar,860,417,126,1,1404,1,3,28,0,32,861,420,154,1,1436,0,0,0,1436
03/08/2000,PHL,PA,AEA,EN,Towers with Radar,872,445,182,3,1502,1,1,48,0,50,873,446,230,3,1552,0,0,0,1552
03/09/2000,PHL,PA,AEA,EN,Towers with Radar,837,475,190,0,1502,1,0,39,0,40,838,475,229,0,1542,0,0,0,1542
03/10/2000,PHL,PA,AEA,EN,Towers with Radar,830,431,161,2,1424,0,2,33,0,35,830,433,194,2,1459,0,0,0,1459
03/11/2000,PHL,PA,AEA,EN,Towers with Radar,694,269,56,0,1019,0,0,1,0,1,694,269,57,0,1020,0,0,0,1020
03/12/2000,PHL,PA,AEA,EN,Towers with Radar,790,310,61,0,1161,0,1,9,0,10,790,311,70,0,1171,0,0,0,1171
03/13/2000,PHL,PA,AEA,EN,Towers with Radar,768,402,84,0,1254,0,1,26,0,27,768,403,110,0,1281,0,0,0,1281
03/14/2000,PHL,PA,AEA,EN,Towers with Radar,889,454,149,1,1493,0,1,40,1,42,889,455,189,2,1535,0,0,0,1535
03/15/2000,PHL,PA,AEA,EN,Towers with Radar,885,445,134,1,1465,0,5,36,1,42,885,450,170,2,1507,0,0,0,1507
03/16/2000,PHL,PA,AEA,EN,Towers with Radar,834,448,159,3,1444,0,2,19,1,22,834,450,178,4,1466,0,0,0,1466
03/17/2000,PHL,PA,AEA,EN,Towers with Radar,883,418,144,0,1445,0,0,18,0,18,883,418,162,0,1463,0,0,0,1463
03/18/2000,PHL,PA,AEA,EN,Towers with Radar,769,310,53,1,1133,0,4,24,0,28,769,314,77,1,1161,0,0,0,1161
03/19/2000,PHL,PA,AEA,EN,Towers with Radar,703,322,60,0,1085,0,1,12,0,13,703,323,72,0,1098,0,0,0,1098
03/20/2000,PHL,PA,AEA,EN,Towers with Radar,753,385,120,2,1260,0,0,17,0,17,753,385,137,2,1277,0,0,0,1277
03/21/2000,PHL,PA,AEA,EN,Towers with Radar,770,487,130,0,1387,0,0,0,0,0,770,487,130,0,1387,0,0,0,1387
03/22/2000,PHL,PA,AEA,EN,Towers with Radar,960,487,144,0,1591,0,0,14,0,14,960,487,158,0,1605,0,0,0,1605
03/23/2000,PHL,PA,AEA,EN,Towers with Radar,899,475,138,8,1520,0,0,39,1,40,899,475,177,9,1560,0,0,0,1560
03/24/2000,PHL,PA,AEA,EN,Towers with Radar,875,455,144,0,1474,0,2,29,1,32,875,457,173,1,1506,0,0,0,1506
03/25/2000,PHL,PA,AEA,EN,Towers with Radar,783,306,98,0,1187,0,0,17,0,17,783,306,115,0,1204,0,0,0,1204
03/26/2000,PHL,PA,AEA,EN,Towers with Radar,758,321,75,0,1154,0,1,23,0,24,758,322,98,0,1178,0,0,0,1178
03/27/2000,PHL,PA,AEA,EN,Towers with Radar,765,378,114,1,1258,3,0,28,0,31,768,378,142,1,1289,0,0,0,1289
03/28/2000,PHL,PA,AEA,EN,Towers with Radar,863,481,130,0,1474,0,0,12,0,12,863,481,142,0,1486,0,0,0,1486
03/29/2000,PHL,PA,AEA,EN,Towers with Radar,872,466,132,1,1471,0,2,21,0,23,872,468,153,1,1494,0,0,0,1494
03/30/2000,PHL,PA,AEA,EN,Towers with Radar,875,454,134,3,1466,0,0,26,1,27,875,454,160,4,1493,0,0,0,1493
03/31/2000,PHL,PA,AEA,EN,Towers with Radar,927,455,157,7,1546,0,2,44,2,48,927,457,201,9,1594,0,0,0,1594
04/01/2000,PHL,PA,AEA,EN,Towers with Radar,772,299,82,0,1153,0,0,35,0,35,772,299,117,0,1188,0,0,0,1188
04/02/2000,PHL,PA,AEA,EN,Towers with Radar,763,307,112,0,1182,0,0,22,0,22,763,307,134,0,1204,0,0,0,1204
04/03/2000,PHL,PA,AEA,EN,Towers with Radar,766,327,135,1,1229,0,0,15,1,16,766,327,150,2,1245,0,0,0,1245
04/04/2000,PHL,PA,AEA,EN,Towers with Radar,836,406,144,1,1387,0,0,9,0,9,836,406,153,1,1396,0,0,0,1396
04/05/2000,PHL,PA,AEA,EN,Towers with Radar,860,422,152,1,1435,0,16,78,0,94,860,438,230,1,1529,0,0,0,1529
04/06/2000,PHL,PA,AEA,EN,Towers with Radar,862,397,186,3,1448,0,2,38,1,41,862,399,224,4,1489,0,0,0,1489
04/07/2000,PHL,PA,AEA,EN,Towers with Radar,862,417,159,0,1438,0,4,30,0,34,862,421,189,0,1472,0,0,0,1472
04/08/2000,PHL,PA,AEA,EN,Towers with Radar,735,286,64,3,1088,0,0,16,0,16,735,286,80,3,1104,0,0,0,1104
04/09/2000,PHL,PA,AEA,EN,Towers with Radar,712,276,91,1,1080,0,0,7,2,9,712,276,98,3,1089,0,0,0,1089
04/10/2000,PHL,PA,AEA,EN,Towers with Radar,763,346,148,0,1257,0,0,40,2,42,763,346,188,2,1299,0,0,0,1299
04/11/2000,PHL,PA,AEA,EN,Towers with Radar,822,391,198,2,1413,0,0,12,0,12,822,391,210,2,1425,0,0,0,1425
04/12/2000,PHL,PA,AEA,EN,Towers with Radar,881,419,211,1,1512,0,3,27,1,31,881,422,238,2,1543,0,0,0,1543
04/13/2000,PHL,PA,AEA,EN,Towers with Radar,887,422,140,3,1452,0,2,32,1,35,887,424,172,4,1487,0,0,0,1487
04/14/2000,PHL,PA,AEA,EN,Towers with Radar,879,424,153,2,1458,0,7,46,0,53,879,431,199,2,1511,0,0,0,1511
04/15/2000,PHL,PA,AEA,EN,Towers with Radar,665,298,58,0,1021,105,4,0,0,109,770,302,58,0,1130,0,0,0,1130
04/16/2000,PHL,PA,AEA,EN,Towers with Radar,684,280,86,0,1050,0,1,7,0,8,684,281,93,0,1058,0,0,0,1058
04/17/2000,PHL,PA,AEA,EN,Towers with Radar,818,362,119,2,1301,0,0,2,0,2,818,362,121,2,1303,0,0,0,1303
04/18/2000,PHL,PA,AEA,EN,Towers with Radar,805,427,129,1,1362,0,0,4,0,4,805,427,133,1,1366,0,0,0,1366
04/19/2000,PHL,PA,AEA,EN,Towers with Radar,892,444,144,1,1481,0,0,8,1,9,892,444,152,2,1490,0,0,0,1490
04/20/2000,PHL,PA,AEA,EN,Towers with Radar,786,417,150,3,1356,0,0,17,0,17,786,417,167,3,1373,0,0,0,1373
04/21/2000,PHL,PA,AEA,EN,Towers with Radar,674,277,63,4,1018,0,0,1,1,2,674,277,64,5,1020,0,0,0,1020
04/22/2000,PHL,PA,AEA,EN,Towers with Radar,783,281,54,1,1119,0,2,6,0,8,783,283,60,1,1127,0,0,0,1127
04/23/2000,PHL,PA,AEA,EN,Towers with Radar,732,274,66,0,1072,0,1,11,0,12,732,275,77,0,1084,0,0,0,1084
04/24/2000,PHL,PA,AEA,EN,Towers with Radar,779,344,127,2,1252,0,1,26,0,27,779,345,153,2,1279,0,0,0,1279
04/25/2000,PHL,PA,AEA,EN,Towers with Radar,895,433,165,1,1494,0,0,27,0,27,895,433,192,1,1521,0,0,0,1521
04/26/2000,PHL,PA,AEA,EN,Towers with Radar,871,408,189,2,1470,0,0,13,0,13,871,408,202,2,1483,0,0,0,1483
04/27/2000,PHL,PA,AEA,EN,Towers with Radar,875,429,170,3,1477,0,0,11,0,11,875,429,181,3,1488,0,0,0,1488
04/28/2000,PHL,PA,AEA,EN,Towers with Radar,889,425,187,1,1502,0,0,25,0,25,889,425,212,1,1527,0,0,0,1527
04/29/2000,PHL,PA,AEA,EN,Towers with Radar,777,289,90,0,1156,0,0,23,0,23,777,289,113,0,1179,0,0,0,1179
04/30/2000,PHL,PA,AEA,EN,Towers with Radar,755,291,105,0,1151,0,2,19,0,21,755,293,124,0,1172,0,0,0,1172
05/01/2000,PHL,PA,AEA,EN,Towers with Radar,793,344,136,1,1274,0,0,28,1,29,793,344,164,2,1303,0,0,0,1303
05/02/2000,PHL,PA,AEA,EN,Towers with Radar,879,422,166,0,1467,0,0,36,2,38,879,422,202,2,1505,0,0,0,1505
05/03/2000,PHL,PA,AEA,EN,Towers with Radar,890,435,160,2,1487,0,4,32,0,36,890,439,192,2,1523,0,0,0,1523
05/04/2000,PHL,PA,AEA,EN,Towers with Radar,900,422,198,2,1522,0,6,40,1,47,900,428,238,3,1569,0,0,0,1569
05/05/2000,PHL,PA,AEA,EN,Towers with Radar,868,394,162,1,1425,0,0,34,0,34,868,394,196,1,1459,0,0,0,1459
05/06/2000,PHL,PA,AEA,EN,Towers with Radar,785,309,77,0,1171,0,0,22,0,22,785,309,99,0,1193,0,0,0,1193
05/07/2000,PHL,PA,AEA,EN,Towers with Radar,760,279,138,0,1177,0,0,26,0,26,760,279,164,0,1203,0,0,0,1203
05/08/2000,PHL,PA,AEA,EN,Towers with Radar,808,310,159,2,1279,0,1,25,1,27,808,311,184,3,1306,0,0,0,1306
05/09/2000,PHL,PA,AEA,EN,Towers with Radar,862,375,184,0,1421,0,8,36,0,44,862,383,220,0,1465,0,0,0,1465
05/10/2000,PHL,PA,AEA,EN,Towers with Radar,603,261,172,4,1040,0,5,22,2,29,603,266,194,6,1069,0,0,0,1069
05/11/2000,PHL,PA,AEA,EN,Towers with Radar,898,411,253,0,1562,0,1,49,0,50,898,412,302,0,1612,0,0,0,1612
05/12/2000,PHL,PA,AEA,EN,Towers with Radar,851,368,201,4,1424,0,4,22,0,26,851,372,223,4,1450,0,0,0,1450
05/13/2000,PHL,PA,AEA,EN,Towers with Radar,627,222,95,0,944,0,0,14,0,14,627,222,109,0,958,0,0,0,958
05/14/2000,PHL,PA,AEA,EN,Towers with Radar,775,267,94,0,1136,0,2,28,0,30,775,269,122,0,1166,0,0,0,1166
05/15/2000,PHL,PA,AEA,EN,Towers with Radar,797,313,164,0,1274,0,0,22,0,22,797,313,186,0,1296,0,0,0,1296
05/16/2000,PHL,PA,AEA,EN,Towers with Radar,879,395,185,0,1459,0,8,41,0,49,879,403,226,0,1508,0,0,0,1508
05/17/2000,PHL,PA,AEA,EN,Towers with Radar,864,407,227,6,1504,0,3,32,1,36,864,410,259,7,1540,0,0,0,1540
05/18/2000,PHL,PA,AEA,EN,Towers with Radar,811,330,227,13,1381,0,0,9,3,12,811,330,236,16,1393,0,0,0,1393
05/19/2000,PHL,PA,AEA,EN,Towers with Radar,748,344,190,3,1285,0,0,2,1,3,748,344,192,4,1288,0,0,0,1288
05/20/2000,PHL,PA,AEA,EN,Towers with Radar,809,292,112,0,1213,0,0,2,0,2,809,292,114,0,1215,0,0,0,1215
05/21/2000,PHL,PA,AEA,EN,Towers with Radar,758,262,121,1,1142,0,0,0,0,0,758,262,121,1,1142,0,0,0,1142
05/22/2000,PHL,PA,AEA,EN,Towers with Radar,759,306,190,1,1256,0,0,2,0,2,759,306,192,1,1258,0,0,0,1258
05/23/2000,PHL,PA,AEA,EN,Towers with Radar,899,400,195,0,1494,0,0,4,0,4,899,400,199,0,1498,0,0,0,1498
05/24/2000,PHL,PA,AEA,EN,Towers with Radar,786,332,186,2,1306,0,0,18,0,18,786,332,204,2,1324,0,0,0,1324
05/25/2000,PHL,PA,AEA,EN,Towers with Radar,950,384,242,2,1578,0,3,29,0,32,950,387,271,2,1610,0,0,0,1610
05/26/2000,PHL,PA,AEA,EN,Towers with Radar,896,398,217,0,1511,0,0,35,0,35,896,398,252,0,1546,0,0,0,1546
05/27/2000,PHL,PA,AEA,EN,Towers with Radar,749,260,117,0,1126,0,0,17,0,17,749,260,134,0,1143,0,0,0,1143
05/28/2000,PHL,PA,AEA,EN,Towers with Radar,727,240,69,0,1036,0,0,17,0,17,727,240,86,0,1053,0,0,0,1053
05/29/2000,PHL,PA,AEA,EN,Towers with Radar,746,288,69,3,1106,0,0,7,0,7,746,288,76,3,1113,0,0,0,1113
05/30/2000,PHL,PA,AEA,EN,Towers with Radar,787,327,157,2,1273,0,0,27,0,27,787,327,184,2,1300,0,0,0,1300
05/31/2000,PHL,PA,AEA,EN,Towers with Radar,853,401,217,4,1475,0,0,29,1,30,853,401,246,5,1505,0,0,0,1505
06/01/2000,PHL,PA,AEA,EN,Towers with Radar,910,396,213,3,1522,1,1,26,0,28,911,397,239,3,1550,0,0,0,1550
06/02/2000,PHL,PA,AEA,EN,Towers with Radar,730,279,204,0,1213,1,1,30,0,32,731,280,234,0,1245,0,0,0,1245
06/03/2000,PHL,PA,AEA,EN,Towers with Radar,798,271,104,0,1173,1,0,19,0,20,799,271,123,0,1193,0,0,0,1193
06/04/2000,PHL,PA,AEA,EN,Towers with Radar,754,277,132,0,1163,0,1,35,0,36,754,278,167,0,1199,0,0,0,1199
06/05/2000,PHL,PA,AEA,EN,Towers with Radar,788,324,175,3,1290,0,0,16,0,16,788,324,191,3,1306,0,0,0,1306
06/06/2000,PHL,PA,AEA,EN,Towers with Radar,817,378,167,0,1362,0,0,3,0,3,817,378,170,0,1365,0,0,0,1365
06/07/2000,PHL,PA,AEA,EN,Towers with Radar,934,408,229,0,1571,0,0,24,0,24,934,408,253,0,1595,0,0,0,1595
06/08/2000,PHL,PA,AEA,EN,Towers with Radar,897,394,266,1,1558,0,2,47,0,49,897,396,313,1,1607,0,0,0,1607
06/09/2000,PHL,PA,AEA,EN,Towers with Radar,900,367,227,0,1494,0,4,44,0,48,900,371,271,0,1542,0,0,0,1542
06/10/2000,PHL,PA,AEA,EN,Towers with Radar,779,266,117,1,1163,0,0,23,0,23,779,266,140,1,1186,0,0,0,1186
06/11/2000,PHL,PA,AEA,EN,Towers with Radar,730,255,125,0,1110,0,0,28,0,28,730,255,153,0,1138,0,0,0,1138
06/12/2000,PHL,PA,AEA,EN,Towers with Radar,705,285,165,1,1156,0,0,13,0,13,705,285,178,1,1169,0,0,0,1169
06/13/2000,PHL,PA,AEA,EN,Towers with Radar,797,372,204,3,1376,0,0,8,0,8,797,372,212,3,1384,0,0,0,1384
06/14/2000,PHL,PA,AEA,EN,Towers with Radar,701,336,187,0,1224,0,0,0,0,0,701,336,187,0,1224,0,0,0,1224
06/15/2000,PHL,PA,AEA,EN,Towers with Radar,683,308,203,1,1195,0,0,7,0,7,683,308,210,1,1202,0,0,0,1202
06/16/2000,PHL,PA,AEA,EN,Towers with Radar,780,360,209,1,1350,0,1,29,1,31,780,361,238,2,1381,0,0,0,1381
06/17/2000,PHL,PA,AEA,EN,Towers with Radar,812,273,116,0,1201,0,0,11,0,11,812,273,127,0,1212,0,0,0,1212
06/18/2000,PHL,PA,AEA,EN,Towers with Radar,601,217,106,0,924,0,0,8,0,8,601,217,114,0,932,0,0,0,932
06/19/2000,PHL,PA,AEA,EN,Towers with Radar,858,314,183,1,1356,0,1,28,0,29,858,315,211,1,1385,0,0,0,1385
06/20/2000,PHL,PA,AEA,EN,Towers with Radar,900,394,202,0,1496,0,2,45,0,47,900,396,247,0,1543,0,0,0,1543
06/21/2000,PHL,PA,AEA,EN,Towers with Radar,727,329,216,4,1276,0,4,21,0,25,727,333,237,4,1301,0,0,0,1301
06/22/2000,PHL,PA,AEA,EN,Towers with Radar,899,370,213,1,1483,0,1,22,0,23,899,371,235,1,1506,0,0,0,1506
06/23/2000,PHL,PA,AEA,EN,Towers with Radar,912,380,295,0,1587,0,5,50,0,55,912,385,345,0,1642,0,0,0,1642
06/24/2000,PHL,PA,AEA,EN,Towers with Radar,792,257,110,1,1160,0,0,35,0,35,792,257,145,1,1195,0,0,0,1195
06/25/2000,PHL,PA,AEA,EN,Towers with Radar,648,219,123,0,990,0,1,37,0,38,648,220,160,0,1028,0,0,0,1028
06/26/2000,PHL,PA,AEA,EN,Towers with Radar,740,273,182,1,1196,0,0,12,2,14,740,273,194,3,1210,0,0,0,1210
06/27/2000,PHL,PA,AEA,EN,Towers with Radar,849,367,231,2,1449,0,2,19,0,21,849,369,250,2,1470,0,0,0,1470
06/28/2000,PHL,PA,AEA,EN,Towers with Radar,759,314,194,1,1268,0,0,27,0,27,759,314,221,1,1295,0,0,0,1295
06/29/2000,PHL,PA,AEA,EN,Towers with Radar,871,378,199,0,1448,0,0,20,0,20,871,378,219,0,1468,0,0,0,1468
06/30/2000,PHL,PA,AEA,EN,Towers with Radar,937,397,197,5,1536,0,5,36,1,42,937,402,233,6,1578,0,0,0,1578
07/01/2000,PHL,PA,AEA,EN,Towers with Radar,724,267,143,1,1135,82,0,0,0,82,806,267,143,1,1217,0,0,0,1217
07/02/2000,PHL,PA,AEA,EN,Towers with Radar,770,267,86,0,1123,0,8,11,0,19,770,275,97,0,1142,0,0,0,1142
07/03/2000,PHL,PA,AEA,EN,Towers with Radar,703,269,65,1,1038,0,4,13,0,17,703,273,78,1,1055,0,0,0,1055
07/04/2000,PHL,PA,AEA,EN,Towers with Radar,804,333,79,0,1216,0,3,15,0,18,804,336,94,0,1234,0,0,0,1234
07/05/2000,PHL,PA,AEA,EN,Towers with Radar,787,303,148,3,1241,0,3,24,0,27,787,306,172,3,1268,0,0,0,1268
07/06/2000,PHL,PA,AEA,EN,Towers with Radar,901,387,208,0,1496,0,4,44,0,48,901,391,252,0,1544,0,0,0,1544
07/07/2000,PHL,PA,AEA,EN,Towers with Radar,917,391,183,1,1492,0,3,24,0,27,917,394,207,1,1519,0,0,0,1519
07/08/2000,PHL,PA,AEA,EN,Towers with Radar,796,260,86,2,1144,0,5,15,0,20,796,265,101,2,1164,0,0,0,1164
07/09/2000,PHL,PA,AEA,EN,Towers with Radar,774,275,138,2,1189,0,7,35,1,43,774,282,173,3,1232,0,0,0,1232
07/10/2000,PHL,PA,AEA,EN,Towers with Radar,722,277,194,2,1195,0,3,19,0,22,722,280,213,2,1217,0,0,0,1217
07/11/2000,PHL,PA,AEA,EN,Towers with Radar,928,401,187,2,1518,0,4,29,2,35,928,405,216,4,1553,0,0,0,1553
07/12/2000,PHL,PA,AEA,EN,Towers with Radar,899,399,233,2,1533,0,3,52,0,55,899,402,285,2,1588,0,0,0,1588
07/13/2000,PHL,PA,AEA,EN,Towers with Radar,893,379,218,0,1490,0,7,33,0,40,893,386,251,0,1530,0,0,0,1530
07/14/2000,PHL,PA,AEA,EN,Towers with Radar,685,272,156,1,1114,0,4,18,0,22,685,276,174,1,1136,0,0,0,1136
07/15/2000,PHL,PA,AEA,EN,Towers with Radar,768,234,115,1,1118,0,3,8,0,11,768,237,123,1,1129,0,0,0,1129
07/16/2000,PHL,PA,AEA,EN,Towers with Radar,559,166,120,0,845,0,5,13,0,18,559,171,133,0,863,0,0,0,863
07/17/2000,PHL,PA,AEA,EN,Towers with Radar,799,310,194,0,1303,0,2,20,0,22,799,312,214,0,1325,0,0,0,1325
07/18/2000,PHL,PA,AEA,EN,Towers with Radar,898,390,204,0,1492,0,2,24,0,26,898,392,228,0,1518,0,0,0,1518
07/19/2000,PHL,PA,AEA,EN,Towers with Radar,790,367,198,0,1355,0,2,11,0,13,790,369,209,0,1368,0,0,0,1368
07/20/2000,PHL,PA,AEA,EN,Towers with Radar,909,397,193,0,1499,0,4,34,0,38,909,401,227,0,1537,0,0,0,1537
07/21/2000,PHL,PA,AEA,EN,Towers with Radar,873,364,216,3,1456,0,6,40,0,46,873,370,256,3,1502,0,0,0,1502
07/22/2000,PHL,PA,AEA,EN,Towers with Radar,816,257,100,0,1173,0,3,32,0,35,816,260,132,0,1208,0,0,0,1208
07/23/2000,PHL,PA,AEA,EN,Towers with Radar,734,261,114,2,1111,0,2,31,0,33,734,263,145,2,1144,0,0,0,1144
07/24/2000,PHL,PA,AEA,EN,Towers with Radar,801,310,178,2,1291,0,2,28,0,30,801,312,206,2,1321,0,0,0,1321
07/25/2000,PHL,PA,AEA,EN,Towers with Radar,881,408,186,1,1476,0,3,29,0,32,881,411,215,1,1508,0,0,0,1508
07/26/2000,PHL,PA,AEA,EN,Towers with Radar,805,337,196,0,1338,0,2,0,0,2,805,339,196,0,1340,0,0,0,1340
07/27/2000,PHL,PA,AEA,EN,Towers with Radar,888,395,243,2,1528,0,2,9,0,11,888,397,252,2,1539,0,0,0,1539
07/28/2000,PHL,PA,AEA,EN,Towers with Radar,707,317,192,6,1222,0,3,24,0,27,707,320,216,6,1249,0,0,0,1249
07/29/2000,PHL,PA,AEA,EN,Towers with Radar,803,259,208,3,1273,0,2,26,1,29,803,261,234,4,1302,0,0,0,1302
07/30/2000,PHL,PA,AEA,EN,Towers with Radar,662,218,243,2,1125,0,2,30,0,32,662,220,273,2,1157,0,0,0,1157
07/31/2000,PHL,PA,AEA,EN,Towers with Radar,710,239,161,2,1112,0,0,104,20,124,710,239,265,22,1236,0,0,0,1236
08/01/2000,PHL,PA,AEA,EN,Towers with Radar,811,345,247,2,1405,2,2,23,0,27,813,347,270,2,1432,0,0,0,1432
08/02/2000,PHL,PA,AEA,EN,Towers with Radar,765,330,338,1,1434,2,0,45,1,48,767,330,383,2,1482,0,0,0,1482
08/03/2000,PHL,PA,AEA,EN,Towers with Radar,684,282,235,1,1202,2,0,23,0,25,686,282,258,1,1227,0,0,0,1227
08/04/2000,PHL,PA,AEA,EN,Towers with Radar,859,354,295,0,1508,2,0,27,0,29,861,354,322,0,1537,0,0,0,1537
08/05/2000,PHL,PA,AEA,EN,Towers with Radar,830,261,108,0,1199,2,0,39,0,41,832,261,147,0,1240,0,0,0,1240
08/06/2000,PHL,PA,AEA,EN,Towers with Radar,678,253,98,0,1029,2,0,11,0,13,680,253,109,0,1042,0,0,0,1042
08/07/2000,PHL,PA,AEA,EN,Towers with Radar,756,282,158,0,1196,2,0,15,0,17,758,282,173,0,1213,0,0,0,1213
08/08/2000,PHL,PA,AEA,EN,Towers with Radar,885,389,178,0,1452,2,0,38,0,40,887,389,216,0,1492,0,0,0,1492
08/09/2000,PHL,PA,AEA,EN,Towers with Radar,833,330,240,0,1403,2,0,38,0,40,835,330,278,0,1443,0,0,0,1443
08/10/2000,PHL,PA,AEA,EN,Towers with Radar,943,395,194,1,1533,2,0,32,0,34,945,395,226,1,1567,0,0,0,1567
08/11/2000,PHL,PA,AEA,EN,Towers with Radar,871,337,161,1,1370,2,2,26,0,30,873,339,187,1,1400,0,0,0,1400
08/12/2000,PHL,PA,AEA,EN,Towers with Radar,769,254,89,1,1113,2,0,9,0,11,771,254,98,1,1124,0,0,0,1124
08/13/2000,PHL,PA,AEA,EN,Towers with Radar,749,248,102,0,1099,2,0,9,0,11,751,248,111,0,1110,0,0,0,1110
08/14/2000,PHL,PA,AEA,EN,Towers with Radar,772,278,133,1,1184,2,0,5,0,7,774,278,138,1,1191,0,0,0,1191
08/15/2000,PHL,PA,AEA,EN,Towers with Radar,943,401,201,0,1545,0,19,5,0,24,943,420,206,0,1569,0,0,0,1569
08/16/2000,PHL,PA,AEA,EN,Towers with Radar,898,362,181,0,1441,0,25,17,6,48,898,387,198,6,1489,0,0,0,1489
08/17/2000,PHL,PA,AEA,EN,Towers with Radar,889,368,191,2,1450,1,3,56,0,60,890,371,247,2,1510,0,0,0,1510
08/18/2000,PHL,PA,AEA,EN,Towers with Radar,857,400,129,0,1386,1,1,17,0,19,858,401,146,0,1405,0,0,0,1405
08/19/2000,PHL,PA,AEA,EN,Towers with Radar,821,268,94,0,1183,1,0,27,0,28,822,268,121,0,1211,0,0,0,1211
08/20/2000,PHL,PA,AEA,EN,Towers with Radar,770,286,136,0,1192,1,0,41,0,42,771,286,177,0,1234,0,0,0,1234
08/21/2000,PHL,PA,AEA,EN,Towers with Radar,806,309,181,1,1297,1,0,30,0,31,807,309,211,1,1328,0,0,0,1328
08/22/2000,PHL,PA,AEA,EN,Towers with Radar,867,384,146,2,1399,2,0,37,0,39,869,384,183,2,1438,0,0,0,1438
08/23/2000,PHL,PA,AEA,EN,Towers with Radar,876,356,198,2,1432,1,0,19,0,20,877,356,217,2,1452,0,0,0,1452
08/24/2000,PHL,PA,AEA,EN,Towers with Radar,876,371,166,0,1413,1,0,18,0,19,877,371,184,0,1432,0,0,0,1432
08/25/2000,PHL,PA,AEA,EN,Towers with Radar,886,373,160,2,1421,1,1,28,0,30,887,374,188,2,1451,0,0,0,1451
08/26/2000,PHL,PA,AEA,EN,Towers with Radar,782,263,94,1,1140,1,0,33,0,34,783,263,127,1,1174,0,0,0,1174
08/27/2000,PHL,PA,AEA,EN,Towers with Radar,666,237,78,0,981,1,0,13,0,14,667,237,91,0,995,0,0,0,995
08/28/2000,PHL,PA,AEA,EN,Towers with Radar,893,314,120,0,1327,1,0,11,0,12,894,314,131,0,1339,0,0,0,1339
08/29/2000,PHL,PA,AEA,EN,Towers with Radar,896,418,169,2,1485,1,0,13,0,14,897,418,182,2,1499,0,0,0,1499
08/30/2000,PHL,PA,AEA,EN,Towers with Radar,854,401,201,0,1456,1,0,9,0,10,855,401,210,0,1466,0,0,0,1466
08/31/2000,PHL,PA,AEA,EN,Towers with Radar,944,408,169,0,1521,1,0,23,0,24,945,408,192,0,1545,0,0,0,1545
09/01/2000,PHL,PA,AEA,EN,Towers with Radar,863,360,157,0,1380,3,0,21,2,26,866,360,178,2,1406,0,0,0,1406
09/02/2000,PHL,PA,AEA,EN,Towers with Radar,779,254,96,0,1129,3,0,15,0,18,782,254,111,0,1147,0,0,0,1147
09/03/2000,PHL,PA,AEA,EN,Towers with Radar,698,226,67,2,993,3,0,5,0,8,701,226,72,2,1001,0,0,0,1001
09/04/2000,PHL,PA,AEA,EN,Towers with Radar,795,262,88,1,1146,3,0,11,0,14,798,262,99,1,1160,0,0,0,1160
09/05/2000,PHL,PA,AEA,EN,Towers with Radar,831,313,195,1,1340,3,0,29,0,32,834,313,224,1,1372,0,0,0,1372
09/06/2000,PHL,PA,AEA,EN,Towers with Radar,902,397,204,0,1503,3,4,40,0,47,905,401,244,0,1550,0,0,0,1550
09/07/2000,PHL,PA,AEA,EN,Towers with Radar,904,398,222,3,1527,3,5,32,0,40,907,403,254,3,1567,0,0,0,1567
09/08/2000,PHL,PA,AEA,EN,Towers with Radar,919,394,175,0,1488,3,3,26,0,32,922,397,201,0,1520,0,0,0,1520
09/09/2000,PHL,PA,AEA,EN,Towers with Radar,785,248,109,2,1144,3,1,27,0,31,788,249,136,2,1175,0,0,0,1175
09/10/2000,PHL,PA,AEA,EN,Towers with Radar,743,270,138,0,1151,3,0,19,0,22,746,270,157,0,1173,0,0,0,1173
09/11/2000,PHL,PA,AEA,EN,Towers with Radar,779,317,173,0,1269,3,0,20,0,23,782,317,193,0,1292,0,0,0,1292
09/12/2000,PHL,PA,AEA,EN,Towers with Radar,783,347,184,4,1318,3,0,13,0,16,786,347,197,4,1334,0,0,0,1334
09/13/2000,PHL,PA,AEA,EN,Towers with Radar,934,402,193,1,1530,0,2,34,0,36,934,404,227,1,1566,0,0,0,1566
09/14/2000,PHL,PA,AEA,EN,Towers with Radar,882,393,220,5,1500,3,1,46,0,50,885,394,266,5,1550,0,0,0,1550
09/15/2000,PHL,PA,AEA,EN,Towers with Radar,924,388,202,3,1517,3,2,24,1,30,927,390,226,4,1547,0,0,0,1547
09/16/2000,PHL,PA,AEA,EN,Towers with Radar,780,244,108,0,1132,3,0,24,0,27,783,244,132,0,1159,0,0,0,1159
09/17/2000,PHL,PA,AEA,EN,Towers with Radar,710,266,141,2,1119,3,4,40,0,47,713,270,181,2,1166,0,0,0,1166
09/18/2000,PHL,PA,AEA,EN,Towers with Radar,806,319,200,0,1325,2,0,40,0,42,808,319,240,0,1367,0,0,0,1367
09/19/2000,PHL,PA,AEA,EN,Towers with Radar,773,331,124,1,1229,2,3,5,1,11,775,334,129,2,1240,0,0,0,1240
09/20/2000,PHL,PA,AEA,EN,Towers with Radar,946,405,198,2,1551,2,1,27,0,30,948,406,225,2,1581,0,0,0,1581
09/21/2000,PHL,PA,AEA,EN,Towers with Radar,899,383,199,4,1485,2,5,38,0,45,901,388,237,4,1530,0,0,0,1530
09/22/2000,PHL,PA,AEA,EN,Towers with Radar,889,385,185,3,1462,2,1,52,0,55,891,386,237,3,1517,0,0,0,1517
09/23/2000,PHL,PA,AEA,EN,Towers with Radar,749,267,96,0,1112,2,0,4,0,6,751,267,100,0,1118,0,0,0,1118
09/24/2000,PHL,PA,AEA,EN,Towers with Radar,774,271,99,0,1144,2,0,10,0,12,776,271,109,0,1156,0,0,0,1156
09/25/2000,PHL,PA,AEA,EN,Towers with Radar,771,321,175,1,1268,2,1,16,1,20,773,322,191,2,1288,0,0,0,1288
09/26/2000,PHL,PA,AEA,EN,Towers with Radar,902,413,155,1,1471,2,0,6,0,8,904,413,161,1,1479,0,0,0,1479
09/27/2000,PHL,PA,AEA,EN,Towers with Radar,944,387,211,2,1544,2,4,23,1,30,946,391,234,3,1574,0,0,0,1574
09/28/2000,PHL,PA,AEA,EN,Towers with Radar,923,398,197,0,1518,2,5,33,0,40,925,403,230,0,1558,0,0,0,1558
09/29/2000,PHL,PA,AEA,EN,Towers with Radar,895,393,175,3,1466,2,3,43,0,48,897,396,218,3,1514,0,0,0,1514
09/30/2000,PHL,PA,AEA,EN,Towers with Radar,782,241,102,0,1125,2,0,15,1,18,784,241,117,1,1143,0,0,0,1143
10/01/2000,PHL,PA,AEA,EN,Towers with Radar,764,261,130,0,1155,7,0,30,0,37,771,261,160,0,1192,0,0,0,1192
10/02/2000,PHL,PA,AEA,EN,Towers with Radar,814,299,152,1,1266,7,0,23,0,30,821,299,175,1,1296,0,0,0,1296
10/03/2000,PHL,PA,AEA,EN,Towers with Radar,886,392,170,0,1448,7,0,25,0,32,893,392,195,0,1480,0,0,0,1480
10/04/2000,PHL,PA,AEA,EN,Towers with Radar,777,342,180,1,1300,7,0,39,0,46,784,342,219,1,1346,0,0,0,1346
10/05/2000,PHL,PA,AEA,EN,Towers with Radar,913,396,205,2,1516,7,0,14,1,22,920,396,219,3,1538,0,0,0,1538
10/06/2000,PHL,PA,AEA,EN,Towers with Radar,906,349,175,1,1431,7,0,12,1,20,913,349,187,2,1451,0,0,0,1451
10/07/2000,PHL,PA,AEA,EN,Towers with Radar,776,267,100,0,1143,7,0,24,0,31,783,267,124,0,1174,0,0,0,1174
10/08/2000,PHL,PA,AEA,EN,Towers with Radar,757,271,150,0,1178,7,0,23,0,30,764,271,173,0,1208,0,0,0,1208
10/09/2000,PHL,PA,AEA,EN,Towers with Radar,804,306,170,0,1280,7,0,30,0,37,811,306,200,0,1317,0,0,0,1317
10/10/2000,PHL,PA,AEA,EN,Towers with Radar,845,362,163,1,1371,0,33,112,3,148,845,395,275,4,1519,0,0,0,1519
10/11/2000,PHL,PA,AEA,EN,Towers with Radar,902,392,173,2,1469,7,0,39,0,46,909,392,212,2,1515,0,0,0,1515
10/12/2000,PHL,PA,AEA,EN,Towers with Radar,910,380,202,3,1495,7,3,37,0,47,917,383,239,3,1542,0,0,0,1542
10/13/2000,PHL,PA,AEA,EN,Towers with Radar,884,365,165,1,1415,27,5,45,1,78,911,370,210,2,1493,0,0,0,1493
10/14/2000,PHL,PA,AEA,EN,Towers with Radar,770,251,123,0,1144,0,0,0,0,0,770,251,123,0,1144,0,0,0,1144
10/15/2000,PHL,PA,AEA,EN,Towers with Radar,799,268,118,0,1185,0,0,0,0,0,799,268,118,0,1185,0,0,0,1185
10/16/2000,PHL,PA,AEA,EN,Towers with Radar,734,305,136,0,1175,68,0,34,2,104,802,305,170,2,1279,0,0,0,1279
10/17/2000,PHL,PA,AEA,EN,Towers with Radar,676,282,126,0,1084,211,85,109,0,405,887,367,235,0,1489,0,0,0,1489
10/18/2000,PHL,PA,AEA,EN,Towers with Radar,791,354,144,0,1289,7,0,9,0,16,798,354,153,0,1305,0,0,0,1305
10/19/2000,PHL,PA,AEA,EN,Towers with Radar,930,395,202,0,1527,7,0,43,0,50,937,395,245,0,1577,0,0,0,1577
10/20/2000,PHL,PA,AEA,EN,Towers with Radar,927,396,166,0,1489,7,0,40,0,47,934,396,206,0,1536,0,0,0,1536
10/21/2000,PHL,PA,AEA,EN,Towers with Radar,780,263,101,2,1146,7,0,33,0,40,787,263,134,2,1186,0,0,0,1186
10/22/2000,PHL,PA,AEA,EN,Towers with Radar,757,262,116,2,1137,7,0,26,0,33,764,262,142,2,1170,0,0,0,1170
10/23/2000,PHL,PA,AEA,EN,Towers with Radar,836,325,150,0,1311,6,0,48,0,54,842,325,198,0,1365,0,0,0,1365
10/24/2000,PHL,PA,AEA,EN,Towers with Radar,899,383,168,2,1452,6,1,50,0,57,905,384,218,2,1509,0,0,0,1509
10/25/2000,PHL,PA,AEA,EN,Towers with Radar,891,387,190,4,1472,6,0,44,0,50,897,387,234,4,1522,0,0,0,1522
10/26/2000,PHL,PA,AEA,EN,Towers with Radar,875,282,169,2,1328,6,0,35,0,41,881,282,204,2,1369,0,0,0,1369
10/27/2000,PHL,PA,AEA,EN,Towers with Radar,900,375,191,0,1466,6,0,20,1,27,906,375,211,1,1493,0,0,0,1493
10/28/2000,PHL,PA,AEA,EN,Towers with Radar,798,252,76,0,1126,6,0,14,0,20,804,252,90,0,1146,0,0,0,1146
10/29/2000,PHL,PA,AEA,EN,Towers with Radar,732,253,111,1,1097,6,0,33,0,39,738,253,144,1,1136,0,0,0,1136
10/30/2000,PHL,PA,AEA,EN,Towers with Radar,611,263,181,0,1055,6,0,21,1,28,617,263,202,1,1083,0,0,0,1083
10/31/2000,PHL,PA,AEA,EN,Towers with Radar,857,376,171,3,1407,6,0,34,0,40,863,376,205,3,1447,0,0,0,1447
11/01/2000,PHL,PA,AEA,EN,Towers with Radar,973,386,223,0,1582,1,5,26,0,32,974,391,249,0,1614,0,0,0,1614
11/02/2000,PHL,PA,AEA,EN,Towers with Radar,901,393,176,2,1472,0,8,23,0,31,901,401,199,2,1503,0,0,0,1503
11/03/2000,PHL,PA,AEA,EN,Towers with Radar,884,379,188,1,1452,0,14,33,2,49,884,393,221,3,1501,0,0,0,1501
11/04/2000,PHL,PA,AEA,EN,Towers with Radar,791,247,103,0,1141,0,0,8,0,8,791,247,111,0,1149,0,0,0,1149
11/05/2000,PHL,PA,AEA,EN,Towers with Radar,773,274,131,2,1180,0,0,15,0,15,773,274,146,2,1195,0,0,0,1195
11/06/2000,PHL,PA,AEA,EN,Towers with Radar,789,306,168,0,1263,0,0,26,1,27,789,306,194,1,1290,0,0,0,1290
11/07/2000,PHL,PA,AEA,EN,Towers with Radar,912,389,148,0,1449,0,6,28,0,34,912,395,176,0,1483,0,0,0,1483
11/08/2000,PHL,PA,AEA,EN,Towers with Radar,901,383,178,0,1462,0,5,37,0,42,901,388,215,0,1504,0,0,0,1504
11/09/2000,PHL,PA,AEA,EN,Towers with Radar,899,394,207,0,1500,0,3,18,0,21,899,397,225,0,1521,0,0,0,1521
11/10/2000,PHL,PA,AEA,EN,Towers with Radar,927,373,181,1,1482,0,1,20,0,21,927,374,201,1,1503,0,0,0,1503
11/11/2000,PHL,PA,AEA,EN,Towers with Radar,794,256,85,0,1135,0,0,24,0,24,794,256,109,0,1159,0,0,0,1159
11/12/2000,PHL,PA,AEA,EN,Towers with Radar,765,271,99,4,1139,0,0,13,0,13,765,271,112,4,1152,0,0,0,1152
11/13/2000,PHL,PA,AEA,EN,Towers with Radar,827,307,148,3,1285,0,0,17,2,19,827,307,165,5,1304,0,0,0,1304
11/14/2000,PHL,PA,AEA,EN,Towers with Radar,922,367,178,0,1467,0,0,14,0,14,922,367,192,0,1481,0,0,0,1481
11/15/2000,PHL,PA,AEA,EN,Towers with Radar,901,371,196,2,1470,0,4,23,0,27,901,375,219,2,1497,0,0,0,1497
11/16/2000,PHL,PA,AEA,EN,Towers with Radar,880,381,198,0,1459,0,2,27,0,29,880,383,225,0,1488,0,0,0,1488
11/17/2000,PHL,PA,AEA,EN,Towers with Radar,919,382,183,0,1484,0,6,29,0,35,919,388,212,0,1519,0,0,0,1519
11/18/2000,PHL,PA,AEA,EN,Towers with Radar,796,253,82,0,1131,0,0,9,0,9,796,253,91,0,1140,0,0,0,1140
11/19/2000,PHL,PA,AEA,EN,Towers with Radar,771,261,104,1,1137,0,0,12,0,12,771,261,116,1,1149,0,0,0,1149
11/20/2000,PHL,PA,AEA,EN,Towers with Radar,790,307,140,0,1237,0,0,20,0,20,790,307,160,0,1257,0,0,0,1257
11/21/2000,PHL,PA,AEA,EN,Towers with Radar,919,370,175,2,1466,0,3,15,0,18,919,373,190,2,1484,0,0,0,1484
11/22/2000,PHL,PA,AEA,EN,Towers with Radar,962,386,189,2,1539,0,9,23,1,33,962,395,212,3,1572,0,0,0,1572
11/23/2000,PHL,PA,AEA,EN,Towers with Radar,808,312,90,1,1211,0,3,21,1,25,808,315,111,2,1236,0,0,0,1236
11/24/2000,PHL,PA,AEA,EN,Towers with Radar,684,212,72,3,971,0,0,36,0,36,684,212,108,3,1007,0,0,0,1007
11/25/2000,PHL,PA,AEA,EN,Towers with Radar,736,248,113,2,1099,0,0,17,0,17,736,248,130,2,1116,0,0,0,1116
11/26/2000,PHL,PA,AEA,EN,Towers with Radar,744,240,169,0,1153,0,1,0,0,1,744,241,169,0,1154,0,0,0,1154
11/27/2000,PHL,PA,AEA,EN,Towers with Radar,863,307,163,1,1334,0,0,28,0,28,863,307,191,1,1362,0,0,0,1362
11/28/2000,PHL,PA,AEA,EN,Towers with Radar,920,372,188,2,1482,0,2,19,0,21,920,374,207,2,1503,0,0,0,1503
11/29/2000,PHL,PA,AEA,EN,Towers with Radar,902,402,190,0,1494,0,1,40,0,41,902,403,230,0,1535,0,0,0,1535
11/30/2000,PHL,PA,AEA,EN,Towers with Radar,899,328,215,1,1443,0,3,29,0,32,899,331,244,1,1475,0,0,0,1475
12/01/2000,PHL,PA,AEA,EN,Towers with Radar,942,379,155,1,1477,0,9,14,1,24,942,388,169,2,1501,0,0,0,1501
12/02/2000,PHL,PA,AEA,EN,Towers with Radar,773,232,86,0,1091,0,2,14,0,16,773,234,100,0,1107,0,0,0,1107
12/03/2000,PHL,PA,AEA,EN,Towers with Radar,698,243,106,0,1047,0,0,13,0,13,698,243,119,0,1060,0,0,0,1060
12/04/2000,PHL,PA,AEA,EN,Towers with Radar,812,286,148,0,1246,0,3,31,0,34,812,289,179,0,1280,0,0,0,1280
12/05/2000,PHL,PA,AEA,EN,Towers with Radar,934,341,195,2,1472,0,4,25,0,29,934,345,220,2,1501,0,0,0,1501
12/06/2000,PHL,PA,AEA,EN,Towers with Radar,937,355,193,0,1485,0,3,40,0,43,937,358,233,0,1528,0,0,0,1528
12/07/2000,PHL,PA,AEA,EN,Towers with Radar,930,354,151,0,1435,0,4,36,0,40,930,358,187,0,1475,0,0,0,1475
12/08/2000,PHL,PA,AEA,EN,Towers with Radar,834,307,161,0,1302,0,2,15,0,17,834,309,176,0,1319,0,0,0,1319
12/09/2000,PHL,PA,AEA,EN,Towers with Radar,795,216,91,0,1102,0,1,11,0,12,795,217,102,0,1114,0,0,0,1114
12/10/2000,PHL,PA,AEA,EN,Towers with Radar,746,247,84,0,1077,0,1,4,0,5,746,248,88,0,1082,0,0,0,1082
12/11/2000,PHL,PA,AEA,EN,Towers with Radar,749,294,140,4,1187,0,1,4,0,5,749,295,144,4,1192,0,0,0,1192
12/12/2000,PHL,PA,AEA,EN,Towers with Radar,890,352,153,0,1395,0,1,24,0,25,890,353,177,0,1420,0,0,0,1420
12/13/2000,PHL,PA,AEA,EN,Towers with Radar,840,343,189,6,1378,0,4,33,2,39,840,347,222,8,1417,0,0,0,1417
12/14/2000,PHL,PA,AEA,EN,Towers with Radar,914,339,162,2,1417,0,1,13,0,14,914,340,175,2,1431,0,0,0,1431
12/15/2000,PHL,PA,AEA,EN,Towers with Radar,888,387,189,1,1465,0,2,24,0,26,888,389,213,1,1491,0,0,0,1491
12/16/2000,PHL,PA,AEA,EN,Towers with Radar,785,246,115,1,1147,0,1,6,0,7,785,247,121,1,1154,0,0,0,1154
12/17/2000,PHL,PA,AEA,EN,Towers with Radar,660,164,68,0,892,0,1,3,0,4,660,165,71,0,896,0,0,0,896
12/18/2000,PHL,PA,AEA,EN,Towers with Radar,825,300,161,1,1287,0,1,17,0,18,825,301,178,1,1305,0,0,0,1305
12/19/2000,PHL,PA,AEA,EN,Towers with Radar,901,330,147,2,1380,0,2,17,0,19,901,332,164,2,1399,0,0,0,1399
12/20/2000,PHL,PA,AEA,EN,Towers with Radar,937,357,165,1,1460,0,4,11,0,15,937,361,176,1,1475,0,0,0,1475
12/21/2000,PHL,PA,AEA,EN,Towers with Radar,931,344,154,3,1432,0,6,28,0,34,931,350,182,3,1466,0,0,0,1466
12/22/2000,PHL,PA,AEA,EN,Towers with Radar,899,331,120,1,1351,0,5,11,0,16,899,336,131,1,1367,0,0,0,1367
12/23/2000,PHL,PA,AEA,EN,Towers with Radar,773,245,117,1,1136,102,0,0,5,107,875,245,117,6,1243,0,0,0,1243
12/24/2000,PHL,PA,AEA,EN,Towers with Radar,728,225,61,0,1014,0,3,13,0,16,728,228,74,0,1030,0,0,0,1030
12/25/2000,PHL,PA,AEA,EN,Towers with Radar,663,224,36,1,924,0,1,7,0,8,663,225,43,1,932,0,0,0,932
12/26/2000,PHL,PA,AEA,EN,Towers with Radar,764,275,118,0,1157,0,2,13,0,15,764,277,131,0,1172,0,0,0,1172
12/27/2000,PHL,PA,AEA,EN,Towers with Radar,880,334,115,1,1330,0,6,5,0,11,880,340,120,1,1341,0,0,0,1341
12/28/2000,PHL,PA,AEA,EN,Towers with Radar,879,367,97,1,1344,0,3,9,0,12,879,370,106,1,1356,0,0,0,1356
12/29/2000,PHL,PA,AEA,EN,Towers with Radar,858,349,126,1,1334,0,12,26,0,38,858,361,152,1,1372,0,0,0,1372
12/30/2000,PHL,PA,AEA,EN,Towers with Radar,559,78,21,0,658,0,1,3,0,4,559,79,24,0,662,0,0,0,662
12/31/2000,PHL,PA,AEA,EN,Towers with Radar,700,201,53,0,954,0,3,19,0,22,700,204,72,0,976,0,0,0,976
01/01/2001,PHL,PA,AEA,EN,Towers with Radar,728,223,75,1,1027,0,3,7,0,10,728,226,82,1,1037,0,0,0,1037
01/02/2001,PHL,PA,AEA,EN,Towers with Radar,794,276,103,1,1174,0,0,8,1,9,794,276,111,2,1183,0,0,0,1183
01/03/2001,PHL,PA,AEA,EN,Towers with Radar,889,385,146,3,1423,0,2,33,0,35,889,387,179,3,1458,0,0,0,1458
01/04/2001,PHL,PA,AEA,EN,Towers with Radar,881,373,145,1,1400,0,0,29,1,30,881,373,174,2,1430,0,0,0,1430
01/05/2001,PHL,PA,AEA,EN,Towers with Radar,710,316,101,0,1127,0,4,3,0,7,710,320,104,0,1134,0,0,0,1134
01/06/2001,PHL,PA,AEA,EN,Towers with Radar,828,265,79,0,1172,0,0,5,0,5,828,265,84,0,1177,0,0,0,1177
01/07/2001,PHL,PA,AEA,EN,Towers with Radar,747,274,69,0,1090,0,0,13,0,13,747,274,82,0,1103,0,0,0,1103
01/08/2001,PHL,PA,AEA,EN,Towers with Radar,768,310,116,0,1194,0,0,2,1,3,768,310,118,1,1197,0,0,0,1197
01/09/2001,PHL,PA,AEA,EN,Towers with Radar,843,369,139,0,1351,0,0,11,0,11,843,369,150,0,1362,0,0,0,1362
01/10/2001,PHL,PA,AEA,EN,Towers with Radar,916,385,179,0,1480,0,0,7,0,7,916,385,186,0,1487,0,0,0,1487
01/11/2001,PHL,PA,AEA,EN,Towers with Radar,893,407,163,2,1465,0,4,29,1,34,893,411,192,3,1499,0,0,0,1499
01/12/2001,PHL,PA,AEA,EN,Towers with Radar,880,419,137,0,1436,0,1,13,0,14,880,420,150,0,1450,0,0,0,1450
01/13/2001,PHL,PA,AEA,EN,Towers with Radar,765,246,89,0,1100,0,0,18,0,18,765,246,107,0,1118,0,0,0,1118
01/14/2001,PHL,PA,AEA,EN,Towers with Radar,766,276,79,1,1122,0,0,15,0,15,766,276,94,1,1137,0,0,0,1137
01/15/2001,PHL,PA,AEA,EN,Towers with Radar,764,275,133,0,1172,0,0,0,0,0,764,275,133,0,1172,0,0,0,1172
01/16/2001,PHL,PA,AEA,EN,Towers with Radar,905,315,185,2,1407,0,0,15,0,15,905,315,200,2,1422,0,0,0,1422
01/17/2001,PHL,PA,AEA,EN,Towers with Radar,876,403,141,0,1420,0,1,19,0,20,876,404,160,0,1440,0,0,0,1440
01/18/2001,PHL,PA,AEA,EN,Towers with Radar,858,360,139,1,1358,0,12,16,0,28,858,372,155,1,1386,0,0,0,1386
01/19/2001,PHL,PA,AEA,EN,Towers with Radar,844,343,132,0,1319,0,43,15,5,63,844,386,147,5,1382,0,0,0,1382
01/20/2001,PHL,PA,AEA,EN,Towers with Radar,605,244,88,0,937,121,13,0,0,134,726,257,88,0,1071,0,0,0,1071
01/21/2001,PHL,PA,AEA,EN,Towers with Radar,661,232,81,0,974,0,0,4,0,4,661,232,85,0,978,0,0,0,978
01/22/2001,PHL,PA,AEA,EN,Towers with Radar,818,324,127,2,1271,0,0,20,0,20,818,324,147,2,1291,0,0,0,1291
01/23/2001,PHL,PA,AEA,EN,Towers with Radar,891,383,153,2,1429,0,0,30,1,31,891,383,183,3,1460,0,0,0,1460
01/24/2001,PHL,PA,AEA,EN,Towers with Radar,880,395,149,0,1424,0,2,14,0,16,880,397,163,0,1440,0,0,0,1440
01/25/2001,PHL,PA,AEA,EN,Towers with Radar,914,397,175,0,1486,0,2,19,0,21,914,399,194,0,1507,0,0,0,1507
01/26/2001,PHL,PA,AEA,EN,Towers with Radar,887,401,162,3,1453,0,5,28,3,36,887,406,190,6,1489,0,0,0,1489
01/27/2001,PHL,PA,AEA,EN,Towers with Radar,765,248,92,0,1105,0,0,5,0,5,765,248,97,0,1110,0,0,0,1110
01/28/2001,PHL,PA,AEA,EN,Towers with Radar,743,271,85,1,1100,0,0,7,0,7,743,271,92,1,1107,0,0,0,1107
01/29/2001,PHL,PA,AEA,EN,Towers with Radar,797,311,167,2,1277,0,2,26,0,28,797,313,193,2,1305,0,0,0,1305
01/30/2001,PHL,PA,AEA,EN,Towers with Radar,870,381,168,3,1422,0,2,10,0,12,870,383,178,3,1434,0,0,0,1434
01/31/2001,PHL,PA,AEA,EN,Towers with Radar,892,361,153,0,1406,0,0,12,0,12,892,361,165,0,1418,0,0,0,1418
02/01/2001,PHL,PA,AEA,EN,Towers with Radar,897,366,167,3,1433,0,25,42,0,67,897,391,209,3,1500,0,0,0,1500
02/02/2001,PHL,PA,AEA,EN,Towers with Radar,897,394,147,1,1439,3,2,9,0,14,900,396,156,1,1453,0,0,0,1453
02/03/2001,PHL,PA,AEA,EN,Towers with Radar,764,240,95,0,1099,2,0,15,0,17,766,240,110,0,1116,0,0,0,1116
02/04/2001,PHL,PA,AEA,EN,Towers with Radar,618,244,110,0,972,272,23,40,0,335,890,267,150,0,1307,0,0,0,1307
02/05/2001,PHL,PA,AEA,EN,Towers with Radar,549,169,99,4,821,2,0,1,0,3,551,169,100,4,824,0,0,0,824
02/06/2001,PHL,PA,AEA,EN,Towers with Radar,830,308,213,6,1357,2,0,21,0,23,832,308,234,6,1380,0,0,0,1380
02/07/2001,PHL,PA,AEA,EN,Towers with Radar,900,371,192,3,1466,2,6,21,0,29,902,377,213,3,1495,0,0,0,1495
02/08/2001,PHL,PA,AEA,EN,Towers with Radar,852,382,208,1,1443,2,5,30,0,37,854,387,238,1,1480,0,0,0,1480
02/09/2001,PHL,PA,AEA,EN,Towers with Radar,892,375,158,5,1430,2,0,19,1,22,894,375,177,6,1452,0,0,0,1452
02/10/2001,PHL,PA,AEA,EN,Towers with Radar,760,238,86,0,1084,2,0,6,0,8,762,238,92,0,1092,0,0,0,1092
02/11/2001,PHL,PA,AEA,EN,Towers with Radar,748,270,92,1,1111,2,0,14,0,16,750,270,106,1,1127,0,0,0,1127
02/12/2001,PHL,PA,AEA,EN,Towers with Radar,797,304,154,2,1257,2,0,16,0,18,799,304,170,2,1275,0,0,0,1275
02/13/2001,PHL,PA,AEA,EN,Towers with Radar,895,389,188,0,1472,2,0,17,0,19,897,389,205,0,1491,0,0,0,1491
02/14/2001,PHL,PA,AEA,EN,Towers with Radar,836,362,178,0,1376,2,0,10,0,12,838,362,188,0,1388,0,0,0,1388
02/15/2001,PHL,PA,AEA,EN,Towers with Radar,909,387,230,2,1528,2,0,22,0,24,911,387,252,2,1552,0,0,0,1552
02/16/2001,PHL,PA,AEA,EN,Towers with Radar,881,381,161,0,1423,2,0,9,0,11,883,381,170,0,1434,0,0,0,1434
02/17/2001,PHL,PA,AEA,EN,Towers with Radar,784,282,75,0,1141,2,0,8,0,10,786,282,83,0,1151,0,0,0,1151
02/18/2001,PHL,PA,AEA,EN,Towers with Radar,771,273,83,0,1127,2,0,8,0,10,773,273,91,0,1137,0,0,0,1137
02/19/2001,PHL,PA,AEA,EN,Towers with Radar,806,313,154,0,1273,2,0,29,1,32,808,313,183,1,1305,0,0,0,1305
02/20/2001,PHL,PA,AEA,EN,Towers with Radar,897,329,144,0,1370,2,2,22,2,28,899,331,166,2,1398,0,0,0,1398
02/21/2001,PHL,PA,AEA,EN,Towers with Radar,903,383,195,5,1486,2,0,14,1,17,905,383,209,6,1503,0,0,0,1503
02/22/2001,PHL,PA,AEA,EN,Towers with Radar,705,274,127,1,1107,4,0,7,4,15,709,274,134,5,1122,0,0,0,1122
02/23/2001,PHL,PA,AEA,EN,Towers with Radar,912,357,163,2,1434,27,27,20,4,78,939,384,183,6,1512,0,0,0,1512
02/24/2001,PHL,PA,AEA,EN,Towers with Radar,758,244,111,0,1113,2,0,12,0,14,760,244,123,0,1127,0,0,0,1127
02/25/2001,PHL,PA,AEA,EN,Towers with Radar,656,191,61,0,908,2,0,0,0,2,658,191,61,0,910,0,0,0,910
02/26/2001,PHL,PA,AEA,EN,Towers with Radar,881,303,132,6,1322,2,0,16,3,21,883,303,148,9,1343,0,0,0,1343
02/27/2001,PHL,PA,AEA,EN,Towers with Radar,889,391,171,3,1454,2,2,17,0,21,891,393,188,3,1475,0,0,0,1475
02/28/2001,PHL,PA,AEA,EN,Towers with Radar,896,360,164,2,1422,0,30,41,0,71,896,390,205,2,1493,0,0,0,1493
03/01/2001,PHL,PA,AEA,EN,Towers with Radar,906,360,170,5,1441,4,6,20,0,30,910,366,190,5,1471,0,0,0,1471
03/02/2001,PHL,PA,AEA,EN,Towers with Radar,877,363,184,6,1430,4,2,42,1,49,881,365,226,7,1479,0,0,0,1479
03/03/2001,PHL,PA,AEA,EN,Towers with Radar,780,249,102,0,1131,4,1,3,0,8,784,250,105,0,1139,0,0,0,1139
03/04/2001,PHL,PA,AEA,EN,Towers with Radar,552,196,98,0,846,76,0,13,0,89,628,196,111,0,935,0,0,0,935
03/05/2001,PHL,PA,AEA,EN,Towers with Radar,665,174,24,0,863,4,1,0,0,5,669,175,24,0,868,0,0,0,868
03/06/2001,PHL,PA,AEA,EN,Towers with Radar,752,254,68,0,1074,4,1,0,0,5,756,255,68,0,1079,0,0,0,1079
03/07/2001,PHL,PA,AEA,EN,Towers with Radar,916,382,191,1,1490,4,2,0,0,6,920,384,191,1,1496,0,0,0,1496
03/08/2001,PHL,PA,AEA,EN,Towers with Radar,894,350,155,1,1400,10,46,52,1,109,904,396,207,2,1509,0,0,0,1509
03/09/2001,PHL,PA,AEA,EN,Towers with Radar,680,266,119,1,1066,204,118,50,0,372,884,384,169,1,1438,0,0,0,1438
03/10/2001,PHL,PA,AEA,EN,Towers with Radar,755,253,99,0,1107,3,1,0,0,4,758,254,99,0,1111,0,0,0,1111
03/11/2001,PHL,PA,AEA,EN,Towers with Radar,772,273,91,1,1137,3,4,0,0,7,775,277,91,1,1144,0,0,0,1144
03/12/2001,PHL,PA,AEA,EN,Towers with Radar,791,305,114,1,1211,3,1,0,0,4,794,306,114,1,1215,0,0,0,1215
03/13/2001,PHL,PA,AEA,EN,Towers with Radar,891,379,129,1,1400,3,1,0,0,4,894,380,129,1,1404,0,0,0,1404
03/14/2001,PHL,PA,AEA,EN,Towers with Radar,912,385,193,1,1491,3,2,6,0,11,915,387,199,1,1502,0,0,0,1502
03/15/2001,PHL,PA,AEA,EN,Towers with Radar,881,389,187,2,1459,3,4,1,0,8,884,393,188,2,1467,0,0,0,1467
03/16/2001,PHL,PA,AEA,EN,Towers with Radar,887,385,151,0,1423,3,4,0,0,7,890,389,151,0,1430,0,0,0,1430
03/17/2001,PHL,PA,AEA,EN,Towers with Radar,806,265,97,2,1170,3,1,0,0,4,809,266,97,2,1174,0,0,0,1174
03/18/2001,PHL,PA,AEA,EN,Towers with Radar,766,289,93,0,1148,3,1,1,0,5,769,290,94,0,1153,0,0,0,1153
03/19/2001,PHL,PA,AEA,EN,Towers with Radar,780,322,153,1,1256,3,1,0,0,4,783,323,153,1,1260,0,0,0,1260
03/20/2001,PHL,PA,AEA,EN,Towers with Radar,887,403,149,0,1439,3,1,0,0,4,890,404,149,0,1443,0,0,0,1443
03/21/2001,PHL,PA,AEA,EN,Towers with Radar,733,268,129,0,1130,3,1,0,0,4,736,269,129,0,1134,0,0,0,1134
03/22/2001,PHL,PA,AEA,EN,Towers with Radar,923,375,204,0,1502,3,1,0,0,4,926,376,204,0,1506,0,0,0,1506
03/23/2001,PHL,PA,AEA,EN,Towers with Radar,906,392,137,3,1438,3,3,0,0,6,909,395,137,3,1444,0,0,0,1444
03/24/2001,PHL,PA,AEA,EN,Towers with Radar,791,251,96,0,1138,3,1,0,0,4,794,252,96,0,1142,0,0,0,1142
03/25/2001,PHL,PA,AEA,EN,Towers with Radar,767,286,107,0,1160,3,2,1,0,6,770,288,108,0,1166,0,0,0,1166
03/26/2001,PHL,PA,AEA,EN,Towers with Radar,807,297,153,4,1261,3,1,4,0,8,810,298,157,4,1269,0,0,0,1269
03/27/2001,PHL,PA,AEA,EN,Towers with Radar,908,380,173,6,1467,3,5,3,0,11,911,385,176,6,1478,0,0,0,1478
03/28/2001,PHL,PA,AEA,EN,Towers with Radar,900,404,174,0,1478,3,4,5,0,12,903,408,179,0,1490,0,0,0,1490
03/29/2001,PHL,PA,AEA,EN,Towers with Radar,871,370,174,0,1415,2,6,0,0,8,873,376,174,0,1423,0,0,0,1423
03/30/2001,PHL,PA,AEA,EN,Towers with Radar,893,368,161,4,1426,2,2,0,0,4,895,370,161,4,1430,0,0,0,1430
03/31/2001,PHL,PA,AEA,EN,Towers with Radar,749,265,85,0,1099,2,1,0,0,3,751,266,85,0,1102,0,0,0,1102
04/01/2001,PHL,PA,AEA,EN,Towers with Radar,723,271,90,1,1085,48,16,0,0,64,771,287,90,1,1149,0,0,0,1149
04/02/2001,PHL,PA,AEA,EN,Towers with Radar,807,293,122,0,1222,0,4,4,0,8,807,297,126,0,1230,0,0,0,1230
04/03/2001,PHL,PA,AEA,EN,Towers with Radar,913,389,146,0,1448,0,7,13,0,20,913,396,159,0,1468,0,0,0,1468
04/04/2001,PHL,PA,AEA,EN,Towers with Radar,908,369,172,1,1450,0,6,11,0,17,908,375,183,1,1467,0,0,0,1467
04/05/2001,PHL,PA,AEA,EN,Towers with Radar,907,379,202,0,1488,0,6,10,0,16,907,385,212,0,1504,0,0,0,1504
04/06/2001,PHL,PA,AEA,EN,Towers with Radar,773,301,156,3,1233,0,4,7,0,11,773,305,163,3,1244,0,0,0,1244
04/07/2001,PHL,PA,AEA,EN,Towers with Radar,761,253,97,0,1111,19,0,0,0,19,780,253,97,0,1130,0,0,0,1130
04/08/2001,PHL,PA,AEA,EN,Towers with Radar,782,252,79,3,1116,0,3,3,0,6,782,255,82,3,1122,0,0,0,1122
04/09/2001,PHL,PA,AEA,EN,Towers with Radar,707,225,125,4,1061,0,3,5,0,8,707,228,130,4,1069,0,0,0,1069
04/10/2001,PHL,PA,AEA,EN,Towers with Radar,945,361,168,1,1475,0,5,7,0,12,945,366,175,1,1487,0,0,0,1487
04/11/2001,PHL,PA,AEA,EN,Towers with Radar,833,357,157,4,1351,0,4,4,0,8,833,361,161,4,1359,0,0,0,1359
04/12/2001,PHL,PA,AEA,EN,Towers with Radar,836,302,143,0,1281,0,2,7,0,9,836,304,150,0,1290,0,0,0,1290
04/13/2001,PHL,PA,AEA,EN,Towers with Radar,977,390,128,0,1495,0,2,8,0,10,977,392,136,0,1505,0,0,0,1505
04/14/2001,PHL,PA,AEA,EN,Towers with Radar,718,253,78,0,1049,53,0,0,0,53,771,253,78,0,1102,0,0,0,1102
04/15/2001,PHL,PA,AEA,EN,Towers with Radar,758,269,59,0,1086,0,3,11,0,14,758,272,70,0,1100,0,0,0,1100
04/16/2001,PHL,PA,AEA,EN,Towers with Radar,814,306,138,0,1258,0,2,5,0,7,814,308,143,0,1265,0,0,0,1265
04/17/2001,PHL,PA,AEA,EN,Towers with Radar,901,368,141,0,1410,0,5,10,0,15,901,373,151,0,1425,0,0,0,1425
04/18/2001,PHL,PA,AEA,EN,Towers with Radar,899,364,170,2,1435,0,3,9,1,13,899,367,179,3,1448,0,0,0,1448
04/19/2001,PHL,PA,AEA,EN,Towers with Radar,911,364,171,1,1447,0,8,18,0,26,911,372,189,1,1473,0,0,0,1473
04/20/2001,PHL,PA,AEA,EN,Towers with Radar,886,362,161,1,1410,0,7,5,0,12,886,369,166,1,1422,0,0,0,1422
04/21/2001,PHL,PA,AEA,EN,Towers with Radar,765,251,90,0,1106,15,0,0,0,15,780,251,90,0,1121,0,0,0,1121
04/22/2001,PHL,PA,AEA,EN,Towers with Radar,788,267,92,0,1147,0,3,7,0,10,788,270,99,0,1157,0,0,0,1157
04/23/2001,PHL,PA,AEA,EN,Towers with Radar,821,297,152,3,1273,0,2,16,0,18,821,299,168,3,1291,0,0,0,1291
04/24/2001,PHL,PA,AEA,EN,Towers with Radar,910,353,153,1,1417,0,16,55,3,74,910,369,208,4,1491,0,0,0,1491
04/25/2001,PHL,PA,AEA,EN,Towers with Radar,912,388,206,2,1508,0,4,19,0,23,912,392,225,2,1531,0,0,0,1531
04/26/2001,PHL,PA,AEA,EN,Towers with Radar,937,387,164,3,1491,0,6,6,0,12,937,393,170,3,1503,0,0,0,1503
04/27/2001,PHL,PA,AEA,EN,Towers with Radar,911,357,176,6,1450,0,6,19,0,25,911,363,195,6,1475,0,0,0,1475
04/28/2001,PHL,PA,AEA,EN,Towers with Radar,768,254,97,4,1123,0,2,7,0,9,768,256,104,4,1132,0,0,0,1132
04/29/2001,PHL,PA,AEA,EN,Towers with Radar,670,236,114,1,1021,0,5,10,0,15,670,241,124,1,1036,0,0,0,1036
04/30/2001,PHL,PA,AEA,EN,Towers with Radar,819,296,159,5,1279,0,2,14,0,16,819,298,173,5,1295,0,0,0,1295
05/01/2001,PHL,PA,AEA,EN,Towers with Radar,905,378,210,4,1497,2,3,9,0,14,907,381,219,4,1511,0,0,0,1511
05/02/2001,PHL,PA,AEA,EN,Towers with Radar,877,373,188,2,1440,1,4,10,0,15,878,377,198,2,1455,0,0,0,1455
05/03/2001,PHL,PA,AEA,EN,Towers with Radar,908,389,176,5,1478,1,2,6,0,9,909,391,182,5,1487,0,0,0,1487
05/04/2001,PHL,PA,AEA,EN,Towers with Radar,896,380,165,3,1444,1,8,7,0,16,897,388,172,3,1460,0,0,0,1460
05/05/2001,PHL,PA,AEA,EN,Towers with Radar,769,256,89,0,1114,1,0,5,0,6,770,256,94,0,1120,0,0,0,1120
05/06/2001,PHL,PA,AEA,EN,Towers with Radar,771,274,110,1,1156,1,0,7,0,8,772,274,117,1,1164,0,0,0,1164
05/07/2001,PHL,PA,AEA,EN,Towers with Radar,796,298,154,2,1250,1,0,10,0,11,797,298,164,2,1261,0,0,0,1261
05/08/2001,PHL,PA,AEA,EN,Towers with Radar,893,371,175,0,1439,1,2,5,0,8,894,373,180,0,1447,0,0,0,1447
05/09/2001,PHL,PA,AEA,EN,Towers with Radar,898,378,202,5,1483,1,1,6,0,8,899,379,208,5,1491,0,0,0,1491
05/10/2001,PHL,PA,AEA,EN,Towers with Radar,891,383,191,7,1472,1,7,19,0,27,892,390,210,7,1499,0,0,0,1499
05/11/2001,PHL,PA,AEA,EN,Towers with Radar,876,363,187,3,1429,1,5,9,0,15,877,368,196,3,1444,0,0,0,1444
05/12/2001,PHL,PA,AEA,EN,Towers with Radar,763,245,119,2,1129,1,0,1,0,2,764,245,120,2,1131,0,0,0,1131
05/13/2001,PHL,PA,AEA,EN,Towers with Radar,767,262,91,0,1120,1,0,5,0,6,768,262,96,0,1126,0,0,0,1126
05/14/2001,PHL,PA,AEA,EN,Towers with Radar,798,299,156,5,1258,1,1,8,0,10,799,300,164,5,1268,0,0,0,1268
05/15/2001,PHL,PA,AEA,EN,Towers with Radar,860,346,165,0,1371,0,22,0,0,22,860,368,165,0,1393,0,0,0,1393
05/16/2001,PHL,PA,AEA,EN,Towers with Radar,909,372,201,2,1484,1,0,8,0,9,910,372,209,2,1493,0,0,0,1493
05/17/2001,PHL,PA,AEA,EN,Towers with Radar,886,375,233,1,1495,1,3,2,0,6,887,378,235,1,1501,0,0,0,1501
05/18/2001,PHL,PA,AEA,EN,Towers with Radar,898,379,188,2,1467,0,0,1,0,1,898,379,189,2,1468,0,0,0,1468
05/19/2001,PHL,PA,AEA,EN,Towers with Radar,767,245,115,0,1127,0,0,7,0,7,767,245,122,0,1134,0,0,0,1134
05/20/2001,PHL,PA,AEA,EN,Towers with Radar,762,275,121,0,1158,0,1,3,0,4,762,276,124,0,1162,0,0,0,1162
05/21/2001,PHL,PA,AEA,EN,Towers with Radar,716,277,160,1,1154,0,0,1,0,1,716,277,161,1,1155,0,0,0,1155
05/22/2001,PHL,PA,AEA,EN,Towers with Radar,867,337,150,1,1355,0,0,2,0,2,867,337,152,1,1357,0,0,0,1357
05/23/2001,PHL,PA,AEA,EN,Towers with Radar,936,388,220,3,1547,0,0,3,0,3,936,388,223,3,1550,0,0,0,1550
05/24/2001,PHL,PA,AEA,EN,Towers with Radar,886,373,217,5,1481,0,0,6,0,6,886,373,223,5,1487,0,0,0,1487
05/25/2001,PHL,PA,AEA,EN,Towers with Radar,859,357,170,0,1386,0,0,0,0,0,859,357,170,0,1386,0,0,0,1386
05/26/2001,PHL,PA,AEA,EN,Towers with Radar,760,250,96,0,1106,0,0,0,0,0,760,250,96,0,1106,0,0,0,1106
05/27/2001,PHL,PA,AEA,EN,Towers with Radar,731,245,76,0,1052,0,1,0,0,1,731,246,76,0,1053,0,0,0,1053
05/28/2001,PHL,PA,AEA,EN,Towers with Radar,778,270,75,0,1123,0,0,4,0,4,778,270,79,0,1127,0,0,0,1127
05/29/2001,PHL,PA,AEA,EN,Towers with Radar,796,300,158,0,1254,0,0,2,0,2,796,300,160,0,1256,0,0,0,1256
05/30/2001,PHL,PA,AEA,EN,Towers with Radar,896,392,179,6,1473,0,3,6,1,10,896,395,185,7,1483,0,0,0,1483
05/31/2001,PHL,PA,AEA,EN,Towers with Radar,879,381,191,1,1452,0,2,14,2,18,879,383,205,3,1470,0,0,0,1470
06/01/2001,PHL,PA,AEA,EN,Towers with Radar,865,359,183,2,1409,3,4,1,0,8,868,363,184,2,1417,0,0,0,1417
06/02/2001,PHL,PA,AEA,EN,Towers with Radar,788,249,98,0,1135,3,0,0,0,3,791,249,98,0,1138,0,0,0,1138
06/03/2001,PHL,PA,AEA,EN,Towers with Radar,742,281,135,1,1159,3,0,6,0,9,745,281,141,1,1168,0,0,0,1168
06/04/2001,PHL,PA,AEA,EN,Towers with Radar,794,316,174,7,1291,3,0,5,0,8,797,316,179,7,1299,0,0,0,1299
06/05/2001,PHL,PA,AEA,EN,Towers with Radar,866,380,179,3,1428,3,6,3,0,12,869,386,182,3,1440,0,0,0,1440
06/06/2001,PHL,PA,AEA,EN,Towers with Radar,863,370,203,0,1436,3,5,2,0,10,866,375,205,0,1446,0,0,0,1446
06/07/2001,PHL,PA,AEA,EN,Towers with Radar,860,358,198,1,1417,0,6,35,0,41,860,364,233,1,1458,0,0,0,1458
06/08/2001,PHL,PA,AEA,EN,Towers with Radar,884,358,197,1,1440,0,19,13,1,33,884,377,210,2,1473,0,0,0,1473
06/09/2001,PHL,PA,AEA,EN,Towers with Radar,770,247,114,2,1133,3,0,7,0,10,773,247,121,2,1143,0,0,0,1143
06/10/2001,PHL,PA,AEA,EN,Towers with Radar,754,272,160,0,1186,3,1,5,0,9,757,273,165,0,1195,0,0,0,1195
06/11/2001,PHL,PA,AEA,EN,Towers with Radar,771,290,198,6,1265,3,0,3,0,6,774,290,201,6,1271,0,0,0,1271
06/12/2001,PHL,PA,AEA,EN,Towers with Radar,774,342,170,6,1292,3,2,5,0,10,777,344,175,6,1302,0,0,0,1302
06/13/2001,PHL,PA,AEA,EN,Towers with Radar,872,386,269,0,1527,3,0,2,0,5,875,386,271,0,1532,0,0,0,1532
06/14/2001,PHL,PA,AEA,EN,Towers with Radar,893,388,221,0,1502,3,0,1,0,4,896,388,222,0,1506,0,0,0,1506
06/15/2001,PHL,PA,AEA,EN,Towers with Radar,682,337,210,1,1230,3,0,1,0,4,685,337,211,1,1234,0,0,0,1234
06/16/2001,PHL,PA,AEA,EN,Towers with Radar,751,201,113,2,1067,3,0,0,0,3,754,201,113,2,1070,0,0,0,1070
06/17/2001,PHL,PA,AEA,EN,Towers with Radar,775,256,110,0,1141,3,0,2,0,5,778,256,112,0,1146,0,0,0,1146
06/18/2001,PHL,PA,AEA,EN,Towers with Radar,803,306,200,0,1309,3,0,7,0,10,806,306,207,0,1319,0,0,0,1319
06/19/2001,PHL,PA,AEA,EN,Towers with Radar,898,379,210,7,1494,3,8,10,0,21,901,387,220,7,1515,0,0,0,1515
06/20/2001,PHL,PA,AEA,EN,Towers with Radar,737,313,205,2,1257,3,3,11,0,17,740,316,216,2,1274,0,0,0,1274
06/21/2001,PHL,PA,AEA,EN,Towers with Radar,674,272,205,4,1155,3,1,0,0,4,677,273,205,4,1159,0,0,0,1159
06/22/2001,PHL,PA,AEA,EN,Towers with Radar,820,307,160,0,1287,3,0,0,0,3,823,307,160,0,1290,0,0,0,1290
06/23/2001,PHL,PA,AEA,EN,Towers with Radar,800,217,100,0,1117,3,0,0,0,3,803,217,100,0,1120,0,0,0,1120
06/24/2001,PHL,PA,AEA,EN,Towers with Radar,760,275,137,0,1172,3,1,5,0,9,763,276,142,0,1181,0,0,0,1181
06/25/2001,PHL,PA,AEA,EN,Towers with Radar,784,297,163,2,1246,3,0,16,0,19,787,297,179,2,1265,0,0,0,1265
06/26/2001,PHL,PA,AEA,EN,Towers with Radar,884,385,218,4,1491,3,3,14,0,20,887,388,232,4,1511,0,0,0,1511
06/27/2001,PHL,PA,AEA,EN,Towers with Radar,893,378,224,1,1496,2,5,11,0,18,895,383,235,1,1514,0,0,0,1514
06/28/2001,PHL,PA,AEA,EN,Towers with Radar,883,369,200,1,1453,2,0,0,0,2,885,369,200,1,1455,0,0,0,1455
06/29/2001,PHL,PA,AEA,EN,Towers with Radar,899,352,149,0,1400,2,6,4,0,12,901,358,153,0,1412,0,0,0,1412
06/30/2001,PHL,PA,AEA,EN,Towers with Radar,741,244,115,1,1101,2,2,0,0,4,743,246,115,1,1105,0,0,0,1105
07/01/2001,PHL,PA,AEA,EN,Towers with Radar,610,189,90,1,890,0,6,4,0,10,610,195,94,1,900,0,0,0,900
07/02/2001,PHL,PA,AEA,EN,Towers with Radar,798,293,173,2,1266,0,2,9,0,11,798,295,182,2,1277,0,0,0,1277
07/03/2001,PHL,PA,AEA,EN,Towers with Radar,834,373,173,0,1380,0,4,6,0,10,834,377,179,0,1390,0,0,0,1390
07/04/2001,PHL,PA,AEA,EN,Towers with Radar,757,342,98,2,1199,0,4,0,0,4,757,346,98,2,1203,0,0,0,1203
07/05/2001,PHL,PA,AEA,EN,Towers with Radar,758,305,167,2,1232,0,2,3,0,5,758,307,170,2,1237,0,0,0,1237
07/06/2001,PHL,PA,AEA,EN,Towers with Radar,870,374,162,4,1410,0,3,4,0,7,870,377,166,4,1417,0,0,0,1417
07/07/2001,PHL,PA,AEA,EN,Towers with Radar,767,249,140,0,1156,0,1,5,0,6,767,250,145,0,1162,0,0,0,1162
07/08/2001,PHL,PA,AEA,EN,Towers with Radar,758,242,149,0,1149,0,1,0,0,1,758,243,149,0,1150,0,0,0,1150
07/09/2001,PHL,PA,AEA,EN,Towers with Radar,817,281,190,1,1289,0,1,6,0,7,817,282,196,1,1296,0,0,0,1296
07/10/2001,PHL,PA,AEA,EN,Towers with Radar,757,293,195,3,1248,0,3,4,0,7,757,296,199,3,1255,0,0,0,1255
07/11/2001,PHL,PA,AEA,EN,Towers with Radar,948,368,238,0,1554,0,5,6,0,11,948,373,244,0,1565,0,0,0,1565
07/12/2001,PHL,PA,AEA,EN,Towers with Radar,885,357,251,3,1496,0,5,11,0,16,885,362,262,3,1512,0,0,0,1512
07/13/2001,PHL,PA,AEA,EN,Towers with Radar,888,371,225,2,1486,0,12,9,0,21,888,383,234,2,1507,0,0,0,1507
07/14/2001,PHL,PA,AEA,EN,Towers with Radar,768,239,131,1,1139,0,1,7,0,8,768,240,138,1,1147,0,0,0,1147
07/15/2001,PHL,PA,AEA,EN,Towers with Radar,761,259,146,2,1168,0,7,6,0,13,761,266,152,2,1181,0,0,0,1181
07/16/2001,PHL,PA,AEA,EN,Towers with Radar,802,283,176,1,1262,20,0,79,3,102,822,283,255,4,1364,0,0,0,1364
07/17/2001,PHL,PA,AEA,EN,Towers with Radar,875,347,211,0,1433,0,11,4,0,15,875,358,215,0,1448,0,0,0,1448
07/18/2001,PHL,PA,AEA,EN,Towers with Radar,897,361,197,0,1455,0,4,3,0,7,897,365,200,0,1462,0,0,0,1462
07/19/2001,PHL,PA,AEA,EN,Towers with Radar,873,362,212,0,1447,0,1,1,0,2,873,363,213,0,1449,0,0,0,1449
07/20/2001,PHL,PA,AEA,EN,Towers with Radar,892,377,222,2,1493,0,3,13,0,16,892,380,235,2,1509,0,0,0,1509
07/21/2001,PHL,PA,AEA,EN,Towers with Radar,777,240,140,0,1157,0,2,8,0,10,777,242,148,0,1167,0,0,0,1167
07/22/2001,PHL,PA,AEA,EN,Towers with Radar,732,243,143,0,1118,0,6,8,0,14,732,249,151,0,1132,0,0,0,1132
07/23/2001,PHL,PA,AEA,EN,Towers with Radar,798,273,191,1,1263,0,2,1,0,3,798,275,192,1,1266,0,0,0,1266
07/24/2001,PHL,PA,AEA,EN,Towers with Radar,880,370,222,3,1475,0,1,11,0,12,880,371,233,3,1487,0,0,0,1487
07/25/2001,PHL,PA,AEA,EN,Towers with Radar,848,343,202,2,1395,0,5,2,0,7,848,348,204,2,1402,0,0,0,1402
07/26/2001,PHL,PA,AEA,EN,Towers with Radar,798,333,217,2,1350,0,0,2,0,2,798,333,219,2,1352,0,0,0,1352
07/27/2001,PHL,PA,AEA,EN,Towers with Radar,929,377,194,2,1502,0,1,12,0,13,929,378,206,2,1515,0,0,0,1515
07/28/2001,PHL,PA,AEA,EN,Towers with Radar,779,236,127,0,1142,0,1,0,0,1,779,237,127,0,1143,0,0,0,1143
07/29/2001,PHL,PA,AEA,EN,Towers with Radar,738,252,113,0,1103,0,0,2,0,2,738,252,115,0,1105,0,0,0,1105
07/30/2001,PHL,PA,AEA,EN,Towers with Radar,811,303,190,3,1307,0,0,5,0,5,811,303,195,3,1312,0,0,0,1312
07/31/2001,PHL,PA,AEA,EN,Towers with Radar,887,365,232,0,1484,0,4,2,0,6,887,369,234,0,1490,0,0,0,1490
08/01/2001,PHL,PA,AEA,EN,Towers with Radar,891,344,206,0,1441,0,27,14,0,41,891,371,220,0,1482,0,0,0,1482
08/02/2001,PHL,PA,AEA,EN,Towers with Radar,862,349,208,1,1420,0,13,25,0,38,862,362,233,1,1458,0,0,0,1458
08/03/2001,PHL,PA,AEA,EN,Towers with Radar,874,353,178,4,1409,0,5,4,0,9,874,358,182,4,1418,0,0,0,1418
08/04/2001,PHL,PA,AEA,EN,Towers with Radar,789,223,112,0,1124,0,3,1,0,4,789,226,113,0,1128,0,0,0,1128
08/05/2001,PHL,PA,AEA,EN,Towers with Radar,735,261,124,0,1120,41,0,0,0,41,776,261,124,0,1161,0,0,0,1161
08/06/2001,PHL,PA,AEA,EN,Towers with Radar,818,296,189,1,1304,0,0,31,3,34,818,296,220,4,1338,0,0,0,1338
08/07/2001,PHL,PA,AEA,EN,Towers with Radar,891,371,188,2,1452,0,5,5,0,10,891,376,193,2,1462,0,0,0,1462
08/08/2001,PHL,PA,AEA,EN,Towers with Radar,841,347,215,0,1403,0,7,4,0,11,841,354,219,0,1414,0,0,0,1414
08/09/2001,PHL,PA,AEA,EN,Towers with Radar,910,357,214,0,1481,0,17,56,0,73,910,374,270,0,1554,0,0,0,1554
08/10/2001,PHL,PA,AEA,EN,Towers with Radar,711,272,164,0,1147,0,0,0,0,0,711,272,164,0,1147,0,0,0,1147
08/11/2001,PHL,PA,AEA,EN,Towers with Radar,647,208,127,1,983,126,0,0,0,126,773,208,127,1,1109,0,0,0,1109
08/12/2001,PHL,PA,AEA,EN,Towers with Radar,619,223,105,0,947,84,0,0,0,84,703,223,105,0,1031,0,0,0,1031
08/13/2001,PHL,PA,AEA,EN,Towers with Radar,802,293,186,2,1283,0,0,8,0,8,802,293,194,2,1291,0,0,0,1291
08/14/2001,PHL,PA,AEA,EN,Towers with Radar,936,399,243,2,1580,0,2,25,0,27,936,401,268,2,1607,0,0,0,1607
08/15/2001,PHL,PA,AEA,EN,Towers with Radar,890,380,228,2,1500,0,4,42,0,46,890,384,270,2,1546,0,0,0,1546
08/16/2001,PHL,PA,AEA,EN,Towers with Radar,912,375,226,3,1516,0,6,30,0,36,912,381,256,3,1552,0,0,0,1552
08/17/2001,PHL,PA,AEA,EN,Towers with Radar,898,354,210,1,1463,0,29,32,4,65,898,383,242,5,1528,0,0,0,1528
08/18/2001,PHL,PA,AEA,EN,Towers with Radar,752,252,171,1,1176,41,0,14,1,56,793,252,185,2,1232,0,0,0,1232
08/19/2001,PHL,PA,AEA,EN,Towers with Radar,743,258,141,0,1142,0,2,0,0,2,743,260,141,0,1144,0,0,0,1144
08/20/2001,PHL,PA,AEA,EN,Towers with Radar,819,309,226,2,1356,0,2,24,1,27,819,311,250,3,1383,0,0,0,1383
08/21/2001,PHL,PA,AEA,EN,Towers with Radar,896,350,207,1,1454,0,30,54,2,86,896,380,261,3,1540,0,0,0,1540
08/22/2001,PHL,PA,AEA,EN,Towers with Radar,892,368,219,0,1479,0,4,42,0,46,892,372,261,0,1525,0,0,0,1525
08/23/2001,PHL,PA,AEA,EN,Towers with Radar,878,356,211,1,1446,0,49,57,1,107,878,405,268,2,1553,0,0,0,1553
08/24/2001,PHL,PA,AEA,EN,Towers with Radar,919,386,210,1,1516,0,2,38,1,41,919,388,248,2,1557,0,0,0,1557
08/25/2001,PHL,PA,AEA,EN,Towers with Radar,770,250,138,0,1158,0,2,21,0,23,770,252,159,0,1181,0,0,0,1181
08/26/2001,PHL,PA,AEA,EN,Towers with Radar,774,269,129,0,1172,0,7,22,0,29,774,276,151,0,1201,0,0,0,1201
08/27/2001,PHL,PA,AEA,EN,Towers with Radar,746,286,170,0,1202,12,1,40,0,53,758,287,210,0,1255,0,0,0,1255
08/28/2001,PHL,PA,AEA,EN,Towers with Radar,854,358,211,9,1432,0,4,38,0,42,854,362,249,9,1474,0,0,0,1474
08/29/2001,PHL,PA,AEA,EN,Towers with Radar,908,386,247,3,1544,0,3,26,0,29,908,389,273,3,1573,0,0,0,1573
08/30/2001,PHL,PA,AEA,EN,Towers with Radar,825,345,214,2,1386,0,4,23,1,28,825,349,237,3,1414,0,0,0,1414
08/31/2001,PHL,PA,AEA,EN,Towers with Radar,792,321,202,2,1317,0,2,18,0,20,792,323,220,2,1337,0,0,0,1337
09/01/2001,PHL,PA,AEA,EN,Towers with Radar,808,257,122,1,1188,0,0,15,0,15,808,257,137,1,1203,0,0,0,1203
09/02/2001,PHL,PA,AEA,EN,Towers with Radar,679,233,96,1,1009,1,0,29,0,30,680,233,125,1,1039,0,0,0,1039
09/03/2001,PHL,PA,AEA,EN,Towers with Radar,738,271,128,0,1137,0,2,21,0,23,738,273,149,0,1160,0,0,0,1160
09/04/2001,PHL,PA,AEA,EN,Towers with Radar,746,269,192,4,1211,0,0,24,0,24,746,269,216,4,1235,0,0,0,1235
09/05/2001,PHL,PA,AEA,EN,Towers with Radar,930,415,233,1,1579,0,1,31,0,32,930,416,264,1,1611,0,0,0,1611
09/06/2001,PHL,PA,AEA,EN,Towers with Radar,896,392,203,4,1495,0,3,27,0,30,896,395,230,4,1525,0,0,0,1525
09/07/2001,PHL,PA,AEA,EN,Towers with Radar,818,372,218,4,1412,0,7,36,0,43,818,379,254,4,1455,0,0,0,1455
09/08/2001,PHL,PA,AEA,EN,Towers with Radar,760,278,165,0,1203,0,1,19,0,20,760,279,184,0,1223,0,0,0,1223
09/09/2001,PHL,PA,AEA,EN,Towers with Radar,734,277,158,4,1173,1,4,22,2,29,735,281,180,6,1202,0,0,0,1202
09/10/2001,PHL,PA,AEA,EN,Towers with Radar,732,256,185,3,1176,0,3,21,0,24,732,259,206,3,1200,0,0,0,1200
09/11/2001,PHL,PA,AEA,EN,Towers with Radar,336,153,103,0,592,0,3,26,0,29,336,156,129,0,621,0,0,0,621
09/12/2001,PHL,PA,AEA,EN,Towers with Radar,2,0,26,4,32,0,0,1,0,1,2,0,27,4,33,0,0,0,33
09/13/2001,PHL,PA,AEA,EN,Towers with Radar,68,17,54,0,139,0,0,3,0,3,68,17,57,0,142,0,0,0,142
09/14/2001,PHL,PA,AEA,EN,Towers with Radar,433,247,137,1,818,0,0,2,0,2,433,247,139,1,820,0,0,0,820
09/15/2001,PHL,PA,AEA,EN,Towers with Radar,474,252,157,1,884,0,0,10,0,10,474,252,167,1,894,0,0,0,894
09/16/2001,PHL,PA,AEA,EN,Towers with Radar,530,309,124,0,963,0,1,7,0,8,530,310,131,0,971,0,0,0,971
09/17/2001,PHL,PA,AEA,EN,Towers with Radar,635,316,170,0,1121,0,0,2,0,2,635,316,172,0,1123,0,0,0,1123
09/18/2001,PHL,PA,AEA,EN,Towers with Radar,756,384,167,1,1308,0,0,5,0,5,756,384,172,1,1313,0,0,0,1313
09/19/2001,PHL,PA,AEA,EN,Towers with Radar,770,375,190,0,1335,0,1,5,0,6,770,376,195,0,1341,0,0,0,1341
09/20/2001,PHL,PA,AEA,EN,Towers with Radar,740,375,197,2,1314,0,0,7,0,7,740,375,204,2,1321,0,0,0,1321
09/21/2001,PHL,PA,AEA,EN,Towers with Radar,746,381,183,2,1312,0,0,6,0,6,746,381,189,2,1318,0,0,0,1318
09/22/2001,PHL,PA,AEA,EN,Towers with Radar,544,247,88,0,879,0,0,8,0,8,544,247,96,0,887,0,0,0,887
09/23/2001,PHL,PA,AEA,EN,Towers with Radar,593,252,118,0,963,0,0,10,0,10,593,252,128,0,973,0,0,0,973
09/24/2001,PHL,PA,AEA,EN,Towers with Radar,625,283,162,1,1071,0,0,8,0,8,625,283,170,1,1079,0,0,0,1079
09/25/2001,PHL,PA,AEA,EN,Towers with Radar,708,368,189,0,1265,0,0,3,1,4,708,368,192,1,1269,0,0,0,1269
09/26/2001,PHL,PA,AEA,EN,Towers with Radar,724,357,212,0,1293,0,0,9,0,9,724,357,221,0,1302,0,0,0,1302
09/27/2001,PHL,PA,AEA,EN,Towers with Radar,737,355,225,2,1319,0,0,12,0,12,737,355,237,2,1331,0,0,0,1331
09/28/2001,PHL,PA,AEA,EN,Towers with Radar,751,349,204,0,1304,0,0,8,1,9,751,349,212,1,1313,0,0,0,1313
09/29/2001,PHL,PA,AEA,EN,Towers with Radar,606,233,95,0,934,0,0,11,0,11,606,233,106,0,945,0,0,0,945
09/30/2001,PHL,PA,AEA,EN,Towers with Radar,611,237,126,0,974,0,0,7,0,7,611,237,133,0,981,0,0,0,981
10/01/2001,PHL,PA,AEA,EN,Towers with Radar,664,286,185,1,1136,0,0,5,0,5,664,286,190,1,1141,0,0,0,1141
10/02/2001,PHL,PA,AEA,EN,Towers with Radar,760,377,203,0,1340,0,0,14,0,14,760,377,217,0,1354,0,0,0,1354
10/03/2001,PHL,PA,AEA,EN,Towers with Radar,757,371,236,2,1366,0,0,14,1,15,757,371,250,3,1381,0,0,0,1381
10/04/2001,PHL,PA,AEA,EN,Towers with Radar,748,368,249,3,1368,0,1,18,0,19,748,369,267,3,1387,0,0,0,1387
10/05/2001,PHL,PA,AEA,EN,Towers with Radar,755,359,244,4,1362,0,0,13,0,13,755,359,257,4,1375,0,0,0,1375
10/06/2001,PHL,PA,AEA,EN,Towers with Radar,636,248,123,0,1007,0,0,8,0,8,636,248,131,0,1015,0,0,0,1015
10/07/2001,PHL,PA,AEA,EN,Towers with Radar,639,262,161,0,1062,0,1,9,0,10,639,263,170,0,1072,0,0,0,1072
10/08/2001,PHL,PA,AEA,EN,Towers with Radar,659,307,167,0,1133,0,1,11,0,12,659,308,178,0,1145,0,0,0,1145
10/09/2001,PHL,PA,AEA,EN,Towers with Radar,725,300,202,0,1227,0,1,9,0,10,725,301,211,0,1237,0,0,0,1237
10/10/2001,PHL,PA,AEA,EN,Towers with Radar,737,385,205,2,1329,0,0,12,1,13,737,385,217,3,1342,0,0,0,1342
10/11/2001,PHL,PA,AEA,EN,Towers with Radar,738,390,247,1,1376,0,0,14,0,14,738,390,261,1,1390,0,0,0,1390
10/12/2001,PHL,PA,AEA,EN,Towers with Radar,742,379,193,0,1314,0,0,8,0,8,742,379,201,0,1322,0,0,0,1322
10/13/2001,PHL,PA,AEA,EN,Towers with Radar,641,253,140,0,1034,0,0,15,0,15,641,253,155,0,1049,0,0,0,1049
10/14/2001,PHL,PA,AEA,EN,Towers with Radar,644,272,122,1,1039,0,0,11,0,11,644,272,133,1,1050,0,0,0,1050
10/15/2001,PHL,PA,AEA,EN,Towers with Radar,652,302,194,0,1148,0,0,9,0,9,652,302,203,0,1157,0,0,0,1157
10/16/2001,PHL,PA,AEA,EN,Towers with Radar,729,391,255,0,1375,0,0,7,0,7,729,391,262,0,1382,0,0,0,1382
10/17/2001,PHL,PA,AEA,EN,Towers with Radar,736,380,202,3,1321,0,0,15,0,15,736,380,217,3,1336,0,0,0,1336
10/18/2001,PHL,PA,AEA,EN,Towers with Radar,738,378,278,0,1394,1,0,12,0,13,739,378,290,0,1407,0,0,0,1407
10/19/2001,PHL,PA,AEA,EN,Towers with Radar,756,396,224,0,1376,1,0,23,0,24,757,396,247,0,1400,0,0,0,1400
10/20/2001,PHL,PA,AEA,EN,Towers with Radar,639,249,145,0,1033,0,0,10,0,10,639,249,155,0,1043,0,0,0,1043
10/21/2001,PHL,PA,AEA,EN,Towers with Radar,641,266,163,0,1070,0,0,13,0,13,641,266,176,0,1083,0,0,0,1083
10/22/2001,PHL,PA,AEA,EN,Towers with Radar,652,292,184,0,1128,0,0,4,0,4,652,292,188,0,1132,0,0,0,1132
10/23/2001,PHL,PA,AEA,EN,Towers with Radar,742,378,205,0,1325,0,0,8,0,8,742,378,213,0,1333,0,0,0,1333
10/24/2001,PHL,PA,AEA,EN,Towers with Radar,733,405,267,3,1408,0,0,0,0,0,733,405,267,3,1408,0,0,0,1408
10/25/2001,PHL,PA,AEA,EN,Towers with Radar,746,377,212,0,1335,0,1,5,0,6,746,378,217,0,1341,0,0,0,1341
10/26/2001,PHL,PA,AEA,EN,Towers with Radar,746,412,217,0,1375,0,0,8,0,8,746,412,225,0,1383,0,0,0,1383
10/27/2001,PHL,PA,AEA,EN,Towers with Radar,642,267,134,2,1045,0,0,15,0,15,642,267,149,2,1060,0,0,0,1060
10/28/2001,PHL,PA,AEA,EN,Towers with Radar,608,278,164,0,1050,0,0,5,0,5,608,278,169,0,1055,0,0,0,1055
10/29/2001,PHL,PA,AEA,EN,Towers with Radar,660,309,215,0,1184,0,2,4,0,6,660,311,219,0,1190,0,0,0,1190
10/30/2001,PHL,PA,AEA,EN,Towers with Radar,734,388,196,2,1320,0,1,3,0,4,734,389,199,2,1324,0,0,0,1324
10/31/2001,PHL,PA,AEA,EN,Towers with Radar,706,337,200,0,1243,5,10,16,1,32,711,347,216,1,1275,0,0,0,1275
11/01/2001,PHL,PA,AEA,EN,Towers with Radar,728,365,251,0,1344,0,2,3,0,5,728,367,254,0,1349,0,0,0,1349
11/02/2001,PHL,PA,AEA,EN,Towers with Radar,730,332,189,0,1251,0,39,14,1,54,730,371,203,1,1305,0,0,0,1305
11/03/2001,PHL,PA,AEA,EN,Towers with Radar,612,240,137,0,989,75,0,0,0,75,687,240,137,0,1064,0,0,0,1064
11/04/2001,PHL,PA,AEA,EN,Towers with Radar,670,254,145,0,1069,0,2,3,0,5,670,256,148,0,1074,0,0,0,1074
11/05/2001,PHL,PA,AEA,EN,Towers with Radar,700,290,178,0,1168,0,3,2,0,5,700,293,180,0,1173,0,0,0,1173
11/06/2001,PHL,PA,AEA,EN,Towers with Radar,796,384,243,2,1425,0,2,5,1,8,796,386,248,3,1433,0,0,0,1433
11/07/2001,PHL,PA,AEA,EN,Towers with Radar,781,358,203,0,1342,0,19,23,2,44,781,377,226,2,1386,0,0,0,1386
11/08/2001,PHL,PA,AEA,EN,Towers with Radar,787,371,223,1,1382,0,3,3,0,6,787,374,226,1,1388,0,0,0,1388
11/09/2001,PHL,PA,AEA,EN,Towers with Radar,779,370,199,0,1348,0,1,6,0,7,779,371,205,0,1355,0,0,0,1355
11/10/2001,PHL,PA,AEA,EN,Towers with Radar,694,235,123,1,1053,0,1,3,0,4,694,236,126,1,1057,0,0,0,1057
11/11/2001,PHL,PA,AEA,EN,Towers with Radar,636,250,153,0,1039,38,0,2,0,40,674,250,155,0,1079,0,0,0,1079
11/12/2001,PHL,PA,AEA,EN,Towers with Radar,727,289,199,0,1215,0,1,5,0,6,727,290,204,0,1221,0,0,0,1221
11/13/2001,PHL,PA,AEA,EN,Towers with Radar,787,299,235,0,1321,0,1,7,0,8,787,300,242,0,1329,0,0,0,1329
11/14/2001,PHL,PA,AEA,EN,Towers with Radar,797,369,206,3,1375,0,2,7,0,9,797,371,213,3,1384,0,0,0,1384
11/15/2001,PHL,PA,AEA,EN,Towers with Radar,786,384,200,0,1370,0,1,8,0,9,786,385,208,0,1379,0,0,0,1379
11/16/2001,PHL,PA,AEA,EN,Towers with Radar,776,377,204,0,1357,0,2,7,0,9,776,379,211,0,1366,0,0,0,1366
11/17/2001,PHL,PA,AEA,EN,Towers with Radar,636,258,109,0,1003,85,0,0,0,85,721,258,109,0,1088,0,0,0,1088
11/18/2001,PHL,PA,AEA,EN,Towers with Radar,650,268,134,0,1052,46,0,0,0,46,696,268,134,0,1098,0,0,0,1098
11/19/2001,PHL,PA,AEA,EN,Towers with Radar,713,298,186,0,1197,0,2,3,0,5,713,300,189,0,1202,0,0,0,1202
11/20/2001,PHL,PA,AEA,EN,Towers with Radar,809,382,224,1,1416,0,1,4,0,5,809,383,228,1,1421,0,0,0,1421
11/21/2001,PHL,PA,AEA,EN,Towers with Radar,757,348,189,0,1294,0,1,7,0,8,757,349,196,0,1302,0,0,0,1302
11/22/2001,PHL,PA,AEA,EN,Towers with Radar,678,302,80,0,1060,0,1,3,0,4,678,303,83,0,1064,0,0,0,1064
11/23/2001,PHL,PA,AEA,EN,Towers with Radar,624,191,102,1,918,0,1,5,0,6,624,192,107,1,924,0,0,0,924
11/24/2001,PHL,PA,AEA,EN,Towers with Radar,673,252,96,0,1021,0,1,5,0,6,673,253,101,0,1027,3,0,3,1030
11/25/2001,PHL,PA,AEA,EN,Towers with Radar,643,239,163,1,1046,0,3,2,0,5,643,242,165,1,1051,0,0,0,1051
11/26/2001,PHL,PA,AEA,EN,Towers with Radar,749,311,175,2,1237,0,2,3,0,5,749,313,178,2,1242,0,0,0,1242
11/27/2001,PHL,PA,AEA,EN,Towers with Radar,791,353,215,0,1359,0,3,3,0,6,791,356,218,0,1365,0,0,0,1365
11/28/2001,PHL,PA,AEA,EN,Towers with Radar,782,370,196,0,1348,0,1,2,0,3,782,371,198,0,1351,0,0,0,1351
11/29/2001,PHL,PA,AEA,EN,Towers with Radar,792,358,179,0,1329,0,1,2,0,3,792,359,181,0,1332,0,0,0,1332
11/30/2001,PHL,PA,AEA,EN,Towers with Radar,823,358,210,0,1391,0,7,4,0,11,823,365,214,0,1402,0,0,0,1402
12/01/2001,PHL,PA,AEA,EN,Towers with Radar,674,245,175,3,1097,0,0,2,0,2,674,245,177,3,1099,0,0,0,1099
12/02/2001,PHL,PA,AEA,EN,Towers with Radar,646,266,145,0,1057,0,1,2,0,3,646,267,147,0,1060,0,0,0,1060
12/03/2001,PHL,PA,AEA,EN,Towers with Radar,699,305,183,2,1189,0,0,5,0,5,699,305,188,2,1194,0,0,0,1194
12/04/2001,PHL,PA,AEA,EN,Towers with Radar,804,380,194,4,1382,0,0,3,0,3,804,380,197,4,1385,0,0,0,1385
12/05/2001,PHL,PA,AEA,EN,Towers with Radar,793,385,243,6,1427,0,0,3,0,3,793,385,246,6,1430,0,0,0,1430
12/06/2001,PHL,PA,AEA,EN,Towers with Radar,812,384,217,1,1414,0,7,3,0,10,812,391,220,1,1424,0,0,0,1424
12/07/2001,PHL,PA,AEA,EN,Towers with Radar,819,380,194,3,1396,0,0,1,0,1,819,380,195,3,1397,0,0,0,1397
12/08/2001,PHL,PA,AEA,EN,Towers with Radar,687,250,93,0,1030,0,0,0,0,0,687,250,93,0,1030,0,0,0,1030
12/09/2001,PHL,PA,AEA,EN,Towers with Radar,681,262,139,0,1082,0,0,1,0,1,681,262,140,0,1083,0,0,0,1083
12/10/2001,PHL,PA,AEA,EN,Towers with Radar,692,301,191,1,1185,0,1,6,0,7,692,302,197,1,1192,0,0,0,1192
12/11/2001,PHL,PA,AEA,EN,Towers with Radar,809,380,203,2,1394,0,0,3,0,3,809,380,206,2,1397,0,0,0,1397
12/12/2001,PHL,PA,AEA,EN,Towers with Radar,812,384,238,5,1439,0,0,6,0,6,812,384,244,5,1445,0,0,0,1445
12/13/2001,PHL,PA,AEA,EN,Towers with Radar,788,349,177,0,1314,0,0,0,0,0,788,349,177,0,1314,0,0,0,1314
12/14/2001,PHL,PA,AEA,EN,Towers with Radar,749,320,160,0,1229,0,1,0,0,1,749,321,160,0,1230,0,0,0,1230
12/15/2001,PHL,PA,AEA,EN,Towers with Radar,730,266,91,1,1088,0,0,1,0,1,730,266,92,1,1089,0,0,0,1089
12/16/2001,PHL,PA,AEA,EN,Towers with Radar,709,267,107,1,1084,0,0,2,0,2,709,267,109,1,1086,0,0,0,1086
12/17/2001,PHL,PA,AEA,EN,Towers with Radar,724,308,164,1,1197,0,0,0,0,0,724,308,164,1,1197,0,0,0,1197
12/18/2001,PHL,PA,AEA,EN,Towers with Radar,823,390,206,4,1423,0,0,3,0,3,823,390,209,4,1426,0,0,0,1426
12/19/2001,PHL,PA,AEA,EN,Towers with Radar,826,369,258,1,1454,0,0,6,0,6,826,369,264,1,1460,0,0,0,1460
12/20/2001,PHL,PA,AEA,EN,Towers with Radar,850,384,202,0,1436,0,1,6,0,7,850,385,208,0,1443,0,0,0,1443
12/21/2001,PHL,PA,AEA,EN,Towers with Radar,862,389,183,7,1441,0,1,6,0,7,862,390,189,7,1448,0,0,0,1448
12/22/2001,PHL,PA,AEA,EN,Towers with Radar,771,253,124,0,1148,0,1,8,0,9,771,254,132,0,1157,0,0,0,1157
12/23/2001,PHL,PA,AEA,EN,Towers with Radar,699,260,69,0,1028,0,0,4,0,4,699,260,73,0,1032,0,0,0,1032
12/24/2001,PHL,PA,AEA,EN,Towers with Radar,643,260,80,1,984,0,0,0,0,0,643,260,80,1,984,0,0,0,984
12/25/2001,PHL,PA,AEA,EN,Towers with Radar,598,323,66,0,987,0,0,3,0,3,598,323,69,0,990,0,0,0,990
12/26/2001,PHL,PA,AEA,EN,Towers with Radar,686,294,175,1,1156,0,0,3,0,3,686,294,178,1,1159,0,0,0,1159
12/27/2001,PHL,PA,AEA,EN,Towers with Radar,781,364,157,1,1303,0,0,4,0,4,781,364,161,1,1307,0,0,0,1307
12/28/2001,PHL,PA,AEA,EN,Towers with Radar,772,373,140,4,1289,0,0,2,0,2,772,373,142,4,1291,0,0,0,1291
12/29/2001,PHL,PA,AEA,EN,Towers with Radar,679,231,89,0,999,0,0,0,0,0,679,231,89,0,999,2,0,2,1001
12/30/2001,PHL,PA,AEA,EN,Towers with Radar,641,236,84,0,961,0,0,4,0,4,641,236,88,0,965,0,0,0,965
12/31/2001,PHL,PA,AEA,EN,Towers with Radar,667,264,101,0,1032,0,0,5,0,5,667,264,106,0,1037,0,0,0,1037
01/01/2002,PHL,PA,AEA,EN,Towers with Radar,614,279,117,1,1011,32,47,0,0,79,646,326,117,1,1090,0,0,0,1090
01/02/2002,PHL,PA,AEA,EN,Towers with Radar,694,296,168,0,1158,0,0,3,0,3,694,296,171,0,1161,0,0,0,1161
01/03/2002,PHL,PA,AEA,EN,Towers with Radar,765,358,157,0,1280,0,0,5,0,5,765,358,162,0,1285,0,0,0,1285
01/04/2002,PHL,PA,AEA,EN,Towers with Radar,786,387,190,4,1367,0,0,4,0,4,786,387,194,4,1371,0,0,0,1371
01/05/2002,PHL,PA,AEA,EN,Towers with Radar,687,247,106,0,1040,0,0,10,0,10,687,247,116,0,1050,0,0,0,1050
01/06/2002,PHL,PA,AEA,EN,Towers with Radar,630,234,100,0,964,0,0,3,0,3,630,234,103,0,967,0,0,0,967
01/07/2002,PHL,PA,AEA,EN,Towers with Radar,711,289,110,4,1114,0,0,2,0,2,711,289,112,4,1116,0,0,0,1116
01/08/2002,PHL,PA,AEA,EN,Towers with Radar,756,378,176,4,1314,0,0,5,0,5,756,378,181,4,1319,0,0,0,1319
01/09/2002,PHL,PA,AEA,EN,Towers with Radar,787,366,177,2,1332,0,30,25,0,55,787,396,202,2,1387,0,0,0,1387
01/10/2002,PHL,PA,AEA,EN,Towers with Radar,764,369,190,6,1329,0,0,11,0,11,764,369,201,6,1340,0,0,0,1340
01/11/2002,PHL,PA,AEA,EN,Towers with Radar,799,388,165,1,1353,0,0,2,0,2,799,388,167,1,1355,0,0,0,1355
01/12/2002,PHL,PA,AEA,EN,Towers with Radar,667,241,145,4,1057,0,0,0,0,0,667,241,145,4,1057,8,0,8,1065
01/13/2002,PHL,PA,AEA,EN,Towers with Radar,671,265,108,0,1044,0,0,1,0,1,671,265,109,0,1045,0,0,0,1045
01/14/2002,PHL,PA,AEA,EN,Towers with Radar,694,310,149,2,1155,0,0,1,0,1,694,310,150,2,1156,0,0,0,1156
01/15/2002,PHL,PA,AEA,EN,Towers with Radar,779,374,184,2,1339,0,0,7,0,7,779,374,191,2,1346,0,0,0,1346
01/16/2002,PHL,PA,AEA,EN,Towers with Radar,784,383,211,0,1378,0,0,10,0,10,784,383,221,0,1388,0,0,0,1388
01/17/2002,PHL,PA,AEA,EN,Towers with Radar,794,379,225,0,1398,0,0,1,0,1,794,379,226,0,1399,0,0,0,1399
01/18/2002,PHL,PA,AEA,EN,Towers with Radar,777,374,195,5,1351,0,0,4,0,4,777,374,199,5,1355,0,0,0,1355
01/19/2002,PHL,PA,AEA,EN,Towers with Radar,536,188,75,1,800,0,0,0,0,0,536,188,75,1,800,0,0,0,800
01/20/2002,PHL,PA,AEA,EN,Towers with Radar,685,274,109,2,1070,0,0,0,0,0,685,274,109,2,1070,0,0,0,1070
01/21/2002,PHL,PA,AEA,EN,Towers with Radar,687,307,151,2,1147,0,0,1,0,1,687,307,152,2,1148,0,0,0,1148
01/22/2002,PHL,PA,AEA,EN,Towers with Radar,787,314,194,4,1299,0,0,9,0,9,787,314,203,4,1308,0,0,0,1308
01/23/2002,PHL,PA,AEA,EN,Towers with Radar,703,330,165,2,1200,0,0,3,0,3,703,330,168,2,1203,0,0,0,1203
01/24/2002,PHL,PA,AEA,EN,Towers with Radar,803,392,192,2,1389,0,0,2,0,2,803,392,194,2,1391,0,0,0,1391
01/25/2002,PHL,PA,AEA,EN,Towers with Radar,801,380,214,3,1398,0,0,6,0,6,801,380,220,3,1404,0,0,0,1404
01/26/2002,PHL,PA,AEA,EN,Towers with Radar,678,253,94,0,1025,0,0,5,0,5,678,253,99,0,1030,0,0,0,1030
01/27/2002,PHL,PA,AEA,EN,Towers with Radar,660,275,121,3,1059,0,0,3,0,3,660,275,124,3,1062,0,0,0,1062
01/28/2002,PHL,PA,AEA,EN,Towers with Radar,711,316,160,1,1188,0,0,5,0,5,711,316,165,1,1193,0,0,0,1193
01/29/2002,PHL,PA,AEA,EN,Towers with Radar,781,376,184,1,1342,0,0,6,0,6,781,376,190,1,1348,0,0,0,1348
01/30/2002,PHL,PA,AEA,EN,Towers with Radar,767,378,203,1,1349,0,0,2,0,2,767,378,205,1,1351,0,0,0,1351
01/31/2002,PHL,PA,AEA,EN,Towers with Radar,728,365,187,0,1280,0,0,0,0,0,728,365,187,0,1280,0,0,0,1280
02/01/2002,PHL,PA,AEA,EN,Towers with Radar,756,335,172,0,1263,5,0,0,0,5,761,335,172,0,1268,0,0,0,1268
02/02/2002,PHL,PA,AEA,EN,Towers with Radar,671,246,111,0,1028,5,0,1,0,6,676,246,112,0,1034,0,0,0,1034
02/03/2002,PHL,PA,AEA,EN,Towers with Radar,654,271,113,0,1038,5,0,1,0,6,659,271,114,0,1044,0,0,0,1044
02/04/2002,PHL,PA,AEA,EN,Towers with Radar,689,296,199,4,1188,5,0,1,0,6,694,296,200,4,1194,0,0,0,1194
02/05/2002,PHL,PA,AEA,EN,Towers with Radar,775,381,192,2,1350,5,0,6,0,11,780,381,198,2,1361,0,0,0,1361
02/06/2002,PHL,PA,AEA,EN,Towers with Radar,780,381,225,0,1386,4,3,7,0,14,784,384,232,0,1400,0,0,0,1400
02/07/2002,PHL,PA,AEA,EN,Towers with Radar,781,388,221,0,1390,4,0,3,0,7,785,388,224,0,1397,0,0,0,1397
02/08/2002,PHL,PA,AEA,EN,Towers with Radar,796,385,248,1,1430,4,0,7,0,11,800,385,255,1,1441,0,0,0,1441
02/09/2002,PHL,PA,AEA,EN,Towers with Radar,669,250,135,1,1055,4,0,8,0,12,673,250,143,1,1067,0,0,0,1067
02/10/2002,PHL,PA,AEA,EN,Towers with Radar,648,258,199,0,1105,4,0,1,0,5,652,258,200,0,1110,0,0,0,1110
02/11/2002,PHL,PA,AEA,EN,Towers with Radar,713,302,208,1,1224,4,0,0,0,4,717,302,208,1,1228,0,0,0,1228
02/12/2002,PHL,PA,AEA,EN,Towers with Radar,793,375,205,0,1373,0,29,1,0,30,793,404,206,0,1403,0,0,0,1403
02/13/2002,PHL,PA,AEA,EN,Towers with Radar,768,377,237,3,1385,4,0,6,0,10,772,377,243,3,1395,0,0,0,1395
02/14/2002,PHL,PA,AEA,EN,Towers with Radar,793,384,210,1,1388,0,1,16,0,17,793,385,226,1,1405,0,0,0,1405
02/15/2002,PHL,PA,AEA,EN,Towers with Radar,794,384,181,0,1359,4,2,3,0,9,798,386,184,0,1368,0,0,0,1368
02/16/2002,PHL,PA,AEA,EN,Towers with Radar,684,252,118,0,1054,4,0,2,0,6,688,252,120,0,1060,0,0,0,1060
02/17/2002,PHL,PA,AEA,EN,Towers with Radar,667,271,114,0,1052,4,0,0,0,4,671,271,114,0,1056,0,0,0,1056
02/18/2002,PHL,PA,AEA,EN,Towers with Radar,712,316,192,1,1221,4,0,6,0,10,716,316,198,1,1231,0,0,0,1231
02/19/2002,PHL,PA,AEA,EN,Towers with Radar,790,315,189,2,1296,4,0,5,0,9,794,315,194,2,1305,0,0,0,1305
02/20/2002,PHL,PA,AEA,EN,Towers with Radar,798,402,215,4,1419,4,0,4,0,8,802,402,219,4,1427,0,0,0,1427
02/21/2002,PHL,PA,AEA,EN,Towers with Radar,827,375,209,0,1411,0,0,4,0,4,827,375,213,0,1415,0,0,0,1415
02/22/2002,PHL,PA,AEA,EN,Towers with Radar,782,397,202,0,1381,4,0,4,0,8,786,397,206,0,1389,0,0,0,1389
02/23/2002,PHL,PA,AEA,EN,Towers with Radar,696,255,116,3,1070,4,0,4,0,8,700,255,120,3,1078,0,0,0,1078
02/24/2002,PHL,PA,AEA,EN,Towers with Radar,677,282,137,0,1096,4,1,3,0,8,681,283,140,0,1104,0,0,0,1104
02/25/2002,PHL,PA,AEA,EN,Towers with Radar,721,324,201,1,1247,4,2,3,0,9,725,326,204,1,1256,0,0,0,1256
02/26/2002,PHL,PA,AEA,EN,Towers with Radar,783,383,217,0,1383,4,2,7,0,13,787,385,224,0,1396,0,0,0,1396
02/27/2002,PHL,PA,AEA,EN,Towers with Radar,786,387,181,1,1355,4,0,0,0,4,790,387,181,1,1359,0,0,0,1359
02/28/2002,PHL,PA,AEA,EN,Towers with Radar,780,398,198,1,1377,4,0,5,0,9,784,398,203,1,1386,0,0,0,1386
03/01/2002,PHL,PA,AEA,EN,Towers with Radar,789,362,179,0,1330,48,70,29,0,147,837,432,208,0,1477,0,0,0,1477
03/02/2002,PHL,PA,AEA,EN,Towers with Radar,659,238,103,0,1000,7,0,4,0,11,666,238,107,0,1011,0,0,0,1011
03/03/2002,PHL,PA,AEA,EN,Towers with Radar,609,254,129,0,992,55,0,0,0,55,664,254,129,0,1047,0,0,0,1047
03/04/2002,PHL,PA,AEA,EN,Towers with Radar,705,336,169,0,1210,0,0,5,0,5,705,336,174,0,1215,0,0,0,1215
03/05/2002,PHL,PA,AEA,EN,Towers with Radar,803,388,191,0,1382,0,13,45,0,58,803,401,236,0,1440,0,0,0,1440
03/06/2002,PHL,PA,AEA,EN,Towers with Radar,789,392,193,0,1374,0,15,54,0,69,789,407,247,0,1443,0,0,0,1443
03/07/2002,PHL,PA,AEA,EN,Towers with Radar,779,385,190,1,1355,0,3,19,1,23,779,388,209,2,1378,0,0,0,1378
03/08/2002,PHL,PA,AEA,EN,Towers with Radar,777,382,188,1,1348,0,3,12,1,16,777,385,200,2,1364,0,0,0,1364
03/09/2002,PHL,PA,AEA,EN,Towers with Radar,613,250,112,0,975,70,0,0,0,70,683,250,112,0,1045,0,0,0,1045
03/10/2002,PHL,PA,AEA,EN,Towers with Radar,605,277,117,0,999,69,1,0,0,70,674,278,117,0,1069,0,0,0,1069
03/11/2002,PHL,PA,AEA,EN,Towers with Radar,714,330,177,3,1224,5,0,4,0,9,719,330,181,3,1233,0,0,0,1233
03/12/2002,PHL,PA,AEA,EN,Towers with Radar,785,380,187,1,1353,0,17,47,2,66,785,397,234,3,1419,0,0,0,1419
03/13/2002,PHL,PA,AEA,EN,Towers with Radar,786,360,169,1,1316,0,9,0,0,9,786,369,169,1,1325,0,0,0,1325
03/14/2002,PHL,PA,AEA,EN,Towers with Radar,805,403,187,0,1395,0,6,0,0,6,805,409,187,0,1401,0,0,0,1401
03/15/2002,PHL,PA,AEA,EN,Towers with Radar,794,389,184,3,1370,5,0,0,0,5,799,389,184,3,1375,0,0,0,1375
03/16/2002,PHL,PA,AEA,EN,Towers with Radar,690,244,103,2,1039,5,0,0,0,5,695,244,103,2,1044,0,0,0,1044
03/17/2002,PHL,PA,AEA,EN,Towers with Radar,668,267,127,1,1063,5,0,0,0,5,673,267,127,1,1068,0,0,0,1068
03/18/2002,PHL,PA,AEA,EN,Towers with Radar,713,305,159,0,1177,5,0,0,0,5,718,305,159,0,1182,0,0,0,1182
03/19/2002,PHL,PA,AEA,EN,Towers with Radar,804,400,194,0,1398,5,0,5,0,10,809,400,199,0,1408,0,0,0,1408
03/20/2002,PHL,PA,AEA,EN,Towers with Radar,755,366,152,0,1273,5,0,0,0,5,760,366,152,0,1278,0,0,0,1278
03/21/2002,PHL,PA,AEA,EN,Towers with Radar,812,397,229,9,1447,0,0,3,0,3,812,397,232,9,1450,0,0,0,1450
03/22/2002,PHL,PA,AEA,EN,Towers with Radar,805,373,185,0,1363,0,13,11,0,24,805,386,196,0,1387,0,0,0,1387
03/23/2002,PHL,PA,AEA,EN,Towers with Radar,620,248,137,0,1005,49,0,0,0,49,669,248,137,0,1054,0,0,0,1054
03/24/2002,PHL,PA,AEA,EN,Towers with Radar,676,287,115,0,1078,0,0,0,0,0,676,287,115,0,1078,0,0,0,1078
03/25/2002,PHL,PA,AEA,EN,Towers with Radar,709,320,153,2,1184,5,0,0,0,5,714,320,153,2,1189,0,0,0,1189
03/26/2002,PHL,PA,AEA,EN,Towers with Radar,669,305,152,2,1128,25,20,9,0,54,694,325,161,2,1182,0,0,0,1182
03/27/2002,PHL,PA,AEA,EN,Towers with Radar,864,410,198,2,1474,0,10,0,2,12,864,420,198,4,1486,0,0,0,1486
03/28/2002,PHL,PA,AEA,EN,Towers with Radar,796,392,184,1,1373,0,31,0,2,33,796,423,184,3,1406,0,0,0,1406
03/29/2002,PHL,PA,AEA,EN,Towers with Radar,763,375,153,0,1291,5,3,1,0,9,768,378,154,0,1300,0,0,0,1300
03/30/2002,PHL,PA,AEA,EN,Towers with Radar,680,263,120,1,1064,5,0,0,0,5,685,263,120,1,1069,0,0,0,1069
03/31/2002,PHL,PA,AEA,EN,Towers with Radar,632,279,117,0,1028,5,1,0,0,6,637,280,117,0,1034,0,0,0,1034
04/01/2002,PHL,PA,AEA,EN,Towers with Radar,605,292,162,2,1061,86,41,42,1,170,691,333,204,3,1231,0,0,0,1231
04/02/2002,PHL,PA,AEA,EN,Towers with Radar,775,402,244,5,1426,0,3,10,0,13,775,405,254,5,1439,0,0,0,1439
04/03/2002,PHL,PA,AEA,EN,Towers with Radar,779,393,210,3,1385,0,4,4,0,8,779,397,214,3,1393,0,0,0,1393
04/04/2002,PHL,PA,AEA,EN,Towers with Radar,788,403,198,3,1392,0,36,0,0,36,788,439,198,3,1428,0,0,0,1428
04/05/2002,PHL,PA,AEA,EN,Towers with Radar,794,385,214,2,1395,8,31,31,5,75,802,416,245,7,1470,0,0,0,1470
04/06/2002,PHL,PA,AEA,EN,Towers with Radar,595,277,147,2,1021,85,0,0,2,87,680,277,147,4,1108,0,0,0,1108
04/07/2002,PHL,PA,AEA,EN,Towers with Radar,666,322,171,0,1159,29,2,0,0,31,695,324,171,0,1190,0,0,0,1190
04/08/2002,PHL,PA,AEA,EN,Towers with Radar,689,334,186,2,1211,28,16,54,0,98,717,350,240,2,1309,0,0,0,1309
04/09/2002,PHL,PA,AEA,EN,Towers with Radar,763,370,206,2,1341,47,67,32,10,156,810,437,238,12,1497,0,0,0,1497
04/10/2002,PHL,PA,AEA,EN,Towers with Radar,750,395,234,5,1384,0,5,5,0,10,750,400,239,5,1394,0,0,0,1394
04/11/2002,PHL,PA,AEA,EN,Towers with Radar,794,410,231,1,1436,0,0,55,0,55,794,410,286,1,1491,0,0,0,1491
04/12/2002,PHL,PA,AEA,EN,Towers with Radar,764,385,210,0,1359,0,0,0,0,0,764,385,210,0,1359,0,0,0,1359
04/13/2002,PHL,PA,AEA,EN,Towers with Radar,611,273,130,1,1015,99,0,0,1,100,710,273,130,2,1115,0,0,0,1115
04/14/2002,PHL,PA,AEA,EN,Towers with Radar,663,310,159,0,1132,0,0,0,0,0,663,310,159,0,1132,0,0,0,1132
04/15/2002,PHL,PA,AEA,EN,Towers with Radar,707,343,190,0,1240,8,6,15,0,29,715,349,205,0,1269,0,0,0,1269
04/16/2002,PHL,PA,AEA,EN,Towers with Radar,806,404,224,2,1436,0,22,31,0,53,806,426,255,2,1489,0,0,0,1489
04/17/2002,PHL,PA,AEA,EN,Towers with Radar,788,403,224,0,1415,0,19,14,0,33,788,422,238,0,1448,0,0,0,1448
04/18/2002,PHL,PA,AEA,EN,Towers with Radar,319,152,85,0,556,406,209,197,2,814,725,361,282,2,1370,0,0,0,1370
04/19/2002,PHL,PA,AEA,EN,Towers with Radar,488,235,131,1,855,258,143,103,2,506,746,378,234,3,1361,0,0,0,1361
04/20/2002,PHL,PA,AEA,EN,Towers with Radar,467,225,125,0,817,259,67,5,0,331,726,292,130,0,1148,0,0,0,1148
04/21/2002,PHL,PA,AEA,EN,Towers with Radar,28,10,5,0,43,661,304,151,0,1116,689,314,156,0,1159,0,0,0,1159
04/22/2002,PHL,PA,AEA,EN,Towers with Radar,271,130,71,0,472,425,218,76,0,719,696,348,147,0,1191,0,0,0,1191
04/23/2002,PHL,PA,AEA,EN,Towers with Radar,813,408,225,0,1446,0,37,37,0,74,813,445,262,0,1520,0,0,0,1520
04/24/2002,PHL,PA,AEA,EN,Towers with Radar,818,436,225,0,1479,0,3,31,0,34,818,439,256,0,1513,0,0,0,1513
04/25/2002,PHL,PA,AEA,EN,Towers with Radar,783,391,216,1,1391,0,3,1,0,4,783,394,217,1,1395,3,3,6,1401
04/26/2002,PHL,PA,AEA,EN,Towers with Radar,794,399,221,1,1415,0,33,23,0,56,794,432,244,1,1471,0,0,0,1471
04/27/2002,PHL,PA,AEA,EN,Towers with Radar,594,280,154,1,1029,89,0,0,0,89,683,280,154,1,1118,0,0,0,1118
04/28/2002,PHL,PA,AEA,EN,Towers with Radar,514,236,138,1,889,60,0,2,0,62,574,236,140,1,951,0,0,0,951
04/29/2002,PHL,PA,AEA,EN,Towers with Radar,742,361,200,1,1304,15,15,26,1,57,757,376,226,2,1361,0,0,0,1361
04/30/2002,PHL,PA,AEA,EN,Towers with Radar,802,391,216,1,1410,0,27,22,1,50,802,418,238,2,1460,0,0,0,1460
05/01/2002,PHL,PA,AEA,EN,Towers with Radar,711,361,202,0,1274,78,52,55,0,185,789,413,257,0,1459,0,0,0,1459
05/02/2002,PHL,PA,AEA,EN,Towers with Radar,658,326,187,0,1171,30,0,21,0,51,688,326,208,0,1222,0,0,0,1222
05/03/2002,PHL,PA,AEA,EN,Towers with Radar,824,418,235,2,1479,20,30,41,0,91,844,448,276,2,1570,0,0,0,1570
05/04/2002,PHL,PA,AEA,EN,Towers with Radar,576,258,155,0,989,94,0,0,0,94,670,258,155,0,1083,0,0,0,1083
05/05/2002,PHL,PA,AEA,EN,Towers with Radar,638,310,182,1,1131,10,0,1,0,11,648,310,183,1,1142,0,0,0,1142
05/06/2002,PHL,PA,AEA,EN,Towers with Radar,689,344,202,2,1237,0,0,16,4,20,689,344,218,6,1257,0,0,0,1257
05/07/2002,PHL,PA,AEA,EN,Towers with Radar,777,413,231,3,1424,0,14,38,0,52,777,427,269,3,1476,0,0,0,1476
05/08/2002,PHL,PA,AEA,EN,Towers with Radar,771,418,234,3,1426,0,17,28,9,54,771,435,262,12,1480,0,0,0,1480
05/09/2002,PHL,PA,AEA,EN,Towers with Radar,722,385,216,2,1325,0,0,5,0,5,722,385,221,2,1330,0,0,0,1330
05/10/2002,PHL,PA,AEA,EN,Towers with Radar,804,415,233,3,1455,0,39,41,1,81,804,454,274,4,1536,0,0,0,1536
05/11/2002,PHL,PA,AEA,EN,Towers with Radar,578,266,164,0,1008,70,0,15,0,85,648,266,179,0,1093,0,0,0,1093
05/12/2002,PHL,PA,AEA,EN,Towers with Radar,511,231,145,1,888,90,0,11,0,101,601,231,156,1,989,0,0,0,989
05/13/2002,PHL,PA,AEA,EN,Towers with Radar,577,286,164,1,1028,19,0,13,0,32,596,286,177,1,1060,0,0,0,1060
05/14/2002,PHL,PA,AEA,EN,Towers with Radar,802,411,230,2,1445,0,47,82,0,129,802,458,312,2,1574,0,0,0,1574
05/15/2002,PHL,PA,AEA,EN,Towers with Radar,783,425,239,3,1450,0,7,43,4,54,783,432,282,7,1504,0,0,0,1504
05/16/2002,PHL,PA,AEA,EN,Towers with Radar,755,410,233,2,1400,0,0,67,4,71,755,410,300,6,1471,0,0,0,1471
05/17/2002,PHL,PA,AEA,EN,Towers with Radar,765,400,225,2,1392,0,16,45,2,63,765,416,270,4,1455,0,0,0,1455
05/18/2002,PHL,PA,AEA,EN,Towers with Radar,532,262,144,1,939,127,0,0,2,129,659,262,144,3,1068,0,0,0,1068
05/19/2002,PHL,PA,AEA,EN,Towers with Radar,644,315,165,1,1125,0,0,0,0,0,644,315,165,1,1125,0,0,0,1125
05/20/2002,PHL,PA,AEA,EN,Towers with Radar,685,355,202,1,1243,0,0,33,0,33,685,355,235,1,1276,0,0,0,1276
05/21/2002,PHL,PA,AEA,EN,Towers with Radar,777,408,230,2,1417,0,22,45,2,69,777,430,275,4,1486,0,0,0,1486
05/22/2002,PHL,PA,AEA,EN,Towers with Radar,791,430,243,2,1466,0,2,36,2,40,791,432,279,4,1506,0,0,0,1506
05/23/2002,PHL,PA,AEA,EN,Towers with Radar,776,431,247,1,1455,0,0,65,0,65,776,431,312,1,1520,0,0,0,1520
05/24/2002,PHL,PA,AEA,EN,Towers with Radar,790,411,232,2,1435,0,3,62,1,66,790,414,294,3,1501,0,0,0,1501
05/25/2002,PHL,PA,AEA,EN,Towers with Radar,543,270,127,1,941,106,0,0,1,107,649,270,127,2,1048,0,0,0,1048
05/26/2002,PHL,PA,AEA,EN,Towers with Radar,489,247,99,0,835,104,7,0,0,111,593,254,99,0,946,0,0,0,946
05/27/2002,PHL,PA,AEA,EN,Towers with Radar,602,276,137,0,1015,25,0,0,0,25,627,276,137,0,1040,0,0,0,1040
05/28/2002,PHL,PA,AEA,EN,Towers with Radar,709,344,207,1,1261,0,0,17,1,18,709,344,224,2,1279,0,0,0,1279
05/29/2002,PHL,PA,AEA,EN,Towers with Radar,774,410,231,0,1415,0,21,47,0,68,774,431,278,0,1483,0,0,0,1483
05/30/2002,PHL,PA,AEA,EN,Towers with Radar,770,409,233,0,1412,0,0,30,0,30,770,409,263,0,1442,0,0,0,1442
05/31/2002,PHL,PA,AEA,EN,Towers with Radar,754,382,214,0,1350,15,8,22,0,45,769,390,236,0,1395,0,0,0,1395
06/01/2002,PHL,PA,AEA,EN,Towers with Radar,680,264,152,2,1098,1,0,8,0,9,681,264,160,2,1107,0,0,0,1107
06/02/2002,PHL,PA,AEA,EN,Towers with Radar,646,303,176,0,1125,1,1,5,0,7,647,304,181,0,1132,0,0,0,1132
06/03/2002,PHL,PA,AEA,EN,Towers with Radar,653,339,244,1,1237,1,1,11,0,13,654,340,255,1,1250,0,0,0,1250
06/04/2002,PHL,PA,AEA,EN,Towers with Radar,741,420,274,4,1439,0,2,5,0,7,741,422,279,4,1446,0,0,0,1446
06/05/2002,PHL,PA,AEA,EN,Towers with Radar,721,414,194,0,1329,0,2,1,0,3,721,416,195,0,1332,0,0,0,1332
06/06/2002,PHL,PA,AEA,EN,Towers with Radar,699,361,191,0,1251,0,4,6,0,10,699,365,197,0,1261,0,0,0,1261
06/07/2002,PHL,PA,AEA,EN,Towers with Radar,834,457,233,4,1528,0,1,21,1,23,834,458,254,5,1551,0,0,0,1551
06/08/2002,PHL,PA,AEA,EN,Towers with Radar,674,264,150,0,1088,0,1,23,0,24,674,265,173,0,1112,0,0,0,1112
06/09/2002,PHL,PA,AEA,EN,Towers with Radar,633,321,151,0,1105,0,15,0,0,15,633,336,151,0,1120,0,0,0,1120
06/10/2002,PHL,PA,AEA,EN,Towers with Radar,681,337,213,0,1231,0,1,6,0,7,681,338,219,0,1238,0,0,0,1238
06/11/2002,PHL,PA,AEA,EN,Towers with Radar,765,396,286,1,1448,0,1,23,1,25,765,397,309,2,1473,0,0,0,1473
06/12/2002,PHL,PA,AEA,EN,Towers with Radar,809,420,249,0,1478,0,3,12,0,15,809,423,261,0,1493,0,0,0,1493
06/13/2002,PHL,PA,AEA,EN,Towers with Radar,795,414,255,0,1464,0,1,7,0,8,795,415,262,0,1472,0,0,0,1472
06/14/2002,PHL,PA,AEA,EN,Towers with Radar,781,427,182,2,1392,0,1,1,0,2,781,428,183,2,1394,0,0,0,1394
06/15/2002,PHL,PA,AEA,EN,Towers with Radar,684,275,112,0,1071,0,1,3,0,4,684,276,115,0,1075,0,0,0,1075
06/16/2002,PHL,PA,AEA,EN,Towers with Radar,676,314,193,2,1185,0,3,4,0,7,676,317,197,2,1192,0,0,0,1192
06/17/2002,PHL,PA,AEA,EN,Towers with Radar,702,330,217,2,1251,0,2,1,0,3,702,332,218,2,1254,0,0,0,1254
06/18/2002,PHL,PA,AEA,EN,Towers with Radar,807,400,244,2,1453,0,1,7,0,8,807,401,251,2,1461,0,0,0,1461
06/19/2002,PHL,PA,AEA,EN,Towers with Radar,718,366,225,1,1310,0,1,7,0,8,718,367,232,1,1318,0,0,0,1318
06/20/2002,PHL,PA,AEA,EN,Towers with Radar,841,433,285,0,1559,0,2,5,0,7,841,435,290,0,1566,0,0,0,1566
06/21/2002,PHL,PA,AEA,EN,Towers with Radar,794,433,212,0,1439,0,3,29,0,32,794,436,241,0,1471,0,0,0,1471
06/22/2002,PHL,PA,AEA,EN,Towers with Radar,683,255,139,0,1077,0,0,9,0,9,683,255,148,0,1086,0,0,0,1086
06/23/2002,PHL,PA,AEA,EN,Towers with Radar,679,302,212,4,1197,0,0,3,0,3,679,302,215,4,1200,0,0,0,1200
06/24/2002,PHL,PA,AEA,EN,Towers with Radar,663,334,227,0,1224,0,0,8,0,8,663,334,235,0,1232,0,0,0,1232
06/25/2002,PHL,PA,AEA,EN,Towers with Radar,802,443,237,1,1483,0,0,12,0,12,802,443,249,1,1495,0,0,0,1495
06/26/2002,PHL,PA,AEA,EN,Towers with Radar,786,405,270,2,1463,0,0,7,0,7,786,405,277,2,1470,0,0,0,1470
06/27/2002,PHL,PA,AEA,EN,Towers with Radar,669,350,240,0,1259,0,1,7,0,8,669,351,247,0,1267,0,0,0,1267
06/28/2002,PHL,PA,AEA,EN,Towers with Radar,842,450,285,5,1582,0,1,21,2,24,842,451,306,7,1606,0,0,0,1606
06/29/2002,PHL,PA,AEA,EN,Towers with Radar,705,265,155,0,1125,0,0,1,0,1,705,265,156,0,1126,0,0,0,1126
06/30/2002,PHL,PA,AEA,EN,Towers with Radar,672,299,144,0,1115,0,1,5,0,6,672,300,149,0,1121,0,0,0,1121
07/01/2002,PHL,PA,AEA,EN,Towers with Radar,699,326,201,1,1227,1,3,17,2,23,700,329,218,3,1250,0,0,0,1250
07/02/2002,PHL,PA,AEA,EN,Towers with Radar,791,398,230,1,1420,2,2,3,0,7,793,400,233,1,1427,0,0,0,1427
07/03/2002,PHL,PA,AEA,EN,Towers with Radar,796,425,187,1,1409,2,2,21,1,26,798,427,208,2,1435,0,0,0,1435
07/04/2002,PHL,PA,AEA,EN,Towers with Radar,706,398,136,2,1242,2,2,4,0,8,708,400,140,2,1250,0,0,0,1250
07/05/2002,PHL,PA,AEA,EN,Towers with Radar,650,277,136,3,1066,2,3,6,0,11,652,280,142,3,1077,0,0,0,1077
07/06/2002,PHL,PA,AEA,EN,Towers with Radar,678,247,127,0,1052,0,8,2,0,10,678,255,129,0,1062,0,0,0,1062
07/07/2002,PHL,PA,AEA,EN,Towers with Radar,664,277,190,0,1131,0,0,0,0,0,664,277,190,0,1131,0,0,0,1131
07/08/2002,PHL,PA,AEA,EN,Towers with Radar,705,344,225,0,1274,2,5,6,0,13,707,349,231,0,1287,0,0,0,1287
07/09/2002,PHL,PA,AEA,EN,Towers with Radar,788,395,231,1,1415,2,2,5,1,10,790,397,236,2,1425,0,0,0,1425
07/10/2002,PHL,PA,AEA,EN,Towers with Radar,803,432,288,1,1524,2,2,10,0,14,805,434,298,1,1538,0,0,0,1538
07/11/2002,PHL,PA,AEA,EN,Towers with Radar,812,422,256,8,1498,2,3,7,0,12,814,425,263,8,1510,0,0,0,1510
07/12/2002,PHL,PA,AEA,EN,Towers with Radar,794,419,228,0,1441,2,2,8,0,12,796,421,236,0,1453,0,0,0,1453
07/13/2002,PHL,PA,AEA,EN,Towers with Radar,706,265,166,0,1137,2,2,4,0,8,708,267,170,0,1145,0,0,0,1145
07/14/2002,PHL,PA,AEA,EN,Towers with Radar,651,310,183,2,1146,2,2,1,0,5,653,312,184,2,1151,0,0,0,1151
07/15/2002,PHL,PA,AEA,EN,Towers with Radar,715,337,261,0,1313,2,2,7,0,11,717,339,268,0,1324,0,0,0,1324
07/16/2002,PHL,PA,AEA,EN,Towers with Radar,786,409,267,0,1462,2,2,8,0,12,788,411,275,0,1474,0,0,0,1474
07/17/2002,PHL,PA,AEA,EN,Towers with Radar,799,426,262,0,1487,2,4,6,0,12,801,430,268,0,1499,0,0,0,1499
07/18/2002,PHL,PA,AEA,EN,Towers with Radar,801,420,243,0,1464,2,3,8,0,13,803,423,251,0,1477,0,0,0,1477
07/19/2002,PHL,PA,AEA,EN,Towers with Radar,624,323,185,1,1133,1,3,1,0,5,625,326,186,1,1138,0,0,0,1138
07/20/2002,PHL,PA,AEA,EN,Towers with Radar,777,279,147,0,1203,1,3,7,0,11,778,282,154,0,1214,0,0,0,1214
07/21/2002,PHL,PA,AEA,EN,Towers with Radar,681,306,179,1,1167,1,3,3,0,7,682,309,182,1,1174,0,0,0,1174
07/22/2002,PHL,PA,AEA,EN,Towers with Radar,687,339,183,3,1212,2,3,10,0,15,689,342,193,3,1227,0,0,0,1227
07/23/2002,PHL,PA,AEA,EN,Towers with Radar,624,311,227,0,1162,1,3,4,0,8,625,314,231,0,1170,0,0,0,1170
07/24/2002,PHL,PA,AEA,EN,Towers with Radar,846,460,274,2,1582,1,3,3,0,7,847,463,277,2,1589,0,0,0,1589
07/25/2002,PHL,PA,AEA,EN,Towers with Radar,801,438,221,2,1462,1,6,4,0,11,802,444,225,2,1473,0,0,0,1473
07/26/2002,PHL,PA,AEA,EN,Towers with Radar,774,421,214,0,1409,1,4,26,0,31,775,425,240,0,1440,0,0,0,1440
07/27/2002,PHL,PA,AEA,EN,Towers with Radar,699,266,135,0,1100,1,3,1,0,5,700,269,136,0,1105,0,0,0,1105
07/28/2002,PHL,PA,AEA,EN,Towers with Radar,668,310,162,0,1140,1,3,10,0,14,669,313,172,0,1154,0,0,0,1154
07/29/2002,PHL,PA,AEA,EN,Towers with Radar,687,321,194,1,1203,1,4,16,0,21,688,325,210,1,1224,0,0,0,1224
07/30/2002,PHL,PA,AEA,EN,Towers with Radar,799,428,220,3,1450,1,8,30,4,43,800,436,250,7,1493,0,0,0,1493
07/31/2002,PHL,PA,AEA,EN,Towers with Radar,789,429,280,0,1498,1,2,30,0,33,790,431,310,0,1531,0,0,0,1531
08/01/2002,PHL,PA,AEA,EN,Towers with Radar,808,419,253,1,1481,6,0,40,1,47,814,419,293,2,1528,0,0,0,1528
08/02/2002,PHL,PA,AEA,EN,Towers with Radar,762,397,187,1,1347,6,0,21,1,28,768,397,208,2,1375,0,0,0,1375
08/03/2002,PHL,PA,AEA,EN,Towers with Radar,707,264,130,0,1101,5,0,0,0,5,712,264,130,0,1106,0,0,0,1106
08/04/2002,PHL,PA,AEA,EN,Towers with Radar,678,296,166,1,1141,5,0,6,0,11,683,296,172,1,1152,0,0,0,1152
08/05/2002,PHL,PA,AEA,EN,Towers with Radar,643,321,183,0,1147,5,0,5,0,10,648,321,188,0,1157,0,0,0,1157
08/06/2002,PHL,PA,AEA,EN,Towers with Radar,850,461,225,4,1540,5,0,5,0,10,855,461,230,4,1550,0,0,0,1550
08/07/2002,PHL,PA,AEA,EN,Towers with Radar,791,425,228,0,1444,5,0,7,0,12,796,425,235,0,1456,0,0,0,1456
08/08/2002,PHL,PA,AEA,EN,Towers with Radar,824,413,265,1,1503,6,0,15,0,21,830,413,280,1,1524,0,0,0,1524
08/09/2002,PHL,PA,AEA,EN,Towers with Radar,784,423,260,2,1469,6,0,8,0,14,790,423,268,2,1483,0,0,0,1483
08/10/2002,PHL,PA,AEA,EN,Towers with Radar,677,255,158,2,1092,6,0,5,0,11,683,255,163,2,1103,0,0,0,1103
08/11/2002,PHL,PA,AEA,EN,Towers with Radar,677,305,187,1,1170,6,0,9,0,15,683,305,196,1,1185,0,0,0,1185
08/12/2002,PHL,PA,AEA,EN,Towers with Radar,720,334,258,2,1314,6,0,7,0,13,726,334,265,2,1327,0,0,0,1327
08/13/2002,PHL,PA,AEA,EN,Towers with Radar,774,461,209,1,1445,6,0,18,0,24,780,461,227,1,1469,0,0,0,1469
08/14/2002,PHL,PA,AEA,EN,Towers with Radar,783,417,223,1,1424,0,5,40,0,45,783,422,263,1,1469,0,0,0,1469
08/15/2002,PHL,PA,AEA,EN,Towers with Radar,807,413,249,0,1469,5,0,12,0,17,812,413,261,0,1486,0,0,0,1486
08/16/2002,PHL,PA,AEA,EN,Towers with Radar,799,425,201,5,1430,5,0,14,1,20,804,425,215,6,1450,0,0,0,1450
08/17/2002,PHL,PA,AEA,EN,Towers with Radar,686,254,141,2,1083,5,0,6,0,11,691,254,147,2,1094,0,0,0,1094
08/18/2002,PHL,PA,AEA,EN,Towers with Radar,609,308,159,0,1076,50,3,0,0,53,659,311,159,0,1129,0,0,0,1129
08/19/2002,PHL,PA,AEA,EN,Towers with Radar,710,351,191,2,1254,0,0,16,7,23,710,351,207,9,1277,0,0,0,1277
08/20/2002,PHL,PA,AEA,EN,Towers with Radar,784,416,222,3,1425,0,12,17,3,32,784,428,239,6,1457,0,0,0,1457
08/21/2002,PHL,PA,AEA,EN,Towers with Radar,783,428,229,4,1444,5,0,9,0,14,788,428,238,4,1458,0,0,0,1458
08/22/2002,PHL,PA,AEA,EN,Towers with Radar,766,415,221,2,1404,0,36,41,0,77,766,451,262,2,1481,0,0,0,1481
08/23/2002,PHL,PA,AEA,EN,Towers with Radar,787,407,198,3,1395,0,23,0,0,23,787,430,198,3,1418,0,0,0,1418
08/24/2002,PHL,PA,AEA,EN,Towers with Radar,654,251,113,0,1018,5,0,2,0,7,659,251,115,0,1025,0,0,0,1025
08/25/2002,PHL,PA,AEA,EN,Towers with Radar,654,314,159,0,1127,50,0,0,0,50,704,314,159,0,1177,0,0,0,1177
08/26/2002,PHL,PA,AEA,EN,Towers with Radar,700,349,197,0,1246,5,0,19,0,24,705,349,216,0,1270,0,0,0,1270
08/27/2002,PHL,PA,AEA,EN,Towers with Radar,787,412,220,2,1421,0,23,32,0,55,787,435,252,2,1476,0,0,0,1476
08/28/2002,PHL,PA,AEA,EN,Towers with Radar,793,411,209,3,1416,0,19,0,1,20,793,430,209,4,1436,0,0,0,1436
08/29/2002,PHL,PA,AEA,EN,Towers with Radar,781,432,215,6,1434,5,0,2,0,7,786,432,217,6,1441,0,0,0,1441
08/30/2002,PHL,PA,AEA,EN,Towers with Radar,793,418,219,0,1430,5,0,2,0,7,798,418,221,0,1437,0,0,0,1437
08/31/2002,PHL,PA,AEA,EN,Towers with Radar,663,260,121,0,1044,5,0,4,0,9,668,260,125,0,1053,0,0,0,1053
09/01/2002,PHL,PA,AEA,EN,Towers with Radar,589,263,109,0,961,6,0,2,0,8,595,263,111,0,969,0,0,0,969
09/02/2002,PHL,PA,AEA,EN,Towers with Radar,685,320,151,0,1156,6,0,2,0,8,691,320,153,0,1164,0,0,0,1164
09/03/2002,PHL,PA,AEA,EN,Towers with Radar,701,354,213,1,1269,6,0,6,0,12,707,354,219,1,1281,0,0,0,1281
09/04/2002,PHL,PA,AEA,EN,Towers with Radar,778,437,257,2,1474,0,10,7,0,17,778,447,264,2,1491,0,0,0,1491
09/05/2002,PHL,PA,AEA,EN,Towers with Radar,756,408,240,4,1408,6,0,5,0,11,762,408,245,4,1419,0,0,0,1419
09/06/2002,PHL,PA,AEA,EN,Towers with Radar,781,412,233,13,1439,6,0,7,0,13,787,412,240,13,1452,0,0,0,1452
09/07/2002,PHL,PA,AEA,EN,Towers with Radar,578,264,146,0,988,79,0,0,0,79,657,264,146,0,1067,0,0,0,1067
09/08/2002,PHL,PA,AEA,EN,Towers with Radar,641,307,164,2,1114,6,1,5,0,12,647,308,169,2,1126,0,0,0,1126
09/09/2002,PHL,PA,AEA,EN,Towers with Radar,705,360,213,2,1280,6,2,5,0,13,711,362,218,2,1293,0,0,0,1293
09/10/2002,PHL,PA,AEA,EN,Towers with Radar,764,408,233,3,1408,0,14,19,1,34,764,422,252,4,1442,0,0,0,1442
09/11/2002,PHL,PA,AEA,EN,Towers with Radar,712,376,198,3,1289,0,39,0,5,44,712,415,198,8,1333,0,0,0,1333
09/12/2002,PHL,PA,AEA,EN,Towers with Radar,774,435,254,4,1467,6,2,10,0,18,780,437,264,4,1485,0,0,0,1485
09/13/2002,PHL,PA,AEA,EN,Towers with Radar,797,422,251,1,1471,6,0,9,0,15,803,422,260,1,1486,0,0,0,1486
09/14/2002,PHL,PA,AEA,EN,Towers with Radar,662,260,157,0,1079,6,0,8,0,14,668,260,165,0,1093,0,0,0,1093
09/15/2002,PHL,PA,AEA,EN,Towers with Radar,647,319,159,0,1125,6,0,2,0,8,653,319,161,0,1133,0,0,0,1133
09/16/2002,PHL,PA,AEA,EN,Towers with Radar,693,349,205,2,1249,8,0,4,0,12,701,349,209,2,1261,0,0,0,1261
09/17/2002,PHL,PA,AEA,EN,Towers with Radar,785,409,251,6,1451,6,1,9,0,16,791,410,260,6,1467,0,0,0,1467
09/18/2002,PHL,PA,AEA,EN,Towers with Radar,776,426,244,0,1446,0,21,54,0,75,776,447,298,0,1521,0,0,0,1521
09/19/2002,PHL,PA,AEA,EN,Towers with Radar,757,439,260,2,1458,0,0,26,4,30,757,439,286,6,1488,0,0,0,1488
09/20/2002,PHL,PA,AEA,EN,Towers with Radar,767,415,265,2,1449,6,1,9,0,16,773,416,274,2,1465,0,0,0,1465
09/21/2002,PHL,PA,AEA,EN,Towers with Radar,663,282,174,0,1119,6,0,20,0,26,669,282,194,0,1145,0,0,0,1145
09/22/2002,PHL,PA,AEA,EN,Towers with Radar,606,295,176,0,1077,6,5,8,0,19,612,300,184,0,1096,0,0,0,1096
09/23/2002,PHL,PA,AEA,EN,Towers with Radar,708,359,208,0,1275,6,0,6,0,12,714,359,214,0,1287,0,0,0,1287
09/24/2002,PHL,PA,AEA,EN,Towers with Radar,776,438,244,3,1461,6,1,10,0,17,782,439,254,3,1478,0,0,0,1478
09/25/2002,PHL,PA,AEA,EN,Towers with Radar,722,407,242,3,1374,6,1,3,0,10,728,408,245,3,1384,0,0,0,1384
09/26/2002,PHL,PA,AEA,EN,Towers with Radar,715,395,261,0,1371,6,0,3,0,9,721,395,264,0,1380,0,0,0,1380
09/27/2002,PHL,PA,AEA,EN,Towers with Radar,786,444,215,2,1447,6,1,2,0,9,792,445,217,2,1456,0,0,0,1456
09/28/2002,PHL,PA,AEA,EN,Towers with Radar,669,270,164,1,1104,5,0,8,0,13,674,270,172,1,1117,0,0,0,1117
09/29/2002,PHL,PA,AEA,EN,Towers with Radar,634,319,197,1,1151,5,0,8,0,13,639,319,205,1,1164,0,0,0,1164
09/30/2002,PHL,PA,AEA,EN,Towers with Radar,684,348,201,0,1233,1,0,12,0,13,685,348,213,0,1246,0,0,0,1246
10/01/2002,PHL,PA,AEA,EN,Towers with Radar,762,447,234,3,1446,2,3,22,0,27,764,450,256,3,1473,0,0,0,1473
10/02/2002,PHL,PA,AEA,EN,Towers with Radar,757,441,256,1,1455,2,2,22,0,26,759,443,278,1,1481,0,0,0,1481
10/03/2002,PHL,PA,AEA,EN,Towers with Radar,746,423,242,3,1414,0,0,29,0,29,746,423,271,3,1443,0,0,0,1443
10/04/2002,PHL,PA,AEA,EN,Towers with Radar,750,407,216,0,1373,0,29,0,0,29,750,436,216,0,1402,0,0,0,1402
10/05/2002,PHL,PA,AEA,EN,Towers with Radar,552,274,161,0,987,108,0,1,0,109,660,274,162,0,1096,0,0,0,1096
10/06/2002,PHL,PA,AEA,EN,Towers with Radar,590,281,163,0,1034,37,0,0,0,37,627,281,163,0,1071,0,0,0,1071
10/07/2002,PHL,PA,AEA,EN,Towers with Radar,679,331,204,2,1216,0,0,56,1,57,679,331,260,3,1273,0,0,0,1273
10/08/2002,PHL,PA,AEA,EN,Towers with Radar,758,400,227,0,1385,0,17,16,0,33,758,417,243,0,1418,0,0,0,1418
10/09/2002,PHL,PA,AEA,EN,Towers with Radar,753,398,226,0,1377,0,21,27,0,48,753,419,253,0,1425,0,0,0,1425
10/10/2002,PHL,PA,AEA,EN,Towers with Radar,752,408,229,2,1391,0,0,0,1,1,752,408,229,3,1392,0,0,0,1392
10/11/2002,PHL,PA,AEA,EN,Towers with Radar,748,387,218,1,1354,0,6,12,1,19,748,393,230,2,1373,0,0,0,1373
10/12/2002,PHL,PA,AEA,EN,Towers with Radar,576,287,125,1,989,93,0,0,0,93,669,287,125,1,1082,0,0,0,1082
10/13/2002,PHL,PA,AEA,EN,Towers with Radar,597,278,171,0,1046,41,0,0,0,41,638,278,171,0,1087,0,0,0,1087
10/14/2002,PHL,PA,AEA,EN,Towers with Radar,665,317,199,1,1182,0,0,45,0,45,665,317,244,1,1227,0,0,0,1227
10/15/2002,PHL,PA,AEA,EN,Towers with Radar,748,325,218,1,1292,6,0,5,2,13,754,325,223,3,1305,0,0,0,1305
10/16/2002,PHL,PA,AEA,EN,Towers with Radar,417,150,121,1,689,645,0,32,19,696,1062,150,153,20,1385,0,0,0,1385
10/17/2002,PHL,PA,AEA,EN,Towers with Radar,769,414,234,2,1419,0,5,7,0,12,769,419,241,2,1431,0,0,0,1431
10/18/2002,PHL,PA,AEA,EN,Towers with Radar,745,394,223,0,1362,0,16,19,0,35,745,410,242,0,1397,0,0,0,1397
10/19/2002,PHL,PA,AEA,EN,Towers with Radar,540,277,143,1,961,111,15,0,1,127,651,292,143,2,1088,0,0,0,1088
10/20/2002,PHL,PA,AEA,EN,Towers with Radar,564,266,173,0,1003,0,0,6,0,6,564,266,179,0,1009,0,0,0,1009
10/21/2002,PHL,PA,AEA,EN,Towers with Radar,657,307,191,1,1156,14,0,28,1,43,671,307,219,2,1199,0,0,0,1199
10/22/2002,PHL,PA,AEA,EN,Towers with Radar,740,398,227,1,1366,0,0,4,9,13,740,398,231,10,1379,0,0,0,1379
10/23/2002,PHL,PA,AEA,EN,Towers with Radar,774,402,232,0,1408,0,0,54,0,54,774,402,286,0,1462,0,0,0,1462
10/24/2002,PHL,PA,AEA,EN,Towers with Radar,778,390,231,2,1401,0,0,56,2,58,778,390,287,4,1459,0,0,0,1459
10/25/2002,PHL,PA,AEA,EN,Towers with Radar,754,407,247,2,1410,1,8,4,0,13,755,415,251,2,1423,0,0,0,1423
10/26/2002,PHL,PA,AEA,EN,Towers with Radar,644,262,129,1,1036,1,2,1,0,4,645,264,130,1,1040,0,0,0,1040
10/27/2002,PHL,PA,AEA,EN,Towers with Radar,607,268,155,4,1034,1,3,3,0,7,608,271,158,4,1041,0,0,0,1041
10/28/2002,PHL,PA,AEA,EN,Towers with Radar,650,318,214,3,1185,1,2,4,0,7,651,320,218,3,1192,0,0,0,1192
10/29/2002,PHL,PA,AEA,EN,Towers with Radar,704,393,205,5,1307,1,3,4,0,8,705,396,209,5,1315,0,0,0,1315
10/30/2002,PHL,PA,AEA,EN,Towers with Radar,683,351,171,1,1206,22,43,0,2,67,705,394,171,3,1273,0,0,0,1273
10/31/2002,PHL,PA,AEA,EN,Towers with Radar,725,373,212,1,1311,38,31,18,2,89,763,404,230,3,1400,0,0,0,1400
11/01/2002,PHL,PA,AEA,EN,Towers with Radar,717,402,160,2,1281,0,0,96,2,98,717,402,256,4,1379,0,0,0,1379
11/02/2002,PHL,PA,AEA,EN,Towers with Radar,582,277,119,0,978,64,0,33,0,97,646,277,152,0,1075,0,0,0,1075
11/03/2002,PHL,PA,AEA,EN,Towers with Radar,600,285,129,1,1015,0,0,28,3,31,600,285,157,4,1046,0,0,0,1046
11/04/2002,PHL,PA,AEA,EN,Towers with Radar,624,328,138,0,1090,0,0,65,0,65,624,328,203,0,1155,0,0,0,1155
11/05/2002,PHL,PA,AEA,EN,Towers with Radar,664,400,159,0,1223,0,0,86,0,86,664,400,245,0,1309,0,0,0,1309
11/06/2002,PHL,PA,AEA,EN,Towers with Radar,678,384,152,0,1214,0,0,77,0,77,678,384,229,0,1291,0,0,0,1291
11/07/2002,PHL,PA,AEA,EN,Towers with Radar,694,408,171,0,1273,0,0,116,0,116,694,408,287,0,1389,0,0,0,1389
11/08/2002,PHL,PA,AEA,EN,Towers with Radar,696,409,159,1,1265,0,0,103,0,103,696,409,262,1,1368,0,0,0,1368
11/09/2002,PHL,PA,AEA,EN,Towers with Radar,601,283,123,0,1007,39,0,9,0,48,640,283,132,0,1055,0,0,0,1055
11/10/2002,PHL,PA,AEA,EN,Towers with Radar,600,276,123,1,1000,0,0,38,1,39,600,276,161,2,1039,0,0,0,1039
11/11/2002,PHL,PA,AEA,EN,Towers with Radar,660,323,135,1,1119,0,0,64,0,64,660,323,199,1,1183,0,0,0,1183
11/12/2002,PHL,PA,AEA,EN,Towers with Radar,675,303,145,1,1124,0,0,40,0,40,675,303,185,1,1164,0,0,0,1164
11/13/2002,PHL,PA,AEA,EN,Towers with Radar,734,452,176,3,1365,0,0,67,1,68,734,452,243,4,1433,0,0,0,1433
11/14/2002,PHL,PA,AEA,EN,Towers with Radar,709,412,167,3,1291,0,0,85,0,85,709,412,252,3,1376,0,0,0,1376
11/15/2002,PHL,PA,AEA,EN,Towers with Radar,672,363,152,0,1187,0,0,66,0,66,672,363,218,0,1253,0,0,0,1253
11/16/2002,PHL,PA,AEA,EN,Towers with Radar,583,271,97,0,951,6,2,0,0,8,589,273,97,0,959,0,0,0,959
11/17/2002,PHL,PA,AEA,EN,Towers with Radar,585,310,43,0,938,99,26,0,0,125,684,336,43,0,1063,0,0,0,1063
11/18/2002,PHL,PA,AEA,EN,Towers with Radar,624,331,57,2,1014,21,45,0,3,69,645,376,57,5,1083,0,0,0,1083
11/19/2002,PHL,PA,AEA,EN,Towers with Radar,803,352,66,0,1221,164,0,0,0,164,967,352,66,0,1385,0,0,0,1385
11/20/2002,PHL,PA,AEA,EN,Towers with Radar,818,435,90,2,1345,0,21,0,0,21,818,456,90,2,1366,0,0,0,1366
11/21/2002,PHL,PA,AEA,EN,Towers with Radar,828,447,107,3,1385,0,20,0,5,25,828,467,107,8,1410,0,0,0,1410
11/22/2002,PHL,PA,AEA,EN,Towers with Radar,729,386,71,1,1187,54,71,0,0,125,783,457,71,1,1312,0,0,0,1312
11/23/2002,PHL,PA,AEA,EN,Towers with Radar,594,310,26,0,930,199,0,0,0,199,793,310,26,0,1129,0,0,0,1129
11/24/2002,PHL,PA,AEA,EN,Towers with Radar,571,303,30,0,904,62,27,0,0,89,633,330,30,0,993,0,0,0,993
11/25/2002,PHL,PA,AEA,EN,Towers with Radar,694,310,58,0,1062,147,0,0,0,147,841,310,58,0,1209,0,0,0,1209
11/26/2002,PHL,PA,AEA,EN,Towers with Radar,737,420,142,3,1302,0,46,0,10,56,737,466,142,13,1358,0,0,0,1358
11/27/2002,PHL,PA,AEA,EN,Towers with Radar,785,415,67,2,1269,10,127,0,6,143,795,542,67,8,1412,0,0,0,1412
11/28/2002,PHL,PA,AEA,EN,Towers with Radar,543,288,13,0,844,111,155,0,0,266,654,443,13,0,1110,0,0,0,1110
11/29/2002,PHL,PA,AEA,EN,Towers with Radar,506,268,37,0,811,87,68,0,0,155,593,336,37,0,966,0,0,0,966
11/30/2002,PHL,PA,AEA,EN,Towers with Radar,617,309,21,1,948,25,19,12,0,56,642,328,33,1,1004,0,0,0,1004
12/01/2002,PHL,PA,AEA,EN,Towers with Radar,676,264,59,0,999,0,0,28,0,28,676,264,87,0,1027,0,0,0,1027
12/02/2002,PHL,PA,AEA,EN,Towers with Radar,677,389,74,0,1140,0,8,7,2,17,677,397,81,2,1157,0,0,0,1157
12/03/2002,PHL,PA,AEA,EN,Towers with Radar,766,532,96,7,1401,0,8,17,0,25,766,540,113,7,1426,0,0,0,1426
12/04/2002,PHL,PA,AEA,EN,Towers with Radar,807,470,95,6,1378,0,15,37,1,53,807,485,132,7,1431,0,0,0,1431
12/05/2002,PHL,PA,AEA,EN,Towers with Radar,452,176,69,0,697,1,6,8,0,15,453,182,77,0,712,0,0,0,712
12/06/2002,PHL,PA,AEA,EN,Towers with Radar,904,374,77,1,1356,60,0,43,0,103,964,374,120,1,1459,0,0,0,1459
12/07/2002,PHL,PA,AEA,EN,Towers with Radar,575,314,26,0,915,67,33,0,0,100,642,347,26,0,1015,0,0,0,1015
12/08/2002,PHL,PA,AEA,EN,Towers with Radar,616,327,31,0,974,0,6,8,0,14,616,333,39,0,988,0,0,0,988
12/09/2002,PHL,PA,AEA,EN,Towers with Radar,717,422,65,2,1206,0,3,13,2,18,717,425,78,4,1224,0,0,0,1224
12/10/2002,PHL,PA,AEA,EN,Towers with Radar,782,503,78,2,1365,0,22,72,16,110,782,525,150,18,1475,0,0,0,1475
12/11/2002,PHL,PA,AEA,EN,Towers with Radar,721,466,80,2,1269,0,5,2,0,7,721,471,82,2,1276,0,0,0,1276
12/12/2002,PHL,PA,AEA,EN,Towers with Radar,969,333,94,2,1398,0,5,2,0,7,969,338,96,2,1405,0,0,0,1405
12/13/2002,PHL,PA,AEA,EN,Towers with Radar,869,420,74,0,1363,22,0,1,0,23,891,420,75,0,1386,0,0,0,1386
12/14/2002,PHL,PA,AEA,EN,Towers with Radar,719,345,39,1,1104,0,5,2,0,7,719,350,41,1,1111,0,0,0,1111
12/15/2002,PHL,PA,AEA,EN,Towers with Radar,678,349,50,3,1080,0,12,25,0,37,678,361,75,3,1117,0,0,0,1117
12/16/2002,PHL,PA,AEA,EN,Towers with Radar,705,399,128,5,1237,0,5,3,0,8,705,404,131,5,1245,0,0,0,1245
12/17/2002,PHL,PA,AEA,EN,Towers with Radar,839,534,105,20,1498,0,5,1,1,7,839,539,106,21,1505,0,0,0,1505
12/18/2002,PHL,PA,AEA,EN,Towers with Radar,850,486,76,1,1413,0,12,18,15,45,850,498,94,16,1458,0,0,0,1458
12/19/2002,PHL,PA,AEA,EN,Towers with Radar,945,475,96,2,1518,0,5,1,1,7,945,480,97,3,1525,0,0,0,1525
12/20/2002,PHL,PA,AEA,EN,Towers with Radar,922,464,68,0,1454,0,5,1,1,7,922,469,69,1,1461,0,0,0,1461
12/21/2002,PHL,PA,AEA,EN,Towers with Radar,647,290,23,1,961,119,0,0,0,119,766,290,23,1,1080,0,0,0,1080
12/22/2002,PHL,PA,AEA,EN,Towers with Radar,651,346,90,0,1087,0,5,13,0,18,651,351,103,0,1105,0,0,0,1105
12/23/2002,PHL,PA,AEA,EN,Towers with Radar,738,404,49,0,1191,22,2,0,0,24,760,406,49,0,1215,0,0,0,1215
12/24/2002,PHL,PA,AEA,EN,Towers with Radar,583,321,36,1,941,0,193,0,0,193,583,514,36,1,1134,0,0,0,1134
12/25/2002,PHL,PA,AEA,EN,Towers with Radar,527,373,31,0,931,0,5,1,0,6,527,378,32,0,937,0,0,0,937
12/26/2002,PHL,PA,AEA,EN,Towers with Radar,664,399,30,0,1093,0,5,1,0,6,664,404,31,0,1099,0,0,0,1099
12/27/2002,PHL,PA,AEA,EN,Towers with Radar,809,528,50,0,1387,0,5,1,0,6,809,533,51,0,1393,0,0,0,1393
12/28/2002,PHL,PA,AEA,EN,Towers with Radar,622,339,47,0,1008,40,27,0,0,67,662,366,47,0,1075,0,0,0,1075
12/29/2002,PHL,PA,AEA,EN,Towers with Radar,622,372,21,0,1015,0,7,1,0,8,622,379,22,0,1023,0,0,0,1023
12/30/2002,PHL,PA,AEA,EN,Towers with Radar,661,413,22,0,1096,0,5,10,0,15,661,418,32,0,1111,0,0,0,1111
12/31/2002,PHL,PA,AEA,EN,Towers with Radar,677,482,35,2,1196,0,4,2,0,6,677,486,37,2,1202,0,0,0,1202
01/01/2003,PHL,PA,AEA,EN,Towers with Radar,595,441,25,1,1062,1,1,0,0,2,596,442,25,1,1064,0,0,0,1064
01/02/2003,PHL,PA,AEA,EN,Towers with Radar,665,439,35,0,1139,1,1,0,0,2,666,440,35,0,1141,0,0,0,1141
01/03/2003,PHL,PA,AEA,EN,Towers with Radar,708,449,30,0,1187,1,1,0,0,2,709,450,30,0,1189,0,0,0,1189
01/04/2003,PHL,PA,AEA,EN,Towers with Radar,559,356,37,0,952,73,0,0,1,74,632,356,37,1,1026,0,0,0,1026
01/05/2003,PHL,PA,AEA,EN,Towers with Radar,529,222,15,0,766,1,1,0,0,2,530,223,15,0,768,0,0,0,768
01/06/2003,PHL,PA,AEA,EN,Towers with Radar,666,429,44,0,1139,1,1,0,0,2,667,430,44,0,1141,0,0,0,1141
01/07/2003,PHL,PA,AEA,EN,Towers with Radar,865,578,76,0,1519,1,1,0,0,2,866,579,76,0,1521,0,0,0,1521
01/08/2003,PHL,PA,AEA,EN,Towers with Radar,768,532,118,0,1418,1,1,36,0,38,769,533,154,0,1456,0,0,0,1456
01/09/2003,PHL,PA,AEA,EN,Towers with Radar,715,500,63,0,1278,0,45,21,0,66,715,545,84,0,1344,0,0,0,1344
01/10/2003,PHL,PA,AEA,EN,Towers with Radar,722,504,70,0,1296,1,1,1,0,3,723,505,71,0,1299,0,0,0,1299
01/11/2003,PHL,PA,AEA,EN,Towers with Radar,605,358,55,0,1018,1,2,3,0,6,606,360,58,0,1024,0,0,0,1024
01/12/2003,PHL,PA,AEA,EN,Towers with Radar,616,351,58,0,1025,1,2,5,2,10,617,353,63,2,1035,0,0,0,1035
01/13/2003,PHL,PA,AEA,EN,Towers with Radar,655,421,35,0,1111,1,1,2,0,4,656,422,37,0,1115,0,0,0,1115
01/14/2003,PHL,PA,AEA,EN,Towers with Radar,653,512,58,0,1223,1,1,4,0,6,654,513,62,0,1229,0,0,0,1229
01/15/2003,PHL,PA,AEA,EN,Towers with Radar,762,498,69,0,1329,1,1,0,0,2,763,499,69,0,1331,0,0,0,1331
01/16/2003,PHL,PA,AEA,EN,Towers with Radar,784,537,69,0,1390,0,0,8,1,9,784,537,77,1,1399,0,0,0,1399
01/17/2003,PHL,PA,AEA,EN,Towers with Radar,735,503,65,0,1303,0,0,9,1,10,735,503,74,1,1313,0,0,0,1313
01/18/2003,PHL,PA,AEA,EN,Towers with Radar,615,319,21,0,955,1,1,0,0,2,616,320,21,0,957,0,0,0,957
01/19/2003,PHL,PA,AEA,EN,Towers with Radar,591,364,67,1,1023,1,1,0,0,2,592,365,67,1,1025,0,0,0,1025
01/20/2003,PHL,PA,AEA,EN,Towers with Radar,619,415,66,0,1100,1,1,0,0,2,620,416,66,0,1102,0,0,0,1102
01/21/2003,PHL,PA,AEA,EN,Towers with Radar,767,485,78,0,1330,1,1,0,0,2,768,486,78,0,1332,0,0,0,1332
01/22/2003,PHL,PA,AEA,EN,Towers with Radar,724,569,94,0,1387,1,1,0,0,2,725,570,94,0,1389,0,0,0,1389
01/23/2003,PHL,PA,AEA,EN,Towers with Radar,788,520,68,0,1376,0,0,18,1,19,788,520,86,1,1395,0,0,0,1395
01/24/2003,PHL,PA,AEA,EN,Towers with Radar,752,522,59,8,1341,1,1,0,0,2,753,523,59,8,1343,0,0,0,1343
01/25/2003,PHL,PA,AEA,EN,Towers with Radar,486,308,20,0,814,82,0,0,1,83,568,308,20,1,897,0,0,0,897
01/26/2003,PHL,PA,AEA,EN,Towers with Radar,610,357,26,0,993,1,1,1,0,3,611,358,27,0,996,0,0,0,996
01/27/2003,PHL,PA,AEA,EN,Towers with Radar,642,462,58,0,1162,1,1,1,0,3,643,463,59,0,1165,0,0,0,1165
01/28/2003,PHL,PA,AEA,EN,Towers with Radar,732,536,70,0,1338,1,0,1,0,2,733,536,71,0,1340,0,0,0,1340
01/29/2003,PHL,PA,AEA,EN,Towers with Radar,682,407,49,0,1138,1,0,1,0,2,683,407,50,0,1140,0,0,0,1140
01/30/2003,PHL,PA,AEA,EN,Towers with Radar,645,429,80,0,1154,1,0,1,0,2,646,429,81,0,1156,0,0,0,1156
01/31/2003,PHL,PA,AEA,EN,Towers with Radar,685,518,49,0,1252,0,1,1,0,2,685,519,50,0,1254,0,0,0,1254
02/01/2003,PHL,PA,AEA,EN,Towers with Radar,610,290,48,0,948,0,2,2,0,4,610,292,50,0,952,0,0,0,952
02/02/2003,PHL,PA,AEA,EN,Towers with Radar,603,378,48,0,1029,0,1,1,0,2,603,379,49,0,1031,0,0,0,1031
02/03/2003,PHL,PA,AEA,EN,Towers with Radar,639,460,55,2,1156,0,1,1,0,2,639,461,56,2,1158,0,0,0,1158
02/04/2003,PHL,PA,AEA,EN,Towers with Radar,694,531,65,2,1292,0,2,2,1,5,694,533,67,3,1297,0,0,0,1297
02/05/2003,PHL,PA,AEA,EN,Towers with Radar,751,539,70,7,1367,0,0,0,0,0,751,539,70,7,1367,0,0,0,1367
02/06/2003,PHL,PA,AEA,EN,Towers with Radar,754,514,97,3,1368,0,0,1,0,1,754,514,98,3,1369,0,0,0,1369
02/07/2003,PHL,PA,AEA,EN,Towers with Radar,623,439,51,0,1113,0,2,2,0,4,623,441,53,0,1117,0,0,0,1117
02/08/2003,PHL,PA,AEA,EN,Towers with Radar,626,285,25,0,936,0,1,1,0,2,626,286,26,0,938,0,0,0,938
02/09/2003,PHL,PA,AEA,EN,Towers with Radar,634,334,43,2,1013,0,0,5,0,5,634,334,48,2,1018,0,0,0,1018
02/10/2003,PHL,PA,AEA,EN,Towers with Radar,687,388,42,0,1117,0,1,3,1,5,687,389,45,1,1122,0,0,0,1122
02/11/2003,PHL,PA,AEA,EN,Towers with Radar,829,519,81,3,1432,0,0,1,1,2,829,519,82,4,1434,0,0,0,1434
02/12/2003,PHL,PA,AEA,EN,Towers with Radar,823,496,84,0,1403,0,1,2,2,5,823,497,86,2,1408,0,0,0,1408
02/13/2003,PHL,PA,AEA,EN,Towers with Radar,803,543,80,0,1426,0,0,24,0,24,803,543,104,0,1450,0,0,0,1450
02/14/2003,PHL,PA,AEA,EN,Towers with Radar,760,533,56,3,1352,0,0,1,1,2,760,533,57,4,1354,0,0,0,1354
02/15/2003,PHL,PA,AEA,EN,Towers with Radar,697,361,67,0,1125,0,1,2,2,5,697,362,69,2,1130,0,0,0,1130
02/16/2003,PHL,PA,AEA,EN,Towers with Radar,213,70,14,0,297,0,0,2,0,2,213,70,16,0,299,0,0,0,299
02/17/2003,PHL,PA,AEA,EN,Towers with Radar,0,0,0,0,0,0,0,0,0,0,0,0,0,0,0,0,0,0,0
02/18/2003,PHL,PA,AEA,EN,Towers with Radar,507,290,54,0,851,0,0,3,0,3,507,290,57,0,854,0,0,0,854
02/19/2003,PHL,PA,AEA,EN,Towers with Radar,813,556,66,0,1435,0,0,0,0,0,813,556,66,0,1435,0,0,0,1435
02/20/2003,PHL,PA,AEA,EN,Towers with Radar,689,582,70,4,1345,0,0,1,0,1,689,582,71,4,1346,0,0,0,1346
02/21/2003,PHL,PA,AEA,EN,Towers with Radar,726,540,68,0,1334,0,1,2,2,5,726,541,70,2,1339,0,0,0,1339
02/22/2003,PHL,PA,AEA,EN,Towers with Radar,440,282,16,0,738,145,3,0,4,152,585,285,16,4,890,0,0,0,890
02/23/2003,PHL,PA,AEA,EN,Towers with Radar,557,264,34,0,855,0,1,2,0,3,557,265,36,0,858,0,0,0,858
02/24/2003,PHL,PA,AEA,EN,Towers with Radar,678,477,64,1,1220,0,0,2,1,3,678,477,66,2,1223,0,0,0,1223
02/25/2003,PHL,PA,AEA,EN,Towers with Radar,697,492,79,0,1268,0,0,2,0,2,697,492,81,0,1270,0,0,0,1270
02/26/2003,PHL,PA,AEA,EN,Towers with Radar,614,413,70,0,1097,0,0,5,0,5,614,413,75,0,1102,0,0,0,1102
02/27/2003,PHL,PA,AEA,EN,Towers with Radar,716,545,72,1,1334,0,0,7,1,8,716,545,79,2,1342,0,0,0,1342
02/28/2003,PHL,PA,AEA,EN,Towers with Radar,705,534,45,4,1288,0,0,0,0,0,705,534,45,4,1288,0,0,0,1288
03/01/2003,PHL,PA,AEA,EN,Towers with Radar,595,318,17,0,930,0,0,9,1,10,595,318,26,1,940,0,0,0,940
03/02/2003,PHL,PA,AEA,EN,Towers with Radar,614,375,51,4,1044,0,0,0,1,1,614,375,51,5,1045,0,0,0,1045
03/03/2003,PHL,PA,AEA,EN,Towers with Radar,670,463,59,4,1196,0,0,0,0,0,670,463,59,4,1196,0,0,0,1196
03/04/2003,PHL,PA,AEA,EN,Towers with Radar,724,582,53,0,1359,0,0,1,0,1,724,582,54,0,1360,0,0,0,1360
03/05/2003,PHL,PA,AEA,EN,Towers with Radar,756,557,70,0,1383,0,0,4,0,4,756,557,74,0,1387,0,0,0,1387
03/06/2003,PHL,PA,AEA,EN,Towers with Radar,724,495,74,3,1296,0,0,0,0,0,724,495,74,3,1296,0,0,0,1296
03/07/2003,PHL,PA,AEA,EN,Towers with Radar,742,485,72,2,1301,0,0,6,0,6,742,485,78,2,1307,0,0,0,1307
03/08/2003,PHL,PA,AEA,EN,Towers with Radar,654,308,48,1,1011,0,0,25,4,29,654,308,73,5,1040,0,0,0,1040
03/09/2003,PHL,PA,AEA,EN,Towers with Radar,614,365,34,3,1016,0,1,4,0,5,614,366,38,3,1021,0,0,0,1021
03/10/2003,PHL,PA,AEA,EN,Towers with Radar,663,434,57,2,1156,0,2,2,0,4,663,436,59,2,1160,0,0,0,1160
03/11/2003,PHL,PA,AEA,EN,Towers with Radar,654,521,62,0,1237,0,1,5,0,6,654,522,67,0,1243,0,0,0,1243
03/12/2003,PHL,PA,AEA,EN,Towers with Radar,699,548,56,0,1303,0,0,0,0,0,699,548,56,0,1303,0,0,0,1303
03/13/2003,PHL,PA,AEA,EN,Towers with Radar,773,523,76,2,1374,0,0,2,0,2,773,523,78,2,1376,0,0,0,1376
03/14/2003,PHL,PA,AEA,EN,Towers with Radar,750,514,61,4,1329,0,1,0,1,2,750,515,61,5,1331,0,0,0,1331
03/15/2003,PHL,PA,AEA,EN,Towers with Radar,574,294,22,0,890,0,0,0,0,0,574,294,22,0,890,0,0,0,890
03/16/2003,PHL,PA,AEA,EN,Towers with Radar,661,376,42,0,1079,0,0,1,0,1,661,376,43,0,1080,0,0,0,1080
03/17/2003,PHL,PA,AEA,EN,Towers with Radar,668,469,57,1,1195,0,0,5,0,5,668,469,62,1,1200,0,0,0,1200
03/18/2003,PHL,PA,AEA,EN,Towers with Radar,694,549,56,3,1302,0,0,0,0,0,694,549,56,3,1302,0,0,0,1302
03/19/2003,PHL,PA,AEA,EN,Towers with Radar,724,554,84,0,1362,0,0,2,0,2,724,554,86,0,1364,0,0,0,1364
03/20/2003,PHL,PA,AEA,EN,Towers with Radar,686,498,86,5,1275,0,0,0,0,0,686,498,86,5,1275,0,0,0,1275
03/21/2003,PHL,PA,AEA,EN,Towers with Radar,764,554,72,2,1392,0,0,0,0,0,764,554,72,2,1392,0,0,0,1392
03/22/2003,PHL,PA,AEA,EN,Towers with Radar,610,308,31,0,949,0,5,15,0,20,610,313,46,0,969,0,0,0,969
03/23/2003,PHL,PA,AEA,EN,Towers with Radar,635,358,34,0,1027,0,0,7,0,7,635,358,41,0,1034,0,0,0,1034
03/24/2003,PHL,PA,AEA,EN,Towers with Radar,695,466,53,0,1214,0,0,3,0,3,695,466,56,0,1217,0,0,0,1217
03/25/2003,PHL,PA,AEA,EN,Towers with Radar,720,553,46,0,1319,0,0,6,0,6,720,553,52,0,1325,0,0,0,1325
03/26/2003,PHL,PA,AEA,EN,Towers with Radar,761,562,118,4,1445,0,5,6,0,11,761,567,124,4,1456,0,0,0,1456
03/27/2003,PHL,PA,AEA,EN,Towers with Radar,729,536,61,2,1328,0,1,3,1,5,729,537,64,3,1333,0,0,0,1333
03/28/2003,PHL,PA,AEA,EN,Towers with Radar,684,490,50,0,1224,0,0,0,0,0,684,490,50,0,1224,0,0,0,1224
03/29/2003,PHL,PA,AEA,EN,Towers with Radar,671,337,64,5,1077,0,0,2,0,2,671,337,66,5,1079,0,0,0,1079
03/30/2003,PHL,PA,AEA,EN,Towers with Radar,599,371,59,2,1031,0,0,0,0,0,599,371,59,2,1031,0,0,0,1031
03/31/2003,PHL,PA,AEA,EN,Towers with Radar,669,481,68,2,1220,0,0,0,0,0,669,481,68,2,1220,0,0,0,1220
04/01/2003,PHL,PA,AEA,EN,Towers with Radar,689,597,67,8,1361,0,0,2,0,2,689,597,69,8,1363,0,0,0,1363
04/02/2003,PHL,PA,AEA,EN,Towers with Radar,747,557,91,4,1399,0,0,5,0,5,747,557,96,4,1404,0,0,0,1404
04/03/2003,PHL,PA,AEA,EN,Towers with Radar,737,492,74,3,1306,0,0,1,0,1,737,492,75,3,1307,0,0,0,1307
04/04/2003,PHL,PA,AEA,EN,Towers with Radar,640,494,70,3,1207,0,0,0,0,0,640,494,70,3,1207,0,0,0,1207
04/05/2003,PHL,PA,AEA,EN,Towers with Radar,635,274,17,0,926,0,0,0,0,0,635,274,17,0,926,0,0,0,926
04/06/2003,PHL,PA,AEA,EN,Towers with Radar,660,344,55,4,1063,0,0,4,0,4,660,344,59,4,1067,0,0,0,1067
04/07/2003,PHL,PA,AEA,EN,Towers with Radar,612,363,37,2,1014,0,0,0,0,0,612,363,37,2,1014,0,0,0,1014
04/08/2003,PHL,PA,AEA,EN,Towers with Radar,681,580,96,4,1361,0,0,0,0,0,681,580,96,4,1361,0,0,0,1361
04/09/2003,PHL,PA,AEA,EN,Towers with Radar,721,506,88,0,1315,0,0,0,0,0,721,506,88,0,1315,0,0,0,1315
04/10/2003,PHL,PA,AEA,EN,Towers with Radar,702,567,90,3,1362,0,0,0,0,0,702,567,90,3,1362,0,0,0,1362
04/11/2003,PHL,PA,AEA,EN,Towers with Radar,679,571,59,1,1310,0,0,0,0,0,679,571,59,1,1310,0,0,0,1310
04/12/2003,PHL,PA,AEA,EN,Towers with Radar,646,296,38,0,980,0,0,1,0,1,646,296,39,0,981,0,0,0,981
04/13/2003,PHL,PA,AEA,EN,Towers with Radar,755,426,78,0,1259,0,0,0,0,0,755,426,78,0,1259,0,0,0,1259
04/14/2003,PHL,PA,AEA,EN,Towers with Radar,708,455,83,3,1249,0,0,2,0,2,708,455,85,3,1251,0,0,0,1251
04/15/2003,PHL,PA,AEA,EN,Towers with Radar,656,520,118,0,1294,0,0,3,0,3,656,520,121,0,1297,0,0,0,1297
04/16/2003,PHL,PA,AEA,EN,Towers with Radar,719,541,95,4,1359,0,0,4,0,4,719,541,99,4,1363,0,0,0,1363
04/17/2003,PHL,PA,AEA,EN,Towers with Radar,734,522,63,0,1319,0,0,1,0,1,734,522,64,0,1320,0,0,0,1320
04/18/2003,PHL,PA,AEA,EN,Towers with Radar,737,555,25,0,1317,0,0,0,0,0,737,555,25,0,1317,0,0,0,1317
04/19/2003,PHL,PA,AEA,EN,Towers with Radar,592,322,24,3,941,0,0,1,0,1,592,322,25,3,942,0,0,0,942
04/20/2003,PHL,PA,AEA,EN,Towers with Radar,590,357,30,0,977,0,0,1,0,1,590,357,31,0,978,0,0,0,978
04/21/2003,PHL,PA,AEA,EN,Towers with Radar,661,479,86,6,1232,0,0,0,0,0,661,479,86,6,1232,0,0,0,1232
04/22/2003,PHL,PA,AEA,EN,Towers with Radar,678,592,83,1,1354,0,0,0,0,0,678,592,83,1,1354,0,0,0,1354
04/23/2003,PHL,PA,AEA,EN,Towers with Radar,722,538,70,0,1330,0,0,2,0,2,722,538,72,0,1332,0,0,0,1332
04/24/2003,PHL,PA,AEA,EN,Towers with Radar,749,538,113,1,1401,0,4,0,0,4,749,542,113,1,1405,0,0,0,1405
04/25/2003,PHL,PA,AEA,EN,Towers with Radar,704,601,86,5,1396,0,0,2,0,2,704,601,88,5,1398,0,0,0,1398
04/26/2003,PHL,PA,AEA,EN,Towers with Radar,608,319,41,0,968,0,0,0,0,0,608,319,41,0,968,0,0,0,968
04/27/2003,PHL,PA,AEA,EN,Towers with Radar,661,391,77,0,1129,0,0,0,0,0,661,391,77,0,1129,0,0,0,1129
04/28/2003,PHL,PA,AEA,EN,Towers with Radar,665,468,41,0,1174,0,0,0,8,8,665,468,41,8,1182,0,0,0,1182
04/29/2003,PHL,PA,AEA,EN,Towers with Radar,673,583,89,2,1347,0,0,4,0,4,673,583,93,2,1351,0,0,0,1351
04/30/2003,PHL,PA,AEA,EN,Towers with Radar,652,573,84,4,1313,0,0,4,0,4,652,573,88,4,1317,0,0,0,1317
05/01/2003,PHL,PA,AEA,EN,Towers with Radar,684,527,82,0,1293,0,0,0,0,0,684,527,82,0,1293,0,0,0,1293
05/02/2003,PHL,PA,AEA,EN,Towers with Radar,761,585,81,0,1427,0,0,0,0,0,761,585,81,0,1427,0,0,0,1427
05/03/2003,PHL,PA,AEA,EN,Towers with Radar,580,350,24,0,954,0,0,0,1,1,580,350,24,1,955,0,0,0,955
05/04/2003,PHL,PA,AEA,EN,Towers with Radar,595,389,43,1,1028,0,0,2,0,2,595,389,45,1,1030,0,0,0,1030
05/05/2003,PHL,PA,AEA,EN,Towers with Radar,636,465,76,3,1180,0,0,2,0,2,636,465,78,3,1182,0,0,0,1182
05/06/2003,PHL,PA,AEA,EN,Towers with Radar,676,601,96,0,1373,0,0,0,0,0,676,601,96,0,1373,0,0,0,1373
05/07/2003,PHL,PA,AEA,EN,Towers with Radar,744,549,86,0,1379,0,0,0,0,0,744,549,86,0,1379,0,0,0,1379
05/08/2003,PHL,PA,AEA,EN,Towers with Radar,738,564,101,2,1405,0,0,0,0,0,738,564,101,2,1405,0,0,0,1405
05/09/2003,PHL,PA,AEA,EN,Towers with Radar,667,502,69,0,1238,0,0,0,0,0,667,502,69,0,1238,0,0,0,1238
05/10/2003,PHL,PA,AEA,EN,Towers with Radar,636,356,39,0,1031,0,0,0,0,0,636,356,39,0,1031,0,0,0,1031
05/11/2003,PHL,PA,AEA,EN,Towers with Radar,606,369,27,0,1002,0,0,0,0,0,606,369,27,0,1002,0,0,0,1002
05/12/2003,PHL,PA,AEA,EN,Towers with Radar,664,458,89,0,1211,0,0,1,0,1,664,458,90,0,1212,0,0,0,1212
05/13/2003,PHL,PA,AEA,EN,Towers with Radar,704,603,83,0,1390,0,0,1,0,1,704,603,84,0,1391,0,0,0,1391
05/14/2003,PHL,PA,AEA,EN,Towers with Radar,717,595,81,0,1393,0,0,1,0,1,717,595,82,0,1394,0,0,0,1394
05/15/2003,PHL,PA,AEA,EN,Towers with Radar,733,472,130,0,1335,0,0,3,0,3,733,472,133,0,1338,0,0,0,1338
05/16/2003,PHL,PA,AEA,EN,Towers with Radar,746,561,72,0,1379,0,0,0,0,0,746,561,72,0,1379,0,0,0,1379
05/17/2003,PHL,PA,AEA,EN,Towers with Radar,614,368,36,0,1018,0,0,0,0,0,614,368,36,0,1018,0,0,0,1018
05/18/2003,PHL,PA,AEA,EN,Towers with Radar,640,423,105,2,1170,0,0,6,0,6,640,423,111,2,1176,0,0,0,1176
05/19/2003,PHL,PA,AEA,EN,Towers with Radar,624,466,84,3,1177,5,0,4,0,9,629,466,88,3,1186,0,0,0,1186
05/20/2003,PHL,PA,AEA,EN,Towers with Radar,646,565,84,3,1298,0,0,2,0,2,646,565,86,3,1300,0,0,0,1300
05/21/2003,PHL,PA,AEA,EN,Towers with Radar,719,526,101,2,1348,0,0,0,0,0,719,526,101,2,1348,0,0,0,1348
05/22/2003,PHL,PA,AEA,EN,Towers with Radar,783,572,79,6,1440,0,0,0,0,0,783,572,79,6,1440,0,0,0,1440
05/23/2003,PHL,PA,AEA,EN,Towers with Radar,672,483,77,0,1232,0,0,0,0,0,672,483,77,0,1232,0,0,0,1232
05/24/2003,PHL,PA,AEA,EN,Towers with Radar,709,411,123,0,1243,0,0,0,0,0,709,411,123,0,1243,0,0,0,1243
05/25/2003,PHL,PA,AEA,EN,Towers with Radar,513,358,44,0,915,0,0,0,0,0,513,358,44,0,915,0,0,0,915
05/26/2003,PHL,PA,AEA,EN,Towers with Radar,600,452,56,2,1110,0,0,0,0,0,600,452,56,2,1110,0,0,0,1110
05/27/2003,PHL,PA,AEA,EN,Towers with Radar,595,491,102,0,1188,0,0,0,0,0,595,491,102,0,1188,0,0,0,1188
05/28/2003,PHL,PA,AEA,EN,Towers with Radar,724,523,93,1,1341,0,0,0,0,0,724,523,93,1,1341,0,0,0,1341
05/29/2003,PHL,PA,AEA,EN,Towers with Radar,764,515,106,0,1385,0,0,0,0,0,764,515,106,0,1385,0,0,0,1385
05/30/2003,PHL,PA,AEA,EN,Towers with Radar,665,532,52,1,1250,0,0,0,0,0,665,532,52,1,1250,0,0,0,1250
05/31/2003,PHL,PA,AEA,EN,Towers with Radar,704,592,20,0,1316,0,0,0,0,0,704,592,20,0,1316,0,0,0,1316
06/01/2003,PHL,PA,AEA,EN,Towers with Radar,596,422,57,0,1075,0,0,0,0,0,596,422,57,0,1075,0,0,0,1075
06/02/2003,PHL,PA,AEA,EN,Towers with Radar,679,469,71,2,1221,0,0,0,0,0,679,469,71,2,1221,0,0,0,1221
06/03/2003,PHL,PA,AEA,EN,Towers with Radar,703,533,80,2,1318,0,0,0,0,0,703,533,80,2,1318,0,0,0,1318
06/04/2003,PHL,PA,AEA,EN,Towers with Radar,718,468,80,0,1266,0,0,0,0,0,718,468,80,0,1266,0,0,0,1266
06/05/2003,PHL,PA,AEA,EN,Towers with Radar,728,543,74,0,1345,0,0,0,0,0,728,543,74,0,1345,0,0,0,1345
06/06/2003,PHL,PA,AEA,EN,Towers with Radar,715,555,74,0,1344,0,0,0,0,0,715,555,74,0,1344,0,0,0,1344
06/07/2003,PHL,PA,AEA,EN,Towers with Radar,595,363,21,0,979,0,0,0,0,0,595,363,21,0,979,0,0,0,979
06/08/2003,PHL,PA,AEA,EN,Towers with Radar,619,401,26,0,1046,0,0,0,0,0,619,401,26,0,1046,0,0,0,1046
06/09/2003,PHL,PA,AEA,EN,Towers with Radar,684,520,72,2,1278,0,1,2,0,3,684,521,74,2,1281,0,0,0,1281
06/10/2003,PHL,PA,AEA,EN,Towers with Radar,766,565,59,1,1391,0,0,2,0,2,766,565,61,1,1393,0,0,0,1393
06/11/2003,PHL,PA,AEA,EN,Towers with Radar,742,563,83,1,1389,0,0,2,0,2,742,563,85,1,1391,0,0,0,1391
06/12/2003,PHL,PA,AEA,EN,Towers with Radar,653,577,52,0,1282,0,1,0,0,1,653,578,52,0,1283,0,0,0,1283
06/13/2003,PHL,PA,AEA,EN,Towers with Radar,704,522,49,0,1275,0,0,0,0,0,704,522,49,0,1275,0,0,0,1275
06/14/2003,PHL,PA,AEA,EN,Towers with Radar,610,438,33,0,1081,0,0,0,0,0,610,438,33,0,1081,0,0,0,1081
06/15/2003,PHL,PA,AEA,EN,Towers with Radar,605,426,31,1,1063,0,0,1,0,1,605,426,32,1,1064,0,0,0,1064
06/16/2003,PHL,PA,AEA,EN,Towers with Radar,651,506,42,0,1199,0,0,4,0,4,651,506,46,0,1203,0,0,0,1203
06/17/2003,PHL,PA,AEA,EN,Towers with Radar,814,615,59,0,1488,0,1,10,0,11,814,616,69,0,1499,0,0,0,1499
06/18/2003,PHL,PA,AEA,EN,Towers with Radar,720,533,83,0,1336,0,0,0,0,0,720,533,83,0,1336,0,0,0,1336
06/19/2003,PHL,PA,AEA,EN,Towers with Radar,748,580,86,0,1414,0,0,0,0,0,748,580,86,0,1414,0,0,0,1414
06/20/2003,PHL,PA,AEA,EN,Towers with Radar,685,519,58,3,1265,0,0,0,0,0,685,519,58,3,1265,0,0,0,1265
06/21/2003,PHL,PA,AEA,EN,Towers with Radar,640,439,32,1,1112,0,0,0,0,0,640,439,32,1,1112,0,0,0,1112
06/22/2003,PHL,PA,AEA,EN,Towers with Radar,650,440,35,0,1125,0,0,0,0,0,650,440,35,0,1125,0,0,0,1125
06/23/2003,PHL,PA,AEA,EN,Towers with Radar,664,499,60,0,1223,0,0,2,0,2,664,499,62,0,1225,0,0,0,1225
06/24/2003,PHL,PA,AEA,EN,Towers with Radar,742,601,87,1,1431,0,11,1,0,12,742,612,88,1,1443,0,0,0,1443
06/25/2003,PHL,PA,AEA,EN,Towers with Radar,854,472,68,0,1394,0,0,1,0,1,854,472,69,0,1395,0,0,0,1395
06/26/2003,PHL,PA,AEA,EN,Towers with Radar,722,599,69,2,1392,0,0,3,0,3,722,599,72,2,1395,0,0,0,1395
06/27/2003,PHL,PA,AEA,EN,Towers with Radar,815,558,91,1,1465,0,0,0,0,0,815,558,91,1,1465,0,0,0,1465
06/28/2003,PHL,PA,AEA,EN,Towers with Radar,617,469,25,0,1111,0,0,3,0,3,617,469,28,0,1114,0,0,0,1114
06/29/2003,PHL,PA,AEA,EN,Towers with Radar,811,551,61,1,1424,0,0,0,0,0,811,551,61,1,1424,0,0,0,1424
06/30/2003,PHL,PA,AEA,EN,Towers with Radar,653,510,61,0,1224,0,0,2,0,2,653,510,63,0,1226,0,0,0,1226
07/01/2003,PHL,PA,AEA,EN,Towers with Radar,699,576,64,2,1341,31,68,0,0,99,730,644,64,2,1440,0,0,0,1440
07/02/2003,PHL,PA,AEA,EN,Towers with Radar,688,528,79,1,1296,15,0,0,0,15,703,528,79,1,1311,0,0,0,1311
07/03/2003,PHL,PA,AEA,EN,Towers with Radar,689,526,67,0,1282,66,48,1,0,115,755,574,68,0,1397,0,0,0,1397
07/04/2003,PHL,PA,AEA,EN,Towers with Radar,527,376,30,0,933,47,7,0,0,54,574,383,30,0,987,0,0,0,987
07/05/2003,PHL,PA,AEA,EN,Towers with Radar,558,348,11,0,917,72,13,5,0,90,630,361,16,0,1007,0,0,0,1007
07/06/2003,PHL,PA,AEA,EN,Towers with Radar,569,402,27,0,998,79,0,0,0,79,648,402,27,0,1077,0,0,0,1077
07/07/2003,PHL,PA,AEA,EN,Towers with Radar,627,497,26,1,1151,25,11,0,0,36,652,508,26,1,1187,0,0,0,1187
07/08/2003,PHL,PA,AEA,EN,Towers with Radar,685,554,42,0,1281,40,38,0,0,78,725,592,42,0,1359,0,0,0,1359
07/09/2003,PHL,PA,AEA,EN,Towers with Radar,694,571,48,0,1313,29,9,0,0,38,723,580,48,0,1351,0,0,0,1351
07/10/2003,PHL,PA,AEA,EN,Towers with Radar,686,563,81,1,1331,0,2,0,0,2,686,565,81,1,1333,0,0,0,1333
07/11/2003,PHL,PA,AEA,EN,Towers with Radar,696,561,64,2,1323,26,15,9,0,50,722,576,73,2,1373,0,0,0,1373
07/12/2003,PHL,PA,AEA,EN,Towers with Radar,601,374,28,2,1005,82,0,0,0,82,683,374,28,2,1087,0,0,0,1087
07/13/2003,PHL,PA,AEA,EN,Towers with Radar,590,435,43,1,1069,43,0,0,1,44,633,435,43,2,1113,0,0,0,1113
07/14/2003,PHL,PA,AEA,EN,Towers with Radar,659,493,54,5,1211,9,0,0,0,9,668,493,54,5,1220,0,0,0,1220
07/15/2003,PHL,PA,AEA,EN,Towers with Radar,707,563,78,0,1348,32,19,0,0,51,739,582,78,0,1399,0,0,0,1399
07/16/2003,PHL,PA,AEA,EN,Towers with Radar,708,572,57,0,1337,26,33,11,0,70,734,605,68,0,1407,0,0,0,1407
07/17/2003,PHL,PA,AEA,EN,Towers with Radar,679,579,73,1,1332,0,28,0,0,28,679,607,73,1,1360,0,0,0,1360
07/18/2003,PHL,PA,AEA,EN,Towers with Radar,692,555,77,0,1324,28,43,5,0,76,720,598,82,0,1400,0,0,0,1400
07/19/2003,PHL,PA,AEA,EN,Towers with Radar,595,415,18,0,1028,64,26,0,0,90,659,441,18,0,1118,0,0,0,1118
07/20/2003,PHL,PA,AEA,EN,Towers with Radar,601,435,38,0,1074,32,0,0,1,33,633,435,38,1,1107,0,0,0,1107
07/21/2003,PHL,PA,AEA,EN,Towers with Radar,589,462,53,0,1104,0,21,0,0,21,589,483,53,0,1125,0,0,0,1125
07/22/2003,PHL,PA,AEA,EN,Towers with Radar,594,428,54,5,1081,74,65,0,0,139,668,493,54,5,1220,0,0,0,1220
07/23/2003,PHL,PA,AEA,EN,Towers with Radar,726,571,83,2,1382,55,20,12,0,87,781,591,95,2,1469,0,0,0,1469
07/24/2003,PHL,PA,AEA,EN,Towers with Radar,714,576,61,2,1353,40,63,0,0,103,754,639,61,2,1456,0,0,0,1456
07/25/2003,PHL,PA,AEA,EN,Towers with Radar,684,545,67,0,1296,96,0,0,0,96,780,545,67,0,1392,0,0,0,1392
07/26/2003,PHL,PA,AEA,EN,Towers with Radar,511,358,36,0,905,114,100,0,0,214,625,458,36,0,1119,0,0,0,1119
07/27/2003,PHL,PA,AEA,EN,Towers with Radar,584,442,52,0,1078,29,0,2,0,31,613,442,54,0,1109,0,0,0,1109
07/28/2003,PHL,PA,AEA,EN,Towers with Radar,663,523,70,0,1256,0,10,7,0,17,663,533,77,0,1273,0,0,0,1273
07/29/2003,PHL,PA,AEA,EN,Towers with Radar,688,590,75,0,1353,0,52,0,0,52,688,642,75,0,1405,0,0,0,1405
07/30/2003,PHL,PA,AEA,EN,Towers with Radar,688,588,62,0,1338,10,10,0,0,20,698,598,62,0,1358,0,0,0,1358
07/31/2003,PHL,PA,AEA,EN,Towers with Radar,678,574,56,0,1308,18,22,23,0,63,696,596,79,0,1371,0,0,0,1371
08/01/2003,PHL,PA,AEA,EN,Towers with Radar,652,473,56,1,1182,22,0,14,2,38,674,473,70,3,1220,0,0,0,1220
08/02/2003,PHL,PA,AEA,EN,Towers with Radar,590,411,20,2,1023,0,0,24,0,24,590,411,44,2,1047,2,0,2,1049
08/03/2003,PHL,PA,AEA,EN,Towers with Radar,575,411,32,2,1020,15,0,12,0,27,590,411,44,2,1047,0,0,0,1047
08/04/2003,PHL,PA,AEA,EN,Towers with Radar,660,498,56,0,1214,0,14,3,0,17,660,512,59,0,1231,0,0,0,1231
08/05/2003,PHL,PA,AEA,EN,Towers with Radar,678,520,63,1,1262,17,64,13,0,94,695,584,76,1,1356,0,0,0,1356
08/06/2003,PHL,PA,AEA,EN,Towers with Radar,691,596,81,2,1370,0,8,0,0,8,691,604,81,2,1378,0,0,0,1378
08/07/2003,PHL,PA,AEA,EN,Towers with Radar,705,536,71,0,1312,23,22,4,0,49,728,558,75,0,1361,0,0,0,1361
08/08/2003,PHL,PA,AEA,EN,Towers with Radar,693,563,30,0,1286,79,33,15,0,127,772,596,45,0,1413,0,0,0,1413
08/09/2003,PHL,PA,AEA,EN,Towers with Radar,597,415,27,0,1039,62,0,5,0,67,659,415,32,0,1106,0,0,0,1106
08/10/2003,PHL,PA,AEA,EN,Towers with Radar,592,435,24,0,1051,19,0,0,0,19,611,435,24,0,1070,0,0,0,1070
08/11/2003,PHL,PA,AEA,EN,Towers with Radar,597,474,51,0,1122,0,0,4,0,4,597,474,55,0,1126,0,0,0,1126
08/12/2003,PHL,PA,AEA,EN,Towers with Radar,710,554,49,0,1313,1,18,0,0,19,711,572,49,0,1332,0,0,0,1332
08/13/2003,PHL,PA,AEA,EN,Towers with Radar,708,570,55,0,1333,11,43,0,0,54,719,613,55,0,1387,0,0,0,1387
08/14/2003,PHL,PA,AEA,EN,Towers with Radar,710,568,69,0,1347,28,6,16,0,50,738,574,85,0,1397,0,0,0,1397
08/15/2003,PHL,PA,AEA,EN,Towers with Radar,692,539,52,0,1283,92,0,3,0,95,784,539,55,0,1378,0,0,0,1378
08/16/2003,PHL,PA,AEA,EN,Towers with Radar,562,311,18,0,891,69,6,9,0,84,631,317,27,0,975,0,0,0,975
08/17/2003,PHL,PA,AEA,EN,Towers with Radar,606,437,43,0,1086,155,116,4,0,275,761,553,47,0,1361,0,0,0,1361
08/18/2003,PHL,PA,AEA,EN,Towers with Radar,663,520,36,0,1219,104,81,28,0,213,767,601,64,0,1432,0,0,0,1432
08/19/2003,PHL,PA,AEA,EN,Towers with Radar,708,571,57,0,1336,3,45,5,0,53,711,616,62,0,1389,0,0,0,1389
08/20/2003,PHL,PA,AEA,EN,Towers with Radar,704,569,57,0,1330,38,5,0,0,43,742,574,57,0,1373,0,0,0,1373
08/21/2003,PHL,PA,AEA,EN,Towers with Radar,709,575,71,0,1355,11,10,17,0,38,720,585,88,0,1393,0,0,0,1393
08/22/2003,PHL,PA,AEA,EN,Towers with Radar,677,522,42,0,1241,17,0,0,0,17,694,522,42,0,1258,0,0,0,1258
08/23/2003,PHL,PA,AEA,EN,Towers with Radar,593,408,34,0,1035,67,22,12,0,101,660,430,46,0,1136,0,0,0,1136
08/24/2003,PHL,PA,AEA,EN,Towers with Radar,583,425,47,0,1055,0,0,25,0,25,583,425,72,0,1080,0,0,0,1080
08/25/2003,PHL,PA,AEA,EN,Towers with Radar,605,469,81,0,1155,0,0,16,0,16,605,469,97,0,1171,0,0,0,1171
08/26/2003,PHL,PA,AEA,EN,Towers with Radar,692,553,52,0,1297,19,63,10,0,92,711,616,62,0,1389,0,0,0,1389
08/27/2003,PHL,PA,AEA,EN,Towers with Radar,690,565,56,3,1314,58,2,3,0,63,748,567,59,3,1377,0,0,0,1377
08/28/2003,PHL,PA,AEA,EN,Towers with Radar,708,589,70,0,1367,65,38,10,0,113,773,627,80,0,1480,0,0,0,1480
08/29/2003,PHL,PA,AEA,EN,Towers with Radar,681,505,31,0,1217,27,39,0,0,66,708,544,31,0,1283,0,0,0,1283
08/30/2003,PHL,PA,AEA,EN,Towers with Radar,581,360,37,0,978,46,44,7,0,97,627,404,44,0,1075,0,0,0,1075
08/31/2003,PHL,PA,AEA,EN,Towers with Radar,550,362,30,0,942,55,12,0,0,67,605,374,30,0,1009,0,0,0,1009
09/01/2003,PHL,PA,AEA,EN,Towers with Radar,644,453,22,0,1119,0,0,0,0,0,644,453,22,0,1119,0,0,0,1119
09/02/2003,PHL,PA,AEA,EN,Towers with Radar,691,504,54,0,1249,0,0,0,0,0,691,504,54,0,1249,0,0,0,1249
09/03/2003,PHL,PA,AEA,EN,Towers with Radar,643,607,42,0,1292,0,0,0,0,0,643,607,42,0,1292,0,0,0,1292
09/04/2003,PHL,PA,AEA,EN,Towers with Radar,685,557,64,0,1306,0,0,0,0,0,685,557,64,0,1306,0,0,0,1306
09/05/2003,PHL,PA,AEA,EN,Towers with Radar,710,608,64,1,1383,0,0,2,0,2,710,608,66,1,1385,0,0,0,1385
09/06/2003,PHL,PA,AEA,EN,Towers with Radar,588,441,32,1,1062,0,0,0,0,0,588,441,32,1,1062,0,0,0,1062
09/07/2003,PHL,PA,AEA,EN,Towers with Radar,606,406,50,3,1065,0,0,1,0,1,606,406,51,3,1066,0,0,0,1066
09/08/2003,PHL,PA,AEA,EN,Towers with Radar,634,519,108,5,1266,0,0,2,0,2,634,519,110,5,1268,0,0,0,1268
09/09/2003,PHL,PA,AEA,EN,Towers with Radar,696,599,115,2,1412,0,0,7,0,7,696,599,122,2,1419,0,0,0,1419
09/10/2003,PHL,PA,AEA,EN,Towers with Radar,773,605,102,0,1480,0,0,2,0,2,773,605,104,0,1482,0,0,0,1482
09/11/2003,PHL,PA,AEA,EN,Towers with Radar,727,503,116,0,1346,0,0,1,0,1,727,503,117,0,1347,0,0,0,1347
09/12/2003,PHL,PA,AEA,EN,Towers with Radar,709,549,53,0,1311,0,0,0,0,0,709,549,53,0,1311,0,0,0,1311
09/13/2003,PHL,PA,AEA,EN,Towers with Radar,638,360,25,4,1027,0,0,0,0,0,638,360,25,4,1027,0,0,0,1027
09/14/2003,PHL,PA,AEA,EN,Towers with Radar,616,421,46,2,1085,0,0,0,0,0,616,421,46,2,1085,0,0,0,1085
09/15/2003,PHL,PA,AEA,EN,Towers with Radar,559,397,47,1,1004,0,0,0,0,0,559,397,47,1,1004,0,0,0,1004
09/16/2003,PHL,PA,AEA,EN,Towers with Radar,803,667,46,0,1516,0,0,0,1,1,803,667,46,1,1517,0,0,0,1517
09/17/2003,PHL,PA,AEA,EN,Towers with Radar,769,642,83,0,1494,0,0,2,0,2,769,642,85,0,1496,0,0,0,1496
09/18/2003,PHL,PA,AEA,EN,Towers with Radar,564,433,39,0,1036,0,3,0,0,3,564,436,39,0,1039,0,0,0,1039
09/19/2003,PHL,PA,AEA,EN,Towers with Radar,643,495,32,0,1170,0,0,0,0,0,643,495,32,0,1170,0,0,0,1170
09/20/2003,PHL,PA,AEA,EN,Towers with Radar,642,369,32,0,1043,0,3,1,0,4,642,372,33,0,1047,0,0,0,1047
09/21/2003,PHL,PA,AEA,EN,Towers with Radar,611,410,50,0,1071,0,0,4,0,4,611,410,54,0,1075,0,0,0,1075
09/22/2003,PHL,PA,AEA,EN,Towers with Radar,668,475,51,1,1195,0,0,1,0,1,668,475,52,1,1196,0,0,0,1196
09/23/2003,PHL,PA,AEA,EN,Towers with Radar,712,596,86,0,1394,0,0,0,0,0,712,596,86,0,1394,0,0,0,1394
09/24/2003,PHL,PA,AEA,EN,Towers with Radar,760,596,111,0,1467,0,0,0,0,0,760,596,111,0,1467,0,0,0,1467
09/25/2003,PHL,PA,AEA,EN,Towers with Radar,642,564,101,0,1307,0,0,2,0,2,642,564,103,0,1309,0,0,0,1309
09/26/2003,PHL,PA,AEA,EN,Towers with Radar,375,275,44,0,694,0,0,0,0,0,375,275,44,0,694,0,0,0,694
09/27/2003,PHL,PA,AEA,EN,Towers with Radar,596,405,48,0,1049,0,0,0,0,0,596,405,48,0,1049,0,0,0,1049
09/28/2003,PHL,PA,AEA,EN,Towers with Radar,610,412,48,0,1070,0,0,0,0,0,610,412,48,0,1070,0,0,0,1070
09/29/2003,PHL,PA,AEA,EN,Towers with Radar,655,510,88,1,1254,0,0,8,13,21,655,510,96,14,1275,0,0,0,1275
09/30/2003,PHL,PA,AEA,EN,Towers with Radar,694,554,57,0,1305,0,0,24,8,32,694,554,81,8,1337,0,0,0,1337
10/01/2003,PHL,PA,AEA,EN,Towers with Radar,695,555,92,0,1342,0,0,0,6,6,695,555,92,6,1348,0,0,0,1348
10/02/2003,PHL,PA,AEA,EN,Towers with Radar,705,543,87,0,1335,0,0,20,3,23,705,543,107,3,1358,0,0,0,1358
10/03/2003,PHL,PA,AEA,EN,Towers with Radar,695,552,102,1,1350,5,0,10,4,19,700,552,112,5,1369,0,0,0,1369
10/04/2003,PHL,PA,AEA,EN,Towers with Radar,597,388,30,0,1015,0,2,6,2,10,597,390,36,2,1025,0,0,0,1025
10/05/2003,PHL,PA,AEA,EN,Towers with Radar,581,436,49,0,1066,0,7,0,3,10,581,443,49,3,1076,0,0,0,1076
10/06/2003,PHL,PA,AEA,EN,Towers with Radar,645,487,59,0,1191,0,0,0,11,11,645,487,59,11,1202,0,0,0,1202
10/07/2003,PHL,PA,AEA,EN,Towers with Radar,696,503,65,0,1264,0,58,36,8,102,696,561,101,8,1366,0,0,0,1366
10/08/2003,PHL,PA,AEA,EN,Towers with Radar,711,491,92,5,1299,0,42,6,2,50,711,533,98,7,1349,0,0,0,1349
10/09/2003,PHL,PA,AEA,EN,Towers with Radar,701,537,130,6,1374,0,4,0,19,23,701,541,130,25,1397,0,0,0,1397
10/10/2003,PHL,PA,AEA,EN,Towers with Radar,693,559,105,7,1364,0,0,0,3,3,693,559,105,10,1367,0,0,0,1367
10/11/2003,PHL,PA,AEA,EN,Towers with Radar,592,372,35,6,1005,0,4,0,10,14,592,376,35,16,1019,0,0,0,1019
10/12/2003,PHL,PA,AEA,EN,Towers with Radar,603,427,43,0,1073,0,0,2,0,2,603,427,45,0,1075,0,0,0,1075
10/13/2003,PHL,PA,AEA,EN,Towers with Radar,649,480,85,0,1214,0,7,0,9,16,649,487,85,9,1230,0,0,0,1230
10/14/2003,PHL,PA,AEA,EN,Towers with Radar,646,493,108,0,1247,37,0,3,9,49,683,493,111,9,1296,0,0,0,1296
10/15/2003,PHL,PA,AEA,EN,Towers with Radar,718,549,80,0,1347,0,0,0,7,7,718,549,80,7,1354,0,0,0,1354
10/16/2003,PHL,PA,AEA,EN,Towers with Radar,705,555,84,0,1344,0,14,6,11,31,705,569,90,11,1375,0,0,0,1375
10/17/2003,PHL,PA,AEA,EN,Towers with Radar,703,541,91,0,1335,0,0,0,4,4,703,541,91,4,1339,0,0,0,1339
10/18/2003,PHL,PA,AEA,EN,Towers with Radar,583,375,25,0,983,0,0,0,1,1,583,375,25,1,984,0,0,0,984
10/19/2003,PHL,PA,AEA,EN,Towers with Radar,575,426,61,0,1062,0,12,0,8,20,575,438,61,8,1082,0,0,0,1082
10/20/2003,PHL,PA,AEA,EN,Towers with Radar,643,482,57,0,1182,0,19,13,2,34,643,501,70,2,1216,0,0,0,1216
10/21/2003,PHL,PA,AEA,EN,Towers with Radar,671,521,85,1,1278,0,0,36,50,86,671,521,121,51,1364,0,0,0,1364
10/22/2003,PHL,PA,AEA,EN,Towers with Radar,690,544,87,1,1322,13,0,6,1,20,703,544,93,2,1342,0,0,0,1342
10/23/2003,PHL,PA,AEA,EN,Towers with Radar,713,555,87,0,1355,0,0,11,12,23,713,555,98,12,1378,0,0,0,1378
10/24/2003,PHL,PA,AEA,EN,Towers with Radar,679,551,85,1,1316,0,0,0,4,4,679,551,85,5,1320,0,0,0,1320
10/25/2003,PHL,PA,AEA,EN,Towers with Radar,575,395,54,0,1024,0,0,0,2,2,575,395,54,2,1026,0,0,0,1026
10/26/2003,PHL,PA,AEA,EN,Towers with Radar,575,458,78,0,1111,10,6,6,4,26,585,464,84,4,1137,0,0,0,1137
10/27/2003,PHL,PA,AEA,EN,Towers with Radar,621,431,67,2,1121,4,0,0,0,4,625,431,67,2,1125,0,0,0,1125
10/28/2003,PHL,PA,AEA,EN,Towers with Radar,635,560,130,0,1325,68,0,31,4,103,703,560,161,4,1428,0,0,0,1428
10/29/2003,PHL,PA,AEA,EN,Towers with Radar,680,528,122,3,1333,6,0,2,3,11,686,528,124,6,1344,0,0,0,1344
10/30/2003,PHL,PA,AEA,EN,Towers with Radar,693,554,130,1,1378,0,0,118,11,129,693,554,248,12,1507,0,0,0,1507
10/31/2003,PHL,PA,AEA,EN,Towers with Radar,677,536,136,5,1354,0,0,78,8,86,677,536,214,13,1440,0,0,0,1440
11/01/2003,PHL,PA,AEA,EN,Towers with Radar,582,419,175,0,1176,0,0,115,7,122,582,419,290,7,1298,0,0,0,1298
11/02/2003,PHL,PA,AEA,EN,Towers with Radar,576,457,88,0,1121,0,0,28,1,29,576,457,116,1,1150,0,0,0,1150
11/03/2003,PHL,PA,AEA,EN,Towers with Radar,630,467,57,1,1155,0,0,6,7,13,630,467,63,8,1168,0,0,0,1168
11/04/2003,PHL,PA,AEA,EN,Towers with Radar,672,495,59,2,1228,7,3,8,4,22,679,498,67,6,1250,0,0,0,1250
11/05/2003,PHL,PA,AEA,EN,Towers with Radar,698,477,69,9,1253,5,3,0,0,8,703,480,69,9,1261,0,0,0,1261
11/06/2003,PHL,PA,AEA,EN,Towers with Radar,703,542,83,10,1338,5,0,1,0,6,708,542,84,10,1344,0,0,0,1344
11/07/2003,PHL,PA,AEA,EN,Towers with Radar,680,525,88,2,1295,0,1,10,7,18,680,526,98,9,1313,0,0,0,1313
11/08/2003,PHL,PA,AEA,EN,Towers with Radar,593,402,36,0,1031,0,2,0,2,4,593,404,36,2,1035,0,0,0,1035
11/09/2003,PHL,PA,AEA,EN,Towers with Radar,602,442,52,3,1099,0,0,2,1,3,602,442,54,4,1102,0,0,0,1102
11/10/2003,PHL,PA,AEA,EN,Towers with Radar,646,464,82,8,1200,0,0,13,0,13,646,464,95,8,1213,0,0,0,1213
11/11/2003,PHL,PA,AEA,EN,Towers with Radar,699,524,99,0,1322,0,0,11,14,25,699,524,110,14,1347,0,0,0,1347
11/12/2003,PHL,PA,AEA,EN,Towers with Radar,649,465,79,0,1193,0,35,12,0,47,649,500,91,0,1240,0,0,0,1240
11/13/2003,PHL,PA,AEA,EN,Towers with Radar,697,510,64,2,1273,0,0,2,0,2,697,510,66,2,1275,0,0,0,1275
11/14/2003,PHL,PA,AEA,EN,Towers with Radar,697,528,60,0,1285,0,4,0,1,5,697,532,60,1,1290,0,0,0,1290
11/15/2003,PHL,PA,AEA,EN,Towers with Radar,588,408,31,2,1029,0,0,6,0,6,588,408,37,2,1035,0,0,0,1035
11/16/2003,PHL,PA,AEA,EN,Towers with Radar,596,435,48,0,1079,0,2,1,0,3,596,437,49,0,1082,0,0,0,1082
11/17/2003,PHL,PA,AEA,EN,Towers with Radar,646,485,75,0,1206,0,0,4,8,12,646,485,79,8,1218,0,0,0,1218
11/18/2003,PHL,PA,AEA,EN,Towers with Radar,694,537,73,1,1305,0,1,6,5,12,694,538,79,6,1317,0,0,0,1317
11/19/2003,PHL,PA,AEA,EN,Towers with Radar,666,452,62,3,1183,9,0,0,2,11,675,452,62,5,1194,0,0,0,1194
11/20/2003,PHL,PA,AEA,EN,Towers with Radar,687,568,76,6,1337,0,1,9,5,15,687,569,85,11,1352,0,0,0,1352
11/21/2003,PHL,PA,AEA,EN,Towers with Radar,699,535,89,0,1323,28,54,21,0,103,727,589,110,0,1426,0,0,0,1426
11/22/2003,PHL,PA,AEA,EN,Towers with Radar,589,394,49,4,1036,0,0,3,1,4,589,394,52,5,1040,0,0,0,1040
11/23/2003,PHL,PA,AEA,EN,Towers with Radar,588,431,48,2,1069,0,2,2,4,8,588,433,50,6,1077,0,0,0,1077
11/24/2003,PHL,PA,AEA,EN,Towers with Radar,647,474,44,0,1165,0,3,0,1,4,647,477,44,1,1169,0,0,0,1169
11/25/2003,PHL,PA,AEA,EN,Towers with Radar,728,539,91,0,1358,0,0,4,5,9,728,539,95,5,1367,0,0,0,1367
11/26/2003,PHL,PA,AEA,EN,Towers with Radar,710,535,57,1,1303,0,0,3,3,6,710,535,60,4,1309,0,0,0,1309
11/27/2003,PHL,PA,AEA,EN,Towers with Radar,562,405,25,0,992,0,0,0,3,3,562,405,25,3,995,0,0,0,995
11/28/2003,PHL,PA,AEA,EN,Towers with Radar,548,363,18,0,929,0,0,1,3,4,548,363,19,3,933,0,0,0,933
11/29/2003,PHL,PA,AEA,EN,Towers with Radar,603,409,23,0,1035,0,0,0,0,0,603,409,23,0,1035,0,0,0,1035
11/30/2003,PHL,PA,AEA,EN,Towers with Radar,601,455,77,0,1133,0,0,0,3,3,601,455,77,3,1136,0,0,0,1136
12/01/2003,PHL,PA,AEA,EN,Towers with Radar,650,470,53,0,1173,0,0,23,0,23,650,470,76,0,1196,0,0,0,1196
12/02/2003,PHL,PA,AEA,EN,Towers with Radar,696,550,82,1,1329,15,0,0,4,19,711,550,82,5,1348,0,0,0,1348
12/03/2003,PHL,PA,AEA,EN,Towers with Radar,720,544,54,0,1318,0,0,23,10,33,720,544,77,10,1351,0,0,0,1351
12/04/2003,PHL,PA,AEA,EN,Towers with Radar,678,549,61,1,1289,41,0,22,5,68,719,549,83,6,1357,0,0,0,1357
12/05/2003,PHL,PA,AEA,EN,Towers with Radar,514,319,35,0,868,10,0,0,4,14,524,319,35,4,882,0,0,0,882
12/06/2003,PHL,PA,AEA,EN,Towers with Radar,539,308,23,7,877,0,0,0,3,3,539,308,23,10,880,0,0,0,880
12/07/2003,PHL,PA,AEA,EN,Towers with Radar,568,401,54,3,1026,0,0,0,7,7,568,401,54,10,1033,0,0,0,1033
12/08/2003,PHL,PA,AEA,EN,Towers with Radar,631,459,91,0,1181,18,0,3,5,26,649,459,94,5,1207,0,0,0,1207
12/09/2003,PHL,PA,AEA,EN,Towers with Radar,704,534,59,0,1297,5,0,9,15,29,709,534,68,15,1326,0,0,0,1326
12/10/2003,PHL,PA,AEA,EN,Towers with Radar,696,541,59,0,1296,0,0,8,6,14,696,541,67,6,1310,0,0,0,1310
12/11/2003,PHL,PA,AEA,EN,Towers with Radar,697,533,64,0,1294,0,0,11,13,24,697,533,75,13,1318,0,0,0,1318
12/12/2003,PHL,PA,AEA,EN,Towers with Radar,705,528,56,0,1289,0,0,40,23,63,705,528,96,23,1352,0,0,0,1352
12/13/2003,PHL,PA,AEA,EN,Towers with Radar,522,354,31,0,907,77,47,0,2,126,599,401,31,2,1033,0,0,0,1033
12/14/2003,PHL,PA,AEA,EN,Towers with Radar,572,312,10,1,895,0,0,14,0,14,572,312,24,1,909,0,0,0,909
12/15/2003,PHL,PA,AEA,EN,Towers with Radar,628,440,50,0,1118,0,0,6,2,8,628,440,56,2,1126,0,0,0,1126
12/16/2003,PHL,PA,AEA,EN,Towers with Radar,730,544,84,0,1358,0,0,15,17,32,730,544,99,17,1390,0,0,0,1390
12/17/2003,PHL,PA,AEA,EN,Towers with Radar,727,506,66,2,1301,20,0,5,0,25,747,506,71,2,1326,0,0,0,1326
12/18/2003,PHL,PA,AEA,EN,Towers with Radar,728,540,53,3,1324,0,11,4,8,23,728,551,57,11,1347,0,0,0,1347
12/19/2003,PHL,PA,AEA,EN,Towers with Radar,734,534,77,0,1345,0,0,0,13,13,734,534,77,13,1358,0,0,0,1358
12/20/2003,PHL,PA,AEA,EN,Towers with Radar,622,417,40,0,1079,0,0,0,5,5,622,417,40,5,1084,0,0,0,1084
12/21/2003,PHL,PA,AEA,EN,Towers with Radar,595,429,36,0,1060,0,0,13,3,16,595,429,49,3,1076,0,0,0,1076
12/22/2003,PHL,PA,AEA,EN,Towers with Radar,658,475,60,1,1194,0,0,10,5,15,658,475,70,6,1209,0,0,0,1209
12/23/2003,PHL,PA,AEA,EN,Towers with Radar,754,520,38,0,1312,15,0,0,10,25,769,520,38,10,1337,0,0,0,1337
12/24/2003,PHL,PA,AEA,EN,Towers with Radar,688,472,20,0,1180,0,0,0,3,3,688,472,20,3,1183,0,0,0,1183
12/25/2003,PHL,PA,AEA,EN,Towers with Radar,468,422,14,1,905,54,0,0,6,60,522,422,14,7,965,0,0,0,965
12/26/2003,PHL,PA,AEA,EN,Towers with Radar,625,426,35,0,1086,2,0,0,9,11,627,426,35,9,1097,0,0,0,1097
12/27/2003,PHL,PA,AEA,EN,Towers with Radar,590,412,39,0,1041,0,0,10,4,14,590,412,49,4,1055,0,0,0,1055
12/28/2003,PHL,PA,AEA,EN,Towers with Radar,574,455,28,0,1057,0,0,10,2,12,574,455,38,2,1069,0,0,0,1069
12/29/2003,PHL,PA,AEA,EN,Towers with Radar,643,464,24,0,1131,0,0,0,3,3,643,464,24,3,1134,0,0,0,1134
12/30/2003,PHL,PA,AEA,EN,Towers with Radar,681,527,25,0,1233,8,0,0,4,12,689,527,25,4,1245,0,0,0,1245
12/31/2003,PHL,PA,AEA,EN,Towers with Radar,643,490,18,0,1151,0,0,18,9,27,643,490,36,9,1178,0,0,0,1178
01/01/2004,PHL,PA,AEA,EN,Towers with Radar,529,439,32,4,1004,0,0,0,0,0,529,439,32,4,1004,0,0,0,1004
01/02/2004,PHL,PA,AEA,EN,Towers with Radar,626,420,25,7,1078,0,0,0,0,0,626,420,25,7,1078,0,0,0,1078
01/03/2004,PHL,PA,AEA,EN,Towers with Radar,593,418,47,2,1060,0,0,0,0,0,593,418,47,2,1060,0,0,0,1060
01/04/2004,PHL,PA,AEA,EN,Towers with Radar,566,453,45,0,1064,0,0,0,0,0,566,453,45,0,1064,0,0,0,1064
01/05/2004,PHL,PA,AEA,EN,Towers with Radar,629,468,38,2,1137,0,0,0,0,0,629,468,38,2,1137,0,0,0,1137
01/06/2004,PHL,PA,AEA,EN,Towers with Radar,697,557,56,4,1314,0,0,0,0,0,697,557,56,4,1314,0,0,0,1314
01/07/2004,PHL,PA,AEA,EN,Towers with Radar,705,548,49,12,1314,0,0,0,0,0,705,548,49,12,1314,0,0,0,1314
01/08/2004,PHL,PA,AEA,EN,Towers with Radar,707,564,51,6,1328,0,0,0,0,0,707,564,51,6,1328,0,0,0,1328
01/09/2004,PHL,PA,AEA,EN,Towers with Radar,690,532,41,8,1271,0,0,0,0,0,690,532,41,8,1271,0,0,0,1271
01/10/2004,PHL,PA,AEA,EN,Towers with Radar,575,408,40,4,1027,0,0,0,0,0,575,408,40,4,1027,0,0,0,1027
01/11/2004,PHL,PA,AEA,EN,Towers with Radar,583,459,74,5,1121,0,0,0,0,0,583,459,74,5,1121,0,0,0,1121
01/12/2004,PHL,PA,AEA,EN,Towers with Radar,665,495,39,11,1210,0,0,0,0,0,665,495,39,11,1210,0,0,0,1210
01/13/2004,PHL,PA,AEA,EN,Towers with Radar,698,566,68,5,1337,0,0,0,0,0,698,566,68,5,1337,0,0,0,1337
01/14/2004,PHL,PA,AEA,EN,Towers with Radar,711,539,69,2,1321,0,0,0,0,0,711,539,69,2,1321,0,0,0,1321
01/15/2004,PHL,PA,AEA,EN,Towers with Radar,699,548,71,6,1324,0,0,0,0,0,699,548,71,6,1324,0,0,0,1324
01/16/2004,PHL,PA,AEA,EN,Towers with Radar,694,548,61,8,1311,0,0,0,0,0,694,548,61,8,1311,0,0,0,1311
01/17/2004,PHL,PA,AEA,EN,Towers with Radar,563,410,37,1,1011,0,0,0,0,0,563,410,37,1,1011,0,0,0,1011
01/18/2004,PHL,PA,AEA,EN,Towers with Radar,574,427,62,7,1070,0,0,0,0,0,574,427,62,7,1070,0,0,0,1070
01/19/2004,PHL,PA,AEA,EN,Towers with Radar,657,505,73,1,1236,0,0,0,0,0,657,505,73,1,1236,0,0,0,1236
01/20/2004,PHL,PA,AEA,EN,Towers with Radar,705,490,65,6,1266,0,0,0,0,0,705,490,65,6,1266,0,0,0,1266
01/21/2004,PHL,PA,AEA,EN,Towers with Radar,706,577,87,11,1381,0,0,0,0,0,706,577,87,11,1381,0,0,0,1381
01/22/2004,PHL,PA,AEA,EN,Towers with Radar,694,570,66,15,1345,0,0,0,0,0,694,570,66,15,1345,0,0,0,1345
01/23/2004,PHL,PA,AEA,EN,Towers with Radar,689,557,55,7,1308,0,0,0,0,0,689,557,55,7,1308,0,0,0,1308
01/24/2004,PHL,PA,AEA,EN,Towers with Radar,580,407,12,4,1003,0,0,0,0,0,580,407,12,4,1003,0,0,0,1003
01/25/2004,PHL,PA,AEA,EN,Towers with Radar,571,417,23,1,1012,0,0,0,0,0,571,417,23,1,1012,0,0,0,1012
01/26/2004,PHL,PA,AEA,EN,Towers with Radar,593,363,41,0,997,0,0,0,0,0,593,363,41,0,997,0,0,0,997
01/27/2004,PHL,PA,AEA,EN,Towers with Radar,595,360,30,1,986,0,0,0,0,0,595,360,30,1,986,0,0,0,986
01/28/2004,PHL,PA,AEA,EN,Towers with Radar,698,539,66,5,1308,0,0,0,0,0,698,539,66,5,1308,0,0,0,1308
01/29/2004,PHL,PA,AEA,EN,Towers with Radar,684,559,69,13,1325,0,0,0,0,0,684,559,69,13,1325,0,0,0,1325
01/30/2004,PHL,PA,AEA,EN,Towers with Radar,597,380,19,1,997,0,0,0,0,0,597,380,19,1,997,0,0,0,997
01/31/2004,PHL,PA,AEA,EN,Towers with Radar,578,404,21,14,1017,0,0,0,0,0,578,404,21,14,1017,0,0,0,1017
02/01/2004,PHL,PA,AEA,EN,Towers with Radar,610,292,32,0,934,0,0,18,0,18,610,292,50,0,952,0,0,0,952
02/02/2004,PHL,PA,AEA,EN,Towers with Radar,603,379,49,0,1031,0,0,0,0,0,603,379,49,0,1031,0,0,0,1031
02/03/2004,PHL,PA,AEA,EN,Towers with Radar,639,461,29,0,1129,0,0,27,2,29,639,461,56,2,1158,0,0,0,1158
02/04/2004,PHL,PA,AEA,EN,Towers with Radar,694,533,64,0,1291,0,0,3,3,6,694,533,67,3,1297,0,0,0,1297
02/05/2004,PHL,PA,AEA,EN,Towers with Radar,729,539,56,0,1324,22,0,14,7,43,751,539,70,7,1367,0,0,0,1367
02/06/2004,PHL,PA,AEA,EN,Towers with Radar,647,483,50,0,1180,107,31,48,3,189,754,514,98,3,1369,0,0,0,1369
02/07/2004,PHL,PA,AEA,EN,Towers with Radar,620,421,28,0,1069,3,20,25,0,48,623,441,53,0,1117,0,0,0,1117
02/08/2004,PHL,PA,AEA,EN,Towers with Radar,625,286,26,0,937,1,0,0,0,1,626,286,26,0,938,0,0,0,938
02/09/2004,PHL,PA,AEA,EN,Towers with Radar,634,334,46,0,1014,0,0,2,2,4,634,334,48,2,1018,0,0,0,1018
02/10/2004,PHL,PA,AEA,EN,Towers with Radar,687,389,45,0,1121,0,0,0,1,1,687,389,45,1,1122,0,0,0,1122
02/11/2004,PHL,PA,AEA,EN,Towers with Radar,750,519,49,0,1318,79,0,33,4,116,829,519,82,4,1434,0,0,0,1434
02/12/2004,PHL,PA,AEA,EN,Towers with Radar,729,497,86,0,1312,94,0,0,2,96,823,497,86,2,1408,0,0,0,1408
02/13/2004,PHL,PA,AEA,EN,Towers with Radar,718,543,65,0,1326,85,0,39,0,124,803,543,104,0,1450,0,0,0,1450
02/14/2004,PHL,PA,AEA,EN,Towers with Radar,614,437,16,0,1067,146,96,41,4,287,760,533,57,4,1354,0,0,0,1354
02/15/2004,PHL,PA,AEA,EN,Towers with Radar,654,362,13,0,1029,43,0,56,2,101,697,362,69,2,1130,0,0,0,1130
02/16/2004,PHL,PA,AEA,EN,Towers with Radar,213,70,16,0,299,0,0,0,0,0,213,70,16,0,299,0,0,0,299
02/17/2004,PHL,PA,AEA,EN,Towers with Radar,715,503,72,0,1290,20,0,0,0,20,735,503,72,0,1310,0,0,0,1310
02/18/2004,PHL,PA,AEA,EN,Towers with Radar,507,290,57,0,854,0,0,0,0,0,507,290,57,0,854,0,0,0,854
02/19/2004,PHL,PA,AEA,EN,Towers with Radar,681,545,66,0,1292,132,11,0,0,143,813,556,66,0,1435,0,0,0,1435
02/20/2004,PHL,PA,AEA,EN,Towers with Radar,689,561,71,0,1321,0,21,0,4,25,689,582,71,4,1346,0,0,0,1346
02/21/2004,PHL,PA,AEA,EN,Towers with Radar,603,393,44,0,1040,123,148,26,2,299,726,541,70,2,1339,0,0,0,1339
02/22/2004,PHL,PA,AEA,EN,Towers with Radar,585,285,16,0,886,0,0,0,4,4,585,285,16,4,890,0,0,0,890
02/23/2004,PHL,PA,AEA,EN,Towers with Radar,557,265,36,0,858,0,0,0,0,0,557,265,36,0,858,0,0,0,858
02/24/2004,PHL,PA,AEA,EN,Towers with Radar,678,477,44,0,1199,0,0,22,2,24,678,477,66,2,1223,0,0,0,1223
02/25/2004,PHL,PA,AEA,EN,Towers with Radar,697,492,56,0,1245,0,0,25,0,25,697,492,81,0,1270,0,0,0,1270
02/26/2004,PHL,PA,AEA,EN,Towers with Radar,614,413,65,0,1092,0,0,10,0,10,614,413,75,0,1102,0,0,0,1102
02/27/2004,PHL,PA,AEA,EN,Towers with Radar,716,545,54,0,1315,0,0,25,2,27,716,545,79,2,1342,0,0,0,1342
02/28/2004,PHL,PA,AEA,EN,Towers with Radar,642,426,39,0,1107,63,108,6,4,181,705,534,45,4,1288,0,0,0,1288
02/29/2004,PHL,PA,AEA,EN,Towers with Radar,0,0,0,0,0,0,0,0,0,0,601,450,0,0,1051,0,0,0,1117
03/01/2004,PHL,PA,AEA,EN,Towers with Radar,644,488,55,0,1187,0,0,7,5,12,644,488,62,5,1199,0,0,0,1199
03/02/2004,PHL,PA,AEA,EN,Towers with Radar,708,542,55,0,1305,0,3,28,6,37,708,545,83,6,1342,0,0,0,1342
03/03/2004,PHL,PA,AEA,EN,Towers with Radar,721,551,60,0,1332,0,13,10,10,33,721,564,70,10,1365,0,0,0,1365
03/04/2004,PHL,PA,AEA,EN,Towers with Radar,692,558,63,0,1313,0,28,4,5,37,692,586,67,5,1350,0,0,0,1350
03/05/2004,PHL,PA,AEA,EN,Towers with Radar,722,502,68,2,1294,0,22,10,3,35,722,524,78,5,1329,0,0,0,1329
03/06/2004,PHL,PA,AEA,EN,Towers with Radar,612,406,31,0,1049,0,2,0,0,2,612,408,31,0,1051,0,0,0,1051
03/07/2004,PHL,PA,AEA,EN,Towers with Radar,593,441,35,2,1071,0,9,0,3,12,593,450,35,5,1083,0,0,0,1083
03/08/2004,PHL,PA,AEA,EN,Towers with Radar,660,485,48,0,1193,0,0,0,5,5,660,485,48,5,1198,0,0,0,1198
03/09/2004,PHL,PA,AEA,EN,Towers with Radar,711,553,47,0,1311,0,0,0,7,7,711,553,47,7,1318,0,0,0,1318
03/10/2004,PHL,PA,AEA,EN,Towers with Radar,712,550,66,2,1330,0,4,3,7,14,712,554,69,9,1344,0,0,0,1344
03/11/2004,PHL,PA,AEA,EN,Towers with Radar,694,564,91,1,1350,0,0,0,0,0,694,564,91,1,1350,0,0,0,1350
03/12/2004,PHL,PA,AEA,EN,Towers with Radar,699,525,76,0,1300,0,0,1,13,14,699,525,77,13,1314,0,0,0,1314
03/13/2004,PHL,PA,AEA,EN,Towers with Radar,613,421,39,0,1073,6,0,2,1,9,619,421,41,1,1082,0,0,0,1082
03/14/2004,PHL,PA,AEA,EN,Towers with Radar,605,446,44,1,1096,0,0,3,2,5,605,446,47,3,1101,0,0,0,1101
03/15/2004,PHL,PA,AEA,EN,Towers with Radar,674,500,62,4,1240,0,0,0,0,0,674,500,62,4,1240,0,0,0,1240
03/16/2004,PHL,PA,AEA,EN,Towers with Radar,633,421,38,0,1092,23,0,11,1,35,656,421,49,1,1127,0,0,0,1127
03/17/2004,PHL,PA,AEA,EN,Towers with Radar,727,538,61,5,1331,0,0,0,1,1,727,538,61,6,1332,0,0,0,1332
03/18/2004,PHL,PA,AEA,EN,Towers with Radar,703,532,79,0,1314,2,0,16,10,28,705,532,95,10,1342,0,0,0,1342
03/19/2004,PHL,PA,AEA,EN,Towers with Radar,688,534,61,0,1283,0,0,10,3,13,688,534,71,3,1296,0,0,0,1296
03/20/2004,PHL,PA,AEA,EN,Towers with Radar,600,420,35,2,1057,0,1,2,3,6,600,421,37,5,1063,0,0,0,1063
03/21/2004,PHL,PA,AEA,EN,Towers with Radar,606,451,49,0,1106,0,0,0,8,8,606,451,49,8,1114,0,0,0,1114
03/22/2004,PHL,PA,AEA,EN,Towers with Radar,652,495,62,0,1209,13,0,17,7,37,665,495,79,7,1246,0,0,0,1246
03/23/2004,PHL,PA,AEA,EN,Towers with Radar,716,527,57,0,1300,0,0,10,4,14,716,527,67,4,1314,0,0,0,1314
03/24/2004,PHL,PA,AEA,EN,Towers with Radar,699,564,80,0,1343,0,2,23,12,37,699,566,103,12,1380,0,0,0,1380
03/25/2004,PHL,PA,AEA,EN,Towers with Radar,734,575,81,0,1390,0,0,0,0,0,734,575,81,0,1390,0,0,0,1390
03/26/2004,PHL,PA,AEA,EN,Towers with Radar,681,549,70,20,1320,0,0,23,0,23,681,549,93,20,1343,0,0,0,1343
03/27/2004,PHL,PA,AEA,EN,Towers with Radar,622,431,43,0,1096,0,0,0,0,0,622,431,43,0,1096,0,0,0,1096
03/28/2004,PHL,PA,AEA,EN,Towers with Radar,557,439,37,0,1033,46,23,9,8,86,603,462,46,8,1119,0,0,0,1119
03/29/2004,PHL,PA,AEA,EN,Towers with Radar,665,490,69,0,1224,0,16,3,5,24,665,506,72,5,1248,0,0,0,1248
03/30/2004,PHL,PA,AEA,EN,Towers with Radar,710,530,51,0,1291,9,0,20,5,34,719,530,71,5,1325,0,0,0,1325
03/31/2004,PHL,PA,AEA,EN,Towers with Radar,702,567,52,0,1321,0,0,0,0,0,702,567,52,0,1321,0,0,0,1321
04/01/2004,PHL,PA,AEA,EN,Towers with Radar,737,544,52,0,1333,0,0,0,0,0,737,544,52,0,1333,0,0,0,1333
04/02/2004,PHL,PA,AEA,EN,Towers with Radar,732,560,66,0,1358,0,0,0,0,0,732,560,66,0,1358,0,0,0,1358
04/03/2004,PHL,PA,AEA,EN,Towers with Radar,617,460,34,1,1112,0,0,0,0,0,617,460,34,1,1112,0,0,0,1112
04/04/2004,PHL,PA,AEA,EN,Towers with Radar,605,445,23,0,1073,0,0,1,0,1,605,445,24,0,1074,0,0,0,1074
04/05/2004,PHL,PA,AEA,EN,Towers with Radar,664,503,57,9,1233,0,0,0,0,0,664,503,57,9,1233,0,0,0,1233
04/06/2004,PHL,PA,AEA,EN,Towers with Radar,730,575,82,4,1391,0,0,0,0,0,730,575,82,4,1391,0,0,0,1391
04/07/2004,PHL,PA,AEA,EN,Towers with Radar,732,584,77,4,1397,0,4,0,3,7,732,588,77,7,1404,0,0,0,1404
04/08/2004,PHL,PA,AEA,EN,Towers with Radar,722,578,75,11,1386,0,0,0,0,0,722,578,75,11,1386,0,0,0,1386
04/09/2004,PHL,PA,AEA,EN,Towers with Radar,688,547,43,1,1279,3,0,0,0,3,691,547,43,1,1282,0,0,0,1282
04/10/2004,PHL,PA,AEA,EN,Towers with Radar,585,429,35,0,1049,0,0,0,0,0,585,429,35,0,1049,0,0,0,1049
04/11/2004,PHL,PA,AEA,EN,Towers with Radar,603,458,30,1,1092,0,0,0,0,0,603,458,30,1,1092,0,0,0,1092
04/12/2004,PHL,PA,AEA,EN,Towers with Radar,649,492,87,6,1234,6,0,5,0,11,655,492,92,6,1245,0,0,0,1245
04/13/2004,PHL,PA,AEA,EN,Towers with Radar,724,493,71,1,1289,3,0,1,0,4,727,493,72,1,1293,0,0,0,1293
04/14/2004,PHL,PA,AEA,EN,Towers with Radar,736,591,69,2,1398,0,0,2,0,2,736,591,71,2,1400,0,0,0,1400
04/15/2004,PHL,PA,AEA,EN,Towers with Radar,736,578,84,5,1403,6,3,0,0,9,742,581,84,5,1412,0,0,0,1412
04/16/2004,PHL,PA,AEA,EN,Towers with Radar,401,304,59,0,764,331,306,0,0,637,732,610,59,0,1401,0,0,0,1401
04/17/2004,PHL,PA,AEA,EN,Towers with Radar,591,455,52,5,1103,0,0,0,0,0,591,455,52,5,1103,0,0,0,1103
04/18/2004,PHL,PA,AEA,EN,Towers with Radar,602,459,63,6,1130,3,0,0,0,3,605,459,63,6,1133,0,0,0,1133
04/19/2004,PHL,PA,AEA,EN,Towers with Radar,687,552,88,0,1327,0,0,1,0,1,687,552,89,0,1328,0,0,0,1328
04/20/2004,PHL,PA,AEA,EN,Towers with Radar,768,604,81,2,1455,0,0,2,0,2,768,604,83,2,1457,0,0,0,1457
04/21/2004,PHL,PA,AEA,EN,Towers with Radar,717,542,90,3,1352,0,2,0,0,2,717,544,90,3,1354,0,0,0,1354
04/22/2004,PHL,PA,AEA,EN,Towers with Radar,731,548,103,9,1391,0,0,0,0,0,731,548,103,9,1391,0,0,0,1391
04/23/2004,PHL,PA,AEA,EN,Towers with Radar,674,570,78,4,1326,2,1,3,0,6,676,571,81,4,1332,0,0,0,1332
04/24/2004,PHL,PA,AEA,EN,Towers with Radar,596,450,34,2,1082,0,0,0,0,0,596,450,34,2,1082,0,0,0,1082
04/25/2004,PHL,PA,AEA,EN,Towers with Radar,609,471,49,1,1130,0,0,0,3,3,609,471,49,4,1133,0,0,0,1133
04/26/2004,PHL,PA,AEA,EN,Towers with Radar,652,471,40,3,1166,0,0,1,0,1,652,471,41,3,1167,0,0,0,1167
04/27/2004,PHL,PA,AEA,EN,Towers with Radar,778,54,69,0,901,0,500,0,0,500,778,554,69,0,1401,0,0,0,1401
04/28/2004,PHL,PA,AEA,EN,Towers with Radar,398,300,40,0,738,348,281,12,0,641,746,581,52,0,1379,0,0,0,1379
04/29/2004,PHL,PA,AEA,EN,Towers with Radar,719,596,87,3,1405,0,0,0,0,0,719,596,87,3,1405,0,0,0,1405
04/30/2004,PHL,PA,AEA,EN,Towers with Radar,697,542,89,7,1335,0,0,0,0,0,697,542,89,7,1335,0,0,0,1335
05/01/2004,PHL,PA,AEA,EN,Towers with Radar,590,453,34,0,1077,0,0,0,9,9,590,453,34,9,1086,0,0,0,1086
05/02/2004,PHL,PA,AEA,EN,Towers with Radar,625,464,46,0,1135,0,0,19,3,22,625,464,65,3,1157,0,0,0,1157
05/03/2004,PHL,PA,AEA,EN,Towers with Radar,675,433,38,0,1146,0,27,9,1,37,675,460,47,1,1183,0,0,0,1183
05/04/2004,PHL,PA,AEA,EN,Towers with Radar,723,571,70,1,1365,0,0,8,6,14,723,571,78,7,1379,0,0,0,1379
05/05/2004,PHL,PA,AEA,EN,Towers with Radar,589,80,1,0,670,138,496,89,8,731,727,576,90,8,1401,0,0,0,1401
05/06/2004,PHL,PA,AEA,EN,Towers with Radar,728,589,72,4,1393,0,0,27,4,31,728,589,99,8,1424,0,0,0,1424
05/07/2004,PHL,PA,AEA,EN,Towers with Radar,702,490,78,1,1271,0,41,0,8,49,702,531,78,9,1320,0,0,0,1320
05/08/2004,PHL,PA,AEA,EN,Towers with Radar,595,441,32,0,1068,3,0,0,9,12,598,441,32,9,1080,0,0,0,1080
05/09/2004,PHL,PA,AEA,EN,Towers with Radar,606,422,34,0,1062,19,23,0,1,43,625,445,34,1,1105,0,0,0,1105
05/10/2004,PHL,PA,AEA,EN,Towers with Radar,691,517,56,0,1264,0,0,10,5,15,691,517,66,5,1279,0,0,0,1279
05/11/2004,PHL,PA,AEA,EN,Towers with Radar,725,591,77,0,1393,0,0,1,11,12,725,591,78,11,1405,0,0,0,1405
05/12/2004,PHL,PA,AEA,EN,Towers with Radar,730,533,76,0,1339,29,0,27,3,59,759,533,103,3,1398,0,0,0,1398
05/13/2004,PHL,PA,AEA,EN,Towers with Radar,741,562,93,0,1396,0,0,9,1,10,741,562,102,1,1406,0,0,0,1406
05/14/2004,PHL,PA,AEA,EN,Towers with Radar,723,524,71,0,1318,0,0,5,8,13,723,524,76,8,1331,0,0,0,1331
05/15/2004,PHL,PA,AEA,EN,Towers with Radar,630,456,34,0,1120,0,0,0,9,9,630,456,34,9,1129,0,0,0,1129
05/16/2004,PHL,PA,AEA,EN,Towers with Radar,643,471,57,0,1171,0,0,10,4,14,643,471,67,4,1185,0,0,0,1185
05/17/2004,PHL,PA,AEA,EN,Towers with Radar,616,416,67,0,1099,0,0,18,17,35,616,416,85,17,1134,0,0,0,1134
05/18/2004,PHL,PA,AEA,EN,Towers with Radar,742,525,54,0,1321,0,0,7,6,13,742,525,61,6,1334,0,0,0,1334
05/19/2004,PHL,PA,AEA,EN,Towers with Radar,667,466,60,0,1193,142,141,21,0,304,809,607,81,0,1497,0,0,0,1497
05/20/2004,PHL,PA,AEA,EN,Towers with Radar,472,362,59,0,893,0,0,0,4,4,472,362,59,4,897,0,0,0,897
05/21/2004,PHL,PA,AEA,EN,Towers with Radar,678,496,57,0,1231,0,0,0,3,3,678,496,57,3,1234,0,0,0,1234
05/22/2004,PHL,PA,AEA,EN,Towers with Radar,642,443,48,0,1133,0,0,0,0,0,642,443,48,0,1133,0,0,0,1133
05/23/2004,PHL,PA,AEA,EN,Towers with Radar,631,457,43,0,1131,0,0,0,2,2,631,457,43,2,1133,0,0,0,1133
05/24/2004,PHL,PA,AEA,EN,Towers with Radar,714,503,65,0,1282,0,0,0,5,5,714,503,65,5,1287,0,0,0,1287
05/25/2004,PHL,PA,AEA,EN,Towers with Radar,746,577,77,0,1400,11,0,3,9,23,757,577,80,9,1423,0,0,0,1423
05/26/2004,PHL,PA,AEA,EN,Towers with Radar,744,557,87,0,1388,0,0,0,3,3,744,557,87,3,1391,0,0,0,1391
05/27/2004,PHL,PA,AEA,EN,Towers with Radar,761,663,98,0,1522,0,0,0,0,0,761,663,98,0,1522,0,0,0,1522
05/28/2004,PHL,PA,AEA,EN,Towers with Radar,479,342,63,0,884,0,0,0,0,0,479,342,63,0,884,0,0,0,884
05/29/2004,PHL,PA,AEA,EN,Towers with Radar,633,417,38,0,1088,0,4,0,2,6,633,421,38,2,1094,0,0,0,1094
05/30/2004,PHL,PA,AEA,EN,Towers with Radar,584,373,25,0,982,0,0,0,0,0,584,373,25,0,982,0,0,0,982
05/31/2004,PHL,PA,AEA,EN,Towers with Radar,656,453,34,0,1143,4,11,0,4,19,660,464,34,4,1162,0,0,0,1162
06/01/2004,PHL,PA,AEA,EN,Towers with Radar,724,464,64,4,1256,0,4,7,0,11,724,468,71,4,1267,0,0,0,1267
06/02/2004,PHL,PA,AEA,EN,Towers with Radar,751,545,89,2,1387,0,0,9,8,17,751,545,98,10,1404,0,0,0,1404
06/03/2004,PHL,PA,AEA,EN,Towers with Radar,761,539,66,1,1367,0,0,30,7,37,761,539,96,8,1404,0,0,0,1404
06/04/2004,PHL,PA,AEA,EN,Towers with Radar,747,526,89,4,1366,0,21,0,3,24,747,547,89,7,1390,0,0,0,1390
06/05/2004,PHL,PA,AEA,EN,Towers with Radar,627,421,28,0,1076,20,0,0,4,24,647,421,28,4,1100,0,0,0,1100
06/06/2004,PHL,PA,AEA,EN,Towers with Radar,648,438,53,0,1139,0,7,0,6,13,648,445,53,6,1152,0,0,0,1152
06/07/2004,PHL,PA,AEA,EN,Towers with Radar,725,519,61,0,1305,0,0,0,1,1,725,519,61,1,1306,0,0,0,1306
06/08/2004,PHL,PA,AEA,EN,Towers with Radar,751,591,80,0,1422,0,0,18,5,23,751,591,98,5,1445,0,0,0,1445
06/09/2004,PHL,PA,AEA,EN,Towers with Radar,749,521,86,0,1356,0,24,0,7,31,749,545,86,7,1387,0,0,0,1387
06/10/2004,PHL,PA,AEA,EN,Towers with Radar,760,559,57,0,1376,2,0,16,7,25,762,559,73,7,1401,0,0,0,1401
06/11/2004,PHL,PA,AEA,EN,Towers with Radar,856,515,101,0,1472,0,0,0,0,0,856,515,101,0,1472,0,0,0,1472
06/12/2004,PHL,PA,AEA,EN,Towers with Radar,623,465,37,0,1125,0,0,5,6,11,623,465,42,6,1136,0,0,0,1136
06/13/2004,PHL,PA,AEA,EN,Towers with Radar,647,475,65,0,1187,0,0,0,2,2,647,475,65,2,1189,0,0,0,1189
06/14/2004,PHL,PA,AEA,EN,Towers with Radar,641,440,77,0,1158,0,0,1,6,7,641,440,78,6,1165,0,0,0,1165
06/15/2004,PHL,PA,AEA,EN,Towers with Radar,629,510,62,0,1201,123,18,14,1,156,752,528,76,1,1357,0,0,0,1357
06/16/2004,PHL,PA,AEA,EN,Towers with Radar,773,524,107,0,1404,0,0,0,5,5,773,524,107,5,1409,0,0,0,1409
06/17/2004,PHL,PA,AEA,EN,Towers with Radar,653,434,55,0,1142,0,12,34,11,57,653,446,89,11,1199,0,0,0,1199
06/18/2004,PHL,PA,AEA,EN,Towers with Radar,816,541,85,0,1442,0,0,10,7,17,816,541,95,7,1459,0,0,0,1459
06/19/2004,PHL,PA,AEA,EN,Towers with Radar,620,444,28,0,1092,0,0,5,2,7,620,444,33,2,1099,0,0,0,1099
06/20/2004,PHL,PA,AEA,EN,Towers with Radar,657,447,44,0,1148,0,19,11,6,36,657,466,55,6,1184,0,0,0,1184
06/21/2004,PHL,PA,AEA,EN,Towers with Radar,705,497,55,2,1259,0,3,16,6,25,705,500,71,8,1284,0,0,0,1284
06/22/2004,PHL,PA,AEA,EN,Towers with Radar,731,598,69,1,1399,37,0,13,4,54,768,598,82,5,1453,0,0,0,1453
06/23/2004,PHL,PA,AEA,EN,Towers with Radar,777,564,68,0,1409,0,0,10,19,29,777,564,78,19,1438,0,0,0,1438
06/24/2004,PHL,PA,AEA,EN,Towers with Radar,786,586,66,0,1438,0,0,38,4,42,786,586,104,4,1480,0,0,0,1480
06/25/2004,PHL,PA,AEA,EN,Towers with Radar,751,507,79,0,1337,0,34,0,5,39,751,541,79,5,1376,0,0,0,1376
06/26/2004,PHL,PA,AEA,EN,Towers with Radar,623,423,38,0,1084,0,0,11,0,11,623,423,49,0,1095,0,0,0,1095
06/27/2004,PHL,PA,AEA,EN,Towers with Radar,659,450,53,0,1162,0,0,2,4,6,659,450,55,4,1168,0,0,0,1168
06/28/2004,PHL,PA,AEA,EN,Towers with Radar,727,448,67,0,1242,0,53,15,1,69,727,501,82,1,1311,0,0,0,1311
06/29/2004,PHL,PA,AEA,EN,Towers with Radar,754,623,73,0,1450,0,0,0,0,0,754,623,73,0,1450,0,0,0,1450
06/30/2004,PHL,PA,AEA,EN,Towers with Radar,481,356,57,1,895,0,0,0,3,3,481,356,57,4,898,0,0,0,898
07/01/2004,PHL,PA,AEA,EN,Towers with Radar,819,570,69,1,1459,0,0,0,0,0,819,570,69,1,1459,0,0,0,1459
07/02/2004,PHL,PA,AEA,EN,Towers with Radar,763,541,52,1,1357,0,0,0,1,1,763,541,52,2,1358,0,0,0,1358
07/03/2004,PHL,PA,AEA,EN,Towers with Radar,609,402,24,0,1035,0,0,1,4,5,609,402,25,4,1040,0,0,0,1040
07/04/2004,PHL,PA,AEA,EN,Towers with Radar,580,361,30,1,972,0,16,7,1,24,580,377,37,2,996,0,0,0,996
07/05/2004,PHL,PA,AEA,EN,Towers with Radar,698,450,42,0,1190,0,14,4,3,21,698,464,46,3,1211,0,0,0,1211
07/06/2004,PHL,PA,AEA,EN,Towers with Radar,764,499,69,0,1332,0,3,15,10,28,764,502,84,10,1360,0,0,0,1360
07/07/2004,PHL,PA,AEA,EN,Towers with Radar,702,402,40,0,1144,0,33,24,3,60,702,435,64,3,1204,0,0,0,1204
07/08/2004,PHL,PA,AEA,EN,Towers with Radar,835,594,80,0,1509,0,0,8,6,14,835,594,88,6,1523,0,0,0,1523
07/09/2004,PHL,PA,AEA,EN,Towers with Radar,780,540,55,0,1375,0,0,0,9,9,780,540,55,9,1384,0,0,0,1384
07/10/2004,PHL,PA,AEA,EN,Towers with Radar,655,432,36,0,1123,0,0,0,6,6,655,432,36,6,1129,0,0,0,1129
07/11/2004,PHL,PA,AEA,EN,Towers with Radar,677,480,29,0,1186,0,3,20,0,23,677,483,49,0,1209,0,0,0,1209
07/12/2004,PHL,PA,AEA,EN,Towers with Radar,628,312,33,0,973,34,0,6,1,41,662,312,39,1,1014,0,0,0,1014
07/13/2004,PHL,PA,AEA,EN,Towers with Radar,835,553,54,0,1442,0,0,25,9,34,835,553,79,9,1476,0,0,0,1476
07/14/2004,PHL,PA,AEA,EN,Towers with Radar,685,375,54,0,1114,0,0,0,1,1,685,375,54,1,1115,0,0,0,1115
07/15/2004,PHL,PA,AEA,EN,Towers with Radar,821,551,59,0,1431,0,0,18,9,27,821,551,77,9,1458,0,0,0,1458
07/16/2004,PHL,PA,AEA,EN,Towers with Radar,726,490,61,1,1278,0,27,0,6,33,726,517,61,7,1311,0,0,0,1311
07/17/2004,PHL,PA,AEA,EN,Towers with Radar,647,341,24,1,1013,0,99,0,0,99,647,440,24,1,1112,0,0,0,1112
07/18/2004,PHL,PA,AEA,EN,Towers with Radar,664,410,13,2,1089,24,27,15,0,66,688,437,28,2,1155,0,0,0,1155
07/19/2004,PHL,PA,AEA,EN,Towers with Radar,754,478,56,0,1288,0,0,25,3,28,754,478,81,3,1316,0,0,0,1316
07/20/2004,PHL,PA,AEA,EN,Towers with Radar,761,546,73,1,1381,42,0,9,7,58,803,546,82,8,1439,0,0,0,1439
07/21/2004,PHL,PA,AEA,EN,Towers with Radar,802,561,67,0,1430,0,0,3,8,11,802,561,70,8,1441,0,0,0,1441
07/22/2004,PHL,PA,AEA,EN,Towers with Radar,777,530,47,0,1354,0,0,43,24,67,777,530,90,24,1421,0,0,0,1421
07/23/2004,PHL,PA,AEA,EN,Towers with Radar,733,432,55,0,1220,0,0,0,5,5,733,432,55,5,1225,0,0,0,1225
07/24/2004,PHL,PA,AEA,EN,Towers with Radar,667,430,35,0,1132,0,0,2,4,6,667,430,37,4,1138,0,0,0,1138
07/25/2004,PHL,PA,AEA,EN,Towers with Radar,685,445,49,0,1179,0,1,3,2,6,685,446,52,2,1185,0,0,0,1185
07/26/2004,PHL,PA,AEA,EN,Towers with Radar,759,470,73,0,1302,0,4,10,4,18,759,474,83,4,1320,0,0,0,1320
07/27/2004,PHL,PA,AEA,EN,Towers with Radar,635,388,43,0,1066,7,0,24,1,32,642,388,67,1,1098,0,0,0,1098
07/28/2004,PHL,PA,AEA,EN,Towers with Radar,825,505,93,0,1423,0,0,0,0,0,825,505,93,0,1423,0,0,0,1423
07/29/2004,PHL,PA,AEA,EN,Towers with Radar,427,263,58,1,749,0,0,0,2,2,427,263,58,3,751,0,0,0,751
07/30/2004,PHL,PA,AEA,EN,Towers with Radar,806,527,61,0,1394,0,0,17,5,22,806,527,78,5,1416,0,0,0,1416
07/31/2004,PHL,PA,AEA,EN,Towers with Radar,639,390,25,0,1054,0,34,0,3,37,639,424,25,3,1091,0,0,0,1091
08/01/2004,PHL,PA,AEA,EN,Towers with Radar,639,359,26,0,1024,0,8,0,1,9,639,367,26,1,1033,0,0,0,1033
08/02/2004,PHL,PA,AEA,EN,Towers with Radar,723,448,45,0,1216,0,0,6,2,8,723,448,51,2,1224,0,0,0,1224
08/03/2004,PHL,PA,AEA,EN,Towers with Radar,787,457,64,0,1308,26,61,5,5,97,813,518,69,5,1405,0,0,0,1405
08/04/2004,PHL,PA,AEA,EN,Towers with Radar,787,457,66,0,1310,0,0,0,0,0,787,457,66,0,1310,0,0,0,1310
08/05/2004,PHL,PA,AEA,EN,Towers with Radar,999,557,63,0,1619,8,0,0,0,8,1007,557,63,0,1627,0,0,0,1627
08/06/2004,PHL,PA,AEA,EN,Towers with Radar,865,532,49,0,1446,0,6,9,0,15,865,538,58,0,1461,0,0,0,1461
08/07/2004,PHL,PA,AEA,EN,Towers with Radar,719,393,32,0,1144,0,0,7,0,7,719,393,39,0,1151,0,0,0,1151
08/08/2004,PHL,PA,AEA,EN,Towers with Radar,794,360,51,0,1205,0,0,0,0,0,794,360,51,0,1205,0,0,0,1205
08/09/2004,PHL,PA,AEA,EN,Towers with Radar,760,466,48,0,1274,63,0,0,0,63,823,466,48,0,1337,0,0,0,1337
08/10/2004,PHL,PA,AEA,EN,Towers with Radar,817,539,77,0,1433,0,0,0,0,0,817,539,77,0,1433,0,0,0,1433
08/11/2004,PHL,PA,AEA,EN,Towers with Radar,843,545,93,0,1481,0,0,1,0,1,843,545,94,0,1482,0,0,0,1482
08/12/2004,PHL,PA,AEA,EN,Towers with Radar,835,459,64,1,1359,0,0,0,0,0,835,459,64,1,1359,0,0,0,1359
08/13/2004,PHL,PA,AEA,EN,Towers with Radar,849,605,64,0,1518,0,0,0,0,0,849,605,64,0,1518,0,0,0,1518
08/14/2004,PHL,PA,AEA,EN,Towers with Radar,661,456,25,0,1142,0,0,0,0,0,661,456,25,0,1142,0,0,0,1142
08/15/2004,PHL,PA,AEA,EN,Towers with Radar,708,444,47,0,1199,0,0,0,0,0,708,444,47,0,1199,0,0,0,1199
08/16/2004,PHL,PA,AEA,EN,Towers with Radar,771,480,41,1,1293,0,0,0,0,0,771,480,41,1,1293,0,0,0,1293
08/17/2004,PHL,PA,AEA,EN,Towers with Radar,812,575,45,3,1435,0,0,0,0,0,812,575,45,3,1435,0,0,0,1435
08/18/2004,PHL,PA,AEA,EN,Towers with Radar,839,573,78,0,1490,0,0,0,0,0,839,573,78,0,1490,0,0,0,1490
08/19/2004,PHL,PA,AEA,EN,Towers with Radar,885,535,61,3,1484,0,0,1,0,1,885,535,62,3,1485,0,0,0,1485
08/20/2004,PHL,PA,AEA,EN,Towers with Radar,803,550,38,1,1392,0,0,0,0,0,803,550,38,1,1392,0,0,0,1392
08/21/2004,PHL,PA,AEA,EN,Towers with Radar,751,397,28,1,1177,0,0,0,0,0,751,397,28,1,1177,0,0,0,1177
08/22/2004,PHL,PA,AEA,EN,Towers with Radar,733,435,27,0,1195,0,0,0,3,3,733,435,27,3,1198,0,0,0,1198
08/23/2004,PHL,PA,AEA,EN,Towers with Radar,804,472,48,4,1328,0,0,0,4,4,804,472,48,8,1332,0,0,0,1332
08/24/2004,PHL,PA,AEA,EN,Towers with Radar,852,536,64,0,1452,0,0,0,0,0,852,536,64,0,1452,0,0,0,1452
08/25/2004,PHL,PA,AEA,EN,Towers with Radar,818,559,81,0,1458,0,0,0,0,0,818,559,81,0,1458,0,0,0,1458
08/26/2004,PHL,PA,AEA,EN,Towers with Radar,900,595,73,0,1568,0,0,0,0,0,900,595,73,0,1568,0,0,0,1568
08/27/2004,PHL,PA,AEA,EN,Towers with Radar,764,529,74,0,1367,0,0,4,0,4,764,529,78,0,1371,0,0,0,1371
08/28/2004,PHL,PA,AEA,EN,Towers with Radar,677,440,41,0,1158,0,0,2,0,2,677,440,43,0,1160,0,0,0,1160
08/29/2004,PHL,PA,AEA,EN,Towers with Radar,712,444,42,0,1198,0,0,0,0,0,712,444,42,0,1198,0,0,0,1198
08/30/2004,PHL,PA,AEA,EN,Towers with Radar,644,382,26,1,1053,0,0,0,0,0,644,382,26,1,1053,0,0,0,1053
08/31/2004,PHL,PA,AEA,EN,Towers with Radar,825,574,74,3,1476,0,0,0,0,0,825,574,74,3,1476,0,0,0,1476
09/01/2004,PHL,PA,AEA,EN,Towers with Radar,831,582,70,1,1484,0,0,0,0,0,831,582,70,1,1484,0,0,0,1484
09/02/2004,PHL,PA,AEA,EN,Towers with Radar,824,570,52,0,1446,0,0,2,0,2,824,570,54,0,1448,0,0,0,1448
09/03/2004,PHL,PA,AEA,EN,Towers with Radar,791,609,61,0,1461,0,0,4,0,4,791,609,65,0,1465,0,0,0,1465
09/04/2004,PHL,PA,AEA,EN,Towers with Radar,606,384,35,0,1025,0,0,0,0,0,606,384,35,0,1025,0,0,0,1025
09/05/2004,PHL,PA,AEA,EN,Towers with Radar,632,357,27,0,1016,0,0,0,0,0,632,357,27,0,1016,0,0,0,1016
09/06/2004,PHL,PA,AEA,EN,Towers with Radar,693,428,24,0,1145,0,0,1,0,1,693,428,25,0,1146,0,0,0,1146
09/07/2004,PHL,PA,AEA,EN,Towers with Radar,768,504,72,0,1344,0,0,0,0,0,768,504,72,0,1344,0,0,0,1344
09/08/2004,PHL,PA,AEA,EN,Towers with Radar,821,563,75,0,1459,0,0,0,0,0,821,563,75,0,1459,0,0,0,1459
09/09/2004,PHL,PA,AEA,EN,Towers with Radar,814,565,46,0,1425,0,0,0,0,0,814,565,46,0,1425,0,0,0,1425
09/10/2004,PHL,PA,AEA,EN,Towers with Radar,833,545,68,0,1446,0,0,0,0,0,833,545,68,0,1446,0,0,0,1446
09/11/2004,PHL,PA,AEA,EN,Towers with Radar,637,415,50,0,1102,0,0,0,0,0,637,415,50,0,1102,0,0,0,1102
09/12/2004,PHL,PA,AEA,EN,Towers with Radar,753,388,70,0,1211,0,0,11,0,11,753,388,81,0,1222,0,0,0,1222
09/13/2004,PHL,PA,AEA,EN,Towers with Radar,768,433,80,0,1281,0,0,8,0,8,768,433,88,0,1289,0,0,0,1289
09/14/2004,PHL,PA,AEA,EN,Towers with Radar,818,618,80,0,1516,0,0,2,0,2,818,618,82,0,1518,0,0,0,1518
09/15/2004,PHL,PA,AEA,EN,Towers with Radar,809,595,102,0,1506,0,0,1,0,1,809,595,103,0,1507,0,0,0,1507
09/16/2004,PHL,PA,AEA,EN,Towers with Radar,796,544,99,2,1441,0,0,1,0,1,796,544,100,2,1442,0,0,0,1442
09/17/2004,PHL,PA,AEA,EN,Towers with Radar,780,563,85,0,1428,0,0,0,0,0,780,563,85,0,1428,0,0,0,1428
09/18/2004,PHL,PA,AEA,EN,Towers with Radar,677,383,48,0,1108,0,0,0,0,0,677,383,48,0,1108,0,0,0,1108
09/19/2004,PHL,PA,AEA,EN,Towers with Radar,736,428,61,0,1225,0,0,0,0,0,736,428,61,0,1225,0,0,0,1225
09/20/2004,PHL,PA,AEA,EN,Towers with Radar,770,500,79,0,1349,0,0,3,0,3,770,500,82,0,1352,0,0,0,1352
09/21/2004,PHL,PA,AEA,EN,Towers with Radar,798,578,91,0,1467,0,0,3,0,3,798,578,94,0,1470,0,0,0,1470
09/22/2004,PHL,PA,AEA,EN,Towers with Radar,831,596,63,0,1490,0,0,0,0,0,831,596,63,0,1490,0,0,0,1490
09/23/2004,PHL,PA,AEA,EN,Towers with Radar,761,616,59,0,1436,0,1,1,0,2,761,617,60,0,1438,0,0,0,1438
09/24/2004,PHL,PA,AEA,EN,Towers with Radar,872,567,67,0,1506,0,0,0,0,0,872,567,67,0,1506,0,0,0,1506
09/25/2004,PHL,PA,AEA,EN,Towers with Radar,606,435,30,0,1071,0,0,1,0,1,606,435,31,0,1072,0,0,0,1072
09/26/2004,PHL,PA,AEA,EN,Towers with Radar,662,439,51,0,1152,0,0,1,0,1,662,439,52,0,1153,0,0,0,1153
09/27/2004,PHL,PA,AEA,EN,Towers with Radar,671,474,57,0,1202,0,0,1,0,1,671,474,58,0,1203,0,0,0,1203
09/28/2004,PHL,PA,AEA,EN,Towers with Radar,673,456,43,0,1172,0,0,0,0,0,673,456,43,0,1172,0,0,0,1172
09/29/2004,PHL,PA,AEA,EN,Towers with Radar,894,590,92,0,1576,0,0,0,0,0,894,590,92,0,1576,0,0,0,1576
09/30/2004,PHL,PA,AEA,EN,Towers with Radar,737,484,92,0,1313,0,0,1,0,1,737,484,93,0,1314,0,0,0,1314
10/01/2004,PHL,PA,AEA,EN,Towers with Radar,785,578,86,2,1451,0,3,17,6,26,785,581,103,8,1477,0,0,0,1477
10/02/2004,PHL,PA,AEA,EN,Towers with Radar,636,434,53,0,1123,2,0,5,1,8,638,434,58,1,1131,0,0,0,1131
10/03/2004,PHL,PA,AEA,EN,Towers with Radar,708,483,44,2,1237,0,3,0,2,5,708,486,44,4,1242,0,0,0,1242
10/04/2004,PHL,PA,AEA,EN,Towers with Radar,763,557,56,1,1377,6,1,13,4,24,769,558,69,5,1401,0,0,0,1401
10/05/2004,PHL,PA,AEA,EN,Towers with Radar,832,603,70,4,1509,1,0,3,18,22,833,603,73,22,1531,0,0,0,1531
10/06/2004,PHL,PA,AEA,EN,Towers with Radar,798,624,118,3,1543,0,14,11,14,39,798,638,129,17,1582,0,0,0,1582
10/07/2004,PHL,PA,AEA,EN,Towers with Radar,820,593,88,1,1502,0,3,13,5,21,820,596,101,6,1523,0,0,0,1523
10/08/2004,PHL,PA,AEA,EN,Towers with Radar,815,586,85,0,1486,2,7,9,8,26,817,593,94,8,1512,0,0,0,1512
10/09/2004,PHL,PA,AEA,EN,Towers with Radar,655,457,26,4,1142,0,0,0,3,3,655,457,26,7,1145,0,0,0,1145
10/10/2004,PHL,PA,AEA,EN,Towers with Radar,696,478,70,1,1245,0,2,2,2,6,696,480,72,3,1251,0,0,0,1251
10/11/2004,PHL,PA,AEA,EN,Towers with Radar,772,533,82,1,1388,0,8,8,2,18,772,541,90,3,1406,0,0,0,1406
10/12/2004,PHL,PA,AEA,EN,Towers with Radar,826,557,81,2,1466,0,8,17,3,28,826,565,98,5,1494,0,0,0,1494
10/13/2004,PHL,PA,AEA,EN,Towers with Radar,811,589,69,1,1470,0,9,8,4,21,811,598,77,5,1491,0,0,0,1491
10/14/2004,PHL,PA,AEA,EN,Towers with Radar,787,584,76,1,1448,6,0,5,2,13,793,584,81,3,1461,0,0,0,1461
10/15/2004,PHL,PA,AEA,EN,Towers with Radar,782,578,83,0,1443,1,0,6,0,7,783,578,89,0,1450,0,0,0,1450
10/16/2004,PHL,PA,AEA,EN,Towers with Radar,667,455,32,0,1154,0,0,0,1,1,667,455,32,1,1155,0,0,0,1155
10/17/2004,PHL,PA,AEA,EN,Towers with Radar,716,500,58,1,1275,0,0,0,0,0,716,500,58,1,1275,0,0,0,1275
10/18/2004,PHL,PA,AEA,EN,Towers with Radar,763,537,79,1,1380,0,6,3,13,22,763,543,82,14,1402,0,0,0,1402
10/19/2004,PHL,PA,AEA,EN,Towers with Radar,750,495,41,5,1291,16,4,0,1,21,766,499,41,6,1312,0,0,0,1312
10/20/2004,PHL,PA,AEA,EN,Towers with Radar,853,625,60,0,1538,0,0,0,0,0,853,625,60,0,1538,0,0,0,1538
10/21/2004,PHL,PA,AEA,EN,Towers with Radar,862,557,67,17,1503,0,5,16,8,29,862,562,83,25,1532,0,0,0,1532
10/22/2004,PHL,PA,AEA,EN,Towers with Radar,889,552,77,3,1521,0,6,24,1,31,889,558,101,4,1552,0,0,0,1552
10/23/2004,PHL,PA,AEA,EN,Towers with Radar,717,435,20,0,1172,0,2,20,1,23,717,437,40,1,1195,0,0,0,1195
10/24/2004,PHL,PA,AEA,EN,Towers with Radar,756,452,46,0,1254,1,1,9,0,11,757,453,55,0,1265,0,0,0,1265
10/25/2004,PHL,PA,AEA,EN,Towers with Radar,806,490,68,1,1365,0,1,19,10,30,806,491,87,11,1395,0,0,0,1395
10/26/2004,PHL,PA,AEA,EN,Towers with Radar,868,542,72,2,1484,0,1,16,5,22,868,543,88,7,1506,0,0,0,1506
10/27/2004,PHL,PA,AEA,EN,Towers with Radar,882,566,74,1,1523,0,0,27,9,36,882,566,101,10,1559,0,0,0,1559
10/28/2004,PHL,PA,AEA,EN,Towers with Radar,888,529,72,2,1491,0,13,25,8,46,888,542,97,10,1537,0,0,0,1537
10/29/2004,PHL,PA,AEA,EN,Towers with Radar,889,536,75,3,1503,0,2,8,2,12,889,538,83,5,1515,0,0,0,1515
10/30/2004,PHL,PA,AEA,EN,Towers with Radar,689,396,29,1,1115,0,0,1,1,2,689,396,30,2,1117,0,0,0,1117
10/31/2004,PHL,PA,AEA,EN,Towers with Radar,775,465,42,0,1282,0,0,15,0,15,775,465,57,0,1297,0,0,0,1297
11/01/2004,PHL,PA,AEA,EN,Combined TRACON& Tower with Radar,811,469,61,0,1341,0,1,20,3,24,811,470,81,3,1365,0,0,0,1365
11/02/2004,PHL,PA,AEA,EN,Combined TRACON& Tower with Radar,903,535,85,0,1523,0,3,17,2,22,903,538,102,2,1545,0,0,0,1545
11/03/2004,PHL,PA,AEA,EN,Combined TRACON& Tower with Radar,896,552,84,6,1538,0,2,21,6,29,896,554,105,12,1567,0,0,0,1567
11/04/2004,PHL,PA,AEA,EN,Combined TRACON& Tower with Radar,819,467,65,3,1354,0,1,5,0,6,819,468,70,3,1360,0,0,0,1360
11/05/2004,PHL,PA,AEA,EN,Combined TRACON& Tower with Radar,975,553,48,1,1577,0,1,8,1,10,975,554,56,2,1587,0,0,0,1587
11/06/2004,PHL,PA,AEA,EN,Combined TRACON& Tower with Radar,729,423,24,1,1177,0,3,19,0,22,729,426,43,1,1199,0,0,0,1199
11/07/2004,PHL,PA,AEA,EN,Combined TRACON& Tower with Radar,781,453,52,2,1288,0,2,18,4,24,781,455,70,6,1312,0,0,0,1312
11/08/2004,PHL,PA,AEA,EN,Combined TRACON& Tower with Radar,870,505,68,0,1443,0,2,19,4,25,870,507,87,4,1468,0,0,0,1468
11/09/2004,PHL,PA,AEA,EN,Combined TRACON& Tower with Radar,926,576,79,2,1583,0,8,27,4,39,926,584,106,6,1622,0,0,0,1622
11/10/2004,PHL,PA,AEA,EN,Combined TRACON& Tower with Radar,937,583,76,0,1596,0,2,34,3,39,937,585,110,3,1635,0,0,0,1635
11/11/2004,PHL,PA,AEA,EN,Combined TRACON& Tower with Radar,947,562,64,4,1577,0,2,30,2,34,947,564,94,6,1611,0,0,0,1611
11/12/2004,PHL,PA,AEA,EN,Combined TRACON& Tower with Radar,836,376,35,3,1250,0,0,4,1,5,836,376,39,4,1255,0,0,0,1255
11/13/2004,PHL,PA,AEA,EN,Combined TRACON& Tower with Radar,825,456,18,0,1299,0,0,15,0,15,825,456,33,0,1314,0,0,0,1314
11/14/2004,PHL,PA,AEA,EN,Combined TRACON& Tower with Radar,798,457,27,0,1282,0,1,15,2,18,798,458,42,2,1300,0,0,0,1300
11/15/2004,PHL,PA,AEA,EN,Combined TRACON& Tower with Radar,865,523,62,0,1450,0,1,21,9,31,865,524,83,9,1481,0,0,0,1481
11/16/2004,PHL,PA,AEA,EN,Combined TRACON& Tower with Radar,933,580,83,1,1597,0,5,18,9,32,933,585,101,10,1629,0,0,0,1629
11/17/2004,PHL,PA,AEA,EN,Combined TRACON& Tower with Radar,945,584,77,0,1606,0,3,41,13,57,945,587,118,13,1663,0,0,0,1663
11/18/2004,PHL,PA,AEA,EN,Combined TRACON& Tower with Radar,940,591,65,1,1597,0,4,22,14,40,940,595,87,15,1637,0,0,0,1637
11/19/2004,PHL,PA,AEA,EN,Combined TRACON& Tower with Radar,944,596,78,2,1620,0,3,22,8,33,944,599,100,10,1653,0,0,0,1653
11/20/2004,PHL,PA,AEA,EN,Combined TRACON& Tower with Radar,771,431,25,0,1227,0,1,6,2,9,771,432,31,2,1236,0,0,0,1236
11/21/2004,PHL,PA,AEA,EN,Combined TRACON& Tower with Radar,795,448,42,0,1285,0,1,2,0,3,795,449,44,0,1288,0,0,0,1288
11/22/2004,PHL,PA,AEA,EN,Combined TRACON& Tower with Radar,847,486,66,1,1400,0,3,16,0,19,847,489,82,1,1419,0,0,0,1419
11/23/2004,PHL,PA,AEA,EN,Combined TRACON& Tower with Radar,947,526,67,2,1542,0,4,15,7,26,947,530,82,9,1568,0,0,0,1568
11/24/2004,PHL,PA,AEA,EN,Combined TRACON& Tower with Radar,875,444,55,1,1375,0,0,0,0,0,875,444,55,1,1375,0,0,0,1375
11/25/2004,PHL,PA,AEA,EN,Combined TRACON& Tower with Radar,858,514,27,1,1400,0,2,9,0,11,858,516,36,1,1411,0,0,0,1411
11/26/2004,PHL,PA,AEA,EN,Combined TRACON& Tower with Radar,734,372,17,0,1123,0,3,26,5,34,734,375,43,5,1157,0,0,0,1157
11/27/2004,PHL,PA,AEA,EN,Combined TRACON& Tower with Radar,764,428,29,0,1221,0,4,44,8,56,764,432,73,8,1277,0,0,0,1277
11/28/2004,PHL,PA,AEA,EN,Combined TRACON& Tower with Radar,805,466,61,0,1332,0,8,54,1,63,805,474,115,1,1395,0,0,0,1395
11/29/2004,PHL,PA,AEA,EN,Combined TRACON& Tower with Radar,872,514,48,1,1435,0,4,79,6,89,872,518,127,7,1524,0,0,0,1524
11/30/2004,PHL,PA,AEA,EN,Combined TRACON& Tower with Radar,944,579,46,1,1570,0,2,76,7,85,944,581,122,8,1655,0,0,0,1655
12/01/2004,PHL,PA,AEA,EN,Combined TRACON& Tower with Radar,870,452,42,4,1368,0,4,11,0,15,870,456,53,4,1383,0,0,0,1383
12/02/2004,PHL,PA,AEA,EN,Combined TRACON& Tower with Radar,985,584,55,2,1626,0,3,76,3,82,985,587,131,5,1708,0,0,0,1708
12/03/2004,PHL,PA,AEA,EN,Combined TRACON& Tower with Radar,940,571,68,2,1581,0,4,52,11,67,940,575,120,13,1648,0,0,0,1648
12/04/2004,PHL,PA,AEA,EN,Combined TRACON& Tower with Radar,761,447,22,4,1234,0,8,42,8,58,761,455,64,12,1292,0,0,0,1292
12/05/2004,PHL,PA,AEA,EN,Combined TRACON& Tower with Radar,786,431,59,0,1276,0,2,45,2,49,786,433,104,2,1325,0,0,0,1325
12/06/2004,PHL,PA,AEA,EN,Combined TRACON& Tower with Radar,801,425,64,3,1293,0,0,28,1,29,801,425,92,4,1322,0,0,0,1322
12/07/2004,PHL,PA,AEA,EN,Combined TRACON& Tower with Radar,810,448,62,1,1321,0,0,0,0,0,810,448,62,1,1321,0,0,0,1321
12/08/2004,PHL,PA,AEA,EN,Combined TRACON& Tower with Radar,1004,605,67,1,1677,0,0,36,4,40,1004,605,103,5,1717,0,0,0,1717
12/09/2004,PHL,PA,AEA,EN,Combined TRACON& Tower with Radar,905,545,48,0,1498,0,5,43,7,55,905,550,91,7,1553,0,0,0,1553
12/10/2004,PHL,PA,AEA,EN,Combined TRACON& Tower with Radar,839,396,47,1,1283,0,0,0,0,0,839,396,47,1,1283,0,0,0,1283
12/11/2004,PHL,PA,AEA,EN,Combined TRACON& Tower with Radar,804,439,17,1,1261,0,1,8,0,9,804,440,25,1,1270,0,0,0,1270
12/12/2004,PHL,PA,AEA,EN,Combined TRACON& Tower with Radar,798,422,29,0,1249,0,3,14,0,17,798,425,43,0,1266,0,0,0,1266
12/13/2004,PHL,PA,AEA,EN,Combined TRACON& Tower with Radar,839,503,49,2,1393,0,6,38,3,47,839,509,87,5,1440,0,0,0,1440
12/14/2004,PHL,PA,AEA,EN,Combined TRACON& Tower with Radar,939,567,63,0,1569,0,1,13,3,17,939,568,76,3,1586,0,0,0,1586
12/15/2004,PHL,PA,AEA,EN,Combined TRACON& Tower with Radar,937,555,74,1,1567,0,9,37,2,48,937,564,111,3,1615,0,0,0,1615
12/16/2004,PHL,PA,AEA,EN,Combined TRACON& Tower with Radar,924,578,46,4,1552,0,4,28,3,35,924,582,74,7,1587,0,0,0,1587
12/17/2004,PHL,PA,AEA,EN,Combined TRACON& Tower with Radar,950,569,41,3,1563,0,6,22,1,29,950,575,63,4,1592,0,0,0,1592
12/18/2004,PHL,PA,AEA,EN,Combined TRACON& Tower with Radar,769,436,21,0,1226,0,1,9,1,11,769,437,30,1,1237,0,0,0,1237
12/19/2004,PHL,PA,AEA,EN,Combined TRACON& Tower with Radar,701,297,52,0,1050,0,0,5,0,5,701,297,57,0,1055,0,0,0,1055
12/20/2004,PHL,PA,AEA,EN,Combined TRACON& Tower with Radar,898,461,45,0,1404,0,7,19,2,28,898,468,64,2,1432,0,0,0,1432
12/21/2004,PHL,PA,AEA,EN,Combined TRACON& Tower with Radar,994,593,60,0,1647,0,3,29,14,46,994,596,89,14,1693,0,0,0,1693
12/22/2004,PHL,PA,AEA,EN,Combined TRACON& Tower with Radar,971,550,28,0,1549,0,5,31,7,43,971,555,59,7,1592,0,0,0,1592
12/23/2004,PHL,PA,AEA,EN,Combined TRACON& Tower with Radar,831,394,37,4,1266,0,1,7,0,8,831,395,44,4,1274,0,0,0,1274
12/24/2004,PHL,PA,AEA,EN,Combined TRACON& Tower with Radar,878,524,23,0,1425,0,2,15,3,20,878,526,38,3,1445,0,0,0,1445
12/25/2004,PHL,PA,AEA,EN,Combined TRACON& Tower with Radar,655,408,15,0,1078,0,6,15,2,23,655,414,30,2,1101,0,0,0,1101
12/26/2004,PHL,PA,AEA,EN,Combined TRACON& Tower with Radar,738,349,42,0,1129,0,2,9,1,12,738,351,51,1,1141,0,0,0,1141
12/27/2004,PHL,PA,AEA,EN,Combined TRACON& Tower with Radar,862,477,39,0,1378,0,2,14,1,17,862,479,53,1,1395,0,0,0,1395
12/28/2004,PHL,PA,AEA,EN,Combined TRACON& Tower with Radar,950,523,24,0,1497,0,1,14,4,19,950,524,38,4,1516,0,0,0,1516
12/29/2004,PHL,PA,AEA,EN,Combined TRACON& Tower with Radar,947,530,10,0,1487,0,3,21,0,24,947,533,31,0,1511,0,0,0,1511
12/30/2004,PHL,PA,AEA,EN,Combined TRACON& Tower with Radar,936,531,26,0,1493,0,4,15,5,24,936,535,41,5,1517,0,0,0,1517
12/31/2004,PHL,PA,AEA,EN,Combined TRACON& Tower with Radar,903,448,3,0,1354,0,4,19,2,25,903,452,22,2,1379,0,0,0,1379
01/01/2005,PHL,PA,AEA,EN,Combined TRACON& Tower with Radar,705,365,17,0,1087,0,3,13,0,16,705,368,30,0,1103,0,0,0,1103
01/02/2005,PHL,PA,AEA,EN,Combined TRACON& Tower with Radar,775,406,28,0,1209,0,1,8,0,9,775,407,36,0,1218,0,0,0,1218
01/03/2005,PHL,PA,AEA,EN,Combined TRACON& Tower with Radar,856,502,42,1,1401,0,7,15,4,26,856,509,57,5,1427,0,0,0,1427
01/04/2005,PHL,PA,AEA,EN,Combined TRACON& Tower with Radar,876,564,58,3,1501,0,1,10,6,17,876,565,68,9,1518,0,0,0,1518
01/05/2005,PHL,PA,AEA,EN,Combined TRACON& Tower with Radar,873,474,42,1,1390,0,0,0,0,0,873,474,42,1,1390,0,0,0,1390
01/06/2005,PHL,PA,AEA,EN,Combined TRACON& Tower with Radar,814,398,41,1,1254,0,0,0,0,0,814,398,41,1,1254,0,0,0,1254
01/07/2005,PHL,PA,AEA,EN,Combined TRACON& Tower with Radar,978,576,46,0,1600,0,2,38,2,42,978,578,84,2,1642,0,0,0,1642
01/08/2005,PHL,PA,AEA,EN,Combined TRACON& Tower with Radar,742,420,19,2,1183,0,0,1,0,1,742,420,20,2,1184,0,0,0,1184
01/09/2005,PHL,PA,AEA,EN,Combined TRACON& Tower with Radar,775,448,31,0,1254,0,0,12,2,14,775,448,43,2,1268,0,0,0,1268
01/10/2005,PHL,PA,AEA,EN,Combined TRACON& Tower with Radar,832,489,33,0,1354,0,2,10,3,15,832,491,43,3,1369,0,0,0,1369
01/11/2005,PHL,PA,AEA,EN,Combined TRACON& Tower with Radar,855,512,54,2,1423,0,2,15,3,20,855,514,69,5,1443,0,0,0,1443
01/12/2005,PHL,PA,AEA,EN,Combined TRACON& Tower with Radar,807,415,41,0,1263,0,0,0,0,0,807,415,41,0,1263,0,0,0,1263
01/13/2005,PHL,PA,AEA,EN,Combined TRACON& Tower with Radar,882,455,48,0,1385,0,3,8,3,14,882,458,56,3,1399,0,0,0,1399
01/14/2005,PHL,PA,AEA,EN,Combined TRACON& Tower with Radar,914,575,56,0,1545,0,2,6,3,11,914,577,62,3,1556,0,0,0,1556
01/15/2005,PHL,PA,AEA,EN,Combined TRACON& Tower with Radar,762,389,21,0,1172,0,3,19,0,22,762,392,40,0,1194,0,0,0,1194
01/16/2005,PHL,PA,AEA,EN,Combined TRACON& Tower with Radar,758,443,38,0,1239,0,6,22,3,31,758,449,60,3,1270,0,0,0,1270
01/17/2005,PHL,PA,AEA,EN,Combined TRACON& Tower with Radar,841,510,67,0,1418,0,4,25,3,32,841,514,92,3,1450,0,0,0,1450
01/18/2005,PHL,PA,AEA,EN,Combined TRACON& Tower with Radar,890,498,48,0,1436,0,3,20,3,26,890,501,68,3,1462,0,0,0,1462
01/19/2005,PHL,PA,AEA,EN,Combined TRACON& Tower with Radar,725,424,56,0,1205,0,1,10,2,13,725,425,66,2,1218,0,0,0,1218
01/20/2005,PHL,PA,AEA,EN,Combined TRACON& Tower with Radar,951,581,56,1,1589,0,2,21,3,26,951,583,77,4,1615,0,0,0,1615
01/21/2005,PHL,PA,AEA,EN,Combined TRACON& Tower with Radar,913,574,48,1,1536,0,4,18,8,30,913,578,66,9,1566,0,0,0,1566
01/22/2005,PHL,PA,AEA,EN,Combined TRACON& Tower with Radar,333,135,13,0,481,0,5,4,0,9,333,140,17,0,490,0,0,0,490
01/23/2005,PHL,PA,AEA,EN,Combined TRACON& Tower with Radar,365,194,31,2,592,0,1,12,4,17,365,195,43,6,609,0,0,0,609
01/24/2005,PHL,PA,AEA,EN,Combined TRACON& Tower with Radar,679,402,67,0,1148,0,1,13,2,16,679,403,80,2,1164,0,0,0,1164
01/25/2005,PHL,PA,AEA,EN,Combined TRACON& Tower with Radar,919,589,84,4,1596,0,2,21,6,29,919,591,105,10,1625,0,0,0,1625
01/26/2005,PHL,PA,AEA,EN,Combined TRACON& Tower with Radar,880,552,47,1,1480,0,3,11,1,15,880,555,58,2,1495,0,0,0,1495
01/27/2005,PHL,PA,AEA,EN,Combined TRACON& Tower with Radar,907,562,66,0,1535,0,3,21,4,28,907,565,87,4,1563,0,0,0,1563
01/28/2005,PHL,PA,AEA,EN,Combined TRACON& Tower with Radar,913,560,50,0,1523,0,3,38,3,44,913,563,88,3,1567,0,0,0,1567
01/29/2005,PHL,PA,AEA,EN,Combined TRACON& Tower with Radar,710,346,24,0,1080,0,0,10,0,10,710,346,34,0,1090,0,0,0,1090
01/30/2005,PHL,PA,AEA,EN,Combined TRACON& Tower with Radar,755,415,34,0,1204,0,1,16,4,21,755,416,50,4,1225,0,0,0,1225
01/31/2005,PHL,PA,AEA,EN,Combined TRACON& Tower with Radar,842,477,54,0,1373,0,4,15,3,22,842,481,69,3,1395,0,0,0,1395
02/01/2005,PHL,PA,AEA,EN,Combined TRACON& Tower with Radar,902,560,55,2,1519,0,5,31,4,40,902,565,86,6,1559,0,0,0,1559
02/02/2005,PHL,PA,AEA,EN,Combined TRACON& Tower with Radar,889,561,50,1,1501,0,2,16,12,30,889,563,66,13,1531,0,0,0,1531
02/03/2005,PHL,PA,AEA,EN,Combined TRACON& Tower with Radar,921,567,72,5,1565,0,2,25,5,32,921,569,97,10,1597,0,0,0,1597
02/04/2005,PHL,PA,AEA,EN,Combined TRACON& Tower with Radar,924,540,54,0,1518,0,2,22,6,30,924,542,76,6,1548,0,0,0,1548
02/05/2005,PHL,PA,AEA,EN,Combined TRACON& Tower with Radar,750,405,27,0,1182,0,3,7,0,10,750,408,34,0,1192,0,0,0,1192
02/06/2005,PHL,PA,AEA,EN,Combined TRACON& Tower with Radar,747,502,51,0,1300,0,3,16,1,20,747,505,67,1,1320,0,0,0,1320
02/07/2005,PHL,PA,AEA,EN,Combined TRACON& Tower with Radar,851,632,113,2,1598,0,5,40,2,47,851,637,153,4,1645,0,0,0,1645
02/08/2005,PHL,PA,AEA,EN,Combined TRACON& Tower with Radar,904,647,61,8,1620,0,5,26,1,32,904,652,87,9,1652,0,0,0,1652
02/09/2005,PHL,PA,AEA,EN,Combined TRACON& Tower with Radar,877,644,69,0,1590,0,2,12,1,15,877,646,81,1,1605,0,0,0,1605
02/10/2005,PHL,PA,AEA,EN,Combined TRACON& Tower with Radar,923,657,55,2,1637,0,8,6,7,21,923,665,61,9,1658,0,0,0,1658
02/11/2005,PHL,PA,AEA,EN,Combined TRACON& Tower with Radar,896,629,49,0,1574,0,3,27,1,31,896,632,76,1,1605,0,0,0,1605
02/12/2005,PHL,PA,AEA,EN,Combined TRACON& Tower with Radar,735,459,17,0,1211,0,7,5,3,15,735,466,22,3,1226,0,0,0,1226
02/13/2005,PHL,PA,AEA,EN,Combined TRACON& Tower with Radar,749,514,33,2,1298,0,0,32,2,34,749,514,65,4,1332,0,0,0,1332
02/14/2005,PHL,PA,AEA,EN,Combined TRACON& Tower with Radar,794,553,52,1,1400,0,0,5,1,6,794,553,57,2,1406,0,0,0,1406
02/15/2005,PHL,PA,AEA,EN,Combined TRACON& Tower with Radar,921,649,62,1,1633,0,3,50,5,58,921,652,112,6,1691,0,0,0,1691
02/16/2005,PHL,PA,AEA,EN,Combined TRACON& Tower with Radar,898,650,56,0,1604,0,2,6,0,8,898,652,62,0,1612,0,0,0,1612
02/17/2005,PHL,PA,AEA,EN,Combined TRACON& Tower with Radar,838,626,80,1,1545,0,0,18,4,22,838,626,98,5,1567,0,0,0,1567
02/18/2005,PHL,PA,AEA,EN,Combined TRACON& Tower with Radar,956,693,66,0,1715,0,4,18,5,27,956,697,84,5,1742,0,0,0,1742
02/19/2005,PHL,PA,AEA,EN,Combined TRACON& Tower with Radar,721,471,32,0,1224,0,1,17,3,21,721,472,49,3,1245,0,0,0,1245
02/20/2005,PHL,PA,AEA,EN,Combined TRACON& Tower with Radar,725,484,25,0,1234,0,1,16,0,17,725,485,41,0,1251,0,0,0,1251
02/21/2005,PHL,PA,AEA,EN,Combined TRACON& Tower with Radar,749,443,55,1,1248,0,0,0,0,0,749,443,55,1,1248,0,0,0,1248
02/22/2005,PHL,PA,AEA,EN,Combined TRACON& Tower with Radar,963,653,79,0,1695,0,1,26,2,29,963,654,105,2,1724,0,0,0,1724
02/23/2005,PHL,PA,AEA,EN,Combined TRACON& Tower with Radar,907,667,77,0,1651,0,10,25,4,39,907,677,102,4,1690,0,0,0,1690
02/24/2005,PHL,PA,AEA,EN,Combined TRACON& Tower with Radar,643,408,50,4,1105,0,4,1,2,7,643,412,51,6,1112,0,0,0,1112
02/25/2005,PHL,PA,AEA,EN,Combined TRACON& Tower with Radar,929,535,64,2,1530,0,2,13,0,15,929,537,77,2,1545,0,0,0,1545
02/26/2005,PHL,PA,AEA,EN,Combined TRACON& Tower with Radar,754,472,32,0,1258,0,1,13,0,14,754,473,45,0,1272,0,0,0,1272
02/27/2005,PHL,PA,AEA,EN,Combined TRACON& Tower with Radar,738,507,42,0,1287,0,6,30,1,37,738,513,72,1,1324,0,0,0,1324
02/28/2005,PHL,PA,AEA,EN,Combined TRACON& Tower with Radar,617,369,36,1,1023,0,1,8,2,11,617,370,44,3,1034,0,0,0,1034
03/01/2005,PHL,PA,AEA,EN,Combined TRACON& Tower with Radar,802,509,49,0,1360,0,2,21,3,26,802,511,70,3,1386,0,0,0,1386
03/02/2005,PHL,PA,AEA,EN,Combined TRACON& Tower with Radar,875,655,49,0,1579,0,0,15,3,18,875,655,64,3,1597,0,0,0,1597
03/03/2005,PHL,PA,AEA,EN,Combined TRACON& Tower with Radar,947,668,58,1,1674,0,0,20,3,23,947,668,78,4,1697,0,0,0,1697
03/04/2005,PHL,PA,AEA,EN,Combined TRACON& Tower with Radar,911,655,57,0,1623,0,8,22,6,36,911,663,79,6,1659,0,0,0,1659
03/05/2005,PHL,PA,AEA,EN,Combined TRACON& Tower with Radar,746,464,21,0,1231,0,1,14,0,15,746,465,35,0,1246,0,0,0,1246
03/06/2005,PHL,PA,AEA,EN,Combined TRACON& Tower with Radar,735,491,34,0,1260,0,2,14,0,16,735,493,48,0,1276,0,0,0,1276
03/07/2005,PHL,PA,AEA,EN,Combined TRACON& Tower with Radar,853,605,46,0,1504,0,3,21,1,25,853,608,67,1,1529,0,0,0,1529
03/08/2005,PHL,PA,AEA,EN,Combined TRACON& Tower with Radar,828,537,50,0,1415,0,5,4,0,9,828,542,54,0,1424,0,0,0,1424
03/09/2005,PHL,PA,AEA,EN,Combined TRACON& Tower with Radar,908,657,63,0,1628,0,2,25,3,30,908,659,88,3,1658,0,0,0,1658
03/10/2005,PHL,PA,AEA,EN,Combined TRACON& Tower with Radar,910,654,60,0,1624,0,2,28,6,36,910,656,88,6,1660,0,0,0,1660
03/11/2005,PHL,PA,AEA,EN,Combined TRACON& Tower with Radar,881,633,44,4,1562,0,5,17,6,28,881,638,61,10,1590,0,0,0,1590
03/12/2005,PHL,PA,AEA,EN,Combined TRACON& Tower with Radar,748,502,16,0,1266,0,1,5,1,7,748,503,21,1,1273,0,0,0,1273
03/13/2005,PHL,PA,AEA,EN,Combined TRACON& Tower with Radar,766,526,39,0,1331,0,4,18,0,22,766,530,57,0,1353,0,0,0,1353
03/14/2005,PHL,PA,AEA,EN,Combined TRACON& Tower with Radar,833,598,41,0,1472,0,2,26,5,33,833,600,67,5,1505,0,0,0,1505
03/15/2005,PHL,PA,AEA,EN,Combined TRACON& Tower with Radar,909,651,64,0,1624,0,4,28,3,35,909,655,92,3,1659,0,0,0,1659
03/16/2005,PHL,PA,AEA,EN,Combined TRACON& Tower with Radar,893,677,66,0,1636,0,5,31,5,41,893,682,97,5,1677,0,0,0,1677
03/17/2005,PHL,PA,AEA,EN,Combined TRACON& Tower with Radar,890,648,78,0,1616,0,5,14,10,29,890,653,92,10,1645,0,0,0,1645
03/18/2005,PHL,PA,AEA,EN,Combined TRACON& Tower with Radar,915,674,68,1,1658,0,7,34,1,42,915,681,102,2,1700,0,0,0,1700
03/19/2005,PHL,PA,AEA,EN,Combined TRACON& Tower with Radar,730,486,43,0,1259,0,1,15,2,18,730,487,58,2,1277,0,0,0,1277
03/20/2005,PHL,PA,AEA,EN,Combined TRACON& Tower with Radar,707,479,53,0,1239,0,0,0,0,0,707,479,53,0,1239,0,0,0,1239
03/21/2005,PHL,PA,AEA,EN,Combined TRACON& Tower with Radar,881,630,43,0,1554,0,1,15,7,23,881,631,58,7,1577,0,0,0,1577
03/22/2005,PHL,PA,AEA,EN,Combined TRACON& Tower with Radar,902,661,73,0,1636,0,2,22,2,26,902,663,95,2,1662,0,0,0,1662
03/23/2005,PHL,PA,AEA,EN,Combined TRACON& Tower with Radar,771,504,35,2,1312,0,0,3,0,3,771,504,38,2,1315,0,0,0,1315
03/24/2005,PHL,PA,AEA,EN,Combined TRACON& Tower with Radar,993,689,69,1,1752,0,1,14,5,20,993,690,83,6,1772,0,0,0,1772
03/25/2005,PHL,PA,AEA,EN,Combined TRACON& Tower with Radar,886,665,42,1,1594,0,0,10,5,15,886,665,52,6,1609,0,0,0,1609
03/26/2005,PHL,PA,AEA,EN,Combined TRACON& Tower with Radar,729,481,20,0,1230,0,3,15,1,19,729,484,35,1,1249,0,0,0,1249
03/27/2005,PHL,PA,AEA,EN,Combined TRACON& Tower with Radar,735,514,24,0,1273,0,3,7,1,11,735,517,31,1,1284,0,0,0,1284
03/28/2005,PHL,PA,AEA,EN,Combined TRACON& Tower with Radar,687,420,49,0,1156,0,1,0,0,1,687,421,49,0,1157,0,0,0,1157
03/29/2005,PHL,PA,AEA,EN,Combined TRACON& Tower with Radar,1016,649,67,0,1732,0,1,14,1,16,1016,650,81,1,1748,0,0,0,1748
03/30/2005,PHL,PA,AEA,EN,Combined TRACON& Tower with Radar,918,661,51,2,1632,0,3,39,4,46,918,664,90,6,1678,0,0,0,1678
03/31/2005,PHL,PA,AEA,EN,Combined TRACON& Tower with Radar,883,640,60,1,1584,0,6,22,1,29,883,646,82,2,1613,0,0,0,1613
04/01/2005,PHL,PA,AEA,EN,Combined TRACON& Tower with Radar,909,641,48,0,1598,0,3,11,4,18,909,644,59,4,1616,0,0,0,1616
04/02/2005,PHL,PA,AEA,EN,Combined TRACON& Tower with Radar,715,477,37,2,1231,0,0,2,0,2,715,477,39,2,1233,0,0,0,1233
04/03/2005,PHL,PA,AEA,EN,Combined TRACON& Tower with Radar,714,477,37,2,1230,0,0,2,0,2,714,477,39,2,1232,0,0,0,1232
04/04/2005,PHL,PA,AEA,EN,Combined TRACON& Tower with Radar,861,632,48,2,1543,0,1,23,13,37,861,633,71,15,1580,0,0,0,1580
04/05/2005,PHL,PA,AEA,EN,Combined TRACON& Tower with Radar,956,734,50,4,1744,0,10,26,3,39,956,744,76,7,1783,0,0,0,1783
04/06/2005,PHL,PA,AEA,EN,Combined TRACON& Tower with Radar,920,685,58,1,1664,0,15,25,5,45,920,700,83,6,1709,0,0,0,1709
04/07/2005,PHL,PA,AEA,EN,Combined TRACON& Tower with Radar,880,631,72,0,1583,0,5,19,10,34,880,636,91,10,1617,0,0,0,1617
04/08/2005,PHL,PA,AEA,EN,Combined TRACON& Tower with Radar,913,711,77,0,1701,0,0,13,0,13,913,711,90,0,1714,0,0,0,1714
04/09/2005,PHL,PA,AEA,EN,Combined TRACON& Tower with Radar,716,507,28,0,1251,0,2,15,0,17,716,509,43,0,1268,0,0,0,1268
04/10/2005,PHL,PA,AEA,EN,Combined TRACON& Tower with Radar,748,564,55,0,1367,0,0,0,0,0,748,564,55,0,1367,0,0,0,1367
04/11/2005,PHL,PA,AEA,EN,Combined TRACON& Tower with Radar,828,607,64,0,1499,0,7,25,2,34,828,614,89,2,1533,0,0,0,1533
04/12/2005,PHL,PA,AEA,EN,Combined TRACON& Tower with Radar,913,674,66,0,1653,0,9,36,0,45,913,683,102,0,1698,0,0,0,1698
04/13/2005,PHL,PA,AEA,EN,Combined TRACON& Tower with Radar,897,688,75,0,1660,0,6,15,3,24,897,694,90,3,1684,0,0,0,1684
04/14/2005,PHL,PA,AEA,EN,Combined TRACON& Tower with Radar,900,697,73,0,1670,0,4,24,4,32,900,701,97,4,1702,0,0,0,1702
04/15/2005,PHL,PA,AEA,EN,Combined TRACON& Tower with Radar,911,677,66,0,1654,0,7,16,10,33,911,684,82,10,1687,0,0,0,1687
04/16/2005,PHL,PA,AEA,EN,Combined TRACON& Tower with Radar,727,515,37,1,1280,0,5,17,1,23,727,520,54,2,1303,0,0,0,1303
04/17/2005,PHL,PA,AEA,EN,Combined TRACON& Tower with Radar,748,552,42,1,1343,0,0,27,0,27,748,552,69,1,1370,0,0,0,1370
04/18/2005,PHL,PA,AEA,EN,Combined TRACON& Tower with Radar,840,617,63,0,1520,0,2,24,3,29,840,619,87,3,1549,0,0,0,1549
04/19/2005,PHL,PA,AEA,EN,Combined TRACON& Tower with Radar,917,689,68,0,1674,0,6,36,14,56,917,695,104,14,1730,0,0,0,1730
04/20/2005,PHL,PA,AEA,EN,Combined TRACON& Tower with Radar,892,667,102,2,1663,0,4,29,5,38,892,671,131,7,1701,0,0,0,1701
04/21/2005,PHL,PA,AEA,EN,Combined TRACON& Tower with Radar,924,695,86,1,1706,0,2,18,8,28,924,697,104,9,1734,0,0,0,1734
04/22/2005,PHL,PA,AEA,EN,Combined TRACON& Tower with Radar,867,677,67,0,1611,0,4,18,4,26,867,681,85,4,1637,0,0,0,1637
04/23/2005,PHL,PA,AEA,EN,Combined TRACON& Tower with Radar,700,504,27,2,1233,0,0,0,0,0,700,504,27,2,1233,1,0,1,1234
04/24/2005,PHL,PA,AEA,EN,Combined TRACON& Tower with Radar,798,563,31,0,1392,0,1,14,1,16,798,564,45,1,1408,0,0,0,1408
04/25/2005,PHL,PA,AEA,EN,Combined TRACON& Tower with Radar,837,620,60,0,1517,0,5,15,11,31,837,625,75,11,1548,0,0,0,1548
04/26/2005,PHL,PA,AEA,EN,Combined TRACON& Tower with Radar,905,653,73,0,1631,0,4,38,7,49,905,657,111,7,1680,0,0,0,1680
04/27/2005,PHL,PA,AEA,EN,Combined TRACON& Tower with Radar,922,672,53,0,1647,0,2,17,1,20,922,674,70,1,1667,0,0,0,1667
04/28/2005,PHL,PA,AEA,EN,Combined TRACON& Tower with Radar,903,698,82,1,1684,0,3,34,13,50,903,701,116,14,1734,0,0,0,1734
04/29/2005,PHL,PA,AEA,EN,Combined TRACON& Tower with Radar,916,695,86,0,1697,0,5,25,6,36,916,700,111,6,1733,0,0,0,1733
04/30/2005,PHL,PA,AEA,EN,Combined TRACON& Tower with Radar,658,477,33,0,1168,0,0,2,0,2,658,477,35,0,1170,0,0,0,1170
05/01/2005,PHL,PA,AEA,EN,Combined TRACON& Tower with Radar,808,546,49,0,1403,0,2,15,2,19,808,548,64,2,1422,0,0,0,1422
05/02/2005,PHL,PA,AEA,EN,Combined TRACON& Tower with Radar,836,608,59,2,1505,0,10,31,15,56,836,618,90,17,1561,0,0,0,1561
05/03/2005,PHL,PA,AEA,EN,Combined TRACON& Tower with Radar,913,665,59,2,1639,0,6,20,2,28,913,671,79,4,1667,0,0,0,1667
05/04/2005,PHL,PA,AEA,EN,Combined TRACON& Tower with Radar,899,670,75,2,1646,0,5,16,6,27,899,675,91,8,1673,0,0,0,1673
05/05/2005,PHL,PA,AEA,EN,Combined TRACON& Tower with Radar,924,664,81,0,1669,0,6,24,4,34,924,670,105,4,1703,0,0,0,1703
05/06/2005,PHL,PA,AEA,EN,Combined TRACON& Tower with Radar,919,653,49,2,1623,0,3,24,4,31,919,656,73,6,1654,0,0,0,1654
05/07/2005,PHL,PA,AEA,EN,Combined TRACON& Tower with Radar,722,507,21,1,1251,0,5,8,1,14,722,512,29,2,1265,0,0,0,1265
05/08/2005,PHL,PA,AEA,EN,Combined TRACON& Tower with Radar,746,531,31,2,1310,0,9,20,7,36,746,540,51,9,1346,0,0,0,1346
05/09/2005,PHL,PA,AEA,EN,Combined TRACON& Tower with Radar,816,609,67,0,1492,0,3,26,3,32,816,612,93,3,1524,0,0,0,1524
05/10/2005,PHL,PA,AEA,EN,Combined TRACON& Tower with Radar,869,640,63,0,1572,0,6,40,13,59,869,646,103,13,1631,0,0,0,1631
05/11/2005,PHL,PA,AEA,EN,Combined TRACON& Tower with Radar,904,645,61,0,1610,0,1,29,4,34,904,646,90,4,1644,0,0,0,1644
05/12/2005,PHL,PA,AEA,EN,Combined TRACON& Tower with Radar,911,679,76,1,1667,0,9,31,9,49,911,688,107,10,1716,0,0,0,1716
05/13/2005,PHL,PA,AEA,EN,Combined TRACON& Tower with Radar,880,654,56,0,1590,0,11,31,11,53,880,665,87,11,1643,0,0,0,1643
05/14/2005,PHL,PA,AEA,EN,Combined TRACON& Tower with Radar,720,514,32,0,1266,0,0,9,0,9,720,514,41,0,1275,0,0,0,1275
05/15/2005,PHL,PA,AEA,EN,Combined TRACON& Tower with Radar,757,551,47,0,1355,0,1,7,2,10,757,552,54,2,1365,0,0,0,1365
05/16/2005,PHL,PA,AEA,EN,Combined TRACON& Tower with Radar,832,635,53,0,1520,0,3,30,4,37,832,638,83,4,1557,0,0,0,1557
05/17/2005,PHL,PA,AEA,EN,Combined TRACON& Tower with Radar,895,678,72,0,1645,0,6,25,3,34,895,684,97,3,1679,0,0,0,1679
05/18/2005,PHL,PA,AEA,EN,Combined TRACON& Tower with Radar,902,672,78,0,1652,0,2,39,6,47,902,674,117,6,1699,0,0,0,1699
05/19/2005,PHL,PA,AEA,EN,Combined TRACON& Tower with Radar,853,659,79,0,1591,0,7,34,2,43,853,666,113,2,1634,0,0,0,1634
05/20/2005,PHL,PA,AEA,EN,Combined TRACON& Tower with Radar,899,577,54,2,1532,0,3,12,2,17,899,580,66,4,1549,0,0,0,1549
05/21/2005,PHL,PA,AEA,EN,Combined TRACON& Tower with Radar,752,555,27,2,1336,0,0,19,5,24,752,555,46,7,1360,0,0,0,1360
05/22/2005,PHL,PA,AEA,EN,Combined TRACON& Tower with Radar,757,534,42,0,1333,1,3,8,2,14,758,537,50,2,1347,0,0,0,1347
05/23/2005,PHL,PA,AEA,EN,Combined TRACON& Tower with Radar,811,595,44,2,1452,0,1,19,8,28,811,596,63,10,1480,0,0,0,1480
05/24/2005,PHL,PA,AEA,EN,Combined TRACON& Tower with Radar,892,661,65,4,1622,0,1,15,9,25,892,662,80,13,1647,0,0,0,1647
05/25/2005,PHL,PA,AEA,EN,Combined TRACON& Tower with Radar,874,565,68,0,1507,0,3,13,4,20,874,568,81,4,1527,0,0,0,1527
05/26/2005,PHL,PA,AEA,EN,Combined TRACON& Tower with Radar,941,686,95,1,1723,0,4,17,4,25,941,690,112,5,1748,0,0,0,1748
05/27/2005,PHL,PA,AEA,EN,Combined TRACON& Tower with Radar,902,674,53,1,1630,0,3,22,3,28,902,677,75,4,1658,0,0,0,1658
05/28/2005,PHL,PA,AEA,EN,Combined TRACON& Tower with Radar,712,512,37,0,1261,0,1,12,3,16,712,513,49,3,1277,0,0,0,1277
05/29/2005,PHL,PA,AEA,EN,Combined TRACON& Tower with Radar,699,510,39,0,1248,0,2,12,5,19,699,512,51,5,1267,0,0,0,1267
05/30/2005,PHL,PA,AEA,EN,Combined TRACON& Tower with Radar,754,598,41,0,1393,0,8,18,3,29,754,606,59,3,1422,0,0,0,1422
05/31/2005,PHL,PA,AEA,EN,Combined TRACON& Tower with Radar,831,614,65,1,1511,0,7,39,6,52,831,621,104,7,1563,0,0,0,1563
06/01/2005,PHL,PA,AEA,EN,Combined TRACON& Tower with Radar,898,698,80,0,1676,0,2,11,3,16,898,700,91,3,1692,0,0,0,1692
06/02/2005,PHL,PA,AEA,EN,Combined TRACON& Tower with Radar,895,666,64,1,1626,0,3,31,4,38,895,669,95,5,1664,0,0,0,1664
06/03/2005,PHL,PA,AEA,EN,Combined TRACON& Tower with Radar,788,538,57,2,1385,0,5,3,0,8,788,543,60,2,1393,0,0,0,1393
06/04/2005,PHL,PA,AEA,EN,Combined TRACON& Tower with Radar,780,507,33,0,1320,0,2,13,5,20,780,509,46,5,1340,0,0,0,1340
06/05/2005,PHL,PA,AEA,EN,Combined TRACON& Tower with Radar,724,534,38,0,1296,0,4,20,7,31,724,538,58,7,1327,0,0,0,1327
06/06/2005,PHL,PA,AEA,EN,Combined TRACON& Tower with Radar,585,416,53,2,1056,0,1,21,3,25,585,417,74,5,1081,0,0,0,1081
06/07/2005,PHL,PA,AEA,EN,Combined TRACON& Tower with Radar,950,665,78,1,1694,0,1,17,3,21,950,666,95,4,1715,0,0,0,1715
06/08/2005,PHL,PA,AEA,EN,Combined TRACON& Tower with Radar,893,688,63,0,1644,0,5,32,4,41,893,693,95,4,1685,0,0,0,1685
06/09/2005,PHL,PA,AEA,EN,Combined TRACON& Tower with Radar,864,623,77,4,1568,0,7,18,1,26,864,630,95,5,1594,0,0,0,1594
06/10/2005,PHL,PA,AEA,EN,Combined TRACON& Tower with Radar,850,561,73,4,1488,0,4,8,5,17,850,565,81,9,1505,0,0,0,1505
06/11/2005,PHL,PA,AEA,EN,Combined TRACON& Tower with Radar,805,513,25,0,1343,0,4,16,4,24,805,517,41,4,1367,0,0,0,1367
06/12/2005,PHL,PA,AEA,EN,Combined TRACON& Tower with Radar,736,522,49,2,1309,0,3,44,3,50,736,525,93,5,1359,0,0,0,1359
06/13/2005,PHL,PA,AEA,EN,Combined TRACON& Tower with Radar,803,584,50,1,1438,0,1,13,9,23,803,585,63,10,1461,0,0,0,1461
06/14/2005,PHL,PA,AEA,EN,Combined TRACON& Tower with Radar,906,671,40,4,1621,0,8,26,7,41,906,679,66,11,1662,0,0,0,1662
06/15/2005,PHL,PA,AEA,EN,Combined TRACON& Tower with Radar,920,702,70,1,1693,0,7,30,4,41,920,709,100,5,1734,0,0,0,1734
06/16/2005,PHL,PA,AEA,EN,Combined TRACON& Tower with Radar,861,590,62,0,1513,0,1,16,7,24,861,591,78,7,1537,0,0,0,1537
06/17/2005,PHL,PA,AEA,EN,Combined TRACON& Tower with Radar,936,682,81,0,1699,0,4,25,19,48,936,686,106,19,1747,0,0,0,1747
06/18/2005,PHL,PA,AEA,EN,Combined TRACON& Tower with Radar,717,514,26,0,1257,0,14,9,3,26,717,528,35,3,1283,0,0,0,1283
06/19/2005,PHL,PA,AEA,EN,Combined TRACON& Tower with Radar,739,531,31,0,1301,0,2,11,2,15,739,533,42,2,1316,0,0,0,1316
06/20/2005,PHL,PA,AEA,EN,Combined TRACON& Tower with Radar,842,609,54,1,1506,0,4,28,18,50,842,613,82,19,1556,0,0,0,1556
06/21/2005,PHL,PA,AEA,EN,Combined TRACON& Tower with Radar,900,681,85,0,1666,0,11,36,9,56,900,692,121,9,1722,0,0,0,1722
06/22/2005,PHL,PA,AEA,EN,Combined TRACON& Tower with Radar,774,581,64,1,1420,0,2,21,7,30,774,583,85,8,1450,0,0,0,1450
06/23/2005,PHL,PA,AEA,EN,Combined TRACON& Tower with Radar,973,724,71,0,1768,0,3,45,5,53,973,727,116,5,1821,0,0,0,1821
06/24/2005,PHL,PA,AEA,EN,Combined TRACON& Tower with Radar,886,669,93,2,1650,0,8,17,10,35,886,677,110,12,1685,0,0,0,1685
06/25/2005,PHL,PA,AEA,EN,Combined TRACON& Tower with Radar,719,522,26,0,1267,0,2,19,0,21,719,524,45,0,1288,0,0,0,1288
06/26/2005,PHL,PA,AEA,EN,Combined TRACON& Tower with Radar,753,536,45,1,1335,0,1,16,4,21,753,537,61,5,1356,0,0,0,1356
06/27/2005,PHL,PA,AEA,EN,Combined TRACON& Tower with Radar,782,530,81,0,1393,0,1,1,0,2,782,531,82,0,1395,0,0,0,1395
06/28/2005,PHL,PA,AEA,EN,Combined TRACON& Tower with Radar,802,582,100,2,1486,0,4,11,6,21,802,586,111,8,1507,0,0,0,1507
06/29/2005,PHL,PA,AEA,EN,Combined TRACON& Tower with Radar,824,532,49,1,1406,0,2,6,5,13,824,534,55,6,1419,0,0,0,1419
06/30/2005,PHL,PA,AEA,EN,Combined TRACON& Tower with Radar,921,594,78,1,1594,0,2,17,6,25,921,596,95,7,1619,0,0,0,1619
07/01/2005,PHL,PA,AEA,EN,Combined TRACON& Tower with Radar,798,528,50,4,1380,0,1,16,3,20,798,529,66,7,1400,0,0,0,1400
07/02/2005,PHL,PA,AEA,EN,Combined TRACON& Tower with Radar,816,543,44,1,1404,0,7,24,6,37,816,550,68,7,1441,0,0,0,1441
07/03/2005,PHL,PA,AEA,EN,Combined TRACON& Tower with Radar,641,496,14,0,1151,0,2,8,8,18,641,498,22,8,1169,0,0,0,1169
07/04/2005,PHL,PA,AEA,EN,Combined TRACON& Tower with Radar,742,540,16,2,1300,0,3,17,9,29,742,543,33,11,1329,0,0,0,1329
07/05/2005,PHL,PA,AEA,EN,Combined TRACON& Tower with Radar,687,468,39,1,1195,0,0,13,1,14,687,468,52,2,1209,0,0,0,1209
07/06/2005,PHL,PA,AEA,EN,Combined TRACON& Tower with Radar,969,688,59,0,1716,0,6,12,2,20,969,694,71,2,1736,0,0,0,1736
07/07/2005,PHL,PA,AEA,EN,Combined TRACON& Tower with Radar,801,632,83,0,1516,0,2,11,5,18,801,634,94,5,1534,0,0,0,1534
07/08/2005,PHL,PA,AEA,EN,Combined TRACON& Tower with Radar,891,592,40,1,1524,0,0,2,2,4,891,592,42,3,1528,0,0,0,1528
07/09/2005,PHL,PA,AEA,EN,Combined TRACON& Tower with Radar,740,546,18,0,1304,0,4,17,4,25,740,550,35,4,1329,0,0,0,1329
07/10/2005,PHL,PA,AEA,EN,Combined TRACON& Tower with Radar,747,529,18,0,1294,0,5,16,5,26,747,534,34,5,1320,0,0,0,1320
07/11/2005,PHL,PA,AEA,EN,Combined TRACON& Tower with Radar,823,615,59,0,1497,0,1,33,6,40,823,616,92,6,1537,0,0,0,1537
07/12/2005,PHL,PA,AEA,EN,Combined TRACON& Tower with Radar,855,639,61,0,1555,0,12,30,3,45,855,651,91,3,1600,0,0,0,1600
07/13/2005,PHL,PA,AEA,EN,Combined TRACON& Tower with Radar,776,510,76,0,1362,0,2,6,1,9,776,512,82,1,1371,0,0,0,1371
07/14/2005,PHL,PA,AEA,EN,Combined TRACON& Tower with Radar,905,622,76,3,1606,0,1,5,5,11,905,623,81,8,1617,0,0,0,1617
07/15/2005,PHL,PA,AEA,EN,Combined TRACON& Tower with Radar,841,570,69,0,1480,0,2,30,4,36,841,572,99,4,1516,0,0,0,1516
07/16/2005,PHL,PA,AEA,EN,Combined TRACON& Tower with Radar,746,451,34,1,1232,0,3,5,1,9,746,454,39,2,1241,0,0,0,1241
07/17/2005,PHL,PA,AEA,EN,Combined TRACON& Tower with Radar,611,380,28,0,1019,0,0,0,0,0,611,380,28,0,1019,0,0,0,1019
07/18/2005,PHL,PA,AEA,EN,Combined TRACON& Tower with Radar,854,504,54,0,1412,0,3,4,0,7,854,507,58,0,1419,0,0,0,1419
07/19/2005,PHL,PA,AEA,EN,Combined TRACON& Tower with Radar,889,594,52,0,1535,0,2,26,7,35,889,596,78,7,1570,0,0,0,1570
07/20/2005,PHL,PA,AEA,EN,Combined TRACON& Tower with Radar,925,708,54,0,1687,0,4,22,12,38,925,712,76,12,1725,0,0,0,1725
07/21/2005,PHL,PA,AEA,EN,Combined TRACON& Tower with Radar,860,628,63,1,1552,0,5,29,3,37,860,633,92,4,1589,0,0,0,1589
07/22/2005,PHL,PA,AEA,EN,Combined TRACON& Tower with Radar,907,677,57,0,1641,0,5,16,4,25,907,682,73,4,1666,0,0,0,1666
07/23/2005,PHL,PA,AEA,EN,Combined TRACON& Tower with Radar,728,534,22,1,1285,0,3,11,4,18,728,537,33,5,1303,0,0,0,1303
07/24/2005,PHL,PA,AEA,EN,Combined TRACON& Tower with Radar,739,539,33,1,1312,1,5,11,0,17,740,544,44,1,1329,0,0,0,1329
07/25/2005,PHL,PA,AEA,EN,Combined TRACON& Tower with Radar,778,566,55,2,1401,0,2,16,4,22,778,568,71,6,1423,0,0,0,1423
07/26/2005,PHL,PA,AEA,EN,Combined TRACON& Tower with Radar,907,698,72,2,1679,0,10,20,4,34,907,708,92,6,1713,0,0,0,1713
07/27/2005,PHL,PA,AEA,EN,Combined TRACON& Tower with Radar,753,546,49,0,1348,0,6,12,3,21,753,552,61,3,1369,0,0,0,1369
07/28/2005,PHL,PA,AEA,EN,Combined TRACON& Tower with Radar,991,697,64,2,1754,0,2,34,26,62,991,699,98,28,1816,0,0,0,1816
07/29/2005,PHL,PA,AEA,EN,Combined TRACON& Tower with Radar,871,662,62,1,1596,0,8,13,5,26,871,670,75,6,1622,0,0,0,1622
07/30/2005,PHL,PA,AEA,EN,Combined TRACON& Tower with Radar,728,531,12,0,1271,0,0,12,5,17,728,531,24,5,1288,0,0,0,1288
07/31/2005,PHL,PA,AEA,EN,Combined TRACON& Tower with Radar,722,513,44,0,1279,0,2,13,0,15,722,515,57,0,1294,0,0,0,1294
08/01/2005,PHL,PA,AEA,EN,Combined TRACON& Tower with Radar,850,639,50,0,1539,0,6,13,1,20,850,645,63,1,1559,0,0,0,1559
08/02/2005,PHL,PA,AEA,EN,Combined TRACON& Tower with Radar,880,655,69,0,1604,0,3,43,5,51,880,658,112,5,1655,0,0,0,1655
08/03/2005,PHL,PA,AEA,EN,Combined TRACON& Tower with Radar,903,681,64,0,1648,0,6,13,13,32,903,687,77,13,1680,0,0,0,1680
08/04/2005,PHL,PA,AEA,EN,Combined TRACON& Tower with Radar,862,634,60,1,1557,0,5,15,3,23,862,639,75,4,1580,0,0,0,1580
08/05/2005,PHL,PA,AEA,EN,Combined TRACON& Tower with Radar,886,661,55,0,1602,0,2,23,1,26,886,663,78,1,1628,0,0,0,1628
08/06/2005,PHL,PA,AEA,EN,Combined TRACON& Tower with Radar,744,529,21,0,1294,0,0,0,0,0,744,529,21,0,1294,0,0,0,1294
08/07/2005,PHL,PA,AEA,EN,Combined TRACON& Tower with Radar,744,529,21,0,1294,0,5,11,2,18,744,534,32,2,1312,0,0,0,1312
08/08/2005,PHL,PA,AEA,EN,Combined TRACON& Tower with Radar,680,455,50,4,1189,0,0,8,0,8,680,455,58,4,1197,0,0,0,1197
08/09/2005,PHL,PA,AEA,EN,Combined TRACON& Tower with Radar,996,695,66,2,1759,0,3,17,9,29,996,698,83,11,1788,0,0,0,1788
08/10/2005,PHL,PA,AEA,EN,Combined TRACON& Tower with Radar,868,661,68,1,1598,0,4,12,7,23,868,665,80,8,1621,0,0,0,1621
08/11/2005,PHL,PA,AEA,EN,Combined TRACON& Tower with Radar,900,678,62,0,1640,0,6,27,11,44,900,684,89,11,1684,0,0,0,1684
08/12/2005,PHL,PA,AEA,EN,Combined TRACON& Tower with Radar,877,649,57,0,1583,0,15,24,5,44,877,664,81,5,1627,0,0,0,1627
08/13/2005,PHL,PA,AEA,EN,Combined TRACON& Tower with Radar,733,555,25,0,1313,0,4,12,0,16,733,559,37,0,1329,0,0,0,1329
08/14/2005,PHL,PA,AEA,EN,Combined TRACON& Tower with Radar,709,472,46,0,1227,0,3,5,2,10,709,475,51,2,1237,0,0,0,1237
08/15/2005,PHL,PA,AEA,EN,Combined TRACON& Tower with Radar,853,616,58,0,1527,0,2,16,3,21,853,618,74,3,1548,0,0,0,1548
08/16/2005,PHL,PA,AEA,EN,Combined TRACON& Tower with Radar,818,542,69,0,1429,0,2,9,5,16,818,544,78,5,1445,0,0,0,1445
08/17/2005,PHL,PA,AEA,EN,Combined TRACON& Tower with Radar,938,648,92,1,1679,0,2,19,8,29,938,650,111,9,1708,0,0,0,1708
08/18/2005,PHL,PA,AEA,EN,Combined TRACON& Tower with Radar,865,650,71,0,1586,0,6,37,4,47,865,656,108,4,1633,0,0,0,1633
08/19/2005,PHL,PA,AEA,EN,Combined TRACON& Tower with Radar,878,626,64,1,1569,0,5,16,3,24,878,631,80,4,1593,0,0,0,1593
08/20/2005,PHL,PA,AEA,EN,Combined TRACON& Tower with Radar,703,557,18,2,1280,0,0,14,3,17,703,557,32,5,1297,0,0,0,1297
08/21/2005,PHL,PA,AEA,EN,Combined TRACON& Tower with Radar,740,522,34,0,1296,0,2,12,0,14,740,524,46,0,1310,0,0,0,1310
08/22/2005,PHL,PA,AEA,EN,Combined TRACON& Tower with Radar,802,624,53,0,1479,0,3,27,3,33,802,627,80,3,1512,0,0,0,1512
08/23/2005,PHL,PA,AEA,EN,Combined TRACON& Tower with Radar,854,666,49,2,1571,0,4,46,3,53,854,670,95,5,1624,0,0,0,1624
08/24/2005,PHL,PA,AEA,EN,Combined TRACON& Tower with Radar,865,669,66,0,1600,0,2,37,6,45,865,671,103,6,1645,0,0,0,1645
08/25/2005,PHL,PA,AEA,EN,Combined TRACON& Tower with Radar,841,673,51,1,1566,0,3,28,9,40,841,676,79,10,1606,0,0,0,1606
08/26/2005,PHL,PA,AEA,EN,Combined TRACON& Tower with Radar,842,75,91,10,1018,0,592,0,0,592,842,667,91,10,1610,0,0,0,1610
08/27/2005,PHL,PA,AEA,EN,Combined TRACON& Tower with Radar,682,501,25,0,1208,0,3,12,1,16,682,504,37,1,1224,0,0,0,1224
08/28/2005,PHL,PA,AEA,EN,Combined TRACON& Tower with Radar,717,526,38,1,1282,0,1,5,3,9,717,527,43,4,1291,0,0,0,1291
08/29/2005,PHL,PA,AEA,EN,Combined TRACON& Tower with Radar,764,584,50,2,1400,0,4,6,3,13,764,588,56,5,1413,0,0,0,1413
08/30/2005,PHL,PA,AEA,EN,Combined TRACON& Tower with Radar,824,644,40,1,1509,0,0,14,1,15,824,644,54,2,1524,0,0,0,1524
08/31/2005,PHL,PA,AEA,EN,Combined TRACON& Tower with Radar,833,627,53,0,1513,0,1,17,4,22,833,628,70,4,1535,0,0,0,1535
09/01/2005,PHL,PA,AEA,EN,Combined TRACON& Tower with Radar,851,681,69,0,1601,0,7,26,5,38,851,688,95,5,1639,0,0,0,1639
09/02/2005,PHL,PA,AEA,EN,Combined TRACON& Tower with Radar,849,641,44,0,1534,0,3,18,4,25,849,644,62,4,1559,0,0,0,1559
09/03/2005,PHL,PA,AEA,EN,Combined TRACON& Tower with Radar,658,487,14,0,1159,0,6,16,5,27,658,493,30,5,1186,0,0,0,1186
09/04/2005,PHL,PA,AEA,EN,Combined TRACON& Tower with Radar,637,468,17,0,1122,0,0,11,1,12,637,468,28,1,1134,0,0,0,1134
09/05/2005,PHL,PA,AEA,EN,Combined TRACON& Tower with Radar,720,547,32,2,1301,0,5,15,1,21,720,552,47,3,1322,0,0,0,1322
09/06/2005,PHL,PA,AEA,EN,Combined TRACON& Tower with Radar,771,612,43,0,1426,0,4,39,12,55,771,616,82,12,1481,0,0,0,1481
09/07/2005,PHL,PA,AEA,EN,Combined TRACON& Tower with Radar,855,678,62,2,1597,0,5,35,6,46,855,683,97,8,1643,0,0,0,1643
09/08/2005,PHL,PA,AEA,EN,Combined TRACON& Tower with Radar,838,666,74,0,1578,0,3,18,5,26,838,669,92,5,1604,0,0,0,1604
09/09/2005,PHL,PA,AEA,EN,Combined TRACON& Tower with Radar,839,650,52,2,1543,0,4,13,3,20,839,654,65,5,1563,0,0,0,1563
09/10/2005,PHL,PA,AEA,EN,Combined TRACON& Tower with Radar,658,494,25,0,1177,0,1,13,2,16,658,495,38,2,1193,0,0,0,1193
09/11/2005,PHL,PA,AEA,EN,Combined TRACON& Tower with Radar,711,535,35,0,1281,0,1,12,74,87,711,536,47,74,1368,0,0,0,1368
09/12/2005,PHL,PA,AEA,EN,Combined TRACON& Tower with Radar,767,611,57,1,1436,0,3,27,1,31,767,614,84,2,1467,0,0,0,1467
09/13/2005,PHL,PA,AEA,EN,Combined TRACON& Tower with Radar,840,679,72,0,1591,0,1,32,1,34,840,680,104,1,1625,0,0,0,1625
09/14/2005,PHL,PA,AEA,EN,Combined TRACON& Tower with Radar,771,547,62,2,1382,0,0,4,1,5,771,547,66,3,1387,0,0,0,1387
09/15/2005,PHL,PA,AEA,EN,Combined TRACON& Tower with Radar,854,663,61,1,1579,0,1,14,3,18,854,664,75,4,1597,0,0,0,1597
09/16/2005,PHL,PA,AEA,EN,Combined TRACON& Tower with Radar,838,669,78,2,1587,0,2,15,2,19,838,671,93,4,1606,0,0,0,1606
09/17/2005,PHL,PA,AEA,EN,Combined TRACON& Tower with Radar,678,568,35,0,1281,0,4,4,7,15,678,572,39,7,1296,0,0,0,1296
09/18/2005,PHL,PA,AEA,EN,Combined TRACON& Tower with Radar,673,520,48,0,1241,0,4,29,7,40,673,524,77,7,1281,0,0,0,1281
09/19/2005,PHL,PA,AEA,EN,Combined TRACON& Tower with Radar,734,632,71,1,1438,0,7,14,10,31,734,639,85,11,1469,0,0,0,1469
09/20/2005,PHL,PA,AEA,EN,Combined TRACON& Tower with Radar,808,680,91,0,1579,0,5,19,3,27,808,685,110,3,1606,0,0,0,1606
09/21/2005,PHL,PA,AEA,EN,Combined TRACON& Tower with Radar,823,694,62,1,1580,0,5,41,1,47,823,699,103,2,1627,0,0,0,1627
09/22/2005,PHL,PA,AEA,EN,Combined TRACON& Tower with Radar,813,689,92,0,1594,0,5,41,4,50,813,694,133,4,1644,0,0,0,1644
09/23/2005,PHL,PA,AEA,EN,Combined TRACON& Tower with Radar,826,698,78,0,1602,0,0,42,1,43,826,698,120,1,1645,0,0,0,1645
09/24/2005,PHL,PA,AEA,EN,Combined TRACON& Tower with Radar,639,531,22,0,1192,0,3,25,0,28,639,534,47,0,1220,0,0,0,1220
09/25/2005,PHL,PA,AEA,EN,Combined TRACON& Tower with Radar,669,546,44,0,1259,0,6,9,3,18,669,552,53,3,1277,0,0,0,1277
09/26/2005,PHL,PA,AEA,EN,Combined TRACON& Tower with Radar,738,551,61,0,1350,0,1,7,13,21,738,552,68,13,1371,0,0,0,1371
09/27/2005,PHL,PA,AEA,EN,Combined TRACON& Tower with Radar,837,694,63,2,1596,0,10,36,4,50,837,704,99,6,1646,0,0,0,1646
09/28/2005,PHL,PA,AEA,EN,Combined TRACON& Tower with Radar,809,664,62,0,1535,0,13,29,5,47,809,677,91,5,1582,0,0,0,1582
09/29/2005,PHL,PA,AEA,EN,Combined TRACON& Tower with Radar,791,595,100,0,1486,0,5,25,4,34,791,600,125,4,1520,0,0,0,1520
09/30/2005,PHL,PA,AEA,EN,Combined TRACON& Tower with Radar,833,671,58,0,1562,0,13,60,4,77,833,684,118,4,1639,0,0,0,1639
10/01/2005,PHL,PA,AEA,EN,Combined TRACON& Tower with Radar,665,523,28,0,1216,0,2,11,3,16,665,525,39,3,1232,0,0,0,1232
10/02/2005,PHL,PA,AEA,EN,Combined TRACON& Tower with Radar,674,520,51,0,1245,0,2,14,2,18,674,522,65,2,1263,0,0,0,1263
10/03/2005,PHL,PA,AEA,EN,Combined TRACON& Tower with Radar,777,629,53,2,1461,0,6,28,4,38,777,635,81,6,1499,0,0,0,1499
10/04/2005,PHL,PA,AEA,EN,Combined TRACON& Tower with Radar,805,620,61,2,1488,0,3,5,2,10,805,623,66,4,1498,0,0,0,1498
10/05/2005,PHL,PA,AEA,EN,Combined TRACON& Tower with Radar,867,696,72,0,1635,0,6,32,6,44,867,702,104,6,1679,0,0,0,1679
10/06/2005,PHL,PA,AEA,EN,Combined TRACON& Tower with Radar,820,675,103,0,1598,0,1,15,0,16,820,676,118,0,1614,0,0,0,1614
10/07/2005,PHL,PA,AEA,EN,Combined TRACON& Tower with Radar,827,633,72,0,1532,0,0,7,1,8,827,633,79,1,1540,0,0,0,1540
10/08/2005,PHL,PA,AEA,EN,Combined TRACON& Tower with Radar,687,512,28,0,1227,0,2,0,0,2,687,514,28,0,1229,0,0,0,1229
10/09/2005,PHL,PA,AEA,EN,Combined TRACON& Tower with Radar,697,502,24,1,1224,0,1,16,0,17,697,503,40,1,1241,0,0,0,1241
10/10/2005,PHL,PA,AEA,EN,Combined TRACON& Tower with Radar,741,588,62,0,1391,0,0,5,0,5,741,588,67,0,1396,0,0,0,1396
10/11/2005,PHL,PA,AEA,EN,Combined TRACON& Tower with Radar,831,628,90,0,1549,0,0,2,0,2,831,628,92,0,1551,0,0,0,1551
10/12/2005,PHL,PA,AEA,EN,Combined TRACON& Tower with Radar,694,539,53,0,1286,0,6,4,4,14,694,545,57,4,1300,0,0,0,1300
10/13/2005,PHL,PA,AEA,EN,Combined TRACON& Tower with Radar,754,479,39,0,1272,0,0,2,0,2,754,479,41,0,1274,0,0,0,1274
10/14/2005,PHL,PA,AEA,EN,Combined TRACON& Tower with Radar,857,584,55,0,1496,0,0,2,0,2,857,584,57,0,1498,0,0,0,1498
10/15/2005,PHL,PA,AEA,EN,Combined TRACON& Tower with Radar,857,584,55,0,1496,0,0,2,0,2,857,584,57,0,1498,0,0,0,1498
10/16/2005,PHL,PA,AEA,EN,Combined TRACON& Tower with Radar,697,497,35,0,1229,0,1,7,4,12,697,498,42,4,1241,0,0,0,1241
10/17/2005,PHL,PA,AEA,EN,Combined TRACON& Tower with Radar,770,623,55,0,1448,0,1,21,5,27,770,624,76,5,1475,0,0,0,1475
10/18/2005,PHL,PA,AEA,EN,Combined TRACON& Tower with Radar,840,685,93,1,1619,0,4,13,3,20,840,689,106,4,1639,0,0,0,1639
10/19/2005,PHL,PA,AEA,EN,Combined TRACON& Tower with Radar,850,693,77,0,1620,0,5,25,7,37,850,698,102,7,1657,0,0,0,1657
10/20/2005,PHL,PA,AEA,EN,Combined TRACON& Tower with Radar,834,683,95,0,1612,0,6,29,5,40,834,689,124,5,1652,0,0,0,1652
10/21/2005,PHL,PA,AEA,EN,Combined TRACON& Tower with Radar,828,663,74,0,1565,0,1,13,3,17,828,664,87,3,1582,0,0,0,1582
10/22/2005,PHL,PA,AEA,EN,Combined TRACON& Tower with Radar,694,464,29,0,1187,0,0,1,0,1,694,464,30,0,1188,0,0,0,1188
10/23/2005,PHL,PA,AEA,EN,Combined TRACON& Tower with Radar,691,527,56,0,1274,1,5,11,4,21,692,532,67,4,1295,0,0,0,1295
10/24/2005,PHL,PA,AEA,EN,Combined TRACON& Tower with Radar,683,546,57,0,1286,0,5,20,5,30,683,551,77,5,1316,0,0,0,1316
10/25/2005,PHL,PA,AEA,EN,Combined TRACON& Tower with Radar,740,516,33,2,1291,0,0,1,1,2,740,516,34,3,1293,0,0,0,1293
10/26/2005,PHL,PA,AEA,EN,Combined TRACON& Tower with Radar,823,667,67,0,1557,0,2,27,5,34,823,669,94,5,1591,0,0,0,1591
10/27/2005,PHL,PA,AEA,EN,Combined TRACON& Tower with Radar,838,676,75,1,1590,0,2,24,17,43,838,678,99,18,1633,0,0,0,1633
10/28/2005,PHL,PA,AEA,EN,Combined TRACON& Tower with Radar,846,682,76,0,1604,0,6,35,7,48,846,688,111,7,1652,0,0,0,1652
10/29/2005,PHL,PA,AEA,EN,Combined TRACON& Tower with Radar,677,461,30,0,1168,0,1,9,3,13,677,462,39,3,1181,0,0,0,1181
10/30/2005,PHL,PA,AEA,EN,Combined TRACON& Tower with Radar,676,495,34,0,1205,0,11,19,1,31,676,506,53,1,1236,0,0,0,1236
10/31/2005,PHL,PA,AEA,EN,Combined TRACON& Tower with Radar,735,609,51,0,1395,0,2,14,8,24,735,611,65,8,1419,0,0,0,1419
11/01/2005,PHL,PA,AEA,EN,Combined TRACON& Tower with Radar,822,680,73,0,1575,0,7,29,12,48,822,687,102,12,1623,0,0,0,1623
11/02/2005,PHL,PA,AEA,EN,Combined TRACON& Tower with Radar,823,663,74,0,1560,0,10,29,16,55,823,673,103,16,1615,0,0,0,1615
11/03/2005,PHL,PA,AEA,EN,Combined TRACON& Tower with Radar,831,678,90,0,1599,0,4,24,5,33,831,682,114,5,1632,0,0,0,1632
11/04/2005,PHL,PA,AEA,EN,Combined TRACON& Tower with Radar,831,672,67,0,1570,0,5,26,8,39,831,677,93,8,1609,0,0,0,1609
11/05/2005,PHL,PA,AEA,EN,Combined TRACON& Tower with Radar,648,464,25,0,1137,0,3,16,1,20,648,467,41,1,1157,0,0,0,1157
11/06/2005,PHL,PA,AEA,EN,Combined TRACON& Tower with Radar,628,448,43,0,1119,0,3,8,1,12,628,451,51,1,1131,0,0,0,1131
11/07/2005,PHL,PA,AEA,EN,Combined TRACON& Tower with Radar,803,652,56,0,1511,0,1,17,4,22,803,653,73,4,1533,0,0,0,1533
11/08/2005,PHL,PA,AEA,EN,Combined TRACON& Tower with Radar,799,671,52,0,1522,0,9,28,0,37,799,680,80,0,1559,0,0,0,1559
11/09/2005,PHL,PA,AEA,EN,Combined TRACON& Tower with Radar,742,644,75,2,1463,0,1,10,3,14,742,645,85,5,1477,0,0,0,1477
11/10/2005,PHL,PA,AEA,EN,Combined TRACON& Tower with Radar,795,768,61,0,1624,0,3,20,14,37,795,771,81,14,1661,0,0,0,1661
11/11/2005,PHL,PA,AEA,EN,Combined TRACON& Tower with Radar,779,647,64,1,1491,0,5,35,6,46,779,652,99,7,1537,0,0,0,1537
11/12/2005,PHL,PA,AEA,EN,Combined TRACON& Tower with Radar,636,519,31,0,1186,0,2,13,5,20,636,521,44,5,1206,0,0,0,1206
11/13/2005,PHL,PA,AEA,EN,Combined TRACON& Tower with Radar,648,601,51,0,1300,0,1,15,1,17,648,602,66,1,1317,0,0,0,1317
11/14/2005,PHL,PA,AEA,EN,Combined TRACON& Tower with Radar,708,695,64,0,1467,0,0,25,4,29,708,695,89,4,1496,0,0,0,1496
11/15/2005,PHL,PA,AEA,EN,Combined TRACON& Tower with Radar,740,707,76,1,1524,0,2,19,4,25,740,709,95,5,1549,0,0,0,1549
11/16/2005,PHL,PA,AEA,EN,Combined TRACON& Tower with Radar,730,634,61,0,1425,0,2,7,5,14,730,636,68,5,1439,0,0,0,1439
11/17/2005,PHL,PA,AEA,EN,Combined TRACON& Tower with Radar,830,807,72,0,1709,0,2,25,4,31,830,809,97,4,1740,0,0,0,1740
11/18/2005,PHL,PA,AEA,EN,Combined TRACON& Tower with Radar,779,725,64,0,1568,0,7,28,11,46,779,732,92,11,1614,0,0,0,1614
11/19/2005,PHL,PA,AEA,EN,Combined TRACON& Tower with Radar,632,526,27,0,1185,0,4,33,6,43,632,530,60,6,1228,0,0,0,1228
11/20/2005,PHL,PA,AEA,EN,Combined TRACON& Tower with Radar,644,604,49,0,1297,0,7,9,5,21,644,611,58,5,1318,0,0,0,1318
11/21/2005,PHL,PA,AEA,EN,Combined TRACON& Tower with Radar,683,629,41,0,1353,0,2,11,4,17,683,631,52,4,1370,0,0,0,1370
11/22/2005,PHL,PA,AEA,EN,Combined TRACON& Tower with Radar,788,722,57,1,1568,0,1,8,2,11,788,723,65,3,1579,0,0,0,1579
11/23/2005,PHL,PA,AEA,EN,Combined TRACON& Tower with Radar,818,757,60,2,1637,0,2,36,13,51,818,759,96,15,1688,0,0,0,1688
11/24/2005,PHL,PA,AEA,EN,Combined TRACON& Tower with Radar,631,651,14,1,1297,0,2,7,2,11,631,653,21,3,1308,0,0,0,1308
11/25/2005,PHL,PA,AEA,EN,Combined TRACON& Tower with Radar,583,515,16,1,1115,0,2,19,1,22,583,517,35,2,1137,0,0,0,1137
11/26/2005,PHL,PA,AEA,EN,Combined TRACON& Tower with Radar,613,535,23,0,1171,0,6,24,1,31,613,541,47,1,1202,0,0,0,1202
11/27/2005,PHL,PA,AEA,EN,Combined TRACON& Tower with Radar,653,627,62,0,1342,0,2,23,8,33,653,629,85,8,1375,0,0,0,1375
11/28/2005,PHL,PA,AEA,EN,Combined TRACON& Tower with Radar,694,631,60,0,1385,0,3,16,4,23,694,634,76,4,1408,0,0,0,1408
11/29/2005,PHL,PA,AEA,EN,Combined TRACON& Tower with Radar,787,676,42,0,1505,0,2,7,5,14,787,678,49,5,1519,0,0,0,1519
11/30/2005,PHL,PA,AEA,EN,Combined TRACON& Tower with Radar,808,762,62,0,1632,0,5,21,6,32,808,767,83,6,1664,0,0,0,1664
12/01/2005,PHL,PA,AEA,EN,Combined TRACON& Tower with Radar,775,748,42,0,1565,0,13,45,14,72,775,761,87,14,1637,0,0,0,1637
12/02/2005,PHL,PA,AEA,EN,Combined TRACON& Tower with Radar,770,741,49,1,1561,0,3,20,6,29,770,744,69,7,1590,0,0,0,1590
12/03/2005,PHL,PA,AEA,EN,Combined TRACON& Tower with Radar,613,529,38,3,1183,0,5,44,3,52,613,534,82,6,1235,0,0,0,1235
12/04/2005,PHL,PA,AEA,EN,Combined TRACON& Tower with Radar,613,556,40,0,1209,0,2,1,1,4,613,558,41,1,1213,0,0,0,1213
12/05/2005,PHL,PA,AEA,EN,Combined TRACON& Tower with Radar,633,624,84,0,1341,0,1,9,0,10,633,625,93,0,1351,0,0,0,1351
12/06/2005,PHL,PA,AEA,EN,Combined TRACON& Tower with Radar,779,747,73,2,1601,0,2,22,4,28,779,749,95,6,1629,0,0,0,1629
12/07/2005,PHL,PA,AEA,EN,Combined TRACON& Tower with Radar,743,694,68,0,1505,0,3,20,2,25,743,697,88,2,1530,0,0,0,1530
12/08/2005,PHL,PA,AEA,EN,Combined TRACON& Tower with Radar,750,720,71,1,1542,0,7,28,8,43,750,727,99,9,1585,0,0,0,1585
12/09/2005,PHL,PA,AEA,EN,Combined TRACON& Tower with Radar,641,542,52,0,1235,0,1,10,4,15,641,543,62,4,1250,0,0,0,1250
12/10/2005,PHL,PA,AEA,EN,Combined TRACON& Tower with Radar,611,557,21,0,1189,0,3,21,9,33,611,560,42,9,1222,0,0,0,1222
12/11/2005,PHL,PA,AEA,EN,Combined TRACON& Tower with Radar,619,588,42,1,1250,0,3,9,1,13,619,591,51,2,1263,0,0,0,1263
12/12/2005,PHL,PA,AEA,EN,Combined TRACON& Tower with Radar,679,674,44,1,1398,0,3,21,6,30,679,677,65,7,1428,0,0,0,1428
12/13/2005,PHL,PA,AEA,EN,Combined TRACON& Tower with Radar,740,687,81,1,1509,0,11,21,6,38,740,698,102,7,1547,0,0,0,1547
12/14/2005,PHL,PA,AEA,EN,Combined TRACON& Tower with Radar,743,718,55,2,1518,0,6,28,2,36,743,724,83,4,1554,0,0,0,1554
12/15/2005,PHL,PA,AEA,EN,Combined TRACON& Tower with Radar,698,583,55,3,1339,0,5,18,1,24,698,588,73,4,1363,0,0,0,1363
12/16/2005,PHL,PA,AEA,EN,Combined TRACON& Tower with Radar,836,682,61,1,1580,0,1,15,2,18,836,683,76,3,1598,0,0,0,1598
12/17/2005,PHL,PA,AEA,EN,Combined TRACON& Tower with Radar,633,539,34,0,1206,0,6,13,2,21,633,545,47,2,1227,0,0,0,1227
12/18/2005,PHL,PA,AEA,EN,Combined TRACON& Tower with Radar,655,582,30,0,1267,0,5,9,6,20,655,587,39,6,1287,0,0,0,1287
12/19/2005,PHL,PA,AEA,EN,Combined TRACON& Tower with Radar,696,660,40,0,1396,0,0,20,6,26,696,660,60,6,1422,0,0,0,1422
12/20/2005,PHL,PA,AEA,EN,Combined TRACON& Tower with Radar,814,699,45,2,1560,0,1,18,11,30,814,700,63,13,1590,0,0,0,1590
12/21/2005,PHL,PA,AEA,EN,Combined TRACON& Tower with Radar,830,716,30,0,1576,0,5,15,3,23,830,721,45,3,1599,0,0,0,1599
12/22/2005,PHL,PA,AEA,EN,Combined TRACON& Tower with Radar,824,701,47,2,1574,0,4,12,6,22,824,705,59,8,1596,0,0,0,1596
12/23/2005,PHL,PA,AEA,EN,Combined TRACON& Tower with Radar,805,731,40,0,1576,0,2,24,6,32,805,733,64,6,1608,0,0,0,1608
12/24/2005,PHL,PA,AEA,EN,Combined TRACON& Tower with Radar,684,523,11,0,1218,0,1,6,2,9,684,524,17,2,1227,0,0,0,1227
12/25/2005,PHL,PA,AEA,EN,Combined TRACON& Tower with Radar,583,541,6,0,1130,0,1,2,0,3,583,542,8,0,1133,0,0,0,1133
12/26/2005,PHL,PA,AEA,EN,Combined TRACON& Tower with Radar,662,609,34,0,1305,0,1,6,3,10,662,610,40,3,1315,0,0,0,1315
12/27/2005,PHL,PA,AEA,EN,Combined TRACON& Tower with Radar,718,676,41,0,1435,0,2,5,1,8,718,678,46,1,1443,0,0,0,1443
12/28/2005,PHL,PA,AEA,EN,Combined TRACON& Tower with Radar,764,699,22,1,1486,0,8,16,4,28,764,707,38,5,1514,0,0,0,1514
12/29/2005,PHL,PA,AEA,EN,Combined TRACON& Tower with Radar,746,617,16,1,1380,0,0,0,0,0,746,617,16,1,1380,0,0,0,1380
12/30/2005,PHL,PA,AEA,EN,Combined TRACON& Tower with Radar,790,714,26,0,1530,0,2,16,1,19,790,716,42,1,1549,0,0,0,1549
12/31/2005,PHL,PA,AEA,EN,Combined TRACON& Tower with Radar,653,531,14,2,1200,0,2,2,0,4,653,533,16,2,1204,0,0,0,1204
01/01/2006,PHL,PA,AEA,EN,Combined TRACON& Tower with Radar,603,567,27,0,1197,0,5,13,9,27,603,572,40,9,1224,0,0,0,1224
01/02/2006,PHL,PA,AEA,EN,Combined TRACON& Tower with Radar,641,557,39,0,1237,0,2,3,1,6,641,559,42,1,1243,0,0,0,1243
01/03/2006,PHL,PA,AEA,EN,Combined TRACON& Tower with Radar,603,500,28,0,1131,0,0,0,0,0,603,500,28,0,1131,0,0,0,1131
01/04/2006,PHL,PA,AEA,EN,Combined TRACON& Tower with Radar,812,737,62,0,1611,0,3,30,6,39,812,740,92,6,1650,0,0,0,1650
01/05/2006,PHL,PA,AEA,EN,Combined TRACON& Tower with Radar,752,728,40,1,1521,0,2,4,4,10,752,730,44,5,1531,0,0,0,1531
01/06/2006,PHL,PA,AEA,EN,Combined TRACON& Tower with Radar,740,737,60,0,1537,0,9,12,12,33,740,746,72,12,1570,0,0,0,1570
01/07/2006,PHL,PA,AEA,EN,Combined TRACON& Tower with Radar,599,518,19,0,1136,0,8,9,4,21,599,526,28,4,1157,0,0,0,1157
01/08/2006,PHL,PA,AEA,EN,Combined TRACON& Tower with Radar,607,563,30,0,1200,0,3,16,2,21,607,566,46,2,1221,0,0,0,1221
01/09/2006,PHL,PA,AEA,EN,Combined TRACON& Tower with Radar,676,639,40,0,1355,0,6,18,1,25,676,645,58,1,1380,0,0,0,1380
01/10/2006,PHL,PA,AEA,EN,Combined TRACON& Tower with Radar,746,633,37,2,1418,0,5,18,13,36,746,638,55,15,1454,0,0,0,1454
01/11/2006,PHL,PA,AEA,EN,Combined TRACON& Tower with Radar,658,518,35,0,1211,0,1,4,0,5,658,519,39,0,1216,0,0,0,1216
01/12/2006,PHL,PA,AEA,EN,Combined TRACON& Tower with Radar,777,691,52,3,1523,0,1,13,2,16,777,692,65,5,1539,0,0,0,1539
01/13/2006,PHL,PA,AEA,EN,Combined TRACON& Tower with Radar,679,366,40,0,1085,0,2,1,0,3,679,368,41,0,1088,0,0,0,1088
01/14/2006,PHL,PA,AEA,EN,Combined TRACON& Tower with Radar,508,398,32,2,940,0,0,0,0,0,508,398,32,2,940,0,0,0,940
01/15/2006,PHL,PA,AEA,EN,Combined TRACON& Tower with Radar,641,495,28,0,1164,0,1,3,0,4,641,496,31,0,1168,0,0,0,1168
01/16/2006,PHL,PA,AEA,EN,Combined TRACON& Tower with Radar,678,580,44,0,1302,0,1,17,3,21,678,581,61,3,1323,0,0,0,1323
01/17/2006,PHL,PA,AEA,EN,Combined TRACON& Tower with Radar,718,555,53,0,1326,0,6,62,7,75,718,561,115,7,1401,0,0,0,1401
01/18/2006,PHL,PA,AEA,EN,Combined TRACON& Tower with Radar,689,525,44,0,1258,0,1,5,4,10,689,526,49,4,1268,0,0,0,1268
01/19/2006,PHL,PA,AEA,EN,Combined TRACON& Tower with Radar,742,658,53,0,1453,0,6,18,3,27,742,664,71,3,1480,0,0,0,1480
01/20/2006,PHL,PA,AEA,EN,Combined TRACON& Tower with Radar,753,636,40,0,1429,0,7,18,8,33,753,643,58,8,1462,0,0,0,1462
01/21/2006,PHL,PA,AEA,EN,Combined TRACON& Tower with Radar,610,483,12,0,1105,0,1,4,0,5,610,484,16,0,1110,0,0,0,1110
01/22/2006,PHL,PA,AEA,EN,Combined TRACON& Tower with Radar,616,531,17,0,1164,0,4,18,0,22,616,535,35,0,1186,0,0,0,1186
01/23/2006,PHL,PA,AEA,EN,Combined TRACON& Tower with Radar,646,510,40,0,1196,0,1,3,1,5,646,511,43,1,1201,0,0,0,1201
01/24/2006,PHL,PA,AEA,EN,Combined TRACON& Tower with Radar,761,662,60,0,1483,0,8,18,10,36,761,670,78,10,1519,0,0,0,1519
01/25/2006,PHL,PA,AEA,EN,Combined TRACON& Tower with Radar,734,637,60,2,1433,0,2,21,2,25,734,639,81,4,1458,0,0,0,1458
01/26/2006,PHL,PA,AEA,EN,Combined TRACON& Tower with Radar,730,672,41,0,1443,0,3,15,0,18,730,675,56,0,1461,0,0,0,1461
01/27/2006,PHL,PA,AEA,EN,Combined TRACON& Tower with Radar,756,647,34,0,1437,0,14,33,5,52,756,661,67,5,1489,0,0,0,1489
01/28/2006,PHL,PA,AEA,EN,Combined TRACON& Tower with Radar,596,484,17,0,1097,0,8,8,0,16,596,492,25,0,1113,0,0,0,1113
01/29/2006,PHL,PA,AEA,EN,Combined TRACON& Tower with Radar,617,484,28,0,1129,0,1,10,0,11,617,485,38,0,1140,0,0,0,1140
01/30/2006,PHL,PA,AEA,EN,Combined TRACON& Tower with Radar,600,368,23,3,994,0,3,8,2,13,600,371,31,5,1007,0,0,0,1007
01/31/2006,PHL,PA,AEA,EN,Combined TRACON& Tower with Radar,743,642,52,2,1439,0,6,3,5,14,743,648,55,7,1453,0,0,0,1453
02/01/2006,PHL,PA,AEA,EN,Combined TRACON& Tower with Radar,732,650,67,0,1449,0,6,26,0,32,732,656,93,0,1481,0,0,0,1481
02/02/2006,PHL,PA,AEA,EN,Combined TRACON& Tower with Radar,747,647,64,0,1458,0,9,18,3,30,747,656,82,3,1488,0,0,0,1488
02/03/2006,PHL,PA,AEA,EN,Combined TRACON& Tower with Radar,748,635,51,0,1434,0,1,6,8,15,748,636,57,8,1449,0,0,0,1449
02/04/2006,PHL,PA,AEA,EN,Combined TRACON& Tower with Radar,588,439,33,0,1060,0,3,5,3,11,588,442,38,3,1071,0,0,0,1071
02/05/2006,PHL,PA,AEA,EN,Combined TRACON& Tower with Radar,655,552,37,2,1246,0,1,35,3,39,655,553,72,5,1285,0,0,0,1285
02/06/2006,PHL,PA,AEA,EN,Combined TRACON& Tower with Radar,681,609,68,0,1358,0,4,16,3,23,681,613,84,3,1381,0,0,0,1381
02/07/2006,PHL,PA,AEA,EN,Combined TRACON& Tower with Radar,754,639,53,0,1446,0,12,22,11,45,754,651,75,11,1491,0,0,0,1491
02/08/2006,PHL,PA,AEA,EN,Combined TRACON& Tower with Radar,704,558,61,2,1325,0,9,27,10,46,704,567,88,12,1371,0,0,0,1371
02/09/2006,PHL,PA,AEA,EN,Combined TRACON& Tower with Radar,766,635,34,2,1437,0,6,21,9,36,766,641,55,11,1473,0,0,0,1473
02/10/2006,PHL,PA,AEA,EN,Combined TRACON& Tower with Radar,760,636,55,2,1453,0,6,20,10,36,760,642,75,12,1489,0,0,0,1489
02/11/2006,PHL,PA,AEA,EN,Combined TRACON& Tower with Radar,568,422,22,2,1014,0,0,4,5,9,568,422,26,7,1023,0,0,0,1023
02/12/2006,PHL,PA,AEA,EN,Combined TRACON& Tower with Radar,264,154,28,0,446,0,0,1,1,2,264,154,29,1,448,0,0,0,448
02/13/2006,PHL,PA,AEA,EN,Combined TRACON& Tower with Radar,707,570,60,0,1337,0,2,17,4,23,707,572,77,4,1360,0,0,0,1360
02/14/2006,PHL,PA,AEA,EN,Combined TRACON& Tower with Radar,788,684,44,0,1516,0,9,23,6,38,788,693,67,6,1554,0,0,0,1554
02/15/2006,PHL,PA,AEA,EN,Combined TRACON& Tower with Radar,769,653,61,0,1483,0,2,31,11,44,769,655,92,11,1527,0,0,0,1527
02/16/2006,PHL,PA,AEA,EN,Combined TRACON& Tower with Radar,750,667,65,0,1482,0,13,23,6,42,750,680,88,6,1524,0,0,0,1524
02/17/2006,PHL,PA,AEA,EN,Combined TRACON& Tower with Radar,778,668,59,0,1505,0,2,6,1,9,778,670,65,1,1514,0,0,0,1514
02/18/2006,PHL,PA,AEA,EN,Combined TRACON& Tower with Radar,633,546,26,0,1205,0,1,7,5,13,633,547,33,5,1218,0,0,0,1218
02/19/2006,PHL,PA,AEA,EN,Combined TRACON& Tower with Radar,633,544,23,0,1200,0,2,7,1,10,633,546,30,1,1210,0,0,0,1210
02/20/2006,PHL,PA,AEA,EN,Combined TRACON& Tower with Radar,704,634,60,0,1398,0,5,27,10,42,704,639,87,10,1440,0,0,0,1440
02/21/2006,PHL,PA,AEA,EN,Combined TRACON& Tower with Radar,780,613,51,2,1446,0,5,8,9,22,780,618,59,11,1468,0,0,0,1468
02/22/2006,PHL,PA,AEA,EN,Combined TRACON& Tower with Radar,766,671,76,0,1513,0,2,13,2,17,766,673,89,2,1530,0,0,0,1530
02/23/2006,PHL,PA,AEA,EN,Combined TRACON& Tower with Radar,789,676,60,1,1526,0,1,8,2,11,789,677,68,3,1537,0,0,0,1537
02/24/2006,PHL,PA,AEA,EN,Combined TRACON& Tower with Radar,777,716,49,1,1543,0,4,14,4,22,777,720,63,5,1565,0,0,0,1565
02/25/2006,PHL,PA,AEA,EN,Combined TRACON& Tower with Radar,637,534,24,0,1195,0,6,7,3,16,637,540,31,3,1211,0,0,0,1211
02/26/2006,PHL,PA,AEA,EN,Combined TRACON& Tower with Radar,637,575,30,0,1242,0,6,10,1,17,637,581,40,1,1259,0,0,0,1259
02/27/2006,PHL,PA,AEA,EN,Combined TRACON& Tower with Radar,703,626,58,2,1389,0,4,16,8,28,703,630,74,10,1417,0,0,0,1417
02/28/2006,PHL,PA,AEA,EN,Combined TRACON& Tower with Radar,775,687,51,0,1513,0,5,23,9,37,775,692,74,9,1550,0,0,0,1550
03/01/2006,PHL,PA,AEA,EN,Combined TRACON& Tower with Radar,781,670,59,0,1510,0,10,31,11,52,781,680,90,11,1562,0,0,0,1562
03/02/2006,PHL,PA,AEA,EN,Combined TRACON& Tower with Radar,699,598,48,0,1345,0,3,3,2,8,699,601,51,2,1353,0,0,0,1353
03/03/2006,PHL,PA,AEA,EN,Combined TRACON& Tower with Radar,825,726,73,1,1625,0,12,10,5,27,825,738,83,6,1652,0,0,0,1652
03/04/2006,PHL,PA,AEA,EN,Combined TRACON& Tower with Radar,639,559,16,0,1214,0,1,7,2,10,639,560,23,2,1224,0,0,0,1224
03/05/2006,PHL,PA,AEA,EN,Combined TRACON& Tower with Radar,635,565,27,0,1227,0,4,12,4,20,635,569,39,4,1247,0,0,0,1247
03/06/2006,PHL,PA,AEA,EN,Combined TRACON& Tower with Radar,719,627,49,0,1395,0,3,19,6,28,719,630,68,6,1423,0,0,0,1423
03/07/2006,PHL,PA,AEA,EN,Combined TRACON& Tower with Radar,777,669,59,0,1505,0,11,20,8,39,777,680,79,8,1544,0,0,0,1544
03/08/2006,PHL,PA,AEA,EN,Combined TRACON& Tower with Radar,783,689,64,0,1536,0,11,27,4,42,783,700,91,4,1578,0,0,0,1578
03/09/2006,PHL,PA,AEA,EN,Combined TRACON& Tower with Radar,780,682,63,0,1525,0,4,26,4,34,780,686,89,4,1559,0,0,0,1559
03/10/2006,PHL,PA,AEA,EN,Combined TRACON& Tower with Radar,796,679,37,1,1513,0,5,15,2,22,796,684,52,3,1535,0,0,0,1535
03/11/2006,PHL,PA,AEA,EN,Combined TRACON& Tower with Radar,628,559,24,0,1211,0,4,10,5,19,628,563,34,5,1230,0,0,0,1230
03/12/2006,PHL,PA,AEA,EN,Combined TRACON& Tower with Radar,607,474,45,0,1126,0,3,9,12,24,607,477,54,12,1150,0,0,0,1150
03/13/2006,PHL,PA,AEA,EN,Combined TRACON& Tower with Radar,752,587,54,1,1394,0,5,15,8,28,752,592,69,9,1422,0,0,0,1422
03/14/2006,PHL,PA,AEA,EN,Combined TRACON& Tower with Radar,785,673,54,2,1514,0,5,20,4,29,785,678,74,6,1543,0,0,0,1543
03/15/2006,PHL,PA,AEA,EN,Combined TRACON& Tower with Radar,789,682,52,0,1523,0,6,4,7,17,789,688,56,7,1540,0,0,0,1540
03/16/2006,PHL,PA,AEA,EN,Combined TRACON& Tower with Radar,780,704,78,1,1563,1,4,23,2,30,781,708,101,3,1593,0,0,0,1593
03/17/2006,PHL,PA,AEA,EN,Combined TRACON& Tower with Radar,805,674,54,0,1533,0,6,28,8,42,805,680,82,8,1575,0,0,0,1575
03/18/2006,PHL,PA,AEA,EN,Combined TRACON& Tower with Radar,631,565,35,0,1231,0,8,6,4,18,631,573,41,4,1249,0,0,0,1249
03/19/2006,PHL,PA,AEA,EN,Combined TRACON& Tower with Radar,651,583,38,0,1272,0,3,13,0,16,651,586,51,0,1288,0,0,0,1288
03/20/2006,PHL,PA,AEA,EN,Combined TRACON& Tower with Radar,725,616,39,0,1380,0,2,19,7,28,725,618,58,7,1408,0,0,0,1408
03/21/2006,PHL,PA,AEA,EN,Combined TRACON& Tower with Radar,794,671,68,0,1533,0,6,23,4,33,794,677,91,4,1566,0,0,0,1566
03/22/2006,PHL,PA,AEA,EN,Combined TRACON& Tower with Radar,773,668,66,0,1507,0,15,19,7,41,773,683,85,7,1548,0,0,0,1548
03/23/2006,PHL,PA,AEA,EN,Combined TRACON& Tower with Radar,781,696,64,3,1544,0,5,28,6,39,781,701,92,9,1583,0,0,0,1583
03/24/2006,PHL,PA,AEA,EN,Combined TRACON& Tower with Radar,799,700,55,1,1555,0,7,16,5,28,799,707,71,6,1583,0,0,0,1583
03/25/2006,PHL,PA,AEA,EN,Combined TRACON& Tower with Radar,626,574,26,1,1227,0,4,6,0,10,626,578,32,1,1237,0,0,0,1237
03/26/2006,PHL,PA,AEA,EN,Combined TRACON& Tower with Radar,647,581,39,0,1267,1,1,3,0,5,648,582,42,0,1272,0,0,0,1272
03/27/2006,PHL,PA,AEA,EN,Combined TRACON& Tower with Radar,719,627,36,0,1382,0,4,22,1,27,719,631,58,1,1409,0,0,0,1409
03/28/2006,PHL,PA,AEA,EN,Combined TRACON& Tower with Radar,767,663,41,2,1473,0,5,20,3,28,767,668,61,5,1501,0,0,0,1501
03/29/2006,PHL,PA,AEA,EN,Combined TRACON& Tower with Radar,786,671,58,0,1515,0,4,21,5,30,786,675,79,5,1545,0,0,0,1545
03/30/2006,PHL,PA,AEA,EN,Combined TRACON& Tower with Radar,788,665,72,0,1525,0,13,33,11,57,788,678,105,11,1582,0,0,0,1582
03/31/2006,PHL,PA,AEA,EN,Combined TRACON& Tower with Radar,784,686,46,0,1516,0,8,30,3,41,784,694,76,3,1557,0,0,0,1557
04/01/2006,PHL,PA,AEA,EN,Combined TRACON& Tower with Radar,640,574,34,0,1248,0,1,13,1,15,640,575,47,1,1263,0,0,0,1263
04/02/2006,PHL,PA,AEA,EN,Combined TRACON& Tower with Radar,644,568,35,0,1247,0,3,12,1,16,644,571,47,1,1263,0,0,0,1263
04/03/2006,PHL,PA,AEA,EN,Combined TRACON& Tower with Radar,654,543,52,0,1249,0,0,22,10,32,654,543,74,10,1281,0,0,0,1281
04/04/2006,PHL,PA,AEA,EN,Combined TRACON& Tower with Radar,835,714,43,1,1593,0,3,14,2,19,835,717,57,3,1612,0,0,0,1612
04/05/2006,PHL,PA,AEA,EN,Combined TRACON& Tower with Radar,769,685,69,0,1523,0,1,6,1,8,769,686,75,1,1531,0,0,0,1531
04/06/2006,PHL,PA,AEA,EN,Combined TRACON& Tower with Radar,798,694,74,0,1566,0,4,26,5,35,798,698,100,5,1601,0,0,0,1601
04/07/2006,PHL,PA,AEA,EN,Combined TRACON& Tower with Radar,757,625,62,0,1444,0,4,16,4,24,757,629,78,4,1468,0,0,0,1468
04/08/2006,PHL,PA,AEA,EN,Combined TRACON& Tower with Radar,633,499,32,0,1164,0,0,3,1,4,633,499,35,1,1168,0,0,0,1168
04/09/2006,PHL,PA,AEA,EN,Combined TRACON& Tower with Radar,680,612,46,0,1338,0,2,18,3,23,680,614,64,3,1361,0,0,0,1361
04/10/2006,PHL,PA,AEA,EN,Combined TRACON& Tower with Radar,722,630,65,0,1417,0,1,29,17,47,722,631,94,17,1464,0,0,0,1464
04/11/2006,PHL,PA,AEA,EN,Combined TRACON& Tower with Radar,781,685,58,0,1524,0,7,37,11,55,781,692,95,11,1579,0,0,0,1579
04/12/2006,PHL,PA,AEA,EN,Combined TRACON& Tower with Radar,784,668,54,2,1508,0,4,20,6,30,784,672,74,8,1538,0,0,0,1538
04/13/2006,PHL,PA,AEA,EN,Combined TRACON& Tower with Radar,778,646,83,1,1508,0,10,18,12,40,778,656,101,13,1548,0,0,0,1548
04/14/2006,PHL,PA,AEA,EN,Combined TRACON& Tower with Radar,804,691,30,0,1525,0,4,13,8,25,804,695,43,8,1550,0,0,0,1550
04/15/2006,PHL,PA,AEA,EN,Combined TRACON& Tower with Radar,634,569,18,0,1221,0,1,11,2,14,634,570,29,2,1235,0,0,0,1235
04/16/2006,PHL,PA,AEA,EN,Combined TRACON& Tower with Radar,642,585,19,0,1246,0,1,9,5,15,642,586,28,5,1261,0,0,0,1261
04/17/2006,PHL,PA,AEA,EN,Combined TRACON& Tower with Radar,723,640,62,0,1425,0,6,18,13,37,723,646,80,13,1462,0,0,0,1462
04/18/2006,PHL,PA,AEA,EN,Combined TRACON& Tower with Radar,781,690,73,0,1544,0,8,24,7,39,781,698,97,7,1583,0,0,0,1583
04/19/2006,PHL,PA,AEA,EN,Combined TRACON& Tower with Radar,786,660,78,0,1524,0,13,19,14,46,786,673,97,14,1570,0,0,0,1570
04/20/2006,PHL,PA,AEA,EN,Combined TRACON& Tower with Radar,790,698,45,1,1534,0,8,22,0,30,790,706,67,1,1564,0,0,0,1564
04/21/2006,PHL,PA,AEA,EN,Combined TRACON& Tower with Radar,785,667,67,0,1519,0,11,23,10,44,785,678,90,10,1563,0,0,0,1563
04/22/2006,PHL,PA,AEA,EN,Combined TRACON& Tower with Radar,580,480,26,0,1086,0,0,0,0,0,580,480,26,0,1086,0,0,0,1086
04/23/2006,PHL,PA,AEA,EN,Combined TRACON& Tower with Radar,704,599,40,0,1343,0,0,3,0,3,704,599,43,0,1346,0,0,0,1346
04/24/2006,PHL,PA,AEA,EN,Combined TRACON& Tower with Radar,705,569,60,0,1334,0,2,9,11,22,705,571,69,11,1356,0,0,0,1356
04/25/2006,PHL,PA,AEA,EN,Combined TRACON& Tower with Radar,789,682,59,1,1531,0,9,15,4,28,789,691,74,5,1559,0,0,0,1559
04/26/2006,PHL,PA,AEA,EN,Combined TRACON& Tower with Radar,782,678,97,0,1557,0,6,29,4,39,782,684,126,4,1596,0,0,0,1596
04/27/2006,PHL,PA,AEA,EN,Combined TRACON& Tower with Radar,776,689,64,0,1529,0,8,21,10,39,776,697,85,10,1568,0,0,0,1568
04/28/2006,PHL,PA,AEA,EN,Combined TRACON& Tower with Radar,785,679,77,2,1543,0,7,21,4,32,785,686,98,6,1575,0,0,0,1575
04/29/2006,PHL,PA,AEA,EN,Combined TRACON& Tower with Radar,623,550,30,0,1203,0,7,8,6,21,623,557,38,6,1224,0,0,0,1224
04/30/2006,PHL,PA,AEA,EN,Combined TRACON& Tower with Radar,630,562,35,0,1227,0,3,13,2,18,630,565,48,2,1245,0,0,0,1245
05/01/2006,PHL,PA,AEA,EN,Combined TRACON& Tower with Radar,722,602,50,1,1375,0,13,33,7,53,722,615,83,8,1428,0,0,0,1428
05/02/2006,PHL,PA,AEA,EN,Combined TRACON& Tower with Radar,778,679,71,0,1528,0,15,35,3,53,778,694,106,3,1581,0,0,0,1581
05/03/2006,PHL,PA,AEA,EN,Combined TRACON& Tower with Radar,796,677,49,0,1522,0,5,22,3,30,796,682,71,3,1552,0,0,0,1552
05/04/2006,PHL,PA,AEA,EN,Combined TRACON& Tower with Radar,788,689,77,0,1554,0,6,15,2,23,788,695,92,2,1577,0,0,0,1577
05/05/2006,PHL,PA,AEA,EN,Combined TRACON& Tower with Radar,787,681,57,0,1525,0,7,22,4,33,787,688,79,4,1558,0,0,0,1558
05/06/2006,PHL,PA,AEA,EN,Combined TRACON& Tower with Radar,630,542,31,1,1204,0,5,17,4,26,630,547,48,5,1230,0,0,0,1230
05/07/2006,PHL,PA,AEA,EN,Combined TRACON& Tower with Radar,669,580,54,0,1303,0,3,20,4,27,669,583,74,4,1330,0,0,0,1330
05/08/2006,PHL,PA,AEA,EN,Combined TRACON& Tower with Radar,714,607,61,0,1382,0,4,20,2,26,714,611,81,2,1408,0,0,0,1408
05/09/2006,PHL,PA,AEA,EN,Combined TRACON& Tower with Radar,796,667,60,0,1523,0,6,35,5,46,796,673,95,5,1569,0,0,0,1569
05/10/2006,PHL,PA,AEA,EN,Combined TRACON& Tower with Radar,783,671,70,0,1524,0,2,16,7,25,783,673,86,7,1549,0,0,0,1549
05/11/2006,PHL,PA,AEA,EN,Combined TRACON& Tower with Radar,764,646,66,0,1476,0,1,15,5,21,764,647,81,5,1497,0,0,0,1497
05/12/2006,PHL,PA,AEA,EN,Combined TRACON& Tower with Radar,846,689,67,0,1602,0,1,13,1,15,846,690,80,1,1617,0,0,0,1617
05/13/2006,PHL,PA,AEA,EN,Combined TRACON& Tower with Radar,680,553,46,0,1279,0,1,2,6,9,680,554,48,6,1288,0,0,0,1288
05/14/2006,PHL,PA,AEA,EN,Combined TRACON& Tower with Radar,641,556,30,0,1227,0,1,4,1,6,641,557,34,1,1233,0,0,0,1233
05/15/2006,PHL,PA,AEA,EN,Combined TRACON& Tower with Radar,734,600,56,4,1394,0,2,6,3,11,734,602,62,7,1405,0,0,0,1405
05/16/2006,PHL,PA,AEA,EN,Combined TRACON& Tower with Radar,818,683,69,0,1570,0,3,7,4,14,818,686,76,4,1584,0,0,0,1584
05/17/2006,PHL,PA,AEA,EN,Combined TRACON& Tower with Radar,784,677,69,0,1530,0,4,15,6,25,784,681,84,6,1555,0,0,0,1555
05/18/2006,PHL,PA,AEA,EN,Combined TRACON& Tower with Radar,801,652,64,1,1518,0,2,12,6,20,801,654,76,7,1538,0,0,0,1538
05/19/2006,PHL,PA,AEA,EN,Combined TRACON& Tower with Radar,795,681,65,2,1543,0,7,9,8,24,795,688,74,10,1567,0,0,0,1567
05/20/2006,PHL,PA,AEA,EN,Combined TRACON& Tower with Radar,696,549,27,0,1272,0,1,14,2,17,696,550,41,2,1289,0,0,0,1289
05/21/2006,PHL,PA,AEA,EN,Combined TRACON& Tower with Radar,673,567,43,1,1284,0,7,13,4,24,673,574,56,5,1308,0,0,0,1308
05/22/2006,PHL,PA,AEA,EN,Combined TRACON& Tower with Radar,726,598,51,1,1376,0,3,27,2,32,726,601,78,3,1408,0,0,0,1408
05/23/2006,PHL,PA,AEA,EN,Combined TRACON& Tower with Radar,791,660,55,1,1507,0,4,28,2,34,791,664,83,3,1541,0,0,0,1541
05/24/2006,PHL,PA,AEA,EN,Combined TRACON& Tower with Radar,774,659,56,6,1495,0,14,14,16,44,774,673,70,22,1539,0,0,0,1539
05/25/2006,PHL,PA,AEA,EN,Combined TRACON& Tower with Radar,767,630,69,1,1467,1,11,29,9,50,768,641,98,10,1517,0,0,0,1517
05/26/2006,PHL,PA,AEA,EN,Combined TRACON& Tower with Radar,833,656,45,0,1534,0,5,17,2,24,833,661,62,2,1558,0,0,0,1558
05/27/2006,PHL,PA,AEA,EN,Combined TRACON& Tower with Radar,691,551,26,0,1268,0,9,14,3,26,691,560,40,3,1294,0,0,0,1294
05/28/2006,PHL,PA,AEA,EN,Combined TRACON& Tower with Radar,640,544,15,0,1199,0,6,9,8,23,640,550,24,8,1222,0,0,0,1222
05/29/2006,PHL,PA,AEA,EN,Combined TRACON& Tower with Radar,659,593,41,0,1293,0,3,18,4,25,659,596,59,4,1318,0,0,0,1318
05/30/2006,PHL,PA,AEA,EN,Combined TRACON& Tower with Radar,699,609,69,0,1377,0,4,13,5,22,699,613,82,5,1399,0,0,0,1399
05/31/2006,PHL,PA,AEA,EN,Combined TRACON& Tower with Radar,790,636,57,1,1484,0,2,15,3,20,790,638,72,4,1504,0,0,0,1504
06/01/2006,PHL,PA,AEA,EN,Combined TRACON& Tower with Radar,750,612,57,1,1420,0,5,19,7,31,750,617,76,8,1451,0,0,0,1451
06/02/2006,PHL,PA,AEA,EN,Combined TRACON& Tower with Radar,792,549,50,1,1392,0,3,4,2,9,792,552,54,3,1401,0,0,0,1401
06/03/2006,PHL,PA,AEA,EN,Combined TRACON& Tower with Radar,743,558,11,0,1312,0,4,11,1,16,743,562,22,1,1328,0,0,0,1328
06/04/2006,PHL,PA,AEA,EN,Combined TRACON& Tower with Radar,665,585,46,0,1296,0,4,11,3,18,665,589,57,3,1314,0,0,0,1314
06/05/2006,PHL,PA,AEA,EN,Combined TRACON& Tower with Radar,728,595,46,0,1369,1,3,16,5,25,729,598,62,5,1394,0,0,0,1394
06/06/2006,PHL,PA,AEA,EN,Combined TRACON& Tower with Radar,796,655,65,1,1517,0,0,13,10,23,796,655,78,11,1540,0,0,0,1540
06/07/2006,PHL,PA,AEA,EN,Combined TRACON& Tower with Radar,788,635,54,0,1477,0,1,9,2,12,788,636,63,2,1489,0,0,0,1489
06/08/2006,PHL,PA,AEA,EN,Combined TRACON& Tower with Radar,764,628,80,0,1472,0,1,11,4,16,764,629,91,4,1488,0,0,0,1488
06/09/2006,PHL,PA,AEA,EN,Combined TRACON& Tower with Radar,836,647,53,0,1536,0,2,14,3,19,836,649,67,3,1555,0,0,0,1555
06/10/2006,PHL,PA,AEA,EN,Combined TRACON& Tower with Radar,707,566,20,1,1294,0,1,3,3,7,707,567,23,4,1301,0,0,0,1301
06/11/2006,PHL,PA,AEA,EN,Combined TRACON& Tower with Radar,673,562,24,0,1259,0,2,15,4,21,673,564,39,4,1280,0,0,0,1280
06/12/2006,PHL,PA,AEA,EN,Combined TRACON& Tower with Radar,725,600,35,1,1361,0,4,25,8,37,725,604,60,9,1398,0,0,0,1398
06/13/2006,PHL,PA,AEA,EN,Combined TRACON& Tower with Radar,815,647,51,0,1513,0,7,40,8,55,815,654,91,8,1568,0,0,0,1568
06/14/2006,PHL,PA,AEA,EN,Combined TRACON& Tower with Radar,772,632,54,6,1464,0,9,15,5,29,772,641,69,11,1493,0,0,0,1493
06/15/2006,PHL,PA,AEA,EN,Combined TRACON& Tower with Radar,844,670,57,0,1571,0,2,37,12,51,844,672,94,12,1622,0,0,0,1622
06/16/2006,PHL,PA,AEA,EN,Combined TRACON& Tower with Radar,801,660,43,0,1504,0,6,31,2,39,801,666,74,2,1543,0,0,0,1543
06/17/2006,PHL,PA,AEA,EN,Combined TRACON& Tower with Radar,696,539,19,0,1254,0,6,13,2,21,696,545,32,2,1275,0,0,0,1275
06/18/2006,PHL,PA,AEA,EN,Combined TRACON& Tower with Radar,678,567,39,0,1284,0,1,6,1,8,678,568,45,1,1292,0,0,0,1292
06/19/2006,PHL,PA,AEA,EN,Combined TRACON& Tower with Radar,683,525,77,0,1285,0,4,16,4,24,683,529,93,4,1309,0,0,0,1309
06/20/2006,PHL,PA,AEA,EN,Combined TRACON& Tower with Radar,866,687,80,0,1633,0,5,20,11,36,866,692,100,11,1669,0,0,0,1669
06/21/2006,PHL,PA,AEA,EN,Combined TRACON& Tower with Radar,776,657,91,0,1524,0,11,22,12,45,776,668,113,12,1569,0,0,0,1569
06/22/2006,PHL,PA,AEA,EN,Combined TRACON& Tower with Radar,806,631,77,0,1514,0,6,20,5,31,806,637,97,5,1545,0,0,0,1545
06/23/2006,PHL,PA,AEA,EN,Combined TRACON& Tower with Radar,796,613,90,0,1499,0,3,23,7,33,796,616,113,7,1532,0,0,0,1532
06/24/2006,PHL,PA,AEA,EN,Combined TRACON& Tower with Radar,722,535,18,0,1275,0,2,2,2,6,722,537,20,2,1281,0,0,0,1281
06/25/2006,PHL,PA,AEA,EN,Combined TRACON& Tower with Radar,658,539,28,0,1225,0,1,0,0,1,658,540,28,0,1226,0,0,0,1226
06/26/2006,PHL,PA,AEA,EN,Combined TRACON& Tower with Radar,718,541,45,0,1304,0,0,6,1,7,718,541,51,1,1311,0,0,0,1311
06/27/2006,PHL,PA,AEA,EN,Combined TRACON& Tower with Radar,757,504,54,1,1316,0,0,11,17,28,757,504,65,18,1344,0,0,0,1344
06/28/2006,PHL,PA,AEA,EN,Combined TRACON& Tower with Radar,886,634,70,1,1591,0,3,15,7,25,886,637,85,8,1616,0,0,0,1616
06/29/2006,PHL,PA,AEA,EN,Combined TRACON& Tower with Radar,776,621,88,0,1485,0,2,26,5,33,776,623,114,5,1518,0,0,0,1518
06/30/2006,PHL,PA,AEA,EN,Combined TRACON& Tower with Radar,873,673,66,2,1614,0,5,22,3,30,873,678,88,5,1644,0,0,0,1644
07/01/2006,PHL,PA,AEA,EN,Combined TRACON& Tower with Radar,725,570,17,0,1312,0,7,15,2,24,725,577,32,2,1336,0,0,0,1336
07/02/2006,PHL,PA,AEA,EN,Combined TRACON& Tower with Radar,617,505,15,0,1137,0,1,6,1,8,617,506,21,1,1145,0,0,0,1145
07/03/2006,PHL,PA,AEA,EN,Combined TRACON& Tower with Radar,764,570,12,0,1346,0,2,15,7,24,764,572,27,7,1370,0,0,0,1370
07/04/2006,PHL,PA,AEA,EN,Combined TRACON& Tower with Radar,729,533,15,0,1277,0,2,4,0,6,729,535,19,0,1283,0,0,0,1283
07/05/2006,PHL,PA,AEA,EN,Combined TRACON& Tower with Radar,726,513,45,0,1284,0,1,7,1,9,726,514,52,1,1293,0,0,0,1293
07/06/2006,PHL,PA,AEA,EN,Combined TRACON& Tower with Radar,881,662,41,3,1587,0,0,9,6,15,881,662,50,9,1602,0,0,0,1602
07/07/2006,PHL,PA,AEA,EN,Combined TRACON& Tower with Radar,832,651,51,0,1534,0,4,34,10,48,832,655,85,10,1582,0,0,0,1582
07/08/2006,PHL,PA,AEA,EN,Combined TRACON& Tower with Radar,732,529,18,0,1279,0,1,15,1,17,732,530,33,1,1296,0,0,0,1296
07/09/2006,PHL,PA,AEA,EN,Combined TRACON& Tower with Radar,699,572,17,0,1288,0,0,15,1,16,699,572,32,1,1304,0,0,0,1304
07/10/2006,PHL,PA,AEA,EN,Combined TRACON& Tower with Radar,760,588,56,0,1404,0,4,19,10,33,760,592,75,10,1437,0,0,0,1437
07/11/2006,PHL,PA,AEA,EN,Combined TRACON& Tower with Radar,821,644,65,0,1530,0,6,26,6,38,821,650,91,6,1568,0,0,0,1568
07/12/2006,PHL,PA,AEA,EN,Combined TRACON& Tower with Radar,818,587,55,0,1460,0,1,11,6,18,818,588,66,6,1478,0,0,0,1478
07/13/2006,PHL,PA,AEA,EN,Combined TRACON& Tower with Radar,853,641,80,1,1575,0,1,21,3,25,853,642,101,4,1600,0,0,0,1600
07/14/2006,PHL,PA,AEA,EN,Combined TRACON& Tower with Radar,860,662,61,0,1583,0,6,24,1,31,860,668,85,1,1614,0,0,0,1614
07/15/2006,PHL,PA,AEA,EN,Combined TRACON& Tower with Radar,711,516,20,1,1248,0,1,1,2,4,711,517,21,3,1252,0,0,0,1252
07/16/2006,PHL,PA,AEA,EN,Combined TRACON& Tower with Radar,710,584,44,0,1338,0,5,17,3,25,710,589,61,3,1363,0,0,0,1363
07/17/2006,PHL,PA,AEA,EN,Combined TRACON& Tower with Radar,755,585,49,0,1389,1,6,23,5,35,756,591,72,5,1424,0,0,0,1424
07/18/2006,PHL,PA,AEA,EN,Combined TRACON& Tower with Radar,765,571,35,0,1371,0,10,15,9,34,765,581,50,9,1405,0,0,0,1405
07/19/2006,PHL,PA,AEA,EN,Combined TRACON& Tower with Radar,883,682,59,0,1624,0,8,17,3,28,883,690,76,3,1652,0,0,0,1652
07/20/2006,PHL,PA,AEA,EN,Combined TRACON& Tower with Radar,821,661,55,0,1537,0,3,21,7,31,821,664,76,7,1568,0,0,0,1568
07/21/2006,PHL,PA,AEA,EN,Combined TRACON& Tower with Radar,805,557,51,1,1414,0,1,17,12,30,805,558,68,13,1444,0,0,0,1444
07/22/2006,PHL,PA,AEA,EN,Combined TRACON& Tower with Radar,709,450,29,3,1191,0,0,1,0,1,709,450,30,3,1192,0,0,0,1192
07/23/2006,PHL,PA,AEA,EN,Combined TRACON& Tower with Radar,765,592,38,4,1399,0,0,18,1,19,765,592,56,5,1418,0,0,0,1418
07/24/2006,PHL,PA,AEA,EN,Combined TRACON& Tower with Radar,781,599,58,2,1440,0,6,39,6,51,781,605,97,8,1491,0,0,0,1491
07/25/2006,PHL,PA,AEA,EN,Combined TRACON& Tower with Radar,820,661,65,9,1555,0,2,21,22,45,820,663,86,31,1600,0,0,0,1600
07/26/2006,PHL,PA,AEA,EN,Combined TRACON& Tower with Radar,844,660,62,2,1568,0,4,22,7,33,844,664,84,9,1601,0,0,0,1601
07/27/2006,PHL,PA,AEA,EN,Combined TRACON& Tower with Radar,741,548,52,1,1342,0,2,27,5,34,741,550,79,6,1376,0,0,0,1376
07/28/2006,PHL,PA,AEA,EN,Combined TRACON& Tower with Radar,839,598,39,0,1476,0,0,18,6,24,839,598,57,6,1500,0,0,0,1500
07/29/2006,PHL,PA,AEA,EN,Combined TRACON& Tower with Radar,750,569,23,2,1344,0,4,12,2,18,750,573,35,4,1362,0,0,0,1362
07/30/2006,PHL,PA,AEA,EN,Combined TRACON& Tower with Radar,685,581,36,1,1303,1,0,20,7,28,686,581,56,8,1331,0,0,0,1331
07/31/2006,PHL,PA,AEA,EN,Combined TRACON& Tower with Radar,768,602,47,2,1419,0,5,22,10,37,768,607,69,12,1456,0,0,0,1456
08/01/2006,PHL,PA,AEA,EN,Combined TRACON& Tower with Radar,831,644,55,0,1530,0,3,34,12,49,831,647,89,12,1579,0,0,0,1579
08/02/2006,PHL,PA,AEA,EN,Combined TRACON& Tower with Radar,822,645,71,0,1538,0,6,21,3,30,822,651,92,3,1568,0,0,0,1568
08/03/2006,PHL,PA,AEA,EN,Combined TRACON& Tower with Radar,824,643,68,0,1535,0,9,19,3,31,824,652,87,3,1566,0,0,0,1566
08/04/2006,PHL,PA,AEA,EN,Combined TRACON& Tower with Radar,824,655,46,0,1525,0,5,25,11,41,824,660,71,11,1566,0,0,0,1566
08/05/2006,PHL,PA,AEA,EN,Combined TRACON& Tower with Radar,708,540,18,0,1266,0,3,11,3,17,708,543,29,3,1283,0,0,0,1283
08/06/2006,PHL,PA,AEA,EN,Combined TRACON& Tower with Radar,712,575,31,0,1318,0,3,17,1,21,712,578,48,1,1339,0,0,0,1339
08/07/2006,PHL,PA,AEA,EN,Combined TRACON& Tower with Radar,762,596,44,0,1402,0,5,11,3,19,762,601,55,3,1421,0,0,0,1421
08/08/2006,PHL,PA,AEA,EN,Combined TRACON& Tower with Radar,850,650,57,0,1557,0,5,20,8,33,850,655,77,8,1590,0,0,0,1590
08/09/2006,PHL,PA,AEA,EN,Combined TRACON& Tower with Radar,840,673,44,0,1557,0,10,21,9,40,840,683,65,9,1597,0,0,0,1597
08/10/2006,PHL,PA,AEA,EN,Combined TRACON& Tower with Radar,822,602,62,0,1486,0,3,30,7,40,822,605,92,7,1526,0,0,0,1526
08/11/2006,PHL,PA,AEA,EN,Combined TRACON& Tower with Radar,850,671,63,0,1584,0,6,21,7,34,850,677,84,7,1618,0,0,0,1618
08/12/2006,PHL,PA,AEA,EN,Combined TRACON& Tower with Radar,713,542,29,0,1284,0,1,14,6,21,713,543,43,6,1305,0,0,0,1305
08/13/2006,PHL,PA,AEA,EN,Combined TRACON& Tower with Radar,706,598,37,0,1341,0,11,9,8,28,706,609,46,8,1369,0,0,0,1369
08/14/2006,PHL,PA,AEA,EN,Combined TRACON& Tower with Radar,767,618,47,0,1432,0,2,26,5,33,767,620,73,5,1465,0,0,0,1465
08/15/2006,PHL,PA,AEA,EN,Combined TRACON& Tower with Radar,822,664,38,3,1527,0,2,8,3,13,822,666,46,6,1540,0,0,0,1540
08/16/2006,PHL,PA,AEA,EN,Combined TRACON& Tower with Radar,833,667,47,0,1547,0,5,25,9,39,833,672,72,9,1586,0,0,0,1586
08/17/2006,PHL,PA,AEA,EN,Combined TRACON& Tower with Radar,827,657,55,0,1539,0,13,45,8,66,827,670,100,8,1605,0,0,0,1605
08/18/2006,PHL,PA,AEA,EN,Combined TRACON& Tower with Radar,810,641,61,2,1514,0,7,8,11,26,810,648,69,13,1540,0,0,0,1540
08/19/2006,PHL,PA,AEA,EN,Combined TRACON& Tower with Radar,719,542,22,1,1284,0,3,6,2,11,719,545,28,3,1295,0,0,0,1295
08/20/2006,PHL,PA,AEA,EN,Combined TRACON& Tower with Radar,719,584,46,0,1349,0,4,9,8,21,719,588,55,8,1370,0,0,0,1370
08/21/2006,PHL,PA,AEA,EN,Combined TRACON& Tower with Radar,767,615,53,0,1435,0,5,26,11,42,767,620,79,11,1477,0,0,0,1477
08/22/2006,PHL,PA,AEA,EN,Combined TRACON& Tower with Radar,801,659,44,0,1504,0,3,20,4,27,801,662,64,4,1531,0,0,0,1531
08/23/2006,PHL,PA,AEA,EN,Combined TRACON& Tower with Radar,823,655,62,0,1540,0,9,14,13,36,823,664,76,13,1576,0,0,0,1576
08/24/2006,PHL,PA,AEA,EN,Combined TRACON& Tower with Radar,806,650,56,2,1514,0,5,21,14,40,806,655,77,16,1554,0,0,0,1554
08/25/2006,PHL,PA,AEA,EN,Combined TRACON& Tower with Radar,812,631,59,1,1503,0,5,37,8,50,812,636,96,9,1553,0,0,0,1553
08/26/2006,PHL,PA,AEA,EN,Combined TRACON& Tower with Radar,706,528,17,2,1253,0,4,3,4,11,706,532,20,6,1264,0,0,0,1264
08/27/2006,PHL,PA,AEA,EN,Combined TRACON& Tower with Radar,711,575,31,0,1317,0,0,1,0,1,711,575,32,0,1318,0,0,0,1318
08/28/2006,PHL,PA,AEA,EN,Combined TRACON& Tower with Radar,767,612,40,0,1419,0,3,16,3,22,767,615,56,3,1441,0,0,0,1441
08/29/2006,PHL,PA,AEA,EN,Combined TRACON& Tower with Radar,745,534,51,0,1330,0,1,3,2,6,745,535,54,2,1336,0,0,0,1336
08/30/2006,PHL,PA,AEA,EN,Combined TRACON& Tower with Radar,822,660,64,0,1546,0,0,4,3,7,822,660,68,3,1553,0,0,0,1553
08/31/2006,PHL,PA,AEA,EN,Combined TRACON& Tower with Radar,821,650,69,0,1540,0,4,20,8,32,821,654,89,8,1572,0,0,0,1572
09/01/2006,PHL,PA,AEA,EN,Combined TRACON& Tower with Radar,734,512,25,0,1271,0,1,0,2,3,734,513,25,2,1274,0,0,0,1274
09/02/2006,PHL,PA,AEA,EN,Combined TRACON& Tower with Radar,695,394,10,0,1099,0,0,0,0,0,695,394,10,0,1099,0,0,0,1099
09/03/2006,PHL,PA,AEA,EN,Combined TRACON& Tower with Radar,636,532,13,0,1181,0,2,5,2,9,636,534,18,2,1190,0,0,0,1190
09/04/2006,PHL,PA,AEA,EN,Combined TRACON& Tower with Radar,716,556,29,0,1301,0,3,9,2,14,716,559,38,2,1315,0,0,0,1315
09/05/2006,PHL,PA,AEA,EN,Combined TRACON& Tower with Radar,723,498,24,0,1245,0,0,0,1,1,723,498,24,1,1246,0,0,0,1246
09/06/2006,PHL,PA,AEA,EN,Combined TRACON& Tower with Radar,817,641,41,1,1500,0,9,17,5,31,817,650,58,6,1531,0,0,0,1531
09/07/2006,PHL,PA,AEA,EN,Combined TRACON& Tower with Radar,821,633,90,3,1547,0,6,39,13,58,821,639,129,16,1605,0,0,0,1605
09/08/2006,PHL,PA,AEA,EN,Combined TRACON& Tower with Radar,793,615,45,1,1454,0,5,27,11,43,793,620,72,12,1497,0,0,0,1497
09/09/2006,PHL,PA,AEA,EN,Combined TRACON& Tower with Radar,666,540,27,0,1233,0,8,20,2,30,666,548,47,2,1263,0,0,0,1263
09/10/2006,PHL,PA,AEA,EN,Combined TRACON& Tower with Radar,701,587,42,0,1330,0,1,12,3,16,701,588,54,3,1346,0,0,0,1346
09/11/2006,PHL,PA,AEA,EN,Combined TRACON& Tower with Radar,745,587,63,0,1395,0,2,15,3,20,745,589,78,3,1415,0,0,0,1415
09/12/2006,PHL,PA,AEA,EN,Combined TRACON& Tower with Radar,808,628,65,0,1501,0,9,31,6,46,808,637,96,6,1547,0,0,0,1547
09/13/2006,PHL,PA,AEA,EN,Combined TRACON& Tower with Radar,798,643,69,0,1510,0,4,12,12,28,798,647,81,12,1538,0,0,0,1538
09/14/2006,PHL,PA,AEA,EN,Combined TRACON& Tower with Radar,765,565,73,3,1406,0,0,1,0,1,765,565,74,3,1407,0,0,0,1407
09/15/2006,PHL,PA,AEA,EN,Combined TRACON& Tower with Radar,788,511,61,0,1360,0,1,5,4,10,788,512,66,4,1370,0,0,0,1370
09/16/2006,PHL,PA,AEA,EN,Combined TRACON& Tower with Radar,676,558,36,0,1270,0,7,6,1,14,676,565,42,1,1284,0,0,0,1284
09/17/2006,PHL,PA,AEA,EN,Combined TRACON& Tower with Radar,680,584,45,2,1311,0,3,32,5,40,680,587,77,7,1351,0,0,0,1351
09/18/2006,PHL,PA,AEA,EN,Combined TRACON& Tower with Radar,754,586,60,1,1401,0,7,14,4,25,754,593,74,5,1426,0,0,0,1426
09/19/2006,PHL,PA,AEA,EN,Combined TRACON& Tower with Radar,778,553,82,0,1413,0,4,5,7,16,778,557,87,7,1429,0,0,0,1429
09/20/2006,PHL,PA,AEA,EN,Combined TRACON& Tower with Radar,807,643,70,0,1520,0,6,35,7,48,807,649,105,7,1568,0,0,0,1568
09/21/2006,PHL,PA,AEA,EN,Combined TRACON& Tower with Radar,828,623,100,0,1551,0,9,33,3,45,828,632,133,3,1596,0,0,0,1596
09/22/2006,PHL,PA,AEA,EN,Combined TRACON& Tower with Radar,805,621,87,2,1515,0,12,22,11,45,805,633,109,13,1560,0,0,0,1560
09/23/2006,PHL,PA,AEA,EN,Combined TRACON& Tower with Radar,661,539,15,0,1215,0,1,12,6,19,661,540,27,6,1234,0,0,0,1234
09/24/2006,PHL,PA,AEA,EN,Combined TRACON& Tower with Radar,694,554,27,0,1275,0,6,5,2,13,694,560,32,2,1288,0,0,0,1288
09/25/2006,PHL,PA,AEA,EN,Combined TRACON& Tower with Radar,775,584,60,0,1419,0,3,16,3,22,775,587,76,3,1441,0,0,0,1441
09/26/2006,PHL,PA,AEA,EN,Combined TRACON& Tower with Radar,812,623,65,1,1501,0,3,32,3,38,812,626,97,4,1539,0,0,0,1539
09/27/2006,PHL,PA,AEA,EN,Combined TRACON& Tower with Radar,810,625,76,1,1512,0,5,19,12,36,810,630,95,13,1548,0,0,0,1548
09/28/2006,PHL,PA,AEA,EN,Combined TRACON& Tower with Radar,729,531,61,0,1321,0,3,26,5,34,729,534,87,5,1355,0,0,0,1355
09/29/2006,PHL,PA,AEA,EN,Combined TRACON& Tower with Radar,856,652,59,2,1569,0,2,19,3,24,856,654,78,5,1593,0,0,0,1593
09/30/2006,PHL,PA,AEA,EN,Combined TRACON& Tower with Radar,660,543,32,0,1235,0,5,12,9,26,660,548,44,9,1261,0,0,0,1261
10/01/2006,PHL,PA,AEA,EN,Combined TRACON& Tower with Radar,697,576,41,1,1315,0,6,9,1,16,697,582,50,2,1331,0,0,0,1331
10/02/2006,PHL,PA,AEA,EN,Combined TRACON& Tower with Radar,754,588,56,2,1400,0,7,38,12,57,754,595,94,14,1457,0,0,0,1457
10/03/2006,PHL,PA,AEA,EN,Combined TRACON& Tower with Radar,807,611,71,1,1490,0,3,20,4,27,807,614,91,5,1517,0,0,0,1517
10/04/2006,PHL,PA,AEA,EN,Combined TRACON& Tower with Radar,797,627,82,2,1508,0,9,28,3,40,797,636,110,5,1548,0,0,0,1548
10/05/2006,PHL,PA,AEA,EN,Combined TRACON& Tower with Radar,827,648,86,3,1564,0,5,21,6,32,827,653,107,9,1596,0,0,0,1596
10/06/2006,PHL,PA,AEA,EN,Combined TRACON& Tower with Radar,741,490,40,0,1271,0,0,16,1,17,741,490,56,1,1288,0,0,0,1288
10/07/2006,PHL,PA,AEA,EN,Combined TRACON& Tower with Radar,676,538,47,0,1261,0,1,17,6,24,676,539,64,6,1285,0,0,0,1285
10/08/2006,PHL,PA,AEA,EN,Combined TRACON& Tower with Radar,696,575,53,1,1325,0,4,27,11,42,696,579,80,12,1367,0,0,0,1367
10/09/2006,PHL,PA,AEA,EN,Combined TRACON& Tower with Radar,764,590,58,0,1412,0,5,14,7,26,764,595,72,7,1438,0,0,0,1438
10/10/2006,PHL,PA,AEA,EN,Combined TRACON& Tower with Radar,808,602,55,0,1465,0,10,35,7,52,808,612,90,7,1517,0,0,0,1517
10/11/2006,PHL,PA,AEA,EN,Combined TRACON& Tower with Radar,796,561,65,2,1424,0,0,8,3,11,796,561,73,5,1435,0,0,0,1435
10/12/2006,PHL,PA,AEA,EN,Combined TRACON& Tower with Radar,816,650,75,2,1543,0,2,12,5,19,816,652,87,7,1562,0,0,0,1562
10/13/2006,PHL,PA,AEA,EN,Combined TRACON& Tower with Radar,809,611,63,0,1483,0,11,28,6,45,809,622,91,6,1528,0,0,0,1528
10/14/2006,PHL,PA,AEA,EN,Combined TRACON& Tower with Radar,671,536,34,0,1241,0,5,18,5,28,671,541,52,5,1269,0,0,0,1269
10/15/2006,PHL,PA,AEA,EN,Combined TRACON& Tower with Radar,701,594,47,0,1342,0,6,10,3,19,701,600,57,3,1361,0,0,0,1361
10/16/2006,PHL,PA,AEA,EN,Combined TRACON& Tower with Radar,754,591,58,2,1405,0,1,10,3,14,754,592,68,5,1419,0,0,0,1419
10/17/2006,PHL,PA,AEA,EN,Combined TRACON& Tower with Radar,788,557,57,0,1402,0,1,12,4,17,788,558,69,4,1419,0,0,0,1419
10/18/2006,PHL,PA,AEA,EN,Combined TRACON& Tower with Radar,806,616,62,0,1484,0,1,13,10,24,806,617,75,10,1508,0,0,0,1508
10/19/2006,PHL,PA,AEA,EN,Combined TRACON& Tower with Radar,818,628,72,1,1519,0,3,10,6,19,818,631,82,7,1538,0,0,0,1538
10/20/2006,PHL,PA,AEA,EN,Combined TRACON& Tower with Radar,782,495,51,1,1329,0,3,15,3,21,782,498,66,4,1350,0,0,0,1350
10/21/2006,PHL,PA,AEA,EN,Combined TRACON& Tower with Radar,676,538,23,0,1237,0,4,13,5,22,676,542,36,5,1259,0,0,0,1259
10/22/2006,PHL,PA,AEA,EN,Combined TRACON& Tower with Radar,698,567,42,0,1307,0,3,8,1,12,698,570,50,1,1319,0,0,0,1319
10/23/2006,PHL,PA,AEA,EN,Combined TRACON& Tower with Radar,760,571,58,0,1389,0,1,24,8,33,760,572,82,8,1422,0,0,0,1422
10/24/2006,PHL,PA,AEA,EN,Combined TRACON& Tower with Radar,818,623,54,0,1495,0,3,33,9,45,818,626,87,9,1540,0,0,0,1540
10/25/2006,PHL,PA,AEA,EN,Combined TRACON& Tower with Radar,812,653,59,0,1524,0,8,30,4,42,812,661,89,4,1566,0,0,0,1566
10/26/2006,PHL,PA,AEA,EN,Combined TRACON& Tower with Radar,807,633,53,2,1495,0,6,20,11,37,807,639,73,13,1532,0,0,0,1532
10/27/2006,PHL,PA,AEA,EN,Combined TRACON& Tower with Radar,795,610,73,0,1478,0,5,11,1,17,795,615,84,1,1495,0,0,0,1495
10/28/2006,PHL,PA,AEA,EN,Combined TRACON& Tower with Radar,651,511,30,2,1194,0,2,4,2,8,651,513,34,4,1202,0,0,0,1202
10/29/2006,PHL,PA,AEA,EN,Combined TRACON& Tower with Radar,698,574,43,0,1315,0,0,3,0,3,698,574,46,0,1318,0,0,0,1318
10/30/2006,PHL,PA,AEA,EN,Combined TRACON& Tower with Radar,762,578,57,1,1398,0,2,17,6,25,762,580,74,7,1423,0,0,0,1423
10/31/2006,PHL,PA,AEA,EN,Combined TRACON& Tower with Radar,807,617,61,0,1485,0,10,23,12,45,807,627,84,12,1530,0,0,0,1530
11/01/2006,PHL,PA,AEA,EN,Combined TRACON& Tower with Radar,827,638,64,0,1529,0,5,34,14,53,827,643,98,14,1582,0,0,0,1582
11/02/2006,PHL,PA,AEA,EN,Combined TRACON& Tower with Radar,829,634,95,1,1559,0,1,15,9,25,829,635,110,10,1584,0,0,0,1584
11/03/2006,PHL,PA,AEA,EN,Combined TRACON& Tower with Radar,791,646,70,0,1507,0,6,29,13,48,791,652,99,13,1555,0,0,0,1555
11/04/2006,PHL,PA,AEA,EN,Combined TRACON& Tower with Radar,646,537,27,2,1212,0,1,17,0,18,646,538,44,2,1230,0,0,0,1230
11/05/2006,PHL,PA,AEA,EN,Combined TRACON& Tower with Radar,693,563,39,0,1295,0,5,13,1,19,693,568,52,1,1314,0,0,0,1314
11/06/2006,PHL,PA,AEA,EN,Combined TRACON& Tower with Radar,769,590,63,0,1422,0,8,26,13,47,769,598,89,13,1469,0,0,0,1469
11/07/2006,PHL,PA,AEA,EN,Combined TRACON& Tower with Radar,810,634,62,0,1506,0,8,21,10,39,810,642,83,10,1545,0,0,0,1545
11/08/2006,PHL,PA,AEA,EN,Combined TRACON& Tower with Radar,754,493,39,0,1286,0,0,0,0,0,754,493,39,0,1286,0,0,0,1286
11/09/2006,PHL,PA,AEA,EN,Combined TRACON& Tower with Radar,862,666,67,0,1595,0,1,24,11,36,862,667,91,11,1631,0,0,0,1631
11/10/2006,PHL,PA,AEA,EN,Combined TRACON& Tower with Radar,794,613,46,0,1453,0,8,31,11,50,794,621,77,11,1503,0,0,0,1503
11/11/2006,PHL,PA,AEA,EN,Combined TRACON& Tower with Radar,652,557,32,1,1242,0,4,12,3,19,652,561,44,4,1261,0,0,0,1261
11/12/2006,PHL,PA,AEA,EN,Combined TRACON& Tower with Radar,609,431,44,0,1084,0,0,1,0,1,609,431,45,0,1085,0,0,0,1085
11/13/2006,PHL,PA,AEA,EN,Combined TRACON& Tower with Radar,707,431,38,3,1179,0,2,0,0,2,707,433,38,3,1181,0,0,0,1181
11/14/2006,PHL,PA,AEA,EN,Combined TRACON& Tower with Radar,823,606,67,0,1496,0,2,3,2,7,823,608,70,2,1503,0,0,0,1503
11/15/2006,PHL,PA,AEA,EN,Combined TRACON& Tower with Radar,813,627,64,0,1504,0,1,8,2,11,813,628,72,2,1515,0,0,0,1515
11/16/2006,PHL,PA,AEA,EN,Combined TRACON& Tower with Radar,701,469,40,0,1210,0,0,4,1,5,701,469,44,1,1215,0,0,0,1215
11/17/2006,PHL,PA,AEA,EN,Combined TRACON& Tower with Radar,874,657,53,1,1585,0,2,18,8,28,874,659,71,9,1613,0,0,0,1613
11/18/2006,PHL,PA,AEA,EN,Combined TRACON& Tower with Radar,651,542,25,0,1218,0,2,14,4,20,651,544,39,4,1238,0,0,0,1238
11/19/2006,PHL,PA,AEA,EN,Combined TRACON& Tower with Radar,697,579,36,0,1312,1,9,13,5,28,698,588,49,5,1340,0,0,0,1340
11/20/2006,PHL,PA,AEA,EN,Combined TRACON& Tower with Radar,765,569,54,0,1388,0,12,13,7,32,765,581,67,7,1420,0,0,0,1420
11/21/2006,PHL,PA,AEA,EN,Combined TRACON& Tower with Radar,842,635,67,0,1544,0,11,14,4,29,842,646,81,4,1573,0,0,0,1573
11/22/2006,PHL,PA,AEA,EN,Combined TRACON& Tower with Radar,822,552,39,0,1413,0,2,11,2,15,822,554,50,2,1428,0,0,0,1428
11/23/2006,PHL,PA,AEA,EN,Combined TRACON& Tower with Radar,613,454,7,0,1074,0,0,0,0,0,613,454,7,0,1074,0,0,0,1074
11/24/2006,PHL,PA,AEA,EN,Combined TRACON& Tower with Radar,629,445,10,0,1084,0,3,16,6,25,629,448,26,6,1109,0,0,0,1109
11/25/2006,PHL,PA,AEA,EN,Combined TRACON& Tower with Radar,656,565,28,0,1249,0,5,22,1,28,656,570,50,1,1277,0,0,0,1277
11/26/2006,PHL,PA,AEA,EN,Combined TRACON& Tower with Radar,716,595,42,0,1353,0,1,21,9,31,716,596,63,9,1384,0,0,0,1384
11/27/2006,PHL,PA,AEA,EN,Combined TRACON& Tower with Radar,769,547,73,0,1389,0,5,16,3,24,769,552,89,3,1413,0,0,0,1413
11/28/2006,PHL,PA,AEA,EN,Combined TRACON& Tower with Radar,846,648,98,2,1594,0,4,11,8,23,846,652,109,10,1617,0,0,0,1617
11/29/2006,PHL,PA,AEA,EN,Combined TRACON& Tower with Radar,831,595,78,1,1505,0,0,7,3,10,831,595,85,4,1515,0,0,0,1515
11/30/2006,PHL,PA,AEA,EN,Combined TRACON& Tower with Radar,824,551,59,1,1435,0,1,18,3,22,824,552,77,4,1457,0,0,0,1457
12/01/2006,PHL,PA,AEA,EN,Combined TRACON& Tower with Radar,679,415,30,2,1126,0,0,1,1,2,679,415,31,3,1128,0,0,0,1128
12/02/2006,PHL,PA,AEA,EN,Combined TRACON& Tower with Radar,658,510,43,4,1215,0,4,13,10,27,658,514,56,14,1242,0,0,0,1242
12/03/2006,PHL,PA,AEA,EN,Combined TRACON& Tower with Radar,692,549,43,2,1286,0,5,23,1,29,692,554,66,3,1315,0,0,0,1315
12/04/2006,PHL,PA,AEA,EN,Combined TRACON& Tower with Radar,757,568,80,1,1406,0,7,22,11,40,757,575,102,12,1446,0,0,0,1446
12/05/2006,PHL,PA,AEA,EN,Combined TRACON& Tower with Radar,831,608,92,2,1533,0,6,21,7,34,831,614,113,9,1567,0,0,0,1567
12/06/2006,PHL,PA,AEA,EN,Combined TRACON& Tower with Radar,825,625,64,0,1514,0,4,31,8,43,825,629,95,8,1557,0,0,0,1557
12/07/2006,PHL,PA,AEA,EN,Combined TRACON& Tower with Radar,843,619,60,0,1522,0,3,21,8,32,843,622,81,8,1554,0,0,0,1554
12/08/2006,PHL,PA,AEA,EN,Combined TRACON& Tower with Radar,818,591,41,0,1450,0,6,33,3,42,818,597,74,3,1492,0,0,0,1492
12/09/2006,PHL,PA,AEA,EN,Combined TRACON& Tower with Radar,632,497,15,0,1144,0,2,13,3,18,632,499,28,3,1162,0,0,0,1162
12/10/2006,PHL,PA,AEA,EN,Combined TRACON& Tower with Radar,683,559,21,0,1263,0,2,10,1,13,683,561,31,1,1276,0,0,0,1276
12/11/2006,PHL,PA,AEA,EN,Combined TRACON& Tower with Radar,753,567,44,2,1366,0,5,13,7,25,753,572,57,9,1391,0,0,0,1391
12/12/2006,PHL,PA,AEA,EN,Combined TRACON& Tower with Radar,823,614,58,0,1495,0,10,13,6,29,823,624,71,6,1524,0,0,0,1524
12/13/2006,PHL,PA,AEA,EN,Combined TRACON& Tower with Radar,685,409,45,2,1141,0,1,6,0,7,685,410,51,2,1148,0,0,0,1148
12/14/2006,PHL,PA,AEA,EN,Combined TRACON& Tower with Radar,627,265,44,2,938,0,1,5,0,6,627,266,49,2,944,0,0,0,944
12/15/2006,PHL,PA,AEA,EN,Combined TRACON& Tower with Radar,838,486,39,0,1363,0,2,13,6,21,838,488,52,6,1384,0,0,0,1384
12/16/2006,PHL,PA,AEA,EN,Combined TRACON& Tower with Radar,639,536,23,0,1198,0,2,13,6,21,639,538,36,6,1219,0,0,0,1219
12/17/2006,PHL,PA,AEA,EN,Combined TRACON& Tower with Radar,691,570,25,0,1286,0,5,15,3,23,691,575,40,3,1309,0,0,0,1309
12/18/2006,PHL,PA,AEA,EN,Combined TRACON& Tower with Radar,759,590,40,0,1389,0,2,27,5,34,759,592,67,5,1423,0,0,0,1423
12/19/2006,PHL,PA,AEA,EN,Combined TRACON& Tower with Radar,870,618,44,1,1533,0,10,25,9,44,870,628,69,10,1577,0,0,0,1577
12/20/2006,PHL,PA,AEA,EN,Combined TRACON& Tower with Radar,889,620,34,0,1543,0,6,26,6,38,889,626,60,6,1581,0,0,0,1581
12/21/2006,PHL,PA,AEA,EN,Combined TRACON& Tower with Radar,863,627,34,0,1524,0,5,11,5,21,863,632,45,5,1545,0,0,0,1545
12/22/2006,PHL,PA,AEA,EN,Combined TRACON& Tower with Radar,815,565,39,0,1419,0,2,13,4,19,815,567,52,4,1438,0,0,0,1438
12/23/2006,PHL,PA,AEA,EN,Combined TRACON& Tower with Radar,744,542,38,0,1324,0,2,13,0,15,744,544,51,0,1339,0,0,0,1339
12/24/2006,PHL,PA,AEA,EN,Combined TRACON& Tower with Radar,599,500,2,0,1101,0,2,7,1,10,599,502,9,1,1111,0,0,0,1111
12/25/2006,PHL,PA,AEA,EN,Combined TRACON& Tower with Radar,619,498,6,0,1123,0,2,2,5,9,619,500,8,5,1132,0,0,0,1132
12/26/2006,PHL,PA,AEA,EN,Combined TRACON& Tower with Radar,746,520,45,0,1311,0,4,9,1,14,746,524,54,1,1325,0,0,0,1325
12/27/2006,PHL,PA,AEA,EN,Combined TRACON& Tower with Radar,802,624,27,0,1453,0,2,13,5,20,802,626,40,5,1473,0,0,0,1473
12/28/2006,PHL,PA,AEA,EN,Combined TRACON& Tower with Radar,799,622,14,0,1435,0,6,25,5,36,799,628,39,5,1471,0,0,0,1471
12/29/2006,PHL,PA,AEA,EN,Combined TRACON& Tower with Radar,784,603,28,0,1415,0,5,36,8,49,784,608,64,8,1464,0,0,0,1464
12/30/2006,PHL,PA,AEA,EN,Combined TRACON& Tower with Radar,684,523,21,0,1228,0,2,12,7,21,684,525,33,7,1249,0,0,0,1249
12/31/2006,PHL,PA,AEA,EN,Combined TRACON& Tower with Radar,614,547,21,0,1182,0,7,15,6,28,614,554,36,6,1210,0,0,0,1210
01/01/2007,PHL,PA,AEA,EN,Combined TRACON& Tower with Radar,642,474,22,0,1138,0,0,2,3,5,642,474,24,3,1143,0,0,0,1143
01/02/2007,PHL,PA,AEA,EN,Combined TRACON& Tower with Radar,758,585,37,0,1380,0,6,25,1,32,758,591,62,1,1412,0,0,0,1412
01/03/2007,PHL,PA,AEA,EN,Combined TRACON& Tower with Radar,808,613,24,0,1445,0,3,21,7,31,808,616,45,7,1476,0,0,0,1476
01/04/2007,PHL,PA,AEA,EN,Combined TRACON& Tower with Radar,802,628,32,0,1462,0,6,40,7,53,802,634,72,7,1515,0,0,0,1515
01/05/2007,PHL,PA,AEA,EN,Combined TRACON& Tower with Radar,711,472,31,0,1214,0,2,6,1,9,711,474,37,1,1223,0,0,0,1223
01/06/2007,PHL,PA,AEA,EN,Combined TRACON& Tower with Radar,666,523,17,1,1207,0,1,12,2,15,666,524,29,3,1222,0,0,0,1222
01/07/2007,PHL,PA,AEA,EN,Combined TRACON& Tower with Radar,656,553,43,0,1252,0,5,22,2,29,656,558,65,2,1281,0,0,0,1281
01/08/2007,PHL,PA,AEA,EN,Combined TRACON& Tower with Radar,727,565,44,1,1337,0,1,7,3,11,727,566,51,4,1348,0,0,0,1348
01/09/2007,PHL,PA,AEA,EN,Combined TRACON& Tower with Radar,787,598,54,0,1439,0,8,20,6,34,787,606,74,6,1473,0,0,0,1473
01/10/2007,PHL,PA,AEA,EN,Combined TRACON& Tower with Radar,797,606,49,1,1453,0,5,16,7,28,797,611,65,8,1481,0,0,0,1481
01/11/2007,PHL,PA,AEA,EN,Combined TRACON& Tower with Radar,790,611,48,1,1450,0,4,31,2,37,790,615,79,3,1487,0,0,0,1487
01/12/2007,PHL,PA,AEA,EN,Combined TRACON& Tower with Radar,795,585,45,0,1425,0,12,20,6,38,795,597,65,6,1463,0,0,0,1463
01/13/2007,PHL,PA,AEA,EN,Combined TRACON& Tower with Radar,612,481,8,0,1101,0,8,8,4,20,612,489,16,4,1121,0,0,0,1121
01/14/2007,PHL,PA,AEA,EN,Combined TRACON& Tower with Radar,633,462,10,0,1105,0,1,0,0,1,633,463,10,0,1106,0,0,0,1106
01/15/2007,PHL,PA,AEA,EN,Combined TRACON& Tower with Radar,732,522,35,0,1289,0,2,3,1,6,732,524,38,1,1295,0,0,0,1295
01/16/2007,PHL,PA,AEA,EN,Combined TRACON& Tower with Radar,781,566,44,0,1391,0,3,17,6,26,781,569,61,6,1417,0,0,0,1417
01/17/2007,PHL,PA,AEA,EN,Combined TRACON& Tower with Radar,786,606,47,0,1439,0,4,15,3,22,786,610,62,3,1461,0,0,0,1461
01/18/2007,PHL,PA,AEA,EN,Combined TRACON& Tower with Radar,753,579,57,1,1390,0,1,6,2,9,753,580,63,3,1399,0,0,0,1399
01/19/2007,PHL,PA,AEA,EN,Combined TRACON& Tower with Radar,817,606,46,0,1469,0,3,7,4,14,817,609,53,4,1483,0,0,0,1483
01/20/2007,PHL,PA,AEA,EN,Combined TRACON& Tower with Radar,616,492,25,1,1134,0,6,19,1,26,616,498,44,2,1160,0,0,0,1160
01/21/2007,PHL,PA,AEA,EN,Combined TRACON& Tower with Radar,628,545,27,1,1201,0,0,7,2,9,628,545,34,3,1210,0,0,0,1210
01/22/2007,PHL,PA,AEA,EN,Combined TRACON& Tower with Radar,725,543,51,0,1319,0,0,2,0,2,725,543,53,0,1321,0,0,0,1321
01/23/2007,PHL,PA,AEA,EN,Combined TRACON& Tower with Radar,783,593,54,0,1430,0,6,28,1,35,783,599,82,1,1465,0,0,0,1465
01/24/2007,PHL,PA,AEA,EN,Combined TRACON& Tower with Radar,786,594,44,0,1424,0,4,7,7,18,786,598,51,7,1442,0,0,0,1442
01/25/2007,PHL,PA,AEA,EN,Combined TRACON& Tower with Radar,756,570,50,0,1376,0,5,9,5,19,756,575,59,5,1395,0,0,0,1395
01/26/2007,PHL,PA,AEA,EN,Combined TRACON& Tower with Radar,804,597,63,1,1465,0,12,20,2,34,804,609,83,3,1499,0,0,0,1499
01/27/2007,PHL,PA,AEA,EN,Combined TRACON& Tower with Radar,620,484,17,0,1121,0,4,15,2,21,620,488,32,2,1142,0,0,0,1142
01/28/2007,PHL,PA,AEA,EN,Combined TRACON& Tower with Radar,649,529,31,0,1209,0,3,7,5,15,649,532,38,5,1224,0,0,0,1224
01/29/2007,PHL,PA,AEA,EN,Combined TRACON& Tower with Radar,747,579,55,0,1381,0,0,12,9,21,747,579,67,9,1402,0,0,0,1402
01/30/2007,PHL,PA,AEA,EN,Combined TRACON& Tower with Radar,793,601,36,0,1430,0,5,13,6,24,793,606,49,6,1454,0,0,0,1454
01/31/2007,PHL,PA,AEA,EN,Combined TRACON& Tower with Radar,792,602,65,0,1459,0,3,35,8,46,792,605,100,8,1505,0,0,0,1505
02/01/2007,PHL,PA,AEA,EN,Combined TRACON& Tower with Radar,789,598,66,2,1455,0,9,23,2,34,789,607,89,4,1489,0,0,0,1489
02/02/2007,PHL,PA,AEA,EN,Combined TRACON& Tower with Radar,770,579,50,0,1399,0,4,12,2,18,770,583,62,2,1417,0,0,0,1417
02/03/2007,PHL,PA,AEA,EN,Combined TRACON& Tower with Radar,617,491,12,0,1120,0,2,14,4,20,617,493,26,4,1140,0,0,0,1140
02/04/2007,PHL,PA,AEA,EN,Combined TRACON& Tower with Radar,637,550,21,0,1208,0,5,11,4,20,637,555,32,4,1228,0,0,0,1228
02/05/2007,PHL,PA,AEA,EN,Combined TRACON& Tower with Radar,731,565,59,0,1355,0,7,5,4,16,731,572,64,4,1371,0,0,0,1371
02/06/2007,PHL,PA,AEA,EN,Combined TRACON& Tower with Radar,775,599,72,0,1446,0,15,27,14,56,775,614,99,14,1502,0,0,0,1502
02/07/2007,PHL,PA,AEA,EN,Combined TRACON& Tower with Radar,789,602,56,0,1447,0,7,11,17,35,789,609,67,17,1482,0,0,0,1482
02/08/2007,PHL,PA,AEA,EN,Combined TRACON& Tower with Radar,803,632,49,0,1484,0,15,23,11,49,803,647,72,11,1533,0,0,0,1533
02/09/2007,PHL,PA,AEA,EN,Combined TRACON& Tower with Radar,798,592,45,0,1435,0,11,23,4,38,798,603,68,4,1473,0,0,0,1473
02/10/2007,PHL,PA,AEA,EN,Combined TRACON& Tower with Radar,626,495,16,1,1138,0,5,8,3,16,626,500,24,4,1154,0,0,0,1154
02/11/2007,PHL,PA,AEA,EN,Combined TRACON& Tower with Radar,653,548,24,3,1228,0,2,19,2,23,653,550,43,5,1251,0,0,0,1251
02/12/2007,PHL,PA,AEA,EN,Combined TRACON& Tower with Radar,747,582,56,0,1385,0,9,48,11,68,747,591,104,11,1453,0,0,0,1453
02/13/2007,PHL,PA,AEA,EN,Combined TRACON& Tower with Radar,524,260,32,0,816,0,3,10,5,18,524,263,42,5,834,0,0,0,834
02/14/2007,PHL,PA,AEA,EN,Combined TRACON& Tower with Radar,430,133,28,0,591,0,0,1,0,1,430,133,29,0,592,0,0,0,592
02/15/2007,PHL,PA,AEA,EN,Combined TRACON& Tower with Radar,697,456,42,0,1195,0,7,18,4,29,697,463,60,4,1224,0,0,0,1224
02/16/2007,PHL,PA,AEA,EN,Combined TRACON& Tower with Radar,760,574,55,0,1389,0,4,15,6,25,760,578,70,6,1414,0,0,0,1414
02/17/2007,PHL,PA,AEA,EN,Combined TRACON& Tower with Radar,630,496,17,0,1143,0,2,12,0,14,630,498,29,0,1157,0,0,0,1157
02/18/2007,PHL,PA,AEA,EN,Combined TRACON& Tower with Radar,659,539,24,0,1222,0,1,3,2,6,659,540,27,2,1228,0,0,0,1228
02/19/2007,PHL,PA,AEA,EN,Combined TRACON& Tower with Radar,743,558,52,0,1353,0,4,31,10,45,743,562,83,10,1398,0,0,0,1398
02/20/2007,PHL,PA,AEA,EN,Combined TRACON& Tower with Radar,827,579,45,1,1452,0,9,17,3,29,827,588,62,4,1481,0,0,0,1481
02/21/2007,PHL,PA,AEA,EN,Combined TRACON& Tower with Radar,801,604,59,0,1464,0,1,21,4,26,801,605,80,4,1490,0,0,0,1490
02/22/2007,PHL,PA,AEA,EN,Combined TRACON& Tower with Radar,798,600,60,0,1458,0,12,20,4,36,798,612,80,4,1494,0,0,0,1494
02/23/2007,PHL,PA,AEA,EN,Combined TRACON& Tower with Radar,803,628,54,0,1485,0,17,15,7,39,803,645,69,7,1524,0,0,0,1524
02/24/2007,PHL,PA,AEA,EN,Combined TRACON& Tower with Radar,593,490,14,0,1097,0,3,7,0,10,593,493,21,0,1107,0,0,0,1107
02/25/2007,PHL,PA,AEA,EN,Combined TRACON& Tower with Radar,547,376,26,0,949,0,1,3,3,7,547,377,29,3,956,0,0,0,956
02/26/2007,PHL,PA,AEA,EN,Combined TRACON& Tower with Radar,734,547,47,0,1328,0,2,1,1,4,734,549,48,1,1332,0,0,0,1332
02/27/2007,PHL,PA,AEA,EN,Combined TRACON& Tower with Radar,814,623,51,0,1488,0,2,27,9,38,814,625,78,9,1526,0,0,0,1526
02/28/2007,PHL,PA,AEA,EN,Combined TRACON& Tower with Radar,813,602,50,0,1465,0,1,20,8,29,813,603,70,8,1494,0,0,0,1494
03/01/2007,PHL,PA,AEA,EN,Combined TRACON& Tower with Radar,780,595,63,0,1438,0,4,12,5,21,780,599,75,5,1459,0,0,0,1459
03/02/2007,PHL,PA,AEA,EN,Combined TRACON& Tower with Radar,803,543,56,0,1402,0,2,11,2,15,803,545,67,2,1417,0,0,0,1417
03/03/2007,PHL,PA,AEA,EN,Combined TRACON& Tower with Radar,619,517,19,0,1155,0,8,7,4,19,619,525,26,4,1174,0,0,0,1174
03/04/2007,PHL,PA,AEA,EN,Combined TRACON& Tower with Radar,666,573,40,0,1279,1,2,9,4,16,667,575,49,4,1295,0,0,0,1295
03/05/2007,PHL,PA,AEA,EN,Combined TRACON& Tower with Radar,773,566,47,0,1386,0,7,22,12,41,773,573,69,12,1427,0,0,0,1427
03/06/2007,PHL,PA,AEA,EN,Combined TRACON& Tower with Radar,809,596,48,0,1453,0,5,15,6,26,809,601,63,6,1479,0,0,0,1479
03/07/2007,PHL,PA,AEA,EN,Combined TRACON& Tower with Radar,751,446,42,0,1239,0,3,14,1,18,751,449,56,1,1257,0,0,0,1257
03/08/2007,PHL,PA,AEA,EN,Combined TRACON& Tower with Radar,821,617,54,0,1492,0,9,19,14,42,821,626,73,14,1534,0,0,0,1534
03/09/2007,PHL,PA,AEA,EN,Combined TRACON& Tower with Radar,812,585,53,2,1452,0,11,34,16,61,812,596,87,18,1513,0,0,0,1513
03/10/2007,PHL,PA,AEA,EN,Combined TRACON& Tower with Radar,638,503,18,0,1159,0,8,15,6,29,638,511,33,6,1188,0,0,0,1188
03/11/2007,PHL,PA,AEA,EN,Combined TRACON& Tower with Radar,674,564,30,0,1268,0,6,8,6,20,674,570,38,6,1288,0,0,0,1288
03/12/2007,PHL,PA,AEA,EN,Combined TRACON& Tower with Radar,760,582,42,0,1384,0,2,22,3,27,760,584,64,3,1411,0,0,0,1411
03/13/2007,PHL,PA,AEA,EN,Combined TRACON& Tower with Radar,807,633,79,0,1519,0,7,27,7,41,807,640,106,7,1560,0,0,0,1560
03/14/2007,PHL,PA,AEA,EN,Combined TRACON& Tower with Radar,817,609,52,1,1479,0,6,36,4,46,817,615,88,5,1525,0,0,0,1525
03/15/2007,PHL,PA,AEA,EN,Combined TRACON& Tower with Radar,791,598,57,0,1446,0,1,23,7,31,791,599,80,7,1477,0,0,0,1477
03/16/2007,PHL,PA,AEA,EN,Combined TRACON& Tower with Radar,260,166,39,0,465,0,0,0,0,0,260,166,39,0,465,0,0,0,465
03/17/2007,PHL,PA,AEA,EN,Combined TRACON& Tower with Radar,514,291,50,0,855,0,1,6,2,9,514,292,56,2,864,0,0,0,864
03/18/2007,PHL,PA,AEA,EN,Combined TRACON& Tower with Radar,672,545,37,0,1254,0,2,13,4,19,672,547,50,4,1273,0,0,0,1273
03/19/2007,PHL,PA,AEA,EN,Combined TRACON& Tower with Radar,777,582,64,1,1424,0,7,24,6,37,777,589,88,7,1461,0,0,0,1461
03/20/2007,PHL,PA,AEA,EN,Combined TRACON& Tower with Radar,828,605,66,0,1499,0,0,23,7,30,828,605,89,7,1529,0,0,0,1529
03/21/2007,PHL,PA,AEA,EN,Combined TRACON& Tower with Radar,806,604,59,0,1469,0,4,24,6,34,806,608,83,6,1503,0,0,0,1503
03/22/2007,PHL,PA,AEA,EN,Combined TRACON& Tower with Radar,790,549,57,0,1396,0,2,11,6,19,790,551,68,6,1415,0,0,0,1415
03/23/2007,PHL,PA,AEA,EN,Combined TRACON& Tower with Radar,828,598,47,0,1473,0,1,11,2,14,828,599,58,2,1487,0,0,0,1487
03/24/2007,PHL,PA,AEA,EN,Combined TRACON& Tower with Radar,660,510,28,0,1198,0,5,10,2,17,660,515,38,2,1215,0,0,0,1215
03/25/2007,PHL,PA,AEA,EN,Combined TRACON& Tower with Radar,676,555,37,0,1268,0,2,22,7,31,676,557,59,7,1299,0,0,0,1299
03/26/2007,PHL,PA,AEA,EN,Combined TRACON& Tower with Radar,760,566,46,0,1372,0,8,31,8,47,760,574,77,8,1419,0,0,0,1419
03/27/2007,PHL,PA,AEA,EN,Combined TRACON& Tower with Radar,822,592,51,0,1465,0,5,24,11,40,822,597,75,11,1505,0,0,0,1505
03/28/2007,PHL,PA,AEA,EN,Combined TRACON& Tower with Radar,819,620,52,0,1491,0,3,29,5,37,819,623,81,5,1528,0,0,0,1528
03/29/2007,PHL,PA,AEA,EN,Combined TRACON& Tower with Radar,831,617,53,0,1501,0,7,34,1,42,831,624,87,1,1543,0,0,0,1543
03/30/2007,PHL,PA,AEA,EN,Combined TRACON& Tower with Radar,809,605,51,1,1466,0,20,29,5,54,809,625,80,6,1520,0,0,0,1520
03/31/2007,PHL,PA,AEA,EN,Combined TRACON& Tower with Radar,649,530,27,1,1207,0,3,22,3,28,649,533,49,4,1235,0,0,0,1235
04/01/2007,PHL,PA,AEA,EN,Combined TRACON& Tower with Radar,682,564,28,2,1276,0,3,0,0,3,682,567,28,2,1279,0,0,0,1279
04/02/2007,PHL,PA,AEA,EN,Combined TRACON& Tower with Radar,772,573,42,2,1389,0,1,26,0,27,772,574,68,2,1416,0,0,0,1416
04/03/2007,PHL,PA,AEA,EN,Combined TRACON& Tower with Radar,806,612,63,3,1484,0,4,14,8,26,806,616,77,11,1510,0,0,0,1510
04/04/2007,PHL,PA,AEA,EN,Combined TRACON& Tower with Radar,769,555,39,3,1366,0,1,1,3,5,769,556,40,6,1371,0,0,0,1371
04/05/2007,PHL,PA,AEA,EN,Combined TRACON& Tower with Radar,845,618,55,2,1520,0,2,17,8,27,845,620,72,10,1547,0,0,0,1547
04/06/2007,PHL,PA,AEA,EN,Combined TRACON& Tower with Radar,805,607,26,0,1438,0,8,22,12,42,805,615,48,12,1480,0,0,0,1480
04/07/2007,PHL,PA,AEA,EN,Combined TRACON& Tower with Radar,652,505,13,0,1170,0,8,12,2,22,652,513,25,2,1192,0,0,0,1192
04/08/2007,PHL,PA,AEA,EN,Combined TRACON& Tower with Radar,663,570,18,0,1251,0,3,14,5,22,663,573,32,5,1273,0,0,0,1273
04/09/2007,PHL,PA,AEA,EN,Combined TRACON& Tower with Radar,757,585,62,0,1404,0,5,24,2,31,757,590,86,2,1435,0,0,0,1435
04/10/2007,PHL,PA,AEA,EN,Combined TRACON& Tower with Radar,808,611,68,1,1488,0,5,22,5,32,808,616,90,6,1520,0,0,0,1520
04/11/2007,PHL,PA,AEA,EN,Combined TRACON& Tower with Radar,786,619,47,0,1452,0,5,24,2,31,786,624,71,2,1483,0,0,0,1483
04/12/2007,PHL,PA,AEA,EN,Combined TRACON& Tower with Radar,768,533,45,3,1349,0,3,7,7,17,768,536,52,10,1366,0,0,0,1366
04/13/2007,PHL,PA,AEA,EN,Combined TRACON& Tower with Radar,817,628,76,0,1521,0,1,24,4,29,817,629,100,4,1550,0,0,0,1550
04/14/2007,PHL,PA,AEA,EN,Combined TRACON& Tower with Radar,653,521,41,0,1215,0,1,14,1,16,653,522,55,1,1231,0,0,0,1231
04/15/2007,PHL,PA,AEA,EN,Combined TRACON& Tower with Radar,598,402,31,0,1031,0,3,0,0,3,598,405,31,0,1034,0,0,0,1034
04/16/2007,PHL,PA,AEA,EN,Combined TRACON& Tower with Radar,754,419,29,0,1202,0,1,1,1,3,754,420,30,1,1205,0,0,0,1205
04/17/2007,PHL,PA,AEA,EN,Combined TRACON& Tower with Radar,822,597,47,0,1466,0,7,9,7,23,822,604,56,7,1489,0,0,0,1489
04/18/2007,PHL,PA,AEA,EN,Combined TRACON& Tower with Radar,795,626,59,0,1480,0,5,25,8,38,795,631,84,8,1518,0,0,0,1518
04/19/2007,PHL,PA,AEA,EN,Combined TRACON& Tower with Radar,825,615,48,0,1488,0,4,25,5,34,825,619,73,5,1522,0,0,0,1522
04/20/2007,PHL,PA,AEA,EN,Combined TRACON& Tower with Radar,809,606,60,0,1475,0,9,47,7,63,809,615,107,7,1538,0,0,0,1538
04/21/2007,PHL,PA,AEA,EN,Combined TRACON& Tower with Radar,639,510,19,3,1171,0,4,16,7,27,639,514,35,10,1198,0,0,0,1198
04/22/2007,PHL,PA,AEA,EN,Combined TRACON& Tower with Radar,677,559,40,2,1278,0,2,36,13,51,677,561,76,15,1329,0,0,0,1329
04/23/2007,PHL,PA,AEA,EN,Combined TRACON& Tower with Radar,757,573,41,1,1372,0,7,26,13,46,757,580,67,14,1418,0,0,0,1418
04/24/2007,PHL,PA,AEA,EN,Combined TRACON& Tower with Radar,808,625,62,1,1496,0,6,31,7,44,808,631,93,8,1540,0,0,0,1540
04/25/2007,PHL,PA,AEA,EN,Combined TRACON& Tower with Radar,791,607,57,0,1455,0,7,14,10,31,791,614,71,10,1486,0,0,0,1486
04/26/2007,PHL,PA,AEA,EN,Combined TRACON& Tower with Radar,800,628,62,3,1493,0,4,12,5,21,800,632,74,8,1514,0,0,0,1514
04/27/2007,PHL,PA,AEA,EN,Combined TRACON& Tower with Radar,779,527,40,0,1346,0,0,0,0,0,779,527,40,0,1346,0,0,0,1346
04/28/2007,PHL,PA,AEA,EN,Combined TRACON& Tower with Radar,642,483,31,0,1156,0,4,9,0,13,642,487,40,0,1169,0,0,0,1169
04/29/2007,PHL,PA,AEA,EN,Combined TRACON& Tower with Radar,674,560,29,0,1263,0,0,14,0,14,674,560,43,0,1277,0,0,0,1277
04/30/2007,PHL,PA,AEA,EN,Combined TRACON& Tower with Radar,756,581,33,2,1372,0,4,12,5,21,756,585,45,7,1393,0,0,0,1393
05/01/2007,PHL,PA,AEA,EN,Combined TRACON& Tower with Radar,804,573,51,0,1428,0,4,31,11,46,804,577,82,11,1474,0,0,0,1474
05/02/2007,PHL,PA,AEA,EN,Combined TRACON& Tower with Radar,827,615,47,1,1490,0,7,21,10,38,827,622,68,11,1528,0,0,0,1528
05/03/2007,PHL,PA,AEA,EN,Combined TRACON& Tower with Radar,828,625,76,1,1530,0,14,37,22,73,828,639,113,23,1603,0,0,0,1603
05/04/2007,PHL,PA,AEA,EN,Combined TRACON& Tower with Radar,813,610,59,1,1483,0,8,29,2,39,813,618,88,3,1522,0,0,0,1522
05/05/2007,PHL,PA,AEA,EN,Combined TRACON& Tower with Radar,638,510,32,0,1180,0,6,16,7,29,638,516,48,7,1209,0,0,0,1209
05/06/2007,PHL,PA,AEA,EN,Combined TRACON& Tower with Radar,652,559,39,0,1250,0,3,25,14,42,652,562,64,14,1292,0,0,0,1292
05/07/2007,PHL,PA,AEA,EN,Combined TRACON& Tower with Radar,757,578,51,0,1386,0,2,9,11,22,757,580,60,11,1408,0,0,0,1408
05/08/2007,PHL,PA,AEA,EN,Combined TRACON& Tower with Radar,811,621,76,3,1511,0,8,15,4,27,811,629,91,7,1538,0,0,0,1538
05/09/2007,PHL,PA,AEA,EN,Combined TRACON& Tower with Radar,783,575,68,1,1427,0,7,17,3,27,783,582,85,4,1454,0,0,0,1454
05/10/2007,PHL,PA,AEA,EN,Combined TRACON& Tower with Radar,817,607,56,0,1480,0,7,12,4,23,817,614,68,4,1503,0,0,0,1503
05/11/2007,PHL,PA,AEA,EN,Combined TRACON& Tower with Radar,802,620,76,0,1498,0,0,24,2,26,802,620,100,2,1524,0,0,0,1524
05/12/2007,PHL,PA,AEA,EN,Combined TRACON& Tower with Radar,632,525,25,0,1182,0,0,14,2,16,632,525,39,2,1198,0,0,0,1198
05/13/2007,PHL,PA,AEA,EN,Combined TRACON& Tower with Radar,675,580,46,0,1301,0,1,27,2,30,675,581,73,2,1331,0,0,0,1331
05/14/2007,PHL,PA,AEA,EN,Combined TRACON& Tower with Radar,755,593,62,1,1411,0,8,33,3,44,755,601,95,4,1455,0,0,0,1455
05/15/2007,PHL,PA,AEA,EN,Combined TRACON& Tower with Radar,800,600,53,0,1453,0,7,31,14,52,800,607,84,14,1505,0,0,0,1505
05/16/2007,PHL,PA,AEA,EN,Combined TRACON& Tower with Radar,765,550,42,0,1357,0,1,18,2,21,765,551,60,2,1378,0,0,0,1378
05/17/2007,PHL,PA,AEA,EN,Combined TRACON& Tower with Radar,827,657,72,0,1556,0,3,23,7,33,827,660,95,7,1589,0,0,0,1589
05/18/2007,PHL,PA,AEA,EN,Combined TRACON& Tower with Radar,808,618,41,0,1467,0,0,17,2,19,808,618,58,2,1486,0,0,0,1486
05/19/2007,PHL,PA,AEA,EN,Combined TRACON& Tower with Radar,649,527,19,0,1195,0,3,10,3,16,649,530,29,3,1211,0,0,0,1211
05/20/2007,PHL,PA,AEA,EN,Combined TRACON& Tower with Radar,664,566,34,0,1264,0,6,23,4,33,664,572,57,4,1297,0,0,0,1297
05/21/2007,PHL,PA,AEA,EN,Combined TRACON& Tower with Radar,734,574,37,1,1346,0,9,17,12,38,734,583,54,13,1384,0,0,0,1384
05/22/2007,PHL,PA,AEA,EN,Combined TRACON& Tower with Radar,795,614,44,1,1454,0,3,49,7,59,795,617,93,8,1513,0,0,0,1513
05/23/2007,PHL,PA,AEA,EN,Combined TRACON& Tower with Radar,808,623,62,0,1493,0,4,25,2,31,808,627,87,2,1524,0,0,0,1524
05/24/2007,PHL,PA,AEA,EN,Combined TRACON& Tower with Radar,786,643,68,0,1497,0,3,40,2,45,786,646,108,2,1542,0,0,0,1542
05/25/2007,PHL,PA,AEA,EN,Combined TRACON& Tower with Radar,810,617,38,0,1465,0,7,33,3,43,810,624,71,3,1508,0,0,0,1508
05/26/2007,PHL,PA,AEA,EN,Combined TRACON& Tower with Radar,628,498,22,0,1148,0,6,9,1,16,628,504,31,1,1164,0,0,0,1164
05/27/2007,PHL,PA,AEA,EN,Combined TRACON& Tower with Radar,584,464,19,0,1067,0,4,10,0,14,584,468,29,0,1081,0,0,0,1081
05/28/2007,PHL,PA,AEA,EN,Combined TRACON& Tower with Radar,707,537,19,0,1263,0,3,21,2,26,707,540,40,2,1289,0,0,0,1289
05/29/2007,PHL,PA,AEA,EN,Combined TRACON& Tower with Radar,779,593,63,0,1435,0,4,12,3,19,779,597,75,3,1454,0,0,0,1454
05/30/2007,PHL,PA,AEA,EN,Combined TRACON& Tower with Radar,813,612,54,1,1480,0,2,39,11,52,813,614,93,12,1532,0,0,0,1532
05/31/2007,PHL,PA,AEA,EN,Combined TRACON& Tower with Radar,844,580,59,0,1483,0,8,29,11,48,844,588,88,11,1531,0,0,0,1531
06/01/2007,PHL,PA,AEA,EN,Combined TRACON& Tower with Radar,834,560,53,0,1447,0,13,27,16,56,834,573,80,16,1503,0,0,0,1503
06/02/2007,PHL,PA,AEA,EN,Combined TRACON& Tower with Radar,683,495,26,0,1204,0,7,18,4,29,683,502,44,4,1233,0,0,0,1233
06/03/2007,PHL,PA,AEA,EN,Combined TRACON& Tower with Radar,670,509,33,0,1212,0,3,7,5,15,670,512,40,5,1227,0,0,0,1227
06/04/2007,PHL,PA,AEA,EN,Combined TRACON& Tower with Radar,805,536,49,0,1390,0,0,10,1,11,805,536,59,1,1401,0,0,0,1401
06/05/2007,PHL,PA,AEA,EN,Combined TRACON& Tower with Radar,853,587,58,0,1498,0,4,35,8,47,853,591,93,8,1545,0,0,0,1545
06/06/2007,PHL,PA,AEA,EN,Combined TRACON& Tower with Radar,843,596,44,2,1485,0,2,31,5,38,843,598,75,7,1523,0,0,0,1523
06/07/2007,PHL,PA,AEA,EN,Combined TRACON& Tower with Radar,847,579,53,0,1479,0,1,49,3,53,847,580,102,3,1532,0,0,0,1532
06/08/2007,PHL,PA,AEA,EN,Combined TRACON& Tower with Radar,736,454,59,1,1250,0,2,11,8,21,736,456,70,9,1271,0,0,0,1271
06/09/2007,PHL,PA,AEA,EN,Combined TRACON& Tower with Radar,716,496,19,0,1231,0,4,14,6,24,716,500,33,6,1255,0,0,0,1255
06/10/2007,PHL,PA,AEA,EN,Combined TRACON& Tower with Radar,709,551,39,0,1299,0,1,7,5,13,709,552,46,5,1312,0,0,0,1312
06/11/2007,PHL,PA,AEA,EN,Combined TRACON& Tower with Radar,784,526,54,3,1367,0,6,32,3,41,784,532,86,6,1408,0,0,0,1408
06/12/2007,PHL,PA,AEA,EN,Combined TRACON& Tower with Radar,695,441,63,0,1199,0,8,23,7,38,695,449,86,7,1237,0,0,0,1237
06/13/2007,PHL,PA,AEA,EN,Combined TRACON& Tower with Radar,799,519,69,1,1388,0,11,14,3,28,799,530,83,4,1416,0,0,0,1416
06/14/2007,PHL,PA,AEA,EN,Combined TRACON& Tower with Radar,872,596,87,1,1556,0,9,29,5,43,872,605,116,6,1599,0,0,0,1599
06/15/2007,PHL,PA,AEA,EN,Combined TRACON& Tower with Radar,853,578,46,0,1477,0,3,26,5,34,853,581,72,5,1511,0,0,0,1511
06/16/2007,PHL,PA,AEA,EN,Combined TRACON& Tower with Radar,706,501,37,0,1244,0,1,17,5,23,706,502,54,5,1267,0,0,0,1267
06/17/2007,PHL,PA,AEA,EN,Combined TRACON& Tower with Radar,697,544,29,0,1270,0,3,25,7,35,697,547,54,7,1305,0,0,0,1305
06/18/2007,PHL,PA,AEA,EN,Combined TRACON& Tower with Radar,782,537,48,0,1367,0,9,38,17,64,782,546,86,17,1431,0,0,0,1431
06/19/2007,PHL,PA,AEA,EN,Combined TRACON& Tower with Radar,736,449,43,1,1229,0,9,13,6,28,736,458,56,7,1257,0,0,0,1257
06/20/2007,PHL,PA,AEA,EN,Combined TRACON& Tower with Radar,906,601,59,0,1566,0,3,23,3,29,906,604,82,3,1595,0,0,0,1595
06/21/2007,PHL,PA,AEA,EN,Combined TRACON& Tower with Radar,880,585,67,0,1532,0,6,19,5,30,880,591,86,5,1562,0,0,0,1562
06/22/2007,PHL,PA,AEA,EN,Combined TRACON& Tower with Radar,841,572,67,1,1481,0,5,11,9,25,841,577,78,10,1506,0,0,0,1506
06/23/2007,PHL,PA,AEA,EN,Combined TRACON& Tower with Radar,688,506,24,0,1218,0,6,21,3,30,688,512,45,3,1248,0,0,0,1248
06/24/2007,PHL,PA,AEA,EN,Combined TRACON& Tower with Radar,700,531,34,0,1265,0,5,28,1,34,700,536,62,1,1299,0,0,0,1299
06/25/2007,PHL,PA,AEA,EN,Combined TRACON& Tower with Radar,781,545,71,0,1397,0,2,18,2,22,781,547,89,2,1419,0,0,0,1419
06/26/2007,PHL,PA,AEA,EN,Combined TRACON& Tower with Radar,836,584,64,0,1484,0,5,27,5,37,836,589,91,5,1521,0,0,0,1521
06/27/2007,PHL,PA,AEA,EN,Combined TRACON& Tower with Radar,692,466,63,0,1221,0,2,8,3,13,692,468,71,3,1234,0,0,0,1234
06/28/2007,PHL,PA,AEA,EN,Combined TRACON& Tower with Radar,864,498,70,0,1432,0,6,22,3,31,864,504,92,3,1463,0,0,0,1463
06/29/2007,PHL,PA,AEA,EN,Combined TRACON& Tower with Radar,859,578,55,0,1492,0,5,12,5,22,859,583,67,5,1514,0,0,0,1514
06/30/2007,PHL,PA,AEA,EN,Combined TRACON& Tower with Radar,680,501,36,0,1217,0,4,11,8,23,680,505,47,8,1240,0,0,0,1240
07/01/2007,PHL,PA,AEA,EN,Combined TRACON& Tower with Radar,688,517,26,0,1231,1,5,12,3,21,689,522,38,3,1252,0,0,0,1252
07/02/2007,PHL,PA,AEA,EN,Combined TRACON& Tower with Radar,792,506,24,0,1322,0,3,21,6,30,792,509,45,6,1352,0,0,0,1352
07/03/2007,PHL,PA,AEA,EN,Combined TRACON& Tower with Radar,817,523,32,0,1372,0,2,20,3,25,817,525,52,3,1397,0,0,0,1397
07/04/2007,PHL,PA,AEA,EN,Combined TRACON& Tower with Radar,700,399,8,0,1107,0,1,10,0,11,700,400,18,0,1118,0,0,0,1118
07/05/2007,PHL,PA,AEA,EN,Combined TRACON& Tower with Radar,766,462,39,2,1269,0,2,17,4,23,766,464,56,6,1292,0,0,0,1292
07/06/2007,PHL,PA,AEA,EN,Combined TRACON& Tower with Radar,846,560,38,0,1444,0,7,18,4,29,846,567,56,4,1473,0,0,0,1473
07/07/2007,PHL,PA,AEA,EN,Combined TRACON& Tower with Radar,699,495,16,0,1210,0,10,5,5,20,699,505,21,5,1230,0,0,0,1230
07/08/2007,PHL,PA,AEA,EN,Combined TRACON& Tower with Radar,698,532,38,0,1268,0,2,16,4,22,698,534,54,4,1290,0,0,0,1290
07/09/2007,PHL,PA,AEA,EN,Combined TRACON& Tower with Radar,786,548,50,0,1384,0,3,21,9,33,786,551,71,9,1417,0,0,0,1417
07/10/2007,PHL,PA,AEA,EN,Combined TRACON& Tower with Radar,803,472,53,5,1333,0,7,18,7,32,803,479,71,12,1365,0,0,0,1365
07/11/2007,PHL,PA,AEA,EN,Combined TRACON& Tower with Radar,828,466,65,1,1360,0,0,16,6,22,828,466,81,7,1382,0,0,0,1382
07/12/2007,PHL,PA,AEA,EN,Combined TRACON& Tower with Radar,877,592,65,0,1534,0,5,34,13,52,877,597,99,13,1586,0,0,0,1586
07/13/2007,PHL,PA,AEA,EN,Combined TRACON& Tower with Radar,838,565,31,0,1434,0,12,27,8,47,838,577,58,8,1481,0,0,0,1481
07/14/2007,PHL,PA,AEA,EN,Combined TRACON& Tower with Radar,690,488,23,0,1201,0,1,14,4,19,690,489,37,4,1220,0,0,0,1220
07/15/2007,PHL,PA,AEA,EN,Combined TRACON& Tower with Radar,690,536,45,0,1271,0,1,11,5,17,690,537,56,5,1288,0,0,0,1288
07/16/2007,PHL,PA,AEA,EN,Combined TRACON& Tower with Radar,805,553,49,0,1407,0,3,13,3,19,805,556,62,3,1426,0,0,0,1426
07/17/2007,PHL,PA,AEA,EN,Combined TRACON& Tower with Radar,858,593,57,0,1508,0,7,28,5,40,858,600,85,5,1548,0,0,0,1548
07/18/2007,PHL,PA,AEA,EN,Combined TRACON& Tower with Radar,845,546,51,0,1442,3,12,6,5,26,848,558,57,5,1468,0,0,0,1468
07/19/2007,PHL,PA,AEA,EN,Combined TRACON& Tower with Radar,838,561,66,2,1467,0,0,22,12,34,838,561,88,14,1501,0,0,0,1501
07/20/2007,PHL,PA,AEA,EN,Combined TRACON& Tower with Radar,862,578,44,1,1485,2,4,35,9,50,864,582,79,10,1535,0,0,0,1535
07/21/2007,PHL,PA,AEA,EN,Combined TRACON& Tower with Radar,699,485,21,0,1205,0,8,21,6,35,699,493,42,6,1240,0,0,0,1240
07/22/2007,PHL,PA,AEA,EN,Combined TRACON& Tower with Radar,695,548,40,0,1283,0,2,16,1,19,695,550,56,1,1302,0,0,0,1302
07/23/2007,PHL,PA,AEA,EN,Combined TRACON& Tower with Radar,795,545,46,0,1386,0,2,7,5,14,795,547,53,5,1400,0,0,0,1400
07/24/2007,PHL,PA,AEA,EN,Combined TRACON& Tower with Radar,854,565,59,0,1478,0,8,41,11,60,854,573,100,11,1538,0,0,0,1538
07/25/2007,PHL,PA,AEA,EN,Combined TRACON& Tower with Radar,850,596,65,2,1513,0,8,19,11,38,850,604,84,13,1551,0,0,0,1551
07/26/2007,PHL,PA,AEA,EN,Combined TRACON& Tower with Radar,856,581,48,2,1487,0,1,40,9,50,856,582,88,11,1537,0,0,0,1537
07/27/2007,PHL,PA,AEA,EN,Combined TRACON& Tower with Radar,774,477,52,0,1303,0,4,20,2,26,774,481,72,2,1329,0,0,0,1329
07/28/2007,PHL,PA,AEA,EN,Combined TRACON& Tower with Radar,728,505,36,0,1269,0,5,10,5,20,728,510,46,5,1289,0,0,0,1289
07/29/2007,PHL,PA,AEA,EN,Combined TRACON& Tower with Radar,588,369,27,0,984,0,1,5,0,6,588,370,32,0,990,0,0,0,990
07/30/2007,PHL,PA,AEA,EN,Combined TRACON& Tower with Radar,831,499,50,0,1380,0,2,17,6,25,831,501,67,6,1405,0,0,0,1405
07/31/2007,PHL,PA,AEA,EN,Combined TRACON& Tower with Radar,872,571,40,0,1483,0,1,25,3,29,872,572,65,3,1512,0,0,0,1512
08/01/2007,PHL,PA,AEA,EN,Combined TRACON& Tower with Radar,846,596,44,0,1486,0,9,17,7,33,846,605,61,7,1519,0,0,0,1519
08/02/2007,PHL,PA,AEA,EN,Combined TRACON& Tower with Radar,861,605,53,0,1519,0,7,29,21,57,861,612,82,21,1576,0,0,0,1576
08/03/2007,PHL,PA,AEA,EN,Combined TRACON& Tower with Radar,862,523,60,0,1445,0,12,38,9,59,862,535,98,9,1504,0,0,0,1504
08/04/2007,PHL,PA,AEA,EN,Combined TRACON& Tower with Radar,713,484,24,0,1221,0,7,26,5,38,713,491,50,5,1259,0,0,0,1259
08/05/2007,PHL,PA,AEA,EN,Combined TRACON& Tower with Radar,683,511,34,0,1228,0,5,11,3,19,683,516,45,3,1247,0,0,0,1247
08/06/2007,PHL,PA,AEA,EN,Combined TRACON& Tower with Radar,807,517,37,0,1361,0,3,2,3,8,807,520,39,3,1369,0,0,0,1369
08/07/2007,PHL,PA,AEA,EN,Combined TRACON& Tower with Radar,872,599,67,0,1538,0,7,21,7,35,872,606,88,7,1573,0,0,0,1573
08/08/2007,PHL,PA,AEA,EN,Combined TRACON& Tower with Radar,867,584,39,1,1491,0,3,28,3,34,867,587,67,4,1525,0,0,0,1525
08/09/2007,PHL,PA,AEA,EN,Combined TRACON& Tower with Radar,678,408,41,0,1127,0,3,11,8,22,678,411,52,8,1149,0,0,0,1149
08/10/2007,PHL,PA,AEA,EN,Combined TRACON& Tower with Radar,838,546,48,0,1432,0,7,11,15,33,838,553,59,15,1465,0,0,0,1465
08/11/2007,PHL,PA,AEA,EN,Combined TRACON& Tower with Radar,720,487,16,0,1223,0,2,18,4,24,720,489,34,4,1247,0,0,0,1247
08/12/2007,PHL,PA,AEA,EN,Combined TRACON& Tower with Radar,703,532,18,0,1253,0,4,19,4,27,703,536,37,4,1280,0,0,0,1280
08/13/2007,PHL,PA,AEA,EN,Combined TRACON& Tower with Radar,798,554,42,1,1395,0,9,26,7,42,798,563,68,8,1437,0,0,0,1437
08/14/2007,PHL,PA,AEA,EN,Combined TRACON& Tower with Radar,858,564,57,0,1479,0,11,18,4,33,858,575,75,4,1512,0,0,0,1512
08/15/2007,PHL,PA,AEA,EN,Combined TRACON& Tower with Radar,867,564,55,0,1486,0,7,27,6,40,867,571,82,6,1526,0,0,0,1526
08/16/2007,PHL,PA,AEA,EN,Combined TRACON& Tower with Radar,849,546,60,0,1455,0,4,23,8,35,849,550,83,8,1490,0,0,0,1490
08/17/2007,PHL,PA,AEA,EN,Combined TRACON& Tower with Radar,837,535,39,0,1411,0,12,15,9,36,837,547,54,9,1447,0,0,0,1447
08/18/2007,PHL,PA,AEA,EN,Combined TRACON& Tower with Radar,712,484,27,1,1224,0,0,13,0,13,712,484,40,1,1237,0,0,0,1237
08/19/2007,PHL,PA,AEA,EN,Combined TRACON& Tower with Radar,686,488,51,0,1225,0,0,5,1,6,686,488,56,1,1231,0,0,0,1231
08/20/2007,PHL,PA,AEA,EN,Combined TRACON& Tower with Radar,708,451,36,0,1195,0,0,0,0,0,708,451,36,0,1195,0,0,0,1195
08/21/2007,PHL,PA,AEA,EN,Combined TRACON& Tower with Radar,839,513,45,0,1397,0,0,0,0,0,839,513,45,0,1397,0,0,0,1397
08/22/2007,PHL,PA,AEA,EN,Combined TRACON& Tower with Radar,871,562,49,0,1482,0,0,5,1,6,871,562,54,1,1488,0,0,0,1488
08/23/2007,PHL,PA,AEA,EN,Combined TRACON& Tower with Radar,826,540,68,0,1434,0,3,10,2,15,826,543,78,2,1449,0,0,0,1449
08/24/2007,PHL,PA,AEA,EN,Combined TRACON& Tower with Radar,832,541,30,2,1405,0,3,11,1,15,832,544,41,3,1420,0,0,0,1420
08/25/2007,PHL,PA,AEA,EN,Combined TRACON& Tower with Radar,693,446,19,0,1158,0,0,7,3,10,693,446,26,3,1168,0,0,0,1168
08/26/2007,PHL,PA,AEA,EN,Combined TRACON& Tower with Radar,705,531,32,0,1268,0,1,14,7,22,705,532,46,7,1290,0,0,0,1290
08/27/2007,PHL,PA,AEA,EN,Combined TRACON& Tower with Radar,805,544,40,0,1389,0,17,38,19,74,805,561,78,19,1463,0,0,0,1463
08/28/2007,PHL,PA,AEA,EN,Combined TRACON& Tower with Radar,841,577,48,1,1467,0,0,23,14,37,841,577,71,15,1504,0,0,0,1504
08/29/2007,PHL,PA,AEA,EN,Combined TRACON& Tower with Radar,845,556,68,1,1470,0,10,45,4,59,845,566,113,5,1529,0,0,0,1529
08/30/2007,PHL,PA,AEA,EN,Combined TRACON& Tower with Radar,848,557,51,0,1456,0,1,51,5,57,848,558,102,5,1513,0,0,0,1513
08/31/2007,PHL,PA,AEA,EN,Combined TRACON& Tower with Radar,852,566,39,2,1459,0,7,27,20,54,852,573,66,22,1513,0,0,0,1513
09/01/2007,PHL,PA,AEA,EN,Combined TRACON& Tower with Radar,632,423,19,2,1076,0,5,19,7,31,632,428,38,9,1107,0,0,0,1107
09/02/2007,PHL,PA,AEA,EN,Combined TRACON& Tower with Radar,599,440,16,2,1057,0,4,14,7,25,599,444,30,9,1082,0,0,0,1082
09/03/2007,PHL,PA,AEA,EN,Combined TRACON& Tower with Radar,747,494,34,0,1275,0,3,14,10,27,747,497,48,10,1302,0,0,0,1302
09/04/2007,PHL,PA,AEA,EN,Combined TRACON& Tower with Radar,795,529,62,0,1386,0,1,29,12,42,795,530,91,12,1428,0,0,0,1428
09/05/2007,PHL,PA,AEA,EN,Combined TRACON& Tower with Radar,826,574,52,0,1452,0,7,37,21,65,826,581,89,21,1517,0,0,0,1517
09/06/2007,PHL,PA,AEA,EN,Combined TRACON& Tower with Radar,834,594,50,1,1479,0,6,15,23,44,834,600,65,24,1523,0,0,0,1523
09/07/2007,PHL,PA,AEA,EN,Combined TRACON& Tower with Radar,821,583,51,0,1455,0,12,71,14,97,821,595,122,14,1552,0,0,0,1552
09/08/2007,PHL,PA,AEA,EN,Combined TRACON& Tower with Radar,641,455,21,0,1117,0,5,18,22,45,641,460,39,22,1162,0,0,0,1162
09/09/2007,PHL,PA,AEA,EN,Combined TRACON& Tower with Radar,692,538,31,0,1261,0,3,3,15,21,692,541,34,15,1282,0,0,0,1282
09/10/2007,PHL,PA,AEA,EN,Combined TRACON& Tower with Radar,772,546,68,0,1386,0,6,11,4,21,772,552,79,4,1407,0,0,0,1407
09/11/2007,PHL,PA,AEA,EN,Combined TRACON& Tower with Radar,776,482,69,0,1327,0,1,5,9,15,776,483,74,9,1342,0,0,0,1342
09/12/2007,PHL,PA,AEA,EN,Combined TRACON& Tower with Radar,826,577,65,0,1468,0,6,28,17,51,826,583,93,17,1519,0,0,0,1519
09/13/2007,PHL,PA,AEA,EN,Combined TRACON& Tower with Radar,831,585,38,0,1454,0,11,23,19,53,831,596,61,19,1507,0,0,0,1507
09/14/2007,PHL,PA,AEA,EN,Combined TRACON& Tower with Radar,827,551,27,0,1405,0,10,14,18,42,827,561,41,18,1447,0,0,0,1447
09/15/2007,PHL,PA,AEA,EN,Combined TRACON& Tower with Radar,635,472,31,0,1138,0,1,4,11,16,635,473,35,11,1154,0,0,0,1154
09/16/2007,PHL,PA,AEA,EN,Combined TRACON& Tower with Radar,682,522,26,0,1230,0,4,17,4,25,682,526,43,4,1255,0,0,0,1255
09/17/2007,PHL,PA,AEA,EN,Combined TRACON& Tower with Radar,781,546,66,0,1393,0,6,55,10,71,781,552,121,10,1464,0,0,0,1464
09/18/2007,PHL,PA,AEA,EN,Combined TRACON& Tower with Radar,832,563,88,0,1483,0,5,43,17,65,832,568,131,17,1548,0,0,0,1548
09/19/2007,PHL,PA,AEA,EN,Combined TRACON& Tower with Radar,830,561,59,1,1451,0,11,25,12,48,830,572,84,13,1499,0,0,0,1499
09/20/2007,PHL,PA,AEA,EN,Combined TRACON& Tower with Radar,828,595,95,2,1520,0,4,30,10,44,828,599,125,12,1564,0,0,0,1564
09/21/2007,PHL,PA,AEA,EN,Combined TRACON& Tower with Radar,817,562,56,0,1435,0,3,34,16,53,817,565,90,16,1488,0,0,0,1488
09/22/2007,PHL,PA,AEA,EN,Combined TRACON& Tower with Radar,636,472,36,0,1144,0,0,7,15,22,636,472,43,15,1166,0,0,0,1166
09/23/2007,PHL,PA,AEA,EN,Combined TRACON& Tower with Radar,687,539,35,0,1261,0,5,16,7,28,687,544,51,7,1289,0,0,0,1289
09/24/2007,PHL,PA,AEA,EN,Combined TRACON& Tower with Radar,789,547,62,0,1398,0,9,17,11,37,789,556,79,11,1435,0,0,0,1435
09/25/2007,PHL,PA,AEA,EN,Combined TRACON& Tower with Radar,816,561,56,1,1434,0,7,71,14,92,816,568,127,15,1526,0,0,0,1526
09/26/2007,PHL,PA,AEA,EN,Combined TRACON& Tower with Radar,824,579,58,1,1462,0,6,39,13,58,824,585,97,14,1520,0,0,0,1520
09/27/2007,PHL,PA,AEA,EN,Combined TRACON& Tower with Radar,764,500,74,2,1340,0,7,13,13,33,764,507,87,15,1373,0,0,0,1373
09/28/2007,PHL,PA,AEA,EN,Combined TRACON& Tower with Radar,878,605,86,2,1571,0,4,33,11,48,878,609,119,13,1619,0,0,0,1619
09/29/2007,PHL,PA,AEA,EN,Combined TRACON& Tower with Radar,632,466,22,0,1120,0,1,9,15,25,632,467,31,15,1145,0,0,0,1145
09/30/2007,PHL,PA,AEA,EN,Combined TRACON& Tower with Radar,678,539,42,0,1259,0,5,16,14,35,678,544,58,14,1294,0,0,0,1294
10/01/2007,PHL,PA,AEA,EN,Combined TRACON& Tower with Radar,793,540,56,2,1391,0,4,26,10,40,793,544,82,12,1431,0,0,0,1431
10/02/2007,PHL,PA,AEA,EN,Combined TRACON& Tower with Radar,829,569,46,2,1446,0,9,29,15,53,829,578,75,17,1499,0,0,0,1499
10/03/2007,PHL,PA,AEA,EN,Combined TRACON& Tower with Radar,816,552,93,0,1461,0,1,26,7,34,816,553,119,7,1495,0,0,0,1495
10/04/2007,PHL,PA,AEA,EN,Combined TRACON& Tower with Radar,826,576,67,3,1472,0,1,9,10,20,826,577,76,13,1492,0,0,0,1492
10/05/2007,PHL,PA,AEA,EN,Combined TRACON& Tower with Radar,808,560,59,0,1427,0,1,10,5,16,808,561,69,5,1443,0,0,0,1443
10/06/2007,PHL,PA,AEA,EN,Combined TRACON& Tower with Radar,626,443,29,0,1098,0,2,10,5,17,626,445,39,5,1115,0,0,0,1115
10/07/2007,PHL,PA,AEA,EN,Combined TRACON& Tower with Radar,667,519,34,0,1220,0,1,4,2,7,667,520,38,2,1227,0,0,0,1227
10/08/2007,PHL,PA,AEA,EN,Combined TRACON& Tower with Radar,757,527,47,0,1331,0,4,26,14,44,757,531,73,14,1375,0,0,0,1375
10/09/2007,PHL,PA,AEA,EN,Combined TRACON& Tower with Radar,711,449,61,7,1228,0,4,24,7,35,711,453,85,14,1263,0,0,0,1263
10/10/2007,PHL,PA,AEA,EN,Combined TRACON& Tower with Radar,869,593,86,4,1552,0,3,17,15,35,869,596,103,19,1587,0,0,0,1587
10/11/2007,PHL,PA,AEA,EN,Combined TRACON& Tower with Radar,826,506,59,1,1392,0,3,8,0,11,826,509,67,1,1403,0,0,0,1403
10/12/2007,PHL,PA,AEA,EN,Combined TRACON& Tower with Radar,825,575,68,0,1468,0,2,14,13,29,825,577,82,13,1497,0,0,0,1497
10/13/2007,PHL,PA,AEA,EN,Combined TRACON& Tower with Radar,617,462,15,0,1094,0,2,12,20,34,617,464,27,20,1128,0,0,0,1128
10/14/2007,PHL,PA,AEA,EN,Combined TRACON& Tower with Radar,667,526,20,0,1213,0,5,9,16,30,667,531,29,16,1243,0,0,0,1243
10/15/2007,PHL,PA,AEA,EN,Combined TRACON& Tower with Radar,763,529,44,0,1336,0,2,26,12,40,763,531,70,12,1376,0,0,0,1376
10/16/2007,PHL,PA,AEA,EN,Combined TRACON& Tower with Radar,809,538,62,0,1409,0,1,45,18,64,809,539,107,18,1473,0,0,0,1473
10/17/2007,PHL,PA,AEA,EN,Combined TRACON& Tower with Radar,825,560,68,0,1453,0,5,45,5,55,825,565,113,5,1508,0,0,0,1508
10/18/2007,PHL,PA,AEA,EN,Combined TRACON& Tower with Radar,827,557,60,0,1444,0,1,14,7,22,827,558,74,7,1466,0,0,0,1466
10/19/2007,PHL,PA,AEA,EN,Combined TRACON& Tower with Radar,731,529,55,0,1315,0,0,7,4,11,731,529,62,4,1326,0,0,0,1326
10/20/2007,PHL,PA,AEA,EN,Combined TRACON& Tower with Radar,691,517,50,0,1258,0,3,33,1,37,691,520,83,1,1295,0,0,0,1295
10/21/2007,PHL,PA,AEA,EN,Combined TRACON& Tower with Radar,660,549,64,0,1273,0,2,28,1,31,660,551,92,1,1304,0,0,0,1304
10/22/2007,PHL,PA,AEA,EN,Combined TRACON& Tower with Radar,762,551,85,6,1404,0,5,20,1,26,762,556,105,7,1430,0,0,0,1430
10/23/2007,PHL,PA,AEA,EN,Combined TRACON& Tower with Radar,811,505,65,3,1384,0,0,25,9,34,811,505,90,12,1418,0,0,0,1418
10/24/2007,PHL,PA,AEA,EN,Combined TRACON& Tower with Radar,777,517,73,2,1369,0,0,4,10,14,777,517,77,12,1383,0,0,0,1383
10/25/2007,PHL,PA,AEA,EN,Combined TRACON& Tower with Radar,807,538,50,0,1395,0,4,11,7,22,807,542,61,7,1417,0,0,0,1417
10/26/2007,PHL,PA,AEA,EN,Combined TRACON& Tower with Radar,762,457,52,3,1274,0,0,4,0,4,762,457,56,3,1278,0,0,0,1278
10/27/2007,PHL,PA,AEA,EN,Combined TRACON& Tower with Radar,659,482,37,0,1178,0,0,13,0,13,659,482,50,0,1191,0,0,0,1191
10/28/2007,PHL,PA,AEA,EN,Combined TRACON& Tower with Radar,657,534,36,2,1229,0,2,20,1,23,657,536,56,3,1252,0,0,0,1252
10/29/2007,PHL,PA,AEA,EN,Combined TRACON& Tower with Radar,756,543,65,2,1366,0,8,32,7,47,756,551,97,9,1413,0,0,0,1413
10/30/2007,PHL,PA,AEA,EN,Combined TRACON& Tower with Radar,787,552,62,2,1403,0,3,31,5,39,787,555,93,7,1442,0,0,0,1442
10/31/2007,PHL,PA,AEA,EN,Combined TRACON& Tower with Radar,771,573,57,1,1402,0,7,17,4,28,771,580,74,5,1430,0,0,0,1430
11/01/2007,PHL,PA,AEA,EN,Combined TRACON& Tower with Radar,811,584,65,3,1463,0,9,22,2,33,811,593,87,5,1496,0,0,0,1496
11/02/2007,PHL,PA,AEA,EN,Combined TRACON& Tower with Radar,801,584,69,0,1454,0,4,46,6,56,801,588,115,6,1510,0,0,0,1510
11/03/2007,PHL,PA,AEA,EN,Combined TRACON& Tower with Radar,606,469,18,0,1093,0,2,11,5,18,606,471,29,5,1111,0,0,0,1111
11/04/2007,PHL,PA,AEA,EN,Combined TRACON& Tower with Radar,655,566,56,0,1277,0,3,45,6,54,655,569,101,6,1331,0,0,0,1331
11/05/2007,PHL,PA,AEA,EN,Combined TRACON& Tower with Radar,759,575,56,0,1390,0,1,25,13,39,759,576,81,13,1429,0,0,0,1429
11/06/2007,PHL,PA,AEA,EN,Combined TRACON& Tower with Radar,803,594,60,0,1457,0,2,8,1,11,803,596,68,1,1468,0,0,0,1468
11/07/2007,PHL,PA,AEA,EN,Combined TRACON& Tower with Radar,827,610,55,0,1492,0,15,18,15,48,827,625,73,15,1540,0,0,0,1540
11/08/2007,PHL,PA,AEA,EN,Combined TRACON& Tower with Radar,822,617,71,0,1510,0,4,25,6,35,822,621,96,6,1545,0,0,0,1545
11/09/2007,PHL,PA,AEA,EN,Combined TRACON& Tower with Radar,800,591,55,2,1448,0,6,43,8,57,800,597,98,10,1505,0,0,0,1505
11/10/2007,PHL,PA,AEA,EN,Combined TRACON& Tower with Radar,602,504,30,0,1136,0,3,13,0,16,602,507,43,0,1152,0,0,0,1152
11/11/2007,PHL,PA,AEA,EN,Combined TRACON& Tower with Radar,662,563,47,0,1272,0,4,41,1,46,662,567,88,1,1318,0,0,0,1318
11/12/2007,PHL,PA,AEA,EN,Combined TRACON& Tower with Radar,753,576,47,0,1376,0,0,24,1,25,753,576,71,1,1401,0,0,0,1401
11/13/2007,PHL,PA,AEA,EN,Combined TRACON& Tower with Radar,804,558,52,0,1414,0,0,10,1,11,804,558,62,1,1425,0,0,0,1425
11/14/2007,PHL,PA,AEA,EN,Combined TRACON& Tower with Radar,778,463,53,0,1294,0,0,5,1,6,778,463,58,1,1300,0,0,0,1300
11/15/2007,PHL,PA,AEA,EN,Combined TRACON& Tower with Radar,821,581,44,0,1446,0,2,11,10,23,821,583,55,10,1469,0,0,0,1469
11/16/2007,PHL,PA,AEA,EN,Combined TRACON& Tower with Radar,815,590,49,0,1454,0,5,14,8,27,815,595,63,8,1481,0,0,0,1481
11/17/2007,PHL,PA,AEA,EN,Combined TRACON& Tower with Radar,622,505,20,0,1147,0,2,19,4,25,622,507,39,4,1172,0,0,0,1172
11/18/2007,PHL,PA,AEA,EN,Combined TRACON& Tower with Radar,668,540,35,0,1243,0,0,5,4,9,668,540,40,4,1252,0,0,0,1252
11/19/2007,PHL,PA,AEA,EN,Combined TRACON& Tower with Radar,732,550,42,1,1325,0,0,0,0,0,732,550,42,1,1325,0,0,0,1325
11/20/2007,PHL,PA,AEA,EN,Combined TRACON& Tower with Radar,826,559,54,0,1439,0,3,1,0,4,826,562,55,0,1443,0,0,0,1443
11/21/2007,PHL,PA,AEA,EN,Combined TRACON& Tower with Radar,823,612,38,0,1473,0,3,14,2,19,823,615,52,2,1492,0,0,0,1492
11/22/2007,PHL,PA,AEA,EN,Combined TRACON& Tower with Radar,563,400,8,0,971,0,2,13,0,15,563,402,21,0,986,0,0,0,986
11/23/2007,PHL,PA,AEA,EN,Combined TRACON& Tower with Radar,617,446,13,0,1076,0,5,11,8,24,617,451,24,8,1100,0,0,0,1100
11/24/2007,PHL,PA,AEA,EN,Combined TRACON& Tower with Radar,630,513,25,1,1169,0,1,10,0,11,630,514,35,1,1180,0,0,0,1180
11/25/2007,PHL,PA,AEA,EN,Combined TRACON& Tower with Radar,665,566,50,0,1281,0,1,12,2,15,665,567,62,2,1296,0,0,0,1296
11/26/2007,PHL,PA,AEA,EN,Combined TRACON& Tower with Radar,673,431,54,0,1158,0,0,2,0,2,673,431,56,0,1160,0,0,0,1160
11/27/2007,PHL,PA,AEA,EN,Combined TRACON& Tower with Radar,893,584,58,0,1535,0,3,16,6,25,893,587,74,6,1560,0,0,0,1560
11/28/2007,PHL,PA,AEA,EN,Combined TRACON& Tower with Radar,819,588,57,0,1464,0,1,37,4,42,819,589,94,4,1506,0,0,0,1506
11/29/2007,PHL,PA,AEA,EN,Combined TRACON& Tower with Radar,820,580,50,1,1451,0,7,20,12,39,820,587,70,13,1490,0,0,0,1490
11/30/2007,PHL,PA,AEA,EN,Combined TRACON& Tower with Radar,791,575,41,0,1407,0,3,29,4,36,791,578,70,4,1443,0,0,0,1443
12/01/2007,PHL,PA,AEA,EN,Combined TRACON& Tower with Radar,598,479,20,0,1097,0,5,11,2,18,598,484,31,2,1115,0,0,0,1115
12/02/2007,PHL,PA,AEA,EN,Combined TRACON& Tower with Radar,671,435,33,0,1139,0,0,1,0,1,671,435,34,0,1140,0,0,0,1140
12/03/2007,PHL,PA,AEA,EN,Combined TRACON& Tower with Radar,769,523,56,2,1350,0,0,13,1,14,769,523,69,3,1364,0,0,0,1364
12/04/2007,PHL,PA,AEA,EN,Combined TRACON& Tower with Radar,807,588,52,0,1447,0,5,21,20,46,807,593,73,20,1493,0,0,0,1493
12/05/2007,PHL,PA,AEA,EN,Combined TRACON& Tower with Radar,733,428,44,2,1207,0,2,5,2,9,733,430,49,4,1216,0,0,0,1216
12/06/2007,PHL,PA,AEA,EN,Combined TRACON& Tower with Radar,872,617,46,1,1536,0,5,17,7,29,872,622,63,8,1565,0,0,0,1565
12/07/2007,PHL,PA,AEA,EN,Combined TRACON& Tower with Radar,803,561,38,0,1402,0,0,7,1,8,803,561,45,1,1410,0,0,0,1410
12/08/2007,PHL,PA,AEA,EN,Combined TRACON& Tower with Radar,603,493,13,0,1109,0,1,17,1,19,603,494,30,1,1128,0,0,0,1128
12/09/2007,PHL,PA,AEA,EN,Combined TRACON& Tower with Radar,643,520,32,0,1195,0,0,9,1,10,643,520,41,1,1205,0,0,0,1205
12/10/2007,PHL,PA,AEA,EN,Combined TRACON& Tower with Radar,737,539,48,0,1324,0,3,6,6,15,737,542,54,6,1339,0,0,0,1339
12/11/2007,PHL,PA,AEA,EN,Combined TRACON& Tower with Radar,746,486,52,0,1284,1,0,8,1,10,747,486,60,1,1294,0,0,0,1294
12/12/2007,PHL,PA,AEA,EN,Combined TRACON& Tower with Radar,857,573,54,1,1485,0,2,5,8,15,857,575,59,9,1500,0,0,0,1500
12/13/2007,PHL,PA,AEA,EN,Combined TRACON& Tower with Radar,758,447,49,0,1254,0,0,1,0,1,758,447,50,0,1255,0,0,0,1255
12/14/2007,PHL,PA,AEA,EN,Combined TRACON& Tower with Radar,762,448,52,0,1262,0,5,6,4,15,762,453,58,4,1277,0,0,0,1277
12/15/2007,PHL,PA,AEA,EN,Combined TRACON& Tower with Radar,612,484,18,0,1114,0,1,10,0,11,612,485,28,0,1125,0,0,0,1125
12/16/2007,PHL,PA,AEA,EN,Combined TRACON& Tower with Radar,610,389,16,0,1015,0,0,5,0,5,610,389,21,0,1020,0,0,0,1020
12/17/2007,PHL,PA,AEA,EN,Combined TRACON& Tower with Radar,754,527,47,2,1330,0,2,19,3,24,754,529,66,5,1354,0,0,0,1354
12/18/2007,PHL,PA,AEA,EN,Combined TRACON& Tower with Radar,852,565,54,1,1472,0,8,19,4,31,852,573,73,5,1503,0,0,0,1503
12/19/2007,PHL,PA,AEA,EN,Combined TRACON& Tower with Radar,860,582,71,0,1513,0,5,31,0,36,860,587,102,0,1549,0,0,0,1549
12/20/2007,PHL,PA,AEA,EN,Combined TRACON& Tower with Radar,864,590,49,0,1503,0,12,26,3,41,864,602,75,3,1544,0,0,0,1544
12/21/2007,PHL,PA,AEA,EN,Combined TRACON& Tower with Radar,831,570,35,0,1436,0,1,9,6,16,831,571,44,6,1452,0,0,0,1452
12/22/2007,PHL,PA,AEA,EN,Combined TRACON& Tower with Radar,670,521,30,0,1221,0,0,1,0,1,670,521,31,0,1222,0,0,0,1222
12/23/2007,PHL,PA,AEA,EN,Combined TRACON& Tower with Radar,651,474,21,0,1146,0,0,0,0,0,651,474,21,0,1146,0,0,0,1146
12/24/2007,PHL,PA,AEA,EN,Combined TRACON& Tower with Radar,640,421,9,0,1070,0,5,12,7,24,640,426,21,7,1094,0,0,0,1094
12/25/2007,PHL,PA,AEA,EN,Combined TRACON& Tower with Radar,572,422,5,1,1000,0,3,16,3,22,572,425,21,4,1022,0,0,0,1022
12/26/2007,PHL,PA,AEA,EN,Combined TRACON& Tower with Radar,724,540,35,0,1299,0,1,11,0,12,724,541,46,0,1311,0,0,0,1311
12/27/2007,PHL,PA,AEA,EN,Combined TRACON& Tower with Radar,816,585,12,1,1414,0,1,3,1,5,816,586,15,2,1419,0,0,0,1419
12/28/2007,PHL,PA,AEA,EN,Combined TRACON& Tower with Radar,772,567,23,0,1362,0,3,22,1,26,772,570,45,1,1388,0,0,0,1388
12/29/2007,PHL,PA,AEA,EN,Combined TRACON& Tower with Radar,637,498,11,0,1146,0,2,11,0,13,637,500,22,0,1159,0,0,0,1159
12/30/2007,PHL,PA,AEA,EN,Combined TRACON& Tower with Radar,631,504,19,0,1154,0,0,13,0,13,631,504,32,0,1167,0,0,0,1167
12/31/2007,PHL,PA,AEA,EN,Combined TRACON& Tower with Radar,653,449,15,1,1118,0,4,16,7,27,653,453,31,8,1145,0,0,0,1145
01/01/2008,PHL,PA,AEA,EN,Combined TRACON& Tower with Radar,652,487,31,0,1170,0,0,7,2,9,652,487,38,2,1179,0,0,0,1179
01/02/2008,PHL,PA,AEA,EN,Combined TRACON& Tower with Radar,773,535,43,0,1351,0,3,14,4,21,773,538,57,4,1372,0,0,0,1372
01/03/2008,PHL,PA,AEA,EN,Combined TRACON& Tower with Radar,814,584,28,0,1426,0,2,14,10,26,814,586,42,10,1452,0,0,0,1452
01/04/2008,PHL,PA,AEA,EN,Combined TRACON& Tower with Radar,780,585,29,0,1394,0,2,52,1,55,780,587,81,1,1449,0,0,0,1449
01/05/2008,PHL,PA,AEA,EN,Combined TRACON& Tower with Radar,637,486,25,0,1148,0,2,16,9,27,637,488,41,9,1175,0,0,0,1175
01/06/2008,PHL,PA,AEA,EN,Combined TRACON& Tower with Radar,650,523,33,0,1206,0,2,9,4,15,650,525,42,4,1221,0,0,0,1221
01/07/2008,PHL,PA,AEA,EN,Combined TRACON& Tower with Radar,729,541,40,3,1313,0,10,17,4,31,729,551,57,7,1344,0,0,0,1344
01/08/2008,PHL,PA,AEA,EN,Combined TRACON& Tower with Radar,758,562,46,2,1368,0,1,17,5,23,758,563,63,7,1391,0,0,0,1391
01/09/2008,PHL,PA,AEA,EN,Combined TRACON& Tower with Radar,767,558,49,0,1374,0,0,11,3,14,767,558,60,3,1388,0,0,0,1388
01/10/2008,PHL,PA,AEA,EN,Combined TRACON& Tower with Radar,774,574,66,2,1416,0,0,15,2,17,774,574,81,4,1433,0,0,0,1433
01/11/2008,PHL,PA,AEA,EN,Combined TRACON& Tower with Radar,765,548,38,1,1352,0,1,14,1,16,765,549,52,2,1368,0,0,0,1368
01/12/2008,PHL,PA,AEA,EN,Combined TRACON& Tower with Radar,592,475,16,0,1083,0,7,5,2,14,592,482,21,2,1097,0,0,0,1097
01/13/2008,PHL,PA,AEA,EN,Combined TRACON& Tower with Radar,618,535,23,0,1176,0,7,4,0,11,618,542,27,0,1187,0,0,0,1187
01/14/2008,PHL,PA,AEA,EN,Combined TRACON& Tower with Radar,703,537,19,0,1259,0,2,15,0,17,703,539,34,0,1276,0,0,0,1276
01/15/2008,PHL,PA,AEA,EN,Combined TRACON& Tower with Radar,762,564,37,0,1363,0,7,18,11,36,762,571,55,11,1399,0,0,0,1399
01/16/2008,PHL,PA,AEA,EN,Combined TRACON& Tower with Radar,763,550,50,1,1364,0,3,19,7,29,763,553,69,8,1393,0,0,0,1393
01/17/2008,PHL,PA,AEA,EN,Combined TRACON& Tower with Radar,731,492,34,0,1257,0,0,14,4,18,731,492,48,4,1275,0,0,0,1275
01/18/2008,PHL,PA,AEA,EN,Combined TRACON& Tower with Radar,784,590,46,1,1421,0,2,15,4,21,784,592,61,5,1442,0,0,0,1442
01/19/2008,PHL,PA,AEA,EN,Combined TRACON& Tower with Radar,580,472,14,0,1066,0,0,6,1,7,580,472,20,1,1073,0,0,0,1073
01/20/2008,PHL,PA,AEA,EN,Combined TRACON& Tower with Radar,613,533,24,2,1172,0,3,19,2,24,613,536,43,4,1196,0,0,0,1196
01/21/2008,PHL,PA,AEA,EN,Combined TRACON& Tower with Radar,717,542,43,0,1302,0,4,22,3,29,717,546,65,3,1331,0,0,0,1331
01/22/2008,PHL,PA,AEA,EN,Combined TRACON& Tower with Radar,759,521,64,1,1345,0,0,8,10,18,759,521,72,11,1363,0,0,0,1363
01/23/2008,PHL,PA,AEA,EN,Combined TRACON& Tower with Radar,753,550,66,2,1371,0,5,24,5,34,753,555,90,7,1405,0,0,0,1405
01/24/2008,PHL,PA,AEA,EN,Combined TRACON& Tower with Radar,778,576,50,2,1406,0,7,26,7,40,778,583,76,9,1446,0,0,0,1446
01/25/2008,PHL,PA,AEA,EN,Combined TRACON& Tower with Radar,756,586,44,1,1387,0,7,33,3,43,756,593,77,4,1430,0,0,0,1430
01/26/2008,PHL,PA,AEA,EN,Combined TRACON& Tower with Radar,575,477,14,0,1066,0,3,18,1,22,575,480,32,1,1088,0,0,0,1088
01/27/2008,PHL,PA,AEA,EN,Combined TRACON& Tower with Radar,616,544,31,0,1191,0,8,10,4,22,616,552,41,4,1213,0,0,0,1213
01/28/2008,PHL,PA,AEA,EN,Combined TRACON& Tower with Radar,722,565,29,0,1316,0,6,27,0,33,722,571,56,0,1349,0,0,0,1349
01/29/2008,PHL,PA,AEA,EN,Combined TRACON& Tower with Radar,749,566,36,0,1351,0,1,28,5,34,749,567,64,5,1385,0,0,0,1385
01/30/2008,PHL,PA,AEA,EN,Combined TRACON& Tower with Radar,751,549,36,2,1338,0,2,9,1,12,751,551,45,3,1350,0,0,0,1350
01/31/2008,PHL,PA,AEA,EN,Combined TRACON& Tower with Radar,755,596,65,0,1416,0,4,24,5,33,755,600,89,5,1449,0,0,0,1449
02/01/2008,PHL,PA,AEA,EN,Combined TRACON& Tower with Radar,688,405,42,0,1135,0,0,5,0,5,688,405,47,0,1140,0,0,0,1140
02/02/2008,PHL,PA,AEA,EN,Combined TRACON& Tower with Radar,583,470,18,1,1072,0,2,9,4,15,583,472,27,5,1087,0,0,0,1087
02/03/2008,PHL,PA,AEA,EN,Combined TRACON& Tower with Radar,606,532,26,0,1164,0,0,10,0,10,606,532,36,0,1174,0,0,0,1174
02/04/2008,PHL,PA,AEA,EN,Combined TRACON& Tower with Radar,705,552,50,0,1307,0,8,31,2,41,705,560,81,2,1348,0,0,0,1348
02/05/2008,PHL,PA,AEA,EN,Combined TRACON& Tower with Radar,714,471,39,0,1224,0,1,6,3,10,714,472,45,3,1234,0,0,0,1234
02/06/2008,PHL,PA,AEA,EN,Combined TRACON& Tower with Radar,730,517,62,0,1309,0,1,15,1,17,730,518,77,1,1326,0,0,0,1326
02/07/2008,PHL,PA,AEA,EN,Combined TRACON& Tower with Radar,777,580,58,0,1415,0,5,83,6,94,777,585,141,6,1509,0,0,0,1509
02/08/2008,PHL,PA,AEA,EN,Combined TRACON& Tower with Radar,756,592,54,2,1404,0,10,40,12,62,756,602,94,14,1466,0,0,0,1466
02/09/2008,PHL,PA,AEA,EN,Combined TRACON& Tower with Radar,581,446,13,0,1040,0,1,15,0,16,581,447,28,0,1056,0,0,0,1056
02/10/2008,PHL,PA,AEA,EN,Combined TRACON& Tower with Radar,620,510,30,0,1160,0,0,4,0,4,620,510,34,0,1164,0,0,0,1164
02/11/2008,PHL,PA,AEA,EN,Combined TRACON& Tower with Radar,720,553,37,0,1310,0,1,20,18,39,720,554,57,18,1349,0,0,0,1349
02/12/2008,PHL,PA,AEA,EN,Combined TRACON& Tower with Radar,591,398,52,1,1042,0,0,12,2,14,591,398,64,3,1056,0,0,0,1056
02/13/2008,PHL,PA,AEA,EN,Combined TRACON& Tower with Radar,769,438,51,0,1258,0,0,4,0,4,769,438,55,0,1262,0,0,0,1262
02/14/2008,PHL,PA,AEA,EN,Combined TRACON& Tower with Radar,829,571,81,1,1482,0,8,31,10,49,829,579,112,11,1531,0,0,0,1531
02/15/2008,PHL,PA,AEA,EN,Combined TRACON& Tower with Radar,799,564,69,0,1432,0,10,29,3,42,799,574,98,3,1474,0,0,0,1474
02/16/2008,PHL,PA,AEA,EN,Combined TRACON& Tower with Radar,606,478,16,1,1101,0,1,18,3,22,606,479,34,4,1123,0,0,0,1123
02/17/2008,PHL,PA,AEA,EN,Combined TRACON& Tower with Radar,629,482,26,2,1139,0,4,10,3,17,629,486,36,5,1156,0,0,0,1156
02/18/2008,PHL,PA,AEA,EN,Combined TRACON& Tower with Radar,726,504,52,1,1283,0,0,18,7,25,726,504,70,8,1308,0,0,0,1308
02/19/2008,PHL,PA,AEA,EN,Combined TRACON& Tower with Radar,816,560,58,0,1434,0,3,20,4,27,816,563,78,4,1461,0,0,0,1461
02/20/2008,PHL,PA,AEA,EN,Combined TRACON& Tower with Radar,800,541,40,1,1382,0,5,14,1,20,800,546,54,2,1402,0,0,0,1402
02/21/2008,PHL,PA,AEA,EN,Combined TRACON& Tower with Radar,793,597,57,0,1447,0,12,19,9,40,793,609,76,9,1487,0,0,0,1487
02/22/2008,PHL,PA,AEA,EN,Combined TRACON& Tower with Radar,623,305,22,0,950,0,0,0,0,0,623,305,22,0,950,0,0,0,950
02/23/2008,PHL,PA,AEA,EN,Combined TRACON& Tower with Radar,620,466,26,0,1112,0,0,2,0,2,620,466,28,0,1114,0,0,0,1114
02/24/2008,PHL,PA,AEA,EN,Combined TRACON& Tower with Radar,647,543,25,1,1216,0,2,13,2,17,647,545,38,3,1233,0,0,0,1233
02/25/2008,PHL,PA,AEA,EN,Combined TRACON& Tower with Radar,747,560,49,1,1357,0,5,20,22,47,747,565,69,23,1404,0,0,0,1404
02/26/2008,PHL,PA,AEA,EN,Combined TRACON& Tower with Radar,771,513,44,2,1330,0,0,8,3,11,771,513,52,5,1341,0,0,0,1341
02/27/2008,PHL,PA,AEA,EN,Combined TRACON& Tower with Radar,840,559,50,0,1449,0,8,22,12,42,840,567,72,12,1491,0,0,0,1491
02/28/2008,PHL,PA,AEA,EN,Combined TRACON& Tower with Radar,812,565,52,1,1430,0,6,29,3,38,812,571,81,4,1468,0,0,0,1468
02/29/2008,PHL,PA,AEA,EN,Combined TRACON& Tower with Radar,778,570,41,0,1389,0,5,27,4,36,778,575,68,4,1425,0,0,0,1425
03/01/2008,PHL,PA,AEA,EN,Combined TRACON& Tower with Radar,611,482,20,0,1113,0,2,13,4,19,611,484,33,4,1132,0,0,0,1132
03/02/2008,PHL,PA,AEA,EN,Combined TRACON& Tower with Radar,642,552,42,0,1236,0,1,30,3,34,642,553,72,3,1270,0,0,0,1270
03/03/2008,PHL,PA,AEA,EN,Combined TRACON& Tower with Radar,745,555,34,0,1334,0,1,17,3,21,745,556,51,3,1355,0,0,0,1355
03/04/2008,PHL,PA,AEA,EN,Combined TRACON& Tower with Radar,802,521,34,0,1357,0,3,8,2,13,802,524,42,2,1370,0,0,0,1370
03/05/2008,PHL,PA,AEA,EN,Combined TRACON& Tower with Radar,813,564,36,0,1413,0,1,21,17,39,813,565,57,17,1452,0,0,0,1452
03/06/2008,PHL,PA,AEA,EN,Combined TRACON& Tower with Radar,815,594,43,0,1452,0,4,18,6,28,815,598,61,6,1480,0,0,0,1480
03/07/2008,PHL,PA,AEA,EN,Combined TRACON& Tower with Radar,764,512,47,0,1323,0,0,1,0,1,764,512,48,0,1324,0,0,0,1324
03/08/2008,PHL,PA,AEA,EN,Combined TRACON& Tower with Radar,651,417,7,0,1075,0,0,2,0,2,651,417,9,0,1077,0,0,0,1077
03/09/2008,PHL,PA,AEA,EN,Combined TRACON& Tower with Radar,656,513,30,0,1199,0,1,15,2,18,656,514,45,2,1217,0,0,0,1217
03/10/2008,PHL,PA,AEA,EN,Combined TRACON& Tower with Radar,760,562,49,0,1371,0,1,30,6,37,760,563,79,6,1408,0,0,0,1408
03/11/2008,PHL,PA,AEA,EN,Combined TRACON& Tower with Radar,819,578,35,0,1432,0,4,30,4,38,819,582,65,4,1470,0,0,0,1470
03/12/2008,PHL,PA,AEA,EN,Combined TRACON& Tower with Radar,814,575,63,0,1452,0,5,21,10,36,814,580,84,10,1488,0,0,0,1488
03/13/2008,PHL,PA,AEA,EN,Combined TRACON& Tower with Radar,821,587,53,2,1463,0,2,46,9,57,821,589,99,11,1520,0,0,0,1520
03/14/2008,PHL,PA,AEA,EN,Combined TRACON& Tower with Radar,815,569,41,0,1425,0,9,39,2,50,815,578,80,2,1475,0,0,0,1475
03/15/2008,PHL,PA,AEA,EN,Combined TRACON& Tower with Radar,626,495,27,0,1148,0,6,17,6,29,626,501,44,6,1177,0,0,0,1177
03/16/2008,PHL,PA,AEA,EN,Combined TRACON& Tower with Radar,669,553,42,0,1264,0,2,11,1,14,669,555,53,1,1278,0,0,0,1278
03/17/2008,PHL,PA,AEA,EN,Combined TRACON& Tower with Radar,778,557,28,0,1363,0,6,39,5,50,778,563,67,5,1413,0,0,0,1413
03/18/2008,PHL,PA,AEA,EN,Combined TRACON& Tower with Radar,796,577,62,0,1435,0,2,24,5,31,796,579,86,5,1466,0,0,0,1466
03/19/2008,PHL,PA,AEA,EN,Combined TRACON& Tower with Radar,751,428,39,0,1218,0,0,4,0,4,751,428,43,0,1222,0,0,0,1222
03/20/2008,PHL,PA,AEA,EN,Combined TRACON& Tower with Radar,859,610,81,0,1550,0,5,15,1,21,859,615,96,1,1571,0,0,0,1571
03/21/2008,PHL,PA,AEA,EN,Combined TRACON& Tower with Radar,788,577,39,1,1405,0,13,17,9,39,788,590,56,10,1444,0,0,0,1444
03/22/2008,PHL,PA,AEA,EN,Combined TRACON& Tower with Radar,637,485,22,0,1144,0,3,20,4,27,637,488,42,4,1171,0,0,0,1171
03/23/2008,PHL,PA,AEA,EN,Combined TRACON& Tower with Radar,658,546,18,1,1223,0,3,9,3,15,658,549,27,4,1238,0,0,0,1238
03/24/2008,PHL,PA,AEA,EN,Combined TRACON& Tower with Radar,767,554,30,0,1351,0,3,26,0,29,767,557,56,0,1380,0,0,0,1380
03/25/2008,PHL,PA,AEA,EN,Combined TRACON& Tower with Radar,812,569,54,2,1437,0,1,21,7,29,812,570,75,9,1466,0,0,0,1466
03/26/2008,PHL,PA,AEA,EN,Combined TRACON& Tower with Radar,809,587,45,1,1442,0,7,22,6,35,809,594,67,7,1477,0,0,0,1477
03/27/2008,PHL,PA,AEA,EN,Combined TRACON& Tower with Radar,817,588,56,2,1463,0,10,53,7,70,817,598,109,9,1533,0,0,0,1533
03/28/2008,PHL,PA,AEA,EN,Combined TRACON& Tower with Radar,823,598,22,0,1443,0,10,22,8,40,823,608,44,8,1483,0,0,0,1483
03/29/2008,PHL,PA,AEA,EN,Combined TRACON& Tower with Radar,643,503,18,0,1164,0,2,27,0,29,643,505,45,0,1193,0,0,0,1193
03/30/2008,PHL,PA,AEA,EN,Combined TRACON& Tower with Radar,664,555,39,1,1259,0,6,25,5,36,664,561,64,6,1295,0,0,0,1295
03/31/2008,PHL,PA,AEA,EN,Combined TRACON& Tower with Radar,747,529,42,0,1318,2,1,5,4,12,749,530,47,4,1330,0,0,0,1330
04/01/2008,PHL,PA,AEA,EN,Combined TRACON& Tower with Radar,780,457,39,0,1276,0,5,12,2,19,780,462,51,2,1295,0,0,0,1295
04/02/2008,PHL,PA,AEA,EN,Combined TRACON& Tower with Radar,857,575,53,1,1486,0,1,26,10,37,857,576,79,11,1523,0,0,0,1523
04/03/2008,PHL,PA,AEA,EN,Combined TRACON& Tower with Radar,825,590,39,1,1455,0,1,10,2,13,825,591,49,3,1468,0,0,0,1468
04/04/2008,PHL,PA,AEA,EN,Combined TRACON& Tower with Radar,781,515,19,3,1318,0,1,6,0,7,781,516,25,3,1325,0,0,0,1325
04/05/2008,PHL,PA,AEA,EN,Combined TRACON& Tower with Radar,664,491,12,0,1167,0,2,13,3,18,664,493,25,3,1185,0,0,0,1185
04/06/2008,PHL,PA,AEA,EN,Combined TRACON& Tower with Radar,685,542,24,1,1252,0,0,14,1,15,685,542,38,2,1267,0,0,0,1267
04/07/2008,PHL,PA,AEA,EN,Combined TRACON& Tower with Radar,766,559,36,0,1361,0,4,16,1,21,766,563,52,1,1382,0,0,0,1382
04/08/2008,PHL,PA,AEA,EN,Combined TRACON& Tower with Radar,800,574,52,2,1428,0,4,16,12,32,800,578,68,14,1460,0,0,0,1460
04/09/2008,PHL,PA,AEA,EN,Combined TRACON& Tower with Radar,800,583,49,2,1434,0,3,7,5,15,800,586,56,7,1449,0,0,0,1449
04/10/2008,PHL,PA,AEA,EN,Combined TRACON& Tower with Radar,794,605,75,0,1474,0,2,21,5,28,794,607,96,5,1502,0,0,0,1502
04/11/2008,PHL,PA,AEA,EN,Combined TRACON& Tower with Radar,806,578,64,1,1449,0,10,30,1,41,806,588,94,2,1490,0,0,0,1490
04/12/2008,PHL,PA,AEA,EN,Combined TRACON& Tower with Radar,664,500,32,1,1197,0,2,18,4,24,664,502,50,5,1221,0,0,0,1221
04/13/2008,PHL,PA,AEA,EN,Combined TRACON& Tower with Radar,679,565,42,0,1286,1,1,15,3,20,680,566,57,3,1306,0,0,0,1306
04/14/2008,PHL,PA,AEA,EN,Combined TRACON& Tower with Radar,769,552,40,2,1363,0,3,47,10,60,769,555,87,12,1423,0,0,0,1423
04/15/2008,PHL,PA,AEA,EN,Combined TRACON& Tower with Radar,822,560,50,0,1432,0,2,47,3,52,822,562,97,3,1484,0,0,0,1484
04/16/2008,PHL,PA,AEA,EN,Combined TRACON& Tower with Radar,828,575,50,2,1455,0,8,28,7,43,828,583,78,9,1498,0,0,0,1498
04/17/2008,PHL,PA,AEA,EN,Combined TRACON& Tower with Radar,839,591,47,0,1477,0,8,52,1,61,839,599,99,1,1538,0,0,0,1538
04/18/2008,PHL,PA,AEA,EN,Combined TRACON& Tower with Radar,813,598,43,0,1454,0,3,24,3,30,813,601,67,3,1484,0,0,0,1484
04/19/2008,PHL,PA,AEA,EN,Combined TRACON& Tower with Radar,655,480,35,0,1170,0,3,14,0,17,655,483,49,0,1187,0,0,0,1187
04/20/2008,PHL,PA,AEA,EN,Combined TRACON& Tower with Radar,693,525,58,0,1276,0,1,8,0,9,693,526,66,0,1285,0,0,0,1285
04/21/2008,PHL,PA,AEA,EN,Combined TRACON& Tower with Radar,774,573,71,0,1418,0,2,10,0,12,774,575,81,0,1430,0,0,0,1430
04/22/2008,PHL,PA,AEA,EN,Combined TRACON& Tower with Radar,817,577,55,1,1450,0,4,24,16,44,817,581,79,17,1494,0,0,0,1494
04/23/2008,PHL,PA,AEA,EN,Combined TRACON& Tower with Radar,817,581,62,0,1460,0,7,68,1,76,817,588,130,1,1536,0,0,0,1536
04/24/2008,PHL,PA,AEA,EN,Combined TRACON& Tower with Radar,819,603,52,0,1474,0,3,28,7,38,819,606,80,7,1512,0,0,0,1512
04/25/2008,PHL,PA,AEA,EN,Combined TRACON& Tower with Radar,790,579,65,3,1437,0,0,28,1,29,790,579,93,4,1466,0,0,0,1466
04/26/2008,PHL,PA,AEA,EN,Combined TRACON& Tower with Radar,659,478,25,4,1166,0,6,6,4,16,659,484,31,8,1182,0,0,0,1182
04/27/2008,PHL,PA,AEA,EN,Combined TRACON& Tower with Radar,679,568,36,0,1283,0,0,8,0,8,679,568,44,0,1291,0,0,0,1291
04/28/2008,PHL,PA,AEA,EN,Combined TRACON& Tower with Radar,748,456,55,2,1261,0,0,2,0,2,748,456,57,2,1263,0,0,0,1263
04/29/2008,PHL,PA,AEA,EN,Combined TRACON& Tower with Radar,817,600,49,4,1470,0,2,10,14,26,817,602,59,18,1496,0,0,0,1496
04/30/2008,PHL,PA,AEA,EN,Combined TRACON& Tower with Radar,828,571,95,0,1494,0,12,37,10,59,828,583,132,10,1553,0,0,0,1553
05/01/2008,PHL,PA,AEA,EN,Combined TRACON& Tower with Radar,824,614,71,0,1509,0,6,38,4,48,824,620,109,4,1557,0,0,0,1557
05/02/2008,PHL,PA,AEA,EN,Combined TRACON& Tower with Radar,813,575,41,0,1429,0,2,34,3,39,813,577,75,3,1468,0,0,0,1468
05/03/2008,PHL,PA,AEA,EN,Combined TRACON& Tower with Radar,663,487,29,0,1179,0,1,3,1,5,663,488,32,1,1184,0,0,0,1184
05/04/2008,PHL,PA,AEA,EN,Combined TRACON& Tower with Radar,677,562,32,0,1271,0,0,14,1,15,677,562,46,1,1286,0,0,0,1286
05/05/2008,PHL,PA,AEA,EN,Combined TRACON& Tower with Radar,763,561,62,1,1387,0,4,36,10,50,763,565,98,11,1437,0,0,0,1437
05/06/2008,PHL,PA,AEA,EN,Combined TRACON& Tower with Radar,821,593,55,0,1469,0,6,41,2,49,821,599,96,2,1518,0,0,0,1518
05/07/2008,PHL,PA,AEA,EN,Combined TRACON& Tower with Radar,809,591,39,0,1439,0,9,28,7,44,809,600,67,7,1483,0,0,0,1483
05/08/2008,PHL,PA,AEA,EN,Combined TRACON& Tower with Radar,829,597,55,0,1481,0,0,10,12,22,829,597,65,12,1503,0,0,0,1503
05/09/2008,PHL,PA,AEA,EN,Combined TRACON& Tower with Radar,763,435,41,0,1239,0,0,0,0,0,763,435,41,0,1239,0,0,0,1239
05/10/2008,PHL,PA,AEA,EN,Combined TRACON& Tower with Radar,688,504,26,0,1218,0,1,16,0,17,688,505,42,0,1235,0,0,0,1235
05/11/2008,PHL,PA,AEA,EN,Combined TRACON& Tower with Radar,692,543,29,0,1264,0,0,13,3,16,692,543,42,3,1280,0,0,0,1280
05/12/2008,PHL,PA,AEA,EN,Combined TRACON& Tower with Radar,714,413,48,0,1175,0,0,6,0,6,714,413,54,0,1181,0,0,0,1181
05/13/2008,PHL,PA,AEA,EN,Combined TRACON& Tower with Radar,833,575,67,1,1476,0,1,53,12,66,833,576,120,13,1542,0,0,0,1542
05/14/2008,PHL,PA,AEA,EN,Combined TRACON& Tower with Radar,836,587,52,0,1475,0,12,18,11,41,836,599,70,11,1516,0,0,0,1516
05/15/2008,PHL,PA,AEA,EN,Combined TRACON& Tower with Radar,826,598,73,3,1500,0,5,25,2,32,826,603,98,5,1532,0,0,0,1532
05/16/2008,PHL,PA,AEA,EN,Combined TRACON& Tower with Radar,763,443,31,1,1238,0,0,6,0,6,763,443,37,1,1244,0,0,0,1244
05/17/2008,PHL,PA,AEA,EN,Combined TRACON& Tower with Radar,688,508,28,0,1224,0,5,11,5,21,688,513,39,5,1245,0,0,0,1245
05/18/2008,PHL,PA,AEA,EN,Combined TRACON& Tower with Radar,699,524,37,0,1260,0,0,18,1,19,699,524,55,1,1279,0,0,0,1279
05/19/2008,PHL,PA,AEA,EN,Combined TRACON& Tower with Radar,771,597,52,0,1420,0,0,28,10,38,771,597,80,10,1458,0,0,0,1458
05/20/2008,PHL,PA,AEA,EN,Combined TRACON& Tower with Radar,787,487,57,0,1331,0,0,7,3,10,787,487,64,3,1341,0,0,0,1341
05/21/2008,PHL,PA,AEA,EN,Combined TRACON& Tower with Radar,853,611,64,0,1528,0,6,37,2,45,853,617,101,2,1573,0,0,0,1573
05/22/2008,PHL,PA,AEA,EN,Combined TRACON& Tower with Radar,844,602,60,2,1508,0,2,41,8,51,844,604,101,10,1559,0,0,0,1559
05/23/2008,PHL,PA,AEA,EN,Combined TRACON& Tower with Radar,830,596,44,0,1470,0,9,27,9,45,830,605,71,9,1515,0,0,0,1515
05/24/2008,PHL,PA,AEA,EN,Combined TRACON& Tower with Radar,656,459,19,0,1134,0,9,19,1,29,656,468,38,1,1163,0,0,0,1163
05/25/2008,PHL,PA,AEA,EN,Combined TRACON& Tower with Radar,613,460,24,2,1099,0,4,18,0,22,613,464,42,2,1121,0,0,0,1121
05/26/2008,PHL,PA,AEA,EN,Combined TRACON& Tower with Radar,708,534,25,1,1268,0,2,11,8,21,708,536,36,9,1289,0,0,0,1289
05/27/2008,PHL,PA,AEA,EN,Combined TRACON& Tower with Radar,776,532,70,5,1383,0,2,9,2,13,776,534,79,7,1396,0,0,0,1396
05/28/2008,PHL,PA,AEA,EN,Combined TRACON& Tower with Radar,848,593,45,4,1490,0,5,27,8,40,848,598,72,12,1530,0,0,0,1530
05/29/2008,PHL,PA,AEA,EN,Combined TRACON& Tower with Radar,843,588,58,3,1492,0,3,46,2,51,843,591,104,5,1543,0,0,0,1543
05/30/2008,PHL,PA,AEA,EN,Combined TRACON& Tower with Radar,808,591,44,0,1443,0,6,33,3,42,808,597,77,3,1485,0,0,0,1485
05/31/2008,PHL,PA,AEA,EN,Combined TRACON& Tower with Radar,665,447,14,0,1126,0,0,15,0,15,665,447,29,0,1141,0,0,0,1141
06/01/2008,PHL,PA,AEA,EN,Combined TRACON& Tower with Radar,709,552,43,2,1306,0,5,25,7,37,709,557,68,9,1343,0,0,0,1343
06/02/2008,PHL,PA,AEA,EN,Combined TRACON& Tower with Radar,802,555,42,0,1399,0,8,25,7,40,802,563,67,7,1439,0,0,0,1439
06/03/2008,PHL,PA,AEA,EN,Combined TRACON& Tower with Radar,857,550,36,0,1443,0,5,22,8,35,857,555,58,8,1478,0,0,0,1478
06/04/2008,PHL,PA,AEA,EN,Combined TRACON& Tower with Radar,819,442,37,0,1298,0,0,6,1,7,819,442,43,1,1305,0,0,0,1305
06/05/2008,PHL,PA,AEA,EN,Combined TRACON& Tower with Radar,900,582,65,0,1547,0,6,26,7,39,900,588,91,7,1586,0,0,0,1586
06/06/2008,PHL,PA,AEA,EN,Combined TRACON& Tower with Radar,867,573,44,5,1489,0,6,41,8,55,867,579,85,13,1544,0,0,0,1544
06/07/2008,PHL,PA,AEA,EN,Combined TRACON& Tower with Radar,729,460,20,1,1210,0,1,12,1,14,729,461,32,2,1224,0,0,0,1224
06/08/2008,PHL,PA,AEA,EN,Combined TRACON& Tower with Radar,777,497,25,0,1299,0,2,12,6,20,777,499,37,6,1319,0,0,0,1319
06/09/2008,PHL,PA,AEA,EN,Combined TRACON& Tower with Radar,831,535,38,0,1404,0,5,21,6,32,831,540,59,6,1436,0,0,0,1436
06/10/2008,PHL,PA,AEA,EN,Combined TRACON& Tower with Radar,797,467,51,1,1316,0,3,30,4,37,797,470,81,5,1353,0,0,0,1353
06/11/2008,PHL,PA,AEA,EN,Combined TRACON& Tower with Radar,511,554,52,0,1117,400,6,36,2,444,911,560,88,2,1561,0,0,0,1561
06/12/2008,PHL,PA,AEA,EN,Combined TRACON& Tower with Radar,883,573,53,2,1511,0,6,26,2,34,883,579,79,4,1545,0,0,0,1545
06/13/2008,PHL,PA,AEA,EN,Combined TRACON& Tower with Radar,838,542,40,0,1420,0,7,45,8,60,838,549,85,8,1480,0,0,0,1480
06/14/2008,PHL,PA,AEA,EN,Combined TRACON& Tower with Radar,722,484,27,0,1233,0,1,17,1,19,722,485,44,1,1252,0,0,0,1252
06/15/2008,PHL,PA,AEA,EN,Combined TRACON& Tower with Radar,790,498,20,2,1310,0,2,15,2,19,790,500,35,4,1329,0,0,0,1329
06/16/2008,PHL,PA,AEA,EN,Combined TRACON& Tower with Radar,775,454,48,0,1277,0,3,8,3,14,775,457,56,3,1291,0,0,0,1291
06/17/2008,PHL,PA,AEA,EN,Combined TRACON& Tower with Radar,899,560,52,0,1511,0,3,14,3,20,899,563,66,3,1531,0,0,0,1531
06/18/2008,PHL,PA,AEA,EN,Combined TRACON& Tower with Radar,853,536,46,0,1435,0,0,15,3,18,853,536,61,3,1453,0,0,0,1453
06/19/2008,PHL,PA,AEA,EN,Combined TRACON& Tower with Radar,880,602,56,2,1540,0,2,21,1,24,880,604,77,3,1564,0,0,0,1564
06/20/2008,PHL,PA,AEA,EN,Combined TRACON& Tower with Radar,873,570,50,2,1495,0,7,22,6,35,873,577,72,8,1530,0,0,0,1530
06/21/2008,PHL,PA,AEA,EN,Combined TRACON& Tower with Radar,723,476,29,0,1228,0,1,15,1,17,723,477,44,1,1245,0,0,0,1245
06/22/2008,PHL,PA,AEA,EN,Combined TRACON& Tower with Radar,782,478,57,0,1317,0,0,10,0,10,782,478,67,0,1327,0,0,0,1327
06/23/2008,PHL,PA,AEA,EN,Combined TRACON& Tower with Radar,834,556,40,0,1430,0,11,15,6,32,834,567,55,6,1462,0,0,0,1462
06/24/2008,PHL,PA,AEA,EN,Combined TRACON& Tower with Radar,889,552,35,0,1476,0,6,32,1,39,889,558,67,1,1515,0,0,0,1515
06/25/2008,PHL,PA,AEA,EN,Combined TRACON& Tower with Radar,872,553,61,0,1486,0,12,22,10,44,872,565,83,10,1530,0,0,0,1530
06/26/2008,PHL,PA,AEA,EN,Combined TRACON& Tower with Radar,874,566,69,6,1515,0,7,24,5,36,874,573,93,11,1551,0,0,0,1551
06/27/2008,PHL,PA,AEA,EN,Combined TRACON& Tower with Radar,853,513,53,0,1419,0,4,23,6,33,853,517,76,6,1452,0,0,0,1452
06/28/2008,PHL,PA,AEA,EN,Combined TRACON& Tower with Radar,758,473,21,0,1252,0,5,14,0,19,758,478,35,0,1271,0,0,0,1271
06/29/2008,PHL,PA,AEA,EN,Combined TRACON& Tower with Radar,773,499,26,0,1298,0,3,7,0,10,773,502,33,0,1308,0,0,0,1308
06/30/2008,PHL,PA,AEA,EN,Combined TRACON& Tower with Radar,853,545,29,1,1428,0,8,18,2,28,853,553,47,3,1456,0,0,0,1456
07/01/2008,PHL,PA,AEA,EN,Combined TRACON& Tower with Radar,889,551,33,0,1473,0,2,22,5,29,889,553,55,5,1502,0,0,0,1502
07/02/2008,PHL,PA,AEA,EN,Combined TRACON& Tower with Radar,874,537,29,0,1440,0,3,22,14,39,874,540,51,14,1479,0,0,0,1479
07/03/2008,PHL,PA,AEA,EN,Combined TRACON& Tower with Radar,864,553,39,0,1456,0,5,7,0,12,864,558,46,0,1468,0,0,0,1468
07/04/2008,PHL,PA,AEA,EN,Combined TRACON& Tower with Radar,663,461,8,0,1132,0,0,5,0,5,663,461,13,0,1137,0,0,0,1137
07/05/2008,PHL,PA,AEA,EN,Combined TRACON& Tower with Radar,686,437,16,0,1139,0,2,6,0,8,686,439,22,0,1147,0,0,0,1147
07/06/2008,PHL,PA,AEA,EN,Combined TRACON& Tower with Radar,749,469,31,0,1249,0,0,5,0,5,749,469,36,0,1254,0,0,0,1254
07/07/2008,PHL,PA,AEA,EN,Combined TRACON& Tower with Radar,836,542,39,0,1417,0,0,16,1,17,836,542,55,1,1434,0,0,0,1434
07/08/2008,PHL,PA,AEA,EN,Combined TRACON& Tower with Radar,859,542,59,2,1462,0,5,24,5,34,859,547,83,7,1496,0,0,0,1496
07/09/2008,PHL,PA,AEA,EN,Combined TRACON& Tower with Radar,863,523,61,0,1447,0,5,9,1,15,863,528,70,1,1462,0,0,0,1462
07/10/2008,PHL,PA,AEA,EN,Combined TRACON& Tower with Radar,892,587,61,0,1540,0,4,57,13,74,892,591,118,13,1614,0,0,0,1614
07/11/2008,PHL,PA,AEA,EN,Combined TRACON& Tower with Radar,878,553,37,0,1468,0,0,37,2,39,878,553,74,2,1507,0,0,0,1507
07/12/2008,PHL,PA,AEA,EN,Combined TRACON& Tower with Radar,710,484,29,2,1225,0,5,18,3,26,710,489,47,5,1251,0,0,0,1251
07/13/2008,PHL,PA,AEA,EN,Combined TRACON& Tower with Radar,726,478,45,0,1249,0,10,29,0,39,726,488,74,0,1288,0,0,0,1288
07/14/2008,PHL,PA,AEA,EN,Combined TRACON& Tower with Radar,836,547,55,0,1438,0,2,16,3,21,836,549,71,3,1459,0,0,0,1459
07/15/2008,PHL,PA,AEA,EN,Combined TRACON& Tower with Radar,850,566,51,0,1467,0,6,32,1,39,850,572,83,1,1506,0,0,0,1506
07/16/2008,PHL,PA,AEA,EN,Combined TRACON& Tower with Radar,882,542,46,1,1471,0,6,47,8,61,882,548,93,9,1532,0,0,0,1532
07/17/2008,PHL,PA,AEA,EN,Combined TRACON& Tower with Radar,878,570,48,2,1498,0,16,19,4,39,878,586,67,6,1537,0,0,0,1537
07/18/2008,PHL,PA,AEA,EN,Combined TRACON& Tower with Radar,867,549,41,2,1459,0,4,31,0,35,867,553,72,2,1494,0,0,0,1494
07/19/2008,PHL,PA,AEA,EN,Combined TRACON& Tower with Radar,724,482,14,0,1220,0,4,11,3,18,724,486,25,3,1238,0,0,0,1238
07/20/2008,PHL,PA,AEA,EN,Combined TRACON& Tower with Radar,757,489,31,0,1277,1,2,14,3,20,758,491,45,3,1297,0,0,0,1297
07/21/2008,PHL,PA,AEA,EN,Combined TRACON& Tower with Radar,831,553,57,0,1441,0,12,23,10,45,831,565,80,10,1486,0,0,0,1486
07/22/2008,PHL,PA,AEA,EN,Combined TRACON& Tower with Radar,877,525,54,1,1457,0,7,37,9,53,877,532,91,10,1510,0,0,0,1510
07/23/2008,PHL,PA,AEA,EN,Combined TRACON& Tower with Radar,652,364,36,2,1054,0,5,17,0,22,652,369,53,2,1076,0,0,0,1076
07/24/2008,PHL,PA,AEA,EN,Combined TRACON& Tower with Radar,946,587,45,3,1581,0,5,34,2,41,946,592,79,5,1622,0,0,0,1622
07/25/2008,PHL,PA,AEA,EN,Combined TRACON& Tower with Radar,865,564,44,0,1473,0,2,27,5,34,865,566,71,5,1507,0,0,0,1507
07/26/2008,PHL,PA,AEA,EN,Combined TRACON& Tower with Radar,724,503,20,0,1247,0,4,13,2,19,724,507,33,2,1266,0,0,0,1266
07/27/2008,PHL,PA,AEA,EN,Combined TRACON& Tower with Radar,723,416,24,0,1163,0,2,10,2,14,723,418,34,2,1177,0,0,0,1177
07/28/2008,PHL,PA,AEA,EN,Combined TRACON& Tower with Radar,840,555,46,0,1441,0,9,12,3,24,840,564,58,3,1465,0,0,0,1465
07/29/2008,PHL,PA,AEA,EN,Combined TRACON& Tower with Radar,885,543,58,0,1486,0,11,43,16,70,885,554,101,16,1556,0,0,0,1556
07/30/2008,PHL,PA,AEA,EN,Combined TRACON& Tower with Radar,884,548,43,1,1476,0,2,25,5,32,884,550,68,6,1508,0,0,0,1508
07/31/2008,PHL,PA,AEA,EN,Combined TRACON& Tower with Radar,874,573,56,0,1503,0,14,33,11,58,874,587,89,11,1561,0,0,0,1561
08/01/2008,PHL,PA,AEA,EN,Combined TRACON& Tower with Radar,873,556,43,0,1472,0,6,34,3,43,873,562,77,3,1515,0,0,0,1515
08/02/2008,PHL,PA,AEA,EN,Combined TRACON& Tower with Radar,738,465,14,0,1217,0,0,14,2,16,738,465,28,2,1233,0,0,0,1233
08/03/2008,PHL,PA,AEA,EN,Combined TRACON& Tower with Radar,766,506,31,0,1303,0,1,21,2,24,766,507,52,2,1327,0,0,0,1327
08/04/2008,PHL,PA,AEA,EN,Combined TRACON& Tower with Radar,827,557,30,3,1417,0,1,35,4,40,827,558,65,7,1457,0,0,0,1457
08/05/2008,PHL,PA,AEA,EN,Combined TRACON& Tower with Radar,878,554,40,0,1472,0,7,29,2,38,878,561,69,2,1510,0,0,0,1510
08/06/2008,PHL,PA,AEA,EN,Combined TRACON& Tower with Radar,886,552,48,2,1488,0,5,9,1,15,886,557,57,3,1503,0,0,0,1503
08/07/2008,PHL,PA,AEA,EN,Combined TRACON& Tower with Radar,869,538,43,2,1452,0,5,29,5,39,869,543,72,7,1491,0,0,0,1491
08/08/2008,PHL,PA,AEA,EN,Combined TRACON& Tower with Radar,876,587,20,0,1483,0,4,23,1,28,876,591,43,1,1511,0,0,0,1511
08/09/2008,PHL,PA,AEA,EN,Combined TRACON& Tower with Radar,724,481,12,0,1217,0,3,23,1,27,724,484,35,1,1244,0,0,0,1244
08/10/2008,PHL,PA,AEA,EN,Combined TRACON& Tower with Radar,619,315,17,1,952,0,0,4,0,4,619,315,21,1,956,0,0,0,956
08/11/2008,PHL,PA,AEA,EN,Combined TRACON& Tower with Radar,896,545,39,0,1480,0,2,17,2,21,896,547,56,2,1501,0,0,0,1501
08/12/2008,PHL,PA,AEA,EN,Combined TRACON& Tower with Radar,896,521,32,3,1452,0,5,51,1,57,896,526,83,4,1509,0,0,0,1509
08/13/2008,PHL,PA,AEA,EN,Combined TRACON& Tower with Radar,887,549,31,1,1468,0,9,36,2,47,887,558,67,3,1515,0,0,0,1515
08/14/2008,PHL,PA,AEA,EN,Combined TRACON& Tower with Radar,835,497,43,1,1376,0,5,35,3,43,835,502,78,4,1419,0,0,0,1419
08/15/2008,PHL,PA,AEA,EN,Combined TRACON& Tower with Radar,952,555,36,0,1543,0,1,12,0,13,952,556,48,0,1556,0,0,0,1556
08/16/2008,PHL,PA,AEA,EN,Combined TRACON& Tower with Radar,743,483,16,0,1242,0,0,21,3,24,743,483,37,3,1266,0,0,0,1266
08/17/2008,PHL,PA,AEA,EN,Combined TRACON& Tower with Radar,776,520,15,0,1311,0,2,32,0,34,776,522,47,0,1345,0,0,0,1345
08/18/2008,PHL,PA,AEA,EN,Combined TRACON& Tower with Radar,832,539,21,0,1392,0,7,24,10,41,832,546,45,10,1433,0,0,0,1433
08/19/2008,PHL,PA,AEA,EN,Combined TRACON& Tower with Radar,841,548,45,0,1434,0,3,32,1,36,841,551,77,1,1470,0,0,0,1470
08/20/2008,PHL,PA,AEA,EN,Combined TRACON& Tower with Radar,854,541,42,0,1437,0,4,34,3,41,854,545,76,3,1478,0,0,0,1478
08/21/2008,PHL,PA,AEA,EN,Combined TRACON& Tower with Radar,866,558,34,0,1458,0,7,19,1,27,866,565,53,1,1485,0,0,0,1485
08/22/2008,PHL,PA,AEA,EN,Combined TRACON& Tower with Radar,850,545,28,1,1424,0,7,48,13,68,850,552,76,14,1492,0,0,0,1492
08/23/2008,PHL,PA,AEA,EN,Combined TRACON& Tower with Radar,660,415,27,0,1102,0,0,25,3,28,660,415,52,3,1130,0,0,0,1130
08/24/2008,PHL,PA,AEA,EN,Combined TRACON& Tower with Radar,732,485,31,0,1248,0,2,23,3,28,732,487,54,3,1276,0,0,0,1276
08/25/2008,PHL,PA,AEA,EN,Combined TRACON& Tower with Radar,810,539,49,0,1398,0,3,31,0,34,810,542,80,0,1432,0,0,0,1432
08/26/2008,PHL,PA,AEA,EN,Combined TRACON& Tower with Radar,844,543,35,1,1423,0,8,37,1,46,844,551,72,2,1469,0,0,0,1469
08/27/2008,PHL,PA,AEA,EN,Combined TRACON& Tower with Radar,865,542,45,2,1454,0,8,33,3,44,865,550,78,5,1498,0,0,0,1498
08/28/2008,PHL,PA,AEA,EN,Combined TRACON& Tower with Radar,858,548,46,2,1454,0,13,25,6,44,858,561,71,8,1498,0,0,0,1498
08/29/2008,PHL,PA,AEA,EN,Combined TRACON& Tower with Radar,846,543,41,0,1430,0,2,18,0,20,846,545,59,0,1450,0,0,0,1450
08/30/2008,PHL,PA,AEA,EN,Combined TRACON& Tower with Radar,625,416,17,0,1058,0,3,15,1,19,625,419,32,1,1077,0,0,0,1077
08/31/2008,PHL,PA,AEA,EN,Combined TRACON& Tower with Radar,613,399,15,0,1027,0,1,12,2,15,613,400,27,2,1042,0,0,0,1042
09/01/2008,PHL,PA,AEA,EN,Combined TRACON& Tower with Radar,726,488,24,2,1240,0,3,42,4,49,726,491,66,6,1289,0,0,0,1289
09/02/2008,PHL,PA,AEA,EN,Combined TRACON& Tower with Radar,789,527,20,1,1337,0,4,23,18,45,789,531,43,19,1382,0,0,0,1382
09/03/2008,PHL,PA,AEA,EN,Combined TRACON& Tower with Radar,803,493,42,2,1340,0,5,32,6,43,803,498,74,8,1383,0,0,0,1383
09/04/2008,PHL,PA,AEA,EN,Combined TRACON& Tower with Radar,818,528,59,0,1405,0,0,19,3,22,818,528,78,3,1427,0,0,0,1427
09/05/2008,PHL,PA,AEA,EN,Combined TRACON& Tower with Radar,832,526,34,0,1392,0,5,42,5,52,832,531,76,5,1444,0,0,0,1444
09/06/2008,PHL,PA,AEA,EN,Combined TRACON& Tower with Radar,617,309,15,0,941,0,0,0,0,0,617,309,15,0,941,0,0,0,941
09/07/2008,PHL,PA,AEA,EN,Combined TRACON& Tower with Radar,726,452,23,2,1203,0,3,50,4,57,726,455,73,6,1260,0,0,0,1260
09/08/2008,PHL,PA,AEA,EN,Combined TRACON& Tower with Radar,782,487,53,0,1322,0,10,27,4,41,782,497,80,4,1363,0,0,0,1363
09/09/2008,PHL,PA,AEA,EN,Combined TRACON& Tower with Radar,734,378,37,0,1149,0,1,11,8,20,734,379,48,8,1169,0,0,0,1169
09/10/2008,PHL,PA,AEA,EN,Combined TRACON& Tower with Radar,819,498,36,3,1356,0,4,43,4,51,819,502,79,7,1407,0,0,0,1407
09/11/2008,PHL,PA,AEA,EN,Combined TRACON& Tower with Radar,829,528,48,0,1405,0,5,17,7,29,829,533,65,7,1434,0,0,0,1434
09/12/2008,PHL,PA,AEA,EN,Combined TRACON& Tower with Radar,790,474,56,0,1320,0,11,10,4,25,790,485,66,4,1345,0,0,0,1345
09/13/2008,PHL,PA,AEA,EN,Combined TRACON& Tower with Radar,660,385,26,0,1071,0,0,9,0,9,660,385,35,0,1080,0,0,0,1080
09/14/2008,PHL,PA,AEA,EN,Combined TRACON& Tower with Radar,702,453,44,0,1199,0,0,12,5,17,702,453,56,5,1216,0,0,0,1216
09/15/2008,PHL,PA,AEA,EN,Combined TRACON& Tower with Radar,800,498,60,0,1358,0,2,18,8,28,800,500,78,8,1386,0,0,0,1386
09/16/2008,PHL,PA,AEA,EN,Combined TRACON& Tower with Radar,803,488,58,3,1352,0,1,31,15,47,803,489,89,18,1399,0,0,0,1399
09/17/2008,PHL,PA,AEA,EN,Combined TRACON& Tower with Radar,806,482,78,1,1367,0,5,31,17,53,806,487,109,18,1420,0,0,0,1420
09/18/2008,PHL,PA,AEA,EN,Combined TRACON& Tower with Radar,820,513,62,0,1395,0,6,28,9,43,820,519,90,9,1438,0,0,0,1438
09/19/2008,PHL,PA,AEA,EN,Combined TRACON& Tower with Radar,835,501,46,0,1382,0,5,14,0,19,835,506,60,0,1401,0,0,0,1401
09/20/2008,PHL,PA,AEA,EN,Combined TRACON& Tower with Radar,647,367,16,0,1030,0,1,12,0,13,647,368,28,0,1043,0,0,0,1043
09/21/2008,PHL,PA,AEA,EN,Combined TRACON& Tower with Radar,728,466,41,2,1237,0,2,23,10,35,728,468,64,12,1272,0,0,0,1272
09/22/2008,PHL,PA,AEA,EN,Combined TRACON& Tower with Radar,796,488,44,6,1334,0,7,34,6,47,796,495,78,12,1381,0,0,0,1381
09/23/2008,PHL,PA,AEA,EN,Combined TRACON& Tower with Radar,808,473,50,0,1331,0,3,33,5,41,808,476,83,5,1372,0,0,0,1372
09/24/2008,PHL,PA,AEA,EN,Combined TRACON& Tower with Radar,803,493,65,0,1361,0,8,40,5,53,803,501,105,5,1414,0,0,0,1414
09/25/2008,PHL,PA,AEA,EN,Combined TRACON& Tower with Radar,803,491,42,3,1339,0,8,8,8,24,803,499,50,11,1363,0,0,0,1363
09/26/2008,PHL,PA,AEA,EN,Combined TRACON& Tower with Radar,775,395,19,0,1189,0,0,0,0,0,775,395,19,0,1189,0,0,0,1189
09/27/2008,PHL,PA,AEA,EN,Combined TRACON& Tower with Radar,688,387,16,0,1091,0,0,8,0,8,688,387,24,0,1099,0,0,0,1099
09/28/2008,PHL,PA,AEA,EN,Combined TRACON& Tower with Radar,705,442,31,0,1178,0,0,1,0,1,705,442,32,0,1179,0,0,0,1179
09/29/2008,PHL,PA,AEA,EN,Combined TRACON& Tower with Radar,798,502,65,1,1366,0,7,31,1,39,798,509,96,2,1405,0,0,0,1405
09/30/2008,PHL,PA,AEA,EN,Combined TRACON& Tower with Radar,792,475,41,1,1309,0,10,16,3,29,792,485,57,4,1338,0,0,0,1338
10/01/2008,PHL,PA,AEA,EN,Combined TRACON& Tower with Radar,805,507,45,1,1358,0,0,19,1,20,805,507,64,2,1378,0,0,0,1378
10/02/2008,PHL,PA,AEA,EN,Combined TRACON& Tower with Radar,820,531,50,6,1407,0,8,28,8,44,820,539,78,14,1451,0,0,0,1451
10/03/2008,PHL,PA,AEA,EN,Combined TRACON& Tower with Radar,822,537,61,5,1425,0,2,24,6,32,822,539,85,11,1457,0,0,0,1457
10/04/2008,PHL,PA,AEA,EN,Combined TRACON& Tower with Radar,623,387,10,0,1020,0,2,19,3,24,623,389,29,3,1044,0,0,0,1044
10/05/2008,PHL,PA,AEA,EN,Combined TRACON& Tower with Radar,729,475,42,1,1247,0,1,25,1,27,729,476,67,2,1274,0,0,0,1274
10/06/2008,PHL,PA,AEA,EN,Combined TRACON& Tower with Radar,780,505,49,0,1334,0,4,18,2,24,780,509,67,2,1358,0,0,0,1358
10/07/2008,PHL,PA,AEA,EN,Combined TRACON& Tower with Radar,785,485,44,0,1314,0,6,36,8,50,785,491,80,8,1364,0,0,0,1364
10/08/2008,PHL,PA,AEA,EN,Combined TRACON& Tower with Radar,796,496,42,0,1334,0,10,23,7,40,796,506,65,7,1374,0,0,0,1374
10/09/2008,PHL,PA,AEA,EN,Combined TRACON& Tower with Radar,830,534,44,1,1409,0,6,61,24,91,830,540,105,25,1500,0,0,0,1500
10/10/2008,PHL,PA,AEA,EN,Combined TRACON& Tower with Radar,834,544,54,1,1433,0,1,51,1,53,834,545,105,2,1486,0,0,0,1486
10/11/2008,PHL,PA,AEA,EN,Combined TRACON& Tower with Radar,623,397,24,2,1046,0,1,16,5,22,623,398,40,7,1068,0,0,0,1068
10/12/2008,PHL,PA,AEA,EN,Combined TRACON& Tower with Radar,733,490,24,1,1248,0,1,18,5,24,733,491,42,6,1272,0,0,0,1272
10/13/2008,PHL,PA,AEA,EN,Combined TRACON& Tower with Radar,793,511,42,1,1347,0,0,34,0,34,793,511,76,1,1381,0,0,0,1381
10/14/2008,PHL,PA,AEA,EN,Combined TRACON& Tower with Radar,794,499,52,1,1346,0,4,37,7,48,794,503,89,8,1394,0,0,0,1394
10/15/2008,PHL,PA,AEA,EN,Combined TRACON& Tower with Radar,788,490,58,0,1336,0,5,30,10,45,788,495,88,10,1381,0,0,0,1381
10/16/2008,PHL,PA,AEA,EN,Combined TRACON& Tower with Radar,825,531,56,3,1415,0,8,36,11,55,825,539,92,14,1470,0,0,0,1470
10/17/2008,PHL,PA,AEA,EN,Combined TRACON& Tower with Radar,831,537,57,2,1427,0,1,14,3,18,831,538,71,5,1445,0,0,0,1445
10/18/2008,PHL,PA,AEA,EN,Combined TRACON& Tower with Radar,632,379,28,0,1039,0,5,10,3,18,632,384,38,3,1057,0,0,0,1057
10/19/2008,PHL,PA,AEA,EN,Combined TRACON& Tower with Radar,724,481,32,2,1239,0,0,15,0,15,724,481,47,2,1254,0,0,0,1254
10/20/2008,PHL,PA,AEA,EN,Combined TRACON& Tower with Radar,798,512,33,4,1347,0,5,68,2,75,798,517,101,6,1422,0,0,0,1422
10/21/2008,PHL,PA,AEA,EN,Combined TRACON& Tower with Radar,790,491,60,1,1342,0,13,34,6,53,790,504,94,7,1395,0,0,0,1395
10/22/2008,PHL,PA,AEA,EN,Combined TRACON& Tower with Radar,795,506,54,1,1356,0,0,42,2,44,795,506,96,3,1400,0,0,0,1400
10/23/2008,PHL,PA,AEA,EN,Combined TRACON& Tower with Radar,829,532,55,2,1418,0,6,37,3,46,829,538,92,5,1464,0,0,0,1464
10/24/2008,PHL,PA,AEA,EN,Combined TRACON& Tower with Radar,826,545,61,1,1433,0,5,33,1,39,826,550,94,2,1472,0,0,0,1472
10/25/2008,PHL,PA,AEA,EN,Combined TRACON& Tower with Radar,624,395,39,1,1059,0,2,7,2,11,624,397,46,3,1070,0,0,0,1070
10/26/2008,PHL,PA,AEA,EN,Combined TRACON& Tower with Radar,719,486,58,0,1263,0,7,65,8,80,719,493,123,8,1343,0,0,0,1343
10/27/2008,PHL,PA,AEA,EN,Combined TRACON& Tower with Radar,785,506,69,1,1361,0,1,73,9,83,785,507,142,10,1444,0,0,0,1444
10/28/2008,PHL,PA,AEA,EN,Combined TRACON& Tower with Radar,681,330,57,1,1069,0,0,4,0,4,681,330,61,1,1073,0,0,0,1073
10/29/2008,PHL,PA,AEA,EN,Combined TRACON& Tower with Radar,801,515,56,0,1372,0,4,87,4,95,801,519,143,4,1467,0,0,0,1467
10/30/2008,PHL,PA,AEA,EN,Combined TRACON& Tower with Radar,802,535,45,0,1382,0,0,41,10,51,802,535,86,10,1433,0,0,0,1433
10/31/2008,PHL,PA,AEA,EN,Combined TRACON& Tower with Radar,820,549,51,0,1420,0,20,163,36,219,820,569,214,36,1639,0,0,0,1639
11/01/2008,PHL,PA,AEA,EN,Combined TRACON& Tower with Radar,607,397,23,2,1029,0,5,24,3,32,607,402,47,5,1061,0,0,0,1061
11/02/2008,PHL,PA,AEA,EN,Combined TRACON& Tower with Radar,696,476,17,2,1191,0,0,24,1,25,696,476,41,3,1216,0,0,0,1216
11/03/2008,PHL,PA,AEA,EN,Combined TRACON& Tower with Radar,765,504,37,2,1308,0,2,13,0,15,765,506,50,2,1323,0,0,0,1323
11/04/2008,PHL,PA,AEA,EN,Combined TRACON& Tower with Radar,785,518,51,1,1355,0,0,15,3,18,785,518,66,4,1373,0,0,0,1373
11/05/2008,PHL,PA,AEA,EN,Combined TRACON& Tower with Radar,780,526,47,1,1354,0,4,14,0,18,780,530,61,1,1372,0,0,0,1372
11/06/2008,PHL,PA,AEA,EN,Combined TRACON& Tower with Radar,694,353,47,0,1094,0,0,6,1,7,694,353,53,1,1101,0,0,0,1101
11/07/2008,PHL,PA,AEA,EN,Combined TRACON& Tower with Radar,839,522,53,0,1414,0,2,9,4,15,839,524,62,4,1429,0,0,0,1429
11/08/2008,PHL,PA,AEA,EN,Combined TRACON& Tower with Radar,600,380,12,0,992,0,0,5,0,5,600,380,17,0,997,0,0,0,997
11/09/2008,PHL,PA,AEA,EN,Combined TRACON& Tower with Radar,701,474,28,0,1203,0,1,36,0,37,701,475,64,0,1240,0,0,0,1240
11/10/2008,PHL,PA,AEA,EN,Combined TRACON& Tower with Radar,761,506,36,2,1305,0,12,34,3,49,761,518,70,5,1354,0,0,0,1354
11/11/2008,PHL,PA,AEA,EN,Combined TRACON& Tower with Radar,786,494,41,1,1322,0,2,23,0,25,786,496,64,1,1347,0,0,0,1347
11/12/2008,PHL,PA,AEA,EN,Combined TRACON& Tower with Radar,785,504,38,0,1327,0,1,18,16,35,785,505,56,16,1362,0,0,0,1362
11/13/2008,PHL,PA,AEA,EN,Combined TRACON& Tower with Radar,765,445,40,2,1252,0,0,2,2,4,765,445,42,4,1256,0,0,0,1256
11/14/2008,PHL,PA,AEA,EN,Combined TRACON& Tower with Radar,740,397,34,2,1173,0,0,0,0,0,740,397,34,2,1173,0,0,0,1173
11/15/2008,PHL,PA,AEA,EN,Combined TRACON& Tower with Radar,636,384,16,0,1036,0,2,16,2,20,636,386,32,2,1056,0,0,0,1056
11/16/2008,PHL,PA,AEA,EN,Combined TRACON& Tower with Radar,668,414,23,0,1105,0,0,18,1,19,668,414,41,1,1124,0,0,0,1124
11/17/2008,PHL,PA,AEA,EN,Combined TRACON& Tower with Radar,754,512,52,0,1318,0,4,23,4,31,754,516,75,4,1349,0,0,0,1349
11/18/2008,PHL,PA,AEA,EN,Combined TRACON& Tower with Radar,762,500,65,0,1327,0,6,31,8,45,762,506,96,8,1372,0,0,0,1372
11/19/2008,PHL,PA,AEA,EN,Combined TRACON& Tower with Radar,772,507,43,0,1322,0,4,30,2,36,772,511,73,2,1358,0,0,0,1358
11/20/2008,PHL,PA,AEA,EN,Combined TRACON& Tower with Radar,789,530,40,0,1359,0,2,14,1,17,789,532,54,1,1376,0,0,0,1376
11/21/2008,PHL,PA,AEA,EN,Combined TRACON& Tower with Radar,790,507,37,1,1335,0,2,21,2,25,790,509,58,3,1360,0,0,0,1360
11/22/2008,PHL,PA,AEA,EN,Combined TRACON& Tower with Radar,595,392,15,0,1002,0,2,16,5,23,595,394,31,5,1025,0,0,0,1025
11/23/2008,PHL,PA,AEA,EN,Combined TRACON& Tower with Radar,693,470,23,2,1188,0,1,22,6,29,693,471,45,8,1217,0,0,0,1217
11/24/2008,PHL,PA,AEA,EN,Combined TRACON& Tower with Radar,753,502,24,2,1281,0,6,20,1,27,753,508,44,3,1308,0,0,0,1308
11/25/2008,PHL,PA,AEA,EN,Combined TRACON& Tower with Radar,831,532,37,0,1400,0,3,33,5,41,831,535,70,5,1441,0,0,0,1441
11/26/2008,PHL,PA,AEA,EN,Combined TRACON& Tower with Radar,833,545,25,0,1403,0,0,50,5,55,833,545,75,5,1458,0,0,0,1458
11/27/2008,PHL,PA,AEA,EN,Combined TRACON& Tower with Radar,420,242,7,0,669,0,0,22,1,23,420,242,29,1,692,0,0,0,692
11/28/2008,PHL,PA,AEA,EN,Combined TRACON& Tower with Radar,629,418,8,0,1055,0,7,22,6,35,629,425,30,6,1090,0,0,0,1090
11/29/2008,PHL,PA,AEA,EN,Combined TRACON& Tower with Radar,651,472,11,0,1134,0,0,30,0,30,651,472,41,0,1164,0,0,0,1164
11/30/2008,PHL,PA,AEA,EN,Combined TRACON& Tower with Radar,678,404,29,0,1111,0,0,0,0,0,678,404,29,0,1111,0,0,0,1111
12/01/2008,PHL,PA,AEA,EN,Combined TRACON& Tower with Radar,825,592,56,1,1474,0,0,11,5,16,825,592,67,6,1490,0,0,0,1490
12/02/2008,PHL,PA,AEA,EN,Combined TRACON& Tower with Radar,804,522,57,2,1385,0,5,66,10,81,804,527,123,12,1466,0,0,0,1466
12/03/2008,PHL,PA,AEA,EN,Combined TRACON& Tower with Radar,787,510,34,0,1331,0,2,27,1,30,787,512,61,1,1361,0,0,0,1361
12/04/2008,PHL,PA,AEA,EN,Combined TRACON& Tower with Radar,782,528,39,3,1352,0,0,28,9,37,782,528,67,12,1389,0,0,0,1389
12/05/2008,PHL,PA,AEA,EN,Combined TRACON& Tower with Radar,786,530,47,3,1366,0,5,31,9,45,786,535,78,12,1411,0,0,0,1411
12/06/2008,PHL,PA,AEA,EN,Combined TRACON& Tower with Radar,586,373,14,9,982,0,5,41,11,57,586,378,55,20,1039,0,0,0,1039
12/07/2008,PHL,PA,AEA,EN,Combined TRACON& Tower with Radar,666,477,12,1,1156,0,0,6,7,13,666,477,18,8,1169,0,0,0,1169
12/08/2008,PHL,PA,AEA,EN,Combined TRACON& Tower with Radar,734,509,38,3,1284,0,7,20,10,37,734,516,58,13,1321,0,0,0,1321
12/09/2008,PHL,PA,AEA,EN,Combined TRACON& Tower with Radar,754,492,53,0,1299,0,9,21,9,39,754,501,74,9,1338,0,0,0,1338
12/10/2008,PHL,PA,AEA,EN,Combined TRACON& Tower with Radar,682,393,39,0,1114,0,1,7,1,9,682,394,46,1,1123,0,0,0,1123
12/11/2008,PHL,PA,AEA,EN,Combined TRACON& Tower with Radar,731,371,24,0,1126,0,0,0,0,0,731,371,24,0,1126,0,0,0,1126
12/12/2008,PHL,PA,AEA,EN,Combined TRACON& Tower with Radar,791,506,22,0,1319,0,1,24,3,28,791,507,46,3,1347,0,0,0,1347
12/13/2008,PHL,PA,AEA,EN,Combined TRACON& Tower with Radar,572,372,17,0,961,0,9,11,2,22,572,381,28,2,983,0,0,0,983
12/14/2008,PHL,PA,AEA,EN,Combined TRACON& Tower with Radar,590,385,15,0,990,0,4,15,2,21,590,389,30,2,1011,0,0,0,1011
12/15/2008,PHL,PA,AEA,EN,Combined TRACON& Tower with Radar,766,525,65,0,1356,0,9,43,5,57,766,534,108,5,1413,0,0,0,1413
12/16/2008,PHL,PA,AEA,EN,Combined TRACON& Tower with Radar,783,462,21,1,1267,0,0,6,0,6,783,462,27,1,1273,0,0,0,1273
12/17/2008,PHL,PA,AEA,EN,Combined TRACON& Tower with Radar,728,382,38,0,1148,0,0,9,0,9,728,382,47,0,1157,0,0,0,1157
12/18/2008,PHL,PA,AEA,EN,Combined TRACON& Tower with Radar,837,535,47,0,1419,0,2,37,3,42,837,537,84,3,1461,0,0,0,1461
12/19/2008,PHL,PA,AEA,EN,Combined TRACON& Tower with Radar,739,358,22,3,1122,0,2,2,2,6,739,360,24,5,1128,0,0,0,1128
12/20/2008,PHL,PA,AEA,EN,Combined TRACON& Tower with Radar,635,464,15,1,1115,0,0,16,1,17,635,464,31,2,1132,0,0,0,1132
12/21/2008,PHL,PA,AEA,EN,Combined TRACON& Tower with Radar,638,441,12,0,1091,0,0,5,0,5,638,441,17,0,1096,0,0,0,1096
12/22/2008,PHL,PA,AEA,EN,Combined TRACON& Tower with Radar,733,517,23,2,1275,0,7,13,0,20,733,524,36,2,1295,0,0,0,1295
12/23/2008,PHL,PA,AEA,EN,Combined TRACON& Tower with Radar,823,529,21,0,1373,0,6,31,6,43,823,535,52,6,1416,0,0,0,1416
12/24/2008,PHL,PA,AEA,EN,Combined TRACON& Tower with Radar,687,438,12,0,1137,0,0,9,2,11,687,438,21,2,1148,0,0,0,1148
12/25/2008,PHL,PA,AEA,EN,Combined TRACON& Tower with Radar,619,478,2,0,1099,0,0,7,1,8,619,478,9,1,1107,0,0,0,1107
12/26/2008,PHL,PA,AEA,EN,Combined TRACON& Tower with Radar,710,536,26,0,1272,0,3,14,4,21,710,539,40,4,1293,0,0,0,1293
12/27/2008,PHL,PA,AEA,EN,Combined TRACON& Tower with Radar,624,412,35,0,1071,0,0,1,0,1,624,412,36,0,1072,0,0,0,1072
12/28/2008,PHL,PA,AEA,EN,Combined TRACON& Tower with Radar,684,481,20,0,1185,0,0,9,0,9,684,481,29,0,1194,0,0,0,1194
12/29/2008,PHL,PA,AEA,EN,Combined TRACON& Tower with Radar,742,532,9,0,1283,0,4,14,3,21,742,536,23,3,1304,0,0,0,1304
12/30/2008,PHL,PA,AEA,EN,Combined TRACON& Tower with Radar,787,515,12,0,1314,0,1,12,3,16,787,516,24,3,1330,0,0,0,1330
12/31/2008,PHL,PA,AEA,EN,Combined TRACON& Tower with Radar,710,473,5,0,1188,0,0,6,2,8,710,473,11,2,1196,0,0,0,1196
01/01/2009,PHL,PA,AEA,EN,Combined TRACON& Tower with Radar,651,492,6,0,1149,0,6,12,2,20,651,498,18,2,1169,0,0,0,1169
01/02/2009,PHL,PA,AEA,EN,Combined TRACON& Tower with Radar,731,550,21,0,1302,0,4,26,1,31,731,554,47,1,1333,0,0,0,1333
01/03/2009,PHL,PA,AEA,EN,Combined TRACON& Tower with Radar,657,485,22,0,1164,0,1,20,0,21,657,486,42,0,1185,0,0,0,1185
01/04/2009,PHL,PA,AEA,EN,Combined TRACON& Tower with Radar,683,516,37,0,1236,0,5,23,4,32,683,521,60,4,1268,0,0,0,1268
01/05/2009,PHL,PA,AEA,EN,Combined TRACON& Tower with Radar,726,506,38,0,1270,0,2,31,10,43,726,508,69,10,1313,0,0,0,1313
01/06/2009,PHL,PA,AEA,EN,Combined TRACON& Tower with Radar,707,459,26,0,1192,0,3,18,2,23,707,462,44,2,1215,0,0,0,1215
01/07/2009,PHL,PA,AEA,EN,Combined TRACON& Tower with Radar,692,405,32,1,1130,0,0,0,0,0,692,405,32,1,1130,0,0,0,1130
01/08/2009,PHL,PA,AEA,EN,Combined TRACON& Tower with Radar,798,536,23,2,1359,0,4,35,5,44,798,540,58,7,1403,0,0,0,1403
01/09/2009,PHL,PA,AEA,EN,Combined TRACON& Tower with Radar,765,525,19,0,1309,0,4,41,4,49,765,529,60,4,1358,0,0,0,1358
01/10/2009,PHL,PA,AEA,EN,Combined TRACON& Tower with Radar,556,368,9,0,933,0,1,2,0,3,556,369,11,0,936,0,0,0,936
01/11/2009,PHL,PA,AEA,EN,Combined TRACON& Tower with Radar,628,456,19,0,1103,0,4,8,3,15,628,460,27,3,1118,0,0,0,1118
01/12/2009,PHL,PA,AEA,EN,Combined TRACON& Tower with Radar,712,505,51,2,1270,0,3,44,7,54,712,508,95,9,1324,0,0,0,1324
01/13/2009,PHL,PA,AEA,EN,Combined TRACON& Tower with Radar,746,511,40,0,1297,0,4,36,8,48,746,515,76,8,1345,0,0,0,1345
01/14/2009,PHL,PA,AEA,EN,Combined TRACON& Tower with Radar,734,512,30,2,1278,0,4,44,4,52,734,516,74,6,1330,0,0,0,1330
01/15/2009,PHL,PA,AEA,EN,Combined TRACON& Tower with Radar,768,516,40,5,1329,0,1,16,2,19,768,517,56,7,1348,0,0,0,1348
01/16/2009,PHL,PA,AEA,EN,Combined TRACON& Tower with Radar,773,522,30,1,1326,0,0,37,1,38,773,522,67,2,1364,0,0,0,1364
01/17/2009,PHL,PA,AEA,EN,Combined TRACON& Tower with Radar,558,381,10,4,953,0,3,18,10,31,558,384,28,14,984,0,0,0,984
01/18/2009,PHL,PA,AEA,EN,Combined TRACON& Tower with Radar,619,432,9,0,1060,0,0,12,0,12,619,432,21,0,1072,0,0,0,1072
01/19/2009,PHL,PA,AEA,EN,Combined TRACON& Tower with Radar,728,442,21,0,1191,0,0,7,3,10,728,442,28,3,1201,0,0,0,1201
01/20/2009,PHL,PA,AEA,EN,Combined TRACON& Tower with Radar,744,516,35,0,1295,0,3,31,9,43,744,519,66,9,1338,0,0,0,1338
01/21/2009,PHL,PA,AEA,EN,Combined TRACON& Tower with Radar,756,519,25,0,1300,0,11,30,2,43,756,530,55,2,1343,0,0,0,1343
01/22/2009,PHL,PA,AEA,EN,Combined TRACON& Tower with Radar,767,539,43,0,1349,0,3,22,9,34,767,542,65,9,1383,0,0,0,1383
01/23/2009,PHL,PA,AEA,EN,Combined TRACON& Tower with Radar,763,536,41,0,1340,0,6,24,8,38,763,542,65,8,1378,0,0,0,1378
01/24/2009,PHL,PA,AEA,EN,Combined TRACON& Tower with Radar,554,393,22,0,969,0,1,14,0,15,554,394,36,0,984,0,0,0,984
01/25/2009,PHL,PA,AEA,EN,Combined TRACON& Tower with Radar,625,461,19,0,1105,0,1,15,3,19,625,462,34,3,1124,0,0,0,1124
01/26/2009,PHL,PA,AEA,EN,Combined TRACON& Tower with Radar,716,512,17,1,1246,0,1,30,1,32,716,513,47,2,1278,0,0,0,1278
01/27/2009,PHL,PA,AEA,EN,Combined TRACON& Tower with Radar,700,458,30,0,1188,0,0,15,1,16,700,458,45,1,1204,0,0,0,1204
01/28/2009,PHL,PA,AEA,EN,Combined TRACON& Tower with Radar,603,292,19,0,914,0,0,0,0,0,603,292,19,0,914,0,0,0,914
01/29/2009,PHL,PA,AEA,EN,Combined TRACON& Tower with Radar,791,525,40,2,1358,0,3,15,5,23,791,528,55,7,1381,0,0,0,1381
01/30/2009,PHL,PA,AEA,EN,Combined TRACON& Tower with Radar,750,525,18,0,1293,0,2,27,1,30,750,527,45,1,1323,0,0,0,1323
01/31/2009,PHL,PA,AEA,EN,Combined TRACON& Tower with Radar,548,384,16,0,948,0,2,28,6,36,548,386,44,6,984,0,0,0,984
02/01/2009,PHL,PA,AEA,EN,Combined TRACON& Tower with Radar,637,463,16,0,1116,0,0,10,2,12,637,463,26,2,1128,0,0,0,1128
02/02/2009,PHL,PA,AEA,EN,Combined TRACON& Tower with Radar,712,515,32,1,1260,0,4,17,5,26,712,519,49,6,1286,0,0,0,1286
02/03/2009,PHL,PA,AEA,EN,Combined TRACON& Tower with Radar,569,357,18,0,944,0,0,0,0,0,569,357,18,0,944,0,0,0,944
02/04/2009,PHL,PA,AEA,EN,Combined TRACON& Tower with Radar,746,504,34,0,1284,0,1,23,7,31,746,505,57,7,1315,0,0,0,1315
02/05/2009,PHL,PA,AEA,EN,Combined TRACON& Tower with Radar,773,529,42,0,1344,0,5,30,2,37,773,534,72,2,1381,0,0,0,1381
02/06/2009,PHL,PA,AEA,EN,Combined TRACON& Tower with Radar,775,543,41,0,1359,0,0,30,0,30,775,543,71,0,1389,0,0,0,1389
02/07/2009,PHL,PA,AEA,EN,Combined TRACON& Tower with Radar,556,384,9,0,949,0,4,38,1,43,556,388,47,1,992,0,0,0,992
02/08/2009,PHL,PA,AEA,EN,Combined TRACON& Tower with Radar,637,471,18,0,1126,0,3,19,4,26,637,474,37,4,1152,0,0,0,1152
02/09/2009,PHL,PA,AEA,EN,Combined TRACON& Tower with Radar,723,509,38,1,1271,0,6,42,11,59,723,515,80,12,1330,0,0,0,1330
02/10/2009,PHL,PA,AEA,EN,Combined TRACON& Tower with Radar,744,506,37,0,1287,0,2,54,6,62,744,508,91,6,1349,0,0,0,1349
02/11/2009,PHL,PA,AEA,EN,Combined TRACON& Tower with Radar,741,527,35,0,1303,0,0,20,8,28,741,527,55,8,1331,0,0,0,1331
02/12/2009,PHL,PA,AEA,EN,Combined TRACON& Tower with Radar,792,571,45,0,1408,0,0,1,0,1,792,571,46,0,1409,0,0,0,1409
02/13/2009,PHL,PA,AEA,EN,Combined TRACON& Tower with Radar,792,556,31,0,1379,0,5,23,2,30,792,561,54,2,1409,0,0,0,1409
02/14/2009,PHL,PA,AEA,EN,Combined TRACON& Tower with Radar,588,421,13,0,1022,0,0,15,2,17,588,421,28,2,1039,0,0,0,1039
02/15/2009,PHL,PA,AEA,EN,Combined TRACON& Tower with Radar,649,506,9,0,1164,0,2,13,1,16,649,508,22,1,1180,0,0,0,1180
02/16/2009,PHL,PA,AEA,EN,Combined TRACON& Tower with Radar,735,509,46,0,1290,0,5,31,2,38,735,514,77,2,1328,0,0,0,1328
02/17/2009,PHL,PA,AEA,EN,Combined TRACON& Tower with Radar,765,523,35,0,1323,0,4,18,3,25,765,527,53,3,1348,0,0,0,1348
02/18/2009,PHL,PA,AEA,EN,Combined TRACON& Tower with Radar,750,515,37,2,1304,0,1,19,2,22,750,516,56,4,1326,0,0,0,1326
02/19/2009,PHL,PA,AEA,EN,Combined TRACON& Tower with Radar,806,564,42,2,1414,0,4,16,0,20,806,568,58,2,1434,0,0,0,1434
02/20/2009,PHL,PA,AEA,EN,Combined TRACON& Tower with Radar,786,545,43,0,1374,0,1,9,1,11,786,546,52,1,1385,0,0,0,1385
02/21/2009,PHL,PA,AEA,EN,Combined TRACON& Tower with Radar,594,426,12,0,1032,0,3,21,2,26,594,429,33,2,1058,0,0,0,1058
02/22/2009,PHL,PA,AEA,EN,Combined TRACON& Tower with Radar,662,468,16,0,1146,0,1,6,0,7,662,469,22,0,1153,0,0,0,1153
02/23/2009,PHL,PA,AEA,EN,Combined TRACON& Tower with Radar,740,523,19,0,1282,0,0,25,0,25,740,523,44,0,1307,0,0,0,1307
02/24/2009,PHL,PA,AEA,EN,Combined TRACON& Tower with Radar,763,513,42,2,1320,0,1,24,1,26,763,514,66,3,1346,0,0,0,1346
02/25/2009,PHL,PA,AEA,EN,Combined TRACON& Tower with Radar,772,527,48,0,1347,0,7,21,0,28,772,534,69,0,1375,0,0,0,1375
02/26/2009,PHL,PA,AEA,EN,Combined TRACON& Tower with Radar,793,558,40,1,1392,0,5,32,1,38,793,563,72,2,1430,0,0,0,1430
02/27/2009,PHL,PA,AEA,EN,Combined TRACON& Tower with Radar,781,522,40,6,1349,0,4,27,10,41,781,526,67,16,1390,0,0,0,1390
02/28/2009,PHL,PA,AEA,EN,Combined TRACON& Tower with Radar,593,432,12,3,1040,0,0,22,2,24,593,432,34,5,1064,0,0,0,1064
03/01/2009,PHL,PA,AEA,EN,Combined TRACON& Tower with Radar,599,421,17,0,1037,0,0,4,1,5,599,421,21,1,1042,0,0,0,1042
03/02/2009,PHL,PA,AEA,EN,Combined TRACON& Tower with Radar,497,178,13,0,688,0,1,3,0,4,497,179,16,0,692,0,0,0,692
03/03/2009,PHL,PA,AEA,EN,Combined TRACON& Tower with Radar,784,524,38,0,1346,0,2,21,8,31,784,526,59,8,1377,0,0,0,1377
03/04/2009,PHL,PA,AEA,EN,Combined TRACON& Tower with Radar,781,539,31,0,1351,0,0,22,5,27,781,539,53,5,1378,0,0,0,1378
03/05/2009,PHL,PA,AEA,EN,Combined TRACON& Tower with Radar,796,560,37,0,1393,0,1,26,0,27,796,561,63,0,1420,0,0,0,1420
03/06/2009,PHL,PA,AEA,EN,Combined TRACON& Tower with Radar,792,563,26,2,1383,0,10,38,6,54,792,573,64,8,1437,0,0,0,1437
03/07/2009,PHL,PA,AEA,EN,Combined TRACON& Tower with Radar,631,453,12,2,1098,0,3,15,0,18,631,456,27,2,1116,0,0,0,1116
03/08/2009,PHL,PA,AEA,EN,Combined TRACON& Tower with Radar,683,530,24,0,1237,0,1,14,2,17,683,531,38,2,1254,0,0,0,1254
03/09/2009,PHL,PA,AEA,EN,Combined TRACON& Tower with Radar,743,523,21,0,1287,0,0,14,9,23,743,523,35,9,1310,0,0,0,1310
03/10/2009,PHL,PA,AEA,EN,Combined TRACON& Tower with Radar,777,542,26,0,1345,0,0,27,4,31,777,542,53,4,1376,0,0,0,1376
03/11/2009,PHL,PA,AEA,EN,Combined TRACON& Tower with Radar,767,476,47,2,1292,0,2,10,6,18,767,478,57,8,1310,0,0,0,1310
03/12/2009,PHL,PA,AEA,EN,Combined TRACON& Tower with Radar,799,577,46,0,1422,0,3,41,2,46,799,580,87,2,1468,0,0,0,1468
03/13/2009,PHL,PA,AEA,EN,Combined TRACON& Tower with Radar,786,575,30,2,1393,0,3,33,6,42,786,578,63,8,1435,0,0,0,1435
03/14/2009,PHL,PA,AEA,EN,Combined TRACON& Tower with Radar,626,457,12,1,1096,0,6,14,4,24,626,463,26,5,1120,0,0,0,1120
03/15/2009,PHL,PA,AEA,EN,Combined TRACON& Tower with Radar,685,520,31,0,1236,0,0,5,1,6,685,520,36,1,1242,0,0,0,1242
03/16/2009,PHL,PA,AEA,EN,Combined TRACON& Tower with Radar,739,536,33,2,1310,0,6,25,6,37,739,542,58,8,1347,0,0,0,1347
03/17/2009,PHL,PA,AEA,EN,Combined TRACON& Tower with Radar,778,542,26,3,1349,0,4,62,4,70,778,546,88,7,1419,0,0,0,1419
03/18/2009,PHL,PA,AEA,EN,Combined TRACON& Tower with Radar,782,555,46,0,1383,0,1,21,4,26,782,556,67,4,1409,0,0,0,1409
03/19/2009,PHL,PA,AEA,EN,Combined TRACON& Tower with Radar,799,571,39,0,1409,0,1,34,0,35,799,572,73,0,1444,0,0,0,1444
03/20/2009,PHL,PA,AEA,EN,Combined TRACON& Tower with Radar,783,571,32,1,1387,0,3,28,10,41,783,574,60,11,1428,0,0,0,1428
03/21/2009,PHL,PA,AEA,EN,Combined TRACON& Tower with Radar,634,456,13,0,1103,0,3,29,0,32,634,459,42,0,1135,0,0,0,1135
03/22/2009,PHL,PA,AEA,EN,Combined TRACON& Tower with Radar,686,516,20,0,1222,1,8,24,2,35,687,524,44,2,1257,0,0,0,1257
03/23/2009,PHL,PA,AEA,EN,Combined TRACON& Tower with Radar,732,536,27,0,1295,0,4,22,0,26,732,540,49,0,1321,0,0,0,1321
03/24/2009,PHL,PA,AEA,EN,Combined TRACON& Tower with Radar,790,540,32,0,1362,0,5,39,1,45,790,545,71,1,1407,0,0,0,1407
03/25/2009,PHL,PA,AEA,EN,Combined TRACON& Tower with Radar,777,557,34,0,1368,0,5,35,5,45,777,562,69,5,1413,0,0,0,1413
03/26/2009,PHL,PA,AEA,EN,Combined TRACON& Tower with Radar,749,450,19,2,1220,0,0,1,3,4,749,450,20,5,1224,0,0,0,1224
03/27/2009,PHL,PA,AEA,EN,Combined TRACON& Tower with Radar,803,563,24,0,1390,0,9,36,5,50,803,572,60,5,1440,0,0,0,1440
03/28/2009,PHL,PA,AEA,EN,Combined TRACON& Tower with Radar,631,458,17,0,1106,0,1,6,3,10,631,459,23,3,1116,0,0,0,1116
03/29/2009,PHL,PA,AEA,EN,Combined TRACON& Tower with Radar,657,419,25,2,1103,0,2,8,0,10,657,421,33,2,1113,0,0,0,1113
03/30/2009,PHL,PA,AEA,EN,Combined TRACON& Tower with Radar,748,546,19,2,1315,0,0,14,1,15,748,546,33,3,1330,0,0,0,1330
03/31/2009,PHL,PA,AEA,EN,Combined TRACON& Tower with Radar,777,537,31,2,1347,0,2,37,0,39,777,539,68,2,1386,0,0,0,1386
04/01/2009,PHL,PA,AEA,EN,Combined TRACON& Tower with Radar,776,553,41,1,1371,0,0,3,0,3,776,553,44,1,1374,0,0,0,1374
04/02/2009,PHL,PA,AEA,EN,Combined TRACON& Tower with Radar,780,532,31,0,1343,0,4,8,4,16,780,536,39,4,1359,0,0,0,1359
04/03/2009,PHL,PA,AEA,EN,Combined TRACON& Tower with Radar,758,408,27,0,1193,0,1,9,5,15,758,409,36,5,1208,0,0,0,1208
04/04/2009,PHL,PA,AEA,EN,Combined TRACON& Tower with Radar,638,475,21,0,1134,0,2,6,0,8,638,477,27,0,1142,0,0,0,1142
04/05/2009,PHL,PA,AEA,EN,Combined TRACON& Tower with Radar,680,522,8,0,1210,0,3,32,1,36,680,525,40,1,1246,0,0,0,1246
04/06/2009,PHL,PA,AEA,EN,Combined TRACON& Tower with Radar,708,459,22,2,1191,0,0,6,0,6,708,459,28,2,1197,0,0,0,1197
04/07/2009,PHL,PA,AEA,EN,Combined TRACON& Tower with Radar,789,549,32,1,1371,0,9,35,10,54,789,558,67,11,1425,0,0,0,1425
04/08/2009,PHL,PA,AEA,EN,Combined TRACON& Tower with Radar,786,560,31,0,1377,0,4,25,6,35,786,564,56,6,1412,0,0,0,1412
04/09/2009,PHL,PA,AEA,EN,Combined TRACON& Tower with Radar,797,584,41,0,1422,0,7,39,2,48,797,591,80,2,1470,0,0,0,1470
04/10/2009,PHL,PA,AEA,EN,Combined TRACON& Tower with Radar,784,578,25,1,1388,0,1,19,3,23,784,579,44,4,1411,0,0,0,1411
04/11/2009,PHL,PA,AEA,EN,Combined TRACON& Tower with Radar,627,468,15,1,1111,0,1,5,0,6,627,469,20,1,1117,0,0,0,1117
04/12/2009,PHL,PA,AEA,EN,Combined TRACON& Tower with Radar,686,542,19,0,1247,0,5,15,2,22,686,547,34,2,1269,0,0,0,1269
04/13/2009,PHL,PA,AEA,EN,Combined TRACON& Tower with Radar,741,576,30,0,1347,0,5,52,7,64,741,581,82,7,1411,0,0,0,1411
04/14/2009,PHL,PA,AEA,EN,Combined TRACON& Tower with Radar,696,389,25,0,1110,0,1,0,0,1,696,390,25,0,1111,0,0,0,1111
04/15/2009,PHL,PA,AEA,EN,Combined TRACON& Tower with Radar,807,497,41,0,1345,0,2,12,0,14,807,499,53,0,1359,0,0,0,1359
04/16/2009,PHL,PA,AEA,EN,Combined TRACON& Tower with Radar,800,570,32,1,1403,0,2,23,3,28,800,572,55,4,1431,0,0,0,1431
04/17/2009,PHL,PA,AEA,EN,Combined TRACON& Tower with Radar,781,562,48,3,1394,0,3,55,4,62,781,565,103,7,1456,0,0,0,1456
04/18/2009,PHL,PA,AEA,EN,Combined TRACON& Tower with Radar,634,456,20,0,1110,0,2,34,1,37,634,458,54,1,1147,0,0,0,1147
04/19/2009,PHL,PA,AEA,EN,Combined TRACON& Tower with Radar,681,529,36,1,1247,0,0,23,3,26,681,529,59,4,1273,0,0,0,1273
04/20/2009,PHL,PA,AEA,EN,Combined TRACON& Tower with Radar,713,470,24,0,1207,0,0,0,0,0,713,470,24,0,1207,0,0,0,1207
04/21/2009,PHL,PA,AEA,EN,Combined TRACON& Tower with Radar,778,545,33,0,1356,0,6,10,2,18,778,551,43,2,1374,0,0,0,1374
04/22/2009,PHL,PA,AEA,EN,Combined TRACON& Tower with Radar,773,536,36,0,1345,0,6,11,2,19,773,542,47,2,1364,0,0,0,1364
04/23/2009,PHL,PA,AEA,EN,Combined TRACON& Tower with Radar,782,568,34,0,1384,0,0,35,3,38,782,568,69,3,1422,0,0,0,1422
04/24/2009,PHL,PA,AEA,EN,Combined TRACON& Tower with Radar,785,576,38,0,1399,0,3,40,5,48,785,579,78,5,1447,0,0,0,1447
04/25/2009,PHL,PA,AEA,EN,Combined TRACON& Tower with Radar,624,448,24,0,1096,0,1,29,3,33,624,449,53,3,1129,0,0,0,1129
04/26/2009,PHL,PA,AEA,EN,Combined TRACON& Tower with Radar,676,497,21,0,1194,0,4,32,3,39,676,501,53,3,1233,0,0,0,1233
04/27/2009,PHL,PA,AEA,EN,Combined TRACON& Tower with Radar,734,559,38,0,1331,0,4,35,8,47,734,563,73,8,1378,0,0,0,1378
04/28/2009,PHL,PA,AEA,EN,Combined TRACON& Tower with Radar,768,553,53,0,1374,0,6,33,6,45,768,559,86,6,1419,0,0,0,1419
04/29/2009,PHL,PA,AEA,EN,Combined TRACON& Tower with Radar,773,544,53,0,1370,0,2,23,8,33,773,546,76,8,1403,0,0,0,1403
04/30/2009,PHL,PA,AEA,EN,Combined TRACON& Tower with Radar,794,578,46,0,1418,0,1,23,1,25,794,579,69,1,1443,0,0,0,1443
05/01/2009,PHL,PA,AEA,EN,Combined TRACON& Tower with Radar,737,410,33,0,1180,0,0,19,0,19,737,410,52,0,1199,0,0,0,1199
05/02/2009,PHL,PA,AEA,EN,Combined TRACON& Tower with Radar,619,456,26,0,1101,0,1,15,0,16,619,457,41,0,1117,0,0,0,1117
05/03/2009,PHL,PA,AEA,EN,Combined TRACON& Tower with Radar,661,473,28,0,1162,0,0,1,0,1,661,473,29,0,1163,0,0,0,1163
05/04/2009,PHL,PA,AEA,EN,Combined TRACON& Tower with Radar,682,447,42,0,1171,0,0,0,0,0,682,447,42,0,1171,0,0,0,1171
05/05/2009,PHL,PA,AEA,EN,Combined TRACON& Tower with Radar,761,550,34,2,1347,0,0,5,0,5,761,550,39,2,1352,0,0,0,1352
05/06/2009,PHL,PA,AEA,EN,Combined TRACON& Tower with Radar,761,571,55,0,1387,0,2,13,0,15,761,573,68,0,1402,0,0,0,1402
05/07/2009,PHL,PA,AEA,EN,Combined TRACON& Tower with Radar,769,505,53,0,1327,0,0,22,1,23,769,505,75,1,1350,0,0,0,1350
05/08/2009,PHL,PA,AEA,EN,Combined TRACON& Tower with Radar,783,571,36,0,1390,0,3,19,5,27,783,574,55,5,1417,0,0,0,1417
05/09/2009,PHL,PA,AEA,EN,Combined TRACON& Tower with Radar,619,468,18,0,1105,0,1,16,0,17,619,469,34,0,1122,0,0,0,1122
05/10/2009,PHL,PA,AEA,EN,Combined TRACON& Tower with Radar,661,536,9,0,1206,0,0,32,3,35,661,536,41,3,1241,0,0,0,1241
05/11/2009,PHL,PA,AEA,EN,Combined TRACON& Tower with Radar,740,536,41,0,1317,0,9,39,2,50,740,545,80,2,1367,0,0,0,1367
05/12/2009,PHL,PA,AEA,EN,Combined TRACON& Tower with Radar,786,553,50,0,1389,0,2,56,2,60,786,555,106,2,1449,0,0,0,1449
05/13/2009,PHL,PA,AEA,EN,Combined TRACON& Tower with Radar,780,563,34,0,1377,0,7,60,2,69,780,570,94,2,1446,0,0,0,1446
05/14/2009,PHL,PA,AEA,EN,Combined TRACON& Tower with Radar,789,580,36,1,1406,0,1,11,0,12,789,581,47,1,1418,0,0,0,1418
05/15/2009,PHL,PA,AEA,EN,Combined TRACON& Tower with Radar,787,567,36,1,1391,0,5,9,6,20,787,572,45,7,1411,0,0,0,1411
05/16/2009,PHL,PA,AEA,EN,Combined TRACON& Tower with Radar,626,449,14,0,1089,0,0,10,0,10,626,449,24,0,1099,0,0,0,1099
05/17/2009,PHL,PA,AEA,EN,Combined TRACON& Tower with Radar,678,552,27,0,1257,0,0,14,3,17,678,552,41,3,1274,0,0,0,1274
05/18/2009,PHL,PA,AEA,EN,Combined TRACON& Tower with Radar,746,545,33,0,1324,0,12,48,15,75,746,557,81,15,1399,0,0,0,1399
05/19/2009,PHL,PA,AEA,EN,Combined TRACON& Tower with Radar,785,558,39,0,1382,0,7,41,5,53,785,565,80,5,1435,0,0,0,1435
05/20/2009,PHL,PA,AEA,EN,Combined TRACON& Tower with Radar,788,547,31,0,1366,0,7,45,4,56,788,554,76,4,1422,0,0,0,1422
05/21/2009,PHL,PA,AEA,EN,Combined TRACON& Tower with Radar,802,561,55,1,1419,0,7,17,12,36,802,568,72,13,1455,0,0,0,1455
05/22/2009,PHL,PA,AEA,EN,Combined TRACON& Tower with Radar,790,570,44,1,1405,0,2,28,2,32,790,572,72,3,1437,0,0,0,1437
05/23/2009,PHL,PA,AEA,EN,Combined TRACON& Tower with Radar,624,456,15,0,1095,0,6,19,3,28,624,462,34,3,1123,0,0,0,1123
05/24/2009,PHL,PA,AEA,EN,Combined TRACON& Tower with Radar,607,460,13,0,1080,0,2,15,0,17,607,462,28,0,1097,0,0,0,1097
05/25/2009,PHL,PA,AEA,EN,Combined TRACON& Tower with Radar,676,490,29,0,1195,0,1,32,1,34,676,491,61,1,1229,0,0,0,1229
05/26/2009,PHL,PA,AEA,EN,Combined TRACON& Tower with Radar,833,583,45,12,1473,0,2,32,0,34,833,585,77,12,1507,0,0,0,1507
05/27/2009,PHL,PA,AEA,EN,Combined TRACON& Tower with Radar,757,432,33,0,1222,0,4,25,3,32,757,436,58,3,1254,0,0,0,1254
05/28/2009,PHL,PA,AEA,EN,Combined TRACON& Tower with Radar,780,534,49,0,1363,0,6,5,0,11,780,540,54,0,1374,0,0,0,1374
05/29/2009,PHL,PA,AEA,EN,Combined TRACON& Tower with Radar,785,503,32,0,1320,0,3,13,5,21,785,506,45,5,1341,0,0,0,1341
05/30/2009,PHL,PA,AEA,EN,Combined TRACON& Tower with Radar,635,452,26,0,1113,0,1,24,0,25,635,453,50,0,1138,0,0,0,1138
05/31/2009,PHL,PA,AEA,EN,Combined TRACON& Tower with Radar,687,526,25,0,1238,0,1,22,0,23,687,527,47,0,1261,0,0,0,1261
06/01/2009,PHL,PA,AEA,EN,Combined TRACON& Tower with Radar,755,544,38,0,1337,0,4,18,7,29,755,548,56,7,1366,0,0,0,1366
06/02/2009,PHL,PA,AEA,EN,Combined TRACON& Tower with Radar,802,554,35,0,1391,0,9,21,0,30,802,563,56,0,1421,0,0,0,1421
06/03/2009,PHL,PA,AEA,EN,Combined TRACON& Tower with Radar,787,511,38,0,1336,0,2,21,0,23,787,513,59,0,1359,0,0,0,1359
06/04/2009,PHL,PA,AEA,EN,Combined TRACON& Tower with Radar,840,576,29,0,1445,0,0,6,0,6,840,576,35,0,1451,0,0,0,1451
06/05/2009,PHL,PA,AEA,EN,Combined TRACON& Tower with Radar,810,521,25,0,1356,0,1,1,0,2,810,522,26,0,1358,0,0,0,1358
06/06/2009,PHL,PA,AEA,EN,Combined TRACON& Tower with Radar,686,506,11,0,1203,0,2,12,0,14,686,508,23,0,1217,0,0,0,1217
06/07/2009,PHL,PA,AEA,EN,Combined TRACON& Tower with Radar,703,529,29,0,1261,0,3,13,3,19,703,532,42,3,1280,0,0,0,1280
06/08/2009,PHL,PA,AEA,EN,Combined TRACON& Tower with Radar,778,550,35,0,1363,0,4,37,9,50,778,554,72,9,1413,0,0,0,1413
06/09/2009,PHL,PA,AEA,EN,Combined TRACON& Tower with Radar,702,397,25,0,1124,0,1,8,0,9,702,398,33,0,1133,0,0,0,1133
06/10/2009,PHL,PA,AEA,EN,Combined TRACON& Tower with Radar,820,559,34,1,1414,0,6,41,1,48,820,565,75,2,1462,0,0,0,1462
06/11/2009,PHL,PA,AEA,EN,Combined TRACON& Tower with Radar,738,455,34,1,1228,0,0,0,0,0,738,455,34,1,1228,0,0,0,1228
06/12/2009,PHL,PA,AEA,EN,Combined TRACON& Tower with Radar,829,566,51,3,1449,0,6,20,7,33,829,572,71,10,1482,0,0,0,1482
06/13/2009,PHL,PA,AEA,EN,Combined TRACON& Tower with Radar,693,518,26,0,1237,0,1,23,0,24,693,519,49,0,1261,0,0,0,1261
06/14/2009,PHL,PA,AEA,EN,Combined TRACON& Tower with Radar,718,550,25,0,1293,0,1,19,0,20,718,551,44,0,1313,0,0,0,1313
06/15/2009,PHL,PA,AEA,EN,Combined TRACON& Tower with Radar,763,528,31,4,1326,0,0,9,10,19,763,528,40,14,1345,0,0,0,1345
06/16/2009,PHL,PA,AEA,EN,Combined TRACON& Tower with Radar,819,552,45,0,1416,0,9,20,2,31,819,561,65,2,1447,0,0,0,1447
06/17/2009,PHL,PA,AEA,EN,Combined TRACON& Tower with Radar,821,561,50,3,1435,0,2,23,3,28,821,563,73,6,1463,0,0,0,1463
06/18/2009,PHL,PA,AEA,EN,Combined TRACON& Tower with Radar,816,472,47,0,1335,0,0,4,0,4,816,472,51,0,1339,0,0,0,1339
06/19/2009,PHL,PA,AEA,EN,Combined TRACON& Tower with Radar,807,574,35,0,1416,0,3,35,2,40,807,577,70,2,1456,0,0,0,1456
06/20/2009,PHL,PA,AEA,EN,Combined TRACON& Tower with Radar,672,453,21,0,1146,0,1,4,0,5,672,454,25,0,1151,0,0,0,1151
06/21/2009,PHL,PA,AEA,EN,Combined TRACON& Tower with Radar,717,563,21,0,1301,0,0,12,3,15,717,563,33,3,1316,0,0,0,1316
06/22/2009,PHL,PA,AEA,EN,Combined TRACON& Tower with Radar,761,550,24,0,1335,0,3,18,7,28,761,553,42,7,1363,0,0,0,1363
06/23/2009,PHL,PA,AEA,EN,Combined TRACON& Tower with Radar,825,567,53,2,1447,0,3,44,5,52,825,570,97,7,1499,0,0,0,1499
06/24/2009,PHL,PA,AEA,EN,Combined TRACON& Tower with Radar,826,567,37,4,1434,0,2,38,3,43,826,569,75,7,1477,0,0,0,1477
06/25/2009,PHL,PA,AEA,EN,Combined TRACON& Tower with Radar,820,573,32,0,1425,0,2,41,6,49,820,575,73,6,1474,0,0,0,1474
06/26/2009,PHL,PA,AEA,EN,Combined TRACON& Tower with Radar,821,530,37,0,1388,0,1,22,3,26,821,531,59,3,1414,0,0,0,1414
06/27/2009,PHL,PA,AEA,EN,Combined TRACON& Tower with Radar,700,525,26,2,1253,0,1,18,4,23,700,526,44,6,1276,0,0,0,1276
06/28/2009,PHL,PA,AEA,EN,Combined TRACON& Tower with Radar,713,547,32,0,1292,0,4,15,12,31,713,551,47,12,1323,0,0,0,1323
06/29/2009,PHL,PA,AEA,EN,Combined TRACON& Tower with Radar,753,557,26,1,1337,0,1,27,7,35,753,558,53,8,1372,0,0,0,1372
06/30/2009,PHL,PA,AEA,EN,Combined TRACON& Tower with Radar,807,495,15,0,1317,0,4,21,4,29,807,499,36,4,1346,0,0,0,1346
07/01/2009,PHL,PA,AEA,EN,Combined TRACON& Tower with Radar,809,523,35,0,1367,0,4,33,8,45,809,527,68,8,1412,0,0,0,1412
07/02/2009,PHL,PA,AEA,EN,Combined TRACON& Tower with Radar,836,582,28,0,1446,0,5,24,3,32,836,587,52,3,1478,0,0,0,1478
07/03/2009,PHL,PA,AEA,EN,Combined TRACON& Tower with Radar,784,511,17,0,1312,0,7,34,13,54,784,518,51,13,1366,0,0,0,1366
07/04/2009,PHL,PA,AEA,EN,Combined TRACON& Tower with Radar,619,499,16,0,1134,0,43,12,2,57,619,542,28,2,1191,0,0,0,1191
07/05/2009,PHL,PA,AEA,EN,Combined TRACON& Tower with Radar,709,529,22,0,1260,0,8,14,4,26,709,537,36,4,1286,0,0,0,1286
07/06/2009,PHL,PA,AEA,EN,Combined TRACON& Tower with Radar,759,561,20,0,1340,0,15,19,7,41,759,576,39,7,1381,0,0,0,1381
07/07/2009,PHL,PA,AEA,EN,Combined TRACON& Tower with Radar,824,561,22,2,1409,0,10,39,3,52,824,571,61,5,1461,0,0,0,1461
07/08/2009,PHL,PA,AEA,EN,Combined TRACON& Tower with Radar,826,560,45,0,1431,0,5,16,9,30,826,565,61,9,1461,0,0,0,1461
07/09/2009,PHL,PA,AEA,EN,Combined TRACON& Tower with Radar,805,548,51,0,1404,0,3,26,5,34,805,551,77,5,1438,0,0,0,1438
07/10/2009,PHL,PA,AEA,EN,Combined TRACON& Tower with Radar,796,570,24,0,1390,0,9,35,1,45,796,579,59,1,1435,0,0,0,1435
07/11/2009,PHL,PA,AEA,EN,Combined TRACON& Tower with Radar,688,515,19,0,1222,0,2,14,7,23,688,517,33,7,1245,0,0,0,1245
07/12/2009,PHL,PA,AEA,EN,Combined TRACON& Tower with Radar,709,530,21,0,1260,0,3,27,2,32,709,533,48,2,1292,0,0,0,1292
07/13/2009,PHL,PA,AEA,EN,Combined TRACON& Tower with Radar,756,561,32,1,1350,0,3,28,2,33,756,564,60,3,1383,0,0,0,1383
07/14/2009,PHL,PA,AEA,EN,Combined TRACON& Tower with Radar,814,566,39,1,1420,0,5,19,3,27,814,571,58,4,1447,0,0,0,1447
07/15/2009,PHL,PA,AEA,EN,Combined TRACON& Tower with Radar,806,578,35,4,1423,0,11,36,8,55,806,589,71,12,1478,0,0,0,1478
07/16/2009,PHL,PA,AEA,EN,Combined TRACON& Tower with Radar,836,576,32,7,1451,0,1,25,8,34,836,577,57,15,1485,0,0,0,1485
07/17/2009,PHL,PA,AEA,EN,Combined TRACON& Tower with Radar,797,564,35,0,1396,0,4,12,2,18,797,568,47,2,1414,0,0,0,1414
07/18/2009,PHL,PA,AEA,EN,Combined TRACON& Tower with Radar,690,518,14,0,1222,0,7,9,3,19,690,525,23,3,1241,0,0,0,1241
07/19/2009,PHL,PA,AEA,EN,Combined TRACON& Tower with Radar,722,523,33,0,1278,0,4,14,5,23,722,527,47,5,1301,0,0,0,1301
07/20/2009,PHL,PA,AEA,EN,Combined TRACON& Tower with Radar,767,553,38,2,1360,0,17,29,5,51,767,570,67,7,1411,0,0,0,1411
07/21/2009,PHL,PA,AEA,EN,Combined TRACON& Tower with Radar,803,530,39,3,1375,0,0,10,3,13,803,530,49,6,1388,0,0,0,1388
07/22/2009,PHL,PA,AEA,EN,Combined TRACON& Tower with Radar,812,570,44,0,1426,0,2,6,6,14,812,572,50,6,1440,0,0,0,1440
07/23/2009,PHL,PA,AEA,EN,Combined TRACON& Tower with Radar,790,511,38,0,1339,0,0,7,3,10,790,511,45,3,1349,0,0,0,1349
07/24/2009,PHL,PA,AEA,EN,Combined TRACON& Tower with Radar,813,586,47,0,1446,0,1,9,6,16,813,587,56,6,1462,0,0,0,1462
07/25/2009,PHL,PA,AEA,EN,Combined TRACON& Tower with Radar,680,531,26,1,1238,0,5,27,0,32,680,536,53,1,1270,0,0,0,1270
07/26/2009,PHL,PA,AEA,EN,Combined TRACON& Tower with Radar,699,485,16,0,1200,0,1,14,0,15,699,486,30,0,1215,0,0,0,1215
07/27/2009,PHL,PA,AEA,EN,Combined TRACON& Tower with Radar,773,587,43,0,1403,0,5,46,10,61,773,592,89,10,1464,0,0,0,1464
07/28/2009,PHL,PA,AEA,EN,Combined TRACON& Tower with Radar,809,561,38,0,1408,0,2,26,6,34,809,563,64,6,1442,0,0,0,1442
07/29/2009,PHL,PA,AEA,EN,Combined TRACON& Tower with Radar,791,458,34,0,1283,0,0,19,4,23,791,458,53,4,1306,0,0,0,1306
07/30/2009,PHL,PA,AEA,EN,Combined TRACON& Tower with Radar,818,590,47,0,1455,0,4,44,6,54,818,594,91,6,1509,0,0,0,1509
07/31/2009,PHL,PA,AEA,EN,Combined TRACON& Tower with Radar,778,490,23,0,1291,0,2,13,2,17,778,492,36,2,1308,0,0,0,1308
08/01/2009,PHL,PA,AEA,EN,Combined TRACON& Tower with Radar,687,535,23,0,1245,0,2,35,2,39,687,537,58,2,1284,0,0,0,1284
08/02/2009,PHL,PA,AEA,EN,Combined TRACON& Tower with Radar,686,394,18,2,1100,0,0,7,1,8,686,394,25,3,1108,0,0,0,1108
08/03/2009,PHL,PA,AEA,EN,Combined TRACON& Tower with Radar,782,536,21,0,1339,0,21,38,7,66,782,557,59,7,1405,0,0,0,1405
08/04/2009,PHL,PA,AEA,EN,Combined TRACON& Tower with Radar,813,539,28,0,1380,0,8,32,6,46,813,547,60,6,1426,0,0,0,1426
08/05/2009,PHL,PA,AEA,EN,Combined TRACON& Tower with Radar,816,544,38,0,1398,0,7,29,5,41,816,551,67,5,1439,0,0,0,1439
08/06/2009,PHL,PA,AEA,EN,Combined TRACON& Tower with Radar,814,558,43,1,1416,0,6,27,2,35,814,564,70,3,1451,0,0,0,1451
08/07/2009,PHL,PA,AEA,EN,Combined TRACON& Tower with Radar,806,560,37,2,1405,0,2,34,10,46,806,562,71,12,1451,0,0,0,1451
08/08/2009,PHL,PA,AEA,EN,Combined TRACON& Tower with Radar,690,512,27,0,1229,0,5,17,7,29,690,517,44,7,1258,0,0,0,1258
08/09/2009,PHL,PA,AEA,EN,Combined TRACON& Tower with Radar,709,492,44,0,1245,0,4,7,10,21,709,496,51,10,1266,0,0,0,1266
08/10/2009,PHL,PA,AEA,EN,Combined TRACON& Tower with Radar,771,534,32,0,1337,0,6,37,12,55,771,540,69,12,1392,0,0,0,1392
08/11/2009,PHL,PA,AEA,EN,Combined TRACON& Tower with Radar,806,551,34,0,1391,0,3,34,6,43,806,554,68,6,1434,0,0,0,1434
08/12/2009,PHL,PA,AEA,EN,Combined TRACON& Tower with Radar,790,486,45,0,1321,0,2,67,0,69,790,488,112,0,1390,0,0,0,1390
08/13/2009,PHL,PA,AEA,EN,Combined TRACON& Tower with Radar,802,571,46,0,1419,0,1,23,0,24,802,572,69,0,1443,0,0,0,1443
08/14/2009,PHL,PA,AEA,EN,Combined TRACON& Tower with Radar,802,574,24,0,1400,0,4,47,3,54,802,578,71,3,1454,0,0,0,1454
08/15/2009,PHL,PA,AEA,EN,Combined TRACON& Tower with Radar,691,520,8,1,1220,0,11,11,7,29,691,531,19,8,1249,0,0,0,1249
08/16/2009,PHL,PA,AEA,EN,Combined TRACON& Tower with Radar,689,521,20,0,1230,0,5,14,1,20,689,526,34,1,1250,0,0,0,1250
08/17/2009,PHL,PA,AEA,EN,Combined TRACON& Tower with Radar,758,528,34,2,1322,0,2,45,5,52,758,530,79,7,1374,0,0,0,1374
08/18/2009,PHL,PA,AEA,EN,Combined TRACON& Tower with Radar,784,541,41,2,1368,0,1,27,0,28,784,542,68,2,1396,0,0,0,1396
08/19/2009,PHL,PA,AEA,EN,Combined TRACON& Tower with Radar,779,565,33,0,1377,0,6,31,1,38,779,571,64,1,1415,0,0,0,1415
08/20/2009,PHL,PA,AEA,EN,Combined TRACON& Tower with Radar,788,562,51,1,1402,0,5,18,2,25,788,567,69,3,1427,0,0,0,1427
08/21/2009,PHL,PA,AEA,EN,Combined TRACON& Tower with Radar,710,453,36,0,1199,1,8,18,2,29,711,461,54,2,1228,0,0,0,1228
08/22/2009,PHL,PA,AEA,EN,Combined TRACON& Tower with Radar,658,487,22,2,1169,0,0,2,0,2,658,487,24,2,1171,0,0,0,1171
08/23/2009,PHL,PA,AEA,EN,Combined TRACON& Tower with Radar,692,532,21,0,1245,0,8,24,2,34,692,540,45,2,1279,0,0,0,1279
08/24/2009,PHL,PA,AEA,EN,Combined TRACON& Tower with Radar,737,546,27,0,1310,0,2,43,4,49,737,548,70,4,1359,0,0,0,1359
08/25/2009,PHL,PA,AEA,EN,Combined TRACON& Tower with Radar,769,557,29,0,1355,0,1,51,6,58,769,558,80,6,1413,0,0,0,1413
08/26/2009,PHL,PA,AEA,EN,Combined TRACON& Tower with Radar,769,577,50,0,1396,0,6,61,8,75,769,583,111,8,1471,0,0,0,1471
08/27/2009,PHL,PA,AEA,EN,Combined TRACON& Tower with Radar,774,565,53,0,1392,0,4,28,3,35,774,569,81,3,1427,0,0,0,1427
08/28/2009,PHL,PA,AEA,EN,Combined TRACON& Tower with Radar,773,467,27,0,1267,0,0,1,0,1,773,467,28,0,1268,0,0,0,1268
08/29/2009,PHL,PA,AEA,EN,Combined TRACON& Tower with Radar,625,495,20,0,1140,0,1,3,0,4,625,496,23,0,1144,0,0,0,1144
08/30/2009,PHL,PA,AEA,EN,Combined TRACON& Tower with Radar,664,534,24,0,1222,0,2,20,0,22,664,536,44,0,1244,0,0,0,1244
08/31/2009,PHL,PA,AEA,EN,Combined TRACON& Tower with Radar,738,548,36,3,1325,0,10,49,3,62,738,558,85,6,1387,0,0,0,1387
09/01/2009,PHL,PA,AEA,EN,Combined TRACON& Tower with Radar,764,541,36,1,1342,0,6,37,12,55,764,547,73,13,1397,0,0,0,1397
09/02/2009,PHL,PA,AEA,EN,Combined TRACON& Tower with Radar,773,545,40,2,1360,0,5,52,2,59,773,550,92,4,1419,0,0,0,1419
09/03/2009,PHL,PA,AEA,EN,Combined TRACON& Tower with Radar,778,561,34,0,1373,0,14,27,14,55,778,575,61,14,1428,0,0,0,1428
09/04/2009,PHL,PA,AEA,EN,Combined TRACON& Tower with Radar,767,557,26,0,1350,0,1,19,13,33,767,558,45,13,1383,0,0,0,1383
09/05/2009,PHL,PA,AEA,EN,Combined TRACON& Tower with Radar,584,432,5,0,1021,0,4,26,1,31,584,436,31,1,1052,0,0,0,1052
09/06/2009,PHL,PA,AEA,EN,Combined TRACON& Tower with Radar,580,423,13,0,1016,0,3,14,3,20,580,426,27,3,1036,0,0,0,1036
09/07/2009,PHL,PA,AEA,EN,Combined TRACON& Tower with Radar,662,516,31,0,1209,0,0,22,15,37,662,516,53,15,1246,0,0,0,1246
09/08/2009,PHL,PA,AEA,EN,Combined TRACON& Tower with Radar,729,549,43,0,1321,0,8,32,1,41,729,557,75,1,1362,0,0,0,1362
09/09/2009,PHL,PA,AEA,EN,Combined TRACON& Tower with Radar,736,542,54,0,1332,0,2,28,1,31,736,544,82,1,1363,0,0,0,1363
09/10/2009,PHL,PA,AEA,EN,Combined TRACON& Tower with Radar,755,546,49,0,1350,0,3,16,3,22,755,549,65,3,1372,0,0,0,1372
09/11/2009,PHL,PA,AEA,EN,Combined TRACON& Tower with Radar,663,356,43,1,1063,0,0,0,0,0,663,356,43,1,1063,0,0,0,1063
09/12/2009,PHL,PA,AEA,EN,Combined TRACON& Tower with Radar,619,419,11,2,1051,0,0,5,4,9,619,419,16,6,1060,0,0,0,1060
09/13/2009,PHL,PA,AEA,EN,Combined TRACON& Tower with Radar,657,536,27,3,1223,0,3,16,6,25,657,539,43,9,1248,0,0,0,1248
09/14/2009,PHL,PA,AEA,EN,Combined TRACON& Tower with Radar,713,564,46,1,1324,0,5,27,14,46,713,569,73,15,1370,0,0,0,1370
09/15/2009,PHL,PA,AEA,EN,Combined TRACON& Tower with Radar,726,561,31,1,1319,0,8,45,1,54,726,569,76,2,1373,0,0,0,1373
09/16/2009,PHL,PA,AEA,EN,Combined TRACON& Tower with Radar,751,539,33,4,1327,0,6,8,0,14,751,545,41,4,1341,0,0,0,1341
09/17/2009,PHL,PA,AEA,EN,Combined TRACON& Tower with Radar,764,561,42,2,1369,0,7,25,0,32,764,568,67,2,1401,0,0,0,1401
09/18/2009,PHL,PA,AEA,EN,Combined TRACON& Tower with Radar,769,561,38,0,1368,0,7,19,7,33,769,568,57,7,1401,0,0,0,1401
09/19/2009,PHL,PA,AEA,EN,Combined TRACON& Tower with Radar,593,434,20,0,1047,0,6,32,2,40,593,440,52,2,1087,0,0,0,1087
09/20/2009,PHL,PA,AEA,EN,Combined TRACON& Tower with Radar,662,535,43,1,1241,0,4,32,15,51,662,539,75,16,1292,0,0,0,1292
09/21/2009,PHL,PA,AEA,EN,Combined TRACON& Tower with Radar,707,541,32,0,1280,0,3,33,11,47,707,544,65,11,1327,0,0,0,1327
09/22/2009,PHL,PA,AEA,EN,Combined TRACON& Tower with Radar,728,549,48,0,1325,0,8,21,3,32,728,557,69,3,1357,0,0,0,1357
09/23/2009,PHL,PA,AEA,EN,Combined TRACON& Tower with Radar,734,567,58,0,1359,0,3,14,4,21,734,570,72,4,1380,0,0,0,1380
09/24/2009,PHL,PA,AEA,EN,Combined TRACON& Tower with Radar,765,583,59,0,1407,0,2,18,9,29,765,585,77,9,1436,0,0,0,1436
09/25/2009,PHL,PA,AEA,EN,Combined TRACON& Tower with Radar,759,569,68,0,1396,0,5,46,6,57,759,574,114,6,1453,0,0,0,1453
09/26/2009,PHL,PA,AEA,EN,Combined TRACON& Tower with Radar,588,423,9,0,1020,0,2,15,1,18,588,425,24,1,1038,0,0,0,1038
09/27/2009,PHL,PA,AEA,EN,Combined TRACON& Tower with Radar,655,537,32,0,1224,0,2,15,3,20,655,539,47,3,1244,0,0,0,1244
09/28/2009,PHL,PA,AEA,EN,Combined TRACON& Tower with Radar,699,528,40,1,1268,0,10,38,4,52,699,538,78,5,1320,0,0,0,1320
09/29/2009,PHL,PA,AEA,EN,Combined TRACON& Tower with Radar,727,576,54,0,1357,0,4,30,5,39,727,580,84,5,1396,0,0,0,1396
09/30/2009,PHL,PA,AEA,EN,Combined TRACON& Tower with Radar,741,570,36,0,1347,0,1,20,1,22,741,571,56,1,1369,0,0,0,1369
10/01/2009,PHL,PA,AEA,EN,Combined TRACON& Tower with Radar,754,574,53,2,1383,0,9,33,14,56,754,583,86,16,1439,0,0,0,1439
10/02/2009,PHL,PA,AEA,EN,Combined TRACON& Tower with Radar,738,572,26,2,1338,0,6,28,6,40,738,578,54,8,1378,0,0,0,1378
10/03/2009,PHL,PA,AEA,EN,Combined TRACON& Tower with Radar,578,436,20,1,1035,0,1,17,1,19,578,437,37,2,1054,0,0,0,1054
10/04/2009,PHL,PA,AEA,EN,Combined TRACON& Tower with Radar,644,532,29,2,1207,0,11,16,6,33,644,543,45,8,1240,0,0,0,1240
10/05/2009,PHL,PA,AEA,EN,Combined TRACON& Tower with Radar,696,574,31,0,1301,0,9,51,5,65,696,583,82,5,1366,0,0,0,1366
10/06/2009,PHL,PA,AEA,EN,Combined TRACON& Tower with Radar,723,542,51,0,1316,0,11,39,8,58,723,553,90,8,1374,0,0,0,1374
10/07/2009,PHL,PA,AEA,EN,Combined TRACON& Tower with Radar,717,547,34,2,1300,0,0,19,0,19,717,547,53,2,1319,0,0,0,1319
10/08/2009,PHL,PA,AEA,EN,Combined TRACON& Tower with Radar,751,571,62,0,1384,0,2,38,4,44,751,573,100,4,1428,0,0,0,1428
10/09/2009,PHL,PA,AEA,EN,Combined TRACON& Tower with Radar,734,561,56,3,1354,0,9,46,5,60,734,570,102,8,1414,0,0,0,1414
10/10/2009,PHL,PA,AEA,EN,Combined TRACON& Tower with Radar,592,415,24,4,1035,0,0,31,0,31,592,415,55,4,1066,0,0,0,1066
10/11/2009,PHL,PA,AEA,EN,Combined TRACON& Tower with Radar,648,506,30,0,1184,0,16,24,4,44,648,522,54,4,1228,0,0,0,1228
10/12/2009,PHL,PA,AEA,EN,Combined TRACON& Tower with Radar,689,561,25,0,1275,0,12,46,11,69,689,573,71,11,1344,0,0,0,1344
10/13/2009,PHL,PA,AEA,EN,Combined TRACON& Tower with Radar,724,554,56,0,1334,0,9,22,3,34,724,563,78,3,1368,0,0,0,1368
10/14/2009,PHL,PA,AEA,EN,Combined TRACON& Tower with Radar,732,556,57,0,1345,0,12,33,9,54,732,568,90,9,1399,0,0,0,1399
10/15/2009,PHL,PA,AEA,EN,Combined TRACON& Tower with Radar,726,517,41,0,1284,0,0,4,0,4,726,517,45,0,1288,0,0,0,1288
10/16/2009,PHL,PA,AEA,EN,Combined TRACON& Tower with Radar,758,535,36,0,1329,0,0,0,2,2,758,535,36,2,1331,0,0,0,1331
10/17/2009,PHL,PA,AEA,EN,Combined TRACON& Tower with Radar,584,426,21,0,1031,0,0,4,2,6,584,426,25,2,1037,0,0,0,1037
10/18/2009,PHL,PA,AEA,EN,Combined TRACON& Tower with Radar,639,513,28,0,1180,0,14,14,5,33,639,527,42,5,1213,0,0,0,1213
10/19/2009,PHL,PA,AEA,EN,Combined TRACON& Tower with Radar,702,536,33,0,1271,0,14,43,7,64,702,550,76,7,1335,0,0,0,1335
10/20/2009,PHL,PA,AEA,EN,Combined TRACON& Tower with Radar,725,542,45,1,1313,0,3,51,0,54,725,545,96,1,1367,0,0,0,1367
10/21/2009,PHL,PA,AEA,EN,Combined TRACON& Tower with Radar,738,560,46,2,1346,0,35,77,4,116,738,595,123,6,1462,0,0,0,1462
10/22/2009,PHL,PA,AEA,EN,Combined TRACON& Tower with Radar,753,570,44,0,1367,0,18,51,4,73,753,588,95,4,1440,0,0,0,1440
10/23/2009,PHL,PA,AEA,EN,Combined TRACON& Tower with Radar,745,555,45,1,1346,0,0,16,3,19,745,555,61,4,1365,0,0,0,1365
10/24/2009,PHL,PA,AEA,EN,Combined TRACON& Tower with Radar,585,402,22,0,1009,0,4,7,0,11,585,406,29,0,1020,0,0,0,1020
10/25/2009,PHL,PA,AEA,EN,Combined TRACON& Tower with Radar,647,508,36,0,1191,0,6,10,1,17,647,514,46,1,1208,0,0,0,1208
10/26/2009,PHL,PA,AEA,EN,Combined TRACON& Tower with Radar,692,545,26,0,1263,0,11,33,3,47,692,556,59,3,1310,0,0,0,1310
10/27/2009,PHL,PA,AEA,EN,Combined TRACON& Tower with Radar,687,457,38,2,1184,0,1,1,2,4,687,458,39,4,1188,0,0,0,1188
10/28/2009,PHL,PA,AEA,EN,Combined TRACON& Tower with Radar,686,473,37,0,1196,0,0,5,0,5,686,473,42,0,1201,0,0,0,1201
10/29/2009,PHL,PA,AEA,EN,Combined TRACON& Tower with Radar,741,544,52,3,1340,0,5,57,3,65,741,549,109,6,1405,0,0,0,1405
10/30/2009,PHL,PA,AEA,EN,Combined TRACON& Tower with Radar,738,560,37,0,1335,0,7,63,6,76,738,567,100,6,1411,0,0,0,1411
10/31/2009,PHL,PA,AEA,EN,Combined TRACON& Tower with Radar,565,386,17,1,969,0,19,6,10,35,565,405,23,11,1004,0,0,0,1004
11/01/2009,PHL,PA,AEA,EN,Combined TRACON& Tower with Radar,652,513,63,4,1232,0,34,50,1,85,652,547,113,5,1317,0,0,0,1317
11/02/2009,PHL,PA,AEA,EN,Combined TRACON& Tower with Radar,685,547,55,0,1287,0,15,56,9,80,685,562,111,9,1367,0,0,0,1367
11/03/2009,PHL,PA,AEA,EN,Combined TRACON& Tower with Radar,725,524,63,0,1312,0,4,38,4,46,725,528,101,4,1358,0,0,0,1358
11/04/2009,PHL,PA,AEA,EN,Combined TRACON& Tower with Radar,726,519,49,2,1296,0,2,41,2,45,726,521,90,4,1341,0,0,0,1341
11/05/2009,PHL,PA,AEA,EN,Combined TRACON& Tower with Radar,748,543,65,0,1356,0,9,34,4,47,748,552,99,4,1403,0,0,0,1403
11/06/2009,PHL,PA,AEA,EN,Combined TRACON& Tower with Radar,724,539,45,0,1308,0,4,36,7,47,724,543,81,7,1355,0,0,0,1355
11/07/2009,PHL,PA,AEA,EN,Combined TRACON& Tower with Radar,594,411,27,0,1032,0,1,35,2,38,594,412,62,2,1070,0,0,0,1070
11/08/2009,PHL,PA,AEA,EN,Combined TRACON& Tower with Radar,658,504,31,0,1193,0,2,42,2,46,658,506,73,2,1239,0,0,0,1239
11/09/2009,PHL,PA,AEA,EN,Combined TRACON& Tower with Radar,683,522,31,4,1240,0,7,35,2,44,683,529,66,6,1284,0,0,0,1284
11/10/2009,PHL,PA,AEA,EN,Combined TRACON& Tower with Radar,726,521,44,0,1291,0,7,40,6,53,726,528,84,6,1344,0,0,0,1344
11/11/2009,PHL,PA,AEA,EN,Combined TRACON& Tower with Radar,725,506,35,0,1266,0,3,32,15,50,725,509,67,15,1316,0,0,0,1316
11/12/2009,PHL,PA,AEA,EN,Combined TRACON& Tower with Radar,746,532,35,0,1313,0,12,10,2,24,746,544,45,2,1337,0,0,0,1337
11/13/2009,PHL,PA,AEA,EN,Combined TRACON& Tower with Radar,679,374,22,0,1075,0,0,9,0,9,679,374,31,0,1084,0,0,0,1084
11/14/2009,PHL,PA,AEA,EN,Combined TRACON& Tower with Radar,602,419,10,0,1031,0,2,1,0,3,602,421,11,0,1034,0,0,0,1034
11/15/2009,PHL,PA,AEA,EN,Combined TRACON& Tower with Radar,646,501,97,0,1244,0,4,34,2,40,646,505,131,2,1284,0,0,0,1284
11/16/2009,PHL,PA,AEA,EN,Combined TRACON& Tower with Radar,694,516,31,0,1241,0,8,28,3,39,694,524,59,3,1280,0,0,0,1280
11/17/2009,PHL,PA,AEA,EN,Combined TRACON& Tower with Radar,723,518,38,0,1279,0,3,17,2,22,723,521,55,2,1301,0,0,0,1301
11/18/2009,PHL,PA,AEA,EN,Combined TRACON& Tower with Radar,722,522,45,0,1289,0,9,49,4,62,722,531,94,4,1351,0,0,0,1351
11/19/2009,PHL,PA,AEA,EN,Combined TRACON& Tower with Radar,711,448,41,0,1200,0,0,1,0,1,711,448,42,0,1201,0,0,0,1201
11/20/2009,PHL,PA,AEA,EN,Combined TRACON& Tower with Radar,745,547,26,0,1318,0,4,42,6,52,745,551,68,6,1370,0,0,0,1370
11/21/2009,PHL,PA,AEA,EN,Combined TRACON& Tower with Radar,589,409,27,0,1025,0,12,18,3,33,589,421,45,3,1058,0,0,0,1058
11/22/2009,PHL,PA,AEA,EN,Combined TRACON& Tower with Radar,649,496,23,0,1168,0,12,21,2,35,649,508,44,2,1203,0,0,0,1203
11/23/2009,PHL,PA,AEA,EN,Combined TRACON& Tower with Radar,675,521,38,1,1235,0,2,19,2,23,675,523,57,3,1258,0,0,0,1258
11/24/2009,PHL,PA,AEA,EN,Combined TRACON& Tower with Radar,753,542,32,0,1327,0,0,9,4,13,753,542,41,4,1340,0,0,0,1340
11/25/2009,PHL,PA,AEA,EN,Combined TRACON& Tower with Radar,730,460,35,0,1225,0,0,0,0,0,730,460,35,0,1225,0,0,0,1225
11/26/2009,PHL,PA,AEA,EN,Combined TRACON& Tower with Radar,393,253,7,0,653,0,0,9,0,9,393,253,16,0,662,0,0,0,662
11/27/2009,PHL,PA,AEA,EN,Combined TRACON& Tower with Radar,616,498,11,0,1125,0,5,22,0,27,616,503,33,0,1152,0,0,0,1152
11/28/2009,PHL,PA,AEA,EN,Combined TRACON& Tower with Radar,634,413,21,0,1068,0,8,9,0,17,634,421,30,0,1085,0,0,0,1085
11/29/2009,PHL,PA,AEA,EN,Combined TRACON& Tower with Radar,703,558,65,0,1326,0,0,47,2,49,703,558,112,2,1375,0,0,0,1375
11/30/2009,PHL,PA,AEA,EN,Combined TRACON& Tower with Radar,714,542,47,2,1305,0,5,25,7,37,714,547,72,9,1342,0,0,0,1342
12/01/2009,PHL,PA,AEA,EN,Combined TRACON& Tower with Radar,755,536,27,2,1320,0,8,31,11,50,755,544,58,13,1370,0,0,0,1370
12/02/2009,PHL,PA,AEA,EN,Combined TRACON& Tower with Radar,740,515,53,0,1308,0,2,12,3,17,740,517,65,3,1325,0,0,0,1325
12/03/2009,PHL,PA,AEA,EN,Combined TRACON& Tower with Radar,755,565,34,2,1356,0,6,26,10,42,755,571,60,12,1398,0,0,0,1398
12/04/2009,PHL,PA,AEA,EN,Combined TRACON& Tower with Radar,738,554,45,0,1337,0,16,26,9,51,738,570,71,9,1388,0,0,0,1388
12/05/2009,PHL,PA,AEA,EN,Combined TRACON& Tower with Radar,562,402,18,0,982,0,0,11,0,11,562,402,29,0,993,0,0,0,993
12/06/2009,PHL,PA,AEA,EN,Combined TRACON& Tower with Radar,650,488,17,0,1155,0,0,28,0,28,650,488,45,0,1183,0,0,0,1183
12/07/2009,PHL,PA,AEA,EN,Combined TRACON& Tower with Radar,678,530,30,1,1239,0,3,29,14,46,678,533,59,15,1285,0,0,0,1285
12/08/2009,PHL,PA,AEA,EN,Combined TRACON& Tower with Radar,684,532,49,1,1266,0,5,35,1,41,684,537,84,2,1307,0,0,0,1307
12/09/2009,PHL,PA,AEA,EN,Combined TRACON& Tower with Radar,710,450,38,0,1198,0,7,20,0,27,710,457,58,0,1225,0,0,0,1225
12/10/2009,PHL,PA,AEA,EN,Combined TRACON& Tower with Radar,741,539,46,5,1331,0,4,20,5,29,741,543,66,10,1360,0,0,0,1360
12/11/2009,PHL,PA,AEA,EN,Combined TRACON& Tower with Radar,738,517,41,6,1302,0,5,21,10,36,738,522,62,16,1338,0,0,0,1338
12/12/2009,PHL,PA,AEA,EN,Combined TRACON& Tower with Radar,561,412,25,5,1003,0,5,35,20,60,561,417,60,25,1063,0,0,0,1063
12/13/2009,PHL,PA,AEA,EN,Combined TRACON& Tower with Radar,620,404,12,7,1043,0,0,6,0,6,620,404,18,7,1049,0,0,0,1049
12/14/2009,PHL,PA,AEA,EN,Combined TRACON& Tower with Radar,679,498,52,0,1229,0,7,34,10,51,679,505,86,10,1280,0,0,0,1280
12/15/2009,PHL,PA,AEA,EN,Combined TRACON& Tower with Radar,742,510,34,0,1286,0,3,26,5,34,742,513,60,5,1320,0,0,0,1320
12/16/2009,PHL,PA,AEA,EN,Combined TRACON& Tower with Radar,766,522,41,0,1329,0,2,30,3,35,766,524,71,3,1364,0,0,0,1364
12/17/2009,PHL,PA,AEA,EN,Combined TRACON& Tower with Radar,787,523,57,0,1367,0,9,51,4,64,787,532,108,4,1431,0,0,0,1431
12/18/2009,PHL,PA,AEA,EN,Combined TRACON& Tower with Radar,738,541,51,0,1330,0,8,41,15,64,738,549,92,15,1394,0,0,0,1394
12/19/2009,PHL,PA,AEA,EN,Combined TRACON& Tower with Radar,139,64,1,0,204,0,0,0,0,0,139,64,1,0,204,0,0,0,204
12/20/2009,PHL,PA,AEA,EN,Combined TRACON& Tower with Radar,322,111,15,0,448,0,3,23,9,35,322,114,38,9,483,0,0,0,483
12/21/2009,PHL,PA,AEA,EN,Combined TRACON& Tower with Radar,706,475,30,0,1211,0,8,51,11,70,706,483,81,11,1281,0,0,0,1281
12/22/2009,PHL,PA,AEA,EN,Combined TRACON& Tower with Radar,832,545,28,0,1405,0,5,19,0,24,832,550,47,0,1429,0,0,0,1429
12/23/2009,PHL,PA,AEA,EN,Combined TRACON& Tower with Radar,832,525,18,0,1375,0,4,7,3,14,832,529,25,3,1389,0,0,0,1389
12/24/2009,PHL,PA,AEA,EN,Combined TRACON& Tower with Radar,649,422,9,0,1080,0,8,16,6,30,649,430,25,6,1110,0,0,0,1110
12/25/2009,PHL,PA,AEA,EN,Combined TRACON& Tower with Radar,539,393,9,0,941,0,0,0,0,0,539,393,9,0,941,0,0,0,941
12/26/2009,PHL,PA,AEA,EN,Combined TRACON& Tower with Radar,592,420,27,2,1041,0,0,0,0,0,592,420,27,2,1041,0,0,0,1041
12/27/2009,PHL,PA,AEA,EN,Combined TRACON& Tower with Radar,642,542,23,0,1207,0,2,17,2,21,642,544,40,2,1228,0,0,0,1228
12/28/2009,PHL,PA,AEA,EN,Combined TRACON& Tower with Radar,709,528,27,0,1264,0,7,10,4,21,709,535,37,4,1285,0,0,0,1285
12/29/2009,PHL,PA,AEA,EN,Combined TRACON& Tower with Radar,748,546,10,0,1304,0,2,6,3,11,748,548,16,3,1315,0,0,0,1315
12/30/2009,PHL,PA,AEA,EN,Combined TRACON& Tower with Radar,745,529,13,0,1287,0,7,32,3,42,745,536,45,3,1329,0,0,0,1329
12/31/2009,PHL,PA,AEA,EN,Combined TRACON& Tower with Radar,653,395,8,0,1056,0,0,4,0,4,653,395,12,0,1060,0,0,0,1060
01/01/2010,PHL,PA,AEA,EN,Combined TRACON& Tower with Radar,601,526,16,0,1143,0,0,11,0,11,601,526,27,0,1154,0,0,0,1154
01/02/2010,PHL,PA,AEA,EN,Combined TRACON& Tower with Radar,595,429,26,1,1051,0,0,7,0,7,595,429,33,1,1058,0,0,0,1058
01/03/2010,PHL,PA,AEA,EN,Combined TRACON& Tower with Radar,645,505,32,0,1182,0,2,1,0,3,645,507,33,0,1185,0,0,0,1185
01/04/2010,PHL,PA,AEA,EN,Combined TRACON& Tower with Radar,707,530,19,1,1257,0,1,13,7,21,707,531,32,8,1278,0,0,0,1278
01/05/2010,PHL,PA,AEA,EN,Combined TRACON& Tower with Radar,719,492,20,0,1231,0,5,31,3,39,719,497,51,3,1270,0,0,0,1270
01/06/2010,PHL,PA,AEA,EN,Combined TRACON& Tower with Radar,714,513,21,2,1250,0,3,27,7,37,714,516,48,9,1287,0,0,0,1287
01/07/2010,PHL,PA,AEA,EN,Combined TRACON& Tower with Radar,732,504,42,1,1279,0,6,34,3,43,732,510,76,4,1322,0,0,0,1322
01/08/2010,PHL,PA,AEA,EN,Combined TRACON& Tower with Radar,725,514,14,0,1253,0,7,10,1,18,725,521,24,1,1271,0,0,0,1271
01/09/2010,PHL,PA,AEA,EN,Combined TRACON& Tower with Radar,569,402,7,0,978,0,0,11,0,11,569,402,18,0,989,0,0,0,989
01/10/2010,PHL,PA,AEA,EN,Combined TRACON& Tower with Radar,641,459,19,0,1119,0,7,15,2,24,641,466,34,2,1143,0,0,0,1143
01/11/2010,PHL,PA,AEA,EN,Combined TRACON& Tower with Radar,695,504,26,0,1225,0,0,48,12,60,695,504,74,12,1285,0,0,0,1285
01/12/2010,PHL,PA,AEA,EN,Combined TRACON& Tower with Radar,710,510,48,0,1268,0,3,31,4,38,710,513,79,4,1306,0,0,0,1306
01/13/2010,PHL,PA,AEA,EN,Combined TRACON& Tower with Radar,725,499,34,1,1259,0,2,17,5,24,725,501,51,6,1283,0,0,0,1283
01/14/2010,PHL,PA,AEA,EN,Combined TRACON& Tower with Radar,738,533,23,1,1295,0,7,32,5,44,738,540,55,6,1339,0,0,0,1339
01/15/2010,PHL,PA,AEA,EN,Combined TRACON& Tower with Radar,736,529,27,0,1292,0,4,48,2,54,736,533,75,2,1346,0,0,0,1346
01/16/2010,PHL,PA,AEA,EN,Combined TRACON& Tower with Radar,541,393,10,0,944,0,2,26,6,34,541,395,36,6,978,0,0,0,978
01/17/2010,PHL,PA,AEA,EN,Combined TRACON& Tower with Radar,602,367,10,0,979,0,0,2,0,2,602,367,12,0,981,0,0,0,981
01/18/2010,PHL,PA,AEA,EN,Combined TRACON& Tower with Radar,698,504,33,0,1235,0,2,23,1,26,698,506,56,1,1261,0,0,0,1261
01/19/2010,PHL,PA,AEA,EN,Combined TRACON& Tower with Radar,702,483,32,2,1219,0,6,44,4,54,702,489,76,6,1273,0,0,0,1273
01/20/2010,PHL,PA,AEA,EN,Combined TRACON& Tower with Radar,724,507,37,0,1268,0,8,27,1,36,724,515,64,1,1304,0,0,0,1304
01/21/2010,PHL,PA,AEA,EN,Combined TRACON& Tower with Radar,718,518,42,0,1278,0,7,51,15,73,718,525,93,15,1351,0,0,0,1351
01/22/2010,PHL,PA,AEA,EN,Combined TRACON& Tower with Radar,737,528,48,0,1313,0,4,20,2,26,737,532,68,2,1339,0,0,0,1339
01/23/2010,PHL,PA,AEA,EN,Combined TRACON& Tower with Radar,547,390,6,0,943,0,3,22,3,28,547,393,28,3,971,0,0,0,971
01/24/2010,PHL,PA,AEA,EN,Combined TRACON& Tower with Radar,614,455,24,0,1093,0,2,7,1,10,614,457,31,1,1103,0,0,0,1103
01/25/2010,PHL,PA,AEA,EN,Combined TRACON& Tower with Radar,580,353,23,0,956,0,2,3,2,7,580,355,26,2,963,0,0,0,963
01/26/2010,PHL,PA,AEA,EN,Combined TRACON& Tower with Radar,703,501,38,1,1243,0,7,28,5,40,703,508,66,6,1283,0,0,0,1283
01/27/2010,PHL,PA,AEA,EN,Combined TRACON& Tower with Radar,716,495,37,0,1248,0,11,50,2,63,716,506,87,2,1311,0,0,0,1311
01/28/2010,PHL,PA,AEA,EN,Combined TRACON& Tower with Radar,746,536,58,0,1340,0,4,15,1,20,746,540,73,1,1360,0,0,0,1360
01/29/2010,PHL,PA,AEA,EN,Combined TRACON& Tower with Radar,731,519,30,0,1280,0,7,19,9,35,731,526,49,9,1315,0,0,0,1315
01/30/2010,PHL,PA,AEA,EN,Combined TRACON& Tower with Radar,530,317,22,0,869,0,0,6,2,8,530,317,28,2,877,0,0,0,877
01/31/2010,PHL,PA,AEA,EN,Combined TRACON& Tower with Radar,627,446,16,0,1089,0,0,17,0,17,627,446,33,0,1106,0,0,0,1106
02/01/2010,PHL,PA,AEA,EN,Combined TRACON& Tower with Radar,696,509,21,1,1227,0,11,33,0,44,696,520,54,1,1271,0,0,0,1271
02/02/2010,PHL,PA,AEA,EN,Combined TRACON& Tower with Radar,697,491,19,0,1207,0,0,21,4,25,697,491,40,4,1232,0,0,0,1232
02/03/2010,PHL,PA,AEA,EN,Combined TRACON& Tower with Radar,718,498,33,1,1250,0,1,13,0,14,718,499,46,1,1264,0,0,0,1264
02/04/2010,PHL,PA,AEA,EN,Combined TRACON& Tower with Radar,743,529,26,1,1299,0,7,29,3,39,743,536,55,4,1338,0,0,0,1338
02/05/2010,PHL,PA,AEA,EN,Combined TRACON& Tower with Radar,512,330,25,0,867,0,12,32,3,47,512,342,57,3,914,0,0,0,914
02/06/2010,PHL,PA,AEA,EN,Combined TRACON& Tower with Radar,3,1,0,0,4,0,1,4,0,5,3,2,4,0,9,0,0,0,9
02/07/2010,PHL,PA,AEA,EN,Combined TRACON& Tower with Radar,399,301,11,0,711,0,4,20,0,24,399,305,31,0,735,0,0,0,735
02/08/2010,PHL,PA,AEA,EN,Combined TRACON& Tower with Radar,646,500,23,0,1169,0,10,21,13,44,646,510,44,13,1213,0,0,0,1213
02/09/2010,PHL,PA,AEA,EN,Combined TRACON& Tower with Radar,554,377,56,0,987,0,3,17,1,21,554,380,73,1,1008,0,0,0,1008
02/10/2010,PHL,PA,AEA,EN,Combined TRACON& Tower with Radar,17,5,0,0,22,0,0,0,0,0,17,5,0,0,22,0,0,0,22
02/11/2010,PHL,PA,AEA,EN,Combined TRACON& Tower with Radar,418,241,22,0,681,0,2,20,0,22,418,243,42,0,703,0,0,0,703
02/12/2010,PHL,PA,AEA,EN,Combined TRACON& Tower with Radar,726,520,31,2,1279,0,2,35,5,42,726,522,66,7,1321,0,0,0,1321
02/13/2010,PHL,PA,AEA,EN,Combined TRACON& Tower with Radar,575,402,11,0,988,0,6,17,0,23,575,408,28,0,1011,0,0,0,1011
02/14/2010,PHL,PA,AEA,EN,Combined TRACON& Tower with Radar,638,475,23,0,1136,0,0,18,0,18,638,475,41,0,1154,0,0,0,1154
02/15/2010,PHL,PA,AEA,EN,Combined TRACON& Tower with Radar,703,469,33,1,1206,0,3,12,0,15,703,472,45,1,1221,0,0,0,1221
02/16/2010,PHL,PA,AEA,EN,Combined TRACON& Tower with Radar,734,467,26,0,1227,0,2,4,0,6,734,469,30,0,1233,0,0,0,1233
02/17/2010,PHL,PA,AEA,EN,Combined TRACON& Tower with Radar,718,502,37,1,1258,0,0,26,12,38,718,502,63,13,1296,0,0,0,1296
02/18/2010,PHL,PA,AEA,EN,Combined TRACON& Tower with Radar,755,527,34,1,1317,0,4,25,2,31,755,531,59,3,1348,0,0,0,1348
02/19/2010,PHL,PA,AEA,EN,Combined TRACON& Tower with Radar,742,527,28,2,1299,0,2,40,10,52,742,529,68,12,1351,0,0,0,1351
02/20/2010,PHL,PA,AEA,EN,Combined TRACON& Tower with Radar,585,390,12,0,987,0,4,28,2,34,585,394,40,2,1021,0,0,0,1021
02/21/2010,PHL,PA,AEA,EN,Combined TRACON& Tower with Radar,650,463,25,0,1138,0,1,10,0,11,650,464,35,0,1149,0,0,0,1149
02/22/2010,PHL,PA,AEA,EN,Combined TRACON& Tower with Radar,695,503,33,0,1231,0,8,13,2,23,695,511,46,2,1254,0,0,0,1254
02/23/2010,PHL,PA,AEA,EN,Combined TRACON& Tower with Radar,674,431,45,0,1150,0,0,0,0,0,674,431,45,0,1150,0,0,0,1150
02/24/2010,PHL,PA,AEA,EN,Combined TRACON& Tower with Radar,738,493,30,0,1261,0,2,21,4,27,738,495,51,4,1288,0,0,0,1288
02/25/2010,PHL,PA,AEA,EN,Combined TRACON& Tower with Radar,524,332,22,1,879,0,0,0,0,0,524,332,22,1,879,0,0,0,879
02/26/2010,PHL,PA,AEA,EN,Combined TRACON& Tower with Radar,547,331,19,0,897,0,0,8,0,8,547,331,27,0,905,0,0,0,905
02/27/2010,PHL,PA,AEA,EN,Combined TRACON& Tower with Radar,577,396,14,0,987,0,2,9,1,12,577,398,23,1,999,0,0,0,999
02/28/2010,PHL,PA,AEA,EN,Combined TRACON& Tower with Radar,648,477,33,0,1158,0,0,12,2,14,648,477,45,2,1172,0,0,0,1172
03/01/2010,PHL,PA,AEA,EN,Combined TRACON& Tower with Radar,726,512,31,0,1269,0,1,23,5,29,726,513,54,5,1298,0,0,0,1298
03/02/2010,PHL,PA,AEA,EN,Combined TRACON& Tower with Radar,729,491,37,0,1257,0,3,20,8,31,729,494,57,8,1288,0,0,0,1288
03/03/2010,PHL,PA,AEA,EN,Combined TRACON& Tower with Radar,737,492,44,1,1274,0,2,11,18,31,737,494,55,19,1305,0,0,0,1305
03/04/2010,PHL,PA,AEA,EN,Combined TRACON& Tower with Radar,782,536,45,1,1364,0,3,30,1,34,782,539,75,2,1398,0,0,0,1398
03/05/2010,PHL,PA,AEA,EN,Combined TRACON& Tower with Radar,753,549,32,1,1335,0,4,37,2,43,753,553,69,3,1378,0,0,0,1378
03/06/2010,PHL,PA,AEA,EN,Combined TRACON& Tower with Radar,602,401,19,0,1022,0,0,18,3,21,602,401,37,3,1043,0,0,0,1043
03/07/2010,PHL,PA,AEA,EN,Combined TRACON& Tower with Radar,649,486,21,0,1156,0,2,9,5,16,649,488,30,5,1172,0,0,0,1172
03/08/2010,PHL,PA,AEA,EN,Combined TRACON& Tower with Radar,715,520,33,0,1268,0,5,27,14,46,715,525,60,14,1314,0,0,0,1314
03/09/2010,PHL,PA,AEA,EN,Combined TRACON& Tower with Radar,748,487,43,0,1278,0,3,41,6,50,748,490,84,6,1328,0,0,0,1328
03/10/2010,PHL,PA,AEA,EN,Combined TRACON& Tower with Radar,736,495,45,1,1277,0,3,20,8,31,736,498,65,9,1308,0,0,0,1308
03/11/2010,PHL,PA,AEA,EN,Combined TRACON& Tower with Radar,746,525,33,0,1304,0,0,12,2,14,746,525,45,2,1318,0,0,0,1318
03/12/2010,PHL,PA,AEA,EN,Combined TRACON& Tower with Radar,714,414,23,0,1151,0,0,0,0,0,714,414,23,0,1151,0,0,0,1151
03/13/2010,PHL,PA,AEA,EN,Combined TRACON& Tower with Radar,599,328,17,0,944,0,0,0,0,0,599,328,17,0,944,0,0,0,944
03/14/2010,PHL,PA,AEA,EN,Combined TRACON& Tower with Radar,667,456,29,0,1152,0,0,0,0,0,667,456,29,0,1152,0,0,0,1152
03/15/2010,PHL,PA,AEA,EN,Combined TRACON& Tower with Radar,701,495,21,0,1217,0,1,6,9,16,701,496,27,9,1233,0,0,0,1233
03/16/2010,PHL,PA,AEA,EN,Combined TRACON& Tower with Radar,757,528,40,2,1327,0,9,44,2,55,757,537,84,4,1382,0,0,0,1382
03/17/2010,PHL,PA,AEA,EN,Combined TRACON& Tower with Radar,748,494,46,1,1289,0,5,25,2,32,748,499,71,3,1321,0,0,0,1321
03/18/2010,PHL,PA,AEA,EN,Combined TRACON& Tower with Radar,756,525,35,0,1316,0,5,39,9,53,756,530,74,9,1369,0,0,0,1369
03/19/2010,PHL,PA,AEA,EN,Combined TRACON& Tower with Radar,749,529,32,0,1310,0,6,30,7,43,749,535,62,7,1353,0,0,0,1353
03/20/2010,PHL,PA,AEA,EN,Combined TRACON& Tower with Radar,598,409,12,0,1019,0,1,32,4,37,598,410,44,4,1056,0,0,0,1056
03/21/2010,PHL,PA,AEA,EN,Combined TRACON& Tower with Radar,662,485,15,0,1162,0,2,24,0,26,662,487,39,0,1188,0,0,0,1188
03/22/2010,PHL,PA,AEA,EN,Combined TRACON& Tower with Radar,710,476,16,0,1202,0,3,13,2,18,710,479,29,2,1220,0,0,0,1220
03/23/2010,PHL,PA,AEA,EN,Combined TRACON& Tower with Radar,755,516,37,2,1310,0,1,27,6,34,755,517,64,8,1344,0,0,0,1344
03/24/2010,PHL,PA,AEA,EN,Combined TRACON& Tower with Radar,745,513,56,1,1315,0,3,30,9,42,745,516,86,10,1357,0,0,0,1357
03/25/2010,PHL,PA,AEA,EN,Combined TRACON& Tower with Radar,759,523,48,0,1330,0,5,31,2,38,759,528,79,2,1368,0,0,0,1368
03/26/2010,PHL,PA,AEA,EN,Combined TRACON& Tower with Radar,756,518,43,0,1317,0,3,38,10,51,756,521,81,10,1368,0,0,0,1368
03/27/2010,PHL,PA,AEA,EN,Combined TRACON& Tower with Radar,602,417,21,0,1040,0,4,32,1,37,602,421,53,1,1077,0,0,0,1077
03/28/2010,PHL,PA,AEA,EN,Combined TRACON& Tower with Radar,657,477,30,0,1164,0,5,17,3,25,657,482,47,3,1189,0,0,0,1189
03/29/2010,PHL,PA,AEA,EN,Combined TRACON& Tower with Radar,706,456,18,0,1180,0,0,1,0,1,706,456,19,0,1181,0,0,0,1181
03/30/2010,PHL,PA,AEA,EN,Combined TRACON& Tower with Radar,717,416,23,1,1157,0,0,1,1,2,717,416,24,2,1159,0,0,0,1159
03/31/2010,PHL,PA,AEA,EN,Combined TRACON& Tower with Radar,784,517,44,0,1345,0,2,42,4,48,784,519,86,4,1393,0,0,0,1393
04/01/2010,PHL,PA,AEA,EN,Combined TRACON& Tower with Radar,770,526,33,0,1329,0,7,24,7,38,770,533,57,7,1367,0,0,0,1367
04/02/2010,PHL,PA,AEA,EN,Combined TRACON& Tower with Radar,758,539,15,0,1312,0,7,58,4,69,758,546,73,4,1381,0,0,0,1381
04/03/2010,PHL,PA,AEA,EN,Combined TRACON& Tower with Radar,606,428,10,0,1044,0,1,22,3,26,606,429,32,3,1070,0,0,0,1070
04/04/2010,PHL,PA,AEA,EN,Combined TRACON& Tower with Radar,656,504,23,0,1183,0,4,18,1,23,656,508,41,1,1206,0,0,0,1206
04/05/2010,PHL,PA,AEA,EN,Combined TRACON& Tower with Radar,725,524,39,0,1288,0,8,36,8,52,725,532,75,8,1340,0,0,0,1340
04/06/2010,PHL,PA,AEA,EN,Combined TRACON& Tower with Radar,747,502,54,0,1303,0,3,39,1,43,747,505,93,1,1346,0,0,0,1346
04/07/2010,PHL,PA,AEA,EN,Combined TRACON& Tower with Radar,755,499,40,1,1295,0,12,52,10,74,755,511,92,11,1369,0,0,0,1369
04/08/2010,PHL,PA,AEA,EN,Combined TRACON& Tower with Radar,762,516,44,3,1325,1,11,32,7,51,763,527,76,10,1376,0,0,0,1376
04/09/2010,PHL,PA,AEA,EN,Combined TRACON& Tower with Radar,755,518,27,4,1304,0,4,47,3,54,755,522,74,7,1358,0,0,0,1358
04/10/2010,PHL,PA,AEA,EN,Combined TRACON& Tower with Radar,622,420,29,1,1072,0,1,31,4,36,622,421,60,5,1108,0,0,0,1108
04/11/2010,PHL,PA,AEA,EN,Combined TRACON& Tower with Radar,667,474,24,0,1165,0,4,16,2,22,667,478,40,2,1187,0,0,0,1187
04/12/2010,PHL,PA,AEA,EN,Combined TRACON& Tower with Radar,737,508,38,0,1283,0,6,49,4,59,737,514,87,4,1342,0,0,0,1342
04/13/2010,PHL,PA,AEA,EN,Combined TRACON& Tower with Radar,756,490,47,1,1294,0,2,19,4,25,756,492,66,5,1319,0,0,0,1319
04/14/2010,PHL,PA,AEA,EN,Combined TRACON& Tower with Radar,758,493,48,3,1302,0,5,25,5,35,758,498,73,8,1337,0,0,0,1337
04/15/2010,PHL,PA,AEA,EN,Combined TRACON& Tower with Radar,752,525,59,0,1336,0,12,28,0,40,752,537,87,0,1376,0,0,0,1376
04/16/2010,PHL,PA,AEA,EN,Combined TRACON& Tower with Radar,727,523,58,3,1311,0,5,13,4,22,727,528,71,7,1333,0,0,0,1333
04/17/2010,PHL,PA,AEA,EN,Combined TRACON& Tower with Radar,565,404,27,4,1000,0,4,14,3,21,565,408,41,7,1021,0,0,0,1021
04/18/2010,PHL,PA,AEA,EN,Combined TRACON& Tower with Radar,624,478,45,0,1147,0,0,9,4,13,624,478,54,4,1160,0,0,0,1160
04/19/2010,PHL,PA,AEA,EN,Combined TRACON& Tower with Radar,713,508,40,0,1261,0,2,28,1,31,713,510,68,1,1292,0,0,0,1292
04/20/2010,PHL,PA,AEA,EN,Combined TRACON& Tower with Radar,742,487,61,0,1290,0,12,30,2,44,742,499,91,2,1334,0,0,0,1334
04/21/2010,PHL,PA,AEA,EN,Combined TRACON& Tower with Radar,758,526,30,0,1314,0,4,21,2,27,758,530,51,2,1341,0,0,0,1341
04/22/2010,PHL,PA,AEA,EN,Combined TRACON& Tower with Radar,780,544,32,0,1356,0,4,26,5,35,780,548,58,5,1391,0,0,0,1391
04/23/2010,PHL,PA,AEA,EN,Combined TRACON& Tower with Radar,755,525,32,1,1313,0,4,51,10,65,755,529,83,11,1378,0,0,0,1378
04/24/2010,PHL,PA,AEA,EN,Combined TRACON& Tower with Radar,592,412,24,0,1028,0,1,12,2,15,592,413,36,2,1043,0,0,0,1043
04/25/2010,PHL,PA,AEA,EN,Combined TRACON& Tower with Radar,581,342,22,0,945,0,0,1,0,1,581,342,23,0,946,0,0,0,946
04/26/2010,PHL,PA,AEA,EN,Combined TRACON& Tower with Radar,791,503,35,3,1332,0,0,0,0,0,791,503,35,3,1332,0,0,0,1332
04/27/2010,PHL,PA,AEA,EN,Combined TRACON& Tower with Radar,752,485,38,0,1275,0,6,20,0,26,752,491,58,0,1301,0,0,0,1301
04/28/2010,PHL,PA,AEA,EN,Combined TRACON& Tower with Radar,770,490,56,1,1317,0,1,55,4,60,770,491,111,5,1377,0,0,0,1377
04/29/2010,PHL,PA,AEA,EN,Combined TRACON& Tower with Radar,770,533,52,2,1357,0,6,34,23,63,770,539,86,25,1420,0,0,0,1420
04/30/2010,PHL,PA,AEA,EN,Combined TRACON& Tower with Radar,758,528,45,0,1331,0,17,38,3,58,758,545,83,3,1389,0,0,0,1389
05/01/2010,PHL,PA,AEA,EN,Combined TRACON& Tower with Radar,591,401,27,0,1019,0,2,48,0,50,591,403,75,0,1069,0,0,0,1069
05/02/2010,PHL,PA,AEA,EN,Combined TRACON& Tower with Radar,657,497,32,0,1186,0,1,27,0,28,657,498,59,0,1214,0,0,0,1214
05/03/2010,PHL,PA,AEA,EN,Combined TRACON& Tower with Radar,732,484,33,0,1249,0,2,20,5,27,732,486,53,5,1276,0,0,0,1276
05/04/2010,PHL,PA,AEA,EN,Combined TRACON& Tower with Radar,768,488,45,0,1301,0,3,47,0,50,768,491,92,0,1351,0,0,0,1351
05/05/2010,PHL,PA,AEA,EN,Combined TRACON& Tower with Radar,774,509,54,0,1337,0,5,49,3,57,774,514,103,3,1394,0,0,0,1394
05/06/2010,PHL,PA,AEA,EN,Combined TRACON& Tower with Radar,780,532,54,1,1367,0,5,68,3,76,780,537,122,4,1443,0,0,0,1443
05/07/2010,PHL,PA,AEA,EN,Combined TRACON& Tower with Radar,767,519,51,1,1338,0,1,39,7,47,767,520,90,8,1385,0,0,0,1385
05/08/2010,PHL,PA,AEA,EN,Combined TRACON& Tower with Radar,599,408,22,1,1030,0,0,18,1,19,599,408,40,2,1049,0,0,0,1049
05/09/2010,PHL,PA,AEA,EN,Combined TRACON& Tower with Radar,685,475,19,0,1179,0,4,26,8,38,685,479,45,8,1217,0,0,0,1217
05/10/2010,PHL,PA,AEA,EN,Combined TRACON& Tower with Radar,725,518,56,2,1301,0,7,15,20,42,725,525,71,22,1343,0,0,0,1343
05/11/2010,PHL,PA,AEA,EN,Combined TRACON& Tower with Radar,755,535,59,1,1350,0,18,38,10,66,755,553,97,11,1416,0,0,0,1416
05/12/2010,PHL,PA,AEA,EN,Combined TRACON& Tower with Radar,760,506,41,1,1308,0,0,0,2,2,760,506,41,3,1310,0,0,0,1310
05/13/2010,PHL,PA,AEA,EN,Combined TRACON& Tower with Radar,778,518,47,0,1343,0,3,48,8,59,778,521,95,8,1402,0,0,0,1402
05/14/2010,PHL,PA,AEA,EN,Combined TRACON& Tower with Radar,733,482,34,0,1249,0,1,8,0,9,733,483,42,0,1258,0,0,0,1258
05/15/2010,PHL,PA,AEA,EN,Combined TRACON& Tower with Radar,625,422,31,0,1078,0,2,31,0,33,625,424,62,0,1111,0,0,0,1111
05/16/2010,PHL,PA,AEA,EN,Combined TRACON& Tower with Radar,673,481,41,0,1195,0,4,33,1,38,673,485,74,1,1233,0,0,0,1233
05/17/2010,PHL,PA,AEA,EN,Combined TRACON& Tower with Radar,735,514,57,0,1306,0,3,19,4,26,735,517,76,4,1332,0,0,0,1332
05/18/2010,PHL,PA,AEA,EN,Combined TRACON& Tower with Radar,778,514,48,1,1341,0,0,5,0,5,778,514,53,1,1346,0,0,0,1346
05/19/2010,PHL,PA,AEA,EN,Combined TRACON& Tower with Radar,777,507,76,0,1360,0,7,28,0,35,777,514,104,0,1395,0,0,0,1395
05/20/2010,PHL,PA,AEA,EN,Combined TRACON& Tower with Radar,771,515,43,2,1331,0,9,31,5,45,771,524,74,7,1376,0,0,0,1376
05/21/2010,PHL,PA,AEA,EN,Combined TRACON& Tower with Radar,756,551,50,0,1357,0,3,55,4,62,756,554,105,4,1419,0,0,0,1419
05/22/2010,PHL,PA,AEA,EN,Combined TRACON& Tower with Radar,613,414,23,1,1051,0,1,24,2,27,613,415,47,3,1078,0,0,0,1078
05/23/2010,PHL,PA,AEA,EN,Combined TRACON& Tower with Radar,676,468,28,0,1172,0,0,2,0,2,676,468,30,0,1174,0,0,0,1174
05/24/2010,PHL,PA,AEA,EN,Combined TRACON& Tower with Radar,732,514,62,0,1308,0,1,9,0,10,732,515,71,0,1318,0,0,0,1318
05/25/2010,PHL,PA,AEA,EN,Combined TRACON& Tower with Radar,775,514,45,0,1334,0,7,65,4,76,775,521,110,4,1410,0,0,0,1410
05/26/2010,PHL,PA,AEA,EN,Combined TRACON& Tower with Radar,766,517,47,0,1330,0,5,34,11,50,766,522,81,11,1380,0,0,0,1380
05/27/2010,PHL,PA,AEA,EN,Combined TRACON& Tower with Radar,774,487,60,0,1321,0,3,22,0,25,774,490,82,0,1346,0,0,0,1346
05/28/2010,PHL,PA,AEA,EN,Combined TRACON& Tower with Radar,778,541,38,0,1357,0,1,39,1,41,778,542,77,1,1398,0,0,0,1398
05/29/2010,PHL,PA,AEA,EN,Combined TRACON& Tower with Radar,604,396,25,0,1025,0,2,17,2,21,604,398,42,2,1046,0,0,0,1046
05/30/2010,PHL,PA,AEA,EN,Combined TRACON& Tower with Radar,611,394,22,0,1027,0,3,18,0,21,611,397,40,0,1048,0,0,0,1048
05/31/2010,PHL,PA,AEA,EN,Combined TRACON& Tower with Radar,700,489,20,1,1210,0,4,37,2,43,700,493,57,3,1253,0,0,0,1253
06/01/2010,PHL,PA,AEA,EN,Combined TRACON& Tower with Radar,747,515,55,0,1317,0,1,21,0,22,747,516,76,0,1339,0,0,0,1339
06/02/2010,PHL,PA,AEA,EN,Combined TRACON& Tower with Radar,792,532,72,0,1396,0,8,36,7,51,792,540,108,7,1447,0,0,0,1447
06/03/2010,PHL,PA,AEA,EN,Combined TRACON& Tower with Radar,792,525,72,0,1389,0,7,32,0,39,792,532,104,0,1428,0,0,0,1428
06/04/2010,PHL,PA,AEA,EN,Combined TRACON& Tower with Radar,771,510,68,0,1349,0,6,33,5,44,771,516,101,5,1393,0,0,0,1393
06/05/2010,PHL,PA,AEA,EN,Combined TRACON& Tower with Radar,659,453,22,0,1134,0,1,30,0,31,659,454,52,0,1165,0,0,0,1165
06/06/2010,PHL,PA,AEA,EN,Combined TRACON& Tower with Radar,682,500,26,0,1208,0,2,12,2,16,682,502,38,2,1224,0,0,0,1224
06/07/2010,PHL,PA,AEA,EN,Combined TRACON& Tower with Radar,745,517,35,1,1298,0,13,24,5,42,745,530,59,6,1340,0,0,0,1340
06/08/2010,PHL,PA,AEA,EN,Combined TRACON& Tower with Radar,786,522,37,2,1347,0,5,46,1,52,786,527,83,3,1399,0,0,0,1399
06/09/2010,PHL,PA,AEA,EN,Combined TRACON& Tower with Radar,783,534,44,1,1362,0,1,18,0,19,783,535,62,1,1381,0,0,0,1381
06/10/2010,PHL,PA,AEA,EN,Combined TRACON& Tower with Radar,814,544,59,0,1417,0,5,43,3,51,814,549,102,3,1468,0,0,0,1468
06/11/2010,PHL,PA,AEA,EN,Combined TRACON& Tower with Radar,777,497,40,0,1314,0,5,27,4,36,777,502,67,4,1350,0,0,0,1350
06/12/2010,PHL,PA,AEA,EN,Combined TRACON& Tower with Radar,677,446,21,0,1144,0,2,27,0,29,677,448,48,0,1173,0,0,0,1173
06/13/2010,PHL,PA,AEA,EN,Combined TRACON& Tower with Radar,696,484,23,0,1203,0,0,21,3,24,696,484,44,3,1227,0,0,0,1227
06/14/2010,PHL,PA,AEA,EN,Combined TRACON& Tower with Radar,752,499,49,2,1302,0,1,23,4,28,752,500,72,6,1330,0,0,0,1330
06/15/2010,PHL,PA,AEA,EN,Combined TRACON& Tower with Radar,783,519,40,0,1342,0,4,54,3,61,783,523,94,3,1403,0,0,0,1403
06/16/2010,PHL,PA,AEA,EN,Combined TRACON& Tower with Radar,787,535,64,0,1386,0,2,26,3,31,787,537,90,3,1417,0,0,0,1417
06/17/2010,PHL,PA,AEA,EN,Combined TRACON& Tower with Radar,811,534,36,0,1381,0,4,43,6,53,811,538,79,6,1434,0,0,0,1434
06/18/2010,PHL,PA,AEA,EN,Combined TRACON& Tower with Radar,773,527,35,0,1335,0,5,24,3,32,773,532,59,3,1367,0,0,0,1367
06/19/2010,PHL,PA,AEA,EN,Combined TRACON& Tower with Radar,675,448,16,0,1139,0,0,19,1,20,675,448,35,1,1159,0,0,0,1159
06/20/2010,PHL,PA,AEA,EN,Combined TRACON& Tower with Radar,696,533,19,0,1248,0,2,41,5,48,696,535,60,5,1296,0,0,0,1296
06/21/2010,PHL,PA,AEA,EN,Combined TRACON& Tower with Radar,743,523,31,0,1297,0,7,39,5,51,743,530,70,5,1348,0,0,0,1348
06/22/2010,PHL,PA,AEA,EN,Combined TRACON& Tower with Radar,780,505,38,2,1325,0,9,22,5,36,780,514,60,7,1361,0,0,0,1361
06/23/2010,PHL,PA,AEA,EN,Combined TRACON& Tower with Radar,776,546,55,0,1377,0,3,31,11,45,776,549,86,11,1422,0,0,0,1422
06/24/2010,PHL,PA,AEA,EN,Combined TRACON& Tower with Radar,775,463,59,0,1297,0,5,37,11,53,775,468,96,11,1350,0,0,0,1350
06/25/2010,PHL,PA,AEA,EN,Combined TRACON& Tower with Radar,789,530,37,0,1356,0,6,59,11,76,789,536,96,11,1432,0,0,0,1432
06/26/2010,PHL,PA,AEA,EN,Combined TRACON& Tower with Radar,681,455,13,2,1151,0,4,15,4,23,681,459,28,6,1174,0,0,0,1174
06/27/2010,PHL,PA,AEA,EN,Combined TRACON& Tower with Radar,691,532,38,0,1261,0,2,21,3,26,691,534,59,3,1287,0,0,0,1287
06/28/2010,PHL,PA,AEA,EN,Combined TRACON& Tower with Radar,757,504,61,0,1322,0,9,18,4,31,757,513,79,4,1353,0,0,0,1353
06/29/2010,PHL,PA,AEA,EN,Combined TRACON& Tower with Radar,814,543,57,0,1414,0,5,55,28,88,814,548,112,28,1502,0,0,0,1502
06/30/2010,PHL,PA,AEA,EN,Combined TRACON& Tower with Radar,800,538,59,0,1397,0,3,50,9,62,800,541,109,9,1459,0,0,0,1459
07/01/2010,PHL,PA,AEA,EN,Combined TRACON& Tower with Radar,812,523,44,0,1379,0,7,40,7,54,812,530,84,7,1433,0,0,0,1433
07/02/2010,PHL,PA,AEA,EN,Combined TRACON& Tower with Radar,789,511,35,0,1335,0,5,35,7,47,789,516,70,7,1382,0,0,0,1382
07/03/2010,PHL,PA,AEA,EN,Combined TRACON& Tower with Radar,683,424,18,0,1125,0,2,13,2,17,683,426,31,2,1142,0,0,0,1142
07/04/2010,PHL,PA,AEA,EN,Combined TRACON& Tower with Radar,618,419,19,0,1056,0,4,28,5,37,618,423,47,5,1093,0,0,0,1093
07/05/2010,PHL,PA,AEA,EN,Combined TRACON& Tower with Radar,723,507,30,0,1260,0,4,25,0,29,723,511,55,0,1289,0,0,0,1289
07/06/2010,PHL,PA,AEA,EN,Combined TRACON& Tower with Radar,767,521,32,0,1320,0,4,38,3,45,767,525,70,3,1365,0,0,0,1365
07/07/2010,PHL,PA,AEA,EN,Combined TRACON& Tower with Radar,805,502,33,0,1340,0,7,52,5,64,805,509,85,5,1404,0,0,0,1404
07/08/2010,PHL,PA,AEA,EN,Combined TRACON& Tower with Radar,806,514,50,0,1370,0,10,31,2,43,806,524,81,2,1413,0,0,0,1413
07/09/2010,PHL,PA,AEA,EN,Combined TRACON& Tower with Radar,788,516,40,1,1345,0,1,31,2,34,788,517,71,3,1379,0,0,0,1379
07/10/2010,PHL,PA,AEA,EN,Combined TRACON& Tower with Radar,691,442,22,0,1155,0,0,18,1,19,691,442,40,1,1174,0,0,0,1174
07/11/2010,PHL,PA,AEA,EN,Combined TRACON& Tower with Radar,713,514,31,1,1259,0,3,21,1,25,713,517,52,2,1284,0,0,0,1284
07/12/2010,PHL,PA,AEA,EN,Combined TRACON& Tower with Radar,701,438,37,0,1176,0,11,28,3,42,701,449,65,3,1218,0,0,0,1218
07/13/2010,PHL,PA,AEA,EN,Combined TRACON& Tower with Radar,825,482,33,0,1340,0,2,25,0,27,825,484,58,0,1367,0,0,0,1367
07/14/2010,PHL,PA,AEA,EN,Combined TRACON& Tower with Radar,802,454,20,0,1276,0,0,14,4,18,802,454,34,4,1294,0,0,0,1294
07/15/2010,PHL,PA,AEA,EN,Combined TRACON& Tower with Radar,813,513,48,2,1376,0,8,29,0,37,813,521,77,2,1413,0,0,0,1413
07/16/2010,PHL,PA,AEA,EN,Combined TRACON& Tower with Radar,772,521,47,0,1340,0,3,31,1,35,772,524,78,1,1375,0,0,0,1375
07/17/2010,PHL,PA,AEA,EN,Combined TRACON& Tower with Radar,690,445,15,0,1150,0,3,19,0,22,690,448,34,0,1172,0,0,0,1172
07/18/2010,PHL,PA,AEA,EN,Combined TRACON& Tower with Radar,702,523,24,0,1249,0,5,24,7,36,702,528,48,7,1285,0,0,0,1285
07/19/2010,PHL,PA,AEA,EN,Combined TRACON& Tower with Radar,762,482,20,0,1264,0,5,19,6,30,762,487,39,6,1294,0,0,0,1294
07/20/2010,PHL,PA,AEA,EN,Combined TRACON& Tower with Radar,808,534,37,0,1379,0,5,25,5,35,808,539,62,5,1414,0,0,0,1414
07/21/2010,PHL,PA,AEA,EN,Combined TRACON& Tower with Radar,796,510,37,0,1343,0,8,29,5,42,796,518,66,5,1385,0,0,0,1385
07/22/2010,PHL,PA,AEA,EN,Combined TRACON& Tower with Radar,812,511,51,0,1374,0,3,39,7,49,812,514,90,7,1423,0,0,0,1423
07/23/2010,PHL,PA,AEA,EN,Combined TRACON& Tower with Radar,785,511,35,3,1334,0,4,44,8,56,785,515,79,11,1390,0,0,0,1390
07/24/2010,PHL,PA,AEA,EN,Combined TRACON& Tower with Radar,684,455,12,1,1152,0,7,24,2,33,684,462,36,3,1185,0,0,0,1185
07/25/2010,PHL,PA,AEA,EN,Combined TRACON& Tower with Radar,706,469,21,0,1196,0,0,15,0,15,706,469,36,0,1211,0,0,0,1211
07/26/2010,PHL,PA,AEA,EN,Combined TRACON& Tower with Radar,755,510,36,1,1302,0,5,37,6,48,755,515,73,7,1350,0,0,0,1350
07/27/2010,PHL,PA,AEA,EN,Combined TRACON& Tower with Radar,809,519,35,0,1363,0,16,50,4,70,809,535,85,4,1433,0,0,0,1433
07/28/2010,PHL,PA,AEA,EN,Combined TRACON& Tower with Radar,800,515,36,0,1351,0,7,41,4,52,800,522,77,4,1403,0,0,0,1403
07/29/2010,PHL,PA,AEA,EN,Combined TRACON& Tower with Radar,808,470,36,0,1314,0,10,25,8,43,808,480,61,8,1357,0,0,0,1357
07/30/2010,PHL,PA,AEA,EN,Combined TRACON& Tower with Radar,798,534,37,0,1369,0,9,23,3,35,798,543,60,3,1404,0,0,0,1404
07/31/2010,PHL,PA,AEA,EN,Combined TRACON& Tower with Radar,697,449,12,4,1162,0,2,34,5,41,697,451,46,9,1203,0,0,0,1203
08/01/2010,PHL,PA,AEA,EN,Combined TRACON& Tower with Radar,702,506,19,0,1227,0,0,21,3,24,702,506,40,3,1251,0,0,0,1251
08/02/2010,PHL,PA,AEA,EN,Combined TRACON& Tower with Radar,759,505,45,0,1309,0,3,25,4,32,759,508,70,4,1341,0,0,0,1341
08/03/2010,PHL,PA,AEA,EN,Combined TRACON& Tower with Radar,810,522,36,0,1368,0,2,40,8,50,810,524,76,8,1418,0,0,0,1418
08/04/2010,PHL,PA,AEA,EN,Combined TRACON& Tower with Radar,790,516,39,0,1345,0,4,28,5,37,790,520,67,5,1382,0,0,0,1382
08/05/2010,PHL,PA,AEA,EN,Combined TRACON& Tower with Radar,808,506,41,0,1355,0,5,37,10,52,808,511,78,10,1407,0,0,0,1407
08/06/2010,PHL,PA,AEA,EN,Combined TRACON& Tower with Radar,802,525,31,0,1358,0,6,32,1,39,802,531,63,1,1397,0,0,0,1397
08/07/2010,PHL,PA,AEA,EN,Combined TRACON& Tower with Radar,695,442,19,0,1156,0,0,22,4,26,695,442,41,4,1182,0,0,0,1182
08/08/2010,PHL,PA,AEA,EN,Combined TRACON& Tower with Radar,705,511,27,0,1243,0,3,11,2,16,705,514,38,2,1259,0,0,0,1259
08/09/2010,PHL,PA,AEA,EN,Combined TRACON& Tower with Radar,759,505,31,1,1296,0,8,41,25,74,759,513,72,26,1370,0,0,0,1370
08/10/2010,PHL,PA,AEA,EN,Combined TRACON& Tower with Radar,802,513,46,1,1362,0,14,34,7,55,802,527,80,8,1417,0,0,0,1417
08/11/2010,PHL,PA,AEA,EN,Combined TRACON& Tower with Radar,792,526,41,0,1359,0,5,24,1,30,792,531,65,1,1389,0,0,0,1389
08/12/2010,PHL,PA,AEA,EN,Combined TRACON& Tower with Radar,773,437,55,0,1265,0,1,11,4,16,773,438,66,4,1281,0,0,0,1281
08/13/2010,PHL,PA,AEA,EN,Combined TRACON& Tower with Radar,797,523,38,0,1358,0,7,21,5,33,797,530,59,5,1391,0,0,0,1391
08/14/2010,PHL,PA,AEA,EN,Combined TRACON& Tower with Radar,701,453,20,0,1174,0,3,19,1,23,701,456,39,1,1197,0,0,0,1197
08/15/2010,PHL,PA,AEA,EN,Combined TRACON& Tower with Radar,698,504,26,0,1228,0,4,15,4,23,698,508,41,4,1251,0,0,0,1251
08/16/2010,PHL,PA,AEA,EN,Combined TRACON& Tower with Radar,763,507,31,0,1301,0,3,20,9,32,763,510,51,9,1333,0,0,0,1333
08/17/2010,PHL,PA,AEA,EN,Combined TRACON& Tower with Radar,784,498,32,0,1314,0,14,40,2,56,784,512,72,2,1370,0,0,0,1370
08/18/2010,PHL,PA,AEA,EN,Combined TRACON& Tower with Radar,797,513,35,0,1345,0,5,21,14,40,797,518,56,14,1385,0,0,0,1385
08/19/2010,PHL,PA,AEA,EN,Combined TRACON& Tower with Radar,796,527,32,0,1355,0,6,19,10,35,796,533,51,10,1390,0,0,0,1390
08/20/2010,PHL,PA,AEA,EN,Combined TRACON& Tower with Radar,788,524,25,0,1337,0,6,35,8,49,788,530,60,8,1386,0,0,0,1386
08/21/2010,PHL,PA,AEA,EN,Combined TRACON& Tower with Radar,680,455,24,0,1159,0,7,16,2,25,680,462,40,2,1184,0,0,0,1184
08/22/2010,PHL,PA,AEA,EN,Combined TRACON& Tower with Radar,684,437,24,0,1145,0,4,17,0,21,684,441,41,0,1166,0,0,0,1166
08/23/2010,PHL,PA,AEA,EN,Combined TRACON& Tower with Radar,761,500,31,0,1292,0,0,10,0,10,761,500,41,0,1302,0,0,0,1302
08/24/2010,PHL,PA,AEA,EN,Combined TRACON& Tower with Radar,781,505,41,0,1327,0,4,21,3,28,781,509,62,3,1355,0,0,0,1355
08/25/2010,PHL,PA,AEA,EN,Combined TRACON& Tower with Radar,784,520,35,0,1339,0,3,12,1,16,784,523,47,1,1355,0,0,0,1355
08/26/2010,PHL,PA,AEA,EN,Combined TRACON& Tower with Radar,805,526,31,0,1362,0,8,19,10,37,805,534,50,10,1399,0,0,0,1399
08/27/2010,PHL,PA,AEA,EN,Combined TRACON& Tower with Radar,789,525,24,0,1338,0,2,55,2,59,789,527,79,2,1397,0,0,0,1397
08/28/2010,PHL,PA,AEA,EN,Combined TRACON& Tower with Radar,664,448,14,0,1126,0,4,29,4,37,664,452,43,4,1163,0,0,0,1163
08/29/2010,PHL,PA,AEA,EN,Combined TRACON& Tower with Radar,684,520,22,0,1226,0,1,25,3,29,684,521,47,3,1255,0,0,0,1255
08/30/2010,PHL,PA,AEA,EN,Combined TRACON& Tower with Radar,755,514,18,0,1287,0,17,31,11,59,755,531,49,11,1346,0,0,0,1346
08/31/2010,PHL,PA,AEA,EN,Combined TRACON& Tower with Radar,783,522,40,2,1347,0,6,66,8,80,783,528,106,10,1427,0,0,0,1427
09/01/2010,PHL,PA,AEA,EN,Combined TRACON& Tower with Radar,793,524,66,2,1385,0,7,87,7,101,793,531,153,9,1486,0,0,0,1486
09/02/2010,PHL,PA,AEA,EN,Combined TRACON& Tower with Radar,804,521,30,1,1356,0,9,44,2,55,804,530,74,3,1411,0,0,0,1411
09/03/2010,PHL,PA,AEA,EN,Combined TRACON& Tower with Radar,791,516,30,0,1337,0,2,13,0,15,791,518,43,0,1352,0,0,0,1352
09/04/2010,PHL,PA,AEA,EN,Combined TRACON& Tower with Radar,623,420,10,0,1053,0,0,9,4,13,623,420,19,4,1066,0,0,0,1066
09/05/2010,PHL,PA,AEA,EN,Combined TRACON& Tower with Radar,600,392,13,0,1005,0,6,30,0,36,600,398,43,0,1041,0,0,0,1041
09/06/2010,PHL,PA,AEA,EN,Combined TRACON& Tower with Radar,707,496,28,0,1231,0,1,18,0,19,707,497,46,0,1250,0,0,0,1250
09/07/2010,PHL,PA,AEA,EN,Combined TRACON& Tower with Radar,752,515,16,0,1283,0,8,28,1,37,752,523,44,1,1320,0,0,0,1320
09/08/2010,PHL,PA,AEA,EN,Combined TRACON& Tower with Radar,776,504,29,1,1310,0,3,33,4,40,776,507,62,5,1350,0,0,0,1350
09/09/2010,PHL,PA,AEA,EN,Combined TRACON& Tower with Radar,792,512,40,0,1344,0,9,16,6,31,792,521,56,6,1375,0,0,0,1375
09/10/2010,PHL,PA,AEA,EN,Combined TRACON& Tower with Radar,780,513,35,1,1329,0,2,33,6,41,780,515,68,7,1370,0,0,0,1370
09/11/2010,PHL,PA,AEA,EN,Combined TRACON& Tower with Radar,629,419,14,0,1062,0,6,19,0,25,629,425,33,0,1087,0,0,0,1087
09/12/2010,PHL,PA,AEA,EN,Combined TRACON& Tower with Radar,687,501,56,2,1246,0,4,18,2,24,687,505,74,4,1270,0,0,0,1270
09/13/2010,PHL,PA,AEA,EN,Combined TRACON& Tower with Radar,770,509,43,2,1324,0,5,27,1,33,770,514,70,3,1357,0,0,0,1357
09/14/2010,PHL,PA,AEA,EN,Combined TRACON& Tower with Radar,769,481,44,2,1296,0,13,39,5,57,769,494,83,7,1353,0,0,0,1353
09/15/2010,PHL,PA,AEA,EN,Combined TRACON& Tower with Radar,777,504,57,1,1339,0,3,31,11,45,777,507,88,12,1384,0,0,0,1384
09/16/2010,PHL,PA,AEA,EN,Combined TRACON& Tower with Radar,798,461,53,1,1313,0,9,18,1,28,798,470,71,2,1341,0,0,0,1341
09/17/2010,PHL,PA,AEA,EN,Combined TRACON& Tower with Radar,780,542,31,2,1355,0,4,30,1,35,780,546,61,3,1390,0,0,0,1390
09/18/2010,PHL,PA,AEA,EN,Combined TRACON& Tower with Radar,637,421,9,0,1067,0,2,25,5,32,637,423,34,5,1099,0,0,0,1099
09/19/2010,PHL,PA,AEA,EN,Combined TRACON& Tower with Radar,678,500,41,1,1220,0,2,14,5,21,678,502,55,6,1241,0,0,0,1241
09/20/2010,PHL,PA,AEA,EN,Combined TRACON& Tower with Radar,754,502,36,1,1293,0,9,38,6,53,754,511,74,7,1346,0,0,0,1346
09/21/2010,PHL,PA,AEA,EN,Combined TRACON& Tower with Radar,756,487,31,2,1276,0,10,45,3,58,756,497,76,5,1334,0,0,0,1334
09/22/2010,PHL,PA,AEA,EN,Combined TRACON& Tower with Radar,732,455,54,3,1244,0,8,26,3,37,732,463,80,6,1281,0,0,0,1281
09/23/2010,PHL,PA,AEA,EN,Combined TRACON& Tower with Radar,806,548,55,2,1411,0,4,32,1,37,806,552,87,3,1448,0,0,0,1448
09/24/2010,PHL,PA,AEA,EN,Combined TRACON& Tower with Radar,795,534,39,0,1368,0,1,18,3,22,795,535,57,3,1390,0,0,0,1390
09/25/2010,PHL,PA,AEA,EN,Combined TRACON& Tower with Radar,638,434,18,0,1090,0,4,45,17,66,638,438,63,17,1156,0,0,0,1156
09/26/2010,PHL,PA,AEA,EN,Combined TRACON& Tower with Radar,676,519,35,0,1230,0,1,32,2,35,676,520,67,2,1265,0,0,0,1265
09/27/2010,PHL,PA,AEA,EN,Combined TRACON& Tower with Radar,716,381,37,0,1134,0,0,3,0,3,716,381,40,0,1137,0,0,0,1137
09/28/2010,PHL,PA,AEA,EN,Combined TRACON& Tower with Radar,766,473,38,1,1278,0,1,20,3,24,766,474,58,4,1302,0,0,0,1302
09/29/2010,PHL,PA,AEA,EN,Combined TRACON& Tower with Radar,774,503,37,0,1314,0,5,48,9,62,774,508,85,9,1376,0,0,0,1376
09/30/2010,PHL,PA,AEA,EN,Combined TRACON& Tower with Radar,751,439,36,2,1228,0,0,0,0,0,751,439,36,2,1228,0,0,0,1228
10/01/2010,PHL,PA,AEA,EN,Combined TRACON& Tower with Radar,797,519,40,0,1356,0,3,22,3,28,797,522,62,3,1384,0,0,0,1384
10/02/2010,PHL,PA,AEA,EN,Combined TRACON& Tower with Radar,632,427,13,0,1072,0,0,23,7,30,632,427,36,7,1102,0,0,0,1102
10/03/2010,PHL,PA,AEA,EN,Combined TRACON& Tower with Radar,676,508,46,0,1230,0,14,40,22,76,676,522,86,22,1306,0,0,0,1306
10/04/2010,PHL,PA,AEA,EN,Combined TRACON& Tower with Radar,705,396,32,0,1133,0,1,6,1,8,705,397,38,1,1141,0,0,0,1141
10/05/2010,PHL,PA,AEA,EN,Combined TRACON& Tower with Radar,742,425,25,0,1192,0,0,8,0,8,742,425,33,0,1200,0,0,0,1200
10/06/2010,PHL,PA,AEA,EN,Combined TRACON& Tower with Radar,763,497,44,0,1304,0,10,39,4,53,763,507,83,4,1357,0,0,0,1357
10/07/2010,PHL,PA,AEA,EN,Combined TRACON& Tower with Radar,775,517,33,1,1326,0,6,70,6,82,775,523,103,7,1408,0,0,0,1408
10/08/2010,PHL,PA,AEA,EN,Combined TRACON& Tower with Radar,779,531,45,3,1358,0,7,66,14,87,779,538,111,17,1445,0,0,0,1445
10/09/2010,PHL,PA,AEA,EN,Combined TRACON& Tower with Radar,650,408,21,6,1085,0,1,23,6,30,650,409,44,12,1115,0,0,0,1115
10/10/2010,PHL,PA,AEA,EN,Combined TRACON& Tower with Radar,675,511,23,2,1211,0,0,31,2,33,675,511,54,4,1244,0,0,0,1244
10/11/2010,PHL,PA,AEA,EN,Combined TRACON& Tower with Radar,751,503,47,2,1303,0,5,32,20,57,751,508,79,22,1360,0,0,0,1360
10/12/2010,PHL,PA,AEA,EN,Combined TRACON& Tower with Radar,763,506,46,0,1315,0,7,19,6,32,763,513,65,6,1347,0,0,0,1347
10/13/2010,PHL,PA,AEA,EN,Combined TRACON& Tower with Radar,759,492,59,2,1312,0,16,46,10,72,759,508,105,12,1384,0,0,0,1384
10/14/2010,PHL,PA,AEA,EN,Combined TRACON& Tower with Radar,776,532,62,0,1370,0,1,9,0,10,776,533,71,0,1380,0,0,0,1380
10/15/2010,PHL,PA,AEA,EN,Combined TRACON& Tower with Radar,772,525,39,3,1339,1,5,8,6,20,773,530,47,9,1359,0,0,0,1359
10/16/2010,PHL,PA,AEA,EN,Combined TRACON& Tower with Radar,645,422,32,0,1099,0,0,80,7,87,645,422,112,7,1186,0,0,0,1186
10/17/2010,PHL,PA,AEA,EN,Combined TRACON& Tower with Radar,681,537,38,0,1256,0,1,83,5,89,681,538,121,5,1345,0,0,0,1345
10/18/2010,PHL,PA,AEA,EN,Combined TRACON& Tower with Radar,737,508,39,0,1284,0,2,33,12,47,737,510,72,12,1331,0,0,0,1331
10/19/2010,PHL,PA,AEA,EN,Combined TRACON& Tower with Radar,743,507,48,0,1298,0,4,18,0,22,743,511,66,0,1320,0,0,0,1320
10/20/2010,PHL,PA,AEA,EN,Combined TRACON& Tower with Radar,753,498,59,1,1311,0,5,6,2,13,753,503,65,3,1324,0,0,0,1324
10/21/2010,PHL,PA,AEA,EN,Combined TRACON& Tower with Radar,764,535,65,0,1364,0,5,19,3,27,764,540,84,3,1391,0,0,0,1391
10/22/2010,PHL,PA,AEA,EN,Combined TRACON& Tower with Radar,785,525,50,0,1360,0,2,56,2,60,785,527,106,2,1420,0,0,0,1420
10/23/2010,PHL,PA,AEA,EN,Combined TRACON& Tower with Radar,635,412,24,0,1071,0,2,44,0,46,635,414,68,0,1117,0,0,0,1117
10/24/2010,PHL,PA,AEA,EN,Combined TRACON& Tower with Radar,674,508,36,0,1218,0,2,28,1,31,674,510,64,1,1249,0,0,0,1249
10/25/2010,PHL,PA,AEA,EN,Combined TRACON& Tower with Radar,736,489,33,0,1258,0,2,30,4,36,736,491,63,4,1294,0,0,0,1294
10/26/2010,PHL,PA,AEA,EN,Combined TRACON& Tower with Radar,755,491,42,0,1288,0,2,16,2,20,755,493,58,2,1308,0,0,0,1308
10/27/2010,PHL,PA,AEA,EN,Combined TRACON& Tower with Radar,704,401,37,1,1143,0,1,11,0,12,704,402,48,1,1155,0,0,0,1155
10/28/2010,PHL,PA,AEA,EN,Combined TRACON& Tower with Radar,792,526,52,2,1372,0,13,35,15,63,792,539,87,17,1435,0,0,0,1435
10/29/2010,PHL,PA,AEA,EN,Combined TRACON& Tower with Radar,767,518,34,1,1320,0,3,30,7,40,767,521,64,8,1360,0,0,0,1360
10/30/2010,PHL,PA,AEA,EN,Combined TRACON& Tower with Radar,642,405,24,4,1075,0,4,24,6,34,642,409,48,10,1109,0,0,0,1109
10/31/2010,PHL,PA,AEA,EN,Combined TRACON& Tower with Radar,673,489,30,1,1193,0,1,25,1,27,673,490,55,2,1220,0,0,0,1220
11/01/2010,PHL,PA,AEA,EN,Combined TRACON& Tower with Radar,729,499,48,2,1278,0,4,34,3,41,729,503,82,5,1319,0,0,0,1319
11/02/2010,PHL,PA,AEA,EN,Combined TRACON& Tower with Radar,752,480,50,0,1282,0,6,34,7,47,752,486,84,7,1329,0,0,0,1329
11/03/2010,PHL,PA,AEA,EN,Combined TRACON& Tower with Radar,755,492,47,0,1294,0,3,27,3,33,755,495,74,3,1327,0,0,0,1327
11/04/2010,PHL,PA,AEA,EN,Combined TRACON& Tower with Radar,733,387,33,0,1153,0,0,0,0,0,733,387,33,0,1153,0,0,0,1153
11/05/2010,PHL,PA,AEA,EN,Combined TRACON& Tower with Radar,779,485,53,0,1317,0,6,33,0,39,779,491,86,0,1356,0,0,0,1356
11/06/2010,PHL,PA,AEA,EN,Combined TRACON& Tower with Radar,622,445,23,1,1091,0,7,24,3,34,622,452,47,4,1125,0,0,0,1125
11/07/2010,PHL,PA,AEA,EN,Combined TRACON& Tower with Radar,690,491,39,0,1220,0,3,23,9,35,690,494,62,9,1255,0,0,0,1255
11/08/2010,PHL,PA,AEA,EN,Combined TRACON& Tower with Radar,729,469,35,0,1233,0,1,30,2,33,729,470,65,2,1266,0,0,0,1266
11/09/2010,PHL,PA,AEA,EN,Combined TRACON& Tower with Radar,757,498,51,2,1308,0,9,21,8,38,757,507,72,10,1346,0,0,0,1346
11/10/2010,PHL,PA,AEA,EN,Combined TRACON& Tower with Radar,760,504,46,0,1310,0,1,29,1,31,760,505,75,1,1341,0,0,0,1341
11/11/2010,PHL,PA,AEA,EN,Combined TRACON& Tower with Radar,783,499,47,0,1329,0,4,22,2,28,783,503,69,2,1357,0,0,0,1357
11/12/2010,PHL,PA,AEA,EN,Combined TRACON& Tower with Radar,770,509,49,0,1328,0,6,42,4,52,770,515,91,4,1380,0,0,0,1380
11/13/2010,PHL,PA,AEA,EN,Combined TRACON& Tower with Radar,640,434,15,0,1089,0,4,29,0,33,640,438,44,0,1122,0,0,0,1122
11/14/2010,PHL,PA,AEA,EN,Combined TRACON& Tower with Radar,689,509,16,0,1214,0,6,26,2,34,689,515,42,2,1248,0,0,0,1248
11/15/2010,PHL,PA,AEA,EN,Combined TRACON& Tower with Radar,731,493,52,0,1276,0,5,14,5,24,731,498,66,5,1300,0,0,0,1300
11/16/2010,PHL,PA,AEA,EN,Combined TRACON& Tower with Radar,730,413,30,1,1174,0,1,4,1,6,730,414,34,2,1180,0,0,0,1180
11/17/2010,PHL,PA,AEA,EN,Combined TRACON& Tower with Radar,762,479,59,0,1300,0,2,18,3,23,762,481,77,3,1323,0,0,0,1323
11/18/2010,PHL,PA,AEA,EN,Combined TRACON& Tower with Radar,779,509,51,0,1339,0,6,71,8,85,779,515,122,8,1424,0,0,0,1424
11/19/2010,PHL,PA,AEA,EN,Combined TRACON& Tower with Radar,792,493,34,0,1319,0,10,31,2,43,792,503,65,2,1362,0,0,0,1362
11/20/2010,PHL,PA,AEA,EN,Combined TRACON& Tower with Radar,638,425,22,0,1085,0,0,21,1,22,638,425,43,1,1107,0,0,0,1107
11/21/2010,PHL,PA,AEA,EN,Combined TRACON& Tower with Radar,687,486,30,0,1203,0,1,35,0,36,687,487,65,0,1239,0,0,0,1239
11/22/2010,PHL,PA,AEA,EN,Combined TRACON& Tower with Radar,716,483,45,0,1244,0,1,17,3,21,716,484,62,3,1265,0,0,0,1265
11/23/2010,PHL,PA,AEA,EN,Combined TRACON& Tower with Radar,790,484,55,0,1329,0,10,45,4,59,790,494,100,4,1388,0,0,0,1388
11/24/2010,PHL,PA,AEA,EN,Combined TRACON& Tower with Radar,809,503,35,0,1347,0,7,26,9,42,809,510,61,9,1389,0,0,0,1389
11/25/2010,PHL,PA,AEA,EN,Combined TRACON& Tower with Radar,388,189,10,0,587,0,2,10,2,14,388,191,20,2,601,0,0,0,601
11/26/2010,PHL,PA,AEA,EN,Combined TRACON& Tower with Radar,622,382,10,0,1014,0,0,11,4,15,622,382,21,4,1029,0,0,0,1029
11/27/2010,PHL,PA,AEA,EN,Combined TRACON& Tower with Radar,684,469,5,0,1158,0,1,19,2,22,684,470,24,2,1180,0,0,0,1180
11/28/2010,PHL,PA,AEA,EN,Combined TRACON& Tower with Radar,739,540,42,0,1321,0,4,29,3,36,739,544,71,3,1357,0,0,0,1357
11/29/2010,PHL,PA,AEA,EN,Combined TRACON& Tower with Radar,744,496,45,0,1285,0,4,45,13,62,744,500,90,13,1347,0,0,0,1347
11/30/2010,PHL,PA,AEA,EN,Combined TRACON& Tower with Radar,796,488,47,0,1331,0,5,31,1,37,796,493,78,1,1368,0,0,0,1368
12/01/2010,PHL,PA,AEA,EN,Combined TRACON& Tower with Radar,800,394,23,0,1217,0,4,14,0,18,800,398,37,0,1235,0,0,0,1235
12/02/2010,PHL,PA,AEA,EN,Combined TRACON& Tower with Radar,788,483,54,3,1328,0,4,42,1,47,788,487,96,4,1375,0,0,0,1375
12/03/2010,PHL,PA,AEA,EN,Combined TRACON& Tower with Radar,779,478,30,0,1287,0,3,30,8,41,779,481,60,8,1328,0,0,0,1328
12/04/2010,PHL,PA,AEA,EN,Combined TRACON& Tower with Radar,598,393,3,0,994,0,6,18,2,26,598,399,21,2,1020,0,0,0,1020
12/05/2010,PHL,PA,AEA,EN,Combined TRACON& Tower with Radar,660,452,21,0,1133,0,0,23,1,24,660,452,44,1,1157,0,0,0,1157
12/06/2010,PHL,PA,AEA,EN,Combined TRACON& Tower with Radar,713,450,33,0,1196,0,0,26,14,40,713,450,59,14,1236,0,0,0,1236
12/07/2010,PHL,PA,AEA,EN,Combined TRACON& Tower with Radar,756,471,30,1,1258,0,5,28,3,36,756,476,58,4,1294,0,0,0,1294
12/08/2010,PHL,PA,AEA,EN,Combined TRACON& Tower with Radar,774,472,52,1,1299,0,7,29,0,36,774,479,81,1,1335,0,0,0,1335
12/09/2010,PHL,PA,AEA,EN,Combined TRACON& Tower with Radar,777,488,51,0,1316,0,2,34,3,39,777,490,85,3,1355,0,0,0,1355
12/10/2010,PHL,PA,AEA,EN,Combined TRACON& Tower with Radar,785,465,29,6,1285,0,0,39,3,42,785,465,68,9,1327,0,0,0,1327
12/11/2010,PHL,PA,AEA,EN,Combined TRACON& Tower with Radar,582,399,25,6,1012,0,4,30,8,42,582,403,55,14,1054,0,0,0,1054
12/12/2010,PHL,PA,AEA,EN,Combined TRACON& Tower with Radar,608,436,23,2,1069,0,0,0,0,0,608,436,23,2,1069,0,0,0,1069
12/13/2010,PHL,PA,AEA,EN,Combined TRACON& Tower with Radar,718,449,25,0,1192,0,8,13,3,24,718,457,38,3,1216,0,0,0,1216
12/14/2010,PHL,PA,AEA,EN,Combined TRACON& Tower with Radar,774,460,40,2,1276,0,4,12,3,19,774,464,52,5,1295,0,0,0,1295
12/15/2010,PHL,PA,AEA,EN,Combined TRACON& Tower with Radar,784,462,33,0,1279,0,7,26,6,39,784,469,59,6,1318,0,0,0,1318
12/16/2010,PHL,PA,AEA,EN,Combined TRACON& Tower with Radar,783,416,34,0,1233,0,5,21,1,27,783,421,55,1,1260,0,0,0,1260
12/17/2010,PHL,PA,AEA,EN,Combined TRACON& Tower with Radar,807,494,51,0,1352,0,0,15,0,15,807,494,66,0,1367,0,0,0,1367
12/18/2010,PHL,PA,AEA,EN,Combined TRACON& Tower with Radar,663,442,9,0,1114,0,3,24,6,33,663,445,33,6,1147,0,0,0,1147
12/19/2010,PHL,PA,AEA,EN,Combined TRACON& Tower with Radar,686,491,13,0,1190,0,1,23,1,25,686,492,36,1,1215,0,0,0,1215
12/20/2010,PHL,PA,AEA,EN,Combined TRACON& Tower with Radar,739,479,18,0,1236,0,8,12,12,32,739,487,30,12,1268,0,0,0,1268
12/21/2010,PHL,PA,AEA,EN,Combined TRACON& Tower with Radar,848,473,22,3,1346,0,4,31,8,43,848,477,53,11,1389,0,0,0,1389
12/22/2010,PHL,PA,AEA,EN,Combined TRACON& Tower with Radar,853,499,17,0,1369,0,1,4,1,6,853,500,21,1,1375,0,0,0,1375
12/23/2010,PHL,PA,AEA,EN,Combined TRACON& Tower with Radar,865,504,25,0,1394,0,0,3,0,3,865,504,28,0,1397,0,0,0,1397
12/24/2010,PHL,PA,AEA,EN,Combined TRACON& Tower with Radar,659,366,11,0,1036,0,0,2,0,2,659,366,13,0,1038,0,0,0,1038
12/25/2010,PHL,PA,AEA,EN,Combined TRACON& Tower with Radar,608,452,10,0,1070,0,1,0,0,1,608,453,10,0,1071,0,0,0,1071
12/26/2010,PHL,PA,AEA,EN,Combined TRACON& Tower with Radar,369,202,28,0,599,0,0,2,0,2,369,202,30,0,601,0,0,0,601
12/27/2010,PHL,PA,AEA,EN,Combined TRACON& Tower with Radar,373,139,33,0,545,0,1,0,2,3,373,140,33,2,548,0,0,0,548
12/28/2010,PHL,PA,AEA,EN,Combined TRACON& Tower with Radar,808,484,29,2,1323,0,5,7,1,13,808,489,36,3,1336,0,0,0,1336
12/29/2010,PHL,PA,AEA,EN,Combined TRACON& Tower with Radar,794,519,23,0,1336,0,6,4,0,10,794,525,27,0,1346,0,0,0,1346
12/30/2010,PHL,PA,AEA,EN,Combined TRACON& Tower with Radar,802,516,15,0,1333,0,3,6,3,12,802,519,21,3,1345,0,0,0,1345
12/31/2010,PHL,PA,AEA,EN,Combined TRACON& Tower with Radar,721,499,3,0,1223,0,4,3,1,8,721,503,6,1,1231,0,0,0,1231
01/01/2011,PHL,PA,AEA,EN,Combined TRACON& Tower with Radar,634,459,29,0,1122,0,2,2,0,4,634,461,31,0,1126,0,0,0,1126
01/02/2011,PHL,PA,AEA,EN,Combined TRACON& Tower with Radar,715,491,51,0,1257,0,2,2,0,4,715,493,53,0,1261,0,0,0,1261
01/03/2011,PHL,PA,AEA,EN,Combined TRACON& Tower with Radar,750,479,37,0,1266,0,4,4,0,8,750,483,41,0,1274,0,0,0,1274
01/04/2011,PHL,PA,AEA,EN,Combined TRACON& Tower with Radar,761,473,28,1,1263,0,2,31,0,33,761,475,59,1,1296,0,0,0,1296
01/05/2011,PHL,PA,AEA,EN,Combined TRACON& Tower with Radar,751,460,18,2,1231,0,1,10,0,11,751,461,28,2,1242,0,0,0,1242
01/06/2011,PHL,PA,AEA,EN,Combined TRACON& Tower with Radar,750,468,44,1,1263,0,6,7,1,14,750,474,51,2,1277,0,0,0,1277
01/07/2011,PHL,PA,AEA,EN,Combined TRACON& Tower with Radar,744,428,19,1,1192,0,3,1,1,5,744,431,20,2,1197,0,0,0,1197
01/08/2011,PHL,PA,AEA,EN,Combined TRACON& Tower with Radar,591,358,10,0,959,0,0,0,0,0,591,358,10,0,959,0,0,0,959
01/09/2011,PHL,PA,AEA,EN,Combined TRACON& Tower with Radar,663,471,30,1,1165,0,1,1,0,2,663,472,31,1,1167,0,0,0,1167
01/10/2011,PHL,PA,AEA,EN,Combined TRACON& Tower with Radar,670,467,28,0,1165,0,9,7,1,17,670,476,35,1,1182,0,0,0,1182
01/11/2011,PHL,PA,AEA,EN,Combined TRACON& Tower with Radar,601,379,26,1,1007,0,2,9,1,12,601,381,35,2,1019,0,0,0,1019
01/12/2011,PHL,PA,AEA,EN,Combined TRACON& Tower with Radar,561,372,25,0,958,0,0,7,0,7,561,372,32,0,965,0,0,0,965
01/13/2011,PHL,PA,AEA,EN,Combined TRACON& Tower with Radar,757,487,42,1,1287,0,4,3,6,13,757,491,45,7,1300,0,0,0,1300
01/14/2011,PHL,PA,AEA,EN,Combined TRACON& Tower with Radar,771,493,34,2,1300,0,2,2,0,4,771,495,36,2,1304,0,0,0,1304
01/15/2011,PHL,PA,AEA,EN,Combined TRACON& Tower with Radar,592,387,12,0,991,0,1,6,0,7,592,388,18,0,998,0,0,0,998
01/16/2011,PHL,PA,AEA,EN,Combined TRACON& Tower with Radar,666,473,14,0,1153,0,0,3,0,3,666,473,17,0,1156,0,0,0,1156
01/17/2011,PHL,PA,AEA,EN,Combined TRACON& Tower with Radar,711,453,42,0,1206,0,2,10,1,13,711,455,52,1,1219,0,0,0,1219
01/18/2011,PHL,PA,AEA,EN,Combined TRACON& Tower with Radar,663,320,34,0,1017,0,0,0,0,0,663,320,34,0,1017,0,0,0,1017
01/19/2011,PHL,PA,AEA,EN,Combined TRACON& Tower with Radar,752,458,40,0,1250,0,0,2,0,2,752,458,42,0,1252,0,0,0,1252
01/20/2011,PHL,PA,AEA,EN,Combined TRACON& Tower with Radar,763,486,47,0,1296,0,6,4,1,11,763,492,51,1,1307,0,0,0,1307
01/21/2011,PHL,PA,AEA,EN,Combined TRACON& Tower with Radar,708,468,31,0,1207,0,0,0,4,4,708,468,31,4,1211,0,0,0,1211
01/22/2011,PHL,PA,AEA,EN,Combined TRACON& Tower with Radar,582,384,19,0,985,0,2,5,0,7,582,386,24,0,992,0,0,0,992
01/23/2011,PHL,PA,AEA,EN,Combined TRACON& Tower with Radar,684,454,15,0,1153,0,0,1,0,1,684,454,16,0,1154,0,0,0,1154
01/24/2011,PHL,PA,AEA,EN,Combined TRACON& Tower with Radar,724,465,31,1,1221,0,1,14,0,15,724,466,45,1,1236,0,0,0,1236
01/25/2011,PHL,PA,AEA,EN,Combined TRACON& Tower with Radar,745,430,36,2,1213,0,1,22,2,25,745,431,58,4,1238,0,0,0,1238
01/26/2011,PHL,PA,AEA,EN,Combined TRACON& Tower with Radar,344,180,35,0,559,0,0,0,0,0,344,180,35,0,559,0,0,0,559
01/27/2011,PHL,PA,AEA,EN,Combined TRACON& Tower with Radar,552,265,21,0,838,0,5,9,0,14,552,270,30,0,852,0,0,0,852
01/28/2011,PHL,PA,AEA,EN,Combined TRACON& Tower with Radar,763,471,20,2,1256,0,1,9,0,10,763,472,29,2,1266,0,0,0,1266
01/29/2011,PHL,PA,AEA,EN,Combined TRACON& Tower with Radar,591,404,21,0,1016,0,0,0,1,1,591,404,21,1,1017,0,0,0,1017
01/30/2011,PHL,PA,AEA,EN,Combined TRACON& Tower with Radar,681,484,30,0,1195,0,1,3,0,4,681,485,33,0,1199,0,0,0,1199
01/31/2011,PHL,PA,AEA,EN,Combined TRACON& Tower with Radar,713,482,42,0,1237,0,5,7,2,14,713,487,49,2,1251,0,0,0,1251
02/01/2011,PHL,PA,AEA,EN,Combined TRACON& Tower with Radar,523,331,24,0,878,0,0,0,0,0,523,331,24,0,878,0,0,0,878
02/02/2011,PHL,PA,AEA,EN,Combined TRACON& Tower with Radar,566,301,13,0,880,0,0,0,0,0,566,301,13,0,880,0,0,0,880
02/03/2011,PHL,PA,AEA,EN,Combined TRACON& Tower with Radar,755,481,41,0,1277,0,6,5,0,11,755,487,46,0,1288,0,0,0,1288
02/04/2011,PHL,PA,AEA,EN,Combined TRACON& Tower with Radar,741,491,21,0,1253,0,4,5,4,13,741,495,26,4,1266,0,0,0,1266
02/05/2011,PHL,PA,AEA,EN,Combined TRACON& Tower with Radar,573,367,11,1,952,0,1,0,0,1,573,368,11,1,953,0,0,0,953
02/06/2011,PHL,PA,AEA,EN,Combined TRACON& Tower with Radar,669,483,10,1,1163,0,0,5,1,6,669,483,15,2,1169,0,0,0,1169
02/07/2011,PHL,PA,AEA,EN,Combined TRACON& Tower with Radar,725,481,27,0,1233,0,1,11,0,12,725,482,38,0,1245,0,0,0,1245
02/08/2011,PHL,PA,AEA,EN,Combined TRACON& Tower with Radar,739,447,19,1,1206,0,3,0,0,3,739,450,19,1,1209,0,0,0,1209
02/09/2011,PHL,PA,AEA,EN,Combined TRACON& Tower with Radar,740,477,41,0,1258,0,4,10,2,16,740,481,51,2,1274,0,0,0,1274
02/10/2011,PHL,PA,AEA,EN,Combined TRACON& Tower with Radar,758,489,52,0,1299,0,2,2,1,5,758,491,54,1,1304,0,0,0,1304
02/11/2011,PHL,PA,AEA,EN,Combined TRACON& Tower with Radar,761,494,35,4,1294,0,4,2,2,8,761,498,37,6,1302,0,0,0,1302
02/12/2011,PHL,PA,AEA,EN,Combined TRACON& Tower with Radar,589,393,6,0,988,0,2,2,3,7,589,395,8,3,995,0,0,0,995
02/13/2011,PHL,PA,AEA,EN,Combined TRACON& Tower with Radar,676,466,23,0,1165,0,1,5,0,6,676,467,28,0,1171,0,0,0,1171
02/14/2011,PHL,PA,AEA,EN,Combined TRACON& Tower with Radar,723,468,19,0,1210,0,0,2,1,3,723,468,21,1,1213,0,0,0,1213
02/15/2011,PHL,PA,AEA,EN,Combined TRACON& Tower with Radar,739,465,37,0,1241,0,0,13,0,13,739,465,50,0,1254,0,0,0,1254
02/16/2011,PHL,PA,AEA,EN,Combined TRACON& Tower with Radar,749,490,48,0,1287,0,5,24,0,29,749,495,72,0,1316,0,0,0,1316
02/17/2011,PHL,PA,AEA,EN,Combined TRACON& Tower with Radar,767,511,57,0,1335,0,1,9,0,10,767,512,66,0,1345,0,0,0,1345
02/18/2011,PHL,PA,AEA,EN,Combined TRACON& Tower with Radar,761,490,42,0,1293,0,1,12,0,13,761,491,54,0,1306,0,0,0,1306
02/19/2011,PHL,PA,AEA,EN,Combined TRACON& Tower with Radar,618,391,16,0,1025,0,0,1,0,1,618,391,17,0,1026,0,0,0,1026
02/20/2011,PHL,PA,AEA,EN,Combined TRACON& Tower with Radar,655,488,21,0,1164,0,0,4,2,6,655,488,25,2,1170,0,0,0,1170
02/21/2011,PHL,PA,AEA,EN,Combined TRACON& Tower with Radar,691,427,33,0,1151,0,1,4,0,5,691,428,37,0,1156,0,0,0,1156
02/22/2011,PHL,PA,AEA,EN,Combined TRACON& Tower with Radar,757,465,41,0,1263,0,3,4,5,12,757,468,45,5,1275,0,0,0,1275
02/23/2011,PHL,PA,AEA,EN,Combined TRACON& Tower with Radar,756,481,40,2,1279,0,3,4,3,10,756,484,44,5,1289,0,0,0,1289
02/24/2011,PHL,PA,AEA,EN,Combined TRACON& Tower with Radar,774,486,45,0,1305,0,3,11,0,14,774,489,56,0,1319,0,0,0,1319
02/25/2011,PHL,PA,AEA,EN,Combined TRACON& Tower with Radar,687,315,30,0,1032,0,1,0,0,1,687,316,30,0,1033,0,0,0,1033
02/26/2011,PHL,PA,AEA,EN,Combined TRACON& Tower with Radar,630,400,22,0,1052,0,0,4,0,4,630,400,26,0,1056,0,0,0,1056
02/27/2011,PHL,PA,AEA,EN,Combined TRACON& Tower with Radar,687,490,26,0,1203,0,0,6,0,6,687,490,32,0,1209,0,0,0,1209
02/28/2011,PHL,PA,AEA,EN,Combined TRACON& Tower with Radar,717,449,30,0,1196,0,1,0,0,1,717,450,30,0,1197,0,0,0,1197
03/01/2011,PHL,PA,AEA,EN,Combined TRACON& Tower with Radar,775,482,30,1,1288,0,5,9,3,17,775,487,39,4,1305,0,0,0,1305
03/02/2011,PHL,PA,AEA,EN,Combined TRACON& Tower with Radar,758,484,31,1,1274,0,2,6,0,8,758,486,37,1,1282,0,0,0,1282
03/03/2011,PHL,PA,AEA,EN,Combined TRACON& Tower with Radar,808,505,35,3,1351,0,3,3,0,6,808,508,38,3,1357,0,0,0,1357
03/04/2011,PHL,PA,AEA,EN,Combined TRACON& Tower with Radar,787,486,36,0,1309,0,2,6,1,9,787,488,42,1,1318,0,0,0,1318
03/05/2011,PHL,PA,AEA,EN,Combined TRACON& Tower with Radar,647,416,20,0,1083,0,1,4,0,5,647,417,24,0,1088,0,0,0,1088
03/06/2011,PHL,PA,AEA,EN,Combined TRACON& Tower with Radar,698,413,27,1,1139,0,0,0,0,0,698,413,27,1,1139,0,0,0,1139
03/07/2011,PHL,PA,AEA,EN,Combined TRACON& Tower with Radar,750,463,35,0,1248,0,3,11,3,17,750,466,46,3,1265,0,0,0,1265
03/08/2011,PHL,PA,AEA,EN,Combined TRACON& Tower with Radar,785,480,33,0,1298,0,3,6,2,11,785,483,39,2,1309,0,0,0,1309
03/09/2011,PHL,PA,AEA,EN,Combined TRACON& Tower with Radar,782,479,34,0,1295,0,0,6,0,6,782,479,40,0,1301,0,0,0,1301
03/10/2011,PHL,PA,AEA,EN,Combined TRACON& Tower with Radar,773,430,45,0,1248,0,0,0,0,0,773,430,45,0,1248,0,0,0,1248
03/11/2011,PHL,PA,AEA,EN,Combined TRACON& Tower with Radar,795,473,34,2,1304,0,5,5,0,10,795,478,39,2,1314,0,0,0,1314
03/12/2011,PHL,PA,AEA,EN,Combined TRACON& Tower with Radar,657,422,18,0,1097,0,0,3,0,3,657,422,21,0,1100,0,0,0,1100
03/13/2011,PHL,PA,AEA,EN,Combined TRACON& Tower with Radar,702,487,19,1,1209,0,1,4,2,7,702,488,23,3,1216,0,0,0,1216
03/14/2011,PHL,PA,AEA,EN,Combined TRACON& Tower with Radar,755,477,40,2,1274,0,1,6,3,10,755,478,46,5,1284,0,0,0,1284
03/15/2011,PHL,PA,AEA,EN,Combined TRACON& Tower with Radar,788,473,44,0,1305,0,5,8,0,13,788,478,52,0,1318,0,0,0,1318
03/16/2011,PHL,PA,AEA,EN,Combined TRACON& Tower with Radar,790,465,33,0,1288,0,2,2,0,4,790,467,35,0,1292,0,0,0,1292
03/17/2011,PHL,PA,AEA,EN,Combined TRACON& Tower with Radar,812,502,44,0,1358,0,3,7,3,13,812,505,51,3,1371,0,0,0,1371
03/18/2011,PHL,PA,AEA,EN,Combined TRACON& Tower with Radar,793,493,34,1,1321,0,1,19,1,21,793,494,53,2,1342,0,0,0,1342
03/19/2011,PHL,PA,AEA,EN,Combined TRACON& Tower with Radar,651,421,12,0,1084,0,2,4,1,7,651,423,16,1,1091,0,0,0,1091
03/20/2011,PHL,PA,AEA,EN,Combined TRACON& Tower with Radar,704,484,29,0,1217,0,0,6,0,6,704,484,35,0,1223,0,0,0,1223
03/21/2011,PHL,PA,AEA,EN,Combined TRACON& Tower with Radar,752,470,20,0,1242,0,1,0,0,1,752,471,20,0,1243,0,0,0,1243
03/22/2011,PHL,PA,AEA,EN,Combined TRACON& Tower with Radar,793,487,37,1,1318,0,3,6,0,9,793,490,43,1,1327,0,0,0,1327
03/23/2011,PHL,PA,AEA,EN,Combined TRACON& Tower with Radar,705,372,36,1,1114,0,0,0,0,0,705,372,36,1,1114,0,0,0,1114
03/24/2011,PHL,PA,AEA,EN,Combined TRACON& Tower with Radar,849,493,37,1,1380,0,4,2,3,9,849,497,39,4,1389,0,0,0,1389
03/25/2011,PHL,PA,AEA,EN,Combined TRACON& Tower with Radar,799,501,39,1,1340,0,9,8,3,20,799,510,47,4,1360,0,0,0,1360
03/26/2011,PHL,PA,AEA,EN,Combined TRACON& Tower with Radar,674,434,21,0,1129,0,0,9,2,11,674,434,30,2,1140,0,0,0,1140
03/27/2011,PHL,PA,AEA,EN,Combined TRACON& Tower with Radar,704,483,21,0,1208,0,3,3,0,6,704,486,24,0,1214,0,0,0,1214
03/28/2011,PHL,PA,AEA,EN,Combined TRACON& Tower with Radar,753,480,32,1,1266,0,0,12,5,17,753,480,44,6,1283,0,0,0,1283
03/29/2011,PHL,PA,AEA,EN,Combined TRACON& Tower with Radar,790,494,38,0,1322,0,3,22,0,25,790,497,60,0,1347,0,0,0,1347
03/30/2011,PHL,PA,AEA,EN,Combined TRACON& Tower with Radar,788,489,40,0,1317,0,10,8,3,21,788,499,48,3,1338,0,0,0,1338
03/31/2011,PHL,PA,AEA,EN,Combined TRACON& Tower with Radar,765,495,31,1,1292,0,0,1,0,1,765,495,32,1,1293,0,0,0,1293
04/01/2011,PHL,PA,AEA,EN,Combined TRACON& Tower with Radar,786,458,22,1,1267,0,0,2,1,3,786,458,24,2,1270,0,0,0,1270
04/02/2011,PHL,PA,AEA,EN,Combined TRACON& Tower with Radar,630,420,20,0,1070,0,2,2,3,7,630,422,22,3,1077,0,0,0,1077
04/03/2011,PHL,PA,AEA,EN,Combined TRACON& Tower with Radar,690,496,33,4,1223,0,5,14,6,25,690,501,47,10,1248,0,0,0,1248
04/04/2011,PHL,PA,AEA,EN,Combined TRACON& Tower with Radar,726,491,45,1,1263,0,4,3,2,9,726,495,48,3,1272,0,0,0,1272
04/05/2011,PHL,PA,AEA,EN,Combined TRACON& Tower with Radar,768,447,39,4,1258,0,2,4,2,8,768,449,43,6,1266,0,0,0,1266
04/06/2011,PHL,PA,AEA,EN,Combined TRACON& Tower with Radar,774,484,48,7,1313,0,2,26,1,29,774,486,74,8,1342,0,0,0,1342
04/07/2011,PHL,PA,AEA,EN,Combined TRACON& Tower with Radar,776,495,52,0,1323,0,12,8,2,22,776,507,60,2,1345,0,0,0,1345
04/08/2011,PHL,PA,AEA,EN,Combined TRACON& Tower with Radar,772,487,42,2,1303,0,0,2,0,2,772,487,44,2,1305,0,0,0,1305
04/09/2011,PHL,PA,AEA,EN,Combined TRACON& Tower with Radar,644,444,12,0,1100,0,0,6,0,6,644,444,18,0,1106,0,0,0,1106
04/10/2011,PHL,PA,AEA,EN,Combined TRACON& Tower with Radar,673,497,33,0,1203,0,5,2,0,7,673,502,35,0,1210,0,0,0,1210
04/11/2011,PHL,PA,AEA,EN,Combined TRACON& Tower with Radar,731,492,38,0,1261,0,5,4,0,9,731,497,42,0,1270,0,0,0,1270
04/12/2011,PHL,PA,AEA,EN,Combined TRACON& Tower with Radar,729,404,30,0,1163,0,2,2,0,4,729,406,32,0,1167,0,0,0,1167
04/13/2011,PHL,PA,AEA,EN,Combined TRACON& Tower with Radar,738,401,36,0,1175,0,0,1,0,1,738,401,37,0,1176,0,0,0,1176
04/14/2011,PHL,PA,AEA,EN,Combined TRACON& Tower with Radar,794,531,46,0,1371,0,3,10,2,15,794,534,56,2,1386,0,0,0,1386
04/15/2011,PHL,PA,AEA,EN,Combined TRACON& Tower with Radar,764,519,47,0,1330,0,1,10,2,13,764,520,57,2,1343,0,0,0,1343
04/16/2011,PHL,PA,AEA,EN,Combined TRACON& Tower with Radar,646,399,17,0,1062,0,0,0,0,0,646,399,17,0,1062,0,0,0,1062
04/17/2011,PHL,PA,AEA,EN,Combined TRACON& Tower with Radar,687,494,22,0,1203,0,0,2,0,2,687,494,24,0,1205,0,0,0,1205
04/18/2011,PHL,PA,AEA,EN,Combined TRACON& Tower with Radar,726,485,34,1,1246,0,0,20,0,20,726,485,54,1,1266,0,0,0,1266
04/19/2011,PHL,PA,AEA,EN,Combined TRACON& Tower with Radar,761,480,39,1,1281,0,2,6,0,8,761,482,45,1,1289,0,0,0,1289
04/20/2011,PHL,PA,AEA,EN,Combined TRACON& Tower with Radar,769,479,54,0,1302,0,0,2,0,2,769,479,56,0,1304,0,0,0,1304
04/21/2011,PHL,PA,AEA,EN,Combined TRACON& Tower with Radar,795,502,53,0,1350,0,3,16,0,19,795,505,69,0,1369,0,0,0,1369
04/22/2011,PHL,PA,AEA,EN,Combined TRACON& Tower with Radar,758,509,23,1,1291,0,0,13,0,13,758,509,36,1,1304,0,0,0,1304
04/23/2011,PHL,PA,AEA,EN,Combined TRACON& Tower with Radar,628,378,18,0,1024,0,0,0,0,0,628,378,18,0,1024,0,0,0,1024
04/24/2011,PHL,PA,AEA,EN,Combined TRACON& Tower with Radar,690,491,29,0,1210,0,0,0,0,0,690,491,29,0,1210,0,0,0,1210
04/25/2011,PHL,PA,AEA,EN,Combined TRACON& Tower with Radar,728,505,20,0,1253,0,0,1,0,1,728,505,21,0,1254,0,0,0,1254
04/26/2011,PHL,PA,AEA,EN,Combined TRACON& Tower with Radar,756,485,55,0,1296,0,1,27,0,28,756,486,82,0,1324,0,0,0,1324
04/27/2011,PHL,PA,AEA,EN,Combined TRACON& Tower with Radar,767,485,43,0,1295,0,0,6,0,6,767,485,49,0,1301,0,0,0,1301
04/28/2011,PHL,PA,AEA,EN,Combined TRACON& Tower with Radar,732,377,27,0,1136,0,2,0,1,3,732,379,27,1,1139,0,0,0,1139
04/29/2011,PHL,PA,AEA,EN,Combined TRACON& Tower with Radar,771,512,40,0,1323,0,3,10,2,15,771,515,50,2,1338,0,0,0,1338
04/30/2011,PHL,PA,AEA,EN,Combined TRACON& Tower with Radar,632,430,23,1,1086,0,1,11,0,12,632,431,34,1,1098,0,0,0,1098
05/01/2011,PHL,PA,AEA,EN,Combined TRACON& Tower with Radar,674,505,22,1,1202,0,2,2,1,5,674,507,24,2,1207,0,0,0,1207
05/02/2011,PHL,PA,AEA,EN,Combined TRACON& Tower with Radar,734,490,42,0,1266,0,1,8,2,11,734,491,50,2,1277,0,0,0,1277
05/03/2011,PHL,PA,AEA,EN,Combined TRACON& Tower with Radar,762,479,50,0,1291,0,5,11,1,17,762,484,61,1,1308,0,0,0,1308
05/04/2011,PHL,PA,AEA,EN,Combined TRACON& Tower with Radar,753,471,76,0,1300,0,0,0,0,0,753,471,76,0,1300,0,0,0,1300
05/05/2011,PHL,PA,AEA,EN,Combined TRACON& Tower with Radar,775,531,55,1,1362,0,3,5,1,9,775,534,60,2,1371,0,0,0,1371
05/06/2011,PHL,PA,AEA,EN,Combined TRACON& Tower with Radar,768,533,24,0,1325,0,1,11,1,13,768,534,35,1,1338,0,0,0,1338
05/07/2011,PHL,PA,AEA,EN,Combined TRACON& Tower with Radar,650,419,14,0,1083,0,1,4,0,5,650,420,18,0,1088,0,0,0,1088
05/08/2011,PHL,PA,AEA,EN,Combined TRACON& Tower with Radar,676,494,32,0,1202,0,0,12,0,12,676,494,44,0,1214,0,0,0,1214
05/09/2011,PHL,PA,AEA,EN,Combined TRACON& Tower with Radar,735,516,52,1,1304,0,3,18,0,21,735,519,70,1,1325,0,0,0,1325
05/10/2011,PHL,PA,AEA,EN,Combined TRACON& Tower with Radar,779,506,49,1,1335,0,3,9,0,12,779,509,58,1,1347,0,0,0,1347
05/11/2011,PHL,PA,AEA,EN,Combined TRACON& Tower with Radar,758,504,50,0,1312,0,1,8,0,9,758,505,58,0,1321,0,0,0,1321
05/12/2011,PHL,PA,AEA,EN,Combined TRACON& Tower with Radar,778,534,54,0,1366,0,7,10,0,17,778,541,64,0,1383,0,0,0,1383
05/13/2011,PHL,PA,AEA,EN,Combined TRACON& Tower with Radar,770,518,53,0,1341,0,2,14,0,16,770,520,67,0,1357,0,0,0,1357
05/14/2011,PHL,PA,AEA,EN,Combined TRACON& Tower with Radar,645,417,26,0,1088,0,0,4,0,4,645,417,30,0,1092,0,0,0,1092
05/15/2011,PHL,PA,AEA,EN,Combined TRACON& Tower with Radar,678,449,50,0,1177,0,0,0,0,0,678,449,50,0,1177,0,0,0,1177
05/16/2011,PHL,PA,AEA,EN,Combined TRACON& Tower with Radar,741,483,51,2,1277,0,0,3,0,3,741,483,54,2,1280,0,0,0,1280
05/17/2011,PHL,PA,AEA,EN,Combined TRACON& Tower with Radar,745,456,55,1,1257,0,0,0,0,0,745,456,55,1,1257,0,0,0,1257
05/18/2011,PHL,PA,AEA,EN,Combined TRACON& Tower with Radar,766,503,66,5,1340,0,0,0,0,0,766,503,66,5,1340,0,0,0,1340
05/19/2011,PHL,PA,AEA,EN,Combined TRACON& Tower with Radar,760,466,54,1,1281,0,3,3,0,6,760,469,57,1,1287,0,0,0,1287
05/20/2011,PHL,PA,AEA,EN,Combined TRACON& Tower with Radar,764,488,33,0,1285,0,0,6,2,8,764,488,39,2,1293,0,0,0,1293
05/21/2011,PHL,PA,AEA,EN,Combined TRACON& Tower with Radar,655,425,21,0,1101,0,0,6,0,6,655,425,27,0,1107,0,0,0,1107
05/22/2011,PHL,PA,AEA,EN,Combined TRACON& Tower with Radar,665,475,17,0,1157,0,0,0,0,0,665,475,17,0,1157,0,0,0,1157
05/23/2011,PHL,PA,AEA,EN,Combined TRACON& Tower with Radar,718,482,40,2,1242,0,0,3,0,3,718,482,43,2,1245,0,0,0,1245
05/24/2011,PHL,PA,AEA,EN,Combined TRACON& Tower with Radar,783,501,43,0,1327,0,0,6,2,8,783,501,49,2,1335,0,0,0,1335
05/25/2011,PHL,PA,AEA,EN,Combined TRACON& Tower with Radar,739,495,43,0,1277,0,1,17,1,19,739,496,60,1,1296,0,0,0,1296
05/26/2011,PHL,PA,AEA,EN,Combined TRACON& Tower with Radar,750,504,50,0,1304,0,0,9,4,13,750,504,59,4,1317,0,0,0,1317
05/27/2011,PHL,PA,AEA,EN,Combined TRACON& Tower with Radar,779,492,37,1,1309,0,0,2,3,5,779,492,39,4,1314,0,0,0,1314
05/28/2011,PHL,PA,AEA,EN,Combined TRACON& Tower with Radar,635,400,16,0,1051,0,1,4,0,5,635,401,20,0,1056,0,0,0,1056
05/29/2011,PHL,PA,AEA,EN,Combined TRACON& Tower with Radar,587,385,17,0,989,0,0,7,0,7,587,385,24,0,996,0,0,0,996
05/30/2011,PHL,PA,AEA,EN,Combined TRACON& Tower with Radar,680,470,30,0,1180,0,1,5,0,6,680,471,35,0,1186,0,0,0,1186
05/31/2011,PHL,PA,AEA,EN,Combined TRACON& Tower with Radar,732,499,43,0,1274,0,1,4,2,7,732,500,47,2,1281,0,0,0,1281
06/01/2011,PHL,PA,AEA,EN,Combined TRACON& Tower with Radar,775,498,45,0,1318,0,9,11,1,21,775,507,56,1,1339,0,0,0,1339
06/02/2011,PHL,PA,AEA,EN,Combined TRACON& Tower with Radar,779,531,56,2,1368,0,1,9,0,10,779,532,65,2,1378,0,0,0,1378
06/03/2011,PHL,PA,AEA,EN,Combined TRACON& Tower with Radar,779,525,52,2,1358,0,1,9,1,11,779,526,61,3,1369,0,0,0,1369
06/04/2011,PHL,PA,AEA,EN,Combined TRACON& Tower with Radar,649,419,17,0,1085,0,0,6,0,6,649,419,23,0,1091,0,0,0,1091
06/05/2011,PHL,PA,AEA,EN,Combined TRACON& Tower with Radar,681,498,24,0,1203,0,0,7,0,7,681,498,31,0,1210,0,0,0,1210
06/06/2011,PHL,PA,AEA,EN,Combined TRACON& Tower with Radar,752,524,21,1,1298,0,4,2,1,7,752,528,23,2,1305,0,0,0,1305
06/07/2011,PHL,PA,AEA,EN,Combined TRACON& Tower with Radar,790,509,52,0,1351,0,0,12,2,14,790,509,64,2,1365,0,0,0,1365
06/08/2011,PHL,PA,AEA,EN,Combined TRACON& Tower with Radar,793,496,39,0,1328,0,6,14,0,20,793,502,53,0,1348,0,0,0,1348
06/09/2011,PHL,PA,AEA,EN,Combined TRACON& Tower with Radar,748,447,41,2,1238,0,4,4,1,9,748,451,45,3,1247,0,0,0,1247
06/10/2011,PHL,PA,AEA,EN,Combined TRACON& Tower with Radar,794,525,38,0,1357,0,1,9,0,10,794,526,47,0,1367,0,0,0,1367
06/11/2011,PHL,PA,AEA,EN,Combined TRACON& Tower with Radar,666,394,22,1,1083,0,2,2,0,4,666,396,24,1,1087,0,0,0,1087
06/12/2011,PHL,PA,AEA,EN,Combined TRACON& Tower with Radar,663,448,35,0,1146,0,1,3,0,4,663,449,38,0,1150,0,0,0,1150
06/13/2011,PHL,PA,AEA,EN,Combined TRACON& Tower with Radar,756,514,38,0,1308,0,2,9,0,11,756,516,47,0,1319,0,0,0,1319
06/14/2011,PHL,PA,AEA,EN,Combined TRACON& Tower with Radar,796,530,41,1,1368,0,3,16,0,19,796,533,57,1,1387,0,0,0,1387
06/15/2011,PHL,PA,AEA,EN,Combined TRACON& Tower with Radar,782,524,45,0,1351,0,3,27,1,31,782,527,72,1,1382,0,0,0,1382
06/16/2011,PHL,PA,AEA,EN,Combined TRACON& Tower with Radar,807,524,36,2,1369,0,1,8,1,10,807,525,44,3,1379,0,0,0,1379
06/17/2011,PHL,PA,AEA,EN,Combined TRACON& Tower with Radar,797,508,37,0,1342,0,0,12,1,13,797,508,49,1,1355,0,0,0,1355
06/18/2011,PHL,PA,AEA,EN,Combined TRACON& Tower with Radar,687,428,24,1,1140,0,2,4,1,7,687,430,28,2,1147,0,0,0,1147
06/19/2011,PHL,PA,AEA,EN,Combined TRACON& Tower with Radar,659,435,19,0,1113,0,2,11,1,14,659,437,30,1,1127,0,0,0,1127
06/20/2011,PHL,PA,AEA,EN,Combined TRACON& Tower with Radar,757,494,26,0,1277,0,7,4,3,14,757,501,30,3,1291,0,0,0,1291
06/21/2011,PHL,PA,AEA,EN,Combined TRACON& Tower with Radar,776,494,21,0,1291,0,4,3,0,7,776,498,24,0,1298,0,0,0,1298
06/22/2011,PHL,PA,AEA,EN,Combined TRACON& Tower with Radar,783,501,48,1,1333,0,2,8,2,12,783,503,56,3,1345,0,0,0,1345
06/23/2011,PHL,PA,AEA,EN,Combined TRACON& Tower with Radar,808,491,47,1,1347,0,0,5,2,7,808,491,52,3,1354,0,0,0,1354
06/24/2011,PHL,PA,AEA,EN,Combined TRACON& Tower with Radar,775,481,49,0,1305,0,0,6,0,6,775,481,55,0,1311,0,0,0,1311
06/25/2011,PHL,PA,AEA,EN,Combined TRACON& Tower with Radar,680,411,20,0,1111,0,0,5,0,5,680,411,25,0,1116,0,0,0,1116
06/26/2011,PHL,PA,AEA,EN,Combined TRACON& Tower with Radar,688,487,30,0,1205,0,2,5,0,7,688,489,35,0,1212,0,0,0,1212
06/27/2011,PHL,PA,AEA,EN,Combined TRACON& Tower with Radar,747,503,35,2,1287,0,5,16,3,24,747,508,51,5,1311,0,0,0,1311
06/28/2011,PHL,PA,AEA,EN,Combined TRACON& Tower with Radar,730,454,40,0,1224,0,2,2,0,4,730,456,42,0,1228,0,0,0,1228
06/29/2011,PHL,PA,AEA,EN,Combined TRACON& Tower with Radar,808,518,45,1,1372,0,4,16,0,20,808,522,61,1,1392,0,0,0,1392
06/30/2011,PHL,PA,AEA,EN,Combined TRACON& Tower with Radar,808,517,43,3,1371,0,0,13,1,14,808,517,56,4,1385,0,0,0,1385
07/01/2011,PHL,PA,AEA,EN,Combined TRACON& Tower with Radar,785,515,39,2,1341,0,3,9,2,14,785,518,48,4,1355,0,0,0,1355
07/02/2011,PHL,PA,AEA,EN,Combined TRACON& Tower with Radar,665,419,11,0,1095,0,0,13,0,13,665,419,24,0,1108,0,0,0,1108
07/03/2011,PHL,PA,AEA,EN,Combined TRACON& Tower with Radar,641,416,11,0,1068,0,0,2,0,2,641,416,13,0,1070,0,0,0,1070
07/04/2011,PHL,PA,AEA,EN,Combined TRACON& Tower with Radar,888,606,14,0,1508,0,1,14,1,16,888,607,28,1,1524,0,0,0,1524
07/05/2011,PHL,PA,AEA,EN,Combined TRACON& Tower with Radar,760,506,31,0,1297,0,0,8,0,8,760,506,39,0,1305,0,0,0,1305
07/06/2011,PHL,PA,AEA,EN,Combined TRACON& Tower with Radar,788,504,27,1,1320,0,2,18,0,20,788,506,45,1,1340,0,0,0,1340
07/07/2011,PHL,PA,AEA,EN,Combined TRACON& Tower with Radar,799,489,43,0,1331,0,6,11,0,17,799,495,54,0,1348,0,0,0,1348
07/08/2011,PHL,PA,AEA,EN,Combined TRACON& Tower with Radar,686,342,29,0,1057,0,0,5,0,5,686,342,34,0,1062,0,0,0,1062
07/09/2011,PHL,PA,AEA,EN,Combined TRACON& Tower with Radar,704,427,18,0,1149,0,0,4,0,4,704,427,22,0,1153,0,0,0,1153
07/10/2011,PHL,PA,AEA,EN,Combined TRACON& Tower with Radar,699,498,28,0,1225,0,1,3,0,4,699,499,31,0,1229,0,0,0,1229
07/11/2011,PHL,PA,AEA,EN,Combined TRACON& Tower with Radar,738,494,46,1,1279,0,2,11,0,13,738,496,57,1,1292,0,0,0,1292
07/12/2011,PHL,PA,AEA,EN,Combined TRACON& Tower with Radar,796,501,46,1,1344,0,1,12,2,15,796,502,58,3,1359,0,0,0,1359
07/13/2011,PHL,PA,AEA,EN,Combined TRACON& Tower with Radar,797,514,30,2,1343,0,1,10,4,15,797,515,40,6,1358,0,0,0,1358
07/14/2011,PHL,PA,AEA,EN,Combined TRACON& Tower with Radar,796,521,40,1,1358,0,2,10,0,12,796,523,50,1,1370,0,0,0,1370
07/15/2011,PHL,PA,AEA,EN,Combined TRACON& Tower with Radar,774,518,34,0,1326,0,4,15,1,20,774,522,49,1,1346,0,0,0,1346
07/16/2011,PHL,PA,AEA,EN,Combined TRACON& Tower with Radar,678,435,16,0,1129,0,3,12,1,16,678,438,28,1,1145,0,0,0,1145
07/17/2011,PHL,PA,AEA,EN,Combined TRACON& Tower with Radar,681,487,29,0,1197,0,2,7,0,9,681,489,36,0,1206,0,0,0,1206
07/18/2011,PHL,PA,AEA,EN,Combined TRACON& Tower with Radar,766,493,38,1,1298,0,4,10,0,14,766,497,48,1,1312,0,0,0,1312
07/19/2011,PHL,PA,AEA,EN,Combined TRACON& Tower with Radar,776,471,38,1,1286,0,2,22,12,36,776,473,60,13,1322,0,0,0,1322
07/20/2011,PHL,PA,AEA,EN,Combined TRACON& Tower with Radar,798,501,60,0,1359,0,0,14,2,16,798,501,74,2,1375,0,0,0,1375
07/21/2011,PHL,PA,AEA,EN,Combined TRACON& Tower with Radar,797,500,42,0,1339,0,3,12,4,19,797,503,54,4,1358,0,0,0,1358
07/22/2011,PHL,PA,AEA,EN,Combined TRACON& Tower with Radar,793,454,23,2,1272,0,0,1,1,2,793,454,24,3,1274,0,0,0,1274
07/23/2011,PHL,PA,AEA,EN,Combined TRACON& Tower with Radar,677,411,7,0,1095,0,0,4,0,4,677,411,11,0,1099,0,0,0,1099
07/24/2011,PHL,PA,AEA,EN,Combined TRACON& Tower with Radar,688,487,31,0,1206,0,1,3,0,4,688,488,34,0,1210,0,0,0,1210
07/25/2011,PHL,PA,AEA,EN,Combined TRACON& Tower with Radar,724,438,46,1,1209,0,0,5,2,7,724,438,51,3,1216,0,0,0,1216
07/26/2011,PHL,PA,AEA,EN,Combined TRACON& Tower with Radar,821,526,42,1,1390,0,0,11,4,15,821,526,53,5,1405,0,0,0,1405
07/27/2011,PHL,PA,AEA,EN,Combined TRACON& Tower with Radar,791,517,43,0,1351,0,1,4,0,5,791,518,47,0,1356,0,0,0,1356
07/28/2011,PHL,PA,AEA,EN,Combined TRACON& Tower with Radar,796,509,24,0,1329,0,2,4,0,6,796,511,28,0,1335,0,0,0,1335
07/29/2011,PHL,PA,AEA,EN,Combined TRACON& Tower with Radar,797,499,30,0,1326,0,0,15,0,15,797,499,45,0,1341,0,0,0,1341
07/30/2011,PHL,PA,AEA,EN,Combined TRACON& Tower with Radar,683,427,28,0,1138,0,1,2,0,3,683,428,30,0,1141,0,0,0,1141
07/31/2011,PHL,PA,AEA,EN,Combined TRACON& Tower with Radar,690,483,24,0,1197,0,3,5,0,8,690,486,29,0,1205,0,0,0,1205
08/01/2011,PHL,PA,AEA,EN,Combined TRACON& Tower with Radar,721,439,35,0,1195,0,3,5,0,8,721,442,40,0,1203,0,0,0,1203
08/02/2011,PHL,PA,AEA,EN,Combined TRACON& Tower with Radar,800,501,31,3,1335,0,0,9,4,13,800,501,40,7,1348,0,0,0,1348
08/03/2011,PHL,PA,AEA,EN,Combined TRACON& Tower with Radar,799,504,49,0,1352,0,4,4,2,10,799,508,53,2,1362,0,0,0,1362
08/04/2011,PHL,PA,AEA,EN,Combined TRACON& Tower with Radar,800,514,52,0,1366,0,0,7,0,7,800,514,59,0,1373,0,0,0,1373
08/05/2011,PHL,PA,AEA,EN,Combined TRACON& Tower with Radar,771,500,33,2,1306,0,1,19,1,21,771,501,52,3,1327,0,0,0,1327
08/06/2011,PHL,PA,AEA,EN,Combined TRACON& Tower with Radar,666,441,6,0,1113,0,0,0,0,0,666,441,6,0,1113,0,0,0,1113
08/07/2011,PHL,PA,AEA,EN,Combined TRACON& Tower with Radar,668,490,26,0,1184,0,0,7,0,7,668,490,33,0,1191,0,0,0,1191
08/08/2011,PHL,PA,AEA,EN,Combined TRACON& Tower with Radar,754,504,31,0,1289,0,7,4,0,11,754,511,35,0,1300,0,0,0,1300
08/09/2011,PHL,PA,AEA,EN,Combined TRACON& Tower with Radar,748,422,46,0,1216,0,0,4,0,4,748,422,50,0,1220,0,0,0,1220
08/10/2011,PHL,PA,AEA,EN,Combined TRACON& Tower with Radar,794,512,36,0,1342,0,0,30,1,31,794,512,66,1,1373,0,0,0,1373
08/11/2011,PHL,PA,AEA,EN,Combined TRACON& Tower with Radar,802,509,42,1,1354,0,4,13,0,17,802,513,55,1,1371,0,0,0,1371
08/12/2011,PHL,PA,AEA,EN,Combined TRACON& Tower with Radar,785,514,22,0,1321,0,0,14,2,16,785,514,36,2,1337,0,0,0,1337
08/13/2011,PHL,PA,AEA,EN,Combined TRACON& Tower with Radar,682,427,18,0,1127,0,0,6,2,8,682,427,24,2,1135,0,0,0,1135
08/14/2011,PHL,PA,AEA,EN,Combined TRACON& Tower with Radar,648,377,15,0,1040,0,0,0,0,0,648,377,15,0,1040,0,0,0,1040
08/15/2011,PHL,PA,AEA,EN,Combined TRACON& Tower with Radar,741,456,30,0,1227,0,0,1,0,1,741,456,31,0,1228,0,0,0,1228
08/16/2011,PHL,PA,AEA,EN,Combined TRACON& Tower with Radar,785,520,46,0,1351,0,4,8,0,12,785,524,54,0,1363,0,0,0,1363
08/17/2011,PHL,PA,AEA,EN,Combined TRACON& Tower with Radar,768,533,53,1,1355,0,6,10,0,16,768,539,63,1,1371,0,0,0,1371
08/18/2011,PHL,PA,AEA,EN,Combined TRACON& Tower with Radar,774,476,45,1,1296,0,1,6,0,7,774,477,51,1,1303,0,0,0,1303
08/19/2011,PHL,PA,AEA,EN,Combined TRACON& Tower with Radar,709,444,29,0,1182,0,1,6,1,8,709,445,35,1,1190,0,0,0,1190
08/20/2011,PHL,PA,AEA,EN,Combined TRACON& Tower with Radar,694,452,7,0,1153,0,0,4,0,4,694,452,11,0,1157,0,0,0,1157
08/21/2011,PHL,PA,AEA,EN,Combined TRACON& Tower with Radar,649,421,23,0,1093,0,0,4,0,4,649,421,27,0,1097,0,0,0,1097
08/22/2011,PHL,PA,AEA,EN,Combined TRACON& Tower with Radar,743,533,33,0,1309,0,3,8,0,11,743,536,41,0,1320,0,0,0,1320
08/23/2011,PHL,PA,AEA,EN,Combined TRACON& Tower with Radar,774,533,36,0,1343,0,2,9,0,11,774,535,45,0,1354,0,0,0,1354
08/24/2011,PHL,PA,AEA,EN,Combined TRACON& Tower with Radar,772,516,33,2,1323,0,0,13,1,14,772,516,46,3,1337,0,0,0,1337
08/25/2011,PHL,PA,AEA,EN,Combined TRACON& Tower with Radar,713,375,19,0,1107,0,0,2,0,2,713,375,21,0,1109,0,0,0,1109
08/26/2011,PHL,PA,AEA,EN,Combined TRACON& Tower with Radar,779,521,21,0,1321,0,5,5,2,12,779,526,26,2,1333,0,0,0,1333
08/27/2011,PHL,PA,AEA,EN,Combined TRACON& Tower with Radar,519,338,13,0,870,0,0,0,0,0,519,338,13,0,870,0,0,0,870
08/28/2011,PHL,PA,AEA,EN,Combined TRACON& Tower with Radar,6,9,3,0,18,0,0,3,9,12,6,9,6,9,30,0,0,0,30
08/29/2011,PHL,PA,AEA,EN,Combined TRACON& Tower with Radar,648,510,26,0,1184,0,1,16,11,28,648,511,42,11,1212,0,0,0,1212
08/30/2011,PHL,PA,AEA,EN,Combined TRACON& Tower with Radar,757,521,41,1,1320,0,0,14,2,16,757,521,55,3,1336,0,0,0,1336
08/31/2011,PHL,PA,AEA,EN,Combined TRACON& Tower with Radar,771,517,51,0,1339,0,0,9,0,9,771,517,60,0,1348,0,0,0,1348
09/01/2011,PHL,PA,AEA,EN,Combined TRACON& Tower with Radar,792,522,47,2,1363,0,1,13,0,14,792,523,60,2,1377,0,0,0,1377
09/02/2011,PHL,PA,AEA,EN,Combined TRACON& Tower with Radar,773,531,29,1,1334,0,1,9,0,10,773,532,38,1,1344,0,0,0,1344
09/03/2011,PHL,PA,AEA,EN,Combined TRACON& Tower with Radar,622,433,16,0,1071,0,0,3,1,4,622,433,19,1,1075,0,0,0,1075
09/04/2011,PHL,PA,AEA,EN,Combined TRACON& Tower with Radar,572,408,20,0,1000,0,1,2,2,5,572,409,22,2,1005,0,0,0,1005
09/05/2011,PHL,PA,AEA,EN,Combined TRACON& Tower with Radar,645,465,22,0,1132,0,0,0,0,0,645,465,22,0,1132,0,0,0,1132
09/06/2011,PHL,PA,AEA,EN,Combined TRACON& Tower with Radar,691,414,44,0,1149,0,0,0,0,0,691,414,44,0,1149,0,0,0,1149
09/07/2011,PHL,PA,AEA,EN,Combined TRACON& Tower with Radar,622,324,37,1,984,0,0,4,2,6,622,324,41,3,990,0,0,0,990
09/08/2011,PHL,PA,AEA,EN,Combined TRACON& Tower with Radar,749,483,43,1,1276,0,0,2,0,2,749,483,45,1,1278,0,0,0,1278
09/09/2011,PHL,PA,AEA,EN,Combined TRACON& Tower with Radar,745,526,39,0,1310,0,2,11,1,14,745,528,50,1,1324,0,0,0,1324
09/10/2011,PHL,PA,AEA,EN,Combined TRACON& Tower with Radar,593,442,18,0,1053,0,1,9,5,15,593,443,27,5,1068,0,0,0,1068
09/11/2011,PHL,PA,AEA,EN,Combined TRACON& Tower with Radar,651,475,20,0,1146,0,1,2,0,3,651,476,22,0,1149,0,0,0,1149
09/12/2011,PHL,PA,AEA,EN,Combined TRACON& Tower with Radar,723,533,52,0,1308,0,4,1,0,5,723,537,53,0,1313,0,0,0,1313
09/13/2011,PHL,PA,AEA,EN,Combined TRACON& Tower with Radar,733,529,58,0,1320,0,0,5,0,5,733,529,63,0,1325,0,0,0,1325
09/14/2011,PHL,PA,AEA,EN,Combined TRACON& Tower with Radar,727,526,58,1,1312,0,3,4,0,7,727,529,62,1,1319,0,0,0,1319
09/15/2011,PHL,PA,AEA,EN,Combined TRACON& Tower with Radar,762,562,66,1,1391,0,2,1,0,3,762,564,67,1,1394,0,0,0,1394
09/16/2011,PHL,PA,AEA,EN,Combined TRACON& Tower with Radar,758,541,30,2,1331,0,1,18,2,21,758,542,48,4,1352,0,0,0,1352
09/17/2011,PHL,PA,AEA,EN,Combined TRACON& Tower with Radar,597,447,27,0,1071,0,2,6,0,8,597,449,33,0,1079,0,0,0,1079
09/18/2011,PHL,PA,AEA,EN,Combined TRACON& Tower with Radar,646,507,23,0,1176,0,0,4,0,4,646,507,27,0,1180,0,0,0,1180
09/19/2011,PHL,PA,AEA,EN,Combined TRACON& Tower with Radar,727,534,42,0,1303,0,0,7,0,7,727,534,49,0,1310,0,0,0,1310
09/20/2011,PHL,PA,AEA,EN,Combined TRACON& Tower with Radar,728,536,48,3,1315,0,0,2,0,2,728,536,50,3,1317,0,0,0,1317
09/21/2011,PHL,PA,AEA,EN,Combined TRACON& Tower with Radar,743,532,55,2,1332,0,1,8,0,9,743,533,63,2,1341,0,0,0,1341
09/22/2011,PHL,PA,AEA,EN,Combined TRACON& Tower with Radar,749,507,40,0,1296,0,0,2,0,2,749,507,42,0,1298,0,0,0,1298
09/23/2011,PHL,PA,AEA,EN,Combined TRACON& Tower with Radar,712,397,27,1,1137,0,0,0,0,0,712,397,27,1,1137,0,0,0,1137
09/24/2011,PHL,PA,AEA,EN,Combined TRACON& Tower with Radar,591,442,17,0,1050,0,0,10,0,10,591,442,27,0,1060,0,0,0,1060
09/25/2011,PHL,PA,AEA,EN,Combined TRACON& Tower with Radar,645,507,37,0,1189,0,0,5,0,5,645,507,42,0,1194,0,0,0,1194
09/26/2011,PHL,PA,AEA,EN,Combined TRACON& Tower with Radar,703,495,30,0,1228,0,0,4,0,4,703,495,34,0,1232,0,0,0,1232
09/27/2011,PHL,PA,AEA,EN,Combined TRACON& Tower with Radar,721,507,39,1,1268,0,0,7,0,7,721,507,46,1,1275,0,0,0,1275
09/28/2011,PHL,PA,AEA,EN,Combined TRACON& Tower with Radar,729,492,52,3,1276,0,2,7,0,9,729,494,59,3,1285,0,0,0,1285
09/29/2011,PHL,PA,AEA,EN,Combined TRACON& Tower with Radar,760,498,44,0,1302,0,0,9,1,10,760,498,53,1,1312,0,0,0,1312
09/30/2011,PHL,PA,AEA,EN,Combined TRACON& Tower with Radar,765,530,27,0,1322,0,1,11,7,19,765,531,38,7,1341,0,0,0,1341
10/01/2011,PHL,PA,AEA,EN,Combined TRACON& Tower with Radar,585,451,27,0,1063,0,0,7,0,7,585,451,34,0,1070,0,0,0,1070
10/02/2011,PHL,PA,AEA,EN,Combined TRACON& Tower with Radar,638,477,32,0,1147,0,0,6,1,7,638,477,38,1,1154,0,0,0,1154
10/03/2011,PHL,PA,AEA,EN,Combined TRACON& Tower with Radar,718,538,33,0,1289,0,0,5,5,10,718,538,38,5,1299,0,0,0,1299
10/04/2011,PHL,PA,AEA,EN,Combined TRACON& Tower with Radar,718,527,48,0,1293,0,4,10,0,14,718,531,58,0,1307,0,0,0,1307
10/05/2011,PHL,PA,AEA,EN,Combined TRACON& Tower with Radar,739,547,36,0,1322,0,2,8,0,10,739,549,44,0,1332,0,0,0,1332
10/06/2011,PHL,PA,AEA,EN,Combined TRACON& Tower with Radar,692,551,47,1,1291,0,0,5,0,5,692,551,52,1,1296,0,0,0,1296
10/07/2011,PHL,PA,AEA,EN,Combined TRACON& Tower with Radar,743,562,32,0,1337,0,5,6,0,11,743,567,38,0,1348,0,0,0,1348
10/08/2011,PHL,PA,AEA,EN,Combined TRACON& Tower with Radar,601,462,25,0,1088,0,3,11,0,14,601,465,36,0,1102,0,0,0,1102
10/09/2011,PHL,PA,AEA,EN,Combined TRACON& Tower with Radar,633,521,21,0,1175,0,2,4,0,6,633,523,25,0,1181,0,0,0,1181
10/10/2011,PHL,PA,AEA,EN,Combined TRACON& Tower with Radar,716,534,55,0,1305,0,3,10,0,13,716,537,65,0,1318,0,0,0,1318
10/11/2011,PHL,PA,AEA,EN,Combined TRACON& Tower with Radar,721,521,41,0,1283,0,0,5,0,5,721,521,46,0,1288,0,0,0,1288
10/12/2011,PHL,PA,AEA,EN,Combined TRACON& Tower with Radar,729,530,53,0,1312,0,0,5,0,5,729,530,58,0,1317,0,0,0,1317
10/13/2011,PHL,PA,AEA,EN,Combined TRACON& Tower with Radar,708,410,37,0,1155,0,0,0,0,0,708,410,37,0,1155,0,0,0,1155
10/14/2011,PHL,PA,AEA,EN,Combined TRACON& Tower with Radar,754,515,40,1,1310,0,1,9,0,10,754,516,49,1,1320,0,0,0,1320
10/15/2011,PHL,PA,AEA,EN,Combined TRACON& Tower with Radar,600,456,26,0,1082,0,0,4,0,4,600,456,30,0,1086,0,0,0,1086
10/16/2011,PHL,PA,AEA,EN,Combined TRACON& Tower with Radar,632,504,29,0,1165,0,0,6,0,6,632,504,35,0,1171,0,0,0,1171
10/17/2011,PHL,PA,AEA,EN,Combined TRACON& Tower with Radar,719,538,33,0,1290,0,1,13,0,14,719,539,46,0,1304,0,0,0,1304
10/18/2011,PHL,PA,AEA,EN,Combined TRACON& Tower with Radar,718,519,42,0,1279,0,1,12,0,13,718,520,54,0,1292,0,0,0,1292
10/19/2011,PHL,PA,AEA,EN,Combined TRACON& Tower with Radar,687,419,31,0,1137,0,0,0,0,0,687,419,31,0,1137,0,0,0,1137
10/20/2011,PHL,PA,AEA,EN,Combined TRACON& Tower with Radar,750,502,37,0,1289,0,2,5,0,7,750,504,42,0,1296,0,0,0,1296
10/21/2011,PHL,PA,AEA,EN,Combined TRACON& Tower with Radar,742,553,28,0,1323,0,4,4,0,8,742,557,32,0,1331,0,0,0,1331
10/22/2011,PHL,PA,AEA,EN,Combined TRACON& Tower with Radar,594,444,14,0,1052,0,0,4,0,4,594,444,18,0,1056,0,0,0,1056
10/23/2011,PHL,PA,AEA,EN,Combined TRACON& Tower with Radar,638,500,28,0,1166,0,2,7,0,9,638,502,35,0,1175,0,0,0,1175
10/24/2011,PHL,PA,AEA,EN,Combined TRACON& Tower with Radar,703,528,30,0,1261,0,2,6,1,9,703,530,36,1,1270,0,0,0,1270
10/25/2011,PHL,PA,AEA,EN,Combined TRACON& Tower with Radar,723,521,35,1,1280,0,4,8,0,12,723,525,43,1,1292,0,0,0,1292
10/26/2011,PHL,PA,AEA,EN,Combined TRACON& Tower with Radar,727,539,44,0,1310,0,5,3,0,8,727,544,47,0,1318,0,0,0,1318
10/27/2011,PHL,PA,AEA,EN,Combined TRACON& Tower with Radar,741,507,34,2,1284,0,0,1,0,1,741,507,35,2,1285,0,0,0,1285
10/28/2011,PHL,PA,AEA,EN,Combined TRACON& Tower with Radar,753,560,50,1,1364,0,1,7,0,8,753,561,57,1,1372,0,0,0,1372
10/29/2011,PHL,PA,AEA,EN,Combined TRACON& Tower with Radar,532,264,7,0,803,0,0,0,0,0,532,264,7,0,803,0,0,0,803
10/30/2011,PHL,PA,AEA,EN,Combined TRACON& Tower with Radar,644,474,45,0,1163,0,0,5,0,5,644,474,50,0,1168,0,0,0,1168
10/31/2011,PHL,PA,AEA,EN,Combined TRACON& Tower with Radar,701,506,29,0,1236,0,0,13,0,13,701,506,42,0,1249,0,0,0,1249
11/01/2011,PHL,PA,AEA,EN,Combined TRACON& Tower with Radar,734,505,49,0,1288,0,0,4,0,4,734,505,53,0,1292,0,0,0,1292
11/02/2011,PHL,PA,AEA,EN,Combined TRACON& Tower with Radar,732,510,55,0,1297,0,0,9,2,11,732,510,64,2,1308,0,0,0,1308
11/03/2011,PHL,PA,AEA,EN,Combined TRACON& Tower with Radar,755,531,33,0,1319,0,2,7,2,11,755,533,40,2,1330,0,0,0,1330
11/04/2011,PHL,PA,AEA,EN,Combined TRACON& Tower with Radar,746,531,40,0,1317,0,0,9,0,9,746,531,49,0,1326,0,0,0,1326
11/05/2011,PHL,PA,AEA,EN,Combined TRACON& Tower with Radar,613,416,18,0,1047,0,2,3,1,6,613,418,21,1,1053,0,0,0,1053
11/06/2011,PHL,PA,AEA,EN,Combined TRACON& Tower with Radar,658,488,18,0,1164,0,5,4,0,9,658,493,22,0,1173,0,0,0,1173
11/07/2011,PHL,PA,AEA,EN,Combined TRACON& Tower with Radar,708,465,51,1,1225,0,0,6,0,6,708,465,57,1,1231,0,0,0,1231
11/08/2011,PHL,PA,AEA,EN,Combined TRACON& Tower with Radar,738,525,47,1,1311,0,5,21,2,28,738,530,68,3,1339,0,0,0,1339
11/09/2011,PHL,PA,AEA,EN,Combined TRACON& Tower with Radar,738,508,56,1,1303,0,0,10,0,10,738,508,66,1,1313,0,0,0,1313
11/10/2011,PHL,PA,AEA,EN,Combined TRACON& Tower with Radar,646,341,28,1,1016,0,0,4,0,4,646,341,32,1,1020,0,0,0,1020
11/11/2011,PHL,PA,AEA,EN,Combined TRACON& Tower with Radar,752,498,36,2,1288,0,4,17,5,26,752,502,53,7,1314,0,0,0,1314
11/12/2011,PHL,PA,AEA,EN,Combined TRACON& Tower with Radar,607,430,17,0,1054,0,0,2,0,2,607,430,19,0,1056,0,0,0,1056
11/13/2011,PHL,PA,AEA,EN,Combined TRACON& Tower with Radar,661,493,28,0,1182,0,0,5,0,5,661,493,33,0,1187,0,0,0,1187
11/14/2011,PHL,PA,AEA,EN,Combined TRACON& Tower with Radar,715,505,32,0,1252,0,1,13,2,16,715,506,45,2,1268,0,0,0,1268
11/15/2011,PHL,PA,AEA,EN,Combined TRACON& Tower with Radar,734,509,38,0,1281,0,4,12,2,18,734,513,50,2,1299,0,0,0,1299
11/16/2011,PHL,PA,AEA,EN,Combined TRACON& Tower with Radar,707,428,34,0,1169,0,0,0,0,0,707,428,34,0,1169,0,0,0,1169
11/17/2011,PHL,PA,AEA,EN,Combined TRACON& Tower with Radar,761,495,40,0,1296,0,0,5,0,5,761,495,45,0,1301,0,0,0,1301
11/18/2011,PHL,PA,AEA,EN,Combined TRACON& Tower with Radar,752,509,26,0,1287,0,2,10,0,12,752,511,36,0,1299,0,0,0,1299
11/19/2011,PHL,PA,AEA,EN,Combined TRACON& Tower with Radar,611,419,16,2,1048,0,1,5,0,6,611,420,21,2,1054,0,0,0,1054
11/20/2011,PHL,PA,AEA,EN,Combined TRACON& Tower with Radar,656,487,15,0,1158,0,1,3,0,4,656,488,18,0,1162,0,0,0,1162
11/21/2011,PHL,PA,AEA,EN,Combined TRACON& Tower with Radar,698,510,22,3,1233,0,0,1,2,3,698,510,23,5,1236,0,0,0,1236
11/22/2011,PHL,PA,AEA,EN,Combined TRACON& Tower with Radar,703,427,33,0,1163,0,0,0,0,0,703,427,33,0,1163,0,0,0,1163
11/23/2011,PHL,PA,AEA,EN,Combined TRACON& Tower with Radar,813,544,34,3,1394,0,0,0,0,0,813,544,34,3,1394,0,0,0,1394
11/24/2011,PHL,PA,AEA,EN,Combined TRACON& Tower with Radar,348,204,4,0,556,0,2,2,0,4,348,206,6,0,560,0,0,0,560
11/25/2011,PHL,PA,AEA,EN,Combined TRACON& Tower with Radar,346,146,14,2,508,0,1,8,0,9,346,147,22,2,517,0,0,0,517
11/26/2011,PHL,PA,AEA,EN,Combined TRACON& Tower with Radar,642,502,5,2,1151,0,0,3,0,3,642,502,8,2,1154,0,0,0,1154
11/27/2011,PHL,PA,AEA,EN,Combined TRACON& Tower with Radar,716,533,52,0,1301,0,0,10,0,10,716,533,62,0,1311,0,0,0,1311
11/28/2011,PHL,PA,AEA,EN,Combined TRACON& Tower with Radar,739,521,39,0,1299,0,4,8,0,12,739,525,47,0,1311,0,0,0,1311
11/29/2011,PHL,PA,AEA,EN,Combined TRACON& Tower with Radar,700,459,29,2,1190,0,0,1,0,1,700,459,30,2,1191,0,0,0,1191
11/30/2011,PHL,PA,AEA,EN,Combined TRACON& Tower with Radar,722,489,42,0,1253,0,1,12,1,14,722,490,54,1,1267,0,0,0,1267
12/01/2011,PHL,PA,AEA,EN,Combined TRACON& Tower with Radar,737,518,32,0,1287,0,5,4,2,11,737,523,36,2,1298,0,0,0,1298
12/02/2011,PHL,PA,AEA,EN,Combined TRACON& Tower with Radar,729,510,32,0,1271,0,1,7,3,11,729,511,39,3,1282,0,0,0,1282
12/03/2011,PHL,PA,AEA,EN,Combined TRACON& Tower with Radar,537,387,15,0,939,0,1,5,0,6,537,388,20,0,945,0,0,0,945
12/04/2011,PHL,PA,AEA,EN,Combined TRACON& Tower with Radar,628,468,15,0,1111,0,0,5,1,6,628,468,20,1,1117,0,0,0,1117
12/05/2011,PHL,PA,AEA,EN,Combined TRACON& Tower with Radar,724,441,28,1,1194,0,0,9,0,9,724,441,37,1,1203,0,0,0,1203
12/06/2011,PHL,PA,AEA,EN,Combined TRACON& Tower with Radar,666,413,36,0,1115,0,0,1,0,1,666,413,37,0,1116,0,0,0,1116
12/07/2011,PHL,PA,AEA,EN,Combined TRACON& Tower with Radar,678,393,15,0,1086,0,0,0,0,0,678,393,15,0,1086,0,0,0,1086
12/08/2011,PHL,PA,AEA,EN,Combined TRACON& Tower with Radar,747,539,47,0,1333,0,1,35,0,36,747,540,82,0,1369,0,0,0,1369
12/09/2011,PHL,PA,AEA,EN,Combined TRACON& Tower with Radar,729,519,30,0,1278,0,7,2,0,9,729,526,32,0,1287,0,0,0,1287
12/10/2011,PHL,PA,AEA,EN,Combined TRACON& Tower with Radar,532,385,12,0,929,0,1,2,0,3,532,386,14,0,932,0,0,0,932
12/11/2011,PHL,PA,AEA,EN,Combined TRACON& Tower with Radar,633,463,14,0,1110,0,0,5,0,5,633,463,19,0,1115,0,0,0,1115
12/12/2011,PHL,PA,AEA,EN,Combined TRACON& Tower with Radar,698,501,30,1,1230,0,2,6,0,8,698,503,36,1,1238,0,0,0,1238
12/13/2011,PHL,PA,AEA,EN,Combined TRACON& Tower with Radar,721,490,40,1,1252,0,0,12,0,12,721,490,52,1,1264,0,0,0,1264
12/14/2011,PHL,PA,AEA,EN,Combined TRACON& Tower with Radar,720,505,34,0,1259,0,1,3,1,5,720,506,37,1,1264,0,0,0,1264
12/15/2011,PHL,PA,AEA,EN,Combined TRACON& Tower with Radar,748,499,52,0,1299,0,5,1,0,6,748,504,53,0,1305,0,0,0,1305
12/16/2011,PHL,PA,AEA,EN,Combined TRACON& Tower with Radar,787,516,33,0,1336,0,4,13,1,18,787,520,46,1,1354,0,0,0,1354
12/17/2011,PHL,PA,AEA,EN,Combined TRACON& Tower with Radar,654,411,16,1,1082,0,0,6,0,6,654,411,22,1,1088,0,0,0,1088
12/18/2011,PHL,PA,AEA,EN,Combined TRACON& Tower with Radar,694,459,10,0,1163,0,0,8,0,8,694,459,18,0,1171,0,0,0,1171
12/19/2011,PHL,PA,AEA,EN,Combined TRACON& Tower with Radar,751,501,31,1,1284,0,3,5,0,8,751,504,36,1,1292,0,0,0,1292
12/20/2011,PHL,PA,AEA,EN,Combined TRACON& Tower with Radar,836,488,35,0,1359,0,3,18,0,21,836,491,53,0,1380,0,0,0,1380
12/21/2011,PHL,PA,AEA,EN,Combined TRACON& Tower with Radar,769,389,24,0,1182,0,0,0,0,0,769,389,24,0,1182,0,0,0,1182
12/22/2011,PHL,PA,AEA,EN,Combined TRACON& Tower with Radar,898,521,28,1,1448,0,0,10,0,10,898,521,38,1,1458,0,0,0,1458
12/23/2011,PHL,PA,AEA,EN,Combined TRACON& Tower with Radar,823,521,18,0,1362,0,1,4,0,5,823,522,22,0,1367,0,0,0,1367
12/24/2011,PHL,PA,AEA,EN,Combined TRACON& Tower with Radar,635,436,11,0,1082,0,1,3,0,4,635,437,14,0,1086,0,0,0,1086
12/25/2011,PHL,PA,AEA,EN,Combined TRACON& Tower with Radar,539,366,9,0,914,0,2,2,0,4,539,368,11,0,918,0,0,0,918
12/26/2011,PHL,PA,AEA,EN,Combined TRACON& Tower with Radar,736,523,33,0,1292,0,1,1,0,2,736,524,34,0,1294,0,0,0,1294
12/27/2011,PHL,PA,AEA,EN,Combined TRACON& Tower with Radar,755,460,25,1,1241,0,0,5,5,10,755,460,30,6,1251,0,0,0,1251
12/28/2011,PHL,PA,AEA,EN,Combined TRACON& Tower with Radar,822,522,24,0,1368,0,2,3,0,5,822,524,27,0,1373,0,0,0,1373
12/29/2011,PHL,PA,AEA,EN,Combined TRACON& Tower with Radar,793,526,14,2,1335,0,3,6,0,9,793,529,20,2,1344,0,0,0,1344
12/30/2011,PHL,PA,AEA,EN,Combined TRACON& Tower with Radar,786,526,13,0,1325,0,2,3,1,6,786,528,16,1,1331,0,0,0,1331
12/31/2011,PHL,PA,AEA,EN,Combined TRACON& Tower with Radar,631,432,17,0,1080,0,0,5,0,5,631,432,22,0,1085,0,0,0,1085
01/01/2012,PHL,PA,AEA,EN,Combined TRACON& Tower with Radar,645,537,33,0,1215,0,0,8,0,8,645,537,41,0,1223,0,0,0,1223
01/02/2012,PHL,PA,AEA,EN,Combined TRACON& Tower with Radar,718,546,39,2,1305,0,2,9,2,13,718,548,48,4,1318,0,0,0,1318
01/03/2012,PHL,PA,AEA,EN,Combined TRACON& Tower with Radar,751,501,28,1,1281,0,0,2,4,6,751,501,30,5,1287,0,0,0,1287
01/04/2012,PHL,PA,AEA,EN,Combined TRACON& Tower with Radar,741,501,23,0,1265,0,2,7,2,11,741,503,30,2,1276,0,0,0,1276
01/05/2012,PHL,PA,AEA,EN,Combined TRACON& Tower with Radar,761,510,16,0,1287,0,1,24,5,30,761,511,40,5,1317,0,0,0,1317
01/06/2012,PHL,PA,AEA,EN,Combined TRACON& Tower with Radar,738,516,21,0,1275,0,0,4,0,4,738,516,25,0,1279,0,0,0,1279
01/07/2012,PHL,PA,AEA,EN,Combined TRACON& Tower with Radar,568,421,6,0,995,0,0,4,0,4,568,421,10,0,999,0,0,0,999
01/08/2012,PHL,PA,AEA,EN,Combined TRACON& Tower with Radar,623,466,12,0,1101,0,0,6,0,6,623,466,18,0,1107,0,0,0,1107
01/09/2012,PHL,PA,AEA,EN,Combined TRACON& Tower with Radar,679,491,33,0,1203,0,0,9,0,9,679,491,42,0,1212,0,0,0,1212
01/10/2012,PHL,PA,AEA,EN,Combined TRACON& Tower with Radar,676,492,28,0,1196,0,1,4,0,5,676,493,32,0,1201,0,0,0,1201
01/11/2012,PHL,PA,AEA,EN,Combined TRACON& Tower with Radar,682,488,26,1,1197,0,4,10,4,18,682,492,36,5,1215,0,0,0,1215
01/12/2012,PHL,PA,AEA,EN,Combined TRACON& Tower with Radar,682,415,30,1,1128,0,0,0,0,0,682,415,30,1,1128,0,0,0,1128
01/13/2012,PHL,PA,AEA,EN,Combined TRACON& Tower with Radar,704,456,34,0,1194,0,0,7,3,10,704,456,41,3,1204,0,0,0,1204
01/14/2012,PHL,PA,AEA,EN,Combined TRACON& Tower with Radar,554,418,1,0,973,0,0,2,0,2,554,418,3,0,975,0,0,0,975
01/15/2012,PHL,PA,AEA,EN,Combined TRACON& Tower with Radar,620,448,10,0,1078,0,0,9,0,9,620,448,19,0,1087,0,0,0,1087
01/16/2012,PHL,PA,AEA,EN,Combined TRACON& Tower with Radar,678,481,36,1,1196,0,0,7,4,11,678,481,43,5,1207,0,0,0,1207
01/17/2012,PHL,PA,AEA,EN,Combined TRACON& Tower with Radar,675,474,29,0,1178,0,2,5,0,7,675,476,34,0,1185,0,0,0,1185
01/18/2012,PHL,PA,AEA,EN,Combined TRACON& Tower with Radar,679,474,21,1,1175,0,0,9,7,16,679,474,30,8,1191,0,0,0,1191
01/19/2012,PHL,PA,AEA,EN,Combined TRACON& Tower with Radar,715,494,29,0,1238,0,2,4,0,6,715,496,33,0,1244,0,0,0,1244
01/20/2012,PHL,PA,AEA,EN,Combined TRACON& Tower with Radar,697,489,37,0,1223,0,0,10,0,10,697,489,47,0,1233,0,0,0,1233
01/21/2012,PHL,PA,AEA,EN,Combined TRACON& Tower with Radar,498,296,5,0,799,0,0,0,0,0,498,296,5,0,799,0,0,0,799
01/22/2012,PHL,PA,AEA,EN,Combined TRACON& Tower with Radar,633,470,15,0,1118,0,0,1,0,1,633,470,16,0,1119,0,0,0,1119
01/23/2012,PHL,PA,AEA,EN,Combined TRACON& Tower with Radar,631,386,24,0,1041,0,0,0,0,0,631,386,24,0,1041,0,0,0,1041
01/24/2012,PHL,PA,AEA,EN,Combined TRACON& Tower with Radar,682,485,25,2,1194,0,4,11,0,15,682,489,36,2,1209,0,0,0,1209
01/25/2012,PHL,PA,AEA,EN,Combined TRACON& Tower with Radar,687,499,25,0,1211,0,3,7,1,11,687,502,32,1,1222,0,0,0,1222
01/26/2012,PHL,PA,AEA,EN,Combined TRACON& Tower with Radar,725,510,21,0,1256,0,0,4,1,5,725,510,25,1,1261,0,0,0,1261
01/27/2012,PHL,PA,AEA,EN,Combined TRACON& Tower with Radar,716,480,25,0,1221,0,0,1,0,1,716,480,26,0,1222,0,0,0,1222
01/28/2012,PHL,PA,AEA,EN,Combined TRACON& Tower with Radar,549,417,9,0,975,0,1,0,0,1,549,418,9,0,976,0,0,0,976
01/29/2012,PHL,PA,AEA,EN,Combined TRACON& Tower with Radar,628,458,19,0,1105,0,1,10,1,12,628,459,29,1,1117,0,0,0,1117
01/30/2012,PHL,PA,AEA,EN,Combined TRACON& Tower with Radar,681,496,46,0,1223,0,0,11,2,13,681,496,57,2,1236,0,0,0,1236
01/31/2012,PHL,PA,AEA,EN,Combined TRACON& Tower with Radar,664,488,32,1,1185,0,0,10,0,10,664,488,42,1,1195,0,0,0,1195
02/01/2012,PHL,PA,AEA,EN,Combined TRACON& Tower with Radar,683,493,49,0,1225,0,0,3,0,3,683,493,52,0,1228,0,0,0,1228
02/02/2012,PHL,PA,AEA,EN,Combined TRACON& Tower with Radar,723,508,38,0,1269,0,0,6,2,8,723,508,44,2,1277,0,0,0,1277
02/03/2012,PHL,PA,AEA,EN,Combined TRACON& Tower with Radar,710,496,22,0,1228,0,2,10,4,16,710,498,32,4,1244,0,0,0,1244
02/04/2012,PHL,PA,AEA,EN,Combined TRACON& Tower with Radar,548,411,6,0,965,0,2,5,0,7,548,413,11,0,972,0,0,0,972
02/05/2012,PHL,PA,AEA,EN,Combined TRACON& Tower with Radar,623,466,24,0,1113,0,1,6,0,7,623,467,30,0,1120,0,0,0,1120
02/06/2012,PHL,PA,AEA,EN,Combined TRACON& Tower with Radar,681,518,38,0,1237,0,0,9,0,9,681,518,47,0,1246,0,0,0,1246
02/07/2012,PHL,PA,AEA,EN,Combined TRACON& Tower with Radar,673,500,34,0,1207,0,0,4,2,6,673,500,38,2,1213,0,0,0,1213
02/08/2012,PHL,PA,AEA,EN,Combined TRACON& Tower with Radar,670,467,30,0,1167,0,0,17,0,17,670,467,47,0,1184,0,0,0,1184
02/09/2012,PHL,PA,AEA,EN,Combined TRACON& Tower with Radar,719,506,39,0,1264,0,4,11,0,15,719,510,50,0,1279,0,0,0,1279
02/10/2012,PHL,PA,AEA,EN,Combined TRACON& Tower with Radar,710,510,32,0,1252,0,1,2,0,3,710,511,34,0,1255,0,0,0,1255
02/11/2012,PHL,PA,AEA,EN,Combined TRACON& Tower with Radar,551,404,8,0,963,0,0,0,0,0,551,404,8,0,963,0,0,0,963
02/12/2012,PHL,PA,AEA,EN,Combined TRACON& Tower with Radar,624,473,27,0,1124,0,0,1,0,1,624,473,28,0,1125,0,0,0,1125
02/13/2012,PHL,PA,AEA,EN,Combined TRACON& Tower with Radar,673,491,32,0,1196,0,1,7,2,10,673,492,39,2,1206,0,0,0,1206
02/14/2012,PHL,PA,AEA,EN,Combined TRACON& Tower with Radar,662,504,37,0,1203,0,0,6,0,6,662,504,43,0,1209,0,0,0,1209
02/15/2012,PHL,PA,AEA,EN,Combined TRACON& Tower with Radar,670,518,46,0,1234,0,0,9,0,9,670,518,55,0,1243,0,0,0,1243
02/16/2012,PHL,PA,AEA,EN,Combined TRACON& Tower with Radar,729,536,39,2,1306,0,0,2,0,2,729,536,41,2,1308,0,0,0,1308
02/17/2012,PHL,PA,AEA,EN,Combined TRACON& Tower with Radar,719,503,49,12,1283,0,0,7,1,8,719,503,56,13,1291,0,0,0,1291
02/18/2012,PHL,PA,AEA,EN,Combined TRACON& Tower with Radar,577,432,24,2,1035,0,2,7,0,9,577,434,31,2,1044,0,0,0,1044
02/19/2012,PHL,PA,AEA,EN,Combined TRACON& Tower with Radar,644,455,21,1,1121,0,1,9,0,10,644,456,30,1,1131,0,0,0,1131
02/20/2012,PHL,PA,AEA,EN,Combined TRACON& Tower with Radar,684,512,36,0,1232,0,4,6,2,12,684,516,42,2,1244,0,0,0,1244
02/21/2012,PHL,PA,AEA,EN,Combined TRACON& Tower with Radar,711,497,39,0,1247,0,0,14,0,14,711,497,53,0,1261,0,0,0,1261
02/22/2012,PHL,PA,AEA,EN,Combined TRACON& Tower with Radar,714,496,38,0,1248,0,2,13,0,15,714,498,51,0,1263,0,0,0,1263
02/23/2012,PHL,PA,AEA,EN,Combined TRACON& Tower with Radar,730,503,40,0,1273,0,5,5,0,10,730,508,45,0,1283,0,0,0,1283
02/24/2012,PHL,PA,AEA,EN,Combined TRACON& Tower with Radar,700,437,29,0,1166,0,0,0,0,0,700,437,29,0,1166,0,0,0,1166
02/25/2012,PHL,PA,AEA,EN,Combined TRACON& Tower with Radar,577,425,6,1,1009,0,0,1,0,1,577,425,7,1,1010,0,0,0,1010
02/26/2012,PHL,PA,AEA,EN,Combined TRACON& Tower with Radar,651,463,16,1,1131,0,2,8,0,10,651,465,24,1,1141,0,0,0,1141
02/27/2012,PHL,PA,AEA,EN,Combined TRACON& Tower with Radar,706,489,31,0,1226,0,1,8,0,9,706,490,39,0,1235,0,0,0,1235
02/28/2012,PHL,PA,AEA,EN,Combined TRACON& Tower with Radar,704,487,26,0,1217,0,3,10,0,13,704,490,36,0,1230,0,0,0,1230
02/29/2012,PHL,PA,AEA,EN,Combined TRACON& Tower with Radar,680,388,23,0,1091,0,0,1,0,1,680,388,24,0,1092,0,0,0,1092
03/01/2012,PHL,PA,AEA,EN,Combined TRACON& Tower with Radar,745,480,35,0,1260,0,1,7,8,16,745,481,42,8,1276,0,0,0,1276
03/02/2012,PHL,PA,AEA,EN,Combined TRACON& Tower with Radar,720,499,38,0,1257,0,0,3,0,3,720,499,41,0,1260,0,0,0,1260
03/03/2012,PHL,PA,AEA,EN,Combined TRACON& Tower with Radar,590,409,14,0,1013,0,1,3,0,4,590,410,17,0,1017,0,0,0,1017
03/04/2012,PHL,PA,AEA,EN,Combined TRACON& Tower with Radar,653,467,27,0,1147,0,0,6,0,6,653,467,33,0,1153,0,0,0,1153
03/05/2012,PHL,PA,AEA,EN,Combined TRACON& Tower with Radar,703,491,23,0,1217,0,2,5,0,7,703,493,28,0,1224,0,0,0,1224
03/06/2012,PHL,PA,AEA,EN,Combined TRACON& Tower with Radar,719,496,37,0,1252,0,2,7,0,9,719,498,44,0,1261,0,0,0,1261
03/07/2012,PHL,PA,AEA,EN,Combined TRACON& Tower with Radar,730,514,35,0,1279,0,0,13,1,14,730,514,48,1,1293,0,0,0,1293
03/08/2012,PHL,PA,AEA,EN,Combined TRACON& Tower with Radar,738,498,25,0,1261,0,0,4,0,4,738,498,29,0,1265,0,0,0,1265
03/09/2012,PHL,PA,AEA,EN,Combined TRACON& Tower with Radar,740,506,45,0,1291,0,0,13,0,13,740,506,58,0,1304,0,0,0,1304
03/10/2012,PHL,PA,AEA,EN,Combined TRACON& Tower with Radar,599,422,11,0,1032,0,0,2,0,2,599,422,13,0,1034,0,0,0,1034
03/11/2012,PHL,PA,AEA,EN,Combined TRACON& Tower with Radar,659,478,30,0,1167,0,0,3,0,3,659,478,33,0,1170,0,0,0,1170
03/12/2012,PHL,PA,AEA,EN,Combined TRACON& Tower with Radar,720,499,26,0,1245,0,1,10,0,11,720,500,36,0,1256,0,0,0,1256
03/13/2012,PHL,PA,AEA,EN,Combined TRACON& Tower with Radar,723,485,62,0,1270,0,1,10,0,11,723,486,72,0,1281,0,0,0,1281
03/14/2012,PHL,PA,AEA,EN,Combined TRACON& Tower with Radar,732,505,34,0,1271,0,2,13,2,17,732,507,47,2,1288,0,0,0,1288
03/15/2012,PHL,PA,AEA,EN,Combined TRACON& Tower with Radar,771,534,54,0,1359,0,1,8,0,9,771,535,62,0,1368,0,0,0,1368
03/16/2012,PHL,PA,AEA,EN,Combined TRACON& Tower with Radar,732,489,26,0,1247,0,0,5,0,5,732,489,31,0,1252,0,0,0,1252
03/17/2012,PHL,PA,AEA,EN,Combined TRACON& Tower with Radar,599,414,14,0,1027,0,0,0,0,0,599,414,14,0,1027,0,0,0,1027
03/18/2012,PHL,PA,AEA,EN,Combined TRACON& Tower with Radar,661,470,19,0,1150,0,0,0,0,0,661,470,19,0,1150,0,0,0,1150
03/19/2012,PHL,PA,AEA,EN,Combined TRACON& Tower with Radar,706,490,50,2,1248,0,0,11,2,13,706,490,61,4,1261,0,0,0,1261
03/20/2012,PHL,PA,AEA,EN,Combined TRACON& Tower with Radar,711,453,41,0,1205,0,1,6,2,9,711,454,47,2,1214,0,0,0,1214
03/21/2012,PHL,PA,AEA,EN,Combined TRACON& Tower with Radar,731,506,46,0,1283,0,5,5,0,10,731,511,51,0,1293,0,0,0,1293
03/22/2012,PHL,PA,AEA,EN,Combined TRACON& Tower with Radar,757,444,34,0,1235,0,1,2,0,3,757,445,36,0,1238,0,0,0,1238
03/23/2012,PHL,PA,AEA,EN,Combined TRACON& Tower with Radar,725,502,41,2,1270,0,1,12,3,16,725,503,53,5,1286,0,0,0,1286
03/24/2012,PHL,PA,AEA,EN,Combined TRACON& Tower with Radar,617,433,18,0,1068,0,0,1,0,1,617,433,19,0,1069,0,0,0,1069
03/25/2012,PHL,PA,AEA,EN,Combined TRACON& Tower with Radar,669,471,20,0,1160,0,0,1,0,1,669,471,21,0,1161,0,0,0,1161
03/26/2012,PHL,PA,AEA,EN,Combined TRACON& Tower with Radar,714,499,47,0,1260,0,2,4,1,7,714,501,51,1,1267,0,0,0,1267
03/27/2012,PHL,PA,AEA,EN,Combined TRACON& Tower with Radar,716,495,35,0,1246,0,0,15,0,15,716,495,50,0,1261,0,0,0,1261
03/28/2012,PHL,PA,AEA,EN,Combined TRACON& Tower with Radar,729,506,36,0,1271,0,0,14,1,15,729,506,50,1,1286,0,0,0,1286
03/29/2012,PHL,PA,AEA,EN,Combined TRACON& Tower with Radar,741,504,40,2,1287,0,0,11,4,15,741,504,51,6,1302,0,0,0,1302
03/30/2012,PHL,PA,AEA,EN,Combined TRACON& Tower with Radar,726,506,36,1,1269,0,2,31,3,36,726,508,67,4,1305,0,0,0,1305
03/31/2012,PHL,PA,AEA,EN,Combined TRACON& Tower with Radar,596,407,16,1,1020,0,0,3,0,3,596,407,19,1,1023,0,0,0,1023
04/01/2012,PHL,PA,AEA,EN,Combined TRACON& Tower with Radar,664,487,36,0,1187,0,1,5,1,7,664,488,41,1,1194,0,0,0,1194
04/02/2012,PHL,PA,AEA,EN,Combined TRACON& Tower with Radar,706,500,22,0,1228,0,1,7,0,8,706,501,29,0,1236,0,0,0,1236
04/03/2012,PHL,PA,AEA,EN,Combined TRACON& Tower with Radar,710,497,37,0,1244,0,0,14,0,14,710,497,51,0,1258,0,0,0,1258
04/04/2012,PHL,PA,AEA,EN,Combined TRACON& Tower with Radar,745,512,49,0,1306,0,0,6,0,6,745,512,55,0,1312,0,0,0,1312
04/05/2012,PHL,PA,AEA,EN,Combined TRACON& Tower with Radar,741,515,36,0,1292,0,0,5,1,6,741,515,41,1,1298,0,0,0,1298
04/06/2012,PHL,PA,AEA,EN,Combined TRACON& Tower with Radar,728,514,19,0,1261,0,0,8,0,8,728,514,27,0,1269,0,0,0,1269
04/07/2012,PHL,PA,AEA,EN,Combined TRACON& Tower with Radar,599,438,11,1,1049,0,3,2,0,5,599,441,13,1,1054,0,0,0,1054
04/08/2012,PHL,PA,AEA,EN,Combined TRACON& Tower with Radar,664,467,23,0,1154,0,0,7,2,9,664,467,30,2,1163,0,0,0,1163
04/09/2012,PHL,PA,AEA,EN,Combined TRACON& Tower with Radar,712,493,56,0,1261,0,1,2,2,5,712,494,58,2,1266,0,0,0,1266
04/10/2012,PHL,PA,AEA,EN,Combined TRACON& Tower with Radar,729,500,46,1,1276,0,4,14,0,18,729,504,60,1,1294,0,0,0,1294
04/11/2012,PHL,PA,AEA,EN,Combined TRACON& Tower with Radar,730,510,45,4,1289,0,1,6,0,7,730,511,51,4,1296,0,0,0,1296
04/12/2012,PHL,PA,AEA,EN,Combined TRACON& Tower with Radar,753,523,62,1,1339,0,5,11,0,16,753,528,73,1,1355,0,0,0,1355
04/13/2012,PHL,PA,AEA,EN,Combined TRACON& Tower with Radar,728,519,34,0,1281,0,0,4,0,4,728,519,38,0,1285,0,0,0,1285
04/14/2012,PHL,PA,AEA,EN,Combined TRACON& Tower with Radar,615,437,17,0,1069,0,0,11,0,11,615,437,28,0,1080,0,0,0,1080
04/15/2012,PHL,PA,AEA,EN,Combined TRACON& Tower with Radar,672,499,32,0,1203,0,1,7,0,8,672,500,39,0,1211,0,0,0,1211
04/16/2012,PHL,PA,AEA,EN,Combined TRACON& Tower with Radar,715,507,23,0,1245,0,0,3,6,9,715,507,26,6,1254,0,0,0,1254
04/17/2012,PHL,PA,AEA,EN,Combined TRACON& Tower with Radar,731,505,43,0,1279,0,0,6,0,6,731,505,49,0,1285,0,0,0,1285
04/18/2012,PHL,PA,AEA,EN,Combined TRACON& Tower with Radar,729,515,35,2,1281,0,1,1,0,2,729,516,36,2,1283,0,0,0,1283
04/19/2012,PHL,PA,AEA,EN,Combined TRACON& Tower with Radar,732,517,67,0,1316,0,0,13,3,16,732,517,80,3,1332,0,0,0,1332
04/20/2012,PHL,PA,AEA,EN,Combined TRACON& Tower with Radar,733,450,33,2,1218,0,1,12,0,13,733,451,45,2,1231,0,0,0,1231
04/21/2012,PHL,PA,AEA,EN,Combined TRACON& Tower with Radar,606,453,12,2,1073,0,2,4,0,6,606,455,16,2,1079,0,0,0,1079
04/22/2012,PHL,PA,AEA,EN,Combined TRACON& Tower with Radar,626,422,18,0,1066,0,0,0,0,0,626,422,18,0,1066,0,0,0,1066
04/23/2012,PHL,PA,AEA,EN,Combined TRACON& Tower with Radar,700,461,27,0,1188,0,0,2,0,2,700,461,29,0,1190,0,0,0,1190
04/24/2012,PHL,PA,AEA,EN,Combined TRACON& Tower with Radar,725,497,39,0,1261,0,8,10,4,22,725,505,49,4,1283,0,0,0,1283
04/25/2012,PHL,PA,AEA,EN,Combined TRACON& Tower with Radar,727,503,45,0,1275,0,3,15,0,18,727,506,60,0,1293,0,0,0,1293
04/26/2012,PHL,PA,AEA,EN,Combined TRACON& Tower with Radar,742,518,41,0,1301,0,1,15,2,18,742,519,56,2,1319,0,0,0,1319
04/27/2012,PHL,PA,AEA,EN,Combined TRACON& Tower with Radar,728,514,31,0,1273,0,0,3,0,3,728,514,34,0,1276,0,0,0,1276
04/28/2012,PHL,PA,AEA,EN,Combined TRACON& Tower with Radar,590,436,21,0,1047,0,2,6,0,8,590,438,27,0,1055,0,0,0,1055
04/29/2012,PHL,PA,AEA,EN,Combined TRACON& Tower with Radar,655,498,26,0,1179,0,0,3,0,3,655,498,29,0,1182,0,0,0,1182
04/30/2012,PHL,PA,AEA,EN,Combined TRACON& Tower with Radar,708,498,40,1,1247,0,1,15,2,18,708,499,55,3,1265,0,0,0,1265
05/01/2012,PHL,PA,AEA,EN,Combined TRACON& Tower with Radar,720,504,48,0,1272,0,0,11,4,15,720,504,59,4,1287,0,0,0,1287
05/02/2012,PHL,PA,AEA,EN,Combined TRACON& Tower with Radar,743,519,41,0,1303,0,1,2,0,3,743,520,43,0,1306,0,0,0,1306
05/03/2012,PHL,PA,AEA,EN,Combined TRACON& Tower with Radar,718,500,29,0,1247,0,0,1,0,1,718,500,30,0,1248,0,0,0,1248
05/04/2012,PHL,PA,AEA,EN,Combined TRACON& Tower with Radar,720,541,40,0,1301,0,0,5,0,5,720,541,45,0,1306,0,0,0,1306
05/05/2012,PHL,PA,AEA,EN,Combined TRACON& Tower with Radar,588,453,13,0,1054,0,0,2,0,2,588,453,15,0,1056,0,0,0,1056
05/06/2012,PHL,PA,AEA,EN,Combined TRACON& Tower with Radar,647,506,35,0,1188,0,0,1,0,1,647,506,36,0,1189,0,0,0,1189
05/07/2012,PHL,PA,AEA,EN,Combined TRACON& Tower with Radar,708,515,25,0,1248,0,2,7,0,9,708,517,32,0,1257,0,0,0,1257
05/08/2012,PHL,PA,AEA,EN,Combined TRACON& Tower with Radar,719,511,38,0,1268,0,1,5,0,6,719,512,43,0,1274,0,0,0,1274
05/09/2012,PHL,PA,AEA,EN,Combined TRACON& Tower with Radar,716,489,34,0,1239,0,0,0,0,0,716,489,34,0,1239,0,0,0,1239
05/10/2012,PHL,PA,AEA,EN,Combined TRACON& Tower with Radar,746,540,51,0,1337,0,4,13,2,19,746,544,64,2,1356,0,0,0,1356
05/11/2012,PHL,PA,AEA,EN,Combined TRACON& Tower with Radar,733,536,27,0,1296,0,2,7,0,9,733,538,34,0,1305,0,0,0,1305
05/12/2012,PHL,PA,AEA,EN,Combined TRACON& Tower with Radar,588,436,21,0,1045,0,0,7,0,7,588,436,28,0,1052,0,0,0,1052
05/13/2012,PHL,PA,AEA,EN,Combined TRACON& Tower with Radar,665,498,34,0,1197,0,0,9,0,9,665,498,43,0,1206,0,0,0,1206
05/14/2012,PHL,PA,AEA,EN,Combined TRACON& Tower with Radar,699,510,43,0,1252,0,2,5,0,7,699,512,48,0,1259,0,0,0,1259
05/15/2012,PHL,PA,AEA,EN,Combined TRACON& Tower with Radar,727,498,44,1,1270,0,0,7,0,7,727,498,51,1,1277,0,0,0,1277
05/16/2012,PHL,PA,AEA,EN,Combined TRACON& Tower with Radar,731,526,65,0,1322,0,2,8,3,13,731,528,73,3,1335,0,0,0,1335
05/17/2012,PHL,PA,AEA,EN,Combined TRACON& Tower with Radar,737,537,46,0,1320,0,2,7,0,9,737,539,53,0,1329,0,0,0,1329
05/18/2012,PHL,PA,AEA,EN,Combined TRACON& Tower with Radar,737,540,52,1,1330,0,2,15,0,17,737,542,67,1,1347,0,0,0,1347
05/19/2012,PHL,PA,AEA,EN,Combined TRACON& Tower with Radar,585,441,23,0,1049,0,3,18,0,21,585,444,41,0,1070,0,0,0,1070
05/20/2012,PHL,PA,AEA,EN,Combined TRACON& Tower with Radar,667,504,19,0,1190,0,0,19,0,19,667,504,38,0,1209,0,0,0,1209
05/21/2012,PHL,PA,AEA,EN,Combined TRACON& Tower with Radar,700,496,37,2,1235,0,6,0,0,6,700,502,37,2,1241,0,0,0,1241
05/22/2012,PHL,PA,AEA,EN,Combined TRACON& Tower with Radar,718,499,41,2,1260,0,2,15,0,17,718,501,56,2,1277,0,0,0,1277
05/23/2012,PHL,PA,AEA,EN,Combined TRACON& Tower with Radar,744,467,58,0,1269,0,0,6,2,8,744,467,64,2,1277,0,0,0,1277
05/24/2012,PHL,PA,AEA,EN,Combined TRACON& Tower with Radar,743,527,52,0,1322,0,1,3,1,5,743,528,55,1,1327,0,0,0,1327
05/25/2012,PHL,PA,AEA,EN,Combined TRACON& Tower with Radar,729,538,32,0,1299,0,0,5,0,5,729,538,37,0,1304,0,0,0,1304
05/26/2012,PHL,PA,AEA,EN,Combined TRACON& Tower with Radar,582,448,17,3,1050,0,0,3,0,3,582,448,20,3,1053,0,0,0,1053
05/27/2012,PHL,PA,AEA,EN,Combined TRACON& Tower with Radar,594,474,13,0,1081,0,1,2,0,3,594,475,15,0,1084,0,0,0,1084
05/28/2012,PHL,PA,AEA,EN,Combined TRACON& Tower with Radar,661,506,14,1,1182,0,1,8,0,9,661,507,22,1,1191,0,0,0,1191
05/29/2012,PHL,PA,AEA,EN,Combined TRACON& Tower with Radar,625,431,38,0,1094,0,1,9,1,11,625,432,47,1,1105,0,0,0,1105
05/30/2012,PHL,PA,AEA,EN,Combined TRACON& Tower with Radar,750,532,41,2,1325,0,0,15,1,16,750,532,56,3,1341,0,0,0,1341
05/31/2012,PHL,PA,AEA,EN,Combined TRACON& Tower with Radar,738,547,54,3,1342,0,2,17,0,19,738,549,71,3,1361,0,0,0,1361
06/01/2012,PHL,PA,AEA,EN,Combined TRACON& Tower with Radar,717,505,33,0,1255,0,0,19,0,19,717,505,52,0,1274,0,0,0,1274
06/02/2012,PHL,PA,AEA,EN,Combined TRACON& Tower with Radar,601,447,22,1,1071,0,0,5,0,5,601,447,27,1,1076,0,0,0,1076
06/03/2012,PHL,PA,AEA,EN,Combined TRACON& Tower with Radar,665,495,34,0,1194,0,0,4,0,4,665,495,38,0,1198,0,0,0,1198
06/04/2012,PHL,PA,AEA,EN,Combined TRACON& Tower with Radar,709,517,27,0,1253,0,0,1,5,6,709,517,28,5,1259,0,0,0,1259
06/05/2012,PHL,PA,AEA,EN,Combined TRACON& Tower with Radar,739,510,38,0,1287,0,1,17,0,18,739,511,55,0,1305,0,0,0,1305
06/06/2012,PHL,PA,AEA,EN,Combined TRACON& Tower with Radar,733,519,49,4,1305,0,1,5,0,6,733,520,54,4,1311,0,0,0,1311
06/07/2012,PHL,PA,AEA,EN,Combined TRACON& Tower with Radar,749,548,45,1,1343,0,0,7,0,7,749,548,52,1,1350,0,0,0,1350
06/08/2012,PHL,PA,AEA,EN,Combined TRACON& Tower with Radar,728,531,29,0,1288,0,1,5,1,7,728,532,34,1,1295,0,0,0,1295
06/09/2012,PHL,PA,AEA,EN,Combined TRACON& Tower with Radar,619,456,10,0,1085,0,1,4,0,5,619,457,14,0,1090,0,0,0,1090
06/10/2012,PHL,PA,AEA,EN,Combined TRACON& Tower with Radar,663,500,13,2,1178,0,0,5,3,8,663,500,18,5,1186,0,0,0,1186
06/11/2012,PHL,PA,AEA,EN,Combined TRACON& Tower with Radar,710,527,32,1,1270,0,2,5,2,9,710,529,37,3,1279,0,0,0,1279
06/12/2012,PHL,PA,AEA,EN,Combined TRACON& Tower with Radar,734,478,23,0,1235,0,0,9,0,9,734,478,32,0,1244,0,0,0,1244
06/13/2012,PHL,PA,AEA,EN,Combined TRACON& Tower with Radar,757,520,38,4,1319,0,2,3,5,10,757,522,41,9,1329,0,0,0,1329
06/14/2012,PHL,PA,AEA,EN,Combined TRACON& Tower with Radar,739,547,40,2,1328,0,0,9,0,9,739,547,49,2,1337,0,0,0,1337
06/15/2012,PHL,PA,AEA,EN,Combined TRACON& Tower with Radar,741,531,36,2,1310,0,0,11,0,11,741,531,47,2,1321,0,0,0,1321
06/16/2012,PHL,PA,AEA,EN,Combined TRACON& Tower with Radar,633,438,13,0,1084,0,0,3,0,3,633,438,16,0,1087,0,0,0,1087
06/17/2012,PHL,PA,AEA,EN,Combined TRACON& Tower with Radar,675,514,16,0,1205,0,1,4,0,5,675,515,20,0,1210,0,0,0,1210
06/18/2012,PHL,PA,AEA,EN,Combined TRACON& Tower with Radar,711,532,30,0,1273,0,2,4,0,6,711,534,34,0,1279,0,0,0,1279
06/19/2012,PHL,PA,AEA,EN,Combined TRACON& Tower with Radar,750,527,39,1,1317,0,1,15,1,17,750,528,54,2,1334,0,0,0,1334
06/20/2012,PHL,PA,AEA,EN,Combined TRACON& Tower with Radar,743,530,69,0,1342,0,5,12,2,19,743,535,81,2,1361,0,0,0,1361
06/21/2012,PHL,PA,AEA,EN,Combined TRACON& Tower with Radar,746,539,56,0,1341,0,1,6,0,7,746,540,62,0,1348,0,0,0,1348
06/22/2012,PHL,PA,AEA,EN,Combined TRACON& Tower with Radar,695,413,51,0,1159,0,0,1,0,1,695,413,52,0,1160,0,0,0,1160
06/23/2012,PHL,PA,AEA,EN,Combined TRACON& Tower with Radar,656,470,16,1,1143,0,1,8,0,9,656,471,24,1,1152,0,0,0,1152
06/24/2012,PHL,PA,AEA,EN,Combined TRACON& Tower with Radar,674,520,28,0,1222,0,0,8,0,8,674,520,36,0,1230,0,0,0,1230
06/25/2012,PHL,PA,AEA,EN,Combined TRACON& Tower with Radar,725,543,28,0,1296,0,5,3,0,8,725,548,31,0,1304,0,0,0,1304
06/26/2012,PHL,PA,AEA,EN,Combined TRACON& Tower with Radar,752,538,45,2,1337,0,2,11,0,13,752,540,56,2,1350,0,0,0,1350
06/27/2012,PHL,PA,AEA,EN,Combined TRACON& Tower with Radar,750,520,44,2,1316,0,2,17,1,20,750,522,61,3,1336,0,0,0,1336
06/28/2012,PHL,PA,AEA,EN,Combined TRACON& Tower with Radar,755,537,34,0,1326,0,0,5,0,5,755,537,39,0,1331,0,0,0,1331
06/29/2012,PHL,PA,AEA,EN,Combined TRACON& Tower with Radar,732,527,39,0,1298,0,1,11,0,12,732,528,50,0,1310,0,0,0,1310
06/30/2012,PHL,PA,AEA,EN,Combined TRACON& Tower with Radar,637,449,17,0,1103,0,1,3,0,4,637,450,20,0,1107,0,0,0,1107
07/01/2012,PHL,PA,AEA,EN,Combined TRACON& Tower with Radar,666,479,18,1,1164,0,0,1,0,1,666,479,19,1,1165,0,0,0,1165
07/02/2012,PHL,PA,AEA,EN,Combined TRACON& Tower with Radar,711,513,22,0,1246,0,0,11,0,11,711,513,33,0,1257,0,0,0,1257
07/03/2012,PHL,PA,AEA,EN,Combined TRACON& Tower with Radar,714,518,16,0,1248,0,2,6,3,11,714,520,22,3,1259,0,0,0,1259
07/04/2012,PHL,PA,AEA,EN,Combined TRACON& Tower with Radar,629,472,11,0,1112,0,0,4,4,8,629,472,15,4,1120,0,0,0,1120
07/05/2012,PHL,PA,AEA,EN,Combined TRACON& Tower with Radar,692,508,11,0,1211,0,5,11,1,17,692,513,22,1,1228,0,0,0,1228
07/06/2012,PHL,PA,AEA,EN,Combined TRACON& Tower with Radar,720,507,13,0,1240,0,2,13,0,15,720,509,26,0,1255,0,0,0,1255
07/07/2012,PHL,PA,AEA,EN,Combined TRACON& Tower with Radar,631,426,8,2,1067,0,0,4,0,4,631,426,12,2,1071,0,0,0,1071
07/08/2012,PHL,PA,AEA,EN,Combined TRACON& Tower with Radar,678,503,25,1,1207,0,0,8,0,8,678,503,33,1,1215,0,0,0,1215
07/09/2012,PHL,PA,AEA,EN,Combined TRACON& Tower with Radar,717,518,38,0,1273,0,1,10,2,13,717,519,48,2,1286,0,0,0,1286
07/10/2012,PHL,PA,AEA,EN,Combined TRACON& Tower with Radar,746,526,61,0,1333,0,5,20,0,25,746,531,81,0,1358,0,0,0,1358
07/11/2012,PHL,PA,AEA,EN,Combined TRACON& Tower with Radar,733,544,41,1,1319,0,2,21,2,25,733,546,62,3,1344,0,0,0,1344
07/12/2012,PHL,PA,AEA,EN,Combined TRACON& Tower with Radar,731,601,60,1,1393,0,0,12,0,12,731,601,72,1,1405,0,0,0,1405
07/13/2012,PHL,PA,AEA,EN,Combined TRACON& Tower with Radar,711,583,24,0,1318,0,0,9,0,9,711,583,33,0,1327,0,0,0,1327
07/14/2012,PHL,PA,AEA,EN,Combined TRACON& Tower with Radar,653,467,17,0,1137,0,0,6,0,6,653,467,23,0,1143,0,0,0,1143
07/15/2012,PHL,PA,AEA,EN,Combined TRACON& Tower with Radar,625,483,27,1,1136,0,0,3,0,3,625,483,30,1,1139,0,0,0,1139
07/16/2012,PHL,PA,AEA,EN,Combined TRACON& Tower with Radar,714,573,36,1,1324,0,1,12,0,13,714,574,48,1,1337,0,0,0,1337
07/17/2012,PHL,PA,AEA,EN,Combined TRACON& Tower with Radar,726,556,34,0,1316,0,2,16,2,20,726,558,50,2,1336,0,0,0,1336
07/18/2012,PHL,PA,AEA,EN,Combined TRACON& Tower with Radar,650,419,40,2,1111,0,0,7,1,8,650,419,47,3,1119,0,0,0,1119
07/19/2012,PHL,PA,AEA,EN,Combined TRACON& Tower with Radar,724,545,39,1,1309,0,0,2,0,2,724,545,41,1,1311,0,0,0,1311
07/20/2012,PHL,PA,AEA,EN,Combined TRACON& Tower with Radar,728,579,34,0,1341,0,4,5,1,10,728,583,39,1,1351,0,0,0,1351
07/21/2012,PHL,PA,AEA,EN,Combined TRACON& Tower with Radar,644,469,8,0,1121,0,1,9,0,10,644,470,17,0,1131,0,0,0,1131
07/22/2012,PHL,PA,AEA,EN,Combined TRACON& Tower with Radar,662,567,18,0,1247,0,5,3,0,8,662,572,21,0,1255,0,0,0,1255
07/23/2012,PHL,PA,AEA,EN,Combined TRACON& Tower with Radar,688,532,32,0,1252,0,5,8,0,13,688,537,40,0,1265,0,0,0,1265
07/24/2012,PHL,PA,AEA,EN,Combined TRACON& Tower with Radar,731,542,58,0,1331,0,0,14,1,15,731,542,72,1,1346,0,0,0,1346
07/25/2012,PHL,PA,AEA,EN,Combined TRACON& Tower with Radar,725,562,51,0,1338,0,2,33,0,35,725,564,84,0,1373,0,0,0,1373
07/26/2012,PHL,PA,AEA,EN,Combined TRACON& Tower with Radar,647,431,36,0,1114,0,0,9,0,9,647,431,45,0,1123,0,0,0,1123
07/27/2012,PHL,PA,AEA,EN,Combined TRACON& Tower with Radar,745,572,39,1,1357,0,1,16,0,17,745,573,55,1,1374,0,0,0,1374
07/28/2012,PHL,PA,AEA,EN,Combined TRACON& Tower with Radar,661,461,12,1,1135,0,1,10,0,11,661,462,22,1,1146,0,0,0,1146
07/29/2012,PHL,PA,AEA,EN,Combined TRACON& Tower with Radar,660,575,16,1,1252,0,2,1,0,3,660,577,17,1,1255,0,0,0,1255
07/30/2012,PHL,PA,AEA,EN,Combined TRACON& Tower with Radar,692,550,35,1,1278,0,1,4,0,5,692,551,39,1,1283,0,0,0,1283
07/31/2012,PHL,PA,AEA,EN,Combined TRACON& Tower with Radar,717,553,45,0,1315,0,1,8,0,9,717,554,53,0,1324,0,0,0,1324
08/01/2012,PHL,PA,AEA,EN,Combined TRACON& Tower with Radar,713,530,24,0,1267,0,0,3,2,5,713,530,27,2,1272,0,0,0,1272
08/02/2012,PHL,PA,AEA,EN,Combined TRACON& Tower with Radar,723,574,36,0,1333,0,3,16,2,21,723,577,52,2,1354,0,0,0,1354
08/03/2012,PHL,PA,AEA,EN,Combined TRACON& Tower with Radar,703,573,33,2,1311,0,4,7,2,13,703,577,40,4,1324,0,0,0,1324
08/04/2012,PHL,PA,AEA,EN,Combined TRACON& Tower with Radar,628,446,11,0,1085,0,0,4,0,4,628,446,15,0,1089,0,0,0,1089
08/05/2012,PHL,PA,AEA,EN,Combined TRACON& Tower with Radar,640,445,25,1,1111,0,4,4,0,8,640,449,29,1,1119,0,0,0,1119
08/06/2012,PHL,PA,AEA,EN,Combined TRACON& Tower with Radar,684,576,35,0,1295,0,5,17,0,22,684,581,52,0,1317,0,0,0,1317
08/07/2012,PHL,PA,AEA,EN,Combined TRACON& Tower with Radar,721,581,65,0,1367,0,4,7,0,11,721,585,72,0,1378,0,0,0,1378
08/08/2012,PHL,PA,AEA,EN,Combined TRACON& Tower with Radar,712,582,68,2,1364,0,3,16,0,19,712,585,84,2,1383,0,0,0,1383
08/09/2012,PHL,PA,AEA,EN,Combined TRACON& Tower with Radar,698,486,40,2,1226,0,1,8,0,9,698,487,48,2,1235,0,0,0,1235
08/10/2012,PHL,PA,AEA,EN,Combined TRACON& Tower with Radar,675,459,28,0,1162,0,0,2,0,2,675,459,30,0,1164,0,0,0,1164
08/11/2012,PHL,PA,AEA,EN,Combined TRACON& Tower with Radar,639,463,15,0,1117,0,2,7,1,10,639,465,22,1,1127,0,0,0,1127
08/12/2012,PHL,PA,AEA,EN,Combined TRACON& Tower with Radar,640,577,15,0,1232,0,1,4,0,5,640,578,19,0,1237,0,0,0,1237
08/13/2012,PHL,PA,AEA,EN,Combined TRACON& Tower with Radar,676,564,32,0,1272,0,4,6,1,11,676,568,38,1,1283,0,0,0,1283
08/14/2012,PHL,PA,AEA,EN,Combined TRACON& Tower with Radar,689,535,42,0,1266,0,1,6,0,7,689,536,48,0,1273,0,0,0,1273
08/15/2012,PHL,PA,AEA,EN,Combined TRACON& Tower with Radar,724,536,35,1,1296,0,1,6,0,7,724,537,41,1,1303,0,0,0,1303
08/16/2012,PHL,PA,AEA,EN,Combined TRACON& Tower with Radar,711,568,32,1,1312,0,4,8,1,13,711,572,40,2,1325,0,0,0,1325
08/17/2012,PHL,PA,AEA,EN,Combined TRACON& Tower with Radar,696,571,36,0,1303,0,2,5,0,7,696,573,41,0,1310,0,0,0,1310
08/18/2012,PHL,PA,AEA,EN,Combined TRACON& Tower with Radar,627,464,19,0,1110,0,0,5,0,5,627,464,24,0,1115,0,0,0,1115
08/19/2012,PHL,PA,AEA,EN,Combined TRACON& Tower with Radar,630,569,19,0,1218,0,0,8,0,8,630,569,27,0,1226,0,0,0,1226
08/20/2012,PHL,PA,AEA,EN,Combined TRACON& Tower with Radar,675,564,27,0,1266,0,1,15,0,16,675,565,42,0,1282,0,0,0,1282
08/21/2012,PHL,PA,AEA,EN,Combined TRACON& Tower with Radar,723,562,34,0,1319,0,2,20,2,24,723,564,54,2,1343,0,0,0,1343
08/22/2012,PHL,PA,AEA,EN,Combined TRACON& Tower with Radar,717,553,34,0,1304,0,2,10,0,12,717,555,44,0,1316,0,0,0,1316
08/23/2012,PHL,PA,AEA,EN,Combined TRACON& Tower with Radar,719,576,32,0,1327,0,0,7,0,7,719,576,39,0,1334,0,0,0,1334
08/24/2012,PHL,PA,AEA,EN,Combined TRACON& Tower with Radar,715,564,28,0,1307,0,0,7,0,7,715,564,35,0,1314,0,0,0,1314
08/25/2012,PHL,PA,AEA,EN,Combined TRACON& Tower with Radar,617,426,21,0,1064,0,0,2,2,4,617,426,23,2,1068,0,0,0,1068
08/26/2012,PHL,PA,AEA,EN,Combined TRACON& Tower with Radar,611,528,26,0,1165,0,0,8,0,8,611,528,34,0,1173,0,0,0,1173
08/27/2012,PHL,PA,AEA,EN,Combined TRACON& Tower with Radar,681,533,32,0,1246,0,1,8,1,10,681,534,40,1,1256,0,0,0,1256
08/28/2012,PHL,PA,AEA,EN,Combined TRACON& Tower with Radar,701,546,28,0,1275,1,7,5,1,14,702,553,33,1,1289,0,0,0,1289
08/29/2012,PHL,PA,AEA,EN,Combined TRACON& Tower with Radar,714,556,48,0,1318,0,0,7,0,7,714,556,55,0,1325,0,0,0,1325
08/30/2012,PHL,PA,AEA,EN,Combined TRACON& Tower with Radar,718,576,39,0,1333,0,2,9,0,11,718,578,48,0,1344,0,0,0,1344
08/31/2012,PHL,PA,AEA,EN,Combined TRACON& Tower with Radar,715,581,32,0,1328,0,1,4,0,5,715,582,36,0,1333,0,0,0,1333
09/01/2012,PHL,PA,AEA,EN,Combined TRACON& Tower with Radar,578,419,6,0,1003,0,2,7,0,9,578,421,13,0,1012,0,0,0,1012
09/02/2012,PHL,PA,AEA,EN,Combined TRACON& Tower with Radar,498,387,23,0,908,0,0,1,0,1,498,387,24,0,909,0,0,0,909
09/03/2012,PHL,PA,AEA,EN,Combined TRACON& Tower with Radar,601,481,26,0,1108,0,0,0,5,5,601,481,26,5,1113,0,0,0,1113
09/04/2012,PHL,PA,AEA,EN,Combined TRACON& Tower with Radar,660,456,27,0,1143,0,0,3,0,3,660,456,30,0,1146,0,0,0,1146
09/05/2012,PHL,PA,AEA,EN,Combined TRACON& Tower with Radar,695,552,54,0,1301,0,2,11,0,13,695,554,65,0,1314,0,0,0,1314
09/06/2012,PHL,PA,AEA,EN,Combined TRACON& Tower with Radar,691,568,37,1,1297,0,4,8,6,18,691,572,45,7,1315,0,0,0,1315
09/07/2012,PHL,PA,AEA,EN,Combined TRACON& Tower with Radar,687,574,36,0,1297,0,0,6,0,6,687,574,42,0,1303,0,0,0,1303
09/08/2012,PHL,PA,AEA,EN,Combined TRACON& Tower with Radar,562,388,18,0,968,0,0,7,0,7,562,388,25,0,975,0,0,0,975
09/09/2012,PHL,PA,AEA,EN,Combined TRACON& Tower with Radar,622,552,26,0,1200,0,0,14,0,14,622,552,40,0,1214,0,0,0,1214
09/10/2012,PHL,PA,AEA,EN,Combined TRACON& Tower with Radar,661,563,39,2,1265,0,0,9,4,13,661,563,48,6,1278,0,0,0,1278
09/11/2012,PHL,PA,AEA,EN,Combined TRACON& Tower with Radar,664,561,24,0,1249,0,3,11,2,16,664,564,35,2,1265,0,0,0,1265
09/12/2012,PHL,PA,AEA,EN,Combined TRACON& Tower with Radar,684,556,45,0,1285,0,3,26,0,29,684,559,71,0,1314,0,0,0,1314
09/13/2012,PHL,PA,AEA,EN,Combined TRACON& Tower with Radar,700,576,64,0,1340,0,0,10,2,12,700,576,74,2,1352,0,0,0,1352
09/14/2012,PHL,PA,AEA,EN,Combined TRACON& Tower with Radar,689,557,34,0,1280,0,4,11,0,15,689,561,45,0,1295,0,0,0,1295
09/15/2012,PHL,PA,AEA,EN,Combined TRACON& Tower with Radar,563,439,22,0,1024,0,1,6,0,7,563,440,28,0,1031,0,0,0,1031
09/16/2012,PHL,PA,AEA,EN,Combined TRACON& Tower with Radar,606,551,25,1,1183,0,2,13,0,15,606,553,38,1,1198,0,0,0,1198
09/17/2012,PHL,PA,AEA,EN,Combined TRACON& Tower with Radar,665,554,30,0,1249,0,0,5,0,5,665,554,35,0,1254,0,0,0,1254
09/18/2012,PHL,PA,AEA,EN,Combined TRACON& Tower with Radar,635,469,32,0,1136,0,0,2,0,2,635,469,34,0,1138,0,0,0,1138
09/19/2012,PHL,PA,AEA,EN,Combined TRACON& Tower with Radar,686,552,57,2,1297,0,4,18,0,22,686,556,75,2,1319,0,0,0,1319
09/20/2012,PHL,PA,AEA,EN,Combined TRACON& Tower with Radar,702,561,53,2,1318,0,5,15,0,20,702,566,68,2,1338,0,0,0,1338
09/21/2012,PHL,PA,AEA,EN,Combined TRACON& Tower with Radar,685,560,36,0,1281,0,0,10,0,10,685,560,46,0,1291,0,0,0,1291
09/22/2012,PHL,PA,AEA,EN,Combined TRACON& Tower with Radar,568,438,10,0,1016,0,0,3,0,3,568,438,13,0,1019,0,0,0,1019
09/23/2012,PHL,PA,AEA,EN,Combined TRACON& Tower with Radar,615,555,22,0,1192,0,0,11,0,11,615,555,33,0,1203,0,0,0,1203
09/24/2012,PHL,PA,AEA,EN,Combined TRACON& Tower with Radar,662,554,41,0,1257,0,0,7,0,7,662,554,48,0,1264,0,0,0,1264
09/25/2012,PHL,PA,AEA,EN,Combined TRACON& Tower with Radar,667,550,28,0,1245,0,5,7,2,14,667,555,35,2,1259,0,0,0,1259
09/26/2012,PHL,PA,AEA,EN,Combined TRACON& Tower with Radar,680,549,45,0,1274,0,2,23,6,31,680,551,68,6,1305,0,0,0,1305
09/27/2012,PHL,PA,AEA,EN,Combined TRACON& Tower with Radar,698,552,40,0,1290,0,1,15,1,17,698,553,55,1,1307,0,0,0,1307
09/28/2012,PHL,PA,AEA,EN,Combined TRACON& Tower with Radar,693,574,32,0,1299,0,0,4,3,7,693,574,36,3,1306,0,0,0,1306
09/29/2012,PHL,PA,AEA,EN,Combined TRACON& Tower with Radar,565,449,24,0,1038,0,0,2,0,2,565,449,26,0,1040,0,0,0,1040
09/30/2012,PHL,PA,AEA,EN,Combined TRACON& Tower with Radar,598,563,39,0,1200,0,1,7,0,8,598,564,46,0,1208,0,0,0,1208
10/01/2012,PHL,PA,AEA,EN,Combined TRACON& Tower with Radar,663,557,46,0,1266,0,2,16,0,18,663,559,62,0,1284,0,0,0,1284
10/02/2012,PHL,PA,AEA,EN,Combined TRACON& Tower with Radar,658,519,52,1,1230,0,0,2,0,2,658,519,54,1,1232,0,0,0,1232
10/03/2012,PHL,PA,AEA,EN,Combined TRACON& Tower with Radar,664,548,52,1,1265,0,0,3,0,3,664,548,55,1,1268,0,0,0,1268
10/04/2012,PHL,PA,AEA,EN,Combined TRACON& Tower with Radar,689,575,35,0,1299,0,0,7,3,10,689,575,42,3,1309,0,0,0,1309
10/05/2012,PHL,PA,AEA,EN,Combined TRACON& Tower with Radar,697,577,57,0,1331,0,1,16,0,17,697,578,73,0,1348,0,0,0,1348
10/06/2012,PHL,PA,AEA,EN,Combined TRACON& Tower with Radar,561,428,16,3,1008,0,7,7,0,14,561,435,23,3,1022,0,0,0,1022
10/07/2012,PHL,PA,AEA,EN,Combined TRACON& Tower with Radar,612,562,45,1,1220,0,2,7,0,9,612,564,52,1,1229,0,0,0,1229
10/08/2012,PHL,PA,AEA,EN,Combined TRACON& Tower with Radar,658,549,40,0,1247,0,2,11,0,13,658,551,51,0,1260,0,0,0,1260
10/09/2012,PHL,PA,AEA,EN,Combined TRACON& Tower with Radar,656,540,36,0,1232,0,0,0,0,0,656,540,36,0,1232,0,0,0,1232
10/10/2012,PHL,PA,AEA,EN,Combined TRACON& Tower with Radar,685,555,32,0,1272,0,1,4,0,5,685,556,36,0,1277,0,0,0,1277
10/11/2012,PHL,PA,AEA,EN,Combined TRACON& Tower with Radar,686,583,51,1,1321,0,2,3,1,6,686,585,54,2,1327,0,0,0,1327
10/12/2012,PHL,PA,AEA,EN,Combined TRACON& Tower with Radar,687,565,42,0,1294,0,1,6,0,7,687,566,48,0,1301,0,0,0,1301
10/13/2012,PHL,PA,AEA,EN,Combined TRACON& Tower with Radar,574,440,18,0,1032,0,0,3,1,4,574,440,21,1,1036,0,0,0,1036
10/14/2012,PHL,PA,AEA,EN,Combined TRACON& Tower with Radar,610,559,26,0,1195,0,0,8,0,8,610,559,34,0,1203,0,0,0,1203
10/15/2012,PHL,PA,AEA,EN,Combined TRACON& Tower with Radar,663,522,26,0,1211,0,0,4,0,4,663,522,30,0,1215,0,0,0,1215
10/16/2012,PHL,PA,AEA,EN,Combined TRACON& Tower with Radar,662,570,37,1,1270,0,0,2,9,11,662,570,39,10,1281,0,0,0,1281
10/17/2012,PHL,PA,AEA,EN,Combined TRACON& Tower with Radar,680,565,47,0,1292,0,1,12,0,13,680,566,59,0,1305,0,0,0,1305
10/18/2012,PHL,PA,AEA,EN,Combined TRACON& Tower with Radar,680,577,63,0,1320,0,2,8,0,10,680,579,71,0,1330,0,0,0,1330
10/19/2012,PHL,PA,AEA,EN,Combined TRACON& Tower with Radar,689,539,51,0,1279,0,0,0,0,0,689,539,51,0,1279,0,0,0,1279
10/20/2012,PHL,PA,AEA,EN,Combined TRACON& Tower with Radar,583,445,21,0,1049,0,0,4,0,4,583,445,25,0,1053,0,0,0,1053
10/21/2012,PHL,PA,AEA,EN,Combined TRACON& Tower with Radar,608,565,33,0,1206,0,0,1,0,1,608,565,34,0,1207,0,0,0,1207
10/22/2012,PHL,PA,AEA,EN,Combined TRACON& Tower with Radar,662,556,39,1,1258,0,2,3,2,7,662,558,42,3,1265,0,0,0,1265
10/23/2012,PHL,PA,AEA,EN,Combined TRACON& Tower with Radar,666,565,40,0,1271,0,0,7,0,7,666,565,47,0,1278,0,0,0,1278
10/24/2012,PHL,PA,AEA,EN,Combined TRACON& Tower with Radar,674,562,34,1,1271,0,3,6,0,9,674,565,40,1,1280,0,0,0,1280
10/25/2012,PHL,PA,AEA,EN,Combined TRACON& Tower with Radar,683,563,43,2,1291,0,0,1,0,1,683,563,44,2,1292,0,0,0,1292
10/26/2012,PHL,PA,AEA,EN,Combined TRACON& Tower with Radar,687,565,69,2,1323,0,0,7,0,7,687,565,76,2,1330,0,0,0,1330
10/27/2012,PHL,PA,AEA,EN,Combined TRACON& Tower with Radar,567,452,23,2,1044,0,0,6,0,6,567,452,29,2,1050,0,0,0,1050
10/28/2012,PHL,PA,AEA,EN,Combined TRACON& Tower with Radar,558,455,24,0,1037,0,0,3,0,3,558,455,27,0,1040,0,0,0,1040
10/29/2012,PHL,PA,AEA,EN,Combined TRACON& Tower with Radar,7,0,0,0,7,0,0,0,0,0,7,0,0,0,7,0,0,0,7
10/30/2012,PHL,PA,AEA,EN,Combined TRACON& Tower with Radar,49,26,9,0,84,0,0,6,2,8,49,26,15,2,92,0,0,0,92
10/31/2012,PHL,PA,AEA,EN,Combined TRACON& Tower with Radar,527,408,41,0,976,0,2,19,0,21,527,410,60,0,997,0,0,0,997
11/01/2012,PHL,PA,AEA,EN,Combined TRACON& Tower with Radar,691,539,39,0,1269,0,2,6,0,8,691,541,45,0,1277,0,0,0,1277
11/02/2012,PHL,PA,AEA,EN,Combined TRACON& Tower with Radar,686,560,42,1,1289,0,0,4,2,6,686,560,46,3,1295,0,0,0,1295
11/03/2012,PHL,PA,AEA,EN,Combined TRACON& Tower with Radar,595,428,18,0,1041,0,2,1,1,4,595,430,19,1,1045,0,0,0,1045
11/04/2012,PHL,PA,AEA,EN,Combined TRACON& Tower with Radar,615,547,24,0,1186,0,0,9,0,9,615,547,33,0,1195,0,0,0,1195
11/05/2012,PHL,PA,AEA,EN,Combined TRACON& Tower with Radar,664,567,47,0,1278,0,0,11,0,11,664,567,58,0,1289,0,0,0,1289
11/06/2012,PHL,PA,AEA,EN,Combined TRACON& Tower with Radar,659,549,48,0,1256,0,0,8,0,8,659,549,56,0,1264,0,0,0,1264
11/07/2012,PHL,PA,AEA,EN,Combined TRACON& Tower with Radar,598,390,28,0,1016,0,2,0,0,2,598,392,28,0,1018,0,0,0,1018
11/08/2012,PHL,PA,AEA,EN,Combined TRACON& Tower with Radar,680,553,56,0,1289,0,0,10,0,10,680,553,66,0,1299,0,0,0,1299
11/09/2012,PHL,PA,AEA,EN,Combined TRACON& Tower with Radar,690,550,51,1,1292,0,5,8,2,15,690,555,59,3,1307,0,0,0,1307
11/10/2012,PHL,PA,AEA,EN,Combined TRACON& Tower with Radar,587,432,20,0,1039,0,1,6,0,7,587,433,26,0,1046,0,0,0,1046
11/11/2012,PHL,PA,AEA,EN,Combined TRACON& Tower with Radar,617,551,22,0,1190,0,4,7,0,11,617,555,29,0,1201,0,0,0,1201
11/12/2012,PHL,PA,AEA,EN,Combined TRACON& Tower with Radar,688,537,47,0,1272,0,2,9,0,11,688,539,56,0,1283,0,0,0,1283
11/13/2012,PHL,PA,AEA,EN,Combined TRACON& Tower with Radar,676,523,40,1,1240,0,1,3,0,4,676,524,43,1,1244,0,0,0,1244
11/14/2012,PHL,PA,AEA,EN,Combined TRACON& Tower with Radar,677,541,43,0,1261,0,6,9,0,15,677,547,52,0,1276,0,0,0,1276
11/15/2012,PHL,PA,AEA,EN,Combined TRACON& Tower with Radar,699,560,31,0,1290,0,1,5,0,6,699,561,36,0,1296,0,0,0,1296
11/16/2012,PHL,PA,AEA,EN,Combined TRACON& Tower with Radar,693,558,59,0,1310,0,2,7,0,9,693,560,66,0,1319,0,0,0,1319
11/17/2012,PHL,PA,AEA,EN,Combined TRACON& Tower with Radar,597,415,14,0,1026,0,2,6,0,8,597,417,20,0,1034,0,0,0,1034
11/18/2012,PHL,PA,AEA,EN,Combined TRACON& Tower with Radar,610,530,20,0,1160,0,2,7,0,9,610,532,27,0,1169,0,0,0,1169
11/19/2012,PHL,PA,AEA,EN,Combined TRACON& Tower with Radar,630,541,50,2,1223,0,2,6,0,8,630,543,56,2,1231,0,0,0,1231
11/20/2012,PHL,PA,AEA,EN,Combined TRACON& Tower with Radar,694,566,40,0,1300,0,4,10,2,16,694,570,50,2,1316,0,0,0,1316
11/21/2012,PHL,PA,AEA,EN,Combined TRACON& Tower with Radar,705,551,37,0,1293,0,0,5,0,5,705,551,42,0,1298,0,0,0,1298
11/22/2012,PHL,PA,AEA,EN,Combined TRACON& Tower with Radar,341,206,8,0,555,0,1,0,0,1,341,207,8,0,556,0,0,0,556
11/23/2012,PHL,PA,AEA,EN,Combined TRACON& Tower with Radar,341,134,17,0,492,0,0,2,0,2,341,134,19,0,494,0,0,0,494
11/24/2012,PHL,PA,AEA,EN,Combined TRACON& Tower with Radar,640,476,11,0,1127,0,0,4,0,4,640,476,15,0,1131,0,0,0,1131
11/25/2012,PHL,PA,AEA,EN,Combined TRACON& Tower with Radar,678,582,46,0,1306,0,0,2,0,2,678,582,48,0,1308,0,0,0,1308
11/26/2012,PHL,PA,AEA,EN,Combined TRACON& Tower with Radar,691,546,45,0,1282,0,1,8,5,14,691,547,53,5,1296,0,0,0,1296
11/27/2012,PHL,PA,AEA,EN,Combined TRACON& Tower with Radar,662,467,27,0,1156,0,0,0,0,0,662,467,27,0,1156,0,0,0,1156
11/28/2012,PHL,PA,AEA,EN,Combined TRACON& Tower with Radar,672,537,36,1,1246,0,2,15,4,21,672,539,51,5,1267,0,0,0,1267
11/29/2012,PHL,PA,AEA,EN,Combined TRACON& Tower with Radar,683,548,27,3,1261,0,9,5,1,15,683,557,32,4,1276,0,0,0,1276
11/30/2012,PHL,PA,AEA,EN,Combined TRACON& Tower with Radar,666,545,40,5,1256,0,0,17,5,22,666,545,57,10,1278,0,0,0,1278
12/01/2012,PHL,PA,AEA,EN,Combined TRACON& Tower with Radar,533,412,21,0,966,0,2,6,0,8,533,414,27,0,974,0,0,0,974
12/02/2012,PHL,PA,AEA,EN,Combined TRACON& Tower with Radar,591,475,26,0,1092,0,0,0,0,0,591,475,26,0,1092,0,0,0,1092
12/03/2012,PHL,PA,AEA,EN,Combined TRACON& Tower with Radar,632,556,49,0,1237,0,2,1,6,9,632,558,50,6,1246,0,0,0,1246
12/04/2012,PHL,PA,AEA,EN,Combined TRACON& Tower with Radar,652,527,37,1,1217,0,5,8,7,20,652,532,45,8,1237,0,0,0,1237
12/05/2012,PHL,PA,AEA,EN,Combined TRACON& Tower with Radar,660,541,40,1,1242,0,1,12,3,16,660,542,52,4,1258,0,0,0,1258
12/06/2012,PHL,PA,AEA,EN,Combined TRACON& Tower with Radar,674,559,48,3,1284,0,0,9,1,10,674,559,57,4,1294,0,0,0,1294
12/07/2012,PHL,PA,AEA,EN,Combined TRACON& Tower with Radar,668,561,44,9,1282,0,2,1,5,8,668,563,45,14,1290,0,0,0,1290
12/08/2012,PHL,PA,AEA,EN,Combined TRACON& Tower with Radar,531,389,18,9,947,0,0,0,0,0,531,389,18,9,947,0,0,0,947
12/09/2012,PHL,PA,AEA,EN,Combined TRACON& Tower with Radar,584,523,20,8,1135,0,0,5,0,5,584,523,25,8,1140,0,0,0,1140
12/10/2012,PHL,PA,AEA,EN,Combined TRACON& Tower with Radar,602,389,24,2,1017,0,0,0,0,0,602,389,24,2,1017,0,0,0,1017
12/11/2012,PHL,PA,AEA,EN,Combined TRACON& Tower with Radar,686,529,47,2,1264,0,2,13,0,15,686,531,60,2,1279,0,0,0,1279
12/12/2012,PHL,PA,AEA,EN,Combined TRACON& Tower with Radar,668,540,46,5,1259,0,3,8,7,18,668,543,54,12,1277,0,0,0,1277
12/13/2012,PHL,PA,AEA,EN,Combined TRACON& Tower with Radar,694,560,38,0,1292,0,2,6,0,8,694,562,44,0,1300,0,0,0,1300
12/14/2012,PHL,PA,AEA,EN,Combined TRACON& Tower with Radar,680,549,28,0,1257,0,0,17,0,17,680,549,45,0,1274,0,0,0,1274
12/15/2012,PHL,PA,AEA,EN,Combined TRACON& Tower with Radar,535,415,13,0,963,0,0,4,2,6,535,415,17,2,969,0,0,0,969
12/16/2012,PHL,PA,AEA,EN,Combined TRACON& Tower with Radar,602,504,23,0,1129,0,0,2,0,2,602,504,25,0,1131,0,0,0,1131
12/17/2012,PHL,PA,AEA,EN,Combined TRACON& Tower with Radar,614,425,35,1,1075,0,0,0,0,0,614,425,35,1,1075,0,0,0,1075
12/18/2012,PHL,PA,AEA,EN,Combined TRACON& Tower with Radar,708,512,40,0,1260,0,1,8,0,9,708,513,48,0,1269,0,0,0,1269
12/19/2012,PHL,PA,AEA,EN,Combined TRACON& Tower with Radar,739,576,45,0,1360,0,0,18,0,18,739,576,63,0,1378,0,0,0,1378
12/20/2012,PHL,PA,AEA,EN,Combined TRACON& Tower with Radar,722,561,29,0,1312,0,3,17,0,20,722,564,46,0,1332,0,0,0,1332
12/21/2012,PHL,PA,AEA,EN,Combined TRACON& Tower with Radar,723,543,34,0,1300,0,0,0,0,0,723,543,34,0,1300,0,0,0,1300
12/22/2012,PHL,PA,AEA,EN,Combined TRACON& Tower with Radar,612,468,15,0,1095,0,0,0,0,0,612,468,15,0,1095,0,0,0,1095
12/23/2012,PHL,PA,AEA,EN,Combined TRACON& Tower with Radar,618,562,15,0,1195,0,1,1,0,2,618,563,16,0,1197,0,0,0,1197
12/24/2012,PHL,PA,AEA,EN,Combined TRACON& Tower with Radar,511,394,7,0,912,0,0,0,0,0,511,394,7,0,912,0,0,0,912
12/25/2012,PHL,PA,AEA,EN,Combined TRACON& Tower with Radar,488,423,7,0,918,0,0,2,0,2,488,423,9,0,920,0,0,0,920
12/26/2012,PHL,PA,AEA,EN,Combined TRACON& Tower with Radar,582,328,20,0,930,0,0,2,0,2,582,328,22,0,932,0,0,0,932
12/27/2012,PHL,PA,AEA,EN,Combined TRACON& Tower with Radar,719,496,8,0,1223,0,2,0,0,2,719,498,8,0,1225,0,0,0,1225
12/28/2012,PHL,PA,AEA,EN,Combined TRACON& Tower with Radar,706,552,19,0,1277,0,0,1,0,1,706,552,20,0,1278,0,0,0,1278
12/29/2012,PHL,PA,AEA,EN,Combined TRACON& Tower with Radar,586,406,11,0,1003,0,0,1,0,1,586,406,12,0,1004,0,0,0,1004
12/30/2012,PHL,PA,AEA,EN,Combined TRACON& Tower with Radar,619,540,7,0,1166,0,0,2,0,2,619,540,9,0,1168,0,0,0,1168
12/31/2012,PHL,PA,AEA,EN,Combined TRACON& Tower with Radar,622,525,7,0,1154,0,4,0,0,4,622,529,7,0,1158,0,0,0,1158
01/01/2013,PHL,PA,AEA,EN,Combined TRACON& Tower with Radar,562,474,19,0,1055,0,1,2,0,3,562,475,21,0,1058,0,0,0,1058
01/02/2013,PHL,PA,AEA,EN,Combined TRACON& Tower with Radar,697,568,20,2,1287,0,0,6,0,6,697,568,26,2,1293,0,0,0,1293
01/03/2013,PHL,PA,AEA,EN,Combined TRACON& Tower with Radar,723,557,28,0,1308,0,0,0,0,0,723,557,28,0,1308,0,0,0,1308
01/04/2013,PHL,PA,AEA,EN,Combined TRACON& Tower with Radar,695,554,24,0,1273,0,0,3,0,3,695,554,27,0,1276,0,0,0,1276
01/05/2013,PHL,PA,AEA,EN,Combined TRACON& Tower with Radar,584,436,14,0,1034,0,2,7,0,9,584,438,21,0,1043,0,0,0,1043
01/06/2013,PHL,PA,AEA,EN,Combined TRACON& Tower with Radar,648,548,26,0,1222,0,1,0,0,1,648,549,26,0,1223,0,0,0,1223
01/07/2013,PHL,PA,AEA,EN,Combined TRACON& Tower with Radar,659,516,27,0,1202,0,2,8,2,12,659,518,35,2,1214,0,0,0,1214
01/08/2013,PHL,PA,AEA,EN,Combined TRACON& Tower with Radar,658,508,39,1,1206,0,0,10,2,12,658,508,49,3,1218,0,0,0,1218
01/09/2013,PHL,PA,AEA,EN,Combined TRACON& Tower with Radar,675,510,29,1,1215,0,3,13,3,19,675,513,42,4,1234,0,0,0,1234
01/10/2013,PHL,PA,AEA,EN,Combined TRACON& Tower with Radar,687,525,44,0,1256,0,1,1,0,2,687,526,45,0,1258,0,0,0,1258
01/11/2013,PHL,PA,AEA,EN,Combined TRACON& Tower with Radar,678,522,34,0,1234,0,0,3,2,5,678,522,37,2,1239,0,0,0,1239
01/12/2013,PHL,PA,AEA,EN,Combined TRACON& Tower with Radar,543,384,15,0,942,0,0,2,0,2,543,384,17,0,944,0,0,0,944
01/13/2013,PHL,PA,AEA,EN,Combined TRACON& Tower with Radar,583,222,15,0,820,0,0,0,0,0,583,222,15,0,820,0,0,0,820
01/14/2013,PHL,PA,AEA,EN,Combined TRACON& Tower with Radar,644,483,30,0,1157,0,0,1,0,1,644,483,31,0,1158,0,0,0,1158
01/15/2013,PHL,PA,AEA,EN,Combined TRACON& Tower with Radar,644,514,21,0,1179,0,2,12,0,14,644,516,33,0,1193,0,0,0,1193
01/16/2013,PHL,PA,AEA,EN,Combined TRACON& Tower with Radar,651,422,28,0,1101,0,0,0,0,0,651,422,28,0,1101,0,0,0,1101
01/17/2013,PHL,PA,AEA,EN,Combined TRACON& Tower with Radar,687,527,47,0,1261,0,0,4,1,5,687,527,51,1,1266,0,0,0,1266
01/18/2013,PHL,PA,AEA,EN,Combined TRACON& Tower with Radar,683,527,35,0,1245,0,0,4,0,4,683,527,39,0,1249,0,0,0,1249
01/19/2013,PHL,PA,AEA,EN,Combined TRACON& Tower with Radar,551,406,7,0,964,0,0,2,0,2,551,406,9,0,966,0,0,0,966
01/20/2013,PHL,PA,AEA,EN,Combined TRACON& Tower with Radar,587,509,10,0,1106,0,0,9,3,12,587,509,19,3,1118,0,0,0,1118
01/21/2013,PHL,PA,AEA,EN,Combined TRACON& Tower with Radar,655,512,27,0,1194,0,3,2,0,5,655,515,29,0,1199,0,0,0,1199
01/22/2013,PHL,PA,AEA,EN,Combined TRACON& Tower with Radar,663,515,34,0,1212,0,0,13,2,15,663,515,47,2,1227,0,0,0,1227
01/23/2013,PHL,PA,AEA,EN,Combined TRACON& Tower with Radar,671,499,31,0,1201,0,0,4,0,4,671,499,35,0,1205,0,0,0,1205
01/24/2013,PHL,PA,AEA,EN,Combined TRACON& Tower with Radar,684,497,31,1,1213,0,0,2,1,3,684,497,33,2,1216,0,0,0,1216
01/25/2013,PHL,PA,AEA,EN,Combined TRACON& Tower with Radar,662,424,14,0,1100,0,0,1,0,1,662,424,15,0,1101,0,0,0,1101
01/26/2013,PHL,PA,AEA,EN,Combined TRACON& Tower with Radar,552,419,16,0,987,0,2,9,0,11,552,421,25,0,998,0,0,0,998
01/27/2013,PHL,PA,AEA,EN,Combined TRACON& Tower with Radar,597,525,27,0,1149,0,0,3,0,3,597,525,30,0,1152,0,0,0,1152
01/28/2013,PHL,PA,AEA,EN,Combined TRACON& Tower with Radar,615,403,23,0,1041,0,0,0,0,0,615,403,23,0,1041,0,0,0,1041
01/29/2013,PHL,PA,AEA,EN,Combined TRACON& Tower with Radar,666,491,41,0,1198,0,0,2,0,2,666,491,43,0,1200,0,0,0,1200
01/30/2013,PHL,PA,AEA,EN,Combined TRACON& Tower with Radar,609,384,34,2,1029,0,0,1,2,3,609,384,35,4,1032,0,0,0,1032
01/31/2013,PHL,PA,AEA,EN,Combined TRACON& Tower with Radar,699,514,39,0,1252,0,0,0,0,0,699,514,39,0,1252,0,0,0,1252
02/01/2013,PHL,PA,AEA,EN,Combined TRACON& Tower with Radar,683,510,31,0,1224,0,3,9,0,12,683,513,40,0,1236,0,0,0,1236
02/02/2013,PHL,PA,AEA,EN,Combined TRACON& Tower with Radar,551,408,11,0,970,0,0,6,0,6,551,408,17,0,976,0,0,0,976
02/03/2013,PHL,PA,AEA,EN,Combined TRACON& Tower with Radar,590,505,13,0,1108,0,0,1,0,1,590,505,14,0,1109,0,0,0,1109
02/04/2013,PHL,PA,AEA,EN,Combined TRACON& Tower with Radar,655,515,35,0,1205,0,0,2,2,4,655,515,37,2,1209,0,0,0,1209
02/05/2013,PHL,PA,AEA,EN,Combined TRACON& Tower with Radar,665,501,37,0,1203,0,0,5,0,5,665,501,42,0,1208,0,0,0,1208
02/06/2013,PHL,PA,AEA,EN,Combined TRACON& Tower with Radar,687,529,37,0,1253,0,0,2,0,2,687,529,39,0,1255,0,0,0,1255
02/07/2013,PHL,PA,AEA,EN,Combined TRACON& Tower with Radar,671,528,51,0,1250,0,0,10,0,10,671,528,61,0,1260,0,0,0,1260
02/08/2013,PHL,PA,AEA,EN,Combined TRACON& Tower with Radar,585,368,10,1,964,0,0,0,0,0,585,368,10,1,964,0,0,0,964
02/09/2013,PHL,PA,AEA,EN,Combined TRACON& Tower with Radar,480,328,14,2,824,0,0,6,0,6,480,328,20,2,830,0,0,0,830
02/10/2013,PHL,PA,AEA,EN,Combined TRACON& Tower with Radar,608,512,8,0,1128,0,2,3,2,7,608,514,11,2,1135,0,0,0,1135
02/11/2013,PHL,PA,AEA,EN,Combined TRACON& Tower with Radar,632,361,15,1,1009,0,0,0,5,5,632,361,15,6,1014,0,0,0,1014
02/12/2013,PHL,PA,AEA,EN,Combined TRACON& Tower with Radar,664,499,59,0,1222,0,0,8,0,8,664,499,67,0,1230,0,0,0,1230
02/13/2013,PHL,PA,AEA,EN,Combined TRACON& Tower with Radar,685,503,25,0,1213,0,5,10,0,15,685,508,35,0,1228,0,0,0,1228
02/14/2013,PHL,PA,AEA,EN,Combined TRACON& Tower with Radar,718,559,39,0,1316,0,0,6,0,6,718,559,45,0,1322,0,0,0,1322
02/15/2013,PHL,PA,AEA,EN,Combined TRACON& Tower with Radar,702,538,29,0,1269,0,0,6,0,6,702,538,35,0,1275,0,0,0,1275
02/16/2013,PHL,PA,AEA,EN,Combined TRACON& Tower with Radar,569,422,11,0,1002,0,0,0,0,0,569,422,11,0,1002,0,0,0,1002
02/17/2013,PHL,PA,AEA,EN,Combined TRACON& Tower with Radar,610,496,28,0,1134,0,3,5,0,8,610,499,33,0,1142,0,0,0,1142
02/18/2013,PHL,PA,AEA,EN,Combined TRACON& Tower with Radar,685,539,26,0,1250,0,0,11,0,11,685,539,37,0,1261,0,0,0,1261
02/19/2013,PHL,PA,AEA,EN,Combined TRACON& Tower with Radar,688,433,26,1,1148,0,1,8,1,10,688,434,34,2,1158,0,0,0,1158
02/20/2013,PHL,PA,AEA,EN,Combined TRACON& Tower with Radar,699,517,33,1,1250,0,0,5,2,7,699,517,38,3,1257,0,0,0,1257
02/21/2013,PHL,PA,AEA,EN,Combined TRACON& Tower with Radar,713,531,38,2,1284,0,4,9,0,13,713,535,47,2,1297,0,0,0,1297
02/22/2013,PHL,PA,AEA,EN,Combined TRACON& Tower with Radar,690,535,21,2,1248,0,2,3,0,5,690,537,24,2,1253,0,0,0,1253
02/23/2013,PHL,PA,AEA,EN,Combined TRACON& Tower with Radar,571,403,17,0,991,0,0,0,0,0,571,403,17,0,991,0,0,0,991
02/24/2013,PHL,PA,AEA,EN,Combined TRACON& Tower with Radar,621,506,21,0,1148,0,0,2,0,2,621,506,23,0,1150,0,0,0,1150
02/25/2013,PHL,PA,AEA,EN,Combined TRACON& Tower with Radar,682,527,28,0,1237,0,2,18,0,20,682,529,46,0,1257,0,0,0,1257
02/26/2013,PHL,PA,AEA,EN,Combined TRACON& Tower with Radar,675,524,25,0,1224,0,5,9,0,14,675,529,34,0,1238,0,0,0,1238
02/27/2013,PHL,PA,AEA,EN,Combined TRACON& Tower with Radar,699,524,43,0,1266,0,0,2,3,5,699,524,45,3,1271,0,0,0,1271
02/28/2013,PHL,PA,AEA,EN,Combined TRACON& Tower with Radar,717,551,43,1,1312,0,1,5,2,8,717,552,48,3,1320,0,0,0,1320
03/01/2013,PHL,PA,AEA,EN,Combined TRACON& Tower with Radar,707,538,36,0,1281,0,1,4,0,5,707,539,40,0,1286,0,0,0,1286
03/02/2013,PHL,PA,AEA,EN,Combined TRACON& Tower with Radar,589,449,29,0,1067,0,1,0,0,1,589,450,29,0,1068,0,0,0,1068
03/03/2013,PHL,PA,AEA,EN,Combined TRACON& Tower with Radar,632,536,28,0,1196,0,0,4,0,4,632,536,32,0,1200,0,0,0,1200
03/04/2013,PHL,PA,AEA,EN,Combined TRACON& Tower with Radar,688,523,35,5,1251,0,4,8,1,13,688,527,43,6,1264,0,0,0,1264
03/05/2013,PHL,PA,AEA,EN,Combined TRACON& Tower with Radar,675,528,39,1,1243,0,5,5,2,12,675,533,44,3,1255,0,0,0,1255
03/06/2013,PHL,PA,AEA,EN,Combined TRACON& Tower with Radar,606,301,24,0,931,0,0,0,0,0,606,301,24,0,931,0,0,0,931
03/07/2013,PHL,PA,AEA,EN,Combined TRACON& Tower with Radar,718,517,30,1,1266,0,1,2,0,3,718,518,32,1,1269,0,0,0,1269
03/08/2013,PHL,PA,AEA,EN,Combined TRACON& Tower with Radar,693,471,25,0,1189,0,0,2,0,2,693,471,27,0,1191,0,0,0,1191
03/09/2013,PHL,PA,AEA,EN,Combined TRACON& Tower with Radar,600,439,18,0,1057,0,0,2,2,4,600,439,20,2,1061,0,0,0,1061
03/10/2013,PHL,PA,AEA,EN,Combined TRACON& Tower with Radar,642,536,28,0,1206,0,0,1,0,1,642,536,29,0,1207,0,0,0,1207
03/11/2013,PHL,PA,AEA,EN,Combined TRACON& Tower with Radar,681,527,42,0,1250,0,0,11,6,17,681,527,53,6,1267,0,0,0,1267
03/12/2013,PHL,PA,AEA,EN,Combined TRACON& Tower with Radar,685,499,32,0,1216,0,0,0,0,0,685,499,32,0,1216,0,0,0,1216
03/13/2013,PHL,PA,AEA,EN,Combined TRACON& Tower with Radar,702,546,38,1,1287,0,2,10,0,12,702,548,48,1,1299,0,0,0,1299
03/14/2013,PHL,PA,AEA,EN,Combined TRACON& Tower with Radar,709,531,44,0,1284,0,2,6,0,8,709,533,50,0,1292,0,0,0,1292
03/15/2013,PHL,PA,AEA,EN,Combined TRACON& Tower with Radar,708,547,35,0,1290,0,5,5,0,10,708,552,40,0,1300,0,0,0,1300
03/16/2013,PHL,PA,AEA,EN,Combined TRACON& Tower with Radar,612,441,12,0,1065,0,0,3,0,3,612,441,15,0,1068,0,0,0,1068
03/17/2013,PHL,PA,AEA,EN,Combined TRACON& Tower with Radar,639,543,26,0,1208,0,3,4,0,7,639,546,30,0,1215,0,0,0,1215
03/18/2013,PHL,PA,AEA,EN,Combined TRACON& Tower with Radar,670,476,48,0,1194,0,0,3,0,3,670,476,51,0,1197,0,0,0,1197
03/19/2013,PHL,PA,AEA,EN,Combined TRACON& Tower with Radar,683,503,26,0,1212,0,0,5,0,5,683,503,31,0,1217,0,0,0,1217
03/20/2013,PHL,PA,AEA,EN,Combined TRACON& Tower with Radar,715,542,45,0,1302,0,2,7,2,11,715,544,52,2,1313,0,0,0,1313
03/21/2013,PHL,PA,AEA,EN,Combined TRACON& Tower with Radar,713,541,39,1,1294,0,0,9,3,12,713,541,48,4,1306,0,0,0,1306
03/22/2013,PHL,PA,AEA,EN,Combined TRACON& Tower with Radar,705,539,51,0,1295,0,1,4,3,8,705,540,55,3,1303,0,0,0,1303
03/23/2013,PHL,PA,AEA,EN,Combined TRACON& Tower with Radar,609,456,25,1,1091,0,0,4,1,5,609,456,29,2,1096,0,0,0,1096
03/24/2013,PHL,PA,AEA,EN,Combined TRACON& Tower with Radar,626,514,33,0,1173,0,0,5,0,5,626,514,38,0,1178,0,0,0,1178
03/25/2013,PHL,PA,AEA,EN,Combined TRACON& Tower with Radar,681,420,33,0,1134,0,0,4,0,4,681,420,37,0,1138,0,0,0,1138
03/26/2013,PHL,PA,AEA,EN,Combined TRACON& Tower with Radar,693,546,27,1,1267,0,4,12,0,16,693,550,39,1,1283,0,0,0,1283
03/27/2013,PHL,PA,AEA,EN,Combined TRACON& Tower with Radar,707,530,39,0,1276,0,0,8,0,8,707,530,47,0,1284,0,0,0,1284
03/28/2013,PHL,PA,AEA,EN,Combined TRACON& Tower with Radar,719,541,42,0,1302,0,4,9,0,13,719,545,51,0,1315,0,0,0,1315
03/29/2013,PHL,PA,AEA,EN,Combined TRACON& Tower with Radar,701,542,21,0,1264,0,0,2,0,2,701,542,23,0,1266,0,0,0,1266
03/30/2013,PHL,PA,AEA,EN,Combined TRACON& Tower with Radar,611,450,18,0,1079,0,0,7,0,7,611,450,25,0,1086,0,0,0,1086
03/31/2013,PHL,PA,AEA,EN,Combined TRACON& Tower with Radar,637,539,22,0,1198,0,0,3,0,3,637,539,25,0,1201,0,0,0,1201
04/01/2013,PHL,PA,AEA,EN,Combined TRACON& Tower with Radar,687,546,26,0,1259,0,3,9,1,13,687,549,35,1,1272,0,0,0,1272
04/02/2013,PHL,PA,AEA,EN,Combined TRACON& Tower with Radar,697,542,26,0,1265,0,0,4,0,4,697,542,30,0,1269,0,0,0,1269
04/03/2013,PHL,PA,AEA,EN,Combined TRACON& Tower with Radar,711,532,35,0,1278,0,2,9,0,11,711,534,44,0,1289,0,0,0,1289
04/04/2013,PHL,PA,AEA,EN,Combined TRACON& Tower with Radar,715,549,34,0,1298,0,0,13,0,13,715,549,47,0,1311,0,0,0,1311
04/05/2013,PHL,PA,AEA,EN,Combined TRACON& Tower with Radar,708,561,33,0,1302,0,1,15,0,16,708,562,48,0,1318,0,0,0,1318
04/06/2013,PHL,PA,AEA,EN,Combined TRACON& Tower with Radar,601,464,12,1,1078,0,3,3,2,8,601,467,15,3,1086,0,0,0,1086
04/07/2013,PHL,PA,AEA,EN,Combined TRACON& Tower with Radar,646,538,15,0,1199,0,0,3,0,3,646,538,18,0,1202,0,0,0,1202
04/08/2013,PHL,PA,AEA,EN,Combined TRACON& Tower with Radar,689,540,25,0,1254,0,0,8,0,8,689,540,33,0,1262,0,0,0,1262
04/09/2013,PHL,PA,AEA,EN,Combined TRACON& Tower with Radar,696,514,31,0,1241,0,2,4,0,6,696,516,35,0,1247,0,0,0,1247
04/10/2013,PHL,PA,AEA,EN,Combined TRACON& Tower with Radar,652,448,46,0,1146,0,0,6,0,6,652,448,52,0,1152,0,0,0,1152
04/11/2013,PHL,PA,AEA,EN,Combined TRACON& Tower with Radar,762,539,44,0,1345,0,0,9,0,9,762,539,53,0,1354,0,0,0,1354
04/12/2013,PHL,PA,AEA,EN,Combined TRACON& Tower with Radar,691,390,32,0,1113,0,0,0,0,0,691,390,32,0,1113,0,0,0,1113
04/13/2013,PHL,PA,AEA,EN,Combined TRACON& Tower with Radar,603,439,11,1,1054,0,0,2,0,2,603,439,13,1,1056,0,0,0,1056
04/14/2013,PHL,PA,AEA,EN,Combined TRACON& Tower with Radar,637,517,24,1,1179,0,0,7,0,7,637,517,31,1,1186,0,0,0,1186
04/15/2013,PHL,PA,AEA,EN,Combined TRACON& Tower with Radar,675,521,32,0,1228,0,2,7,0,9,675,523,39,0,1237,0,0,0,1237
04/16/2013,PHL,PA,AEA,EN,Combined TRACON& Tower with Radar,685,520,45,0,1250,0,0,5,2,7,685,520,50,2,1257,0,0,0,1257
04/17/2013,PHL,PA,AEA,EN,Combined TRACON& Tower with Radar,677,517,35,0,1229,0,1,10,11,22,677,518,45,11,1251,0,0,0,1251
04/18/2013,PHL,PA,AEA,EN,Combined TRACON& Tower with Radar,699,523,45,2,1269,0,0,3,0,3,699,523,48,2,1272,0,0,0,1272
04/19/2013,PHL,PA,AEA,EN,Combined TRACON& Tower with Radar,685,444,35,0,1164,0,1,3,0,4,685,445,38,0,1168,0,0,0,1168
04/20/2013,PHL,PA,AEA,EN,Combined TRACON& Tower with Radar,599,447,12,0,1058,0,0,1,0,1,599,447,13,0,1059,0,0,0,1059
04/21/2013,PHL,PA,AEA,EN,Combined TRACON& Tower with Radar,631,534,20,0,1185,0,1,8,0,9,631,535,28,0,1194,0,0,0,1194
04/22/2013,PHL,PA,AEA,EN,Combined TRACON& Tower with Radar,674,520,33,0,1227,0,2,1,0,3,674,522,34,0,1230,0,0,0,1230
04/23/2013,PHL,PA,AEA,EN,Combined TRACON& Tower with Radar,698,534,42,0,1274,0,1,8,0,9,698,535,50,0,1283,0,0,0,1283
04/24/2013,PHL,PA,AEA,EN,Combined TRACON& Tower with Radar,696,519,57,0,1272,0,8,9,2,19,696,527,66,2,1291,0,0,0,1291
04/25/2013,PHL,PA,AEA,EN,Combined TRACON& Tower with Radar,708,539,43,0,1290,0,4,15,0,19,708,543,58,0,1309,0,0,0,1309
04/26/2013,PHL,PA,AEA,EN,Combined TRACON& Tower with Radar,703,517,28,0,1248,0,0,16,11,27,703,517,44,11,1275,0,0,0,1275
04/27/2013,PHL,PA,AEA,EN,Combined TRACON& Tower with Radar,579,438,11,0,1028,0,5,0,0,5,579,443,11,0,1033,0,0,0,1033
04/28/2013,PHL,PA,AEA,EN,Combined TRACON& Tower with Radar,632,529,12,0,1173,0,2,9,0,11,632,531,21,0,1184,0,0,0,1184
04/29/2013,PHL,PA,AEA,EN,Combined TRACON& Tower with Radar,644,439,32,0,1115,0,0,0,0,0,644,439,32,0,1115,0,0,0,1115
04/30/2013,PHL,PA,AEA,EN,Combined TRACON& Tower with Radar,697,533,37,0,1267,0,0,18,2,20,697,533,55,2,1287,0,0,0,1287
05/01/2013,PHL,PA,AEA,EN,Combined TRACON& Tower with Radar,697,524,36,0,1257,0,1,7,1,9,697,525,43,1,1266,0,0,0,1266
05/02/2013,PHL,PA,AEA,EN,Combined TRACON& Tower with Radar,711,535,54,0,1300,0,0,9,4,13,711,535,63,4,1313,0,0,0,1313
05/03/2013,PHL,PA,AEA,EN,Combined TRACON& Tower with Radar,697,531,43,0,1271,0,3,14,0,17,697,534,57,0,1288,0,0,0,1288
05/04/2013,PHL,PA,AEA,EN,Combined TRACON& Tower with Radar,584,433,17,0,1034,0,0,8,0,8,584,433,25,0,1042,0,0,0,1042
05/05/2013,PHL,PA,AEA,EN,Combined TRACON& Tower with Radar,642,527,25,0,1194,0,1,17,3,21,642,528,42,3,1215,0,0,0,1215
05/06/2013,PHL,PA,AEA,EN,Combined TRACON& Tower with Radar,677,524,49,0,1250,0,0,7,0,7,677,524,56,0,1257,0,0,0,1257
05/07/2013,PHL,PA,AEA,EN,Combined TRACON& Tower with Radar,710,519,46,1,1276,0,0,5,0,5,710,519,51,1,1281,0,0,0,1281
05/08/2013,PHL,PA,AEA,EN,Combined TRACON& Tower with Radar,707,486,41,2,1236,0,0,5,0,5,707,486,46,2,1241,0,0,0,1241
05/09/2013,PHL,PA,AEA,EN,Combined TRACON& Tower with Radar,716,532,26,0,1274,0,4,4,2,10,716,536,30,2,1284,0,0,0,1284
05/10/2013,PHL,PA,AEA,EN,Combined TRACON& Tower with Radar,691,520,40,0,1251,0,1,8,2,11,691,521,48,2,1262,0,0,0,1262
05/11/2013,PHL,PA,AEA,EN,Combined TRACON& Tower with Radar,597,434,29,0,1060,0,0,4,0,4,597,434,33,0,1064,0,0,0,1064
05/12/2013,PHL,PA,AEA,EN,Combined TRACON& Tower with Radar,640,527,20,0,1187,0,0,2,0,2,640,527,22,0,1189,0,0,0,1189
05/13/2013,PHL,PA,AEA,EN,Combined TRACON& Tower with Radar,687,520,61,0,1268,0,1,19,0,20,687,521,80,0,1288,0,0,0,1288
05/14/2013,PHL,PA,AEA,EN,Combined TRACON& Tower with Radar,704,537,33,0,1274,0,0,17,2,19,704,537,50,2,1293,0,0,0,1293
05/15/2013,PHL,PA,AEA,EN,Combined TRACON& Tower with Radar,704,533,39,3,1279,0,2,5,0,7,704,535,44,3,1286,0,0,0,1286
05/16/2013,PHL,PA,AEA,EN,Combined TRACON& Tower with Radar,716,534,43,0,1293,0,0,4,2,6,716,534,47,2,1299,0,0,0,1299
05/17/2013,PHL,PA,AEA,EN,Combined TRACON& Tower with Radar,708,528,35,0,1271,0,1,12,1,14,708,529,47,1,1285,0,0,0,1285
05/18/2013,PHL,PA,AEA,EN,Combined TRACON& Tower with Radar,575,421,19,0,1015,0,0,0,0,0,575,421,19,0,1015,0,0,0,1015
05/19/2013,PHL,PA,AEA,EN,Combined TRACON& Tower with Radar,614,419,23,0,1056,0,0,0,0,0,614,419,23,0,1056,0,0,0,1056
05/20/2013,PHL,PA,AEA,EN,Combined TRACON& Tower with Radar,688,502,36,0,1226,0,0,4,3,7,688,502,40,3,1233,0,0,0,1233
05/21/2013,PHL,PA,AEA,EN,Combined TRACON& Tower with Radar,695,500,39,1,1235,0,0,1,0,1,695,500,40,1,1236,0,0,0,1236
05/22/2013,PHL,PA,AEA,EN,Combined TRACON& Tower with Radar,702,479,53,2,1236,0,0,4,0,4,702,479,57,2,1240,0,0,0,1240
05/23/2013,PHL,PA,AEA,EN,Combined TRACON& Tower with Radar,689,382,30,0,1101,0,4,0,0,4,689,386,30,0,1105,0,0,0,1105
05/24/2013,PHL,PA,AEA,EN,Combined TRACON& Tower with Radar,735,470,40,2,1247,0,0,5,0,5,735,470,45,2,1252,0,0,0,1252
05/25/2013,PHL,PA,AEA,EN,Combined TRACON& Tower with Radar,617,410,22,0,1049,0,1,4,0,5,617,411,26,0,1054,0,0,0,1054
05/26/2013,PHL,PA,AEA,EN,Combined TRACON& Tower with Radar,519,393,23,0,935,0,0,1,0,1,519,393,24,0,936,0,0,0,936
05/27/2013,PHL,PA,AEA,EN,Combined TRACON& Tower with Radar,635,508,17,0,1160,0,5,8,0,13,635,513,25,0,1173,0,0,0,1173
05/28/2013,PHL,PA,AEA,EN,Combined TRACON& Tower with Radar,703,515,45,0,1263,0,0,6,0,6,703,515,51,0,1269,0,0,0,1269
05/29/2013,PHL,PA,AEA,EN,Combined TRACON& Tower with Radar,726,531,59,0,1316,0,3,9,0,12,726,534,68,0,1328,0,0,0,1328
05/30/2013,PHL,PA,AEA,EN,Combined TRACON& Tower with Radar,738,535,47,0,1320,0,1,3,4,8,738,536,50,4,1328,0,0,0,1328
05/31/2013,PHL,PA,AEA,EN,Combined TRACON& Tower with Radar,727,537,30,0,1294,0,0,8,0,8,727,537,38,0,1302,0,0,0,1302
06/01/2013,PHL,PA,AEA,EN,Combined TRACON& Tower with Radar,610,430,13,0,1053,0,1,6,1,8,610,431,19,1,1061,0,0,0,1061
06/02/2013,PHL,PA,AEA,EN,Combined TRACON& Tower with Radar,653,418,14,0,1085,0,0,8,0,8,653,418,22,0,1093,0,0,0,1093
06/03/2013,PHL,PA,AEA,EN,Combined TRACON& Tower with Radar,715,486,25,0,1226,0,3,2,2,7,715,489,27,2,1233,0,0,0,1233
06/04/2013,PHL,PA,AEA,EN,Combined TRACON& Tower with Radar,726,530,38,0,1294,0,3,7,2,12,726,533,45,2,1306,0,0,0,1306
06/05/2013,PHL,PA,AEA,EN,Combined TRACON& Tower with Radar,738,534,49,0,1321,0,1,11,0,12,738,535,60,0,1333,0,0,0,1333
06/06/2013,PHL,PA,AEA,EN,Combined TRACON& Tower with Radar,735,526,29,0,1290,0,1,7,0,8,735,527,36,0,1298,0,0,0,1298
06/07/2013,PHL,PA,AEA,EN,Combined TRACON& Tower with Radar,673,382,26,0,1081,0,0,0,0,0,673,382,26,0,1081,0,0,0,1081
06/08/2013,PHL,PA,AEA,EN,Combined TRACON& Tower with Radar,647,432,14,0,1093,0,0,2,0,2,647,432,16,0,1095,0,0,0,1095
06/09/2013,PHL,PA,AEA,EN,Combined TRACON& Tower with Radar,659,539,30,0,1228,0,0,5,0,5,659,539,35,0,1233,0,0,0,1233
06/10/2013,PHL,PA,AEA,EN,Combined TRACON& Tower with Radar,672,403,20,0,1095,0,0,0,0,0,672,403,20,0,1095,0,0,0,1095
06/11/2013,PHL,PA,AEA,EN,Combined TRACON& Tower with Radar,746,526,43,0,1315,0,0,6,6,12,746,526,49,6,1327,0,0,0,1327
06/12/2013,PHL,PA,AEA,EN,Combined TRACON& Tower with Radar,728,534,65,0,1327,0,1,17,2,20,728,535,82,2,1347,0,0,0,1347
06/13/2013,PHL,PA,AEA,EN,Combined TRACON& Tower with Radar,686,392,45,1,1124,0,0,5,0,5,686,392,50,1,1129,0,0,0,1129
06/14/2013,PHL,PA,AEA,EN,Combined TRACON& Tower with Radar,752,523,49,0,1324,0,0,15,2,17,752,523,64,2,1341,0,0,0,1341
06/15/2013,PHL,PA,AEA,EN,Combined TRACON& Tower with Radar,645,453,35,0,1133,0,2,2,0,4,645,455,37,0,1137,0,0,0,1137
06/16/2013,PHL,PA,AEA,EN,Combined TRACON& Tower with Radar,675,557,33,0,1265,0,0,3,0,3,675,557,36,0,1268,0,0,0,1268
06/17/2013,PHL,PA,AEA,EN,Combined TRACON& Tower with Radar,711,519,33,0,1263,0,0,1,0,1,711,519,34,0,1264,0,0,0,1264
06/18/2013,PHL,PA,AEA,EN,Combined TRACON& Tower with Radar,697,414,27,0,1138,0,0,3,0,3,697,414,30,0,1141,0,0,0,1141
06/19/2013,PHL,PA,AEA,EN,Combined TRACON& Tower with Radar,736,548,44,0,1328,0,1,16,5,22,736,549,60,5,1350,0,0,0,1350
06/20/2013,PHL,PA,AEA,EN,Combined TRACON& Tower with Radar,734,549,31,0,1314,0,0,11,0,11,734,549,42,0,1325,0,0,0,1325
06/21/2013,PHL,PA,AEA,EN,Combined TRACON& Tower with Radar,723,540,24,0,1287,0,2,17,0,19,723,542,41,0,1306,0,0,0,1306
06/22/2013,PHL,PA,AEA,EN,Combined TRACON& Tower with Radar,643,426,12,0,1081,0,2,9,2,13,643,428,21,2,1094,0,0,0,1094
06/23/2013,PHL,PA,AEA,EN,Combined TRACON& Tower with Radar,672,531,31,0,1234,0,0,7,0,7,672,531,38,0,1241,0,0,0,1241
06/24/2013,PHL,PA,AEA,EN,Combined TRACON& Tower with Radar,693,462,24,0,1179,0,0,4,0,4,693,462,28,0,1183,0,0,0,1183
06/25/2013,PHL,PA,AEA,EN,Combined TRACON& Tower with Radar,728,502,49,0,1279,0,0,3,2,5,728,502,52,2,1284,0,0,0,1284
06/26/2013,PHL,PA,AEA,EN,Combined TRACON& Tower with Radar,717,521,58,0,1296,0,0,5,2,7,717,521,63,2,1303,0,0,0,1303
06/27/2013,PHL,PA,AEA,EN,Combined TRACON& Tower with Radar,689,429,44,0,1162,0,0,3,2,5,689,429,47,2,1167,0,0,0,1167
06/28/2013,PHL,PA,AEA,EN,Combined TRACON& Tower with Radar,690,426,27,2,1145,0,4,5,0,9,690,430,32,2,1154,0,0,0,1154
06/29/2013,PHL,PA,AEA,EN,Combined TRACON& Tower with Radar,648,448,11,0,1107,0,1,12,0,13,648,449,23,0,1120,0,0,0,1120
06/30/2013,PHL,PA,AEA,EN,Combined TRACON& Tower with Radar,615,398,20,0,1033,0,0,0,0,0,615,398,20,0,1033,0,0,0,1033
07/01/2013,PHL,PA,AEA,EN,Combined TRACON& Tower with Radar,666,412,16,0,1094,0,0,3,1,4,666,412,19,1,1098,0,0,0,1098
07/02/2013,PHL,PA,AEA,EN,Combined TRACON& Tower with Radar,711,491,16,0,1218,0,0,0,1,1,711,491,16,1,1219,0,0,0,1219
07/03/2013,PHL,PA,AEA,EN,Combined TRACON& Tower with Radar,741,498,22,1,1262,0,1,6,0,7,741,499,28,1,1269,0,0,0,1269
07/04/2013,PHL,PA,AEA,EN,Combined TRACON& Tower with Radar,618,450,4,0,1072,0,0,4,0,4,618,450,8,0,1076,0,0,0,1076
07/05/2013,PHL,PA,AEA,EN,Combined TRACON& Tower with Radar,612,465,11,0,1088,0,0,12,0,12,612,465,23,0,1100,0,0,0,1100
07/06/2013,PHL,PA,AEA,EN,Combined TRACON& Tower with Radar,646,437,9,0,1092,0,2,1,0,3,646,439,10,0,1095,0,0,0,1095
07/07/2013,PHL,PA,AEA,EN,Combined TRACON& Tower with Radar,663,481,31,0,1175,0,0,5,0,5,663,481,36,0,1180,0,0,0,1180
07/08/2013,PHL,PA,AEA,EN,Combined TRACON& Tower with Radar,691,501,40,0,1232,0,0,5,0,5,691,501,45,0,1237,0,0,0,1237
07/09/2013,PHL,PA,AEA,EN,Combined TRACON& Tower with Radar,747,511,33,0,1291,0,3,12,4,19,747,514,45,4,1310,0,0,0,1310
07/10/2013,PHL,PA,AEA,EN,Combined TRACON& Tower with Radar,674,436,39,1,1150,0,0,11,0,11,674,436,50,1,1161,0,0,0,1161
07/11/2013,PHL,PA,AEA,EN,Combined TRACON& Tower with Radar,743,518,50,0,1311,0,1,4,1,6,743,519,54,1,1317,0,0,0,1317
07/12/2013,PHL,PA,AEA,EN,Combined TRACON& Tower with Radar,715,492,42,0,1249,0,0,9,0,9,715,492,51,0,1258,0,0,0,1258
07/13/2013,PHL,PA,AEA,EN,Combined TRACON& Tower with Radar,644,437,20,0,1101,0,0,7,0,7,644,437,27,0,1108,0,0,0,1108
07/14/2013,PHL,PA,AEA,EN,Combined TRACON& Tower with Radar,681,517,41,1,1240,0,0,3,0,3,681,517,44,1,1243,0,0,0,1243
07/15/2013,PHL,PA,AEA,EN,Combined TRACON& Tower with Radar,711,518,50,0,1279,0,0,12,1,13,711,518,62,1,1292,0,0,0,1292
07/16/2013,PHL,PA,AEA,EN,Combined TRACON& Tower with Radar,732,535,39,0,1306,0,2,4,0,6,732,537,43,0,1312,0,0,0,1312
07/17/2013,PHL,PA,AEA,EN,Combined TRACON& Tower with Radar,729,522,39,0,1290,0,4,9,1,14,729,526,48,1,1304,0,0,0,1304
07/18/2013,PHL,PA,AEA,EN,Combined TRACON& Tower with Radar,739,531,41,0,1311,0,1,5,3,9,739,532,46,3,1320,0,0,0,1320
07/19/2013,PHL,PA,AEA,EN,Combined TRACON& Tower with Radar,724,519,38,0,1281,0,2,14,2,18,724,521,52,2,1299,0,0,0,1299
07/20/2013,PHL,PA,AEA,EN,Combined TRACON& Tower with Radar,641,428,14,2,1085,0,1,4,0,5,641,429,18,2,1090,0,0,0,1090
07/21/2013,PHL,PA,AEA,EN,Combined TRACON& Tower with Radar,677,524,30,0,1231,0,0,2,0,2,677,524,32,0,1233,0,0,0,1233
07/22/2013,PHL,PA,AEA,EN,Combined TRACON& Tower with Radar,691,463,37,0,1191,0,0,4,0,4,691,463,41,0,1195,0,0,0,1195
07/23/2013,PHL,PA,AEA,EN,Combined TRACON& Tower with Radar,736,499,41,0,1276,0,0,5,0,5,736,499,46,0,1281,0,0,0,1281
07/24/2013,PHL,PA,AEA,EN,Combined TRACON& Tower with Radar,745,520,60,1,1326,0,1,8,2,11,745,521,68,3,1337,0,0,0,1337
07/25/2013,PHL,PA,AEA,EN,Combined TRACON& Tower with Radar,737,529,66,1,1333,0,0,3,0,3,737,529,69,1,1336,0,0,0,1336
07/26/2013,PHL,PA,AEA,EN,Combined TRACON& Tower with Radar,736,526,35,2,1299,0,4,7,0,11,736,530,42,2,1310,0,0,0,1310
07/27/2013,PHL,PA,AEA,EN,Combined TRACON& Tower with Radar,647,417,16,0,1080,0,1,5,0,6,647,418,21,0,1086,0,0,0,1086
07/28/2013,PHL,PA,AEA,EN,Combined TRACON& Tower with Radar,567,420,24,0,1011,0,0,2,0,2,567,420,26,0,1013,0,0,0,1013
07/29/2013,PHL,PA,AEA,EN,Combined TRACON& Tower with Radar,718,532,44,0,1294,0,9,14,0,23,718,541,58,0,1317,0,0,0,1317
07/30/2013,PHL,PA,AEA,EN,Combined TRACON& Tower with Radar,736,539,34,0,1309,0,2,12,1,15,736,541,46,1,1324,0,0,0,1324
07/31/2013,PHL,PA,AEA,EN,Combined TRACON& Tower with Radar,739,534,49,0,1322,0,1,21,0,22,739,535,70,0,1344,0,0,0,1344
08/01/2013,PHL,PA,AEA,EN,Combined TRACON& Tower with Radar,709,417,38,0,1164,0,0,1,0,1,709,417,39,0,1165,0,0,0,1165
08/02/2013,PHL,PA,AEA,EN,Combined TRACON& Tower with Radar,739,539,32,0,1310,0,1,15,0,16,739,540,47,0,1326,0,0,0,1326
08/03/2013,PHL,PA,AEA,EN,Combined TRACON& Tower with Radar,653,438,11,0,1102,0,3,4,0,7,653,441,15,0,1109,0,0,0,1109
08/04/2013,PHL,PA,AEA,EN,Combined TRACON& Tower with Radar,681,525,23,0,1229,0,0,3,0,3,681,525,26,0,1232,0,0,0,1232
08/05/2013,PHL,PA,AEA,EN,Combined TRACON& Tower with Radar,714,517,37,0,1268,0,2,15,0,17,714,519,52,0,1285,0,0,0,1285
08/06/2013,PHL,PA,AEA,EN,Combined TRACON& Tower with Radar,741,526,41,0,1308,0,0,16,2,18,741,526,57,2,1326,0,0,0,1326
08/07/2013,PHL,PA,AEA,EN,Combined TRACON& Tower with Radar,739,484,40,0,1263,0,0,6,6,12,739,484,46,6,1275,0,0,0,1275
08/08/2013,PHL,PA,AEA,EN,Combined TRACON& Tower with Radar,752,500,36,0,1288,0,1,11,3,15,752,501,47,3,1303,0,0,0,1303
08/09/2013,PHL,PA,AEA,EN,Combined TRACON& Tower with Radar,733,514,35,0,1282,0,0,0,0,0,733,514,35,0,1282,0,0,0,1282
08/10/2013,PHL,PA,AEA,EN,Combined TRACON& Tower with Radar,649,443,20,0,1112,0,1,2,0,3,649,444,22,0,1115,0,0,0,1115
08/11/2013,PHL,PA,AEA,EN,Combined TRACON& Tower with Radar,662,533,18,0,1213,0,1,3,3,7,662,534,21,3,1220,0,0,0,1220
08/12/2013,PHL,PA,AEA,EN,Combined TRACON& Tower with Radar,710,511,50,1,1272,0,2,3,1,6,710,513,53,2,1278,0,0,0,1278
08/13/2013,PHL,PA,AEA,EN,Combined TRACON& Tower with Radar,720,459,30,2,1211,0,0,3,0,3,720,459,33,2,1214,0,0,0,1214
08/14/2013,PHL,PA,AEA,EN,Combined TRACON& Tower with Radar,723,509,57,1,1290,0,6,9,2,17,723,515,66,3,1307,0,0,0,1307
08/15/2013,PHL,PA,AEA,EN,Combined TRACON& Tower with Radar,745,541,31,0,1317,0,0,12,0,12,745,541,43,0,1329,0,0,0,1329
08/16/2013,PHL,PA,AEA,EN,Combined TRACON& Tower with Radar,717,536,34,0,1287,0,3,6,0,9,717,539,40,0,1296,0,0,0,1296
08/17/2013,PHL,PA,AEA,EN,Combined TRACON& Tower with Radar,624,448,11,0,1083,0,0,5,0,5,624,448,16,0,1088,0,0,0,1088
08/18/2013,PHL,PA,AEA,EN,Combined TRACON& Tower with Radar,667,533,20,0,1220,0,1,0,0,1,667,534,20,0,1221,0,0,0,1221
08/19/2013,PHL,PA,AEA,EN,Combined TRACON& Tower with Radar,708,510,26,0,1244,0,0,17,0,17,708,510,43,0,1261,0,0,0,1261
08/20/2013,PHL,PA,AEA,EN,Combined TRACON& Tower with Radar,723,506,38,0,1267,0,4,8,2,14,723,510,46,2,1281,0,0,0,1281
08/21/2013,PHL,PA,AEA,EN,Combined TRACON& Tower with Radar,725,517,51,0,1293,0,2,13,0,15,725,519,64,0,1308,0,0,0,1308
08/22/2013,PHL,PA,AEA,EN,Combined TRACON& Tower with Radar,725,454,41,0,1220,0,2,2,0,4,725,456,43,0,1224,0,0,0,1224
08/23/2013,PHL,PA,AEA,EN,Combined TRACON& Tower with Radar,726,524,21,0,1271,0,4,20,0,24,726,528,41,0,1295,0,0,0,1295
08/24/2013,PHL,PA,AEA,EN,Combined TRACON& Tower with Radar,603,411,12,0,1026,0,1,2,0,3,603,412,14,0,1029,0,0,0,1029
08/25/2013,PHL,PA,AEA,EN,Combined TRACON& Tower with Radar,668,510,21,0,1199,0,2,19,2,23,668,512,40,2,1222,0,0,0,1222
08/26/2013,PHL,PA,AEA,EN,Combined TRACON& Tower with Radar,691,512,31,0,1234,0,1,11,0,12,691,513,42,0,1246,0,0,0,1246
08/27/2013,PHL,PA,AEA,EN,Combined TRACON& Tower with Radar,717,508,41,0,1266,0,1,12,0,13,717,509,53,0,1279,0,0,0,1279
08/28/2013,PHL,PA,AEA,EN,Combined TRACON& Tower with Radar,720,470,44,0,1234,0,0,1,0,1,720,470,45,0,1235,0,0,0,1235
08/29/2013,PHL,PA,AEA,EN,Combined TRACON& Tower with Radar,728,517,40,0,1285,0,2,7,2,11,728,519,47,2,1296,0,0,0,1296
08/30/2013,PHL,PA,AEA,EN,Combined TRACON& Tower with Radar,726,522,35,0,1283,0,0,10,0,10,726,522,45,0,1293,0,0,0,1293
08/31/2013,PHL,PA,AEA,EN,Combined TRACON& Tower with Radar,584,415,19,0,1018,0,1,2,0,3,584,416,21,0,1021,0,0,0,1021
09/01/2013,PHL,PA,AEA,EN,Combined TRACON& Tower with Radar,511,395,13,0,919,0,1,0,0,1,511,396,13,0,920,0,0,0,920
09/02/2013,PHL,PA,AEA,EN,Combined TRACON& Tower with Radar,598,389,24,0,1011,0,0,8,0,8,598,389,32,0,1019,0,0,0,1019
09/03/2013,PHL,PA,AEA,EN,Combined TRACON& Tower with Radar,684,521,32,0,1237,0,0,11,0,11,684,521,43,0,1248,0,0,0,1248
09/04/2013,PHL,PA,AEA,EN,Combined TRACON& Tower with Radar,691,480,35,0,1206,0,0,17,0,17,691,480,52,0,1223,0,0,0,1223
09/05/2013,PHL,PA,AEA,EN,Combined TRACON& Tower with Radar,702,495,32,0,1229,0,0,7,0,7,702,495,39,0,1236,0,0,0,1236
09/06/2013,PHL,PA,AEA,EN,Combined TRACON& Tower with Radar,698,498,39,0,1235,0,2,34,2,38,698,500,73,2,1273,0,0,0,1273
09/07/2013,PHL,PA,AEA,EN,Combined TRACON& Tower with Radar,544,387,12,0,943,0,2,4,0,6,544,389,16,0,949,0,0,0,949
09/08/2013,PHL,PA,AEA,EN,Combined TRACON& Tower with Radar,624,484,19,0,1127,0,1,6,0,7,624,485,25,0,1134,0,0,0,1134
09/09/2013,PHL,PA,AEA,EN,Combined TRACON& Tower with Radar,671,514,35,0,1220,0,0,10,0,10,671,514,45,0,1230,0,0,0,1230
09/10/2013,PHL,PA,AEA,EN,Combined TRACON& Tower with Radar,655,487,52,0,1194,0,3,6,0,9,655,490,58,0,1203,0,0,0,1203
09/11/2013,PHL,PA,AEA,EN,Combined TRACON& Tower with Radar,672,464,54,0,1190,0,3,4,0,7,672,467,58,0,1197,0,0,0,1197
09/12/2013,PHL,PA,AEA,EN,Combined TRACON& Tower with Radar,667,393,40,0,1100,0,1,5,0,6,667,394,45,0,1106,0,0,0,1106
09/13/2013,PHL,PA,AEA,EN,Combined TRACON& Tower with Radar,701,510,42,0,1253,0,1,12,0,13,701,511,54,0,1266,0,0,0,1266
09/14/2013,PHL,PA,AEA,EN,Combined TRACON& Tower with Radar,548,388,3,0,939,0,6,11,0,17,548,394,14,0,956,0,0,0,956
09/15/2013,PHL,PA,AEA,EN,Combined TRACON& Tower with Radar,631,500,33,0,1164,0,0,10,0,10,631,500,43,0,1174,0,0,0,1174
09/16/2013,PHL,PA,AEA,EN,Combined TRACON& Tower with Radar,673,498,40,0,1211,0,2,8,0,10,673,500,48,0,1221,0,0,0,1221
09/17/2013,PHL,PA,AEA,EN,Combined TRACON& Tower with Radar,661,473,54,0,1188,0,3,5,0,8,661,476,59,0,1196,0,0,0,1196
09/18/2013,PHL,PA,AEA,EN,Combined TRACON& Tower with Radar,676,494,40,0,1210,0,1,11,1,13,676,495,51,1,1223,0,0,0,1223
09/19/2013,PHL,PA,AEA,EN,Combined TRACON& Tower with Radar,694,507,58,0,1259,0,2,11,7,20,694,509,69,7,1279,0,0,0,1279
09/20/2013,PHL,PA,AEA,EN,Combined TRACON& Tower with Radar,690,510,43,2,1245,0,1,15,0,16,690,511,58,2,1261,0,0,0,1261
09/21/2013,PHL,PA,AEA,EN,Combined TRACON& Tower with Radar,549,379,19,0,947,0,0,6,0,6,549,379,25,0,953,0,0,0,953
09/22/2013,PHL,PA,AEA,EN,Combined TRACON& Tower with Radar,630,500,28,1,1159,0,0,3,3,6,630,500,31,4,1165,0,0,0,1165
09/23/2013,PHL,PA,AEA,EN,Combined TRACON& Tower with Radar,662,492,39,2,1195,0,2,9,0,11,662,494,48,2,1206,0,0,0,1206
09/24/2013,PHL,PA,AEA,EN,Combined TRACON& Tower with Radar,658,477,37,0,1172,0,10,2,0,12,658,487,39,0,1184,0,0,0,1184
09/25/2013,PHL,PA,AEA,EN,Combined TRACON& Tower with Radar,671,483,51,0,1205,0,0,17,1,18,671,483,68,1,1223,0,0,0,1223
09/26/2013,PHL,PA,AEA,EN,Combined TRACON& Tower with Radar,699,502,46,0,1247,0,1,3,2,6,699,503,49,2,1253,0,0,0,1253
09/27/2013,PHL,PA,AEA,EN,Combined TRACON& Tower with Radar,694,506,40,0,1240,0,2,9,0,11,694,508,49,0,1251,0,0,0,1251
09/28/2013,PHL,PA,AEA,EN,Combined TRACON& Tower with Radar,548,381,24,0,953,0,5,2,0,7,548,386,26,0,960,0,0,0,960
09/29/2013,PHL,PA,AEA,EN,Combined TRACON& Tower with Radar,633,483,19,0,1135,0,1,5,0,6,633,484,24,0,1141,0,0,0,1141
09/30/2013,PHL,PA,AEA,EN,Combined TRACON& Tower with Radar,664,510,36,0,1210,0,2,7,5,14,664,512,43,5,1224,0,0,0,1224
10/01/2013,PHL,PA,AEA,EN,Combined TRACON& Tower with Radar,652,471,42,0,1165,0,3,15,1,19,652,474,57,1,1184,0,0,0,1184
10/02/2013,PHL,PA,AEA,EN,Combined TRACON& Tower with Radar,688,483,66,0,1237,0,3,3,0,6,688,486,69,0,1243,0,0,0,1243
10/03/2013,PHL,PA,AEA,EN,Combined TRACON& Tower with Radar,709,512,56,0,1277,0,1,11,0,12,709,513,67,0,1289,0,0,0,1289
10/04/2013,PHL,PA,AEA,EN,Combined TRACON& Tower with Radar,701,519,48,0,1268,0,0,3,0,3,701,519,51,0,1271,0,0,0,1271
10/05/2013,PHL,PA,AEA,EN,Combined TRACON& Tower with Radar,566,369,10,0,945,0,1,3,0,4,566,370,13,0,949,0,0,0,949
10/06/2013,PHL,PA,AEA,EN,Combined TRACON& Tower with Radar,631,496,34,0,1161,0,0,1,2,3,631,496,35,2,1164,0,0,0,1164
10/07/2013,PHL,PA,AEA,EN,Combined TRACON& Tower with Radar,657,427,39,0,1123,0,0,0,1,1,657,427,39,1,1124,0,0,0,1124
10/08/2013,PHL,PA,AEA,EN,Combined TRACON& Tower with Radar,680,501,38,0,1219,0,0,11,1,12,680,501,49,1,1231,0,0,0,1231
10/09/2013,PHL,PA,AEA,EN,Combined TRACON& Tower with Radar,695,506,45,0,1246,0,0,2,2,4,695,506,47,2,1250,0,0,0,1250
10/10/2013,PHL,PA,AEA,EN,Combined TRACON& Tower with Radar,671,388,26,0,1085,0,0,5,0,5,671,388,31,0,1090,0,0,0,1090
10/11/2013,PHL,PA,AEA,EN,Combined TRACON& Tower with Radar,685,382,27,0,1094,0,0,0,0,0,685,382,27,0,1094,0,0,0,1094
10/12/2013,PHL,PA,AEA,EN,Combined TRACON& Tower with Radar,571,375,14,0,960,0,0,5,0,5,571,375,19,0,965,0,0,0,965
10/13/2013,PHL,PA,AEA,EN,Combined TRACON& Tower with Radar,626,493,24,0,1143,0,1,2,0,3,626,494,26,0,1146,0,0,0,1146
10/14/2013,PHL,PA,AEA,EN,Combined TRACON& Tower with Radar,670,511,34,0,1215,0,2,3,0,5,670,513,37,0,1220,0,0,0,1220
10/15/2013,PHL,PA,AEA,EN,Combined TRACON& Tower with Radar,666,504,55,0,1225,0,1,10,2,13,666,505,65,2,1238,0,0,0,1238
10/16/2013,PHL,PA,AEA,EN,Combined TRACON& Tower with Radar,694,500,30,0,1224,0,1,6,0,7,694,501,36,0,1231,0,0,0,1231
10/17/2013,PHL,PA,AEA,EN,Combined TRACON& Tower with Radar,707,497,56,0,1260,0,0,5,0,5,707,497,61,0,1265,0,0,0,1265
10/18/2013,PHL,PA,AEA,EN,Combined TRACON& Tower with Radar,698,503,43,1,1245,0,3,10,0,13,698,506,53,1,1258,0,0,0,1258
10/19/2013,PHL,PA,AEA,EN,Combined TRACON& Tower with Radar,561,381,30,1,973,0,1,6,1,8,561,382,36,2,981,0,0,0,981
10/20/2013,PHL,PA,AEA,EN,Combined TRACON& Tower with Radar,627,516,49,1,1193,0,0,9,0,9,627,516,58,1,1202,0,0,0,1202
10/21/2013,PHL,PA,AEA,EN,Combined TRACON& Tower with Radar,672,500,38,0,1210,0,1,5,0,6,672,501,43,0,1216,0,0,0,1216
10/22/2013,PHL,PA,AEA,EN,Combined TRACON& Tower with Radar,679,511,55,0,1245,0,9,8,3,20,679,520,63,3,1265,0,0,0,1265
10/23/2013,PHL,PA,AEA,EN,Combined TRACON& Tower with Radar,688,518,47,3,1256,0,1,3,2,6,688,519,50,5,1262,0,0,0,1262
10/24/2013,PHL,PA,AEA,EN,Combined TRACON& Tower with Radar,703,534,40,1,1278,0,0,3,0,3,703,534,43,1,1281,0,0,0,1281
10/25/2013,PHL,PA,AEA,EN,Combined TRACON& Tower with Radar,694,525,32,1,1252,0,3,12,2,17,694,528,44,3,1269,0,0,0,1269
10/26/2013,PHL,PA,AEA,EN,Combined TRACON& Tower with Radar,562,396,21,0,979,0,0,3,0,3,562,396,24,0,982,0,0,0,982
10/27/2013,PHL,PA,AEA,EN,Combined TRACON& Tower with Radar,629,508,41,0,1178,0,0,4,0,4,629,508,45,0,1182,0,0,0,1182
10/28/2013,PHL,PA,AEA,EN,Combined TRACON& Tower with Radar,674,509,42,0,1225,0,1,6,0,7,674,510,48,0,1232,0,0,0,1232
10/29/2013,PHL,PA,AEA,EN,Combined TRACON& Tower with Radar,694,509,26,5,1234,0,3,4,4,11,694,512,30,9,1245,0,0,0,1245
10/30/2013,PHL,PA,AEA,EN,Combined TRACON& Tower with Radar,690,500,41,0,1231,0,6,4,0,10,690,506,45,0,1241,0,0,0,1241
10/31/2013,PHL,PA,AEA,EN,Combined TRACON& Tower with Radar,667,460,28,0,1155,0,0,3,0,3,667,460,31,0,1158,0,0,0,1158
11/01/2013,PHL,PA,AEA,EN,Combined TRACON& Tower with Radar,686,423,29,0,1138,0,0,2,0,2,686,423,31,0,1140,0,0,0,1140
11/02/2013,PHL,PA,AEA,EN,Combined TRACON& Tower with Radar,583,360,17,0,960,0,0,2,0,2,583,360,19,0,962,0,0,0,962
11/03/2013,PHL,PA,AEA,EN,Combined TRACON& Tower with Radar,639,497,21,0,1157,0,0,4,0,4,639,497,25,0,1161,0,0,0,1161
11/04/2013,PHL,PA,AEA,EN,Combined TRACON& Tower with Radar,686,504,52,0,1242,0,2,6,2,10,686,506,58,2,1252,0,0,0,1252
11/05/2013,PHL,PA,AEA,EN,Combined TRACON& Tower with Radar,694,493,29,0,1216,0,0,4,0,4,694,493,33,0,1220,0,0,0,1220
11/06/2013,PHL,PA,AEA,EN,Combined TRACON& Tower with Radar,703,509,47,0,1259,0,1,15,0,16,703,510,62,0,1275,0,0,0,1275
11/07/2013,PHL,PA,AEA,EN,Combined TRACON& Tower with Radar,713,481,47,0,1241,0,3,0,0,3,713,484,47,0,1244,0,0,0,1244
11/08/2013,PHL,PA,AEA,EN,Combined TRACON& Tower with Radar,710,516,38,0,1264,0,0,13,0,13,710,516,51,0,1277,0,0,0,1277
11/09/2013,PHL,PA,AEA,EN,Combined TRACON& Tower with Radar,586,375,12,0,973,0,0,2,0,2,586,375,14,0,975,0,0,0,975
11/10/2013,PHL,PA,AEA,EN,Combined TRACON& Tower with Radar,637,487,28,0,1152,0,0,3,0,3,637,487,31,0,1155,0,0,0,1155
11/11/2013,PHL,PA,AEA,EN,Combined TRACON& Tower with Radar,665,491,34,0,1190,0,2,9,0,11,665,493,43,0,1201,0,0,0,1201
11/12/2013,PHL,PA,AEA,EN,Combined TRACON& Tower with Radar,692,475,64,0,1231,0,0,1,0,1,692,475,65,0,1232,0,0,0,1232
11/13/2013,PHL,PA,AEA,EN,Combined TRACON& Tower with Radar,699,496,42,2,1239,0,5,11,2,18,699,501,53,4,1257,0,0,0,1257
11/14/2013,PHL,PA,AEA,EN,Combined TRACON& Tower with Radar,717,523,34,3,1277,0,3,15,0,18,717,526,49,3,1295,0,0,0,1295
11/15/2013,PHL,PA,AEA,EN,Combined TRACON& Tower with Radar,701,510,24,0,1235,0,1,5,1,7,701,511,29,1,1242,0,0,0,1242
11/16/2013,PHL,PA,AEA,EN,Combined TRACON& Tower with Radar,581,363,18,0,962,0,0,0,0,0,581,363,18,0,962,0,0,0,962
11/17/2013,PHL,PA,AEA,EN,Combined TRACON& Tower with Radar,622,488,49,0,1159,0,0,0,0,0,622,488,49,0,1159,0,0,0,1159
11/18/2013,PHL,PA,AEA,EN,Combined TRACON& Tower with Radar,683,500,31,6,1220,0,0,6,4,10,683,500,37,10,1230,0,0,0,1230
11/19/2013,PHL,PA,AEA,EN,Combined TRACON& Tower with Radar,694,489,35,0,1218,0,2,8,1,11,694,491,43,1,1229,0,0,0,1229
11/20/2013,PHL,PA,AEA,EN,Combined TRACON& Tower with Radar,700,509,46,0,1255,0,3,8,0,11,700,512,54,0,1266,0,0,0,1266
11/21/2013,PHL,PA,AEA,EN,Combined TRACON& Tower with Radar,707,507,51,0,1265,0,3,10,0,13,707,510,61,0,1278,0,0,0,1278
11/22/2013,PHL,PA,AEA,EN,Combined TRACON& Tower with Radar,706,496,46,0,1248,0,0,6,0,6,706,496,52,0,1254,0,0,0,1254
11/23/2013,PHL,PA,AEA,EN,Combined TRACON& Tower with Radar,598,359,12,1,970,0,0,6,0,6,598,359,18,1,976,0,0,0,976
11/24/2013,PHL,PA,AEA,EN,Combined TRACON& Tower with Radar,609,487,23,1,1120,0,0,2,0,2,609,487,25,1,1122,0,0,0,1122
11/25/2013,PHL,PA,AEA,EN,Combined TRACON& Tower with Radar,640,500,28,0,1168,1,0,18,0,19,641,500,46,0,1187,0,0,0,1187
11/26/2013,PHL,PA,AEA,EN,Combined TRACON& Tower with Radar,713,507,35,0,1255,0,2,0,0,2,713,509,35,0,1257,0,0,0,1257
11/27/2013,PHL,PA,AEA,EN,Combined TRACON& Tower with Radar,723,435,18,0,1176,0,1,5,0,6,723,436,23,0,1182,0,0,0,1182
11/28/2013,PHL,PA,AEA,EN,Combined TRACON& Tower with Radar,334,180,5,0,519,0,0,2,0,2,334,180,7,0,521,0,0,0,521
11/29/2013,PHL,PA,AEA,EN,Combined TRACON& Tower with Radar,338,116,7,0,461,0,4,2,0,6,338,120,9,0,467,0,0,0,467
11/30/2013,PHL,PA,AEA,EN,Combined TRACON& Tower with Radar,653,394,21,0,1068,0,1,2,0,3,653,395,23,0,1071,0,0,0,1071
12/01/2013,PHL,PA,AEA,EN,Combined TRACON& Tower with Radar,692,571,43,0,1306,0,0,8,0,8,692,571,51,0,1314,0,0,0,1314
12/02/2013,PHL,PA,AEA,EN,Combined TRACON& Tower with Radar,703,501,54,0,1258,0,5,1,0,6,703,506,55,0,1264,0,0,0,1264
12/03/2013,PHL,PA,AEA,EN,Combined TRACON& Tower with Radar,669,472,46,0,1187,0,3,3,0,6,669,475,49,0,1193,0,0,0,1193
12/04/2013,PHL,PA,AEA,EN,Combined TRACON& Tower with Radar,679,466,31,0,1176,0,2,6,0,8,679,468,37,0,1184,0,0,0,1184
12/05/2013,PHL,PA,AEA,EN,Combined TRACON& Tower with Radar,676,387,38,2,1103,0,0,0,0,0,676,387,38,2,1103,0,0,0,1103
12/06/2013,PHL,PA,AEA,EN,Combined TRACON& Tower with Radar,655,404,20,1,1080,0,2,0,0,2,655,406,20,1,1082,0,0,0,1082
12/07/2013,PHL,PA,AEA,EN,Combined TRACON& Tower with Radar,520,326,23,1,870,0,3,10,0,13,520,329,33,1,883,0,0,0,883
12/08/2013,PHL,PA,AEA,EN,Combined TRACON& Tower with Radar,296,132,8,0,436,0,0,2,0,2,296,132,10,0,438,0,0,0,438
12/09/2013,PHL,PA,AEA,EN,Combined TRACON& Tower with Radar,623,334,29,2,988,0,0,0,0,0,623,334,29,2,988,0,0,0,988
12/10/2013,PHL,PA,AEA,EN,Combined TRACON& Tower with Radar,590,289,14,1,894,0,0,0,0,0,590,289,14,1,894,0,0,0,894
12/11/2013,PHL,PA,AEA,EN,Combined TRACON& Tower with Radar,706,485,49,0,1240,0,1,4,0,5,706,486,53,0,1245,0,0,0,1245
12/12/2013,PHL,PA,AEA,EN,Combined TRACON& Tower with Radar,711,479,40,3,1233,0,1,8,1,10,711,480,48,4,1243,0,0,0,1243
12/13/2013,PHL,PA,AEA,EN,Combined TRACON& Tower with Radar,699,488,49,6,1242,0,10,6,4,20,699,498,55,10,1262,0,0,0,1262
12/14/2013,PHL,PA,AEA,EN,Combined TRACON& Tower with Radar,496,295,31,7,829,0,0,2,11,13,496,295,33,18,842,0,0,0,842
12/15/2013,PHL,PA,AEA,EN,Combined TRACON& Tower with Radar,570,425,23,8,1026,0,0,5,1,6,570,425,28,9,1032,0,0,0,1032
12/16/2013,PHL,PA,AEA,EN,Combined TRACON& Tower with Radar,661,477,26,0,1164,0,9,11,1,21,661,486,37,1,1185,0,0,0,1185
12/17/2013,PHL,PA,AEA,EN,Combined TRACON& Tower with Radar,704,403,22,0,1129,0,1,2,0,3,704,404,24,0,1132,0,0,0,1132
12/18/2013,PHL,PA,AEA,EN,Combined TRACON& Tower with Radar,753,472,36,0,1261,0,3,3,0,6,753,475,39,0,1267,0,0,0,1267
12/19/2013,PHL,PA,AEA,EN,Combined TRACON& Tower with Radar,761,514,33,3,1311,0,1,13,1,15,761,515,46,4,1326,0,0,0,1326
12/20/2013,PHL,PA,AEA,EN,Combined TRACON& Tower with Radar,758,503,47,0,1308,0,0,7,0,7,758,503,54,0,1315,0,0,0,1315
12/21/2013,PHL,PA,AEA,EN,Combined TRACON& Tower with Radar,655,493,25,0,1173,0,2,5,0,7,655,495,30,0,1180,0,0,0,1180
12/22/2013,PHL,PA,AEA,EN,Combined TRACON& Tower with Radar,650,432,19,0,1101,0,1,1,0,2,650,433,20,0,1103,0,0,0,1103
12/23/2013,PHL,PA,AEA,EN,Combined TRACON& Tower with Radar,684,445,17,0,1146,0,1,0,0,1,684,446,17,0,1147,0,0,0,1147
12/24/2013,PHL,PA,AEA,EN,Combined TRACON& Tower with Radar,587,333,6,0,926,0,0,1,0,1,587,333,7,0,927,0,0,0,927
12/25/2013,PHL,PA,AEA,EN,Combined TRACON& Tower with Radar,453,241,7,0,701,0,0,1,0,1,453,241,8,0,702,0,0,0,702
12/26/2013,PHL,PA,AEA,EN,Combined TRACON& Tower with Radar,701,493,31,0,1225,0,2,2,0,4,701,495,33,0,1229,0,0,0,1229
12/27/2013,PHL,PA,AEA,EN,Combined TRACON& Tower with Radar,722,487,21,0,1230,0,1,8,0,9,722,488,29,0,1239,0,0,0,1239
12/28/2013,PHL,PA,AEA,EN,Combined TRACON& Tower with Radar,625,412,13,0,1050,0,0,0,0,0,625,412,13,0,1050,0,0,0,1050
12/29/2013,PHL,PA,AEA,EN,Combined TRACON& Tower with Radar,641,406,18,0,1065,0,0,0,0,0,641,406,18,0,1065,0,0,0,1065
12/30/2013,PHL,PA,AEA,EN,Combined TRACON& Tower with Radar,685,454,13,0,1152,0,2,4,0,6,685,456,17,0,1158,0,0,0,1158
12/31/2013,PHL,PA,AEA,EN,Combined TRACON& Tower with Radar,629,366,14,0,1009,0,0,0,1,1,629,366,14,1,1010,0,0,0,1010
01/01/2014,PHL,PA,AEA,EN,Combined TRACON& Tower with Radar,577,397,13,0,987,0,2,0,0,2,577,399,13,0,989,0,0,0,989
01/02/2014,PHL,PA,AEA,EN,Combined TRACON& Tower with Radar,569,395,18,0,982,0,0,1,1,2,569,395,19,1,984,0,0,0,984
01/03/2014,PHL,PA,AEA,EN,Combined TRACON& Tower with Radar,489,172,16,3,680,0,0,8,1,9,489,172,24,4,689,0,0,0,689
01/04/2014,PHL,PA,AEA,EN,Combined TRACON& Tower with Radar,580,386,22,0,988,0,4,7,0,11,580,390,29,0,999,0,0,0,999
01/05/2014,PHL,PA,AEA,EN,Combined TRACON& Tower with Radar,567,278,22,2,869,0,0,1,0,1,567,278,23,2,870,0,0,0,870
01/06/2014,PHL,PA,AEA,EN,Combined TRACON& Tower with Radar,597,425,35,0,1057,0,0,2,0,2,597,425,37,0,1059,0,0,0,1059
01/07/2014,PHL,PA,AEA,EN,Combined TRACON& Tower with Radar,604,418,33,0,1055,0,0,0,1,1,604,418,33,1,1056,0,0,0,1056
01/08/2014,PHL,PA,AEA,EN,Combined TRACON& Tower with Radar,655,454,44,0,1153,0,0,3,1,4,655,454,47,1,1157,0,0,0,1157
01/09/2014,PHL,PA,AEA,EN,Combined TRACON& Tower with Radar,675,463,48,1,1187,0,1,7,0,8,675,464,55,1,1195,0,0,0,1195
01/10/2014,PHL,PA,AEA,EN,Combined TRACON& Tower with Radar,636,377,17,0,1030,0,0,0,0,0,636,377,17,0,1030,0,0,0,1030
01/11/2014,PHL,PA,AEA,EN,Combined TRACON& Tower with Radar,523,301,15,0,839,0,0,0,2,2,523,301,15,2,841,0,0,0,841
01/12/2014,PHL,PA,AEA,EN,Combined TRACON& Tower with Radar,598,456,19,0,1073,0,1,3,0,4,598,457,22,0,1077,0,0,0,1077
01/13/2014,PHL,PA,AEA,EN,Combined TRACON& Tower with Radar,643,494,31,0,1168,0,1,2,0,3,643,495,33,0,1171,0,0,0,1171
01/14/2014,PHL,PA,AEA,EN,Combined TRACON& Tower with Radar,628,418,25,0,1071,0,0,0,0,0,628,418,25,0,1071,0,0,0,1071
01/15/2014,PHL,PA,AEA,EN,Combined TRACON& Tower with Radar,670,334,39,4,1047,0,0,11,0,11,670,334,50,4,1058,0,0,0,1058
01/16/2014,PHL,PA,AEA,EN,Combined TRACON& Tower with Radar,684,484,32,0,1200,0,0,20,0,20,684,484,52,0,1220,0,0,0,1220
01/17/2014,PHL,PA,AEA,EN,Combined TRACON& Tower with Radar,676,490,28,0,1194,0,1,8,0,9,676,491,36,0,1203,0,0,0,1203
01/18/2014,PHL,PA,AEA,EN,Combined TRACON& Tower with Radar,526,330,16,0,872,0,1,2,0,3,526,331,18,0,875,0,0,0,875
01/19/2014,PHL,PA,AEA,EN,Combined TRACON& Tower with Radar,583,430,16,0,1029,0,3,5,0,8,583,433,21,0,1037,0,0,0,1037
01/20/2014,PHL,PA,AEA,EN,Combined TRACON& Tower with Radar,632,481,27,0,1140,0,2,12,0,14,632,483,39,0,1154,0,0,0,1154
01/21/2014,PHL,PA,AEA,EN,Combined TRACON& Tower with Radar,328,161,18,0,507,0,0,1,0,1,328,161,19,0,508,0,0,0,508
01/22/2014,PHL,PA,AEA,EN,Combined TRACON& Tower with Radar,537,328,38,0,903,0,2,1,1,4,537,330,39,1,907,0,0,0,907
01/23/2014,PHL,PA,AEA,EN,Combined TRACON& Tower with Radar,685,463,27,0,1175,0,3,14,5,22,685,466,41,5,1197,0,0,0,1197
01/24/2014,PHL,PA,AEA,EN,Combined TRACON& Tower with Radar,663,472,25,0,1160,0,2,19,0,21,663,474,44,0,1181,0,0,0,1181
01/25/2014,PHL,PA,AEA,EN,Combined TRACON& Tower with Radar,521,253,14,0,788,0,0,12,0,12,521,253,26,0,800,0,0,0,800
01/26/2014,PHL,PA,AEA,EN,Combined TRACON& Tower with Radar,589,423,17,0,1029,0,1,20,0,21,589,424,37,0,1050,0,0,0,1050
01/27/2014,PHL,PA,AEA,EN,Combined TRACON& Tower with Radar,643,485,29,0,1157,0,1,18,0,19,643,486,47,0,1176,0,0,0,1176
01/28/2014,PHL,PA,AEA,EN,Combined TRACON& Tower with Radar,607,450,45,0,1102,0,4,19,2,25,607,454,64,2,1127,0,0,0,1127
01/29/2014,PHL,PA,AEA,EN,Combined TRACON& Tower with Radar,622,442,46,0,1110,0,7,12,0,19,622,449,58,0,1129,0,0,0,1129
01/30/2014,PHL,PA,AEA,EN,Combined TRACON& Tower with Radar,666,465,46,5,1182,0,3,5,0,8,666,468,51,5,1190,0,0,0,1190
01/31/2014,PHL,PA,AEA,EN,Combined TRACON& Tower with Radar,671,476,24,1,1172,0,6,6,0,12,671,482,30,1,1184,0,0,0,1184
02/01/2014,PHL,PA,AEA,EN,Combined TRACON& Tower with Radar,514,308,5,0,827,0,3,2,0,5,514,311,7,0,832,0,0,0,832
02/02/2014,PHL,PA,AEA,EN,Combined TRACON& Tower with Radar,576,431,23,0,1030,0,0,3,0,3,576,431,26,0,1033,0,0,0,1033
02/03/2014,PHL,PA,AEA,EN,Combined TRACON& Tower with Radar,454,215,12,0,681,0,0,1,0,1,454,215,13,0,682,0,0,0,682
02/04/2014,PHL,PA,AEA,EN,Combined TRACON& Tower with Radar,614,481,27,0,1122,0,6,8,0,14,614,487,35,0,1136,0,0,0,1136
02/05/2014,PHL,PA,AEA,EN,Combined TRACON& Tower with Radar,559,328,19,0,906,0,1,0,0,1,559,329,19,0,907,0,0,0,907
02/06/2014,PHL,PA,AEA,EN,Combined TRACON& Tower with Radar,679,462,44,0,1185,0,1,9,0,10,679,463,53,0,1195,0,0,0,1195
02/07/2014,PHL,PA,AEA,EN,Combined TRACON& Tower with Radar,672,478,29,0,1179,0,5,7,1,13,672,483,36,1,1192,0,0,0,1192
02/08/2014,PHL,PA,AEA,EN,Combined TRACON& Tower with Radar,530,327,19,0,876,0,3,10,0,13,530,330,29,0,889,0,0,0,889
02/09/2014,PHL,PA,AEA,EN,Combined TRACON& Tower with Radar,523,348,27,0,898,0,0,1,0,1,523,348,28,0,899,0,0,0,899
02/10/2014,PHL,PA,AEA,EN,Combined TRACON& Tower with Radar,669,502,30,0,1201,0,0,1,2,3,669,502,31,2,1204,0,0,0,1204
02/11/2014,PHL,PA,AEA,EN,Combined TRACON& Tower with Radar,641,462,35,0,1138,0,1,4,0,5,641,463,39,0,1143,0,0,0,1143
02/12/2014,PHL,PA,AEA,EN,Combined TRACON& Tower with Radar,599,439,41,0,1079,0,6,7,0,13,599,445,48,0,1092,0,0,0,1092
02/13/2014,PHL,PA,AEA,EN,Combined TRACON& Tower with Radar,210,17,7,0,234,0,0,0,0,0,210,17,7,0,234,0,0,0,234
02/14/2014,PHL,PA,AEA,EN,Combined TRACON& Tower with Radar,584,405,42,0,1031,0,0,3,0,3,584,405,45,0,1034,0,0,0,1034
02/15/2014,PHL,PA,AEA,EN,Combined TRACON& Tower with Radar,562,345,8,0,915,0,0,0,0,0,562,345,8,0,915,0,0,0,915
02/16/2014,PHL,PA,AEA,EN,Combined TRACON& Tower with Radar,585,451,15,2,1053,0,1,0,2,3,585,452,15,4,1056,0,0,0,1056
02/17/2014,PHL,PA,AEA,EN,Combined TRACON& Tower with Radar,653,485,30,0,1168,0,1,7,0,8,653,486,37,0,1176,0,0,0,1176
02/18/2014,PHL,PA,AEA,EN,Combined TRACON& Tower with Radar,627,455,37,0,1119,0,2,14,0,16,627,457,51,0,1135,0,0,0,1135
02/19/2014,PHL,PA,AEA,EN,Combined TRACON& Tower with Radar,684,458,37,0,1179,0,0,5,0,5,684,458,42,0,1184,0,0,0,1184
02/20/2014,PHL,PA,AEA,EN,Combined TRACON& Tower with Radar,694,492,44,0,1230,0,2,2,0,4,694,494,46,0,1234,0,0,0,1234
02/21/2014,PHL,PA,AEA,EN,Combined TRACON& Tower with Radar,543,258,20,0,821,0,0,2,0,2,543,258,22,0,823,0,0,0,823
02/22/2014,PHL,PA,AEA,EN,Combined TRACON& Tower with Radar,585,378,14,0,977,0,0,4,0,4,585,378,18,0,981,0,0,0,981
02/23/2014,PHL,PA,AEA,EN,Combined TRACON& Tower with Radar,616,480,34,0,1130,0,2,3,0,5,616,482,37,0,1135,0,0,0,1135
02/24/2014,PHL,PA,AEA,EN,Combined TRACON& Tower with Radar,677,491,24,0,1192,0,1,16,5,22,677,492,40,5,1214,0,0,0,1214
02/25/2014,PHL,PA,AEA,EN,Combined TRACON& Tower with Radar,691,482,45,0,1218,0,0,2,2,4,691,482,47,2,1222,0,0,0,1222
02/26/2014,PHL,PA,AEA,EN,Combined TRACON& Tower with Radar,676,430,33,0,1139,0,0,3,1,4,676,430,36,1,1143,0,0,0,1143
02/27/2014,PHL,PA,AEA,EN,Combined TRACON& Tower with Radar,719,486,48,3,1256,0,3,10,0,13,719,489,58,3,1269,0,0,0,1269
02/28/2014,PHL,PA,AEA,EN,Combined TRACON& Tower with Radar,709,491,28,0,1228,0,0,5,4,9,709,491,33,4,1237,0,0,0,1237
03/01/2014,PHL,PA,AEA,EN,Combined TRACON& Tower with Radar,582,363,35,3,983,0,0,6,0,6,582,363,41,3,989,0,0,0,989
03/02/2014,PHL,PA,AEA,EN,Combined TRACON& Tower with Radar,572,436,19,1,1028,0,2,0,0,2,572,438,19,1,1030,0,0,0,1030
03/03/2014,PHL,PA,AEA,EN,Combined TRACON& Tower with Radar,443,283,11,0,737,0,0,2,0,2,443,283,13,0,739,0,0,0,739
03/04/2014,PHL,PA,AEA,EN,Combined TRACON& Tower with Radar,699,464,23,0,1186,0,4,1,0,5,699,468,24,0,1191,0,0,0,1191
03/05/2014,PHL,PA,AEA,EN,Combined TRACON& Tower with Radar,697,472,49,0,1218,0,1,2,0,3,697,473,51,0,1221,0,0,0,1221
03/06/2014,PHL,PA,AEA,EN,Combined TRACON& Tower with Radar,719,489,45,0,1253,0,4,7,1,12,719,493,52,1,1265,0,0,0,1265
03/07/2014,PHL,PA,AEA,EN,Combined TRACON& Tower with Radar,716,502,32,0,1250,0,1,5,0,6,716,503,37,0,1256,0,0,0,1256
03/08/2014,PHL,PA,AEA,EN,Combined TRACON& Tower with Radar,615,394,27,0,1036,0,1,10,0,11,615,395,37,0,1047,0,0,0,1047
03/09/2014,PHL,PA,AEA,EN,Combined TRACON& Tower with Radar,645,504,16,0,1165,0,1,5,0,6,645,505,21,0,1171,0,0,0,1171
03/10/2014,PHL,PA,AEA,EN,Combined TRACON& Tower with Radar,696,496,17,0,1209,0,6,12,0,18,696,502,29,0,1227,0,0,0,1227
03/11/2014,PHL,PA,AEA,EN,Combined TRACON& Tower with Radar,695,468,28,0,1191,0,5,12,2,19,695,473,40,2,1210,0,0,0,1210
03/12/2014,PHL,PA,AEA,EN,Combined TRACON& Tower with Radar,660,376,37,0,1073,0,0,13,0,13,660,376,50,0,1086,0,0,0,1086
03/13/2014,PHL,PA,AEA,EN,Combined TRACON& Tower with Radar,689,434,32,0,1155,0,0,6,10,16,689,434,38,10,1171,0,0,0,1171
03/14/2014,PHL,PA,AEA,EN,Combined TRACON& Tower with Radar,753,520,24,0,1297,0,3,15,0,18,753,523,39,0,1315,0,0,0,1315
03/15/2014,PHL,PA,AEA,EN,Combined TRACON& Tower with Radar,611,398,15,0,1024,0,0,6,0,6,611,398,21,0,1030,0,0,0,1030
03/16/2014,PHL,PA,AEA,EN,Combined TRACON& Tower with Radar,656,486,26,0,1168,0,0,5,0,5,656,486,31,0,1173,0,0,0,1173
03/17/2014,PHL,PA,AEA,EN,Combined TRACON& Tower with Radar,672,367,32,1,1072,0,4,4,0,8,672,371,36,1,1080,0,0,0,1080
03/18/2014,PHL,PA,AEA,EN,Combined TRACON& Tower with Radar,728,454,31,0,1213,0,2,23,5,30,728,456,54,5,1243,0,0,0,1243
03/19/2014,PHL,PA,AEA,EN,Combined TRACON& Tower with Radar,716,453,46,0,1215,0,0,3,0,3,716,453,49,0,1218,0,0,0,1218
03/20/2014,PHL,PA,AEA,EN,Combined TRACON& Tower with Radar,746,487,44,0,1277,0,2,5,2,9,746,489,49,2,1286,0,0,0,1286
03/21/2014,PHL,PA,AEA,EN,Combined TRACON& Tower with Radar,735,495,38,2,1270,0,8,17,1,26,735,503,55,3,1296,0,0,0,1296
03/22/2014,PHL,PA,AEA,EN,Combined TRACON& Tower with Radar,614,397,20,0,1031,0,0,7,0,7,614,397,27,0,1038,0,0,0,1038
03/23/2014,PHL,PA,AEA,EN,Combined TRACON& Tower with Radar,654,485,23,0,1162,0,3,2,0,5,654,488,25,0,1167,0,0,0,1167
03/24/2014,PHL,PA,AEA,EN,Combined TRACON& Tower with Radar,700,476,16,1,1193,0,5,1,0,6,700,481,17,1,1199,0,0,0,1199
03/25/2014,PHL,PA,AEA,EN,Combined TRACON& Tower with Radar,702,410,25,0,1137,0,0,2,2,4,702,410,27,2,1141,0,0,0,1141
03/26/2014,PHL,PA,AEA,EN,Combined TRACON& Tower with Radar,706,485,33,0,1224,0,0,6,0,6,706,485,39,0,1230,0,0,0,1230
03/27/2014,PHL,PA,AEA,EN,Combined TRACON& Tower with Radar,740,495,49,0,1284,0,1,2,0,3,740,496,51,0,1287,0,0,0,1287
03/28/2014,PHL,PA,AEA,EN,Combined TRACON& Tower with Radar,717,434,25,0,1176,0,1,6,0,7,717,435,31,0,1183,0,0,0,1183
03/29/2014,PHL,PA,AEA,EN,Combined TRACON& Tower with Radar,607,361,18,0,986,0,0,0,0,0,607,361,18,0,986,0,0,0,986
03/30/2014,PHL,PA,AEA,EN,Combined TRACON& Tower with Radar,648,375,26,0,1049,0,0,0,0,0,648,375,26,0,1049,0,0,0,1049
03/31/2014,PHL,PA,AEA,EN,Combined TRACON& Tower with Radar,706,488,32,0,1226,0,0,14,2,16,706,488,46,2,1242,0,0,0,1242
04/01/2014,PHL,PA,AEA,EN,Combined TRACON& Tower with Radar,724,483,24,0,1231,0,0,6,0,6,724,483,30,0,1237,0,0,0,1237
04/02/2014,PHL,PA,AEA,EN,Combined TRACON& Tower with Radar,715,492,32,0,1239,0,4,8,0,12,715,496,40,0,1251,0,0,0,1251
04/03/2014,PHL,PA,AEA,EN,Combined TRACON& Tower with Radar,740,504,40,0,1284,0,3,6,2,11,740,507,46,2,1295,0,0,0,1295
04/04/2014,PHL,PA,AEA,EN,Combined TRACON& Tower with Radar,727,484,25,0,1236,0,0,0,0,0,727,484,25,0,1236,0,0,0,1236
04/05/2014,PHL,PA,AEA,EN,Combined TRACON& Tower with Radar,628,371,13,1,1013,0,0,1,0,1,628,371,14,1,1014,0,0,0,1014
04/06/2014,PHL,PA,AEA,EN,Combined TRACON& Tower with Radar,662,493,15,2,1172,0,0,9,2,11,662,493,24,4,1183,0,0,0,1183
04/07/2014,PHL,PA,AEA,EN,Combined TRACON& Tower with Radar,705,438,30,1,1174,0,2,2,0,4,705,440,32,1,1178,0,0,0,1178
04/08/2014,PHL,PA,AEA,EN,Combined TRACON& Tower with Radar,714,472,33,0,1219,0,0,6,5,11,714,472,39,5,1230,0,0,0,1230
04/09/2014,PHL,PA,AEA,EN,Combined TRACON& Tower with Radar,719,486,25,2,1232,0,0,10,2,12,719,486,35,4,1244,0,0,0,1244
04/10/2014,PHL,PA,AEA,EN,Combined TRACON& Tower with Radar,743,508,29,1,1281,0,2,4,0,6,743,510,33,1,1287,0,0,0,1287
04/11/2014,PHL,PA,AEA,EN,Combined TRACON& Tower with Radar,717,505,40,0,1262,0,0,4,0,4,717,505,44,0,1266,0,0,0,1266
04/12/2014,PHL,PA,AEA,EN,Combined TRACON& Tower with Radar,615,384,19,0,1018,0,7,7,0,14,615,391,26,0,1032,0,0,0,1032
04/13/2014,PHL,PA,AEA,EN,Combined TRACON& Tower with Radar,667,490,32,0,1189,0,0,6,0,6,667,490,38,0,1195,0,0,0,1195
04/14/2014,PHL,PA,AEA,EN,Combined TRACON& Tower with Radar,691,490,19,1,1201,0,4,1,0,5,691,494,20,1,1206,0,0,0,1206
04/15/2014,PHL,PA,AEA,EN,Combined TRACON& Tower with Radar,677,371,28,1,1077,0,0,0,0,0,677,371,28,1,1077,0,0,0,1077
04/16/2014,PHL,PA,AEA,EN,Combined TRACON& Tower with Radar,731,484,35,0,1250,0,1,12,9,22,731,485,47,9,1272,0,0,0,1272
04/17/2014,PHL,PA,AEA,EN,Combined TRACON& Tower with Radar,736,490,37,0,1263,0,0,13,1,14,736,490,50,1,1277,0,0,0,1277
04/18/2014,PHL,PA,AEA,EN,Combined TRACON& Tower with Radar,712,488,22,0,1222,0,0,14,0,14,712,488,36,0,1236,0,0,0,1236
04/19/2014,PHL,PA,AEA,EN,Combined TRACON& Tower with Radar,595,366,13,0,974,0,0,4,0,4,595,366,17,0,978,0,0,0,978
04/20/2014,PHL,PA,AEA,EN,Combined TRACON& Tower with Radar,654,488,12,0,1154,0,3,0,0,3,654,491,12,0,1157,0,0,0,1157
04/21/2014,PHL,PA,AEA,EN,Combined TRACON& Tower with Radar,691,495,38,0,1224,0,0,6,0,6,691,495,44,0,1230,0,0,0,1230
04/22/2014,PHL,PA,AEA,EN,Combined TRACON& Tower with Radar,717,491,43,1,1252,0,5,20,0,25,717,496,63,1,1277,0,0,0,1277
04/23/2014,PHL,PA,AEA,EN,Combined TRACON& Tower with Radar,719,490,30,2,1241,0,4,10,2,16,719,494,40,4,1257,0,0,0,1257
04/24/2014,PHL,PA,AEA,EN,Combined TRACON& Tower with Radar,732,503,37,2,1274,0,1,7,2,10,732,504,44,4,1284,0,0,0,1284
04/25/2014,PHL,PA,AEA,EN,Combined TRACON& Tower with Radar,720,512,31,0,1263,0,4,25,2,31,720,516,56,2,1294,0,0,0,1294
04/26/2014,PHL,PA,AEA,EN,Combined TRACON& Tower with Radar,603,375,22,0,1000,0,1,1,0,2,603,376,23,0,1002,0,0,0,1002
04/27/2014,PHL,PA,AEA,EN,Combined TRACON& Tower with Radar,642,488,32,1,1163,0,0,2,2,4,642,488,34,3,1167,0,0,0,1167
04/28/2014,PHL,PA,AEA,EN,Combined TRACON& Tower with Radar,692,477,45,0,1214,0,1,17,2,20,692,478,62,2,1234,0,0,0,1234
04/29/2014,PHL,PA,AEA,EN,Combined TRACON& Tower with Radar,691,448,41,1,1181,0,0,9,0,9,691,448,50,1,1190,0,0,0,1190
04/30/2014,PHL,PA,AEA,EN,Combined TRACON& Tower with Radar,630,316,32,0,978,0,0,0,0,0,630,316,32,0,978,0,0,0,978
05/01/2014,PHL,PA,AEA,EN,Combined TRACON& Tower with Radar,723,481,56,0,1260,0,0,8,0,8,723,481,64,0,1268,0,0,0,1268
05/02/2014,PHL,PA,AEA,EN,Combined TRACON& Tower with Radar,714,478,27,0,1219,0,0,14,0,14,714,478,41,0,1233,0,0,0,1233
05/03/2014,PHL,PA,AEA,EN,Combined TRACON& Tower with Radar,598,367,17,0,982,0,3,12,0,15,598,370,29,0,997,0,0,0,997
05/04/2014,PHL,PA,AEA,EN,Combined TRACON& Tower with Radar,655,497,29,0,1181,0,0,6,0,6,655,497,35,0,1187,0,0,0,1187
05/05/2014,PHL,PA,AEA,EN,Combined TRACON& Tower with Radar,693,483,37,0,1213,0,4,7,0,11,693,487,44,0,1224,0,0,0,1224
05/06/2014,PHL,PA,AEA,EN,Combined TRACON& Tower with Radar,724,472,33,0,1229,0,1,6,0,7,724,473,39,0,1236,0,0,0,1236
05/07/2014,PHL,PA,AEA,EN,Combined TRACON& Tower with Radar,732,484,41,0,1257,0,1,15,5,21,732,485,56,5,1278,0,0,0,1278
05/08/2014,PHL,PA,AEA,EN,Combined TRACON& Tower with Radar,721,472,48,2,1243,0,0,3,2,5,721,472,51,4,1248,0,0,0,1248
05/09/2014,PHL,PA,AEA,EN,Combined TRACON& Tower with Radar,728,488,26,2,1244,0,1,1,0,2,728,489,27,2,1246,0,0,0,1246
05/10/2014,PHL,PA,AEA,EN,Combined TRACON& Tower with Radar,618,379,19,1,1017,0,0,0,0,0,618,379,19,1,1017,0,0,0,1017
05/11/2014,PHL,PA,AEA,EN,Combined TRACON& Tower with Radar,644,478,19,1,1142,0,0,8,0,8,644,478,27,1,1150,0,0,0,1150
05/12/2014,PHL,PA,AEA,EN,Combined TRACON& Tower with Radar,685,489,34,2,1210,0,11,9,2,22,685,500,43,4,1232,0,0,0,1232
05/13/2014,PHL,PA,AEA,EN,Combined TRACON& Tower with Radar,710,471,40,0,1221,0,3,20,0,23,710,474,60,0,1244,0,0,0,1244
05/14/2014,PHL,PA,AEA,EN,Combined TRACON& Tower with Radar,724,489,47,0,1260,0,1,1,2,4,724,490,48,2,1264,0,0,0,1264
05/15/2014,PHL,PA,AEA,EN,Combined TRACON& Tower with Radar,737,460,37,0,1234,0,1,3,0,4,737,461,40,0,1238,0,0,0,1238
05/16/2014,PHL,PA,AEA,EN,Combined TRACON& Tower with Radar,697,422,41,0,1160,0,0,0,0,0,697,422,41,0,1160,0,0,0,1160
05/17/2014,PHL,PA,AEA,EN,Combined TRACON& Tower with Radar,602,389,37,0,1028,0,0,5,0,5,602,389,42,0,1033,0,0,0,1033
05/18/2014,PHL,PA,AEA,EN,Combined TRACON& Tower with Radar,642,508,46,0,1196,0,3,4,0,7,642,511,50,0,1203,0,0,0,1203
05/19/2014,PHL,PA,AEA,EN,Combined TRACON& Tower with Radar,686,502,57,1,1246,0,0,12,0,12,686,502,69,1,1258,0,0,0,1258
05/20/2014,PHL,PA,AEA,EN,Combined TRACON& Tower with Radar,721,480,38,1,1240,0,2,8,0,10,721,482,46,1,1250,0,0,0,1250
05/21/2014,PHL,PA,AEA,EN,Combined TRACON& Tower with Radar,735,481,42,2,1260,0,2,20,4,26,735,483,62,6,1286,0,0,0,1286
05/22/2014,PHL,PA,AEA,EN,Combined TRACON& Tower with Radar,698,376,55,0,1129,0,0,4,0,4,698,376,59,0,1133,0,0,0,1133
05/23/2014,PHL,PA,AEA,EN,Combined TRACON& Tower with Radar,754,489,36,0,1279,0,1,11,0,12,754,490,47,0,1291,0,0,0,1291
05/24/2014,PHL,PA,AEA,EN,Combined TRACON& Tower with Radar,611,348,18,0,977,0,2,2,0,4,611,350,20,0,981,0,0,0,981
05/25/2014,PHL,PA,AEA,EN,Combined TRACON& Tower with Radar,550,322,12,0,884,0,2,6,0,8,550,324,18,0,892,0,0,0,892
05/26/2014,PHL,PA,AEA,EN,Combined TRACON& Tower with Radar,635,412,19,0,1066,0,0,4,0,4,635,412,23,0,1070,0,0,0,1070
05/27/2014,PHL,PA,AEA,EN,Combined TRACON& Tower with Radar,672,404,29,2,1107,0,1,11,0,12,672,405,40,2,1119,0,0,0,1119
05/28/2014,PHL,PA,AEA,EN,Combined TRACON& Tower with Radar,725,413,50,0,1188,0,0,6,0,6,725,413,56,0,1194,0,0,0,1194
05/29/2014,PHL,PA,AEA,EN,Combined TRACON& Tower with Radar,744,495,30,1,1270,0,0,10,0,10,744,495,40,1,1280,0,0,0,1280
05/30/2014,PHL,PA,AEA,EN,Combined TRACON& Tower with Radar,726,483,41,0,1250,0,1,8,0,9,726,484,49,0,1259,0,0,0,1259
05/31/2014,PHL,PA,AEA,EN,Combined TRACON& Tower with Radar,620,365,26,0,1011,0,1,11,0,12,620,366,37,0,1023,0,0,0,1023
06/01/2014,PHL,PA,AEA,EN,Combined TRACON& Tower with Radar,648,484,25,0,1157,0,0,12,0,12,648,484,37,0,1169,0,0,0,1169
06/02/2014,PHL,PA,AEA,EN,Combined TRACON& Tower with Radar,680,484,38,0,1202,0,4,6,3,13,680,488,44,3,1215,0,0,0,1215
06/03/2014,PHL,PA,AEA,EN,Combined TRACON& Tower with Radar,730,478,42,0,1250,0,4,22,2,28,730,482,64,2,1278,0,0,0,1278
06/04/2014,PHL,PA,AEA,EN,Combined TRACON& Tower with Radar,721,491,42,2,1256,0,4,12,2,18,721,495,54,4,1274,0,0,0,1274
06/05/2014,PHL,PA,AEA,EN,Combined TRACON& Tower with Radar,729,506,46,0,1281,0,1,7,0,8,729,507,53,0,1289,0,0,0,1289
06/06/2014,PHL,PA,AEA,EN,Combined TRACON& Tower with Radar,699,524,30,2,1255,0,0,7,1,8,699,524,37,3,1263,0,0,0,1263
06/07/2014,PHL,PA,AEA,EN,Combined TRACON& Tower with Radar,604,387,9,0,1000,0,0,3,0,3,604,387,12,0,1003,0,0,0,1003
06/08/2014,PHL,PA,AEA,EN,Combined TRACON& Tower with Radar,648,500,31,0,1179,0,1,9,1,11,648,501,40,1,1190,0,0,0,1190
06/09/2014,PHL,PA,AEA,EN,Combined TRACON& Tower with Radar,677,502,30,0,1209,0,0,3,2,5,677,502,33,2,1214,0,0,0,1214
06/10/2014,PHL,PA,AEA,EN,Combined TRACON& Tower with Radar,709,481,30,0,1220,0,0,4,4,8,709,481,34,4,1228,0,0,0,1228
06/11/2014,PHL,PA,AEA,EN,Combined TRACON& Tower with Radar,656,398,32,1,1087,0,0,2,0,2,656,398,34,1,1089,0,0,0,1089
06/12/2014,PHL,PA,AEA,EN,Combined TRACON& Tower with Radar,712,430,43,0,1185,0,0,0,0,0,712,430,43,0,1185,0,0,0,1185
06/13/2014,PHL,PA,AEA,EN,Combined TRACON& Tower with Radar,639,359,21,0,1019,0,0,3,2,5,639,359,24,2,1024,0,0,0,1024
06/14/2014,PHL,PA,AEA,EN,Combined TRACON& Tower with Radar,617,400,18,0,1035,0,0,9,6,15,617,400,27,6,1050,0,0,0,1050
06/15/2014,PHL,PA,AEA,EN,Combined TRACON& Tower with Radar,662,505,17,1,1185,0,1,3,0,4,662,506,20,1,1189,0,0,0,1189
06/16/2014,PHL,PA,AEA,EN,Combined TRACON& Tower with Radar,688,508,49,2,1247,0,3,15,2,20,688,511,64,4,1267,0,0,0,1267
06/17/2014,PHL,PA,AEA,EN,Combined TRACON& Tower with Radar,711,512,41,2,1266,0,0,18,2,20,711,512,59,4,1286,0,0,0,1286
06/18/2014,PHL,PA,AEA,EN,Combined TRACON& Tower with Radar,709,509,55,0,1273,0,6,19,0,25,709,515,74,0,1298,0,0,0,1298
06/19/2014,PHL,PA,AEA,EN,Combined TRACON& Tower with Radar,734,459,41,0,1234,0,0,5,3,8,734,459,46,3,1242,0,0,0,1242
06/20/2014,PHL,PA,AEA,EN,Combined TRACON& Tower with Radar,721,525,34,0,1280,0,1,12,0,13,721,526,46,0,1293,0,0,0,1293
06/21/2014,PHL,PA,AEA,EN,Combined TRACON& Tower with Radar,626,410,12,0,1048,0,0,2,0,2,626,410,14,0,1050,0,0,0,1050
06/22/2014,PHL,PA,AEA,EN,Combined TRACON& Tower with Radar,662,515,23,0,1200,0,0,2,0,2,662,515,25,0,1202,0,0,0,1202
06/23/2014,PHL,PA,AEA,EN,Combined TRACON& Tower with Radar,677,513,37,0,1227,0,4,5,0,9,677,517,42,0,1236,0,0,0,1236
06/24/2014,PHL,PA,AEA,EN,Combined TRACON& Tower with Radar,723,524,43,2,1292,0,2,11,2,15,723,526,54,4,1307,0,0,0,1307
06/25/2014,PHL,PA,AEA,EN,Combined TRACON& Tower with Radar,642,414,43,2,1101,0,0,8,1,9,642,414,51,3,1110,0,0,0,1110
06/26/2014,PHL,PA,AEA,EN,Combined TRACON& Tower with Radar,761,514,49,0,1324,0,2,10,0,12,761,516,59,0,1336,0,0,0,1336
06/27/2014,PHL,PA,AEA,EN,Combined TRACON& Tower with Radar,691,522,41,0,1254,0,1,10,1,12,691,523,51,1,1266,0,0,0,1266
06/28/2014,PHL,PA,AEA,EN,Combined TRACON& Tower with Radar,635,413,17,0,1065,0,0,5,0,5,635,413,22,0,1070,0,0,0,1070
06/29/2014,PHL,PA,AEA,EN,Combined TRACON& Tower with Radar,652,528,29,0,1209,0,0,5,0,5,652,528,34,0,1214,0,0,0,1214
06/30/2014,PHL,PA,AEA,EN,Combined TRACON& Tower with Radar,676,505,24,0,1205,0,6,19,0,25,676,511,43,0,1230,0,0,0,1230
07/01/2014,PHL,PA,AEA,EN,Combined TRACON& Tower with Radar,705,498,36,2,1241,0,3,16,1,20,705,501,52,3,1261,0,0,0,1261
07/02/2014,PHL,PA,AEA,EN,Combined TRACON& Tower with Radar,658,388,43,0,1089,0,4,0,0,4,658,392,43,0,1093,0,0,0,1093
07/03/2014,PHL,PA,AEA,EN,Combined TRACON& Tower with Radar,589,329,19,0,937,0,0,5,0,5,589,329,24,0,942,0,0,0,942
07/04/2014,PHL,PA,AEA,EN,Combined TRACON& Tower with Radar,605,440,9,1,1055,0,0,16,0,16,605,440,25,1,1071,0,0,0,1071
07/05/2014,PHL,PA,AEA,EN,Combined TRACON& Tower with Radar,614,382,14,0,1010,0,3,11,0,14,614,385,25,0,1024,0,0,0,1024
07/06/2014,PHL,PA,AEA,EN,Combined TRACON& Tower with Radar,661,509,46,0,1216,0,2,10,0,12,661,511,56,0,1228,0,0,0,1228
07/07/2014,PHL,PA,AEA,EN,Combined TRACON& Tower with Radar,688,509,31,0,1228,0,4,9,9,22,688,513,40,9,1250,0,0,0,1250
07/08/2014,PHL,PA,AEA,EN,Combined TRACON& Tower with Radar,693,418,39,0,1150,0,0,8,2,10,693,418,47,2,1160,0,0,0,1160
07/09/2014,PHL,PA,AEA,EN,Combined TRACON& Tower with Radar,734,481,36,0,1251,0,4,10,1,15,734,485,46,1,1266,0,0,0,1266
07/10/2014,PHL,PA,AEA,EN,Combined TRACON& Tower with Radar,730,489,45,0,1264,0,2,1,0,3,730,491,46,0,1267,0,0,0,1267
07/11/2014,PHL,PA,AEA,EN,Combined TRACON& Tower with Radar,716,503,42,0,1261,0,7,7,1,15,716,510,49,1,1276,0,0,0,1276
07/12/2014,PHL,PA,AEA,EN,Combined TRACON& Tower with Radar,626,396,21,0,1043,0,1,7,0,8,626,397,28,0,1051,0,0,0,1051
07/13/2014,PHL,PA,AEA,EN,Combined TRACON& Tower with Radar,644,476,26,0,1146,0,0,3,0,3,644,476,29,0,1149,0,0,0,1149
07/14/2014,PHL,PA,AEA,EN,Combined TRACON& Tower with Radar,656,439,25,0,1120,0,0,3,0,3,656,439,28,0,1123,0,0,0,1123
07/15/2014,PHL,PA,AEA,EN,Combined TRACON& Tower with Radar,706,412,21,1,1140,0,2,1,0,3,706,414,22,1,1143,0,0,0,1143
07/16/2014,PHL,PA,AEA,EN,Combined TRACON& Tower with Radar,730,510,41,1,1282,0,5,17,0,22,730,515,58,1,1304,0,0,0,1304
07/17/2014,PHL,PA,AEA,EN,Combined TRACON& Tower with Radar,735,503,34,0,1272,0,2,7,0,9,735,505,41,0,1281,0,0,0,1281
07/18/2014,PHL,PA,AEA,EN,Combined TRACON& Tower with Radar,726,513,34,0,1273,0,4,15,4,23,726,517,49,4,1296,0,0,0,1296
07/19/2014,PHL,PA,AEA,EN,Combined TRACON& Tower with Radar,630,382,21,1,1034,0,4,2,0,6,630,386,23,1,1040,0,0,0,1040
07/20/2014,PHL,PA,AEA,EN,Combined TRACON& Tower with Radar,654,504,30,0,1188,0,1,5,0,6,654,505,35,0,1194,0,0,0,1194
07/21/2014,PHL,PA,AEA,EN,Combined TRACON& Tower with Radar,687,506,47,0,1240,0,0,6,0,6,687,506,53,0,1246,0,0,0,1246
07/22/2014,PHL,PA,AEA,EN,Combined TRACON& Tower with Radar,723,503,34,1,1261,0,2,7,2,11,723,505,41,3,1272,0,0,0,1272
07/23/2014,PHL,PA,AEA,EN,Combined TRACON& Tower with Radar,690,445,44,1,1180,0,3,1,0,4,690,448,45,1,1184,0,0,0,1184
07/24/2014,PHL,PA,AEA,EN,Combined TRACON& Tower with Radar,733,508,55,4,1300,0,1,13,0,14,733,509,68,4,1314,0,0,0,1314
07/25/2014,PHL,PA,AEA,EN,Combined TRACON& Tower with Radar,716,515,37,0,1268,0,3,5,1,9,716,518,42,1,1277,0,0,0,1277
07/26/2014,PHL,PA,AEA,EN,Combined TRACON& Tower with Radar,638,391,16,0,1045,0,0,2,0,2,638,391,18,0,1047,0,0,0,1047
07/27/2014,PHL,PA,AEA,EN,Combined TRACON& Tower with Radar,627,476,28,0,1131,0,0,6,2,8,627,476,34,2,1139,0,0,0,1139
07/28/2014,PHL,PA,AEA,EN,Combined TRACON& Tower with Radar,676,487,46,0,1209,0,0,4,1,5,676,487,50,1,1214,0,0,0,1214
07/29/2014,PHL,PA,AEA,EN,Combined TRACON& Tower with Radar,743,512,29,0,1284,0,3,4,0,7,743,515,33,0,1291,0,0,0,1291
07/30/2014,PHL,PA,AEA,EN,Combined TRACON& Tower with Radar,732,506,37,0,1275,0,7,13,0,20,732,513,50,0,1295,0,0,0,1295
07/31/2014,PHL,PA,AEA,EN,Combined TRACON& Tower with Radar,736,507,37,0,1280,0,0,13,0,13,736,507,50,0,1293,0,0,0,1293
08/01/2014,PHL,PA,AEA,EN,Combined TRACON& Tower with Radar,719,489,37,0,1245,0,0,6,3,9,719,489,43,3,1254,0,0,0,1254
08/02/2014,PHL,PA,AEA,EN,Combined TRACON& Tower with Radar,637,390,15,0,1042,0,1,2,0,3,637,391,17,0,1045,0,0,0,1045
08/03/2014,PHL,PA,AEA,EN,Combined TRACON& Tower with Radar,661,513,21,1,1196,0,1,2,0,3,661,514,23,1,1199,0,0,0,1199
08/04/2014,PHL,PA,AEA,EN,Combined TRACON& Tower with Radar,704,498,33,0,1235,0,2,14,2,18,704,500,47,2,1253,0,0,0,1253
08/05/2014,PHL,PA,AEA,EN,Combined TRACON& Tower with Radar,745,508,25,0,1278,0,0,7,1,8,745,508,32,1,1286,0,0,0,1286
08/06/2014,PHL,PA,AEA,EN,Combined TRACON& Tower with Radar,740,514,42,2,1298,0,2,12,1,15,740,516,54,3,1313,0,0,0,1313
08/07/2014,PHL,PA,AEA,EN,Combined TRACON& Tower with Radar,741,520,50,0,1311,0,1,4,2,7,741,521,54,2,1318,0,0,0,1318
08/08/2014,PHL,PA,AEA,EN,Combined TRACON& Tower with Radar,730,518,33,0,1281,0,1,9,0,10,730,519,42,0,1291,0,0,0,1291
08/09/2014,PHL,PA,AEA,EN,Combined TRACON& Tower with Radar,634,390,15,2,1041,0,0,7,0,7,634,390,22,2,1048,0,0,0,1048
08/10/2014,PHL,PA,AEA,EN,Combined TRACON& Tower with Radar,660,503,29,0,1192,0,0,13,0,13,660,503,42,0,1205,0,0,0,1205
08/11/2014,PHL,PA,AEA,EN,Combined TRACON& Tower with Radar,702,502,25,1,1230,0,3,13,0,16,702,505,38,1,1246,0,0,0,1246
08/12/2014,PHL,PA,AEA,EN,Combined TRACON& Tower with Radar,715,470,41,0,1226,0,0,5,0,5,715,470,46,0,1231,0,0,0,1231
08/13/2014,PHL,PA,AEA,EN,Combined TRACON& Tower with Radar,732,498,32,0,1262,0,3,14,0,17,732,501,46,0,1279,0,0,0,1279
08/14/2014,PHL,PA,AEA,EN,Combined TRACON& Tower with Radar,738,514,33,0,1285,0,0,10,0,10,738,514,43,0,1295,0,0,0,1295
08/15/2014,PHL,PA,AEA,EN,Combined TRACON& Tower with Radar,726,519,21,0,1266,0,0,21,1,22,726,519,42,1,1288,0,0,0,1288
08/16/2014,PHL,PA,AEA,EN,Combined TRACON& Tower with Radar,610,392,16,0,1018,0,2,15,2,19,610,394,31,2,1037,0,0,0,1037
08/17/2014,PHL,PA,AEA,EN,Combined TRACON& Tower with Radar,658,508,21,0,1187,0,1,10,0,11,658,509,31,0,1198,0,0,0,1198
08/18/2014,PHL,PA,AEA,EN,Combined TRACON& Tower with Radar,697,516,46,1,1260,0,1,28,0,29,697,517,74,1,1289,0,0,0,1289
08/19/2014,PHL,PA,AEA,EN,Combined TRACON& Tower with Radar,724,505,44,0,1273,0,2,14,0,16,724,507,58,0,1289,0,0,0,1289
08/20/2014,PHL,PA,AEA,EN,Combined TRACON& Tower with Radar,723,511,49,2,1285,0,0,5,0,5,723,511,54,2,1290,0,0,0,1290
08/21/2014,PHL,PA,AEA,EN,Combined TRACON& Tower with Radar,722,517,42,0,1281,0,3,6,1,10,722,520,48,1,1291,0,0,0,1291
08/22/2014,PHL,PA,AEA,EN,Combined TRACON& Tower with Radar,722,522,41,0,1285,0,2,4,0,6,722,524,45,0,1291,0,0,0,1291
08/23/2014,PHL,PA,AEA,EN,Combined TRACON& Tower with Radar,593,390,18,1,1002,0,0,0,0,0,593,390,18,1,1002,0,0,0,1002
08/24/2014,PHL,PA,AEA,EN,Combined TRACON& Tower with Radar,656,502,35,0,1193,0,1,8,0,9,656,503,43,0,1202,0,0,0,1202
08/25/2014,PHL,PA,AEA,EN,Combined TRACON& Tower with Radar,677,498,33,0,1208,0,0,2,7,9,677,498,35,7,1217,0,0,0,1217
08/26/2014,PHL,PA,AEA,EN,Combined TRACON& Tower with Radar,717,506,40,0,1263,0,1,4,0,5,717,507,44,0,1268,0,0,0,1268
08/27/2014,PHL,PA,AEA,EN,Combined TRACON& Tower with Radar,723,507,38,0,1268,0,1,15,3,19,723,508,53,3,1287,0,0,0,1287
08/28/2014,PHL,PA,AEA,EN,Combined TRACON& Tower with Radar,736,506,47,0,1289,0,0,26,0,26,736,506,73,0,1315,0,0,0,1315
08/29/2014,PHL,PA,AEA,EN,Combined TRACON& Tower with Radar,720,516,18,0,1254,0,2,12,0,14,720,518,30,0,1268,0,0,0,1268
08/30/2014,PHL,PA,AEA,EN,Combined TRACON& Tower with Radar,590,378,15,0,983,0,2,5,0,7,590,380,20,0,990,0,0,0,990
08/31/2014,PHL,PA,AEA,EN,Combined TRACON& Tower with Radar,537,375,13,2,927,0,0,4,0,4,537,375,17,2,931,0,0,0,931
09/01/2014,PHL,PA,AEA,EN,Combined TRACON& Tower with Radar,601,450,21,0,1072,0,0,2,0,2,601,450,23,0,1074,0,0,0,1074
09/02/2014,PHL,PA,AEA,EN,Combined TRACON& Tower with Radar,670,480,40,0,1190,0,0,8,0,8,670,480,48,0,1198,0,0,0,1198
09/03/2014,PHL,PA,AEA,EN,Combined TRACON& Tower with Radar,686,482,40,1,1209,0,2,8,2,12,686,484,48,3,1221,0,0,0,1221
09/04/2014,PHL,PA,AEA,EN,Combined TRACON& Tower with Radar,680,479,32,0,1191,0,0,14,0,14,680,479,46,0,1205,0,0,0,1205
09/05/2014,PHL,PA,AEA,EN,Combined TRACON& Tower with Radar,681,468,35,0,1184,0,0,7,0,7,681,468,42,0,1191,0,0,0,1191
09/06/2014,PHL,PA,AEA,EN,Combined TRACON& Tower with Radar,537,348,17,0,902,0,0,6,0,6,537,348,23,0,908,0,0,0,908
09/07/2014,PHL,PA,AEA,EN,Combined TRACON& Tower with Radar,621,476,34,0,1131,0,2,4,0,6,621,478,38,0,1137,0,0,0,1137
09/08/2014,PHL,PA,AEA,EN,Combined TRACON& Tower with Radar,670,499,37,0,1206,0,0,7,0,7,670,499,44,0,1213,0,0,0,1213
09/09/2014,PHL,PA,AEA,EN,Combined TRACON& Tower with Radar,682,512,54,0,1248,0,4,5,0,9,682,516,59,0,1257,0,0,0,1257
09/10/2014,PHL,PA,AEA,EN,Combined TRACON& Tower with Radar,686,502,50,0,1238,0,0,10,2,12,686,502,60,2,1250,0,0,0,1250
09/11/2014,PHL,PA,AEA,EN,Combined TRACON& Tower with Radar,696,498,41,1,1236,0,0,16,2,18,696,498,57,3,1254,0,0,0,1254
09/12/2014,PHL,PA,AEA,EN,Combined TRACON& Tower with Radar,696,491,31,0,1218,0,2,16,0,18,696,493,47,0,1236,0,0,0,1236
09/13/2014,PHL,PA,AEA,EN,Combined TRACON& Tower with Radar,547,373,8,1,929,0,0,0,0,0,547,373,8,1,929,0,0,0,929
09/14/2014,PHL,PA,AEA,EN,Combined TRACON& Tower with Radar,639,471,21,1,1132,0,0,11,0,11,639,471,32,1,1143,0,0,0,1143
09/15/2014,PHL,PA,AEA,EN,Combined TRACON& Tower with Radar,668,501,38,1,1208,0,3,6,4,13,668,504,44,5,1221,0,0,0,1221
09/16/2014,PHL,PA,AEA,EN,Combined TRACON& Tower with Radar,683,518,63,1,1265,0,3,8,0,11,683,521,71,1,1276,0,0,0,1276
09/17/2014,PHL,PA,AEA,EN,Combined TRACON& Tower with Radar,683,505,72,1,1261,0,2,15,2,19,683,507,87,3,1280,0,0,0,1280
09/18/2014,PHL,PA,AEA,EN,Combined TRACON& Tower with Radar,702,492,61,2,1257,0,1,19,0,20,702,493,80,2,1277,0,0,0,1277
09/19/2014,PHL,PA,AEA,EN,Combined TRACON& Tower with Radar,697,504,48,0,1249,0,7,25,0,32,697,511,73,0,1281,0,0,0,1281
09/20/2014,PHL,PA,AEA,EN,Combined TRACON& Tower with Radar,556,381,17,0,954,0,0,4,0,4,556,381,21,0,958,0,0,0,958
09/21/2014,PHL,PA,AEA,EN,Combined TRACON& Tower with Radar,635,480,38,0,1153,0,0,2,0,2,635,480,40,0,1155,0,0,0,1155
09/22/2014,PHL,PA,AEA,EN,Combined TRACON& Tower with Radar,667,500,33,0,1200,0,0,9,0,9,667,500,42,0,1209,0,0,0,1209
09/23/2014,PHL,PA,AEA,EN,Combined TRACON& Tower with Radar,690,521,33,0,1244,0,2,2,0,4,690,523,35,0,1248,0,0,0,1248
09/24/2014,PHL,PA,AEA,EN,Combined TRACON& Tower with Radar,683,508,31,1,1223,0,0,14,1,15,683,508,45,2,1238,0,0,0,1238
09/25/2014,PHL,PA,AEA,EN,Combined TRACON& Tower with Radar,673,386,22,2,1083,0,1,0,2,3,673,387,22,4,1086,0,0,0,1086
09/26/2014,PHL,PA,AEA,EN,Combined TRACON& Tower with Radar,671,489,42,2,1204,0,5,17,0,22,671,494,59,2,1226,0,0,0,1226
09/27/2014,PHL,PA,AEA,EN,Combined TRACON& Tower with Radar,539,379,22,0,940,0,0,0,0,0,539,379,22,0,940,0,0,0,940
09/28/2014,PHL,PA,AEA,EN,Combined TRACON& Tower with Radar,620,497,24,0,1141,0,0,1,0,1,620,497,25,0,1142,0,0,0,1142
09/29/2014,PHL,PA,AEA,EN,Combined TRACON& Tower with Radar,660,507,56,0,1223,0,0,33,0,33,660,507,89,0,1256,0,0,0,1256
09/30/2014,PHL,PA,AEA,EN,Combined TRACON& Tower with Radar,684,506,50,4,1244,0,0,7,0,7,684,506,57,4,1251,0,0,0,1251
10/01/2014,PHL,PA,AEA,EN,Combined TRACON& Tower with Radar,687,495,49,0,1231,0,3,13,4,20,687,498,62,4,1251,0,0,0,1251
10/02/2014,PHL,PA,AEA,EN,Combined TRACON& Tower with Radar,678,508,41,0,1227,0,0,9,0,9,678,508,50,0,1236,0,0,0,1236
10/03/2014,PHL,PA,AEA,EN,Combined TRACON& Tower with Radar,697,509,41,0,1247,0,0,11,4,15,697,509,52,4,1262,0,0,0,1262
10/04/2014,PHL,PA,AEA,EN,Combined TRACON& Tower with Radar,551,378,20,0,949,0,0,9,0,9,551,378,29,0,958,0,0,0,958
10/05/2014,PHL,PA,AEA,EN,Combined TRACON& Tower with Radar,637,511,24,0,1172,0,0,2,0,2,637,511,26,0,1174,0,0,0,1174
10/06/2014,PHL,PA,AEA,EN,Combined TRACON& Tower with Radar,655,498,36,0,1189,0,0,2,1,3,655,498,38,1,1192,0,0,0,1192
10/07/2014,PHL,PA,AEA,EN,Combined TRACON& Tower with Radar,683,513,50,0,1246,0,1,2,1,4,683,514,52,1,1250,0,0,0,1250
10/08/2014,PHL,PA,AEA,EN,Combined TRACON& Tower with Radar,695,507,54,0,1256,0,0,9,6,15,695,507,63,6,1271,0,0,0,1271
10/09/2014,PHL,PA,AEA,EN,Combined TRACON& Tower with Radar,701,529,38,2,1270,0,0,11,0,11,701,529,49,2,1281,0,0,0,1281
10/10/2014,PHL,PA,AEA,EN,Combined TRACON& Tower with Radar,682,498,34,0,1214,0,1,7,0,8,682,499,41,0,1222,0,0,0,1222
10/11/2014,PHL,PA,AEA,EN,Combined TRACON& Tower with Radar,553,387,33,0,973,0,0,0,0,0,553,387,33,0,973,0,0,0,973
10/12/2014,PHL,PA,AEA,EN,Combined TRACON& Tower with Radar,622,490,41,0,1153,0,2,11,0,13,622,492,52,0,1166,0,0,0,1166
10/13/2014,PHL,PA,AEA,EN,Combined TRACON& Tower with Radar,641,461,44,0,1146,0,0,8,0,8,641,461,52,0,1154,0,0,0,1154
10/14/2014,PHL,PA,AEA,EN,Combined TRACON& Tower with Radar,685,516,42,0,1243,0,2,2,1,5,685,518,44,1,1248,0,0,0,1248
10/15/2014,PHL,PA,AEA,EN,Combined TRACON& Tower with Radar,682,458,34,2,1176,0,0,6,0,6,682,458,40,2,1182,0,0,0,1182
10/16/2014,PHL,PA,AEA,EN,Combined TRACON& Tower with Radar,694,530,44,0,1268,0,1,5,5,11,694,531,49,5,1279,0,0,0,1279
10/17/2014,PHL,PA,AEA,EN,Combined TRACON& Tower with Radar,687,508,35,0,1230,0,0,13,1,14,687,508,48,1,1244,0,0,0,1244
10/18/2014,PHL,PA,AEA,EN,Combined TRACON& Tower with Radar,560,387,12,0,959,0,0,11,0,11,560,387,23,0,970,0,0,0,970
10/19/2014,PHL,PA,AEA,EN,Combined TRACON& Tower with Radar,625,495,34,1,1155,0,0,4,0,4,625,495,38,1,1159,0,0,0,1159
10/20/2014,PHL,PA,AEA,EN,Combined TRACON& Tower with Radar,654,500,38,1,1193,0,3,5,0,8,654,503,43,1,1201,0,0,0,1201
10/21/2014,PHL,PA,AEA,EN,Combined TRACON& Tower with Radar,685,505,56,0,1246,0,2,13,0,15,685,507,69,0,1261,0,0,0,1261
10/22/2014,PHL,PA,AEA,EN,Combined TRACON& Tower with Radar,656,396,36,0,1088,0,0,0,2,2,656,396,36,2,1090,0,0,0,1090
10/23/2014,PHL,PA,AEA,EN,Combined TRACON& Tower with Radar,691,505,33,0,1229,0,0,0,0,0,691,505,33,0,1229,0,0,0,1229
10/24/2014,PHL,PA,AEA,EN,Combined TRACON& Tower with Radar,696,513,54,0,1263,0,3,24,0,27,696,516,78,0,1290,0,0,0,1290
10/25/2014,PHL,PA,AEA,EN,Combined TRACON& Tower with Radar,551,383,25,0,959,0,2,6,0,8,551,385,31,0,967,0,0,0,967
10/26/2014,PHL,PA,AEA,EN,Combined TRACON& Tower with Radar,624,504,37,0,1165,0,4,14,0,18,624,508,51,0,1183,0,0,0,1183
10/27/2014,PHL,PA,AEA,EN,Combined TRACON& Tower with Radar,651,518,37,2,1208,0,2,3,2,7,651,520,40,4,1215,0,0,0,1215
10/28/2014,PHL,PA,AEA,EN,Combined TRACON& Tower with Radar,668,511,39,1,1219,0,0,6,4,10,668,511,45,5,1229,0,0,0,1229
10/29/2014,PHL,PA,AEA,EN,Combined TRACON& Tower with Radar,683,481,52,0,1216,0,0,7,0,7,683,481,59,0,1223,0,0,0,1223
10/30/2014,PHL,PA,AEA,EN,Combined TRACON& Tower with Radar,683,512,36,0,1231,0,6,6,0,12,683,518,42,0,1243,0,0,0,1243
10/31/2014,PHL,PA,AEA,EN,Combined TRACON& Tower with Radar,573,428,25,1,1027,0,2,3,0,5,573,430,28,1,1032,0,0,0,1032
11/01/2014,PHL,PA,AEA,EN,Combined TRACON& Tower with Radar,522,370,18,1,911,0,0,0,0,0,522,370,18,1,911,0,0,0,911
11/02/2014,PHL,PA,AEA,EN,Combined TRACON& Tower with Radar,604,438,14,2,1058,0,0,11,0,11,604,438,25,2,1069,0,0,0,1069
11/03/2014,PHL,PA,AEA,EN,Combined TRACON& Tower with Radar,649,505,31,0,1185,0,5,15,2,22,649,510,46,2,1207,0,0,0,1207
11/04/2014,PHL,PA,AEA,EN,Combined TRACON& Tower with Radar,674,504,27,0,1205,0,2,7,3,12,674,506,34,3,1217,0,0,0,1217
11/05/2014,PHL,PA,AEA,EN,Combined TRACON& Tower with Radar,693,513,35,0,1241,0,2,9,0,11,693,515,44,0,1252,0,0,0,1252
11/06/2014,PHL,PA,AEA,EN,Combined TRACON& Tower with Radar,688,421,46,1,1156,0,0,2,0,2,688,421,48,1,1158,0,0,0,1158
11/07/2014,PHL,PA,AEA,EN,Combined TRACON& Tower with Radar,688,502,28,0,1218,0,1,2,2,5,688,503,30,2,1223,0,0,0,1223
11/08/2014,PHL,PA,AEA,EN,Combined TRACON& Tower with Radar,576,361,16,0,953,0,0,4,0,4,576,361,20,0,957,0,0,0,957
11/09/2014,PHL,PA,AEA,EN,Combined TRACON& Tower with Radar,631,481,23,0,1135,0,0,10,0,10,631,481,33,0,1145,0,0,0,1145
11/10/2014,PHL,PA,AEA,EN,Combined TRACON& Tower with Radar,662,501,49,0,1212,0,2,16,3,21,662,503,65,3,1233,0,0,0,1233
11/11/2014,PHL,PA,AEA,EN,Combined TRACON& Tower with Radar,691,510,59,0,1260,0,1,5,1,7,691,511,64,1,1267,0,0,0,1267
11/12/2014,PHL,PA,AEA,EN,Combined TRACON& Tower with Radar,690,477,50,0,1217,0,0,2,1,3,690,477,52,1,1220,0,0,0,1220
11/13/2014,PHL,PA,AEA,EN,Combined TRACON& Tower with Radar,699,516,43,0,1258,0,0,9,1,10,699,516,52,1,1268,0,0,0,1268
11/14/2014,PHL,PA,AEA,EN,Combined TRACON& Tower with Radar,693,502,48,0,1243,0,1,13,2,16,693,503,61,2,1259,0,0,0,1259
11/15/2014,PHL,PA,AEA,EN,Combined TRACON& Tower with Radar,573,364,19,2,958,0,4,6,0,10,573,368,25,2,968,0,0,0,968
11/16/2014,PHL,PA,AEA,EN,Combined TRACON& Tower with Radar,643,490,32,0,1165,0,0,0,0,0,643,490,32,0,1165,0,0,0,1165
11/17/2014,PHL,PA,AEA,EN,Combined TRACON& Tower with Radar,612,373,18,2,1005,0,0,0,0,0,612,373,18,2,1005,0,0,0,1005
11/18/2014,PHL,PA,AEA,EN,Combined TRACON& Tower with Radar,693,480,41,0,1214,0,3,0,0,3,693,483,41,0,1217,0,0,0,1217
11/19/2014,PHL,PA,AEA,EN,Combined TRACON& Tower with Radar,680,490,44,0,1214,0,1,11,1,13,680,491,55,1,1227,0,0,0,1227
11/20/2014,PHL,PA,AEA,EN,Combined TRACON& Tower with Radar,694,502,62,0,1258,0,2,5,0,7,694,504,67,0,1265,0,0,0,1265
11/21/2014,PHL,PA,AEA,EN,Combined TRACON& Tower with Radar,687,488,45,1,1221,0,2,5,0,7,687,490,50,1,1228,0,0,0,1228
11/22/2014,PHL,PA,AEA,EN,Combined TRACON& Tower with Radar,572,359,14,0,945,0,2,0,0,2,572,361,14,0,947,0,0,0,947
11/23/2014,PHL,PA,AEA,EN,Combined TRACON& Tower with Radar,608,470,25,1,1104,0,1,4,0,5,608,471,29,1,1109,0,0,0,1109
11/24/2014,PHL,PA,AEA,EN,Combined TRACON& Tower with Radar,617,469,27,0,1113,0,0,3,0,3,617,469,30,0,1116,0,0,0,1116
11/25/2014,PHL,PA,AEA,EN,Combined TRACON& Tower with Radar,689,492,34,0,1215,0,10,11,2,23,689,502,45,2,1238,0,0,0,1238
11/26/2014,PHL,PA,AEA,EN,Combined TRACON& Tower with Radar,677,337,13,0,1027,0,0,0,0,0,677,337,13,0,1027,0,0,0,1027
11/27/2014,PHL,PA,AEA,EN,Combined TRACON& Tower with Radar,312,176,8,0,496,0,0,2,0,2,312,176,10,0,498,0,0,0,498
11/28/2014,PHL,PA,AEA,EN,Combined TRACON& Tower with Radar,345,170,14,0,529,0,2,1,0,3,345,172,15,0,532,0,0,0,532
11/29/2014,PHL,PA,AEA,EN,Combined TRACON& Tower with Radar,618,399,17,0,1034,0,0,0,0,0,618,399,17,0,1034,0,0,0,1034
11/30/2014,PHL,PA,AEA,EN,Combined TRACON& Tower with Radar,661,499,40,0,1200,0,0,7,0,7,661,499,47,0,1207,0,0,0,1207
12/01/2014,PHL,PA,AEA,EN,Combined TRACON& Tower with Radar,682,491,23,0,1196,0,3,3,0,6,682,494,26,0,1202,0,0,0,1202
12/02/2014,PHL,PA,AEA,EN,Combined TRACON& Tower with Radar,669,464,35,0,1168,0,0,1,0,1,669,464,36,0,1169,0,0,0,1169
12/03/2014,PHL,PA,AEA,EN,Combined TRACON& Tower with Radar,661,402,34,0,1097,0,0,0,0,0,661,402,34,0,1097,0,0,0,1097
12/04/2014,PHL,PA,AEA,EN,Combined TRACON& Tower with Radar,680,471,28,0,1179,0,0,0,2,2,680,471,28,2,1181,0,0,0,1181
12/05/2014,PHL,PA,AEA,EN,Combined TRACON& Tower with Radar,659,467,38,0,1164,0,2,6,4,12,659,469,44,4,1176,0,0,0,1176
12/06/2014,PHL,PA,AEA,EN,Combined TRACON& Tower with Radar,522,331,13,0,866,0,0,0,0,0,522,331,13,0,866,0,0,0,866
12/07/2014,PHL,PA,AEA,EN,Combined TRACON& Tower with Radar,566,433,19,2,1020,0,2,4,0,6,566,435,23,2,1026,0,0,0,1026
12/08/2014,PHL,PA,AEA,EN,Combined TRACON& Tower with Radar,615,470,50,0,1135,0,2,3,0,5,615,472,53,0,1140,0,0,0,1140
12/09/2014,PHL,PA,AEA,EN,Combined TRACON& Tower with Radar,654,413,26,0,1093,0,0,0,0,0,654,413,26,0,1093,0,0,0,1093
12/10/2014,PHL,PA,AEA,EN,Combined TRACON& Tower with Radar,679,464,42,1,1186,0,0,3,1,4,679,464,45,2,1190,0,0,0,1190
12/11/2014,PHL,PA,AEA,EN,Combined TRACON& Tower with Radar,667,411,36,0,1114,0,1,0,0,1,667,412,36,0,1115,0,0,0,1115
12/12/2014,PHL,PA,AEA,EN,Combined TRACON& Tower with Radar,663,474,25,2,1164,0,2,6,0,8,663,476,31,2,1172,0,0,0,1172
12/13/2014,PHL,PA,AEA,EN,Combined TRACON& Tower with Radar,528,334,9,0,871,0,0,10,0,10,528,334,19,0,881,0,0,0,881
12/14/2014,PHL,PA,AEA,EN,Combined TRACON& Tower with Radar,563,449,19,0,1031,0,1,4,0,5,563,450,23,0,1036,0,0,0,1036
12/15/2014,PHL,PA,AEA,EN,Combined TRACON& Tower with Radar,639,488,44,0,1171,0,6,7,0,13,639,494,51,0,1184,0,0,0,1184
12/16/2014,PHL,PA,AEA,EN,Combined TRACON& Tower with Radar,694,419,42,2,1157,0,1,0,0,1,694,420,42,2,1158,0,0,0,1158
12/17/2014,PHL,PA,AEA,EN,Combined TRACON& Tower with Radar,716,468,18,0,1202,0,0,7,0,7,716,468,25,0,1209,0,0,0,1209
12/18/2014,PHL,PA,AEA,EN,Combined TRACON& Tower with Radar,739,495,45,0,1279,0,1,4,1,6,739,496,49,1,1285,0,0,0,1285
12/19/2014,PHL,PA,AEA,EN,Combined TRACON& Tower with Radar,733,495,36,0,1264,0,0,12,0,12,733,495,48,0,1276,0,0,0,1276
12/20/2014,PHL,PA,AEA,EN,Combined TRACON& Tower with Radar,628,387,28,0,1043,0,0,8,0,8,628,387,36,0,1051,0,0,0,1051
12/21/2014,PHL,PA,AEA,EN,Combined TRACON& Tower with Radar,679,455,14,0,1148,0,1,2,0,3,679,456,16,0,1151,0,0,0,1151
12/22/2014,PHL,PA,AEA,EN,Combined TRACON& Tower with Radar,708,470,34,0,1212,0,0,5,0,5,708,470,39,0,1217,0,0,0,1217
12/23/2014,PHL,PA,AEA,EN,Combined TRACON& Tower with Radar,730,379,17,1,1127,0,0,0,0,0,730,379,17,1,1127,0,0,0,1127
12/24/2014,PHL,PA,AEA,EN,Combined TRACON& Tower with Radar,595,326,7,1,929,0,0,0,0,0,595,326,7,1,929,0,0,0,929
12/25/2014,PHL,PA,AEA,EN,Combined TRACON& Tower with Radar,412,185,7,0,604,0,0,2,0,2,412,185,9,0,606,0,0,0,606
12/26/2014,PHL,PA,AEA,EN,Combined TRACON& Tower with Radar,621,462,19,0,1102,0,4,4,0,8,621,466,23,0,1110,0,0,0,1110
12/27/2014,PHL,PA,AEA,EN,Combined TRACON& Tower with Radar,594,385,27,0,1006,0,1,6,0,7,594,386,33,0,1013,0,0,0,1013
12/28/2014,PHL,PA,AEA,EN,Combined TRACON& Tower with Radar,616,475,15,0,1106,0,0,0,0,0,616,475,15,0,1106,0,0,0,1106
12/29/2014,PHL,PA,AEA,EN,Combined TRACON& Tower with Radar,648,476,10,0,1134,0,2,5,0,7,648,478,15,0,1141,0,0,0,1141
12/30/2014,PHL,PA,AEA,EN,Combined TRACON& Tower with Radar,697,464,14,0,1175,0,1,2,0,3,697,465,16,0,1178,0,0,0,1178
12/31/2014,PHL,PA,AEA,EN,Combined TRACON& Tower with Radar,555,358,10,0,923,0,2,1,0,3,555,360,11,0,926,0,0,0,926
01/01/2015,PHL,PA,AEA,EN,Combined TRACON& Tower with Radar,465,297,14,0,776,0,0,2,0,2,465,297,16,0,778,0,0,0,778
01/02/2015,PHL,PA,AEA,EN,Combined TRACON& Tower with Radar,654,460,17,0,1131,0,3,1,0,4,654,463,18,0,1135,0,0,0,1135
01/03/2015,PHL,PA,AEA,EN,Combined TRACON& Tower with Radar,602,353,24,0,979,0,0,1,0,1,602,353,25,0,980,0,0,0,980
01/04/2015,PHL,PA,AEA,EN,Combined TRACON& Tower with Radar,609,373,37,0,1019,0,2,2,0,4,609,375,39,0,1023,0,0,0,1023
01/05/2015,PHL,PA,AEA,EN,Combined TRACON& Tower with Radar,628,488,36,0,1152,0,5,7,2,14,628,493,43,2,1166,0,0,0,1166
01/06/2015,PHL,PA,AEA,EN,Combined TRACON& Tower with Radar,575,275,20,0,870,0,0,2,0,2,575,275,22,0,872,0,0,0,872
01/07/2015,PHL,PA,AEA,EN,Combined TRACON& Tower with Radar,650,437,24,0,1111,0,1,6,0,7,650,438,30,0,1118,0,0,0,1118
01/08/2015,PHL,PA,AEA,EN,Combined TRACON& Tower with Radar,666,442,36,2,1146,0,0,4,1,5,666,442,40,3,1151,0,0,0,1151
01/09/2015,PHL,PA,AEA,EN,Combined TRACON& Tower with Radar,649,448,32,0,1129,0,0,4,0,4,649,448,36,0,1133,0,0,0,1133
01/10/2015,PHL,PA,AEA,EN,Combined TRACON& Tower with Radar,581,332,11,1,925,0,1,5,0,6,581,333,16,1,931,0,0,0,931
01/11/2015,PHL,PA,AEA,EN,Combined TRACON& Tower with Radar,599,447,30,0,1076,0,2,15,0,17,599,449,45,0,1093,0,0,0,1093
01/12/2015,PHL,PA,AEA,EN,Combined TRACON& Tower with Radar,601,381,30,0,1012,0,0,0,0,0,601,381,30,0,1012,0,0,0,1012
01/13/2015,PHL,PA,AEA,EN,Combined TRACON& Tower with Radar,658,443,37,0,1138,0,1,5,0,6,658,444,42,0,1144,0,0,0,1144
01/14/2015,PHL,PA,AEA,EN,Combined TRACON& Tower with Radar,659,414,26,0,1099,0,2,4,0,6,659,416,30,0,1105,0,0,0,1105
01/15/2015,PHL,PA,AEA,EN,Combined TRACON& Tower with Radar,669,467,47,0,1183,0,1,5,2,8,669,468,52,2,1191,0,0,0,1191
01/16/2015,PHL,PA,AEA,EN,Combined TRACON& Tower with Radar,668,462,35,0,1165,0,2,5,3,10,668,464,40,3,1175,0,0,0,1175
01/17/2015,PHL,PA,AEA,EN,Combined TRACON& Tower with Radar,568,333,19,0,920,0,3,11,0,14,568,336,30,0,934,0,0,0,934
01/18/2015,PHL,PA,AEA,EN,Combined TRACON& Tower with Radar,556,344,16,0,916,0,0,0,0,0,556,344,16,0,916,0,0,0,916
01/19/2015,PHL,PA,AEA,EN,Combined TRACON& Tower with Radar,640,453,35,0,1128,0,2,6,2,10,640,455,41,2,1138,0,0,0,1138
01/20/2015,PHL,PA,AEA,EN,Combined TRACON& Tower with Radar,646,444,38,2,1130,0,2,6,0,8,646,446,44,2,1138,0,0,0,1138
01/21/2015,PHL,PA,AEA,EN,Combined TRACON& Tower with Radar,645,425,22,0,1092,0,2,0,0,2,645,427,22,0,1094,0,0,0,1094
01/22/2015,PHL,PA,AEA,EN,Combined TRACON& Tower with Radar,663,458,33,1,1155,0,1,6,0,7,663,459,39,1,1162,0,0,0,1162
01/23/2015,PHL,PA,AEA,EN,Combined TRACON& Tower with Radar,646,434,39,0,1119,0,3,6,0,9,646,437,45,0,1128,0,0,0,1128
01/24/2015,PHL,PA,AEA,EN,Combined TRACON& Tower with Radar,552,328,12,0,892,0,2,0,0,2,552,330,12,0,894,0,0,0,894
01/25/2015,PHL,PA,AEA,EN,Combined TRACON& Tower with Radar,593,444,23,0,1060,0,0,5,0,5,593,444,28,0,1065,0,0,0,1065
01/26/2015,PHL,PA,AEA,EN,Combined TRACON& Tower with Radar,390,208,17,2,617,0,0,2,0,2,390,208,19,2,619,0,0,0,619
01/27/2015,PHL,PA,AEA,EN,Combined TRACON& Tower with Radar,129,25,14,0,168,0,2,0,1,3,129,27,14,1,171,0,0,0,171
01/28/2015,PHL,PA,AEA,EN,Combined TRACON& Tower with Radar,594,423,36,1,1054,0,4,9,0,13,594,427,45,1,1067,0,0,0,1067
01/29/2015,PHL,PA,AEA,EN,Combined TRACON& Tower with Radar,672,450,36,1,1159,0,2,14,0,16,672,452,50,1,1175,0,0,0,1175
01/30/2015,PHL,PA,AEA,EN,Combined TRACON& Tower with Radar,665,446,27,3,1141,0,1,12,1,14,665,447,39,4,1155,0,0,0,1155
01/31/2015,PHL,PA,AEA,EN,Combined TRACON& Tower with Radar,570,340,23,0,933,0,0,7,0,7,570,340,30,0,940,0,0,0,940
02/01/2015,PHL,PA,AEA,EN,Combined TRACON& Tower with Radar,520,397,16,1,934,0,0,0,2,2,520,397,16,3,936,0,0,0,936
02/02/2015,PHL,PA,AEA,EN,Combined TRACON& Tower with Radar,558,362,25,0,945,0,0,0,0,0,558,362,25,0,945,0,0,0,945
02/03/2015,PHL,PA,AEA,EN,Combined TRACON& Tower with Radar,618,440,25,0,1083,0,3,3,0,6,618,443,28,0,1089,0,0,0,1089
02/04/2015,PHL,PA,AEA,EN,Combined TRACON& Tower with Radar,658,442,28,0,1128,0,5,7,1,13,658,447,35,1,1141,0,0,0,1141
02/05/2015,PHL,PA,AEA,EN,Combined TRACON& Tower with Radar,673,461,39,0,1173,0,2,2,0,4,673,463,41,0,1177,0,0,0,1177
02/06/2015,PHL,PA,AEA,EN,Combined TRACON& Tower with Radar,670,440,37,0,1147,0,4,8,0,12,670,444,45,0,1159,0,0,0,1159
02/07/2015,PHL,PA,AEA,EN,Combined TRACON& Tower with Radar,565,352,22,0,939,0,0,3,0,3,565,352,25,0,942,0,0,0,942
02/08/2015,PHL,PA,AEA,EN,Combined TRACON& Tower with Radar,585,434,39,0,1058,0,4,2,0,6,585,438,41,0,1064,0,0,0,1064
02/09/2015,PHL,PA,AEA,EN,Combined TRACON& Tower with Radar,567,363,19,0,949,0,0,0,0,0,567,363,19,0,949,0,0,0,949
02/10/2015,PHL,PA,AEA,EN,Combined TRACON& Tower with Radar,646,444,31,0,1121,0,1,4,0,5,646,445,35,0,1126,0,0,0,1126
02/11/2015,PHL,PA,AEA,EN,Combined TRACON& Tower with Radar,653,469,42,0,1164,0,7,13,0,20,653,476,55,0,1184,0,0,0,1184
02/12/2015,PHL,PA,AEA,EN,Combined TRACON& Tower with Radar,682,485,30,2,1199,0,3,5,0,8,682,488,35,2,1207,0,0,0,1207
02/13/2015,PHL,PA,AEA,EN,Combined TRACON& Tower with Radar,671,472,28,0,1171,0,2,7,0,9,671,474,35,0,1180,0,0,0,1180
02/14/2015,PHL,PA,AEA,EN,Combined TRACON& Tower with Radar,551,298,18,0,867,0,2,2,0,4,551,300,20,0,871,0,0,0,871
02/15/2015,PHL,PA,AEA,EN,Combined TRACON& Tower with Radar,506,375,15,0,896,0,3,0,0,3,506,378,15,0,899,0,0,0,899
02/16/2015,PHL,PA,AEA,EN,Combined TRACON& Tower with Radar,601,398,51,0,1050,0,4,6,0,10,601,402,57,0,1060,0,0,0,1060
02/17/2015,PHL,PA,AEA,EN,Combined TRACON& Tower with Radar,584,352,29,0,965,0,2,3,0,5,584,354,32,0,970,0,0,0,970
02/18/2015,PHL,PA,AEA,EN,Combined TRACON& Tower with Radar,667,452,36,0,1155,0,0,7,0,7,667,452,43,0,1162,0,0,0,1162
02/19/2015,PHL,PA,AEA,EN,Combined TRACON& Tower with Radar,694,467,35,0,1196,0,0,4,2,6,694,467,39,2,1202,0,0,0,1202
02/20/2015,PHL,PA,AEA,EN,Combined TRACON& Tower with Radar,665,434,37,0,1136,0,1,6,3,10,665,435,43,3,1146,0,0,0,1146
02/21/2015,PHL,PA,AEA,EN,Combined TRACON& Tower with Radar,429,174,16,0,619,0,0,1,0,1,429,174,17,0,620,0,0,0,620
02/22/2015,PHL,PA,AEA,EN,Combined TRACON& Tower with Radar,501,421,27,0,949,0,1,3,0,4,501,422,30,0,953,0,0,0,953
02/23/2015,PHL,PA,AEA,EN,Combined TRACON& Tower with Radar,626,456,30,0,1112,0,0,1,0,1,626,456,31,0,1113,0,0,0,1113
02/24/2015,PHL,PA,AEA,EN,Combined TRACON& Tower with Radar,661,429,31,0,1121,0,0,5,2,7,661,429,36,2,1128,0,0,0,1128
02/25/2015,PHL,PA,AEA,EN,Combined TRACON& Tower with Radar,649,449,37,0,1135,0,8,4,0,12,649,457,41,0,1147,0,0,0,1147
02/26/2015,PHL,PA,AEA,EN,Combined TRACON& Tower with Radar,662,440,33,0,1135,0,0,3,0,3,662,440,36,0,1138,0,0,0,1138
02/27/2015,PHL,PA,AEA,EN,Combined TRACON& Tower with Radar,669,461,28,0,1158,0,0,4,0,4,669,461,32,0,1162,0,0,0,1162
02/28/2015,PHL,PA,AEA,EN,Combined TRACON& Tower with Radar,564,328,10,0,902,0,1,3,0,4,564,329,13,0,906,0,0,0,906
03/01/2015,PHL,PA,AEA,EN,Combined TRACON& Tower with Radar,388,223,30,0,641,0,0,0,0,0,388,223,30,0,641,0,0,0,641
03/02/2015,PHL,PA,AEA,EN,Combined TRACON& Tower with Radar,569,425,38,0,1032,0,0,3,0,3,569,425,41,0,1035,0,0,0,1035
03/03/2015,PHL,PA,AEA,EN,Combined TRACON& Tower with Radar,567,336,40,0,943,0,0,4,0,4,567,336,44,0,947,0,0,0,947
03/04/2015,PHL,PA,AEA,EN,Combined TRACON& Tower with Radar,611,365,37,0,1013,0,0,2,0,2,611,365,39,0,1015,0,0,0,1015
03/05/2015,PHL,PA,AEA,EN,Combined TRACON& Tower with Radar,307,92,15,0,414,0,0,0,0,0,307,92,15,0,414,0,0,0,414
03/06/2015,PHL,PA,AEA,EN,Combined TRACON& Tower with Radar,674,433,41,0,1148,0,3,12,3,18,674,436,53,3,1166,0,0,0,1166
03/07/2015,PHL,PA,AEA,EN,Combined TRACON& Tower with Radar,581,334,16,0,931,0,3,4,0,7,581,337,20,0,938,0,0,0,938
03/08/2015,PHL,PA,AEA,EN,Combined TRACON& Tower with Radar,611,443,20,0,1074,0,0,2,0,2,611,443,22,0,1076,0,0,0,1076
03/09/2015,PHL,PA,AEA,EN,Combined TRACON& Tower with Radar,652,459,29,0,1140,0,2,7,0,9,652,461,36,0,1149,0,0,0,1149
03/10/2015,PHL,PA,AEA,EN,Combined TRACON& Tower with Radar,661,440,40,0,1141,0,0,0,1,1,661,440,40,1,1142,0,0,0,1142
03/11/2015,PHL,PA,AEA,EN,Combined TRACON& Tower with Radar,687,453,37,0,1177,0,3,8,2,13,687,456,45,2,1190,0,0,0,1190
03/12/2015,PHL,PA,AEA,EN,Combined TRACON& Tower with Radar,701,460,40,0,1201,0,3,7,0,10,701,463,47,0,1211,0,0,0,1211
03/13/2015,PHL,PA,AEA,EN,Combined TRACON& Tower with Radar,678,461,29,0,1168,0,4,0,0,4,678,465,29,0,1172,0,0,0,1172
03/14/2015,PHL,PA,AEA,EN,Combined TRACON& Tower with Radar,607,320,13,0,940,0,0,0,0,0,607,320,13,0,940,0,0,0,940
03/15/2015,PHL,PA,AEA,EN,Combined TRACON& Tower with Radar,628,438,30,1,1097,0,0,1,0,1,628,438,31,1,1098,0,0,0,1098
03/16/2015,PHL,PA,AEA,EN,Combined TRACON& Tower with Radar,659,452,40,1,1152,0,0,13,2,15,659,452,53,3,1167,0,0,0,1167
03/17/2015,PHL,PA,AEA,EN,Combined TRACON& Tower with Radar,688,415,29,0,1132,0,3,6,3,12,688,418,35,3,1144,0,0,0,1144
03/18/2015,PHL,PA,AEA,EN,Combined TRACON& Tower with Radar,679,447,42,0,1168,0,0,6,1,7,679,447,48,1,1175,0,0,0,1175
03/19/2015,PHL,PA,AEA,EN,Combined TRACON& Tower with Radar,696,474,45,0,1215,0,0,30,2,32,696,474,75,2,1247,0,0,0,1247
03/20/2015,PHL,PA,AEA,EN,Combined TRACON& Tower with Radar,594,282,22,1,899,0,0,0,0,0,594,282,22,1,899,0,0,0,899
03/21/2015,PHL,PA,AEA,EN,Combined TRACON& Tower with Radar,597,350,38,0,985,0,1,4,0,5,597,351,42,0,990,0,0,0,990
03/22/2015,PHL,PA,AEA,EN,Combined TRACON& Tower with Radar,629,457,38,0,1124,0,0,9,0,9,629,457,47,0,1133,0,0,0,1133
03/23/2015,PHL,PA,AEA,EN,Combined TRACON& Tower with Radar,639,477,37,0,1153,0,1,13,2,16,639,478,50,2,1169,0,0,0,1169
03/24/2015,PHL,PA,AEA,EN,Combined TRACON& Tower with Radar,673,439,38,0,1150,0,0,13,0,13,673,439,51,0,1163,0,0,0,1163
03/25/2015,PHL,PA,AEA,EN,Combined TRACON& Tower with Radar,676,450,33,0,1159,0,0,5,1,6,676,450,38,1,1165,0,0,0,1165
03/26/2015,PHL,PA,AEA,EN,Combined TRACON& Tower with Radar,684,334,29,0,1047,0,0,0,0,0,684,334,29,0,1047,0,0,0,1047
03/27/2015,PHL,PA,AEA,EN,Combined TRACON& Tower with Radar,692,448,28,0,1168,0,3,3,1,7,692,451,31,1,1175,0,0,0,1175
03/28/2015,PHL,PA,AEA,EN,Combined TRACON& Tower with Radar,598,336,33,0,967,0,2,0,0,2,598,338,33,0,969,0,0,0,969
03/29/2015,PHL,PA,AEA,EN,Combined TRACON& Tower with Radar,635,476,30,0,1141,0,3,9,0,12,635,479,39,0,1153,0,0,0,1153
03/30/2015,PHL,PA,AEA,EN,Combined TRACON& Tower with Radar,648,474,26,0,1148,0,4,10,2,16,648,478,36,2,1164,0,0,0,1164
03/31/2015,PHL,PA,AEA,EN,Combined TRACON& Tower with Radar,685,466,39,0,1190,0,2,5,1,8,685,468,44,1,1198,0,0,0,1198
04/01/2015,PHL,PA,AEA,EN,Combined TRACON& Tower with Radar,681,471,46,0,1198,0,2,9,0,11,681,473,55,0,1209,0,0,0,1209
04/02/2015,PHL,PA,AEA,EN,Combined TRACON& Tower with Radar,708,490,44,0,1242,0,0,8,2,10,708,490,52,2,1252,0,0,0,1252
04/03/2015,PHL,PA,AEA,EN,Combined TRACON& Tower with Radar,652,395,27,2,1076,0,3,2,0,5,652,398,29,2,1081,0,0,0,1081
04/04/2015,PHL,PA,AEA,EN,Combined TRACON& Tower with Radar,560,348,14,0,922,0,0,1,0,1,560,348,15,0,923,0,0,0,923
04/05/2015,PHL,PA,AEA,EN,Combined TRACON& Tower with Radar,612,435,22,0,1069,0,0,5,0,5,612,435,27,0,1074,0,0,0,1074
04/06/2015,PHL,PA,AEA,EN,Combined TRACON& Tower with Radar,649,463,45,0,1157,0,0,12,0,12,649,463,57,0,1169,0,0,0,1169
04/07/2015,PHL,PA,AEA,EN,Combined TRACON& Tower with Radar,673,465,39,0,1177,0,0,3,0,3,673,465,42,0,1180,0,0,0,1180
04/08/2015,PHL,PA,AEA,EN,Combined TRACON& Tower with Radar,667,445,41,2,1155,0,0,0,0,0,667,445,41,2,1155,0,0,0,1155
04/09/2015,PHL,PA,AEA,EN,Combined TRACON& Tower with Radar,691,472,35,0,1198,0,0,0,0,0,691,472,35,0,1198,0,0,0,1198
04/10/2015,PHL,PA,AEA,EN,Combined TRACON& Tower with Radar,664,382,35,0,1081,0,0,0,0,0,664,382,35,0,1081,0,0,0,1081
04/11/2015,PHL,PA,AEA,EN,Combined TRACON& Tower with Radar,584,325,25,0,934,0,3,8,0,11,584,328,33,0,945,0,0,0,945
04/12/2015,PHL,PA,AEA,EN,Combined TRACON& Tower with Radar,620,443,32,0,1095,0,4,14,0,18,620,447,46,0,1113,0,0,0,1113
04/13/2015,PHL,PA,AEA,EN,Combined TRACON& Tower with Radar,655,454,38,0,1147,0,5,21,2,28,655,459,59,2,1175,0,0,0,1175
04/14/2015,PHL,PA,AEA,EN,Combined TRACON& Tower with Radar,697,441,35,0,1173,0,2,6,0,8,697,443,41,0,1181,0,0,0,1181
04/15/2015,PHL,PA,AEA,EN,Combined TRACON& Tower with Radar,696,458,54,4,1212,0,4,40,13,57,696,462,94,17,1269,0,0,0,1269
04/16/2015,PHL,PA,AEA,EN,Combined TRACON& Tower with Radar,708,454,46,0,1208,0,3,29,3,35,708,457,75,3,1243,0,0,0,1243
04/17/2015,PHL,PA,AEA,EN,Combined TRACON& Tower with Radar,693,446,41,0,1180,0,2,7,0,9,693,448,48,0,1189,0,0,0,1189
04/18/2015,PHL,PA,AEA,EN,Combined TRACON& Tower with Radar,592,312,17,0,921,0,2,6,0,8,592,314,23,0,929,0,0,0,929
04/19/2015,PHL,PA,AEA,EN,Combined TRACON& Tower with Radar,625,436,20,0,1081,0,0,22,0,22,625,436,42,0,1103,0,0,0,1103
04/20/2015,PHL,PA,AEA,EN,Combined TRACON& Tower with Radar,674,413,37,1,1125,0,2,0,0,2,674,415,37,1,1127,0,0,0,1127
04/21/2015,PHL,PA,AEA,EN,Combined TRACON& Tower with Radar,705,441,32,0,1178,0,0,12,0,12,705,441,44,0,1190,0,0,0,1190
04/22/2015,PHL,PA,AEA,EN,Combined TRACON& Tower with Radar,692,443,51,2,1188,0,0,9,0,9,692,443,60,2,1197,0,0,0,1197
04/23/2015,PHL,PA,AEA,EN,Combined TRACON& Tower with Radar,712,470,57,0,1239,0,0,12,5,17,712,470,69,5,1256,0,0,0,1256
04/24/2015,PHL,PA,AEA,EN,Combined TRACON& Tower with Radar,697,468,37,1,1203,0,0,6,0,6,697,468,43,1,1209,0,0,0,1209
04/25/2015,PHL,PA,AEA,EN,Combined TRACON& Tower with Radar,589,308,20,0,917,0,0,7,0,7,589,308,27,0,924,0,0,0,924
04/26/2015,PHL,PA,AEA,EN,Combined TRACON& Tower with Radar,637,443,30,0,1110,0,0,9,0,9,637,443,39,0,1119,0,0,0,1119
04/27/2015,PHL,PA,AEA,EN,Combined TRACON& Tower with Radar,669,465,54,0,1188,0,1,6,2,9,669,466,60,2,1197,0,0,0,1197
04/28/2015,PHL,PA,AEA,EN,Combined TRACON& Tower with Radar,681,461,33,0,1175,0,1,23,12,36,681,462,56,12,1211,0,0,0,1211
04/29/2015,PHL,PA,AEA,EN,Combined TRACON& Tower with Radar,686,486,40,0,1212,0,5,16,0,21,686,491,56,0,1233,0,0,0,1233
04/30/2015,PHL,PA,AEA,EN,Combined TRACON& Tower with Radar,711,482,68,0,1261,0,3,6,0,9,711,485,74,0,1270,0,0,0,1270
05/01/2015,PHL,PA,AEA,EN,Combined TRACON& Tower with Radar,693,477,23,2,1195,0,3,3,3,9,693,480,26,5,1204,0,0,0,1204
05/02/2015,PHL,PA,AEA,EN,Combined TRACON& Tower with Radar,588,323,24,0,935,0,0,7,0,7,588,323,31,0,942,0,0,0,942
05/03/2015,PHL,PA,AEA,EN,Combined TRACON& Tower with Radar,616,439,24,0,1079,0,1,8,0,9,616,440,32,0,1088,0,0,0,1088
05/04/2015,PHL,PA,AEA,EN,Combined TRACON& Tower with Radar,661,476,33,0,1170,0,0,12,2,14,661,476,45,2,1184,0,0,0,1184
05/05/2015,PHL,PA,AEA,EN,Combined TRACON& Tower with Radar,686,445,27,0,1158,0,2,11,0,13,686,447,38,0,1171,0,0,0,1171
05/06/2015,PHL,PA,AEA,EN,Combined TRACON& Tower with Radar,702,466,42,0,1210,0,0,11,0,11,702,466,53,0,1221,0,0,0,1221
05/07/2015,PHL,PA,AEA,EN,Combined TRACON& Tower with Radar,724,488,30,0,1242,0,0,6,0,6,724,488,36,0,1248,0,0,0,1248
05/08/2015,PHL,PA,AEA,EN,Combined TRACON& Tower with Radar,731,462,38,0,1231,0,0,18,0,18,731,462,56,0,1249,0,0,0,1249
05/09/2015,PHL,PA,AEA,EN,Combined TRACON& Tower with Radar,607,343,20,0,970,0,0,2,0,2,607,343,22,0,972,0,0,0,972
05/10/2015,PHL,PA,AEA,EN,Combined TRACON& Tower with Radar,634,465,32,0,1131,0,1,4,0,5,634,466,36,0,1136,0,0,0,1136
05/11/2015,PHL,PA,AEA,EN,Combined TRACON& Tower with Radar,690,468,33,2,1193,0,2,6,0,8,690,470,39,2,1201,0,0,0,1201
05/12/2015,PHL,PA,AEA,EN,Combined TRACON& Tower with Radar,715,473,33,1,1222,0,2,6,3,11,715,475,39,4,1233,0,0,0,1233
05/13/2015,PHL,PA,AEA,EN,Combined TRACON& Tower with Radar,724,468,61,1,1254,0,0,4,0,4,724,468,65,1,1258,0,0,0,1258
05/14/2015,PHL,PA,AEA,EN,Combined TRACON& Tower with Radar,731,504,62,0,1297,0,1,17,1,19,731,505,79,1,1316,0,0,0,1316
05/15/2015,PHL,PA,AEA,EN,Combined TRACON& Tower with Radar,717,484,56,0,1257,0,1,15,1,17,717,485,71,1,1274,0,0,0,1274
05/16/2015,PHL,PA,AEA,EN,Combined TRACON& Tower with Radar,602,352,31,0,985,0,0,2,0,2,602,352,33,0,987,0,0,0,987
05/17/2015,PHL,PA,AEA,EN,Combined TRACON& Tower with Radar,648,473,36,1,1158,0,1,6,2,9,648,474,42,3,1167,0,0,0,1167
05/18/2015,PHL,PA,AEA,EN,Combined TRACON& Tower with Radar,638,359,49,7,1053,0,1,17,1,19,638,360,66,8,1072,0,0,0,1072
05/19/2015,PHL,PA,AEA,EN,Combined TRACON& Tower with Radar,725,453,65,2,1245,0,1,3,2,6,725,454,68,4,1251,0,0,0,1251
05/20/2015,PHL,PA,AEA,EN,Combined TRACON& Tower with Radar,722,491,39,0,1252,0,7,5,0,12,722,498,44,0,1264,0,0,0,1264
05/21/2015,PHL,PA,AEA,EN,Combined TRACON& Tower with Radar,733,481,55,0,1269,0,0,3,2,5,733,481,58,2,1274,0,0,0,1274
05/22/2015,PHL,PA,AEA,EN,Combined TRACON& Tower with Radar,723,493,49,0,1265,0,0,17,0,17,723,493,66,0,1282,0,0,0,1282
05/23/2015,PHL,PA,AEA,EN,Combined TRACON& Tower with Radar,592,315,22,0,929,0,4,7,0,11,592,319,29,0,940,0,0,0,940
05/24/2015,PHL,PA,AEA,EN,Combined TRACON& Tower with Radar,554,373,31,1,959,0,0,9,0,9,554,373,40,1,968,0,0,0,968
05/25/2015,PHL,PA,AEA,EN,Combined TRACON& Tower with Radar,645,416,30,1,1092,0,1,9,0,10,645,417,39,1,1102,0,0,0,1102
05/26/2015,PHL,PA,AEA,EN,Combined TRACON& Tower with Radar,672,475,42,0,1189,0,5,8,2,15,672,480,50,2,1204,0,0,0,1204
05/27/2015,PHL,PA,AEA,EN,Combined TRACON& Tower with Radar,681,361,43,2,1087,0,1,4,5,10,681,362,47,7,1097,0,0,0,1097
05/28/2015,PHL,PA,AEA,EN,Combined TRACON& Tower with Radar,739,486,46,0,1271,0,0,12,0,12,739,486,58,0,1283,0,0,0,1283
05/29/2015,PHL,PA,AEA,EN,Combined TRACON& Tower with Radar,715,478,32,4,1229,0,1,12,0,13,715,479,44,4,1242,0,0,0,1242
05/30/2015,PHL,PA,AEA,EN,Combined TRACON& Tower with Radar,604,325,20,0,949,0,2,5,0,7,604,327,25,0,956,0,0,0,956
05/31/2015,PHL,PA,AEA,EN,Combined TRACON& Tower with Radar,647,393,39,1,1080,0,0,9,2,11,647,393,48,3,1091,0,0,0,1091
06/01/2015,PHL,PA,AEA,EN,Combined TRACON& Tower with Radar,655,380,44,1,1080,0,0,0,0,0,655,380,44,1,1080,0,0,0,1080
06/02/2015,PHL,PA,AEA,EN,Combined TRACON& Tower with Radar,707,428,49,0,1184,0,0,0,0,0,707,428,49,0,1184,0,0,0,1184
06/03/2015,PHL,PA,AEA,EN,Combined TRACON& Tower with Radar,722,473,45,0,1240,0,2,2,1,5,722,475,47,1,1245,0,0,0,1245
06/04/2015,PHL,PA,AEA,EN,Combined TRACON& Tower with Radar,727,484,49,0,1260,0,4,19,1,24,727,488,68,1,1284,0,0,0,1284
06/05/2015,PHL,PA,AEA,EN,Combined TRACON& Tower with Radar,743,493,32,2,1270,0,3,6,0,9,743,496,38,2,1279,0,0,0,1279
06/06/2015,PHL,PA,AEA,EN,Combined TRACON& Tower with Radar,635,362,15,1,1013,0,0,1,0,1,635,362,16,1,1014,0,0,0,1014
06/07/2015,PHL,PA,AEA,EN,Combined TRACON& Tower with Radar,664,466,24,0,1154,0,4,15,0,19,664,470,39,0,1173,0,0,0,1173
06/08/2015,PHL,PA,AEA,EN,Combined TRACON& Tower with Radar,655,393,34,0,1082,0,1,7,2,10,655,394,41,2,1092,0,0,0,1092
06/09/2015,PHL,PA,AEA,EN,Combined TRACON& Tower with Radar,759,470,29,0,1258,0,0,9,2,11,759,470,38,2,1269,0,0,0,1269
06/10/2015,PHL,PA,AEA,EN,Combined TRACON& Tower with Radar,742,476,39,0,1257,0,0,6,0,6,742,476,45,0,1263,0,0,0,1263
06/11/2015,PHL,PA,AEA,EN,Combined TRACON& Tower with Radar,744,474,49,2,1269,0,1,6,0,7,744,475,55,2,1276,0,0,0,1276
06/12/2015,PHL,PA,AEA,EN,Combined TRACON& Tower with Radar,716,489,37,0,1242,0,2,8,3,13,716,491,45,3,1255,0,0,0,1255
06/13/2015,PHL,PA,AEA,EN,Combined TRACON& Tower with Radar,652,361,21,0,1034,0,0,6,0,6,652,361,27,0,1040,0,0,0,1040
06/14/2015,PHL,PA,AEA,EN,Combined TRACON& Tower with Radar,627,417,30,0,1074,0,0,5,0,5,627,417,35,0,1079,0,0,0,1079
06/15/2015,PHL,PA,AEA,EN,Combined TRACON& Tower with Radar,729,475,35,0,1239,0,2,6,1,9,729,477,41,1,1248,0,0,0,1248
06/16/2015,PHL,PA,AEA,EN,Combined TRACON& Tower with Radar,747,487,61,2,1297,0,1,4,0,5,747,488,65,2,1302,0,0,0,1302
06/17/2015,PHL,PA,AEA,EN,Combined TRACON& Tower with Radar,727,496,64,0,1287,0,7,11,2,20,727,503,75,2,1307,0,0,0,1307
06/18/2015,PHL,PA,AEA,EN,Combined TRACON& Tower with Radar,721,401,36,0,1158,0,0,0,0,0,721,401,36,0,1158,0,0,0,1158
06/19/2015,PHL,PA,AEA,EN,Combined TRACON& Tower with Radar,734,501,25,0,1260,0,2,11,2,15,734,503,36,2,1275,0,0,0,1275
06/20/2015,PHL,PA,AEA,EN,Combined TRACON& Tower with Radar,648,357,19,0,1024,0,0,2,0,2,648,357,21,0,1026,0,0,0,1026
06/21/2015,PHL,PA,AEA,EN,Combined TRACON& Tower with Radar,674,442,24,0,1140,0,1,6,0,7,674,443,30,0,1147,0,0,0,1147
06/22/2015,PHL,PA,AEA,EN,Combined TRACON& Tower with Radar,705,476,37,0,1218,0,5,17,1,23,705,481,54,1,1241,0,0,0,1241
06/23/2015,PHL,PA,AEA,EN,Combined TRACON& Tower with Radar,673,377,49,1,1100,0,0,8,2,10,673,377,57,3,1110,0,0,0,1110
06/24/2015,PHL,PA,AEA,EN,Combined TRACON& Tower with Radar,748,491,65,0,1304,0,5,17,5,27,748,496,82,5,1331,0,0,0,1331
06/25/2015,PHL,PA,AEA,EN,Combined TRACON& Tower with Radar,739,509,59,0,1307,0,0,6,4,10,739,509,65,4,1317,0,0,0,1317
06/26/2015,PHL,PA,AEA,EN,Combined TRACON& Tower with Radar,729,498,35,0,1262,0,0,8,6,14,729,498,43,6,1276,0,0,0,1276
06/27/2015,PHL,PA,AEA,EN,Combined TRACON& Tower with Radar,621,322,26,1,970,0,0,0,0,0,621,322,26,1,970,0,0,0,970
06/28/2015,PHL,PA,AEA,EN,Combined TRACON& Tower with Radar,678,457,25,0,1160,0,2,3,3,8,678,459,28,3,1168,0,0,0,1168
06/29/2015,PHL,PA,AEA,EN,Combined TRACON& Tower with Radar,707,487,29,0,1223,0,1,10,0,11,707,488,39,0,1234,0,0,0,1234
06/30/2015,PHL,PA,AEA,EN,Combined TRACON& Tower with Radar,694,409,28,0,1131,0,2,13,0,15,694,411,41,0,1146,0,0,0,1146
07/01/2015,PHL,PA,AEA,EN,Combined TRACON& Tower with Radar,739,494,58,0,1291,0,1,4,0,5,739,495,62,0,1296,0,0,0,1296
07/02/2015,PHL,PA,AEA,EN,Combined TRACON& Tower with Radar,742,484,51,0,1277,0,1,23,0,24,742,485,74,0,1301,0,0,0,1301
07/03/2015,PHL,PA,AEA,EN,Combined TRACON& Tower with Radar,686,451,11,0,1148,0,0,6,0,6,686,451,17,0,1154,0,0,0,1154
07/04/2015,PHL,PA,AEA,EN,Combined TRACON& Tower with Radar,574,319,6,0,899,0,0,0,0,0,574,319,6,0,899,0,0,0,899
07/05/2015,PHL,PA,AEA,EN,Combined TRACON& Tower with Radar,650,451,34,0,1135,0,0,7,0,7,650,451,41,0,1142,0,0,0,1142
07/06/2015,PHL,PA,AEA,EN,Combined TRACON& Tower with Radar,701,476,37,0,1214,0,0,2,0,2,701,476,39,0,1216,0,0,0,1216
07/07/2015,PHL,PA,AEA,EN,Combined TRACON& Tower with Radar,743,453,33,0,1229,0,0,3,2,5,743,453,36,2,1234,0,0,0,1234
07/08/2015,PHL,PA,AEA,EN,Combined TRACON& Tower with Radar,732,470,38,0,1240,0,3,4,6,13,732,473,42,6,1253,0,0,0,1253
07/09/2015,PHL,PA,AEA,EN,Combined TRACON& Tower with Radar,729,404,37,0,1170,0,0,5,0,5,729,404,42,0,1175,0,0,0,1175
07/10/2015,PHL,PA,AEA,EN,Combined TRACON& Tower with Radar,736,487,24,1,1248,0,2,15,0,17,736,489,39,1,1265,0,0,0,1265
07/11/2015,PHL,PA,AEA,EN,Combined TRACON& Tower with Radar,648,345,22,2,1017,0,0,5,0,5,648,345,27,2,1022,0,0,0,1022
07/12/2015,PHL,PA,AEA,EN,Combined TRACON& Tower with Radar,676,461,29,1,1167,0,2,7,2,11,676,463,36,3,1178,0,0,0,1178
07/13/2015,PHL,PA,AEA,EN,Combined TRACON& Tower with Radar,701,466,27,1,1195,0,0,12,1,13,701,466,39,2,1208,0,0,0,1208
07/14/2015,PHL,PA,AEA,EN,Combined TRACON& Tower with Radar,723,436,21,1,1181,0,1,18,1,20,723,437,39,2,1201,0,0,0,1201
07/15/2015,PHL,PA,AEA,EN,Combined TRACON& Tower with Radar,732,455,46,2,1235,0,1,4,2,7,732,456,50,4,1242,0,0,0,1242
07/16/2015,PHL,PA,AEA,EN,Combined TRACON& Tower with Radar,749,491,32,0,1272,0,1,12,0,13,749,492,44,0,1285,0,0,0,1285
07/17/2015,PHL,PA,AEA,EN,Combined TRACON& Tower with Radar,723,482,28,0,1233,0,3,8,0,11,723,485,36,0,1244,0,0,0,1244
07/18/2015,PHL,PA,AEA,EN,Combined TRACON& Tower with Radar,623,342,18,0,983,0,3,5,0,8,623,345,23,0,991,0,0,0,991
07/19/2015,PHL,PA,AEA,EN,Combined TRACON& Tower with Radar,667,464,24,0,1155,0,3,2,0,5,667,467,26,0,1160,0,0,0,1160
07/20/2015,PHL,PA,AEA,EN,Combined TRACON& Tower with Radar,703,479,42,2,1226,0,4,13,1,18,703,483,55,3,1244,0,0,0,1244
07/21/2015,PHL,PA,AEA,EN,Combined TRACON& Tower with Radar,746,467,31,1,1245,0,0,14,0,14,746,467,45,1,1259,0,0,0,1259
07/22/2015,PHL,PA,AEA,EN,Combined TRACON& Tower with Radar,742,478,52,0,1272,0,4,13,1,18,742,482,65,1,1290,0,0,0,1290
07/23/2015,PHL,PA,AEA,EN,Combined TRACON& Tower with Radar,734,518,39,0,1291,0,3,3,2,8,734,521,42,2,1299,0,0,0,1299
07/24/2015,PHL,PA,AEA,EN,Combined TRACON& Tower with Radar,724,500,41,0,1265,0,3,7,2,12,724,503,48,2,1277,0,0,0,1277
07/25/2015,PHL,PA,AEA,EN,Combined TRACON& Tower with Radar,646,348,6,0,1000,0,1,11,0,12,646,349,17,0,1012,0,0,0,1012
07/26/2015,PHL,PA,AEA,EN,Combined TRACON& Tower with Radar,675,457,32,0,1164,0,1,21,0,22,675,458,53,0,1186,0,0,0,1186
07/27/2015,PHL,PA,AEA,EN,Combined TRACON& Tower with Radar,692,476,31,0,1199,0,1,23,0,24,692,477,54,0,1223,0,0,0,1223
07/28/2015,PHL,PA,AEA,EN,Combined TRACON& Tower with Radar,729,456,39,0,1224,0,2,9,0,11,729,458,48,0,1235,0,0,0,1235
07/29/2015,PHL,PA,AEA,EN,Combined TRACON& Tower with Radar,736,467,37,0,1240,0,0,10,0,10,736,467,47,0,1250,0,0,0,1250
07/30/2015,PHL,PA,AEA,EN,Combined TRACON& Tower with Radar,717,392,47,0,1156,0,1,5,4,10,717,393,52,4,1166,0,0,0,1166
07/31/2015,PHL,PA,AEA,EN,Combined TRACON& Tower with Radar,720,475,37,0,1232,0,6,3,6,15,720,481,40,6,1247,0,0,0,1247
08/01/2015,PHL,PA,AEA,EN,Combined TRACON& Tower with Radar,640,351,15,0,1006,0,1,5,3,9,640,352,20,3,1015,0,0,0,1015
08/02/2015,PHL,PA,AEA,EN,Combined TRACON& Tower with Radar,672,467,27,0,1166,0,0,7,0,7,672,467,34,0,1173,0,0,0,1173
08/03/2015,PHL,PA,AEA,EN,Combined TRACON& Tower with Radar,712,489,32,2,1235,0,2,6,0,8,712,491,38,2,1243,0,0,0,1243
08/04/2015,PHL,PA,AEA,EN,Combined TRACON& Tower with Radar,747,496,33,0,1276,0,6,7,2,15,747,502,40,2,1291,0,0,0,1291
08/05/2015,PHL,PA,AEA,EN,Combined TRACON& Tower with Radar,748,491,49,0,1288,0,4,9,1,14,748,495,58,1,1302,0,0,0,1302
08/06/2015,PHL,PA,AEA,EN,Combined TRACON& Tower with Radar,750,475,44,0,1269,0,1,1,2,4,750,476,45,2,1273,0,0,0,1273
08/07/2015,PHL,PA,AEA,EN,Combined TRACON& Tower with Radar,727,472,34,0,1233,0,4,14,0,18,727,476,48,0,1251,0,0,0,1251
08/08/2015,PHL,PA,AEA,EN,Combined TRACON& Tower with Radar,647,357,11,0,1015,0,0,6,0,6,647,357,17,0,1021,0,0,0,1021
08/09/2015,PHL,PA,AEA,EN,Combined TRACON& Tower with Radar,674,466,24,0,1164,0,1,11,1,13,674,467,35,1,1177,0,0,0,1177
08/10/2015,PHL,PA,AEA,EN,Combined TRACON& Tower with Radar,695,479,26,1,1201,0,1,12,1,14,695,480,38,2,1215,0,0,0,1215
08/11/2015,PHL,PA,AEA,EN,Combined TRACON& Tower with Radar,728,401,34,0,1163,0,2,4,0,6,728,403,38,0,1169,0,0,0,1169
08/12/2015,PHL,PA,AEA,EN,Combined TRACON& Tower with Radar,749,499,34,0,1282,0,2,18,0,20,749,501,52,0,1302,0,0,0,1302
08/13/2015,PHL,PA,AEA,EN,Combined TRACON& Tower with Radar,737,504,62,0,1303,0,2,5,2,9,737,506,67,2,1312,0,0,0,1312
08/14/2015,PHL,PA,AEA,EN,Combined TRACON& Tower with Radar,725,484,36,0,1245,0,3,27,0,30,725,487,63,0,1275,0,0,0,1275
08/15/2015,PHL,PA,AEA,EN,Combined TRACON& Tower with Radar,614,348,31,0,993,0,1,7,0,8,614,349,38,0,1001,0,0,0,1001
08/16/2015,PHL,PA,AEA,EN,Combined TRACON& Tower with Radar,679,468,38,0,1185,0,0,6,0,6,679,468,44,0,1191,0,0,0,1191
08/17/2015,PHL,PA,AEA,EN,Combined TRACON& Tower with Radar,706,500,43,0,1249,0,2,7,0,9,706,502,50,0,1258,0,0,0,1258
08/18/2015,PHL,PA,AEA,EN,Combined TRACON& Tower with Radar,722,472,29,0,1223,0,0,10,1,11,722,472,39,1,1234,0,0,0,1234
08/19/2015,PHL,PA,AEA,EN,Combined TRACON& Tower with Radar,717,463,51,0,1231,0,1,8,0,9,717,464,59,0,1240,0,0,0,1240
08/20/2015,PHL,PA,AEA,EN,Combined TRACON& Tower with Radar,638,339,46,0,1023,0,0,3,0,3,638,339,49,0,1026,0,0,0,1026
08/21/2015,PHL,PA,AEA,EN,Combined TRACON& Tower with Radar,707,482,45,0,1234,0,4,8,1,13,707,486,53,1,1247,0,0,0,1247
08/22/2015,PHL,PA,AEA,EN,Combined TRACON& Tower with Radar,603,341,23,0,967,0,0,1,0,1,603,341,24,0,968,0,0,0,968
08/23/2015,PHL,PA,AEA,EN,Combined TRACON& Tower with Radar,658,451,22,2,1133,0,1,5,0,6,658,452,27,2,1139,0,0,0,1139
08/24/2015,PHL,PA,AEA,EN,Combined TRACON& Tower with Radar,691,479,34,0,1204,0,3,5,4,12,691,482,39,4,1216,0,0,0,1216
08/25/2015,PHL,PA,AEA,EN,Combined TRACON& Tower with Radar,740,468,38,0,1246,0,0,8,1,9,740,468,46,1,1255,0,0,0,1255
08/26/2015,PHL,PA,AEA,EN,Combined TRACON& Tower with Radar,730,471,32,0,1233,0,0,5,0,5,730,471,37,0,1238,0,0,0,1238
08/27/2015,PHL,PA,AEA,EN,Combined TRACON& Tower with Radar,733,487,40,1,1261,0,1,6,1,8,733,488,46,2,1269,0,0,0,1269
08/28/2015,PHL,PA,AEA,EN,Combined TRACON& Tower with Radar,727,470,24,0,1221,0,4,10,0,14,727,474,34,0,1235,0,0,0,1235
08/29/2015,PHL,PA,AEA,EN,Combined TRACON& Tower with Radar,599,344,13,0,956,0,2,15,0,17,599,346,28,0,973,0,0,0,973
08/30/2015,PHL,PA,AEA,EN,Combined TRACON& Tower with Radar,675,468,24,0,1167,0,1,11,1,13,675,469,35,1,1180,0,0,0,1180
08/31/2015,PHL,PA,AEA,EN,Combined TRACON& Tower with Radar,685,453,31,1,1170,0,1,6,3,10,685,454,37,4,1180,0,0,0,1180
09/01/2015,PHL,PA,AEA,EN,Combined TRACON& Tower with Radar,735,477,36,1,1249,0,1,8,0,9,735,478,44,1,1258,0,0,0,1258
09/02/2015,PHL,PA,AEA,EN,Combined TRACON& Tower with Radar,725,454,27,2,1208,0,5,4,4,13,725,459,31,6,1221,0,0,0,1221
09/03/2015,PHL,PA,AEA,EN,Combined TRACON& Tower with Radar,732,473,33,2,1240,0,5,11,0,16,732,478,44,2,1256,0,0,0,1256
09/04/2015,PHL,PA,AEA,EN,Combined TRACON& Tower with Radar,717,476,28,0,1221,0,0,8,2,10,717,476,36,2,1231,0,0,0,1231
09/05/2015,PHL,PA,AEA,EN,Combined TRACON& Tower with Radar,577,323,17,0,917,0,0,6,0,6,577,323,23,0,923,0,0,0,923
09/06/2015,PHL,PA,AEA,EN,Combined TRACON& Tower with Radar,502,328,22,0,852,0,2,2,0,4,502,330,24,0,856,0,0,0,856
09/07/2015,PHL,PA,AEA,EN,Combined TRACON& Tower with Radar,597,405,25,0,1027,0,1,9,0,10,597,406,34,0,1037,0,0,0,1037
09/08/2015,PHL,PA,AEA,EN,Combined TRACON& Tower with Radar,679,476,46,0,1201,0,0,8,1,9,679,476,54,1,1210,0,0,0,1210
09/09/2015,PHL,PA,AEA,EN,Combined TRACON& Tower with Radar,725,486,28,0,1239,0,6,9,4,19,725,492,37,4,1258,0,0,0,1258
09/10/2015,PHL,PA,AEA,EN,Combined TRACON& Tower with Radar,635,369,27,2,1033,0,0,0,0,0,635,369,27,2,1033,0,0,0,1033
09/11/2015,PHL,PA,AEA,EN,Combined TRACON& Tower with Radar,710,477,28,0,1215,0,0,11,2,13,710,477,39,2,1228,0,0,0,1228
09/12/2015,PHL,PA,AEA,EN,Combined TRACON& Tower with Radar,576,341,20,0,937,0,0,0,0,0,576,341,20,0,937,0,0,0,937
09/13/2015,PHL,PA,AEA,EN,Combined TRACON& Tower with Radar,646,449,20,0,1115,0,0,10,0,10,646,449,30,0,1125,0,0,0,1125
09/14/2015,PHL,PA,AEA,EN,Combined TRACON& Tower with Radar,675,482,36,0,1193,0,0,7,0,7,675,482,43,0,1200,0,0,0,1200
09/15/2015,PHL,PA,AEA,EN,Combined TRACON& Tower with Radar,707,458,34,0,1199,0,0,15,12,27,707,458,49,12,1226,0,0,0,1226
09/16/2015,PHL,PA,AEA,EN,Combined TRACON& Tower with Radar,714,480,49,1,1244,0,4,7,2,13,714,484,56,3,1257,0,0,0,1257
09/17/2015,PHL,PA,AEA,EN,Combined TRACON& Tower with Radar,723,484,50,0,1257,0,1,6,1,8,723,485,56,1,1265,0,0,0,1265
09/18/2015,PHL,PA,AEA,EN,Combined TRACON& Tower with Radar,700,475,47,2,1224,0,0,12,0,12,700,475,59,2,1236,0,0,0,1236
09/19/2015,PHL,PA,AEA,EN,Combined TRACON& Tower with Radar,558,350,23,0,931,0,0,3,0,3,558,350,26,0,934,0,0,0,934
09/20/2015,PHL,PA,AEA,EN,Combined TRACON& Tower with Radar,639,474,55,0,1168,0,1,11,0,12,639,475,66,0,1180,0,0,0,1180
09/21/2015,PHL,PA,AEA,EN,Combined TRACON& Tower with Radar,673,459,24,0,1156,0,2,10,2,14,673,461,34,2,1170,0,0,0,1170
09/22/2015,PHL,PA,AEA,EN,Combined TRACON& Tower with Radar,697,464,38,0,1199,0,0,4,1,5,697,464,42,1,1204,0,0,0,1204
09/23/2015,PHL,PA,AEA,EN,Combined TRACON& Tower with Radar,713,473,28,2,1216,0,1,8,2,11,713,474,36,4,1227,0,0,0,1227
09/24/2015,PHL,PA,AEA,EN,Combined TRACON& Tower with Radar,728,475,32,1,1236,0,0,13,1,14,728,475,45,2,1250,0,0,0,1250
09/25/2015,PHL,PA,AEA,EN,Combined TRACON& Tower with Radar,701,476,17,7,1201,0,3,10,5,18,701,479,27,12,1219,0,0,0,1219
09/26/2015,PHL,PA,AEA,EN,Combined TRACON& Tower with Radar,570,340,4,3,917,0,0,15,6,21,570,340,19,9,938,0,0,0,938
09/27/2015,PHL,PA,AEA,EN,Combined TRACON& Tower with Radar,632,439,9,7,1087,0,0,16,7,23,632,439,25,14,1110,0,0,0,1110
09/28/2015,PHL,PA,AEA,EN,Combined TRACON& Tower with Radar,681,462,22,1,1166,0,0,2,2,4,681,462,24,3,1170,0,0,0,1170
09/29/2015,PHL,PA,AEA,EN,Combined TRACON& Tower with Radar,714,458,38,1,1211,0,2,7,0,9,714,460,45,1,1220,0,0,0,1220
09/30/2015,PHL,PA,AEA,EN,Combined TRACON& Tower with Radar,704,443,39,0,1186,0,0,6,1,7,704,443,45,1,1193,0,0,0,1193
10/01/2015,PHL,PA,AEA,EN,Combined TRACON& Tower with Radar,711,495,33,4,1243,0,5,0,3,8,711,500,33,7,1251,0,0,0,1251
10/02/2015,PHL,PA,AEA,EN,Combined TRACON& Tower with Radar,646,363,20,0,1029,0,0,0,0,0,646,363,20,0,1029,0,0,0,1029
10/03/2015,PHL,PA,AEA,EN,Combined TRACON& Tower with Radar,558,314,12,0,884,0,0,0,0,0,558,314,12,0,884,0,0,0,884
10/04/2015,PHL,PA,AEA,EN,Combined TRACON& Tower with Radar,620,456,21,0,1097,0,0,1,0,1,620,456,22,0,1098,0,0,0,1098
10/05/2015,PHL,PA,AEA,EN,Combined TRACON& Tower with Radar,654,472,38,0,1164,0,2,13,0,15,654,474,51,0,1179,0,0,0,1179
10/06/2015,PHL,PA,AEA,EN,Combined TRACON& Tower with Radar,701,494,51,0,1246,0,1,7,1,9,701,495,58,1,1255,0,0,0,1255
10/07/2015,PHL,PA,AEA,EN,Combined TRACON& Tower with Radar,693,476,36,0,1205,0,0,12,0,12,693,476,48,0,1217,0,0,0,1217
10/08/2015,PHL,PA,AEA,EN,Combined TRACON& Tower with Radar,713,514,46,0,1273,0,1,6,1,8,713,515,52,1,1281,0,0,0,1281
10/09/2015,PHL,PA,AEA,EN,Combined TRACON& Tower with Radar,658,413,38,0,1109,0,0,4,1,5,658,413,42,1,1114,0,0,0,1114
10/10/2015,PHL,PA,AEA,EN,Combined TRACON& Tower with Radar,573,330,21,0,924,0,1,13,0,14,573,331,34,0,938,0,0,0,938
10/11/2015,PHL,PA,AEA,EN,Combined TRACON& Tower with Radar,636,441,47,1,1125,0,0,14,0,14,636,441,61,1,1139,0,0,0,1139
10/12/2015,PHL,PA,AEA,EN,Combined TRACON& Tower with Radar,664,487,46,1,1198,0,2,5,0,7,664,489,51,1,1205,0,0,0,1205
10/13/2015,PHL,PA,AEA,EN,Combined TRACON& Tower with Radar,695,484,46,0,1225,0,0,9,0,9,695,484,55,0,1234,0,0,0,1234
10/14/2015,PHL,PA,AEA,EN,Combined TRACON& Tower with Radar,698,472,49,0,1219,0,0,6,0,6,698,472,55,0,1225,0,0,0,1225
10/15/2015,PHL,PA,AEA,EN,Combined TRACON& Tower with Radar,708,479,49,0,1236,0,4,15,3,22,708,483,64,3,1258,0,0,0,1258
10/16/2015,PHL,PA,AEA,EN,Combined TRACON& Tower with Radar,691,491,37,0,1219,0,2,10,0,12,691,493,47,0,1231,0,0,0,1231
10/17/2015,PHL,PA,AEA,EN,Combined TRACON& Tower with Radar,538,282,26,0,846,0,0,4,0,4,538,282,30,0,850,0,0,0,850
10/18/2015,PHL,PA,AEA,EN,Combined TRACON& Tower with Radar,614,469,51,0,1134,0,0,14,0,14,614,469,65,0,1148,0,0,0,1148
10/19/2015,PHL,PA,AEA,EN,Combined TRACON& Tower with Radar,662,487,69,0,1218,0,5,21,1,27,662,492,90,1,1245,0,0,0,1245
10/20/2015,PHL,PA,AEA,EN,Combined TRACON& Tower with Radar,693,473,69,0,1235,0,0,7,1,8,693,473,76,1,1243,0,0,0,1243
10/21/2015,PHL,PA,AEA,EN,Combined TRACON& Tower with Radar,700,470,52,0,1222,0,3,3,0,6,700,473,55,0,1228,0,0,0,1228
10/22/2015,PHL,PA,AEA,EN,Combined TRACON& Tower with Radar,711,481,44,0,1236,0,0,9,0,9,711,481,53,0,1245,0,0,0,1245
10/23/2015,PHL,PA,AEA,EN,Combined TRACON& Tower with Radar,686,488,38,0,1212,0,2,7,0,9,686,490,45,0,1221,0,0,0,1221
10/24/2015,PHL,PA,AEA,EN,Combined TRACON& Tower with Radar,570,316,15,1,902,0,0,13,0,13,570,316,28,1,915,0,0,0,915
10/25/2015,PHL,PA,AEA,EN,Combined TRACON& Tower with Radar,622,459,41,1,1123,0,0,4,0,4,622,459,45,1,1127,0,0,0,1127
10/26/2015,PHL,PA,AEA,EN,Combined TRACON& Tower with Radar,666,471,25,2,1164,0,2,13,1,16,666,473,38,3,1180,0,0,0,1180
10/27/2015,PHL,PA,AEA,EN,Combined TRACON& Tower with Radar,693,464,31,0,1188,0,0,8,0,8,693,464,39,0,1196,0,0,0,1196
10/28/2015,PHL,PA,AEA,EN,Combined TRACON& Tower with Radar,663,405,33,0,1101,0,0,0,0,0,663,405,33,0,1101,0,0,0,1101
10/29/2015,PHL,PA,AEA,EN,Combined TRACON& Tower with Radar,719,492,43,2,1256,0,3,9,0,12,719,495,52,2,1268,0,0,0,1268
10/30/2015,PHL,PA,AEA,EN,Combined TRACON& Tower with Radar,692,489,34,0,1215,0,3,12,0,15,692,492,46,0,1230,0,0,0,1230
10/31/2015,PHL,PA,AEA,EN,Combined TRACON& Tower with Radar,504,266,20,0,790,0,2,9,0,11,504,268,29,0,801,0,0,0,801
11/01/2015,PHL,PA,AEA,EN,Combined TRACON& Tower with Radar,615,448,15,0,1078,0,0,2,0,2,615,448,17,0,1080,0,0,0,1080
11/02/2015,PHL,PA,AEA,EN,Combined TRACON& Tower with Radar,648,488,30,0,1166,0,2,0,0,2,648,490,30,0,1168,0,0,0,1168
11/03/2015,PHL,PA,AEA,EN,Combined TRACON& Tower with Radar,687,486,40,0,1213,0,0,3,2,5,687,486,43,2,1218,0,0,0,1218
11/04/2015,PHL,PA,AEA,EN,Combined TRACON& Tower with Radar,690,484,46,0,1220,0,2,13,2,17,690,486,59,2,1237,0,0,0,1237
11/05/2015,PHL,PA,AEA,EN,Combined TRACON& Tower with Radar,714,496,43,0,1253,0,0,2,0,2,714,496,45,0,1255,0,0,0,1255
11/06/2015,PHL,PA,AEA,EN,Combined TRACON& Tower with Radar,697,472,27,0,1196,0,2,5,0,7,697,474,32,0,1203,0,0,0,1203
11/07/2015,PHL,PA,AEA,EN,Combined TRACON& Tower with Radar,594,308,29,0,931,0,0,1,0,1,594,308,30,0,932,0,0,0,932
11/08/2015,PHL,PA,AEA,EN,Combined TRACON& Tower with Radar,651,464,40,0,1155,0,0,10,0,10,651,464,50,0,1165,0,0,0,1165
11/09/2015,PHL,PA,AEA,EN,Combined TRACON& Tower with Radar,671,492,23,0,1186,0,1,4,0,5,671,493,27,0,1191,0,0,0,1191
11/10/2015,PHL,PA,AEA,EN,Combined TRACON& Tower with Radar,664,387,35,0,1086,0,0,0,0,0,664,387,35,0,1086,0,0,0,1086
11/11/2015,PHL,PA,AEA,EN,Combined TRACON& Tower with Radar,717,474,30,0,1221,0,4,2,2,8,717,478,32,2,1229,0,0,0,1229
11/12/2015,PHL,PA,AEA,EN,Combined TRACON& Tower with Radar,707,486,50,0,1243,0,0,4,0,4,707,486,54,0,1247,0,0,0,1247
11/13/2015,PHL,PA,AEA,EN,Combined TRACON& Tower with Radar,692,491,26,0,1209,0,0,6,1,7,692,491,32,1,1216,0,0,0,1216
11/14/2015,PHL,PA,AEA,EN,Combined TRACON& Tower with Radar,596,321,16,0,933,0,1,1,0,2,596,322,17,0,935,0,0,0,935
11/15/2015,PHL,PA,AEA,EN,Combined TRACON& Tower with Radar,651,453,32,0,1136,0,1,9,0,10,651,454,41,0,1146,0,0,0,1146
11/16/2015,PHL,PA,AEA,EN,Combined TRACON& Tower with Radar,660,481,42,0,1183,0,0,3,0,3,660,481,45,0,1186,0,0,0,1186
11/17/2015,PHL,PA,AEA,EN,Combined TRACON& Tower with Radar,694,478,27,1,1200,0,4,3,2,9,694,482,30,3,1209,0,0,0,1209
11/18/2015,PHL,PA,AEA,EN,Combined TRACON& Tower with Radar,699,483,37,0,1219,0,0,8,3,11,699,483,45,3,1230,0,0,0,1230
11/19/2015,PHL,PA,AEA,EN,Combined TRACON& Tower with Radar,704,452,41,1,1198,0,0,3,0,3,704,452,44,1,1201,0,0,0,1201
11/20/2015,PHL,PA,AEA,EN,Combined TRACON& Tower with Radar,708,488,38,0,1234,0,0,11,1,12,708,488,49,1,1246,0,0,0,1246
11/21/2015,PHL,PA,AEA,EN,Combined TRACON& Tower with Radar,596,309,14,2,921,0,1,1,1,3,596,310,15,3,924,0,0,0,924
11/22/2015,PHL,PA,AEA,EN,Combined TRACON& Tower with Radar,627,434,32,1,1094,0,0,8,1,9,627,434,40,2,1103,0,0,0,1103
11/23/2015,PHL,PA,AEA,EN,Combined TRACON& Tower with Radar,607,387,25,1,1020,0,2,11,0,13,607,389,36,1,1033,0,0,0,1033
11/24/2015,PHL,PA,AEA,EN,Combined TRACON& Tower with Radar,706,471,33,0,1210,0,0,13,2,15,706,471,46,2,1225,0,0,0,1225
11/25/2015,PHL,PA,AEA,EN,Combined TRACON& Tower with Radar,681,455,23,0,1159,0,4,12,2,18,681,459,35,2,1177,0,0,0,1177
11/26/2015,PHL,PA,AEA,EN,Combined TRACON& Tower with Radar,342,184,7,0,533,0,1,1,0,2,342,185,8,0,535,0,0,0,535
11/27/2015,PHL,PA,AEA,EN,Combined TRACON& Tower with Radar,375,178,12,0,565,0,0,2,0,2,375,178,14,0,567,0,0,0,567
11/28/2015,PHL,PA,AEA,EN,Combined TRACON& Tower with Radar,638,326,19,0,983,0,1,3,0,4,638,327,22,0,987,0,0,0,987
11/29/2015,PHL,PA,AEA,EN,Combined TRACON& Tower with Radar,674,460,40,0,1174,0,0,4,0,4,674,460,44,0,1178,0,0,0,1178
11/30/2015,PHL,PA,AEA,EN,Combined TRACON& Tower with Radar,693,486,51,0,1230,0,2,5,0,7,693,488,56,0,1237,0,0,0,1237
12/01/2015,PHL,PA,AEA,EN,Combined TRACON& Tower with Radar,674,427,25,0,1126,0,0,0,0,0,674,427,25,0,1126,0,0,0,1126
12/02/2015,PHL,PA,AEA,EN,Combined TRACON& Tower with Radar,662,392,32,0,1086,0,0,0,0,0,662,392,32,0,1086,0,0,0,1086
12/03/2015,PHL,PA,AEA,EN,Combined TRACON& Tower with Radar,694,479,37,0,1210,0,2,6,7,15,694,481,43,7,1225,0,0,0,1225
12/04/2015,PHL,PA,AEA,EN,Combined TRACON& Tower with Radar,682,467,40,0,1189,0,0,11,0,11,682,467,51,0,1200,0,0,0,1200
12/05/2015,PHL,PA,AEA,EN,Combined TRACON& Tower with Radar,547,318,18,1,884,0,0,2,0,2,547,318,20,1,886,0,0,0,886
12/06/2015,PHL,PA,AEA,EN,Combined TRACON& Tower with Radar,581,373,22,0,976,0,1,11,0,12,581,374,33,0,988,0,0,0,988
12/07/2015,PHL,PA,AEA,EN,Combined TRACON& Tower with Radar,634,457,48,0,1139,0,1,6,0,7,634,458,54,0,1146,0,0,0,1146
12/08/2015,PHL,PA,AEA,EN,Combined TRACON& Tower with Radar,693,475,32,0,1200,0,1,5,2,8,693,476,37,2,1208,0,0,0,1208
12/09/2015,PHL,PA,AEA,EN,Combined TRACON& Tower with Radar,703,467,47,0,1217,0,0,2,0,2,703,467,49,0,1219,0,0,0,1219
12/10/2015,PHL,PA,AEA,EN,Combined TRACON& Tower with Radar,706,467,50,3,1226,0,0,10,10,20,706,467,60,13,1246,0,0,0,1246
12/11/2015,PHL,PA,AEA,EN,Combined TRACON& Tower with Radar,660,481,32,5,1178,0,2,13,4,19,660,483,45,9,1197,0,0,0,1197
12/12/2015,PHL,PA,AEA,EN,Combined TRACON& Tower with Radar,551,326,25,3,905,0,2,16,6,24,551,328,41,9,929,0,0,0,929
12/13/2015,PHL,PA,AEA,EN,Combined TRACON& Tower with Radar,576,404,35,5,1020,0,0,7,1,8,576,404,42,6,1028,0,0,0,1028
12/14/2015,PHL,PA,AEA,EN,Combined TRACON& Tower with Radar,636,414,49,0,1099,0,0,0,0,0,636,414,49,0,1099,0,0,0,1099
12/15/2015,PHL,PA,AEA,EN,Combined TRACON& Tower with Radar,718,473,32,0,1223,0,3,7,7,17,718,476,39,7,1240,0,0,0,1240
12/16/2015,PHL,PA,AEA,EN,Combined TRACON& Tower with Radar,731,474,31,0,1236,0,3,11,0,14,731,477,42,0,1250,0,0,0,1250
12/17/2015,PHL,PA,AEA,EN,Combined TRACON& Tower with Radar,755,407,23,1,1186,0,0,1,0,1,755,407,24,1,1187,0,0,0,1187
12/18/2015,PHL,PA,AEA,EN,Combined TRACON& Tower with Radar,738,466,35,0,1239,0,3,9,1,13,738,469,44,1,1252,0,0,0,1252
12/19/2015,PHL,PA,AEA,EN,Combined TRACON& Tower with Radar,626,310,19,0,955,0,0,4,0,4,626,310,23,0,959,0,0,0,959
12/20/2015,PHL,PA,AEA,EN,Combined TRACON& Tower with Radar,661,407,15,0,1083,0,0,9,0,9,661,407,24,0,1092,0,0,0,1092
12/21/2015,PHL,PA,AEA,EN,Combined TRACON& Tower with Radar,673,449,28,0,1150,0,4,2,1,7,673,453,30,1,1157,0,0,0,1157
12/22/2015,PHL,PA,AEA,EN,Combined TRACON& Tower with Radar,724,389,9,0,1122,0,0,0,0,0,724,389,9,0,1122,0,0,0,1122
12/23/2015,PHL,PA,AEA,EN,Combined TRACON& Tower with Radar,763,369,19,0,1151,0,0,0,0,0,763,369,19,0,1151,0,0,0,1151
12/24/2015,PHL,PA,AEA,EN,Combined TRACON& Tower with Radar,597,349,10,0,956,0,2,6,0,8,597,351,16,0,964,0,0,0,964
12/25/2015,PHL,PA,AEA,EN,Combined TRACON& Tower with Radar,415,212,4,0,631,0,0,0,0,0,415,212,4,0,631,0,0,0,631
12/26/2015,PHL,PA,AEA,EN,Combined TRACON& Tower with Radar,562,334,26,0,922,0,0,4,0,4,562,334,30,0,926,0,0,0,926
12/27/2015,PHL,PA,AEA,EN,Combined TRACON& Tower with Radar,589,370,30,0,989,0,0,1,0,1,589,370,31,0,990,0,0,0,990
12/28/2015,PHL,PA,AEA,EN,Combined TRACON& Tower with Radar,575,421,19,0,1015,0,2,3,0,5,575,423,22,0,1020,0,0,0,1020
12/29/2015,PHL,PA,AEA,EN,Combined TRACON& Tower with Radar,632,389,12,0,1033,0,0,0,0,0,632,389,12,0,1033,0,0,0,1033
12/30/2015,PHL,PA,AEA,EN,Combined TRACON& Tower with Radar,659,427,12,0,1098,0,0,2,0,2,659,427,14,0,1100,0,0,0,1100
12/31/2015,PHL,PA,AEA,EN,Combined TRACON& Tower with Radar,515,363,9,0,887,0,4,4,0,8,515,367,13,0,895,0,0,0,895
01/01/2016,PHL,PA,AEA,EN,Combined TRACON& Tower with Radar,447,310,14,0,771,0,0,2,0,2,447,310,16,0,773,0,0,0,773
01/02/2016,PHL,PA,AEA,EN,Combined TRACON& Tower with Radar,591,310,21,0,922,0,2,6,0,8,591,312,27,0,930,0,0,0,930
01/03/2016,PHL,PA,AEA,EN,Combined TRACON& Tower with Radar,632,417,23,0,1072,0,0,6,0,6,632,417,29,0,1078,0,0,0,1078
01/04/2016,PHL,PA,AEA,EN,Combined TRACON& Tower with Radar,645,448,21,0,1114,0,2,5,0,7,645,450,26,0,1121,0,0,0,1121
01/05/2016,PHL,PA,AEA,EN,Combined TRACON& Tower with Radar,644,432,21,0,1097,0,2,6,0,8,644,434,27,0,1105,0,0,0,1105
01/06/2016,PHL,PA,AEA,EN,Combined TRACON& Tower with Radar,658,430,30,0,1118,0,0,12,0,12,658,430,42,0,1130,0,0,0,1130
01/07/2016,PHL,PA,AEA,EN,Combined TRACON& Tower with Radar,640,429,19,0,1088,0,3,8,0,11,640,432,27,0,1099,0,0,0,1099
01/08/2016,PHL,PA,AEA,EN,Combined TRACON& Tower with Radar,614,432,18,0,1064,0,2,4,3,9,614,434,22,3,1073,0,0,0,1073
01/09/2016,PHL,PA,AEA,EN,Combined TRACON& Tower with Radar,539,318,20,0,877,0,0,2,0,2,539,318,22,0,879,0,0,0,879
01/10/2016,PHL,PA,AEA,EN,Combined TRACON& Tower with Radar,571,385,18,0,974,0,0,0,0,0,571,385,18,0,974,0,0,0,974
01/11/2016,PHL,PA,AEA,EN,Combined TRACON& Tower with Radar,592,438,24,0,1054,0,4,8,0,12,592,442,32,0,1066,0,0,0,1066
01/12/2016,PHL,PA,AEA,EN,Combined TRACON& Tower with Radar,606,425,20,0,1051,0,0,6,0,6,606,425,26,0,1057,0,0,0,1057
01/13/2016,PHL,PA,AEA,EN,Combined TRACON& Tower with Radar,614,426,47,0,1087,0,0,7,4,11,614,426,54,4,1098,0,0,0,1098
01/14/2016,PHL,PA,AEA,EN,Combined TRACON& Tower with Radar,625,450,43,0,1118,0,0,8,1,9,625,450,51,1,1127,0,0,0,1127
01/15/2016,PHL,PA,AEA,EN,Combined TRACON& Tower with Radar,604,449,37,0,1090,0,1,19,0,20,604,450,56,0,1110,0,0,0,1110
01/16/2016,PHL,PA,AEA,EN,Combined TRACON& Tower with Radar,541,316,11,0,868,0,0,3,0,3,541,316,14,0,871,0,0,0,871
01/17/2016,PHL,PA,AEA,EN,Combined TRACON& Tower with Radar,547,362,22,0,931,0,2,1,0,3,547,364,23,0,934,0,0,0,934
01/18/2016,PHL,PA,AEA,EN,Combined TRACON& Tower with Radar,575,451,39,0,1065,0,0,4,0,4,575,451,43,0,1069,0,0,0,1069
01/19/2016,PHL,PA,AEA,EN,Combined TRACON& Tower with Radar,601,439,24,0,1064,0,0,4,2,6,601,439,28,2,1070,0,0,0,1070
01/20/2016,PHL,PA,AEA,EN,Combined TRACON& Tower with Radar,610,422,21,0,1053,0,4,2,1,7,610,426,23,1,1060,0,0,0,1060
01/21/2016,PHL,PA,AEA,EN,Combined TRACON& Tower with Radar,616,475,41,1,1133,0,3,14,1,18,616,478,55,2,1151,0,0,0,1151
01/22/2016,PHL,PA,AEA,EN,Combined TRACON& Tower with Radar,495,235,33,0,763,0,2,10,2,14,495,237,43,2,777,0,0,0,777
01/23/2016,PHL,PA,AEA,EN,Combined TRACON& Tower with Radar,1,0,2,0,3,0,0,0,0,0,1,0,2,0,3,0,0,0,3
01/24/2016,PHL,PA,AEA,EN,Combined TRACON& Tower with Radar,185,134,12,0,331,0,0,2,2,4,185,134,14,2,335,0,0,0,335
01/25/2016,PHL,PA,AEA,EN,Combined TRACON& Tower with Radar,519,379,47,0,945,0,2,10,2,14,519,381,57,2,959,0,0,0,959
01/26/2016,PHL,PA,AEA,EN,Combined TRACON& Tower with Radar,605,429,23,0,1057,0,1,4,0,5,605,430,27,0,1062,0,0,0,1062
01/27/2016,PHL,PA,AEA,EN,Combined TRACON& Tower with Radar,604,431,44,0,1079,0,0,8,1,9,604,431,52,1,1088,0,0,0,1088
01/28/2016,PHL,PA,AEA,EN,Combined TRACON& Tower with Radar,617,446,30,0,1093,0,0,8,1,9,617,446,38,1,1102,0,0,0,1102
01/29/2016,PHL,PA,AEA,EN,Combined TRACON& Tower with Radar,607,445,28,0,1080,0,0,2,0,2,607,445,30,0,1082,0,0,0,1082
01/30/2016,PHL,PA,AEA,EN,Combined TRACON& Tower with Radar,537,319,12,0,868,0,0,6,0,6,537,319,18,0,874,0,0,0,874
01/31/2016,PHL,PA,AEA,EN,Combined TRACON& Tower with Radar,546,419,30,1,996,0,0,11,0,11,546,419,41,1,1007,0,0,0,1007
02/01/2016,PHL,PA,AEA,EN,Combined TRACON& Tower with Radar,575,447,35,0,1057,0,4,4,0,8,575,451,39,0,1065,0,0,0,1065
02/02/2016,PHL,PA,AEA,EN,Combined TRACON& Tower with Radar,588,442,27,0,1057,0,2,12,2,16,588,444,39,2,1073,0,0,0,1073
02/03/2016,PHL,PA,AEA,EN,Combined TRACON& Tower with Radar,609,421,28,0,1058,0,0,0,0,0,609,421,28,0,1058,0,0,0,1058
02/04/2016,PHL,PA,AEA,EN,Combined TRACON& Tower with Radar,628,450,43,2,1123,0,3,4,2,9,628,453,47,4,1132,0,0,0,1132
02/05/2016,PHL,PA,AEA,EN,Combined TRACON& Tower with Radar,589,403,24,0,1016,0,1,6,0,7,589,404,30,0,1023,0,0,0,1023
02/06/2016,PHL,PA,AEA,EN,Combined TRACON& Tower with Radar,538,322,19,0,879,0,0,6,0,6,538,322,25,0,885,0,0,0,885
02/07/2016,PHL,PA,AEA,EN,Combined TRACON& Tower with Radar,536,401,21,0,958,0,1,15,0,16,536,402,36,0,974,0,0,0,974
02/08/2016,PHL,PA,AEA,EN,Combined TRACON& Tower with Radar,556,425,21,0,1002,0,2,19,0,21,556,427,40,0,1023,0,0,0,1023
02/09/2016,PHL,PA,AEA,EN,Combined TRACON& Tower with Radar,600,365,35,0,1000,0,0,0,0,0,600,365,35,0,1000,0,0,0,1000
02/10/2016,PHL,PA,AEA,EN,Combined TRACON& Tower with Radar,615,433,43,0,1091,0,6,2,0,8,615,439,45,0,1099,0,0,0,1099
02/11/2016,PHL,PA,AEA,EN,Combined TRACON& Tower with Radar,645,478,26,1,1150,0,0,3,3,6,645,478,29,4,1156,0,0,0,1156
02/12/2016,PHL,PA,AEA,EN,Combined TRACON& Tower with Radar,625,457,40,2,1124,0,1,14,0,15,625,458,54,2,1139,0,0,0,1139
02/13/2016,PHL,PA,AEA,EN,Combined TRACON& Tower with Radar,539,319,15,0,873,0,0,1,0,1,539,319,16,0,874,0,0,0,874
02/14/2016,PHL,PA,AEA,EN,Combined TRACON& Tower with Radar,538,377,17,0,932,0,1,5,0,6,538,378,22,0,938,0,0,0,938
02/15/2016,PHL,PA,AEA,EN,Combined TRACON& Tower with Radar,504,259,30,0,793,0,0,2,0,2,504,259,32,0,795,0,0,0,795
02/16/2016,PHL,PA,AEA,EN,Combined TRACON& Tower with Radar,599,336,40,0,975,0,0,0,0,0,599,336,40,0,975,0,0,0,975
02/17/2016,PHL,PA,AEA,EN,Combined TRACON& Tower with Radar,638,451,25,2,1116,0,4,10,0,14,638,455,35,2,1130,0,0,0,1130
02/18/2016,PHL,PA,AEA,EN,Combined TRACON& Tower with Radar,645,440,33,0,1118,0,1,8,2,11,645,441,41,2,1129,0,0,0,1129
02/19/2016,PHL,PA,AEA,EN,Combined TRACON& Tower with Radar,617,442,38,0,1097,0,2,17,5,24,617,444,55,5,1121,0,0,0,1121
02/20/2016,PHL,PA,AEA,EN,Combined TRACON& Tower with Radar,544,332,29,0,905,0,2,10,0,12,544,334,39,0,917,0,0,0,917
02/21/2016,PHL,PA,AEA,EN,Combined TRACON& Tower with Radar,561,404,20,0,985,0,1,5,1,7,561,405,25,1,992,0,0,0,992
02/22/2016,PHL,PA,AEA,EN,Combined TRACON& Tower with Radar,602,440,38,2,1082,0,1,4,0,5,602,441,42,2,1087,0,0,0,1087
02/23/2016,PHL,PA,AEA,EN,Combined TRACON& Tower with Radar,621,431,31,0,1083,0,0,2,0,2,621,431,33,0,1085,0,0,0,1085
02/24/2016,PHL,PA,AEA,EN,Combined TRACON& Tower with Radar,517,323,28,0,868,0,0,0,0,0,517,323,28,0,868,0,0,0,868
02/25/2016,PHL,PA,AEA,EN,Combined TRACON& Tower with Radar,664,405,44,0,1113,0,2,4,0,6,664,407,48,0,1119,0,0,0,1119
02/26/2016,PHL,PA,AEA,EN,Combined TRACON& Tower with Radar,635,458,23,2,1118,0,6,0,3,9,635,464,23,5,1127,0,0,0,1127
02/27/2016,PHL,PA,AEA,EN,Combined TRACON& Tower with Radar,548,326,16,0,890,0,3,2,0,5,548,329,18,0,895,0,0,0,895
02/28/2016,PHL,PA,AEA,EN,Combined TRACON& Tower with Radar,564,410,13,0,987,0,2,14,0,16,564,412,27,0,1003,0,0,0,1003
02/29/2016,PHL,PA,AEA,EN,Combined TRACON& Tower with Radar,602,454,29,0,1085,0,5,5,1,11,602,459,34,1,1096,0,0,0,1096
03/01/2016,PHL,PA,AEA,EN,Combined TRACON& Tower with Radar,624,444,35,0,1103,0,5,6,0,11,624,449,41,0,1114,0,0,0,1114
03/02/2016,PHL,PA,AEA,EN,Combined TRACON& Tower with Radar,634,458,43,0,1135,0,0,7,2,9,634,458,50,2,1144,0,0,0,1144
03/03/2016,PHL,PA,AEA,EN,Combined TRACON& Tower with Radar,651,466,39,2,1158,0,0,4,0,4,651,466,43,2,1162,0,0,0,1162
03/04/2016,PHL,PA,AEA,EN,Combined TRACON& Tower with Radar,635,424,26,0,1085,0,0,10,0,10,635,424,36,0,1095,0,0,0,1095
03/05/2016,PHL,PA,AEA,EN,Combined TRACON& Tower with Radar,561,323,16,0,900,0,0,7,0,7,561,323,23,0,907,0,0,0,907
03/06/2016,PHL,PA,AEA,EN,Combined TRACON& Tower with Radar,583,402,21,0,1006,0,0,2,0,2,583,402,23,0,1008,0,0,0,1008
03/07/2016,PHL,PA,AEA,EN,Combined TRACON& Tower with Radar,613,447,23,0,1083,0,2,7,3,12,613,449,30,3,1095,0,0,0,1095
03/08/2016,PHL,PA,AEA,EN,Combined TRACON& Tower with Radar,628,447,31,2,1108,0,1,9,2,12,628,448,40,4,1120,0,0,0,1120
03/09/2016,PHL,PA,AEA,EN,Combined TRACON& Tower with Radar,624,450,34,2,1110,0,2,4,0,6,624,452,38,2,1116,0,0,0,1116
03/10/2016,PHL,PA,AEA,EN,Combined TRACON& Tower with Radar,651,461,36,0,1148,0,3,5,0,8,651,464,41,0,1156,0,0,0,1156
03/11/2016,PHL,PA,AEA,EN,Combined TRACON& Tower with Radar,644,449,15,0,1108,0,0,3,0,3,644,449,18,0,1111,0,0,0,1111
03/12/2016,PHL,PA,AEA,EN,Combined TRACON& Tower with Radar,562,335,13,0,910,0,0,9,2,11,562,335,22,2,921,0,0,0,921
03/13/2016,PHL,PA,AEA,EN,Combined TRACON& Tower with Radar,600,419,29,0,1048,0,0,3,0,3,600,419,32,0,1051,0,0,0,1051
03/14/2016,PHL,PA,AEA,EN,Combined TRACON& Tower with Radar,593,432,36,0,1061,0,0,0,0,0,593,432,36,0,1061,0,0,0,1061
03/15/2016,PHL,PA,AEA,EN,Combined TRACON& Tower with Radar,647,455,34,2,1138,0,0,0,0,0,647,455,34,2,1138,0,0,0,1138
03/16/2016,PHL,PA,AEA,EN,Combined TRACON& Tower with Radar,645,448,58,0,1151,0,5,4,2,11,645,453,62,2,1162,0,0,0,1162
03/17/2016,PHL,PA,AEA,EN,Combined TRACON& Tower with Radar,653,451,44,1,1149,0,0,8,1,9,653,451,52,2,1158,0,0,0,1158
03/18/2016,PHL,PA,AEA,EN,Combined TRACON& Tower with Radar,641,473,24,2,1140,0,4,7,0,11,641,477,31,2,1151,0,0,0,1151
03/19/2016,PHL,PA,AEA,EN,Combined TRACON& Tower with Radar,567,315,3,0,885,0,2,1,0,3,567,317,4,0,888,0,0,0,888
03/20/2016,PHL,PA,AEA,EN,Combined TRACON& Tower with Radar,589,386,22,2,999,0,1,0,0,1,589,387,22,2,1000,0,0,0,1000
03/21/2016,PHL,PA,AEA,EN,Combined TRACON& Tower with Radar,618,481,23,0,1122,0,5,6,0,11,618,486,29,0,1133,0,0,0,1133
03/22/2016,PHL,PA,AEA,EN,Combined TRACON& Tower with Radar,643,467,30,1,1141,0,1,13,0,14,643,468,43,1,1155,0,0,0,1155
03/23/2016,PHL,PA,AEA,EN,Combined TRACON& Tower with Radar,636,469,48,0,1153,0,3,12,1,16,636,472,60,1,1169,0,0,0,1169
03/24/2016,PHL,PA,AEA,EN,Combined TRACON& Tower with Radar,643,494,31,0,1168,0,3,10,1,14,643,497,41,1,1182,0,0,0,1182
03/25/2016,PHL,PA,AEA,EN,Combined TRACON& Tower with Radar,650,496,27,0,1173,0,0,5,0,5,650,496,32,0,1178,0,0,0,1178
03/26/2016,PHL,PA,AEA,EN,Combined TRACON& Tower with Radar,555,338,19,0,912,0,0,7,0,7,555,338,26,0,919,0,0,0,919
03/27/2016,PHL,PA,AEA,EN,Combined TRACON& Tower with Radar,598,412,23,0,1033,0,1,3,0,4,598,413,26,0,1037,0,0,0,1037
03/28/2016,PHL,PA,AEA,EN,Combined TRACON& Tower with Radar,624,461,22,0,1107,0,0,4,1,5,624,461,26,1,1112,0,0,0,1112
03/29/2016,PHL,PA,AEA,EN,Combined TRACON& Tower with Radar,638,474,26,2,1140,0,3,9,1,13,638,477,35,3,1153,0,0,0,1153
03/30/2016,PHL,PA,AEA,EN,Combined TRACON& Tower with Radar,642,466,36,2,1146,0,2,18,0,20,642,468,54,2,1166,0,0,0,1166
03/31/2016,PHL,PA,AEA,EN,Combined TRACON& Tower with Radar,663,476,30,0,1169,0,2,8,2,12,663,478,38,2,1181,0,0,0,1181
04/01/2016,PHL,PA,AEA,EN,Combined TRACON& Tower with Radar,640,459,31,4,1134,0,1,1,0,2,640,460,32,4,1136,0,0,0,1136
04/02/2016,PHL,PA,AEA,EN,Combined TRACON& Tower with Radar,559,353,20,0,932,0,0,4,0,4,559,353,24,0,936,0,0,0,936
04/03/2016,PHL,PA,AEA,EN,Combined TRACON& Tower with Radar,613,417,26,0,1056,0,1,3,0,4,613,418,29,0,1060,0,0,0,1060
04/04/2016,PHL,PA,AEA,EN,Combined TRACON& Tower with Radar,609,454,27,1,1091,0,0,10,0,10,609,454,37,1,1101,0,0,0,1101
04/05/2016,PHL,PA,AEA,EN,Combined TRACON& Tower with Radar,671,492,42,2,1207,0,2,24,4,30,671,494,66,6,1237,0,0,0,1237
04/06/2016,PHL,PA,AEA,EN,Combined TRACON& Tower with Radar,661,481,48,0,1190,0,4,8,1,13,661,485,56,1,1203,0,0,0,1203
04/07/2016,PHL,PA,AEA,EN,Combined TRACON& Tower with Radar,689,448,48,0,1185,0,0,3,0,3,689,448,51,0,1188,0,0,0,1188
04/08/2016,PHL,PA,AEA,EN,Combined TRACON& Tower with Radar,655,471,40,0,1166,0,1,1,0,2,655,472,41,0,1168,0,0,0,1168
04/09/2016,PHL,PA,AEA,EN,Combined TRACON& Tower with Radar,567,334,19,1,921,0,0,1,0,1,567,334,20,1,922,0,0,0,922
04/10/2016,PHL,PA,AEA,EN,Combined TRACON& Tower with Radar,601,419,32,0,1052,0,0,4,2,6,601,419,36,2,1058,0,0,0,1058
04/11/2016,PHL,PA,AEA,EN,Combined TRACON& Tower with Radar,639,441,32,0,1112,0,2,5,3,10,639,443,37,3,1122,0,0,0,1122
04/12/2016,PHL,PA,AEA,EN,Combined TRACON& Tower with Radar,644,460,28,3,1135,0,1,13,1,15,644,461,41,4,1150,0,0,0,1150
04/13/2016,PHL,PA,AEA,EN,Combined TRACON& Tower with Radar,651,468,27,0,1146,0,4,12,0,16,651,472,39,0,1162,0,0,0,1162
04/14/2016,PHL,PA,AEA,EN,Combined TRACON& Tower with Radar,673,470,35,0,1178,0,2,3,2,7,673,472,38,2,1185,0,0,0,1185
04/15/2016,PHL,PA,AEA,EN,Combined TRACON& Tower with Radar,661,481,37,0,1179,0,1,6,0,7,661,482,43,0,1186,0,0,0,1186
04/16/2016,PHL,PA,AEA,EN,Combined TRACON& Tower with Radar,564,340,12,0,916,0,2,13,0,15,564,342,25,0,931,0,0,0,931
04/17/2016,PHL,PA,AEA,EN,Combined TRACON& Tower with Radar,613,419,28,0,1060,0,0,4,0,4,613,419,32,0,1064,0,0,0,1064
04/18/2016,PHL,PA,AEA,EN,Combined TRACON& Tower with Radar,631,464,38,0,1133,0,0,7,0,7,631,464,45,0,1140,0,0,0,1140
04/19/2016,PHL,PA,AEA,EN,Combined TRACON& Tower with Radar,655,445,43,2,1145,0,3,19,1,23,655,448,62,3,1168,0,0,0,1168
04/20/2016,PHL,PA,AEA,EN,Combined TRACON& Tower with Radar,664,476,58,0,1198,0,0,10,0,10,664,476,68,0,1208,0,0,0,1208
04/21/2016,PHL,PA,AEA,EN,Combined TRACON& Tower with Radar,672,484,69,0,1225,0,1,16,3,20,672,485,85,3,1245,0,0,0,1245
04/22/2016,PHL,PA,AEA,EN,Combined TRACON& Tower with Radar,662,460,42,0,1164,0,1,13,2,16,662,461,55,2,1180,0,0,0,1180
04/23/2016,PHL,PA,AEA,EN,Combined TRACON& Tower with Radar,563,334,12,0,909,0,0,3,0,3,563,334,15,0,912,0,0,0,912
04/24/2016,PHL,PA,AEA,EN,Combined TRACON& Tower with Radar,612,419,34,0,1065,0,0,7,0,7,612,419,41,0,1072,0,0,0,1072
04/25/2016,PHL,PA,AEA,EN,Combined TRACON& Tower with Radar,630,467,38,4,1139,0,0,11,0,11,630,467,49,4,1150,0,0,0,1150
04/26/2016,PHL,PA,AEA,EN,Combined TRACON& Tower with Radar,633,447,41,0,1121,0,2,9,0,11,633,449,50,0,1132,0,0,0,1132
04/27/2016,PHL,PA,AEA,EN,Combined TRACON& Tower with Radar,666,485,42,0,1193,0,0,2,0,2,666,485,44,0,1195,0,0,0,1195
04/28/2016,PHL,PA,AEA,EN,Combined TRACON& Tower with Radar,677,486,38,3,1204,0,0,11,0,11,677,486,49,3,1215,0,0,0,1215
04/29/2016,PHL,PA,AEA,EN,Combined TRACON& Tower with Radar,655,457,35,0,1147,0,0,6,0,6,655,457,41,0,1153,0,0,0,1153
04/30/2016,PHL,PA,AEA,EN,Combined TRACON& Tower with Radar,563,342,13,0,918,0,4,7,0,11,563,346,20,0,929,0,0,0,929
05/01/2016,PHL,PA,AEA,EN,Combined TRACON& Tower with Radar,583,377,23,0,983,0,0,2,0,2,583,377,25,0,985,0,0,0,985
05/02/2016,PHL,PA,AEA,EN,Combined TRACON& Tower with Radar,633,428,31,0,1092,0,0,2,0,2,633,428,33,0,1094,0,0,0,1094
05/03/2016,PHL,PA,AEA,EN,Combined TRACON& Tower with Radar,643,443,40,0,1126,0,0,2,2,4,643,443,42,2,1130,0,0,0,1130
05/04/2016,PHL,PA,AEA,EN,Combined TRACON& Tower with Radar,655,462,43,0,1160,0,0,1,0,1,655,462,44,0,1161,0,0,0,1161
05/05/2016,PHL,PA,AEA,EN,Combined TRACON& Tower with Radar,690,463,49,2,1204,0,0,13,0,13,690,463,62,2,1217,0,0,0,1217
05/06/2016,PHL,PA,AEA,EN,Combined TRACON& Tower with Radar,651,440,33,0,1124,0,0,0,0,0,651,440,33,0,1124,0,0,0,1124
05/07/2016,PHL,PA,AEA,EN,Combined TRACON& Tower with Radar,571,348,7,2,928,0,0,8,0,8,571,348,15,2,936,0,0,0,936
05/08/2016,PHL,PA,AEA,EN,Combined TRACON& Tower with Radar,606,414,21,0,1041,0,0,0,0,0,606,414,21,0,1041,0,0,0,1041
05/09/2016,PHL,PA,AEA,EN,Combined TRACON& Tower with Radar,636,463,48,0,1147,0,3,12,0,15,636,466,60,0,1162,0,0,0,1162
05/10/2016,PHL,PA,AEA,EN,Combined TRACON& Tower with Radar,670,471,39,2,1182,0,0,2,0,2,670,471,41,2,1184,0,0,0,1184
05/11/2016,PHL,PA,AEA,EN,Combined TRACON& Tower with Radar,666,487,61,0,1214,0,0,11,0,11,666,487,72,0,1225,0,0,0,1225
05/12/2016,PHL,PA,AEA,EN,Combined TRACON& Tower with Radar,678,473,30,0,1181,0,3,17,2,22,678,476,47,2,1203,0,0,0,1203
05/13/2016,PHL,PA,AEA,EN,Combined TRACON& Tower with Radar,672,475,38,0,1185,0,0,1,0,1,672,475,39,0,1186,0,0,0,1186
05/14/2016,PHL,PA,AEA,EN,Combined TRACON& Tower with Radar,570,355,19,0,944,0,0,4,0,4,570,355,23,0,948,0,0,0,948
05/15/2016,PHL,PA,AEA,EN,Combined TRACON& Tower with Radar,609,426,34,0,1069,0,0,15,0,15,609,426,49,0,1084,0,0,0,1084
05/16/2016,PHL,PA,AEA,EN,Combined TRACON& Tower with Radar,638,476,44,0,1158,0,2,19,2,23,638,478,63,2,1181,0,0,0,1181
05/17/2016,PHL,PA,AEA,EN,Combined TRACON& Tower with Radar,669,476,27,2,1174,0,0,3,0,3,669,476,30,2,1177,0,0,0,1177
05/18/2016,PHL,PA,AEA,EN,Combined TRACON& Tower with Radar,667,452,30,0,1149,0,0,10,2,12,667,452,40,2,1161,0,0,0,1161
05/19/2016,PHL,PA,AEA,EN,Combined TRACON& Tower with Radar,677,494,47,0,1218,0,0,7,1,8,677,494,54,1,1226,0,0,0,1226
05/20/2016,PHL,PA,AEA,EN,Combined TRACON& Tower with Radar,662,487,45,1,1195,0,3,8,3,14,662,490,53,4,1209,0,0,0,1209
05/21/2016,PHL,PA,AEA,EN,Combined TRACON& Tower with Radar,559,338,14,0,911,0,0,1,1,2,559,338,15,1,913,0,0,0,913
05/22/2016,PHL,PA,AEA,EN,Combined TRACON& Tower with Radar,614,427,19,1,1061,0,2,2,0,4,614,429,21,1,1065,0,0,0,1065
05/23/2016,PHL,PA,AEA,EN,Combined TRACON& Tower with Radar,634,462,45,0,1141,0,3,17,0,20,634,465,62,0,1161,0,0,0,1161
05/24/2016,PHL,PA,AEA,EN,Combined TRACON& Tower with Radar,672,489,32,0,1193,0,4,7,1,12,672,493,39,1,1205,0,0,0,1205
05/25/2016,PHL,PA,AEA,EN,Combined TRACON& Tower with Radar,670,493,36,0,1199,0,0,12,5,17,670,493,48,5,1216,0,0,0,1216
05/26/2016,PHL,PA,AEA,EN,Combined TRACON& Tower with Radar,679,485,34,0,1198,0,4,8,1,13,679,489,42,1,1211,0,0,0,1211
05/27/2016,PHL,PA,AEA,EN,Combined TRACON& Tower with Radar,672,477,34,1,1184,0,1,1,0,2,672,478,35,1,1186,0,0,0,1186
05/28/2016,PHL,PA,AEA,EN,Combined TRACON& Tower with Radar,560,337,21,1,919,0,5,12,0,17,560,342,33,1,936,0,0,0,936
05/29/2016,PHL,PA,AEA,EN,Combined TRACON& Tower with Radar,518,330,14,0,862,0,0,1,0,1,518,330,15,0,863,0,0,0,863
05/30/2016,PHL,PA,AEA,EN,Combined TRACON& Tower with Radar,582,401,29,0,1012,0,0,2,0,2,582,401,31,0,1014,0,0,0,1014
05/31/2016,PHL,PA,AEA,EN,Combined TRACON& Tower with Radar,627,481,40,0,1148,0,3,2,2,7,627,484,42,2,1155,0,0,0,1155
06/01/2016,PHL,PA,AEA,EN,Combined TRACON& Tower with Radar,678,491,47,0,1216,0,2,5,0,7,678,493,52,0,1223,0,0,0,1223
06/02/2016,PHL,PA,AEA,EN,Combined TRACON& Tower with Radar,690,494,33,0,1217,0,3,10,4,17,690,497,43,4,1234,0,0,0,1234
06/03/2016,PHL,PA,AEA,EN,Combined TRACON& Tower with Radar,678,479,39,0,1196,0,0,0,0,0,678,479,39,0,1196,0,0,0,1196
06/04/2016,PHL,PA,AEA,EN,Combined TRACON& Tower with Radar,606,367,17,0,990,0,0,2,1,3,606,367,19,1,993,0,0,0,993
06/05/2016,PHL,PA,AEA,EN,Combined TRACON& Tower with Radar,585,372,26,0,983,0,0,1,0,1,585,372,27,0,984,0,0,0,984
06/06/2016,PHL,PA,AEA,EN,Combined TRACON& Tower with Radar,656,491,47,2,1196,0,4,9,2,15,656,495,56,4,1211,0,0,0,1211
06/07/2016,PHL,PA,AEA,EN,Combined TRACON& Tower with Radar,698,474,42,0,1214,0,3,25,2,30,698,477,67,2,1244,0,0,0,1244
06/08/2016,PHL,PA,AEA,EN,Combined TRACON& Tower with Radar,708,493,36,0,1237,0,2,18,0,20,708,495,54,0,1257,0,0,0,1257
06/09/2016,PHL,PA,AEA,EN,Combined TRACON& Tower with Radar,700,477,45,0,1222,0,0,18,8,26,700,477,63,8,1248,0,0,0,1248
06/10/2016,PHL,PA,AEA,EN,Combined TRACON& Tower with Radar,685,478,40,0,1203,0,1,19,4,24,685,479,59,4,1227,0,0,0,1227
06/11/2016,PHL,PA,AEA,EN,Combined TRACON& Tower with Radar,613,374,23,0,1010,0,0,3,0,3,613,374,26,0,1013,0,0,0,1013
06/12/2016,PHL,PA,AEA,EN,Combined TRACON& Tower with Radar,627,457,29,0,1113,0,0,4,0,4,627,457,33,0,1117,0,0,0,1117
06/13/2016,PHL,PA,AEA,EN,Combined TRACON& Tower with Radar,667,482,52,0,1201,0,4,7,1,12,667,486,59,1,1213,0,0,0,1213
06/14/2016,PHL,PA,AEA,EN,Combined TRACON& Tower with Radar,704,480,44,0,1228,0,2,8,5,15,704,482,52,5,1243,0,0,0,1243
06/15/2016,PHL,PA,AEA,EN,Combined TRACON& Tower with Radar,708,471,40,2,1221,0,1,21,0,22,708,472,61,2,1243,0,0,0,1243
06/16/2016,PHL,PA,AEA,EN,Combined TRACON& Tower with Radar,671,389,39,0,1099,0,3,5,0,8,671,392,44,0,1107,0,0,0,1107
06/17/2016,PHL,PA,AEA,EN,Combined TRACON& Tower with Radar,693,495,41,0,1229,0,2,6,0,8,693,497,47,0,1237,0,0,0,1237
06/18/2016,PHL,PA,AEA,EN,Combined TRACON& Tower with Radar,620,360,14,1,995,0,1,7,0,8,620,361,21,1,1003,0,0,0,1003
06/19/2016,PHL,PA,AEA,EN,Combined TRACON& Tower with Radar,640,435,23,0,1098,0,0,6,0,6,640,435,29,0,1104,0,0,0,1104
06/20/2016,PHL,PA,AEA,EN,Combined TRACON& Tower with Radar,667,473,34,0,1174,0,2,24,0,26,667,475,58,0,1200,0,0,0,1200
06/21/2016,PHL,PA,AEA,EN,Combined TRACON& Tower with Radar,705,437,28,0,1170,0,0,5,2,7,705,437,33,2,1177,0,0,0,1177
06/22/2016,PHL,PA,AEA,EN,Combined TRACON& Tower with Radar,698,486,41,0,1225,0,6,14,2,22,698,492,55,2,1247,0,0,0,1247
06/23/2016,PHL,PA,AEA,EN,Combined TRACON& Tower with Radar,661,407,38,0,1106,0,1,1,0,2,661,408,39,0,1108,0,0,0,1108
06/24/2016,PHL,PA,AEA,EN,Combined TRACON& Tower with Radar,704,485,24,0,1213,0,4,17,0,21,704,489,41,0,1234,0,0,0,1234
06/25/2016,PHL,PA,AEA,EN,Combined TRACON& Tower with Radar,622,369,16,0,1007,0,0,7,0,7,622,369,23,0,1014,0,0,0,1014
06/26/2016,PHL,PA,AEA,EN,Combined TRACON& Tower with Radar,625,454,31,0,1110,0,0,5,0,5,625,454,36,0,1115,0,0,0,1115
06/27/2016,PHL,PA,AEA,EN,Combined TRACON& Tower with Radar,661,481,60,0,1202,0,0,18,2,20,661,481,78,2,1222,0,0,0,1222
06/28/2016,PHL,PA,AEA,EN,Combined TRACON& Tower with Radar,693,429,37,0,1159,0,0,7,0,7,693,429,44,0,1166,0,0,0,1166
06/29/2016,PHL,PA,AEA,EN,Combined TRACON& Tower with Radar,708,486,32,0,1226,0,3,4,2,9,708,489,36,2,1235,0,0,0,1235
06/30/2016,PHL,PA,AEA,EN,Combined TRACON& Tower with Radar,709,509,36,2,1256,0,2,14,0,16,709,511,50,2,1272,0,0,0,1272
07/01/2016,PHL,PA,AEA,EN,Combined TRACON& Tower with Radar,659,379,29,0,1067,0,0,4,0,4,659,379,33,0,1071,0,0,0,1071
07/02/2016,PHL,PA,AEA,EN,Combined TRACON& Tower with Radar,617,362,14,0,993,0,0,6,0,6,617,362,20,0,999,0,0,0,999
07/03/2016,PHL,PA,AEA,EN,Combined TRACON& Tower with Radar,579,358,13,0,950,0,1,4,0,5,579,359,17,0,955,0,0,0,955
07/04/2016,PHL,PA,AEA,EN,Combined TRACON& Tower with Radar,596,437,14,0,1047,0,0,2,0,2,596,437,16,0,1049,0,0,0,1049
07/05/2016,PHL,PA,AEA,EN,Combined TRACON& Tower with Radar,667,462,17,0,1146,0,0,0,0,0,667,462,17,0,1146,0,0,0,1146
07/06/2016,PHL,PA,AEA,EN,Combined TRACON& Tower with Radar,705,456,36,0,1197,0,2,7,0,9,705,458,43,0,1206,0,0,0,1206
07/07/2016,PHL,PA,AEA,EN,Combined TRACON& Tower with Radar,692,455,23,0,1170,0,2,4,0,6,692,457,27,0,1176,0,0,0,1176
07/08/2016,PHL,PA,AEA,EN,Combined TRACON& Tower with Radar,632,376,26,0,1034,0,0,6,0,6,632,376,32,0,1040,0,0,0,1040
07/09/2016,PHL,PA,AEA,EN,Combined TRACON& Tower with Radar,627,369,27,0,1023,0,0,0,0,0,627,369,27,0,1023,0,0,0,1023
07/10/2016,PHL,PA,AEA,EN,Combined TRACON& Tower with Radar,625,451,41,0,1117,0,0,1,0,1,625,451,42,0,1118,0,0,0,1118
07/11/2016,PHL,PA,AEA,EN,Combined TRACON& Tower with Radar,666,479,45,0,1190,0,0,7,0,7,666,479,52,0,1197,0,0,0,1197
07/12/2016,PHL,PA,AEA,EN,Combined TRACON& Tower with Radar,715,482,35,0,1232,0,2,10,0,12,715,484,45,0,1244,0,0,0,1244
07/13/2016,PHL,PA,AEA,EN,Combined TRACON& Tower with Radar,671,369,42,0,1082,0,0,13,0,13,671,369,55,0,1095,0,0,0,1095
07/14/2016,PHL,PA,AEA,EN,Combined TRACON& Tower with Radar,699,402,31,0,1132,0,2,10,0,12,699,404,41,0,1144,0,0,0,1144
07/15/2016,PHL,PA,AEA,EN,Combined TRACON& Tower with Radar,682,464,37,2,1185,0,1,13,1,15,682,465,50,3,1200,0,0,0,1200
07/16/2016,PHL,PA,AEA,EN,Combined TRACON& Tower with Radar,619,351,9,0,979,0,0,4,0,4,619,351,13,0,983,0,0,0,983
07/17/2016,PHL,PA,AEA,EN,Combined TRACON& Tower with Radar,639,443,24,0,1106,0,1,7,0,8,639,444,31,0,1114,0,0,0,1114
07/18/2016,PHL,PA,AEA,EN,Combined TRACON& Tower with Radar,644,421,28,0,1093,0,2,6,0,8,644,423,34,0,1101,0,0,0,1101
07/19/2016,PHL,PA,AEA,EN,Combined TRACON& Tower with Radar,702,469,24,0,1195,0,0,7,5,12,702,469,31,5,1207,0,0,0,1207
07/20/2016,PHL,PA,AEA,EN,Combined TRACON& Tower with Radar,689,474,42,0,1205,0,6,15,2,23,689,480,57,2,1228,0,0,0,1228
07/21/2016,PHL,PA,AEA,EN,Combined TRACON& Tower with Radar,680,457,43,0,1180,0,5,14,1,20,680,462,57,1,1200,0,0,0,1200
07/22/2016,PHL,PA,AEA,EN,Combined TRACON& Tower with Radar,691,455,36,0,1182,0,1,32,5,38,691,456,68,5,1220,0,0,0,1220
07/23/2016,PHL,PA,AEA,EN,Combined TRACON& Tower with Radar,611,364,18,0,993,0,2,8,10,20,611,366,26,10,1013,0,0,0,1013
07/24/2016,PHL,PA,AEA,EN,Combined TRACON& Tower with Radar,628,468,20,0,1116,0,0,5,0,5,628,468,25,0,1121,0,0,0,1121
07/25/2016,PHL,PA,AEA,EN,Combined TRACON& Tower with Radar,601,335,7,5,948,0,2,7,4,13,601,337,14,9,961,0,0,0,961
07/26/2016,PHL,PA,AEA,EN,Combined TRACON& Tower with Radar,727,435,10,2,1174,0,0,12,1,13,727,435,22,3,1187,0,0,0,1187
07/27/2016,PHL,PA,AEA,EN,Combined TRACON& Tower with Radar,692,461,9,0,1162,0,1,11,0,12,692,462,20,0,1174,0,0,0,1174
07/28/2016,PHL,PA,AEA,EN,Combined TRACON& Tower with Radar,633,351,12,1,997,0,0,2,7,9,633,351,14,8,1006,0,0,0,1006
07/29/2016,PHL,PA,AEA,EN,Combined TRACON& Tower with Radar,682,492,39,0,1213,0,2,12,1,15,682,494,51,1,1228,0,0,0,1228
07/30/2016,PHL,PA,AEA,EN,Combined TRACON& Tower with Radar,579,315,11,0,905,0,0,4,0,4,579,315,15,0,909,0,0,0,909
07/31/2016,PHL,PA,AEA,EN,Combined TRACON& Tower with Radar,637,458,28,2,1125,0,0,4,0,4,637,458,32,2,1129,0,0,0,1129
08/01/2016,PHL,PA,AEA,EN,Combined TRACON& Tower with Radar,655,409,31,0,1095,0,0,0,0,0,655,409,31,0,1095,0,0,0,1095
08/02/2016,PHL,PA,AEA,EN,Combined TRACON& Tower with Radar,691,454,33,1,1179,0,2,5,0,7,691,456,38,1,1186,0,0,0,1186
08/03/2016,PHL,PA,AEA,EN,Combined TRACON& Tower with Radar,707,471,44,1,1223,0,2,13,0,15,707,473,57,1,1238,0,0,0,1238
08/04/2016,PHL,PA,AEA,EN,Combined TRACON& Tower with Radar,696,484,36,1,1217,0,0,7,0,7,696,484,43,1,1224,0,0,0,1224
08/05/2016,PHL,PA,AEA,EN,Combined TRACON& Tower with Radar,680,465,31,2,1178,0,0,12,0,12,680,465,43,2,1190,0,0,0,1190
08/06/2016,PHL,PA,AEA,EN,Combined TRACON& Tower with Radar,615,383,15,0,1013,0,0,7,2,9,615,383,22,2,1022,0,0,0,1022
08/07/2016,PHL,PA,AEA,EN,Combined TRACON& Tower with Radar,623,438,28,2,1091,0,1,2,0,3,623,439,30,2,1094,0,0,0,1094
08/08/2016,PHL,PA,AEA,EN,Combined TRACON& Tower with Radar,637,473,52,0,1162,0,2,6,2,10,637,475,58,2,1172,0,0,0,1172
08/09/2016,PHL,PA,AEA,EN,Combined TRACON& Tower with Radar,690,482,47,0,1219,0,0,15,0,15,690,482,62,0,1234,0,0,0,1234
08/10/2016,PHL,PA,AEA,EN,Combined TRACON& Tower with Radar,686,460,42,0,1188,0,0,6,3,9,686,460,48,3,1197,0,0,0,1197
08/11/2016,PHL,PA,AEA,EN,Combined TRACON& Tower with Radar,680,447,37,0,1164,0,1,10,1,12,680,448,47,1,1176,0,0,0,1176
08/12/2016,PHL,PA,AEA,EN,Combined TRACON& Tower with Radar,669,424,25,0,1118,0,2,11,0,13,669,426,36,0,1131,0,0,0,1131
08/13/2016,PHL,PA,AEA,EN,Combined TRACON& Tower with Radar,594,347,19,0,960,0,0,5,0,5,594,347,24,0,965,0,0,0,965
08/14/2016,PHL,PA,AEA,EN,Combined TRACON& Tower with Radar,632,427,24,0,1083,0,1,8,0,9,632,428,32,0,1092,0,0,0,1092
08/15/2016,PHL,PA,AEA,EN,Combined TRACON& Tower with Radar,654,459,30,0,1143,0,2,12,0,14,654,461,42,0,1157,0,0,0,1157
08/16/2016,PHL,PA,AEA,EN,Combined TRACON& Tower with Radar,661,405,35,0,1101,0,1,10,0,11,661,406,45,0,1112,0,0,0,1112
08/17/2016,PHL,PA,AEA,EN,Combined TRACON& Tower with Radar,724,455,31,0,1210,0,3,13,2,18,724,458,44,2,1228,0,0,0,1228
08/18/2016,PHL,PA,AEA,EN,Combined TRACON& Tower with Radar,701,466,41,1,1209,0,4,17,0,21,701,470,58,1,1230,0,0,0,1230
08/19/2016,PHL,PA,AEA,EN,Combined TRACON& Tower with Radar,675,461,33,0,1169,0,1,6,1,8,675,462,39,1,1177,0,0,0,1177
08/20/2016,PHL,PA,AEA,EN,Combined TRACON& Tower with Radar,597,371,17,0,985,0,2,3,0,5,597,373,20,0,990,0,0,0,990
08/21/2016,PHL,PA,AEA,EN,Combined TRACON& Tower with Radar,596,356,23,0,975,0,0,2,0,2,596,356,25,0,977,0,0,0,977
08/22/2016,PHL,PA,AEA,EN,Combined TRACON& Tower with Radar,669,476,31,2,1178,0,0,11,0,11,669,476,42,2,1189,0,0,0,1189
08/23/2016,PHL,PA,AEA,EN,Combined TRACON& Tower with Radar,677,446,26,0,1149,0,1,27,0,28,677,447,53,0,1177,0,0,0,1177
08/24/2016,PHL,PA,AEA,EN,Combined TRACON& Tower with Radar,661,462,46,0,1169,0,0,10,0,10,661,462,56,0,1179,0,0,0,1179
08/25/2016,PHL,PA,AEA,EN,Combined TRACON& Tower with Radar,662,460,43,0,1165,0,2,4,0,6,662,462,47,0,1171,0,0,0,1171
08/26/2016,PHL,PA,AEA,EN,Combined TRACON& Tower with Radar,647,455,45,0,1147,0,2,11,2,15,647,457,56,2,1162,0,0,0,1162
08/27/2016,PHL,PA,AEA,EN,Combined TRACON& Tower with Radar,538,319,16,4,877,0,2,4,0,6,538,321,20,4,883,0,0,0,883
08/28/2016,PHL,PA,AEA,EN,Combined TRACON& Tower with Radar,597,411,34,0,1042,0,0,4,0,4,597,411,38,0,1046,0,0,0,1046
08/29/2016,PHL,PA,AEA,EN,Combined TRACON& Tower with Radar,630,451,45,0,1126,0,0,6,1,7,630,451,51,1,1133,0,0,0,1133
08/30/2016,PHL,PA,AEA,EN,Combined TRACON& Tower with Radar,658,436,28,1,1123,0,0,1,0,1,658,436,29,1,1124,0,0,0,1124
08/31/2016,PHL,PA,AEA,EN,Combined TRACON& Tower with Radar,656,452,31,3,1142,0,4,13,2,19,656,456,44,5,1161,0,0,0,1161
09/01/2016,PHL,PA,AEA,EN,Combined TRACON& Tower with Radar,664,464,33,1,1162,0,0,6,0,6,664,464,39,1,1168,0,0,0,1168
09/02/2016,PHL,PA,AEA,EN,Combined TRACON& Tower with Radar,651,465,20,0,1136,0,3,7,0,10,651,468,27,0,1146,0,0,0,1146
09/03/2016,PHL,PA,AEA,EN,Combined TRACON& Tower with Radar,518,322,8,0,848,0,0,3,0,3,518,322,11,0,851,0,0,0,851
09/04/2016,PHL,PA,AEA,EN,Combined TRACON& Tower with Radar,496,339,19,0,854,0,2,7,0,9,496,341,26,0,863,0,0,0,863
09/05/2016,PHL,PA,AEA,EN,Combined TRACON& Tower with Radar,568,423,13,0,1004,0,0,2,0,2,568,423,15,0,1006,0,0,0,1006
09/06/2016,PHL,PA,AEA,EN,Combined TRACON& Tower with Radar,602,476,38,0,1116,0,0,14,2,16,602,476,52,2,1132,0,0,0,1132
09/07/2016,PHL,PA,AEA,EN,Combined TRACON& Tower with Radar,645,510,38,0,1193,0,0,12,2,14,645,510,50,2,1207,0,0,0,1207
09/08/2016,PHL,PA,AEA,EN,Combined TRACON& Tower with Radar,643,505,34,0,1182,0,1,12,1,14,643,506,46,1,1196,0,0,0,1196
09/09/2016,PHL,PA,AEA,EN,Combined TRACON& Tower with Radar,623,502,46,0,1171,0,0,13,0,13,623,502,59,0,1184,0,0,0,1184
09/10/2016,PHL,PA,AEA,EN,Combined TRACON& Tower with Radar,504,373,29,0,906,0,2,10,3,15,504,375,39,3,921,0,0,0,921
09/11/2016,PHL,PA,AEA,EN,Combined TRACON& Tower with Radar,582,456,52,0,1090,0,4,19,2,25,582,460,71,2,1115,0,0,0,1115
09/12/2016,PHL,PA,AEA,EN,Combined TRACON& Tower with Radar,598,489,29,3,1119,0,0,11,2,13,598,489,40,5,1132,0,0,0,1132
09/13/2016,PHL,PA,AEA,EN,Combined TRACON& Tower with Radar,632,481,32,1,1146,0,0,20,1,21,632,481,52,2,1167,0,0,0,1167
09/14/2016,PHL,PA,AEA,EN,Combined TRACON& Tower with Radar,639,515,56,0,1210,0,2,19,1,22,639,517,75,1,1232,0,0,0,1232
09/15/2016,PHL,PA,AEA,EN,Combined TRACON& Tower with Radar,653,483,42,0,1178,0,3,19,2,24,653,486,61,2,1202,0,0,0,1202
09/16/2016,PHL,PA,AEA,EN,Combined TRACON& Tower with Radar,644,456,50,2,1152,0,1,10,1,12,644,457,60,3,1164,0,0,0,1164
09/17/2016,PHL,PA,AEA,EN,Combined TRACON& Tower with Radar,524,351,25,0,900,0,1,4,1,6,524,352,29,1,906,0,0,0,906
09/18/2016,PHL,PA,AEA,EN,Combined TRACON& Tower with Radar,585,444,24,0,1053,0,1,0,0,1,585,445,24,0,1054,0,0,0,1054
09/19/2016,PHL,PA,AEA,EN,Combined TRACON& Tower with Radar,616,396,35,0,1047,0,0,0,0,0,616,396,35,0,1047,0,0,0,1047
09/20/2016,PHL,PA,AEA,EN,Combined TRACON& Tower with Radar,644,466,53,0,1163,0,1,11,2,14,644,467,64,2,1177,0,0,0,1177
09/21/2016,PHL,PA,AEA,EN,Combined TRACON& Tower with Radar,648,485,44,0,1177,0,3,9,0,12,648,488,53,0,1189,0,0,0,1189
09/22/2016,PHL,PA,AEA,EN,Combined TRACON& Tower with Radar,661,503,39,0,1203,0,4,21,0,25,661,507,60,0,1228,0,0,0,1228
09/23/2016,PHL,PA,AEA,EN,Combined TRACON& Tower with Radar,631,479,31,4,1145,0,1,9,1,11,631,480,40,5,1156,0,0,0,1156
09/24/2016,PHL,PA,AEA,EN,Combined TRACON& Tower with Radar,528,343,19,0,890,0,0,8,0,8,528,343,27,0,898,0,0,0,898
09/25/2016,PHL,PA,AEA,EN,Combined TRACON& Tower with Radar,585,447,32,0,1064,0,11,18,0,29,585,458,50,0,1093,0,0,0,1093
09/26/2016,PHL,PA,AEA,EN,Combined TRACON& Tower with Radar,614,475,39,0,1128,0,2,4,1,7,614,477,43,1,1135,0,0,0,1135
09/27/2016,PHL,PA,AEA,EN,Combined TRACON& Tower with Radar,646,481,50,1,1178,0,0,22,0,22,646,481,72,1,1200,0,0,0,1200
09/28/2016,PHL,PA,AEA,EN,Combined TRACON& Tower with Radar,639,454,63,2,1158,0,3,3,0,6,639,457,66,2,1164,0,0,0,1164
09/29/2016,PHL,PA,AEA,EN,Combined TRACON& Tower with Radar,646,409,43,0,1098,0,0,2,1,3,646,409,45,1,1101,0,0,0,1101
09/30/2016,PHL,PA,AEA,EN,Combined TRACON& Tower with Radar,615,398,35,0,1048,0,0,2,0,2,615,398,37,0,1050,0,0,0,1050
10/01/2016,PHL,PA,AEA,EN,Combined TRACON& Tower with Radar,507,348,19,0,874,0,0,0,0,0,507,348,19,0,874,0,0,0,874
10/02/2016,PHL,PA,AEA,EN,Combined TRACON& Tower with Radar,584,416,27,0,1027,0,0,0,0,0,584,416,27,0,1027,0,0,0,1027
10/03/2016,PHL,PA,AEA,EN,Combined TRACON& Tower with Radar,606,456,29,0,1091,0,0,6,0,6,606,456,35,0,1097,0,0,0,1097
10/04/2016,PHL,PA,AEA,EN,Combined TRACON& Tower with Radar,633,452,39,0,1124,0,4,3,0,7,633,456,42,0,1131,0,0,0,1131
10/05/2016,PHL,PA,AEA,EN,Combined TRACON& Tower with Radar,647,472,42,0,1161,0,3,10,0,13,647,475,52,0,1174,0,0,0,1174
10/06/2016,PHL,PA,AEA,EN,Combined TRACON& Tower with Radar,625,445,44,0,1114,0,0,18,0,18,625,445,62,0,1132,0,0,0,1132
10/07/2016,PHL,PA,AEA,EN,Combined TRACON& Tower with Radar,597,435,39,0,1071,0,0,9,0,9,597,435,48,0,1080,0,0,0,1080
10/08/2016,PHL,PA,AEA,EN,Combined TRACON& Tower with Radar,502,296,15,0,813,0,0,2,0,2,502,296,17,0,815,0,0,0,815
10/09/2016,PHL,PA,AEA,EN,Combined TRACON& Tower with Radar,588,385,21,0,994,0,0,0,0,0,588,385,21,0,994,0,0,0,994
10/10/2016,PHL,PA,AEA,EN,Combined TRACON& Tower with Radar,621,441,44,2,1108,0,2,7,0,9,621,443,51,2,1117,0,0,0,1117
10/11/2016,PHL,PA,AEA,EN,Combined TRACON& Tower with Radar,652,425,39,0,1116,0,2,7,2,11,652,427,46,2,1127,0,0,0,1127
10/12/2016,PHL,PA,AEA,EN,Combined TRACON& Tower with Radar,665,436,38,0,1139,0,8,6,0,14,665,444,44,0,1153,0,0,0,1153
10/13/2016,PHL,PA,AEA,EN,Combined TRACON& Tower with Radar,672,441,44,2,1159,0,0,2,0,2,672,441,46,2,1161,0,0,0,1161
10/14/2016,PHL,PA,AEA,EN,Combined TRACON& Tower with Radar,647,446,46,0,1139,0,0,11,0,11,647,446,57,0,1150,0,0,0,1150
10/15/2016,PHL,PA,AEA,EN,Combined TRACON& Tower with Radar,548,306,15,1,870,0,3,7,3,13,548,309,22,4,883,0,0,0,883
10/16/2016,PHL,PA,AEA,EN,Combined TRACON& Tower with Radar,595,418,39,0,1052,0,0,6,0,6,595,418,45,0,1058,0,0,0,1058
10/17/2016,PHL,PA,AEA,EN,Combined TRACON& Tower with Radar,636,407,32,0,1075,0,2,12,2,16,636,409,44,2,1091,0,0,0,1091
10/18/2016,PHL,PA,AEA,EN,Combined TRACON& Tower with Radar,651,430,24,0,1105,0,3,7,0,10,651,433,31,0,1115,0,0,0,1115
10/19/2016,PHL,PA,AEA,EN,Combined TRACON& Tower with Radar,659,448,48,0,1155,0,4,17,2,23,659,452,65,2,1178,0,0,0,1178
10/20/2016,PHL,PA,AEA,EN,Combined TRACON& Tower with Radar,673,457,42,0,1172,0,2,10,0,12,673,459,52,0,1184,0,0,0,1184
10/21/2016,PHL,PA,AEA,EN,Combined TRACON& Tower with Radar,659,430,36,0,1125,0,0,7,0,7,659,430,43,0,1132,0,0,0,1132
10/22/2016,PHL,PA,AEA,EN,Combined TRACON& Tower with Radar,544,293,13,0,850,0,1,0,0,1,544,294,13,0,851,0,0,0,851
10/23/2016,PHL,PA,AEA,EN,Combined TRACON& Tower with Radar,598,418,35,2,1053,0,1,7,0,8,598,419,42,2,1061,0,0,0,1061
10/24/2016,PHL,PA,AEA,EN,Combined TRACON& Tower with Radar,632,433,37,1,1103,0,4,5,1,10,632,437,42,2,1113,0,0,0,1113
10/25/2016,PHL,PA,AEA,EN,Combined TRACON& Tower with Radar,663,451,35,1,1150,0,3,8,0,11,663,454,43,1,1161,0,0,0,1161
10/26/2016,PHL,PA,AEA,EN,Combined TRACON& Tower with Radar,660,438,61,0,1159,0,2,4,0,6,660,440,65,0,1165,0,0,0,1165
10/27/2016,PHL,PA,AEA,EN,Combined TRACON& Tower with Radar,675,433,38,0,1146,0,2,2,0,4,675,435,40,0,1150,0,0,0,1150
10/28/2016,PHL,PA,AEA,EN,Combined TRACON& Tower with Radar,651,428,46,0,1125,0,0,11,0,11,651,428,57,0,1136,0,0,0,1136
10/29/2016,PHL,PA,AEA,EN,Combined TRACON& Tower with Radar,547,305,25,0,877,0,2,10,0,12,547,307,35,0,889,0,0,0,889
10/30/2016,PHL,PA,AEA,EN,Combined TRACON& Tower with Radar,587,399,26,0,1012,0,0,3,0,3,587,399,29,0,1015,0,0,0,1015
10/31/2016,PHL,PA,AEA,EN,Combined TRACON& Tower with Radar,578,384,29,0,991,0,2,12,0,14,578,386,41,0,1005,0,0,0,1005
11/01/2016,PHL,PA,AEA,EN,Combined TRACON& Tower with Radar,629,442,44,0,1115,0,2,7,1,10,629,444,51,1,1125,0,0,0,1125
11/02/2016,PHL,PA,AEA,EN,Combined TRACON& Tower with Radar,635,440,56,0,1131,0,0,7,0,7,635,440,63,0,1138,0,0,0,1138
11/03/2016,PHL,PA,AEA,EN,Combined TRACON& Tower with Radar,655,432,43,0,1130,0,2,16,0,18,655,434,59,0,1148,0,0,0,1148
11/04/2016,PHL,PA,AEA,EN,Combined TRACON& Tower with Radar,633,429,29,1,1092,0,4,14,5,23,633,433,43,6,1115,0,0,0,1115
11/05/2016,PHL,PA,AEA,EN,Combined TRACON& Tower with Radar,512,318,24,0,854,0,0,10,0,10,512,318,34,0,864,0,0,0,864
11/06/2016,PHL,PA,AEA,EN,Combined TRACON& Tower with Radar,572,433,42,1,1048,0,0,9,0,9,572,433,51,1,1057,0,0,0,1057
11/07/2016,PHL,PA,AEA,EN,Combined TRACON& Tower with Radar,585,438,29,3,1055,0,1,17,0,18,585,439,46,3,1073,0,0,0,1073
11/08/2016,PHL,PA,AEA,EN,Combined TRACON& Tower with Radar,601,405,39,1,1046,0,0,6,5,11,601,405,45,6,1057,0,0,0,1057
11/09/2016,PHL,PA,AEA,EN,Combined TRACON& Tower with Radar,627,428,36,0,1091,0,0,0,1,1,627,428,36,1,1092,0,0,0,1092
11/10/2016,PHL,PA,AEA,EN,Combined TRACON& Tower with Radar,636,436,42,1,1115,0,3,10,0,13,636,439,52,1,1128,0,0,0,1128
11/11/2016,PHL,PA,AEA,EN,Combined TRACON& Tower with Radar,624,424,17,1,1066,0,3,6,0,9,624,427,23,1,1075,0,0,0,1075
11/12/2016,PHL,PA,AEA,EN,Combined TRACON& Tower with Radar,509,304,15,0,828,0,2,7,0,9,509,306,22,0,837,0,0,0,837
11/13/2016,PHL,PA,AEA,EN,Combined TRACON& Tower with Radar,564,408,45,0,1017,0,2,14,3,19,564,410,59,3,1036,0,0,0,1036
11/14/2016,PHL,PA,AEA,EN,Combined TRACON& Tower with Radar,587,429,36,0,1052,0,3,9,2,14,587,432,45,2,1066,0,0,0,1066
11/15/2016,PHL,PA,AEA,EN,Combined TRACON& Tower with Radar,632,405,39,2,1078,0,0,2,0,2,632,405,41,2,1080,0,0,0,1080
11/16/2016,PHL,PA,AEA,EN,Combined TRACON& Tower with Radar,634,414,36,0,1084,0,4,13,5,22,634,418,49,5,1106,0,0,0,1106
11/17/2016,PHL,PA,AEA,EN,Combined TRACON& Tower with Radar,633,438,51,0,1122,0,0,15,3,18,633,438,66,3,1140,0,0,0,1140
11/18/2016,PHL,PA,AEA,EN,Combined TRACON& Tower with Radar,622,431,36,2,1091,0,0,10,0,10,622,431,46,2,1101,0,0,0,1101
11/19/2016,PHL,PA,AEA,EN,Combined TRACON& Tower with Radar,530,310,20,0,860,0,1,0,0,1,530,311,20,0,861,0,0,0,861
11/20/2016,PHL,PA,AEA,EN,Combined TRACON& Tower with Radar,534,368,22,0,924,0,0,4,0,4,534,368,26,0,928,0,0,0,928
11/21/2016,PHL,PA,AEA,EN,Combined TRACON& Tower with Radar,548,391,31,0,970,0,0,4,0,4,548,391,35,0,974,0,0,0,974
11/22/2016,PHL,PA,AEA,EN,Combined TRACON& Tower with Radar,640,457,49,0,1146,0,0,9,1,10,640,457,58,1,1156,0,0,0,1156
11/23/2016,PHL,PA,AEA,EN,Combined TRACON& Tower with Radar,624,433,24,0,1081,0,0,19,0,19,624,433,43,0,1100,0,0,0,1100
11/24/2016,PHL,PA,AEA,EN,Combined TRACON& Tower with Radar,333,162,8,0,503,0,0,4,0,4,333,162,12,0,507,0,0,0,507
11/25/2016,PHL,PA,AEA,EN,Combined TRACON& Tower with Radar,356,166,15,0,537,0,0,11,0,11,356,166,26,0,548,0,0,0,548
11/26/2016,PHL,PA,AEA,EN,Combined TRACON& Tower with Radar,557,338,14,0,909,0,0,3,0,3,557,338,17,0,912,0,0,0,912
11/27/2016,PHL,PA,AEA,EN,Combined TRACON& Tower with Radar,611,457,45,0,1113,0,0,15,0,15,611,457,60,0,1128,0,0,0,1128
11/28/2016,PHL,PA,AEA,EN,Combined TRACON& Tower with Radar,614,442,24,0,1080,0,0,23,2,25,614,442,47,2,1105,0,0,0,1105
11/29/2016,PHL,PA,AEA,EN,Combined TRACON& Tower with Radar,675,408,24,0,1107,0,0,2,0,2,675,408,26,0,1109,0,0,0,1109
11/30/2016,PHL,PA,AEA,EN,Combined TRACON& Tower with Radar,626,402,36,0,1064,0,0,0,0,0,626,402,36,0,1064,0,0,0,1064
12/01/2016,PHL,PA,AEA,EN,Combined TRACON& Tower with Radar,617,435,35,0,1087,0,2,8,0,10,617,437,43,0,1097,0,0,0,1097
12/02/2016,PHL,PA,AEA,EN,Combined TRACON& Tower with Radar,605,426,21,0,1052,0,7,4,0,11,605,433,25,0,1063,0,0,0,1063
12/03/2016,PHL,PA,AEA,EN,Combined TRACON& Tower with Radar,469,274,5,0,748,0,1,4,0,5,469,275,9,0,753,0,0,0,753
12/04/2016,PHL,PA,AEA,EN,Combined TRACON& Tower with Radar,523,381,17,0,921,0,2,7,0,9,523,383,24,0,930,0,0,0,930
12/05/2016,PHL,PA,AEA,EN,Combined TRACON& Tower with Radar,557,406,35,0,998,0,1,5,0,6,557,407,40,0,1004,0,0,0,1004
12/06/2016,PHL,PA,AEA,EN,Combined TRACON& Tower with Radar,621,410,39,0,1070,0,1,2,2,5,621,411,41,2,1075,0,0,0,1075
12/07/2016,PHL,PA,AEA,EN,Combined TRACON& Tower with Radar,624,393,38,0,1055,0,0,1,0,1,624,393,39,0,1056,0,0,0,1056
12/08/2016,PHL,PA,AEA,EN,Combined TRACON& Tower with Radar,620,401,30,2,1053,0,11,5,2,18,620,412,35,4,1071,0,0,0,1071
12/09/2016,PHL,PA,AEA,EN,Combined TRACON& Tower with Radar,601,396,30,0,1027,0,0,3,1,4,601,396,33,1,1031,0,0,0,1031
12/10/2016,PHL,PA,AEA,EN,Combined TRACON& Tower with Radar,461,264,17,0,742,0,0,2,0,2,461,264,19,0,744,0,0,0,744
12/11/2016,PHL,PA,AEA,EN,Combined TRACON& Tower with Radar,483,371,30,2,886,0,2,3,0,5,483,373,33,2,891,0,0,0,891
12/12/2016,PHL,PA,AEA,EN,Combined TRACON& Tower with Radar,570,415,32,1,1018,0,0,1,2,3,570,415,33,3,1021,0,0,0,1021
12/13/2016,PHL,PA,AEA,EN,Combined TRACON& Tower with Radar,644,433,36,1,1114,0,2,8,0,10,644,435,44,1,1124,0,0,0,1124
12/14/2016,PHL,PA,AEA,EN,Combined TRACON& Tower with Radar,644,434,41,0,1119,0,1,6,2,9,644,435,47,2,1128,0,0,0,1128
12/15/2016,PHL,PA,AEA,EN,Combined TRACON& Tower with Radar,690,402,17,2,1111,0,0,1,0,1,690,402,18,2,1112,0,0,0,1112
12/16/2016,PHL,PA,AEA,EN,Combined TRACON& Tower with Radar,651,396,25,2,1074,0,0,14,1,15,651,396,39,3,1089,0,0,0,1089
12/17/2016,PHL,PA,AEA,EN,Combined TRACON& Tower with Radar,493,224,9,0,726,0,0,0,0,0,493,224,9,0,726,0,0,0,726
12/18/2016,PHL,PA,AEA,EN,Combined TRACON& Tower with Radar,588,347,23,2,960,0,0,3,0,3,588,347,26,2,963,0,0,0,963
12/19/2016,PHL,PA,AEA,EN,Combined TRACON& Tower with Radar,619,379,33,0,1031,0,1,10,0,11,619,380,43,0,1042,0,0,0,1042
12/20/2016,PHL,PA,AEA,EN,Combined TRACON& Tower with Radar,697,390,22,0,1109,0,0,10,0,10,697,390,32,0,1119,0,0,0,1119
12/21/2016,PHL,PA,AEA,EN,Combined TRACON& Tower with Radar,715,372,28,0,1115,0,0,14,0,14,715,372,42,0,1129,0,0,0,1129
12/22/2016,PHL,PA,AEA,EN,Combined TRACON& Tower with Radar,721,391,32,0,1144,1,2,8,0,11,722,393,40,0,1155,0,0,0,1155
12/23/2016,PHL,PA,AEA,EN,Combined TRACON& Tower with Radar,688,365,22,0,1075,0,2,6,0,8,688,367,28,0,1083,0,0,0,1083
12/24/2016,PHL,PA,AEA,EN,Combined TRACON& Tower with Radar,477,263,5,0,745,0,0,0,0,0,477,263,5,0,745,0,0,0,745
12/25/2016,PHL,PA,AEA,EN,Combined TRACON& Tower with Radar,381,171,6,0,558,0,2,2,0,4,381,173,8,0,562,0,0,0,562
12/26/2016,PHL,PA,AEA,EN,Combined TRACON& Tower with Radar,565,369,32,0,966,0,1,0,0,1,565,370,32,0,967,0,0,0,967
12/27/2016,PHL,PA,AEA,EN,Combined TRACON& Tower with Radar,610,374,16,0,1000,0,2,6,1,9,610,376,22,1,1009,0,0,0,1009
12/28/2016,PHL,PA,AEA,EN,Combined TRACON& Tower with Radar,652,366,14,0,1032,0,2,4,0,6,652,368,18,0,1038,0,0,0,1038
12/29/2016,PHL,PA,AEA,EN,Combined TRACON& Tower with Radar,651,335,11,0,997,0,0,0,0,0,651,335,11,0,997,0,0,0,997
12/30/2016,PHL,PA,AEA,EN,Combined TRACON& Tower with Radar,616,347,4,0,967,0,3,6,0,9,616,350,10,0,976,0,0,0,976
12/31/2016,PHL,PA,AEA,EN,Combined TRACON& Tower with Radar,543,334,13,0,890,0,2,2,0,4,543,336,15,0,894,0,0,0,894
01/01/2017,PHL,PA,AEA,EN,Combined TRACON& Tower with Radar,495,331,28,0,854,0,0,6,0,6,495,331,34,0,860,0,0,0,860
01/02/2017,PHL,PA,AEA,EN,Combined TRACON& Tower with Radar,563,347,26,0,936,0,0,0,0,0,563,347,26,0,936,0,0,0,936
01/03/2017,PHL,PA,AEA,EN,Combined TRACON& Tower with Radar,592,353,10,0,955,0,0,0,0,0,592,353,10,0,955,0,0,0,955
01/04/2017,PHL,PA,AEA,EN,Combined TRACON& Tower with Radar,618,369,30,0,1017,0,4,8,0,12,618,373,38,0,1029,0,0,0,1029
01/05/2017,PHL,PA,AEA,EN,Combined TRACON& Tower with Radar,624,354,22,1,1001,0,3,5,0,8,624,357,27,1,1009,0,0,0,1009
01/06/2017,PHL,PA,AEA,EN,Combined TRACON& Tower with Radar,590,341,16,0,947,0,2,7,0,9,590,343,23,0,956,0,0,0,956
01/07/2017,PHL,PA,AEA,EN,Combined TRACON& Tower with Radar,394,182,5,0,581,0,0,0,0,0,394,182,5,0,581,0,0,0,581
01/08/2017,PHL,PA,AEA,EN,Combined TRACON& Tower with Radar,514,352,23,0,889,0,0,0,0,0,514,352,23,0,889,0,0,0,889
01/09/2017,PHL,PA,AEA,EN,Combined TRACON& Tower with Radar,556,369,18,2,945,0,4,4,0,8,556,373,22,2,953,0,0,0,953
01/10/2017,PHL,PA,AEA,EN,Combined TRACON& Tower with Radar,545,332,33,0,910,0,2,6,3,11,545,334,39,3,921,0,0,0,921
01/11/2017,PHL,PA,AEA,EN,Combined TRACON& Tower with Radar,567,346,33,0,946,0,1,8,1,10,567,347,41,1,956,0,0,0,956
01/12/2017,PHL,PA,AEA,EN,Combined TRACON& Tower with Radar,595,387,35,0,1017,0,0,6,2,8,595,387,41,2,1025,0,0,0,1025
01/13/2017,PHL,PA,AEA,EN,Combined TRACON& Tower with Radar,579,392,30,3,1004,0,2,10,2,14,579,394,40,5,1018,0,0,0,1018
01/14/2017,PHL,PA,AEA,EN,Combined TRACON& Tower with Radar,475,278,11,0,764,0,0,0,2,2,475,278,11,2,766,0,0,0,766
01/15/2017,PHL,PA,AEA,EN,Combined TRACON& Tower with Radar,505,331,17,2,855,0,0,7,0,7,505,331,24,2,862,0,0,0,862
01/16/2017,PHL,PA,AEA,EN,Combined TRACON& Tower with Radar,545,390,41,0,976,0,2,16,0,18,545,392,57,0,994,0,0,0,994
01/17/2017,PHL,PA,AEA,EN,Combined TRACON& Tower with Radar,545,350,31,1,927,0,0,0,0,0,545,350,31,1,927,0,0,0,927
01/18/2017,PHL,PA,AEA,EN,Combined TRACON& Tower with Radar,560,345,46,1,952,0,0,7,0,7,560,345,53,1,959,0,0,0,959
01/19/2017,PHL,PA,AEA,EN,Combined TRACON& Tower with Radar,590,397,38,1,1026,0,3,10,0,13,590,400,48,1,1039,0,0,0,1039
01/20/2017,PHL,PA,AEA,EN,Combined TRACON& Tower with Radar,580,395,24,0,999,0,0,4,0,4,580,395,28,0,1003,0,0,0,1003
01/21/2017,PHL,PA,AEA,EN,Combined TRACON& Tower with Radar,480,258,19,0,757,0,0,0,0,0,480,258,19,0,757,0,0,0,757
01/22/2017,PHL,PA,AEA,EN,Combined TRACON& Tower with Radar,512,318,8,0,838,0,0,0,0,0,512,318,8,0,838,0,0,0,838
01/23/2017,PHL,PA,AEA,EN,Combined TRACON& Tower with Radar,531,306,30,0,867,0,0,0,0,0,531,306,30,0,867,0,0,0,867
01/24/2017,PHL,PA,AEA,EN,Combined TRACON& Tower with Radar,563,320,30,2,915,0,0,3,1,4,563,320,33,3,919,0,0,0,919
01/25/2017,PHL,PA,AEA,EN,Combined TRACON& Tower with Radar,560,359,35,2,956,0,2,4,1,7,560,361,39,3,963,0,0,0,963
01/26/2017,PHL,PA,AEA,EN,Combined TRACON& Tower with Radar,590,377,30,4,1001,0,0,27,0,27,590,377,57,4,1028,0,0,0,1028
01/27/2017,PHL,PA,AEA,EN,Combined TRACON& Tower with Radar,573,388,39,2,1002,0,1,11,3,15,573,389,50,5,1017,0,0,0,1017
01/28/2017,PHL,PA,AEA,EN,Combined TRACON& Tower with Radar,482,285,24,0,791,0,2,0,0,2,482,287,24,0,793,0,0,0,793
01/29/2017,PHL,PA,AEA,EN,Combined TRACON& Tower with Radar,509,377,31,0,917,0,2,54,0,56,509,379,85,0,973,0,0,0,973
01/30/2017,PHL,PA,AEA,EN,Combined TRACON& Tower with Radar,551,379,34,2,966,0,1,12,0,13,551,380,46,2,979,0,0,0,979
01/31/2017,PHL,PA,AEA,EN,Combined TRACON& Tower with Radar,552,328,26,0,906,0,0,8,0,8,552,328,34,0,914,0,0,0,914
02/01/2017,PHL,PA,AEA,EN,Combined TRACON& Tower with Radar,564,360,31,0,955,0,2,14,2,18,564,362,45,2,973,0,0,0,973
02/02/2017,PHL,PA,AEA,EN,Combined TRACON& Tower with Radar,590,379,45,0,1014,0,1,10,3,14,590,380,55,3,1028,0,0,0,1028
02/03/2017,PHL,PA,AEA,EN,Combined TRACON& Tower with Radar,575,384,35,1,995,0,1,5,1,7,575,385,40,2,1002,0,0,0,1002
02/04/2017,PHL,PA,AEA,EN,Combined TRACON& Tower with Radar,479,274,15,0,768,0,2,16,0,18,479,276,31,0,786,0,0,0,786
02/05/2017,PHL,PA,AEA,EN,Combined TRACON& Tower with Radar,496,351,16,0,863,0,0,4,0,4,496,351,20,0,867,0,0,0,867
02/06/2017,PHL,PA,AEA,EN,Combined TRACON& Tower with Radar,545,396,34,1,976,0,7,11,1,19,545,403,45,2,995,0,0,0,995
02/07/2017,PHL,PA,AEA,EN,Combined TRACON& Tower with Radar,551,332,25,0,908,0,2,4,0,6,551,334,29,0,914,0,0,0,914
02/08/2017,PHL,PA,AEA,EN,Combined TRACON& Tower with Radar,557,368,49,0,974,0,0,12,3,15,557,368,61,3,989,0,0,0,989
02/09/2017,PHL,PA,AEA,EN,Combined TRACON& Tower with Radar,398,171,13,0,582,0,1,0,0,1,398,172,13,0,583,0,0,0,583
02/10/2017,PHL,PA,AEA,EN,Combined TRACON& Tower with Radar,571,385,47,0,1003,0,1,14,2,17,571,386,61,2,1020,0,0,0,1020
02/11/2017,PHL,PA,AEA,EN,Combined TRACON& Tower with Radar,480,275,16,0,771,0,0,3,0,3,480,275,19,0,774,0,0,0,774
02/12/2017,PHL,PA,AEA,EN,Combined TRACON& Tower with Radar,497,310,30,0,837,0,0,0,0,0,497,310,30,0,837,0,0,0,837
02/13/2017,PHL,PA,AEA,EN,Combined TRACON& Tower with Radar,538,344,21,1,904,0,1,1,0,2,538,345,22,1,906,0,0,0,906
02/14/2017,PHL,PA,AEA,EN,Combined TRACON& Tower with Radar,541,350,33,0,924,0,4,10,0,14,541,354,43,0,938,0,0,0,938
02/15/2017,PHL,PA,AEA,EN,Combined TRACON& Tower with Radar,554,360,40,1,955,0,1,11,4,16,554,361,51,5,971,0,0,0,971
02/16/2017,PHL,PA,AEA,EN,Combined TRACON& Tower with Radar,616,408,57,0,1081,0,0,3,0,3,616,408,60,0,1084,0,0,0,1084
02/17/2017,PHL,PA,AEA,EN,Combined TRACON& Tower with Radar,594,390,48,0,1032,0,3,9,1,13,594,393,57,1,1045,0,0,0,1045
02/18/2017,PHL,PA,AEA,EN,Combined TRACON& Tower with Radar,497,281,15,2,795,0,0,6,0,6,497,281,21,2,801,0,0,0,801
02/19/2017,PHL,PA,AEA,EN,Combined TRACON& Tower with Radar,514,352,4,2,872,0,3,7,0,10,514,355,11,2,882,0,0,0,882
02/20/2017,PHL,PA,AEA,EN,Combined TRACON& Tower with Radar,574,404,38,0,1016,0,2,11,0,13,574,406,49,0,1029,0,0,0,1029
02/21/2017,PHL,PA,AEA,EN,Combined TRACON& Tower with Radar,594,389,35,0,1018,0,1,4,0,5,594,390,39,0,1023,0,0,0,1023
02/22/2017,PHL,PA,AEA,EN,Combined TRACON& Tower with Radar,574,328,34,0,936,0,0,14,12,26,574,328,48,12,962,0,0,0,962
02/23/2017,PHL,PA,AEA,EN,Combined TRACON& Tower with Radar,614,381,41,0,1036,0,2,4,2,8,614,383,45,2,1044,0,0,0,1044
02/24/2017,PHL,PA,AEA,EN,Combined TRACON& Tower with Radar,594,394,30,0,1018,0,3,11,0,14,594,397,41,0,1032,0,0,0,1032
02/25/2017,PHL,PA,AEA,EN,Combined TRACON& Tower with Radar,500,274,7,0,781,0,0,0,0,0,500,274,7,0,781,0,0,0,781
02/26/2017,PHL,PA,AEA,EN,Combined TRACON& Tower with Radar,545,398,24,0,967,0,1,7,0,8,545,399,31,0,975,0,0,0,975
02/27/2017,PHL,PA,AEA,EN,Combined TRACON& Tower with Radar,579,392,29,0,1000,0,0,17,6,23,579,392,46,6,1023,0,0,0,1023
02/28/2017,PHL,PA,AEA,EN,Combined TRACON& Tower with Radar,610,397,39,0,1046,0,0,16,4,20,610,397,55,4,1066,0,0,0,1066
03/01/2017,PHL,PA,AEA,EN,Combined TRACON& Tower with Radar,593,324,37,0,954,0,0,3,0,3,593,324,40,0,957,0,0,0,957
03/02/2017,PHL,PA,AEA,EN,Combined TRACON& Tower with Radar,632,399,37,0,1068,0,0,3,2,5,632,399,40,2,1073,0,0,0,1073
03/03/2017,PHL,PA,AEA,EN,Combined TRACON& Tower with Radar,595,372,32,0,999,0,0,1,6,7,595,372,33,6,1006,0,0,0,1006
03/04/2017,PHL,PA,AEA,EN,Combined TRACON& Tower with Radar,507,283,28,0,818,0,2,4,0,6,507,285,32,0,824,0,0,0,824
03/05/2017,PHL,PA,AEA,EN,Combined TRACON& Tower with Radar,574,338,21,0,933,0,1,8,1,10,574,339,29,1,943,0,0,0,943
03/06/2017,PHL,PA,AEA,EN,Combined TRACON& Tower with Radar,598,368,29,0,995,0,1,9,0,10,598,369,38,0,1005,0,0,0,1005
03/07/2017,PHL,PA,AEA,EN,Combined TRACON& Tower with Radar,619,357,37,0,1013,0,0,3,0,3,619,357,40,0,1016,0,0,0,1016
03/08/2017,PHL,PA,AEA,EN,Combined TRACON& Tower with Radar,632,355,36,0,1023,0,0,7,0,7,632,355,43,0,1030,0,0,0,1030
03/09/2017,PHL,PA,AEA,EN,Combined TRACON& Tower with Radar,642,369,37,0,1048,0,0,6,1,7,642,369,43,1,1055,0,0,0,1055
03/10/2017,PHL,PA,AEA,EN,Combined TRACON& Tower with Radar,611,332,25,0,968,0,0,1,0,1,611,332,26,0,969,0,0,0,969
03/11/2017,PHL,PA,AEA,EN,Combined TRACON& Tower with Radar,558,275,22,4,859,0,1,4,0,5,558,276,26,4,864,0,0,0,864
03/12/2017,PHL,PA,AEA,EN,Combined TRACON& Tower with Radar,580,358,33,0,971,0,0,3,0,3,580,358,36,0,974,0,0,0,974
03/13/2017,PHL,PA,AEA,EN,Combined TRACON& Tower with Radar,555,386,68,0,1009,0,7,2,2,11,555,393,70,2,1020,0,0,0,1020
03/14/2017,PHL,PA,AEA,EN,Combined TRACON& Tower with Radar,103,17,6,0,126,0,0,0,0,0,103,17,6,0,126,0,0,0,126
03/15/2017,PHL,PA,AEA,EN,Combined TRACON& Tower with Radar,587,300,24,0,911,0,0,0,1,1,587,300,24,1,912,0,0,0,912
03/16/2017,PHL,PA,AEA,EN,Combined TRACON& Tower with Radar,671,363,39,2,1075,0,5,11,0,16,671,368,50,2,1091,0,0,0,1091
03/17/2017,PHL,PA,AEA,EN,Combined TRACON& Tower with Radar,638,371,32,2,1043,0,1,7,0,8,638,372,39,2,1051,0,0,0,1051
03/18/2017,PHL,PA,AEA,EN,Combined TRACON& Tower with Radar,560,253,18,0,831,0,0,0,0,0,560,253,18,0,831,0,0,0,831
03/19/2017,PHL,PA,AEA,EN,Combined TRACON& Tower with Radar,592,354,21,0,967,0,0,1,0,1,592,354,22,0,968,0,0,0,968
03/20/2017,PHL,PA,AEA,EN,Combined TRACON& Tower with Radar,609,354,31,0,994,0,2,4,2,8,609,356,35,2,1002,0,0,0,1002
03/21/2017,PHL,PA,AEA,EN,Combined TRACON& Tower with Radar,632,357,32,0,1021,0,2,5,0,7,632,359,37,0,1028,0,0,0,1028
03/22/2017,PHL,PA,AEA,EN,Combined TRACON& Tower with Radar,638,400,42,0,1080,0,0,6,0,6,638,400,48,0,1086,0,0,0,1086
03/23/2017,PHL,PA,AEA,EN,Combined TRACON& Tower with Radar,649,392,34,2,1077,0,0,6,1,7,649,392,40,3,1084,0,0,0,1084
03/24/2017,PHL,PA,AEA,EN,Combined TRACON& Tower with Radar,629,391,42,0,1062,0,2,10,2,14,629,393,52,2,1076,0,0,0,1076
03/25/2017,PHL,PA,AEA,EN,Combined TRACON& Tower with Radar,560,273,24,0,857,0,1,2,0,3,560,274,26,0,860,0,0,0,860
03/26/2017,PHL,PA,AEA,EN,Combined TRACON& Tower with Radar,578,358,22,0,958,0,0,0,0,0,578,358,22,0,958,0,0,0,958
03/27/2017,PHL,PA,AEA,EN,Combined TRACON& Tower with Radar,616,377,25,0,1018,0,0,1,0,1,616,377,26,0,1019,0,0,0,1019
03/28/2017,PHL,PA,AEA,EN,Combined TRACON& Tower with Radar,629,334,38,0,1001,0,0,4,0,4,629,334,42,0,1005,0,0,0,1005
03/29/2017,PHL,PA,AEA,EN,Combined TRACON& Tower with Radar,648,371,27,1,1047,0,2,9,0,11,648,373,36,1,1058,0,0,0,1058
03/30/2017,PHL,PA,AEA,EN,Combined TRACON& Tower with Radar,647,370,41,0,1058,0,2,14,0,16,647,372,55,0,1074,0,0,0,1074
03/31/2017,PHL,PA,AEA,EN,Combined TRACON& Tower with Radar,632,341,49,0,1022,0,0,0,0,0,632,341,49,0,1022,0,0,0,1022
04/01/2017,PHL,PA,AEA,EN,Combined TRACON& Tower with Radar,551,272,18,0,841,0,0,2,0,2,551,272,20,0,843,0,0,0,843
04/02/2017,PHL,PA,AEA,EN,Combined TRACON& Tower with Radar,579,379,23,0,981,0,3,4,0,7,579,382,27,0,988,0,0,0,988
04/03/2017,PHL,PA,AEA,EN,Combined TRACON& Tower with Radar,595,387,34,0,1016,0,2,5,5,12,595,389,39,5,1028,0,0,0,1028
04/04/2017,PHL,PA,AEA,EN,Combined TRACON& Tower with Radar,652,396,40,1,1089,0,0,1,2,3,652,396,41,3,1092,0,0,0,1092
04/05/2017,PHL,PA,AEA,EN,Combined TRACON& Tower with Radar,632,383,56,1,1072,0,0,11,3,14,632,383,67,4,1086,0,0,0,1086
04/06/2017,PHL,PA,AEA,EN,Combined TRACON& Tower with Radar,615,302,49,0,966,0,0,3,2,5,615,302,52,2,971,0,0,0,971
04/07/2017,PHL,PA,AEA,EN,Combined TRACON& Tower with Radar,645,417,45,0,1107,0,5,4,2,11,645,422,49,2,1118,0,0,0,1118
04/08/2017,PHL,PA,AEA,EN,Combined TRACON& Tower with Radar,553,302,32,1,888,0,1,4,0,5,553,303,36,1,893,0,0,0,893
04/09/2017,PHL,PA,AEA,EN,Combined TRACON& Tower with Radar,584,383,30,0,997,0,0,3,0,3,584,383,33,0,1000,0,0,0,1000
04/10/2017,PHL,PA,AEA,EN,Combined TRACON& Tower with Radar,628,392,27,0,1047,0,1,11,1,13,628,393,38,1,1060,0,0,0,1060
04/11/2017,PHL,PA,AEA,EN,Combined TRACON& Tower with Radar,647,381,32,0,1060,0,0,8,0,8,647,381,40,0,1068,0,0,0,1068
04/12/2017,PHL,PA,AEA,EN,Combined TRACON& Tower with Radar,650,395,49,0,1094,0,3,9,0,12,650,398,58,0,1106,0,0,0,1106
04/13/2017,PHL,PA,AEA,EN,Combined TRACON& Tower with Radar,671,397,34,0,1102,0,1,2,0,3,671,398,36,0,1105,0,0,0,1105
04/14/2017,PHL,PA,AEA,EN,Combined TRACON& Tower with Radar,643,379,22,0,1044,0,0,17,1,18,643,379,39,1,1062,0,0,0,1062
04/15/2017,PHL,PA,AEA,EN,Combined TRACON& Tower with Radar,553,287,15,0,855,0,0,1,1,2,553,287,16,1,857,0,0,0,857
04/16/2017,PHL,PA,AEA,EN,Combined TRACON& Tower with Radar,574,368,19,0,961,0,0,6,0,6,574,368,25,0,967,0,0,0,967
04/17/2017,PHL,PA,AEA,EN,Combined TRACON& Tower with Radar,627,381,32,0,1040,0,1,8,1,10,627,382,40,1,1050,0,0,0,1050
04/18/2017,PHL,PA,AEA,EN,Combined TRACON& Tower with Radar,640,380,26,2,1048,0,0,12,0,12,640,380,38,2,1060,0,0,0,1060
04/19/2017,PHL,PA,AEA,EN,Combined TRACON& Tower with Radar,650,376,43,0,1069,0,0,7,0,7,650,376,50,0,1076,0,0,0,1076
04/20/2017,PHL,PA,AEA,EN,Combined TRACON& Tower with Radar,625,386,39,1,1051,0,0,6,0,6,625,386,45,1,1057,0,0,0,1057
04/21/2017,PHL,PA,AEA,EN,Combined TRACON& Tower with Radar,648,390,41,3,1082,0,0,3,0,3,648,390,44,3,1085,0,0,0,1085
04/22/2017,PHL,PA,AEA,EN,Combined TRACON& Tower with Radar,558,295,29,3,885,0,0,0,0,0,558,295,29,3,885,0,0,0,885
04/23/2017,PHL,PA,AEA,EN,Combined TRACON& Tower with Radar,597,361,41,0,999,0,0,6,0,6,597,361,47,0,1005,0,0,0,1005
04/24/2017,PHL,PA,AEA,EN,Combined TRACON& Tower with Radar,625,392,43,0,1060,0,0,10,3,13,625,392,53,3,1073,0,0,0,1073
04/25/2017,PHL,PA,AEA,EN,Combined TRACON& Tower with Radar,641,350,26,0,1017,0,0,0,0,0,641,350,26,0,1017,0,0,0,1017
04/26/2017,PHL,PA,AEA,EN,Combined TRACON& Tower with Radar,648,383,57,0,1088,0,0,9,1,10,648,383,66,1,1098,0,0,0,1098
04/27/2017,PHL,PA,AEA,EN,Combined TRACON& Tower with Radar,666,400,62,0,1128,0,2,9,0,11,666,402,71,0,1139,0,0,0,1139
04/28/2017,PHL,PA,AEA,EN,Combined TRACON& Tower with Radar,647,392,59,0,1098,0,0,9,2,11,647,392,68,2,1109,0,0,0,1109
04/29/2017,PHL,PA,AEA,EN,Combined TRACON& Tower with Radar,545,277,22,0,844,0,2,5,0,7,545,279,27,0,851,0,0,0,851
04/30/2017,PHL,PA,AEA,EN,Combined TRACON& Tower with Radar,584,377,18,0,979,0,0,4,0,4,584,377,22,0,983,0,0,0,983
05/01/2017,PHL,PA,AEA,EN,Combined TRACON& Tower with Radar,628,359,34,0,1021,0,0,9,0,9,628,359,43,0,1030,0,0,0,1030
05/02/2017,PHL,PA,AEA,EN,Combined TRACON& Tower with Radar,658,372,28,0,1058,0,3,14,3,20,658,375,42,3,1078,0,0,0,1078
05/03/2017,PHL,PA,AEA,EN,Combined TRACON& Tower with Radar,654,402,47,0,1103,0,2,3,0,5,654,404,50,0,1108,0,0,0,1108
05/04/2017,PHL,PA,AEA,EN,Combined TRACON& Tower with Radar,667,405,44,0,1116,0,3,20,2,25,667,408,64,2,1141,0,0,0,1141
05/05/2017,PHL,PA,AEA,EN,Combined TRACON& Tower with Radar,672,387,36,1,1096,0,0,0,0,0,672,387,36,1,1096,0,0,0,1096
05/06/2017,PHL,PA,AEA,EN,Combined TRACON& Tower with Radar,565,309,12,0,886,0,0,0,0,0,565,309,12,0,886,0,0,0,886
05/07/2017,PHL,PA,AEA,EN,Combined TRACON& Tower with Radar,615,379,34,0,1028,0,1,3,0,4,615,380,37,0,1032,0,0,0,1032
05/08/2017,PHL,PA,AEA,EN,Combined TRACON& Tower with Radar,648,398,37,0,1083,0,3,7,0,10,648,401,44,0,1093,0,0,0,1093
05/09/2017,PHL,PA,AEA,EN,Combined TRACON& Tower with Radar,679,401,53,0,1133,0,4,2,0,6,679,405,55,0,1139,0,0,0,1139
05/10/2017,PHL,PA,AEA,EN,Combined TRACON& Tower with Radar,682,400,56,2,1140,0,1,20,2,23,682,401,76,4,1163,0,0,0,1163
05/11/2017,PHL,PA,AEA,EN,Combined TRACON& Tower with Radar,686,407,67,0,1160,0,3,1,0,4,686,410,68,0,1164,0,0,0,1164
05/12/2017,PHL,PA,AEA,EN,Combined TRACON& Tower with Radar,674,418,40,2,1134,0,0,14,1,15,674,418,54,3,1149,0,0,0,1149
05/13/2017,PHL,PA,AEA,EN,Combined TRACON& Tower with Radar,568,312,16,0,896,0,0,0,0,0,568,312,16,0,896,0,0,0,896
05/14/2017,PHL,PA,AEA,EN,Combined TRACON& Tower with Radar,625,384,30,2,1041,0,1,2,0,3,625,385,32,2,1044,0,0,0,1044
05/15/2017,PHL,PA,AEA,EN,Combined TRACON& Tower with Radar,649,401,38,2,1090,0,2,15,0,17,649,403,53,2,1107,0,0,0,1107
05/16/2017,PHL,PA,AEA,EN,Combined TRACON& Tower with Radar,676,404,36,0,1116,0,4,10,1,15,676,408,46,1,1131,0,0,0,1131
05/17/2017,PHL,PA,AEA,EN,Combined TRACON& Tower with Radar,678,381,52,0,1111,0,2,6,4,12,678,383,58,4,1123,0,0,0,1123
05/18/2017,PHL,PA,AEA,EN,Combined TRACON& Tower with Radar,684,402,48,0,1134,0,2,11,0,13,684,404,59,0,1147,0,0,0,1147
05/19/2017,PHL,PA,AEA,EN,Combined TRACON& Tower with Radar,674,389,37,4,1104,0,3,7,0,10,674,392,44,4,1114,0,0,0,1114
05/20/2017,PHL,PA,AEA,EN,Combined TRACON& Tower with Radar,575,299,30,0,904,0,1,3,0,4,575,300,33,0,908,0,0,0,908
05/21/2017,PHL,PA,AEA,EN,Combined TRACON& Tower with Radar,618,381,24,0,1023,0,0,8,0,8,618,381,32,0,1031,0,0,0,1031
05/22/2017,PHL,PA,AEA,EN,Combined TRACON& Tower with Radar,644,373,38,0,1055,0,0,0,0,0,644,373,38,0,1055,0,0,0,1055
05/23/2017,PHL,PA,AEA,EN,Combined TRACON& Tower with Radar,695,396,52,0,1143,0,0,2,2,4,695,396,54,2,1147,0,0,0,1147
05/24/2017,PHL,PA,AEA,EN,Combined TRACON& Tower with Radar,679,387,45,0,1111,0,2,12,2,16,679,389,57,2,1127,0,0,0,1127
05/25/2017,PHL,PA,AEA,EN,Combined TRACON& Tower with Radar,587,328,42,0,957,0,0,0,0,0,587,328,42,0,957,0,0,0,957
05/26/2017,PHL,PA,AEA,EN,Combined TRACON& Tower with Radar,699,369,50,0,1118,0,2,10,0,12,699,371,60,0,1130,0,0,0,1130
05/27/2017,PHL,PA,AEA,EN,Combined TRACON& Tower with Radar,577,301,22,0,900,0,0,4,0,4,577,301,26,0,904,0,0,0,904
05/28/2017,PHL,PA,AEA,EN,Combined TRACON& Tower with Radar,538,303,9,0,850,0,0,3,0,3,538,303,12,0,853,0,0,0,853
05/29/2017,PHL,PA,AEA,EN,Combined TRACON& Tower with Radar,620,387,24,0,1031,0,0,1,0,1,620,387,25,0,1032,0,0,0,1032
05/30/2017,PHL,PA,AEA,EN,Combined TRACON& Tower with Radar,656,380,37,0,1073,0,0,0,0,0,656,380,37,0,1073,0,0,0,1073
05/31/2017,PHL,PA,AEA,EN,Combined TRACON& Tower with Radar,696,390,29,0,1115,0,5,5,0,10,696,395,34,0,1125,0,0,0,1125
06/01/2017,PHL,PA,AEA,EN,Combined TRACON& Tower with Radar,694,394,30,0,1118,0,2,16,1,19,694,396,46,1,1137,0,0,0,1137
06/02/2017,PHL,PA,AEA,EN,Combined TRACON& Tower with Radar,670,387,25,0,1082,0,0,5,0,5,670,387,30,0,1087,0,0,0,1087
06/03/2017,PHL,PA,AEA,EN,Combined TRACON& Tower with Radar,595,341,21,0,957,0,1,2,0,3,595,342,23,0,960,0,0,0,960
06/04/2017,PHL,PA,AEA,EN,Combined TRACON& Tower with Radar,622,379,30,0,1031,0,3,2,0,5,622,382,32,0,1036,0,0,0,1036
06/05/2017,PHL,PA,AEA,EN,Combined TRACON& Tower with Radar,643,384,44,0,1071,0,2,7,1,10,643,386,51,1,1081,0,0,0,1081
06/06/2017,PHL,PA,AEA,EN,Combined TRACON& Tower with Radar,684,409,51,0,1144,0,2,2,0,4,684,411,53,0,1148,0,0,0,1148
06/07/2017,PHL,PA,AEA,EN,Combined TRACON& Tower with Radar,688,432,46,0,1166,0,0,13,1,14,688,432,59,1,1180,0,0,0,1180
06/08/2017,PHL,PA,AEA,EN,Combined TRACON& Tower with Radar,684,427,52,4,1167,0,0,7,0,7,684,427,59,4,1174,0,0,0,1174
06/09/2017,PHL,PA,AEA,EN,Combined TRACON& Tower with Radar,672,416,41,0,1129,0,2,13,1,16,672,418,54,1,1145,0,0,0,1145
06/10/2017,PHL,PA,AEA,EN,Combined TRACON& Tower with Radar,609,334,25,0,968,0,0,6,0,6,609,334,31,0,974,0,0,0,974
06/11/2017,PHL,PA,AEA,EN,Combined TRACON& Tower with Radar,625,383,33,0,1041,0,1,3,2,6,625,384,36,2,1047,0,0,0,1047
06/12/2017,PHL,PA,AEA,EN,Combined TRACON& Tower with Radar,653,415,43,0,1111,0,4,8,0,12,653,419,51,0,1123,0,0,0,1123
06/13/2017,PHL,PA,AEA,EN,Combined TRACON& Tower with Radar,701,380,28,0,1109,0,0,18,0,18,701,380,46,0,1127,0,0,0,1127
06/14/2017,PHL,PA,AEA,EN,Combined TRACON& Tower with Radar,677,384,47,0,1108,0,2,6,1,9,677,386,53,1,1117,0,0,0,1117
06/15/2017,PHL,PA,AEA,EN,Combined TRACON& Tower with Radar,674,387,27,2,1090,0,4,10,1,15,674,391,37,3,1105,0,0,0,1105
06/16/2017,PHL,PA,AEA,EN,Combined TRACON& Tower with Radar,665,379,31,1,1076,0,0,10,0,10,665,379,41,1,1086,0,0,0,1086
06/17/2017,PHL,PA,AEA,EN,Combined TRACON& Tower with Radar,638,308,11,0,957,0,0,1,0,1,638,308,12,0,958,0,0,0,958
06/18/2017,PHL,PA,AEA,EN,Combined TRACON& Tower with Radar,637,389,29,1,1056,0,1,3,0,4,637,390,32,1,1060,0,0,0,1060
06/19/2017,PHL,PA,AEA,EN,Combined TRACON& Tower with Radar,516,240,42,0,798,0,3,0,0,3,516,243,42,0,801,0,0,0,801
06/20/2017,PHL,PA,AEA,EN,Combined TRACON& Tower with Radar,700,404,44,1,1149,0,4,9,0,13,700,408,53,1,1162,0,0,0,1162
06/21/2017,PHL,PA,AEA,EN,Combined TRACON& Tower with Radar,694,377,46,0,1117,0,0,9,6,15,694,377,55,6,1132,0,0,0,1132
06/22/2017,PHL,PA,AEA,EN,Combined TRACON& Tower with Radar,688,396,44,0,1128,0,2,17,0,19,688,398,61,0,1147,0,0,0,1147
06/23/2017,PHL,PA,AEA,EN,Combined TRACON& Tower with Radar,664,349,33,0,1046,0,0,3,0,3,664,349,36,0,1049,0,0,0,1049
06/24/2017,PHL,PA,AEA,EN,Combined TRACON& Tower with Radar,617,314,19,0,950,0,0,10,0,10,617,314,29,0,960,0,0,0,960
06/25/2017,PHL,PA,AEA,EN,Combined TRACON& Tower with Radar,645,377,20,0,1042,0,1,9,0,10,645,378,29,0,1052,0,0,0,1052
06/26/2017,PHL,PA,AEA,EN,Combined TRACON& Tower with Radar,653,388,33,1,1075,0,3,9,0,12,653,391,42,1,1087,0,0,0,1087
06/27/2017,PHL,PA,AEA,EN,Combined TRACON& Tower with Radar,695,409,22,0,1126,0,2,3,0,5,695,411,25,0,1131,0,0,0,1131
06/28/2017,PHL,PA,AEA,EN,Combined TRACON& Tower with Radar,696,423,64,0,1183,0,4,10,1,15,696,427,74,1,1198,0,0,0,1198
06/29/2017,PHL,PA,AEA,EN,Combined TRACON& Tower with Radar,696,408,42,1,1147,0,5,14,2,21,696,413,56,3,1168,0,0,0,1168
06/30/2017,PHL,PA,AEA,EN,Combined TRACON& Tower with Radar,669,371,42,0,1082,0,1,18,0,19,669,372,60,0,1101,0,0,0,1101
07/01/2017,PHL,PA,AEA,EN,Combined TRACON& Tower with Radar,584,285,21,0,890,0,0,0,0,0,584,285,21,0,890,0,0,0,890
07/02/2017,PHL,PA,AEA,EN,Combined TRACON& Tower with Radar,566,307,21,0,894,0,0,0,0,0,566,307,21,0,894,0,0,0,894
07/03/2017,PHL,PA,AEA,EN,Combined TRACON& Tower with Radar,554,298,12,0,864,0,3,0,0,3,554,301,12,0,867,0,0,0,867
07/04/2017,PHL,PA,AEA,EN,Combined TRACON& Tower with Radar,634,367,14,0,1015,0,2,2,0,4,634,369,16,0,1019,0,0,0,1019
07/05/2017,PHL,PA,AEA,EN,Combined TRACON& Tower with Radar,670,397,18,0,1085,1,0,8,1,10,671,397,26,1,1095,0,0,0,1095
07/06/2017,PHL,PA,AEA,EN,Combined TRACON& Tower with Radar,696,390,36,0,1122,0,0,0,0,0,696,390,36,0,1122,0,0,0,1122
07/07/2017,PHL,PA,AEA,EN,Combined TRACON& Tower with Radar,680,353,36,0,1069,0,1,1,0,2,680,354,37,0,1071,0,0,0,1071
07/08/2017,PHL,PA,AEA,EN,Combined TRACON& Tower with Radar,617,316,21,0,954,0,1,4,0,5,617,317,25,0,959,0,0,0,959
07/09/2017,PHL,PA,AEA,EN,Combined TRACON& Tower with Radar,640,373,24,0,1037,0,1,2,0,3,640,374,26,0,1040,0,0,0,1040
07/10/2017,PHL,PA,AEA,EN,Combined TRACON& Tower with Radar,637,375,36,1,1049,0,2,2,0,4,637,377,38,1,1053,0,0,0,1053
07/11/2017,PHL,PA,AEA,EN,Combined TRACON& Tower with Radar,707,383,25,2,1117,0,2,7,0,9,707,385,32,2,1126,0,0,0,1126
07/12/2017,PHL,PA,AEA,EN,Combined TRACON& Tower with Radar,681,407,37,0,1125,0,6,11,0,17,681,413,48,0,1142,0,0,0,1142
07/13/2017,PHL,PA,AEA,EN,Combined TRACON& Tower with Radar,708,362,47,0,1117,0,1,7,0,8,708,363,54,0,1125,0,0,0,1125
07/14/2017,PHL,PA,AEA,EN,Combined TRACON& Tower with Radar,591,285,30,0,906,0,0,2,0,2,591,285,32,0,908,0,0,0,908
07/15/2017,PHL,PA,AEA,EN,Combined TRACON& Tower with Radar,604,296,10,0,910,0,2,2,2,6,604,298,12,2,916,0,0,0,916
07/16/2017,PHL,PA,AEA,EN,Combined TRACON& Tower with Radar,646,382,28,0,1056,0,0,10,0,10,646,382,38,0,1066,0,0,0,1066
07/17/2017,PHL,PA,AEA,EN,Combined TRACON& Tower with Radar,628,333,37,0,998,0,3,1,2,6,628,336,38,2,1004,0,0,0,1004
07/18/2017,PHL,PA,AEA,EN,Combined TRACON& Tower with Radar,716,405,38,0,1159,0,4,7,0,11,716,409,45,0,1170,0,0,0,1170
07/19/2017,PHL,PA,AEA,EN,Combined TRACON& Tower with Radar,704,408,55,0,1167,0,0,15,3,18,704,408,70,3,1185,0,0,0,1185
07/20/2017,PHL,PA,AEA,EN,Combined TRACON& Tower with Radar,699,413,29,1,1142,0,0,16,2,18,699,413,45,3,1160,0,0,0,1160
07/21/2017,PHL,PA,AEA,EN,Combined TRACON& Tower with Radar,668,414,34,0,1116,0,2,13,0,15,668,416,47,0,1131,0,0,0,1131
07/22/2017,PHL,PA,AEA,EN,Combined TRACON& Tower with Radar,618,318,8,0,944,0,1,4,0,5,618,319,12,0,949,0,0,0,949
07/23/2017,PHL,PA,AEA,EN,Combined TRACON& Tower with Radar,569,325,27,1,922,0,0,0,0,0,569,325,27,1,922,0,0,0,922
07/24/2017,PHL,PA,AEA,EN,Combined TRACON& Tower with Radar,653,383,48,0,1084,0,1,0,0,1,653,384,48,0,1085,0,0,0,1085
07/25/2017,PHL,PA,AEA,EN,Combined TRACON& Tower with Radar,704,403,35,0,1142,0,2,3,0,5,704,405,38,0,1147,0,0,0,1147
07/26/2017,PHL,PA,AEA,EN,Combined TRACON& Tower with Radar,706,396,38,0,1140,0,1,10,0,11,706,397,48,0,1151,0,0,0,1151
07/27/2017,PHL,PA,AEA,EN,Combined TRACON& Tower with Radar,690,403,29,0,1122,0,0,6,1,7,690,403,35,1,1129,0,0,0,1129
07/28/2017,PHL,PA,AEA,EN,Combined TRACON& Tower with Radar,670,356,31,0,1057,0,0,8,0,8,670,356,39,0,1065,0,0,0,1065
07/29/2017,PHL,PA,AEA,EN,Combined TRACON& Tower with Radar,614,329,22,0,965,0,0,1,0,1,614,329,23,0,966,0,0,0,966
07/30/2017,PHL,PA,AEA,EN,Combined TRACON& Tower with Radar,639,397,28,0,1064,0,3,4,0,7,639,400,32,0,1071,0,0,0,1071
07/31/2017,PHL,PA,AEA,EN,Combined TRACON& Tower with Radar,660,411,25,0,1096,0,2,16,0,18,660,413,41,0,1114,0,0,0,1114
08/01/2017,PHL,PA,AEA,EN,Combined TRACON& Tower with Radar,716,390,29,0,1135,0,5,9,0,14,716,395,38,0,1149,0,0,0,1149
08/02/2017,PHL,PA,AEA,EN,Combined TRACON& Tower with Radar,601,269,30,4,904,0,0,6,0,6,601,269,36,4,910,0,0,0,910
08/03/2017,PHL,PA,AEA,EN,Combined TRACON& Tower with Radar,698,378,34,2,1112,0,0,12,0,12,698,378,46,2,1124,0,0,0,1124
08/04/2017,PHL,PA,AEA,EN,Combined TRACON& Tower with Radar,657,321,28,0,1006,0,2,17,1,20,657,323,45,1,1026,0,0,0,1026
08/05/2017,PHL,PA,AEA,EN,Combined TRACON& Tower with Radar,648,323,19,0,990,0,0,10,2,12,648,323,29,2,1002,0,0,0,1002
08/06/2017,PHL,PA,AEA,EN,Combined TRACON& Tower with Radar,631,398,28,1,1058,0,2,2,0,4,631,400,30,1,1062,0,0,0,1062
08/07/2017,PHL,PA,AEA,EN,Combined TRACON& Tower with Radar,648,401,36,4,1089,0,0,1,0,1,648,401,37,4,1090,0,0,0,1090
08/08/2017,PHL,PA,AEA,EN,Combined TRACON& Tower with Radar,722,417,45,0,1184,0,3,8,0,11,722,420,53,0,1195,0,0,0,1195
08/09/2017,PHL,PA,AEA,EN,Combined TRACON& Tower with Radar,708,413,22,0,1143,0,0,11,1,12,708,413,33,1,1155,0,0,0,1155
08/10/2017,PHL,PA,AEA,EN,Combined TRACON& Tower with Radar,705,406,48,0,1159,0,2,10,0,12,705,408,58,0,1171,0,0,0,1171
08/11/2017,PHL,PA,AEA,EN,Combined TRACON& Tower with Radar,666,370,32,1,1069,0,1,16,0,17,666,371,48,1,1086,0,0,0,1086
08/12/2017,PHL,PA,AEA,EN,Combined TRACON& Tower with Radar,611,310,17,0,938,0,0,0,0,0,611,310,17,0,938,0,0,0,938
08/13/2017,PHL,PA,AEA,EN,Combined TRACON& Tower with Radar,629,389,38,0,1056,0,0,6,0,6,629,389,44,0,1062,0,0,0,1062
08/14/2017,PHL,PA,AEA,EN,Combined TRACON& Tower with Radar,643,411,34,0,1088,0,2,6,0,8,643,413,40,0,1096,0,0,0,1096
08/15/2017,PHL,PA,AEA,EN,Combined TRACON& Tower with Radar,699,395,32,0,1126,0,0,2,0,2,699,395,34,0,1128,0,0,0,1128
08/16/2017,PHL,PA,AEA,EN,Combined TRACON& Tower with Radar,695,411,45,0,1151,0,4,12,2,18,695,415,57,2,1169,0,0,0,1169
08/17/2017,PHL,PA,AEA,EN,Combined TRACON& Tower with Radar,680,402,35,2,1119,0,3,14,0,17,680,405,49,2,1136,0,0,0,1136
08/18/2017,PHL,PA,AEA,EN,Combined TRACON& Tower with Radar,583,288,31,0,902,0,2,0,0,2,583,290,31,0,904,0,0,0,904
08/19/2017,PHL,PA,AEA,EN,Combined TRACON& Tower with Radar,605,333,14,4,956,0,1,4,0,5,605,334,18,4,961,0,0,0,961
08/20/2017,PHL,PA,AEA,EN,Combined TRACON& Tower with Radar,625,386,22,2,1035,0,0,4,0,4,625,386,26,2,1039,0,0,0,1039
08/21/2017,PHL,PA,AEA,EN,Combined TRACON& Tower with Radar,645,408,46,0,1099,0,4,16,6,26,645,412,62,6,1125,0,0,0,1125
08/22/2017,PHL,PA,AEA,EN,Combined TRACON& Tower with Radar,628,345,46,0,1019,0,0,4,4,8,628,345,50,4,1027,0,0,0,1027
08/23/2017,PHL,PA,AEA,EN,Combined TRACON& Tower with Radar,693,401,61,3,1158,0,2,9,4,15,693,403,70,7,1173,0,0,0,1173
08/24/2017,PHL,PA,AEA,EN,Combined TRACON& Tower with Radar,668,420,44,3,1135,0,4,14,1,19,668,424,58,4,1154,0,0,0,1154
08/25/2017,PHL,PA,AEA,EN,Combined TRACON& Tower with Radar,651,423,44,0,1118,0,2,11,2,15,651,425,55,2,1133,0,0,0,1133
08/26/2017,PHL,PA,AEA,EN,Combined TRACON& Tower with Radar,556,298,10,0,864,0,0,4,0,4,556,298,14,0,868,0,0,0,868
08/27/2017,PHL,PA,AEA,EN,Combined TRACON& Tower with Radar,581,394,21,0,996,0,0,7,0,7,581,394,28,0,1003,0,0,0,1003
08/28/2017,PHL,PA,AEA,EN,Combined TRACON& Tower with Radar,604,401,30,0,1035,0,8,8,0,16,604,409,38,0,1051,0,0,0,1051
08/29/2017,PHL,PA,AEA,EN,Combined TRACON& Tower with Radar,644,390,20,0,1054,0,0,0,0,0,644,390,20,0,1054,0,0,0,1054
08/30/2017,PHL,PA,AEA,EN,Combined TRACON& Tower with Radar,650,407,35,0,1092,0,3,3,0,6,650,410,38,0,1098,0,0,0,1098
08/31/2017,PHL,PA,AEA,EN,Combined TRACON& Tower with Radar,649,406,16,0,1071,0,3,12,0,15,649,409,28,0,1086,0,0,0,1086
09/01/2017,PHL,PA,AEA,EN,Combined TRACON& Tower with Radar,634,404,30,0,1068,0,2,8,0,10,634,406,38,0,1078,0,0,0,1078
09/02/2017,PHL,PA,AEA,EN,Combined TRACON& Tower with Radar,544,287,16,0,847,0,0,3,0,3,544,287,19,0,850,0,0,0,850
09/03/2017,PHL,PA,AEA,EN,Combined TRACON& Tower with Radar,515,311,10,0,836,0,0,4,1,5,515,311,14,1,841,0,0,0,841
09/04/2017,PHL,PA,AEA,EN,Combined TRACON& Tower with Radar,571,389,34,0,994,0,1,1,0,2,571,390,35,0,996,0,0,0,996
09/05/2017,PHL,PA,AEA,EN,Combined TRACON& Tower with Radar,575,358,23,0,956,0,5,4,1,10,575,363,27,1,966,0,0,0,966
09/06/2017,PHL,PA,AEA,EN,Combined TRACON& Tower with Radar,634,390,35,1,1060,0,0,0,0,0,634,390,35,1,1060,0,0,0,1060
09/07/2017,PHL,PA,AEA,EN,Combined TRACON& Tower with Radar,623,418,38,0,1079,0,0,5,1,6,623,418,43,1,1085,0,0,0,1085
09/08/2017,PHL,PA,AEA,EN,Combined TRACON& Tower with Radar,602,409,42,0,1053,0,3,7,0,10,602,412,49,0,1063,0,0,0,1063
09/09/2017,PHL,PA,AEA,EN,Combined TRACON& Tower with Radar,474,309,16,0,799,0,0,15,1,16,474,309,31,1,815,0,0,0,815
09/10/2017,PHL,PA,AEA,EN,Combined TRACON& Tower with Radar,510,389,39,0,938,0,2,9,0,11,510,391,48,0,949,0,0,0,949
09/11/2017,PHL,PA,AEA,EN,Combined TRACON& Tower with Radar,520,384,43,3,950,0,2,10,1,13,520,386,53,4,963,0,0,0,963
09/12/2017,PHL,PA,AEA,EN,Combined TRACON& Tower with Radar,584,408,30,0,1022,0,2,3,0,5,584,410,33,0,1027,0,0,0,1027
09/13/2017,PHL,PA,AEA,EN,Combined TRACON& Tower with Radar,616,392,53,0,1061,0,0,1,0,1,616,392,54,0,1062,0,0,0,1062
09/14/2017,PHL,PA,AEA,EN,Combined TRACON& Tower with Radar,622,404,53,1,1080,0,2,4,0,6,622,406,57,1,1086,0,0,0,1086
09/15/2017,PHL,PA,AEA,EN,Combined TRACON& Tower with Radar,614,415,44,0,1073,0,1,8,0,9,614,416,52,0,1082,0,0,0,1082
09/16/2017,PHL,PA,AEA,EN,Combined TRACON& Tower with Radar,537,307,34,0,878,0,0,2,0,2,537,307,36,0,880,0,0,0,880
09/17/2017,PHL,PA,AEA,EN,Combined TRACON& Tower with Radar,586,402,35,0,1023,0,0,2,0,2,586,402,37,0,1025,0,0,0,1025
09/18/2017,PHL,PA,AEA,EN,Combined TRACON& Tower with Radar,613,415,49,0,1077,0,0,1,1,2,613,415,50,1,1079,0,0,0,1079
09/19/2017,PHL,PA,AEA,EN,Combined TRACON& Tower with Radar,644,397,43,2,1086,0,0,5,1,6,644,397,48,3,1092,0,0,0,1092
09/20/2017,PHL,PA,AEA,EN,Combined TRACON& Tower with Radar,631,406,28,2,1067,0,0,12,2,14,631,406,40,4,1081,0,0,0,1081
09/21/2017,PHL,PA,AEA,EN,Combined TRACON& Tower with Radar,644,414,26,0,1084,0,1,8,0,9,644,415,34,0,1093,0,0,0,1093
09/22/2017,PHL,PA,AEA,EN,Combined TRACON& Tower with Radar,635,398,36,0,1069,0,3,19,6,28,635,401,55,6,1097,0,0,0,1097
09/23/2017,PHL,PA,AEA,EN,Combined TRACON& Tower with Radar,533,297,14,0,844,0,0,9,0,9,533,297,23,0,853,0,0,0,853
09/24/2017,PHL,PA,AEA,EN,Combined TRACON& Tower with Radar,580,403,34,0,1017,0,3,5,2,10,580,406,39,2,1027,0,0,0,1027
09/25/2017,PHL,PA,AEA,EN,Combined TRACON& Tower with Radar,607,414,39,0,1060,0,3,13,0,16,607,417,52,0,1076,0,0,0,1076
09/26/2017,PHL,PA,AEA,EN,Combined TRACON& Tower with Radar,630,402,50,0,1082,0,0,21,0,21,630,402,71,0,1103,0,0,0,1103
09/27/2017,PHL,PA,AEA,EN,Combined TRACON& Tower with Radar,639,416,36,0,1091,0,2,8,4,14,639,418,44,4,1105,0,0,0,1105
09/28/2017,PHL,PA,AEA,EN,Combined TRACON& Tower with Radar,661,413,28,0,1102,0,1,8,2,11,661,414,36,2,1113,0,0,0,1113
09/29/2017,PHL,PA,AEA,EN,Combined TRACON& Tower with Radar,628,407,30,2,1067,0,0,9,0,9,628,407,39,2,1076,0,0,0,1076
09/30/2017,PHL,PA,AEA,EN,Combined TRACON& Tower with Radar,535,306,16,0,857,0,0,10,0,10,535,306,26,0,867,0,0,0,867
10/01/2017,PHL,PA,AEA,EN,Combined TRACON& Tower with Radar,584,396,41,0,1021,0,3,0,0,3,584,399,41,0,1024,0,0,0,1024
10/02/2017,PHL,PA,AEA,EN,Combined TRACON& Tower with Radar,594,399,30,1,1024,0,5,5,0,10,594,404,35,1,1034,0,0,0,1034
10/03/2017,PHL,PA,AEA,EN,Combined TRACON& Tower with Radar,637,393,32,0,1062,0,0,14,0,14,637,393,46,0,1076,0,0,0,1076
10/04/2017,PHL,PA,AEA,EN,Combined TRACON& Tower with Radar,643,398,49,0,1090,0,6,9,0,15,643,404,58,0,1105,0,0,0,1105
10/05/2017,PHL,PA,AEA,EN,Combined TRACON& Tower with Radar,652,404,43,0,1099,0,0,7,0,7,652,404,50,0,1106,0,0,0,1106
10/06/2017,PHL,PA,AEA,EN,Combined TRACON& Tower with Radar,641,391,34,0,1066,0,2,9,0,11,641,393,43,0,1077,0,0,0,1077
10/07/2017,PHL,PA,AEA,EN,Combined TRACON& Tower with Radar,530,284,19,0,833,0,2,3,0,5,530,286,22,0,838,0,0,0,838
10/08/2017,PHL,PA,AEA,EN,Combined TRACON& Tower with Radar,579,363,47,0,989,0,1,2,0,3,579,364,49,0,992,0,0,0,992
10/09/2017,PHL,PA,AEA,EN,Combined TRACON& Tower with Radar,614,365,27,0,1006,0,0,0,2,2,614,365,27,2,1008,0,0,0,1008
10/10/2017,PHL,PA,AEA,EN,Combined TRACON& Tower with Radar,628,373,41,2,1044,0,1,12,7,20,628,374,53,9,1064,0,0,0,1064
10/11/2017,PHL,PA,AEA,EN,Combined TRACON& Tower with Radar,650,372,40,1,1063,0,4,4,0,8,650,376,44,1,1071,0,0,0,1071
10/12/2017,PHL,PA,AEA,EN,Combined TRACON& Tower with Radar,653,383,44,0,1080,0,0,10,0,10,653,383,54,0,1090,0,0,0,1090
10/13/2017,PHL,PA,AEA,EN,Combined TRACON& Tower with Radar,633,377,47,0,1057,0,0,7,5,12,633,377,54,5,1069,0,0,0,1069
10/14/2017,PHL,PA,AEA,EN,Combined TRACON& Tower with Radar,529,289,17,0,835,0,0,2,2,4,529,289,19,2,839,0,0,0,839
10/15/2017,PHL,PA,AEA,EN,Combined TRACON& Tower with Radar,582,377,36,0,995,0,0,3,0,3,582,377,39,0,998,0,0,0,998
10/16/2017,PHL,PA,AEA,EN,Combined TRACON& Tower with Radar,617,377,46,0,1040,0,3,4,4,11,617,380,50,4,1051,0,0,0,1051
10/17/2017,PHL,PA,AEA,EN,Combined TRACON& Tower with Radar,629,397,28,0,1054,0,2,9,1,12,629,399,37,1,1066,0,0,0,1066
10/18/2017,PHL,PA,AEA,EN,Combined TRACON& Tower with Radar,655,397,66,3,1121,0,2,21,6,29,655,399,87,9,1150,0,0,0,1150
10/19/2017,PHL,PA,AEA,EN,Combined TRACON& Tower with Radar,662,391,44,1,1098,0,0,18,1,19,662,391,62,2,1117,0,0,0,1117
10/20/2017,PHL,PA,AEA,EN,Combined TRACON& Tower with Radar,649,403,39,3,1094,0,1,10,1,12,649,404,49,4,1106,0,0,0,1106
10/21/2017,PHL,PA,AEA,EN,Combined TRACON& Tower with Radar,527,284,27,1,839,0,2,3,0,5,527,286,30,1,844,0,0,0,844
10/22/2017,PHL,PA,AEA,EN,Combined TRACON& Tower with Radar,594,378,45,0,1017,0,0,6,0,6,594,378,51,0,1023,0,0,0,1023
10/23/2017,PHL,PA,AEA,EN,Combined TRACON& Tower with Radar,610,389,53,4,1056,0,0,12,0,12,610,389,65,4,1068,0,0,0,1068
10/24/2017,PHL,PA,AEA,EN,Combined TRACON& Tower with Radar,644,375,54,0,1073,0,2,5,0,7,644,377,59,0,1080,0,0,0,1080
10/25/2017,PHL,PA,AEA,EN,Combined TRACON& Tower with Radar,657,383,46,0,1086,0,2,14,2,18,657,385,60,2,1104,0,0,0,1104
10/26/2017,PHL,PA,AEA,EN,Combined TRACON& Tower with Radar,651,393,45,0,1089,0,1,13,1,15,651,394,58,1,1104,0,0,0,1104
10/27/2017,PHL,PA,AEA,EN,Combined TRACON& Tower with Radar,647,406,44,2,1099,0,5,14,1,20,647,411,58,3,1119,0,0,0,1119
10/28/2017,PHL,PA,AEA,EN,Combined TRACON& Tower with Radar,537,308,19,0,864,0,2,3,1,6,537,310,22,1,870,0,0,0,870
10/29/2017,PHL,PA,AEA,EN,Combined TRACON& Tower with Radar,564,378,29,0,971,0,0,0,0,0,564,378,29,0,971,0,0,0,971
10/30/2017,PHL,PA,AEA,EN,Combined TRACON& Tower with Radar,598,380,34,0,1012,0,0,6,0,6,598,380,40,0,1018,0,0,0,1018
10/31/2017,PHL,PA,AEA,EN,Combined TRACON& Tower with Radar,616,371,41,0,1028,0,1,13,2,16,616,372,54,2,1044,0,0,0,1044
11/01/2017,PHL,PA,AEA,EN,Combined TRACON& Tower with Radar,637,390,47,2,1076,0,4,11,2,17,637,394,58,4,1093,0,0,0,1093
11/02/2017,PHL,PA,AEA,EN,Combined TRACON& Tower with Radar,639,393,53,0,1085,0,2,1,0,3,639,395,54,0,1088,0,0,0,1088
11/03/2017,PHL,PA,AEA,EN,Combined TRACON& Tower with Radar,626,396,36,0,1058,0,2,12,0,14,626,398,48,0,1072,0,0,0,1072
11/04/2017,PHL,PA,AEA,EN,Combined TRACON& Tower with Radar,535,285,16,0,836,0,0,6,0,6,535,285,22,0,842,0,0,0,842
11/05/2017,PHL,PA,AEA,EN,Combined TRACON& Tower with Radar,575,378,33,1,987,0,0,6,1,7,575,378,39,2,994,0,0,0,994
11/06/2017,PHL,PA,AEA,EN,Combined TRACON& Tower with Radar,617,374,35,0,1026,0,2,6,0,8,617,376,41,0,1034,0,0,0,1034
11/07/2017,PHL,PA,AEA,EN,Combined TRACON& Tower with Radar,629,346,26,2,1003,0,0,11,2,13,629,346,37,4,1016,0,0,0,1016
11/08/2017,PHL,PA,AEA,EN,Combined TRACON& Tower with Radar,655,357,51,2,1065,0,0,11,0,11,655,357,62,2,1076,0,0,0,1076
11/09/2017,PHL,PA,AEA,EN,Combined TRACON& Tower with Radar,657,367,38,0,1062,0,1,6,0,7,657,368,44,0,1069,0,0,0,1069
11/10/2017,PHL,PA,AEA,EN,Combined TRACON& Tower with Radar,647,377,44,1,1069,0,1,20,0,21,647,378,64,1,1090,0,0,0,1090
11/11/2017,PHL,PA,AEA,EN,Combined TRACON& Tower with Radar,545,282,11,1,839,0,0,9,0,9,545,282,20,1,848,0,0,0,848
11/12/2017,PHL,PA,AEA,EN,Combined TRACON& Tower with Radar,586,349,38,1,974,0,3,9,0,12,586,352,47,1,986,0,0,0,986
11/13/2017,PHL,PA,AEA,EN,Combined TRACON& Tower with Radar,610,351,29,1,991,0,0,0,0,0,610,351,29,1,991,0,0,0,991
11/14/2017,PHL,PA,AEA,EN,Combined TRACON& Tower with Radar,632,357,34,0,1023,0,2,10,1,13,632,359,44,1,1036,0,0,0,1036
11/15/2017,PHL,PA,AEA,EN,Combined TRACON& Tower with Radar,639,359,27,6,1031,0,2,16,0,18,639,361,43,6,1049,0,0,0,1049
11/16/2017,PHL,PA,AEA,EN,Combined TRACON& Tower with Radar,652,384,41,0,1077,0,1,16,2,19,652,385,57,2,1096,0,0,0,1096
11/17/2017,PHL,PA,AEA,EN,Combined TRACON& Tower with Radar,649,372,38,0,1059,0,3,14,0,17,649,375,52,0,1076,0,0,0,1076
11/18/2017,PHL,PA,AEA,EN,Combined TRACON& Tower with Radar,556,283,24,0,863,0,0,3,0,3,556,283,27,0,866,0,0,0,866
11/19/2017,PHL,PA,AEA,EN,Combined TRACON& Tower with Radar,559,305,25,0,889,0,0,1,0,1,559,305,26,0,890,0,0,0,890
11/20/2017,PHL,PA,AEA,EN,Combined TRACON& Tower with Radar,564,315,32,0,911,0,1,0,0,1,564,316,32,0,912,0,0,0,912
11/21/2017,PHL,PA,AEA,EN,Combined TRACON& Tower with Radar,675,354,39,0,1068,0,2,15,2,19,675,356,54,2,1087,0,0,0,1087
11/22/2017,PHL,PA,AEA,EN,Combined TRACON& Tower with Radar,682,372,31,0,1085,0,1,8,3,12,682,373,39,3,1097,0,0,0,1097
11/23/2017,PHL,PA,AEA,EN,Combined TRACON& Tower with Radar,343,126,8,0,477,0,0,1,0,1,343,126,9,0,478,0,0,0,478
11/24/2017,PHL,PA,AEA,EN,Combined TRACON& Tower with Radar,367,136,16,0,519,0,1,4,0,5,367,137,20,0,524,0,0,0,524
11/25/2017,PHL,PA,AEA,EN,Combined TRACON& Tower with Radar,590,306,25,0,921,0,0,13,0,13,590,306,38,0,934,0,0,0,934
11/26/2017,PHL,PA,AEA,EN,Combined TRACON& Tower with Radar,628,378,45,0,1051,0,0,8,0,8,628,378,53,0,1059,0,0,0,1059
11/27/2017,PHL,PA,AEA,EN,Combined TRACON& Tower with Radar,646,379,34,0,1059,0,4,13,0,17,646,383,47,0,1076,0,0,0,1076
11/28/2017,PHL,PA,AEA,EN,Combined TRACON& Tower with Radar,670,367,37,0,1074,0,2,9,4,15,670,369,46,4,1089,0,0,0,1089
11/29/2017,PHL,PA,AEA,EN,Combined TRACON& Tower with Radar,677,366,39,0,1082,0,3,9,1,13,677,369,48,1,1095,0,0,0,1095
11/30/2017,PHL,PA,AEA,EN,Combined TRACON& Tower with Radar,665,376,44,2,1087,0,0,2,0,2,665,376,46,2,1089,0,0,0,1089
12/01/2017,PHL,PA,AEA,EN,Combined TRACON& Tower with Radar,646,359,29,0,1034,0,0,13,0,13,646,359,42,0,1047,0,0,0,1047
12/02/2017,PHL,PA,AEA,EN,Combined TRACON& Tower with Radar,522,277,13,0,812,0,0,7,0,7,522,277,20,0,819,0,0,0,819
12/03/2017,PHL,PA,AEA,EN,Combined TRACON& Tower with Radar,561,346,24,0,931,0,0,4,0,4,561,346,28,0,935,0,0,0,935
12/04/2017,PHL,PA,AEA,EN,Combined TRACON& Tower with Radar,598,352,46,0,996,0,2,7,3,12,598,354,53,3,1008,0,0,0,1008
12/05/2017,PHL,PA,AEA,EN,Combined TRACON& Tower with Radar,636,352,43,0,1031,0,2,8,0,10,636,354,51,0,1041,0,0,0,1041
12/06/2017,PHL,PA,AEA,EN,Combined TRACON& Tower with Radar,660,370,57,0,1087,0,1,11,1,13,660,371,68,1,1100,0,0,0,1100
12/07/2017,PHL,PA,AEA,EN,Combined TRACON& Tower with Radar,660,355,38,3,1056,0,6,11,5,22,660,361,49,8,1078,0,0,0,1078
12/08/2017,PHL,PA,AEA,EN,Combined TRACON& Tower with Radar,628,352,63,11,1054,0,0,5,5,10,628,352,68,16,1064,0,0,0,1064
12/09/2017,PHL,PA,AEA,EN,Combined TRACON& Tower with Radar,467,202,25,5,699,0,0,0,0,0,467,202,25,5,699,0,0,0,699
12/10/2017,PHL,PA,AEA,EN,Combined TRACON& Tower with Radar,573,344,32,5,954,0,0,2,1,3,573,344,34,6,957,0,0,0,957
12/11/2017,PHL,PA,AEA,EN,Combined TRACON& Tower with Radar,611,360,32,0,1003,0,3,26,0,29,611,363,58,0,1032,0,0,0,1032
12/12/2017,PHL,PA,AEA,EN,Combined TRACON& Tower with Radar,661,341,40,0,1042,0,1,10,0,11,661,342,50,0,1053,0,0,0,1053
12/13/2017,PHL,PA,AEA,EN,Combined TRACON& Tower with Radar,695,361,63,1,1120,0,1,13,0,14,695,362,76,1,1134,0,0,0,1134
12/14/2017,PHL,PA,AEA,EN,Combined TRACON& Tower with Radar,707,368,45,0,1120,0,3,22,2,27,707,371,67,2,1147,0,0,0,1147
12/15/2017,PHL,PA,AEA,EN,Combined TRACON& Tower with Radar,679,261,38,0,978,0,0,9,0,9,679,261,47,0,987,0,0,0,987
12/16/2017,PHL,PA,AEA,EN,Combined TRACON& Tower with Radar,603,264,28,0,895,0,0,6,0,6,603,264,34,0,901,0,0,0,901
12/17/2017,PHL,PA,AEA,EN,Combined TRACON& Tower with Radar,625,312,26,0,963,0,0,10,0,10,625,312,36,0,973,0,0,0,973
12/18/2017,PHL,PA,AEA,EN,Combined TRACON& Tower with Radar,656,345,30,0,1031,0,2,14,0,16,656,347,44,0,1047,0,0,0,1047
12/19/2017,PHL,PA,AEA,EN,Combined TRACON& Tower with Radar,761,353,30,0,1144,0,2,7,0,9,761,355,37,0,1153,0,0,0,1153
12/20/2017,PHL,PA,AEA,EN,Combined TRACON& Tower with Radar,766,321,31,1,1119,0,0,13,0,13,766,321,44,1,1132,0,0,0,1132
12/21/2017,PHL,PA,AEA,EN,Combined TRACON& Tower with Radar,774,332,29,0,1135,0,1,13,2,16,774,333,42,2,1151,0,0,0,1151
12/22/2017,PHL,PA,AEA,EN,Combined TRACON& Tower with Radar,742,291,21,0,1054,0,0,14,0,14,742,291,35,0,1068,0,0,0,1068
12/23/2017,PHL,PA,AEA,EN,Combined TRACON& Tower with Radar,631,238,13,0,882,0,0,0,0,0,631,238,13,0,882,0,0,0,882
12/24/2017,PHL,PA,AEA,EN,Combined TRACON& Tower with Radar,527,252,12,0,791,0,3,1,0,4,527,255,13,0,795,0,0,0,795
12/25/2017,PHL,PA,AEA,EN,Combined TRACON& Tower with Radar,508,241,18,0,767,0,0,0,0,0,508,241,18,0,767,0,0,0,767
12/26/2017,PHL,PA,AEA,EN,Combined TRACON& Tower with Radar,654,321,27,0,1002,0,0,4,0,4,654,321,31,0,1006,0,0,0,1006
12/27/2017,PHL,PA,AEA,EN,Combined TRACON& Tower with Radar,714,316,16,2,1048,0,0,0,0,0,714,316,16,2,1048,0,0,0,1048
12/28/2017,PHL,PA,AEA,EN,Combined TRACON& Tower with Radar,705,307,11,0,1023,0,2,4,0,6,705,309,15,0,1029,0,0,0,1029
12/29/2017,PHL,PA,AEA,EN,Combined TRACON& Tower with Radar,685,299,14,0,998,0,2,2,0,4,685,301,16,0,1002,0,0,0,1002
12/30/2017,PHL,PA,AEA,EN,Combined TRACON& Tower with Radar,597,227,5,1,830,0,0,0,1,1,597,227,5,2,831,0,0,0,831
12/31/2017,PHL,PA,AEA,EN,Combined TRACON& Tower with Radar,529,262,13,0,804,0,1,1,0,2,529,263,14,0,806,0,0,0,806
01/01/2018,PHL,PA,AEA,EN,Combined TRACON& Tower with Radar,592,303,25,0,920,0,1,9,0,10,592,304,34,0,930,0,0,0,930
01/02/2018,PHL,PA,AEA,EN,Combined TRACON& Tower with Radar,644,317,25,0,986,0,2,8,0,10,644,319,33,0,996,0,0,0,996
01/03/2018,PHL,PA,AEA,EN,Combined TRACON& Tower with Radar,668,306,20,0,994,0,4,8,0,12,668,310,28,0,1006,0,0,0,1006
01/04/2018,PHL,PA,AEA,EN,Combined TRACON& Tower with Radar,304,32,9,0,345,0,0,0,0,0,304,32,9,0,345,0,0,0,345
01/05/2018,PHL,PA,AEA,EN,Combined TRACON& Tower with Radar,641,250,25,0,916,0,0,4,0,4,641,250,29,0,920,0,0,0,920
01/06/2018,PHL,PA,AEA,EN,Combined TRACON& Tower with Radar,541,246,17,0,804,0,0,6,0,6,541,246,23,0,810,0,0,0,810
01/07/2018,PHL,PA,AEA,EN,Combined TRACON& Tower with Radar,587,305,11,0,903,0,0,4,0,4,587,305,15,0,907,0,0,0,907
01/08/2018,PHL,PA,AEA,EN,Combined TRACON& Tower with Radar,591,260,30,0,881,0,0,10,0,10,591,260,40,0,891,0,0,0,891
01/09/2018,PHL,PA,AEA,EN,Combined TRACON& Tower with Radar,666,278,25,0,969,0,5,7,0,12,666,283,32,0,981,0,0,0,981
01/10/2018,PHL,PA,AEA,EN,Combined TRACON& Tower with Radar,676,290,27,0,993,0,0,5,1,6,676,290,32,1,999,0,0,0,999
01/11/2018,PHL,PA,AEA,EN,Combined TRACON& Tower with Radar,663,321,38,0,1022,0,1,4,4,9,663,322,42,4,1031,0,0,0,1031
01/12/2018,PHL,PA,AEA,EN,Combined TRACON& Tower with Radar,635,254,32,0,921,0,0,0,0,0,635,254,32,0,921,0,0,0,921
01/13/2018,PHL,PA,AEA,EN,Combined TRACON& Tower with Radar,534,205,32,0,771,0,0,0,0,0,534,205,32,0,771,0,0,0,771
01/14/2018,PHL,PA,AEA,EN,Combined TRACON& Tower with Radar,578,288,23,2,891,0,0,1,0,1,578,288,24,2,892,0,0,0,892
01/15/2018,PHL,PA,AEA,EN,Combined TRACON& Tower with Radar,607,299,34,4,944,0,2,4,1,7,607,301,38,5,951,0,0,0,951
01/16/2018,PHL,PA,AEA,EN,Combined TRACON& Tower with Radar,634,276,33,0,943,0,0,5,0,5,634,276,38,0,948,0,0,0,948
01/17/2018,PHL,PA,AEA,EN,Combined TRACON& Tower with Radar,632,260,36,0,928,0,2,2,0,4,632,262,38,0,932,0,0,0,932
01/18/2018,PHL,PA,AEA,EN,Combined TRACON& Tower with Radar,645,282,33,0,960,0,0,20,1,21,645,282,53,1,981,0,0,0,981
01/19/2018,PHL,PA,AEA,EN,Combined TRACON& Tower with Radar,659,300,35,0,994,0,2,8,3,13,659,302,43,3,1007,0,0,0,1007
01/20/2018,PHL,PA,AEA,EN,Combined TRACON& Tower with Radar,545,213,23,0,781,0,0,5,0,5,545,213,28,0,786,0,0,0,786
01/21/2018,PHL,PA,AEA,EN,Combined TRACON& Tower with Radar,582,315,54,0,951,0,2,5,2,9,582,317,59,2,960,0,0,0,960
01/22/2018,PHL,PA,AEA,EN,Combined TRACON& Tower with Radar,625,297,46,0,968,0,3,3,1,7,625,300,49,1,975,0,0,0,975
01/23/2018,PHL,PA,AEA,EN,Combined TRACON& Tower with Radar,646,259,37,0,942,0,1,5,0,6,646,260,42,0,948,0,0,0,948
01/24/2018,PHL,PA,AEA,EN,Combined TRACON& Tower with Radar,665,276,52,0,993,0,0,9,6,15,665,276,61,6,1008,0,0,0,1008
01/25/2018,PHL,PA,AEA,EN,Combined TRACON& Tower with Radar,668,290,36,1,995,0,3,5,1,9,668,293,41,2,1004,0,0,0,1004
01/26/2018,PHL,PA,AEA,EN,Combined TRACON& Tower with Radar,650,296,22,0,968,0,2,10,0,12,650,298,32,0,980,0,0,0,980
01/27/2018,PHL,PA,AEA,EN,Combined TRACON& Tower with Radar,531,223,8,0,762,0,0,3,0,3,531,223,11,0,765,0,0,0,765
01/28/2018,PHL,PA,AEA,EN,Combined TRACON& Tower with Radar,588,276,21,0,885,0,0,0,0,0,588,276,21,0,885,0,0,0,885
01/29/2018,PHL,PA,AEA,EN,Combined TRACON& Tower with Radar,602,295,33,0,930,0,2,6,0,8,602,297,39,0,938,0,0,0,938
01/30/2018,PHL,PA,AEA,EN,Combined TRACON& Tower with Radar,643,274,24,0,941,0,0,5,0,5,643,274,29,0,946,0,0,0,946
01/31/2018,PHL,PA,AEA,EN,Combined TRACON& Tower with Radar,648,291,39,0,978,0,0,8,1,9,648,291,47,1,987,0,0,0,987
02/01/2018,PHL,PA,AEA,EN,Combined TRACON& Tower with Radar,663,315,36,0,1014,0,1,3,1,5,663,316,39,1,1019,0,0,0,1019
02/02/2018,PHL,PA,AEA,EN,Combined TRACON& Tower with Radar,693,306,37,0,1036,0,0,8,0,8,693,306,45,0,1044,0,0,0,1044
02/03/2018,PHL,PA,AEA,EN,Combined TRACON& Tower with Radar,538,228,44,0,810,0,2,3,0,5,538,230,47,0,815,0,0,0,815
02/04/2018,PHL,PA,AEA,EN,Combined TRACON& Tower with Radar,576,256,34,1,867,0,0,2,0,2,576,256,36,1,869,0,0,0,869
02/05/2018,PHL,PA,AEA,EN,Combined TRACON& Tower with Radar,668,349,83,2,1102,0,4,29,1,34,668,353,112,3,1136,0,0,0,1136
02/06/2018,PHL,PA,AEA,EN,Combined TRACON& Tower with Radar,643,296,35,2,976,0,2,4,0,6,643,298,39,2,982,0,0,0,982
02/07/2018,PHL,PA,AEA,EN,Combined TRACON& Tower with Radar,626,229,42,2,899,0,0,0,0,0,626,229,42,2,899,0,0,0,899
02/08/2018,PHL,PA,AEA,EN,Combined TRACON& Tower with Radar,665,284,24,0,973,0,1,29,0,30,665,285,53,0,1003,0,0,0,1003
02/09/2018,PHL,PA,AEA,EN,Combined TRACON& Tower with Radar,615,289,24,0,928,0,1,2,0,3,615,290,26,0,931,0,0,0,931
02/10/2018,PHL,PA,AEA,EN,Combined TRACON& Tower with Radar,534,209,13,0,756,0,0,0,0,0,534,209,13,0,756,0,0,0,756
02/11/2018,PHL,PA,AEA,EN,Combined TRACON& Tower with Radar,561,246,20,0,827,0,0,0,0,0,561,246,20,0,827,0,0,0,827
02/12/2018,PHL,PA,AEA,EN,Combined TRACON& Tower with Radar,630,287,36,2,955,0,5,6,0,11,630,292,42,2,966,0,0,0,966
02/13/2018,PHL,PA,AEA,EN,Combined TRACON& Tower with Radar,653,280,38,0,971,0,1,12,0,13,653,281,50,0,984,0,0,0,984
02/14/2018,PHL,PA,AEA,EN,Combined TRACON& Tower with Radar,648,285,30,0,963,0,0,4,0,4,648,285,34,0,967,0,0,0,967
02/15/2018,PHL,PA,AEA,EN,Combined TRACON& Tower with Radar,716,248,50,0,1014,0,4,6,0,10,716,252,56,0,1024,0,0,0,1024
02/16/2018,PHL,PA,AEA,EN,Combined TRACON& Tower with Radar,706,251,26,0,983,0,0,2,0,2,706,251,28,0,985,0,0,0,985
02/17/2018,PHL,PA,AEA,EN,Combined TRACON& Tower with Radar,602,201,12,2,817,0,0,0,0,0,602,201,12,2,817,0,0,0,817
02/18/2018,PHL,PA,AEA,EN,Combined TRACON& Tower with Radar,645,248,11,0,904,0,0,1,0,1,645,248,12,0,905,0,0,0,905
02/19/2018,PHL,PA,AEA,EN,Combined TRACON& Tower with Radar,666,272,49,0,987,0,0,3,0,3,666,272,52,0,990,0,0,0,990
02/20/2018,PHL,PA,AEA,EN,Combined TRACON& Tower with Radar,725,260,46,0,1031,0,0,1,0,1,725,260,47,0,1032,0,0,0,1032
02/21/2018,PHL,PA,AEA,EN,Combined TRACON& Tower with Radar,724,258,42,1,1025,0,0,1,0,1,724,258,43,1,1026,0,0,0,1026
02/22/2018,PHL,PA,AEA,EN,Combined TRACON& Tower with Radar,723,252,49,2,1026,0,0,3,2,5,723,252,52,4,1031,0,0,0,1031
02/23/2018,PHL,PA,AEA,EN,Combined TRACON& Tower with Radar,714,244,35,0,993,0,0,0,0,0,714,244,35,0,993,0,0,0,993
02/24/2018,PHL,PA,AEA,EN,Combined TRACON& Tower with Radar,611,211,11,0,833,0,0,0,0,0,611,211,11,0,833,0,0,0,833
02/25/2018,PHL,PA,AEA,EN,Combined TRACON& Tower with Radar,641,247,27,0,915,0,0,0,0,0,641,247,27,0,915,0,0,0,915
02/26/2018,PHL,PA,AEA,EN,Combined TRACON& Tower with Radar,680,256,30,0,966,0,0,5,0,5,680,256,35,0,971,0,0,0,971
02/27/2018,PHL,PA,AEA,EN,Combined TRACON& Tower with Radar,727,262,23,0,1012,0,1,8,0,9,727,263,31,0,1021,0,0,0,1021
02/28/2018,PHL,PA,AEA,EN,Combined TRACON& Tower with Radar,724,289,35,0,1048,0,8,9,0,17,724,297,44,0,1065,0,0,0,1065
03/01/2018,PHL,PA,AEA,EN,Combined TRACON& Tower with Radar,724,258,43,2,1027,0,1,2,0,3,724,259,45,2,1030,0,0,0,1030
03/02/2018,PHL,PA,AEA,EN,Combined TRACON& Tower with Radar,287,65,11,0,363,0,0,0,0,0,287,65,11,0,363,0,0,0,363
03/03/2018,PHL,PA,AEA,EN,Combined TRACON& Tower with Radar,521,195,29,0,745,0,0,4,0,4,521,195,33,0,749,0,0,0,749
03/04/2018,PHL,PA,AEA,EN,Combined TRACON& Tower with Radar,643,273,26,1,943,0,1,5,0,6,643,274,31,1,949,0,0,0,949
03/05/2018,PHL,PA,AEA,EN,Combined TRACON& Tower with Radar,687,253,18,0,958,0,0,13,0,13,687,253,31,0,971,0,0,0,971
03/06/2018,PHL,PA,AEA,EN,Combined TRACON& Tower with Radar,726,261,34,4,1025,0,2,10,0,12,726,263,44,4,1037,0,0,0,1037
03/07/2018,PHL,PA,AEA,EN,Combined TRACON& Tower with Radar,420,61,8,2,491,0,0,1,0,1,420,61,9,2,492,0,0,0,492
03/08/2018,PHL,PA,AEA,EN,Combined TRACON& Tower with Radar,709,271,33,0,1013,0,1,9,0,10,709,272,42,0,1023,0,0,0,1023
03/09/2018,PHL,PA,AEA,EN,Combined TRACON& Tower with Radar,741,258,24,0,1023,0,0,10,0,10,741,258,34,0,1033,0,0,0,1033
03/10/2018,PHL,PA,AEA,EN,Combined TRACON& Tower with Radar,615,220,22,0,857,0,1,9,0,10,615,221,31,0,867,0,0,0,867
03/11/2018,PHL,PA,AEA,EN,Combined TRACON& Tower with Radar,650,279,43,0,972,1,1,3,0,5,651,280,46,0,977,0,0,0,977
03/12/2018,PHL,PA,AEA,EN,Combined TRACON& Tower with Radar,684,255,37,0,976,0,0,5,2,7,684,255,42,2,983,0,0,0,983
03/13/2018,PHL,PA,AEA,EN,Combined TRACON& Tower with Radar,666,242,22,2,932,0,2,9,0,11,666,244,31,2,943,0,0,0,943
03/14/2018,PHL,PA,AEA,EN,Combined TRACON& Tower with Radar,717,257,43,0,1017,0,0,4,0,4,717,257,47,0,1021,0,0,0,1021
03/15/2018,PHL,PA,AEA,EN,Combined TRACON& Tower with Radar,751,255,46,0,1052,0,2,10,0,12,751,257,56,0,1064,0,0,0,1064
03/16/2018,PHL,PA,AEA,EN,Combined TRACON& Tower with Radar,728,259,20,2,1009,0,0,3,0,3,728,259,23,2,1012,0,0,0,1012
03/17/2018,PHL,PA,AEA,EN,Combined TRACON& Tower with Radar,627,220,9,2,858,0,0,3,0,3,627,220,12,2,861,0,0,0,861
03/18/2018,PHL,PA,AEA,EN,Combined TRACON& Tower with Radar,663,262,40,0,965,0,0,3,0,3,663,262,43,0,968,0,0,0,968
03/19/2018,PHL,PA,AEA,EN,Combined TRACON& Tower with Radar,691,257,26,0,974,0,1,7,1,9,691,258,33,1,983,0,0,0,983
03/20/2018,PHL,PA,AEA,EN,Combined TRACON& Tower with Radar,522,187,24,0,733,0,1,0,0,1,522,188,24,0,734,0,0,0,734
03/21/2018,PHL,PA,AEA,EN,Combined TRACON& Tower with Radar,239,21,13,0,273,0,0,0,0,0,239,21,13,0,273,0,0,0,273
03/22/2018,PHL,PA,AEA,EN,Combined TRACON& Tower with Radar,694,247,50,0,991,0,0,9,2,11,694,247,59,2,1002,0,0,0,1002
03/23/2018,PHL,PA,AEA,EN,Combined TRACON& Tower with Radar,732,269,40,0,1041,0,3,16,0,19,732,272,56,0,1060,0,0,0,1060
03/24/2018,PHL,PA,AEA,EN,Combined TRACON& Tower with Radar,617,232,18,0,867,0,2,2,0,4,617,234,20,0,871,0,0,0,871
03/25/2018,PHL,PA,AEA,EN,Combined TRACON& Tower with Radar,665,247,18,0,930,0,2,8,0,10,665,249,26,0,940,0,0,0,940
03/26/2018,PHL,PA,AEA,EN,Combined TRACON& Tower with Radar,696,257,46,0,999,0,2,8,0,10,696,259,54,0,1009,0,0,0,1009
03/27/2018,PHL,PA,AEA,EN,Combined TRACON& Tower with Radar,735,266,53,0,1054,0,0,11,1,12,735,266,64,1,1066,0,0,0,1066
03/28/2018,PHL,PA,AEA,EN,Combined TRACON& Tower with Radar,743,268,40,2,1053,0,0,3,2,5,743,268,43,4,1058,0,0,0,1058
03/29/2018,PHL,PA,AEA,EN,Combined TRACON& Tower with Radar,760,271,57,0,1088,0,0,3,0,3,760,271,60,0,1091,0,0,0,1091
03/30/2018,PHL,PA,AEA,EN,Combined TRACON& Tower with Radar,737,253,18,0,1008,0,0,5,2,7,737,253,23,2,1015,0,0,0,1015
03/31/2018,PHL,PA,AEA,EN,Combined TRACON& Tower with Radar,617,222,16,0,855,0,0,3,0,3,617,222,19,0,858,0,0,0,858
04/01/2018,PHL,PA,AEA,EN,Combined TRACON& Tower with Radar,650,252,37,0,939,0,0,9,0,9,650,252,46,0,948,0,0,0,948
04/02/2018,PHL,PA,AEA,EN,Combined TRACON& Tower with Radar,697,274,22,0,993,0,0,2,0,2,697,274,24,0,995,0,0,0,995
04/03/2018,PHL,PA,AEA,EN,Combined TRACON& Tower with Radar,725,275,32,3,1035,0,0,0,0,0,725,275,32,3,1035,0,0,0,1035
04/04/2018,PHL,PA,AEA,EN,Combined TRACON& Tower with Radar,751,240,47,0,1038,0,0,1,2,3,751,240,48,2,1041,0,0,0,1041
04/05/2018,PHL,PA,AEA,EN,Combined TRACON& Tower with Radar,771,289,37,0,1097,0,1,14,4,19,771,290,51,4,1116,0,0,0,1116
04/06/2018,PHL,PA,AEA,EN,Combined TRACON& Tower with Radar,737,308,42,2,1089,0,0,6,0,6,737,308,48,2,1095,0,0,0,1095
04/07/2018,PHL,PA,AEA,EN,Combined TRACON& Tower with Radar,616,250,18,0,884,0,3,5,0,8,616,253,23,0,892,0,0,0,892
04/08/2018,PHL,PA,AEA,EN,Combined TRACON& Tower with Radar,711,306,40,0,1057,0,0,8,0,8,711,306,48,0,1065,0,0,0,1065
04/09/2018,PHL,PA,AEA,EN,Combined TRACON& Tower with Radar,735,305,26,0,1066,0,0,6,0,6,735,305,32,0,1072,0,0,0,1072
04/10/2018,PHL,PA,AEA,EN,Combined TRACON& Tower with Radar,751,319,44,0,1114,0,2,12,1,15,751,321,56,1,1129,0,0,0,1129
04/11/2018,PHL,PA,AEA,EN,Combined TRACON& Tower with Radar,762,318,42,0,1122,0,2,10,1,13,762,320,52,1,1135,0,0,0,1135
04/12/2018,PHL,PA,AEA,EN,Combined TRACON& Tower with Radar,772,309,49,0,1130,0,0,12,0,12,772,309,61,0,1142,0,0,0,1142
04/13/2018,PHL,PA,AEA,EN,Combined TRACON& Tower with Radar,753,304,50,0,1107,0,2,14,0,16,753,306,64,0,1123,0,0,0,1123
04/14/2018,PHL,PA,AEA,EN,Combined TRACON& Tower with Radar,630,241,20,2,893,0,1,5,0,6,630,242,25,2,899,0,0,0,899
04/15/2018,PHL,PA,AEA,EN,Combined TRACON& Tower with Radar,652,248,27,2,929,0,0,0,0,0,652,248,27,2,929,0,0,0,929
04/16/2018,PHL,PA,AEA,EN,Combined TRACON& Tower with Radar,729,237,37,0,1003,0,0,4,0,4,729,237,41,0,1007,0,0,0,1007
04/17/2018,PHL,PA,AEA,EN,Combined TRACON& Tower with Radar,746,275,34,0,1055,0,0,11,13,24,746,275,45,13,1079,0,0,0,1079
04/18/2018,PHL,PA,AEA,EN,Combined TRACON& Tower with Radar,769,306,41,0,1116,0,0,18,0,18,769,306,59,0,1134,0,0,0,1134
04/19/2018,PHL,PA,AEA,EN,Combined TRACON& Tower with Radar,777,309,40,0,1126,0,0,11,0,11,777,309,51,0,1137,0,0,0,1137
04/20/2018,PHL,PA,AEA,EN,Combined TRACON& Tower with Radar,756,320,41,2,1119,0,2,10,1,13,756,322,51,3,1132,0,0,0,1132
04/21/2018,PHL,PA,AEA,EN,Combined TRACON& Tower with Radar,640,252,13,0,905,0,2,7,3,12,640,254,20,3,917,0,0,0,917
04/22/2018,PHL,PA,AEA,EN,Combined TRACON& Tower with Radar,702,309,14,0,1025,0,0,6,1,7,702,309,20,1,1032,0,0,0,1032
04/23/2018,PHL,PA,AEA,EN,Combined TRACON& Tower with Radar,728,301,32,0,1061,0,1,6,0,7,728,302,38,0,1068,0,0,0,1068
04/24/2018,PHL,PA,AEA,EN,Combined TRACON& Tower with Radar,753,313,32,0,1098,0,2,17,0,19,753,315,49,0,1117,0,0,0,1117
04/25/2018,PHL,PA,AEA,EN,Combined TRACON& Tower with Radar,758,311,35,0,1104,0,0,0,0,0,758,311,35,0,1104,0,0,0,1104
04/26/2018,PHL,PA,AEA,EN,Combined TRACON& Tower with Radar,782,325,43,0,1150,0,0,4,1,5,782,325,47,1,1155,0,0,0,1155
04/27/2018,PHL,PA,AEA,EN,Combined TRACON& Tower with Radar,751,298,44,0,1093,0,0,4,0,4,751,298,48,0,1097,0,0,0,1097
04/28/2018,PHL,PA,AEA,EN,Combined TRACON& Tower with Radar,659,240,8,0,907,0,0,5,0,5,659,240,13,0,912,0,0,0,912
04/29/2018,PHL,PA,AEA,EN,Combined TRACON& Tower with Radar,700,304,30,0,1034,0,0,0,0,0,700,304,30,0,1034,0,0,0,1034
04/30/2018,PHL,PA,AEA,EN,Combined TRACON& Tower with Radar,735,306,40,0,1081,0,1,5,0,6,735,307,45,0,1087,0,0,0,1087
05/01/2018,PHL,PA,AEA,EN,Combined TRACON& Tower with Radar,758,297,27,0,1082,0,2,4,0,6,758,299,31,0,1088,0,0,0,1088
05/02/2018,PHL,PA,AEA,EN,Combined TRACON& Tower with Radar,757,305,32,2,1096,0,0,1,3,4,757,305,33,5,1100,0,0,0,1100
05/03/2018,PHL,PA,AEA,EN,Combined TRACON& Tower with Radar,786,304,34,0,1124,0,0,6,8,14,786,304,40,8,1138,0,0,0,1138
05/04/2018,PHL,PA,AEA,EN,Combined TRACON& Tower with Radar,783,291,35,2,1111,0,0,10,1,11,783,291,45,3,1122,0,0,0,1122
05/05/2018,PHL,PA,AEA,EN,Combined TRACON& Tower with Radar,663,244,22,0,929,0,1,4,0,5,663,245,26,0,934,0,0,0,934
05/06/2018,PHL,PA,AEA,EN,Combined TRACON& Tower with Radar,727,289,28,0,1044,0,0,13,0,13,727,289,41,0,1057,0,0,0,1057
05/07/2018,PHL,PA,AEA,EN,Combined TRACON& Tower with Radar,758,313,32,1,1104,0,3,23,0,26,758,316,55,1,1130,0,0,0,1130
05/08/2018,PHL,PA,AEA,EN,Combined TRACON& Tower with Radar,810,317,39,2,1168,0,2,6,0,8,810,319,45,2,1176,0,0,0,1176
05/09/2018,PHL,PA,AEA,EN,Combined TRACON& Tower with Radar,806,319,64,0,1189,0,0,9,0,9,806,319,73,0,1198,0,0,0,1198
05/10/2018,PHL,PA,AEA,EN,Combined TRACON& Tower with Radar,790,280,32,0,1102,0,0,3,0,3,790,280,35,0,1105,0,0,0,1105
05/11/2018,PHL,PA,AEA,EN,Combined TRACON& Tower with Radar,792,323,59,2,1176,0,2,17,0,19,792,325,76,2,1195,0,0,0,1195
05/12/2018,PHL,PA,AEA,EN,Combined TRACON& Tower with Radar,665,244,27,0,936,0,0,0,0,0,665,244,27,0,936,0,0,0,936
05/13/2018,PHL,PA,AEA,EN,Combined TRACON& Tower with Radar,679,280,44,1,1004,0,0,0,0,0,679,280,44,1,1004,0,0,0,1004
05/14/2018,PHL,PA,AEA,EN,Combined TRACON& Tower with Radar,761,302,46,1,1110,0,0,4,0,4,761,302,50,1,1114,0,0,0,1114
05/15/2018,PHL,PA,AEA,EN,Combined TRACON& Tower with Radar,717,208,31,0,956,0,3,9,5,17,717,211,40,5,973,0,0,0,973
05/16/2018,PHL,PA,AEA,EN,Combined TRACON& Tower with Radar,774,275,33,0,1082,0,0,2,0,2,774,275,35,0,1084,0,0,0,1084
05/17/2018,PHL,PA,AEA,EN,Combined TRACON& Tower with Radar,786,284,29,0,1099,0,0,0,0,0,786,284,29,0,1099,0,0,0,1099
05/18/2018,PHL,PA,AEA,EN,Combined TRACON& Tower with Radar,774,274,19,0,1067,0,0,0,0,0,774,274,19,0,1067,0,0,0,1067
05/19/2018,PHL,PA,AEA,EN,Combined TRACON& Tower with Radar,670,254,16,0,940,0,0,0,0,0,670,254,16,0,940,0,0,0,940
05/20/2018,PHL,PA,AEA,EN,Combined TRACON& Tower with Radar,720,289,16,2,1027,0,0,2,0,2,720,289,18,2,1029,0,0,0,1029
05/21/2018,PHL,PA,AEA,EN,Combined TRACON& Tower with Radar,766,301,40,0,1107,0,5,14,2,21,766,306,54,2,1128,0,0,0,1128
05/22/2018,PHL,PA,AEA,EN,Combined TRACON& Tower with Radar,798,277,32,0,1107,0,1,6,0,7,798,278,38,0,1114,0,0,0,1114
05/23/2018,PHL,PA,AEA,EN,Combined TRACON& Tower with Radar,818,308,52,1,1179,0,1,10,0,11,818,309,62,1,1190,0,0,0,1190
05/24/2018,PHL,PA,AEA,EN,Combined TRACON& Tower with Radar,815,310,55,0,1180,0,0,5,0,5,815,310,60,0,1185,0,0,0,1185
05/25/2018,PHL,PA,AEA,EN,Combined TRACON& Tower with Radar,783,323,33,0,1139,0,1,6,0,7,783,324,39,0,1146,0,0,0,1146
05/26/2018,PHL,PA,AEA,EN,Combined TRACON& Tower with Radar,675,229,21,0,925,0,0,6,0,6,675,229,27,0,931,0,0,0,931
05/27/2018,PHL,PA,AEA,EN,Combined TRACON& Tower with Radar,626,218,13,0,857,0,0,0,0,0,626,218,13,0,857,0,0,0,857
05/28/2018,PHL,PA,AEA,EN,Combined TRACON& Tower with Radar,658,241,30,0,929,0,0,0,0,0,658,241,30,0,929,0,0,0,929
05/29/2018,PHL,PA,AEA,EN,Combined TRACON& Tower with Radar,758,318,30,0,1106,0,0,5,1,6,758,318,35,1,1112,0,0,0,1112
05/30/2018,PHL,PA,AEA,EN,Combined TRACON& Tower with Radar,801,305,49,0,1155,0,1,2,3,6,801,306,51,3,1161,0,0,0,1161
05/31/2018,PHL,PA,AEA,EN,Combined TRACON& Tower with Radar,793,279,30,0,1102,0,0,1,0,1,793,279,31,0,1103,0,0,0,1103
06/01/2018,PHL,PA,AEA,EN,Combined TRACON& Tower with Radar,781,295,26,0,1102,0,5,4,1,10,781,300,30,1,1112,0,0,0,1112
06/02/2018,PHL,PA,AEA,EN,Combined TRACON& Tower with Radar,630,215,19,1,865,0,3,2,0,5,630,218,21,1,870,0,0,0,870
06/03/2018,PHL,PA,AEA,EN,Combined TRACON& Tower with Radar,700,256,22,0,978,0,0,5,0,5,700,256,27,0,983,0,0,0,983
06/04/2018,PHL,PA,AEA,EN,Combined TRACON& Tower with Radar,768,315,38,2,1123,0,0,6,1,7,768,315,44,3,1130,0,0,0,1130
06/05/2018,PHL,PA,AEA,EN,Combined TRACON& Tower with Radar,812,321,34,0,1167,0,8,13,0,21,812,329,47,0,1188,0,0,0,1188
06/06/2018,PHL,PA,AEA,EN,Combined TRACON& Tower with Radar,805,316,53,0,1174,0,1,13,0,14,805,317,66,0,1188,0,0,0,1188
06/07/2018,PHL,PA,AEA,EN,Combined TRACON& Tower with Radar,831,330,39,0,1200,0,0,8,0,8,831,330,47,0,1208,0,0,0,1208
06/08/2018,PHL,PA,AEA,EN,Combined TRACON& Tower with Radar,822,326,44,0,1192,0,1,6,0,7,822,327,50,0,1199,0,0,0,1199
06/09/2018,PHL,PA,AEA,EN,Combined TRACON& Tower with Radar,750,249,11,0,1010,0,0,2,2,4,750,249,13,2,1014,0,0,0,1014
06/10/2018,PHL,PA,AEA,EN,Combined TRACON& Tower with Radar,754,326,21,0,1101,0,0,1,0,1,754,326,22,0,1102,0,0,0,1102
06/11/2018,PHL,PA,AEA,EN,Combined TRACON& Tower with Radar,794,339,41,1,1175,0,1,5,0,6,794,340,46,1,1181,0,0,0,1181
06/12/2018,PHL,PA,AEA,EN,Combined TRACON& Tower with Radar,841,329,51,0,1221,0,2,8,0,10,841,331,59,0,1231,0,0,0,1231
06/13/2018,PHL,PA,AEA,EN,Combined TRACON& Tower with Radar,834,330,41,1,1206,0,0,4,0,4,834,330,45,1,1210,0,0,0,1210
06/14/2018,PHL,PA,AEA,EN,Combined TRACON& Tower with Radar,828,346,41,3,1218,0,2,10,0,12,828,348,51,3,1230,0,0,0,1230
06/15/2018,PHL,PA,AEA,EN,Combined TRACON& Tower with Radar,787,333,43,0,1163,0,0,12,1,13,787,333,55,1,1176,0,0,0,1176
06/16/2018,PHL,PA,AEA,EN,Combined TRACON& Tower with Radar,727,256,19,0,1002,0,0,2,0,2,727,256,21,0,1004,0,0,0,1004
06/17/2018,PHL,PA,AEA,EN,Combined TRACON& Tower with Radar,749,329,28,0,1106,0,1,11,0,12,749,330,39,0,1118,0,0,0,1118
06/18/2018,PHL,PA,AEA,EN,Combined TRACON& Tower with Radar,766,309,49,1,1125,0,0,6,0,6,766,309,55,1,1131,0,0,0,1131
06/19/2018,PHL,PA,AEA,EN,Combined TRACON& Tower with Radar,782,298,42,1,1123,0,4,22,0,26,782,302,64,1,1149,0,0,0,1149
06/20/2018,PHL,PA,AEA,EN,Combined TRACON& Tower with Radar,809,324,45,2,1180,0,1,9,0,10,809,325,54,2,1190,0,0,0,1190
06/21/2018,PHL,PA,AEA,EN,Combined TRACON& Tower with Radar,839,364,45,0,1248,0,2,6,0,8,839,366,51,0,1256,0,0,0,1256
06/22/2018,PHL,PA,AEA,EN,Combined TRACON& Tower with Radar,808,344,48,1,1201,0,2,5,0,7,808,346,53,1,1208,0,0,0,1208
06/23/2018,PHL,PA,AEA,EN,Combined TRACON& Tower with Radar,740,260,19,0,1019,0,0,0,0,0,740,260,19,0,1019,0,0,0,1019
06/24/2018,PHL,PA,AEA,EN,Combined TRACON& Tower with Radar,729,294,41,0,1064,0,1,2,0,3,729,295,43,0,1067,0,0,0,1067
06/25/2018,PHL,PA,AEA,EN,Combined TRACON& Tower with Radar,787,337,34,2,1160,0,3,5,0,8,787,340,39,2,1168,0,0,0,1168
06/26/2018,PHL,PA,AEA,EN,Combined TRACON& Tower with Radar,824,324,39,0,1187,0,1,11,0,12,824,325,50,0,1199,0,0,0,1199
06/27/2018,PHL,PA,AEA,EN,Combined TRACON& Tower with Radar,831,342,26,0,1199,0,3,5,3,11,831,345,31,3,1210,0,0,0,1210
06/28/2018,PHL,PA,AEA,EN,Combined TRACON& Tower with Radar,835,349,37,0,1221,0,4,8,0,12,835,353,45,0,1233,0,0,0,1233
06/29/2018,PHL,PA,AEA,EN,Combined TRACON& Tower with Radar,829,347,39,0,1215,0,3,10,0,13,829,350,49,0,1228,0,0,0,1228
06/30/2018,PHL,PA,AEA,EN,Combined TRACON& Tower with Radar,731,274,21,2,1028,0,0,7,0,7,731,274,28,2,1035,0,0,0,1035
07/01/2018,PHL,PA,AEA,EN,Combined TRACON& Tower with Radar,746,312,20,0,1078,0,2,1,0,3,746,314,21,0,1081,0,0,0,1081
07/02/2018,PHL,PA,AEA,EN,Combined TRACON& Tower with Radar,637,204,22,0,863,0,2,12,1,15,637,206,34,1,878,0,0,0,878
07/03/2018,PHL,PA,AEA,EN,Combined TRACON& Tower with Radar,646,182,18,0,846,0,4,5,0,9,646,186,23,0,855,0,0,0,855
07/04/2018,PHL,PA,AEA,EN,Combined TRACON& Tower with Radar,620,182,12,0,814,0,1,4,1,6,620,183,16,1,820,0,0,0,820
07/05/2018,PHL,PA,AEA,EN,Combined TRACON& Tower with Radar,664,220,17,0,901,0,1,4,1,6,664,221,21,1,907,0,0,0,907
07/06/2018,PHL,PA,AEA,EN,Combined TRACON& Tower with Radar,794,313,14,0,1121,0,2,2,0,4,794,315,16,0,1125,0,0,0,1125
07/07/2018,PHL,PA,AEA,EN,Combined TRACON& Tower with Radar,733,263,19,0,1015,0,1,10,0,11,733,264,29,0,1026,0,0,0,1026
07/08/2018,PHL,PA,AEA,EN,Combined TRACON& Tower with Radar,760,337,28,0,1125,0,0,4,0,4,760,337,32,0,1129,0,0,0,1129
07/09/2018,PHL,PA,AEA,EN,Combined TRACON& Tower with Radar,850,352,31,0,1233,0,3,6,1,10,850,355,37,1,1243,0,0,0,1243
07/10/2018,PHL,PA,AEA,EN,Combined TRACON& Tower with Radar,936,367,34,0,1337,0,6,10,1,17,936,373,44,1,1354,0,0,0,1354
07/11/2018,PHL,PA,AEA,EN,Combined TRACON& Tower with Radar,860,339,34,1,1234,0,0,1,0,1,860,339,35,1,1235,0,0,0,1235
07/12/2018,PHL,PA,AEA,EN,Combined TRACON& Tower with Radar,834,347,30,0,1211,0,1,2,0,3,834,348,32,0,1214,0,0,0,1214
07/13/2018,PHL,PA,AEA,EN,Combined TRACON& Tower with Radar,829,344,26,1,1200,0,1,16,0,17,829,345,42,1,1217,0,0,0,1217
07/14/2018,PHL,PA,AEA,EN,Combined TRACON& Tower with Radar,732,271,14,2,1019,0,3,4,0,7,732,274,18,2,1026,0,0,0,1026
07/15/2018,PHL,PA,AEA,EN,Combined TRACON& Tower with Radar,744,299,24,0,1067,0,1,10,0,11,744,300,34,0,1078,0,0,0,1078
07/16/2018,PHL,PA,AEA,EN,Combined TRACON& Tower with Radar,786,347,37,0,1170,0,2,18,9,29,786,349,55,9,1199,0,0,0,1199
07/17/2018,PHL,PA,AEA,EN,Combined TRACON& Tower with Radar,698,229,37,0,964,0,3,8,2,13,698,232,45,2,977,0,0,0,977
07/18/2018,PHL,PA,AEA,EN,Combined TRACON& Tower with Radar,846,332,38,0,1216,0,1,5,4,10,846,333,43,4,1226,0,0,0,1226
07/19/2018,PHL,PA,AEA,EN,Combined TRACON& Tower with Radar,838,344,43,0,1225,0,6,15,0,21,838,350,58,0,1246,0,0,0,1246
07/20/2018,PHL,PA,AEA,EN,Combined TRACON& Tower with Radar,804,347,34,3,1188,0,0,15,0,15,804,347,49,3,1203,0,0,0,1203
07/21/2018,PHL,PA,AEA,EN,Combined TRACON& Tower with Radar,725,260,23,4,1012,0,1,1,0,2,725,261,24,4,1014,0,0,0,1014
07/22/2018,PHL,PA,AEA,EN,Combined TRACON& Tower with Radar,676,283,30,2,991,0,0,2,0,2,676,283,32,2,993,0,0,0,993
07/23/2018,PHL,PA,AEA,EN,Combined TRACON& Tower with Radar,725,252,46,0,1023,0,1,10,0,11,725,253,56,0,1034,0,0,0,1034
07/24/2018,PHL,PA,AEA,EN,Combined TRACON& Tower with Radar,752,234,19,3,1008,0,0,4,5,9,752,234,23,8,1017,0,0,0,1017
07/25/2018,PHL,PA,AEA,EN,Combined TRACON& Tower with Radar,768,262,38,0,1068,0,2,0,0,2,768,264,38,0,1070,0,0,0,1070
07/26/2018,PHL,PA,AEA,EN,Combined TRACON& Tower with Radar,846,340,36,0,1222,0,2,15,0,17,846,342,51,0,1239,0,0,0,1239
07/27/2018,PHL,PA,AEA,EN,Combined TRACON& Tower with Radar,698,243,36,2,979,0,0,3,0,3,698,243,39,2,982,0,0,0,982
07/28/2018,PHL,PA,AEA,EN,Combined TRACON& Tower with Radar,742,269,29,0,1040,0,2,1,0,3,742,271,30,0,1043,0,0,0,1043
07/29/2018,PHL,PA,AEA,EN,Combined TRACON& Tower with Radar,764,334,18,0,1116,0,0,2,0,2,764,334,20,0,1118,0,0,0,1118
07/30/2018,PHL,PA,AEA,EN,Combined TRACON& Tower with Radar,786,347,34,0,1167,0,3,28,2,33,786,350,62,2,1200,0,0,0,1200
07/31/2018,PHL,PA,AEA,EN,Combined TRACON& Tower with Radar,829,337,39,0,1205,0,4,3,1,8,829,341,42,1,1213,0,0,0,1213
08/01/2018,PHL,PA,AEA,EN,Combined TRACON& Tower with Radar,800,338,27,2,1167,0,0,3,1,4,800,338,30,3,1171,0,0,0,1171
08/02/2018,PHL,PA,AEA,EN,Combined TRACON& Tower with Radar,803,278,28,0,1109,0,1,4,0,5,803,279,32,0,1114,0,0,0,1114
08/03/2018,PHL,PA,AEA,EN,Combined TRACON& Tower with Radar,735,229,25,0,989,0,1,4,0,5,735,230,29,0,994,0,0,0,994
08/04/2018,PHL,PA,AEA,EN,Combined TRACON& Tower with Radar,723,269,21,0,1013,0,0,2,0,2,723,269,23,0,1015,0,0,0,1015
08/05/2018,PHL,PA,AEA,EN,Combined TRACON& Tower with Radar,754,326,27,0,1107,0,0,8,0,8,754,326,35,0,1115,0,0,0,1115
08/06/2018,PHL,PA,AEA,EN,Combined TRACON& Tower with Radar,784,361,27,0,1172,0,2,11,2,15,784,363,38,2,1187,0,0,0,1187
08/07/2018,PHL,PA,AEA,EN,Combined TRACON& Tower with Radar,787,275,27,0,1089,0,3,5,1,9,787,278,32,1,1098,0,0,0,1098
08/08/2018,PHL,PA,AEA,EN,Combined TRACON& Tower with Radar,792,279,25,2,1098,0,2,4,1,7,792,281,29,3,1105,0,0,0,1105
08/09/2018,PHL,PA,AEA,EN,Combined TRACON& Tower with Radar,850,359,43,0,1252,0,2,8,0,10,850,361,51,0,1262,0,0,0,1262
08/10/2018,PHL,PA,AEA,EN,Combined TRACON& Tower with Radar,817,349,39,0,1205,0,2,10,1,13,817,351,49,1,1218,0,0,0,1218
08/11/2018,PHL,PA,AEA,EN,Combined TRACON& Tower with Radar,661,213,7,0,881,0,0,2,0,2,661,213,9,0,883,0,0,0,883
08/12/2018,PHL,PA,AEA,EN,Combined TRACON& Tower with Radar,731,326,29,2,1088,0,0,6,0,6,731,326,35,2,1094,0,0,0,1094
08/13/2018,PHL,PA,AEA,EN,Combined TRACON& Tower with Radar,703,265,16,0,984,0,0,3,0,3,703,265,19,0,987,0,0,0,987
08/14/2018,PHL,PA,AEA,EN,Combined TRACON& Tower with Radar,798,298,30,0,1126,0,0,2,0,2,798,298,32,0,1128,0,0,0,1128
08/15/2018,PHL,PA,AEA,EN,Combined TRACON& Tower with Radar,809,358,45,0,1212,0,3,18,0,21,809,361,63,0,1233,0,0,0,1233
08/16/2018,PHL,PA,AEA,EN,Combined TRACON& Tower with Radar,827,350,58,0,1235,0,7,10,2,19,827,357,68,2,1254,0,0,0,1254
08/17/2018,PHL,PA,AEA,EN,Combined TRACON& Tower with Radar,775,294,44,2,1115,0,0,6,0,6,775,294,50,2,1121,0,0,0,1121
08/18/2018,PHL,PA,AEA,EN,Combined TRACON& Tower with Radar,713,267,18,2,1000,0,1,5,0,6,713,268,23,2,1006,0,0,0,1006
08/19/2018,PHL,PA,AEA,EN,Combined TRACON& Tower with Radar,724,291,21,0,1036,0,0,0,0,0,724,291,21,0,1036,0,0,0,1036
08/20/2018,PHL,PA,AEA,EN,Combined TRACON& Tower with Radar,771,345,36,0,1152,0,1,7,0,8,771,346,43,0,1160,0,0,0,1160
08/21/2018,PHL,PA,AEA,EN,Combined TRACON& Tower with Radar,756,304,48,0,1108,0,0,8,0,8,756,304,56,0,1116,0,0,0,1116
08/22/2018,PHL,PA,AEA,EN,Combined TRACON& Tower with Radar,769,321,43,0,1133,0,2,51,0,53,769,323,94,0,1186,0,0,0,1186
08/23/2018,PHL,PA,AEA,EN,Combined TRACON& Tower with Radar,781,330,43,0,1154,0,0,14,0,14,781,330,57,0,1168,0,0,0,1168
08/24/2018,PHL,PA,AEA,EN,Combined TRACON& Tower with Radar,749,329,50,0,1128,0,0,35,4,39,749,329,85,4,1167,0,0,0,1167
08/25/2018,PHL,PA,AEA,EN,Combined TRACON& Tower with Radar,652,236,16,0,904,0,1,11,0,12,652,237,27,0,916,0,0,0,916
08/26/2018,PHL,PA,AEA,EN,Combined TRACON& Tower with Radar,675,321,17,0,1013,0,0,4,0,4,675,321,21,0,1017,0,0,0,1017
08/27/2018,PHL,PA,AEA,EN,Combined TRACON& Tower with Radar,715,322,37,0,1074,0,2,5,0,7,715,324,42,0,1081,0,0,0,1081
08/28/2018,PHL,PA,AEA,EN,Combined TRACON& Tower with Radar,751,317,22,3,1093,0,2,10,1,13,751,319,32,4,1106,0,0,0,1106
08/29/2018,PHL,PA,AEA,EN,Combined TRACON& Tower with Radar,758,331,39,1,1129,0,1,7,3,11,758,332,46,4,1140,0,0,0,1140
08/30/2018,PHL,PA,AEA,EN,Combined TRACON& Tower with Radar,782,335,26,0,1143,0,2,7,0,9,782,337,33,0,1152,0,0,0,1152
08/31/2018,PHL,PA,AEA,EN,Combined TRACON& Tower with Radar,752,320,29,0,1101,0,1,4,0,5,752,321,33,0,1106,0,0,0,1106
09/01/2018,PHL,PA,AEA,EN,Combined TRACON& Tower with Radar,629,235,17,0,881,0,0,4,0,4,629,235,21,0,885,0,0,0,885
09/02/2018,PHL,PA,AEA,EN,Combined TRACON& Tower with Radar,643,298,10,0,951,0,1,4,0,5,643,299,14,0,956,0,0,0,956
09/03/2018,PHL,PA,AEA,EN,Combined TRACON& Tower with Radar,681,321,31,0,1033,0,1,8,0,9,681,322,39,0,1042,0,0,0,1042
09/04/2018,PHL,PA,AEA,EN,Combined TRACON& Tower with Radar,696,336,51,0,1083,0,6,3,0,9,696,342,54,0,1092,0,0,0,1092
09/05/2018,PHL,PA,AEA,EN,Combined TRACON& Tower with Radar,772,318,49,0,1139,0,1,9,0,10,772,319,58,0,1149,0,0,0,1149
09/06/2018,PHL,PA,AEA,EN,Combined TRACON& Tower with Radar,771,301,50,0,1122,0,0,9,9,18,771,301,59,9,1140,0,0,0,1140
09/07/2018,PHL,PA,AEA,EN,Combined TRACON& Tower with Radar,695,293,56,0,1044,0,0,7,0,7,695,293,63,0,1051,0,0,0,1051
09/08/2018,PHL,PA,AEA,EN,Combined TRACON& Tower with Radar,635,236,17,0,888,0,1,1,0,2,635,237,18,0,890,0,0,0,890
09/09/2018,PHL,PA,AEA,EN,Combined TRACON& Tower with Radar,669,277,23,0,969,0,0,1,0,1,669,277,24,0,970,0,0,0,970
09/10/2018,PHL,PA,AEA,EN,Combined TRACON& Tower with Radar,723,317,42,0,1082,0,0,1,0,1,723,317,43,0,1083,0,0,0,1083
09/11/2018,PHL,PA,AEA,EN,Combined TRACON& Tower with Radar,744,294,28,2,1068,0,0,2,0,2,744,294,30,2,1070,0,0,0,1070
09/12/2018,PHL,PA,AEA,EN,Combined TRACON& Tower with Radar,755,310,53,0,1118,0,0,1,0,1,755,310,54,0,1119,0,0,0,1119
09/13/2018,PHL,PA,AEA,EN,Combined TRACON& Tower with Radar,757,323,48,1,1129,0,0,2,0,2,757,323,50,1,1131,0,0,0,1131
09/14/2018,PHL,PA,AEA,EN,Combined TRACON& Tower with Radar,732,305,47,0,1084,0,0,4,0,4,732,305,51,0,1088,0,0,0,1088
09/15/2018,PHL,PA,AEA,EN,Combined TRACON& Tower with Radar,623,224,11,0,858,0,1,3,0,4,623,225,14,0,862,0,0,0,862
09/16/2018,PHL,PA,AEA,EN,Combined TRACON& Tower with Radar,665,307,37,0,1009,0,1,3,0,4,665,308,40,0,1013,0,0,0,1013
09/17/2018,PHL,PA,AEA,EN,Combined TRACON& Tower with Radar,731,322,36,0,1089,0,0,3,0,3,731,322,39,0,1092,0,0,0,1092
09/18/2018,PHL,PA,AEA,EN,Combined TRACON& Tower with Radar,759,288,37,0,1084,0,2,2,0,4,759,290,39,0,1088,0,0,0,1088
09/19/2018,PHL,PA,AEA,EN,Combined TRACON& Tower with Radar,759,316,54,0,1129,0,1,7,17,25,759,317,61,17,1154,0,0,0,1154
09/20/2018,PHL,PA,AEA,EN,Combined TRACON& Tower with Radar,773,340,54,0,1167,0,0,8,0,8,773,340,62,0,1175,0,0,0,1175
09/21/2018,PHL,PA,AEA,EN,Combined TRACON& Tower with Radar,755,332,27,0,1114,0,2,12,1,15,755,334,39,1,1129,0,0,0,1129
09/22/2018,PHL,PA,AEA,EN,Combined TRACON& Tower with Radar,644,256,17,0,917,0,0,7,1,8,644,256,24,1,925,0,0,0,925
09/23/2018,PHL,PA,AEA,EN,Combined TRACON& Tower with Radar,681,320,31,0,1032,0,0,2,0,2,681,320,33,0,1034,0,0,0,1034
09/24/2018,PHL,PA,AEA,EN,Combined TRACON& Tower with Radar,716,330,45,0,1091,0,6,7,0,13,716,336,52,0,1104,0,0,0,1104
09/25/2018,PHL,PA,AEA,EN,Combined TRACON& Tower with Radar,760,329,58,0,1147,0,3,2,2,7,760,332,60,2,1154,0,0,0,1154
09/26/2018,PHL,PA,AEA,EN,Combined TRACON& Tower with Radar,726,277,71,0,1074,0,0,2,0,2,726,277,73,0,1076,0,0,0,1076
09/27/2018,PHL,PA,AEA,EN,Combined TRACON& Tower with Radar,784,324,52,2,1162,0,0,20,0,20,784,324,72,2,1182,0,0,0,1182
09/28/2018,PHL,PA,AEA,EN,Combined TRACON& Tower with Radar,758,339,49,2,1148,0,2,17,0,19,758,341,66,2,1167,0,0,0,1167
09/29/2018,PHL,PA,AEA,EN,Combined TRACON& Tower with Radar,649,254,14,2,919,0,0,4,1,5,649,254,18,3,924,0,0,0,924
09/30/2018,PHL,PA,AEA,EN,Combined TRACON& Tower with Radar,679,326,54,0,1059,0,0,9,0,9,679,326,63,0,1068,0,0,0,1068
10/01/2018,PHL,PA,AEA,EN,Combined TRACON& Tower with Radar,736,330,53,2,1121,0,0,13,0,13,736,330,66,2,1134,0,0,0,1134
10/02/2018,PHL,PA,AEA,EN,Combined TRACON& Tower with Radar,764,302,32,1,1099,0,0,17,3,20,764,302,49,4,1119,0,0,0,1119
10/03/2018,PHL,PA,AEA,EN,Combined TRACON& Tower with Radar,781,340,63,4,1188,0,5,7,4,16,781,345,70,8,1204,0,0,0,1204
10/04/2018,PHL,PA,AEA,EN,Combined TRACON& Tower with Radar,773,315,39,1,1128,0,0,12,3,15,773,315,51,4,1143,0,0,0,1143
10/05/2018,PHL,PA,AEA,EN,Combined TRACON& Tower with Radar,746,328,43,2,1119,0,0,9,0,9,746,328,52,2,1128,0,0,0,1128
10/06/2018,PHL,PA,AEA,EN,Combined TRACON& Tower with Radar,625,248,25,0,898,0,0,1,0,1,625,248,26,0,899,0,0,0,899
10/07/2018,PHL,PA,AEA,EN,Combined TRACON& Tower with Radar,689,326,42,0,1057,0,6,5,2,13,689,332,47,2,1070,0,0,0,1070
10/08/2018,PHL,PA,AEA,EN,Combined TRACON& Tower with Radar,715,313,40,1,1069,0,0,0,0,0,715,313,40,1,1069,0,0,0,1069
10/09/2018,PHL,PA,AEA,EN,Combined TRACON& Tower with Radar,755,324,34,0,1113,0,0,5,0,5,755,324,39,0,1118,0,0,0,1118
10/10/2018,PHL,PA,AEA,EN,Combined TRACON& Tower with Radar,757,320,41,0,1118,0,6,0,0,6,757,326,41,0,1124,0,0,0,1124
10/11/2018,PHL,PA,AEA,EN,Combined TRACON& Tower with Radar,750,286,27,0,1063,0,0,0,0,0,750,286,27,0,1063,0,0,0,1063
10/12/2018,PHL,PA,AEA,EN,Combined TRACON& Tower with Radar,758,315,40,0,1113,0,2,23,1,26,758,317,63,1,1139,0,0,0,1139
10/13/2018,PHL,PA,AEA,EN,Combined TRACON& Tower with Radar,620,252,18,0,890,0,0,4,0,4,620,252,22,0,894,0,0,0,894
10/14/2018,PHL,PA,AEA,EN,Combined TRACON& Tower with Radar,673,314,33,0,1020,0,0,1,0,1,673,314,34,0,1021,0,0,0,1021
10/15/2018,PHL,PA,AEA,EN,Combined TRACON& Tower with Radar,703,305,38,0,1046,0,4,7,0,11,703,309,45,0,1057,0,0,0,1057
10/16/2018,PHL,PA,AEA,EN,Combined TRACON& Tower with Radar,774,313,41,1,1129,0,2,10,0,12,774,315,51,1,1141,0,0,0,1141
10/17/2018,PHL,PA,AEA,EN,Combined TRACON& Tower with Radar,760,303,39,2,1104,0,0,10,0,10,760,303,49,2,1114,0,0,0,1114
10/18/2018,PHL,PA,AEA,EN,Combined TRACON& Tower with Radar,779,302,40,0,1121,0,0,22,0,22,779,302,62,0,1143,0,0,0,1143
10/19/2018,PHL,PA,AEA,EN,Combined TRACON& Tower with Radar,751,321,28,0,1100,0,0,5,1,6,751,321,33,1,1106,0,0,0,1106
10/20/2018,PHL,PA,AEA,EN,Combined TRACON& Tower with Radar,643,248,23,0,914,0,0,15,0,15,643,248,38,0,929,0,0,0,929
10/21/2018,PHL,PA,AEA,EN,Combined TRACON& Tower with Radar,679,334,34,0,1047,0,3,7,4,14,679,337,41,4,1061,0,0,0,1061
10/22/2018,PHL,PA,AEA,EN,Combined TRACON& Tower with Radar,731,313,35,2,1081,0,4,13,1,18,731,317,48,3,1099,0,0,0,1099
10/23/2018,PHL,PA,AEA,EN,Combined TRACON& Tower with Radar,762,320,33,1,1116,0,2,3,1,6,762,322,36,2,1122,0,0,0,1122
10/24/2018,PHL,PA,AEA,EN,Combined TRACON& Tower with Radar,761,316,53,0,1130,0,5,9,1,15,761,321,62,1,1145,0,0,0,1145
10/25/2018,PHL,PA,AEA,EN,Combined TRACON& Tower with Radar,774,325,48,0,1147,0,2,14,0,16,774,327,62,0,1163,0,0,0,1163
10/26/2018,PHL,PA,AEA,EN,Combined TRACON& Tower with Radar,752,317,40,2,1111,0,1,5,0,6,752,318,45,2,1117,0,0,0,1117
10/27/2018,PHL,PA,AEA,EN,Combined TRACON& Tower with Radar,639,229,9,0,877,0,0,4,0,4,639,229,13,0,881,0,0,0,881
10/28/2018,PHL,PA,AEA,EN,Combined TRACON& Tower with Radar,650,323,34,2,1009,0,0,5,1,6,650,323,39,3,1015,0,0,0,1015
10/29/2018,PHL,PA,AEA,EN,Combined TRACON& Tower with Radar,707,318,54,0,1079,0,6,20,0,26,707,324,74,0,1105,0,0,0,1105
10/30/2018,PHL,PA,AEA,EN,Combined TRACON& Tower with Radar,717,310,55,2,1084,0,0,14,0,14,717,310,69,2,1098,0,0,0,1098
10/31/2018,PHL,PA,AEA,EN,Combined TRACON& Tower with Radar,712,299,36,0,1047,0,0,3,0,3,712,299,39,0,1050,0,0,0,1050
11/01/2018,PHL,PA,AEA,EN,Combined TRACON& Tower with Radar,736,325,36,0,1097,0,4,35,2,41,736,329,71,2,1138,0,0,0,1138
11/02/2018,PHL,PA,AEA,EN,Combined TRACON& Tower with Radar,732,313,39,2,1086,0,0,5,1,6,732,313,44,3,1092,0,0,0,1092
11/03/2018,PHL,PA,AEA,EN,Combined TRACON& Tower with Radar,630,231,23,0,884,0,0,10,0,10,630,231,33,0,894,0,0,0,894
11/04/2018,PHL,PA,AEA,EN,Combined TRACON& Tower with Radar,657,324,15,0,996,0,0,8,0,8,657,324,23,0,1004,0,0,0,1004
11/05/2018,PHL,PA,AEA,EN,Combined TRACON& Tower with Radar,649,288,30,0,967,0,0,0,0,0,649,288,30,0,967,0,0,0,967
11/06/2018,PHL,PA,AEA,EN,Combined TRACON& Tower with Radar,753,287,30,0,1070,0,0,2,0,2,753,287,32,0,1072,0,0,0,1072
11/07/2018,PHL,PA,AEA,EN,Combined TRACON& Tower with Radar,732,343,47,0,1122,0,5,11,1,17,732,348,58,1,1139,0,0,0,1139
11/08/2018,PHL,PA,AEA,EN,Combined TRACON& Tower with Radar,764,326,50,2,1142,0,0,8,0,8,764,326,58,2,1150,0,0,0,1150
11/09/2018,PHL,PA,AEA,EN,Combined TRACON& Tower with Radar,723,323,42,0,1088,0,0,1,0,1,723,323,43,0,1089,0,0,0,1089
11/10/2018,PHL,PA,AEA,EN,Combined TRACON& Tower with Radar,618,249,11,0,878,0,0,5,2,7,618,249,16,2,885,0,0,0,885
11/11/2018,PHL,PA,AEA,EN,Combined TRACON& Tower with Radar,665,332,51,0,1048,0,0,7,0,7,665,332,58,0,1055,0,0,0,1055
11/12/2018,PHL,PA,AEA,EN,Combined TRACON& Tower with Radar,714,333,38,0,1085,0,1,11,2,14,714,334,49,2,1099,0,0,0,1099
11/13/2018,PHL,PA,AEA,EN,Combined TRACON& Tower with Radar,757,301,38,0,1096,0,0,1,0,1,757,301,39,0,1097,0,0,0,1097
11/14/2018,PHL,PA,AEA,EN,Combined TRACON& Tower with Radar,734,321,41,0,1096,0,0,12,0,12,734,321,53,0,1108,0,0,0,1108
11/15/2018,PHL,PA,AEA,EN,Combined TRACON& Tower with Radar,671,188,32,0,891,0,0,2,1,3,671,188,34,1,894,0,0,0,894
11/16/2018,PHL,PA,AEA,EN,Combined TRACON& Tower with Radar,756,319,55,0,1130,0,0,21,0,21,756,319,76,0,1151,0,0,0,1151
11/17/2018,PHL,PA,AEA,EN,Combined TRACON& Tower with Radar,640,245,18,0,903,0,0,1,0,1,640,245,19,0,904,0,0,0,904
11/18/2018,PHL,PA,AEA,EN,Combined TRACON& Tower with Radar,611,248,40,0,899,0,0,1,0,1,611,248,41,0,900,0,0,0,900
11/19/2018,PHL,PA,AEA,EN,Combined TRACON& Tower with Radar,653,249,34,2,938,0,2,14,0,16,653,251,48,2,954,0,0,0,954
11/20/2018,PHL,PA,AEA,EN,Combined TRACON& Tower with Radar,778,332,43,0,1153,0,0,2,0,2,778,332,45,0,1155,0,0,0,1155
11/21/2018,PHL,PA,AEA,EN,Combined TRACON& Tower with Radar,770,326,45,0,1141,0,0,25,0,25,770,326,70,0,1166,0,0,0,1166
11/22/2018,PHL,PA,AEA,EN,Combined TRACON& Tower with Radar,376,112,2,0,490,0,6,2,0,8,376,118,4,0,498,0,0,0,498
11/23/2018,PHL,PA,AEA,EN,Combined TRACON& Tower with Radar,416,114,9,2,541,0,1,13,0,14,416,115,22,2,555,0,0,0,555
11/24/2018,PHL,PA,AEA,EN,Combined TRACON& Tower with Radar,682,264,18,0,964,0,0,0,0,0,682,264,18,0,964,0,0,0,964
11/25/2018,PHL,PA,AEA,EN,Combined TRACON& Tower with Radar,724,342,63,0,1129,0,0,11,0,11,724,342,74,0,1140,0,0,0,1140
11/26/2018,PHL,PA,AEA,EN,Combined TRACON& Tower with Radar,717,308,44,0,1069,0,0,4,1,5,717,308,48,1,1074,0,0,0,1074
11/27/2018,PHL,PA,AEA,EN,Combined TRACON& Tower with Radar,787,316,34,0,1137,0,0,4,2,6,787,316,38,2,1143,0,0,0,1143
11/28/2018,PHL,PA,AEA,EN,Combined TRACON& Tower with Radar,789,331,44,0,1164,0,1,10,0,11,789,332,54,0,1175,0,0,0,1175
11/29/2018,PHL,PA,AEA,EN,Combined TRACON& Tower with Radar,801,318,37,0,1156,0,0,9,2,11,801,318,46,2,1167,0,0,0,1167
11/30/2018,PHL,PA,AEA,EN,Combined TRACON& Tower with Radar,752,312,33,0,1097,0,4,16,0,20,752,316,49,0,1117,0,0,0,1117
12/01/2018,PHL,PA,AEA,EN,Combined TRACON& Tower with Radar,611,230,9,0,850,0,0,4,0,4,611,230,13,0,854,0,0,0,854
12/02/2018,PHL,PA,AEA,EN,Combined TRACON& Tower with Radar,665,217,15,0,897,0,0,0,0,0,665,217,15,0,897,0,0,0,897
12/03/2018,PHL,PA,AEA,EN,Combined TRACON& Tower with Radar,744,312,48,0,1104,0,2,6,0,8,744,314,54,0,1112,0,0,0,1112
12/04/2018,PHL,PA,AEA,EN,Combined TRACON& Tower with Radar,783,319,47,2,1151,0,0,14,3,17,783,319,61,5,1168,0,0,0,1168
12/05/2018,PHL,PA,AEA,EN,Combined TRACON& Tower with Radar,783,335,44,7,1169,0,4,3,1,8,783,339,47,8,1177,0,0,0,1177
12/06/2018,PHL,PA,AEA,EN,Combined TRACON& Tower with Radar,791,349,38,1,1179,0,0,7,0,7,791,349,45,1,1186,0,0,0,1186
12/07/2018,PHL,PA,AEA,EN,Combined TRACON& Tower with Radar,755,346,58,3,1162,0,0,10,19,29,755,346,68,22,1191,0,0,0,1191
12/08/2018,PHL,PA,AEA,EN,Combined TRACON& Tower with Radar,619,265,43,7,934,0,4,10,6,20,619,269,53,13,954,0,0,0,954
12/09/2018,PHL,PA,AEA,EN,Combined TRACON& Tower with Radar,640,292,44,10,986,0,1,6,2,9,640,293,50,12,995,0,0,0,995
12/10/2018,PHL,PA,AEA,EN,Combined TRACON& Tower with Radar,732,288,40,0,1060,0,4,16,0,20,732,292,56,0,1080,0,0,0,1080
12/11/2018,PHL,PA,AEA,EN,Combined TRACON& Tower with Radar,800,296,25,1,1122,0,1,7,0,8,800,297,32,1,1130,0,0,0,1130
12/12/2018,PHL,PA,AEA,EN,Combined TRACON& Tower with Radar,796,314,38,0,1148,0,3,22,0,25,796,317,60,0,1173,0,0,0,1173
12/13/2018,PHL,PA,AEA,EN,Combined TRACON& Tower with Radar,825,325,41,0,1191,0,1,4,0,5,825,326,45,0,1196,0,0,0,1196
12/14/2018,PHL,PA,AEA,EN,Combined TRACON& Tower with Radar,761,308,29,0,1098,0,0,4,0,4,761,308,33,0,1102,0,0,0,1102
12/15/2018,PHL,PA,AEA,EN,Combined TRACON& Tower with Radar,630,245,15,1,891,0,0,2,0,2,630,245,17,1,893,0,0,0,893
12/16/2018,PHL,PA,AEA,EN,Combined TRACON& Tower with Radar,692,295,12,1,1000,0,0,0,0,0,692,295,12,1,1000,0,0,0,1000
12/17/2018,PHL,PA,AEA,EN,Combined TRACON& Tower with Radar,745,314,41,0,1100,0,0,6,0,6,745,314,47,0,1106,0,0,0,1106
12/18/2018,PHL,PA,AEA,EN,Combined TRACON& Tower with Radar,840,323,39,0,1202,0,2,6,0,8,840,325,45,0,1210,0,0,0,1210
12/19/2018,PHL,PA,AEA,EN,Combined TRACON& Tower with Radar,826,321,44,0,1191,0,0,29,0,29,826,321,73,0,1220,0,0,0,1220
12/20/2018,PHL,PA,AEA,EN,Combined TRACON& Tower with Radar,836,329,27,0,1192,0,1,3,0,4,836,330,30,0,1196,0,0,0,1196
12/21/2018,PHL,PA,AEA,EN,Combined TRACON& Tower with Radar,842,324,39,0,1205,0,0,1,0,1,842,324,40,0,1206,0,0,0,1206
12/22/2018,PHL,PA,AEA,EN,Combined TRACON& Tower with Radar,711,265,37,0,1013,0,1,2,0,3,711,266,39,0,1016,0,0,0,1016
12/23/2018,PHL,PA,AEA,EN,Combined TRACON& Tower with Radar,681,309,19,0,1009,0,0,10,2,12,681,309,29,2,1021,0,0,0,1021
12/24/2018,PHL,PA,AEA,EN,Combined TRACON& Tower with Radar,577,238,5,0,820,0,0,2,0,2,577,238,7,0,822,0,0,0,822
12/25/2018,PHL,PA,AEA,EN,Combined TRACON& Tower with Radar,550,227,14,0,791,0,0,1,0,1,550,227,15,0,792,0,0,0,792
12/26/2018,PHL,PA,AEA,EN,Combined TRACON& Tower with Radar,715,313,23,0,1051,0,0,10,0,10,715,313,33,0,1061,0,0,0,1061
12/27/2018,PHL,PA,AEA,EN,Combined TRACON& Tower with Radar,761,289,28,0,1078,0,0,7,0,7,761,289,35,0,1085,0,0,0,1085
12/28/2018,PHL,PA,AEA,EN,Combined TRACON& Tower with Radar,731,260,25,0,1016,0,0,0,0,0,731,260,25,0,1016,0,0,0,1016
12/29/2018,PHL,PA,AEA,EN,Combined TRACON& Tower with Radar,653,251,26,0,930,0,0,2,0,2,653,251,28,0,932,0,0,0,932
12/30/2018,PHL,PA,AEA,EN,Combined TRACON& Tower with Radar,671,284,17,0,972,0,0,9,0,9,671,284,26,0,981,0,0,0,981
12/31/2018,PHL,PA,AEA,EN,Combined TRACON& Tower with Radar,576,242,18,0,836,0,1,0,0,1,576,243,18,0,837,0,0,0,837
01/01/2019,PHL,PA,AEA,EN,Combined TRACON& Tower with Radar,578,238,20,0,836,0,0,5,0,5,578,238,25,0,841,0,0,0,841
01/02/2019,PHL,PA,AEA,EN,Combined TRACON& Tower with Radar,729,302,33,2,1066,0,4,7,5,16,729,306,40,7,1082,0,0,0,1082
01/03/2019,PHL,PA,AEA,EN,Combined TRACON& Tower with Radar,785,276,15,0,1076,0,5,8,2,15,785,281,23,2,1091,0,0,0,1091
01/04/2019,PHL,PA,AEA,EN,Combined TRACON& Tower with Radar,727,307,23,0,1057,0,1,9,0,10,727,308,32,0,1067,0,0,0,1067
01/05/2019,PHL,PA,AEA,EN,Combined TRACON& Tower with Radar,623,279,13,0,915,0,0,8,0,8,623,279,21,0,923,0,0,0,923
01/06/2019,PHL,PA,AEA,EN,Combined TRACON& Tower with Radar,631,287,26,0,944,0,0,9,0,9,631,287,35,0,953,0,0,0,953
01/07/2019,PHL,PA,AEA,EN,Combined TRACON& Tower with Radar,674,275,28,0,977,0,6,7,0,13,674,281,35,0,990,0,0,0,990
01/08/2019,PHL,PA,AEA,EN,Combined TRACON& Tower with Radar,691,251,15,1,958,0,0,1,0,1,691,251,16,1,959,0,0,0,959
01/09/2019,PHL,PA,AEA,EN,Combined TRACON& Tower with Radar,676,228,29,0,933,0,0,12,1,13,676,228,41,1,946,0,0,0,946
01/10/2019,PHL,PA,AEA,EN,Combined TRACON& Tower with Radar,713,270,24,0,1007,0,1,6,0,7,713,271,30,0,1014,0,0,0,1014
01/11/2019,PHL,PA,AEA,EN,Combined TRACON& Tower with Radar,701,278,35,0,1014,0,2,15,3,20,701,280,50,3,1034,0,0,0,1034
01/12/2019,PHL,PA,AEA,EN,Combined TRACON& Tower with Radar,547,211,20,1,779,0,0,5,0,5,547,211,25,1,784,0,0,0,784
01/13/2019,PHL,PA,AEA,EN,Combined TRACON& Tower with Radar,627,262,29,0,918,0,0,2,0,2,627,262,31,0,920,0,0,0,920
01/14/2019,PHL,PA,AEA,EN,Combined TRACON& Tower with Radar,678,277,27,1,983,0,2,4,0,6,678,279,31,1,989,0,0,0,989
01/15/2019,PHL,PA,AEA,EN,Combined TRACON& Tower with Radar,676,254,22,0,952,0,1,16,1,18,676,255,38,1,970,0,0,0,970
01/16/2019,PHL,PA,AEA,EN,Combined TRACON& Tower with Radar,679,239,38,0,956,0,6,7,2,15,679,245,45,2,971,0,0,0,971
01/17/2019,PHL,PA,AEA,EN,Combined TRACON& Tower with Radar,711,280,48,1,1040,0,0,5,0,5,711,280,53,1,1045,0,0,0,1045
01/18/2019,PHL,PA,AEA,EN,Combined TRACON& Tower with Radar,684,294,39,0,1017,0,0,1,0,1,684,294,40,0,1018,0,0,0,1018
01/19/2019,PHL,PA,AEA,EN,Combined TRACON& Tower with Radar,518,148,17,0,683,0,0,5,0,5,518,148,22,0,688,0,0,0,688
01/20/2019,PHL,PA,AEA,EN,Combined TRACON& Tower with Radar,557,173,13,0,743,0,0,2,0,2,557,173,15,0,745,0,0,0,745
01/21/2019,PHL,PA,AEA,EN,Combined TRACON& Tower with Radar,633,280,46,0,959,0,0,9,0,9,633,280,55,0,968,0,0,0,968
01/22/2019,PHL,PA,AEA,EN,Combined TRACON& Tower with Radar,657,247,43,0,947,0,4,7,1,12,657,251,50,1,959,0,0,0,959
01/23/2019,PHL,PA,AEA,EN,Combined TRACON& Tower with Radar,673,238,32,0,943,0,0,12,0,12,673,238,44,0,955,0,0,0,955
01/24/2019,PHL,PA,AEA,EN,Combined TRACON& Tower with Radar,720,254,45,0,1019,0,0,3,0,3,720,254,48,0,1022,0,0,0,1022
01/25/2019,PHL,PA,AEA,EN,Combined TRACON& Tower with Radar,697,276,25,0,998,0,0,5,0,5,697,276,30,0,1003,0,0,0,1003
01/26/2019,PHL,PA,AEA,EN,Combined TRACON& Tower with Radar,545,197,18,0,760,0,2,1,0,3,545,199,19,0,763,0,0,0,763
01/27/2019,PHL,PA,AEA,EN,Combined TRACON& Tower with Radar,592,277,30,0,899,0,2,7,0,9,592,279,37,0,908,0,0,0,908
01/28/2019,PHL,PA,AEA,EN,Combined TRACON& Tower with Radar,646,264,20,0,930,0,0,8,0,8,646,264,28,0,938,0,0,0,938
01/29/2019,PHL,PA,AEA,EN,Combined TRACON& Tower with Radar,640,226,37,0,903,0,2,2,1,5,640,228,39,1,908,0,0,0,908
01/30/2019,PHL,PA,AEA,EN,Combined TRACON& Tower with Radar,626,214,39,0,879,0,1,8,1,10,626,215,47,1,889,0,0,0,889
01/31/2019,PHL,PA,AEA,EN,Combined TRACON& Tower with Radar,665,275,23,0,963,0,7,9,1,17,665,282,32,1,980,0,0,0,980
02/01/2019,PHL,PA,AEA,EN,Combined TRACON& Tower with Radar,673,285,32,0,990,0,0,3,0,3,673,285,35,0,993,0,0,0,993
02/02/2019,PHL,PA,AEA,EN,Combined TRACON& Tower with Radar,546,194,15,1,756,0,0,4,0,4,546,194,19,1,760,0,0,0,760
02/03/2019,PHL,PA,AEA,EN,Combined TRACON& Tower with Radar,590,267,20,0,877,0,0,3,0,3,590,267,23,0,880,0,0,0,880
02/04/2019,PHL,PA,AEA,EN,Combined TRACON& Tower with Radar,666,288,29,0,983,0,3,9,2,14,666,291,38,2,997,0,0,0,997
02/05/2019,PHL,PA,AEA,EN,Combined TRACON& Tower with Radar,665,242,33,0,940,0,2,32,4,38,665,244,65,4,978,0,0,0,978
02/06/2019,PHL,PA,AEA,EN,Combined TRACON& Tower with Radar,646,240,37,0,923,0,2,5,4,11,646,242,42,4,934,0,0,0,934
02/07/2019,PHL,PA,AEA,EN,Combined TRACON& Tower with Radar,691,289,26,0,1006,0,0,1,0,1,691,289,27,0,1007,0,0,0,1007
02/08/2019,PHL,PA,AEA,EN,Combined TRACON& Tower with Radar,707,271,32,0,1010,0,0,13,0,13,707,271,45,0,1023,0,0,0,1023
02/09/2019,PHL,PA,AEA,EN,Combined TRACON& Tower with Radar,560,199,24,0,783,0,0,0,0,0,560,199,24,0,783,0,0,0,783
02/10/2019,PHL,PA,AEA,EN,Combined TRACON& Tower with Radar,599,278,34,0,911,0,0,18,0,18,599,278,52,0,929,0,0,0,929
02/11/2019,PHL,PA,AEA,EN,Combined TRACON& Tower with Radar,661,276,34,0,971,0,0,0,0,0,661,276,34,0,971,0,0,0,971
02/12/2019,PHL,PA,AEA,EN,Combined TRACON& Tower with Radar,613,175,20,0,808,0,0,0,0,0,613,175,20,0,808,0,0,0,808
02/13/2019,PHL,PA,AEA,EN,Combined TRACON& Tower with Radar,673,227,49,2,951,0,0,6,7,13,673,227,55,9,964,0,0,0,964
02/14/2019,PHL,PA,AEA,EN,Combined TRACON& Tower with Radar,709,302,32,0,1043,0,3,7,9,19,709,305,39,9,1062,0,0,0,1062
02/15/2019,PHL,PA,AEA,EN,Combined TRACON& Tower with Radar,698,297,32,0,1027,0,2,3,6,11,698,299,35,6,1038,0,0,0,1038
02/16/2019,PHL,PA,AEA,EN,Combined TRACON& Tower with Radar,582,251,8,0,841,0,2,7,0,9,582,253,15,0,850,0,0,0,850
02/17/2019,PHL,PA,AEA,EN,Combined TRACON& Tower with Radar,600,284,20,0,904,0,0,4,0,4,600,284,24,0,908,0,0,0,908
02/18/2019,PHL,PA,AEA,EN,Combined TRACON& Tower with Radar,660,314,36,0,1010,0,0,3,0,3,660,314,39,0,1013,0,0,0,1013
02/19/2019,PHL,PA,AEA,EN,Combined TRACON& Tower with Radar,711,308,28,0,1047,0,5,12,2,19,711,313,40,2,1066,0,0,0,1066
02/20/2019,PHL,PA,AEA,EN,Combined TRACON& Tower with Radar,626,201,20,0,847,0,0,0,0,0,626,201,20,0,847,0,0,0,847
02/21/2019,PHL,PA,AEA,EN,Combined TRACON& Tower with Radar,720,291,51,0,1062,0,0,14,0,14,720,291,65,0,1076,0,0,0,1076
02/22/2019,PHL,PA,AEA,EN,Combined TRACON& Tower with Radar,703,299,43,1,1046,0,2,15,1,18,703,301,58,2,1064,0,0,0,1064
02/23/2019,PHL,PA,AEA,EN,Combined TRACON& Tower with Radar,592,254,12,0,858,0,0,2,0,2,592,254,14,0,860,0,0,0,860
02/24/2019,PHL,PA,AEA,EN,Combined TRACON& Tower with Radar,613,216,23,1,853,0,0,0,0,0,613,216,23,1,853,0,0,0,853
02/25/2019,PHL,PA,AEA,EN,Combined TRACON& Tower with Radar,677,165,21,0,863,0,0,0,0,0,677,165,21,0,863,0,0,0,863
02/26/2019,PHL,PA,AEA,EN,Combined TRACON& Tower with Radar,734,288,36,0,1058,0,0,6,1,7,734,288,42,1,1065,0,0,0,1065
02/27/2019,PHL,PA,AEA,EN,Combined TRACON& Tower with Radar,728,289,48,0,1065,0,2,1,1,4,728,291,49,1,1069,0,0,0,1069
02/28/2019,PHL,PA,AEA,EN,Combined TRACON& Tower with Radar,736,317,36,0,1089,0,5,8,0,13,736,322,44,0,1102,0,0,0,1102
03/01/2019,PHL,PA,AEA,EN,Combined TRACON& Tower with Radar,688,302,38,2,1030,0,0,0,0,0,688,302,38,2,1030,0,0,0,1030
03/02/2019,PHL,PA,AEA,EN,Combined TRACON& Tower with Radar,585,253,23,0,861,0,0,14,0,14,585,253,37,0,875,0,0,0,875
03/03/2019,PHL,PA,AEA,EN,Combined TRACON& Tower with Radar,595,270,31,0,896,0,0,1,0,1,595,270,32,0,897,0,0,0,897
03/04/2019,PHL,PA,AEA,EN,Combined TRACON& Tower with Radar,651,299,43,0,993,0,2,7,2,11,651,301,50,2,1004,0,0,0,1004
03/05/2019,PHL,PA,AEA,EN,Combined TRACON& Tower with Radar,739,295,27,3,1064,0,3,18,0,21,739,298,45,3,1085,0,0,0,1085
03/06/2019,PHL,PA,AEA,EN,Combined TRACON& Tower with Radar,728,310,28,0,1066,0,3,8,5,16,728,313,36,5,1082,0,0,0,1082
03/07/2019,PHL,PA,AEA,EN,Combined TRACON& Tower with Radar,725,307,42,0,1074,0,0,8,0,8,725,307,50,0,1082,0,0,0,1082
03/08/2019,PHL,PA,AEA,EN,Combined TRACON& Tower with Radar,696,301,28,0,1025,0,0,2,1,3,696,301,30,1,1028,0,0,0,1028
03/09/2019,PHL,PA,AEA,EN,Combined TRACON& Tower with Radar,611,267,26,0,904,0,0,0,2,2,611,267,26,2,906,0,0,0,906
03/10/2019,PHL,PA,AEA,EN,Combined TRACON& Tower with Radar,642,308,27,0,977,0,0,0,0,0,642,308,27,0,977,0,0,0,977
03/11/2019,PHL,PA,AEA,EN,Combined TRACON& Tower with Radar,685,305,36,0,1026,0,1,10,3,14,685,306,46,3,1040,0,0,0,1040
03/12/2019,PHL,PA,AEA,EN,Combined TRACON& Tower with Radar,753,296,37,0,1086,0,3,8,2,13,753,299,45,2,1099,0,0,0,1099
03/13/2019,PHL,PA,AEA,EN,Combined TRACON& Tower with Radar,726,311,32,1,1070,0,0,15,0,15,726,311,47,1,1085,0,0,0,1085
03/14/2019,PHL,PA,AEA,EN,Combined TRACON& Tower with Radar,741,300,42,0,1083,0,4,3,0,7,741,304,45,0,1090,0,0,0,1090
03/15/2019,PHL,PA,AEA,EN,Combined TRACON& Tower with Radar,730,269,23,0,1022,0,0,5,0,5,730,269,28,0,1027,0,0,0,1027
03/16/2019,PHL,PA,AEA,EN,Combined TRACON& Tower with Radar,621,255,18,0,894,0,2,2,0,4,621,257,20,0,898,0,0,0,898
03/17/2019,PHL,PA,AEA,EN,Combined TRACON& Tower with Radar,641,310,24,0,975,0,0,7,0,7,641,310,31,0,982,0,0,0,982
03/18/2019,PHL,PA,AEA,EN,Combined TRACON& Tower with Radar,686,316,38,0,1040,0,0,7,0,7,686,316,45,0,1047,0,0,0,1047
03/19/2019,PHL,PA,AEA,EN,Combined TRACON& Tower with Radar,742,309,35,0,1086,0,5,8,2,15,742,314,43,2,1101,0,0,0,1101
03/20/2019,PHL,PA,AEA,EN,Combined TRACON& Tower with Radar,747,311,45,0,1103,0,2,20,1,23,747,313,65,1,1126,0,0,0,1126
03/21/2019,PHL,PA,AEA,EN,Combined TRACON& Tower with Radar,737,331,40,0,1108,0,0,0,0,0,737,331,40,0,1108,0,0,0,1108
03/22/2019,PHL,PA,AEA,EN,Combined TRACON& Tower with Radar,723,303,27,8,1061,0,1,7,0,8,723,304,34,8,1069,0,0,0,1069
03/23/2019,PHL,PA,AEA,EN,Combined TRACON& Tower with Radar,608,259,17,0,884,0,0,3,0,3,608,259,20,0,887,0,0,0,887
03/24/2019,PHL,PA,AEA,EN,Combined TRACON& Tower with Radar,640,315,33,0,988,0,0,6,0,6,640,315,39,0,994,0,0,0,994
03/25/2019,PHL,PA,AEA,EN,Combined TRACON& Tower with Radar,689,315,41,0,1045,0,0,6,0,6,689,315,47,0,1051,0,0,0,1051
03/26/2019,PHL,PA,AEA,EN,Combined TRACON& Tower with Radar,741,285,30,0,1056,0,0,8,1,9,741,285,38,1,1065,0,0,0,1065
03/27/2019,PHL,PA,AEA,EN,Combined TRACON& Tower with Radar,737,310,44,0,1091,0,2,8,2,12,737,312,52,2,1103,0,0,0,1103
03/28/2019,PHL,PA,AEA,EN,Combined TRACON& Tower with Radar,748,306,40,0,1094,0,3,9,2,14,748,309,49,2,1108,0,0,0,1108
03/29/2019,PHL,PA,AEA,EN,Combined TRACON& Tower with Radar,721,312,33,0,1066,0,1,1,1,3,721,313,34,1,1069,0,0,0,1069
03/30/2019,PHL,PA,AEA,EN,Combined TRACON& Tower with Radar,599,269,22,0,890,0,0,6,0,6,599,269,28,0,896,0,0,0,896
03/31/2019,PHL,PA,AEA,EN,Combined TRACON& Tower with Radar,653,319,29,0,1001,0,0,2,0,2,653,319,31,0,1003,0,0,0,1003
04/01/2019,PHL,PA,AEA,EN,Combined TRACON& Tower with Radar,695,300,32,0,1027,0,4,5,2,11,695,304,37,2,1038,0,0,0,1038
04/02/2019,PHL,PA,AEA,EN,Combined TRACON& Tower with Radar,748,312,24,0,1084,0,2,9,0,11,748,314,33,0,1095,0,0,0,1095
04/03/2019,PHL,PA,AEA,EN,Combined TRACON& Tower with Radar,753,318,40,0,1111,0,0,7,1,8,753,318,47,1,1119,0,0,0,1119
04/04/2019,PHL,PA,AEA,EN,Combined TRACON& Tower with Radar,761,338,40,0,1139,0,2,24,0,26,761,340,64,0,1165,0,0,0,1165
04/05/2019,PHL,PA,AEA,EN,Combined TRACON& Tower with Radar,752,322,27,0,1101,0,0,1,0,1,752,322,28,0,1102,0,0,0,1102
04/06/2019,PHL,PA,AEA,EN,Combined TRACON& Tower with Radar,624,259,14,0,897,0,0,3,0,3,624,259,17,0,900,0,0,0,900
04/07/2019,PHL,PA,AEA,EN,Combined TRACON& Tower with Radar,670,320,18,0,1008,0,4,4,0,8,670,324,22,0,1016,0,0,0,1016
04/08/2019,PHL,PA,AEA,EN,Combined TRACON& Tower with Radar,718,335,23,0,1076,0,0,4,0,4,718,335,27,0,1080,0,0,0,1080
04/09/2019,PHL,PA,AEA,EN,Combined TRACON& Tower with Radar,777,323,27,0,1127,0,1,4,0,5,777,324,31,0,1132,0,0,0,1132
04/10/2019,PHL,PA,AEA,EN,Combined TRACON& Tower with Radar,783,316,44,2,1145,0,2,16,5,23,783,318,60,7,1168,0,0,0,1168
04/11/2019,PHL,PA,AEA,EN,Combined TRACON& Tower with Radar,768,354,37,0,1159,0,1,8,0,9,768,355,45,0,1168,0,0,0,1168
04/12/2019,PHL,PA,AEA,EN,Combined TRACON& Tower with Radar,757,332,36,0,1125,0,0,3,1,4,757,332,39,1,1129,0,0,0,1129
04/13/2019,PHL,PA,AEA,EN,Combined TRACON& Tower with Radar,629,286,27,0,942,0,0,30,0,30,629,286,57,0,972,0,0,0,972
04/14/2019,PHL,PA,AEA,EN,Combined TRACON& Tower with Radar,659,297,29,0,985,0,0,0,0,0,659,297,29,0,985,0,0,0,985
04/15/2019,PHL,PA,AEA,EN,Combined TRACON& Tower with Radar,726,331,39,0,1096,0,0,4,2,6,726,331,43,2,1102,0,0,0,1102
04/16/2019,PHL,PA,AEA,EN,Combined TRACON& Tower with Radar,774,319,27,0,1120,0,2,12,2,16,774,321,39,2,1136,0,0,0,1136
04/17/2019,PHL,PA,AEA,EN,Combined TRACON& Tower with Radar,772,330,40,0,1142,0,5,8,2,15,772,335,48,2,1157,0,0,0,1157
04/18/2019,PHL,PA,AEA,EN,Combined TRACON& Tower with Radar,769,335,46,0,1150,0,0,3,0,3,769,335,49,0,1153,0,0,0,1153
04/19/2019,PHL,PA,AEA,EN,Combined TRACON& Tower with Radar,697,271,16,0,984,0,0,3,1,4,697,271,19,1,988,0,0,0,988
04/20/2019,PHL,PA,AEA,EN,Combined TRACON& Tower with Radar,621,248,11,0,880,0,0,1,0,1,621,248,12,0,881,0,0,0,881
04/21/2019,PHL,PA,AEA,EN,Combined TRACON& Tower with Radar,672,305,16,0,993,0,0,6,0,6,672,305,22,0,999,0,0,0,999
04/22/2019,PHL,PA,AEA,EN,Combined TRACON& Tower with Radar,726,333,43,0,1102,0,3,2,0,5,726,336,45,0,1107,0,0,0,1107
04/23/2019,PHL,PA,AEA,EN,Combined TRACON& Tower with Radar,781,314,40,0,1135,0,0,31,2,33,781,314,71,2,1168,0,0,0,1168
04/24/2019,PHL,PA,AEA,EN,Combined TRACON& Tower with Radar,764,313,38,0,1115,0,2,14,0,16,764,315,52,0,1131,0,0,0,1131
04/25/2019,PHL,PA,AEA,EN,Combined TRACON& Tower with Radar,776,341,43,0,1160,0,0,15,6,21,776,341,58,6,1181,0,0,0,1181
04/26/2019,PHL,PA,AEA,EN,Combined TRACON& Tower with Radar,701,229,34,0,964,0,0,1,0,1,701,229,35,0,965,0,0,0,965
04/27/2019,PHL,PA,AEA,EN,Combined TRACON& Tower with Radar,641,273,13,0,927,0,0,4,0,4,641,273,17,0,931,0,0,0,931
04/28/2019,PHL,PA,AEA,EN,Combined TRACON& Tower with Radar,676,334,34,0,1044,0,0,14,0,14,676,334,48,0,1058,0,0,0,1058
04/29/2019,PHL,PA,AEA,EN,Combined TRACON& Tower with Radar,717,323,39,0,1079,0,2,15,2,19,717,325,54,2,1098,0,0,0,1098
04/30/2019,PHL,PA,AEA,EN,Combined TRACON& Tower with Radar,763,313,30,0,1106,0,5,9,0,14,763,318,39,0,1120,0,0,0,1120
05/01/2019,PHL,PA,AEA,EN,Combined TRACON& Tower with Radar,773,329,39,0,1141,0,0,4,0,4,773,329,43,0,1145,0,0,0,1145
05/02/2019,PHL,PA,AEA,EN,Combined TRACON& Tower with Radar,791,352,39,1,1183,0,0,14,2,16,791,352,53,3,1199,0,0,0,1199
05/03/2019,PHL,PA,AEA,EN,Combined TRACON& Tower with Radar,812,293,38,0,1143,0,0,1,0,1,812,293,39,0,1144,0,0,0,1144
05/04/2019,PHL,PA,AEA,EN,Combined TRACON& Tower with Radar,706,274,20,0,1000,0,0,6,0,6,706,274,26,0,1006,0,0,0,1006
05/05/2019,PHL,PA,AEA,EN,Combined TRACON& Tower with Radar,724,304,35,0,1063,0,0,0,0,0,724,304,35,0,1063,0,0,0,1063
05/06/2019,PHL,PA,AEA,EN,Combined TRACON& Tower with Radar,815,312,19,1,1147,0,3,8,5,16,815,315,27,6,1163,0,0,0,1163
05/07/2019,PHL,PA,AEA,EN,Combined TRACON& Tower with Radar,846,337,49,0,1232,0,1,13,2,16,846,338,62,2,1248,0,0,0,1248
05/08/2019,PHL,PA,AEA,EN,Combined TRACON& Tower with Radar,847,311,63,0,1221,0,2,7,0,9,847,313,70,0,1230,0,0,0,1230
05/09/2019,PHL,PA,AEA,EN,Combined TRACON& Tower with Radar,864,327,41,0,1232,0,0,20,0,20,864,327,61,0,1252,0,0,0,1252
05/10/2019,PHL,PA,AEA,EN,Combined TRACON& Tower with Radar,858,328,41,0,1227,0,0,3,1,4,858,328,44,1,1231,0,0,0,1231
05/11/2019,PHL,PA,AEA,EN,Combined TRACON& Tower with Radar,698,260,13,0,971,0,1,8,0,9,698,261,21,0,980,0,0,0,980
05/12/2019,PHL,PA,AEA,EN,Combined TRACON& Tower with Radar,734,277,11,0,1022,0,0,0,0,0,734,277,11,0,1022,0,0,0,1022
05/13/2019,PHL,PA,AEA,EN,Combined TRACON& Tower with Radar,773,297,35,0,1105,0,0,1,0,1,773,297,36,0,1106,0,0,0,1106
05/14/2019,PHL,PA,AEA,EN,Combined TRACON& Tower with Radar,844,319,41,0,1204,0,0,3,2,5,844,319,44,2,1209,0,0,0,1209
05/15/2019,PHL,PA,AEA,EN,Combined TRACON& Tower with Radar,837,310,41,4,1192,0,2,0,4,6,837,312,41,8,1198,0,0,0,1198
05/16/2019,PHL,PA,AEA,EN,Combined TRACON& Tower with Radar,867,320,45,0,1232,0,0,7,0,7,867,320,52,0,1239,0,0,0,1239
05/17/2019,PHL,PA,AEA,EN,Combined TRACON& Tower with Radar,836,333,50,0,1219,0,0,22,0,22,836,333,72,0,1241,0,0,0,1241
05/18/2019,PHL,PA,AEA,EN,Combined TRACON& Tower with Radar,692,259,34,0,985,0,0,5,1,6,692,259,39,1,991,0,0,0,991
05/19/2019,PHL,PA,AEA,EN,Combined TRACON& Tower with Radar,737,298,42,0,1077,0,0,8,0,8,737,298,50,0,1085,0,0,0,1085
05/20/2019,PHL,PA,AEA,EN,Combined TRACON& Tower with Radar,823,305,52,0,1180,0,6,10,0,16,823,311,62,0,1196,0,0,0,1196
05/21/2019,PHL,PA,AEA,EN,Combined TRACON& Tower with Radar,846,307,41,0,1194,0,0,10,4,14,846,307,51,4,1208,0,0,0,1208
05/22/2019,PHL,PA,AEA,EN,Combined TRACON& Tower with Radar,832,297,46,0,1175,0,1,12,0,13,832,298,58,0,1188,0,0,0,1188
05/23/2019,PHL,PA,AEA,EN,Combined TRACON& Tower with Radar,784,289,30,0,1103,0,0,10,4,14,784,289,40,4,1117,0,0,0,1117
05/24/2019,PHL,PA,AEA,EN,Combined TRACON& Tower with Radar,837,327,45,0,1209,0,0,11,1,12,837,327,56,1,1221,0,0,0,1221
05/25/2019,PHL,PA,AEA,EN,Combined TRACON& Tower with Radar,684,263,31,0,978,0,0,4,0,4,684,263,35,0,982,0,0,0,982
05/26/2019,PHL,PA,AEA,EN,Combined TRACON& Tower with Radar,576,160,17,1,754,0,0,1,0,1,576,160,18,1,755,0,0,0,755
05/27/2019,PHL,PA,AEA,EN,Combined TRACON& Tower with Radar,691,254,37,0,982,0,1,5,0,6,691,255,42,0,988,0,0,0,988
05/28/2019,PHL,PA,AEA,EN,Combined TRACON& Tower with Radar,764,270,35,3,1072,0,0,3,1,4,764,270,38,4,1076,0,0,0,1076
05/29/2019,PHL,PA,AEA,EN,Combined TRACON& Tower with Radar,743,237,37,1,1018,0,4,3,0,7,743,241,40,1,1025,0,0,0,1025
05/30/2019,PHL,PA,AEA,EN,Combined TRACON& Tower with Radar,854,305,42,0,1201,0,1,8,0,9,854,306,50,0,1210,0,0,0,1210
05/31/2019,PHL,PA,AEA,EN,Combined TRACON& Tower with Radar,836,317,48,0,1201,0,4,9,0,13,836,321,57,0,1214,0,0,0,1214
06/01/2019,PHL,PA,AEA,EN,Combined TRACON& Tower with Radar,680,270,30,0,980,0,0,6,0,6,680,270,36,0,986,0,0,0,986
06/02/2019,PHL,PA,AEA,EN,Combined TRACON& Tower with Radar,728,294,24,0,1046,0,0,2,0,2,728,294,26,0,1048,0,0,0,1048
06/03/2019,PHL,PA,AEA,EN,Combined TRACON& Tower with Radar,809,297,35,0,1141,0,6,12,0,18,809,303,47,0,1159,0,0,0,1159
06/04/2019,PHL,PA,AEA,EN,Combined TRACON& Tower with Radar,845,306,30,0,1181,0,2,14,2,18,845,308,44,2,1199,0,0,0,1199
06/05/2019,PHL,PA,AEA,EN,Combined TRACON& Tower with Radar,792,286,36,0,1114,0,0,4,0,4,792,286,40,0,1118,0,0,0,1118
06/06/2019,PHL,PA,AEA,EN,Combined TRACON& Tower with Radar,866,334,45,0,1245,0,1,13,2,16,866,335,58,2,1261,0,0,0,1261
06/07/2019,PHL,PA,AEA,EN,Combined TRACON& Tower with Radar,816,317,36,0,1169,0,3,13,0,16,816,320,49,0,1185,0,0,0,1185
06/08/2019,PHL,PA,AEA,EN,Combined TRACON& Tower with Radar,696,267,19,2,984,0,0,5,3,8,696,267,24,5,992,0,0,0,992
06/09/2019,PHL,PA,AEA,EN,Combined TRACON& Tower with Radar,720,324,44,0,1088,0,1,8,0,9,720,325,52,0,1097,0,0,0,1097
06/10/2019,PHL,PA,AEA,EN,Combined TRACON& Tower with Radar,746,292,39,0,1077,0,0,0,0,0,746,292,39,0,1077,0,0,0,1077
06/11/2019,PHL,PA,AEA,EN,Combined TRACON& Tower with Radar,844,322,61,0,1227,0,0,11,2,13,844,322,72,2,1240,0,0,0,1240
06/12/2019,PHL,PA,AEA,EN,Combined TRACON& Tower with Radar,827,331,49,2,1209,0,0,8,0,8,827,331,57,2,1217,0,0,0,1217
06/13/2019,PHL,PA,AEA,EN,Combined TRACON& Tower with Radar,859,320,39,0,1218,0,1,2,2,5,859,321,41,2,1223,0,0,0,1223
06/14/2019,PHL,PA,AEA,EN,Combined TRACON& Tower with Radar,823,346,51,0,1220,0,0,11,0,11,823,346,62,0,1231,0,0,0,1231
06/15/2019,PHL,PA,AEA,EN,Combined TRACON& Tower with Radar,726,275,23,0,1024,0,0,8,2,10,726,275,31,2,1034,0,0,0,1034
06/16/2019,PHL,PA,AEA,EN,Combined TRACON& Tower with Radar,741,331,19,0,1091,0,0,4,0,4,741,331,23,0,1095,0,0,0,1095
06/17/2019,PHL,PA,AEA,EN,Combined TRACON& Tower with Radar,796,330,27,0,1153,0,0,3,0,3,796,330,30,0,1156,0,0,0,1156
06/18/2019,PHL,PA,AEA,EN,Combined TRACON& Tower with Radar,817,306,44,0,1167,0,0,2,0,2,817,306,46,0,1169,0,0,0,1169
06/19/2019,PHL,PA,AEA,EN,Combined TRACON& Tower with Radar,818,304,47,1,1170,0,3,1,0,4,818,307,48,1,1174,0,0,0,1174
06/20/2019,PHL,PA,AEA,EN,Combined TRACON& Tower with Radar,811,272,27,1,1111,0,0,2,1,3,811,272,29,2,1114,0,0,0,1114
06/21/2019,PHL,PA,AEA,EN,Combined TRACON& Tower with Radar,837,324,27,0,1188,0,0,25,9,34,837,324,52,9,1222,0,0,0,1222
06/22/2019,PHL,PA,AEA,EN,Combined TRACON& Tower with Radar,703,277,12,0,992,0,0,6,0,6,703,277,18,0,998,0,0,0,998
06/23/2019,PHL,PA,AEA,EN,Combined TRACON& Tower with Radar,740,325,20,0,1085,0,0,3,0,3,740,325,23,0,1088,0,0,0,1088
06/24/2019,PHL,PA,AEA,EN,Combined TRACON& Tower with Radar,813,335,28,0,1176,0,0,18,0,18,813,335,46,0,1194,0,0,0,1194
06/25/2019,PHL,PA,AEA,EN,Combined TRACON& Tower with Radar,845,325,29,2,1201,0,0,5,2,7,845,325,34,4,1208,0,0,0,1208
06/26/2019,PHL,PA,AEA,EN,Combined TRACON& Tower with Radar,833,315,44,1,1193,0,0,9,0,9,833,315,53,1,1202,0,0,0,1202
06/27/2019,PHL,PA,AEA,EN,Combined TRACON& Tower with Radar,850,323,32,2,1207,0,2,6,0,8,850,325,38,2,1215,0,0,0,1215
06/28/2019,PHL,PA,AEA,EN,Combined TRACON& Tower with Radar,818,311,47,0,1176,0,0,9,0,9,818,311,56,0,1185,0,0,0,1185
06/29/2019,PHL,PA,AEA,EN,Combined TRACON& Tower with Radar,661,248,31,0,940,0,0,5,0,5,661,248,36,0,945,0,0,0,945
06/30/2019,PHL,PA,AEA,EN,Combined TRACON& Tower with Radar,728,287,38,0,1053,0,2,4,0,6,728,289,42,0,1059,0,0,0,1059
07/01/2019,PHL,PA,AEA,EN,Combined TRACON& Tower with Radar,785,297,21,0,1103,0,3,11,0,14,785,300,32,0,1117,0,0,0,1117
07/02/2019,PHL,PA,AEA,EN,Combined TRACON& Tower with Radar,780,235,20,0,1035,0,0,6,0,6,780,235,26,0,1041,0,0,0,1041
07/03/2019,PHL,PA,AEA,EN,Combined TRACON& Tower with Radar,703,224,33,0,960,0,4,6,6,16,703,228,39,6,976,0,0,0,976
07/04/2019,PHL,PA,AEA,EN,Combined TRACON& Tower with Radar,580,136,7,0,723,0,0,5,0,5,580,136,12,0,728,0,0,0,728
07/05/2019,PHL,PA,AEA,EN,Combined TRACON& Tower with Radar,664,242,18,0,924,0,0,1,0,1,664,242,19,0,925,0,0,0,925
07/06/2019,PHL,PA,AEA,EN,Combined TRACON& Tower with Radar,595,194,16,3,808,0,0,2,0,2,595,194,18,3,810,0,0,0,810
07/07/2019,PHL,PA,AEA,EN,Combined TRACON& Tower with Radar,706,328,37,0,1071,0,2,0,0,2,706,330,37,0,1073,0,0,0,1073
07/08/2019,PHL,PA,AEA,EN,Combined TRACON& Tower with Radar,821,323,30,0,1174,0,1,0,2,3,821,324,30,2,1177,0,0,0,1177
07/09/2019,PHL,PA,AEA,EN,Combined TRACON& Tower with Radar,875,334,34,0,1243,0,2,15,5,22,875,336,49,5,1265,0,0,0,1265
07/10/2019,PHL,PA,AEA,EN,Combined TRACON& Tower with Radar,860,336,39,0,1235,0,2,16,1,19,860,338,55,1,1254,0,0,0,1254
07/11/2019,PHL,PA,AEA,EN,Combined TRACON& Tower with Radar,675,175,22,0,872,0,0,25,0,25,675,175,47,0,897,0,0,0,897
07/12/2019,PHL,PA,AEA,EN,Combined TRACON& Tower with Radar,852,320,39,2,1213,0,0,9,8,17,852,320,48,10,1230,0,0,0,1230
07/13/2019,PHL,PA,AEA,EN,Combined TRACON& Tower with Radar,731,280,15,0,1026,0,0,2,0,2,731,280,17,0,1028,0,0,0,1028
07/14/2019,PHL,PA,AEA,EN,Combined TRACON& Tower with Radar,778,326,33,0,1137,0,0,6,0,6,778,326,39,0,1143,0,0,0,1143
07/15/2019,PHL,PA,AEA,EN,Combined TRACON& Tower with Radar,833,333,34,0,1200,0,0,11,3,14,833,333,45,3,1214,0,0,0,1214
07/16/2019,PHL,PA,AEA,EN,Combined TRACON& Tower with Radar,889,334,32,0,1255,0,4,20,2,26,889,338,52,2,1281,0,0,0,1281
07/17/2019,PHL,PA,AEA,EN,Combined TRACON& Tower with Radar,801,278,62,0,1141,0,2,0,0,2,801,280,62,0,1143,0,0,0,1143
07/18/2019,PHL,PA,AEA,EN,Combined TRACON& Tower with Radar,797,264,42,0,1103,0,0,3,0,3,797,264,45,0,1106,0,0,0,1106
07/19/2019,PHL,PA,AEA,EN,Combined TRACON& Tower with Radar,850,330,42,0,1222,0,0,4,0,4,850,330,46,0,1226,0,0,0,1226
07/20/2019,PHL,PA,AEA,EN,Combined TRACON& Tower with Radar,731,276,24,0,1031,0,1,3,0,4,731,277,27,0,1035,0,0,0,1035
07/21/2019,PHL,PA,AEA,EN,Combined TRACON& Tower with Radar,767,308,24,0,1099,0,1,3,0,4,767,309,27,0,1103,0,0,0,1103
07/22/2019,PHL,PA,AEA,EN,Combined TRACON& Tower with Radar,798,254,34,0,1086,0,3,8,0,11,798,257,42,0,1097,0,0,0,1097
07/23/2019,PHL,PA,AEA,EN,Combined TRACON& Tower with Radar,876,324,50,0,1250,0,0,5,1,6,876,324,55,1,1256,0,0,0,1256
07/24/2019,PHL,PA,AEA,EN,Combined TRACON& Tower with Radar,870,344,49,0,1263,0,3,22,2,27,870,347,71,2,1290,0,0,0,1290
07/25/2019,PHL,PA,AEA,EN,Combined TRACON& Tower with Radar,890,338,42,0,1270,0,1,6,0,7,890,339,48,0,1277,0,0,0,1277
07/26/2019,PHL,PA,AEA,EN,Combined TRACON& Tower with Radar,848,350,40,2,1240,0,0,8,0,8,848,350,48,2,1248,0,0,0,1248
07/27/2019,PHL,PA,AEA,EN,Combined TRACON& Tower with Radar,740,291,23,2,1056,0,0,0,0,0,740,291,23,2,1056,0,0,0,1056
07/28/2019,PHL,PA,AEA,EN,Combined TRACON& Tower with Radar,775,314,19,0,1108,0,2,11,0,13,775,316,30,0,1121,0,0,0,1121
07/29/2019,PHL,PA,AEA,EN,Combined TRACON& Tower with Radar,831,317,28,0,1176,0,2,10,0,12,831,319,38,0,1188,0,0,0,1188
07/30/2019,PHL,PA,AEA,EN,Combined TRACON& Tower with Radar,883,329,25,0,1237,0,2,5,0,7,883,331,30,0,1244,0,0,0,1244
07/31/2019,PHL,PA,AEA,EN,Combined TRACON& Tower with Radar,781,248,38,0,1067,0,2,4,0,6,781,250,42,0,1073,0,0,0,1073
08/01/2019,PHL,PA,AEA,EN,Combined TRACON& Tower with Radar,862,325,28,4,1219,0,0,8,0,8,862,325,36,4,1227,0,0,0,1227
08/02/2019,PHL,PA,AEA,EN,Combined TRACON& Tower with Radar,849,306,26,1,1182,0,2,8,1,11,849,308,34,2,1193,0,0,0,1193
08/03/2019,PHL,PA,AEA,EN,Combined TRACON& Tower with Radar,746,281,18,0,1045,0,0,7,1,8,746,281,25,1,1053,0,0,0,1053
08/04/2019,PHL,PA,AEA,EN,Combined TRACON& Tower with Radar,785,317,24,0,1126,0,1,0,0,1,785,318,24,0,1127,0,0,0,1127
08/05/2019,PHL,PA,AEA,EN,Combined TRACON& Tower with Radar,818,336,23,0,1177,0,4,6,0,10,818,340,29,0,1187,0,0,0,1187
08/06/2019,PHL,PA,AEA,EN,Combined TRACON& Tower with Radar,849,279,27,0,1155,0,0,2,0,2,849,279,29,0,1157,0,0,0,1157
08/07/2019,PHL,PA,AEA,EN,Combined TRACON& Tower with Radar,694,227,25,0,946,0,1,1,0,2,694,228,26,0,948,0,0,0,948
08/08/2019,PHL,PA,AEA,EN,Combined TRACON& Tower with Radar,878,352,35,1,1266,0,1,12,0,13,878,353,47,1,1279,0,0,0,1279
08/09/2019,PHL,PA,AEA,EN,Combined TRACON& Tower with Radar,858,337,39,0,1234,0,2,11,0,13,858,339,50,0,1247,0,0,0,1247
08/10/2019,PHL,PA,AEA,EN,Combined TRACON& Tower with Radar,742,289,11,0,1042,0,3,16,1,20,742,292,27,1,1062,0,0,0,1062
08/11/2019,PHL,PA,AEA,EN,Combined TRACON& Tower with Radar,771,323,37,0,1131,0,0,5,0,5,771,323,42,0,1136,0,0,0,1136
08/12/2019,PHL,PA,AEA,EN,Combined TRACON& Tower with Radar,819,333,31,1,1184,0,4,9,1,14,819,337,40,2,1198,0,0,0,1198
08/13/2019,PHL,PA,AEA,EN,Combined TRACON& Tower with Radar,852,287,21,0,1160,0,0,4,0,4,852,287,25,0,1164,0,0,0,1164
08/14/2019,PHL,PA,AEA,EN,Combined TRACON& Tower with Radar,840,322,44,0,1206,0,2,3,0,5,840,324,47,0,1211,0,0,0,1211
08/15/2019,PHL,PA,AEA,EN,Combined TRACON& Tower with Radar,854,308,40,0,1202,0,3,11,0,14,854,311,51,0,1216,0,0,0,1216
08/16/2019,PHL,PA,AEA,EN,Combined TRACON& Tower with Radar,863,326,43,2,1234,0,0,3,0,3,863,326,46,2,1237,0,0,0,1237
08/17/2019,PHL,PA,AEA,EN,Combined TRACON& Tower with Radar,737,287,31,1,1056,0,0,0,0,0,737,287,31,1,1056,0,0,0,1056
08/18/2019,PHL,PA,AEA,EN,Combined TRACON& Tower with Radar,750,285,37,0,1072,0,1,3,0,4,750,286,40,0,1076,0,0,0,1076
08/19/2019,PHL,PA,AEA,EN,Combined TRACON& Tower with Radar,810,322,30,0,1162,0,4,6,0,10,810,326,36,0,1172,0,0,0,1172
08/20/2019,PHL,PA,AEA,EN,Combined TRACON& Tower with Radar,782,265,34,0,1081,0,6,8,0,14,782,271,42,0,1095,0,0,0,1095
08/21/2019,PHL,PA,AEA,EN,Combined TRACON& Tower with Radar,821,292,39,1,1153,0,0,7,0,7,821,292,46,1,1160,0,0,0,1160
08/22/2019,PHL,PA,AEA,EN,Combined TRACON& Tower with Radar,822,303,35,0,1160,0,0,13,5,18,822,303,48,5,1178,0,0,0,1178
08/23/2019,PHL,PA,AEA,EN,Combined TRACON& Tower with Radar,875,303,48,0,1226,0,0,3,0,3,875,303,51,0,1229,0,0,0,1229
08/24/2019,PHL,PA,AEA,EN,Combined TRACON& Tower with Radar,695,236,16,0,947,0,2,4,0,6,695,238,20,0,953,0,0,0,953
08/25/2019,PHL,PA,AEA,EN,Combined TRACON& Tower with Radar,759,291,25,0,1075,0,1,1,0,2,759,292,26,0,1077,0,0,0,1077
08/26/2019,PHL,PA,AEA,EN,Combined TRACON& Tower with Radar,806,303,38,0,1147,0,0,2,1,3,806,303,40,1,1150,0,0,0,1150
08/27/2019,PHL,PA,AEA,EN,Combined TRACON& Tower with Radar,834,287,38,0,1159,0,0,4,2,6,834,287,42,2,1165,0,0,0,1165
08/28/2019,PHL,PA,AEA,EN,Combined TRACON& Tower with Radar,808,291,41,0,1140,0,2,2,0,4,808,293,43,0,1144,0,0,0,1144
08/29/2019,PHL,PA,AEA,EN,Combined TRACON& Tower with Radar,869,317,35,0,1221,0,2,5,0,7,869,319,40,0,1228,0,0,0,1228
08/30/2019,PHL,PA,AEA,EN,Combined TRACON& Tower with Radar,825,316,31,0,1172,0,4,19,2,25,825,320,50,2,1197,0,0,0,1197
08/31/2019,PHL,PA,AEA,EN,Combined TRACON& Tower with Radar,668,243,19,0,930,0,2,6,0,8,668,245,25,0,938,0,0,0,938
09/01/2019,PHL,PA,AEA,EN,Combined TRACON& Tower with Radar,546,157,19,0,722,0,0,6,0,6,546,157,25,0,728,0,0,0,728
09/02/2019,PHL,PA,AEA,EN,Combined TRACON& Tower with Radar,641,229,37,0,907,0,1,1,0,2,641,230,38,0,909,0,0,0,909
09/03/2019,PHL,PA,AEA,EN,Combined TRACON& Tower with Radar,704,290,33,0,1027,0,6,10,1,17,704,296,43,1,1044,0,0,0,1044
09/04/2019,PHL,PA,AEA,EN,Combined TRACON& Tower with Radar,737,299,37,2,1075,0,0,8,0,8,737,299,45,2,1083,0,0,0,1083
09/05/2019,PHL,PA,AEA,EN,Combined TRACON& Tower with Radar,811,300,30,2,1143,0,3,10,0,13,811,303,40,2,1156,0,0,0,1156
09/06/2019,PHL,PA,AEA,EN,Combined TRACON& Tower with Radar,779,282,48,0,1109,0,0,0,0,0,779,282,48,0,1109,0,0,0,1109
09/07/2019,PHL,PA,AEA,EN,Combined TRACON& Tower with Radar,637,247,22,0,906,0,1,14,1,16,637,248,36,1,922,0,0,0,922
09/08/2019,PHL,PA,AEA,EN,Combined TRACON& Tower with Radar,734,312,55,0,1101,0,0,2,2,4,734,312,57,2,1105,0,0,0,1105
09/09/2019,PHL,PA,AEA,EN,Combined TRACON& Tower with Radar,785,300,45,0,1130,0,1,12,0,13,785,301,57,0,1143,0,0,0,1143
09/10/2019,PHL,PA,AEA,EN,Combined TRACON& Tower with Radar,772,314,51,0,1137,0,1,1,0,2,772,315,52,0,1139,0,0,0,1139
09/11/2019,PHL,PA,AEA,EN,Combined TRACON& Tower with Radar,760,308,45,0,1113,0,0,11,3,14,760,308,56,3,1127,0,0,0,1127
09/12/2019,PHL,PA,AEA,EN,Combined TRACON& Tower with Radar,835,324,36,0,1195,0,0,6,0,6,835,324,42,0,1201,0,0,0,1201
09/13/2019,PHL,PA,AEA,EN,Combined TRACON& Tower with Radar,825,307,53,0,1185,0,0,5,0,5,825,307,58,0,1190,0,0,0,1190
09/14/2019,PHL,PA,AEA,EN,Combined TRACON& Tower with Radar,638,235,19,3,895,0,0,8,0,8,638,235,27,3,903,0,0,0,903
09/15/2019,PHL,PA,AEA,EN,Combined TRACON& Tower with Radar,740,314,39,0,1093,0,1,4,0,5,740,315,43,0,1098,0,0,0,1098
09/16/2019,PHL,PA,AEA,EN,Combined TRACON& Tower with Radar,800,309,31,2,1142,0,0,4,2,6,800,309,35,4,1148,0,0,0,1148
09/17/2019,PHL,PA,AEA,EN,Combined TRACON& Tower with Radar,776,327,39,0,1142,0,6,6,0,12,776,333,45,0,1154,0,0,0,1154
09/18/2019,PHL,PA,AEA,EN,Combined TRACON& Tower with Radar,756,290,48,0,1094,0,1,9,3,13,756,291,57,3,1107,0,0,0,1107
09/19/2019,PHL,PA,AEA,EN,Combined TRACON& Tower with Radar,839,317,49,0,1205,0,5,12,2,19,839,322,61,2,1224,0,0,0,1224
09/20/2019,PHL,PA,AEA,EN,Combined TRACON& Tower with Radar,811,311,34,0,1156,0,2,6,1,9,811,313,40,1,1165,0,0,0,1165
09/21/2019,PHL,PA,AEA,EN,Combined TRACON& Tower with Radar,646,247,14,0,907,0,0,14,0,14,646,247,28,0,921,0,0,0,921
09/22/2019,PHL,PA,AEA,EN,Combined TRACON& Tower with Radar,729,300,61,0,1090,0,0,4,0,4,729,300,65,0,1094,0,0,0,1094
09/23/2019,PHL,PA,AEA,EN,Combined TRACON& Tower with Radar,781,229,31,0,1041,0,0,5,1,6,781,229,36,1,1047,0,0,0,1047
09/24/2019,PHL,PA,AEA,EN,Combined TRACON& Tower with Radar,773,293,69,0,1135,0,0,10,0,10,773,293,79,0,1145,0,0,0,1145
09/25/2019,PHL,PA,AEA,EN,Combined TRACON& Tower with Radar,770,310,38,1,1119,0,3,6,2,11,770,313,44,3,1130,0,0,0,1130
09/26/2019,PHL,PA,AEA,EN,Combined TRACON& Tower with Radar,852,326,35,2,1215,0,0,12,2,14,852,326,47,4,1229,0,0,0,1229
09/27/2019,PHL,PA,AEA,EN,Combined TRACON& Tower with Radar,813,324,37,0,1174,0,5,8,2,15,813,329,45,2,1189,0,0,0,1189
09/28/2019,PHL,PA,AEA,EN,Combined TRACON& Tower with Radar,642,250,14,2,908,0,0,0,0,0,642,250,14,2,908,0,0,0,908
09/29/2019,PHL,PA,AEA,EN,Combined TRACON& Tower with Radar,734,311,41,0,1086,0,1,8,0,9,734,312,49,0,1095,0,0,0,1095
09/30/2019,PHL,PA,AEA,EN,Combined TRACON& Tower with Radar,777,291,38,0,1106,0,0,3,1,4,777,291,41,1,1110,0,0,0,1110
10/01/2019,PHL,PA,AEA,EN,Combined TRACON& Tower with Radar,771,308,52,0,1131,0,3,7,2,12,771,311,59,2,1143,0,0,0,1143
10/02/2019,PHL,PA,AEA,EN,Combined TRACON& Tower with Radar,747,314,41,0,1102,0,0,5,0,5,747,314,46,0,1107,0,0,0,1107
10/03/2019,PHL,PA,AEA,EN,Combined TRACON& Tower with Radar,835,310,41,0,1186,0,0,0,0,0,835,310,41,0,1186,0,0,0,1186
10/04/2019,PHL,PA,AEA,EN,Combined TRACON& Tower with Radar,817,319,47,0,1183,0,1,5,0,6,817,320,52,0,1189,0,0,0,1189
10/05/2019,PHL,PA,AEA,EN,Combined TRACON& Tower with Radar,651,239,22,0,912,0,1,12,0,13,651,240,34,0,925,0,0,0,925
10/06/2019,PHL,PA,AEA,EN,Combined TRACON& Tower with Radar,730,309,40,0,1079,0,0,9,0,9,730,309,49,0,1088,0,0,0,1088
10/07/2019,PHL,PA,AEA,EN,Combined TRACON& Tower with Radar,784,310,45,4,1143,0,0,5,1,6,784,310,50,5,1149,0,0,0,1149
10/08/2019,PHL,PA,AEA,EN,Combined TRACON& Tower with Radar,796,312,36,0,1144,0,4,4,0,8,796,316,40,0,1152,0,0,0,1152
10/09/2019,PHL,PA,AEA,EN,Combined TRACON& Tower with Radar,773,306,45,0,1124,0,0,4,1,5,773,306,49,1,1129,0,0,0,1129
10/10/2019,PHL,PA,AEA,EN,Combined TRACON& Tower with Radar,840,320,40,2,1202,0,1,7,0,8,840,321,47,2,1210,0,0,0,1210
10/11/2019,PHL,PA,AEA,EN,Combined TRACON& Tower with Radar,811,330,37,0,1178,0,2,15,0,17,811,332,52,0,1195,0,0,0,1195
10/12/2019,PHL,PA,AEA,EN,Combined TRACON& Tower with Radar,653,250,19,0,922,0,2,2,2,6,653,252,21,2,928,0,0,0,928
10/13/2019,PHL,PA,AEA,EN,Combined TRACON& Tower with Radar,721,321,43,0,1085,0,1,2,0,3,721,322,45,0,1088,0,0,0,1088
10/14/2019,PHL,PA,AEA,EN,Combined TRACON& Tower with Radar,787,321,38,2,1148,0,4,0,0,4,787,325,38,2,1152,0,0,0,1152
10/15/2019,PHL,PA,AEA,EN,Combined TRACON& Tower with Radar,793,289,33,4,1119,0,3,4,1,8,793,292,37,5,1127,0,0,0,1127
10/16/2019,PHL,PA,AEA,EN,Combined TRACON& Tower with Radar,783,297,37,0,1117,0,0,0,0,0,783,297,37,0,1117,0,0,0,1117
10/17/2019,PHL,PA,AEA,EN,Combined TRACON& Tower with Radar,854,310,50,0,1214,0,0,1,0,1,854,310,51,0,1215,0,0,0,1215
10/18/2019,PHL,PA,AEA,EN,Combined TRACON& Tower with Radar,832,324,46,0,1202,0,0,9,0,9,832,324,55,0,1211,0,0,0,1211
10/19/2019,PHL,PA,AEA,EN,Combined TRACON& Tower with Radar,648,247,28,0,923,0,1,3,2,6,648,248,31,2,929,0,0,0,929
10/20/2019,PHL,PA,AEA,EN,Combined TRACON& Tower with Radar,730,292,42,0,1064,0,0,2,0,2,730,292,44,0,1066,0,0,0,1066
10/21/2019,PHL,PA,AEA,EN,Combined TRACON& Tower with Radar,790,298,49,0,1137,0,8,6,2,16,790,306,55,2,1153,0,0,0,1153
10/22/2019,PHL,PA,AEA,EN,Combined TRACON& Tower with Radar,795,308,56,0,1159,0,0,2,0,2,795,308,58,0,1161,0,0,0,1161
10/23/2019,PHL,PA,AEA,EN,Combined TRACON& Tower with Radar,777,320,48,0,1145,0,0,17,1,18,777,320,65,1,1163,0,0,0,1163
10/24/2019,PHL,PA,AEA,EN,Combined TRACON& Tower with Radar,846,311,43,0,1200,0,0,1,17,18,846,311,44,17,1218,0,0,0,1218
10/25/2019,PHL,PA,AEA,EN,Combined TRACON& Tower with Radar,820,303,35,0,1158,0,3,16,2,21,820,306,51,2,1179,0,0,0,1179
10/26/2019,PHL,PA,AEA,EN,Combined TRACON& Tower with Radar,640,236,25,1,902,0,0,6,0,6,640,236,31,1,908,0,0,0,908
10/27/2019,PHL,PA,AEA,EN,Combined TRACON& Tower with Radar,702,288,29,0,1019,0,1,0,0,1,702,289,29,0,1020,0,0,0,1020
10/28/2019,PHL,PA,AEA,EN,Combined TRACON& Tower with Radar,755,307,47,0,1109,0,0,9,0,9,755,307,56,0,1118,0,0,0,1118
10/29/2019,PHL,PA,AEA,EN,Combined TRACON& Tower with Radar,758,307,40,0,1105,0,0,2,1,3,758,307,42,1,1108,0,0,0,1108
10/30/2019,PHL,PA,AEA,EN,Combined TRACON& Tower with Radar,745,297,30,0,1072,0,0,7,0,7,745,297,37,0,1079,0,0,0,1079
10/31/2019,PHL,PA,AEA,EN,Combined TRACON& Tower with Radar,657,227,26,0,910,0,0,2,0,2,657,227,28,0,912,0,0,0,912
11/01/2019,PHL,PA,AEA,EN,Combined TRACON& Tower with Radar,800,284,43,3,1130,0,1,3,2,6,800,285,46,5,1136,0,0,0,1136
11/02/2019,PHL,PA,AEA,EN,Combined TRACON& Tower with Radar,634,257,26,0,917,0,2,1,1,4,634,259,27,1,921,0,0,0,921
11/03/2019,PHL,PA,AEA,EN,Combined TRACON& Tower with Radar,707,308,36,2,1053,0,0,3,3,6,707,308,39,5,1059,0,0,0,1059
11/04/2019,PHL,PA,AEA,EN,Combined TRACON& Tower with Radar,770,305,38,0,1113,0,0,12,0,12,770,305,50,0,1125,0,0,0,1125
11/05/2019,PHL,PA,AEA,EN,Combined TRACON& Tower with Radar,762,304,36,0,1102,0,2,10,0,12,762,306,46,0,1114,0,0,0,1114
11/06/2019,PHL,PA,AEA,EN,Combined TRACON& Tower with Radar,740,297,45,0,1082,0,3,14,2,19,740,300,59,2,1101,0,0,0,1101
11/07/2019,PHL,PA,AEA,EN,Combined TRACON& Tower with Radar,825,313,35,0,1173,0,0,4,0,4,825,313,39,0,1177,0,0,0,1177
11/08/2019,PHL,PA,AEA,EN,Combined TRACON& Tower with Radar,790,303,45,0,1138,0,3,6,0,9,790,306,51,0,1147,0,0,0,1147
11/09/2019,PHL,PA,AEA,EN,Combined TRACON& Tower with Radar,608,248,14,0,870,0,1,5,0,6,608,249,19,0,876,0,0,0,876
11/10/2019,PHL,PA,AEA,EN,Combined TRACON& Tower with Radar,713,304,46,0,1063,0,3,12,0,15,713,307,58,0,1078,0,0,0,1078
11/11/2019,PHL,PA,AEA,EN,Combined TRACON& Tower with Radar,737,277,42,0,1056,0,0,3,0,3,737,277,45,0,1059,0,0,0,1059
11/12/2019,PHL,PA,AEA,EN,Combined TRACON& Tower with Radar,766,291,34,1,1092,0,0,14,0,14,766,291,48,1,1106,0,0,0,1106
11/13/2019,PHL,PA,AEA,EN,Combined TRACON& Tower with Radar,743,301,31,1,1076,0,1,17,0,18,743,302,48,1,1094,0,0,0,1094
11/14/2019,PHL,PA,AEA,EN,Combined TRACON& Tower with Radar,812,324,42,2,1180,0,3,5,2,10,812,327,47,4,1190,0,0,0,1190
11/15/2019,PHL,PA,AEA,EN,Combined TRACON& Tower with Radar,787,324,34,0,1145,0,0,8,1,9,787,324,42,1,1154,0,0,0,1154
11/16/2019,PHL,PA,AEA,EN,Combined TRACON& Tower with Radar,610,242,24,3,879,0,0,8,0,8,610,242,32,3,887,0,0,0,887
11/17/2019,PHL,PA,AEA,EN,Combined TRACON& Tower with Radar,694,325,56,3,1078,0,1,0,1,2,694,326,56,4,1080,0,0,0,1080
11/18/2019,PHL,PA,AEA,EN,Combined TRACON& Tower with Radar,768,299,27,3,1097,0,0,2,1,3,768,299,29,4,1100,0,0,0,1100
11/19/2019,PHL,PA,AEA,EN,Combined TRACON& Tower with Radar,755,292,35,0,1082,0,2,4,0,6,755,294,39,0,1088,0,0,0,1088
11/20/2019,PHL,PA,AEA,EN,Combined TRACON& Tower with Radar,759,303,42,0,1104,0,0,24,0,24,759,303,66,0,1128,0,0,0,1128
11/21/2019,PHL,PA,AEA,EN,Combined TRACON& Tower with Radar,823,316,33,0,1172,0,2,13,0,15,823,318,46,0,1187,0,0,0,1187
11/22/2019,PHL,PA,AEA,EN,Combined TRACON& Tower with Radar,800,302,36,0,1138,0,0,12,1,13,800,302,48,1,1151,0,0,0,1151
11/23/2019,PHL,PA,AEA,EN,Combined TRACON& Tower with Radar,707,284,16,0,1007,0,2,2,0,4,707,286,18,0,1011,0,0,0,1011
11/24/2019,PHL,PA,AEA,EN,Combined TRACON& Tower with Radar,675,243,34,0,952,0,0,1,0,1,675,243,35,0,953,0,0,0,953
11/25/2019,PHL,PA,AEA,EN,Combined TRACON& Tower with Radar,710,254,31,0,995,0,4,5,4,13,710,258,36,4,1008,0,0,0,1008
11/26/2019,PHL,PA,AEA,EN,Combined TRACON& Tower with Radar,836,326,30,0,1192,0,1,10,9,20,836,327,40,9,1212,0,0,0,1212
11/27/2019,PHL,PA,AEA,EN,Combined TRACON& Tower with Radar,858,324,44,0,1226,0,1,12,0,13,858,325,56,0,1239,0,0,0,1239
11/28/2019,PHL,PA,AEA,EN,Combined TRACON& Tower with Radar,425,125,6,0,556,0,0,0,0,0,425,125,6,0,556,0,0,0,556
11/29/2019,PHL,PA,AEA,EN,Combined TRACON& Tower with Radar,453,108,23,0,584,0,0,4,0,4,453,108,27,0,588,0,0,0,588
11/30/2019,PHL,PA,AEA,EN,Combined TRACON& Tower with Radar,766,313,27,0,1106,0,1,3,0,4,766,314,30,0,1110,0,0,0,1110
12/01/2019,PHL,PA,AEA,EN,Combined TRACON& Tower with Radar,747,288,50,0,1085,0,0,0,0,0,747,288,50,0,1085,0,0,0,1085
12/02/2019,PHL,PA,AEA,EN,Combined TRACON& Tower with Radar,798,271,21,0,1090,0,0,0,0,0,798,271,21,0,1090,0,0,0,1090
12/03/2019,PHL,PA,AEA,EN,Combined TRACON& Tower with Radar,829,304,32,0,1165,0,3,3,0,6,829,307,35,0,1171,0,0,0,1171
12/04/2019,PHL,PA,AEA,EN,Combined TRACON& Tower with Radar,769,295,48,0,1112,0,0,4,2,6,769,295,52,2,1118,0,0,0,1118
12/05/2019,PHL,PA,AEA,EN,Combined TRACON& Tower with Radar,849,317,36,1,1203,0,0,7,0,7,849,317,43,1,1210,0,0,0,1210
12/06/2019,PHL,PA,AEA,EN,Combined TRACON& Tower with Radar,802,300,37,0,1139,0,0,11,6,17,802,300,48,6,1156,0,0,0,1156
12/07/2019,PHL,PA,AEA,EN,Combined TRACON& Tower with Radar,610,214,15,3,842,0,0,13,0,13,610,214,28,3,855,0,0,0,855
12/08/2019,PHL,PA,AEA,EN,Combined TRACON& Tower with Radar,686,302,44,0,1032,0,2,12,1,15,686,304,56,1,1047,0,0,0,1047
12/09/2019,PHL,PA,AEA,EN,Combined TRACON& Tower with Radar,743,265,28,0,1036,0,0,0,0,0,743,265,28,0,1036,0,0,0,1036
12/10/2019,PHL,PA,AEA,EN,Combined TRACON& Tower with Radar,801,289,38,0,1128,0,0,10,0,10,801,289,48,0,1138,0,0,0,1138
12/11/2019,PHL,PA,AEA,EN,Combined TRACON& Tower with Radar,784,286,43,0,1113,0,0,13,1,14,784,286,56,1,1127,0,0,0,1127
12/12/2019,PHL,PA,AEA,EN,Combined TRACON& Tower with Radar,853,312,42,3,1210,0,5,13,2,20,853,317,55,5,1230,0,0,0,1230
12/13/2019,PHL,PA,AEA,EN,Combined TRACON& Tower with Radar,805,304,52,2,1163,0,3,11,2,16,805,307,63,4,1179,0,0,0,1179
12/14/2019,PHL,PA,AEA,EN,Combined TRACON& Tower with Radar,606,218,32,8,864,0,0,10,2,12,606,218,42,10,876,0,0,0,876
12/15/2019,PHL,PA,AEA,EN,Combined TRACON& Tower with Radar,678,314,35,1,1028,0,2,4,1,7,678,316,39,2,1035,0,0,0,1035
12/16/2019,PHL,PA,AEA,EN,Combined TRACON& Tower with Radar,765,286,31,0,1082,0,0,2,0,2,765,286,33,0,1084,0,0,0,1084
12/17/2019,PHL,PA,AEA,EN,Combined TRACON& Tower with Radar,782,265,24,0,1071,0,0,1,0,1,782,265,25,0,1072,0,0,0,1072
12/18/2019,PHL,PA,AEA,EN,Combined TRACON& Tower with Radar,806,301,48,0,1155,0,0,24,3,27,806,301,72,3,1182,0,0,0,1182
12/19/2019,PHL,PA,AEA,EN,Combined TRACON& Tower with Radar,829,278,44,0,1151,0,1,6,4,11,829,279,50,4,1162,0,0,0,1162
12/20/2019,PHL,PA,AEA,EN,Combined TRACON& Tower with Radar,821,302,56,0,1179,0,0,11,0,11,821,302,67,0,1190,0,0,0,1190
12/21/2019,PHL,PA,AEA,EN,Combined TRACON& Tower with Radar,754,273,30,0,1057,0,2,10,0,12,754,275,40,0,1069,0,0,0,1069
12/22/2019,PHL,PA,AEA,EN,Combined TRACON& Tower with Radar,754,285,37,0,1076,0,0,2,0,2,754,285,39,0,1078,0,0,0,1078
12/23/2019,PHL,PA,AEA,EN,Combined TRACON& Tower with Radar,734,284,26,0,1044,0,4,2,2,8,734,288,28,2,1052,0,0,0,1052
12/24/2019,PHL,PA,AEA,EN,Combined TRACON& Tower with Radar,639,215,8,0,862,0,1,1,1,3,639,216,9,1,865,0,0,0,865
12/25/2019,PHL,PA,AEA,EN,Combined TRACON& Tower with Radar,550,217,13,0,780,0,0,0,0,0,550,217,13,0,780,0,0,0,780
12/26/2019,PHL,PA,AEA,EN,Combined TRACON& Tower with Radar,690,271,38,0,999,0,0,8,0,8,690,271,46,0,1007,0,0,0,1007
12/27/2019,PHL,PA,AEA,EN,Combined TRACON& Tower with Radar,721,274,28,0,1023,0,1,2,0,3,721,275,30,0,1026,0,0,0,1026
12/28/2019,PHL,PA,AEA,EN,Combined TRACON& Tower with Radar,644,266,13,0,923,0,3,0,2,5,644,269,13,2,928,0,0,0,928
12/29/2019,PHL,PA,AEA,EN,Combined TRACON& Tower with Radar,661,256,9,0,926,0,0,0,0,0,661,256,9,0,926,0,0,0,926
12/30/2019,PHL,PA,AEA,EN,Combined TRACON& Tower with Radar,688,246,8,0,942,0,0,0,0,0,688,246,8,0,942,0,0,0,942
12/31/2019,PHL,PA,AEA,EN,Combined TRACON& Tower with Radar,642,221,8,0,871,0,2,0,0,2,642,223,8,0,873,0,0,0,873
01/01/2020,PHL,PA,AEA,EN,Combined TRACON& Tower with Radar,552,232,11,0,795,0,0,5,0,5,552,232,16,0,800,0,0,0,800
01/02/2020,PHL,PA,AEA,EN,Combined TRACON& Tower with Radar,684,277,23,0,984,0,2,2,0,4,684,279,25,0,988,0,0,0,988
01/03/2020,PHL,PA,AEA,EN,Combined TRACON& Tower with Radar,697,252,26,0,975,0,0,0,0,0,697,252,26,0,975,0,0,0,975
01/04/2020,PHL,PA,AEA,EN,Combined TRACON& Tower with Radar,621,220,14,0,855,0,0,0,0,0,621,220,14,0,855,0,0,0,855
01/05/2020,PHL,PA,AEA,EN,Combined TRACON& Tower with Radar,661,283,49,0,993,0,0,1,2,3,661,283,50,2,996,0,0,0,996
01/06/2020,PHL,PA,AEA,EN,Combined TRACON& Tower with Radar,675,283,32,0,990,0,2,11,0,13,675,285,43,0,1003,0,0,0,1003
01/07/2020,PHL,PA,AEA,EN,Combined TRACON& Tower with Radar,670,255,26,0,951,0,4,1,0,5,670,259,27,0,956,0,0,0,956
01/08/2020,PHL,PA,AEA,EN,Combined TRACON& Tower with Radar,681,242,28,0,951,0,0,0,0,0,681,242,28,0,951,0,0,0,951
01/09/2020,PHL,PA,AEA,EN,Combined TRACON& Tower with Radar,748,257,34,0,1039,0,1,5,0,6,748,258,39,0,1045,0,0,0,1045
01/10/2020,PHL,PA,AEA,EN,Combined TRACON& Tower with Radar,712,253,25,0,990,0,0,6,0,6,712,253,31,0,996,0,0,0,996
01/11/2020,PHL,PA,AEA,EN,Combined TRACON& Tower with Radar,531,203,14,0,748,0,1,2,0,3,531,204,16,0,751,0,0,0,751
01/12/2020,PHL,PA,AEA,EN,Combined TRACON& Tower with Radar,606,253,26,0,885,0,0,0,0,0,606,253,26,0,885,0,0,0,885
01/13/2020,PHL,PA,AEA,EN,Combined TRACON& Tower with Radar,683,259,29,0,971,0,1,5,0,6,683,260,34,0,977,0,0,0,977
01/14/2020,PHL,PA,AEA,EN,Combined TRACON& Tower with Radar,680,242,26,0,948,0,0,0,0,0,680,242,26,0,948,0,0,0,948
01/15/2020,PHL,PA,AEA,EN,Combined TRACON& Tower with Radar,683,251,31,0,965,0,0,10,3,13,683,251,41,3,978,0,0,0,978
01/16/2020,PHL,PA,AEA,EN,Combined TRACON& Tower with Radar,738,283,31,0,1052,0,0,1,1,2,738,283,32,1,1054,0,0,0,1054
01/17/2020,PHL,PA,AEA,EN,Combined TRACON& Tower with Radar,697,282,24,1,1004,0,0,12,1,13,697,282,36,2,1017,0,0,0,1017
01/18/2020,PHL,PA,AEA,EN,Combined TRACON& Tower with Radar,537,181,14,1,733,0,0,0,0,0,537,181,14,1,733,0,0,0,733
01/19/2020,PHL,PA,AEA,EN,Combined TRACON& Tower with Radar,550,216,23,0,789,0,0,3,0,3,550,216,26,0,792,0,0,0,792
01/20/2020,PHL,PA,AEA,EN,Combined TRACON& Tower with Radar,663,303,27,0,993,0,0,4,0,4,663,303,31,0,997,0,0,0,997
01/21/2020,PHL,PA,AEA,EN,Combined TRACON& Tower with Radar,682,258,35,0,975,0,4,3,0,7,682,262,38,0,982,0,0,0,982
01/22/2020,PHL,PA,AEA,EN,Combined TRACON& Tower with Radar,680,267,26,0,973,0,1,5,2,8,680,268,31,2,981,0,0,0,981
01/23/2020,PHL,PA,AEA,EN,Combined TRACON& Tower with Radar,724,287,35,0,1046,0,2,2,0,4,724,289,37,0,1050,0,0,0,1050
01/24/2020,PHL,PA,AEA,EN,Combined TRACON& Tower with Radar,699,269,29,0,997,0,2,7,0,9,699,271,36,0,1006,0,0,0,1006
01/25/2020,PHL,PA,AEA,EN,Combined TRACON& Tower with Radar,565,202,24,0,791,0,0,4,0,4,565,202,28,0,795,0,0,0,795
01/26/2020,PHL,PA,AEA,EN,Combined TRACON& Tower with Radar,627,269,23,0,919,0,1,2,0,3,627,270,25,0,922,0,0,0,922
01/27/2020,PHL,PA,AEA,EN,Combined TRACON& Tower with Radar,688,272,27,0,987,0,1,5,0,6,688,273,32,0,993,0,0,0,993
01/28/2020,PHL,PA,AEA,EN,Combined TRACON& Tower with Radar,676,250,23,0,949,0,3,11,0,14,676,253,34,0,963,0,0,0,963
01/29/2020,PHL,PA,AEA,EN,Combined TRACON& Tower with Radar,681,265,47,0,993,0,0,3,2,5,681,265,50,2,998,0,0,0,998
01/30/2020,PHL,PA,AEA,EN,Combined TRACON& Tower with Radar,733,290,28,0,1051,0,0,0,2,2,733,290,28,2,1053,0,0,0,1053
01/31/2020,PHL,PA,AEA,EN,Combined TRACON& Tower with Radar,713,271,34,0,1018,0,0,4,2,6,713,271,38,2,1024,0,0,0,1024
02/01/2020,PHL,PA,AEA,EN,Combined TRACON& Tower with Radar,541,200,16,0,757,0,0,0,0,0,541,200,16,0,757,0,0,0,757
02/02/2020,PHL,PA,AEA,EN,Combined TRACON& Tower with Radar,597,247,13,0,857,0,0,0,0,0,597,247,13,0,857,0,0,0,857
02/03/2020,PHL,PA,AEA,EN,Combined TRACON& Tower with Radar,678,278,42,2,1000,0,8,5,1,14,678,286,47,3,1014,0,0,0,1014
02/04/2020,PHL,PA,AEA,EN,Combined TRACON& Tower with Radar,674,256,42,0,972,0,0,2,0,2,674,256,44,0,974,0,0,0,974
02/05/2020,PHL,PA,AEA,EN,Combined TRACON& Tower with Radar,670,253,35,2,960,0,0,8,4,12,670,253,43,6,972,0,0,0,972
02/06/2020,PHL,PA,AEA,EN,Combined TRACON& Tower with Radar,712,236,31,0,979,0,0,0,0,0,712,236,31,0,979,0,0,0,979
02/07/2020,PHL,PA,AEA,EN,Combined TRACON& Tower with Radar,686,209,33,2,930,0,0,8,0,8,686,209,41,2,938,0,0,0,938
02/08/2020,PHL,PA,AEA,EN,Combined TRACON& Tower with Radar,531,206,24,0,761,0,0,0,0,0,531,206,24,0,761,0,0,0,761
02/09/2020,PHL,PA,AEA,EN,Combined TRACON& Tower with Radar,591,264,21,0,876,0,2,7,0,9,591,266,28,0,885,0,0,0,885
02/10/2020,PHL,PA,AEA,EN,Combined TRACON& Tower with Radar,677,260,34,0,971,0,0,2,0,2,677,260,36,0,973,0,0,0,973
02/11/2020,PHL,PA,AEA,EN,Combined TRACON& Tower with Radar,673,275,31,0,979,0,0,10,2,12,673,275,41,2,991,0,0,0,991
02/12/2020,PHL,PA,AEA,EN,Combined TRACON& Tower with Radar,678,267,42,0,987,0,1,4,1,6,678,268,46,1,993,0,0,0,993
02/13/2020,PHL,PA,AEA,EN,Combined TRACON& Tower with Radar,724,275,42,0,1041,0,0,1,0,1,724,275,43,0,1042,0,0,0,1042
02/14/2020,PHL,PA,AEA,EN,Combined TRACON& Tower with Radar,717,287,37,0,1041,0,4,6,0,10,717,291,43,0,1051,0,0,0,1051
02/15/2020,PHL,PA,AEA,EN,Combined TRACON& Tower with Radar,594,228,19,0,841,0,0,3,0,3,594,228,22,0,844,0,0,0,844
02/16/2020,PHL,PA,AEA,EN,Combined TRACON& Tower with Radar,614,251,28,0,893,0,2,7,0,9,614,253,35,0,902,0,0,0,902
02/17/2020,PHL,PA,AEA,EN,Combined TRACON& Tower with Radar,688,276,43,0,1007,0,1,1,0,2,688,277,44,0,1009,0,0,0,1009
02/18/2020,PHL,PA,AEA,EN,Combined TRACON& Tower with Radar,762,267,41,0,1070,0,0,2,0,2,762,267,43,0,1072,0,0,0,1072
02/19/2020,PHL,PA,AEA,EN,Combined TRACON& Tower with Radar,740,275,39,0,1054,0,0,12,1,13,740,275,51,1,1067,0,0,0,1067
02/20/2020,PHL,PA,AEA,EN,Combined TRACON& Tower with Radar,748,269,47,0,1064,0,1,12,0,13,748,270,59,0,1077,0,0,0,1077
02/21/2020,PHL,PA,AEA,EN,Combined TRACON& Tower with Radar,723,258,34,1,1016,0,2,7,2,11,723,260,41,3,1027,0,0,0,1027
02/22/2020,PHL,PA,AEA,EN,Combined TRACON& Tower with Radar,601,232,28,0,861,0,0,3,0,3,601,232,31,0,864,0,0,0,864
02/23/2020,PHL,PA,AEA,EN,Combined TRACON& Tower with Radar,643,265,25,0,933,0,1,3,0,4,643,266,28,0,937,0,0,0,937
02/24/2020,PHL,PA,AEA,EN,Combined TRACON& Tower with Radar,693,271,42,1,1007,0,3,17,0,20,693,274,59,1,1027,0,0,0,1027
02/25/2020,PHL,PA,AEA,EN,Combined TRACON& Tower with Radar,746,259,40,0,1045,0,0,0,0,0,746,259,40,0,1045,0,0,0,1045
02/26/2020,PHL,PA,AEA,EN,Combined TRACON& Tower with Radar,751,251,49,0,1051,0,2,1,0,3,751,253,50,0,1054,0,0,0,1054
02/27/2020,PHL,PA,AEA,EN,Combined TRACON& Tower with Radar,760,269,56,0,1085,0,0,9,0,9,760,269,65,0,1094,0,0,0,1094
02/28/2020,PHL,PA,AEA,EN,Combined TRACON& Tower with Radar,735,248,50,0,1033,0,4,3,0,7,735,252,53,0,1040,0,0,0,1040
02/29/2020,PHL,PA,AEA,EN,Combined TRACON& Tower with Radar,596,219,17,0,832,0,1,4,0,5,596,220,21,0,837,0,0,0,837
03/01/2020,PHL,PA,AEA,EN,Combined TRACON& Tower with Radar,642,257,34,0,933,0,0,0,0,0,642,257,34,0,933,0,0,0,933
03/02/2020,PHL,PA,AEA,EN,Combined TRACON& Tower with Radar,702,275,33,2,1012,0,5,6,0,11,702,280,39,2,1023,0,0,0,1023
03/03/2020,PHL,PA,AEA,EN,Combined TRACON& Tower with Radar,767,248,33,0,1048,0,0,3,0,3,767,248,36,0,1051,0,0,0,1051
03/04/2020,PHL,PA,AEA,EN,Combined TRACON& Tower with Radar,754,251,34,0,1039,0,0,5,0,5,754,251,39,0,1044,0,0,0,1044
03/05/2020,PHL,PA,AEA,EN,Combined TRACON& Tower with Radar,773,299,37,0,1109,0,1,4,0,5,773,300,41,0,1114,0,0,0,1114
03/06/2020,PHL,PA,AEA,EN,Combined TRACON& Tower with Radar,730,301,36,0,1067,0,0,2,0,2,730,301,38,0,1069,0,0,0,1069
03/07/2020,PHL,PA,AEA,EN,Combined TRACON& Tower with Radar,610,259,9,0,878,0,0,1,0,1,610,259,10,0,879,0,0,0,879
03/08/2020,PHL,PA,AEA,EN,Combined TRACON& Tower with Radar,650,280,29,0,959,0,2,1,0,3,650,282,30,0,962,0,0,0,962
03/09/2020,PHL,PA,AEA,EN,Combined TRACON& Tower with Radar,717,286,23,0,1026,0,0,6,1,7,717,286,29,1,1033,0,0,0,1033
03/10/2020,PHL,PA,AEA,EN,Combined TRACON& Tower with Radar,768,285,25,0,1078,0,2,4,0,6,768,287,29,0,1084,0,0,0,1084
03/11/2020,PHL,PA,AEA,EN,Combined TRACON& Tower with Radar,762,284,25,0,1071,0,0,15,1,16,762,284,40,1,1087,0,0,0,1087
03/12/2020,PHL,PA,AEA,EN,Combined TRACON& Tower with Radar,770,297,39,2,1108,0,0,3,0,3,770,297,42,2,1111,0,0,0,1111
03/13/2020,PHL,PA,AEA,EN,Combined TRACON& Tower with Radar,748,298,27,1,1074,0,0,2,0,2,748,298,29,1,1076,0,0,0,1076
03/14/2020,PHL,PA,AEA,EN,Combined TRACON& Tower with Radar,592,260,18,0,870,0,0,2,0,2,592,260,20,0,872,0,0,0,872
03/15/2020,PHL,PA,AEA,EN,Combined TRACON& Tower with Radar,637,270,26,0,933,0,0,0,0,0,637,270,26,0,933,0,0,0,933
03/16/2020,PHL,PA,AEA,EN,Combined TRACON& Tower with Radar,667,290,26,0,983,0,4,4,0,8,667,294,30,0,991,0,0,0,991
03/17/2020,PHL,PA,AEA,EN,Combined TRACON& Tower with Radar,700,282,23,0,1005,0,0,2,0,2,700,282,25,0,1007,0,0,0,1007
03/18/2020,PHL,PA,AEA,EN,Combined TRACON& Tower with Radar,658,270,15,0,943,0,2,3,1,6,658,272,18,1,949,0,0,0,949
03/19/2020,PHL,PA,AEA,EN,Combined TRACON& Tower with Radar,664,277,14,0,955,0,0,0,0,0,664,277,14,0,955,0,0,0,955
03/20/2020,PHL,PA,AEA,EN,Combined TRACON& Tower with Radar,622,247,12,0,881,0,0,3,0,3,622,247,15,0,884,0,0,0,884
03/21/2020,PHL,PA,AEA,EN,Combined TRACON& Tower with Radar,433,223,10,0,666,0,0,1,0,1,433,223,11,0,667,0,0,0,667
03/22/2020,PHL,PA,AEA,EN,Combined TRACON& Tower with Radar,514,203,13,0,730,0,0,1,0,1,514,203,14,0,731,0,0,0,731
03/23/2020,PHL,PA,AEA,EN,Combined TRACON& Tower with Radar,471,135,4,0,610,0,0,0,0,0,471,135,4,0,610,0,0,0,610
03/24/2020,PHL,PA,AEA,EN,Combined TRACON& Tower with Radar,491,155,5,0,651,0,6,5,0,11,491,161,10,0,662,0,0,0,662
03/25/2020,PHL,PA,AEA,EN,Combined TRACON& Tower with Radar,413,154,2,0,569,0,0,1,0,1,413,154,3,0,570,0,0,0,570
03/26/2020,PHL,PA,AEA,EN,Combined TRACON& Tower with Radar,442,147,8,0,597,0,0,18,0,18,442,147,26,0,615,0,0,0,615
03/27/2020,PHL,PA,AEA,EN,Combined TRACON& Tower with Radar,404,141,3,0,548,0,0,1,0,1,404,141,4,0,549,0,0,0,549
03/28/2020,PHL,PA,AEA,EN,Combined TRACON& Tower with Radar,285,161,9,0,455,0,0,0,0,0,285,161,9,0,455,0,0,0,455
03/29/2020,PHL,PA,AEA,EN,Combined TRACON& Tower with Radar,317,166,3,0,486,0,0,0,0,0,317,166,3,0,486,0,0,0,486
03/30/2020,PHL,PA,AEA,EN,Combined TRACON& Tower with Radar,299,158,6,0,463,0,0,3,0,3,299,158,9,0,466,0,0,0,466
03/31/2020,PHL,PA,AEA,EN,Combined TRACON& Tower with Radar,376,146,6,0,528,0,0,0,0,0,376,146,6,0,528,0,0,0,528
04/01/2020,PHL,PA,AEA,EN,Combined TRACON& Tower with Radar,412,130,5,0,547,0,4,11,0,15,412,134,16,0,562,0,0,0,562
04/02/2020,PHL,PA,AEA,EN,Combined TRACON& Tower with Radar,367,115,5,0,487,0,0,0,0,0,367,115,5,0,487,0,0,0,487
04/03/2020,PHL,PA,AEA,EN,Combined TRACON& Tower with Radar,330,127,6,0,463,0,0,0,0,0,330,127,6,0,463,0,0,0,463
04/04/2020,PHL,PA,AEA,EN,Combined TRACON& Tower with Radar,256,132,2,1,391,0,2,0,0,2,256,134,2,1,393,0,0,0,393
04/05/2020,PHL,PA,AEA,EN,Combined TRACON& Tower with Radar,284,132,1,0,417,0,0,2,0,2,284,132,3,0,419,0,0,0,419
04/06/2020,PHL,PA,AEA,EN,Combined TRACON& Tower with Radar,308,137,7,0,452,0,4,3,0,7,308,141,10,0,459,0,0,0,459
04/07/2020,PHL,PA,AEA,EN,Combined TRACON& Tower with Radar,379,98,4,0,481,0,2,2,2,6,379,100,6,2,487,0,0,0,487
04/08/2020,PHL,PA,AEA,EN,Combined TRACON& Tower with Radar,393,96,4,0,493,0,0,4,0,4,393,96,8,0,497,0,0,0,497
04/09/2020,PHL,PA,AEA,EN,Combined TRACON& Tower with Radar,347,103,7,0,457,0,0,1,0,1,347,103,8,0,458,0,0,0,458
04/10/2020,PHL,PA,AEA,EN,Combined TRACON& Tower with Radar,323,94,6,0,423,0,0,0,0,0,323,94,6,0,423,0,0,0,423
04/11/2020,PHL,PA,AEA,EN,Combined TRACON& Tower with Radar,227,89,8,0,324,0,0,6,0,6,227,89,14,0,330,0,0,0,330
04/12/2020,PHL,PA,AEA,EN,Combined TRACON& Tower with Radar,254,82,7,0,343,0,0,8,0,8,254,82,15,0,351,0,0,0,351
04/13/2020,PHL,PA,AEA,EN,Combined TRACON& Tower with Radar,327,78,2,0,407,0,0,0,1,1,327,78,2,1,408,0,0,0,408
04/14/2020,PHL,PA,AEA,EN,Combined TRACON& Tower with Radar,331,98,18,2,449,0,2,5,0,7,331,100,23,2,456,0,0,0,456
04/15/2020,PHL,PA,AEA,EN,Combined TRACON& Tower with Radar,312,88,12,0,412,0,2,4,4,10,312,90,16,4,422,0,0,0,422
04/16/2020,PHL,PA,AEA,EN,Combined TRACON& Tower with Radar,291,67,5,0,363,0,1,0,2,3,291,68,5,2,366,0,0,0,366
04/17/2020,PHL,PA,AEA,EN,Combined TRACON& Tower with Radar,261,68,8,2,339,0,0,2,0,2,261,68,10,2,341,0,0,0,341
04/18/2020,PHL,PA,AEA,EN,Combined TRACON& Tower with Radar,170,57,1,0,228,0,0,0,0,0,170,57,1,0,228,0,0,0,228
04/19/2020,PHL,PA,AEA,EN,Combined TRACON& Tower with Radar,216,64,4,2,286,0,1,1,0,2,216,65,5,2,288,0,0,0,288
04/20/2020,PHL,PA,AEA,EN,Combined TRACON& Tower with Radar,208,57,7,4,276,0,2,4,0,6,208,59,11,4,282,0,0,0,282
04/21/2020,PHL,PA,AEA,EN,Combined TRACON& Tower with Radar,273,70,5,4,352,0,0,0,0,0,273,70,5,4,352,0,0,0,352
04/22/2020,PHL,PA,AEA,EN,Combined TRACON& Tower with Radar,275,86,10,2,373,0,0,4,5,9,275,86,14,7,382,0,0,0,382
04/23/2020,PHL,PA,AEA,EN,Combined TRACON& Tower with Radar,291,67,6,0,364,0,1,6,0,7,291,68,12,0,371,0,0,0,371
04/24/2020,PHL,PA,AEA,EN,Combined TRACON& Tower with Radar,261,74,2,0,337,0,0,2,0,2,261,74,4,0,339,0,0,0,339
04/25/2020,PHL,PA,AEA,EN,Combined TRACON& Tower with Radar,181,55,1,0,237,0,0,1,0,1,181,55,2,0,238,0,0,0,238
04/26/2020,PHL,PA,AEA,EN,Combined TRACON& Tower with Radar,192,76,4,0,272,0,0,0,0,0,192,76,4,0,272,0,0,0,272
04/27/2020,PHL,PA,AEA,EN,Combined TRACON& Tower with Radar,215,60,5,12,292,0,0,2,0,2,215,60,7,12,294,0,0,0,294
04/28/2020,PHL,PA,AEA,EN,Combined TRACON& Tower with Radar,282,61,8,24,375,0,4,9,0,13,282,65,17,24,388,0,0,0,388
04/29/2020,PHL,PA,AEA,EN,Combined TRACON& Tower with Radar,268,56,12,20,356,0,0,6,1,7,268,56,18,21,363,0,0,0,363
04/30/2020,PHL,PA,AEA,EN,Combined TRACON& Tower with Radar,293,66,9,0,368,0,0,0,0,0,293,66,9,0,368,0,0,0,368
05/01/2020,PHL,PA,AEA,EN,Combined TRACON& Tower with Radar,328,110,14,0,452,0,0,1,2,3,328,110,15,2,455,0,0,0,455
05/02/2020,PHL,PA,AEA,EN,Combined TRACON& Tower with Radar,93,23,15,0,131,0,0,4,0,4,93,23,19,0,135,0,0,0,135
05/03/2020,PHL,PA,AEA,EN,Combined TRACON& Tower with Radar,278,113,9,0,400,0,0,1,0,1,278,113,10,0,401,0,0,0,401
05/04/2020,PHL,PA,AEA,EN,Combined TRACON& Tower with Radar,305,108,15,1,429,0,1,3,0,4,305,109,18,1,433,0,0,0,433
05/05/2020,PHL,PA,AEA,EN,Combined TRACON& Tower with Radar,179,21,9,1,210,0,2,6,1,9,179,23,15,2,219,0,0,0,219
05/06/2020,PHL,PA,AEA,EN,Combined TRACON& Tower with Radar,177,22,3,0,202,0,1,0,1,2,177,23,3,1,204,0,0,0,204
05/07/2020,PHL,PA,AEA,EN,Combined TRACON& Tower with Radar,281,67,14,3,365,0,0,5,2,7,281,67,19,5,372,0,0,0,372
05/08/2020,PHL,PA,AEA,EN,Combined TRACON& Tower with Radar,281,98,11,2,392,0,2,0,0,2,281,100,11,2,394,0,0,0,394
05/09/2020,PHL,PA,AEA,EN,Combined TRACON& Tower with Radar,112,13,1,0,126,0,0,0,0,0,112,13,1,0,126,0,0,0,126
05/10/2020,PHL,PA,AEA,EN,Combined TRACON& Tower with Radar,219,90,19,0,328,0,0,3,0,3,219,90,22,0,331,0,0,0,331
05/11/2020,PHL,PA,AEA,EN,Combined TRACON& Tower with Radar,243,90,6,0,339,0,1,8,0,9,243,91,14,0,348,0,0,0,348
05/12/2020,PHL,PA,AEA,EN,Combined TRACON& Tower with Radar,180,5,12,10,207,0,7,2,4,13,180,12,14,14,220,0,0,0,220
05/13/2020,PHL,PA,AEA,EN,Combined TRACON& Tower with Radar,306,92,10,8,416,0,0,16,0,16,306,92,26,8,432,0,0,0,432
05/14/2020,PHL,PA,AEA,EN,Combined TRACON& Tower with Radar,302,95,14,0,411,0,1,6,1,8,302,96,20,1,419,0,0,0,419
05/15/2020,PHL,PA,AEA,EN,Combined TRACON& Tower with Radar,268,95,9,0,372,0,0,2,0,2,268,95,11,0,374,0,0,0,374
05/16/2020,PHL,PA,AEA,EN,Combined TRACON& Tower with Radar,108,15,14,1,138,0,0,4,0,4,108,15,18,1,142,0,0,0,142
05/17/2020,PHL,PA,AEA,EN,Combined TRACON& Tower with Radar,227,93,8,0,328,0,0,2,0,2,227,93,10,0,330,0,0,0,330
05/18/2020,PHL,PA,AEA,EN,Combined TRACON& Tower with Radar,248,92,15,5,360,0,7,2,1,10,248,99,17,6,370,0,0,0,370
05/19/2020,PHL,PA,AEA,EN,Combined TRACON& Tower with Radar,183,25,19,2,229,0,1,8,0,9,183,26,27,2,238,0,0,0,238
05/20/2020,PHL,PA,AEA,EN,Combined TRACON& Tower with Radar,304,92,14,0,410,0,0,9,10,19,304,92,23,10,429,0,0,0,429
05/21/2020,PHL,PA,AEA,EN,Combined TRACON& Tower with Radar,311,100,22,7,440,0,2,4,29,35,311,102,26,36,475,0,0,0,475
05/22/2020,PHL,PA,AEA,EN,Combined TRACON& Tower with Radar,275,105,19,0,399,0,0,0,0,0,275,105,19,0,399,0,0,0,399
05/23/2020,PHL,PA,AEA,EN,Combined TRACON& Tower with Radar,107,17,15,0,139,0,0,1,0,1,107,17,16,0,140,0,0,0,140
05/24/2020,PHL,PA,AEA,EN,Combined TRACON& Tower with Radar,221,96,7,0,324,0,0,3,0,3,221,96,10,0,327,0,0,0,327
05/25/2020,PHL,PA,AEA,EN,Combined TRACON& Tower with Radar,220,98,6,0,324,0,0,0,0,0,220,98,6,0,324,0,0,0,324
05/26/2020,PHL,PA,AEA,EN,Combined TRACON& Tower with Radar,121,12,25,2,160,0,0,2,0,2,121,12,27,2,162,0,0,0,162
05/27/2020,PHL,PA,AEA,EN,Combined TRACON& Tower with Radar,306,97,17,0,420,0,4,4,2,10,306,101,21,2,430,0,0,0,430
05/28/2020,PHL,PA,AEA,EN,Combined TRACON& Tower with Radar,308,86,10,0,404,0,0,0,0,0,308,86,10,0,404,0,0,0,404
05/29/2020,PHL,PA,AEA,EN,Combined TRACON& Tower with Radar,270,97,14,2,383,0,0,3,0,3,270,97,17,2,386,0,0,0,386
05/30/2020,PHL,PA,AEA,EN,Combined TRACON& Tower with Radar,104,18,6,0,128,0,0,6,1,7,104,18,12,1,135,0,0,0,135
05/31/2020,PHL,PA,AEA,EN,Combined TRACON& Tower with Radar,223,93,19,0,335,0,2,7,1,10,223,95,26,1,345,0,0,0,345
06/01/2020,PHL,PA,AEA,EN,Combined TRACON& Tower with Radar,247,87,13,0,347,0,6,3,0,9,247,93,16,0,356,0,0,0,356
06/02/2020,PHL,PA,AEA,EN,Combined TRACON& Tower with Radar,179,19,21,4,223,0,1,7,0,8,179,20,28,4,231,0,0,0,231
06/03/2020,PHL,PA,AEA,EN,Combined TRACON& Tower with Radar,307,94,12,0,413,0,0,2,3,5,307,94,14,3,418,0,0,0,418
06/04/2020,PHL,PA,AEA,EN,Combined TRACON& Tower with Radar,306,94,8,0,408,0,0,2,0,2,306,94,10,0,410,0,0,0,410
06/05/2020,PHL,PA,AEA,EN,Combined TRACON& Tower with Radar,289,94,14,0,397,0,0,0,0,0,289,94,14,0,397,0,0,0,397
06/06/2020,PHL,PA,AEA,EN,Combined TRACON& Tower with Radar,117,11,11,0,139,0,1,0,2,3,117,12,11,2,142,0,0,0,142
06/07/2020,PHL,PA,AEA,EN,Combined TRACON& Tower with Radar,241,100,21,0,362,0,0,2,0,2,241,100,23,0,364,0,0,0,364
06/08/2020,PHL,PA,AEA,EN,Combined TRACON& Tower with Radar,271,92,31,2,396,0,4,7,0,11,271,96,38,2,407,0,0,0,407
06/09/2020,PHL,PA,AEA,EN,Combined TRACON& Tower with Radar,209,20,8,4,241,0,0,5,0,5,209,20,13,4,246,0,0,0,246
06/10/2020,PHL,PA,AEA,EN,Combined TRACON& Tower with Radar,331,102,17,0,450,0,2,2,2,6,331,104,19,2,456,0,0,0,456
06/11/2020,PHL,PA,AEA,EN,Combined TRACON& Tower with Radar,332,98,23,1,454,0,1,0,0,1,332,99,23,1,455,0,0,0,455
06/12/2020,PHL,PA,AEA,EN,Combined TRACON& Tower with Radar,302,101,23,0,426,0,0,6,2,8,302,101,29,2,434,0,0,0,434
06/13/2020,PHL,PA,AEA,EN,Combined TRACON& Tower with Radar,125,23,18,0,166,0,1,4,0,5,125,24,22,0,171,0,0,0,171
06/14/2020,PHL,PA,AEA,EN,Combined TRACON& Tower with Radar,252,93,18,0,363,0,0,6,0,6,252,93,24,0,369,0,0,0,369
06/15/2020,PHL,PA,AEA,EN,Combined TRACON& Tower with Radar,276,106,27,0,409,0,4,5,3,12,276,110,32,3,421,0,0,0,421
06/16/2020,PHL,PA,AEA,EN,Combined TRACON& Tower with Radar,207,26,17,1,251,0,4,9,6,19,207,30,26,7,270,0,0,0,270
06/17/2020,PHL,PA,AEA,EN,Combined TRACON& Tower with Radar,329,99,17,0,445,0,0,3,6,9,329,99,20,6,454,0,0,0,454
06/18/2020,PHL,PA,AEA,EN,Combined TRACON& Tower with Radar,336,101,26,0,463,0,0,2,0,2,336,101,28,0,465,0,0,0,465
06/19/2020,PHL,PA,AEA,EN,Combined TRACON& Tower with Radar,302,110,22,0,434,0,0,4,0,4,302,110,26,0,438,0,0,0,438
06/20/2020,PHL,PA,AEA,EN,Combined TRACON& Tower with Radar,137,22,14,0,173,0,0,1,0,1,137,22,15,0,174,0,0,0,174
06/21/2020,PHL,PA,AEA,EN,Combined TRACON& Tower with Radar,255,111,18,0,384,0,0,4,0,4,255,111,22,0,388,0,0,0,388
06/22/2020,PHL,PA,AEA,EN,Combined TRACON& Tower with Radar,277,110,23,0,410,0,2,4,0,6,277,112,27,0,416,0,0,0,416
06/23/2020,PHL,PA,AEA,EN,Combined TRACON& Tower with Radar,213,34,19,0,266,0,0,3,0,3,213,34,22,0,269,0,0,0,269
06/24/2020,PHL,PA,AEA,EN,Combined TRACON& Tower with Radar,333,107,24,0,464,0,3,4,2,9,333,110,28,2,473,0,0,0,473
06/25/2020,PHL,PA,AEA,EN,Combined TRACON& Tower with Radar,344,105,26,4,479,0,4,4,1,9,344,109,30,5,488,0,0,0,488
06/26/2020,PHL,PA,AEA,EN,Combined TRACON& Tower with Radar,315,96,35,2,448,0,0,5,4,9,315,96,40,6,457,0,0,0,457
06/27/2020,PHL,PA,AEA,EN,Combined TRACON& Tower with Radar,143,40,17,0,200,0,1,3,0,4,143,41,20,0,204,0,0,0,204
06/28/2020,PHL,PA,AEA,EN,Combined TRACON& Tower with Radar,282,101,11,0,394,0,0,1,0,1,282,101,12,0,395,0,0,0,395
06/29/2020,PHL,PA,AEA,EN,Combined TRACON& Tower with Radar,296,97,21,1,415,0,2,2,2,6,296,99,23,3,421,0,0,0,421
06/30/2020,PHL,PA,AEA,EN,Combined TRACON& Tower with Radar,225,29,10,0,264,0,2,6,0,8,225,31,16,0,272,0,0,0,272
07/01/2020,PHL,PA,AEA,EN,Combined TRACON& Tower with Radar,369,110,24,0,503,0,1,3,7,11,369,111,27,7,514,0,0,0,514
07/02/2020,PHL,PA,AEA,EN,Combined TRACON& Tower with Radar,396,117,28,3,544,0,1,3,1,5,396,118,31,4,549,0,0,0,549
07/03/2020,PHL,PA,AEA,EN,Combined TRACON& Tower with Radar,358,96,16,0,470,0,0,2,0,2,358,96,18,0,472,0,0,0,472
07/04/2020,PHL,PA,AEA,EN,Combined TRACON& Tower with Radar,150,16,7,0,173,0,0,1,0,1,150,16,8,0,174,0,0,0,174
07/05/2020,PHL,PA,AEA,EN,Combined TRACON& Tower with Radar,323,105,20,0,448,0,0,3,0,3,323,105,23,0,451,0,0,0,451
07/06/2020,PHL,PA,AEA,EN,Combined TRACON& Tower with Radar,335,84,11,0,430,0,4,2,0,6,335,88,13,0,436,0,0,0,436
07/07/2020,PHL,PA,AEA,EN,Combined TRACON& Tower with Radar,463,107,26,2,598,0,1,2,0,3,463,108,28,2,601,0,0,0,601
07/08/2020,PHL,PA,AEA,EN,Combined TRACON& Tower with Radar,478,101,15,0,594,0,0,5,0,5,478,101,20,0,599,0,0,0,599
07/09/2020,PHL,PA,AEA,EN,Combined TRACON& Tower with Radar,573,143,34,3,753,0,1,4,2,7,573,144,38,5,760,0,0,0,760
07/10/2020,PHL,PA,AEA,EN,Combined TRACON& Tower with Radar,537,141,16,0,694,0,0,0,0,0,537,141,16,0,694,0,0,0,694
07/11/2020,PHL,PA,AEA,EN,Combined TRACON& Tower with Radar,425,94,18,0,537,0,0,1,0,1,425,94,19,0,538,0,0,0,538
07/12/2020,PHL,PA,AEA,EN,Combined TRACON& Tower with Radar,476,141,19,0,636,0,2,3,0,5,476,143,22,0,641,0,0,0,641
07/13/2020,PHL,PA,AEA,EN,Combined TRACON& Tower with Radar,507,151,26,0,684,0,2,4,0,6,507,153,30,0,690,0,0,0,690
07/14/2020,PHL,PA,AEA,EN,Combined TRACON& Tower with Radar,475,97,22,0,594,0,0,7,0,7,475,97,29,0,601,0,0,0,601
07/15/2020,PHL,PA,AEA,EN,Combined TRACON& Tower with Radar,466,96,30,0,592,0,1,9,2,12,466,97,39,2,604,0,0,0,604
07/16/2020,PHL,PA,AEA,EN,Combined TRACON& Tower with Radar,573,145,29,0,747,0,1,4,0,5,573,146,33,0,752,0,0,0,752
07/17/2020,PHL,PA,AEA,EN,Combined TRACON& Tower with Radar,539,154,22,1,716,0,0,5,1,6,539,154,27,2,722,0,0,0,722
07/18/2020,PHL,PA,AEA,EN,Combined TRACON& Tower with Radar,414,101,18,1,534,0,0,2,3,5,414,101,20,4,539,0,0,0,539
07/19/2020,PHL,PA,AEA,EN,Combined TRACON& Tower with Radar,495,144,16,0,655,0,0,0,0,0,495,144,16,0,655,0,0,0,655
07/20/2020,PHL,PA,AEA,EN,Combined TRACON& Tower with Radar,515,138,22,0,675,0,4,4,0,8,515,142,26,0,683,0,0,0,683
07/21/2020,PHL,PA,AEA,EN,Combined TRACON& Tower with Radar,477,90,22,0,589,0,0,7,0,7,477,90,29,0,596,0,0,0,596
07/22/2020,PHL,PA,AEA,EN,Combined TRACON& Tower with Radar,471,110,20,2,603,0,1,6,0,7,471,111,26,2,610,0,0,0,610
07/23/2020,PHL,PA,AEA,EN,Combined TRACON& Tower with Radar,575,146,23,0,744,0,3,1,0,4,575,149,24,0,748,0,0,0,748
07/24/2020,PHL,PA,AEA,EN,Combined TRACON& Tower with Radar,540,143,21,0,704,0,0,4,0,4,540,143,25,0,708,0,0,0,708
07/25/2020,PHL,PA,AEA,EN,Combined TRACON& Tower with Radar,410,89,11,0,510,0,0,1,0,1,410,89,12,0,511,0,0,0,511
07/26/2020,PHL,PA,AEA,EN,Combined TRACON& Tower with Radar,486,141,17,0,644,0,0,4,0,4,486,141,21,0,648,0,0,0,648
07/27/2020,PHL,PA,AEA,EN,Combined TRACON& Tower with Radar,484,132,12,0,628,0,3,3,1,7,484,135,15,1,635,0,0,0,635
07/28/2020,PHL,PA,AEA,EN,Combined TRACON& Tower with Radar,450,99,11,0,560,0,0,5,0,5,450,99,16,0,565,0,0,0,565
07/29/2020,PHL,PA,AEA,EN,Combined TRACON& Tower with Radar,458,100,16,0,574,0,3,14,3,20,458,103,30,3,594,0,0,0,594
07/30/2020,PHL,PA,AEA,EN,Combined TRACON& Tower with Radar,544,146,20,0,710,0,0,2,1,3,544,146,22,1,713,0,0,0,713
07/31/2020,PHL,PA,AEA,EN,Combined TRACON& Tower with Radar,497,146,30,0,673,0,0,2,0,2,497,146,32,0,675,0,0,0,675
08/01/2020,PHL,PA,AEA,EN,Combined TRACON& Tower with Radar,397,94,12,0,503,0,0,1,2,3,397,94,13,2,506,0,0,0,506
08/02/2020,PHL,PA,AEA,EN,Combined TRACON& Tower with Radar,454,133,19,0,606,0,1,6,0,7,454,134,25,0,613,0,0,0,613
08/03/2020,PHL,PA,AEA,EN,Combined TRACON& Tower with Radar,481,141,24,2,648,0,2,1,0,3,481,143,25,2,651,0,0,0,651
08/04/2020,PHL,PA,AEA,EN,Combined TRACON& Tower with Radar,359,49,9,0,417,0,0,2,20,22,359,49,11,20,439,0,0,0,439
08/05/2020,PHL,PA,AEA,EN,Combined TRACON& Tower with Radar,468,89,33,0,590,0,0,8,4,12,468,89,41,4,602,0,0,0,602
08/06/2020,PHL,PA,AEA,EN,Combined TRACON& Tower with Radar,578,149,25,0,752,0,0,6,0,6,578,149,31,0,758,0,0,0,758
08/07/2020,PHL,PA,AEA,EN,Combined TRACON& Tower with Radar,544,146,26,0,716,0,0,6,0,6,544,146,32,0,722,0,0,0,722
08/08/2020,PHL,PA,AEA,EN,Combined TRACON& Tower with Radar,416,82,19,0,517,0,0,3,0,3,416,82,22,0,520,0,0,0,520
08/09/2020,PHL,PA,AEA,EN,Combined TRACON& Tower with Radar,488,144,23,0,655,0,0,1,2,3,488,144,24,2,658,0,0,0,658
08/10/2020,PHL,PA,AEA,EN,Combined TRACON& Tower with Radar,506,149,24,0,679,0,0,1,0,1,506,149,25,0,680,0,0,0,680
08/11/2020,PHL,PA,AEA,EN,Combined TRACON& Tower with Radar,470,94,22,0,586,0,1,4,0,5,470,95,26,0,591,0,0,0,591
08/12/2020,PHL,PA,AEA,EN,Combined TRACON& Tower with Radar,471,104,25,0,600,0,0,4,0,4,471,104,29,0,604,0,0,0,604
08/13/2020,PHL,PA,AEA,EN,Combined TRACON& Tower with Radar,571,155,22,1,749,0,0,1,0,1,571,155,23,1,750,0,0,0,750
08/14/2020,PHL,PA,AEA,EN,Combined TRACON& Tower with Radar,529,146,25,5,705,0,0,1,0,1,529,146,26,5,706,0,0,0,706
08/15/2020,PHL,PA,AEA,EN,Combined TRACON& Tower with Radar,417,91,13,0,521,0,0,7,0,7,417,91,20,0,528,0,0,0,528
08/16/2020,PHL,PA,AEA,EN,Combined TRACON& Tower with Radar,491,137,20,0,648,0,0,0,0,0,491,137,20,0,648,0,0,0,648
08/17/2020,PHL,PA,AEA,EN,Combined TRACON& Tower with Radar,505,139,25,0,669,0,4,3,1,8,505,143,28,1,677,0,0,0,677
08/18/2020,PHL,PA,AEA,EN,Combined TRACON& Tower with Radar,467,97,29,0,593,0,0,5,0,5,467,97,34,0,598,0,0,0,598
08/19/2020,PHL,PA,AEA,EN,Combined TRACON& Tower with Radar,475,97,30,0,602,0,1,3,1,5,475,98,33,1,607,0,0,0,607
08/20/2020,PHL,PA,AEA,EN,Combined TRACON& Tower with Radar,583,152,20,0,755,0,2,0,0,2,583,154,20,0,757,0,0,0,757
08/21/2020,PHL,PA,AEA,EN,Combined TRACON& Tower with Radar,546,142,27,0,715,0,2,10,0,12,546,144,37,0,727,0,0,0,727
08/22/2020,PHL,PA,AEA,EN,Combined TRACON& Tower with Radar,428,104,18,0,550,0,1,6,0,7,428,105,24,0,557,0,0,0,557
08/23/2020,PHL,PA,AEA,EN,Combined TRACON& Tower with Radar,495,152,30,0,677,0,0,0,0,0,495,152,30,0,677,0,0,0,677
08/24/2020,PHL,PA,AEA,EN,Combined TRACON& Tower with Radar,512,145,28,0,685,0,1,5,2,8,512,146,33,2,693,0,0,0,693
08/25/2020,PHL,PA,AEA,EN,Combined TRACON& Tower with Radar,481,97,37,0,615,0,0,10,0,10,481,97,47,0,625,0,0,0,625
08/26/2020,PHL,PA,AEA,EN,Combined TRACON& Tower with Radar,470,113,24,2,609,0,0,5,0,5,470,113,29,2,614,0,0,0,614
08/27/2020,PHL,PA,AEA,EN,Combined TRACON& Tower with Radar,597,163,22,0,782,0,1,7,2,10,597,164,29,2,792,0,0,0,792
08/28/2020,PHL,PA,AEA,EN,Combined TRACON& Tower with Radar,535,162,19,0,716,0,2,2,3,7,535,164,21,3,723,0,0,0,723
08/29/2020,PHL,PA,AEA,EN,Combined TRACON& Tower with Radar,431,91,13,0,535,0,0,0,0,0,431,91,13,0,535,0,0,0,535
08/30/2020,PHL,PA,AEA,EN,Combined TRACON& Tower with Radar,488,153,22,0,663,0,4,2,0,6,488,157,24,0,669,0,0,0,669
08/31/2020,PHL,PA,AEA,EN,Combined TRACON& Tower with Radar,516,155,16,2,689,0,1,2,1,4,516,156,18,3,693,0,0,0,693
09/01/2020,PHL,PA,AEA,EN,Combined TRACON& Tower with Radar,472,104,43,2,621,0,0,3,0,3,472,104,46,2,624,0,0,0,624
09/02/2020,PHL,PA,AEA,EN,Combined TRACON& Tower with Radar,468,106,31,0,605,0,0,2,2,4,468,106,33,2,609,0,0,0,609
09/03/2020,PHL,PA,AEA,EN,Combined TRACON& Tower with Radar,573,161,22,0,756,0,0,1,2,3,573,161,23,2,759,0,0,0,759
09/04/2020,PHL,PA,AEA,EN,Combined TRACON& Tower with Radar,541,158,17,0,716,0,0,3,0,3,541,158,20,0,719,0,0,0,719
09/05/2020,PHL,PA,AEA,EN,Combined TRACON& Tower with Radar,396,93,26,0,515,0,0,1,0,1,396,93,27,0,516,0,0,0,516
09/06/2020,PHL,PA,AEA,EN,Combined TRACON& Tower with Radar,365,97,10,0,472,0,0,2,0,2,365,97,12,0,474,0,0,0,474
09/07/2020,PHL,PA,AEA,EN,Combined TRACON& Tower with Radar,453,149,17,0,619,0,0,5,0,5,453,149,22,0,624,0,0,0,624
09/08/2020,PHL,PA,AEA,EN,Combined TRACON& Tower with Radar,387,102,52,0,541,0,3,8,0,11,387,105,60,0,552,0,0,0,552
09/09/2020,PHL,PA,AEA,EN,Combined TRACON& Tower with Radar,400,87,46,0,533,0,2,6,5,13,400,89,52,5,546,0,0,0,546
09/10/2020,PHL,PA,AEA,EN,Combined TRACON& Tower with Radar,446,77,19,0,542,0,0,0,1,1,446,77,19,1,543,0,0,0,543
09/11/2020,PHL,PA,AEA,EN,Combined TRACON& Tower with Radar,398,79,23,9,509,0,0,11,2,13,398,79,34,11,522,0,0,0,522
09/12/2020,PHL,PA,AEA,EN,Combined TRACON& Tower with Radar,184,30,12,0,226,0,0,4,0,4,184,30,16,0,230,0,0,0,230
09/13/2020,PHL,PA,AEA,EN,Combined TRACON& Tower with Radar,344,74,17,0,435,0,0,0,0,0,344,74,17,0,435,0,0,0,435
09/14/2020,PHL,PA,AEA,EN,Combined TRACON& Tower with Radar,380,85,30,3,498,0,3,2,0,5,380,88,32,3,503,0,0,0,503
09/15/2020,PHL,PA,AEA,EN,Combined TRACON& Tower with Radar,257,27,27,3,314,0,0,9,0,9,257,27,36,3,323,0,0,0,323
09/16/2020,PHL,PA,AEA,EN,Combined TRACON& Tower with Radar,396,86,29,4,515,0,2,59,2,63,396,88,88,6,578,0,0,0,578
09/17/2020,PHL,PA,AEA,EN,Combined TRACON& Tower with Radar,442,94,30,0,566,0,0,1,0,1,442,94,31,0,567,0,0,0,567
09/18/2020,PHL,PA,AEA,EN,Combined TRACON& Tower with Radar,405,89,24,1,519,0,0,1,0,1,405,89,25,1,520,0,0,0,520
09/19/2020,PHL,PA,AEA,EN,Combined TRACON& Tower with Radar,184,26,20,0,230,0,0,2,0,2,184,26,22,0,232,0,0,0,232
09/20/2020,PHL,PA,AEA,EN,Combined TRACON& Tower with Radar,351,95,45,1,492,0,1,4,0,5,351,96,49,1,497,0,0,0,497
09/21/2020,PHL,PA,AEA,EN,Combined TRACON& Tower with Radar,373,79,18,0,470,0,0,10,0,10,373,79,28,0,480,0,0,0,480
09/22/2020,PHL,PA,AEA,EN,Combined TRACON& Tower with Radar,253,41,29,0,323,0,2,5,0,7,253,43,34,0,330,0,0,0,330
09/23/2020,PHL,PA,AEA,EN,Combined TRACON& Tower with Radar,401,110,24,0,535,0,2,3,0,5,401,112,27,0,540,0,0,0,540
09/24/2020,PHL,PA,AEA,EN,Combined TRACON& Tower with Radar,441,98,25,2,566,0,1,0,0,1,441,99,25,2,567,0,0,0,567
09/25/2020,PHL,PA,AEA,EN,Combined TRACON& Tower with Radar,418,91,20,1,530,0,0,4,3,7,418,91,24,4,537,0,0,0,537
09/26/2020,PHL,PA,AEA,EN,Combined TRACON& Tower with Radar,186,19,18,0,223,0,0,2,0,2,186,19,20,0,225,0,0,0,225
09/27/2020,PHL,PA,AEA,EN,Combined TRACON& Tower with Radar,358,110,26,0,494,0,1,0,0,1,358,111,26,0,495,0,0,0,495
09/28/2020,PHL,PA,AEA,EN,Combined TRACON& Tower with Radar,375,94,32,0,501,0,5,1,0,6,375,99,33,0,507,0,0,0,507
09/29/2020,PHL,PA,AEA,EN,Combined TRACON& Tower with Radar,256,28,20,0,304,0,0,2,0,2,256,28,22,0,306,0,0,0,306
09/30/2020,PHL,PA,AEA,EN,Combined TRACON& Tower with Radar,395,87,37,0,519,0,1,3,0,4,395,88,40,0,523,0,0,0,523
10/01/2020,PHL,PA,AEA,EN,Combined TRACON& Tower with Radar,453,91,34,0,578,0,0,0,0,0,453,91,34,0,578,0,0,0,578
10/02/2020,PHL,PA,AEA,EN,Combined TRACON& Tower with Radar,423,97,22,0,542,0,1,4,0,5,423,98,26,0,547,0,0,0,547
10/03/2020,PHL,PA,AEA,EN,Combined TRACON& Tower with Radar,186,29,11,0,226,0,0,1,1,2,186,29,12,1,228,0,0,0,228
10/04/2020,PHL,PA,AEA,EN,Combined TRACON& Tower with Radar,357,86,20,0,463,0,0,2,0,2,357,86,22,0,465,0,0,0,465
10/05/2020,PHL,PA,AEA,EN,Combined TRACON& Tower with Radar,394,72,38,1,505,0,7,2,3,12,394,79,40,4,517,0,0,0,517
10/06/2020,PHL,PA,AEA,EN,Combined TRACON& Tower with Radar,257,34,24,0,315,0,1,9,0,10,257,35,33,0,325,0,0,0,325
10/07/2020,PHL,PA,AEA,EN,Combined TRACON& Tower with Radar,445,78,17,0,540,0,3,2,1,6,445,81,19,1,546,0,0,0,546
10/08/2020,PHL,PA,AEA,EN,Combined TRACON& Tower with Radar,528,86,27,0,641,0,1,2,2,5,528,87,29,2,646,0,0,0,646
10/09/2020,PHL,PA,AEA,EN,Combined TRACON& Tower with Radar,490,65,16,0,571,0,1,3,0,4,490,66,19,0,575,0,0,0,575
10/10/2020,PHL,PA,AEA,EN,Combined TRACON& Tower with Radar,233,15,16,0,264,0,1,6,0,7,233,16,22,0,271,0,0,0,271
10/11/2020,PHL,PA,AEA,EN,Combined TRACON& Tower with Radar,436,68,20,0,524,1,0,0,0,1,437,68,20,0,525,0,0,0,525
10/12/2020,PHL,PA,AEA,EN,Combined TRACON& Tower with Radar,460,72,28,0,560,0,0,0,0,0,460,72,28,0,560,0,0,0,560
10/13/2020,PHL,PA,AEA,EN,Combined TRACON& Tower with Radar,302,31,19,0,352,0,0,1,1,2,302,31,20,1,354,0,0,0,354
10/14/2020,PHL,PA,AEA,EN,Combined TRACON& Tower with Radar,477,64,29,0,570,0,4,2,1,7,477,68,31,1,577,0,0,0,577
10/15/2020,PHL,PA,AEA,EN,Combined TRACON& Tower with Radar,528,83,47,1,659,0,2,12,0,14,528,85,59,1,673,0,0,0,673
10/16/2020,PHL,PA,AEA,EN,Combined TRACON& Tower with Radar,502,74,16,1,593,0,0,4,0,4,502,74,20,1,597,0,0,0,597
10/17/2020,PHL,PA,AEA,EN,Combined TRACON& Tower with Radar,228,29,10,0,267,0,1,6,2,9,228,30,16,2,276,0,0,0,276
10/18/2020,PHL,PA,AEA,EN,Combined TRACON& Tower with Radar,426,74,29,0,529,0,1,2,0,3,426,75,31,0,532,0,0,0,532
10/19/2020,PHL,PA,AEA,EN,Combined TRACON& Tower with Radar,461,72,34,0,567,0,2,2,2,6,461,74,36,2,573,0,0,0,573
10/20/2020,PHL,PA,AEA,EN,Combined TRACON& Tower with Radar,305,34,31,0,370,0,0,2,0,2,305,34,33,0,372,0,0,0,372
10/21/2020,PHL,PA,AEA,EN,Combined TRACON& Tower with Radar,477,82,31,3,593,0,1,2,0,3,477,83,33,3,596,0,0,0,596
10/22/2020,PHL,PA,AEA,EN,Combined TRACON& Tower with Radar,524,99,37,0,660,0,1,2,0,3,524,100,39,0,663,0,0,0,663
10/23/2020,PHL,PA,AEA,EN,Combined TRACON& Tower with Radar,489,87,25,0,601,0,0,0,0,0,489,87,25,0,601,0,0,0,601
10/24/2020,PHL,PA,AEA,EN,Combined TRACON& Tower with Radar,228,33,12,0,273,0,1,2,0,3,228,34,14,0,276,0,0,0,276
10/25/2020,PHL,PA,AEA,EN,Combined TRACON& Tower with Radar,425,78,14,2,519,0,0,1,0,1,425,78,15,2,520,0,0,0,520
10/26/2020,PHL,PA,AEA,EN,Combined TRACON& Tower with Radar,451,70,25,0,546,0,0,0,0,0,451,70,25,0,546,0,0,0,546
10/27/2020,PHL,PA,AEA,EN,Combined TRACON& Tower with Radar,301,25,31,0,357,0,2,6,0,8,301,27,37,0,365,0,0,0,365
10/28/2020,PHL,PA,AEA,EN,Combined TRACON& Tower with Radar,470,86,22,0,578,0,0,10,1,11,470,86,32,1,589,0,0,0,589
10/29/2020,PHL,PA,AEA,EN,Combined TRACON& Tower with Radar,517,72,26,0,615,0,0,0,0,0,517,72,26,0,615,0,0,0,615
10/30/2020,PHL,PA,AEA,EN,Combined TRACON& Tower with Radar,480,91,32,0,603,0,0,0,0,0,480,91,32,0,603,0,0,0,603
10/31/2020,PHL,PA,AEA,EN,Combined TRACON& Tower with Radar,188,27,21,0,236,0,0,3,0,3,188,27,24,0,239,0,0,0,239
11/01/2020,PHL,PA,AEA,EN,Combined TRACON& Tower with Radar,422,72,37,0,531,0,0,0,0,0,422,72,37,0,531,0,0,0,531
11/02/2020,PHL,PA,AEA,EN,Combined TRACON& Tower with Radar,441,80,30,4,555,0,0,5,0,5,441,80,35,4,560,0,0,0,560
11/03/2020,PHL,PA,AEA,EN,Combined TRACON& Tower with Radar,301,28,19,0,348,0,1,1,2,4,301,29,20,2,352,0,0,0,352
11/04/2020,PHL,PA,AEA,EN,Combined TRACON& Tower with Radar,274,34,35,0,343,0,0,10,2,12,274,34,45,2,355,0,0,0,355
11/05/2020,PHL,PA,AEA,EN,Combined TRACON& Tower with Radar,591,118,24,0,733,0,2,7,0,9,591,120,31,0,742,0,0,0,742
11/06/2020,PHL,PA,AEA,EN,Combined TRACON& Tower with Radar,529,120,35,0,684,0,1,6,0,7,529,121,41,0,691,0,0,0,691
11/07/2020,PHL,PA,AEA,EN,Combined TRACON& Tower with Radar,367,80,11,0,458,0,0,4,0,4,367,80,15,0,462,0,0,0,462
11/08/2020,PHL,PA,AEA,EN,Combined TRACON& Tower with Radar,478,127,19,1,625,0,2,2,0,4,478,129,21,1,629,0,0,0,629
11/09/2020,PHL,PA,AEA,EN,Combined TRACON& Tower with Radar,501,111,23,1,636,0,4,7,1,12,501,115,30,2,648,0,0,0,648
11/10/2020,PHL,PA,AEA,EN,Combined TRACON& Tower with Radar,438,81,17,1,537,0,0,5,2,7,438,81,22,3,544,0,0,0,544
11/11/2020,PHL,PA,AEA,EN,Combined TRACON& Tower with Radar,291,23,19,0,333,0,0,0,0,0,291,23,19,0,333,0,0,0,333
11/12/2020,PHL,PA,AEA,EN,Combined TRACON& Tower with Radar,579,113,26,0,718,0,0,0,0,0,579,113,26,0,718,0,0,0,718
11/13/2020,PHL,PA,AEA,EN,Combined TRACON& Tower with Radar,543,110,29,0,682,0,0,1,0,1,543,110,30,0,683,0,0,0,683
11/14/2020,PHL,PA,AEA,EN,Combined TRACON& Tower with Radar,371,86,12,0,469,0,1,4,2,7,371,87,16,2,476,0,0,0,476
11/15/2020,PHL,PA,AEA,EN,Combined TRACON& Tower with Radar,484,123,22,0,629,0,1,2,0,3,484,124,24,0,632,0,0,0,632
11/16/2020,PHL,PA,AEA,EN,Combined TRACON& Tower with Radar,508,118,31,0,657,0,4,5,0,9,508,122,36,0,666,0,0,0,666
11/17/2020,PHL,PA,AEA,EN,Combined TRACON& Tower with Radar,436,88,37,0,561,0,4,1,1,6,436,92,38,1,567,0,0,0,567
11/18/2020,PHL,PA,AEA,EN,Combined TRACON& Tower with Radar,307,28,52,0,387,0,0,10,0,10,307,28,62,0,397,0,0,0,397
11/19/2020,PHL,PA,AEA,EN,Combined TRACON& Tower with Radar,592,120,22,0,734,0,2,8,0,10,592,122,30,0,744,0,0,0,744
11/20/2020,PHL,PA,AEA,EN,Combined TRACON& Tower with Radar,560,129,34,0,723,0,1,12,0,13,560,130,46,0,736,0,0,0,736
11/21/2020,PHL,PA,AEA,EN,Combined TRACON& Tower with Radar,429,85,25,1,540,0,1,1,0,2,429,86,26,1,542,0,0,0,542
11/22/2020,PHL,PA,AEA,EN,Combined TRACON& Tower with Radar,501,123,27,0,651,0,1,2,0,3,501,124,29,0,654,0,0,0,654
11/23/2020,PHL,PA,AEA,EN,Combined TRACON& Tower with Radar,289,40,29,2,360,0,0,1,0,1,289,40,30,2,361,0,0,0,361
11/24/2020,PHL,PA,AEA,EN,Combined TRACON& Tower with Radar,592,114,31,0,737,0,3,8,1,12,592,117,39,1,749,0,0,0,749
11/25/2020,PHL,PA,AEA,EN,Combined TRACON& Tower with Radar,585,106,29,0,720,0,0,7,1,8,585,106,36,1,728,0,0,0,728
11/26/2020,PHL,PA,AEA,EN,Combined TRACON& Tower with Radar,172,15,15,0,202,0,1,2,0,3,172,16,17,0,205,0,0,0,205
11/27/2020,PHL,PA,AEA,EN,Combined TRACON& Tower with Radar,317,56,13,0,386,0,1,0,0,1,317,57,13,0,387,0,0,0,387
11/28/2020,PHL,PA,AEA,EN,Combined TRACON& Tower with Radar,511,117,16,0,644,0,1,4,0,5,511,118,20,0,649,0,0,0,649
11/29/2020,PHL,PA,AEA,EN,Combined TRACON& Tower with Radar,533,121,31,0,685,0,1,1,0,2,533,122,32,0,687,0,0,0,687
11/30/2020,PHL,PA,AEA,EN,Combined TRACON& Tower with Radar,551,121,12,0,684,0,0,0,0,0,551,121,12,0,684,0,0,0,684
12/01/2020,PHL,PA,AEA,EN,Combined TRACON& Tower with Radar,500,87,14,0,601,0,5,1,0,6,500,92,15,0,607,0,0,0,607
12/02/2020,PHL,PA,AEA,EN,Combined TRACON& Tower with Radar,315,28,21,0,364,0,2,7,0,9,315,30,28,0,373,0,0,0,373
12/03/2020,PHL,PA,AEA,EN,Combined TRACON& Tower with Radar,559,117,19,0,695,0,0,2,0,2,559,117,21,0,697,0,0,0,697
12/04/2020,PHL,PA,AEA,EN,Combined TRACON& Tower with Radar,512,122,16,0,650,0,0,2,0,2,512,122,18,0,652,0,0,0,652
12/05/2020,PHL,PA,AEA,EN,Combined TRACON& Tower with Radar,216,44,15,0,275,0,1,0,1,2,216,45,15,1,277,0,0,0,277
12/06/2020,PHL,PA,AEA,EN,Combined TRACON& Tower with Radar,445,109,22,0,576,0,2,2,0,4,445,111,24,0,580,0,0,0,580
12/07/2020,PHL,PA,AEA,EN,Combined TRACON& Tower with Radar,471,106,14,0,591,0,3,2,0,5,471,109,16,0,596,0,0,0,596
12/08/2020,PHL,PA,AEA,EN,Combined TRACON& Tower with Radar,441,78,9,0,528,0,0,0,4,4,441,78,9,4,532,0,0,0,532
12/09/2020,PHL,PA,AEA,EN,Combined TRACON& Tower with Radar,299,27,18,0,344,0,0,9,0,9,299,27,27,0,353,0,0,0,353
12/10/2020,PHL,PA,AEA,EN,Combined TRACON& Tower with Radar,563,103,14,0,680,0,1,4,1,6,563,104,18,1,686,0,0,0,686
12/11/2020,PHL,PA,AEA,EN,Combined TRACON& Tower with Radar,509,103,19,0,631,0,1,4,0,5,509,104,23,0,636,0,0,0,636
12/12/2020,PHL,PA,AEA,EN,Combined TRACON& Tower with Radar,222,39,13,0,274,0,0,2,0,2,222,39,15,0,276,0,0,0,276
12/13/2020,PHL,PA,AEA,EN,Combined TRACON& Tower with Radar,444,109,27,0,580,0,0,3,2,5,444,109,30,2,585,0,0,0,585
12/14/2020,PHL,PA,AEA,EN,Combined TRACON& Tower with Radar,478,120,19,0,617,0,0,2,0,2,478,120,21,0,619,0,0,0,619
12/15/2020,PHL,PA,AEA,EN,Combined TRACON& Tower with Radar,466,89,19,0,574,0,4,7,0,11,466,93,26,0,585,0,0,0,585
12/16/2020,PHL,PA,AEA,EN,Combined TRACON& Tower with Radar,288,14,11,0,313,0,0,0,0,0,288,14,11,0,313,0,0,0,313
12/17/2020,PHL,PA,AEA,EN,Combined TRACON& Tower with Radar,581,106,14,2,703,0,1,2,0,3,581,107,16,2,706,0,0,0,706
12/18/2020,PHL,PA,AEA,EN,Combined TRACON& Tower with Radar,611,147,19,0,777,0,0,2,2,4,611,147,21,2,781,0,0,0,781
12/19/2020,PHL,PA,AEA,EN,Combined TRACON& Tower with Radar,578,125,25,0,728,0,2,4,0,6,578,127,29,0,734,0,0,0,734
12/20/2020,PHL,PA,AEA,EN,Combined TRACON& Tower with Radar,567,124,14,0,705,0,0,0,0,0,567,124,14,0,705,0,0,0,705
12/21/2020,PHL,PA,AEA,EN,Combined TRACON& Tower with Radar,538,118,9,0,665,0,1,2,0,3,538,119,11,0,668,0,0,0,668
12/22/2020,PHL,PA,AEA,EN,Combined TRACON& Tower with Radar,608,112,18,0,738,0,0,4,0,4,608,112,22,0,742,0,0,0,742
12/23/2020,PHL,PA,AEA,EN,Combined TRACON& Tower with Radar,618,119,17,0,754,0,3,6,0,9,618,122,23,0,763,0,0,0,763
12/24/2020,PHL,PA,AEA,EN,Combined TRACON& Tower with Radar,428,86,14,0,528,0,0,0,0,0,428,86,14,0,528,0,0,0,528
12/25/2020,PHL,PA,AEA,EN,Combined TRACON& Tower with Radar,155,39,8,0,202,0,2,0,0,2,155,41,8,0,204,0,0,0,204
12/26/2020,PHL,PA,AEA,EN,Combined TRACON& Tower with Radar,448,135,34,0,617,0,0,4,0,4,448,135,38,0,621,0,0,0,621
12/27/2020,PHL,PA,AEA,EN,Combined TRACON& Tower with Radar,472,139,37,0,648,0,0,8,0,8,472,139,45,0,656,0,0,0,656
12/28/2020,PHL,PA,AEA,EN,Combined TRACON& Tower with Radar,492,132,26,0,650,0,0,6,0,6,492,132,32,0,656,0,0,0,656
12/29/2020,PHL,PA,AEA,EN,Combined TRACON& Tower with Radar,564,130,28,0,722,0,4,3,0,7,564,134,31,0,729,0,0,0,729
12/30/2020,PHL,PA,AEA,EN,Combined TRACON& Tower with Radar,557,134,21,0,712,0,0,3,0,3,557,134,24,0,715,0,0,0,715
12/31/2020,PHL,PA,AEA,EN,Combined TRACON& Tower with Radar,355,47,13,0,415,0,0,0,0,0,355,47,13,0,415,0,0,0,415
01/01/2021,PHL,PA,AEA,EN,Combined TRACON& Tower with Radar,324,89,10,0,423,0,1,1,0,2,324,90,11,0,425,0,0,0,425
01/02/2021,PHL,PA,AEA,EN,Combined TRACON& Tower with Radar,477,127,25,0,629,0,0,2,0,2,477,127,27,0,631,0,0,0,631
01/03/2021,PHL,PA,AEA,EN,Combined TRACON& Tower with Radar,497,134,33,0,664,0,0,1,0,1,497,134,34,0,665,0,0,0,665
01/04/2021,PHL,PA,AEA,EN,Combined TRACON& Tower with Radar,484,124,28,0,636,0,3,8,0,11,484,127,36,0,647,0,0,0,647
01/05/2021,PHL,PA,AEA,EN,Combined TRACON& Tower with Radar,365,61,21,0,447,0,0,3,0,3,365,61,24,0,450,0,0,0,450
01/06/2021,PHL,PA,AEA,EN,Combined TRACON& Tower with Radar,334,73,25,0,432,0,2,4,0,6,334,75,29,0,438,0,0,0,438
01/07/2021,PHL,PA,AEA,EN,Combined TRACON& Tower with Radar,476,140,25,0,641,0,0,0,0,0,476,140,25,0,641,0,0,0,641
01/08/2021,PHL,PA,AEA,EN,Combined TRACON& Tower with Radar,442,144,29,0,615,0,2,1,0,3,442,146,30,0,618,0,0,0,618
01/09/2021,PHL,PA,AEA,EN,Combined TRACON& Tower with Radar,308,102,17,0,427,0,0,1,1,2,308,102,18,1,429,0,0,0,429
01/10/2021,PHL,PA,AEA,EN,Combined TRACON& Tower with Radar,389,146,22,0,557,0,0,1,0,1,389,146,23,0,558,0,0,0,558
01/11/2021,PHL,PA,AEA,EN,Combined TRACON& Tower with Radar,406,135,24,0,565,0,4,2,2,8,406,139,26,2,573,0,0,0,573
01/12/2021,PHL,PA,AEA,EN,Combined TRACON& Tower with Radar,326,61,10,0,397,0,2,5,1,8,326,63,15,1,405,0,0,0,405
01/13/2021,PHL,PA,AEA,EN,Combined TRACON& Tower with Radar,324,61,14,2,401,0,0,8,0,8,324,61,22,2,409,0,0,0,409
01/14/2021,PHL,PA,AEA,EN,Combined TRACON& Tower with Radar,489,148,31,0,668,0,0,4,0,4,489,148,35,0,672,0,0,0,672
01/15/2021,PHL,PA,AEA,EN,Combined TRACON& Tower with Radar,447,138,28,0,613,0,0,7,0,7,447,138,35,0,620,0,0,0,620
01/16/2021,PHL,PA,AEA,EN,Combined TRACON& Tower with Radar,294,110,23,0,427,0,0,1,0,1,294,110,24,0,428,0,0,0,428
01/17/2021,PHL,PA,AEA,EN,Combined TRACON& Tower with Radar,290,72,11,0,373,0,1,4,0,5,290,73,15,0,378,0,0,0,378
01/18/2021,PHL,PA,AEA,EN,Combined TRACON& Tower with Radar,355,106,18,0,479,0,0,11,4,15,355,106,29,4,494,0,0,0,494
01/19/2021,PHL,PA,AEA,EN,Combined TRACON& Tower with Radar,324,54,27,0,405,0,0,8,2,10,324,54,35,2,415,0,0,0,415
01/20/2021,PHL,PA,AEA,EN,Combined TRACON& Tower with Radar,314,60,21,0,395,0,0,10,0,10,314,60,31,0,405,0,0,0,405
01/21/2021,PHL,PA,AEA,EN,Combined TRACON& Tower with Radar,490,147,22,0,659,0,1,5,0,6,490,148,27,0,665,0,0,0,665
01/22/2021,PHL,PA,AEA,EN,Combined TRACON& Tower with Radar,441,138,22,0,601,0,1,9,0,10,441,139,31,0,611,0,0,0,611
01/23/2021,PHL,PA,AEA,EN,Combined TRACON& Tower with Radar,309,112,14,0,435,0,1,6,0,7,309,113,20,0,442,0,0,0,442
01/24/2021,PHL,PA,AEA,EN,Combined TRACON& Tower with Radar,400,140,40,1,581,0,2,1,0,3,400,142,41,1,584,0,0,0,584
01/25/2021,PHL,PA,AEA,EN,Combined TRACON& Tower with Radar,404,143,26,0,573,0,2,2,2,6,404,145,28,2,579,0,0,0,579
01/26/2021,PHL,PA,AEA,EN,Combined TRACON& Tower with Radar,316,64,18,0,398,0,0,2,0,2,316,64,20,0,400,0,0,0,400
01/27/2021,PHL,PA,AEA,EN,Combined TRACON& Tower with Radar,318,67,30,0,415,0,0,5,0,5,318,67,35,0,420,0,0,0,420
01/28/2021,PHL,PA,AEA,EN,Combined TRACON& Tower with Radar,456,142,23,0,621,0,0,2,2,4,456,142,25,2,625,0,0,0,625
01/29/2021,PHL,PA,AEA,EN,Combined TRACON& Tower with Radar,463,148,19,0,630,0,1,0,0,1,463,149,19,0,631,0,0,0,631
01/30/2021,PHL,PA,AEA,EN,Combined TRACON& Tower with Radar,304,94,20,0,418,0,0,10,0,10,304,94,30,0,428,0,0,0,428
01/31/2021,PHL,PA,AEA,EN,Combined TRACON& Tower with Radar,360,138,27,0,525,0,0,0,0,0,360,138,27,0,525,0,0,0,525
02/01/2021,PHL,PA,AEA,EN,Combined TRACON& Tower with Radar,272,80,5,0,357,0,0,0,0,0,272,80,5,0,357,0,0,0,357
02/02/2021,PHL,PA,AEA,EN,Combined TRACON& Tower with Radar,310,50,14,0,374,0,0,0,0,0,310,50,14,0,374,0,0,0,374
02/03/2021,PHL,PA,AEA,EN,Combined TRACON& Tower with Radar,318,85,12,0,415,0,0,0,0,0,318,85,12,0,415,0,0,0,415
02/04/2021,PHL,PA,AEA,EN,Combined TRACON& Tower with Radar,478,143,11,0,632,0,0,5,1,6,478,143,16,1,638,0,0,0,638
02/05/2021,PHL,PA,AEA,EN,Combined TRACON& Tower with Radar,444,143,26,0,613,0,0,2,0,2,444,143,28,0,615,0,0,0,615
02/06/2021,PHL,PA,AEA,EN,Combined TRACON& Tower with Radar,304,103,22,0,429,0,1,3,0,4,304,104,25,0,433,0,0,0,433
02/07/2021,PHL,PA,AEA,EN,Combined TRACON& Tower with Radar,384,133,12,0,529,0,0,0,0,0,384,133,12,0,529,0,0,0,529
02/08/2021,PHL,PA,AEA,EN,Combined TRACON& Tower with Radar,415,154,49,0,618,0,2,5,0,7,415,156,54,0,625,0,0,0,625
02/09/2021,PHL,PA,AEA,EN,Combined TRACON& Tower with Radar,317,64,19,0,400,0,0,1,0,1,317,64,20,0,401,0,0,0,401
02/10/2021,PHL,PA,AEA,EN,Combined TRACON& Tower with Radar,318,83,24,0,425,0,6,3,1,10,318,89,27,1,435,0,0,0,435
02/11/2021,PHL,PA,AEA,EN,Combined TRACON& Tower with Radar,463,165,34,0,662,0,0,0,1,1,463,165,34,1,663,0,0,0,663
02/12/2021,PHL,PA,AEA,EN,Combined TRACON& Tower with Radar,452,162,25,0,639,0,0,4,0,4,452,162,29,0,643,0,0,0,643
02/13/2021,PHL,PA,AEA,EN,Combined TRACON& Tower with Radar,312,107,12,0,431,0,0,0,0,0,312,107,12,0,431,0,0,0,431
02/14/2021,PHL,PA,AEA,EN,Combined TRACON& Tower with Radar,319,132,32,0,483,0,1,1,0,2,319,133,33,0,485,0,0,0,485
02/15/2021,PHL,PA,AEA,EN,Combined TRACON& Tower with Radar,366,144,24,1,535,0,1,2,0,3,366,145,26,1,538,0,0,0,538
02/16/2021,PHL,PA,AEA,EN,Combined TRACON& Tower with Radar,282,56,17,0,355,0,0,6,0,6,282,56,23,0,361,0,0,0,361
02/17/2021,PHL,PA,AEA,EN,Combined TRACON& Tower with Radar,295,88,36,1,420,0,2,14,1,17,295,90,50,2,437,0,0,0,437
02/18/2021,PHL,PA,AEA,EN,Combined TRACON& Tower with Radar,355,83,4,0,442,0,0,0,0,0,355,83,4,0,442,0,0,0,442
02/19/2021,PHL,PA,AEA,EN,Combined TRACON& Tower with Radar,442,138,29,0,609,0,0,0,0,0,442,138,29,0,609,0,0,0,609
02/20/2021,PHL,PA,AEA,EN,Combined TRACON& Tower with Radar,330,128,16,0,474,0,1,8,0,9,330,129,24,0,483,0,0,0,483
02/21/2021,PHL,PA,AEA,EN,Combined TRACON& Tower with Radar,391,147,20,0,558,0,0,6,0,6,391,147,26,0,564,0,0,0,564
02/22/2021,PHL,PA,AEA,EN,Combined TRACON& Tower with Radar,407,143,14,0,564,0,0,0,0,0,407,143,14,0,564,0,0,0,564
02/23/2021,PHL,PA,AEA,EN,Combined TRACON& Tower with Radar,336,58,31,0,425,0,2,7,0,9,336,60,38,0,434,0,0,0,434
02/24/2021,PHL,PA,AEA,EN,Combined TRACON& Tower with Radar,325,78,35,0,438,0,0,5,0,5,325,78,40,0,443,0,0,0,443
02/25/2021,PHL,PA,AEA,EN,Combined TRACON& Tower with Radar,485,169,20,1,675,0,2,10,1,13,485,171,30,2,688,0,0,0,688
02/26/2021,PHL,PA,AEA,EN,Combined TRACON& Tower with Radar,450,150,21,0,621,0,0,5,4,9,450,150,26,4,630,0,0,0,630
02/27/2021,PHL,PA,AEA,EN,Combined TRACON& Tower with Radar,325,118,16,0,459,0,1,0,0,1,325,119,16,0,460,0,0,0,460
02/28/2021,PHL,PA,AEA,EN,Combined TRACON& Tower with Radar,395,155,31,0,581,0,0,0,0,0,395,155,31,0,581,0,0,0,581
03/01/2021,PHL,PA,AEA,EN,Combined TRACON& Tower with Radar,416,158,24,0,598,0,0,0,0,0,416,158,24,0,598,0,0,0,598
03/02/2021,PHL,PA,AEA,EN,Combined TRACON& Tower with Radar,326,63,23,2,414,0,0,4,0,4,326,63,27,2,418,0,0,0,418
03/03/2021,PHL,PA,AEA,EN,Combined TRACON& Tower with Radar,340,72,31,0,443,0,2,10,0,12,340,74,41,0,455,0,0,0,455
03/04/2021,PHL,PA,AEA,EN,Combined TRACON& Tower with Radar,496,146,36,0,678,0,4,3,1,8,496,150,39,1,686,0,0,0,686
03/05/2021,PHL,PA,AEA,EN,Combined TRACON& Tower with Radar,492,147,37,0,676,0,0,2,0,2,492,147,39,0,678,0,0,0,678
03/06/2021,PHL,PA,AEA,EN,Combined TRACON& Tower with Radar,358,121,25,1,505,0,0,3,0,3,358,121,28,1,508,0,0,0,508
03/07/2021,PHL,PA,AEA,EN,Combined TRACON& Tower with Radar,423,165,38,3,629,0,0,6,0,6,423,165,44,3,635,0,0,0,635
03/08/2021,PHL,PA,AEA,EN,Combined TRACON& Tower with Radar,456,162,30,2,650,0,3,5,0,8,456,165,35,2,658,0,0,0,658
03/09/2021,PHL,PA,AEA,EN,Combined TRACON& Tower with Radar,361,64,24,0,449,0,1,5,1,7,361,65,29,1,456,0,0,0,456
03/10/2021,PHL,PA,AEA,EN,Combined TRACON& Tower with Radar,363,73,25,2,463,0,0,3,0,3,363,73,28,2,466,0,0,0,466
03/11/2021,PHL,PA,AEA,EN,Combined TRACON& Tower with Radar,533,146,24,0,703,0,1,7,0,8,533,147,31,0,711,0,0,0,711
03/12/2021,PHL,PA,AEA,EN,Combined TRACON& Tower with Radar,493,145,35,0,673,0,0,11,0,11,493,145,46,0,684,0,0,0,684
03/13/2021,PHL,PA,AEA,EN,Combined TRACON& Tower with Radar,367,106,19,0,492,0,0,2,0,2,367,106,21,0,494,0,0,0,494
03/14/2021,PHL,PA,AEA,EN,Combined TRACON& Tower with Radar,432,151,33,0,616,0,1,2,4,7,432,152,35,4,623,0,0,0,623
03/15/2021,PHL,PA,AEA,EN,Combined TRACON& Tower with Radar,448,154,38,1,641,0,1,7,0,8,448,155,45,1,649,0,0,0,649
03/16/2021,PHL,PA,AEA,EN,Combined TRACON& Tower with Radar,389,61,25,4,479,0,4,25,6,35,389,65,50,10,514,0,0,0,514
03/17/2021,PHL,PA,AEA,EN,Combined TRACON& Tower with Radar,369,75,29,0,473,0,2,0,2,4,369,77,29,2,477,0,0,0,477
03/18/2021,PHL,PA,AEA,EN,Combined TRACON& Tower with Radar,541,168,26,0,735,0,0,0,0,0,541,168,26,0,735,0,0,0,735
03/19/2021,PHL,PA,AEA,EN,Combined TRACON& Tower with Radar,504,143,24,0,671,0,0,2,0,2,504,143,26,0,673,0,0,0,673
03/20/2021,PHL,PA,AEA,EN,Combined TRACON& Tower with Radar,372,117,25,0,514,0,0,6,0,6,372,117,31,0,520,0,0,0,520
03/21/2021,PHL,PA,AEA,EN,Combined TRACON& Tower with Radar,445,160,33,0,638,0,0,5,0,5,445,160,38,0,643,0,0,0,643
03/22/2021,PHL,PA,AEA,EN,Combined TRACON& Tower with Radar,466,138,20,0,624,0,2,8,2,12,466,140,28,2,636,0,0,0,636
03/23/2021,PHL,PA,AEA,EN,Combined TRACON& Tower with Radar,389,49,24,0,462,0,2,3,4,9,389,51,27,4,471,0,0,0,471
03/24/2021,PHL,PA,AEA,EN,Combined TRACON& Tower with Radar,376,77,29,0,482,0,0,0,0,0,376,77,29,0,482,0,0,0,482
03/25/2021,PHL,PA,AEA,EN,Combined TRACON& Tower with Radar,526,171,39,0,736,0,0,0,0,0,526,171,39,0,736,0,0,0,736
03/26/2021,PHL,PA,AEA,EN,Combined TRACON& Tower with Radar,496,167,35,0,698,0,0,0,0,0,496,167,35,0,698,0,0,0,698
03/27/2021,PHL,PA,AEA,EN,Combined TRACON& Tower with Radar,375,115,45,4,539,0,0,2,0,2,375,115,47,4,541,0,0,0,541
03/28/2021,PHL,PA,AEA,EN,Combined TRACON& Tower with Radar,456,157,37,0,650,0,0,0,0,0,456,157,37,0,650,0,0,0,650
03/29/2021,PHL,PA,AEA,EN,Combined TRACON& Tower with Radar,464,171,33,0,668,0,0,1,1,2,464,171,34,1,670,0,0,0,670
03/30/2021,PHL,PA,AEA,EN,Combined TRACON& Tower with Radar,389,63,29,2,483,0,8,3,2,13,389,71,32,4,496,0,0,0,496
03/31/2021,PHL,PA,AEA,EN,Combined TRACON& Tower with Radar,376,97,29,0,502,0,0,2,0,2,376,97,31,0,504,0,0,0,504
04/01/2021,PHL,PA,AEA,EN,Combined TRACON& Tower with Radar,528,167,22,0,717,0,0,5,0,5,528,167,27,0,722,0,0,0,722
04/02/2021,PHL,PA,AEA,EN,Combined TRACON& Tower with Radar,506,151,29,0,686,0,2,1,0,3,506,153,30,0,689,0,0,0,689
04/03/2021,PHL,PA,AEA,EN,Combined TRACON& Tower with Radar,389,132,23,2,546,0,0,3,0,3,389,132,26,2,549,0,0,0,549
04/04/2021,PHL,PA,AEA,EN,Combined TRACON& Tower with Radar,463,163,26,0,652,0,0,5,0,5,463,163,31,0,657,0,0,0,657
04/05/2021,PHL,PA,AEA,EN,Combined TRACON& Tower with Radar,480,172,48,4,704,0,0,2,0,2,480,172,50,4,706,0,0,0,706
04/06/2021,PHL,PA,AEA,EN,Combined TRACON& Tower with Radar,444,87,35,0,566,0,2,0,0,2,444,89,35,0,568,0,0,0,568
04/07/2021,PHL,PA,AEA,EN,Combined TRACON& Tower with Radar,456,105,38,0,599,0,2,2,0,4,456,107,40,0,603,0,0,0,603
04/08/2021,PHL,PA,AEA,EN,Combined TRACON& Tower with Radar,555,161,30,0,746,0,2,7,2,11,555,163,37,2,757,0,0,0,757
04/09/2021,PHL,PA,AEA,EN,Combined TRACON& Tower with Radar,517,145,22,0,684,0,0,2,0,2,517,145,24,0,686,0,0,0,686
04/10/2021,PHL,PA,AEA,EN,Combined TRACON& Tower with Radar,385,102,19,0,506,0,1,1,0,2,385,103,20,0,508,0,0,0,508
04/11/2021,PHL,PA,AEA,EN,Combined TRACON& Tower with Radar,443,157,24,0,624,0,0,0,0,0,443,157,24,0,624,0,0,0,624
04/12/2021,PHL,PA,AEA,EN,Combined TRACON& Tower with Radar,479,149,29,1,658,0,0,4,12,16,479,149,33,13,674,0,0,0,674
04/13/2021,PHL,PA,AEA,EN,Combined TRACON& Tower with Radar,432,90,27,2,551,0,4,5,4,13,432,94,32,6,564,0,0,0,564
04/14/2021,PHL,PA,AEA,EN,Combined TRACON& Tower with Radar,428,105,42,2,577,0,1,6,0,7,428,106,48,2,584,0,0,0,584
04/15/2021,PHL,PA,AEA,EN,Combined TRACON& Tower with Radar,547,147,35,0,729,0,0,1,0,1,547,147,36,0,730,0,0,0,730
04/16/2021,PHL,PA,AEA,EN,Combined TRACON& Tower with Radar,507,144,19,0,670,0,2,4,0,6,507,146,23,0,676,0,0,0,676
04/17/2021,PHL,PA,AEA,EN,Combined TRACON& Tower with Radar,383,102,21,0,506,0,0,1,0,1,383,102,22,0,507,0,0,0,507
04/18/2021,PHL,PA,AEA,EN,Combined TRACON& Tower with Radar,458,147,31,2,638,0,0,2,0,2,458,147,33,2,640,0,0,0,640
04/19/2021,PHL,PA,AEA,EN,Combined TRACON& Tower with Radar,475,149,25,0,649,0,3,5,0,8,475,152,30,0,657,0,0,0,657
04/20/2021,PHL,PA,AEA,EN,Combined TRACON& Tower with Radar,429,92,19,0,540,0,2,4,0,6,429,94,23,0,546,0,0,0,546
04/21/2021,PHL,PA,AEA,EN,Combined TRACON& Tower with Radar,432,109,30,2,573,0,0,5,2,7,432,109,35,4,580,0,0,0,580
04/22/2021,PHL,PA,AEA,EN,Combined TRACON& Tower with Radar,548,154,33,0,735,0,0,11,0,11,548,154,44,0,746,0,0,0,746
04/23/2021,PHL,PA,AEA,EN,Combined TRACON& Tower with Radar,507,149,39,0,695,0,1,7,0,8,507,150,46,0,703,0,0,0,703
04/24/2021,PHL,PA,AEA,EN,Combined TRACON& Tower with Radar,374,105,22,0,501,0,3,1,0,4,374,108,23,0,505,0,0,0,505
04/25/2021,PHL,PA,AEA,EN,Combined TRACON& Tower with Radar,456,169,35,0,660,0,0,0,0,0,456,169,35,0,660,0,0,0,660
04/26/2021,PHL,PA,AEA,EN,Combined TRACON& Tower with Radar,476,140,26,0,642,0,2,1,0,3,476,142,27,0,645,0,0,0,645
04/27/2021,PHL,PA,AEA,EN,Combined TRACON& Tower with Radar,421,87,26,0,534,0,3,6,0,9,421,90,32,0,543,0,0,0,543
04/28/2021,PHL,PA,AEA,EN,Combined TRACON& Tower with Radar,429,110,28,0,567,0,2,15,0,17,429,112,43,0,584,0,0,0,584
04/29/2021,PHL,PA,AEA,EN,Combined TRACON& Tower with Radar,543,157,39,2,741,0,0,1,3,4,543,157,40,5,745,0,0,0,745
04/30/2021,PHL,PA,AEA,EN,Combined TRACON& Tower with Radar,511,139,18,3,671,0,0,2,5,7,511,139,20,8,678,0,0,0,678
05/01/2021,PHL,PA,AEA,EN,Combined TRACON& Tower with Radar,384,121,33,0,538,0,0,0,0,0,384,121,33,0,538,0,0,0,538
05/02/2021,PHL,PA,AEA,EN,Combined TRACON& Tower with Radar,464,142,41,0,647,0,0,3,2,5,464,142,44,2,652,0,0,0,652
05/03/2021,PHL,PA,AEA,EN,Combined TRACON& Tower with Radar,469,142,37,0,648,0,2,1,0,3,469,144,38,0,651,0,0,0,651
05/04/2021,PHL,PA,AEA,EN,Combined TRACON& Tower with Radar,427,91,24,0,542,0,0,2,0,2,427,91,26,0,544,0,0,0,544
05/05/2021,PHL,PA,AEA,EN,Combined TRACON& Tower with Radar,449,113,34,0,596,0,1,0,0,1,449,114,34,0,597,0,0,0,597
05/06/2021,PHL,PA,AEA,EN,Combined TRACON& Tower with Radar,570,168,39,0,777,0,2,12,0,14,570,170,51,0,791,0,0,0,791
05/07/2021,PHL,PA,AEA,EN,Combined TRACON& Tower with Radar,551,146,31,0,728,0,0,19,0,19,551,146,50,0,747,0,0,0,747
05/08/2021,PHL,PA,AEA,EN,Combined TRACON& Tower with Radar,484,130,28,0,642,0,1,6,0,7,484,131,34,0,649,0,0,0,649
05/09/2021,PHL,PA,AEA,EN,Combined TRACON& Tower with Radar,494,138,24,0,656,0,0,4,0,4,494,138,28,0,660,0,0,0,660
05/10/2021,PHL,PA,AEA,EN,Combined TRACON& Tower with Radar,580,179,38,0,797,0,3,9,0,12,580,182,47,0,809,0,0,0,809
05/11/2021,PHL,PA,AEA,EN,Combined TRACON& Tower with Radar,584,126,23,1,734,0,0,2,2,4,584,126,25,3,738,0,0,0,738
05/12/2021,PHL,PA,AEA,EN,Combined TRACON& Tower with Radar,553,132,39,0,724,0,3,5,2,10,553,135,44,2,734,0,0,0,734
05/13/2021,PHL,PA,AEA,EN,Combined TRACON& Tower with Radar,588,161,48,0,797,0,0,0,0,0,588,161,48,0,797,0,0,0,797
05/14/2021,PHL,PA,AEA,EN,Combined TRACON& Tower with Radar,554,136,47,0,737,0,2,11,1,14,554,138,58,1,751,0,0,0,751
05/15/2021,PHL,PA,AEA,EN,Combined TRACON& Tower with Radar,485,138,38,0,661,0,1,6,0,7,485,139,44,0,668,0,0,0,668
05/16/2021,PHL,PA,AEA,EN,Combined TRACON& Tower with Radar,498,160,46,0,704,0,0,0,0,0,498,160,46,0,704,0,0,0,704
05/17/2021,PHL,PA,AEA,EN,Combined TRACON& Tower with Radar,523,141,50,0,714,0,2,7,0,9,523,143,57,0,723,0,0,0,723
05/18/2021,PHL,PA,AEA,EN,Combined TRACON& Tower with Radar,559,127,51,0,737,0,5,6,0,11,559,132,57,0,748,0,0,0,748
05/19/2021,PHL,PA,AEA,EN,Combined TRACON& Tower with Radar,552,141,58,0,751,0,0,2,0,2,552,141,60,0,753,0,0,0,753
05/20/2021,PHL,PA,AEA,EN,Combined TRACON& Tower with Radar,595,148,48,0,791,0,1,8,0,9,595,149,56,0,800,0,0,0,800
05/21/2021,PHL,PA,AEA,EN,Combined TRACON& Tower with Radar,554,143,40,0,737,0,1,9,0,10,554,144,49,0,747,0,0,0,747
05/22/2021,PHL,PA,AEA,EN,Combined TRACON& Tower with Radar,478,135,27,0,640,0,0,4,0,4,478,135,31,0,644,0,0,0,644
05/23/2021,PHL,PA,AEA,EN,Combined TRACON& Tower with Radar,501,149,40,0,690,0,0,10,0,10,501,149,50,0,700,0,0,0,700
05/24/2021,PHL,PA,AEA,EN,Combined TRACON& Tower with Radar,520,137,40,0,697,0,2,5,0,7,520,139,45,0,704,0,0,0,704
05/25/2021,PHL,PA,AEA,EN,Combined TRACON& Tower with Radar,563,117,35,0,715,0,0,7,2,9,563,117,42,2,724,0,0,0,724
05/26/2021,PHL,PA,AEA,EN,Combined TRACON& Tower with Radar,541,140,34,0,715,0,2,5,0,7,541,142,39,0,722,0,0,0,722
05/27/2021,PHL,PA,AEA,EN,Combined TRACON& Tower with Radar,614,162,48,1,825,0,2,5,2,9,614,164,53,3,834,0,0,0,834
05/28/2021,PHL,PA,AEA,EN,Combined TRACON& Tower with Radar,549,144,43,0,736,0,0,5,0,5,549,144,48,0,741,0,0,0,741
05/29/2021,PHL,PA,AEA,EN,Combined TRACON& Tower with Radar,392,101,22,0,515,0,0,0,0,0,392,101,22,0,515,0,0,0,515
05/30/2021,PHL,PA,AEA,EN,Combined TRACON& Tower with Radar,308,72,20,0,400,0,0,0,0,0,308,72,20,0,400,0,0,0,400
05/31/2021,PHL,PA,AEA,EN,Combined TRACON& Tower with Radar,422,128,32,0,582,0,2,5,0,7,422,130,37,0,589,0,0,0,589
06/01/2021,PHL,PA,AEA,EN,Combined TRACON& Tower with Radar,492,126,20,0,638,0,2,7,0,9,492,128,27,0,647,0,0,0,647
06/02/2021,PHL,PA,AEA,EN,Combined TRACON& Tower with Radar,578,158,39,2,777,0,4,27,0,31,578,162,66,2,808,0,0,0,808
06/03/2021,PHL,PA,AEA,EN,Combined TRACON& Tower with Radar,637,158,38,1,834,0,0,2,0,2,637,158,40,1,836,0,0,0,836
06/04/2021,PHL,PA,AEA,EN,Combined TRACON& Tower with Radar,685,200,32,0,917,0,0,3,0,3,685,200,35,0,920,0,0,0,920
06/05/2021,PHL,PA,AEA,EN,Combined TRACON& Tower with Radar,585,195,31,0,811,0,1,6,0,7,585,196,37,0,818,0,0,0,818
06/06/2021,PHL,PA,AEA,EN,Combined TRACON& Tower with Radar,615,180,61,0,856,0,0,6,0,6,615,180,67,0,862,0,0,0,862
06/07/2021,PHL,PA,AEA,EN,Combined TRACON& Tower with Radar,620,177,29,0,826,0,4,9,0,13,620,181,38,0,839,0,0,0,839
06/08/2021,PHL,PA,AEA,EN,Combined TRACON& Tower with Radar,671,140,49,0,860,0,0,4,0,4,671,140,53,0,864,0,0,0,864
06/09/2021,PHL,PA,AEA,EN,Combined TRACON& Tower with Radar,677,165,38,0,880,0,0,2,0,2,677,165,40,0,882,0,0,0,882
06/10/2021,PHL,PA,AEA,EN,Combined TRACON& Tower with Radar,707,155,28,0,890,0,4,9,0,13,707,159,37,0,903,0,0,0,903
06/11/2021,PHL,PA,AEA,EN,Combined TRACON& Tower with Radar,676,180,24,0,880,0,0,9,0,9,676,180,33,0,889,0,0,0,889
06/12/2021,PHL,PA,AEA,EN,Combined TRACON& Tower with Radar,580,165,21,0,766,0,0,3,0,3,580,165,24,0,769,0,0,0,769
06/13/2021,PHL,PA,AEA,EN,Combined TRACON& Tower with Radar,617,192,33,0,842,0,0,10,0,10,617,192,43,0,852,0,0,0,852
06/14/2021,PHL,PA,AEA,EN,Combined TRACON& Tower with Radar,633,164,28,0,825,0,2,6,0,8,633,166,34,0,833,0,0,0,833
06/15/2021,PHL,PA,AEA,EN,Combined TRACON& Tower with Radar,690,164,32,0,886,0,2,6,0,8,690,166,38,0,894,0,0,0,894
06/16/2021,PHL,PA,AEA,EN,Combined TRACON& Tower with Radar,687,196,48,0,931,0,0,21,2,23,687,196,69,2,954,0,0,0,954
06/17/2021,PHL,PA,AEA,EN,Combined TRACON& Tower with Radar,713,197,41,4,955,0,2,7,0,9,713,199,48,4,964,0,0,0,964
06/18/2021,PHL,PA,AEA,EN,Combined TRACON& Tower with Radar,676,174,31,1,882,0,0,5,0,5,676,174,36,1,887,0,0,0,887
06/19/2021,PHL,PA,AEA,EN,Combined TRACON& Tower with Radar,577,184,45,0,806,0,0,2,0,2,577,184,47,0,808,0,0,0,808
06/20/2021,PHL,PA,AEA,EN,Combined TRACON& Tower with Radar,617,187,48,0,852,0,0,11,0,11,617,187,59,0,863,0,0,0,863
06/21/2021,PHL,PA,AEA,EN,Combined TRACON& Tower with Radar,585,165,33,0,783,0,4,8,1,13,585,169,41,1,796,0,0,0,796
06/22/2021,PHL,PA,AEA,EN,Combined TRACON& Tower with Radar,715,163,26,0,904,0,1,0,0,1,715,164,26,0,905,0,0,0,905
06/23/2021,PHL,PA,AEA,EN,Combined TRACON& Tower with Radar,699,178,28,0,905,0,0,8,0,8,699,178,36,0,913,0,0,0,913
06/24/2021,PHL,PA,AEA,EN,Combined TRACON& Tower with Radar,700,209,37,0,946,1,7,9,0,17,701,216,46,0,963,0,0,0,963
06/25/2021,PHL,PA,AEA,EN,Combined TRACON& Tower with Radar,669,163,28,0,860,0,0,3,0,3,669,163,31,0,863,0,0,0,863
06/26/2021,PHL,PA,AEA,EN,Combined TRACON& Tower with Radar,575,183,31,1,790,0,0,3,0,3,575,183,34,1,793,0,0,0,793
06/27/2021,PHL,PA,AEA,EN,Combined TRACON& Tower with Radar,630,177,39,1,847,0,0,7,0,7,630,177,46,1,854,0,0,0,854
06/28/2021,PHL,PA,AEA,EN,Combined TRACON& Tower with Radar,635,187,15,0,837,0,4,4,1,9,635,191,19,1,846,0,0,0,846
06/29/2021,PHL,PA,AEA,EN,Combined TRACON& Tower with Radar,693,159,23,2,877,0,1,5,0,6,693,160,28,2,883,0,0,0,883
06/30/2021,PHL,PA,AEA,EN,Combined TRACON& Tower with Radar,687,185,23,2,897,0,0,0,0,0,687,185,23,2,897,0,0,0,897
07/01/2021,PHL,PA,AEA,EN,Combined TRACON& Tower with Radar,695,170,24,4,893,0,0,5,3,8,695,170,29,7,901,0,0,0,901
07/02/2021,PHL,PA,AEA,EN,Combined TRACON& Tower with Radar,677,202,32,0,911,0,0,0,0,0,677,202,32,0,911,0,0,0,911
07/03/2021,PHL,PA,AEA,EN,Combined TRACON& Tower with Radar,542,163,20,0,725,0,0,0,0,0,542,163,20,0,725,0,0,0,725
07/04/2021,PHL,PA,AEA,EN,Combined TRACON& Tower with Radar,487,107,15,0,609,0,0,4,0,4,487,107,19,0,613,0,0,0,613
07/05/2021,PHL,PA,AEA,EN,Combined TRACON& Tower with Radar,597,177,48,0,822,0,0,7,0,7,597,177,55,0,829,0,0,0,829
07/06/2021,PHL,PA,AEA,EN,Combined TRACON& Tower with Radar,629,169,31,0,829,0,7,6,0,13,629,176,37,0,842,0,0,0,842
07/07/2021,PHL,PA,AEA,EN,Combined TRACON& Tower with Radar,707,182,26,0,915,0,1,6,0,7,707,183,32,0,922,0,0,0,922
07/08/2021,PHL,PA,AEA,EN,Combined TRACON& Tower with Radar,722,182,49,0,953,0,0,1,0,1,722,182,50,0,954,0,0,0,954
07/09/2021,PHL,PA,AEA,EN,Combined TRACON& Tower with Radar,666,187,45,0,898,0,2,0,0,2,666,189,45,0,900,0,0,0,900
07/10/2021,PHL,PA,AEA,EN,Combined TRACON& Tower with Radar,584,193,33,2,812,0,0,3,1,4,584,193,36,3,816,0,0,0,816
07/11/2021,PHL,PA,AEA,EN,Combined TRACON& Tower with Radar,618,189,53,2,862,0,0,3,0,3,618,189,56,2,865,0,0,0,865
07/12/2021,PHL,PA,AEA,EN,Combined TRACON& Tower with Radar,607,186,50,2,845,0,4,7,0,11,607,190,57,2,856,0,0,0,856
07/13/2021,PHL,PA,AEA,EN,Combined TRACON& Tower with Radar,709,175,40,4,928,0,0,1,0,1,709,175,41,4,929,0,0,0,929
07/14/2021,PHL,PA,AEA,EN,Combined TRACON& Tower with Radar,699,196,71,2,968,0,0,3,1,4,699,196,74,3,972,0,0,0,972
07/15/2021,PHL,PA,AEA,EN,Combined TRACON& Tower with Radar,724,204,45,2,975,0,1,7,4,12,724,205,52,6,987,0,0,0,987
07/16/2021,PHL,PA,AEA,EN,Combined TRACON& Tower with Radar,681,205,44,0,930,0,0,7,2,9,681,205,51,2,939,0,0,0,939
07/17/2021,PHL,PA,AEA,EN,Combined TRACON& Tower with Radar,536,144,17,0,697,1,1,0,0,2,537,145,17,0,699,0,0,0,699
07/18/2021,PHL,PA,AEA,EN,Combined TRACON& Tower with Radar,637,200,39,0,876,0,0,2,0,2,637,200,41,0,878,0,0,0,878
07/19/2021,PHL,PA,AEA,EN,Combined TRACON& Tower with Radar,639,175,44,0,858,0,4,5,0,9,639,179,49,0,867,0,0,0,867
07/20/2021,PHL,PA,AEA,EN,Combined TRACON& Tower with Radar,712,184,40,2,938,0,0,7,1,8,712,184,47,3,946,0,0,0,946
07/21/2021,PHL,PA,AEA,EN,Combined TRACON& Tower with Radar,694,162,28,0,884,0,3,4,0,7,694,165,32,0,891,0,0,0,891
07/22/2021,PHL,PA,AEA,EN,Combined TRACON& Tower with Radar,718,181,41,0,940,0,2,4,2,8,718,183,45,2,948,0,0,0,948
07/23/2021,PHL,PA,AEA,EN,Combined TRACON& Tower with Radar,688,180,43,0,911,0,1,13,0,14,688,181,56,0,925,0,0,0,925
07/24/2021,PHL,PA,AEA,EN,Combined TRACON& Tower with Radar,596,174,31,0,801,0,0,1,0,1,596,174,32,0,802,0,0,0,802
07/25/2021,PHL,PA,AEA,EN,Combined TRACON& Tower with Radar,625,180,22,0,827,0,0,6,0,6,625,180,28,0,833,0,0,0,833
07/26/2021,PHL,PA,AEA,EN,Combined TRACON& Tower with Radar,651,184,43,0,878,0,1,8,1,10,651,185,51,1,888,0,0,0,888
07/27/2021,PHL,PA,AEA,EN,Combined TRACON& Tower with Radar,690,169,25,0,884,0,3,2,1,6,690,172,27,1,890,0,0,0,890
07/28/2021,PHL,PA,AEA,EN,Combined TRACON& Tower with Radar,692,191,31,0,914,0,1,16,4,21,692,192,47,4,935,0,0,0,935
07/29/2021,PHL,PA,AEA,EN,Combined TRACON& Tower with Radar,712,175,32,0,919,0,0,5,2,7,712,175,37,2,926,0,0,0,926
07/30/2021,PHL,PA,AEA,EN,Combined TRACON& Tower with Radar,683,184,20,0,887,0,6,8,0,14,683,190,28,0,901,0,0,0,901
07/31/2021,PHL,PA,AEA,EN,Combined TRACON& Tower with Radar,585,175,25,0,785,0,3,3,0,6,585,178,28,0,791,0,0,0,791
08/01/2021,PHL,PA,AEA,EN,Combined TRACON& Tower with Radar,605,193,39,0,837,0,1,7,0,8,605,194,46,0,845,0,0,0,845
08/02/2021,PHL,PA,AEA,EN,Combined TRACON& Tower with Radar,625,180,32,0,837,0,2,6,0,8,625,182,38,0,845,0,0,0,845
08/03/2021,PHL,PA,AEA,EN,Combined TRACON& Tower with Radar,675,153,39,0,867,0,0,11,0,11,675,153,50,0,878,0,0,0,878
08/04/2021,PHL,PA,AEA,EN,Combined TRACON& Tower with Radar,696,181,49,0,926,0,2,5,6,13,696,183,54,6,939,0,0,0,939
08/05/2021,PHL,PA,AEA,EN,Combined TRACON& Tower with Radar,707,160,53,0,920,0,2,7,0,9,707,162,60,0,929,0,0,0,929
08/06/2021,PHL,PA,AEA,EN,Combined TRACON& Tower with Radar,681,176,38,0,895,0,0,8,0,8,681,176,46,0,903,0,0,0,903
08/07/2021,PHL,PA,AEA,EN,Combined TRACON& Tower with Radar,589,177,29,1,796,0,2,6,0,8,589,179,35,1,804,0,0,0,804
08/08/2021,PHL,PA,AEA,EN,Combined TRACON& Tower with Radar,639,191,40,0,870,0,0,3,0,3,639,191,43,0,873,0,0,0,873
08/09/2021,PHL,PA,AEA,EN,Combined TRACON& Tower with Radar,644,201,59,0,904,0,0,2,0,2,644,201,61,0,906,0,0,0,906
08/10/2021,PHL,PA,AEA,EN,Combined TRACON& Tower with Radar,686,143,41,0,870,0,2,6,0,8,686,145,47,0,878,0,0,0,878
08/11/2021,PHL,PA,AEA,EN,Combined TRACON& Tower with Radar,677,180,36,1,894,0,6,0,3,9,677,186,36,4,903,0,0,0,903
08/12/2021,PHL,PA,AEA,EN,Combined TRACON& Tower with Radar,722,196,45,0,963,0,1,1,0,2,722,197,46,0,965,0,0,0,965
08/13/2021,PHL,PA,AEA,EN,Combined TRACON& Tower with Radar,698,165,29,2,894,0,0,2,0,2,698,165,31,2,896,0,0,0,896
08/14/2021,PHL,PA,AEA,EN,Combined TRACON& Tower with Radar,585,176,25,0,786,0,2,4,0,6,585,178,29,0,792,0,0,0,792
08/15/2021,PHL,PA,AEA,EN,Combined TRACON& Tower with Radar,623,188,35,0,846,0,0,4,0,4,623,188,39,0,850,0,0,0,850
08/16/2021,PHL,PA,AEA,EN,Combined TRACON& Tower with Radar,648,174,41,0,863,0,1,10,3,14,648,175,51,3,877,0,0,0,877
08/17/2021,PHL,PA,AEA,EN,Combined TRACON& Tower with Radar,645,143,23,2,813,0,0,6,0,6,645,143,29,2,819,0,0,0,819
08/18/2021,PHL,PA,AEA,EN,Combined TRACON& Tower with Radar,647,182,36,0,865,0,0,0,0,0,647,182,36,0,865,0,0,0,865
08/19/2021,PHL,PA,AEA,EN,Combined TRACON& Tower with Radar,699,176,43,0,918,0,1,3,0,4,699,177,46,0,922,0,0,0,922
08/20/2021,PHL,PA,AEA,EN,Combined TRACON& Tower with Radar,662,182,30,0,874,0,1,1,0,2,662,183,31,0,876,0,0,0,876
08/21/2021,PHL,PA,AEA,EN,Combined TRACON& Tower with Radar,535,167,27,0,729,0,1,1,0,2,535,168,28,0,731,0,0,0,731
08/22/2021,PHL,PA,AEA,EN,Combined TRACON& Tower with Radar,588,172,24,0,784,0,0,0,0,0,588,172,24,0,784,0,0,0,784
08/23/2021,PHL,PA,AEA,EN,Combined TRACON& Tower with Radar,624,174,30,0,828,0,0,12,2,14,624,174,42,2,842,0,0,0,842
08/24/2021,PHL,PA,AEA,EN,Combined TRACON& Tower with Radar,653,141,25,0,819,0,5,6,2,13,653,146,31,2,832,0,0,0,832
08/25/2021,PHL,PA,AEA,EN,Combined TRACON& Tower with Radar,691,173,33,0,897,0,2,0,0,2,691,175,33,0,899,0,0,0,899
08/26/2021,PHL,PA,AEA,EN,Combined TRACON& Tower with Radar,710,182,30,2,924,0,0,7,0,7,710,182,37,2,931,0,0,0,931
08/27/2021,PHL,PA,AEA,EN,Combined TRACON& Tower with Radar,661,188,29,0,878,0,2,3,3,8,661,190,32,3,886,0,0,0,886
08/28/2021,PHL,PA,AEA,EN,Combined TRACON& Tower with Radar,533,146,18,0,697,0,0,0,0,0,533,146,18,0,697,0,0,0,697
08/29/2021,PHL,PA,AEA,EN,Combined TRACON& Tower with Radar,599,173,35,4,811,0,0,4,0,4,599,173,39,4,815,0,0,0,815
08/30/2021,PHL,PA,AEA,EN,Combined TRACON& Tower with Radar,642,167,22,10,841,0,1,5,1,7,642,168,27,11,848,0,0,0,848
08/31/2021,PHL,PA,AEA,EN,Combined TRACON& Tower with Radar,670,147,25,12,854,0,4,5,0,9,670,151,30,12,863,0,0,0,863
09/01/2021,PHL,PA,AEA,EN,Combined TRACON& Tower with Radar,619,117,19,9,764,0,0,0,0,0,619,117,19,9,764,0,0,0,764
09/02/2021,PHL,PA,AEA,EN,Combined TRACON& Tower with Radar,710,176,28,11,925,0,1,8,0,9,710,177,36,11,934,0,0,0,934
09/03/2021,PHL,PA,AEA,EN,Combined TRACON& Tower with Radar,696,169,31,12,908,0,2,6,5,13,696,171,37,17,921,0,0,0,921
09/04/2021,PHL,PA,AEA,EN,Combined TRACON& Tower with Radar,542,129,23,4,698,0,0,1,0,1,542,129,24,4,699,0,0,0,699
09/05/2021,PHL,PA,AEA,EN,Combined TRACON& Tower with Radar,472,92,33,9,606,0,0,2,0,2,472,92,35,9,608,0,0,0,608
09/06/2021,PHL,PA,AEA,EN,Combined TRACON& Tower with Radar,553,140,33,8,734,0,0,2,0,2,553,140,35,8,736,0,0,0,736
09/07/2021,PHL,PA,AEA,EN,Combined TRACON& Tower with Radar,588,162,48,9,807,0,2,11,1,14,588,164,59,10,821,0,0,0,821
09/08/2021,PHL,PA,AEA,EN,Combined TRACON& Tower with Radar,625,176,46,10,857,0,0,3,0,3,625,176,49,10,860,0,0,0,860
09/09/2021,PHL,PA,AEA,EN,Combined TRACON& Tower with Radar,691,164,44,2,901,0,2,5,0,7,691,166,49,2,908,0,0,0,908
09/10/2021,PHL,PA,AEA,EN,Combined TRACON& Tower with Radar,656,169,56,3,884,0,1,5,1,7,656,170,61,4,891,0,0,0,891
09/11/2021,PHL,PA,AEA,EN,Combined TRACON& Tower with Radar,510,137,47,4,698,0,0,3,0,3,510,137,50,4,701,0,0,0,701
09/12/2021,PHL,PA,AEA,EN,Combined TRACON& Tower with Radar,595,183,54,0,832,0,0,6,0,6,595,183,60,0,838,0,0,0,838
09/13/2021,PHL,PA,AEA,EN,Combined TRACON& Tower with Radar,617,171,47,0,835,0,0,2,0,2,617,171,49,0,837,0,0,0,837
09/14/2021,PHL,PA,AEA,EN,Combined TRACON& Tower with Radar,626,144,31,0,801,0,2,24,0,26,626,146,55,0,827,0,0,0,827
09/15/2021,PHL,PA,AEA,EN,Combined TRACON& Tower with Radar,630,182,41,0,853,0,3,1,0,4,630,185,42,0,857,0,0,0,857
09/16/2021,PHL,PA,AEA,EN,Combined TRACON& Tower with Radar,699,158,36,0,893,0,0,3,0,3,699,158,39,0,896,0,0,0,896
09/17/2021,PHL,PA,AEA,EN,Combined TRACON& Tower with Radar,643,185,44,0,872,0,0,3,0,3,643,185,47,0,875,0,0,0,875
09/18/2021,PHL,PA,AEA,EN,Combined TRACON& Tower with Radar,521,137,23,0,681,0,1,4,0,5,521,138,27,0,686,0,0,0,686
09/19/2021,PHL,PA,AEA,EN,Combined TRACON& Tower with Radar,614,189,52,0,855,0,2,8,0,10,614,191,60,0,865,0,0,0,865
09/20/2021,PHL,PA,AEA,EN,Combined TRACON& Tower with Radar,615,170,31,0,816,0,0,2,4,6,615,170,33,4,822,0,0,0,822
09/21/2021,PHL,PA,AEA,EN,Combined TRACON& Tower with Radar,629,136,42,0,807,0,2,6,0,8,629,138,48,0,815,0,0,0,815
09/22/2021,PHL,PA,AEA,EN,Combined TRACON& Tower with Radar,635,182,26,1,844,0,2,3,1,6,635,184,29,2,850,0,0,0,850
09/23/2021,PHL,PA,AEA,EN,Combined TRACON& Tower with Radar,597,150,42,2,791,0,1,0,0,1,597,151,42,2,792,0,0,0,792
09/24/2021,PHL,PA,AEA,EN,Combined TRACON& Tower with Radar,661,182,42,1,886,0,0,6,0,6,661,182,48,1,892,0,0,0,892
09/25/2021,PHL,PA,AEA,EN,Combined TRACON& Tower with Radar,513,146,18,0,677,0,0,2,0,2,513,146,20,0,679,0,0,0,679
09/26/2021,PHL,PA,AEA,EN,Combined TRACON& Tower with Radar,608,178,33,0,819,0,0,2,0,2,608,178,35,0,821,0,0,0,821
09/27/2021,PHL,PA,AEA,EN,Combined TRACON& Tower with Radar,623,182,42,0,847,0,4,9,0,13,623,186,51,0,860,0,0,0,860
09/28/2021,PHL,PA,AEA,EN,Combined TRACON& Tower with Radar,630,159,44,0,833,0,0,4,0,4,630,159,48,0,837,0,0,0,837
09/29/2021,PHL,PA,AEA,EN,Combined TRACON& Tower with Radar,632,174,40,0,846,0,1,6,0,7,632,175,46,0,853,0,0,0,853
09/30/2021,PHL,PA,AEA,EN,Combined TRACON& Tower with Radar,685,201,55,0,941,0,2,11,1,14,685,203,66,1,955,0,0,0,955
10/01/2021,PHL,PA,AEA,EN,Combined TRACON& Tower with Radar,654,208,55,0,917,0,0,7,0,7,654,208,62,0,924,0,0,0,924
10/02/2021,PHL,PA,AEA,EN,Combined TRACON& Tower with Radar,533,154,42,0,729,0,0,3,0,3,533,154,45,0,732,0,0,0,732
10/03/2021,PHL,PA,AEA,EN,Combined TRACON& Tower with Radar,603,204,78,0,885,0,0,5,0,5,603,204,83,0,890,0,0,0,890
10/04/2021,PHL,PA,AEA,EN,Combined TRACON& Tower with Radar,617,190,61,0,868,0,1,3,0,4,617,191,64,0,872,0,0,0,872
10/05/2021,PHL,PA,AEA,EN,Combined TRACON& Tower with Radar,636,146,40,0,822,0,0,0,0,0,636,146,40,0,822,0,0,0,822
10/06/2021,PHL,PA,AEA,EN,Combined TRACON& Tower with Radar,637,184,35,0,856,0,0,7,1,8,637,184,42,1,864,0,0,0,864
10/07/2021,PHL,PA,AEA,EN,Combined TRACON& Tower with Radar,697,180,55,2,934,0,3,8,0,11,697,183,63,2,945,0,0,0,945
10/08/2021,PHL,PA,AEA,EN,Combined TRACON& Tower with Radar,647,169,58,0,874,0,0,8,0,8,647,169,66,0,882,0,0,0,882
10/09/2021,PHL,PA,AEA,EN,Combined TRACON& Tower with Radar,582,171,28,0,781,0,0,0,0,0,582,171,28,0,781,0,0,0,781
10/10/2021,PHL,PA,AEA,EN,Combined TRACON& Tower with Radar,620,188,59,0,867,0,0,0,0,0,620,188,59,0,867,0,0,0,867
10/11/2021,PHL,PA,AEA,EN,Combined TRACON& Tower with Radar,646,177,61,0,884,0,0,2,0,2,646,177,63,0,886,0,0,0,886
10/12/2021,PHL,PA,AEA,EN,Combined TRACON& Tower with Radar,672,144,47,2,865,0,1,0,1,2,672,145,47,3,867,0,0,0,867
10/13/2021,PHL,PA,AEA,EN,Combined TRACON& Tower with Radar,686,168,49,2,905,0,0,1,2,3,686,168,50,4,908,0,0,0,908
10/14/2021,PHL,PA,AEA,EN,Combined TRACON& Tower with Radar,726,194,66,0,986,0,2,5,0,7,726,196,71,0,993,0,0,0,993
10/15/2021,PHL,PA,AEA,EN,Combined TRACON& Tower with Radar,675,173,60,4,912,0,3,8,2,13,675,176,68,6,925,0,0,0,925
10/16/2021,PHL,PA,AEA,EN,Combined TRACON& Tower with Radar,600,155,28,0,783,0,0,7,0,7,600,155,35,0,790,0,0,0,790
10/17/2021,PHL,PA,AEA,EN,Combined TRACON& Tower with Radar,626,164,36,0,826,0,1,6,0,7,626,165,42,0,833,0,0,0,833
10/18/2021,PHL,PA,AEA,EN,Combined TRACON& Tower with Radar,639,165,36,0,840,0,2,8,0,10,639,167,44,0,850,0,0,0,850
10/19/2021,PHL,PA,AEA,EN,Combined TRACON& Tower with Radar,715,152,32,0,899,0,0,1,0,1,715,152,33,0,900,0,0,0,900
10/20/2021,PHL,PA,AEA,EN,Combined TRACON& Tower with Radar,678,153,54,0,885,0,1,8,1,10,678,154,62,1,895,0,0,0,895
10/21/2021,PHL,PA,AEA,EN,Combined TRACON& Tower with Radar,718,171,54,0,943,0,0,4,0,4,718,171,58,0,947,0,0,0,947
10/22/2021,PHL,PA,AEA,EN,Combined TRACON& Tower with Radar,675,174,56,0,905,0,2,13,1,16,675,176,69,1,921,0,0,0,921
10/23/2021,PHL,PA,AEA,EN,Combined TRACON& Tower with Radar,589,173,42,0,804,0,0,2,0,2,589,173,44,0,806,0,0,0,806
10/24/2021,PHL,PA,AEA,EN,Combined TRACON& Tower with Radar,613,203,41,0,857,0,1,1,0,2,613,204,42,0,859,0,0,0,859
10/25/2021,PHL,PA,AEA,EN,Combined TRACON& Tower with Radar,635,166,55,0,856,0,0,2,2,4,635,166,57,2,860,0,0,0,860
10/26/2021,PHL,PA,AEA,EN,Combined TRACON& Tower with Radar,673,129,36,0,838,0,0,0,0,0,673,129,36,0,838,0,0,0,838
10/27/2021,PHL,PA,AEA,EN,Combined TRACON& Tower with Radar,682,163,45,0,890,0,1,2,0,3,682,164,47,0,893,0,0,0,893
10/28/2021,PHL,PA,AEA,EN,Combined TRACON& Tower with Radar,693,177,41,0,911,0,0,9,0,9,693,177,50,0,920,0,0,0,920
10/29/2021,PHL,PA,AEA,EN,Combined TRACON& Tower with Radar,639,170,48,0,857,0,0,2,0,2,639,170,50,0,859,0,0,0,859
10/30/2021,PHL,PA,AEA,EN,Combined TRACON& Tower with Radar,501,156,38,1,696,0,0,6,0,6,501,156,44,1,702,0,0,0,702
10/31/2021,PHL,PA,AEA,EN,Combined TRACON& Tower with Radar,446,134,47,0,627,0,0,3,0,3,446,134,50,0,630,0,0,0,630
11/01/2021,PHL,PA,AEA,EN,Combined TRACON& Tower with Radar,579,173,50,0,802,0,1,15,0,16,579,174,65,0,818,0,0,0,818
11/02/2021,PHL,PA,AEA,EN,Combined TRACON& Tower with Radar,578,151,27,0,756,0,2,2,0,4,578,153,29,0,760,0,0,0,760
11/03/2021,PHL,PA,AEA,EN,Combined TRACON& Tower with Radar,607,190,37,1,835,0,6,10,1,17,607,196,47,2,852,0,0,0,852
11/04/2021,PHL,PA,AEA,EN,Combined TRACON& Tower with Radar,635,211,50,1,897,0,1,6,8,15,635,212,56,9,912,0,0,0,912
11/05/2021,PHL,PA,AEA,EN,Combined TRACON& Tower with Radar,597,207,40,0,844,0,3,8,2,13,597,210,48,2,857,0,0,0,857
11/06/2021,PHL,PA,AEA,EN,Combined TRACON& Tower with Radar,526,185,29,0,740,0,2,11,0,13,526,187,40,0,753,0,0,0,753
11/07/2021,PHL,PA,AEA,EN,Combined TRACON& Tower with Radar,529,205,50,0,784,0,2,7,0,9,529,207,57,0,793,0,0,0,793
11/08/2021,PHL,PA,AEA,EN,Combined TRACON& Tower with Radar,558,197,42,0,797,0,6,12,1,19,558,203,54,1,816,0,0,0,816
11/09/2021,PHL,PA,AEA,EN,Combined TRACON& Tower with Radar,580,149,44,0,773,0,0,17,2,19,580,149,61,2,792,0,0,0,792
11/10/2021,PHL,PA,AEA,EN,Combined TRACON& Tower with Radar,600,177,47,0,824,0,0,19,0,19,600,177,66,0,843,0,0,0,843
11/11/2021,PHL,PA,AEA,EN,Combined TRACON& Tower with Radar,618,190,58,0,866,0,0,6,2,8,618,190,64,2,874,0,0,0,874
11/12/2021,PHL,PA,AEA,EN,Combined TRACON& Tower with Radar,583,184,35,0,802,0,0,4,0,4,583,184,39,0,806,0,0,0,806
11/13/2021,PHL,PA,AEA,EN,Combined TRACON& Tower with Radar,547,189,29,1,766,0,1,10,3,14,547,190,39,4,780,0,0,0,780
11/14/2021,PHL,PA,AEA,EN,Combined TRACON& Tower with Radar,535,188,46,0,769,0,0,2,0,2,535,188,48,0,771,0,0,0,771
11/15/2021,PHL,PA,AEA,EN,Combined TRACON& Tower with Radar,560,188,31,0,779,0,0,3,0,3,560,188,34,0,782,0,0,0,782
11/16/2021,PHL,PA,AEA,EN,Combined TRACON& Tower with Radar,577,161,21,0,759,0,1,3,0,4,577,162,24,0,763,0,0,0,763
11/17/2021,PHL,PA,AEA,EN,Combined TRACON& Tower with Radar,600,171,37,0,808,0,1,5,0,6,600,172,42,0,814,0,0,0,814
11/18/2021,PHL,PA,AEA,EN,Combined TRACON& Tower with Radar,619,189,54,0,862,0,0,3,0,3,619,189,57,0,865,0,0,0,865
11/19/2021,PHL,PA,AEA,EN,Combined TRACON& Tower with Radar,603,187,45,0,835,0,1,8,1,10,603,188,53,1,845,0,0,0,845
11/20/2021,PHL,PA,AEA,EN,Combined TRACON& Tower with Radar,460,149,44,1,654,0,1,2,0,3,460,150,46,1,657,0,0,0,657
11/21/2021,PHL,PA,AEA,EN,Combined TRACON& Tower with Radar,526,205,45,3,779,0,0,4,1,5,526,205,49,4,784,0,0,0,784
11/22/2021,PHL,PA,AEA,EN,Combined TRACON& Tower with Radar,558,198,33,2,791,0,2,4,0,6,558,200,37,2,797,0,0,0,797
11/23/2021,PHL,PA,AEA,EN,Combined TRACON& Tower with Radar,642,195,41,0,878,0,1,7,2,10,642,196,48,2,888,0,0,0,888
11/24/2021,PHL,PA,AEA,EN,Combined TRACON& Tower with Radar,663,186,33,0,882,0,5,8,7,20,663,191,41,7,902,0,0,0,902
11/25/2021,PHL,PA,AEA,EN,Combined TRACON& Tower with Radar,297,82,13,0,392,0,0,4,0,4,297,82,17,0,396,0,0,0,396
11/26/2021,PHL,PA,AEA,EN,Combined TRACON& Tower with Radar,408,146,21,0,575,0,2,0,1,3,408,148,21,1,578,0,0,0,578
11/27/2021,PHL,PA,AEA,EN,Combined TRACON& Tower with Radar,579,206,39,0,824,0,0,5,0,5,579,206,44,0,829,0,0,0,829
11/28/2021,PHL,PA,AEA,EN,Combined TRACON& Tower with Radar,560,238,48,0,846,0,0,5,0,5,560,238,53,0,851,0,0,0,851
11/29/2021,PHL,PA,AEA,EN,Combined TRACON& Tower with Radar,594,200,46,2,842,0,3,7,0,10,594,203,53,2,852,0,0,0,852
11/30/2021,PHL,PA,AEA,EN,Combined TRACON& Tower with Radar,633,193,33,0,859,0,4,8,1,13,633,197,41,1,872,0,0,0,872
12/01/2021,PHL,PA,AEA,EN,Combined TRACON& Tower with Radar,616,173,45,0,834,0,0,4,5,9,616,173,49,5,843,0,0,0,843
12/02/2021,PHL,PA,AEA,EN,Combined TRACON& Tower with Radar,644,190,52,0,886,0,0,7,0,7,644,190,59,0,893,0,0,0,893
12/03/2021,PHL,PA,AEA,EN,Combined TRACON& Tower with Radar,618,179,43,3,843,0,1,6,1,8,618,180,49,4,851,0,0,0,851
12/04/2021,PHL,PA,AEA,EN,Combined TRACON& Tower with Radar,508,195,25,0,728,0,0,10,0,10,508,195,35,0,738,0,0,0,738
12/05/2021,PHL,PA,AEA,EN,Combined TRACON& Tower with Radar,530,198,51,0,779,0,1,3,3,7,530,199,54,3,786,0,0,0,786
12/06/2021,PHL,PA,AEA,EN,Combined TRACON& Tower with Radar,568,195,29,1,793,0,0,3,0,3,568,195,32,1,796,0,0,0,796
12/07/2021,PHL,PA,AEA,EN,Combined TRACON& Tower with Radar,594,169,38,0,801,0,2,7,0,9,594,171,45,0,810,0,0,0,810
12/08/2021,PHL,PA,AEA,EN,Combined TRACON& Tower with Radar,605,191,38,3,837,0,2,0,3,5,605,193,38,6,842,0,0,0,842
12/09/2021,PHL,PA,AEA,EN,Combined TRACON& Tower with Radar,645,196,33,2,876,0,0,10,2,12,645,196,43,4,888,0,0,0,888
12/10/2021,PHL,PA,AEA,EN,Combined TRACON& Tower with Radar,598,181,25,0,804,0,0,1,2,3,598,181,26,2,807,0,0,0,807
12/11/2021,PHL,PA,AEA,EN,Combined TRACON& Tower with Radar,503,164,23,0,690,0,0,3,0,3,503,164,26,0,693,0,0,0,693
12/12/2021,PHL,PA,AEA,EN,Combined TRACON& Tower with Radar,512,181,31,0,724,0,0,6,0,6,512,181,37,0,730,0,0,0,730
12/13/2021,PHL,PA,AEA,EN,Combined TRACON& Tower with Radar,568,184,49,0,801,0,0,5,2,7,568,184,54,2,808,0,0,0,808
12/14/2021,PHL,PA,AEA,EN,Combined TRACON& Tower with Radar,603,149,31,0,783,0,1,4,1,6,603,150,35,1,789,0,0,0,789
12/15/2021,PHL,PA,AEA,EN,Combined TRACON& Tower with Radar,623,193,37,0,853,0,1,8,6,15,623,194,45,6,868,0,0,0,868
12/16/2021,PHL,PA,AEA,EN,Combined TRACON& Tower with Radar,642,170,45,2,859,0,0,9,2,11,642,170,54,4,870,0,0,0,870
12/17/2021,PHL,PA,AEA,EN,Combined TRACON& Tower with Radar,671,187,60,2,920,0,0,4,2,6,671,187,64,4,926,0,0,0,926
12/18/2021,PHL,PA,AEA,EN,Combined TRACON& Tower with Radar,637,170,37,0,844,0,0,0,0,0,637,170,37,0,844,0,0,0,844
12/19/2021,PHL,PA,AEA,EN,Combined TRACON& Tower with Radar,582,187,32,0,801,0,1,0,0,1,582,188,32,0,802,0,0,0,802
12/20/2021,PHL,PA,AEA,EN,Combined TRACON& Tower with Radar,600,191,28,0,819,0,0,9,0,9,600,191,37,0,828,0,0,0,828
12/21/2021,PHL,PA,AEA,EN,Combined TRACON& Tower with Radar,666,166,26,0,858,0,2,2,2,6,666,168,28,2,864,0,0,0,864
12/22/2021,PHL,PA,AEA,EN,Combined TRACON& Tower with Radar,674,176,43,0,893,0,2,5,0,7,674,178,48,0,900,0,0,0,900
12/23/2021,PHL,PA,AEA,EN,Combined TRACON& Tower with Radar,682,180,17,0,879,0,1,4,1,6,682,181,21,1,885,0,0,0,885
12/24/2021,PHL,PA,AEA,EN,Combined TRACON& Tower with Radar,526,127,9,0,662,0,0,4,0,4,526,127,13,0,666,0,0,0,666
12/25/2021,PHL,PA,AEA,EN,Combined TRACON& Tower with Radar,448,149,16,0,613,0,0,0,0,0,448,149,16,0,613,0,0,0,613
12/26/2021,PHL,PA,AEA,EN,Combined TRACON& Tower with Radar,502,187,48,1,738,0,1,3,0,4,502,188,51,1,742,0,0,0,742
12/27/2021,PHL,PA,AEA,EN,Combined TRACON& Tower with Radar,531,183,39,1,754,0,3,1,0,4,531,186,40,1,758,0,0,0,758
12/28/2021,PHL,PA,AEA,EN,Combined TRACON& Tower with Radar,620,171,39,0,830,0,0,2,0,2,620,171,41,0,832,0,0,0,832
12/29/2021,PHL,PA,AEA,EN,Combined TRACON& Tower with Radar,638,167,24,0,829,0,0,5,0,5,638,167,29,0,834,0,0,0,834
12/30/2021,PHL,PA,AEA,EN,Combined TRACON& Tower with Radar,621,165,12,0,798,0,0,0,0,0,621,165,12,0,798,0,0,0,798
12/31/2021,PHL,PA,AEA,EN,Combined TRACON& Tower with Radar,526,127,21,0,674,0,0,0,0,0,526,127,21,0,674,0,0,0,674
01/01/2022,PHL,PA,AEA,EN,Combined TRACON& Tower with Radar,448,123,30,0,601,0,0,0,0,0,448,123,30,0,601,0,0,0,601
01/02/2022,PHL,PA,AEA,EN,Combined TRACON& Tower with Radar,499,192,64,0,755,0,0,0,0,0,499,192,64,0,755,0,0,0,755
01/03/2022,PHL,PA,AEA,EN,Combined TRACON& Tower with Radar,473,158,36,0,667,0,0,3,0,3,473,158,39,0,670,0,0,0,670
01/04/2022,PHL,PA,AEA,EN,Combined TRACON& Tower with Radar,519,132,24,1,676,0,0,5,4,9,519,132,29,5,685,0,0,0,685
01/05/2022,PHL,PA,AEA,EN,Combined TRACON& Tower with Radar,523,127,28,0,678,0,4,4,5,13,523,131,32,5,691,0,0,0,691
01/06/2022,PHL,PA,AEA,EN,Combined TRACON& Tower with Radar,564,141,31,0,736,0,2,6,0,8,564,143,37,0,744,0,0,0,744
01/07/2022,PHL,PA,AEA,EN,Combined TRACON& Tower with Radar,499,116,25,2,642,0,1,4,0,5,499,117,29,2,647,0,0,0,647
01/08/2022,PHL,PA,AEA,EN,Combined TRACON& Tower with Radar,443,117,33,0,593,0,2,5,1,8,443,119,38,1,601,0,0,0,601
01/09/2022,PHL,PA,AEA,EN,Combined TRACON& Tower with Radar,490,131,36,0,657,0,0,2,0,2,490,131,38,0,659,0,0,0,659
01/10/2022,PHL,PA,AEA,EN,Combined TRACON& Tower with Radar,477,127,31,0,635,0,3,8,0,11,477,130,39,0,646,0,0,0,646
01/11/2022,PHL,PA,AEA,EN,Combined TRACON& Tower with Radar,501,107,33,0,641,0,3,10,0,13,501,110,43,0,654,0,0,0,654
01/12/2022,PHL,PA,AEA,EN,Combined TRACON& Tower with Radar,522,110,22,0,654,0,0,10,1,11,522,110,32,1,665,0,0,0,665
01/13/2022,PHL,PA,AEA,EN,Combined TRACON& Tower with Radar,601,149,35,1,786,0,0,1,5,6,601,149,36,6,792,0,0,0,792
01/14/2022,PHL,PA,AEA,EN,Combined TRACON& Tower with Radar,568,150,38,2,758,0,1,11,2,14,568,151,49,4,772,0,0,0,772
01/15/2022,PHL,PA,AEA,EN,Combined TRACON& Tower with Radar,457,116,26,0,599,0,0,5,0,5,457,116,31,0,604,0,0,0,604
01/16/2022,PHL,PA,AEA,EN,Combined TRACON& Tower with Radar,431,115,23,2,571,0,0,10,0,10,431,115,33,2,581,0,0,0,581
01/17/2022,PHL,PA,AEA,EN,Combined TRACON& Tower with Radar,460,106,55,1,622,0,1,0,0,1,460,107,55,1,623,0,0,0,623
01/18/2022,PHL,PA,AEA,EN,Combined TRACON& Tower with Radar,506,111,45,2,664,0,0,7,0,7,506,111,52,2,671,0,0,0,671
01/19/2022,PHL,PA,AEA,EN,Combined TRACON& Tower with Radar,504,133,30,4,671,0,3,14,2,19,504,136,44,6,690,0,0,0,690
01/20/2022,PHL,PA,AEA,EN,Combined TRACON& Tower with Radar,577,157,40,0,774,0,0,1,0,1,577,157,41,0,775,0,0,0,775
01/21/2022,PHL,PA,AEA,EN,Combined TRACON& Tower with Radar,557,141,26,3,727,0,0,6,1,7,557,141,32,4,734,0,0,0,734
01/22/2022,PHL,PA,AEA,EN,Combined TRACON& Tower with Radar,447,108,20,3,578,0,0,2,2,4,447,108,22,5,582,0,0,0,582
01/23/2022,PHL,PA,AEA,EN,Combined TRACON& Tower with Radar,500,130,20,3,653,0,0,4,0,4,500,130,24,3,657,0,0,0,657
01/24/2022,PHL,PA,AEA,EN,Combined TRACON& Tower with Radar,491,115,35,3,644,0,0,3,2,5,491,115,38,5,649,0,0,0,649
01/25/2022,PHL,PA,AEA,EN,Combined TRACON& Tower with Radar,500,123,20,1,644,0,2,6,1,9,500,125,26,2,653,0,0,0,653
01/26/2022,PHL,PA,AEA,EN,Combined TRACON& Tower with Radar,511,119,30,3,663,0,0,6,3,9,511,119,36,6,672,0,0,0,672
01/27/2022,PHL,PA,AEA,EN,Combined TRACON& Tower with Radar,590,168,28,3,789,0,0,27,4,31,590,168,55,7,820,0,0,0,820
01/28/2022,PHL,PA,AEA,EN,Combined TRACON& Tower with Radar,519,132,33,1,685,0,0,0,0,0,519,132,33,1,685,0,0,0,685
01/29/2022,PHL,PA,AEA,EN,Combined TRACON& Tower with Radar,181,38,11,1,231,0,0,0,0,0,181,38,11,1,231,0,0,0,231
01/30/2022,PHL,PA,AEA,EN,Combined TRACON& Tower with Radar,463,153,34,0,650,0,1,3,0,4,463,154,37,0,654,0,0,0,654
01/31/2022,PHL,PA,AEA,EN,Combined TRACON& Tower with Radar,480,137,40,0,657,0,0,17,2,19,480,137,57,2,676,0,0,0,676
02/01/2022,PHL,PA,AEA,EN,Combined TRACON& Tower with Radar,509,117,29,0,655,0,2,3,0,5,509,119,32,0,660,0,0,0,660
02/02/2022,PHL,PA,AEA,EN,Combined TRACON& Tower with Radar,497,115,29,0,641,0,0,2,0,2,497,115,31,0,643,0,0,0,643
02/03/2022,PHL,PA,AEA,EN,Combined TRACON& Tower with Radar,496,111,34,4,645,0,0,0,0,0,496,111,34,4,645,0,0,0,645
02/04/2022,PHL,PA,AEA,EN,Combined TRACON& Tower with Radar,493,109,26,0,628,0,0,0,0,0,493,109,26,0,628,0,0,0,628
02/05/2022,PHL,PA,AEA,EN,Combined TRACON& Tower with Radar,455,141,24,0,620,0,1,5,0,6,455,142,29,0,626,0,0,0,626
02/06/2022,PHL,PA,AEA,EN,Combined TRACON& Tower with Radar,479,163,33,0,675,0,0,6,0,6,479,163,39,0,681,0,0,0,681
02/07/2022,PHL,PA,AEA,EN,Combined TRACON& Tower with Radar,521,158,37,0,716,0,0,0,0,0,521,158,37,0,716,0,0,0,716
02/08/2022,PHL,PA,AEA,EN,Combined TRACON& Tower with Radar,575,138,35,0,748,0,0,16,0,16,575,138,51,0,764,0,0,0,764
02/09/2022,PHL,PA,AEA,EN,Combined TRACON& Tower with Radar,598,145,27,0,770,0,0,6,0,6,598,145,33,0,776,0,0,0,776
02/10/2022,PHL,PA,AEA,EN,Combined TRACON& Tower with Radar,600,141,37,0,778,0,0,5,0,5,600,141,42,0,783,0,0,0,783
02/11/2022,PHL,PA,AEA,EN,Combined TRACON& Tower with Radar,585,152,23,1,761,0,1,3,5,9,585,153,26,6,770,0,0,0,770
02/12/2022,PHL,PA,AEA,EN,Combined TRACON& Tower with Radar,493,138,20,0,651,0,2,1,0,3,493,140,21,0,654,0,0,0,654
02/13/2022,PHL,PA,AEA,EN,Combined TRACON& Tower with Radar,487,146,19,1,653,0,0,0,0,0,487,146,19,1,653,0,0,0,653
02/14/2022,PHL,PA,AEA,EN,Combined TRACON& Tower with Radar,553,160,32,0,745,0,0,3,0,3,553,160,35,0,748,0,0,0,748
02/15/2022,PHL,PA,AEA,EN,Combined TRACON& Tower with Radar,573,144,34,2,753,0,3,14,0,17,573,147,48,2,770,0,0,0,770
02/16/2022,PHL,PA,AEA,EN,Combined TRACON& Tower with Radar,598,154,30,0,782,0,1,7,0,8,598,155,37,0,790,0,0,0,790
02/17/2022,PHL,PA,AEA,EN,Combined TRACON& Tower with Radar,592,171,50,0,813,0,0,7,3,10,592,171,57,3,823,0,0,0,823
02/18/2022,PHL,PA,AEA,EN,Combined TRACON& Tower with Radar,585,147,42,0,774,0,0,3,2,5,585,147,45,2,779,0,0,0,779
02/19/2022,PHL,PA,AEA,EN,Combined TRACON& Tower with Radar,469,103,18,0,590,0,2,2,0,4,469,105,20,0,594,0,0,0,594
02/20/2022,PHL,PA,AEA,EN,Combined TRACON& Tower with Radar,508,136,21,0,665,0,0,3,0,3,508,136,24,0,668,0,0,0,668
02/21/2022,PHL,PA,AEA,EN,Combined TRACON& Tower with Radar,556,171,49,0,776,0,0,3,0,3,556,171,52,0,779,0,0,0,779
02/22/2022,PHL,PA,AEA,EN,Combined TRACON& Tower with Radar,574,152,48,0,774,0,0,1,2,3,574,152,49,2,777,0,0,0,777
02/23/2022,PHL,PA,AEA,EN,Combined TRACON& Tower with Radar,593,152,29,0,774,0,0,5,0,5,593,152,34,0,779,0,0,0,779
02/24/2022,PHL,PA,AEA,EN,Combined TRACON& Tower with Radar,590,150,37,0,777,0,0,7,2,9,590,150,44,2,786,0,0,0,786
02/25/2022,PHL,PA,AEA,EN,Combined TRACON& Tower with Radar,555,136,26,0,717,0,0,0,0,0,555,136,26,0,717,0,0,0,717
02/26/2022,PHL,PA,AEA,EN,Combined TRACON& Tower with Radar,501,149,36,0,686,0,1,4,0,5,501,150,40,0,691,0,0,0,691
02/27/2022,PHL,PA,AEA,EN,Combined TRACON& Tower with Radar,521,163,43,0,727,0,2,3,0,5,521,165,46,0,732,0,0,0,732
02/28/2022,PHL,PA,AEA,EN,Combined TRACON& Tower with Radar,552,161,33,0,746,0,2,2,0,4,552,163,35,0,750,0,0,0,750
03/01/2022,PHL,PA,AEA,EN,Combined TRACON& Tower with Radar,586,145,24,0,755,0,5,8,0,13,586,150,32,0,768,0,0,0,768
03/02/2022,PHL,PA,AEA,EN,Combined TRACON& Tower with Radar,597,141,36,0,774,0,0,9,2,11,597,141,45,2,785,0,0,0,785
03/03/2022,PHL,PA,AEA,EN,Combined TRACON& Tower with Radar,598,161,44,0,803,0,1,4,0,5,598,162,48,0,808,0,0,0,808
03/04/2022,PHL,PA,AEA,EN,Combined TRACON& Tower with Radar,588,177,37,0,802,0,4,5,0,9,588,181,42,0,811,0,0,0,811
03/05/2022,PHL,PA,AEA,EN,Combined TRACON& Tower with Radar,513,155,28,0,696,0,0,3,0,3,513,155,31,0,699,0,0,0,699
03/06/2022,PHL,PA,AEA,EN,Combined TRACON& Tower with Radar,527,185,47,0,759,0,0,4,0,4,527,185,51,0,763,0,0,0,763
03/07/2022,PHL,PA,AEA,EN,Combined TRACON& Tower with Radar,564,158,31,0,753,0,0,4,0,4,564,158,35,0,757,0,0,0,757
03/08/2022,PHL,PA,AEA,EN,Combined TRACON& Tower with Radar,547,124,37,0,708,0,5,1,7,13,547,129,38,7,721,0,0,0,721
03/09/2022,PHL,PA,AEA,EN,Combined TRACON& Tower with Radar,556,124,31,0,711,0,0,0,0,0,556,124,31,0,711,0,0,0,711
03/10/2022,PHL,PA,AEA,EN,Combined TRACON& Tower with Radar,612,161,39,3,815,0,3,6,2,11,612,164,45,5,826,0,0,0,826
03/11/2022,PHL,PA,AEA,EN,Combined TRACON& Tower with Radar,587,144,25,3,759,0,0,11,4,15,587,144,36,7,774,0,0,0,774
03/12/2022,PHL,PA,AEA,EN,Combined TRACON& Tower with Radar,478,107,24,0,609,0,0,0,0,0,478,107,24,0,609,0,0,0,609
03/13/2022,PHL,PA,AEA,EN,Combined TRACON& Tower with Radar,517,185,56,0,758,0,0,4,0,4,517,185,60,0,762,0,0,0,762
03/14/2022,PHL,PA,AEA,EN,Combined TRACON& Tower with Radar,563,161,50,0,774,0,3,7,0,10,563,164,57,0,784,0,0,0,784
03/15/2022,PHL,PA,AEA,EN,Combined TRACON& Tower with Radar,546,105,25,0,676,0,0,9,0,9,546,105,34,0,685,0,0,0,685
03/16/2022,PHL,PA,AEA,EN,Combined TRACON& Tower with Radar,558,126,41,0,725,0,1,8,3,12,558,127,49,3,737,0,0,0,737
03/17/2022,PHL,PA,AEA,EN,Combined TRACON& Tower with Radar,620,167,50,0,837,0,0,0,0,0,620,167,50,0,837,0,0,0,837
03/18/2022,PHL,PA,AEA,EN,Combined TRACON& Tower with Radar,560,130,45,0,735,0,3,1,0,4,560,133,46,0,739,0,0,0,739
03/19/2022,PHL,PA,AEA,EN,Combined TRACON& Tower with Radar,520,152,25,0,697,0,0,0,0,0,520,152,25,0,697,0,0,0,697
03/20/2022,PHL,PA,AEA,EN,Combined TRACON& Tower with Radar,542,189,25,0,756,0,0,11,1,12,542,189,36,1,768,0,0,0,768
03/21/2022,PHL,PA,AEA,EN,Combined TRACON& Tower with Radar,562,154,32,0,748,0,1,9,0,10,562,155,41,0,758,0,0,0,758
03/22/2022,PHL,PA,AEA,EN,Combined TRACON& Tower with Radar,548,101,34,0,683,0,2,7,0,9,548,103,41,0,692,0,0,0,692
03/23/2022,PHL,PA,AEA,EN,Combined TRACON& Tower with Radar,574,125,37,0,736,0,0,1,2,3,574,125,38,2,739,0,0,0,739
03/24/2022,PHL,PA,AEA,EN,Combined TRACON& Tower with Radar,604,174,36,0,814,0,0,0,0,0,604,174,36,0,814,0,0,0,814
03/25/2022,PHL,PA,AEA,EN,Combined TRACON& Tower with Radar,606,180,49,0,835,0,0,9,0,9,606,180,58,0,844,0,0,0,844
03/26/2022,PHL,PA,AEA,EN,Combined TRACON& Tower with Radar,531,159,28,0,718,0,2,3,0,5,531,161,31,0,723,0,0,0,723
03/27/2022,PHL,PA,AEA,EN,Combined TRACON& Tower with Radar,550,168,48,0,766,0,0,3,2,5,550,168,51,2,771,0,0,0,771
03/28/2022,PHL,PA,AEA,EN,Combined TRACON& Tower with Radar,575,160,52,0,787,0,0,5,0,5,575,160,57,0,792,0,0,0,792
03/29/2022,PHL,PA,AEA,EN,Combined TRACON& Tower with Radar,561,115,30,0,706,0,1,16,0,17,561,116,46,0,723,0,0,0,723
03/30/2022,PHL,PA,AEA,EN,Combined TRACON& Tower with Radar,572,139,23,2,736,0,0,4,5,9,572,139,27,7,745,0,0,0,745
03/31/2022,PHL,PA,AEA,EN,Combined TRACON& Tower with Radar,601,161,38,0,800,0,0,0,0,0,601,161,38,0,800,0,0,0,800
04/01/2022,PHL,PA,AEA,EN,Combined TRACON& Tower with Radar,623,176,43,0,842,0,0,4,2,6,623,176,47,2,848,0,0,0,848
04/02/2022,PHL,PA,AEA,EN,Combined TRACON& Tower with Radar,456,172,42,0,670,0,0,11,0,11,456,172,53,0,681,0,0,0,681
04/03/2022,PHL,PA,AEA,EN,Combined TRACON& Tower with Radar,497,211,56,0,764,0,0,2,0,2,497,211,58,0,766,0,0,0,766
04/04/2022,PHL,PA,AEA,EN,Combined TRACON& Tower with Radar,537,172,47,2,758,0,3,4,1,8,537,175,51,3,766,0,0,0,766
04/05/2022,PHL,PA,AEA,EN,Combined TRACON& Tower with Radar,638,146,43,0,827,0,0,3,0,3,638,146,46,0,830,0,0,0,830
04/06/2022,PHL,PA,AEA,EN,Combined TRACON& Tower with Radar,661,159,26,0,846,0,0,1,0,1,661,159,27,0,847,0,0,0,847
04/07/2022,PHL,PA,AEA,EN,Combined TRACON& Tower with Radar,651,165,45,0,861,0,0,0,0,0,651,165,45,0,861,0,0,0,861
04/08/2022,PHL,PA,AEA,EN,Combined TRACON& Tower with Radar,670,161,60,2,893,0,1,4,2,7,670,162,64,4,900,0,0,0,900
04/09/2022,PHL,PA,AEA,EN,Combined TRACON& Tower with Radar,563,163,41,1,768,0,0,2,0,2,563,163,43,1,770,0,0,0,770
04/10/2022,PHL,PA,AEA,EN,Combined TRACON& Tower with Radar,566,171,45,0,782,0,0,4,0,4,566,171,49,0,786,0,0,0,786
04/11/2022,PHL,PA,AEA,EN,Combined TRACON& Tower with Radar,602,144,33,2,781,0,3,3,0,6,602,147,36,2,787,0,0,0,787
04/12/2022,PHL,PA,AEA,EN,Combined TRACON& Tower with Radar,650,128,33,5,816,0,0,14,0,14,650,128,47,5,830,0,0,0,830
04/13/2022,PHL,PA,AEA,EN,Combined TRACON& Tower with Radar,662,161,27,0,850,0,0,7,0,7,662,161,34,0,857,0,0,0,857
04/14/2022,PHL,PA,AEA,EN,Combined TRACON& Tower with Radar,677,164,57,0,898,0,0,0,3,3,677,164,57,3,901,0,0,0,901
04/15/2022,PHL,PA,AEA,EN,Combined TRACON& Tower with Radar,631,171,37,0,839,0,5,3,2,10,631,176,40,2,849,0,0,0,849
04/16/2022,PHL,PA,AEA,EN,Combined TRACON& Tower with Radar,570,157,12,0,739,0,0,3,0,3,570,157,15,0,742,0,0,0,742
04/17/2022,PHL,PA,AEA,EN,Combined TRACON& Tower with Radar,583,165,26,0,774,0,0,3,0,3,583,165,29,0,777,0,0,0,777
04/18/2022,PHL,PA,AEA,EN,Combined TRACON& Tower with Radar,612,176,36,0,824,0,1,9,0,10,612,177,45,0,834,0,0,0,834
04/19/2022,PHL,PA,AEA,EN,Combined TRACON& Tower with Radar,653,162,53,0,868,0,0,0,0,0,653,162,53,0,868,0,0,0,868
04/20/2022,PHL,PA,AEA,EN,Combined TRACON& Tower with Radar,658,165,44,1,868,0,0,5,5,10,658,165,49,6,878,0,0,0,878
04/21/2022,PHL,PA,AEA,EN,Combined TRACON& Tower with Radar,689,177,38,0,904,0,0,6,1,7,689,177,44,1,911,0,0,0,911
04/22/2022,PHL,PA,AEA,EN,Combined TRACON& Tower with Radar,643,158,25,1,827,0,1,5,5,11,643,159,30,6,838,0,0,0,838
04/23/2022,PHL,PA,AEA,EN,Combined TRACON& Tower with Radar,580,146,33,1,760,0,0,1,3,4,580,146,34,4,764,0,0,0,764
04/24/2022,PHL,PA,AEA,EN,Combined TRACON& Tower with Radar,590,170,53,0,813,0,0,0,0,0,590,170,53,0,813,0,0,0,813
04/25/2022,PHL,PA,AEA,EN,Combined TRACON& Tower with Radar,621,163,40,0,824,0,2,3,0,5,621,165,43,0,829,0,0,0,829
04/26/2022,PHL,PA,AEA,EN,Combined TRACON& Tower with Radar,656,156,30,0,842,0,0,0,0,0,656,156,30,0,842,0,0,0,842
04/27/2022,PHL,PA,AEA,EN,Combined TRACON& Tower with Radar,670,164,31,0,865,0,0,0,0,0,670,164,31,0,865,0,0,0,865
04/28/2022,PHL,PA,AEA,EN,Combined TRACON& Tower with Radar,693,165,39,0,897,0,0,4,0,4,693,165,43,0,901,0,0,0,901
04/29/2022,PHL,PA,AEA,EN,Combined TRACON& Tower with Radar,656,141,41,2,840,0,0,8,4,12,656,141,49,6,852,0,0,0,852
04/30/2022,PHL,PA,AEA,EN,Combined TRACON& Tower with Radar,580,146,40,1,767,0,0,3,5,8,580,146,43,6,775,0,0,0,775
05/01/2022,PHL,PA,AEA,EN,Combined TRACON& Tower with Radar,594,150,40,0,784,0,0,4,0,4,594,150,44,0,788,0,0,0,788
05/02/2022,PHL,PA,AEA,EN,Combined TRACON& Tower with Radar,622,151,38,1,812,0,0,1,2,3,622,151,39,3,815,0,0,0,815
05/03/2022,PHL,PA,AEA,EN,Combined TRACON& Tower with Radar,661,129,27,0,817,0,0,3,1,4,661,129,30,1,821,0,0,0,821
05/04/2022,PHL,PA,AEA,EN,Combined TRACON& Tower with Radar,666,154,36,0,856,0,0,0,0,0,666,154,36,0,856,0,0,0,856
05/05/2022,PHL,PA,AEA,EN,Combined TRACON& Tower with Radar,679,168,53,0,900,0,0,8,4,12,679,168,61,4,912,0,0,0,912
05/06/2022,PHL,PA,AEA,EN,Combined TRACON& Tower with Radar,624,167,35,0,826,0,0,6,0,6,624,167,41,0,832,0,0,0,832
05/07/2022,PHL,PA,AEA,EN,Combined TRACON& Tower with Radar,568,152,21,0,741,0,0,0,0,0,568,152,21,0,741,0,0,0,741
05/08/2022,PHL,PA,AEA,EN,Combined TRACON& Tower with Radar,591,174,34,1,800,1,0,1,1,3,592,174,35,2,803,0,0,0,803
05/09/2022,PHL,PA,AEA,EN,Combined TRACON& Tower with Radar,607,166,43,3,819,0,2,11,0,13,607,168,54,3,832,0,0,0,832
05/10/2022,PHL,PA,AEA,EN,Combined TRACON& Tower with Radar,662,151,47,1,861,0,2,1,1,4,662,153,48,2,865,0,0,0,865
05/11/2022,PHL,PA,AEA,EN,Combined TRACON& Tower with Radar,657,157,33,0,847,0,4,6,2,12,657,161,39,2,859,0,0,0,859
05/12/2022,PHL,PA,AEA,EN,Combined TRACON& Tower with Radar,670,170,60,0,900,0,2,14,0,16,670,172,74,0,916,0,0,0,916
05/13/2022,PHL,PA,AEA,EN,Combined TRACON& Tower with Radar,643,181,42,2,868,0,0,0,0,0,643,181,42,2,868,0,0,0,868
05/14/2022,PHL,PA,AEA,EN,Combined TRACON& Tower with Radar,544,170,32,0,746,0,0,0,0,0,544,170,32,0,746,0,0,0,746
05/15/2022,PHL,PA,AEA,EN,Combined TRACON& Tower with Radar,599,199,62,2,862,0,0,0,0,0,599,199,62,2,862,0,0,0,862
05/16/2022,PHL,PA,AEA,EN,Combined TRACON& Tower with Radar,556,127,52,0,735,0,2,2,1,5,556,129,54,1,740,0,0,0,740
05/17/2022,PHL,PA,AEA,EN,Combined TRACON& Tower with Radar,642,172,52,0,866,0,0,2,0,2,642,172,54,0,868,0,0,0,868
05/18/2022,PHL,PA,AEA,EN,Combined TRACON& Tower with Radar,652,143,34,2,831,0,4,3,2,9,652,147,37,4,840,0,0,0,840
05/19/2022,PHL,PA,AEA,EN,Combined TRACON& Tower with Radar,697,154,45,0,896,0,1,11,0,12,697,155,56,0,908,0,0,0,908
05/20/2022,PHL,PA,AEA,EN,Combined TRACON& Tower with Radar,624,155,26,2,807,0,0,3,0,3,624,155,29,2,810,0,0,0,810
05/21/2022,PHL,PA,AEA,EN,Combined TRACON& Tower with Radar,563,166,28,0,757,0,0,1,0,1,563,166,29,0,758,0,0,0,758
05/22/2022,PHL,PA,AEA,EN,Combined TRACON& Tower with Radar,543,159,30,0,732,0,0,4,0,4,543,159,34,0,736,0,0,0,736
05/23/2022,PHL,PA,AEA,EN,Combined TRACON& Tower with Radar,587,153,37,0,777,0,0,8,0,8,587,153,45,0,785,0,0,0,785
05/24/2022,PHL,PA,AEA,EN,Combined TRACON& Tower with Radar,646,135,30,0,811,0,0,7,0,7,646,135,37,0,818,0,0,0,818
05/25/2022,PHL,PA,AEA,EN,Combined TRACON& Tower with Radar,652,156,42,0,850,0,3,8,1,12,652,159,50,1,862,0,0,0,862
05/26/2022,PHL,PA,AEA,EN,Combined TRACON& Tower with Radar,680,173,61,1,915,0,2,10,2,14,680,175,71,3,929,0,0,0,929
05/27/2022,PHL,PA,AEA,EN,Combined TRACON& Tower with Radar,611,168,26,0,805,0,0,2,0,2,611,168,28,0,807,0,0,0,807
05/28/2022,PHL,PA,AEA,EN,Combined TRACON& Tower with Radar,559,137,33,0,729,0,0,1,0,1,559,137,34,0,730,0,0,0,730
05/29/2022,PHL,PA,AEA,EN,Combined TRACON& Tower with Radar,559,132,12,0,703,0,0,5,0,5,559,132,17,0,708,0,0,0,708
05/30/2022,PHL,PA,AEA,EN,Combined TRACON& Tower with Radar,576,151,23,0,750,0,1,2,0,3,576,152,25,0,753,0,0,0,753
05/31/2022,PHL,PA,AEA,EN,Combined TRACON& Tower with Radar,592,137,46,0,775,0,4,9,0,13,592,141,55,0,788,0,0,0,788
06/01/2022,PHL,PA,AEA,EN,Combined TRACON& Tower with Radar,653,150,40,0,843,0,0,4,0,4,653,150,44,0,847,0,0,0,847
06/02/2022,PHL,PA,AEA,EN,Combined TRACON& Tower with Radar,632,146,40,0,818,0,0,6,0,6,632,146,46,0,824,0,0,0,824
06/03/2022,PHL,PA,AEA,EN,Combined TRACON& Tower with Radar,643,150,31,0,824,0,0,11,0,11,643,150,42,0,835,0,0,0,835
06/04/2022,PHL,PA,AEA,EN,Combined TRACON& Tower with Radar,553,134,37,0,724,0,0,2,0,2,553,134,39,0,726,0,0,0,726
06/05/2022,PHL,PA,AEA,EN,Combined TRACON& Tower with Radar,594,155,30,0,779,0,1,6,2,9,594,156,36,2,788,0,0,0,788
06/06/2022,PHL,PA,AEA,EN,Combined TRACON& Tower with Radar,617,136,38,0,791,0,2,7,0,9,617,138,45,0,800,0,0,0,800
06/07/2022,PHL,PA,AEA,EN,Combined TRACON& Tower with Radar,670,128,39,0,837,0,0,10,2,12,670,128,49,2,849,0,0,0,849
06/08/2022,PHL,PA,AEA,EN,Combined TRACON& Tower with Radar,662,153,47,1,863,0,0,10,1,11,662,153,57,2,874,0,0,0,874
06/09/2022,PHL,PA,AEA,EN,Combined TRACON& Tower with Radar,711,153,42,0,906,0,0,3,0,3,711,153,45,0,909,0,0,0,909
06/10/2022,PHL,PA,AEA,EN,Combined TRACON& Tower with Radar,643,162,31,2,838,0,2,4,0,6,643,164,35,2,844,0,0,0,844
06/11/2022,PHL,PA,AEA,EN,Combined TRACON& Tower with Radar,588,129,28,0,745,0,0,8,0,8,588,129,36,0,753,0,0,0,753
06/12/2022,PHL,PA,AEA,EN,Combined TRACON& Tower with Radar,594,165,43,0,802,0,0,12,0,12,594,165,55,0,814,0,0,0,814
06/13/2022,PHL,PA,AEA,EN,Combined TRACON& Tower with Radar,625,150,36,1,812,0,0,3,0,3,625,150,39,1,815,0,0,0,815
06/14/2022,PHL,PA,AEA,EN,Combined TRACON& Tower with Radar,675,112,21,5,813,0,1,11,3,15,675,113,32,8,828,0,0,0,828
06/15/2022,PHL,PA,AEA,EN,Combined TRACON& Tower with Radar,678,149,51,0,878,0,2,2,2,6,678,151,53,2,884,0,0,0,884
06/16/2022,PHL,PA,AEA,EN,Combined TRACON& Tower with Radar,635,139,40,0,814,0,0,7,0,7,635,139,47,0,821,0,0,0,821
06/17/2022,PHL,PA,AEA,EN,Combined TRACON& Tower with Radar,639,133,36,0,808,0,2,2,4,8,639,135,38,4,816,0,0,0,816
06/18/2022,PHL,PA,AEA,EN,Combined TRACON& Tower with Radar,582,159,35,0,776,0,1,4,0,5,582,160,39,0,781,0,0,0,781
06/19/2022,PHL,PA,AEA,EN,Combined TRACON& Tower with Radar,578,134,33,1,746,0,2,3,0,5,578,136,36,1,751,0,0,0,751
06/20/2022,PHL,PA,AEA,EN,Combined TRACON& Tower with Radar,621,133,31,0,785,0,0,3,0,3,621,133,34,0,788,0,0,0,788
06/21/2022,PHL,PA,AEA,EN,Combined TRACON& Tower with Radar,667,132,43,0,842,0,2,7,0,9,667,134,50,0,851,0,0,0,851
06/22/2022,PHL,PA,AEA,EN,Combined TRACON& Tower with Radar,568,121,40,0,729,0,0,1,0,1,568,121,41,0,730,0,0,0,730
06/23/2022,PHL,PA,AEA,EN,Combined TRACON& Tower with Radar,692,161,41,0,894,0,1,1,2,4,692,162,42,2,898,0,0,0,898
06/24/2022,PHL,PA,AEA,EN,Combined TRACON& Tower with Radar,639,150,38,0,827,0,0,3,0,3,639,150,41,0,830,0,0,0,830
06/25/2022,PHL,PA,AEA,EN,Combined TRACON& Tower with Radar,593,140,26,0,759,0,4,1,0,5,593,144,27,0,764,0,0,0,764
06/26/2022,PHL,PA,AEA,EN,Combined TRACON& Tower with Radar,592,145,51,0,788,0,0,6,0,6,592,145,57,0,794,0,0,0,794
06/27/2022,PHL,PA,AEA,EN,Combined TRACON& Tower with Radar,624,133,31,0,788,0,0,2,0,2,624,133,33,0,790,0,0,0,790
06/28/2022,PHL,PA,AEA,EN,Combined TRACON& Tower with Radar,664,137,28,0,829,0,0,3,0,3,664,137,31,0,832,0,0,0,832
06/29/2022,PHL,PA,AEA,EN,Combined TRACON& Tower with Radar,686,145,34,0,865,1,2,9,0,12,687,147,43,0,877,0,0,0,877
06/30/2022,PHL,PA,AEA,EN,Combined TRACON& Tower with Radar,668,145,34,2,849,0,1,5,1,7,668,146,39,3,856,0,0,0,856
07/01/2022,PHL,PA,AEA,EN,Combined TRACON& Tower with Radar,643,157,32,0,832,0,6,8,0,14,643,163,40,0,846,0,0,0,846
07/02/2022,PHL,PA,AEA,EN,Combined TRACON& Tower with Radar,562,111,14,0,687,0,2,7,0,9,562,113,21,0,696,0,0,0,696
07/03/2022,PHL,PA,AEA,EN,Combined TRACON& Tower with Radar,518,111,6,0,635,0,0,1,0,1,518,111,7,0,636,0,0,0,636
07/04/2022,PHL,PA,AEA,EN,Combined TRACON& Tower with Radar,574,130,9,0,713,0,0,5,0,5,574,130,14,0,718,0,0,0,718
07/05/2022,PHL,PA,AEA,EN,Combined TRACON& Tower with Radar,578,117,20,0,715,0,2,0,2,4,578,119,20,2,719,0,0,0,719
07/06/2022,PHL,PA,AEA,EN,Combined TRACON& Tower with Radar,671,149,25,0,845,0,2,6,4,12,671,151,31,4,857,0,0,0,857
07/07/2022,PHL,PA,AEA,EN,Combined TRACON& Tower with Radar,679,149,30,0,858,0,0,1,0,1,679,149,31,0,859,0,0,0,859
07/08/2022,PHL,PA,AEA,EN,Combined TRACON& Tower with Radar,657,158,23,0,838,0,1,6,0,7,657,159,29,0,845,0,0,0,845
07/09/2022,PHL,PA,AEA,EN,Combined TRACON& Tower with Radar,587,140,26,0,753,0,1,3,0,4,587,141,29,0,757,0,0,0,757
07/10/2022,PHL,PA,AEA,EN,Combined TRACON& Tower with Radar,601,160,36,0,797,0,0,4,0,4,601,160,40,0,801,0,0,0,801
07/11/2022,PHL,PA,AEA,EN,Combined TRACON& Tower with Radar,628,154,33,0,815,0,2,6,0,8,628,156,39,0,823,0,0,0,823
07/12/2022,PHL,PA,AEA,EN,Combined TRACON& Tower with Radar,664,117,52,0,833,0,0,7,2,9,664,117,59,2,842,0,0,0,842
07/13/2022,PHL,PA,AEA,EN,Combined TRACON& Tower with Radar,671,161,48,0,880,0,0,2,0,2,671,161,50,0,882,0,0,0,882
07/14/2022,PHL,PA,AEA,EN,Combined TRACON& Tower with Radar,676,163,40,0,879,0,0,4,1,5,676,163,44,1,884,0,0,0,884
07/15/2022,PHL,PA,AEA,EN,Combined TRACON& Tower with Radar,657,167,35,3,862,0,2,6,0,8,657,169,41,3,870,0,0,0,870
07/16/2022,PHL,PA,AEA,EN,Combined TRACON& Tower with Radar,599,151,16,15,781,0,0,4,6,10,599,151,20,21,791,0,0,0,791
07/17/2022,PHL,PA,AEA,EN,Combined TRACON& Tower with Radar,596,167,19,1,783,0,0,6,0,6,596,167,25,1,789,0,0,0,789
07/18/2022,PHL,PA,AEA,EN,Combined TRACON& Tower with Radar,633,166,36,0,835,0,0,1,0,1,633,166,37,0,836,0,0,0,836
07/19/2022,PHL,PA,AEA,EN,Combined TRACON& Tower with Radar,671,145,28,0,844,0,6,10,2,18,671,151,38,2,862,0,0,0,862
07/20/2022,PHL,PA,AEA,EN,Combined TRACON& Tower with Radar,675,148,36,1,860,0,0,6,2,8,675,148,42,3,868,0,0,0,868
07/21/2022,PHL,PA,AEA,EN,Combined TRACON& Tower with Radar,721,158,40,0,919,0,0,3,3,6,721,158,43,3,925,0,0,0,925
07/22/2022,PHL,PA,AEA,EN,Combined TRACON& Tower with Radar,673,156,41,1,871,0,2,8,2,12,673,158,49,3,883,0,0,0,883
07/23/2022,PHL,PA,AEA,EN,Combined TRACON& Tower with Radar,580,140,19,0,739,0,1,2,2,5,580,141,21,2,744,0,0,0,744
07/24/2022,PHL,PA,AEA,EN,Combined TRACON& Tower with Radar,590,160,30,0,780,0,0,5,0,5,590,160,35,0,785,0,0,0,785
07/25/2022,PHL,PA,AEA,EN,Combined TRACON& Tower with Radar,615,147,42,0,804,0,3,3,0,6,615,150,45,0,810,0,0,0,810
07/26/2022,PHL,PA,AEA,EN,Combined TRACON& Tower with Radar,656,113,40,0,809,0,4,13,7,24,656,117,53,7,833,0,0,0,833
07/27/2022,PHL,PA,AEA,EN,Combined TRACON& Tower with Radar,678,160,56,0,894,0,0,5,8,13,678,160,61,8,907,0,0,0,907
07/28/2022,PHL,PA,AEA,EN,Combined TRACON& Tower with Radar,680,177,32,0,889,0,0,3,12,15,680,177,35,12,904,0,0,0,904
07/29/2022,PHL,PA,AEA,EN,Combined TRACON& Tower with Radar,660,153,25,0,838,0,0,4,1,5,660,153,29,1,843,0,0,0,843
07/30/2022,PHL,PA,AEA,EN,Combined TRACON& Tower with Radar,591,146,15,0,752,0,0,6,0,6,591,146,21,0,758,0,0,0,758
07/31/2022,PHL,PA,AEA,EN,Combined TRACON& Tower with Radar,594,165,35,0,794,0,0,4,0,4,594,165,39,0,798,0,0,0,798
08/01/2022,PHL,PA,AEA,EN,Combined TRACON& Tower with Radar,614,152,34,0,800,0,0,2,0,2,614,152,36,0,802,0,0,0,802
08/02/2022,PHL,PA,AEA,EN,Combined TRACON& Tower with Radar,669,134,41,4,848,0,2,8,1,11,669,136,49,5,859,0,0,0,859
08/03/2022,PHL,PA,AEA,EN,Combined TRACON& Tower with Radar,656,146,37,0,839,0,0,8,0,8,656,146,45,0,847,0,0,0,847
08/04/2022,PHL,PA,AEA,EN,Combined TRACON& Tower with Radar,595,159,48,0,802,0,1,17,0,18,595,160,65,0,820,0,0,0,820
08/05/2022,PHL,PA,AEA,EN,Combined TRACON& Tower with Radar,590,147,30,0,767,0,0,5,0,5,590,147,35,0,772,0,0,0,772
08/06/2022,PHL,PA,AEA,EN,Combined TRACON& Tower with Radar,548,142,25,0,715,0,0,5,1,6,548,142,30,1,721,0,0,0,721
08/07/2022,PHL,PA,AEA,EN,Combined TRACON& Tower with Radar,575,135,25,0,735,0,1,0,0,1,575,136,25,0,736,0,0,0,736
08/08/2022,PHL,PA,AEA,EN,Combined TRACON& Tower with Radar,591,145,37,0,773,0,1,5,0,6,591,146,42,0,779,0,0,0,779
08/09/2022,PHL,PA,AEA,EN,Combined TRACON& Tower with Radar,643,122,29,0,794,0,1,8,0,9,643,123,37,0,803,0,0,0,803
08/10/2022,PHL,PA,AEA,EN,Combined TRACON& Tower with Radar,654,142,38,0,834,0,0,4,5,9,654,142,42,5,843,0,0,0,843
08/11/2022,PHL,PA,AEA,EN,Combined TRACON& Tower with Radar,631,162,43,0,836,0,1,4,0,5,631,163,47,0,841,0,0,0,841
08/12/2022,PHL,PA,AEA,EN,Combined TRACON& Tower with Radar,624,139,27,1,791,0,1,8,2,11,624,140,35,3,802,0,0,0,802
08/13/2022,PHL,PA,AEA,EN,Combined TRACON& Tower with Radar,551,138,24,0,713,0,3,4,0,7,551,141,28,0,720,0,0,0,720
08/14/2022,PHL,PA,AEA,EN,Combined TRACON& Tower with Radar,568,150,34,0,752,0,1,5,0,6,568,151,39,0,758,0,0,0,758
08/15/2022,PHL,PA,AEA,EN,Combined TRACON& Tower with Radar,590,136,38,1,765,0,0,5,3,8,590,136,43,4,773,0,0,0,773
08/16/2022,PHL,PA,AEA,EN,Combined TRACON& Tower with Radar,650,142,42,0,834,0,0,3,0,3,650,142,45,0,837,0,0,0,837
08/17/2022,PHL,PA,AEA,EN,Combined TRACON& Tower with Radar,674,179,48,0,901,0,1,2,1,4,674,180,50,1,905,0,0,0,905
08/18/2022,PHL,PA,AEA,EN,Combined TRACON& Tower with Radar,675,159,45,1,880,0,0,1,0,1,675,159,46,1,881,0,0,0,881
08/19/2022,PHL,PA,AEA,EN,Combined TRACON& Tower with Radar,647,163,36,0,846,0,1,1,0,2,647,164,37,0,848,0,0,0,848
08/20/2022,PHL,PA,AEA,EN,Combined TRACON& Tower with Radar,588,142,18,0,748,0,2,1,0,3,588,144,19,0,751,0,0,0,751
08/21/2022,PHL,PA,AEA,EN,Combined TRACON& Tower with Radar,560,158,28,0,746,0,1,10,0,11,560,159,38,0,757,0,0,0,757
08/22/2022,PHL,PA,AEA,EN,Combined TRACON& Tower with Radar,621,140,27,1,789,0,0,4,0,4,621,140,31,1,793,0,0,0,793
08/23/2022,PHL,PA,AEA,EN,Combined TRACON& Tower with Radar,653,127,29,0,809,0,0,12,0,12,653,127,41,0,821,0,0,0,821
08/24/2022,PHL,PA,AEA,EN,Combined TRACON& Tower with Radar,666,148,36,0,850,0,0,16,0,16,666,148,52,0,866,0,0,0,866
08/25/2022,PHL,PA,AEA,EN,Combined TRACON& Tower with Radar,684,155,41,1,881,0,2,6,2,10,684,157,47,3,891,0,0,0,891
08/26/2022,PHL,PA,AEA,EN,Combined TRACON& Tower with Radar,663,153,32,0,848,0,0,9,2,11,663,153,41,2,859,0,0,0,859
08/27/2022,PHL,PA,AEA,EN,Combined TRACON& Tower with Radar,597,136,25,0,758,0,0,0,0,0,597,136,25,0,758,0,0,0,758
08/28/2022,PHL,PA,AEA,EN,Combined TRACON& Tower with Radar,586,158,23,0,767,0,0,5,0,5,586,158,28,0,772,0,0,0,772
08/29/2022,PHL,PA,AEA,EN,Combined TRACON& Tower with Radar,624,136,55,0,815,0,0,3,1,4,624,136,58,1,819,0,0,0,819
08/30/2022,PHL,PA,AEA,EN,Combined TRACON& Tower with Radar,639,117,25,4,785,0,0,5,1,6,639,117,30,5,791,0,0,0,791
08/31/2022,PHL,PA,AEA,EN,Combined TRACON& Tower with Radar,661,160,31,2,854,0,1,2,1,4,661,161,33,3,858,0,0,0,858
09/01/2022,PHL,PA,AEA,EN,Combined TRACON& Tower with Radar,684,148,18,4,854,0,0,7,1,8,684,148,25,5,862,0,0,0,862
09/02/2022,PHL,PA,AEA,EN,Combined TRACON& Tower with Radar,639,151,35,3,828,0,1,10,4,15,639,152,45,7,843,0,0,0,843
09/03/2022,PHL,PA,AEA,EN,Combined TRACON& Tower with Radar,537,112,10,0,659,0,0,3,0,3,537,112,13,0,662,0,0,0,662
09/04/2022,PHL,PA,AEA,EN,Combined TRACON& Tower with Radar,507,129,11,0,647,0,0,4,0,4,507,129,15,0,651,0,0,0,651
09/05/2022,PHL,PA,AEA,EN,Combined TRACON& Tower with Radar,582,139,32,0,753,0,0,1,0,1,582,139,33,0,754,0,0,0,754
09/06/2022,PHL,PA,AEA,EN,Combined TRACON& Tower with Radar,580,146,26,0,752,0,0,0,0,0,580,146,26,0,752,0,0,0,752
09/07/2022,PHL,PA,AEA,EN,Combined TRACON& Tower with Radar,630,142,40,1,813,0,0,1,0,1,630,142,41,1,814,0,0,0,814
09/08/2022,PHL,PA,AEA,EN,Combined TRACON& Tower with Radar,642,133,35,2,812,0,1,5,4,10,642,134,40,6,822,0,0,0,822
09/09/2022,PHL,PA,AEA,EN,Combined TRACON& Tower with Radar,625,138,35,0,798,0,0,5,0,5,625,138,40,0,803,0,0,0,803
09/10/2022,PHL,PA,AEA,EN,Combined TRACON& Tower with Radar,563,111,30,0,704,0,0,1,0,1,563,111,31,0,705,0,0,0,705
09/11/2022,PHL,PA,AEA,EN,Combined TRACON& Tower with Radar,565,148,50,0,763,0,0,0,0,0,565,148,50,0,763,0,0,0,763
09/12/2022,PHL,PA,AEA,EN,Combined TRACON& Tower with Radar,588,129,26,0,743,0,0,0,1,1,588,129,26,1,744,0,0,0,744
09/13/2022,PHL,PA,AEA,EN,Combined TRACON& Tower with Radar,645,116,29,1,791,0,1,6,2,9,645,117,35,3,800,0,0,0,800
09/14/2022,PHL,PA,AEA,EN,Combined TRACON& Tower with Radar,642,139,39,2,822,0,0,4,1,5,642,139,43,3,827,0,0,0,827
09/15/2022,PHL,PA,AEA,EN,Combined TRACON& Tower with Radar,666,153,51,0,870,0,0,2,0,2,666,153,53,0,872,0,0,0,872
09/16/2022,PHL,PA,AEA,EN,Combined TRACON& Tower with Radar,626,144,30,3,803,0,3,35,0,38,626,147,65,3,841,0,0,0,841
09/17/2022,PHL,PA,AEA,EN,Combined TRACON& Tower with Radar,566,128,14,0,708,0,1,5,2,8,566,129,19,2,716,0,0,0,716
09/18/2022,PHL,PA,AEA,EN,Combined TRACON& Tower with Radar,571,179,45,0,795,0,1,2,0,3,571,180,47,0,798,0,0,0,798
09/19/2022,PHL,PA,AEA,EN,Combined TRACON& Tower with Radar,590,139,55,0,784,0,0,5,0,5,590,139,60,0,789,0,0,0,789
09/20/2022,PHL,PA,AEA,EN,Combined TRACON& Tower with Radar,645,129,50,1,825,0,1,4,0,5,645,130,54,1,830,0,0,0,830
09/21/2022,PHL,PA,AEA,EN,Combined TRACON& Tower with Radar,642,152,37,4,835,0,2,3,1,6,642,154,40,5,841,0,0,0,841
09/22/2022,PHL,PA,AEA,EN,Combined TRACON& Tower with Radar,669,139,38,0,846,0,0,3,0,3,669,139,41,0,849,0,0,0,849
09/23/2022,PHL,PA,AEA,EN,Combined TRACON& Tower with Radar,638,144,39,1,822,0,0,9,2,11,638,144,48,3,833,0,0,0,833
09/24/2022,PHL,PA,AEA,EN,Combined TRACON& Tower with Radar,569,121,30,0,720,0,1,4,0,5,569,122,34,0,725,0,0,0,725
09/25/2022,PHL,PA,AEA,EN,Combined TRACON& Tower with Radar,573,150,43,0,766,0,0,1,0,1,573,150,44,0,767,0,0,0,767
09/26/2022,PHL,PA,AEA,EN,Combined TRACON& Tower with Radar,596,161,50,0,807,0,0,3,2,5,596,161,53,2,812,0,0,0,812
09/27/2022,PHL,PA,AEA,EN,Combined TRACON& Tower with Radar,641,119,48,0,808,0,0,9,0,9,641,119,57,0,817,0,0,0,817
09/28/2022,PHL,PA,AEA,EN,Combined TRACON& Tower with Radar,589,148,39,0,776,0,1,6,2,9,589,149,45,2,785,0,0,0,785
09/29/2022,PHL,PA,AEA,EN,Combined TRACON& Tower with Radar,588,161,49,1,799,0,2,9,0,11,588,163,58,1,810,0,0,0,810
09/30/2022,PHL,PA,AEA,EN,Combined TRACON& Tower with Radar,560,139,28,0,727,0,1,8,0,9,560,140,36,0,736,0,0,0,736
10/01/2022,PHL,PA,AEA,EN,Combined TRACON& Tower with Radar,527,117,10,0,654,0,0,1,0,1,527,117,11,0,655,0,0,0,655
10/02/2022,PHL,PA,AEA,EN,Combined TRACON& Tower with Radar,568,135,28,0,731,0,0,0,0,0,568,135,28,0,731,0,0,0,731
10/03/2022,PHL,PA,AEA,EN,Combined TRACON& Tower with Radar,593,123,21,0,737,0,0,1,0,1,593,123,22,0,738,0,0,0,738
10/04/2022,PHL,PA,AEA,EN,Combined TRACON& Tower with Radar,630,126,34,0,790,0,0,0,0,0,630,126,34,0,790,0,0,0,790
10/05/2022,PHL,PA,AEA,EN,Combined TRACON& Tower with Radar,664,156,39,1,860,0,0,2,0,2,664,156,41,1,862,0,0,0,862
10/06/2022,PHL,PA,AEA,EN,Combined TRACON& Tower with Radar,656,160,26,0,842,0,1,5,0,6,656,161,31,0,848,0,0,0,848
10/07/2022,PHL,PA,AEA,EN,Combined TRACON& Tower with Radar,637,155,19,4,815,0,0,14,10,24,637,155,33,14,839,0,0,0,839
10/08/2022,PHL,PA,AEA,EN,Combined TRACON& Tower with Radar,571,145,27,0,743,0,0,3,0,3,571,145,30,0,746,0,0,0,746
10/09/2022,PHL,PA,AEA,EN,Combined TRACON& Tower with Radar,578,164,39,0,781,0,2,2,0,4,578,166,41,0,785,0,0,0,785
10/10/2022,PHL,PA,AEA,EN,Combined TRACON& Tower with Radar,613,163,44,0,820,0,1,1,0,2,613,164,45,0,822,0,0,0,822
10/11/2022,PHL,PA,AEA,EN,Combined TRACON& Tower with Radar,654,123,37,0,814,0,2,4,0,6,654,125,41,0,820,0,0,0,820
10/12/2022,PHL,PA,AEA,EN,Combined TRACON& Tower with Radar,667,152,41,2,862,0,0,5,2,7,667,152,46,4,869,0,0,0,869
10/13/2022,PHL,PA,AEA,EN,Combined TRACON& Tower with Radar,670,165,46,0,881,0,0,7,0,7,670,165,53,0,888,0,0,0,888
10/14/2022,PHL,PA,AEA,EN,Combined TRACON& Tower with Radar,653,162,60,1,876,0,0,4,0,4,653,162,64,1,880,0,0,0,880
10/15/2022,PHL,PA,AEA,EN,Combined TRACON& Tower with Radar,589,154,23,0,766,0,2,1,0,3,589,156,24,0,769,0,0,0,769
10/16/2022,PHL,PA,AEA,EN,Combined TRACON& Tower with Radar,593,173,55,0,821,0,0,5,0,5,593,173,60,0,826,0,0,0,826
10/17/2022,PHL,PA,AEA,EN,Combined TRACON& Tower with Radar,612,148,49,0,809,0,0,2,3,5,612,148,51,3,814,0,0,0,814
10/18/2022,PHL,PA,AEA,EN,Combined TRACON& Tower with Radar,654,113,44,1,812,0,2,0,3,5,654,115,44,4,817,0,0,0,817
10/19/2022,PHL,PA,AEA,EN,Combined TRACON& Tower with Radar,673,175,45,10,903,0,2,8,1,11,673,177,53,11,914,0,0,0,914
10/20/2022,PHL,PA,AEA,EN,Combined TRACON& Tower with Radar,681,144,38,2,865,0,0,34,0,34,681,144,72,2,899,0,0,0,899
10/21/2022,PHL,PA,AEA,EN,Combined TRACON& Tower with Radar,648,151,38,3,840,0,1,2,2,5,648,152,40,5,845,0,0,0,845
10/22/2022,PHL,PA,AEA,EN,Combined TRACON& Tower with Radar,578,161,27,5,771,0,0,2,1,3,578,161,29,6,774,0,0,0,774
10/23/2022,PHL,PA,AEA,EN,Combined TRACON& Tower with Radar,595,157,39,1,792,0,1,6,0,7,595,158,45,1,799,0,0,0,799
10/24/2022,PHL,PA,AEA,EN,Combined TRACON& Tower with Radar,594,151,28,0,773,0,0,0,0,0,594,151,28,0,773,0,0,0,773
10/25/2022,PHL,PA,AEA,EN,Combined TRACON& Tower with Radar,675,127,28,0,830,0,0,0,0,0,675,127,28,0,830,0,0,0,830
10/26/2022,PHL,PA,AEA,EN,Combined TRACON& Tower with Radar,666,155,39,0,860,0,0,0,0,0,666,155,39,0,860,0,0,0,860
10/27/2022,PHL,PA,AEA,EN,Combined TRACON& Tower with Radar,673,166,39,2,880,0,1,11,0,12,673,167,50,2,892,0,0,0,892
10/28/2022,PHL,PA,AEA,EN,Combined TRACON& Tower with Radar,640,159,55,7,861,0,1,17,3,21,640,160,72,10,882,0,0,0,882
10/29/2022,PHL,PA,AEA,EN,Combined TRACON& Tower with Radar,551,130,16,0,697,0,0,6,0,6,551,130,22,0,703,0,0,0,703
10/30/2022,PHL,PA,AEA,EN,Combined TRACON& Tower with Radar,590,180,68,0,838,0,1,3,0,4,590,181,71,0,842,0,0,0,842
10/31/2022,PHL,PA,AEA,EN,Combined TRACON& Tower with Radar,549,164,64,0,777,0,0,2,0,2,549,164,66,0,779,0,0,0,779
11/01/2022,PHL,PA,AEA,EN,Combined TRACON& Tower with Radar,665,170,61,8,904,0,0,4,0,4,665,170,65,8,908,0,0,0,908
11/02/2022,PHL,PA,AEA,EN,Combined TRACON& Tower with Radar,656,164,64,2,886,0,4,7,3,14,656,168,71,5,900,0,0,0,900
11/03/2022,PHL,PA,AEA,EN,Combined TRACON& Tower with Radar,604,187,78,2,871,0,6,7,0,13,604,193,85,2,884,0,0,0,884
11/04/2022,PHL,PA,AEA,EN,Combined TRACON& Tower with Radar,580,193,65,3,841,0,1,18,2,21,580,194,83,5,862,0,0,0,862
11/05/2022,PHL,PA,AEA,EN,Combined TRACON& Tower with Radar,514,147,24,4,689,0,2,6,6,14,514,149,30,10,703,0,0,0,703
11/06/2022,PHL,PA,AEA,EN,Combined TRACON& Tower with Radar,521,166,41,0,728,0,0,4,0,4,521,166,45,0,732,0,0,0,732
11/07/2022,PHL,PA,AEA,EN,Combined TRACON& Tower with Radar,544,157,45,0,746,0,3,9,1,13,544,160,54,1,759,0,0,0,759
11/08/2022,PHL,PA,AEA,EN,Combined TRACON& Tower with Radar,604,158,30,0,792,0,0,5,0,5,604,158,35,0,797,0,0,0,797
11/09/2022,PHL,PA,AEA,EN,Combined TRACON& Tower with Radar,585,173,22,5,785,0,1,3,0,4,585,174,25,5,789,0,0,0,789
11/10/2022,PHL,PA,AEA,EN,Combined TRACON& Tower with Radar,578,167,42,1,788,0,0,1,0,1,578,167,43,1,789,0,0,0,789
11/11/2022,PHL,PA,AEA,EN,Combined TRACON& Tower with Radar,581,168,42,0,791,0,0,0,0,0,581,168,42,0,791,0,0,0,791
11/12/2022,PHL,PA,AEA,EN,Combined TRACON& Tower with Radar,525,151,14,0,690,0,0,3,0,3,525,151,17,0,693,0,0,0,693
11/13/2022,PHL,PA,AEA,EN,Combined TRACON& Tower with Radar,532,164,23,0,719,0,0,3,0,3,532,164,26,0,722,0,0,0,722
11/14/2022,PHL,PA,AEA,EN,Combined TRACON& Tower with Radar,557,143,48,3,751,0,0,9,0,9,557,143,57,3,760,0,0,0,760
11/15/2022,PHL,PA,AEA,EN,Combined TRACON& Tower with Radar,601,134,34,0,769,0,2,6,0,8,601,136,40,0,777,0,0,0,777
11/16/2022,PHL,PA,AEA,EN,Combined TRACON& Tower with Radar,617,142,47,0,806,0,0,2,0,2,617,142,49,0,808,0,0,0,808
11/17/2022,PHL,PA,AEA,EN,Combined TRACON& Tower with Radar,612,159,33,1,805,0,0,10,0,10,612,159,43,1,815,0,0,0,815
11/18/2022,PHL,PA,AEA,EN,Combined TRACON& Tower with Radar,579,165,31,0,775,0,1,8,1,10,579,166,39,1,785,0,0,0,785
11/19/2022,PHL,PA,AEA,EN,Combined TRACON& Tower with Radar,532,132,30,0,694,0,0,2,2,4,532,132,32,2,698,0,0,0,698
11/20/2022,PHL,PA,AEA,EN,Combined TRACON& Tower with Radar,530,149,22,1,702,0,0,2,1,3,530,149,24,2,705,0,0,0,705
11/21/2022,PHL,PA,AEA,EN,Combined TRACON& Tower with Radar,558,151,26,2,737,0,0,6,1,7,558,151,32,3,744,0,0,0,744
11/22/2022,PHL,PA,AEA,EN,Combined TRACON& Tower with Radar,642,165,34,3,844,0,0,16,0,16,642,165,50,3,860,0,0,0,860
11/23/2022,PHL,PA,AEA,EN,Combined TRACON& Tower with Radar,644,159,36,4,843,0,6,3,0,9,644,165,39,4,852,0,0,0,852
11/24/2022,PHL,PA,AEA,EN,Combined TRACON& Tower with Radar,378,73,9,0,460,0,1,2,0,3,378,74,11,0,463,0,0,0,463
11/25/2022,PHL,PA,AEA,EN,Combined TRACON& Tower with Radar,442,120,13,2,577,0,0,0,1,1,442,120,13,3,578,0,0,0,578
11/26/2022,PHL,PA,AEA,EN,Combined TRACON& Tower with Radar,562,160,26,1,749,0,0,3,0,3,562,160,29,1,752,0,0,0,752
11/27/2022,PHL,PA,AEA,EN,Combined TRACON& Tower with Radar,583,191,46,0,820,0,0,0,0,0,583,191,46,0,820,0,0,0,820
11/28/2022,PHL,PA,AEA,EN,Combined TRACON& Tower with Radar,588,154,43,0,785,0,0,1,0,1,588,154,44,0,786,0,0,0,786
11/29/2022,PHL,PA,AEA,EN,Combined TRACON& Tower with Radar,636,141,29,2,808,0,0,8,1,9,636,141,37,3,817,0,0,0,817
11/30/2022,PHL,PA,AEA,EN,Combined TRACON& Tower with Radar,616,131,16,3,766,0,0,0,0,0,616,131,16,3,766,0,0,0,766
12/01/2022,PHL,PA,AEA,EN,Combined TRACON& Tower with Radar,610,143,26,0,779,0,1,9,0,10,610,144,35,0,789,0,0,0,789
12/02/2022,PHL,PA,AEA,EN,Combined TRACON& Tower with Radar,579,132,19,3,733,0,0,4,2,6,579,132,23,5,739,0,0,0,739
12/03/2022,PHL,PA,AEA,EN,Combined TRACON& Tower with Radar,502,145,16,0,663,0,1,0,0,1,502,146,16,0,664,0,0,0,664
12/04/2022,PHL,PA,AEA,EN,Combined TRACON& Tower with Radar,526,145,44,1,716,0,2,10,0,12,526,147,54,1,728,0,0,0,728
12/05/2022,PHL,PA,AEA,EN,Combined TRACON& Tower with Radar,566,117,38,0,721,0,0,4,0,4,566,117,42,0,725,0,0,0,725
12/06/2022,PHL,PA,AEA,EN,Combined TRACON& Tower with Radar,617,121,21,0,759,0,0,0,0,0,617,121,21,0,759,0,0,0,759
12/07/2022,PHL,PA,AEA,EN,Combined TRACON& Tower with Radar,617,120,37,0,774,0,0,0,0,0,617,120,37,0,774,0,0,0,774
12/08/2022,PHL,PA,AEA,EN,Combined TRACON& Tower with Radar,636,144,38,2,820,0,3,12,4,19,636,147,50,6,839,0,0,0,839
12/09/2022,PHL,PA,AEA,EN,Combined TRACON& Tower with Radar,582,146,55,5,788,0,3,13,7,23,582,149,68,12,811,0,0,0,811
12/10/2022,PHL,PA,AEA,EN,Combined TRACON& Tower with Radar,509,152,65,11,737,0,5,5,7,17,509,157,70,18,754,0,0,0,754
12/11/2022,PHL,PA,AEA,EN,Combined TRACON& Tower with Radar,525,156,41,2,724,0,0,0,0,0,525,156,41,2,724,0,0,0,724
12/12/2022,PHL,PA,AEA,EN,Combined TRACON& Tower with Radar,564,128,30,0,722,0,1,1,2,4,564,129,31,2,726,0,0,0,726
12/13/2022,PHL,PA,AEA,EN,Combined TRACON& Tower with Radar,630,146,35,1,812,0,1,13,2,16,630,147,48,3,828,0,0,0,828
12/14/2022,PHL,PA,AEA,EN,Combined TRACON& Tower with Radar,633,132,32,1,798,0,1,5,1,7,633,133,37,2,805,0,0,0,805
12/15/2022,PHL,PA,AEA,EN,Combined TRACON& Tower with Radar,648,132,29,0,809,0,0,0,0,0,648,132,29,0,809,0,0,0,809
12/16/2022,PHL,PA,AEA,EN,Combined TRACON& Tower with Radar,665,157,36,0,858,0,0,5,0,5,665,157,41,0,863,0,0,0,863
12/17/2022,PHL,PA,AEA,EN,Combined TRACON& Tower with Radar,631,129,35,0,795,0,0,6,0,6,631,129,41,0,801,0,0,0,801
12/18/2022,PHL,PA,AEA,EN,Combined TRACON& Tower with Radar,588,146,27,0,761,0,0,0,0,0,588,146,27,0,761,0,0,0,761
12/19/2022,PHL,PA,AEA,EN,Combined TRACON& Tower with Radar,545,118,30,1,694,0,2,6,0,8,545,120,36,1,702,0,0,0,702
12/20/2022,PHL,PA,AEA,EN,Combined TRACON& Tower with Radar,611,94,29,2,736,0,0,4,0,4,611,94,33,2,740,0,0,0,740
12/21/2022,PHL,PA,AEA,EN,Combined TRACON& Tower with Radar,668,146,38,2,854,0,1,18,4,23,668,147,56,6,877,0,0,0,877
12/22/2022,PHL,PA,AEA,EN,Combined TRACON& Tower with Radar,639,129,43,0,811,0,0,6,0,6,639,129,49,0,817,0,0,0,817
12/23/2022,PHL,PA,AEA,EN,Combined TRACON& Tower with Radar,464,97,15,0,576,0,0,0,0,0,464,97,15,0,576,0,0,0,576
12/24/2022,PHL,PA,AEA,EN,Combined TRACON& Tower with Radar,353,71,8,0,432,0,0,3,0,3,353,71,11,0,435,0,0,0,435
12/25/2022,PHL,PA,AEA,EN,Combined TRACON& Tower with Radar,345,82,18,0,445,0,0,3,0,3,345,82,21,0,448,0,0,0,448
12/26/2022,PHL,PA,AEA,EN,Combined TRACON& Tower with Radar,492,141,41,0,674,0,3,1,0,4,492,144,42,0,678,0,0,0,678
12/27/2022,PHL,PA,AEA,EN,Combined TRACON& Tower with Radar,540,131,37,1,709,0,2,4,0,6,540,133,41,1,715,0,0,0,715
12/28/2022,PHL,PA,AEA,EN,Combined TRACON& Tower with Radar,609,128,27,0,764,0,1,6,2,9,609,129,33,2,773,0,0,0,773
12/29/2022,PHL,PA,AEA,EN,Combined TRACON& Tower with Radar,625,130,19,0,774,0,1,7,0,8,625,131,26,0,782,0,0,0,782
12/30/2022,PHL,PA,AEA,EN,Combined TRACON& Tower with Radar,600,124,12,1,737,0,1,4,0,5,600,125,16,1,742,0,0,0,742
12/31/2022,PHL,PA,AEA,EN,Combined TRACON& Tower with Radar,500,105,13,0,618,0,0,0,0,0,500,105,13,0,618,0,0,0,618
01/01/2023,PHL,PA,AEA,EN,Combined TRACON& Tower with Radar,489,140,34,0,663,0,1,7,0,8,489,141,41,0,671,0,0,0,671
01/02/2023,PHL,PA,AEA,EN,Combined TRACON& Tower with Radar,512,135,39,2,688,0,0,9,0,9,512,135,48,2,697,0,0,0,697
01/03/2023,PHL,PA,AEA,EN,Combined TRACON& Tower with Radar,554,114,28,1,697,0,0,0,0,0,554,114,28,1,697,0,0,0,697
01/04/2023,PHL,PA,AEA,EN,Combined TRACON& Tower with Radar,621,126,22,0,769,0,0,1,0,1,621,126,23,0,770,0,0,0,770
01/05/2023,PHL,PA,AEA,EN,Combined TRACON& Tower with Radar,561,106,24,1,692,0,0,2,0,2,561,106,26,1,694,0,0,0,694
01/06/2023,PHL,PA,AEA,EN,Combined TRACON& Tower with Radar,544,96,13,0,653,0,0,7,0,7,544,96,20,0,660,0,0,0,660
01/07/2023,PHL,PA,AEA,EN,Combined TRACON& Tower with Radar,516,131,25,0,672,0,0,5,0,5,516,131,30,0,677,0,0,0,677
01/08/2023,PHL,PA,AEA,EN,Combined TRACON& Tower with Radar,540,152,47,0,739,0,0,9,0,9,540,152,56,0,748,0,0,0,748
01/09/2023,PHL,PA,AEA,EN,Combined TRACON& Tower with Radar,548,123,25,0,696,0,2,1,0,3,548,125,26,0,699,0,0,0,699
01/10/2023,PHL,PA,AEA,EN,Combined TRACON& Tower with Radar,592,121,24,6,743,0,0,9,8,17,592,121,33,14,760,0,0,0,760
01/11/2023,PHL,PA,AEA,EN,Combined TRACON& Tower with Radar,530,137,23,4,694,0,0,1,3,4,530,137,24,7,698,0,0,0,698
01/12/2023,PHL,PA,AEA,EN,Combined TRACON& Tower with Radar,615,158,38,1,812,0,0,1,2,3,615,158,39,3,815,0,0,0,815
01/13/2023,PHL,PA,AEA,EN,Combined TRACON& Tower with Radar,582,139,19,0,740,0,0,2,0,2,582,139,21,0,742,0,0,0,742
01/14/2023,PHL,PA,AEA,EN,Combined TRACON& Tower with Radar,498,130,8,0,636,0,1,0,0,1,498,131,8,0,637,0,0,0,637
01/15/2023,PHL,PA,AEA,EN,Combined TRACON& Tower with Radar,506,138,23,0,667,0,0,2,0,2,506,138,25,0,669,0,0,0,669
01/16/2023,PHL,PA,AEA,EN,Combined TRACON& Tower with Radar,531,156,40,3,730,0,0,5,3,8,531,156,45,6,738,0,0,0,738
01/17/2023,PHL,PA,AEA,EN,Combined TRACON& Tower with Radar,579,121,31,1,732,0,0,1,9,10,579,121,32,10,742,0,0,0,742
01/18/2023,PHL,PA,AEA,EN,Combined TRACON& Tower with Radar,585,146,29,0,760,0,0,5,0,5,585,146,34,0,765,0,0,0,765
01/19/2023,PHL,PA,AEA,EN,Combined TRACON& Tower with Radar,606,161,33,0,800,0,0,0,0,0,606,161,33,0,800,0,0,0,800
01/20/2023,PHL,PA,AEA,EN,Combined TRACON& Tower with Radar,575,140,33,2,750,0,0,4,0,4,575,140,37,2,754,0,0,0,754
01/21/2023,PHL,PA,AEA,EN,Combined TRACON& Tower with Radar,511,130,30,0,671,0,0,14,1,15,511,130,44,1,686,0,0,0,686
01/22/2023,PHL,PA,AEA,EN,Combined TRACON& Tower with Radar,539,142,35,0,716,0,1,3,0,4,539,143,38,0,720,0,0,0,720
01/23/2023,PHL,PA,AEA,EN,Combined TRACON& Tower with Radar,532,142,25,1,700,0,0,0,1,1,532,142,25,2,701,0,0,0,701
01/24/2023,PHL,PA,AEA,EN,Combined TRACON& Tower with Radar,586,121,27,3,737,0,2,5,2,9,586,123,32,5,746,0,0,0,746
01/25/2023,PHL,PA,AEA,EN,Combined TRACON& Tower with Radar,589,126,21,0,736,0,0,2,0,2,589,126,23,0,738,0,0,0,738
01/26/2023,PHL,PA,AEA,EN,Combined TRACON& Tower with Radar,602,154,35,0,791,0,0,1,0,1,602,154,36,0,792,0,0,0,792
01/27/2023,PHL,PA,AEA,EN,Combined TRACON& Tower with Radar,586,170,53,2,811,0,0,3,2,5,586,170,56,4,816,0,0,0,816
01/28/2023,PHL,PA,AEA,EN,Combined TRACON& Tower with Radar,507,134,25,0,666,0,0,1,2,3,507,134,26,2,669,0,0,0,669
01/29/2023,PHL,PA,AEA,EN,Combined TRACON& Tower with Radar,536,217,79,0,832,0,0,9,1,10,536,217,88,1,842,0,0,0,842
01/30/2023,PHL,PA,AEA,EN,Combined TRACON& Tower with Radar,527,159,35,0,721,0,2,13,0,15,527,161,48,0,736,0,0,0,736
01/31/2023,PHL,PA,AEA,EN,Combined TRACON& Tower with Radar,569,118,27,1,715,0,0,1,0,1,569,118,28,1,716,0,0,0,716
02/01/2023,PHL,PA,AEA,EN,Combined TRACON& Tower with Radar,569,145,28,1,743,0,0,8,0,8,569,145,36,1,751,0,0,0,751
02/02/2023,PHL,PA,AEA,EN,Combined TRACON& Tower with Radar,599,142,29,4,774,0,4,1,3,8,599,146,30,7,782,0,0,0,782
02/03/2023,PHL,PA,AEA,EN,Combined TRACON& Tower with Radar,545,128,21,8,702,0,1,3,0,4,545,129,24,8,706,0,0,0,706
02/04/2023,PHL,PA,AEA,EN,Combined TRACON& Tower with Radar,489,152,20,2,663,0,0,4,0,4,489,152,24,2,667,0,0,0,667
02/05/2023,PHL,PA,AEA,EN,Combined TRACON& Tower with Radar,505,151,15,1,672,0,1,2,1,4,505,152,17,2,676,0,0,0,676
02/06/2023,PHL,PA,AEA,EN,Combined TRACON& Tower with Radar,516,169,25,3,713,0,0,2,1,3,516,169,27,4,716,0,0,0,716
02/07/2023,PHL,PA,AEA,EN,Combined TRACON& Tower with Radar,569,146,13,1,729,0,0,5,2,7,569,146,18,3,736,0,0,0,736
02/08/2023,PHL,PA,AEA,EN,Combined TRACON& Tower with Radar,566,154,22,1,743,0,4,2,0,6,566,158,24,1,749,0,0,0,749
02/09/2023,PHL,PA,AEA,EN,Combined TRACON& Tower with Radar,583,159,20,1,763,0,3,3,0,6,583,162,23,1,769,0,0,0,769
02/10/2023,PHL,PA,AEA,EN,Combined TRACON& Tower with Radar,569,172,24,2,767,0,0,3,0,3,569,172,27,2,770,0,0,0,770
02/11/2023,PHL,PA,AEA,EN,Combined TRACON& Tower with Radar,487,165,27,0,679,0,0,2,1,3,487,165,29,1,682,0,0,0,682
02/12/2023,PHL,PA,AEA,EN,Combined TRACON& Tower with Radar,493,148,16,0,657,0,0,0,0,0,493,148,16,0,657,0,0,0,657
02/13/2023,PHL,PA,AEA,EN,Combined TRACON& Tower with Radar,542,213,53,2,810,0,0,12,8,20,542,213,65,10,830,0,0,0,830
02/14/2023,PHL,PA,AEA,EN,Combined TRACON& Tower with Radar,566,155,27,3,751,0,0,3,1,4,566,155,30,4,755,0,0,0,755
02/15/2023,PHL,PA,AEA,EN,Combined TRACON& Tower with Radar,563,181,28,1,773,0,0,5,5,10,563,181,33,6,783,0,0,0,783
02/16/2023,PHL,PA,AEA,EN,Combined TRACON& Tower with Radar,578,190,44,0,812,0,2,5,0,7,578,192,49,0,819,0,0,0,819
02/17/2023,PHL,PA,AEA,EN,Combined TRACON& Tower with Radar,580,158,35,3,776,0,0,1,0,1,580,158,36,3,777,0,0,0,777
02/18/2023,PHL,PA,AEA,EN,Combined TRACON& Tower with Radar,510,144,21,4,679,0,4,5,0,9,510,148,26,4,688,0,0,0,688
02/19/2023,PHL,PA,AEA,EN,Combined TRACON& Tower with Radar,495,160,18,3,676,0,0,3,0,3,495,160,21,3,679,0,0,0,679
02/20/2023,PHL,PA,AEA,EN,Combined TRACON& Tower with Radar,531,179,23,0,733,0,0,0,0,0,531,179,23,0,733,0,0,0,733
02/21/2023,PHL,PA,AEA,EN,Combined TRACON& Tower with Radar,579,145,20,1,745,0,2,1,6,9,579,147,21,7,754,0,0,0,754
02/22/2023,PHL,PA,AEA,EN,Combined TRACON& Tower with Radar,577,147,25,0,749,0,0,3,0,3,577,147,28,0,752,0,0,0,752
02/23/2023,PHL,PA,AEA,EN,Combined TRACON& Tower with Radar,572,167,23,0,762,0,0,11,0,11,572,167,34,0,773,0,0,0,773
02/24/2023,PHL,PA,AEA,EN,Combined TRACON& Tower with Radar,568,162,24,0,754,0,1,0,0,1,568,163,24,0,755,0,0,0,755
02/25/2023,PHL,PA,AEA,EN,Combined TRACON& Tower with Radar,501,145,13,0,659,0,0,2,0,2,501,145,15,0,661,0,0,0,661
02/26/2023,PHL,PA,AEA,EN,Combined TRACON& Tower with Radar,512,171,37,0,720,0,0,2,0,2,512,171,39,0,722,0,0,0,722
02/27/2023,PHL,PA,AEA,EN,Combined TRACON& Tower with Radar,532,173,41,0,746,0,0,5,0,5,532,173,46,0,751,0,0,0,751
02/28/2023,PHL,PA,AEA,EN,Combined TRACON& Tower with Radar,571,159,24,0,754,0,0,0,0,0,571,159,24,0,754,0,0,0,754
03/01/2023,PHL,PA,AEA,EN,Combined TRACON& Tower with Radar,585,194,44,0,823,0,0,0,0,0,585,194,44,0,823,0,0,0,823
03/02/2023,PHL,PA,AEA,EN,Combined TRACON& Tower with Radar,595,208,42,1,846,0,0,0,1,1,595,208,42,2,847,0,0,0,847
03/03/2023,PHL,PA,AEA,EN,Combined TRACON& Tower with Radar,562,188,32,1,783,0,1,1,0,2,562,189,33,1,785,0,0,0,785
03/04/2023,PHL,PA,AEA,EN,Combined TRACON& Tower with Radar,502,150,11,0,663,0,0,1,0,1,502,150,12,0,664,0,0,0,664
03/05/2023,PHL,PA,AEA,EN,Combined TRACON& Tower with Radar,514,184,14,0,712,0,0,0,0,0,514,184,14,0,712,0,0,0,712
03/06/2023,PHL,PA,AEA,EN,Combined TRACON& Tower with Radar,547,188,30,0,765,0,0,0,0,0,547,188,30,0,765,0,0,0,765
03/07/2023,PHL,PA,AEA,EN,Combined TRACON& Tower with Radar,588,160,25,2,775,0,2,7,2,11,588,162,32,4,786,0,0,0,786
03/08/2023,PHL,PA,AEA,EN,Combined TRACON& Tower with Radar,599,191,31,2,823,0,0,6,4,10,599,191,37,6,833,0,0,0,833
03/09/2023,PHL,PA,AEA,EN,Combined TRACON& Tower with Radar,599,199,29,4,831,0,0,9,8,17,599,199,38,12,848,0,0,0,848
03/10/2023,PHL,PA,AEA,EN,Combined TRACON& Tower with Radar,562,173,19,2,756,0,0,3,0,3,562,173,22,2,759,0,0,0,759
03/11/2023,PHL,PA,AEA,EN,Combined TRACON& Tower with Radar,522,167,15,0,704,0,0,0,0,0,522,167,15,0,704,0,0,0,704
03/12/2023,PHL,PA,AEA,EN,Combined TRACON& Tower with Radar,521,192,31,0,744,0,1,15,0,16,521,193,46,0,760,0,0,0,760
03/13/2023,PHL,PA,AEA,EN,Combined TRACON& Tower with Radar,538,188,27,0,753,0,0,0,0,0,538,188,27,0,753,0,0,0,753
03/14/2023,PHL,PA,AEA,EN,Combined TRACON& Tower with Radar,600,126,22,0,748,0,0,0,0,0,600,126,22,0,748,0,0,0,748
03/15/2023,PHL,PA,AEA,EN,Combined TRACON& Tower with Radar,608,172,29,0,809,0,2,2,0,4,608,174,31,0,813,0,0,0,813
03/16/2023,PHL,PA,AEA,EN,Combined TRACON& Tower with Radar,610,186,33,1,830,0,3,6,1,10,610,189,39,2,840,0,0,0,840
03/17/2023,PHL,PA,AEA,EN,Combined TRACON& Tower with Radar,578,192,28,0,798,0,0,1,0,1,578,192,29,0,799,0,0,0,799
03/18/2023,PHL,PA,AEA,EN,Combined TRACON& Tower with Radar,501,178,30,0,709,0,2,0,0,2,501,180,30,0,711,0,0,0,711
03/19/2023,PHL,PA,AEA,EN,Combined TRACON& Tower with Radar,544,212,32,0,788,0,0,8,0,8,544,212,40,0,796,0,0,0,796
03/20/2023,PHL,PA,AEA,EN,Combined TRACON& Tower with Radar,546,187,21,0,754,0,0,10,0,10,546,187,31,0,764,0,0,0,764
03/21/2023,PHL,PA,AEA,EN,Combined TRACON& Tower with Radar,600,163,34,0,797,0,2,8,0,10,600,165,42,0,807,0,0,0,807
03/22/2023,PHL,PA,AEA,EN,Combined TRACON& Tower with Radar,603,177,22,1,803,0,2,1,0,3,603,179,23,1,806,0,0,0,806
03/23/2023,PHL,PA,AEA,EN,Combined TRACON& Tower with Radar,602,204,33,0,839,0,0,3,0,3,602,204,36,0,842,0,0,0,842
03/24/2023,PHL,PA,AEA,EN,Combined TRACON& Tower with Radar,579,200,34,0,813,0,1,3,0,4,579,201,37,0,817,0,0,0,817
03/25/2023,PHL,PA,AEA,EN,Combined TRACON& Tower with Radar,515,176,22,0,713,0,0,0,0,0,515,176,22,0,713,0,0,0,713
03/26/2023,PHL,PA,AEA,EN,Combined TRACON& Tower with Radar,509,189,35,0,733,0,0,2,0,2,509,189,37,0,735,0,0,0,735
03/27/2023,PHL,PA,AEA,EN,Combined TRACON& Tower with Radar,532,190,27,0,749,0,0,5,0,5,532,190,32,0,754,0,0,0,754
03/28/2023,PHL,PA,AEA,EN,Combined TRACON& Tower with Radar,587,155,35,1,778,0,3,0,0,3,587,158,35,1,781,0,0,0,781
03/29/2023,PHL,PA,AEA,EN,Combined TRACON& Tower with Radar,593,185,32,3,813,0,2,3,0,5,593,187,35,3,818,0,0,0,818
03/30/2023,PHL,PA,AEA,EN,Combined TRACON& Tower with Radar,600,182,28,3,813,0,0,3,3,6,600,182,31,6,819,0,0,0,819
03/31/2023,PHL,PA,AEA,EN,Combined TRACON& Tower with Radar,554,185,34,3,776,0,1,2,3,6,554,186,36,6,782,0,0,0,782
04/01/2023,PHL,PA,AEA,EN,Combined TRACON& Tower with Radar,482,168,27,1,678,0,0,0,0,0,482,168,27,1,678,0,0,0,678
04/02/2023,PHL,PA,AEA,EN,Combined TRACON& Tower with Radar,516,207,22,1,746,0,0,4,0,4,516,207,26,1,750,0,0,0,750
04/03/2023,PHL,PA,AEA,EN,Combined TRACON& Tower with Radar,529,175,20,4,728,0,0,5,3,8,529,175,25,7,736,0,0,0,736
04/04/2023,PHL,PA,AEA,EN,Combined TRACON& Tower with Radar,609,133,25,1,768,0,0,10,2,12,609,133,35,3,780,0,0,0,780
04/05/2023,PHL,PA,AEA,EN,Combined TRACON& Tower with Radar,642,151,27,3,823,0,2,1,0,3,642,153,28,3,826,0,0,0,826
04/06/2023,PHL,PA,AEA,EN,Combined TRACON& Tower with Radar,661,182,38,1,882,0,1,7,2,10,661,183,45,3,892,0,0,0,892
04/07/2023,PHL,PA,AEA,EN,Combined TRACON& Tower with Radar,628,173,29,2,832,0,2,1,2,5,628,175,30,4,837,0,0,0,837
04/08/2023,PHL,PA,AEA,EN,Combined TRACON& Tower with Radar,558,151,21,2,732,0,2,4,1,7,558,153,25,3,739,0,0,0,739
04/09/2023,PHL,PA,AEA,EN,Combined TRACON& Tower with Radar,571,159,18,0,748,0,0,1,0,1,571,159,19,0,749,0,0,0,749
04/10/2023,PHL,PA,AEA,EN,Combined TRACON& Tower with Radar,597,192,35,1,825,0,0,2,0,2,597,192,37,1,827,0,0,0,827
04/11/2023,PHL,PA,AEA,EN,Combined TRACON& Tower with Radar,630,117,38,0,785,0,2,8,0,10,630,119,46,0,795,0,0,0,795
04/12/2023,PHL,PA,AEA,EN,Combined TRACON& Tower with Radar,648,156,27,0,831,0,1,3,0,4,648,157,30,0,835,0,0,0,835
04/13/2023,PHL,PA,AEA,EN,Combined TRACON& Tower with Radar,633,168,38,0,839,0,0,2,0,2,633,168,40,0,841,0,0,0,841
04/14/2023,PHL,PA,AEA,EN,Combined TRACON& Tower with Radar,634,164,32,0,830,0,0,7,2,9,634,164,39,2,839,0,0,0,839
04/15/2023,PHL,PA,AEA,EN,Combined TRACON& Tower with Radar,553,129,14,0,696,0,0,2,0,2,553,129,16,0,698,0,0,0,698
04/16/2023,PHL,PA,AEA,EN,Combined TRACON& Tower with Radar,581,183,35,0,799,0,0,4,0,4,581,183,39,0,803,0,0,0,803
04/17/2023,PHL,PA,AEA,EN,Combined TRACON& Tower with Radar,616,151,18,0,785,0,0,1,0,1,616,151,19,0,786,0,0,0,786
04/18/2023,PHL,PA,AEA,EN,Combined TRACON& Tower with Radar,627,130,33,0,790,0,0,6,2,8,627,130,39,2,798,0,0,0,798
04/19/2023,PHL,PA,AEA,EN,Combined TRACON& Tower with Radar,644,173,33,0,850,0,0,9,2,11,644,173,42,2,861,0,0,0,861
04/20/2023,PHL,PA,AEA,EN,Combined TRACON& Tower with Radar,626,199,41,0,866,1,2,6,0,9,627,201,47,0,875,0,0,0,875
04/21/2023,PHL,PA,AEA,EN,Combined TRACON& Tower with Radar,628,181,31,0,840,0,0,4,2,6,628,181,35,2,846,0,0,0,846
04/22/2023,PHL,PA,AEA,EN,Combined TRACON& Tower with Radar,548,131,16,0,695,0,0,2,0,2,548,131,18,0,697,0,0,0,697
04/23/2023,PHL,PA,AEA,EN,Combined TRACON& Tower with Radar,594,164,31,0,789,0,0,4,0,4,594,164,35,0,793,0,0,0,793
04/24/2023,PHL,PA,AEA,EN,Combined TRACON& Tower with Radar,591,148,17,0,756,0,2,8,0,10,591,150,25,0,766,0,0,0,766
04/25/2023,PHL,PA,AEA,EN,Combined TRACON& Tower with Radar,623,129,24,0,776,0,1,3,0,4,623,130,27,0,780,0,0,0,780
04/26/2023,PHL,PA,AEA,EN,Combined TRACON& Tower with Radar,634,157,36,0,827,0,2,8,0,10,634,159,44,0,837,0,0,0,837
04/27/2023,PHL,PA,AEA,EN,Combined TRACON& Tower with Radar,645,178,46,0,869,0,0,0,0,0,645,178,46,0,869,0,0,0,869
04/28/2023,PHL,PA,AEA,EN,Combined TRACON& Tower with Radar,637,173,24,0,834,0,0,2,0,2,637,173,26,0,836,0,0,0,836
04/29/2023,PHL,PA,AEA,EN,Combined TRACON& Tower with Radar,552,139,20,0,711,0,0,0,0,0,552,139,20,0,711,0,0,0,711
04/30/2023,PHL,PA,AEA,EN,Combined TRACON& Tower with Radar,580,166,19,0,765,0,0,0,0,0,580,166,19,0,765,0,0,0,765
05/01/2023,PHL,PA,AEA,EN,Combined TRACON& Tower with Radar,575,156,29,2,762,0,0,4,0,4,575,156,33,2,766,0,0,0,766
05/02/2023,PHL,PA,AEA,EN,Combined TRACON& Tower with Radar,631,133,22,0,786,0,0,4,0,4,631,133,26,0,790,0,0,0,790
05/03/2023,PHL,PA,AEA,EN,Combined TRACON& Tower with Radar,635,166,28,0,829,0,0,3,2,5,635,166,31,2,834,0,0,0,834
05/04/2023,PHL,PA,AEA,EN,Combined TRACON& Tower with Radar,654,176,39,0,869,0,0,5,0,5,654,176,44,0,874,0,0,0,874
05/05/2023,PHL,PA,AEA,EN,Combined TRACON& Tower with Radar,600,201,31,0,832,0,1,3,0,4,600,202,34,0,836,0,0,0,836
05/06/2023,PHL,PA,AEA,EN,Combined TRACON& Tower with Radar,542,157,13,0,712,0,0,10,0,10,542,157,23,0,722,0,0,0,722
05/07/2023,PHL,PA,AEA,EN,Combined TRACON& Tower with Radar,561,198,38,0,797,0,0,5,0,5,561,198,43,0,802,0,0,0,802
05/08/2023,PHL,PA,AEA,EN,Combined TRACON& Tower with Radar,572,181,21,0,774,0,0,2,0,2,572,181,23,0,776,0,0,0,776
05/09/2023,PHL,PA,AEA,EN,Combined TRACON& Tower with Radar,588,157,39,0,784,0,2,2,2,6,588,159,41,2,790,0,0,0,790
05/10/2023,PHL,PA,AEA,EN,Combined TRACON& Tower with Radar,617,174,40,0,831,0,0,3,0,3,617,174,43,0,834,0,0,0,834
05/11/2023,PHL,PA,AEA,EN,Combined TRACON& Tower with Radar,620,192,43,0,855,0,1,12,2,15,620,193,55,2,870,0,0,0,870
05/12/2023,PHL,PA,AEA,EN,Combined TRACON& Tower with Radar,604,187,48,2,841,0,2,4,1,7,604,189,52,3,848,0,0,0,848
05/13/2023,PHL,PA,AEA,EN,Combined TRACON& Tower with Radar,537,173,30,0,740,0,1,7,0,8,537,174,37,0,748,0,0,0,748
05/14/2023,PHL,PA,AEA,EN,Combined TRACON& Tower with Radar,548,195,41,2,786,0,0,12,0,12,548,195,53,2,798,0,0,0,798
05/15/2023,PHL,PA,AEA,EN,Combined TRACON& Tower with Radar,579,168,22,4,773,0,0,14,2,16,579,168,36,6,789,0,0,0,789
05/16/2023,PHL,PA,AEA,EN,Combined TRACON& Tower with Radar,606,168,26,2,802,0,0,8,1,9,606,168,34,3,811,0,0,0,811
05/17/2023,PHL,PA,AEA,EN,Combined TRACON& Tower with Radar,620,164,26,0,810,0,0,6,2,8,620,164,32,2,818,0,0,0,818
05/18/2023,PHL,PA,AEA,EN,Combined TRACON& Tower with Radar,614,219,34,0,867,0,2,4,2,8,614,221,38,2,875,0,0,0,875
05/19/2023,PHL,PA,AEA,EN,Combined TRACON& Tower with Radar,604,164,33,1,802,0,2,7,0,9,604,166,40,1,811,0,0,0,811
05/20/2023,PHL,PA,AEA,EN,Combined TRACON& Tower with Radar,545,173,22,0,740,0,0,0,0,0,545,173,22,0,740,0,0,0,740
05/21/2023,PHL,PA,AEA,EN,Combined TRACON& Tower with Radar,564,187,35,1,787,0,0,3,0,3,564,187,38,1,790,0,0,0,790
05/22/2023,PHL,PA,AEA,EN,Combined TRACON& Tower with Radar,580,187,37,0,804,0,2,0,0,2,580,189,37,0,806,0,0,0,806
05/23/2023,PHL,PA,AEA,EN,Combined TRACON& Tower with Radar,589,177,24,0,790,0,2,7,2,11,589,179,31,2,801,0,0,0,801
05/24/2023,PHL,PA,AEA,EN,Combined TRACON& Tower with Radar,609,183,21,0,813,0,4,12,2,18,609,187,33,2,831,0,0,0,831
05/25/2023,PHL,PA,AEA,EN,Combined TRACON& Tower with Radar,625,199,41,0,865,0,0,4,2,6,625,199,45,2,871,0,0,0,871
05/26/2023,PHL,PA,AEA,EN,Combined TRACON& Tower with Radar,613,172,42,0,827,0,0,6,0,6,613,172,48,0,833,0,0,0,833
05/27/2023,PHL,PA,AEA,EN,Combined TRACON& Tower with Radar,535,164,14,0,713,0,3,8,0,11,535,167,22,0,724,0,0,0,724
05/28/2023,PHL,PA,AEA,EN,Combined TRACON& Tower with Radar,533,151,20,0,704,0,0,7,0,7,533,151,27,0,711,0,0,0,711
05/29/2023,PHL,PA,AEA,EN,Combined TRACON& Tower with Radar,545,183,38,0,766,0,0,6,0,6,545,183,44,0,772,0,0,0,772
05/30/2023,PHL,PA,AEA,EN,Combined TRACON& Tower with Radar,537,180,25,0,742,0,2,3,0,5,537,182,28,0,747,0,0,0,747
05/31/2023,PHL,PA,AEA,EN,Combined TRACON& Tower with Radar,619,173,43,0,835,0,2,5,0,7,619,175,48,0,842,0,0,0,842
06/01/2023,PHL,PA,AEA,EN,Combined TRACON& Tower with Radar,652,214,29,0,895,0,0,2,0,2,652,214,31,0,897,0,0,0,897
06/02/2023,PHL,PA,AEA,EN,Combined TRACON& Tower with Radar,657,197,33,0,887,0,2,6,0,8,657,199,39,0,895,0,0,0,895
06/03/2023,PHL,PA,AEA,EN,Combined TRACON& Tower with Radar,577,186,17,0,780,0,2,0,0,2,577,188,17,0,782,0,0,0,782
06/04/2023,PHL,PA,AEA,EN,Combined TRACON& Tower with Radar,589,197,44,0,830,0,2,28,0,30,589,199,72,0,860,0,0,0,860
06/05/2023,PHL,PA,AEA,EN,Combined TRACON& Tower with Radar,610,183,23,1,817,0,0,2,0,2,610,183,25,1,819,0,0,0,819
06/06/2023,PHL,PA,AEA,EN,Combined TRACON& Tower with Radar,661,155,36,3,855,0,1,5,0,6,661,156,41,3,861,0,0,0,861
06/07/2023,PHL,PA,AEA,EN,Combined TRACON& Tower with Radar,653,184,27,2,866,0,0,0,0,0,653,184,27,2,866,0,0,0,866
06/08/2023,PHL,PA,AEA,EN,Combined TRACON& Tower with Radar,684,201,32,0,917,0,0,1,0,1,684,201,33,0,918,0,0,0,918
06/09/2023,PHL,PA,AEA,EN,Combined TRACON& Tower with Radar,657,197,31,0,885,0,0,7,0,7,657,197,38,0,892,0,0,0,892
06/10/2023,PHL,PA,AEA,EN,Combined TRACON& Tower with Radar,592,189,18,0,799,0,0,2,0,2,592,189,20,0,801,0,0,0,801
06/11/2023,PHL,PA,AEA,EN,Combined TRACON& Tower with Radar,608,188,16,0,812,0,2,7,0,9,608,190,23,0,821,0,0,0,821
06/12/2023,PHL,PA,AEA,EN,Combined TRACON& Tower with Radar,588,180,15,0,783,0,0,0,0,0,588,180,15,0,783,0,0,0,783
06/13/2023,PHL,PA,AEA,EN,Combined TRACON& Tower with Radar,656,178,20,0,854,0,0,3,0,3,656,178,23,0,857,0,0,0,857
06/14/2023,PHL,PA,AEA,EN,Combined TRACON& Tower with Radar,664,191,22,0,877,0,0,2,0,2,664,191,24,0,879,0,0,0,879
06/15/2023,PHL,PA,AEA,EN,Combined TRACON& Tower with Radar,669,207,30,2,908,0,0,23,9,32,669,207,53,11,940,0,0,0,940
06/16/2023,PHL,PA,AEA,EN,Combined TRACON& Tower with Radar,633,205,35,2,875,0,1,8,0,9,633,206,43,2,884,0,0,0,884
06/17/2023,PHL,PA,AEA,EN,Combined TRACON& Tower with Radar,589,179,14,6,788,0,3,6,7,16,589,182,20,13,804,0,0,0,804
06/18/2023,PHL,PA,AEA,EN,Combined TRACON& Tower with Radar,604,177,26,0,807,0,0,2,0,2,604,177,28,0,809,0,0,0,809
06/19/2023,PHL,PA,AEA,EN,Combined TRACON& Tower with Radar,607,189,19,0,815,0,1,4,0,5,607,190,23,0,820,0,0,0,820
06/20/2023,PHL,PA,AEA,EN,Combined TRACON& Tower with Radar,653,173,24,0,850,0,0,1,0,1,653,173,25,0,851,0,0,0,851
06/21/2023,PHL,PA,AEA,EN,Combined TRACON& Tower with Radar,662,200,37,0,899,0,0,3,0,3,662,200,40,0,902,0,0,0,902
06/22/2023,PHL,PA,AEA,EN,Combined TRACON& Tower with Radar,664,191,44,0,899,0,1,0,3,4,664,192,44,3,903,0,0,0,903
06/23/2023,PHL,PA,AEA,EN,Combined TRACON& Tower with Radar,643,201,27,0,871,0,0,0,0,0,643,201,27,0,871,0,0,0,871
06/24/2023,PHL,PA,AEA,EN,Combined TRACON& Tower with Radar,608,182,16,0,806,0,0,0,0,0,608,182,16,0,806,0,0,0,806
06/25/2023,PHL,PA,AEA,EN,Combined TRACON& Tower with Radar,594,195,11,0,800,0,0,2,2,4,594,195,13,2,804,0,0,0,804
06/26/2023,PHL,PA,AEA,EN,Combined TRACON& Tower with Radar,574,164,42,0,780,0,2,4,2,8,574,166,46,2,788,0,0,0,788
06/27/2023,PHL,PA,AEA,EN,Combined TRACON& Tower with Radar,596,160,43,0,799,0,0,4,0,4,596,160,47,0,803,0,0,0,803
06/28/2023,PHL,PA,AEA,EN,Combined TRACON& Tower with Radar,648,206,28,0,882,0,2,2,0,4,648,208,30,0,886,0,0,0,886
06/29/2023,PHL,PA,AEA,EN,Combined TRACON& Tower with Radar,679,210,35,0,924,0,0,2,0,2,679,210,37,0,926,0,0,0,926
06/30/2023,PHL,PA,AEA,EN,Combined TRACON& Tower with Radar,668,217,24,2,911,0,0,4,0,4,668,217,28,2,915,0,0,0,915
07/01/2023,PHL,PA,AEA,EN,Combined TRACON& Tower with Radar,599,179,24,0,802,0,0,7,0,7,599,179,31,0,809,0,0,0,809
07/02/2023,PHL,PA,AEA,EN,Combined TRACON& Tower with Radar,592,170,11,0,773,0,0,3,0,3,592,170,14,0,776,0,0,0,776
07/03/2023,PHL,PA,AEA,EN,Combined TRACON& Tower with Radar,526,124,5,0,655,0,0,4,0,4,526,124,9,0,659,0,0,0,659
07/04/2023,PHL,PA,AEA,EN,Combined TRACON& Tower with Radar,498,119,8,0,625,0,0,2,0,2,498,119,10,0,627,0,0,0,627
07/05/2023,PHL,PA,AEA,EN,Combined TRACON& Tower with Radar,632,157,20,0,809,0,0,2,2,4,632,157,22,2,813,0,0,0,813
07/06/2023,PHL,PA,AEA,EN,Combined TRACON& Tower with Radar,687,186,26,0,899,0,2,7,0,9,687,188,33,0,908,0,0,0,908
07/07/2023,PHL,PA,AEA,EN,Combined TRACON& Tower with Radar,664,179,23,0,866,0,0,13,0,13,664,179,36,0,879,0,0,0,879
07/08/2023,PHL,PA,AEA,EN,Combined TRACON& Tower with Radar,593,154,17,1,765,0,0,2,2,4,593,154,19,3,769,0,0,0,769
07/09/2023,PHL,PA,AEA,EN,Combined TRACON& Tower with Radar,462,111,29,1,603,0,1,2,0,3,462,112,31,1,606,0,0,0,606
07/10/2023,PHL,PA,AEA,EN,Combined TRACON& Tower with Radar,621,200,32,0,853,0,2,8,0,10,621,202,40,0,863,0,0,0,863
07/11/2023,PHL,PA,AEA,EN,Combined TRACON& Tower with Radar,698,152,29,0,879,0,0,4,0,4,698,152,33,0,883,0,0,0,883
07/12/2023,PHL,PA,AEA,EN,Combined TRACON& Tower with Radar,701,169,41,0,911,0,2,6,4,12,701,171,47,4,923,0,0,0,923
07/13/2023,PHL,PA,AEA,EN,Combined TRACON& Tower with Radar,721,178,39,0,938,0,4,3,0,7,721,182,42,0,945,0,0,0,945
07/14/2023,PHL,PA,AEA,EN,Combined TRACON& Tower with Radar,691,174,30,2,897,0,0,2,0,2,691,174,32,2,899,0,0,0,899
07/15/2023,PHL,PA,AEA,EN,Combined TRACON& Tower with Radar,642,163,18,1,824,0,1,4,2,7,642,164,22,3,831,0,0,0,831
07/16/2023,PHL,PA,AEA,EN,Combined TRACON& Tower with Radar,588,176,22,0,786,0,0,0,0,0,588,176,22,0,786,0,0,0,786
07/17/2023,PHL,PA,AEA,EN,Combined TRACON& Tower with Radar,647,186,33,0,866,0,0,2,0,2,647,186,35,0,868,0,0,0,868
07/18/2023,PHL,PA,AEA,EN,Combined TRACON& Tower with Radar,717,171,28,4,920,0,0,2,1,3,717,171,30,5,923,0,0,0,923
07/19/2023,PHL,PA,AEA,EN,Combined TRACON& Tower with Radar,702,187,28,1,918,0,0,5,0,5,702,187,33,1,923,0,0,0,923
07/20/2023,PHL,PA,AEA,EN,Combined TRACON& Tower with Radar,715,195,19,3,932,0,0,6,0,6,715,195,25,3,938,0,0,0,938
07/21/2023,PHL,PA,AEA,EN,Combined TRACON& Tower with Radar,700,189,21,2,912,0,0,12,0,12,700,189,33,2,924,0,0,0,924
07/22/2023,PHL,PA,AEA,EN,Combined TRACON& Tower with Radar,614,162,24,0,800,0,0,7,3,10,614,162,31,3,810,0,0,0,810
07/23/2023,PHL,PA,AEA,EN,Combined TRACON& Tower with Radar,629,187,26,0,842,0,3,3,0,6,629,190,29,0,848,0,0,0,848
07/24/2023,PHL,PA,AEA,EN,Combined TRACON& Tower with Radar,669,170,26,0,865,0,1,1,0,2,669,171,27,0,867,0,0,0,867
07/25/2023,PHL,PA,AEA,EN,Combined TRACON& Tower with Radar,671,166,28,0,865,0,1,5,0,6,671,167,33,0,871,0,0,0,871
07/26/2023,PHL,PA,AEA,EN,Combined TRACON& Tower with Radar,687,185,36,0,908,0,2,7,0,9,687,187,43,0,917,0,0,0,917
07/27/2023,PHL,PA,AEA,EN,Combined TRACON& Tower with Radar,685,177,39,0,901,0,0,3,0,3,685,177,42,0,904,0,0,0,904
07/28/2023,PHL,PA,AEA,EN,Combined TRACON& Tower with Radar,663,167,23,0,853,0,0,4,2,6,663,167,27,2,859,0,0,0,859
07/29/2023,PHL,PA,AEA,EN,Combined TRACON& Tower with Radar,597,149,26,0,772,0,0,3,0,3,597,149,29,0,775,0,0,0,775
07/30/2023,PHL,PA,AEA,EN,Combined TRACON& Tower with Radar,636,195,4,0,835,0,0,4,0,4,636,195,8,0,839,0,0,0,839
07/31/2023,PHL,PA,AEA,EN,Combined TRACON& Tower with Radar,653,171,14,0,838,0,0,6,0,6,653,171,20,0,844,0,0,0,844
08/01/2023,PHL,PA,AEA,EN,Combined TRACON& Tower with Radar,700,156,33,2,891,0,0,5,2,7,700,156,38,4,898,0,0,0,898
08/02/2023,PHL,PA,AEA,EN,Combined TRACON& Tower with Radar,697,169,19,0,885,0,2,8,0,10,697,171,27,0,895,0,0,0,895
08/03/2023,PHL,PA,AEA,EN,Combined TRACON& Tower with Radar,713,170,27,0,910,0,0,7,0,7,713,170,34,0,917,0,0,0,917
08/04/2023,PHL,PA,AEA,EN,Combined TRACON& Tower with Radar,685,162,21,0,868,0,0,6,0,6,685,162,27,0,874,0,0,0,874
08/05/2023,PHL,PA,AEA,EN,Combined TRACON& Tower with Radar,619,153,23,0,795,0,0,0,0,0,619,153,23,0,795,0,0,0,795
08/06/2023,PHL,PA,AEA,EN,Combined TRACON& Tower with Radar,621,181,27,0,829,0,0,8,1,9,621,181,35,1,838,0,0,0,838
08/07/2023,PHL,PA,AEA,EN,Combined TRACON& Tower with Radar,542,158,33,0,733,0,0,7,2,9,542,158,40,2,742,0,0,0,742
08/08/2023,PHL,PA,AEA,EN,Combined TRACON& Tower with Radar,688,164,19,4,875,0,0,8,0,8,688,164,27,4,883,0,0,0,883
08/09/2023,PHL,PA,AEA,EN,Combined TRACON& Tower with Radar,705,172,33,0,910,0,0,9,2,11,705,172,42,2,921,0,0,0,921
08/10/2023,PHL,PA,AEA,EN,Combined TRACON& Tower with Radar,703,179,41,0,923,0,2,0,0,2,703,181,41,0,925,0,0,0,925
08/11/2023,PHL,PA,AEA,EN,Combined TRACON& Tower with Radar,689,185,15,0,889,0,5,8,2,15,689,190,23,2,904,0,0,0,904
08/12/2023,PHL,PA,AEA,EN,Combined TRACON& Tower with Radar,621,161,21,0,803,0,0,4,0,4,621,161,25,0,807,0,0,0,807
08/13/2023,PHL,PA,AEA,EN,Combined TRACON& Tower with Radar,645,173,21,0,839,0,0,2,0,2,645,173,23,0,841,0,0,0,841
08/14/2023,PHL,PA,AEA,EN,Combined TRACON& Tower with Radar,653,165,19,0,837,0,0,6,0,6,653,165,25,0,843,0,0,0,843
08/15/2023,PHL,PA,AEA,EN,Combined TRACON& Tower with Radar,679,187,33,1,900,0,0,3,0,3,679,187,36,1,903,0,0,0,903
08/16/2023,PHL,PA,AEA,EN,Combined TRACON& Tower with Radar,688,195,35,0,918,0,1,4,0,5,688,196,39,0,923,0,0,0,923
08/17/2023,PHL,PA,AEA,EN,Combined TRACON& Tower with Radar,703,187,32,0,922,0,4,4,0,8,703,191,36,0,930,0,0,0,930
08/18/2023,PHL,PA,AEA,EN,Combined TRACON& Tower with Radar,685,176,26,0,887,0,2,3,2,7,685,178,29,2,894,0,0,0,894
08/19/2023,PHL,PA,AEA,EN,Combined TRACON& Tower with Radar,638,155,17,1,811,0,3,8,0,11,638,158,25,1,822,0,0,0,822
08/20/2023,PHL,PA,AEA,EN,Combined TRACON& Tower with Radar,621,161,15,1,798,0,1,4,0,5,621,162,19,1,803,0,0,0,803
08/21/2023,PHL,PA,AEA,EN,Combined TRACON& Tower with Radar,654,183,12,0,849,0,0,2,0,2,654,183,14,0,851,0,0,0,851
08/22/2023,PHL,PA,AEA,EN,Combined TRACON& Tower with Radar,692,158,18,0,868,0,0,15,0,15,692,158,33,0,883,0,0,0,883
08/23/2023,PHL,PA,AEA,EN,Combined TRACON& Tower with Radar,679,178,24,0,881,0,1,13,0,14,679,179,37,0,895,0,0,0,895
08/24/2023,PHL,PA,AEA,EN,Combined TRACON& Tower with Radar,702,170,32,0,904,0,1,1,0,2,702,171,33,0,906,0,0,0,906
08/25/2023,PHL,PA,AEA,EN,Combined TRACON& Tower with Radar,698,171,33,0,902,0,0,1,0,1,698,171,34,0,903,0,0,0,903
08/26/2023,PHL,PA,AEA,EN,Combined TRACON& Tower with Radar,645,149,12,1,807,0,0,3,0,3,645,149,15,1,810,0,0,0,810
08/27/2023,PHL,PA,AEA,EN,Combined TRACON& Tower with Radar,626,178,30,1,835,0,0,2,1,3,626,178,32,2,838,0,0,0,838
08/28/2023,PHL,PA,AEA,EN,Combined TRACON& Tower with Radar,649,169,23,0,841,0,1,3,0,4,649,170,26,0,845,0,0,0,845
08/29/2023,PHL,PA,AEA,EN,Combined TRACON& Tower with Radar,665,173,28,0,866,0,0,1,0,1,665,173,29,0,867,0,0,0,867
08/30/2023,PHL,PA,AEA,EN,Combined TRACON& Tower with Radar,650,174,26,0,850,0,0,4,2,6,650,174,30,2,856,0,0,0,856
08/31/2023,PHL,PA,AEA,EN,Combined TRACON& Tower with Radar,702,168,24,0,894,0,1,9,0,10,702,169,33,0,904,0,0,0,904
