01/01/2000,PHX,AZ,AWP,WE,Combined TRACON& Tower with Radar,695,111,42,4,852,63,0,26,8,97,758,111,68,12,949,53,0,53,1002
01/02/2000,PHX,AZ,AWP,WE,Combined TRACON& Tower with Radar,1016,186,62,6,1270,24,0,65,1,90,1040,186,127,7,1360,27,0,27,1387
01/03/2000,PHX,AZ,AWP,WE,Combined TRACON& Tower with Radar,1095,240,67,6,1408,9,64,67,0,140,1104,304,134,6,1548,37,0,37,1585
01/04/2000,PHX,AZ,AWP,WE,Combined TRACON& Tower with Radar,1120,250,70,6,1446,0,61,138,10,209,1120,311,208,16,1655,73,0,73,1728
01/05/2000,PHX,AZ,AWP,WE,Combined TRACON& Tower with Radar,1116,249,70,6,1441,0,71,97,6,174,1116,320,167,12,1615,76,0,76,1691
01/06/2000,PHX,AZ,AWP,WE,Combined TRACON& Tower with Radar,1122,250,69,6,1447,0,73,119,8,200,1122,323,188,14,1647,43,0,43,1690
01/07/2000,PHX,AZ,AWP,WE,Combined TRACON& Tower with Radar,1104,242,67,6,1419,10,61,123,12,206,1114,303,190,18,1625,31,12,43,1668
01/08/2000,PHX,AZ,AWP,WE,Combined TRACON& Tower with Radar,930,203,57,5,1195,39,0,85,15,139,969,203,142,20,1334,34,0,34,1368
01/09/2000,PHX,AZ,AWP,WE,Combined TRACON& Tower with Radar,991,202,59,6,1258,44,0,145,25,214,1035,202,204,31,1472,53,0,53,1525
01/10/2000,PHX,AZ,AWP,WE,Combined TRACON& Tower with Radar,1048,230,63,7,1348,3,63,90,6,162,1051,293,153,13,1510,42,1,43,1553
01/11/2000,PHX,AZ,AWP,WE,Combined TRACON& Tower with Radar,1120,247,68,7,1442,0,64,122,7,193,1120,311,190,14,1635,35,4,39,1674
01/12/2000,PHX,AZ,AWP,WE,Combined TRACON& Tower with Radar,1144,255,70,8,1477,0,51,148,0,199,1144,306,218,8,1676,52,0,52,1728
01/13/2000,PHX,AZ,AWP,WE,Combined TRACON& Tower with Radar,1142,254,70,8,1474,0,76,139,18,233,1142,330,209,26,1707,37,12,49,1756
01/14/2000,PHX,AZ,AWP,WE,Combined TRACON& Tower with Radar,1118,251,69,7,1445,0,70,142,9,221,1118,321,211,16,1666,10,0,10,1676
01/15/2000,PHX,AZ,AWP,WE,Combined TRACON& Tower with Radar,932,186,56,6,1180,62,0,83,4,149,994,186,139,10,1329,27,4,31,1360
01/16/2000,PHX,AZ,AWP,WE,Combined TRACON& Tower with Radar,1009,200,60,7,1276,45,0,72,4,121,1054,200,132,11,1397,27,0,27,1424
01/17/2000,PHX,AZ,AWP,WE,Combined TRACON& Tower with Radar,1077,237,64,7,1385,11,24,76,1,112,1088,261,140,8,1497,40,0,40,1537
01/18/2000,PHX,AZ,AWP,WE,Combined TRACON& Tower with Radar,1115,252,69,7,1443,0,61,136,17,214,1115,313,205,24,1657,45,0,45,1702
01/19/2000,PHX,AZ,AWP,WE,Combined TRACON& Tower with Radar,1135,256,70,8,1469,0,66,138,11,215,1135,322,208,19,1684,61,4,65,1749
01/20/2000,PHX,AZ,AWP,WE,Combined TRACON& Tower with Radar,1120,252,69,7,1448,0,65,137,10,212,1120,317,206,17,1660,61,0,61,1721
01/21/2000,PHX,AZ,AWP,WE,Combined TRACON& Tower with Radar,1150,253,70,7,1480,0,68,103,13,184,1150,321,173,20,1664,42,16,58,1722
01/22/2000,PHX,AZ,AWP,WE,Combined TRACON& Tower with Radar,936,197,56,6,1195,44,0,134,6,184,980,197,190,12,1379,24,0,24,1403
01/23/2000,PHX,AZ,AWP,WE,Combined TRACON& Tower with Radar,1035,207,62,7,1311,31,0,133,2,166,1066,207,195,9,1477,49,0,49,1526
01/24/2000,PHX,AZ,AWP,WE,Combined TRACON& Tower with Radar,1096,239,66,7,1408,7,48,111,3,169,1103,287,177,10,1577,42,0,42,1619
01/25/2000,PHX,AZ,AWP,WE,Combined TRACON& Tower with Radar,1086,247,68,6,1407,0,78,109,14,201,1086,325,177,20,1608,45,0,45,1653
01/26/2000,PHX,AZ,AWP,WE,Combined TRACON& Tower with Radar,1116,259,71,7,1453,0,70,150,4,224,1116,329,221,11,1677,51,0,51,1728
01/27/2000,PHX,AZ,AWP,WE,Combined TRACON& Tower with Radar,1113,253,70,6,1442,0,70,151,18,239,1113,323,221,24,1681,54,0,54,1735
01/28/2000,PHX,AZ,AWP,WE,Combined TRACON& Tower with Radar,1132,255,69,7,1463,0,63,159,9,231,1132,318,228,16,1694,40,0,40,1734
01/29/2000,PHX,AZ,AWP,WE,Combined TRACON& Tower with Radar,950,190,57,5,1202,39,0,126,2,167,989,190,183,7,1369,44,0,44,1413
01/30/2000,PHX,AZ,AWP,WE,Combined TRACON& Tower with Radar,1021,195,61,5,1282,45,0,64,0,109,1066,195,125,5,1391,49,0,49,1440
01/31/2000,PHX,AZ,AWP,WE,Combined TRACON& Tower with Radar,1101,246,67,6,1420,0,59,120,10,189,1101,305,187,16,1609,46,0,46,1655
02/01/2000,PHX,AZ,AWP,WE,Combined TRACON& Tower with Radar,1133,252,81,6,1472,0,70,159,19,248,1133,322,240,25,1720,183,17,200,1920
02/02/2000,PHX,AZ,AWP,WE,Combined TRACON& Tower with Radar,1128,257,83,6,1474,0,70,149,24,243,1128,327,232,30,1717,160,20,180,1897
02/03/2000,PHX,AZ,AWP,WE,Combined TRACON& Tower with Radar,1120,253,81,6,1460,0,70,149,9,228,1120,323,230,15,1688,193,10,203,1891
02/04/2000,PHX,AZ,AWP,WE,Combined TRACON& Tower with Radar,1129,252,81,6,1468,0,55,169,26,250,1129,307,250,32,1718,184,42,226,1944
02/05/2000,PHX,AZ,AWP,WE,Combined TRACON& Tower with Radar,940,186,67,5,1198,45,0,144,26,215,985,186,211,31,1413,145,3,148,1561
02/06/2000,PHX,AZ,AWP,WE,Combined TRACON& Tower with Radar,1020,217,72,5,1314,35,0,106,7,148,1055,217,178,12,1462,115,2,117,1579
02/07/2000,PHX,AZ,AWP,WE,Combined TRACON& Tower with Radar,1092,242,77,6,1417,2,544,141,8,695,1094,786,218,14,2112,137,20,157,2269
02/08/2000,PHX,AZ,AWP,WE,Combined TRACON& Tower with Radar,1139,252,81,6,1478,0,60,179,12,251,1139,312,260,18,1729,199,21,220,1949
02/09/2000,PHX,AZ,AWP,WE,Combined TRACON& Tower with Radar,1130,253,81,6,1470,0,56,175,8,239,1130,309,256,14,1709,212,18,230,1939
02/10/2000,PHX,AZ,AWP,WE,Combined TRACON& Tower with Radar,1129,251,80,7,1467,0,69,151,17,237,1129,320,231,24,1704,181,14,195,1899
02/11/2000,PHX,AZ,AWP,WE,Combined TRACON& Tower with Radar,1134,252,80,7,1473,0,68,188,17,273,1134,320,268,24,1746,208,12,220,1966
02/12/2000,PHX,AZ,AWP,WE,Combined TRACON& Tower with Radar,958,190,67,4,1219,50,0,116,0,166,1008,190,183,4,1385,143,0,143,1528
02/13/2000,PHX,AZ,AWP,WE,Combined TRACON& Tower with Radar,993,196,70,6,1265,58,0,138,5,201,1051,196,208,11,1466,194,0,194,1660
02/14/2000,PHX,AZ,AWP,WE,Combined TRACON& Tower with Radar,1093,242,76,7,1418,16,59,141,3,219,1109,301,217,10,1637,149,2,151,1788
02/15/2000,PHX,AZ,AWP,WE,Combined TRACON& Tower with Radar,1150,257,82,7,1496,0,58,210,6,274,1150,315,292,13,1770,195,14,209,1979
02/16/2000,PHX,AZ,AWP,WE,Combined TRACON& Tower with Radar,1126,259,82,7,1474,0,69,204,9,282,1126,328,286,16,1756,155,0,155,1911
02/17/2000,PHX,AZ,AWP,WE,Combined TRACON& Tower with Radar,1011,238,75,7,1331,0,91,194,6,291,1011,329,269,13,1622,214,4,218,1840
02/18/2000,PHX,AZ,AWP,WE,Combined TRACON& Tower with Radar,1109,250,80,3,1442,0,38,300,0,338,1109,288,380,3,1780,234,6,240,2020
02/19/2000,PHX,AZ,AWP,WE,Combined TRACON& Tower with Radar,965,201,67,6,1239,54,0,138,0,192,1019,201,205,6,1431,160,3,163,1594
02/20/2000,PHX,AZ,AWP,WE,Combined TRACON& Tower with Radar,1012,205,71,4,1292,53,0,85,0,138,1065,205,156,4,1430,190,0,190,1620
02/21/2000,PHX,AZ,AWP,WE,Combined TRACON& Tower with Radar,1095,240,77,3,1415,8,17,90,0,115,1103,257,167,3,1530,131,7,138,1668
02/22/2000,PHX,AZ,AWP,WE,Combined TRACON& Tower with Radar,1144,257,81,7,1489,0,59,154,9,222,1144,316,235,16,1711,183,5,188,1899
02/23/2000,PHX,AZ,AWP,WE,Combined TRACON& Tower with Radar,1153,258,83,7,1501,0,56,171,4,231,1153,314,254,11,1732,202,7,209,1941
02/24/2000,PHX,AZ,AWP,WE,Combined TRACON& Tower with Radar,1151,262,83,7,1503,0,55,144,9,208,1151,317,227,16,1711,156,12,168,1879
02/25/2000,PHX,AZ,AWP,WE,Combined TRACON& Tower with Radar,1141,262,84,7,1494,0,67,172,8,247,1141,329,256,15,1741,186,0,186,1927
02/26/2000,PHX,AZ,AWP,WE,Combined TRACON& Tower with Radar,983,190,69,6,1248,42,0,136,8,186,1025,190,205,14,1434,154,0,154,1588
02/27/2000,PHX,AZ,AWP,WE,Combined TRACON& Tower with Radar,1054,198,74,6,1332,24,0,176,8,208,1078,198,250,14,1540,214,0,214,1754
02/28/2000,PHX,AZ,AWP,WE,Combined TRACON& Tower with Radar,1131,250,79,6,1466,12,46,129,8,195,1143,296,208,14,1661,158,6,164,1825
02/29/2000,PHX,AZ,AWP,WE,Combined TRACON& Tower with Radar,1167,260,82,6,1515,0,53,193,6,252,1167,313,275,12,1767,153,10,163,1930
03/01/2000,PHX,AZ,AWP,WE,Combined TRACON& Tower with Radar,1169,255,86,5,1515,0,57,164,0,221,1169,312,250,5,1736,137,0,137,1873
03/02/2000,PHX,AZ,AWP,WE,Combined TRACON& Tower with Radar,1161,251,85,6,1503,0,63,175,8,246,1161,314,260,14,1749,194,10,204,1953
03/03/2000,PHX,AZ,AWP,WE,Combined TRACON& Tower with Radar,1164,251,85,6,1506,0,75,201,14,290,1164,326,286,20,1796,174,2,176,1972
03/04/2000,PHX,AZ,AWP,WE,Combined TRACON& Tower with Radar,966,190,69,5,1230,63,0,98,2,163,1029,190,167,7,1393,171,0,171,1564
03/05/2000,PHX,AZ,AWP,WE,Combined TRACON& Tower with Radar,981,172,70,5,1228,31,0,37,1,69,1012,172,107,6,1297,91,0,91,1388
03/06/2000,PHX,AZ,AWP,WE,Combined TRACON& Tower with Radar,996,206,71,4,1277,0,0,46,0,46,996,206,117,4,1323,92,0,92,1415
03/07/2000,PHX,AZ,AWP,WE,Combined TRACON& Tower with Radar,1108,242,82,6,1438,0,545,73,5,623,1108,787,155,11,2061,124,0,124,2185
03/08/2000,PHX,AZ,AWP,WE,Combined TRACON& Tower with Radar,1165,250,84,6,1505,0,74,137,2,213,1165,324,221,8,1718,191,10,201,1919
03/09/2000,PHX,AZ,AWP,WE,Combined TRACON& Tower with Radar,1191,253,85,6,1535,0,65,170,7,242,1191,318,255,13,1777,170,6,176,1953
03/10/2000,PHX,AZ,AWP,WE,Combined TRACON& Tower with Radar,1160,246,84,6,1496,0,72,136,11,219,1160,318,220,17,1715,208,6,214,1929
03/11/2000,PHX,AZ,AWP,WE,Combined TRACON& Tower with Radar,998,196,71,5,1270,44,0,114,0,158,1042,196,185,5,1428,181,0,181,1609
03/12/2000,PHX,AZ,AWP,WE,Combined TRACON& Tower with Radar,1064,225,76,6,1371,48,7,252,48,355,1112,232,328,54,1726,77,2,79,1805
03/13/2000,PHX,AZ,AWP,WE,Combined TRACON& Tower with Radar,1119,236,79,7,1441,26,51,124,1,202,1145,287,203,8,1643,207,0,207,1850
03/14/2000,PHX,AZ,AWP,WE,Combined TRACON& Tower with Radar,1164,246,82,7,1499,5,64,134,3,206,1169,310,216,10,1705,115,9,124,1829
03/15/2000,PHX,AZ,AWP,WE,Combined TRACON& Tower with Radar,1183,253,85,7,1528,0,74,151,10,235,1183,327,236,17,1763,171,4,175,1938
03/16/2000,PHX,AZ,AWP,WE,Combined TRACON& Tower with Radar,1181,255,85,7,1528,0,67,198,17,282,1181,322,283,24,1810,177,17,194,2004
03/17/2000,PHX,AZ,AWP,WE,Combined TRACON& Tower with Radar,1190,253,85,7,1535,0,74,174,9,257,1190,327,259,16,1792,164,15,179,1971
03/18/2000,PHX,AZ,AWP,WE,Combined TRACON& Tower with Radar,1004,126,71,6,1207,47,0,131,4,182,1051,126,202,10,1389,157,0,157,1546
03/19/2000,PHX,AZ,AWP,WE,Combined TRACON& Tower with Radar,1087,207,77,6,1377,28,0,137,3,168,1115,207,214,9,1545,129,8,137,1682
03/20/2000,PHX,AZ,AWP,WE,Combined TRACON& Tower with Radar,1109,233,79,6,1427,14,43,50,4,111,1123,276,129,10,1538,122,6,128,1666
03/21/2000,PHX,AZ,AWP,WE,Combined TRACON& Tower with Radar,1201,256,87,7,1551,0,52,145,5,202,1201,308,232,12,1753,160,29,189,1942
03/22/2000,PHX,AZ,AWP,WE,Combined TRACON& Tower with Radar,1192,258,86,7,1543,0,54,190,1,245,1192,312,276,8,1788,197,6,203,1991
03/23/2000,PHX,AZ,AWP,WE,Combined TRACON& Tower with Radar,1212,257,87,7,1563,0,56,178,6,240,1212,313,265,13,1803,172,14,186,1989
03/24/2000,PHX,AZ,AWP,WE,Combined TRACON& Tower with Radar,1198,254,86,7,1545,0,59,181,3,243,1198,313,267,10,1788,202,4,206,1994
03/25/2000,PHX,AZ,AWP,WE,Combined TRACON& Tower with Radar,1000,196,71,6,1273,39,0,140,0,179,1039,196,211,6,1452,174,8,182,1634
03/26/2000,PHX,AZ,AWP,WE,Combined TRACON& Tower with Radar,1074,207,76,5,1362,42,0,120,4,166,1116,207,196,9,1528,135,0,135,1663
03/27/2000,PHX,AZ,AWP,WE,Combined TRACON& Tower with Radar,1135,242,81,6,1464,0,58,105,9,172,1135,300,186,15,1636,178,0,178,1814
03/28/2000,PHX,AZ,AWP,WE,Combined TRACON& Tower with Radar,1178,254,85,6,1523,0,48,125,4,177,1178,302,210,10,1700,172,12,184,1884
03/29/2000,PHX,AZ,AWP,WE,Combined TRACON& Tower with Radar,1148,244,82,6,1480,0,69,201,3,273,1148,313,283,9,1753,178,4,182,1935
03/30/2000,PHX,AZ,AWP,WE,Combined TRACON& Tower with Radar,1197,256,86,6,1545,0,68,146,12,226,1197,324,232,18,1771,187,14,201,1972
03/31/2000,PHX,AZ,AWP,WE,Combined TRACON& Tower with Radar,1154,248,83,6,1491,0,58,131,6,195,1154,306,214,12,1686,219,16,235,1921
04/01/2000,PHX,AZ,AWP,WE,Combined TRACON& Tower with Radar,1004,194,62,5,1265,38,0,93,3,134,1042,194,155,8,1399,139,0,139,1538
04/02/2000,PHX,AZ,AWP,WE,Combined TRACON& Tower with Radar,1071,199,65,6,1341,42,0,91,3,136,1113,199,156,9,1477,116,0,116,1593
04/03/2000,PHX,AZ,AWP,WE,Combined TRACON& Tower with Radar,1135,222,69,6,1432,4,54,121,3,182,1139,276,190,9,1614,125,0,125,1739
04/04/2000,PHX,AZ,AWP,WE,Combined TRACON& Tower with Radar,1164,232,72,7,1475,0,89,157,6,252,1164,321,229,13,1727,169,15,184,1911
04/05/2000,PHX,AZ,AWP,WE,Combined TRACON& Tower with Radar,1161,230,72,7,1470,0,76,199,3,278,1161,306,271,10,1748,205,17,222,1970
04/06/2000,PHX,AZ,AWP,WE,Combined TRACON& Tower with Radar,1172,235,73,7,1487,0,84,189,5,278,1172,319,262,12,1765,144,12,156,1921
04/07/2000,PHX,AZ,AWP,WE,Combined TRACON& Tower with Radar,1164,231,72,7,1474,0,178,170,9,357,1164,409,242,16,1831,191,25,216,2047
04/08/2000,PHX,AZ,AWP,WE,Combined TRACON& Tower with Radar,1004,188,62,5,1259,23,0,114,20,157,1027,188,176,25,1416,158,8,166,1582
04/09/2000,PHX,AZ,AWP,WE,Combined TRACON& Tower with Radar,1066,194,65,6,1331,29,0,119,9,157,1095,194,184,15,1488,159,4,163,1651
04/10/2000,PHX,AZ,AWP,WE,Combined TRACON& Tower with Radar,1147,224,69,7,1447,0,60,145,11,216,1147,284,214,18,1663,141,7,148,1811
04/11/2000,PHX,AZ,AWP,WE,Combined TRACON& Tower with Radar,1165,231,71,8,1475,0,70,170,10,250,1165,301,241,18,1725,186,15,201,1926
04/12/2000,PHX,AZ,AWP,WE,Combined TRACON& Tower with Radar,1171,237,73,8,1489,0,69,179,8,256,1171,306,252,16,1745,150,28,178,1923
04/13/2000,PHX,AZ,AWP,WE,Combined TRACON& Tower with Radar,1198,238,73,8,1517,0,70,206,13,289,1198,308,279,21,1806,182,20,202,2008
04/14/2000,PHX,AZ,AWP,WE,Combined TRACON& Tower with Radar,1179,235,72,8,1494,0,59,187,8,254,1179,294,259,16,1748,176,27,203,1951
04/15/2000,PHX,AZ,AWP,WE,Combined TRACON& Tower with Radar,989,180,60,6,1235,37,0,135,5,177,1026,180,195,11,1412,114,0,114,1526
04/16/2000,PHX,AZ,AWP,WE,Combined TRACON& Tower with Radar,1043,183,62,6,1294,45,0,95,0,140,1088,183,157,6,1434,155,4,159,1593
04/17/2000,PHX,AZ,AWP,WE,Combined TRACON& Tower with Radar,1127,221,68,7,1423,0,56,132,7,195,1127,277,200,14,1618,137,0,137,1755
04/18/2000,PHX,AZ,AWP,WE,Combined TRACON& Tower with Radar,1176,231,71,8,1486,0,67,129,1,197,1176,298,200,9,1683,140,22,162,1845
04/19/2000,PHX,AZ,AWP,WE,Combined TRACON& Tower with Radar,1177,236,72,8,1493,0,77,196,3,276,1177,313,268,11,1769,161,12,173,1942
04/20/2000,PHX,AZ,AWP,WE,Combined TRACON& Tower with Radar,1159,231,71,8,1469,0,79,167,5,251,1159,310,238,13,1720,183,14,197,1917
04/21/2000,PHX,AZ,AWP,WE,Combined TRACON& Tower with Radar,1167,228,70,6,1471,2,62,153,6,223,1169,290,223,12,1694,155,18,173,1867
04/22/2000,PHX,AZ,AWP,WE,Combined TRACON& Tower with Radar,989,189,59,5,1242,53,0,68,3,124,1042,189,127,8,1366,126,1,127,1493
04/23/2000,PHX,AZ,AWP,WE,Combined TRACON& Tower with Radar,1043,178,62,4,1287,60,0,80,0,140,1103,178,142,4,1427,158,0,158,1585
04/24/2000,PHX,AZ,AWP,WE,Combined TRACON& Tower with Radar,1153,227,70,6,1456,0,58,163,5,226,1153,285,233,11,1682,128,0,128,1810
04/25/2000,PHX,AZ,AWP,WE,Combined TRACON& Tower with Radar,1159,228,70,6,1463,0,65,183,6,254,1159,293,253,12,1717,187,30,217,1934
04/26/2000,PHX,AZ,AWP,WE,Combined TRACON& Tower with Radar,1151,229,71,6,1457,0,73,175,7,255,1151,302,246,13,1712,201,12,213,1925
04/27/2000,PHX,AZ,AWP,WE,Combined TRACON& Tower with Radar,1166,233,71,7,1477,0,81,232,6,319,1166,314,303,13,1796,174,28,202,1998
04/28/2000,PHX,AZ,AWP,WE,Combined TRACON& Tower with Radar,1184,234,72,7,1497,0,79,234,17,330,1184,313,306,24,1827,208,14,222,2049
04/29/2000,PHX,AZ,AWP,WE,Combined TRACON& Tower with Radar,977,181,58,5,1221,50,0,121,5,176,1027,181,179,10,1397,147,9,156,1553
04/30/2000,PHX,AZ,AWP,WE,Combined TRACON& Tower with Radar,1051,191,63,6,1311,46,0,106,4,156,1097,191,169,10,1467,133,3,136,1603
05/01/2000,PHX,AZ,AWP,WE,Combined TRACON& Tower with Radar,1113,218,62,4,1397,7,56,129,4,196,1120,274,191,8,1593,164,14,178,1771
05/02/2000,PHX,AZ,AWP,WE,Combined TRACON& Tower with Radar,1164,232,67,4,1467,0,78,197,10,285,1164,310,264,14,1752,148,10,158,1910
05/03/2000,PHX,AZ,AWP,WE,Combined TRACON& Tower with Radar,1162,235,66,5,1468,0,71,204,6,281,1162,306,270,11,1749,173,28,201,1950
05/04/2000,PHX,AZ,AWP,WE,Combined TRACON& Tower with Radar,1156,232,65,5,1458,0,70,173,8,251,1156,302,238,13,1709,194,31,225,1934
05/05/2000,PHX,AZ,AWP,WE,Combined TRACON& Tower with Radar,1163,232,66,5,1466,0,75,185,6,266,1163,307,251,11,1732,204,43,247,1979
05/06/2000,PHX,AZ,AWP,WE,Combined TRACON& Tower with Radar,966,188,53,2,1209,33,0,142,0,175,999,188,195,2,1384,134,15,149,1533
05/07/2000,PHX,AZ,AWP,WE,Combined TRACON& Tower with Radar,1041,186,57,5,1289,48,0,88,1,137,1089,186,145,6,1426,105,2,107,1533
05/08/2000,PHX,AZ,AWP,WE,Combined TRACON& Tower with Radar,1111,218,61,5,1395,8,63,134,3,208,1119,281,195,8,1603,162,15,177,1780
05/09/2000,PHX,AZ,AWP,WE,Combined TRACON& Tower with Radar,1163,231,65,5,1464,0,62,177,8,247,1163,293,242,13,1711,183,20,203,1914
05/10/2000,PHX,AZ,AWP,WE,Combined TRACON& Tower with Radar,1145,230,65,5,1445,0,67,148,7,222,1145,297,213,12,1667,167,9,176,1843
05/11/2000,PHX,AZ,AWP,WE,Combined TRACON& Tower with Radar,1165,235,67,5,1472,0,73,196,3,272,1165,308,263,8,1744,190,23,213,1957
05/12/2000,PHX,AZ,AWP,WE,Combined TRACON& Tower with Radar,1132,228,65,5,1430,0,74,202,0,276,1132,302,267,5,1706,168,13,181,1887
05/13/2000,PHX,AZ,AWP,WE,Combined TRACON& Tower with Radar,959,184,53,4,1200,24,0,129,1,154,983,184,182,5,1354,144,0,144,1498
05/14/2000,PHX,AZ,AWP,WE,Combined TRACON& Tower with Radar,1016,181,55,5,1257,44,0,65,3,112,1060,181,120,8,1369,150,0,150,1519
05/15/2000,PHX,AZ,AWP,WE,Combined TRACON& Tower with Radar,1142,223,63,5,1433,0,59,179,9,247,1142,282,242,14,1680,142,0,142,1822
05/16/2000,PHX,AZ,AWP,WE,Combined TRACON& Tower with Radar,1151,230,65,5,1451,0,79,174,5,258,1151,309,239,10,1709,206,10,216,1925
05/17/2000,PHX,AZ,AWP,WE,Combined TRACON& Tower with Radar,1153,229,65,5,1452,0,90,170,7,267,1153,319,235,12,1719,189,18,207,1926
05/18/2000,PHX,AZ,AWP,WE,Combined TRACON& Tower with Radar,1114,226,63,5,1408,0,81,187,6,274,1114,307,250,11,1682,147,8,155,1837
05/19/2000,PHX,AZ,AWP,WE,Combined TRACON& Tower with Radar,1144,226,64,5,1439,0,39,252,39,330,1144,265,316,44,1769,229,9,238,2007
05/20/2000,PHX,AZ,AWP,WE,Combined TRACON& Tower with Radar,938,175,52,4,1169,42,0,101,8,151,980,175,153,12,1320,144,0,144,1464
05/21/2000,PHX,AZ,AWP,WE,Combined TRACON& Tower with Radar,1036,183,57,5,1281,36,0,103,0,139,1072,183,160,5,1420,142,0,142,1562
05/22/2000,PHX,AZ,AWP,WE,Combined TRACON& Tower with Radar,1113,217,61,5,1396,9,50,132,7,198,1122,267,193,12,1594,134,0,134,1728
05/23/2000,PHX,AZ,AWP,WE,Combined TRACON& Tower with Radar,1179,235,66,6,1486,0,76,176,3,255,1179,311,242,9,1741,179,16,195,1936
05/24/2000,PHX,AZ,AWP,WE,Combined TRACON& Tower with Radar,1154,230,65,5,1454,0,69,175,1,245,1154,299,240,6,1699,186,12,198,1897
05/25/2000,PHX,AZ,AWP,WE,Combined TRACON& Tower with Radar,1179,234,66,5,1484,0,61,185,1,247,1179,295,251,6,1731,133,16,149,1880
05/26/2000,PHX,AZ,AWP,WE,Combined TRACON& Tower with Radar,1145,229,65,4,1443,0,76,203,8,287,1145,305,268,12,1730,181,7,188,1918
05/27/2000,PHX,AZ,AWP,WE,Combined TRACON& Tower with Radar,890,127,49,3,1069,67,0,122,8,197,957,127,171,11,1266,160,8,168,1434
05/28/2000,PHX,AZ,AWP,WE,Combined TRACON& Tower with Radar,846,98,46,2,992,101,0,103,0,204,947,98,149,2,1196,121,0,121,1317
05/29/2000,PHX,AZ,AWP,WE,Combined TRACON& Tower with Radar,1002,161,55,4,1222,74,0,76,7,157,1076,161,131,11,1379,83,7,90,1469
05/30/2000,PHX,AZ,AWP,WE,Combined TRACON& Tower with Radar,1116,218,61,4,1399,11,71,123,2,207,1127,289,184,6,1606,149,3,152,1758
05/31/2000,PHX,AZ,AWP,WE,Combined TRACON& Tower with Radar,1162,230,64,4,1460,0,78,147,6,231,1162,308,211,10,1691,147,5,152,1843
06/01/2000,PHX,AZ,AWP,WE,Combined TRACON& Tower with Radar,1148,234,64,6,1452,0,59,163,4,226,1148,293,227,10,1678,161,4,165,1843
06/02/2000,PHX,AZ,AWP,WE,Combined TRACON& Tower with Radar,1140,233,63,6,1442,0,66,155,3,224,1140,299,218,9,1666,154,2,156,1822
06/03/2000,PHX,AZ,AWP,WE,Combined TRACON& Tower with Radar,943,171,52,5,1171,50,0,127,3,180,993,171,179,8,1351,122,4,126,1477
06/04/2000,PHX,AZ,AWP,WE,Combined TRACON& Tower with Radar,1002,178,55,5,1240,63,0,58,4,125,1065,178,113,9,1365,89,3,92,1457
06/05/2000,PHX,AZ,AWP,WE,Combined TRACON& Tower with Radar,1117,228,62,6,1413,0,47,159,2,208,1117,275,221,8,1621,136,0,136,1757
06/06/2000,PHX,AZ,AWP,WE,Combined TRACON& Tower with Radar,1138,235,64,6,1443,0,94,105,4,203,1138,329,169,10,1646,127,2,129,1775
06/07/2000,PHX,AZ,AWP,WE,Combined TRACON& Tower with Radar,1152,241,66,6,1465,0,87,187,9,283,1152,328,253,15,1748,165,14,179,1927
06/08/2000,PHX,AZ,AWP,WE,Combined TRACON& Tower with Radar,1144,237,65,6,1452,0,80,164,7,251,1144,317,229,13,1703,216,12,228,1931
06/09/2000,PHX,AZ,AWP,WE,Combined TRACON& Tower with Radar,1168,241,64,7,1480,0,18,224,16,258,1168,259,288,23,1738,207,14,221,1959
06/10/2000,PHX,AZ,AWP,WE,Combined TRACON& Tower with Radar,941,190,51,6,1188,46,1,97,3,147,987,191,148,9,1335,149,4,153,1488
06/11/2000,PHX,AZ,AWP,WE,Combined TRACON& Tower with Radar,1023,184,55,6,1268,57,0,80,4,141,1080,184,135,10,1409,156,0,156,1565
06/12/2000,PHX,AZ,AWP,WE,Combined TRACON& Tower with Radar,1107,223,60,4,1394,15,71,90,0,176,1122,294,150,4,1570,126,0,126,1696
06/13/2000,PHX,AZ,AWP,WE,Combined TRACON& Tower with Radar,1118,228,61,7,1414,0,71,147,3,221,1118,299,208,10,1635,124,0,124,1759
06/14/2000,PHX,AZ,AWP,WE,Combined TRACON& Tower with Radar,1111,228,61,7,1407,0,83,123,2,208,1111,311,184,9,1615,154,16,170,1785
06/15/2000,PHX,AZ,AWP,WE,Combined TRACON& Tower with Radar,1141,238,64,7,1450,0,69,192,4,265,1141,307,256,11,1715,196,12,208,1923
06/16/2000,PHX,AZ,AWP,WE,Combined TRACON& Tower with Radar,1133,228,61,7,1429,3,68,145,6,222,1136,296,206,13,1651,199,0,199,1850
06/17/2000,PHX,AZ,AWP,WE,Combined TRACON& Tower with Radar,971,187,52,6,1216,48,0,85,0,133,1019,187,137,6,1349,142,1,143,1492
06/18/2000,PHX,AZ,AWP,WE,Combined TRACON& Tower with Radar,1036,196,56,5,1293,33,0,96,0,129,1069,196,152,5,1422,135,2,137,1559
06/19/2000,PHX,AZ,AWP,WE,Combined TRACON& Tower with Radar,1116,225,60,7,1408,0,51,109,4,164,1116,276,169,11,1572,121,4,125,1697
06/20/2000,PHX,AZ,AWP,WE,Combined TRACON& Tower with Radar,1095,228,61,7,1391,0,77,151,7,235,1095,305,212,14,1626,130,7,137,1763
06/21/2000,PHX,AZ,AWP,WE,Combined TRACON& Tower with Radar,1144,232,62,7,1445,0,59,170,8,237,1144,291,232,15,1682,150,18,168,1850
06/22/2000,PHX,AZ,AWP,WE,Combined TRACON& Tower with Radar,1144,233,63,7,1447,0,69,132,5,206,1144,302,195,12,1653,183,10,193,1846
06/23/2000,PHX,AZ,AWP,WE,Combined TRACON& Tower with Radar,1137,230,62,7,1436,0,72,169,2,243,1137,302,231,9,1679,180,10,190,1869
06/24/2000,PHX,AZ,AWP,WE,Combined TRACON& Tower with Radar,976,186,53,6,1221,46,0,101,7,154,1022,186,154,13,1375,125,0,125,1500
06/25/2000,PHX,AZ,AWP,WE,Combined TRACON& Tower with Radar,1030,178,56,6,1270,49,0,90,4,143,1079,178,146,10,1413,121,1,122,1535
06/26/2000,PHX,AZ,AWP,WE,Combined TRACON& Tower with Radar,1116,227,61,6,1410,0,49,137,6,192,1116,276,198,12,1602,134,0,134,1736
06/27/2000,PHX,AZ,AWP,WE,Combined TRACON& Tower with Radar,1158,237,64,6,1465,0,73,143,4,220,1158,310,207,10,1685,134,4,138,1823
06/28/2000,PHX,AZ,AWP,WE,Combined TRACON& Tower with Radar,1144,234,63,6,1447,0,70,133,6,209,1144,304,196,12,1656,145,4,149,1805
06/29/2000,PHX,AZ,AWP,WE,Combined TRACON& Tower with Radar,1108,228,61,6,1403,0,50,166,3,219,1108,278,227,9,1622,150,4,154,1776
06/30/2000,PHX,AZ,AWP,WE,Combined TRACON& Tower with Radar,1117,230,61,6,1414,0,69,187,16,272,1117,299,248,22,1686,155,10,165,1851
07/01/2000,PHX,AZ,AWP,WE,Combined TRACON& Tower with Radar,934,168,49,5,1156,48,0,106,3,157,982,168,155,8,1313,116,0,116,1429
07/02/2000,PHX,AZ,AWP,WE,Combined TRACON& Tower with Radar,878,140,46,4,1068,54,0,86,2,142,932,140,132,6,1210,147,0,147,1357
07/03/2000,PHX,AZ,AWP,WE,Combined TRACON& Tower with Radar,859,164,45,4,1072,27,39,86,1,153,886,203,131,5,1225,85,2,87,1312
07/04/2000,PHX,AZ,AWP,WE,Combined TRACON& Tower with Radar,907,157,47,3,1114,61,0,50,0,111,968,157,97,3,1225,129,5,134,1359
07/05/2000,PHX,AZ,AWP,WE,Combined TRACON& Tower with Radar,1128,215,59,6,1408,0,69,166,1,236,1128,284,225,7,1644,190,6,196,1840
07/06/2000,PHX,AZ,AWP,WE,Combined TRACON& Tower with Radar,1154,221,60,6,1441,0,66,157,7,230,1154,287,217,13,1671,172,12,184,1855
07/07/2000,PHX,AZ,AWP,WE,Combined TRACON& Tower with Radar,1135,217,60,6,1418,0,87,111,8,206,1135,304,171,14,1624,160,15,175,1799
07/08/2000,PHX,AZ,AWP,WE,Combined TRACON& Tower with Radar,963,170,50,5,1188,45,0,64,1,110,1008,170,114,6,1298,110,0,110,1408
07/09/2000,PHX,AZ,AWP,WE,Combined TRACON& Tower with Radar,1045,181,54,4,1284,35,0,100,0,135,1080,181,154,4,1419,163,0,163,1582
07/10/2000,PHX,AZ,AWP,WE,Combined TRACON& Tower with Radar,1114,212,58,5,1389,7,61,97,6,171,1121,273,155,11,1560,108,0,108,1668
07/11/2000,PHX,AZ,AWP,WE,Combined TRACON& Tower with Radar,1170,228,62,6,1466,0,79,192,8,279,1170,307,254,14,1745,192,5,197,1942
07/12/2000,PHX,AZ,AWP,WE,Combined TRACON& Tower with Radar,1149,221,60,7,1437,0,70,169,7,246,1149,291,229,14,1683,180,4,184,1867
07/13/2000,PHX,AZ,AWP,WE,Combined TRACON& Tower with Radar,1136,225,61,7,1429,0,89,181,6,276,1136,314,242,13,1705,180,14,194,1899
07/14/2000,PHX,AZ,AWP,WE,Combined TRACON& Tower with Radar,1140,221,59,7,1427,0,75,152,6,233,1140,296,211,13,1660,221,4,225,1885
07/15/2000,PHX,AZ,AWP,WE,Combined TRACON& Tower with Radar,992,181,51,6,1230,43,0,110,3,156,1035,181,161,9,1386,131,1,132,1518
07/16/2000,PHX,AZ,AWP,WE,Combined TRACON& Tower with Radar,1030,176,53,6,1265,27,0,102,4,133,1057,176,155,10,1398,104,0,104,1502
07/17/2000,PHX,AZ,AWP,WE,Combined TRACON& Tower with Radar,1118,214,58,7,1397,0,64,116,9,189,1118,278,174,16,1586,139,6,145,1731
07/18/2000,PHX,AZ,AWP,WE,Combined TRACON& Tower with Radar,1151,225,61,7,1444,0,80,176,4,260,1151,305,237,11,1704,119,0,119,1823
07/19/2000,PHX,AZ,AWP,WE,Combined TRACON& Tower with Radar,1170,228,62,7,1467,0,69,179,4,252,1170,297,241,11,1719,197,10,207,1926
07/20/2000,PHX,AZ,AWP,WE,Combined TRACON& Tower with Radar,1134,224,61,7,1426,0,76,184,10,270,1134,300,245,17,1696,193,7,200,1896
07/21/2000,PHX,AZ,AWP,WE,Combined TRACON& Tower with Radar,1160,224,61,7,1452,0,74,156,12,242,1160,298,217,19,1694,166,20,186,1880
07/22/2000,PHX,AZ,AWP,WE,Combined TRACON& Tower with Radar,982,177,50,6,1215,48,0,60,0,108,1030,177,110,6,1323,109,0,109,1432
07/23/2000,PHX,AZ,AWP,WE,Combined TRACON& Tower with Radar,1054,181,54,6,1295,24,0,94,5,123,1078,181,148,11,1418,138,0,138,1556
07/24/2000,PHX,AZ,AWP,WE,Combined TRACON& Tower with Radar,1127,215,58,6,1406,0,46,120,0,166,1127,261,178,6,1572,106,0,106,1678
07/25/2000,PHX,AZ,AWP,WE,Combined TRACON& Tower with Radar,1139,222,60,6,1427,0,90,156,3,249,1139,312,216,9,1676,192,4,196,1872
07/26/2000,PHX,AZ,AWP,WE,Combined TRACON& Tower with Radar,1151,224,60,6,1441,0,80,167,13,260,1151,304,227,19,1701,160,9,169,1870
07/27/2000,PHX,AZ,AWP,WE,Combined TRACON& Tower with Radar,1127,221,59,6,1413,0,86,186,6,278,1127,307,245,12,1691,143,6,149,1840
07/28/2000,PHX,AZ,AWP,WE,Combined TRACON& Tower with Radar,1119,220,59,6,1404,0,81,177,0,258,1119,301,236,6,1662,195,12,207,1869
07/29/2000,PHX,AZ,AWP,WE,Combined TRACON& Tower with Radar,979,184,50,5,1218,34,0,115,2,151,1013,184,165,7,1369,178,0,178,1547
07/30/2000,PHX,AZ,AWP,WE,Combined TRACON& Tower with Radar,1026,180,52,5,1263,19,0,85,3,107,1045,180,137,8,1370,117,0,117,1487
07/31/2000,PHX,AZ,AWP,WE,Combined TRACON& Tower with Radar,1143,218,58,6,1425,0,61,165,1,227,1143,279,223,7,1652,158,7,165,1817
08/01/2000,PHX,AZ,AWP,WE,Combined TRACON& Tower with Radar,1166,235,58,7,1466,0,65,177,5,247,1166,300,235,12,1713,185,11,196,1909
08/02/2000,PHX,AZ,AWP,WE,Combined TRACON& Tower with Radar,1158,234,58,7,1457,0,94,161,3,258,1158,328,219,10,1715,187,0,187,1902
08/03/2000,PHX,AZ,AWP,WE,Combined TRACON& Tower with Radar,1138,227,57,4,1426,0,63,109,0,172,1138,290,166,4,1598,178,0,178,1776
08/04/2000,PHX,AZ,AWP,WE,Combined TRACON& Tower with Radar,1151,228,57,6,1442,0,72,157,4,233,1151,300,214,10,1675,183,12,195,1870
08/05/2000,PHX,AZ,AWP,WE,Combined TRACON& Tower with Radar,983,178,49,5,1215,43,0,113,0,156,1026,178,162,5,1371,156,1,157,1528
08/06/2000,PHX,AZ,AWP,WE,Combined TRACON& Tower with Radar,1015,181,50,5,1251,48,0,69,0,117,1063,181,119,5,1368,106,0,106,1474
08/07/2000,PHX,AZ,AWP,WE,Combined TRACON& Tower with Radar,1091,215,53,6,1365,4,52,127,4,187,1095,267,180,10,1552,149,0,149,1701
08/08/2000,PHX,AZ,AWP,WE,Combined TRACON& Tower with Radar,1164,236,58,7,1465,0,60,148,17,225,1164,296,206,24,1690,157,0,157,1847
08/09/2000,PHX,AZ,AWP,WE,Combined TRACON& Tower with Radar,1153,229,57,6,1445,0,68,147,13,228,1153,297,204,19,1673,212,0,212,1885
08/10/2000,PHX,AZ,AWP,WE,Combined TRACON& Tower with Radar,1164,232,58,7,1461,0,94,138,10,242,1164,326,196,17,1703,190,7,197,1900
08/11/2000,PHX,AZ,AWP,WE,Combined TRACON& Tower with Radar,1152,227,57,6,1442,8,69,106,5,188,1160,296,163,11,1630,164,10,174,1804
08/12/2000,PHX,AZ,AWP,WE,Combined TRACON& Tower with Radar,970,180,48,5,1203,52,0,73,4,129,1022,180,121,9,1332,138,8,146,1478
08/13/2000,PHX,AZ,AWP,WE,Combined TRACON& Tower with Radar,1029,176,49,7,1261,55,0,65,0,120,1084,176,114,7,1381,113,0,113,1494
08/14/2000,PHX,AZ,AWP,WE,Combined TRACON& Tower with Radar,1105,217,53,7,1382,33,54,101,2,190,1138,271,154,9,1572,161,18,179,1751
08/15/2000,PHX,AZ,AWP,WE,Combined TRACON& Tower with Radar,1190,235,58,8,1491,0,52,154,4,210,1190,287,212,12,1701,175,0,175,1876
08/16/2000,PHX,AZ,AWP,WE,Combined TRACON& Tower with Radar,1173,238,58,8,1477,0,77,191,8,276,1173,315,249,16,1753,182,2,184,1937
08/17/2000,PHX,AZ,AWP,WE,Combined TRACON& Tower with Radar,1116,219,53,7,1395,30,71,121,4,226,1146,290,174,11,1621,161,6,167,1788
08/18/2000,PHX,AZ,AWP,WE,Combined TRACON& Tower with Radar,1180,235,57,8,1480,0,57,174,9,240,1180,292,231,17,1720,177,10,187,1907
08/19/2000,PHX,AZ,AWP,WE,Combined TRACON& Tower with Radar,972,191,47,6,1216,51,1,96,2,150,1023,192,143,8,1366,192,4,196,1562
08/20/2000,PHX,AZ,AWP,WE,Combined TRACON& Tower with Radar,1058,204,51,7,1320,25,0,93,7,125,1083,204,144,14,1445,132,0,132,1577
08/21/2000,PHX,AZ,AWP,WE,Combined TRACON& Tower with Radar,1105,217,53,7,1382,22,52,102,1,177,1127,269,155,8,1559,136,0,136,1695
08/22/2000,PHX,AZ,AWP,WE,Combined TRACON& Tower with Radar,1157,231,56,8,1452,0,67,149,3,219,1157,298,205,11,1671,169,2,171,1842
08/23/2000,PHX,AZ,AWP,WE,Combined TRACON& Tower with Radar,1180,239,59,8,1486,0,72,203,22,297,1180,311,262,30,1783,183,0,183,1966
08/24/2000,PHX,AZ,AWP,WE,Combined TRACON& Tower with Radar,1162,231,57,8,1458,0,70,179,5,254,1162,301,236,13,1712,198,13,211,1923
08/25/2000,PHX,AZ,AWP,WE,Combined TRACON& Tower with Radar,1172,238,58,7,1475,0,80,165,18,263,1172,318,223,25,1738,203,0,203,1941
08/26/2000,PHX,AZ,AWP,WE,Combined TRACON& Tower with Radar,988,180,48,5,1221,50,0,62,4,116,1038,180,110,9,1337,125,0,125,1462
08/27/2000,PHX,AZ,AWP,WE,Combined TRACON& Tower with Radar,1036,177,50,6,1269,36,0,80,8,124,1072,177,130,14,1393,123,0,123,1516
08/28/2000,PHX,AZ,AWP,WE,Combined TRACON& Tower with Radar,1116,220,53,6,1395,0,37,131,2,170,1116,257,184,8,1565,190,13,203,1768
08/29/2000,PHX,AZ,AWP,WE,Combined TRACON& Tower with Radar,1148,236,58,7,1449,0,64,145,4,213,1148,300,203,11,1662,139,0,139,1801
08/30/2000,PHX,AZ,AWP,WE,Combined TRACON& Tower with Radar,1153,233,57,7,1450,0,115,81,2,198,1153,348,138,9,1648,178,16,194,1842
08/31/2000,PHX,AZ,AWP,WE,Combined TRACON& Tower with Radar,1162,231,57,7,1457,0,76,171,3,250,1162,307,228,10,1707,177,10,187,1894
09/01/2000,PHX,AZ,AWP,WE,Combined TRACON& Tower with Radar,1145,224,51,6,1426,0,86,162,8,256,1145,310,213,14,1682,182,8,190,1872
09/02/2000,PHX,AZ,AWP,WE,Combined TRACON& Tower with Radar,888,169,39,5,1101,50,0,71,1,122,938,169,110,6,1223,137,0,137,1360
09/03/2000,PHX,AZ,AWP,WE,Combined TRACON& Tower with Radar,788,114,35,4,941,71,0,81,3,155,859,114,116,7,1096,138,0,138,1234
09/04/2000,PHX,AZ,AWP,WE,Combined TRACON& Tower with Radar,1016,164,45,5,1230,49,0,76,3,128,1065,164,121,8,1358,142,0,142,1500
09/05/2000,PHX,AZ,AWP,WE,Combined TRACON& Tower with Radar,1120,219,50,6,1395,0,67,131,6,204,1120,286,181,12,1599,149,0,149,1748
09/06/2000,PHX,AZ,AWP,WE,Combined TRACON& Tower with Radar,1187,230,53,6,1476,0,81,133,10,224,1187,311,186,16,1700,192,14,206,1906
09/07/2000,PHX,AZ,AWP,WE,Combined TRACON& Tower with Radar,1163,232,53,6,1454,0,81,194,6,281,1163,313,247,12,1735,197,10,207,1942
09/08/2000,PHX,AZ,AWP,WE,Combined TRACON& Tower with Radar,1182,230,53,2,1467,0,67,134,0,201,1182,297,187,2,1668,103,9,112,1780
09/09/2000,PHX,AZ,AWP,WE,Combined TRACON& Tower with Radar,1005,190,45,5,1245,21,0,113,18,152,1026,190,158,23,1397,110,6,116,1513
09/10/2000,PHX,AZ,AWP,WE,Combined TRACON& Tower with Radar,1047,186,46,6,1285,38,0,97,3,138,1085,186,143,9,1423,146,0,146,1569
09/11/2000,PHX,AZ,AWP,WE,Combined TRACON& Tower with Radar,1041,170,46,6,1263,85,0,156,8,249,1126,170,202,14,1512,153,10,163,1675
09/12/2000,PHX,AZ,AWP,WE,Combined TRACON& Tower with Radar,1152,228,51,7,1438,0,86,163,4,253,1152,314,214,11,1691,198,0,198,1889
09/13/2000,PHX,AZ,AWP,WE,Combined TRACON& Tower with Radar,1177,233,52,7,1469,0,82,151,7,240,1177,315,203,14,1709,195,8,203,1912
09/14/2000,PHX,AZ,AWP,WE,Combined TRACON& Tower with Radar,1155,228,51,7,1441,0,298,179,8,485,1155,526,230,15,1926,227,17,244,2170
09/15/2000,PHX,AZ,AWP,WE,Combined TRACON& Tower with Radar,1174,227,51,7,1459,0,89,180,5,274,1174,316,231,12,1733,219,16,235,1968
09/16/2000,PHX,AZ,AWP,WE,Combined TRACON& Tower with Radar,1040,201,46,3,1290,43,0,82,0,125,1083,201,128,3,1415,107,0,107,1522
09/17/2000,PHX,AZ,AWP,WE,Combined TRACON& Tower with Radar,1048,194,46,6,1294,39,0,81,1,121,1087,194,127,7,1415,130,0,130,1545
09/18/2000,PHX,AZ,AWP,WE,Combined TRACON& Tower with Radar,1112,213,48,7,1380,4,74,121,2,201,1116,287,169,9,1581,212,14,226,1807
09/19/2000,PHX,AZ,AWP,WE,Combined TRACON& Tower with Radar,1169,230,53,7,1459,0,77,149,5,231,1169,307,202,12,1690,217,2,219,1909
09/20/2000,PHX,AZ,AWP,WE,Combined TRACON& Tower with Radar,1178,230,52,7,1467,0,135,101,4,240,1178,365,153,11,1707,177,10,187,1894
09/21/2000,PHX,AZ,AWP,WE,Combined TRACON& Tower with Radar,1163,231,52,7,1453,0,85,179,2,266,1163,316,231,9,1719,209,0,209,1928
09/22/2000,PHX,AZ,AWP,WE,Combined TRACON& Tower with Radar,1157,229,51,7,1444,0,79,159,19,257,1157,308,210,26,1701,172,2,174,1875
09/23/2000,PHX,AZ,AWP,WE,Combined TRACON& Tower with Radar,990,190,43,6,1229,15,0,128,7,150,1005,190,171,13,1379,113,0,113,1492
09/24/2000,PHX,AZ,AWP,WE,Combined TRACON& Tower with Radar,1063,183,46,7,1299,35,0,84,11,130,1098,183,130,18,1429,147,0,147,1576
09/25/2000,PHX,AZ,AWP,WE,Combined TRACON& Tower with Radar,1132,218,49,7,1406,1,63,165,0,229,1133,281,214,7,1635,221,8,229,1864
09/26/2000,PHX,AZ,AWP,WE,Combined TRACON& Tower with Radar,1177,235,53,7,1472,0,85,157,3,245,1177,320,210,10,1717,201,0,201,1918
09/27/2000,PHX,AZ,AWP,WE,Combined TRACON& Tower with Radar,1159,232,52,7,1450,0,73,189,2,264,1159,305,241,9,1714,155,0,155,1869
09/28/2000,PHX,AZ,AWP,WE,Combined TRACON& Tower with Radar,1149,230,52,4,1435,0,40,191,0,231,1149,270,243,4,1666,147,5,152,1818
09/29/2000,PHX,AZ,AWP,WE,Combined TRACON& Tower with Radar,1156,229,51,5,1441,0,91,157,0,248,1156,320,208,5,1689,181,0,181,1870
09/30/2000,PHX,AZ,AWP,WE,Combined TRACON& Tower with Radar,976,188,42,6,1212,26,1,133,2,162,1002,189,175,8,1374,144,0,144,1518
10/01/2000,PHX,AZ,AWP,WE,Combined TRACON& Tower with Radar,1006,182,56,5,1249,35,0,110,2,147,1041,182,166,7,1396,128,0,128,1524
10/02/2000,PHX,AZ,AWP,WE,Combined TRACON& Tower with Radar,1115,217,63,6,1401,0,80,132,18,230,1115,297,195,24,1631,167,0,167,1798
10/03/2000,PHX,AZ,AWP,WE,Combined TRACON& Tower with Radar,1151,228,66,6,1451,0,89,180,1,270,1151,317,246,7,1721,198,0,198,1919
10/04/2000,PHX,AZ,AWP,WE,Combined TRACON& Tower with Radar,1099,217,62,6,1384,0,80,135,1,216,1099,297,197,7,1600,180,8,188,1788
10/05/2000,PHX,AZ,AWP,WE,Combined TRACON& Tower with Radar,1154,219,63,6,1442,7,48,147,8,210,1161,267,210,14,1652,204,0,204,1856
10/06/2000,PHX,AZ,AWP,WE,Combined TRACON& Tower with Radar,1165,225,65,6,1461,0,53,101,14,168,1165,278,166,20,1629,238,0,238,1867
10/07/2000,PHX,AZ,AWP,WE,Combined TRACON& Tower with Radar,974,177,54,5,1210,49,0,78,1,128,1023,177,132,6,1338,97,0,97,1435
10/08/2000,PHX,AZ,AWP,WE,Combined TRACON& Tower with Radar,1018,173,56,5,1252,51,0,79,2,132,1069,173,135,7,1384,156,0,156,1540
10/09/2000,PHX,AZ,AWP,WE,Combined TRACON& Tower with Radar,1091,208,60,5,1364,32,45,82,2,161,1123,253,142,7,1525,145,0,145,1670
10/10/2000,PHX,AZ,AWP,WE,Combined TRACON& Tower with Radar,1151,224,65,6,1446,0,44,89,2,135,1151,268,154,8,1581,150,0,150,1731
10/11/2000,PHX,AZ,AWP,WE,Combined TRACON& Tower with Radar,1170,223,65,6,1464,0,42,134,1,177,1170,265,199,7,1641,182,13,195,1836
10/12/2000,PHX,AZ,AWP,WE,Combined TRACON& Tower with Radar,1182,225,64,7,1478,6,48,140,4,198,1188,273,204,11,1676,159,0,159,1835
10/13/2000,PHX,AZ,AWP,WE,Combined TRACON& Tower with Radar,1192,227,64,7,1490,6,57,184,6,253,1198,284,248,13,1743,194,5,199,1942
10/14/2000,PHX,AZ,AWP,WE,Combined TRACON& Tower with Radar,986,186,53,6,1231,50,0,114,9,173,1036,186,167,15,1404,139,12,151,1555
10/15/2000,PHX,AZ,AWP,WE,Combined TRACON& Tower with Radar,1059,200,58,6,1323,43,5,139,8,195,1102,205,197,14,1518,160,0,160,1678
10/16/2000,PHX,AZ,AWP,WE,Combined TRACON& Tower with Radar,1142,215,62,7,1426,10,57,149,0,216,1152,272,211,7,1642,223,27,250,1892
10/17/2000,PHX,AZ,AWP,WE,Combined TRACON& Tower with Radar,1184,224,64,7,1479,5,53,150,13,221,1189,277,214,20,1700,181,29,210,1910
10/18/2000,PHX,AZ,AWP,WE,Combined TRACON& Tower with Radar,1180,227,65,7,1479,0,55,163,3,221,1180,282,228,10,1700,175,2,177,1877
10/19/2000,PHX,AZ,AWP,WE,Combined TRACON& Tower with Radar,1125,216,62,5,1408,0,57,132,0,189,1125,273,194,5,1597,190,0,190,1787
10/20/2000,PHX,AZ,AWP,WE,Combined TRACON& Tower with Radar,1167,224,64,7,1462,0,73,178,3,254,1167,297,242,10,1716,183,20,203,1919
10/21/2000,PHX,AZ,AWP,WE,Combined TRACON& Tower with Radar,993,181,53,6,1233,33,0,56,8,97,1026,181,109,14,1330,100,0,100,1430
10/22/2000,PHX,AZ,AWP,WE,Combined TRACON& Tower with Radar,993,166,53,5,1217,31,0,43,0,74,1024,166,96,5,1291,123,0,123,1414
10/23/2000,PHX,AZ,AWP,WE,Combined TRACON& Tower with Radar,1116,216,61,7,1400,0,25,100,1,126,1116,241,161,8,1526,180,11,191,1717
10/24/2000,PHX,AZ,AWP,WE,Combined TRACON& Tower with Radar,1126,223,64,7,1420,0,50,133,9,192,1126,273,197,16,1612,150,19,169,1781
10/25/2000,PHX,AZ,AWP,WE,Combined TRACON& Tower with Radar,1169,223,64,7,1463,0,61,133,0,194,1169,284,197,7,1657,153,9,162,1819
10/26/2000,PHX,AZ,AWP,WE,Combined TRACON& Tower with Radar,1167,226,64,6,1463,0,49,160,7,216,1167,275,224,13,1679,293,12,305,1984
10/27/2000,PHX,AZ,AWP,WE,Combined TRACON& Tower with Radar,1064,208,60,5,1337,0,39,93,22,154,1064,247,153,27,1491,120,0,120,1611
10/28/2000,PHX,AZ,AWP,WE,Combined TRACON& Tower with Radar,1010,188,54,5,1257,26,0,61,1,88,1036,188,115,6,1345,116,6,122,1467
10/29/2000,PHX,AZ,AWP,WE,Combined TRACON& Tower with Radar,1043,163,56,5,1267,48,0,100,1,149,1091,163,156,6,1416,114,3,117,1533
10/30/2000,PHX,AZ,AWP,WE,Combined TRACON& Tower with Radar,1089,210,59,5,1363,0,28,89,1,118,1089,238,148,6,1481,141,0,141,1622
10/31/2000,PHX,AZ,AWP,WE,Combined TRACON& Tower with Radar,1134,217,61,6,1418,0,43,156,1,200,1134,260,217,7,1618,158,0,158,1776
11/01/2000,PHX,AZ,AWP,WE,Combined TRACON& Tower with Radar,1161,215,70,5,1451,0,94,199,24,317,1161,309,269,29,1768,172,0,172,1940
11/02/2000,PHX,AZ,AWP,WE,Combined TRACON& Tower with Radar,1130,204,66,5,1405,0,57,168,3,228,1130,261,234,8,1633,222,17,239,1872
11/03/2000,PHX,AZ,AWP,WE,Combined TRACON& Tower with Radar,1136,205,66,5,1412,0,50,131,2,183,1136,255,197,7,1595,198,10,208,1803
11/04/2000,PHX,AZ,AWP,WE,Combined TRACON& Tower with Radar,1021,172,58,4,1255,19,0,60,1,80,1040,172,118,5,1335,156,0,156,1491
11/05/2000,PHX,AZ,AWP,WE,Combined TRACON& Tower with Radar,1056,176,60,4,1296,7,0,117,8,132,1063,176,177,12,1428,254,2,256,1684
11/06/2000,PHX,AZ,AWP,WE,Combined TRACON& Tower with Radar,1138,202,65,4,1409,0,18,97,0,115,1138,220,162,4,1524,148,0,148,1672
11/07/2000,PHX,AZ,AWP,WE,Combined TRACON& Tower with Radar,1106,202,65,5,1378,0,75,128,0,203,1106,277,193,5,1581,158,0,158,1739
11/08/2000,PHX,AZ,AWP,WE,Combined TRACON& Tower with Radar,1182,211,68,5,1466,0,62,167,1,230,1182,273,235,6,1696,150,12,162,1858
11/09/2000,PHX,AZ,AWP,WE,Combined TRACON& Tower with Radar,1178,211,67,5,1461,0,60,116,11,187,1178,271,183,16,1648,164,0,164,1812
11/10/2000,PHX,AZ,AWP,WE,Combined TRACON& Tower with Radar,1182,213,69,5,1469,0,60,93,6,159,1182,273,162,11,1628,162,4,166,1794
11/11/2000,PHX,AZ,AWP,WE,Combined TRACON& Tower with Radar,1070,161,61,4,1296,72,0,55,3,130,1142,161,116,7,1426,114,0,114,1540
11/12/2000,PHX,AZ,AWP,WE,Combined TRACON& Tower with Radar,1038,163,59,2,1262,43,0,85,0,128,1081,163,144,2,1390,109,0,109,1499
11/13/2000,PHX,AZ,AWP,WE,Combined TRACON& Tower with Radar,1162,206,65,6,1439,3,46,166,5,220,1165,252,231,11,1659,214,0,214,1873
11/14/2000,PHX,AZ,AWP,WE,Combined TRACON& Tower with Radar,1176,215,68,6,1465,0,64,193,6,263,1176,279,261,12,1728,180,0,180,1908
11/15/2000,PHX,AZ,AWP,WE,Combined TRACON& Tower with Radar,1161,213,67,6,1447,0,51,216,11,278,1161,264,283,17,1725,198,11,209,1934
11/16/2000,PHX,AZ,AWP,WE,Combined TRACON& Tower with Radar,1171,216,68,6,1461,0,58,188,5,251,1171,274,256,11,1712,123,1,124,1836
11/17/2000,PHX,AZ,AWP,WE,Combined TRACON& Tower with Radar,1186,213,67,6,1472,0,57,169,11,237,1186,270,236,17,1709,157,5,162,1871
11/18/2000,PHX,AZ,AWP,WE,Combined TRACON& Tower with Radar,1036,174,59,5,1274,19,0,119,1,139,1055,174,178,6,1413,170,0,170,1583
11/19/2000,PHX,AZ,AWP,WE,Combined TRACON& Tower with Radar,1071,185,60,5,1321,47,0,92,2,141,1118,185,152,7,1462,158,0,158,1620
11/20/2000,PHX,AZ,AWP,WE,Combined TRACON& Tower with Radar,1142,201,64,6,1413,4,61,113,5,183,1146,262,177,11,1596,207,0,207,1803
11/21/2000,PHX,AZ,AWP,WE,Combined TRACON& Tower with Radar,1195,212,68,6,1481,0,61,169,18,248,1195,273,237,24,1729,240,2,242,1971
11/22/2000,PHX,AZ,AWP,WE,Combined TRACON& Tower with Radar,1218,215,68,6,1507,2,55,105,6,168,1220,270,173,12,1675,144,6,150,1825
11/23/2000,PHX,AZ,AWP,WE,Combined TRACON& Tower with Radar,841,121,47,2,1011,55,0,57,0,112,896,121,104,2,1123,162,0,162,1285
11/24/2000,PHX,AZ,AWP,WE,Combined TRACON& Tower with Radar,892,157,50,4,1103,58,16,86,3,163,950,173,136,7,1266,138,0,138,1404
11/25/2000,PHX,AZ,AWP,WE,Combined TRACON& Tower with Radar,970,163,54,3,1190,53,0,47,0,100,1023,163,101,3,1290,128,0,128,1418
11/26/2000,PHX,AZ,AWP,WE,Combined TRACON& Tower with Radar,1064,163,60,5,1292,49,0,112,5,166,1113,163,172,10,1458,140,0,140,1598
11/27/2000,PHX,AZ,AWP,WE,Combined TRACON& Tower with Radar,1147,203,64,5,1419,16,50,99,3,168,1163,253,163,8,1587,145,16,161,1748
11/28/2000,PHX,AZ,AWP,WE,Combined TRACON& Tower with Radar,1209,220,69,5,1503,0,77,137,12,226,1209,297,206,17,1729,197,6,203,1932
11/29/2000,PHX,AZ,AWP,WE,Combined TRACON& Tower with Radar,1205,213,68,5,1491,0,68,140,7,215,1205,281,208,12,1706,193,15,208,1914
11/30/2000,PHX,AZ,AWP,WE,Combined TRACON& Tower with Radar,1194,213,67,5,1479,0,72,123,5,200,1194,285,190,10,1679,206,12,218,1897
12/01/2000,PHX,AZ,AWP,WE,Combined TRACON& Tower with Radar,1184,212,50,5,1451,0,74,151,11,236,1184,286,201,16,1687,192,6,198,1885
12/02/2000,PHX,AZ,AWP,WE,Combined TRACON& Tower with Radar,1022,175,43,4,1244,33,0,122,9,164,1055,175,165,13,1408,131,0,131,1539
12/03/2000,PHX,AZ,AWP,WE,Combined TRACON& Tower with Radar,1083,175,45,5,1308,38,0,103,2,143,1121,175,148,7,1451,167,0,167,1618
12/04/2000,PHX,AZ,AWP,WE,Combined TRACON& Tower with Radar,1145,202,47,5,1399,3,34,132,6,175,1148,236,179,11,1574,185,13,198,1772
12/05/2000,PHX,AZ,AWP,WE,Combined TRACON& Tower with Radar,1184,212,50,5,1451,0,75,160,6,241,1184,287,210,11,1692,159,6,165,1857
12/06/2000,PHX,AZ,AWP,WE,Combined TRACON& Tower with Radar,1165,210,50,5,1430,0,70,197,9,276,1165,280,247,14,1706,172,0,172,1878
12/07/2000,PHX,AZ,AWP,WE,Combined TRACON& Tower with Radar,1162,211,50,5,1428,0,63,172,11,246,1162,274,222,16,1674,224,19,243,1917
12/08/2000,PHX,AZ,AWP,WE,Combined TRACON& Tower with Radar,1172,209,49,5,1435,0,69,152,9,230,1172,278,201,14,1665,164,9,173,1838
12/09/2000,PHX,AZ,AWP,WE,Combined TRACON& Tower with Radar,1015,172,42,4,1233,44,0,116,0,160,1059,172,158,4,1393,158,4,162,1555
12/10/2000,PHX,AZ,AWP,WE,Combined TRACON& Tower with Radar,1071,157,43,6,1277,17,0,91,11,119,1088,157,134,17,1396,125,2,127,1523
12/11/2000,PHX,AZ,AWP,WE,Combined TRACON& Tower with Radar,1098,196,45,5,1344,0,59,151,0,210,1098,255,196,5,1554,154,0,154,1708
12/12/2000,PHX,AZ,AWP,WE,Combined TRACON& Tower with Radar,1165,211,49,6,1431,0,70,154,4,228,1165,281,203,10,1659,189,19,208,1867
12/13/2000,PHX,AZ,AWP,WE,Combined TRACON& Tower with Radar,1154,209,48,6,1417,0,55,149,7,211,1154,264,197,13,1628,164,8,172,1800
12/14/2000,PHX,AZ,AWP,WE,Combined TRACON& Tower with Radar,1190,213,49,6,1458,0,72,157,0,229,1190,285,206,6,1687,207,0,207,1894
12/15/2000,PHX,AZ,AWP,WE,Combined TRACON& Tower with Radar,1194,214,49,6,1463,0,76,144,9,229,1194,290,193,15,1692,149,0,149,1841
12/16/2000,PHX,AZ,AWP,WE,Combined TRACON& Tower with Radar,1036,183,42,5,1266,10,4,121,4,139,1046,187,163,9,1405,111,0,111,1516
12/17/2000,PHX,AZ,AWP,WE,Combined TRACON& Tower with Radar,1077,177,44,6,1304,34,0,84,2,120,1111,177,128,8,1424,98,0,98,1522
12/18/2000,PHX,AZ,AWP,WE,Combined TRACON& Tower with Radar,1147,202,47,6,1402,0,65,119,6,190,1147,267,166,12,1592,208,7,215,1807
12/19/2000,PHX,AZ,AWP,WE,Combined TRACON& Tower with Radar,1203,214,50,6,1473,0,75,161,6,242,1203,289,211,12,1715,169,16,185,1900
12/20/2000,PHX,AZ,AWP,WE,Combined TRACON& Tower with Radar,1180,212,49,5,1446,0,89,153,0,242,1180,301,202,5,1688,182,8,190,1878
12/21/2000,PHX,AZ,AWP,WE,Combined TRACON& Tower with Radar,1236,218,50,6,1510,0,83,120,0,203,1236,301,170,6,1713,206,6,212,1925
12/22/2000,PHX,AZ,AWP,WE,Combined TRACON& Tower with Radar,1236,218,50,6,1510,0,83,120,0,203,1236,301,170,6,1713,206,6,212,1925
12/23/2000,PHX,AZ,AWP,WE,Combined TRACON& Tower with Radar,1079,188,44,1,1312,45,23,80,0,148,1124,211,124,1,1460,149,10,159,1619
12/24/2000,PHX,AZ,AWP,WE,Combined TRACON& Tower with Radar,934,155,38,2,1129,41,0,54,0,95,975,155,92,2,1224,138,1,139,1363
12/25/2000,PHX,AZ,AWP,WE,Combined TRACON& Tower with Radar,968,169,39,1,1177,34,0,22,0,56,1002,169,61,1,1233,80,0,80,1313
12/26/2000,PHX,AZ,AWP,WE,Combined TRACON& Tower with Radar,1165,205,48,3,1421,0,61,107,0,168,1165,266,155,3,1589,144,0,144,1733
12/27/2000,PHX,AZ,AWP,WE,Combined TRACON& Tower with Radar,1238,218,50,6,1512,0,70,137,1,208,1238,288,187,7,1720,194,2,196,1916
12/28/2000,PHX,AZ,AWP,WE,Combined TRACON& Tower with Radar,1214,215,50,5,1484,0,74,127,7,208,1214,289,177,12,1692,171,0,171,1863
12/29/2000,PHX,AZ,AWP,WE,Combined TRACON& Tower with Radar,1222,215,50,5,1492,6,70,137,10,223,1228,285,187,15,1715,179,3,182,1897
12/30/2000,PHX,AZ,AWP,WE,Combined TRACON& Tower with Radar,1028,181,42,4,1255,29,8,127,4,168,1057,189,169,8,1423,152,0,152,1575
12/31/2000,PHX,AZ,AWP,WE,Combined TRACON& Tower with Radar,963,165,39,3,1170,34,0,110,0,144,997,165,149,3,1314,137,0,137,1451
01/01/2001,PHX,AZ,AWP,WE,Combined TRACON& Tower with Radar,996,167,56,5,1224,27,0,92,10,129,1023,167,148,15,1353,124,7,131,1484
01/02/2001,PHX,AZ,AWP,WE,Combined TRACON& Tower with Radar,1156,218,65,5,1444,16,52,134,5,207,1172,270,199,10,1651,202,0,202,1853
01/03/2001,PHX,AZ,AWP,WE,Combined TRACON& Tower with Radar,1245,235,69,6,1555,10,62,128,5,205,1255,297,197,11,1760,156,6,162,1922
01/04/2001,PHX,AZ,AWP,WE,Combined TRACON& Tower with Radar,1211,228,68,6,1513,12,87,94,37,230,1223,315,162,43,1743,200,8,208,1951
01/05/2001,PHX,AZ,AWP,WE,Combined TRACON& Tower with Radar,1174,221,66,6,1467,11,79,109,6,205,1185,300,175,12,1672,180,7,187,1859
01/06/2001,PHX,AZ,AWP,WE,Combined TRACON& Tower with Radar,1036,185,58,5,1284,43,0,95,0,138,1079,185,153,5,1422,140,6,146,1568
01/07/2001,PHX,AZ,AWP,WE,Combined TRACON& Tower with Radar,1093,187,61,5,1346,53,0,51,2,106,1146,187,112,7,1452,138,0,138,1590
01/08/2001,PHX,AZ,AWP,WE,Combined TRACON& Tower with Radar,1136,215,64,5,1420,0,61,90,5,156,1136,276,154,10,1576,183,0,183,1759
01/09/2001,PHX,AZ,AWP,WE,Combined TRACON& Tower with Radar,1195,231,68,6,1500,0,47,73,0,120,1195,278,141,6,1620,132,19,151,1771
01/10/2001,PHX,AZ,AWP,WE,Combined TRACON& Tower with Radar,1126,222,66,6,1420,0,69,131,9,209,1126,291,197,15,1629,171,12,183,1812
01/11/2001,PHX,AZ,AWP,WE,Combined TRACON& Tower with Radar,1166,225,66,7,1464,0,61,107,7,175,1166,286,173,14,1639,191,4,195,1834
01/12/2001,PHX,AZ,AWP,WE,Combined TRACON& Tower with Radar,1105,216,63,6,1390,0,30,85,25,140,1105,246,148,31,1530,147,0,147,1677
01/13/2001,PHX,AZ,AWP,WE,Combined TRACON& Tower with Radar,1069,183,59,4,1315,33,0,83,0,116,1102,183,142,4,1431,134,1,135,1566
01/14/2001,PHX,AZ,AWP,WE,Combined TRACON& Tower with Radar,1061,169,58,6,1294,68,0,65,4,137,1129,169,123,10,1431,119,6,125,1556
01/15/2001,PHX,AZ,AWP,WE,Combined TRACON& Tower with Radar,1139,214,62,6,1421,8,21,119,2,150,1147,235,181,8,1571,142,0,142,1713
01/16/2001,PHX,AZ,AWP,WE,Combined TRACON& Tower with Radar,1046,201,59,3,1309,0,21,69,0,90,1046,222,128,3,1399,132,10,142,1541
01/17/2001,PHX,AZ,AWP,WE,Combined TRACON& Tower with Radar,1210,232,68,7,1517,0,52,145,9,206,1210,284,213,16,1723,130,14,144,1867
01/18/2001,PHX,AZ,AWP,WE,Combined TRACON& Tower with Radar,1203,232,68,7,1510,0,86,153,7,246,1203,318,221,14,1756,195,1,196,1952
01/19/2001,PHX,AZ,AWP,WE,Combined TRACON& Tower with Radar,1188,224,66,7,1485,0,71,148,14,233,1188,295,214,21,1718,214,9,223,1941
01/20/2001,PHX,AZ,AWP,WE,Combined TRACON& Tower with Radar,1006,182,55,6,1249,54,0,148,0,202,1060,182,203,6,1451,150,2,152,1603
01/21/2001,PHX,AZ,AWP,WE,Combined TRACON& Tower with Radar,1058,179,59,6,1302,47,0,88,9,144,1105,179,147,15,1446,107,3,110,1556
01/22/2001,PHX,AZ,AWP,WE,Combined TRACON& Tower with Radar,1165,218,65,6,1454,12,58,103,4,177,1177,276,168,10,1631,127,0,127,1758
01/23/2001,PHX,AZ,AWP,WE,Combined TRACON& Tower with Radar,1199,227,66,6,1498,0,58,130,8,196,1199,285,196,14,1694,200,19,219,1913
01/24/2001,PHX,AZ,AWP,WE,Combined TRACON& Tower with Radar,1211,230,68,6,1515,0,61,158,15,234,1211,291,226,21,1749,178,12,190,1939
01/25/2001,PHX,AZ,AWP,WE,Combined TRACON& Tower with Radar,1191,227,66,6,1490,0,65,156,7,228,1191,292,222,13,1718,151,10,161,1879
01/26/2001,PHX,AZ,AWP,WE,Combined TRACON& Tower with Radar,1160,225,66,6,1457,0,73,126,24,223,1160,298,192,30,1680,181,12,193,1873
01/27/2001,PHX,AZ,AWP,WE,Combined TRACON& Tower with Radar,999,162,55,0,1216,24,0,45,0,69,1023,162,100,0,1285,79,6,85,1370
01/28/2001,PHX,AZ,AWP,WE,Combined TRACON& Tower with Radar,1074,173,59,5,1311,30,0,39,29,98,1104,173,98,34,1409,119,8,127,1536
01/29/2001,PHX,AZ,AWP,WE,Combined TRACON& Tower with Radar,1146,226,66,6,1444,0,48,171,4,223,1146,274,237,10,1667,183,0,183,1850
01/30/2001,PHX,AZ,AWP,WE,Combined TRACON& Tower with Radar,1178,227,66,6,1477,0,73,114,4,191,1178,300,180,10,1668,157,12,169,1837
01/31/2001,PHX,AZ,AWP,WE,Combined TRACON& Tower with Radar,1188,229,67,6,1490,0,70,182,5,257,1188,299,249,11,1747,177,0,177,1924
02/01/2001,PHX,AZ,AWP,WE,Combined TRACON& Tower with Radar,1197,237,72,6,1512,0,55,149,1,205,1197,292,221,7,1717,181,7,188,1905
02/02/2001,PHX,AZ,AWP,WE,Combined TRACON& Tower with Radar,1186,235,71,6,1498,10,58,168,11,247,1196,293,239,17,1745,178,6,184,1929
02/03/2001,PHX,AZ,AWP,WE,Combined TRACON& Tower with Radar,1018,197,61,5,1281,51,0,85,4,140,1069,197,146,9,1421,153,8,161,1582
02/04/2001,PHX,AZ,AWP,WE,Combined TRACON& Tower with Radar,1056,188,64,5,1313,57,0,81,0,138,1113,188,145,5,1451,125,10,135,1586
02/05/2001,PHX,AZ,AWP,WE,Combined TRACON& Tower with Radar,1135,224,68,6,1433,12,52,122,8,194,1147,276,190,14,1627,201,7,208,1835
02/06/2001,PHX,AZ,AWP,WE,Combined TRACON& Tower with Radar,1205,241,73,6,1525,0,65,168,12,245,1205,306,241,18,1770,195,12,207,1977
02/07/2001,PHX,AZ,AWP,WE,Combined TRACON& Tower with Radar,1203,243,73,7,1526,0,65,166,3,234,1203,308,239,10,1760,222,0,222,1982
02/08/2001,PHX,AZ,AWP,WE,Combined TRACON& Tower with Radar,1186,245,73,7,1511,0,48,156,7,211,1186,293,229,14,1722,230,0,230,1952
02/09/2001,PHX,AZ,AWP,WE,Combined TRACON& Tower with Radar,1177,233,69,7,1486,6,54,161,5,226,1183,287,230,12,1712,198,8,206,1918
02/10/2001,PHX,AZ,AWP,WE,Combined TRACON& Tower with Radar,1018,194,60,6,1278,55,0,103,7,165,1073,194,163,13,1443,145,0,145,1588
02/11/2001,PHX,AZ,AWP,WE,Combined TRACON& Tower with Radar,1095,204,65,7,1371,29,0,116,1,146,1124,204,181,8,1517,121,0,121,1638
02/12/2001,PHX,AZ,AWP,WE,Combined TRACON& Tower with Radar,1140,228,68,7,1443,0,54,112,8,174,1140,282,180,15,1617,153,1,154,1771
02/13/2001,PHX,AZ,AWP,WE,Combined TRACON& Tower with Radar,1121,228,68,7,1424,0,37,122,2,161,1121,265,190,9,1585,135,6,141,1726
02/14/2001,PHX,AZ,AWP,WE,Combined TRACON& Tower with Radar,1157,239,72,7,1475,0,38,93,3,134,1157,277,165,10,1609,187,6,193,1802
02/15/2001,PHX,AZ,AWP,WE,Combined TRACON& Tower with Radar,1205,241,73,7,1526,0,49,165,7,221,1205,290,238,14,1747,195,12,207,1954
02/16/2001,PHX,AZ,AWP,WE,Combined TRACON& Tower with Radar,1192,239,72,7,1510,0,68,153,4,225,1192,307,225,11,1735,170,4,174,1909
02/17/2001,PHX,AZ,AWP,WE,Combined TRACON& Tower with Radar,1041,201,62,6,1310,39,0,95,7,141,1080,201,157,13,1451,151,0,151,1602
02/18/2001,PHX,AZ,AWP,WE,Combined TRACON& Tower with Radar,1069,184,63,5,1321,56,0,97,0,153,1125,184,160,5,1474,156,0,156,1630
02/19/2001,PHX,AZ,AWP,WE,Combined TRACON& Tower with Radar,1123,221,66,7,1417,16,27,153,1,197,1139,248,219,8,1614,130,0,130,1744
02/20/2001,PHX,AZ,AWP,WE,Combined TRACON& Tower with Radar,1185,233,70,7,1495,5,58,153,35,251,1190,291,223,42,1746,209,12,221,1967
02/21/2001,PHX,AZ,AWP,WE,Combined TRACON& Tower with Radar,1182,235,70,7,1494,0,69,171,1,241,1182,304,241,8,1735,171,19,190,1925
02/22/2001,PHX,AZ,AWP,WE,Combined TRACON& Tower with Radar,1184,234,71,6,1495,0,64,145,0,209,1184,298,216,6,1704,235,2,237,1941
02/23/2001,PHX,AZ,AWP,WE,Combined TRACON& Tower with Radar,1153,237,71,7,1468,0,59,104,14,177,1153,296,175,21,1645,177,0,177,1822
02/24/2001,PHX,AZ,AWP,WE,Combined TRACON& Tower with Radar,1029,196,61,5,1291,36,0,82,9,127,1065,196,143,14,1418,138,9,147,1565
02/25/2001,PHX,AZ,AWP,WE,Combined TRACON& Tower with Radar,1053,185,63,5,1306,38,0,56,8,102,1091,185,119,13,1408,84,0,84,1492
02/26/2001,PHX,AZ,AWP,WE,Combined TRACON& Tower with Radar,1166,233,70,6,1475,0,43,106,6,155,1166,276,176,12,1630,210,9,219,1849
02/27/2001,PHX,AZ,AWP,WE,Combined TRACON& Tower with Radar,1153,238,71,6,1468,0,58,104,15,177,1153,296,175,21,1645,177,0,177,1822
02/28/2001,PHX,AZ,AWP,WE,Combined TRACON& Tower with Radar,1141,234,70,6,1451,0,34,102,0,136,1141,268,172,6,1587,172,0,172,1759
03/01/2001,PHX,AZ,AWP,WE,Combined TRACON& Tower with Radar,1199,245,73,7,1524,0,65,161,12,238,1199,310,234,19,1762,171,0,171,1933
03/02/2001,PHX,AZ,AWP,WE,Combined TRACON& Tower with Radar,1186,236,69,6,1497,6,60,158,11,235,1192,296,227,17,1732,229,13,242,1974
03/03/2001,PHX,AZ,AWP,WE,Combined TRACON& Tower with Radar,1046,199,61,5,1311,26,0,123,8,157,1072,199,184,13,1468,190,12,202,1670
03/04/2001,PHX,AZ,AWP,WE,Combined TRACON& Tower with Radar,1042,195,62,5,1304,41,0,66,1,108,1083,195,128,6,1412,150,5,155,1567
03/05/2001,PHX,AZ,AWP,WE,Combined TRACON& Tower with Radar,1149,228,68,6,1451,0,53,102,2,157,1149,281,170,8,1608,163,8,171,1779
03/06/2001,PHX,AZ,AWP,WE,Combined TRACON& Tower with Radar,1203,245,72,6,1526,0,61,114,2,177,1203,306,186,8,1703,176,16,192,1895
03/07/2001,PHX,AZ,AWP,WE,Combined TRACON& Tower with Radar,1176,246,73,6,1501,0,42,91,0,133,1176,288,164,6,1634,162,0,162,1796
03/08/2001,PHX,AZ,AWP,WE,Combined TRACON& Tower with Radar,1179,244,72,6,1501,0,43,125,2,170,1179,287,197,8,1671,208,0,208,1879
03/09/2001,PHX,AZ,AWP,WE,Combined TRACON& Tower with Radar,1215,243,71,6,1535,0,68,108,11,187,1215,311,179,17,1722,161,4,165,1887
03/10/2001,PHX,AZ,AWP,WE,Combined TRACON& Tower with Radar,1048,184,62,5,1299,25,0,75,0,100,1073,184,137,5,1399,165,9,174,1573
03/11/2001,PHX,AZ,AWP,WE,Combined TRACON& Tower with Radar,1087,195,64,6,1352,24,0,74,1,99,1111,195,138,7,1451,143,8,151,1602
03/12/2001,PHX,AZ,AWP,WE,Combined TRACON& Tower with Radar,1172,233,68,7,1480,9,55,98,1,163,1181,288,166,8,1643,166,0,166,1809
03/13/2001,PHX,AZ,AWP,WE,Combined TRACON& Tower with Radar,1212,244,71,7,1534,0,66,166,3,235,1212,310,237,10,1769,193,13,206,1975
03/14/2001,PHX,AZ,AWP,WE,Combined TRACON& Tower with Radar,1198,239,69,7,1513,0,66,168,3,237,1198,305,237,10,1750,211,4,215,1965
03/15/2001,PHX,AZ,AWP,WE,Combined TRACON& Tower with Radar,1198,243,70,7,1518,0,58,171,8,237,1198,301,241,15,1755,189,15,204,1959
03/16/2001,PHX,AZ,AWP,WE,Combined TRACON& Tower with Radar,1227,249,73,7,1556,0,52,178,9,239,1227,301,251,16,1795,201,16,217,2012
03/17/2001,PHX,AZ,AWP,WE,Combined TRACON& Tower with Radar,1028,199,59,6,1292,39,0,79,4,122,1067,199,138,10,1414,184,4,188,1602
03/18/2001,PHX,AZ,AWP,WE,Combined TRACON& Tower with Radar,1101,189,63,7,1360,18,0,136,6,160,1119,189,199,13,1520,190,2,192,1712
03/19/2001,PHX,AZ,AWP,WE,Combined TRACON& Tower with Radar,1172,232,67,7,1478,2,45,141,4,192,1174,277,208,11,1670,178,0,178,1848
03/20/2001,PHX,AZ,AWP,WE,Combined TRACON& Tower with Radar,1176,237,69,7,1489,0,67,174,38,279,1176,304,243,45,1768,220,4,224,1992
03/21/2001,PHX,AZ,AWP,WE,Combined TRACON& Tower with Radar,1197,239,70,7,1513,0,61,145,12,218,1197,300,215,19,1731,197,15,212,1943
03/22/2001,PHX,AZ,AWP,WE,Combined TRACON& Tower with Radar,1197,237,69,7,1510,2,58,172,9,241,1199,295,241,16,1751,181,20,201,1952
03/23/2001,PHX,AZ,AWP,WE,Combined TRACON& Tower with Radar,1207,244,71,7,1529,0,75,184,4,263,1207,319,255,11,1792,230,4,234,2026
03/24/2001,PHX,AZ,AWP,WE,Combined TRACON& Tower with Radar,1043,206,60,6,1315,34,4,98,8,144,1077,210,158,14,1459,191,4,195,1654
03/25/2001,PHX,AZ,AWP,WE,Combined TRACON& Tower with Radar,1076,189,62,6,1333,47,0,91,5,143,1123,189,153,11,1476,157,0,157,1633
03/26/2001,PHX,AZ,AWP,WE,Combined TRACON& Tower with Radar,1164,230,67,7,1468,9,43,132,1,185,1173,273,199,8,1653,168,3,171,1824
03/27/2001,PHX,AZ,AWP,WE,Combined TRACON& Tower with Radar,1211,239,70,7,1527,16,56,161,2,235,1227,295,231,9,1762,193,4,197,1959
03/28/2001,PHX,AZ,AWP,WE,Combined TRACON& Tower with Radar,1216,242,70,7,1535,0,53,173,3,229,1216,295,243,10,1764,166,3,169,1933
03/29/2001,PHX,AZ,AWP,WE,Combined TRACON& Tower with Radar,1216,240,71,7,1534,2,64,150,11,227,1218,304,221,18,1761,161,5,166,1927
03/30/2001,PHX,AZ,AWP,WE,Combined TRACON& Tower with Radar,1192,236,69,7,1504,12,50,136,4,202,1204,286,205,11,1706,201,2,203,1909
03/31/2001,PHX,AZ,AWP,WE,Combined TRACON& Tower with Radar,1039,205,61,6,1311,34,3,123,9,169,1073,208,184,15,1480,162,1,163,1643
04/01/2001,PHX,AZ,AWP,WE,Combined TRACON& Tower with Radar,1061,186,55,6,1308,51,0,91,2,144,1112,186,146,8,1452,119,3,122,1574
04/02/2001,PHX,AZ,AWP,WE,Combined TRACON& Tower with Radar,1134,225,59,6,1424,23,54,95,7,179,1157,279,154,13,1603,148,0,148,1751
04/03/2001,PHX,AZ,AWP,WE,Combined TRACON& Tower with Radar,1173,238,62,7,1480,0,33,319,12,364,1173,271,381,19,1844,163,4,167,2011
04/04/2001,PHX,AZ,AWP,WE,Combined TRACON& Tower with Radar,1178,239,62,7,1486,0,69,141,4,214,1178,308,203,11,1700,205,19,224,1924
04/05/2001,PHX,AZ,AWP,WE,Combined TRACON& Tower with Radar,1172,244,63,7,1486,0,38,134,0,172,1172,282,197,7,1658,140,4,144,1802
04/06/2001,PHX,AZ,AWP,WE,Combined TRACON& Tower with Radar,1167,241,63,7,1478,0,53,113,3,169,1167,294,176,10,1647,168,6,174,1821
04/07/2001,PHX,AZ,AWP,WE,Combined TRACON& Tower with Radar,1010,186,52,6,1254,30,0,108,2,140,1040,186,160,8,1394,164,0,164,1558
04/08/2001,PHX,AZ,AWP,WE,Combined TRACON& Tower with Radar,1073,193,55,6,1327,39,0,83,4,126,1112,193,138,10,1453,174,2,176,1629
04/09/2001,PHX,AZ,AWP,WE,Combined TRACON& Tower with Radar,1136,226,59,6,1427,12,53,63,4,132,1148,279,122,10,1559,204,16,220,1779
04/10/2001,PHX,AZ,AWP,WE,Combined TRACON& Tower with Radar,1151,241,62,7,1461,0,49,135,0,184,1151,290,197,7,1645,227,2,229,1874
04/11/2001,PHX,AZ,AWP,WE,Combined TRACON& Tower with Radar,1133,230,59,7,1429,0,57,156,5,218,1133,287,215,12,1647,196,8,204,1851
04/12/2001,PHX,AZ,AWP,WE,Combined TRACON& Tower with Radar,1175,237,61,8,1481,0,54,157,1,212,1175,291,218,9,1693,189,22,211,1904
04/13/2001,PHX,AZ,AWP,WE,Combined TRACON& Tower with Radar,1165,231,59,8,1463,13,57,114,2,186,1178,288,173,10,1649,173,5,178,1827
04/14/2001,PHX,AZ,AWP,WE,Combined TRACON& Tower with Radar,972,180,50,3,1205,51,0,86,0,137,1023,180,136,3,1342,129,0,129,1471
04/15/2001,PHX,AZ,AWP,WE,Combined TRACON& Tower with Radar,1035,180,52,4,1271,61,0,88,0,149,1096,180,140,4,1420,185,1,186,1606
04/16/2001,PHX,AZ,AWP,WE,Combined TRACON& Tower with Radar,1137,225,57,7,1426,11,49,134,5,199,1148,274,191,12,1625,161,0,161,1786
04/17/2001,PHX,AZ,AWP,WE,Combined TRACON& Tower with Radar,1176,237,61,7,1481,0,80,158,0,238,1176,317,219,7,1719,162,17,179,1898
04/18/2001,PHX,AZ,AWP,WE,Combined TRACON& Tower with Radar,1173,236,61,8,1478,0,55,323,15,393,1173,291,384,23,1871,171,16,187,2058
04/19/2001,PHX,AZ,AWP,WE,Combined TRACON& Tower with Radar,1181,238,61,8,1488,0,62,128,5,195,1181,300,189,13,1683,157,3,160,1843
04/20/2001,PHX,AZ,AWP,WE,Combined TRACON& Tower with Radar,1173,233,59,8,1473,0,62,172,4,238,1173,295,231,12,1711,196,2,198,1909
04/21/2001,PHX,AZ,AWP,WE,Combined TRACON& Tower with Radar,1015,180,51,7,1253,36,0,78,5,119,1051,180,129,12,1372,100,0,100,1472
04/22/2001,PHX,AZ,AWP,WE,Combined TRACON& Tower with Radar,1077,195,54,7,1333,21,0,101,10,132,1098,195,155,17,1465,155,0,155,1620
04/23/2001,PHX,AZ,AWP,WE,Combined TRACON& Tower with Radar,1163,231,59,7,1460,0,57,149,25,231,1163,288,208,32,1691,208,4,212,1903
04/24/2001,PHX,AZ,AWP,WE,Combined TRACON& Tower with Radar,1164,234,59,7,1464,0,75,136,12,223,1164,309,195,19,1687,173,14,187,1874
04/25/2001,PHX,AZ,AWP,WE,Combined TRACON& Tower with Radar,1170,237,60,7,1474,0,65,188,11,264,1170,302,248,18,1738,196,15,211,1949
04/26/2001,PHX,AZ,AWP,WE,Combined TRACON& Tower with Radar,1174,236,60,7,1477,0,59,165,6,230,1174,295,225,13,1707,209,0,209,1916
04/27/2001,PHX,AZ,AWP,WE,Combined TRACON& Tower with Radar,1173,234,60,6,1473,0,49,166,0,215,1173,283,226,6,1688,171,2,173,1861
04/28/2001,PHX,AZ,AWP,WE,Combined TRACON& Tower with Radar,989,185,51,5,1230,42,0,105,4,151,1031,185,156,9,1381,174,0,174,1555
04/29/2001,PHX,AZ,AWP,WE,Combined TRACON& Tower with Radar,1054,184,53,6,1297,45,0,103,8,156,1099,184,156,14,1453,223,0,223,1676
04/30/2001,PHX,AZ,AWP,WE,Combined TRACON& Tower with Radar,1134,225,58,6,1423,12,42,129,3,186,1146,267,187,9,1609,146,0,146,1755
05/01/2001,PHX,AZ,AWP,WE,Combined TRACON& Tower with Radar,1145,230,54,4,1433,0,49,177,10,236,1145,279,231,14,1669,231,0,231,1900
05/02/2001,PHX,AZ,AWP,WE,Combined TRACON& Tower with Radar,1171,235,56,4,1466,0,63,155,5,223,1171,298,211,9,1689,200,4,204,1893
05/03/2001,PHX,AZ,AWP,WE,Combined TRACON& Tower with Radar,1153,236,56,4,1449,0,55,168,15,238,1153,291,224,19,1687,130,14,144,1831
05/04/2001,PHX,AZ,AWP,WE,Combined TRACON& Tower with Radar,1141,226,53,4,1424,0,24,232,16,272,1141,250,285,20,1696,220,1,221,1917
05/05/2001,PHX,AZ,AWP,WE,Combined TRACON& Tower with Radar,977,178,45,4,1204,36,0,114,1,151,1013,178,159,5,1355,155,10,165,1520
05/06/2001,PHX,AZ,AWP,WE,Combined TRACON& Tower with Radar,1055,182,48,4,1289,31,0,100,2,133,1086,182,148,6,1422,142,0,142,1564
05/07/2001,PHX,AZ,AWP,WE,Combined TRACON& Tower with Radar,1102,215,51,4,1372,17,47,142,7,213,1119,262,193,11,1585,184,4,188,1773
05/08/2001,PHX,AZ,AWP,WE,Combined TRACON& Tower with Radar,1152,229,53,5,1439,0,77,200,3,280,1152,306,253,8,1719,168,7,175,1894
05/09/2001,PHX,AZ,AWP,WE,Combined TRACON& Tower with Radar,1150,229,53,5,1437,0,69,178,3,250,1150,298,231,8,1687,161,6,167,1854
05/10/2001,PHX,AZ,AWP,WE,Combined TRACON& Tower with Radar,1174,232,54,5,1465,0,60,152,6,218,1174,292,206,11,1683,203,13,216,1899
05/11/2001,PHX,AZ,AWP,WE,Combined TRACON& Tower with Radar,1160,227,52,5,1444,4,60,142,0,206,1164,287,194,5,1650,247,12,259,1909
05/12/2001,PHX,AZ,AWP,WE,Combined TRACON& Tower with Radar,999,176,45,5,1225,45,0,108,5,158,1044,176,153,10,1383,146,0,146,1529
05/13/2001,PHX,AZ,AWP,WE,Combined TRACON& Tower with Radar,1027,182,46,4,1259,42,0,60,0,102,1069,182,106,4,1361,151,0,151,1512
05/14/2001,PHX,AZ,AWP,WE,Combined TRACON& Tower with Radar,1132,220,51,5,1408,0,54,121,4,179,1132,274,172,9,1587,189,6,195,1782
05/15/2001,PHX,AZ,AWP,WE,Combined TRACON& Tower with Radar,1134,228,53,5,1420,0,77,175,6,258,1134,305,228,11,1678,185,2,187,1865
05/16/2001,PHX,AZ,AWP,WE,Combined TRACON& Tower with Radar,1164,232,54,5,1455,0,67,192,2,261,1164,299,246,7,1716,182,6,188,1904
05/17/2001,PHX,AZ,AWP,WE,Combined TRACON& Tower with Radar,1167,230,53,5,1455,0,67,154,2,223,1167,297,207,7,1678,215,17,232,1910
05/18/2001,PHX,AZ,AWP,WE,Combined TRACON& Tower with Radar,1167,228,53,4,1452,0,54,171,0,225,1167,282,224,4,1677,210,18,228,1905
05/19/2001,PHX,AZ,AWP,WE,Combined TRACON& Tower with Radar,995,179,45,5,1224,29,0,70,2,101,1024,179,115,7,1325,131,9,140,1465
05/20/2001,PHX,AZ,AWP,WE,Combined TRACON& Tower with Radar,1058,186,47,5,1296,32,0,80,6,118,1090,186,127,11,1414,105,4,109,1523
05/21/2001,PHX,AZ,AWP,WE,Combined TRACON& Tower with Radar,1142,222,52,5,1421,0,50,164,5,219,1142,272,216,10,1640,194,6,200,1840
05/22/2001,PHX,AZ,AWP,WE,Combined TRACON& Tower with Radar,1159,227,53,5,1444,0,67,141,7,215,1159,294,194,12,1659,165,23,188,1847
05/23/2001,PHX,AZ,AWP,WE,Combined TRACON& Tower with Radar,1160,229,54,5,1448,0,67,171,3,241,1160,296,225,8,1689,212,27,239,1928
05/24/2001,PHX,AZ,AWP,WE,Combined TRACON& Tower with Radar,1162,232,54,5,1453,0,67,190,1,258,1162,299,244,6,1711,195,6,201,1912
05/25/2001,PHX,AZ,AWP,WE,Combined TRACON& Tower with Radar,1165,228,52,5,1450,0,62,117,3,182,1165,290,169,8,1632,165,8,173,1805
05/26/2001,PHX,AZ,AWP,WE,Combined TRACON& Tower with Radar,903,154,41,4,1102,59,0,89,1,149,962,154,130,5,1251,137,0,137,1388
05/27/2001,PHX,AZ,AWP,WE,Combined TRACON& Tower with Radar,828,115,37,4,984,58,0,90,0,148,886,115,127,4,1132,150,0,150,1282
05/28/2001,PHX,AZ,AWP,WE,Combined TRACON& Tower with Radar,986,178,44,4,1212,37,0,102,9,148,1023,178,146,13,1360,137,6,143,1503
05/29/2001,PHX,AZ,AWP,WE,Combined TRACON& Tower with Radar,1142,223,51,4,1420,1,56,123,6,186,1143,279,174,10,1606,165,10,175,1781
05/30/2001,PHX,AZ,AWP,WE,Combined TRACON& Tower with Radar,1142,223,51,2,1418,2,54,138,0,194,1144,277,189,2,1612,163,30,193,1805
05/31/2001,PHX,AZ,AWP,WE,Combined TRACON& Tower with Radar,1157,230,53,4,1444,0,61,152,5,218,1157,291,205,9,1662,211,18,229,1891
06/01/2001,PHX,AZ,AWP,WE,Combined TRACON& Tower with Radar,1154,237,45,2,1438,0,51,148,5,204,1154,288,193,7,1642,192,7,199,1841
06/02/2001,PHX,AZ,AWP,WE,Combined TRACON& Tower with Radar,970,187,38,2,1197,43,0,84,5,132,1013,187,122,7,1329,120,3,123,1452
06/03/2001,PHX,AZ,AWP,WE,Combined TRACON& Tower with Radar,1035,187,41,2,1265,44,0,69,8,121,1079,187,110,10,1386,116,5,121,1507
06/04/2001,PHX,AZ,AWP,WE,Combined TRACON& Tower with Radar,1106,226,43,2,1377,14,50,116,4,184,1120,276,159,6,1561,170,0,170,1731
06/05/2001,PHX,AZ,AWP,WE,Combined TRACON& Tower with Radar,1144,237,45,2,1428,0,56,162,1,219,1144,293,207,3,1647,186,6,192,1839
06/06/2001,PHX,AZ,AWP,WE,Combined TRACON& Tower with Radar,1139,237,45,2,1423,0,57,160,4,221,1139,294,205,6,1644,131,8,139,1783
06/07/2001,PHX,AZ,AWP,WE,Combined TRACON& Tower with Radar,1160,242,46,2,1450,0,66,162,7,235,1160,308,208,9,1685,160,16,176,1861
06/08/2001,PHX,AZ,AWP,WE,Combined TRACON& Tower with Radar,1154,239,46,2,1441,0,58,160,13,231,1154,297,206,15,1672,145,11,156,1828
06/09/2001,PHX,AZ,AWP,WE,Combined TRACON& Tower with Radar,951,181,37,2,1171,38,0,100,6,144,989,181,137,8,1315,156,1,157,1472
06/10/2001,PHX,AZ,AWP,WE,Combined TRACON& Tower with Radar,1059,196,41,2,1298,37,0,84,2,123,1096,196,125,4,1421,130,0,130,1551
06/11/2001,PHX,AZ,AWP,WE,Combined TRACON& Tower with Radar,1129,230,44,2,1405,2,51,116,1,170,1131,281,160,3,1575,153,8,161,1736
06/12/2001,PHX,AZ,AWP,WE,Combined TRACON& Tower with Radar,1169,242,47,2,1460,0,56,155,9,220,1169,298,202,11,1680,167,14,181,1861
06/13/2001,PHX,AZ,AWP,WE,Combined TRACON& Tower with Radar,1146,236,45,2,1429,0,70,147,4,221,1146,306,192,6,1650,179,6,185,1835
06/14/2001,PHX,AZ,AWP,WE,Combined TRACON& Tower with Radar,1146,238,46,2,1432,0,63,155,39,257,1146,301,201,41,1689,209,13,222,1911
06/15/2001,PHX,AZ,AWP,WE,Combined TRACON& Tower with Radar,1160,238,45,2,1445,0,60,165,25,250,1160,298,210,27,1695,190,9,199,1894
06/16/2001,PHX,AZ,AWP,WE,Combined TRACON& Tower with Radar,985,195,38,3,1221,50,0,83,2,135,1035,195,121,5,1356,131,5,136,1492
06/17/2001,PHX,AZ,AWP,WE,Combined TRACON& Tower with Radar,1035,192,39,3,1269,40,0,70,3,113,1075,192,109,6,1382,140,5,145,1527
06/18/2001,PHX,AZ,AWP,WE,Combined TRACON& Tower with Radar,1126,228,43,3,1400,9,40,142,5,196,1135,268,185,8,1596,175,10,185,1781
06/19/2001,PHX,AZ,AWP,WE,Combined TRACON& Tower with Radar,1150,238,45,3,1436,0,73,148,4,225,1150,311,193,7,1661,193,8,201,1862
06/20/2001,PHX,AZ,AWP,WE,Combined TRACON& Tower with Radar,1148,242,46,3,1439,0,84,150,9,243,1148,326,196,12,1682,211,7,218,1900
06/21/2001,PHX,AZ,AWP,WE,Combined TRACON& Tower with Radar,1154,242,46,3,1445,0,91,167,21,279,1154,333,213,24,1724,178,1,179,1903
06/22/2001,PHX,AZ,AWP,WE,Combined TRACON& Tower with Radar,1131,235,45,3,1414,0,71,126,8,205,1131,306,171,11,1619,126,2,128,1747
06/23/2001,PHX,AZ,AWP,WE,Combined TRACON& Tower with Radar,1017,200,39,3,1259,31,0,93,2,126,1048,200,132,5,1385,135,0,135,1520
06/24/2001,PHX,AZ,AWP,WE,Combined TRACON& Tower with Radar,1053,192,40,3,1288,35,0,21,8,64,1088,192,61,11,1352,132,1,133,1485
06/25/2001,PHX,AZ,AWP,WE,Combined TRACON& Tower with Radar,1132,232,44,3,1411,0,41,113,7,161,1132,273,157,10,1572,167,3,170,1742
06/26/2001,PHX,AZ,AWP,WE,Combined TRACON& Tower with Radar,1163,240,45,3,1451,0,71,156,1,228,1163,311,201,4,1679,141,10,151,1830
06/27/2001,PHX,AZ,AWP,WE,Combined TRACON& Tower with Radar,1160,241,45,3,1449,0,86,183,6,275,1160,327,228,9,1724,201,24,225,1949
06/28/2001,PHX,AZ,AWP,WE,Combined TRACON& Tower with Radar,1172,242,46,3,1463,0,69,164,4,237,1172,311,210,7,1700,165,5,170,1870
06/29/2001,PHX,AZ,AWP,WE,Combined TRACON& Tower with Radar,1154,238,44,2,1438,0,54,117,2,173,1154,292,161,4,1611,100,3,103,1714
06/30/2001,PHX,AZ,AWP,WE,Combined TRACON& Tower with Radar,1008,194,38,2,1242,43,0,89,5,137,1051,194,127,7,1379,102,0,102,1481
07/01/2001,PHX,AZ,AWP,WE,Combined TRACON& Tower with Radar,1038,192,42,3,1275,25,0,81,5,111,1063,192,123,8,1386,100,0,100,1486
07/02/2001,PHX,AZ,AWP,WE,Combined TRACON& Tower with Radar,1104,218,44,3,1369,8,62,98,6,174,1112,280,142,9,1543,139,0,139,1682
07/03/2001,PHX,AZ,AWP,WE,Combined TRACON& Tower with Radar,1072,212,43,3,1330,24,33,108,16,181,1096,245,151,19,1511,144,0,144,1655
07/04/2001,PHX,AZ,AWP,WE,Combined TRACON& Tower with Radar,989,196,39,3,1227,24,7,66,4,101,1013,203,105,7,1328,188,0,188,1516
07/05/2001,PHX,AZ,AWP,WE,Combined TRACON& Tower with Radar,1149,227,46,3,1425,5,52,96,3,156,1154,279,142,6,1581,120,6,126,1707
07/06/2001,PHX,AZ,AWP,WE,Combined TRACON& Tower with Radar,1162,232,46,4,1444,0,44,122,4,170,1162,276,168,8,1614,153,10,163,1777
07/07/2001,PHX,AZ,AWP,WE,Combined TRACON& Tower with Radar,1019,198,40,4,1261,38,0,69,4,111,1057,198,109,8,1372,106,4,110,1482
07/08/2001,PHX,AZ,AWP,WE,Combined TRACON& Tower with Radar,1072,192,42,4,1310,23,0,166,22,211,1095,192,208,26,1521,109,0,109,1630
07/09/2001,PHX,AZ,AWP,WE,Combined TRACON& Tower with Radar,1130,225,45,1,1401,0,47,110,0,157,1130,272,155,1,1558,152,0,152,1710
07/10/2001,PHX,AZ,AWP,WE,Combined TRACON& Tower with Radar,1163,237,48,4,1452,0,70,117,11,198,1163,307,165,15,1650,158,3,161,1811
07/11/2001,PHX,AZ,AWP,WE,Combined TRACON& Tower with Radar,1142,234,47,4,1427,0,76,169,5,250,1142,310,216,9,1677,150,12,162,1839
07/12/2001,PHX,AZ,AWP,WE,Combined TRACON& Tower with Radar,1158,236,46,4,1444,0,65,166,17,248,1158,301,212,21,1692,137,6,143,1835
07/13/2001,PHX,AZ,AWP,WE,Combined TRACON& Tower with Radar,1159,234,46,4,1443,0,64,160,11,235,1159,298,206,15,1678,141,22,163,1841
07/14/2001,PHX,AZ,AWP,WE,Combined TRACON& Tower with Radar,1013,190,40,4,1247,35,0,99,2,136,1048,190,139,6,1383,112,8,120,1503
07/15/2001,PHX,AZ,AWP,WE,Combined TRACON& Tower with Radar,1064,191,41,4,1300,44,0,65,4,113,1108,191,106,8,1413,117,6,123,1536
07/16/2001,PHX,AZ,AWP,WE,Combined TRACON& Tower with Radar,1127,222,45,4,1398,0,57,150,4,211,1127,279,195,8,1609,211,10,221,1830
07/17/2001,PHX,AZ,AWP,WE,Combined TRACON& Tower with Radar,1166,236,47,4,1453,0,64,154,22,240,1166,300,201,26,1693,214,4,218,1911
07/18/2001,PHX,AZ,AWP,WE,Combined TRACON& Tower with Radar,1157,230,46,4,1437,0,69,153,5,227,1157,299,199,9,1664,179,10,189,1853
07/19/2001,PHX,AZ,AWP,WE,Combined TRACON& Tower with Radar,1167,233,46,4,1450,0,69,127,6,202,1167,302,173,10,1652,149,0,149,1801
07/20/2001,PHX,AZ,AWP,WE,Combined TRACON& Tower with Radar,1172,232,46,4,1454,0,58,143,1,202,1172,290,189,5,1656,168,6,174,1830
07/21/2001,PHX,AZ,AWP,WE,Combined TRACON& Tower with Radar,1008,188,39,4,1239,42,0,58,4,104,1050,188,97,8,1343,105,0,105,1448
07/22/2001,PHX,AZ,AWP,WE,Combined TRACON& Tower with Radar,1055,186,41,4,1286,41,0,47,8,96,1096,186,88,12,1382,104,0,104,1486
07/23/2001,PHX,AZ,AWP,WE,Combined TRACON& Tower with Radar,1125,222,44,4,1395,0,53,130,4,187,1125,275,174,8,1582,147,0,147,1729
07/24/2001,PHX,AZ,AWP,WE,Combined TRACON& Tower with Radar,1166,235,47,4,1452,0,65,152,11,228,1166,300,199,15,1680,196,3,199,1879
07/25/2001,PHX,AZ,AWP,WE,Combined TRACON& Tower with Radar,1153,233,47,4,1437,0,60,130,12,202,1153,293,177,16,1639,137,21,158,1797
07/26/2001,PHX,AZ,AWP,WE,Combined TRACON& Tower with Radar,1165,236,47,4,1452,0,52,167,26,245,1165,288,214,30,1697,133,1,134,1831
07/27/2001,PHX,AZ,AWP,WE,Combined TRACON& Tower with Radar,1156,230,46,3,1435,0,56,142,7,205,1156,286,188,10,1640,192,10,202,1842
07/28/2001,PHX,AZ,AWP,WE,Combined TRACON& Tower with Radar,1027,195,40,3,1265,37,0,92,1,130,1064,195,132,4,1395,109,0,109,1504
07/29/2001,PHX,AZ,AWP,WE,Combined TRACON& Tower with Radar,1048,192,41,3,1284,40,0,50,1,91,1088,192,91,4,1375,103,0,103,1478
07/30/2001,PHX,AZ,AWP,WE,Combined TRACON& Tower with Radar,1139,226,45,3,1413,0,44,96,4,144,1139,270,141,7,1557,144,3,147,1704
07/31/2001,PHX,AZ,AWP,WE,Combined TRACON& Tower with Radar,1152,235,46,3,1436,0,62,146,11,219,1152,297,192,14,1655,168,5,173,1828
08/01/2001,PHX,AZ,AWP,WE,Combined TRACON& Tower with Radar,1165,240,48,4,1457,0,48,129,6,183,1165,288,177,10,1640,161,0,161,1801
08/02/2001,PHX,AZ,AWP,WE,Combined TRACON& Tower with Radar,1149,235,47,4,1435,0,58,121,2,181,1149,293,168,6,1616,161,14,175,1791
08/03/2001,PHX,AZ,AWP,WE,Combined TRACON& Tower with Radar,1160,237,47,4,1448,0,58,137,4,199,1160,295,184,8,1647,140,13,153,1800
08/04/2001,PHX,AZ,AWP,WE,Combined TRACON& Tower with Radar,1000,179,40,3,1222,56,0,84,0,140,1056,179,124,3,1362,143,4,147,1509
08/05/2001,PHX,AZ,AWP,WE,Combined TRACON& Tower with Radar,1055,185,43,3,1286,53,0,69,2,124,1108,185,112,5,1410,121,2,123,1533
08/06/2001,PHX,AZ,AWP,WE,Combined TRACON& Tower with Radar,1123,227,45,4,1399,14,53,109,7,183,1137,280,154,11,1582,134,12,146,1728
08/07/2001,PHX,AZ,AWP,WE,Combined TRACON& Tower with Radar,1148,238,48,4,1438,0,64,113,7,184,1148,302,161,11,1622,139,5,144,1766
08/08/2001,PHX,AZ,AWP,WE,Combined TRACON& Tower with Radar,1159,237,47,4,1447,0,57,113,6,176,1159,294,160,10,1623,154,9,163,1786
08/09/2001,PHX,AZ,AWP,WE,Combined TRACON& Tower with Radar,1165,244,49,4,1462,0,49,148,10,207,1165,293,197,14,1669,197,20,217,1886
08/10/2001,PHX,AZ,AWP,WE,Combined TRACON& Tower with Radar,1163,241,48,4,1456,0,48,143,6,197,1163,289,191,10,1653,156,10,166,1819
08/11/2001,PHX,AZ,AWP,WE,Combined TRACON& Tower with Radar,1006,183,41,3,1233,40,0,117,5,162,1046,183,158,8,1395,112,0,112,1507
08/12/2001,PHX,AZ,AWP,WE,Combined TRACON& Tower with Radar,1079,199,44,3,1325,32,0,78,0,110,1111,199,122,3,1435,119,0,119,1554
08/13/2001,PHX,AZ,AWP,WE,Combined TRACON& Tower with Radar,1134,231,45,5,1415,0,42,102,1,145,1134,273,147,6,1560,183,24,207,1767
08/14/2001,PHX,AZ,AWP,WE,Combined TRACON& Tower with Radar,1147,240,47,5,1439,0,63,121,7,191,1147,303,168,12,1630,135,7,142,1772
08/15/2001,PHX,AZ,AWP,WE,Combined TRACON& Tower with Radar,1177,243,47,5,1472,0,52,132,9,193,1177,295,179,14,1665,172,17,189,1854
08/16/2001,PHX,AZ,AWP,WE,Combined TRACON& Tower with Radar,1152,237,46,5,1440,0,48,150,6,204,1152,285,196,11,1644,141,10,151,1795
08/17/2001,PHX,AZ,AWP,WE,Combined TRACON& Tower with Radar,1162,236,46,5,1449,0,53,149,8,210,1162,289,195,13,1659,149,13,162,1821
08/18/2001,PHX,AZ,AWP,WE,Combined TRACON& Tower with Radar,1015,186,40,4,1245,39,0,90,5,134,1054,186,130,9,1379,121,0,121,1500
08/19/2001,PHX,AZ,AWP,WE,Combined TRACON& Tower with Radar,1060,188,42,4,1294,41,0,106,5,152,1101,188,148,9,1446,106,2,108,1554
08/20/2001,PHX,AZ,AWP,WE,Combined TRACON& Tower with Radar,1138,229,45,5,1417,4,48,108,10,170,1142,277,153,15,1587,143,0,143,1730
08/21/2001,PHX,AZ,AWP,WE,Combined TRACON& Tower with Radar,1150,233,45,5,1433,0,58,127,11,196,1150,291,172,16,1629,144,0,144,1773
08/22/2001,PHX,AZ,AWP,WE,Combined TRACON& Tower with Radar,1154,232,46,5,1437,0,55,142,26,223,1154,287,188,31,1660,176,10,186,1846
08/23/2001,PHX,AZ,AWP,WE,Combined TRACON& Tower with Radar,1170,237,46,5,1458,0,65,147,21,233,1170,302,193,26,1691,182,2,184,1875
08/24/2001,PHX,AZ,AWP,WE,Combined TRACON& Tower with Radar,1170,236,46,4,1456,0,43,136,4,183,1170,279,182,8,1639,153,11,164,1803
08/25/2001,PHX,AZ,AWP,WE,Combined TRACON& Tower with Radar,1003,178,39,3,1223,46,0,136,12,194,1049,178,175,15,1417,138,1,139,1556
08/26/2001,PHX,AZ,AWP,WE,Combined TRACON& Tower with Radar,1050,191,42,2,1285,47,0,110,0,157,1097,191,152,2,1442,0,154,154,1596
08/27/2001,PHX,AZ,AWP,WE,Combined TRACON& Tower with Radar,1107,224,44,3,1378,3,49,103,0,155,1110,273,147,3,1533,124,0,124,1657
08/28/2001,PHX,AZ,AWP,WE,Combined TRACON& Tower with Radar,1133,235,46,4,1418,0,52,81,8,141,1133,287,127,12,1559,112,5,117,1676
08/29/2001,PHX,AZ,AWP,WE,Combined TRACON& Tower with Radar,1158,239,46,4,1447,0,46,103,21,170,1158,285,149,25,1617,157,0,157,1774
08/30/2001,PHX,AZ,AWP,WE,Combined TRACON& Tower with Radar,1160,238,47,4,1449,0,58,157,18,233,1160,296,204,22,1682,184,0,184,1866
08/31/2001,PHX,AZ,AWP,WE,Combined TRACON& Tower with Radar,1156,238,46,4,1444,0,45,164,10,219,1156,283,210,14,1663,198,0,198,1861
09/01/2001,PHX,AZ,AWP,WE,Combined TRACON& Tower with Radar,902,158,51,5,1116,63,0,56,1,120,965,158,107,6,1236,118,0,118,1354
09/02/2001,PHX,AZ,AWP,WE,Combined TRACON& Tower with Radar,821,126,46,4,997,71,0,45,1,117,892,126,91,5,1114,158,0,158,1272
09/03/2001,PHX,AZ,AWP,WE,Combined TRACON& Tower with Radar,1031,190,58,2,1281,53,0,64,0,117,1084,190,122,2,1398,143,0,143,1541
09/04/2001,PHX,AZ,AWP,WE,Combined TRACON& Tower with Radar,1107,218,62,6,1393,14,60,98,9,181,1121,278,160,15,1574,147,0,147,1721
09/05/2001,PHX,AZ,AWP,WE,Combined TRACON& Tower with Radar,1133,223,64,4,1424,5,56,134,0,195,1138,279,198,4,1619,156,10,166,1785
09/06/2001,PHX,AZ,AWP,WE,Combined TRACON& Tower with Radar,1148,226,65,6,1445,13,53,140,13,219,1161,279,205,19,1664,190,2,192,1856
09/07/2001,PHX,AZ,AWP,WE,Combined TRACON& Tower with Radar,1151,226,66,6,1449,6,53,120,7,186,1157,279,186,13,1635,169,7,176,1811
09/08/2001,PHX,AZ,AWP,WE,Combined TRACON& Tower with Radar,977,165,56,5,1203,68,0,75,11,154,1045,165,131,16,1357,121,3,124,1481
09/09/2001,PHX,AZ,AWP,WE,Combined TRACON& Tower with Radar,1049,168,59,6,1282,57,0,81,0,138,1106,168,140,6,1420,133,7,140,1560
09/10/2001,PHX,AZ,AWP,WE,Combined TRACON& Tower with Radar,1085,213,62,6,1366,17,57,149,0,223,1102,270,211,6,1589,130,5,135,1724
09/11/2001,PHX,AZ,AWP,WE,Combined TRACON& Tower with Radar,73,18,6,0,97,0,17,39,33,89,73,35,45,33,186,76,0,76,262
09/12/2001,PHX,AZ,AWP,WE,Combined TRACON& Tower with Radar,0,2,2,0,4,0,0,20,38,58,0,2,22,38,62,0,0,0,62
09/13/2001,PHX,AZ,AWP,WE,Combined TRACON& Tower with Radar,194,58,16,2,270,0,94,22,24,140,194,152,38,26,410,24,1,25,435
09/14/2001,PHX,AZ,AWP,WE,Combined TRACON& Tower with Radar,725,168,47,6,946,0,140,22,45,207,725,308,69,51,1153,73,0,73,1226
09/15/2001,PHX,AZ,AWP,WE,Combined TRACON& Tower with Radar,803,160,45,5,1013,0,26,21,26,73,803,186,66,31,1086,76,0,76,1162
09/16/2001,PHX,AZ,AWP,WE,Combined TRACON& Tower with Radar,923,164,52,6,1145,40,0,3,21,64,963,164,55,27,1209,52,0,52,1261
09/17/2001,PHX,AZ,AWP,WE,Combined TRACON& Tower with Radar,1029,201,57,7,1294,0,51,26,23,100,1029,252,83,30,1394,65,0,65,1459
09/18/2001,PHX,AZ,AWP,WE,Combined TRACON& Tower with Radar,1034,212,60,7,1313,0,56,79,24,159,1034,268,139,31,1472,66,0,66,1538
09/19/2001,PHX,AZ,AWP,WE,Combined TRACON& Tower with Radar,1054,212,60,7,1333,0,58,46,16,120,1054,270,106,23,1453,57,0,57,1510
09/20/2001,PHX,AZ,AWP,WE,Combined TRACON& Tower with Radar,1072,216,61,7,1356,0,40,34,32,106,1072,256,95,39,1462,50,0,50,1512
09/21/2001,PHX,AZ,AWP,WE,Combined TRACON& Tower with Radar,1069,213,61,7,1350,0,37,53,33,123,1069,250,114,40,1473,54,3,57,1530
09/22/2001,PHX,AZ,AWP,WE,Combined TRACON& Tower with Radar,896,157,50,6,1109,21,0,26,25,72,917,157,76,31,1181,25,0,25,1206
09/23/2001,PHX,AZ,AWP,WE,Combined TRACON& Tower with Radar,978,158,54,6,1196,38,0,27,21,86,1016,158,81,27,1282,0,0,0,1282
09/24/2001,PHX,AZ,AWP,WE,Combined TRACON& Tower with Radar,1031,201,57,7,1296,13,43,20,27,103,1044,244,77,34,1399,68,6,74,1473
09/25/2001,PHX,AZ,AWP,WE,Combined TRACON& Tower with Radar,1058,215,61,7,1341,0,64,46,43,153,1058,279,107,50,1494,41,0,41,1535
09/26/2001,PHX,AZ,AWP,WE,Combined TRACON& Tower with Radar,1078,219,62,6,1365,0,73,40,33,146,1078,292,102,39,1511,76,14,90,1601
09/27/2001,PHX,AZ,AWP,WE,Combined TRACON& Tower with Radar,1077,217,61,6,1361,0,60,88,34,182,1077,277,149,40,1543,58,10,68,1611
09/28/2001,PHX,AZ,AWP,WE,Combined TRACON& Tower with Radar,1067,211,60,6,1344,0,54,63,21,138,1067,265,123,27,1482,54,0,54,1536
09/29/2001,PHX,AZ,AWP,WE,Combined TRACON& Tower with Radar,890,164,49,5,1108,22,0,55,27,104,912,164,104,32,1212,58,0,58,1270
09/30/2001,PHX,AZ,AWP,WE,Combined TRACON& Tower with Radar,980,160,54,5,1199,41,0,45,24,110,1021,160,99,29,1309,70,6,76,1385
10/01/2001,PHX,AZ,AWP,WE,Combined TRACON& Tower with Radar,1027,205,70,4,1306,8,44,26,23,101,1035,249,96,27,1407,58,0,58,1465
10/02/2001,PHX,AZ,AWP,WE,Combined TRACON& Tower with Radar,1075,214,73,5,1367,7,45,41,20,113,1082,259,114,25,1480,63,0,63,1543
10/03/2001,PHX,AZ,AWP,WE,Combined TRACON& Tower with Radar,1069,219,75,5,1368,0,57,68,25,150,1069,276,143,30,1518,33,5,38,1556
10/04/2001,PHX,AZ,AWP,WE,Combined TRACON& Tower with Radar,1074,216,74,5,1369,0,72,69,29,170,1074,288,143,34,1539,76,0,76,1615
10/05/2001,PHX,AZ,AWP,WE,Combined TRACON& Tower with Radar,1071,215,73,5,1364,0,56,52,32,140,1071,271,125,37,1504,75,0,75,1579
10/06/2001,PHX,AZ,AWP,WE,Combined TRACON& Tower with Radar,864,169,49,4,1086,64,0,0,30,94,928,169,49,34,1180,45,0,45,1225
10/07/2001,PHX,AZ,AWP,WE,Combined TRACON& Tower with Radar,953,142,65,4,1164,63,0,18,18,99,1016,142,83,22,1263,77,0,77,1340
10/08/2001,PHX,AZ,AWP,WE,Combined TRACON& Tower with Radar,1009,201,68,4,1282,17,28,22,34,101,1026,229,90,38,1383,66,0,66,1449
10/09/2001,PHX,AZ,AWP,WE,Combined TRACON& Tower with Radar,1071,212,73,5,1361,12,50,44,29,135,1083,262,117,34,1496,60,1,61,1557
10/10/2001,PHX,AZ,AWP,WE,Combined TRACON& Tower with Radar,1083,220,75,5,1383,0,77,74,30,181,1083,297,149,35,1564,57,1,58,1622
10/11/2001,PHX,AZ,AWP,WE,Combined TRACON& Tower with Radar,1082,217,74,5,1378,0,63,84,43,190,1082,280,158,48,1568,72,0,72,1640
10/12/2001,PHX,AZ,AWP,WE,Combined TRACON& Tower with Radar,1071,215,74,5,1365,0,60,69,38,167,1071,275,143,43,1532,66,0,66,1598
10/13/2001,PHX,AZ,AWP,WE,Combined TRACON& Tower with Radar,878,174,60,4,1116,55,0,32,36,123,933,174,92,40,1239,76,3,79,1318
10/14/2001,PHX,AZ,AWP,WE,Combined TRACON& Tower with Radar,1004,200,68,4,1276,12,4,25,17,58,1016,204,93,21,1334,66,0,66,1400
10/15/2001,PHX,AZ,AWP,WE,Combined TRACON& Tower with Radar,1048,209,71,4,1332,9,45,55,29,138,1057,254,126,33,1470,80,0,80,1550
10/16/2001,PHX,AZ,AWP,WE,Combined TRACON& Tower with Radar,1069,216,73,6,1364,0,70,89,22,181,1069,286,162,28,1545,89,16,105,1650
10/17/2001,PHX,AZ,AWP,WE,Combined TRACON& Tower with Radar,1081,214,72,6,1373,5,52,90,21,168,1086,266,162,27,1541,122,10,132,1673
10/18/2001,PHX,AZ,AWP,WE,Combined TRACON& Tower with Radar,1081,214,73,6,1374,0,58,97,14,169,1081,272,170,20,1543,78,14,92,1635
10/19/2001,PHX,AZ,AWP,WE,Combined TRACON& Tower with Radar,1069,212,71,6,1358,9,45,103,18,175,1078,257,174,24,1533,97,10,107,1640
10/20/2001,PHX,AZ,AWP,WE,Combined TRACON& Tower with Radar,891,161,59,5,1116,49,0,90,12,151,940,161,149,17,1267,156,0,156,1423
10/21/2001,PHX,AZ,AWP,WE,Combined TRACON& Tower with Radar,947,150,63,5,1165,75,0,42,13,130,1022,150,105,18,1295,85,0,85,1380
10/22/2001,PHX,AZ,AWP,WE,Combined TRACON& Tower with Radar,1043,207,70,5,1325,9,27,77,20,133,1052,234,147,25,1458,75,11,86,1544
10/23/2001,PHX,AZ,AWP,WE,Combined TRACON& Tower with Radar,1074,212,72,6,1364,2,57,70,12,141,1076,269,142,18,1505,105,9,114,1619
10/24/2001,PHX,AZ,AWP,WE,Combined TRACON& Tower with Radar,1071,215,72,6,1364,0,66,94,8,168,1071,281,166,14,1532,77,14,91,1623
10/25/2001,PHX,AZ,AWP,WE,Combined TRACON& Tower with Radar,1088,221,75,6,1390,0,68,110,11,189,1088,289,185,17,1579,90,0,90,1669
10/26/2001,PHX,AZ,AWP,WE,Combined TRACON& Tower with Radar,1090,223,75,6,1394,0,60,110,4,174,1090,283,185,10,1568,126,5,131,1699
10/27/2001,PHX,AZ,AWP,WE,Combined TRACON& Tower with Radar,906,181,61,4,1152,0,0,93,8,101,906,181,154,12,1253,132,0,132,1385
10/28/2001,PHX,AZ,AWP,WE,Combined TRACON& Tower with Radar,949,204,68,4,1225,0,18,189,16,223,949,222,257,20,1448,183,0,183,1631
10/29/2001,PHX,AZ,AWP,WE,Combined TRACON& Tower with Radar,1017,206,69,4,1296,0,63,68,8,139,1017,269,137,12,1435,89,0,89,1524
10/30/2001,PHX,AZ,AWP,WE,Combined TRACON& Tower with Radar,1020,209,70,4,1303,0,82,88,14,184,1020,291,158,18,1487,106,0,106,1593
10/31/2001,PHX,AZ,AWP,WE,Combined TRACON& Tower with Radar,991,208,70,4,1273,0,105,70,26,201,991,313,140,30,1474,103,17,120,1594
11/01/2001,PHX,AZ,AWP,WE,Combined TRACON& Tower with Radar,1002,262,68,5,1337,0,61,73,25,159,1002,323,141,30,1496,137,20,157,1653
11/02/2001,PHX,AZ,AWP,WE,Combined TRACON& Tower with Radar,1002,262,68,4,1336,0,56,81,14,151,1002,318,149,18,1487,115,13,128,1615
11/03/2001,PHX,AZ,AWP,WE,Combined TRACON& Tower with Radar,879,231,61,4,1175,0,13,111,14,138,879,244,172,18,1313,165,0,165,1478
11/04/2001,PHX,AZ,AWP,WE,Combined TRACON& Tower with Radar,943,254,66,4,1267,0,7,95,24,126,943,261,161,28,1393,136,0,136,1529
11/05/2001,PHX,AZ,AWP,WE,Combined TRACON& Tower with Radar,893,187,60,4,1144,62,0,59,1,122,955,187,119,5,1266,97,3,100,1366
11/06/2001,PHX,AZ,AWP,WE,Combined TRACON& Tower with Radar,996,258,68,4,1326,0,70,97,14,181,996,328,165,18,1507,150,5,155,1662
11/07/2001,PHX,AZ,AWP,WE,Combined TRACON& Tower with Radar,1001,262,68,5,1336,0,42,126,1,169,1001,304,194,6,1505,122,12,134,1639
11/08/2001,PHX,AZ,AWP,WE,Combined TRACON& Tower with Radar,1002,258,67,4,1331,5,55,90,5,155,1007,313,157,9,1486,140,6,146,1632
11/09/2001,PHX,AZ,AWP,WE,Combined TRACON& Tower with Radar,989,257,68,4,1318,0,52,51,13,116,989,309,119,17,1434,135,10,145,1579
11/10/2001,PHX,AZ,AWP,WE,Combined TRACON& Tower with Radar,853,220,57,4,1134,33,2,54,7,96,886,222,111,11,1230,93,5,98,1328
11/11/2001,PHX,AZ,AWP,WE,Combined TRACON& Tower with Radar,902,214,61,4,1181,34,0,44,7,85,936,214,105,11,1266,89,0,89,1355
11/12/2001,PHX,AZ,AWP,WE,Combined TRACON& Tower with Radar,948,243,64,4,1259,17,45,53,14,129,965,288,117,18,1388,99,0,99,1487
11/13/2001,PHX,AZ,AWP,WE,Combined TRACON& Tower with Radar,980,259,67,5,1311,0,42,107,9,158,980,301,174,14,1469,117,4,121,1590
11/14/2001,PHX,AZ,AWP,WE,Combined TRACON& Tower with Radar,996,266,68,6,1336,0,56,115,10,181,996,322,183,16,1517,104,15,119,1636
11/15/2001,PHX,AZ,AWP,WE,Combined TRACON& Tower with Radar,1007,269,70,6,1352,0,55,131,12,198,1007,324,201,18,1550,114,8,122,1672
11/16/2001,PHX,AZ,AWP,WE,Combined TRACON& Tower with Radar,993,263,68,6,1330,0,43,133,12,188,993,306,201,18,1518,118,0,118,1636
11/17/2001,PHX,AZ,AWP,WE,Combined TRACON& Tower with Radar,853,218,56,5,1132,34,1,82,6,123,887,219,138,11,1255,90,0,90,1345
11/18/2001,PHX,AZ,AWP,WE,Combined TRACON& Tower with Radar,891,214,59,5,1169,58,0,48,14,120,949,214,107,19,1289,82,1,83,1372
11/19/2001,PHX,AZ,AWP,WE,Combined TRACON& Tower with Radar,962,246,64,5,1277,17,44,67,2,130,979,290,131,7,1407,108,0,108,1515
11/20/2001,PHX,AZ,AWP,WE,Combined TRACON& Tower with Radar,1008,260,67,5,1340,0,56,87,10,153,1008,316,154,15,1493,76,0,76,1569
11/21/2001,PHX,AZ,AWP,WE,Combined TRACON& Tower with Radar,1019,268,69,6,1362,0,53,105,6,164,1019,321,174,12,1526,110,2,112,1638
11/22/2001,PHX,AZ,AWP,WE,Combined TRACON& Tower with Radar,660,147,43,4,854,54,0,28,1,83,714,147,71,5,937,66,1,67,1004
11/23/2001,PHX,AZ,AWP,WE,Combined TRACON& Tower with Radar,717,183,48,4,952,34,29,50,4,117,751,212,98,8,1069,103,0,103,1172
11/24/2001,PHX,AZ,AWP,WE,Combined TRACON& Tower with Radar,828,211,55,3,1097,38,2,23,0,63,866,213,78,3,1160,77,4,81,1241
11/25/2001,PHX,AZ,AWP,WE,Combined TRACON& Tower with Radar,943,221,63,4,1231,17,0,53,0,70,960,221,116,4,1301,81,0,81,1382
11/26/2001,PHX,AZ,AWP,WE,Combined TRACON& Tower with Radar,973,250,64,4,1291,20,32,77,13,142,993,282,141,17,1433,93,5,98,1531
11/27/2001,PHX,AZ,AWP,WE,Combined TRACON& Tower with Radar,1018,263,68,5,1354,0,54,66,6,126,1018,317,134,11,1480,74,1,75,1555
11/28/2001,PHX,AZ,AWP,WE,Combined TRACON& Tower with Radar,1002,264,68,5,1339,0,72,81,5,158,1002,336,149,10,1497,124,10,134,1631
11/29/2001,PHX,AZ,AWP,WE,Combined TRACON& Tower with Radar,1011,270,70,5,1356,0,54,76,16,146,1011,324,146,21,1502,82,0,82,1584
11/30/2001,PHX,AZ,AWP,WE,Combined TRACON& Tower with Radar,1001,264,68,5,1338,0,54,57,13,124,1001,318,125,18,1462,124,4,128,1590
12/01/2001,PHX,AZ,AWP,WE,Combined TRACON& Tower with Radar,860,215,43,3,1121,23,5,72,2,102,883,220,115,5,1223,107,6,113,1336
12/02/2001,PHX,AZ,AWP,WE,Combined TRACON& Tower with Radar,918,226,46,3,1193,14,0,59,3,76,932,226,105,6,1269,107,1,108,1377
12/03/2001,PHX,AZ,AWP,WE,Combined TRACON& Tower with Radar,970,243,48,4,1265,0,46,73,1,120,970,289,121,5,1385,96,9,105,1490
12/04/2001,PHX,AZ,AWP,WE,Combined TRACON& Tower with Radar,1000,267,53,1,1321,0,39,74,0,113,1000,306,127,1,1434,62,4,66,1500
12/05/2001,PHX,AZ,AWP,WE,Combined TRACON& Tower with Radar,995,256,51,4,1306,0,54,119,2,175,995,310,170,6,1481,156,10,166,1647
12/06/2001,PHX,AZ,AWP,WE,Combined TRACON& Tower with Radar,1023,262,52,4,1341,0,49,118,7,174,1023,311,170,11,1515,94,0,94,1609
12/07/2001,PHX,AZ,AWP,WE,Combined TRACON& Tower with Radar,1006,258,51,4,1319,0,62,93,12,167,1006,320,144,16,1486,112,5,117,1603
12/08/2001,PHX,AZ,AWP,WE,Combined TRACON& Tower with Radar,856,215,42,3,1116,16,2,65,3,86,872,217,107,6,1202,77,0,77,1279
12/09/2001,PHX,AZ,AWP,WE,Combined TRACON& Tower with Radar,894,203,45,3,1145,27,0,45,6,78,921,203,90,9,1223,69,0,69,1292
12/10/2001,PHX,AZ,AWP,WE,Combined TRACON& Tower with Radar,959,243,47,5,1254,0,31,88,2,121,959,274,135,7,1375,92,0,92,1467
12/11/2001,PHX,AZ,AWP,WE,Combined TRACON& Tower with Radar,1002,266,51,5,1324,0,46,75,3,124,1002,312,126,8,1448,92,4,96,1544
12/12/2001,PHX,AZ,AWP,WE,Combined TRACON& Tower with Radar,1027,270,52,5,1354,0,40,67,6,113,1027,310,119,11,1467,113,4,117,1584
12/13/2001,PHX,AZ,AWP,WE,Combined TRACON& Tower with Radar,1015,263,51,5,1334,0,52,127,9,188,1015,315,178,14,1522,114,18,132,1654
12/14/2001,PHX,AZ,AWP,WE,Combined TRACON& Tower with Radar,1004,255,49,5,1313,0,49,88,12,149,1004,304,137,17,1462,113,9,122,1584
12/15/2001,PHX,AZ,AWP,WE,Combined TRACON& Tower with Radar,859,211,42,4,1116,33,0,39,7,79,892,211,81,11,1195,93,0,93,1288
12/16/2001,PHX,AZ,AWP,WE,Combined TRACON& Tower with Radar,914,203,44,3,1164,46,0,50,0,96,960,203,94,3,1260,96,0,96,1356
12/17/2001,PHX,AZ,AWP,WE,Combined TRACON& Tower with Radar,987,246,48,5,1286,14,38,64,5,121,1001,284,112,10,1407,113,3,116,1523
12/18/2001,PHX,AZ,AWP,WE,Combined TRACON& Tower with Radar,1042,262,51,5,1360,0,53,91,8,152,1042,315,142,13,1512,75,9,84,1596
12/19/2001,PHX,AZ,AWP,WE,Combined TRACON& Tower with Radar,1043,264,51,5,1363,0,51,107,7,165,1043,315,158,12,1528,170,16,186,1714
12/20/2001,PHX,AZ,AWP,WE,Combined TRACON& Tower with Radar,1053,262,51,5,1371,0,64,91,1,156,1053,326,142,6,1527,114,6,120,1647
12/21/2001,PHX,AZ,AWP,WE,Combined TRACON& Tower with Radar,1039,265,52,5,1361,0,63,102,6,171,1039,328,154,11,1532,141,0,141,1673
12/22/2001,PHX,AZ,AWP,WE,Combined TRACON& Tower with Radar,916,229,45,2,1192,30,2,66,0,98,946,231,111,2,1290,94,0,94,1384
12/23/2001,PHX,AZ,AWP,WE,Combined TRACON& Tower with Radar,852,180,41,0,1073,54,0,53,0,107,906,180,94,0,1180,115,0,115,1295
12/24/2001,PHX,AZ,AWP,WE,Combined TRACON& Tower with Radar,810,203,39,3,1055,31,33,55,0,119,841,236,94,3,1174,118,0,118,1292
12/25/2001,PHX,AZ,AWP,WE,Combined TRACON& Tower with Radar,792,195,38,2,1027,43,0,10,0,53,835,195,48,2,1080,68,0,68,1148
12/26/2001,PHX,AZ,AWP,WE,Combined TRACON& Tower with Radar,1011,254,49,4,1318,0,39,83,2,124,1011,293,132,6,1442,117,0,117,1559
12/27/2001,PHX,AZ,AWP,WE,Combined TRACON& Tower with Radar,1046,262,51,4,1363,7,43,114,8,172,1053,305,165,12,1535,150,2,152,1687
12/28/2001,PHX,AZ,AWP,WE,Combined TRACON& Tower with Radar,1033,258,50,4,1345,4,53,69,9,135,1037,311,119,13,1480,170,1,171,1651
12/29/2001,PHX,AZ,AWP,WE,Combined TRACON& Tower with Radar,896,218,44,3,1161,20,0,64,4,88,916,218,108,7,1249,89,0,89,1338
12/30/2001,PHX,AZ,AWP,WE,Combined TRACON& Tower with Radar,885,197,43,3,1128,24,0,43,5,72,909,197,86,8,1200,80,0,80,1280
12/31/2001,PHX,AZ,AWP,WE,Combined TRACON& Tower with Radar,870,219,43,3,1135,0,41,33,8,82,870,260,76,11,1217,96,2,98,1315
01/01/2002,PHX,AZ,AWP,WE,Combined TRACON& Tower with Radar,868,218,51,4,1141,4,0,71,5,80,872,218,122,9,1221,131,1,132,1353
01/02/2002,PHX,AZ,AWP,WE,Combined TRACON& Tower with Radar,1017,264,60,4,1345,1,42,84,4,131,1018,306,144,8,1476,128,4,132,1608
01/03/2002,PHX,AZ,AWP,WE,Combined TRACON& Tower with Radar,1008,262,60,4,1334,0,40,58,3,101,1008,302,118,7,1435,100,2,102,1537
01/04/2002,PHX,AZ,AWP,WE,Combined TRACON& Tower with Radar,1004,262,59,5,1330,0,36,99,2,137,1004,298,158,7,1467,135,12,147,1614
01/05/2002,PHX,AZ,AWP,WE,Combined TRACON& Tower with Radar,856,223,49,5,1133,32,6,57,3,98,888,229,106,8,1231,124,0,124,1355
01/06/2002,PHX,AZ,AWP,WE,Combined TRACON& Tower with Radar,902,214,52,5,1173,40,0,56,1,97,942,214,108,6,1270,83,3,86,1356
01/07/2002,PHX,AZ,AWP,WE,Combined TRACON& Tower with Radar,967,251,57,5,1280,19,36,80,8,143,986,287,137,13,1423,140,4,144,1567
01/08/2002,PHX,AZ,AWP,WE,Combined TRACON& Tower with Radar,1016,267,60,6,1349,0,37,82,11,130,1016,304,142,17,1479,118,8,126,1605
01/09/2002,PHX,AZ,AWP,WE,Combined TRACON& Tower with Radar,1006,267,60,6,1339,0,49,112,9,170,1006,316,172,15,1509,106,8,114,1623
01/10/2002,PHX,AZ,AWP,WE,Combined TRACON& Tower with Radar,1014,270,60,6,1350,0,31,92,14,137,1014,301,152,20,1487,115,0,115,1602
01/11/2002,PHX,AZ,AWP,WE,Combined TRACON& Tower with Radar,1001,265,60,5,1331,0,42,114,4,160,1001,307,174,9,1491,189,3,192,1683
01/12/2002,PHX,AZ,AWP,WE,Combined TRACON& Tower with Radar,831,214,48,5,1098,45,0,73,3,121,876,214,121,8,1219,153,0,153,1372
01/13/2002,PHX,AZ,AWP,WE,Combined TRACON& Tower with Radar,897,227,52,5,1181,30,0,58,8,96,927,227,110,13,1277,121,0,121,1398
01/14/2002,PHX,AZ,AWP,WE,Combined TRACON& Tower with Radar,982,254,57,5,1298,2,32,83,3,120,984,286,140,8,1418,121,9,130,1548
01/15/2002,PHX,AZ,AWP,WE,Combined TRACON& Tower with Radar,1004,268,60,6,1338,0,40,111,10,161,1004,308,171,16,1499,86,16,102,1601
01/16/2002,PHX,AZ,AWP,WE,Combined TRACON& Tower with Radar,1001,267,60,6,1334,0,45,124,20,189,1001,312,184,26,1523,122,13,135,1658
01/17/2002,PHX,AZ,AWP,WE,Combined TRACON& Tower with Radar,1005,265,59,5,1334,0,51,118,0,169,1005,316,177,5,1503,110,19,129,1632
01/18/2002,PHX,AZ,AWP,WE,Combined TRACON& Tower with Radar,1000,266,60,6,1332,0,63,120,5,188,1000,329,180,11,1520,133,11,144,1664
01/19/2002,PHX,AZ,AWP,WE,Combined TRACON& Tower with Radar,845,219,49,4,1117,44,1,50,0,95,889,220,99,4,1212,97,0,97,1309
01/20/2002,PHX,AZ,AWP,WE,Combined TRACON& Tower with Radar,899,223,52,4,1178,36,0,49,1,86,935,223,101,5,1264,104,0,104,1368
01/21/2002,PHX,AZ,AWP,WE,Combined TRACON& Tower with Radar,951,246,55,4,1256,30,14,97,0,141,981,260,152,4,1397,100,0,100,1497
01/22/2002,PHX,AZ,AWP,WE,Combined TRACON& Tower with Radar,1011,265,60,4,1340,0,33,88,9,130,1011,298,148,13,1470,84,0,84,1554
01/23/2002,PHX,AZ,AWP,WE,Combined TRACON& Tower with Radar,1007,269,60,5,1341,0,49,96,5,150,1007,318,156,10,1491,109,8,117,1608
01/24/2002,PHX,AZ,AWP,WE,Combined TRACON& Tower with Radar,999,260,59,4,1322,0,52,111,2,165,999,312,170,6,1487,149,4,153,1640
01/25/2002,PHX,AZ,AWP,WE,Combined TRACON& Tower with Radar,1001,260,59,4,1324,0,59,102,6,167,1001,319,161,10,1491,159,13,172,1663
01/26/2002,PHX,AZ,AWP,WE,Combined TRACON& Tower with Radar,843,210,49,4,1106,37,0,84,1,122,880,210,133,5,1228,143,1,144,1372
01/27/2002,PHX,AZ,AWP,WE,Combined TRACON& Tower with Radar,899,232,52,4,1187,32,0,47,3,82,931,232,99,7,1269,115,4,119,1388
01/28/2002,PHX,AZ,AWP,WE,Combined TRACON& Tower with Radar,976,256,58,4,1294,0,39,76,4,119,976,295,134,8,1413,98,0,98,1511
01/29/2002,PHX,AZ,AWP,WE,Combined TRACON& Tower with Radar,1010,269,60,5,1344,0,58,76,3,137,1010,327,136,8,1481,102,0,102,1583
01/30/2002,PHX,AZ,AWP,WE,Combined TRACON& Tower with Radar,1007,271,60,5,1343,0,40,61,1,102,1007,311,121,6,1445,126,8,134,1579
01/31/2002,PHX,AZ,AWP,WE,Combined TRACON& Tower with Radar,1002,265,59,4,1330,0,46,123,4,173,1002,311,182,8,1503,140,4,144,1647
02/01/2002,PHX,AZ,AWP,WE,Combined TRACON& Tower with Radar,1013,262,61,5,1341,0,37,145,0,182,1013,299,206,5,1523,114,0,114,1637
02/02/2002,PHX,AZ,AWP,WE,Combined TRACON& Tower with Radar,852,216,51,2,1121,27,0,89,0,116,879,216,140,2,1237,128,2,130,1367
02/03/2002,PHX,AZ,AWP,WE,Combined TRACON& Tower with Radar,898,214,54,4,1170,29,0,67,5,101,927,214,121,9,1271,102,0,102,1373
02/04/2002,PHX,AZ,AWP,WE,Combined TRACON& Tower with Radar,978,251,58,5,1292,14,40,49,2,105,992,291,107,7,1397,129,0,129,1526
02/05/2002,PHX,AZ,AWP,WE,Combined TRACON& Tower with Radar,1006,264,62,5,1337,0,60,111,8,179,1006,324,173,13,1516,135,0,135,1651
02/06/2002,PHX,AZ,AWP,WE,Combined TRACON& Tower with Radar,1020,268,62,5,1355,0,41,132,0,173,1020,309,194,5,1528,154,4,158,1686
02/07/2002,PHX,AZ,AWP,WE,Combined TRACON& Tower with Radar,1016,266,62,5,1349,0,54,116,14,184,1016,320,178,19,1533,161,14,175,1708
02/08/2002,PHX,AZ,AWP,WE,Combined TRACON& Tower with Radar,1023,269,62,6,1360,0,49,105,18,172,1023,318,167,24,1532,129,3,132,1664
02/09/2002,PHX,AZ,AWP,WE,Combined TRACON& Tower with Radar,854,219,51,5,1129,27,0,59,0,86,881,219,110,5,1215,88,1,89,1304
02/10/2002,PHX,AZ,AWP,WE,Combined TRACON& Tower with Radar,930,236,55,6,1227,14,0,58,4,76,944,236,113,10,1303,82,0,82,1385
02/11/2002,PHX,AZ,AWP,WE,Combined TRACON& Tower with Radar,986,252,58,6,1302,11,44,73,13,141,997,296,131,19,1443,114,0,114,1557
02/12/2002,PHX,AZ,AWP,WE,Combined TRACON& Tower with Radar,1013,264,61,6,1344,0,58,134,8,200,1013,322,195,14,1544,88,0,88,1632
02/13/2002,PHX,AZ,AWP,WE,Combined TRACON& Tower with Radar,1026,269,62,4,1361,0,47,116,0,163,1026,316,178,4,1524,120,4,124,1648
02/14/2002,PHX,AZ,AWP,WE,Combined TRACON& Tower with Radar,1025,269,62,6,1362,0,59,124,4,187,1025,328,186,10,1549,108,0,108,1657
02/15/2002,PHX,AZ,AWP,WE,Combined TRACON& Tower with Radar,1036,265,61,6,1368,2,43,113,5,163,1038,308,174,11,1531,146,10,156,1687
02/16/2002,PHX,AZ,AWP,WE,Combined TRACON& Tower with Radar,861,220,50,4,1135,40,0,42,0,82,901,220,92,4,1217,119,5,124,1341
02/17/2002,PHX,AZ,AWP,WE,Combined TRACON& Tower with Radar,937,224,55,2,1218,20,0,76,0,96,957,224,131,2,1314,94,0,94,1408
02/18/2002,PHX,AZ,AWP,WE,Combined TRACON& Tower with Radar,1011,258,60,6,1335,0,23,88,7,118,1011,281,148,13,1453,113,1,114,1567
02/19/2002,PHX,AZ,AWP,WE,Combined TRACON& Tower with Radar,1046,269,62,6,1383,0,44,114,17,175,1046,313,176,23,1558,165,1,166,1724
02/20/2002,PHX,AZ,AWP,WE,Combined TRACON& Tower with Radar,1039,271,62,6,1378,0,33,139,6,178,1039,304,201,12,1556,174,0,174,1730
02/21/2002,PHX,AZ,AWP,WE,Combined TRACON& Tower with Radar,1023,264,61,6,1354,0,50,137,3,190,1023,314,198,9,1544,150,11,161,1705
02/22/2002,PHX,AZ,AWP,WE,Combined TRACON& Tower with Radar,1020,260,60,6,1346,12,38,120,7,177,1032,298,180,13,1523,175,0,175,1698
02/23/2002,PHX,AZ,AWP,WE,Combined TRACON& Tower with Radar,877,220,52,5,1154,24,0,90,5,119,901,220,142,10,1273,182,0,182,1455
02/24/2002,PHX,AZ,AWP,WE,Combined TRACON& Tower with Radar,927,227,54,5,1213,28,0,89,2,119,955,227,143,7,1332,87,0,87,1419
02/25/2002,PHX,AZ,AWP,WE,Combined TRACON& Tower with Radar,993,254,58,5,1310,11,32,70,6,119,1004,286,128,11,1429,107,11,118,1547
02/26/2002,PHX,AZ,AWP,WE,Combined TRACON& Tower with Radar,1027,264,61,5,1357,0,42,101,7,150,1027,306,162,12,1507,130,1,131,1638
02/27/2002,PHX,AZ,AWP,WE,Combined TRACON& Tower with Radar,1057,276,64,5,1402,0,27,114,16,157,1057,303,178,21,1559,130,3,133,1692
02/28/2002,PHX,AZ,AWP,WE,Combined TRACON& Tower with Radar,1065,276,64,5,1410,0,33,139,4,176,1065,309,203,9,1586,135,4,139,1725
03/01/2002,PHX,AZ,AWP,WE,Combined TRACON& Tower with Radar,1068,280,67,6,1421,1,24,100,8,133,1069,304,167,14,1554,112,6,118,1672
03/02/2002,PHX,AZ,AWP,WE,Combined TRACON& Tower with Radar,907,233,56,5,1201,30,0,92,1,123,937,233,148,6,1324,124,0,124,1448
03/03/2002,PHX,AZ,AWP,WE,Combined TRACON& Tower with Radar,950,243,60,2,1255,15,0,80,0,95,965,243,140,2,1350,79,0,79,1429
03/04/2002,PHX,AZ,AWP,WE,Combined TRACON& Tower with Radar,1030,270,64,6,1370,8,36,107,2,153,1038,306,171,8,1523,136,18,154,1677
03/05/2002,PHX,AZ,AWP,WE,Combined TRACON& Tower with Radar,1070,284,67,6,1427,0,70,91,7,168,1070,354,158,13,1595,95,1,96,1691
03/06/2002,PHX,AZ,AWP,WE,Combined TRACON& Tower with Radar,1072,286,68,6,1432,0,60,111,8,179,1072,346,179,14,1611,114,8,122,1733
03/07/2002,PHX,AZ,AWP,WE,Combined TRACON& Tower with Radar,1070,287,68,6,1431,0,45,138,3,186,1070,332,206,9,1617,140,6,146,1763
03/08/2002,PHX,AZ,AWP,WE,Combined TRACON& Tower with Radar,1061,283,67,6,1417,0,50,86,13,149,1061,333,153,19,1566,108,4,112,1678
03/09/2002,PHX,AZ,AWP,WE,Combined TRACON& Tower with Radar,907,238,57,5,1207,27,4,77,7,115,934,242,134,12,1322,121,7,128,1450
03/10/2002,PHX,AZ,AWP,WE,Combined TRACON& Tower with Radar,963,246,60,5,1274,23,0,61,39,123,986,246,121,44,1397,114,5,119,1516
03/11/2002,PHX,AZ,AWP,WE,Combined TRACON& Tower with Radar,1031,270,63,7,1371,9,26,97,7,139,1040,296,160,14,1510,96,4,100,1610
03/12/2002,PHX,AZ,AWP,WE,Combined TRACON& Tower with Radar,1071,280,66,7,1424,0,46,99,4,149,1071,326,165,11,1573,127,10,137,1710
03/13/2002,PHX,AZ,AWP,WE,Combined TRACON& Tower with Radar,1071,289,67,7,1434,0,42,118,22,182,1071,331,185,29,1616,138,14,152,1768
03/14/2002,PHX,AZ,AWP,WE,Combined TRACON& Tower with Radar,1068,286,67,7,1428,0,54,112,10,176,1068,340,179,17,1604,151,4,155,1759
03/15/2002,PHX,AZ,AWP,WE,Combined TRACON& Tower with Radar,1066,284,67,7,1424,0,60,117,7,184,1066,344,184,14,1608,143,0,143,1751
03/16/2002,PHX,AZ,AWP,WE,Combined TRACON& Tower with Radar,917,239,56,6,1218,32,7,43,3,85,949,246,99,9,1303,115,0,115,1418
03/17/2002,PHX,AZ,AWP,WE,Combined TRACON& Tower with Radar,990,260,62,6,1318,0,0,71,9,80,990,260,133,15,1398,128,0,128,1526
03/18/2002,PHX,AZ,AWP,WE,Combined TRACON& Tower with Radar,1048,277,65,7,1397,0,26,59,3,88,1048,303,124,10,1485,98,0,98,1583
03/19/2002,PHX,AZ,AWP,WE,Combined TRACON& Tower with Radar,1064,282,66,7,1419,0,55,150,9,214,1064,337,216,16,1633,89,0,89,1722
03/20/2002,PHX,AZ,AWP,WE,Combined TRACON& Tower with Radar,1067,284,67,7,1425,0,55,143,9,207,1067,339,210,16,1632,136,0,136,1768
03/21/2002,PHX,AZ,AWP,WE,Combined TRACON& Tower with Radar,1072,287,68,7,1434,0,60,139,6,205,1072,347,207,13,1639,90,0,90,1729
03/22/2002,PHX,AZ,AWP,WE,Combined TRACON& Tower with Radar,1080,284,67,7,1438,0,36,124,15,175,1080,320,191,22,1613,151,3,154,1767
03/23/2002,PHX,AZ,AWP,WE,Combined TRACON& Tower with Radar,932,238,57,6,1233,26,0,79,4,109,958,238,136,10,1342,156,0,156,1498
03/24/2002,PHX,AZ,AWP,WE,Combined TRACON& Tower with Radar,981,251,61,6,1299,23,0,91,1,115,1004,251,152,7,1414,97,0,97,1511
03/25/2002,PHX,AZ,AWP,WE,Combined TRACON& Tower with Radar,1043,273,64,6,1386,5,38,108,6,157,1048,311,172,12,1543,113,8,121,1664
03/26/2002,PHX,AZ,AWP,WE,Combined TRACON& Tower with Radar,1078,283,66,6,1433,0,52,92,4,148,1078,335,158,10,1581,91,0,91,1672
03/27/2002,PHX,AZ,AWP,WE,Combined TRACON& Tower with Radar,1071,285,67,6,1429,0,46,136,14,196,1071,331,203,20,1625,119,14,133,1758
03/28/2002,PHX,AZ,AWP,WE,Combined TRACON& Tower with Radar,1076,289,68,3,1436,0,45,128,0,173,1076,334,196,3,1609,140,6,146,1755
03/29/2002,PHX,AZ,AWP,WE,Combined TRACON& Tower with Radar,1063,278,65,6,1412,9,34,62,15,120,1072,312,127,21,1532,151,2,153,1685
03/30/2002,PHX,AZ,AWP,WE,Combined TRACON& Tower with Radar,905,237,56,5,1203,50,1,27,5,83,955,238,83,10,1286,158,0,158,1444
03/31/2002,PHX,AZ,AWP,WE,Combined TRACON& Tower with Radar,962,248,59,2,1271,35,0,38,0,73,997,248,97,2,1344,101,1,102,1446
04/01/2002,PHX,AZ,AWP,WE,Combined TRACON& Tower with Radar,1058,275,60,6,1399,13,32,105,7,157,1071,307,165,13,1556,145,2,147,1703
04/02/2002,PHX,AZ,AWP,WE,Combined TRACON& Tower with Radar,1089,287,63,6,1445,0,43,104,7,154,1089,330,167,13,1599,94,10,104,1703
04/03/2002,PHX,AZ,AWP,WE,Combined TRACON& Tower with Radar,1080,290,63,6,1439,0,50,117,12,179,1080,340,180,18,1618,139,6,145,1763
04/04/2002,PHX,AZ,AWP,WE,Combined TRACON& Tower with Radar,1080,288,63,6,1437,0,42,107,8,157,1080,330,170,14,1594,120,8,128,1722
04/05/2002,PHX,AZ,AWP,WE,Combined TRACON& Tower with Radar,1077,282,62,6,1427,0,39,103,6,148,1077,321,165,12,1575,123,11,134,1709
04/06/2002,PHX,AZ,AWP,WE,Combined TRACON& Tower with Radar,920,240,52,5,1217,25,5,56,0,86,945,245,108,5,1303,148,4,152,1455
04/07/2002,PHX,AZ,AWP,WE,Combined TRACON& Tower with Radar,958,243,55,5,1261,20,0,64,0,84,978,243,119,5,1345,116,0,116,1461
04/08/2002,PHX,AZ,AWP,WE,Combined TRACON& Tower with Radar,1050,275,60,6,1391,0,38,100,10,148,1050,313,160,16,1539,96,9,105,1644
04/09/2002,PHX,AZ,AWP,WE,Combined TRACON& Tower with Radar,1073,281,61,6,1421,0,52,106,9,167,1073,333,167,15,1588,119,7,126,1714
04/10/2002,PHX,AZ,AWP,WE,Combined TRACON& Tower with Radar,1069,283,62,6,1420,0,51,140,4,195,1069,334,202,10,1615,128,11,139,1754
04/11/2002,PHX,AZ,AWP,WE,Combined TRACON& Tower with Radar,1076,283,62,6,1427,0,50,115,9,174,1076,333,177,15,1601,149,0,149,1750
04/12/2002,PHX,AZ,AWP,WE,Combined TRACON& Tower with Radar,1073,281,61,7,1422,0,55,101,0,156,1073,336,162,7,1578,189,15,204,1782
04/13/2002,PHX,AZ,AWP,WE,Combined TRACON& Tower with Radar,902,235,50,6,1193,35,0,79,2,116,937,235,129,8,1309,97,0,97,1406
04/14/2002,PHX,AZ,AWP,WE,Combined TRACON& Tower with Radar,976,251,55,6,1288,26,0,80,3,109,1002,251,135,9,1397,105,0,105,1502
04/15/2002,PHX,AZ,AWP,WE,Combined TRACON& Tower with Radar,1047,271,58,6,1382,12,36,79,0,127,1059,307,137,6,1509,111,17,128,1637
04/16/2002,PHX,AZ,AWP,WE,Combined TRACON& Tower with Radar,1051,280,61,7,1399,0,33,117,6,156,1051,313,178,13,1555,103,6,109,1664
04/17/2002,PHX,AZ,AWP,WE,Combined TRACON& Tower with Radar,1084,287,62,7,1440,0,44,115,3,162,1084,331,177,10,1602,195,14,209,1811
04/18/2002,PHX,AZ,AWP,WE,Combined TRACON& Tower with Radar,1071,283,61,7,1422,0,60,131,12,203,1071,343,192,19,1625,168,5,173,1798
04/19/2002,PHX,AZ,AWP,WE,Combined TRACON& Tower with Radar,1074,280,60,7,1421,0,46,118,6,170,1074,326,178,13,1591,171,10,181,1772
04/20/2002,PHX,AZ,AWP,WE,Combined TRACON& Tower with Radar,901,233,50,6,1190,33,2,72,3,110,934,235,122,9,1300,117,0,117,1417
04/21/2002,PHX,AZ,AWP,WE,Combined TRACON& Tower with Radar,957,238,53,6,1254,32,0,75,5,112,989,238,128,11,1366,120,3,123,1489
04/22/2002,PHX,AZ,AWP,WE,Combined TRACON& Tower with Radar,1034,267,58,7,1366,18,37,66,12,133,1052,304,124,19,1499,74,4,78,1577
04/23/2002,PHX,AZ,AWP,WE,Combined TRACON& Tower with Radar,1068,277,60,6,1411,15,40,99,9,163,1083,317,159,15,1574,139,6,145,1719
04/24/2002,PHX,AZ,AWP,WE,Combined TRACON& Tower with Radar,1076,282,61,6,1425,0,57,110,8,175,1076,339,171,14,1600,131,12,143,1743
04/25/2002,PHX,AZ,AWP,WE,Combined TRACON& Tower with Radar,1074,287,62,6,1429,0,48,141,7,196,1074,335,203,13,1625,153,6,159,1784
04/26/2002,PHX,AZ,AWP,WE,Combined TRACON& Tower with Radar,1072,278,60,6,1416,3,39,66,9,117,1075,317,126,15,1533,129,7,136,1669
04/27/2002,PHX,AZ,AWP,WE,Combined TRACON& Tower with Radar,899,233,50,5,1187,28,7,60,1,96,927,240,110,6,1283,145,0,145,1428
04/28/2002,PHX,AZ,AWP,WE,Combined TRACON& Tower with Radar,952,238,53,5,1248,25,0,82,2,109,977,238,135,7,1357,126,0,126,1483
04/29/2002,PHX,AZ,AWP,WE,Combined TRACON& Tower with Radar,1033,268,58,6,1365,0,50,84,4,138,1033,318,142,10,1503,141,0,141,1644
04/30/2002,PHX,AZ,AWP,WE,Combined TRACON& Tower with Radar,1063,278,60,6,1407,0,51,121,16,188,1063,329,181,22,1595,121,11,132,1727
05/01/2002,PHX,AZ,AWP,WE,Combined TRACON& Tower with Radar,1082,295,51,5,1433,0,36,101,8,145,1082,331,152,13,1578,135,8,143,1721
05/02/2002,PHX,AZ,AWP,WE,Combined TRACON& Tower with Radar,1060,288,50,5,1403,0,50,109,7,166,1060,338,159,12,1569,160,6,166,1735
05/03/2002,PHX,AZ,AWP,WE,Combined TRACON& Tower with Radar,1072,291,51,5,1419,0,55,107,9,171,1072,346,158,14,1590,191,0,191,1781
05/04/2002,PHX,AZ,AWP,WE,Combined TRACON& Tower with Radar,893,240,42,4,1179,17,9,83,11,120,910,249,125,15,1299,90,8,98,1397
05/05/2002,PHX,AZ,AWP,WE,Combined TRACON& Tower with Radar,960,259,45,4,1268,28,5,79,1,113,988,264,124,5,1381,129,0,129,1510
05/06/2002,PHX,AZ,AWP,WE,Combined TRACON& Tower with Radar,1012,274,47,5,1338,0,58,120,6,184,1012,332,167,11,1522,121,4,125,1647
05/07/2002,PHX,AZ,AWP,WE,Combined TRACON& Tower with Radar,1047,287,49,6,1389,0,42,131,11,184,1047,329,180,17,1573,120,1,121,1694
05/08/2002,PHX,AZ,AWP,WE,Combined TRACON& Tower with Radar,1052,294,50,6,1402,0,77,143,8,228,1052,371,193,14,1630,144,10,154,1784
05/09/2002,PHX,AZ,AWP,WE,Combined TRACON& Tower with Radar,1074,296,50,6,1426,0,43,157,4,204,1074,339,207,10,1630,130,0,130,1760
05/10/2002,PHX,AZ,AWP,WE,Combined TRACON& Tower with Radar,1065,290,49,6,1410,0,59,167,0,226,1065,349,216,6,1636,136,8,144,1780
05/11/2002,PHX,AZ,AWP,WE,Combined TRACON& Tower with Radar,883,238,40,5,1166,34,7,44,2,87,917,245,84,7,1253,122,0,122,1375
05/12/2002,PHX,AZ,AWP,WE,Combined TRACON& Tower with Radar,945,255,43,5,1248,28,0,46,1,75,973,255,89,6,1323,98,0,98,1421
05/13/2002,PHX,AZ,AWP,WE,Combined TRACON& Tower with Radar,1037,280,47,6,1370,17,38,109,5,169,1054,318,156,11,1539,125,1,126,1665
05/14/2002,PHX,AZ,AWP,WE,Combined TRACON& Tower with Radar,1066,289,49,6,1410,0,48,90,4,142,1066,337,139,10,1552,119,5,124,1676
05/15/2002,PHX,AZ,AWP,WE,Combined TRACON& Tower with Radar,1065,289,49,6,1409,0,55,94,11,160,1065,344,143,17,1569,119,4,123,1692
05/16/2002,PHX,AZ,AWP,WE,Combined TRACON& Tower with Radar,1072,291,50,6,1419,0,61,116,10,187,1072,352,166,16,1606,128,3,131,1737
05/17/2002,PHX,AZ,AWP,WE,Combined TRACON& Tower with Radar,1076,288,49,6,1419,0,56,95,3,154,1076,344,144,9,1573,134,10,144,1717
05/18/2002,PHX,AZ,AWP,WE,Combined TRACON& Tower with Radar,903,242,41,5,1191,28,1,100,9,138,931,243,141,14,1329,134,3,137,1466
05/19/2002,PHX,AZ,AWP,WE,Combined TRACON& Tower with Radar,970,257,45,5,1277,20,0,76,7,103,990,257,121,12,1380,110,0,110,1490
05/20/2002,PHX,AZ,AWP,WE,Combined TRACON& Tower with Radar,1041,279,48,6,1374,5,39,90,2,136,1046,318,138,8,1510,98,3,101,1611
05/21/2002,PHX,AZ,AWP,WE,Combined TRACON& Tower with Radar,1078,290,50,6,1424,0,57,138,4,199,1078,347,188,10,1623,136,4,140,1763
05/22/2002,PHX,AZ,AWP,WE,Combined TRACON& Tower with Radar,1081,293,50,6,1430,0,54,113,8,175,1081,347,163,14,1605,156,6,162,1767
05/23/2002,PHX,AZ,AWP,WE,Combined TRACON& Tower with Radar,1086,298,51,5,1440,0,55,146,11,212,1086,353,197,16,1652,180,4,184,1836
05/24/2002,PHX,AZ,AWP,WE,Combined TRACON& Tower with Radar,1069,294,50,5,1418,0,45,179,5,229,1069,339,229,10,1647,130,3,133,1780
05/25/2002,PHX,AZ,AWP,WE,Combined TRACON& Tower with Radar,833,222,38,4,1097,37,0,65,3,105,870,222,103,7,1202,100,2,102,1304
05/26/2002,PHX,AZ,AWP,WE,Combined TRACON& Tower with Radar,798,207,36,4,1045,19,0,82,5,106,817,207,118,9,1151,120,4,124,1275
05/27/2002,PHX,AZ,AWP,WE,Combined TRACON& Tower with Radar,931,233,42,4,1210,31,0,88,9,128,962,233,130,13,1338,160,3,163,1501
05/28/2002,PHX,AZ,AWP,WE,Combined TRACON& Tower with Radar,1038,281,48,5,1372,0,51,80,22,153,1038,332,128,27,1525,112,0,112,1637
05/29/2002,PHX,AZ,AWP,WE,Combined TRACON& Tower with Radar,1079,291,49,5,1424,0,51,105,7,163,1079,342,154,12,1587,117,4,121,1708
05/30/2002,PHX,AZ,AWP,WE,Combined TRACON& Tower with Radar,1081,291,49,5,1426,0,48,117,3,168,1081,339,166,8,1594,125,8,133,1727
05/31/2002,PHX,AZ,AWP,WE,Combined TRACON& Tower with Radar,1069,293,50,5,1417,0,53,107,10,170,1069,346,157,15,1587,93,0,93,1680
06/01/2002,PHX,AZ,AWP,WE,Combined TRACON& Tower with Radar,919,248,40,3,1210,20,9,55,0,84,939,257,95,3,1294,98,0,98,1392
06/02/2002,PHX,AZ,AWP,WE,Combined TRACON& Tower with Radar,981,256,43,3,1283,28,0,52,0,80,1009,256,95,3,1363,125,0,125,1488
06/03/2002,PHX,AZ,AWP,WE,Combined TRACON& Tower with Radar,1049,285,45,5,1384,0,49,99,3,151,1049,334,144,8,1535,127,6,133,1668
06/04/2002,PHX,AZ,AWP,WE,Combined TRACON& Tower with Radar,1094,298,48,5,1445,0,58,103,2,163,1094,356,151,7,1608,136,9,145,1753
06/05/2002,PHX,AZ,AWP,WE,Combined TRACON& Tower with Radar,1093,300,48,5,1446,0,56,107,3,166,1093,356,155,8,1612,156,0,156,1768
06/06/2002,PHX,AZ,AWP,WE,Combined TRACON& Tower with Radar,1095,300,48,5,1448,0,48,143,4,195,1095,348,191,9,1643,120,21,141,1784
06/07/2002,PHX,AZ,AWP,WE,Combined TRACON& Tower with Radar,1080,298,46,6,1430,0,67,113,6,186,1080,365,159,12,1616,121,7,128,1744
06/08/2002,PHX,AZ,AWP,WE,Combined TRACON& Tower with Radar,931,255,40,5,1231,0,25,63,12,100,931,280,103,17,1331,102,2,104,1435
06/09/2002,PHX,AZ,AWP,WE,Combined TRACON& Tower with Radar,963,260,41,4,1268,27,1,53,0,81,990,261,94,4,1349,84,5,89,1438
06/10/2002,PHX,AZ,AWP,WE,Combined TRACON& Tower with Radar,1043,282,44,6,1375,1,44,87,7,139,1044,326,131,13,1514,88,3,91,1605
06/11/2002,PHX,AZ,AWP,WE,Combined TRACON& Tower with Radar,1065,290,46,6,1407,0,65,71,6,142,1065,355,117,12,1549,114,5,119,1668
06/12/2002,PHX,AZ,AWP,WE,Combined TRACON& Tower with Radar,1086,299,47,6,1438,0,63,101,7,171,1086,362,148,13,1609,125,9,134,1743
06/13/2002,PHX,AZ,AWP,WE,Combined TRACON& Tower with Radar,1092,298,47,6,1443,0,56,93,6,155,1092,354,140,12,1598,120,4,124,1722
06/14/2002,PHX,AZ,AWP,WE,Combined TRACON& Tower with Radar,1085,296,46,6,1433,0,58,87,7,152,1085,354,133,13,1585,125,3,128,1713
06/15/2002,PHX,AZ,AWP,WE,Combined TRACON& Tower with Radar,932,252,39,5,1228,26,5,63,7,101,958,257,102,12,1329,133,0,133,1462
06/16/2002,PHX,AZ,AWP,WE,Combined TRACON& Tower with Radar,977,251,42,5,1275,39,0,58,6,103,1016,251,100,11,1378,60,2,62,1440
06/17/2002,PHX,AZ,AWP,WE,Combined TRACON& Tower with Radar,1051,288,45,6,1390,0,64,115,4,183,1051,352,160,10,1573,98,9,107,1680
06/18/2002,PHX,AZ,AWP,WE,Combined TRACON& Tower with Radar,1030,249,43,6,1328,50,0,137,2,189,1080,249,180,8,1517,153,9,162,1679
06/19/2002,PHX,AZ,AWP,WE,Combined TRACON& Tower with Radar,1079,298,47,6,1430,0,58,116,9,183,1079,356,163,15,1613,147,9,156,1769
06/20/2002,PHX,AZ,AWP,WE,Combined TRACON& Tower with Radar,1102,303,48,6,1459,0,39,142,17,198,1102,342,190,23,1657,135,7,142,1799
06/21/2002,PHX,AZ,AWP,WE,Combined TRACON& Tower with Radar,1095,298,47,6,1446,0,56,107,4,167,1095,354,154,10,1613,96,0,96,1709
06/22/2002,PHX,AZ,AWP,WE,Combined TRACON& Tower with Radar,937,252,40,5,1234,17,15,79,6,117,954,267,119,11,1351,132,2,134,1485
06/23/2002,PHX,AZ,AWP,WE,Combined TRACON& Tower with Radar,972,244,41,5,1262,47,0,80,10,137,1019,244,121,15,1399,104,0,104,1503
06/24/2002,PHX,AZ,AWP,WE,Combined TRACON& Tower with Radar,1051,286,45,6,1388,0,35,134,12,181,1051,321,179,18,1569,102,0,102,1671
06/25/2002,PHX,AZ,AWP,WE,Combined TRACON& Tower with Radar,1067,299,47,6,1419,0,51,159,12,222,1067,350,206,18,1641,92,3,95,1736
06/26/2002,PHX,AZ,AWP,WE,Combined TRACON& Tower with Radar,1083,297,47,5,1432,0,57,84,15,156,1083,354,131,20,1588,107,4,111,1699
06/27/2002,PHX,AZ,AWP,WE,Combined TRACON& Tower with Radar,1079,296,46,5,1426,0,44,124,11,179,1079,340,170,16,1605,136,11,147,1752
06/28/2002,PHX,AZ,AWP,WE,Combined TRACON& Tower with Radar,1087,294,46,5,1432,3,67,82,6,158,1090,361,128,11,1590,151,6,157,1747
06/29/2002,PHX,AZ,AWP,WE,Combined TRACON& Tower with Radar,938,253,40,4,1235,14,14,78,8,114,952,267,118,12,1349,132,5,137,1486
06/30/2002,PHX,AZ,AWP,WE,Combined TRACON& Tower with Radar,992,260,42,4,1298,34,0,59,2,95,1026,260,101,6,1393,81,0,81,1474
07/01/2002,PHX,AZ,AWP,WE,Combined TRACON& Tower with Radar,1059,290,41,3,1393,0,40,96,5,141,1059,330,137,8,1534,64,0,64,1598
07/02/2002,PHX,AZ,AWP,WE,Combined TRACON& Tower with Radar,1070,293,42,3,1408,0,47,97,4,148,1070,340,139,7,1556,95,5,100,1656
07/03/2002,PHX,AZ,AWP,WE,Combined TRACON& Tower with Radar,1098,298,43,3,1442,2,38,74,11,125,1100,336,117,14,1567,109,10,119,1686
07/04/2002,PHX,AZ,AWP,WE,Combined TRACON& Tower with Radar,779,187,30,2,998,36,0,92,11,139,815,187,122,13,1137,136,0,136,1273
07/05/2002,PHX,AZ,AWP,WE,Combined TRACON& Tower with Radar,834,227,33,2,1096,44,12,61,6,123,878,239,94,8,1219,141,0,141,1360
07/06/2002,PHX,AZ,AWP,WE,Combined TRACON& Tower with Radar,818,184,33,2,1037,82,0,45,2,129,900,184,78,4,1166,87,0,87,1253
07/07/2002,PHX,AZ,AWP,WE,Combined TRACON& Tower with Radar,1001,265,39,3,1308,33,0,143,3,179,1034,265,182,6,1487,73,0,73,1560
07/08/2002,PHX,AZ,AWP,WE,Combined TRACON& Tower with Radar,1044,284,39,4,1371,4,46,61,3,114,1048,330,100,7,1485,68,1,69,1554
07/09/2002,PHX,AZ,AWP,WE,Combined TRACON& Tower with Radar,1072,298,42,4,1416,0,51,100,2,153,1072,349,142,6,1569,62,0,62,1631
07/10/2002,PHX,AZ,AWP,WE,Combined TRACON& Tower with Radar,1071,297,42,4,1414,0,52,111,0,163,1071,349,153,4,1577,93,0,93,1670
07/11/2002,PHX,AZ,AWP,WE,Combined TRACON& Tower with Radar,1080,299,42,4,1425,0,43,109,5,157,1080,342,151,9,1582,175,13,188,1770
07/12/2002,PHX,AZ,AWP,WE,Combined TRACON& Tower with Radar,1073,294,41,4,1412,0,51,111,4,166,1073,345,152,8,1578,138,10,148,1726
07/13/2002,PHX,AZ,AWP,WE,Combined TRACON& Tower with Radar,922,250,35,4,1211,36,3,43,2,84,958,253,78,6,1295,107,0,107,1402
07/14/2002,PHX,AZ,AWP,WE,Combined TRACON& Tower with Radar,893,242,34,3,1172,11,4,53,0,68,904,246,87,3,1240,68,5,73,1313
07/15/2002,PHX,AZ,AWP,WE,Combined TRACON& Tower with Radar,1041,284,40,4,1369,0,39,58,3,100,1041,323,98,7,1469,71,0,71,1540
07/16/2002,PHX,AZ,AWP,WE,Combined TRACON& Tower with Radar,1087,303,43,4,1437,0,45,120,4,169,1087,348,163,8,1606,75,2,77,1683
07/17/2002,PHX,AZ,AWP,WE,Combined TRACON& Tower with Radar,1081,295,41,4,1421,0,56,101,5,162,1081,351,142,9,1583,125,3,128,1711
07/18/2002,PHX,AZ,AWP,WE,Combined TRACON& Tower with Radar,1082,298,42,4,1426,0,54,144,6,204,1082,352,186,10,1630,160,12,172,1802
07/19/2002,PHX,AZ,AWP,WE,Combined TRACON& Tower with Radar,1087,301,43,4,1435,0,51,94,6,151,1087,352,137,10,1586,181,1,182,1768
07/20/2002,PHX,AZ,AWP,WE,Combined TRACON& Tower with Radar,941,254,35,4,1234,25,14,74,2,115,966,268,109,6,1349,115,0,115,1464
07/21/2002,PHX,AZ,AWP,WE,Combined TRACON& Tower with Radar,998,269,38,4,1309,25,0,54,3,82,1023,269,92,7,1391,115,2,117,1508
07/22/2002,PHX,AZ,AWP,WE,Combined TRACON& Tower with Radar,1049,284,40,4,1377,0,45,62,5,112,1049,329,102,9,1489,94,0,94,1583
07/23/2002,PHX,AZ,AWP,WE,Combined TRACON& Tower with Radar,1083,301,42,4,1430,0,59,75,9,143,1083,360,117,13,1573,75,6,81,1654
07/24/2002,PHX,AZ,AWP,WE,Combined TRACON& Tower with Radar,1090,302,42,4,1438,0,62,131,8,201,1090,364,173,12,1639,80,2,82,1721
07/25/2002,PHX,AZ,AWP,WE,Combined TRACON& Tower with Radar,1068,297,42,4,1411,0,64,124,3,191,1068,361,166,7,1602,153,15,168,1770
07/26/2002,PHX,AZ,AWP,WE,Combined TRACON& Tower with Radar,1072,295,41,3,1411,0,62,87,8,157,1072,357,128,11,1568,133,1,134,1702
07/27/2002,PHX,AZ,AWP,WE,Combined TRACON& Tower with Radar,928,251,35,3,1217,25,8,81,2,116,953,259,116,5,1333,135,9,144,1477
07/28/2002,PHX,AZ,AWP,WE,Combined TRACON& Tower with Radar,983,247,37,3,1270,28,0,62,4,94,1011,247,99,7,1364,70,10,80,1444
07/29/2002,PHX,AZ,AWP,WE,Combined TRACON& Tower with Radar,1038,285,40,3,1366,0,56,69,6,131,1038,341,109,9,1497,72,3,75,1572
07/30/2002,PHX,AZ,AWP,WE,Combined TRACON& Tower with Radar,1080,298,42,3,1423,0,56,110,5,171,1080,354,152,8,1594,133,22,155,1749
07/31/2002,PHX,AZ,AWP,WE,Combined TRACON& Tower with Radar,1097,303,42,3,1445,0,54,105,9,168,1097,357,147,12,1613,138,8,146,1759
08/01/2002,PHX,AZ,AWP,WE,Combined TRACON& Tower with Radar,1092,312,45,7,1456,0,43,115,12,170,1092,355,160,19,1626,130,8,138,1764
08/02/2002,PHX,AZ,AWP,WE,Combined TRACON& Tower with Radar,1088,308,44,7,1447,0,43,85,4,132,1088,351,129,11,1579,132,18,150,1729
08/03/2002,PHX,AZ,AWP,WE,Combined TRACON& Tower with Radar,936,265,37,5,1243,27,0,91,0,118,963,265,128,5,1361,118,18,136,1497
08/04/2002,PHX,AZ,AWP,WE,Combined TRACON& Tower with Radar,992,277,40,5,1314,25,0,39,2,66,1017,277,79,7,1380,78,6,84,1464
08/05/2002,PHX,AZ,AWP,WE,Combined TRACON& Tower with Radar,1057,300,42,6,1405,5,51,66,3,125,1062,351,108,9,1530,63,0,63,1593
08/06/2002,PHX,AZ,AWP,WE,Combined TRACON& Tower with Radar,1087,314,44,6,1451,0,41,99,14,154,1087,355,143,20,1605,96,6,102,1707
08/07/2002,PHX,AZ,AWP,WE,Combined TRACON& Tower with Radar,1092,313,44,6,1455,0,45,97,6,148,1092,358,141,12,1603,174,12,186,1789
08/08/2002,PHX,AZ,AWP,WE,Combined TRACON& Tower with Radar,1082,309,43,5,1439,0,11,134,0,145,1082,320,177,5,1584,170,20,190,1774
08/09/2002,PHX,AZ,AWP,WE,Combined TRACON& Tower with Radar,1084,308,43,6,1441,1,56,89,20,166,1085,364,132,26,1607,140,18,158,1765
08/10/2002,PHX,AZ,AWP,WE,Combined TRACON& Tower with Radar,916,260,37,3,1216,23,11,69,0,103,939,271,106,3,1319,113,0,113,1432
08/11/2002,PHX,AZ,AWP,WE,Combined TRACON& Tower with Radar,995,267,40,5,1307,33,0,54,7,94,1028,267,94,12,1401,71,0,71,1472
08/12/2002,PHX,AZ,AWP,WE,Combined TRACON& Tower with Radar,1037,299,42,6,1384,0,42,87,4,133,1037,341,129,10,1517,79,6,85,1602
08/13/2002,PHX,AZ,AWP,WE,Combined TRACON& Tower with Radar,1067,309,43,6,1425,0,38,114,13,165,1067,347,157,19,1590,100,6,106,1696
08/14/2002,PHX,AZ,AWP,WE,Combined TRACON& Tower with Radar,1094,313,43,7,1457,0,29,125,11,165,1094,342,168,18,1622,105,9,114,1736
08/15/2002,PHX,AZ,AWP,WE,Combined TRACON& Tower with Radar,1083,315,43,7,1448,0,37,231,20,288,1083,352,274,27,1736,119,9,128,1864
08/16/2002,PHX,AZ,AWP,WE,Combined TRACON& Tower with Radar,1079,308,43,7,1437,0,47,99,6,152,1079,355,142,13,1589,128,15,143,1732
08/17/2002,PHX,AZ,AWP,WE,Combined TRACON& Tower with Radar,925,261,36,3,1225,35,3,60,0,98,960,264,96,3,1323,106,0,106,1429
08/18/2002,PHX,AZ,AWP,WE,Combined TRACON& Tower with Radar,996,260,39,1,1296,35,0,59,0,94,1031,260,98,1,1390,42,0,42,1432
08/19/2002,PHX,AZ,AWP,WE,Combined TRACON& Tower with Radar,1034,296,41,7,1378,0,37,104,3,144,1034,333,145,10,1522,70,0,70,1592
08/20/2002,PHX,AZ,AWP,WE,Combined TRACON& Tower with Radar,1084,314,43,7,1448,0,43,117,14,174,1084,357,160,21,1622,104,2,106,1728
08/21/2002,PHX,AZ,AWP,WE,Combined TRACON& Tower with Radar,1097,316,44,7,1464,0,44,98,10,152,1097,360,142,17,1616,106,9,115,1731
08/22/2002,PHX,AZ,AWP,WE,Combined TRACON& Tower with Radar,1092,317,44,6,1459,0,58,105,0,163,1092,375,149,6,1622,89,4,93,1715
08/23/2002,PHX,AZ,AWP,WE,Combined TRACON& Tower with Radar,1082,311,43,7,1443,0,54,112,12,178,1082,365,155,19,1621,155,6,161,1782
08/24/2002,PHX,AZ,AWP,WE,Combined TRACON& Tower with Radar,941,266,37,6,1250,21,11,52,12,96,962,277,89,18,1346,80,0,80,1426
08/25/2002,PHX,AZ,AWP,WE,Combined TRACON& Tower with Radar,983,274,39,6,1302,32,0,38,5,75,1015,274,77,11,1377,90,0,90,1467
08/26/2002,PHX,AZ,AWP,WE,Combined TRACON& Tower with Radar,1058,299,41,7,1405,1,41,98,8,148,1059,340,139,15,1553,143,7,150,1703
08/27/2002,PHX,AZ,AWP,WE,Combined TRACON& Tower with Radar,1083,308,42,7,1440,0,46,74,10,130,1083,354,116,17,1570,134,16,150,1720
08/28/2002,PHX,AZ,AWP,WE,Combined TRACON& Tower with Radar,1075,308,42,7,1432,0,49,91,0,140,1075,357,133,7,1572,183,10,193,1765
08/29/2002,PHX,AZ,AWP,WE,Combined TRACON& Tower with Radar,1080,311,43,7,1441,0,42,117,1,160,1080,353,160,8,1601,125,0,125,1726
08/30/2002,PHX,AZ,AWP,WE,Combined TRACON& Tower with Radar,1077,305,42,7,1431,0,50,123,7,180,1077,355,165,14,1611,126,12,138,1749
08/31/2002,PHX,AZ,AWP,WE,Combined TRACON& Tower with Radar,806,211,31,2,1050,56,0,82,0,138,862,211,113,2,1188,117,0,117,1305
09/01/2002,PHX,AZ,AWP,WE,Combined TRACON& Tower with Radar,727,174,33,2,936,57,0,50,3,110,784,174,83,5,1046,110,0,110,1156
09/02/2002,PHX,AZ,AWP,WE,Combined TRACON& Tower with Radar,941,261,43,3,1248,30,0,78,3,111,971,261,121,6,1359,115,0,115,1474
09/03/2002,PHX,AZ,AWP,WE,Combined TRACON& Tower with Radar,1043,300,47,4,1394,0,34,81,15,130,1043,334,128,19,1524,110,3,113,1637
09/04/2002,PHX,AZ,AWP,WE,Combined TRACON& Tower with Radar,1066,311,49,4,1430,0,59,131,5,195,1066,370,180,9,1625,164,8,172,1797
09/05/2002,PHX,AZ,AWP,WE,Combined TRACON& Tower with Radar,1045,301,48,4,1398,0,51,113,4,168,1045,352,161,8,1566,165,9,174,1740
09/06/2002,PHX,AZ,AWP,WE,Combined TRACON& Tower with Radar,1045,299,47,4,1395,0,41,52,2,95,1045,340,99,6,1490,115,6,121,1611
09/07/2002,PHX,AZ,AWP,WE,Combined TRACON& Tower with Radar,907,249,41,3,1200,29,0,32,7,68,936,249,73,10,1268,87,0,87,1355
09/08/2002,PHX,AZ,AWP,WE,Combined TRACON& Tower with Radar,969,272,44,3,1288,27,0,33,5,65,996,272,77,8,1353,110,0,110,1463
09/09/2002,PHX,AZ,AWP,WE,Combined TRACON& Tower with Radar,1033,300,48,4,1385,0,33,59,4,96,1033,333,107,8,1481,59,11,70,1551
09/10/2002,PHX,AZ,AWP,WE,Combined TRACON& Tower with Radar,1021,296,47,4,1368,0,34,67,7,108,1021,330,114,11,1476,108,2,110,1586
09/11/2002,PHX,AZ,AWP,WE,Combined TRACON& Tower with Radar,1017,290,46,4,1357,0,22,107,13,142,1017,312,153,17,1499,115,1,116,1615
09/12/2002,PHX,AZ,AWP,WE,Combined TRACON& Tower with Radar,1047,304,48,4,1403,0,51,104,5,160,1047,355,152,9,1563,94,5,99,1662
09/13/2002,PHX,AZ,AWP,WE,Combined TRACON& Tower with Radar,1066,304,48,4,1422,0,51,114,4,169,1066,355,162,8,1591,140,3,143,1734
09/14/2002,PHX,AZ,AWP,WE,Combined TRACON& Tower with Radar,917,261,41,3,1222,17,31,42,1,91,934,292,83,4,1313,93,6,99,1412
09/15/2002,PHX,AZ,AWP,WE,Combined TRACON& Tower with Radar,987,274,44,4,1309,28,0,78,6,112,1015,274,122,10,1421,72,2,74,1495
09/16/2002,PHX,AZ,AWP,WE,Combined TRACON& Tower with Radar,1046,298,46,5,1395,0,40,77,5,122,1046,338,123,10,1517,86,0,86,1603
09/17/2002,PHX,AZ,AWP,WE,Combined TRACON& Tower with Radar,1063,305,47,5,1420,0,56,110,6,172,1063,361,157,11,1592,121,4,125,1717
09/18/2002,PHX,AZ,AWP,WE,Combined TRACON& Tower with Radar,1076,308,48,5,1437,0,44,72,6,122,1076,352,120,11,1559,88,3,91,1650
09/19/2002,PHX,AZ,AWP,WE,Combined TRACON& Tower with Radar,1054,304,47,5,1410,0,50,92,9,151,1054,354,139,14,1561,111,8,119,1680
09/20/2002,PHX,AZ,AWP,WE,Combined TRACON& Tower with Radar,1052,303,47,5,1407,0,47,103,3,153,1052,350,150,8,1560,134,2,136,1696
09/21/2002,PHX,AZ,AWP,WE,Combined TRACON& Tower with Radar,923,262,41,4,1230,23,5,74,4,106,946,267,115,8,1336,116,4,120,1456
09/22/2002,PHX,AZ,AWP,WE,Combined TRACON& Tower with Radar,975,274,44,4,1297,26,0,52,9,87,1001,274,96,13,1384,98,0,98,1482
09/23/2002,PHX,AZ,AWP,WE,Combined TRACON& Tower with Radar,1047,299,46,5,1397,0,40,96,5,141,1047,339,142,10,1538,91,0,91,1629
09/24/2002,PHX,AZ,AWP,WE,Combined TRACON& Tower with Radar,1053,302,47,5,1407,0,58,96,5,159,1053,360,143,10,1566,106,10,116,1682
09/25/2002,PHX,AZ,AWP,WE,Combined TRACON& Tower with Radar,1069,315,49,5,1438,0,58,99,7,164,1069,373,148,12,1602,140,19,159,1761
09/26/2002,PHX,AZ,AWP,WE,Combined TRACON& Tower with Radar,1064,316,49,5,1434,0,54,158,3,215,1064,370,207,8,1649,140,8,148,1797
09/27/2002,PHX,AZ,AWP,WE,Combined TRACON& Tower with Radar,1071,316,49,4,1440,0,44,129,15,188,1071,360,178,19,1628,200,10,210,1838
09/28/2002,PHX,AZ,AWP,WE,Combined TRACON& Tower with Radar,926,264,41,3,1234,27,5,41,1,74,953,269,82,4,1308,144,6,150,1458
09/29/2002,PHX,AZ,AWP,WE,Combined TRACON& Tower with Radar,984,280,44,3,1311,23,0,52,3,78,1007,280,96,6,1389,145,0,145,1534
09/30/2002,PHX,AZ,AWP,WE,Combined TRACON& Tower with Radar,1027,293,45,4,1369,17,26,76,4,123,1044,319,121,8,1492,69,0,69,1561
10/01/2002,PHX,AZ,AWP,WE,Combined TRACON& Tower with Radar,1058,324,57,5,1444,11,18,82,3,114,1069,342,139,8,1558,108,10,118,1676
10/02/2002,PHX,AZ,AWP,WE,Combined TRACON& Tower with Radar,1067,332,58,5,1462,0,13,114,2,129,1067,345,172,7,1591,122,6,128,1719
10/03/2002,PHX,AZ,AWP,WE,Combined TRACON& Tower with Radar,1057,326,57,5,1445,0,46,102,2,150,1057,372,159,7,1595,162,9,171,1766
10/04/2002,PHX,AZ,AWP,WE,Combined TRACON& Tower with Radar,1052,331,58,5,1446,0,47,115,17,179,1052,378,173,22,1625,136,17,153,1778
10/05/2002,PHX,AZ,AWP,WE,Combined TRACON& Tower with Radar,906,278,49,4,1237,28,3,63,0,94,934,281,112,4,1331,142,2,144,1475
10/06/2002,PHX,AZ,AWP,WE,Combined TRACON& Tower with Radar,960,291,53,4,1308,31,0,82,5,118,991,291,135,9,1426,101,0,101,1527
10/07/2002,PHX,AZ,AWP,WE,Combined TRACON& Tower with Radar,1004,308,54,5,1371,11,41,74,2,128,1015,349,128,7,1499,106,3,109,1608
10/08/2002,PHX,AZ,AWP,WE,Combined TRACON& Tower with Radar,1047,322,57,5,1431,0,45,78,5,128,1047,367,135,10,1559,94,5,99,1658
10/09/2002,PHX,AZ,AWP,WE,Combined TRACON& Tower with Radar,1059,328,58,5,1450,0,46,127,1,174,1059,374,185,6,1624,113,9,122,1746
10/10/2002,PHX,AZ,AWP,WE,Combined TRACON& Tower with Radar,1081,338,58,6,1483,0,44,114,17,175,1081,382,172,23,1658,115,0,115,1773
10/11/2002,PHX,AZ,AWP,WE,Combined TRACON& Tower with Radar,1071,329,57,6,1463,0,52,112,1,165,1071,381,169,7,1628,161,1,162,1790
10/12/2002,PHX,AZ,AWP,WE,Combined TRACON& Tower with Radar,903,271,48,2,1224,48,0,70,0,118,951,271,118,2,1342,94,0,94,1436
10/13/2002,PHX,AZ,AWP,WE,Combined TRACON& Tower with Radar,963,283,52,5,1303,44,0,57,0,101,1007,283,109,5,1404,103,2,105,1509
10/14/2002,PHX,AZ,AWP,WE,Combined TRACON& Tower with Radar,1027,313,54,6,1400,17,32,109,0,158,1044,345,163,6,1558,76,0,76,1634
10/15/2002,PHX,AZ,AWP,WE,Combined TRACON& Tower with Radar,1068,326,57,6,1457,1,28,95,6,130,1069,354,152,12,1587,109,12,121,1708
10/16/2002,PHX,AZ,AWP,WE,Combined TRACON& Tower with Radar,1069,326,57,6,1458,0,53,85,3,141,1069,379,142,9,1599,160,6,166,1765
10/17/2002,PHX,AZ,AWP,WE,Combined TRACON& Tower with Radar,1069,329,57,6,1461,0,38,87,5,130,1069,367,144,11,1591,105,6,111,1702
10/18/2002,PHX,AZ,AWP,WE,Combined TRACON& Tower with Radar,1048,321,55,6,1430,0,36,137,12,185,1048,357,192,18,1615,141,4,145,1760
10/19/2002,PHX,AZ,AWP,WE,Combined TRACON& Tower with Radar,912,272,48,5,1237,46,0,62,2,110,958,272,110,7,1347,97,0,97,1444
10/20/2002,PHX,AZ,AWP,WE,Combined TRACON& Tower with Radar,997,293,53,6,1349,16,0,81,4,101,1013,293,134,10,1450,56,0,56,1506
10/21/2002,PHX,AZ,AWP,WE,Combined TRACON& Tower with Radar,1029,315,54,6,1404,0,34,90,8,132,1029,349,144,14,1536,78,1,79,1615
10/22/2002,PHX,AZ,AWP,WE,Combined TRACON& Tower with Radar,1072,335,58,6,1471,0,42,114,4,160,1072,377,172,10,1631,71,8,79,1710
10/23/2002,PHX,AZ,AWP,WE,Combined TRACON& Tower with Radar,1073,336,58,6,1473,0,34,73,2,109,1073,370,131,8,1582,120,6,126,1708
10/24/2002,PHX,AZ,AWP,WE,Combined TRACON& Tower with Radar,1056,332,57,6,1451,0,44,90,6,140,1056,376,147,12,1591,130,14,144,1735
10/25/2002,PHX,AZ,AWP,WE,Combined TRACON& Tower with Radar,1059,326,56,5,1446,0,53,94,7,154,1059,379,150,12,1600,94,0,94,1694
10/26/2002,PHX,AZ,AWP,WE,Combined TRACON& Tower with Radar,912,272,49,4,1237,19,0,47,1,67,931,272,96,5,1304,73,0,73,1377
10/27/2002,PHX,AZ,AWP,WE,Combined TRACON& Tower with Radar,984,301,53,4,1342,10,1,49,12,72,994,302,102,16,1414,80,2,82,1496
10/28/2002,PHX,AZ,AWP,WE,Combined TRACON& Tower with Radar,1046,321,55,5,1427,0,39,160,15,214,1046,360,215,20,1641,37,0,37,1678
10/29/2002,PHX,AZ,AWP,WE,Combined TRACON& Tower with Radar,1055,332,57,5,1449,0,40,132,5,177,1055,372,189,10,1626,119,5,124,1750
10/30/2002,PHX,AZ,AWP,WE,Combined TRACON& Tower with Radar,1067,333,57,5,1462,0,46,121,6,173,1067,379,178,11,1635,99,0,99,1734
10/31/2002,PHX,AZ,AWP,WE,Combined TRACON& Tower with Radar,1053,328,57,5,1443,0,60,146,14,220,1053,388,203,19,1663,195,0,195,1858
11/01/2002,PHX,AZ,AWP,WE,Combined TRACON& Tower with Radar,1054,332,56,5,1447,0,58,107,8,173,1054,390,163,13,1620,166,2,168,1788
11/02/2002,PHX,AZ,AWP,WE,Combined TRACON& Tower with Radar,924,289,48,5,1266,31,5,71,4,111,955,294,119,9,1377,119,6,125,1502
11/03/2002,PHX,AZ,AWP,WE,Combined TRACON& Tower with Radar,970,303,51,5,1329,16,11,81,4,112,986,314,132,9,1441,80,6,86,1527
11/04/2002,PHX,AZ,AWP,WE,Combined TRACON& Tower with Radar,1046,327,54,5,1432,2,32,60,8,102,1048,359,114,13,1534,93,0,93,1627
11/05/2002,PHX,AZ,AWP,WE,Combined TRACON& Tower with Radar,1049,331,56,5,1441,0,48,93,7,148,1049,379,149,12,1589,98,1,99,1688
11/06/2002,PHX,AZ,AWP,WE,Combined TRACON& Tower with Radar,1065,341,57,5,1468,0,51,120,3,174,1065,392,177,8,1642,159,1,160,1802
11/07/2002,PHX,AZ,AWP,WE,Combined TRACON& Tower with Radar,1068,342,57,5,1472,0,50,125,12,187,1068,392,182,17,1659,140,0,140,1799
11/08/2002,PHX,AZ,AWP,WE,Combined TRACON& Tower with Radar,1061,340,57,5,1463,0,34,86,6,126,1061,374,143,11,1589,163,0,163,1752
11/09/2002,PHX,AZ,AWP,WE,Combined TRACON& Tower with Radar,971,300,51,4,1326,0,0,80,0,80,971,300,131,4,1406,129,0,129,1535
11/10/2002,PHX,AZ,AWP,WE,Combined TRACON& Tower with Radar,986,297,52,5,1340,14,0,107,7,128,1000,297,159,12,1468,239,0,239,1707
11/11/2002,PHX,AZ,AWP,WE,Combined TRACON& Tower with Radar,1053,329,54,6,1442,11,13,112,1,137,1064,342,166,7,1579,83,0,83,1662
11/12/2002,PHX,AZ,AWP,WE,Combined TRACON& Tower with Radar,1058,335,55,6,1454,0,23,143,8,174,1058,358,198,14,1628,86,0,86,1714
11/13/2002,PHX,AZ,AWP,WE,Combined TRACON& Tower with Radar,1067,341,56,6,1470,0,56,139,7,202,1067,397,195,13,1672,180,6,186,1858
11/14/2002,PHX,AZ,AWP,WE,Combined TRACON& Tower with Radar,1075,342,56,7,1480,0,49,105,4,158,1075,391,161,11,1638,190,20,210,1848
11/15/2002,PHX,AZ,AWP,WE,Combined TRACON& Tower with Radar,1073,339,56,6,1474,0,58,110,4,172,1073,397,166,10,1646,188,5,193,1839
11/16/2002,PHX,AZ,AWP,WE,Combined TRACON& Tower with Radar,921,287,47,6,1261,43,1,59,2,105,964,288,106,8,1366,104,9,113,1479
11/17/2002,PHX,AZ,AWP,WE,Combined TRACON& Tower with Radar,967,302,49,6,1324,27,3,57,5,92,994,305,106,11,1416,120,0,120,1536
11/18/2002,PHX,AZ,AWP,WE,Combined TRACON& Tower with Radar,1037,327,54,5,1423,0,51,76,0,127,1037,378,130,5,1550,131,4,135,1685
11/19/2002,PHX,AZ,AWP,WE,Combined TRACON& Tower with Radar,1071,338,56,6,1471,0,31,114,11,156,1071,369,170,17,1627,174,4,178,1805
11/20/2002,PHX,AZ,AWP,WE,Combined TRACON& Tower with Radar,1076,340,56,6,1478,0,42,92,6,140,1076,382,148,12,1618,124,2,126,1744
11/21/2002,PHX,AZ,AWP,WE,Combined TRACON& Tower with Radar,1065,341,56,6,1468,0,42,133,10,185,1065,383,189,16,1653,145,2,147,1800
11/22/2002,PHX,AZ,AWP,WE,Combined TRACON& Tower with Radar,1061,336,56,6,1459,0,44,136,8,188,1061,380,192,14,1647,152,21,173,1820
11/23/2002,PHX,AZ,AWP,WE,Combined TRACON& Tower with Radar,942,291,48,5,1286,22,0,81,0,103,964,291,129,5,1389,109,0,109,1498
11/24/2002,PHX,AZ,AWP,WE,Combined TRACON& Tower with Radar,965,300,49,6,1320,30,3,49,0,82,995,303,98,6,1402,110,4,114,1516
11/25/2002,PHX,AZ,AWP,WE,Combined TRACON& Tower with Radar,1049,326,54,6,1435,0,40,93,5,138,1049,366,147,11,1573,85,6,91,1664
11/26/2002,PHX,AZ,AWP,WE,Combined TRACON& Tower with Radar,1077,343,56,7,1483,0,46,106,6,158,1077,389,162,13,1641,110,6,116,1757
11/27/2002,PHX,AZ,AWP,WE,Combined TRACON& Tower with Radar,1094,345,57,7,1503,0,64,76,6,146,1094,409,133,13,1649,134,6,140,1789
11/28/2002,PHX,AZ,AWP,WE,Combined TRACON& Tower with Radar,662,173,34,4,873,51,0,52,3,106,713,173,86,7,979,106,0,106,1085
11/29/2002,PHX,AZ,AWP,WE,Combined TRACON& Tower with Radar,758,223,39,3,1023,41,0,44,0,85,799,223,83,3,1108,140,0,140,1248
11/30/2002,PHX,AZ,AWP,WE,Combined TRACON& Tower with Radar,907,267,47,2,1223,29,0,36,0,65,936,267,83,2,1288,124,0,124,1412
12/01/2002,PHX,AZ,AWP,WE,Combined TRACON& Tower with Radar,997,298,45,5,1345,5,0,105,0,110,1002,298,150,5,1455,90,0,90,1545
12/02/2002,PHX,AZ,AWP,WE,Combined TRACON& Tower with Radar,1027,322,47,5,1401,0,49,90,5,144,1027,371,137,10,1545,101,3,104,1649
12/03/2002,PHX,AZ,AWP,WE,Combined TRACON& Tower with Radar,1077,340,49,6,1472,0,49,95,9,153,1077,389,144,15,1625,102,5,107,1732
12/04/2002,PHX,AZ,AWP,WE,Combined TRACON& Tower with Radar,1053,338,50,5,1446,0,53,122,10,185,1053,391,172,15,1631,112,4,116,1747
12/05/2002,PHX,AZ,AWP,WE,Combined TRACON& Tower with Radar,1026,331,49,5,1411,0,71,153,5,229,1026,402,202,10,1640,116,1,117,1757
12/06/2002,PHX,AZ,AWP,WE,Combined TRACON& Tower with Radar,1067,336,49,5,1457,0,56,122,2,180,1067,392,171,7,1637,116,13,129,1766
12/07/2002,PHX,AZ,AWP,WE,Combined TRACON& Tower with Radar,925,284,41,5,1255,23,0,74,7,104,948,284,115,12,1359,104,1,105,1464
12/08/2002,PHX,AZ,AWP,WE,Combined TRACON& Tower with Radar,972,299,43,5,1319,11,9,72,0,92,983,308,115,5,1411,105,0,105,1516
12/09/2002,PHX,AZ,AWP,WE,Combined TRACON& Tower with Radar,1024,319,46,5,1394,0,54,91,6,151,1024,373,137,11,1545,73,0,73,1618
12/10/2002,PHX,AZ,AWP,WE,Combined TRACON& Tower with Radar,1053,337,49,6,1445,0,65,116,6,187,1053,402,165,12,1632,82,5,87,1719
12/11/2002,PHX,AZ,AWP,WE,Combined TRACON& Tower with Radar,1054,337,48,6,1445,0,72,115,10,197,1054,409,163,16,1642,151,8,159,1801
12/12/2002,PHX,AZ,AWP,WE,Combined TRACON& Tower with Radar,1077,338,49,6,1470,0,54,126,10,190,1077,392,175,16,1660,126,6,132,1792
12/13/2002,PHX,AZ,AWP,WE,Combined TRACON& Tower with Radar,1065,338,49,6,1458,0,68,96,14,178,1065,406,145,20,1636,123,6,129,1765
12/14/2002,PHX,AZ,AWP,WE,Combined TRACON& Tower with Radar,919,283,41,5,1248,34,10,67,4,115,953,293,108,9,1363,157,0,157,1520
12/15/2002,PHX,AZ,AWP,WE,Combined TRACON& Tower with Radar,954,291,42,6,1293,39,0,47,4,90,993,291,89,10,1383,110,0,110,1493
12/16/2002,PHX,AZ,AWP,WE,Combined TRACON& Tower with Radar,1037,323,46,6,1412,0,45,107,9,161,1037,368,153,15,1573,108,2,110,1683
12/17/2002,PHX,AZ,AWP,WE,Combined TRACON& Tower with Radar,1078,340,49,7,1474,0,46,80,3,129,1078,386,129,10,1603,122,16,138,1741
12/18/2002,PHX,AZ,AWP,WE,Combined TRACON& Tower with Radar,1072,335,48,6,1461,0,32,92,10,134,1072,367,140,16,1595,115,4,119,1714
12/19/2002,PHX,AZ,AWP,WE,Combined TRACON& Tower with Radar,1088,333,49,6,1476,5,49,92,5,151,1093,382,141,11,1627,155,6,161,1788
12/20/2002,PHX,AZ,AWP,WE,Combined TRACON& Tower with Radar,1108,340,49,7,1504,0,27,117,1,145,1108,367,166,8,1649,113,4,117,1766
12/21/2002,PHX,AZ,AWP,WE,Combined TRACON& Tower with Radar,960,293,42,5,1300,34,4,61,0,99,994,297,103,5,1399,119,0,119,1518
12/22/2002,PHX,AZ,AWP,WE,Combined TRACON& Tower with Radar,976,272,43,4,1295,41,0,28,0,69,1017,272,71,4,1364,110,5,115,1479
12/23/2002,PHX,AZ,AWP,WE,Combined TRACON& Tower with Radar,1064,329,47,3,1443,0,7,35,0,42,1064,336,82,3,1485,38,0,38,1523
12/24/2002,PHX,AZ,AWP,WE,Combined TRACON& Tower with Radar,840,257,37,4,1138,41,18,39,0,98,881,275,76,4,1236,64,0,64,1300
12/25/2002,PHX,AZ,AWP,WE,Combined TRACON& Tower with Radar,765,205,33,5,1008,64,0,17,2,83,829,205,50,7,1091,87,0,87,1178
12/26/2002,PHX,AZ,AWP,WE,Combined TRACON& Tower with Radar,1064,326,47,6,1443,6,45,66,0,117,1070,371,113,6,1560,130,2,132,1692
12/27/2002,PHX,AZ,AWP,WE,Combined TRACON& Tower with Radar,1080,331,47,6,1464,7,32,101,6,146,1087,363,148,12,1610,137,7,144,1754
12/28/2002,PHX,AZ,AWP,WE,Combined TRACON& Tower with Radar,948,290,42,6,1286,16,3,99,1,119,964,293,141,7,1405,111,0,111,1516
12/29/2002,PHX,AZ,AWP,WE,Combined TRACON& Tower with Radar,965,278,42,4,1289,45,0,43,0,88,1010,278,85,4,1377,100,0,100,1477
12/30/2002,PHX,AZ,AWP,WE,Combined TRACON& Tower with Radar,1021,313,45,5,1384,18,28,59,7,112,1039,341,104,12,1496,101,0,101,1597
12/31/2002,PHX,AZ,AWP,WE,Combined TRACON& Tower with Radar,947,291,41,5,1284,38,19,67,5,129,985,310,108,10,1413,102,0,102,1515
01/01/2003,PHX,AZ,AWP,WE,Combined TRACON& Tower with Radar,866,240,46,5,1157,61,0,51,7,119,927,240,97,12,1276,141,0,141,1417
01/02/2003,PHX,AZ,AWP,WE,Combined TRACON& Tower with Radar,1076,334,57,6,1473,12,7,110,5,134,1088,341,167,11,1607,125,0,125,1732
01/03/2003,PHX,AZ,AWP,WE,Combined TRACON& Tower with Radar,1082,353,61,6,1502,0,57,160,8,225,1082,410,221,14,1727,190,13,203,1930
01/04/2003,PHX,AZ,AWP,WE,Combined TRACON& Tower with Radar,1041,293,56,6,1396,3,0,149,0,152,1044,293,205,6,1548,125,3,128,1676
01/05/2003,PHX,AZ,AWP,WE,Combined TRACON& Tower with Radar,982,275,53,2,1312,46,0,56,0,102,1028,275,109,2,1414,121,5,126,1540
01/06/2003,PHX,AZ,AWP,WE,Combined TRACON& Tower with Radar,1033,320,55,6,1414,1,23,77,5,106,1034,343,132,11,1520,70,0,70,1590
01/07/2003,PHX,AZ,AWP,WE,Combined TRACON& Tower with Radar,1050,330,56,6,1442,0,40,75,6,121,1050,370,131,12,1563,75,0,75,1638
01/08/2003,PHX,AZ,AWP,WE,Combined TRACON& Tower with Radar,1012,322,55,6,1395,0,9,53,12,74,1012,331,108,18,1469,124,0,124,1593
01/09/2003,PHX,AZ,AWP,WE,Combined TRACON& Tower with Radar,797,249,43,4,1093,0,6,48,0,54,797,255,91,4,1147,165,0,165,1312
01/10/2003,PHX,AZ,AWP,WE,Combined TRACON& Tower with Radar,1003,316,54,6,1379,0,42,93,3,138,1003,358,147,9,1517,166,12,178,1695
01/11/2003,PHX,AZ,AWP,WE,Combined TRACON& Tower with Radar,897,266,48,5,1216,41,0,51,6,98,938,266,99,11,1314,111,0,111,1425
01/12/2003,PHX,AZ,AWP,WE,Combined TRACON& Tower with Radar,941,269,50,5,1265,23,0,97,0,120,964,269,147,5,1385,120,1,121,1506
01/13/2003,PHX,AZ,AWP,WE,Combined TRACON& Tower with Radar,1014,315,54,6,1389,2,18,101,5,126,1016,333,155,11,1515,74,0,74,1589
01/14/2003,PHX,AZ,AWP,WE,Combined TRACON& Tower with Radar,1027,325,55,7,1414,0,44,127,4,175,1027,369,182,11,1589,157,11,168,1757
01/15/2003,PHX,AZ,AWP,WE,Combined TRACON& Tower with Radar,1037,328,55,7,1427,0,39,102,9,150,1037,367,157,16,1577,140,0,140,1717
01/16/2003,PHX,AZ,AWP,WE,Combined TRACON& Tower with Radar,1044,333,56,7,1440,0,45,126,3,174,1044,378,182,10,1614,140,0,140,1754
01/17/2003,PHX,AZ,AWP,WE,Combined TRACON& Tower with Radar,1033,322,55,7,1417,0,33,111,13,157,1033,355,166,20,1574,146,6,152,1726
01/18/2003,PHX,AZ,AWP,WE,Combined TRACON& Tower with Radar,847,257,44,6,1154,38,0,71,3,112,885,257,115,9,1266,140,1,141,1407
01/19/2003,PHX,AZ,AWP,WE,Combined TRACON& Tower with Radar,944,283,50,6,1283,32,0,57,0,89,976,283,107,6,1372,80,0,80,1452
01/20/2003,PHX,AZ,AWP,WE,Combined TRACON& Tower with Radar,1013,313,53,2,1381,4,16,60,0,80,1017,329,113,2,1461,93,0,93,1554
01/21/2003,PHX,AZ,AWP,WE,Combined TRACON& Tower with Radar,1042,326,55,7,1430,0,35,91,6,132,1042,361,146,13,1562,130,0,130,1692
01/22/2003,PHX,AZ,AWP,WE,Combined TRACON& Tower with Radar,1033,328,55,7,1423,0,34,127,8,169,1033,362,182,15,1592,119,4,123,1715
01/23/2003,PHX,AZ,AWP,WE,Combined TRACON& Tower with Radar,1044,326,55,7,1432,0,32,103,3,138,1044,358,158,10,1570,175,6,181,1751
01/24/2003,PHX,AZ,AWP,WE,Combined TRACON& Tower with Radar,1045,327,55,7,1434,0,54,105,3,162,1045,381,160,10,1596,218,12,230,1826
01/25/2003,PHX,AZ,AWP,WE,Combined TRACON& Tower with Radar,936,277,49,6,1268,50,0,90,7,147,986,277,139,13,1415,119,0,119,1534
01/26/2003,PHX,AZ,AWP,WE,Combined TRACON& Tower with Radar,933,289,49,5,1276,21,4,51,11,87,954,293,100,16,1363,102,0,102,1465
01/27/2003,PHX,AZ,AWP,WE,Combined TRACON& Tower with Radar,1021,322,54,6,1403,0,39,96,9,144,1021,361,150,15,1547,111,4,115,1662
01/28/2003,PHX,AZ,AWP,WE,Combined TRACON& Tower with Radar,1027,324,55,6,1412,0,46,98,8,152,1027,370,153,14,1564,97,1,98,1662
01/29/2003,PHX,AZ,AWP,WE,Combined TRACON& Tower with Radar,1047,326,55,6,1434,0,35,101,2,138,1047,361,156,8,1572,121,8,129,1701
01/30/2003,PHX,AZ,AWP,WE,Combined TRACON& Tower with Radar,1042,332,56,6,1436,0,53,127,4,184,1042,385,183,10,1620,160,25,185,1805
01/31/2003,PHX,AZ,AWP,WE,Combined TRACON& Tower with Radar,1060,332,56,6,1454,0,44,111,10,165,1060,376,167,16,1619,174,6,180,1799
02/01/2003,PHX,AZ,AWP,WE,Combined TRACON& Tower with Radar,866,270,58,4,1198,33,4,74,0,111,899,274,132,4,1309,150,16,166,1475
02/02/2003,PHX,AZ,AWP,WE,Combined TRACON& Tower with Radar,927,286,63,4,1280,23,0,48,9,80,950,286,111,13,1360,87,3,90,1450
02/03/2003,PHX,AZ,AWP,WE,Combined TRACON& Tower with Radar,1000,312,67,5,1384,9,47,92,8,156,1009,359,159,13,1540,154,0,154,1694
02/04/2003,PHX,AZ,AWP,WE,Combined TRACON& Tower with Radar,1040,331,72,5,1448,0,46,122,7,175,1040,377,194,12,1623,157,1,158,1781
02/05/2003,PHX,AZ,AWP,WE,Combined TRACON& Tower with Radar,1037,324,70,5,1436,0,44,79,5,128,1037,368,149,10,1564,113,3,116,1680
02/06/2003,PHX,AZ,AWP,WE,Combined TRACON& Tower with Radar,1036,328,70,5,1439,0,46,101,7,154,1036,374,171,12,1593,150,7,157,1750
02/07/2003,PHX,AZ,AWP,WE,Combined TRACON& Tower with Radar,1032,329,71,5,1437,0,47,118,17,182,1032,376,189,22,1619,166,2,168,1787
02/08/2003,PHX,AZ,AWP,WE,Combined TRACON& Tower with Radar,866,261,58,4,1189,22,0,54,10,86,888,261,112,14,1275,112,0,112,1387
02/09/2003,PHX,AZ,AWP,WE,Combined TRACON& Tower with Radar,932,282,62,5,1281,33,0,56,1,90,965,282,118,6,1371,92,0,92,1463
02/10/2003,PHX,AZ,AWP,WE,Combined TRACON& Tower with Radar,1005,313,66,6,1390,8,20,123,3,154,1013,333,189,9,1544,180,2,182,1726
02/11/2003,PHX,AZ,AWP,WE,Combined TRACON& Tower with Radar,1033,326,69,6,1434,0,22,75,16,113,1033,348,144,22,1547,189,6,195,1742
02/12/2003,PHX,AZ,AWP,WE,Combined TRACON& Tower with Radar,1039,329,70,6,1444,0,9,69,6,84,1039,338,139,12,1528,115,0,115,1643
02/13/2003,PHX,AZ,AWP,WE,Combined TRACON& Tower with Radar,954,307,65,1,1327,0,0,71,0,71,954,307,136,1,1398,120,6,126,1524
02/14/2003,PHX,AZ,AWP,WE,Combined TRACON& Tower with Radar,1102,350,74,6,1532,0,3,48,1,52,1102,353,122,7,1584,204,5,209,1793
02/15/2003,PHX,AZ,AWP,WE,Combined TRACON& Tower with Radar,883,259,58,5,1205,31,0,38,0,69,914,259,96,5,1274,94,0,94,1368
02/16/2003,PHX,AZ,AWP,WE,Combined TRACON& Tower with Radar,912,270,61,5,1248,48,0,34,1,83,960,270,95,6,1331,61,0,61,1392
02/17/2003,PHX,AZ,AWP,WE,Combined TRACON& Tower with Radar,954,295,63,6,1318,19,9,87,1,116,973,304,150,7,1434,75,0,75,1509
02/18/2003,PHX,AZ,AWP,WE,Combined TRACON& Tower with Radar,1035,321,68,6,1430,10,15,99,7,131,1045,336,167,13,1561,110,35,145,1706
02/19/2003,PHX,AZ,AWP,WE,Combined TRACON& Tower with Radar,1059,328,70,6,1463,3,35,114,11,163,1062,363,184,17,1626,128,0,128,1754
02/20/2003,PHX,AZ,AWP,WE,Combined TRACON& Tower with Radar,1061,335,72,6,1474,0,26,150,6,182,1061,361,222,12,1656,161,10,171,1827
02/21/2003,PHX,AZ,AWP,WE,Combined TRACON& Tower with Radar,1049,326,69,6,1450,0,44,83,12,139,1049,370,152,18,1589,125,1,126,1715
02/22/2003,PHX,AZ,AWP,WE,Combined TRACON& Tower with Radar,864,268,57,5,1194,30,9,67,8,114,894,277,124,13,1308,150,1,151,1459
02/23/2003,PHX,AZ,AWP,WE,Combined TRACON& Tower with Radar,952,286,63,5,1306,24,0,87,10,121,976,286,150,15,1427,91,0,91,1518
02/24/2003,PHX,AZ,AWP,WE,Combined TRACON& Tower with Radar,1032,321,69,6,1428,0,31,76,4,111,1032,352,145,10,1539,96,4,100,1639
02/25/2003,PHX,AZ,AWP,WE,Combined TRACON& Tower with Radar,977,312,66,2,1357,0,19,55,0,74,977,331,121,2,1431,79,6,85,1516
02/26/2003,PHX,AZ,AWP,WE,Combined TRACON& Tower with Radar,1031,335,71,1,1438,0,30,61,0,91,1031,365,132,1,1529,112,0,112,1641
02/27/2003,PHX,AZ,AWP,WE,Combined TRACON& Tower with Radar,1042,329,70,3,1444,0,19,64,0,83,1042,348,134,3,1527,116,6,122,1649
02/28/2003,PHX,AZ,AWP,WE,Combined TRACON& Tower with Radar,1048,337,71,4,1460,0,23,80,0,103,1048,360,151,4,1563,151,0,151,1714
03/01/2003,PHX,AZ,AWP,WE,Combined TRACON& Tower with Radar,874,271,54,2,1201,22,0,44,0,66,896,271,98,2,1267,111,11,122,1389
03/02/2003,PHX,AZ,AWP,WE,Combined TRACON& Tower with Radar,977,329,62,4,1372,0,63,48,3,114,977,392,110,7,1486,110,0,110,1596
03/03/2003,PHX,AZ,AWP,WE,Combined TRACON& Tower with Radar,1007,324,62,4,1397,24,23,84,9,140,1031,347,146,13,1537,155,5,160,1697
03/04/2003,PHX,AZ,AWP,WE,Combined TRACON& Tower with Radar,1048,343,65,4,1460,0,37,64,10,111,1048,380,129,14,1571,152,2,154,1725
03/05/2003,PHX,AZ,AWP,WE,Combined TRACON& Tower with Radar,1046,341,64,4,1455,0,27,93,2,122,1046,368,157,6,1577,149,10,159,1736
03/06/2003,PHX,AZ,AWP,WE,Combined TRACON& Tower with Radar,1055,347,66,4,1472,0,24,129,9,162,1055,371,195,13,1634,150,8,158,1792
03/07/2003,PHX,AZ,AWP,WE,Combined TRACON& Tower with Radar,1040,335,63,4,1442,7,36,101,3,147,1047,371,164,7,1589,116,1,117,1706
03/08/2003,PHX,AZ,AWP,WE,Combined TRACON& Tower with Radar,877,281,52,5,1215,22,0,71,0,93,899,281,123,5,1308,126,0,126,1434
03/09/2003,PHX,AZ,AWP,WE,Combined TRACON& Tower with Radar,943,304,56,5,1308,25,4,53,0,82,968,308,109,5,1390,85,0,85,1475
03/10/2003,PHX,AZ,AWP,WE,Combined TRACON& Tower with Radar,1007,324,61,5,1397,13,23,78,10,124,1020,347,139,15,1521,122,3,125,1646
03/11/2003,PHX,AZ,AWP,WE,Combined TRACON& Tower with Radar,1051,340,64,5,1460,0,39,107,1,147,1051,379,171,6,1607,97,6,103,1710
03/12/2003,PHX,AZ,AWP,WE,Combined TRACON& Tower with Radar,1047,345,64,4,1460,0,46,83,0,129,1047,391,147,4,1589,149,8,157,1746
03/13/2003,PHX,AZ,AWP,WE,Combined TRACON& Tower with Radar,1055,340,63,5,1463,1,21,122,7,151,1056,361,185,12,1614,111,6,117,1731
03/14/2003,PHX,AZ,AWP,WE,Combined TRACON& Tower with Radar,1051,348,66,5,1470,0,39,129,9,177,1051,387,195,14,1647,141,0,141,1788
03/15/2003,PHX,AZ,AWP,WE,Combined TRACON& Tower with Radar,895,279,53,4,1231,14,0,73,0,87,909,279,126,4,1318,122,3,125,1443
03/16/2003,PHX,AZ,AWP,WE,Combined TRACON& Tower with Radar,964,282,57,4,1307,22,0,46,0,68,986,282,103,4,1375,97,0,97,1472
03/17/2003,PHX,AZ,AWP,WE,Combined TRACON& Tower with Radar,1034,332,62,5,1433,7,12,50,2,71,1041,344,112,7,1504,104,0,104,1608
03/18/2003,PHX,AZ,AWP,WE,Combined TRACON& Tower with Radar,1037,342,64,5,1448,0,35,93,0,128,1037,377,157,5,1576,102,8,110,1686
03/19/2003,PHX,AZ,AWP,WE,Combined TRACON& Tower with Radar,1015,339,63,5,1422,0,42,127,5,174,1015,381,190,10,1596,147,10,157,1753
03/20/2003,PHX,AZ,AWP,WE,Combined TRACON& Tower with Radar,1045,342,64,5,1456,0,37,95,9,141,1045,379,159,14,1597,121,5,126,1723
03/21/2003,PHX,AZ,AWP,WE,Combined TRACON& Tower with Radar,1045,338,64,5,1452,0,43,111,7,161,1045,381,175,12,1613,184,6,190,1803
03/22/2003,PHX,AZ,AWP,WE,Combined TRACON& Tower with Radar,889,284,53,5,1231,21,1,60,0,82,910,285,113,5,1313,117,7,124,1437
03/23/2003,PHX,AZ,AWP,WE,Combined TRACON& Tower with Radar,982,290,59,1,1332,15,0,112,0,127,997,290,171,1,1459,162,6,168,1627
03/24/2003,PHX,AZ,AWP,WE,Combined TRACON& Tower with Radar,1043,335,62,5,1445,0,31,72,9,112,1043,366,134,14,1557,116,9,125,1682
03/25/2003,PHX,AZ,AWP,WE,Combined TRACON& Tower with Radar,1057,342,64,5,1468,0,33,116,4,153,1057,375,180,9,1621,101,6,107,1728
03/26/2003,PHX,AZ,AWP,WE,Combined TRACON& Tower with Radar,1065,344,65,5,1479,0,30,104,6,140,1065,374,169,11,1619,174,9,183,1802
03/27/2003,PHX,AZ,AWP,WE,Combined TRACON& Tower with Radar,1058,348,66,5,1477,0,36,127,3,166,1058,384,193,8,1643,106,3,109,1752
03/28/2003,PHX,AZ,AWP,WE,Combined TRACON& Tower with Radar,1053,338,63,5,1459,7,41,87,2,137,1060,379,150,7,1596,138,6,144,1740
03/29/2003,PHX,AZ,AWP,WE,Combined TRACON& Tower with Radar,870,280,52,3,1205,40,2,38,4,84,910,282,90,7,1289,129,4,133,1422
03/30/2003,PHX,AZ,AWP,WE,Combined TRACON& Tower with Radar,943,285,57,4,1289,43,0,74,3,120,986,285,131,7,1409,74,3,77,1486
03/31/2003,PHX,AZ,AWP,WE,Combined TRACON& Tower with Radar,1006,324,60,4,1394,21,26,30,5,82,1027,350,90,9,1476,68,0,68,1544
04/01/2003,PHX,AZ,AWP,WE,Combined TRACON& Tower with Radar,1048,344,54,5,1451,0,30,118,2,150,1048,374,172,7,1601,106,0,106,1707
04/02/2003,PHX,AZ,AWP,WE,Combined TRACON& Tower with Radar,1035,338,53,3,1429,1,39,89,0,129,1036,377,142,3,1558,133,9,142,1700
04/03/2003,PHX,AZ,AWP,WE,Combined TRACON& Tower with Radar,1048,344,54,5,1451,0,35,141,2,178,1048,379,195,7,1629,153,14,167,1796
04/04/2003,PHX,AZ,AWP,WE,Combined TRACON& Tower with Radar,1026,337,54,4,1421,0,30,108,10,148,1026,367,162,14,1569,139,6,145,1714
04/05/2003,PHX,AZ,AWP,WE,Combined TRACON& Tower with Radar,870,283,45,3,1201,33,0,52,0,85,903,283,97,3,1286,138,4,142,1428
04/06/2003,PHX,AZ,AWP,WE,Combined TRACON& Tower with Radar,947,300,49,4,1300,26,0,73,1,100,973,300,122,5,1400,87,8,95,1495
04/07/2003,PHX,AZ,AWP,WE,Combined TRACON& Tower with Radar,1019,335,52,4,1410,0,26,101,3,130,1019,361,153,7,1540,131,0,131,1671
04/08/2003,PHX,AZ,AWP,WE,Combined TRACON& Tower with Radar,1024,339,53,5,1421,0,43,122,5,170,1024,382,175,10,1591,123,10,133,1724
04/09/2003,PHX,AZ,AWP,WE,Combined TRACON& Tower with Radar,1032,346,54,5,1437,0,55,113,0,168,1032,401,167,5,1605,107,13,120,1725
04/10/2003,PHX,AZ,AWP,WE,Combined TRACON& Tower with Radar,1053,344,54,5,1456,0,52,104,7,163,1053,396,158,12,1619,105,6,111,1730
04/11/2003,PHX,AZ,AWP,WE,Combined TRACON& Tower with Radar,1047,343,53,5,1448,1,40,99,1,141,1048,383,152,6,1589,185,5,190,1779
04/12/2003,PHX,AZ,AWP,WE,Combined TRACON& Tower with Radar,863,282,44,4,1193,28,6,94,6,134,891,288,138,10,1327,142,3,145,1472
04/13/2003,PHX,AZ,AWP,WE,Combined TRACON& Tower with Radar,947,290,48,5,1290,38,0,75,2,115,985,290,123,7,1405,121,8,129,1534
04/14/2003,PHX,AZ,AWP,WE,Combined TRACON& Tower with Radar,1001,328,50,5,1384,11,23,74,8,116,1012,351,124,13,1500,124,3,127,1627
04/15/2003,PHX,AZ,AWP,WE,Combined TRACON& Tower with Radar,1025,342,52,6,1425,0,48,75,4,127,1025,390,127,10,1552,102,0,102,1654
04/16/2003,PHX,AZ,AWP,WE,Combined TRACON& Tower with Radar,1048,351,54,6,1459,0,57,125,6,188,1048,408,179,12,1647,130,0,130,1777
04/17/2003,PHX,AZ,AWP,WE,Combined TRACON& Tower with Radar,1043,348,54,6,1451,0,61,127,7,195,1043,409,181,13,1646,140,8,148,1794
04/18/2003,PHX,AZ,AWP,WE,Combined TRACON& Tower with Radar,1045,345,53,6,1449,0,44,90,0,134,1045,389,143,6,1583,188,5,193,1776
04/19/2003,PHX,AZ,AWP,WE,Combined TRACON& Tower with Radar,852,277,43,5,1177,24,15,52,2,93,876,292,95,7,1270,125,0,125,1395
04/20/2003,PHX,AZ,AWP,WE,Combined TRACON& Tower with Radar,932,294,47,3,1276,37,0,64,0,101,969,294,111,3,1377,160,0,160,1537
04/21/2003,PHX,AZ,AWP,WE,Combined TRACON& Tower with Radar,1018,334,52,4,1408,0,36,107,7,150,1018,370,159,11,1558,101,0,101,1659
04/22/2003,PHX,AZ,AWP,WE,Combined TRACON& Tower with Radar,1027,341,52,5,1425,0,48,102,7,157,1027,389,154,12,1582,124,3,127,1709
04/23/2003,PHX,AZ,AWP,WE,Combined TRACON& Tower with Radar,1026,342,52,5,1425,0,76,69,17,162,1026,418,121,22,1587,127,12,139,1726
04/24/2003,PHX,AZ,AWP,WE,Combined TRACON& Tower with Radar,1039,348,53,5,1445,0,57,149,12,218,1039,405,202,17,1663,133,12,145,1808
04/25/2003,PHX,AZ,AWP,WE,Combined TRACON& Tower with Radar,1033,340,52,5,1430,0,49,138,1,188,1033,389,190,6,1618,149,8,157,1775
04/26/2003,PHX,AZ,AWP,WE,Combined TRACON& Tower with Radar,849,277,42,4,1172,30,12,69,1,112,879,289,111,5,1284,130,0,130,1414
04/27/2003,PHX,AZ,AWP,WE,Combined TRACON& Tower with Radar,950,305,48,2,1305,15,0,95,0,110,965,305,143,2,1415,101,0,101,1516
04/28/2003,PHX,AZ,AWP,WE,Combined TRACON& Tower with Radar,999,327,50,4,1380,6,45,69,5,125,1005,372,119,9,1505,110,2,112,1617
04/29/2003,PHX,AZ,AWP,WE,Combined TRACON& Tower with Radar,1011,330,51,4,1396,5,43,90,9,147,1016,373,141,13,1543,101,5,106,1649
04/30/2003,PHX,AZ,AWP,WE,Combined TRACON& Tower with Radar,1024,343,53,5,1425,0,50,137,5,192,1024,393,190,10,1617,179,12,191,1808
05/01/2003,PHX,AZ,AWP,WE,Combined TRACON& Tower with Radar,1015,339,48,5,1407,0,69,141,0,210,1015,408,189,5,1617,177,10,187,1804
05/02/2003,PHX,AZ,AWP,WE,Combined TRACON& Tower with Radar,1035,333,47,7,1422,0,46,122,7,175,1035,379,169,14,1597,191,9,200,1797
05/03/2003,PHX,AZ,AWP,WE,Combined TRACON& Tower with Radar,898,279,41,6,1224,34,0,39,6,79,932,279,80,12,1303,185,11,196,1499
05/04/2003,PHX,AZ,AWP,WE,Combined TRACON& Tower with Radar,948,293,43,5,1289,0,0,108,0,108,948,293,151,5,1397,164,28,192,1589
05/05/2003,PHX,AZ,AWP,WE,Combined TRACON& Tower with Radar,998,320,45,7,1370,0,34,124,7,165,998,354,169,14,1535,87,6,93,1628
05/06/2003,PHX,AZ,AWP,WE,Combined TRACON& Tower with Radar,1006,333,47,8,1394,0,43,155,9,207,1006,376,202,17,1601,148,5,153,1754
05/07/2003,PHX,AZ,AWP,WE,Combined TRACON& Tower with Radar,1012,334,48,8,1402,0,59,114,8,181,1012,393,162,16,1583,145,6,151,1734
05/08/2003,PHX,AZ,AWP,WE,Combined TRACON& Tower with Radar,1017,330,47,7,1401,0,49,120,6,175,1017,379,167,13,1576,195,9,204,1780
05/09/2003,PHX,AZ,AWP,WE,Combined TRACON& Tower with Radar,1015,325,47,7,1394,0,52,123,13,188,1015,377,170,20,1582,132,3,135,1717
05/10/2003,PHX,AZ,AWP,WE,Combined TRACON& Tower with Radar,831,266,38,6,1141,26,12,55,4,97,857,278,93,10,1238,135,0,135,1373
05/11/2003,PHX,AZ,AWP,WE,Combined TRACON& Tower with Radar,912,284,40,8,1244,23,0,74,0,97,935,284,114,8,1341,110,0,110,1451
05/12/2003,PHX,AZ,AWP,WE,Combined TRACON& Tower with Radar,987,316,44,4,1351,0,45,101,0,146,987,361,145,4,1497,103,0,103,1600
05/13/2003,PHX,AZ,AWP,WE,Combined TRACON& Tower with Radar,1009,328,46,8,1391,0,65,76,5,146,1009,393,122,13,1537,98,7,105,1642
05/14/2003,PHX,AZ,AWP,WE,Combined TRACON& Tower with Radar,1016,332,47,8,1403,0,56,122,2,180,1016,388,169,10,1583,118,0,118,1701
05/15/2003,PHX,AZ,AWP,WE,Combined TRACON& Tower with Radar,1022,334,46,9,1411,0,54,117,6,177,1022,388,163,15,1588,116,5,121,1709
05/16/2003,PHX,AZ,AWP,WE,Combined TRACON& Tower with Radar,1018,329,46,8,1401,0,55,124,1,180,1018,384,170,9,1581,130,9,139,1720
05/17/2003,PHX,AZ,AWP,WE,Combined TRACON& Tower with Radar,830,266,37,5,1138,22,11,67,0,100,852,277,104,5,1238,103,8,111,1349
05/18/2003,PHX,AZ,AWP,WE,Combined TRACON& Tower with Radar,922,295,41,8,1266,34,37,17,0,88,956,332,58,8,1354,117,0,117,1471
05/19/2003,PHX,AZ,AWP,WE,Combined TRACON& Tower with Radar,1000,319,44,8,1371,1,44,94,4,143,1001,363,138,12,1514,100,8,108,1622
05/20/2003,PHX,AZ,AWP,WE,Combined TRACON& Tower with Radar,1016,330,46,8,1400,0,53,133,6,192,1016,383,179,14,1592,144,3,147,1739
05/21/2003,PHX,AZ,AWP,WE,Combined TRACON& Tower with Radar,1021,330,46,8,1405,0,54,108,4,166,1021,384,154,12,1571,185,8,193,1764
05/22/2003,PHX,AZ,AWP,WE,Combined TRACON& Tower with Radar,1023,337,47,9,1416,0,57,137,9,203,1023,394,184,18,1619,180,8,188,1807
05/23/2003,PHX,AZ,AWP,WE,Combined TRACON& Tower with Radar,1008,321,45,6,1380,6,54,86,0,146,1014,375,131,6,1526,163,20,183,1709
05/24/2003,PHX,AZ,AWP,WE,Combined TRACON& Tower with Radar,784,229,35,7,1055,43,0,73,5,121,827,229,108,12,1176,155,4,159,1335
05/25/2003,PHX,AZ,AWP,WE,Combined TRACON& Tower with Radar,708,155,31,6,900,90,0,51,1,142,798,155,82,7,1042,87,0,87,1129
05/26/2003,PHX,AZ,AWP,WE,Combined TRACON& Tower with Radar,901,287,41,7,1236,19,0,102,3,124,920,287,143,10,1360,123,0,123,1483
05/27/2003,PHX,AZ,AWP,WE,Combined TRACON& Tower with Radar,995,317,44,8,1364,6,54,107,5,172,1001,371,151,13,1536,104,0,104,1640
05/28/2003,PHX,AZ,AWP,WE,Combined TRACON& Tower with Radar,1018,328,46,8,1400,0,55,110,3,168,1018,383,156,11,1568,174,6,180,1748
05/29/2003,PHX,AZ,AWP,WE,Combined TRACON& Tower with Radar,1006,329,46,7,1388,0,53,148,5,206,1006,382,194,12,1594,166,3,169,1763
05/30/2003,PHX,AZ,AWP,WE,Combined TRACON& Tower with Radar,1028,332,46,7,1413,0,66,111,4,181,1028,398,157,11,1594,146,7,153,1747
05/31/2003,PHX,AZ,AWP,WE,Combined TRACON& Tower with Radar,849,271,38,5,1163,22,10,63,0,95,871,281,101,5,1258,94,0,94,1352
06/01/2003,PHX,AZ,AWP,WE,Combined TRACON& Tower with Radar,926,286,40,4,1256,32,0,69,1,102,958,286,109,5,1358,82,0,82,1440
06/02/2003,PHX,AZ,AWP,WE,Combined TRACON& Tower with Radar,986,321,42,5,1354,15,43,72,6,136,1001,364,114,11,1490,58,0,58,1548
06/03/2003,PHX,AZ,AWP,WE,Combined TRACON& Tower with Radar,1023,338,45,5,1411,0,40,130,11,181,1023,378,175,16,1592,118,4,122,1714
06/04/2003,PHX,AZ,AWP,WE,Combined TRACON& Tower with Radar,1025,341,45,5,1416,0,57,119,5,181,1025,398,164,10,1597,128,0,128,1725
06/05/2003,PHX,AZ,AWP,WE,Combined TRACON& Tower with Radar,1025,336,44,5,1410,0,42,114,6,162,1025,378,158,11,1572,143,4,147,1719
06/06/2003,PHX,AZ,AWP,WE,Combined TRACON& Tower with Radar,1024,333,44,5,1406,0,49,108,3,160,1024,382,152,8,1566,152,11,163,1729
06/07/2003,PHX,AZ,AWP,WE,Combined TRACON& Tower with Radar,857,279,37,4,1177,17,6,89,3,115,874,285,126,7,1292,130,4,134,1426
06/08/2003,PHX,AZ,AWP,WE,Combined TRACON& Tower with Radar,913,297,40,4,1254,14,4,43,9,70,927,301,83,13,1324,71,10,81,1405
06/09/2003,PHX,AZ,AWP,WE,Combined TRACON& Tower with Radar,992,327,43,5,1367,0,53,108,6,167,992,380,151,11,1534,102,0,102,1636
06/10/2003,PHX,AZ,AWP,WE,Combined TRACON& Tower with Radar,1029,338,45,5,1417,0,63,101,3,167,1029,401,146,8,1584,139,5,144,1728
06/11/2003,PHX,AZ,AWP,WE,Combined TRACON& Tower with Radar,1020,334,44,5,1403,0,52,115,2,169,1020,386,159,7,1572,121,5,126,1698
06/12/2003,PHX,AZ,AWP,WE,Combined TRACON& Tower with Radar,1010,329,43,5,1387,0,45,136,2,183,1010,374,179,7,1570,152,6,158,1728
06/13/2003,PHX,AZ,AWP,WE,Combined TRACON& Tower with Radar,1023,335,44,5,1407,0,63,109,0,172,1023,398,153,5,1579,121,6,127,1706
06/14/2003,PHX,AZ,AWP,WE,Combined TRACON& Tower with Radar,863,281,36,4,1184,27,3,64,0,94,890,284,100,4,1278,125,3,128,1406
06/15/2003,PHX,AZ,AWP,WE,Combined TRACON& Tower with Radar,933,292,39,5,1269,13,0,97,2,112,946,292,136,7,1381,122,0,122,1503
06/16/2003,PHX,AZ,AWP,WE,Combined TRACON& Tower with Radar,981,319,41,6,1347,7,45,82,3,137,988,364,123,9,1484,120,5,125,1609
06/17/2003,PHX,AZ,AWP,WE,Combined TRACON& Tower with Radar,1018,337,43,6,1404,0,37,102,3,142,1018,374,145,9,1546,58,0,58,1604
06/18/2003,PHX,AZ,AWP,WE,Combined TRACON& Tower with Radar,1007,336,43,6,1392,0,49,103,16,168,1007,385,146,22,1560,108,6,114,1674
06/19/2003,PHX,AZ,AWP,WE,Combined TRACON& Tower with Radar,1028,343,44,6,1421,0,51,122,10,183,1028,394,166,16,1604,126,8,134,1738
06/20/2003,PHX,AZ,AWP,WE,Combined TRACON& Tower with Radar,1028,337,44,6,1415,0,34,115,3,152,1028,371,159,9,1567,127,3,130,1697
06/21/2003,PHX,AZ,AWP,WE,Combined TRACON& Tower with Radar,865,280,37,3,1185,26,8,68,0,102,891,288,105,3,1287,111,2,113,1400
06/22/2003,PHX,AZ,AWP,WE,Combined TRACON& Tower with Radar,902,278,38,1,1219,20,0,72,0,92,922,278,110,1,1311,120,5,125,1436
06/23/2003,PHX,AZ,AWP,WE,Combined TRACON& Tower with Radar,1009,328,42,6,1385,0,36,131,8,175,1009,364,173,14,1560,130,0,130,1690
06/24/2003,PHX,AZ,AWP,WE,Combined TRACON& Tower with Radar,1007,331,43,6,1387,0,55,118,8,181,1007,386,161,14,1568,72,2,74,1642
06/25/2003,PHX,AZ,AWP,WE,Combined TRACON& Tower with Radar,1015,331,43,6,1395,0,54,100,12,166,1015,385,143,18,1561,134,8,142,1703
06/26/2003,PHX,AZ,AWP,WE,Combined TRACON& Tower with Radar,1015,337,44,5,1401,0,61,152,39,252,1015,398,196,44,1653,152,5,157,1810
06/27/2003,PHX,AZ,AWP,WE,Combined TRACON& Tower with Radar,1020,337,44,5,1406,0,43,114,8,165,1020,380,158,13,1571,116,7,123,1694
06/28/2003,PHX,AZ,AWP,WE,Combined TRACON& Tower with Radar,856,275,36,3,1170,28,0,75,0,103,884,275,111,3,1273,133,0,133,1406
06/29/2003,PHX,AZ,AWP,WE,Combined TRACON& Tower with Radar,909,272,38,4,1223,39,0,89,2,130,948,272,127,6,1353,100,10,110,1463
06/30/2003,PHX,AZ,AWP,WE,Combined TRACON& Tower with Radar,989,321,41,5,1356,8,44,97,6,155,997,365,138,11,1511,152,10,162,1673
07/01/2003,PHX,AZ,AWP,WE,Combined TRACON& Tower with Radar,1013,326,47,4,1390,0,53,88,17,158,1013,379,135,21,1548,112,5,117,1665
07/02/2003,PHX,AZ,AWP,WE,Combined TRACON& Tower with Radar,1025,332,48,4,1409,0,53,100,9,162,1025,385,148,13,1571,119,4,123,1694
07/03/2003,PHX,AZ,AWP,WE,Combined TRACON& Tower with Radar,1003,325,46,4,1378,0,49,156,3,208,1003,374,202,7,1586,170,0,170,1756
07/04/2003,PHX,AZ,AWP,WE,Combined TRACON& Tower with Radar,814,221,37,3,1075,69,0,60,2,131,883,221,97,5,1206,165,0,165,1371
07/05/2003,PHX,AZ,AWP,WE,Combined TRACON& Tower with Radar,792,239,37,3,1071,48,0,57,10,115,840,239,94,13,1186,121,0,121,1307
07/06/2003,PHX,AZ,AWP,WE,Combined TRACON& Tower with Radar,876,265,39,4,1184,46,0,71,0,117,922,265,110,4,1301,79,8,87,1388
07/07/2003,PHX,AZ,AWP,WE,Combined TRACON& Tower with Radar,988,319,45,5,1357,0,33,93,5,131,988,352,138,10,1488,111,0,111,1599
07/08/2003,PHX,AZ,AWP,WE,Combined TRACON& Tower with Radar,1012,333,47,5,1397,0,57,114,5,176,1012,390,161,10,1573,176,8,184,1757
07/09/2003,PHX,AZ,AWP,WE,Combined TRACON& Tower with Radar,1018,332,46,5,1401,0,43,112,3,158,1018,375,158,8,1559,173,6,179,1738
07/10/2003,PHX,AZ,AWP,WE,Combined TRACON& Tower with Radar,1019,328,46,5,1398,0,50,101,9,160,1019,378,147,14,1558,199,0,199,1757
07/11/2003,PHX,AZ,AWP,WE,Combined TRACON& Tower with Radar,996,319,45,5,1365,12,48,95,5,160,1008,367,140,10,1525,116,0,116,1641
07/12/2003,PHX,AZ,AWP,WE,Combined TRACON& Tower with Radar,858,270,38,5,1171,30,0,67,8,105,888,270,105,13,1276,88,2,90,1366
07/13/2003,PHX,AZ,AWP,WE,Combined TRACON& Tower with Radar,915,276,41,5,1237,20,0,84,3,107,935,276,125,8,1344,152,0,152,1496
07/14/2003,PHX,AZ,AWP,WE,Combined TRACON& Tower with Radar,984,315,44,5,1348,8,33,87,9,137,992,348,131,14,1485,103,2,105,1590
07/15/2003,PHX,AZ,AWP,WE,Combined TRACON& Tower with Radar,1006,332,47,5,1390,0,39,122,11,172,1006,371,169,16,1562,88,0,88,1650
07/16/2003,PHX,AZ,AWP,WE,Combined TRACON& Tower with Radar,1006,327,47,5,1385,0,62,111,6,179,1006,389,158,11,1564,162,0,162,1726
07/17/2003,PHX,AZ,AWP,WE,Combined TRACON& Tower with Radar,1009,331,47,5,1392,0,51,109,4,164,1009,382,156,9,1556,160,0,160,1716
07/18/2003,PHX,AZ,AWP,WE,Combined TRACON& Tower with Radar,1007,325,46,5,1383,0,51,92,9,152,1007,376,138,14,1535,125,4,129,1664
07/19/2003,PHX,AZ,AWP,WE,Combined TRACON& Tower with Radar,848,270,38,4,1160,27,4,53,0,84,875,274,91,4,1244,109,0,109,1353
07/20/2003,PHX,AZ,AWP,WE,Combined TRACON& Tower with Radar,903,272,40,5,1220,24,0,81,5,110,927,272,121,10,1330,135,0,135,1465
07/21/2003,PHX,AZ,AWP,WE,Combined TRACON& Tower with Radar,994,317,45,5,1361,2,44,111,5,162,996,361,156,10,1523,96,0,96,1619
07/22/2003,PHX,AZ,AWP,WE,Combined TRACON& Tower with Radar,1007,326,46,5,1384,0,59,114,16,189,1007,385,160,21,1573,147,25,172,1745
07/23/2003,PHX,AZ,AWP,WE,Combined TRACON& Tower with Radar,1021,333,47,6,1407,0,52,120,5,177,1021,385,167,11,1584,118,8,126,1710
07/24/2003,PHX,AZ,AWP,WE,Combined TRACON& Tower with Radar,1016,329,46,5,1396,0,50,126,3,179,1016,379,172,8,1575,117,17,134,1709
07/25/2003,PHX,AZ,AWP,WE,Combined TRACON& Tower with Radar,1022,330,47,5,1404,0,50,90,6,146,1022,380,137,11,1550,156,9,165,1715
07/26/2003,PHX,AZ,AWP,WE,Combined TRACON& Tower with Radar,855,270,38,5,1168,23,0,62,4,89,878,270,100,9,1257,93,0,93,1350
07/27/2003,PHX,AZ,AWP,WE,Combined TRACON& Tower with Radar,893,262,40,5,1200,30,0,89,1,120,923,262,129,6,1320,84,8,92,1412
07/28/2003,PHX,AZ,AWP,WE,Combined TRACON& Tower with Radar,994,324,45,4,1367,0,42,97,0,139,994,366,142,4,1506,97,15,112,1618
07/29/2003,PHX,AZ,AWP,WE,Combined TRACON& Tower with Radar,1010,326,45,4,1385,0,43,81,9,133,1010,369,126,13,1518,96,6,102,1620
07/30/2003,PHX,AZ,AWP,WE,Combined TRACON& Tower with Radar,1011,330,46,4,1391,0,50,106,3,159,1011,380,152,7,1550,125,7,132,1682
07/31/2003,PHX,AZ,AWP,WE,Combined TRACON& Tower with Radar,1015,337,47,5,1404,0,60,135,8,203,1015,397,182,13,1607,170,18,188,1795
08/01/2003,PHX,AZ,AWP,WE,Combined TRACON& Tower with Radar,1019,348,47,5,1419,0,37,72,2,111,1019,385,119,7,1530,174,1,175,1705
08/02/2003,PHX,AZ,AWP,WE,Combined TRACON& Tower with Radar,861,292,39,5,1197,28,0,49,3,80,889,292,88,8,1277,123,9,132,1409
08/03/2003,PHX,AZ,AWP,WE,Combined TRACON& Tower with Radar,886,285,40,3,1214,32,0,57,0,89,918,285,97,3,1303,89,4,93,1396
08/04/2003,PHX,AZ,AWP,WE,Combined TRACON& Tower with Radar,998,339,46,5,1388,2,33,90,9,134,1000,372,136,14,1522,87,2,89,1611
08/05/2003,PHX,AZ,AWP,WE,Combined TRACON& Tower with Radar,1016,349,47,6,1418,0,42,129,8,179,1016,391,176,14,1597,134,8,142,1739
08/06/2003,PHX,AZ,AWP,WE,Combined TRACON& Tower with Radar,1008,348,47,5,1408,0,54,122,5,181,1008,402,169,10,1589,161,9,170,1759
08/07/2003,PHX,AZ,AWP,WE,Combined TRACON& Tower with Radar,1014,348,47,5,1414,0,51,110,9,170,1014,399,157,14,1584,128,6,134,1718
08/08/2003,PHX,AZ,AWP,WE,Combined TRACON& Tower with Radar,1017,346,47,5,1415,0,56,80,11,147,1017,402,127,16,1562,150,10,160,1722
08/09/2003,PHX,AZ,AWP,WE,Combined TRACON& Tower with Radar,857,289,39,5,1190,23,0,85,10,118,880,289,124,15,1308,108,2,110,1418
08/10/2003,PHX,AZ,AWP,WE,Combined TRACON& Tower with Radar,909,291,40,6,1246,27,0,97,1,125,936,291,137,7,1371,95,0,95,1466
08/11/2003,PHX,AZ,AWP,WE,Combined TRACON& Tower with Radar,997,339,45,6,1387,0,37,104,10,151,997,376,149,16,1538,141,10,151,1689
08/12/2003,PHX,AZ,AWP,WE,Combined TRACON& Tower with Radar,1013,350,46,7,1416,0,42,113,6,161,1013,392,159,13,1577,118,9,127,1704
08/13/2003,PHX,AZ,AWP,WE,Combined TRACON& Tower with Radar,1006,353,46,7,1412,0,49,124,2,175,1006,402,170,9,1587,119,8,127,1714
08/14/2003,PHX,AZ,AWP,WE,Combined TRACON& Tower with Radar,1003,349,46,7,1405,0,49,114,2,165,1003,398,160,9,1570,88,6,94,1664
08/15/2003,PHX,AZ,AWP,WE,Combined TRACON& Tower with Radar,1004,344,46,6,1400,0,41,119,4,164,1004,385,165,10,1564,205,6,211,1775
08/16/2003,PHX,AZ,AWP,WE,Combined TRACON& Tower with Radar,858,290,38,6,1192,22,5,84,1,112,880,295,122,7,1304,145,0,145,1449
08/17/2003,PHX,AZ,AWP,WE,Combined TRACON& Tower with Radar,901,300,40,3,1244,24,0,78,0,102,925,300,118,3,1346,130,0,130,1476
08/18/2003,PHX,AZ,AWP,WE,Combined TRACON& Tower with Radar,983,336,45,6,1370,0,57,96,5,158,983,393,141,11,1528,189,0,189,1717
08/19/2003,PHX,AZ,AWP,WE,Combined TRACON& Tower with Radar,1027,353,47,7,1434,0,81,60,4,145,1027,434,107,11,1579,109,6,115,1694
08/20/2003,PHX,AZ,AWP,WE,Combined TRACON& Tower with Radar,1005,348,46,7,1406,0,55,115,2,172,1005,403,161,9,1578,175,6,181,1759
08/21/2003,PHX,AZ,AWP,WE,Combined TRACON& Tower with Radar,1017,355,47,6,1425,0,60,108,5,173,1017,415,155,11,1598,154,6,160,1758
08/22/2003,PHX,AZ,AWP,WE,Combined TRACON& Tower with Radar,1014,359,47,6,1426,0,65,131,17,213,1014,424,178,23,1639,144,6,150,1789
08/23/2003,PHX,AZ,AWP,WE,Combined TRACON& Tower with Radar,862,289,38,4,1193,23,0,76,0,99,885,289,114,4,1292,92,0,92,1384
08/24/2003,PHX,AZ,AWP,WE,Combined TRACON& Tower with Radar,917,309,41,5,1272,13,0,34,1,48,930,309,75,6,1320,91,0,91,1411
08/25/2003,PHX,AZ,AWP,WE,Combined TRACON& Tower with Radar,980,332,44,5,1361,3,40,108,11,162,983,372,152,16,1523,122,8,130,1653
08/26/2003,PHX,AZ,AWP,WE,Combined TRACON& Tower with Radar,990,347,46,5,1388,0,49,117,6,172,990,396,163,11,1560,108,4,112,1672
08/27/2003,PHX,AZ,AWP,WE,Combined TRACON& Tower with Radar,1025,356,47,6,1434,0,33,101,5,139,1025,389,148,11,1573,133,0,133,1706
08/28/2003,PHX,AZ,AWP,WE,Combined TRACON& Tower with Radar,1028,353,47,6,1434,0,38,113,6,157,1028,391,160,12,1591,140,19,159,1750
08/29/2003,PHX,AZ,AWP,WE,Combined TRACON& Tower with Radar,1012,346,46,5,1409,0,57,116,4,177,1012,403,162,9,1586,140,4,144,1730
08/30/2003,PHX,AZ,AWP,WE,Combined TRACON& Tower with Radar,789,227,35,2,1053,82,0,51,0,133,871,227,86,2,1186,124,0,124,1310
08/31/2003,PHX,AZ,AWP,WE,Combined TRACON& Tower with Radar,745,180,33,2,960,97,0,73,0,170,842,180,106,2,1130,148,0,148,1278
09/01/2003,PHX,AZ,AWP,WE,Combined TRACON& Tower with Radar,882,291,42,5,1220,32,0,69,1,102,914,291,111,6,1322,119,0,119,1441
09/02/2003,PHX,AZ,AWP,WE,Combined TRACON& Tower with Radar,986,337,48,5,1376,3,33,85,1,122,989,370,133,6,1498,113,0,113,1611
09/03/2003,PHX,AZ,AWP,WE,Combined TRACON& Tower with Radar,986,342,49,5,1382,0,47,113,4,164,986,389,162,9,1546,98,4,102,1648
09/04/2003,PHX,AZ,AWP,WE,Combined TRACON& Tower with Radar,993,344,48,5,1390,0,48,102,3,153,993,392,150,8,1543,135,7,142,1685
09/05/2003,PHX,AZ,AWP,WE,Combined TRACON& Tower with Radar,987,340,48,6,1381,0,49,110,8,167,987,389,158,14,1548,149,7,156,1704
09/06/2003,PHX,AZ,AWP,WE,Combined TRACON& Tower with Radar,830,283,39,5,1157,26,0,68,0,94,856,283,107,5,1251,124,10,134,1385
09/07/2003,PHX,AZ,AWP,WE,Combined TRACON& Tower with Radar,876,275,41,3,1195,42,0,74,0,116,918,275,115,3,1311,110,10,120,1431
09/08/2003,PHX,AZ,AWP,WE,Combined TRACON& Tower with Radar,966,333,46,6,1351,0,28,110,7,145,966,361,156,13,1496,99,0,99,1595
09/09/2003,PHX,AZ,AWP,WE,Combined TRACON& Tower with Radar,985,346,48,6,1385,0,44,97,2,143,985,390,145,8,1528,151,27,178,1706
09/10/2003,PHX,AZ,AWP,WE,Combined TRACON& Tower with Radar,980,345,48,6,1379,0,37,105,7,149,980,382,153,13,1528,139,8,147,1675
09/11/2003,PHX,AZ,AWP,WE,Combined TRACON& Tower with Radar,976,334,47,6,1363,0,28,129,8,165,976,362,176,14,1528,150,8,158,1686
09/12/2003,PHX,AZ,AWP,WE,Combined TRACON& Tower with Radar,990,338,47,6,1381,7,37,110,4,158,997,375,157,10,1539,117,4,121,1660
09/13/2003,PHX,AZ,AWP,WE,Combined TRACON& Tower with Radar,830,284,39,5,1158,6,6,98,4,114,836,290,137,9,1272,141,0,141,1413
09/14/2003,PHX,AZ,AWP,WE,Combined TRACON& Tower with Radar,892,280,42,6,1220,30,0,90,3,123,922,280,132,9,1343,120,15,135,1478
09/15/2003,PHX,AZ,AWP,WE,Combined TRACON& Tower with Radar,963,331,46,6,1346,0,42,113,5,160,963,373,159,11,1506,129,2,131,1637
09/16/2003,PHX,AZ,AWP,WE,Combined TRACON& Tower with Radar,976,341,48,6,1371,0,50,127,9,186,976,391,175,15,1557,124,16,140,1697
09/17/2003,PHX,AZ,AWP,WE,Combined TRACON& Tower with Radar,992,341,48,6,1387,0,47,108,10,165,992,388,156,16,1552,150,20,170,1722
09/18/2003,PHX,AZ,AWP,WE,Combined TRACON& Tower with Radar,961,333,46,6,1346,0,53,133,5,191,961,386,179,11,1537,150,19,169,1706
09/19/2003,PHX,AZ,AWP,WE,Combined TRACON& Tower with Radar,984,335,47,6,1372,3,48,88,13,152,987,383,135,19,1524,157,4,161,1685
09/20/2003,PHX,AZ,AWP,WE,Combined TRACON& Tower with Radar,821,279,39,5,1144,14,24,65,4,107,835,303,104,9,1251,181,0,181,1432
09/21/2003,PHX,AZ,AWP,WE,Combined TRACON& Tower with Radar,868,281,41,3,1193,43,0,74,0,117,911,281,115,3,1310,131,0,131,1441
09/22/2003,PHX,AZ,AWP,WE,Combined TRACON& Tower with Radar,955,328,45,6,1334,0,47,106,9,162,955,375,151,15,1496,154,9,163,1659
09/23/2003,PHX,AZ,AWP,WE,Combined TRACON& Tower with Radar,970,340,48,6,1364,0,35,101,6,142,970,375,149,12,1506,160,10,170,1676
09/24/2003,PHX,AZ,AWP,WE,Combined TRACON& Tower with Radar,975,345,48,3,1371,0,38,92,0,130,975,383,140,3,1501,127,5,132,1633
09/25/2003,PHX,AZ,AWP,WE,Combined TRACON& Tower with Radar,990,340,47,6,1383,0,41,107,1,149,990,381,154,7,1532,100,15,115,1647
09/26/2003,PHX,AZ,AWP,WE,Combined TRACON& Tower with Radar,997,340,48,6,1391,0,45,122,7,174,997,385,170,13,1565,131,1,132,1697
09/27/2003,PHX,AZ,AWP,WE,Combined TRACON& Tower with Radar,808,276,38,4,1126,24,2,89,1,116,832,278,127,5,1242,135,0,135,1377
09/28/2003,PHX,AZ,AWP,WE,Combined TRACON& Tower with Radar,887,276,42,1,1206,34,0,89,0,123,921,276,131,1,1329,109,0,109,1438
09/29/2003,PHX,AZ,AWP,WE,Combined TRACON& Tower with Radar,950,324,45,4,1323,9,34,88,0,131,959,358,133,4,1454,121,0,121,1575
09/30/2003,PHX,AZ,AWP,WE,Combined TRACON& Tower with Radar,978,339,47,5,1369,0,53,131,3,187,978,392,178,8,1556,142,7,149,1705
10/01/2003,PHX,AZ,AWP,WE,Combined TRACON& Tower with Radar,978,344,59,6,1387,0,40,106,8,154,978,384,165,14,1541,184,0,184,1725
10/02/2003,PHX,AZ,AWP,WE,Combined TRACON& Tower with Radar,982,342,59,6,1389,0,44,120,6,170,982,386,179,12,1559,144,7,151,1710
10/03/2003,PHX,AZ,AWP,WE,Combined TRACON& Tower with Radar,996,350,60,6,1412,0,49,113,3,165,996,399,173,9,1577,152,6,158,1735
10/04/2003,PHX,AZ,AWP,WE,Combined TRACON& Tower with Radar,819,283,49,5,1156,38,0,70,3,111,857,283,119,8,1267,143,2,145,1412
10/05/2003,PHX,AZ,AWP,WE,Combined TRACON& Tower with Radar,887,285,53,3,1228,40,0,80,0,120,927,285,133,3,1348,121,0,121,1469
10/06/2003,PHX,AZ,AWP,WE,Combined TRACON& Tower with Radar,949,329,56,6,1340,26,43,79,1,149,975,372,135,7,1489,149,0,149,1638
10/07/2003,PHX,AZ,AWP,WE,Combined TRACON& Tower with Radar,1003,351,60,6,1420,0,39,61,6,106,1003,390,121,12,1526,96,12,108,1634
10/08/2003,PHX,AZ,AWP,WE,Combined TRACON& Tower with Radar,998,350,60,6,1414,0,46,85,6,137,998,396,145,12,1551,120,8,128,1679
10/09/2003,PHX,AZ,AWP,WE,Combined TRACON& Tower with Radar,1004,355,61,6,1426,0,52,109,4,165,1004,407,170,10,1591,145,18,163,1754
10/10/2003,PHX,AZ,AWP,WE,Combined TRACON& Tower with Radar,1007,363,62,6,1438,0,39,78,3,120,1007,402,140,9,1558,145,4,149,1707
10/11/2003,PHX,AZ,AWP,WE,Combined TRACON& Tower with Radar,811,281,47,3,1142,33,8,55,0,96,844,289,102,3,1238,108,0,108,1346
10/12/2003,PHX,AZ,AWP,WE,Combined TRACON& Tower with Radar,881,294,51,6,1232,44,0,83,2,129,925,294,134,8,1361,127,0,127,1488
10/13/2003,PHX,AZ,AWP,WE,Combined TRACON& Tower with Radar,957,331,56,3,1347,24,34,115,0,173,981,365,171,3,1520,142,0,142,1662
10/14/2003,PHX,AZ,AWP,WE,Combined TRACON& Tower with Radar,991,343,58,7,1399,10,33,97,8,148,1001,376,155,15,1547,136,3,139,1686
10/15/2003,PHX,AZ,AWP,WE,Combined TRACON& Tower with Radar,977,338,57,7,1379,6,35,81,5,127,983,373,138,12,1506,120,10,130,1636
10/16/2003,PHX,AZ,AWP,WE,Combined TRACON& Tower with Radar,1007,348,59,7,1421,1,33,120,5,159,1008,381,179,12,1580,154,21,175,1755
10/17/2003,PHX,AZ,AWP,WE,Combined TRACON& Tower with Radar,1004,352,59,7,1422,0,51,113,7,171,1004,403,172,14,1593,146,9,155,1748
10/18/2003,PHX,AZ,AWP,WE,Combined TRACON& Tower with Radar,835,290,56,6,1187,0,0,275,0,275,835,290,331,6,1462,85,0,85,1547
10/19/2003,PHX,AZ,AWP,WE,Combined TRACON& Tower with Radar,880,285,52,5,1222,49,0,66,0,115,929,285,118,5,1337,115,2,117,1454
10/20/2003,PHX,AZ,AWP,WE,Combined TRACON& Tower with Radar,953,329,56,5,1343,16,40,78,0,134,969,369,134,5,1477,106,6,112,1589
10/21/2003,PHX,AZ,AWP,WE,Combined TRACON& Tower with Radar,1002,347,59,7,1415,0,36,135,8,179,1002,383,194,15,1594,119,6,125,1719
10/22/2003,PHX,AZ,AWP,WE,Combined TRACON& Tower with Radar,1001,351,59,7,1418,0,51,112,13,176,1001,402,171,20,1594,151,4,155,1749
10/23/2003,PHX,AZ,AWP,WE,Combined TRACON& Tower with Radar,1015,356,60,7,1438,0,39,142,1,182,1015,395,202,8,1620,137,22,159,1779
10/24/2003,PHX,AZ,AWP,WE,Combined TRACON& Tower with Radar,1008,352,59,7,1426,0,37,162,4,203,1008,389,221,11,1629,233,13,246,1875
10/25/2003,PHX,AZ,AWP,WE,Combined TRACON& Tower with Radar,822,283,48,6,1159,27,7,67,4,105,849,290,115,10,1264,112,13,125,1389
10/26/2003,PHX,AZ,AWP,WE,Combined TRACON& Tower with Radar,861,270,50,6,1187,32,0,129,4,165,893,270,179,10,1352,105,0,105,1457
10/27/2003,PHX,AZ,AWP,WE,Combined TRACON& Tower with Radar,957,340,57,6,1360,0,52,145,46,243,957,392,202,52,1603,183,0,183,1786
10/28/2003,PHX,AZ,AWP,WE,Combined TRACON& Tower with Radar,1007,349,59,6,1421,2,41,90,10,143,1009,390,149,16,1564,115,8,123,1687
10/29/2003,PHX,AZ,AWP,WE,Combined TRACON& Tower with Radar,1008,356,60,6,1430,0,44,141,7,192,1008,400,201,13,1622,145,2,147,1769
10/30/2003,PHX,AZ,AWP,WE,Combined TRACON& Tower with Radar,998,356,60,6,1420,0,36,144,4,184,998,392,204,10,1604,120,8,128,1732
10/31/2003,PHX,AZ,AWP,WE,Combined TRACON& Tower with Radar,1007,348,59,6,1420,11,25,82,5,123,1018,373,141,11,1543,124,6,130,1673
11/01/2003,PHX,AZ,AWP,WE,Combined TRACON& Tower with Radar,842,281,49,4,1176,7,0,73,2,82,849,281,122,6,1258,134,2,136,1394
11/02/2003,PHX,AZ,AWP,WE,Combined TRACON& Tower with Radar,902,281,53,4,1240,27,0,84,4,115,929,281,137,8,1355,246,8,254,1609
11/03/2003,PHX,AZ,AWP,WE,Combined TRACON& Tower with Radar,973,330,57,5,1365,0,15,115,7,137,973,345,172,12,1502,99,8,107,1609
11/04/2003,PHX,AZ,AWP,WE,Combined TRACON& Tower with Radar,1000,340,59,4,1403,0,47,110,0,157,1000,387,169,4,1560,101,11,112,1672
11/05/2003,PHX,AZ,AWP,WE,Combined TRACON& Tower with Radar,1000,335,58,5,1398,2,38,134,3,177,1002,373,192,8,1575,137,8,145,1720
11/06/2003,PHX,AZ,AWP,WE,Combined TRACON& Tower with Radar,1023,353,61,5,1442,0,39,172,10,221,1023,392,233,15,1663,124,14,138,1801
11/07/2003,PHX,AZ,AWP,WE,Combined TRACON& Tower with Radar,1023,350,61,5,1439,0,38,123,2,163,1023,388,184,7,1602,180,12,192,1794
11/08/2003,PHX,AZ,AWP,WE,Combined TRACON& Tower with Radar,848,285,49,4,1186,27,15,75,9,126,875,300,124,13,1312,124,2,126,1438
11/09/2003,PHX,AZ,AWP,WE,Combined TRACON& Tower with Radar,901,283,52,4,1240,31,0,75,2,108,932,283,127,6,1348,94,0,94,1442
11/10/2003,PHX,AZ,AWP,WE,Combined TRACON& Tower with Radar,993,332,58,5,1388,3,28,109,8,148,996,360,167,13,1536,156,0,156,1692
11/11/2003,PHX,AZ,AWP,WE,Combined TRACON& Tower with Radar,1025,348,59,6,1438,0,7,87,1,95,1025,355,146,7,1533,157,12,169,1702
11/12/2003,PHX,AZ,AWP,WE,Combined TRACON& Tower with Radar,988,351,60,2,1401,0,22,77,0,99,988,373,137,2,1500,124,2,126,1626
11/13/2003,PHX,AZ,AWP,WE,Combined TRACON& Tower with Radar,1029,368,62,6,1465,0,40,133,5,178,1029,408,195,11,1643,132,16,148,1791
11/14/2003,PHX,AZ,AWP,WE,Combined TRACON& Tower with Radar,1008,346,59,6,1419,0,43,103,14,160,1008,389,162,20,1579,124,17,141,1720
11/15/2003,PHX,AZ,AWP,WE,Combined TRACON& Tower with Radar,846,284,48,3,1181,22,4,62,0,88,868,288,110,3,1269,82,0,82,1351
11/16/2003,PHX,AZ,AWP,WE,Combined TRACON& Tower with Radar,888,284,51,5,1228,32,0,50,3,85,920,284,101,8,1313,94,6,100,1413
11/17/2003,PHX,AZ,AWP,WE,Combined TRACON& Tower with Radar,980,327,56,6,1369,0,35,111,9,155,980,362,167,15,1524,149,8,157,1681
11/18/2003,PHX,AZ,AWP,WE,Combined TRACON& Tower with Radar,1015,341,58,6,1420,0,46,96,16,158,1015,387,154,22,1578,143,0,143,1721
11/19/2003,PHX,AZ,AWP,WE,Combined TRACON& Tower with Radar,1013,343,58,6,1420,0,72,93,17,182,1013,415,151,23,1602,156,7,163,1765
11/20/2003,PHX,AZ,AWP,WE,Combined TRACON& Tower with Radar,1017,354,60,6,1437,0,69,129,4,202,1017,423,189,10,1639,162,5,167,1806
11/21/2003,PHX,AZ,AWP,WE,Combined TRACON& Tower with Radar,1007,344,59,5,1415,0,48,142,2,192,1007,392,201,7,1607,132,2,134,1741
11/22/2003,PHX,AZ,AWP,WE,Combined TRACON& Tower with Radar,862,289,49,4,1204,7,2,79,3,91,869,291,128,7,1295,103,8,111,1406
11/23/2003,PHX,AZ,AWP,WE,Combined TRACON& Tower with Radar,889,283,51,4,1227,37,0,63,2,102,926,283,114,6,1329,108,2,110,1439
11/24/2003,PHX,AZ,AWP,WE,Combined TRACON& Tower with Radar,1001,336,57,5,1399,0,33,111,10,154,1001,369,168,15,1553,106,5,111,1664
11/25/2003,PHX,AZ,AWP,WE,Combined TRACON& Tower with Radar,1028,344,59,5,1436,3,44,98,14,159,1031,388,157,19,1595,91,6,97,1692
11/26/2003,PHX,AZ,AWP,WE,Combined TRACON& Tower with Radar,1042,352,60,5,1459,0,41,129,2,172,1042,393,189,7,1631,176,6,182,1813
11/27/2003,PHX,AZ,AWP,WE,Combined TRACON& Tower with Radar,637,209,36,3,885,33,0,48,2,83,670,209,84,5,968,101,0,101,1069
11/28/2003,PHX,AZ,AWP,WE,Combined TRACON& Tower with Radar,715,239,41,3,998,44,12,67,0,123,759,251,108,3,1121,97,4,101,1222
11/29/2003,PHX,AZ,AWP,WE,Combined TRACON& Tower with Radar,825,276,47,2,1150,24,16,81,0,121,849,292,128,2,1271,99,0,99,1370
11/30/2003,PHX,AZ,AWP,WE,Combined TRACON& Tower with Radar,912,286,52,3,1253,30,0,137,0,167,942,286,189,3,1420,158,0,158,1578
12/01/2003,PHX,AZ,AWP,WE,Combined TRACON& Tower with Radar,1002,330,48,5,1385,0,35,120,13,168,1002,365,168,18,1553,148,0,148,1701
12/02/2003,PHX,AZ,AWP,WE,Combined TRACON& Tower with Radar,1020,336,49,5,1410,0,61,139,5,205,1020,397,188,10,1615,134,12,146,1761
12/03/2003,PHX,AZ,AWP,WE,Combined TRACON& Tower with Radar,1010,334,48,5,1397,0,49,147,9,205,1010,383,195,14,1602,185,4,189,1791
12/04/2003,PHX,AZ,AWP,WE,Combined TRACON& Tower with Radar,1001,329,48,5,1383,0,68,135,10,213,1001,397,183,15,1596,132,16,148,1744
12/05/2003,PHX,AZ,AWP,WE,Combined TRACON& Tower with Radar,1001,328,48,5,1382,0,43,138,11,192,1001,371,186,16,1574,166,8,174,1748
12/06/2003,PHX,AZ,AWP,WE,Combined TRACON& Tower with Radar,834,268,39,4,1145,6,4,109,0,119,840,272,148,4,1264,110,0,110,1374
12/07/2003,PHX,AZ,AWP,WE,Combined TRACON& Tower with Radar,886,268,41,4,1199,25,0,111,13,149,911,268,152,17,1348,137,5,142,1490
12/08/2003,PHX,AZ,AWP,WE,Combined TRACON& Tower with Radar,972,320,47,5,1344,0,23,108,9,140,972,343,155,14,1484,120,0,120,1604
12/09/2003,PHX,AZ,AWP,WE,Combined TRACON& Tower with Radar,1000,325,47,5,1377,0,36,141,8,185,1000,361,188,13,1562,125,3,128,1690
12/10/2003,PHX,AZ,AWP,WE,Combined TRACON& Tower with Radar,1014,331,48,5,1398,0,44,121,9,174,1014,375,169,14,1572,145,2,147,1719
12/11/2003,PHX,AZ,AWP,WE,Combined TRACON& Tower with Radar,1001,333,49,5,1388,0,38,115,5,158,1001,371,164,10,1546,116,22,138,1684
12/12/2003,PHX,AZ,AWP,WE,Combined TRACON& Tower with Radar,1015,333,48,5,1401,0,46,93,10,149,1015,379,141,15,1550,178,16,194,1744
12/13/2003,PHX,AZ,AWP,WE,Combined TRACON& Tower with Radar,830,267,38,5,1140,20,6,80,2,108,850,273,118,7,1248,138,1,139,1387
12/14/2003,PHX,AZ,AWP,WE,Combined TRACON& Tower with Radar,880,277,41,4,1202,32,0,80,0,112,912,277,121,4,1314,117,0,117,1431
12/15/2003,PHX,AZ,AWP,WE,Combined TRACON& Tower with Radar,969,315,45,6,1335,0,35,123,1,159,969,350,168,7,1494,123,0,123,1617
12/16/2003,PHX,AZ,AWP,WE,Combined TRACON& Tower with Radar,1015,328,47,6,1396,0,32,114,9,155,1015,360,161,15,1551,122,4,126,1677
12/17/2003,PHX,AZ,AWP,WE,Combined TRACON& Tower with Radar,1027,330,47,5,1409,4,47,125,0,176,1031,377,172,5,1585,146,4,150,1735
12/18/2003,PHX,AZ,AWP,WE,Combined TRACON& Tower with Radar,1022,328,47,3,1400,1,50,118,0,169,1023,378,165,3,1569,120,4,124,1693
12/19/2003,PHX,AZ,AWP,WE,Combined TRACON& Tower with Radar,1020,328,47,6,1401,0,55,98,5,158,1020,383,145,11,1559,148,11,159,1718
12/20/2003,PHX,AZ,AWP,WE,Combined TRACON& Tower with Radar,855,269,39,5,1168,26,0,72,3,101,881,269,111,8,1269,110,0,110,1379
12/21/2003,PHX,AZ,AWP,WE,Combined TRACON& Tower with Radar,904,268,41,3,1216,41,0,82,0,123,945,268,123,3,1339,151,0,151,1490
12/22/2003,PHX,AZ,AWP,WE,Combined TRACON& Tower with Radar,981,314,45,3,1343,17,45,96,0,158,998,359,141,3,1501,129,5,134,1635
12/23/2003,PHX,AZ,AWP,WE,Combined TRACON& Tower with Radar,1040,333,47,6,1426,8,45,69,1,123,1048,378,116,7,1549,144,7,151,1700
12/24/2003,PHX,AZ,AWP,WE,Combined TRACON& Tower with Radar,900,292,42,3,1237,0,52,85,0,137,900,344,127,3,1374,135,2,137,1511
12/25/2003,PHX,AZ,AWP,WE,Combined TRACON& Tower with Radar,812,260,37,3,1112,17,5,42,0,64,829,265,79,3,1176,97,0,97,1273
12/26/2003,PHX,AZ,AWP,WE,Combined TRACON& Tower with Radar,987,317,45,4,1353,4,23,78,0,105,991,340,123,4,1458,120,0,120,1578
12/27/2003,PHX,AZ,AWP,WE,Combined TRACON& Tower with Radar,840,234,38,4,1116,40,0,109,2,151,880,234,147,6,1267,128,0,128,1395
12/28/2003,PHX,AZ,AWP,WE,Combined TRACON& Tower with Radar,926,289,42,3,1260,19,0,73,0,92,945,289,115,3,1352,85,4,89,1441
12/29/2003,PHX,AZ,AWP,WE,Combined TRACON& Tower with Radar,991,318,45,5,1359,8,35,93,2,138,999,353,138,7,1497,153,9,162,1659
12/30/2003,PHX,AZ,AWP,WE,Combined TRACON& Tower with Radar,1045,335,48,5,1433,8,32,66,16,122,1053,367,114,21,1555,219,15,234,1789
12/31/2003,PHX,AZ,AWP,WE,Combined TRACON& Tower with Radar,935,303,43,4,1285,0,48,84,5,137,935,351,127,9,1422,213,0,213,1635
01/01/2004,PHX,AZ,AWP,WE,Combined TRACON& Tower with Radar,821,271,48,4,1144,22,2,50,5,79,843,273,98,9,1223,141,0,141,1364
01/02/2004,PHX,AZ,AWP,WE,Combined TRACON& Tower with Radar,967,320,57,5,1349,0,40,63,4,107,967,360,120,9,1456,142,0,142,1598
01/03/2004,PHX,AZ,AWP,WE,Combined TRACON& Tower with Radar,905,264,53,3,1225,0,0,107,0,107,905,264,160,3,1332,116,0,116,1448
01/04/2004,PHX,AZ,AWP,WE,Combined TRACON& Tower with Radar,901,283,53,4,1241,18,0,76,0,94,919,283,129,4,1335,84,0,84,1419
01/05/2004,PHX,AZ,AWP,WE,Combined TRACON& Tower with Radar,981,323,58,5,1367,15,30,96,1,142,996,353,154,6,1509,156,3,159,1668
01/06/2004,PHX,AZ,AWP,WE,Combined TRACON& Tower with Radar,983,331,59,5,1378,0,35,135,8,178,983,366,194,13,1556,182,0,182,1738
01/07/2004,PHX,AZ,AWP,WE,Combined TRACON& Tower with Radar,981,331,59,5,1376,0,41,135,9,185,981,372,194,14,1561,149,7,156,1717
01/08/2004,PHX,AZ,AWP,WE,Combined TRACON& Tower with Radar,991,328,59,5,1383,0,61,81,6,148,991,389,140,11,1531,163,8,171,1702
01/09/2004,PHX,AZ,AWP,WE,Combined TRACON& Tower with Radar,997,330,59,5,1391,0,50,103,3,156,997,380,162,8,1547,157,5,162,1709
01/10/2004,PHX,AZ,AWP,WE,Combined TRACON& Tower with Radar,835,276,49,4,1164,21,0,61,7,89,856,276,110,11,1253,125,6,131,1384
01/11/2004,PHX,AZ,AWP,WE,Combined TRACON& Tower with Radar,895,273,53,4,1225,33,0,94,10,137,928,273,147,14,1362,155,12,167,1529
01/12/2004,PHX,AZ,AWP,WE,Combined TRACON& Tower with Radar,965,319,57,4,1345,12,15,115,11,153,977,334,172,15,1498,117,2,119,1617
01/13/2004,PHX,AZ,AWP,WE,Combined TRACON& Tower with Radar,1012,337,60,5,1414,0,52,97,15,164,1012,389,157,20,1578,115,16,131,1709
01/14/2004,PHX,AZ,AWP,WE,Combined TRACON& Tower with Radar,990,333,59,6,1388,0,45,138,6,189,990,378,197,12,1577,126,6,132,1709
01/15/2004,PHX,AZ,AWP,WE,Combined TRACON& Tower with Radar,1002,339,59,6,1406,0,33,127,1,161,1002,372,186,7,1567,182,15,197,1764
01/16/2004,PHX,AZ,AWP,WE,Combined TRACON& Tower with Radar,1008,333,59,6,1406,0,34,132,0,166,1008,367,191,6,1572,154,8,162,1734
01/17/2004,PHX,AZ,AWP,WE,Combined TRACON& Tower with Radar,828,272,48,5,1153,29,1,78,4,112,857,273,126,9,1265,151,1,152,1417
01/18/2004,PHX,AZ,AWP,WE,Combined TRACON& Tower with Radar,919,296,53,5,1273,24,0,105,7,136,943,296,158,12,1409,101,2,103,1512
01/19/2004,PHX,AZ,AWP,WE,Combined TRACON& Tower with Radar,984,324,57,5,1370,0,18,101,0,119,984,342,158,5,1489,139,15,154,1643
01/20/2004,PHX,AZ,AWP,WE,Combined TRACON& Tower with Radar,1005,336,59,6,1406,0,48,112,9,169,1005,384,171,15,1575,139,10,149,1724
01/21/2004,PHX,AZ,AWP,WE,Combined TRACON& Tower with Radar,990,325,57,6,1378,4,0,58,15,77,994,325,115,21,1455,111,0,111,1566
01/22/2004,PHX,AZ,AWP,WE,Combined TRACON& Tower with Radar,998,338,59,6,1401,0,4,94,5,103,998,342,153,11,1504,90,6,96,1600
01/23/2004,PHX,AZ,AWP,WE,Combined TRACON& Tower with Radar,1008,340,60,5,1413,0,48,106,8,162,1008,388,166,13,1575,163,9,172,1747
01/24/2004,PHX,AZ,AWP,WE,Combined TRACON& Tower with Radar,888,293,52,2,1235,1,11,59,0,71,889,304,111,2,1306,133,0,133,1439
01/25/2004,PHX,AZ,AWP,WE,Combined TRACON& Tower with Radar,909,277,53,4,1243,23,0,70,1,94,932,277,123,5,1337,108,0,108,1445
01/26/2004,PHX,AZ,AWP,WE,Combined TRACON& Tower with Radar,953,314,56,4,1327,22,35,110,0,167,975,349,166,4,1494,131,13,144,1638
01/27/2004,PHX,AZ,AWP,WE,Combined TRACON& Tower with Radar,992,332,58,5,1387,0,50,121,5,176,992,382,179,10,1563,119,0,119,1682
01/28/2004,PHX,AZ,AWP,WE,Combined TRACON& Tower with Radar,997,339,60,5,1401,0,48,106,6,160,997,387,166,11,1561,137,4,141,1702
01/29/2004,PHX,AZ,AWP,WE,Combined TRACON& Tower with Radar,1008,335,59,5,1407,0,47,108,6,161,1008,382,167,11,1568,138,6,144,1712
01/30/2004,PHX,AZ,AWP,WE,Combined TRACON& Tower with Radar,1010,333,59,5,1407,0,47,126,4,177,1010,380,185,9,1584,147,4,151,1735
01/31/2004,PHX,AZ,AWP,WE,Combined TRACON& Tower with Radar,875,288,51,2,1216,24,0,72,0,96,899,288,123,2,1312,113,1,114,1426
02/01/2004,PHX,AZ,AWP,WE,Combined TRACON& Tower with Radar,912,285,61,4,1262,35,0,74,5,114,947,285,135,9,1376,151,0,151,1527
02/02/2004,PHX,AZ,AWP,WE,Combined TRACON& Tower with Radar,987,328,67,5,1387,0,32,142,10,184,987,360,209,15,1571,161,16,177,1748
02/03/2004,PHX,AZ,AWP,WE,Combined TRACON& Tower with Radar,1009,338,68,5,1420,0,32,65,0,97,1009,370,133,5,1517,111,0,111,1628
02/04/2004,PHX,AZ,AWP,WE,Combined TRACON& Tower with Radar,1004,328,66,5,1403,7,22,93,4,126,1011,350,159,9,1529,164,0,164,1693
02/05/2004,PHX,AZ,AWP,WE,Combined TRACON& Tower with Radar,1018,338,69,5,1430,0,34,121,8,163,1018,372,190,13,1593,177,12,189,1782
02/06/2004,PHX,AZ,AWP,WE,Combined TRACON& Tower with Radar,1021,334,68,5,1428,0,58,115,9,182,1021,392,183,14,1610,170,9,179,1789
02/07/2004,PHX,AZ,AWP,WE,Combined TRACON& Tower with Radar,834,273,55,4,1166,40,2,57,4,103,874,275,112,8,1269,143,2,145,1414
02/08/2004,PHX,AZ,AWP,WE,Combined TRACON& Tower with Radar,888,273,59,4,1224,34,0,93,3,130,922,273,152,7,1354,115,0,115,1469
02/09/2004,PHX,AZ,AWP,WE,Combined TRACON& Tower with Radar,964,314,64,5,1347,19,45,128,15,207,983,359,192,20,1554,174,5,179,1733
02/10/2004,PHX,AZ,AWP,WE,Combined TRACON& Tower with Radar,1015,338,69,5,1427,0,52,114,13,179,1015,390,183,18,1606,137,21,158,1764
02/11/2004,PHX,AZ,AWP,WE,Combined TRACON& Tower with Radar,1023,341,68,6,1438,0,47,145,18,210,1023,388,213,24,1648,184,5,189,1837
02/12/2004,PHX,AZ,AWP,WE,Combined TRACON& Tower with Radar,1027,336,67,6,1436,0,36,140,4,180,1027,372,207,10,1616,175,4,179,1795
02/13/2004,PHX,AZ,AWP,WE,Combined TRACON& Tower with Radar,1025,334,67,6,1432,8,35,118,4,165,1033,369,185,10,1597,135,4,139,1736
02/14/2004,PHX,AZ,AWP,WE,Combined TRACON& Tower with Radar,873,285,57,5,1220,16,8,104,2,130,889,293,161,7,1350,166,0,166,1516
02/15/2004,PHX,AZ,AWP,WE,Combined TRACON& Tower with Radar,908,282,59,5,1254,42,0,79,6,127,950,282,138,11,1381,102,5,107,1488
02/16/2004,PHX,AZ,AWP,WE,Combined TRACON& Tower with Radar,992,322,65,6,1385,9,36,107,2,154,1001,358,172,8,1539,166,1,167,1706
02/17/2004,PHX,AZ,AWP,WE,Combined TRACON& Tower with Radar,1024,333,67,6,1430,1,35,121,5,162,1025,368,188,11,1592,182,9,191,1783
02/18/2004,PHX,AZ,AWP,WE,Combined TRACON& Tower with Radar,1027,339,68,6,1440,0,51,123,3,177,1027,390,191,9,1617,207,6,213,1830
02/19/2004,PHX,AZ,AWP,WE,Combined TRACON& Tower with Radar,1032,349,70,6,1457,0,31,140,6,177,1032,380,210,12,1634,160,12,172,1806
02/20/2004,PHX,AZ,AWP,WE,Combined TRACON& Tower with Radar,1014,339,68,6,1427,0,46,136,10,192,1014,385,204,16,1619,181,20,201,1820
02/21/2004,PHX,AZ,AWP,WE,Combined TRACON& Tower with Radar,887,280,58,5,1230,17,0,82,7,106,904,280,140,12,1336,114,6,120,1456
02/22/2004,PHX,AZ,AWP,WE,Combined TRACON& Tower with Radar,933,280,61,5,1279,12,0,93,2,107,945,280,154,7,1386,125,6,131,1517
02/23/2004,PHX,AZ,AWP,WE,Combined TRACON& Tower with Radar,1012,340,68,1,1421,0,6,80,0,86,1012,346,148,1,1507,122,7,129,1636
02/24/2004,PHX,AZ,AWP,WE,Combined TRACON& Tower with Radar,1037,353,71,6,1467,0,47,96,8,151,1037,400,167,14,1618,166,7,173,1791
02/25/2004,PHX,AZ,AWP,WE,Combined TRACON& Tower with Radar,1032,341,69,6,1448,0,46,180,7,233,1032,387,249,13,1681,198,8,206,1887
02/26/2004,PHX,AZ,AWP,WE,Combined TRACON& Tower with Radar,1024,334,67,6,1431,0,52,111,3,166,1024,386,178,9,1597,185,12,197,1794
02/27/2004,PHX,AZ,AWP,WE,Combined TRACON& Tower with Radar,1022,336,67,5,1430,0,37,60,8,105,1022,373,127,13,1535,186,1,187,1722
02/28/2004,PHX,AZ,AWP,WE,Combined TRACON& Tower with Radar,879,268,57,4,1208,22,0,67,0,89,901,268,124,4,1297,119,0,119,1416
02/29/2004,PHX,AZ,AWP,WE,Combined TRACON& Tower with Radar,911,278,60,4,1253,37,0,76,3,116,948,278,136,7,1369,175,0,175,1544
03/01/2004,PHX,AZ,AWP,WE,Combined TRACON& Tower with Radar,996,328,65,8,1397,9,41,94,3,147,1005,369,159,11,1544,136,5,141,1685
03/02/2004,PHX,AZ,AWP,WE,Combined TRACON& Tower with Radar,1011,346,69,8,1434,0,41,80,5,126,1011,387,149,13,1560,164,20,184,1744
03/03/2004,PHX,AZ,AWP,WE,Combined TRACON& Tower with Radar,1041,360,71,8,1480,0,34,125,8,167,1041,394,196,16,1647,154,27,181,1828
03/04/2004,PHX,AZ,AWP,WE,Combined TRACON& Tower with Radar,1004,348,69,8,1429,0,17,77,14,108,1004,365,146,22,1537,95,12,107,1644
03/05/2004,PHX,AZ,AWP,WE,Combined TRACON& Tower with Radar,1012,351,69,8,1440,0,51,77,13,141,1012,402,146,21,1581,160,10,170,1751
03/06/2004,PHX,AZ,AWP,WE,Combined TRACON& Tower with Radar,876,281,57,7,1221,45,0,66,10,121,921,281,123,17,1342,170,12,182,1524
03/07/2004,PHX,AZ,AWP,WE,Combined TRACON& Tower with Radar,915,276,60,7,1258,41,0,69,3,113,956,276,129,10,1371,124,15,139,1510
03/08/2004,PHX,AZ,AWP,WE,Combined TRACON& Tower with Radar,982,324,65,7,1378,17,46,87,8,158,999,370,152,15,1536,114,1,115,1651
03/09/2004,PHX,AZ,AWP,WE,Combined TRACON& Tower with Radar,1017,336,67,8,1428,0,50,107,6,163,1017,386,174,14,1591,166,2,168,1759
03/10/2004,PHX,AZ,AWP,WE,Combined TRACON& Tower with Radar,1030,342,68,8,1448,0,47,122,12,181,1030,389,190,20,1629,161,10,171,1800
03/11/2004,PHX,AZ,AWP,WE,Combined TRACON& Tower with Radar,1032,346,67,9,1454,0,26,123,5,154,1032,372,190,14,1608,165,6,171,1779
03/12/2004,PHX,AZ,AWP,WE,Combined TRACON& Tower with Radar,1034,352,69,9,1464,0,45,126,6,177,1034,397,195,15,1641,144,15,159,1800
03/13/2004,PHX,AZ,AWP,WE,Combined TRACON& Tower with Radar,893,281,57,6,1237,30,0,63,0,93,923,281,120,6,1330,87,0,87,1417
03/14/2004,PHX,AZ,AWP,WE,Combined TRACON& Tower with Radar,929,300,60,0,1289,35,0,85,0,120,964,300,145,0,1409,100,0,100,1509
03/15/2004,PHX,AZ,AWP,WE,Combined TRACON& Tower with Radar,1008,332,65,9,1414,0,43,105,7,155,1008,375,170,16,1569,121,1,122,1691
03/16/2004,PHX,AZ,AWP,WE,Combined TRACON& Tower with Radar,1021,341,67,9,1438,0,47,123,11,181,1021,388,190,20,1619,169,10,179,1798
03/17/2004,PHX,AZ,AWP,WE,Combined TRACON& Tower with Radar,1025,345,67,9,1446,0,49,160,6,215,1025,394,227,15,1661,168,10,178,1839
03/18/2004,PHX,AZ,AWP,WE,Combined TRACON& Tower with Radar,1037,348,68,9,1462,0,37,136,9,182,1037,385,204,18,1644,175,6,181,1825
03/19/2004,PHX,AZ,AWP,WE,Combined TRACON& Tower with Radar,1034,340,66,9,1449,5,50,117,0,172,1039,390,183,9,1621,152,6,158,1779
03/20/2004,PHX,AZ,AWP,WE,Combined TRACON& Tower with Radar,873,274,56,1,1204,45,0,108,0,153,918,274,164,1,1357,108,0,108,1465
03/21/2004,PHX,AZ,AWP,WE,Combined TRACON& Tower with Radar,940,299,61,4,1304,22,0,101,0,123,962,299,162,4,1427,122,0,122,1549
03/22/2004,PHX,AZ,AWP,WE,Combined TRACON& Tower with Radar,980,322,64,8,1374,26,44,74,0,144,1006,366,138,8,1518,110,4,114,1632
03/23/2004,PHX,AZ,AWP,WE,Combined TRACON& Tower with Radar,1044,343,67,9,1463,4,50,128,0,182,1048,393,195,9,1645,179,6,185,1830
03/24/2004,PHX,AZ,AWP,WE,Combined TRACON& Tower with Radar,1031,341,67,8,1447,0,64,116,5,185,1031,405,183,13,1632,177,9,186,1818
03/25/2004,PHX,AZ,AWP,WE,Combined TRACON& Tower with Radar,1019,343,67,7,1436,0,54,164,0,218,1019,397,231,7,1654,150,4,154,1808
03/26/2004,PHX,AZ,AWP,WE,Combined TRACON& Tower with Radar,1036,344,67,8,1455,0,56,93,6,155,1036,400,160,14,1610,133,4,137,1747
03/27/2004,PHX,AZ,AWP,WE,Combined TRACON& Tower with Radar,885,283,57,7,1232,29,0,86,0,115,914,283,143,7,1347,145,0,145,1492
03/28/2004,PHX,AZ,AWP,WE,Combined TRACON& Tower with Radar,931,279,60,7,1277,33,0,102,9,144,964,279,162,16,1421,102,0,102,1523
03/29/2004,PHX,AZ,AWP,WE,Combined TRACON& Tower with Radar,1000,329,64,8,1401,11,44,105,8,168,1011,373,169,16,1569,117,0,117,1686
03/30/2004,PHX,AZ,AWP,WE,Combined TRACON& Tower with Radar,1030,343,67,8,1448,0,49,109,2,160,1030,392,176,10,1608,112,4,116,1724
03/31/2004,PHX,AZ,AWP,WE,Combined TRACON& Tower with Radar,0,0,0,0,0,0,0,0,0,0,0,0,0,0,0,0,0,0,0
04/01/2004,PHX,AZ,AWP,WE,Combined TRACON& Tower with Radar,1057,349,64,7,1477,0,32,117,7,156,1057,381,181,14,1633,130,6,136,1769
04/02/2004,PHX,AZ,AWP,WE,Combined TRACON& Tower with Radar,991,342,63,6,1402,0,34,71,0,105,991,376,134,6,1507,127,6,133,1640
04/03/2004,PHX,AZ,AWP,WE,Combined TRACON& Tower with Radar,891,275,54,6,1226,24,0,49,1,74,915,275,103,7,1300,118,8,126,1426
04/04/2004,PHX,AZ,AWP,WE,Combined TRACON& Tower with Radar,930,274,56,6,1266,17,0,72,4,93,947,274,128,10,1359,89,3,92,1451
04/05/2004,PHX,AZ,AWP,WE,Combined TRACON& Tower with Radar,997,326,60,4,1387,8,29,94,0,131,1005,355,154,4,1518,140,6,146,1664
04/06/2004,PHX,AZ,AWP,WE,Combined TRACON& Tower with Radar,1016,335,62,7,1420,0,49,95,9,153,1016,384,157,16,1573,142,11,153,1726
04/07/2004,PHX,AZ,AWP,WE,Combined TRACON& Tower with Radar,1016,338,62,7,1423,0,48,116,12,176,1016,386,178,19,1599,118,16,134,1733
04/08/2004,PHX,AZ,AWP,WE,Combined TRACON& Tower with Radar,1038,340,63,7,1448,0,48,121,1,170,1038,388,184,8,1618,155,6,161,1779
04/09/2004,PHX,AZ,AWP,WE,Combined TRACON& Tower with Radar,1037,341,63,7,1448,0,25,79,16,120,1037,366,142,23,1568,159,19,178,1746
04/10/2004,PHX,AZ,AWP,WE,Combined TRACON& Tower with Radar,854,269,51,6,1180,38,0,86,7,131,892,269,137,13,1311,123,0,123,1434
04/11/2004,PHX,AZ,AWP,WE,Combined TRACON& Tower with Radar,903,267,54,6,1230,61,0,54,0,115,964,267,108,6,1345,136,0,136,1481
04/12/2004,PHX,AZ,AWP,WE,Combined TRACON& Tower with Radar,1006,329,61,7,1403,4,26,143,5,178,1010,355,204,12,1581,168,3,171,1752
04/13/2004,PHX,AZ,AWP,WE,Combined TRACON& Tower with Radar,1027,336,62,7,1432,0,56,112,9,177,1027,392,174,16,1609,143,16,159,1768
04/14/2004,PHX,AZ,AWP,WE,Combined TRACON& Tower with Radar,1024,338,62,4,1428,0,48,106,0,154,1024,386,168,4,1582,174,10,184,1766
04/15/2004,PHX,AZ,AWP,WE,Combined TRACON& Tower with Radar,1026,339,62,7,1434,0,43,163,0,206,1026,382,225,7,1640,190,12,202,1842
04/16/2004,PHX,AZ,AWP,WE,Combined TRACON& Tower with Radar,1025,338,61,8,1432,0,56,137,1,194,1025,394,198,9,1626,156,1,157,1783
04/17/2004,PHX,AZ,AWP,WE,Combined TRACON& Tower with Radar,855,275,50,7,1187,28,0,75,5,108,883,275,125,12,1295,135,4,139,1434
04/18/2004,PHX,AZ,AWP,WE,Combined TRACON& Tower with Radar,921,298,55,5,1279,17,0,108,0,125,938,298,163,5,1404,90,5,95,1499
04/19/2004,PHX,AZ,AWP,WE,Combined TRACON& Tower with Radar,984,321,59,6,1370,27,29,102,0,158,1011,350,161,6,1528,140,0,140,1668
04/20/2004,PHX,AZ,AWP,WE,Combined TRACON& Tower with Radar,1004,328,60,8,1400,0,53,135,0,188,1004,381,195,8,1588,171,4,175,1763
04/21/2004,PHX,AZ,AWP,WE,Combined TRACON& Tower with Radar,1020,338,61,8,1427,0,42,115,4,161,1020,380,176,12,1588,179,9,188,1776
04/22/2004,PHX,AZ,AWP,WE,Combined TRACON& Tower with Radar,1021,336,61,8,1426,0,65,102,5,172,1021,401,163,13,1598,159,9,168,1766
04/23/2004,PHX,AZ,AWP,WE,Combined TRACON& Tower with Radar,1020,333,60,8,1421,0,55,118,10,183,1020,388,178,18,1604,137,2,139,1743
04/24/2004,PHX,AZ,AWP,WE,Combined TRACON& Tower with Radar,822,268,48,6,1144,39,7,82,3,131,861,275,130,9,1275,193,0,193,1468
04/25/2004,PHX,AZ,AWP,WE,Combined TRACON& Tower with Radar,917,286,54,7,1264,14,0,92,1,107,931,286,146,8,1371,140,1,141,1512
04/26/2004,PHX,AZ,AWP,WE,Combined TRACON& Tower with Radar,999,332,60,7,1398,0,45,121,29,195,999,377,181,36,1593,169,7,176,1769
04/27/2004,PHX,AZ,AWP,WE,Combined TRACON& Tower with Radar,1006,330,60,7,1403,0,53,144,6,203,1006,383,204,13,1606,177,18,195,1801
04/28/2004,PHX,AZ,AWP,WE,Combined TRACON& Tower with Radar,1003,341,62,7,1413,0,69,136,5,210,1003,410,198,12,1623,165,9,174,1797
04/29/2004,PHX,AZ,AWP,WE,Combined TRACON& Tower with Radar,1015,335,61,7,1418,0,47,117,0,164,1015,382,178,7,1582,164,16,180,1762
04/30/2004,PHX,AZ,AWP,WE,Combined TRACON& Tower with Radar,991,329,60,7,1387,0,53,120,11,184,991,382,180,18,1571,175,5,180,1751
05/01/2004,PHX,AZ,AWP,WE,Combined TRACON& Tower with Radar,822,279,39,5,1145,9,8,89,7,113,831,287,128,12,1258,126,1,127,1385
05/02/2004,PHX,AZ,AWP,WE,Combined TRACON& Tower with Radar,900,295,43,5,1243,20,0,102,6,128,920,295,145,11,1371,121,11,132,1503
05/03/2004,PHX,AZ,AWP,WE,Combined TRACON& Tower with Radar,973,331,47,5,1356,9,47,89,0,145,982,378,136,5,1501,142,6,148,1649
05/04/2004,PHX,AZ,AWP,WE,Combined TRACON& Tower with Radar,989,337,47,6,1379,0,48,125,6,179,989,385,172,12,1558,192,9,201,1759
05/05/2004,PHX,AZ,AWP,WE,Combined TRACON& Tower with Radar,1004,345,48,6,1403,0,47,124,5,176,1004,392,172,11,1579,200,2,202,1781
05/06/2004,PHX,AZ,AWP,WE,Combined TRACON& Tower with Radar,1014,352,49,6,1421,0,52,145,12,209,1014,404,194,18,1630,165,8,173,1803
05/07/2004,PHX,AZ,AWP,WE,Combined TRACON& Tower with Radar,1008,345,49,6,1408,0,48,142,2,192,1008,393,191,8,1600,157,6,163,1763
05/08/2004,PHX,AZ,AWP,WE,Combined TRACON& Tower with Radar,836,279,40,5,1160,21,0,91,2,114,857,279,131,7,1274,128,0,128,1402
05/09/2004,PHX,AZ,AWP,WE,Combined TRACON& Tower with Radar,901,297,43,3,1244,29,0,93,0,122,930,297,136,3,1366,136,3,139,1505
05/10/2004,PHX,AZ,AWP,WE,Combined TRACON& Tower with Radar,977,332,47,5,1361,10,49,95,10,164,987,381,142,15,1525,134,0,134,1659
05/11/2004,PHX,AZ,AWP,WE,Combined TRACON& Tower with Radar,1013,349,49,6,1417,0,57,159,10,226,1013,406,208,16,1643,156,15,171,1814
05/12/2004,PHX,AZ,AWP,WE,Combined TRACON& Tower with Radar,998,345,48,6,1397,0,60,82,7,149,998,405,130,13,1546,153,6,159,1705
05/13/2004,PHX,AZ,AWP,WE,Combined TRACON& Tower with Radar,988,346,49,6,1389,0,63,151,5,219,988,409,200,11,1608,153,15,168,1776
05/14/2004,PHX,AZ,AWP,WE,Combined TRACON& Tower with Radar,1005,351,49,6,1411,0,55,140,1,196,1005,406,189,7,1607,182,5,187,1794
05/15/2004,PHX,AZ,AWP,WE,Combined TRACON& Tower with Radar,838,285,40,5,1168,30,1,81,5,117,868,286,121,10,1285,103,0,103,1388
05/16/2004,PHX,AZ,AWP,WE,Combined TRACON& Tower with Radar,912,305,44,5,1266,18,0,93,1,112,930,305,137,6,1378,140,3,143,1521
05/17/2004,PHX,AZ,AWP,WE,Combined TRACON& Tower with Radar,993,336,46,7,1382,8,41,81,4,134,1001,377,127,11,1516,147,1,148,1664
05/18/2004,PHX,AZ,AWP,WE,Combined TRACON& Tower with Radar,1001,344,47,7,1399,0,51,155,8,214,1001,395,202,15,1613,168,6,174,1787
05/19/2004,PHX,AZ,AWP,WE,Combined TRACON& Tower with Radar,994,348,48,7,1397,0,33,141,6,180,994,381,189,13,1577,118,4,122,1699
05/20/2004,PHX,AZ,AWP,WE,Combined TRACON& Tower with Radar,1010,346,48,7,1411,0,54,92,4,150,1010,400,140,11,1561,125,12,137,1698
05/21/2004,PHX,AZ,AWP,WE,Combined TRACON& Tower with Radar,991,341,47,7,1386,0,51,112,0,163,991,392,159,7,1549,135,6,141,1690
05/22/2004,PHX,AZ,AWP,WE,Combined TRACON& Tower with Radar,840,284,39,4,1167,20,2,68,0,90,860,286,107,4,1257,134,0,134,1391
05/23/2004,PHX,AZ,AWP,WE,Combined TRACON& Tower with Radar,915,298,43,6,1262,18,0,97,3,118,933,298,140,9,1380,100,5,105,1485
05/24/2004,PHX,AZ,AWP,WE,Combined TRACON& Tower with Radar,978,335,46,7,1366,0,51,112,5,168,978,386,158,12,1534,154,10,164,1698
05/25/2004,PHX,AZ,AWP,WE,Combined TRACON& Tower with Radar,992,342,47,4,1385,0,48,129,0,177,992,390,176,4,1562,142,4,146,1708
05/26/2004,PHX,AZ,AWP,WE,Combined TRACON& Tower with Radar,994,348,48,7,1397,0,51,128,1,180,994,399,176,8,1577,158,2,160,1737
05/27/2004,PHX,AZ,AWP,WE,Combined TRACON& Tower with Radar,1005,340,47,7,1399,4,53,102,7,166,1009,393,149,14,1565,175,6,181,1746
05/28/2004,PHX,AZ,AWP,WE,Combined TRACON& Tower with Radar,1021,348,48,6,1423,0,46,182,26,254,1021,394,230,32,1677,133,4,137,1814
05/29/2004,PHX,AZ,AWP,WE,Combined TRACON& Tower with Radar,825,280,39,5,1149,33,5,77,4,119,858,285,116,9,1268,135,0,135,1403
05/30/2004,PHX,AZ,AWP,WE,Combined TRACON& Tower with Radar,782,243,36,4,1065,52,0,66,0,118,834,243,102,4,1183,118,0,118,1301
05/31/2004,PHX,AZ,AWP,WE,Combined TRACON& Tower with Radar,910,309,43,5,1267,12,2,126,1,141,922,311,169,6,1408,119,0,119,1527
06/01/2004,PHX,AZ,AWP,WE,Combined TRACON& Tower with Radar,979,333,44,3,1359,0,56,103,0,159,979,389,147,3,1518,134,4,138,1656
06/02/2004,PHX,AZ,AWP,WE,Combined TRACON& Tower with Radar,1005,346,46,3,1400,0,49,121,12,182,1005,395,167,15,1582,131,2,133,1715
06/03/2004,PHX,AZ,AWP,WE,Combined TRACON& Tower with Radar,1003,339,45,3,1390,10,45,97,12,164,1013,384,142,15,1554,145,2,147,1701
06/04/2004,PHX,AZ,AWP,WE,Combined TRACON& Tower with Radar,1005,340,44,4,1393,5,34,141,15,195,1010,374,185,19,1588,149,8,157,1745
06/05/2004,PHX,AZ,AWP,WE,Combined TRACON& Tower with Radar,854,288,37,3,1182,22,9,63,0,94,876,297,100,3,1276,130,0,130,1406
06/06/2004,PHX,AZ,AWP,WE,Combined TRACON& Tower with Radar,911,284,40,4,1239,30,0,98,3,131,941,284,138,7,1370,113,0,113,1483
06/07/2004,PHX,AZ,AWP,WE,Combined TRACON& Tower with Radar,978,331,43,4,1356,16,43,90,5,154,994,374,133,9,1510,148,2,150,1660
06/08/2004,PHX,AZ,AWP,WE,Combined TRACON& Tower with Radar,1006,347,46,4,1403,0,59,151,5,215,1006,406,197,9,1618,142,0,142,1760
06/09/2004,PHX,AZ,AWP,WE,Combined TRACON& Tower with Radar,999,341,45,4,1389,0,56,129,5,190,999,397,174,9,1579,126,4,130,1709
06/10/2004,PHX,AZ,AWP,WE,Combined TRACON& Tower with Radar,997,342,44,4,1387,0,45,112,9,166,997,387,156,13,1553,152,0,152,1705
06/11/2004,PHX,AZ,AWP,WE,Combined TRACON& Tower with Radar,1016,346,45,4,1411,0,47,122,2,171,1016,393,167,6,1582,154,0,154,1736
06/12/2004,PHX,AZ,AWP,WE,Combined TRACON& Tower with Radar,841,283,37,4,1165,24,5,51,5,85,865,288,88,9,1250,84,0,84,1334
06/13/2004,PHX,AZ,AWP,WE,Combined TRACON& Tower with Radar,900,275,39,4,1218,31,0,86,3,120,931,275,125,7,1338,140,0,140,1478
06/14/2004,PHX,AZ,AWP,WE,Combined TRACON& Tower with Radar,995,337,44,4,1380,0,42,114,4,160,995,379,158,8,1540,131,10,141,1681
06/15/2004,PHX,AZ,AWP,WE,Combined TRACON& Tower with Radar,1004,339,45,4,1392,3,60,91,13,167,1007,399,136,17,1559,165,11,176,1735
06/16/2004,PHX,AZ,AWP,WE,Combined TRACON& Tower with Radar,993,336,44,4,1377,0,42,134,5,181,993,378,178,9,1558,148,4,152,1710
06/17/2004,PHX,AZ,AWP,WE,Combined TRACON& Tower with Radar,1009,342,45,4,1400,0,57,131,4,192,1009,399,176,8,1592,171,8,179,1771
06/18/2004,PHX,AZ,AWP,WE,Combined TRACON& Tower with Radar,1008,347,45,4,1404,0,55,107,12,174,1008,402,152,16,1578,168,18,186,1764
06/19/2004,PHX,AZ,AWP,WE,Combined TRACON& Tower with Radar,875,294,38,4,1211,27,4,77,0,108,902,298,115,4,1319,116,0,116,1435
06/20/2004,PHX,AZ,AWP,WE,Combined TRACON& Tower with Radar,898,296,39,4,1237,37,0,120,8,165,935,296,159,12,1402,136,0,136,1538
06/21/2004,PHX,AZ,AWP,WE,Combined TRACON& Tower with Radar,983,333,43,4,1363,0,47,99,6,152,983,380,142,10,1515,155,6,161,1676
06/22/2004,PHX,AZ,AWP,WE,Combined TRACON& Tower with Radar,1002,340,44,4,1390,0,46,97,3,146,1002,386,141,7,1536,120,14,134,1670
06/23/2004,PHX,AZ,AWP,WE,Combined TRACON& Tower with Radar,998,344,45,4,1391,0,59,117,2,178,998,403,162,6,1569,121,9,130,1699
06/24/2004,PHX,AZ,AWP,WE,Combined TRACON& Tower with Radar,998,345,45,4,1392,0,53,117,6,176,998,398,162,10,1568,121,9,130,1698
06/25/2004,PHX,AZ,AWP,WE,Combined TRACON& Tower with Radar,980,336,44,4,1364,0,61,107,6,174,980,397,151,10,1538,130,4,134,1672
06/26/2004,PHX,AZ,AWP,WE,Combined TRACON& Tower with Radar,873,294,38,4,1209,21,7,47,4,79,894,301,85,8,1288,135,3,138,1426
06/27/2004,PHX,AZ,AWP,WE,Combined TRACON& Tower with Radar,896,282,39,3,1220,36,0,59,4,99,932,282,98,7,1319,119,0,119,1438
06/28/2004,PHX,AZ,AWP,WE,Combined TRACON& Tower with Radar,981,332,43,3,1359,0,40,88,5,133,981,372,131,8,1492,150,0,150,1642
06/29/2004,PHX,AZ,AWP,WE,Combined TRACON& Tower with Radar,984,339,45,3,1371,0,62,132,6,200,984,401,177,9,1571,168,8,176,1747
06/30/2004,PHX,AZ,AWP,WE,Combined TRACON& Tower with Radar,998,347,45,3,1393,0,57,116,3,176,998,404,161,6,1569,141,5,146,1715
07/01/2004,PHX,AZ,AWP,WE,Combined TRACON& Tower with Radar,1009,359,50,5,1423,0,51,123,2,176,1009,410,173,7,1599,123,2,125,1724
07/02/2004,PHX,AZ,AWP,WE,Combined TRACON& Tower with Radar,1008,358,50,5,1421,0,62,89,0,151,1008,420,139,5,1572,130,4,134,1706
07/03/2004,PHX,AZ,AWP,WE,Combined TRACON& Tower with Radar,841,298,41,4,1184,33,6,62,9,110,874,304,103,13,1294,101,0,101,1395
07/04/2004,PHX,AZ,AWP,WE,Combined TRACON& Tower with Radar,782,307,43,4,1136,0,44,107,16,167,782,351,150,20,1303,131,0,131,1434
07/05/2004,PHX,AZ,AWP,WE,Combined TRACON& Tower with Radar,902,312,44,4,1262,34,0,88,0,122,936,312,132,4,1384,120,0,120,1504
07/06/2004,PHX,AZ,AWP,WE,Combined TRACON& Tower with Radar,975,347,48,5,1375,0,49,100,12,161,975,396,148,17,1536,141,6,147,1683
07/07/2004,PHX,AZ,AWP,WE,Combined TRACON& Tower with Radar,987,358,50,5,1400,0,53,98,24,175,987,411,148,29,1575,156,2,158,1733
07/08/2004,PHX,AZ,AWP,WE,Combined TRACON& Tower with Radar,1009,358,50,5,1422,0,66,110,2,178,1009,424,160,7,1600,115,10,125,1725
07/09/2004,PHX,AZ,AWP,WE,Combined TRACON& Tower with Radar,992,351,49,5,1397,0,57,104,1,162,992,408,153,6,1559,188,4,192,1751
07/10/2004,PHX,AZ,AWP,WE,Combined TRACON& Tower with Radar,866,307,42,4,1219,31,10,65,3,109,897,317,107,7,1328,118,0,118,1446
07/11/2004,PHX,AZ,AWP,WE,Combined TRACON& Tower with Radar,883,286,43,2,1214,44,0,80,0,124,927,286,123,2,1338,137,10,147,1485
07/12/2004,PHX,AZ,AWP,WE,Combined TRACON& Tower with Radar,965,342,47,4,1358,6,42,105,0,153,971,384,152,4,1511,98,0,98,1609
07/13/2004,PHX,AZ,AWP,WE,Combined TRACON& Tower with Radar,991,354,49,5,1399,0,40,121,5,166,991,394,170,10,1565,133,6,139,1704
07/14/2004,PHX,AZ,AWP,WE,Combined TRACON& Tower with Radar,975,356,49,5,1385,0,42,94,4,140,975,398,143,9,1525,101,1,102,1627
07/15/2004,PHX,AZ,AWP,WE,Combined TRACON& Tower with Radar,1009,359,50,5,1423,0,57,100,10,167,1009,416,150,15,1590,178,6,184,1774
07/16/2004,PHX,AZ,AWP,WE,Combined TRACON& Tower with Radar,995,356,48,6,1405,0,52,75,3,130,995,408,123,9,1535,97,3,100,1635
07/17/2004,PHX,AZ,AWP,WE,Combined TRACON& Tower with Radar,865,306,42,5,1218,27,4,62,0,93,892,310,104,5,1311,138,0,138,1449
07/18/2004,PHX,AZ,AWP,WE,Combined TRACON& Tower with Radar,880,296,42,3,1221,41,0,47,0,88,921,296,89,3,1309,105,5,110,1419
07/19/2004,PHX,AZ,AWP,WE,Combined TRACON& Tower with Radar,975,343,47,6,1371,10,35,92,1,138,985,378,139,7,1509,124,8,132,1641
07/20/2004,PHX,AZ,AWP,WE,Combined TRACON& Tower with Radar,996,356,48,6,1406,0,64,139,4,207,996,420,187,10,1613,187,5,192,1805
07/21/2004,PHX,AZ,AWP,WE,Combined TRACON& Tower with Radar,984,349,47,5,1385,0,54,126,0,180,984,403,173,5,1565,130,2,132,1697
07/22/2004,PHX,AZ,AWP,WE,Combined TRACON& Tower with Radar,1003,356,48,6,1413,0,49,116,3,168,1003,405,164,9,1581,125,4,129,1710
07/23/2004,PHX,AZ,AWP,WE,Combined TRACON& Tower with Radar,1005,356,48,5,1414,0,52,106,0,158,1005,408,154,5,1572,141,2,143,1715
07/24/2004,PHX,AZ,AWP,WE,Combined TRACON& Tower with Radar,889,314,43,4,1250,3,3,97,0,103,892,317,140,4,1353,101,0,101,1454
07/25/2004,PHX,AZ,AWP,WE,Combined TRACON& Tower with Radar,891,292,43,4,1230,43,0,58,21,122,934,292,101,25,1352,101,10,111,1463
07/26/2004,PHX,AZ,AWP,WE,Combined TRACON& Tower with Radar,982,349,47,5,1383,0,40,100,3,143,982,389,147,8,1526,89,10,99,1625
07/27/2004,PHX,AZ,AWP,WE,Combined TRACON& Tower with Radar,963,349,47,3,1362,0,67,118,0,185,963,416,165,3,1547,114,0,114,1661
07/28/2004,PHX,AZ,AWP,WE,Combined TRACON& Tower with Radar,971,351,48,4,1374,0,70,100,0,170,971,421,148,4,1544,136,8,144,1688
07/29/2004,PHX,AZ,AWP,WE,Combined TRACON& Tower with Radar,1001,362,49,5,1417,0,51,132,1,184,1001,413,181,6,1601,140,11,151,1752
07/30/2004,PHX,AZ,AWP,WE,Combined TRACON& Tower with Radar,984,347,47,5,1383,11,62,94,4,171,995,409,141,9,1554,157,6,163,1717
07/31/2004,PHX,AZ,AWP,WE,Combined TRACON& Tower with Radar,862,305,41,2,1210,28,7,67,0,102,890,312,108,2,1312,98,0,98,1410
08/01/2004,PHX,AZ,AWP,WE,Combined TRACON& Tower with Radar,905,302,41,5,1253,20,0,95,2,117,925,302,136,7,1370,103,2,105,1475
08/02/2004,PHX,AZ,AWP,WE,Combined TRACON& Tower with Radar,978,347,44,5,1374,0,36,77,5,118,978,383,121,10,1492,143,1,144,1636
08/03/2004,PHX,AZ,AWP,WE,Combined TRACON& Tower with Radar,1000,357,46,5,1408,0,57,86,8,151,1000,414,132,13,1559,124,7,131,1690
08/04/2004,PHX,AZ,AWP,WE,Combined TRACON& Tower with Radar,1000,359,46,5,1410,0,59,113,6,178,1000,418,159,11,1588,175,8,183,1771
08/05/2004,PHX,AZ,AWP,WE,Combined TRACON& Tower with Radar,997,359,46,5,1407,0,58,92,3,153,997,417,138,8,1560,115,11,126,1686
08/06/2004,PHX,AZ,AWP,WE,Combined TRACON& Tower with Radar,993,358,45,5,1401,0,71,98,5,174,993,429,143,10,1575,141,9,150,1725
08/07/2004,PHX,AZ,AWP,WE,Combined TRACON& Tower with Radar,872,308,39,3,1222,20,18,49,0,87,892,326,88,3,1309,108,3,111,1420
08/08/2004,PHX,AZ,AWP,WE,Combined TRACON& Tower with Radar,902,305,41,5,1253,32,0,80,1,113,934,305,121,6,1366,123,7,130,1496
08/09/2004,PHX,AZ,AWP,WE,Combined TRACON& Tower with Radar,984,348,44,5,1381,2,38,103,1,144,986,386,147,6,1525,152,5,157,1682
08/10/2004,PHX,AZ,AWP,WE,Combined TRACON& Tower with Radar,1005,360,45,7,1417,0,60,122,4,186,1005,420,167,11,1603,122,9,131,1734
08/11/2004,PHX,AZ,AWP,WE,Combined TRACON& Tower with Radar,964,341,42,6,1353,9,26,93,8,136,973,367,135,14,1489,136,9,145,1634
08/12/2004,PHX,AZ,AWP,WE,Combined TRACON& Tower with Radar,994,352,44,6,1396,4,6,78,9,97,998,358,122,15,1493,106,2,108,1601
08/13/2004,PHX,AZ,AWP,WE,Combined TRACON& Tower with Radar,984,349,44,6,1383,0,45,62,10,117,984,394,106,16,1500,148,2,150,1650
08/14/2004,PHX,AZ,AWP,WE,Combined TRACON& Tower with Radar,872,308,38,3,1221,18,10,44,0,72,890,318,82,3,1293,130,1,131,1424
08/15/2004,PHX,AZ,AWP,WE,Combined TRACON& Tower with Radar,893,296,39,2,1230,37,0,27,0,64,930,296,66,2,1294,95,0,95,1389
08/16/2004,PHX,AZ,AWP,WE,Combined TRACON& Tower with Radar,970,342,43,3,1358,7,32,71,0,110,977,374,114,3,1468,150,0,150,1618
08/17/2004,PHX,AZ,AWP,WE,Combined TRACON& Tower with Radar,1002,359,45,7,1413,0,59,87,6,152,1002,418,132,13,1565,111,14,125,1690
08/18/2004,PHX,AZ,AWP,WE,Combined TRACON& Tower with Radar,993,355,45,6,1399,0,38,118,0,156,993,393,163,6,1555,122,14,136,1691
08/19/2004,PHX,AZ,AWP,WE,Combined TRACON& Tower with Radar,1016,364,45,7,1432,0,50,109,2,161,1016,414,154,9,1593,150,19,169,1762
08/20/2004,PHX,AZ,AWP,WE,Combined TRACON& Tower with Radar,997,355,44,6,1402,0,61,112,7,180,997,416,156,13,1582,183,5,188,1770
08/21/2004,PHX,AZ,AWP,WE,Combined TRACON& Tower with Radar,891,313,39,6,1249,12,14,51,11,88,903,327,90,17,1337,115,0,115,1452
08/22/2004,PHX,AZ,AWP,WE,Combined TRACON& Tower with Radar,906,301,40,6,1253,25,0,115,10,150,931,301,155,16,1403,126,0,126,1529
08/23/2004,PHX,AZ,AWP,WE,Combined TRACON& Tower with Radar,977,344,43,6,1370,9,33,75,0,117,986,377,118,6,1487,122,8,130,1617
08/24/2004,PHX,AZ,AWP,WE,Combined TRACON& Tower with Radar,993,357,45,6,1401,0,53,110,3,166,993,410,155,9,1567,200,15,215,1782
08/25/2004,PHX,AZ,AWP,WE,Combined TRACON& Tower with Radar,992,359,44,6,1401,0,56,145,7,208,992,415,189,13,1609,198,2,200,1809
08/26/2004,PHX,AZ,AWP,WE,Combined TRACON& Tower with Radar,996,357,44,5,1402,0,51,108,11,170,996,408,152,16,1572,128,6,134,1706
08/27/2004,PHX,AZ,AWP,WE,Combined TRACON& Tower with Radar,992,352,44,5,1393,0,48,105,6,159,992,400,149,11,1552,132,2,134,1686
08/28/2004,PHX,AZ,AWP,WE,Combined TRACON& Tower with Radar,876,310,38,1,1225,11,14,62,0,87,887,324,100,1,1312,103,6,109,1421
08/29/2004,PHX,AZ,AWP,WE,Combined TRACON& Tower with Radar,901,303,39,5,1248,29,0,82,0,111,930,303,121,5,1359,122,1,123,1482
08/30/2004,PHX,AZ,AWP,WE,Combined TRACON& Tower with Radar,967,342,42,5,1356,9,42,95,8,154,976,384,137,13,1510,119,8,127,1637
08/31/2004,PHX,AZ,AWP,WE,Combined TRACON& Tower with Radar,991,359,45,6,1401,0,46,129,10,185,991,405,174,16,1586,143,15,158,1744
09/01/2004,PHX,AZ,AWP,WE,Combined TRACON& Tower with Radar,996,350,53,3,1402,0,68,123,2,193,996,418,176,5,1595,156,6,162,1757
09/02/2004,PHX,AZ,AWP,WE,Combined TRACON& Tower with Radar,997,353,53,3,1406,0,60,145,3,208,997,413,198,6,1614,185,20,205,1819
09/03/2004,PHX,AZ,AWP,WE,Combined TRACON& Tower with Radar,1004,359,54,3,1420,0,54,102,10,166,1004,413,156,13,1586,174,0,174,1760
09/04/2004,PHX,AZ,AWP,WE,Combined TRACON& Tower with Radar,831,286,44,2,1163,22,0,69,1,92,853,286,113,3,1255,145,0,145,1400
09/05/2004,PHX,AZ,AWP,WE,Combined TRACON& Tower with Radar,758,260,40,2,1060,20,0,64,1,85,778,260,104,3,1145,115,0,115,1260
09/06/2004,PHX,AZ,AWP,WE,Combined TRACON& Tower with Radar,891,309,47,3,1250,6,7,83,5,101,897,316,130,8,1351,151,0,151,1502
09/07/2004,PHX,AZ,AWP,WE,Combined TRACON& Tower with Radar,977,340,52,3,1372,3,46,99,4,152,980,386,151,7,1524,191,8,199,1723
09/08/2004,PHX,AZ,AWP,WE,Combined TRACON& Tower with Radar,1003,349,53,3,1408,0,47,109,2,158,1003,396,162,5,1566,137,8,145,1711
09/09/2004,PHX,AZ,AWP,WE,Combined TRACON& Tower with Radar,979,341,51,3,1374,0,53,81,3,137,979,394,132,6,1511,110,0,110,1621
09/10/2004,PHX,AZ,AWP,WE,Combined TRACON& Tower with Radar,999,348,53,3,1403,0,40,93,3,136,999,388,146,6,1539,100,3,103,1642
09/11/2004,PHX,AZ,AWP,WE,Combined TRACON& Tower with Radar,856,298,44,3,1201,18,6,84,0,108,874,304,128,3,1309,126,10,136,1445
09/12/2004,PHX,AZ,AWP,WE,Combined TRACON& Tower with Radar,888,296,46,4,1234,32,0,94,1,127,920,296,140,5,1361,105,15,120,1481
09/13/2004,PHX,AZ,AWP,WE,Combined TRACON& Tower with Radar,966,340,50,4,1360,0,48,130,5,183,966,388,180,9,1543,112,6,118,1661
09/14/2004,PHX,AZ,AWP,WE,Combined TRACON& Tower with Radar,984,342,51,1,1378,26,22,101,0,149,1010,364,152,1,1527,156,0,156,1683
09/15/2004,PHX,AZ,AWP,WE,Combined TRACON& Tower with Radar,1000,354,52,4,1410,0,52,134,3,189,1000,406,186,7,1599,121,16,137,1736
09/16/2004,PHX,AZ,AWP,WE,Combined TRACON& Tower with Radar,1002,349,52,4,1407,4,48,92,1,145,1006,397,144,5,1552,110,2,112,1664
09/17/2004,PHX,AZ,AWP,WE,Combined TRACON& Tower with Radar,995,347,51,4,1397,2,53,106,0,161,997,400,157,4,1558,192,0,192,1750
09/18/2004,PHX,AZ,AWP,WE,Combined TRACON& Tower with Radar,811,281,42,3,1137,20,1,26,6,53,831,282,68,9,1190,126,4,130,1320
09/19/2004,PHX,AZ,AWP,WE,Combined TRACON& Tower with Radar,926,293,48,4,1271,5,0,55,2,62,931,293,103,6,1333,58,0,58,1391
09/20/2004,PHX,AZ,AWP,WE,Combined TRACON& Tower with Radar,977,341,50,4,1372,0,38,103,2,143,977,379,153,6,1515,142,11,153,1668
09/21/2004,PHX,AZ,AWP,WE,Combined TRACON& Tower with Radar,986,354,53,4,1397,0,50,132,3,185,986,404,185,7,1582,152,2,154,1736
09/22/2004,PHX,AZ,AWP,WE,Combined TRACON& Tower with Radar,992,354,52,4,1402,0,50,151,1,202,992,404,203,5,1604,172,11,183,1787
09/23/2004,PHX,AZ,AWP,WE,Combined TRACON& Tower with Radar,997,354,53,4,1408,0,58,98,2,158,997,412,151,6,1566,149,5,154,1720
09/24/2004,PHX,AZ,AWP,WE,Combined TRACON& Tower with Radar,1001,349,52,4,1406,0,65,115,4,184,1001,414,167,8,1590,180,0,180,1770
09/25/2004,PHX,AZ,AWP,WE,Combined TRACON& Tower with Radar,835,291,43,2,1171,19,7,54,7,87,854,298,97,9,1258,121,4,125,1383
09/26/2004,PHX,AZ,AWP,WE,Combined TRACON& Tower with Radar,904,301,46,3,1254,35,0,55,0,90,939,301,101,3,1344,142,4,146,1490
09/27/2004,PHX,AZ,AWP,WE,Combined TRACON& Tower with Radar,957,333,49,3,1342,10,41,101,4,156,967,374,150,7,1498,144,10,154,1652
09/28/2004,PHX,AZ,AWP,WE,Combined TRACON& Tower with Radar,1002,354,52,3,1411,0,53,130,4,187,1002,407,182,7,1598,110,13,123,1721
09/29/2004,PHX,AZ,AWP,WE,Combined TRACON& Tower with Radar,1015,356,53,3,1427,0,51,93,1,145,1015,407,146,4,1572,120,6,126,1698
09/30/2004,PHX,AZ,AWP,WE,Combined TRACON& Tower with Radar,1012,355,52,3,1422,0,44,117,4,165,1012,399,169,7,1587,116,0,116,1703
10/01/2004,PHX,AZ,AWP,WE,Combined TRACON& Tower with Radar,1014,355,55,2,1426,0,49,101,2,152,1014,404,156,4,1578,24,0,24,1602
10/02/2004,PHX,AZ,AWP,WE,Combined TRACON& Tower with Radar,856,288,23,1,1168,0,19,46,2,67,856,307,69,3,1235,20,0,20,1255
10/03/2004,PHX,AZ,AWP,WE,Combined TRACON& Tower with Radar,952,294,40,4,1290,0,3,69,4,76,952,297,109,8,1366,34,0,34,1400
10/04/2004,PHX,AZ,AWP,WE,Combined TRACON& Tower with Radar,990,344,47,6,1387,0,49,63,3,115,990,393,110,9,1502,36,0,36,1538
10/05/2004,PHX,AZ,AWP,WE,Combined TRACON& Tower with Radar,1001,359,57,5,1422,0,40,71,0,111,1001,399,128,5,1533,29,0,29,1562
10/06/2004,PHX,AZ,AWP,WE,Combined TRACON& Tower with Radar,999,372,71,6,1448,0,39,72,3,114,999,411,143,9,1562,31,0,31,1593
10/07/2004,PHX,AZ,AWP,WE,Combined TRACON& Tower with Radar,1021,351,75,3,1450,0,46,85,3,134,1021,397,160,6,1584,25,0,25,1609
10/08/2004,PHX,AZ,AWP,WE,Combined TRACON& Tower with Radar,1008,363,63,9,1443,6,28,168,23,225,1014,391,231,32,1668,20,0,20,1688
10/09/2004,PHX,AZ,AWP,WE,Combined TRACON& Tower with Radar,869,298,28,3,1198,0,13,67,1,81,869,311,95,4,1279,30,0,30,1309
10/10/2004,PHX,AZ,AWP,WE,Combined TRACON& Tower with Radar,952,296,31,0,1279,2,2,54,2,60,954,298,85,2,1339,34,0,34,1373
10/11/2004,PHX,AZ,AWP,WE,Combined TRACON& Tower with Radar,991,347,60,6,1404,0,42,54,2,98,991,389,114,8,1502,44,0,44,1546
10/12/2004,PHX,AZ,AWP,WE,Combined TRACON& Tower with Radar,1007,340,26,7,1380,0,27,33,5,65,1007,367,59,12,1445,26,7,33,1478
10/13/2004,PHX,AZ,AWP,WE,Combined TRACON& Tower with Radar,1028,335,16,16,1395,0,11,20,13,44,1028,346,36,29,1439,33,0,33,1472
10/14/2004,PHX,AZ,AWP,WE,Combined TRACON& Tower with Radar,1019,350,68,8,1445,0,31,52,3,86,1019,381,120,11,1531,10,0,10,1541
10/15/2004,PHX,AZ,AWP,WE,Combined TRACON& Tower with Radar,1003,351,61,11,1426,0,39,81,4,124,1003,390,142,15,1550,20,0,20,1570
10/16/2004,PHX,AZ,AWP,WE,Combined TRACON& Tower with Radar,865,283,31,8,1187,1,12,83,7,103,866,295,114,15,1290,33,0,33,1323
10/17/2004,PHX,AZ,AWP,WE,Combined TRACON& Tower with Radar,959,294,41,5,1299,0,8,40,2,50,959,302,81,7,1349,47,0,47,1396
10/18/2004,PHX,AZ,AWP,WE,Combined TRACON& Tower with Radar,993,362,52,4,1411,0,34,42,9,85,993,396,94,13,1496,40,14,54,1550
10/19/2004,PHX,AZ,AWP,WE,Combined TRACON& Tower with Radar,1005,389,89,2,1485,0,36,49,4,89,1005,425,138,6,1574,39,2,41,1615
10/20/2004,PHX,AZ,AWP,WE,Combined TRACON& Tower with Radar,999,377,76,2,1454,0,31,54,3,88,999,408,130,5,1542,23,0,23,1565
10/21/2004,PHX,AZ,AWP,WE,Combined TRACON& Tower with Radar,998,348,77,2,1425,0,5,21,0,26,998,353,98,2,1451,20,0,20,1471
10/22/2004,PHX,AZ,AWP,WE,Combined TRACON& Tower with Radar,1019,364,55,4,1442,0,40,57,4,101,1019,404,112,8,1543,32,0,32,1575
10/23/2004,PHX,AZ,AWP,WE,Combined TRACON& Tower with Radar,867,302,36,1,1206,0,13,60,7,80,867,315,96,8,1286,33,0,33,1319
10/24/2004,PHX,AZ,AWP,WE,Combined TRACON& Tower with Radar,949,307,41,9,1306,0,2,71,1,74,949,309,112,10,1380,29,0,29,1409
10/25/2004,PHX,AZ,AWP,WE,Combined TRACON& Tower with Radar,997,349,51,9,1406,0,39,57,4,100,997,388,108,13,1506,28,4,32,1538
10/26/2004,PHX,AZ,AWP,WE,Combined TRACON& Tower with Radar,1012,379,73,5,1469,0,33,53,1,87,1012,412,126,6,1556,34,0,34,1590
10/27/2004,PHX,AZ,AWP,WE,Combined TRACON& Tower with Radar,1003,387,83,5,1478,0,21,32,1,54,1003,408,115,6,1532,24,0,24,1556
10/28/2004,PHX,AZ,AWP,WE,Combined TRACON& Tower with Radar,1013,380,79,4,1476,0,8,5,0,13,1013,388,84,4,1489,20,0,20,1509
10/29/2004,PHX,AZ,AWP,WE,Combined TRACON& Tower with Radar,1004,368,70,5,1447,0,41,74,1,116,1004,409,144,6,1563,16,0,16,1579
10/30/2004,PHX,AZ,AWP,WE,Combined TRACON& Tower with Radar,864,305,28,3,1200,0,5,62,0,67,864,310,90,3,1267,35,0,35,1302
10/31/2004,PHX,AZ,AWP,WE,Combined TRACON& Tower with Radar,960,287,40,1,1288,0,2,57,6,65,960,289,97,7,1353,32,0,32,1385
11/01/2004,PHX,AZ,AWP,WE,Towers with Radar,1020,339,59,3,1421,0,50,49,3,102,1020,389,108,6,1523,41,0,41,1564
11/02/2004,PHX,AZ,AWP,WE,Towers with Radar,1022,340,51,6,1419,0,49,91,3,143,1022,389,142,9,1562,39,0,39,1601
11/03/2004,PHX,AZ,AWP,WE,Towers with Radar,1014,388,77,3,1482,0,39,94,2,135,1014,427,171,5,1617,35,0,35,1652
11/04/2004,PHX,AZ,AWP,WE,Towers with Radar,1021,373,104,6,1504,2,48,70,3,123,1023,421,174,9,1627,52,0,52,1679
11/05/2004,PHX,AZ,AWP,WE,Towers with Radar,1027,340,68,4,1439,0,45,103,3,151,1027,385,171,7,1590,26,0,26,1616
11/06/2004,PHX,AZ,AWP,WE,Towers with Radar,868,276,46,5,1195,0,15,45,3,63,868,291,91,8,1258,39,0,39,1297
11/07/2004,PHX,AZ,AWP,WE,Towers with Radar,942,296,57,1,1296,0,3,22,1,26,942,299,79,2,1322,78,0,78,1400
11/08/2004,PHX,AZ,AWP,WE,Towers with Radar,1010,348,70,3,1431,1,15,27,0,43,1011,363,97,3,1474,36,0,36,1510
11/09/2004,PHX,AZ,AWP,WE,Towers with Radar,1010,347,72,3,1432,1,44,64,11,120,1011,391,136,14,1552,33,0,33,1585
11/10/2004,PHX,AZ,AWP,WE,Towers with Radar,1016,360,69,7,1452,0,39,62,2,103,1016,399,131,9,1555,28,0,28,1583
11/11/2004,PHX,AZ,AWP,WE,Towers with Radar,1016,345,58,1,1420,0,23,70,1,94,1016,368,128,2,1514,25,0,25,1539
11/12/2004,PHX,AZ,AWP,WE,Towers with Radar,1022,356,68,3,1449,0,25,45,3,73,1022,381,113,6,1522,26,0,26,1548
11/13/2004,PHX,AZ,AWP,WE,Towers with Radar,872,307,48,0,1227,0,7,31,0,38,872,314,79,0,1265,30,0,30,1295
11/14/2004,PHX,AZ,AWP,WE,Towers with Radar,968,300,36,1,1305,0,5,29,4,38,968,305,65,5,1343,32,0,32,1375
11/15/2004,PHX,AZ,AWP,WE,Towers with Radar,997,356,72,9,1434,0,27,36,4,67,997,383,108,13,1501,54,0,54,1555
11/16/2004,PHX,AZ,AWP,WE,Towers with Radar,1036,378,92,10,1516,0,41,58,2,101,1036,419,150,12,1617,51,0,51,1668
11/17/2004,PHX,AZ,AWP,WE,Towers with Radar,1027,369,95,7,1498,0,42,64,3,109,1027,411,159,10,1607,44,0,44,1651
11/18/2004,PHX,AZ,AWP,WE,Towers with Radar,1044,363,62,9,1478,0,37,76,6,119,1044,400,138,15,1597,27,0,27,1624
11/19/2004,PHX,AZ,AWP,WE,Towers with Radar,1020,382,87,9,1498,0,39,77,1,117,1020,421,164,10,1615,47,0,47,1662
11/20/2004,PHX,AZ,AWP,WE,Towers with Radar,880,289,30,2,1201,0,9,35,11,55,880,298,65,13,1256,31,0,31,1287
11/21/2004,PHX,AZ,AWP,WE,Towers with Radar,930,280,44,5,1259,0,3,10,3,16,930,283,54,8,1275,22,0,22,1297
11/22/2004,PHX,AZ,AWP,WE,Towers with Radar,1027,362,74,10,1473,0,7,9,0,16,1027,369,83,10,1489,23,0,23,1512
11/23/2004,PHX,AZ,AWP,WE,Towers with Radar,1042,367,87,14,1510,0,33,45,1,79,1042,400,132,15,1589,35,0,35,1624
11/24/2004,PHX,AZ,AWP,WE,Towers with Radar,1032,380,71,4,1487,0,40,47,4,91,1032,420,118,8,1578,57,0,57,1635
11/25/2004,PHX,AZ,AWP,WE,Towers with Radar,731,237,21,0,989,0,1,39,2,42,731,238,60,2,1031,30,0,30,1061
11/26/2004,PHX,AZ,AWP,WE,Towers with Radar,872,275,15,0,1162,0,38,42,2,82,872,313,57,2,1244,28,0,28,1272
11/27/2004,PHX,AZ,AWP,WE,Towers with Radar,861,285,43,0,1189,0,12,72,5,89,861,297,115,5,1278,43,0,43,1321
11/28/2004,PHX,AZ,AWP,WE,Towers with Radar,976,293,66,3,1338,0,3,43,4,50,976,296,109,7,1388,18,6,24,1412
11/29/2004,PHX,AZ,AWP,WE,Towers with Radar,1024,337,55,5,1421,0,54,68,3,125,1024,391,123,8,1546,42,0,42,1588
11/30/2004,PHX,AZ,AWP,WE,Towers with Radar,1049,359,73,3,1484,0,46,71,3,120,1049,405,144,6,1604,26,0,26,1630
12/01/2004,PHX,AZ,AWP,WE,Towers with Radar,1028,374,64,6,1472,0,44,67,6,117,1028,418,131,12,1589,34,0,34,1623
12/02/2004,PHX,AZ,AWP,WE,Towers with Radar,1035,369,63,7,1474,0,47,88,2,137,1035,416,151,9,1611,36,0,36,1647
12/03/2004,PHX,AZ,AWP,WE,Towers with Radar,1026,364,61,8,1459,0,40,80,2,122,1026,404,141,10,1581,22,0,22,1603
12/04/2004,PHX,AZ,AWP,WE,Towers with Radar,856,288,63,4,1211,0,7,18,1,26,856,295,81,5,1237,24,0,24,1261
12/05/2004,PHX,AZ,AWP,WE,Towers with Radar,946,300,51,0,1297,0,1,13,1,15,946,301,64,1,1312,8,8,16,1328
12/06/2004,PHX,AZ,AWP,WE,Towers with Radar,983,367,55,9,1414,0,8,19,1,28,983,375,74,10,1442,20,0,20,1462
12/07/2004,PHX,AZ,AWP,WE,Towers with Radar,1042,394,88,6,1530,0,17,42,2,61,1042,411,130,8,1591,39,0,39,1630
12/08/2004,PHX,AZ,AWP,WE,Towers with Radar,1037,390,72,6,1505,1,20,35,1,57,1038,410,107,7,1562,18,0,18,1580
12/09/2004,PHX,AZ,AWP,WE,Towers with Radar,1035,354,71,4,1464,0,41,53,2,96,1035,395,124,6,1560,24,0,24,1584
12/10/2004,PHX,AZ,AWP,WE,Towers with Radar,1013,358,48,12,1431,0,43,71,0,114,1013,401,119,12,1545,20,0,20,1565
12/11/2004,PHX,AZ,AWP,WE,Towers with Radar,865,283,44,5,1197,0,16,66,6,88,865,299,110,11,1285,32,0,32,1317
12/12/2004,PHX,AZ,AWP,WE,Towers with Radar,949,288,15,26,1278,0,3,59,2,64,949,291,74,28,1342,26,0,26,1368
12/13/2004,PHX,AZ,AWP,WE,Towers with Radar,998,334,56,7,1395,0,49,48,8,105,998,383,104,15,1500,44,2,46,1546
12/14/2004,PHX,AZ,AWP,WE,Towers with Radar,1035,378,56,10,1479,0,44,59,7,110,1035,422,115,17,1589,54,1,55,1644
12/15/2004,PHX,AZ,AWP,WE,Towers with Radar,1058,357,57,5,1477,0,40,52,1,93,1058,397,109,6,1570,37,0,37,1607
12/16/2004,PHX,AZ,AWP,WE,Towers with Radar,1051,367,52,22,1492,0,38,66,5,109,1051,405,118,27,1601,25,0,25,1626
12/17/2004,PHX,AZ,AWP,WE,Towers with Radar,1064,378,71,3,1516,0,39,54,6,99,1064,417,125,9,1615,47,0,47,1662
12/18/2004,PHX,AZ,AWP,WE,Towers with Radar,894,274,25,2,1195,0,13,50,2,65,894,287,75,4,1260,32,0,32,1292
12/19/2004,PHX,AZ,AWP,WE,Towers with Radar,978,296,26,1,1301,0,4,50,7,61,978,300,76,8,1362,42,0,42,1404
12/20/2004,PHX,AZ,AWP,WE,Towers with Radar,1012,340,46,3,1401,0,55,74,3,132,1012,395,120,6,1533,35,0,35,1568
12/21/2004,PHX,AZ,AWP,WE,Towers with Radar,1072,362,57,3,1494,0,51,56,2,109,1072,413,113,5,1603,31,0,31,1634
12/22/2004,PHX,AZ,AWP,WE,Towers with Radar,1048,367,71,7,1493,2,50,50,5,107,1050,417,121,12,1600,39,0,39,1639
12/23/2004,PHX,AZ,AWP,WE,Towers with Radar,1033,349,32,7,1421,0,51,40,4,95,1033,400,72,11,1516,55,0,55,1571
12/24/2004,PHX,AZ,AWP,WE,Towers with Radar,1021,336,33,0,1390,0,77,46,2,125,1021,413,79,2,1515,23,0,23,1538
12/25/2004,PHX,AZ,AWP,WE,Towers with Radar,922,278,18,0,1218,0,2,31,3,36,922,280,49,3,1254,36,0,36,1290
12/26/2004,PHX,AZ,AWP,WE,Towers with Radar,1010,299,38,0,1347,0,2,54,2,58,1010,301,92,2,1405,22,0,22,1427
12/27/2004,PHX,AZ,AWP,WE,Towers with Radar,1042,357,42,5,1446,0,31,47,4,82,1042,388,89,9,1528,41,0,41,1569
12/28/2004,PHX,AZ,AWP,WE,Towers with Radar,1001,379,61,6,1447,0,19,38,6,63,1001,398,99,12,1510,41,0,41,1551
12/29/2004,PHX,AZ,AWP,WE,Towers with Radar,1050,380,60,6,1496,0,4,3,1,8,1050,384,63,7,1504,15,0,15,1519
12/30/2004,PHX,AZ,AWP,WE,Towers with Radar,1056,375,63,3,1497,1,16,27,3,47,1057,391,90,6,1544,12,0,12,1556
12/31/2004,PHX,AZ,AWP,WE,Towers with Radar,995,362,43,2,1402,1,28,45,7,81,996,390,88,9,1483,16,0,16,1499
01/01/2005,PHX,AZ,AWP,WE,Towers with Radar,936,288,38,1,1263,0,3,42,4,49,936,291,80,5,1312,32,0,32,1344
01/02/2005,PHX,AZ,AWP,WE,Towers with Radar,1025,310,74,5,1414,0,3,18,1,22,1025,313,92,6,1436,36,0,36,1472
01/03/2005,PHX,AZ,AWP,WE,Towers with Radar,1004,369,60,1,1434,0,1,7,0,8,1004,370,67,1,1442,33,0,33,1475
01/04/2005,PHX,AZ,AWP,WE,Towers with Radar,1020,342,55,6,1423,0,3,8,1,12,1020,345,63,7,1435,39,0,39,1474
01/05/2005,PHX,AZ,AWP,WE,Towers with Radar,1002,362,55,7,1426,0,29,40,3,72,1002,391,95,10,1498,42,2,44,1542
01/06/2005,PHX,AZ,AWP,WE,Towers with Radar,1021,358,42,4,1425,0,39,71,2,112,1021,397,113,6,1537,28,0,28,1565
01/07/2005,PHX,AZ,AWP,WE,Towers with Radar,1015,360,44,9,1428,0,30,38,1,69,1015,390,82,10,1497,14,7,21,1518
01/08/2005,PHX,AZ,AWP,WE,Towers with Radar,866,280,41,4,1191,0,9,29,1,39,866,289,70,5,1230,26,0,26,1256
01/09/2005,PHX,AZ,AWP,WE,Towers with Radar,978,287,46,5,1316,0,3,20,3,26,978,290,66,8,1342,37,0,37,1379
01/10/2005,PHX,AZ,AWP,WE,Towers with Radar,1007,341,86,3,1437,0,28,29,3,60,1007,369,115,6,1497,46,0,46,1543
01/11/2005,PHX,AZ,AWP,WE,Towers with Radar,1014,381,91,8,1494,0,18,30,3,51,1014,399,121,11,1545,36,0,36,1581
01/12/2005,PHX,AZ,AWP,WE,Towers with Radar,1008,366,70,9,1453,0,42,65,4,111,1008,408,135,13,1564,56,0,56,1620
01/13/2005,PHX,AZ,AWP,WE,Towers with Radar,1022,356,54,4,1436,0,51,76,3,130,1022,407,130,7,1566,17,0,17,1583
01/14/2005,PHX,AZ,AWP,WE,Towers with Radar,1014,349,44,8,1415,0,43,72,2,117,1014,392,116,10,1532,32,0,32,1564
01/15/2005,PHX,AZ,AWP,WE,Towers with Radar,854,293,22,1,1170,0,13,73,2,88,854,306,95,3,1258,46,0,46,1304
01/16/2005,PHX,AZ,AWP,WE,Towers with Radar,943,275,27,5,1250,0,2,66,9,77,943,277,93,14,1327,31,0,31,1358
01/17/2005,PHX,AZ,AWP,WE,Towers with Radar,1002,340,38,7,1387,1,22,50,0,73,1003,362,88,7,1460,54,0,54,1514
01/18/2005,PHX,AZ,AWP,WE,Towers with Radar,1019,345,54,4,1422,1,44,80,9,134,1020,389,134,13,1556,24,0,24,1580
01/19/2005,PHX,AZ,AWP,WE,Towers with Radar,1014,358,57,4,1433,0,38,65,0,103,1014,396,122,4,1536,46,0,46,1582
01/20/2005,PHX,AZ,AWP,WE,Towers with Radar,1006,344,70,3,1423,0,48,66,3,117,1006,392,136,6,1540,45,0,45,1585
01/21/2005,PHX,AZ,AWP,WE,Towers with Radar,1019,343,66,8,1436,0,47,68,5,120,1019,390,134,13,1556,33,0,33,1589
01/22/2005,PHX,AZ,AWP,WE,Towers with Radar,797,287,21,7,1112,0,13,75,5,93,797,300,96,12,1205,29,0,29,1234
01/23/2005,PHX,AZ,AWP,WE,Towers with Radar,925,294,38,2,1259,0,2,52,3,57,925,296,90,5,1316,34,0,34,1350
01/24/2005,PHX,AZ,AWP,WE,Towers with Radar,991,344,57,9,1401,0,36,62,5,103,991,380,119,14,1504,45,0,45,1549
01/25/2005,PHX,AZ,AWP,WE,Towers with Radar,1026,369,60,4,1459,0,39,60,1,100,1026,408,120,5,1559,51,0,51,1610
01/26/2005,PHX,AZ,AWP,WE,Towers with Radar,997,377,86,2,1462,0,7,10,1,18,997,384,96,3,1480,24,0,24,1504
01/27/2005,PHX,AZ,AWP,WE,Towers with Radar,1125,269,95,10,1499,0,13,22,4,39,1125,282,117,14,1538,39,0,39,1577
01/28/2005,PHX,AZ,AWP,WE,Towers with Radar,1120,278,73,18,1489,0,27,74,8,109,1120,305,147,26,1598,32,0,32,1630
01/29/2005,PHX,AZ,AWP,WE,Towers with Radar,963,199,47,9,1218,0,8,12,2,22,963,207,59,11,1240,26,0,26,1266
01/30/2005,PHX,AZ,AWP,WE,Towers with Radar,1052,205,51,4,1312,0,2,39,1,42,1052,207,90,5,1354,24,0,24,1378
01/31/2005,PHX,AZ,AWP,WE,Towers with Radar,1102,249,47,9,1407,0,41,41,1,83,1102,290,88,10,1490,46,0,46,1536
02/01/2005,PHX,AZ,AWP,WE,Towers with Radar,1120,267,64,8,1459,0,36,73,5,114,1120,303,137,13,1573,24,0,24,1597
02/02/2005,PHX,AZ,AWP,WE,Towers with Radar,1112,261,62,5,1440,0,48,73,5,126,1112,309,135,10,1566,55,0,55,1621
02/03/2005,PHX,AZ,AWP,WE,Towers with Radar,1118,269,59,8,1454,1,46,69,1,117,1119,315,128,9,1571,34,0,34,1605
02/04/2005,PHX,AZ,AWP,WE,Towers with Radar,1140,257,62,13,1472,0,39,58,3,100,1140,296,120,16,1572,30,0,30,1602
02/05/2005,PHX,AZ,AWP,WE,Towers with Radar,991,198,42,6,1237,0,13,61,10,84,991,211,103,16,1321,25,0,25,1346
02/06/2005,PHX,AZ,AWP,WE,Towers with Radar,1057,203,44,3,1307,0,1,30,1,32,1057,204,74,4,1339,25,0,25,1364
02/07/2005,PHX,AZ,AWP,WE,Towers with Radar,1107,254,82,5,1448,0,16,34,0,50,1107,270,116,5,1498,44,0,44,1542
02/08/2005,PHX,AZ,AWP,WE,Towers with Radar,1125,253,71,11,1460,0,37,55,8,100,1125,290,126,19,1560,44,0,44,1604
02/09/2005,PHX,AZ,AWP,WE,Towers with Radar,1119,250,63,12,1444,0,49,55,8,112,1119,299,118,20,1556,60,0,60,1616
02/10/2005,PHX,AZ,AWP,WE,Towers with Radar,1121,262,89,6,1478,0,26,37,0,63,1121,288,126,6,1541,39,0,39,1580
02/11/2005,PHX,AZ,AWP,WE,Towers with Radar,1098,290,97,1,1486,0,26,37,0,63,1098,316,134,1,1549,37,0,37,1586
02/12/2005,PHX,AZ,AWP,WE,Towers with Radar,1017,199,79,1,1296,0,2,2,0,4,1017,201,81,1,1300,18,0,18,1318
02/13/2005,PHX,AZ,AWP,WE,Towers with Radar,1062,195,79,5,1341,0,4,43,4,51,1062,199,122,9,1392,23,0,23,1415
02/14/2005,PHX,AZ,AWP,WE,Towers with Radar,1113,231,63,6,1413,0,37,66,2,105,1113,268,129,8,1518,40,0,40,1558
02/15/2005,PHX,AZ,AWP,WE,Towers with Radar,1130,268,68,8,1474,0,30,47,6,83,1130,298,115,14,1557,54,0,54,1611
02/16/2005,PHX,AZ,AWP,WE,Towers with Radar,1138,256,83,8,1485,0,37,59,0,96,1138,293,142,8,1581,46,0,46,1627
02/17/2005,PHX,AZ,AWP,WE,Towers with Radar,1136,265,89,2,1492,0,32,47,2,81,1136,297,136,4,1573,25,0,25,1598
02/18/2005,PHX,AZ,AWP,WE,Towers with Radar,1129,281,115,8,1533,0,4,26,0,30,1129,285,141,8,1563,43,0,43,1606
02/19/2005,PHX,AZ,AWP,WE,Towers with Radar,1020,195,59,3,1277,0,1,4,0,5,1020,196,63,3,1282,7,0,7,1289
02/20/2005,PHX,AZ,AWP,WE,Towers with Radar,1072,182,68,1,1323,0,3,21,2,26,1072,185,89,3,1349,10,0,10,1359
02/21/2005,PHX,AZ,AWP,WE,Towers with Radar,1120,226,72,2,1420,0,15,32,6,53,1120,241,104,8,1473,41,0,41,1514
02/22/2005,PHX,AZ,AWP,WE,Towers with Radar,1140,267,102,7,1516,0,15,35,0,50,1140,282,137,7,1566,41,0,41,1607
02/23/2005,PHX,AZ,AWP,WE,Towers with Radar,1134,282,90,5,1511,0,16,41,4,61,1134,298,131,9,1572,50,0,50,1622
02/24/2005,PHX,AZ,AWP,WE,Towers with Radar,1144,269,107,6,1526,0,26,37,0,63,1144,295,144,6,1589,32,0,32,1621
02/25/2005,PHX,AZ,AWP,WE,Towers with Radar,1185,258,98,11,1552,0,29,51,1,81,1185,287,149,12,1633,22,0,22,1655
02/26/2005,PHX,AZ,AWP,WE,Towers with Radar,1017,183,39,7,1246,0,13,40,2,55,1017,196,79,9,1301,29,0,29,1330
02/27/2005,PHX,AZ,AWP,WE,Towers with Radar,1065,185,69,4,1323,0,1,44,0,45,1065,186,113,4,1368,35,0,35,1403
02/28/2005,PHX,AZ,AWP,WE,Towers with Radar,1124,220,56,6,1406,0,36,62,4,102,1124,256,118,10,1508,44,0,44,1552
03/01/2005,PHX,AZ,AWP,WE,Towers with Radar,1130,244,84,7,1465,0,33,68,4,105,1130,277,152,11,1570,44,0,44,1614
03/02/2005,PHX,AZ,AWP,WE,Towers with Radar,1126,261,97,6,1490,0,36,78,1,115,1126,297,175,7,1605,50,0,50,1655
03/03/2005,PHX,AZ,AWP,WE,Towers with Radar,1134,276,101,3,1514,0,33,60,1,94,1134,309,161,4,1608,42,0,42,1650
03/04/2005,PHX,AZ,AWP,WE,Towers with Radar,1140,274,74,8,1496,0,28,84,3,115,1140,302,158,11,1611,57,0,57,1668
03/05/2005,PHX,AZ,AWP,WE,Towers with Radar,1011,213,62,5,1291,0,0,14,0,14,1011,213,76,5,1305,28,0,28,1333
03/06/2005,PHX,AZ,AWP,WE,Towers with Radar,1062,209,40,5,1316,0,3,15,2,20,1062,212,55,7,1336,14,0,14,1350
03/07/2005,PHX,AZ,AWP,WE,Towers with Radar,1120,236,55,7,1418,0,29,75,2,106,1120,265,130,9,1524,31,1,32,1556
03/08/2005,PHX,AZ,AWP,WE,Towers with Radar,1133,263,52,13,1461,0,30,71,4,105,1133,293,123,17,1566,26,1,27,1593
03/09/2005,PHX,AZ,AWP,WE,Towers with Radar,1137,263,89,9,1498,0,37,75,1,113,1137,300,164,10,1611,41,8,49,1660
03/10/2005,PHX,AZ,AWP,WE,Towers with Radar,1125,266,71,3,1465,0,48,77,2,127,1125,314,148,5,1592,52,0,52,1644
03/11/2005,PHX,AZ,AWP,WE,Towers with Radar,1156,260,45,12,1473,0,44,79,4,127,1156,304,124,16,1600,31,0,31,1631
03/12/2005,PHX,AZ,AWP,WE,Towers with Radar,1014,216,35,3,1268,0,10,60,6,76,1014,226,95,9,1344,44,0,44,1388
03/13/2005,PHX,AZ,AWP,WE,Towers with Radar,1074,205,66,4,1349,0,7,51,4,62,1074,212,117,8,1411,26,0,26,1437
03/14/2005,PHX,AZ,AWP,WE,Towers with Radar,1123,255,99,8,1485,0,30,63,3,96,1123,285,162,11,1581,38,0,38,1619
03/15/2005,PHX,AZ,AWP,WE,Towers with Radar,1146,277,76,7,1506,0,37,88,0,125,1146,314,164,7,1631,37,0,37,1668
03/16/2005,PHX,AZ,AWP,WE,Towers with Radar,1137,271,80,11,1499,0,37,72,4,113,1137,308,152,15,1612,36,0,36,1648
03/17/2005,PHX,AZ,AWP,WE,Towers with Radar,1140,268,87,14,1509,0,31,76,6,113,1140,299,163,20,1622,55,0,55,1677
03/18/2005,PHX,AZ,AWP,WE,Towers with Radar,1129,273,114,7,1523,0,30,52,1,83,1129,303,166,8,1606,15,0,15,1621
03/19/2005,PHX,AZ,AWP,WE,Towers with Radar,1022,213,75,3,1313,0,2,10,3,15,1022,215,85,6,1328,34,0,34,1362
03/20/2005,PHX,AZ,AWP,WE,Towers with Radar,1081,220,73,5,1379,0,2,17,3,22,1081,222,90,8,1401,53,0,53,1454
03/21/2005,PHX,AZ,AWP,WE,Towers with Radar,1128,254,68,3,1453,0,40,64,4,108,1128,294,132,7,1561,39,0,39,1600
03/22/2005,PHX,AZ,AWP,WE,Towers with Radar,1147,267,74,6,1494,0,40,58,9,107,1147,307,132,15,1601,48,0,48,1649
03/23/2005,PHX,AZ,AWP,WE,Towers with Radar,1138,284,94,2,1518,0,46,52,7,105,1138,330,146,9,1623,50,0,50,1673
03/24/2005,PHX,AZ,AWP,WE,Towers with Radar,1145,295,103,5,1548,0,34,41,4,79,1145,329,144,9,1627,20,0,20,1647
03/25/2005,PHX,AZ,AWP,WE,Towers with Radar,1137,279,91,6,1513,0,24,38,0,62,1137,303,129,6,1575,22,0,22,1597
03/26/2005,PHX,AZ,AWP,WE,Towers with Radar,1026,213,22,1,1262,0,8,67,1,76,1026,221,89,2,1338,27,0,27,1365
03/27/2005,PHX,AZ,AWP,WE,Towers with Radar,1079,205,35,1,1320,0,0,40,1,41,1079,205,75,2,1361,30,0,30,1391
03/28/2005,PHX,AZ,AWP,WE,Towers with Radar,1120,255,95,6,1476,0,25,57,6,88,1120,280,152,12,1564,48,0,48,1612
03/29/2005,PHX,AZ,AWP,WE,Towers with Radar,1155,266,73,3,1497,0,33,61,3,97,1155,299,134,6,1594,37,0,37,1631
03/30/2005,PHX,AZ,AWP,WE,Towers with Radar,1140,262,81,7,1490,0,42,53,3,98,1140,304,134,10,1588,37,0,37,1625
03/31/2005,PHX,AZ,AWP,WE,Towers with Radar,1164,283,70,4,1521,1,41,82,1,125,1165,324,152,5,1646,22,0,22,1668
04/01/2005,PHX,AZ,AWP,WE,Towers with Radar,1155,254,70,9,1488,1,38,56,3,98,1156,292,126,12,1586,28,0,28,1614
04/02/2005,PHX,AZ,AWP,WE,Towers with Radar,1026,205,49,2,1282,0,10,41,4,55,1026,215,90,6,1337,38,0,38,1375
04/03/2005,PHX,AZ,AWP,WE,Towers with Radar,1120,202,47,3,1372,0,3,53,7,63,1120,205,100,10,1435,38,0,38,1473
04/04/2005,PHX,AZ,AWP,WE,Towers with Radar,1152,253,48,5,1458,1,39,51,1,92,1153,292,99,6,1550,47,0,47,1597
04/05/2005,PHX,AZ,AWP,WE,Towers with Radar,1178,254,60,10,1502,0,36,71,9,116,1178,290,131,19,1618,54,0,54,1672
04/06/2005,PHX,AZ,AWP,WE,Towers with Radar,1169,262,64,6,1501,0,50,56,7,113,1169,312,120,13,1614,44,0,44,1658
04/07/2005,PHX,AZ,AWP,WE,Towers with Radar,1168,259,73,9,1509,0,43,63,1,107,1168,302,136,10,1616,34,0,34,1650
04/08/2005,PHX,AZ,AWP,WE,Towers with Radar,1165,260,63,7,1495,0,40,72,2,114,1165,300,135,9,1609,40,0,40,1649
04/09/2005,PHX,AZ,AWP,WE,Towers with Radar,1018,209,34,1,1262,0,8,36,2,46,1018,217,70,3,1308,33,0,33,1341
04/10/2005,PHX,AZ,AWP,WE,Towers with Radar,1058,197,52,2,1309,0,5,34,2,41,1058,202,86,4,1350,39,0,39,1389
04/11/2005,PHX,AZ,AWP,WE,Towers with Radar,1125,244,52,7,1428,0,41,62,3,106,1125,285,114,10,1534,40,0,40,1574
04/12/2005,PHX,AZ,AWP,WE,Towers with Radar,1149,267,56,9,1481,0,45,84,5,134,1149,312,140,14,1615,28,0,28,1643
04/13/2005,PHX,AZ,AWP,WE,Towers with Radar,1149,241,77,9,1476,0,48,72,3,123,1149,289,149,12,1599,33,0,33,1632
04/14/2005,PHX,AZ,AWP,WE,Towers with Radar,1162,258,70,2,1492,0,49,79,3,131,1162,307,149,5,1623,44,0,44,1667
04/15/2005,PHX,AZ,AWP,WE,Towers with Radar,1161,270,79,7,1517,0,46,89,2,137,1161,316,168,9,1654,43,0,43,1697
04/16/2005,PHX,AZ,AWP,WE,Towers with Radar,1022,211,43,3,1279,0,7,55,2,64,1022,218,98,5,1343,35,0,35,1378
04/17/2005,PHX,AZ,AWP,WE,Towers with Radar,1098,198,31,2,1329,0,4,65,3,72,1098,202,96,5,1401,30,5,35,1436
04/18/2005,PHX,AZ,AWP,WE,Towers with Radar,1140,247,66,4,1457,0,36,86,1,123,1140,283,152,5,1580,31,0,31,1611
04/19/2005,PHX,AZ,AWP,WE,Towers with Radar,1169,264,68,9,1510,0,39,81,2,122,1169,303,149,11,1632,19,0,19,1651
04/20/2005,PHX,AZ,AWP,WE,Towers with Radar,1166,254,51,5,1476,2,47,62,5,116,1168,301,113,10,1592,26,0,26,1618
04/21/2005,PHX,AZ,AWP,WE,Towers with Radar,1158,273,67,3,1501,0,45,75,2,122,1158,318,142,5,1623,34,0,34,1657
04/22/2005,PHX,AZ,AWP,WE,Towers with Radar,1162,282,58,5,1507,0,38,85,2,125,1162,320,143,7,1632,45,7,52,1684
04/23/2005,PHX,AZ,AWP,WE,Towers with Radar,1024,204,46,3,1277,0,13,37,3,53,1024,217,83,6,1330,61,0,61,1391
04/24/2005,PHX,AZ,AWP,WE,Towers with Radar,1103,215,79,0,1397,0,1,37,1,39,1103,216,116,1,1436,28,0,28,1464
04/25/2005,PHX,AZ,AWP,WE,Towers with Radar,1146,264,52,6,1468,0,33,68,3,104,1146,297,120,9,1572,46,0,46,1618
04/26/2005,PHX,AZ,AWP,WE,Towers with Radar,1165,277,76,9,1527,0,46,81,4,131,1165,323,157,13,1658,40,0,40,1698
04/27/2005,PHX,AZ,AWP,WE,Towers with Radar,1158,277,78,9,1522,0,40,73,3,116,1158,317,151,12,1638,50,0,50,1688
04/28/2005,PHX,AZ,AWP,WE,Towers with Radar,1172,273,80,7,1532,1,38,34,3,76,1173,311,114,10,1608,32,3,35,1643
04/29/2005,PHX,AZ,AWP,WE,Towers with Radar,1165,268,58,4,1495,0,39,59,5,103,1165,307,117,9,1598,20,0,20,1618
04/30/2005,PHX,AZ,AWP,WE,Towers with Radar,1019,192,26,1,1238,1,27,47,2,77,1020,219,73,3,1315,43,0,43,1358
05/01/2005,PHX,AZ,AWP,WE,Towers with Radar,1107,208,53,4,1372,0,4,54,3,61,1107,212,107,7,1433,38,0,38,1471
05/02/2005,PHX,AZ,AWP,WE,Towers with Radar,1141,243,51,0,1435,0,42,70,0,112,1141,285,121,0,1547,49,0,49,1596
05/03/2005,PHX,AZ,AWP,WE,Towers with Radar,1152,266,81,4,1503,0,37,70,2,109,1152,303,151,6,1612,58,0,58,1670
05/04/2005,PHX,AZ,AWP,WE,Towers with Radar,1158,268,63,9,1498,0,36,60,8,104,1158,304,123,17,1602,52,0,52,1654
05/05/2005,PHX,AZ,AWP,WE,Towers with Radar,1169,256,52,2,1479,0,39,64,9,112,1169,295,116,11,1591,26,0,26,1617
05/06/2005,PHX,AZ,AWP,WE,Towers with Radar,1161,272,56,8,1497,0,32,68,7,107,1161,304,124,15,1604,38,0,38,1642
05/07/2005,PHX,AZ,AWP,WE,Towers with Radar,1026,209,28,0,1263,0,10,36,3,49,1026,219,64,3,1312,42,0,42,1354
05/08/2005,PHX,AZ,AWP,WE,Towers with Radar,1108,211,37,1,1357,0,2,55,1,58,1108,213,92,2,1415,50,0,50,1465
05/09/2005,PHX,AZ,AWP,WE,Towers with Radar,1137,261,70,5,1473,0,32,72,2,106,1137,293,142,7,1579,66,0,66,1645
05/10/2005,PHX,AZ,AWP,WE,Towers with Radar,1156,273,73,3,1505,0,38,58,0,96,1156,311,131,3,1601,55,0,55,1656
05/11/2005,PHX,AZ,AWP,WE,Towers with Radar,1153,277,73,8,1511,0,37,76,1,114,1153,314,149,9,1625,50,0,50,1675
05/12/2005,PHX,AZ,AWP,WE,Towers with Radar,1178,267,80,5,1530,0,43,60,5,108,1178,310,140,10,1638,21,0,21,1659
05/13/2005,PHX,AZ,AWP,WE,Towers with Radar,1153,280,66,8,1507,0,35,67,1,103,1153,315,133,9,1610,33,0,33,1643
05/14/2005,PHX,AZ,AWP,WE,Towers with Radar,1011,201,36,2,1250,0,11,60,0,71,1011,212,96,2,1321,36,0,36,1357
05/15/2005,PHX,AZ,AWP,WE,Towers with Radar,1091,205,46,2,1344,0,1,63,6,70,1091,206,109,8,1414,50,0,50,1464
05/16/2005,PHX,AZ,AWP,WE,Towers with Radar,1131,264,50,9,1454,0,34,56,1,91,1131,298,106,10,1545,44,0,44,1589
05/17/2005,PHX,AZ,AWP,WE,Towers with Radar,1170,264,60,5,1499,0,38,68,1,107,1170,302,128,6,1606,47,0,47,1653
05/18/2005,PHX,AZ,AWP,WE,Towers with Radar,1160,271,79,6,1516,1,41,66,0,108,1161,312,145,6,1624,30,0,30,1654
05/19/2005,PHX,AZ,AWP,WE,Towers with Radar,1171,276,67,5,1519,0,39,71,0,110,1171,315,138,5,1629,39,0,39,1668
05/20/2005,PHX,AZ,AWP,WE,Towers with Radar,1163,273,43,3,1482,0,37,73,1,111,1163,310,116,4,1593,41,0,41,1634
05/21/2005,PHX,AZ,AWP,WE,Towers with Radar,1026,200,23,2,1251,0,8,63,5,76,1026,208,86,7,1327,50,0,50,1377
05/22/2005,PHX,AZ,AWP,WE,Towers with Radar,1102,225,50,0,1377,0,2,51,1,54,1102,227,101,1,1431,30,0,30,1461
05/23/2005,PHX,AZ,AWP,WE,Towers with Radar,1133,244,43,4,1424,0,39,61,5,105,1133,283,104,9,1529,50,0,50,1579
05/24/2005,PHX,AZ,AWP,WE,Towers with Radar,1155,274,83,11,1523,0,41,102,3,146,1155,315,185,14,1669,57,0,57,1726
05/25/2005,PHX,AZ,AWP,WE,Towers with Radar,1163,260,80,3,1506,0,49,59,1,109,1163,309,139,4,1615,60,0,60,1675
05/26/2005,PHX,AZ,AWP,WE,Towers with Radar,1180,264,65,7,1516,2,37,74,0,113,1182,301,139,7,1629,63,0,63,1692
05/27/2005,PHX,AZ,AWP,WE,Towers with Radar,1180,273,40,0,1493,0,29,60,2,91,1180,302,100,2,1584,37,0,37,1621
05/28/2005,PHX,AZ,AWP,WE,Towers with Radar,1034,197,29,0,1260,0,13,47,2,62,1034,210,76,2,1322,40,0,40,1362
05/29/2005,PHX,AZ,AWP,WE,Towers with Radar,1031,177,16,0,1224,0,0,45,0,45,1031,177,61,0,1269,45,0,45,1314
05/30/2005,PHX,AZ,AWP,WE,Towers with Radar,1070,214,44,2,1330,0,6,52,3,61,1070,220,96,5,1391,54,0,54,1445
05/31/2005,PHX,AZ,AWP,WE,Towers with Radar,1155,232,55,4,1446,0,32,66,0,98,1155,264,121,4,1544,22,0,22,1566
06/01/2005,PHX,AZ,AWP,WE,Towers with Radar,1172,253,52,6,1483,0,40,59,2,101,1172,293,111,8,1584,60,0,60,1644
06/02/2005,PHX,AZ,AWP,WE,Towers with Radar,1172,252,68,4,1496,0,40,59,2,101,1172,292,127,6,1597,27,0,27,1624
06/03/2005,PHX,AZ,AWP,WE,Towers with Radar,1156,251,47,4,1458,0,40,63,2,105,1156,291,110,6,1563,40,0,40,1603
06/04/2005,PHX,AZ,AWP,WE,Towers with Radar,1041,187,32,6,1266,0,8,38,1,47,1041,195,70,7,1313,39,0,39,1352
06/05/2005,PHX,AZ,AWP,WE,Towers with Radar,1114,197,27,3,1341,0,12,40,3,55,1114,209,67,6,1396,40,0,40,1436
06/06/2005,PHX,AZ,AWP,WE,Towers with Radar,1154,240,45,3,1442,1,36,64,6,107,1155,276,109,9,1549,38,0,38,1587
06/07/2005,PHX,AZ,AWP,WE,Towers with Radar,1179,252,55,8,1494,2,38,77,3,120,1181,290,132,11,1614,35,0,35,1649
06/08/2005,PHX,AZ,AWP,WE,Towers with Radar,1171,249,69,8,1497,0,39,59,4,102,1171,288,128,12,1599,50,0,50,1649
06/09/2005,PHX,AZ,AWP,WE,Towers with Radar,1183,259,76,11,1529,0,36,65,4,105,1183,295,141,15,1634,40,0,40,1674
06/10/2005,PHX,AZ,AWP,WE,Towers with Radar,1174,240,58,6,1478,0,43,75,1,119,1174,283,133,7,1597,40,0,40,1637
06/11/2005,PHX,AZ,AWP,WE,Towers with Radar,1071,187,19,2,1279,0,12,42,4,58,1071,199,61,6,1337,33,0,33,1370
06/12/2005,PHX,AZ,AWP,WE,Towers with Radar,1107,193,33,3,1336,0,2,39,1,42,1107,195,72,4,1378,30,0,30,1408
06/13/2005,PHX,AZ,AWP,WE,Towers with Radar,1151,220,38,5,1414,0,32,70,0,102,1151,252,108,5,1516,34,0,34,1550
06/14/2005,PHX,AZ,AWP,WE,Towers with Radar,1173,252,51,6,1482,0,35,80,1,116,1173,287,131,7,1598,42,0,42,1640
06/15/2005,PHX,AZ,AWP,WE,Towers with Radar,1176,238,69,3,1486,0,40,70,1,111,1176,278,139,4,1597,30,0,30,1627
06/16/2005,PHX,AZ,AWP,WE,Towers with Radar,1169,252,44,6,1471,0,35,75,5,115,1169,287,119,11,1586,34,0,34,1620
06/17/2005,PHX,AZ,AWP,WE,Towers with Radar,1176,260,52,1,1489,0,37,82,4,123,1176,297,134,5,1612,37,0,37,1649
06/18/2005,PHX,AZ,AWP,WE,Towers with Radar,1072,195,26,2,1295,0,12,49,3,64,1072,207,75,5,1359,37,0,37,1396
06/19/2005,PHX,AZ,AWP,WE,Towers with Radar,1094,195,46,1,1336,0,4,65,2,71,1094,199,111,3,1407,15,0,15,1422
06/20/2005,PHX,AZ,AWP,WE,Towers with Radar,1142,227,51,2,1422,0,37,61,3,101,1142,264,112,5,1523,28,1,29,1552
06/21/2005,PHX,AZ,AWP,WE,Towers with Radar,1161,245,63,2,1471,0,32,60,3,95,1161,277,123,5,1566,54,0,54,1620
06/22/2005,PHX,AZ,AWP,WE,Towers with Radar,1179,253,74,3,1509,0,32,69,4,105,1179,285,143,7,1614,30,0,30,1644
06/23/2005,PHX,AZ,AWP,WE,Towers with Radar,1183,260,76,8,1527,0,28,54,1,83,1183,288,130,9,1610,29,0,29,1639
06/24/2005,PHX,AZ,AWP,WE,Towers with Radar,1169,245,65,3,1482,0,35,56,1,92,1169,280,121,4,1574,26,0,26,1600
06/25/2005,PHX,AZ,AWP,WE,Towers with Radar,1076,190,26,3,1295,0,7,55,3,65,1076,197,81,6,1360,10,0,10,1370
06/26/2005,PHX,AZ,AWP,WE,Towers with Radar,1095,206,41,4,1346,0,5,45,4,54,1095,211,86,8,1400,20,0,20,1420
06/27/2005,PHX,AZ,AWP,WE,Towers with Radar,1145,244,54,5,1448,0,26,55,2,83,1145,270,109,7,1531,38,0,38,1569
06/28/2005,PHX,AZ,AWP,WE,Towers with Radar,1170,250,69,6,1495,0,31,79,3,113,1170,281,148,9,1608,55,0,55,1663
06/29/2005,PHX,AZ,AWP,WE,Towers with Radar,1166,250,65,2,1483,0,27,62,3,92,1166,277,127,5,1575,40,2,42,1617
06/30/2005,PHX,AZ,AWP,WE,Towers with Radar,1187,256,81,6,1530,0,31,61,2,94,1187,287,142,8,1624,34,0,34,1658
07/01/2005,PHX,AZ,AWP,WE,Towers with Radar,1163,266,80,10,1519,0,30,90,1,121,1163,296,170,11,1640,37,0,37,1677
07/02/2005,PHX,AZ,AWP,WE,Towers with Radar,1051,183,28,2,1264,0,10,56,2,68,1051,193,84,4,1332,34,0,34,1366
07/03/2005,PHX,AZ,AWP,WE,Towers with Radar,983,158,20,0,1161,0,1,23,4,28,983,159,43,4,1189,30,0,30,1219
07/04/2005,PHX,AZ,AWP,WE,Towers with Radar,1095,196,24,3,1318,0,4,46,3,53,1095,200,70,6,1371,42,0,42,1413
07/05/2005,PHX,AZ,AWP,WE,Towers with Radar,1150,238,53,4,1445,0,34,70,2,106,1150,272,123,6,1551,61,0,61,1612
07/06/2005,PHX,AZ,AWP,WE,Towers with Radar,1164,253,53,6,1476,0,33,58,1,92,1164,286,111,7,1568,60,0,60,1628
07/07/2005,PHX,AZ,AWP,WE,Towers with Radar,1172,238,53,1,1464,0,36,53,4,93,1172,274,106,5,1557,49,0,49,1606
07/08/2005,PHX,AZ,AWP,WE,Towers with Radar,1164,257,39,1,1461,2,34,64,3,103,1166,291,103,4,1564,41,0,41,1605
07/09/2005,PHX,AZ,AWP,WE,Towers with Radar,1074,190,35,3,1302,1,7,42,6,56,1075,197,77,9,1358,35,0,35,1393
07/10/2005,PHX,AZ,AWP,WE,Towers with Radar,1101,197,19,2,1319,0,0,59,5,64,1101,197,78,7,1383,39,0,39,1422
07/11/2005,PHX,AZ,AWP,WE,Towers with Radar,1152,225,46,4,1427,0,33,69,1,103,1152,258,115,5,1530,32,0,32,1562
07/12/2005,PHX,AZ,AWP,WE,Towers with Radar,1161,245,53,2,1461,0,34,59,4,97,1161,279,112,6,1558,37,0,37,1595
07/13/2005,PHX,AZ,AWP,WE,Towers with Radar,1160,253,66,4,1483,1,35,67,3,106,1161,288,133,7,1589,53,0,53,1642
07/14/2005,PHX,AZ,AWP,WE,Towers with Radar,1164,257,77,5,1503,0,30,56,2,88,1164,287,133,7,1591,40,0,40,1631
07/15/2005,PHX,AZ,AWP,WE,Towers with Radar,1168,250,62,6,1486,0,40,89,4,133,1168,290,151,10,1619,33,0,33,1652
07/16/2005,PHX,AZ,AWP,WE,Towers with Radar,1083,184,46,4,1317,0,8,50,1,59,1083,192,96,5,1376,40,0,40,1416
07/17/2005,PHX,AZ,AWP,WE,Towers with Radar,1103,177,41,4,1325,0,6,46,8,60,1103,183,87,12,1385,40,0,40,1425
07/18/2005,PHX,AZ,AWP,WE,Towers with Radar,1157,241,45,2,1445,0,27,54,2,83,1157,268,99,4,1528,53,0,53,1581
07/19/2005,PHX,AZ,AWP,WE,Towers with Radar,1181,246,62,5,1494,0,27,66,0,93,1181,273,128,5,1587,42,0,42,1629
07/20/2005,PHX,AZ,AWP,WE,Towers with Radar,1166,261,57,5,1489,0,27,50,1,78,1166,288,107,6,1567,30,5,35,1602
07/21/2005,PHX,AZ,AWP,WE,Towers with Radar,1182,247,58,1,1488,0,31,54,2,87,1182,278,112,3,1575,46,0,46,1621
07/22/2005,PHX,AZ,AWP,WE,Towers with Radar,1164,253,61,5,1483,0,28,48,1,77,1164,281,109,6,1560,30,0,30,1590
07/23/2005,PHX,AZ,AWP,WE,Towers with Radar,1073,179,40,2,1294,0,8,38,1,47,1073,187,78,3,1341,36,1,37,1378
07/24/2005,PHX,AZ,AWP,WE,Towers with Radar,1096,188,27,0,1311,0,4,35,3,42,1096,192,62,3,1353,35,0,35,1388
07/25/2005,PHX,AZ,AWP,WE,Towers with Radar,1145,222,40,2,1409,0,31,43,2,76,1145,253,83,4,1485,52,0,52,1537
07/26/2005,PHX,AZ,AWP,WE,Towers with Radar,1166,253,51,2,1472,0,43,46,4,93,1166,296,97,6,1565,38,0,38,1603
07/27/2005,PHX,AZ,AWP,WE,Towers with Radar,1180,260,58,9,1507,0,31,62,4,97,1180,291,120,13,1604,60,0,60,1664
07/28/2005,PHX,AZ,AWP,WE,Towers with Radar,1191,251,48,4,1494,0,27,69,4,100,1191,278,117,8,1594,29,0,29,1623
07/29/2005,PHX,AZ,AWP,WE,Towers with Radar,1173,252,45,4,1474,0,28,79,1,108,1173,280,124,5,1582,26,0,26,1608
07/30/2005,PHX,AZ,AWP,WE,Towers with Radar,1063,188,31,3,1285,0,6,35,2,43,1063,194,66,5,1328,44,0,44,1372
07/31/2005,PHX,AZ,AWP,WE,Towers with Radar,1107,181,29,0,1317,0,0,38,0,38,1107,181,67,0,1355,34,0,34,1389
08/01/2005,PHX,AZ,AWP,WE,Towers with Radar,1148,229,40,5,1422,0,33,59,2,94,1148,262,99,7,1516,29,0,29,1545
08/02/2005,PHX,AZ,AWP,WE,Towers with Radar,1113,251,54,5,1423,0,29,56,11,96,1113,280,110,16,1519,44,0,44,1563
08/03/2005,PHX,AZ,AWP,WE,Towers with Radar,1209,266,65,7,1547,0,24,36,4,64,1209,290,101,11,1611,50,0,50,1661
08/04/2005,PHX,AZ,AWP,WE,Towers with Radar,1186,245,48,5,1484,0,34,74,1,109,1186,279,122,6,1593,29,0,29,1622
08/05/2005,PHX,AZ,AWP,WE,Towers with Radar,1177,245,55,6,1483,0,28,68,1,97,1177,273,123,7,1580,38,0,38,1618
08/06/2005,PHX,AZ,AWP,WE,Towers with Radar,1097,180,36,0,1313,0,5,35,3,43,1097,185,71,3,1356,45,0,45,1401
08/07/2005,PHX,AZ,AWP,WE,Towers with Radar,1095,181,37,2,1315,0,3,39,2,44,1095,184,76,4,1359,30,0,30,1389
08/08/2005,PHX,AZ,AWP,WE,Towers with Radar,1159,229,62,4,1454,0,27,53,4,84,1159,256,115,8,1538,47,0,47,1585
08/09/2005,PHX,AZ,AWP,WE,Towers with Radar,1163,244,45,3,1455,0,20,53,3,76,1163,264,98,6,1531,47,0,47,1578
08/10/2005,PHX,AZ,AWP,WE,Towers with Radar,1179,249,76,6,1510,0,20,39,3,62,1179,269,115,9,1572,50,0,50,1622
08/11/2005,PHX,AZ,AWP,WE,Towers with Radar,1185,241,51,7,1484,0,35,56,3,94,1185,276,107,10,1578,46,0,46,1624
08/12/2005,PHX,AZ,AWP,WE,Towers with Radar,1177,248,49,7,1481,0,38,59,4,101,1177,286,108,11,1582,28,1,29,1611
08/13/2005,PHX,AZ,AWP,WE,Towers with Radar,1085,186,18,1,1290,0,11,51,0,62,1085,197,69,1,1352,46,0,46,1398
08/14/2005,PHX,AZ,AWP,WE,Towers with Radar,1101,179,32,1,1313,0,5,29,4,38,1101,184,61,5,1351,30,0,30,1381
08/15/2005,PHX,AZ,AWP,WE,Towers with Radar,1159,221,48,7,1435,0,33,56,8,97,1159,254,104,15,1532,28,0,28,1560
08/16/2005,PHX,AZ,AWP,WE,Towers with Radar,1165,233,53,4,1455,0,44,63,6,113,1165,277,116,10,1568,35,0,35,1603
08/17/2005,PHX,AZ,AWP,WE,Towers with Radar,1181,237,66,5,1489,0,42,59,2,103,1181,279,125,7,1592,50,0,50,1642
08/18/2005,PHX,AZ,AWP,WE,Towers with Radar,1176,238,53,5,1472,0,40,55,2,97,1176,278,108,7,1569,18,1,19,1588
08/19/2005,PHX,AZ,AWP,WE,Towers with Radar,1169,238,59,4,1470,0,38,79,2,119,1169,276,138,6,1589,23,0,23,1612
08/20/2005,PHX,AZ,AWP,WE,Towers with Radar,1075,199,79,9,1362,0,15,58,3,76,1075,214,137,12,1438,26,0,26,1464
08/21/2005,PHX,AZ,AWP,WE,Towers with Radar,1105,190,33,2,1330,0,21,23,2,46,1105,211,56,4,1376,20,0,20,1396
08/22/2005,PHX,AZ,AWP,WE,Towers with Radar,1151,223,50,0,1424,0,38,71,3,112,1151,261,121,3,1536,22,0,22,1558
08/23/2005,PHX,AZ,AWP,WE,Towers with Radar,1167,256,61,3,1487,0,34,40,10,84,1167,290,101,13,1571,73,0,73,1644
08/24/2005,PHX,AZ,AWP,WE,Towers with Radar,1176,255,76,5,1512,0,28,76,6,110,1176,283,152,11,1622,30,0,30,1652
08/25/2005,PHX,AZ,AWP,WE,Towers with Radar,1173,256,58,6,1493,0,36,74,1,111,1173,292,132,7,1604,36,0,36,1640
08/26/2005,PHX,AZ,AWP,WE,Towers with Radar,1153,258,53,9,1473,0,42,81,6,129,1153,300,134,15,1602,27,0,27,1629
08/27/2005,PHX,AZ,AWP,WE,Towers with Radar,1065,191,28,6,1290,0,8,48,4,60,1065,199,76,10,1350,23,0,23,1373
08/28/2005,PHX,AZ,AWP,WE,Towers with Radar,1095,192,34,3,1324,0,3,44,5,52,1095,195,78,8,1376,16,0,16,1392
08/29/2005,PHX,AZ,AWP,WE,Towers with Radar,1143,232,43,2,1420,0,32,39,4,75,1143,264,82,6,1495,30,0,30,1525
08/30/2005,PHX,AZ,AWP,WE,Towers with Radar,1179,244,64,6,1493,0,44,43,11,98,1179,288,107,17,1591,57,0,57,1648
08/31/2005,PHX,AZ,AWP,WE,Towers with Radar,1163,244,61,4,1472,0,41,39,9,89,1163,285,100,13,1561,40,0,40,1601
09/01/2005,PHX,AZ,AWP,WE,Towers with Radar,1175,246,65,3,1489,1,40,61,8,110,1176,286,126,11,1599,32,0,32,1631
09/02/2005,PHX,AZ,AWP,WE,Towers with Radar,1158,251,53,3,1465,0,39,58,8,105,1158,290,111,11,1570,28,0,28,1598
09/03/2005,PHX,AZ,AWP,WE,Towers with Radar,1005,176,23,4,1208,0,9,43,3,55,1005,185,66,7,1263,48,0,48,1311
09/04/2005,PHX,AZ,AWP,WE,Towers with Radar,935,161,21,8,1125,0,2,32,3,37,935,163,53,11,1162,45,0,45,1207
09/05/2005,PHX,AZ,AWP,WE,Towers with Radar,1106,201,48,6,1361,0,6,36,4,46,1106,207,84,10,1407,38,0,38,1445
09/06/2005,PHX,AZ,AWP,WE,Towers with Radar,1150,225,34,3,1412,0,37,58,7,102,1150,262,92,10,1514,50,0,50,1564
09/07/2005,PHX,AZ,AWP,WE,Towers with Radar,1167,246,58,5,1476,0,34,50,3,87,1167,280,108,8,1563,50,0,50,1613
09/08/2005,PHX,AZ,AWP,WE,Towers with Radar,1175,240,80,4,1499,0,34,53,7,94,1175,274,133,11,1593,32,0,32,1625
09/09/2005,PHX,AZ,AWP,WE,Towers with Radar,1181,237,54,5,1477,0,43,46,3,92,1181,280,100,8,1569,28,0,28,1597
09/10/2005,PHX,AZ,AWP,WE,Towers with Radar,1048,173,25,7,1253,0,9,39,4,52,1048,182,64,11,1305,22,1,23,1328
09/11/2005,PHX,AZ,AWP,WE,Towers with Radar,1099,187,49,5,1340,0,2,48,5,55,1099,189,97,10,1395,35,0,35,1430
09/12/2005,PHX,AZ,AWP,WE,Towers with Radar,1154,206,47,11,1418,0,34,56,11,101,1154,240,103,22,1519,62,0,62,1581
09/13/2005,PHX,AZ,AWP,WE,Towers with Radar,1141,239,53,9,1442,0,36,50,13,99,1141,275,103,22,1541,50,0,50,1591
09/14/2005,PHX,AZ,AWP,WE,Towers with Radar,1160,235,65,1,1461,0,50,54,9,113,1160,285,119,10,1574,60,0,60,1634
09/15/2005,PHX,AZ,AWP,WE,Towers with Radar,1173,258,79,3,1513,0,30,52,0,82,1173,288,131,3,1595,16,0,16,1611
09/16/2005,PHX,AZ,AWP,WE,Towers with Radar,1174,239,58,7,1478,0,37,78,2,117,1174,276,136,9,1595,32,2,34,1629
09/17/2005,PHX,AZ,AWP,WE,Towers with Radar,1019,171,41,6,1237,0,12,57,3,72,1019,183,98,9,1309,35,0,35,1344
09/18/2005,PHX,AZ,AWP,WE,Towers with Radar,1104,183,38,7,1332,0,3,47,1,51,1104,186,85,8,1383,50,0,50,1433
09/19/2005,PHX,AZ,AWP,WE,Towers with Radar,1149,223,33,3,1408,0,30,62,3,95,1149,253,95,6,1503,30,0,30,1533
09/20/2005,PHX,AZ,AWP,WE,Towers with Radar,1153,251,61,3,1468,0,32,63,3,98,1153,283,124,6,1566,43,0,43,1609
09/21/2005,PHX,AZ,AWP,WE,Towers with Radar,1152,239,70,4,1465,0,42,74,2,118,1152,281,144,6,1583,40,0,40,1623
09/22/2005,PHX,AZ,AWP,WE,Towers with Radar,1174,241,76,5,1496,0,39,55,2,96,1174,280,131,7,1592,30,0,30,1622
09/23/2005,PHX,AZ,AWP,WE,Towers with Radar,1151,238,49,4,1442,0,35,75,2,112,1151,273,124,6,1554,20,1,21,1575
09/24/2005,PHX,AZ,AWP,WE,Towers with Radar,987,164,31,5,1187,0,15,68,3,86,987,179,99,8,1273,31,0,31,1304
09/25/2005,PHX,AZ,AWP,WE,Towers with Radar,1111,184,38,4,1337,0,5,46,2,53,1111,189,84,6,1390,15,0,15,1405
09/26/2005,PHX,AZ,AWP,WE,Towers with Radar,1141,214,57,4,1416,0,36,60,2,98,1141,250,117,6,1514,49,0,49,1563
09/27/2005,PHX,AZ,AWP,WE,Towers with Radar,1131,242,49,3,1425,0,33,48,3,84,1131,275,97,6,1509,42,0,42,1551
09/28/2005,PHX,AZ,AWP,WE,Towers with Radar,1157,243,69,5,1474,0,29,67,4,100,1157,272,136,9,1574,30,0,30,1604
09/29/2005,PHX,AZ,AWP,WE,Towers with Radar,1165,247,66,1,1479,1,47,71,8,127,1166,294,137,9,1606,24,0,24,1630
09/30/2005,PHX,AZ,AWP,WE,Towers with Radar,1167,242,70,1,1480,0,37,78,5,120,1167,279,148,6,1600,38,0,38,1638
10/01/2005,PHX,AZ,AWP,WE,Towers with Radar,1032,183,39,1,1255,0,9,55,4,68,1032,192,94,5,1323,35,0,35,1358
10/02/2005,PHX,AZ,AWP,WE,Towers with Radar,1120,185,42,1,1348,0,3,35,2,40,1120,188,77,3,1388,25,0,25,1413
10/03/2005,PHX,AZ,AWP,WE,Towers with Radar,1171,209,41,5,1426,0,28,42,0,70,1171,237,83,5,1496,23,0,23,1519
10/04/2005,PHX,AZ,AWP,WE,Towers with Radar,1177,235,73,6,1491,0,33,41,2,76,1177,268,114,8,1567,37,0,37,1604
10/05/2005,PHX,AZ,AWP,WE,Towers with Radar,1171,257,49,3,1480,0,35,55,3,93,1171,292,104,6,1573,50,0,50,1623
10/06/2005,PHX,AZ,AWP,WE,Towers with Radar,1182,247,64,5,1498,0,32,61,7,100,1182,279,125,12,1598,34,0,34,1632
10/07/2005,PHX,AZ,AWP,WE,Towers with Radar,1193,249,52,6,1500,0,31,55,0,86,1193,280,107,6,1586,31,0,31,1617
10/08/2005,PHX,AZ,AWP,WE,Towers with Radar,1043,180,19,3,1245,0,11,46,5,62,1043,191,65,8,1307,14,0,14,1321
10/09/2005,PHX,AZ,AWP,WE,Towers with Radar,1120,173,46,3,1342,0,1,38,1,40,1120,174,84,4,1382,40,0,40,1422
10/10/2005,PHX,AZ,AWP,WE,Towers with Radar,1155,221,72,3,1451,2,24,57,3,86,1157,245,129,6,1537,42,0,42,1579
10/11/2005,PHX,AZ,AWP,WE,Towers with Radar,1177,232,81,9,1499,0,25,76,2,103,1177,257,157,11,1602,43,0,43,1645
10/12/2005,PHX,AZ,AWP,WE,Towers with Radar,1166,243,75,6,1490,0,34,51,2,87,1166,277,126,8,1577,50,0,50,1627
10/13/2005,PHX,AZ,AWP,WE,Towers with Radar,1188,242,55,6,1491,0,35,73,1,109,1188,277,128,7,1600,35,0,35,1635
10/14/2005,PHX,AZ,AWP,WE,Towers with Radar,1172,242,56,8,1478,0,34,71,2,107,1172,276,127,10,1585,24,0,24,1609
10/15/2005,PHX,AZ,AWP,WE,Towers with Radar,1043,175,46,0,1264,0,10,54,0,64,1043,185,100,0,1328,20,0,20,1348
10/16/2005,PHX,AZ,AWP,WE,Towers with Radar,1124,184,49,6,1363,0,4,39,1,44,1124,188,88,7,1407,30,0,30,1437
10/17/2005,PHX,AZ,AWP,WE,Towers with Radar,1165,235,65,0,1465,0,23,43,2,68,1165,258,108,2,1533,36,0,36,1569
10/18/2005,PHX,AZ,AWP,WE,Towers with Radar,1159,278,76,8,1521,0,15,20,2,37,1159,293,96,10,1558,31,0,31,1589
10/19/2005,PHX,AZ,AWP,WE,Towers with Radar,1178,263,73,9,1523,0,30,85,1,116,1178,293,158,10,1639,40,0,40,1679
10/20/2005,PHX,AZ,AWP,WE,Towers with Radar,1186,262,64,5,1517,0,31,67,9,107,1186,293,131,14,1624,32,0,32,1656
10/21/2005,PHX,AZ,AWP,WE,Towers with Radar,1165,231,64,5,1465,0,35,68,2,105,1165,266,132,7,1570,26,0,26,1596
10/22/2005,PHX,AZ,AWP,WE,Towers with Radar,1033,172,36,10,1251,0,7,39,2,48,1033,179,75,12,1299,22,0,22,1321
10/23/2005,PHX,AZ,AWP,WE,Towers with Radar,1125,193,37,3,1358,0,1,46,3,50,1125,194,83,6,1408,13,0,13,1421
10/24/2005,PHX,AZ,AWP,WE,Towers with Radar,1165,207,51,9,1432,0,24,69,5,98,1165,231,120,14,1530,46,0,46,1576
10/25/2005,PHX,AZ,AWP,WE,Towers with Radar,1166,237,60,5,1468,0,40,65,2,107,1166,277,125,7,1575,42,0,42,1617
10/26/2005,PHX,AZ,AWP,WE,Towers with Radar,1175,228,61,6,1470,0,37,64,1,102,1175,265,125,7,1572,30,0,30,1602
10/27/2005,PHX,AZ,AWP,WE,Towers with Radar,1196,238,68,11,1513,0,37,64,1,102,1196,275,132,12,1615,27,0,27,1642
10/28/2005,PHX,AZ,AWP,WE,Towers with Radar,1165,232,62,8,1467,0,29,69,0,98,1165,261,131,8,1565,42,0,42,1607
10/29/2005,PHX,AZ,AWP,WE,Towers with Radar,1030,180,21,3,1234,0,14,52,1,67,1030,194,73,4,1301,36,0,36,1337
10/30/2005,PHX,AZ,AWP,WE,Towers with Radar,1129,179,35,7,1350,0,2,47,5,54,1129,181,82,12,1404,35,0,35,1439
10/31/2005,PHX,AZ,AWP,WE,Towers with Radar,1142,204,49,4,1399,0,30,63,2,95,1142,234,112,6,1494,38,1,39,1533
11/01/2005,PHX,AZ,AWP,WE,Towers with Radar,1171,220,92,8,1491,0,38,44,1,83,1171,258,136,9,1574,52,0,52,1626
11/02/2005,PHX,AZ,AWP,WE,Towers with Radar,1186,250,76,2,1514,0,34,57,2,93,1186,284,133,4,1607,30,0,30,1637
11/03/2005,PHX,AZ,AWP,WE,Towers with Radar,1192,250,80,4,1526,0,33,81,6,120,1192,283,161,10,1646,34,0,34,1680
11/04/2005,PHX,AZ,AWP,WE,Towers with Radar,1198,236,57,6,1497,0,41,79,1,121,1198,277,136,7,1618,24,0,24,1642
11/05/2005,PHX,AZ,AWP,WE,Towers with Radar,1060,167,34,4,1265,0,13,46,2,61,1060,180,80,6,1326,20,0,20,1346
11/06/2005,PHX,AZ,AWP,WE,Towers with Radar,1130,176,52,1,1359,0,1,49,3,53,1130,177,101,4,1412,25,0,25,1437
11/07/2005,PHX,AZ,AWP,WE,Towers with Radar,1183,206,65,1,1455,0,36,47,4,87,1183,242,112,5,1542,38,0,38,1580
11/08/2005,PHX,AZ,AWP,WE,Towers with Radar,1189,231,82,7,1509,0,38,87,8,133,1189,269,169,15,1642,44,8,52,1694
11/09/2005,PHX,AZ,AWP,WE,Towers with Radar,1189,235,87,6,1517,0,41,75,2,118,1189,276,162,8,1635,30,0,30,1665
11/10/2005,PHX,AZ,AWP,WE,Towers with Radar,1219,244,105,5,1573,0,34,53,0,87,1219,278,158,5,1660,45,0,45,1705
11/11/2005,PHX,AZ,AWP,WE,Towers with Radar,1192,254,75,3,1524,1,14,49,1,65,1193,268,124,4,1589,30,0,30,1619
11/12/2005,PHX,AZ,AWP,WE,Towers with Radar,1048,182,51,1,1282,0,8,47,5,60,1048,190,98,6,1342,55,0,55,1397
11/13/2005,PHX,AZ,AWP,WE,Towers with Radar,1131,187,69,4,1391,0,1,80,2,83,1131,188,149,6,1474,110,0,110,1584
11/14/2005,PHX,AZ,AWP,WE,Towers with Radar,1164,219,70,2,1455,0,30,67,0,97,1164,249,137,2,1552,24,5,29,1581
11/15/2005,PHX,AZ,AWP,WE,Towers with Radar,1174,247,71,7,1499,0,32,62,8,102,1174,279,133,15,1601,38,2,40,1641
11/16/2005,PHX,AZ,AWP,WE,Towers with Radar,1176,248,89,5,1518,0,36,61,4,101,1176,284,150,9,1619,70,0,70,1689
11/17/2005,PHX,AZ,AWP,WE,Towers with Radar,1201,251,76,7,1535,1,29,55,6,91,1202,280,131,13,1626,28,0,28,1654
11/18/2005,PHX,AZ,AWP,WE,Towers with Radar,1196,253,98,10,1557,0,89,25,4,118,1196,342,123,14,1675,21,0,21,1696
11/19/2005,PHX,AZ,AWP,WE,Towers with Radar,1041,178,46,6,1271,0,8,46,5,59,1041,186,92,11,1330,47,0,47,1377
11/20/2005,PHX,AZ,AWP,WE,Towers with Radar,1148,182,50,2,1382,0,3,50,1,54,1148,185,100,3,1436,25,8,33,1469
11/21/2005,PHX,AZ,AWP,WE,Towers with Radar,1171,214,43,6,1434,0,33,59,4,96,1171,247,102,10,1530,29,2,31,1561
11/22/2005,PHX,AZ,AWP,WE,Towers with Radar,1214,245,83,6,1548,0,42,55,3,100,1214,287,138,9,1648,38,0,38,1686
11/23/2005,PHX,AZ,AWP,WE,Towers with Radar,1189,259,71,6,1525,2,26,52,6,86,1191,285,123,12,1611,45,0,45,1656
11/24/2005,PHX,AZ,AWP,WE,Towers with Radar,845,149,21,0,1015,0,3,34,1,38,845,152,55,1,1053,12,0,12,1065
11/25/2005,PHX,AZ,AWP,WE,Towers with Radar,1027,190,43,1,1261,0,30,65,4,99,1027,220,108,5,1360,38,0,38,1398
11/26/2005,PHX,AZ,AWP,WE,Towers with Radar,1055,187,35,1,1278,1,9,35,2,47,1056,196,70,3,1325,28,0,28,1353
11/27/2005,PHX,AZ,AWP,WE,Towers with Radar,1137,192,55,1,1385,1,5,55,4,65,1138,197,110,5,1450,33,0,33,1483
11/28/2005,PHX,AZ,AWP,WE,Towers with Radar,1186,224,65,8,1483,0,20,64,6,90,1186,244,129,14,1573,22,0,22,1595
11/29/2005,PHX,AZ,AWP,WE,Towers with Radar,1207,250,63,3,1523,0,26,64,10,100,1207,276,127,13,1623,42,0,42,1665
11/30/2005,PHX,AZ,AWP,WE,Towers with Radar,1195,252,67,5,1519,0,27,75,3,105,1195,279,142,8,1624,40,0,40,1664
12/01/2005,PHX,AZ,AWP,WE,Towers with Radar,1190,236,77,9,1512,0,32,63,1,96,1190,268,140,10,1608,19,0,19,1627
12/02/2005,PHX,AZ,AWP,WE,Towers with Radar,1189,232,55,4,1480,0,27,53,1,81,1189,259,108,5,1561,24,0,24,1585
12/03/2005,PHX,AZ,AWP,WE,Towers with Radar,1046,169,35,4,1254,0,6,56,5,67,1046,175,91,9,1321,17,0,17,1338
12/04/2005,PHX,AZ,AWP,WE,Towers with Radar,1115,173,31,4,1323,0,3,61,2,66,1115,176,92,6,1389,15,0,15,1404
12/05/2005,PHX,AZ,AWP,WE,Towers with Radar,1165,202,51,7,1425,0,19,66,4,89,1165,221,117,11,1514,36,0,36,1550
12/06/2005,PHX,AZ,AWP,WE,Towers with Radar,1175,237,79,3,1494,0,24,88,6,118,1175,261,167,9,1612,42,0,42,1654
12/07/2005,PHX,AZ,AWP,WE,Towers with Radar,1164,240,77,6,1487,0,25,75,6,106,1164,265,152,12,1593,20,0,20,1613
12/08/2005,PHX,AZ,AWP,WE,Towers with Radar,1167,252,52,7,1478,1,17,63,2,83,1168,269,115,9,1561,46,0,46,1607
12/09/2005,PHX,AZ,AWP,WE,Towers with Radar,1160,231,58,12,1461,0,26,75,4,105,1160,257,133,16,1566,25,0,25,1591
12/10/2005,PHX,AZ,AWP,WE,Towers with Radar,1028,173,22,5,1228,0,7,49,0,56,1028,180,71,5,1284,24,0,24,1308
12/11/2005,PHX,AZ,AWP,WE,Towers with Radar,1100,171,32,15,1318,0,0,47,1,48,1100,171,79,16,1366,20,0,20,1386
12/12/2005,PHX,AZ,AWP,WE,Towers with Radar,1151,219,70,6,1446,0,22,76,4,102,1151,241,146,10,1548,24,7,31,1579
12/13/2005,PHX,AZ,AWP,WE,Towers with Radar,1189,235,70,8,1502,0,23,70,4,97,1189,258,140,12,1599,44,0,44,1643
12/14/2005,PHX,AZ,AWP,WE,Towers with Radar,1171,232,59,6,1468,0,26,72,1,99,1171,258,131,7,1567,51,0,51,1618
12/15/2005,PHX,AZ,AWP,WE,Towers with Radar,1201,219,53,2,1475,0,29,75,7,111,1201,248,128,9,1586,25,0,25,1611
12/16/2005,PHX,AZ,AWP,WE,Towers with Radar,1210,223,45,0,1478,0,24,74,5,103,1210,247,119,5,1581,22,0,22,1603
12/17/2005,PHX,AZ,AWP,WE,Towers with Radar,1060,168,48,1,1277,0,12,58,2,72,1060,180,106,3,1349,41,0,41,1390
12/18/2005,PHX,AZ,AWP,WE,Towers with Radar,1135,166,22,1,1324,0,3,33,1,37,1135,169,55,2,1361,25,0,25,1386
12/19/2005,PHX,AZ,AWP,WE,Towers with Radar,1177,197,51,6,1431,1,29,80,9,119,1178,226,131,15,1550,22,0,22,1572
12/20/2005,PHX,AZ,AWP,WE,Towers with Radar,1229,229,60,6,1524,0,33,70,6,109,1229,262,130,12,1633,31,0,31,1664
12/21/2005,PHX,AZ,AWP,WE,Towers with Radar,1218,236,60,6,1520,0,32,72,4,108,1218,268,132,10,1628,30,0,30,1658
12/22/2005,PHX,AZ,AWP,WE,Towers with Radar,1256,234,51,4,1545,1,27,58,7,93,1257,261,109,11,1638,31,0,31,1669
12/23/2005,PHX,AZ,AWP,WE,Towers with Radar,1230,232,44,0,1506,0,31,77,2,110,1230,263,121,2,1616,20,0,20,1636
12/24/2005,PHX,AZ,AWP,WE,Towers with Radar,1066,168,15,0,1249,1,14,49,3,67,1067,182,64,3,1316,33,0,33,1349
12/25/2005,PHX,AZ,AWP,WE,Towers with Radar,1078,150,9,0,1237,0,1,23,1,25,1078,151,32,1,1262,30,0,30,1292
12/26/2005,PHX,AZ,AWP,WE,Towers with Radar,1169,175,52,1,1397,0,12,44,2,58,1169,187,96,3,1455,16,0,16,1471
12/27/2005,PHX,AZ,AWP,WE,Towers with Radar,1205,215,40,6,1466,0,23,45,2,70,1205,238,85,8,1536,31,0,31,1567
12/28/2005,PHX,AZ,AWP,WE,Towers with Radar,1212,234,34,5,1485,0,26,38,6,70,1212,260,72,11,1555,40,0,40,1595
12/29/2005,PHX,AZ,AWP,WE,Towers with Radar,1213,243,47,5,1508,0,22,57,2,81,1213,265,104,7,1589,19,0,19,1608
12/30/2005,PHX,AZ,AWP,WE,Towers with Radar,1216,231,50,2,1499,0,26,75,4,105,1216,257,125,6,1604,20,0,20,1624
12/31/2005,PHX,AZ,AWP,WE,Towers with Radar,1097,177,35,0,1309,0,6,52,2,60,1097,183,87,2,1369,35,0,35,1404
01/01/2006,PHX,AZ,AWP,WE,Towers with Radar,1113,164,42,0,1319,1,0,25,1,27,1114,164,67,1,1346,20,0,20,1366
01/02/2006,PHX,AZ,AWP,WE,Towers with Radar,1166,226,105,0,1497,0,9,34,2,45,1166,235,139,2,1542,26,0,26,1568
01/03/2006,PHX,AZ,AWP,WE,Towers with Radar,1245,215,88,4,1552,0,18,68,3,89,1245,233,156,7,1641,20,0,20,1661
01/04/2006,PHX,AZ,AWP,WE,Towers with Radar,1207,235,47,6,1495,0,31,63,10,104,1207,266,110,16,1599,20,0,20,1619
01/05/2006,PHX,AZ,AWP,WE,Towers with Radar,1203,242,76,7,1528,0,26,68,5,99,1203,268,144,12,1627,14,0,14,1641
01/06/2006,PHX,AZ,AWP,WE,Towers with Radar,1193,219,70,7,1489,0,25,54,2,81,1193,244,124,9,1570,21,0,21,1591
01/07/2006,PHX,AZ,AWP,WE,Towers with Radar,1047,182,39,6,1274,0,5,60,3,68,1047,187,99,9,1342,7,0,7,1349
01/08/2006,PHX,AZ,AWP,WE,Towers with Radar,1129,178,62,6,1375,0,1,37,1,39,1129,179,99,7,1414,28,0,28,1442
01/09/2006,PHX,AZ,AWP,WE,Towers with Radar,1166,222,85,7,1480,0,19,61,3,83,1166,241,146,10,1563,36,0,36,1599
01/10/2006,PHX,AZ,AWP,WE,Towers with Radar,1157,233,95,5,1490,1,16,72,1,90,1158,249,167,6,1580,46,0,46,1626
01/11/2006,PHX,AZ,AWP,WE,Towers with Radar,1161,230,67,6,1464,0,20,60,3,83,1161,250,127,9,1547,50,0,50,1597
01/12/2006,PHX,AZ,AWP,WE,Towers with Radar,1166,222,73,4,1465,0,28,66,1,95,1166,250,139,5,1560,36,4,40,1600
01/13/2006,PHX,AZ,AWP,WE,Towers with Radar,1171,238,59,8,1476,0,29,80,3,112,1171,267,139,11,1588,18,0,18,1606
01/14/2006,PHX,AZ,AWP,WE,Towers with Radar,1029,183,52,4,1268,0,7,57,2,66,1029,190,109,6,1334,31,0,31,1365
01/15/2006,PHX,AZ,AWP,WE,Towers with Radar,1099,171,47,1,1318,0,2,32,6,40,1099,173,79,7,1358,35,0,35,1393
01/16/2006,PHX,AZ,AWP,WE,Towers with Radar,1141,202,57,2,1402,0,8,39,2,49,1141,210,96,4,1451,43,0,43,1494
01/17/2006,PHX,AZ,AWP,WE,Towers with Radar,1145,216,60,3,1424,0,30,55,9,94,1145,246,115,12,1518,22,0,22,1540
01/18/2006,PHX,AZ,AWP,WE,Towers with Radar,1135,230,58,6,1429,0,18,52,7,77,1135,248,110,13,1506,48,0,48,1554
01/19/2006,PHX,AZ,AWP,WE,Towers with Radar,1157,235,89,7,1488,0,28,55,6,89,1157,263,144,13,1577,22,0,22,1599
01/20/2006,PHX,AZ,AWP,WE,Towers with Radar,1165,239,73,8,1485,0,27,80,4,111,1165,266,153,12,1596,16,0,16,1612
01/21/2006,PHX,AZ,AWP,WE,Towers with Radar,1022,158,21,11,1212,6,12,68,7,93,1028,170,89,18,1305,28,0,28,1333
01/22/2006,PHX,AZ,AWP,WE,Towers with Radar,1098,180,56,8,1342,1,2,55,7,65,1099,182,111,15,1407,46,0,46,1453
01/23/2006,PHX,AZ,AWP,WE,Towers with Radar,1137,202,58,10,1407,0,16,76,0,92,1137,218,134,10,1499,35,0,35,1534
01/24/2006,PHX,AZ,AWP,WE,Towers with Radar,1167,221,64,4,1456,0,29,62,4,95,1167,250,126,8,1551,49,0,49,1600
01/25/2006,PHX,AZ,AWP,WE,Towers with Radar,1153,236,80,8,1477,0,16,40,4,60,1153,252,120,12,1537,50,0,50,1587
01/26/2006,PHX,AZ,AWP,WE,Towers with Radar,1147,246,78,3,1474,0,25,67,6,98,1147,271,145,9,1572,41,0,41,1613
01/27/2006,PHX,AZ,AWP,WE,Towers with Radar,1153,247,62,4,1466,0,35,55,1,91,1153,282,117,5,1557,24,0,24,1581
01/28/2006,PHX,AZ,AWP,WE,Towers with Radar,1013,175,34,1,1223,1,10,43,5,59,1014,185,77,6,1282,40,4,44,1326
01/29/2006,PHX,AZ,AWP,WE,Towers with Radar,1097,174,33,2,1306,0,3,54,5,62,1097,177,87,7,1368,25,0,25,1393
01/30/2006,PHX,AZ,AWP,WE,Towers with Radar,1130,205,58,10,1403,0,20,60,4,84,1130,225,118,14,1487,34,0,34,1521
01/31/2006,PHX,AZ,AWP,WE,Towers with Radar,1143,223,59,7,1432,0,24,66,3,93,1143,247,125,10,1525,49,0,49,1574
02/01/2006,PHX,AZ,AWP,WE,Towers with Radar,1141,249,71,10,1471,0,23,35,0,58,1141,272,106,10,1529,40,0,40,1569
02/02/2006,PHX,AZ,AWP,WE,Towers with Radar,1162,244,84,9,1499,1,35,48,1,85,1163,279,132,10,1584,42,0,42,1626
02/03/2006,PHX,AZ,AWP,WE,Towers with Radar,1141,255,67,9,1472,1,27,41,0,69,1142,282,108,9,1541,30,0,30,1571
02/04/2006,PHX,AZ,AWP,WE,Towers with Radar,1019,186,33,6,1244,0,9,42,0,51,1019,195,75,6,1295,31,0,31,1326
02/05/2006,PHX,AZ,AWP,WE,Towers with Radar,1094,170,41,8,1313,0,6,21,0,27,1094,176,62,8,1340,30,0,30,1370
02/06/2006,PHX,AZ,AWP,WE,Towers with Radar,1141,226,82,5,1454,0,21,45,2,68,1141,247,127,7,1522,40,0,40,1562
02/07/2006,PHX,AZ,AWP,WE,Towers with Radar,1137,247,63,12,1459,0,26,37,0,63,1137,273,100,12,1522,30,0,30,1552
02/08/2006,PHX,AZ,AWP,WE,Towers with Radar,1146,250,74,11,1481,0,21,47,0,68,1146,271,121,11,1549,40,0,40,1589
02/09/2006,PHX,AZ,AWP,WE,Towers with Radar,1166,251,89,11,1517,0,28,47,0,75,1166,279,136,11,1592,32,0,32,1624
02/10/2006,PHX,AZ,AWP,WE,Towers with Radar,1176,233,62,15,1486,0,36,51,5,92,1176,269,113,20,1578,13,0,13,1591
02/11/2006,PHX,AZ,AWP,WE,Towers with Radar,1017,178,27,3,1225,0,16,31,3,50,1017,194,58,6,1275,26,0,26,1301
02/12/2006,PHX,AZ,AWP,WE,Towers with Radar,1068,185,45,4,1302,0,4,34,0,38,1068,189,79,4,1340,32,0,32,1372
02/13/2006,PHX,AZ,AWP,WE,Towers with Radar,1125,215,45,4,1389,0,21,41,3,65,1125,236,86,7,1454,34,0,34,1488
02/14/2006,PHX,AZ,AWP,WE,Towers with Radar,1147,228,74,10,1459,0,32,60,1,93,1147,260,134,11,1552,42,0,42,1594
02/15/2006,PHX,AZ,AWP,WE,Towers with Radar,1145,237,78,4,1464,0,26,50,0,76,1145,263,128,4,1540,40,0,40,1580
02/16/2006,PHX,AZ,AWP,WE,Towers with Radar,1161,236,81,10,1488,0,23,63,0,86,1161,259,144,10,1574,43,0,43,1617
02/17/2006,PHX,AZ,AWP,WE,Towers with Radar,1177,233,90,15,1515,0,25,40,4,69,1177,258,130,19,1584,40,0,40,1624
02/18/2006,PHX,AZ,AWP,WE,Towers with Radar,1060,171,32,7,1270,0,11,18,2,31,1060,182,50,9,1301,37,0,37,1338
02/19/2006,PHX,AZ,AWP,WE,Towers with Radar,1112,179,41,7,1339,1,11,18,0,30,1113,190,59,7,1369,23,0,23,1392
02/20/2006,PHX,AZ,AWP,WE,Towers with Radar,1159,217,73,5,1454,1,24,49,1,75,1160,241,122,6,1529,35,0,35,1564
02/21/2006,PHX,AZ,AWP,WE,Towers with Radar,1166,242,58,9,1475,0,29,46,0,75,1166,271,104,9,1550,48,0,48,1598
02/22/2006,PHX,AZ,AWP,WE,Towers with Radar,1161,242,56,11,1470,0,27,67,0,94,1161,269,123,11,1564,50,0,50,1614
02/23/2006,PHX,AZ,AWP,WE,Towers with Radar,1165,226,74,10,1475,0,27,54,0,81,1165,253,128,10,1556,44,0,44,1600
02/24/2006,PHX,AZ,AWP,WE,Towers with Radar,1170,227,58,16,1471,0,31,63,5,99,1170,258,121,21,1570,26,0,26,1596
02/25/2006,PHX,AZ,AWP,WE,Towers with Radar,1037,178,36,6,1257,0,9,26,0,35,1037,187,62,6,1292,23,0,23,1315
02/26/2006,PHX,AZ,AWP,WE,Towers with Radar,1112,175,58,8,1353,0,2,30,0,32,1112,177,88,8,1385,23,0,23,1408
02/27/2006,PHX,AZ,AWP,WE,Towers with Radar,1143,222,73,4,1442,0,10,44,0,54,1143,232,117,4,1496,26,3,29,1525
02/28/2006,PHX,AZ,AWP,WE,Towers with Radar,1163,253,78,10,1504,0,15,25,0,40,1163,268,103,10,1544,32,0,32,1576
03/01/2006,PHX,AZ,AWP,WE,Towers with Radar,1176,257,78,8,1519,0,21,37,0,58,1176,278,115,8,1577,29,0,29,1606
03/02/2006,PHX,AZ,AWP,WE,Towers with Radar,1170,240,88,9,1507,0,38,39,0,77,1170,278,127,9,1584,20,0,20,1604
03/03/2006,PHX,AZ,AWP,WE,Towers with Radar,1186,248,49,7,1490,0,23,41,0,64,1186,271,90,7,1554,13,0,13,1567
03/04/2006,PHX,AZ,AWP,WE,Towers with Radar,1054,194,40,7,1295,0,7,35,0,42,1054,201,75,7,1337,23,0,23,1360
03/05/2006,PHX,AZ,AWP,WE,Towers with Radar,1102,193,39,6,1340,0,4,34,2,40,1102,197,73,8,1380,23,0,23,1403
03/06/2006,PHX,AZ,AWP,WE,Towers with Radar,1169,213,39,7,1428,0,32,30,1,63,1169,245,69,8,1491,25,0,25,1516
03/07/2006,PHX,AZ,AWP,WE,Towers with Radar,1170,256,54,4,1484,0,18,35,0,53,1170,274,89,4,1537,36,0,36,1573
03/08/2006,PHX,AZ,AWP,WE,Towers with Radar,1170,265,90,9,1534,0,17,47,0,64,1170,282,137,9,1598,30,0,30,1628
03/09/2006,PHX,AZ,AWP,WE,Towers with Radar,1199,250,90,6,1545,0,30,44,0,74,1199,280,134,6,1619,26,0,26,1645
03/10/2006,PHX,AZ,AWP,WE,Towers with Radar,1191,254,78,8,1531,0,24,34,3,61,1191,278,112,11,1592,27,0,27,1619
03/11/2006,PHX,AZ,AWP,WE,Towers with Radar,1063,191,58,3,1315,0,0,1,0,1,1063,191,59,3,1316,10,0,10,1326
03/12/2006,PHX,AZ,AWP,WE,Towers with Radar,1130,179,55,1,1365,0,10,19,0,29,1130,189,74,1,1394,26,0,26,1420
03/13/2006,PHX,AZ,AWP,WE,Towers with Radar,1166,231,72,8,1477,0,20,43,0,63,1166,251,115,8,1540,43,0,43,1583
03/14/2006,PHX,AZ,AWP,WE,Towers with Radar,1182,240,69,11,1502,0,28,48,0,76,1182,268,117,11,1578,35,0,35,1613
03/15/2006,PHX,AZ,AWP,WE,Towers with Radar,1191,259,70,14,1534,0,28,54,2,84,1191,287,124,16,1618,55,0,55,1673
03/16/2006,PHX,AZ,AWP,WE,Towers with Radar,1194,249,76,8,1527,0,35,48,1,84,1194,284,124,9,1611,53,0,53,1664
03/17/2006,PHX,AZ,AWP,WE,Towers with Radar,1188,242,58,9,1497,2,31,48,0,81,1190,273,106,9,1578,28,0,28,1606
03/18/2006,PHX,AZ,AWP,WE,Towers with Radar,1050,185,34,2,1271,0,13,30,0,43,1050,198,64,2,1314,22,0,22,1336
03/19/2006,PHX,AZ,AWP,WE,Towers with Radar,1121,193,39,3,1356,0,5,7,0,12,1121,198,46,3,1368,14,0,14,1382
03/20/2006,PHX,AZ,AWP,WE,Towers with Radar,1170,220,44,8,1442,0,16,38,5,59,1170,236,82,13,1501,26,0,26,1527
03/21/2006,PHX,AZ,AWP,WE,Towers with Radar,1190,263,65,11,1529,1,10,42,7,60,1191,273,107,18,1589,23,0,23,1612
03/22/2006,PHX,AZ,AWP,WE,Towers with Radar,1190,256,75,7,1528,0,33,48,0,81,1190,289,123,7,1609,54,0,54,1663
03/23/2006,PHX,AZ,AWP,WE,Towers with Radar,1192,232,83,4,1511,0,38,57,0,95,1192,270,140,4,1606,49,0,49,1655
03/24/2006,PHX,AZ,AWP,WE,Towers with Radar,1188,236,61,11,1496,0,44,54,3,101,1188,280,115,14,1597,31,0,31,1628
03/25/2006,PHX,AZ,AWP,WE,Towers with Radar,1062,186,33,8,1289,0,12,27,0,39,1062,198,60,8,1328,35,0,35,1363
03/26/2006,PHX,AZ,AWP,WE,Towers with Radar,1129,183,44,4,1360,1,6,29,0,36,1130,189,73,4,1396,34,0,34,1430
03/27/2006,PHX,AZ,AWP,WE,Towers with Radar,1159,214,57,8,1438,0,22,35,7,64,1159,236,92,15,1502,21,0,21,1523
03/28/2006,PHX,AZ,AWP,WE,Towers with Radar,1160,254,81,8,1503,0,17,21,4,42,1160,271,102,12,1545,33,0,33,1578
03/29/2006,PHX,AZ,AWP,WE,Towers with Radar,1197,256,56,5,1514,0,12,28,1,41,1197,268,84,6,1555,39,0,39,1594
03/30/2006,PHX,AZ,AWP,WE,Towers with Radar,1187,241,76,6,1510,0,23,44,0,67,1187,264,120,6,1577,19,1,20,1597
03/31/2006,PHX,AZ,AWP,WE,Towers with Radar,1181,252,65,15,1513,0,18,46,2,66,1181,270,111,17,1579,29,0,29,1608
04/01/2006,PHX,AZ,AWP,WE,Towers with Radar,1062,176,38,8,1284,0,11,22,2,35,1062,187,60,10,1319,34,0,34,1353
04/02/2006,PHX,AZ,AWP,WE,Towers with Radar,1104,187,49,3,1343,1,1,30,0,32,1105,188,79,3,1375,14,0,14,1389
04/03/2006,PHX,AZ,AWP,WE,Towers with Radar,1131,230,55,4,1420,0,24,37,5,66,1131,254,92,9,1486,33,2,35,1521
04/04/2006,PHX,AZ,AWP,WE,Towers with Radar,1147,243,56,2,1448,0,23,38,2,63,1147,266,94,4,1511,32,0,32,1543
04/05/2006,PHX,AZ,AWP,WE,Towers with Radar,1158,257,64,7,1486,0,12,21,0,33,1158,269,85,7,1519,39,0,39,1558
04/06/2006,PHX,AZ,AWP,WE,Towers with Radar,1173,248,56,4,1481,2,18,55,1,76,1175,266,111,5,1557,34,0,34,1591
04/07/2006,PHX,AZ,AWP,WE,Towers with Radar,1174,259,55,6,1494,0,32,48,0,80,1174,291,103,6,1574,27,0,27,1601
04/08/2006,PHX,AZ,AWP,WE,Towers with Radar,1029,185,32,2,1248,2,12,29,0,43,1031,197,61,2,1291,25,0,25,1316
04/09/2006,PHX,AZ,AWP,WE,Towers with Radar,1115,199,51,3,1368,0,8,27,0,35,1115,207,78,3,1403,26,0,26,1429
04/10/2006,PHX,AZ,AWP,WE,Towers with Radar,1146,242,43,3,1434,0,16,35,4,55,1146,258,78,7,1489,64,0,64,1553
04/11/2006,PHX,AZ,AWP,WE,Towers with Radar,1150,251,50,5,1456,0,30,45,6,81,1150,281,95,11,1537,33,0,33,1570
04/12/2006,PHX,AZ,AWP,WE,Towers with Radar,1167,237,56,7,1467,0,35,45,5,85,1167,272,101,12,1552,39,0,39,1591
04/13/2006,PHX,AZ,AWP,WE,Towers with Radar,1176,232,61,6,1475,0,40,53,0,93,1176,272,114,6,1568,40,0,40,1608
04/14/2006,PHX,AZ,AWP,WE,Towers with Radar,1177,237,32,5,1451,1,17,41,1,60,1178,254,73,6,1511,20,2,22,1533
04/15/2006,PHX,AZ,AWP,WE,Towers with Radar,1024,174,29,2,1229,0,15,28,0,43,1024,189,57,2,1272,25,0,25,1297
04/16/2006,PHX,AZ,AWP,WE,Towers with Radar,1100,172,24,5,1301,0,9,17,0,26,1100,181,41,5,1327,20,0,20,1347
04/17/2006,PHX,AZ,AWP,WE,Towers with Radar,1145,234,56,8,1443,0,26,44,0,70,1145,260,100,8,1513,44,2,46,1559
04/18/2006,PHX,AZ,AWP,WE,Towers with Radar,1158,234,61,8,1461,0,47,51,0,98,1158,281,112,8,1559,32,0,32,1591
04/19/2006,PHX,AZ,AWP,WE,Towers with Radar,1152,245,72,7,1476,0,27,43,1,71,1152,272,115,8,1547,37,0,37,1584
04/20/2006,PHX,AZ,AWP,WE,Towers with Radar,1158,229,60,5,1452,0,39,51,0,90,1158,268,111,5,1542,48,0,48,1590
04/21/2006,PHX,AZ,AWP,WE,Towers with Radar,1156,244,52,4,1456,0,30,35,0,65,1156,274,87,4,1521,27,0,27,1548
04/22/2006,PHX,AZ,AWP,WE,Towers with Radar,1018,194,44,1,1257,1,8,19,2,30,1019,202,63,3,1287,42,0,42,1329
04/23/2006,PHX,AZ,AWP,WE,Towers with Radar,1093,198,68,7,1366,0,5,23,0,28,1093,203,91,7,1394,31,0,31,1425
04/24/2006,PHX,AZ,AWP,WE,Towers with Radar,1127,227,41,5,1400,0,30,29,3,62,1127,257,70,8,1462,24,0,24,1486
04/25/2006,PHX,AZ,AWP,WE,Towers with Radar,1155,244,47,9,1455,0,40,48,0,88,1155,284,95,9,1543,34,0,34,1577
04/26/2006,PHX,AZ,AWP,WE,Towers with Radar,1149,241,66,12,1468,0,28,57,0,85,1149,269,123,12,1553,51,0,51,1604
04/27/2006,PHX,AZ,AWP,WE,Towers with Radar,1161,251,62,6,1480,0,25,41,3,69,1161,276,103,9,1549,44,0,44,1593
04/28/2006,PHX,AZ,AWP,WE,Towers with Radar,1150,253,44,10,1457,0,18,33,2,53,1150,271,77,12,1510,25,0,25,1535
04/29/2006,PHX,AZ,AWP,WE,Towers with Radar,1020,176,24,2,1222,0,25,32,0,57,1020,201,56,2,1279,26,0,26,1305
04/30/2006,PHX,AZ,AWP,WE,Towers with Radar,1097,191,33,0,1321,1,8,28,0,37,1098,199,61,0,1358,35,0,35,1393
05/01/2006,PHX,AZ,AWP,WE,Towers with Radar,1128,224,52,7,1411,0,26,41,0,67,1128,250,93,7,1478,35,0,35,1513
05/02/2006,PHX,AZ,AWP,WE,Towers with Radar,1147,249,62,4,1462,0,37,66,4,107,1147,286,128,8,1569,33,2,35,1604
05/03/2006,PHX,AZ,AWP,WE,Towers with Radar,1142,280,60,3,1485,0,29,42,2,73,1142,309,102,5,1558,38,0,38,1596
05/04/2006,PHX,AZ,AWP,WE,Towers with Radar,1152,251,45,13,1461,0,28,46,6,80,1152,279,91,19,1541,33,0,33,1574
05/05/2006,PHX,AZ,AWP,WE,Towers with Radar,1141,238,51,14,1444,0,27,48,2,77,1141,265,99,16,1521,37,0,37,1558
05/06/2006,PHX,AZ,AWP,WE,Towers with Radar,1012,188,41,5,1246,0,9,26,1,36,1012,197,67,6,1282,32,0,32,1314
05/07/2006,PHX,AZ,AWP,WE,Towers with Radar,1087,204,40,3,1334,1,7,24,0,32,1088,211,64,3,1366,59,0,59,1425
05/08/2006,PHX,AZ,AWP,WE,Towers with Radar,1116,227,62,3,1408,0,23,47,1,71,1116,250,109,4,1479,39,0,39,1518
05/09/2006,PHX,AZ,AWP,WE,Towers with Radar,1145,242,67,14,1468,1,26,47,0,74,1146,268,114,14,1542,40,0,40,1582
05/10/2006,PHX,AZ,AWP,WE,Towers with Radar,1136,238,77,6,1457,0,33,67,1,101,1136,271,144,7,1558,50,0,50,1608
05/11/2006,PHX,AZ,AWP,WE,Towers with Radar,1156,241,70,4,1471,0,28,67,4,99,1156,269,137,8,1570,36,0,36,1606
05/12/2006,PHX,AZ,AWP,WE,Towers with Radar,1154,226,46,3,1429,0,34,40,0,74,1154,260,86,3,1503,24,0,24,1527
05/13/2006,PHX,AZ,AWP,WE,Towers with Radar,1021,188,31,3,1243,0,12,27,0,39,1021,200,58,3,1282,31,0,31,1313
05/14/2006,PHX,AZ,AWP,WE,Towers with Radar,1102,183,33,3,1321,0,3,18,0,21,1102,186,51,3,1342,30,0,30,1372
05/15/2006,PHX,AZ,AWP,WE,Towers with Radar,1123,220,49,0,1392,0,24,36,0,60,1123,244,85,0,1452,36,0,36,1488
05/16/2006,PHX,AZ,AWP,WE,Towers with Radar,1138,245,53,5,1441,0,18,43,2,63,1138,263,96,7,1504,35,0,35,1539
05/17/2006,PHX,AZ,AWP,WE,Towers with Radar,1146,268,63,5,1482,0,24,45,4,73,1146,292,108,9,1555,37,0,37,1592
05/18/2006,PHX,AZ,AWP,WE,Towers with Radar,1148,249,57,11,1465,0,39,50,1,90,1148,288,107,12,1555,39,2,41,1596
05/19/2006,PHX,AZ,AWP,WE,Towers with Radar,1158,243,62,11,1474,0,28,40,0,68,1158,271,102,11,1542,49,2,51,1593
05/20/2006,PHX,AZ,AWP,WE,Towers with Radar,1014,181,30,6,1231,3,17,32,0,52,1017,198,62,6,1283,37,0,37,1320
05/21/2006,PHX,AZ,AWP,WE,Towers with Radar,1106,192,27,1,1326,0,10,25,1,36,1106,202,52,2,1362,18,0,18,1380
05/22/2006,PHX,AZ,AWP,WE,Towers with Radar,1131,239,69,4,1443,0,22,34,0,56,1131,261,103,4,1499,32,0,32,1531
05/23/2006,PHX,AZ,AWP,WE,Towers with Radar,1145,237,38,4,1424,1,28,59,1,89,1146,265,97,5,1513,39,0,39,1552
05/24/2006,PHX,AZ,AWP,WE,Towers with Radar,1145,245,53,9,1452,0,41,58,0,99,1145,286,111,9,1551,20,0,20,1571
05/25/2006,PHX,AZ,AWP,WE,Towers with Radar,1167,263,73,5,1508,0,25,68,3,96,1167,288,141,8,1604,49,1,50,1654
05/26/2006,PHX,AZ,AWP,WE,Towers with Radar,1155,255,46,6,1462,0,29,46,2,77,1155,284,92,8,1539,27,0,27,1566
05/27/2006,PHX,AZ,AWP,WE,Towers with Radar,993,176,22,2,1193,0,27,17,2,46,993,203,39,4,1239,48,0,48,1287
05/28/2006,PHX,AZ,AWP,WE,Towers with Radar,998,163,46,3,1210,0,7,17,0,24,998,170,63,3,1234,34,0,34,1268
05/29/2006,PHX,AZ,AWP,WE,Towers with Radar,1068,171,32,1,1272,0,12,21,0,33,1068,183,53,1,1305,37,0,37,1342
05/30/2006,PHX,AZ,AWP,WE,Towers with Radar,1133,227,65,11,1436,0,24,45,1,70,1133,251,110,12,1506,36,1,37,1543
05/31/2006,PHX,AZ,AWP,WE,Towers with Radar,1146,245,45,8,1444,0,33,51,2,86,1146,278,96,10,1530,51,2,53,1583
06/01/2006,PHX,AZ,AWP,WE,Towers with Radar,1158,235,46,5,1444,0,38,58,0,96,1158,273,104,5,1540,36,0,36,1576
06/02/2006,PHX,AZ,AWP,WE,Towers with Radar,1172,227,42,5,1446,0,51,58,1,110,1172,278,100,6,1556,34,0,34,1590
06/03/2006,PHX,AZ,AWP,WE,Towers with Radar,1027,187,50,3,1267,0,26,45,0,71,1027,213,95,3,1338,31,0,31,1369
06/04/2006,PHX,AZ,AWP,WE,Towers with Radar,1106,197,26,3,1332,0,4,24,0,28,1106,201,50,3,1360,43,0,43,1403
06/05/2006,PHX,AZ,AWP,WE,Towers with Radar,1137,219,35,4,1395,0,24,39,0,63,1137,243,74,4,1458,38,0,38,1496
06/06/2006,PHX,AZ,AWP,WE,Towers with Radar,1142,239,50,9,1440,0,28,41,4,73,1142,267,91,13,1513,27,5,32,1545
06/07/2006,PHX,AZ,AWP,WE,Towers with Radar,1126,230,47,4,1407,0,22,32,0,54,1126,252,79,4,1461,46,0,46,1507
06/08/2006,PHX,AZ,AWP,WE,Towers with Radar,1161,227,43,3,1434,0,25,34,5,64,1161,252,77,8,1498,39,0,39,1537
06/09/2006,PHX,AZ,AWP,WE,Towers with Radar,1148,230,50,9,1437,0,48,59,0,107,1148,278,109,9,1544,31,0,31,1575
06/10/2006,PHX,AZ,AWP,WE,Towers with Radar,1035,182,29,1,1247,0,19,20,0,39,1035,201,49,1,1286,25,0,25,1311
06/11/2006,PHX,AZ,AWP,WE,Towers with Radar,1101,181,32,3,1317,0,8,16,2,26,1101,189,48,5,1343,20,0,20,1363
06/12/2006,PHX,AZ,AWP,WE,Towers with Radar,1145,216,44,8,1413,0,22,35,2,59,1145,238,79,10,1472,51,2,53,1525
06/13/2006,PHX,AZ,AWP,WE,Towers with Radar,1156,229,47,11,1443,0,26,41,0,67,1156,255,88,11,1510,47,5,52,1562
06/14/2006,PHX,AZ,AWP,WE,Towers with Radar,1169,231,68,7,1475,0,36,55,0,91,1169,267,123,7,1566,54,0,54,1620
06/15/2006,PHX,AZ,AWP,WE,Towers with Radar,1171,223,54,10,1458,0,40,55,1,96,1171,263,109,11,1554,50,1,51,1605
06/16/2006,PHX,AZ,AWP,WE,Towers with Radar,1169,231,60,7,1467,0,21,40,1,62,1169,252,100,8,1529,29,0,29,1558
06/17/2006,PHX,AZ,AWP,WE,Towers with Radar,1064,171,28,10,1273,0,19,24,3,46,1064,190,52,13,1319,30,0,30,1349
06/18/2006,PHX,AZ,AWP,WE,Towers with Radar,1108,182,24,5,1319,2,13,12,0,27,1110,195,36,5,1346,39,0,39,1385
06/19/2006,PHX,AZ,AWP,WE,Towers with Radar,1123,220,54,1,1398,1,26,36,1,64,1124,246,90,2,1462,37,0,37,1499
06/20/2006,PHX,AZ,AWP,WE,Towers with Radar,1158,231,59,2,1450,0,20,54,0,74,1158,251,113,2,1524,35,0,35,1559
06/21/2006,PHX,AZ,AWP,WE,Towers with Radar,1159,232,46,8,1445,0,27,50,4,81,1159,259,96,12,1526,49,0,49,1575
06/22/2006,PHX,AZ,AWP,WE,Towers with Radar,1163,215,58,4,1440,0,36,49,2,87,1163,251,107,6,1527,32,1,33,1560
06/23/2006,PHX,AZ,AWP,WE,Towers with Radar,1158,221,56,2,1437,0,18,54,1,73,1158,239,110,3,1510,35,0,35,1545
06/24/2006,PHX,AZ,AWP,WE,Towers with Radar,1058,186,24,1,1269,0,10,19,0,29,1058,196,43,1,1298,40,0,40,1338
06/25/2006,PHX,AZ,AWP,WE,Towers with Radar,1093,175,38,1,1307,0,4,16,0,20,1093,179,54,1,1327,48,0,48,1375
06/26/2006,PHX,AZ,AWP,WE,Towers with Radar,1145,199,39,7,1390,0,20,38,0,58,1145,219,77,7,1448,33,0,33,1481
06/27/2006,PHX,AZ,AWP,WE,Towers with Radar,1165,211,57,3,1436,0,26,26,0,52,1165,237,83,3,1488,44,2,46,1534
06/28/2006,PHX,AZ,AWP,WE,Towers with Radar,1161,236,53,9,1459,0,24,31,1,56,1161,260,84,10,1515,52,0,52,1567
06/29/2006,PHX,AZ,AWP,WE,Towers with Radar,1168,228,47,8,1451,0,26,45,0,71,1168,254,92,8,1522,25,0,25,1547
06/30/2006,PHX,AZ,AWP,WE,Towers with Radar,1153,235,62,2,1452,0,22,44,0,66,1153,257,106,2,1518,16,0,16,1534
07/01/2006,PHX,AZ,AWP,WE,Towers with Radar,1055,192,21,10,1278,0,29,19,2,50,1055,221,40,12,1328,46,0,46,1374
07/02/2006,PHX,AZ,AWP,WE,Towers with Radar,1058,177,14,0,1249,0,15,18,0,33,1058,192,32,0,1282,22,0,22,1304
07/03/2006,PHX,AZ,AWP,WE,Towers with Radar,1051,200,17,0,1268,0,16,23,0,39,1051,216,40,0,1307,32,0,32,1339
07/04/2006,PHX,AZ,AWP,WE,Towers with Radar,1080,189,17,0,1286,13,19,12,0,44,1093,208,29,0,1330,48,0,48,1378
07/05/2006,PHX,AZ,AWP,WE,Towers with Radar,1163,233,40,5,1441,0,20,33,2,55,1163,253,73,7,1496,36,0,36,1532
07/06/2006,PHX,AZ,AWP,WE,Towers with Radar,1164,246,52,4,1466,0,22,22,2,46,1164,268,74,6,1512,16,4,20,1532
07/07/2006,PHX,AZ,AWP,WE,Towers with Radar,1161,251,43,9,1464,0,25,24,0,49,1161,276,67,9,1513,28,6,34,1547
07/08/2006,PHX,AZ,AWP,WE,Towers with Radar,1055,194,22,19,1290,0,13,23,1,37,1055,207,45,20,1327,32,2,34,1361
07/09/2006,PHX,AZ,AWP,WE,Towers with Radar,1095,196,28,4,1323,0,4,27,2,33,1095,200,55,6,1356,48,0,48,1404
07/10/2006,PHX,AZ,AWP,WE,Towers with Radar,1145,210,31,6,1392,0,31,41,0,72,1145,241,72,6,1464,37,1,38,1502
07/11/2006,PHX,AZ,AWP,WE,Towers with Radar,1155,235,38,9,1437,0,24,38,1,63,1155,259,76,10,1500,33,0,33,1533
07/12/2006,PHX,AZ,AWP,WE,Towers with Radar,1157,236,55,8,1456,0,30,39,3,72,1157,266,94,11,1528,48,0,48,1576
07/13/2006,PHX,AZ,AWP,WE,Towers with Radar,1172,241,55,4,1472,7,31,52,0,90,1179,272,107,4,1562,42,0,42,1604
07/14/2006,PHX,AZ,AWP,WE,Towers with Radar,1167,224,42,14,1447,0,58,56,0,114,1167,282,98,14,1561,40,2,42,1603
07/15/2006,PHX,AZ,AWP,WE,Towers with Radar,1048,186,16,3,1253,0,34,35,0,69,1048,220,51,3,1322,49,0,49,1371
07/16/2006,PHX,AZ,AWP,WE,Towers with Radar,1097,184,36,3,1320,0,10,22,0,32,1097,194,58,3,1352,24,0,24,1376
07/17/2006,PHX,AZ,AWP,WE,Towers with Radar,1159,221,41,2,1423,0,35,28,0,63,1159,256,69,2,1486,34,0,34,1520
07/18/2006,PHX,AZ,AWP,WE,Towers with Radar,1165,224,53,4,1446,0,26,31,1,58,1165,250,84,5,1504,43,0,43,1547
07/19/2006,PHX,AZ,AWP,WE,Towers with Radar,1189,236,62,11,1498,0,28,39,0,67,1189,264,101,11,1565,20,0,20,1585
07/20/2006,PHX,AZ,AWP,WE,Towers with Radar,1165,231,44,8,1448,0,21,34,0,55,1165,252,78,8,1503,29,0,29,1532
07/21/2006,PHX,AZ,AWP,WE,Towers with Radar,1153,221,35,5,1414,0,27,41,1,69,1153,248,76,6,1483,30,0,30,1513
07/22/2006,PHX,AZ,AWP,WE,Towers with Radar,1053,179,27,3,1262,0,10,13,0,23,1053,189,40,3,1285,16,0,16,1301
07/23/2006,PHX,AZ,AWP,WE,Towers with Radar,1098,186,31,1,1316,0,1,22,0,23,1098,187,53,1,1339,18,0,18,1357
07/24/2006,PHX,AZ,AWP,WE,Towers with Radar,1144,221,37,5,1407,0,19,31,0,50,1144,240,68,5,1457,23,0,23,1480
07/25/2006,PHX,AZ,AWP,WE,Towers with Radar,1114,238,32,6,1390,0,21,32,0,53,1114,259,64,6,1443,33,0,33,1476
07/26/2006,PHX,AZ,AWP,WE,Towers with Radar,1192,248,57,10,1507,0,21,22,1,44,1192,269,79,11,1551,28,0,28,1579
07/27/2006,PHX,AZ,AWP,WE,Towers with Radar,1153,237,62,5,1457,0,22,28,1,51,1153,259,90,6,1508,30,0,30,1538
07/28/2006,PHX,AZ,AWP,WE,Towers with Radar,1168,236,52,7,1463,0,26,24,0,50,1168,262,76,7,1513,25,2,27,1540
07/29/2006,PHX,AZ,AWP,WE,Towers with Radar,1061,177,35,7,1280,1,6,10,0,17,1062,183,45,7,1297,41,0,41,1338
07/30/2006,PHX,AZ,AWP,WE,Towers with Radar,1106,178,31,5,1320,0,0,0,0,0,1106,178,31,5,1320,0,0,0,1320
07/31/2006,PHX,AZ,AWP,WE,Towers with Radar,1143,202,39,6,1390,0,23,21,0,44,1143,225,60,6,1434,32,0,32,1466
08/01/2006,PHX,AZ,AWP,WE,Towers with Radar,1169,245,53,9,1476,0,15,38,0,53,1169,260,91,9,1529,48,0,48,1577
08/02/2006,PHX,AZ,AWP,WE,Towers with Radar,1147,238,56,5,1446,0,21,39,0,60,1147,259,95,5,1506,24,0,24,1530
08/03/2006,PHX,AZ,AWP,WE,Towers with Radar,1166,256,60,15,1497,0,20,34,0,54,1166,276,94,15,1551,43,1,44,1595
08/04/2006,PHX,AZ,AWP,WE,Towers with Radar,1160,247,49,12,1468,0,20,37,0,57,1160,267,86,12,1525,32,0,32,1557
08/05/2006,PHX,AZ,AWP,WE,Towers with Radar,1048,185,15,6,1254,0,10,13,0,23,1048,195,28,6,1277,50,0,50,1327
08/06/2006,PHX,AZ,AWP,WE,Towers with Radar,1094,189,23,3,1309,0,7,30,1,38,1094,196,53,4,1347,35,0,35,1382
08/07/2006,PHX,AZ,AWP,WE,Towers with Radar,1125,228,53,4,1410,0,20,40,0,60,1125,248,93,4,1470,41,2,43,1513
08/08/2006,PHX,AZ,AWP,WE,Towers with Radar,1183,238,48,8,1477,0,23,44,0,67,1183,261,92,8,1544,37,0,37,1581
08/09/2006,PHX,AZ,AWP,WE,Towers with Radar,1157,235,49,3,1444,0,25,34,1,60,1157,260,83,4,1504,27,0,27,1531
08/10/2006,PHX,AZ,AWP,WE,Towers with Radar,1156,242,67,7,1472,0,27,44,0,71,1156,269,111,7,1543,44,0,44,1587
08/11/2006,PHX,AZ,AWP,WE,Towers with Radar,1148,241,42,8,1439,0,18,29,0,47,1148,259,71,8,1486,38,0,38,1524
08/12/2006,PHX,AZ,AWP,WE,Towers with Radar,1054,191,18,5,1268,2,11,9,0,22,1056,202,27,5,1290,23,0,23,1313
08/13/2006,PHX,AZ,AWP,WE,Towers with Radar,1098,184,35,4,1321,0,8,12,0,20,1098,192,47,4,1341,37,0,37,1378
08/14/2006,PHX,AZ,AWP,WE,Towers with Radar,1133,231,72,5,1441,0,21,27,2,50,1133,252,99,7,1491,29,0,29,1520
08/15/2006,PHX,AZ,AWP,WE,Towers with Radar,1151,254,92,10,1507,0,26,32,2,60,1151,280,124,12,1567,57,0,57,1624
08/16/2006,PHX,AZ,AWP,WE,Towers with Radar,1147,242,56,5,1450,0,25,42,1,68,1147,267,98,6,1518,50,0,50,1568
08/17/2006,PHX,AZ,AWP,WE,Towers with Radar,1151,232,76,10,1469,0,30,37,0,67,1151,262,113,10,1536,48,0,48,1584
08/18/2006,PHX,AZ,AWP,WE,Towers with Radar,1155,239,48,10,1452,0,24,47,2,73,1155,263,95,12,1525,29,0,29,1554
08/19/2006,PHX,AZ,AWP,WE,Towers with Radar,1058,188,16,2,1264,0,14,22,1,37,1058,202,38,3,1301,27,1,28,1329
08/20/2006,PHX,AZ,AWP,WE,Towers with Radar,1093,185,30,5,1313,0,5,20,0,25,1093,190,50,5,1338,29,0,29,1367
08/21/2006,PHX,AZ,AWP,WE,Towers with Radar,1096,219,57,6,1378,0,23,32,4,59,1096,242,89,10,1437,32,0,32,1469
08/22/2006,PHX,AZ,AWP,WE,Towers with Radar,1151,246,54,6,1457,1,27,27,0,55,1152,273,81,6,1512,49,0,49,1561
08/23/2006,PHX,AZ,AWP,WE,Towers with Radar,1133,227,67,10,1437,0,28,30,4,62,1133,255,97,14,1499,37,4,41,1540
08/24/2006,PHX,AZ,AWP,WE,Towers with Radar,1123,228,46,5,1402,0,23,30,2,55,1123,251,76,7,1457,12,0,12,1469
08/25/2006,PHX,AZ,AWP,WE,Towers with Radar,1149,220,35,6,1410,0,30,35,0,65,1149,250,70,6,1475,42,0,42,1517
08/26/2006,PHX,AZ,AWP,WE,Towers with Radar,1030,180,19,5,1234,0,18,23,0,41,1030,198,42,5,1275,41,0,41,1316
08/27/2006,PHX,AZ,AWP,WE,Towers with Radar,1098,192,35,4,1329,0,4,24,0,28,1098,196,59,4,1357,31,0,31,1388
08/28/2006,PHX,AZ,AWP,WE,Towers with Radar,1127,209,50,2,1388,0,21,31,4,56,1127,230,81,6,1444,46,0,46,1490
08/29/2006,PHX,AZ,AWP,WE,Towers with Radar,1145,229,57,4,1435,0,29,29,4,62,1145,258,86,8,1497,54,0,54,1551
08/30/2006,PHX,AZ,AWP,WE,Towers with Radar,1153,228,56,8,1445,0,26,31,2,59,1153,254,87,10,1504,34,0,34,1538
08/31/2006,PHX,AZ,AWP,WE,Towers with Radar,1149,238,61,9,1457,1,25,39,2,67,1150,263,100,11,1524,45,0,45,1569
09/01/2006,PHX,AZ,AWP,WE,Towers with Radar,1147,236,40,5,1428,0,26,42,0,68,1147,262,82,5,1496,19,0,19,1515
09/02/2006,PHX,AZ,AWP,WE,Towers with Radar,1023,182,14,5,1224,0,11,11,0,22,1023,193,25,5,1246,18,0,18,1264
09/03/2006,PHX,AZ,AWP,WE,Towers with Radar,959,179,11,1,1150,0,6,8,0,14,959,185,19,1,1164,39,2,41,1205
09/04/2006,PHX,AZ,AWP,WE,Towers with Radar,1070,200,38,2,1310,0,4,21,0,25,1070,204,59,2,1335,65,0,65,1400
09/05/2006,PHX,AZ,AWP,WE,Towers with Radar,1124,242,50,7,1423,0,26,39,0,65,1124,268,89,7,1488,18,1,19,1507
09/06/2006,PHX,AZ,AWP,WE,Towers with Radar,1147,241,58,7,1453,0,30,41,4,75,1147,271,99,11,1528,44,0,44,1572
09/07/2006,PHX,AZ,AWP,WE,Towers with Radar,1148,223,58,11,1440,1,24,29,1,55,1149,247,87,12,1495,45,0,45,1540
09/08/2006,PHX,AZ,AWP,WE,Towers with Radar,1149,224,45,9,1427,2,31,24,6,63,1151,255,69,15,1490,25,2,27,1517
09/09/2006,PHX,AZ,AWP,WE,Towers with Radar,1019,173,27,0,1219,0,15,17,0,32,1019,188,44,0,1251,10,0,10,1261
09/10/2006,PHX,AZ,AWP,WE,Towers with Radar,1093,178,39,2,1312,0,3,34,0,37,1093,181,73,2,1349,33,0,33,1382
09/11/2006,PHX,AZ,AWP,WE,Towers with Radar,1118,207,48,5,1378,0,17,44,4,65,1118,224,92,9,1443,50,0,50,1493
09/12/2006,PHX,AZ,AWP,WE,Towers with Radar,1118,222,45,14,1399,0,23,31,6,60,1118,245,76,20,1459,40,0,40,1499
09/13/2006,PHX,AZ,AWP,WE,Towers with Radar,1132,224,66,14,1436,0,25,30,2,57,1132,249,96,16,1493,44,2,46,1539
09/14/2006,PHX,AZ,AWP,WE,Towers with Radar,1152,238,62,8,1460,0,28,34,2,64,1152,266,96,10,1524,15,2,17,1541
09/15/2006,PHX,AZ,AWP,WE,Towers with Radar,1156,241,42,9,1448,0,29,49,0,78,1156,270,91,9,1526,20,4,24,1550
09/16/2006,PHX,AZ,AWP,WE,Towers with Radar,1014,167,22,7,1210,0,12,17,1,30,1014,179,39,8,1240,30,0,30,1270
09/17/2006,PHX,AZ,AWP,WE,Towers with Radar,1101,183,38,5,1327,0,5,25,1,31,1101,188,63,6,1358,25,0,25,1383
09/18/2006,PHX,AZ,AWP,WE,Towers with Radar,1131,198,52,7,1388,0,24,34,0,58,1131,222,86,7,1446,49,0,49,1495
09/19/2006,PHX,AZ,AWP,WE,Towers with Radar,1137,221,63,9,1430,0,30,41,0,71,1137,251,104,9,1501,31,0,31,1532
09/20/2006,PHX,AZ,AWP,WE,Towers with Radar,1139,224,59,16,1438,0,27,33,5,65,1139,251,92,21,1503,32,2,34,1537
09/21/2006,PHX,AZ,AWP,WE,Towers with Radar,1155,237,50,14,1456,0,23,40,0,63,1155,260,90,14,1519,58,0,58,1577
09/22/2006,PHX,AZ,AWP,WE,Towers with Radar,1150,223,59,13,1445,0,55,48,0,103,1150,278,107,13,1548,16,0,16,1564
09/23/2006,PHX,AZ,AWP,WE,Towers with Radar,1012,166,25,2,1205,0,11,24,0,35,1012,177,49,2,1240,48,0,48,1288
09/24/2006,PHX,AZ,AWP,WE,Towers with Radar,1096,176,41,3,1316,0,4,23,0,27,1096,180,64,3,1343,18,0,18,1361
09/25/2006,PHX,AZ,AWP,WE,Towers with Radar,1129,209,44,4,1386,0,24,39,2,65,1129,233,83,6,1451,45,1,46,1497
09/26/2006,PHX,AZ,AWP,WE,Towers with Radar,1127,227,68,8,1430,0,25,57,0,82,1127,252,125,8,1512,32,1,33,1545
09/27/2006,PHX,AZ,AWP,WE,Towers with Radar,1144,218,71,2,1435,0,28,55,0,83,1144,246,126,2,1518,31,0,31,1549
09/28/2006,PHX,AZ,AWP,WE,Towers with Radar,1152,223,56,4,1435,0,30,53,0,83,1152,253,109,4,1518,29,0,29,1547
09/29/2006,PHX,AZ,AWP,WE,Towers with Radar,1173,233,54,1,1461,0,33,37,2,72,1173,266,91,3,1533,30,0,30,1563
09/30/2006,PHX,AZ,AWP,WE,Towers with Radar,1021,161,33,3,1218,0,21,19,0,40,1021,182,52,3,1258,26,0,26,1284
10/01/2006,PHX,AZ,AWP,WE,Towers with Radar,1117,169,43,1,1330,0,15,36,0,51,1117,184,79,1,1381,38,0,38,1419
10/02/2006,PHX,AZ,AWP,WE,Towers with Radar,1133,194,49,4,1380,0,22,25,0,47,1133,216,74,4,1427,33,4,37,1464
10/03/2006,PHX,AZ,AWP,WE,Towers with Radar,1154,235,40,6,1435,1,32,30,1,64,1155,267,70,7,1499,51,4,55,1554
10/04/2006,PHX,AZ,AWP,WE,Towers with Radar,1152,242,52,12,1458,0,25,32,5,62,1152,267,84,17,1520,32,0,32,1552
10/05/2006,PHX,AZ,AWP,WE,Towers with Radar,1154,236,80,9,1479,0,19,28,1,48,1154,255,108,10,1527,41,0,41,1568
10/06/2006,PHX,AZ,AWP,WE,Towers with Radar,1156,226,54,9,1445,0,20,25,1,46,1156,246,79,10,1491,31,0,31,1522
10/07/2006,PHX,AZ,AWP,WE,Towers with Radar,1037,172,39,4,1252,0,12,21,1,34,1037,184,60,5,1286,34,0,34,1320
10/08/2006,PHX,AZ,AWP,WE,Towers with Radar,1113,176,43,2,1334,0,3,19,1,23,1113,179,62,3,1357,17,0,17,1374
10/09/2006,PHX,AZ,AWP,WE,Towers with Radar,1141,212,50,5,1408,0,16,34,1,51,1141,228,84,6,1459,23,0,23,1482
10/10/2006,PHX,AZ,AWP,WE,Towers with Radar,1141,214,59,10,1424,0,28,36,4,68,1141,242,95,14,1492,28,1,29,1521
10/11/2006,PHX,AZ,AWP,WE,Towers with Radar,1142,226,64,7,1439,0,20,38,2,60,1142,246,102,9,1499,33,0,33,1532
10/12/2006,PHX,AZ,AWP,WE,Towers with Radar,1152,221,57,13,1443,0,21,31,0,52,1152,242,88,13,1495,21,0,21,1516
10/13/2006,PHX,AZ,AWP,WE,Towers with Radar,1184,230,48,7,1469,0,40,40,1,81,1184,270,88,8,1550,51,2,53,1603
10/14/2006,PHX,AZ,AWP,WE,Towers with Radar,1027,170,31,4,1232,0,8,8,2,18,1027,178,39,6,1250,15,0,15,1265
10/15/2006,PHX,AZ,AWP,WE,Towers with Radar,1108,172,51,2,1333,0,6,16,0,22,1108,178,67,2,1355,20,0,20,1375
10/16/2006,PHX,AZ,AWP,WE,Towers with Radar,1136,215,44,6,1401,0,19,26,0,45,1136,234,70,6,1446,33,1,34,1480
10/17/2006,PHX,AZ,AWP,WE,Towers with Radar,1142,234,65,9,1450,0,14,22,4,40,1142,248,87,13,1490,22,0,22,1512
10/18/2006,PHX,AZ,AWP,WE,Towers with Radar,1140,227,51,13,1431,0,24,34,5,63,1140,251,85,18,1494,40,1,41,1535
10/19/2006,PHX,AZ,AWP,WE,Towers with Radar,1167,229,78,7,1481,1,22,45,5,73,1168,251,123,12,1554,29,0,29,1583
10/20/2006,PHX,AZ,AWP,WE,Towers with Radar,1159,234,52,12,1457,0,29,41,0,70,1159,263,93,12,1527,35,3,38,1565
10/21/2006,PHX,AZ,AWP,WE,Towers with Radar,1033,178,26,5,1242,0,15,39,0,54,1033,193,65,5,1296,28,0,28,1324
10/22/2006,PHX,AZ,AWP,WE,Towers with Radar,1111,179,38,1,1329,0,7,35,0,42,1111,186,73,1,1371,21,0,21,1392
10/23/2006,PHX,AZ,AWP,WE,Towers with Radar,1145,204,35,7,1391,0,17,28,4,49,1145,221,63,11,1440,26,0,26,1466
10/24/2006,PHX,AZ,AWP,WE,Towers with Radar,1132,235,75,7,1449,0,18,14,0,32,1132,253,89,7,1481,21,0,21,1502
10/25/2006,PHX,AZ,AWP,WE,Towers with Radar,1143,234,67,11,1455,0,14,36,5,55,1143,248,103,16,1510,38,0,38,1548
10/26/2006,PHX,AZ,AWP,WE,Towers with Radar,1141,234,60,5,1440,0,21,41,6,68,1141,255,101,11,1508,54,0,54,1562
10/27/2006,PHX,AZ,AWP,WE,Towers with Radar,1169,233,61,19,1482,0,23,37,3,63,1169,256,98,22,1545,21,0,21,1566
10/28/2006,PHX,AZ,AWP,WE,Towers with Radar,1029,192,40,8,1269,0,20,26,4,50,1029,212,66,12,1319,38,0,38,1357
10/29/2006,PHX,AZ,AWP,WE,Towers with Radar,1104,190,38,6,1338,0,5,20,0,25,1104,195,58,6,1363,43,0,43,1406
10/30/2006,PHX,AZ,AWP,WE,Towers with Radar,1145,202,43,5,1395,0,26,26,5,57,1145,228,69,10,1452,32,0,32,1484
10/31/2006,PHX,AZ,AWP,WE,Towers with Radar,1139,221,39,8,1407,0,24,30,0,54,1139,245,69,8,1461,35,0,35,1496
11/01/2006,PHX,AZ,AWP,WE,Towers with Radar,1145,240,63,6,1454,1,28,34,0,63,1146,268,97,6,1517,50,0,50,1567
11/02/2006,PHX,AZ,AWP,WE,Towers with Radar,1161,232,68,5,1466,2,23,28,7,60,1163,255,96,12,1526,51,0,51,1577
11/03/2006,PHX,AZ,AWP,WE,Towers with Radar,1159,256,65,21,1501,0,20,43,2,65,1159,276,108,23,1566,18,0,18,1584
11/04/2006,PHX,AZ,AWP,WE,Towers with Radar,1019,184,21,14,1238,0,16,31,0,47,1019,200,52,14,1285,38,0,38,1323
11/05/2006,PHX,AZ,AWP,WE,Towers with Radar,1105,192,43,8,1348,0,11,29,3,43,1105,203,72,11,1391,28,0,28,1419
11/06/2006,PHX,AZ,AWP,WE,Towers with Radar,1145,212,53,5,1415,0,15,37,0,52,1145,227,90,5,1467,42,1,43,1510
11/07/2006,PHX,AZ,AWP,WE,Towers with Radar,1151,233,75,5,1464,0,31,33,3,67,1151,264,108,8,1531,40,0,40,1571
11/08/2006,PHX,AZ,AWP,WE,Towers with Radar,1145,243,61,7,1456,0,30,30,1,61,1145,273,91,8,1517,43,0,43,1560
11/09/2006,PHX,AZ,AWP,WE,Towers with Radar,1164,239,86,6,1495,0,34,40,0,74,1164,273,126,6,1569,33,0,33,1602
11/10/2006,PHX,AZ,AWP,WE,Towers with Radar,1154,252,59,3,1468,0,20,36,0,56,1154,272,95,3,1524,45,0,45,1569
11/11/2006,PHX,AZ,AWP,WE,Towers with Radar,1023,189,51,2,1265,0,18,34,1,53,1023,207,85,3,1318,36,0,36,1354
11/12/2006,PHX,AZ,AWP,WE,Towers with Radar,1105,185,67,3,1360,0,6,30,0,36,1105,191,97,3,1396,89,0,89,1485
11/13/2006,PHX,AZ,AWP,WE,Towers with Radar,1143,227,51,9,1430,0,34,37,4,75,1143,261,88,13,1505,55,4,59,1564
11/14/2006,PHX,AZ,AWP,WE,Towers with Radar,1153,244,57,13,1467,0,26,29,0,55,1153,270,86,13,1522,35,0,35,1557
11/15/2006,PHX,AZ,AWP,WE,Towers with Radar,1142,269,96,10,1517,0,30,43,1,74,1142,299,139,11,1591,44,0,44,1635
11/16/2006,PHX,AZ,AWP,WE,Towers with Radar,1159,252,92,13,1516,0,29,53,0,82,1159,281,145,13,1598,39,0,39,1637
11/17/2006,PHX,AZ,AWP,WE,Towers with Radar,1184,252,83,21,1540,0,25,35,0,60,1184,277,118,21,1600,24,0,24,1624
11/18/2006,PHX,AZ,AWP,WE,Towers with Radar,1025,185,29,15,1254,0,14,16,1,31,1025,199,45,16,1285,22,0,22,1307
11/19/2006,PHX,AZ,AWP,WE,Towers with Radar,1111,188,47,5,1351,0,7,26,1,34,1111,195,73,6,1385,41,0,41,1426
11/20/2006,PHX,AZ,AWP,WE,Towers with Radar,1150,207,33,9,1399,0,29,29,1,59,1150,236,62,10,1458,39,0,39,1497
11/21/2006,PHX,AZ,AWP,WE,Towers with Radar,1191,242,47,3,1483,0,35,21,0,56,1191,277,68,3,1539,47,0,47,1586
11/22/2006,PHX,AZ,AWP,WE,Towers with Radar,1181,238,78,4,1501,0,28,28,0,56,1181,266,106,4,1557,52,0,52,1609
11/23/2006,PHX,AZ,AWP,WE,Towers with Radar,894,143,16,0,1053,0,10,11,0,21,894,153,27,0,1074,43,0,43,1117
11/24/2006,PHX,AZ,AWP,WE,Towers with Radar,1048,178,31,0,1257,0,35,37,1,73,1048,213,68,1,1330,34,0,34,1364
11/25/2006,PHX,AZ,AWP,WE,Towers with Radar,1045,184,31,0,1260,0,23,23,0,46,1045,207,54,0,1306,29,0,29,1335
11/26/2006,PHX,AZ,AWP,WE,Towers with Radar,1143,187,54,0,1384,1,7,21,0,29,1144,194,75,0,1413,15,0,15,1428
11/27/2006,PHX,AZ,AWP,WE,Towers with Radar,1153,222,43,4,1422,0,14,24,0,38,1153,236,67,4,1460,30,0,30,1490
11/28/2006,PHX,AZ,AWP,WE,Towers with Radar,1176,265,91,8,1540,0,11,17,0,28,1176,276,108,8,1568,31,0,31,1599
11/29/2006,PHX,AZ,AWP,WE,Towers with Radar,1155,248,86,9,1498,0,18,42,0,60,1155,266,128,9,1558,46,0,46,1604
11/30/2006,PHX,AZ,AWP,WE,Towers with Radar,1136,256,64,17,1473,0,30,36,2,68,1136,286,100,19,1541,26,0,26,1567
12/01/2006,PHX,AZ,AWP,WE,Towers with Radar,1140,246,55,24,1465,0,30,41,2,73,1140,276,96,26,1538,18,0,18,1556
12/02/2006,PHX,AZ,AWP,WE,Towers with Radar,1029,171,43,9,1252,0,8,27,2,37,1029,179,70,11,1289,34,2,36,1325
12/03/2006,PHX,AZ,AWP,WE,Towers with Radar,1106,180,34,20,1340,0,7,5,0,12,1106,187,39,20,1352,35,0,35,1387
12/04/2006,PHX,AZ,AWP,WE,Towers with Radar,1146,225,64,3,1438,0,20,40,5,65,1146,245,104,8,1503,29,1,30,1533
12/05/2006,PHX,AZ,AWP,WE,Towers with Radar,1149,240,60,10,1459,0,31,39,5,75,1149,271,99,15,1534,28,0,28,1562
12/06/2006,PHX,AZ,AWP,WE,Towers with Radar,1151,250,63,12,1476,2,31,48,2,83,1153,281,111,14,1559,27,0,27,1586
12/07/2006,PHX,AZ,AWP,WE,Towers with Radar,1155,241,62,8,1466,2,37,35,1,75,1157,278,97,9,1541,20,0,20,1561
12/08/2006,PHX,AZ,AWP,WE,Towers with Radar,1171,237,41,5,1454,0,31,33,4,68,1171,268,74,9,1522,30,0,30,1552
12/09/2006,PHX,AZ,AWP,WE,Towers with Radar,1011,181,36,6,1234,0,22,19,1,42,1011,203,55,7,1276,30,0,30,1306
12/10/2006,PHX,AZ,AWP,WE,Towers with Radar,1085,179,42,3,1309,0,6,11,0,17,1085,185,53,3,1326,32,0,32,1358
12/11/2006,PHX,AZ,AWP,WE,Towers with Radar,1128,223,56,5,1412,0,32,32,1,65,1128,255,88,6,1477,37,0,37,1514
12/12/2006,PHX,AZ,AWP,WE,Towers with Radar,1165,230,50,10,1455,0,24,31,0,55,1165,254,81,10,1510,34,0,34,1544
12/13/2006,PHX,AZ,AWP,WE,Towers with Radar,1162,245,68,11,1486,0,25,31,0,56,1162,270,99,11,1542,35,0,35,1577
12/14/2006,PHX,AZ,AWP,WE,Towers with Radar,1159,246,85,7,1497,0,33,39,0,72,1159,279,124,7,1569,34,1,35,1604
12/15/2006,PHX,AZ,AWP,WE,Towers with Radar,1199,234,50,0,1483,0,28,35,0,63,1199,262,85,0,1546,29,0,29,1575
12/16/2006,PHX,AZ,AWP,WE,Towers with Radar,1052,179,32,4,1267,2,16,18,0,36,1054,195,50,4,1303,32,0,32,1335
12/17/2006,PHX,AZ,AWP,WE,Towers with Radar,1140,190,26,5,1361,0,1,7,0,8,1140,191,33,5,1369,23,0,23,1392
12/18/2006,PHX,AZ,AWP,WE,Towers with Radar,1156,224,68,7,1455,0,16,13,0,29,1156,240,81,7,1484,34,0,34,1518
12/19/2006,PHX,AZ,AWP,WE,Towers with Radar,1213,246,69,4,1532,0,25,32,0,57,1213,271,101,4,1589,41,0,41,1630
12/20/2006,PHX,AZ,AWP,WE,Towers with Radar,1161,225,58,5,1449,0,31,47,0,78,1161,256,105,5,1527,16,0,16,1543
12/21/2006,PHX,AZ,AWP,WE,Towers with Radar,1163,228,66,5,1462,0,34,38,0,72,1163,262,104,5,1534,22,0,22,1556
12/22/2006,PHX,AZ,AWP,WE,Towers with Radar,1189,259,71,2,1521,0,12,12,0,24,1189,271,83,2,1545,39,0,39,1584
12/23/2006,PHX,AZ,AWP,WE,Towers with Radar,1052,207,49,1,1309,0,11,15,0,26,1052,218,64,1,1335,30,0,30,1365
12/24/2006,PHX,AZ,AWP,WE,Towers with Radar,1059,162,20,0,1241,0,7,19,0,26,1059,169,39,0,1267,40,0,40,1307
12/25/2006,PHX,AZ,AWP,WE,Towers with Radar,1056,168,12,0,1236,0,6,5,0,11,1056,174,17,0,1247,41,0,41,1288
12/26/2006,PHX,AZ,AWP,WE,Towers with Radar,1153,227,55,2,1437,0,21,15,1,37,1153,248,70,3,1474,33,1,34,1508
12/27/2006,PHX,AZ,AWP,WE,Towers with Radar,1195,245,33,0,1473,2,13,17,2,34,1197,258,50,2,1507,24,0,24,1531
12/28/2006,PHX,AZ,AWP,WE,Towers with Radar,1180,259,49,0,1488,0,4,2,0,6,1180,263,51,0,1494,23,0,23,1517
12/29/2006,PHX,AZ,AWP,WE,Towers with Radar,1177,245,49,1,1472,0,14,20,2,36,1177,259,69,3,1508,27,0,27,1535
12/30/2006,PHX,AZ,AWP,WE,Towers with Radar,1147,195,41,3,1386,0,18,13,0,31,1147,213,54,3,1417,32,0,32,1449
12/31/2006,PHX,AZ,AWP,WE,Towers with Radar,1055,172,24,0,1251,0,8,17,0,25,1055,180,41,0,1276,25,0,25,1301
01/01/2007,PHX,AZ,AWP,WE,Towers with Radar,1119,191,40,2,1352,0,19,24,0,43,1119,210,64,2,1395,44,0,44,1439
01/02/2007,PHX,AZ,AWP,WE,Towers with Radar,1239,238,62,1,1540,2,25,28,2,57,1241,263,90,3,1597,59,1,60,1657
01/03/2007,PHX,AZ,AWP,WE,Towers with Radar,1186,234,45,1,1466,0,27,31,3,61,1186,261,76,4,1527,32,3,35,1562
01/04/2007,PHX,AZ,AWP,WE,Towers with Radar,1156,222,59,10,1447,2,33,30,0,65,1158,255,89,10,1512,28,0,28,1540
01/05/2007,PHX,AZ,AWP,WE,Towers with Radar,1159,242,46,7,1454,0,13,10,1,24,1159,255,56,8,1478,22,0,22,1500
01/06/2007,PHX,AZ,AWP,WE,Towers with Radar,1135,186,47,1,1369,1,21,15,3,40,1136,207,62,4,1409,37,0,37,1446
01/07/2007,PHX,AZ,AWP,WE,Towers with Radar,1131,181,55,5,1372,0,4,23,0,27,1131,185,78,5,1399,33,0,33,1432
01/08/2007,PHX,AZ,AWP,WE,Towers with Radar,1162,234,80,6,1482,0,21,27,0,48,1162,255,107,6,1530,47,0,47,1577
01/09/2007,PHX,AZ,AWP,WE,Towers with Radar,1234,258,123,6,1621,0,28,31,0,59,1234,286,154,6,1680,33,0,33,1713
01/10/2007,PHX,AZ,AWP,WE,Towers with Radar,1158,240,71,6,1475,0,26,28,2,56,1158,266,99,8,1531,54,0,54,1585
01/11/2007,PHX,AZ,AWP,WE,Towers with Radar,1156,242,80,6,1484,0,25,13,1,39,1156,267,93,7,1523,35,0,35,1558
01/12/2007,PHX,AZ,AWP,WE,Towers with Radar,1150,226,62,6,1444,0,11,13,1,25,1150,237,75,7,1469,18,0,18,1487
01/13/2007,PHX,AZ,AWP,WE,Towers with Radar,1027,179,42,8,1256,0,10,26,0,36,1027,189,68,8,1292,36,0,36,1328
01/14/2007,PHX,AZ,AWP,WE,Towers with Radar,1050,175,38,3,1266,0,6,12,0,18,1050,181,50,3,1284,16,0,16,1300
01/15/2007,PHX,AZ,AWP,WE,Towers with Radar,1127,216,58,1,1402,3,17,36,0,56,1130,233,94,1,1458,47,0,47,1505
01/16/2007,PHX,AZ,AWP,WE,Towers with Radar,1135,209,61,4,1409,0,27,33,4,64,1135,236,94,8,1473,37,0,37,1510
01/17/2007,PHX,AZ,AWP,WE,Towers with Radar,1100,222,68,0,1390,1,36,49,1,87,1101,258,117,1,1477,30,0,30,1507
01/18/2007,PHX,AZ,AWP,WE,Towers with Radar,1133,238,67,4,1442,0,26,41,0,67,1133,264,108,4,1509,21,0,21,1530
01/19/2007,PHX,AZ,AWP,WE,Towers with Radar,1134,247,73,7,1461,0,8,7,0,15,1134,255,80,7,1476,8,0,8,1484
01/20/2007,PHX,AZ,AWP,WE,Towers with Radar,1039,187,35,0,1261,0,3,9,2,14,1039,190,44,2,1275,17,0,17,1292
01/21/2007,PHX,AZ,AWP,WE,Towers with Radar,1081,170,55,3,1309,0,0,4,1,5,1081,170,59,4,1314,15,0,15,1329
01/22/2007,PHX,AZ,AWP,WE,Towers with Radar,1127,242,57,3,1429,0,20,15,0,35,1127,262,72,3,1464,20,0,20,1484
01/23/2007,PHX,AZ,AWP,WE,Towers with Radar,1147,222,59,6,1434,0,32,30,0,62,1147,254,89,6,1496,24,0,24,1520
01/24/2007,PHX,AZ,AWP,WE,Towers with Radar,1151,225,70,9,1455,0,28,36,1,65,1151,253,106,10,1520,21,0,21,1541
01/25/2007,PHX,AZ,AWP,WE,Towers with Radar,1133,224,75,7,1439,1,30,36,4,71,1134,254,111,11,1510,54,0,54,1564
01/26/2007,PHX,AZ,AWP,WE,Towers with Radar,1132,226,59,5,1422,0,30,36,4,70,1132,256,95,9,1492,0,0,0,1492
01/27/2007,PHX,AZ,AWP,WE,Towers with Radar,1045,181,55,1,1282,0,14,26,3,43,1045,195,81,4,1325,26,0,26,1351
01/28/2007,PHX,AZ,AWP,WE,Towers with Radar,1105,183,55,6,1349,0,4,25,0,29,1105,187,80,6,1378,1,0,1,1379
01/29/2007,PHX,AZ,AWP,WE,Towers with Radar,1137,189,54,8,1388,0,23,28,1,52,1137,212,82,9,1440,19,0,19,1459
01/30/2007,PHX,AZ,AWP,WE,Towers with Radar,1141,230,74,9,1454,0,12,12,0,24,1141,242,86,9,1478,31,0,31,1509
01/31/2007,PHX,AZ,AWP,WE,Towers with Radar,1133,243,68,5,1449,0,9,12,0,21,1133,252,80,5,1470,31,0,31,1501
02/01/2007,PHX,AZ,AWP,WE,Towers with Radar,1158,255,70,6,1489,0,16,29,0,45,1158,271,99,6,1534,18,1,19,1553
02/02/2007,PHX,AZ,AWP,WE,Towers with Radar,1154,218,68,7,1447,1,29,46,2,78,1155,247,114,9,1525,28,0,28,1553
02/03/2007,PHX,AZ,AWP,WE,Towers with Radar,1044,168,36,8,1256,0,17,35,0,52,1044,185,71,8,1308,16,0,16,1324
02/04/2007,PHX,AZ,AWP,WE,Towers with Radar,1105,150,40,5,1300,0,8,26,1,35,1105,158,66,6,1335,8,0,8,1343
02/05/2007,PHX,AZ,AWP,WE,Towers with Radar,1132,201,62,4,1399,0,24,34,0,58,1132,225,96,4,1457,25,0,25,1482
02/06/2007,PHX,AZ,AWP,WE,Towers with Radar,1142,221,55,6,1424,0,40,33,1,74,1142,261,88,7,1498,35,0,35,1533
02/07/2007,PHX,AZ,AWP,WE,Towers with Radar,1162,215,65,4,1446,2,35,32,3,72,1164,250,97,7,1518,19,0,19,1537
02/08/2007,PHX,AZ,AWP,WE,Towers with Radar,1164,232,73,3,1472,0,41,40,4,85,1164,273,113,7,1557,27,0,27,1584
02/09/2007,PHX,AZ,AWP,WE,Towers with Radar,1158,236,59,14,1467,25,101,84,11,221,1183,337,143,25,1688,40,5,45,1733
02/10/2007,PHX,AZ,AWP,WE,Towers with Radar,1052,163,27,5,1247,2,57,47,9,115,1054,220,74,14,1362,29,0,29,1391
02/11/2007,PHX,AZ,AWP,WE,Towers with Radar,1097,180,53,15,1345,3,20,13,0,36,1100,200,66,15,1381,41,0,41,1422
02/12/2007,PHX,AZ,AWP,WE,Towers with Radar,1136,206,54,8,1404,2,67,68,7,144,1138,273,122,15,1548,47,0,47,1595
02/13/2007,PHX,AZ,AWP,WE,Towers with Radar,1067,248,64,9,1388,0,42,35,0,77,1067,290,99,9,1465,30,0,30,1495
02/14/2007,PHX,AZ,AWP,WE,Towers with Radar,1093,243,86,8,1430,0,60,53,4,117,1093,303,139,12,1547,42,0,42,1589
02/15/2007,PHX,AZ,AWP,WE,Towers with Radar,1177,213,72,11,1473,0,49,53,0,102,1177,262,125,11,1575,32,5,37,1612
02/16/2007,PHX,AZ,AWP,WE,Towers with Radar,1164,227,76,7,1474,0,52,100,2,154,1164,279,176,9,1628,54,0,54,1682
02/17/2007,PHX,AZ,AWP,WE,Towers with Radar,1060,182,30,14,1286,0,91,53,1,145,1060,273,83,15,1431,27,0,27,1458
02/18/2007,PHX,AZ,AWP,WE,Towers with Radar,1118,196,44,19,1377,0,38,38,3,79,1118,234,82,22,1456,37,0,37,1493
02/19/2007,PHX,AZ,AWP,WE,Towers with Radar,1160,224,79,11,1474,0,15,23,0,38,1160,239,102,11,1512,34,0,34,1546
02/20/2007,PHX,AZ,AWP,WE,Towers with Radar,1191,235,66,11,1503,0,30,32,5,67,1191,265,98,16,1570,25,0,25,1595
02/21/2007,PHX,AZ,AWP,WE,Towers with Radar,1160,212,71,6,1449,0,38,36,5,79,1160,250,107,11,1528,32,0,32,1560
02/22/2007,PHX,AZ,AWP,WE,Towers with Radar,1188,226,70,11,1495,0,65,37,5,107,1188,291,107,16,1602,36,0,36,1638
02/23/2007,PHX,AZ,AWP,WE,Towers with Radar,1169,222,58,14,1463,0,23,19,0,42,1169,245,77,14,1505,14,0,14,1519
02/24/2007,PHX,AZ,AWP,WE,Towers with Radar,1013,183,37,3,1236,1,46,46,4,97,1014,229,83,7,1333,33,0,33,1366
02/25/2007,PHX,AZ,AWP,WE,Towers with Radar,1061,174,60,7,1302,3,18,32,3,56,1064,192,92,10,1358,25,0,25,1383
02/26/2007,PHX,AZ,AWP,WE,Towers with Radar,1169,206,46,2,1423,0,37,42,6,85,1169,243,88,8,1508,28,0,28,1536
02/27/2007,PHX,AZ,AWP,WE,Towers with Radar,1184,251,67,3,1505,0,40,34,0,74,1184,291,101,3,1579,20,0,20,1599
02/28/2007,PHX,AZ,AWP,WE,Towers with Radar,1174,247,71,6,1498,0,21,23,0,44,1174,268,94,6,1542,25,0,25,1567
03/01/2007,PHX,AZ,AWP,WE,Towers with Radar,1161,242,60,9,1472,0,31,32,1,64,1161,273,92,10,1536,34,0,34,1570
03/02/2007,PHX,AZ,AWP,WE,Towers with Radar,1178,247,66,8,1499,0,51,53,3,107,1178,298,119,11,1606,29,0,29,1635
03/03/2007,PHX,AZ,AWP,WE,Towers with Radar,1083,172,34,11,1300,0,65,41,0,106,1083,237,75,11,1406,32,0,32,1438
03/04/2007,PHX,AZ,AWP,WE,Towers with Radar,1136,172,62,8,1378,0,9,28,0,37,1136,181,90,8,1415,33,0,33,1448
03/05/2007,PHX,AZ,AWP,WE,Towers with Radar,1167,204,48,6,1425,0,45,35,1,81,1167,249,83,7,1506,21,0,21,1527
03/06/2007,PHX,AZ,AWP,WE,Towers with Radar,1179,229,66,9,1483,0,49,49,2,100,1179,278,115,11,1583,31,2,33,1616
03/07/2007,PHX,AZ,AWP,WE,Towers with Radar,1189,239,67,7,1502,0,29,34,1,64,1189,268,101,8,1566,55,0,55,1621
03/08/2007,PHX,AZ,AWP,WE,Towers with Radar,1207,244,74,13,1538,0,28,32,1,61,1207,272,106,14,1599,27,0,27,1626
03/09/2007,PHX,AZ,AWP,WE,Towers with Radar,1190,246,80,14,1530,0,27,36,1,64,1190,273,116,15,1594,32,0,32,1626
03/10/2007,PHX,AZ,AWP,WE,Towers with Radar,1078,183,36,9,1306,0,41,43,1,85,1078,224,79,10,1391,28,0,28,1419
03/11/2007,PHX,AZ,AWP,WE,Towers with Radar,1164,190,48,6,1408,0,15,26,0,41,1164,205,74,6,1449,47,0,47,1496
03/12/2007,PHX,AZ,AWP,WE,Towers with Radar,1166,214,59,3,1442,0,40,32,2,74,1166,254,91,5,1516,27,0,27,1543
03/13/2007,PHX,AZ,AWP,WE,Towers with Radar,1170,243,61,5,1479,0,57,57,3,117,1170,300,118,8,1596,19,0,19,1615
03/14/2007,PHX,AZ,AWP,WE,Towers with Radar,1105,233,70,9,1417,0,33,55,1,89,1105,266,125,10,1506,27,0,27,1533
03/15/2007,PHX,AZ,AWP,WE,Towers with Radar,1194,230,58,9,1491,0,44,51,1,96,1194,274,109,10,1587,19,0,19,1606
03/16/2007,PHX,AZ,AWP,WE,Towers with Radar,1135,237,65,13,1450,1,62,66,3,132,1136,299,131,16,1582,35,0,35,1617
03/17/2007,PHX,AZ,AWP,WE,Towers with Radar,1084,180,31,6,1301,0,43,47,2,92,1084,223,78,8,1393,31,0,31,1424
03/18/2007,PHX,AZ,AWP,WE,Towers with Radar,1148,193,51,9,1401,0,61,46,0,107,1148,254,97,9,1508,21,0,21,1529
03/19/2007,PHX,AZ,AWP,WE,Towers with Radar,1182,198,45,5,1430,0,30,33,2,65,1182,228,78,7,1495,23,0,23,1518
03/20/2007,PHX,AZ,AWP,WE,Towers with Radar,1185,238,68,11,1502,0,38,45,0,83,1185,276,113,11,1585,13,0,13,1598
03/21/2007,PHX,AZ,AWP,WE,Towers with Radar,1179,234,45,4,1462,0,22,35,1,58,1179,256,80,5,1520,34,0,34,1554
03/22/2007,PHX,AZ,AWP,WE,Towers with Radar,1135,216,81,3,1435,0,8,18,3,29,1135,224,99,6,1464,11,0,11,1475
03/23/2007,PHX,AZ,AWP,WE,Towers with Radar,1197,232,60,4,1493,0,9,16,0,25,1197,241,76,4,1518,22,0,22,1540
03/24/2007,PHX,AZ,AWP,WE,Towers with Radar,1100,175,49,1,1325,0,77,79,2,158,1100,252,128,3,1483,32,0,32,1515
03/25/2007,PHX,AZ,AWP,WE,Towers with Radar,1142,185,61,1,1389,0,26,25,0,51,1142,211,86,1,1440,33,0,33,1473
03/26/2007,PHX,AZ,AWP,WE,Towers with Radar,1173,220,60,5,1458,0,34,49,0,83,1173,254,109,5,1541,33,6,39,1580
03/27/2007,PHX,AZ,AWP,WE,Towers with Radar,1188,234,70,8,1500,0,25,38,0,63,1188,259,108,8,1563,34,0,34,1597
03/28/2007,PHX,AZ,AWP,WE,Towers with Radar,1189,243,86,8,1526,0,22,49,1,72,1189,265,135,9,1598,37,0,37,1635
03/29/2007,PHX,AZ,AWP,WE,Towers with Radar,1195,228,79,14,1516,0,28,36,0,64,1195,256,115,14,1580,36,0,36,1616
03/30/2007,PHX,AZ,AWP,WE,Towers with Radar,1185,232,63,17,1497,0,23,42,2,67,1185,255,105,19,1564,10,2,12,1576
03/31/2007,PHX,AZ,AWP,WE,Towers with Radar,1087,177,45,7,1316,0,26,24,0,50,1087,203,69,7,1366,26,1,27,1393
04/01/2007,PHX,AZ,AWP,WE,Towers with Radar,1137,175,60,12,1384,2,10,29,2,43,1139,185,89,14,1427,22,0,22,1449
04/02/2007,PHX,AZ,AWP,WE,Towers with Radar,1165,205,48,12,1430,1,28,29,1,59,1166,233,77,13,1489,16,0,16,1505
04/03/2007,PHX,AZ,AWP,WE,Towers with Radar,1158,228,51,14,1451,0,28,45,1,74,1158,256,96,15,1525,31,0,31,1556
04/04/2007,PHX,AZ,AWP,WE,Towers with Radar,1181,234,61,10,1486,0,30,40,0,70,1181,264,101,10,1556,33,0,33,1589
04/05/2007,PHX,AZ,AWP,WE,Towers with Radar,1188,229,50,12,1479,0,17,57,3,77,1188,246,107,15,1556,34,0,34,1590
04/06/2007,PHX,AZ,AWP,WE,Towers with Radar,1177,236,44,7,1464,0,20,36,1,57,1177,256,80,8,1521,31,0,31,1552
04/07/2007,PHX,AZ,AWP,WE,Towers with Radar,1094,171,19,6,1290,0,31,44,0,75,1094,202,63,6,1365,29,0,29,1394
04/08/2007,PHX,AZ,AWP,WE,Towers with Radar,1151,173,29,3,1356,0,29,27,1,57,1151,202,56,4,1413,35,0,35,1448
04/09/2007,PHX,AZ,AWP,WE,Towers with Radar,1159,191,45,11,1406,1,41,46,0,88,1160,232,91,11,1494,34,0,34,1528
04/10/2007,PHX,AZ,AWP,WE,Towers with Radar,1176,218,72,12,1478,0,47,49,1,97,1176,265,121,13,1575,39,0,39,1614
04/11/2007,PHX,AZ,AWP,WE,Towers with Radar,1166,236,65,16,1483,0,23,26,1,50,1166,259,91,17,1533,35,0,35,1568
04/12/2007,PHX,AZ,AWP,WE,Towers with Radar,1171,240,72,6,1489,0,9,20,0,29,1171,249,92,6,1518,32,0,32,1550
04/13/2007,PHX,AZ,AWP,WE,Towers with Radar,1172,229,59,10,1470,0,22,38,3,63,1172,251,97,13,1533,17,0,17,1550
04/14/2007,PHX,AZ,AWP,WE,Towers with Radar,1096,176,21,5,1298,0,34,28,3,65,1096,210,49,8,1363,27,0,27,1390
04/15/2007,PHX,AZ,AWP,WE,Towers with Radar,1125,189,53,3,1370,0,19,31,1,51,1125,208,84,4,1421,39,1,40,1461
04/16/2007,PHX,AZ,AWP,WE,Towers with Radar,1176,200,44,8,1428,0,41,47,0,88,1176,241,91,8,1516,27,0,27,1543
04/17/2007,PHX,AZ,AWP,WE,Towers with Radar,1175,223,58,24,1480,0,38,39,0,77,1175,261,97,24,1557,35,0,35,1592
04/18/2007,PHX,AZ,AWP,WE,Towers with Radar,1160,230,80,16,1486,3,24,45,1,73,1163,254,125,17,1559,29,0,29,1588
04/19/2007,PHX,AZ,AWP,WE,Towers with Radar,1175,220,96,15,1506,1,23,49,0,73,1176,243,145,15,1579,14,0,14,1593
04/20/2007,PHX,AZ,AWP,WE,Towers with Radar,1170,227,69,18,1484,3,14,32,1,50,1173,241,101,19,1534,28,0,28,1562
04/21/2007,PHX,AZ,AWP,WE,Towers with Radar,1068,182,55,9,1314,4,34,41,2,81,1072,216,96,11,1395,35,0,35,1430
04/22/2007,PHX,AZ,AWP,WE,Towers with Radar,1126,176,64,5,1371,4,42,31,0,77,1130,218,95,5,1448,40,0,40,1488
04/23/2007,PHX,AZ,AWP,WE,Towers with Radar,1163,192,40,6,1401,3,33,37,0,73,1166,225,77,6,1474,45,12,57,1531
04/24/2007,PHX,AZ,AWP,WE,Towers with Radar,1138,215,77,8,1438,3,52,59,3,117,1141,267,136,11,1555,37,0,37,1592
04/25/2007,PHX,AZ,AWP,WE,Towers with Radar,1165,215,46,5,1431,3,21,44,2,70,1168,236,90,7,1501,38,0,38,1539
04/26/2007,PHX,AZ,AWP,WE,Towers with Radar,1160,208,61,9,1438,3,22,50,1,76,1163,230,111,10,1514,30,0,30,1544
04/27/2007,PHX,AZ,AWP,WE,Towers with Radar,1175,207,54,8,1444,3,52,57,10,122,1178,259,111,18,1566,31,0,31,1597
04/28/2007,PHX,AZ,AWP,WE,Towers with Radar,1058,155,37,9,1259,5,83,86,0,174,1063,238,123,9,1433,35,0,35,1468
04/29/2007,PHX,AZ,AWP,WE,Towers with Radar,1120,169,37,5,1331,5,41,19,0,65,1125,210,56,5,1396,44,0,44,1440
04/30/2007,PHX,AZ,AWP,WE,Towers with Radar,1143,198,43,3,1387,3,27,50,1,81,1146,225,93,4,1468,34,0,34,1502
05/01/2007,PHX,AZ,AWP,WE,Towers with Radar,1138,225,66,8,1437,3,41,56,2,102,1141,266,122,10,1539,30,0,30,1569
05/02/2007,PHX,AZ,AWP,WE,Towers with Radar,1146,221,70,6,1443,3,24,36,3,66,1149,245,106,9,1509,37,0,37,1546
05/03/2007,PHX,AZ,AWP,WE,Towers with Radar,1161,232,73,8,1474,4,26,45,0,75,1165,258,118,8,1549,42,0,42,1591
05/04/2007,PHX,AZ,AWP,WE,Towers with Radar,1156,233,45,9,1443,4,18,40,0,62,1160,251,85,9,1505,5,0,5,1510
05/05/2007,PHX,AZ,AWP,WE,Towers with Radar,1057,157,39,10,1263,4,64,27,5,100,1061,221,66,15,1363,36,0,36,1399
05/06/2007,PHX,AZ,AWP,WE,Towers with Radar,1116,175,58,6,1355,4,12,18,0,34,1120,187,76,6,1389,23,0,23,1412
05/07/2007,PHX,AZ,AWP,WE,Towers with Radar,1132,192,60,4,1388,5,62,105,7,179,1137,254,165,11,1567,47,0,47,1614
05/08/2007,PHX,AZ,AWP,WE,Towers with Radar,1146,211,67,7,1431,3,50,54,1,108,1149,261,121,8,1539,23,0,23,1562
05/09/2007,PHX,AZ,AWP,WE,Towers with Radar,1146,209,59,4,1418,3,39,65,2,109,1149,248,124,6,1527,21,0,21,1548
05/10/2007,PHX,AZ,AWP,WE,Towers with Radar,1157,208,63,9,1437,3,37,55,2,97,1160,245,118,11,1534,30,0,30,1564
05/11/2007,PHX,AZ,AWP,WE,Towers with Radar,1165,208,68,5,1446,3,35,48,0,86,1168,243,116,5,1532,7,0,7,1539
05/12/2007,PHX,AZ,AWP,WE,Towers with Radar,1058,154,26,1,1239,4,23,39,1,67,1062,177,65,2,1306,35,0,35,1341
05/13/2007,PHX,AZ,AWP,WE,Towers with Radar,1099,157,24,4,1284,4,16,16,0,36,1103,173,40,4,1320,45,0,45,1365
05/14/2007,PHX,AZ,AWP,WE,Towers with Radar,1127,195,40,4,1366,3,41,47,3,94,1130,236,87,7,1460,27,0,27,1487
05/15/2007,PHX,AZ,AWP,WE,Towers with Radar,1131,214,55,11,1411,3,44,57,0,104,1134,258,112,11,1515,21,0,21,1536
05/16/2007,PHX,AZ,AWP,WE,Towers with Radar,1127,232,77,13,1449,3,42,49,0,94,1130,274,126,13,1543,23,0,23,1566
05/17/2007,PHX,AZ,AWP,WE,Towers with Radar,1159,230,56,7,1452,3,25,36,0,64,1162,255,92,7,1516,25,0,25,1541
05/18/2007,PHX,AZ,AWP,WE,Towers with Radar,1155,206,45,4,1410,3,33,69,0,105,1158,239,114,4,1515,15,0,15,1530
05/19/2007,PHX,AZ,AWP,WE,Towers with Radar,1048,155,21,7,1231,4,35,29,0,68,1052,190,50,7,1299,32,0,32,1331
05/20/2007,PHX,AZ,AWP,WE,Towers with Radar,1098,175,46,4,1323,4,9,21,0,34,1102,184,67,4,1357,49,0,49,1406
05/21/2007,PHX,AZ,AWP,WE,Towers with Radar,1130,203,37,6,1376,3,43,54,7,107,1133,246,91,13,1483,38,0,38,1521
05/22/2007,PHX,AZ,AWP,WE,Towers with Radar,1145,222,53,9,1429,11,60,43,13,127,1156,282,96,22,1556,14,0,14,1570
05/23/2007,PHX,AZ,AWP,WE,Towers with Radar,1146,232,68,10,1456,3,36,52,0,91,1149,268,120,10,1547,16,0,16,1563
05/24/2007,PHX,AZ,AWP,WE,Towers with Radar,1153,214,67,11,1445,3,41,46,4,94,1156,255,113,15,1539,13,0,13,1552
05/25/2007,PHX,AZ,AWP,WE,Towers with Radar,1156,218,45,10,1429,3,51,54,5,113,1159,269,99,15,1542,14,0,14,1556
05/26/2007,PHX,AZ,AWP,WE,Towers with Radar,1005,155,28,9,1197,4,22,25,0,51,1009,177,53,9,1248,25,0,25,1273
05/27/2007,PHX,AZ,AWP,WE,Towers with Radar,965,138,20,7,1130,4,17,9,0,30,969,155,29,7,1160,30,0,30,1190
05/28/2007,PHX,AZ,AWP,WE,Towers with Radar,1065,157,36,2,1260,3,6,19,0,28,1068,163,55,2,1288,37,0,37,1325
05/29/2007,PHX,AZ,AWP,WE,Towers with Radar,1117,205,63,10,1395,3,37,39,2,81,1120,242,102,12,1476,28,0,28,1504
05/30/2007,PHX,AZ,AWP,WE,Towers with Radar,1130,217,45,12,1404,3,63,50,2,118,1133,280,95,14,1522,12,0,12,1534
05/31/2007,PHX,AZ,AWP,WE,Towers with Radar,1155,204,53,9,1421,3,43,41,1,88,1158,247,94,10,1509,25,0,25,1534
06/01/2007,PHX,AZ,AWP,WE,Towers with Radar,1142,215,60,2,1419,3,45,45,1,94,1145,260,105,3,1513,17,0,17,1530
06/02/2007,PHX,AZ,AWP,WE,Towers with Radar,1047,147,30,0,1224,4,52,32,1,89,1051,199,62,1,1313,31,0,31,1344
06/03/2007,PHX,AZ,AWP,WE,Towers with Radar,1083,166,31,5,1285,4,33,41,1,79,1087,199,72,6,1364,42,0,42,1406
06/04/2007,PHX,AZ,AWP,WE,Towers with Radar,1118,191,53,6,1368,3,59,43,2,107,1121,250,96,8,1475,15,0,15,1490
06/05/2007,PHX,AZ,AWP,WE,Towers with Radar,1120,215,50,4,1389,3,52,36,4,95,1123,267,86,8,1484,15,0,15,1499
06/06/2007,PHX,AZ,AWP,WE,Towers with Radar,1110,219,55,2,1386,4,41,26,4,75,1114,260,81,6,1461,10,0,10,1471
06/07/2007,PHX,AZ,AWP,WE,Towers with Radar,1116,216,61,2,1395,3,44,32,0,79,1119,260,93,2,1474,16,0,16,1490
06/08/2007,PHX,AZ,AWP,WE,Towers with Radar,1104,207,46,8,1365,3,40,44,0,87,1107,247,90,8,1452,17,0,17,1469
06/09/2007,PHX,AZ,AWP,WE,Towers with Radar,1038,153,22,9,1222,4,20,28,0,52,1042,173,50,9,1274,41,0,41,1315
06/10/2007,PHX,AZ,AWP,WE,Towers with Radar,1093,167,41,8,1309,4,15,26,0,45,1097,182,67,8,1354,36,0,36,1390
06/11/2007,PHX,AZ,AWP,WE,Towers with Radar,1106,188,32,11,1337,3,42,31,1,77,1109,230,63,12,1414,34,0,34,1448
06/12/2007,PHX,AZ,AWP,WE,Towers with Radar,1114,212,46,4,1376,2,47,32,0,81,1116,259,78,4,1457,23,0,23,1480
06/13/2007,PHX,AZ,AWP,WE,Towers with Radar,1128,216,54,6,1404,3,24,42,1,70,1131,240,96,7,1474,33,0,33,1507
06/14/2007,PHX,AZ,AWP,WE,Towers with Radar,1129,216,43,4,1392,3,40,42,0,85,1132,256,85,4,1477,27,0,27,1504
06/15/2007,PHX,AZ,AWP,WE,Towers with Radar,1145,209,51,12,1417,5,29,38,0,72,1150,238,89,12,1489,11,0,11,1500
06/16/2007,PHX,AZ,AWP,WE,Towers with Radar,1027,158,26,10,1221,4,11,27,0,42,1031,169,53,10,1263,27,0,27,1290
06/17/2007,PHX,AZ,AWP,WE,Towers with Radar,1083,170,51,3,1307,4,17,20,2,43,1087,187,71,5,1350,45,0,45,1395
06/18/2007,PHX,AZ,AWP,WE,Towers with Radar,1112,207,41,5,1365,3,34,31,0,68,1115,241,72,5,1433,20,0,20,1453
06/19/2007,PHX,AZ,AWP,WE,Towers with Radar,1104,209,51,2,1366,2,41,42,0,85,1106,250,93,2,1451,15,0,15,1466
06/20/2007,PHX,AZ,AWP,WE,Towers with Radar,1140,198,47,3,1388,2,36,38,0,76,1142,234,85,3,1464,30,0,30,1494
06/21/2007,PHX,AZ,AWP,WE,Towers with Radar,1130,210,47,4,1391,3,38,39,0,80,1133,248,86,4,1471,21,0,21,1492
06/22/2007,PHX,AZ,AWP,WE,Towers with Radar,1148,226,54,7,1435,3,70,56,6,135,1151,296,110,13,1570,30,0,30,1600
06/23/2007,PHX,AZ,AWP,WE,Towers with Radar,1024,163,19,5,1211,4,15,17,3,39,1028,178,36,8,1250,31,0,31,1281
06/24/2007,PHX,AZ,AWP,WE,Towers with Radar,1064,158,41,4,1267,4,4,16,0,24,1068,162,57,4,1291,40,0,40,1331
06/25/2007,PHX,AZ,AWP,WE,Towers with Radar,1082,189,48,7,1326,3,45,32,0,80,1085,234,80,7,1406,36,0,36,1442
06/26/2007,PHX,AZ,AWP,WE,Towers with Radar,1097,206,44,9,1356,3,58,46,2,109,1100,264,90,11,1465,17,0,17,1482
06/27/2007,PHX,AZ,AWP,WE,Towers with Radar,1083,203,51,11,1348,2,55,78,1,136,1085,258,129,12,1484,5,0,5,1489
06/28/2007,PHX,AZ,AWP,WE,Towers with Radar,1129,201,64,15,1409,3,48,52,0,103,1132,249,116,15,1512,15,0,15,1527
06/29/2007,PHX,AZ,AWP,WE,Towers with Radar,1122,216,44,6,1388,3,54,61,2,120,1125,270,105,8,1508,18,0,18,1526
06/30/2007,PHX,AZ,AWP,WE,Towers with Radar,1011,152,18,4,1185,4,27,26,0,57,1015,179,44,4,1242,16,2,18,1260
07/01/2007,PHX,AZ,AWP,WE,Towers with Radar,1065,159,16,2,1242,4,8,18,0,30,1069,167,34,2,1272,26,0,26,1298
07/02/2007,PHX,AZ,AWP,WE,Towers with Radar,1107,195,27,1,1330,3,52,29,0,84,1110,247,56,1,1414,27,0,27,1441
07/03/2007,PHX,AZ,AWP,WE,Towers with Radar,1116,205,45,4,1370,3,30,25,2,60,1119,235,70,6,1430,18,0,18,1448
07/04/2007,PHX,AZ,AWP,WE,Towers with Radar,967,154,17,0,1138,3,5,21,0,29,970,159,38,0,1167,38,0,38,1205
07/05/2007,PHX,AZ,AWP,WE,Towers with Radar,1112,216,27,8,1363,3,32,46,0,81,1115,248,73,8,1444,18,0,18,1462
07/06/2007,PHX,AZ,AWP,WE,Towers with Radar,1151,211,39,7,1408,8,59,55,3,125,1159,270,94,10,1533,9,0,9,1542
07/07/2007,PHX,AZ,AWP,WE,Towers with Radar,1026,162,14,3,1205,4,22,27,0,53,1030,184,41,3,1258,20,0,20,1278
07/08/2007,PHX,AZ,AWP,WE,Towers with Radar,1072,184,32,6,1294,4,8,13,0,25,1076,192,45,6,1319,46,0,46,1365
07/09/2007,PHX,AZ,AWP,WE,Towers with Radar,1102,210,59,9,1380,3,45,44,1,93,1105,255,103,10,1473,44,0,44,1517
07/10/2007,PHX,AZ,AWP,WE,Towers with Radar,1123,221,62,7,1413,3,38,37,2,80,1126,259,99,9,1493,28,1,29,1522
07/11/2007,PHX,AZ,AWP,WE,Towers with Radar,1109,243,42,10,1404,2,39,24,0,65,1111,282,66,10,1469,21,2,23,1492
07/12/2007,PHX,AZ,AWP,WE,Towers with Radar,1128,235,66,8,1437,2,35,38,0,75,1130,270,104,8,1512,28,0,28,1540
07/13/2007,PHX,AZ,AWP,WE,Towers with Radar,1125,228,44,8,1405,3,27,33,0,63,1128,255,77,8,1468,15,0,15,1483
07/14/2007,PHX,AZ,AWP,WE,Towers with Radar,1018,168,21,8,1215,4,63,56,9,132,1022,231,77,17,1347,25,0,25,1372
07/15/2007,PHX,AZ,AWP,WE,Towers with Radar,1076,177,29,1,1283,6,15,19,0,40,1082,192,48,1,1323,30,0,30,1353
07/16/2007,PHX,AZ,AWP,WE,Towers with Radar,1099,210,59,5,1373,3,31,44,0,78,1102,241,103,5,1451,28,0,28,1479
07/17/2007,PHX,AZ,AWP,WE,Towers with Radar,1146,221,55,5,1427,2,39,42,2,85,1148,260,97,7,1512,9,0,9,1521
07/18/2007,PHX,AZ,AWP,WE,Towers with Radar,1132,221,68,7,1428,3,27,31,0,61,1135,248,99,7,1489,55,1,56,1545
07/19/2007,PHX,AZ,AWP,WE,Towers with Radar,1101,215,46,6,1368,3,30,47,0,80,1104,245,93,6,1448,26,0,26,1474
07/20/2007,PHX,AZ,AWP,WE,Towers with Radar,1159,220,45,8,1432,3,43,35,2,83,1162,263,80,10,1515,14,0,14,1529
07/21/2007,PHX,AZ,AWP,WE,Towers with Radar,1010,163,16,1,1190,4,21,26,0,51,1014,184,42,1,1241,18,0,18,1259
07/22/2007,PHX,AZ,AWP,WE,Towers with Radar,1089,177,24,2,1292,3,18,20,0,41,1092,195,44,2,1333,46,0,46,1379
07/23/2007,PHX,AZ,AWP,WE,Towers with Radar,1120,204,51,2,1377,3,40,31,0,74,1123,244,82,2,1451,26,0,26,1477
07/24/2007,PHX,AZ,AWP,WE,Towers with Radar,1142,240,56,7,1445,3,23,29,1,56,1145,263,85,8,1501,29,0,29,1530
07/25/2007,PHX,AZ,AWP,WE,Towers with Radar,1126,236,47,9,1418,4,19,23,0,46,1130,255,70,9,1464,20,0,20,1484
07/26/2007,PHX,AZ,AWP,WE,Towers with Radar,1156,232,67,8,1463,5,39,30,1,75,1161,271,97,9,1538,20,1,21,1559
07/27/2007,PHX,AZ,AWP,WE,Towers with Radar,1114,224,45,10,1393,3,45,31,2,81,1117,269,76,12,1474,3,0,3,1477
07/28/2007,PHX,AZ,AWP,WE,Towers with Radar,1010,170,15,9,1204,4,16,21,0,41,1014,186,36,9,1245,22,0,22,1267
07/29/2007,PHX,AZ,AWP,WE,Towers with Radar,1038,173,32,5,1248,4,14,13,0,31,1042,187,45,5,1279,36,0,36,1315
07/30/2007,PHX,AZ,AWP,WE,Towers with Radar,1102,207,29,1,1339,3,38,14,0,55,1105,245,43,1,1394,14,0,14,1408
07/31/2007,PHX,AZ,AWP,WE,Towers with Radar,1130,224,50,4,1408,3,28,37,0,68,1133,252,87,4,1476,22,0,22,1498
08/01/2007,PHX,AZ,AWP,WE,Towers with Radar,1132,230,55,11,1428,7,33,33,0,73,1139,263,88,11,1501,31,0,31,1532
08/02/2007,PHX,AZ,AWP,WE,Towers with Radar,1133,235,48,8,1424,3,33,24,0,60,1136,268,72,8,1484,15,0,15,1499
08/03/2007,PHX,AZ,AWP,WE,Towers with Radar,1120,233,47,6,1406,3,41,26,0,70,1123,274,73,6,1476,14,1,15,1491
08/04/2007,PHX,AZ,AWP,WE,Towers with Radar,1006,175,22,14,1217,4,19,20,2,45,1010,194,42,16,1262,34,0,34,1296
08/05/2007,PHX,AZ,AWP,WE,Towers with Radar,1076,171,35,1,1283,4,6,8,0,18,1080,177,43,1,1301,26,0,26,1327
08/06/2007,PHX,AZ,AWP,WE,Towers with Radar,1116,217,47,12,1392,3,27,20,0,50,1119,244,67,12,1442,48,0,48,1490
08/07/2007,PHX,AZ,AWP,WE,Towers with Radar,1144,238,56,10,1448,3,32,38,1,74,1147,270,94,11,1522,18,0,18,1540
08/08/2007,PHX,AZ,AWP,WE,Towers with Radar,1129,233,37,9,1408,2,33,35,0,70,1131,266,72,9,1478,28,0,28,1506
08/09/2007,PHX,AZ,AWP,WE,Towers with Radar,1113,241,61,8,1423,3,46,63,2,114,1116,287,124,10,1537,11,0,11,1548
08/10/2007,PHX,AZ,AWP,WE,Towers with Radar,1134,236,52,12,1434,3,25,35,1,64,1137,261,87,13,1498,9,0,9,1507
08/11/2007,PHX,AZ,AWP,WE,Towers with Radar,1010,173,20,6,1209,4,35,27,2,68,1014,208,47,8,1277,34,0,34,1311
08/12/2007,PHX,AZ,AWP,WE,Towers with Radar,1071,174,23,3,1271,4,8,29,0,41,1075,182,52,3,1312,34,0,34,1346
08/13/2007,PHX,AZ,AWP,WE,Towers with Radar,1118,207,45,3,1373,3,32,27,0,62,1121,239,72,3,1435,14,0,14,1449
08/14/2007,PHX,AZ,AWP,WE,Towers with Radar,1126,223,59,11,1419,3,45,32,0,80,1129,268,91,11,1499,13,0,13,1512
08/15/2007,PHX,AZ,AWP,WE,Towers with Radar,1132,221,57,8,1418,3,36,35,0,74,1135,257,92,8,1492,27,0,27,1519
08/16/2007,PHX,AZ,AWP,WE,Towers with Radar,1133,212,57,6,1408,3,39,40,3,85,1136,251,97,9,1493,29,0,29,1522
08/17/2007,PHX,AZ,AWP,WE,Towers with Radar,1130,234,50,14,1428,3,41,38,5,87,1133,275,88,19,1515,10,3,13,1528
08/18/2007,PHX,AZ,AWP,WE,Towers with Radar,1021,182,27,8,1238,4,11,15,0,30,1025,193,42,8,1268,34,0,34,1302
08/19/2007,PHX,AZ,AWP,WE,Towers with Radar,1073,179,29,3,1284,4,7,22,1,34,1077,186,51,4,1318,40,0,40,1358
08/20/2007,PHX,AZ,AWP,WE,Towers with Radar,1098,224,44,9,1375,3,42,32,0,77,1101,266,76,9,1452,7,0,7,1459
08/21/2007,PHX,AZ,AWP,WE,Towers with Radar,1120,227,44,8,1399,3,56,63,2,124,1123,283,107,10,1523,29,0,29,1552
08/22/2007,PHX,AZ,AWP,WE,Towers with Radar,1115,218,50,8,1391,3,42,36,1,82,1118,260,86,9,1473,27,0,27,1500
08/23/2007,PHX,AZ,AWP,WE,Towers with Radar,1105,238,53,9,1405,3,33,33,0,69,1108,271,86,9,1474,15,0,15,1489
08/24/2007,PHX,AZ,AWP,WE,Towers with Radar,1122,227,36,7,1392,3,28,25,2,58,1125,255,61,9,1450,28,0,28,1478
08/25/2007,PHX,AZ,AWP,WE,Towers with Radar,986,185,25,3,1199,4,30,35,2,71,990,215,60,5,1270,22,0,22,1292
08/26/2007,PHX,AZ,AWP,WE,Towers with Radar,1080,178,32,2,1292,4,20,34,0,58,1084,198,66,2,1350,24,0,24,1374
08/27/2007,PHX,AZ,AWP,WE,Towers with Radar,1108,227,58,2,1395,3,43,39,1,86,1111,270,97,3,1481,19,0,19,1500
08/28/2007,PHX,AZ,AWP,WE,Towers with Radar,1123,231,50,9,1413,3,40,46,0,89,1126,271,96,9,1502,31,0,31,1533
08/29/2007,PHX,AZ,AWP,WE,Towers with Radar,1120,230,53,10,1413,4,39,35,1,79,1124,269,88,11,1492,10,0,10,1502
08/30/2007,PHX,AZ,AWP,WE,Towers with Radar,1136,244,59,5,1444,4,41,42,2,89,1140,285,101,7,1533,11,0,11,1544
08/31/2007,PHX,AZ,AWP,WE,Towers with Radar,1130,246,45,3,1424,3,45,35,1,84,1133,291,80,4,1508,6,0,6,1514
09/01/2007,PHX,AZ,AWP,WE,Towers with Radar,934,170,25,4,1133,3,33,26,0,62,937,203,51,4,1195,10,0,10,1205
09/02/2007,PHX,AZ,AWP,WE,Towers with Radar,854,144,17,3,1018,4,6,14,0,24,858,150,31,3,1042,33,0,33,1075
09/03/2007,PHX,AZ,AWP,WE,Towers with Radar,1050,188,28,1,1267,3,26,26,0,55,1053,214,54,1,1322,42,0,42,1364
09/04/2007,PHX,AZ,AWP,WE,Towers with Radar,1101,221,47,6,1375,0,44,34,0,78,1101,265,81,6,1453,28,0,28,1481
09/05/2007,PHX,AZ,AWP,WE,Towers with Radar,1120,220,48,6,1394,2,27,34,1,64,1122,247,82,7,1458,23,0,23,1481
09/06/2007,PHX,AZ,AWP,WE,Towers with Radar,1136,222,39,9,1406,3,23,31,0,57,1139,245,70,9,1463,10,1,11,1474
09/07/2007,PHX,AZ,AWP,WE,Towers with Radar,1125,211,35,7,1378,3,26,34,0,63,1128,237,69,7,1441,18,0,18,1459
09/08/2007,PHX,AZ,AWP,WE,Towers with Radar,983,144,16,3,1146,3,10,18,0,31,986,154,34,3,1177,37,0,37,1214
09/09/2007,PHX,AZ,AWP,WE,Towers with Radar,1104,149,30,2,1285,4,13,24,0,41,1108,162,54,2,1326,27,0,27,1353
09/10/2007,PHX,AZ,AWP,WE,Towers with Radar,1104,189,42,9,1344,3,100,104,2,209,1107,289,146,11,1553,19,0,19,1572
09/11/2007,PHX,AZ,AWP,WE,Towers with Radar,1131,217,51,8,1407,2,33,32,0,67,1133,250,83,8,1474,27,0,27,1501
09/12/2007,PHX,AZ,AWP,WE,Towers with Radar,1133,198,51,6,1388,2,43,47,3,95,1135,241,98,9,1483,23,0,23,1506
09/13/2007,PHX,AZ,AWP,WE,Towers with Radar,1140,208,56,7,1411,5,41,52,0,98,1145,249,108,7,1509,9,0,9,1518
09/14/2007,PHX,AZ,AWP,WE,Towers with Radar,1147,203,52,13,1415,3,37,44,1,85,1150,240,96,14,1500,15,0,15,1515
09/15/2007,PHX,AZ,AWP,WE,Towers with Radar,998,145,38,4,1185,3,17,13,2,35,1001,162,51,6,1220,34,0,34,1254
09/16/2007,PHX,AZ,AWP,WE,Towers with Radar,1102,151,33,6,1292,4,21,24,0,49,1106,172,57,6,1341,35,1,36,1377
09/17/2007,PHX,AZ,AWP,WE,Towers with Radar,1129,198,51,2,1380,3,37,30,0,70,1132,235,81,2,1450,25,0,25,1475
09/18/2007,PHX,AZ,AWP,WE,Towers with Radar,1132,211,59,5,1407,2,50,47,1,100,1134,261,106,6,1507,23,0,23,1530
09/19/2007,PHX,AZ,AWP,WE,Towers with Radar,1141,203,62,6,1412,1,47,37,0,85,1142,250,99,6,1497,21,0,21,1518
09/20/2007,PHX,AZ,AWP,WE,Towers with Radar,1147,220,55,4,1426,3,34,35,0,72,1150,254,90,4,1498,2,0,2,1500
09/21/2007,PHX,AZ,AWP,WE,Towers with Radar,1130,213,49,7,1399,2,41,38,0,81,1132,254,87,7,1480,7,0,7,1487
09/22/2007,PHX,AZ,AWP,WE,Towers with Radar,993,160,21,4,1178,3,43,17,0,63,996,203,38,4,1241,19,0,19,1260
09/23/2007,PHX,AZ,AWP,WE,Towers with Radar,1096,162,42,3,1303,4,14,24,1,43,1100,176,66,4,1346,24,0,24,1370
09/24/2007,PHX,AZ,AWP,WE,Towers with Radar,1118,189,36,0,1343,3,52,38,0,93,1121,241,74,0,1436,15,0,15,1451
09/25/2007,PHX,AZ,AWP,WE,Towers with Radar,1131,204,57,7,1399,2,43,37,0,82,1133,247,94,7,1481,37,0,37,1518
09/26/2007,PHX,AZ,AWP,WE,Towers with Radar,1130,199,51,5,1385,2,40,46,3,91,1132,239,97,8,1476,24,0,24,1500
09/27/2007,PHX,AZ,AWP,WE,Towers with Radar,1132,216,55,1,1404,3,29,25,3,60,1135,245,80,4,1464,1,0,1,1465
09/28/2007,PHX,AZ,AWP,WE,Towers with Radar,1139,209,54,7,1409,3,36,58,4,101,1142,245,112,11,1510,10,0,10,1520
09/29/2007,PHX,AZ,AWP,WE,Towers with Radar,1006,141,19,1,1167,2,16,16,1,35,1008,157,35,2,1202,30,0,30,1232
09/30/2007,PHX,AZ,AWP,WE,Towers with Radar,1103,147,46,2,1298,4,15,26,1,46,1107,162,72,3,1344,40,0,40,1384
10/01/2007,PHX,AZ,AWP,WE,Towers with Radar,1139,176,63,8,1386,3,60,37,3,103,1142,289,100,11,1542,31,0,31,1611
10/02/2007,PHX,AZ,AWP,WE,Towers with Radar,1141,192,56,7,1396,2,39,36,0,77,1143,308,92,7,1550,47,0,47,1664
10/03/2007,PHX,AZ,AWP,WE,Towers with Radar,1158,196,74,10,1438,2,33,41,2,78,1162,289,115,12,1578,24,0,24,1705
10/04/2007,PHX,AZ,AWP,WE,Towers with Radar,1149,203,54,10,1416,3,34,21,0,58,1153,287,75,10,1525,25,0,25,1624
10/05/2007,PHX,AZ,AWP,WE,Towers with Radar,1150,194,71,11,1426,3,34,36,0,73,1156,308,107,11,1582,17,2,19,1668
10/06/2007,PHX,AZ,AWP,WE,Towers with Radar,1012,134,22,5,1173,3,77,57,9,146,1015,246,79,14,1354,27,0,27,1399
10/07/2007,PHX,AZ,AWP,WE,Towers with Radar,1090,139,41,3,1273,10,13,8,1,32,1103,203,49,4,1359,28,0,28,1435
10/08/2007,PHX,AZ,AWP,WE,Towers with Radar,1128,170,59,4,1361,2,39,32,1,74,1132,261,91,5,1489,36,0,36,1569
10/09/2007,PHX,AZ,AWP,WE,Towers with Radar,1143,183,55,3,1384,3,50,43,0,96,1147,307,98,3,1555,11,0,11,1642
10/10/2007,PHX,AZ,AWP,WE,Towers with Radar,1156,190,53,8,1407,3,51,46,1,101,1159,307,99,9,1574,9,0,9,1674
10/11/2007,PHX,AZ,AWP,WE,Towers with Radar,1158,198,68,7,1431,3,48,34,3,88,1161,309,102,10,1582,3,0,3,1667
10/12/2007,PHX,AZ,AWP,WE,Towers with Radar,1167,213,39,11,1430,3,46,37,2,88,1170,347,76,13,1606,13,0,13,1689
10/13/2007,PHX,AZ,AWP,WE,Towers with Radar,1018,149,22,10,1199,4,26,30,0,60,1022,207,52,10,1291,16,0,16,1342
10/14/2007,PHX,AZ,AWP,WE,Towers with Radar,1078,153,33,6,1270,4,27,16,1,48,1082,220,49,7,1358,25,0,25,1433
10/15/2007,PHX,AZ,AWP,WE,Towers with Radar,1138,188,50,12,1388,3,45,48,0,96,1141,302,98,12,1553,23,0,23,1641
10/16/2007,PHX,AZ,AWP,WE,Towers with Radar,1153,204,79,9,1445,3,39,34,1,77,1156,321,113,10,1600,20,0,20,1694
10/17/2007,PHX,AZ,AWP,WE,Towers with Radar,1140,191,62,10,1403,3,36,34,1,74,1145,293,96,11,1545,7,0,7,1598
10/18/2007,PHX,AZ,AWP,WE,Towers with Radar,1146,197,76,10,1429,3,34,51,0,88,1149,293,127,10,1579,23,0,23,1669
10/19/2007,PHX,AZ,AWP,WE,Towers with Radar,1150,205,61,10,1426,3,52,43,0,98,1153,367,104,10,1634,41,0,41,1741
10/20/2007,PHX,AZ,AWP,WE,Towers with Radar,1015,147,39,3,1204,4,19,25,1,49,1019,244,64,4,1331,30,0,30,1414
10/21/2007,PHX,AZ,AWP,WE,Towers with Radar,1076,138,35,4,1253,4,11,16,2,33,1081,245,51,6,1383,41,0,41,1482
10/22/2007,PHX,AZ,AWP,WE,Towers with Radar,1137,189,51,7,1384,3,63,36,4,106,1140,300,87,11,1538,32,0,32,1592
10/23/2007,PHX,AZ,AWP,WE,Towers with Radar,1144,213,63,5,1425,3,41,35,0,79,1147,299,98,5,1549,9,0,9,1623
10/24/2007,PHX,AZ,AWP,WE,Towers with Radar,1146,224,85,7,1462,3,37,52,1,93,1150,331,137,8,1626,14,0,14,1723
10/25/2007,PHX,AZ,AWP,WE,Towers with Radar,1154,219,63,8,1444,4,35,42,1,82,1159,355,105,9,1628,32,0,32,1760
10/26/2007,PHX,AZ,AWP,WE,Towers with Radar,1158,193,44,6,1401,3,30,35,3,71,1162,292,79,9,1542,14,0,14,1663
10/27/2007,PHX,AZ,AWP,WE,Towers with Radar,1016,133,36,4,1189,4,8,21,0,33,1020,189,57,4,1270,49,5,54,1347
10/28/2007,PHX,AZ,AWP,WE,Towers with Radar,1079,149,45,3,1276,4,7,35,0,46,1083,265,80,3,1431,32,0,32,1524
10/29/2007,PHX,AZ,AWP,WE,Towers with Radar,1139,175,56,3,1373,3,31,44,1,79,1143,276,100,4,1523,36,0,36,1619
10/30/2007,PHX,AZ,AWP,WE,Towers with Radar,1147,203,62,7,1419,3,50,41,2,96,1151,328,103,9,1591,28,0,28,1690
10/31/2007,PHX,AZ,AWP,WE,Towers with Radar,1092,177,33,5,1307,3,34,30,2,69,1095,296,63,7,1461,34,0,34,1600
11/01/2007,PHX,AZ,AWP,WE,Towers with Radar,1161,202,53,6,1422,0,38,43,2,83,1162,343,96,8,1609,34,0,34,1779
11/02/2007,PHX,AZ,AWP,WE,Towers with Radar,1164,199,63,13,1439,0,47,44,2,93,1166,352,107,15,1640,32,0,32,1804
11/03/2007,PHX,AZ,AWP,WE,Towers with Radar,1026,148,26,4,1204,0,13,13,2,28,1026,239,39,6,1310,48,2,50,1409
11/04/2007,PHX,AZ,AWP,WE,Towers with Radar,1101,161,59,6,1327,0,11,28,2,41,1102,235,87,8,1432,44,0,44,1556
11/05/2007,PHX,AZ,AWP,WE,Towers with Radar,1120,220,48,5,1393,1,57,38,8,104,1122,353,86,13,1574,35,0,35,1724
11/06/2007,PHX,AZ,AWP,WE,Towers with Radar,1145,211,54,8,1418,0,45,40,1,86,1145,334,94,9,1582,33,0,33,1708
11/07/2007,PHX,AZ,AWP,WE,Towers with Radar,1126,233,76,7,1442,0,39,44,1,84,1126,366,120,8,1620,24,0,24,1756
11/08/2007,PHX,AZ,AWP,WE,Towers with Radar,1165,228,95,6,1494,0,43,54,1,98,1165,364,149,7,1685,19,6,25,1856
11/09/2007,PHX,AZ,AWP,WE,Towers with Radar,1150,234,56,9,1449,0,43,43,0,86,1151,381,99,9,1640,9,0,9,1775
11/10/2007,PHX,AZ,AWP,WE,Towers with Radar,1031,159,36,1,1227,0,24,23,2,49,1031,249,59,3,1342,50,0,50,1468
11/11/2007,PHX,AZ,AWP,WE,Towers with Radar,1107,157,68,3,1335,0,8,12,2,22,1107,262,80,5,1454,90,0,90,1693
11/12/2007,PHX,AZ,AWP,WE,Towers with Radar,1123,192,58,4,1377,1,48,49,1,99,1124,330,107,5,1566,42,0,42,1678
11/13/2007,PHX,AZ,AWP,WE,Towers with Radar,1141,209,91,0,1441,0,54,76,0,130,1142,334,167,0,1643,31,1,32,1772
11/14/2007,PHX,AZ,AWP,WE,Towers with Radar,1115,231,93,7,1446,0,36,45,1,82,1116,312,138,8,1574,29,0,29,1713
11/15/2007,PHX,AZ,AWP,WE,Towers with Radar,1127,219,84,7,1437,0,39,51,4,94,1127,325,135,11,1598,20,0,20,1726
11/16/2007,PHX,AZ,AWP,WE,Towers with Radar,1160,217,84,15,1476,0,34,52,1,87,1161,346,136,16,1659,46,5,51,1858
11/17/2007,PHX,AZ,AWP,WE,Towers with Radar,1037,157,32,8,1234,0,21,27,3,51,1037,272,59,11,1379,40,0,40,1485
11/18/2007,PHX,AZ,AWP,WE,Towers with Radar,1102,145,21,8,1276,0,11,18,0,29,1109,227,39,8,1383,36,0,36,1459
11/19/2007,PHX,AZ,AWP,WE,Towers with Radar,1112,187,38,9,1346,0,63,78,2,143,1112,303,116,11,1542,28,0,28,1623
11/20/2007,PHX,AZ,AWP,WE,Towers with Radar,1154,221,59,6,1440,0,47,78,1,126,1154,331,137,7,1629,13,0,13,1749
11/21/2007,PHX,AZ,AWP,WE,Towers with Radar,1164,224,69,8,1465,0,47,44,1,92,1165,362,113,9,1649,35,0,35,1794
11/22/2007,PHX,AZ,AWP,WE,Towers with Radar,828,134,13,0,975,0,6,11,0,17,828,157,24,0,1009,8,0,8,1024
11/23/2007,PHX,AZ,AWP,WE,Towers with Radar,1019,169,28,0,1216,0,28,20,0,48,1019,274,48,0,1341,6,0,6,1395
11/24/2007,PHX,AZ,AWP,WE,Towers with Radar,1020,178,34,0,1232,0,15,16,0,31,1020,234,50,0,1304,35,0,35,1375
11/25/2007,PHX,AZ,AWP,WE,Towers with Radar,1126,163,54,0,1343,1,7,33,1,42,1128,241,87,1,1457,18,0,18,1541
11/26/2007,PHX,AZ,AWP,WE,Towers with Radar,1136,195,56,8,1395,0,61,51,1,113,1139,321,107,9,1576,25,4,29,1708
11/27/2007,PHX,AZ,AWP,WE,Towers with Radar,1144,224,61,5,1434,0,57,48,1,106,1144,347,109,6,1606,25,2,27,1710
11/28/2007,PHX,AZ,AWP,WE,Towers with Radar,1152,216,76,5,1449,0,40,57,2,99,1153,328,133,7,1621,7,2,9,1733
11/29/2007,PHX,AZ,AWP,WE,Towers with Radar,1148,243,72,4,1467,0,30,51,2,83,1148,322,123,6,1599,17,0,17,1685
11/30/2007,PHX,AZ,AWP,WE,Towers with Radar,1109,243,66,5,1423,0,26,30,6,62,1111,272,96,11,1490,8,0,8,1503
12/01/2007,PHX,AZ,AWP,WE,Towers with Radar,1007,178,44,4,1233,0,25,28,3,56,1009,213,72,7,1301,23,0,23,1330
12/02/2007,PHX,AZ,AWP,WE,Towers with Radar,1079,165,25,5,1274,0,9,17,0,26,1079,263,42,5,1389,38,0,38,1515
12/03/2007,PHX,AZ,AWP,WE,Towers with Radar,1118,212,41,2,1373,0,48,44,0,92,1118,313,85,2,1518,23,0,23,1608
12/04/2007,PHX,AZ,AWP,WE,Towers with Radar,1128,221,56,4,1409,0,62,88,13,163,1130,325,144,17,1616,36,0,36,1689
12/05/2007,PHX,AZ,AWP,WE,Towers with Radar,1134,212,48,12,1406,0,64,69,4,137,1134,317,117,16,1584,11,0,11,1644
12/06/2007,PHX,AZ,AWP,WE,Towers with Radar,1149,226,49,10,1434,0,52,107,9,168,1149,325,156,19,1649,17,0,17,1720
12/07/2007,PHX,AZ,AWP,WE,Towers with Radar,1124,231,59,6,1420,0,39,45,7,91,1125,299,104,13,1541,10,0,10,1589
12/08/2007,PHX,AZ,AWP,WE,Towers with Radar,1015,188,30,2,1235,0,38,41,4,83,1015,266,71,6,1358,30,2,32,1407
12/09/2007,PHX,AZ,AWP,WE,Towers with Radar,1076,169,33,7,1285,0,5,12,0,17,1076,248,45,7,1376,43,0,43,1478
12/10/2007,PHX,AZ,AWP,WE,Towers with Radar,1099,226,53,7,1385,0,38,43,1,82,1099,311,96,8,1514,23,0,23,1598
12/11/2007,PHX,AZ,AWP,WE,Towers with Radar,1098,244,58,3,1403,3,36,35,4,78,1101,309,93,7,1510,34,0,34,1588
12/12/2007,PHX,AZ,AWP,WE,Towers with Radar,1134,239,75,4,1452,2,41,49,2,94,1136,325,124,6,1591,19,0,19,1688
12/13/2007,PHX,AZ,AWP,WE,Towers with Radar,1136,227,60,5,1428,3,39,56,0,98,1139,331,116,5,1591,15,0,15,1763
12/14/2007,PHX,AZ,AWP,WE,Towers with Radar,1166,211,46,12,1435,2,78,90,8,178,1168,328,136,20,1652,10,0,10,1721
12/15/2007,PHX,AZ,AWP,WE,Towers with Radar,1002,171,17,3,1193,11,82,44,10,147,1015,297,61,13,1386,18,0,18,1434
12/16/2007,PHX,AZ,AWP,WE,Towers with Radar,1084,155,18,6,1263,2,18,16,2,38,1086,241,34,8,1369,34,0,34,1439
12/17/2007,PHX,AZ,AWP,WE,Towers with Radar,1131,197,53,4,1385,3,50,60,3,116,1134,314,113,7,1568,13,0,13,1686
12/18/2007,PHX,AZ,AWP,WE,Towers with Radar,1166,217,40,2,1425,3,82,52,9,146,1169,353,92,11,1625,6,0,6,1710
12/19/2007,PHX,AZ,AWP,WE,Towers with Radar,1183,207,35,5,1430,2,71,50,4,127,1185,340,85,9,1619,4,0,4,1709
12/20/2007,PHX,AZ,AWP,WE,Towers with Radar,1196,210,40,6,1452,3,75,42,2,122,1199,359,82,8,1648,0,0,0,1732
12/21/2007,PHX,AZ,AWP,WE,Towers with Radar,1189,227,52,5,1473,2,56,36,3,97,1193,355,88,8,1644,0,0,0,1733
12/22/2007,PHX,AZ,AWP,WE,Towers with Radar,1059,185,37,2,1283,3,26,33,2,64,1062,261,70,4,1397,0,0,0,1470
12/23/2007,PHX,AZ,AWP,WE,Towers with Radar,1122,161,22,0,1305,3,18,21,4,46,1125,228,43,4,1400,2,0,2,1426
12/24/2007,PHX,AZ,AWP,WE,Towers with Radar,1051,155,17,0,1223,4,43,31,5,83,1056,259,48,5,1368,3,0,3,1413
12/25/2007,PHX,AZ,AWP,WE,Towers with Radar,1018,158,13,0,1189,1,27,13,0,41,1020,229,26,0,1275,0,0,0,1299
12/26/2007,PHX,AZ,AWP,WE,Towers with Radar,1170,215,55,3,1443,2,59,34,4,99,1172,353,89,7,1621,7,0,7,1700
12/27/2007,PHX,AZ,AWP,WE,Towers with Radar,1185,211,46,6,1448,1,41,29,1,72,1186,294,75,7,1562,0,0,0,1622
12/28/2007,PHX,AZ,AWP,WE,Towers with Radar,1169,208,45,4,1426,2,41,21,2,66,1171,312,66,6,1555,11,0,11,1636
12/29/2007,PHX,AZ,AWP,WE,Towers with Radar,1090,166,36,1,1293,4,32,19,2,57,1094,292,55,3,1444,0,0,0,1492
12/30/2007,PHX,AZ,AWP,WE,Towers with Radar,1085,158,22,1,1266,3,41,41,0,85,1089,282,63,1,1435,6,0,6,1469
12/31/2007,PHX,AZ,AWP,WE,Towers with Radar,1042,178,23,3,1246,3,70,50,3,126,1045,301,73,6,1425,2,0,2,1468
01/01/2008,PHX,AZ,AWP,WE,Towers with Radar,1070,169,27,1,1267,3,53,33,0,89,1073,298,60,1,1432,4,0,4,1485
01/02/2008,PHX,AZ,AWP,WE,Towers with Radar,1166,214,58,2,1440,2,49,35,0,86,1168,337,93,2,1600,0,0,0,1714
01/03/2008,PHX,AZ,AWP,WE,Towers with Radar,1190,228,76,15,1509,1,46,52,1,100,1191,336,128,16,1671,0,0,0,1749
01/04/2008,PHX,AZ,AWP,WE,Towers with Radar,1155,204,54,7,1420,1,45,40,0,86,1156,313,94,7,1570,0,0,0,1652
01/05/2008,PHX,AZ,AWP,WE,Towers with Radar,1042,170,43,3,1258,2,12,21,1,36,1045,214,64,4,1327,18,0,18,1360
01/06/2008,PHX,AZ,AWP,WE,Towers with Radar,1103,150,48,0,1301,3,26,30,0,59,1106,216,78,0,1400,10,0,10,1438
01/07/2008,PHX,AZ,AWP,WE,Towers with Radar,1139,205,58,2,1404,3,9,5,0,17,1142,229,63,2,1436,4,2,6,1460
01/08/2008,PHX,AZ,AWP,WE,Towers with Radar,1138,229,79,6,1452,3,47,54,0,104,1141,350,133,6,1630,0,0,0,1702
01/09/2008,PHX,AZ,AWP,WE,Towers with Radar,1150,228,77,10,1465,3,54,48,1,106,1153,360,125,11,1649,0,0,0,1750
01/10/2008,PHX,AZ,AWP,WE,Towers with Radar,1133,213,57,9,1412,3,39,43,3,88,1136,306,100,12,1554,0,0,0,1639
01/11/2008,PHX,AZ,AWP,WE,Towers with Radar,1138,212,55,11,1416,1,39,37,1,78,1139,297,92,12,1540,12,0,12,1620
01/12/2008,PHX,AZ,AWP,WE,Towers with Radar,1021,136,49,5,1211,3,25,20,1,49,1024,207,69,6,1306,17,0,17,1347
01/13/2008,PHX,AZ,AWP,WE,Towers with Radar,1092,145,39,3,1279,3,25,25,0,53,1101,232,64,3,1400,0,0,0,1438
01/14/2008,PHX,AZ,AWP,WE,Towers with Radar,1119,168,41,4,1332,2,73,56,0,131,1121,289,97,4,1511,10,0,10,1564
01/15/2008,PHX,AZ,AWP,WE,Towers with Radar,1133,211,62,5,1411,13,57,45,7,122,1159,322,107,12,1600,0,0,0,1683
01/16/2008,PHX,AZ,AWP,WE,Towers with Radar,1136,211,66,8,1421,16,50,60,0,126,1166,308,126,8,1608,0,0,0,1675
01/17/2008,PHX,AZ,AWP,WE,Towers with Radar,1145,219,68,7,1439,3,30,58,6,97,1148,297,126,13,1584,0,0,0,1651
01/18/2008,PHX,AZ,AWP,WE,Towers with Radar,1170,215,60,10,1455,2,51,48,2,103,1172,354,108,12,1646,0,0,0,1708
01/19/2008,PHX,AZ,AWP,WE,Towers with Radar,1010,139,25,2,1176,4,35,32,0,71,1014,249,57,2,1322,15,2,17,1414
01/20/2008,PHX,AZ,AWP,WE,Towers with Radar,1093,163,49,3,1308,2,14,31,0,47,1095,226,80,3,1404,19,1,20,1460
01/21/2008,PHX,AZ,AWP,WE,Towers with Radar,1119,193,49,3,1364,2,42,46,2,92,1121,281,95,5,1502,2,0,2,1574
01/22/2008,PHX,AZ,AWP,WE,Towers with Radar,1149,197,57,0,1403,5,50,44,0,99,1155,281,101,0,1537,0,0,0,1607
01/23/2008,PHX,AZ,AWP,WE,Towers with Radar,1135,204,75,3,1417,1,43,67,2,113,1136,280,142,5,1563,0,0,0,1632
01/24/2008,PHX,AZ,AWP,WE,Towers with Radar,1154,245,111,3,1513,4,21,27,0,52,1158,315,138,3,1614,0,0,0,1686
01/25/2008,PHX,AZ,AWP,WE,Towers with Radar,1140,214,62,10,1426,3,23,27,5,58,1143,303,89,15,1550,0,0,0,1646
01/26/2008,PHX,AZ,AWP,WE,Towers with Radar,1002,159,28,11,1200,3,26,36,0,65,1005,247,64,11,1327,27,0,27,1389
01/27/2008,PHX,AZ,AWP,WE,Towers with Radar,1057,167,54,0,1278,3,7,5,0,15,1061,218,59,0,1338,15,0,15,1376
01/28/2008,PHX,AZ,AWP,WE,Towers with Radar,1135,203,56,4,1398,2,25,20,1,48,1137,292,76,5,1510,10,0,10,1597
01/29/2008,PHX,AZ,AWP,WE,Towers with Radar,1125,237,69,4,1435,2,39,31,1,73,1128,316,100,5,1549,0,0,0,1630
01/30/2008,PHX,AZ,AWP,WE,Towers with Radar,1140,222,68,5,1435,3,42,58,3,106,1143,306,126,8,1583,0,0,0,1681
01/31/2008,PHX,AZ,AWP,WE,Towers with Radar,1154,255,110,8,1527,2,53,38,1,94,1156,367,148,9,1680,0,0,0,1757
02/01/2008,PHX,AZ,AWP,WE,Towers with Radar,1177,229,73,4,1483,3,44,37,0,84,1180,347,110,4,1641,11,0,11,1777
02/02/2008,PHX,AZ,AWP,WE,Towers with Radar,1011,215,52,4,1282,3,33,20,2,58,1014,309,72,6,1401,31,0,31,1518
02/03/2008,PHX,AZ,AWP,WE,Towers with Radar,1042,306,134,4,1486,2,35,12,0,49,1046,367,146,4,1563,0,0,0,1603
02/04/2008,PHX,AZ,AWP,WE,Towers with Radar,1190,363,176,4,1733,2,30,19,0,51,1194,443,195,4,1836,2,0,2,1921
02/05/2008,PHX,AZ,AWP,WE,Towers with Radar,1152,237,67,8,1464,3,49,37,4,93,1155,329,104,12,1600,0,0,0,1675
02/06/2008,PHX,AZ,AWP,WE,Towers with Radar,1116,211,79,9,1415,1,68,72,1,142,1122,362,151,10,1645,8,0,8,1717
02/07/2008,PHX,AZ,AWP,WE,Towers with Radar,1152,223,61,6,1442,9,74,76,7,166,1161,339,137,13,1650,1,0,1,1702
02/08/2008,PHX,AZ,AWP,WE,Towers with Radar,1148,196,57,5,1406,2,43,45,0,90,1150,328,102,5,1585,14,0,14,1673
02/09/2008,PHX,AZ,AWP,WE,Towers with Radar,995,156,24,4,1179,3,34,25,1,63,998,250,49,5,1302,17,0,17,1368
02/10/2008,PHX,AZ,AWP,WE,Towers with Radar,1084,162,43,2,1291,2,37,30,4,73,1086,248,73,6,1413,20,0,20,1472
02/11/2008,PHX,AZ,AWP,WE,Towers with Radar,1124,181,59,2,1366,3,58,47,2,110,1127,307,106,4,1544,9,0,9,1631
02/12/2008,PHX,AZ,AWP,WE,Towers with Radar,1120,211,84,5,1420,1,56,44,3,104,1121,322,128,8,1579,2,0,2,1649
02/13/2008,PHX,AZ,AWP,WE,Towers with Radar,1148,205,82,6,1441,3,58,45,7,113,1151,325,127,13,1616,8,0,8,1688
02/14/2008,PHX,AZ,AWP,WE,Towers with Radar,1204,231,68,5,1508,2,39,29,3,73,1207,323,97,8,1635,0,0,0,1702
02/15/2008,PHX,AZ,AWP,WE,Towers with Radar,1169,226,82,6,1483,3,34,15,0,52,1173,306,97,6,1582,2,0,2,1633
02/16/2008,PHX,AZ,AWP,WE,Towers with Radar,1014,165,32,7,1218,3,18,17,1,39,1017,242,49,8,1316,0,0,0,1349
02/17/2008,PHX,AZ,AWP,WE,Towers with Radar,1096,161,42,7,1306,3,31,37,0,71,1099,247,79,7,1432,4,0,4,1489
02/18/2008,PHX,AZ,AWP,WE,Towers with Radar,1155,178,66,1,1400,2,35,21,0,58,1158,284,87,1,1530,10,0,10,1631
02/19/2008,PHX,AZ,AWP,WE,Towers with Radar,1162,201,51,5,1419,2,51,31,1,85,1165,358,82,6,1611,0,0,0,1730
02/20/2008,PHX,AZ,AWP,WE,Towers with Radar,1161,204,61,9,1435,3,38,37,0,78,1165,294,98,9,1566,0,0,0,1637
02/21/2008,PHX,AZ,AWP,WE,Towers with Radar,1159,219,58,8,1444,1,38,31,5,75,1161,307,89,13,1570,0,0,0,1612
02/22/2008,PHX,AZ,AWP,WE,Towers with Radar,1133,224,75,9,1441,3,20,11,2,36,1137,275,86,11,1509,0,0,0,1568
02/23/2008,PHX,AZ,AWP,WE,Towers with Radar,1024,166,42,6,1238,4,33,16,1,54,1029,266,58,7,1360,25,0,25,1409
02/24/2008,PHX,AZ,AWP,WE,Towers with Radar,1087,167,60,2,1316,8,17,22,5,52,1096,243,82,7,1428,22,0,22,1472
02/25/2008,PHX,AZ,AWP,WE,Towers with Radar,1153,197,59,7,1416,2,54,47,3,106,1155,336,106,10,1607,7,0,7,1692
02/26/2008,PHX,AZ,AWP,WE,Towers with Radar,1152,229,74,5,1460,1,42,48,2,93,1153,342,122,7,1624,2,0,2,1707
02/27/2008,PHX,AZ,AWP,WE,Towers with Radar,1161,214,73,9,1457,3,79,44,4,130,1164,323,117,13,1617,0,0,0,1659
02/28/2008,PHX,AZ,AWP,WE,Towers with Radar,1160,210,79,8,1457,1,80,49,6,136,1161,308,128,14,1611,0,0,0,1667
02/29/2008,PHX,AZ,AWP,WE,Towers with Radar,1159,217,64,7,1447,3,65,39,1,108,1162,360,103,8,1633,0,0,0,1701
03/01/2008,PHX,AZ,AWP,WE,Towers with Radar,1014,152,44,9,1219,3,19,21,1,44,1018,233,65,10,1326,6,0,6,1373
03/02/2008,PHX,AZ,AWP,WE,Towers with Radar,1108,174,55,6,1343,2,31,22,0,55,1110,273,77,6,1466,2,0,2,1504
03/03/2008,PHX,AZ,AWP,WE,Towers with Radar,1148,192,48,4,1392,3,49,33,4,89,1151,314,81,8,1554,8,0,8,1608
03/04/2008,PHX,AZ,AWP,WE,Towers with Radar,1152,225,60,3,1440,4,45,27,4,80,1163,311,87,7,1568,0,0,0,1659
03/05/2008,PHX,AZ,AWP,WE,Towers with Radar,1160,203,65,11,1439,2,55,49,12,118,1162,302,114,23,1601,0,0,0,1676
03/06/2008,PHX,AZ,AWP,WE,Towers with Radar,1158,219,77,12,1466,4,42,53,1,100,1162,331,130,13,1636,0,0,0,1687
03/07/2008,PHX,AZ,AWP,WE,Towers with Radar,1162,225,61,5,1453,2,46,50,0,98,1164,316,111,5,1596,0,0,0,1651
03/08/2008,PHX,AZ,AWP,WE,Towers with Radar,1006,148,29,6,1189,4,39,28,0,71,1010,253,57,6,1326,8,0,8,1373
03/09/2008,PHX,AZ,AWP,WE,Towers with Radar,1137,159,55,7,1358,4,24,27,1,56,1141,241,82,8,1472,15,0,15,1519
03/10/2008,PHX,AZ,AWP,WE,Towers with Radar,1155,184,45,4,1388,2,59,36,0,97,1157,317,81,4,1559,2,0,2,1616
03/11/2008,PHX,AZ,AWP,WE,Towers with Radar,1175,208,65,5,1453,8,60,36,10,114,1188,327,101,15,1631,0,0,0,1704
03/12/2008,PHX,AZ,AWP,WE,Towers with Radar,1160,195,70,6,1431,3,65,36,5,109,1166,334,106,11,1617,5,0,5,1714
03/13/2008,PHX,AZ,AWP,WE,Towers with Radar,1184,208,75,6,1473,8,50,38,1,97,1196,298,113,7,1614,0,0,0,1668
03/14/2008,PHX,AZ,AWP,WE,Towers with Radar,1181,200,60,6,1447,2,30,24,1,57,1184,275,84,7,1550,8,0,8,1600
03/15/2008,PHX,AZ,AWP,WE,Towers with Radar,1040,149,41,14,1244,7,27,17,0,51,1051,236,58,14,1359,34,0,34,1417
03/16/2008,PHX,AZ,AWP,WE,Towers with Radar,1134,164,48,12,1358,3,38,18,1,60,1137,296,66,13,1512,18,0,18,1561
03/17/2008,PHX,AZ,AWP,WE,Towers with Radar,1166,193,67,7,1433,3,38,29,0,70,1169,280,96,7,1552,7,0,7,1601
03/18/2008,PHX,AZ,AWP,WE,Towers with Radar,1138,197,59,9,1403,3,49,47,0,99,1141,307,106,9,1563,0,0,0,1631
03/19/2008,PHX,AZ,AWP,WE,Towers with Radar,1166,196,60,10,1432,2,36,36,8,82,1168,283,96,18,1565,0,0,0,1619
03/20/2008,PHX,AZ,AWP,WE,Towers with Radar,1182,201,61,9,1453,1,64,50,5,120,1183,313,111,14,1621,0,0,0,1695
03/21/2008,PHX,AZ,AWP,WE,Towers with Radar,1161,206,47,9,1423,2,65,57,1,125,1163,372,104,10,1649,17,1,18,1730
03/22/2008,PHX,AZ,AWP,WE,Towers with Radar,1037,139,35,0,1211,4,34,29,0,67,1042,218,64,0,1324,38,0,38,1378
03/23/2008,PHX,AZ,AWP,WE,Towers with Radar,1125,166,22,2,1315,3,25,29,0,57,1128,258,51,2,1439,33,0,33,1506
03/24/2008,PHX,AZ,AWP,WE,Towers with Radar,1146,192,63,5,1406,3,57,30,0,90,1151,324,93,5,1573,20,0,20,1635
03/25/2008,PHX,AZ,AWP,WE,Towers with Radar,1173,205,71,10,1459,1,54,49,2,106,1182,304,120,12,1618,10,0,10,1663
03/26/2008,PHX,AZ,AWP,WE,Towers with Radar,1169,210,72,11,1462,3,53,48,1,105,1172,314,120,12,1618,10,0,10,1670
03/27/2008,PHX,AZ,AWP,WE,Towers with Radar,1199,199,70,9,1477,2,48,50,0,100,1201,365,120,9,1695,0,0,0,1783
03/28/2008,PHX,AZ,AWP,WE,Towers with Radar,1184,215,47,10,1456,1,58,44,0,103,1185,376,91,10,1662,15,0,15,1724
03/29/2008,PHX,AZ,AWP,WE,Towers with Radar,1043,150,60,9,1262,4,21,28,2,55,1047,201,88,11,1347,36,0,36,1406
03/30/2008,PHX,AZ,AWP,WE,Towers with Radar,1121,155,43,5,1324,5,32,11,0,48,1126,259,54,5,1444,24,0,24,1504
03/31/2008,PHX,AZ,AWP,WE,Towers with Radar,1162,171,50,13,1396,12,45,31,2,90,1181,314,81,15,1591,0,0,0,1656
04/01/2008,PHX,AZ,AWP,WE,Towers with Radar,1161,181,45,14,1401,3,56,42,0,101,1165,305,87,14,1571,2,0,2,1628
04/02/2008,PHX,AZ,AWP,WE,Towers with Radar,1159,185,44,4,1392,2,54,48,1,105,1162,372,92,5,1631,5,2,7,1669
04/03/2008,PHX,AZ,AWP,WE,Towers with Radar,1163,186,49,10,1408,21,63,42,0,126,1185,292,91,10,1578,0,0,0,1626
04/04/2008,PHX,AZ,AWP,WE,Towers with Radar,1153,192,54,12,1411,3,55,37,3,98,1156,334,91,15,1596,0,0,0,1648
04/05/2008,PHX,AZ,AWP,WE,Towers with Radar,1028,135,32,6,1201,3,43,14,4,64,1031,240,46,10,1327,35,0,35,1390
04/06/2008,PHX,AZ,AWP,WE,Towers with Radar,1121,162,37,7,1327,2,49,30,2,83,1123,280,67,9,1479,15,0,15,1535
04/07/2008,PHX,AZ,AWP,WE,Towers with Radar,1135,182,34,5,1356,3,46,28,2,79,1139,305,62,7,1513,8,0,8,1580
04/08/2008,PHX,AZ,AWP,WE,Towers with Radar,1129,188,65,7,1389,0,36,29,4,69,1129,280,94,11,1514,1,0,1,1567
04/09/2008,PHX,AZ,AWP,WE,Towers with Radar,1131,200,68,11,1410,3,41,38,1,83,1134,290,106,12,1542,4,0,4,1600
04/10/2008,PHX,AZ,AWP,WE,Towers with Radar,1129,196,60,10,1395,1,46,40,0,87,1130,285,100,10,1525,0,0,0,1604
04/11/2008,PHX,AZ,AWP,WE,Towers with Radar,1138,206,60,9,1413,2,54,33,2,91,1140,410,93,11,1654,0,0,0,1743
04/12/2008,PHX,AZ,AWP,WE,Towers with Radar,1003,158,47,10,1218,4,35,45,3,87,1007,225,92,13,1337,34,0,34,1404
04/13/2008,PHX,AZ,AWP,WE,Towers with Radar,1120,158,41,5,1324,4,27,22,0,53,1124,246,63,5,1438,14,0,14,1508
04/14/2008,PHX,AZ,AWP,WE,Towers with Radar,1134,175,57,9,1375,1,43,28,2,74,1137,288,85,11,1521,0,0,0,1584
04/15/2008,PHX,AZ,AWP,WE,Towers with Radar,1132,202,64,7,1405,3,49,32,0,84,1138,301,96,7,1542,2,0,2,1606
04/16/2008,PHX,AZ,AWP,WE,Towers with Radar,1143,204,73,11,1431,1,54,44,6,105,1144,317,117,17,1595,3,0,3,1695
04/17/2008,PHX,AZ,AWP,WE,Towers with Radar,1147,202,64,14,1427,2,43,66,0,111,1176,305,130,14,1625,0,0,0,1687
04/18/2008,PHX,AZ,AWP,WE,Towers with Radar,1142,191,60,17,1410,2,41,51,5,99,1145,281,111,22,1559,0,0,0,1608
04/19/2008,PHX,AZ,AWP,WE,Towers with Radar,992,155,35,8,1190,3,11,11,4,29,995,166,46,12,1219,0,0,0,1222
04/20/2008,PHX,AZ,AWP,WE,Towers with Radar,1107,157,35,10,1309,2,11,14,1,28,1110,168,49,11,1338,0,0,0,1338
04/21/2008,PHX,AZ,AWP,WE,Towers with Radar,1129,190,28,5,1352,3,63,37,0,103,1133,332,65,5,1535,0,0,0,1621
04/22/2008,PHX,AZ,AWP,WE,Towers with Radar,1133,192,57,7,1389,3,42,61,1,107,1136,297,118,8,1559,0,0,0,1620
04/23/2008,PHX,AZ,AWP,WE,Towers with Radar,1157,194,59,7,1417,2,49,48,1,100,1159,300,107,8,1574,0,0,0,1620
04/24/2008,PHX,AZ,AWP,WE,Towers with Radar,1151,215,63,6,1435,3,54,37,6,100,1155,318,100,12,1585,0,0,0,1647
04/25/2008,PHX,AZ,AWP,WE,Towers with Radar,1134,208,55,12,1409,1,61,44,0,106,1135,320,99,12,1566,5,0,5,1623
04/26/2008,PHX,AZ,AWP,WE,Towers with Radar,999,143,29,6,1177,3,37,18,4,62,1002,270,47,10,1329,9,0,9,1391
04/27/2008,PHX,AZ,AWP,WE,Towers with Radar,1089,167,52,7,1315,2,24,28,0,54,1091,282,80,7,1460,9,0,9,1528
04/28/2008,PHX,AZ,AWP,WE,Towers with Radar,1127,183,36,4,1350,3,29,43,1,76,1130,263,79,5,1477,3,0,3,1545
04/29/2008,PHX,AZ,AWP,WE,Towers with Radar,1131,204,41,9,1385,0,42,33,4,79,1131,292,74,13,1510,0,0,0,1579
04/30/2008,PHX,AZ,AWP,WE,Towers with Radar,1139,202,51,7,1399,3,51,44,5,103,1142,311,95,12,1560,0,0,0,1632
05/01/2008,PHX,AZ,AWP,WE,Towers with Radar,1150,204,80,6,1440,4,60,60,2,126,1154,330,140,8,1632,5,0,5,1725
05/02/2008,PHX,AZ,AWP,WE,Towers with Radar,1130,215,60,14,1419,0,47,23,5,75,1130,330,83,19,1562,2,0,2,1634
05/03/2008,PHX,AZ,AWP,WE,Towers with Radar,987,147,35,8,1177,5,21,12,0,38,992,212,47,8,1259,23,6,29,1336
05/04/2008,PHX,AZ,AWP,WE,Towers with Radar,1095,154,45,3,1297,4,25,27,3,59,1099,253,72,6,1430,20,0,20,1490
05/05/2008,PHX,AZ,AWP,WE,Towers with Radar,1121,186,43,5,1355,1,63,38,2,104,1122,319,81,7,1529,0,0,0,1583
05/06/2008,PHX,AZ,AWP,WE,Towers with Radar,1121,189,50,4,1364,3,48,46,2,99,1124,292,96,6,1518,0,0,0,1557
05/07/2008,PHX,AZ,AWP,WE,Towers with Radar,1128,191,42,4,1365,2,62,68,3,135,1130,308,110,7,1555,14,0,14,1619
05/08/2008,PHX,AZ,AWP,WE,Towers with Radar,1146,198,66,1,1411,2,51,39,1,93,1148,309,105,2,1564,7,0,7,1665
05/09/2008,PHX,AZ,AWP,WE,Towers with Radar,1129,200,61,5,1395,3,58,50,0,111,1132,350,111,5,1598,8,2,10,1677
05/10/2008,PHX,AZ,AWP,WE,Towers with Radar,985,148,32,5,1170,8,36,29,0,73,993,251,61,5,1310,10,0,10,1373
05/11/2008,PHX,AZ,AWP,WE,Towers with Radar,1079,161,36,5,1281,2,16,36,0,54,1081,225,72,5,1383,0,0,0,1417
05/12/2008,PHX,AZ,AWP,WE,Towers with Radar,1108,195,60,9,1372,3,42,37,1,83,1111,276,97,10,1494,0,0,0,1565
05/13/2008,PHX,AZ,AWP,WE,Towers with Radar,1119,215,78,5,1417,0,37,22,1,60,1119,291,100,6,1516,0,0,0,1566
05/14/2008,PHX,AZ,AWP,WE,Towers with Radar,1134,200,64,9,1407,4,70,43,4,121,1138,323,107,13,1581,3,1,4,1698
05/15/2008,PHX,AZ,AWP,WE,Towers with Radar,1138,189,60,8,1395,3,46,43,2,94,1143,303,103,10,1559,6,0,6,1624
05/16/2008,PHX,AZ,AWP,WE,Towers with Radar,1122,198,55,6,1381,2,61,45,2,110,1124,308,100,8,1540,0,0,0,1605
05/17/2008,PHX,AZ,AWP,WE,Towers with Radar,988,156,29,3,1176,3,39,23,7,72,991,249,52,10,1302,16,0,16,1362
05/18/2008,PHX,AZ,AWP,WE,Towers with Radar,1091,159,31,1,1282,4,18,16,5,43,1096,230,47,6,1379,14,0,14,1431
05/19/2008,PHX,AZ,AWP,WE,Towers with Radar,1085,199,35,4,1323,3,32,27,2,64,1088,276,62,6,1432,20,0,20,1516
05/20/2008,PHX,AZ,AWP,WE,Towers with Radar,1110,216,46,5,1377,3,43,33,1,80,1113,321,79,6,1519,0,0,0,1603
05/21/2008,PHX,AZ,AWP,WE,Towers with Radar,1121,189,48,8,1366,0,45,24,0,69,1121,276,72,8,1477,7,0,7,1527
05/22/2008,PHX,AZ,AWP,WE,Towers with Radar,1119,209,65,7,1400,3,17,23,0,43,1123,278,88,7,1496,0,0,0,1554
05/23/2008,PHX,AZ,AWP,WE,Towers with Radar,1109,239,69,7,1424,2,27,24,0,53,1111,317,93,7,1528,24,0,24,1637
05/24/2008,PHX,AZ,AWP,WE,Towers with Radar,952,173,25,1,1151,4,23,25,3,55,957,258,50,4,1269,16,0,16,1311
05/25/2008,PHX,AZ,AWP,WE,Towers with Radar,974,124,16,2,1116,2,18,13,0,33,976,212,29,2,1219,6,0,6,1269
05/26/2008,PHX,AZ,AWP,WE,Towers with Radar,1040,157,32,2,1231,1,46,17,1,65,1041,254,49,3,1347,19,1,20,1444
05/27/2008,PHX,AZ,AWP,WE,Towers with Radar,1087,201,50,8,1346,0,62,37,1,100,1088,321,87,9,1505,0,0,0,1588
05/28/2008,PHX,AZ,AWP,WE,Towers with Radar,1110,203,43,10,1366,3,76,49,8,136,1113,314,92,18,1537,0,0,0,1603
05/29/2008,PHX,AZ,AWP,WE,Towers with Radar,1130,208,62,6,1406,2,64,42,0,108,1133,319,104,6,1562,2,0,2,1659
05/30/2008,PHX,AZ,AWP,WE,Towers with Radar,1110,194,31,12,1347,3,53,39,1,96,1113,336,70,13,1532,0,0,0,1564
05/31/2008,PHX,AZ,AWP,WE,Towers with Radar,985,144,21,7,1157,3,30,22,0,55,988,220,43,7,1258,20,0,20,1311
06/01/2008,PHX,AZ,AWP,WE,Towers with Radar,1076,144,32,4,1256,4,27,18,0,49,1080,232,50,4,1366,18,0,18,1414
06/02/2008,PHX,AZ,AWP,WE,Towers with Radar,1097,184,41,7,1329,2,49,33,1,85,1099,312,74,8,1493,9,0,9,1575
06/03/2008,PHX,AZ,AWP,WE,Towers with Radar,1107,204,49,7,1367,3,52,34,4,93,1110,314,83,11,1518,0,0,0,1569
06/04/2008,PHX,AZ,AWP,WE,Towers with Radar,1136,191,50,5,1382,12,63,35,0,110,1166,327,85,5,1583,4,0,4,1654
06/05/2008,PHX,AZ,AWP,WE,Towers with Radar,1140,194,53,7,1394,3,45,44,1,93,1145,290,97,8,1540,5,0,5,1609
06/06/2008,PHX,AZ,AWP,WE,Towers with Radar,1115,190,41,6,1352,1,51,37,0,89,1117,389,78,6,1590,22,0,22,1682
06/07/2008,PHX,AZ,AWP,WE,Towers with Radar,986,153,28,5,1172,4,47,39,7,97,990,248,67,12,1317,29,2,31,1382
06/08/2008,PHX,AZ,AWP,WE,Towers with Radar,1058,156,31,5,1250,5,27,31,6,69,1073,247,62,11,1393,5,0,5,1476
06/09/2008,PHX,AZ,AWP,WE,Towers with Radar,1105,181,54,9,1349,3,63,42,1,109,1110,312,96,10,1528,0,0,0,1614
06/10/2008,PHX,AZ,AWP,WE,Towers with Radar,1123,192,36,9,1360,1,51,36,1,89,1124,313,72,10,1519,2,0,2,1608
06/11/2008,PHX,AZ,AWP,WE,Towers with Radar,1110,201,37,6,1354,3,60,50,0,113,1114,320,87,6,1527,2,0,2,1611
06/12/2008,PHX,AZ,AWP,WE,Towers with Radar,1125,188,48,12,1373,4,48,52,0,104,1129,276,100,12,1517,0,0,0,1563
06/13/2008,PHX,AZ,AWP,WE,Towers with Radar,1112,186,39,10,1347,3,67,55,1,126,1115,327,94,11,1547,0,0,0,1619
06/14/2008,PHX,AZ,AWP,WE,Towers with Radar,990,137,17,5,1149,6,33,15,1,55,1001,197,32,6,1236,14,0,14,1279
06/15/2008,PHX,AZ,AWP,WE,Towers with Radar,1062,142,34,10,1248,6,27,17,0,50,1075,207,51,10,1343,13,0,13,1409
06/16/2008,PHX,AZ,AWP,WE,Towers with Radar,1090,171,44,9,1314,3,57,45,0,105,1096,297,89,9,1491,0,0,0,1558
06/17/2008,PHX,AZ,AWP,WE,Towers with Radar,1117,186,46,8,1357,3,46,59,0,108,1120,297,105,8,1530,2,0,2,1616
06/18/2008,PHX,AZ,AWP,WE,Towers with Radar,1110,189,45,10,1354,1,49,48,1,99,1111,269,93,11,1484,0,0,0,1534
06/19/2008,PHX,AZ,AWP,WE,Towers with Radar,1114,186,39,9,1348,3,45,36,1,85,1117,277,75,10,1479,2,0,2,1534
06/20/2008,PHX,AZ,AWP,WE,Towers with Radar,1109,194,29,12,1344,4,40,42,2,88,1118,316,71,14,1519,14,0,14,1610
06/21/2008,PHX,AZ,AWP,WE,Towers with Radar,996,164,16,5,1181,3,25,24,0,52,999,278,40,5,1322,0,0,0,1371
06/22/2008,PHX,AZ,AWP,WE,Towers with Radar,1053,156,36,5,1250,3,31,51,0,85,1056,252,87,5,1400,0,0,0,1449
06/23/2008,PHX,AZ,AWP,WE,Towers with Radar,1100,186,66,8,1360,2,36,40,1,79,1102,289,106,9,1506,0,0,0,1560
06/24/2008,PHX,AZ,AWP,WE,Towers with Radar,1118,183,53,15,1369,3,45,67,1,116,1121,285,120,16,1542,0,0,0,1616
06/25/2008,PHX,AZ,AWP,WE,Towers with Radar,1115,199,47,9,1370,0,50,49,2,101,1115,305,96,11,1527,2,0,2,1588
06/26/2008,PHX,AZ,AWP,WE,Towers with Radar,1124,188,68,10,1390,13,71,39,2,125,1146,318,107,12,1583,0,0,0,1646
06/27/2008,PHX,AZ,AWP,WE,Towers with Radar,1125,187,47,16,1375,1,59,50,0,110,1126,321,97,16,1560,19,0,19,1611
06/28/2008,PHX,AZ,AWP,WE,Towers with Radar,989,157,20,11,1177,4,28,21,1,54,993,231,41,12,1277,25,0,25,1333
06/29/2008,PHX,AZ,AWP,WE,Towers with Radar,1054,163,27,5,1249,2,11,17,0,30,1057,213,44,5,1319,4,0,4,1359
06/30/2008,PHX,AZ,AWP,WE,Towers with Radar,1110,173,46,3,1332,3,47,8,0,58,1113,271,54,3,1441,5,0,5,1495
07/01/2008,PHX,AZ,AWP,WE,Towers with Radar,1111,187,43,5,1346,4,36,14,0,54,1115,223,57,5,1400,2,0,2,1402
07/02/2008,PHX,AZ,AWP,WE,Towers with Radar,1120,195,50,9,1374,2,60,39,1,102,1122,255,89,10,1476,4,0,4,1480
07/03/2008,PHX,AZ,AWP,WE,Towers with Radar,1124,194,61,2,1381,3,61,40,1,105,1127,255,101,3,1486,0,0,0,1486
07/04/2008,PHX,AZ,AWP,WE,Towers with Radar,874,102,18,0,994,3,18,10,0,31,877,120,28,0,1025,20,0,20,1045
07/05/2008,PHX,AZ,AWP,WE,Towers with Radar,962,127,10,0,1099,7,20,8,0,35,969,147,18,0,1134,5,0,5,1139
07/06/2008,PHX,AZ,AWP,WE,Towers with Radar,1071,155,44,0,1270,2,16,17,0,35,1073,171,61,0,1305,0,0,0,1305
07/07/2008,PHX,AZ,AWP,WE,Towers with Radar,1098,164,40,10,1312,3,41,42,0,86,1101,205,82,10,1398,0,0,0,1398
07/08/2008,PHX,AZ,AWP,WE,Towers with Radar,1086,204,40,10,1340,2,33,36,1,72,1088,237,76,11,1412,0,0,0,1412
07/09/2008,PHX,AZ,AWP,WE,Towers with Radar,1106,190,51,6,1353,3,53,38,1,95,1109,243,89,7,1448,0,0,0,1448
07/10/2008,PHX,AZ,AWP,WE,Towers with Radar,1002,176,35,8,1221,2,45,24,0,71,1004,221,59,8,1292,0,0,0,1292
07/11/2008,PHX,AZ,AWP,WE,Towers with Radar,1188,210,50,12,1460,3,26,18,3,50,1191,236,68,15,1510,0,0,0,1510
07/12/2008,PHX,AZ,AWP,WE,Towers with Radar,986,156,15,8,1165,5,22,30,0,57,991,178,45,8,1222,20,0,20,1242
07/13/2008,PHX,AZ,AWP,WE,Towers with Radar,1024,161,27,1,1213,4,8,14,0,26,1028,169,41,1,1239,6,0,6,1245
07/14/2008,PHX,AZ,AWP,WE,Towers with Radar,1117,178,45,2,1342,0,52,34,0,86,1117,230,79,2,1428,12,0,12,1440
07/15/2008,PHX,AZ,AWP,WE,Towers with Radar,1106,209,54,9,1378,3,40,36,1,80,1109,249,90,10,1458,0,0,0,1458
07/16/2008,PHX,AZ,AWP,WE,Towers with Radar,1109,196,29,6,1340,3,47,48,2,100,1112,243,77,8,1440,7,0,7,1447
07/17/2008,PHX,AZ,AWP,WE,Towers with Radar,1115,191,55,5,1366,3,51,33,4,91,1118,242,88,9,1457,13,0,13,1470
07/18/2008,PHX,AZ,AWP,WE,Towers with Radar,1114,194,49,7,1364,0,45,30,0,75,1114,239,79,7,1439,12,0,12,1451
07/19/2008,PHX,AZ,AWP,WE,Towers with Radar,977,164,30,6,1177,5,27,16,1,49,982,191,46,7,1226,29,0,29,1255
07/20/2008,PHX,AZ,AWP,WE,Towers with Radar,1052,155,29,5,1241,1,30,18,0,49,1053,185,47,5,1290,9,0,9,1299
07/21/2008,PHX,AZ,AWP,WE,Towers with Radar,1097,178,39,8,1322,3,43,19,0,65,1100,221,58,8,1387,12,0,12,1399
07/22/2008,PHX,AZ,AWP,WE,Towers with Radar,1108,197,47,5,1357,3,32,28,1,64,1111,229,75,6,1421,4,0,4,1425
07/23/2008,PHX,AZ,AWP,WE,Towers with Radar,1096,194,47,7,1344,1,50,27,2,80,1097,244,74,9,1424,0,0,0,1424
07/24/2008,PHX,AZ,AWP,WE,Towers with Radar,1122,196,48,6,1372,5,40,40,1,86,1127,236,88,7,1458,10,0,10,1468
07/25/2008,PHX,AZ,AWP,WE,Towers with Radar,1112,189,46,12,1359,1,29,24,1,55,1113,218,70,13,1414,0,0,0,1414
07/26/2008,PHX,AZ,AWP,WE,Towers with Radar,988,166,10,7,1171,4,44,25,2,75,992,210,35,9,1246,11,0,11,1257
07/27/2008,PHX,AZ,AWP,WE,Towers with Radar,1055,159,30,3,1247,2,33,19,0,54,1057,192,49,3,1301,0,0,0,1301
07/28/2008,PHX,AZ,AWP,WE,Towers with Radar,1090,187,33,3,1313,3,31,35,0,69,1093,218,68,3,1382,4,1,5,1387
07/29/2008,PHX,AZ,AWP,WE,Towers with Radar,1104,198,43,6,1351,3,49,37,0,89,1107,247,80,6,1440,2,0,2,1442
07/30/2008,PHX,AZ,AWP,WE,Towers with Radar,1106,185,53,10,1354,3,44,38,2,87,1109,229,91,12,1441,0,0,0,1441
07/31/2008,PHX,AZ,AWP,WE,Towers with Radar,1113,197,56,9,1375,1,39,22,0,62,1114,236,78,9,1437,17,0,17,1454
08/01/2008,PHX,AZ,AWP,WE,Towers with Radar,1100,193,37,8,1338,3,39,39,0,81,1103,232,76,8,1419,0,0,0,1419
08/02/2008,PHX,AZ,AWP,WE,Towers with Radar,975,153,28,6,1162,3,41,14,2,60,978,194,42,8,1222,8,0,8,1230
08/03/2008,PHX,AZ,AWP,WE,Towers with Radar,1049,146,21,6,1222,2,13,19,1,35,1051,159,40,7,1257,3,0,3,1260
08/04/2008,PHX,AZ,AWP,WE,Towers with Radar,1084,177,51,4,1316,3,37,21,0,61,1087,214,72,4,1377,8,1,9,1386
08/05/2008,PHX,AZ,AWP,WE,Towers with Radar,1096,181,33,6,1316,4,34,18,0,56,1100,215,51,6,1372,2,0,2,1374
08/06/2008,PHX,AZ,AWP,WE,Towers with Radar,1128,184,42,6,1360,3,40,23,0,66,1131,224,65,6,1426,3,0,3,1429
08/07/2008,PHX,AZ,AWP,WE,Towers with Radar,1047,176,39,6,1268,2,45,27,3,77,1049,221,66,9,1345,0,0,0,1345
08/08/2008,PHX,AZ,AWP,WE,Towers with Radar,1172,193,42,4,1411,3,30,21,1,55,1175,223,63,5,1466,0,0,0,1466
08/09/2008,PHX,AZ,AWP,WE,Towers with Radar,992,156,23,3,1174,2,15,13,2,32,994,171,36,5,1206,5,0,5,1211
08/10/2008,PHX,AZ,AWP,WE,Towers with Radar,1042,157,24,6,1229,4,5,18,0,27,1046,162,42,6,1256,4,0,4,1260
08/11/2008,PHX,AZ,AWP,WE,Towers with Radar,1086,184,53,3,1326,1,40,25,0,66,1087,224,78,3,1392,9,0,9,1401
08/12/2008,PHX,AZ,AWP,WE,Towers with Radar,1110,183,53,5,1351,2,41,34,0,77,1112,224,87,5,1428,4,0,4,1432
08/13/2008,PHX,AZ,AWP,WE,Towers with Radar,1104,188,40,5,1337,3,41,43,0,87,1107,229,83,5,1424,0,0,0,1424
08/14/2008,PHX,AZ,AWP,WE,Towers with Radar,1095,185,57,2,1339,0,36,42,1,79,1095,221,99,3,1418,16,2,18,1436
08/15/2008,PHX,AZ,AWP,WE,Towers with Radar,1112,178,36,4,1330,4,63,31,0,98,1116,241,67,4,1428,0,0,0,1428
08/16/2008,PHX,AZ,AWP,WE,Towers with Radar,987,154,25,7,1173,5,25,17,1,48,992,179,42,8,1221,12,0,12,1233
08/17/2008,PHX,AZ,AWP,WE,Towers with Radar,1060,155,38,5,1258,1,17,29,1,48,1061,172,67,6,1306,0,0,0,1306
08/18/2008,PHX,AZ,AWP,WE,Towers with Radar,1091,165,42,6,1304,3,49,28,2,82,1094,214,70,8,1386,0,0,0,1386
08/19/2008,PHX,AZ,AWP,WE,Towers with Radar,1081,172,53,4,1310,2,48,26,0,76,1083,220,79,4,1386,8,0,8,1394
08/20/2008,PHX,AZ,AWP,WE,Towers with Radar,1073,177,56,4,1310,2,54,43,0,99,1075,231,99,4,1409,0,0,0,1409
08/21/2008,PHX,AZ,AWP,WE,Towers with Radar,1083,177,68,4,1332,3,39,49,0,91,1086,216,117,4,1423,2,0,2,1425
08/22/2008,PHX,AZ,AWP,WE,Towers with Radar,1075,174,41,9,1299,1,50,27,0,78,1076,224,68,9,1377,5,0,5,1382
08/23/2008,PHX,AZ,AWP,WE,Towers with Radar,884,131,29,11,1055,5,37,14,1,57,889,168,43,12,1112,14,0,14,1126
08/24/2008,PHX,AZ,AWP,WE,Towers with Radar,1018,139,38,4,1199,1,16,27,0,44,1019,155,65,4,1243,4,0,4,1247
08/25/2008,PHX,AZ,AWP,WE,Towers with Radar,1048,162,45,5,1260,3,36,29,0,68,1051,198,74,5,1328,0,0,0,1328
08/26/2008,PHX,AZ,AWP,WE,Towers with Radar,1067,172,54,11,1304,2,35,22,0,59,1069,207,76,11,1363,0,0,0,1363
08/27/2008,PHX,AZ,AWP,WE,Towers with Radar,1067,174,52,5,1298,2,51,22,0,75,1069,225,74,5,1373,2,0,2,1375
08/28/2008,PHX,AZ,AWP,WE,Towers with Radar,1037,174,58,7,1276,3,56,34,0,93,1040,230,92,7,1369,6,0,6,1375
08/29/2008,PHX,AZ,AWP,WE,Towers with Radar,1127,180,58,5,1370,2,44,39,0,85,1129,224,97,5,1455,4,0,4,1459
08/30/2008,PHX,AZ,AWP,WE,Towers with Radar,824,117,13,2,956,12,29,18,0,59,836,146,31,2,1015,3,0,3,1018
08/31/2008,PHX,AZ,AWP,WE,Towers with Radar,773,98,17,0,888,15,18,9,0,42,788,116,26,0,930,0,0,0,930
09/01/2008,PHX,AZ,AWP,WE,Towers with Radar,980,152,31,3,1166,2,37,20,3,62,982,189,51,6,1228,2,0,2,1230
09/02/2008,PHX,AZ,AWP,WE,Towers with Radar,1059,138,37,6,1240,3,50,41,0,94,1062,188,78,6,1334,0,0,0,1334
09/03/2008,PHX,AZ,AWP,WE,Towers with Radar,1057,134,54,6,1251,3,54,38,1,96,1060,188,92,7,1347,0,0,0,1347
09/04/2008,PHX,AZ,AWP,WE,Towers with Radar,1064,159,44,3,1270,3,58,37,2,100,1067,217,81,5,1370,0,0,0,1370
09/05/2008,PHX,AZ,AWP,WE,Towers with Radar,1056,165,54,10,1285,3,40,25,3,71,1059,205,79,13,1356,0,0,0,1356
09/06/2008,PHX,AZ,AWP,WE,Towers with Radar,731,92,29,10,862,0,27,23,2,52,731,119,52,12,914,3,0,3,917
09/07/2008,PHX,AZ,AWP,WE,Towers with Radar,1007,132,30,3,1172,5,23,22,0,50,1012,155,52,3,1222,3,0,3,1225
09/08/2008,PHX,AZ,AWP,WE,Towers with Radar,1032,149,48,1,1230,3,31,21,1,56,1035,180,69,2,1286,2,0,2,1288
09/09/2008,PHX,AZ,AWP,WE,Towers with Radar,1025,163,54,4,1246,2,56,22,0,80,1027,219,76,4,1326,0,0,0,1326
09/10/2008,PHX,AZ,AWP,WE,Towers with Radar,1042,153,48,3,1246,2,38,35,0,75,1044,191,83,3,1321,2,0,2,1323
09/11/2008,PHX,AZ,AWP,WE,Towers with Radar,1058,170,48,3,1279,2,32,23,0,57,1060,202,71,3,1336,4,0,4,1340
09/12/2008,PHX,AZ,AWP,WE,Towers with Radar,1040,172,53,9,1274,1,48,25,1,75,1041,220,78,10,1349,0,0,0,1349
09/13/2008,PHX,AZ,AWP,WE,Towers with Radar,704,96,24,14,838,4,24,18,1,47,708,120,42,15,885,22,0,22,907
09/14/2008,PHX,AZ,AWP,WE,Towers with Radar,983,128,31,3,1145,4,29,31,0,64,987,157,62,3,1209,4,0,4,1213
09/15/2008,PHX,AZ,AWP,WE,Towers with Radar,1030,149,55,8,1242,3,30,44,3,80,1033,179,99,11,1322,2,0,2,1324
09/16/2008,PHX,AZ,AWP,WE,Towers with Radar,1027,145,55,9,1236,2,49,40,0,91,1029,194,95,9,1327,0,0,0,1327
09/17/2008,PHX,AZ,AWP,WE,Towers with Radar,1031,162,51,11,1255,2,36,33,0,71,1033,198,84,11,1326,0,0,0,1326
09/18/2008,PHX,AZ,AWP,WE,Towers with Radar,1060,178,55,3,1296,1,35,49,1,86,1061,213,104,4,1382,3,0,3,1385
09/19/2008,PHX,AZ,AWP,WE,Towers with Radar,1052,164,39,6,1261,3,35,32,0,70,1055,199,71,6,1331,8,0,8,1339
09/20/2008,PHX,AZ,AWP,WE,Towers with Radar,726,94,24,3,847,3,27,31,1,62,729,121,55,4,909,12,0,12,921
09/21/2008,PHX,AZ,AWP,WE,Towers with Radar,1005,129,50,3,1187,1,32,31,1,65,1006,161,81,4,1252,5,0,5,1257
09/22/2008,PHX,AZ,AWP,WE,Towers with Radar,1036,146,37,3,1222,3,49,42,3,97,1039,195,79,6,1319,1,0,1,1320
09/23/2008,PHX,AZ,AWP,WE,Towers with Radar,1040,152,63,0,1255,0,65,38,0,103,1040,217,101,0,1358,0,0,0,1358
09/24/2008,PHX,AZ,AWP,WE,Towers with Radar,1052,167,57,2,1278,1,35,26,1,63,1053,202,83,3,1341,0,0,0,1341
09/25/2008,PHX,AZ,AWP,WE,Towers with Radar,1061,169,69,2,1301,3,30,34,0,67,1064,199,103,2,1368,5,0,5,1373
09/26/2008,PHX,AZ,AWP,WE,Towers with Radar,1060,167,76,3,1306,2,38,23,0,63,1062,205,99,3,1369,1,0,1,1370
09/27/2008,PHX,AZ,AWP,WE,Towers with Radar,732,90,15,2,839,2,27,14,0,43,734,117,29,2,882,14,0,14,896
09/28/2008,PHX,AZ,AWP,WE,Towers with Radar,992,124,34,0,1150,5,16,21,0,42,997,140,55,0,1192,2,0,2,1194
09/29/2008,PHX,AZ,AWP,WE,Towers with Radar,1032,143,42,1,1218,1,30,33,0,64,1033,173,75,1,1282,5,0,5,1287
09/30/2008,PHX,AZ,AWP,WE,Towers with Radar,1029,151,43,0,1223,2,34,41,0,77,1031,185,84,0,1300,0,0,0,1300
10/01/2008,PHX,AZ,AWP,WE,Towers with Radar,1044,147,55,6,1252,2,32,37,0,71,1046,179,92,6,1323,0,0,0,1323
10/02/2008,PHX,AZ,AWP,WE,Towers with Radar,1060,170,56,9,1295,3,42,44,2,91,1063,212,100,11,1386,0,0,0,1386
10/03/2008,PHX,AZ,AWP,WE,Towers with Radar,1058,158,45,6,1267,1,34,26,1,62,1059,192,71,7,1329,2,0,2,1331
10/04/2008,PHX,AZ,AWP,WE,Towers with Radar,745,102,34,7,888,4,29,20,0,53,749,131,54,7,941,19,0,19,960
10/05/2008,PHX,AZ,AWP,WE,Towers with Radar,998,122,26,4,1150,3,23,16,0,42,1001,145,42,4,1192,3,0,3,1195
10/06/2008,PHX,AZ,AWP,WE,Towers with Radar,1031,153,33,5,1222,3,43,45,0,91,1034,196,78,5,1313,4,0,4,1317
10/07/2008,PHX,AZ,AWP,WE,Towers with Radar,1012,164,64,5,1245,2,44,55,1,102,1014,208,119,6,1347,0,0,0,1347
10/08/2008,PHX,AZ,AWP,WE,Towers with Radar,1035,160,51,11,1257,2,41,25,0,68,1037,201,76,11,1325,0,0,0,1325
10/09/2008,PHX,AZ,AWP,WE,Towers with Radar,1052,167,53,11,1283,3,39,35,1,78,1055,206,88,12,1361,1,0,1,1362
10/10/2008,PHX,AZ,AWP,WE,Towers with Radar,1056,168,37,7,1268,1,39,27,2,69,1057,207,64,9,1337,12,0,12,1349
10/11/2008,PHX,AZ,AWP,WE,Towers with Radar,752,107,22,4,885,3,20,9,0,32,755,127,31,4,917,9,0,9,926
10/12/2008,PHX,AZ,AWP,WE,Towers with Radar,993,127,47,3,1170,5,12,16,0,33,998,139,63,3,1203,11,0,11,1214
10/13/2008,PHX,AZ,AWP,WE,Towers with Radar,1041,168,43,2,1254,2,41,27,0,70,1043,209,70,2,1324,14,0,14,1338
10/14/2008,PHX,AZ,AWP,WE,Towers with Radar,1030,164,48,4,1246,1,28,29,1,59,1031,192,77,5,1305,4,0,4,1309
10/15/2008,PHX,AZ,AWP,WE,Towers with Radar,1033,167,53,6,1259,3,40,53,1,97,1036,207,106,7,1356,0,0,0,1356
10/16/2008,PHX,AZ,AWP,WE,Towers with Radar,1051,168,39,4,1262,2,53,37,1,93,1053,221,76,5,1355,0,0,0,1355
10/17/2008,PHX,AZ,AWP,WE,Towers with Radar,1049,170,47,7,1273,2,57,46,1,106,1051,227,93,8,1379,0,0,0,1379
10/18/2008,PHX,AZ,AWP,WE,Towers with Radar,735,116,36,3,890,4,31,20,4,59,739,147,56,7,949,12,0,12,961
10/19/2008,PHX,AZ,AWP,WE,Towers with Radar,988,135,38,5,1166,2,11,24,0,37,990,146,62,5,1203,10,0,10,1213
10/20/2008,PHX,AZ,AWP,WE,Towers with Radar,1033,141,38,7,1219,1,29,33,0,63,1034,170,71,7,1282,0,0,0,1282
10/21/2008,PHX,AZ,AWP,WE,Towers with Radar,1019,175,55,6,1255,3,30,39,1,73,1022,205,94,7,1328,0,0,0,1328
10/22/2008,PHX,AZ,AWP,WE,Towers with Radar,1022,167,59,5,1253,3,43,45,4,95,1025,210,104,9,1348,0,0,0,1348
10/23/2008,PHX,AZ,AWP,WE,Towers with Radar,1066,170,55,5,1296,1,37,42,0,80,1067,207,97,5,1376,0,0,0,1376
10/24/2008,PHX,AZ,AWP,WE,Towers with Radar,1050,175,52,6,1283,3,29,18,0,50,1053,204,70,6,1333,7,0,7,1340
10/25/2008,PHX,AZ,AWP,WE,Towers with Radar,739,105,25,0,869,1,24,33,0,58,740,129,58,0,927,13,0,13,940
10/26/2008,PHX,AZ,AWP,WE,Towers with Radar,982,136,34,0,1152,5,38,24,2,69,987,174,58,2,1221,3,0,3,1224
10/27/2008,PHX,AZ,AWP,WE,Towers with Radar,1031,152,37,10,1230,3,62,31,0,96,1034,214,68,10,1326,0,0,0,1326
10/28/2008,PHX,AZ,AWP,WE,Towers with Radar,1025,156,59,6,1246,3,53,38,3,97,1028,209,97,9,1343,0,0,0,1343
10/29/2008,PHX,AZ,AWP,WE,Towers with Radar,1040,161,42,6,1249,3,32,32,0,67,1043,193,74,6,1316,0,0,0,1316
10/30/2008,PHX,AZ,AWP,WE,Towers with Radar,1062,160,54,8,1284,3,35,45,1,84,1065,195,99,9,1368,2,0,2,1370
10/31/2008,PHX,AZ,AWP,WE,Towers with Radar,1039,157,40,10,1246,0,34,14,1,49,1039,191,54,11,1295,0,0,0,1295
11/01/2008,PHX,AZ,AWP,WE,Towers with Radar,743,98,26,5,872,4,30,28,0,62,747,128,54,5,934,7,0,7,941
11/02/2008,PHX,AZ,AWP,WE,Towers with Radar,977,124,33,6,1140,5,21,31,0,57,982,145,64,6,1197,5,0,5,1202
11/03/2008,PHX,AZ,AWP,WE,Towers with Radar,1047,133,34,2,1216,1,36,23,0,60,1048,169,57,2,1276,2,0,2,1278
11/04/2008,PHX,AZ,AWP,WE,Towers with Radar,1049,156,53,7,1265,3,21,19,0,43,1052,177,72,7,1308,8,0,8,1316
11/05/2008,PHX,AZ,AWP,WE,Towers with Radar,1049,162,59,6,1276,4,34,33,1,72,1053,196,92,7,1348,7,0,7,1355
11/06/2008,PHX,AZ,AWP,WE,Towers with Radar,1064,161,56,8,1289,1,30,28,1,60,1065,191,84,9,1349,2,0,2,1351
11/07/2008,PHX,AZ,AWP,WE,Towers with Radar,1068,152,44,6,1270,3,30,27,1,61,1071,182,71,7,1331,10,1,11,1342
11/08/2008,PHX,AZ,AWP,WE,Towers with Radar,859,114,34,6,1013,2,23,24,1,50,861,137,58,7,1063,6,0,6,1069
11/09/2008,PHX,AZ,AWP,WE,Towers with Radar,978,131,69,11,1189,4,23,81,0,108,982,154,150,11,1297,0,0,0,1297
11/10/2008,PHX,AZ,AWP,WE,Towers with Radar,1051,150,51,0,1252,3,30,24,3,60,1054,180,75,3,1312,0,0,0,1312
11/11/2008,PHX,AZ,AWP,WE,Towers with Radar,1045,169,71,1,1286,3,21,26,0,50,1048,190,97,1,1336,5,0,5,1341
11/12/2008,PHX,AZ,AWP,WE,Towers with Radar,1049,165,79,8,1301,3,36,36,2,77,1052,201,115,10,1378,0,0,0,1378
11/13/2008,PHX,AZ,AWP,WE,Towers with Radar,1064,175,54,11,1304,1,30,38,0,69,1065,205,92,11,1373,0,0,0,1373
11/14/2008,PHX,AZ,AWP,WE,Towers with Radar,1053,161,35,13,1262,2,34,49,0,85,1055,195,84,13,1347,8,0,8,1355
11/15/2008,PHX,AZ,AWP,WE,Towers with Radar,854,111,23,4,992,2,21,25,3,51,856,132,48,7,1043,4,0,4,1047
11/16/2008,PHX,AZ,AWP,WE,Towers with Radar,988,125,33,4,1150,4,22,22,0,48,992,147,55,4,1198,0,0,0,1198
11/17/2008,PHX,AZ,AWP,WE,Towers with Radar,1037,145,46,4,1232,2,48,44,1,95,1039,193,90,5,1327,0,0,0,1327
11/18/2008,PHX,AZ,AWP,WE,Towers with Radar,1040,170,49,8,1267,3,32,37,0,72,1043,202,86,8,1339,0,0,0,1339
11/19/2008,PHX,AZ,AWP,WE,Towers with Radar,1050,179,46,7,1282,3,47,23,2,75,1053,226,69,9,1357,0,0,0,1357
11/20/2008,PHX,AZ,AWP,WE,Towers with Radar,1069,164,62,11,1306,2,39,36,4,81,1071,203,98,15,1387,0,0,0,1387
11/21/2008,PHX,AZ,AWP,WE,Towers with Radar,1070,154,45,11,1280,3,45,54,1,103,1073,199,99,12,1383,0,0,0,1383
11/22/2008,PHX,AZ,AWP,WE,Towers with Radar,857,115,30,4,1006,3,37,29,1,70,860,152,59,5,1076,1,0,1,1077
11/23/2008,PHX,AZ,AWP,WE,Towers with Radar,989,120,22,4,1135,3,26,28,0,57,992,146,50,4,1192,18,0,18,1210
11/24/2008,PHX,AZ,AWP,WE,Towers with Radar,1035,141,28,6,1210,1,42,31,0,74,1036,183,59,6,1284,0,0,0,1284
11/25/2008,PHX,AZ,AWP,WE,Towers with Radar,1087,169,53,10,1319,3,26,24,0,53,1090,195,77,10,1372,0,0,0,1372
11/26/2008,PHX,AZ,AWP,WE,Towers with Radar,1096,208,34,4,1342,2,21,4,0,27,1098,229,38,4,1369,0,0,0,1369
11/27/2008,PHX,AZ,AWP,WE,Towers with Radar,644,72,17,0,733,0,2,3,0,5,644,74,20,0,738,0,0,0,738
11/28/2008,PHX,AZ,AWP,WE,Towers with Radar,969,158,31,0,1158,0,31,13,0,44,969,189,44,0,1202,2,0,2,1204
11/29/2008,PHX,AZ,AWP,WE,Towers with Radar,990,137,33,2,1162,3,24,18,0,45,993,161,51,2,1207,0,0,0,1207
11/30/2008,PHX,AZ,AWP,WE,Towers with Radar,1079,133,54,1,1267,3,12,25,0,40,1082,145,79,1,1307,0,0,0,1307
12/01/2008,PHX,AZ,AWP,WE,Towers with Radar,1069,146,36,1,1252,3,31,28,0,62,1072,177,64,1,1314,0,0,0,1314
12/02/2008,PHX,AZ,AWP,WE,Towers with Radar,1059,163,32,11,1265,3,39,29,0,71,1062,202,61,11,1336,4,0,4,1340
12/03/2008,PHX,AZ,AWP,WE,Towers with Radar,1019,158,39,17,1233,2,36,34,0,72,1021,194,73,17,1305,3,0,3,1308
12/04/2008,PHX,AZ,AWP,WE,Towers with Radar,1030,165,57,7,1259,1,25,38,0,64,1031,190,95,7,1323,0,0,0,1323
12/05/2008,PHX,AZ,AWP,WE,Towers with Radar,1042,153,45,12,1252,3,48,28,5,84,1045,201,73,17,1336,6,0,6,1342
12/06/2008,PHX,AZ,AWP,WE,Towers with Radar,827,101,25,3,956,1,24,26,4,55,828,125,51,7,1011,2,0,2,1013
12/07/2008,PHX,AZ,AWP,WE,Towers with Radar,956,135,31,2,1124,4,19,17,0,40,960,154,48,2,1164,4,0,4,1168
12/08/2008,PHX,AZ,AWP,WE,Towers with Radar,1014,139,36,9,1198,1,28,20,10,59,1015,167,56,19,1257,0,0,0,1257
12/09/2008,PHX,AZ,AWP,WE,Towers with Radar,1023,157,62,6,1248,3,34,21,7,65,1026,191,83,13,1313,3,0,3,1316
12/10/2008,PHX,AZ,AWP,WE,Towers with Radar,1011,171,44,10,1236,3,32,29,0,64,1014,203,73,10,1300,0,0,0,1300
12/11/2008,PHX,AZ,AWP,WE,Towers with Radar,1042,172,46,8,1268,2,38,35,4,79,1044,210,81,12,1347,2,0,2,1349
12/12/2008,PHX,AZ,AWP,WE,Towers with Radar,1041,162,37,7,1247,1,29,11,0,41,1042,191,48,7,1288,1,0,1,1289
12/13/2008,PHX,AZ,AWP,WE,Towers with Radar,831,94,26,8,959,4,26,13,0,43,835,120,39,8,1002,15,0,15,1017
12/14/2008,PHX,AZ,AWP,WE,Towers with Radar,950,113,36,5,1104,2,23,13,0,38,952,136,49,5,1142,0,0,0,1142
12/15/2008,PHX,AZ,AWP,WE,Towers with Radar,1011,142,32,5,1190,3,30,30,0,63,1014,172,62,5,1253,0,0,0,1253
12/16/2008,PHX,AZ,AWP,WE,Towers with Radar,1006,178,55,14,1253,3,6,6,0,15,1009,184,61,14,1268,0,0,0,1268
12/17/2008,PHX,AZ,AWP,WE,Towers with Radar,1070,183,37,9,1299,3,16,15,8,42,1073,199,52,17,1341,0,0,0,1341
12/18/2008,PHX,AZ,AWP,WE,Towers with Radar,1109,160,39,13,1321,1,14,9,0,24,1110,174,48,13,1345,2,0,2,1347
12/19/2008,PHX,AZ,AWP,WE,Towers with Radar,1079,160,37,14,1290,3,44,35,3,85,1082,204,72,17,1375,0,0,0,1375
12/20/2008,PHX,AZ,AWP,WE,Towers with Radar,999,115,40,8,1162,3,23,21,3,50,1002,138,61,11,1212,0,0,0,1212
12/21/2008,PHX,AZ,AWP,WE,Towers with Radar,986,117,21,6,1130,3,34,13,1,51,989,151,34,7,1181,0,0,0,1181
12/22/2008,PHX,AZ,AWP,WE,Towers with Radar,1061,144,28,5,1238,2,23,15,1,41,1063,167,43,6,1279,0,0,0,1279
12/23/2008,PHX,AZ,AWP,WE,Towers with Radar,1088,172,28,3,1291,4,30,16,0,50,1092,202,44,3,1341,2,0,2,1343
12/24/2008,PHX,AZ,AWP,WE,Towers with Radar,1005,166,14,0,1185,1,32,14,1,48,1006,198,28,1,1233,0,0,0,1233
12/25/2008,PHX,AZ,AWP,WE,Towers with Radar,968,117,17,0,1102,4,7,2,0,13,972,124,19,0,1115,0,0,0,1115
12/26/2008,PHX,AZ,AWP,WE,Towers with Radar,1063,175,33,0,1271,4,22,9,0,35,1067,197,42,0,1306,0,0,0,1306
12/27/2008,PHX,AZ,AWP,WE,Towers with Radar,1012,136,35,0,1183,4,23,23,0,50,1016,159,58,0,1233,2,0,2,1235
12/28/2008,PHX,AZ,AWP,WE,Towers with Radar,1019,129,18,0,1166,17,34,22,0,73,1036,163,40,0,1239,0,0,0,1239
12/29/2008,PHX,AZ,AWP,WE,Towers with Radar,1079,140,23,1,1243,5,35,23,0,63,1084,175,46,1,1306,1,0,1,1307
12/30/2008,PHX,AZ,AWP,WE,Towers with Radar,1086,168,29,1,1284,2,19,23,0,44,1088,187,52,1,1328,5,0,5,1333
12/31/2008,PHX,AZ,AWP,WE,Towers with Radar,1004,162,25,0,1191,4,48,26,1,79,1008,210,51,1,1270,4,0,4,1274
01/01/2009,PHX,AZ,AWP,WE,Towers with Radar,1015,115,19,0,1149,3,36,30,0,69,1018,151,49,0,1218,7,0,7,1225
01/02/2009,PHX,AZ,AWP,WE,Towers with Radar,1089,151,37,3,1280,5,26,28,0,59,1094,177,65,3,1339,3,0,3,1342
01/03/2009,PHX,AZ,AWP,WE,Towers with Radar,1018,129,31,2,1180,3,23,22,2,50,1021,152,53,4,1230,4,0,4,1234
01/04/2009,PHX,AZ,AWP,WE,Towers with Radar,1011,120,37,3,1171,4,16,3,0,23,1015,136,40,3,1194,2,0,2,1196
01/05/2009,PHX,AZ,AWP,WE,Towers with Radar,1080,154,41,1,1276,1,16,22,1,40,1081,170,63,2,1316,0,0,0,1316
01/06/2009,PHX,AZ,AWP,WE,Towers with Radar,1073,153,52,9,1287,4,33,27,3,67,1077,186,79,12,1354,0,0,0,1354
01/07/2009,PHX,AZ,AWP,WE,Towers with Radar,1030,163,68,9,1270,2,38,33,0,73,1032,201,101,9,1343,0,0,0,1343
01/08/2009,PHX,AZ,AWP,WE,Towers with Radar,1058,163,51,7,1279,3,39,43,0,85,1061,202,94,7,1364,2,0,2,1366
01/09/2009,PHX,AZ,AWP,WE,Towers with Radar,1054,165,51,12,1282,1,32,26,1,60,1055,197,77,13,1342,0,0,0,1342
01/10/2009,PHX,AZ,AWP,WE,Towers with Radar,850,88,25,5,968,3,41,26,0,70,853,129,51,5,1038,0,0,0,1038
01/11/2009,PHX,AZ,AWP,WE,Towers with Radar,994,115,24,1,1134,3,35,17,0,55,997,150,41,1,1189,3,0,3,1192
01/12/2009,PHX,AZ,AWP,WE,Towers with Radar,1025,151,24,4,1204,2,46,19,0,67,1027,197,43,4,1271,0,0,0,1271
01/13/2009,PHX,AZ,AWP,WE,Towers with Radar,1027,160,42,7,1236,4,30,19,4,57,1031,190,61,11,1293,0,0,0,1293
01/14/2009,PHX,AZ,AWP,WE,Towers with Radar,1032,173,32,5,1242,1,47,36,1,85,1033,220,68,6,1327,0,0,0,1327
01/15/2009,PHX,AZ,AWP,WE,Towers with Radar,1046,171,59,7,1283,4,42,33,0,79,1050,213,92,7,1362,2,0,2,1364
01/16/2009,PHX,AZ,AWP,WE,Towers with Radar,1044,156,63,5,1268,4,41,25,0,70,1048,197,88,5,1338,0,0,0,1338
01/17/2009,PHX,AZ,AWP,WE,Towers with Radar,856,102,24,3,985,2,18,26,2,48,858,120,50,5,1033,0,0,0,1033
01/18/2009,PHX,AZ,AWP,WE,Towers with Radar,988,120,28,3,1139,5,18,20,5,48,993,138,48,8,1187,10,0,10,1197
01/19/2009,PHX,AZ,AWP,WE,Towers with Radar,1047,139,34,1,1221,3,24,32,1,60,1050,163,66,2,1281,3,0,3,1284
01/20/2009,PHX,AZ,AWP,WE,Towers with Radar,1043,153,38,4,1238,1,58,35,0,94,1044,211,73,4,1332,1,0,1,1333
01/21/2009,PHX,AZ,AWP,WE,Towers with Radar,1048,148,46,10,1252,3,32,32,1,68,1051,180,78,11,1320,0,0,0,1320
01/22/2009,PHX,AZ,AWP,WE,Towers with Radar,1057,174,55,10,1296,4,19,26,0,49,1061,193,81,10,1345,0,0,0,1345
01/23/2009,PHX,AZ,AWP,WE,Towers with Radar,1048,177,41,10,1276,2,17,14,0,33,1050,194,55,10,1309,5,0,5,1314
01/24/2009,PHX,AZ,AWP,WE,Towers with Radar,857,101,23,3,984,4,40,18,2,64,861,141,41,5,1048,19,0,19,1067
01/25/2009,PHX,AZ,AWP,WE,Towers with Radar,983,119,33,2,1137,4,27,19,0,50,987,146,52,2,1187,0,0,0,1187
01/26/2009,PHX,AZ,AWP,WE,Towers with Radar,1041,146,42,8,1237,3,33,10,3,49,1044,179,52,11,1286,0,0,0,1286
01/27/2009,PHX,AZ,AWP,WE,Towers with Radar,1027,157,41,9,1234,3,29,41,3,76,1030,186,82,12,1310,0,0,0,1310
01/28/2009,PHX,AZ,AWP,WE,Towers with Radar,1015,147,48,7,1217,3,32,23,1,59,1018,179,71,8,1276,0,0,0,1276
01/29/2009,PHX,AZ,AWP,WE,Towers with Radar,1056,173,52,7,1288,4,34,31,8,77,1060,207,83,15,1365,0,0,0,1365
01/30/2009,PHX,AZ,AWP,WE,Towers with Radar,1055,159,37,5,1256,2,46,27,6,81,1057,205,64,11,1337,10,0,10,1347
01/31/2009,PHX,AZ,AWP,WE,Towers with Radar,848,97,36,2,983,4,15,20,1,40,852,112,56,3,1023,9,0,9,1032
02/01/2009,PHX,AZ,AWP,WE,Towers with Radar,986,109,15,2,1112,5,9,9,0,23,991,118,24,2,1135,1,1,2,1137
02/02/2009,PHX,AZ,AWP,WE,Towers with Radar,1041,136,34,9,1220,3,44,25,0,72,1044,180,59,9,1292,0,2,2,1294
02/03/2009,PHX,AZ,AWP,WE,Towers with Radar,1042,144,45,9,1240,2,48,25,5,80,1044,192,70,14,1320,0,0,0,1320
02/04/2009,PHX,AZ,AWP,WE,Towers with Radar,1048,165,37,9,1259,3,44,27,1,75,1051,209,64,10,1334,0,0,0,1334
02/05/2009,PHX,AZ,AWP,WE,Towers with Radar,1053,166,42,9,1270,4,37,23,5,69,1057,203,65,14,1339,3,0,3,1342
02/06/2009,PHX,AZ,AWP,WE,Towers with Radar,1053,169,41,13,1276,1,48,25,1,75,1054,217,66,14,1351,1,0,1,1352
02/07/2009,PHX,AZ,AWP,WE,Towers with Radar,852,95,13,8,968,2,57,10,2,71,854,152,23,10,1039,5,0,5,1044
02/08/2009,PHX,AZ,AWP,WE,Towers with Radar,986,129,20,5,1140,4,7,6,0,17,990,136,26,5,1157,2,0,2,1159
02/09/2009,PHX,AZ,AWP,WE,Towers with Radar,1044,161,39,5,1249,2,8,7,0,17,1046,169,46,5,1266,0,0,0,1266
02/10/2009,PHX,AZ,AWP,WE,Towers with Radar,1036,161,52,6,1255,4,32,18,2,56,1040,193,70,8,1311,0,0,0,1311
02/11/2009,PHX,AZ,AWP,WE,Towers with Radar,1057,154,53,11,1275,2,28,24,2,56,1059,182,77,13,1331,6,0,6,1337
02/12/2009,PHX,AZ,AWP,WE,Towers with Radar,1058,189,59,9,1315,4,39,20,1,64,1062,228,79,10,1379,2,0,2,1381
02/13/2009,PHX,AZ,AWP,WE,Towers with Radar,1063,180,66,8,1317,2,34,24,3,63,1065,214,90,11,1380,17,0,17,1397
02/14/2009,PHX,AZ,AWP,WE,Towers with Radar,922,122,36,1,1081,3,51,22,1,77,925,173,58,2,1158,3,0,3,1161
02/15/2009,PHX,AZ,AWP,WE,Towers with Radar,990,139,64,1,1194,4,47,18,0,69,994,186,82,1,1263,6,0,6,1269
02/16/2009,PHX,AZ,AWP,WE,Towers with Radar,1062,192,60,4,1318,2,28,11,1,42,1064,220,71,5,1360,10,0,10,1370
02/17/2009,PHX,AZ,AWP,WE,Towers with Radar,1063,156,46,8,1273,4,30,22,6,62,1067,186,68,14,1335,0,0,0,1335
02/18/2009,PHX,AZ,AWP,WE,Towers with Radar,1063,156,35,14,1268,0,28,24,2,54,1063,184,59,16,1322,1,0,1,1323
02/19/2009,PHX,AZ,AWP,WE,Towers with Radar,1062,161,43,8,1274,4,39,18,6,67,1066,200,61,14,1341,0,0,0,1341
02/20/2009,PHX,AZ,AWP,WE,Towers with Radar,1064,161,43,15,1283,2,56,32,4,94,1066,217,75,19,1377,4,0,4,1381
02/21/2009,PHX,AZ,AWP,WE,Towers with Radar,917,101,23,12,1053,4,37,14,2,57,921,138,37,14,1110,7,0,7,1117
02/22/2009,PHX,AZ,AWP,WE,Towers with Radar,992,131,48,6,1177,3,19,14,1,37,995,150,62,7,1214,7,0,7,1221
02/23/2009,PHX,AZ,AWP,WE,Towers with Radar,1061,139,37,5,1242,4,37,21,4,66,1065,176,58,9,1308,0,0,0,1308
02/24/2009,PHX,AZ,AWP,WE,Towers with Radar,1046,163,46,6,1261,2,34,23,3,62,1048,197,69,9,1323,0,0,0,1323
02/25/2009,PHX,AZ,AWP,WE,Towers with Radar,1054,162,59,4,1279,4,42,35,0,81,1058,204,94,4,1360,0,0,0,1360
02/26/2009,PHX,AZ,AWP,WE,Towers with Radar,1065,152,48,5,1270,1,35,24,1,61,1066,187,72,6,1331,0,0,0,1331
02/27/2009,PHX,AZ,AWP,WE,Towers with Radar,1073,162,59,8,1302,4,39,33,1,77,1077,201,92,9,1379,8,0,8,1387
02/28/2009,PHX,AZ,AWP,WE,Towers with Radar,920,118,30,1,1069,4,25,13,0,42,924,143,43,1,1111,7,0,7,1118
03/01/2009,PHX,AZ,AWP,WE,Towers with Radar,980,129,39,3,1151,3,6,19,1,29,983,135,58,4,1180,4,0,4,1184
03/02/2009,PHX,AZ,AWP,WE,Towers with Radar,1046,141,40,3,1230,4,36,25,4,69,1050,177,65,7,1299,0,0,0,1299
03/03/2009,PHX,AZ,AWP,WE,Towers with Radar,1060,156,49,6,1271,1,26,44,10,81,1061,182,93,16,1352,0,0,0,1352
03/04/2009,PHX,AZ,AWP,WE,Towers with Radar,1052,164,44,7,1267,4,51,22,1,78,1056,215,66,8,1345,3,0,3,1348
03/05/2009,PHX,AZ,AWP,WE,Towers with Radar,1077,175,55,5,1312,2,45,29,1,77,1079,220,84,6,1389,1,0,1,1390
03/06/2009,PHX,AZ,AWP,WE,Towers with Radar,1075,176,47,2,1300,3,36,21,4,64,1078,212,68,6,1364,6,0,6,1370
03/07/2009,PHX,AZ,AWP,WE,Towers with Radar,937,124,30,2,1093,3,25,15,1,44,940,149,45,3,1137,0,0,0,1137
03/08/2009,PHX,AZ,AWP,WE,Towers with Radar,1034,127,25,3,1189,4,8,22,0,34,1038,135,47,3,1223,19,0,19,1242
03/09/2009,PHX,AZ,AWP,WE,Towers with Radar,1071,162,28,3,1264,2,24,16,0,42,1073,186,44,3,1306,0,0,0,1306
03/10/2009,PHX,AZ,AWP,WE,Towers with Radar,1046,156,53,4,1259,4,52,23,0,79,1050,208,76,4,1338,0,0,0,1338
03/11/2009,PHX,AZ,AWP,WE,Towers with Radar,1072,171,44,6,1293,2,44,29,1,76,1074,215,73,7,1369,0,0,0,1369
03/12/2009,PHX,AZ,AWP,WE,Towers with Radar,1084,167,42,7,1300,4,32,22,5,63,1088,199,64,12,1363,0,0,0,1363
03/13/2009,PHX,AZ,AWP,WE,Towers with Radar,1086,188,47,10,1331,3,28,38,0,69,1089,216,85,10,1400,0,0,0,1400
03/14/2009,PHX,AZ,AWP,WE,Towers with Radar,946,124,23,9,1102,5,13,12,1,31,951,137,35,10,1133,0,0,0,1133
03/15/2009,PHX,AZ,AWP,WE,Towers with Radar,1042,136,24,5,1207,3,28,16,2,49,1045,164,40,7,1256,3,0,3,1259
03/16/2009,PHX,AZ,AWP,WE,Towers with Radar,1076,158,39,11,1284,2,48,21,0,71,1078,206,60,11,1355,2,0,2,1357
03/17/2009,PHX,AZ,AWP,WE,Towers with Radar,1072,163,34,8,1277,4,34,36,0,74,1076,197,70,8,1351,0,0,0,1351
03/18/2009,PHX,AZ,AWP,WE,Towers with Radar,1085,156,46,6,1293,4,32,24,1,61,1089,188,70,7,1354,2,0,2,1356
03/19/2009,PHX,AZ,AWP,WE,Towers with Radar,1094,162,39,9,1304,2,41,20,5,68,1096,203,59,14,1372,5,0,5,1377
03/20/2009,PHX,AZ,AWP,WE,Towers with Radar,1086,167,38,5,1296,5,35,25,4,69,1091,202,63,9,1365,22,0,22,1387
03/21/2009,PHX,AZ,AWP,WE,Towers with Radar,949,122,40,8,1119,3,18,15,2,38,952,140,55,10,1157,1,0,1,1158
03/22/2009,PHX,AZ,AWP,WE,Towers with Radar,1037,114,32,2,1185,4,18,9,0,31,1041,132,41,2,1216,0,0,0,1216
03/23/2009,PHX,AZ,AWP,WE,Towers with Radar,1083,150,47,4,1284,3,29,31,4,67,1086,179,78,8,1351,0,0,0,1351
03/24/2009,PHX,AZ,AWP,WE,Towers with Radar,1074,168,33,4,1279,3,45,25,3,76,1077,213,58,7,1355,0,0,0,1355
03/25/2009,PHX,AZ,AWP,WE,Towers with Radar,1081,165,57,9,1312,3,38,25,0,66,1084,203,82,9,1378,0,0,0,1378
03/26/2009,PHX,AZ,AWP,WE,Towers with Radar,1036,171,62,4,1273,3,32,34,2,71,1039,203,96,6,1344,0,0,0,1344
03/27/2009,PHX,AZ,AWP,WE,Towers with Radar,1127,158,68,13,1366,2,41,35,1,79,1129,199,103,14,1445,0,0,0,1445
03/28/2009,PHX,AZ,AWP,WE,Towers with Radar,937,124,33,4,1098,4,28,15,4,51,941,152,48,8,1149,10,0,10,1159
03/29/2009,PHX,AZ,AWP,WE,Towers with Radar,1036,139,28,3,1206,4,14,14,1,33,1040,153,42,4,1239,25,0,25,1264
03/30/2009,PHX,AZ,AWP,WE,Towers with Radar,1070,155,38,6,1269,3,46,26,0,75,1073,201,64,6,1344,0,0,0,1344
03/31/2009,PHX,AZ,AWP,WE,Towers with Radar,1073,177,44,11,1305,2,35,33,4,74,1075,212,77,15,1379,0,0,0,1379
04/01/2009,PHX,AZ,AWP,WE,Towers with Radar,1077,171,54,7,1309,3,33,44,1,81,1080,204,98,8,1390,0,0,0,1390
04/02/2009,PHX,AZ,AWP,WE,Towers with Radar,1089,176,48,8,1321,2,53,35,5,95,1091,229,83,13,1416,0,0,0,1416
04/03/2009,PHX,AZ,AWP,WE,Towers with Radar,1083,175,41,4,1303,4,37,18,4,63,1087,212,59,8,1366,4,0,4,1370
04/04/2009,PHX,AZ,AWP,WE,Towers with Radar,941,112,26,7,1086,5,9,15,1,30,946,121,41,8,1116,0,0,0,1116
04/05/2009,PHX,AZ,AWP,WE,Towers with Radar,1035,132,37,2,1206,2,14,15,1,32,1037,146,52,3,1238,0,0,0,1238
04/06/2009,PHX,AZ,AWP,WE,Towers with Radar,1056,149,32,4,1241,2,43,25,0,70,1058,192,57,4,1311,0,0,0,1311
04/07/2009,PHX,AZ,AWP,WE,Towers with Radar,1045,179,43,5,1272,4,39,31,0,74,1049,218,74,5,1346,0,0,0,1346
04/08/2009,PHX,AZ,AWP,WE,Towers with Radar,1055,181,67,3,1306,1,33,20,1,55,1056,214,87,4,1361,0,0,0,1361
04/09/2009,PHX,AZ,AWP,WE,Towers with Radar,1053,178,51,7,1289,4,36,22,4,66,1057,214,73,11,1355,0,0,0,1355
04/10/2009,PHX,AZ,AWP,WE,Towers with Radar,1067,165,28,7,1267,2,43,18,6,69,1069,208,46,13,1336,0,0,0,1336
04/11/2009,PHX,AZ,AWP,WE,Towers with Radar,928,131,22,1,1082,4,13,6,0,23,932,144,28,1,1105,0,0,0,1105
04/12/2009,PHX,AZ,AWP,WE,Towers with Radar,1026,123,22,2,1173,3,39,21,0,63,1029,162,43,2,1236,0,0,0,1236
04/13/2009,PHX,AZ,AWP,WE,Towers with Radar,1066,148,59,5,1278,4,27,15,4,50,1070,175,74,9,1328,0,0,0,1328
04/14/2009,PHX,AZ,AWP,WE,Towers with Radar,1048,181,46,9,1284,2,43,27,1,73,1050,224,73,10,1357,0,0,0,1357
04/15/2009,PHX,AZ,AWP,WE,Towers with Radar,1055,170,51,7,1283,4,43,30,2,79,1059,213,81,9,1362,0,0,0,1362
04/16/2009,PHX,AZ,AWP,WE,Towers with Radar,1064,196,65,11,1336,2,28,30,0,60,1066,224,95,11,1396,0,0,0,1396
04/17/2009,PHX,AZ,AWP,WE,Towers with Radar,1039,187,53,13,1292,4,30,28,2,64,1043,217,81,15,1356,12,0,12,1368
04/18/2009,PHX,AZ,AWP,WE,Towers with Radar,918,125,39,5,1087,4,28,23,0,55,922,153,62,5,1142,0,0,0,1142
04/19/2009,PHX,AZ,AWP,WE,Towers with Radar,1022,126,36,3,1187,4,7,22,0,33,1026,133,58,3,1220,7,0,7,1227
04/20/2009,PHX,AZ,AWP,WE,Towers with Radar,1050,160,32,5,1247,2,32,17,0,51,1052,192,49,5,1298,0,0,0,1298
04/21/2009,PHX,AZ,AWP,WE,Towers with Radar,1039,164,46,8,1257,4,38,35,1,78,1043,202,81,9,1335,0,0,0,1335
04/22/2009,PHX,AZ,AWP,WE,Towers with Radar,1039,166,55,6,1266,1,43,27,3,74,1040,209,82,9,1340,0,0,0,1340
04/23/2009,PHX,AZ,AWP,WE,Towers with Radar,1045,178,26,6,1255,4,27,30,0,61,1049,205,56,6,1316,0,0,0,1316
04/24/2009,PHX,AZ,AWP,WE,Towers with Radar,1053,170,29,3,1255,1,53,25,0,79,1054,223,54,3,1334,0,0,0,1334
04/25/2009,PHX,AZ,AWP,WE,Towers with Radar,905,123,25,2,1055,4,24,12,0,40,909,147,37,2,1095,13,0,13,1108
04/26/2009,PHX,AZ,AWP,WE,Towers with Radar,1025,132,34,4,1195,3,36,12,0,51,1028,168,46,4,1246,11,0,11,1257
04/27/2009,PHX,AZ,AWP,WE,Towers with Radar,1048,143,32,9,1232,1,50,17,0,68,1049,193,49,9,1300,0,0,0,1300
04/28/2009,PHX,AZ,AWP,WE,Towers with Radar,1050,155,48,12,1265,4,36,31,5,76,1054,191,79,17,1341,0,0,0,1341
04/29/2009,PHX,AZ,AWP,WE,Towers with Radar,1054,171,37,7,1269,2,39,33,0,74,1056,210,70,7,1343,0,0,0,1343
04/30/2009,PHX,AZ,AWP,WE,Towers with Radar,1055,162,39,8,1264,4,45,36,6,91,1059,207,75,14,1355,6,0,6,1361
05/01/2009,PHX,AZ,AWP,WE,Towers with Radar,1061,178,44,9,1292,1,43,28,4,76,1062,221,72,13,1368,9,0,9,1377
05/02/2009,PHX,AZ,AWP,WE,Towers with Radar,921,106,19,8,1054,4,25,18,0,47,925,131,37,8,1101,9,0,9,1110
05/03/2009,PHX,AZ,AWP,WE,Towers with Radar,1015,126,28,6,1175,3,11,8,0,22,1018,137,36,6,1197,2,0,2,1199
05/04/2009,PHX,AZ,AWP,WE,Towers with Radar,1041,159,44,5,1249,4,29,23,4,60,1045,188,67,9,1309,0,0,0,1309
05/05/2009,PHX,AZ,AWP,WE,Towers with Radar,1031,178,46,8,1263,3,40,16,0,59,1034,218,62,8,1322,0,0,0,1322
05/06/2009,PHX,AZ,AWP,WE,Towers with Radar,1027,173,62,7,1269,0,55,28,5,88,1027,228,90,12,1357,3,0,3,1360
05/07/2009,PHX,AZ,AWP,WE,Towers with Radar,1038,165,33,5,1241,4,50,29,6,89,1042,215,62,11,1330,0,0,0,1330
05/08/2009,PHX,AZ,AWP,WE,Towers with Radar,1042,172,35,6,1255,4,44,29,1,78,1046,216,64,7,1333,15,0,15,1348
05/09/2009,PHX,AZ,AWP,WE,Towers with Radar,923,108,18,5,1054,4,46,16,0,66,927,154,34,5,1120,4,0,4,1124
05/10/2009,PHX,AZ,AWP,WE,Towers with Radar,990,123,27,4,1144,3,24,18,0,45,993,147,45,4,1189,1,1,2,1191
05/11/2009,PHX,AZ,AWP,WE,Towers with Radar,1024,145,29,5,1203,3,46,27,4,80,1027,191,56,9,1283,0,0,0,1283
05/12/2009,PHX,AZ,AWP,WE,Towers with Radar,1016,153,24,5,1198,0,51,21,5,77,1016,204,45,10,1275,0,0,0,1275
05/13/2009,PHX,AZ,AWP,WE,Towers with Radar,1022,169,47,10,1248,12,45,30,1,88,1034,214,77,11,1336,10,0,10,1346
05/14/2009,PHX,AZ,AWP,WE,Towers with Radar,1028,167,47,12,1254,3,41,35,4,83,1031,208,82,16,1337,6,0,6,1343
05/15/2009,PHX,AZ,AWP,WE,Towers with Radar,1024,175,33,12,1244,3,35,49,3,90,1027,210,82,15,1334,14,0,14,1348
05/16/2009,PHX,AZ,AWP,WE,Towers with Radar,918,113,34,4,1069,2,17,25,2,46,920,130,59,6,1115,3,1,4,1119
05/17/2009,PHX,AZ,AWP,WE,Towers with Radar,999,123,24,7,1153,3,22,15,0,40,1002,145,39,7,1193,0,0,0,1193
05/18/2009,PHX,AZ,AWP,WE,Towers with Radar,1017,138,30,3,1188,3,39,18,1,61,1020,177,48,4,1249,10,0,10,1259
05/19/2009,PHX,AZ,AWP,WE,Towers with Radar,1009,177,40,6,1232,2,31,16,4,53,1011,208,56,10,1285,0,0,0,1285
05/20/2009,PHX,AZ,AWP,WE,Towers with Radar,1017,167,52,8,1244,3,51,13,4,71,1020,218,65,12,1315,0,0,0,1315
05/21/2009,PHX,AZ,AWP,WE,Towers with Radar,1034,192,47,6,1279,3,42,29,8,82,1037,234,76,14,1361,1,0,1,1362
05/22/2009,PHX,AZ,AWP,WE,Towers with Radar,1019,178,44,12,1253,1,25,13,2,41,1020,203,57,14,1294,0,0,0,1294
05/23/2009,PHX,AZ,AWP,WE,Towers with Radar,892,117,19,2,1030,3,14,10,0,27,895,131,29,2,1057,0,0,0,1057
05/24/2009,PHX,AZ,AWP,WE,Towers with Radar,863,96,15,1,975,3,19,5,0,27,866,115,20,1,1002,0,0,0,1002
05/25/2009,PHX,AZ,AWP,WE,Towers with Radar,974,124,35,2,1135,2,37,12,1,52,976,161,47,3,1187,0,0,0,1187
05/26/2009,PHX,AZ,AWP,WE,Towers with Radar,1006,150,45,7,1208,1,52,36,0,89,1007,202,81,7,1297,0,0,0,1297
05/27/2009,PHX,AZ,AWP,WE,Towers with Radar,1010,175,38,11,1234,2,42,30,0,74,1012,217,68,11,1308,0,0,0,1308
05/28/2009,PHX,AZ,AWP,WE,Towers with Radar,1020,172,39,11,1242,2,29,30,0,61,1022,201,69,11,1303,1,0,1,1304
05/29/2009,PHX,AZ,AWP,WE,Towers with Radar,1026,157,30,15,1228,2,39,23,0,64,1028,196,53,15,1292,25,0,25,1317
05/30/2009,PHX,AZ,AWP,WE,Towers with Radar,909,108,20,5,1042,1,27,20,2,50,910,135,40,7,1092,0,0,0,1092
05/31/2009,PHX,AZ,AWP,WE,Towers with Radar,1001,115,21,2,1139,4,7,14,0,25,1005,122,35,2,1164,2,0,2,1166
06/01/2009,PHX,AZ,AWP,WE,Towers with Radar,1024,139,34,4,1201,3,28,14,0,45,1027,167,48,4,1246,3,0,3,1249
06/02/2009,PHX,AZ,AWP,WE,Towers with Radar,1017,151,46,4,1218,3,42,27,0,72,1020,193,73,4,1290,0,0,0,1290
06/03/2009,PHX,AZ,AWP,WE,Towers with Radar,1000,164,46,8,1218,2,35,40,0,77,1002,199,86,8,1295,0,0,0,1295
06/04/2009,PHX,AZ,AWP,WE,Towers with Radar,1025,172,40,9,1246,3,31,14,3,51,1028,203,54,12,1297,4,0,4,1301
06/05/2009,PHX,AZ,AWP,WE,Towers with Radar,1031,159,34,4,1228,0,45,19,3,67,1031,204,53,7,1295,8,0,8,1303
06/06/2009,PHX,AZ,AWP,WE,Towers with Radar,924,114,15,0,1053,3,35,11,0,49,927,149,26,0,1102,0,0,0,1102
06/07/2009,PHX,AZ,AWP,WE,Towers with Radar,984,120,23,0,1127,2,21,18,0,41,986,141,41,0,1168,14,0,14,1182
06/08/2009,PHX,AZ,AWP,WE,Towers with Radar,1014,144,29,2,1189,1,33,13,0,47,1015,177,42,2,1236,0,0,0,1236
06/09/2009,PHX,AZ,AWP,WE,Towers with Radar,1009,158,36,4,1207,2,39,16,0,57,1011,197,52,4,1264,0,0,0,1264
06/10/2009,PHX,AZ,AWP,WE,Towers with Radar,1030,167,36,3,1236,2,45,13,6,66,1032,212,49,9,1302,0,0,0,1302
06/11/2009,PHX,AZ,AWP,WE,Towers with Radar,1004,178,33,5,1220,2,40,28,0,70,1006,218,61,5,1290,0,0,0,1290
06/12/2009,PHX,AZ,AWP,WE,Towers with Radar,1032,160,33,8,1233,0,43,15,1,59,1032,203,48,9,1292,0,0,0,1292
06/13/2009,PHX,AZ,AWP,WE,Towers with Radar,923,112,18,4,1057,3,18,20,3,44,926,130,38,7,1101,17,0,17,1118
06/14/2009,PHX,AZ,AWP,WE,Towers with Radar,985,115,26,5,1131,1,15,11,0,27,986,130,37,5,1158,3,0,3,1161
06/15/2009,PHX,AZ,AWP,WE,Towers with Radar,1018,148,25,6,1197,3,34,24,0,61,1021,182,49,6,1258,0,0,0,1258
06/16/2009,PHX,AZ,AWP,WE,Towers with Radar,1018,166,48,10,1242,2,41,10,3,56,1020,207,58,13,1298,0,0,0,1298
06/17/2009,PHX,AZ,AWP,WE,Towers with Radar,1016,161,41,10,1228,2,53,17,2,74,1018,214,58,12,1302,0,0,0,1302
06/18/2009,PHX,AZ,AWP,WE,Towers with Radar,1010,169,39,12,1230,2,42,20,0,64,1012,211,59,12,1294,1,0,1,1295
06/19/2009,PHX,AZ,AWP,WE,Towers with Radar,1013,159,37,3,1212,0,37,22,1,60,1013,196,59,4,1272,5,0,5,1277
06/20/2009,PHX,AZ,AWP,WE,Towers with Radar,914,118,20,1,1053,3,23,12,0,38,917,141,32,1,1091,13,0,13,1104
06/21/2009,PHX,AZ,AWP,WE,Towers with Radar,989,121,18,0,1128,2,31,17,0,50,991,152,35,0,1178,17,0,17,1195
06/22/2009,PHX,AZ,AWP,WE,Towers with Radar,1012,163,35,10,1220,3,32,21,0,56,1015,195,56,10,1276,0,0,0,1276
06/23/2009,PHX,AZ,AWP,WE,Towers with Radar,1026,160,35,4,1225,2,31,12,1,46,1028,191,47,5,1271,0,0,0,1271
06/24/2009,PHX,AZ,AWP,WE,Towers with Radar,1034,161,41,5,1241,1,40,21,2,64,1035,201,62,7,1305,4,0,4,1309
06/25/2009,PHX,AZ,AWP,WE,Towers with Radar,1021,189,47,0,1257,1,25,26,0,52,1022,214,73,0,1309,4,0,4,1313
06/26/2009,PHX,AZ,AWP,WE,Towers with Radar,1018,151,34,5,1208,2,35,12,2,51,1020,186,46,7,1259,4,0,4,1263
06/27/2009,PHX,AZ,AWP,WE,Towers with Radar,926,121,21,2,1070,2,43,13,1,59,928,164,34,3,1129,5,0,5,1134
06/28/2009,PHX,AZ,AWP,WE,Towers with Radar,992,120,31,4,1147,2,30,15,0,47,994,150,46,4,1194,6,0,6,1200
06/29/2009,PHX,AZ,AWP,WE,Towers with Radar,1014,130,46,3,1193,0,39,12,0,51,1014,169,58,3,1244,1,0,1,1245
06/30/2009,PHX,AZ,AWP,WE,Towers with Radar,1017,143,34,6,1200,2,42,13,0,57,1019,185,47,6,1257,0,0,0,1257
07/01/2009,PHX,AZ,AWP,WE,Towers with Radar,1038,152,31,4,1225,2,47,20,0,69,1040,199,51,4,1294,0,0,0,1294
07/02/2009,PHX,AZ,AWP,WE,Towers with Radar,1047,154,41,4,1246,3,27,12,0,42,1050,181,53,4,1288,0,0,0,1288
07/03/2009,PHX,AZ,AWP,WE,Towers with Radar,1014,148,18,2,1182,3,32,20,1,56,1017,180,38,3,1238,0,0,0,1238
07/04/2009,PHX,AZ,AWP,WE,Towers with Radar,826,106,12,0,944,2,33,11,1,47,828,139,23,1,991,0,0,0,991
07/05/2009,PHX,AZ,AWP,WE,Towers with Radar,1005,112,21,0,1138,2,34,14,0,50,1007,146,35,0,1188,0,0,0,1188
07/06/2009,PHX,AZ,AWP,WE,Towers with Radar,1025,153,31,0,1209,3,39,23,0,65,1028,192,54,0,1274,0,0,0,1274
07/07/2009,PHX,AZ,AWP,WE,Towers with Radar,1031,160,35,2,1228,0,39,20,1,60,1031,199,55,3,1288,0,0,0,1288
07/08/2009,PHX,AZ,AWP,WE,Towers with Radar,1036,170,33,6,1245,2,38,10,1,51,1038,208,43,7,1296,0,0,0,1296
07/09/2009,PHX,AZ,AWP,WE,Towers with Radar,1035,161,44,6,1246,3,45,20,3,71,1038,206,64,9,1317,1,0,1,1318
07/10/2009,PHX,AZ,AWP,WE,Towers with Radar,1034,157,28,3,1222,3,49,14,2,68,1037,206,42,5,1290,11,0,11,1301
07/11/2009,PHX,AZ,AWP,WE,Towers with Radar,931,114,21,1,1067,1,25,13,0,39,932,139,34,1,1106,0,0,0,1106
07/12/2009,PHX,AZ,AWP,WE,Towers with Radar,996,118,24,0,1138,3,28,12,0,43,999,146,36,0,1181,0,0,0,1181
07/13/2009,PHX,AZ,AWP,WE,Towers with Radar,1023,148,35,5,1211,2,37,15,0,54,1025,185,50,5,1265,0,0,0,1265
07/14/2009,PHX,AZ,AWP,WE,Towers with Radar,1040,152,32,5,1229,0,50,13,2,65,1040,202,45,7,1294,0,0,0,1294
07/15/2009,PHX,AZ,AWP,WE,Towers with Radar,1037,159,45,5,1246,3,41,12,0,56,1040,200,57,5,1302,0,0,0,1302
07/16/2009,PHX,AZ,AWP,WE,Towers with Radar,1036,153,46,5,1240,3,37,27,1,68,1039,190,73,6,1308,0,0,0,1308
07/17/2009,PHX,AZ,AWP,WE,Towers with Radar,1023,162,34,10,1229,3,48,17,1,69,1026,210,51,11,1298,0,0,0,1298
07/18/2009,PHX,AZ,AWP,WE,Towers with Radar,930,113,14,4,1061,1,16,7,1,25,931,129,21,5,1086,0,0,0,1086
07/19/2009,PHX,AZ,AWP,WE,Towers with Radar,989,126,22,2,1139,3,21,4,0,28,992,147,26,2,1167,0,0,0,1167
07/20/2009,PHX,AZ,AWP,WE,Towers with Radar,977,151,42,6,1176,2,34,12,0,48,979,185,54,6,1224,0,0,0,1224
07/21/2009,PHX,AZ,AWP,WE,Towers with Radar,1034,154,46,2,1236,0,41,14,3,58,1034,195,60,5,1294,0,0,0,1294
07/22/2009,PHX,AZ,AWP,WE,Towers with Radar,1028,155,27,0,1210,3,44,18,0,65,1031,199,45,0,1275,0,0,0,1275
07/23/2009,PHX,AZ,AWP,WE,Towers with Radar,1034,173,37,2,1246,3,29,16,3,51,1037,202,53,5,1297,0,0,0,1297
07/24/2009,PHX,AZ,AWP,WE,Towers with Radar,1044,156,30,5,1235,3,35,12,2,52,1047,191,42,7,1287,0,0,0,1287
07/25/2009,PHX,AZ,AWP,WE,Towers with Radar,923,120,17,5,1065,2,23,10,11,46,925,143,27,16,1111,0,0,0,1111
07/26/2009,PHX,AZ,AWP,WE,Towers with Radar,996,120,35,3,1154,1,22,5,0,28,997,142,40,3,1182,6,0,6,1188
07/27/2009,PHX,AZ,AWP,WE,Towers with Radar,1022,148,40,4,1214,3,26,15,0,44,1025,174,55,4,1258,2,0,2,1260
07/28/2009,PHX,AZ,AWP,WE,Towers with Radar,1031,162,45,4,1242,3,38,29,0,70,1034,200,74,4,1312,4,0,4,1316
07/29/2009,PHX,AZ,AWP,WE,Towers with Radar,1036,170,61,0,1267,1,42,20,0,63,1037,212,81,0,1330,0,0,0,1330
07/30/2009,PHX,AZ,AWP,WE,Towers with Radar,1040,170,36,0,1246,1,42,32,0,75,1041,212,68,0,1321,2,0,2,1323
07/31/2009,PHX,AZ,AWP,WE,Towers with Radar,1033,175,41,1,1250,3,36,9,0,48,1036,211,50,1,1298,2,0,2,1300
08/01/2009,PHX,AZ,AWP,WE,Towers with Radar,914,117,29,2,1062,3,26,13,0,42,917,143,42,2,1104,6,5,11,1115
08/02/2009,PHX,AZ,AWP,WE,Towers with Radar,989,124,24,3,1140,1,37,19,0,57,990,161,43,3,1197,4,0,4,1201
08/03/2009,PHX,AZ,AWP,WE,Towers with Radar,1022,149,37,3,1211,3,41,13,0,57,1025,190,50,3,1268,0,0,0,1268
08/04/2009,PHX,AZ,AWP,WE,Towers with Radar,1029,157,43,4,1233,3,36,17,2,58,1032,193,60,6,1291,0,0,0,1291
08/05/2009,PHX,AZ,AWP,WE,Towers with Radar,1014,164,40,3,1221,1,39,24,1,65,1015,203,64,4,1286,0,0,0,1286
08/06/2009,PHX,AZ,AWP,WE,Towers with Radar,1036,168,45,6,1255,1,30,22,0,53,1037,198,67,6,1308,0,0,0,1308
08/07/2009,PHX,AZ,AWP,WE,Towers with Radar,1027,163,29,9,1228,3,37,13,0,53,1030,200,42,9,1281,0,0,0,1281
08/08/2009,PHX,AZ,AWP,WE,Towers with Radar,915,112,28,5,1060,2,22,11,1,36,917,134,39,6,1096,6,0,6,1102
08/09/2009,PHX,AZ,AWP,WE,Towers with Radar,988,121,30,5,1144,0,10,17,1,28,988,131,47,6,1172,1,0,1,1173
08/10/2009,PHX,AZ,AWP,WE,Towers with Radar,1025,156,34,4,1219,3,35,16,0,54,1028,191,50,4,1273,3,0,3,1276
08/11/2009,PHX,AZ,AWP,WE,Towers with Radar,1025,180,33,7,1245,3,29,22,0,54,1028,209,55,7,1299,0,0,0,1299
08/12/2009,PHX,AZ,AWP,WE,Towers with Radar,1018,173,52,5,1248,3,45,13,1,62,1021,218,65,6,1310,0,0,0,1310
08/13/2009,PHX,AZ,AWP,WE,Towers with Radar,1039,174,58,11,1282,3,35,11,2,51,1042,209,69,13,1333,0,0,0,1333
08/14/2009,PHX,AZ,AWP,WE,Towers with Radar,1023,166,41,4,1234,3,31,14,2,50,1026,197,55,6,1284,10,0,10,1294
08/15/2009,PHX,AZ,AWP,WE,Towers with Radar,911,124,23,4,1062,3,35,9,5,52,914,159,32,9,1114,2,0,2,1116
08/16/2009,PHX,AZ,AWP,WE,Towers with Radar,965,114,6,6,1091,1,21,5,6,33,966,135,11,12,1124,0,1,1,1125
08/17/2009,PHX,AZ,AWP,WE,Towers with Radar,1008,149,35,11,1203,3,34,9,5,51,1011,183,44,16,1254,0,0,0,1254
08/18/2009,PHX,AZ,AWP,WE,Towers with Radar,1006,160,36,4,1206,0,35,17,0,52,1006,195,53,4,1258,0,0,0,1258
08/19/2009,PHX,AZ,AWP,WE,Towers with Radar,990,163,37,3,1193,0,51,25,2,78,990,214,62,5,1271,0,0,0,1271
08/20/2009,PHX,AZ,AWP,WE,Towers with Radar,1003,166,43,4,1216,0,36,27,0,63,1003,202,70,4,1279,0,0,0,1279
08/21/2009,PHX,AZ,AWP,WE,Towers with Radar,981,170,39,4,1194,0,31,19,0,50,981,201,58,4,1244,0,0,0,1244
08/22/2009,PHX,AZ,AWP,WE,Towers with Radar,865,120,33,3,1021,0,27,10,0,37,865,147,43,3,1058,4,0,4,1062
08/23/2009,PHX,AZ,AWP,WE,Towers with Radar,954,126,29,3,1112,0,22,11,0,33,954,148,40,3,1145,13,0,13,1158
08/24/2009,PHX,AZ,AWP,WE,Towers with Radar,998,154,49,5,1206,0,33,17,1,51,998,187,66,6,1257,7,0,7,1264
08/25/2009,PHX,AZ,AWP,WE,Towers with Radar,1011,156,34,3,1204,0,36,27,1,64,1011,192,61,4,1268,1,0,1,1269
08/26/2009,PHX,AZ,AWP,WE,Towers with Radar,999,162,36,4,1201,0,44,26,0,70,999,206,62,4,1271,0,0,0,1271
08/27/2009,PHX,AZ,AWP,WE,Towers with Radar,1014,161,44,4,1223,0,39,25,0,64,1014,200,69,4,1287,0,0,0,1287
08/28/2009,PHX,AZ,AWP,WE,Towers with Radar,1007,161,40,4,1212,0,37,25,2,64,1007,198,65,6,1276,0,0,0,1276
08/29/2009,PHX,AZ,AWP,WE,Towers with Radar,847,112,21,9,989,0,30,13,8,51,847,142,34,17,1040,7,0,7,1047
08/30/2009,PHX,AZ,AWP,WE,Towers with Radar,956,121,23,7,1107,0,18,11,0,29,956,139,34,7,1136,8,0,8,1144
08/31/2009,PHX,AZ,AWP,WE,Towers with Radar,994,154,23,7,1178,0,28,21,2,51,994,182,44,9,1229,2,0,2,1231
09/01/2009,PHX,AZ,AWP,WE,Towers with Radar,980,163,27,2,1172,0,41,13,1,55,980,204,40,3,1227,4,0,4,1231
09/02/2009,PHX,AZ,AWP,WE,Towers with Radar,985,177,48,6,1216,0,39,11,0,50,985,216,59,6,1266,0,0,0,1266
09/03/2009,PHX,AZ,AWP,WE,Towers with Radar,1001,165,45,4,1215,0,39,14,0,53,1001,204,59,4,1268,0,0,0,1268
09/04/2009,PHX,AZ,AWP,WE,Towers with Radar,1008,170,47,9,1234,0,40,18,1,59,1008,210,65,10,1293,0,0,0,1293
09/05/2009,PHX,AZ,AWP,WE,Towers with Radar,766,117,14,0,897,0,14,8,1,23,766,131,22,1,920,5,0,5,925
09/06/2009,PHX,AZ,AWP,WE,Towers with Radar,767,88,19,0,874,0,14,19,0,33,767,102,38,0,907,4,0,4,911
09/07/2009,PHX,AZ,AWP,WE,Towers with Radar,941,123,33,0,1097,0,22,13,3,38,941,145,46,3,1135,6,0,6,1141
09/08/2009,PHX,AZ,AWP,WE,Towers with Radar,995,153,44,9,1201,0,47,16,4,67,995,200,60,13,1268,0,0,0,1268
09/09/2009,PHX,AZ,AWP,WE,Towers with Radar,1002,160,41,10,1213,0,40,21,6,67,1002,200,62,16,1280,0,0,0,1280
09/10/2009,PHX,AZ,AWP,WE,Towers with Radar,1003,162,38,3,1206,0,51,23,1,75,1003,213,61,4,1281,2,0,2,1283
09/11/2009,PHX,AZ,AWP,WE,Towers with Radar,993,171,18,7,1189,0,42,18,2,62,993,213,36,9,1251,12,0,12,1263
09/12/2009,PHX,AZ,AWP,WE,Towers with Radar,746,105,28,12,891,0,37,29,0,66,746,142,57,12,957,0,0,0,957
09/13/2009,PHX,AZ,AWP,WE,Towers with Radar,954,132,31,2,1119,0,20,15,2,37,954,152,46,4,1156,3,0,3,1159
09/14/2009,PHX,AZ,AWP,WE,Towers with Radar,998,138,46,6,1188,0,37,20,0,57,998,175,66,6,1245,0,0,0,1245
09/15/2009,PHX,AZ,AWP,WE,Towers with Radar,990,151,55,9,1205,0,58,21,1,80,990,209,76,10,1285,0,0,0,1285
09/16/2009,PHX,AZ,AWP,WE,Towers with Radar,986,159,48,8,1201,0,39,31,0,70,986,198,79,8,1271,0,0,0,1271
09/17/2009,PHX,AZ,AWP,WE,Towers with Radar,1015,164,40,12,1231,0,39,23,2,64,1015,203,63,14,1295,0,0,0,1295
09/18/2009,PHX,AZ,AWP,WE,Towers with Radar,1011,161,45,4,1221,0,38,41,6,85,1011,199,86,10,1306,0,0,0,1306
09/19/2009,PHX,AZ,AWP,WE,Towers with Radar,751,96,28,2,877,0,32,13,1,46,751,128,41,3,923,0,0,0,923
09/20/2009,PHX,AZ,AWP,WE,Towers with Radar,948,129,28,2,1107,0,25,17,4,46,948,154,45,6,1153,0,0,0,1153
09/21/2009,PHX,AZ,AWP,WE,Towers with Radar,993,143,51,2,1189,0,42,27,0,69,993,185,78,2,1258,0,0,0,1258
09/22/2009,PHX,AZ,AWP,WE,Towers with Radar,981,146,49,7,1183,4,61,33,1,99,985,207,82,8,1282,0,0,0,1282
09/23/2009,PHX,AZ,AWP,WE,Towers with Radar,994,147,33,8,1182,0,52,23,2,77,994,199,56,10,1259,0,0,0,1259
09/24/2009,PHX,AZ,AWP,WE,Towers with Radar,1020,168,49,11,1248,0,36,19,0,55,1020,204,68,11,1303,0,0,0,1303
09/25/2009,PHX,AZ,AWP,WE,Towers with Radar,1005,148,30,11,1194,0,34,29,7,70,1005,182,59,18,1264,8,0,8,1272
09/26/2009,PHX,AZ,AWP,WE,Towers with Radar,760,97,26,7,890,0,23,16,2,41,760,120,42,9,931,0,0,0,931
09/27/2009,PHX,AZ,AWP,WE,Towers with Radar,969,121,25,6,1121,0,19,15,1,35,969,140,40,7,1156,0,0,0,1156
09/28/2009,PHX,AZ,AWP,WE,Towers with Radar,996,152,36,4,1188,0,51,15,1,67,996,203,51,5,1255,1,0,1,1256
09/29/2009,PHX,AZ,AWP,WE,Towers with Radar,991,153,58,5,1207,0,39,15,1,55,991,192,73,6,1262,0,0,0,1262
09/30/2009,PHX,AZ,AWP,WE,Towers with Radar,988,150,53,3,1194,0,52,27,2,81,988,202,80,5,1275,0,0,0,1275
10/01/2009,PHX,AZ,AWP,WE,Towers with Radar,1004,154,22,12,1192,1,49,17,0,67,1005,203,39,12,1259,0,0,0,1259
10/02/2009,PHX,AZ,AWP,WE,Towers with Radar,1015,164,34,4,1217,0,50,39,0,89,1015,214,73,4,1306,0,0,0,1306
10/03/2009,PHX,AZ,AWP,WE,Towers with Radar,757,106,14,7,884,0,19,21,0,40,757,125,35,7,924,21,0,21,945
10/04/2009,PHX,AZ,AWP,WE,Towers with Radar,979,119,25,2,1125,0,28,6,0,34,979,147,31,2,1159,0,0,0,1159
10/05/2009,PHX,AZ,AWP,WE,Towers with Radar,1002,135,36,3,1176,0,47,22,0,69,1002,182,58,3,1245,0,0,0,1245
10/06/2009,PHX,AZ,AWP,WE,Towers with Radar,1000,163,34,10,1207,0,53,19,1,73,1000,216,53,11,1280,0,0,0,1280
10/07/2009,PHX,AZ,AWP,WE,Towers with Radar,992,174,36,11,1213,0,45,28,2,75,992,219,64,13,1288,0,0,0,1288
10/08/2009,PHX,AZ,AWP,WE,Towers with Radar,1032,168,43,12,1255,0,40,40,2,82,1032,208,83,14,1337,0,0,0,1337
10/09/2009,PHX,AZ,AWP,WE,Towers with Radar,1017,169,41,17,1244,0,35,35,2,72,1017,204,76,19,1316,0,0,0,1316
10/10/2009,PHX,AZ,AWP,WE,Towers with Radar,771,106,14,9,900,4,40,15,4,63,775,146,29,13,963,7,0,7,970
10/11/2009,PHX,AZ,AWP,WE,Towers with Radar,969,116,35,7,1127,1,19,26,0,46,970,135,61,7,1173,0,0,0,1173
10/12/2009,PHX,AZ,AWP,WE,Towers with Radar,1010,138,51,1,1200,0,29,24,3,56,1010,167,75,4,1256,1,0,1,1257
10/13/2009,PHX,AZ,AWP,WE,Towers with Radar,987,159,36,6,1188,0,36,28,2,66,987,195,64,8,1254,1,0,1,1255
10/14/2009,PHX,AZ,AWP,WE,Towers with Radar,1013,158,41,7,1219,0,49,12,0,61,1013,207,53,7,1280,0,0,0,1280
10/15/2009,PHX,AZ,AWP,WE,Towers with Radar,1034,152,43,7,1236,0,52,22,3,77,1034,204,65,10,1313,0,0,0,1313
10/16/2009,PHX,AZ,AWP,WE,Towers with Radar,1028,168,58,5,1259,0,34,21,2,57,1028,202,79,7,1316,0,0,0,1316
10/17/2009,PHX,AZ,AWP,WE,Towers with Radar,759,102,29,2,892,0,29,23,0,52,759,131,52,2,944,1,0,1,945
10/18/2009,PHX,AZ,AWP,WE,Towers with Radar,982,116,43,5,1146,0,10,17,2,29,982,126,60,7,1175,4,0,4,1179
10/19/2009,PHX,AZ,AWP,WE,Towers with Radar,1011,148,39,1,1199,0,47,25,4,76,1011,195,64,5,1275,0,0,0,1275
10/20/2009,PHX,AZ,AWP,WE,Towers with Radar,981,171,62,5,1219,0,51,16,2,69,981,222,78,7,1288,0,0,0,1288
10/21/2009,PHX,AZ,AWP,WE,Towers with Radar,1006,169,61,8,1244,0,62,28,3,93,1006,231,89,11,1337,0,0,0,1337
10/22/2009,PHX,AZ,AWP,WE,Towers with Radar,1017,174,56,4,1251,0,37,25,4,66,1017,211,81,8,1317,0,0,0,1317
10/23/2009,PHX,AZ,AWP,WE,Towers with Radar,1033,167,43,9,1252,0,46,37,1,84,1033,213,80,10,1336,0,0,0,1336
10/24/2009,PHX,AZ,AWP,WE,Towers with Radar,761,103,26,11,901,0,14,26,3,43,761,117,52,14,944,4,0,4,948
10/25/2009,PHX,AZ,AWP,WE,Towers with Radar,980,120,28,3,1131,0,21,12,3,36,980,141,40,6,1167,2,0,2,1169
10/26/2009,PHX,AZ,AWP,WE,Towers with Radar,1007,145,32,3,1187,0,49,28,3,80,1007,194,60,6,1267,0,0,0,1267
10/27/2009,PHX,AZ,AWP,WE,Towers with Radar,979,154,41,4,1178,1,45,17,0,63,980,199,58,4,1241,0,0,0,1241
10/28/2009,PHX,AZ,AWP,WE,Towers with Radar,994,174,61,4,1233,0,30,20,0,50,994,204,81,4,1283,0,0,0,1283
10/29/2009,PHX,AZ,AWP,WE,Towers with Radar,1008,169,46,7,1230,0,33,26,0,59,1008,202,72,7,1289,0,0,0,1289
10/30/2009,PHX,AZ,AWP,WE,Towers with Radar,1033,153,53,4,1243,0,48,37,2,87,1033,201,90,6,1330,0,0,0,1330
10/31/2009,PHX,AZ,AWP,WE,Towers with Radar,748,96,10,1,855,0,32,18,1,51,748,128,28,2,906,0,0,0,906
11/01/2009,PHX,AZ,AWP,WE,Towers with Radar,987,116,33,5,1141,0,31,28,4,63,987,147,61,9,1204,2,0,2,1206
11/02/2009,PHX,AZ,AWP,WE,Towers with Radar,1024,131,34,3,1192,0,44,21,3,68,1024,175,55,6,1260,6,0,6,1266
11/03/2009,PHX,AZ,AWP,WE,Towers with Radar,1004,159,48,7,1218,0,31,27,3,61,1004,190,75,10,1279,0,0,0,1279
11/04/2009,PHX,AZ,AWP,WE,Towers with Radar,1018,152,40,9,1219,0,50,24,2,76,1018,202,64,11,1295,0,0,0,1295
11/05/2009,PHX,AZ,AWP,WE,Towers with Radar,1030,164,44,7,1245,0,35,28,0,63,1030,199,72,7,1308,0,0,0,1308
11/06/2009,PHX,AZ,AWP,WE,Towers with Radar,1024,150,33,5,1212,0,37,37,0,74,1024,187,70,5,1286,0,0,0,1286
11/07/2009,PHX,AZ,AWP,WE,Towers with Radar,780,95,24,4,903,0,25,28,2,55,780,120,52,6,958,3,0,3,961
11/08/2009,PHX,AZ,AWP,WE,Towers with Radar,989,127,34,8,1158,0,19,20,3,42,989,146,54,11,1200,8,0,8,1208
11/09/2009,PHX,AZ,AWP,WE,Towers with Radar,1026,143,57,8,1234,0,28,20,1,49,1026,171,77,9,1283,3,0,3,1286
11/10/2009,PHX,AZ,AWP,WE,Towers with Radar,1003,169,68,6,1246,0,34,35,2,71,1003,203,103,8,1317,1,0,1,1318
11/11/2009,PHX,AZ,AWP,WE,Towers with Radar,1017,150,72,5,1244,0,30,23,0,53,1017,180,95,5,1297,0,0,0,1297
11/12/2009,PHX,AZ,AWP,WE,Towers with Radar,1023,162,83,5,1273,0,53,33,4,90,1023,215,116,9,1363,0,0,0,1363
11/13/2009,PHX,AZ,AWP,WE,Towers with Radar,1025,191,55,7,1278,0,29,25,6,60,1025,220,80,13,1338,0,0,0,1338
11/14/2009,PHX,AZ,AWP,WE,Towers with Radar,783,110,40,3,936,0,36,15,1,52,783,146,55,4,988,11,0,11,999
11/15/2009,PHX,AZ,AWP,WE,Towers with Radar,997,112,44,6,1159,0,19,53,1,73,997,131,97,7,1232,0,0,0,1232
11/16/2009,PHX,AZ,AWP,WE,Towers with Radar,1019,150,58,3,1230,0,57,31,3,91,1019,207,89,6,1321,0,0,0,1321
11/17/2009,PHX,AZ,AWP,WE,Towers with Radar,1004,166,48,7,1225,0,49,34,2,85,1004,215,82,9,1310,0,0,0,1310
11/18/2009,PHX,AZ,AWP,WE,Towers with Radar,1020,158,66,7,1251,0,38,24,0,62,1020,196,90,7,1313,0,0,0,1313
11/19/2009,PHX,AZ,AWP,WE,Towers with Radar,1031,161,58,5,1255,0,32,21,3,56,1031,193,79,8,1311,0,0,0,1311
11/20/2009,PHX,AZ,AWP,WE,Towers with Radar,1041,159,54,11,1265,0,32,26,4,62,1041,191,80,15,1327,0,0,0,1327
11/21/2009,PHX,AZ,AWP,WE,Towers with Radar,793,89,23,10,915,0,20,32,8,60,793,109,55,18,975,0,0,0,975
11/22/2009,PHX,AZ,AWP,WE,Towers with Radar,991,121,23,2,1137,0,18,22,1,41,991,139,45,3,1178,6,0,6,1184
11/23/2009,PHX,AZ,AWP,WE,Towers with Radar,1000,142,31,6,1179,0,51,21,2,74,1000,193,52,8,1253,0,0,0,1253
11/24/2009,PHX,AZ,AWP,WE,Towers with Radar,1042,155,37,2,1236,0,45,22,0,67,1042,200,59,2,1303,0,0,0,1303
11/25/2009,PHX,AZ,AWP,WE,Towers with Radar,1077,151,37,2,1267,0,38,30,0,68,1077,189,67,2,1335,1,0,1,1336
11/26/2009,PHX,AZ,AWP,WE,Towers with Radar,611,70,6,0,687,0,31,13,0,44,611,101,19,0,731,0,0,0,731
11/27/2009,PHX,AZ,AWP,WE,Towers with Radar,901,143,19,0,1063,0,30,14,0,44,901,173,33,0,1107,0,0,0,1107
11/28/2009,PHX,AZ,AWP,WE,Towers with Radar,976,123,23,1,1123,0,15,13,4,32,976,138,36,5,1155,0,0,0,1155
11/29/2009,PHX,AZ,AWP,WE,Towers with Radar,1081,121,44,2,1248,0,6,11,0,17,1081,127,55,2,1265,19,0,19,1284
11/30/2009,PHX,AZ,AWP,WE,Towers with Radar,1072,154,29,3,1258,0,34,18,0,52,1072,188,47,3,1310,0,0,0,1310
12/01/2009,PHX,AZ,AWP,WE,Towers with Radar,1025,168,40,7,1240,0,27,18,0,45,1025,195,58,7,1285,3,0,3,1288
12/02/2009,PHX,AZ,AWP,WE,Towers with Radar,1010,151,41,4,1206,0,41,16,0,57,1010,192,57,4,1263,0,0,0,1263
12/03/2009,PHX,AZ,AWP,WE,Towers with Radar,1025,147,44,1,1217,0,39,34,1,74,1025,186,78,2,1291,0,0,0,1291
12/04/2009,PHX,AZ,AWP,WE,Towers with Radar,1025,148,43,14,1230,0,43,15,2,60,1025,191,58,16,1290,0,0,0,1290
12/05/2009,PHX,AZ,AWP,WE,Towers with Radar,783,102,13,12,910,0,22,19,5,46,783,124,32,17,956,0,0,0,956
12/06/2009,PHX,AZ,AWP,WE,Towers with Radar,977,129,27,9,1142,0,11,5,0,16,977,140,32,9,1158,0,0,0,1158
12/07/2009,PHX,AZ,AWP,WE,Towers with Radar,981,138,29,4,1152,0,4,6,0,10,981,142,35,4,1162,0,0,0,1162
12/08/2009,PHX,AZ,AWP,WE,Towers with Radar,984,151,47,7,1189,0,32,7,0,39,984,183,54,7,1228,0,0,0,1228
12/09/2009,PHX,AZ,AWP,WE,Towers with Radar,1001,157,61,12,1231,0,33,22,1,56,1001,190,83,13,1287,0,0,0,1287
12/10/2009,PHX,AZ,AWP,WE,Towers with Radar,1019,167,35,5,1226,0,43,30,0,73,1019,210,65,5,1299,0,0,0,1299
12/11/2009,PHX,AZ,AWP,WE,Towers with Radar,1035,161,43,12,1251,0,32,12,0,44,1035,193,55,12,1295,0,0,0,1295
12/12/2009,PHX,AZ,AWP,WE,Towers with Radar,771,97,31,10,909,0,14,10,1,25,771,111,41,11,934,0,0,0,934
12/13/2009,PHX,AZ,AWP,WE,Towers with Radar,979,122,34,5,1140,0,14,2,0,16,979,136,36,5,1156,0,0,0,1156
12/14/2009,PHX,AZ,AWP,WE,Towers with Radar,987,147,44,0,1178,0,28,12,0,40,987,175,56,0,1218,0,0,0,1218
12/15/2009,PHX,AZ,AWP,WE,Towers with Radar,993,149,58,8,1208,0,43,31,0,74,993,192,89,8,1282,0,0,0,1282
12/16/2009,PHX,AZ,AWP,WE,Towers with Radar,1028,166,44,8,1246,0,42,26,1,69,1028,208,70,9,1315,0,0,0,1315
12/17/2009,PHX,AZ,AWP,WE,Towers with Radar,1076,162,55,3,1296,0,31,32,0,63,1076,193,87,3,1359,0,0,0,1359
12/18/2009,PHX,AZ,AWP,WE,Towers with Radar,1086,163,53,8,1310,0,36,23,0,59,1086,199,76,8,1369,8,0,8,1377
12/19/2009,PHX,AZ,AWP,WE,Towers with Radar,932,129,31,4,1096,0,17,14,2,33,932,146,45,6,1129,12,0,12,1141
12/20/2009,PHX,AZ,AWP,WE,Towers with Radar,1020,134,15,2,1171,0,37,13,0,50,1020,171,28,2,1221,4,0,4,1225
12/21/2009,PHX,AZ,AWP,WE,Towers with Radar,1070,153,37,6,1266,0,30,11,1,42,1070,183,48,7,1308,2,0,2,1310
12/22/2009,PHX,AZ,AWP,WE,Towers with Radar,1106,165,31,9,1311,0,31,5,0,36,1106,196,36,9,1347,0,0,0,1347
12/23/2009,PHX,AZ,AWP,WE,Towers with Radar,1099,184,31,5,1319,0,45,22,0,67,1099,229,53,5,1386,0,0,0,1386
12/24/2009,PHX,AZ,AWP,WE,Towers with Radar,989,160,13,2,1164,0,44,15,0,59,989,204,28,2,1223,0,0,0,1223
12/25/2009,PHX,AZ,AWP,WE,Towers with Radar,873,123,17,0,1013,0,14,11,0,25,873,137,28,0,1038,0,0,0,1038
12/26/2009,PHX,AZ,AWP,WE,Towers with Radar,993,120,31,0,1144,0,19,18,0,37,993,139,49,0,1181,4,0,4,1185
12/27/2009,PHX,AZ,AWP,WE,Towers with Radar,1082,122,21,0,1225,0,12,12,0,24,1082,134,33,0,1249,2,0,2,1251
12/28/2009,PHX,AZ,AWP,WE,Towers with Radar,1094,157,31,2,1284,0,17,15,0,32,1094,174,46,2,1316,5,0,5,1321
12/29/2009,PHX,AZ,AWP,WE,Towers with Radar,1101,171,38,4,1314,0,22,17,2,41,1101,193,55,6,1355,3,0,3,1358
12/30/2009,PHX,AZ,AWP,WE,Towers with Radar,1089,188,39,0,1316,0,13,16,1,30,1089,201,55,1,1346,0,0,0,1346
12/31/2009,PHX,AZ,AWP,WE,Towers with Radar,972,172,33,2,1179,0,25,21,0,46,972,197,54,2,1225,0,0,0,1225
01/01/2010,PHX,AZ,AWP,WE,Towers with Radar,906,127,25,0,1058,0,27,17,0,44,906,154,42,0,1102,0,0,0,1102
01/02/2010,PHX,AZ,AWP,WE,Towers with Radar,1021,130,50,2,1203,0,20,8,0,28,1021,150,58,2,1231,2,0,2,1233
01/03/2010,PHX,AZ,AWP,WE,Towers with Radar,1069,131,49,2,1251,0,8,20,0,28,1069,139,69,2,1279,5,0,5,1284
01/04/2010,PHX,AZ,AWP,WE,Towers with Radar,1051,143,41,2,1237,0,24,16,0,40,1051,167,57,2,1277,5,0,5,1282
01/05/2010,PHX,AZ,AWP,WE,Towers with Radar,1040,147,58,11,1256,0,38,22,3,63,1040,185,80,14,1319,0,0,0,1319
01/06/2010,PHX,AZ,AWP,WE,Towers with Radar,1007,143,39,6,1195,0,39,42,1,82,1007,182,81,7,1277,0,0,0,1277
01/07/2010,PHX,AZ,AWP,WE,Towers with Radar,1022,161,49,6,1238,0,26,27,0,53,1022,187,76,6,1291,0,0,0,1291
01/08/2010,PHX,AZ,AWP,WE,Towers with Radar,1033,154,51,7,1245,0,31,24,1,56,1033,185,75,8,1301,7,0,7,1308
01/09/2010,PHX,AZ,AWP,WE,Towers with Radar,859,101,22,8,990,0,33,13,2,48,859,134,35,10,1038,12,0,12,1050
01/10/2010,PHX,AZ,AWP,WE,Towers with Radar,984,109,31,0,1124,0,18,11,0,29,984,127,42,0,1153,0,0,0,1153
01/11/2010,PHX,AZ,AWP,WE,Towers with Radar,1034,134,43,8,1219,0,28,29,0,57,1034,162,72,8,1276,3,0,3,1279
01/12/2010,PHX,AZ,AWP,WE,Towers with Radar,986,139,51,11,1187,0,39,38,0,77,986,178,89,11,1264,0,0,0,1264
01/13/2010,PHX,AZ,AWP,WE,Towers with Radar,1024,145,48,7,1224,0,33,14,0,47,1024,178,62,7,1271,0,0,0,1271
01/14/2010,PHX,AZ,AWP,WE,Towers with Radar,1042,148,60,12,1262,0,24,24,0,48,1042,172,84,12,1310,0,0,0,1310
01/15/2010,PHX,AZ,AWP,WE,Towers with Radar,1044,155,56,15,1270,0,30,21,0,51,1044,185,77,15,1321,12,0,12,1333
01/16/2010,PHX,AZ,AWP,WE,Towers with Radar,824,97,38,24,983,0,19,22,0,41,824,116,60,24,1024,26,0,26,1050
01/17/2010,PHX,AZ,AWP,WE,Towers with Radar,989,104,24,1,1118,0,7,20,0,27,989,111,44,1,1145,0,0,0,1145
01/18/2010,PHX,AZ,AWP,WE,Towers with Radar,1023,130,46,11,1210,0,12,15,0,27,1023,142,61,11,1237,3,0,3,1240
01/19/2010,PHX,AZ,AWP,WE,Towers with Radar,1011,154,52,7,1224,0,13,14,0,27,1011,167,66,7,1251,4,0,4,1255
01/20/2010,PHX,AZ,AWP,WE,Towers with Radar,1009,156,63,7,1235,0,25,10,1,36,1009,181,73,8,1271,0,0,0,1271
01/21/2010,PHX,AZ,AWP,WE,Towers with Radar,666,102,27,1,796,0,4,11,0,15,666,106,38,1,811,0,0,0,811
01/22/2010,PHX,AZ,AWP,WE,Towers with Radar,1089,151,53,9,1302,0,7,18,0,25,1089,158,71,9,1327,0,0,0,1327
01/23/2010,PHX,AZ,AWP,WE,Towers with Radar,811,108,35,11,965,0,14,19,0,33,811,122,54,11,998,0,0,0,998
01/24/2010,PHX,AZ,AWP,WE,Towers with Radar,974,114,24,4,1116,0,24,19,1,44,974,138,43,5,1160,0,0,0,1160
01/25/2010,PHX,AZ,AWP,WE,Towers with Radar,1019,137,35,5,1196,0,35,30,2,67,1019,172,65,7,1263,0,0,0,1263
01/26/2010,PHX,AZ,AWP,WE,Towers with Radar,1006,138,40,8,1192,1,56,23,1,81,1007,194,63,9,1273,0,0,0,1273
01/27/2010,PHX,AZ,AWP,WE,Towers with Radar,1018,162,40,16,1236,0,12,8,1,21,1018,174,48,17,1257,0,0,0,1257
01/28/2010,PHX,AZ,AWP,WE,Towers with Radar,1035,159,44,10,1248,0,17,12,2,31,1035,176,56,12,1279,0,0,0,1279
01/29/2010,PHX,AZ,AWP,WE,Towers with Radar,1040,155,48,6,1249,0,23,22,9,54,1040,178,70,15,1303,0,0,0,1303
01/30/2010,PHX,AZ,AWP,WE,Towers with Radar,812,95,25,6,938,0,18,8,0,26,812,113,33,6,964,3,0,3,967
01/31/2010,PHX,AZ,AWP,WE,Towers with Radar,990,106,37,4,1137,0,11,17,1,29,990,117,54,5,1166,0,0,0,1166
02/01/2010,PHX,AZ,AWP,WE,Towers with Radar,1022,144,32,6,1204,0,39,26,2,67,1022,183,58,8,1271,0,0,0,1271
02/02/2010,PHX,AZ,AWP,WE,Towers with Radar,1003,152,43,6,1204,0,37,18,2,57,1003,189,61,8,1261,2,0,2,1263
02/03/2010,PHX,AZ,AWP,WE,Towers with Radar,1017,156,44,6,1223,0,29,12,6,47,1017,185,56,12,1270,0,0,0,1270
02/04/2010,PHX,AZ,AWP,WE,Towers with Radar,1042,161,49,4,1256,0,37,16,1,54,1042,198,65,5,1310,0,0,0,1310
02/05/2010,PHX,AZ,AWP,WE,Towers with Radar,1035,155,47,6,1243,0,26,12,0,38,1035,181,59,6,1281,7,0,7,1288
02/06/2010,PHX,AZ,AWP,WE,Towers with Radar,799,102,30,3,934,0,32,12,0,44,799,134,42,3,978,3,0,3,981
02/07/2010,PHX,AZ,AWP,WE,Towers with Radar,970,111,32,2,1115,0,23,9,0,32,970,134,41,2,1147,8,0,8,1155
02/08/2010,PHX,AZ,AWP,WE,Towers with Radar,1007,157,44,3,1211,0,32,16,0,48,1007,189,60,3,1259,0,0,0,1259
02/09/2010,PHX,AZ,AWP,WE,Towers with Radar,980,160,57,6,1203,0,33,24,5,62,980,193,81,11,1265,0,0,0,1265
02/10/2010,PHX,AZ,AWP,WE,Towers with Radar,964,168,49,7,1188,1,17,14,3,35,965,185,63,10,1223,0,0,0,1223
02/11/2010,PHX,AZ,AWP,WE,Towers with Radar,1033,165,51,7,1256,0,33,33,1,67,1033,198,84,8,1323,0,0,0,1323
02/12/2010,PHX,AZ,AWP,WE,Towers with Radar,1050,159,76,20,1305,1,40,33,2,76,1051,199,109,22,1381,5,0,5,1386
02/13/2010,PHX,AZ,AWP,WE,Towers with Radar,908,108,32,14,1062,0,15,13,2,30,908,123,45,16,1092,9,0,9,1101
02/14/2010,PHX,AZ,AWP,WE,Towers with Radar,1008,104,31,2,1145,0,30,12,3,45,1008,134,43,5,1190,4,0,4,1194
02/15/2010,PHX,AZ,AWP,WE,Towers with Radar,1050,119,56,3,1228,0,49,20,2,71,1050,168,76,5,1299,3,0,3,1302
02/16/2010,PHX,AZ,AWP,WE,Towers with Radar,1055,158,47,5,1265,0,49,22,1,72,1055,207,69,6,1337,0,0,0,1337
02/17/2010,PHX,AZ,AWP,WE,Towers with Radar,1064,152,54,4,1274,0,33,27,2,62,1064,185,81,6,1336,1,0,1,1337
02/18/2010,PHX,AZ,AWP,WE,Towers with Radar,1063,158,59,11,1291,0,45,29,0,74,1063,203,88,11,1365,0,0,0,1365
02/19/2010,PHX,AZ,AWP,WE,Towers with Radar,1066,148,40,5,1259,1,40,20,4,65,1067,188,60,9,1324,5,0,5,1329
02/20/2010,PHX,AZ,AWP,WE,Towers with Radar,903,132,34,2,1071,0,20,7,0,27,903,152,41,2,1098,2,0,2,1100
02/21/2010,PHX,AZ,AWP,WE,Towers with Radar,999,120,47,0,1166,0,10,14,0,24,999,130,61,0,1190,0,0,0,1190
02/22/2010,PHX,AZ,AWP,WE,Towers with Radar,1057,149,58,4,1268,0,19,20,1,40,1057,168,78,5,1308,0,0,0,1308
02/23/2010,PHX,AZ,AWP,WE,Towers with Radar,1039,147,54,3,1243,0,30,38,0,68,1039,177,92,3,1311,0,0,0,1311
02/24/2010,PHX,AZ,AWP,WE,Towers with Radar,1061,149,67,10,1287,0,50,27,0,77,1061,199,94,10,1364,0,0,0,1364
02/25/2010,PHX,AZ,AWP,WE,Towers with Radar,1067,151,56,8,1282,0,35,20,0,55,1067,186,76,8,1337,9,0,9,1346
02/26/2010,PHX,AZ,AWP,WE,Towers with Radar,1047,147,41,10,1245,1,45,45,0,91,1048,192,86,10,1336,0,0,0,1336
02/27/2010,PHX,AZ,AWP,WE,Towers with Radar,910,105,27,5,1047,0,24,14,2,40,910,129,41,7,1087,0,0,0,1087
02/28/2010,PHX,AZ,AWP,WE,Towers with Radar,1010,122,41,3,1176,0,6,6,0,12,1010,128,47,3,1188,0,0,0,1188
03/01/2010,PHX,AZ,AWP,WE,Towers with Radar,1046,147,35,6,1234,0,33,30,0,63,1046,180,65,6,1297,0,0,0,1297
03/02/2010,PHX,AZ,AWP,WE,Towers with Radar,1041,147,51,4,1243,0,40,27,7,74,1041,187,78,11,1317,0,0,0,1317
03/03/2010,PHX,AZ,AWP,WE,Towers with Radar,1046,165,32,8,1251,0,32,45,0,77,1046,197,77,8,1328,0,0,0,1328
03/04/2010,PHX,AZ,AWP,WE,Towers with Radar,1066,151,48,4,1269,0,32,18,0,50,1066,183,66,4,1319,0,0,0,1319
03/05/2010,PHX,AZ,AWP,WE,Towers with Radar,1051,157,41,21,1270,0,41,24,3,68,1051,198,65,24,1338,0,0,0,1338
03/06/2010,PHX,AZ,AWP,WE,Towers with Radar,913,124,41,9,1087,0,31,19,4,54,913,155,60,13,1141,6,0,6,1147
03/07/2010,PHX,AZ,AWP,WE,Towers with Radar,1002,119,34,2,1157,0,13,5,0,18,1002,132,39,2,1175,3,0,3,1178
03/08/2010,PHX,AZ,AWP,WE,Towers with Radar,1045,157,42,4,1248,0,18,22,0,40,1045,175,64,4,1288,0,0,0,1288
03/09/2010,PHX,AZ,AWP,WE,Towers with Radar,1049,154,47,10,1260,0,19,15,1,35,1049,173,62,11,1295,0,0,0,1295
03/10/2010,PHX,AZ,AWP,WE,Towers with Radar,1049,156,48,4,1257,0,30,18,2,50,1049,186,66,6,1307,0,0,0,1307
03/11/2010,PHX,AZ,AWP,WE,Towers with Radar,1068,167,76,6,1317,0,28,36,0,64,1068,195,112,6,1381,0,0,0,1381
03/12/2010,PHX,AZ,AWP,WE,Towers with Radar,1062,171,54,5,1292,0,36,31,5,72,1062,207,85,10,1364,0,0,0,1364
03/13/2010,PHX,AZ,AWP,WE,Towers with Radar,915,128,33,2,1078,0,28,28,4,60,915,156,61,6,1138,0,0,0,1138
03/14/2010,PHX,AZ,AWP,WE,Towers with Radar,1023,114,51,1,1189,0,17,28,0,45,1023,131,79,1,1234,0,0,0,1234
03/15/2010,PHX,AZ,AWP,WE,Towers with Radar,1047,132,34,7,1220,0,38,28,5,71,1047,170,62,12,1291,8,0,8,1299
03/16/2010,PHX,AZ,AWP,WE,Towers with Radar,1034,151,55,6,1246,0,38,24,4,66,1034,189,79,10,1312,0,0,0,1312
03/17/2010,PHX,AZ,AWP,WE,Towers with Radar,1045,153,55,6,1259,0,47,32,1,80,1045,200,87,7,1339,0,0,0,1339
03/18/2010,PHX,AZ,AWP,WE,Towers with Radar,1089,158,55,8,1310,0,43,45,3,91,1089,201,100,11,1401,0,0,0,1401
03/19/2010,PHX,AZ,AWP,WE,Towers with Radar,1067,159,59,13,1298,0,32,26,1,59,1067,191,85,14,1357,0,0,0,1357
03/20/2010,PHX,AZ,AWP,WE,Towers with Radar,951,119,26,8,1104,0,25,9,8,42,951,144,35,16,1146,2,0,2,1148
03/21/2010,PHX,AZ,AWP,WE,Towers with Radar,1008,116,63,2,1189,0,29,16,0,45,1008,145,79,2,1234,1,0,1,1235
03/22/2010,PHX,AZ,AWP,WE,Towers with Radar,1055,139,41,1,1236,0,30,31,2,63,1055,169,72,3,1299,0,0,0,1299
03/23/2010,PHX,AZ,AWP,WE,Towers with Radar,1042,165,68,2,1277,0,29,15,1,45,1042,194,83,3,1322,0,0,0,1322
03/24/2010,PHX,AZ,AWP,WE,Towers with Radar,1032,159,72,5,1268,0,32,31,0,63,1032,191,103,5,1331,0,0,0,1331
03/25/2010,PHX,AZ,AWP,WE,Towers with Radar,1071,156,67,8,1302,0,43,32,0,75,1071,199,99,8,1377,0,0,0,1377
03/26/2010,PHX,AZ,AWP,WE,Towers with Radar,1067,156,55,23,1301,0,35,33,5,73,1067,191,88,28,1374,0,0,0,1374
03/27/2010,PHX,AZ,AWP,WE,Towers with Radar,949,127,32,16,1124,0,20,17,3,40,949,147,49,19,1164,4,0,4,1168
03/28/2010,PHX,AZ,AWP,WE,Towers with Radar,997,149,53,18,1217,0,15,23,7,45,997,164,76,25,1262,2,0,2,1264
03/29/2010,PHX,AZ,AWP,WE,Towers with Radar,1042,166,62,13,1283,0,34,36,1,71,1042,200,98,14,1354,2,0,2,1356
03/30/2010,PHX,AZ,AWP,WE,Towers with Radar,1032,151,39,5,1227,0,32,30,2,64,1032,183,69,7,1291,0,0,0,1291
03/31/2010,PHX,AZ,AWP,WE,Towers with Radar,1043,157,39,7,1246,0,27,29,0,56,1043,184,68,7,1302,0,0,0,1302
04/01/2010,PHX,AZ,AWP,WE,Towers with Radar,1068,166,41,6,1281,0,18,22,5,45,1068,184,63,11,1326,0,0,0,1326
04/02/2010,PHX,AZ,AWP,WE,Towers with Radar,1056,149,33,9,1247,0,44,22,4,70,1056,193,55,13,1317,0,0,0,1317
04/03/2010,PHX,AZ,AWP,WE,Towers with Radar,941,120,16,8,1085,0,26,16,3,45,941,146,32,11,1130,0,0,0,1130
04/04/2010,PHX,AZ,AWP,WE,Towers with Radar,1002,109,20,3,1134,0,19,17,4,40,1002,128,37,7,1174,0,0,0,1174
04/05/2010,PHX,AZ,AWP,WE,Towers with Radar,1048,133,48,1,1230,0,38,26,0,64,1048,171,74,1,1294,0,0,0,1294
04/06/2010,PHX,AZ,AWP,WE,Towers with Radar,1034,147,40,6,1227,0,43,38,0,81,1034,190,78,6,1308,0,0,0,1308
04/07/2010,PHX,AZ,AWP,WE,Towers with Radar,1042,144,64,9,1259,0,53,28,5,86,1042,197,92,14,1345,0,0,0,1345
04/08/2010,PHX,AZ,AWP,WE,Towers with Radar,1045,160,58,9,1272,0,40,39,1,80,1045,200,97,10,1352,0,0,0,1352
04/09/2010,PHX,AZ,AWP,WE,Towers with Radar,1046,144,58,17,1265,0,40,39,6,85,1046,184,97,23,1350,0,0,0,1350
04/10/2010,PHX,AZ,AWP,WE,Towers with Radar,920,111,37,6,1074,0,22,34,11,67,920,133,71,17,1141,0,0,0,1141
04/11/2010,PHX,AZ,AWP,WE,Towers with Radar,995,113,46,2,1156,0,15,18,7,40,995,128,64,9,1196,0,0,0,1196
04/12/2010,PHX,AZ,AWP,WE,Towers with Radar,1038,138,30,7,1213,0,33,25,1,59,1038,171,55,8,1272,0,0,0,1272
04/13/2010,PHX,AZ,AWP,WE,Towers with Radar,1031,142,60,3,1236,0,29,24,5,58,1031,171,84,8,1294,0,0,0,1294
04/14/2010,PHX,AZ,AWP,WE,Towers with Radar,1021,151,49,5,1226,0,48,27,0,75,1021,199,76,5,1301,0,0,0,1301
04/15/2010,PHX,AZ,AWP,WE,Towers with Radar,1041,144,42,6,1233,0,53,32,0,85,1041,197,74,6,1318,0,0,0,1318
04/16/2010,PHX,AZ,AWP,WE,Towers with Radar,1046,144,58,17,1265,0,45,43,5,93,1046,189,101,22,1358,0,0,0,1358
04/17/2010,PHX,AZ,AWP,WE,Towers with Radar,920,111,37,6,1074,0,22,24,11,57,920,133,61,17,1131,0,0,0,1131
04/18/2010,PHX,AZ,AWP,WE,Towers with Radar,995,113,46,2,1156,0,19,15,3,37,995,132,61,5,1193,0,0,0,1193
04/19/2010,PHX,AZ,AWP,WE,Towers with Radar,1030,141,38,7,1216,0,27,34,0,61,1030,168,72,7,1277,5,0,5,1282
04/20/2010,PHX,AZ,AWP,WE,Towers with Radar,1009,142,64,7,1222,0,33,25,5,63,1009,175,89,12,1285,3,3,6,1291
04/21/2010,PHX,AZ,AWP,WE,Towers with Radar,1010,161,59,7,1237,0,21,15,1,37,1010,182,74,8,1274,0,0,0,1274
04/22/2010,PHX,AZ,AWP,WE,Towers with Radar,1036,161,55,12,1264,0,19,29,0,48,1036,180,84,12,1312,0,0,0,1312
04/23/2010,PHX,AZ,AWP,WE,Towers with Radar,1044,158,54,16,1272,0,26,16,1,43,1044,184,70,17,1315,0,0,0,1315
04/24/2010,PHX,AZ,AWP,WE,Towers with Radar,909,113,32,3,1057,0,33,28,3,64,909,146,60,6,1121,0,0,0,1121
04/25/2010,PHX,AZ,AWP,WE,Towers with Radar,971,113,31,5,1120,0,15,24,2,41,971,128,55,7,1161,1,0,1,1162
04/26/2010,PHX,AZ,AWP,WE,Towers with Radar,1027,133,49,8,1217,0,29,29,0,58,1027,162,78,8,1275,3,0,3,1278
04/27/2010,PHX,AZ,AWP,WE,Towers with Radar,998,147,55,10,1210,0,40,30,0,70,998,187,85,10,1280,3,0,3,1283
04/28/2010,PHX,AZ,AWP,WE,Towers with Radar,1058,127,38,4,1227,0,31,11,0,42,1058,158,49,4,1269,0,0,0,1269
04/29/2010,PHX,AZ,AWP,WE,Towers with Radar,1034,155,55,3,1247,0,33,43,0,76,1034,188,98,3,1323,0,0,0,1323
04/30/2010,PHX,AZ,AWP,WE,Towers with Radar,1050,151,33,6,1240,0,22,16,0,38,1050,173,49,6,1278,0,0,0,1278
05/01/2010,PHX,AZ,AWP,WE,Towers with Radar,905,121,30,12,1068,2,27,16,0,45,907,148,46,12,1113,0,0,0,1113
05/02/2010,PHX,AZ,AWP,WE,Towers with Radar,968,115,41,10,1134,0,20,16,1,37,968,135,57,11,1171,0,0,0,1171
05/03/2010,PHX,AZ,AWP,WE,Towers with Radar,1000,143,48,8,1199,0,33,29,1,63,1000,176,77,9,1262,0,0,0,1262
05/04/2010,PHX,AZ,AWP,WE,Towers with Radar,1004,148,30,5,1187,0,42,27,0,69,1004,190,57,5,1256,1,0,1,1257
05/05/2010,PHX,AZ,AWP,WE,Towers with Radar,1012,146,61,9,1228,1,43,31,0,75,1013,189,92,9,1303,0,0,0,1303
05/06/2010,PHX,AZ,AWP,WE,Towers with Radar,1027,145,48,5,1225,2,39,29,0,70,1029,184,77,5,1295,0,0,0,1295
05/07/2010,PHX,AZ,AWP,WE,Towers with Radar,1041,152,50,8,1251,0,34,19,1,54,1041,186,69,9,1305,0,0,0,1305
05/08/2010,PHX,AZ,AWP,WE,Towers with Radar,902,111,16,5,1034,0,28,14,0,42,902,139,30,5,1076,0,0,0,1076
05/09/2010,PHX,AZ,AWP,WE,Towers with Radar,970,119,35,4,1128,0,28,12,0,40,970,147,47,4,1168,0,0,0,1168
05/10/2010,PHX,AZ,AWP,WE,Towers with Radar,1014,149,43,2,1208,0,24,32,1,57,1014,173,75,3,1265,1,0,1,1266
05/11/2010,PHX,AZ,AWP,WE,Towers with Radar,1009,145,57,9,1220,0,34,22,0,56,1009,179,79,9,1276,1,0,1,1277
05/12/2010,PHX,AZ,AWP,WE,Towers with Radar,1023,159,53,8,1243,0,41,22,0,63,1023,200,75,8,1306,4,0,4,1310
05/13/2010,PHX,AZ,AWP,WE,Towers with Radar,1040,145,45,5,1235,0,44,28,1,73,1040,189,73,6,1308,3,0,3,1311
05/14/2010,PHX,AZ,AWP,WE,Towers with Radar,1011,158,45,8,1222,0,29,18,0,47,1011,187,63,8,1269,3,0,3,1272
05/15/2010,PHX,AZ,AWP,WE,Towers with Radar,903,120,23,8,1054,0,25,16,0,41,903,145,39,8,1095,0,0,0,1095
05/16/2010,PHX,AZ,AWP,WE,Towers with Radar,972,110,23,12,1117,0,13,18,0,31,972,123,41,12,1148,0,0,0,1148
05/17/2010,PHX,AZ,AWP,WE,Towers with Radar,1012,140,37,10,1199,0,33,17,0,50,1012,173,54,10,1249,1,0,1,1250
05/18/2010,PHX,AZ,AWP,WE,Towers with Radar,1005,144,39,16,1204,0,35,22,0,57,1005,179,61,16,1261,2,0,2,1263
05/19/2010,PHX,AZ,AWP,WE,Towers with Radar,1021,154,31,8,1214,1,35,6,1,43,1022,189,37,9,1257,2,0,2,1259
05/20/2010,PHX,AZ,AWP,WE,Towers with Radar,1032,155,48,17,1252,0,45,19,1,65,1032,200,67,18,1317,1,0,1,1318
05/21/2010,PHX,AZ,AWP,WE,Towers with Radar,1021,150,43,13,1227,0,29,24,3,56,1021,179,67,16,1283,0,0,0,1283
05/22/2010,PHX,AZ,AWP,WE,Towers with Radar,904,113,20,3,1040,0,18,15,2,35,904,131,35,5,1075,17,0,17,1092
05/23/2010,PHX,AZ,AWP,WE,Towers with Radar,969,118,64,7,1158,0,18,16,0,34,969,136,80,7,1192,1,0,1,1193
05/24/2010,PHX,AZ,AWP,WE,Towers with Radar,1009,132,35,12,1188,0,41,8,1,50,1009,173,43,13,1238,0,0,0,1238
05/25/2010,PHX,AZ,AWP,WE,Towers with Radar,1009,163,80,19,1271,0,30,26,0,56,1009,193,106,19,1327,4,0,4,1331
05/26/2010,PHX,AZ,AWP,WE,Towers with Radar,1015,157,56,14,1242,0,39,20,0,59,1015,196,76,14,1301,3,0,3,1304
05/27/2010,PHX,AZ,AWP,WE,Towers with Radar,1066,164,53,11,1294,1,46,26,0,73,1067,210,79,11,1367,3,0,3,1370
05/28/2010,PHX,AZ,AWP,WE,Towers with Radar,1081,150,36,7,1274,0,44,19,3,66,1081,194,55,10,1340,0,0,0,1340
05/29/2010,PHX,AZ,AWP,WE,Towers with Radar,889,123,48,0,1060,0,22,18,3,43,889,145,66,3,1103,0,0,0,1103
05/30/2010,PHX,AZ,AWP,WE,Towers with Radar,865,93,19,0,977,0,34,16,1,51,865,127,35,1,1028,0,0,0,1028
05/31/2010,PHX,AZ,AWP,WE,Towers with Radar,962,113,24,1,1100,0,15,20,0,35,962,128,44,1,1135,4,0,4,1139
06/01/2010,PHX,AZ,AWP,WE,Towers with Radar,1006,147,21,7,1181,0,42,18,0,60,1006,189,39,7,1241,2,0,2,1243
06/02/2010,PHX,AZ,AWP,WE,Towers with Radar,1021,166,36,6,1229,0,35,13,0,48,1021,201,49,6,1277,4,1,5,1282
06/03/2010,PHX,AZ,AWP,WE,Towers with Radar,1027,161,50,6,1244,0,43,23,0,66,1027,204,73,6,1310,4,0,4,1314
06/04/2010,PHX,AZ,AWP,WE,Towers with Radar,1024,151,32,3,1210,0,35,27,2,64,1024,186,59,5,1274,9,0,9,1283
06/05/2010,PHX,AZ,AWP,WE,Towers with Radar,899,106,13,5,1023,0,28,16,0,44,899,134,29,5,1067,0,0,0,1067
06/06/2010,PHX,AZ,AWP,WE,Towers with Radar,963,119,20,0,1102,0,13,4,2,19,963,132,24,2,1121,0,0,0,1121
06/07/2010,PHX,AZ,AWP,WE,Towers with Radar,1005,148,33,7,1193,0,34,17,0,51,1005,182,50,7,1244,4,0,4,1248
06/08/2010,PHX,AZ,AWP,WE,Towers with Radar,1007,150,34,7,1198,0,48,19,0,67,1007,198,53,7,1265,2,0,2,1267
06/09/2010,PHX,AZ,AWP,WE,Towers with Radar,1025,148,30,10,1213,0,44,21,0,65,1025,192,51,10,1278,2,0,2,1280
06/10/2010,PHX,AZ,AWP,WE,Towers with Radar,1013,160,29,4,1206,0,44,11,0,55,1013,204,40,4,1261,4,0,4,1265
06/11/2010,PHX,AZ,AWP,WE,Towers with Radar,1002,163,33,7,1205,0,31,35,0,66,1002,194,68,7,1271,1,0,1,1272
06/12/2010,PHX,AZ,AWP,WE,Towers with Radar,900,128,23,1,1052,0,27,11,0,38,900,155,34,1,1090,4,0,4,1094
06/13/2010,PHX,AZ,AWP,WE,Towers with Radar,957,127,12,4,1100,0,8,18,0,26,957,135,30,4,1126,0,0,0,1126
06/14/2010,PHX,AZ,AWP,WE,Towers with Radar,1006,141,30,2,1179,0,31,22,2,55,1006,172,52,4,1234,2,0,2,1236
06/15/2010,PHX,AZ,AWP,WE,Towers with Radar,1008,145,46,7,1206,1,37,34,0,72,1009,182,80,7,1278,0,0,0,1278
06/16/2010,PHX,AZ,AWP,WE,Towers with Radar,1021,163,50,4,1238,1,41,18,0,60,1022,204,68,4,1298,0,0,0,1298
06/17/2010,PHX,AZ,AWP,WE,Towers with Radar,1015,155,45,5,1220,0,33,28,1,62,1015,188,73,6,1282,1,0,1,1283
06/18/2010,PHX,AZ,AWP,WE,Towers with Radar,1005,152,49,3,1209,0,27,27,1,55,1005,179,76,4,1264,2,0,2,1266
06/19/2010,PHX,AZ,AWP,WE,Towers with Radar,902,120,22,2,1046,0,23,13,1,37,902,143,35,3,1083,0,0,0,1083
06/20/2010,PHX,AZ,AWP,WE,Towers with Radar,960,111,16,2,1089,0,16,6,0,22,960,127,22,2,1111,0,0,0,1111
06/21/2010,PHX,AZ,AWP,WE,Towers with Radar,988,149,50,5,1192,0,31,12,0,43,988,180,62,5,1235,0,0,0,1235
06/22/2010,PHX,AZ,AWP,WE,Towers with Radar,1013,144,40,6,1203,0,40,17,1,58,1013,184,57,7,1261,0,0,0,1261
06/23/2010,PHX,AZ,AWP,WE,Towers with Radar,1006,151,40,8,1205,0,48,11,0,59,1006,199,51,8,1264,5,0,5,1269
06/24/2010,PHX,AZ,AWP,WE,Towers with Radar,1023,150,38,7,1218,0,50,25,2,77,1023,200,63,9,1295,4,1,5,1300
06/25/2010,PHX,AZ,AWP,WE,Towers with Radar,1017,149,28,12,1206,1,48,11,0,60,1018,197,39,12,1266,7,0,7,1273
06/26/2010,PHX,AZ,AWP,WE,Towers with Radar,905,120,18,3,1046,0,22,6,1,29,905,142,24,4,1075,2,0,2,1077
06/27/2010,PHX,AZ,AWP,WE,Towers with Radar,953,112,32,1,1098,0,9,9,1,19,953,121,41,2,1117,0,0,0,1117
06/28/2010,PHX,AZ,AWP,WE,Towers with Radar,1000,144,40,11,1195,0,41,14,0,55,1000,185,54,11,1250,1,0,1,1251
06/29/2010,PHX,AZ,AWP,WE,Towers with Radar,1006,153,33,6,1198,0,41,26,0,67,1006,194,59,6,1265,0,0,0,1265
06/30/2010,PHX,AZ,AWP,WE,Towers with Radar,1020,146,33,6,1205,0,42,28,0,70,1020,188,61,6,1275,0,0,0,1275
07/01/2010,PHX,AZ,AWP,WE,Towers with Radar,1062,159,34,0,1255,0,38,20,1,59,1062,197,54,1,1314,0,0,0,1314
07/02/2010,PHX,AZ,AWP,WE,Towers with Radar,1075,142,36,3,1256,0,46,18,0,64,1075,188,54,3,1320,0,0,0,1320
07/03/2010,PHX,AZ,AWP,WE,Towers with Radar,898,107,17,1,1023,0,24,13,0,37,898,131,30,1,1060,5,0,5,1065
07/04/2010,PHX,AZ,AWP,WE,Towers with Radar,802,91,12,0,905,0,15,13,0,28,802,106,25,0,933,0,0,0,933
07/05/2010,PHX,AZ,AWP,WE,Towers with Radar,988,115,43,8,1154,0,18,16,0,34,988,133,59,8,1188,4,0,4,1192
07/06/2010,PHX,AZ,AWP,WE,Towers with Radar,995,142,36,3,1176,0,36,15,0,51,995,178,51,3,1227,0,0,0,1227
07/07/2010,PHX,AZ,AWP,WE,Towers with Radar,1027,151,44,5,1227,0,42,10,1,53,1027,193,54,6,1280,5,0,5,1285
07/08/2010,PHX,AZ,AWP,WE,Towers with Radar,1007,151,52,6,1216,0,36,26,3,65,1007,187,78,9,1281,0,0,0,1281
07/09/2010,PHX,AZ,AWP,WE,Towers with Radar,1015,160,46,10,1231,0,36,14,6,56,1015,196,60,16,1287,0,0,0,1287
07/10/2010,PHX,AZ,AWP,WE,Towers with Radar,899,121,22,5,1047,0,20,8,6,34,899,141,30,11,1081,2,0,2,1083
07/11/2010,PHX,AZ,AWP,WE,Towers with Radar,964,126,35,4,1129,0,22,11,3,36,964,148,46,7,1165,0,0,0,1165
07/12/2010,PHX,AZ,AWP,WE,Towers with Radar,995,143,45,2,1185,0,43,20,2,65,995,186,65,4,1250,1,0,1,1251
07/13/2010,PHX,AZ,AWP,WE,Towers with Radar,1000,147,59,6,1212,0,37,25,0,62,1000,184,84,6,1274,6,0,6,1280
07/14/2010,PHX,AZ,AWP,WE,Towers with Radar,1011,153,51,5,1220,0,44,17,0,61,1011,197,68,5,1281,5,0,5,1286
07/15/2010,PHX,AZ,AWP,WE,Towers with Radar,1019,148,46,6,1219,0,51,14,1,66,1019,199,60,7,1285,2,0,2,1287
07/16/2010,PHX,AZ,AWP,WE,Towers with Radar,1018,152,43,5,1218,0,40,18,2,60,1018,192,61,7,1278,1,0,1,1279
07/17/2010,PHX,AZ,AWP,WE,Towers with Radar,893,130,25,5,1053,0,41,15,1,57,893,171,40,6,1110,8,0,8,1118
07/18/2010,PHX,AZ,AWP,WE,Towers with Radar,967,123,34,5,1129,1,17,19,1,38,968,140,53,6,1167,5,0,5,1172
07/19/2010,PHX,AZ,AWP,WE,Towers with Radar,999,147,45,2,1193,0,29,15,1,45,999,176,60,3,1238,9,0,9,1247
07/20/2010,PHX,AZ,AWP,WE,Towers with Radar,1009,154,42,5,1210,0,30,25,0,55,1009,184,67,5,1265,3,1,4,1269
07/21/2010,PHX,AZ,AWP,WE,Towers with Radar,1011,154,33,6,1204,0,33,12,0,45,1011,187,45,6,1249,5,0,5,1254
07/22/2010,PHX,AZ,AWP,WE,Towers with Radar,1011,165,47,4,1227,0,28,18,0,46,1011,193,65,4,1273,2,0,2,1275
07/23/2010,PHX,AZ,AWP,WE,Towers with Radar,1013,157,38,8,1216,0,30,15,1,46,1013,187,53,9,1262,1,0,1,1263
07/24/2010,PHX,AZ,AWP,WE,Towers with Radar,888,114,15,4,1021,0,27,10,1,38,888,141,25,5,1059,0,0,0,1059
07/25/2010,PHX,AZ,AWP,WE,Towers with Radar,966,118,17,8,1109,0,29,14,0,43,966,147,31,8,1152,0,0,0,1152
07/26/2010,PHX,AZ,AWP,WE,Towers with Radar,1009,143,23,3,1178,0,36,6,0,42,1009,179,29,3,1220,5,0,5,1225
07/27/2010,PHX,AZ,AWP,WE,Towers with Radar,992,159,31,3,1185,0,26,8,1,35,992,185,39,4,1220,1,0,1,1221
07/28/2010,PHX,AZ,AWP,WE,Towers with Radar,1008,154,33,10,1205,0,29,4,0,33,1008,183,37,10,1238,0,2,2,1240
07/29/2010,PHX,AZ,AWP,WE,Towers with Radar,1010,157,37,4,1208,0,30,11,0,41,1010,187,48,4,1249,3,2,5,1254
07/30/2010,PHX,AZ,AWP,WE,Towers with Radar,1032,157,34,3,1226,0,35,10,0,45,1032,192,44,3,1271,1,0,1,1272
07/31/2010,PHX,AZ,AWP,WE,Towers with Radar,908,132,25,2,1067,0,11,6,1,18,908,143,31,3,1085,0,0,0,1085
08/01/2010,PHX,AZ,AWP,WE,Towers with Radar,961,113,22,1,1097,0,7,9,1,17,961,120,31,2,1114,0,0,0,1114
08/02/2010,PHX,AZ,AWP,WE,Towers with Radar,1001,144,24,2,1171,0,19,20,0,39,1001,163,44,2,1210,2,0,2,1212
08/03/2010,PHX,AZ,AWP,WE,Towers with Radar,1001,152,33,1,1187,0,41,27,0,68,1001,193,60,1,1255,5,0,5,1260
08/04/2010,PHX,AZ,AWP,WE,Towers with Radar,1004,150,20,2,1176,0,33,16,0,49,1004,183,36,2,1225,0,0,0,1225
08/05/2010,PHX,AZ,AWP,WE,Towers with Radar,1019,140,30,0,1189,0,34,21,0,55,1019,174,51,0,1244,5,0,5,1249
08/06/2010,PHX,AZ,AWP,WE,Towers with Radar,1018,151,29,0,1198,0,40,17,4,61,1018,191,46,4,1259,1,0,1,1260
08/07/2010,PHX,AZ,AWP,WE,Towers with Radar,893,119,14,1,1027,0,11,5,0,16,893,130,19,1,1043,3,4,7,1050
08/08/2010,PHX,AZ,AWP,WE,Towers with Radar,960,115,21,0,1096,0,7,13,1,21,960,122,34,1,1117,0,0,0,1117
08/09/2010,PHX,AZ,AWP,WE,Towers with Radar,1001,149,17,0,1167,0,33,16,0,49,1001,182,33,0,1216,3,0,3,1219
08/10/2010,PHX,AZ,AWP,WE,Towers with Radar,1005,157,45,0,1207,0,53,22,0,75,1005,210,67,0,1282,0,0,0,1282
08/11/2010,PHX,AZ,AWP,WE,Towers with Radar,1008,145,26,0,1179,0,35,21,4,60,1008,180,47,4,1239,0,0,0,1239
08/12/2010,PHX,AZ,AWP,WE,Towers with Radar,1007,154,41,2,1204,0,36,14,1,51,1007,190,55,3,1255,0,0,0,1255
08/13/2010,PHX,AZ,AWP,WE,Towers with Radar,1015,148,24,4,1191,0,37,15,0,52,1015,185,39,4,1243,0,0,0,1243
08/14/2010,PHX,AZ,AWP,WE,Towers with Radar,900,120,25,4,1049,0,18,22,0,40,900,138,47,4,1089,0,0,0,1089
08/15/2010,PHX,AZ,AWP,WE,Towers with Radar,949,125,22,4,1100,0,14,18,1,33,949,139,40,5,1133,0,0,0,1133
08/16/2010,PHX,AZ,AWP,WE,Towers with Radar,984,145,37,8,1174,2,35,24,0,61,986,180,61,8,1235,2,0,2,1237
08/17/2010,PHX,AZ,AWP,WE,Towers with Radar,989,146,27,3,1165,0,32,13,1,46,989,178,40,4,1211,2,0,2,1213
08/18/2010,PHX,AZ,AWP,WE,Towers with Radar,986,160,49,9,1204,0,38,18,1,57,986,198,67,10,1261,5,0,5,1266
08/19/2010,PHX,AZ,AWP,WE,Towers with Radar,991,163,45,3,1202,0,49,20,2,71,991,212,65,5,1273,1,0,1,1274
08/20/2010,PHX,AZ,AWP,WE,Towers with Radar,998,146,40,7,1191,0,35,19,4,58,998,181,59,11,1249,1,0,1,1250
08/21/2010,PHX,AZ,AWP,WE,Towers with Radar,852,106,15,4,977,0,16,8,0,24,852,122,23,4,1001,0,0,0,1001
08/22/2010,PHX,AZ,AWP,WE,Towers with Radar,922,116,25,0,1063,0,14,4,1,19,922,130,29,1,1082,6,0,6,1088
08/23/2010,PHX,AZ,AWP,WE,Towers with Radar,987,136,21,2,1146,0,31,14,1,46,987,167,35,3,1192,2,0,2,1194
08/24/2010,PHX,AZ,AWP,WE,Towers with Radar,987,145,36,0,1168,0,25,19,0,44,987,170,55,0,1212,5,0,5,1217
08/25/2010,PHX,AZ,AWP,WE,Towers with Radar,997,142,40,4,1183,0,32,14,2,48,997,174,54,6,1231,12,0,12,1243
08/26/2010,PHX,AZ,AWP,WE,Towers with Radar,992,163,56,3,1214,0,45,25,1,71,992,208,81,4,1285,8,0,8,1293
08/27/2010,PHX,AZ,AWP,WE,Towers with Radar,1001,154,42,5,1202,0,37,24,0,61,1001,191,66,5,1263,7,0,7,1270
08/28/2010,PHX,AZ,AWP,WE,Towers with Radar,843,109,15,2,969,0,14,7,0,21,843,123,22,2,990,3,1,4,994
08/29/2010,PHX,AZ,AWP,WE,Towers with Radar,941,111,31,1,1084,0,19,13,0,32,941,130,44,1,1116,3,0,3,1119
08/30/2010,PHX,AZ,AWP,WE,Towers with Radar,988,134,32,6,1160,0,30,14,0,44,988,164,46,6,1204,5,0,5,1209
08/31/2010,PHX,AZ,AWP,WE,Towers with Radar,974,134,21,2,1131,0,41,10,2,53,974,175,31,4,1184,10,0,10,1194
09/01/2010,PHX,AZ,AWP,WE,Towers with Radar,996,146,32,9,1183,0,27,14,0,41,996,173,46,9,1224,2,0,2,1226
09/02/2010,PHX,AZ,AWP,WE,Towers with Radar,1048,159,46,4,1257,0,48,18,4,70,1048,207,64,8,1327,5,2,7,1334
09/03/2010,PHX,AZ,AWP,WE,Towers with Radar,1059,168,32,7,1266,0,25,15,0,40,1059,193,47,7,1306,0,0,0,1306
09/04/2010,PHX,AZ,AWP,WE,Towers with Radar,830,98,9,2,939,0,12,10,0,22,830,110,19,2,961,0,0,0,961
09/05/2010,PHX,AZ,AWP,WE,Towers with Radar,778,88,12,5,883,0,35,8,0,43,778,123,20,5,926,6,0,6,932
09/06/2010,PHX,AZ,AWP,WE,Towers with Radar,980,122,23,4,1129,0,23,13,0,36,980,145,36,4,1165,2,0,2,1167
09/07/2010,PHX,AZ,AWP,WE,Towers with Radar,991,138,26,0,1155,0,31,13,0,44,991,169,39,0,1199,3,0,3,1202
09/08/2010,PHX,AZ,AWP,WE,Towers with Radar,986,144,37,8,1175,0,17,21,0,38,986,161,58,8,1213,3,0,3,1216
09/09/2010,PHX,AZ,AWP,WE,Towers with Radar,1008,144,45,4,1201,0,29,17,0,46,1008,173,62,4,1247,1,0,1,1248
09/10/2010,PHX,AZ,AWP,WE,Towers with Radar,1013,143,41,5,1202,0,23,20,1,44,1013,166,61,6,1246,3,0,3,1249
09/11/2010,PHX,AZ,AWP,WE,Towers with Radar,849,92,15,2,958,0,25,7,1,33,849,117,22,3,991,11,1,12,1003
09/12/2010,PHX,AZ,AWP,WE,Towers with Radar,946,107,23,2,1078,0,13,17,0,30,946,120,40,2,1108,2,0,2,1110
09/13/2010,PHX,AZ,AWP,WE,Towers with Radar,1007,137,36,10,1190,0,32,22,0,54,1007,169,58,10,1244,6,1,7,1251
09/14/2010,PHX,AZ,AWP,WE,Towers with Radar,983,134,51,8,1176,0,33,18,1,52,983,167,69,9,1228,2,0,2,1230
09/15/2010,PHX,AZ,AWP,WE,Towers with Radar,991,136,45,7,1179,0,27,19,0,46,991,163,64,7,1225,2,0,2,1227
09/16/2010,PHX,AZ,AWP,WE,Towers with Radar,1006,139,42,9,1196,0,42,25,0,67,1006,181,67,9,1263,5,0,5,1268
09/17/2010,PHX,AZ,AWP,WE,Towers with Radar,1015,136,39,4,1194,0,26,23,0,49,1015,162,62,4,1243,2,0,2,1245
09/18/2010,PHX,AZ,AWP,WE,Towers with Radar,843,96,15,1,955,0,17,14,0,31,843,113,29,1,986,6,0,6,992
09/19/2010,PHX,AZ,AWP,WE,Towers with Radar,941,114,33,2,1090,0,8,9,0,17,941,122,42,2,1107,0,0,0,1107
09/20/2010,PHX,AZ,AWP,WE,Towers with Radar,1012,135,38,6,1191,0,32,19,0,51,1012,167,57,6,1242,13,0,13,1255
09/21/2010,PHX,AZ,AWP,WE,Towers with Radar,983,133,53,5,1174,0,38,9,0,47,983,171,62,5,1221,7,0,7,1228
09/22/2010,PHX,AZ,AWP,WE,Towers with Radar,982,153,52,9,1196,0,15,22,1,38,982,168,74,10,1234,0,0,0,1234
09/23/2010,PHX,AZ,AWP,WE,Towers with Radar,1014,151,57,8,1230,0,32,32,3,67,1014,183,89,11,1297,5,2,7,1304
09/24/2010,PHX,AZ,AWP,WE,Towers with Radar,1026,152,44,2,1224,0,28,23,2,53,1026,180,67,4,1277,0,0,0,1277
09/25/2010,PHX,AZ,AWP,WE,Towers with Radar,855,92,23,1,971,1,20,5,0,26,856,112,28,1,997,0,0,0,997
09/26/2010,PHX,AZ,AWP,WE,Towers with Radar,971,98,32,1,1102,0,10,16,0,26,971,108,48,1,1128,5,0,5,1133
09/27/2010,PHX,AZ,AWP,WE,Towers with Radar,1012,139,42,4,1197,0,23,15,2,40,1012,162,57,6,1237,0,0,0,1237
09/28/2010,PHX,AZ,AWP,WE,Towers with Radar,979,134,32,1,1146,0,40,27,0,67,979,174,59,1,1213,4,0,4,1217
09/29/2010,PHX,AZ,AWP,WE,Towers with Radar,988,149,38,0,1175,0,28,8,1,37,988,177,46,1,1212,8,0,8,1220
09/30/2010,PHX,AZ,AWP,WE,Towers with Radar,1019,135,36,0,1190,0,37,16,0,53,1019,172,52,0,1243,2,0,2,1245
10/01/2010,PHX,AZ,AWP,WE,Towers with Radar,1010,148,27,4,1189,0,27,15,0,42,1010,175,42,4,1231,1,0,1,1232
10/02/2010,PHX,AZ,AWP,WE,Towers with Radar,865,98,18,5,986,0,22,14,1,37,865,120,32,6,1023,0,0,0,1023
10/03/2010,PHX,AZ,AWP,WE,Towers with Radar,979,112,20,3,1114,0,20,12,2,34,979,132,32,5,1148,0,0,0,1148
10/04/2010,PHX,AZ,AWP,WE,Towers with Radar,1011,130,26,3,1170,0,25,15,2,42,1011,155,41,5,1212,6,0,6,1218
10/05/2010,PHX,AZ,AWP,WE,Towers with Radar,974,149,41,0,1164,0,21,11,0,32,974,170,52,0,1196,2,0,2,1198
10/06/2010,PHX,AZ,AWP,WE,Towers with Radar,1013,158,40,3,1214,0,32,18,0,50,1013,190,58,3,1264,0,0,0,1264
10/07/2010,PHX,AZ,AWP,WE,Towers with Radar,1033,152,39,4,1228,0,35,25,0,60,1033,187,64,4,1288,2,0,2,1290
10/08/2010,PHX,AZ,AWP,WE,Towers with Radar,1025,143,18,10,1196,0,32,13,0,45,1025,175,31,10,1241,0,0,0,1241
10/09/2010,PHX,AZ,AWP,WE,Towers with Radar,876,97,15,1,989,0,20,9,0,29,876,117,24,1,1018,0,0,0,1018
10/10/2010,PHX,AZ,AWP,WE,Towers with Radar,983,107,19,1,1110,0,16,6,0,22,983,123,25,1,1132,2,0,2,1134
10/11/2010,PHX,AZ,AWP,WE,Towers with Radar,1004,139,43,2,1188,0,32,25,0,57,1004,171,68,2,1245,6,0,6,1251
10/12/2010,PHX,AZ,AWP,WE,Towers with Radar,999,142,38,4,1183,0,30,15,0,45,999,172,53,4,1228,5,0,5,1233
10/13/2010,PHX,AZ,AWP,WE,Towers with Radar,1019,148,45,5,1217,0,41,18,0,59,1019,189,63,5,1276,0,0,0,1276
10/14/2010,PHX,AZ,AWP,WE,Towers with Radar,1032,142,48,7,1229,0,45,24,0,69,1032,187,72,7,1298,0,0,0,1298
10/15/2010,PHX,AZ,AWP,WE,Towers with Radar,1040,151,42,8,1241,0,32,17,0,49,1040,183,59,8,1290,0,0,0,1290
10/16/2010,PHX,AZ,AWP,WE,Towers with Radar,876,104,34,6,1020,0,25,16,0,41,876,129,50,6,1061,0,0,0,1061
10/17/2010,PHX,AZ,AWP,WE,Towers with Radar,976,109,46,0,1131,0,20,13,1,34,976,129,59,1,1165,0,0,0,1165
10/18/2010,PHX,AZ,AWP,WE,Towers with Radar,1027,145,47,4,1223,0,33,11,1,45,1027,178,58,5,1268,0,0,0,1268
10/19/2010,PHX,AZ,AWP,WE,Towers with Radar,995,150,61,4,1210,0,35,11,0,46,995,185,72,4,1256,6,0,6,1262
10/20/2010,PHX,AZ,AWP,WE,Towers with Radar,1017,188,91,8,1304,0,14,5,0,19,1017,202,96,8,1323,3,0,3,1326
10/21/2010,PHX,AZ,AWP,WE,Towers with Radar,1021,168,69,6,1264,0,15,5,1,21,1021,183,74,7,1285,4,0,4,1289
10/22/2010,PHX,AZ,AWP,WE,Towers with Radar,1036,178,49,12,1275,0,24,16,1,41,1036,202,65,13,1316,0,0,0,1316
10/23/2010,PHX,AZ,AWP,WE,Towers with Radar,867,103,16,9,995,0,14,12,0,26,867,117,28,9,1021,0,0,0,1021
10/24/2010,PHX,AZ,AWP,WE,Towers with Radar,975,111,30,3,1119,0,17,12,1,30,975,128,42,4,1149,0,0,0,1149
10/25/2010,PHX,AZ,AWP,WE,Towers with Radar,1017,145,39,4,1205,0,27,18,0,45,1017,172,57,4,1250,11,0,11,1261
10/26/2010,PHX,AZ,AWP,WE,Towers with Radar,992,168,36,5,1201,0,23,14,2,39,992,191,50,7,1240,5,0,5,1245
10/27/2010,PHX,AZ,AWP,WE,Towers with Radar,1007,164,40,5,1216,0,27,21,2,50,1007,191,61,7,1266,7,0,7,1273
10/28/2010,PHX,AZ,AWP,WE,Towers with Radar,1027,165,57,4,1253,0,41,20,0,61,1027,206,77,4,1314,5,0,5,1319
10/29/2010,PHX,AZ,AWP,WE,Towers with Radar,1040,151,45,8,1244,0,36,36,1,73,1040,187,81,9,1317,0,0,0,1317
10/30/2010,PHX,AZ,AWP,WE,Towers with Radar,875,98,33,2,1008,0,17,14,0,31,875,115,47,2,1039,0,0,0,1039
10/31/2010,PHX,AZ,AWP,WE,Towers with Radar,936,112,21,4,1073,0,17,12,0,29,936,129,33,4,1102,0,0,0,1102
11/01/2010,PHX,AZ,AWP,WE,Towers with Radar,1021,151,34,5,1211,0,27,27,0,54,1021,178,61,5,1265,7,1,8,1273
11/02/2010,PHX,AZ,AWP,WE,Towers with Radar,1000,151,41,6,1198,0,36,4,0,40,1000,187,45,6,1238,3,0,3,1241
11/03/2010,PHX,AZ,AWP,WE,Towers with Radar,1014,166,52,7,1239,0,34,17,0,51,1014,200,69,7,1290,6,0,6,1296
11/04/2010,PHX,AZ,AWP,WE,Towers with Radar,1023,151,40,14,1228,0,40,23,0,63,1023,191,63,14,1291,2,0,2,1293
11/05/2010,PHX,AZ,AWP,WE,Towers with Radar,1022,163,39,4,1228,0,42,21,0,63,1022,205,60,4,1291,4,0,4,1295
11/06/2010,PHX,AZ,AWP,WE,Towers with Radar,877,83,40,6,1006,0,26,21,0,47,877,109,61,6,1053,8,2,10,1063
11/07/2010,PHX,AZ,AWP,WE,Towers with Radar,979,124,23,4,1130,0,14,13,0,27,979,138,36,4,1157,0,0,0,1157
11/08/2010,PHX,AZ,AWP,WE,Towers with Radar,1009,145,37,5,1196,0,29,15,1,45,1009,174,52,6,1241,3,0,3,1244
11/09/2010,PHX,AZ,AWP,WE,Towers with Radar,1006,153,65,3,1227,0,37,20,3,60,1006,190,85,6,1287,2,0,2,1289
11/10/2010,PHX,AZ,AWP,WE,Towers with Radar,1014,169,74,8,1265,0,25,13,0,38,1014,194,87,8,1303,1,0,1,1304
11/11/2010,PHX,AZ,AWP,WE,Towers with Radar,1044,162,65,0,1271,0,31,20,1,52,1044,193,85,1,1323,5,0,5,1328
11/12/2010,PHX,AZ,AWP,WE,Towers with Radar,1033,165,61,9,1268,0,31,16,1,48,1033,196,77,10,1316,0,0,0,1316
11/13/2010,PHX,AZ,AWP,WE,Towers with Radar,903,106,42,6,1057,0,24,15,1,40,903,130,57,7,1097,1,0,1,1098
11/14/2010,PHX,AZ,AWP,WE,Towers with Radar,990,118,44,9,1161,0,24,24,3,51,990,142,68,12,1212,0,0,0,1212
11/15/2010,PHX,AZ,AWP,WE,Towers with Radar,1020,140,37,10,1207,1,28,37,2,68,1021,168,74,12,1275,0,0,0,1275
11/16/2010,PHX,AZ,AWP,WE,Towers with Radar,1015,161,64,8,1248,0,24,20,0,44,1015,185,84,8,1292,0,0,0,1292
11/17/2010,PHX,AZ,AWP,WE,Towers with Radar,1018,156,69,11,1254,0,33,21,1,55,1018,189,90,12,1309,0,0,0,1309
11/18/2010,PHX,AZ,AWP,WE,Towers with Radar,1050,147,75,11,1283,0,43,25,3,71,1050,190,100,14,1354,0,0,0,1354
11/19/2010,PHX,AZ,AWP,WE,Towers with Radar,1057,145,56,13,1271,0,47,27,4,78,1057,192,83,17,1349,0,0,0,1349
11/20/2010,PHX,AZ,AWP,WE,Towers with Radar,908,102,35,4,1049,0,31,10,5,46,908,133,45,9,1095,5,2,7,1102
11/21/2010,PHX,AZ,AWP,WE,Towers with Radar,989,112,23,6,1130,0,10,6,0,16,989,122,29,6,1146,4,0,4,1150
11/22/2010,PHX,AZ,AWP,WE,Towers with Radar,1000,146,35,5,1186,0,23,12,1,36,1000,169,47,6,1222,2,0,2,1224
11/23/2010,PHX,AZ,AWP,WE,Towers with Radar,1058,146,24,8,1236,0,32,15,0,47,1058,178,39,8,1283,4,0,4,1287
11/24/2010,PHX,AZ,AWP,WE,Towers with Radar,1102,164,45,2,1313,0,26,14,0,40,1102,190,59,2,1353,5,0,5,1358
11/25/2010,PHX,AZ,AWP,WE,Towers with Radar,671,78,8,2,759,0,20,10,0,30,671,98,18,2,789,0,0,0,789
11/26/2010,PHX,AZ,AWP,WE,Towers with Radar,928,137,16,1,1082,0,33,15,2,50,928,170,31,3,1132,0,0,0,1132
11/27/2010,PHX,AZ,AWP,WE,Towers with Radar,1020,114,23,2,1159,1,19,10,0,30,1021,133,33,2,1189,0,0,0,1189
11/28/2010,PHX,AZ,AWP,WE,Towers with Radar,1123,115,36,1,1275,0,14,11,2,27,1123,129,47,3,1302,0,0,0,1302
11/29/2010,PHX,AZ,AWP,WE,Towers with Radar,1082,155,41,4,1282,0,28,19,0,47,1082,183,60,4,1329,0,0,0,1329
11/30/2010,PHX,AZ,AWP,WE,Towers with Radar,1034,160,37,12,1243,0,39,17,0,56,1034,199,54,12,1299,0,0,0,1299
12/01/2010,PHX,AZ,AWP,WE,Towers with Radar,1000,160,39,13,1212,0,38,28,0,66,1000,198,67,13,1278,0,0,0,1278
12/02/2010,PHX,AZ,AWP,WE,Towers with Radar,1027,147,31,10,1215,0,43,24,1,68,1027,190,55,11,1283,0,0,0,1283
12/03/2010,PHX,AZ,AWP,WE,Towers with Radar,1035,145,23,12,1215,0,34,26,0,60,1035,179,49,12,1275,10,0,10,1285
12/04/2010,PHX,AZ,AWP,WE,Towers with Radar,791,89,27,8,915,0,22,16,4,42,791,111,43,12,957,7,0,7,964
12/05/2010,PHX,AZ,AWP,WE,Towers with Radar,969,109,36,4,1118,0,15,13,1,29,969,124,49,5,1147,2,0,2,1149
12/06/2010,PHX,AZ,AWP,WE,Towers with Radar,1003,140,35,4,1182,0,23,11,0,34,1003,163,46,4,1216,2,0,2,1218
12/07/2010,PHX,AZ,AWP,WE,Towers with Radar,975,169,50,8,1202,0,34,19,0,53,975,203,69,8,1255,0,0,0,1255
12/08/2010,PHX,AZ,AWP,WE,Towers with Radar,999,146,48,9,1202,0,39,27,0,66,999,185,75,9,1268,3,0,3,1271
12/09/2010,PHX,AZ,AWP,WE,Towers with Radar,1033,152,46,9,1240,0,36,18,3,57,1033,188,64,12,1297,5,0,5,1302
12/10/2010,PHX,AZ,AWP,WE,Towers with Radar,1031,150,49,14,1244,0,34,14,2,50,1031,184,63,16,1294,8,0,8,1302
12/11/2010,PHX,AZ,AWP,WE,Towers with Radar,780,89,22,5,896,0,15,14,2,31,780,104,36,7,927,2,0,2,929
12/12/2010,PHX,AZ,AWP,WE,Towers with Radar,946,100,19,4,1069,0,12,15,0,27,946,112,34,4,1096,0,0,0,1096
12/13/2010,PHX,AZ,AWP,WE,Towers with Radar,989,137,29,5,1160,0,20,20,1,41,989,157,49,6,1201,7,0,7,1208
12/14/2010,PHX,AZ,AWP,WE,Towers with Radar,981,153,31,9,1174,0,31,14,2,47,981,184,45,11,1221,3,0,3,1224
12/15/2010,PHX,AZ,AWP,WE,Towers with Radar,1003,163,48,10,1224,0,32,18,1,51,1003,195,66,11,1275,4,0,4,1279
12/16/2010,PHX,AZ,AWP,WE,Towers with Radar,1045,170,41,7,1263,1,11,13,0,25,1046,181,54,7,1288,3,0,3,1291
12/17/2010,PHX,AZ,AWP,WE,Towers with Radar,1108,189,46,14,1357,0,14,16,1,31,1108,203,62,15,1388,6,0,6,1394
12/18/2010,PHX,AZ,AWP,WE,Towers with Radar,1028,114,29,5,1176,0,18,5,2,25,1028,132,34,7,1201,13,0,13,1214
12/19/2010,PHX,AZ,AWP,WE,Towers with Radar,1064,109,23,2,1198,0,10,27,0,37,1064,119,50,2,1235,0,0,0,1235
12/20/2010,PHX,AZ,AWP,WE,Towers with Radar,1067,155,26,3,1251,0,15,6,0,21,1067,170,32,3,1272,2,0,2,1274
12/21/2010,PHX,AZ,AWP,WE,Towers with Radar,1090,177,40,7,1314,0,11,14,1,26,1090,188,54,8,1340,2,0,2,1342
12/22/2010,PHX,AZ,AWP,WE,Towers with Radar,1136,178,29,2,1345,0,17,12,0,29,1136,195,41,2,1374,8,0,8,1382
12/23/2010,PHX,AZ,AWP,WE,Towers with Radar,1201,183,51,5,1440,0,15,8,0,23,1201,198,59,5,1463,7,0,7,1470
12/24/2010,PHX,AZ,AWP,WE,Towers with Radar,974,141,13,0,1128,0,23,7,0,30,974,164,20,0,1158,3,0,3,1161
12/25/2010,PHX,AZ,AWP,WE,Towers with Radar,865,91,11,2,969,0,18,4,0,22,865,109,15,2,991,6,0,6,997
12/26/2010,PHX,AZ,AWP,WE,Towers with Radar,1068,130,40,0,1238,0,19,9,0,28,1068,149,49,0,1266,0,0,0,1266
12/27/2010,PHX,AZ,AWP,WE,Towers with Radar,1097,146,24,0,1267,0,20,16,0,36,1097,166,40,0,1303,3,0,3,1306
12/28/2010,PHX,AZ,AWP,WE,Towers with Radar,1145,163,37,3,1348,0,35,32,0,67,1145,198,69,3,1415,10,0,10,1425
12/29/2010,PHX,AZ,AWP,WE,Towers with Radar,1146,168,49,4,1367,0,15,2,0,17,1146,183,51,4,1384,5,0,5,1389
12/30/2010,PHX,AZ,AWP,WE,Towers with Radar,1158,156,26,3,1343,0,9,7,0,16,1158,165,33,3,1359,3,0,3,1362
12/31/2010,PHX,AZ,AWP,WE,Towers with Radar,968,142,18,0,1128,0,26,8,3,37,968,168,26,3,1165,4,0,4,1169
01/01/2011,PHX,AZ,AWP,WE,Towers with Radar,938,99,21,0,1058,0,30,12,0,42,938,129,33,0,1100,0,0,0,1100
01/02/2011,PHX,AZ,AWP,WE,Towers with Radar,1135,123,40,1,1299,0,15,16,0,31,1135,138,56,1,1330,0,0,0,1330
01/03/2011,PHX,AZ,AWP,WE,Towers with Radar,1139,151,32,4,1326,0,42,23,1,66,1139,193,55,5,1392,18,0,18,1410
01/04/2011,PHX,AZ,AWP,WE,Towers with Radar,1072,153,54,7,1286,0,28,17,3,48,1072,181,71,10,1334,20,0,20,1354
01/05/2011,PHX,AZ,AWP,WE,Towers with Radar,1023,145,47,10,1225,0,29,17,2,48,1023,174,64,12,1273,13,0,13,1286
01/06/2011,PHX,AZ,AWP,WE,Towers with Radar,1049,152,45,6,1252,0,28,9,1,38,1049,180,54,7,1290,9,0,9,1299
01/07/2011,PHX,AZ,AWP,WE,Towers with Radar,1049,160,42,7,1258,0,26,29,1,56,1049,186,71,8,1314,11,0,11,1325
01/08/2011,PHX,AZ,AWP,WE,Towers with Radar,944,112,40,8,1104,0,19,11,1,31,944,131,51,9,1135,13,0,13,1148
01/09/2011,PHX,AZ,AWP,WE,Towers with Radar,976,109,44,3,1132,0,16,12,1,29,976,125,56,4,1161,0,0,0,1161
01/10/2011,PHX,AZ,AWP,WE,Towers with Radar,1051,161,41,2,1255,0,19,14,8,41,1051,180,55,10,1296,3,0,3,1299
01/11/2011,PHX,AZ,AWP,WE,Towers with Radar,1081,176,98,8,1363,0,27,19,0,46,1081,203,117,8,1409,7,0,7,1416
01/12/2011,PHX,AZ,AWP,WE,Towers with Radar,1026,152,73,10,1261,0,19,21,1,41,1026,171,94,11,1302,9,0,9,1311
01/13/2011,PHX,AZ,AWP,WE,Towers with Radar,1051,155,61,10,1277,0,31,17,0,48,1051,186,78,10,1325,6,0,6,1331
01/14/2011,PHX,AZ,AWP,WE,Towers with Radar,1055,169,47,8,1279,0,24,31,0,55,1055,193,78,8,1334,1,0,1,1335
01/15/2011,PHX,AZ,AWP,WE,Towers with Radar,870,106,34,8,1018,0,26,18,0,44,870,132,52,8,1062,3,0,3,1065
01/16/2011,PHX,AZ,AWP,WE,Towers with Radar,982,127,23,5,1137,0,15,19,2,36,982,142,42,7,1173,0,0,0,1173
01/17/2011,PHX,AZ,AWP,WE,Towers with Radar,1030,127,30,5,1192,0,27,13,2,42,1030,154,43,7,1234,4,0,4,1238
01/18/2011,PHX,AZ,AWP,WE,Towers with Radar,1025,146,50,7,1228,0,34,17,0,51,1025,180,67,7,1279,9,1,10,1289
01/19/2011,PHX,AZ,AWP,WE,Towers with Radar,1030,155,51,10,1246,0,34,11,3,48,1030,189,62,13,1294,15,0,15,1309
01/20/2011,PHX,AZ,AWP,WE,Towers with Radar,1050,151,53,12,1266,0,34,27,0,61,1050,185,80,12,1327,9,0,9,1336
01/21/2011,PHX,AZ,AWP,WE,Towers with Radar,1056,171,56,20,1303,0,36,42,1,79,1056,207,98,21,1382,0,0,0,1382
01/22/2011,PHX,AZ,AWP,WE,Towers with Radar,874,113,26,7,1020,0,18,37,2,57,874,131,63,9,1077,0,0,0,1077
01/23/2011,PHX,AZ,AWP,WE,Towers with Radar,991,113,33,6,1143,0,14,9,0,23,991,127,42,6,1166,0,0,0,1166
01/24/2011,PHX,AZ,AWP,WE,Towers with Radar,1030,136,49,2,1217,0,28,18,2,48,1030,164,67,4,1265,0,0,0,1265
01/25/2011,PHX,AZ,AWP,WE,Towers with Radar,1009,171,45,8,1233,1,31,15,1,48,1010,202,60,9,1281,4,0,4,1285
01/26/2011,PHX,AZ,AWP,WE,Towers with Radar,1003,152,46,11,1212,0,23,11,1,35,1003,175,57,12,1247,10,0,10,1257
01/27/2011,PHX,AZ,AWP,WE,Towers with Radar,1025,150,48,12,1235,0,16,27,2,45,1025,166,75,14,1280,9,0,9,1289
01/28/2011,PHX,AZ,AWP,WE,Towers with Radar,1047,145,43,14,1249,0,28,19,3,50,1047,173,62,17,1299,23,0,23,1322
01/29/2011,PHX,AZ,AWP,WE,Towers with Radar,877,98,24,3,1002,0,19,15,1,35,877,117,39,4,1037,5,0,5,1042
01/30/2011,PHX,AZ,AWP,WE,Towers with Radar,988,113,41,7,1149,0,11,6,3,20,988,124,47,10,1169,0,0,0,1169
01/31/2011,PHX,AZ,AWP,WE,Towers with Radar,1028,141,41,7,1217,0,16,11,0,27,1028,157,52,7,1244,2,0,2,1246
02/01/2011,PHX,AZ,AWP,WE,Towers with Radar,903,148,33,7,1091,0,21,13,2,36,903,169,46,9,1127,5,0,5,1132
02/02/2011,PHX,AZ,AWP,WE,Towers with Radar,961,134,39,5,1139,0,29,14,0,43,961,163,53,5,1182,5,0,5,1187
02/03/2011,PHX,AZ,AWP,WE,Towers with Radar,1032,147,49,4,1232,0,24,24,2,50,1032,171,73,6,1282,1,0,1,1283
02/04/2011,PHX,AZ,AWP,WE,Towers with Radar,1026,143,35,9,1213,0,29,21,0,50,1026,172,56,9,1263,6,0,6,1269
02/05/2011,PHX,AZ,AWP,WE,Towers with Radar,880,87,17,9,993,0,32,26,1,59,880,119,43,10,1052,0,0,0,1052
02/06/2011,PHX,AZ,AWP,WE,Towers with Radar,993,105,30,6,1134,0,12,8,0,20,993,117,38,6,1154,3,0,3,1157
02/07/2011,PHX,AZ,AWP,WE,Towers with Radar,1025,166,47,6,1244,0,42,18,0,60,1025,208,65,6,1304,0,0,0,1304
02/08/2011,PHX,AZ,AWP,WE,Towers with Radar,1019,172,53,14,1258,0,36,20,2,58,1019,208,73,16,1316,10,0,10,1326
02/09/2011,PHX,AZ,AWP,WE,Towers with Radar,1028,140,43,11,1222,0,37,25,1,63,1028,177,68,12,1285,0,0,0,1285
02/10/2011,PHX,AZ,AWP,WE,Towers with Radar,1062,149,56,11,1278,1,42,22,1,66,1063,191,78,12,1344,0,0,0,1344
02/11/2011,PHX,AZ,AWP,WE,Towers with Radar,1051,152,46,7,1256,0,40,16,0,56,1051,192,62,7,1312,0,0,0,1312
02/12/2011,PHX,AZ,AWP,WE,Towers with Radar,882,104,31,6,1023,0,23,21,2,46,882,127,52,8,1069,2,0,2,1071
02/13/2011,PHX,AZ,AWP,WE,Towers with Radar,1001,123,34,4,1162,0,12,12,0,24,1001,135,46,4,1186,0,0,0,1186
02/14/2011,PHX,AZ,AWP,WE,Towers with Radar,1033,139,26,6,1204,1,34,24,1,60,1034,173,50,7,1264,0,0,0,1264
02/15/2011,PHX,AZ,AWP,WE,Towers with Radar,1015,153,62,4,1234,0,45,18,1,64,1015,198,80,5,1298,3,0,3,1301
02/16/2011,PHX,AZ,AWP,WE,Towers with Radar,1033,151,50,6,1240,0,42,12,1,55,1033,193,62,7,1295,0,0,0,1295
02/17/2011,PHX,AZ,AWP,WE,Towers with Radar,1103,165,78,12,1358,0,27,32,2,61,1103,192,110,14,1419,0,0,0,1419
02/18/2011,PHX,AZ,AWP,WE,Towers with Radar,1124,164,65,10,1363,0,52,18,1,71,1124,216,83,11,1434,0,0,0,1434
02/19/2011,PHX,AZ,AWP,WE,Towers with Radar,953,108,33,5,1099,0,19,4,2,25,953,127,37,7,1124,0,0,0,1124
02/20/2011,PHX,AZ,AWP,WE,Towers with Radar,1004,113,25,3,1145,0,14,9,0,23,1004,127,34,3,1168,0,0,0,1168
02/21/2011,PHX,AZ,AWP,WE,Towers with Radar,1080,149,48,3,1280,1,26,27,0,54,1081,175,75,3,1334,0,0,0,1334
02/22/2011,PHX,AZ,AWP,WE,Towers with Radar,1087,153,45,4,1289,0,42,16,0,58,1087,195,61,4,1347,0,0,0,1347
02/23/2011,PHX,AZ,AWP,WE,Towers with Radar,1058,162,63,4,1287,0,32,33,1,66,1058,194,96,5,1353,0,0,0,1353
02/24/2011,PHX,AZ,AWP,WE,Towers with Radar,1065,168,57,4,1294,0,40,22,1,63,1065,208,79,5,1357,0,0,0,1357
02/25/2011,PHX,AZ,AWP,WE,Towers with Radar,1061,159,42,4,1266,0,37,19,0,56,1061,196,61,4,1322,0,0,0,1322
02/26/2011,PHX,AZ,AWP,WE,Towers with Radar,919,109,33,3,1064,0,20,24,2,46,919,129,57,5,1110,0,0,0,1110
02/27/2011,PHX,AZ,AWP,WE,Towers with Radar,1057,126,39,6,1228,0,11,9,0,20,1057,137,48,6,1248,0,0,0,1248
02/28/2011,PHX,AZ,AWP,WE,Towers with Radar,1073,148,43,2,1266,0,36,22,0,58,1073,184,65,2,1324,0,0,0,1324
03/01/2011,PHX,AZ,AWP,WE,Towers with Radar,1040,154,57,2,1253,0,34,19,0,53,1040,188,76,2,1306,2,0,2,1308
03/02/2011,PHX,AZ,AWP,WE,Towers with Radar,1069,164,52,7,1292,0,42,15,0,57,1069,206,67,7,1349,7,0,7,1356
03/03/2011,PHX,AZ,AWP,WE,Towers with Radar,1087,166,38,9,1300,0,53,24,0,77,1087,219,62,9,1377,6,0,6,1383
03/04/2011,PHX,AZ,AWP,WE,Towers with Radar,1085,145,42,26,1298,0,35,27,2,64,1085,180,69,28,1362,10,1,11,1373
03/05/2011,PHX,AZ,AWP,WE,Towers with Radar,936,105,31,12,1084,0,18,25,11,54,936,123,56,23,1138,2,0,2,1140
03/06/2011,PHX,AZ,AWP,WE,Towers with Radar,1062,127,14,5,1208,0,8,14,1,23,1062,135,28,6,1231,0,0,0,1231
03/07/2011,PHX,AZ,AWP,WE,Towers with Radar,1079,147,33,2,1261,0,22,17,0,39,1079,169,50,2,1300,0,0,0,1300
03/08/2011,PHX,AZ,AWP,WE,Towers with Radar,1066,158,57,5,1286,0,33,23,1,57,1066,191,80,6,1343,6,2,8,1351
03/09/2011,PHX,AZ,AWP,WE,Towers with Radar,1050,146,46,5,1247,0,39,21,0,60,1050,185,67,5,1307,2,0,2,1309
03/10/2011,PHX,AZ,AWP,WE,Towers with Radar,1130,179,64,3,1376,0,46,37,0,83,1130,225,101,3,1459,0,0,0,1459
03/11/2011,PHX,AZ,AWP,WE,Towers with Radar,1141,170,40,3,1354,0,41,24,1,66,1141,211,64,4,1420,2,0,2,1422
03/12/2011,PHX,AZ,AWP,WE,Towers with Radar,1008,128,25,7,1168,0,16,15,0,31,1008,144,40,7,1199,2,0,2,1201
03/13/2011,PHX,AZ,AWP,WE,Towers with Radar,1104,134,51,3,1292,0,22,23,1,46,1104,156,74,4,1338,0,0,0,1338
03/14/2011,PHX,AZ,AWP,WE,Towers with Radar,1108,146,49,3,1306,0,31,14,0,45,1108,177,63,3,1351,3,0,3,1354
03/15/2011,PHX,AZ,AWP,WE,Towers with Radar,1089,149,48,6,1292,0,26,10,0,36,1089,175,58,6,1328,12,0,12,1340
03/16/2011,PHX,AZ,AWP,WE,Towers with Radar,1106,158,52,6,1322,0,34,20,1,55,1106,192,72,7,1377,2,0,2,1379
03/17/2011,PHX,AZ,AWP,WE,Towers with Radar,1156,191,48,8,1403,0,41,39,2,82,1156,232,87,10,1485,1,0,1,1486
03/18/2011,PHX,AZ,AWP,WE,Towers with Radar,1155,165,42,11,1373,0,34,21,2,57,1155,199,63,13,1430,0,0,0,1430
03/19/2011,PHX,AZ,AWP,WE,Towers with Radar,1049,116,30,17,1212,0,26,20,3,49,1049,142,50,20,1261,0,0,0,1261
03/20/2011,PHX,AZ,AWP,WE,Towers with Radar,1014,129,41,8,1192,0,7,30,0,37,1014,136,71,8,1229,0,0,0,1229
03/21/2011,PHX,AZ,AWP,WE,Towers with Radar,1100,170,48,12,1330,1,25,8,0,34,1101,195,56,12,1364,5,0,5,1369
03/22/2011,PHX,AZ,AWP,WE,Towers with Radar,1095,162,58,15,1330,0,30,21,2,53,1095,192,79,17,1383,0,0,0,1383
03/23/2011,PHX,AZ,AWP,WE,Towers with Radar,1096,148,67,14,1325,0,45,20,0,65,1096,193,87,14,1390,0,0,0,1390
03/24/2011,PHX,AZ,AWP,WE,Towers with Radar,1166,157,82,16,1421,0,39,23,0,62,1166,196,105,16,1483,0,0,0,1483
03/25/2011,PHX,AZ,AWP,WE,Towers with Radar,1153,163,42,20,1378,0,32,16,0,48,1153,195,58,20,1426,3,0,3,1429
03/26/2011,PHX,AZ,AWP,WE,Towers with Radar,1024,129,29,10,1192,0,30,16,7,53,1024,159,45,17,1245,0,0,0,1245
03/27/2011,PHX,AZ,AWP,WE,Towers with Radar,1108,130,29,9,1276,0,9,20,0,29,1108,139,49,9,1305,0,0,0,1305
03/28/2011,PHX,AZ,AWP,WE,Towers with Radar,1099,134,34,16,1283,0,30,23,0,53,1099,164,57,16,1336,7,0,7,1343
03/29/2011,PHX,AZ,AWP,WE,Towers with Radar,1100,138,30,14,1282,1,35,23,0,59,1101,173,53,14,1341,0,0,0,1341
03/30/2011,PHX,AZ,AWP,WE,Towers with Radar,1114,138,44,21,1317,0,27,26,0,53,1114,165,70,21,1370,1,0,1,1371
03/31/2011,PHX,AZ,AWP,WE,Towers with Radar,1160,142,24,7,1333,0,39,42,3,84,1160,181,66,10,1417,0,0,0,1417
04/01/2011,PHX,AZ,AWP,WE,Towers with Radar,1159,154,35,3,1351,0,49,40,0,89,1159,203,75,3,1440,4,0,4,1444
04/02/2011,PHX,AZ,AWP,WE,Towers with Radar,1014,119,16,4,1153,0,11,21,0,32,1014,130,37,4,1185,0,0,0,1185
04/03/2011,PHX,AZ,AWP,WE,Towers with Radar,1049,99,36,3,1187,0,12,11,0,23,1049,111,47,3,1210,0,0,0,1210
04/04/2011,PHX,AZ,AWP,WE,Towers with Radar,1098,133,31,5,1267,0,23,22,0,45,1098,156,53,5,1312,0,0,0,1312
04/05/2011,PHX,AZ,AWP,WE,Towers with Radar,1073,155,54,6,1288,0,39,25,0,64,1073,194,79,6,1352,6,0,6,1358
04/06/2011,PHX,AZ,AWP,WE,Towers with Radar,1094,154,35,4,1287,0,21,13,0,34,1094,175,48,4,1321,0,0,0,1321
04/07/2011,PHX,AZ,AWP,WE,Towers with Radar,1162,169,56,7,1394,0,28,22,2,52,1162,197,78,9,1446,3,0,3,1449
04/08/2011,PHX,AZ,AWP,WE,Towers with Radar,1159,167,40,14,1380,0,30,9,0,39,1159,197,49,14,1419,0,0,0,1419
04/09/2011,PHX,AZ,AWP,WE,Towers with Radar,963,114,23,3,1103,0,10,9,0,19,963,124,32,3,1122,0,0,0,1122
04/10/2011,PHX,AZ,AWP,WE,Towers with Radar,1095,117,34,3,1249,0,19,18,1,38,1095,136,52,4,1287,0,0,0,1287
04/11/2011,PHX,AZ,AWP,WE,Towers with Radar,1087,138,43,5,1273,0,35,21,1,57,1087,173,64,6,1330,2,0,2,1332
04/12/2011,PHX,AZ,AWP,WE,Towers with Radar,1059,150,43,4,1256,0,34,15,0,49,1059,184,58,4,1305,0,0,0,1305
04/13/2011,PHX,AZ,AWP,WE,Towers with Radar,1095,152,66,4,1317,0,43,28,1,72,1095,195,94,5,1389,1,0,1,1390
04/14/2011,PHX,AZ,AWP,WE,Towers with Radar,1159,163,55,4,1381,0,44,26,0,70,1159,207,81,4,1451,2,0,2,1453
04/15/2011,PHX,AZ,AWP,WE,Towers with Radar,1154,164,61,4,1383,0,34,23,0,57,1154,198,84,4,1440,0,0,0,1440
04/16/2011,PHX,AZ,AWP,WE,Towers with Radar,967,115,33,3,1118,0,17,8,0,25,967,132,41,3,1143,2,0,2,1145
04/17/2011,PHX,AZ,AWP,WE,Towers with Radar,1092,114,37,3,1246,0,13,20,0,33,1092,127,57,3,1279,0,0,0,1279
04/18/2011,PHX,AZ,AWP,WE,Towers with Radar,1104,139,47,4,1294,0,30,16,0,46,1104,169,63,4,1340,2,0,2,1342
04/19/2011,PHX,AZ,AWP,WE,Towers with Radar,1061,148,42,7,1258,0,34,14,0,48,1061,182,56,7,1306,0,0,0,1306
04/20/2011,PHX,AZ,AWP,WE,Towers with Radar,1078,147,47,6,1278,0,29,21,0,50,1078,176,68,6,1328,0,0,0,1328
04/21/2011,PHX,AZ,AWP,WE,Towers with Radar,1156,161,48,9,1374,0,35,27,0,62,1156,196,75,9,1436,0,0,0,1436
04/22/2011,PHX,AZ,AWP,WE,Towers with Radar,1144,161,42,9,1356,1,30,26,2,59,1145,191,68,11,1415,0,0,0,1415
04/23/2011,PHX,AZ,AWP,WE,Towers with Radar,946,114,16,1,1077,0,18,17,0,35,946,132,33,1,1112,0,0,0,1112
04/24/2011,PHX,AZ,AWP,WE,Towers with Radar,1073,127,20,1,1221,0,11,14,0,25,1073,138,34,1,1246,0,0,0,1246
04/25/2011,PHX,AZ,AWP,WE,Towers with Radar,1077,145,29,9,1260,0,26,35,0,61,1077,171,64,9,1321,1,0,1,1322
04/26/2011,PHX,AZ,AWP,WE,Towers with Radar,1048,146,36,4,1234,0,52,26,0,78,1048,198,62,4,1312,5,0,5,1317
04/27/2011,PHX,AZ,AWP,WE,Towers with Radar,1029,140,48,6,1223,0,46,24,1,71,1029,186,72,7,1294,2,0,2,1296
04/28/2011,PHX,AZ,AWP,WE,Towers with Radar,1125,157,53,2,1337,0,33,23,0,56,1125,190,76,2,1393,0,0,0,1393
04/29/2011,PHX,AZ,AWP,WE,Towers with Radar,1125,168,48,11,1352,0,40,20,0,60,1125,208,68,11,1412,3,0,3,1415
04/30/2011,PHX,AZ,AWP,WE,Towers with Radar,945,114,14,14,1087,0,19,11,5,35,945,133,25,19,1122,0,0,0,1122
05/01/2011,PHX,AZ,AWP,WE,Towers with Radar,1064,124,34,11,1233,0,23,19,2,44,1064,147,53,13,1277,0,0,0,1277
05/02/2011,PHX,AZ,AWP,WE,Towers with Radar,1059,134,29,6,1228,0,24,22,0,46,1059,158,51,6,1274,3,1,4,1278
05/03/2011,PHX,AZ,AWP,WE,Towers with Radar,1048,146,44,10,1248,0,32,25,0,57,1048,178,69,10,1305,8,0,8,1313
05/04/2011,PHX,AZ,AWP,WE,Towers with Radar,1053,142,46,8,1249,1,36,34,5,76,1054,178,80,13,1325,0,0,0,1325
05/05/2011,PHX,AZ,AWP,WE,Towers with Radar,1096,171,55,9,1331,0,38,24,2,64,1096,209,79,11,1395,2,0,2,1397
05/06/2011,PHX,AZ,AWP,WE,Towers with Radar,1120,167,31,9,1327,0,39,24,0,63,1120,206,55,9,1390,7,0,7,1397
05/07/2011,PHX,AZ,AWP,WE,Towers with Radar,935,122,18,6,1081,0,11,13,0,24,935,133,31,6,1105,0,0,0,1105
05/08/2011,PHX,AZ,AWP,WE,Towers with Radar,1058,118,21,2,1199,0,20,11,0,31,1058,138,32,2,1230,0,0,0,1230
05/09/2011,PHX,AZ,AWP,WE,Towers with Radar,1058,146,44,6,1254,1,30,16,1,48,1059,176,60,7,1302,0,0,0,1302
05/10/2011,PHX,AZ,AWP,WE,Towers with Radar,1033,146,37,8,1224,0,32,18,0,50,1033,178,55,8,1274,6,0,6,1280
05/11/2011,PHX,AZ,AWP,WE,Towers with Radar,1023,160,66,4,1253,0,38,18,1,57,1023,198,84,5,1310,2,0,2,1312
05/12/2011,PHX,AZ,AWP,WE,Towers with Radar,1100,166,52,4,1322,0,33,29,2,64,1100,199,81,6,1386,2,0,2,1388
05/13/2011,PHX,AZ,AWP,WE,Towers with Radar,1113,154,42,10,1319,0,36,16,1,53,1113,190,58,11,1372,2,0,2,1374
05/14/2011,PHX,AZ,AWP,WE,Towers with Radar,923,107,17,3,1050,0,17,9,0,26,923,124,26,3,1076,2,0,2,1078
05/15/2011,PHX,AZ,AWP,WE,Towers with Radar,1060,136,14,2,1212,0,19,15,0,34,1060,155,29,2,1246,0,0,0,1246
05/16/2011,PHX,AZ,AWP,WE,Towers with Radar,1054,136,46,6,1242,1,37,20,0,58,1055,173,66,6,1300,1,0,1,1301
05/17/2011,PHX,AZ,AWP,WE,Towers with Radar,1048,155,42,11,1256,0,36,10,0,46,1048,191,52,11,1302,6,0,6,1308
05/18/2011,PHX,AZ,AWP,WE,Towers with Radar,1064,162,60,11,1297,0,21,11,0,32,1064,183,71,11,1329,0,0,0,1329
05/19/2011,PHX,AZ,AWP,WE,Towers with Radar,1112,184,75,11,1382,0,28,35,1,64,1112,212,110,12,1446,0,0,0,1446
05/20/2011,PHX,AZ,AWP,WE,Towers with Radar,1104,175,50,10,1339,0,44,29,6,79,1104,219,79,16,1418,0,0,0,1418
05/21/2011,PHX,AZ,AWP,WE,Towers with Radar,942,114,21,13,1090,0,28,22,2,52,942,142,43,15,1142,2,0,2,1144
05/22/2011,PHX,AZ,AWP,WE,Towers with Radar,1057,115,30,2,1204,0,15,14,0,29,1057,130,44,2,1233,0,0,0,1233
05/23/2011,PHX,AZ,AWP,WE,Towers with Radar,1059,140,53,8,1260,0,32,16,0,48,1059,172,69,8,1308,1,0,1,1309
05/24/2011,PHX,AZ,AWP,WE,Towers with Radar,1055,158,44,6,1263,0,36,17,0,53,1055,194,61,6,1316,3,0,3,1319
05/25/2011,PHX,AZ,AWP,WE,Towers with Radar,1027,151,42,8,1228,0,43,34,0,77,1027,194,76,8,1305,0,0,0,1305
05/26/2011,PHX,AZ,AWP,WE,Towers with Radar,1104,165,41,10,1320,0,39,21,0,60,1104,204,62,10,1380,0,0,0,1380
05/27/2011,PHX,AZ,AWP,WE,Towers with Radar,1097,169,35,9,1310,0,27,20,0,47,1097,196,55,9,1357,2,0,2,1359
05/28/2011,PHX,AZ,AWP,WE,Towers with Radar,912,121,16,3,1052,0,18,7,2,27,912,139,23,5,1079,0,0,0,1079
05/29/2011,PHX,AZ,AWP,WE,Towers with Radar,904,104,16,5,1029,0,12,8,1,21,904,116,24,6,1050,0,0,0,1050
05/30/2011,PHX,AZ,AWP,WE,Towers with Radar,1019,120,24,0,1163,0,8,11,0,19,1019,128,35,0,1182,5,0,5,1187
05/31/2011,PHX,AZ,AWP,WE,Towers with Radar,1037,144,40,1,1222,0,29,10,2,41,1037,173,50,3,1263,6,0,6,1269
06/01/2011,PHX,AZ,AWP,WE,Towers with Radar,1060,145,42,9,1256,0,41,18,0,59,1060,186,60,9,1315,0,0,0,1315
06/02/2011,PHX,AZ,AWP,WE,Towers with Radar,1112,165,49,8,1334,0,39,24,3,66,1112,204,73,11,1400,2,0,2,1402
06/03/2011,PHX,AZ,AWP,WE,Towers with Radar,1106,151,33,10,1300,0,32,19,1,52,1106,183,52,11,1352,0,0,0,1352
06/04/2011,PHX,AZ,AWP,WE,Towers with Radar,946,100,13,5,1064,0,16,24,0,40,946,116,37,5,1104,2,0,2,1106
06/05/2011,PHX,AZ,AWP,WE,Towers with Radar,1057,123,13,5,1198,0,34,19,0,53,1057,157,32,5,1251,0,0,0,1251
06/06/2011,PHX,AZ,AWP,WE,Towers with Radar,1071,144,27,8,1250,0,22,7,1,30,1071,166,34,9,1280,0,0,0,1280
06/07/2011,PHX,AZ,AWP,WE,Towers with Radar,1057,170,38,7,1272,1,40,19,1,61,1058,210,57,8,1333,4,0,4,1337
06/08/2011,PHX,AZ,AWP,WE,Towers with Radar,1057,166,29,16,1268,0,45,11,0,56,1057,211,40,16,1324,0,0,0,1324
06/09/2011,PHX,AZ,AWP,WE,Towers with Radar,1106,162,27,12,1307,0,45,15,1,61,1106,207,42,13,1368,0,0,0,1368
06/10/2011,PHX,AZ,AWP,WE,Towers with Radar,1109,179,44,5,1337,1,32,19,0,52,1110,211,63,5,1389,0,0,0,1389
06/11/2011,PHX,AZ,AWP,WE,Towers with Radar,959,117,16,0,1092,0,12,14,0,26,959,129,30,0,1118,4,0,4,1122
06/12/2011,PHX,AZ,AWP,WE,Towers with Radar,1048,130,14,4,1196,0,11,12,0,23,1048,141,26,4,1219,0,0,0,1219
06/13/2011,PHX,AZ,AWP,WE,Towers with Radar,1053,145,28,2,1228,0,25,13,2,40,1053,170,41,4,1268,4,0,4,1272
06/14/2011,PHX,AZ,AWP,WE,Towers with Radar,1054,164,41,9,1268,0,37,11,1,49,1054,201,52,10,1317,0,0,0,1317
06/15/2011,PHX,AZ,AWP,WE,Towers with Radar,1050,157,31,9,1247,0,41,29,0,70,1050,198,60,9,1317,0,0,0,1317
06/16/2011,PHX,AZ,AWP,WE,Towers with Radar,1122,166,58,12,1358,0,41,28,2,71,1122,207,86,14,1429,3,0,3,1432
06/17/2011,PHX,AZ,AWP,WE,Towers with Radar,1115,161,27,8,1311,0,34,21,2,57,1115,195,48,10,1368,0,0,0,1368
06/18/2011,PHX,AZ,AWP,WE,Towers with Radar,939,123,18,0,1080,0,28,15,3,46,939,151,33,3,1126,0,0,0,1126
06/19/2011,PHX,AZ,AWP,WE,Towers with Radar,1059,119,15,2,1195,0,20,21,1,42,1059,139,36,3,1237,0,0,0,1237
06/20/2011,PHX,AZ,AWP,WE,Towers with Radar,1049,137,36,8,1230,0,29,20,3,52,1049,166,56,11,1282,3,1,4,1286
06/21/2011,PHX,AZ,AWP,WE,Towers with Radar,1033,155,39,7,1234,0,39,18,3,60,1033,194,57,10,1294,1,0,1,1295
06/22/2011,PHX,AZ,AWP,WE,Towers with Radar,1037,169,34,5,1245,0,35,15,3,53,1037,204,49,8,1298,2,0,2,1300
06/23/2011,PHX,AZ,AWP,WE,Towers with Radar,1108,163,42,8,1321,3,28,20,0,51,1111,191,62,8,1372,2,0,2,1374
06/24/2011,PHX,AZ,AWP,WE,Towers with Radar,1104,151,34,5,1294,0,51,8,1,60,1104,202,42,6,1354,2,0,2,1356
06/25/2011,PHX,AZ,AWP,WE,Towers with Radar,957,110,16,7,1090,1,23,9,0,33,958,133,25,7,1123,0,0,0,1123
06/26/2011,PHX,AZ,AWP,WE,Towers with Radar,1045,121,17,2,1185,0,13,10,0,23,1045,134,27,2,1208,0,0,0,1208
06/27/2011,PHX,AZ,AWP,WE,Towers with Radar,1063,151,30,0,1244,0,24,26,0,50,1063,175,56,0,1294,0,0,0,1294
06/28/2011,PHX,AZ,AWP,WE,Towers with Radar,1038,166,37,6,1247,0,40,19,0,59,1038,206,56,6,1306,2,0,2,1308
06/29/2011,PHX,AZ,AWP,WE,Towers with Radar,1050,158,51,4,1263,0,40,16,0,56,1050,198,67,4,1319,1,0,1,1320
06/30/2011,PHX,AZ,AWP,WE,Towers with Radar,1119,164,41,7,1331,0,22,34,1,57,1119,186,75,8,1388,0,0,0,1388
07/01/2011,PHX,AZ,AWP,WE,Towers with Radar,1116,159,29,4,1308,0,23,10,1,34,1116,182,39,5,1342,0,0,0,1342
07/02/2011,PHX,AZ,AWP,WE,Towers with Radar,945,103,3,4,1055,0,28,8,1,37,945,131,11,5,1092,0,0,0,1092
07/03/2011,PHX,AZ,AWP,WE,Towers with Radar,818,104,12,4,938,0,10,6,2,18,818,114,18,6,956,0,0,0,956
07/04/2011,PHX,AZ,AWP,WE,Towers with Radar,1039,110,7,0,1156,0,10,3,2,15,1039,120,10,2,1171,0,0,0,1171
07/05/2011,PHX,AZ,AWP,WE,Towers with Radar,1051,157,33,5,1246,0,30,12,0,42,1051,187,45,5,1288,0,0,0,1288
07/06/2011,PHX,AZ,AWP,WE,Towers with Radar,1062,157,36,6,1261,0,41,9,0,50,1062,198,45,6,1311,4,0,4,1315
07/07/2011,PHX,AZ,AWP,WE,Towers with Radar,1103,157,41,8,1309,0,40,23,0,63,1103,197,64,8,1372,0,0,0,1372
07/08/2011,PHX,AZ,AWP,WE,Towers with Radar,1085,165,21,4,1275,0,24,11,3,38,1085,189,32,7,1313,0,0,0,1313
07/09/2011,PHX,AZ,AWP,WE,Towers with Radar,966,115,20,6,1107,0,14,13,1,28,966,129,33,7,1135,0,0,0,1135
07/10/2011,PHX,AZ,AWP,WE,Towers with Radar,1051,132,61,5,1249,0,15,7,10,32,1051,147,68,15,1281,0,0,0,1281
07/11/2011,PHX,AZ,AWP,WE,Towers with Radar,1054,166,42,3,1265,0,39,15,5,59,1054,205,57,8,1324,0,0,0,1324
07/12/2011,PHX,AZ,AWP,WE,Towers with Radar,1058,187,88,5,1338,0,29,29,5,63,1058,216,117,10,1401,2,0,2,1403
07/13/2011,PHX,AZ,AWP,WE,Towers with Radar,1054,173,58,4,1289,0,48,22,0,70,1054,221,80,4,1359,2,0,2,1361
07/14/2011,PHX,AZ,AWP,WE,Towers with Radar,1116,165,47,8,1336,0,36,10,4,50,1116,201,57,12,1386,0,0,0,1386
07/15/2011,PHX,AZ,AWP,WE,Towers with Radar,1104,165,34,10,1313,0,35,19,0,54,1104,200,53,10,1367,1,0,1,1368
07/16/2011,PHX,AZ,AWP,WE,Towers with Radar,946,124,22,4,1096,0,18,8,2,28,946,142,30,6,1124,1,0,1,1125
07/17/2011,PHX,AZ,AWP,WE,Towers with Radar,1045,124,24,1,1194,0,17,17,0,34,1045,141,41,1,1228,0,0,0,1228
07/18/2011,PHX,AZ,AWP,WE,Towers with Radar,1042,157,28,3,1230,0,20,15,4,39,1042,177,43,7,1269,0,0,0,1269
07/19/2011,PHX,AZ,AWP,WE,Towers with Radar,1032,149,46,2,1229,0,34,25,3,62,1032,183,71,5,1291,0,0,0,1291
07/20/2011,PHX,AZ,AWP,WE,Towers with Radar,1061,159,42,3,1265,0,38,17,1,56,1061,197,59,4,1321,2,0,2,1323
07/21/2011,PHX,AZ,AWP,WE,Towers with Radar,1116,168,36,3,1323,5,39,16,3,63,1121,207,52,6,1386,4,0,4,1390
07/22/2011,PHX,AZ,AWP,WE,Towers with Radar,1095,184,35,5,1319,0,28,26,1,55,1095,212,61,6,1374,4,0,4,1378
07/23/2011,PHX,AZ,AWP,WE,Towers with Radar,947,119,13,2,1081,0,11,9,0,20,947,130,22,2,1101,3,0,3,1104
07/24/2011,PHX,AZ,AWP,WE,Towers with Radar,997,145,19,1,1162,0,6,7,0,13,997,151,26,1,1175,0,0,0,1175
07/25/2011,PHX,AZ,AWP,WE,Towers with Radar,1070,175,30,2,1277,0,19,14,0,33,1070,194,44,2,1310,0,0,0,1310
07/26/2011,PHX,AZ,AWP,WE,Towers with Radar,1052,167,28,4,1251,0,30,29,0,59,1052,197,57,4,1310,4,0,4,1314
07/27/2011,PHX,AZ,AWP,WE,Towers with Radar,1059,161,18,5,1243,0,44,12,0,56,1059,205,30,5,1299,0,0,0,1299
07/28/2011,PHX,AZ,AWP,WE,Towers with Radar,1106,156,40,5,1307,1,31,24,0,56,1107,187,64,5,1363,0,0,0,1363
07/29/2011,PHX,AZ,AWP,WE,Towers with Radar,1102,168,32,10,1312,0,26,15,2,43,1102,194,47,12,1355,7,0,7,1362
07/30/2011,PHX,AZ,AWP,WE,Towers with Radar,959,118,11,5,1093,0,17,6,1,24,959,135,17,6,1117,0,0,0,1117
07/31/2011,PHX,AZ,AWP,WE,Towers with Radar,1031,127,24,0,1182,0,11,8,2,21,1031,138,32,2,1203,0,0,0,1203
08/01/2011,PHX,AZ,AWP,WE,Towers with Radar,1071,144,23,7,1245,0,27,11,3,41,1071,171,34,10,1286,0,0,0,1286
08/02/2011,PHX,AZ,AWP,WE,Towers with Radar,1049,162,25,5,1241,0,27,22,3,52,1049,189,47,8,1293,3,0,3,1296
08/03/2011,PHX,AZ,AWP,WE,Towers with Radar,1053,175,40,8,1276,0,31,17,0,48,1053,206,57,8,1324,0,0,0,1324
08/04/2011,PHX,AZ,AWP,WE,Towers with Radar,1121,173,38,6,1338,0,29,24,1,54,1121,202,62,7,1392,1,0,1,1393
08/05/2011,PHX,AZ,AWP,WE,Towers with Radar,1105,174,36,4,1319,0,39,17,0,56,1105,213,53,4,1375,0,0,0,1375
08/06/2011,PHX,AZ,AWP,WE,Towers with Radar,951,119,9,1,1080,0,14,13,5,32,951,133,22,6,1112,0,0,0,1112
08/07/2011,PHX,AZ,AWP,WE,Towers with Radar,1052,129,29,7,1217,0,14,14,2,30,1052,143,43,9,1247,0,0,0,1247
08/08/2011,PHX,AZ,AWP,WE,Towers with Radar,1061,146,31,3,1241,0,31,17,2,50,1061,177,48,5,1291,0,0,0,1291
08/09/2011,PHX,AZ,AWP,WE,Towers with Radar,1045,160,27,5,1237,0,39,14,0,53,1045,199,41,5,1290,0,0,0,1290
08/10/2011,PHX,AZ,AWP,WE,Towers with Radar,1063,154,38,6,1261,0,31,11,2,44,1063,185,49,8,1305,0,0,0,1305
08/11/2011,PHX,AZ,AWP,WE,Towers with Radar,1116,164,37,6,1323,0,34,23,1,58,1116,198,60,7,1381,0,0,0,1381
08/12/2011,PHX,AZ,AWP,WE,Towers with Radar,1115,154,30,6,1305,0,31,26,0,57,1115,185,56,6,1362,0,0,0,1362
08/13/2011,PHX,AZ,AWP,WE,Towers with Radar,951,115,26,5,1097,0,17,7,0,24,951,132,33,5,1121,0,0,0,1121
08/14/2011,PHX,AZ,AWP,WE,Towers with Radar,1014,129,20,4,1167,0,5,13,0,18,1014,134,33,4,1185,0,0,0,1185
08/15/2011,PHX,AZ,AWP,WE,Towers with Radar,1035,153,34,2,1224,1,27,24,0,52,1036,180,58,2,1276,0,0,0,1276
08/16/2011,PHX,AZ,AWP,WE,Towers with Radar,1015,153,44,4,1216,0,38,25,1,64,1015,191,69,5,1280,0,0,0,1280
08/17/2011,PHX,AZ,AWP,WE,Towers with Radar,1004,174,33,3,1214,0,21,24,0,45,1004,195,57,3,1259,0,0,0,1259
08/18/2011,PHX,AZ,AWP,WE,Towers with Radar,1043,171,47,4,1265,0,32,21,0,53,1043,203,68,4,1318,0,0,0,1318
08/19/2011,PHX,AZ,AWP,WE,Towers with Radar,1020,151,33,2,1206,0,37,28,5,70,1020,188,61,7,1276,0,0,0,1276
08/20/2011,PHX,AZ,AWP,WE,Towers with Radar,885,120,11,9,1025,0,13,9,1,23,885,133,20,10,1048,2,0,2,1050
08/21/2011,PHX,AZ,AWP,WE,Towers with Radar,953,125,24,3,1105,0,10,8,0,18,953,135,32,3,1123,0,0,0,1123
08/22/2011,PHX,AZ,AWP,WE,Towers with Radar,1012,155,36,2,1205,0,28,10,0,38,1012,183,46,2,1243,0,0,0,1243
08/23/2011,PHX,AZ,AWP,WE,Towers with Radar,1004,154,31,2,1191,1,40,12,0,53,1005,194,43,2,1244,2,0,2,1246
08/24/2011,PHX,AZ,AWP,WE,Towers with Radar,1017,159,33,2,1211,0,49,16,1,66,1017,208,49,3,1277,0,0,0,1277
08/25/2011,PHX,AZ,AWP,WE,Towers with Radar,1037,174,42,4,1257,0,47,13,0,60,1037,221,55,4,1317,0,0,0,1317
08/26/2011,PHX,AZ,AWP,WE,Towers with Radar,1024,160,21,15,1220,0,24,11,0,35,1024,184,32,15,1255,0,0,0,1255
08/27/2011,PHX,AZ,AWP,WE,Towers with Radar,852,116,18,6,992,0,15,9,0,24,852,131,27,6,1016,0,0,0,1016
08/28/2011,PHX,AZ,AWP,WE,Towers with Radar,890,131,21,6,1048,0,11,10,0,21,890,142,31,6,1069,0,0,0,1069
08/29/2011,PHX,AZ,AWP,WE,Towers with Radar,999,145,24,2,1170,0,32,13,0,45,999,177,37,2,1215,0,0,0,1215
08/30/2011,PHX,AZ,AWP,WE,Towers with Radar,988,163,34,5,1190,0,40,26,0,66,988,203,60,5,1256,0,0,0,1256
08/31/2011,PHX,AZ,AWP,WE,Towers with Radar,1010,157,28,7,1202,0,36,14,3,53,1010,193,42,10,1255,0,0,0,1255
09/01/2011,PHX,AZ,AWP,WE,Towers with Radar,1073,169,35,6,1283,0,41,10,1,52,1073,210,45,7,1335,0,0,0,1335
09/02/2011,PHX,AZ,AWP,WE,Towers with Radar,1040,172,35,4,1251,0,31,17,0,48,1040,203,52,4,1299,0,0,0,1299
09/03/2011,PHX,AZ,AWP,WE,Towers with Radar,695,102,9,7,813,0,26,6,1,33,695,128,15,8,846,0,0,0,846
09/04/2011,PHX,AZ,AWP,WE,Towers with Radar,788,111,14,3,916,0,16,11,0,27,788,127,25,3,943,0,0,0,943
09/05/2011,PHX,AZ,AWP,WE,Towers with Radar,991,142,23,1,1157,0,12,11,1,24,991,154,34,2,1181,0,0,0,1181
09/06/2011,PHX,AZ,AWP,WE,Towers with Radar,1007,155,38,2,1202,0,45,17,0,62,1007,200,55,2,1264,1,0,1,1265
09/07/2011,PHX,AZ,AWP,WE,Towers with Radar,1003,157,43,5,1208,0,47,24,0,71,1003,204,67,5,1279,0,0,0,1279
09/08/2011,PHX,AZ,AWP,WE,Towers with Radar,1012,168,47,4,1231,0,39,13,0,52,1012,207,60,4,1283,0,0,0,1283
09/09/2011,PHX,AZ,AWP,WE,Towers with Radar,1003,175,29,4,1211,0,39,27,0,66,1003,214,56,4,1277,0,0,0,1277
09/10/2011,PHX,AZ,AWP,WE,Towers with Radar,808,114,30,0,952,0,14,15,5,34,808,128,45,5,986,0,0,0,986
09/11/2011,PHX,AZ,AWP,WE,Towers with Radar,942,140,31,3,1116,0,22,12,0,34,942,162,43,3,1150,0,0,0,1150
09/12/2011,PHX,AZ,AWP,WE,Towers with Radar,995,169,44,2,1210,0,27,21,0,48,995,196,65,2,1258,0,0,0,1258
09/13/2011,PHX,AZ,AWP,WE,Towers with Radar,958,169,53,4,1184,0,29,16,0,45,958,198,69,4,1229,0,0,0,1229
09/14/2011,PHX,AZ,AWP,WE,Towers with Radar,985,156,56,6,1203,0,43,15,2,60,985,199,71,8,1263,0,0,0,1263
09/15/2011,PHX,AZ,AWP,WE,Towers with Radar,1021,180,44,6,1251,0,52,25,3,80,1021,232,69,9,1331,0,0,0,1331
09/16/2011,PHX,AZ,AWP,WE,Towers with Radar,1015,171,30,6,1222,0,24,27,1,52,1015,195,57,7,1274,0,0,0,1274
09/17/2011,PHX,AZ,AWP,WE,Towers with Radar,807,113,23,6,949,0,18,6,1,25,807,131,29,7,974,0,0,0,974
09/18/2011,PHX,AZ,AWP,WE,Towers with Radar,957,135,30,2,1124,0,14,11,2,27,957,149,41,4,1151,0,0,0,1151
09/19/2011,PHX,AZ,AWP,WE,Towers with Radar,1010,158,39,2,1209,0,29,16,1,46,1010,187,55,3,1255,0,0,0,1255
09/20/2011,PHX,AZ,AWP,WE,Towers with Radar,966,162,45,5,1178,0,37,25,0,62,966,199,70,5,1240,0,0,0,1240
09/21/2011,PHX,AZ,AWP,WE,Towers with Radar,993,153,62,6,1214,0,56,20,1,77,993,209,82,7,1291,0,0,0,1291
09/22/2011,PHX,AZ,AWP,WE,Towers with Radar,1019,175,43,7,1244,0,47,21,0,68,1019,222,64,7,1312,0,0,0,1312
09/23/2011,PHX,AZ,AWP,WE,Towers with Radar,1010,166,29,5,1210,0,47,24,1,72,1010,213,53,6,1282,0,0,0,1282
09/24/2011,PHX,AZ,AWP,WE,Towers with Radar,805,109,31,3,948,0,14,13,0,27,805,123,44,3,975,0,0,0,975
09/25/2011,PHX,AZ,AWP,WE,Towers with Radar,967,148,44,1,1160,0,10,14,0,24,967,158,58,1,1184,0,0,0,1184
09/26/2011,PHX,AZ,AWP,WE,Towers with Radar,1011,148,44,5,1208,0,27,16,0,43,1011,175,60,5,1251,0,0,0,1251
09/27/2011,PHX,AZ,AWP,WE,Towers with Radar,970,165,41,6,1182,0,22,16,0,38,970,187,57,6,1220,2,0,2,1222
09/28/2011,PHX,AZ,AWP,WE,Towers with Radar,990,159,58,3,1210,0,34,24,0,58,990,193,82,3,1268,0,0,0,1268
09/29/2011,PHX,AZ,AWP,WE,Towers with Radar,1011,174,59,1,1245,0,45,17,0,62,1011,219,76,1,1307,0,0,0,1307
09/30/2011,PHX,AZ,AWP,WE,Towers with Radar,1020,168,29,5,1222,0,39,13,0,52,1020,207,42,5,1274,0,0,0,1274
10/01/2011,PHX,AZ,AWP,WE,Towers with Radar,823,121,31,4,979,0,17,10,0,27,823,138,41,4,1006,4,0,4,1010
10/02/2011,PHX,AZ,AWP,WE,Towers with Radar,963,140,26,2,1131,0,5,7,0,12,963,145,33,2,1143,0,0,0,1143
10/03/2011,PHX,AZ,AWP,WE,Towers with Radar,999,153,32,7,1191,0,30,9,0,39,999,183,41,7,1230,0,0,0,1230
10/04/2011,PHX,AZ,AWP,WE,Towers with Radar,973,171,43,5,1192,0,19,6,1,26,973,190,49,6,1218,0,0,0,1218
10/05/2011,PHX,AZ,AWP,WE,Towers with Radar,994,173,49,6,1222,0,22,24,1,47,994,195,73,7,1269,0,0,0,1269
10/06/2011,PHX,AZ,AWP,WE,Towers with Radar,1060,195,35,8,1298,0,15,18,0,33,1060,210,53,8,1331,0,0,0,1331
10/07/2011,PHX,AZ,AWP,WE,Towers with Radar,1069,184,45,4,1302,1,31,11,0,43,1070,215,56,4,1345,0,0,0,1345
10/08/2011,PHX,AZ,AWP,WE,Towers with Radar,885,117,16,3,1021,0,27,8,1,36,885,144,24,4,1057,0,0,0,1057
10/09/2011,PHX,AZ,AWP,WE,Towers with Radar,1008,141,21,1,1171,0,10,14,0,24,1008,151,35,1,1195,0,0,0,1195
10/10/2011,PHX,AZ,AWP,WE,Towers with Radar,1007,163,29,0,1199,1,38,23,0,62,1008,201,52,0,1261,0,0,0,1261
10/11/2011,PHX,AZ,AWP,WE,Towers with Radar,981,175,36,6,1198,0,41,21,2,64,981,216,57,8,1262,3,0,3,1265
10/12/2011,PHX,AZ,AWP,WE,Towers with Radar,993,170,56,6,1225,0,34,17,1,52,993,204,73,7,1277,5,0,5,1282
10/13/2011,PHX,AZ,AWP,WE,Towers with Radar,1029,156,44,4,1233,0,33,35,6,74,1029,189,79,10,1307,5,0,5,1312
10/14/2011,PHX,AZ,AWP,WE,Towers with Radar,1023,158,38,6,1225,0,26,14,4,44,1023,184,52,10,1269,0,0,0,1269
10/15/2011,PHX,AZ,AWP,WE,Towers with Radar,864,110,12,0,986,0,27,16,0,43,864,137,28,0,1029,8,0,8,1037
10/16/2011,PHX,AZ,AWP,WE,Towers with Radar,1019,138,27,3,1187,0,24,5,1,30,1019,162,32,4,1217,0,0,0,1217
10/17/2011,PHX,AZ,AWP,WE,Towers with Radar,1010,154,34,3,1201,1,38,17,0,56,1011,192,51,3,1257,0,0,0,1257
10/18/2011,PHX,AZ,AWP,WE,Towers with Radar,977,183,57,7,1224,0,33,19,3,55,977,216,76,10,1279,3,0,3,1282
10/19/2011,PHX,AZ,AWP,WE,Towers with Radar,1004,171,54,6,1235,0,37,12,0,49,1004,208,66,6,1284,4,0,4,1288
10/20/2011,PHX,AZ,AWP,WE,Towers with Radar,1021,177,49,9,1256,0,28,26,1,55,1021,205,75,10,1311,0,0,0,1311
10/21/2011,PHX,AZ,AWP,WE,Towers with Radar,1011,151,38,6,1206,0,24,15,0,39,1011,175,53,6,1245,0,0,0,1245
10/22/2011,PHX,AZ,AWP,WE,Towers with Radar,861,108,22,5,996,0,13,12,0,25,861,121,34,5,1021,0,0,0,1021
10/23/2011,PHX,AZ,AWP,WE,Towers with Radar,1019,136,25,5,1185,0,11,16,1,28,1019,147,41,6,1213,0,0,0,1213
10/24/2011,PHX,AZ,AWP,WE,Towers with Radar,1008,149,31,3,1191,0,31,17,0,48,1008,180,48,3,1239,0,0,0,1239
10/25/2011,PHX,AZ,AWP,WE,Towers with Radar,975,176,36,8,1195,0,55,19,0,74,975,231,55,8,1269,2,0,2,1271
10/26/2011,PHX,AZ,AWP,WE,Towers with Radar,991,163,34,10,1198,0,39,14,1,54,991,202,48,11,1252,3,0,3,1255
10/27/2011,PHX,AZ,AWP,WE,Towers with Radar,1022,165,54,7,1248,0,39,40,4,83,1022,204,94,11,1331,0,0,0,1331
10/28/2011,PHX,AZ,AWP,WE,Towers with Radar,1019,159,46,6,1230,0,30,19,5,54,1019,189,65,11,1284,2,0,2,1286
10/29/2011,PHX,AZ,AWP,WE,Towers with Radar,859,122,27,2,1010,0,13,8,6,27,859,135,35,8,1037,10,0,10,1047
10/30/2011,PHX,AZ,AWP,WE,Towers with Radar,997,123,16,6,1142,0,7,12,0,19,997,130,28,6,1161,0,0,0,1161
10/31/2011,PHX,AZ,AWP,WE,Towers with Radar,850,113,27,2,992,0,31,13,0,44,850,144,40,2,1036,0,0,0,1036
11/01/2011,PHX,AZ,AWP,WE,Towers with Radar,1008,174,45,6,1233,0,30,15,0,45,1008,204,60,6,1278,2,0,2,1280
11/02/2011,PHX,AZ,AWP,WE,Towers with Radar,1008,189,43,6,1246,0,44,28,2,74,1008,233,71,8,1320,15,0,15,1335
11/03/2011,PHX,AZ,AWP,WE,Towers with Radar,1039,177,40,7,1263,0,30,32,0,62,1039,207,72,7,1325,6,0,6,1331
11/04/2011,PHX,AZ,AWP,WE,Towers with Radar,1038,165,31,8,1242,0,19,20,2,41,1038,184,51,10,1283,1,0,1,1284
11/05/2011,PHX,AZ,AWP,WE,Towers with Radar,896,128,29,1,1054,0,8,6,0,14,896,136,35,1,1068,2,0,2,1070
11/06/2011,PHX,AZ,AWP,WE,Towers with Radar,973,130,27,6,1136,0,16,9,1,26,973,146,36,7,1162,0,0,0,1162
11/07/2011,PHX,AZ,AWP,WE,Towers with Radar,1010,148,43,4,1205,0,18,9,0,27,1010,166,52,4,1232,0,0,0,1232
11/08/2011,PHX,AZ,AWP,WE,Towers with Radar,1005,148,42,5,1200,0,44,27,0,71,1005,192,69,5,1271,0,0,0,1271
11/09/2011,PHX,AZ,AWP,WE,Towers with Radar,1006,178,69,12,1265,0,27,35,2,64,1006,205,104,14,1329,0,0,0,1329
11/10/2011,PHX,AZ,AWP,WE,Towers with Radar,1033,168,79,9,1289,0,26,23,0,49,1033,194,102,9,1338,0,0,0,1338
11/11/2011,PHX,AZ,AWP,WE,Towers with Radar,1028,161,48,3,1240,0,21,23,0,44,1028,182,71,3,1284,0,0,0,1284
11/12/2011,PHX,AZ,AWP,WE,Towers with Radar,889,108,28,1,1026,0,32,9,0,41,889,140,37,1,1067,0,0,0,1067
11/13/2011,PHX,AZ,AWP,WE,Towers with Radar,965,127,42,2,1136,0,13,15,0,28,965,140,57,2,1164,0,0,0,1164
11/14/2011,PHX,AZ,AWP,WE,Towers with Radar,1012,154,53,4,1223,0,28,27,1,56,1012,182,80,5,1279,0,0,0,1279
11/15/2011,PHX,AZ,AWP,WE,Towers with Radar,1003,161,76,6,1246,0,26,26,2,54,1003,187,102,8,1300,3,0,3,1303
11/16/2011,PHX,AZ,AWP,WE,Towers with Radar,1001,170,60,6,1237,0,27,21,0,48,1001,197,81,6,1285,0,0,0,1285
11/17/2011,PHX,AZ,AWP,WE,Towers with Radar,1027,173,60,7,1267,0,36,23,0,59,1027,209,83,7,1326,0,0,0,1326
11/18/2011,PHX,AZ,AWP,WE,Towers with Radar,1067,166,46,6,1285,0,27,28,4,59,1067,193,74,10,1344,1,0,1,1345
11/19/2011,PHX,AZ,AWP,WE,Towers with Radar,932,118,51,0,1101,0,19,6,2,27,932,137,57,2,1128,0,0,0,1128
11/20/2011,PHX,AZ,AWP,WE,Towers with Radar,955,118,30,1,1104,0,16,4,6,26,955,134,34,7,1130,0,0,0,1130
11/21/2011,PHX,AZ,AWP,WE,Towers with Radar,997,159,36,2,1194,0,16,19,1,36,997,175,55,3,1230,0,0,0,1230
11/22/2011,PHX,AZ,AWP,WE,Towers with Radar,1080,172,42,2,1296,0,27,16,0,43,1080,199,58,2,1339,2,0,2,1341
11/23/2011,PHX,AZ,AWP,WE,Towers with Radar,1127,170,33,5,1335,0,33,29,1,63,1127,203,62,6,1398,13,0,13,1411
11/24/2011,PHX,AZ,AWP,WE,Towers with Radar,653,82,11,0,746,0,6,8,0,14,653,88,19,0,760,0,0,0,760
11/25/2011,PHX,AZ,AWP,WE,Towers with Radar,928,142,20,2,1092,0,18,14,0,32,928,160,34,2,1124,0,0,0,1124
11/26/2011,PHX,AZ,AWP,WE,Towers with Radar,957,123,24,0,1104,0,26,16,0,42,957,149,40,0,1146,0,0,0,1146
11/27/2011,PHX,AZ,AWP,WE,Towers with Radar,1118,119,35,0,1272,0,8,15,0,23,1118,127,50,0,1295,0,0,0,1295
11/28/2011,PHX,AZ,AWP,WE,Towers with Radar,1124,144,29,3,1300,0,21,12,0,33,1124,165,41,3,1333,0,0,0,1333
11/29/2011,PHX,AZ,AWP,WE,Towers with Radar,1028,155,41,9,1233,0,16,9,2,27,1028,171,50,11,1260,1,0,1,1261
11/30/2011,PHX,AZ,AWP,WE,Towers with Radar,1004,155,39,8,1206,0,24,21,0,45,1004,179,60,8,1251,4,0,4,1255
12/01/2011,PHX,AZ,AWP,WE,Towers with Radar,1017,172,52,6,1247,0,18,9,0,27,1017,190,61,6,1274,0,0,0,1274
12/02/2011,PHX,AZ,AWP,WE,Towers with Radar,1025,184,33,8,1250,0,9,8,0,17,1025,193,41,8,1267,0,0,0,1267
12/03/2011,PHX,AZ,AWP,WE,Towers with Radar,766,104,16,6,892,0,18,10,0,28,766,122,26,6,920,5,0,5,925
12/04/2011,PHX,AZ,AWP,WE,Towers with Radar,955,115,23,4,1097,0,10,3,0,13,955,125,26,4,1110,0,0,0,1110
12/05/2011,PHX,AZ,AWP,WE,Towers with Radar,995,144,35,12,1186,0,17,14,3,34,995,161,49,15,1220,0,0,0,1220
12/06/2011,PHX,AZ,AWP,WE,Towers with Radar,988,152,45,8,1193,0,28,18,0,46,988,180,63,8,1239,0,0,0,1239
12/07/2011,PHX,AZ,AWP,WE,Towers with Radar,971,159,42,7,1179,0,28,13,0,41,971,187,55,7,1220,2,0,2,1222
12/08/2011,PHX,AZ,AWP,WE,Towers with Radar,1028,158,43,2,1231,0,17,18,4,39,1028,175,61,6,1270,0,0,0,1270
12/09/2011,PHX,AZ,AWP,WE,Towers with Radar,1032,147,36,11,1226,0,30,19,1,50,1032,177,55,12,1276,0,0,0,1276
12/10/2011,PHX,AZ,AWP,WE,Towers with Radar,773,88,16,4,881,0,16,11,2,29,773,104,27,6,910,2,0,2,912
12/11/2011,PHX,AZ,AWP,WE,Towers with Radar,952,111,24,3,1090,0,14,7,2,23,952,125,31,5,1113,0,0,0,1113
12/12/2011,PHX,AZ,AWP,WE,Towers with Radar,994,158,40,6,1198,1,11,2,2,16,995,169,42,8,1214,1,0,1,1215
12/13/2011,PHX,AZ,AWP,WE,Towers with Radar,1000,172,62,8,1242,0,5,3,0,8,1000,177,65,8,1250,0,0,0,1250
12/14/2011,PHX,AZ,AWP,WE,Towers with Radar,999,168,50,5,1222,0,21,8,4,33,999,189,58,9,1255,0,0,0,1255
12/15/2011,PHX,AZ,AWP,WE,Towers with Radar,1031,169,58,9,1267,0,30,25,4,59,1031,199,83,13,1326,0,0,0,1326
12/16/2011,PHX,AZ,AWP,WE,Towers with Radar,1091,172,36,8,1307,0,19,22,1,42,1091,191,58,9,1349,0,0,0,1349
12/17/2011,PHX,AZ,AWP,WE,Towers with Radar,1024,146,26,5,1201,0,19,5,3,27,1024,165,31,8,1228,0,0,0,1228
12/18/2011,PHX,AZ,AWP,WE,Towers with Radar,1082,139,19,1,1241,0,4,0,0,4,1082,143,19,1,1245,0,0,0,1245
12/19/2011,PHX,AZ,AWP,WE,Towers with Radar,1094,170,35,8,1307,0,10,12,2,24,1094,180,47,10,1331,1,0,1,1332
12/20/2011,PHX,AZ,AWP,WE,Towers with Radar,1106,186,37,8,1337,0,14,15,5,34,1106,200,52,13,1371,0,0,0,1371
12/21/2011,PHX,AZ,AWP,WE,Towers with Radar,1137,172,30,6,1345,0,26,23,5,54,1137,198,53,11,1399,1,0,1,1400
12/22/2011,PHX,AZ,AWP,WE,Towers with Radar,1202,175,32,7,1416,0,17,28,0,45,1202,192,60,7,1461,0,0,0,1461
12/23/2011,PHX,AZ,AWP,WE,Towers with Radar,1194,177,18,4,1393,0,28,16,0,44,1194,205,34,4,1437,0,0,0,1437
12/24/2011,PHX,AZ,AWP,WE,Towers with Radar,961,133,8,0,1102,0,23,12,0,35,961,156,20,0,1137,2,0,2,1139
12/25/2011,PHX,AZ,AWP,WE,Towers with Radar,890,122,10,2,1024,0,5,2,0,7,890,127,12,2,1031,0,0,0,1031
12/26/2011,PHX,AZ,AWP,WE,Towers with Radar,1093,144,31,1,1269,0,16,8,0,24,1093,160,39,1,1293,1,0,1,1294
12/27/2011,PHX,AZ,AWP,WE,Towers with Radar,1152,163,26,0,1341,0,23,21,1,45,1152,186,47,1,1386,0,0,0,1386
12/28/2011,PHX,AZ,AWP,WE,Towers with Radar,1176,175,33,6,1390,0,24,11,2,37,1176,199,44,8,1427,0,0,0,1427
12/29/2011,PHX,AZ,AWP,WE,Towers with Radar,1122,189,21,7,1339,0,30,17,1,48,1122,219,38,8,1387,0,0,0,1387
12/30/2011,PHX,AZ,AWP,WE,Towers with Radar,1142,171,27,3,1343,0,20,16,0,36,1142,191,43,3,1379,0,0,0,1379
12/31/2011,PHX,AZ,AWP,WE,Towers with Radar,959,130,23,0,1112,0,32,4,2,38,959,162,27,2,1150,0,0,0,1150
01/01/2012,PHX,AZ,AWP,WE,Towers with Radar,970,135,24,0,1129,0,18,16,2,36,970,153,40,2,1165,0,0,0,1165
01/02/2012,PHX,AZ,AWP,WE,Towers with Radar,1132,153,56,2,1343,0,17,11,0,28,1132,170,67,2,1371,0,0,0,1371
01/03/2012,PHX,AZ,AWP,WE,Towers with Radar,1137,182,62,2,1383,0,31,28,0,59,1137,213,90,2,1442,0,0,0,1442
01/04/2012,PHX,AZ,AWP,WE,Towers with Radar,1047,178,34,6,1265,0,33,34,0,67,1047,211,68,6,1332,0,0,0,1332
01/05/2012,PHX,AZ,AWP,WE,Towers with Radar,1021,174,46,6,1247,0,32,25,0,57,1021,206,71,6,1304,0,0,0,1304
01/06/2012,PHX,AZ,AWP,WE,Towers with Radar,1027,161,31,8,1227,0,26,21,0,47,1027,187,52,8,1274,0,0,0,1274
01/07/2012,PHX,AZ,AWP,WE,Towers with Radar,887,119,16,8,1030,0,28,23,0,51,887,147,39,8,1081,0,0,0,1081
01/08/2012,PHX,AZ,AWP,WE,Towers with Radar,970,127,18,5,1120,0,8,10,0,18,970,135,28,5,1138,0,0,0,1138
01/09/2012,PHX,AZ,AWP,WE,Towers with Radar,997,157,33,7,1194,1,29,25,1,56,998,186,58,8,1250,0,0,0,1250
01/10/2012,PHX,AZ,AWP,WE,Towers with Radar,986,170,52,6,1214,0,26,19,3,48,986,196,71,9,1262,0,0,0,1262
01/11/2012,PHX,AZ,AWP,WE,Towers with Radar,994,162,41,6,1203,0,31,16,1,48,994,193,57,7,1251,0,0,0,1251
01/12/2012,PHX,AZ,AWP,WE,Towers with Radar,1019,174,55,3,1251,0,22,21,0,43,1019,196,76,3,1294,0,0,0,1294
01/13/2012,PHX,AZ,AWP,WE,Towers with Radar,1031,168,38,9,1246,0,20,16,0,36,1031,188,54,9,1282,0,0,0,1282
01/14/2012,PHX,AZ,AWP,WE,Towers with Radar,865,123,21,1,1010,0,24,6,0,30,865,147,27,1,1040,0,0,0,1040
01/15/2012,PHX,AZ,AWP,WE,Towers with Radar,963,130,44,7,1144,0,15,2,0,17,963,145,46,7,1161,0,0,0,1161
01/16/2012,PHX,AZ,AWP,WE,Towers with Radar,1002,157,32,5,1196,0,15,10,1,26,1002,172,42,6,1222,0,0,0,1222
01/17/2012,PHX,AZ,AWP,WE,Towers with Radar,989,164,57,13,1223,0,17,14,4,35,989,181,71,17,1258,1,0,1,1259
01/18/2012,PHX,AZ,AWP,WE,Towers with Radar,980,171,50,5,1206,0,32,15,0,47,980,203,65,5,1253,0,0,0,1253
01/19/2012,PHX,AZ,AWP,WE,Towers with Radar,994,172,67,6,1239,0,32,23,0,55,994,204,90,6,1294,0,0,0,1294
01/20/2012,PHX,AZ,AWP,WE,Towers with Radar,998,159,46,16,1219,0,30,13,1,44,998,189,59,17,1263,0,0,0,1263
01/21/2012,PHX,AZ,AWP,WE,Towers with Radar,873,121,14,16,1024,0,13,8,1,22,873,134,22,17,1046,0,0,0,1046
01/22/2012,PHX,AZ,AWP,WE,Towers with Radar,965,121,42,12,1140,0,15,5,2,22,965,136,47,14,1162,0,0,0,1162
01/23/2012,PHX,AZ,AWP,WE,Towers with Radar,1010,164,42,4,1220,0,23,10,0,33,1010,187,52,4,1253,0,0,0,1253
01/24/2012,PHX,AZ,AWP,WE,Towers with Radar,995,178,39,3,1215,0,18,17,1,36,995,196,56,4,1251,4,0,4,1255
01/25/2012,PHX,AZ,AWP,WE,Towers with Radar,984,175,35,7,1201,0,16,14,4,34,984,191,49,11,1235,0,0,0,1235
01/26/2012,PHX,AZ,AWP,WE,Towers with Radar,1018,182,48,9,1257,0,15,22,1,38,1018,197,70,10,1295,0,0,0,1295
01/27/2012,PHX,AZ,AWP,WE,Towers with Radar,1029,163,38,11,1241,0,20,16,0,36,1029,183,54,11,1277,0,0,0,1277
01/28/2012,PHX,AZ,AWP,WE,Towers with Radar,857,124,30,7,1018,0,13,14,0,27,857,137,44,7,1045,0,0,0,1045
01/29/2012,PHX,AZ,AWP,WE,Towers with Radar,957,145,28,0,1130,0,12,9,0,21,957,157,37,0,1151,0,0,0,1151
01/30/2012,PHX,AZ,AWP,WE,Towers with Radar,995,159,37,5,1196,0,11,20,1,32,995,170,57,6,1228,0,0,0,1228
01/31/2012,PHX,AZ,AWP,WE,Towers with Radar,987,169,48,9,1213,0,23,21,2,46,987,192,69,11,1259,0,0,0,1259
02/01/2012,PHX,AZ,AWP,WE,Towers with Radar,980,189,34,10,1213,0,23,24,6,53,980,212,58,16,1266,0,0,0,1266
02/02/2012,PHX,AZ,AWP,WE,Towers with Radar,1012,180,45,6,1243,0,20,17,0,37,1012,200,62,6,1280,0,0,0,1280
02/03/2012,PHX,AZ,AWP,WE,Towers with Radar,998,174,45,7,1224,0,24,22,0,46,998,198,67,7,1270,2,0,2,1272
02/04/2012,PHX,AZ,AWP,WE,Towers with Radar,858,136,25,5,1024,0,17,10,1,28,858,153,35,6,1052,0,0,0,1052
02/05/2012,PHX,AZ,AWP,WE,Towers with Radar,944,131,23,4,1102,0,4,5,0,9,944,135,28,4,1111,0,0,0,1111
02/06/2012,PHX,AZ,AWP,WE,Towers with Radar,998,157,45,3,1203,0,36,11,0,47,998,193,56,3,1250,0,0,0,1250
02/07/2012,PHX,AZ,AWP,WE,Towers with Radar,972,184,38,6,1200,0,16,14,0,30,972,200,52,6,1230,3,0,3,1233
02/08/2012,PHX,AZ,AWP,WE,Towers with Radar,983,174,39,7,1203,0,24,20,5,49,983,198,59,12,1252,0,0,0,1252
02/09/2012,PHX,AZ,AWP,WE,Towers with Radar,1021,168,64,3,1256,0,29,35,0,64,1021,197,99,3,1320,3,0,3,1323
02/10/2012,PHX,AZ,AWP,WE,Towers with Radar,1017,175,42,13,1247,0,37,19,0,56,1017,212,61,13,1303,0,0,0,1303
02/11/2012,PHX,AZ,AWP,WE,Towers with Radar,858,137,22,18,1035,0,17,4,1,22,858,154,26,19,1057,0,0,0,1057
02/12/2012,PHX,AZ,AWP,WE,Towers with Radar,983,132,24,3,1142,0,7,15,0,22,983,139,39,3,1164,0,0,0,1164
02/13/2012,PHX,AZ,AWP,WE,Towers with Radar,1012,180,47,6,1245,0,22,22,1,45,1012,202,69,7,1290,0,0,0,1290
02/14/2012,PHX,AZ,AWP,WE,Towers with Radar,1009,172,45,4,1230,0,26,8,1,35,1009,198,53,5,1265,2,0,2,1267
02/15/2012,PHX,AZ,AWP,WE,Towers with Radar,1022,181,70,4,1277,0,30,10,0,40,1022,211,80,4,1317,2,0,2,1319
02/16/2012,PHX,AZ,AWP,WE,Towers with Radar,1073,189,55,6,1323,0,28,19,2,49,1073,217,74,8,1372,0,0,0,1372
02/17/2012,PHX,AZ,AWP,WE,Towers with Radar,1092,179,58,21,1350,0,33,56,0,89,1092,212,114,21,1439,1,0,1,1440
02/18/2012,PHX,AZ,AWP,WE,Towers with Radar,915,142,25,15,1097,0,23,26,3,52,915,165,51,18,1149,0,0,0,1149
02/19/2012,PHX,AZ,AWP,WE,Towers with Radar,1019,146,29,5,1199,0,13,17,0,30,1019,159,46,5,1229,0,0,0,1229
02/20/2012,PHX,AZ,AWP,WE,Towers with Radar,1040,171,53,4,1268,1,25,31,0,57,1041,196,84,4,1325,0,0,0,1325
02/21/2012,PHX,AZ,AWP,WE,Towers with Radar,1038,184,56,1,1279,0,29,38,5,72,1038,213,94,6,1351,5,0,5,1356
02/22/2012,PHX,AZ,AWP,WE,Towers with Radar,1025,176,58,10,1269,0,37,19,1,57,1025,213,77,11,1326,0,0,0,1326
02/23/2012,PHX,AZ,AWP,WE,Towers with Radar,1038,172,61,4,1275,0,46,33,5,84,1038,218,94,9,1359,0,0,0,1359
02/24/2012,PHX,AZ,AWP,WE,Towers with Radar,1035,189,32,21,1277,0,25,41,6,72,1035,214,73,27,1349,0,0,0,1349
02/25/2012,PHX,AZ,AWP,WE,Towers with Radar,879,149,23,15,1066,0,24,18,4,46,879,173,41,19,1112,1,0,1,1113
02/26/2012,PHX,AZ,AWP,WE,Towers with Radar,982,150,40,11,1183,0,16,34,5,55,982,166,74,16,1238,0,0,0,1238
02/27/2012,PHX,AZ,AWP,WE,Towers with Radar,1013,177,47,5,1242,0,7,12,3,22,1013,184,59,8,1264,0,0,0,1264
02/28/2012,PHX,AZ,AWP,WE,Towers with Radar,1029,195,45,11,1280,0,12,36,4,52,1029,207,81,15,1332,0,0,0,1332
02/29/2012,PHX,AZ,AWP,WE,Towers with Radar,1026,179,39,9,1253,0,21,48,5,74,1026,200,87,14,1327,9,0,9,1336
03/01/2012,PHX,AZ,AWP,WE,Towers with Radar,1059,173,56,6,1294,0,24,29,3,56,1059,197,85,9,1350,0,0,0,1350
03/02/2012,PHX,AZ,AWP,WE,Towers with Radar,1058,179,38,13,1288,0,16,23,0,39,1058,195,61,13,1327,3,0,3,1330
03/03/2012,PHX,AZ,AWP,WE,Towers with Radar,885,159,32,8,1084,0,14,34,2,50,885,173,66,10,1134,0,0,0,1134
03/04/2012,PHX,AZ,AWP,WE,Towers with Radar,960,173,49,3,1185,0,19,38,4,61,960,192,87,7,1246,0,0,0,1246
03/05/2012,PHX,AZ,AWP,WE,Towers with Radar,1014,209,37,3,1263,1,17,21,0,39,1015,226,58,3,1302,0,0,0,1302
03/06/2012,PHX,AZ,AWP,WE,Towers with Radar,997,213,75,3,1288,0,24,26,3,53,997,237,101,6,1341,2,0,2,1343
03/07/2012,PHX,AZ,AWP,WE,Towers with Radar,994,219,54,7,1274,0,11,23,1,35,994,230,77,8,1309,0,1,1,1310
03/08/2012,PHX,AZ,AWP,WE,Towers with Radar,1063,231,44,9,1347,0,22,53,0,75,1063,253,97,9,1422,0,0,0,1422
03/09/2012,PHX,AZ,AWP,WE,Towers with Radar,1074,220,41,9,1344,0,27,31,0,58,1074,247,72,9,1402,3,0,3,1405
03/10/2012,PHX,AZ,AWP,WE,Towers with Radar,973,183,25,5,1186,0,21,27,5,53,973,204,52,10,1239,0,0,0,1239
03/11/2012,PHX,AZ,AWP,WE,Towers with Radar,1050,194,28,6,1278,0,7,21,1,29,1050,201,49,7,1307,0,0,0,1307
03/12/2012,PHX,AZ,AWP,WE,Towers with Radar,1029,213,49,8,1299,0,24,32,3,59,1029,237,81,11,1358,0,0,0,1358
03/13/2012,PHX,AZ,AWP,WE,Towers with Radar,1003,235,68,5,1311,0,20,16,4,40,1003,255,84,9,1351,2,0,2,1353
03/14/2012,PHX,AZ,AWP,WE,Towers with Radar,1026,230,57,8,1321,0,27,26,7,60,1026,257,83,15,1381,2,0,2,1383
03/15/2012,PHX,AZ,AWP,WE,Towers with Radar,1080,224,64,7,1375,0,25,28,2,55,1080,249,92,9,1430,0,0,0,1430
03/16/2012,PHX,AZ,AWP,WE,Towers with Radar,1084,206,58,17,1365,0,28,28,3,59,1084,234,86,20,1424,0,0,0,1424
03/17/2012,PHX,AZ,AWP,WE,Towers with Radar,968,188,33,23,1212,0,27,20,2,49,968,215,53,25,1261,0,0,0,1261
03/18/2012,PHX,AZ,AWP,WE,Towers with Radar,1025,169,33,3,1230,0,6,9,0,15,1025,175,42,3,1245,1,0,1,1246
03/19/2012,PHX,AZ,AWP,WE,Towers with Radar,1024,219,56,9,1308,0,21,20,0,41,1024,240,76,9,1349,0,0,0,1349
03/20/2012,PHX,AZ,AWP,WE,Towers with Radar,1013,219,56,18,1306,0,32,28,3,63,1013,251,84,21,1369,0,0,0,1369
03/21/2012,PHX,AZ,AWP,WE,Towers with Radar,1031,205,48,4,1288,0,42,31,1,74,1031,247,79,5,1362,0,0,0,1362
03/22/2012,PHX,AZ,AWP,WE,Towers with Radar,1091,231,52,7,1381,0,31,26,0,57,1091,262,78,7,1438,0,0,0,1438
03/23/2012,PHX,AZ,AWP,WE,Towers with Radar,1079,228,36,19,1362,0,35,18,2,55,1079,263,54,21,1417,1,0,1,1418
03/24/2012,PHX,AZ,AWP,WE,Towers with Radar,972,183,36,9,1200,0,16,20,5,41,972,199,56,14,1241,1,0,1,1242
03/25/2012,PHX,AZ,AWP,WE,Towers with Radar,1037,186,37,3,1263,0,12,26,4,42,1037,198,63,7,1305,0,0,0,1305
03/26/2012,PHX,AZ,AWP,WE,Towers with Radar,1022,209,46,11,1288,0,28,41,4,73,1022,237,87,15,1361,0,0,0,1361
03/27/2012,PHX,AZ,AWP,WE,Towers with Radar,1019,205,47,18,1289,0,31,49,6,86,1019,236,96,24,1375,2,0,2,1377
03/28/2012,PHX,AZ,AWP,WE,Towers with Radar,1014,217,41,7,1279,0,35,51,2,88,1014,252,92,9,1367,0,0,0,1367
03/29/2012,PHX,AZ,AWP,WE,Towers with Radar,1074,221,71,9,1375,0,28,30,0,58,1074,249,101,9,1433,0,0,0,1433
03/30/2012,PHX,AZ,AWP,WE,Towers with Radar,1079,221,49,19,1368,0,27,36,0,63,1079,248,85,19,1431,5,0,5,1436
03/31/2012,PHX,AZ,AWP,WE,Towers with Radar,953,181,24,16,1174,0,28,18,7,53,953,209,42,23,1227,0,1,1,1228
04/01/2012,PHX,AZ,AWP,WE,Towers with Radar,1021,188,36,3,1248,0,7,18,0,25,1021,195,54,3,1273,1,0,1,1274
04/02/2012,PHX,AZ,AWP,WE,Towers with Radar,1026,195,36,0,1257,0,28,13,1,42,1026,223,49,1,1299,0,0,0,1299
04/03/2012,PHX,AZ,AWP,WE,Towers with Radar,997,215,53,4,1269,0,23,40,7,70,997,238,93,11,1339,0,0,0,1339
04/04/2012,PHX,AZ,AWP,WE,Towers with Radar,1006,209,40,7,1262,0,33,65,6,104,1006,242,105,13,1366,1,0,1,1367
04/05/2012,PHX,AZ,AWP,WE,Towers with Radar,1015,224,67,8,1314,0,32,25,3,60,1015,256,92,11,1374,0,0,0,1374
04/06/2012,PHX,AZ,AWP,WE,Towers with Radar,1017,201,39,9,1266,0,31,33,4,68,1017,232,72,13,1334,2,0,2,1336
04/07/2012,PHX,AZ,AWP,WE,Towers with Radar,885,182,21,2,1090,0,11,32,6,49,885,193,53,8,1139,0,0,0,1139
04/08/2012,PHX,AZ,AWP,WE,Towers with Radar,963,175,20,4,1162,0,17,44,1,62,963,192,64,5,1224,0,0,0,1224
04/09/2012,PHX,AZ,AWP,WE,Towers with Radar,1004,203,36,6,1249,1,30,70,2,103,1005,233,106,8,1352,0,0,0,1352
04/10/2012,PHX,AZ,AWP,WE,Towers with Radar,984,201,41,7,1233,0,21,22,0,43,984,222,63,7,1276,2,0,2,1278
04/11/2012,PHX,AZ,AWP,WE,Towers with Radar,977,222,42,6,1247,0,26,29,2,57,977,248,71,8,1304,2,0,2,1306
04/12/2012,PHX,AZ,AWP,WE,Towers with Radar,1045,225,43,6,1319,0,30,27,0,57,1045,255,70,6,1376,1,1,2,1378
04/13/2012,PHX,AZ,AWP,WE,Towers with Radar,1064,212,33,3,1312,0,26,32,1,59,1064,238,65,4,1371,0,0,0,1371
04/14/2012,PHX,AZ,AWP,WE,Towers with Radar,875,183,27,5,1090,0,9,16,4,29,875,192,43,9,1119,1,0,1,1120
04/15/2012,PHX,AZ,AWP,WE,Towers with Radar,1011,185,19,3,1218,0,8,38,0,46,1011,193,57,3,1264,0,0,0,1264
04/16/2012,PHX,AZ,AWP,WE,Towers with Radar,1005,201,34,5,1245,0,25,39,2,66,1005,226,73,7,1311,0,0,0,1311
04/17/2012,PHX,AZ,AWP,WE,Towers with Radar,975,217,57,3,1252,0,24,21,9,54,975,241,78,12,1306,1,0,1,1307
04/18/2012,PHX,AZ,AWP,WE,Towers with Radar,988,224,55,3,1270,0,27,37,2,66,988,251,92,5,1336,0,0,0,1336
04/19/2012,PHX,AZ,AWP,WE,Towers with Radar,1015,209,70,4,1298,0,30,32,11,73,1015,239,102,15,1371,1,0,1,1372
04/20/2012,PHX,AZ,AWP,WE,Towers with Radar,1012,204,43,11,1270,0,30,32,0,62,1012,234,75,11,1332,1,0,1,1333
04/21/2012,PHX,AZ,AWP,WE,Towers with Radar,885,190,33,5,1113,0,24,23,1,48,885,214,56,6,1161,0,0,0,1161
04/22/2012,PHX,AZ,AWP,WE,Towers with Radar,960,175,26,5,1166,0,12,15,0,27,960,187,41,5,1193,2,0,2,1195
04/23/2012,PHX,AZ,AWP,WE,Towers with Radar,994,191,30,7,1222,0,34,26,2,62,994,225,56,9,1284,0,0,0,1284
04/24/2012,PHX,AZ,AWP,WE,Towers with Radar,993,198,45,6,1242,0,26,35,4,65,993,224,80,10,1307,0,0,0,1307
04/25/2012,PHX,AZ,AWP,WE,Towers with Radar,996,199,43,8,1246,0,32,27,1,60,996,231,70,9,1306,0,0,0,1306
04/26/2012,PHX,AZ,AWP,WE,Towers with Radar,1013,214,51,6,1284,0,30,23,3,56,1013,244,74,9,1340,0,0,0,1340
04/27/2012,PHX,AZ,AWP,WE,Towers with Radar,1008,206,32,6,1252,0,41,37,4,82,1008,247,69,10,1334,3,0,3,1337
04/28/2012,PHX,AZ,AWP,WE,Towers with Radar,878,170,20,2,1070,0,21,12,0,33,878,191,32,2,1103,5,0,5,1108
04/29/2012,PHX,AZ,AWP,WE,Towers with Radar,951,171,18,2,1142,0,22,19,1,42,951,193,37,3,1184,0,0,0,1184
04/30/2012,PHX,AZ,AWP,WE,Towers with Radar,981,210,40,0,1231,0,26,35,1,62,981,236,75,1,1293,2,0,2,1295
05/01/2012,PHX,AZ,AWP,WE,Towers with Radar,951,213,53,0,1217,0,27,20,5,52,951,240,73,5,1269,1,0,1,1270
05/02/2012,PHX,AZ,AWP,WE,Towers with Radar,966,211,43,1,1221,0,50,14,4,68,966,261,57,5,1289,0,0,0,1289
05/03/2012,PHX,AZ,AWP,WE,Towers with Radar,986,212,30,5,1233,0,25,35,0,60,986,237,65,5,1293,0,0,0,1293
05/04/2012,PHX,AZ,AWP,WE,Towers with Radar,989,215,31,4,1239,0,35,22,0,57,989,250,53,4,1296,3,0,3,1299
05/05/2012,PHX,AZ,AWP,WE,Towers with Radar,839,171,25,3,1038,0,12,15,0,27,839,183,40,3,1065,4,0,4,1069
05/06/2012,PHX,AZ,AWP,WE,Towers with Radar,934,173,28,0,1135,0,12,18,1,31,934,185,46,1,1166,1,0,1,1167
05/07/2012,PHX,AZ,AWP,WE,Towers with Radar,974,194,28,6,1202,1,24,31,0,56,975,218,59,6,1258,0,0,0,1258
05/08/2012,PHX,AZ,AWP,WE,Towers with Radar,952,199,34,2,1187,0,29,25,5,59,952,228,59,7,1246,0,0,0,1246
05/09/2012,PHX,AZ,AWP,WE,Towers with Radar,957,207,45,9,1218,0,28,15,5,48,957,235,60,14,1266,0,0,0,1266
05/10/2012,PHX,AZ,AWP,WE,Towers with Radar,992,206,43,11,1252,0,30,14,1,45,992,236,57,12,1297,0,0,0,1297
05/11/2012,PHX,AZ,AWP,WE,Towers with Radar,990,201,68,14,1273,0,39,30,2,71,990,240,98,16,1344,0,0,0,1344
05/12/2012,PHX,AZ,AWP,WE,Towers with Radar,854,187,21,6,1068,0,26,17,9,52,854,213,38,15,1120,0,0,0,1120
05/13/2012,PHX,AZ,AWP,WE,Towers with Radar,944,170,35,6,1155,0,11,16,1,28,944,181,51,7,1183,0,0,0,1183
05/14/2012,PHX,AZ,AWP,WE,Towers with Radar,985,202,43,5,1235,0,22,27,6,55,985,224,70,11,1290,0,0,0,1290
05/15/2012,PHX,AZ,AWP,WE,Towers with Radar,960,213,52,6,1231,0,29,20,1,50,960,242,72,7,1281,0,0,0,1281
05/16/2012,PHX,AZ,AWP,WE,Towers with Radar,972,228,49,7,1256,0,24,29,2,55,972,252,78,9,1311,0,0,0,1311
05/17/2012,PHX,AZ,AWP,WE,Towers with Radar,1028,209,56,8,1301,0,25,30,2,57,1028,234,86,10,1358,0,0,0,1358
05/18/2012,PHX,AZ,AWP,WE,Towers with Radar,990,218,41,4,1253,0,35,28,3,66,990,253,69,7,1319,0,0,0,1319
05/19/2012,PHX,AZ,AWP,WE,Towers with Radar,856,177,23,2,1058,0,8,20,10,38,856,185,43,12,1096,0,0,0,1096
05/20/2012,PHX,AZ,AWP,WE,Towers with Radar,942,179,24,3,1148,0,10,17,0,27,942,189,41,3,1175,0,0,0,1175
05/21/2012,PHX,AZ,AWP,WE,Towers with Radar,977,196,34,5,1212,0,28,27,0,55,977,224,61,5,1267,0,0,0,1267
05/22/2012,PHX,AZ,AWP,WE,Towers with Radar,957,207,52,7,1223,0,29,18,6,53,957,236,70,13,1276,0,0,0,1276
05/23/2012,PHX,AZ,AWP,WE,Towers with Radar,1016,215,39,4,1274,0,24,10,3,37,1016,239,49,7,1311,0,0,0,1311
05/24/2012,PHX,AZ,AWP,WE,Towers with Radar,1054,214,41,7,1316,0,27,25,0,52,1054,241,66,7,1368,0,0,0,1368
05/25/2012,PHX,AZ,AWP,WE,Towers with Radar,1038,223,40,5,1306,0,29,12,2,43,1038,252,52,7,1349,0,2,2,1351
05/26/2012,PHX,AZ,AWP,WE,Towers with Radar,804,166,18,1,989,0,34,28,10,72,804,200,46,11,1061,2,0,2,1063
05/27/2012,PHX,AZ,AWP,WE,Towers with Radar,805,153,13,2,973,0,20,14,8,42,805,173,27,10,1015,0,0,0,1015
05/28/2012,PHX,AZ,AWP,WE,Towers with Radar,952,174,30,0,1156,0,7,14,2,23,952,181,44,2,1179,0,0,0,1179
05/29/2012,PHX,AZ,AWP,WE,Towers with Radar,958,201,30,1,1190,0,34,27,10,71,958,235,57,11,1261,0,0,0,1261
05/30/2012,PHX,AZ,AWP,WE,Towers with Radar,978,210,33,5,1226,0,23,25,6,54,978,233,58,11,1280,0,0,0,1280
05/31/2012,PHX,AZ,AWP,WE,Towers with Radar,973,213,56,6,1248,0,34,35,0,69,973,247,91,6,1317,1,0,1,1318
06/01/2012,PHX,AZ,AWP,WE,Towers with Radar,975,212,35,5,1227,0,23,28,0,51,975,235,63,5,1278,0,0,0,1278
06/02/2012,PHX,AZ,AWP,WE,Towers with Radar,864,168,10,3,1045,0,16,22,0,38,864,184,32,3,1083,0,0,0,1083
06/03/2012,PHX,AZ,AWP,WE,Towers with Radar,926,176,19,2,1123,0,9,7,0,16,926,185,26,2,1139,0,0,0,1139
06/04/2012,PHX,AZ,AWP,WE,Towers with Radar,968,212,25,2,1207,1,34,32,0,67,969,246,57,2,1274,0,0,0,1274
06/05/2012,PHX,AZ,AWP,WE,Towers with Radar,965,218,32,6,1221,0,26,13,6,45,965,244,45,12,1266,0,0,0,1266
06/06/2012,PHX,AZ,AWP,WE,Towers with Radar,951,218,34,7,1210,0,32,22,3,57,951,250,56,10,1267,1,1,2,1269
06/07/2012,PHX,AZ,AWP,WE,Towers with Radar,1040,213,34,4,1291,0,32,26,1,59,1040,245,60,5,1350,0,0,0,1350
06/08/2012,PHX,AZ,AWP,WE,Towers with Radar,976,205,40,5,1226,0,37,16,2,55,976,242,56,7,1281,0,0,0,1281
06/09/2012,PHX,AZ,AWP,WE,Towers with Radar,870,166,14,5,1055,0,16,13,1,30,870,182,27,6,1085,1,0,1,1086
06/10/2012,PHX,AZ,AWP,WE,Towers with Radar,978,175,26,5,1184,0,9,14,2,25,978,184,40,7,1209,0,0,0,1209
06/11/2012,PHX,AZ,AWP,WE,Towers with Radar,969,193,22,0,1184,0,34,19,2,55,969,227,41,2,1239,0,0,0,1239
06/12/2012,PHX,AZ,AWP,WE,Towers with Radar,956,207,33,6,1202,0,39,21,1,61,956,246,54,7,1263,0,0,0,1263
06/13/2012,PHX,AZ,AWP,WE,Towers with Radar,1022,202,42,9,1275,0,40,16,4,60,1022,242,58,13,1335,2,0,2,1337
06/14/2012,PHX,AZ,AWP,WE,Towers with Radar,1027,213,30,11,1281,0,24,24,0,48,1027,237,54,11,1329,4,0,4,1333
06/15/2012,PHX,AZ,AWP,WE,Towers with Radar,1021,214,30,3,1268,0,31,20,3,54,1021,245,50,6,1322,1,0,1,1323
06/16/2012,PHX,AZ,AWP,WE,Towers with Radar,912,178,23,0,1113,0,17,8,0,25,912,195,31,0,1138,3,0,3,1141
06/17/2012,PHX,AZ,AWP,WE,Towers with Radar,976,175,25,1,1177,0,9,9,1,19,976,184,34,2,1196,0,0,0,1196
06/18/2012,PHX,AZ,AWP,WE,Towers with Radar,999,200,27,4,1230,1,23,7,2,33,1000,223,34,6,1263,0,0,0,1263
06/19/2012,PHX,AZ,AWP,WE,Towers with Radar,964,210,36,6,1216,0,51,25,11,87,964,261,61,17,1303,0,0,0,1303
06/20/2012,PHX,AZ,AWP,WE,Towers with Radar,1019,229,41,0,1289,0,29,22,6,57,1019,258,63,6,1346,1,0,1,1347
06/21/2012,PHX,AZ,AWP,WE,Towers with Radar,1023,218,34,1,1276,1,28,22,0,51,1024,246,56,1,1327,0,0,0,1327
06/22/2012,PHX,AZ,AWP,WE,Towers with Radar,996,219,32,5,1252,0,32,18,0,50,996,251,50,5,1302,0,0,0,1302
06/23/2012,PHX,AZ,AWP,WE,Towers with Radar,921,169,14,2,1106,0,15,26,0,41,921,184,40,2,1147,4,0,4,1151
06/24/2012,PHX,AZ,AWP,WE,Towers with Radar,969,180,24,2,1175,0,5,14,0,19,969,185,38,2,1194,2,0,2,1196
06/25/2012,PHX,AZ,AWP,WE,Towers with Radar,1013,202,37,0,1252,1,42,38,4,85,1014,244,75,4,1337,0,0,0,1337
06/26/2012,PHX,AZ,AWP,WE,Towers with Radar,973,213,49,0,1235,0,34,32,1,67,973,247,81,1,1302,0,0,0,1302
06/27/2012,PHX,AZ,AWP,WE,Towers with Radar,1021,215,55,3,1294,0,33,34,0,67,1021,248,89,3,1361,0,0,0,1361
06/28/2012,PHX,AZ,AWP,WE,Towers with Radar,1025,213,38,4,1280,0,35,33,2,70,1025,248,71,6,1350,0,0,0,1350
06/29/2012,PHX,AZ,AWP,WE,Towers with Radar,1011,216,41,4,1272,0,23,29,8,60,1011,239,70,12,1332,0,0,0,1332
06/30/2012,PHX,AZ,AWP,WE,Towers with Radar,933,183,24,2,1142,0,23,8,6,37,933,206,32,8,1179,2,0,2,1181
07/01/2012,PHX,AZ,AWP,WE,Towers with Radar,997,148,7,3,1155,0,14,10,2,26,997,162,17,5,1181,0,0,0,1181
07/02/2012,PHX,AZ,AWP,WE,Towers with Radar,986,168,20,3,1177,1,36,29,0,66,987,204,49,3,1243,0,0,0,1243
07/03/2012,PHX,AZ,AWP,WE,Towers with Radar,973,175,28,3,1179,0,22,21,3,46,973,197,49,6,1225,0,0,0,1225
07/04/2012,PHX,AZ,AWP,WE,Towers with Radar,871,153,17,1,1042,0,8,6,0,14,871,161,23,1,1056,0,0,0,1056
07/05/2012,PHX,AZ,AWP,WE,Towers with Radar,979,171,17,5,1172,0,31,24,0,55,979,202,41,5,1227,1,0,1,1228
07/06/2012,PHX,AZ,AWP,WE,Towers with Radar,977,169,26,2,1174,0,23,13,0,36,977,192,39,2,1210,0,0,0,1210
07/07/2012,PHX,AZ,AWP,WE,Towers with Radar,930,147,17,6,1100,0,16,11,4,31,930,163,28,10,1131,0,0,0,1131
07/08/2012,PHX,AZ,AWP,WE,Towers with Radar,987,149,21,2,1159,0,4,18,0,22,987,153,39,2,1181,0,0,0,1181
07/09/2012,PHX,AZ,AWP,WE,Towers with Radar,1033,174,38,3,1248,0,27,21,2,50,1033,201,59,5,1298,0,0,0,1298
07/10/2012,PHX,AZ,AWP,WE,Towers with Radar,994,195,35,9,1233,0,26,27,10,63,994,221,62,19,1296,0,0,0,1296
07/11/2012,PHX,AZ,AWP,WE,Towers with Radar,1020,183,27,4,1234,0,23,24,1,48,1020,206,51,5,1282,0,0,0,1282
07/12/2012,PHX,AZ,AWP,WE,Towers with Radar,1074,173,45,5,1297,0,25,12,0,37,1074,198,57,5,1334,0,0,0,1334
07/13/2012,PHX,AZ,AWP,WE,Towers with Radar,1045,179,38,5,1267,1,32,39,5,77,1046,211,77,10,1344,0,0,0,1344
07/14/2012,PHX,AZ,AWP,WE,Towers with Radar,929,158,19,5,1111,0,11,29,2,42,929,169,48,7,1153,1,0,1,1154
07/15/2012,PHX,AZ,AWP,WE,Towers with Radar,988,155,34,1,1178,0,8,6,0,14,988,163,40,1,1192,0,0,0,1192
07/16/2012,PHX,AZ,AWP,WE,Towers with Radar,1030,170,27,2,1229,1,30,13,0,44,1031,200,40,2,1273,0,0,0,1273
07/17/2012,PHX,AZ,AWP,WE,Towers with Radar,983,186,52,6,1227,0,35,29,2,66,983,221,81,8,1293,0,0,0,1293
07/18/2012,PHX,AZ,AWP,WE,Towers with Radar,1015,187,34,4,1240,0,38,25,0,63,1015,225,59,4,1303,0,0,0,1303
07/19/2012,PHX,AZ,AWP,WE,Towers with Radar,1048,188,37,2,1275,0,26,24,0,50,1048,214,61,2,1325,0,0,0,1325
07/20/2012,PHX,AZ,AWP,WE,Towers with Radar,1032,188,36,6,1262,0,26,21,2,49,1032,214,57,8,1311,3,0,3,1314
07/21/2012,PHX,AZ,AWP,WE,Towers with Radar,917,143,18,1,1079,0,18,15,4,37,917,161,33,5,1116,1,0,1,1117
07/22/2012,PHX,AZ,AWP,WE,Towers with Radar,987,154,24,0,1165,0,14,14,0,28,987,168,38,0,1193,0,0,0,1193
07/23/2012,PHX,AZ,AWP,WE,Towers with Radar,1023,166,19,1,1209,1,21,22,0,44,1024,187,41,1,1253,0,0,0,1253
07/24/2012,PHX,AZ,AWP,WE,Towers with Radar,973,177,34,2,1186,0,23,9,2,34,973,200,43,4,1220,0,0,0,1220
07/25/2012,PHX,AZ,AWP,WE,Towers with Radar,1024,181,43,4,1252,0,30,19,0,49,1024,211,62,4,1301,7,0,7,1308
07/26/2012,PHX,AZ,AWP,WE,Towers with Radar,1034,174,45,4,1257,0,25,28,0,53,1034,199,73,4,1310,0,0,0,1310
07/27/2012,PHX,AZ,AWP,WE,Towers with Radar,1043,187,28,8,1266,0,21,26,0,47,1043,208,54,8,1313,0,0,0,1313
07/28/2012,PHX,AZ,AWP,WE,Towers with Radar,933,150,24,6,1113,0,11,6,1,18,933,161,30,7,1131,1,0,1,1132
07/29/2012,PHX,AZ,AWP,WE,Towers with Radar,999,144,19,6,1168,0,12,10,0,22,999,156,29,6,1190,0,0,0,1190
07/30/2012,PHX,AZ,AWP,WE,Towers with Radar,1020,175,30,5,1230,0,21,23,1,45,1020,196,53,6,1275,0,0,0,1275
07/31/2012,PHX,AZ,AWP,WE,Towers with Radar,971,177,29,4,1181,0,25,32,1,58,971,202,61,5,1239,0,0,0,1239
08/01/2012,PHX,AZ,AWP,WE,Towers with Radar,1024,183,48,5,1260,1,27,19,0,47,1025,210,67,5,1307,6,0,6,1313
08/02/2012,PHX,AZ,AWP,WE,Towers with Radar,1032,194,43,4,1273,1,29,22,10,62,1033,223,65,14,1335,0,0,0,1335
08/03/2012,PHX,AZ,AWP,WE,Towers with Radar,1026,167,35,5,1233,1,24,32,1,58,1027,191,67,6,1291,0,0,0,1291
08/04/2012,PHX,AZ,AWP,WE,Towers with Radar,931,146,19,3,1099,0,24,6,0,30,931,170,25,3,1129,0,0,0,1129
08/05/2012,PHX,AZ,AWP,WE,Towers with Radar,979,151,18,2,1150,0,14,16,0,30,979,165,34,2,1180,0,0,0,1180
08/06/2012,PHX,AZ,AWP,WE,Towers with Radar,980,164,28,2,1174,0,18,8,2,28,980,182,36,4,1202,0,0,0,1202
08/07/2012,PHX,AZ,AWP,WE,Towers with Radar,962,175,47,4,1188,0,26,18,8,52,962,201,65,12,1240,0,0,0,1240
08/08/2012,PHX,AZ,AWP,WE,Towers with Radar,978,174,43,3,1198,0,32,36,1,69,978,206,79,4,1267,0,0,0,1267
08/09/2012,PHX,AZ,AWP,WE,Towers with Radar,975,177,34,2,1188,0,36,29,2,67,975,213,63,4,1255,0,0,0,1255
08/10/2012,PHX,AZ,AWP,WE,Towers with Radar,985,167,33,6,1191,0,31,11,3,45,985,198,44,9,1236,2,0,2,1238
08/11/2012,PHX,AZ,AWP,WE,Towers with Radar,884,141,11,0,1036,0,14,6,4,24,884,155,17,4,1060,3,0,3,1063
08/12/2012,PHX,AZ,AWP,WE,Towers with Radar,967,142,29,0,1138,0,17,15,0,32,967,159,44,0,1170,0,0,0,1170
08/13/2012,PHX,AZ,AWP,WE,Towers with Radar,960,171,24,1,1156,0,23,19,0,42,960,194,43,1,1198,0,0,0,1198
08/14/2012,PHX,AZ,AWP,WE,Towers with Radar,934,169,38,4,1145,0,31,23,3,57,934,200,61,7,1202,0,0,0,1202
08/15/2012,PHX,AZ,AWP,WE,Towers with Radar,960,189,37,6,1192,0,37,16,0,53,960,226,53,6,1245,0,0,0,1245
08/16/2012,PHX,AZ,AWP,WE,Towers with Radar,981,179,45,5,1210,0,21,17,0,38,981,200,62,5,1248,0,0,0,1248
08/17/2012,PHX,AZ,AWP,WE,Towers with Radar,955,185,41,6,1187,0,14,13,1,28,955,199,54,7,1215,0,0,0,1215
08/18/2012,PHX,AZ,AWP,WE,Towers with Radar,848,136,14,0,998,0,24,8,0,32,848,160,22,0,1030,0,0,0,1030
08/19/2012,PHX,AZ,AWP,WE,Towers with Radar,924,140,14,0,1078,0,14,10,0,24,924,154,24,0,1102,0,0,0,1102
08/20/2012,PHX,AZ,AWP,WE,Towers with Radar,942,166,35,2,1145,0,30,33,0,63,942,196,68,2,1208,0,0,0,1208
08/21/2012,PHX,AZ,AWP,WE,Towers with Radar,938,185,50,6,1179,0,21,14,1,36,938,206,64,7,1215,0,0,0,1215
08/22/2012,PHX,AZ,AWP,WE,Towers with Radar,940,184,39,12,1175,0,34,16,0,50,940,218,55,12,1225,0,0,0,1225
08/23/2012,PHX,AZ,AWP,WE,Towers with Radar,968,185,34,5,1192,0,16,22,1,39,968,201,56,6,1231,0,0,0,1231
08/24/2012,PHX,AZ,AWP,WE,Towers with Radar,950,183,37,5,1175,0,28,21,4,53,950,211,58,9,1228,0,0,0,1228
08/25/2012,PHX,AZ,AWP,WE,Towers with Radar,817,139,20,3,979,0,18,9,1,28,817,157,29,4,1007,0,0,0,1007
08/26/2012,PHX,AZ,AWP,WE,Towers with Radar,897,151,32,2,1082,0,14,22,0,36,897,165,54,2,1118,0,0,0,1118
08/27/2012,PHX,AZ,AWP,WE,Towers with Radar,932,158,28,3,1121,1,23,25,0,49,933,181,53,3,1170,0,0,0,1170
08/28/2012,PHX,AZ,AWP,WE,Towers with Radar,935,170,36,2,1143,0,31,13,0,44,935,201,49,2,1187,0,0,0,1187
08/29/2012,PHX,AZ,AWP,WE,Towers with Radar,951,164,37,2,1154,0,47,25,4,76,951,211,62,6,1230,0,0,0,1230
08/30/2012,PHX,AZ,AWP,WE,Towers with Radar,994,180,46,4,1224,0,32,16,4,52,994,212,62,8,1276,0,0,0,1276
08/31/2012,PHX,AZ,AWP,WE,Towers with Radar,943,178,36,3,1160,0,33,34,6,73,943,211,70,9,1233,0,0,0,1233
09/01/2012,PHX,AZ,AWP,WE,Towers with Radar,660,107,18,2,787,0,14,25,3,42,660,121,43,5,829,0,0,0,829
09/02/2012,PHX,AZ,AWP,WE,Towers with Radar,744,129,11,1,885,0,15,14,4,33,744,144,25,5,918,0,0,0,918
09/03/2012,PHX,AZ,AWP,WE,Towers with Radar,924,140,23,1,1088,0,11,12,3,26,924,151,35,4,1114,0,0,0,1114
09/04/2012,PHX,AZ,AWP,WE,Towers with Radar,935,167,31,1,1134,0,34,19,3,56,935,201,50,4,1190,0,0,0,1190
09/05/2012,PHX,AZ,AWP,WE,Towers with Radar,945,165,36,9,1155,0,42,27,6,75,945,207,63,15,1230,0,0,0,1230
09/06/2012,PHX,AZ,AWP,WE,Towers with Radar,964,165,33,5,1167,0,24,33,0,57,964,189,66,5,1224,0,0,0,1224
09/07/2012,PHX,AZ,AWP,WE,Towers with Radar,940,181,27,7,1155,0,25,14,4,43,940,206,41,11,1198,0,0,0,1198
09/08/2012,PHX,AZ,AWP,WE,Towers with Radar,721,120,17,4,862,0,10,12,0,22,721,130,29,4,884,0,0,0,884
09/09/2012,PHX,AZ,AWP,WE,Towers with Radar,895,131,19,0,1045,0,7,14,0,21,895,138,33,0,1066,0,0,0,1066
09/10/2012,PHX,AZ,AWP,WE,Towers with Radar,940,167,35,0,1142,0,21,12,0,33,940,188,47,0,1175,0,0,0,1175
09/11/2012,PHX,AZ,AWP,WE,Towers with Radar,903,173,28,7,1111,0,30,20,0,50,903,203,48,7,1161,0,0,0,1161
09/12/2012,PHX,AZ,AWP,WE,Towers with Radar,923,157,46,3,1129,0,43,22,1,66,923,200,68,4,1195,0,0,0,1195
09/13/2012,PHX,AZ,AWP,WE,Towers with Radar,957,171,41,6,1175,0,47,30,0,77,957,218,71,6,1252,0,0,0,1252
09/14/2012,PHX,AZ,AWP,WE,Towers with Radar,945,158,39,11,1153,0,32,26,3,61,945,190,65,14,1214,0,0,0,1214
09/15/2012,PHX,AZ,AWP,WE,Towers with Radar,722,112,19,5,858,0,18,13,0,31,722,130,32,5,889,0,0,0,889
09/16/2012,PHX,AZ,AWP,WE,Towers with Radar,947,144,31,4,1126,0,9,14,0,23,947,153,45,4,1149,0,0,0,1149
09/17/2012,PHX,AZ,AWP,WE,Towers with Radar,946,158,47,0,1151,0,30,15,0,45,946,188,62,0,1196,0,0,0,1196
09/18/2012,PHX,AZ,AWP,WE,Towers with Radar,909,176,43,0,1128,0,29,17,7,53,909,205,60,7,1181,2,0,2,1183
09/19/2012,PHX,AZ,AWP,WE,Towers with Radar,931,159,42,2,1134,0,30,23,0,53,931,189,65,2,1187,0,0,0,1187
09/20/2012,PHX,AZ,AWP,WE,Towers with Radar,960,167,60,3,1190,0,34,21,11,66,960,201,81,14,1256,0,0,0,1256
09/21/2012,PHX,AZ,AWP,WE,Towers with Radar,950,179,37,2,1168,0,35,32,3,70,950,214,69,5,1238,0,0,0,1238
09/22/2012,PHX,AZ,AWP,WE,Towers with Radar,728,126,29,4,887,0,12,14,5,31,728,138,43,9,918,0,0,0,918
09/23/2012,PHX,AZ,AWP,WE,Towers with Radar,935,140,39,4,1118,0,6,19,4,29,935,146,58,8,1147,0,0,0,1147
09/24/2012,PHX,AZ,AWP,WE,Towers with Radar,953,145,33,2,1133,1,26,29,4,60,954,171,62,6,1193,0,0,0,1193
09/25/2012,PHX,AZ,AWP,WE,Towers with Radar,916,156,34,2,1108,0,31,21,2,54,916,187,55,4,1162,0,0,0,1162
09/26/2012,PHX,AZ,AWP,WE,Towers with Radar,922,162,36,0,1120,0,23,24,0,47,922,185,60,0,1167,0,0,0,1167
09/27/2012,PHX,AZ,AWP,WE,Towers with Radar,956,169,40,2,1167,0,29,17,3,49,956,198,57,5,1216,0,0,0,1216
09/28/2012,PHX,AZ,AWP,WE,Towers with Radar,932,171,31,1,1135,0,35,31,1,67,932,206,62,2,1202,0,0,0,1202
09/29/2012,PHX,AZ,AWP,WE,Towers with Radar,725,123,32,0,880,0,16,10,6,32,725,139,42,6,912,0,0,0,912
09/30/2012,PHX,AZ,AWP,WE,Towers with Radar,942,136,27,0,1105,0,9,24,0,33,942,145,51,0,1138,0,0,0,1138
10/01/2012,PHX,AZ,AWP,WE,Towers with Radar,929,161,37,3,1130,1,24,30,2,57,930,185,67,5,1187,0,0,0,1187
10/02/2012,PHX,AZ,AWP,WE,Towers with Radar,911,161,59,10,1141,0,31,19,0,50,911,192,78,10,1191,0,0,0,1191
10/03/2012,PHX,AZ,AWP,WE,Towers with Radar,940,181,37,10,1168,0,33,12,0,45,940,214,49,10,1213,0,0,0,1213
10/04/2012,PHX,AZ,AWP,WE,Towers with Radar,1013,180,52,11,1256,0,37,25,6,68,1013,217,77,17,1324,0,0,0,1324
10/05/2012,PHX,AZ,AWP,WE,Towers with Radar,960,170,39,7,1176,0,27,21,0,48,960,197,60,7,1224,0,0,0,1224
10/06/2012,PHX,AZ,AWP,WE,Towers with Radar,745,103,24,4,876,0,20,12,3,35,745,123,36,7,911,0,0,0,911
10/07/2012,PHX,AZ,AWP,WE,Towers with Radar,907,127,13,3,1050,0,17,10,2,29,907,144,23,5,1079,0,0,0,1079
10/08/2012,PHX,AZ,AWP,WE,Towers with Radar,992,171,38,5,1206,0,24,28,0,52,992,195,66,5,1258,0,0,0,1258
10/09/2012,PHX,AZ,AWP,WE,Towers with Radar,947,170,46,3,1166,0,36,18,1,55,947,206,64,4,1221,0,0,0,1221
10/10/2012,PHX,AZ,AWP,WE,Towers with Radar,956,160,51,6,1173,1,30,22,0,53,957,190,73,6,1226,0,0,0,1226
10/11/2012,PHX,AZ,AWP,WE,Towers with Radar,1018,172,44,10,1244,0,36,30,0,66,1018,208,74,10,1310,0,0,0,1310
10/12/2012,PHX,AZ,AWP,WE,Towers with Radar,981,166,29,6,1182,0,50,22,7,79,981,216,51,13,1261,0,0,0,1261
10/13/2012,PHX,AZ,AWP,WE,Towers with Radar,814,139,25,2,980,0,23,14,4,41,814,162,39,6,1021,4,0,4,1025
10/14/2012,PHX,AZ,AWP,WE,Towers with Radar,963,139,30,2,1134,0,14,27,3,44,963,153,57,5,1178,0,0,0,1178
10/15/2012,PHX,AZ,AWP,WE,Towers with Radar,955,159,27,5,1146,0,33,13,0,46,955,192,40,5,1192,0,0,0,1192
10/16/2012,PHX,AZ,AWP,WE,Towers with Radar,934,169,48,11,1162,0,33,34,3,70,934,202,82,14,1232,0,0,0,1232
10/17/2012,PHX,AZ,AWP,WE,Towers with Radar,949,167,51,7,1174,0,37,37,3,77,949,204,88,10,1251,0,0,0,1251
10/18/2012,PHX,AZ,AWP,WE,Towers with Radar,1015,185,59,10,1269,0,30,17,0,47,1015,215,76,10,1316,0,0,0,1316
10/19/2012,PHX,AZ,AWP,WE,Towers with Radar,970,171,48,4,1193,0,38,19,0,57,970,209,67,4,1250,0,0,0,1250
10/20/2012,PHX,AZ,AWP,WE,Towers with Radar,816,141,11,3,971,0,8,9,4,21,816,149,20,7,992,0,0,0,992
10/21/2012,PHX,AZ,AWP,WE,Towers with Radar,954,141,27,0,1122,0,8,14,2,24,954,149,41,2,1146,0,0,0,1146
10/22/2012,PHX,AZ,AWP,WE,Towers with Radar,965,159,48,1,1173,0,26,34,0,60,965,185,82,1,1233,0,0,0,1233
10/23/2012,PHX,AZ,AWP,WE,Towers with Radar,924,160,30,6,1120,0,27,31,6,64,924,187,61,12,1184,0,0,0,1184
10/24/2012,PHX,AZ,AWP,WE,Towers with Radar,952,164,52,6,1174,0,29,32,1,62,952,193,84,7,1236,0,0,0,1236
10/25/2012,PHX,AZ,AWP,WE,Towers with Radar,969,185,46,4,1204,0,25,19,0,44,969,210,65,4,1248,0,0,0,1248
10/26/2012,PHX,AZ,AWP,WE,Towers with Radar,965,178,44,8,1195,0,29,26,1,56,965,207,70,9,1251,0,0,0,1251
10/27/2012,PHX,AZ,AWP,WE,Towers with Radar,805,135,19,6,965,0,14,19,2,35,805,149,38,8,1000,0,0,0,1000
10/28/2012,PHX,AZ,AWP,WE,Towers with Radar,904,133,29,5,1071,0,14,18,1,33,904,147,47,6,1104,0,0,0,1104
10/29/2012,PHX,AZ,AWP,WE,Towers with Radar,878,168,31,9,1086,1,33,34,1,69,879,201,65,10,1155,0,0,0,1155
10/30/2012,PHX,AZ,AWP,WE,Towers with Radar,875,174,38,3,1090,0,30,22,1,53,875,204,60,4,1143,2,0,2,1145
10/31/2012,PHX,AZ,AWP,WE,Towers with Radar,783,139,41,5,968,0,34,31,2,67,783,173,72,7,1035,2,0,2,1037
11/01/2012,PHX,AZ,AWP,WE,Towers with Radar,975,170,35,6,1186,0,23,23,1,47,975,193,58,7,1233,0,0,0,1233
11/02/2012,PHX,AZ,AWP,WE,Towers with Radar,960,159,35,30,1184,0,36,26,4,66,960,195,61,34,1250,0,0,0,1250
11/03/2012,PHX,AZ,AWP,WE,Towers with Radar,842,140,17,27,1026,0,14,23,3,40,842,154,40,30,1066,0,0,0,1066
11/04/2012,PHX,AZ,AWP,WE,Towers with Radar,951,135,28,2,1116,0,9,17,1,27,951,144,45,3,1143,0,0,0,1143
11/05/2012,PHX,AZ,AWP,WE,Towers with Radar,954,160,33,9,1156,1,24,29,0,54,955,184,62,9,1210,0,0,0,1210
11/06/2012,PHX,AZ,AWP,WE,Towers with Radar,897,170,36,6,1109,0,28,25,2,55,897,198,61,8,1164,0,0,0,1164
11/07/2012,PHX,AZ,AWP,WE,Towers with Radar,932,173,48,10,1163,0,20,32,4,56,932,193,80,14,1219,0,0,0,1219
11/08/2012,PHX,AZ,AWP,WE,Towers with Radar,1026,181,66,8,1281,0,22,23,6,51,1026,203,89,14,1332,0,0,0,1332
11/09/2012,PHX,AZ,AWP,WE,Towers with Radar,1006,181,61,10,1258,0,20,12,2,34,1006,201,73,12,1292,0,0,0,1292
11/10/2012,PHX,AZ,AWP,WE,Towers with Radar,830,141,35,8,1014,0,15,13,2,30,830,156,48,10,1044,0,0,0,1044
11/11/2012,PHX,AZ,AWP,WE,Towers with Radar,940,136,45,1,1122,0,16,34,0,50,940,152,79,1,1172,0,0,0,1172
11/12/2012,PHX,AZ,AWP,WE,Towers with Radar,1012,165,40,4,1221,0,18,24,0,42,1012,183,64,4,1263,0,0,0,1263
11/13/2012,PHX,AZ,AWP,WE,Towers with Radar,957,169,57,2,1185,0,35,16,0,51,957,204,73,2,1236,0,0,0,1236
11/14/2012,PHX,AZ,AWP,WE,Towers with Radar,948,180,74,6,1208,0,38,41,1,80,948,218,115,7,1288,1,0,1,1289
11/15/2012,PHX,AZ,AWP,WE,Towers with Radar,1023,185,57,5,1270,0,31,36,5,72,1023,216,93,10,1342,0,0,0,1342
11/16/2012,PHX,AZ,AWP,WE,Towers with Radar,1034,179,54,7,1274,0,22,17,5,44,1034,201,71,12,1318,0,0,0,1318
11/17/2012,PHX,AZ,AWP,WE,Towers with Radar,879,134,29,3,1045,0,15,11,2,28,879,149,40,5,1073,0,0,0,1073
11/18/2012,PHX,AZ,AWP,WE,Towers with Radar,904,132,17,5,1058,0,15,18,0,33,904,147,35,5,1091,0,0,0,1091
11/19/2012,PHX,AZ,AWP,WE,Towers with Radar,938,155,32,8,1133,0,20,15,0,35,938,175,47,8,1168,0,0,0,1168
11/20/2012,PHX,AZ,AWP,WE,Towers with Radar,1015,166,30,8,1219,0,30,22,7,59,1015,196,52,15,1278,2,0,2,1280
11/21/2012,PHX,AZ,AWP,WE,Towers with Radar,1055,173,44,4,1276,0,34,36,7,77,1055,207,80,11,1353,3,0,3,1356
11/22/2012,PHX,AZ,AWP,WE,Towers with Radar,625,85,12,0,722,0,2,12,0,14,625,87,24,0,736,0,0,0,736
11/23/2012,PHX,AZ,AWP,WE,Towers with Radar,773,135,29,0,937,0,23,10,0,33,773,158,39,0,970,5,0,5,975
11/24/2012,PHX,AZ,AWP,WE,Towers with Radar,906,147,19,0,1072,0,10,22,3,35,906,157,41,3,1107,0,0,0,1107
11/25/2012,PHX,AZ,AWP,WE,Towers with Radar,1033,147,39,0,1219,0,3,12,3,18,1033,150,51,3,1237,0,0,0,1237
11/26/2012,PHX,AZ,AWP,WE,Towers with Radar,1057,161,37,3,1258,0,24,19,2,45,1057,185,56,5,1303,0,0,0,1303
11/27/2012,PHX,AZ,AWP,WE,Towers with Radar,947,177,65,10,1199,0,28,33,5,66,947,205,98,15,1265,5,0,5,1270
11/28/2012,PHX,AZ,AWP,WE,Towers with Radar,920,174,30,13,1137,1,36,23,3,63,921,210,53,16,1200,0,0,0,1200
11/29/2012,PHX,AZ,AWP,WE,Towers with Radar,957,190,47,6,1200,1,27,24,0,52,958,217,71,6,1252,2,0,2,1254
11/30/2012,PHX,AZ,AWP,WE,Towers with Radar,952,156,37,10,1155,0,26,22,3,51,952,182,59,13,1206,0,0,0,1206
12/01/2012,PHX,AZ,AWP,WE,Towers with Radar,745,113,19,14,891,0,22,21,4,47,745,135,40,18,938,0,0,0,938
12/02/2012,PHX,AZ,AWP,WE,Towers with Radar,888,129,22,11,1050,0,3,13,0,16,888,132,35,11,1066,0,0,0,1066
12/03/2012,PHX,AZ,AWP,WE,Towers with Radar,937,156,29,6,1128,0,20,31,6,57,937,176,60,12,1185,0,0,0,1185
12/04/2012,PHX,AZ,AWP,WE,Towers with Radar,918,177,41,6,1142,0,29,18,4,51,918,206,59,10,1193,2,0,2,1195
12/05/2012,PHX,AZ,AWP,WE,Towers with Radar,916,181,47,10,1154,0,23,28,0,51,916,204,75,10,1205,2,0,2,1207
12/06/2012,PHX,AZ,AWP,WE,Towers with Radar,962,174,58,13,1207,0,18,21,5,44,962,192,79,18,1251,0,0,0,1251
12/07/2012,PHX,AZ,AWP,WE,Towers with Radar,960,172,43,7,1182,0,26,26,3,55,960,198,69,10,1237,0,0,0,1237
12/08/2012,PHX,AZ,AWP,WE,Towers with Radar,750,115,22,0,887,0,20,16,0,36,750,135,38,0,923,0,0,0,923
12/09/2012,PHX,AZ,AWP,WE,Towers with Radar,897,135,27,0,1059,0,4,17,0,21,897,139,44,0,1080,0,0,0,1080
12/10/2012,PHX,AZ,AWP,WE,Towers with Radar,922,163,45,5,1135,1,23,31,4,59,923,186,76,9,1194,1,0,1,1195
12/11/2012,PHX,AZ,AWP,WE,Towers with Radar,922,178,46,5,1151,0,37,39,1,77,922,215,85,6,1228,1,0,1,1229
12/12/2012,PHX,AZ,AWP,WE,Towers with Radar,932,193,49,6,1180,0,26,24,1,51,932,219,73,7,1231,0,0,0,1231
12/13/2012,PHX,AZ,AWP,WE,Towers with Radar,976,185,58,7,1226,0,16,26,3,45,976,201,84,10,1271,0,0,0,1271
12/14/2012,PHX,AZ,AWP,WE,Towers with Radar,1007,188,42,4,1241,0,9,16,3,28,1007,197,58,7,1269,2,0,2,1271
12/15/2012,PHX,AZ,AWP,WE,Towers with Radar,803,118,26,8,955,0,1,5,3,9,803,119,31,11,964,0,0,0,964
12/16/2012,PHX,AZ,AWP,WE,Towers with Radar,917,126,27,1,1071,0,16,21,1,38,917,142,48,2,1109,0,0,0,1109
12/17/2012,PHX,AZ,AWP,WE,Towers with Radar,961,161,38,5,1165,0,21,29,0,50,961,182,67,5,1215,0,0,0,1215
12/18/2012,PHX,AZ,AWP,WE,Towers with Radar,953,169,52,7,1181,0,21,25,2,48,953,190,77,9,1229,0,0,0,1229
12/19/2012,PHX,AZ,AWP,WE,Towers with Radar,1053,176,47,7,1283,0,30,46,6,82,1053,206,93,13,1365,0,0,0,1365
12/20/2012,PHX,AZ,AWP,WE,Towers with Radar,1094,179,49,4,1326,0,30,42,0,72,1094,209,91,4,1398,0,0,0,1398
12/21/2012,PHX,AZ,AWP,WE,Towers with Radar,1096,169,31,1,1297,0,33,38,0,71,1096,202,69,1,1368,0,0,0,1368
12/22/2012,PHX,AZ,AWP,WE,Towers with Radar,1052,157,24,1,1234,0,12,22,1,35,1052,169,46,2,1269,0,0,0,1269
12/23/2012,PHX,AZ,AWP,WE,Towers with Radar,1008,144,17,0,1169,0,9,15,0,24,1008,153,32,0,1193,0,0,0,1193
12/24/2012,PHX,AZ,AWP,WE,Towers with Radar,915,150,8,0,1073,0,12,19,6,37,915,162,27,6,1110,0,0,0,1110
12/25/2012,PHX,AZ,AWP,WE,Towers with Radar,845,143,13,0,1001,4,9,9,0,22,849,152,22,0,1023,0,0,0,1023
12/26/2012,PHX,AZ,AWP,WE,Towers with Radar,1028,167,43,2,1240,0,22,24,4,50,1028,189,67,6,1290,0,0,0,1290
12/27/2012,PHX,AZ,AWP,WE,Towers with Radar,1110,172,34,5,1321,0,19,12,0,31,1110,191,46,5,1352,0,0,0,1352
12/28/2012,PHX,AZ,AWP,WE,Towers with Radar,1088,166,28,4,1286,0,32,14,0,46,1088,198,42,4,1332,0,0,0,1332
12/29/2012,PHX,AZ,AWP,WE,Towers with Radar,949,156,27,0,1132,0,35,16,0,51,949,191,43,0,1183,0,0,0,1183
12/30/2012,PHX,AZ,AWP,WE,Towers with Radar,998,136,28,1,1163,0,9,25,2,36,998,145,53,3,1199,0,0,0,1199
12/31/2012,PHX,AZ,AWP,WE,Towers with Radar,925,152,20,0,1097,0,7,10,1,18,925,159,30,1,1115,0,0,0,1115
01/01/2013,PHX,AZ,AWP,WE,Towers with Radar,940,131,31,0,1102,0,9,20,1,30,940,140,51,1,1132,0,0,0,1132
01/02/2013,PHX,AZ,AWP,WE,Towers with Radar,1068,177,57,3,1305,0,22,20,0,42,1068,199,77,3,1347,0,0,0,1347
01/03/2013,PHX,AZ,AWP,WE,Towers with Radar,1083,169,29,7,1288,0,36,15,4,55,1083,205,44,11,1343,0,0,0,1343
01/04/2013,PHX,AZ,AWP,WE,Towers with Radar,1026,173,55,4,1258,0,34,17,4,55,1026,207,72,8,1313,1,0,1,1314
01/05/2013,PHX,AZ,AWP,WE,Towers with Radar,907,144,24,4,1079,0,16,25,0,41,907,160,49,4,1120,0,0,0,1120
01/06/2013,PHX,AZ,AWP,WE,Towers with Radar,987,140,37,3,1167,0,17,17,0,34,987,157,54,3,1201,0,0,0,1201
01/07/2013,PHX,AZ,AWP,WE,Towers with Radar,977,170,35,2,1184,0,16,27,2,45,977,186,62,4,1229,0,0,0,1229
01/08/2013,PHX,AZ,AWP,WE,Towers with Radar,870,157,44,3,1074,0,15,24,5,44,870,172,68,8,1118,0,0,0,1118
01/09/2013,PHX,AZ,AWP,WE,Towers with Radar,932,182,59,8,1181,0,21,33,4,58,932,203,92,12,1239,0,0,0,1239
01/10/2013,PHX,AZ,AWP,WE,Towers with Radar,967,192,63,8,1230,0,29,18,0,47,967,221,81,8,1277,0,0,0,1277
01/11/2013,PHX,AZ,AWP,WE,Towers with Radar,971,178,52,8,1209,0,24,13,0,37,971,202,65,8,1246,0,0,0,1246
01/12/2013,PHX,AZ,AWP,WE,Towers with Radar,798,136,18,6,958,0,12,16,11,39,798,148,34,17,997,0,0,0,997
01/13/2013,PHX,AZ,AWP,WE,Towers with Radar,910,132,31,8,1081,0,1,20,0,21,910,133,51,8,1102,0,0,0,1102
01/14/2013,PHX,AZ,AWP,WE,Towers with Radar,963,166,35,3,1167,0,23,13,6,42,963,189,48,9,1209,0,0,0,1209
01/15/2013,PHX,AZ,AWP,WE,Towers with Radar,861,161,42,11,1075,0,32,27,12,71,861,193,69,23,1146,0,0,0,1146
01/16/2013,PHX,AZ,AWP,WE,Towers with Radar,939,176,42,6,1163,0,20,21,3,44,939,196,63,9,1207,0,0,0,1207
01/17/2013,PHX,AZ,AWP,WE,Towers with Radar,973,186,53,7,1219,0,21,32,0,53,973,207,85,7,1272,0,0,0,1272
01/18/2013,PHX,AZ,AWP,WE,Towers with Radar,971,198,71,5,1245,0,28,30,3,61,971,226,101,8,1306,2,2,4,1310
01/19/2013,PHX,AZ,AWP,WE,Towers with Radar,797,148,24,1,970,0,11,18,4,33,797,159,42,5,1003,2,0,2,1005
01/20/2013,PHX,AZ,AWP,WE,Towers with Radar,891,143,36,0,1070,0,24,8,0,32,891,167,44,0,1102,0,0,0,1102
01/21/2013,PHX,AZ,AWP,WE,Towers with Radar,954,174,53,0,1181,0,18,27,0,45,954,192,80,0,1226,3,0,3,1229
01/22/2013,PHX,AZ,AWP,WE,Towers with Radar,852,150,51,1,1054,0,26,33,1,60,852,176,84,2,1114,0,0,0,1114
01/23/2013,PHX,AZ,AWP,WE,Towers with Radar,940,189,61,6,1196,0,22,24,4,50,940,211,85,10,1246,0,0,0,1246
01/24/2013,PHX,AZ,AWP,WE,Towers with Radar,972,185,59,6,1222,0,10,20,0,30,972,195,79,6,1252,0,0,0,1252
01/25/2013,PHX,AZ,AWP,WE,Towers with Radar,973,188,37,13,1211,0,15,14,6,35,973,203,51,19,1246,0,0,0,1246
01/26/2013,PHX,AZ,AWP,WE,Towers with Radar,804,156,28,5,993,0,1,2,0,3,804,157,30,5,996,0,0,0,996
01/27/2013,PHX,AZ,AWP,WE,Towers with Radar,886,145,37,12,1080,0,0,3,0,3,886,145,40,12,1083,0,0,0,1083
01/28/2013,PHX,AZ,AWP,WE,Towers with Radar,963,194,41,8,1206,0,14,29,1,44,963,208,70,9,1250,0,0,0,1250
01/29/2013,PHX,AZ,AWP,WE,Towers with Radar,858,173,52,13,1096,0,19,19,5,43,858,192,71,18,1139,0,0,0,1139
01/30/2013,PHX,AZ,AWP,WE,Towers with Radar,935,184,52,13,1184,0,24,21,3,48,935,208,73,16,1232,0,0,0,1232
01/31/2013,PHX,AZ,AWP,WE,Towers with Radar,978,177,71,12,1238,0,34,13,0,47,978,211,84,12,1285,0,0,0,1285
02/01/2013,PHX,AZ,AWP,WE,Towers with Radar,973,173,34,14,1194,5,51,21,0,77,978,224,55,14,1271,1,0,1,1272
02/02/2013,PHX,AZ,AWP,WE,Towers with Radar,794,134,22,8,958,0,18,11,0,29,794,152,33,8,987,0,0,0,987
02/03/2013,PHX,AZ,AWP,WE,Towers with Radar,887,127,25,4,1043,0,31,8,4,43,887,158,33,8,1086,0,0,0,1086
02/04/2013,PHX,AZ,AWP,WE,Towers with Radar,965,167,35,4,1171,0,23,32,0,55,965,190,67,4,1226,2,1,3,1229
02/05/2013,PHX,AZ,AWP,WE,Towers with Radar,850,162,33,8,1053,0,20,25,0,45,850,182,58,8,1098,0,0,0,1098
02/06/2013,PHX,AZ,AWP,WE,Towers with Radar,959,184,51,8,1202,0,15,22,0,37,959,199,73,8,1239,0,0,0,1239
02/07/2013,PHX,AZ,AWP,WE,Towers with Radar,981,191,58,9,1239,0,36,35,0,71,981,227,93,9,1310,0,0,0,1310
02/08/2013,PHX,AZ,AWP,WE,Towers with Radar,966,192,46,14,1218,0,12,19,0,31,966,204,65,14,1249,0,0,0,1249
02/09/2013,PHX,AZ,AWP,WE,Towers with Radar,795,135,15,11,956,0,10,6,5,21,795,145,21,16,977,3,0,3,980
02/10/2013,PHX,AZ,AWP,WE,Towers with Radar,893,129,41,5,1068,0,12,16,3,31,893,141,57,8,1099,1,0,1,1100
02/11/2013,PHX,AZ,AWP,WE,Towers with Radar,962,171,39,2,1174,0,11,18,6,35,962,182,57,8,1209,2,0,2,1211
02/12/2013,PHX,AZ,AWP,WE,Towers with Radar,872,152,46,4,1074,0,25,31,3,59,872,177,77,7,1133,0,0,0,1133
02/13/2013,PHX,AZ,AWP,WE,Towers with Radar,948,186,56,8,1198,0,26,41,2,69,948,212,97,10,1267,0,0,0,1267
02/14/2013,PHX,AZ,AWP,WE,Towers with Radar,1023,184,61,4,1272,0,25,42,1,68,1023,209,103,5,1340,0,0,0,1340
02/15/2013,PHX,AZ,AWP,WE,Towers with Radar,1050,173,41,9,1273,0,18,24,6,48,1050,191,65,15,1321,5,0,5,1326
02/16/2013,PHX,AZ,AWP,WE,Towers with Radar,858,135,21,4,1018,0,17,17,5,39,858,152,38,9,1057,2,0,2,1059
02/17/2013,PHX,AZ,AWP,WE,Towers with Radar,914,136,36,1,1087,0,15,11,1,27,914,151,47,2,1114,0,0,0,1114
02/18/2013,PHX,AZ,AWP,WE,Towers with Radar,1017,176,52,5,1250,0,38,36,0,74,1017,214,88,5,1324,2,0,2,1326
02/19/2013,PHX,AZ,AWP,WE,Towers with Radar,995,175,38,6,1214,0,25,36,2,63,995,200,74,8,1277,0,0,0,1277
02/20/2013,PHX,AZ,AWP,WE,Towers with Radar,986,178,51,2,1217,0,5,3,0,8,986,183,54,2,1225,0,0,0,1225
02/21/2013,PHX,AZ,AWP,WE,Towers with Radar,983,187,71,5,1246,0,18,25,4,47,983,205,96,9,1293,0,0,0,1293
02/22/2013,PHX,AZ,AWP,WE,Towers with Radar,982,176,47,9,1214,0,21,16,7,44,982,197,63,16,1258,2,0,2,1260
02/23/2013,PHX,AZ,AWP,WE,Towers with Radar,846,141,20,5,1012,0,24,15,3,42,846,165,35,8,1054,0,3,3,1057
02/24/2013,PHX,AZ,AWP,WE,Towers with Radar,908,131,40,2,1081,1,12,9,1,23,909,143,49,3,1104,0,0,0,1104
02/25/2013,PHX,AZ,AWP,WE,Towers with Radar,986,162,46,4,1198,2,24,29,0,55,988,186,75,4,1253,0,0,0,1253
02/26/2013,PHX,AZ,AWP,WE,Towers with Radar,950,171,40,8,1169,0,27,37,2,66,950,198,77,10,1235,0,0,0,1235
02/27/2013,PHX,AZ,AWP,WE,Towers with Radar,976,178,57,6,1217,0,28,17,0,45,976,206,74,6,1262,0,0,0,1262
02/28/2013,PHX,AZ,AWP,WE,Towers with Radar,1004,188,59,1,1252,0,35,23,2,60,1004,223,82,3,1312,0,0,0,1312
03/01/2013,PHX,AZ,AWP,WE,Towers with Radar,1004,181,53,2,1240,0,35,20,2,57,1004,216,73,4,1297,0,0,0,1297
03/02/2013,PHX,AZ,AWP,WE,Towers with Radar,866,146,22,7,1041,0,26,16,6,48,866,172,38,13,1089,0,0,0,1089
03/03/2013,PHX,AZ,AWP,WE,Towers with Radar,932,135,38,4,1109,0,1,20,1,22,932,136,58,5,1131,0,0,0,1131
03/04/2013,PHX,AZ,AWP,WE,Towers with Radar,1007,163,39,1,1210,0,15,25,2,42,1007,178,64,3,1252,0,0,0,1252
03/05/2013,PHX,AZ,AWP,WE,Towers with Radar,972,164,54,8,1198,0,21,28,3,52,972,185,82,11,1250,0,0,0,1250
03/06/2013,PHX,AZ,AWP,WE,Towers with Radar,1036,187,43,6,1272,0,26,19,2,47,1036,213,62,8,1319,0,0,0,1319
03/07/2013,PHX,AZ,AWP,WE,Towers with Radar,1065,190,50,3,1308,0,39,26,0,65,1065,229,76,3,1373,0,0,0,1373
03/08/2013,PHX,AZ,AWP,WE,Towers with Radar,1060,168,36,1,1265,0,27,20,0,47,1060,195,56,1,1312,0,0,0,1312
03/09/2013,PHX,AZ,AWP,WE,Towers with Radar,950,163,41,3,1157,0,9,9,4,22,950,172,50,7,1179,0,0,0,1179
03/10/2013,PHX,AZ,AWP,WE,Towers with Radar,1045,146,40,3,1234,0,8,9,0,17,1045,154,49,3,1251,0,0,0,1251
03/11/2013,PHX,AZ,AWP,WE,Towers with Radar,1023,156,60,0,1239,0,22,29,3,54,1023,178,89,3,1293,0,0,0,1293
03/12/2013,PHX,AZ,AWP,WE,Towers with Radar,1020,176,52,2,1250,0,25,14,11,50,1020,201,66,13,1300,0,0,0,1300
03/13/2013,PHX,AZ,AWP,WE,Towers with Radar,1072,184,45,0,1301,0,15,20,0,35,1072,199,65,0,1336,0,0,0,1336
03/14/2013,PHX,AZ,AWP,WE,Towers with Radar,1091,177,62,4,1334,0,41,32,1,74,1091,218,94,5,1408,0,0,0,1408
03/15/2013,PHX,AZ,AWP,WE,Towers with Radar,1080,177,70,1,1328,0,39,19,11,69,1080,216,89,12,1397,0,0,0,1397
03/16/2013,PHX,AZ,AWP,WE,Towers with Radar,972,152,42,2,1168,0,15,11,0,26,972,167,53,2,1194,1,0,1,1195
03/17/2013,PHX,AZ,AWP,WE,Towers with Radar,1033,146,78,0,1257,0,11,17,2,30,1033,157,95,2,1287,0,0,0,1287
03/18/2013,PHX,AZ,AWP,WE,Towers with Radar,1017,159,46,2,1224,0,29,33,0,62,1017,188,79,2,1286,2,0,2,1288
03/19/2013,PHX,AZ,AWP,WE,Towers with Radar,1021,181,59,0,1261,0,40,32,4,76,1021,221,91,4,1337,0,0,0,1337
03/20/2013,PHX,AZ,AWP,WE,Towers with Radar,1056,190,63,0,1309,0,24,32,0,56,1056,214,95,0,1365,0,0,0,1365
03/21/2013,PHX,AZ,AWP,WE,Towers with Radar,1096,182,57,3,1338,0,31,17,0,48,1096,213,74,3,1386,0,0,0,1386
03/22/2013,PHX,AZ,AWP,WE,Towers with Radar,1079,194,58,13,1344,0,33,21,0,54,1079,227,79,13,1398,0,0,0,1398
03/23/2013,PHX,AZ,AWP,WE,Towers with Radar,961,160,33,7,1161,0,16,9,2,27,961,176,42,9,1188,1,0,1,1189
03/24/2013,PHX,AZ,AWP,WE,Towers with Radar,1026,154,45,1,1226,0,21,12,2,35,1026,175,57,3,1261,0,0,0,1261
03/25/2013,PHX,AZ,AWP,WE,Towers with Radar,1021,176,45,2,1244,0,21,32,9,62,1021,197,77,11,1306,0,0,0,1306
03/26/2013,PHX,AZ,AWP,WE,Towers with Radar,1021,165,36,3,1225,0,27,19,8,54,1021,192,55,11,1279,0,0,0,1279
03/27/2013,PHX,AZ,AWP,WE,Towers with Radar,1072,193,45,0,1310,0,32,33,0,65,1072,225,78,0,1375,0,0,0,1375
03/28/2013,PHX,AZ,AWP,WE,Towers with Radar,1101,180,54,4,1339,0,33,18,2,53,1101,213,72,6,1392,0,0,0,1392
03/29/2013,PHX,AZ,AWP,WE,Towers with Radar,1031,163,22,1,1217,0,20,17,6,43,1031,183,39,7,1260,0,0,0,1260
03/30/2013,PHX,AZ,AWP,WE,Towers with Radar,901,153,17,3,1074,0,27,22,2,51,901,180,39,5,1125,0,0,0,1125
03/31/2013,PHX,AZ,AWP,WE,Towers with Radar,965,124,20,1,1110,0,3,8,3,14,965,127,28,4,1124,0,0,0,1124
04/01/2013,PHX,AZ,AWP,WE,Towers with Radar,1014,155,40,4,1213,0,23,25,0,48,1014,178,65,4,1261,0,0,0,1261
04/02/2013,PHX,AZ,AWP,WE,Towers with Radar,1009,168,55,5,1237,0,29,23,4,56,1009,197,78,9,1293,0,0,0,1293
04/03/2013,PHX,AZ,AWP,WE,Towers with Radar,997,169,37,7,1210,0,40,22,1,63,997,209,59,8,1273,1,0,1,1274
04/04/2013,PHX,AZ,AWP,WE,Towers with Radar,1029,177,63,5,1274,0,42,24,0,66,1029,219,87,5,1340,0,0,0,1340
04/05/2013,PHX,AZ,AWP,WE,Towers with Radar,1021,172,32,12,1237,0,39,42,5,86,1021,211,74,17,1323,0,0,0,1323
04/06/2013,PHX,AZ,AWP,WE,Towers with Radar,892,154,27,8,1081,0,15,19,5,39,892,169,46,13,1120,9,0,9,1129
04/07/2013,PHX,AZ,AWP,WE,Towers with Radar,1014,135,40,2,1191,0,3,20,2,25,1014,138,60,4,1216,0,0,0,1216
04/08/2013,PHX,AZ,AWP,WE,Towers with Radar,1002,180,33,1,1216,0,6,20,0,26,1002,186,53,1,1242,0,0,0,1242
04/09/2013,PHX,AZ,AWP,WE,Towers with Radar,980,189,53,4,1226,0,18,18,2,38,980,207,71,6,1264,0,0,0,1264
04/10/2013,PHX,AZ,AWP,WE,Towers with Radar,980,175,43,6,1204,0,39,35,0,74,980,214,78,6,1278,0,0,0,1278
04/11/2013,PHX,AZ,AWP,WE,Towers with Radar,1006,168,56,7,1237,0,55,39,0,94,1006,223,95,7,1331,0,0,0,1331
04/12/2013,PHX,AZ,AWP,WE,Towers with Radar,1008,162,37,11,1218,0,24,16,4,44,1008,186,53,15,1262,0,0,0,1262
04/13/2013,PHX,AZ,AWP,WE,Towers with Radar,881,142,25,5,1053,0,15,19,1,35,881,157,44,6,1088,6,0,6,1094
04/14/2013,PHX,AZ,AWP,WE,Towers with Radar,990,148,33,3,1174,0,6,9,0,15,990,154,42,3,1189,0,0,0,1189
04/15/2013,PHX,AZ,AWP,WE,Towers with Radar,995,155,44,3,1197,0,42,20,1,63,995,197,64,4,1260,0,0,0,1260
04/16/2013,PHX,AZ,AWP,WE,Towers with Radar,969,163,60,7,1199,0,35,24,11,70,969,198,84,18,1269,0,0,0,1269
04/17/2013,PHX,AZ,AWP,WE,Towers with Radar,966,170,43,6,1185,0,29,28,3,60,966,199,71,9,1245,0,0,0,1245
04/18/2013,PHX,AZ,AWP,WE,Towers with Radar,1009,173,33,8,1223,0,38,14,0,52,1009,211,47,8,1275,0,0,0,1275
04/19/2013,PHX,AZ,AWP,WE,Towers with Radar,1003,163,46,11,1223,0,33,17,0,50,1003,196,63,11,1273,0,0,0,1273
04/20/2013,PHX,AZ,AWP,WE,Towers with Radar,852,136,28,3,1019,0,16,18,2,36,852,152,46,5,1055,1,0,1,1056
04/21/2013,PHX,AZ,AWP,WE,Towers with Radar,989,146,40,3,1178,0,10,15,1,26,989,156,55,4,1204,0,0,0,1204
04/22/2013,PHX,AZ,AWP,WE,Towers with Radar,993,163,36,2,1194,0,20,18,2,40,993,183,54,4,1234,0,0,0,1234
04/23/2013,PHX,AZ,AWP,WE,Towers with Radar,993,167,49,7,1216,0,30,35,0,65,993,197,84,7,1281,0,0,0,1281
04/24/2013,PHX,AZ,AWP,WE,Towers with Radar,982,164,44,4,1194,0,48,31,3,82,982,212,75,7,1276,0,0,0,1276
04/25/2013,PHX,AZ,AWP,WE,Towers with Radar,1004,164,46,7,1221,0,29,27,8,64,1004,193,73,15,1285,0,0,0,1285
04/26/2013,PHX,AZ,AWP,WE,Towers with Radar,1004,177,39,5,1225,0,29,24,4,57,1004,206,63,9,1282,2,0,2,1284
04/27/2013,PHX,AZ,AWP,WE,Towers with Radar,853,139,20,4,1016,0,11,8,4,23,853,150,28,8,1039,3,0,3,1042
04/28/2013,PHX,AZ,AWP,WE,Towers with Radar,986,137,20,2,1145,0,21,8,0,29,986,158,28,2,1174,0,0,0,1174
04/29/2013,PHX,AZ,AWP,WE,Towers with Radar,981,160,43,5,1189,0,28,22,4,54,981,188,65,9,1243,0,0,0,1243
04/30/2013,PHX,AZ,AWP,WE,Towers with Radar,969,174,38,5,1186,0,33,20,8,61,969,207,58,13,1247,0,0,0,1247
05/01/2013,PHX,AZ,AWP,WE,Towers with Radar,962,177,40,9,1188,0,33,22,2,57,962,210,62,11,1245,0,0,0,1245
05/02/2013,PHX,AZ,AWP,WE,Towers with Radar,973,177,43,8,1201,0,43,32,0,75,973,220,75,8,1276,0,0,0,1276
05/03/2013,PHX,AZ,AWP,WE,Towers with Radar,981,175,38,11,1205,0,26,20,8,54,981,201,58,19,1259,0,0,0,1259
05/04/2013,PHX,AZ,AWP,WE,Towers with Radar,829,130,11,10,980,0,19,10,13,42,829,149,21,23,1022,0,0,0,1022
05/05/2013,PHX,AZ,AWP,WE,Towers with Radar,957,146,35,3,1141,0,23,18,1,42,957,169,53,4,1183,0,0,0,1183
05/06/2013,PHX,AZ,AWP,WE,Towers with Radar,969,157,40,4,1170,0,31,27,0,58,969,188,67,4,1228,0,0,0,1228
05/07/2013,PHX,AZ,AWP,WE,Towers with Radar,958,181,42,4,1185,0,29,24,5,58,958,210,66,9,1243,0,0,0,1243
05/08/2013,PHX,AZ,AWP,WE,Towers with Radar,969,185,44,6,1204,0,37,24,3,64,969,222,68,9,1268,0,0,0,1268
05/09/2013,PHX,AZ,AWP,WE,Towers with Radar,990,173,36,4,1203,0,34,46,4,84,990,207,82,8,1287,0,0,0,1287
05/10/2013,PHX,AZ,AWP,WE,Towers with Radar,970,190,30,3,1193,0,40,21,0,61,970,230,51,3,1254,0,0,0,1254
05/11/2013,PHX,AZ,AWP,WE,Towers with Radar,819,149,11,2,981,0,24,12,6,42,819,173,23,8,1023,0,0,0,1023
05/12/2013,PHX,AZ,AWP,WE,Towers with Radar,947,159,20,0,1126,0,11,17,1,29,947,170,37,1,1155,1,0,1,1156
05/13/2013,PHX,AZ,AWP,WE,Towers with Radar,965,174,27,0,1166,0,38,28,0,66,965,212,55,0,1232,0,0,0,1232
05/14/2013,PHX,AZ,AWP,WE,Towers with Radar,956,181,42,5,1184,0,38,19,2,59,956,219,61,7,1243,0,0,0,1243
05/15/2013,PHX,AZ,AWP,WE,Towers with Radar,966,164,32,5,1167,0,35,36,1,72,966,199,68,6,1239,0,0,0,1239
05/16/2013,PHX,AZ,AWP,WE,Towers with Radar,1024,164,45,5,1238,0,45,21,1,67,1024,209,66,6,1305,0,0,0,1305
05/17/2013,PHX,AZ,AWP,WE,Towers with Radar,978,181,24,5,1188,0,32,29,3,64,978,213,53,8,1252,0,0,0,1252
05/18/2013,PHX,AZ,AWP,WE,Towers with Radar,827,136,14,2,979,2,25,22,3,52,829,161,36,5,1031,1,0,1,1032
05/19/2013,PHX,AZ,AWP,WE,Towers with Radar,959,143,23,5,1130,0,17,20,0,37,959,160,43,5,1167,0,0,0,1167
05/20/2013,PHX,AZ,AWP,WE,Towers with Radar,960,151,19,2,1132,0,62,25,0,87,960,213,44,2,1219,0,0,0,1219
05/21/2013,PHX,AZ,AWP,WE,Towers with Radar,966,177,51,5,1199,0,48,33,5,86,966,225,84,10,1285,0,0,0,1285
05/22/2013,PHX,AZ,AWP,WE,Towers with Radar,1009,177,47,7,1240,0,59,31,1,91,1009,236,78,8,1331,0,0,0,1331
05/23/2013,PHX,AZ,AWP,WE,Towers with Radar,1011,170,41,7,1229,0,47,39,4,90,1011,217,80,11,1319,0,0,0,1319
05/24/2013,PHX,AZ,AWP,WE,Towers with Radar,1021,177,27,1,1226,0,34,22,3,59,1021,211,49,4,1285,0,0,0,1285
05/25/2013,PHX,AZ,AWP,WE,Towers with Radar,772,131,9,0,912,0,19,7,1,27,772,150,16,1,939,0,0,0,939
05/26/2013,PHX,AZ,AWP,WE,Towers with Radar,787,124,14,1,926,0,13,11,0,24,787,137,25,1,950,1,0,1,951
05/27/2013,PHX,AZ,AWP,WE,Towers with Radar,924,146,15,0,1085,0,17,6,0,23,924,163,21,0,1108,0,0,0,1108
05/28/2013,PHX,AZ,AWP,WE,Towers with Radar,943,171,41,4,1159,0,38,22,0,60,943,209,63,4,1219,0,0,0,1219
05/29/2013,PHX,AZ,AWP,WE,Towers with Radar,944,174,32,5,1155,0,45,19,8,72,944,219,51,13,1227,0,0,0,1227
05/30/2013,PHX,AZ,AWP,WE,Towers with Radar,956,179,42,7,1184,0,43,32,2,77,956,222,74,9,1261,0,0,0,1261
05/31/2013,PHX,AZ,AWP,WE,Towers with Radar,939,177,38,8,1162,0,42,28,1,71,939,219,66,9,1233,0,0,0,1233
06/01/2013,PHX,AZ,AWP,WE,Towers with Radar,827,134,9,5,975,0,28,12,3,43,827,162,21,8,1018,0,0,0,1018
06/02/2013,PHX,AZ,AWP,WE,Towers with Radar,959,147,27,1,1134,0,14,19,1,34,959,161,46,2,1168,0,0,0,1168
06/03/2013,PHX,AZ,AWP,WE,Towers with Radar,968,155,20,0,1143,0,34,25,2,61,968,189,45,2,1204,0,0,0,1204
06/04/2013,PHX,AZ,AWP,WE,Towers with Radar,948,165,18,4,1135,0,23,22,0,45,948,188,40,4,1180,0,3,3,1183
06/05/2013,PHX,AZ,AWP,WE,Towers with Radar,1006,168,21,5,1200,0,51,17,5,73,1006,219,38,10,1273,0,0,0,1273
06/06/2013,PHX,AZ,AWP,WE,Towers with Radar,1016,174,47,2,1239,0,50,29,2,81,1016,224,76,4,1320,0,0,0,1320
06/07/2013,PHX,AZ,AWP,WE,Towers with Radar,1015,169,36,6,1226,0,50,18,1,69,1015,219,54,7,1295,0,0,0,1295
06/08/2013,PHX,AZ,AWP,WE,Towers with Radar,907,141,20,9,1077,0,28,16,4,48,907,169,36,13,1125,0,0,0,1125
06/09/2013,PHX,AZ,AWP,WE,Towers with Radar,964,150,13,4,1131,0,17,21,2,40,964,167,34,6,1171,0,0,0,1171
06/10/2013,PHX,AZ,AWP,WE,Towers with Radar,990,169,24,6,1189,6,42,42,1,91,996,211,66,7,1280,6,2,8,1288
06/11/2013,PHX,AZ,AWP,WE,Towers with Radar,958,165,51,6,1180,0,40,29,5,74,958,205,80,11,1254,0,0,0,1254
06/12/2013,PHX,AZ,AWP,WE,Towers with Radar,994,170,21,5,1190,0,49,30,5,84,994,219,51,10,1274,0,0,0,1274
06/13/2013,PHX,AZ,AWP,WE,Towers with Radar,994,184,52,7,1237,0,31,22,1,54,994,215,74,8,1291,0,0,0,1291
06/14/2013,PHX,AZ,AWP,WE,Towers with Radar,1009,181,36,4,1230,0,35,28,3,66,1009,216,64,7,1296,0,0,0,1296
06/15/2013,PHX,AZ,AWP,WE,Towers with Radar,901,140,25,2,1068,0,16,21,3,40,901,156,46,5,1108,0,0,0,1108
06/16/2013,PHX,AZ,AWP,WE,Towers with Radar,961,138,22,0,1121,0,13,13,2,28,961,151,35,2,1149,0,0,0,1149
06/17/2013,PHX,AZ,AWP,WE,Towers with Radar,991,165,30,2,1188,1,38,27,1,67,992,203,57,3,1255,0,0,0,1255
06/18/2013,PHX,AZ,AWP,WE,Towers with Radar,950,172,38,4,1164,0,50,20,0,70,950,222,58,4,1234,1,0,1,1235
06/19/2013,PHX,AZ,AWP,WE,Towers with Radar,1001,173,38,4,1216,0,44,21,4,69,1001,217,59,8,1285,0,0,0,1285
06/20/2013,PHX,AZ,AWP,WE,Towers with Radar,1016,176,34,4,1230,0,39,23,1,63,1016,215,57,5,1293,0,0,0,1293
06/21/2013,PHX,AZ,AWP,WE,Towers with Radar,970,181,28,3,1182,0,38,26,0,64,970,219,54,3,1246,0,0,0,1246
06/22/2013,PHX,AZ,AWP,WE,Towers with Radar,918,150,9,1,1078,0,20,9,4,33,918,170,18,5,1111,0,0,0,1111
06/23/2013,PHX,AZ,AWP,WE,Towers with Radar,952,164,16,1,1133,0,16,30,0,46,952,180,46,1,1179,0,0,0,1179
06/24/2013,PHX,AZ,AWP,WE,Towers with Radar,985,171,32,2,1190,0,56,29,8,93,985,227,61,10,1283,6,0,6,1289
06/25/2013,PHX,AZ,AWP,WE,Towers with Radar,949,181,32,5,1167,0,31,18,4,53,949,212,50,9,1220,0,0,0,1220
06/26/2013,PHX,AZ,AWP,WE,Towers with Radar,981,196,27,5,1209,1,34,22,3,60,982,230,49,8,1269,0,0,0,1269
06/27/2013,PHX,AZ,AWP,WE,Towers with Radar,991,187,36,6,1220,0,37,17,4,58,991,224,53,10,1278,0,0,0,1278
06/28/2013,PHX,AZ,AWP,WE,Towers with Radar,987,188,20,0,1195,1,27,19,0,47,988,215,39,0,1242,0,0,0,1242
06/29/2013,PHX,AZ,AWP,WE,Towers with Radar,910,137,10,2,1059,1,23,10,1,35,911,160,20,3,1094,0,0,0,1094
06/30/2013,PHX,AZ,AWP,WE,Towers with Radar,946,156,16,0,1118,0,22,12,0,34,946,178,28,0,1152,0,0,0,1152
07/01/2013,PHX,AZ,AWP,WE,Towers with Radar,943,158,26,0,1127,0,20,15,2,37,943,178,41,2,1164,4,0,4,1168
07/02/2013,PHX,AZ,AWP,WE,Towers with Radar,933,159,17,6,1115,0,23,23,0,46,933,182,40,6,1161,0,0,0,1161
07/03/2013,PHX,AZ,AWP,WE,Towers with Radar,984,183,27,4,1198,0,40,17,2,59,984,223,44,6,1257,0,0,0,1257
07/04/2013,PHX,AZ,AWP,WE,Towers with Radar,705,111,5,0,821,0,12,10,0,22,705,123,15,0,843,0,0,0,843
07/05/2013,PHX,AZ,AWP,WE,Towers with Radar,841,154,12,3,1010,0,39,16,0,55,841,193,28,3,1065,0,0,0,1065
07/06/2013,PHX,AZ,AWP,WE,Towers with Radar,874,139,20,4,1037,0,31,17,4,52,874,170,37,8,1089,0,0,0,1089
07/07/2013,PHX,AZ,AWP,WE,Towers with Radar,943,136,40,4,1123,0,29,30,2,61,943,165,70,6,1184,0,0,0,1184
07/08/2013,PHX,AZ,AWP,WE,Towers with Radar,986,162,27,3,1178,0,48,17,0,65,986,210,44,3,1243,0,0,0,1243
07/09/2013,PHX,AZ,AWP,WE,Towers with Radar,931,170,39,5,1145,0,45,14,1,60,931,215,53,6,1205,0,0,0,1205
07/10/2013,PHX,AZ,AWP,WE,Towers with Radar,971,183,35,4,1193,0,36,37,10,83,971,219,72,14,1276,0,0,0,1276
07/11/2013,PHX,AZ,AWP,WE,Towers with Radar,1010,176,36,6,1228,0,42,29,1,72,1010,218,65,7,1300,0,0,0,1300
07/12/2013,PHX,AZ,AWP,WE,Towers with Radar,987,177,34,6,1204,0,21,32,6,59,987,198,66,12,1263,3,0,3,1266
07/13/2013,PHX,AZ,AWP,WE,Towers with Radar,893,144,17,2,1056,0,22,13,0,35,893,166,30,2,1091,2,0,2,1093
07/14/2013,PHX,AZ,AWP,WE,Towers with Radar,944,145,35,2,1126,0,11,11,0,22,944,156,46,2,1148,0,0,0,1148
07/15/2013,PHX,AZ,AWP,WE,Towers with Radar,974,178,28,5,1185,0,41,29,4,74,974,219,57,9,1259,0,0,0,1259
07/16/2013,PHX,AZ,AWP,WE,Towers with Radar,945,180,26,4,1155,0,32,40,0,72,945,212,66,4,1227,0,1,1,1228
07/17/2013,PHX,AZ,AWP,WE,Towers with Radar,1002,178,34,7,1221,0,42,25,2,69,1002,220,59,9,1290,0,0,0,1290
07/18/2013,PHX,AZ,AWP,WE,Towers with Radar,1007,178,31,10,1226,1,43,36,1,81,1008,221,67,11,1307,0,0,0,1307
07/19/2013,PHX,AZ,AWP,WE,Towers with Radar,997,175,40,4,1216,0,35,13,0,48,997,210,53,4,1264,0,0,0,1264
07/20/2013,PHX,AZ,AWP,WE,Towers with Radar,903,138,9,0,1050,0,15,20,2,37,903,153,29,2,1087,0,0,0,1087
07/21/2013,PHX,AZ,AWP,WE,Towers with Radar,964,133,26,0,1123,0,15,7,3,25,964,148,33,3,1148,0,0,0,1148
07/22/2013,PHX,AZ,AWP,WE,Towers with Radar,987,167,35,0,1189,0,28,30,0,58,987,195,65,0,1247,0,0,0,1247
07/23/2013,PHX,AZ,AWP,WE,Towers with Radar,943,170,27,4,1144,0,48,25,0,73,943,218,52,4,1217,8,0,8,1225
07/24/2013,PHX,AZ,AWP,WE,Towers with Radar,988,165,24,16,1193,0,47,27,2,76,988,212,51,18,1269,0,0,0,1269
07/25/2013,PHX,AZ,AWP,WE,Towers with Radar,1008,175,38,7,1228,0,33,24,0,57,1008,208,62,7,1285,0,0,0,1285
07/26/2013,PHX,AZ,AWP,WE,Towers with Radar,1006,175,31,7,1219,0,38,17,3,58,1006,213,48,10,1277,0,0,0,1277
07/27/2013,PHX,AZ,AWP,WE,Towers with Radar,904,145,7,5,1061,0,22,12,2,36,904,167,19,7,1097,1,0,1,1098
07/28/2013,PHX,AZ,AWP,WE,Towers with Radar,946,142,20,0,1108,0,11,25,4,40,946,153,45,4,1148,0,0,0,1148
07/29/2013,PHX,AZ,AWP,WE,Towers with Radar,987,166,29,6,1188,0,36,15,0,51,987,202,44,6,1239,0,0,0,1239
07/30/2013,PHX,AZ,AWP,WE,Towers with Radar,941,177,32,2,1152,0,38,24,9,71,941,215,56,11,1223,2,0,2,1225
07/31/2013,PHX,AZ,AWP,WE,Towers with Radar,988,175,34,6,1203,0,38,21,0,59,988,213,55,6,1262,0,0,0,1262
08/01/2013,PHX,AZ,AWP,WE,Towers with Radar,1009,176,41,8,1234,0,37,16,0,53,1009,213,57,8,1287,0,0,0,1287
08/02/2013,PHX,AZ,AWP,WE,Towers with Radar,991,172,22,1,1186,0,35,16,0,51,991,207,38,1,1237,0,0,0,1237
08/03/2013,PHX,AZ,AWP,WE,Towers with Radar,895,138,14,1,1048,0,26,11,8,45,895,164,25,9,1093,0,0,0,1093
08/04/2013,PHX,AZ,AWP,WE,Towers with Radar,964,150,32,3,1149,0,25,24,5,54,964,175,56,8,1203,0,0,0,1203
08/05/2013,PHX,AZ,AWP,WE,Towers with Radar,990,171,31,5,1197,0,32,29,4,65,990,203,60,9,1262,0,0,0,1262
08/06/2013,PHX,AZ,AWP,WE,Towers with Radar,943,174,43,8,1168,0,22,26,2,50,943,196,69,10,1218,0,0,0,1218
08/07/2013,PHX,AZ,AWP,WE,Towers with Radar,991,177,33,5,1206,0,27,30,2,59,991,204,63,7,1265,0,0,0,1265
08/08/2013,PHX,AZ,AWP,WE,Towers with Radar,1016,179,24,5,1224,0,28,32,4,64,1016,207,56,9,1288,0,0,0,1288
08/09/2013,PHX,AZ,AWP,WE,Towers with Radar,1002,167,33,5,1207,0,44,20,0,64,1002,211,53,5,1271,0,0,0,1271
08/10/2013,PHX,AZ,AWP,WE,Towers with Radar,893,145,15,1,1054,0,22,9,7,38,893,167,24,8,1092,0,0,0,1092
08/11/2013,PHX,AZ,AWP,WE,Towers with Radar,945,144,23,1,1113,0,5,14,7,26,945,149,37,8,1139,0,0,0,1139
08/12/2013,PHX,AZ,AWP,WE,Towers with Radar,960,171,18,1,1150,0,31,26,3,60,960,202,44,4,1210,0,0,0,1210
08/13/2013,PHX,AZ,AWP,WE,Towers with Radar,915,174,36,9,1134,0,34,28,3,65,915,208,64,12,1199,0,0,0,1199
08/14/2013,PHX,AZ,AWP,WE,Towers with Radar,975,167,37,10,1189,0,44,28,2,74,975,211,65,12,1263,0,0,0,1263
08/15/2013,PHX,AZ,AWP,WE,Towers with Radar,1003,170,41,11,1225,0,30,21,0,51,1003,200,62,11,1276,0,0,0,1276
08/16/2013,PHX,AZ,AWP,WE,Towers with Radar,1004,163,36,5,1208,0,33,20,8,61,1004,196,56,13,1269,0,0,0,1269
08/17/2013,PHX,AZ,AWP,WE,Towers with Radar,869,124,8,3,1004,0,24,14,2,40,869,148,22,5,1044,0,0,0,1044
08/18/2013,PHX,AZ,AWP,WE,Towers with Radar,933,131,28,2,1094,0,6,12,3,21,933,137,40,5,1115,0,0,0,1115
08/19/2013,PHX,AZ,AWP,WE,Towers with Radar,937,154,33,2,1126,0,25,18,1,44,937,179,51,3,1170,0,1,1,1171
08/20/2013,PHX,AZ,AWP,WE,Towers with Radar,848,140,31,6,1025,0,27,19,2,48,848,167,50,8,1073,0,0,0,1073
08/21/2013,PHX,AZ,AWP,WE,Towers with Radar,911,165,40,8,1124,0,32,27,2,61,911,197,67,10,1185,0,0,0,1185
08/22/2013,PHX,AZ,AWP,WE,Towers with Radar,923,153,33,8,1117,0,32,30,0,62,923,185,63,8,1179,0,0,0,1179
08/23/2013,PHX,AZ,AWP,WE,Towers with Radar,913,159,22,3,1097,0,27,29,4,60,913,186,51,7,1157,0,0,0,1157
08/24/2013,PHX,AZ,AWP,WE,Towers with Radar,776,116,23,4,919,0,8,14,7,29,776,124,37,11,948,0,0,0,948
08/25/2013,PHX,AZ,AWP,WE,Towers with Radar,868,127,24,1,1020,0,7,8,2,17,868,134,32,3,1037,0,0,0,1037
08/26/2013,PHX,AZ,AWP,WE,Towers with Radar,908,159,32,2,1101,0,12,25,0,37,908,171,57,2,1138,0,0,0,1138
08/27/2013,PHX,AZ,AWP,WE,Towers with Radar,848,150,43,4,1045,0,36,14,2,52,848,186,57,6,1097,0,0,0,1097
08/28/2013,PHX,AZ,AWP,WE,Towers with Radar,928,160,33,0,1121,0,31,23,0,54,928,191,56,0,1175,0,0,0,1175
08/29/2013,PHX,AZ,AWP,WE,Towers with Radar,979,165,22,8,1174,0,27,14,2,43,979,192,36,10,1217,0,0,0,1217
08/30/2013,PHX,AZ,AWP,WE,Towers with Radar,927,167,36,6,1136,0,33,14,2,49,927,200,50,8,1185,0,0,0,1185
08/31/2013,PHX,AZ,AWP,WE,Towers with Radar,623,106,14,0,743,0,28,11,7,46,623,134,25,7,789,0,0,0,789
09/01/2013,PHX,AZ,AWP,WE,Towers with Radar,674,105,6,0,785,0,11,9,2,22,674,116,15,2,807,0,0,0,807
09/02/2013,PHX,AZ,AWP,WE,Towers with Radar,868,129,13,1,1011,0,10,34,1,45,868,139,47,2,1056,0,0,0,1056
09/03/2013,PHX,AZ,AWP,WE,Towers with Radar,846,151,25,5,1027,0,26,16,9,51,846,177,41,14,1078,0,0,0,1078
09/04/2013,PHX,AZ,AWP,WE,Towers with Radar,928,142,29,7,1106,0,30,25,0,55,928,172,54,7,1161,0,0,0,1161
09/05/2013,PHX,AZ,AWP,WE,Towers with Radar,932,140,31,9,1112,0,45,14,2,61,932,185,45,11,1173,0,0,0,1173
09/06/2013,PHX,AZ,AWP,WE,Towers with Radar,949,147,22,8,1126,0,26,16,0,42,949,173,38,8,1168,0,0,0,1168
09/07/2013,PHX,AZ,AWP,WE,Towers with Radar,725,106,12,3,846,0,18,12,5,35,725,124,24,8,881,0,0,0,881
09/08/2013,PHX,AZ,AWP,WE,Towers with Radar,941,118,28,3,1090,0,16,14,3,33,941,134,42,6,1123,0,0,0,1123
09/09/2013,PHX,AZ,AWP,WE,Towers with Radar,930,153,34,1,1118,0,13,20,0,33,930,166,54,1,1151,0,0,0,1151
09/10/2013,PHX,AZ,AWP,WE,Towers with Radar,837,143,48,6,1034,0,27,23,0,50,837,170,71,6,1084,0,0,0,1084
09/11/2013,PHX,AZ,AWP,WE,Towers with Radar,911,135,27,8,1081,0,31,13,0,44,911,166,40,8,1125,0,0,0,1125
09/12/2013,PHX,AZ,AWP,WE,Towers with Radar,986,157,44,5,1192,0,29,29,0,58,986,186,73,5,1250,0,0,0,1250
09/13/2013,PHX,AZ,AWP,WE,Towers with Radar,948,141,32,7,1128,0,36,24,9,69,948,177,56,16,1197,0,0,0,1197
09/14/2013,PHX,AZ,AWP,WE,Towers with Radar,728,107,21,2,858,0,31,28,8,67,728,138,49,10,925,2,0,2,927
09/15/2013,PHX,AZ,AWP,WE,Towers with Radar,952,126,24,2,1104,0,18,25,5,48,952,144,49,7,1152,0,0,0,1152
09/16/2013,PHX,AZ,AWP,WE,Towers with Radar,932,162,40,0,1134,0,32,43,1,76,932,194,83,1,1210,0,0,0,1210
09/17/2013,PHX,AZ,AWP,WE,Towers with Radar,840,134,65,2,1041,0,42,37,2,81,840,176,102,4,1122,0,0,0,1122
09/18/2013,PHX,AZ,AWP,WE,Towers with Radar,923,146,59,2,1130,0,38,41,6,85,923,184,100,8,1215,0,0,0,1215
09/19/2013,PHX,AZ,AWP,WE,Towers with Radar,980,146,48,2,1176,0,30,23,2,55,980,176,71,4,1231,0,0,0,1231
09/20/2013,PHX,AZ,AWP,WE,Towers with Radar,940,140,52,1,1133,0,36,35,1,72,940,176,87,2,1205,0,0,0,1205
09/21/2013,PHX,AZ,AWP,WE,Towers with Radar,727,115,18,2,862,0,24,17,4,45,727,139,35,6,907,0,0,0,907
09/22/2013,PHX,AZ,AWP,WE,Towers with Radar,950,113,32,1,1096,0,22,17,0,39,950,135,49,1,1135,0,0,0,1135
09/23/2013,PHX,AZ,AWP,WE,Towers with Radar,926,139,36,1,1102,0,36,14,3,53,926,175,50,4,1155,0,0,0,1155
09/24/2013,PHX,AZ,AWP,WE,Towers with Radar,835,143,59,3,1040,0,40,27,4,71,835,183,86,7,1111,0,0,0,1111
09/25/2013,PHX,AZ,AWP,WE,Towers with Radar,909,146,28,0,1083,0,28,24,0,52,909,174,52,0,1135,0,0,0,1135
09/26/2013,PHX,AZ,AWP,WE,Towers with Radar,993,156,38,0,1187,0,36,14,0,50,993,192,52,0,1237,0,0,0,1237
09/27/2013,PHX,AZ,AWP,WE,Towers with Radar,942,144,55,4,1145,0,43,32,4,79,942,187,87,8,1224,0,0,0,1224
09/28/2013,PHX,AZ,AWP,WE,Towers with Radar,716,110,23,3,852,0,21,16,10,47,716,131,39,13,899,0,0,0,899
09/29/2013,PHX,AZ,AWP,WE,Towers with Radar,940,125,31,1,1097,0,13,15,0,28,940,138,46,1,1125,0,0,0,1125
09/30/2013,PHX,AZ,AWP,WE,Towers with Radar,934,137,45,1,1117,0,23,25,0,48,934,160,70,1,1165,0,0,0,1165
10/01/2013,PHX,AZ,AWP,WE,Towers with Radar,852,127,50,1,1030,0,45,29,6,80,852,172,79,7,1110,0,0,0,1110
10/02/2013,PHX,AZ,AWP,WE,Towers with Radar,937,149,48,2,1136,0,40,28,0,68,937,189,76,2,1204,0,0,0,1204
10/03/2013,PHX,AZ,AWP,WE,Towers with Radar,997,144,53,0,1194,0,36,15,0,51,997,180,68,0,1245,0,0,0,1245
10/04/2013,PHX,AZ,AWP,WE,Towers with Radar,945,141,31,0,1117,0,30,6,0,36,945,171,37,0,1153,0,0,0,1153
10/05/2013,PHX,AZ,AWP,WE,Towers with Radar,813,116,18,0,947,0,14,14,1,29,813,130,32,1,976,0,0,0,976
10/06/2013,PHX,AZ,AWP,WE,Towers with Radar,960,111,26,0,1097,0,13,12,0,25,960,124,38,0,1122,0,0,0,1122
10/07/2013,PHX,AZ,AWP,WE,Towers with Radar,946,147,26,0,1119,0,35,22,0,57,946,182,48,0,1176,0,0,0,1176
10/08/2013,PHX,AZ,AWP,WE,Towers with Radar,942,146,38,0,1126,0,44,11,0,55,942,190,49,0,1181,0,0,0,1181
10/09/2013,PHX,AZ,AWP,WE,Towers with Radar,947,142,38,0,1127,0,52,14,0,66,947,194,52,0,1193,0,0,0,1193
10/10/2013,PHX,AZ,AWP,WE,Towers with Radar,1010,162,38,2,1212,0,25,9,3,37,1010,187,47,5,1249,0,0,0,1249
10/11/2013,PHX,AZ,AWP,WE,Towers with Radar,951,151,20,0,1122,0,34,25,0,59,951,185,45,0,1181,0,0,0,1181
10/12/2013,PHX,AZ,AWP,WE,Towers with Radar,745,100,11,1,857,0,20,15,3,38,745,120,26,4,895,0,0,0,895
10/13/2013,PHX,AZ,AWP,WE,Towers with Radar,921,128,22,0,1071,0,17,27,0,44,921,145,49,0,1115,0,0,0,1115
10/14/2013,PHX,AZ,AWP,WE,Towers with Radar,945,148,27,2,1122,0,30,31,1,62,945,178,58,3,1184,0,0,0,1184
10/15/2013,PHX,AZ,AWP,WE,Towers with Radar,934,152,35,0,1121,0,32,19,2,53,934,184,54,2,1174,0,0,0,1174
10/16/2013,PHX,AZ,AWP,WE,Towers with Radar,1006,160,34,0,1200,0,29,28,2,59,1006,189,62,2,1259,0,0,0,1259
10/17/2013,PHX,AZ,AWP,WE,Towers with Radar,1020,159,53,4,1236,0,31,19,0,50,1020,190,72,4,1286,0,0,0,1286
10/18/2013,PHX,AZ,AWP,WE,Towers with Radar,988,151,52,2,1193,0,24,43,0,67,988,175,95,2,1260,0,0,0,1260
10/19/2013,PHX,AZ,AWP,WE,Towers with Radar,826,105,26,0,957,0,16,18,8,42,826,121,44,8,999,0,0,0,999
10/20/2013,PHX,AZ,AWP,WE,Towers with Radar,947,124,30,0,1101,0,4,17,2,23,947,128,47,2,1124,0,0,0,1124
10/21/2013,PHX,AZ,AWP,WE,Towers with Radar,944,147,38,3,1132,0,29,32,1,62,944,176,70,4,1194,0,0,0,1194
10/22/2013,PHX,AZ,AWP,WE,Towers with Radar,948,156,36,6,1146,0,29,25,2,56,948,185,61,8,1202,0,0,0,1202
10/23/2013,PHX,AZ,AWP,WE,Towers with Radar,954,156,39,7,1156,0,25,19,0,44,954,181,58,7,1200,0,0,0,1200
10/24/2013,PHX,AZ,AWP,WE,Towers with Radar,999,152,48,7,1206,0,30,23,1,54,999,182,71,8,1260,0,0,0,1260
10/25/2013,PHX,AZ,AWP,WE,Towers with Radar,952,148,39,1,1140,0,18,17,1,36,952,166,56,2,1176,0,0,0,1176
10/26/2013,PHX,AZ,AWP,WE,Towers with Radar,823,107,19,2,951,0,24,9,3,36,823,131,28,5,987,0,0,0,987
10/27/2013,PHX,AZ,AWP,WE,Towers with Radar,936,124,25,2,1087,0,6,10,2,18,936,130,35,4,1105,0,0,0,1105
10/28/2013,PHX,AZ,AWP,WE,Towers with Radar,968,158,21,3,1150,0,41,25,0,66,968,199,46,3,1216,0,0,0,1216
10/29/2013,PHX,AZ,AWP,WE,Towers with Radar,961,154,50,8,1173,0,20,41,3,64,961,174,91,11,1237,0,0,0,1237
10/30/2013,PHX,AZ,AWP,WE,Towers with Radar,975,159,29,2,1165,0,21,40,7,68,975,180,69,9,1233,0,0,0,1233
10/31/2013,PHX,AZ,AWP,WE,Towers with Radar,856,133,34,4,1027,0,41,45,0,86,856,174,79,4,1113,0,0,0,1113
11/01/2013,PHX,AZ,AWP,WE,Towers with Radar,984,134,49,6,1173,0,28,13,1,42,984,162,62,7,1215,0,0,0,1215
11/02/2013,PHX,AZ,AWP,WE,Towers with Radar,827,112,21,5,965,0,14,6,2,22,827,126,27,7,987,0,0,0,987
11/03/2013,PHX,AZ,AWP,WE,Towers with Radar,899,116,28,2,1045,0,9,16,0,25,899,125,44,2,1070,0,0,0,1070
11/04/2013,PHX,AZ,AWP,WE,Towers with Radar,948,152,36,1,1137,0,13,18,1,32,948,165,54,2,1169,0,0,0,1169
11/05/2013,PHX,AZ,AWP,WE,Towers with Radar,964,147,49,6,1166,0,15,17,14,46,964,162,66,20,1212,0,0,0,1212
11/06/2013,PHX,AZ,AWP,WE,Towers with Radar,968,146,43,2,1159,0,36,12,3,51,968,182,55,5,1210,0,0,0,1210
11/07/2013,PHX,AZ,AWP,WE,Towers with Radar,1023,153,57,7,1240,0,24,27,2,53,1023,177,84,9,1293,0,0,0,1293
11/08/2013,PHX,AZ,AWP,WE,Towers with Radar,1006,151,43,5,1205,0,38,29,2,69,1006,189,72,7,1274,0,0,0,1274
11/09/2013,PHX,AZ,AWP,WE,Towers with Radar,860,114,22,7,1003,0,15,12,1,28,860,129,34,8,1031,0,0,0,1031
11/10/2013,PHX,AZ,AWP,WE,Towers with Radar,952,120,46,0,1118,0,13,28,0,41,952,133,74,0,1159,0,0,0,1159
11/11/2013,PHX,AZ,AWP,WE,Towers with Radar,968,150,35,0,1153,0,32,31,0,63,968,182,66,0,1216,0,0,0,1216
11/12/2013,PHX,AZ,AWP,WE,Towers with Radar,963,165,49,2,1179,0,26,21,0,47,963,191,70,2,1226,0,0,0,1226
11/13/2013,PHX,AZ,AWP,WE,Towers with Radar,969,159,48,6,1182,0,26,30,0,56,969,185,78,6,1238,0,0,0,1238
11/14/2013,PHX,AZ,AWP,WE,Towers with Radar,1031,162,37,5,1235,0,34,18,0,52,1031,196,55,5,1287,0,0,0,1287
11/15/2013,PHX,AZ,AWP,WE,Towers with Radar,1005,158,59,2,1224,0,11,13,4,28,1005,169,72,6,1252,0,0,0,1252
11/16/2013,PHX,AZ,AWP,WE,Towers with Radar,853,124,21,3,1001,0,5,19,4,28,853,129,40,7,1029,0,2,2,1031
11/17/2013,PHX,AZ,AWP,WE,Towers with Radar,949,109,25,2,1085,0,10,28,0,38,949,119,53,2,1123,0,0,0,1123
11/18/2013,PHX,AZ,AWP,WE,Towers with Radar,990,148,37,4,1179,0,28,36,2,66,990,176,73,6,1245,0,0,0,1245
11/19/2013,PHX,AZ,AWP,WE,Towers with Radar,972,146,57,11,1186,0,35,13,6,54,972,181,70,17,1240,0,0,0,1240
11/20/2013,PHX,AZ,AWP,WE,Towers with Radar,970,154,48,8,1180,0,32,34,1,67,970,186,82,9,1247,0,0,0,1247
11/21/2013,PHX,AZ,AWP,WE,Towers with Radar,1025,169,51,7,1252,0,25,11,0,36,1025,194,62,7,1288,0,0,0,1288
11/22/2013,PHX,AZ,AWP,WE,Towers with Radar,1067,168,37,2,1274,0,5,8,0,13,1067,173,45,2,1287,0,0,0,1287
11/23/2013,PHX,AZ,AWP,WE,Towers with Radar,908,112,27,1,1048,0,8,7,2,17,908,120,34,3,1065,0,0,0,1065
11/24/2013,PHX,AZ,AWP,WE,Towers with Radar,914,121,25,1,1061,0,4,5,2,11,914,125,30,3,1072,0,0,0,1072
11/25/2013,PHX,AZ,AWP,WE,Towers with Radar,950,152,26,0,1128,0,22,42,0,64,950,174,68,0,1192,0,0,0,1192
11/26/2013,PHX,AZ,AWP,WE,Towers with Radar,1048,140,47,7,1242,0,31,38,1,70,1048,171,85,8,1312,3,0,3,1315
11/27/2013,PHX,AZ,AWP,WE,Towers with Radar,1092,159,33,3,1287,0,23,37,0,60,1092,182,70,3,1347,0,0,0,1347
11/28/2013,PHX,AZ,AWP,WE,Towers with Radar,621,71,11,0,703,0,8,12,2,22,621,79,23,2,725,0,0,0,725
11/29/2013,PHX,AZ,AWP,WE,Towers with Radar,782,125,20,2,929,0,19,13,0,32,782,144,33,2,961,0,0,0,961
11/30/2013,PHX,AZ,AWP,WE,Towers with Radar,986,113,26,1,1126,0,35,4,7,46,986,148,30,8,1172,0,0,0,1172
12/01/2013,PHX,AZ,AWP,WE,Towers with Radar,1063,124,53,1,1241,0,14,26,0,40,1063,138,79,1,1281,0,0,0,1281
12/02/2013,PHX,AZ,AWP,WE,Towers with Radar,1068,146,33,3,1250,0,20,22,2,44,1068,166,55,5,1294,0,0,0,1294
12/03/2013,PHX,AZ,AWP,WE,Towers with Radar,996,145,39,13,1193,0,19,28,6,53,996,164,67,19,1246,0,0,0,1246
12/04/2013,PHX,AZ,AWP,WE,Towers with Radar,955,143,44,3,1145,0,32,17,3,52,955,175,61,6,1197,0,0,0,1197
12/05/2013,PHX,AZ,AWP,WE,Towers with Radar,971,135,33,5,1144,0,18,27,1,46,971,153,60,6,1190,0,0,0,1190
12/06/2013,PHX,AZ,AWP,WE,Towers with Radar,946,136,37,16,1135,0,37,30,0,67,946,173,67,16,1202,0,0,0,1202
12/07/2013,PHX,AZ,AWP,WE,Towers with Radar,739,107,34,5,885,0,14,12,0,26,739,121,46,5,911,0,0,0,911
12/08/2013,PHX,AZ,AWP,WE,Towers with Radar,880,109,25,3,1017,0,4,5,2,11,880,113,30,5,1028,0,0,0,1028
12/09/2013,PHX,AZ,AWP,WE,Towers with Radar,866,125,30,6,1027,0,25,26,0,51,866,150,56,6,1078,0,0,0,1078
12/10/2013,PHX,AZ,AWP,WE,Towers with Radar,881,133,45,14,1073,0,19,37,4,60,881,152,82,18,1133,0,0,0,1133
12/11/2013,PHX,AZ,AWP,WE,Towers with Radar,951,131,45,5,1132,0,23,28,0,51,951,154,73,5,1183,0,0,0,1183
12/12/2013,PHX,AZ,AWP,WE,Towers with Radar,983,155,46,10,1194,0,28,24,2,54,983,183,70,12,1248,0,0,0,1248
12/13/2013,PHX,AZ,AWP,WE,Towers with Radar,981,146,30,10,1167,0,29,17,1,47,981,175,47,11,1214,0,0,0,1214
12/14/2013,PHX,AZ,AWP,WE,Towers with Radar,758,94,20,14,886,0,16,12,2,30,758,110,32,16,916,0,0,0,916
12/15/2013,PHX,AZ,AWP,WE,Towers with Radar,906,109,21,6,1042,0,9,21,6,36,906,118,42,12,1078,0,0,0,1078
12/16/2013,PHX,AZ,AWP,WE,Towers with Radar,885,117,39,10,1051,0,20,45,2,67,885,137,84,12,1118,0,0,0,1118
12/17/2013,PHX,AZ,AWP,WE,Towers with Radar,905,131,41,6,1083,0,30,39,4,73,905,161,80,10,1156,0,0,0,1156
12/18/2013,PHX,AZ,AWP,WE,Towers with Radar,987,142,34,6,1169,0,37,32,1,70,987,179,66,7,1239,0,0,0,1239
12/19/2013,PHX,AZ,AWP,WE,Towers with Radar,1086,160,47,3,1296,0,29,29,5,63,1086,189,76,8,1359,0,0,0,1359
12/20/2013,PHX,AZ,AWP,WE,Towers with Radar,1126,180,48,8,1362,0,10,17,2,29,1126,190,65,10,1391,0,0,0,1391
12/21/2013,PHX,AZ,AWP,WE,Towers with Radar,1082,129,21,1,1233,0,5,16,0,21,1082,134,37,1,1254,0,0,0,1254
12/22/2013,PHX,AZ,AWP,WE,Towers with Radar,1045,121,26,1,1193,0,8,7,0,15,1045,129,33,1,1208,0,0,0,1208
12/23/2013,PHX,AZ,AWP,WE,Towers with Radar,1105,157,27,0,1289,0,26,24,2,52,1105,183,51,2,1341,0,0,0,1341
12/24/2013,PHX,AZ,AWP,WE,Towers with Radar,948,138,13,0,1099,0,39,27,1,67,948,177,40,1,1166,0,0,0,1166
12/25/2013,PHX,AZ,AWP,WE,Towers with Radar,868,106,13,0,987,0,11,6,0,17,868,117,19,0,1004,0,0,0,1004
12/26/2013,PHX,AZ,AWP,WE,Towers with Radar,1087,154,38,0,1279,0,32,21,2,55,1087,186,59,2,1334,0,0,0,1334
12/27/2013,PHX,AZ,AWP,WE,Towers with Radar,1120,154,37,0,1311,0,21,18,0,39,1120,175,55,0,1350,0,0,0,1350
12/28/2013,PHX,AZ,AWP,WE,Towers with Radar,1054,124,18,0,1196,0,12,25,2,39,1054,136,43,2,1235,0,0,0,1235
12/29/2013,PHX,AZ,AWP,WE,Towers with Radar,1043,117,22,0,1182,0,9,16,5,30,1043,126,38,5,1212,0,0,0,1212
12/30/2013,PHX,AZ,AWP,WE,Towers with Radar,1059,163,23,4,1249,0,17,22,3,42,1059,180,45,7,1291,0,0,0,1291
12/31/2013,PHX,AZ,AWP,WE,Towers with Radar,966,139,18,0,1123,0,33,14,6,53,966,172,32,6,1176,0,0,0,1176
01/01/2014,PHX,AZ,AWP,WE,Towers with Radar,932,128,17,0,1077,0,17,19,0,36,932,145,36,0,1113,0,0,0,1113
01/02/2014,PHX,AZ,AWP,WE,Towers with Radar,1078,151,36,0,1265,0,27,16,0,43,1078,178,52,0,1308,0,0,0,1308
01/03/2014,PHX,AZ,AWP,WE,Towers with Radar,1060,144,19,4,1227,0,35,19,0,54,1060,179,38,4,1281,0,0,0,1281
01/04/2014,PHX,AZ,AWP,WE,Towers with Radar,991,127,31,1,1150,0,24,12,1,37,991,151,43,2,1187,0,0,0,1187
01/05/2014,PHX,AZ,AWP,WE,Towers with Radar,975,121,37,3,1136,0,23,21,2,46,975,144,58,5,1182,0,0,0,1182
01/06/2014,PHX,AZ,AWP,WE,Towers with Radar,988,167,48,3,1206,0,16,20,2,38,988,183,68,5,1244,0,0,0,1244
01/07/2014,PHX,AZ,AWP,WE,Towers with Radar,903,138,46,4,1091,0,27,31,3,61,903,165,77,7,1152,0,0,0,1152
01/08/2014,PHX,AZ,AWP,WE,Towers with Radar,961,147,67,6,1181,0,30,35,0,65,961,177,102,6,1246,0,0,0,1246
01/09/2014,PHX,AZ,AWP,WE,Towers with Radar,975,167,76,6,1224,0,29,17,1,47,975,196,93,7,1271,0,0,0,1271
01/10/2014,PHX,AZ,AWP,WE,Towers with Radar,985,157,36,7,1185,0,18,25,0,43,985,175,61,7,1228,0,0,0,1228
01/11/2014,PHX,AZ,AWP,WE,Towers with Radar,808,109,21,6,944,0,34,25,7,66,808,143,46,13,1010,0,0,0,1010
01/12/2014,PHX,AZ,AWP,WE,Towers with Radar,920,109,23,8,1060,0,8,27,0,35,920,117,50,8,1095,0,0,0,1095
01/13/2014,PHX,AZ,AWP,WE,Towers with Radar,955,128,47,5,1135,0,31,26,1,58,955,159,73,6,1193,0,0,0,1193
01/14/2014,PHX,AZ,AWP,WE,Towers with Radar,879,131,48,7,1065,0,32,32,5,69,879,163,80,12,1134,0,0,0,1134
01/15/2014,PHX,AZ,AWP,WE,Towers with Radar,964,149,62,10,1185,0,22,22,2,46,964,171,84,12,1231,0,0,0,1231
01/16/2014,PHX,AZ,AWP,WE,Towers with Radar,991,146,54,7,1198,0,29,38,1,68,991,175,92,8,1266,0,0,0,1266
01/17/2014,PHX,AZ,AWP,WE,Towers with Radar,974,147,56,6,1183,0,40,33,1,74,974,187,89,7,1257,0,0,0,1257
01/18/2014,PHX,AZ,AWP,WE,Towers with Radar,815,106,26,0,947,0,19,26,4,49,815,125,52,4,996,1,0,1,997
01/19/2014,PHX,AZ,AWP,WE,Towers with Radar,900,114,30,1,1045,0,10,21,0,31,900,124,51,1,1076,0,0,0,1076
01/20/2014,PHX,AZ,AWP,WE,Towers with Radar,961,150,43,2,1156,0,25,37,1,63,961,175,80,3,1219,0,0,0,1219
01/21/2014,PHX,AZ,AWP,WE,Towers with Radar,846,144,56,3,1049,0,36,31,2,69,846,180,87,5,1118,0,0,0,1118
01/22/2014,PHX,AZ,AWP,WE,Towers with Radar,946,143,42,6,1137,0,24,22,6,52,946,167,64,12,1189,0,0,0,1189
01/23/2014,PHX,AZ,AWP,WE,Towers with Radar,975,146,45,6,1172,0,27,28,0,55,975,173,73,6,1227,0,0,0,1227
01/24/2014,PHX,AZ,AWP,WE,Towers with Radar,956,137,37,4,1134,0,29,19,7,55,956,166,56,11,1189,0,0,0,1189
01/25/2014,PHX,AZ,AWP,WE,Towers with Radar,811,107,26,2,946,0,18,11,2,31,811,125,37,4,977,1,0,1,978
01/26/2014,PHX,AZ,AWP,WE,Towers with Radar,900,109,30,3,1042,0,19,20,1,40,900,128,50,4,1082,0,0,0,1082
01/27/2014,PHX,AZ,AWP,WE,Towers with Radar,946,143,31,3,1123,0,44,27,0,71,946,187,58,3,1194,4,0,4,1198
01/28/2014,PHX,AZ,AWP,WE,Towers with Radar,865,122,46,6,1039,0,41,33,2,76,865,163,79,8,1115,0,0,0,1115
01/29/2014,PHX,AZ,AWP,WE,Towers with Radar,924,151,40,6,1121,0,20,39,6,65,924,171,79,12,1186,0,0,0,1186
01/30/2014,PHX,AZ,AWP,WE,Towers with Radar,951,144,60,3,1158,0,20,27,2,49,951,164,87,5,1207,0,0,0,1207
01/31/2014,PHX,AZ,AWP,WE,Towers with Radar,984,156,42,7,1189,0,27,7,0,34,984,183,49,7,1223,0,0,0,1223
02/01/2014,PHX,AZ,AWP,WE,Towers with Radar,801,104,28,5,938,0,8,15,5,28,801,112,43,10,966,0,0,0,966
02/02/2014,PHX,AZ,AWP,WE,Towers with Radar,882,105,26,2,1015,0,17,6,2,25,882,122,32,4,1040,0,0,0,1040
02/03/2014,PHX,AZ,AWP,WE,Towers with Radar,945,136,42,5,1128,0,20,19,0,39,945,156,61,5,1167,1,0,1,1168
02/04/2014,PHX,AZ,AWP,WE,Towers with Radar,868,130,41,7,1046,0,22,18,0,40,868,152,59,7,1086,0,0,0,1086
02/05/2014,PHX,AZ,AWP,WE,Towers with Radar,936,137,28,6,1107,0,36,21,0,57,936,173,49,6,1164,0,0,0,1164
02/06/2014,PHX,AZ,AWP,WE,Towers with Radar,970,165,47,9,1191,0,25,27,0,52,970,190,74,9,1243,0,0,0,1243
02/07/2014,PHX,AZ,AWP,WE,Towers with Radar,987,157,45,5,1194,0,26,13,4,43,987,183,58,9,1237,0,0,0,1237
02/08/2014,PHX,AZ,AWP,WE,Towers with Radar,815,108,28,12,963,0,19,28,3,50,815,127,56,15,1013,0,0,0,1013
02/09/2014,PHX,AZ,AWP,WE,Towers with Radar,913,110,28,2,1053,0,14,17,0,31,913,124,45,2,1084,0,0,0,1084
02/10/2014,PHX,AZ,AWP,WE,Towers with Radar,969,145,36,3,1153,0,38,27,0,65,969,183,63,3,1218,0,0,0,1218
02/11/2014,PHX,AZ,AWP,WE,Towers with Radar,871,126,56,6,1059,0,39,24,1,64,871,165,80,7,1123,0,0,0,1123
02/12/2014,PHX,AZ,AWP,WE,Towers with Radar,929,145,58,7,1139,0,40,18,1,59,929,185,76,8,1198,0,0,0,1198
02/13/2014,PHX,AZ,AWP,WE,Towers with Radar,977,153,53,4,1187,0,38,30,1,69,977,191,83,5,1256,0,0,0,1256
02/14/2014,PHX,AZ,AWP,WE,Towers with Radar,1021,139,42,6,1208,0,33,13,2,48,1021,172,55,8,1256,0,0,0,1256
02/15/2014,PHX,AZ,AWP,WE,Towers with Radar,880,112,25,7,1024,0,20,10,1,31,880,132,35,8,1055,0,0,0,1055
02/16/2014,PHX,AZ,AWP,WE,Towers with Radar,933,112,28,7,1080,0,4,21,2,27,933,116,49,9,1107,0,0,0,1107
02/17/2014,PHX,AZ,AWP,WE,Towers with Radar,963,147,25,3,1138,0,17,32,0,49,963,164,57,3,1187,0,0,0,1187
02/18/2014,PHX,AZ,AWP,WE,Towers with Radar,972,151,36,1,1160,0,28,17,2,47,972,179,53,3,1207,0,0,0,1207
02/19/2014,PHX,AZ,AWP,WE,Towers with Radar,987,164,59,2,1212,0,30,22,0,52,987,194,81,2,1264,0,0,0,1264
02/20/2014,PHX,AZ,AWP,WE,Towers with Radar,1007,155,56,2,1220,0,21,27,4,52,1007,176,83,6,1272,0,0,0,1272
02/21/2014,PHX,AZ,AWP,WE,Towers with Radar,986,145,44,4,1179,0,44,24,0,68,986,189,68,4,1247,0,0,0,1247
02/22/2014,PHX,AZ,AWP,WE,Towers with Radar,862,109,26,2,999,0,24,16,3,43,862,133,42,5,1042,0,0,0,1042
02/23/2014,PHX,AZ,AWP,WE,Towers with Radar,958,117,52,4,1131,0,9,19,0,28,958,126,71,4,1159,0,0,0,1159
02/24/2014,PHX,AZ,AWP,WE,Towers with Radar,983,136,54,3,1176,0,21,24,0,45,983,157,78,3,1221,0,0,0,1221
02/25/2014,PHX,AZ,AWP,WE,Towers with Radar,973,140,49,4,1166,0,32,25,4,61,973,172,74,8,1227,0,0,0,1227
02/26/2014,PHX,AZ,AWP,WE,Towers with Radar,989,161,48,8,1206,0,32,18,0,50,989,193,66,8,1256,0,0,0,1256
02/27/2014,PHX,AZ,AWP,WE,Towers with Radar,1018,158,56,7,1239,0,28,22,4,54,1018,186,78,11,1293,0,0,0,1293
02/28/2014,PHX,AZ,AWP,WE,Towers with Radar,1010,177,54,8,1249,0,11,19,6,36,1010,188,73,14,1285,0,0,0,1285
03/01/2014,PHX,AZ,AWP,WE,Towers with Radar,873,122,33,5,1033,0,2,3,0,5,873,124,36,5,1038,0,0,0,1038
03/02/2014,PHX,AZ,AWP,WE,Towers with Radar,935,112,52,3,1102,0,4,27,0,31,935,116,79,3,1133,0,0,0,1133
03/03/2014,PHX,AZ,AWP,WE,Towers with Radar,977,146,42,7,1172,0,40,39,0,79,977,186,81,7,1251,0,0,0,1251
03/04/2014,PHX,AZ,AWP,WE,Towers with Radar,977,136,56,9,1178,0,47,16,5,68,977,183,72,14,1246,0,0,0,1246
03/05/2014,PHX,AZ,AWP,WE,Towers with Radar,993,148,53,9,1203,0,30,21,0,51,993,178,74,9,1254,0,0,0,1254
03/06/2014,PHX,AZ,AWP,WE,Towers with Radar,1056,163,54,3,1276,0,27,22,4,53,1056,190,76,7,1329,0,0,0,1329
03/07/2014,PHX,AZ,AWP,WE,Towers with Radar,1066,161,36,7,1270,0,28,18,3,49,1066,189,54,10,1319,0,0,0,1319
03/08/2014,PHX,AZ,AWP,WE,Towers with Radar,986,123,19,9,1137,0,12,14,10,36,986,135,33,19,1173,0,0,0,1173
03/09/2014,PHX,AZ,AWP,WE,Towers with Radar,1055,127,38,2,1222,0,6,15,0,21,1055,133,53,2,1243,0,0,0,1243
03/10/2014,PHX,AZ,AWP,WE,Towers with Radar,1035,138,47,4,1224,0,34,40,2,76,1035,172,87,6,1300,0,0,0,1300
03/11/2014,PHX,AZ,AWP,WE,Towers with Radar,1031,144,46,7,1228,0,38,41,2,81,1031,182,87,9,1309,0,0,0,1309
03/12/2014,PHX,AZ,AWP,WE,Towers with Radar,1019,153,47,8,1227,0,28,26,0,54,1019,181,73,8,1281,0,0,0,1281
03/13/2014,PHX,AZ,AWP,WE,Towers with Radar,1099,149,54,6,1308,0,47,21,0,68,1099,196,75,6,1376,0,0,0,1376
03/14/2014,PHX,AZ,AWP,WE,Towers with Radar,1095,157,51,7,1310,0,27,21,2,50,1095,184,72,9,1360,0,0,0,1360
03/15/2014,PHX,AZ,AWP,WE,Towers with Radar,996,118,34,4,1152,0,24,16,2,42,996,142,50,6,1194,2,0,2,1196
03/16/2014,PHX,AZ,AWP,WE,Towers with Radar,1060,118,39,3,1220,0,13,16,3,32,1060,131,55,6,1252,2,0,2,1254
03/17/2014,PHX,AZ,AWP,WE,Towers with Radar,1080,136,47,7,1270,0,28,21,2,51,1080,164,68,9,1321,0,0,0,1321
03/18/2014,PHX,AZ,AWP,WE,Towers with Radar,1047,131,50,3,1231,0,38,55,12,105,1047,169,105,15,1336,0,0,0,1336
03/19/2014,PHX,AZ,AWP,WE,Towers with Radar,1090,146,36,12,1284,0,30,39,0,69,1090,176,75,12,1353,0,0,0,1353
03/20/2014,PHX,AZ,AWP,WE,Towers with Radar,1109,153,50,7,1319,0,23,21,1,45,1109,176,71,8,1364,0,0,0,1364
03/21/2014,PHX,AZ,AWP,WE,Towers with Radar,1095,149,48,12,1304,0,27,31,1,59,1095,176,79,13,1363,0,0,0,1363
03/22/2014,PHX,AZ,AWP,WE,Towers with Radar,988,122,43,4,1157,0,21,10,5,36,988,143,53,9,1193,0,0,0,1193
03/23/2014,PHX,AZ,AWP,WE,Towers with Radar,1049,138,38,0,1225,0,2,18,3,23,1049,140,56,3,1248,0,0,0,1248
03/24/2014,PHX,AZ,AWP,WE,Towers with Radar,1038,156,44,3,1241,0,16,29,0,45,1038,172,73,3,1286,0,0,0,1286
03/25/2014,PHX,AZ,AWP,WE,Towers with Radar,1027,156,41,6,1230,0,25,29,6,60,1027,181,70,12,1290,0,0,0,1290
03/26/2014,PHX,AZ,AWP,WE,Towers with Radar,1045,163,46,7,1261,0,23,22,0,45,1045,186,68,7,1306,0,0,0,1306
03/27/2014,PHX,AZ,AWP,WE,Towers with Radar,1098,157,61,9,1325,0,27,11,0,38,1098,184,72,9,1363,0,0,0,1363
03/28/2014,PHX,AZ,AWP,WE,Towers with Radar,1100,143,34,10,1287,0,38,16,0,54,1100,181,50,10,1341,0,0,0,1341
03/29/2014,PHX,AZ,AWP,WE,Towers with Radar,977,109,35,7,1128,0,24,18,4,46,977,133,53,11,1174,0,0,0,1174
03/30/2014,PHX,AZ,AWP,WE,Towers with Radar,1055,114,39,2,1210,0,2,14,0,16,1055,116,53,2,1226,0,0,0,1226
03/31/2014,PHX,AZ,AWP,WE,Towers with Radar,1040,136,29,3,1208,0,32,34,12,78,1040,168,63,15,1286,0,0,0,1286
04/01/2014,PHX,AZ,AWP,WE,Towers with Radar,1014,138,41,7,1200,0,27,13,6,46,1014,165,54,13,1246,0,0,0,1246
04/02/2014,PHX,AZ,AWP,WE,Towers with Radar,1030,132,39,8,1209,0,21,24,0,45,1030,153,63,8,1254,0,0,0,1254
04/03/2014,PHX,AZ,AWP,WE,Towers with Radar,1081,142,62,11,1296,0,28,30,4,62,1081,170,92,15,1358,0,0,0,1358
04/04/2014,PHX,AZ,AWP,WE,Towers with Radar,1035,143,37,8,1223,0,28,16,2,46,1035,171,53,10,1269,0,0,0,1269
04/05/2014,PHX,AZ,AWP,WE,Towers with Radar,958,116,29,10,1113,0,16,6,1,23,958,132,35,11,1136,0,0,0,1136
04/06/2014,PHX,AZ,AWP,WE,Towers with Radar,1012,117,30,10,1169,0,3,21,2,26,1012,120,51,12,1195,0,0,0,1195
04/07/2014,PHX,AZ,AWP,WE,Towers with Radar,1004,144,47,4,1199,0,20,25,0,45,1004,164,72,4,1244,0,0,0,1244
04/08/2014,PHX,AZ,AWP,WE,Towers with Radar,985,138,41,8,1172,0,30,17,3,50,985,168,58,11,1222,0,0,0,1222
04/09/2014,PHX,AZ,AWP,WE,Towers with Radar,992,150,29,4,1175,0,33,23,0,56,992,183,52,4,1231,0,0,0,1231
04/10/2014,PHX,AZ,AWP,WE,Towers with Radar,1039,138,46,5,1228,0,27,21,0,48,1039,165,67,5,1276,0,0,0,1276
04/11/2014,PHX,AZ,AWP,WE,Towers with Radar,1020,138,55,11,1224,0,29,17,0,46,1020,167,72,11,1270,0,0,0,1270
04/12/2014,PHX,AZ,AWP,WE,Towers with Radar,871,115,20,5,1011,0,18,6,0,24,871,133,26,5,1035,0,2,2,1037
04/13/2014,PHX,AZ,AWP,WE,Towers with Radar,1010,119,30,2,1161,0,11,19,2,32,1010,130,49,4,1193,0,0,0,1193
04/14/2014,PHX,AZ,AWP,WE,Towers with Radar,1016,145,56,8,1225,0,31,31,0,62,1016,176,87,8,1287,0,0,0,1287
04/15/2014,PHX,AZ,AWP,WE,Towers with Radar,989,123,48,6,1166,0,31,21,4,56,989,154,69,10,1222,0,0,0,1222
04/16/2014,PHX,AZ,AWP,WE,Towers with Radar,1010,136,53,4,1203,0,27,17,7,51,1010,163,70,11,1254,0,0,0,1254
04/17/2014,PHX,AZ,AWP,WE,Towers with Radar,1027,153,52,3,1235,0,34,26,3,63,1027,187,78,6,1298,0,0,0,1298
04/18/2014,PHX,AZ,AWP,WE,Towers with Radar,1008,139,38,4,1189,0,28,20,0,48,1008,167,58,4,1237,0,0,0,1237
04/19/2014,PHX,AZ,AWP,WE,Towers with Radar,850,114,16,4,984,0,8,14,4,26,850,122,30,8,1010,0,0,0,1010
04/20/2014,PHX,AZ,AWP,WE,Towers with Radar,945,120,20,0,1085,0,10,12,0,22,945,130,32,0,1107,0,0,0,1107
04/21/2014,PHX,AZ,AWP,WE,Towers with Radar,1009,132,51,5,1197,0,21,23,4,48,1009,153,74,9,1245,0,0,0,1245
04/22/2014,PHX,AZ,AWP,WE,Towers with Radar,998,133,29,6,1166,0,25,18,5,48,998,158,47,11,1214,0,0,0,1214
04/23/2014,PHX,AZ,AWP,WE,Towers with Radar,998,141,46,9,1194,0,22,24,6,52,998,163,70,15,1246,0,0,0,1246
04/24/2014,PHX,AZ,AWP,WE,Towers with Radar,1027,138,43,11,1219,0,22,24,0,46,1027,160,67,11,1265,0,0,0,1265
04/25/2014,PHX,AZ,AWP,WE,Towers with Radar,1022,134,32,7,1195,0,29,13,0,42,1022,163,45,7,1237,0,0,0,1237
04/26/2014,PHX,AZ,AWP,WE,Towers with Radar,874,116,20,4,1014,0,9,10,0,19,874,125,30,4,1033,0,0,0,1033
04/27/2014,PHX,AZ,AWP,WE,Towers with Radar,995,112,30,4,1141,0,5,12,0,17,995,117,42,4,1158,0,0,0,1158
04/28/2014,PHX,AZ,AWP,WE,Towers with Radar,986,131,41,3,1161,0,26,27,2,55,986,157,68,5,1216,0,0,0,1216
04/29/2014,PHX,AZ,AWP,WE,Towers with Radar,959,127,42,8,1136,0,26,19,2,47,959,153,61,10,1183,0,0,0,1183
04/30/2014,PHX,AZ,AWP,WE,Towers with Radar,999,156,62,3,1220,1,29,24,2,56,1000,185,86,5,1276,0,0,0,1276
05/01/2014,PHX,AZ,AWP,WE,Towers with Radar,1011,135,46,7,1199,0,31,18,1,50,1011,166,64,8,1249,0,0,0,1249
05/02/2014,PHX,AZ,AWP,WE,Towers with Radar,981,137,28,6,1152,0,32,26,2,60,981,169,54,8,1212,0,0,0,1212
05/03/2014,PHX,AZ,AWP,WE,Towers with Radar,835,101,15,7,958,0,11,7,3,21,835,112,22,10,979,0,0,0,979
05/04/2014,PHX,AZ,AWP,WE,Towers with Radar,934,125,20,5,1084,0,6,16,0,22,934,131,36,5,1106,0,0,0,1106
05/05/2014,PHX,AZ,AWP,WE,Towers with Radar,972,135,46,2,1155,0,22,9,2,33,972,157,55,4,1188,0,0,0,1188
05/06/2014,PHX,AZ,AWP,WE,Towers with Radar,972,145,61,6,1184,0,25,23,0,48,972,170,84,6,1232,0,0,0,1232
05/07/2014,PHX,AZ,AWP,WE,Towers with Radar,989,149,41,14,1193,2,23,33,5,63,991,172,74,19,1256,0,0,0,1256
05/08/2014,PHX,AZ,AWP,WE,Towers with Radar,999,113,39,5,1156,0,30,14,0,44,999,143,53,5,1200,0,0,0,1200
05/09/2014,PHX,AZ,AWP,WE,Towers with Radar,992,129,39,4,1164,0,30,19,3,52,992,159,58,7,1216,0,0,0,1216
05/10/2014,PHX,AZ,AWP,WE,Towers with Radar,829,112,15,1,957,0,9,15,5,29,829,121,30,6,986,0,0,0,986
05/11/2014,PHX,AZ,AWP,WE,Towers with Radar,931,112,21,2,1066,0,7,10,6,23,931,119,31,8,1089,0,0,0,1089
05/12/2014,PHX,AZ,AWP,WE,Towers with Radar,945,131,38,9,1123,0,31,20,1,52,945,162,58,10,1175,0,0,0,1175
05/13/2014,PHX,AZ,AWP,WE,Towers with Radar,971,120,42,7,1140,0,41,20,3,64,971,161,62,10,1204,0,0,0,1204
05/14/2014,PHX,AZ,AWP,WE,Towers with Radar,990,132,41,9,1172,0,33,36,1,70,990,165,77,10,1242,0,0,0,1242
05/15/2014,PHX,AZ,AWP,WE,Towers with Radar,1048,141,53,8,1250,0,31,17,0,48,1048,172,70,8,1298,0,0,0,1298
05/16/2014,PHX,AZ,AWP,WE,Towers with Radar,1000,131,43,13,1187,0,27,23,2,52,1000,158,66,15,1239,0,0,0,1239
05/17/2014,PHX,AZ,AWP,WE,Towers with Radar,831,106,25,5,967,0,11,16,0,27,831,117,41,5,994,2,0,2,996
05/18/2014,PHX,AZ,AWP,WE,Towers with Radar,993,102,32,1,1128,0,7,20,4,31,993,109,52,5,1159,2,0,2,1161
05/19/2014,PHX,AZ,AWP,WE,Towers with Radar,984,126,33,3,1146,0,31,20,0,51,984,157,53,3,1197,1,0,1,1198
05/20/2014,PHX,AZ,AWP,WE,Towers with Radar,983,130,54,8,1175,0,23,25,6,54,983,153,79,14,1229,0,0,0,1229
05/21/2014,PHX,AZ,AWP,WE,Towers with Radar,1038,119,59,9,1225,0,29,30,0,59,1038,148,89,9,1284,0,0,0,1284
05/22/2014,PHX,AZ,AWP,WE,Towers with Radar,1063,137,49,7,1256,0,28,25,0,53,1063,165,74,7,1309,0,0,0,1309
05/23/2014,PHX,AZ,AWP,WE,Towers with Radar,1041,130,36,4,1211,0,59,18,19,96,1041,189,54,23,1307,0,0,0,1307
05/24/2014,PHX,AZ,AWP,WE,Towers with Radar,794,99,20,3,916,1,26,14,0,41,795,125,34,3,957,0,0,0,957
05/25/2014,PHX,AZ,AWP,WE,Towers with Radar,827,100,18,4,949,0,18,10,0,28,827,118,28,4,977,0,0,0,977
05/26/2014,PHX,AZ,AWP,WE,Towers with Radar,956,107,25,1,1089,0,13,26,0,39,956,120,51,1,1128,0,0,0,1128
05/27/2014,PHX,AZ,AWP,WE,Towers with Radar,967,123,27,7,1124,0,25,16,2,43,967,148,43,9,1167,0,0,0,1167
05/28/2014,PHX,AZ,AWP,WE,Towers with Radar,1007,139,19,10,1175,0,25,30,1,56,1007,164,49,11,1231,0,0,0,1231
05/29/2014,PHX,AZ,AWP,WE,Towers with Radar,1003,138,53,6,1200,0,33,14,0,47,1003,171,67,6,1247,0,0,0,1247
05/30/2014,PHX,AZ,AWP,WE,Towers with Radar,976,133,32,4,1145,0,28,25,0,53,976,161,57,4,1198,0,0,0,1198
05/31/2014,PHX,AZ,AWP,WE,Towers with Radar,826,101,18,1,946,0,17,25,4,46,826,118,43,5,992,0,0,0,992
06/01/2014,PHX,AZ,AWP,WE,Towers with Radar,978,99,15,0,1092,0,5,15,1,21,978,104,30,1,1113,0,0,0,1113
06/02/2014,PHX,AZ,AWP,WE,Towers with Radar,985,122,28,3,1138,0,18,27,1,46,985,140,55,4,1184,1,0,1,1185
06/03/2014,PHX,AZ,AWP,WE,Towers with Radar,985,118,24,6,1133,0,40,8,0,48,985,158,32,6,1181,0,0,0,1181
06/04/2014,PHX,AZ,AWP,WE,Towers with Radar,988,118,17,5,1128,0,47,19,5,71,988,165,36,10,1199,0,0,0,1199
06/05/2014,PHX,AZ,AWP,WE,Towers with Radar,1022,130,37,3,1192,0,43,29,1,73,1022,173,66,4,1265,0,0,0,1265
06/06/2014,PHX,AZ,AWP,WE,Towers with Radar,1029,130,30,11,1200,0,36,18,1,55,1029,166,48,12,1255,0,0,0,1255
06/07/2014,PHX,AZ,AWP,WE,Towers with Radar,869,103,17,6,995,0,22,10,9,41,869,125,27,15,1036,0,0,0,1036
06/08/2014,PHX,AZ,AWP,WE,Towers with Radar,979,117,28,2,1126,0,16,5,8,29,979,133,33,10,1155,0,0,0,1155
06/09/2014,PHX,AZ,AWP,WE,Towers with Radar,955,134,23,3,1115,0,18,40,2,60,955,152,63,5,1175,0,0,0,1175
06/10/2014,PHX,AZ,AWP,WE,Towers with Radar,1022,131,36,0,1189,0,33,21,5,59,1022,164,57,5,1248,0,0,0,1248
06/11/2014,PHX,AZ,AWP,WE,Towers with Radar,1021,117,34,5,1177,0,36,15,0,51,1021,153,49,5,1228,0,0,0,1228
06/12/2014,PHX,AZ,AWP,WE,Towers with Radar,1028,142,45,6,1221,0,31,16,0,47,1028,173,61,6,1268,0,0,0,1268
06/13/2014,PHX,AZ,AWP,WE,Towers with Radar,1006,130,39,8,1183,0,34,14,0,48,1006,164,53,8,1231,0,0,0,1231
06/14/2014,PHX,AZ,AWP,WE,Towers with Radar,908,103,22,13,1046,0,15,10,0,25,908,118,32,13,1071,0,0,0,1071
06/15/2014,PHX,AZ,AWP,WE,Towers with Radar,985,105,18,9,1117,0,5,17,0,22,985,110,35,9,1139,0,0,0,1139
06/16/2014,PHX,AZ,AWP,WE,Towers with Radar,990,129,20,5,1144,0,32,20,0,52,990,161,40,5,1196,0,0,0,1196
06/17/2014,PHX,AZ,AWP,WE,Towers with Radar,1036,138,38,3,1215,2,34,12,0,48,1038,172,50,3,1263,0,0,0,1263
06/18/2014,PHX,AZ,AWP,WE,Towers with Radar,1013,128,28,4,1173,1,34,22,1,58,1014,162,50,5,1231,0,0,0,1231
06/19/2014,PHX,AZ,AWP,WE,Towers with Radar,1024,135,49,2,1210,0,33,28,0,61,1024,168,77,2,1271,0,0,0,1271
06/20/2014,PHX,AZ,AWP,WE,Towers with Radar,1023,128,31,4,1186,0,30,16,4,50,1023,158,47,8,1236,0,0,0,1236
06/21/2014,PHX,AZ,AWP,WE,Towers with Radar,902,103,12,2,1019,0,20,14,3,37,902,123,26,5,1056,0,0,0,1056
06/22/2014,PHX,AZ,AWP,WE,Towers with Radar,983,111,30,1,1125,0,10,21,0,31,983,121,51,1,1156,0,0,0,1156
06/23/2014,PHX,AZ,AWP,WE,Towers with Radar,1011,134,35,0,1180,0,29,27,1,57,1011,163,62,1,1237,0,0,0,1237
06/24/2014,PHX,AZ,AWP,WE,Towers with Radar,1024,133,31,2,1190,0,31,27,0,58,1024,164,58,2,1248,0,0,0,1248
06/25/2014,PHX,AZ,AWP,WE,Towers with Radar,1010,126,45,4,1185,0,33,31,3,67,1010,159,76,7,1252,0,0,0,1252
06/26/2014,PHX,AZ,AWP,WE,Towers with Radar,1032,130,54,2,1218,0,40,27,1,68,1032,170,81,3,1286,0,0,0,1286
06/27/2014,PHX,AZ,AWP,WE,Towers with Radar,1003,129,31,1,1164,0,22,21,0,43,1003,151,52,1,1207,1,0,1,1208
06/28/2014,PHX,AZ,AWP,WE,Towers with Radar,916,109,27,4,1056,0,12,19,2,33,916,121,46,6,1089,0,0,0,1089
06/29/2014,PHX,AZ,AWP,WE,Towers with Radar,977,110,23,3,1113,0,4,21,1,26,977,114,44,4,1139,0,0,0,1139
06/30/2014,PHX,AZ,AWP,WE,Towers with Radar,995,123,27,0,1145,0,22,10,0,32,995,145,37,0,1177,0,0,0,1177
07/01/2014,PHX,AZ,AWP,WE,Towers with Radar,1009,130,31,4,1174,0,28,29,4,61,1009,158,60,8,1235,0,0,0,1235
07/02/2014,PHX,AZ,AWP,WE,Towers with Radar,1017,133,22,1,1173,0,23,29,1,53,1017,156,51,2,1226,0,0,0,1226
07/03/2014,PHX,AZ,AWP,WE,Towers with Radar,969,143,34,0,1146,0,21,24,1,46,969,164,58,1,1192,0,0,0,1192
07/04/2014,PHX,AZ,AWP,WE,Towers with Radar,757,104,8,0,869,0,10,7,1,18,757,114,15,1,887,0,0,0,887
07/05/2014,PHX,AZ,AWP,WE,Towers with Radar,838,104,7,0,949,0,23,10,0,33,838,127,17,0,982,0,0,0,982
07/06/2014,PHX,AZ,AWP,WE,Towers with Radar,963,112,24,1,1100,0,6,18,3,27,963,118,42,4,1127,0,0,0,1127
07/07/2014,PHX,AZ,AWP,WE,Towers with Radar,1001,144,23,2,1170,0,11,9,0,20,1001,155,32,2,1190,0,0,0,1190
07/08/2014,PHX,AZ,AWP,WE,Towers with Radar,996,139,31,2,1168,0,34,12,3,49,996,173,43,5,1217,0,0,0,1217
07/09/2014,PHX,AZ,AWP,WE,Towers with Radar,1041,139,28,5,1213,0,33,24,1,58,1041,172,52,6,1271,0,0,0,1271
07/10/2014,PHX,AZ,AWP,WE,Towers with Radar,1028,139,38,3,1208,0,32,17,0,49,1028,171,55,3,1257,0,0,0,1257
07/11/2014,PHX,AZ,AWP,WE,Towers with Radar,1019,135,37,3,1194,0,32,17,3,52,1019,167,54,6,1246,0,0,0,1246
07/12/2014,PHX,AZ,AWP,WE,Towers with Radar,892,112,10,7,1021,0,10,2,0,12,892,122,12,7,1033,0,0,0,1033
07/13/2014,PHX,AZ,AWP,WE,Towers with Radar,960,127,28,9,1124,0,5,15,1,21,960,132,43,10,1145,0,0,0,1145
07/14/2014,PHX,AZ,AWP,WE,Towers with Radar,1005,161,33,0,1199,0,13,11,0,24,1005,174,44,0,1223,0,0,0,1223
07/15/2014,PHX,AZ,AWP,WE,Towers with Radar,1009,159,41,0,1209,0,24,15,2,41,1009,183,56,2,1250,0,0,0,1250
07/16/2014,PHX,AZ,AWP,WE,Towers with Radar,1029,138,39,2,1208,0,39,27,0,66,1029,177,66,2,1274,0,0,0,1274
07/17/2014,PHX,AZ,AWP,WE,Towers with Radar,1029,164,41,3,1237,0,30,27,1,58,1029,194,68,4,1295,0,0,0,1295
07/18/2014,PHX,AZ,AWP,WE,Towers with Radar,1007,138,19,1,1165,0,31,10,0,41,1007,169,29,1,1206,0,0,0,1206
07/19/2014,PHX,AZ,AWP,WE,Towers with Radar,895,117,11,3,1026,0,10,9,7,26,895,127,20,10,1052,0,0,0,1052
07/20/2014,PHX,AZ,AWP,WE,Towers with Radar,987,116,23,1,1127,0,8,4,3,15,987,124,27,4,1142,0,0,0,1142
07/21/2014,PHX,AZ,AWP,WE,Towers with Radar,997,135,37,1,1170,0,29,16,0,45,997,164,53,1,1215,0,0,0,1215
07/22/2014,PHX,AZ,AWP,WE,Towers with Radar,1030,131,42,6,1209,0,43,17,3,63,1030,174,59,9,1272,0,0,0,1272
07/23/2014,PHX,AZ,AWP,WE,Towers with Radar,1010,144,51,0,1205,0,32,22,4,58,1010,176,73,4,1263,0,0,0,1263
07/24/2014,PHX,AZ,AWP,WE,Towers with Radar,1021,151,25,8,1205,0,35,28,0,63,1021,186,53,8,1268,0,0,0,1268
07/25/2014,PHX,AZ,AWP,WE,Towers with Radar,1016,137,31,4,1188,5,18,19,4,46,1021,155,50,8,1234,0,0,0,1234
07/26/2014,PHX,AZ,AWP,WE,Towers with Radar,895,113,11,5,1024,0,10,10,2,22,895,123,21,7,1046,0,0,0,1046
07/27/2014,PHX,AZ,AWP,WE,Towers with Radar,977,106,22,2,1107,2,4,3,0,9,979,110,25,2,1116,0,0,0,1116
07/28/2014,PHX,AZ,AWP,WE,Towers with Radar,1003,138,27,2,1170,0,25,15,0,40,1003,163,42,2,1210,0,0,0,1210
07/29/2014,PHX,AZ,AWP,WE,Towers with Radar,1029,131,34,2,1196,0,23,27,3,53,1029,154,61,5,1249,0,0,0,1249
07/30/2014,PHX,AZ,AWP,WE,Towers with Radar,1034,128,43,3,1208,0,35,35,1,71,1034,163,78,4,1279,0,0,0,1279
07/31/2014,PHX,AZ,AWP,WE,Towers with Radar,1033,140,42,4,1219,0,29,24,6,59,1033,169,66,10,1278,0,0,0,1278
08/01/2014,PHX,AZ,AWP,WE,Towers with Radar,1013,147,35,3,1198,0,14,10,1,25,1013,161,45,4,1223,0,0,0,1223
08/02/2014,PHX,AZ,AWP,WE,Towers with Radar,914,124,21,6,1065,0,19,9,0,28,914,143,30,6,1093,0,0,0,1093
08/03/2014,PHX,AZ,AWP,WE,Towers with Radar,978,113,29,2,1122,0,5,3,9,17,978,118,32,11,1139,0,0,0,1139
08/04/2014,PHX,AZ,AWP,WE,Towers with Radar,995,127,25,2,1149,0,26,21,0,47,995,153,46,2,1196,0,0,0,1196
08/05/2014,PHX,AZ,AWP,WE,Towers with Radar,1047,135,31,5,1218,0,33,35,0,68,1047,168,66,5,1286,0,0,0,1286
08/06/2014,PHX,AZ,AWP,WE,Towers with Radar,1030,143,39,2,1214,0,27,19,1,47,1030,170,58,3,1261,0,0,0,1261
08/07/2014,PHX,AZ,AWP,WE,Towers with Radar,1037,143,29,6,1215,0,29,37,1,67,1037,172,66,7,1282,0,0,0,1282
08/08/2014,PHX,AZ,AWP,WE,Towers with Radar,1016,129,37,4,1186,0,29,26,7,62,1016,158,63,11,1248,0,0,0,1248
08/09/2014,PHX,AZ,AWP,WE,Towers with Radar,895,109,20,2,1026,0,13,8,2,23,895,122,28,4,1049,0,0,0,1049
08/10/2014,PHX,AZ,AWP,WE,Towers with Radar,968,119,28,3,1118,0,2,15,0,17,968,121,43,3,1135,0,0,0,1135
08/11/2014,PHX,AZ,AWP,WE,Towers with Radar,993,139,24,4,1160,3,26,33,1,63,996,165,57,5,1223,0,0,0,1223
08/12/2014,PHX,AZ,AWP,WE,Towers with Radar,971,143,39,5,1158,0,33,26,2,61,971,176,65,7,1219,0,0,0,1219
08/13/2014,PHX,AZ,AWP,WE,Towers with Radar,1039,147,41,5,1232,0,15,17,0,32,1039,162,58,5,1264,0,0,0,1264
08/14/2014,PHX,AZ,AWP,WE,Towers with Radar,1012,141,28,5,1186,0,55,41,12,108,1012,196,69,17,1294,0,0,0,1294
08/15/2014,PHX,AZ,AWP,WE,Towers with Radar,1009,136,24,5,1174,0,23,32,0,55,1009,159,56,5,1229,0,0,0,1229
08/16/2014,PHX,AZ,AWP,WE,Towers with Radar,848,114,16,0,978,0,18,18,0,36,848,132,34,0,1014,0,0,0,1014
08/17/2014,PHX,AZ,AWP,WE,Towers with Radar,954,124,18,1,1097,0,8,15,5,28,954,132,33,6,1125,0,0,0,1125
08/18/2014,PHX,AZ,AWP,WE,Towers with Radar,1001,144,35,1,1181,0,15,22,6,43,1001,159,57,7,1224,0,0,0,1224
08/19/2014,PHX,AZ,AWP,WE,Towers with Radar,875,133,46,2,1056,0,11,10,4,25,875,144,56,6,1081,0,0,0,1081
08/20/2014,PHX,AZ,AWP,WE,Towers with Radar,946,128,42,4,1120,0,28,28,4,60,946,156,70,8,1180,0,0,0,1180
08/21/2014,PHX,AZ,AWP,WE,Towers with Radar,957,134,57,7,1155,0,26,12,8,46,957,160,69,15,1201,0,0,0,1201
08/22/2014,PHX,AZ,AWP,WE,Towers with Radar,946,136,43,4,1129,0,34,24,0,58,946,170,67,4,1187,0,0,0,1187
08/23/2014,PHX,AZ,AWP,WE,Towers with Radar,784,112,13,1,910,0,21,14,4,39,784,133,27,5,949,0,0,0,949
08/24/2014,PHX,AZ,AWP,WE,Towers with Radar,912,111,23,2,1048,0,18,23,3,44,912,129,46,5,1092,0,0,0,1092
08/25/2014,PHX,AZ,AWP,WE,Towers with Radar,920,126,20,4,1070,1,26,22,0,49,921,152,42,4,1119,0,0,0,1119
08/26/2014,PHX,AZ,AWP,WE,Towers with Radar,887,111,37,2,1037,0,18,21,6,45,887,129,58,8,1082,0,0,0,1082
08/27/2014,PHX,AZ,AWP,WE,Towers with Radar,957,128,43,6,1134,0,40,28,4,72,957,168,71,10,1206,0,0,0,1206
08/28/2014,PHX,AZ,AWP,WE,Towers with Radar,1012,127,46,3,1188,0,42,29,9,80,1012,169,75,12,1268,0,0,0,1268
08/29/2014,PHX,AZ,AWP,WE,Towers with Radar,951,123,34,2,1110,0,47,31,3,81,951,170,65,5,1191,0,0,0,1191
08/30/2014,PHX,AZ,AWP,WE,Towers with Radar,638,77,20,0,735,0,21,12,2,35,638,98,32,2,770,0,0,0,770
08/31/2014,PHX,AZ,AWP,WE,Towers with Radar,729,94,10,0,833,0,8,12,0,20,729,102,22,0,853,0,0,0,853
09/01/2014,PHX,AZ,AWP,WE,Towers with Radar,884,98,31,0,1013,0,17,9,2,28,884,115,40,2,1041,0,0,0,1041
09/02/2014,PHX,AZ,AWP,WE,Towers with Radar,867,114,27,5,1013,0,32,27,2,61,867,146,54,7,1074,0,0,0,1074
09/03/2014,PHX,AZ,AWP,WE,Towers with Radar,922,117,27,9,1075,0,49,23,3,75,922,166,50,12,1150,0,0,0,1150
09/04/2014,PHX,AZ,AWP,WE,Towers with Radar,928,125,42,10,1105,0,30,19,3,52,928,155,61,13,1157,0,0,0,1157
09/05/2014,PHX,AZ,AWP,WE,Towers with Radar,908,110,27,10,1055,0,36,21,5,62,908,146,48,15,1117,0,0,0,1117
09/06/2014,PHX,AZ,AWP,WE,Towers with Radar,665,70,16,2,753,0,30,15,3,48,665,100,31,5,801,0,0,0,801
09/07/2014,PHX,AZ,AWP,WE,Towers with Radar,868,98,28,5,999,0,14,7,0,21,868,112,35,5,1020,0,0,0,1020
09/08/2014,PHX,AZ,AWP,WE,Towers with Radar,918,123,29,1,1071,0,17,14,2,33,918,140,43,3,1104,0,0,0,1104
09/09/2014,PHX,AZ,AWP,WE,Towers with Radar,852,136,34,4,1026,0,12,19,4,35,852,148,53,8,1061,0,0,0,1061
09/10/2014,PHX,AZ,AWP,WE,Towers with Radar,918,139,38,9,1104,0,23,17,1,41,918,162,55,10,1145,0,0,0,1145
09/11/2014,PHX,AZ,AWP,WE,Towers with Radar,941,117,39,9,1106,0,48,27,8,83,941,165,66,17,1189,0,0,0,1189
09/12/2014,PHX,AZ,AWP,WE,Towers with Radar,951,124,41,12,1128,0,51,46,5,102,951,175,87,17,1230,0,0,0,1230
09/13/2014,PHX,AZ,AWP,WE,Towers with Radar,672,78,22,6,778,0,29,18,3,50,672,107,40,9,828,0,0,0,828
09/14/2014,PHX,AZ,AWP,WE,Towers with Radar,923,97,32,4,1056,0,11,8,0,19,923,108,40,4,1075,0,0,0,1075
09/15/2014,PHX,AZ,AWP,WE,Towers with Radar,910,126,26,1,1063,0,20,24,0,44,910,146,50,1,1107,0,0,0,1107
09/16/2014,PHX,AZ,AWP,WE,Towers with Radar,859,118,40,3,1020,0,18,21,8,47,859,136,61,11,1067,0,0,0,1067
09/17/2014,PHX,AZ,AWP,WE,Towers with Radar,930,136,33,4,1103,0,22,20,0,42,930,158,53,4,1145,0,0,0,1145
09/18/2014,PHX,AZ,AWP,WE,Towers with Radar,944,117,49,7,1117,0,35,31,2,68,944,152,80,9,1185,0,0,0,1185
09/19/2014,PHX,AZ,AWP,WE,Towers with Radar,951,125,53,11,1140,1,45,33,2,81,952,170,86,13,1221,0,0,0,1221
09/20/2014,PHX,AZ,AWP,WE,Towers with Radar,679,88,16,6,789,0,37,11,0,48,679,125,27,6,837,0,0,0,837
09/21/2014,PHX,AZ,AWP,WE,Towers with Radar,918,95,36,0,1049,0,20,11,2,33,918,115,47,2,1082,0,0,0,1082
09/22/2014,PHX,AZ,AWP,WE,Towers with Radar,924,119,35,3,1081,0,29,16,3,48,924,148,51,6,1129,0,0,0,1129
09/23/2014,PHX,AZ,AWP,WE,Towers with Radar,859,104,49,2,1014,0,38,18,4,60,859,142,67,6,1074,0,0,0,1074
09/24/2014,PHX,AZ,AWP,WE,Towers with Radar,935,129,66,2,1132,0,39,31,4,74,935,168,97,6,1206,0,0,0,1206
09/25/2014,PHX,AZ,AWP,WE,Towers with Radar,998,118,47,1,1164,0,23,9,0,32,998,141,56,1,1196,0,0,0,1196
09/26/2014,PHX,AZ,AWP,WE,Towers with Radar,938,126,44,0,1108,0,23,15,0,38,938,149,59,0,1146,0,0,0,1146
09/27/2014,PHX,AZ,AWP,WE,Towers with Radar,662,87,18,2,769,0,18,17,10,45,662,105,35,12,814,0,0,0,814
09/28/2014,PHX,AZ,AWP,WE,Towers with Radar,929,112,34,2,1077,0,11,17,2,30,929,123,51,4,1107,0,0,0,1107
09/29/2014,PHX,AZ,AWP,WE,Towers with Radar,920,116,38,0,1074,0,17,21,0,38,920,133,59,0,1112,0,0,0,1112
09/30/2014,PHX,AZ,AWP,WE,Towers with Radar,851,118,32,0,1001,0,25,18,0,43,851,143,50,0,1044,0,0,0,1044
10/01/2014,PHX,AZ,AWP,WE,Towers with Radar,932,128,40,2,1102,0,44,39,2,85,932,172,79,4,1187,0,0,0,1187
10/02/2014,PHX,AZ,AWP,WE,Towers with Radar,1008,137,38,3,1186,0,47,27,7,81,1008,184,65,10,1267,0,0,0,1267
10/03/2014,PHX,AZ,AWP,WE,Towers with Radar,985,122,35,6,1148,1,35,17,2,55,986,157,52,8,1203,0,0,0,1203
10/04/2014,PHX,AZ,AWP,WE,Towers with Radar,809,98,17,3,927,0,15,13,1,29,809,113,30,4,956,0,0,0,956
10/05/2014,PHX,AZ,AWP,WE,Towers with Radar,979,110,17,3,1109,0,11,10,2,23,979,121,27,5,1132,0,0,0,1132
10/06/2014,PHX,AZ,AWP,WE,Towers with Radar,969,120,23,7,1119,0,15,18,0,33,969,135,41,7,1152,0,0,0,1152
10/07/2014,PHX,AZ,AWP,WE,Towers with Radar,955,124,45,6,1130,1,22,19,5,47,956,146,64,11,1177,0,0,0,1177
10/08/2014,PHX,AZ,AWP,WE,Towers with Radar,976,134,35,4,1149,0,10,21,7,38,976,144,56,11,1187,0,0,0,1187
10/09/2014,PHX,AZ,AWP,WE,Towers with Radar,1036,162,40,1,1239,0,21,21,4,46,1036,183,61,5,1285,0,0,0,1285
10/10/2014,PHX,AZ,AWP,WE,Towers with Radar,975,122,36,3,1136,0,62,31,1,94,975,184,67,4,1230,0,0,0,1230
10/11/2014,PHX,AZ,AWP,WE,Towers with Radar,813,103,15,5,936,0,27,17,2,46,813,130,32,7,982,0,0,0,982
10/12/2014,PHX,AZ,AWP,WE,Towers with Radar,938,104,24,4,1070,0,31,16,6,53,938,135,40,10,1123,0,0,0,1123
10/13/2014,PHX,AZ,AWP,WE,Towers with Radar,953,117,33,6,1109,0,25,21,0,46,953,142,54,6,1155,0,0,0,1155
10/14/2014,PHX,AZ,AWP,WE,Towers with Radar,964,118,44,7,1133,0,25,30,8,63,964,143,74,15,1196,0,0,0,1196
10/15/2014,PHX,AZ,AWP,WE,Towers with Radar,979,119,32,2,1132,1,41,24,8,74,980,160,56,10,1206,0,0,0,1206
10/16/2014,PHX,AZ,AWP,WE,Towers with Radar,1025,117,40,4,1186,0,30,26,9,65,1025,147,66,13,1251,0,0,0,1251
10/17/2014,PHX,AZ,AWP,WE,Towers with Radar,981,129,41,6,1157,0,49,28,5,82,981,178,69,11,1239,0,0,0,1239
10/18/2014,PHX,AZ,AWP,WE,Towers with Radar,824,105,21,1,951,0,27,18,6,51,824,132,39,7,1002,0,0,0,1002
10/19/2014,PHX,AZ,AWP,WE,Towers with Radar,994,113,34,0,1141,0,12,11,3,26,994,125,45,3,1167,0,0,0,1167
10/20/2014,PHX,AZ,AWP,WE,Towers with Radar,974,122,35,1,1132,0,27,26,0,53,974,149,61,1,1185,0,0,0,1185
10/21/2014,PHX,AZ,AWP,WE,Towers with Radar,972,119,43,2,1136,0,26,21,2,49,972,145,64,4,1185,0,0,0,1185
10/22/2014,PHX,AZ,AWP,WE,Towers with Radar,980,132,48,6,1166,0,34,37,2,73,980,166,85,8,1239,0,0,0,1239
10/23/2014,PHX,AZ,AWP,WE,Towers with Radar,1047,124,41,7,1219,0,35,21,4,60,1047,159,62,11,1279,0,0,0,1279
10/24/2014,PHX,AZ,AWP,WE,Towers with Radar,988,120,31,8,1147,0,28,23,2,53,988,148,54,10,1200,0,0,0,1200
10/25/2014,PHX,AZ,AWP,WE,Towers with Radar,833,99,20,1,953,0,44,12,6,62,833,143,32,7,1015,0,0,0,1015
10/26/2014,PHX,AZ,AWP,WE,Towers with Radar,1003,97,27,2,1129,0,9,11,2,22,1003,106,38,4,1151,0,0,0,1151
10/27/2014,PHX,AZ,AWP,WE,Towers with Radar,982,106,33,3,1124,0,28,32,1,61,982,134,65,4,1185,0,0,0,1185
10/28/2014,PHX,AZ,AWP,WE,Towers with Radar,979,124,24,5,1132,0,17,21,7,45,979,141,45,12,1177,0,0,0,1177
10/29/2014,PHX,AZ,AWP,WE,Towers with Radar,972,132,38,5,1147,0,22,49,3,74,972,154,87,8,1221,0,0,0,1221
10/30/2014,PHX,AZ,AWP,WE,Towers with Radar,1001,118,40,8,1167,0,25,24,0,49,1001,143,64,8,1216,0,0,0,1216
10/31/2014,PHX,AZ,AWP,WE,Towers with Radar,883,98,35,5,1021,0,42,36,1,79,883,140,71,6,1100,0,0,0,1100
11/01/2014,PHX,AZ,AWP,WE,Towers with Radar,674,69,13,4,760,0,39,15,3,57,674,108,28,7,817,0,0,0,817
11/02/2014,PHX,AZ,AWP,WE,Towers with Radar,950,97,32,0,1079,0,4,15,0,19,950,101,47,0,1098,0,0,0,1098
11/03/2014,PHX,AZ,AWP,WE,Towers with Radar,997,116,30,2,1145,0,9,25,1,35,997,125,55,3,1180,0,0,0,1180
11/04/2014,PHX,AZ,AWP,WE,Towers with Radar,972,125,53,6,1156,0,27,15,4,46,972,152,68,10,1202,0,0,0,1202
11/05/2014,PHX,AZ,AWP,WE,Towers with Radar,1014,131,35,6,1186,0,17,38,9,64,1014,148,73,15,1250,0,0,0,1250
11/06/2014,PHX,AZ,AWP,WE,Towers with Radar,1034,123,61,7,1225,0,36,34,13,83,1034,159,95,20,1308,0,0,0,1308
11/07/2014,PHX,AZ,AWP,WE,Towers with Radar,1009,114,42,9,1174,0,31,27,0,58,1009,145,69,9,1232,0,0,0,1232
11/08/2014,PHX,AZ,AWP,WE,Towers with Radar,854,105,29,0,988,0,17,14,2,33,854,122,43,2,1021,0,0,0,1021
11/09/2014,PHX,AZ,AWP,WE,Towers with Radar,955,105,44,2,1106,0,3,12,0,15,955,108,56,2,1121,0,0,0,1121
11/10/2014,PHX,AZ,AWP,WE,Towers with Radar,976,106,40,0,1122,0,12,20,0,32,976,118,60,0,1154,0,0,0,1154
11/11/2014,PHX,AZ,AWP,WE,Towers with Radar,978,125,45,0,1148,0,29,15,2,46,978,154,60,2,1194,0,0,0,1194
11/12/2014,PHX,AZ,AWP,WE,Towers with Radar,1002,121,45,9,1177,0,25,25,6,56,1002,146,70,15,1233,0,0,0,1233
11/13/2014,PHX,AZ,AWP,WE,Towers with Radar,1029,115,54,4,1202,0,44,35,10,89,1029,159,89,14,1291,0,0,0,1291
11/14/2014,PHX,AZ,AWP,WE,Towers with Radar,1005,118,43,6,1172,0,37,36,7,80,1005,155,79,13,1252,0,0,0,1252
11/15/2014,PHX,AZ,AWP,WE,Towers with Radar,858,105,21,2,986,0,20,21,7,48,858,125,42,9,1034,0,0,0,1034
11/16/2014,PHX,AZ,AWP,WE,Towers with Radar,951,104,35,1,1091,0,15,6,9,30,951,119,41,10,1121,0,0,0,1121
11/17/2014,PHX,AZ,AWP,WE,Towers with Radar,990,110,42,7,1149,0,23,36,6,65,990,133,78,13,1214,0,0,0,1214
11/18/2014,PHX,AZ,AWP,WE,Towers with Radar,976,125,43,11,1155,0,18,18,6,42,976,143,61,17,1197,0,0,0,1197
11/19/2014,PHX,AZ,AWP,WE,Towers with Radar,994,130,43,10,1177,0,42,44,15,101,994,172,87,25,1278,0,0,0,1278
11/20/2014,PHX,AZ,AWP,WE,Towers with Radar,1060,120,57,11,1248,0,48,22,6,76,1060,168,79,17,1324,0,0,0,1324
11/21/2014,PHX,AZ,AWP,WE,Towers with Radar,1086,107,25,15,1233,0,30,23,5,58,1086,137,48,20,1291,0,0,0,1291
11/22/2014,PHX,AZ,AWP,WE,Towers with Radar,860,87,20,3,970,0,32,21,0,53,860,119,41,3,1023,0,0,0,1023
11/23/2014,PHX,AZ,AWP,WE,Towers with Radar,899,88,18,7,1012,0,6,7,1,14,899,94,25,8,1026,0,0,0,1026
11/24/2014,PHX,AZ,AWP,WE,Towers with Radar,957,110,31,3,1101,0,20,22,1,43,957,130,53,4,1144,0,0,0,1144
11/25/2014,PHX,AZ,AWP,WE,Towers with Radar,1059,122,45,6,1232,0,15,27,6,48,1059,137,72,12,1280,0,0,0,1280
11/26/2014,PHX,AZ,AWP,WE,Towers with Radar,1084,116,30,4,1234,0,33,30,4,67,1084,149,60,8,1301,0,0,0,1301
11/27/2014,PHX,AZ,AWP,WE,Towers with Radar,662,52,9,0,723,0,12,5,0,17,662,64,14,0,740,0,0,0,740
11/28/2014,PHX,AZ,AWP,WE,Towers with Radar,800,85,17,0,902,0,20,16,1,37,800,105,33,1,939,0,0,0,939
11/29/2014,PHX,AZ,AWP,WE,Towers with Radar,993,92,18,0,1103,0,22,18,0,40,993,114,36,0,1143,0,0,0,1143
11/30/2014,PHX,AZ,AWP,WE,Towers with Radar,1058,105,35,0,1198,0,9,15,5,29,1058,114,50,5,1227,0,0,0,1227
12/01/2014,PHX,AZ,AWP,WE,Towers with Radar,1100,117,30,3,1250,0,19,23,0,42,1100,136,53,3,1292,0,0,0,1292
12/02/2014,PHX,AZ,AWP,WE,Towers with Radar,1019,123,34,6,1182,0,17,27,1,45,1019,140,61,7,1227,0,0,0,1227
12/03/2014,PHX,AZ,AWP,WE,Towers with Radar,1002,144,54,8,1208,0,11,21,0,32,1002,155,75,8,1240,0,0,0,1240
12/04/2014,PHX,AZ,AWP,WE,Towers with Radar,1034,141,58,7,1240,0,5,8,0,13,1034,146,66,7,1253,0,0,0,1253
12/05/2014,PHX,AZ,AWP,WE,Towers with Radar,1003,117,54,8,1182,0,21,26,0,47,1003,138,80,8,1229,0,0,0,1229
12/06/2014,PHX,AZ,AWP,WE,Towers with Radar,791,76,18,2,887,0,19,12,2,33,791,95,30,4,920,0,0,0,920
12/07/2014,PHX,AZ,AWP,WE,Towers with Radar,951,96,27,1,1075,0,12,7,5,24,951,108,34,6,1099,0,0,0,1099
12/08/2014,PHX,AZ,AWP,WE,Towers with Radar,905,93,22,3,1023,0,17,32,0,49,905,110,54,3,1072,0,0,0,1072
12/09/2014,PHX,AZ,AWP,WE,Towers with Radar,919,109,45,7,1080,0,21,41,0,62,919,130,86,7,1142,0,0,0,1142
12/10/2014,PHX,AZ,AWP,WE,Towers with Radar,1000,125,57,12,1194,0,20,25,4,49,1000,145,82,16,1243,0,0,0,1243
12/11/2014,PHX,AZ,AWP,WE,Towers with Radar,1010,119,52,10,1191,0,14,17,0,31,1010,133,69,10,1222,0,0,0,1222
12/12/2014,PHX,AZ,AWP,WE,Towers with Radar,1010,111,49,4,1174,0,29,12,4,45,1010,140,61,8,1219,0,0,0,1219
12/13/2014,PHX,AZ,AWP,WE,Towers with Radar,807,90,30,1,928,0,8,8,0,16,807,98,38,1,944,0,0,0,944
12/14/2014,PHX,AZ,AWP,WE,Towers with Radar,953,101,37,3,1094,0,13,13,0,26,953,114,50,3,1120,0,0,0,1120
12/15/2014,PHX,AZ,AWP,WE,Towers with Radar,907,97,37,5,1046,0,16,8,6,30,907,113,45,11,1076,0,0,0,1076
12/16/2014,PHX,AZ,AWP,WE,Towers with Radar,934,96,60,8,1098,0,17,21,5,43,934,113,81,13,1141,0,0,0,1141
12/17/2014,PHX,AZ,AWP,WE,Towers with Radar,1032,142,53,10,1237,0,13,19,8,40,1032,155,72,18,1277,0,0,0,1277
12/18/2014,PHX,AZ,AWP,WE,Towers with Radar,1095,151,58,10,1314,0,28,31,10,69,1095,179,89,20,1383,0,0,0,1383
12/19/2014,PHX,AZ,AWP,WE,Towers with Radar,1122,131,37,3,1293,0,30,24,6,60,1122,161,61,9,1353,0,0,0,1353
12/20/2014,PHX,AZ,AWP,WE,Towers with Radar,1081,113,24,1,1219,0,29,13,2,44,1081,142,37,3,1263,0,0,0,1263
12/21/2014,PHX,AZ,AWP,WE,Towers with Radar,1084,110,22,1,1217,0,8,9,0,17,1084,118,31,1,1234,0,0,0,1234
12/22/2014,PHX,AZ,AWP,WE,Towers with Radar,1135,116,20,3,1274,1,30,22,1,54,1136,146,42,4,1328,0,0,0,1328
12/23/2014,PHX,AZ,AWP,WE,Towers with Radar,1149,128,48,11,1336,0,26,25,4,55,1149,154,73,15,1391,0,0,0,1391
12/24/2014,PHX,AZ,AWP,WE,Towers with Radar,990,105,12,0,1107,0,25,20,2,47,990,130,32,2,1154,0,0,0,1154
12/25/2014,PHX,AZ,AWP,WE,Towers with Radar,908,94,16,1,1019,0,10,9,3,22,908,104,25,4,1041,0,0,0,1041
12/26/2014,PHX,AZ,AWP,WE,Towers with Radar,1085,125,29,0,1239,0,17,20,0,37,1085,142,49,0,1276,0,0,0,1276
12/27/2014,PHX,AZ,AWP,WE,Towers with Radar,1052,112,33,4,1201,0,9,19,0,28,1052,121,52,4,1229,0,0,0,1229
12/28/2014,PHX,AZ,AWP,WE,Towers with Radar,1055,102,23,0,1180,0,4,8,4,16,1055,106,31,4,1196,0,0,0,1196
12/29/2014,PHX,AZ,AWP,WE,Towers with Radar,1098,120,24,0,1242,0,14,11,2,27,1098,134,35,2,1269,0,0,0,1269
12/30/2014,PHX,AZ,AWP,WE,Towers with Radar,1120,115,22,7,1264,0,23,9,4,36,1120,138,31,11,1300,0,0,0,1300
12/31/2014,PHX,AZ,AWP,WE,Towers with Radar,994,132,19,0,1145,0,11,5,2,18,994,143,24,2,1163,0,0,0,1163
01/01/2015,PHX,AZ,AWP,WE,Towers with Radar,957,94,19,0,1070,0,16,6,0,22,957,110,25,0,1092,0,0,0,1092
01/02/2015,PHX,AZ,AWP,WE,Towers with Radar,1116,127,22,0,1265,0,32,17,0,49,1116,159,39,0,1314,0,0,0,1314
01/03/2015,PHX,AZ,AWP,WE,Towers with Radar,1054,107,23,5,1189,0,17,11,3,31,1054,124,34,8,1220,0,0,0,1220
01/04/2015,PHX,AZ,AWP,WE,Towers with Radar,1053,108,25,1,1187,0,16,13,0,29,1053,124,38,1,1216,0,0,0,1216
01/05/2015,PHX,AZ,AWP,WE,Towers with Radar,1049,140,31,5,1225,0,16,11,4,31,1049,156,42,9,1256,0,0,0,1256
01/06/2015,PHX,AZ,AWP,WE,Towers with Radar,913,108,32,6,1059,0,33,20,4,57,913,141,52,10,1116,0,0,0,1116
01/07/2015,PHX,AZ,AWP,WE,Towers with Radar,1000,122,34,8,1164,0,23,28,3,54,1000,145,62,11,1218,0,0,0,1218
01/08/2015,PHX,AZ,AWP,WE,Towers with Radar,1022,124,34,9,1189,0,25,13,13,51,1022,149,47,22,1240,0,0,0,1240
01/09/2015,PHX,AZ,AWP,WE,Towers with Radar,1004,117,43,11,1175,0,48,28,5,81,1004,165,71,16,1256,0,0,0,1256
01/10/2015,PHX,AZ,AWP,WE,Towers with Radar,844,108,34,8,994,0,16,20,9,45,844,124,54,17,1039,0,0,0,1039
01/11/2015,PHX,AZ,AWP,WE,Towers with Radar,951,101,25,1,1078,0,9,12,2,23,951,110,37,3,1101,0,0,0,1101
01/12/2015,PHX,AZ,AWP,WE,Towers with Radar,1012,127,40,3,1182,0,6,9,2,17,1012,133,49,5,1199,0,0,0,1199
01/13/2015,PHX,AZ,AWP,WE,Towers with Radar,896,119,55,6,1076,0,13,15,0,28,896,132,70,6,1104,0,0,0,1104
01/14/2015,PHX,AZ,AWP,WE,Towers with Radar,1008,130,54,8,1200,0,34,21,5,60,1008,164,75,13,1260,0,0,0,1260
01/15/2015,PHX,AZ,AWP,WE,Towers with Radar,1019,135,74,10,1238,0,33,31,5,69,1019,168,105,15,1307,0,0,0,1307
01/16/2015,PHX,AZ,AWP,WE,Towers with Radar,1015,123,49,5,1192,0,42,36,0,78,1015,165,85,5,1270,0,0,0,1270
01/17/2015,PHX,AZ,AWP,WE,Towers with Radar,832,88,15,1,936,0,42,34,4,80,832,130,49,5,1016,0,0,0,1016
01/18/2015,PHX,AZ,AWP,WE,Towers with Radar,932,95,24,10,1061,0,20,24,1,45,932,115,48,11,1106,0,0,0,1106
01/19/2015,PHX,AZ,AWP,WE,Towers with Radar,999,121,47,3,1170,0,28,19,3,50,999,149,66,6,1220,0,0,0,1220
01/20/2015,PHX,AZ,AWP,WE,Towers with Radar,890,113,49,9,1061,0,22,29,0,51,890,135,78,9,1112,0,0,0,1112
01/21/2015,PHX,AZ,AWP,WE,Towers with Radar,994,118,51,8,1171,0,25,30,7,62,994,143,81,15,1233,0,0,0,1233
01/22/2015,PHX,AZ,AWP,WE,Towers with Radar,1025,131,54,7,1217,0,22,22,7,51,1025,153,76,14,1268,0,0,0,1268
01/23/2015,PHX,AZ,AWP,WE,Towers with Radar,1021,118,65,7,1211,0,45,31,7,83,1021,163,96,14,1294,0,0,0,1294
01/24/2015,PHX,AZ,AWP,WE,Towers with Radar,831,82,25,2,940,0,44,25,14,83,831,126,50,16,1023,0,0,0,1023
01/25/2015,PHX,AZ,AWP,WE,Towers with Radar,950,114,38,0,1102,0,12,27,4,43,950,126,65,4,1145,0,0,0,1145
01/26/2015,PHX,AZ,AWP,WE,Towers with Radar,971,130,42,14,1157,0,10,20,0,30,971,140,62,14,1187,0,0,0,1187
01/27/2015,PHX,AZ,AWP,WE,Towers with Radar,852,130,51,7,1040,0,11,23,2,36,852,141,74,9,1076,0,0,0,1076
01/28/2015,PHX,AZ,AWP,WE,Towers with Radar,988,138,65,4,1195,0,21,48,4,73,988,159,113,8,1268,0,0,0,1268
01/29/2015,PHX,AZ,AWP,WE,Towers with Radar,1053,175,71,2,1301,0,26,46,20,92,1053,201,117,22,1393,0,0,0,1393
01/30/2015,PHX,AZ,AWP,WE,Towers with Radar,1018,181,77,7,1283,0,10,8,0,18,1018,191,85,7,1301,0,0,0,1301
01/31/2015,PHX,AZ,AWP,WE,Towers with Radar,881,146,55,0,1082,0,6,23,4,33,881,152,78,4,1115,0,0,0,1115
02/01/2015,PHX,AZ,AWP,WE,Towers with Radar,798,189,97,4,1088,0,17,12,11,40,798,206,109,15,1128,0,0,0,1128
02/02/2015,PHX,AZ,AWP,WE,Towers with Radar,1097,241,144,2,1484,0,19,20,4,43,1097,260,164,6,1527,0,0,0,1527
02/03/2015,PHX,AZ,AWP,WE,Towers with Radar,905,103,46,7,1061,0,21,16,0,37,905,124,62,7,1098,0,0,0,1098
02/04/2015,PHX,AZ,AWP,WE,Towers with Radar,1001,132,56,7,1196,0,32,32,5,69,1001,164,88,12,1265,0,0,0,1265
02/05/2015,PHX,AZ,AWP,WE,Towers with Radar,1024,118,50,6,1198,0,44,31,5,80,1024,162,81,11,1278,0,0,0,1278
02/06/2015,PHX,AZ,AWP,WE,Towers with Radar,1016,124,37,8,1185,0,42,23,10,75,1016,166,60,18,1260,0,0,0,1260
02/07/2015,PHX,AZ,AWP,WE,Towers with Radar,847,91,25,2,965,0,43,30,12,85,847,134,55,14,1050,0,0,0,1050
02/08/2015,PHX,AZ,AWP,WE,Towers with Radar,959,91,37,5,1092,0,14,19,2,35,959,105,56,7,1127,0,0,0,1127
02/09/2015,PHX,AZ,AWP,WE,Towers with Radar,1006,112,42,2,1162,0,20,15,8,43,1006,132,57,10,1205,0,0,0,1205
02/10/2015,PHX,AZ,AWP,WE,Towers with Radar,896,104,41,13,1054,0,20,34,3,57,896,124,75,16,1111,0,0,0,1111
02/11/2015,PHX,AZ,AWP,WE,Towers with Radar,994,118,52,11,1175,0,43,34,5,82,994,161,86,16,1257,0,0,0,1257
02/12/2015,PHX,AZ,AWP,WE,Towers with Radar,1062,127,46,4,1239,0,37,23,10,70,1062,164,69,14,1309,0,0,0,1309
02/13/2015,PHX,AZ,AWP,WE,Towers with Radar,1092,120,41,2,1255,0,35,42,9,86,1092,155,83,11,1341,0,0,0,1341
02/14/2015,PHX,AZ,AWP,WE,Towers with Radar,907,75,25,3,1010,0,13,25,0,38,907,88,50,3,1048,0,0,0,1048
02/15/2015,PHX,AZ,AWP,WE,Towers with Radar,940,94,19,0,1053,0,9,7,3,19,940,103,26,3,1072,0,0,0,1072
02/16/2015,PHX,AZ,AWP,WE,Towers with Radar,1000,111,33,1,1145,0,19,12,6,37,1000,130,45,7,1182,0,0,0,1182
02/17/2015,PHX,AZ,AWP,WE,Towers with Radar,996,112,55,4,1167,0,26,24,2,52,996,138,79,6,1219,0,0,0,1219
02/18/2015,PHX,AZ,AWP,WE,Towers with Radar,1019,117,46,11,1193,0,50,30,13,93,1019,167,76,24,1286,0,0,0,1286
02/19/2015,PHX,AZ,AWP,WE,Towers with Radar,1046,128,63,10,1247,0,30,33,8,71,1046,158,96,18,1318,0,0,0,1318
02/20/2015,PHX,AZ,AWP,WE,Towers with Radar,1020,112,46,15,1193,0,56,29,7,92,1020,168,75,22,1285,0,0,0,1285
02/21/2015,PHX,AZ,AWP,WE,Towers with Radar,870,85,36,7,998,0,30,27,6,63,870,115,63,13,1061,0,0,0,1061
02/22/2015,PHX,AZ,AWP,WE,Towers with Radar,947,96,42,4,1089,0,12,21,1,34,947,108,63,5,1123,0,0,0,1123
02/23/2015,PHX,AZ,AWP,WE,Towers with Radar,1015,119,35,9,1178,0,8,9,0,17,1015,127,44,9,1195,0,0,0,1195
02/24/2015,PHX,AZ,AWP,WE,Towers with Radar,1002,135,52,6,1195,0,16,14,2,32,1002,151,66,8,1227,0,0,0,1227
02/25/2015,PHX,AZ,AWP,WE,Towers with Radar,1008,120,71,8,1207,0,38,32,17,87,1008,158,103,25,1294,0,0,0,1294
02/26/2015,PHX,AZ,AWP,WE,Towers with Radar,1072,126,60,10,1268,0,64,21,9,94,1072,190,81,19,1362,0,0,0,1362
02/27/2015,PHX,AZ,AWP,WE,Towers with Radar,1049,127,45,6,1227,0,38,26,5,69,1049,165,71,11,1296,0,0,0,1296
02/28/2015,PHX,AZ,AWP,WE,Towers with Radar,872,103,43,8,1026,0,42,22,2,66,872,145,65,10,1092,0,0,0,1092
03/01/2015,PHX,AZ,AWP,WE,Towers with Radar,939,107,49,8,1103,0,19,16,4,39,939,126,65,12,1142,0,0,0,1142
03/02/2015,PHX,AZ,AWP,WE,Towers with Radar,1046,120,34,7,1207,0,16,9,1,26,1046,136,43,8,1233,0,0,0,1233
03/03/2015,PHX,AZ,AWP,WE,Towers with Radar,1013,149,56,2,1220,0,9,13,0,22,1013,158,69,2,1242,0,0,0,1242
03/04/2015,PHX,AZ,AWP,WE,Towers with Radar,1017,114,45,1,1177,0,30,41,5,76,1017,144,86,6,1253,0,0,0,1253
03/05/2015,PHX,AZ,AWP,WE,Towers with Radar,1045,138,53,9,1245,0,43,28,7,78,1045,181,81,16,1323,0,0,0,1323
03/06/2015,PHX,AZ,AWP,WE,Towers with Radar,1105,131,33,14,1283,0,52,32,11,95,1105,183,65,25,1378,0,0,0,1378
03/07/2015,PHX,AZ,AWP,WE,Towers with Radar,1031,97,22,25,1175,0,20,29,6,55,1031,117,51,31,1230,0,0,0,1230
03/08/2015,PHX,AZ,AWP,WE,Towers with Radar,1101,92,42,14,1249,0,34,15,0,49,1101,126,57,14,1298,0,0,0,1298
03/09/2015,PHX,AZ,AWP,WE,Towers with Radar,1081,119,40,1,1241,0,18,22,0,40,1081,137,62,1,1281,0,0,0,1281
03/10/2015,PHX,AZ,AWP,WE,Towers with Radar,1088,124,39,2,1253,0,40,19,9,68,1088,164,58,11,1321,0,0,0,1321
03/11/2015,PHX,AZ,AWP,WE,Towers with Radar,1090,121,49,3,1263,0,45,34,2,81,1090,166,83,5,1344,0,0,0,1344
03/12/2015,PHX,AZ,AWP,WE,Towers with Radar,1170,135,64,9,1378,1,38,23,7,69,1171,173,87,16,1447,0,0,0,1447
03/13/2015,PHX,AZ,AWP,WE,Towers with Radar,1150,112,26,9,1297,0,51,40,14,105,1150,163,66,23,1402,0,0,0,1402
03/14/2015,PHX,AZ,AWP,WE,Towers with Radar,1070,95,31,5,1201,0,34,30,7,71,1070,129,61,12,1272,0,0,0,1272
03/15/2015,PHX,AZ,AWP,WE,Towers with Radar,1095,102,45,2,1244,0,9,13,0,22,1095,111,58,2,1266,0,0,0,1266
03/16/2015,PHX,AZ,AWP,WE,Towers with Radar,1082,109,39,2,1232,0,13,18,0,31,1082,122,57,2,1263,0,0,0,1263
03/17/2015,PHX,AZ,AWP,WE,Towers with Radar,1083,147,32,6,1268,0,27,20,2,49,1083,174,52,8,1317,0,0,0,1317
03/18/2015,PHX,AZ,AWP,WE,Towers with Radar,1084,138,48,6,1276,0,11,15,0,26,1084,149,63,6,1302,0,0,0,1302
03/19/2015,PHX,AZ,AWP,WE,Towers with Radar,1152,156,65,9,1382,0,8,17,2,27,1152,164,82,11,1409,0,0,0,1409
03/20/2015,PHX,AZ,AWP,WE,Towers with Radar,1138,127,57,9,1331,0,15,40,1,56,1138,142,97,10,1387,0,0,0,1387
03/21/2015,PHX,AZ,AWP,WE,Towers with Radar,1059,109,37,7,1212,0,14,21,2,37,1059,123,58,9,1249,0,0,0,1249
03/22/2015,PHX,AZ,AWP,WE,Towers with Radar,1102,114,53,5,1274,0,4,18,0,22,1102,118,71,5,1296,0,0,0,1296
03/23/2015,PHX,AZ,AWP,WE,Towers with Radar,1074,120,48,3,1245,0,14,26,1,41,1074,134,74,4,1286,0,0,0,1286
03/24/2015,PHX,AZ,AWP,WE,Towers with Radar,1073,131,62,5,1271,0,23,28,2,53,1073,154,90,7,1324,0,0,0,1324
03/25/2015,PHX,AZ,AWP,WE,Towers with Radar,1085,140,73,4,1302,0,41,31,7,79,1085,181,104,11,1381,0,0,0,1381
03/26/2015,PHX,AZ,AWP,WE,Towers with Radar,1139,131,80,11,1361,0,38,40,10,88,1139,169,120,21,1449,0,0,0,1449
03/27/2015,PHX,AZ,AWP,WE,Towers with Radar,1134,114,34,13,1295,0,64,31,8,103,1134,178,65,21,1398,0,0,0,1398
03/28/2015,PHX,AZ,AWP,WE,Towers with Radar,1070,110,33,8,1221,0,42,34,6,82,1070,152,67,14,1303,0,0,0,1303
03/29/2015,PHX,AZ,AWP,WE,Towers with Radar,1064,114,63,4,1245,0,13,19,5,37,1064,127,82,9,1282,0,0,0,1282
03/30/2015,PHX,AZ,AWP,WE,Towers with Radar,1064,123,35,5,1227,1,22,12,1,36,1065,145,47,6,1263,0,0,0,1263
03/31/2015,PHX,AZ,AWP,WE,Towers with Radar,1080,111,28,6,1225,0,38,25,7,70,1080,149,53,13,1295,0,0,0,1295
04/01/2015,PHX,AZ,AWP,WE,Towers with Radar,1079,130,34,6,1249,0,27,42,6,75,1079,157,76,12,1324,0,0,0,1324
04/02/2015,PHX,AZ,AWP,WE,Towers with Radar,1078,119,43,9,1249,0,38,31,8,77,1078,157,74,17,1326,0,0,0,1326
04/03/2015,PHX,AZ,AWP,WE,Towers with Radar,1057,112,28,12,1209,1,73,28,9,111,1058,185,56,21,1320,0,0,0,1320
04/04/2015,PHX,AZ,AWP,WE,Towers with Radar,976,111,28,7,1122,0,37,21,1,59,976,148,49,8,1181,0,0,0,1181
04/05/2015,PHX,AZ,AWP,WE,Towers with Radar,1040,113,11,0,1164,0,3,8,0,11,1040,116,19,0,1175,0,0,0,1175
04/06/2015,PHX,AZ,AWP,WE,Towers with Radar,1070,124,50,9,1253,0,37,30,2,69,1070,161,80,11,1322,0,0,0,1322
04/07/2015,PHX,AZ,AWP,WE,Towers with Radar,1047,146,39,6,1238,0,27,33,2,62,1047,173,72,8,1300,0,0,0,1300
04/08/2015,PHX,AZ,AWP,WE,Towers with Radar,1047,133,46,7,1233,0,49,34,6,89,1047,182,80,13,1322,0,0,0,1322
04/09/2015,PHX,AZ,AWP,WE,Towers with Radar,1058,129,46,7,1240,0,51,31,6,88,1058,180,77,13,1328,0,0,0,1328
04/10/2015,PHX,AZ,AWP,WE,Towers with Radar,1042,123,48,10,1223,0,44,25,8,77,1042,167,73,18,1300,0,0,0,1300
04/11/2015,PHX,AZ,AWP,WE,Towers with Radar,912,115,25,4,1056,0,30,25,0,55,912,145,50,4,1111,0,0,0,1111
04/12/2015,PHX,AZ,AWP,WE,Towers with Radar,1045,124,40,3,1212,0,6,12,0,18,1045,130,52,3,1230,0,0,0,1230
04/13/2015,PHX,AZ,AWP,WE,Towers with Radar,1046,128,39,2,1215,0,25,14,4,43,1046,153,53,6,1258,0,0,0,1258
04/14/2015,PHX,AZ,AWP,WE,Towers with Radar,1039,134,41,8,1222,0,23,22,3,48,1039,157,63,11,1270,0,0,0,1270
04/15/2015,PHX,AZ,AWP,WE,Towers with Radar,1051,146,41,4,1242,0,29,31,7,67,1051,175,72,11,1309,0,0,0,1309
04/16/2015,PHX,AZ,AWP,WE,Towers with Radar,1034,142,43,2,1221,0,23,38,1,62,1034,165,81,3,1283,0,0,0,1283
04/17/2015,PHX,AZ,AWP,WE,Towers with Radar,1038,128,43,10,1219,0,40,36,1,77,1038,168,79,11,1296,0,0,0,1296
04/18/2015,PHX,AZ,AWP,WE,Towers with Radar,922,110,19,0,1051,0,33,14,2,49,922,143,33,2,1100,0,0,0,1100
04/19/2015,PHX,AZ,AWP,WE,Towers with Radar,1028,109,27,3,1167,0,9,12,0,21,1028,118,39,3,1188,0,0,0,1188
04/20/2015,PHX,AZ,AWP,WE,Towers with Radar,1042,120,41,13,1216,0,30,23,10,63,1042,150,64,23,1279,0,0,0,1279
04/21/2015,PHX,AZ,AWP,WE,Towers with Radar,1017,118,52,2,1189,0,28,17,1,46,1017,146,69,3,1235,0,0,0,1235
04/22/2015,PHX,AZ,AWP,WE,Towers with Radar,1031,124,49,0,1204,0,35,47,8,90,1031,159,96,8,1294,0,0,0,1294
04/23/2015,PHX,AZ,AWP,WE,Towers with Radar,1031,147,47,9,1234,0,57,53,10,120,1031,204,100,19,1354,0,0,0,1354
04/24/2015,PHX,AZ,AWP,WE,Towers with Radar,1014,153,49,20,1236,0,24,25,2,51,1014,177,74,22,1287,0,0,0,1287
04/25/2015,PHX,AZ,AWP,WE,Towers with Radar,897,120,40,2,1059,0,48,21,1,70,897,168,61,3,1129,0,0,0,1129
04/26/2015,PHX,AZ,AWP,WE,Towers with Radar,982,119,37,7,1145,0,5,9,0,14,982,124,46,7,1159,0,0,0,1159
04/27/2015,PHX,AZ,AWP,WE,Towers with Radar,1014,132,36,8,1190,0,22,23,0,45,1014,154,59,8,1235,0,0,0,1235
04/28/2015,PHX,AZ,AWP,WE,Towers with Radar,1018,137,54,13,1222,0,28,32,7,67,1018,165,86,20,1289,0,0,0,1289
04/29/2015,PHX,AZ,AWP,WE,Towers with Radar,1029,130,45,4,1208,0,38,33,8,79,1029,168,78,12,1287,0,0,0,1287
04/30/2015,PHX,AZ,AWP,WE,Towers with Radar,1026,126,42,11,1205,0,42,42,17,101,1026,168,84,28,1306,0,0,0,1306
05/01/2015,PHX,AZ,AWP,WE,Towers with Radar,1014,134,31,22,1201,0,53,42,21,116,1014,187,73,43,1317,0,0,0,1317
05/02/2015,PHX,AZ,AWP,WE,Towers with Radar,881,105,23,10,1019,0,28,25,15,68,881,133,48,25,1087,0,0,0,1087
05/03/2015,PHX,AZ,AWP,WE,Towers with Radar,954,108,34,1,1097,0,14,14,8,36,954,122,48,9,1133,0,0,0,1133
05/04/2015,PHX,AZ,AWP,WE,Towers with Radar,982,137,27,0,1146,0,16,8,0,24,982,153,35,0,1170,0,0,0,1170
05/05/2015,PHX,AZ,AWP,WE,Towers with Radar,986,144,39,2,1171,0,23,28,1,52,986,167,67,3,1223,0,0,0,1223
05/06/2015,PHX,AZ,AWP,WE,Towers with Radar,999,124,44,4,1171,0,32,31,3,66,999,156,75,7,1237,0,0,0,1237
05/07/2015,PHX,AZ,AWP,WE,Towers with Radar,1012,122,47,4,1185,0,37,27,3,67,1012,159,74,7,1252,0,0,0,1252
05/08/2015,PHX,AZ,AWP,WE,Towers with Radar,998,124,37,11,1170,0,67,41,6,114,998,191,78,17,1284,0,0,0,1284
05/09/2015,PHX,AZ,AWP,WE,Towers with Radar,850,95,21,6,972,0,28,29,0,57,850,123,50,6,1029,0,0,0,1029
05/10/2015,PHX,AZ,AWP,WE,Towers with Radar,944,92,21,2,1059,0,21,24,0,45,944,113,45,2,1104,0,0,0,1104
05/11/2015,PHX,AZ,AWP,WE,Towers with Radar,993,133,39,6,1171,0,29,21,0,50,993,162,60,6,1221,0,0,0,1221
05/12/2015,PHX,AZ,AWP,WE,Towers with Radar,980,130,46,2,1158,0,25,14,0,39,980,155,60,2,1197,0,0,0,1197
05/13/2015,PHX,AZ,AWP,WE,Towers with Radar,1000,121,52,3,1176,0,30,49,3,82,1000,151,101,6,1258,0,0,0,1258
05/14/2015,PHX,AZ,AWP,WE,Towers with Radar,1049,150,50,3,1252,0,30,22,1,53,1049,180,72,4,1305,0,0,0,1305
05/15/2015,PHX,AZ,AWP,WE,Towers with Radar,1026,151,39,6,1222,0,19,24,5,48,1026,170,63,11,1270,0,0,0,1270
05/16/2015,PHX,AZ,AWP,WE,Towers with Radar,881,114,25,0,1020,0,45,13,2,60,881,159,38,2,1080,0,0,0,1080
05/17/2015,PHX,AZ,AWP,WE,Towers with Radar,1005,101,27,3,1136,0,17,24,0,41,1005,118,51,3,1177,0,0,0,1177
05/18/2015,PHX,AZ,AWP,WE,Towers with Radar,987,129,43,6,1165,0,19,18,8,45,987,148,61,14,1210,0,0,0,1210
05/19/2015,PHX,AZ,AWP,WE,Towers with Radar,1008,128,46,8,1190,0,24,27,0,51,1008,152,73,8,1241,0,0,0,1241
05/20/2015,PHX,AZ,AWP,WE,Towers with Radar,1043,144,48,6,1241,0,33,39,9,81,1043,177,87,15,1322,0,0,0,1322
05/21/2015,PHX,AZ,AWP,WE,Towers with Radar,1062,125,47,3,1237,0,41,28,7,76,1062,166,75,10,1313,0,0,0,1313
05/22/2015,PHX,AZ,AWP,WE,Towers with Radar,1050,126,42,4,1222,0,62,37,12,111,1050,188,79,16,1333,0,0,0,1333
05/23/2015,PHX,AZ,AWP,WE,Towers with Radar,862,87,21,3,973,0,24,14,0,38,862,111,35,3,1011,0,0,0,1011
05/24/2015,PHX,AZ,AWP,WE,Towers with Radar,844,85,17,2,948,0,20,9,0,29,844,105,26,2,977,0,0,0,977
05/25/2015,PHX,AZ,AWP,WE,Towers with Radar,925,111,39,2,1077,0,5,9,2,16,925,116,48,4,1093,0,0,0,1093
05/26/2015,PHX,AZ,AWP,WE,Towers with Radar,981,127,31,2,1141,0,26,22,4,52,981,153,53,6,1193,0,0,0,1193
05/27/2015,PHX,AZ,AWP,WE,Towers with Radar,1008,129,48,3,1188,0,29,24,1,54,1008,158,72,4,1242,0,0,0,1242
05/28/2015,PHX,AZ,AWP,WE,Towers with Radar,1007,126,33,6,1172,0,23,37,0,60,1007,149,70,6,1232,0,0,0,1232
05/29/2015,PHX,AZ,AWP,WE,Towers with Radar,994,118,33,5,1150,0,55,30,10,95,994,173,63,15,1245,0,0,0,1245
05/30/2015,PHX,AZ,AWP,WE,Towers with Radar,871,92,13,1,977,0,26,14,0,40,871,118,27,1,1017,0,0,0,1017
05/31/2015,PHX,AZ,AWP,WE,Towers with Radar,949,101,19,3,1072,0,19,6,0,25,949,120,25,3,1097,0,0,0,1097
06/01/2015,PHX,AZ,AWP,WE,Towers with Radar,975,145,30,7,1157,0,20,14,1,35,975,165,44,8,1192,0,0,0,1192
06/02/2015,PHX,AZ,AWP,WE,Towers with Radar,1000,129,33,4,1166,0,22,23,1,46,1000,151,56,5,1212,0,0,0,1212
06/03/2015,PHX,AZ,AWP,WE,Towers with Radar,1006,127,23,2,1158,0,50,35,11,96,1006,177,58,13,1254,0,0,0,1254
06/04/2015,PHX,AZ,AWP,WE,Towers with Radar,1054,136,37,6,1233,0,25,21,6,52,1054,161,58,12,1285,0,0,0,1285
06/05/2015,PHX,AZ,AWP,WE,Towers with Radar,989,134,27,3,1153,0,27,16,0,43,989,161,43,3,1196,0,0,0,1196
06/06/2015,PHX,AZ,AWP,WE,Towers with Radar,900,102,23,2,1027,0,12,18,1,31,900,114,41,3,1058,0,0,0,1058
06/07/2015,PHX,AZ,AWP,WE,Towers with Radar,1006,99,26,0,1131,0,3,8,3,14,1006,102,34,3,1145,0,0,0,1145
06/08/2015,PHX,AZ,AWP,WE,Towers with Radar,956,126,32,3,1117,0,20,21,0,41,956,146,53,3,1158,0,0,0,1158
06/09/2015,PHX,AZ,AWP,WE,Towers with Radar,988,135,51,0,1174,0,17,13,0,30,988,152,64,0,1204,0,0,0,1204
06/10/2015,PHX,AZ,AWP,WE,Towers with Radar,988,152,39,0,1179,0,23,23,11,57,988,175,62,11,1236,0,0,0,1236
06/11/2015,PHX,AZ,AWP,WE,Towers with Radar,1020,132,58,0,1210,0,31,18,5,54,1020,163,76,5,1264,0,0,0,1264
06/12/2015,PHX,AZ,AWP,WE,Towers with Radar,1036,125,27,4,1192,0,50,25,7,82,1036,175,52,11,1274,0,0,0,1274
06/13/2015,PHX,AZ,AWP,WE,Towers with Radar,952,96,12,2,1062,0,35,22,2,59,952,131,34,4,1121,0,0,0,1121
06/14/2015,PHX,AZ,AWP,WE,Towers with Radar,985,103,21,3,1112,0,6,7,1,14,985,109,28,4,1126,0,0,0,1126
06/15/2015,PHX,AZ,AWP,WE,Towers with Radar,1020,138,48,3,1209,0,17,29,1,47,1020,155,77,4,1256,0,0,0,1256
06/16/2015,PHX,AZ,AWP,WE,Towers with Radar,1044,130,38,6,1218,0,27,21,2,50,1044,157,59,8,1268,0,0,0,1268
06/17/2015,PHX,AZ,AWP,WE,Towers with Radar,1040,136,36,4,1216,0,39,45,6,90,1040,175,81,10,1306,0,0,0,1306
06/18/2015,PHX,AZ,AWP,WE,Towers with Radar,1039,129,43,0,1211,0,44,32,10,86,1039,173,75,10,1297,0,0,0,1297
06/19/2015,PHX,AZ,AWP,WE,Towers with Radar,1043,122,35,0,1200,0,70,19,5,94,1043,192,54,5,1294,0,0,0,1294
06/20/2015,PHX,AZ,AWP,WE,Towers with Radar,940,112,22,1,1075,0,28,9,0,37,940,140,31,1,1112,0,0,0,1112
06/21/2015,PHX,AZ,AWP,WE,Towers with Radar,1001,100,24,2,1127,0,21,12,2,35,1001,121,36,4,1162,0,0,0,1162
06/22/2015,PHX,AZ,AWP,WE,Towers with Radar,1023,136,25,2,1186,0,16,27,3,46,1023,152,52,5,1232,0,0,0,1232
06/23/2015,PHX,AZ,AWP,WE,Towers with Radar,1040,126,37,2,1205,0,18,17,0,35,1040,144,54,2,1240,0,0,0,1240
06/24/2015,PHX,AZ,AWP,WE,Towers with Radar,1071,133,41,3,1248,0,34,21,2,57,1071,167,62,5,1305,0,0,0,1305
06/25/2015,PHX,AZ,AWP,WE,Towers with Radar,1052,136,37,7,1232,0,39,25,4,68,1052,175,62,11,1300,0,0,0,1300
06/26/2015,PHX,AZ,AWP,WE,Towers with Radar,1033,132,29,0,1194,0,19,23,2,44,1033,151,52,2,1238,0,0,0,1238
06/27/2015,PHX,AZ,AWP,WE,Towers with Radar,946,101,19,0,1066,0,23,7,4,34,946,124,26,4,1100,0,0,0,1100
06/28/2015,PHX,AZ,AWP,WE,Towers with Radar,994,105,26,1,1126,0,10,15,2,27,994,115,41,3,1153,0,0,0,1153
06/29/2015,PHX,AZ,AWP,WE,Towers with Radar,1015,124,29,1,1169,0,19,16,0,35,1015,143,45,1,1204,0,0,0,1204
06/30/2015,PHX,AZ,AWP,WE,Towers with Radar,1033,131,39,0,1203,0,26,22,2,50,1033,157,61,2,1253,0,0,0,1253
07/01/2015,PHX,AZ,AWP,WE,Towers with Radar,1056,132,38,0,1226,1,40,35,5,81,1057,172,73,5,1307,0,0,0,1307
07/02/2015,PHX,AZ,AWP,WE,Towers with Radar,1051,128,35,1,1215,0,34,20,0,54,1051,162,55,1,1269,0,0,0,1269
07/03/2015,PHX,AZ,AWP,WE,Towers with Radar,854,95,34,0,983,0,37,15,0,52,854,132,49,0,1035,0,0,0,1035
07/04/2015,PHX,AZ,AWP,WE,Towers with Radar,706,70,11,2,789,0,25,20,2,47,706,95,31,4,836,0,0,0,836
07/05/2015,PHX,AZ,AWP,WE,Towers with Radar,992,102,32,0,1126,0,7,11,4,22,992,109,43,4,1148,0,0,0,1148
07/06/2015,PHX,AZ,AWP,WE,Towers with Radar,1027,136,34,0,1197,0,23,17,0,40,1027,159,51,0,1237,0,0,0,1237
07/07/2015,PHX,AZ,AWP,WE,Towers with Radar,1047,132,40,3,1222,0,19,16,0,35,1047,151,56,3,1257,0,0,0,1257
07/08/2015,PHX,AZ,AWP,WE,Towers with Radar,1036,129,41,4,1210,0,37,56,4,97,1036,166,97,8,1307,0,0,0,1307
07/09/2015,PHX,AZ,AWP,WE,Towers with Radar,1064,140,34,1,1239,0,23,15,2,40,1064,163,49,3,1279,0,0,0,1279
07/10/2015,PHX,AZ,AWP,WE,Towers with Radar,1047,117,25,3,1192,0,47,37,5,89,1047,164,62,8,1281,0,0,0,1281
07/11/2015,PHX,AZ,AWP,WE,Towers with Radar,941,97,31,2,1071,0,40,17,1,58,941,137,48,3,1129,0,0,0,1129
07/12/2015,PHX,AZ,AWP,WE,Towers with Radar,1007,95,38,1,1141,0,28,21,8,57,1007,123,59,9,1198,0,0,0,1198
07/13/2015,PHX,AZ,AWP,WE,Towers with Radar,1031,119,35,1,1186,0,14,13,0,27,1031,133,48,1,1213,0,0,0,1213
07/14/2015,PHX,AZ,AWP,WE,Towers with Radar,1046,129,31,2,1208,0,24,13,0,37,1046,153,44,2,1245,0,0,0,1245
07/15/2015,PHX,AZ,AWP,WE,Towers with Radar,1057,127,46,2,1232,0,23,14,4,41,1057,150,60,6,1273,0,0,0,1273
07/16/2015,PHX,AZ,AWP,WE,Towers with Radar,1065,126,44,2,1237,0,17,29,1,47,1065,143,73,3,1284,0,0,0,1284
07/17/2015,PHX,AZ,AWP,WE,Towers with Radar,1035,126,32,2,1195,0,24,24,0,48,1035,150,56,2,1243,0,0,0,1243
07/18/2015,PHX,AZ,AWP,WE,Towers with Radar,950,113,23,1,1087,0,13,6,3,22,950,126,29,4,1109,0,0,0,1109
07/19/2015,PHX,AZ,AWP,WE,Towers with Radar,1024,103,26,1,1154,0,4,10,3,17,1024,107,36,4,1171,0,0,0,1171
07/20/2015,PHX,AZ,AWP,WE,Towers with Radar,1029,121,36,2,1188,0,19,24,0,43,1029,140,60,2,1231,0,0,0,1231
07/21/2015,PHX,AZ,AWP,WE,Towers with Radar,1050,126,39,4,1219,0,23,25,4,52,1050,149,64,8,1271,0,0,0,1271
07/22/2015,PHX,AZ,AWP,WE,Towers with Radar,1058,123,33,1,1215,0,20,28,6,54,1058,143,61,7,1269,0,0,0,1269
07/23/2015,PHX,AZ,AWP,WE,Towers with Radar,1050,137,34,1,1222,0,40,29,8,77,1050,177,63,9,1299,0,0,0,1299
07/24/2015,PHX,AZ,AWP,WE,Towers with Radar,1029,125,20,1,1175,0,63,32,18,113,1029,188,52,19,1288,0,0,0,1288
07/25/2015,PHX,AZ,AWP,WE,Towers with Radar,948,101,21,5,1075,0,38,8,4,50,948,139,29,9,1125,3,0,3,1128
07/26/2015,PHX,AZ,AWP,WE,Towers with Radar,1003,90,17,0,1110,0,19,10,8,37,1003,109,27,8,1147,0,0,0,1147
07/27/2015,PHX,AZ,AWP,WE,Towers with Radar,1034,123,32,0,1189,0,18,28,0,46,1034,141,60,0,1235,0,0,0,1235
07/28/2015,PHX,AZ,AWP,WE,Towers with Radar,1049,143,33,4,1229,0,20,17,1,38,1049,163,50,5,1267,0,0,0,1267
07/29/2015,PHX,AZ,AWP,WE,Towers with Radar,1057,133,49,1,1240,0,25,26,5,56,1057,158,75,6,1296,0,0,0,1296
07/30/2015,PHX,AZ,AWP,WE,Towers with Radar,1056,135,50,2,1243,0,31,50,1,82,1056,166,100,3,1325,0,0,0,1325
07/31/2015,PHX,AZ,AWP,WE,Towers with Radar,1041,125,40,3,1209,0,39,55,8,102,1041,164,95,11,1311,0,0,0,1311
08/01/2015,PHX,AZ,AWP,WE,Towers with Radar,953,117,27,0,1097,1,44,21,5,71,954,161,48,5,1168,0,0,0,1168
08/02/2015,PHX,AZ,AWP,WE,Towers with Radar,1009,109,21,3,1142,1,16,8,4,29,1010,125,29,7,1171,5,0,5,1176
08/03/2015,PHX,AZ,AWP,WE,Towers with Radar,1039,137,11,3,1190,0,30,19,0,49,1039,167,30,3,1239,0,0,0,1239
08/04/2015,PHX,AZ,AWP,WE,Towers with Radar,1046,143,31,0,1220,1,17,19,2,39,1047,160,50,2,1259,2,0,2,1261
08/05/2015,PHX,AZ,AWP,WE,Towers with Radar,1066,129,28,2,1225,0,21,14,4,39,1066,150,42,6,1264,1,0,1,1265
08/06/2015,PHX,AZ,AWP,WE,Towers with Radar,1079,122,42,0,1243,0,25,25,2,52,1079,147,67,2,1295,0,0,0,1295
08/07/2015,PHX,AZ,AWP,WE,Towers with Radar,1052,132,20,2,1206,0,30,14,0,44,1052,162,34,2,1250,0,0,0,1250
08/08/2015,PHX,AZ,AWP,WE,Towers with Radar,953,111,23,2,1089,0,16,8,0,24,953,127,31,2,1113,0,0,0,1113
08/09/2015,PHX,AZ,AWP,WE,Towers with Radar,1001,114,22,1,1138,0,4,6,2,12,1001,118,28,3,1150,1,0,1,1151
08/10/2015,PHX,AZ,AWP,WE,Towers with Radar,1017,148,28,2,1195,0,14,9,4,27,1017,162,37,6,1222,2,2,4,1226
08/11/2015,PHX,AZ,AWP,WE,Towers with Radar,1033,130,38,2,1203,0,21,11,1,33,1033,151,49,3,1236,0,0,0,1236
08/12/2015,PHX,AZ,AWP,WE,Towers with Radar,1051,134,34,2,1221,0,14,25,4,43,1051,148,59,6,1264,1,2,3,1267
08/13/2015,PHX,AZ,AWP,WE,Towers with Radar,1065,133,48,2,1248,0,22,28,3,53,1065,155,76,5,1301,0,0,0,1301
08/14/2015,PHX,AZ,AWP,WE,Towers with Radar,1042,126,24,2,1194,0,21,16,3,40,1042,147,40,5,1234,0,0,0,1234
08/15/2015,PHX,AZ,AWP,WE,Towers with Radar,905,102,16,0,1023,0,14,7,5,26,905,116,23,5,1049,0,0,0,1049
08/16/2015,PHX,AZ,AWP,WE,Towers with Radar,983,102,41,0,1126,0,4,10,0,14,983,106,51,0,1140,2,0,2,1142
08/17/2015,PHX,AZ,AWP,WE,Towers with Radar,962,131,38,1,1132,0,25,31,0,56,962,156,69,1,1188,6,0,6,1194
08/18/2015,PHX,AZ,AWP,WE,Towers with Radar,887,120,47,2,1056,0,17,35,2,54,887,137,82,4,1110,4,0,4,1114
08/19/2015,PHX,AZ,AWP,WE,Towers with Radar,959,130,45,3,1137,0,36,44,4,84,959,166,89,7,1221,2,0,2,1223
08/20/2015,PHX,AZ,AWP,WE,Towers with Radar,969,139,50,2,1160,0,30,35,8,73,969,169,85,10,1233,0,0,0,1233
08/21/2015,PHX,AZ,AWP,WE,Towers with Radar,961,129,38,2,1130,0,35,62,3,100,961,164,100,5,1230,0,0,0,1230
08/22/2015,PHX,AZ,AWP,WE,Towers with Radar,821,101,11,0,933,0,24,35,2,61,821,125,46,2,994,0,0,0,994
08/23/2015,PHX,AZ,AWP,WE,Towers with Radar,910,105,25,0,1040,0,6,15,0,21,910,111,40,0,1061,0,0,0,1061
08/24/2015,PHX,AZ,AWP,WE,Towers with Radar,948,122,24,3,1097,0,12,15,0,27,948,134,39,3,1124,5,0,5,1129
08/25/2015,PHX,AZ,AWP,WE,Towers with Radar,880,131,40,4,1055,0,16,23,1,40,880,147,63,5,1095,0,0,0,1095
08/26/2015,PHX,AZ,AWP,WE,Towers with Radar,951,136,36,1,1124,0,36,51,6,93,951,172,87,7,1217,1,0,1,1218
08/27/2015,PHX,AZ,AWP,WE,Towers with Radar,978,151,45,2,1176,0,22,21,3,46,978,173,66,5,1222,2,0,2,1224
08/28/2015,PHX,AZ,AWP,WE,Towers with Radar,950,127,38,0,1115,0,46,31,2,79,950,173,69,2,1194,0,0,0,1194
08/29/2015,PHX,AZ,AWP,WE,Towers with Radar,824,111,14,3,952,0,32,15,7,54,824,143,29,10,1006,0,0,0,1006
08/30/2015,PHX,AZ,AWP,WE,Towers with Radar,921,122,28,0,1071,0,7,4,2,13,921,129,32,2,1084,1,0,1,1085
08/31/2015,PHX,AZ,AWP,WE,Towers with Radar,935,139,31,2,1107,0,15,14,0,29,935,154,45,2,1136,0,0,0,1136
09/01/2015,PHX,AZ,AWP,WE,Towers with Radar,885,112,30,1,1028,0,20,14,0,34,885,132,44,1,1062,0,0,0,1062
09/02/2015,PHX,AZ,AWP,WE,Towers with Radar,962,137,38,3,1140,0,22,33,4,59,962,159,71,7,1199,0,0,0,1199
09/03/2015,PHX,AZ,AWP,WE,Towers with Radar,1020,157,47,4,1228,0,30,30,0,60,1020,187,77,4,1288,0,0,0,1288
09/04/2015,PHX,AZ,AWP,WE,Towers with Radar,958,142,24,1,1125,0,72,56,11,139,958,214,80,12,1264,0,0,0,1264
09/05/2015,PHX,AZ,AWP,WE,Towers with Radar,692,81,8,1,782,0,40,30,4,74,692,121,38,5,856,0,0,0,856
09/06/2015,PHX,AZ,AWP,WE,Towers with Radar,760,98,12,2,872,0,6,5,0,11,760,104,17,2,883,0,0,0,883
09/07/2015,PHX,AZ,AWP,WE,Towers with Radar,900,118,23,0,1041,0,18,3,0,21,900,136,26,0,1062,0,0,0,1062
09/08/2015,PHX,AZ,AWP,WE,Towers with Radar,866,114,35,2,1017,0,21,14,3,38,866,135,49,5,1055,0,0,0,1055
09/09/2015,PHX,AZ,AWP,WE,Towers with Radar,933,143,42,6,1124,0,35,20,11,66,933,178,62,17,1190,0,0,0,1190
09/10/2015,PHX,AZ,AWP,WE,Towers with Radar,961,139,53,5,1158,0,34,25,9,68,961,173,78,14,1226,0,0,0,1226
09/11/2015,PHX,AZ,AWP,WE,Towers with Radar,926,135,38,6,1105,0,44,29,4,77,926,179,67,10,1182,0,0,0,1182
09/12/2015,PHX,AZ,AWP,WE,Towers with Radar,717,87,18,4,826,0,26,21,3,50,717,113,39,7,876,0,0,0,876
09/13/2015,PHX,AZ,AWP,WE,Towers with Radar,891,108,35,0,1034,0,8,21,6,35,891,116,56,6,1069,0,0,0,1069
09/14/2015,PHX,AZ,AWP,WE,Towers with Radar,939,137,38,0,1114,0,18,16,1,35,939,155,54,1,1149,0,0,0,1149
09/15/2015,PHX,AZ,AWP,WE,Towers with Radar,849,108,44,3,1004,0,33,20,2,55,849,141,64,5,1059,0,0,0,1059
09/16/2015,PHX,AZ,AWP,WE,Towers with Radar,893,118,43,0,1054,0,27,33,5,65,893,145,76,5,1119,0,0,0,1119
09/17/2015,PHX,AZ,AWP,WE,Towers with Radar,948,136,56,0,1140,0,62,34,7,103,948,198,90,7,1243,0,0,0,1243
09/18/2015,PHX,AZ,AWP,WE,Towers with Radar,950,125,39,2,1116,0,28,30,7,65,950,153,69,9,1181,0,0,0,1181
09/19/2015,PHX,AZ,AWP,WE,Towers with Radar,712,87,16,0,815,0,33,30,2,65,712,120,46,2,880,0,0,0,880
09/20/2015,PHX,AZ,AWP,WE,Towers with Radar,927,116,33,0,1076,0,8,8,0,16,927,124,41,0,1092,0,0,0,1092
09/21/2015,PHX,AZ,AWP,WE,Towers with Radar,942,136,36,5,1119,0,24,13,0,37,942,160,49,5,1156,0,0,0,1156
09/22/2015,PHX,AZ,AWP,WE,Towers with Radar,838,111,47,2,998,0,10,8,0,18,838,121,55,2,1016,0,0,0,1016
09/23/2015,PHX,AZ,AWP,WE,Towers with Radar,913,135,37,3,1088,0,47,30,11,88,913,182,67,14,1176,0,0,0,1176
09/24/2015,PHX,AZ,AWP,WE,Towers with Radar,975,141,52,0,1168,0,38,22,11,71,975,179,74,11,1239,0,0,0,1239
09/25/2015,PHX,AZ,AWP,WE,Towers with Radar,950,127,36,3,1116,0,39,25,3,67,950,166,61,6,1183,3,0,3,1186
09/26/2015,PHX,AZ,AWP,WE,Towers with Radar,731,98,27,3,859,0,16,17,5,38,731,114,44,8,897,0,0,0,897
09/27/2015,PHX,AZ,AWP,WE,Towers with Radar,937,122,37,2,1098,0,8,16,3,27,937,130,53,5,1125,1,0,1,1126
09/28/2015,PHX,AZ,AWP,WE,Towers with Radar,955,120,37,0,1112,0,17,11,0,28,955,137,48,0,1140,4,0,4,1144
09/29/2015,PHX,AZ,AWP,WE,Towers with Radar,848,119,34,0,1001,0,22,26,2,50,848,141,60,2,1051,7,0,7,1058
09/30/2015,PHX,AZ,AWP,WE,Towers with Radar,915,145,43,0,1103,0,38,38,5,81,915,183,81,5,1184,0,0,0,1184
10/01/2015,PHX,AZ,AWP,WE,Towers with Radar,963,147,44,0,1154,0,26,28,5,59,963,173,72,5,1213,0,0,0,1213
10/02/2015,PHX,AZ,AWP,WE,Towers with Radar,956,140,37,0,1133,0,36,25,7,68,956,176,62,7,1201,3,0,3,1204
10/03/2015,PHX,AZ,AWP,WE,Towers with Radar,747,93,17,1,858,0,33,18,6,57,747,126,35,7,915,1,0,1,916
10/04/2015,PHX,AZ,AWP,WE,Towers with Radar,951,119,36,0,1106,0,3,13,1,17,951,122,49,1,1123,0,0,0,1123
10/05/2015,PHX,AZ,AWP,WE,Towers with Radar,982,128,36,0,1146,0,16,4,1,21,982,144,40,1,1167,3,0,3,1170
10/06/2015,PHX,AZ,AWP,WE,Towers with Radar,984,141,41,4,1170,0,7,11,0,18,984,148,52,4,1188,4,0,4,1192
10/07/2015,PHX,AZ,AWP,WE,Towers with Radar,979,128,39,2,1148,0,39,38,11,88,979,167,77,13,1236,0,0,0,1236
10/08/2015,PHX,AZ,AWP,WE,Towers with Radar,1038,142,50,2,1232,0,48,20,7,75,1038,190,70,9,1307,0,0,0,1307
10/09/2015,PHX,AZ,AWP,WE,Towers with Radar,991,128,32,2,1153,0,27,23,1,51,991,155,55,3,1204,5,0,5,1209
10/10/2015,PHX,AZ,AWP,WE,Towers with Radar,850,100,27,0,977,0,31,16,4,51,850,131,43,4,1028,4,1,5,1033
10/11/2015,PHX,AZ,AWP,WE,Towers with Radar,946,104,29,1,1080,0,3,14,1,18,946,107,43,2,1098,0,0,0,1098
10/12/2015,PHX,AZ,AWP,WE,Towers with Radar,977,128,29,1,1135,0,24,26,0,50,977,152,55,1,1185,0,0,0,1185
10/13/2015,PHX,AZ,AWP,WE,Towers with Radar,982,128,45,3,1158,0,19,9,0,28,982,147,54,3,1186,0,0,0,1186
10/14/2015,PHX,AZ,AWP,WE,Towers with Radar,993,131,35,4,1163,0,37,38,8,83,993,168,73,12,1246,0,0,0,1246
10/15/2015,PHX,AZ,AWP,WE,Towers with Radar,1045,132,36,2,1215,0,37,29,11,77,1045,169,65,13,1292,0,0,0,1292
10/16/2015,PHX,AZ,AWP,WE,Towers with Radar,985,141,33,0,1159,0,25,35,7,67,985,166,68,7,1226,0,0,0,1226
10/17/2015,PHX,AZ,AWP,WE,Towers with Radar,798,92,23,3,916,0,35,6,12,53,798,127,29,15,969,0,0,0,969
10/18/2015,PHX,AZ,AWP,WE,Towers with Radar,1000,108,40,0,1148,0,3,14,0,17,1000,111,54,0,1165,2,0,2,1167
10/19/2015,PHX,AZ,AWP,WE,Towers with Radar,990,134,52,1,1177,0,8,8,5,21,990,142,60,6,1198,0,0,0,1198
10/20/2015,PHX,AZ,AWP,WE,Towers with Radar,995,144,50,0,1189,0,10,13,2,25,995,154,63,2,1214,0,0,0,1214
10/21/2015,PHX,AZ,AWP,WE,Towers with Radar,980,138,46,4,1168,0,19,15,5,39,980,157,61,9,1207,0,0,0,1207
10/22/2015,PHX,AZ,AWP,WE,Towers with Radar,992,132,45,7,1176,0,42,26,7,75,992,174,71,14,1251,0,0,0,1251
10/23/2015,PHX,AZ,AWP,WE,Towers with Radar,965,124,38,10,1137,0,30,27,2,59,965,154,65,12,1196,1,0,1,1197
10/24/2015,PHX,AZ,AWP,WE,Towers with Radar,853,106,15,3,977,0,30,17,11,58,853,136,32,14,1035,0,0,0,1035
10/25/2015,PHX,AZ,AWP,WE,Towers with Radar,999,94,33,3,1129,0,16,18,0,34,999,110,51,3,1163,0,0,0,1163
10/26/2015,PHX,AZ,AWP,WE,Towers with Radar,1003,136,34,6,1179,0,14,12,0,26,1003,150,46,6,1205,0,0,0,1205
10/27/2015,PHX,AZ,AWP,WE,Towers with Radar,995,139,52,7,1193,0,20,15,5,40,995,159,67,12,1233,4,0,4,1237
10/28/2015,PHX,AZ,AWP,WE,Towers with Radar,986,123,57,8,1174,0,33,23,9,65,986,156,80,17,1239,0,0,0,1239
10/29/2015,PHX,AZ,AWP,WE,Towers with Radar,1000,130,56,2,1188,0,29,23,2,54,1000,159,79,4,1242,0,0,0,1242
10/30/2015,PHX,AZ,AWP,WE,Towers with Radar,976,149,42,5,1172,0,18,36,4,58,976,167,78,9,1230,0,0,0,1230
10/31/2015,PHX,AZ,AWP,WE,Towers with Radar,755,84,15,1,855,0,26,15,3,44,755,110,30,4,899,0,0,0,899
11/01/2015,PHX,AZ,AWP,WE,Towers with Radar,948,104,29,1,1082,0,10,12,0,22,948,114,41,1,1104,0,0,0,1104
11/02/2015,PHX,AZ,AWP,WE,Towers with Radar,995,121,23,4,1143,0,14,20,0,34,995,135,43,4,1177,0,0,0,1177
11/03/2015,PHX,AZ,AWP,WE,Towers with Radar,1005,132,39,6,1182,0,14,21,1,36,1005,146,60,7,1218,0,0,0,1218
11/04/2015,PHX,AZ,AWP,WE,Towers with Radar,1000,149,64,3,1216,0,7,31,9,47,1000,156,95,12,1263,0,0,0,1263
11/05/2015,PHX,AZ,AWP,WE,Towers with Radar,1031,132,55,6,1224,0,37,52,6,95,1031,169,107,12,1319,0,0,0,1319
11/06/2015,PHX,AZ,AWP,WE,Towers with Radar,991,122,36,14,1163,0,20,34,1,55,991,142,70,15,1218,1,0,1,1219
11/07/2015,PHX,AZ,AWP,WE,Towers with Radar,880,108,15,5,1008,0,29,23,5,57,880,137,38,10,1065,0,0,0,1065
11/08/2015,PHX,AZ,AWP,WE,Towers with Radar,946,108,31,5,1090,0,7,19,2,28,946,115,50,7,1118,0,0,0,1118
11/09/2015,PHX,AZ,AWP,WE,Towers with Radar,998,143,38,0,1179,0,11,22,0,33,998,154,60,0,1212,0,0,0,1212
11/10/2015,PHX,AZ,AWP,WE,Towers with Radar,989,154,76,5,1224,1,20,21,0,42,990,174,97,5,1266,1,0,1,1267
11/11/2015,PHX,AZ,AWP,WE,Towers with Radar,1002,130,54,0,1186,0,17,35,1,53,1002,147,89,1,1239,0,0,0,1239
11/12/2015,PHX,AZ,AWP,WE,Towers with Radar,1025,126,65,3,1219,0,32,33,2,67,1025,158,98,5,1286,0,0,0,1286
11/13/2015,PHX,AZ,AWP,WE,Towers with Radar,1008,125,52,16,1201,0,30,33,2,65,1008,155,85,18,1266,0,0,0,1266
11/14/2015,PHX,AZ,AWP,WE,Towers with Radar,898,105,21,12,1036,0,19,26,2,47,898,124,47,14,1083,1,0,1,1084
11/15/2015,PHX,AZ,AWP,WE,Towers with Radar,966,117,41,4,1128,0,9,27,0,36,966,126,68,4,1164,1,0,1,1165
11/16/2015,PHX,AZ,AWP,WE,Towers with Radar,1010,160,64,5,1239,0,2,10,11,23,1010,162,74,16,1262,1,0,1,1263
11/17/2015,PHX,AZ,AWP,WE,Towers with Radar,1001,132,34,6,1173,0,20,24,2,46,1001,152,58,8,1219,1,0,1,1220
11/18/2015,PHX,AZ,AWP,WE,Towers with Radar,1009,145,59,4,1217,0,35,42,17,94,1009,180,101,21,1311,0,0,0,1311
11/19/2015,PHX,AZ,AWP,WE,Towers with Radar,1017,134,43,8,1202,0,36,47,25,108,1017,170,90,33,1310,0,0,0,1310
11/20/2015,PHX,AZ,AWP,WE,Towers with Radar,1021,138,49,11,1219,0,20,44,7,71,1021,158,93,18,1290,0,0,0,1290
11/21/2015,PHX,AZ,AWP,WE,Towers with Radar,897,119,23,6,1045,0,25,24,1,50,897,144,47,7,1095,1,0,1,1096
11/22/2015,PHX,AZ,AWP,WE,Towers with Radar,961,105,32,2,1100,0,5,19,1,25,961,110,51,3,1125,0,0,0,1125
11/23/2015,PHX,AZ,AWP,WE,Towers with Radar,931,126,36,6,1099,0,17,21,2,40,931,143,57,8,1139,2,0,2,1141
11/24/2015,PHX,AZ,AWP,WE,Towers with Radar,994,148,43,7,1192,0,22,54,3,79,994,170,97,10,1271,0,0,0,1271
11/25/2015,PHX,AZ,AWP,WE,Towers with Radar,1069,134,39,2,1244,0,38,30,0,68,1069,172,69,2,1312,0,0,0,1312
11/26/2015,PHX,AZ,AWP,WE,Towers with Radar,595,51,8,0,654,0,10,11,1,22,595,61,19,1,676,0,0,0,676
11/27/2015,PHX,AZ,AWP,WE,Towers with Radar,807,114,27,1,949,0,48,26,0,74,807,162,53,1,1023,0,0,0,1023
11/28/2015,PHX,AZ,AWP,WE,Towers with Radar,985,103,31,0,1119,0,49,21,0,70,985,152,52,0,1189,0,0,0,1189
11/29/2015,PHX,AZ,AWP,WE,Towers with Radar,1062,113,47,0,1222,0,7,15,2,24,1062,120,62,2,1246,0,0,0,1246
11/30/2015,PHX,AZ,AWP,WE,Towers with Radar,1066,130,34,5,1235,0,7,10,0,17,1066,137,44,5,1252,0,0,0,1252
12/01/2015,PHX,AZ,AWP,WE,Towers with Radar,1039,135,57,2,1233,0,15,28,0,43,1039,150,85,2,1276,0,0,0,1276
12/02/2015,PHX,AZ,AWP,WE,Towers with Radar,1010,134,53,3,1200,0,14,41,3,58,1010,148,94,6,1258,0,0,0,1258
12/03/2015,PHX,AZ,AWP,WE,Towers with Radar,1020,144,60,5,1229,0,34,28,4,66,1020,178,88,9,1295,0,0,0,1295
12/04/2015,PHX,AZ,AWP,WE,Towers with Radar,992,140,45,17,1194,0,24,42,5,71,992,164,87,22,1265,4,0,4,1269
12/05/2015,PHX,AZ,AWP,WE,Towers with Radar,781,96,27,4,908,0,26,31,9,66,781,122,58,13,974,4,2,6,980
12/06/2015,PHX,AZ,AWP,WE,Towers with Radar,940,111,27,8,1086,0,2,13,1,16,940,113,40,9,1102,1,0,1,1103
12/07/2015,PHX,AZ,AWP,WE,Towers with Radar,898,119,52,1,1070,0,6,19,0,25,898,125,71,1,1095,1,0,1,1096
12/08/2015,PHX,AZ,AWP,WE,Towers with Radar,915,127,33,7,1082,0,7,21,4,32,915,134,54,11,1114,2,0,2,1116
12/09/2015,PHX,AZ,AWP,WE,Towers with Radar,1017,123,45,14,1199,0,27,34,8,69,1017,150,79,22,1268,0,0,0,1268
12/10/2015,PHX,AZ,AWP,WE,Towers with Radar,1022,144,52,9,1227,0,37,38,3,78,1022,181,90,12,1305,0,0,0,1305
12/11/2015,PHX,AZ,AWP,WE,Towers with Radar,997,141,45,14,1197,0,15,25,7,47,997,156,70,21,1244,7,4,11,1255
12/12/2015,PHX,AZ,AWP,WE,Towers with Radar,791,88,37,8,924,0,21,24,3,48,791,109,61,11,972,0,0,0,972
12/13/2015,PHX,AZ,AWP,WE,Towers with Radar,940,117,25,0,1082,0,4,12,0,16,940,121,37,0,1098,0,0,0,1098
12/14/2015,PHX,AZ,AWP,WE,Towers with Radar,913,116,40,7,1076,0,4,18,2,24,913,120,58,9,1100,3,0,3,1103
12/15/2015,PHX,AZ,AWP,WE,Towers with Radar,909,132,42,8,1091,0,24,29,0,53,909,156,71,8,1144,6,2,8,1152
12/16/2015,PHX,AZ,AWP,WE,Towers with Radar,1034,147,46,12,1239,0,40,48,3,91,1034,187,94,15,1330,0,0,0,1330
12/17/2015,PHX,AZ,AWP,WE,Towers with Radar,1122,149,47,6,1324,0,44,37,4,85,1122,193,84,10,1409,0,0,0,1409
12/18/2015,PHX,AZ,AWP,WE,Towers with Radar,1143,130,45,4,1322,0,25,42,1,68,1143,155,87,5,1390,0,0,0,1390
12/19/2015,PHX,AZ,AWP,WE,Towers with Radar,1036,142,44,8,1230,0,23,38,2,63,1036,165,82,10,1293,0,0,0,1293
12/20/2015,PHX,AZ,AWP,WE,Towers with Radar,1092,113,17,2,1224,0,4,8,3,15,1092,117,25,5,1239,0,0,0,1239
12/21/2015,PHX,AZ,AWP,WE,Towers with Radar,1117,152,21,8,1298,0,18,17,1,36,1117,170,38,9,1334,0,0,0,1334
12/22/2015,PHX,AZ,AWP,WE,Towers with Radar,1163,148,35,7,1353,0,10,12,0,22,1163,158,47,7,1375,0,0,0,1375
12/23/2015,PHX,AZ,AWP,WE,Towers with Radar,1148,154,31,4,1337,0,4,22,2,28,1148,158,53,6,1365,0,0,0,1365
12/24/2015,PHX,AZ,AWP,WE,Towers with Radar,1043,142,24,2,1211,0,8,9,1,18,1043,150,33,3,1229,0,0,0,1229
12/25/2015,PHX,AZ,AWP,WE,Towers with Radar,917,96,11,1,1025,0,2,6,0,8,917,98,17,1,1033,0,0,0,1033
12/26/2015,PHX,AZ,AWP,WE,Towers with Radar,999,111,45,0,1155,0,11,1,0,12,999,122,46,0,1167,0,0,0,1167
12/27/2015,PHX,AZ,AWP,WE,Towers with Radar,1057,107,30,0,1194,0,2,9,0,11,1057,109,39,0,1205,0,0,0,1205
12/28/2015,PHX,AZ,AWP,WE,Towers with Radar,1068,130,31,10,1239,0,8,14,0,22,1068,138,45,10,1261,0,0,0,1261
12/29/2015,PHX,AZ,AWP,WE,Towers with Radar,1141,151,22,5,1319,0,11,12,2,25,1141,162,34,7,1344,0,0,0,1344
12/30/2015,PHX,AZ,AWP,WE,Towers with Radar,1154,154,37,1,1346,0,20,34,2,56,1154,174,71,3,1402,0,0,0,1402
12/31/2015,PHX,AZ,AWP,WE,Towers with Radar,1025,136,22,0,1183,0,32,13,2,47,1025,168,35,2,1230,0,0,0,1230
01/01/2016,PHX,AZ,AWP,WE,Towers with Radar,958,108,11,0,1077,2,35,23,0,60,960,143,34,0,1137,0,0,0,1137
01/02/2016,PHX,AZ,AWP,WE,Towers with Radar,1073,110,43,0,1226,0,50,32,2,84,1073,160,75,2,1310,0,0,0,1310
01/03/2016,PHX,AZ,AWP,WE,Towers with Radar,1084,124,37,0,1245,1,28,7,3,39,1085,152,44,3,1284,0,0,0,1284
01/04/2016,PHX,AZ,AWP,WE,Towers with Radar,1090,144,44,0,1278,0,2,13,0,15,1090,146,57,0,1293,0,0,0,1293
01/05/2016,PHX,AZ,AWP,WE,Towers with Radar,953,135,40,2,1130,0,6,5,0,11,953,141,45,2,1141,0,0,0,1141
01/06/2016,PHX,AZ,AWP,WE,Towers with Radar,1010,141,52,4,1207,0,7,30,4,41,1010,148,82,8,1248,0,0,0,1248
01/07/2016,PHX,AZ,AWP,WE,Towers with Radar,1037,127,45,9,1218,0,15,13,0,28,1037,142,58,9,1246,0,0,0,1246
01/08/2016,PHX,AZ,AWP,WE,Towers with Radar,1012,142,43,15,1212,0,11,21,7,39,1012,153,64,22,1251,0,0,0,1251
01/09/2016,PHX,AZ,AWP,WE,Towers with Radar,927,120,37,11,1095,0,29,36,13,78,927,149,73,24,1173,0,0,0,1173
01/10/2016,PHX,AZ,AWP,WE,Towers with Radar,956,125,62,9,1152,0,13,18,10,41,956,138,80,19,1193,0,0,0,1193
01/11/2016,PHX,AZ,AWP,WE,Towers with Radar,1007,142,55,2,1206,0,12,17,0,29,1007,154,72,2,1235,0,0,0,1235
01/12/2016,PHX,AZ,AWP,WE,Towers with Radar,973,149,106,4,1232,0,15,12,0,27,973,164,118,4,1259,0,0,0,1259
01/13/2016,PHX,AZ,AWP,WE,Towers with Radar,979,134,46,3,1162,0,47,29,5,81,979,181,75,8,1243,0,0,0,1243
01/14/2016,PHX,AZ,AWP,WE,Towers with Radar,1014,145,65,2,1226,0,29,29,2,60,1014,174,94,4,1286,0,0,0,1286
01/15/2016,PHX,AZ,AWP,WE,Towers with Radar,1005,129,38,22,1194,0,36,19,1,56,1005,165,57,23,1250,0,0,0,1250
01/16/2016,PHX,AZ,AWP,WE,Towers with Radar,886,103,25,6,1020,0,49,14,5,68,886,152,39,11,1088,0,0,0,1088
01/17/2016,PHX,AZ,AWP,WE,Towers with Radar,926,101,31,5,1063,0,6,20,3,29,926,107,51,8,1092,0,0,0,1092
01/18/2016,PHX,AZ,AWP,WE,Towers with Radar,999,143,45,11,1198,0,18,13,4,35,999,161,58,15,1233,0,0,0,1233
01/19/2016,PHX,AZ,AWP,WE,Towers with Radar,915,118,60,4,1097,0,23,15,2,40,915,141,75,6,1137,0,0,0,1137
01/20/2016,PHX,AZ,AWP,WE,Towers with Radar,989,143,43,4,1179,0,36,34,0,70,989,179,77,4,1249,0,0,0,1249
01/21/2016,PHX,AZ,AWP,WE,Towers with Radar,1022,137,59,6,1224,0,50,32,8,90,1022,187,91,14,1314,0,0,0,1314
01/22/2016,PHX,AZ,AWP,WE,Towers with Radar,956,131,41,14,1142,0,49,36,6,91,956,180,77,20,1233,0,0,0,1233
01/23/2016,PHX,AZ,AWP,WE,Towers with Radar,823,98,27,14,962,1,26,13,0,40,824,124,40,14,1002,0,0,0,1002
01/24/2016,PHX,AZ,AWP,WE,Towers with Radar,905,116,44,12,1077,0,18,10,1,29,905,134,54,13,1106,0,0,0,1106
01/25/2016,PHX,AZ,AWP,WE,Towers with Radar,982,131,29,1,1143,0,39,21,0,60,982,170,50,1,1203,0,0,0,1203
01/26/2016,PHX,AZ,AWP,WE,Towers with Radar,911,125,56,1,1093,0,23,20,1,44,911,148,76,2,1137,0,0,0,1137
01/27/2016,PHX,AZ,AWP,WE,Towers with Radar,977,148,74,6,1205,0,49,31,1,81,977,197,105,7,1286,0,0,0,1286
01/28/2016,PHX,AZ,AWP,WE,Towers with Radar,1014,162,63,0,1239,0,52,34,4,90,1014,214,97,4,1329,0,0,0,1329
01/29/2016,PHX,AZ,AWP,WE,Towers with Radar,1002,118,49,3,1172,0,33,28,4,65,1002,151,77,7,1237,0,0,0,1237
01/30/2016,PHX,AZ,AWP,WE,Towers with Radar,884,109,32,3,1028,0,47,21,1,69,884,156,53,4,1097,0,0,0,1097
01/31/2016,PHX,AZ,AWP,WE,Towers with Radar,956,117,34,3,1110,0,8,12,2,22,956,125,46,5,1132,0,0,0,1132
02/01/2016,PHX,AZ,AWP,WE,Towers with Radar,995,137,42,1,1175,0,11,9,0,20,995,148,51,1,1195,0,1,1,1196
02/02/2016,PHX,AZ,AWP,WE,Towers with Radar,908,129,62,9,1108,0,16,18,0,34,908,145,80,9,1142,0,0,0,1142
02/03/2016,PHX,AZ,AWP,WE,Towers with Radar,979,148,46,10,1183,0,37,26,2,65,979,185,72,12,1248,0,0,0,1248
02/04/2016,PHX,AZ,AWP,WE,Towers with Radar,1026,131,58,5,1220,0,40,35,5,80,1026,171,93,10,1300,0,0,0,1300
02/05/2016,PHX,AZ,AWP,WE,Towers with Radar,1000,133,48,6,1187,0,43,27,2,72,1000,176,75,8,1259,1,0,1,1260
02/06/2016,PHX,AZ,AWP,WE,Towers with Radar,897,111,18,2,1028,0,41,23,1,65,897,152,41,3,1093,0,0,0,1093
02/07/2016,PHX,AZ,AWP,WE,Towers with Radar,868,103,21,3,995,0,8,8,0,16,868,111,29,3,1011,0,0,0,1011
02/08/2016,PHX,AZ,AWP,WE,Towers with Radar,999,132,34,2,1167,0,12,24,0,36,999,144,58,2,1203,0,0,0,1203
02/09/2016,PHX,AZ,AWP,WE,Towers with Radar,913,120,37,7,1077,0,23,27,0,50,913,143,64,7,1127,4,0,4,1131
02/10/2016,PHX,AZ,AWP,WE,Towers with Radar,995,129,43,8,1175,0,29,45,0,74,995,158,88,8,1249,0,0,0,1249
02/11/2016,PHX,AZ,AWP,WE,Towers with Radar,1065,136,61,7,1269,0,40,42,3,85,1065,176,103,10,1354,0,0,0,1354
02/12/2016,PHX,AZ,AWP,WE,Towers with Radar,1076,135,47,4,1262,0,29,27,1,57,1076,164,74,5,1319,6,1,7,1326
02/13/2016,PHX,AZ,AWP,WE,Towers with Radar,925,115,20,5,1065,0,28,22,2,52,925,143,42,7,1117,2,0,2,1119
02/14/2016,PHX,AZ,AWP,WE,Towers with Radar,947,107,26,4,1084,0,21,16,2,39,947,128,42,6,1123,0,0,0,1123
02/15/2016,PHX,AZ,AWP,WE,Towers with Radar,1012,122,53,1,1188,0,21,27,1,49,1012,143,80,2,1237,0,0,0,1237
02/16/2016,PHX,AZ,AWP,WE,Towers with Radar,1010,149,47,4,1210,0,25,22,0,47,1010,174,69,4,1257,0,0,0,1257
02/17/2016,PHX,AZ,AWP,WE,Towers with Radar,1012,136,59,6,1213,0,50,31,0,81,1012,186,90,6,1294,0,0,0,1294
02/18/2016,PHX,AZ,AWP,WE,Towers with Radar,1029,145,55,11,1240,0,53,27,4,84,1029,198,82,15,1324,0,0,0,1324
02/19/2016,PHX,AZ,AWP,WE,Towers with Radar,1021,138,65,12,1236,0,35,33,3,71,1021,173,98,15,1307,0,0,0,1307
02/20/2016,PHX,AZ,AWP,WE,Towers with Radar,905,121,31,1,1058,1,36,14,11,62,906,157,45,12,1120,2,0,2,1122
02/21/2016,PHX,AZ,AWP,WE,Towers with Radar,969,110,53,3,1135,0,12,16,7,35,969,122,69,10,1170,0,0,0,1170
02/22/2016,PHX,AZ,AWP,WE,Towers with Radar,1015,123,36,4,1178,0,13,18,8,39,1015,136,54,12,1217,0,2,2,1219
02/23/2016,PHX,AZ,AWP,WE,Towers with Radar,999,142,46,7,1194,0,19,34,1,54,999,161,80,8,1248,5,4,9,1257
02/24/2016,PHX,AZ,AWP,WE,Towers with Radar,1001,147,63,6,1217,0,43,42,8,93,1001,190,105,14,1310,0,0,0,1310
02/25/2016,PHX,AZ,AWP,WE,Towers with Radar,1033,147,61,3,1244,0,34,36,4,74,1033,181,97,7,1318,0,0,0,1318
02/26/2016,PHX,AZ,AWP,WE,Towers with Radar,1017,130,40,3,1190,0,44,28,4,76,1017,174,68,7,1266,0,0,0,1266
02/27/2016,PHX,AZ,AWP,WE,Towers with Radar,905,125,31,2,1063,0,34,27,7,68,905,159,58,9,1131,1,0,1,1132
02/28/2016,PHX,AZ,AWP,WE,Towers with Radar,975,111,38,1,1125,0,14,5,1,20,975,125,43,2,1145,0,0,0,1145
02/29/2016,PHX,AZ,AWP,WE,Towers with Radar,1021,119,42,6,1188,0,24,22,2,48,1021,143,64,8,1236,0,0,0,1236
03/01/2016,PHX,AZ,AWP,WE,Towers with Radar,997,143,54,4,1198,0,34,34,1,69,997,177,88,5,1267,0,0,0,1267
03/02/2016,PHX,AZ,AWP,WE,Towers with Radar,1013,130,63,5,1211,0,29,30,5,64,1013,159,93,10,1275,0,0,0,1275
03/03/2016,PHX,AZ,AWP,WE,Towers with Radar,1046,135,52,8,1241,0,53,22,6,81,1046,188,74,14,1322,0,0,0,1322
03/04/2016,PHX,AZ,AWP,WE,Towers with Radar,1075,149,42,13,1279,0,68,21,12,101,1075,217,63,25,1380,0,0,0,1380
03/05/2016,PHX,AZ,AWP,WE,Towers with Radar,1004,123,30,10,1167,0,52,26,7,85,1004,175,56,17,1252,0,0,0,1252
03/06/2016,PHX,AZ,AWP,WE,Towers with Radar,1029,112,35,11,1187,0,17,10,6,33,1029,129,45,17,1220,0,0,0,1220
03/07/2016,PHX,AZ,AWP,WE,Towers with Radar,1068,153,37,3,1261,0,14,15,2,31,1068,167,52,5,1292,0,0,0,1292
03/08/2016,PHX,AZ,AWP,WE,Towers with Radar,1040,140,43,4,1227,0,19,14,5,38,1040,159,57,9,1265,0,0,0,1265
03/09/2016,PHX,AZ,AWP,WE,Towers with Radar,1039,143,36,8,1226,0,54,44,6,104,1039,197,80,14,1330,0,0,0,1330
03/10/2016,PHX,AZ,AWP,WE,Towers with Radar,1111,149,66,4,1330,0,37,37,7,81,1111,186,103,11,1411,0,0,0,1411
03/11/2016,PHX,AZ,AWP,WE,Towers with Radar,1139,140,47,9,1335,0,41,31,3,75,1139,181,78,12,1410,1,0,1,1411
03/12/2016,PHX,AZ,AWP,WE,Towers with Radar,1033,134,34,5,1206,2,47,24,2,75,1035,181,58,7,1281,0,0,0,1281
03/13/2016,PHX,AZ,AWP,WE,Towers with Radar,1084,120,50,4,1258,0,20,15,1,36,1084,140,65,5,1294,0,0,0,1294
03/14/2016,PHX,AZ,AWP,WE,Towers with Radar,1081,139,40,3,1263,0,11,11,3,25,1081,150,51,6,1288,0,0,0,1288
03/15/2016,PHX,AZ,AWP,WE,Towers with Radar,1074,148,42,12,1276,0,27,20,1,48,1074,175,62,13,1324,0,0,0,1324
03/16/2016,PHX,AZ,AWP,WE,Towers with Radar,1081,154,55,5,1295,0,41,23,7,71,1081,195,78,12,1366,0,0,0,1366
03/17/2016,PHX,AZ,AWP,WE,Towers with Radar,1154,155,61,5,1375,0,52,27,6,85,1154,207,88,11,1460,0,0,0,1460
03/18/2016,PHX,AZ,AWP,WE,Towers with Radar,1147,139,36,4,1326,0,28,26,2,56,1147,167,62,6,1382,0,0,0,1382
03/19/2016,PHX,AZ,AWP,WE,Towers with Radar,1052,123,32,2,1209,0,22,32,0,54,1052,145,64,2,1263,0,0,0,1263
03/20/2016,PHX,AZ,AWP,WE,Towers with Radar,1099,133,32,2,1266,0,5,18,4,27,1099,138,50,6,1293,0,0,0,1293
03/21/2016,PHX,AZ,AWP,WE,Towers with Radar,1094,142,33,6,1275,0,25,11,0,36,1094,167,44,6,1311,0,0,0,1311
03/22/2016,PHX,AZ,AWP,WE,Towers with Radar,1062,148,46,5,1261,0,26,23,1,50,1062,174,69,6,1311,0,0,0,1311
03/23/2016,PHX,AZ,AWP,WE,Towers with Radar,1046,127,60,4,1237,0,43,37,8,88,1046,170,97,12,1325,0,0,0,1325
03/24/2016,PHX,AZ,AWP,WE,Towers with Radar,1144,150,42,6,1342,0,38,34,0,72,1144,188,76,6,1414,0,0,0,1414
03/25/2016,PHX,AZ,AWP,WE,Towers with Radar,1143,131,39,1,1314,0,48,24,0,72,1143,179,63,1,1386,0,0,0,1386
03/26/2016,PHX,AZ,AWP,WE,Towers with Radar,1045,122,21,4,1192,0,43,14,0,57,1045,165,35,4,1249,0,0,0,1249
03/27/2016,PHX,AZ,AWP,WE,Towers with Radar,1046,113,23,1,1183,0,13,12,0,25,1046,126,35,1,1208,0,0,0,1208
03/28/2016,PHX,AZ,AWP,WE,Towers with Radar,1067,129,40,5,1241,2,22,14,4,42,1069,151,54,9,1283,0,0,0,1283
03/29/2016,PHX,AZ,AWP,WE,Towers with Radar,1073,139,47,5,1264,0,14,20,2,36,1073,153,67,7,1300,0,0,0,1300
03/30/2016,PHX,AZ,AWP,WE,Towers with Radar,1080,144,52,8,1284,0,26,29,5,60,1080,170,81,13,1344,0,0,0,1344
03/31/2016,PHX,AZ,AWP,WE,Towers with Radar,1099,145,62,4,1310,0,46,28,5,79,1099,191,90,9,1389,0,0,0,1389
04/01/2016,PHX,AZ,AWP,WE,Towers with Radar,1078,145,58,16,1297,0,42,24,1,67,1078,187,82,17,1364,0,0,0,1364
04/02/2016,PHX,AZ,AWP,WE,Towers with Radar,983,123,38,11,1155,0,23,25,2,50,983,146,63,13,1205,8,0,8,1213
04/03/2016,PHX,AZ,AWP,WE,Towers with Radar,1078,109,31,0,1218,0,34,20,10,64,1078,143,51,10,1282,0,0,0,1282
04/04/2016,PHX,AZ,AWP,WE,Towers with Radar,1072,127,31,3,1233,0,19,22,10,51,1072,146,53,13,1284,0,0,0,1284
04/05/2016,PHX,AZ,AWP,WE,Towers with Radar,1043,128,43,6,1220,0,86,32,3,121,1043,214,75,9,1341,0,0,0,1341
04/06/2016,PHX,AZ,AWP,WE,Towers with Radar,1048,139,49,12,1248,0,46,37,6,89,1048,185,86,18,1337,0,0,0,1337
04/07/2016,PHX,AZ,AWP,WE,Towers with Radar,1056,140,48,5,1249,0,50,16,4,70,1056,190,64,9,1319,0,0,0,1319
04/08/2016,PHX,AZ,AWP,WE,Towers with Radar,1059,154,41,13,1267,0,21,20,3,44,1059,175,61,16,1311,0,0,0,1311
04/09/2016,PHX,AZ,AWP,WE,Towers with Radar,995,138,23,6,1162,0,12,19,7,38,995,150,42,13,1200,0,0,0,1200
04/10/2016,PHX,AZ,AWP,WE,Towers with Radar,1017,122,43,3,1185,0,26,13,2,41,1017,148,56,5,1226,0,0,0,1226
04/11/2016,PHX,AZ,AWP,WE,Towers with Radar,1040,136,29,6,1211,0,11,18,0,29,1040,147,47,6,1240,0,0,0,1240
04/12/2016,PHX,AZ,AWP,WE,Towers with Radar,1024,137,38,5,1204,0,28,26,1,55,1024,165,64,6,1259,0,0,0,1259
04/13/2016,PHX,AZ,AWP,WE,Towers with Radar,1042,148,44,4,1238,0,38,49,3,90,1042,186,93,7,1328,0,0,0,1328
04/14/2016,PHX,AZ,AWP,WE,Towers with Radar,1057,138,44,13,1252,0,45,43,9,97,1057,183,87,22,1349,0,0,0,1349
04/15/2016,PHX,AZ,AWP,WE,Towers with Radar,1043,136,44,13,1236,0,47,23,7,77,1043,183,67,20,1313,0,0,0,1313
04/16/2016,PHX,AZ,AWP,WE,Towers with Radar,875,111,30,4,1020,0,20,14,2,36,875,131,44,6,1056,0,0,0,1056
04/17/2016,PHX,AZ,AWP,WE,Towers with Radar,961,108,24,7,1100,0,3,10,3,16,961,111,34,10,1116,0,0,0,1116
04/18/2016,PHX,AZ,AWP,WE,Towers with Radar,1010,131,27,19,1187,0,12,24,0,36,1010,143,51,19,1223,0,0,0,1223
04/19/2016,PHX,AZ,AWP,WE,Towers with Radar,1028,141,41,2,1212,0,22,22,0,44,1028,163,63,2,1256,0,0,0,1256
04/20/2016,PHX,AZ,AWP,WE,Towers with Radar,1031,141,51,3,1226,0,42,52,3,97,1031,183,103,6,1323,0,0,0,1323
04/21/2016,PHX,AZ,AWP,WE,Towers with Radar,1043,135,58,9,1245,0,55,33,2,90,1043,190,91,11,1335,0,0,0,1335
04/22/2016,PHX,AZ,AWP,WE,Towers with Radar,1045,130,37,9,1221,0,36,17,2,55,1045,166,54,11,1276,0,0,0,1276
04/23/2016,PHX,AZ,AWP,WE,Towers with Radar,888,114,29,4,1035,0,51,31,15,97,888,165,60,19,1132,0,0,0,1132
04/24/2016,PHX,AZ,AWP,WE,Towers with Radar,996,116,29,0,1141,0,6,7,1,14,996,122,36,1,1155,0,0,0,1155
04/25/2016,PHX,AZ,AWP,WE,Towers with Radar,1026,130,39,11,1206,0,74,16,0,90,1026,204,55,11,1296,0,0,0,1296
04/26/2016,PHX,AZ,AWP,WE,Towers with Radar,1018,139,41,6,1204,0,21,21,0,42,1018,160,62,6,1246,0,0,0,1246
04/27/2016,PHX,AZ,AWP,WE,Towers with Radar,1047,149,53,0,1249,0,54,28,4,86,1047,203,81,4,1335,0,0,0,1335
04/28/2016,PHX,AZ,AWP,WE,Towers with Radar,1066,144,51,13,1274,0,43,29,5,77,1066,187,80,18,1351,0,0,0,1351
04/29/2016,PHX,AZ,AWP,WE,Towers with Radar,1041,141,40,25,1247,0,20,33,1,54,1041,161,73,26,1301,0,0,0,1301
04/30/2016,PHX,AZ,AWP,WE,Towers with Radar,906,123,16,11,1056,0,14,13,4,31,906,137,29,15,1087,0,0,0,1087
05/01/2016,PHX,AZ,AWP,WE,Towers with Radar,980,113,37,12,1142,0,11,5,0,16,980,124,42,12,1158,0,0,0,1158
05/02/2016,PHX,AZ,AWP,WE,Towers with Radar,1018,146,37,7,1208,0,14,16,6,36,1018,160,53,13,1244,0,0,0,1244
05/03/2016,PHX,AZ,AWP,WE,Towers with Radar,1019,147,42,15,1223,0,38,38,0,76,1019,185,80,15,1299,0,0,0,1299
05/04/2016,PHX,AZ,AWP,WE,Towers with Radar,1022,130,33,1,1186,0,63,52,4,119,1022,193,85,5,1305,0,0,0,1305
05/05/2016,PHX,AZ,AWP,WE,Towers with Radar,1028,148,37,10,1223,0,45,22,1,68,1028,193,59,11,1291,0,0,0,1291
05/06/2016,PHX,AZ,AWP,WE,Towers with Radar,1018,151,38,9,1216,0,39,47,3,89,1018,190,85,12,1305,0,0,0,1305
05/07/2016,PHX,AZ,AWP,WE,Towers with Radar,864,111,18,8,1001,0,43,13,0,56,864,154,31,8,1057,0,0,0,1057
05/08/2016,PHX,AZ,AWP,WE,Towers with Radar,954,127,24,1,1106,0,6,11,0,17,954,133,35,1,1123,0,0,0,1123
05/09/2016,PHX,AZ,AWP,WE,Towers with Radar,1005,138,38,6,1187,0,22,8,0,30,1005,160,46,6,1217,0,0,0,1217
05/10/2016,PHX,AZ,AWP,WE,Towers with Radar,1008,152,27,8,1195,0,27,25,1,53,1008,179,52,9,1248,0,0,0,1248
05/11/2016,PHX,AZ,AWP,WE,Towers with Radar,1015,144,39,1,1199,0,35,34,2,71,1015,179,73,3,1270,0,0,0,1270
05/12/2016,PHX,AZ,AWP,WE,Towers with Radar,1028,151,47,3,1229,0,39,18,1,58,1028,190,65,4,1287,0,0,0,1287
05/13/2016,PHX,AZ,AWP,WE,Towers with Radar,1006,136,30,1,1173,0,26,11,2,39,1006,162,41,3,1212,0,0,0,1212
05/14/2016,PHX,AZ,AWP,WE,Towers with Radar,870,119,17,2,1008,0,20,14,1,35,870,139,31,3,1043,0,0,0,1043
05/15/2016,PHX,AZ,AWP,WE,Towers with Radar,958,113,25,0,1096,0,15,13,2,30,958,128,38,2,1126,0,0,0,1126
05/16/2016,PHX,AZ,AWP,WE,Towers with Radar,1001,141,25,2,1169,0,18,18,2,38,1001,159,43,4,1207,0,0,0,1207
05/17/2016,PHX,AZ,AWP,WE,Towers with Radar,1003,134,60,2,1199,0,25,22,0,47,1003,159,82,2,1246,0,0,0,1246
05/18/2016,PHX,AZ,AWP,WE,Towers with Radar,1019,154,48,0,1221,0,29,24,2,55,1019,183,72,2,1276,0,0,0,1276
05/19/2016,PHX,AZ,AWP,WE,Towers with Radar,1020,144,49,2,1215,0,30,29,7,66,1020,174,78,9,1281,0,0,0,1281
05/20/2016,PHX,AZ,AWP,WE,Towers with Radar,1018,134,37,18,1207,0,38,20,3,61,1018,172,57,21,1268,0,0,0,1268
05/21/2016,PHX,AZ,AWP,WE,Towers with Radar,870,118,14,3,1005,0,17,8,5,30,870,135,22,8,1035,0,2,2,1037
05/22/2016,PHX,AZ,AWP,WE,Towers with Radar,997,117,30,3,1147,0,16,14,12,42,997,133,44,15,1189,0,0,0,1189
05/23/2016,PHX,AZ,AWP,WE,Towers with Radar,1011,128,32,5,1176,0,23,10,0,33,1011,151,42,5,1209,0,0,0,1209
05/24/2016,PHX,AZ,AWP,WE,Towers with Radar,1008,143,44,2,1197,0,26,24,0,50,1008,169,68,2,1247,0,0,0,1247
05/25/2016,PHX,AZ,AWP,WE,Towers with Radar,1013,141,55,2,1211,0,29,35,4,68,1013,170,90,6,1279,0,0,0,1279
05/26/2016,PHX,AZ,AWP,WE,Towers with Radar,1054,152,41,4,1251,0,29,22,5,56,1054,181,63,9,1307,0,0,0,1307
05/27/2016,PHX,AZ,AWP,WE,Towers with Radar,1049,143,43,0,1235,0,33,38,1,72,1049,176,81,1,1307,0,0,0,1307
05/28/2016,PHX,AZ,AWP,WE,Towers with Radar,850,120,13,0,983,0,34,15,0,49,850,154,28,0,1032,0,0,0,1032
05/29/2016,PHX,AZ,AWP,WE,Towers with Radar,875,104,16,0,995,0,11,10,0,21,875,115,26,0,1016,0,0,0,1016
05/30/2016,PHX,AZ,AWP,WE,Towers with Radar,989,118,28,0,1135,0,5,11,5,21,989,123,39,5,1156,0,0,0,1156
05/31/2016,PHX,AZ,AWP,WE,Towers with Radar,988,142,23,8,1161,0,16,15,1,32,988,158,38,9,1193,1,1,2,1195
06/01/2016,PHX,AZ,AWP,WE,Towers with Radar,1030,134,36,4,1204,0,47,21,2,70,1030,181,57,6,1274,0,0,0,1274
06/02/2016,PHX,AZ,AWP,WE,Towers with Radar,1015,148,36,4,1203,1,34,22,5,62,1016,182,58,9,1265,0,0,0,1265
06/03/2016,PHX,AZ,AWP,WE,Towers with Radar,1021,146,26,4,1197,0,40,29,5,74,1021,186,55,9,1271,0,0,0,1271
06/04/2016,PHX,AZ,AWP,WE,Towers with Radar,875,115,24,0,1014,0,50,27,3,80,875,165,51,3,1094,0,0,0,1094
06/05/2016,PHX,AZ,AWP,WE,Towers with Radar,989,127,22,3,1141,0,19,7,1,27,989,146,29,4,1168,0,0,0,1168
06/06/2016,PHX,AZ,AWP,WE,Towers with Radar,1013,129,30,3,1175,0,18,9,0,27,1013,147,39,3,1202,0,0,0,1202
06/07/2016,PHX,AZ,AWP,WE,Towers with Radar,1000,138,42,6,1186,0,26,18,2,46,1000,164,60,8,1232,0,0,0,1232
06/08/2016,PHX,AZ,AWP,WE,Towers with Radar,1004,142,37,5,1188,0,37,9,1,47,1004,179,46,6,1235,0,0,0,1235
06/09/2016,PHX,AZ,AWP,WE,Towers with Radar,1045,145,37,4,1231,0,48,23,7,78,1045,193,60,11,1309,0,0,0,1309
06/10/2016,PHX,AZ,AWP,WE,Towers with Radar,1043,145,29,3,1220,0,22,18,4,44,1043,167,47,7,1264,0,0,0,1264
06/11/2016,PHX,AZ,AWP,WE,Towers with Radar,946,130,15,0,1091,0,30,17,3,50,946,160,32,3,1141,0,0,0,1141
06/12/2016,PHX,AZ,AWP,WE,Towers with Radar,988,121,28,1,1138,0,4,11,1,16,988,125,39,2,1154,0,0,0,1154
06/13/2016,PHX,AZ,AWP,WE,Towers with Radar,1018,138,35,10,1201,0,23,10,4,37,1018,161,45,14,1238,0,0,0,1238
06/14/2016,PHX,AZ,AWP,WE,Towers with Radar,1000,138,31,3,1172,0,31,25,0,56,1000,169,56,3,1228,0,0,0,1228
06/15/2016,PHX,AZ,AWP,WE,Towers with Radar,1057,133,40,3,1233,0,43,18,3,64,1057,176,58,6,1297,0,0,0,1297
06/16/2016,PHX,AZ,AWP,WE,Towers with Radar,1056,146,45,4,1251,0,40,26,1,67,1056,186,71,5,1318,0,0,0,1318
06/17/2016,PHX,AZ,AWP,WE,Towers with Radar,1052,136,29,1,1218,1,43,28,1,73,1053,179,57,2,1291,0,0,0,1291
06/18/2016,PHX,AZ,AWP,WE,Towers with Radar,949,113,22,3,1087,0,21,14,0,35,949,134,36,3,1122,0,0,0,1122
06/19/2016,PHX,AZ,AWP,WE,Towers with Radar,975,114,18,2,1109,0,9,9,0,18,975,123,27,2,1127,0,0,0,1127
06/20/2016,PHX,AZ,AWP,WE,Towers with Radar,1029,129,25,3,1186,0,23,22,0,45,1029,152,47,3,1231,0,0,0,1231
06/21/2016,PHX,AZ,AWP,WE,Towers with Radar,998,140,34,0,1172,0,31,26,4,61,998,171,60,4,1233,0,0,0,1233
06/22/2016,PHX,AZ,AWP,WE,Towers with Radar,1045,149,38,1,1233,0,34,13,0,47,1045,183,51,1,1280,0,0,0,1280
06/23/2016,PHX,AZ,AWP,WE,Towers with Radar,1033,149,38,4,1224,0,43,28,4,75,1033,192,66,8,1299,0,0,0,1299
06/24/2016,PHX,AZ,AWP,WE,Towers with Radar,1057,139,43,5,1244,0,32,38,5,75,1057,171,81,10,1319,0,0,0,1319
06/25/2016,PHX,AZ,AWP,WE,Towers with Radar,951,110,17,1,1079,0,21,16,0,37,951,131,33,1,1116,0,0,0,1116
06/26/2016,PHX,AZ,AWP,WE,Towers with Radar,993,122,27,1,1143,0,14,10,0,24,993,136,37,1,1167,0,0,0,1167
06/27/2016,PHX,AZ,AWP,WE,Towers with Radar,1029,135,32,6,1202,0,21,15,1,37,1029,156,47,7,1239,0,0,0,1239
06/28/2016,PHX,AZ,AWP,WE,Towers with Radar,988,144,36,4,1172,0,29,18,0,47,988,173,54,4,1219,0,0,0,1219
06/29/2016,PHX,AZ,AWP,WE,Towers with Radar,1041,144,47,2,1234,0,31,23,5,59,1041,175,70,7,1293,0,0,0,1293
06/30/2016,PHX,AZ,AWP,WE,Towers with Radar,1088,152,49,3,1292,0,23,24,1,48,1088,175,73,4,1340,0,0,0,1340
07/01/2016,PHX,AZ,AWP,WE,Towers with Radar,1052,149,32,3,1236,0,22,20,0,42,1052,171,52,3,1278,0,0,0,1278
07/02/2016,PHX,AZ,AWP,WE,Towers with Radar,933,117,28,2,1080,0,11,19,0,30,933,128,47,2,1110,0,0,0,1110
07/03/2016,PHX,AZ,AWP,WE,Towers with Radar,791,93,16,2,902,0,4,9,0,13,791,97,25,2,915,0,0,0,915
07/04/2016,PHX,AZ,AWP,WE,Towers with Radar,824,94,10,0,928,0,5,7,2,14,824,99,17,2,942,0,0,0,942
07/05/2016,PHX,AZ,AWP,WE,Towers with Radar,962,134,32,0,1128,0,24,17,2,43,962,158,49,2,1171,0,0,0,1171
07/06/2016,PHX,AZ,AWP,WE,Towers with Radar,1048,137,28,0,1213,0,29,19,4,52,1048,166,47,4,1265,0,0,0,1265
07/07/2016,PHX,AZ,AWP,WE,Towers with Radar,1063,142,35,0,1240,0,22,27,0,49,1063,164,62,0,1289,0,0,0,1289
07/08/2016,PHX,AZ,AWP,WE,Towers with Radar,1026,134,32,1,1193,0,21,15,0,36,1026,155,47,1,1229,0,0,0,1229
07/09/2016,PHX,AZ,AWP,WE,Towers with Radar,945,127,16,1,1089,0,14,6,1,21,945,141,22,2,1110,0,0,0,1110
07/10/2016,PHX,AZ,AWP,WE,Towers with Radar,999,110,32,0,1141,0,0,10,2,12,999,110,42,2,1153,0,0,0,1153
07/11/2016,PHX,AZ,AWP,WE,Towers with Radar,1038,143,32,2,1215,0,21,18,4,43,1038,164,50,6,1258,0,0,0,1258
07/12/2016,PHX,AZ,AWP,WE,Towers with Radar,1002,132,33,0,1167,0,25,14,5,44,1002,157,47,5,1211,0,0,0,1211
07/13/2016,PHX,AZ,AWP,WE,Towers with Radar,1064,135,38,0,1237,0,35,17,8,60,1064,170,55,8,1297,0,0,0,1297
07/14/2016,PHX,AZ,AWP,WE,Towers with Radar,1070,146,47,1,1264,0,35,16,6,57,1070,181,63,7,1321,0,0,0,1321
07/15/2016,PHX,AZ,AWP,WE,Towers with Radar,1051,144,35,1,1231,0,20,17,0,37,1051,164,52,1,1268,0,0,0,1268
07/16/2016,PHX,AZ,AWP,WE,Towers with Radar,952,125,23,0,1100,0,18,8,0,26,952,143,31,0,1126,0,0,0,1126
07/17/2016,PHX,AZ,AWP,WE,Towers with Radar,1026,120,30,0,1176,0,3,5,0,8,1026,123,35,0,1184,0,0,0,1184
07/18/2016,PHX,AZ,AWP,WE,Towers with Radar,1014,141,25,1,1181,0,26,8,3,37,1014,167,33,4,1218,0,0,0,1218
07/19/2016,PHX,AZ,AWP,WE,Towers with Radar,1029,156,63,6,1254,0,18,14,2,34,1029,174,77,8,1288,0,0,0,1288
07/20/2016,PHX,AZ,AWP,WE,Towers with Radar,985,128,44,6,1163,0,33,25,9,67,985,161,69,15,1230,0,0,0,1230
07/21/2016,PHX,AZ,AWP,WE,Towers with Radar,948,151,42,9,1150,0,18,16,0,34,948,169,58,9,1184,0,0,0,1184
07/22/2016,PHX,AZ,AWP,WE,Towers with Radar,1026,147,31,3,1207,0,22,21,1,44,1026,169,52,4,1251,0,0,0,1251
07/23/2016,PHX,AZ,AWP,WE,Towers with Radar,940,135,13,2,1090,0,18,9,1,28,940,153,22,3,1118,0,0,0,1118
07/24/2016,PHX,AZ,AWP,WE,Towers with Radar,1001,140,19,0,1160,0,9,5,2,16,1001,149,24,2,1176,0,0,0,1176
07/25/2016,PHX,AZ,AWP,WE,Towers with Radar,1018,147,43,0,1208,0,18,15,0,33,1018,165,58,0,1241,0,0,0,1241
07/26/2016,PHX,AZ,AWP,WE,Towers with Radar,987,168,41,5,1201,0,20,21,6,47,987,188,62,11,1248,0,0,0,1248
07/27/2016,PHX,AZ,AWP,WE,Towers with Radar,1033,158,32,4,1227,0,31,25,1,57,1033,189,57,5,1284,0,0,0,1284
07/28/2016,PHX,AZ,AWP,WE,Towers with Radar,1014,159,31,2,1206,0,30,36,10,76,1014,189,67,12,1282,0,0,0,1282
07/29/2016,PHX,AZ,AWP,WE,Towers with Radar,919,151,21,4,1095,0,18,21,4,43,919,169,42,8,1138,0,0,0,1138
07/30/2016,PHX,AZ,AWP,WE,Towers with Radar,1024,130,18,0,1172,0,16,8,3,27,1024,146,26,3,1199,0,0,0,1199
07/31/2016,PHX,AZ,AWP,WE,Towers with Radar,971,147,25,0,1143,0,4,7,1,12,971,151,32,1,1155,0,0,0,1155
08/01/2016,PHX,AZ,AWP,WE,Towers with Radar,1023,154,32,7,1216,0,19,21,1,41,1023,173,53,8,1257,0,0,0,1257
08/02/2016,PHX,AZ,AWP,WE,Towers with Radar,987,161,27,5,1180,0,8,19,2,29,987,169,46,7,1209,0,0,0,1209
08/03/2016,PHX,AZ,AWP,WE,Towers with Radar,1050,163,32,5,1250,0,21,27,0,48,1050,184,59,5,1298,0,0,0,1298
08/04/2016,PHX,AZ,AWP,WE,Towers with Radar,1056,172,33,5,1266,0,24,22,4,50,1056,196,55,9,1316,0,0,0,1316
08/05/2016,PHX,AZ,AWP,WE,Towers with Radar,1036,153,20,6,1215,0,23,14,1,38,1036,176,34,7,1253,0,0,0,1253
08/06/2016,PHX,AZ,AWP,WE,Towers with Radar,943,129,11,0,1083,0,10,10,6,26,943,139,21,6,1109,0,0,0,1109
08/07/2016,PHX,AZ,AWP,WE,Towers with Radar,962,143,19,3,1127,0,6,5,1,12,962,149,24,4,1139,0,0,0,1139
08/08/2016,PHX,AZ,AWP,WE,Towers with Radar,960,145,22,1,1128,0,19,8,3,30,960,164,30,4,1158,0,0,0,1158
08/09/2016,PHX,AZ,AWP,WE,Towers with Radar,964,171,39,4,1178,0,32,10,1,43,964,203,49,5,1221,0,0,0,1221
08/10/2016,PHX,AZ,AWP,WE,Towers with Radar,963,168,40,2,1173,0,28,9,10,47,963,196,49,12,1220,0,0,0,1220
08/11/2016,PHX,AZ,AWP,WE,Towers with Radar,1019,166,36,7,1228,0,22,15,4,41,1019,188,51,11,1269,0,0,0,1269
08/12/2016,PHX,AZ,AWP,WE,Towers with Radar,1000,163,26,4,1193,0,26,16,1,43,1000,189,42,5,1236,2,0,2,1238
08/13/2016,PHX,AZ,AWP,WE,Towers with Radar,852,127,18,2,999,0,23,17,0,40,852,150,35,2,1039,0,0,0,1039
08/14/2016,PHX,AZ,AWP,WE,Towers with Radar,951,135,34,1,1121,0,10,8,0,18,951,145,42,1,1139,0,0,0,1139
08/15/2016,PHX,AZ,AWP,WE,Towers with Radar,964,159,33,3,1159,0,23,19,4,46,964,182,52,7,1205,0,0,0,1205
08/16/2016,PHX,AZ,AWP,WE,Towers with Radar,950,155,46,1,1152,0,24,19,1,44,950,179,65,2,1196,0,0,0,1196
08/17/2016,PHX,AZ,AWP,WE,Towers with Radar,978,157,39,0,1174,0,22,14,4,40,978,179,53,4,1214,0,0,0,1214
08/18/2016,PHX,AZ,AWP,WE,Towers with Radar,961,167,45,7,1180,0,23,19,3,45,961,190,64,10,1225,0,0,0,1225
08/19/2016,PHX,AZ,AWP,WE,Towers with Radar,949,165,29,17,1160,0,16,17,4,37,949,181,46,21,1197,0,0,0,1197
08/20/2016,PHX,AZ,AWP,WE,Towers with Radar,840,131,18,2,991,0,14,8,9,31,840,145,26,11,1022,0,0,0,1022
08/21/2016,PHX,AZ,AWP,WE,Towers with Radar,899,133,29,8,1069,0,4,7,7,18,899,137,36,15,1087,0,0,0,1087
08/22/2016,PHX,AZ,AWP,WE,Towers with Radar,964,153,33,2,1152,0,17,7,0,24,964,170,40,2,1176,0,0,0,1176
08/23/2016,PHX,AZ,AWP,WE,Towers with Radar,830,143,49,8,1030,0,27,8,5,40,830,170,57,13,1070,0,0,0,1070
08/24/2016,PHX,AZ,AWP,WE,Towers with Radar,928,145,42,4,1119,0,22,13,0,35,928,167,55,4,1154,0,0,0,1154
08/25/2016,PHX,AZ,AWP,WE,Towers with Radar,953,165,42,4,1164,0,27,30,2,59,953,192,72,6,1223,0,0,0,1223
08/26/2016,PHX,AZ,AWP,WE,Towers with Radar,933,164,32,11,1140,0,21,11,0,32,933,185,43,11,1172,0,0,0,1172
08/27/2016,PHX,AZ,AWP,WE,Towers with Radar,722,108,13,2,845,0,16,11,11,38,722,124,24,13,883,0,0,0,883
08/28/2016,PHX,AZ,AWP,WE,Towers with Radar,874,133,20,3,1030,0,4,8,0,12,874,137,28,3,1042,0,0,0,1042
08/29/2016,PHX,AZ,AWP,WE,Towers with Radar,927,144,21,6,1098,0,16,7,2,25,927,160,28,8,1123,0,0,0,1123
08/30/2016,PHX,AZ,AWP,WE,Towers with Radar,823,136,36,4,999,0,17,16,0,33,823,153,52,4,1032,0,0,0,1032
08/31/2016,PHX,AZ,AWP,WE,Towers with Radar,924,163,65,4,1156,0,33,36,4,73,924,196,101,8,1229,0,0,0,1229
09/01/2016,PHX,AZ,AWP,WE,Towers with Radar,1000,157,34,3,1194,0,24,17,8,49,1000,181,51,11,1243,0,0,0,1243
09/02/2016,PHX,AZ,AWP,WE,Towers with Radar,944,146,34,2,1126,0,35,14,2,51,944,181,48,4,1177,0,0,0,1177
09/03/2016,PHX,AZ,AWP,WE,Towers with Radar,675,102,13,1,791,0,28,17,2,47,675,130,30,3,838,0,0,0,838
09/04/2016,PHX,AZ,AWP,WE,Towers with Radar,760,119,11,0,890,0,7,13,1,21,760,126,24,1,911,0,0,0,911
09/05/2016,PHX,AZ,AWP,WE,Towers with Radar,916,130,25,0,1071,0,3,13,0,16,916,133,38,0,1087,0,0,0,1087
09/06/2016,PHX,AZ,AWP,WE,Towers with Radar,804,123,41,10,978,0,21,12,2,35,804,144,53,12,1013,0,0,0,1013
09/07/2016,PHX,AZ,AWP,WE,Towers with Radar,927,158,35,3,1123,0,12,18,5,35,927,170,53,8,1158,0,0,0,1158
09/08/2016,PHX,AZ,AWP,WE,Towers with Radar,932,155,49,2,1138,0,20,14,17,51,932,175,63,19,1189,0,0,0,1189
09/09/2016,PHX,AZ,AWP,WE,Towers with Radar,917,153,37,3,1110,0,26,14,0,40,917,179,51,3,1150,1,0,1,1151
09/10/2016,PHX,AZ,AWP,WE,Towers with Radar,698,117,33,0,848,0,14,1,1,16,698,131,34,1,864,0,0,0,864
09/11/2016,PHX,AZ,AWP,WE,Towers with Radar,882,129,30,0,1041,0,10,15,0,25,882,139,45,0,1066,2,0,2,1068
09/12/2016,PHX,AZ,AWP,WE,Towers with Radar,931,157,32,1,1121,0,16,22,0,38,931,173,54,1,1159,0,0,0,1159
09/13/2016,PHX,AZ,AWP,WE,Towers with Radar,823,139,39,8,1009,0,24,21,1,46,823,163,60,9,1055,0,0,0,1055
09/14/2016,PHX,AZ,AWP,WE,Towers with Radar,924,135,45,6,1110,0,43,18,7,68,924,178,63,13,1178,0,0,0,1178
09/15/2016,PHX,AZ,AWP,WE,Towers with Radar,953,145,44,6,1148,0,42,25,1,68,953,187,69,7,1216,0,0,0,1216
09/16/2016,PHX,AZ,AWP,WE,Towers with Radar,945,129,42,10,1126,0,25,22,0,47,945,154,64,10,1173,0,0,0,1173
09/17/2016,PHX,AZ,AWP,WE,Towers with Radar,723,86,12,7,828,0,20,3,2,25,723,106,15,9,853,0,0,0,853
09/18/2016,PHX,AZ,AWP,WE,Towers with Radar,891,113,33,3,1040,0,15,8,2,25,891,128,41,5,1065,0,0,0,1065
09/19/2016,PHX,AZ,AWP,WE,Towers with Radar,933,142,46,12,1133,0,18,19,1,38,933,160,65,13,1171,0,0,0,1171
09/20/2016,PHX,AZ,AWP,WE,Towers with Radar,815,121,58,5,999,0,19,9,2,30,815,140,67,7,1029,0,0,0,1029
09/21/2016,PHX,AZ,AWP,WE,Towers with Radar,917,143,97,8,1165,0,17,29,2,48,917,160,126,10,1213,0,0,0,1213
09/22/2016,PHX,AZ,AWP,WE,Towers with Radar,960,167,52,2,1181,0,22,17,0,39,960,189,69,2,1220,0,0,0,1220
09/23/2016,PHX,AZ,AWP,WE,Towers with Radar,941,142,39,4,1126,0,21,33,8,62,941,163,72,12,1188,0,0,0,1188
09/24/2016,PHX,AZ,AWP,WE,Towers with Radar,721,88,49,2,860,0,19,24,4,47,721,107,73,6,907,0,0,0,907
09/25/2016,PHX,AZ,AWP,WE,Towers with Radar,884,115,71,1,1071,0,14,18,4,36,884,129,89,5,1107,4,0,4,1111
09/26/2016,PHX,AZ,AWP,WE,Towers with Radar,962,138,51,0,1151,0,13,6,2,21,962,151,57,2,1172,2,0,2,1174
09/27/2016,PHX,AZ,AWP,WE,Towers with Radar,828,116,49,2,995,0,13,16,0,29,828,129,65,2,1024,0,0,0,1024
09/28/2016,PHX,AZ,AWP,WE,Towers with Radar,912,140,41,0,1093,0,26,16,7,49,912,166,57,7,1142,0,2,2,1144
09/29/2016,PHX,AZ,AWP,WE,Towers with Radar,958,158,62,1,1179,0,22,14,5,41,958,180,76,6,1220,0,0,0,1220
09/30/2016,PHX,AZ,AWP,WE,Towers with Radar,949,146,46,1,1142,0,17,16,0,33,949,163,62,1,1175,0,0,0,1175
10/01/2016,PHX,AZ,AWP,WE,Towers with Radar,722,100,17,7,846,0,16,15,0,31,722,116,32,7,877,0,0,0,877
10/02/2016,PHX,AZ,AWP,WE,Towers with Radar,902,115,27,0,1044,0,3,2,0,5,902,118,29,0,1049,0,0,0,1049
10/03/2016,PHX,AZ,AWP,WE,Towers with Radar,944,132,23,7,1106,0,20,31,5,56,944,152,54,12,1162,0,0,0,1162
10/04/2016,PHX,AZ,AWP,WE,Towers with Radar,832,113,36,5,986,0,33,28,2,63,832,146,64,7,1049,0,0,0,1049
10/05/2016,PHX,AZ,AWP,WE,Towers with Radar,935,140,33,6,1114,0,31,17,1,49,935,171,50,7,1163,0,0,0,1163
10/06/2016,PHX,AZ,AWP,WE,Towers with Radar,1005,158,46,3,1212,0,30,24,0,54,1005,188,70,3,1266,0,0,0,1266
10/07/2016,PHX,AZ,AWP,WE,Towers with Radar,972,171,32,3,1178,0,33,14,0,47,972,204,46,3,1225,0,0,0,1225
10/08/2016,PHX,AZ,AWP,WE,Towers with Radar,847,126,22,1,996,0,17,9,0,26,847,143,31,1,1022,0,0,0,1022
10/09/2016,PHX,AZ,AWP,WE,Towers with Radar,920,120,22,5,1067,0,12,10,6,28,920,132,32,11,1095,0,0,0,1095
10/10/2016,PHX,AZ,AWP,WE,Towers with Radar,953,161,31,4,1149,0,23,9,0,32,953,184,40,4,1181,0,0,0,1181
10/11/2016,PHX,AZ,AWP,WE,Towers with Radar,964,142,41,0,1147,0,19,18,0,37,964,161,59,0,1184,0,0,0,1184
10/12/2016,PHX,AZ,AWP,WE,Towers with Radar,975,144,33,6,1158,0,9,31,0,40,975,153,64,6,1198,0,0,0,1198
10/13/2016,PHX,AZ,AWP,WE,Towers with Radar,972,149,41,5,1167,0,15,20,1,36,972,164,61,6,1203,0,0,0,1203
10/14/2016,PHX,AZ,AWP,WE,Towers with Radar,965,139,24,10,1138,0,13,8,0,21,965,152,32,10,1159,0,0,0,1159
10/15/2016,PHX,AZ,AWP,WE,Towers with Radar,844,117,22,2,985,0,18,6,0,24,844,135,28,2,1009,0,0,0,1009
10/16/2016,PHX,AZ,AWP,WE,Towers with Radar,966,117,51,8,1142,0,2,6,0,8,966,119,57,8,1150,0,0,0,1150
10/17/2016,PHX,AZ,AWP,WE,Towers with Radar,970,157,31,6,1164,0,23,16,3,42,970,180,47,9,1206,0,0,0,1206
10/18/2016,PHX,AZ,AWP,WE,Towers with Radar,958,149,48,3,1158,0,34,12,1,47,958,183,60,4,1205,0,0,0,1205
10/19/2016,PHX,AZ,AWP,WE,Towers with Radar,979,148,49,2,1178,0,27,19,0,46,979,175,68,2,1224,0,0,0,1224
10/20/2016,PHX,AZ,AWP,WE,Towers with Radar,986,155,49,6,1196,0,19,9,2,30,986,174,58,8,1226,0,0,0,1226
10/21/2016,PHX,AZ,AWP,WE,Towers with Radar,961,150,48,8,1167,0,21,19,0,40,961,171,67,8,1207,0,0,0,1207
10/22/2016,PHX,AZ,AWP,WE,Towers with Radar,838,125,35,5,1003,0,9,8,0,17,838,134,43,5,1020,0,0,0,1020
10/23/2016,PHX,AZ,AWP,WE,Towers with Radar,935,116,36,2,1089,0,10,4,0,14,935,126,40,2,1103,0,0,0,1103
10/24/2016,PHX,AZ,AWP,WE,Towers with Radar,974,148,35,3,1160,0,18,21,0,39,974,166,56,3,1199,0,0,0,1199
10/25/2016,PHX,AZ,AWP,WE,Towers with Radar,963,167,37,6,1173,0,21,27,1,49,963,188,64,7,1222,0,0,0,1222
10/26/2016,PHX,AZ,AWP,WE,Towers with Radar,968,154,41,4,1167,0,18,18,1,37,968,172,59,5,1204,0,0,0,1204
10/27/2016,PHX,AZ,AWP,WE,Towers with Radar,999,159,47,9,1214,0,10,16,2,28,999,169,63,11,1242,0,0,0,1242
10/28/2016,PHX,AZ,AWP,WE,Towers with Radar,989,154,31,5,1179,0,18,17,2,37,989,172,48,7,1216,0,0,0,1216
10/29/2016,PHX,AZ,AWP,WE,Towers with Radar,836,114,23,2,975,0,12,7,0,19,836,126,30,2,994,0,0,0,994
10/30/2016,PHX,AZ,AWP,WE,Towers with Radar,911,112,35,1,1059,0,17,5,0,22,911,129,40,1,1081,0,0,0,1081
10/31/2016,PHX,AZ,AWP,WE,Towers with Radar,858,125,14,2,999,0,10,11,0,21,858,135,25,2,1020,0,0,0,1020
11/01/2016,PHX,AZ,AWP,WE,Towers with Radar,974,161,53,5,1193,0,21,22,0,43,974,182,75,5,1236,0,0,0,1236
11/02/2016,PHX,AZ,AWP,WE,Towers with Radar,976,155,43,13,1187,0,15,21,0,36,976,170,64,13,1223,0,0,0,1223
11/03/2016,PHX,AZ,AWP,WE,Towers with Radar,1002,168,53,5,1228,0,3,12,0,15,1002,171,65,5,1243,0,0,0,1243
11/04/2016,PHX,AZ,AWP,WE,Towers with Radar,1022,132,33,4,1191,0,15,12,0,27,1022,147,45,4,1218,0,0,0,1218
11/05/2016,PHX,AZ,AWP,WE,Towers with Radar,896,91,27,1,1015,0,18,13,2,33,896,109,40,3,1048,0,0,0,1048
11/06/2016,PHX,AZ,AWP,WE,Towers with Radar,984,94,41,2,1121,0,8,10,0,18,984,102,51,2,1139,0,0,0,1139
11/07/2016,PHX,AZ,AWP,WE,Towers with Radar,1011,117,38,3,1169,0,19,23,0,42,1011,136,61,3,1211,0,0,0,1211
11/08/2016,PHX,AZ,AWP,WE,Towers with Radar,964,142,55,8,1169,0,34,34,0,68,964,176,89,8,1237,0,0,0,1237
11/09/2016,PHX,AZ,AWP,WE,Towers with Radar,1040,123,39,9,1211,0,23,19,0,42,1040,146,58,9,1253,0,0,0,1253
11/10/2016,PHX,AZ,AWP,WE,Towers with Radar,1047,138,50,5,1240,0,43,26,0,69,1047,181,76,5,1309,0,0,0,1309
11/11/2016,PHX,AZ,AWP,WE,Towers with Radar,1048,116,48,1,1213,0,24,21,0,45,1048,140,69,1,1258,0,0,0,1258
11/12/2016,PHX,AZ,AWP,WE,Towers with Radar,931,93,19,4,1047,0,15,15,0,30,931,108,34,4,1077,0,0,0,1077
11/13/2016,PHX,AZ,AWP,WE,Towers with Radar,994,98,49,4,1145,0,22,14,1,37,994,120,63,5,1182,0,0,0,1182
11/14/2016,PHX,AZ,AWP,WE,Towers with Radar,1022,120,21,3,1166,0,26,35,7,68,1022,146,56,10,1234,0,0,0,1234
11/15/2016,PHX,AZ,AWP,WE,Towers with Radar,1031,118,59,3,1211,0,37,46,4,87,1031,155,105,7,1298,0,0,0,1298
11/16/2016,PHX,AZ,AWP,WE,Towers with Radar,1037,115,51,4,1207,0,39,43,3,85,1037,154,94,7,1292,0,0,0,1292
11/17/2016,PHX,AZ,AWP,WE,Towers with Radar,1038,128,55,9,1230,0,35,26,2,63,1038,163,81,11,1293,0,0,0,1293
11/18/2016,PHX,AZ,AWP,WE,Towers with Radar,1073,127,50,18,1268,0,17,25,3,45,1073,144,75,21,1313,0,0,0,1313
11/19/2016,PHX,AZ,AWP,WE,Towers with Radar,988,75,24,7,1094,0,10,14,1,25,988,85,38,8,1119,0,0,0,1119
11/20/2016,PHX,AZ,AWP,WE,Towers with Radar,981,88,26,10,1105,0,10,5,0,15,981,98,31,10,1120,0,0,0,1120
11/21/2016,PHX,AZ,AWP,WE,Towers with Radar,982,104,53,5,1144,0,10,15,0,25,982,114,68,5,1169,0,0,0,1169
11/22/2016,PHX,AZ,AWP,WE,Towers with Radar,1026,117,56,2,1201,0,23,16,2,41,1026,140,72,4,1242,0,0,0,1242
11/23/2016,PHX,AZ,AWP,WE,Towers with Radar,1091,103,39,0,1233,0,16,33,2,51,1091,119,72,2,1284,0,0,0,1284
11/24/2016,PHX,AZ,AWP,WE,Towers with Radar,619,50,14,1,684,0,4,7,0,11,619,54,21,1,695,0,0,0,695
11/25/2016,PHX,AZ,AWP,WE,Towers with Radar,844,87,19,0,950,0,14,7,0,21,844,101,26,0,971,0,0,0,971
11/26/2016,PHX,AZ,AWP,WE,Towers with Radar,1027,91,27,0,1145,0,10,5,2,17,1027,101,32,2,1162,0,0,0,1162
11/27/2016,PHX,AZ,AWP,WE,Towers with Radar,1064,87,38,0,1189,0,16,2,0,18,1064,103,40,0,1207,0,0,0,1207
11/28/2016,PHX,AZ,AWP,WE,Towers with Radar,1065,119,40,5,1229,1,6,26,0,33,1066,125,66,5,1262,0,0,0,1262
11/29/2016,PHX,AZ,AWP,WE,Towers with Radar,1051,118,45,4,1218,0,33,31,0,64,1051,151,76,4,1282,0,0,0,1282
11/30/2016,PHX,AZ,AWP,WE,Towers with Radar,1042,92,45,10,1189,0,29,30,0,59,1042,121,75,10,1248,0,0,0,1248
12/01/2016,PHX,AZ,AWP,WE,Towers with Radar,1057,85,52,8,1202,0,18,24,2,44,1057,103,76,10,1246,0,0,0,1246
12/02/2016,PHX,AZ,AWP,WE,Towers with Radar,1036,83,39,12,1170,0,14,19,1,34,1036,97,58,13,1204,0,0,0,1204
12/03/2016,PHX,AZ,AWP,WE,Towers with Radar,819,40,35,4,898,0,21,14,1,36,819,61,49,5,934,0,0,0,934
12/04/2016,PHX,AZ,AWP,WE,Towers with Radar,985,42,28,10,1065,0,14,9,3,26,985,56,37,13,1091,0,0,0,1091
12/05/2016,PHX,AZ,AWP,WE,Towers with Radar,958,63,33,7,1061,0,18,13,0,31,958,81,46,7,1092,0,0,0,1092
12/06/2016,PHX,AZ,AWP,WE,Towers with Radar,957,66,45,10,1078,0,10,22,7,39,957,76,67,17,1117,0,0,0,1117
12/07/2016,PHX,AZ,AWP,WE,Towers with Radar,1043,65,49,6,1163,0,30,34,0,64,1043,95,83,6,1227,0,0,0,1227
12/08/2016,PHX,AZ,AWP,WE,Towers with Radar,1061,71,49,4,1185,0,8,29,0,37,1061,79,78,4,1222,0,0,0,1222
12/09/2016,PHX,AZ,AWP,WE,Towers with Radar,1036,70,28,7,1141,0,16,23,0,39,1036,86,51,7,1180,0,0,0,1180
12/10/2016,PHX,AZ,AWP,WE,Towers with Radar,816,40,16,1,873,0,13,16,1,30,816,53,32,2,903,0,0,0,903
12/11/2016,PHX,AZ,AWP,WE,Towers with Radar,971,45,32,7,1055,0,16,7,0,23,971,61,39,7,1078,0,0,0,1078
12/12/2016,PHX,AZ,AWP,WE,Towers with Radar,963,69,44,9,1085,0,20,21,0,41,963,89,65,9,1126,0,0,0,1126
12/13/2016,PHX,AZ,AWP,WE,Towers with Radar,971,72,43,8,1094,0,27,30,2,59,971,99,73,10,1153,0,0,0,1153
12/14/2016,PHX,AZ,AWP,WE,Towers with Radar,1056,72,55,5,1188,0,21,37,1,59,1056,93,92,6,1247,0,0,0,1247
12/15/2016,PHX,AZ,AWP,WE,Towers with Radar,1144,101,48,4,1297,0,27,25,0,52,1144,128,73,4,1349,0,0,0,1349
12/16/2016,PHX,AZ,AWP,WE,Towers with Radar,1152,98,35,2,1287,0,9,24,0,33,1152,107,59,2,1320,0,0,0,1320
12/17/2016,PHX,AZ,AWP,WE,Towers with Radar,1040,60,30,5,1135,0,9,7,0,16,1040,69,37,5,1151,0,0,0,1151
12/18/2016,PHX,AZ,AWP,WE,Towers with Radar,1108,61,22,2,1193,0,7,12,0,19,1108,68,34,2,1212,0,0,0,1212
12/19/2016,PHX,AZ,AWP,WE,Towers with Radar,1171,94,27,4,1296,0,18,26,0,44,1171,112,53,4,1340,0,0,0,1340
12/20/2016,PHX,AZ,AWP,WE,Towers with Radar,1196,82,35,4,1317,0,22,23,1,46,1196,104,58,5,1363,0,0,0,1363
12/21/2016,PHX,AZ,AWP,WE,Towers with Radar,1175,90,51,7,1323,0,10,22,0,32,1175,100,73,7,1355,0,0,0,1355
12/22/2016,PHX,AZ,AWP,WE,Towers with Radar,1224,98,29,8,1359,0,0,3,0,3,1224,98,32,8,1362,0,0,0,1362
12/23/2016,PHX,AZ,AWP,WE,Towers with Radar,1165,99,28,2,1294,0,6,4,0,10,1165,105,32,2,1304,0,0,0,1304
12/24/2016,PHX,AZ,AWP,WE,Towers with Radar,1013,82,12,1,1108,0,4,1,2,7,1013,86,13,3,1115,0,0,0,1115
12/25/2016,PHX,AZ,AWP,WE,Towers with Radar,920,65,13,0,998,0,4,2,0,6,920,69,15,0,1004,0,0,0,1004
12/26/2016,PHX,AZ,AWP,WE,Towers with Radar,1100,66,32,1,1199,0,18,7,0,25,1100,84,39,1,1224,0,0,0,1224
12/27/2016,PHX,AZ,AWP,WE,Towers with Radar,1129,84,23,5,1241,0,15,21,1,37,1129,99,44,6,1278,0,0,0,1278
12/28/2016,PHX,AZ,AWP,WE,Towers with Radar,1176,89,20,4,1289,0,12,20,0,32,1176,101,40,4,1321,0,0,0,1321
12/29/2016,PHX,AZ,AWP,WE,Towers with Radar,1189,96,36,7,1328,0,16,11,0,27,1189,112,47,7,1355,0,0,0,1355
12/30/2016,PHX,AZ,AWP,WE,Towers with Radar,1175,100,34,0,1309,0,15,11,0,26,1175,115,45,0,1335,0,0,0,1335
12/31/2016,PHX,AZ,AWP,WE,Towers with Radar,990,75,26,0,1091,0,2,2,0,4,990,77,28,0,1095,0,0,0,1095
01/01/2017,PHX,AZ,AWP,WE,Towers with Radar,1025,70,28,0,1123,0,2,2,0,4,1025,72,30,0,1127,0,0,0,1127
01/02/2017,PHX,AZ,AWP,WE,Towers with Radar,1085,76,52,0,1213,1,5,10,0,16,1086,81,62,0,1229,0,0,0,1229
01/03/2017,PHX,AZ,AWP,WE,Towers with Radar,1141,91,43,3,1278,0,14,16,0,30,1141,105,59,3,1308,0,0,0,1308
01/04/2017,PHX,AZ,AWP,WE,Towers with Radar,1102,81,47,7,1237,0,22,24,0,46,1102,103,71,7,1283,0,0,0,1283
01/05/2017,PHX,AZ,AWP,WE,Towers with Radar,1094,87,48,0,1229,0,13,10,0,23,1094,100,58,0,1252,0,0,0,1252
01/06/2017,PHX,AZ,AWP,WE,Towers with Radar,1061,94,59,7,1221,0,17,20,4,41,1061,111,79,11,1262,0,0,0,1262
01/07/2017,PHX,AZ,AWP,WE,Towers with Radar,945,74,15,2,1036,0,9,10,4,23,945,83,25,6,1059,0,0,0,1059
01/08/2017,PHX,AZ,AWP,WE,Towers with Radar,990,57,34,1,1082,0,12,7,0,19,990,69,41,1,1101,0,0,0,1101
01/09/2017,PHX,AZ,AWP,WE,Towers with Radar,1050,75,32,5,1162,0,12,10,2,24,1050,87,42,7,1186,0,0,0,1186
01/10/2017,PHX,AZ,AWP,WE,Towers with Radar,945,84,52,5,1086,0,20,27,1,48,945,104,79,6,1134,0,0,0,1134
01/11/2017,PHX,AZ,AWP,WE,Towers with Radar,1055,81,54,14,1204,0,19,18,0,37,1055,100,72,14,1241,0,0,0,1241
01/12/2017,PHX,AZ,AWP,WE,Towers with Radar,1066,103,42,8,1219,0,17,27,0,44,1066,120,69,8,1263,0,0,0,1263
01/13/2017,PHX,AZ,AWP,WE,Towers with Radar,1056,70,37,6,1169,0,19,17,0,36,1056,89,54,6,1205,0,0,0,1205
01/14/2017,PHX,AZ,AWP,WE,Towers with Radar,970,50,20,1,1041,0,9,4,2,15,970,59,24,3,1056,0,0,0,1056
01/15/2017,PHX,AZ,AWP,WE,Towers with Radar,964,58,33,1,1056,0,2,6,0,8,964,60,39,1,1064,0,0,0,1064
01/16/2017,PHX,AZ,AWP,WE,Towers with Radar,1030,84,49,2,1165,0,4,13,0,17,1030,88,62,2,1182,0,0,0,1182
01/17/2017,PHX,AZ,AWP,WE,Towers with Radar,959,89,43,11,1102,0,12,22,0,34,959,101,65,11,1136,0,0,0,1136
01/18/2017,PHX,AZ,AWP,WE,Towers with Radar,1037,84,55,6,1182,0,27,27,0,54,1037,111,82,6,1236,0,0,0,1236
01/19/2017,PHX,AZ,AWP,WE,Towers with Radar,1056,92,58,9,1215,0,3,16,0,19,1056,95,74,9,1234,0,0,0,1234
01/20/2017,PHX,AZ,AWP,WE,Towers with Radar,1042,94,39,3,1178,0,2,6,0,8,1042,96,45,3,1186,0,0,0,1186
01/21/2017,PHX,AZ,AWP,WE,Towers with Radar,964,66,38,2,1070,0,9,10,0,19,964,75,48,2,1089,0,0,0,1089
01/22/2017,PHX,AZ,AWP,WE,Towers with Radar,957,59,29,0,1045,0,5,7,1,13,957,64,36,1,1058,0,0,0,1058
01/23/2017,PHX,AZ,AWP,WE,Towers with Radar,1064,79,40,5,1188,0,6,8,2,16,1064,85,48,7,1204,0,0,0,1204
01/24/2017,PHX,AZ,AWP,WE,Towers with Radar,940,80,57,11,1088,0,14,26,1,41,940,94,83,12,1129,0,0,0,1129
01/25/2017,PHX,AZ,AWP,WE,Towers with Radar,1046,82,69,9,1206,0,27,24,1,52,1046,109,93,10,1258,0,0,0,1258
01/26/2017,PHX,AZ,AWP,WE,Towers with Radar,1071,82,46,7,1206,0,26,31,1,58,1071,108,77,8,1264,0,0,0,1264
01/27/2017,PHX,AZ,AWP,WE,Towers with Radar,1059,74,49,2,1184,0,18,22,2,42,1059,92,71,4,1226,0,0,0,1226
01/28/2017,PHX,AZ,AWP,WE,Towers with Radar,965,48,34,3,1050,0,14,16,0,30,965,62,50,3,1080,0,0,0,1080
01/29/2017,PHX,AZ,AWP,WE,Towers with Radar,979,58,25,3,1065,0,9,17,0,26,979,67,42,3,1091,0,0,0,1091
01/30/2017,PHX,AZ,AWP,WE,Towers with Radar,1059,75,46,3,1183,0,19,20,0,39,1059,94,66,3,1222,0,0,0,1222
01/31/2017,PHX,AZ,AWP,WE,Towers with Radar,961,86,47,5,1099,0,25,29,6,60,961,111,76,11,1159,0,0,0,1159
02/01/2017,PHX,AZ,AWP,WE,Towers with Radar,1055,72,47,6,1180,0,30,22,0,52,1055,102,69,6,1232,0,0,0,1232
02/02/2017,PHX,AZ,AWP,WE,Towers with Radar,1062,90,62,8,1222,0,25,26,0,51,1062,115,88,8,1273,0,0,0,1273
02/03/2017,PHX,AZ,AWP,WE,Towers with Radar,1055,80,50,11,1196,0,18,9,1,28,1055,98,59,12,1224,0,0,0,1224
02/04/2017,PHX,AZ,AWP,WE,Towers with Radar,967,49,30,10,1056,0,19,7,0,26,967,68,37,10,1082,0,0,0,1082
02/05/2017,PHX,AZ,AWP,WE,Towers with Radar,916,50,27,1,994,0,9,7,0,16,916,59,34,1,1010,0,0,0,1010
02/06/2017,PHX,AZ,AWP,WE,Towers with Radar,1040,74,46,4,1164,0,19,17,0,36,1040,93,63,4,1200,0,0,0,1200
02/07/2017,PHX,AZ,AWP,WE,Towers with Radar,964,81,49,10,1104,0,24,25,0,49,964,105,74,10,1153,0,0,0,1153
02/08/2017,PHX,AZ,AWP,WE,Towers with Radar,1048,88,58,7,1201,0,19,25,6,50,1048,107,83,13,1251,0,0,0,1251
02/09/2017,PHX,AZ,AWP,WE,Towers with Radar,1027,81,56,10,1174,0,23,36,0,59,1027,104,92,10,1233,0,0,0,1233
02/10/2017,PHX,AZ,AWP,WE,Towers with Radar,1073,81,50,1,1205,0,18,28,0,46,1073,99,78,1,1251,0,0,0,1251
02/11/2017,PHX,AZ,AWP,WE,Towers with Radar,975,45,20,0,1040,0,15,18,2,35,975,60,38,2,1075,0,0,0,1075
02/12/2017,PHX,AZ,AWP,WE,Towers with Radar,994,49,30,4,1077,0,13,11,0,24,994,62,41,4,1101,0,0,0,1101
02/13/2017,PHX,AZ,AWP,WE,Towers with Radar,1060,70,51,5,1186,0,20,19,4,43,1060,90,70,9,1229,0,0,0,1229
02/14/2017,PHX,AZ,AWP,WE,Towers with Radar,938,82,35,7,1062,0,31,28,0,59,938,113,63,7,1121,0,0,0,1121
02/15/2017,PHX,AZ,AWP,WE,Towers with Radar,1054,88,60,6,1208,0,17,26,1,44,1054,105,86,7,1252,0,0,0,1252
02/16/2017,PHX,AZ,AWP,WE,Towers with Radar,1095,72,68,7,1242,0,20,27,0,47,1095,92,95,7,1289,0,0,0,1289
02/17/2017,PHX,AZ,AWP,WE,Towers with Radar,1027,80,54,8,1169,0,16,15,2,33,1027,96,69,10,1202,0,0,0,1202
02/18/2017,PHX,AZ,AWP,WE,Towers with Radar,983,73,30,2,1088,0,2,2,0,4,983,75,32,2,1092,0,0,0,1092
02/19/2017,PHX,AZ,AWP,WE,Towers with Radar,1006,60,44,2,1112,0,3,8,0,11,1006,63,52,2,1123,0,0,0,1123
02/20/2017,PHX,AZ,AWP,WE,Towers with Radar,1069,68,41,4,1182,0,13,14,4,31,1069,81,55,8,1213,0,0,0,1213
02/21/2017,PHX,AZ,AWP,WE,Towers with Radar,1099,78,48,5,1230,0,21,32,3,56,1099,99,80,8,1286,0,0,0,1286
02/22/2017,PHX,AZ,AWP,WE,Towers with Radar,1118,80,54,8,1260,0,20,22,0,42,1118,100,76,8,1302,0,0,0,1302
02/23/2017,PHX,AZ,AWP,WE,Towers with Radar,1099,87,51,7,1244,0,18,21,0,39,1099,105,72,7,1283,0,0,0,1283
02/24/2017,PHX,AZ,AWP,WE,Towers with Radar,1095,66,39,7,1207,0,23,32,7,62,1095,89,71,14,1269,0,0,0,1269
02/25/2017,PHX,AZ,AWP,WE,Towers with Radar,983,37,23,3,1046,0,17,20,2,39,983,54,43,5,1085,0,0,0,1085
02/26/2017,PHX,AZ,AWP,WE,Towers with Radar,1041,47,49,0,1137,0,15,12,0,27,1041,62,61,0,1164,0,0,0,1164
02/27/2017,PHX,AZ,AWP,WE,Towers with Radar,1075,68,34,4,1181,0,8,12,0,20,1075,76,46,4,1201,0,0,0,1201
02/28/2017,PHX,AZ,AWP,WE,Towers with Radar,1097,79,45,7,1228,0,13,16,0,29,1097,92,61,7,1257,0,0,0,1257
03/01/2017,PHX,AZ,AWP,WE,Towers with Radar,1118,58,36,5,1217,0,35,29,1,65,1118,93,65,6,1282,0,0,0,1282
03/02/2017,PHX,AZ,AWP,WE,Towers with Radar,1108,80,50,1,1239,0,28,24,4,56,1108,108,74,5,1295,0,0,0,1295
03/03/2017,PHX,AZ,AWP,WE,Towers with Radar,1094,72,48,12,1226,0,28,27,2,57,1094,100,75,14,1283,0,0,0,1283
03/04/2017,PHX,AZ,AWP,WE,Towers with Radar,1001,39,29,1,1070,0,17,20,0,37,1001,56,49,1,1107,0,0,0,1107
03/05/2017,PHX,AZ,AWP,WE,Towers with Radar,1022,49,36,9,1116,0,6,8,2,16,1022,55,44,11,1132,0,0,0,1132
03/06/2017,PHX,AZ,AWP,WE,Towers with Radar,1102,65,38,1,1206,0,19,27,0,46,1102,84,65,1,1252,0,0,0,1252
03/07/2017,PHX,AZ,AWP,WE,Towers with Radar,1100,69,52,5,1226,0,26,31,0,57,1100,95,83,5,1283,0,0,0,1283
03/08/2017,PHX,AZ,AWP,WE,Towers with Radar,1109,67,51,9,1236,0,21,30,2,53,1109,88,81,11,1289,0,0,0,1289
03/09/2017,PHX,AZ,AWP,WE,Towers with Radar,1147,60,52,9,1268,0,22,27,1,50,1147,82,79,10,1318,0,0,0,1318
03/10/2017,PHX,AZ,AWP,WE,Towers with Radar,1169,61,43,12,1285,0,25,35,6,66,1169,86,78,18,1351,0,0,0,1351
03/11/2017,PHX,AZ,AWP,WE,Towers with Radar,1096,50,27,8,1181,0,21,15,4,40,1096,71,42,12,1221,0,0,0,1221
03/12/2017,PHX,AZ,AWP,WE,Towers with Radar,1141,54,41,3,1239,0,14,2,5,21,1141,68,43,8,1260,0,0,0,1260
03/13/2017,PHX,AZ,AWP,WE,Towers with Radar,1118,68,28,5,1219,0,22,14,1,37,1118,90,42,6,1256,0,0,0,1256
03/14/2017,PHX,AZ,AWP,WE,Towers with Radar,1078,61,37,4,1180,0,28,19,0,47,1078,89,56,4,1227,0,0,0,1227
03/15/2017,PHX,AZ,AWP,WE,Towers with Radar,1141,73,30,6,1250,0,30,23,0,53,1141,103,53,6,1303,0,0,0,1303
03/16/2017,PHX,AZ,AWP,WE,Towers with Radar,1205,63,52,7,1327,0,25,35,0,60,1205,88,87,7,1387,0,0,0,1387
03/17/2017,PHX,AZ,AWP,WE,Towers with Radar,1206,71,59,4,1340,0,19,20,2,41,1206,90,79,6,1381,0,0,0,1381
03/18/2017,PHX,AZ,AWP,WE,Towers with Radar,1124,55,34,3,1216,0,9,27,2,38,1124,64,61,5,1254,0,0,0,1254
03/19/2017,PHX,AZ,AWP,WE,Towers with Radar,1160,68,52,0,1280,0,9,20,0,29,1160,77,72,0,1309,0,0,0,1309
03/20/2017,PHX,AZ,AWP,WE,Towers with Radar,1158,57,30,2,1247,0,19,20,3,42,1158,76,50,5,1289,0,0,0,1289
03/21/2017,PHX,AZ,AWP,WE,Towers with Radar,1143,69,48,4,1264,0,22,24,7,53,1143,91,72,11,1317,0,0,0,1317
03/22/2017,PHX,AZ,AWP,WE,Towers with Radar,1146,60,51,10,1267,0,15,24,0,39,1146,75,75,10,1306,0,0,0,1306
03/23/2017,PHX,AZ,AWP,WE,Towers with Radar,1210,73,48,9,1340,0,8,16,0,24,1210,81,64,9,1364,0,0,0,1364
03/24/2017,PHX,AZ,AWP,WE,Towers with Radar,1209,73,48,16,1346,0,18,30,1,49,1209,91,78,17,1395,0,0,0,1395
03/25/2017,PHX,AZ,AWP,WE,Towers with Radar,1117,50,28,2,1197,0,11,14,4,29,1117,61,42,6,1226,0,0,0,1226
03/26/2017,PHX,AZ,AWP,WE,Towers with Radar,1154,64,50,6,1274,0,7,21,8,36,1154,71,71,14,1310,0,0,0,1310
03/27/2017,PHX,AZ,AWP,WE,Towers with Radar,1153,58,26,7,1244,0,29,15,4,48,1153,87,41,11,1292,0,0,0,1292
03/28/2017,PHX,AZ,AWP,WE,Towers with Radar,1144,80,75,8,1307,0,20,24,4,48,1144,100,99,12,1355,0,0,0,1355
03/29/2017,PHX,AZ,AWP,WE,Towers with Radar,1172,78,65,7,1322,0,21,22,0,43,1172,99,87,7,1365,0,0,0,1365
03/30/2017,PHX,AZ,AWP,WE,Towers with Radar,1167,67,58,5,1297,0,27,23,0,50,1167,94,81,5,1347,0,0,0,1347
03/31/2017,PHX,AZ,AWP,WE,Towers with Radar,1177,121,112,4,1414,0,17,14,4,35,1177,138,126,8,1449,0,0,0,1449
04/01/2017,PHX,AZ,AWP,WE,Towers with Radar,1053,86,58,4,1201,0,13,6,0,19,1053,99,64,4,1220,0,0,0,1220
04/02/2017,PHX,AZ,AWP,WE,Towers with Radar,1136,70,46,2,1254,0,20,13,0,33,1136,90,59,2,1287,0,0,0,1287
04/03/2017,PHX,AZ,AWP,WE,Towers with Radar,1152,83,60,1,1296,0,13,10,0,23,1152,96,70,1,1319,0,0,0,1319
04/04/2017,PHX,AZ,AWP,WE,Towers with Radar,1144,86,80,12,1322,0,17,11,5,33,1144,103,91,17,1355,0,0,0,1355
04/05/2017,PHX,AZ,AWP,WE,Towers with Radar,1114,85,52,9,1260,0,11,21,0,32,1114,96,73,9,1292,0,0,0,1292
04/06/2017,PHX,AZ,AWP,WE,Towers with Radar,1115,82,48,7,1252,0,23,17,2,42,1115,105,65,9,1294,0,0,0,1294
04/07/2017,PHX,AZ,AWP,WE,Towers with Radar,1119,65,52,6,1242,0,19,13,4,36,1119,84,65,10,1278,0,0,0,1278
04/08/2017,PHX,AZ,AWP,WE,Towers with Radar,1041,40,26,2,1109,0,17,9,5,31,1041,57,35,7,1140,0,0,0,1140
04/09/2017,PHX,AZ,AWP,WE,Towers with Radar,1084,39,44,1,1168,0,5,14,2,21,1084,44,58,3,1189,0,0,0,1189
04/10/2017,PHX,AZ,AWP,WE,Towers with Radar,1114,56,42,12,1224,2,24,27,3,56,1116,80,69,15,1280,0,0,0,1280
04/11/2017,PHX,AZ,AWP,WE,Towers with Radar,1118,68,47,4,1237,0,24,26,4,54,1118,92,73,8,1291,0,0,0,1291
04/12/2017,PHX,AZ,AWP,WE,Towers with Radar,1113,68,35,6,1222,0,28,24,0,52,1113,96,59,6,1274,0,0,0,1274
04/13/2017,PHX,AZ,AWP,WE,Towers with Radar,1117,73,41,7,1238,0,20,24,0,44,1117,93,65,7,1282,0,0,0,1282
04/14/2017,PHX,AZ,AWP,WE,Towers with Radar,1112,67,24,3,1206,0,18,20,0,38,1112,85,44,3,1244,0,0,0,1244
04/15/2017,PHX,AZ,AWP,WE,Towers with Radar,1018,33,16,1,1068,0,18,13,0,31,1018,51,29,1,1099,0,0,0,1099
04/16/2017,PHX,AZ,AWP,WE,Towers with Radar,1056,42,24,0,1122,0,8,1,0,9,1056,50,25,0,1131,0,0,0,1131
04/17/2017,PHX,AZ,AWP,WE,Towers with Radar,1109,61,37,14,1221,0,18,9,2,29,1109,79,46,16,1250,0,0,0,1250
04/18/2017,PHX,AZ,AWP,WE,Towers with Radar,1106,73,60,3,1242,0,24,16,1,41,1106,97,76,4,1283,0,0,0,1283
04/19/2017,PHX,AZ,AWP,WE,Towers with Radar,1108,71,49,7,1235,0,27,23,2,52,1108,98,72,9,1287,0,0,0,1287
04/20/2017,PHX,AZ,AWP,WE,Towers with Radar,1124,68,47,8,1247,0,18,25,0,43,1124,86,72,8,1290,0,0,0,1290
04/21/2017,PHX,AZ,AWP,WE,Towers with Radar,1117,66,46,22,1251,0,25,27,0,52,1117,91,73,22,1303,0,0,0,1303
04/22/2017,PHX,AZ,AWP,WE,Towers with Radar,1017,42,27,6,1092,0,22,13,0,35,1017,64,40,6,1127,0,0,0,1127
04/23/2017,PHX,AZ,AWP,WE,Towers with Radar,1069,40,31,2,1142,0,10,10,0,20,1069,50,41,2,1162,0,0,0,1162
04/24/2017,PHX,AZ,AWP,WE,Towers with Radar,1111,68,39,8,1226,0,15,19,2,36,1111,83,58,10,1262,0,0,0,1262
04/25/2017,PHX,AZ,AWP,WE,Towers with Radar,1083,70,36,16,1205,0,22,28,2,52,1083,92,64,18,1257,0,0,0,1257
04/26/2017,PHX,AZ,AWP,WE,Towers with Radar,1090,65,51,3,1209,0,20,22,0,42,1090,85,73,3,1251,0,0,0,1251
04/27/2017,PHX,AZ,AWP,WE,Towers with Radar,1108,90,41,9,1248,0,23,36,0,59,1108,113,77,9,1307,0,0,0,1307
04/28/2017,PHX,AZ,AWP,WE,Towers with Radar,1085,76,42,5,1208,0,19,13,0,32,1085,95,55,5,1240,0,0,0,1240
04/29/2017,PHX,AZ,AWP,WE,Towers with Radar,942,41,30,4,1017,0,22,10,4,36,942,63,40,8,1053,0,0,0,1053
04/30/2017,PHX,AZ,AWP,WE,Towers with Radar,1028,39,25,5,1097,0,3,4,0,7,1028,42,29,5,1104,0,0,0,1104
05/01/2017,PHX,AZ,AWP,WE,Towers with Radar,1073,52,18,10,1153,0,33,21,0,54,1073,85,39,10,1207,0,0,0,1207
05/02/2017,PHX,AZ,AWP,WE,Towers with Radar,1081,54,49,11,1195,0,21,19,0,40,1081,75,68,11,1235,0,0,0,1235
05/03/2017,PHX,AZ,AWP,WE,Towers with Radar,1078,71,35,4,1188,0,18,17,0,35,1078,89,52,4,1223,0,0,0,1223
05/04/2017,PHX,AZ,AWP,WE,Towers with Radar,1087,75,41,4,1207,0,15,28,0,43,1087,90,69,4,1250,0,0,0,1250
05/05/2017,PHX,AZ,AWP,WE,Towers with Radar,1073,65,34,16,1188,0,16,24,3,43,1073,81,58,19,1231,0,0,0,1231
05/06/2017,PHX,AZ,AWP,WE,Towers with Radar,947,36,27,10,1020,0,18,7,0,25,947,54,34,10,1045,0,0,0,1045
05/07/2017,PHX,AZ,AWP,WE,Towers with Radar,1008,45,31,5,1089,0,12,15,2,29,1008,57,46,7,1118,0,0,0,1118
05/08/2017,PHX,AZ,AWP,WE,Towers with Radar,1064,67,31,1,1163,0,15,15,2,32,1064,82,46,3,1195,0,0,0,1195
05/09/2017,PHX,AZ,AWP,WE,Towers with Radar,1086,89,42,6,1223,0,10,12,1,23,1086,99,54,7,1246,0,0,0,1246
05/10/2017,PHX,AZ,AWP,WE,Towers with Radar,1094,62,47,7,1210,0,16,13,1,30,1094,78,60,8,1240,0,0,0,1240
05/11/2017,PHX,AZ,AWP,WE,Towers with Radar,1083,55,33,2,1173,0,31,22,0,53,1083,86,55,2,1226,0,0,0,1226
05/12/2017,PHX,AZ,AWP,WE,Towers with Radar,1083,62,38,7,1190,0,26,22,2,50,1083,88,60,9,1240,0,0,0,1240
05/13/2017,PHX,AZ,AWP,WE,Towers with Radar,938,39,29,3,1009,0,25,26,0,51,938,64,55,3,1060,0,0,0,1060
05/14/2017,PHX,AZ,AWP,WE,Towers with Radar,1012,29,16,0,1057,0,3,14,1,18,1012,32,30,1,1075,0,0,0,1075
05/15/2017,PHX,AZ,AWP,WE,Towers with Radar,1076,57,34,9,1176,0,14,16,4,34,1076,71,50,13,1210,0,0,0,1210
05/16/2017,PHX,AZ,AWP,WE,Towers with Radar,1087,64,39,4,1194,0,15,19,0,34,1087,79,58,4,1228,0,0,0,1228
05/17/2017,PHX,AZ,AWP,WE,Towers with Radar,1093,70,38,4,1205,0,23,33,0,56,1093,93,71,4,1261,0,0,0,1261
05/18/2017,PHX,AZ,AWP,WE,Towers with Radar,1089,65,37,4,1195,0,18,27,2,47,1089,83,64,6,1242,0,0,0,1242
05/19/2017,PHX,AZ,AWP,WE,Towers with Radar,1084,72,28,8,1192,0,18,13,0,31,1084,90,41,8,1223,0,0,0,1223
05/20/2017,PHX,AZ,AWP,WE,Towers with Radar,939,34,19,6,998,0,13,22,2,37,939,47,41,8,1035,0,0,0,1035
05/21/2017,PHX,AZ,AWP,WE,Towers with Radar,1049,42,23,0,1114,0,10,10,0,20,1049,52,33,0,1134,0,0,0,1134
05/22/2017,PHX,AZ,AWP,WE,Towers with Radar,1071,64,41,4,1180,0,16,19,4,39,1071,80,60,8,1219,0,0,0,1219
05/23/2017,PHX,AZ,AWP,WE,Towers with Radar,1085,65,36,6,1192,0,29,21,8,58,1085,94,57,14,1250,0,0,0,1250
05/24/2017,PHX,AZ,AWP,WE,Towers with Radar,1090,60,41,4,1195,0,28,27,0,55,1090,88,68,4,1250,0,0,0,1250
05/25/2017,PHX,AZ,AWP,WE,Towers with Radar,1113,78,56,3,1250,0,24,27,1,52,1113,102,83,4,1302,0,0,0,1302
05/26/2017,PHX,AZ,AWP,WE,Towers with Radar,1124,56,41,3,1224,0,24,19,6,49,1124,80,60,9,1273,0,0,0,1273
05/27/2017,PHX,AZ,AWP,WE,Towers with Radar,936,34,17,0,987,0,20,12,3,35,936,54,29,3,1022,0,0,0,1022
05/28/2017,PHX,AZ,AWP,WE,Towers with Radar,935,35,16,0,986,0,19,9,2,30,935,54,25,2,1016,0,0,0,1016
05/29/2017,PHX,AZ,AWP,WE,Towers with Radar,1031,35,23,0,1089,0,17,10,1,28,1031,52,33,1,1117,0,0,0,1117
05/30/2017,PHX,AZ,AWP,WE,Towers with Radar,1068,65,42,1,1176,0,24,15,4,43,1068,89,57,5,1219,0,0,0,1219
05/31/2017,PHX,AZ,AWP,WE,Towers with Radar,1090,71,42,2,1205,0,16,25,0,41,1090,87,67,2,1246,0,0,0,1246
06/01/2017,PHX,AZ,AWP,WE,Towers with Radar,1088,82,39,4,1213,0,24,16,0,40,1088,106,55,4,1253,0,0,0,1253
06/02/2017,PHX,AZ,AWP,WE,Towers with Radar,1083,63,38,5,1189,0,20,17,2,39,1083,83,55,7,1228,0,0,0,1228
06/03/2017,PHX,AZ,AWP,WE,Towers with Radar,953,33,15,2,1003,0,14,13,0,27,953,47,28,2,1030,0,0,0,1030
06/04/2017,PHX,AZ,AWP,WE,Towers with Radar,1061,41,25,6,1133,0,7,9,3,19,1061,48,34,9,1152,0,0,0,1152
06/05/2017,PHX,AZ,AWP,WE,Towers with Radar,1082,62,32,3,1179,0,21,17,0,38,1082,83,49,3,1217,0,0,0,1217
06/06/2017,PHX,AZ,AWP,WE,Towers with Radar,1099,63,50,7,1219,0,23,17,0,40,1099,86,67,7,1259,0,0,0,1259
06/07/2017,PHX,AZ,AWP,WE,Towers with Radar,1086,56,50,9,1201,0,15,16,0,31,1086,71,66,9,1232,0,0,0,1232
06/08/2017,PHX,AZ,AWP,WE,Towers with Radar,1097,61,51,10,1219,0,9,10,1,20,1097,70,61,11,1239,0,0,0,1239
06/09/2017,PHX,AZ,AWP,WE,Towers with Radar,1066,65,29,7,1167,0,20,28,0,48,1066,85,57,7,1215,0,0,0,1215
06/10/2017,PHX,AZ,AWP,WE,Towers with Radar,974,25,24,4,1027,0,21,8,0,29,974,46,32,4,1056,0,0,0,1056
06/11/2017,PHX,AZ,AWP,WE,Towers with Radar,1066,43,21,1,1131,0,13,3,0,16,1066,56,24,1,1147,0,0,0,1147
06/12/2017,PHX,AZ,AWP,WE,Towers with Radar,1066,53,32,5,1156,0,16,17,0,33,1066,69,49,5,1189,0,0,0,1189
06/13/2017,PHX,AZ,AWP,WE,Towers with Radar,1071,58,53,4,1186,0,20,20,0,40,1071,78,73,4,1226,0,0,0,1226
06/14/2017,PHX,AZ,AWP,WE,Towers with Radar,1060,50,40,7,1157,0,23,20,4,47,1060,73,60,11,1204,0,0,0,1204
06/15/2017,PHX,AZ,AWP,WE,Towers with Radar,1069,71,69,7,1216,0,17,24,0,41,1069,88,93,7,1257,0,0,0,1257
06/16/2017,PHX,AZ,AWP,WE,Towers with Radar,1070,59,23,4,1156,0,18,12,2,32,1070,77,35,6,1188,0,0,0,1188
06/17/2017,PHX,AZ,AWP,WE,Towers with Radar,956,31,13,1,1001,0,22,8,0,30,956,53,21,1,1031,0,0,0,1031
06/18/2017,PHX,AZ,AWP,WE,Towers with Radar,1067,33,25,3,1128,0,16,10,2,28,1067,49,35,5,1156,0,0,0,1156
06/19/2017,PHX,AZ,AWP,WE,Towers with Radar,1036,55,27,5,1123,0,36,7,14,57,1036,91,34,19,1180,0,0,0,1180
06/20/2017,PHX,AZ,AWP,WE,Towers with Radar,1051,61,30,8,1150,0,31,16,0,47,1051,92,46,8,1197,0,0,0,1197
06/21/2017,PHX,AZ,AWP,WE,Towers with Radar,1076,59,27,2,1164,0,32,26,0,58,1076,91,53,2,1222,0,0,0,1222
06/22/2017,PHX,AZ,AWP,WE,Towers with Radar,1082,57,46,5,1190,0,43,16,2,61,1082,100,62,7,1251,0,0,0,1251
06/23/2017,PHX,AZ,AWP,WE,Towers with Radar,1081,59,37,2,1179,0,39,28,6,73,1081,98,65,8,1252,0,0,0,1252
06/24/2017,PHX,AZ,AWP,WE,Towers with Radar,967,36,14,1,1018,0,19,6,2,27,967,55,20,3,1045,0,0,0,1045
06/25/2017,PHX,AZ,AWP,WE,Towers with Radar,1077,35,20,0,1132,0,15,14,0,29,1077,50,34,0,1161,0,0,0,1161
06/26/2017,PHX,AZ,AWP,WE,Towers with Radar,1078,50,37,12,1177,0,15,14,0,29,1078,65,51,12,1206,0,0,0,1206
06/27/2017,PHX,AZ,AWP,WE,Towers with Radar,1073,62,30,7,1172,0,18,28,0,46,1073,80,58,7,1218,0,0,0,1218
06/28/2017,PHX,AZ,AWP,WE,Towers with Radar,1090,58,43,5,1196,0,20,20,4,44,1090,78,63,9,1240,0,0,0,1240
06/29/2017,PHX,AZ,AWP,WE,Towers with Radar,1133,57,31,6,1227,0,22,21,4,47,1133,79,52,10,1274,0,0,0,1274
06/30/2017,PHX,AZ,AWP,WE,Towers with Radar,1112,62,38,2,1214,0,26,22,0,48,1112,88,60,2,1262,0,0,0,1262
07/01/2017,PHX,AZ,AWP,WE,Towers with Radar,980,38,29,0,1047,0,9,10,0,19,980,47,39,0,1066,0,0,0,1066
07/02/2017,PHX,AZ,AWP,WE,Towers with Radar,1012,34,19,0,1065,0,8,1,0,9,1012,42,20,0,1074,0,0,0,1074
07/03/2017,PHX,AZ,AWP,WE,Towers with Radar,912,53,27,0,992,0,20,8,0,28,912,73,35,0,1020,0,0,0,1020
07/04/2017,PHX,AZ,AWP,WE,Towers with Radar,888,38,19,0,945,0,7,4,0,11,888,45,23,0,956,0,0,0,956
07/05/2017,PHX,AZ,AWP,WE,Towers with Radar,1052,56,31,4,1143,0,25,21,0,46,1052,81,52,4,1189,0,0,0,1189
07/06/2017,PHX,AZ,AWP,WE,Towers with Radar,1084,45,36,2,1167,0,17,34,6,57,1084,62,70,8,1224,0,0,0,1224
07/07/2017,PHX,AZ,AWP,WE,Towers with Radar,1054,57,32,2,1145,0,19,15,0,34,1054,76,47,2,1179,0,0,0,1179
07/08/2017,PHX,AZ,AWP,WE,Towers with Radar,979,34,13,1,1027,0,18,4,0,22,979,52,17,1,1049,0,0,0,1049
07/09/2017,PHX,AZ,AWP,WE,Towers with Radar,1066,34,15,3,1118,0,2,1,0,3,1066,36,16,3,1121,0,0,0,1121
07/10/2017,PHX,AZ,AWP,WE,Towers with Radar,1063,59,28,0,1150,0,11,10,1,22,1063,70,38,1,1172,0,0,0,1172
07/11/2017,PHX,AZ,AWP,WE,Towers with Radar,1083,60,35,4,1182,0,21,21,2,44,1083,81,56,6,1226,0,0,0,1226
07/12/2017,PHX,AZ,AWP,WE,Towers with Radar,1082,51,46,4,1183,0,28,26,0,54,1082,79,72,4,1237,0,0,0,1237
07/13/2017,PHX,AZ,AWP,WE,Towers with Radar,1095,62,48,3,1208,0,25,21,2,48,1095,87,69,5,1256,0,0,0,1256
07/14/2017,PHX,AZ,AWP,WE,Towers with Radar,1084,51,28,1,1164,0,21,18,6,45,1084,72,46,7,1209,0,0,0,1209
07/15/2017,PHX,AZ,AWP,WE,Towers with Radar,962,32,16,0,1010,0,12,13,4,29,962,44,29,4,1039,0,0,0,1039
07/16/2017,PHX,AZ,AWP,WE,Towers with Radar,1008,37,19,1,1065,0,8,11,2,21,1008,45,30,3,1086,0,0,0,1086
07/17/2017,PHX,AZ,AWP,WE,Towers with Radar,1112,55,29,3,1199,0,24,23,2,49,1112,79,52,5,1248,0,0,0,1248
07/18/2017,PHX,AZ,AWP,WE,Towers with Radar,1086,56,26,6,1174,0,27,18,2,47,1086,83,44,8,1221,0,0,0,1221
07/19/2017,PHX,AZ,AWP,WE,Towers with Radar,1099,58,33,0,1190,0,26,42,1,69,1099,84,75,1,1259,0,0,0,1259
07/20/2017,PHX,AZ,AWP,WE,Towers with Radar,1084,60,41,5,1190,0,34,28,3,65,1084,94,69,8,1255,0,0,0,1255
07/21/2017,PHX,AZ,AWP,WE,Towers with Radar,1068,58,47,8,1181,0,14,10,2,26,1068,72,57,10,1207,0,0,0,1207
07/22/2017,PHX,AZ,AWP,WE,Towers with Radar,981,38,23,6,1048,0,7,15,1,23,981,45,38,7,1071,0,0,0,1071
07/23/2017,PHX,AZ,AWP,WE,Towers with Radar,1033,39,27,1,1100,0,15,11,5,31,1033,54,38,6,1131,0,0,0,1131
07/24/2017,PHX,AZ,AWP,WE,Towers with Radar,1065,61,29,3,1158,0,11,10,2,23,1065,72,39,5,1181,0,0,0,1181
07/25/2017,PHX,AZ,AWP,WE,Towers with Radar,1081,69,50,1,1201,0,23,15,0,38,1081,92,65,1,1239,0,0,0,1239
07/26/2017,PHX,AZ,AWP,WE,Towers with Radar,1086,59,24,4,1173,0,23,20,0,43,1086,82,44,4,1216,0,0,0,1216
07/27/2017,PHX,AZ,AWP,WE,Towers with Radar,1093,57,33,2,1185,0,15,26,0,41,1093,72,59,2,1226,0,0,0,1226
07/28/2017,PHX,AZ,AWP,WE,Towers with Radar,1083,63,24,4,1174,0,22,25,2,49,1083,85,49,6,1223,0,0,0,1223
07/29/2017,PHX,AZ,AWP,WE,Towers with Radar,963,38,21,6,1028,0,13,13,0,26,963,51,34,6,1054,0,0,0,1054
07/30/2017,PHX,AZ,AWP,WE,Towers with Radar,1070,38,30,7,1145,1,12,8,0,21,1071,50,38,7,1166,0,0,0,1166
07/31/2017,PHX,AZ,AWP,WE,Towers with Radar,1070,52,35,4,1161,0,17,22,0,39,1070,69,57,4,1200,0,0,0,1200
08/01/2017,PHX,AZ,AWP,WE,Towers with Radar,1081,63,23,5,1172,0,16,23,6,45,1081,79,46,11,1217,0,0,0,1217
08/02/2017,PHX,AZ,AWP,WE,Towers with Radar,1054,60,37,5,1156,0,11,14,0,25,1054,71,51,5,1181,0,0,0,1181
08/03/2017,PHX,AZ,AWP,WE,Towers with Radar,1052,71,26,3,1152,0,20,18,0,38,1052,91,44,3,1190,0,0,0,1190
08/04/2017,PHX,AZ,AWP,WE,Towers with Radar,1066,54,31,6,1157,0,20,27,0,47,1066,74,58,6,1204,0,0,0,1204
08/05/2017,PHX,AZ,AWP,WE,Towers with Radar,969,39,21,3,1032,0,26,5,4,35,969,65,26,7,1067,0,0,0,1067
08/06/2017,PHX,AZ,AWP,WE,Towers with Radar,1059,30,28,8,1125,0,17,15,1,33,1059,47,43,9,1158,0,0,0,1158
08/07/2017,PHX,AZ,AWP,WE,Towers with Radar,1079,58,28,6,1171,0,24,29,0,53,1079,82,57,6,1224,0,0,0,1224
08/08/2017,PHX,AZ,AWP,WE,Towers with Radar,1072,60,44,6,1182,0,26,15,3,44,1072,86,59,9,1226,0,0,0,1226
08/09/2017,PHX,AZ,AWP,WE,Towers with Radar,1086,58,27,5,1176,0,24,18,0,42,1086,82,45,5,1218,0,0,0,1218
08/10/2017,PHX,AZ,AWP,WE,Towers with Radar,1088,56,33,6,1183,0,22,23,0,45,1088,78,56,6,1228,0,0,0,1228
08/11/2017,PHX,AZ,AWP,WE,Towers with Radar,1072,59,43,8,1182,0,19,18,4,41,1072,78,61,12,1223,0,0,0,1223
08/12/2017,PHX,AZ,AWP,WE,Towers with Radar,960,32,15,1,1008,0,12,11,4,27,960,44,26,5,1035,0,0,0,1035
08/13/2017,PHX,AZ,AWP,WE,Towers with Radar,1064,42,36,5,1147,0,8,6,0,14,1064,50,42,5,1161,0,0,0,1161
08/14/2017,PHX,AZ,AWP,WE,Towers with Radar,1058,58,22,2,1140,0,5,19,0,24,1058,63,41,2,1164,0,0,0,1164
08/15/2017,PHX,AZ,AWP,WE,Towers with Radar,1055,64,26,3,1148,0,20,23,0,43,1055,84,49,3,1191,0,0,0,1191
08/16/2017,PHX,AZ,AWP,WE,Towers with Radar,1050,60,26,6,1142,0,22,36,1,59,1050,82,62,7,1201,0,0,0,1201
08/17/2017,PHX,AZ,AWP,WE,Towers with Radar,1074,67,55,8,1204,0,21,34,0,55,1074,88,89,8,1259,0,0,0,1259
08/18/2017,PHX,AZ,AWP,WE,Towers with Radar,1060,64,29,12,1165,0,17,12,0,29,1060,81,41,12,1194,0,0,0,1194
08/19/2017,PHX,AZ,AWP,WE,Towers with Radar,919,29,7,7,962,0,18,8,2,28,919,47,15,9,990,0,0,0,990
08/20/2017,PHX,AZ,AWP,WE,Towers with Radar,1045,39,20,0,1104,0,13,7,4,24,1045,52,27,4,1128,0,0,0,1128
08/21/2017,PHX,AZ,AWP,WE,Towers with Radar,1042,57,30,2,1131,0,17,15,0,32,1042,74,45,2,1163,0,0,0,1163
08/22/2017,PHX,AZ,AWP,WE,Towers with Radar,906,71,28,8,1013,0,16,41,6,63,906,87,69,14,1076,0,0,0,1076
08/23/2017,PHX,AZ,AWP,WE,Towers with Radar,1024,59,36,11,1130,0,16,21,8,45,1024,75,57,19,1175,0,0,0,1175
08/24/2017,PHX,AZ,AWP,WE,Towers with Radar,1051,64,62,7,1184,0,21,30,5,56,1051,85,92,12,1240,0,0,0,1240
08/25/2017,PHX,AZ,AWP,WE,Towers with Radar,1038,65,33,7,1143,0,24,21,2,47,1038,89,54,9,1190,0,0,0,1190
08/26/2017,PHX,AZ,AWP,WE,Towers with Radar,744,36,22,6,808,0,12,7,2,21,744,48,29,8,829,0,0,0,829
08/27/2017,PHX,AZ,AWP,WE,Towers with Radar,919,43,21,1,984,0,8,7,0,15,919,51,28,1,999,0,0,0,999
08/28/2017,PHX,AZ,AWP,WE,Towers with Radar,994,58,42,4,1098,0,27,6,2,35,994,85,48,6,1133,0,0,0,1133
08/29/2017,PHX,AZ,AWP,WE,Towers with Radar,894,54,38,6,992,0,27,30,7,64,894,81,68,13,1056,0,0,0,1056
08/30/2017,PHX,AZ,AWP,WE,Towers with Radar,989,58,44,3,1094,0,25,31,0,56,989,83,75,3,1150,0,0,0,1150
08/31/2017,PHX,AZ,AWP,WE,Towers with Radar,1014,64,40,5,1123,1,24,28,2,55,1015,88,68,7,1178,0,0,0,1178
09/01/2017,PHX,AZ,AWP,WE,Towers with Radar,1006,56,40,0,1102,0,28,17,0,45,1006,84,57,0,1147,0,0,0,1147
09/02/2017,PHX,AZ,AWP,WE,Towers with Radar,726,31,14,1,772,0,13,7,2,22,726,44,21,3,794,0,0,0,794
09/03/2017,PHX,AZ,AWP,WE,Towers with Radar,847,40,13,0,900,0,3,7,0,10,847,43,20,0,910,0,0,0,910
09/04/2017,PHX,AZ,AWP,WE,Towers with Radar,974,38,32,0,1044,0,12,3,8,23,974,50,35,8,1067,0,0,0,1067
09/05/2017,PHX,AZ,AWP,WE,Towers with Radar,883,67,36,3,989,0,28,12,2,42,883,95,48,5,1031,0,0,0,1031
09/06/2017,PHX,AZ,AWP,WE,Towers with Radar,909,61,31,6,1007,0,22,26,0,48,909,83,57,6,1055,0,0,0,1055
09/07/2017,PHX,AZ,AWP,WE,Towers with Radar,1017,56,44,3,1120,0,21,31,1,53,1017,77,75,4,1173,0,0,0,1173
09/08/2017,PHX,AZ,AWP,WE,Towers with Radar,1023,71,31,4,1129,0,15,16,1,32,1023,86,47,5,1161,0,0,0,1161
09/09/2017,PHX,AZ,AWP,WE,Towers with Radar,744,40,24,7,815,0,18,7,2,27,744,58,31,9,842,0,0,0,842
09/10/2017,PHX,AZ,AWP,WE,Towers with Radar,931,40,21,4,996,0,2,11,5,18,931,42,32,9,1014,0,0,0,1014
09/11/2017,PHX,AZ,AWP,WE,Towers with Radar,975,68,44,1,1088,0,13,19,6,38,975,81,63,7,1126,0,0,0,1126
09/12/2017,PHX,AZ,AWP,WE,Towers with Radar,882,69,37,11,999,0,22,15,6,43,882,91,52,17,1042,0,0,0,1042
09/13/2017,PHX,AZ,AWP,WE,Towers with Radar,989,60,35,7,1091,0,18,19,0,37,989,78,54,7,1128,0,0,0,1128
09/14/2017,PHX,AZ,AWP,WE,Towers with Radar,1034,72,33,6,1145,0,21,33,0,54,1034,93,66,6,1199,0,0,0,1199
09/15/2017,PHX,AZ,AWP,WE,Towers with Radar,1013,68,42,6,1129,0,16,18,0,34,1013,84,60,6,1163,0,0,0,1163
09/16/2017,PHX,AZ,AWP,WE,Towers with Radar,747,35,25,3,810,0,18,14,0,32,747,53,39,3,842,0,0,0,842
09/17/2017,PHX,AZ,AWP,WE,Towers with Radar,953,48,30,2,1033,0,15,8,4,27,953,63,38,6,1060,0,0,0,1060
09/18/2017,PHX,AZ,AWP,WE,Towers with Radar,997,59,32,4,1092,0,33,25,2,60,997,92,57,6,1152,0,0,0,1152
09/19/2017,PHX,AZ,AWP,WE,Towers with Radar,895,51,39,6,991,0,30,41,0,71,895,81,80,6,1062,0,0,0,1062
09/20/2017,PHX,AZ,AWP,WE,Towers with Radar,1009,59,35,7,1110,0,19,35,0,54,1009,78,70,7,1164,0,0,0,1164
09/21/2017,PHX,AZ,AWP,WE,Towers with Radar,1039,66,52,7,1164,0,25,22,0,47,1039,91,74,7,1211,0,0,0,1211
09/22/2017,PHX,AZ,AWP,WE,Towers with Radar,1021,59,28,7,1115,0,16,26,1,43,1021,75,54,8,1158,0,0,0,1158
09/23/2017,PHX,AZ,AWP,WE,Towers with Radar,754,29,21,5,809,0,15,11,0,26,754,44,32,5,835,0,0,0,835
09/24/2017,PHX,AZ,AWP,WE,Towers with Radar,950,39,27,6,1022,0,12,14,0,26,950,51,41,6,1048,0,0,0,1048
09/25/2017,PHX,AZ,AWP,WE,Towers with Radar,1015,52,40,6,1113,0,19,18,2,39,1015,71,58,8,1152,0,0,0,1152
09/26/2017,PHX,AZ,AWP,WE,Towers with Radar,894,55,46,3,998,0,23,23,4,50,894,78,69,7,1048,0,0,0,1048
09/27/2017,PHX,AZ,AWP,WE,Towers with Radar,999,49,36,3,1087,0,24,27,2,53,999,73,63,5,1140,0,0,0,1140
09/28/2017,PHX,AZ,AWP,WE,Towers with Radar,1037,64,46,0,1147,0,34,30,0,64,1037,98,76,0,1211,0,0,0,1211
09/29/2017,PHX,AZ,AWP,WE,Towers with Radar,1017,59,32,6,1114,0,26,24,0,50,1017,85,56,6,1164,0,0,0,1164
09/30/2017,PHX,AZ,AWP,WE,Towers with Radar,754,30,14,1,799,0,16,14,2,32,754,46,28,3,831,0,0,0,831
10/01/2017,PHX,AZ,AWP,WE,Towers with Radar,964,42,32,1,1039,0,7,12,0,19,964,49,44,1,1058,0,0,0,1058
10/02/2017,PHX,AZ,AWP,WE,Towers with Radar,1033,58,32,4,1127,0,18,14,6,38,1033,76,46,10,1165,0,0,0,1165
10/03/2017,PHX,AZ,AWP,WE,Towers with Radar,895,61,54,8,1018,0,14,36,3,53,895,75,90,11,1071,0,0,0,1071
10/04/2017,PHX,AZ,AWP,WE,Towers with Radar,1015,81,119,6,1221,0,26,44,0,70,1015,107,163,6,1291,0,0,0,1291
10/05/2017,PHX,AZ,AWP,WE,Towers with Radar,1091,58,40,5,1194,0,39,52,1,92,1091,97,92,6,1286,0,0,0,1286
10/06/2017,PHX,AZ,AWP,WE,Towers with Radar,1056,63,65,9,1193,0,19,39,2,60,1056,82,104,11,1253,0,0,0,1253
10/07/2017,PHX,AZ,AWP,WE,Towers with Radar,895,39,58,12,1004,0,18,17,1,36,895,57,75,13,1040,0,0,0,1040
10/08/2017,PHX,AZ,AWP,WE,Towers with Radar,979,47,71,2,1099,0,8,20,0,28,979,55,91,2,1127,0,0,0,1127
10/09/2017,PHX,AZ,AWP,WE,Towers with Radar,1023,58,35,5,1121,0,29,32,3,64,1023,87,67,8,1185,0,0,0,1185
10/10/2017,PHX,AZ,AWP,WE,Towers with Radar,1035,69,44,9,1157,0,21,33,0,54,1035,90,77,9,1211,0,0,0,1211
10/11/2017,PHX,AZ,AWP,WE,Towers with Radar,1040,54,54,7,1155,0,22,30,2,54,1040,76,84,9,1209,0,0,0,1209
10/12/2017,PHX,AZ,AWP,WE,Towers with Radar,1046,64,23,5,1138,0,18,34,0,52,1046,82,57,5,1190,0,0,0,1190
10/13/2017,PHX,AZ,AWP,WE,Towers with Radar,1034,70,41,1,1146,0,24,30,2,56,1034,94,71,3,1202,0,0,0,1202
10/14/2017,PHX,AZ,AWP,WE,Towers with Radar,890,30,18,0,938,0,20,16,2,38,890,50,34,2,976,0,0,0,976
10/15/2017,PHX,AZ,AWP,WE,Towers with Radar,1023,43,29,1,1096,0,5,10,0,15,1023,48,39,1,1111,0,0,0,1111
10/16/2017,PHX,AZ,AWP,WE,Towers with Radar,1042,50,30,7,1129,0,24,29,0,53,1042,74,59,7,1182,0,0,0,1182
10/17/2017,PHX,AZ,AWP,WE,Towers with Radar,1034,57,39,6,1136,0,34,28,5,67,1034,91,67,11,1203,0,0,0,1203
10/18/2017,PHX,AZ,AWP,WE,Towers with Radar,1053,64,43,12,1172,1,33,29,1,64,1054,97,72,13,1236,0,0,0,1236
10/19/2017,PHX,AZ,AWP,WE,Towers with Radar,1043,65,50,7,1165,0,24,36,0,60,1043,89,86,7,1225,0,0,0,1225
10/20/2017,PHX,AZ,AWP,WE,Towers with Radar,1049,65,27,10,1151,0,33,25,2,60,1049,98,52,12,1211,0,0,0,1211
10/21/2017,PHX,AZ,AWP,WE,Towers with Radar,886,35,26,2,949,0,19,22,2,43,886,54,48,4,992,0,0,0,992
10/22/2017,PHX,AZ,AWP,WE,Towers with Radar,982,42,32,2,1058,0,20,16,3,39,982,62,48,5,1097,0,0,0,1097
10/23/2017,PHX,AZ,AWP,WE,Towers with Radar,1022,53,48,1,1124,0,25,25,9,59,1022,78,73,10,1183,0,0,0,1183
10/24/2017,PHX,AZ,AWP,WE,Towers with Radar,1021,54,57,4,1136,0,28,43,7,78,1021,82,100,11,1214,0,0,0,1214
10/25/2017,PHX,AZ,AWP,WE,Towers with Radar,1046,73,54,9,1182,0,12,38,1,51,1046,85,92,10,1233,0,0,0,1233
10/26/2017,PHX,AZ,AWP,WE,Towers with Radar,1047,58,47,6,1158,0,31,30,0,61,1047,89,77,6,1219,0,0,0,1219
10/27/2017,PHX,AZ,AWP,WE,Towers with Radar,1044,67,45,3,1159,0,24,29,6,59,1044,91,74,9,1218,0,0,0,1218
10/28/2017,PHX,AZ,AWP,WE,Towers with Radar,893,33,27,1,954,0,12,21,2,35,893,45,48,3,989,0,0,0,989
10/29/2017,PHX,AZ,AWP,WE,Towers with Radar,966,38,29,1,1034,0,19,18,0,37,966,57,47,1,1071,0,0,0,1071
10/30/2017,PHX,AZ,AWP,WE,Towers with Radar,1029,44,32,5,1110,0,16,22,4,42,1029,60,54,9,1152,0,0,0,1152
10/31/2017,PHX,AZ,AWP,WE,Towers with Radar,899,50,33,1,983,0,29,23,5,57,899,79,56,6,1040,0,0,0,1040
11/01/2017,PHX,AZ,AWP,WE,Towers with Radar,1035,66,47,4,1152,0,28,39,0,67,1035,94,86,4,1219,0,0,0,1219
11/02/2017,PHX,AZ,AWP,WE,Towers with Radar,1056,72,50,4,1182,0,35,26,5,66,1056,107,76,9,1248,0,0,0,1248
11/03/2017,PHX,AZ,AWP,WE,Towers with Radar,1050,57,39,3,1149,0,22,20,5,47,1050,79,59,8,1196,0,0,0,1196
11/04/2017,PHX,AZ,AWP,WE,Towers with Radar,908,33,13,8,962,0,15,11,2,28,908,48,24,10,990,0,0,0,990
11/05/2017,PHX,AZ,AWP,WE,Towers with Radar,995,46,45,4,1090,0,6,9,0,15,995,52,54,4,1105,0,0,0,1105
11/06/2017,PHX,AZ,AWP,WE,Towers with Radar,1058,68,44,8,1178,0,17,10,5,32,1058,85,54,13,1210,0,0,0,1210
11/07/2017,PHX,AZ,AWP,WE,Towers with Radar,929,72,57,5,1063,0,21,28,2,51,929,93,85,7,1114,0,0,0,1114
11/08/2017,PHX,AZ,AWP,WE,Towers with Radar,1037,71,42,6,1156,0,17,25,2,44,1037,88,67,8,1200,0,0,0,1200
11/09/2017,PHX,AZ,AWP,WE,Towers with Radar,1092,76,55,1,1224,0,30,44,0,74,1092,106,99,1,1298,0,0,0,1298
11/10/2017,PHX,AZ,AWP,WE,Towers with Radar,1083,60,44,0,1187,0,21,32,2,55,1083,81,76,2,1242,0,0,0,1242
11/11/2017,PHX,AZ,AWP,WE,Towers with Radar,880,45,22,0,947,0,22,11,3,36,880,67,33,3,983,0,0,0,983
11/12/2017,PHX,AZ,AWP,WE,Towers with Radar,1021,57,48,1,1127,0,10,5,4,19,1021,67,53,5,1146,0,0,0,1146
11/13/2017,PHX,AZ,AWP,WE,Towers with Radar,1073,48,58,6,1185,0,21,24,1,46,1073,69,82,7,1231,0,0,0,1231
11/14/2017,PHX,AZ,AWP,WE,Towers with Radar,939,69,35,5,1048,0,34,37,5,76,939,103,72,10,1124,0,0,0,1124
11/15/2017,PHX,AZ,AWP,WE,Towers with Radar,1041,68,54,6,1169,0,29,30,0,59,1041,97,84,6,1228,0,0,0,1228
11/16/2017,PHX,AZ,AWP,WE,Towers with Radar,1075,75,60,3,1213,0,34,29,0,63,1075,109,89,3,1276,0,0,0,1276
11/17/2017,PHX,AZ,AWP,WE,Towers with Radar,1108,68,42,5,1223,0,21,36,2,59,1108,89,78,7,1282,0,0,0,1282
11/18/2017,PHX,AZ,AWP,WE,Towers with Radar,934,29,29,0,992,0,29,19,2,50,934,58,48,2,1042,0,0,0,1042
11/19/2017,PHX,AZ,AWP,WE,Towers with Radar,1016,50,37,4,1107,0,17,10,0,27,1016,67,47,4,1134,0,0,0,1134
11/20/2017,PHX,AZ,AWP,WE,Towers with Radar,1048,64,41,4,1157,0,18,28,0,46,1048,82,69,4,1203,0,0,0,1203
11/21/2017,PHX,AZ,AWP,WE,Towers with Radar,1087,66,37,6,1196,0,26,25,2,53,1087,92,62,8,1249,0,0,0,1249
11/22/2017,PHX,AZ,AWP,WE,Towers with Radar,1121,50,37,3,1211,0,36,29,0,65,1121,86,66,3,1276,0,0,0,1276
11/23/2017,PHX,AZ,AWP,WE,Towers with Radar,633,27,4,1,665,0,7,9,0,16,633,34,13,1,681,0,0,0,681
11/24/2017,PHX,AZ,AWP,WE,Towers with Radar,735,54,28,2,819,0,26,16,4,46,735,80,44,6,865,0,0,0,865
11/25/2017,PHX,AZ,AWP,WE,Towers with Radar,1053,47,30,0,1130,0,20,17,0,37,1053,67,47,0,1167,0,0,0,1167
11/26/2017,PHX,AZ,AWP,WE,Towers with Radar,1115,39,47,2,1203,0,6,14,0,20,1115,45,61,2,1223,0,0,0,1223
11/27/2017,PHX,AZ,AWP,WE,Towers with Radar,1101,49,24,5,1179,0,26,24,2,52,1101,75,48,7,1231,0,0,0,1231
11/28/2017,PHX,AZ,AWP,WE,Towers with Radar,967,66,46,3,1082,0,29,30,9,68,967,95,76,12,1150,0,0,0,1150
11/29/2017,PHX,AZ,AWP,WE,Towers with Radar,1021,68,60,4,1153,0,36,30,0,66,1021,104,90,4,1219,0,0,0,1219
11/30/2017,PHX,AZ,AWP,WE,Towers with Radar,1048,71,55,11,1185,0,22,27,3,52,1048,93,82,14,1237,0,0,0,1237
12/01/2017,PHX,AZ,AWP,WE,Towers with Radar,1059,60,42,13,1174,0,39,30,1,70,1059,99,72,14,1244,0,0,0,1244
12/02/2017,PHX,AZ,AWP,WE,Towers with Radar,846,32,14,5,897,0,33,13,3,49,846,65,27,8,946,0,0,0,946
12/03/2017,PHX,AZ,AWP,WE,Towers with Radar,990,40,33,4,1067,0,16,8,0,24,990,56,41,4,1091,0,0,0,1091
12/04/2017,PHX,AZ,AWP,WE,Towers with Radar,1034,54,36,0,1124,0,16,17,0,33,1034,70,53,0,1157,0,0,0,1157
12/05/2017,PHX,AZ,AWP,WE,Towers with Radar,925,66,45,8,1044,0,20,29,2,51,925,86,74,10,1095,0,0,0,1095
12/06/2017,PHX,AZ,AWP,WE,Towers with Radar,1030,67,70,7,1174,0,26,28,2,56,1030,93,98,9,1230,0,0,0,1230
12/07/2017,PHX,AZ,AWP,WE,Towers with Radar,1057,66,60,4,1187,0,29,31,0,60,1057,95,91,4,1247,0,0,0,1247
12/08/2017,PHX,AZ,AWP,WE,Towers with Radar,1053,56,38,5,1152,0,28,36,0,64,1053,84,74,5,1216,0,0,0,1216
12/09/2017,PHX,AZ,AWP,WE,Towers with Radar,838,44,28,8,918,0,24,23,0,47,838,68,51,8,965,0,0,0,965
12/10/2017,PHX,AZ,AWP,WE,Towers with Radar,986,40,37,7,1070,0,14,13,0,27,986,54,50,7,1097,0,0,0,1097
12/11/2017,PHX,AZ,AWP,WE,Towers with Radar,1031,55,37,7,1130,0,19,22,0,41,1031,74,59,7,1171,0,0,0,1171
12/12/2017,PHX,AZ,AWP,WE,Towers with Radar,949,70,39,8,1066,0,31,43,0,74,949,101,82,8,1140,0,0,0,1140
12/13/2017,PHX,AZ,AWP,WE,Towers with Radar,1027,61,48,5,1141,0,21,39,2,62,1027,82,87,7,1203,0,0,0,1203
12/14/2017,PHX,AZ,AWP,WE,Towers with Radar,1075,78,47,3,1203,0,24,30,2,56,1075,102,77,5,1259,0,0,0,1259
12/15/2017,PHX,AZ,AWP,WE,Towers with Radar,1101,65,43,4,1213,0,39,28,2,69,1101,104,71,6,1282,0,0,0,1282
12/16/2017,PHX,AZ,AWP,WE,Towers with Radar,1029,46,18,2,1095,0,20,10,0,30,1029,66,28,2,1125,0,0,0,1125
12/17/2017,PHX,AZ,AWP,WE,Towers with Radar,1087,39,28,4,1158,0,5,15,3,23,1087,44,43,7,1181,0,0,0,1181
12/18/2017,PHX,AZ,AWP,WE,Towers with Radar,1146,75,33,5,1259,0,32,24,0,56,1146,107,57,5,1315,0,0,0,1315
12/19/2017,PHX,AZ,AWP,WE,Towers with Radar,1175,61,43,6,1285,0,27,24,0,51,1175,88,67,6,1336,0,0,0,1336
12/20/2017,PHX,AZ,AWP,WE,Towers with Radar,1199,76,33,6,1314,0,21,20,4,45,1199,97,53,10,1359,0,0,0,1359
12/21/2017,PHX,AZ,AWP,WE,Towers with Radar,1212,57,25,8,1302,0,35,33,0,68,1212,92,58,8,1370,0,0,0,1370
12/22/2017,PHX,AZ,AWP,WE,Towers with Radar,1187,70,44,3,1304,0,28,20,0,48,1187,98,64,3,1352,0,0,0,1352
12/23/2017,PHX,AZ,AWP,WE,Towers with Radar,1127,58,23,0,1208,0,29,15,4,48,1127,87,38,4,1256,0,0,0,1256
12/24/2017,PHX,AZ,AWP,WE,Towers with Radar,775,40,8,0,823,0,10,7,0,17,775,50,15,0,840,0,0,0,840
12/25/2017,PHX,AZ,AWP,WE,Towers with Radar,787,31,15,0,833,0,6,9,0,15,787,37,24,0,848,0,0,0,848
12/26/2017,PHX,AZ,AWP,WE,Towers with Radar,1097,82,50,0,1229,0,20,19,0,39,1097,102,69,0,1268,0,0,0,1268
12/27/2017,PHX,AZ,AWP,WE,Towers with Radar,1192,69,31,1,1293,0,29,40,2,71,1192,98,71,3,1364,0,0,0,1364
12/28/2017,PHX,AZ,AWP,WE,Towers with Radar,1195,65,30,0,1290,0,20,17,0,37,1195,85,47,0,1327,0,0,0,1327
12/29/2017,PHX,AZ,AWP,WE,Towers with Radar,1151,73,26,0,1250,0,25,21,1,47,1151,98,47,1,1297,0,0,0,1297
12/30/2017,PHX,AZ,AWP,WE,Towers with Radar,1135,51,31,1,1218,0,16,11,3,30,1135,67,42,4,1248,0,0,0,1248
12/31/2017,PHX,AZ,AWP,WE,Towers with Radar,904,42,18,0,964,0,15,15,0,30,904,57,33,0,994,0,0,0,994
01/01/2018,PHX,AZ,AWP,WE,Towers with Radar,1043,38,24,0,1105,0,6,3,0,9,1043,44,27,0,1114,0,0,0,1114
01/02/2018,PHX,AZ,AWP,WE,Towers with Radar,1146,65,39,1,1251,0,25,20,7,52,1146,90,59,8,1303,0,0,0,1303
01/03/2018,PHX,AZ,AWP,WE,Towers with Radar,1142,74,36,3,1255,0,31,31,0,62,1142,105,67,3,1317,0,0,0,1317
01/04/2018,PHX,AZ,AWP,WE,Towers with Radar,1086,75,34,4,1199,0,16,27,0,43,1086,91,61,4,1242,0,0,0,1242
01/05/2018,PHX,AZ,AWP,WE,Towers with Radar,1077,72,29,7,1185,0,23,24,0,47,1077,95,53,7,1232,0,0,0,1232
01/06/2018,PHX,AZ,AWP,WE,Towers with Radar,1009,37,13,2,1061,0,18,11,0,29,1009,55,24,2,1090,0,0,0,1090
01/07/2018,PHX,AZ,AWP,WE,Towers with Radar,1064,40,42,5,1151,0,8,8,0,16,1064,48,50,5,1167,0,0,0,1167
01/08/2018,PHX,AZ,AWP,WE,Towers with Radar,1074,60,34,4,1172,0,11,12,0,23,1074,71,46,4,1195,0,0,0,1195
01/09/2018,PHX,AZ,AWP,WE,Towers with Radar,956,86,47,2,1091,0,19,24,6,49,956,105,71,8,1140,0,0,0,1140
01/10/2018,PHX,AZ,AWP,WE,Towers with Radar,1078,84,44,5,1211,0,13,24,0,37,1078,97,68,5,1248,0,0,0,1248
01/11/2018,PHX,AZ,AWP,WE,Towers with Radar,1074,76,40,5,1195,0,32,25,0,57,1074,108,65,5,1252,0,0,0,1252
01/12/2018,PHX,AZ,AWP,WE,Towers with Radar,1058,79,49,3,1189,0,31,24,2,57,1058,110,73,5,1246,0,0,0,1246
01/13/2018,PHX,AZ,AWP,WE,Towers with Radar,941,45,37,4,1027,0,22,13,3,38,941,67,50,7,1065,0,0,0,1065
01/14/2018,PHX,AZ,AWP,WE,Towers with Radar,969,43,33,3,1048,0,15,8,0,23,969,58,41,3,1071,0,0,0,1071
01/15/2018,PHX,AZ,AWP,WE,Towers with Radar,1054,63,35,2,1154,0,12,17,0,29,1054,75,52,2,1183,0,0,0,1183
01/16/2018,PHX,AZ,AWP,WE,Towers with Radar,947,83,35,7,1072,0,30,14,1,45,947,113,49,8,1117,0,0,0,1117
01/17/2018,PHX,AZ,AWP,WE,Towers with Radar,1046,85,44,4,1179,0,18,12,1,31,1046,103,56,5,1210,0,0,0,1210
01/18/2018,PHX,AZ,AWP,WE,Towers with Radar,1079,81,54,7,1221,0,33,22,0,55,1079,114,76,7,1276,0,0,0,1276
01/19/2018,PHX,AZ,AWP,WE,Towers with Radar,1057,77,49,9,1192,0,28,13,4,45,1057,105,62,13,1237,0,0,0,1237
01/20/2018,PHX,AZ,AWP,WE,Towers with Radar,946,47,22,3,1018,0,13,10,0,23,946,60,32,3,1041,0,0,0,1041
01/21/2018,PHX,AZ,AWP,WE,Towers with Radar,998,47,30,3,1078,0,10,4,1,15,998,57,34,4,1093,0,0,0,1093
01/22/2018,PHX,AZ,AWP,WE,Towers with Radar,1046,62,35,0,1143,0,23,7,0,30,1046,85,42,0,1173,0,0,0,1173
01/23/2018,PHX,AZ,AWP,WE,Towers with Radar,954,72,31,0,1057,0,28,10,6,44,954,100,41,6,1101,0,0,0,1101
01/24/2018,PHX,AZ,AWP,WE,Towers with Radar,1064,79,38,10,1191,0,11,27,0,38,1064,90,65,10,1229,0,0,0,1229
01/25/2018,PHX,AZ,AWP,WE,Towers with Radar,1073,88,42,4,1207,0,17,20,1,38,1073,105,62,5,1245,0,0,0,1245
01/26/2018,PHX,AZ,AWP,WE,Towers with Radar,1075,63,42,14,1194,0,19,22,0,41,1075,82,64,14,1235,0,0,0,1235
01/27/2018,PHX,AZ,AWP,WE,Towers with Radar,953,44,21,7,1025,0,20,15,4,39,953,64,36,11,1064,0,0,0,1064
01/28/2018,PHX,AZ,AWP,WE,Towers with Radar,1010,44,28,5,1087,0,28,12,1,41,1010,72,40,6,1128,0,0,0,1128
01/29/2018,PHX,AZ,AWP,WE,Towers with Radar,1068,61,47,1,1177,0,29,12,1,42,1068,90,59,2,1219,0,0,0,1219
01/30/2018,PHX,AZ,AWP,WE,Towers with Radar,964,86,72,3,1125,0,29,20,1,50,964,115,92,4,1175,0,0,0,1175
01/31/2018,PHX,AZ,AWP,WE,Towers with Radar,1063,72,59,5,1199,0,18,16,0,34,1063,90,75,5,1233,0,0,0,1233
02/01/2018,PHX,AZ,AWP,WE,Towers with Radar,1075,90,76,4,1245,0,8,15,8,31,1075,98,91,12,1276,0,0,0,1276
02/02/2018,PHX,AZ,AWP,WE,Towers with Radar,1072,70,52,4,1198,0,16,14,1,31,1072,86,66,5,1229,0,0,0,1229
02/03/2018,PHX,AZ,AWP,WE,Towers with Radar,942,37,23,0,1002,0,7,11,0,18,942,44,34,0,1020,0,0,0,1020
02/04/2018,PHX,AZ,AWP,WE,Towers with Radar,949,41,21,5,1016,0,11,11,1,23,949,52,32,6,1039,0,0,0,1039
02/05/2018,PHX,AZ,AWP,WE,Towers with Radar,1047,78,24,6,1155,0,19,18,2,39,1047,97,42,8,1194,0,0,0,1194
02/06/2018,PHX,AZ,AWP,WE,Towers with Radar,977,86,36,13,1112,0,28,13,4,45,977,114,49,17,1157,0,0,0,1157
02/07/2018,PHX,AZ,AWP,WE,Towers with Radar,1068,72,51,9,1200,0,32,23,0,55,1068,104,74,9,1255,0,0,0,1255
02/08/2018,PHX,AZ,AWP,WE,Towers with Radar,1071,69,62,4,1206,0,23,17,2,42,1071,92,79,6,1248,0,0,0,1248
02/09/2018,PHX,AZ,AWP,WE,Towers with Radar,1039,75,37,8,1159,0,20,20,0,40,1039,95,57,8,1199,0,0,0,1199
02/10/2018,PHX,AZ,AWP,WE,Towers with Radar,945,45,20,4,1014,0,8,8,5,21,945,53,28,9,1035,0,0,0,1035
02/11/2018,PHX,AZ,AWP,WE,Towers with Radar,1001,54,17,4,1076,0,13,12,3,28,1001,67,29,7,1104,0,0,0,1104
02/12/2018,PHX,AZ,AWP,WE,Towers with Radar,1070,75,33,7,1185,0,22,16,2,40,1070,97,49,9,1225,0,0,0,1225
02/13/2018,PHX,AZ,AWP,WE,Towers with Radar,959,95,58,4,1116,0,16,13,0,29,959,111,71,4,1145,0,0,0,1145
02/14/2018,PHX,AZ,AWP,WE,Towers with Radar,1015,76,41,1,1133,0,10,18,1,29,1015,86,59,2,1162,0,0,0,1162
02/15/2018,PHX,AZ,AWP,WE,Towers with Radar,1120,94,54,8,1276,0,1,11,2,14,1120,95,65,10,1290,0,0,0,1290
02/16/2018,PHX,AZ,AWP,WE,Towers with Radar,1152,69,56,5,1282,0,15,17,2,34,1152,84,73,7,1316,0,0,0,1316
02/17/2018,PHX,AZ,AWP,WE,Towers with Radar,991,49,15,2,1057,0,4,5,4,13,991,53,20,6,1070,0,0,0,1070
02/18/2018,PHX,AZ,AWP,WE,Towers with Radar,1023,51,25,3,1102,0,9,6,0,15,1023,60,31,3,1117,0,0,0,1117
02/19/2018,PHX,AZ,AWP,WE,Towers with Radar,1093,69,32,3,1197,0,8,6,0,14,1093,77,38,3,1211,0,0,0,1211
02/20/2018,PHX,AZ,AWP,WE,Towers with Radar,1075,89,45,4,1213,0,26,17,2,45,1075,115,62,6,1258,0,0,0,1258
02/21/2018,PHX,AZ,AWP,WE,Towers with Radar,1101,86,57,6,1250,0,25,22,2,49,1101,111,79,8,1299,0,0,0,1299
02/22/2018,PHX,AZ,AWP,WE,Towers with Radar,1117,84,55,7,1263,0,26,31,1,58,1117,110,86,8,1321,0,0,0,1321
02/23/2018,PHX,AZ,AWP,WE,Towers with Radar,1115,78,48,3,1244,0,18,17,0,35,1115,96,65,3,1279,0,0,0,1279
02/24/2018,PHX,AZ,AWP,WE,Towers with Radar,1000,50,20,7,1077,0,14,16,3,33,1000,64,36,10,1110,0,0,0,1110
02/25/2018,PHX,AZ,AWP,WE,Towers with Radar,1044,48,36,8,1136,0,12,8,2,22,1044,60,44,10,1158,0,0,0,1158
02/26/2018,PHX,AZ,AWP,WE,Towers with Radar,1115,53,42,3,1213,0,28,19,11,58,1115,81,61,14,1271,0,0,0,1271
02/27/2018,PHX,AZ,AWP,WE,Towers with Radar,1077,80,43,3,1203,0,24,16,5,45,1077,104,59,8,1248,0,0,0,1248
02/28/2018,PHX,AZ,AWP,WE,Towers with Radar,1119,85,53,4,1261,0,14,26,2,42,1119,99,79,6,1303,0,0,0,1303
03/01/2018,PHX,AZ,AWP,WE,Towers with Radar,1128,73,48,4,1253,0,15,22,0,37,1128,88,70,4,1290,0,0,0,1290
03/02/2018,PHX,AZ,AWP,WE,Towers with Radar,1068,70,41,3,1182,0,31,30,0,61,1068,101,71,3,1243,0,0,0,1243
03/03/2018,PHX,AZ,AWP,WE,Towers with Radar,995,36,29,8,1068,0,15,15,2,32,995,51,44,10,1100,0,0,0,1100
03/04/2018,PHX,AZ,AWP,WE,Towers with Radar,1049,35,31,2,1117,0,5,3,0,8,1049,40,34,2,1125,0,0,0,1125
03/05/2018,PHX,AZ,AWP,WE,Towers with Radar,1116,69,37,3,1225,0,20,20,0,40,1116,89,57,3,1265,0,0,0,1265
03/06/2018,PHX,AZ,AWP,WE,Towers with Radar,1147,72,45,6,1270,0,18,20,1,39,1147,90,65,7,1309,0,0,0,1309
03/07/2018,PHX,AZ,AWP,WE,Towers with Radar,1115,63,51,8,1237,0,26,24,0,50,1115,89,75,8,1287,0,0,0,1287
03/08/2018,PHX,AZ,AWP,WE,Towers with Radar,1163,65,50,9,1287,0,18,13,0,31,1163,83,63,9,1318,0,0,0,1318
03/09/2018,PHX,AZ,AWP,WE,Towers with Radar,1192,70,50,10,1322,0,19,29,0,48,1192,89,79,10,1370,0,0,0,1370
03/10/2018,PHX,AZ,AWP,WE,Towers with Radar,1127,47,31,4,1209,0,9,26,0,35,1127,56,57,4,1244,0,0,0,1244
03/11/2018,PHX,AZ,AWP,WE,Towers with Radar,1186,60,58,8,1312,0,0,6,0,6,1186,60,64,8,1318,0,0,0,1318
03/12/2018,PHX,AZ,AWP,WE,Towers with Radar,1170,70,34,2,1276,0,25,11,3,39,1170,95,45,5,1315,0,0,0,1315
03/13/2018,PHX,AZ,AWP,WE,Towers with Radar,1161,57,62,4,1284,0,15,30,5,50,1161,72,92,9,1334,0,0,0,1334
03/14/2018,PHX,AZ,AWP,WE,Towers with Radar,1172,67,44,5,1288,0,16,15,1,32,1172,83,59,6,1320,0,0,0,1320
03/15/2018,PHX,AZ,AWP,WE,Towers with Radar,1220,74,54,3,1351,0,25,28,3,56,1220,99,82,6,1407,0,0,0,1407
03/16/2018,PHX,AZ,AWP,WE,Towers with Radar,1235,84,48,10,1377,0,26,32,1,59,1235,110,80,11,1436,0,0,0,1436
03/17/2018,PHX,AZ,AWP,WE,Towers with Radar,1129,50,32,4,1215,0,11,9,1,21,1129,61,41,5,1236,0,0,0,1236
03/18/2018,PHX,AZ,AWP,WE,Towers with Radar,1198,49,49,4,1300,0,7,9,3,19,1198,56,58,7,1319,0,0,0,1319
03/19/2018,PHX,AZ,AWP,WE,Towers with Radar,1165,65,44,2,1276,0,25,15,0,40,1165,90,59,2,1316,0,0,0,1316
03/20/2018,PHX,AZ,AWP,WE,Towers with Radar,1144,77,59,5,1285,0,33,24,0,57,1144,110,83,5,1342,0,0,0,1342
03/21/2018,PHX,AZ,AWP,WE,Towers with Radar,1139,70,47,6,1262,0,37,16,1,54,1139,107,63,7,1316,0,0,0,1316
03/22/2018,PHX,AZ,AWP,WE,Towers with Radar,1213,79,61,5,1358,0,22,12,0,34,1213,101,73,5,1392,0,0,0,1392
03/23/2018,PHX,AZ,AWP,WE,Towers with Radar,1224,68,52,8,1352,0,25,29,0,54,1224,93,81,8,1406,0,0,0,1406
03/24/2018,PHX,AZ,AWP,WE,Towers with Radar,1075,56,38,14,1183,0,24,12,1,37,1075,80,50,15,1220,0,0,0,1220
03/25/2018,PHX,AZ,AWP,WE,Towers with Radar,1177,56,32,5,1270,0,7,6,5,18,1177,63,38,10,1288,0,0,0,1288
03/26/2018,PHX,AZ,AWP,WE,Towers with Radar,1166,72,36,5,1279,0,25,14,6,45,1166,97,50,11,1324,0,0,0,1324
03/27/2018,PHX,AZ,AWP,WE,Towers with Radar,1166,72,44,9,1291,0,33,32,0,65,1166,105,76,9,1356,0,0,0,1356
03/28/2018,PHX,AZ,AWP,WE,Towers with Radar,1162,77,54,12,1305,0,32,30,3,65,1162,109,84,15,1370,0,0,0,1370
03/29/2018,PHX,AZ,AWP,WE,Towers with Radar,1170,69,52,10,1301,0,23,16,0,39,1170,92,68,10,1340,0,0,0,1340
03/30/2018,PHX,AZ,AWP,WE,Towers with Radar,1154,87,39,3,1283,0,24,19,0,43,1154,111,58,3,1326,0,0,0,1326
03/31/2018,PHX,AZ,AWP,WE,Towers with Radar,1025,39,16,2,1082,0,15,18,2,35,1025,54,34,4,1117,0,0,0,1117
04/01/2018,PHX,AZ,AWP,WE,Towers with Radar,1076,54,11,0,1141,0,7,6,1,14,1076,61,17,1,1155,0,0,0,1155
04/02/2018,PHX,AZ,AWP,WE,Towers with Radar,1160,66,50,9,1285,0,23,19,4,46,1160,89,69,13,1331,0,0,0,1331
04/03/2018,PHX,AZ,AWP,WE,Towers with Radar,1136,68,38,5,1247,0,29,25,11,65,1136,97,63,16,1312,0,0,0,1312
04/04/2018,PHX,AZ,AWP,WE,Towers with Radar,1132,69,36,6,1243,0,16,23,6,45,1132,85,59,12,1288,0,0,0,1288
04/05/2018,PHX,AZ,AWP,WE,Towers with Radar,1167,61,45,6,1279,0,22,19,4,45,1167,83,64,10,1324,0,0,0,1324
04/06/2018,PHX,AZ,AWP,WE,Towers with Radar,1136,80,34,8,1258,0,30,12,0,42,1136,110,46,8,1300,0,0,0,1300
04/07/2018,PHX,AZ,AWP,WE,Towers with Radar,1039,42,29,4,1114,0,24,12,0,36,1039,66,41,4,1150,0,0,0,1150
04/08/2018,PHX,AZ,AWP,WE,Towers with Radar,1117,63,40,5,1225,0,3,12,0,15,1117,66,52,5,1240,0,0,0,1240
04/09/2018,PHX,AZ,AWP,WE,Towers with Radar,1132,63,38,5,1238,0,28,13,1,42,1132,91,51,6,1280,0,0,0,1280
04/10/2018,PHX,AZ,AWP,WE,Towers with Radar,1089,67,52,4,1212,0,24,25,0,49,1089,91,77,4,1261,0,0,0,1261
04/11/2018,PHX,AZ,AWP,WE,Towers with Radar,1118,63,34,2,1217,0,23,24,0,47,1118,86,58,2,1264,0,0,0,1264
04/12/2018,PHX,AZ,AWP,WE,Towers with Radar,1142,63,44,7,1256,0,19,14,0,33,1142,82,58,7,1289,0,0,0,1289
04/13/2018,PHX,AZ,AWP,WE,Towers with Radar,1119,61,47,17,1244,0,20,14,0,34,1119,81,61,17,1278,0,0,0,1278
04/14/2018,PHX,AZ,AWP,WE,Towers with Radar,914,34,18,5,971,0,16,6,2,24,914,50,24,7,995,0,0,0,995
04/15/2018,PHX,AZ,AWP,WE,Towers with Radar,1049,44,26,7,1126,0,7,25,1,33,1049,51,51,8,1159,0,0,0,1159
04/16/2018,PHX,AZ,AWP,WE,Towers with Radar,1113,63,30,15,1221,0,13,26,4,43,1113,76,56,19,1264,0,0,0,1264
04/17/2018,PHX,AZ,AWP,WE,Towers with Radar,1096,67,48,4,1215,0,18,10,0,28,1096,85,58,4,1243,0,0,0,1243
04/18/2018,PHX,AZ,AWP,WE,Towers with Radar,1104,71,53,1,1229,0,25,39,0,64,1104,96,92,1,1293,0,0,0,1293
04/19/2018,PHX,AZ,AWP,WE,Towers with Radar,1129,63,46,11,1249,0,13,14,0,27,1129,76,60,11,1276,0,0,0,1276
04/20/2018,PHX,AZ,AWP,WE,Towers with Radar,1114,81,45,11,1251,0,22,28,5,55,1114,103,73,16,1306,0,0,0,1306
04/21/2018,PHX,AZ,AWP,WE,Towers with Radar,940,51,27,0,1018,0,10,6,1,17,940,61,33,1,1035,0,0,0,1035
04/22/2018,PHX,AZ,AWP,WE,Towers with Radar,1059,49,26,2,1136,0,4,17,2,23,1059,53,43,4,1159,0,0,0,1159
04/23/2018,PHX,AZ,AWP,WE,Towers with Radar,1078,68,34,10,1190,0,24,21,0,45,1078,92,55,10,1235,0,0,0,1235
04/24/2018,PHX,AZ,AWP,WE,Towers with Radar,1086,51,40,19,1196,0,22,18,9,49,1086,73,58,28,1245,0,0,0,1245
04/25/2018,PHX,AZ,AWP,WE,Towers with Radar,1112,67,46,15,1240,0,31,21,1,53,1112,98,67,16,1293,0,0,0,1293
04/26/2018,PHX,AZ,AWP,WE,Towers with Radar,1118,58,69,6,1251,0,34,46,0,80,1118,92,115,6,1331,0,0,0,1331
04/27/2018,PHX,AZ,AWP,WE,Towers with Radar,1133,61,41,16,1251,0,25,39,0,64,1133,86,80,16,1315,0,0,0,1315
04/28/2018,PHX,AZ,AWP,WE,Towers with Radar,944,30,16,1,991,0,22,16,0,38,944,52,32,1,1029,0,0,0,1029
04/29/2018,PHX,AZ,AWP,WE,Towers with Radar,1054,40,26,1,1121,0,12,7,0,19,1054,52,33,1,1140,0,0,0,1140
04/30/2018,PHX,AZ,AWP,WE,Towers with Radar,1113,55,27,11,1206,0,28,20,0,48,1113,83,47,11,1254,0,0,0,1254
05/01/2018,PHX,AZ,AWP,WE,Towers with Radar,1112,74,45,14,1245,0,15,39,0,54,1112,89,84,14,1299,0,0,0,1299
05/02/2018,PHX,AZ,AWP,WE,Towers with Radar,1083,77,35,2,1197,0,11,14,0,25,1083,88,49,2,1222,0,0,0,1222
05/03/2018,PHX,AZ,AWP,WE,Towers with Radar,1123,66,56,10,1255,0,14,24,0,38,1123,80,80,10,1293,0,0,0,1293
05/04/2018,PHX,AZ,AWP,WE,Towers with Radar,1109,62,24,13,1208,0,24,18,1,43,1109,86,42,14,1251,0,0,0,1251
05/05/2018,PHX,AZ,AWP,WE,Towers with Radar,911,36,16,16,979,0,13,20,1,34,911,49,36,17,1013,0,0,0,1013
05/06/2018,PHX,AZ,AWP,WE,Towers with Radar,1055,44,27,7,1133,0,7,7,1,15,1055,51,34,8,1148,0,0,0,1148
05/07/2018,PHX,AZ,AWP,WE,Towers with Radar,1086,57,38,1,1182,0,13,14,0,27,1086,70,52,1,1209,0,0,0,1209
05/08/2018,PHX,AZ,AWP,WE,Towers with Radar,1101,66,37,2,1206,0,15,19,1,35,1101,81,56,3,1241,0,0,0,1241
05/09/2018,PHX,AZ,AWP,WE,Towers with Radar,1093,59,45,4,1201,0,30,35,0,65,1093,89,80,4,1266,0,0,0,1266
05/10/2018,PHX,AZ,AWP,WE,Towers with Radar,1110,52,46,3,1211,0,24,24,3,51,1110,76,70,6,1262,0,0,0,1262
05/11/2018,PHX,AZ,AWP,WE,Towers with Radar,1106,66,39,3,1214,0,17,22,0,39,1106,83,61,3,1253,0,0,0,1253
05/12/2018,PHX,AZ,AWP,WE,Towers with Radar,909,40,18,2,969,0,11,12,0,23,909,51,30,2,992,0,0,0,992
05/13/2018,PHX,AZ,AWP,WE,Towers with Radar,1040,41,21,1,1103,0,11,7,0,18,1040,52,28,1,1121,0,0,0,1121
05/14/2018,PHX,AZ,AWP,WE,Towers with Radar,1082,50,37,6,1175,0,17,12,6,35,1082,67,49,12,1210,0,0,0,1210
05/15/2018,PHX,AZ,AWP,WE,Towers with Radar,1083,61,41,4,1189,0,17,29,8,54,1083,78,70,12,1243,0,0,0,1243
05/16/2018,PHX,AZ,AWP,WE,Towers with Radar,1092,53,47,4,1196,0,17,20,0,37,1092,70,67,4,1233,0,0,0,1233
05/17/2018,PHX,AZ,AWP,WE,Towers with Radar,1124,54,43,6,1227,0,20,21,4,45,1124,74,64,10,1272,0,0,0,1272
05/18/2018,PHX,AZ,AWP,WE,Towers with Radar,1106,50,56,3,1215,0,18,16,0,34,1106,68,72,3,1249,0,0,0,1249
05/19/2018,PHX,AZ,AWP,WE,Towers with Radar,914,30,19,3,966,0,9,14,0,23,914,39,33,3,989,0,0,0,989
05/20/2018,PHX,AZ,AWP,WE,Towers with Radar,1053,46,25,2,1126,0,17,10,2,29,1053,63,35,4,1155,0,0,0,1155
05/21/2018,PHX,AZ,AWP,WE,Towers with Radar,1091,77,39,6,1213,0,15,34,2,51,1091,92,73,8,1264,0,0,0,1264
05/22/2018,PHX,AZ,AWP,WE,Towers with Radar,1109,62,40,4,1215,0,31,38,6,75,1109,93,78,10,1290,0,0,0,1290
05/23/2018,PHX,AZ,AWP,WE,Towers with Radar,1094,69,33,9,1205,0,24,16,0,40,1094,93,49,9,1245,0,0,0,1245
05/24/2018,PHX,AZ,AWP,WE,Towers with Radar,1155,65,36,5,1261,0,11,22,0,33,1155,76,58,5,1294,0,0,0,1294
05/25/2018,PHX,AZ,AWP,WE,Towers with Radar,1164,62,32,0,1258,0,12,28,0,40,1164,74,60,0,1298,0,0,0,1298
05/26/2018,PHX,AZ,AWP,WE,Towers with Radar,917,29,16,2,964,0,18,6,0,24,917,47,22,2,988,0,0,0,988
05/27/2018,PHX,AZ,AWP,WE,Towers with Radar,916,22,14,3,955,0,10,10,0,20,916,32,24,3,975,0,0,0,975
05/28/2018,PHX,AZ,AWP,WE,Towers with Radar,1096,36,23,1,1156,0,17,15,0,32,1096,53,38,1,1188,0,0,0,1188
05/29/2018,PHX,AZ,AWP,WE,Towers with Radar,1075,50,28,3,1156,0,30,18,8,56,1075,80,46,11,1212,0,0,0,1212
05/30/2018,PHX,AZ,AWP,WE,Towers with Radar,1099,46,45,1,1191,0,25,20,0,45,1099,71,65,1,1236,0,0,0,1236
05/31/2018,PHX,AZ,AWP,WE,Towers with Radar,1109,52,44,2,1207,0,34,19,1,54,1109,86,63,3,1261,0,0,0,1261
06/01/2018,PHX,AZ,AWP,WE,Towers with Radar,1101,56,39,3,1199,0,24,17,3,44,1101,80,56,6,1243,0,0,0,1243
06/02/2018,PHX,AZ,AWP,WE,Towers with Radar,894,25,27,0,946,0,17,11,0,28,894,42,38,0,974,0,0,0,974
06/03/2018,PHX,AZ,AWP,WE,Towers with Radar,1045,31,18,3,1097,0,0,1,1,2,1045,31,19,4,1099,0,0,0,1099
06/04/2018,PHX,AZ,AWP,WE,Towers with Radar,1080,58,33,1,1172,0,17,13,2,32,1080,75,46,3,1204,0,0,0,1204
06/05/2018,PHX,AZ,AWP,WE,Towers with Radar,1099,68,32,5,1204,0,23,13,1,37,1099,91,45,6,1241,0,0,0,1241
06/06/2018,PHX,AZ,AWP,WE,Towers with Radar,1085,52,48,4,1189,0,22,35,0,57,1085,74,83,4,1246,0,0,0,1246
06/07/2018,PHX,AZ,AWP,WE,Towers with Radar,1078,62,38,4,1182,0,20,25,0,45,1078,82,63,4,1227,0,0,0,1227
06/08/2018,PHX,AZ,AWP,WE,Towers with Radar,1084,52,22,6,1164,0,30,30,0,60,1084,82,52,6,1224,0,0,0,1224
06/09/2018,PHX,AZ,AWP,WE,Towers with Radar,943,28,16,2,989,0,14,7,0,21,943,42,23,2,1010,0,0,0,1010
06/10/2018,PHX,AZ,AWP,WE,Towers with Radar,1032,37,25,0,1094,0,5,3,1,9,1032,42,28,1,1103,0,0,0,1103
06/11/2018,PHX,AZ,AWP,WE,Towers with Radar,1064,53,28,6,1151,0,16,12,3,31,1064,69,40,9,1182,0,0,0,1182
06/12/2018,PHX,AZ,AWP,WE,Towers with Radar,1097,52,33,5,1187,0,20,20,0,40,1097,72,53,5,1227,0,0,0,1227
06/13/2018,PHX,AZ,AWP,WE,Towers with Radar,1086,57,57,6,1206,0,31,16,4,51,1086,88,73,10,1257,0,0,0,1257
06/14/2018,PHX,AZ,AWP,WE,Towers with Radar,1090,52,47,5,1194,0,21,50,2,73,1090,73,97,7,1267,0,0,0,1267
06/15/2018,PHX,AZ,AWP,WE,Towers with Radar,1084,49,41,8,1182,0,21,13,0,34,1084,70,54,8,1216,0,0,0,1216
06/16/2018,PHX,AZ,AWP,WE,Towers with Radar,934,30,19,1,984,0,12,4,2,18,934,42,23,3,1002,0,0,0,1002
06/17/2018,PHX,AZ,AWP,WE,Towers with Radar,1031,41,19,0,1091,0,7,10,0,17,1031,48,29,0,1108,0,0,0,1108
06/18/2018,PHX,AZ,AWP,WE,Towers with Radar,1066,46,29,1,1142,0,16,17,0,33,1066,62,46,1,1175,0,0,0,1175
06/19/2018,PHX,AZ,AWP,WE,Towers with Radar,1083,62,53,4,1202,0,22,13,0,35,1083,84,66,4,1237,0,0,0,1237
06/20/2018,PHX,AZ,AWP,WE,Towers with Radar,1088,56,39,3,1186,0,46,24,0,70,1088,102,63,3,1256,0,0,0,1256
06/21/2018,PHX,AZ,AWP,WE,Towers with Radar,1100,47,41,5,1193,0,23,23,0,46,1100,70,64,5,1239,0,0,0,1239
06/22/2018,PHX,AZ,AWP,WE,Towers with Radar,1070,56,33,5,1164,0,23,24,0,47,1070,79,57,5,1211,0,0,0,1211
06/23/2018,PHX,AZ,AWP,WE,Towers with Radar,942,26,28,6,1002,0,10,6,0,16,942,36,34,6,1018,0,0,0,1018
06/24/2018,PHX,AZ,AWP,WE,Towers with Radar,1013,29,22,0,1064,0,16,7,0,23,1013,45,29,0,1087,0,0,0,1087
06/25/2018,PHX,AZ,AWP,WE,Towers with Radar,1065,48,24,5,1142,0,19,17,0,36,1065,67,41,5,1178,0,0,0,1178
06/26/2018,PHX,AZ,AWP,WE,Towers with Radar,1080,52,29,6,1167,0,14,22,0,36,1080,66,51,6,1203,0,0,0,1203
06/27/2018,PHX,AZ,AWP,WE,Towers with Radar,1097,65,33,6,1201,0,16,22,0,38,1097,81,55,6,1239,0,0,0,1239
06/28/2018,PHX,AZ,AWP,WE,Towers with Radar,1093,45,40,9,1187,0,33,29,0,62,1093,78,69,9,1249,0,0,0,1249
06/29/2018,PHX,AZ,AWP,WE,Towers with Radar,1099,67,34,5,1205,0,14,9,0,23,1099,81,43,5,1228,0,0,0,1228
06/30/2018,PHX,AZ,AWP,WE,Towers with Radar,944,28,23,2,997,0,13,8,0,21,944,41,31,2,1018,0,0,0,1018
07/01/2018,PHX,AZ,AWP,WE,Towers with Radar,1015,28,23,1,1067,0,29,13,0,42,1015,57,36,1,1109,0,0,0,1109
07/02/2018,PHX,AZ,AWP,WE,Towers with Radar,1048,43,28,2,1121,0,9,17,4,30,1048,52,45,6,1151,0,0,0,1151
07/03/2018,PHX,AZ,AWP,WE,Towers with Radar,1007,53,24,5,1089,0,24,24,0,48,1007,77,48,5,1137,0,0,0,1137
07/04/2018,PHX,AZ,AWP,WE,Towers with Radar,866,31,10,0,907,0,13,12,1,26,866,44,22,1,933,0,0,0,933
07/05/2018,PHX,AZ,AWP,WE,Towers with Radar,1016,54,25,2,1097,0,13,22,0,35,1016,67,47,2,1132,0,0,0,1132
07/06/2018,PHX,AZ,AWP,WE,Towers with Radar,1053,58,16,3,1130,0,23,15,0,38,1053,81,31,3,1168,0,0,0,1168
07/07/2018,PHX,AZ,AWP,WE,Towers with Radar,950,28,7,1,986,0,8,9,2,19,950,36,16,3,1005,0,0,0,1005
07/08/2018,PHX,AZ,AWP,WE,Towers with Radar,1044,34,19,3,1100,0,5,2,0,7,1044,39,21,3,1107,0,0,0,1107
07/09/2018,PHX,AZ,AWP,WE,Towers with Radar,1057,52,34,4,1147,0,18,13,0,31,1057,70,47,4,1178,0,0,0,1178
07/10/2018,PHX,AZ,AWP,WE,Towers with Radar,1069,67,33,3,1172,0,15,12,0,27,1069,82,45,3,1199,0,0,0,1199
07/11/2018,PHX,AZ,AWP,WE,Towers with Radar,1081,69,42,4,1196,0,21,25,6,52,1081,90,67,10,1248,0,0,0,1248
07/12/2018,PHX,AZ,AWP,WE,Towers with Radar,1089,50,43,2,1184,0,33,14,0,47,1089,83,57,2,1231,0,0,0,1231
07/13/2018,PHX,AZ,AWP,WE,Towers with Radar,1095,54,34,3,1186,0,16,21,2,39,1095,70,55,5,1225,0,0,0,1225
07/14/2018,PHX,AZ,AWP,WE,Towers with Radar,944,26,21,1,992,0,11,7,0,18,944,37,28,1,1010,0,0,0,1010
07/15/2018,PHX,AZ,AWP,WE,Towers with Radar,1022,32,23,5,1082,0,7,12,0,19,1022,39,35,5,1101,0,0,0,1101
07/16/2018,PHX,AZ,AWP,WE,Towers with Radar,1072,52,30,0,1154,0,9,11,4,24,1072,61,41,4,1178,0,0,0,1178
07/17/2018,PHX,AZ,AWP,WE,Towers with Radar,1093,57,39,7,1196,0,11,22,5,38,1093,68,61,12,1234,0,0,0,1234
07/18/2018,PHX,AZ,AWP,WE,Towers with Radar,1107,65,48,5,1225,0,18,22,0,40,1107,83,70,5,1265,0,0,0,1265
07/19/2018,PHX,AZ,AWP,WE,Towers with Radar,1113,65,54,8,1240,0,21,16,0,37,1113,86,70,8,1277,0,0,0,1277
07/20/2018,PHX,AZ,AWP,WE,Towers with Radar,1087,61,46,7,1201,0,19,11,4,34,1087,80,57,11,1235,0,0,0,1235
07/21/2018,PHX,AZ,AWP,WE,Towers with Radar,953,34,31,8,1026,0,18,8,0,26,953,52,39,8,1052,0,0,0,1052
07/22/2018,PHX,AZ,AWP,WE,Towers with Radar,1007,35,33,2,1077,0,18,9,0,27,1007,53,42,2,1104,0,0,0,1104
07/23/2018,PHX,AZ,AWP,WE,Towers with Radar,1055,56,31,4,1146,0,13,28,0,41,1055,69,59,4,1187,0,0,0,1187
07/24/2018,PHX,AZ,AWP,WE,Towers with Radar,1085,53,39,3,1180,0,24,30,0,54,1085,77,69,3,1234,0,0,0,1234
07/25/2018,PHX,AZ,AWP,WE,Towers with Radar,1103,63,47,2,1215,0,21,25,0,46,1103,84,72,2,1261,0,0,0,1261
07/26/2018,PHX,AZ,AWP,WE,Towers with Radar,1096,51,50,0,1197,0,15,19,0,34,1096,66,69,0,1231,0,0,0,1231
07/27/2018,PHX,AZ,AWP,WE,Towers with Radar,1080,49,43,5,1177,0,28,24,0,52,1080,77,67,5,1229,0,0,0,1229
07/28/2018,PHX,AZ,AWP,WE,Towers with Radar,959,27,28,0,1014,0,21,12,0,33,959,48,40,0,1047,0,0,0,1047
07/29/2018,PHX,AZ,AWP,WE,Towers with Radar,1028,31,27,1,1087,0,23,8,3,34,1028,54,35,4,1121,0,0,0,1121
07/30/2018,PHX,AZ,AWP,WE,Towers with Radar,1002,59,33,2,1096,0,20,23,0,43,1002,79,56,2,1139,0,0,0,1139
07/31/2018,PHX,AZ,AWP,WE,Towers with Radar,1111,54,36,4,1205,0,24,24,2,50,1111,78,60,6,1255,0,0,0,1255
08/01/2018,PHX,AZ,AWP,WE,Towers with Radar,1088,58,38,8,1192,0,23,26,1,50,1088,81,64,9,1242,0,0,0,1242
08/02/2018,PHX,AZ,AWP,WE,Towers with Radar,1035,47,36,2,1120,0,25,11,0,36,1035,72,47,2,1156,0,0,0,1156
08/03/2018,PHX,AZ,AWP,WE,Towers with Radar,1075,51,27,9,1162,0,25,23,0,48,1075,76,50,9,1210,0,0,0,1210
08/04/2018,PHX,AZ,AWP,WE,Towers with Radar,936,22,17,3,978,0,13,11,0,24,936,35,28,3,1002,0,0,0,1002
08/05/2018,PHX,AZ,AWP,WE,Towers with Radar,1032,35,27,4,1098,0,4,6,0,10,1032,39,33,4,1108,0,0,0,1108
08/06/2018,PHX,AZ,AWP,WE,Towers with Radar,1053,42,23,4,1122,0,21,20,0,41,1053,63,43,4,1163,0,0,0,1163
08/07/2018,PHX,AZ,AWP,WE,Towers with Radar,1043,67,31,4,1145,0,21,23,0,44,1043,88,54,4,1189,0,0,0,1189
08/08/2018,PHX,AZ,AWP,WE,Towers with Radar,1060,82,46,4,1192,0,16,11,2,29,1060,98,57,6,1221,0,0,0,1221
08/09/2018,PHX,AZ,AWP,WE,Towers with Radar,1094,72,41,9,1216,0,27,21,0,48,1094,99,62,9,1264,0,0,0,1264
08/10/2018,PHX,AZ,AWP,WE,Towers with Radar,1064,54,22,5,1145,0,32,28,0,60,1064,86,50,5,1205,0,0,0,1205
08/11/2018,PHX,AZ,AWP,WE,Towers with Radar,929,28,16,3,976,0,16,6,0,22,929,44,22,3,998,0,0,0,998
08/12/2018,PHX,AZ,AWP,WE,Towers with Radar,1001,34,16,4,1055,0,4,3,0,7,1001,38,19,4,1062,0,0,0,1062
08/13/2018,PHX,AZ,AWP,WE,Towers with Radar,1058,55,27,4,1144,0,16,19,0,35,1058,71,46,4,1179,0,0,0,1179
08/14/2018,PHX,AZ,AWP,WE,Towers with Radar,1068,52,37,6,1163,0,17,17,6,40,1068,69,54,12,1203,0,0,0,1203
08/15/2018,PHX,AZ,AWP,WE,Towers with Radar,1079,74,40,7,1200,0,30,32,0,62,1079,104,72,7,1262,0,0,0,1262
08/16/2018,PHX,AZ,AWP,WE,Towers with Radar,1073,59,47,6,1185,0,24,17,1,42,1073,83,64,7,1227,0,0,0,1227
08/17/2018,PHX,AZ,AWP,WE,Towers with Radar,1068,67,26,11,1172,0,15,12,5,32,1068,82,38,16,1204,0,0,0,1204
08/18/2018,PHX,AZ,AWP,WE,Towers with Radar,884,30,18,0,932,0,20,11,3,34,884,50,29,3,966,0,0,0,966
08/19/2018,PHX,AZ,AWP,WE,Towers with Radar,996,38,41,1,1076,0,16,6,5,27,996,54,47,6,1103,0,0,0,1103
08/20/2018,PHX,AZ,AWP,WE,Towers with Radar,1045,54,30,4,1133,0,18,13,5,36,1045,72,43,9,1169,0,0,0,1169
08/21/2018,PHX,AZ,AWP,WE,Towers with Radar,938,63,58,6,1065,0,24,26,0,50,938,87,84,6,1115,0,0,0,1115
08/22/2018,PHX,AZ,AWP,WE,Towers with Radar,1021,72,47,6,1146,0,23,27,0,50,1021,95,74,6,1196,0,0,0,1196
08/23/2018,PHX,AZ,AWP,WE,Towers with Radar,1052,67,56,9,1184,0,18,18,0,36,1052,85,74,9,1220,0,0,0,1220
08/24/2018,PHX,AZ,AWP,WE,Towers with Radar,1052,71,43,11,1177,0,18,15,2,35,1052,89,58,13,1212,0,0,0,1212
08/25/2018,PHX,AZ,AWP,WE,Towers with Radar,766,35,19,4,824,0,18,5,0,23,766,53,24,4,847,0,0,0,847
08/26/2018,PHX,AZ,AWP,WE,Towers with Radar,967,37,29,3,1036,0,14,13,0,27,967,51,42,3,1063,0,0,0,1063
08/27/2018,PHX,AZ,AWP,WE,Towers with Radar,1030,57,32,6,1125,0,31,15,0,46,1030,88,47,6,1171,0,0,0,1171
08/28/2018,PHX,AZ,AWP,WE,Towers with Radar,923,69,33,6,1031,0,29,31,0,60,923,98,64,6,1091,0,0,0,1091
08/29/2018,PHX,AZ,AWP,WE,Towers with Radar,1019,49,49,1,1118,0,21,31,0,52,1019,70,80,1,1170,0,0,0,1170
08/30/2018,PHX,AZ,AWP,WE,Towers with Radar,1049,68,56,5,1178,0,22,49,4,75,1049,90,105,9,1253,0,0,0,1253
08/31/2018,PHX,AZ,AWP,WE,Towers with Radar,1044,53,43,0,1140,0,19,12,3,34,1044,72,55,3,1174,0,0,0,1174
09/01/2018,PHX,AZ,AWP,WE,Towers with Radar,742,33,7,0,782,0,13,6,0,19,742,46,13,0,801,0,0,0,801
09/02/2018,PHX,AZ,AWP,WE,Towers with Radar,824,35,7,3,869,0,6,8,0,14,824,41,15,3,883,0,0,0,883
09/03/2018,PHX,AZ,AWP,WE,Towers with Radar,986,42,25,0,1053,0,9,11,0,20,986,51,36,0,1073,0,0,0,1073
09/04/2018,PHX,AZ,AWP,WE,Towers with Radar,901,54,30,9,994,0,14,15,2,31,901,68,45,11,1025,0,0,0,1025
09/05/2018,PHX,AZ,AWP,WE,Towers with Radar,1013,52,32,3,1100,0,21,23,0,44,1013,73,55,3,1144,0,0,0,1144
09/06/2018,PHX,AZ,AWP,WE,Towers with Radar,1029,58,31,3,1121,0,34,21,0,55,1029,92,52,3,1176,0,0,0,1176
09/07/2018,PHX,AZ,AWP,WE,Towers with Radar,1024,58,35,4,1121,0,28,14,0,42,1024,86,49,4,1163,0,0,0,1163
09/08/2018,PHX,AZ,AWP,WE,Towers with Radar,763,36,26,1,826,0,20,12,0,32,763,56,38,1,858,0,0,0,858
09/09/2018,PHX,AZ,AWP,WE,Towers with Radar,967,31,29,1,1028,0,15,9,0,24,967,46,38,1,1052,0,0,0,1052
09/10/2018,PHX,AZ,AWP,WE,Towers with Radar,1032,60,26,4,1122,0,17,18,2,37,1032,77,44,6,1159,0,0,0,1159
09/11/2018,PHX,AZ,AWP,WE,Towers with Radar,926,68,24,3,1021,0,19,33,0,52,926,87,57,3,1073,0,0,0,1073
09/12/2018,PHX,AZ,AWP,WE,Towers with Radar,1020,70,46,4,1140,0,18,33,0,51,1020,88,79,4,1191,0,0,0,1191
09/13/2018,PHX,AZ,AWP,WE,Towers with Radar,1053,53,37,5,1148,0,18,20,0,38,1053,71,57,5,1186,0,0,0,1186
09/14/2018,PHX,AZ,AWP,WE,Towers with Radar,1051,54,40,11,1156,0,21,17,2,40,1051,75,57,13,1196,0,0,0,1196
09/15/2018,PHX,AZ,AWP,WE,Towers with Radar,765,35,19,6,825,0,14,5,0,19,765,49,24,6,844,0,0,0,844
09/16/2018,PHX,AZ,AWP,WE,Towers with Radar,905,46,26,4,981,0,6,7,5,18,905,52,33,9,999,0,0,0,999
09/17/2018,PHX,AZ,AWP,WE,Towers with Radar,1037,52,35,8,1132,0,17,28,1,46,1037,69,63,9,1178,0,0,0,1178
09/18/2018,PHX,AZ,AWP,WE,Towers with Radar,925,63,48,2,1038,0,18,13,1,32,925,81,61,3,1070,0,0,0,1070
09/19/2018,PHX,AZ,AWP,WE,Towers with Radar,1020,54,49,10,1133,0,19,22,0,41,1020,73,71,10,1174,0,0,0,1174
09/20/2018,PHX,AZ,AWP,WE,Towers with Radar,1060,67,60,8,1195,0,21,18,0,39,1060,88,78,8,1234,0,0,0,1234
09/21/2018,PHX,AZ,AWP,WE,Towers with Radar,1041,57,41,5,1144,0,21,16,0,37,1041,78,57,5,1181,0,0,0,1181
09/22/2018,PHX,AZ,AWP,WE,Towers with Radar,771,31,21,2,825,0,11,5,5,21,771,42,26,7,846,0,0,0,846
09/23/2018,PHX,AZ,AWP,WE,Towers with Radar,978,36,23,0,1037,0,33,6,3,42,978,69,29,3,1079,0,0,0,1079
09/24/2018,PHX,AZ,AWP,WE,Towers with Radar,1041,60,37,1,1139,0,31,17,4,52,1041,91,54,5,1191,0,0,0,1191
09/25/2018,PHX,AZ,AWP,WE,Towers with Radar,929,61,51,1,1042,0,26,17,4,47,929,87,68,5,1089,0,0,0,1089
09/26/2018,PHX,AZ,AWP,WE,Towers with Radar,1019,71,45,4,1139,0,23,14,0,37,1019,94,59,4,1176,0,0,0,1176
09/27/2018,PHX,AZ,AWP,WE,Towers with Radar,1058,78,35,3,1174,0,19,22,0,41,1058,97,57,3,1215,0,0,0,1215
09/28/2018,PHX,AZ,AWP,WE,Towers with Radar,1055,71,37,2,1165,0,14,22,0,36,1055,85,59,2,1201,0,0,0,1201
09/29/2018,PHX,AZ,AWP,WE,Towers with Radar,771,50,28,0,849,0,10,20,3,33,771,60,48,3,882,0,0,0,882
09/30/2018,PHX,AZ,AWP,WE,Towers with Radar,979,54,36,0,1069,0,4,7,5,16,979,58,43,5,1085,0,0,0,1085
10/01/2018,PHX,AZ,AWP,WE,Towers with Radar,1039,84,37,4,1164,0,7,9,2,18,1039,91,46,6,1182,0,0,0,1182
10/02/2018,PHX,AZ,AWP,WE,Towers with Radar,931,79,38,2,1050,0,3,9,0,12,931,82,47,2,1062,0,0,0,1062
10/03/2018,PHX,AZ,AWP,WE,Towers with Radar,1027,82,66,6,1181,0,10,17,1,28,1027,92,83,7,1209,0,0,0,1209
10/04/2018,PHX,AZ,AWP,WE,Towers with Radar,1079,76,61,4,1220,0,14,32,0,46,1079,90,93,4,1266,0,0,0,1266
10/05/2018,PHX,AZ,AWP,WE,Towers with Radar,1068,84,45,8,1205,0,24,31,0,55,1068,108,76,8,1260,0,0,0,1260
10/06/2018,PHX,AZ,AWP,WE,Towers with Radar,916,40,18,5,979,0,13,10,0,23,916,53,28,5,1002,0,0,0,1002
10/07/2018,PHX,AZ,AWP,WE,Towers with Radar,999,47,25,4,1075,0,10,4,3,17,999,57,29,7,1092,0,0,0,1092
10/08/2018,PHX,AZ,AWP,WE,Towers with Radar,1079,59,38,5,1181,0,17,15,0,32,1079,76,53,5,1213,0,0,0,1213
10/09/2018,PHX,AZ,AWP,WE,Towers with Radar,1072,60,37,6,1175,0,16,35,0,51,1072,76,72,6,1226,0,0,0,1226
10/10/2018,PHX,AZ,AWP,WE,Towers with Radar,1084,62,52,3,1201,0,18,21,0,39,1084,80,73,3,1240,0,0,0,1240
10/11/2018,PHX,AZ,AWP,WE,Towers with Radar,1090,70,51,5,1216,0,13,19,0,32,1090,83,70,5,1248,0,0,0,1248
10/12/2018,PHX,AZ,AWP,WE,Towers with Radar,1084,56,26,1,1167,0,17,16,0,33,1084,73,42,1,1200,0,0,0,1200
10/13/2018,PHX,AZ,AWP,WE,Towers with Radar,922,55,15,1,993,0,3,4,0,7,922,58,19,1,1000,0,0,0,1000
10/14/2018,PHX,AZ,AWP,WE,Towers with Radar,1014,40,30,2,1086,0,10,6,0,16,1014,50,36,2,1102,0,0,0,1102
10/15/2018,PHX,AZ,AWP,WE,Towers with Radar,1062,61,35,8,1166,0,20,23,0,43,1062,81,58,8,1209,0,0,0,1209
10/16/2018,PHX,AZ,AWP,WE,Towers with Radar,1081,72,46,8,1207,0,15,31,3,49,1081,87,77,11,1256,0,0,0,1256
10/17/2018,PHX,AZ,AWP,WE,Towers with Radar,1077,77,76,9,1239,0,17,28,3,48,1077,94,104,12,1287,0,0,0,1287
10/18/2018,PHX,AZ,AWP,WE,Towers with Radar,1088,95,66,8,1257,0,14,31,0,45,1088,109,97,8,1302,0,0,0,1302
10/19/2018,PHX,AZ,AWP,WE,Towers with Radar,1088,104,63,7,1262,0,15,18,6,39,1088,119,81,13,1301,0,0,0,1301
10/20/2018,PHX,AZ,AWP,WE,Towers with Radar,909,34,32,7,982,0,15,19,5,39,909,49,51,12,1021,0,0,0,1021
10/21/2018,PHX,AZ,AWP,WE,Towers with Radar,1016,45,29,4,1094,0,10,6,0,16,1016,55,35,4,1110,0,0,0,1110
10/22/2018,PHX,AZ,AWP,WE,Towers with Radar,1070,78,41,4,1193,0,7,25,0,32,1070,85,66,4,1225,0,0,0,1225
10/23/2018,PHX,AZ,AWP,WE,Towers with Radar,1074,71,49,5,1199,0,18,26,0,44,1074,89,75,5,1243,0,0,0,1243
10/24/2018,PHX,AZ,AWP,WE,Towers with Radar,1089,64,42,3,1198,0,26,30,0,56,1089,90,72,3,1254,0,0,0,1254
10/25/2018,PHX,AZ,AWP,WE,Towers with Radar,1097,59,58,4,1218,0,29,36,0,65,1097,88,94,4,1283,0,0,0,1283
10/26/2018,PHX,AZ,AWP,WE,Towers with Radar,1079,72,38,9,1198,0,27,39,0,66,1079,99,77,9,1264,0,0,0,1264
10/27/2018,PHX,AZ,AWP,WE,Towers with Radar,911,33,25,5,974,0,6,18,0,24,911,39,43,5,998,0,0,0,998
10/28/2018,PHX,AZ,AWP,WE,Towers with Radar,1009,49,46,4,1108,1,20,17,0,38,1010,69,63,4,1146,0,0,0,1146
10/29/2018,PHX,AZ,AWP,WE,Towers with Radar,1082,70,34,5,1191,0,26,30,0,56,1082,96,64,5,1247,0,0,0,1247
10/30/2018,PHX,AZ,AWP,WE,Towers with Radar,1057,71,50,4,1182,0,29,26,0,55,1057,100,76,4,1237,0,0,0,1237
10/31/2018,PHX,AZ,AWP,WE,Towers with Radar,924,54,40,2,1020,0,23,26,1,50,924,77,66,3,1070,0,0,0,1070
11/01/2018,PHX,AZ,AWP,WE,Towers with Radar,1081,72,51,4,1208,0,25,38,0,63,1081,97,89,4,1271,0,0,0,1271
11/02/2018,PHX,AZ,AWP,WE,Towers with Radar,1079,55,38,5,1177,0,16,18,0,34,1079,71,56,5,1211,0,0,0,1211
11/03/2018,PHX,AZ,AWP,WE,Towers with Radar,918,39,25,1,983,0,11,22,2,35,918,50,47,3,1018,0,0,0,1018
11/04/2018,PHX,AZ,AWP,WE,Towers with Radar,1017,29,38,3,1087,0,9,9,0,18,1017,38,47,3,1105,0,0,0,1105
11/05/2018,PHX,AZ,AWP,WE,Towers with Radar,1082,87,48,0,1217,0,13,21,0,34,1082,100,69,0,1251,0,0,0,1251
11/06/2018,PHX,AZ,AWP,WE,Towers with Radar,994,57,31,6,1088,0,16,33,0,49,994,73,64,6,1137,0,0,0,1137
11/07/2018,PHX,AZ,AWP,WE,Towers with Radar,1004,79,71,8,1162,0,29,38,0,67,1004,108,109,8,1229,0,0,0,1229
11/08/2018,PHX,AZ,AWP,WE,Towers with Radar,1100,76,62,5,1243,0,14,34,0,48,1100,90,96,5,1291,0,0,0,1291
11/09/2018,PHX,AZ,AWP,WE,Towers with Radar,1116,70,54,6,1246,0,30,33,1,64,1116,100,87,7,1310,0,0,0,1310
11/10/2018,PHX,AZ,AWP,WE,Towers with Radar,888,37,26,5,956,0,10,13,4,27,888,47,39,9,983,0,0,0,983
11/11/2018,PHX,AZ,AWP,WE,Towers with Radar,1037,54,38,9,1138,0,5,25,2,32,1037,59,63,11,1170,0,0,0,1170
11/12/2018,PHX,AZ,AWP,WE,Towers with Radar,1094,71,31,2,1198,0,17,24,3,44,1094,88,55,5,1242,0,0,0,1242
11/13/2018,PHX,AZ,AWP,WE,Towers with Radar,1015,65,43,36,1159,0,18,34,7,59,1015,83,77,43,1218,0,0,0,1218
11/14/2018,PHX,AZ,AWP,WE,Towers with Radar,1024,69,46,7,1146,0,37,38,12,87,1024,106,84,19,1233,0,0,0,1233
11/15/2018,PHX,AZ,AWP,WE,Towers with Radar,1095,61,43,32,1231,1,23,44,6,74,1096,84,87,38,1305,0,0,0,1305
11/16/2018,PHX,AZ,AWP,WE,Towers with Radar,1146,71,48,25,1290,0,19,48,0,67,1146,90,96,25,1357,0,0,0,1357
11/17/2018,PHX,AZ,AWP,WE,Towers with Radar,984,55,26,7,1072,0,7,14,1,22,984,62,40,8,1094,0,0,0,1094
11/18/2018,PHX,AZ,AWP,WE,Towers with Radar,1081,40,25,8,1154,0,4,10,2,16,1081,44,35,10,1170,0,0,0,1170
11/19/2018,PHX,AZ,AWP,WE,Towers with Radar,1093,59,24,4,1180,0,13,28,0,41,1093,72,52,4,1221,0,0,0,1221
11/20/2018,PHX,AZ,AWP,WE,Towers with Radar,1137,71,45,4,1257,0,26,31,1,58,1137,97,76,5,1315,0,0,0,1315
11/21/2018,PHX,AZ,AWP,WE,Towers with Radar,1184,68,40,6,1298,0,14,38,0,52,1184,82,78,6,1350,0,0,0,1350
11/22/2018,PHX,AZ,AWP,WE,Towers with Radar,669,24,10,0,703,0,5,12,0,17,669,29,22,0,720,0,0,0,720
11/23/2018,PHX,AZ,AWP,WE,Towers with Radar,787,53,20,0,860,0,15,13,0,28,787,68,33,0,888,0,0,0,888
11/24/2018,PHX,AZ,AWP,WE,Towers with Radar,1092,52,25,3,1172,0,13,6,0,19,1092,65,31,3,1191,0,0,0,1191
11/25/2018,PHX,AZ,AWP,WE,Towers with Radar,1152,41,44,2,1239,0,21,7,0,28,1152,62,51,2,1267,0,0,0,1267
11/26/2018,PHX,AZ,AWP,WE,Towers with Radar,1127,56,33,2,1218,0,20,22,1,43,1127,76,55,3,1261,0,0,0,1261
11/27/2018,PHX,AZ,AWP,WE,Towers with Radar,1062,72,41,6,1181,0,24,33,5,62,1062,96,74,11,1243,0,0,0,1243
11/28/2018,PHX,AZ,AWP,WE,Towers with Radar,1037,80,46,10,1173,0,17,29,0,46,1037,97,75,10,1219,0,0,0,1219
11/29/2018,PHX,AZ,AWP,WE,Towers with Radar,1102,67,43,5,1217,0,21,27,0,48,1102,88,70,5,1265,0,0,0,1265
11/30/2018,PHX,AZ,AWP,WE,Towers with Radar,1128,71,58,10,1267,0,11,33,3,47,1128,82,91,13,1314,0,0,0,1314
12/01/2018,PHX,AZ,AWP,WE,Towers with Radar,902,34,38,9,983,0,16,18,6,40,902,50,56,15,1023,0,0,0,1023
12/02/2018,PHX,AZ,AWP,WE,Towers with Radar,1021,46,35,7,1109,0,2,11,4,17,1021,48,46,11,1126,0,0,0,1126
12/03/2018,PHX,AZ,AWP,WE,Towers with Radar,1096,61,35,1,1193,0,11,17,0,28,1096,72,52,1,1221,0,0,0,1221
12/04/2018,PHX,AZ,AWP,WE,Towers with Radar,1022,68,51,8,1149,0,18,33,0,51,1022,86,84,8,1200,0,0,0,1200
12/05/2018,PHX,AZ,AWP,WE,Towers with Radar,1032,54,59,1,1146,0,15,29,1,45,1032,69,88,2,1191,0,0,0,1191
12/06/2018,PHX,AZ,AWP,WE,Towers with Radar,1108,65,62,5,1240,0,8,17,0,25,1108,73,79,5,1265,0,0,0,1265
12/07/2018,PHX,AZ,AWP,WE,Towers with Radar,1123,87,63,3,1276,0,13,26,0,39,1123,100,89,3,1315,0,0,0,1315
12/08/2018,PHX,AZ,AWP,WE,Towers with Radar,894,41,37,2,974,0,20,21,5,46,894,61,58,7,1020,0,0,0,1020
12/09/2018,PHX,AZ,AWP,WE,Towers with Radar,1002,41,46,1,1090,0,7,9,0,16,1002,48,55,1,1106,0,0,0,1106
12/10/2018,PHX,AZ,AWP,WE,Towers with Radar,1098,66,43,5,1212,0,15,28,0,43,1098,81,71,5,1255,0,0,0,1255
12/11/2018,PHX,AZ,AWP,WE,Towers with Radar,1026,79,53,0,1158,0,22,34,2,58,1026,101,87,2,1216,0,0,0,1216
12/12/2018,PHX,AZ,AWP,WE,Towers with Radar,1042,72,48,5,1167,0,17,39,1,57,1042,89,87,6,1224,0,0,0,1224
12/13/2018,PHX,AZ,AWP,WE,Towers with Radar,1135,70,56,5,1266,0,18,53,3,74,1135,88,109,8,1340,0,0,0,1340
12/14/2018,PHX,AZ,AWP,WE,Towers with Radar,1129,73,39,5,1246,0,13,44,9,66,1129,86,83,14,1312,0,0,0,1312
12/15/2018,PHX,AZ,AWP,WE,Towers with Radar,907,32,26,2,967,0,14,12,4,30,907,46,38,6,997,0,0,0,997
12/16/2018,PHX,AZ,AWP,WE,Towers with Radar,1029,34,21,0,1084,0,12,4,1,17,1029,46,25,1,1101,0,0,0,1101
12/17/2018,PHX,AZ,AWP,WE,Towers with Radar,1125,48,35,1,1209,0,11,16,0,27,1125,59,51,1,1236,0,0,0,1236
12/18/2018,PHX,AZ,AWP,WE,Towers with Radar,1140,65,46,6,1257,0,32,25,5,62,1140,97,71,11,1319,0,0,0,1319
12/19/2018,PHX,AZ,AWP,WE,Towers with Radar,1201,67,37,5,1310,0,24,26,0,50,1201,91,63,5,1360,0,0,0,1360
12/20/2018,PHX,AZ,AWP,WE,Towers with Radar,1214,76,31,4,1325,0,23,26,0,49,1214,99,57,4,1374,0,0,0,1374
12/21/2018,PHX,AZ,AWP,WE,Towers with Radar,1253,65,35,2,1355,0,15,32,0,47,1253,80,67,2,1402,0,0,0,1402
12/22/2018,PHX,AZ,AWP,WE,Towers with Radar,1228,47,28,0,1303,0,11,17,0,28,1228,58,45,0,1331,0,0,0,1331
12/23/2018,PHX,AZ,AWP,WE,Towers with Radar,1179,35,16,0,1230,0,10,7,6,23,1179,45,23,6,1253,0,0,0,1253
12/24/2018,PHX,AZ,AWP,WE,Towers with Radar,843,44,12,0,899,0,10,8,0,18,843,54,20,0,917,0,0,0,917
12/25/2018,PHX,AZ,AWP,WE,Towers with Radar,852,24,10,0,886,0,1,3,0,4,852,25,13,0,890,0,0,0,890
12/26/2018,PHX,AZ,AWP,WE,Towers with Radar,1167,70,51,2,1290,0,14,27,0,41,1167,84,78,2,1331,0,0,0,1331
12/27/2018,PHX,AZ,AWP,WE,Towers with Radar,1208,71,33,0,1312,0,12,15,0,27,1208,83,48,0,1339,0,0,0,1339
12/28/2018,PHX,AZ,AWP,WE,Towers with Radar,1202,63,41,2,1308,0,12,21,0,33,1202,75,62,2,1341,0,0,0,1341
12/29/2018,PHX,AZ,AWP,WE,Towers with Radar,1200,53,30,0,1283,0,14,7,0,21,1200,67,37,0,1304,0,0,0,1304
12/30/2018,PHX,AZ,AWP,WE,Towers with Radar,1178,45,35,0,1258,0,3,4,0,7,1178,48,39,0,1265,0,0,0,1265
12/31/2018,PHX,AZ,AWP,WE,Towers with Radar,1014,58,32,0,1104,0,0,5,0,5,1014,58,37,0,1109,0,0,0,1109
01/01/2019,PHX,AZ,AWP,WE,Towers with Radar,1082,37,19,0,1138,0,9,19,0,28,1082,46,38,0,1166,0,0,0,1166
01/02/2019,PHX,AZ,AWP,WE,Towers with Radar,1210,60,38,0,1308,0,18,25,0,43,1210,78,63,0,1351,0,0,0,1351
01/03/2019,PHX,AZ,AWP,WE,Towers with Radar,1178,66,57,3,1304,0,7,19,1,27,1178,73,76,4,1331,0,0,0,1331
01/04/2019,PHX,AZ,AWP,WE,Towers with Radar,1185,68,27,3,1283,0,15,16,0,31,1185,83,43,3,1314,0,0,0,1314
01/05/2019,PHX,AZ,AWP,WE,Towers with Radar,1045,42,28,5,1120,0,22,14,0,36,1045,64,42,5,1156,0,0,0,1156
01/06/2019,PHX,AZ,AWP,WE,Towers with Radar,1063,40,46,5,1154,0,12,6,0,18,1063,52,52,5,1172,0,0,0,1172
01/07/2019,PHX,AZ,AWP,WE,Towers with Radar,1104,79,51,6,1240,0,12,20,0,32,1104,91,71,6,1272,0,0,0,1272
01/08/2019,PHX,AZ,AWP,WE,Towers with Radar,999,60,37,6,1102,0,19,23,4,46,999,79,60,10,1148,0,0,0,1148
01/09/2019,PHX,AZ,AWP,WE,Towers with Radar,1081,67,39,5,1192,1,32,16,0,49,1082,99,55,5,1241,0,0,0,1241
01/10/2019,PHX,AZ,AWP,WE,Towers with Radar,1097,65,59,8,1229,0,21,35,0,56,1097,86,94,8,1285,0,0,0,1285
01/11/2019,PHX,AZ,AWP,WE,Towers with Radar,1088,77,50,15,1230,0,17,23,1,41,1088,94,73,16,1271,0,0,0,1271
01/12/2019,PHX,AZ,AWP,WE,Towers with Radar,943,35,25,9,1012,0,7,21,5,33,943,42,46,14,1045,0,0,0,1045
01/13/2019,PHX,AZ,AWP,WE,Towers with Radar,1025,33,33,4,1095,0,5,10,0,15,1025,38,43,4,1110,0,0,0,1110
01/14/2019,PHX,AZ,AWP,WE,Towers with Radar,1083,72,32,4,1191,0,10,11,1,22,1083,82,43,5,1213,0,0,0,1213
01/15/2019,PHX,AZ,AWP,WE,Towers with Radar,1002,68,43,3,1116,0,6,8,0,14,1002,74,51,3,1130,0,0,0,1130
01/16/2019,PHX,AZ,AWP,WE,Towers with Radar,1077,78,70,6,1231,0,10,13,0,23,1077,88,83,6,1254,0,0,0,1254
01/17/2019,PHX,AZ,AWP,WE,Towers with Radar,1101,63,53,4,1221,0,15,21,1,37,1101,78,74,5,1258,0,0,0,1258
01/18/2019,PHX,AZ,AWP,WE,Towers with Radar,1079,81,54,10,1224,0,13,26,0,39,1079,94,80,10,1263,0,0,0,1263
01/19/2019,PHX,AZ,AWP,WE,Towers with Radar,897,46,25,11,979,0,7,16,1,24,897,53,41,12,1003,0,0,0,1003
01/20/2019,PHX,AZ,AWP,WE,Towers with Radar,955,32,36,4,1027,0,2,8,4,14,955,34,44,8,1041,0,0,0,1041
01/21/2019,PHX,AZ,AWP,WE,Towers with Radar,1085,65,45,2,1197,0,24,21,0,45,1085,89,66,2,1242,0,0,0,1242
01/22/2019,PHX,AZ,AWP,WE,Towers with Radar,998,66,57,8,1129,0,22,16,0,38,998,88,73,8,1167,0,0,0,1167
01/23/2019,PHX,AZ,AWP,WE,Towers with Radar,1098,73,44,8,1223,0,22,22,0,44,1098,95,66,8,1267,0,0,0,1267
01/24/2019,PHX,AZ,AWP,WE,Towers with Radar,1119,79,55,2,1255,0,29,30,0,59,1119,108,85,2,1314,0,0,0,1314
01/25/2019,PHX,AZ,AWP,WE,Towers with Radar,1101,79,31,13,1224,0,19,28,1,48,1101,98,59,14,1272,0,0,0,1272
01/26/2019,PHX,AZ,AWP,WE,Towers with Radar,942,36,40,2,1020,0,4,8,2,14,942,40,48,4,1034,0,0,0,1034
01/27/2019,PHX,AZ,AWP,WE,Towers with Radar,1022,32,35,9,1098,0,12,9,1,22,1022,44,44,10,1120,0,0,0,1120
01/28/2019,PHX,AZ,AWP,WE,Towers with Radar,1073,63,44,6,1186,0,15,26,0,41,1073,78,70,6,1227,0,0,0,1227
01/29/2019,PHX,AZ,AWP,WE,Towers with Radar,979,56,69,4,1108,0,26,26,0,52,979,82,95,4,1160,0,0,0,1160
01/30/2019,PHX,AZ,AWP,WE,Towers with Radar,1048,68,59,2,1177,0,18,28,0,46,1048,86,87,2,1223,0,0,0,1223
01/31/2019,PHX,AZ,AWP,WE,Towers with Radar,1080,66,58,3,1207,0,16,17,0,33,1080,82,75,3,1240,0,0,0,1240
02/01/2019,PHX,AZ,AWP,WE,Towers with Radar,1095,81,46,9,1231,0,16,13,2,31,1095,97,59,11,1262,0,0,0,1262
02/02/2019,PHX,AZ,AWP,WE,Towers with Radar,923,37,29,8,997,0,8,1,0,9,923,45,30,8,1006,0,0,0,1006
02/03/2019,PHX,AZ,AWP,WE,Towers with Radar,953,41,57,7,1058,0,3,1,0,4,953,44,58,7,1062,0,0,0,1062
02/04/2019,PHX,AZ,AWP,WE,Towers with Radar,1077,90,47,7,1221,0,3,9,0,12,1077,93,56,7,1233,0,0,0,1233
02/05/2019,PHX,AZ,AWP,WE,Towers with Radar,993,89,47,5,1134,0,12,15,0,27,993,101,62,5,1161,0,0,0,1161
02/06/2019,PHX,AZ,AWP,WE,Towers with Radar,1073,71,41,2,1187,0,9,19,0,28,1073,80,60,2,1215,0,0,0,1215
02/07/2019,PHX,AZ,AWP,WE,Towers with Radar,1101,64,60,7,1232,0,13,24,2,39,1101,77,84,9,1271,0,0,0,1271
02/08/2019,PHX,AZ,AWP,WE,Towers with Radar,1093,91,44,14,1242,0,19,30,6,55,1093,110,74,20,1297,0,0,0,1297
02/09/2019,PHX,AZ,AWP,WE,Towers with Radar,953,55,25,9,1042,0,4,7,0,11,953,59,32,9,1053,0,0,0,1053
02/10/2019,PHX,AZ,AWP,WE,Towers with Radar,1025,38,35,12,1110,0,2,22,0,24,1025,40,57,12,1134,0,0,0,1134
02/11/2019,PHX,AZ,AWP,WE,Towers with Radar,1102,70,48,3,1223,0,16,21,0,37,1102,86,69,3,1260,0,0,0,1260
02/12/2019,PHX,AZ,AWP,WE,Towers with Radar,981,65,52,2,1100,0,19,14,5,38,981,84,66,7,1138,0,0,0,1138
02/13/2019,PHX,AZ,AWP,WE,Towers with Radar,1083,79,62,6,1230,0,19,22,1,42,1083,98,84,7,1272,0,0,0,1272
02/14/2019,PHX,AZ,AWP,WE,Towers with Radar,1132,80,66,0,1278,0,8,12,0,20,1132,88,78,0,1298,0,0,0,1298
02/15/2019,PHX,AZ,AWP,WE,Towers with Radar,1177,90,50,8,1325,0,19,18,0,37,1177,109,68,8,1362,0,0,0,1362
02/16/2019,PHX,AZ,AWP,WE,Towers with Radar,1020,42,29,5,1096,0,18,12,0,30,1020,60,41,5,1126,0,0,0,1126
02/17/2019,PHX,AZ,AWP,WE,Towers with Radar,1028,44,37,3,1112,0,2,7,0,9,1028,46,44,3,1121,0,0,0,1121
02/18/2019,PHX,AZ,AWP,WE,Towers with Radar,1114,76,58,0,1248,0,5,18,0,23,1114,81,76,0,1271,0,0,0,1271
02/19/2019,PHX,AZ,AWP,WE,Towers with Radar,1104,87,62,4,1257,0,27,29,0,56,1104,114,91,4,1313,0,0,0,1313
02/20/2019,PHX,AZ,AWP,WE,Towers with Radar,1102,92,54,8,1256,0,13,20,1,34,1102,105,74,9,1290,0,0,0,1290
02/21/2019,PHX,AZ,AWP,WE,Towers with Radar,1113,67,42,2,1224,0,0,8,0,8,1113,67,50,2,1232,0,0,0,1232
02/22/2019,PHX,AZ,AWP,WE,Towers with Radar,1118,80,39,7,1244,0,2,6,0,8,1118,82,45,7,1252,0,0,0,1252
02/23/2019,PHX,AZ,AWP,WE,Towers with Radar,1038,38,21,7,1104,0,12,22,1,35,1038,50,43,8,1139,0,0,0,1139
02/24/2019,PHX,AZ,AWP,WE,Towers with Radar,1051,47,45,4,1147,0,20,27,0,47,1051,67,72,4,1194,0,0,0,1194
02/25/2019,PHX,AZ,AWP,WE,Towers with Radar,1106,70,26,3,1205,0,20,17,2,39,1106,90,43,5,1244,0,0,0,1244
02/26/2019,PHX,AZ,AWP,WE,Towers with Radar,1107,77,41,5,1230,0,36,12,1,49,1107,113,53,6,1279,0,0,0,1279
02/27/2019,PHX,AZ,AWP,WE,Towers with Radar,1116,96,40,6,1258,1,12,26,0,39,1117,108,66,6,1297,0,0,0,1297
02/28/2019,PHX,AZ,AWP,WE,Towers with Radar,1145,76,56,2,1279,0,23,24,0,47,1145,99,80,2,1326,0,0,0,1326
03/01/2019,PHX,AZ,AWP,WE,Towers with Radar,1102,76,48,4,1230,0,13,17,2,32,1102,89,65,6,1262,0,0,0,1262
03/02/2019,PHX,AZ,AWP,WE,Towers with Radar,1034,48,30,5,1117,0,8,7,1,16,1034,56,37,6,1133,0,0,0,1133
03/03/2019,PHX,AZ,AWP,WE,Towers with Radar,1056,38,34,4,1132,0,10,6,0,16,1056,48,40,4,1148,0,0,0,1148
03/04/2019,PHX,AZ,AWP,WE,Towers with Radar,1125,79,48,8,1260,0,13,17,0,30,1125,92,65,8,1290,0,0,0,1290
03/05/2019,PHX,AZ,AWP,WE,Towers with Radar,1121,87,61,5,1274,0,19,39,1,59,1121,106,100,6,1333,0,0,0,1333
03/06/2019,PHX,AZ,AWP,WE,Towers with Radar,1124,92,60,4,1280,0,22,16,1,39,1124,114,76,5,1319,0,0,0,1319
03/07/2019,PHX,AZ,AWP,WE,Towers with Radar,1164,79,58,6,1307,0,8,23,1,32,1164,87,81,7,1339,0,0,0,1339
03/08/2019,PHX,AZ,AWP,WE,Towers with Radar,1177,89,65,10,1341,0,13,27,0,40,1177,102,92,10,1381,0,0,0,1381
03/09/2019,PHX,AZ,AWP,WE,Towers with Radar,1153,50,31,4,1238,0,12,13,0,25,1153,62,44,4,1263,0,0,0,1263
03/10/2019,PHX,AZ,AWP,WE,Towers with Radar,1195,42,44,4,1285,0,10,12,0,22,1195,52,56,4,1307,0,0,0,1307
03/11/2019,PHX,AZ,AWP,WE,Towers with Radar,1175,71,32,4,1282,0,6,11,0,17,1175,77,43,4,1299,0,0,0,1299
03/12/2019,PHX,AZ,AWP,WE,Towers with Radar,1170,71,55,0,1296,0,5,15,0,20,1170,76,70,0,1316,0,0,0,1316
03/13/2019,PHX,AZ,AWP,WE,Towers with Radar,1122,76,52,4,1254,0,18,20,0,38,1122,94,72,4,1292,0,0,0,1292
03/14/2019,PHX,AZ,AWP,WE,Towers with Radar,1185,85,49,6,1325,0,23,29,0,52,1185,108,78,6,1377,0,0,0,1377
03/15/2019,PHX,AZ,AWP,WE,Towers with Radar,1171,75,63,17,1326,0,17,29,0,46,1171,92,92,17,1372,0,0,0,1372
03/16/2019,PHX,AZ,AWP,WE,Towers with Radar,1141,38,36,5,1220,0,29,18,0,47,1141,67,54,5,1267,0,0,0,1267
03/17/2019,PHX,AZ,AWP,WE,Towers with Radar,1164,59,40,5,1268,0,7,15,0,22,1164,66,55,5,1290,0,0,0,1290
03/18/2019,PHX,AZ,AWP,WE,Towers with Radar,1143,76,46,7,1272,0,17,21,0,38,1143,93,67,7,1310,0,0,0,1310
03/19/2019,PHX,AZ,AWP,WE,Towers with Radar,1143,77,47,6,1273,0,32,29,0,61,1143,109,76,6,1334,0,0,0,1334
03/20/2019,PHX,AZ,AWP,WE,Towers with Radar,1168,84,56,6,1314,0,24,19,1,44,1168,108,75,7,1358,0,0,0,1358
03/21/2019,PHX,AZ,AWP,WE,Towers with Radar,1172,80,56,8,1316,0,17,22,0,39,1172,97,78,8,1355,0,0,0,1355
03/22/2019,PHX,AZ,AWP,WE,Towers with Radar,1179,92,66,11,1348,0,24,23,0,47,1179,116,89,11,1395,0,0,0,1395
03/23/2019,PHX,AZ,AWP,WE,Towers with Radar,1120,55,32,4,1211,0,10,18,1,29,1120,65,50,5,1240,0,0,0,1240
03/24/2019,PHX,AZ,AWP,WE,Towers with Radar,1180,59,73,5,1317,0,17,12,0,29,1180,76,85,5,1346,0,0,0,1346
03/25/2019,PHX,AZ,AWP,WE,Towers with Radar,1164,97,53,10,1324,0,15,26,1,42,1164,112,79,11,1366,0,0,0,1366
03/26/2019,PHX,AZ,AWP,WE,Towers with Radar,1138,99,63,5,1305,0,13,35,1,49,1138,112,98,6,1354,0,0,0,1354
03/27/2019,PHX,AZ,AWP,WE,Towers with Radar,1162,93,78,8,1341,0,12,27,5,44,1162,105,105,13,1385,0,0,0,1385
03/28/2019,PHX,AZ,AWP,WE,Towers with Radar,1161,82,67,7,1317,0,21,28,0,49,1161,103,95,7,1366,0,0,0,1366
03/29/2019,PHX,AZ,AWP,WE,Towers with Radar,1157,78,41,13,1289,0,20,19,4,43,1157,98,60,17,1332,0,0,0,1332
03/30/2019,PHX,AZ,AWP,WE,Towers with Radar,1096,42,23,6,1167,0,10,10,0,20,1096,52,33,6,1187,0,0,0,1187
03/31/2019,PHX,AZ,AWP,WE,Towers with Radar,1122,48,42,8,1220,0,6,7,0,13,1122,54,49,8,1233,0,0,0,1233
04/01/2019,PHX,AZ,AWP,WE,Towers with Radar,1150,64,37,12,1263,0,15,12,3,30,1150,79,49,15,1293,0,0,0,1293
04/02/2019,PHX,AZ,AWP,WE,Towers with Radar,1130,82,40,11,1263,0,17,19,3,39,1130,99,59,14,1302,0,0,0,1302
04/03/2019,PHX,AZ,AWP,WE,Towers with Radar,1152,75,49,12,1288,0,23,8,0,31,1152,98,57,12,1319,0,0,0,1319
04/04/2019,PHX,AZ,AWP,WE,Towers with Radar,1143,59,46,12,1260,0,14,19,0,33,1143,73,65,12,1293,0,0,0,1293
04/05/2019,PHX,AZ,AWP,WE,Towers with Radar,1158,84,36,14,1292,0,19,23,0,42,1158,103,59,14,1334,0,0,0,1334
04/06/2019,PHX,AZ,AWP,WE,Towers with Radar,1062,44,25,18,1149,0,4,10,3,17,1062,48,35,21,1166,0,0,0,1166
04/07/2019,PHX,AZ,AWP,WE,Towers with Radar,1107,41,34,6,1188,0,17,11,6,34,1107,58,45,12,1222,0,0,0,1222
04/08/2019,PHX,AZ,AWP,WE,Towers with Radar,1117,75,40,10,1242,0,8,17,0,25,1117,83,57,10,1267,0,0,0,1267
04/09/2019,PHX,AZ,AWP,WE,Towers with Radar,1127,62,54,13,1256,0,14,17,0,31,1127,76,71,13,1287,0,0,0,1287
04/10/2019,PHX,AZ,AWP,WE,Towers with Radar,1118,89,32,15,1254,0,9,22,0,31,1118,98,54,15,1285,0,0,0,1285
04/11/2019,PHX,AZ,AWP,WE,Towers with Radar,1120,71,52,7,1250,0,16,31,0,47,1120,87,83,7,1297,0,0,0,1297
04/12/2019,PHX,AZ,AWP,WE,Towers with Radar,1130,81,29,6,1246,0,17,20,0,37,1130,98,49,6,1283,0,0,0,1283
04/13/2019,PHX,AZ,AWP,WE,Towers with Radar,996,41,22,11,1070,0,8,11,0,19,996,49,33,11,1089,0,0,0,1089
04/14/2019,PHX,AZ,AWP,WE,Towers with Radar,1057,47,38,3,1145,0,2,8,0,10,1057,49,46,3,1155,0,0,0,1155
04/15/2019,PHX,AZ,AWP,WE,Towers with Radar,1106,78,51,6,1241,0,7,19,0,26,1106,85,70,6,1267,0,0,0,1267
04/16/2019,PHX,AZ,AWP,WE,Towers with Radar,1112,77,54,4,1247,0,13,26,0,39,1112,90,80,4,1286,0,0,0,1286
04/17/2019,PHX,AZ,AWP,WE,Towers with Radar,1119,85,74,4,1282,0,14,26,3,43,1119,99,100,7,1325,0,0,0,1325
04/18/2019,PHX,AZ,AWP,WE,Towers with Radar,1137,72,60,4,1273,0,14,29,0,43,1137,86,89,4,1316,0,0,0,1316
04/19/2019,PHX,AZ,AWP,WE,Towers with Radar,1109,82,59,14,1264,0,21,35,0,56,1109,103,94,14,1320,0,0,0,1320
04/20/2019,PHX,AZ,AWP,WE,Towers with Radar,978,47,13,12,1050,0,9,10,1,20,978,56,23,13,1070,0,0,0,1070
04/21/2019,PHX,AZ,AWP,WE,Towers with Radar,1086,45,26,5,1162,0,9,13,0,22,1086,54,39,5,1184,0,0,0,1184
04/22/2019,PHX,AZ,AWP,WE,Towers with Radar,1127,80,44,8,1259,0,6,10,0,16,1127,86,54,8,1275,0,0,0,1275
04/23/2019,PHX,AZ,AWP,WE,Towers with Radar,1094,69,69,5,1237,0,20,18,0,38,1094,89,87,5,1275,0,0,0,1275
04/24/2019,PHX,AZ,AWP,WE,Towers with Radar,1135,72,51,5,1263,0,21,20,0,41,1135,93,71,5,1304,0,0,0,1304
04/25/2019,PHX,AZ,AWP,WE,Towers with Radar,1132,76,49,6,1263,0,19,21,1,41,1132,95,70,7,1304,0,0,0,1304
04/26/2019,PHX,AZ,AWP,WE,Towers with Radar,1113,74,44,4,1235,0,33,20,1,54,1113,107,64,5,1289,0,0,0,1289
04/27/2019,PHX,AZ,AWP,WE,Towers with Radar,987,46,21,4,1058,0,14,13,2,29,987,60,34,6,1087,0,0,0,1087
04/28/2019,PHX,AZ,AWP,WE,Towers with Radar,1112,38,20,6,1176,0,19,10,1,30,1112,57,30,7,1206,0,0,0,1206
04/29/2019,PHX,AZ,AWP,WE,Towers with Radar,1106,66,35,5,1212,0,24,18,0,42,1106,90,53,5,1254,0,0,0,1254
04/30/2019,PHX,AZ,AWP,WE,Towers with Radar,1059,75,43,4,1181,0,20,28,0,48,1059,95,71,4,1229,0,0,0,1229
05/01/2019,PHX,AZ,AWP,WE,Towers with Radar,1103,78,40,2,1223,0,21,21,2,44,1103,99,61,4,1267,0,0,0,1267
05/02/2019,PHX,AZ,AWP,WE,Towers with Radar,1087,68,38,2,1195,0,24,16,3,43,1087,92,54,5,1238,0,0,0,1238
05/03/2019,PHX,AZ,AWP,WE,Towers with Radar,1068,74,41,10,1193,0,13,16,0,29,1068,87,57,10,1222,0,0,0,1222
05/04/2019,PHX,AZ,AWP,WE,Towers with Radar,935,31,19,4,989,0,13,6,2,21,935,44,25,6,1010,0,0,0,1010
05/05/2019,PHX,AZ,AWP,WE,Towers with Radar,1018,45,33,3,1099,0,15,8,4,27,1018,60,41,7,1126,0,0,0,1126
05/06/2019,PHX,AZ,AWP,WE,Towers with Radar,1072,74,27,6,1179,0,17,29,0,46,1072,91,56,6,1225,0,0,0,1225
05/07/2019,PHX,AZ,AWP,WE,Towers with Radar,1048,77,48,3,1176,0,29,19,2,50,1048,106,67,5,1226,0,0,0,1226
05/08/2019,PHX,AZ,AWP,WE,Towers with Radar,1081,81,34,3,1199,0,7,32,2,41,1081,88,66,5,1240,0,0,0,1240
05/09/2019,PHX,AZ,AWP,WE,Towers with Radar,1077,71,64,5,1217,0,10,16,5,31,1077,81,80,10,1248,0,0,0,1248
05/10/2019,PHX,AZ,AWP,WE,Towers with Radar,1079,69,45,3,1196,0,18,15,1,34,1079,87,60,4,1230,0,0,0,1230
05/11/2019,PHX,AZ,AWP,WE,Towers with Radar,942,27,26,0,995,0,6,7,2,15,942,33,33,2,1010,0,0,0,1010
05/12/2019,PHX,AZ,AWP,WE,Towers with Radar,1017,35,31,0,1083,0,2,13,0,15,1017,37,44,0,1098,0,0,0,1098
05/13/2019,PHX,AZ,AWP,WE,Towers with Radar,1062,64,45,2,1173,0,10,22,0,32,1062,74,67,2,1205,0,0,0,1205
05/14/2019,PHX,AZ,AWP,WE,Towers with Radar,1068,75,55,9,1207,0,28,17,0,45,1068,103,72,9,1252,0,0,0,1252
05/15/2019,PHX,AZ,AWP,WE,Towers with Radar,1068,86,45,13,1212,0,9,22,0,31,1068,95,67,13,1243,0,0,0,1243
05/16/2019,PHX,AZ,AWP,WE,Towers with Radar,1092,62,39,11,1204,0,17,8,0,25,1092,79,47,11,1229,0,0,0,1229
05/17/2019,PHX,AZ,AWP,WE,Towers with Radar,1065,88,40,5,1198,0,23,22,0,45,1065,111,62,5,1243,0,0,0,1243
05/18/2019,PHX,AZ,AWP,WE,Towers with Radar,896,42,26,2,966,0,26,10,2,38,896,68,36,4,1004,0,0,0,1004
05/19/2019,PHX,AZ,AWP,WE,Towers with Radar,996,69,32,3,1100,0,8,9,5,22,996,77,41,8,1122,0,0,0,1122
05/20/2019,PHX,AZ,AWP,WE,Towers with Radar,1049,101,41,4,1195,0,7,12,0,19,1049,108,53,4,1214,0,0,0,1214
05/21/2019,PHX,AZ,AWP,WE,Towers with Radar,1076,74,45,5,1200,0,22,28,3,53,1076,96,73,8,1253,0,0,0,1253
05/22/2019,PHX,AZ,AWP,WE,Towers with Radar,1084,88,59,4,1235,0,15,13,2,30,1084,103,72,6,1265,0,0,0,1265
05/23/2019,PHX,AZ,AWP,WE,Towers with Radar,1078,75,58,4,1215,0,13,14,2,29,1078,88,72,6,1244,0,0,0,1244
05/24/2019,PHX,AZ,AWP,WE,Towers with Radar,1081,86,43,9,1219,0,10,16,0,26,1081,96,59,9,1245,0,0,0,1245
05/25/2019,PHX,AZ,AWP,WE,Towers with Radar,888,37,13,2,940,0,11,14,0,25,888,48,27,2,965,0,0,0,965
05/26/2019,PHX,AZ,AWP,WE,Towers with Radar,913,30,13,0,956,0,10,8,0,18,913,40,21,0,974,0,0,0,974
05/27/2019,PHX,AZ,AWP,WE,Towers with Radar,1025,55,32,0,1112,0,9,1,0,10,1025,64,33,0,1122,0,0,0,1122
05/28/2019,PHX,AZ,AWP,WE,Towers with Radar,1039,70,36,9,1154,0,11,22,0,33,1039,81,58,9,1187,0,0,0,1187
05/29/2019,PHX,AZ,AWP,WE,Towers with Radar,1033,86,32,5,1156,0,13,21,1,35,1033,99,53,6,1191,0,0,0,1191
05/30/2019,PHX,AZ,AWP,WE,Towers with Radar,1065,60,37,6,1168,0,16,29,0,45,1065,76,66,6,1213,0,0,0,1213
05/31/2019,PHX,AZ,AWP,WE,Towers with Radar,1061,72,28,8,1169,0,33,13,0,46,1061,105,41,8,1215,0,0,0,1215
06/01/2019,PHX,AZ,AWP,WE,Towers with Radar,899,34,26,7,966,0,17,3,0,20,899,51,29,7,986,0,0,0,986
06/02/2019,PHX,AZ,AWP,WE,Towers with Radar,1028,29,21,1,1079,0,6,6,0,12,1028,35,27,1,1091,0,0,0,1091
06/03/2019,PHX,AZ,AWP,WE,Towers with Radar,1049,85,34,5,1173,0,15,14,0,29,1049,100,48,5,1202,0,0,0,1202
06/04/2019,PHX,AZ,AWP,WE,Towers with Radar,1043,66,40,4,1153,0,22,9,0,31,1043,88,49,4,1184,0,0,0,1184
06/05/2019,PHX,AZ,AWP,WE,Towers with Radar,1058,72,47,3,1180,0,22,21,0,43,1058,94,68,3,1223,0,0,0,1223
06/06/2019,PHX,AZ,AWP,WE,Towers with Radar,1067,70,47,6,1190,0,31,6,2,39,1067,101,53,8,1229,0,0,0,1229
06/07/2019,PHX,AZ,AWP,WE,Towers with Radar,1061,78,31,7,1177,0,18,7,0,25,1061,96,38,7,1202,0,0,0,1202
06/08/2019,PHX,AZ,AWP,WE,Towers with Radar,911,36,26,3,976,0,15,13,0,28,911,51,39,3,1004,0,0,0,1004
06/09/2019,PHX,AZ,AWP,WE,Towers with Radar,911,38,41,1,991,0,9,18,2,29,911,47,59,3,1020,0,0,0,1020
06/10/2019,PHX,AZ,AWP,WE,Towers with Radar,1019,82,47,6,1154,0,16,21,1,38,1019,98,68,7,1192,0,0,0,1192
06/11/2019,PHX,AZ,AWP,WE,Towers with Radar,1075,64,44,4,1187,0,10,13,0,23,1075,74,57,4,1210,0,0,0,1210
06/12/2019,PHX,AZ,AWP,WE,Towers with Radar,1060,78,33,6,1177,0,9,14,2,25,1060,87,47,8,1202,0,0,0,1202
06/13/2019,PHX,AZ,AWP,WE,Towers with Radar,1063,69,49,4,1185,0,15,19,0,34,1063,84,68,4,1219,0,0,0,1219
06/14/2019,PHX,AZ,AWP,WE,Towers with Radar,1061,73,35,9,1178,0,30,22,6,58,1061,103,57,15,1236,0,0,0,1236
06/15/2019,PHX,AZ,AWP,WE,Towers with Radar,923,40,13,9,985,0,15,3,3,21,923,55,16,12,1006,0,0,0,1006
06/16/2019,PHX,AZ,AWP,WE,Towers with Radar,976,32,23,3,1034,0,14,10,0,24,976,46,33,3,1058,0,0,0,1058
06/17/2019,PHX,AZ,AWP,WE,Towers with Radar,1028,69,32,2,1131,0,13,20,0,33,1028,82,52,2,1164,0,0,0,1164
06/18/2019,PHX,AZ,AWP,WE,Towers with Radar,1065,67,45,4,1181,0,24,12,0,36,1065,91,57,4,1217,0,0,0,1217
06/19/2019,PHX,AZ,AWP,WE,Towers with Radar,1054,79,50,3,1186,0,18,17,0,35,1054,97,67,3,1221,0,0,0,1221
06/20/2019,PHX,AZ,AWP,WE,Towers with Radar,1063,72,43,2,1180,0,30,14,2,46,1063,102,57,4,1226,0,0,0,1226
06/21/2019,PHX,AZ,AWP,WE,Towers with Radar,1057,70,30,1,1158,0,29,35,3,67,1057,99,65,4,1225,0,0,0,1225
06/22/2019,PHX,AZ,AWP,WE,Towers with Radar,924,31,27,2,984,0,17,3,5,25,924,48,30,7,1009,0,0,0,1009
06/23/2019,PHX,AZ,AWP,WE,Towers with Radar,992,31,25,2,1050,0,7,7,0,14,992,38,32,2,1064,0,0,0,1064
06/24/2019,PHX,AZ,AWP,WE,Towers with Radar,1041,67,33,8,1149,0,22,7,2,31,1041,89,40,10,1180,0,0,0,1180
06/25/2019,PHX,AZ,AWP,WE,Towers with Radar,1070,58,34,4,1166,0,23,14,0,37,1070,81,48,4,1203,0,0,0,1203
06/26/2019,PHX,AZ,AWP,WE,Towers with Radar,1071,77,41,3,1192,0,33,19,0,52,1071,110,60,3,1244,0,0,0,1244
06/27/2019,PHX,AZ,AWP,WE,Towers with Radar,1071,71,46,2,1190,0,20,25,0,45,1071,91,71,2,1235,0,0,0,1235
06/28/2019,PHX,AZ,AWP,WE,Towers with Radar,1062,72,31,3,1168,0,27,25,0,52,1062,99,56,3,1220,0,0,0,1220
06/29/2019,PHX,AZ,AWP,WE,Towers with Radar,917,45,31,1,994,0,19,11,0,30,917,64,42,1,1024,0,0,0,1024
06/30/2019,PHX,AZ,AWP,WE,Towers with Radar,993,28,22,0,1043,2,4,2,0,8,995,32,24,0,1051,0,0,0,1051
07/01/2019,PHX,AZ,AWP,WE,Towers with Radar,1034,72,45,0,1151,0,19,11,0,30,1034,91,56,0,1181,0,0,0,1181
07/02/2019,PHX,AZ,AWP,WE,Towers with Radar,1025,59,33,0,1117,0,16,13,0,29,1025,75,46,0,1146,0,0,0,1146
07/03/2019,PHX,AZ,AWP,WE,Towers with Radar,1049,73,41,4,1167,0,19,14,0,33,1049,92,55,4,1200,0,0,0,1200
07/04/2019,PHX,AZ,AWP,WE,Towers with Radar,825,26,10,0,861,0,12,7,0,19,825,38,17,0,880,0,0,0,880
07/05/2019,PHX,AZ,AWP,WE,Towers with Radar,942,55,17,0,1014,0,31,6,2,39,942,86,23,2,1053,0,0,0,1053
07/06/2019,PHX,AZ,AWP,WE,Towers with Radar,911,38,15,1,965,0,27,3,0,30,911,65,18,1,995,0,0,0,995
07/07/2019,PHX,AZ,AWP,WE,Towers with Radar,1000,42,36,0,1078,0,13,7,0,20,1000,55,43,0,1098,0,0,0,1098
07/08/2019,PHX,AZ,AWP,WE,Towers with Radar,1044,71,34,2,1151,0,13,12,0,25,1044,84,46,2,1176,0,0,0,1176
07/09/2019,PHX,AZ,AWP,WE,Towers with Radar,1076,53,33,4,1166,0,16,21,0,37,1076,69,54,4,1203,0,0,0,1203
07/10/2019,PHX,AZ,AWP,WE,Towers with Radar,1061,72,34,4,1171,0,20,17,0,37,1061,92,51,4,1208,0,0,0,1208
07/11/2019,PHX,AZ,AWP,WE,Towers with Radar,1055,69,48,4,1176,0,17,17,0,34,1055,86,65,4,1210,0,0,0,1210
07/12/2019,PHX,AZ,AWP,WE,Towers with Radar,1065,70,21,4,1160,0,17,25,4,46,1065,87,46,8,1206,0,0,0,1206
07/13/2019,PHX,AZ,AWP,WE,Towers with Radar,923,34,16,1,974,0,18,9,0,27,923,52,25,1,1001,0,0,0,1001
07/14/2019,PHX,AZ,AWP,WE,Towers with Radar,999,37,28,1,1065,0,16,19,0,35,999,53,47,1,1100,0,0,0,1100
07/15/2019,PHX,AZ,AWP,WE,Towers with Radar,1045,63,37,1,1146,0,20,10,0,30,1045,83,47,1,1176,0,0,0,1176
07/16/2019,PHX,AZ,AWP,WE,Towers with Radar,1080,72,38,5,1195,0,16,21,0,37,1080,88,59,5,1232,0,0,0,1232
07/17/2019,PHX,AZ,AWP,WE,Towers with Radar,1052,80,42,4,1178,0,14,23,0,37,1052,94,65,4,1215,0,0,0,1215
07/18/2019,PHX,AZ,AWP,WE,Towers with Radar,1060,65,41,4,1170,0,12,27,0,39,1060,77,68,4,1209,0,0,0,1209
07/19/2019,PHX,AZ,AWP,WE,Towers with Radar,1067,69,24,8,1168,0,14,23,2,39,1067,83,47,10,1207,0,0,0,1207
07/20/2019,PHX,AZ,AWP,WE,Towers with Radar,925,35,14,2,976,0,7,7,0,14,925,42,21,2,990,0,0,0,990
07/21/2019,PHX,AZ,AWP,WE,Towers with Radar,995,39,33,3,1070,0,4,13,1,18,995,43,46,4,1088,0,0,0,1088
07/22/2019,PHX,AZ,AWP,WE,Towers with Radar,1028,50,40,3,1121,0,8,9,0,17,1028,58,49,3,1138,0,0,0,1138
07/23/2019,PHX,AZ,AWP,WE,Towers with Radar,1082,67,40,3,1192,0,21,9,0,30,1082,88,49,3,1222,0,0,0,1222
07/24/2019,PHX,AZ,AWP,WE,Towers with Radar,1066,79,43,2,1190,0,10,20,1,31,1066,89,63,3,1221,0,0,0,1221
07/25/2019,PHX,AZ,AWP,WE,Towers with Radar,1049,79,35,4,1167,0,11,18,0,29,1049,90,53,4,1196,0,0,0,1196
07/26/2019,PHX,AZ,AWP,WE,Towers with Radar,1048,67,20,10,1145,0,12,13,0,25,1048,79,33,10,1170,0,0,0,1170
07/27/2019,PHX,AZ,AWP,WE,Towers with Radar,925,37,16,1,979,0,16,4,2,22,925,53,20,3,1001,0,0,0,1001
07/28/2019,PHX,AZ,AWP,WE,Towers with Radar,997,33,19,0,1049,0,5,13,5,23,997,38,32,5,1072,0,0,0,1072
07/29/2019,PHX,AZ,AWP,WE,Towers with Radar,1043,66,38,1,1148,0,22,11,0,33,1043,88,49,1,1181,0,0,0,1181
07/30/2019,PHX,AZ,AWP,WE,Towers with Radar,1032,68,48,3,1151,0,12,8,0,20,1032,80,56,3,1171,0,0,0,1171
07/31/2019,PHX,AZ,AWP,WE,Towers with Radar,1066,72,38,2,1178,0,23,20,1,44,1066,95,58,3,1222,0,0,0,1222
08/01/2019,PHX,AZ,AWP,WE,Towers with Radar,1057,73,32,2,1164,0,19,14,0,33,1057,92,46,2,1197,0,0,0,1197
08/02/2019,PHX,AZ,AWP,WE,Towers with Radar,1039,67,23,1,1130,0,21,12,0,33,1039,88,35,1,1163,0,0,0,1163
08/03/2019,PHX,AZ,AWP,WE,Towers with Radar,928,40,23,2,993,0,25,6,0,31,928,65,29,2,1024,0,0,0,1024
08/04/2019,PHX,AZ,AWP,WE,Towers with Radar,991,39,20,2,1052,0,19,5,0,24,991,58,25,2,1076,0,0,0,1076
08/05/2019,PHX,AZ,AWP,WE,Towers with Radar,1053,58,20,4,1135,0,20,7,0,27,1053,78,27,4,1162,0,0,0,1162
08/06/2019,PHX,AZ,AWP,WE,Towers with Radar,1083,61,40,5,1189,0,13,11,0,24,1083,74,51,5,1213,0,0,0,1213
08/07/2019,PHX,AZ,AWP,WE,Towers with Radar,1057,82,34,5,1178,0,14,22,0,36,1057,96,56,5,1214,0,0,0,1214
08/08/2019,PHX,AZ,AWP,WE,Towers with Radar,1069,68,33,6,1176,0,10,26,0,36,1069,78,59,6,1212,0,0,0,1212
08/09/2019,PHX,AZ,AWP,WE,Towers with Radar,1065,73,28,3,1169,0,13,19,0,32,1065,86,47,3,1201,0,0,0,1201
08/10/2019,PHX,AZ,AWP,WE,Towers with Radar,903,34,14,0,951,0,24,6,0,30,903,58,20,0,981,0,0,0,981
08/11/2019,PHX,AZ,AWP,WE,Towers with Radar,1003,46,30,1,1080,0,6,4,0,10,1003,52,34,1,1090,0,0,0,1090
08/12/2019,PHX,AZ,AWP,WE,Towers with Radar,1038,64,24,2,1128,0,20,13,0,33,1038,84,37,2,1161,0,0,0,1161
08/13/2019,PHX,AZ,AWP,WE,Towers with Radar,1037,71,33,4,1145,0,20,10,0,30,1037,91,43,4,1175,0,0,0,1175
08/14/2019,PHX,AZ,AWP,WE,Towers with Radar,1074,77,37,4,1192,0,24,32,0,56,1074,101,69,4,1248,0,0,0,1248
08/15/2019,PHX,AZ,AWP,WE,Towers with Radar,1054,76,33,9,1172,0,23,12,0,35,1054,99,45,9,1207,0,0,0,1207
08/16/2019,PHX,AZ,AWP,WE,Towers with Radar,1054,65,30,7,1156,0,35,10,3,48,1054,100,40,10,1204,0,0,0,1204
08/17/2019,PHX,AZ,AWP,WE,Towers with Radar,899,51,11,3,964,0,11,15,3,29,899,62,26,6,993,0,0,0,993
08/18/2019,PHX,AZ,AWP,WE,Towers with Radar,986,42,32,2,1062,0,7,8,1,16,986,49,40,3,1078,0,0,0,1078
08/19/2019,PHX,AZ,AWP,WE,Towers with Radar,1034,57,28,11,1130,0,16,7,0,23,1034,73,35,11,1153,0,0,0,1153
08/20/2019,PHX,AZ,AWP,WE,Towers with Radar,985,69,48,10,1112,0,35,11,0,46,985,104,59,10,1158,0,0,0,1158
08/21/2019,PHX,AZ,AWP,WE,Towers with Radar,1040,72,42,7,1161,0,20,14,2,36,1040,92,56,9,1197,0,0,0,1197
08/22/2019,PHX,AZ,AWP,WE,Towers with Radar,1056,77,40,5,1178,0,21,17,6,44,1056,98,57,11,1222,0,0,0,1222
08/23/2019,PHX,AZ,AWP,WE,Towers with Radar,1061,61,36,3,1161,0,10,17,0,27,1061,71,53,3,1188,0,0,0,1188
08/24/2019,PHX,AZ,AWP,WE,Towers with Radar,832,48,16,2,898,0,12,3,0,15,832,60,19,2,913,0,0,0,913
08/25/2019,PHX,AZ,AWP,WE,Towers with Radar,989,54,22,0,1065,0,10,2,0,12,989,64,24,0,1077,0,0,0,1077
08/26/2019,PHX,AZ,AWP,WE,Towers with Radar,1031,71,47,4,1153,0,24,27,1,52,1031,95,74,5,1205,0,0,0,1205
08/27/2019,PHX,AZ,AWP,WE,Towers with Radar,983,75,40,6,1104,0,36,17,0,53,983,111,57,6,1157,0,0,0,1157
08/28/2019,PHX,AZ,AWP,WE,Towers with Radar,1003,72,36,4,1115,0,15,23,0,38,1003,87,59,4,1153,0,0,0,1153
08/29/2019,PHX,AZ,AWP,WE,Towers with Radar,1099,70,52,6,1227,0,17,23,0,40,1099,87,75,6,1267,0,0,0,1267
08/30/2019,PHX,AZ,AWP,WE,Towers with Radar,1051,68,31,2,1152,0,25,17,0,42,1051,93,48,2,1194,0,0,0,1194
08/31/2019,PHX,AZ,AWP,WE,Towers with Radar,763,37,19,0,819,0,15,5,0,20,763,52,24,0,839,0,0,0,839
09/01/2019,PHX,AZ,AWP,WE,Towers with Radar,811,46,17,0,874,0,3,9,0,12,811,49,26,0,886,0,0,0,886
09/02/2019,PHX,AZ,AWP,WE,Towers with Radar,982,49,22,1,1054,0,1,4,2,7,982,50,26,3,1061,0,0,0,1061
09/03/2019,PHX,AZ,AWP,WE,Towers with Radar,951,62,27,2,1042,0,19,24,0,43,951,81,51,2,1085,0,0,0,1085
09/04/2019,PHX,AZ,AWP,WE,Towers with Radar,1016,67,31,4,1118,0,34,25,0,59,1016,101,56,4,1177,0,0,0,1177
09/05/2019,PHX,AZ,AWP,WE,Towers with Radar,1056,73,34,5,1168,0,9,14,2,25,1056,82,48,7,1193,0,0,0,1193
09/06/2019,PHX,AZ,AWP,WE,Towers with Radar,1047,77,31,3,1158,0,28,23,0,51,1047,105,54,3,1209,0,0,0,1209
09/07/2019,PHX,AZ,AWP,WE,Towers with Radar,819,40,18,4,881,0,14,15,0,29,819,54,33,4,910,0,0,0,910
09/08/2019,PHX,AZ,AWP,WE,Towers with Radar,1004,46,31,0,1081,0,11,14,0,25,1004,57,45,0,1106,0,0,0,1106
09/09/2019,PHX,AZ,AWP,WE,Towers with Radar,1039,75,34,0,1148,0,25,11,0,36,1039,100,45,0,1184,0,0,0,1184
09/10/2019,PHX,AZ,AWP,WE,Towers with Radar,984,76,54,5,1119,0,18,8,0,26,984,94,62,5,1145,0,0,0,1145
09/11/2019,PHX,AZ,AWP,WE,Towers with Radar,1030,75,41,6,1152,0,20,15,0,35,1030,95,56,6,1187,0,0,0,1187
09/12/2019,PHX,AZ,AWP,WE,Towers with Radar,1068,83,53,1,1205,0,15,33,0,48,1068,98,86,1,1253,0,0,0,1253
09/13/2019,PHX,AZ,AWP,WE,Towers with Radar,1051,84,50,5,1190,0,20,27,0,47,1051,104,77,5,1237,0,0,0,1237
09/14/2019,PHX,AZ,AWP,WE,Towers with Radar,829,53,19,1,902,0,11,2,4,17,829,64,21,5,919,0,0,0,919
09/15/2019,PHX,AZ,AWP,WE,Towers with Radar,1033,53,29,2,1117,0,0,22,0,22,1033,53,51,2,1139,0,0,0,1139
09/16/2019,PHX,AZ,AWP,WE,Towers with Radar,1030,81,43,5,1159,0,17,15,2,34,1030,98,58,7,1193,0,0,0,1193
09/17/2019,PHX,AZ,AWP,WE,Towers with Radar,991,78,47,6,1122,0,35,15,0,50,991,113,62,6,1172,0,0,0,1172
09/18/2019,PHX,AZ,AWP,WE,Towers with Radar,1025,99,44,2,1170,0,30,14,0,44,1025,129,58,2,1214,0,0,0,1214
09/19/2019,PHX,AZ,AWP,WE,Towers with Radar,1050,77,51,5,1183,0,27,24,4,55,1050,104,75,9,1238,0,0,0,1238
09/20/2019,PHX,AZ,AWP,WE,Towers with Radar,1060,79,28,12,1179,0,18,14,2,34,1060,97,42,14,1213,0,0,0,1213
09/21/2019,PHX,AZ,AWP,WE,Towers with Radar,838,54,18,0,910,0,16,2,0,18,838,70,20,0,928,0,0,0,928
09/22/2019,PHX,AZ,AWP,WE,Towers with Radar,1031,44,29,3,1107,0,16,5,10,31,1031,60,34,13,1138,0,0,0,1138
09/23/2019,PHX,AZ,AWP,WE,Towers with Radar,972,86,51,1,1110,0,1,16,0,17,972,87,67,1,1127,0,0,0,1127
09/24/2019,PHX,AZ,AWP,WE,Towers with Radar,995,73,57,4,1129,0,15,16,2,33,995,88,73,6,1162,0,0,0,1162
09/25/2019,PHX,AZ,AWP,WE,Towers with Radar,1028,83,41,9,1161,0,15,9,0,24,1028,98,50,9,1185,0,0,0,1185
09/26/2019,PHX,AZ,AWP,WE,Towers with Radar,1074,81,54,5,1214,0,14,11,0,25,1074,95,65,5,1239,0,0,0,1239
09/27/2019,PHX,AZ,AWP,WE,Towers with Radar,1041,98,47,7,1193,0,15,16,0,31,1041,113,63,7,1224,0,0,0,1224
09/28/2019,PHX,AZ,AWP,WE,Towers with Radar,831,60,31,2,924,0,11,10,0,21,831,71,41,2,945,0,0,0,945
09/29/2019,PHX,AZ,AWP,WE,Towers with Radar,1019,59,40,0,1118,0,15,5,2,22,1019,74,45,2,1140,0,0,0,1140
09/30/2019,PHX,AZ,AWP,WE,Towers with Radar,1041,77,40,5,1163,0,17,8,0,25,1041,94,48,5,1188,0,0,0,1188
10/01/2019,PHX,AZ,AWP,WE,Towers with Radar,990,70,43,5,1108,0,27,17,1,45,990,97,60,6,1153,0,0,0,1153
10/02/2019,PHX,AZ,AWP,WE,Towers with Radar,1042,88,43,3,1176,0,20,27,1,48,1042,108,70,4,1224,0,0,0,1224
10/03/2019,PHX,AZ,AWP,WE,Towers with Radar,1089,81,69,6,1245,0,22,32,1,55,1089,103,101,7,1300,0,0,0,1300
10/04/2019,PHX,AZ,AWP,WE,Towers with Radar,1088,91,38,8,1225,0,13,8,0,21,1088,104,46,8,1246,0,0,0,1246
10/05/2019,PHX,AZ,AWP,WE,Towers with Radar,927,53,15,8,1003,1,6,9,0,16,928,59,24,8,1019,0,0,0,1019
10/06/2019,PHX,AZ,AWP,WE,Towers with Radar,1061,50,30,4,1145,0,7,12,0,19,1061,57,42,4,1164,0,0,0,1164
10/07/2019,PHX,AZ,AWP,WE,Towers with Radar,1076,77,32,9,1194,0,12,15,0,27,1076,89,47,9,1221,0,0,0,1221
10/08/2019,PHX,AZ,AWP,WE,Towers with Radar,1080,84,56,15,1235,0,20,15,0,35,1080,104,71,15,1270,0,0,0,1270
10/09/2019,PHX,AZ,AWP,WE,Towers with Radar,1088,101,38,5,1232,0,15,12,0,27,1088,116,50,5,1259,0,0,0,1259
10/10/2019,PHX,AZ,AWP,WE,Towers with Radar,1093,92,58,10,1253,0,16,19,0,35,1093,108,77,10,1288,0,0,0,1288
10/11/2019,PHX,AZ,AWP,WE,Towers with Radar,1089,93,63,14,1259,0,7,18,1,26,1089,100,81,15,1285,0,0,0,1285
10/12/2019,PHX,AZ,AWP,WE,Towers with Radar,924,62,31,5,1022,0,13,9,0,22,924,75,40,5,1044,0,0,0,1044
10/13/2019,PHX,AZ,AWP,WE,Towers with Radar,1056,60,26,7,1149,0,13,12,0,25,1056,73,38,7,1174,0,0,0,1174
10/14/2019,PHX,AZ,AWP,WE,Towers with Radar,1073,86,38,6,1203,0,14,18,0,32,1073,100,56,6,1235,0,0,0,1235
10/15/2019,PHX,AZ,AWP,WE,Towers with Radar,1088,84,37,5,1214,0,36,34,2,72,1088,120,71,7,1286,0,0,0,1286
10/16/2019,PHX,AZ,AWP,WE,Towers with Radar,1095,93,41,4,1233,0,25,20,0,45,1095,118,61,4,1278,0,0,0,1278
10/17/2019,PHX,AZ,AWP,WE,Towers with Radar,1098,86,34,5,1223,0,34,25,2,61,1098,120,59,7,1284,0,0,0,1284
10/18/2019,PHX,AZ,AWP,WE,Towers with Radar,1091,88,40,2,1221,0,17,20,0,37,1091,105,60,2,1258,0,0,0,1258
10/19/2019,PHX,AZ,AWP,WE,Towers with Radar,931,52,33,0,1016,0,21,6,0,27,931,73,39,0,1043,0,0,0,1043
10/20/2019,PHX,AZ,AWP,WE,Towers with Radar,1046,58,30,0,1134,0,12,10,0,22,1046,70,40,0,1156,0,0,0,1156
10/21/2019,PHX,AZ,AWP,WE,Towers with Radar,1075,76,52,2,1205,0,21,19,3,43,1075,97,71,5,1248,0,0,0,1248
10/22/2019,PHX,AZ,AWP,WE,Towers with Radar,1076,75,46,7,1204,0,23,11,2,36,1076,98,57,9,1240,0,0,0,1240
10/23/2019,PHX,AZ,AWP,WE,Towers with Radar,1099,90,44,6,1239,0,16,17,9,42,1099,106,61,15,1281,0,0,0,1281
10/24/2019,PHX,AZ,AWP,WE,Towers with Radar,1088,91,57,4,1240,0,17,19,2,38,1088,108,76,6,1278,0,0,0,1278
10/25/2019,PHX,AZ,AWP,WE,Towers with Radar,1087,72,36,10,1205,0,17,31,1,49,1087,89,67,11,1254,0,0,0,1254
10/26/2019,PHX,AZ,AWP,WE,Towers with Radar,927,51,17,4,999,0,23,8,0,31,927,74,25,4,1030,0,0,0,1030
10/27/2019,PHX,AZ,AWP,WE,Towers with Radar,1071,60,36,2,1169,0,2,9,1,12,1071,62,45,3,1181,0,0,0,1181
10/28/2019,PHX,AZ,AWP,WE,Towers with Radar,1080,78,42,9,1209,0,13,23,1,37,1080,91,65,10,1246,0,0,0,1246
10/29/2019,PHX,AZ,AWP,WE,Towers with Radar,1061,68,39,4,1172,0,13,22,0,35,1061,81,61,4,1207,0,0,0,1207
10/30/2019,PHX,AZ,AWP,WE,Towers with Radar,1001,89,36,2,1128,0,20,20,0,40,1001,109,56,2,1168,0,0,0,1168
10/31/2019,PHX,AZ,AWP,WE,Towers with Radar,979,91,46,5,1121,0,21,21,0,42,979,112,67,5,1163,0,0,0,1163
11/01/2019,PHX,AZ,AWP,WE,Towers with Radar,1063,82,30,6,1181,0,15,20,5,40,1063,97,50,11,1221,0,0,0,1221
11/02/2019,PHX,AZ,AWP,WE,Towers with Radar,926,53,12,3,994,0,8,18,1,27,926,61,30,4,1021,0,0,0,1021
11/03/2019,PHX,AZ,AWP,WE,Towers with Radar,1052,64,37,3,1156,0,8,23,0,31,1052,72,60,3,1187,0,0,0,1187
11/04/2019,PHX,AZ,AWP,WE,Towers with Radar,1069,82,44,3,1198,0,20,26,1,47,1069,102,70,4,1245,0,0,0,1245
11/05/2019,PHX,AZ,AWP,WE,Towers with Radar,1057,96,43,9,1205,0,26,38,3,67,1057,122,81,12,1272,0,0,0,1272
11/06/2019,PHX,AZ,AWP,WE,Towers with Radar,1069,81,55,11,1216,0,20,26,5,51,1069,101,81,16,1267,0,0,0,1267
11/07/2019,PHX,AZ,AWP,WE,Towers with Radar,1100,102,48,10,1260,0,12,32,1,45,1100,114,80,11,1305,0,0,0,1305
11/08/2019,PHX,AZ,AWP,WE,Towers with Radar,1096,105,41,15,1257,0,12,32,4,48,1096,117,73,19,1305,0,0,0,1305
11/09/2019,PHX,AZ,AWP,WE,Towers with Radar,925,64,22,7,1018,0,20,16,1,37,925,84,38,8,1055,0,0,0,1055
11/10/2019,PHX,AZ,AWP,WE,Towers with Radar,1064,80,36,7,1187,0,2,24,4,30,1064,82,60,11,1217,0,0,0,1217
11/11/2019,PHX,AZ,AWP,WE,Towers with Radar,1048,94,54,2,1198,0,16,23,3,42,1048,110,77,5,1240,0,0,0,1240
11/12/2019,PHX,AZ,AWP,WE,Towers with Radar,1078,87,53,12,1230,0,20,29,2,51,1078,107,82,14,1281,0,0,0,1281
11/13/2019,PHX,AZ,AWP,WE,Towers with Radar,1061,109,48,6,1224,0,18,44,2,64,1061,127,92,8,1288,0,0,0,1288
11/14/2019,PHX,AZ,AWP,WE,Towers with Radar,1115,81,70,6,1272,0,19,35,2,56,1115,100,105,8,1328,0,0,0,1328
11/15/2019,PHX,AZ,AWP,WE,Towers with Radar,1116,104,38,26,1284,0,20,32,2,54,1116,124,70,28,1338,0,0,0,1338
11/16/2019,PHX,AZ,AWP,WE,Towers with Radar,954,63,30,3,1050,0,21,11,4,36,954,84,41,7,1086,0,0,0,1086
11/17/2019,PHX,AZ,AWP,WE,Towers with Radar,1089,60,24,11,1184,0,9,13,3,25,1089,69,37,14,1209,0,0,0,1209
11/18/2019,PHX,AZ,AWP,WE,Towers with Radar,1095,88,54,3,1240,0,14,25,0,39,1095,102,79,3,1279,0,0,0,1279
11/19/2019,PHX,AZ,AWP,WE,Towers with Radar,1077,94,57,4,1232,0,8,20,2,30,1077,102,77,6,1262,0,0,0,1262
11/20/2019,PHX,AZ,AWP,WE,Towers with Radar,1088,96,54,2,1240,0,1,4,0,5,1088,97,58,2,1245,0,0,0,1245
11/21/2019,PHX,AZ,AWP,WE,Towers with Radar,1094,109,52,4,1259,0,11,9,0,20,1094,120,61,4,1279,0,0,0,1279
11/22/2019,PHX,AZ,AWP,WE,Towers with Radar,1140,110,64,8,1322,0,18,42,1,61,1140,128,106,9,1383,0,0,0,1383
11/23/2019,PHX,AZ,AWP,WE,Towers with Radar,1043,62,30,4,1139,0,9,16,2,27,1043,71,46,6,1166,0,0,0,1166
11/24/2019,PHX,AZ,AWP,WE,Towers with Radar,1075,65,37,2,1179,1,12,15,1,29,1076,77,52,3,1208,0,0,0,1208
11/25/2019,PHX,AZ,AWP,WE,Towers with Radar,1067,87,22,5,1181,0,10,19,0,29,1067,97,41,5,1210,0,0,0,1210
11/26/2019,PHX,AZ,AWP,WE,Towers with Radar,1118,115,38,2,1273,0,11,31,0,42,1118,126,69,2,1315,0,0,0,1315
11/27/2019,PHX,AZ,AWP,WE,Towers with Radar,1162,109,40,2,1313,0,14,41,0,55,1162,123,81,2,1368,0,0,0,1368
11/28/2019,PHX,AZ,AWP,WE,Towers with Radar,707,51,17,0,775,0,1,0,0,1,707,52,17,0,776,0,0,0,776
11/29/2019,PHX,AZ,AWP,WE,Towers with Radar,761,74,16,0,851,0,5,1,0,6,761,79,17,0,857,0,0,0,857
11/30/2019,PHX,AZ,AWP,WE,Towers with Radar,1085,82,28,0,1195,0,12,15,2,29,1085,94,43,2,1224,0,0,0,1224
12/01/2019,PHX,AZ,AWP,WE,Towers with Radar,1178,75,47,1,1301,0,7,12,0,19,1178,82,59,1,1320,0,0,0,1320
12/02/2019,PHX,AZ,AWP,WE,Towers with Radar,1121,110,41,0,1272,0,12,17,0,29,1121,122,58,0,1301,0,0,0,1301
12/03/2019,PHX,AZ,AWP,WE,Towers with Radar,1073,97,53,5,1228,0,7,38,6,51,1073,104,91,11,1279,0,0,0,1279
12/04/2019,PHX,AZ,AWP,WE,Towers with Radar,1082,116,40,5,1243,0,16,29,2,47,1082,132,69,7,1290,0,0,0,1290
12/05/2019,PHX,AZ,AWP,WE,Towers with Radar,1114,103,56,4,1277,0,15,40,0,55,1114,118,96,4,1332,0,0,0,1332
12/06/2019,PHX,AZ,AWP,WE,Towers with Radar,1091,100,45,5,1241,0,11,21,0,32,1091,111,66,5,1273,0,0,0,1273
12/07/2019,PHX,AZ,AWP,WE,Towers with Radar,946,60,20,3,1029,0,5,21,0,26,946,65,41,3,1055,0,0,0,1055
12/08/2019,PHX,AZ,AWP,WE,Towers with Radar,1083,76,28,1,1188,0,4,12,0,16,1083,80,40,1,1204,0,0,0,1204
12/09/2019,PHX,AZ,AWP,WE,Towers with Radar,1084,92,58,7,1241,0,8,23,0,31,1084,100,81,7,1272,0,0,0,1272
12/10/2019,PHX,AZ,AWP,WE,Towers with Radar,1083,95,49,4,1231,0,10,27,0,37,1083,105,76,4,1268,0,0,0,1268
12/11/2019,PHX,AZ,AWP,WE,Towers with Radar,1077,100,54,9,1240,0,16,38,0,54,1077,116,92,9,1294,0,0,0,1294
12/12/2019,PHX,AZ,AWP,WE,Towers with Radar,1134,112,53,4,1303,0,10,27,2,39,1134,122,80,6,1342,0,0,0,1342
12/13/2019,PHX,AZ,AWP,WE,Towers with Radar,1101,113,35,7,1256,0,36,26,0,62,1101,149,61,7,1318,0,0,0,1318
12/14/2019,PHX,AZ,AWP,WE,Towers with Radar,946,62,21,6,1035,0,13,6,1,20,946,75,27,7,1055,0,0,0,1055
12/15/2019,PHX,AZ,AWP,WE,Towers with Radar,1065,58,19,5,1147,0,4,11,0,15,1065,62,30,5,1162,0,0,0,1162
12/16/2019,PHX,AZ,AWP,WE,Towers with Radar,1090,81,34,6,1211,0,13,19,0,32,1090,94,53,6,1243,0,0,0,1243
12/17/2019,PHX,AZ,AWP,WE,Towers with Radar,1079,87,53,7,1226,0,24,21,2,47,1079,111,74,9,1273,0,0,0,1273
12/18/2019,PHX,AZ,AWP,WE,Towers with Radar,1178,132,46,5,1361,0,28,25,1,54,1178,160,71,6,1415,0,0,0,1415
12/19/2019,PHX,AZ,AWP,WE,Towers with Radar,1203,104,43,3,1353,1,18,26,5,50,1204,122,69,8,1403,0,0,0,1403
12/20/2019,PHX,AZ,AWP,WE,Towers with Radar,1226,108,40,1,1375,1,27,18,0,46,1227,135,58,1,1421,0,0,0,1421
12/21/2019,PHX,AZ,AWP,WE,Towers with Radar,1221,92,21,0,1334,0,8,10,0,18,1221,100,31,0,1352,0,0,0,1352
12/22/2019,PHX,AZ,AWP,WE,Towers with Radar,1241,60,23,0,1324,0,4,4,0,8,1241,64,27,0,1332,0,0,0,1332
12/23/2019,PHX,AZ,AWP,WE,Towers with Radar,1229,92,25,0,1346,0,5,7,0,12,1229,97,32,0,1358,0,0,0,1358
12/24/2019,PHX,AZ,AWP,WE,Towers with Radar,1052,82,21,0,1155,1,1,2,0,4,1053,83,23,0,1159,0,0,0,1159
12/25/2019,PHX,AZ,AWP,WE,Towers with Radar,914,44,7,0,965,1,0,2,2,5,915,44,9,2,970,0,0,0,970
12/26/2019,PHX,AZ,AWP,WE,Towers with Radar,1183,106,32,0,1321,1,4,10,0,15,1184,110,42,0,1336,0,0,0,1336
12/27/2019,PHX,AZ,AWP,WE,Towers with Radar,1228,107,47,2,1384,0,3,5,0,8,1228,110,52,2,1392,0,0,0,1392
12/28/2019,PHX,AZ,AWP,WE,Towers with Radar,1180,77,38,0,1295,0,7,4,0,11,1180,84,42,0,1306,0,0,0,1306
12/29/2019,PHX,AZ,AWP,WE,Towers with Radar,1240,54,38,0,1332,1,3,24,2,30,1241,57,62,2,1362,0,0,0,1362
12/30/2019,PHX,AZ,AWP,WE,Towers with Radar,1180,95,31,0,1306,0,12,14,0,26,1180,107,45,0,1332,0,0,0,1332
12/31/2019,PHX,AZ,AWP,WE,Towers with Radar,1128,74,33,0,1235,1,13,13,0,27,1129,87,46,0,1262,0,0,0,1262
01/01/2020,PHX,AZ,AWP,WE,Towers with Radar,1091,55,16,0,1162,0,4,13,1,18,1091,59,29,1,1180,0,0,0,1180
01/02/2020,PHX,AZ,AWP,WE,Towers with Radar,1197,88,30,0,1315,1,12,13,0,26,1198,100,43,0,1341,0,0,0,1341
01/03/2020,PHX,AZ,AWP,WE,Towers with Radar,1193,81,35,1,1310,2,19,26,0,47,1195,100,61,1,1357,0,0,0,1357
01/04/2020,PHX,AZ,AWP,WE,Towers with Radar,1096,72,30,0,1198,0,11,3,0,14,1096,83,33,0,1212,0,0,0,1212
01/05/2020,PHX,AZ,AWP,WE,Towers with Radar,1163,60,30,1,1254,0,3,8,0,11,1163,63,38,1,1265,0,0,0,1265
01/06/2020,PHX,AZ,AWP,WE,Towers with Radar,1173,97,39,1,1310,1,8,15,2,26,1174,105,54,3,1336,0,0,0,1336
01/07/2020,PHX,AZ,AWP,WE,Towers with Radar,1030,105,42,6,1183,1,16,17,0,34,1031,121,59,6,1217,0,0,0,1217
01/08/2020,PHX,AZ,AWP,WE,Towers with Radar,1107,114,57,6,1284,0,17,20,0,37,1107,131,77,6,1321,0,0,0,1321
01/09/2020,PHX,AZ,AWP,WE,Towers with Radar,1143,102,43,2,1290,0,14,26,1,41,1143,116,69,3,1331,0,0,0,1331
01/10/2020,PHX,AZ,AWP,WE,Towers with Radar,1119,106,40,20,1285,0,23,34,1,58,1119,129,74,21,1343,0,0,0,1343
01/11/2020,PHX,AZ,AWP,WE,Towers with Radar,942,68,21,7,1038,0,29,4,0,33,942,97,25,7,1071,0,0,0,1071
01/12/2020,PHX,AZ,AWP,WE,Towers with Radar,1095,69,28,11,1203,1,6,15,1,23,1096,75,43,12,1226,0,0,0,1226
01/13/2020,PHX,AZ,AWP,WE,Towers with Radar,1132,79,51,2,1264,0,17,10,2,29,1132,96,61,4,1293,0,0,0,1293
01/14/2020,PHX,AZ,AWP,WE,Towers with Radar,1016,96,50,4,1166,1,23,22,0,46,1017,119,72,4,1212,0,0,0,1212
01/15/2020,PHX,AZ,AWP,WE,Towers with Radar,1103,100,55,5,1263,1,29,19,0,49,1104,129,74,5,1312,0,0,0,1312
01/16/2020,PHX,AZ,AWP,WE,Towers with Radar,1141,104,50,3,1298,1,16,32,4,53,1142,120,82,7,1351,0,0,0,1351
01/17/2020,PHX,AZ,AWP,WE,Towers with Radar,1096,111,55,5,1267,0,9,11,4,24,1096,120,66,9,1291,0,0,0,1291
01/18/2020,PHX,AZ,AWP,WE,Towers with Radar,899,67,39,4,1009,1,11,6,3,21,900,78,45,7,1030,0,0,0,1030
01/19/2020,PHX,AZ,AWP,WE,Towers with Radar,1039,65,26,4,1134,0,3,11,2,16,1039,68,37,6,1150,0,0,0,1150
01/20/2020,PHX,AZ,AWP,WE,Towers with Radar,1122,90,44,0,1256,0,14,26,0,40,1122,104,70,0,1296,0,0,0,1296
01/21/2020,PHX,AZ,AWP,WE,Towers with Radar,1028,91,54,4,1177,0,6,6,1,13,1028,97,60,5,1190,0,0,0,1190
01/22/2020,PHX,AZ,AWP,WE,Towers with Radar,1112,128,55,6,1301,0,15,29,0,44,1112,143,84,6,1345,0,0,0,1345
01/23/2020,PHX,AZ,AWP,WE,Towers with Radar,1148,93,55,4,1300,1,21,26,1,49,1149,114,81,5,1349,0,0,0,1349
01/24/2020,PHX,AZ,AWP,WE,Towers with Radar,1135,98,24,8,1265,0,9,25,0,34,1135,107,49,8,1299,0,0,0,1299
01/25/2020,PHX,AZ,AWP,WE,Towers with Radar,963,76,25,0,1064,1,14,12,0,27,964,90,37,0,1091,0,0,0,1091
01/26/2020,PHX,AZ,AWP,WE,Towers with Radar,1098,87,21,5,1211,0,9,8,3,20,1098,96,29,8,1231,0,0,0,1231
01/27/2020,PHX,AZ,AWP,WE,Towers with Radar,1130,102,36,1,1269,0,17,19,0,36,1130,119,55,1,1305,0,0,0,1305
01/28/2020,PHX,AZ,AWP,WE,Towers with Radar,1023,103,55,6,1187,1,26,9,0,36,1024,129,64,6,1223,0,0,0,1223
01/29/2020,PHX,AZ,AWP,WE,Towers with Radar,1104,109,51,6,1270,0,18,14,0,32,1104,127,65,6,1302,0,0,0,1302
01/30/2020,PHX,AZ,AWP,WE,Towers with Radar,1152,112,63,5,1332,0,20,23,2,45,1152,132,86,7,1377,0,0,0,1377
01/31/2020,PHX,AZ,AWP,WE,Towers with Radar,1142,120,40,20,1322,0,24,22,0,46,1142,144,62,20,1368,0,0,0,1368
02/01/2020,PHX,AZ,AWP,CE,Towers with Radar,953,64,30,3,1050,1,9,7,0,17,954,73,37,3,1067,0,0,0,1067
02/02/2020,PHX,AZ,AWP,CE,Towers with Radar,1067,77,33,5,1182,1,16,7,7,31,1068,93,40,12,1213,0,0,0,1213
02/03/2020,PHX,AZ,AWP,CE,Towers with Radar,1124,86,45,8,1263,1,12,18,0,31,1125,98,63,8,1294,0,0,0,1294
02/04/2020,PHX,AZ,AWP,CE,Towers with Radar,1020,97,53,6,1176,1,16,25,0,42,1021,113,78,6,1218,0,0,0,1218
02/05/2020,PHX,AZ,AWP,CE,Towers with Radar,1100,105,48,6,1259,0,20,19,0,39,1100,125,67,6,1298,0,0,0,1298
02/06/2020,PHX,AZ,AWP,CE,Towers with Radar,1138,93,55,4,1290,0,18,25,0,43,1138,111,80,4,1333,0,0,0,1333
02/07/2020,PHX,AZ,AWP,CE,Towers with Radar,1141,93,36,18,1288,1,18,13,0,32,1142,111,49,18,1320,0,0,0,1320
02/08/2020,PHX,AZ,AWP,CE,Towers with Radar,966,59,16,15,1056,0,12,10,0,22,966,71,26,15,1078,0,0,0,1078
02/09/2020,PHX,AZ,AWP,CE,Towers with Radar,1093,69,37,5,1204,0,0,7,3,10,1093,69,44,8,1214,0,0,0,1214
02/10/2020,PHX,AZ,AWP,CE,Towers with Radar,1137,84,37,5,1263,0,10,9,0,19,1137,94,46,5,1282,0,0,0,1282
02/11/2020,PHX,AZ,AWP,CE,Towers with Radar,1040,106,36,10,1192,0,12,14,0,26,1040,118,50,10,1218,0,0,0,1218
02/12/2020,PHX,AZ,AWP,CE,Towers with Radar,1101,101,48,7,1257,0,12,18,0,30,1101,113,66,7,1287,0,0,0,1287
02/13/2020,PHX,AZ,AWP,CE,Towers with Radar,1160,115,41,8,1324,1,28,33,0,62,1161,143,74,8,1386,0,0,0,1386
02/14/2020,PHX,AZ,AWP,CE,Towers with Radar,1176,115,56,16,1363,2,11,39,14,66,1178,126,95,30,1429,0,0,0,1429
02/15/2020,PHX,AZ,AWP,CE,Towers with Radar,1033,79,32,7,1151,0,7,17,4,28,1033,86,49,11,1179,0,0,0,1179
02/16/2020,PHX,AZ,AWP,CE,Towers with Radar,1125,65,35,4,1229,0,6,5,4,15,1125,71,40,8,1244,0,0,0,1244
02/17/2020,PHX,AZ,AWP,CE,Towers with Radar,1145,102,40,8,1295,1,16,12,1,30,1146,118,52,9,1325,0,0,0,1325
02/18/2020,PHX,AZ,AWP,CE,Towers with Radar,1176,88,55,12,1331,1,21,11,1,34,1177,109,66,13,1365,0,0,0,1365
02/19/2020,PHX,AZ,AWP,CE,Towers with Radar,1159,97,51,10,1317,1,12,35,0,48,1160,109,86,10,1365,0,0,0,1365
02/20/2020,PHX,AZ,AWP,CE,Towers with Radar,1191,109,58,6,1364,1,21,21,0,43,1192,130,79,6,1407,0,0,0,1407
02/21/2020,PHX,AZ,AWP,CE,Towers with Radar,1164,105,40,5,1314,1,24,19,0,44,1165,129,59,5,1358,0,0,0,1358
02/22/2020,PHX,AZ,AWP,CE,Towers with Radar,1052,77,37,3,1169,1,5,2,2,10,1053,82,39,5,1179,0,0,0,1179
02/23/2020,PHX,AZ,AWP,CE,Towers with Radar,1150,68,44,2,1264,0,15,14,0,29,1150,83,58,2,1293,0,0,0,1293
02/24/2020,PHX,AZ,AWP,CE,Towers with Radar,1159,91,37,1,1288,0,24,12,0,36,1159,115,49,1,1324,0,0,0,1324
02/25/2020,PHX,AZ,AWP,CE,Towers with Radar,1161,88,52,8,1309,1,18,20,0,39,1162,106,72,8,1348,0,0,0,1348
02/26/2020,PHX,AZ,AWP,CE,Towers with Radar,1165,82,55,7,1309,0,20,18,5,43,1165,102,73,12,1352,0,0,0,1352
02/27/2020,PHX,AZ,AWP,CE,Towers with Radar,1183,95,62,7,1347,2,26,18,0,46,1185,121,80,7,1393,0,0,0,1393
02/28/2020,PHX,AZ,AWP,CE,Towers with Radar,1178,104,39,9,1330,0,22,10,0,32,1178,126,49,9,1362,0,0,0,1362
02/29/2020,PHX,AZ,AWP,CE,Towers with Radar,1051,86,31,2,1170,1,10,9,0,20,1052,96,40,2,1190,0,0,0,1190
03/01/2020,PHX,AZ,AWP,CE,Towers with Radar,1140,75,51,6,1272,0,3,5,0,8,1140,78,56,6,1280,0,0,0,1280
03/02/2020,PHX,AZ,AWP,CE,Towers with Radar,1169,94,53,10,1326,1,5,8,0,14,1170,99,61,10,1340,0,0,0,1340
03/03/2020,PHX,AZ,AWP,CE,Towers with Radar,1168,93,49,11,1321,0,23,38,1,62,1168,116,87,12,1383,0,0,0,1383
03/04/2020,PHX,AZ,AWP,CE,Towers with Radar,1156,110,65,11,1342,4,16,17,0,37,1160,126,82,11,1379,0,0,0,1379
03/05/2020,PHX,AZ,AWP,CE,Towers with Radar,1197,119,64,11,1391,2,22,25,0,49,1199,141,89,11,1440,0,0,0,1440
03/06/2020,PHX,AZ,AWP,CE,Towers with Radar,1208,109,42,18,1377,0,20,14,0,34,1208,129,56,18,1411,0,0,0,1411
03/07/2020,PHX,AZ,AWP,CE,Towers with Radar,1200,80,36,3,1319,1,19,10,0,30,1201,99,46,3,1349,0,0,0,1349
03/08/2020,PHX,AZ,AWP,CE,Towers with Radar,1251,79,45,8,1383,0,12,14,0,26,1251,91,59,8,1409,0,0,0,1409
03/09/2020,PHX,AZ,AWP,CE,Towers with Radar,1202,95,42,2,1341,2,18,13,0,33,1204,113,55,2,1374,0,0,0,1374
03/10/2020,PHX,AZ,AWP,CE,Towers with Radar,1178,101,45,3,1327,1,10,9,1,21,1179,111,54,4,1348,0,0,0,1348
03/11/2020,PHX,AZ,AWP,CE,Towers with Radar,1135,123,64,4,1326,1,2,6,0,9,1136,125,70,4,1335,0,0,0,1335
03/12/2020,PHX,AZ,AWP,CE,Towers with Radar,1196,112,42,1,1351,0,3,2,4,9,1196,115,44,5,1360,0,0,0,1360
03/13/2020,PHX,AZ,AWP,CE,Towers with Radar,1229,134,49,2,1414,1,6,13,2,22,1230,140,62,4,1436,0,0,0,1436
03/14/2020,PHX,AZ,AWP,CE,Towers with Radar,1187,84,62,2,1335,1,19,12,2,34,1188,103,74,4,1369,0,0,0,1369
03/15/2020,PHX,AZ,AWP,CE,Towers with Radar,1218,76,34,4,1332,1,15,15,4,35,1219,91,49,8,1367,0,0,0,1367
03/16/2020,PHX,AZ,AWP,CE,Towers with Radar,1174,98,28,3,1303,0,14,21,0,35,1174,112,49,3,1338,0,0,0,1338
03/17/2020,PHX,AZ,AWP,CE,Towers with Radar,1120,85,30,2,1237,1,26,20,2,49,1121,111,50,4,1286,0,0,0,1286
03/18/2020,PHX,AZ,AWP,CE,Towers with Radar,1015,97,34,2,1148,1,3,7,0,11,1016,100,41,2,1159,0,0,0,1159
03/19/2020,PHX,AZ,AWP,CE,Towers with Radar,1082,89,17,2,1190,1,9,6,0,16,1083,98,23,2,1206,0,0,0,1206
03/20/2020,PHX,AZ,AWP,CE,Towers with Radar,1115,77,19,3,1214,0,16,2,2,20,1115,93,21,5,1234,0,0,0,1234
03/21/2020,PHX,AZ,AWP,CE,Towers with Radar,1000,58,12,1,1071,0,5,9,0,14,1000,63,21,1,1085,0,0,0,1085
03/22/2020,PHX,AZ,AWP,CE,Towers with Radar,966,42,9,2,1019,0,14,14,0,28,966,56,23,2,1047,0,0,0,1047
03/23/2020,PHX,AZ,AWP,CE,Towers with Radar,841,70,10,0,921,0,21,6,0,27,841,91,16,0,948,0,0,0,948
03/24/2020,PHX,AZ,AWP,CE,Towers with Radar,786,64,13,2,865,0,20,13,0,33,786,84,26,2,898,0,0,0,898
03/25/2020,PHX,AZ,AWP,CE,Towers with Radar,757,68,28,2,855,0,25,14,0,39,757,93,42,2,894,0,0,0,894
03/26/2020,PHX,AZ,AWP,CE,Towers with Radar,766,74,12,2,854,0,17,13,3,33,766,91,25,5,887,0,0,0,887
03/27/2020,PHX,AZ,AWP,CE,Towers with Radar,690,66,13,0,769,0,21,6,2,29,690,87,19,2,798,0,0,0,798
03/28/2020,PHX,AZ,AWP,CE,Towers with Radar,646,52,8,0,706,1,6,11,0,18,647,58,19,0,724,0,0,0,724
03/29/2020,PHX,AZ,AWP,CE,Towers with Radar,671,34,18,0,723,0,4,4,0,8,671,38,22,0,731,0,0,0,731
03/30/2020,PHX,AZ,AWP,CE,Towers with Radar,619,57,11,0,687,1,22,9,0,32,620,79,20,0,719,0,0,0,719
03/31/2020,PHX,AZ,AWP,CE,Towers with Radar,556,67,20,2,645,1,14,23,0,38,557,81,43,2,683,0,0,0,683
04/01/2020,PHX,AZ,AWP,CE,Towers with Radar,621,69,14,8,712,0,20,5,0,25,621,89,19,8,737,0,0,0,737
04/02/2020,PHX,AZ,AWP,CE,Towers with Radar,546,68,18,1,633,1,16,10,0,27,547,84,28,1,660,0,0,0,660
04/03/2020,PHX,AZ,AWP,CE,Towers with Radar,524,57,19,1,601,0,14,7,2,23,524,71,26,3,624,0,0,0,624
04/04/2020,PHX,AZ,AWP,CE,Towers with Radar,544,52,18,0,614,0,7,5,6,18,544,59,23,6,632,0,0,0,632
04/05/2020,PHX,AZ,AWP,CE,Towers with Radar,537,39,11,0,587,1,2,11,0,14,538,41,22,0,601,0,0,0,601
04/06/2020,PHX,AZ,AWP,CE,Towers with Radar,556,54,12,0,622,1,24,7,4,36,557,78,19,4,658,0,0,0,658
04/07/2020,PHX,AZ,AWP,CE,Towers with Radar,464,53,9,6,532,2,21,12,2,37,466,74,21,8,569,0,0,0,569
04/08/2020,PHX,AZ,AWP,CE,Towers with Radar,469,51,8,4,532,0,16,8,1,25,469,67,16,5,557,0,0,0,557
04/09/2020,PHX,AZ,AWP,CE,Towers with Radar,479,55,11,5,550,0,22,14,0,36,479,77,25,5,586,0,0,0,586
04/10/2020,PHX,AZ,AWP,CE,Towers with Radar,455,53,16,5,529,0,14,10,2,26,455,67,26,7,555,0,0,0,555
04/11/2020,PHX,AZ,AWP,CE,Towers with Radar,408,36,18,0,462,0,3,10,0,13,408,39,28,0,475,0,0,0,475
04/12/2020,PHX,AZ,AWP,CE,Towers with Radar,432,27,6,0,465,0,10,9,0,19,432,37,15,0,484,0,0,0,484
04/13/2020,PHX,AZ,AWP,CE,Towers with Radar,452,57,16,2,527,0,6,16,0,22,452,63,32,2,549,0,0,0,549
04/14/2020,PHX,AZ,AWP,CE,Towers with Radar,412,52,16,6,486,0,15,13,0,28,412,67,29,6,514,0,0,0,514
04/15/2020,PHX,AZ,AWP,CE,Towers with Radar,391,53,16,3,463,2,29,13,2,46,393,82,29,5,509,0,0,0,509
04/16/2020,PHX,AZ,AWP,CE,Towers with Radar,389,62,16,1,468,0,19,22,0,41,389,81,38,1,509,0,0,0,509
04/17/2020,PHX,AZ,AWP,CE,Towers with Radar,371,58,14,8,451,2,25,10,0,37,373,83,24,8,488,0,0,0,488
04/18/2020,PHX,AZ,AWP,CE,Towers with Radar,336,41,14,2,393,0,12,5,4,21,336,53,19,6,414,0,0,0,414
04/19/2020,PHX,AZ,AWP,CE,Towers with Radar,345,31,11,0,387,0,12,12,6,30,345,43,23,6,417,0,0,0,417
04/20/2020,PHX,AZ,AWP,CE,Towers with Radar,319,58,19,4,400,0,15,10,0,25,319,73,29,4,425,0,0,0,425
04/21/2020,PHX,AZ,AWP,CE,Towers with Radar,335,53,21,5,414,0,33,30,0,63,335,86,51,5,477,0,0,0,477
04/22/2020,PHX,AZ,AWP,CE,Towers with Radar,331,60,21,2,414,0,20,11,0,31,331,80,32,2,445,0,0,0,445
04/23/2020,PHX,AZ,AWP,CE,Towers with Radar,356,50,26,5,437,0,28,11,1,40,356,78,37,6,477,0,0,0,477
04/24/2020,PHX,AZ,AWP,CE,Towers with Radar,338,63,16,2,419,1,30,11,0,42,339,93,27,2,461,0,0,0,461
04/25/2020,PHX,AZ,AWP,CE,Towers with Radar,312,39,10,1,362,0,12,6,0,18,312,51,16,1,380,0,0,0,380
04/26/2020,PHX,AZ,AWP,CE,Towers with Radar,321,34,20,0,375,1,17,10,4,32,322,51,30,4,407,0,0,0,407
04/27/2020,PHX,AZ,AWP,CE,Towers with Radar,318,51,14,10,393,0,16,9,2,27,318,67,23,12,420,0,0,0,420
04/28/2020,PHX,AZ,AWP,CE,Towers with Radar,331,60,27,5,423,0,28,14,0,42,331,88,41,5,465,0,0,0,465
04/29/2020,PHX,AZ,AWP,CE,Towers with Radar,343,58,24,5,430,0,23,22,1,46,343,81,46,6,476,0,0,0,476
04/30/2020,PHX,AZ,AWP,CE,Towers with Radar,351,63,23,12,449,0,23,23,1,47,351,86,46,13,496,0,0,0,496
05/01/2020,PHX,AZ,AWP,CE,Towers with Radar,359,56,23,3,441,0,34,22,0,56,359,90,45,3,497,0,0,0,497
05/02/2020,PHX,AZ,AWP,CE,Towers with Radar,219,43,25,3,290,0,13,7,0,20,219,56,32,3,310,0,0,0,310
05/03/2020,PHX,AZ,AWP,CE,Towers with Radar,374,36,12,2,424,0,18,9,0,27,374,54,21,2,451,0,0,0,451
05/04/2020,PHX,AZ,AWP,CE,Towers with Radar,371,50,22,7,450,0,13,12,0,25,371,63,34,7,475,0,0,0,475
05/05/2020,PHX,AZ,AWP,CE,Towers with Radar,253,53,29,9,344,0,15,18,5,38,253,68,47,14,382,0,0,0,382
05/06/2020,PHX,AZ,AWP,CE,Towers with Radar,261,77,30,6,374,0,27,18,0,45,261,104,48,6,419,0,0,0,419
05/07/2020,PHX,AZ,AWP,CE,Towers with Radar,355,59,37,8,459,0,13,15,5,33,355,72,52,13,492,0,0,0,492
05/08/2020,PHX,AZ,AWP,CE,Towers with Radar,370,64,31,4,469,0,23,17,0,40,370,87,48,4,509,0,0,0,509
05/09/2020,PHX,AZ,AWP,CE,Towers with Radar,222,38,25,1,286,0,16,15,0,31,222,54,40,1,317,0,0,0,317
05/10/2020,PHX,AZ,AWP,CE,Towers with Radar,364,45,17,2,428,0,5,9,2,16,364,50,26,4,444,0,0,0,444
05/11/2020,PHX,AZ,AWP,CE,Towers with Radar,352,63,23,14,452,0,21,7,0,28,352,84,30,14,480,0,0,0,480
05/12/2020,PHX,AZ,AWP,CE,Towers with Radar,257,63,29,5,354,0,10,8,1,19,257,73,37,6,373,0,0,0,373
05/13/2020,PHX,AZ,AWP,CE,Towers with Radar,375,53,45,8,481,0,29,19,0,48,375,82,64,8,529,0,0,0,529
05/14/2020,PHX,AZ,AWP,CE,Towers with Radar,369,64,24,4,461,1,18,20,2,41,370,82,44,6,502,0,0,0,502
05/15/2020,PHX,AZ,AWP,CE,Towers with Radar,365,62,40,2,469,0,31,10,0,41,365,93,50,2,510,0,0,0,510
05/16/2020,PHX,AZ,AWP,CE,Towers with Radar,223,55,20,0,298,0,13,11,0,24,223,68,31,0,322,0,0,0,322
05/17/2020,PHX,AZ,AWP,CE,Towers with Radar,357,38,17,0,412,0,3,15,0,18,357,41,32,0,430,0,0,0,430
05/18/2020,PHX,AZ,AWP,CE,Towers with Radar,373,62,19,4,458,0,44,9,2,55,373,106,28,6,513,0,0,0,513
05/19/2020,PHX,AZ,AWP,CE,Towers with Radar,270,57,31,4,362,0,27,6,0,33,270,84,37,4,395,0,0,0,395
05/20/2020,PHX,AZ,AWP,CE,Towers with Radar,391,77,36,4,508,0,25,11,2,38,391,102,47,6,546,0,0,0,546
05/21/2020,PHX,AZ,AWP,CE,Towers with Radar,385,65,43,0,493,0,25,20,2,47,385,90,63,2,540,0,0,0,540
05/22/2020,PHX,AZ,AWP,CE,Towers with Radar,406,72,44,2,524,0,22,12,0,34,406,94,56,2,558,0,0,0,558
05/23/2020,PHX,AZ,AWP,CE,Towers with Radar,231,51,13,1,296,0,11,7,0,18,231,62,20,1,314,0,0,0,314
05/24/2020,PHX,AZ,AWP,CE,Towers with Radar,366,43,16,1,426,0,7,16,0,23,366,50,32,1,449,0,0,0,449
05/25/2020,PHX,AZ,AWP,CE,Towers with Radar,357,45,21,1,424,0,11,12,0,23,357,56,33,1,447,0,0,0,447
05/26/2020,PHX,AZ,AWP,CE,Towers with Radar,263,57,41,5,366,0,16,11,1,28,263,73,52,6,394,0,0,0,394
05/27/2020,PHX,AZ,AWP,CE,Towers with Radar,388,62,31,3,484,0,12,15,0,27,388,74,46,3,511,0,0,0,511
05/28/2020,PHX,AZ,AWP,CE,Towers with Radar,392,86,23,3,504,1,22,35,3,61,393,108,58,6,565,0,0,0,565
05/29/2020,PHX,AZ,AWP,CE,Towers with Radar,387,64,34,5,490,0,18,16,0,34,387,82,50,5,524,0,0,0,524
05/30/2020,PHX,AZ,AWP,CE,Towers with Radar,233,49,16,0,298,1,20,9,1,31,234,69,25,1,329,0,0,0,329
05/31/2020,PHX,AZ,AWP,CE,Towers with Radar,380,42,33,0,455,0,9,27,1,37,380,51,60,1,492,0,0,0,492
06/01/2020,PHX,AZ,AWP,CE,Towers with Radar,376,67,33,1,477,0,20,17,0,37,376,87,50,1,514,0,0,0,514
06/02/2020,PHX,AZ,AWP,CE,Towers with Radar,276,52,43,10,381,0,26,8,7,41,276,78,51,17,422,0,0,0,422
06/03/2020,PHX,AZ,AWP,CE,Towers with Radar,394,63,43,6,506,0,35,34,0,69,394,98,77,6,575,0,0,0,575
06/04/2020,PHX,AZ,AWP,CE,Towers with Radar,411,65,36,4,516,0,18,10,0,28,411,83,46,4,544,0,0,0,544
06/05/2020,PHX,AZ,AWP,CE,Towers with Radar,396,51,30,2,479,0,25,14,0,39,396,76,44,2,518,0,0,0,518
06/06/2020,PHX,AZ,AWP,CE,Towers with Radar,372,36,27,6,441,0,21,12,2,35,372,57,39,8,476,0,0,0,476
06/07/2020,PHX,AZ,AWP,CE,Towers with Radar,439,41,21,0,501,0,5,19,4,28,439,46,40,4,529,0,0,0,529
06/08/2020,PHX,AZ,AWP,CE,Towers with Radar,442,59,31,2,534,0,18,7,0,25,442,77,38,2,559,0,0,0,559
06/09/2020,PHX,AZ,AWP,CE,Towers with Radar,441,64,29,5,539,0,19,9,3,31,441,83,38,8,570,0,0,0,570
06/10/2020,PHX,AZ,AWP,CE,Towers with Radar,445,81,42,5,573,0,19,22,2,43,445,100,64,7,616,0,0,0,616
06/11/2020,PHX,AZ,AWP,CE,Towers with Radar,489,65,44,3,601,0,21,11,4,36,489,86,55,7,637,0,0,0,637
06/12/2020,PHX,AZ,AWP,CE,Towers with Radar,468,77,38,7,590,0,25,28,3,56,468,102,66,10,646,0,0,0,646
06/13/2020,PHX,AZ,AWP,CE,Towers with Radar,418,54,22,1,495,0,20,30,2,52,418,74,52,3,547,0,0,0,547
06/14/2020,PHX,AZ,AWP,CE,Towers with Radar,479,53,32,1,565,1,4,20,0,25,480,57,52,1,590,0,0,0,590
06/15/2020,PHX,AZ,AWP,CE,Towers with Radar,464,80,34,2,580,0,10,19,2,31,464,90,53,4,611,0,0,0,611
06/16/2020,PHX,AZ,AWP,CE,Towers with Radar,460,83,32,2,577,0,14,10,0,24,460,97,42,2,601,0,0,0,601
06/17/2020,PHX,AZ,AWP,CE,Towers with Radar,458,64,26,0,548,0,23,14,0,37,458,87,40,0,585,0,0,0,585
06/18/2020,PHX,AZ,AWP,CE,Towers with Radar,491,66,24,6,587,0,18,15,2,35,491,84,39,8,622,0,0,0,622
06/19/2020,PHX,AZ,AWP,CE,Towers with Radar,483,78,36,4,601,0,24,10,0,34,483,102,46,4,635,0,0,0,635
06/20/2020,PHX,AZ,AWP,CE,Towers with Radar,433,41,38,5,517,0,20,6,1,27,433,61,44,6,544,0,0,0,544
06/21/2020,PHX,AZ,AWP,CE,Towers with Radar,478,43,23,0,544,0,7,9,1,17,478,50,32,1,561,0,0,0,561
06/22/2020,PHX,AZ,AWP,CE,Towers with Radar,498,62,29,2,591,0,21,19,0,40,498,83,48,2,631,0,0,0,631
06/23/2020,PHX,AZ,AWP,CE,Towers with Radar,490,62,31,10,593,0,15,26,0,41,490,77,57,10,634,0,0,0,634
06/24/2020,PHX,AZ,AWP,CE,Towers with Radar,495,68,30,8,601,0,26,9,0,35,495,94,39,8,636,0,0,0,636
06/25/2020,PHX,AZ,AWP,CE,Towers with Radar,525,73,36,5,639,0,22,11,1,34,525,95,47,6,673,0,0,0,673
06/26/2020,PHX,AZ,AWP,CE,Towers with Radar,518,80,40,2,640,0,18,9,0,27,518,98,49,2,667,0,0,0,667
06/27/2020,PHX,AZ,AWP,CE,Towers with Radar,465,43,15,2,525,0,20,8,0,28,465,63,23,2,553,0,0,0,553
06/28/2020,PHX,AZ,AWP,CE,Towers with Radar,523,52,21,3,599,0,20,17,0,37,523,72,38,3,636,0,0,0,636
06/29/2020,PHX,AZ,AWP,CE,Towers with Radar,529,67,34,3,633,0,7,13,0,20,529,74,47,3,653,0,0,0,653
06/30/2020,PHX,AZ,AWP,CE,Towers with Radar,542,66,31,10,649,0,20,13,2,35,542,86,44,12,684,0,0,0,684
07/01/2020,PHX,AZ,AWP,CE,Towers with Radar,544,67,36,6,653,0,13,26,3,42,544,80,62,9,695,0,0,0,695
07/02/2020,PHX,AZ,AWP,CE,Towers with Radar,569,85,32,3,689,0,17,19,0,36,569,102,51,3,725,0,0,0,725
07/03/2020,PHX,AZ,AWP,CE,Towers with Radar,544,55,14,0,613,0,15,16,0,31,544,70,30,0,644,0,0,0,644
07/04/2020,PHX,AZ,AWP,CE,Towers with Radar,398,35,11,2,446,0,4,2,1,7,398,39,13,3,453,0,0,0,453
07/05/2020,PHX,AZ,AWP,CE,Towers with Radar,525,38,28,1,592,0,16,5,0,21,525,54,33,1,613,0,0,0,613
07/06/2020,PHX,AZ,AWP,CE,Towers with Radar,551,74,25,0,650,0,31,21,0,52,551,105,46,0,702,0,0,0,702
07/07/2020,PHX,AZ,AWP,CE,Towers with Radar,642,59,32,6,739,0,27,12,0,39,642,86,44,6,778,0,0,0,778
07/08/2020,PHX,AZ,AWP,CE,Towers with Radar,649,87,34,4,774,0,12,16,2,30,649,99,50,6,804,0,0,0,804
07/09/2020,PHX,AZ,AWP,CE,Towers with Radar,669,64,33,7,773,0,23,6,1,30,669,87,39,8,803,0,0,0,803
07/10/2020,PHX,AZ,AWP,CE,Towers with Radar,642,68,31,6,747,0,27,21,0,48,642,95,52,6,795,0,0,0,795
07/11/2020,PHX,AZ,AWP,CE,Towers with Radar,598,46,16,5,665,0,16,11,1,28,598,62,27,6,693,0,0,0,693
07/12/2020,PHX,AZ,AWP,CE,Towers with Radar,640,41,25,3,709,0,7,2,0,9,640,48,27,3,718,0,0,0,718
07/13/2020,PHX,AZ,AWP,CE,Towers with Radar,643,62,27,0,732,0,17,15,0,32,643,79,42,0,764,0,0,0,764
07/14/2020,PHX,AZ,AWP,CE,Towers with Radar,644,76,32,2,754,0,18,10,3,31,644,94,42,5,785,0,0,0,785
07/15/2020,PHX,AZ,AWP,CE,Towers with Radar,645,64,31,3,743,0,20,16,0,36,645,84,47,3,779,0,0,0,779
07/16/2020,PHX,AZ,AWP,CE,Towers with Radar,674,79,28,5,786,0,19,20,0,39,674,98,48,5,825,0,0,0,825
07/17/2020,PHX,AZ,AWP,CE,Towers with Radar,650,65,39,5,759,0,25,10,3,38,650,90,49,8,797,0,0,0,797
07/18/2020,PHX,AZ,AWP,CE,Towers with Radar,601,42,23,0,666,0,12,10,0,22,601,54,33,0,688,0,0,0,688
07/19/2020,PHX,AZ,AWP,CE,Towers with Radar,636,31,20,0,687,0,13,9,0,22,636,44,29,0,709,0,0,0,709
07/20/2020,PHX,AZ,AWP,CE,Towers with Radar,633,69,19,2,723,0,28,26,1,55,633,97,45,3,778,0,0,0,778
07/21/2020,PHX,AZ,AWP,CE,Towers with Radar,635,70,37,6,748,0,20,14,0,34,635,90,51,6,782,0,0,0,782
07/22/2020,PHX,AZ,AWP,CE,Towers with Radar,642,70,21,0,733,0,9,19,2,30,642,79,40,2,763,0,0,0,763
07/23/2020,PHX,AZ,AWP,CE,Towers with Radar,669,71,29,1,770,0,15,9,0,24,669,86,38,1,794,0,0,0,794
07/24/2020,PHX,AZ,AWP,CE,Towers with Radar,654,68,28,2,752,0,16,16,0,32,654,84,44,2,784,0,0,0,784
07/25/2020,PHX,AZ,AWP,CE,Towers with Radar,601,41,22,0,664,0,8,8,0,16,601,49,30,0,680,0,0,0,680
07/26/2020,PHX,AZ,AWP,CE,Towers with Radar,628,34,32,1,695,0,5,12,2,19,628,39,44,3,714,0,0,0,714
07/27/2020,PHX,AZ,AWP,CE,Towers with Radar,640,68,26,0,734,0,10,8,0,18,640,78,34,0,752,0,0,0,752
07/28/2020,PHX,AZ,AWP,CE,Towers with Radar,631,53,23,2,709,0,13,12,0,25,631,66,35,2,734,0,0,0,734
07/29/2020,PHX,AZ,AWP,CE,Towers with Radar,644,65,34,5,748,0,28,19,0,47,644,93,53,5,795,0,0,0,795
07/30/2020,PHX,AZ,AWP,CE,Towers with Radar,642,75,23,5,745,0,15,16,1,32,642,90,39,6,777,0,0,0,777
07/31/2020,PHX,AZ,AWP,CE,Towers with Radar,628,60,27,8,723,0,26,10,4,40,628,86,37,12,763,0,0,0,763
08/01/2020,PHX,AZ,AWP,CE,Towers with Radar,575,43,24,6,648,0,17,11,0,28,575,60,35,6,676,0,0,0,676
08/02/2020,PHX,AZ,AWP,CE,Towers with Radar,620,33,30,5,688,0,11,20,1,32,620,44,50,6,720,0,0,0,720
08/03/2020,PHX,AZ,AWP,CE,Towers with Radar,628,57,29,4,718,0,19,11,1,31,628,76,40,5,749,0,0,0,749
08/04/2020,PHX,AZ,AWP,CE,Towers with Radar,612,46,25,6,689,0,19,22,0,41,612,65,47,6,730,0,0,0,730
08/05/2020,PHX,AZ,AWP,CE,Towers with Radar,613,58,42,4,717,0,19,13,0,32,613,77,55,4,749,0,0,0,749
08/06/2020,PHX,AZ,AWP,CE,Towers with Radar,654,66,32,1,753,0,35,17,0,52,654,101,49,1,805,0,0,0,805
08/07/2020,PHX,AZ,AWP,CE,Towers with Radar,639,69,29,2,739,0,10,13,0,23,639,79,42,2,762,0,0,0,762
08/08/2020,PHX,AZ,AWP,CE,Towers with Radar,580,40,23,1,644,0,15,14,0,29,580,55,37,1,673,0,0,0,673
08/09/2020,PHX,AZ,AWP,CE,Towers with Radar,627,38,25,0,690,0,3,5,0,8,627,41,30,0,698,0,0,0,698
08/10/2020,PHX,AZ,AWP,CE,Towers with Radar,626,69,41,3,739,0,16,11,5,32,626,85,52,8,771,0,0,0,771
08/11/2020,PHX,AZ,AWP,CE,Towers with Radar,636,55,40,10,741,0,17,23,0,40,636,72,63,10,781,0,0,0,781
08/12/2020,PHX,AZ,AWP,CE,Towers with Radar,642,56,28,0,726,0,37,9,4,50,642,93,37,4,776,0,0,0,776
08/13/2020,PHX,AZ,AWP,CE,Towers with Radar,690,72,39,1,802,0,21,10,4,35,690,93,49,5,837,0,0,0,837
08/14/2020,PHX,AZ,AWP,CE,Towers with Radar,677,74,38,2,791,0,27,9,4,40,677,101,47,6,831,0,0,0,831
08/15/2020,PHX,AZ,AWP,CE,Towers with Radar,606,45,24,0,675,0,9,6,6,21,606,54,30,6,696,0,0,0,696
08/16/2020,PHX,AZ,AWP,CE,Towers with Radar,647,51,23,0,721,0,1,4,0,5,647,52,27,0,726,0,0,0,726
08/17/2020,PHX,AZ,AWP,CE,Towers with Radar,645,59,19,3,726,0,15,14,0,29,645,74,33,3,755,0,0,0,755
08/18/2020,PHX,AZ,AWP,CE,Towers with Radar,662,60,29,0,751,0,15,12,0,27,662,75,41,0,778,0,0,0,778
08/19/2020,PHX,AZ,AWP,CE,Towers with Radar,656,68,35,5,764,0,21,14,0,35,656,89,49,5,799,0,0,0,799
08/20/2020,PHX,AZ,AWP,CE,Towers with Radar,702,64,25,2,793,0,21,11,3,35,702,85,36,5,828,0,0,0,828
08/21/2020,PHX,AZ,AWP,CE,Towers with Radar,692,69,37,2,800,0,24,14,0,38,692,93,51,2,838,0,0,0,838
08/22/2020,PHX,AZ,AWP,CE,Towers with Radar,618,45,23,0,686,0,11,5,0,16,618,56,28,0,702,0,0,0,702
08/23/2020,PHX,AZ,AWP,CE,Towers with Radar,664,41,31,0,736,0,3,16,2,21,664,44,47,2,757,0,0,0,757
08/24/2020,PHX,AZ,AWP,CE,Towers with Radar,665,69,26,5,765,0,14,29,4,47,665,83,55,9,812,0,0,0,812
08/25/2020,PHX,AZ,AWP,CE,Towers with Radar,651,73,41,10,775,0,18,12,4,34,651,91,53,14,809,0,0,0,809
08/26/2020,PHX,AZ,AWP,CE,Towers with Radar,640,72,34,6,752,0,17,17,0,34,640,89,51,6,786,0,0,0,786
08/27/2020,PHX,AZ,AWP,CE,Towers with Radar,701,62,38,7,808,0,14,8,5,27,701,76,46,12,835,0,0,0,835
08/28/2020,PHX,AZ,AWP,CE,Towers with Radar,676,65,34,8,783,0,14,14,0,28,676,79,48,8,811,0,0,0,811
08/29/2020,PHX,AZ,AWP,CE,Towers with Radar,619,35,17,3,674,0,17,6,0,23,619,52,23,3,697,0,0,0,697
08/30/2020,PHX,AZ,AWP,CE,Towers with Radar,660,43,29,0,732,0,7,8,0,15,660,50,37,0,747,0,0,0,747
08/31/2020,PHX,AZ,AWP,CE,Towers with Radar,665,60,36,2,763,0,20,12,0,32,665,80,48,2,795,0,0,0,795
09/01/2020,PHX,AZ,AWP,CE,Towers with Radar,644,67,38,3,752,0,14,10,0,24,644,81,48,3,776,0,0,0,776
09/02/2020,PHX,AZ,AWP,CE,Towers with Radar,664,65,28,5,762,0,15,21,0,36,664,80,49,5,798,0,0,0,798
09/03/2020,PHX,AZ,AWP,CE,Towers with Radar,703,61,45,4,813,0,18,20,2,40,703,79,65,6,853,0,0,0,853
09/04/2020,PHX,AZ,AWP,CE,Towers with Radar,697,73,41,1,812,0,15,20,0,35,697,88,61,1,847,0,0,0,847
09/05/2020,PHX,AZ,AWP,CE,Towers with Radar,564,30,16,2,612,0,23,8,1,32,564,53,24,3,644,0,0,0,644
09/06/2020,PHX,AZ,AWP,CE,Towers with Radar,515,32,23,1,571,0,6,5,0,11,515,38,28,1,582,0,0,0,582
09/07/2020,PHX,AZ,AWP,CE,Towers with Radar,588,56,34,3,681,0,13,8,0,21,588,69,42,3,702,0,0,0,702
09/08/2020,PHX,AZ,AWP,CE,Towers with Radar,604,54,33,7,698,0,17,9,0,26,604,71,42,7,724,0,0,0,724
09/09/2020,PHX,AZ,AWP,CE,Towers with Radar,629,62,25,8,724,0,13,24,0,37,629,75,49,8,761,0,0,0,761
09/10/2020,PHX,AZ,AWP,CE,Towers with Radar,673,73,42,10,798,0,15,20,1,36,673,88,62,11,834,0,0,0,834
09/11/2020,PHX,AZ,AWP,CE,Towers with Radar,659,69,27,12,767,0,25,21,1,47,659,94,48,13,814,0,0,0,814
09/12/2020,PHX,AZ,AWP,CE,Towers with Radar,605,29,21,6,661,0,11,12,2,25,605,40,33,8,686,0,0,0,686
09/13/2020,PHX,AZ,AWP,CE,Towers with Radar,631,37,34,2,704,0,0,12,0,12,631,37,46,2,716,0,0,0,716
09/14/2020,PHX,AZ,AWP,CE,Towers with Radar,649,62,23,3,737,0,15,34,0,49,649,77,57,3,786,0,0,0,786
09/15/2020,PHX,AZ,AWP,CE,Towers with Radar,622,72,39,8,741,0,15,23,0,38,622,87,62,8,779,0,0,0,779
09/16/2020,PHX,AZ,AWP,CE,Towers with Radar,635,68,38,7,748,0,24,11,1,36,635,92,49,8,784,0,0,0,784
09/17/2020,PHX,AZ,AWP,CE,Towers with Radar,673,77,44,5,799,0,24,15,0,39,673,101,59,5,838,0,0,0,838
09/18/2020,PHX,AZ,AWP,CE,Towers with Radar,664,63,44,9,780,0,26,26,2,54,664,89,70,11,834,0,0,0,834
09/19/2020,PHX,AZ,AWP,CE,Towers with Radar,613,27,23,3,666,0,20,7,6,33,613,47,30,9,699,0,0,0,699
09/20/2020,PHX,AZ,AWP,CE,Towers with Radar,646,35,28,1,710,0,5,17,0,22,646,40,45,1,732,0,0,0,732
09/21/2020,PHX,AZ,AWP,CE,Towers with Radar,653,53,32,2,740,0,10,18,2,30,653,63,50,4,770,0,0,0,770
09/22/2020,PHX,AZ,AWP,CE,Towers with Radar,634,77,38,7,756,0,17,11,0,28,634,94,49,7,784,0,0,0,784
09/23/2020,PHX,AZ,AWP,CE,Towers with Radar,648,69,51,4,772,0,18,18,0,36,648,87,69,4,808,0,0,0,808
09/24/2020,PHX,AZ,AWP,CE,Towers with Radar,676,67,28,9,780,0,16,14,0,30,676,83,42,9,810,0,0,0,810
09/25/2020,PHX,AZ,AWP,CE,Towers with Radar,659,67,45,5,776,0,14,9,7,30,659,81,54,12,806,0,0,0,806
09/26/2020,PHX,AZ,AWP,CE,Towers with Radar,616,28,21,6,671,0,21,14,0,35,616,49,35,6,706,0,0,0,706
09/27/2020,PHX,AZ,AWP,CE,Towers with Radar,644,48,39,1,732,0,12,11,1,24,644,60,50,2,756,0,0,0,756
09/28/2020,PHX,AZ,AWP,CE,Towers with Radar,653,62,40,6,761,0,15,25,0,40,653,77,65,6,801,0,0,0,801
09/29/2020,PHX,AZ,AWP,CE,Towers with Radar,639,58,42,5,744,0,21,16,6,43,639,79,58,11,787,0,0,0,787
09/30/2020,PHX,AZ,AWP,CE,Towers with Radar,639,78,32,7,756,0,10,10,1,21,639,88,42,8,777,0,0,0,777
10/01/2020,PHX,AZ,AWP,CE,Towers with Radar,685,72,52,5,814,0,13,18,0,31,685,85,70,5,845,0,0,0,845
10/02/2020,PHX,AZ,AWP,CE,Towers with Radar,688,66,37,3,794,0,14,18,3,35,688,80,55,6,829,0,0,0,829
10/03/2020,PHX,AZ,AWP,CE,Towers with Radar,629,45,22,1,697,0,11,13,0,24,629,56,35,1,721,0,0,0,721
10/04/2020,PHX,AZ,AWP,CE,Towers with Radar,665,39,35,5,744,0,5,1,0,6,665,44,36,5,750,0,0,0,750
10/05/2020,PHX,AZ,AWP,CE,Towers with Radar,669,68,26,0,763,0,9,11,0,20,669,77,37,0,783,0,0,0,783
10/06/2020,PHX,AZ,AWP,CE,Towers with Radar,643,64,34,6,747,0,16,14,1,31,643,80,48,7,778,0,0,0,778
10/07/2020,PHX,AZ,AWP,CE,Towers with Radar,667,71,34,6,778,0,29,16,0,45,667,100,50,6,823,0,0,0,823
10/08/2020,PHX,AZ,AWP,CE,Towers with Radar,741,77,41,8,867,0,15,25,0,40,741,92,66,8,907,0,0,0,907
10/09/2020,PHX,AZ,AWP,CE,Towers with Radar,738,76,51,3,868,0,26,23,3,52,738,102,74,6,920,0,0,0,920
10/10/2020,PHX,AZ,AWP,CE,Towers with Radar,667,31,22,0,720,0,11,10,0,21,667,42,32,0,741,0,0,0,741
10/11/2020,PHX,AZ,AWP,CE,Towers with Radar,716,49,22,0,787,0,6,6,0,12,716,55,28,0,799,0,0,0,799
10/12/2020,PHX,AZ,AWP,CE,Towers with Radar,715,80,44,1,840,0,18,16,0,34,715,98,60,1,874,0,0,0,874
10/13/2020,PHX,AZ,AWP,CE,Towers with Radar,654,66,26,8,754,0,17,13,0,30,654,83,39,8,784,0,0,0,784
10/14/2020,PHX,AZ,AWP,CE,Towers with Radar,665,71,48,2,786,0,12,9,0,21,665,83,57,2,807,0,0,0,807
10/15/2020,PHX,AZ,AWP,CE,Towers with Radar,727,76,49,5,857,0,13,20,2,35,727,89,69,7,892,0,0,0,892
10/16/2020,PHX,AZ,AWP,CE,Towers with Radar,743,83,60,5,891,0,23,20,0,43,743,106,80,5,934,0,0,0,934
10/17/2020,PHX,AZ,AWP,CE,Towers with Radar,686,44,19,4,753,0,18,2,3,23,686,62,21,7,776,0,0,0,776
10/18/2020,PHX,AZ,AWP,CE,Towers with Radar,724,49,40,2,815,0,5,17,0,22,724,54,57,2,837,0,0,0,837
10/19/2020,PHX,AZ,AWP,CE,Towers with Radar,719,67,33,3,822,0,7,35,6,48,719,74,68,9,870,0,0,0,870
10/20/2020,PHX,AZ,AWP,CE,Towers with Radar,658,70,44,8,780,0,11,17,6,34,658,81,61,14,814,0,0,0,814
10/21/2020,PHX,AZ,AWP,CE,Towers with Radar,673,78,41,2,794,0,34,27,0,61,673,112,68,2,855,0,0,0,855
10/22/2020,PHX,AZ,AWP,CE,Towers with Radar,727,80,40,7,854,0,16,14,1,31,727,96,54,8,885,0,0,0,885
10/23/2020,PHX,AZ,AWP,CE,Towers with Radar,729,70,38,9,846,0,13,9,0,22,729,83,47,9,868,0,0,0,868
10/24/2020,PHX,AZ,AWP,CE,Towers with Radar,658,36,20,6,720,0,10,10,0,20,658,46,30,6,740,0,0,0,740
10/25/2020,PHX,AZ,AWP,CE,Towers with Radar,688,50,32,6,776,0,12,13,0,25,688,62,45,6,801,0,0,0,801
10/26/2020,PHX,AZ,AWP,CE,Towers with Radar,702,63,37,6,808,0,15,11,1,27,702,78,48,7,835,0,0,0,835
10/27/2020,PHX,AZ,AWP,CE,Towers with Radar,656,81,54,7,798,0,11,27,2,40,656,92,81,9,838,0,0,0,838
10/28/2020,PHX,AZ,AWP,CE,Towers with Radar,664,88,37,9,798,2,17,8,6,33,666,105,45,15,831,0,0,0,831
10/29/2020,PHX,AZ,AWP,CE,Towers with Radar,724,71,39,4,838,2,10,21,0,33,726,81,60,4,871,0,0,0,871
10/30/2020,PHX,AZ,AWP,CE,Towers with Radar,721,88,39,9,857,0,13,20,1,34,721,101,59,10,891,0,0,0,891
10/31/2020,PHX,AZ,AWP,CE,Towers with Radar,542,44,12,5,603,0,15,8,2,25,542,59,20,7,628,0,0,0,628
11/01/2020,PHX,AZ,AWP,CE,Towers with Radar,707,41,45,9,802,0,9,17,3,29,707,50,62,12,831,0,0,0,831
11/02/2020,PHX,AZ,AWP,CE,Towers with Radar,704,75,33,2,814,0,12,17,0,29,704,87,50,2,843,0,0,0,843
11/03/2020,PHX,AZ,AWP,CE,Towers with Radar,658,73,29,5,765,0,23,12,1,36,658,96,41,6,801,0,0,0,801
11/04/2020,PHX,AZ,AWP,CE,Towers with Radar,648,87,49,3,787,0,11,24,1,36,648,98,73,4,823,0,0,0,823
11/05/2020,PHX,AZ,AWP,CE,Towers with Radar,803,75,34,5,917,0,16,21,2,39,803,91,55,7,956,0,0,0,956
11/06/2020,PHX,AZ,AWP,CE,Towers with Radar,778,90,49,11,928,0,26,13,1,40,778,116,62,12,968,0,0,0,968
11/07/2020,PHX,AZ,AWP,CE,Towers with Radar,671,40,29,6,746,0,11,6,0,17,671,51,35,6,763,0,0,0,763
11/08/2020,PHX,AZ,AWP,CE,Towers with Radar,787,62,28,8,885,0,2,7,4,13,787,64,35,12,898,0,0,0,898
11/09/2020,PHX,AZ,AWP,CE,Towers with Radar,766,73,35,7,881,0,13,8,1,22,766,86,43,8,903,0,0,0,903
11/10/2020,PHX,AZ,AWP,CE,Towers with Radar,661,87,39,6,793,0,15,25,1,41,661,102,64,7,834,0,0,0,834
11/11/2020,PHX,AZ,AWP,CE,Towers with Radar,670,82,51,5,808,0,7,13,0,20,670,89,64,5,828,0,0,0,828
11/12/2020,PHX,AZ,AWP,CE,Towers with Radar,788,62,45,8,903,0,22,11,0,33,788,84,56,8,936,0,0,0,936
11/13/2020,PHX,AZ,AWP,CE,Towers with Radar,783,80,44,23,930,0,17,12,1,30,783,97,56,24,960,0,0,0,960
11/14/2020,PHX,AZ,AWP,CE,Towers with Radar,678,47,25,5,755,0,13,10,0,23,678,60,35,5,778,0,0,0,778
11/15/2020,PHX,AZ,AWP,CE,Towers with Radar,793,59,26,10,888,0,8,16,4,28,793,67,42,14,916,0,0,0,916
11/16/2020,PHX,AZ,AWP,CE,Towers with Radar,748,80,51,1,880,0,10,20,2,32,748,90,71,3,912,0,0,0,912
11/17/2020,PHX,AZ,AWP,CE,Towers with Radar,667,87,50,7,811,0,12,27,0,39,667,99,77,7,850,0,0,0,850
11/18/2020,PHX,AZ,AWP,CE,Towers with Radar,676,91,46,3,816,0,12,15,4,31,676,103,61,7,847,0,0,0,847
11/19/2020,PHX,AZ,AWP,CE,Towers with Radar,784,90,62,6,942,0,23,27,0,50,784,113,89,6,992,0,0,0,992
11/20/2020,PHX,AZ,AWP,CE,Towers with Radar,785,94,46,13,938,0,27,13,1,41,785,121,59,14,979,0,0,0,979
11/21/2020,PHX,AZ,AWP,CE,Towers with Radar,797,60,42,7,906,0,11,7,0,18,797,71,49,7,924,0,0,0,924
11/22/2020,PHX,AZ,AWP,CE,Towers with Radar,781,58,46,4,889,0,6,8,0,14,781,64,54,4,903,0,0,0,903
11/23/2020,PHX,AZ,AWP,CE,Towers with Radar,818,79,35,8,940,0,15,19,5,39,818,94,54,13,979,0,0,0,979
11/24/2020,PHX,AZ,AWP,CE,Towers with Radar,881,85,46,7,1019,0,19,22,3,44,881,104,68,10,1063,0,0,0,1063
11/25/2020,PHX,AZ,AWP,CE,Towers with Radar,895,78,38,4,1015,0,12,34,1,47,895,90,72,5,1062,0,0,0,1062
11/26/2020,PHX,AZ,AWP,CE,Towers with Radar,488,25,15,1,529,0,7,7,0,14,488,32,22,1,543,0,0,0,543
11/27/2020,PHX,AZ,AWP,CE,Towers with Radar,715,81,33,0,829,0,14,9,0,23,715,95,42,0,852,0,0,0,852
11/28/2020,PHX,AZ,AWP,CE,Towers with Radar,886,65,38,0,989,0,24,8,3,35,886,89,46,3,1024,0,0,0,1024
11/29/2020,PHX,AZ,AWP,CE,Towers with Radar,914,56,42,0,1012,0,13,11,0,24,914,69,53,0,1036,0,0,0,1036
11/30/2020,PHX,AZ,AWP,CE,Towers with Radar,886,83,46,1,1016,0,18,23,0,41,886,101,69,1,1057,0,0,0,1057
12/01/2020,PHX,AZ,AWP,CE,Towers with Radar,831,76,47,4,958,0,12,33,0,45,831,88,80,4,1003,0,0,0,1003
12/02/2020,PHX,AZ,AWP,CE,Towers with Radar,686,80,47,4,817,0,28,26,0,54,686,108,73,4,871,0,0,0,871
12/03/2020,PHX,AZ,AWP,CE,Towers with Radar,738,71,56,3,868,0,17,21,1,39,738,88,77,4,907,0,0,0,907
12/04/2020,PHX,AZ,AWP,CE,Towers with Radar,702,85,30,8,825,0,37,22,6,65,702,122,52,14,890,0,0,0,890
12/05/2020,PHX,AZ,AWP,CE,Towers with Radar,700,46,22,7,775,0,16,16,0,32,700,62,38,7,807,0,0,0,807
12/06/2020,PHX,AZ,AWP,CE,Towers with Radar,713,52,30,0,795,0,6,8,4,18,713,58,38,4,813,0,0,0,813
12/07/2020,PHX,AZ,AWP,CE,Towers with Radar,690,71,27,3,791,1,13,18,4,36,691,84,45,7,827,0,0,0,827
12/08/2020,PHX,AZ,AWP,CE,Towers with Radar,685,79,52,11,827,0,14,23,3,40,685,93,75,14,867,0,0,0,867
12/09/2020,PHX,AZ,AWP,CE,Towers with Radar,689,88,46,13,836,0,16,23,2,41,689,104,69,15,877,0,0,0,877
12/10/2020,PHX,AZ,AWP,CE,Towers with Radar,737,107,53,7,904,0,2,11,0,13,737,109,64,7,917,0,0,0,917
12/11/2020,PHX,AZ,AWP,CE,Towers with Radar,715,85,47,7,854,1,8,32,0,41,716,93,79,7,895,0,0,0,895
12/12/2020,PHX,AZ,AWP,CE,Towers with Radar,679,45,22,3,749,0,10,21,1,32,679,55,43,4,781,0,0,0,781
12/13/2020,PHX,AZ,AWP,CE,Towers with Radar,702,51,26,4,783,0,2,14,0,16,702,53,40,4,799,0,0,0,799
12/14/2020,PHX,AZ,AWP,CE,Towers with Radar,688,71,26,7,792,1,9,22,0,32,689,80,48,7,824,0,0,0,824
12/15/2020,PHX,AZ,AWP,CE,Towers with Radar,692,68,45,1,806,0,15,16,3,34,692,83,61,4,840,0,0,0,840
12/16/2020,PHX,AZ,AWP,CE,Towers with Radar,695,80,36,8,819,0,20,25,2,47,695,100,61,10,866,0,0,0,866
12/17/2020,PHX,AZ,AWP,CE,Towers with Radar,869,88,41,5,1003,0,8,29,0,37,869,96,70,5,1040,0,0,0,1040
12/18/2020,PHX,AZ,AWP,CE,Towers with Radar,899,92,43,3,1037,0,31,5,0,36,899,123,48,3,1073,0,0,0,1073
12/19/2020,PHX,AZ,AWP,CE,Towers with Radar,952,48,31,1,1032,0,11,3,0,14,952,59,34,1,1046,0,0,0,1046
12/20/2020,PHX,AZ,AWP,CE,Towers with Radar,902,40,30,4,976,0,7,3,1,11,902,47,33,5,987,0,0,0,987
12/21/2020,PHX,AZ,AWP,CE,Towers with Radar,862,64,38,4,968,0,9,14,1,24,862,73,52,5,992,0,0,0,992
12/22/2020,PHX,AZ,AWP,CE,Towers with Radar,898,75,38,0,1011,0,13,15,0,28,898,88,53,0,1039,0,0,0,1039
12/23/2020,PHX,AZ,AWP,CE,Towers with Radar,944,85,33,3,1065,0,25,6,1,32,944,110,39,4,1097,0,0,0,1097
12/24/2020,PHX,AZ,AWP,CE,Towers with Radar,648,62,30,1,741,0,26,8,0,34,648,88,38,1,775,0,0,0,775
12/25/2020,PHX,AZ,AWP,CE,Towers with Radar,494,18,5,0,517,0,12,4,0,16,494,30,9,0,533,0,0,0,533
12/26/2020,PHX,AZ,AWP,CE,Towers with Radar,888,50,35,1,974,0,20,7,4,31,888,70,42,5,1005,0,0,0,1005
12/27/2020,PHX,AZ,AWP,CE,Towers with Radar,933,35,33,2,1003,0,2,17,0,19,933,37,50,2,1022,0,0,0,1022
12/28/2020,PHX,AZ,AWP,CE,Towers with Radar,860,66,32,0,958,0,17,8,2,27,860,83,40,2,985,0,0,0,985
12/29/2020,PHX,AZ,AWP,CE,Towers with Radar,878,78,54,1,1011,0,9,10,0,19,878,87,64,1,1030,0,0,0,1030
12/30/2020,PHX,AZ,AWP,CE,Towers with Radar,883,79,47,0,1009,0,21,13,0,34,883,100,60,0,1043,0,0,0,1043
12/31/2020,PHX,AZ,AWP,CE,Towers with Radar,650,67,26,0,743,0,9,16,0,25,650,76,42,0,768,0,0,0,768
01/01/2021,PHX,AZ,AWP,CE,Towers with Radar,701,27,16,0,744,0,2,9,0,11,701,29,25,0,755,0,0,0,755
01/02/2021,PHX,AZ,AWP,CE,Towers with Radar,892,54,37,0,983,0,19,12,0,31,892,73,49,0,1014,0,0,0,1014
01/03/2021,PHX,AZ,AWP,CE,Towers with Radar,946,47,39,1,1033,0,8,6,0,14,946,55,45,1,1047,0,0,0,1047
01/04/2021,PHX,AZ,AWP,CE,Towers with Radar,851,82,39,2,974,0,15,29,0,44,851,97,68,2,1018,0,0,0,1018
01/05/2021,PHX,AZ,AWP,CE,Towers with Radar,756,75,40,4,875,0,9,12,0,21,756,84,52,4,896,0,0,0,896
01/06/2021,PHX,AZ,AWP,CE,Towers with Radar,747,80,27,7,861,0,17,6,0,23,747,97,33,7,884,0,0,0,884
01/07/2021,PHX,AZ,AWP,CE,Towers with Radar,806,67,36,7,916,0,22,8,0,30,806,89,44,7,946,0,0,0,946
01/08/2021,PHX,AZ,AWP,CE,Towers with Radar,783,84,48,4,919,0,25,18,0,43,783,109,66,4,962,0,0,0,962
01/09/2021,PHX,AZ,AWP,CE,Towers with Radar,681,54,35,0,770,0,13,13,0,26,681,67,48,0,796,0,0,0,796
01/10/2021,PHX,AZ,AWP,CE,Towers with Radar,778,44,47,3,872,0,10,14,0,24,778,54,61,3,896,0,0,0,896
01/11/2021,PHX,AZ,AWP,CE,Towers with Radar,765,70,42,8,885,0,19,15,2,36,765,89,57,10,921,0,0,0,921
01/12/2021,PHX,AZ,AWP,CE,Towers with Radar,694,69,44,5,812,0,22,25,1,48,694,91,69,6,860,0,0,0,860
01/13/2021,PHX,AZ,AWP,CE,Towers with Radar,700,77,53,5,835,0,25,23,1,49,700,102,76,6,884,0,0,0,884
01/14/2021,PHX,AZ,AWP,CE,Towers with Radar,792,87,43,9,931,0,18,26,0,44,792,105,69,9,975,0,0,0,975
01/15/2021,PHX,AZ,AWP,CE,Towers with Radar,778,75,57,2,912,0,23,16,4,43,778,98,73,6,955,0,0,0,955
01/16/2021,PHX,AZ,AWP,CE,Towers with Radar,668,42,21,0,731,0,10,14,0,24,668,52,35,0,755,0,0,0,755
01/17/2021,PHX,AZ,AWP,CE,Towers with Radar,774,45,16,0,835,0,5,16,0,21,774,50,32,0,856,0,0,0,856
01/18/2021,PHX,AZ,AWP,CE,Towers with Radar,767,86,46,2,901,0,15,13,1,29,767,101,59,3,930,0,0,0,930
01/19/2021,PHX,AZ,AWP,CE,Towers with Radar,695,78,46,5,824,0,20,14,0,34,695,98,60,5,858,0,0,0,858
01/20/2021,PHX,AZ,AWP,CE,Towers with Radar,699,75,41,6,821,0,20,21,0,41,699,95,62,6,862,0,0,0,862
01/21/2021,PHX,AZ,AWP,CE,Towers with Radar,806,100,41,6,953,0,17,26,0,43,806,117,67,6,996,0,0,0,996
01/22/2021,PHX,AZ,AWP,CE,Towers with Radar,782,82,29,7,900,1,23,12,0,36,783,105,41,7,936,0,0,0,936
01/23/2021,PHX,AZ,AWP,CE,Towers with Radar,670,56,22,5,753,0,10,8,0,18,670,66,30,5,771,0,0,0,771
01/24/2021,PHX,AZ,AWP,CE,Towers with Radar,789,34,40,3,866,0,15,3,0,18,789,49,43,3,884,0,0,0,884
01/25/2021,PHX,AZ,AWP,CE,Towers with Radar,760,67,26,4,857,1,6,13,0,20,761,73,39,4,877,0,0,0,877
01/26/2021,PHX,AZ,AWP,CE,Towers with Radar,684,69,38,10,801,0,9,9,0,18,684,78,47,10,819,0,0,0,819
01/27/2021,PHX,AZ,AWP,CE,Towers with Radar,697,79,48,13,837,1,24,28,1,54,698,103,76,14,891,0,0,0,891
01/28/2021,PHX,AZ,AWP,CE,Towers with Radar,800,69,37,11,917,0,16,12,2,30,800,85,49,13,947,0,0,0,947
01/29/2021,PHX,AZ,AWP,CE,Towers with Radar,789,85,29,13,916,0,9,8,2,19,789,94,37,15,935,0,0,0,935
01/30/2021,PHX,AZ,AWP,CE,Towers with Radar,683,39,28,1,751,0,13,12,0,25,683,52,40,1,776,0,0,0,776
01/31/2021,PHX,AZ,AWP,CE,Towers with Radar,765,51,34,2,852,0,5,9,0,14,765,56,43,2,866,0,0,0,866
02/01/2021,PHX,AZ,AWP,CE,Towers with Radar,757,58,26,14,855,0,15,22,1,38,757,73,48,15,893,0,0,0,893
02/02/2021,PHX,AZ,AWP,CE,Towers with Radar,692,64,44,14,814,0,14,16,0,30,692,78,60,14,844,0,0,0,844
02/03/2021,PHX,AZ,AWP,CE,Towers with Radar,701,77,53,12,843,0,14,14,0,28,701,91,67,12,871,0,0,0,871
02/04/2021,PHX,AZ,AWP,CE,Towers with Radar,796,79,45,13,933,0,16,29,2,47,796,95,74,15,980,0,0,0,980
02/05/2021,PHX,AZ,AWP,CE,Towers with Radar,798,85,38,8,929,0,13,18,1,32,798,98,56,9,961,0,0,0,961
02/06/2021,PHX,AZ,AWP,CE,Towers with Radar,680,47,32,3,762,0,20,4,2,26,680,67,36,5,788,0,0,0,788
02/07/2021,PHX,AZ,AWP,CE,Towers with Radar,762,33,25,0,820,0,4,10,0,14,762,37,35,0,834,0,0,0,834
02/08/2021,PHX,AZ,AWP,CE,Towers with Radar,780,72,29,1,882,1,7,9,1,18,781,79,38,2,900,0,0,0,900
02/09/2021,PHX,AZ,AWP,CE,Towers with Radar,696,71,40,9,816,0,22,28,3,53,696,93,68,12,869,0,0,0,869
02/10/2021,PHX,AZ,AWP,CE,Towers with Radar,701,90,42,17,850,0,23,29,0,52,701,113,71,17,902,0,0,0,902
02/11/2021,PHX,AZ,AWP,CE,Towers with Radar,817,86,68,17,988,0,12,34,0,46,817,98,102,17,1034,0,0,0,1034
02/12/2021,PHX,AZ,AWP,CE,Towers with Radar,837,73,42,8,960,0,10,30,0,40,837,83,72,8,1000,0,0,0,1000
02/13/2021,PHX,AZ,AWP,CE,Towers with Radar,676,53,37,2,768,0,5,13,0,18,676,58,50,2,786,0,0,0,786
02/14/2021,PHX,AZ,AWP,CE,Towers with Radar,730,45,30,3,808,0,8,14,0,22,730,53,44,3,830,0,0,0,830
02/15/2021,PHX,AZ,AWP,CE,Towers with Radar,716,90,53,6,865,0,7,30,4,41,716,97,83,10,906,0,0,0,906
02/16/2021,PHX,AZ,AWP,CE,Towers with Radar,630,93,57,10,790,0,21,31,1,53,630,114,88,11,843,0,0,0,843
02/17/2021,PHX,AZ,AWP,CE,Towers with Radar,661,91,70,6,828,0,16,21,2,39,661,107,91,8,867,0,0,0,867
02/18/2021,PHX,AZ,AWP,CE,Towers with Radar,779,83,56,15,933,0,14,34,13,61,779,97,90,28,994,0,0,0,994
02/19/2021,PHX,AZ,AWP,CE,Towers with Radar,809,70,35,9,923,0,17,24,1,42,809,87,59,10,965,0,0,0,965
02/20/2021,PHX,AZ,AWP,CE,Towers with Radar,702,35,28,14,779,0,11,19,0,30,702,46,47,14,809,0,0,0,809
02/21/2021,PHX,AZ,AWP,CE,Towers with Radar,805,44,48,7,904,0,2,20,3,25,805,46,68,10,929,0,0,0,929
02/22/2021,PHX,AZ,AWP,CE,Towers with Radar,810,75,51,2,938,0,26,27,0,53,810,101,78,2,991,0,0,0,991
02/23/2021,PHX,AZ,AWP,CE,Towers with Radar,717,68,46,5,836,0,16,12,2,30,717,84,58,7,866,0,0,0,866
02/24/2021,PHX,AZ,AWP,CE,Towers with Radar,717,79,48,3,847,0,22,22,0,44,717,101,70,3,891,0,0,0,891
02/25/2021,PHX,AZ,AWP,CE,Towers with Radar,834,94,36,6,970,0,22,30,2,54,834,116,66,8,1024,0,0,0,1024
02/26/2021,PHX,AZ,AWP,CE,Towers with Radar,828,77,50,5,960,0,16,26,2,44,828,93,76,7,1004,0,0,0,1004
02/27/2021,PHX,AZ,AWP,CE,Towers with Radar,704,43,26,4,777,0,8,30,0,38,704,51,56,4,815,0,0,0,815
02/28/2021,PHX,AZ,AWP,CE,Towers with Radar,803,56,28,5,892,0,2,8,0,10,803,58,36,5,902,0,0,0,902
03/01/2021,PHX,AZ,AWP,CE,Towers with Radar,805,77,43,5,930,3,10,18,1,32,808,87,61,6,962,0,0,0,962
03/02/2021,PHX,AZ,AWP,CE,Towers with Radar,717,60,50,9,836,0,20,38,4,62,717,80,88,13,898,0,0,0,898
03/03/2021,PHX,AZ,AWP,CE,Towers with Radar,734,77,31,3,845,0,14,16,0,30,734,91,47,3,875,0,0,0,875
03/04/2021,PHX,AZ,AWP,CE,Towers with Radar,886,109,50,11,1056,0,13,36,12,61,886,122,86,23,1117,0,0,0,1117
03/05/2021,PHX,AZ,AWP,CE,Towers with Radar,914,86,52,24,1076,0,16,25,2,43,914,102,77,26,1119,0,0,0,1119
03/06/2021,PHX,AZ,AWP,CE,Towers with Radar,837,41,31,12,921,0,11,19,0,30,837,52,50,12,951,0,0,0,951
03/07/2021,PHX,AZ,AWP,CE,Towers with Radar,954,59,35,11,1059,0,3,17,2,22,954,62,52,13,1081,0,0,0,1081
03/08/2021,PHX,AZ,AWP,CE,Towers with Radar,960,80,49,0,1089,0,8,19,0,27,960,88,68,0,1116,0,0,0,1116
03/09/2021,PHX,AZ,AWP,CE,Towers with Radar,843,88,50,3,984,0,11,23,0,34,843,99,73,3,1018,0,0,0,1018
03/10/2021,PHX,AZ,AWP,CE,Towers with Radar,858,90,36,7,991,0,21,32,0,53,858,111,68,7,1044,0,0,0,1044
03/11/2021,PHX,AZ,AWP,CE,Towers with Radar,1026,90,46,16,1178,0,13,33,2,48,1026,103,79,18,1226,0,0,0,1226
03/12/2021,PHX,AZ,AWP,CE,Towers with Radar,1032,92,39,10,1173,0,10,11,1,22,1032,102,50,11,1195,0,0,0,1195
03/13/2021,PHX,AZ,AWP,CE,Towers with Radar,948,44,33,5,1030,0,5,6,4,15,948,49,39,9,1045,0,0,0,1045
03/14/2021,PHX,AZ,AWP,CE,Towers with Radar,956,67,47,13,1083,0,3,5,2,10,956,70,52,15,1093,0,0,0,1093
03/15/2021,PHX,AZ,AWP,CE,Towers with Radar,975,70,49,4,1098,0,13,17,1,31,975,83,66,5,1129,0,0,0,1129
03/16/2021,PHX,AZ,AWP,CE,Towers with Radar,964,71,45,9,1089,0,14,15,0,29,964,85,60,9,1118,0,0,0,1118
03/17/2021,PHX,AZ,AWP,CE,Towers with Radar,958,82,49,9,1098,0,10,13,1,24,958,92,62,10,1122,0,0,0,1122
03/18/2021,PHX,AZ,AWP,CE,Towers with Radar,1035,83,65,6,1189,0,11,26,0,37,1035,94,91,6,1226,0,0,0,1226
03/19/2021,PHX,AZ,AWP,CE,Towers with Radar,1026,82,44,13,1165,0,14,28,0,42,1026,96,72,13,1207,0,0,0,1207
03/20/2021,PHX,AZ,AWP,CE,Towers with Radar,969,48,44,4,1065,0,12,13,1,26,969,60,57,5,1091,0,0,0,1091
03/21/2021,PHX,AZ,AWP,CE,Towers with Radar,1020,55,46,2,1123,0,4,19,2,25,1020,59,65,4,1148,0,0,0,1148
03/22/2021,PHX,AZ,AWP,CE,Towers with Radar,992,71,40,4,1107,0,22,30,2,54,992,93,70,6,1161,0,0,0,1161
03/23/2021,PHX,AZ,AWP,CE,Towers with Radar,962,63,49,6,1080,0,18,22,0,40,962,81,71,6,1120,0,0,0,1120
03/24/2021,PHX,AZ,AWP,CE,Towers with Radar,964,84,54,6,1108,0,22,34,2,58,964,106,88,8,1166,0,0,0,1166
03/25/2021,PHX,AZ,AWP,CE,Towers with Radar,1037,89,58,6,1190,0,20,19,0,39,1037,109,77,6,1229,0,0,0,1229
03/26/2021,PHX,AZ,AWP,CE,Towers with Radar,1040,94,47,0,1181,0,10,16,1,27,1040,104,63,1,1208,0,0,0,1208
03/27/2021,PHX,AZ,AWP,CE,Towers with Radar,975,43,37,9,1064,0,11,14,0,25,975,54,51,9,1089,0,0,0,1089
03/28/2021,PHX,AZ,AWP,CE,Towers with Radar,1024,61,39,0,1124,0,9,13,1,23,1024,70,52,1,1147,0,0,0,1147
03/29/2021,PHX,AZ,AWP,CE,Towers with Radar,1022,77,44,7,1150,0,9,22,6,37,1022,86,66,13,1187,0,0,0,1187
03/30/2021,PHX,AZ,AWP,CE,Towers with Radar,971,57,52,13,1093,0,12,25,0,37,971,69,77,13,1130,0,0,0,1130
03/31/2021,PHX,AZ,AWP,CE,Towers with Radar,973,78,52,5,1108,0,18,19,0,37,973,96,71,5,1145,0,0,0,1145
04/01/2021,PHX,AZ,AWP,CE,Towers with Radar,1036,87,47,7,1177,0,14,30,0,44,1036,101,77,7,1221,0,0,0,1221
04/02/2021,PHX,AZ,AWP,CE,Towers with Radar,996,78,64,3,1141,0,12,21,0,33,996,90,85,3,1174,0,0,0,1174
04/03/2021,PHX,AZ,AWP,CE,Towers with Radar,938,41,47,2,1028,0,6,8,0,14,938,47,55,2,1042,0,0,0,1042
04/04/2021,PHX,AZ,AWP,CE,Towers with Radar,998,38,20,0,1056,0,10,3,0,13,998,48,23,0,1069,0,0,0,1069
04/05/2021,PHX,AZ,AWP,CE,Towers with Radar,984,84,47,2,1117,0,11,12,0,23,984,95,59,2,1140,0,0,0,1140
04/06/2021,PHX,AZ,AWP,CE,Towers with Radar,949,81,46,4,1080,0,11,29,1,41,949,92,75,5,1121,0,0,0,1121
04/07/2021,PHX,AZ,AWP,CE,Towers with Radar,965,77,20,2,1064,0,17,19,0,36,965,94,39,2,1100,0,0,0,1100
04/08/2021,PHX,AZ,AWP,CE,Towers with Radar,1015,87,41,7,1150,0,15,23,0,38,1015,102,64,7,1188,0,0,0,1188
04/09/2021,PHX,AZ,AWP,CE,Towers with Radar,1005,66,49,17,1137,0,15,16,2,33,1005,81,65,19,1170,0,0,0,1170
04/10/2021,PHX,AZ,AWP,CE,Towers with Radar,923,30,30,3,986,0,10,8,0,18,923,40,38,3,1004,0,0,0,1004
04/11/2021,PHX,AZ,AWP,CE,Towers with Radar,994,52,48,7,1101,0,3,10,1,14,994,55,58,8,1115,0,0,0,1115
04/12/2021,PHX,AZ,AWP,CE,Towers with Radar,956,80,42,0,1078,0,7,20,0,27,956,87,62,0,1105,0,0,0,1105
04/13/2021,PHX,AZ,AWP,CE,Towers with Radar,884,74,35,3,996,0,14,23,1,38,884,88,58,4,1034,0,0,0,1034
04/14/2021,PHX,AZ,AWP,CE,Towers with Radar,876,82,48,11,1017,0,11,17,0,28,876,93,65,11,1045,0,0,0,1045
04/15/2021,PHX,AZ,AWP,CE,Towers with Radar,973,71,64,8,1116,0,20,15,1,36,973,91,79,9,1152,0,0,0,1152
04/16/2021,PHX,AZ,AWP,CE,Towers with Radar,966,71,46,10,1093,0,18,15,0,33,966,89,61,10,1126,0,0,0,1126
04/17/2021,PHX,AZ,AWP,CE,Towers with Radar,898,30,29,3,960,0,20,7,3,30,898,50,36,6,990,0,0,0,990
04/18/2021,PHX,AZ,AWP,CE,Towers with Radar,961,38,26,6,1031,0,10,12,1,23,961,48,38,7,1054,0,0,0,1054
04/19/2021,PHX,AZ,AWP,CE,Towers with Radar,946,83,37,6,1072,0,20,24,0,44,946,103,61,6,1116,0,0,0,1116
04/20/2021,PHX,AZ,AWP,CE,Towers with Radar,891,67,46,7,1011,0,25,10,1,36,891,92,56,8,1047,0,0,0,1047
04/21/2021,PHX,AZ,AWP,CE,Towers with Radar,876,101,39,4,1020,0,21,20,0,41,876,122,59,4,1061,0,0,0,1061
04/22/2021,PHX,AZ,AWP,CE,Towers with Radar,986,79,49,6,1120,0,14,27,1,42,986,93,76,7,1162,0,0,0,1162
04/23/2021,PHX,AZ,AWP,CE,Towers with Radar,963,73,42,7,1085,0,14,24,3,41,963,87,66,10,1126,0,0,0,1126
04/24/2021,PHX,AZ,AWP,CE,Towers with Radar,883,40,22,9,954,0,9,11,2,22,883,49,33,11,976,0,0,0,976
04/25/2021,PHX,AZ,AWP,CE,Towers with Radar,955,46,38,3,1042,0,17,13,2,32,955,63,51,5,1074,0,0,0,1074
04/26/2021,PHX,AZ,AWP,CE,Towers with Radar,954,68,33,8,1063,0,7,19,4,30,954,75,52,12,1093,0,0,0,1093
04/27/2021,PHX,AZ,AWP,CE,Towers with Radar,880,75,44,15,1014,0,19,22,2,43,880,94,66,17,1057,0,0,0,1057
04/28/2021,PHX,AZ,AWP,CE,Towers with Radar,880,75,48,1,1004,0,19,26,0,45,880,94,74,1,1049,0,0,0,1049
04/29/2021,PHX,AZ,AWP,CE,Towers with Radar,979,77,51,6,1113,0,18,18,0,36,979,95,69,6,1149,0,0,0,1149
04/30/2021,PHX,AZ,AWP,CE,Towers with Radar,958,81,50,2,1091,2,17,10,4,33,960,98,60,6,1124,0,0,0,1124
05/01/2021,PHX,AZ,AWP,CE,Towers with Radar,883,40,37,3,963,0,19,10,0,29,883,59,47,3,992,0,0,0,992
05/02/2021,PHX,AZ,AWP,CE,Towers with Radar,951,55,39,10,1055,0,9,4,0,13,951,64,43,10,1068,0,0,0,1068
05/03/2021,PHX,AZ,AWP,CE,Towers with Radar,940,60,39,9,1048,0,12,10,2,24,940,72,49,11,1072,0,0,0,1072
05/04/2021,PHX,AZ,AWP,CE,Towers with Radar,874,69,57,6,1006,0,26,21,0,47,874,95,78,6,1053,0,0,0,1053
05/05/2021,PHX,AZ,AWP,CE,Towers with Radar,892,72,45,4,1013,0,41,17,0,58,892,113,62,4,1071,0,0,0,1071
05/06/2021,PHX,AZ,AWP,CE,Towers with Radar,985,73,43,10,1111,0,17,21,0,38,985,90,64,10,1149,0,0,0,1149
05/07/2021,PHX,AZ,AWP,CE,Towers with Radar,1000,77,58,11,1146,0,17,16,2,35,1000,94,74,13,1181,0,0,0,1181
05/08/2021,PHX,AZ,AWP,CE,Towers with Radar,947,35,27,3,1012,0,17,9,0,26,947,52,36,3,1038,0,0,0,1038
05/09/2021,PHX,AZ,AWP,CE,Towers with Radar,1018,45,30,3,1096,0,16,11,3,30,1018,61,41,6,1126,0,0,0,1126
05/10/2021,PHX,AZ,AWP,CE,Towers with Radar,1001,71,49,2,1123,0,16,22,4,42,1001,87,71,6,1165,0,0,0,1165
05/11/2021,PHX,AZ,AWP,CE,Towers with Radar,930,62,49,8,1049,0,18,26,0,44,930,80,75,8,1093,0,0,0,1093
05/12/2021,PHX,AZ,AWP,CE,Towers with Radar,956,63,56,12,1087,0,10,14,0,24,956,73,70,12,1111,0,0,0,1111
05/13/2021,PHX,AZ,AWP,CE,Towers with Radar,1037,77,50,7,1171,0,20,20,1,41,1037,97,70,8,1212,0,0,0,1212
05/14/2021,PHX,AZ,AWP,CE,Towers with Radar,1028,67,30,4,1129,0,15,19,0,34,1028,82,49,4,1163,0,0,0,1163
05/15/2021,PHX,AZ,AWP,CE,Towers with Radar,959,38,28,2,1027,0,13,10,1,24,959,51,38,3,1051,0,0,0,1051
05/16/2021,PHX,AZ,AWP,CE,Towers with Radar,1024,40,38,6,1108,0,8,7,0,15,1024,48,45,6,1123,0,0,0,1123
05/17/2021,PHX,AZ,AWP,CE,Towers with Radar,1014,70,59,5,1148,0,20,19,0,39,1014,90,78,5,1187,0,0,0,1187
05/18/2021,PHX,AZ,AWP,CE,Towers with Radar,961,84,49,2,1096,0,22,16,0,38,961,106,65,2,1134,0,0,0,1134
05/19/2021,PHX,AZ,AWP,CE,Towers with Radar,971,84,50,5,1110,0,23,29,5,57,971,107,79,10,1167,0,0,0,1167
05/20/2021,PHX,AZ,AWP,CE,Towers with Radar,1037,78,61,4,1180,0,11,15,0,26,1037,89,76,4,1206,0,0,0,1206
05/21/2021,PHX,AZ,AWP,CE,Towers with Radar,1044,80,37,15,1176,0,8,21,2,31,1044,88,58,17,1207,0,0,0,1207
05/22/2021,PHX,AZ,AWP,CE,Towers with Radar,966,39,18,6,1029,0,7,10,0,17,966,46,28,6,1046,0,0,0,1046
05/23/2021,PHX,AZ,AWP,CE,Towers with Radar,1008,60,36,6,1110,0,13,11,9,33,1008,73,47,15,1143,0,0,0,1143
05/24/2021,PHX,AZ,AWP,CE,Towers with Radar,1009,95,48,6,1158,0,14,27,1,42,1009,109,75,7,1200,0,0,0,1200
05/25/2021,PHX,AZ,AWP,CE,Towers with Radar,945,85,61,0,1091,0,23,18,0,41,945,108,79,0,1132,0,0,0,1132
05/26/2021,PHX,AZ,AWP,CE,Towers with Radar,966,111,52,3,1132,0,17,15,1,33,966,128,67,4,1165,0,0,0,1165
05/27/2021,PHX,AZ,AWP,CE,Towers with Radar,1028,91,47,7,1173,0,15,24,8,47,1028,106,71,15,1220,0,0,0,1220
05/28/2021,PHX,AZ,AWP,CE,Towers with Radar,1029,79,44,0,1152,0,8,10,0,18,1029,87,54,0,1170,0,0,0,1170
05/29/2021,PHX,AZ,AWP,CE,Towers with Radar,961,48,26,1,1036,0,11,9,0,20,961,59,35,1,1056,0,0,0,1056
05/30/2021,PHX,AZ,AWP,CE,Towers with Radar,1000,38,18,2,1058,0,12,10,0,22,1000,50,28,2,1080,0,0,0,1080
05/31/2021,PHX,AZ,AWP,CE,Towers with Radar,992,57,48,1,1098,0,5,8,0,13,992,62,56,1,1111,0,0,0,1111
06/01/2021,PHX,AZ,AWP,CE,Towers with Radar,975,82,62,4,1123,0,13,24,1,38,975,95,86,5,1161,0,0,0,1161
06/02/2021,PHX,AZ,AWP,CE,Towers with Radar,1000,63,30,4,1097,0,9,28,0,37,1000,72,58,4,1134,0,0,0,1134
06/03/2021,PHX,AZ,AWP,CE,Towers with Radar,1021,61,33,7,1122,0,21,19,0,40,1021,82,52,7,1162,0,0,0,1162
06/04/2021,PHX,AZ,AWP,CE,Towers with Radar,1036,65,46,5,1152,0,10,21,0,31,1036,75,67,5,1183,0,0,0,1183
06/05/2021,PHX,AZ,AWP,CE,Towers with Radar,980,39,24,0,1043,0,11,7,2,20,980,50,31,2,1063,0,0,0,1063
06/06/2021,PHX,AZ,AWP,CE,Towers with Radar,1002,55,46,2,1105,0,2,5,0,7,1002,57,51,2,1112,0,0,0,1112
06/07/2021,PHX,AZ,AWP,CE,Towers with Radar,1005,76,44,0,1125,0,11,6,0,17,1005,87,50,0,1142,0,0,0,1142
06/08/2021,PHX,AZ,AWP,CE,Towers with Radar,1006,57,47,4,1114,0,25,19,1,45,1006,82,66,5,1159,0,0,0,1159
06/09/2021,PHX,AZ,AWP,CE,Towers with Radar,1014,70,64,6,1154,0,10,14,0,24,1014,80,78,6,1178,0,0,0,1178
06/10/2021,PHX,AZ,AWP,CE,Towers with Radar,1028,66,55,6,1155,0,14,18,1,33,1028,80,73,7,1188,0,0,0,1188
06/11/2021,PHX,AZ,AWP,CE,Towers with Radar,1045,76,49,9,1179,0,8,13,2,23,1045,84,62,11,1202,0,0,0,1202
06/12/2021,PHX,AZ,AWP,CE,Towers with Radar,983,41,13,4,1041,0,10,3,0,13,983,51,16,4,1054,0,0,0,1054
06/13/2021,PHX,AZ,AWP,CE,Towers with Radar,984,53,39,3,1079,0,7,3,0,10,984,60,42,3,1089,0,0,0,1089
06/14/2021,PHX,AZ,AWP,CE,Towers with Radar,991,75,43,7,1116,1,19,11,1,32,992,94,54,8,1148,0,0,0,1148
06/15/2021,PHX,AZ,AWP,CE,Towers with Radar,940,60,29,7,1036,0,27,16,0,43,940,87,45,7,1079,0,0,0,1079
06/16/2021,PHX,AZ,AWP,CE,Towers with Radar,990,77,40,10,1117,0,25,32,0,57,990,102,72,10,1174,0,0,0,1174
06/17/2021,PHX,AZ,AWP,CE,Towers with Radar,1030,79,51,14,1174,0,15,14,0,29,1030,94,65,14,1203,0,0,0,1203
06/18/2021,PHX,AZ,AWP,CE,Towers with Radar,1016,86,43,3,1148,1,10,10,2,23,1017,96,53,5,1171,0,0,0,1171
06/19/2021,PHX,AZ,AWP,CE,Towers with Radar,989,55,26,4,1074,0,11,18,0,29,989,66,44,4,1103,0,0,0,1103
06/20/2021,PHX,AZ,AWP,CE,Towers with Radar,975,50,41,3,1069,0,8,11,0,19,975,58,52,3,1088,0,0,0,1088
06/21/2021,PHX,AZ,AWP,CE,Towers with Radar,1001,90,43,4,1138,1,29,10,0,40,1002,119,53,4,1178,0,0,0,1178
06/22/2021,PHX,AZ,AWP,CE,Towers with Radar,998,80,70,6,1154,0,17,12,0,29,998,97,82,6,1183,0,0,0,1183
06/23/2021,PHX,AZ,AWP,CE,Towers with Radar,1010,78,46,5,1139,0,13,12,0,25,1010,91,58,5,1164,0,0,0,1164
06/24/2021,PHX,AZ,AWP,CE,Towers with Radar,1035,85,49,6,1175,0,9,11,0,20,1035,94,60,6,1195,0,0,0,1195
06/25/2021,PHX,AZ,AWP,CE,Towers with Radar,1026,68,41,4,1139,0,9,31,0,40,1026,77,72,4,1179,0,0,0,1179
06/26/2021,PHX,AZ,AWP,CE,Towers with Radar,970,43,38,0,1051,0,8,9,2,19,970,51,47,2,1070,0,0,0,1070
06/27/2021,PHX,AZ,AWP,CE,Towers with Radar,1005,52,45,2,1104,0,21,3,2,26,1005,73,48,4,1130,0,0,0,1130
06/28/2021,PHX,AZ,AWP,CE,Towers with Radar,1006,75,60,2,1143,0,27,13,0,40,1006,102,73,2,1183,0,0,0,1183
06/29/2021,PHX,AZ,AWP,CE,Towers with Radar,982,64,45,3,1094,0,20,15,8,43,982,84,60,11,1137,0,0,0,1137
06/30/2021,PHX,AZ,AWP,CE,Towers with Radar,1016,80,55,7,1158,0,10,25,3,38,1016,90,80,10,1196,0,0,0,1196
07/01/2021,PHX,AZ,AWP,CE,Towers with Radar,1021,96,55,0,1172,0,17,17,1,35,1021,113,72,1,1207,0,0,0,1207
07/02/2021,PHX,AZ,AWP,CE,Towers with Radar,1002,79,68,0,1149,0,17,7,2,26,1002,96,75,2,1175,0,0,0,1175
07/03/2021,PHX,AZ,AWP,CE,Towers with Radar,851,50,20,0,921,0,9,13,0,22,851,59,33,0,943,0,0,0,943
07/04/2021,PHX,AZ,AWP,CE,Towers with Radar,794,45,18,1,858,0,5,8,0,13,794,50,26,1,871,0,0,0,871
07/05/2021,PHX,AZ,AWP,CE,Towers with Radar,966,79,57,0,1102,0,5,12,0,17,966,84,69,0,1119,0,0,0,1119
07/06/2021,PHX,AZ,AWP,CE,Towers with Radar,991,103,113,5,1212,0,17,23,0,40,991,120,136,5,1252,0,0,0,1252
07/07/2021,PHX,AZ,AWP,CE,Towers with Radar,1016,113,101,6,1236,0,19,18,0,37,1016,132,119,6,1273,0,0,0,1273
07/08/2021,PHX,AZ,AWP,CE,Towers with Radar,1052,133,104,7,1296,0,14,20,0,34,1052,147,124,7,1330,0,0,0,1330
07/09/2021,PHX,AZ,AWP,CE,Towers with Radar,1037,95,95,5,1232,0,11,14,0,25,1037,106,109,5,1257,0,0,0,1257
07/10/2021,PHX,AZ,AWP,CE,Towers with Radar,1001,73,53,0,1127,0,8,10,0,18,1001,81,63,0,1145,0,0,0,1145
07/11/2021,PHX,AZ,AWP,CE,Towers with Radar,1004,78,75,0,1157,0,2,13,2,17,1004,80,88,2,1174,0,0,0,1174
07/12/2021,PHX,AZ,AWP,CE,Towers with Radar,1013,93,73,4,1183,0,8,11,0,19,1013,101,84,4,1202,0,0,0,1202
07/13/2021,PHX,AZ,AWP,CE,Towers with Radar,998,106,78,7,1189,0,14,15,2,31,998,120,93,9,1220,0,0,0,1220
07/14/2021,PHX,AZ,AWP,CE,Towers with Radar,1007,101,66,6,1180,0,21,11,0,32,1007,122,77,6,1212,0,0,0,1212
07/15/2021,PHX,AZ,AWP,CE,Towers with Radar,1052,128,86,8,1274,0,12,19,0,31,1052,140,105,8,1305,0,0,0,1305
07/16/2021,PHX,AZ,AWP,CE,Towers with Radar,1046,99,67,5,1217,0,19,11,0,30,1046,118,78,5,1247,0,0,0,1247
07/17/2021,PHX,AZ,AWP,CE,Towers with Radar,981,108,84,4,1177,0,18,13,0,31,981,126,97,4,1208,0,0,0,1208
07/18/2021,PHX,AZ,AWP,CE,Towers with Radar,1002,83,66,1,1152,0,7,10,0,17,1002,90,76,1,1169,0,0,0,1169
07/19/2021,PHX,AZ,AWP,CE,Towers with Radar,1013,105,73,2,1193,0,12,15,0,27,1013,117,88,2,1220,0,0,0,1220
07/20/2021,PHX,AZ,AWP,CE,Towers with Radar,1026,92,80,11,1209,0,13,20,4,37,1026,105,100,15,1246,0,0,0,1246
07/21/2021,PHX,AZ,AWP,CE,Towers with Radar,1022,103,63,5,1193,0,14,22,0,36,1022,117,85,5,1229,0,0,0,1229
07/22/2021,PHX,AZ,AWP,CE,Towers with Radar,1037,113,83,3,1236,0,17,18,1,36,1037,130,101,4,1272,0,0,0,1272
07/23/2021,PHX,AZ,AWP,CE,Towers with Radar,1042,114,63,7,1226,0,9,11,0,20,1042,123,74,7,1246,0,0,0,1246
07/24/2021,PHX,AZ,AWP,CE,Towers with Radar,975,82,54,3,1114,0,13,9,0,22,975,95,63,3,1136,0,0,0,1136
07/25/2021,PHX,AZ,AWP,CE,Towers with Radar,1001,70,74,1,1146,0,6,5,0,11,1001,76,79,1,1157,0,0,0,1157
07/26/2021,PHX,AZ,AWP,CE,Towers with Radar,1020,91,70,2,1183,0,17,17,0,34,1020,108,87,2,1217,0,0,0,1217
07/27/2021,PHX,AZ,AWP,CE,Towers with Radar,1039,85,66,2,1192,0,13,16,0,29,1039,98,82,2,1221,0,0,0,1221
07/28/2021,PHX,AZ,AWP,CE,Towers with Radar,1031,107,78,12,1228,0,13,36,2,51,1031,120,114,14,1279,0,0,0,1279
07/29/2021,PHX,AZ,AWP,CE,Towers with Radar,1025,96,70,8,1199,0,16,16,0,32,1025,112,86,8,1231,0,0,0,1231
07/30/2021,PHX,AZ,AWP,CE,Towers with Radar,1046,90,65,4,1205,0,14,17,0,31,1046,104,82,4,1236,0,0,0,1236
07/31/2021,PHX,AZ,AWP,CE,Towers with Radar,987,66,66,1,1120,0,8,13,2,23,987,74,79,3,1143,0,0,0,1143
08/01/2021,PHX,AZ,AWP,CE,Towers with Radar,987,82,77,4,1150,0,10,2,0,12,987,92,79,4,1162,0,0,0,1162
08/02/2021,PHX,AZ,AWP,CE,Towers with Radar,982,97,55,0,1134,0,15,15,3,33,982,112,70,3,1167,0,0,0,1167
08/03/2021,PHX,AZ,AWP,CE,Towers with Radar,962,88,52,5,1107,0,15,22,0,37,962,103,74,5,1144,0,0,0,1144
08/04/2021,PHX,AZ,AWP,CE,Towers with Radar,1032,87,57,8,1184,0,14,20,0,34,1032,101,77,8,1218,0,0,0,1218
08/05/2021,PHX,AZ,AWP,CE,Towers with Radar,1045,98,89,11,1243,0,11,20,3,34,1045,109,109,14,1277,0,0,0,1277
08/06/2021,PHX,AZ,AWP,CE,Towers with Radar,1034,92,76,4,1206,0,23,15,0,38,1034,115,91,4,1244,0,0,0,1244
08/07/2021,PHX,AZ,AWP,CE,Towers with Radar,980,53,60,11,1104,0,2,5,0,7,980,55,65,11,1111,0,0,0,1111
08/08/2021,PHX,AZ,AWP,CE,Towers with Radar,985,73,86,2,1146,0,21,10,0,31,985,94,96,2,1177,0,0,0,1177
08/09/2021,PHX,AZ,AWP,CE,Towers with Radar,991,94,81,0,1166,0,19,23,0,42,991,113,104,0,1208,0,0,0,1208
08/10/2021,PHX,AZ,AWP,CE,Towers with Radar,998,96,66,6,1166,0,8,23,0,31,998,104,89,6,1197,0,0,0,1197
08/11/2021,PHX,AZ,AWP,CE,Towers with Radar,1023,98,82,7,1210,0,10,13,1,24,1023,108,95,8,1234,0,0,0,1234
08/12/2021,PHX,AZ,AWP,CE,Towers with Radar,1037,116,96,4,1253,0,3,16,0,19,1037,119,112,4,1272,0,0,0,1272
08/13/2021,PHX,AZ,AWP,CE,Towers with Radar,976,112,66,10,1164,0,18,23,2,43,976,130,89,12,1207,0,0,0,1207
08/14/2021,PHX,AZ,AWP,CE,Towers with Radar,1014,64,45,9,1132,0,5,11,1,17,1014,69,56,10,1149,0,0,0,1149
08/15/2021,PHX,AZ,AWP,CE,Towers with Radar,970,76,62,7,1115,0,6,19,0,25,970,82,81,7,1140,0,0,0,1140
08/16/2021,PHX,AZ,AWP,CE,Towers with Radar,991,94,61,6,1152,0,13,17,0,30,991,107,78,6,1182,0,0,0,1182
08/17/2021,PHX,AZ,AWP,CE,Towers with Radar,978,94,43,8,1123,0,23,12,1,36,978,117,55,9,1159,0,0,0,1159
08/18/2021,PHX,AZ,AWP,CE,Towers with Radar,977,97,52,2,1128,0,4,10,0,14,977,101,62,2,1142,0,0,0,1142
08/19/2021,PHX,AZ,AWP,CE,Towers with Radar,1034,108,73,5,1220,0,9,18,4,31,1034,117,91,9,1251,0,0,0,1251
08/20/2021,PHX,AZ,AWP,CE,Towers with Radar,1037,97,35,3,1172,0,19,12,2,33,1037,116,47,5,1205,0,0,0,1205
08/21/2021,PHX,AZ,AWP,CE,Towers with Radar,957,39,25,3,1024,0,12,8,0,20,957,51,33,3,1044,0,0,0,1044
08/22/2021,PHX,AZ,AWP,CE,Towers with Radar,976,57,32,3,1068,0,12,5,1,18,976,69,37,4,1086,0,0,0,1086
08/23/2021,PHX,AZ,AWP,CE,Towers with Radar,995,82,49,2,1128,0,16,17,0,33,995,98,66,2,1161,0,0,0,1161
08/24/2021,PHX,AZ,AWP,CE,Towers with Radar,990,77,32,6,1105,0,25,27,0,52,990,102,59,6,1157,0,0,0,1157
08/25/2021,PHX,AZ,AWP,CE,Towers with Radar,994,75,48,1,1118,0,18,22,1,41,994,93,70,2,1159,0,0,0,1159
08/26/2021,PHX,AZ,AWP,CE,Towers with Radar,1030,83,46,5,1164,0,7,26,0,33,1030,90,72,5,1197,0,0,0,1197
08/27/2021,PHX,AZ,AWP,CE,Towers with Radar,1040,90,43,3,1176,0,14,15,4,33,1040,104,58,7,1209,0,0,0,1209
08/28/2021,PHX,AZ,AWP,CE,Towers with Radar,969,54,29,1,1053,0,7,9,2,18,969,61,38,3,1071,0,0,0,1071
08/29/2021,PHX,AZ,AWP,CE,Towers with Radar,979,64,35,2,1080,0,2,3,0,5,979,66,38,2,1085,0,0,0,1085
08/30/2021,PHX,AZ,AWP,CE,Towers with Radar,996,91,64,3,1154,0,8,5,1,14,996,99,69,4,1168,0,0,0,1168
08/31/2021,PHX,AZ,AWP,CE,Towers with Radar,989,74,50,7,1120,0,14,13,1,28,989,88,63,8,1148,0,0,0,1148
09/01/2021,PHX,AZ,AWP,CE,Towers with Radar,1008,73,53,10,1144,0,6,6,0,12,1008,79,59,10,1156,0,0,0,1156
09/02/2021,PHX,AZ,AWP,CE,Towers with Radar,1031,98,45,3,1177,0,15,26,0,41,1031,113,71,3,1218,0,0,0,1218
09/03/2021,PHX,AZ,AWP,CE,Towers with Radar,1050,84,39,1,1174,0,25,12,0,37,1050,109,51,1,1211,0,0,0,1211
09/04/2021,PHX,AZ,AWP,CE,Towers with Radar,963,46,19,0,1028,0,9,6,0,15,963,55,25,0,1043,0,0,0,1043
09/05/2021,PHX,AZ,AWP,CE,Towers with Radar,969,38,27,3,1037,0,12,5,2,19,969,50,32,5,1056,0,0,0,1056
09/06/2021,PHX,AZ,AWP,CE,Towers with Radar,995,69,37,0,1101,0,5,16,1,22,995,74,53,1,1123,0,0,0,1123
09/07/2021,PHX,AZ,AWP,CE,Towers with Radar,963,65,45,0,1073,0,12,13,2,27,963,77,58,2,1100,0,0,0,1100
09/08/2021,PHX,AZ,AWP,CE,Towers with Radar,989,60,29,0,1078,0,10,17,0,27,989,70,46,0,1105,0,0,0,1105
09/09/2021,PHX,AZ,AWP,CE,Towers with Radar,1052,91,54,0,1197,0,14,10,0,24,1052,105,64,0,1221,0,0,0,1221
09/10/2021,PHX,AZ,AWP,CE,Towers with Radar,1071,69,44,2,1186,0,24,15,2,41,1071,93,59,4,1227,0,0,0,1227
09/11/2021,PHX,AZ,AWP,CE,Towers with Radar,954,47,17,3,1021,0,10,5,0,15,954,57,22,3,1036,0,0,0,1036
09/12/2021,PHX,AZ,AWP,CE,Towers with Radar,1029,48,30,0,1107,0,1,8,0,9,1029,49,38,0,1116,0,0,0,1116
09/13/2021,PHX,AZ,AWP,CE,Towers with Radar,1021,84,43,0,1148,0,5,19,0,24,1021,89,62,0,1172,0,0,0,1172
09/14/2021,PHX,AZ,AWP,CE,Towers with Radar,975,72,47,2,1096,0,25,28,0,53,975,97,75,2,1149,0,0,0,1149
09/15/2021,PHX,AZ,AWP,CE,Towers with Radar,999,81,60,5,1145,1,18,24,0,43,1000,99,84,5,1188,0,0,0,1188
09/16/2021,PHX,AZ,AWP,CE,Towers with Radar,1060,94,49,6,1209,0,28,21,0,49,1060,122,70,6,1258,0,0,0,1258
09/17/2021,PHX,AZ,AWP,CE,Towers with Radar,1049,88,51,7,1195,0,18,15,0,33,1049,106,66,7,1228,0,0,0,1228
09/18/2021,PHX,AZ,AWP,CE,Towers with Radar,957,35,17,0,1009,0,15,11,0,26,957,50,28,0,1035,0,0,0,1035
09/19/2021,PHX,AZ,AWP,CE,Towers with Radar,1036,61,42,1,1140,0,17,4,0,21,1036,78,46,1,1161,0,0,0,1161
09/20/2021,PHX,AZ,AWP,CE,Towers with Radar,1031,84,40,3,1158,0,17,25,0,42,1031,101,65,3,1200,0,0,0,1200
09/21/2021,PHX,AZ,AWP,CE,Towers with Radar,999,87,29,1,1116,0,29,21,2,52,999,116,50,3,1168,0,0,0,1168
09/22/2021,PHX,AZ,AWP,CE,Towers with Radar,998,84,44,3,1129,0,26,27,1,54,998,110,71,4,1183,0,0,0,1183
09/23/2021,PHX,AZ,AWP,CE,Towers with Radar,1044,79,49,2,1174,0,15,29,0,44,1044,94,78,2,1218,0,0,0,1218
09/24/2021,PHX,AZ,AWP,CE,Towers with Radar,1062,70,34,4,1170,0,22,26,0,48,1062,92,60,4,1218,0,0,0,1218
09/25/2021,PHX,AZ,AWP,CE,Towers with Radar,957,49,33,3,1042,0,13,9,0,22,957,62,42,3,1064,0,0,0,1064
09/26/2021,PHX,AZ,AWP,CE,Towers with Radar,1032,58,53,1,1144,0,14,3,0,17,1032,72,56,1,1161,0,0,0,1161
09/27/2021,PHX,AZ,AWP,CE,Towers with Radar,1035,88,46,3,1172,0,36,17,3,56,1035,124,63,6,1228,0,0,0,1228
09/28/2021,PHX,AZ,AWP,CE,Towers with Radar,983,83,48,1,1115,0,40,20,0,60,983,123,68,1,1175,0,0,0,1175
09/29/2021,PHX,AZ,AWP,CE,Towers with Radar,1002,87,63,0,1152,0,26,16,0,42,1002,113,79,0,1194,0,0,0,1194
09/30/2021,PHX,AZ,AWP,CE,Towers with Radar,1047,104,51,1,1203,0,21,15,0,36,1047,125,66,1,1239,0,0,0,1239
10/01/2021,PHX,AZ,AWP,CE,Towers with Radar,1053,60,44,8,1165,0,25,29,5,59,1053,85,73,13,1224,0,0,0,1224
10/02/2021,PHX,AZ,AWP,CE,Towers with Radar,961,50,19,1,1031,0,13,17,0,30,961,63,36,1,1061,0,0,0,1061
10/03/2021,PHX,AZ,AWP,CE,Towers with Radar,1033,50,49,2,1134,0,28,17,5,50,1033,78,66,7,1184,0,0,0,1184
10/04/2021,PHX,AZ,AWP,CE,Towers with Radar,1033,81,45,5,1164,0,31,20,1,52,1033,112,65,6,1216,0,0,0,1216
10/05/2021,PHX,AZ,AWP,CE,Towers with Radar,996,62,50,2,1110,0,12,16,0,28,996,74,66,2,1138,0,0,0,1138
10/06/2021,PHX,AZ,AWP,CE,Towers with Radar,991,87,64,3,1145,0,34,14,0,48,991,121,78,3,1193,0,0,0,1193
10/07/2021,PHX,AZ,AWP,CE,Towers with Radar,1078,87,63,5,1233,0,21,15,0,36,1078,108,78,5,1269,0,0,0,1269
10/08/2021,PHX,AZ,AWP,CE,Towers with Radar,1066,96,45,8,1215,0,15,20,0,35,1066,111,65,8,1250,0,0,0,1250
10/09/2021,PHX,AZ,AWP,CE,Towers with Radar,920,55,38,4,1017,0,14,5,2,21,920,69,43,6,1038,0,0,0,1038
10/10/2021,PHX,AZ,AWP,CE,Towers with Radar,951,73,43,9,1076,0,13,7,0,20,951,86,50,9,1096,0,0,0,1096
10/11/2021,PHX,AZ,AWP,CE,Towers with Radar,1024,89,50,7,1170,0,11,22,0,33,1024,100,72,7,1203,0,0,0,1203
10/12/2021,PHX,AZ,AWP,CE,Towers with Radar,1047,80,65,3,1195,0,25,16,0,41,1047,105,81,3,1236,0,0,0,1236
10/13/2021,PHX,AZ,AWP,CE,Towers with Radar,1027,82,40,7,1156,0,21,29,1,51,1027,103,69,8,1207,0,0,0,1207
10/14/2021,PHX,AZ,AWP,CE,Towers with Radar,1081,119,70,10,1280,0,27,29,1,57,1081,146,99,11,1337,0,0,0,1337
10/15/2021,PHX,AZ,AWP,CE,Towers with Radar,1077,93,47,11,1228,0,18,33,2,53,1077,111,80,13,1281,0,0,0,1281
10/16/2021,PHX,AZ,AWP,CE,Towers with Radar,998,47,21,8,1074,0,14,17,0,31,998,61,38,8,1105,0,0,0,1105
10/17/2021,PHX,AZ,AWP,CE,Towers with Radar,1053,56,46,7,1162,0,9,9,2,20,1053,65,55,9,1182,0,0,0,1182
10/18/2021,PHX,AZ,AWP,CE,Towers with Radar,1070,78,57,6,1211,0,17,28,0,45,1070,95,85,6,1256,0,0,0,1256
10/19/2021,PHX,AZ,AWP,CE,Towers with Radar,1028,83,52,2,1165,0,42,19,0,61,1028,125,71,2,1226,0,0,0,1226
10/20/2021,PHX,AZ,AWP,CE,Towers with Radar,1040,80,70,4,1194,1,33,25,2,61,1041,113,95,6,1255,0,0,0,1255
10/21/2021,PHX,AZ,AWP,CE,Towers with Radar,1031,100,60,4,1195,0,16,19,0,35,1031,116,79,4,1230,0,0,0,1230
10/22/2021,PHX,AZ,AWP,CE,Towers with Radar,1052,95,47,11,1205,0,19,27,1,47,1052,114,74,12,1252,0,0,0,1252
10/23/2021,PHX,AZ,AWP,CE,Towers with Radar,989,61,26,6,1082,0,13,11,0,24,989,74,37,6,1106,0,0,0,1106
10/24/2021,PHX,AZ,AWP,CE,Towers with Radar,1038,66,54,0,1158,0,15,14,2,31,1038,81,68,2,1189,0,0,0,1189
10/25/2021,PHX,AZ,AWP,CE,Towers with Radar,1047,90,61,4,1202,0,24,35,0,59,1047,114,96,4,1261,0,0,0,1261
10/26/2021,PHX,AZ,AWP,CE,Towers with Radar,1038,81,52,3,1174,0,24,25,1,50,1038,105,77,4,1224,0,0,0,1224
10/27/2021,PHX,AZ,AWP,CE,Towers with Radar,1034,86,48,4,1172,0,22,24,2,48,1034,108,72,6,1220,0,0,0,1220
10/28/2021,PHX,AZ,AWP,CE,Towers with Radar,1078,93,66,4,1241,0,16,27,1,44,1078,109,93,5,1285,0,0,0,1285
10/29/2021,PHX,AZ,AWP,CE,Towers with Radar,1068,83,39,5,1195,0,20,19,2,41,1068,103,58,7,1236,0,0,0,1236
10/30/2021,PHX,AZ,AWP,CE,Towers with Radar,819,40,30,1,890,0,23,10,0,33,819,63,40,1,923,0,0,0,923
10/31/2021,PHX,AZ,AWP,CE,Towers with Radar,914,51,37,0,1002,0,0,17,0,17,914,51,54,0,1019,0,0,0,1019
11/01/2021,PHX,AZ,AWP,CE,Towers with Radar,989,78,40,7,1114,2,18,19,0,39,991,96,59,7,1153,0,0,0,1153
11/02/2021,PHX,AZ,AWP,CE,Towers with Radar,1053,69,49,6,1177,0,12,24,2,38,1053,81,73,8,1215,0,0,0,1215
11/03/2021,PHX,AZ,AWP,CE,Towers with Radar,1083,83,61,7,1234,0,17,21,0,38,1083,100,82,7,1272,0,0,0,1272
11/04/2021,PHX,AZ,AWP,CE,Towers with Radar,1131,103,76,9,1319,0,30,31,0,61,1131,133,107,9,1380,0,0,0,1380
11/05/2021,PHX,AZ,AWP,CE,Towers with Radar,1119,88,81,10,1298,0,19,31,0,50,1119,107,112,10,1348,0,0,0,1348
11/06/2021,PHX,AZ,AWP,CE,Towers with Radar,1033,44,46,4,1127,0,13,7,0,20,1033,57,53,4,1147,0,0,0,1147
11/07/2021,PHX,AZ,AWP,CE,Towers with Radar,1025,65,57,2,1149,0,10,9,2,21,1025,75,66,4,1170,0,0,0,1170
11/08/2021,PHX,AZ,AWP,CE,Towers with Radar,995,102,71,3,1171,0,12,10,0,22,995,114,81,3,1193,0,0,0,1193
11/09/2021,PHX,AZ,AWP,CE,Towers with Radar,1032,91,57,6,1186,0,17,26,0,43,1032,108,83,6,1229,0,0,0,1229
11/10/2021,PHX,AZ,AWP,CE,Towers with Radar,1045,98,63,9,1215,0,17,41,0,58,1045,115,104,9,1273,0,0,0,1273
11/11/2021,PHX,AZ,AWP,CE,Towers with Radar,1100,94,57,5,1256,0,27,19,0,46,1100,121,76,5,1302,0,0,0,1302
11/12/2021,PHX,AZ,AWP,CE,Towers with Radar,1099,85,47,8,1239,0,20,30,0,50,1099,105,77,8,1289,0,0,0,1289
11/13/2021,PHX,AZ,AWP,CE,Towers with Radar,993,42,31,0,1066,0,19,13,0,32,993,61,44,0,1098,0,0,0,1098
11/14/2021,PHX,AZ,AWP,CE,Towers with Radar,1043,67,58,0,1168,0,12,11,4,27,1043,79,69,4,1195,0,0,0,1195
11/15/2021,PHX,AZ,AWP,CE,Towers with Radar,1077,72,47,5,1201,0,10,17,0,27,1077,82,64,5,1228,0,0,0,1228
11/16/2021,PHX,AZ,AWP,CE,Towers with Radar,1038,95,65,10,1208,0,22,19,0,41,1038,117,84,10,1249,0,0,0,1249
11/17/2021,PHX,AZ,AWP,CE,Towers with Radar,1059,92,69,9,1229,0,42,25,0,67,1059,134,94,9,1296,0,0,0,1296
11/18/2021,PHX,AZ,AWP,CE,Towers with Radar,1108,85,86,9,1288,0,23,20,0,43,1108,108,106,9,1331,0,0,0,1331
11/19/2021,PHX,AZ,AWP,CE,Towers with Radar,1120,81,60,8,1269,0,22,19,1,42,1120,103,79,9,1311,0,0,0,1311
11/20/2021,PHX,AZ,AWP,CE,Towers with Radar,1071,36,49,5,1161,0,16,9,0,25,1071,52,58,5,1186,0,0,0,1186
11/21/2021,PHX,AZ,AWP,CE,Towers with Radar,1058,58,40,1,1157,0,18,11,0,29,1058,76,51,1,1186,0,0,0,1186
11/22/2021,PHX,AZ,AWP,CE,Towers with Radar,1105,80,36,4,1225,0,10,18,0,28,1105,90,54,4,1253,0,0,0,1253
11/23/2021,PHX,AZ,AWP,CE,Towers with Radar,1138,84,35,3,1260,0,9,26,2,37,1138,93,61,5,1297,0,0,0,1297
11/24/2021,PHX,AZ,AWP,CE,Towers with Radar,1159,87,47,1,1294,0,18,21,0,39,1159,105,68,1,1333,0,0,0,1333
11/25/2021,PHX,AZ,AWP,CE,Towers with Radar,800,28,12,1,841,0,10,5,0,15,800,38,17,1,856,0,0,0,856
11/26/2021,PHX,AZ,AWP,CE,Towers with Radar,945,76,26,1,1048,0,18,13,0,31,945,94,39,1,1079,0,0,0,1079
11/27/2021,PHX,AZ,AWP,CE,Towers with Radar,1110,57,32,0,1199,0,13,9,2,24,1110,70,41,2,1223,0,0,0,1223
11/28/2021,PHX,AZ,AWP,CE,Towers with Radar,1146,61,55,0,1262,0,6,10,0,16,1146,67,65,0,1278,0,0,0,1278
11/29/2021,PHX,AZ,AWP,CE,Towers with Radar,1136,109,32,1,1278,0,16,18,0,34,1136,125,50,1,1312,0,0,0,1312
11/30/2021,PHX,AZ,AWP,CE,Towers with Radar,1134,87,54,6,1281,0,12,30,5,47,1134,99,84,11,1328,0,0,0,1328
12/01/2021,PHX,AZ,AWP,CE,Towers with Radar,1054,91,56,7,1208,0,29,33,0,62,1054,120,89,7,1270,0,0,0,1270
12/02/2021,PHX,AZ,AWP,CE,Towers with Radar,1077,99,67,6,1249,0,15,24,0,39,1077,114,91,6,1288,0,0,0,1288
12/03/2021,PHX,AZ,AWP,CE,Towers with Radar,1065,87,56,10,1218,0,16,27,2,45,1065,103,83,12,1263,0,0,0,1263
12/04/2021,PHX,AZ,AWP,CE,Towers with Radar,1013,35,31,15,1094,0,16,14,3,33,1013,51,45,18,1127,0,0,0,1127
12/05/2021,PHX,AZ,AWP,CE,Towers with Radar,1046,63,40,3,1152,0,4,13,1,18,1046,67,53,4,1170,0,0,0,1170
12/06/2021,PHX,AZ,AWP,CE,Towers with Radar,1039,93,60,2,1194,0,14,30,2,46,1039,107,90,4,1240,0,0,0,1240
12/07/2021,PHX,AZ,AWP,CE,Towers with Radar,1049,79,47,3,1178,0,5,22,0,27,1049,84,69,3,1205,0,0,0,1205
12/08/2021,PHX,AZ,AWP,CE,Towers with Radar,1038,104,69,3,1214,0,8,24,0,32,1038,112,93,3,1246,0,0,0,1246
12/09/2021,PHX,AZ,AWP,CE,Towers with Radar,1077,102,63,3,1245,0,12,20,1,33,1077,114,83,4,1278,0,0,0,1278
12/10/2021,PHX,AZ,AWP,CE,Towers with Radar,1041,86,56,3,1186,0,18,25,1,44,1041,104,81,4,1230,0,0,0,1230
12/11/2021,PHX,AZ,AWP,CE,Towers with Radar,1003,51,26,0,1080,0,19,11,2,32,1003,70,37,2,1112,0,0,0,1112
12/12/2021,PHX,AZ,AWP,CE,Towers with Radar,1049,49,36,0,1134,0,0,9,0,9,1049,49,45,0,1143,0,0,0,1143
12/13/2021,PHX,AZ,AWP,CE,Towers with Radar,1056,84,56,3,1199,0,9,22,1,32,1056,93,78,4,1231,0,0,0,1231
12/14/2021,PHX,AZ,AWP,CE,Towers with Radar,1014,74,61,4,1153,0,12,20,4,36,1014,86,81,8,1189,0,0,0,1189
12/15/2021,PHX,AZ,AWP,CE,Towers with Radar,1014,89,41,5,1149,0,19,15,0,34,1014,108,56,5,1183,0,0,0,1183
12/16/2021,PHX,AZ,AWP,CE,Towers with Radar,1044,98,68,3,1213,0,22,30,0,52,1044,120,98,3,1265,0,0,0,1265
12/17/2021,PHX,AZ,AWP,CE,Towers with Radar,1048,74,66,8,1196,0,25,30,0,55,1048,99,96,8,1251,0,0,0,1251
12/18/2021,PHX,AZ,AWP,CE,Towers with Radar,1006,49,55,2,1112,1,13,11,0,25,1007,62,66,2,1137,0,0,0,1137
12/19/2021,PHX,AZ,AWP,CE,Towers with Radar,988,57,46,2,1093,0,10,6,0,16,988,67,52,2,1109,0,0,0,1109
12/20/2021,PHX,AZ,AWP,CE,Towers with Radar,1032,76,32,1,1141,0,18,25,0,43,1032,94,57,1,1184,0,0,0,1184
12/21/2021,PHX,AZ,AWP,CE,Towers with Radar,1057,77,45,2,1181,0,23,24,0,47,1057,100,69,2,1228,0,0,0,1228
12/22/2021,PHX,AZ,AWP,CE,Towers with Radar,1055,80,44,0,1179,0,22,22,0,44,1055,102,66,0,1223,0,0,0,1223
12/23/2021,PHX,AZ,AWP,CE,Towers with Radar,1078,94,42,0,1214,0,9,24,0,33,1078,103,66,0,1247,0,0,0,1247
12/24/2021,PHX,AZ,AWP,CE,Towers with Radar,896,81,18,0,995,0,3,1,0,4,896,84,19,0,999,0,0,0,999
12/25/2021,PHX,AZ,AWP,CE,Towers with Radar,785,35,29,0,849,0,3,1,4,8,785,38,30,4,857,0,0,0,857
12/26/2021,PHX,AZ,AWP,CE,Towers with Radar,942,58,48,0,1048,0,7,13,0,20,942,65,61,0,1068,0,0,0,1068
12/27/2021,PHX,AZ,AWP,CE,Towers with Radar,994,91,43,0,1128,0,0,13,0,13,994,91,56,0,1141,0,0,0,1141
12/28/2021,PHX,AZ,AWP,CE,Towers with Radar,1021,78,50,0,1149,0,5,11,2,18,1021,83,61,2,1167,0,0,0,1167
12/29/2021,PHX,AZ,AWP,CE,Towers with Radar,1038,78,50,0,1166,0,7,13,0,20,1038,85,63,0,1186,0,0,0,1186
12/30/2021,PHX,AZ,AWP,CE,Towers with Radar,1036,107,43,0,1186,0,1,14,0,15,1036,108,57,0,1201,0,0,0,1201
12/31/2021,PHX,AZ,AWP,CE,Towers with Radar,865,78,51,0,994,0,0,4,0,4,865,78,55,0,998,0,0,0,998
01/01/2022,PHX,AZ,AWP,CE,Towers with Radar,786,38,33,0,857,0,1,4,0,5,786,39,37,0,862,0,0,0,862
01/02/2022,PHX,AZ,AWP,CE,Towers with Radar,922,55,53,0,1030,0,2,11,0,13,922,57,64,0,1043,0,0,0,1043
01/03/2022,PHX,AZ,AWP,CE,Towers with Radar,945,68,60,0,1073,0,13,11,0,24,945,81,71,0,1097,0,0,0,1097
01/04/2022,PHX,AZ,AWP,CE,Towers with Radar,918,70,33,0,1021,0,10,20,2,32,918,80,53,2,1053,0,0,0,1053
01/05/2022,PHX,AZ,AWP,CE,Towers with Radar,919,68,46,6,1039,0,13,18,1,32,919,81,64,7,1071,0,0,0,1071
01/06/2022,PHX,AZ,AWP,CE,Towers with Radar,946,93,51,4,1094,0,8,27,0,35,946,101,78,4,1129,0,0,0,1129
01/07/2022,PHX,AZ,AWP,CE,Towers with Radar,964,74,39,14,1091,0,18,15,2,35,964,92,54,16,1126,0,0,0,1126
01/08/2022,PHX,AZ,AWP,CE,Towers with Radar,889,41,30,4,964,0,17,11,0,28,889,58,41,4,992,0,0,0,992
01/09/2022,PHX,AZ,AWP,CE,Towers with Radar,947,54,35,3,1039,0,10,3,10,23,947,64,38,13,1062,0,0,0,1062
01/10/2022,PHX,AZ,AWP,CE,Towers with Radar,952,62,41,0,1055,0,17,16,1,34,952,79,57,1,1089,0,0,0,1089
01/11/2022,PHX,AZ,AWP,CE,Towers with Radar,906,67,50,3,1026,0,19,20,1,40,906,86,70,4,1066,0,0,0,1066
01/12/2022,PHX,AZ,AWP,CE,Towers with Radar,928,79,56,5,1068,0,10,19,6,35,928,89,75,11,1103,0,0,0,1103
01/13/2022,PHX,AZ,AWP,CE,Towers with Radar,987,86,63,10,1146,0,26,21,4,51,987,112,84,14,1197,0,0,0,1197
01/14/2022,PHX,AZ,AWP,CE,Towers with Radar,996,76,39,4,1115,0,16,24,0,40,996,92,63,4,1155,0,0,0,1155
01/15/2022,PHX,AZ,AWP,CE,Towers with Radar,855,37,26,2,920,0,8,5,0,13,855,45,31,2,933,0,0,0,933
01/16/2022,PHX,AZ,AWP,CE,Towers with Radar,891,48,42,0,981,0,2,5,0,7,891,50,47,0,988,0,0,0,988
01/17/2022,PHX,AZ,AWP,CE,Towers with Radar,961,76,47,6,1090,0,15,13,0,28,961,91,60,6,1118,0,0,0,1118
01/18/2022,PHX,AZ,AWP,CE,Towers with Radar,959,70,41,6,1076,0,11,18,0,29,959,81,59,6,1105,0,0,0,1105
01/19/2022,PHX,AZ,AWP,CE,Towers with Radar,960,80,45,12,1097,0,17,19,2,38,960,97,64,14,1135,0,0,0,1135
01/20/2022,PHX,AZ,AWP,CE,Towers with Radar,1028,98,51,11,1188,0,25,26,0,51,1028,123,77,11,1239,0,0,0,1239
01/21/2022,PHX,AZ,AWP,CE,Towers with Radar,1007,77,34,8,1126,0,6,27,0,33,1007,83,61,8,1159,0,0,0,1159
01/22/2022,PHX,AZ,AWP,CE,Towers with Radar,900,43,36,2,981,0,9,6,0,15,900,52,42,2,996,0,0,0,996
01/23/2022,PHX,AZ,AWP,CE,Towers with Radar,976,60,35,2,1073,0,3,3,0,6,976,63,38,2,1079,0,0,0,1079
01/24/2022,PHX,AZ,AWP,CE,Towers with Radar,968,79,44,2,1093,0,13,18,0,31,968,92,62,2,1124,0,0,0,1124
01/25/2022,PHX,AZ,AWP,CE,Towers with Radar,957,61,61,5,1084,1,22,11,0,34,958,83,72,5,1118,0,0,0,1118
01/26/2022,PHX,AZ,AWP,CE,Towers with Radar,977,83,46,6,1112,0,15,25,2,42,977,98,71,8,1154,0,0,0,1154
01/27/2022,PHX,AZ,AWP,CE,Towers with Radar,1024,89,68,8,1189,1,25,16,4,46,1025,114,84,12,1235,0,0,0,1235
01/28/2022,PHX,AZ,AWP,CE,Towers with Radar,1012,76,66,6,1160,0,22,24,2,48,1012,98,90,8,1208,0,0,0,1208
01/29/2022,PHX,AZ,AWP,CE,Towers with Radar,869,39,41,3,952,0,18,7,0,25,869,57,48,3,977,0,0,0,977
01/30/2022,PHX,AZ,AWP,CE,Towers with Radar,962,52,57,1,1072,0,4,6,0,10,962,56,63,1,1082,0,0,0,1082
01/31/2022,PHX,AZ,AWP,CE,Towers with Radar,967,79,41,5,1092,0,8,18,2,28,967,87,59,7,1120,0,0,0,1120
02/01/2022,PHX,AZ,AWP,CE,Towers with Radar,948,68,44,14,1074,0,22,24,0,46,948,90,68,14,1120,0,0,0,1120
02/02/2022,PHX,AZ,AWP,CE,Towers with Radar,929,82,47,18,1076,0,11,13,1,25,929,93,60,19,1101,0,0,0,1101
02/03/2022,PHX,AZ,AWP,CE,Towers with Radar,896,84,45,7,1032,0,19,19,2,40,896,103,64,9,1072,0,0,0,1072
02/04/2022,PHX,AZ,AWP,CE,Towers with Radar,928,71,52,9,1060,0,20,17,0,37,928,91,69,9,1097,0,0,0,1097
02/05/2022,PHX,AZ,AWP,CE,Towers with Radar,813,35,26,6,880,0,34,19,0,53,813,69,45,6,933,0,0,0,933
02/06/2022,PHX,AZ,AWP,CE,Towers with Radar,955,63,53,4,1075,0,7,3,0,10,955,70,56,4,1085,0,0,0,1085
02/07/2022,PHX,AZ,AWP,CE,Towers with Radar,1020,80,63,7,1170,0,13,26,0,39,1020,93,89,7,1209,0,0,0,1209
02/08/2022,PHX,AZ,AWP,CE,Towers with Radar,988,76,66,6,1136,0,20,19,0,39,988,96,85,6,1175,0,0,0,1175
02/09/2022,PHX,AZ,AWP,CE,Towers with Radar,1035,91,71,11,1208,0,17,19,2,38,1035,108,90,13,1246,0,0,0,1246
02/10/2022,PHX,AZ,AWP,CE,Towers with Radar,1058,91,76,14,1239,0,25,23,0,48,1058,116,99,14,1287,0,0,0,1287
02/11/2022,PHX,AZ,AWP,CE,Towers with Radar,1062,87,58,20,1227,0,25,24,1,50,1062,112,82,21,1277,0,0,0,1277
02/12/2022,PHX,AZ,AWP,CE,Towers with Radar,925,38,35,0,998,0,14,3,3,20,925,52,38,3,1018,0,0,0,1018
02/13/2022,PHX,AZ,AWP,CE,Towers with Radar,1025,51,34,14,1124,0,18,6,0,24,1025,69,40,14,1148,0,0,0,1148
02/14/2022,PHX,AZ,AWP,CE,Towers with Radar,1050,71,44,5,1170,0,15,16,0,31,1050,86,60,5,1201,0,0,0,1201
02/15/2022,PHX,AZ,AWP,CE,Towers with Radar,1000,67,44,6,1117,0,28,22,3,53,1000,95,66,9,1170,0,0,0,1170
02/16/2022,PHX,AZ,AWP,CE,Towers with Radar,1020,102,64,14,1200,0,27,19,2,48,1020,129,83,16,1248,0,0,0,1248
02/17/2022,PHX,AZ,AWP,CE,Towers with Radar,1049,97,60,17,1223,0,14,25,0,39,1049,111,85,17,1262,0,0,0,1262
02/18/2022,PHX,AZ,AWP,CE,Towers with Radar,1099,92,64,15,1270,0,23,19,0,42,1099,115,83,15,1312,0,0,0,1312
02/19/2022,PHX,AZ,AWP,CE,Towers with Radar,952,58,39,5,1054,0,21,10,1,32,952,79,49,6,1086,0,0,0,1086
02/20/2022,PHX,AZ,AWP,CE,Towers with Radar,1026,54,44,9,1133,0,13,7,3,23,1026,67,51,12,1156,0,0,0,1156
02/21/2022,PHX,AZ,AWP,CE,Towers with Radar,1068,94,57,5,1224,0,10,19,0,29,1068,104,76,5,1253,0,0,0,1253
02/22/2022,PHX,AZ,AWP,CE,Towers with Radar,1021,92,55,11,1179,0,20,26,0,46,1021,112,81,11,1225,0,0,0,1225
02/23/2022,PHX,AZ,AWP,CE,Towers with Radar,1028,96,44,1,1169,0,8,16,2,26,1028,104,60,3,1195,0,0,0,1195
02/24/2022,PHX,AZ,AWP,CE,Towers with Radar,1043,98,87,13,1241,0,17,30,1,48,1043,115,117,14,1289,0,0,0,1289
02/25/2022,PHX,AZ,AWP,CE,Towers with Radar,1055,85,55,7,1202,0,16,33,0,49,1055,101,88,7,1251,0,0,0,1251
02/26/2022,PHX,AZ,AWP,CE,Towers with Radar,951,52,34,2,1039,0,12,18,2,32,951,64,52,4,1071,0,0,0,1071
02/27/2022,PHX,AZ,AWP,CE,Towers with Radar,1051,65,50,3,1169,0,15,11,1,27,1051,80,61,4,1196,0,0,0,1196
02/28/2022,PHX,AZ,AWP,CE,Towers with Radar,1069,65,55,0,1189,0,26,26,3,55,1069,91,81,3,1244,0,0,0,1244
03/01/2022,PHX,AZ,AWP,CE,Towers with Radar,1031,93,42,8,1174,0,16,28,4,48,1031,109,70,12,1222,0,0,0,1222
03/02/2022,PHX,AZ,AWP,CE,Towers with Radar,1074,85,58,3,1220,0,25,25,2,52,1074,110,83,5,1272,0,0,0,1272
03/03/2022,PHX,AZ,AWP,CE,Towers with Radar,1078,88,65,8,1239,0,25,33,2,60,1078,113,98,10,1299,0,0,0,1299
03/04/2022,PHX,AZ,AWP,CE,Towers with Radar,1095,86,62,10,1253,0,23,13,4,40,1095,109,75,14,1293,0,0,0,1293
03/05/2022,PHX,AZ,AWP,CE,Towers with Radar,971,63,44,5,1083,0,6,6,0,12,971,69,50,5,1095,0,0,0,1095
03/06/2022,PHX,AZ,AWP,CE,Towers with Radar,1049,56,41,7,1153,0,20,10,2,32,1049,76,51,9,1185,0,0,0,1185
03/07/2022,PHX,AZ,AWP,CE,Towers with Radar,1084,95,58,7,1244,0,11,26,3,40,1084,106,84,10,1284,0,0,0,1284
03/08/2022,PHX,AZ,AWP,CE,Towers with Radar,1012,78,65,1,1156,0,9,33,3,45,1012,87,98,4,1201,0,0,0,1201
03/09/2022,PHX,AZ,AWP,CE,Towers with Radar,1027,75,57,7,1166,0,14,32,3,49,1027,89,89,10,1215,0,0,0,1215
03/10/2022,PHX,AZ,AWP,CE,Towers with Radar,1087,91,69,12,1259,0,8,29,3,40,1087,99,98,15,1299,0,0,0,1299
03/11/2022,PHX,AZ,AWP,CE,Towers with Radar,1100,107,80,5,1292,0,14,22,7,43,1100,121,102,12,1335,0,0,0,1335
03/12/2022,PHX,AZ,AWP,CE,Towers with Radar,1073,50,55,4,1182,0,10,19,1,30,1073,60,74,5,1212,0,0,0,1212
03/13/2022,PHX,AZ,AWP,CE,Towers with Radar,1055,60,67,4,1186,0,16,7,0,23,1055,76,74,4,1209,0,0,0,1209
03/14/2022,PHX,AZ,AWP,CE,Towers with Radar,1074,80,51,4,1209,0,27,21,0,48,1074,107,72,4,1257,0,0,0,1257
03/15/2022,PHX,AZ,AWP,CE,Towers with Radar,1003,67,56,6,1132,0,26,30,1,57,1003,93,86,7,1189,0,0,0,1189
03/16/2022,PHX,AZ,AWP,CE,Towers with Radar,1015,75,64,8,1162,0,25,24,2,51,1015,100,88,10,1213,0,0,0,1213
03/17/2022,PHX,AZ,AWP,CE,Towers with Radar,1081,76,60,2,1219,0,21,26,0,47,1081,97,86,2,1266,0,0,0,1266
03/18/2022,PHX,AZ,AWP,CE,Towers with Radar,1098,88,58,3,1247,0,18,38,0,56,1098,106,96,3,1303,0,0,0,1303
03/19/2022,PHX,AZ,AWP,CE,Towers with Radar,1079,48,47,1,1175,0,7,22,0,29,1079,55,69,1,1204,0,0,0,1204
03/20/2022,PHX,AZ,AWP,CE,Towers with Radar,1069,63,71,4,1207,0,1,12,0,13,1069,64,83,4,1220,0,0,0,1220
03/21/2022,PHX,AZ,AWP,CE,Towers with Radar,1064,73,57,1,1195,0,20,21,0,41,1064,93,78,1,1236,0,0,0,1236
03/22/2022,PHX,AZ,AWP,CE,Towers with Radar,1002,76,51,8,1137,0,24,41,0,65,1002,100,92,8,1202,0,0,0,1202
03/23/2022,PHX,AZ,AWP,CE,Towers with Radar,1004,79,53,9,1145,0,22,32,0,54,1004,101,85,9,1199,0,0,0,1199
03/24/2022,PHX,AZ,AWP,CE,Towers with Radar,1090,83,59,10,1242,0,19,37,1,57,1090,102,96,11,1299,0,0,0,1299
03/25/2022,PHX,AZ,AWP,CE,Towers with Radar,1103,84,61,8,1256,0,19,23,2,44,1103,103,84,10,1300,0,0,0,1300
03/26/2022,PHX,AZ,AWP,CE,Towers with Radar,1089,46,45,4,1184,0,4,24,2,30,1089,50,69,6,1214,0,0,0,1214
03/27/2022,PHX,AZ,AWP,CE,Towers with Radar,1057,54,75,2,1188,0,5,11,2,18,1057,59,86,4,1206,0,0,0,1206
03/28/2022,PHX,AZ,AWP,CE,Towers with Radar,1073,91,49,2,1215,0,4,12,0,16,1073,95,61,2,1231,0,0,0,1231
03/29/2022,PHX,AZ,AWP,CE,Towers with Radar,1008,67,40,4,1119,0,5,15,1,21,1008,72,55,5,1140,0,0,0,1140
03/30/2022,PHX,AZ,AWP,CE,Towers with Radar,1010,79,54,12,1155,0,11,27,1,39,1010,90,81,13,1194,0,0,0,1194
03/31/2022,PHX,AZ,AWP,CE,Towers with Radar,1076,75,71,8,1230,0,13,26,2,41,1076,88,97,10,1271,0,0,0,1271
04/01/2022,PHX,AZ,AWP,CE,Towers with Radar,1074,76,52,4,1206,0,23,18,2,43,1074,99,70,6,1249,0,0,0,1249
04/02/2022,PHX,AZ,AWP,CE,Towers with Radar,1032,55,34,3,1124,0,18,16,0,34,1032,73,50,3,1158,0,0,0,1158
04/03/2022,PHX,AZ,AWP,CE,Towers with Radar,1014,52,41,3,1110,0,8,6,0,14,1014,60,47,3,1124,0,0,0,1124
04/04/2022,PHX,AZ,AWP,CE,Towers with Radar,1055,89,53,4,1201,0,18,21,0,39,1055,107,74,4,1240,0,0,0,1240
04/05/2022,PHX,AZ,AWP,CE,Towers with Radar,1008,78,57,8,1151,0,11,40,0,51,1008,89,97,8,1202,0,0,0,1202
04/06/2022,PHX,AZ,AWP,CE,Towers with Radar,1027,79,61,8,1175,4,11,34,0,49,1031,90,95,8,1224,0,0,0,1224
04/07/2022,PHX,AZ,AWP,CE,Towers with Radar,1095,89,64,12,1260,0,18,31,2,51,1095,107,95,14,1311,0,0,0,1311
04/08/2022,PHX,AZ,AWP,CE,Towers with Radar,1085,66,65,9,1225,0,9,30,0,39,1085,75,95,9,1264,0,0,0,1264
04/09/2022,PHX,AZ,AWP,CE,Towers with Radar,922,42,23,5,992,0,5,11,1,17,922,47,34,6,1009,0,0,0,1009
04/10/2022,PHX,AZ,AWP,CE,Towers with Radar,1072,51,48,4,1175,0,9,10,0,19,1072,60,58,4,1194,0,0,0,1194
04/11/2022,PHX,AZ,AWP,CE,Towers with Radar,1082,77,52,3,1214,0,16,20,0,36,1082,93,72,3,1250,0,0,0,1250
04/12/2022,PHX,AZ,AWP,CE,Towers with Radar,1011,62,46,8,1127,0,12,32,0,44,1011,74,78,8,1171,0,0,0,1171
04/13/2022,PHX,AZ,AWP,CE,Towers with Radar,1020,79,44,10,1153,0,18,30,0,48,1020,97,74,10,1201,0,0,0,1201
04/14/2022,PHX,AZ,AWP,CE,Towers with Radar,1091,76,65,10,1242,0,23,26,5,54,1091,99,91,15,1296,0,0,0,1296
04/15/2022,PHX,AZ,AWP,CE,Towers with Radar,1112,66,48,4,1230,0,7,21,0,28,1112,73,69,4,1258,0,0,0,1258
04/16/2022,PHX,AZ,AWP,CE,Towers with Radar,898,57,22,3,980,0,8,11,0,19,898,65,33,3,999,0,0,0,999
04/17/2022,PHX,AZ,AWP,CE,Towers with Radar,1061,57,30,2,1150,0,8,14,0,22,1061,65,44,2,1172,0,0,0,1172
04/18/2022,PHX,AZ,AWP,CE,Towers with Radar,1081,72,65,5,1223,0,18,19,0,37,1081,90,84,5,1260,0,0,0,1260
04/19/2022,PHX,AZ,AWP,CE,Towers with Radar,1014,59,64,8,1145,0,38,31,1,70,1014,97,95,9,1215,0,0,0,1215
04/20/2022,PHX,AZ,AWP,CE,Towers with Radar,1016,70,68,19,1173,0,25,27,2,54,1016,95,95,21,1227,0,0,0,1227
04/21/2022,PHX,AZ,AWP,CE,Towers with Radar,1075,94,57,8,1234,0,16,29,1,46,1075,110,86,9,1280,0,0,0,1280
04/22/2022,PHX,AZ,AWP,CE,Towers with Radar,1089,81,49,5,1224,0,10,21,2,33,1089,91,70,7,1257,0,0,0,1257
04/23/2022,PHX,AZ,AWP,CE,Towers with Radar,900,55,36,3,994,0,14,20,0,34,900,69,56,3,1028,0,0,0,1028
04/24/2022,PHX,AZ,AWP,CE,Towers with Radar,1047,52,54,1,1154,0,10,8,1,19,1047,62,62,2,1173,0,0,0,1173
04/25/2022,PHX,AZ,AWP,CE,Towers with Radar,1065,81,45,9,1200,0,12,25,0,37,1065,93,70,9,1237,0,0,0,1237
04/26/2022,PHX,AZ,AWP,CE,Towers with Radar,1006,60,48,9,1123,0,38,27,2,67,1006,98,75,11,1190,0,0,0,1190
04/27/2022,PHX,AZ,AWP,CE,Towers with Radar,1011,69,64,6,1150,0,37,16,0,53,1011,106,80,6,1203,0,0,0,1203
04/28/2022,PHX,AZ,AWP,CE,Towers with Radar,1082,83,65,5,1235,0,24,27,0,51,1082,107,92,5,1286,0,0,0,1286
04/29/2022,PHX,AZ,AWP,CE,Towers with Radar,1082,69,60,5,1216,0,9,29,0,38,1082,78,89,5,1254,0,0,0,1254
04/30/2022,PHX,AZ,AWP,CE,Towers with Radar,901,50,29,2,982,0,6,16,0,22,901,56,45,2,1004,0,0,0,1004
05/01/2022,PHX,AZ,AWP,CE,Towers with Radar,1023,58,39,5,1125,0,10,9,0,19,1023,68,48,5,1144,0,0,0,1144
05/02/2022,PHX,AZ,AWP,CE,Towers with Radar,1055,76,56,1,1188,0,18,18,0,36,1055,94,74,1,1224,0,0,0,1224
05/03/2022,PHX,AZ,AWP,CE,Towers with Radar,1001,61,36,13,1111,0,11,22,0,33,1001,72,58,13,1144,0,0,0,1144
05/04/2022,PHX,AZ,AWP,CE,Towers with Radar,994,70,50,6,1120,0,19,18,0,37,994,89,68,6,1157,0,0,0,1157
05/05/2022,PHX,AZ,AWP,CE,Towers with Radar,1005,81,45,6,1137,0,19,29,0,48,1005,100,74,6,1185,0,0,0,1185
05/06/2022,PHX,AZ,AWP,CE,Towers with Radar,995,74,45,10,1124,0,16,16,0,32,995,90,61,10,1156,0,0,0,1156
05/07/2022,PHX,AZ,AWP,CE,Towers with Radar,812,42,29,5,888,0,14,13,3,30,812,56,42,8,918,0,0,0,918
05/08/2022,PHX,AZ,AWP,CE,Towers with Radar,956,64,30,1,1051,0,3,7,2,12,956,67,37,3,1063,0,0,0,1063
05/09/2022,PHX,AZ,AWP,CE,Towers with Radar,975,90,67,1,1133,0,21,12,0,33,975,111,79,1,1166,0,0,0,1166
05/10/2022,PHX,AZ,AWP,CE,Towers with Radar,941,73,64,3,1081,0,22,27,0,49,941,95,91,3,1130,0,0,0,1130
05/11/2022,PHX,AZ,AWP,CE,Towers with Radar,954,94,53,9,1110,0,26,22,0,48,954,120,75,9,1158,0,0,0,1158
05/12/2022,PHX,AZ,AWP,CE,Towers with Radar,996,100,60,12,1168,0,27,16,5,48,996,127,76,17,1216,0,0,0,1216
05/13/2022,PHX,AZ,AWP,CE,Towers with Radar,993,83,52,4,1132,0,31,29,0,60,993,114,81,4,1192,0,0,0,1192
05/14/2022,PHX,AZ,AWP,CE,Towers with Radar,810,48,21,4,883,0,15,26,0,41,810,63,47,4,924,0,0,0,924
05/15/2022,PHX,AZ,AWP,CE,Towers with Radar,958,55,66,1,1080,0,9,12,0,21,958,64,78,1,1101,0,0,0,1101
05/16/2022,PHX,AZ,AWP,CE,Towers with Radar,981,75,51,8,1115,0,22,23,1,46,981,97,74,9,1161,0,0,0,1161
05/17/2022,PHX,AZ,AWP,CE,Towers with Radar,926,84,43,10,1063,0,22,22,1,45,926,106,65,11,1108,0,0,0,1108
05/18/2022,PHX,AZ,AWP,CE,Towers with Radar,945,83,40,8,1076,0,21,13,0,34,945,104,53,8,1110,0,0,0,1110
05/19/2022,PHX,AZ,AWP,CE,Towers with Radar,1007,87,53,9,1156,0,19,26,0,45,1007,106,79,9,1201,0,0,0,1201
05/20/2022,PHX,AZ,AWP,CE,Towers with Radar,963,80,31,5,1079,0,21,18,0,39,963,101,49,5,1118,0,0,0,1118
05/21/2022,PHX,AZ,AWP,CE,Towers with Radar,798,51,27,1,877,0,15,11,0,26,798,66,38,1,903,0,0,0,903
05/22/2022,PHX,AZ,AWP,CE,Towers with Radar,945,48,30,1,1024,0,3,7,2,12,945,51,37,3,1036,0,0,0,1036
05/23/2022,PHX,AZ,AWP,CE,Towers with Radar,987,89,46,7,1129,0,16,13,0,29,987,105,59,7,1158,0,0,0,1158
05/24/2022,PHX,AZ,AWP,CE,Towers with Radar,917,61,56,8,1042,0,28,21,1,50,917,89,77,9,1092,0,0,0,1092
05/25/2022,PHX,AZ,AWP,CE,Towers with Radar,933,81,52,12,1078,0,30,21,4,55,933,111,73,16,1133,0,0,0,1133
05/26/2022,PHX,AZ,AWP,CE,Towers with Radar,1006,92,54,2,1154,0,29,30,2,61,1006,121,84,4,1215,0,0,0,1215
05/27/2022,PHX,AZ,AWP,CE,Towers with Radar,981,59,34,0,1074,0,29,22,0,51,981,88,56,0,1125,0,0,0,1125
05/28/2022,PHX,AZ,AWP,CE,Towers with Radar,787,41,19,0,847,0,4,7,0,11,787,45,26,0,858,0,0,0,858
05/29/2022,PHX,AZ,AWP,CE,Towers with Radar,911,40,25,0,976,0,7,4,0,11,911,47,29,0,987,0,0,0,987
05/30/2022,PHX,AZ,AWP,CE,Towers with Radar,957,74,28,2,1061,0,10,16,0,26,957,84,44,2,1087,0,0,0,1087
05/31/2022,PHX,AZ,AWP,CE,Towers with Radar,901,73,45,1,1020,0,13,26,0,39,901,86,71,1,1059,0,0,0,1059
06/01/2022,PHX,AZ,AWP,CE,Towers with Radar,909,68,45,2,1024,0,22,19,0,41,909,90,64,2,1065,0,0,0,1065
06/02/2022,PHX,AZ,AWP,CE,Towers with Radar,950,75,62,2,1089,0,14,19,0,33,950,89,81,2,1122,0,0,0,1122
06/03/2022,PHX,AZ,AWP,CE,Towers with Radar,973,83,40,11,1107,0,12,15,0,27,973,95,55,11,1134,0,0,0,1134
06/04/2022,PHX,AZ,AWP,CE,Towers with Radar,847,56,26,10,939,0,10,19,0,29,847,66,45,10,968,0,0,0,968
06/05/2022,PHX,AZ,AWP,CE,Towers with Radar,952,60,38,4,1054,0,0,7,0,7,952,60,45,4,1061,0,0,0,1061
06/06/2022,PHX,AZ,AWP,CE,Towers with Radar,977,75,36,2,1090,0,7,22,1,30,977,82,58,3,1120,0,0,0,1120
06/07/2022,PHX,AZ,AWP,CE,Towers with Radar,975,68,47,5,1095,0,9,19,0,28,975,77,66,5,1123,0,0,0,1123
06/08/2022,PHX,AZ,AWP,CE,Towers with Radar,985,81,54,4,1124,0,8,16,1,25,985,89,70,5,1149,0,0,0,1149
06/09/2022,PHX,AZ,AWP,CE,Towers with Radar,963,80,48,5,1096,0,14,36,0,50,963,94,84,5,1146,0,0,0,1146
06/10/2022,PHX,AZ,AWP,CE,Towers with Radar,984,64,25,5,1078,0,11,26,0,37,984,75,51,5,1115,0,0,0,1115
06/11/2022,PHX,AZ,AWP,CE,Towers with Radar,923,53,18,3,997,0,8,13,0,21,923,61,31,3,1018,0,0,0,1018
06/12/2022,PHX,AZ,AWP,CE,Towers with Radar,947,58,40,2,1047,0,2,8,0,10,947,60,48,2,1057,0,0,0,1057
06/13/2022,PHX,AZ,AWP,CE,Towers with Radar,982,75,49,4,1110,0,22,26,0,48,982,97,75,4,1158,0,0,0,1158
06/14/2022,PHX,AZ,AWP,CE,Towers with Radar,971,57,48,5,1081,0,24,14,0,38,971,81,62,5,1119,0,0,0,1119
06/15/2022,PHX,AZ,AWP,CE,Towers with Radar,987,68,41,4,1100,0,17,21,0,38,987,85,62,4,1138,0,0,0,1138
06/16/2022,PHX,AZ,AWP,CE,Towers with Radar,969,88,56,6,1119,0,20,22,0,42,969,108,78,6,1161,0,0,0,1161
06/17/2022,PHX,AZ,AWP,CE,Towers with Radar,980,54,44,2,1080,0,28,22,1,51,980,82,66,3,1131,0,0,0,1131
06/18/2022,PHX,AZ,AWP,CE,Towers with Radar,924,45,31,1,1001,0,11,18,2,31,924,56,49,3,1032,0,0,0,1032
06/19/2022,PHX,AZ,AWP,CE,Towers with Radar,942,63,29,0,1034,0,7,2,0,9,942,70,31,0,1043,0,0,0,1043
06/20/2022,PHX,AZ,AWP,CE,Towers with Radar,971,71,35,0,1077,0,21,17,2,40,971,92,52,2,1117,0,0,0,1117
06/21/2022,PHX,AZ,AWP,CE,Towers with Radar,984,75,48,7,1114,0,22,19,2,43,984,97,67,9,1157,0,0,0,1157
06/22/2022,PHX,AZ,AWP,CE,Towers with Radar,965,91,40,6,1102,0,15,17,1,33,965,106,57,7,1135,0,0,0,1135
06/23/2022,PHX,AZ,AWP,CE,Towers with Radar,943,91,52,2,1088,0,11,30,0,41,943,102,82,2,1129,0,0,0,1129
06/24/2022,PHX,AZ,AWP,CE,Towers with Radar,982,76,35,2,1095,2,9,17,0,28,984,85,52,2,1123,0,0,0,1123
06/25/2022,PHX,AZ,AWP,CE,Towers with Radar,965,52,27,0,1044,0,7,14,0,21,965,59,41,0,1065,0,0,0,1065
06/26/2022,PHX,AZ,AWP,CE,Towers with Radar,962,62,28,0,1052,0,4,3,0,7,962,66,31,0,1059,0,0,0,1059
06/27/2022,PHX,AZ,AWP,CE,Towers with Radar,974,81,50,0,1105,0,17,21,0,38,974,98,71,0,1143,0,0,0,1143
06/28/2022,PHX,AZ,AWP,CE,Towers with Radar,964,77,40,4,1085,0,22,21,2,45,964,99,61,6,1130,0,0,0,1130
06/29/2022,PHX,AZ,AWP,CE,Towers with Radar,979,76,47,4,1106,0,20,27,1,48,979,96,74,5,1154,0,0,0,1154
06/30/2022,PHX,AZ,AWP,CE,Towers with Radar,988,90,51,4,1133,0,25,22,0,47,988,115,73,4,1180,0,0,0,1180
07/01/2022,PHX,AZ,AWP,CE,Towers with Radar,983,66,35,0,1084,0,20,25,0,45,983,86,60,0,1129,0,0,0,1129
07/02/2022,PHX,AZ,AWP,CE,Towers with Radar,924,39,18,0,981,0,13,17,0,30,924,52,35,0,1011,0,0,0,1011
07/03/2022,PHX,AZ,AWP,CE,Towers with Radar,866,48,11,2,927,0,6,8,0,14,866,54,19,2,941,0,0,0,941
07/04/2022,PHX,AZ,AWP,CE,Towers with Radar,931,42,24,0,997,0,16,11,0,27,931,58,35,0,1024,0,0,0,1024
07/05/2022,PHX,AZ,AWP,CE,Towers with Radar,935,56,37,1,1029,0,19,20,0,39,935,75,57,1,1068,0,0,0,1068
07/06/2022,PHX,AZ,AWP,CE,Towers with Radar,972,79,39,0,1090,0,24,24,3,51,972,103,63,3,1141,0,0,0,1141
07/07/2022,PHX,AZ,AWP,CE,Towers with Radar,1001,82,50,7,1140,0,33,23,0,56,1001,115,73,7,1196,0,0,0,1196
07/08/2022,PHX,AZ,AWP,CE,Towers with Radar,969,71,40,2,1082,0,18,28,0,46,969,89,68,2,1128,0,0,0,1128
07/09/2022,PHX,AZ,AWP,CE,Towers with Radar,950,59,20,4,1033,0,5,11,2,18,950,64,31,6,1051,0,0,0,1051
07/10/2022,PHX,AZ,AWP,CE,Towers with Radar,964,52,25,3,1044,0,8,3,0,11,964,60,28,3,1055,0,0,0,1055
07/11/2022,PHX,AZ,AWP,CE,Towers with Radar,985,81,21,7,1094,0,14,13,0,27,985,95,34,7,1121,0,0,0,1121
07/12/2022,PHX,AZ,AWP,CE,Towers with Radar,982,56,42,5,1085,0,9,21,2,32,982,65,63,7,1117,0,0,0,1117
07/13/2022,PHX,AZ,AWP,CE,Towers with Radar,990,69,37,6,1102,0,14,16,0,30,990,83,53,6,1132,0,0,0,1132
07/14/2022,PHX,AZ,AWP,CE,Towers with Radar,973,78,40,5,1096,0,10,24,1,35,973,88,64,6,1131,0,0,0,1131
07/15/2022,PHX,AZ,AWP,CE,Towers with Radar,1006,76,27,3,1112,0,17,30,0,47,1006,93,57,3,1159,0,0,0,1159
07/16/2022,PHX,AZ,AWP,CE,Towers with Radar,941,47,16,1,1005,0,4,8,0,12,941,51,24,1,1017,0,0,0,1017
07/17/2022,PHX,AZ,AWP,CE,Towers with Radar,932,51,35,0,1018,0,0,11,0,11,932,51,46,0,1029,0,0,0,1029
07/18/2022,PHX,AZ,AWP,CE,Towers with Radar,1025,73,53,0,1151,0,19,22,0,41,1025,92,75,0,1192,0,0,0,1192
07/19/2022,PHX,AZ,AWP,CE,Towers with Radar,992,73,33,6,1104,0,19,16,0,35,992,92,49,6,1139,0,0,0,1139
07/20/2022,PHX,AZ,AWP,CE,Towers with Radar,989,59,36,3,1087,0,7,16,0,23,989,66,52,3,1110,0,0,0,1110
07/21/2022,PHX,AZ,AWP,CE,Towers with Radar,1008,78,33,9,1128,0,8,13,0,21,1008,86,46,9,1149,0,0,0,1149
07/22/2022,PHX,AZ,AWP,CE,Towers with Radar,991,70,36,1,1098,0,13,25,0,38,991,83,61,1,1136,0,0,0,1136
07/23/2022,PHX,AZ,AWP,CE,Towers with Radar,943,49,27,0,1019,1,5,9,0,15,944,54,36,0,1034,0,0,0,1034
07/24/2022,PHX,AZ,AWP,CE,Towers with Radar,938,46,31,3,1018,0,1,5,0,6,938,47,36,3,1024,0,0,0,1024
07/25/2022,PHX,AZ,AWP,CE,Towers with Radar,960,81,32,1,1074,0,20,16,0,36,960,101,48,1,1110,0,0,0,1110
07/26/2022,PHX,AZ,AWP,CE,Towers with Radar,971,71,37,5,1084,0,9,20,1,30,971,80,57,6,1114,0,0,0,1114
07/27/2022,PHX,AZ,AWP,CE,Towers with Radar,998,55,46,6,1105,0,23,14,2,39,998,78,60,8,1144,0,0,0,1144
07/28/2022,PHX,AZ,AWP,CE,Towers with Radar,1003,77,43,5,1128,0,4,20,0,24,1003,81,63,5,1152,0,0,0,1152
07/29/2022,PHX,AZ,AWP,CE,Towers with Radar,1001,69,40,3,1113,0,18,21,0,39,1001,87,61,3,1152,0,0,0,1152
07/30/2022,PHX,AZ,AWP,CE,Towers with Radar,924,51,23,2,1000,0,1,10,0,11,924,52,33,2,1011,0,0,0,1011
07/31/2022,PHX,AZ,AWP,CE,Towers with Radar,945,71,47,2,1065,0,7,14,0,21,945,78,61,2,1086,0,0,0,1086
08/01/2022,PHX,AZ,AWP,CE,Towers with Radar,980,69,34,3,1086,0,16,10,4,30,980,85,44,7,1116,0,0,0,1116
08/02/2022,PHX,AZ,AWP,CE,Towers with Radar,983,74,30,5,1092,0,20,18,0,38,983,94,48,5,1130,0,0,0,1130
08/03/2022,PHX,AZ,AWP,CE,Towers with Radar,974,73,49,3,1099,0,13,23,2,38,974,86,72,5,1137,0,0,0,1137
08/04/2022,PHX,AZ,AWP,CE,Towers with Radar,931,68,54,6,1059,0,19,30,1,50,931,87,84,7,1109,0,0,0,1109
08/05/2022,PHX,AZ,AWP,CE,Towers with Radar,940,64,41,2,1047,0,13,18,0,31,940,77,59,2,1078,0,0,0,1078
08/06/2022,PHX,AZ,AWP,CE,Towers with Radar,937,39,21,3,1000,0,7,18,0,25,937,46,39,3,1025,0,0,0,1025
08/07/2022,PHX,AZ,AWP,CE,Towers with Radar,905,51,41,0,997,0,5,4,0,9,905,56,45,0,1006,0,0,0,1006
08/08/2022,PHX,AZ,AWP,CE,Towers with Radar,963,63,35,2,1063,0,7,17,1,25,963,70,52,3,1088,0,0,0,1088
08/09/2022,PHX,AZ,AWP,CE,Towers with Radar,954,66,39,2,1061,0,12,15,0,27,954,78,54,2,1088,0,0,0,1088
08/10/2022,PHX,AZ,AWP,CE,Towers with Radar,932,66,41,5,1044,0,9,20,0,29,932,75,61,5,1073,0,0,0,1073
08/11/2022,PHX,AZ,AWP,CE,Towers with Radar,955,84,47,8,1094,0,13,17,0,30,955,97,64,8,1124,0,0,0,1124
08/12/2022,PHX,AZ,AWP,CE,Towers with Radar,906,95,43,3,1047,0,19,17,0,36,906,114,60,3,1083,0,0,0,1083
08/13/2022,PHX,AZ,AWP,CE,Towers with Radar,912,51,23,0,986,0,24,12,0,36,912,75,35,0,1022,0,0,0,1022
08/14/2022,PHX,AZ,AWP,CE,Towers with Radar,919,62,36,1,1018,0,7,4,0,11,919,69,40,1,1029,0,0,0,1029
08/15/2022,PHX,AZ,AWP,CE,Towers with Radar,961,85,40,2,1088,0,14,18,0,32,961,99,58,2,1120,0,0,0,1120
08/16/2022,PHX,AZ,AWP,CE,Towers with Radar,942,84,38,4,1068,0,17,32,2,51,942,101,70,6,1119,0,0,0,1119
08/17/2022,PHX,AZ,AWP,CE,Towers with Radar,945,79,42,6,1072,0,13,20,2,35,945,92,62,8,1107,0,0,0,1107
08/18/2022,PHX,AZ,AWP,CE,Towers with Radar,975,99,55,2,1131,0,9,39,0,48,975,108,94,2,1179,0,0,0,1179
08/19/2022,PHX,AZ,AWP,CE,Towers with Radar,974,83,48,7,1112,0,9,38,0,47,974,92,86,7,1159,0,0,0,1159
08/20/2022,PHX,AZ,AWP,CE,Towers with Radar,911,54,21,3,989,0,3,10,0,13,911,57,31,3,1002,0,0,0,1002
08/21/2022,PHX,AZ,AWP,CE,Towers with Radar,903,59,33,1,996,0,0,3,0,3,903,59,36,1,999,0,0,0,999
08/22/2022,PHX,AZ,AWP,CE,Towers with Radar,962,79,29,1,1071,0,13,17,0,30,962,92,46,1,1101,0,0,0,1101
08/23/2022,PHX,AZ,AWP,CE,Towers with Radar,921,64,26,0,1011,0,16,24,0,40,921,80,50,0,1051,0,0,0,1051
08/24/2022,PHX,AZ,AWP,CE,Towers with Radar,921,70,34,4,1029,0,13,17,0,30,921,83,51,4,1059,0,0,0,1059
08/25/2022,PHX,AZ,AWP,CE,Towers with Radar,980,80,46,6,1112,0,20,19,0,39,980,100,65,6,1151,0,0,0,1151
08/26/2022,PHX,AZ,AWP,CE,Towers with Radar,973,84,45,2,1104,0,19,14,0,33,973,103,59,2,1137,0,0,0,1137
08/27/2022,PHX,AZ,AWP,CE,Towers with Radar,910,57,22,3,992,0,14,13,0,27,910,71,35,3,1019,0,0,0,1019
08/28/2022,PHX,AZ,AWP,CE,Towers with Radar,952,62,29,3,1046,0,4,8,0,12,952,66,37,3,1058,0,0,0,1058
08/29/2022,PHX,AZ,AWP,CE,Towers with Radar,959,77,32,2,1070,0,19,15,0,34,959,96,47,2,1104,0,0,0,1104
08/30/2022,PHX,AZ,AWP,CE,Towers with Radar,951,83,49,3,1086,0,19,14,0,33,951,102,63,3,1119,0,0,0,1119
08/31/2022,PHX,AZ,AWP,CE,Towers with Radar,958,70,51,6,1085,0,23,16,1,40,958,93,67,7,1125,0,0,0,1125
09/01/2022,PHX,AZ,AWP,CE,Towers with Radar,995,95,52,2,1144,0,20,13,1,34,995,115,65,3,1178,0,0,0,1178
09/02/2022,PHX,AZ,AWP,CE,Towers with Radar,966,102,44,0,1112,0,10,13,0,23,966,112,57,0,1135,0,0,0,1135
09/03/2022,PHX,AZ,AWP,CE,Towers with Radar,850,44,15,2,911,0,11,13,0,24,850,55,28,2,935,0,0,0,935
09/04/2022,PHX,AZ,AWP,CE,Towers with Radar,839,57,16,1,913,0,13,6,0,19,839,70,22,1,932,0,0,0,932
09/05/2022,PHX,AZ,AWP,CE,Towers with Radar,950,79,35,1,1065,0,4,9,0,13,950,83,44,1,1078,0,0,0,1078
09/06/2022,PHX,AZ,AWP,CE,Towers with Radar,943,74,49,3,1069,0,22,14,0,36,943,96,63,3,1105,0,0,0,1105
09/07/2022,PHX,AZ,AWP,CE,Towers with Radar,888,91,46,5,1030,0,22,23,0,45,888,113,69,5,1075,0,0,0,1075
09/08/2022,PHX,AZ,AWP,CE,Towers with Radar,1010,78,39,13,1140,0,14,27,0,41,1010,92,66,13,1181,0,0,0,1181
09/09/2022,PHX,AZ,AWP,CE,Towers with Radar,1004,95,27,4,1130,0,16,28,0,44,1004,111,55,4,1174,0,0,0,1174
09/10/2022,PHX,AZ,AWP,CE,Towers with Radar,861,69,26,5,961,0,14,12,1,27,861,83,38,6,988,0,0,0,988
09/11/2022,PHX,AZ,AWP,CE,Towers with Radar,937,66,34,4,1041,0,12,8,1,21,937,78,42,5,1062,0,0,0,1062
09/12/2022,PHX,AZ,AWP,CE,Towers with Radar,1032,93,42,5,1172,0,13,12,0,25,1032,106,54,5,1197,0,0,0,1197
09/13/2022,PHX,AZ,AWP,CE,Towers with Radar,919,95,44,4,1062,0,14,22,0,36,919,109,66,4,1098,0,0,0,1098
09/14/2022,PHX,AZ,AWP,CE,Towers with Radar,920,88,61,4,1073,1,18,21,0,40,921,106,82,4,1113,0,0,0,1113
09/15/2022,PHX,AZ,AWP,CE,Towers with Radar,1015,85,52,10,1162,0,10,24,0,34,1015,95,76,10,1196,0,0,0,1196
09/16/2022,PHX,AZ,AWP,CE,Towers with Radar,1001,84,30,7,1122,0,18,17,0,35,1001,102,47,7,1157,0,0,0,1157
09/17/2022,PHX,AZ,AWP,CE,Towers with Radar,868,53,19,3,943,0,5,11,0,16,868,58,30,3,959,0,0,0,959
09/18/2022,PHX,AZ,AWP,CE,Towers with Radar,977,70,34,5,1086,0,9,8,2,19,977,79,42,7,1105,0,0,0,1105
09/19/2022,PHX,AZ,AWP,CE,Towers with Radar,988,80,47,3,1118,0,12,21,4,37,988,92,68,7,1155,0,0,0,1155
09/20/2022,PHX,AZ,AWP,CE,Towers with Radar,921,75,53,6,1055,1,12,15,2,30,922,87,68,8,1085,0,0,0,1085
09/21/2022,PHX,AZ,AWP,CE,Towers with Radar,914,84,49,8,1055,0,8,18,4,30,914,92,67,12,1085,0,0,0,1085
09/22/2022,PHX,AZ,AWP,CE,Towers with Radar,1008,92,41,12,1153,0,5,27,4,36,1008,97,68,16,1189,0,0,0,1189
09/23/2022,PHX,AZ,AWP,CE,Towers with Radar,1003,83,50,3,1139,0,10,24,1,35,1003,93,74,4,1174,0,0,0,1174
09/24/2022,PHX,AZ,AWP,CE,Towers with Radar,870,51,17,4,942,0,7,20,1,28,870,58,37,5,970,0,0,0,970
09/25/2022,PHX,AZ,AWP,CE,Towers with Radar,990,65,29,3,1087,0,4,1,1,6,990,69,30,4,1093,0,0,0,1093
09/26/2022,PHX,AZ,AWP,CE,Towers with Radar,990,69,31,1,1091,0,16,13,0,29,990,85,44,1,1120,0,0,0,1120
09/27/2022,PHX,AZ,AWP,CE,Towers with Radar,925,69,53,3,1050,0,17,15,2,34,925,86,68,5,1084,0,0,0,1084
09/28/2022,PHX,AZ,AWP,CE,Towers with Radar,907,78,31,6,1022,1,14,31,0,46,908,92,62,6,1068,0,0,0,1068
09/29/2022,PHX,AZ,AWP,CE,Towers with Radar,998,86,54,5,1143,0,11,31,1,43,998,97,85,6,1186,0,0,0,1186
09/30/2022,PHX,AZ,AWP,CE,Towers with Radar,1001,86,39,4,1130,0,10,23,0,33,1001,96,62,4,1163,0,0,0,1163
10/01/2022,PHX,AZ,AWP,CE,Towers with Radar,858,49,28,8,943,0,10,20,0,30,858,59,48,8,973,0,0,0,973
10/02/2022,PHX,AZ,AWP,CE,Towers with Radar,993,70,45,3,1111,0,10,20,0,30,993,80,65,3,1141,0,0,0,1141
10/03/2022,PHX,AZ,AWP,CE,Towers with Radar,959,90,30,2,1081,0,9,10,0,19,959,99,40,2,1100,0,0,0,1100
10/04/2022,PHX,AZ,AWP,CE,Towers with Radar,936,101,59,3,1099,0,18,21,1,40,936,119,80,4,1139,0,0,0,1139
10/05/2022,PHX,AZ,AWP,CE,Towers with Radar,931,71,56,8,1066,0,16,29,1,46,931,87,85,9,1112,0,0,0,1112
10/06/2022,PHX,AZ,AWP,CE,Towers with Radar,1044,103,64,7,1218,0,15,26,1,42,1044,118,90,8,1260,0,0,0,1260
10/07/2022,PHX,AZ,AWP,CE,Towers with Radar,1036,101,48,5,1190,0,7,16,0,23,1036,108,64,5,1213,0,0,0,1213
10/08/2022,PHX,AZ,AWP,CE,Towers with Radar,987,57,44,1,1089,0,5,11,0,16,987,62,55,1,1105,0,0,0,1105
10/09/2022,PHX,AZ,AWP,CE,Towers with Radar,1029,68,37,1,1135,0,4,7,0,11,1029,72,44,1,1146,0,0,0,1146
10/10/2022,PHX,AZ,AWP,CE,Towers with Radar,1026,90,32,0,1148,0,17,24,0,41,1026,107,56,0,1189,0,0,0,1189
10/11/2022,PHX,AZ,AWP,CE,Towers with Radar,1040,73,54,2,1169,0,13,24,4,41,1040,86,78,6,1210,0,0,0,1210
10/12/2022,PHX,AZ,AWP,CE,Towers with Radar,1037,82,52,9,1180,0,15,25,4,44,1037,97,77,13,1224,0,0,0,1224
10/13/2022,PHX,AZ,AWP,CE,Towers with Radar,1051,78,48,7,1184,0,21,22,1,44,1051,99,70,8,1228,0,0,0,1228
10/14/2022,PHX,AZ,AWP,CE,Towers with Radar,1039,77,47,8,1171,0,24,26,0,50,1039,101,73,8,1221,0,0,0,1221
10/15/2022,PHX,AZ,AWP,CE,Towers with Radar,929,67,26,3,1025,0,7,9,0,16,929,74,35,3,1041,0,0,0,1041
10/16/2022,PHX,AZ,AWP,CE,Towers with Radar,1021,77,50,0,1148,0,3,9,0,12,1021,80,59,0,1160,0,0,0,1160
10/17/2022,PHX,AZ,AWP,CE,Towers with Radar,1023,99,55,9,1186,0,9,23,0,32,1023,108,78,9,1218,0,0,0,1218
10/18/2022,PHX,AZ,AWP,CE,Towers with Radar,1022,106,68,3,1199,0,17,21,0,38,1022,123,89,3,1237,0,0,0,1237
10/19/2022,PHX,AZ,AWP,CE,Towers with Radar,1047,103,69,4,1223,0,9,18,1,28,1047,112,87,5,1251,0,0,0,1251
10/20/2022,PHX,AZ,AWP,CE,Towers with Radar,1053,101,71,7,1232,0,11,26,4,41,1053,112,97,11,1273,0,0,0,1273
10/21/2022,PHX,AZ,AWP,CE,Towers with Radar,1025,86,42,10,1163,0,12,16,1,29,1025,98,58,11,1192,0,0,0,1192
10/22/2022,PHX,AZ,AWP,CE,Towers with Radar,995,49,38,4,1086,0,13,11,2,26,995,62,49,6,1112,0,0,0,1112
10/23/2022,PHX,AZ,AWP,CE,Towers with Radar,1020,71,48,4,1143,0,3,3,0,6,1020,74,51,4,1149,0,0,0,1149
10/24/2022,PHX,AZ,AWP,CE,Towers with Radar,1014,99,63,7,1183,0,7,26,0,33,1014,106,89,7,1216,0,0,0,1216
10/25/2022,PHX,AZ,AWP,CE,Towers with Radar,1032,93,79,7,1211,0,15,20,2,37,1032,108,99,9,1248,0,0,0,1248
10/26/2022,PHX,AZ,AWP,CE,Towers with Radar,1033,92,60,11,1196,0,16,33,0,49,1033,108,93,11,1245,0,0,0,1245
10/27/2022,PHX,AZ,AWP,CE,Towers with Radar,1047,92,46,10,1195,0,14,29,0,43,1047,106,75,10,1238,0,0,0,1238
10/28/2022,PHX,AZ,AWP,CE,Towers with Radar,1015,93,60,7,1175,1,13,22,0,36,1016,106,82,7,1211,0,0,0,1211
10/29/2022,PHX,AZ,AWP,CE,Towers with Radar,884,63,21,0,968,0,7,16,0,23,884,70,37,0,991,0,0,0,991
10/30/2022,PHX,AZ,AWP,CE,Towers with Radar,1020,63,51,3,1137,0,5,17,1,23,1020,68,68,4,1160,0,0,0,1160
10/31/2022,PHX,AZ,AWP,CE,Towers with Radar,925,102,35,3,1065,1,8,21,0,30,926,110,56,3,1095,0,0,0,1095
11/01/2022,PHX,AZ,AWP,CE,Towers with Radar,1041,88,44,1,1174,1,16,25,0,42,1042,104,69,1,1216,0,0,0,1216
11/02/2022,PHX,AZ,AWP,CE,Towers with Radar,1040,103,72,8,1223,2,13,20,0,35,1042,116,92,8,1258,0,0,0,1258
11/03/2022,PHX,AZ,AWP,CE,Towers with Radar,1023,113,57,5,1198,0,6,17,1,24,1023,119,74,6,1222,0,0,0,1222
11/04/2022,PHX,AZ,AWP,CE,Towers with Radar,1024,106,60,11,1201,1,21,24,1,47,1025,127,84,12,1248,0,0,0,1248
11/05/2022,PHX,AZ,AWP,CE,Towers with Radar,980,74,43,7,1104,0,10,13,0,23,980,84,56,7,1127,0,0,0,1127
11/06/2022,PHX,AZ,AWP,CE,Towers with Radar,1007,91,56,5,1159,0,14,13,0,27,1007,105,69,5,1186,0,0,0,1186
11/07/2022,PHX,AZ,AWP,CE,Towers with Radar,1029,105,48,3,1185,1,9,15,0,25,1030,114,63,3,1210,0,0,0,1210
11/08/2022,PHX,AZ,AWP,CE,Towers with Radar,1030,90,40,5,1165,1,10,23,0,34,1031,100,63,5,1199,0,0,0,1199
11/09/2022,PHX,AZ,AWP,CE,Towers with Radar,1026,108,60,9,1203,0,6,16,0,22,1026,114,76,9,1225,0,0,0,1225
11/10/2022,PHX,AZ,AWP,CE,Towers with Radar,1063,127,52,8,1250,1,11,35,1,48,1064,138,87,9,1298,0,0,0,1298
11/11/2022,PHX,AZ,AWP,CE,Towers with Radar,1047,114,52,1,1214,0,15,24,0,39,1047,129,76,1,1253,0,0,0,1253
11/12/2022,PHX,AZ,AWP,CE,Towers with Radar,996,66,35,2,1099,0,7,18,0,25,996,73,53,2,1124,0,0,0,1124
11/13/2022,PHX,AZ,AWP,CE,Towers with Radar,1029,90,63,3,1185,1,13,11,0,25,1030,103,74,3,1210,0,0,0,1210
11/14/2022,PHX,AZ,AWP,CE,Towers with Radar,1032,92,68,3,1195,0,12,26,2,40,1032,104,94,5,1235,0,0,0,1235
11/15/2022,PHX,AZ,AWP,CE,Towers with Radar,1049,85,70,11,1215,0,20,32,3,55,1049,105,102,14,1270,0,0,0,1270
11/16/2022,PHX,AZ,AWP,CE,Towers with Radar,1039,92,65,10,1206,0,12,22,1,35,1039,104,87,11,1241,0,0,0,1241
11/17/2022,PHX,AZ,AWP,CE,Towers with Radar,1073,98,69,15,1255,0,12,17,0,29,1073,110,86,15,1284,0,0,0,1284
11/18/2022,PHX,AZ,AWP,CE,Towers with Radar,1089,97,64,9,1259,0,12,22,2,36,1089,109,86,11,1295,0,0,0,1295
11/19/2022,PHX,AZ,AWP,CE,Towers with Radar,1030,75,45,1,1151,0,7,16,0,23,1030,82,61,1,1174,0,0,0,1174
11/20/2022,PHX,AZ,AWP,CE,Towers with Radar,1078,83,55,0,1216,0,14,12,2,28,1078,97,67,2,1244,0,0,0,1244
11/21/2022,PHX,AZ,AWP,CE,Towers with Radar,1074,103,51,6,1234,0,10,22,2,34,1074,113,73,8,1268,0,0,0,1268
11/22/2022,PHX,AZ,AWP,CE,Towers with Radar,1061,100,57,6,1224,0,10,33,3,46,1061,110,90,9,1270,0,0,0,1270
11/23/2022,PHX,AZ,AWP,CE,Towers with Radar,1088,97,49,0,1234,0,14,33,4,51,1088,111,82,4,1285,0,0,0,1285
11/24/2022,PHX,AZ,AWP,CE,Towers with Radar,726,52,20,0,798,0,2,6,0,8,726,54,26,0,806,0,0,0,806
11/25/2022,PHX,AZ,AWP,CE,Towers with Radar,1008,100,28,2,1138,0,24,19,1,44,1008,124,47,3,1182,0,0,0,1182
11/26/2022,PHX,AZ,AWP,CE,Towers with Radar,1032,72,48,1,1153,0,3,14,0,17,1032,75,62,1,1170,0,0,0,1170
11/27/2022,PHX,AZ,AWP,CE,Towers with Radar,1062,84,89,3,1238,0,7,21,0,28,1062,91,110,3,1266,0,0,0,1266
11/28/2022,PHX,AZ,AWP,CE,Towers with Radar,1069,103,56,3,1231,0,7,24,0,31,1069,110,80,3,1262,0,0,0,1262
11/29/2022,PHX,AZ,AWP,CE,Towers with Radar,1067,108,54,6,1235,0,34,28,0,62,1067,142,82,6,1297,0,0,0,1297
11/30/2022,PHX,AZ,AWP,CE,Towers with Radar,1037,104,54,7,1202,0,11,28,0,39,1037,115,82,7,1241,0,0,0,1241
12/01/2022,PHX,AZ,AWP,CE,Towers with Radar,1068,116,61,7,1252,0,9,23,0,32,1068,125,84,7,1284,0,0,0,1284
12/02/2022,PHX,AZ,AWP,CE,Towers with Radar,1054,119,66,5,1244,0,10,12,1,23,1054,129,78,6,1267,0,0,0,1267
12/03/2022,PHX,AZ,AWP,CE,Towers with Radar,984,69,35,3,1091,0,5,7,0,12,984,74,42,3,1103,0,0,0,1103
12/04/2022,PHX,AZ,AWP,CE,Towers with Radar,1040,78,52,2,1172,0,0,2,0,2,1040,78,54,2,1174,0,0,0,1174
12/05/2022,PHX,AZ,AWP,CE,Towers with Radar,1066,107,53,0,1226,0,6,8,0,14,1066,113,61,0,1240,0,0,0,1240
12/06/2022,PHX,AZ,AWP,CE,Towers with Radar,1047,96,70,5,1218,0,7,28,1,36,1047,103,98,6,1254,0,0,0,1254
12/07/2022,PHX,AZ,AWP,CE,Towers with Radar,1035,102,75,11,1223,0,6,22,0,28,1035,108,97,11,1251,0,0,0,1251
12/08/2022,PHX,AZ,AWP,CE,Towers with Radar,1081,111,56,10,1258,0,16,28,0,44,1081,127,84,10,1302,0,0,0,1302
12/09/2022,PHX,AZ,AWP,CE,Towers with Radar,1062,120,44,4,1230,0,9,31,1,41,1062,129,75,5,1271,0,0,0,1271
12/10/2022,PHX,AZ,AWP,CE,Towers with Radar,999,51,35,2,1087,0,15,21,0,36,999,66,56,2,1123,0,0,0,1123
12/11/2022,PHX,AZ,AWP,CE,Towers with Radar,1043,87,38,1,1169,0,10,18,0,28,1043,97,56,1,1197,0,0,0,1197
12/12/2022,PHX,AZ,AWP,CE,Towers with Radar,1052,103,57,3,1215,0,4,12,1,17,1052,107,69,4,1232,0,0,0,1232
12/13/2022,PHX,AZ,AWP,CE,Towers with Radar,1028,103,41,7,1179,0,6,26,4,36,1028,109,67,11,1215,0,0,0,1215
12/14/2022,PHX,AZ,AWP,CE,Towers with Radar,1052,95,55,7,1209,0,15,29,0,44,1052,110,84,7,1253,0,0,0,1253
12/15/2022,PHX,AZ,AWP,CE,Towers with Radar,1089,128,60,10,1287,1,22,30,0,53,1090,150,90,10,1340,0,0,0,1340
12/16/2022,PHX,AZ,AWP,CE,Towers with Radar,1113,126,48,4,1291,0,16,33,0,49,1113,142,81,4,1340,0,0,0,1340
12/17/2022,PHX,AZ,AWP,CE,Towers with Radar,1072,60,60,4,1196,0,15,11,1,27,1072,75,71,5,1223,0,0,0,1223
12/18/2022,PHX,AZ,AWP,CE,Towers with Radar,1082,79,42,0,1203,0,1,19,0,20,1082,80,61,0,1223,0,0,0,1223
12/19/2022,PHX,AZ,AWP,CE,Towers with Radar,1096,76,47,3,1222,0,11,20,2,33,1096,87,67,5,1255,0,0,0,1255
12/20/2022,PHX,AZ,AWP,CE,Towers with Radar,1097,90,47,5,1239,0,10,32,2,44,1097,100,79,7,1283,0,0,0,1283
12/21/2022,PHX,AZ,AWP,CE,Towers with Radar,1075,90,47,4,1216,0,10,34,0,44,1075,100,81,4,1260,0,0,0,1260
12/22/2022,PHX,AZ,AWP,CE,Towers with Radar,1048,99,44,1,1192,0,16,39,0,55,1048,115,83,1,1247,0,0,0,1247
12/23/2022,PHX,AZ,AWP,CE,Towers with Radar,930,92,40,3,1065,0,16,17,0,33,930,108,57,3,1098,0,0,0,1098
12/24/2022,PHX,AZ,AWP,CE,Towers with Radar,742,61,25,0,828,0,8,11,3,22,742,69,36,3,850,0,0,0,850
12/25/2022,PHX,AZ,AWP,CE,Towers with Radar,674,48,14,0,736,0,8,13,0,21,674,56,27,0,757,0,0,0,757
12/26/2022,PHX,AZ,AWP,CE,Towers with Radar,809,79,75,0,963,0,5,13,0,18,809,84,88,0,981,0,0,0,981
12/27/2022,PHX,AZ,AWP,CE,Towers with Radar,863,75,51,0,989,0,11,29,0,40,863,86,80,0,1029,0,0,0,1029
12/28/2022,PHX,AZ,AWP,CE,Towers with Radar,925,130,89,1,1145,0,0,7,0,7,925,130,96,1,1152,0,0,0,1152
12/29/2022,PHX,AZ,AWP,CE,Towers with Radar,951,124,88,2,1165,0,4,20,0,24,951,128,108,2,1189,0,0,0,1189
12/30/2022,PHX,AZ,AWP,CE,Towers with Radar,1087,167,112,1,1367,0,1,9,1,11,1087,168,121,2,1378,0,0,0,1378
12/31/2022,PHX,AZ,AWP,CE,Towers with Radar,895,84,40,0,1019,0,10,6,2,18,895,94,46,2,1037,0,0,0,1037
01/01/2023,PHX,AZ,AWP,CE,Towers with Radar,943,88,75,0,1106,0,0,3,0,3,943,88,78,0,1109,0,0,0,1109
01/02/2023,PHX,AZ,AWP,CE,Towers with Radar,1070,62,84,0,1216,0,8,15,0,23,1070,70,99,0,1239,0,0,0,1239
01/03/2023,PHX,AZ,AWP,CE,Towers with Radar,1056,85,46,1,1188,0,3,17,0,20,1056,88,63,1,1208,0,0,0,1208
01/04/2023,PHX,AZ,AWP,CE,Towers with Radar,1049,102,48,12,1211,0,11,18,0,29,1049,113,66,12,1240,0,0,0,1240
01/05/2023,PHX,AZ,AWP,CE,Towers with Radar,1095,100,38,10,1243,0,2,38,2,42,1095,102,76,12,1285,0,0,0,1285
01/06/2023,PHX,AZ,AWP,CE,Towers with Radar,1100,93,36,5,1234,0,10,26,3,39,1100,103,62,8,1273,0,0,0,1273
01/07/2023,PHX,AZ,AWP,CE,Towers with Radar,985,63,37,5,1090,0,3,23,0,26,985,66,60,5,1116,0,0,0,1116
01/08/2023,PHX,AZ,AWP,CE,Towers with Radar,1066,67,38,3,1174,0,3,12,0,15,1066,70,50,3,1189,0,0,0,1189
01/09/2023,PHX,AZ,AWP,CE,Towers with Radar,1074,98,34,4,1210,0,6,16,0,22,1074,104,50,4,1232,0,0,0,1232
01/10/2023,PHX,AZ,AWP,CE,Towers with Radar,1082,100,48,6,1236,0,3,28,1,32,1082,103,76,7,1268,0,0,0,1268
01/11/2023,PHX,AZ,AWP,CE,Towers with Radar,1042,113,45,10,1210,0,10,16,4,30,1042,123,61,14,1240,0,0,0,1240
01/12/2023,PHX,AZ,AWP,CE,Towers with Radar,1137,100,40,9,1286,0,11,16,0,27,1137,111,56,9,1313,0,0,0,1313
01/13/2023,PHX,AZ,AWP,CE,Towers with Radar,1129,114,39,8,1290,0,6,21,0,27,1129,120,60,8,1317,0,0,0,1317
01/14/2023,PHX,AZ,AWP,CE,Towers with Radar,935,73,23,1,1032,0,4,5,1,10,935,77,28,2,1042,0,0,0,1042
01/15/2023,PHX,AZ,AWP,CE,Towers with Radar,995,69,32,1,1097,0,0,5,0,5,995,69,37,1,1102,0,0,0,1102
01/16/2023,PHX,AZ,AWP,CE,Towers with Radar,1089,121,45,0,1255,0,2,8,0,10,1089,123,53,0,1265,0,0,0,1265
01/17/2023,PHX,AZ,AWP,CE,Towers with Radar,1101,83,55,1,1240,0,3,6,2,11,1101,86,61,3,1251,0,0,0,1251
01/18/2023,PHX,AZ,AWP,CE,Towers with Radar,1088,95,56,8,1247,0,8,10,0,18,1088,103,66,8,1265,0,0,0,1265
01/19/2023,PHX,AZ,AWP,CE,Towers with Radar,1123,106,60,8,1297,0,4,29,0,33,1123,110,89,8,1330,0,0,0,1330
01/20/2023,PHX,AZ,AWP,CE,Towers with Radar,1132,95,35,3,1265,0,11,15,0,26,1132,106,50,3,1291,0,0,0,1291
01/21/2023,PHX,AZ,AWP,CE,Towers with Radar,1012,54,24,1,1091,0,4,22,6,32,1012,58,46,7,1123,0,0,0,1123
01/22/2023,PHX,AZ,AWP,CE,Towers with Radar,1086,72,32,2,1192,0,2,10,1,13,1086,74,42,3,1205,0,0,0,1205
01/23/2023,PHX,AZ,AWP,CE,Towers with Radar,1108,100,49,3,1260,0,12,7,1,20,1108,112,56,4,1280,0,0,0,1280
01/24/2023,PHX,AZ,AWP,CE,Towers with Radar,1097,98,69,5,1269,0,27,21,0,48,1097,125,90,5,1317,0,0,0,1317
01/25/2023,PHX,AZ,AWP,CE,Towers with Radar,1084,106,61,11,1262,0,22,17,3,42,1084,128,78,14,1304,0,0,0,1304
01/26/2023,PHX,AZ,AWP,CE,Towers with Radar,1136,96,82,8,1322,0,15,28,0,43,1136,111,110,8,1365,0,0,0,1365
01/27/2023,PHX,AZ,AWP,CE,Towers with Radar,1130,114,70,10,1324,0,5,28,0,33,1130,119,98,10,1357,0,0,0,1357
01/28/2023,PHX,AZ,AWP,CE,Towers with Radar,998,70,58,2,1128,0,9,19,1,29,998,79,77,3,1157,0,0,0,1157
01/29/2023,PHX,AZ,AWP,CE,Towers with Radar,1077,88,69,1,1235,0,1,15,1,17,1077,89,84,2,1252,0,0,0,1252
01/30/2023,PHX,AZ,AWP,CE,Towers with Radar,1115,107,43,3,1268,0,5,29,0,34,1115,112,72,3,1302,0,0,0,1302
01/31/2023,PHX,AZ,AWP,CE,Towers with Radar,1037,107,51,6,1201,0,8,21,2,31,1037,115,72,8,1232,0,0,0,1232
02/01/2023,PHX,AZ,AWP,CE,Towers with Radar,1017,103,69,7,1196,0,13,26,0,39,1017,116,95,7,1235,0,0,0,1235
02/02/2023,PHX,AZ,AWP,CE,Towers with Radar,1091,91,63,5,1250,0,9,25,0,34,1091,100,88,5,1284,0,0,0,1284
02/03/2023,PHX,AZ,AWP,CE,Towers with Radar,1136,92,53,11,1292,0,17,28,3,48,1136,109,81,14,1340,0,0,0,1340
02/04/2023,PHX,AZ,AWP,CE,Towers with Radar,1031,60,30,14,1135,0,3,14,1,18,1031,63,44,15,1153,0,0,0,1153
02/05/2023,PHX,AZ,AWP,CE,Towers with Radar,1103,66,43,21,1233,0,11,6,0,17,1103,77,49,21,1250,0,0,0,1250
02/06/2023,PHX,AZ,AWP,CE,Towers with Radar,1148,125,53,2,1328,0,10,14,0,24,1148,135,67,2,1352,0,0,0,1352
02/07/2023,PHX,AZ,AWP,CE,Towers with Radar,1130,129,59,5,1323,0,7,22,0,29,1130,136,81,5,1352,0,0,0,1352
02/08/2023,PHX,AZ,AWP,CE,Towers with Radar,1115,119,76,4,1314,0,19,29,2,50,1115,138,105,6,1364,0,0,0,1364
02/09/2023,PHX,AZ,AWP,CE,Towers with Radar,1218,167,68,6,1459,0,12,23,0,35,1218,179,91,6,1494,0,0,0,1494
02/10/2023,PHX,AZ,AWP,CE,Towers with Radar,1236,215,72,5,1528,0,4,25,2,31,1236,219,97,7,1559,0,0,0,1559
02/11/2023,PHX,AZ,AWP,CE,Towers with Radar,1094,112,42,1,1249,0,4,13,1,18,1094,116,55,2,1267,0,0,0,1267
02/12/2023,PHX,AZ,AWP,CE,Towers with Radar,1135,236,57,5,1433,0,2,2,1,5,1135,238,59,6,1438,0,0,0,1438
02/13/2023,PHX,AZ,AWP,CE,Towers with Radar,1309,249,114,0,1672,1,4,14,0,19,1310,253,128,0,1691,0,0,0,1691
02/14/2023,PHX,AZ,AWP,CE,Towers with Radar,1138,101,59,0,1298,0,0,13,0,13,1138,101,72,0,1311,0,0,0,1311
02/15/2023,PHX,AZ,AWP,CE,Towers with Radar,1138,119,65,2,1324,0,5,32,0,37,1138,124,97,2,1361,0,0,0,1361
02/16/2023,PHX,AZ,AWP,CE,Towers with Radar,1148,134,83,2,1367,0,5,28,0,33,1148,139,111,2,1400,0,0,0,1400
02/17/2023,PHX,AZ,AWP,CE,Towers with Radar,1156,123,81,9,1369,0,13,20,0,33,1156,136,101,9,1402,0,0,0,1402
02/18/2023,PHX,AZ,AWP,CE,Towers with Radar,1054,76,21,0,1151,1,7,15,0,23,1055,83,36,0,1174,0,0,0,1174
02/19/2023,PHX,AZ,AWP,CE,Towers with Radar,1106,71,53,0,1230,0,3,13,1,17,1106,74,66,1,1247,0,0,0,1247
02/20/2023,PHX,AZ,AWP,CE,Towers with Radar,1145,113,59,0,1317,0,13,26,0,39,1145,126,85,0,1356,0,0,0,1356
02/21/2023,PHX,AZ,AWP,CE,Towers with Radar,1156,108,68,10,1342,0,10,11,1,22,1156,118,79,11,1364,0,0,0,1364
02/22/2023,PHX,AZ,AWP,CE,Towers with Radar,1065,75,45,4,1189,0,0,5,0,5,1065,75,50,4,1194,0,0,0,1194
02/23/2023,PHX,AZ,AWP,CE,Towers with Radar,1130,100,57,8,1295,0,14,13,0,27,1130,114,70,8,1322,0,0,0,1322
02/24/2023,PHX,AZ,AWP,CE,Towers with Radar,1145,113,59,7,1324,0,12,20,2,34,1145,125,79,9,1358,0,0,0,1358
02/25/2023,PHX,AZ,AWP,CE,Towers with Radar,1091,76,38,5,1210,0,2,8,3,13,1091,78,46,8,1223,0,0,0,1223
02/26/2023,PHX,AZ,AWP,CE,Towers with Radar,1133,69,38,4,1244,0,2,3,0,5,1133,71,41,4,1249,0,0,0,1249
02/27/2023,PHX,AZ,AWP,CE,Towers with Radar,1151,85,54,5,1295,0,11,23,3,37,1151,96,77,8,1332,0,0,0,1332
02/28/2023,PHX,AZ,AWP,CE,Towers with Radar,1136,100,60,0,1296,0,7,24,0,31,1136,107,84,0,1327,0,0,0,1327
03/01/2023,PHX,AZ,AWP,CE,Towers with Radar,999,78,48,1,1126,0,2,11,0,13,999,80,59,1,1139,0,0,0,1139
03/02/2023,PHX,AZ,AWP,CE,Towers with Radar,1200,104,61,4,1369,0,10,21,0,31,1200,114,82,4,1400,0,0,0,1400
03/03/2023,PHX,AZ,AWP,CE,Towers with Radar,1144,115,73,11,1343,0,11,24,2,37,1144,126,97,13,1380,0,0,0,1380
03/04/2023,PHX,AZ,AWP,CE,Towers with Radar,1040,64,23,7,1134,0,7,4,2,13,1040,71,27,9,1147,0,0,0,1147
03/05/2023,PHX,AZ,AWP,CE,Towers with Radar,1114,71,42,3,1230,0,11,13,0,24,1114,82,55,3,1254,0,0,0,1254
03/06/2023,PHX,AZ,AWP,CE,Towers with Radar,1147,92,47,1,1287,0,13,23,0,36,1147,105,70,1,1323,0,0,0,1323
03/07/2023,PHX,AZ,AWP,CE,Towers with Radar,1144,95,45,1,1285,0,7,23,0,30,1144,102,68,1,1315,0,0,0,1315
03/08/2023,PHX,AZ,AWP,CE,Towers with Radar,1147,90,62,5,1304,0,20,32,4,56,1147,110,94,9,1360,0,0,0,1360
03/09/2023,PHX,AZ,AWP,CE,Towers with Radar,1134,105,54,10,1303,0,5,30,0,35,1134,110,84,10,1338,0,0,0,1338
03/10/2023,PHX,AZ,AWP,CE,Towers with Radar,1152,117,81,6,1356,0,11,25,2,38,1152,128,106,8,1394,0,0,0,1394
03/11/2023,PHX,AZ,AWP,CE,Towers with Radar,1153,67,56,3,1279,0,4,11,1,16,1153,71,67,4,1295,0,0,0,1295
03/12/2023,PHX,AZ,AWP,CE,Towers with Radar,1173,78,60,8,1319,0,2,6,0,8,1173,80,66,8,1327,0,0,0,1327
03/13/2023,PHX,AZ,AWP,CE,Towers with Radar,1153,104,41,5,1303,0,8,26,0,34,1153,112,67,5,1337,0,0,0,1337
03/14/2023,PHX,AZ,AWP,CE,Towers with Radar,1150,85,33,9,1277,0,8,23,0,31,1150,93,56,9,1308,0,0,0,1308
03/15/2023,PHX,AZ,AWP,CE,Towers with Radar,1150,96,59,5,1310,0,1,16,1,18,1150,97,75,6,1328,0,0,0,1328
03/16/2023,PHX,AZ,AWP,CE,Towers with Radar,1176,114,55,4,1349,0,5,27,1,33,1176,119,82,5,1382,0,0,0,1382
03/17/2023,PHX,AZ,AWP,CE,Towers with Radar,1165,125,60,13,1363,0,14,31,2,47,1165,139,91,15,1410,0,0,0,1410
03/18/2023,PHX,AZ,AWP,CE,Towers with Radar,1138,85,41,7,1271,0,11,12,3,26,1138,96,53,10,1297,0,0,0,1297
03/19/2023,PHX,AZ,AWP,CE,Towers with Radar,1138,96,68,9,1311,0,1,12,1,14,1138,97,80,10,1325,0,0,0,1325
03/20/2023,PHX,AZ,AWP,CE,Towers with Radar,1149,94,58,0,1301,1,14,20,1,36,1150,108,78,1,1337,0,0,0,1337
03/21/2023,PHX,AZ,AWP,CE,Towers with Radar,1135,77,48,5,1265,0,7,9,0,16,1135,84,57,5,1281,0,0,0,1281
03/22/2023,PHX,AZ,AWP,CE,Towers with Radar,1151,86,54,10,1301,0,7,24,2,33,1151,93,78,12,1334,0,0,0,1334
03/23/2023,PHX,AZ,AWP,CE,Towers with Radar,1171,112,70,12,1365,2,12,22,1,37,1173,124,92,13,1402,0,0,0,1402
03/24/2023,PHX,AZ,AWP,CE,Towers with Radar,1153,102,69,11,1335,0,15,30,0,45,1153,117,99,11,1380,0,0,0,1380
03/25/2023,PHX,AZ,AWP,CE,Towers with Radar,1128,80,44,4,1256,0,6,20,0,26,1128,86,64,4,1282,0,0,0,1282
03/26/2023,PHX,AZ,AWP,CE,Towers with Radar,1131,123,74,11,1339,0,5,11,0,16,1131,128,85,11,1355,0,0,0,1355
03/27/2023,PHX,AZ,AWP,CE,Towers with Radar,1162,98,67,3,1330,0,13,20,1,34,1162,111,87,4,1364,0,0,0,1364
03/28/2023,PHX,AZ,AWP,CE,Towers with Radar,1155,118,64,6,1343,0,11,21,0,32,1155,129,85,6,1375,0,0,0,1375
03/29/2023,PHX,AZ,AWP,CE,Towers with Radar,1133,114,65,7,1319,0,8,33,0,41,1133,122,98,7,1360,0,0,0,1360
03/30/2023,PHX,AZ,AWP,CE,Towers with Radar,1160,101,53,4,1318,0,2,34,0,36,1160,103,87,4,1354,0,0,0,1354
03/31/2023,PHX,AZ,AWP,CE,Towers with Radar,1124,108,58,8,1298,0,7,46,1,54,1124,115,104,9,1352,0,0,0,1352
04/01/2023,PHX,AZ,AWP,CE,Towers with Radar,1101,79,31,2,1213,0,10,16,4,30,1101,89,47,6,1243,0,0,0,1243
04/02/2023,PHX,AZ,AWP,CE,Towers with Radar,1126,69,45,6,1246,0,8,14,2,24,1126,77,59,8,1270,0,0,0,1270
04/03/2023,PHX,AZ,AWP,CE,Towers with Radar,1139,54,37,2,1232,0,16,13,0,29,1139,70,50,2,1261,0,0,0,1261
04/04/2023,PHX,AZ,AWP,CE,Towers with Radar,1127,74,55,4,1260,0,16,23,0,39,1127,90,78,4,1299,0,0,0,1299
04/05/2023,PHX,AZ,AWP,CE,Towers with Radar,1086,83,54,6,1229,0,10,17,1,28,1086,93,71,7,1257,0,0,0,1257
04/06/2023,PHX,AZ,AWP,CE,Towers with Radar,1147,86,58,8,1299,0,14,42,0,56,1147,100,100,8,1355,0,0,0,1355
04/07/2023,PHX,AZ,AWP,CE,Towers with Radar,1127,82,38,10,1257,0,19,27,1,47,1127,101,65,11,1304,0,0,0,1304
04/08/2023,PHX,AZ,AWP,CE,Towers with Radar,1099,60,42,3,1204,0,9,9,0,18,1099,69,51,3,1222,0,0,0,1222
04/09/2023,PHX,AZ,AWP,CE,Towers with Radar,1117,64,32,8,1221,0,0,0,0,0,1117,64,32,8,1221,0,0,0,1221
04/10/2023,PHX,AZ,AWP,CE,Towers with Radar,1102,88,62,2,1254,0,16,19,0,35,1102,104,81,2,1289,0,0,0,1289
04/11/2023,PHX,AZ,AWP,CE,Towers with Radar,1108,77,51,3,1239,0,10,33,1,44,1108,87,84,4,1283,0,0,0,1283
04/12/2023,PHX,AZ,AWP,CE,Towers with Radar,1101,88,60,6,1255,0,14,14,11,39,1101,102,74,17,1294,0,0,0,1294
04/13/2023,PHX,AZ,AWP,CE,Towers with Radar,1141,103,69,4,1317,0,18,31,2,51,1141,121,100,6,1368,0,0,0,1368
04/14/2023,PHX,AZ,AWP,CE,Towers with Radar,1122,95,66,10,1293,1,10,24,4,39,1123,105,90,14,1332,0,0,0,1332
04/15/2023,PHX,AZ,AWP,CE,Towers with Radar,1034,56,41,6,1137,0,7,15,0,22,1034,63,56,6,1159,0,0,0,1159
04/16/2023,PHX,AZ,AWP,CE,Towers with Radar,1097,100,64,11,1272,0,4,5,1,10,1097,104,69,12,1282,0,0,0,1282
04/17/2023,PHX,AZ,AWP,CE,Towers with Radar,1125,81,43,6,1255,0,8,14,1,23,1125,89,57,7,1278,0,0,0,1278
04/18/2023,PHX,AZ,AWP,CE,Towers with Radar,1104,87,59,7,1257,0,18,29,2,49,1104,105,88,9,1306,0,0,0,1306
04/19/2023,PHX,AZ,AWP,CE,Towers with Radar,1103,89,43,3,1238,0,22,28,4,54,1103,111,71,7,1292,0,0,0,1292
04/20/2023,PHX,AZ,AWP,CE,Towers with Radar,1103,77,46,0,1226,0,11,30,2,43,1103,88,76,2,1269,0,0,0,1269
04/21/2023,PHX,AZ,AWP,CE,Towers with Radar,1148,79,44,9,1280,0,11,28,3,42,1148,90,72,12,1322,0,0,0,1322
04/22/2023,PHX,AZ,AWP,CE,Towers with Radar,1025,59,33,2,1119,0,8,17,0,25,1025,67,50,2,1144,0,0,0,1144
04/23/2023,PHX,AZ,AWP,CE,Towers with Radar,1098,82,45,4,1229,0,9,16,0,25,1098,91,61,4,1254,0,0,0,1254
04/24/2023,PHX,AZ,AWP,CE,Towers with Radar,1110,82,51,0,1243,0,12,22,0,34,1110,94,73,0,1277,0,0,0,1277
04/25/2023,PHX,AZ,AWP,CE,Towers with Radar,1080,90,59,6,1235,0,10,31,0,41,1080,100,90,6,1276,0,0,0,1276
04/26/2023,PHX,AZ,AWP,CE,Towers with Radar,1096,99,55,2,1252,0,9,21,0,30,1096,108,76,2,1282,0,0,0,1282
04/27/2023,PHX,AZ,AWP,CE,Towers with Radar,1129,106,50,9,1294,0,9,18,0,27,1129,115,68,9,1321,0,0,0,1321
04/28/2023,PHX,AZ,AWP,CE,Towers with Radar,1106,87,41,13,1247,0,9,17,2,28,1106,96,58,15,1275,0,0,0,1275
04/29/2023,PHX,AZ,AWP,CE,Towers with Radar,1027,56,29,3,1115,0,11,12,0,23,1027,67,41,3,1138,0,0,0,1138
04/30/2023,PHX,AZ,AWP,CE,Towers with Radar,1072,70,30,9,1181,0,1,9,0,10,1072,71,39,9,1191,0,0,0,1191
05/01/2023,PHX,AZ,AWP,CE,Towers with Radar,1086,77,48,0,1211,0,10,12,0,22,1086,87,60,0,1233,0,0,0,1233
05/02/2023,PHX,AZ,AWP,CE,Towers with Radar,1078,85,50,4,1217,0,21,24,0,45,1078,106,74,4,1262,0,0,0,1262
05/03/2023,PHX,AZ,AWP,CE,Towers with Radar,1094,72,56,3,1225,0,17,27,4,48,1094,89,83,7,1273,0,0,0,1273
05/04/2023,PHX,AZ,AWP,CE,Towers with Radar,1118,99,55,5,1277,0,18,30,1,49,1118,117,85,6,1326,0,0,0,1326
05/05/2023,PHX,AZ,AWP,CE,Towers with Radar,1062,103,63,10,1238,0,16,21,2,39,1062,119,84,12,1277,0,0,0,1277
05/06/2023,PHX,AZ,AWP,CE,Towers with Radar,992,57,36,6,1091,0,11,14,0,25,992,68,50,6,1116,0,0,0,1116
05/07/2023,PHX,AZ,AWP,CE,Towers with Radar,1036,69,45,3,1153,0,7,15,7,29,1036,76,60,10,1182,0,0,0,1182
05/08/2023,PHX,AZ,AWP,CE,Towers with Radar,1069,83,37,7,1196,0,14,27,3,44,1069,97,64,10,1240,0,0,0,1240
05/09/2023,PHX,AZ,AWP,CE,Towers with Radar,1007,59,44,8,1118,0,18,18,2,38,1007,77,62,10,1156,0,0,0,1156
05/10/2023,PHX,AZ,AWP,CE,Towers with Radar,1059,99,36,7,1201,0,10,16,0,26,1059,109,52,7,1227,0,0,0,1227
05/11/2023,PHX,AZ,AWP,CE,Towers with Radar,1083,106,59,13,1261,0,13,20,0,33,1083,119,79,13,1294,0,0,0,1294
05/12/2023,PHX,AZ,AWP,CE,Towers with Radar,1058,92,47,22,1219,0,23,31,7,61,1058,115,78,29,1280,0,0,0,1280
05/13/2023,PHX,AZ,AWP,CE,Towers with Radar,981,63,19,13,1076,0,15,8,4,27,981,78,27,17,1103,0,0,0,1103
05/14/2023,PHX,AZ,AWP,CE,Towers with Radar,1026,65,29,12,1132,0,0,8,0,8,1026,65,37,12,1140,0,0,0,1140
05/15/2023,PHX,AZ,AWP,CE,Towers with Radar,1067,78,28,1,1174,0,10,12,0,22,1067,88,40,1,1196,0,0,0,1196
05/16/2023,PHX,AZ,AWP,CE,Towers with Radar,1022,90,35,7,1154,0,9,19,0,28,1022,99,54,7,1182,0,0,0,1182
05/17/2023,PHX,AZ,AWP,CE,Towers with Radar,1059,90,47,7,1203,0,10,30,3,43,1059,100,77,10,1246,0,0,0,1246
05/18/2023,PHX,AZ,AWP,CE,Towers with Radar,1056,100,49,7,1212,0,2,17,1,20,1056,102,66,8,1232,0,0,0,1232
05/19/2023,PHX,AZ,AWP,CE,Towers with Radar,1079,93,39,9,1220,0,6,16,0,22,1079,99,55,9,1242,0,0,0,1242
05/20/2023,PHX,AZ,AWP,CE,Towers with Radar,986,64,23,5,1078,0,11,19,0,30,986,75,42,5,1108,0,0,0,1108
05/21/2023,PHX,AZ,AWP,CE,Towers with Radar,1041,65,42,3,1151,0,0,12,0,12,1041,65,54,3,1163,0,0,0,1163
05/22/2023,PHX,AZ,AWP,CE,Towers with Radar,1062,85,37,2,1186,0,6,14,0,20,1062,91,51,2,1206,0,0,0,1206
05/23/2023,PHX,AZ,AWP,CE,Towers with Radar,996,99,45,6,1146,1,12,29,0,42,997,111,74,6,1188,0,0,0,1188
05/24/2023,PHX,AZ,AWP,CE,Towers with Radar,1055,64,58,5,1182,0,11,24,1,36,1055,75,82,6,1218,0,0,0,1218
05/25/2023,PHX,AZ,AWP,CE,Towers with Radar,1086,82,42,6,1216,0,10,20,0,30,1086,92,62,6,1246,0,0,0,1246
05/26/2023,PHX,AZ,AWP,CE,Towers with Radar,1067,87,44,0,1198,0,12,21,0,33,1067,99,65,0,1231,0,0,0,1231
05/27/2023,PHX,AZ,AWP,CE,Towers with Radar,908,66,41,1,1016,0,10,9,0,19,908,76,50,1,1035,0,0,0,1035
05/28/2023,PHX,AZ,AWP,CE,Towers with Radar,1019,64,15,1,1099,0,6,5,0,11,1019,70,20,1,1110,0,0,0,1110
05/29/2023,PHX,AZ,AWP,CE,Towers with Radar,1051,69,28,2,1150,0,3,18,2,23,1051,72,46,4,1173,0,0,0,1173
05/30/2023,PHX,AZ,AWP,CE,Towers with Radar,982,67,31,5,1085,0,13,24,4,41,982,80,55,9,1126,0,0,0,1126
05/31/2023,PHX,AZ,AWP,CE,Towers with Radar,1065,65,29,10,1169,0,7,20,2,29,1065,72,49,12,1198,0,0,0,1198
06/01/2023,PHX,AZ,AWP,CE,Towers with Radar,1051,82,36,9,1178,0,11,17,0,28,1051,93,53,9,1206,0,0,0,1206
06/02/2023,PHX,AZ,AWP,CE,Towers with Radar,1026,94,44,7,1171,0,17,15,0,32,1026,111,59,7,1203,0,0,0,1203
06/03/2023,PHX,AZ,AWP,CE,Towers with Radar,938,58,23,3,1022,0,7,15,4,26,938,65,38,7,1048,0,0,0,1048
06/04/2023,PHX,AZ,AWP,CE,Towers with Radar,961,64,29,2,1056,0,10,15,0,25,961,74,44,2,1081,0,0,0,1081
06/05/2023,PHX,AZ,AWP,CE,Towers with Radar,995,77,45,0,1117,0,12,17,0,29,995,89,62,0,1146,0,0,0,1146
06/06/2023,PHX,AZ,AWP,CE,Towers with Radar,956,68,31,5,1060,0,8,22,4,34,956,76,53,9,1094,0,0,0,1094
06/07/2023,PHX,AZ,AWP,CE,Towers with Radar,989,78,43,7,1117,0,10,25,0,35,989,88,68,7,1152,0,0,0,1152
06/08/2023,PHX,AZ,AWP,CE,Towers with Radar,1015,105,44,4,1168,0,12,20,0,32,1015,117,64,4,1200,0,0,0,1200
06/09/2023,PHX,AZ,AWP,CE,Towers with Radar,1024,89,23,5,1141,0,6,16,0,22,1024,95,39,5,1163,0,0,0,1163
06/10/2023,PHX,AZ,AWP,CE,Towers with Radar,961,64,33,1,1059,0,11,8,0,19,961,75,41,1,1078,0,0,0,1078
06/11/2023,PHX,AZ,AWP,CE,Towers with Radar,953,72,37,3,1065,0,7,12,0,19,953,79,49,3,1084,0,0,0,1084
06/12/2023,PHX,AZ,AWP,CE,Towers with Radar,990,92,30,4,1116,0,9,21,0,30,990,101,51,4,1146,0,0,0,1146
06/13/2023,PHX,AZ,AWP,CE,Towers with Radar,964,85,43,7,1099,0,11,22,4,37,964,96,65,11,1136,0,0,0,1136
06/14/2023,PHX,AZ,AWP,CE,Towers with Radar,993,79,60,8,1140,0,12,19,0,31,993,91,79,8,1171,0,0,0,1171
06/15/2023,PHX,AZ,AWP,CE,Towers with Radar,1005,86,67,4,1162,2,8,26,2,38,1007,94,93,6,1200,0,0,0,1200
06/16/2023,PHX,AZ,AWP,CE,Towers with Radar,1014,86,31,2,1133,0,14,18,3,35,1014,100,49,5,1168,0,0,0,1168
06/17/2023,PHX,AZ,AWP,CE,Towers with Radar,974,60,53,3,1090,0,15,19,3,37,974,75,72,6,1127,0,0,0,1127
06/18/2023,PHX,AZ,AWP,CE,Towers with Radar,969,63,14,2,1048,0,7,10,0,17,969,70,24,2,1065,0,0,0,1065
06/19/2023,PHX,AZ,AWP,CE,Towers with Radar,1003,85,31,2,1121,0,17,13,0,30,1003,102,44,2,1151,0,0,0,1151
06/20/2023,PHX,AZ,AWP,CE,Towers with Radar,958,86,24,2,1070,0,20,27,0,47,958,106,51,2,1117,0,0,0,1117
06/21/2023,PHX,AZ,AWP,CE,Towers with Radar,981,82,42,8,1113,0,9,10,0,19,981,91,52,8,1132,0,0,0,1132
06/22/2023,PHX,AZ,AWP,CE,Towers with Radar,1007,110,41,13,1171,0,11,29,0,40,1007,121,70,13,1211,0,0,0,1211
06/23/2023,PHX,AZ,AWP,CE,Towers with Radar,1009,93,36,8,1146,0,21,22,0,43,1009,114,58,8,1189,0,0,0,1189
06/24/2023,PHX,AZ,AWP,CE,Towers with Radar,971,58,23,3,1055,0,6,8,7,21,971,64,31,10,1076,0,0,0,1076
06/25/2023,PHX,AZ,AWP,CE,Towers with Radar,930,65,32,6,1033,0,5,9,1,15,930,70,41,7,1048,0,0,0,1048
06/26/2023,PHX,AZ,AWP,CE,Towers with Radar,995,91,34,3,1123,1,7,32,0,40,996,98,66,3,1163,0,0,0,1163
06/27/2023,PHX,AZ,AWP,CE,Towers with Radar,945,78,36,15,1074,0,15,27,0,42,945,93,63,15,1116,0,0,0,1116
06/28/2023,PHX,AZ,AWP,CE,Towers with Radar,1002,79,32,6,1119,0,10,27,0,37,1002,89,59,6,1156,0,0,0,1156
06/29/2023,PHX,AZ,AWP,CE,Towers with Radar,994,91,47,7,1139,0,12,31,0,43,994,103,78,7,1182,0,0,0,1182
06/30/2023,PHX,AZ,AWP,CE,Towers with Radar,1024,93,38,9,1164,0,22,21,0,43,1024,115,59,9,1207,0,0,0,1207
07/01/2023,PHX,AZ,AWP,CE,Towers with Radar,974,63,25,1,1063,0,3,8,1,12,974,66,33,2,1075,0,0,0,1075
07/02/2023,PHX,AZ,AWP,CE,Towers with Radar,936,69,16,3,1024,0,5,9,0,14,936,74,25,3,1038,0,0,0,1038
07/03/2023,PHX,AZ,AWP,CE,Towers with Radar,898,67,18,3,986,0,15,11,0,26,898,82,29,3,1012,0,0,0,1012
07/04/2023,PHX,AZ,AWP,CE,Towers with Radar,831,36,11,1,879,0,7,9,0,16,831,43,20,1,895,0,0,0,895
07/05/2023,PHX,AZ,AWP,CE,Towers with Radar,1001,70,45,2,1118,0,14,30,0,44,1001,84,75,2,1162,0,0,0,1162
07/06/2023,PHX,AZ,AWP,CE,Towers with Radar,1050,69,27,10,1156,0,8,20,12,40,1050,77,47,22,1196,0,0,0,1196
07/07/2023,PHX,AZ,AWP,CE,Towers with Radar,1037,81,19,10,1147,0,16,10,3,29,1037,97,29,13,1176,0,0,0,1176
07/08/2023,PHX,AZ,AWP,CE,Towers with Radar,1015,54,18,0,1087,0,6,8,4,18,1015,60,26,4,1105,0,0,0,1105
07/09/2023,PHX,AZ,AWP,CE,Towers with Radar,958,57,27,5,1047,0,2,4,4,10,958,59,31,9,1057,0,0,0,1057
07/10/2023,PHX,AZ,AWP,CE,Towers with Radar,1036,86,27,2,1151,0,7,17,0,24,1036,93,44,2,1175,0,0,0,1175
07/11/2023,PHX,AZ,AWP,CE,Towers with Radar,973,98,34,11,1116,0,9,38,0,47,973,107,72,11,1163,0,0,0,1163
07/12/2023,PHX,AZ,AWP,CE,Towers with Radar,1006,81,41,2,1130,0,20,24,0,44,1006,101,65,2,1174,0,0,0,1174
07/13/2023,PHX,AZ,AWP,CE,Towers with Radar,1051,89,26,5,1171,0,9,18,0,27,1051,98,44,5,1198,0,0,0,1198
07/14/2023,PHX,AZ,AWP,CE,Towers with Radar,1014,71,17,5,1107,0,18,16,0,34,1014,89,33,5,1141,0,0,0,1141
07/15/2023,PHX,AZ,AWP,CE,Towers with Radar,996,54,9,2,1061,0,16,15,1,32,996,70,24,3,1093,0,0,0,1093
07/16/2023,PHX,AZ,AWP,CE,Towers with Radar,974,61,19,1,1055,0,4,6,0,10,974,65,25,1,1065,0,0,0,1065
07/17/2023,PHX,AZ,AWP,CE,Towers with Radar,1037,84,31,0,1152,0,9,14,0,23,1037,93,45,0,1175,0,0,0,1175
07/18/2023,PHX,AZ,AWP,CE,Towers with Radar,996,73,43,2,1114,0,16,23,1,40,996,89,66,3,1154,0,0,0,1154
07/19/2023,PHX,AZ,AWP,CE,Towers with Radar,1009,71,32,2,1114,0,16,24,2,42,1009,87,56,4,1156,0,0,0,1156
07/20/2023,PHX,AZ,AWP,CE,Towers with Radar,1022,74,60,8,1164,0,13,18,1,32,1022,87,78,9,1196,0,0,0,1196
07/21/2023,PHX,AZ,AWP,CE,Towers with Radar,1024,92,32,3,1151,0,11,16,0,27,1024,103,48,3,1178,0,0,0,1178
07/22/2023,PHX,AZ,AWP,CE,Towers with Radar,1009,57,11,3,1080,0,3,20,0,23,1009,60,31,3,1103,0,0,0,1103
07/23/2023,PHX,AZ,AWP,CE,Towers with Radar,987,57,26,2,1072,0,10,11,0,21,987,67,37,2,1093,0,0,0,1093
07/24/2023,PHX,AZ,AWP,CE,Towers with Radar,1035,90,23,4,1152,0,12,10,2,24,1035,102,33,6,1176,0,0,0,1176
07/25/2023,PHX,AZ,AWP,CE,Towers with Radar,971,73,29,8,1081,0,15,19,2,36,971,88,48,10,1117,0,0,0,1117
07/26/2023,PHX,AZ,AWP,CE,Towers with Radar,998,64,39,10,1111,0,11,18,1,30,998,75,57,11,1141,0,0,0,1141
07/27/2023,PHX,AZ,AWP,CE,Towers with Radar,1056,75,37,1,1169,0,11,16,0,27,1056,86,53,1,1196,0,0,0,1196
07/28/2023,PHX,AZ,AWP,CE,Towers with Radar,1015,78,34,3,1130,0,7,19,2,28,1015,85,53,5,1158,0,0,0,1158
07/29/2023,PHX,AZ,AWP,CE,Towers with Radar,1005,79,26,0,1110,0,9,15,1,25,1005,88,41,1,1135,0,0,0,1135
07/30/2023,PHX,AZ,AWP,CE,Towers with Radar,967,67,32,0,1066,0,4,7,0,11,967,71,39,0,1077,0,0,0,1077
07/31/2023,PHX,AZ,AWP,CE,Towers with Radar,1034,78,26,3,1141,0,12,13,0,25,1034,90,39,3,1166,0,0,0,1166
08/01/2023,PHX,AZ,AWP,CE,Towers with Radar,989,67,17,10,1083,0,17,18,0,35,989,84,35,10,1118,0,0,0,1118
08/02/2023,PHX,AZ,AWP,CE,Towers with Radar,1013,76,39,2,1130,0,11,10,1,22,1013,87,49,3,1152,0,0,0,1152
08/03/2023,PHX,AZ,AWP,CE,Towers with Radar,1015,90,38,8,1151,0,15,27,3,45,1015,105,65,11,1196,0,0,0,1196
08/04/2023,PHX,AZ,AWP,CE,Towers with Radar,1033,77,32,8,1150,0,14,12,1,27,1033,91,44,9,1177,0,0,0,1177
08/05/2023,PHX,AZ,AWP,CE,Towers with Radar,993,52,25,1,1071,0,4,11,0,15,993,56,36,1,1086,0,0,0,1086
08/06/2023,PHX,AZ,AWP,CE,Towers with Radar,959,46,22,2,1029,0,12,8,0,20,959,58,30,2,1049,0,0,0,1049
08/07/2023,PHX,AZ,AWP,CE,Towers with Radar,1018,92,30,6,1146,0,16,8,0,24,1018,108,38,6,1170,0,0,0,1170
08/08/2023,PHX,AZ,AWP,CE,Towers with Radar,1011,85,50,17,1163,0,12,19,0,31,1011,97,69,17,1194,0,0,0,1194
08/09/2023,PHX,AZ,AWP,CE,Towers with Radar,1016,77,45,8,1146,0,19,22,0,41,1016,96,67,8,1187,0,0,0,1187
08/10/2023,PHX,AZ,AWP,CE,Towers with Radar,1026,91,32,12,1161,0,14,16,0,30,1026,105,48,12,1191,0,0,0,1191
08/11/2023,PHX,AZ,AWP,CE,Towers with Radar,1035,74,35,11,1155,0,6,15,0,21,1035,80,50,11,1176,0,0,0,1176
08/12/2023,PHX,AZ,AWP,CE,Towers with Radar,997,56,15,4,1072,0,11,10,0,21,997,67,25,4,1093,0,0,0,1093
08/13/2023,PHX,AZ,AWP,CE,Towers with Radar,979,75,25,1,1080,0,0,12,0,12,979,75,37,1,1092,0,0,0,1092
08/14/2023,PHX,AZ,AWP,CE,Towers with Radar,1014,86,20,4,1124,0,12,14,4,30,1014,98,34,8,1154,0,0,0,1154
08/15/2023,PHX,AZ,AWP,CE,Towers with Radar,1019,75,32,12,1138,0,13,22,0,35,1019,88,54,12,1173,0,0,0,1173
08/16/2023,PHX,AZ,AWP,CE,Towers with Radar,1044,91,31,7,1173,0,12,23,0,35,1044,103,54,7,1208,0,0,0,1208
08/17/2023,PHX,AZ,AWP,CE,Towers with Radar,1041,81,44,5,1171,0,15,33,3,51,1041,96,77,8,1222,0,0,0,1222
08/18/2023,PHX,AZ,AWP,CE,Towers with Radar,1039,71,29,5,1144,0,16,30,1,47,1039,87,59,6,1191,0,0,0,1191
08/19/2023,PHX,AZ,AWP,CE,Towers with Radar,984,51,18,5,1058,0,9,25,4,38,984,60,43,9,1096,0,0,0,1096
08/20/2023,PHX,AZ,AWP,CE,Towers with Radar,907,61,37,2,1007,0,0,1,0,1,907,61,38,2,1008,0,0,0,1008
08/21/2023,PHX,AZ,AWP,CE,Towers with Radar,1012,78,19,1,1110,0,14,8,1,23,1012,92,27,2,1133,0,0,0,1133
08/22/2023,PHX,AZ,AWP,CE,Towers with Radar,1036,82,30,7,1155,0,25,16,0,41,1036,107,46,7,1196,0,0,0,1196
08/23/2023,PHX,AZ,AWP,CE,Towers with Radar,1030,85,46,4,1165,0,12,27,1,40,1030,97,73,5,1205,0,0,0,1205
08/24/2023,PHX,AZ,AWP,CE,Towers with Radar,1040,83,40,4,1167,0,11,25,0,36,1040,94,65,4,1203,0,0,0,1203
08/25/2023,PHX,AZ,AWP,CE,Towers with Radar,1036,87,32,6,1161,0,14,29,0,43,1036,101,61,6,1204,0,0,0,1204
08/26/2023,PHX,AZ,AWP,CE,Towers with Radar,986,56,13,2,1057,0,20,6,1,27,986,76,19,3,1084,0,0,0,1084
08/27/2023,PHX,AZ,AWP,CE,Towers with Radar,1012,64,34,6,1116,1,0,4,0,5,1013,64,38,6,1121,0,0,0,1121
08/28/2023,PHX,AZ,AWP,CE,Towers with Radar,1027,70,32,8,1137,0,17,18,0,35,1027,87,50,8,1172,0,0,0,1172
08/29/2023,PHX,AZ,AWP,CE,Towers with Radar,1012,78,22,5,1117,0,22,10,4,36,1012,100,32,9,1153,0,0,0,1153
08/30/2023,PHX,AZ,AWP,CE,Towers with Radar,1029,71,24,5,1129,0,17,16,3,36,1029,88,40,8,1165,0,0,0,1165
08/31/2023,PHX,AZ,AWP,CE,Towers with Radar,947,110,33,4,1094,0,16,15,0,31,947,126,48,4,1125,0,0,0,1125
