01/01/2000,PIA,IL,AGL,CE,Towers with Radar,9,18,5,0,32,0,4,44,0,48,9,22,49,0,80,42,0,42,122
01/02/2000,PIA,IL,AGL,CE,Towers with Radar,11,23,13,2,49,5,0,0,0,5,16,23,13,2,54,0,0,0,54
01/03/2000,PIA,IL,AGL,CE,Towers with Radar,11,37,19,1,68,0,8,1,0,9,11,45,20,1,77,0,0,0,77
01/04/2000,PIA,IL,AGL,CE,Towers with Radar,31,66,10,1,108,0,1,9,3,13,31,67,19,4,121,0,6,6,127
01/05/2000,PIA,IL,AGL,CE,Towers with Radar,30,63,18,15,126,0,0,17,13,30,30,63,35,28,156,36,44,80,236
01/06/2000,PIA,IL,AGL,CE,Towers with Radar,31,62,35,18,146,0,4,34,12,50,31,66,69,30,196,34,18,52,248
01/07/2000,PIA,IL,AGL,CE,Towers with Radar,29,65,39,15,148,0,3,39,17,59,29,68,78,32,207,6,26,32,239
01/08/2000,PIA,IL,AGL,CE,Towers with Radar,29,39,13,19,100,0,0,46,13,59,29,39,59,32,159,30,20,50,209
01/09/2000,PIA,IL,AGL,CE,Towers with Radar,8,24,8,3,43,0,0,1,0,1,8,24,9,3,44,0,0,0,44
01/10/2000,PIA,IL,AGL,CE,Towers with Radar,9,55,20,11,95,0,2,20,3,25,9,57,40,14,120,12,0,12,132
01/11/2000,PIA,IL,AGL,CE,Towers with Radar,26,62,35,15,138,0,0,26,13,39,26,62,61,28,177,30,16,46,223
01/12/2000,PIA,IL,AGL,CE,Towers with Radar,30,58,37,7,132,0,4,26,3,33,30,62,63,10,165,8,0,8,173
01/13/2000,PIA,IL,AGL,CE,Towers with Radar,23,61,48,25,157,0,2,20,17,39,23,63,68,42,196,4,26,30,226
01/14/2000,PIA,IL,AGL,CE,Towers with Radar,24,64,24,1,113,0,3,43,1,47,24,67,67,2,160,12,0,12,172
01/15/2000,PIA,IL,AGL,CE,Towers with Radar,22,54,28,2,106,0,9,56,0,65,22,63,84,2,171,70,0,70,241
01/16/2000,PIA,IL,AGL,CE,Towers with Radar,8,29,27,0,64,0,0,54,0,54,8,29,81,0,118,22,0,22,140
01/17/2000,PIA,IL,AGL,CE,Towers with Radar,8,28,17,0,53,0,0,4,0,4,8,28,21,0,57,0,0,0,57
01/18/2000,PIA,IL,AGL,CE,Towers with Radar,26,55,41,28,150,0,1,15,8,24,26,56,56,36,174,28,18,46,220
01/19/2000,PIA,IL,AGL,CE,Towers with Radar,26,40,26,5,97,0,0,20,1,21,26,40,46,6,118,2,0,2,120
01/20/2000,PIA,IL,AGL,CE,Towers with Radar,22,47,21,13,103,0,1,25,5,31,22,48,46,18,134,4,18,22,156
01/21/2000,PIA,IL,AGL,CE,Towers with Radar,30,64,33,9,136,0,4,25,13,42,30,68,58,22,178,14,2,16,194
01/22/2000,PIA,IL,AGL,CE,Towers with Radar,17,43,13,10,83,2,4,0,50,56,19,47,13,60,139,0,0,0,139
01/23/2000,PIA,IL,AGL,CE,Towers with Radar,7,25,14,8,54,0,0,27,9,36,7,25,41,17,90,52,0,52,142
01/24/2000,PIA,IL,AGL,CE,Towers with Radar,10,43,17,13,83,0,3,33,8,44,10,46,50,21,127,16,10,26,153
01/25/2000,PIA,IL,AGL,CE,Towers with Radar,24,71,24,10,129,0,0,25,19,44,24,71,49,29,173,28,40,68,241
01/26/2000,PIA,IL,AGL,CE,Towers with Radar,25,54,42,47,168,0,0,31,28,59,25,54,73,75,227,12,24,36,263
01/27/2000,PIA,IL,AGL,CE,Towers with Radar,33,63,51,7,154,0,1,40,47,88,33,64,91,54,242,30,26,56,298
01/28/2000,PIA,IL,AGL,CE,Towers with Radar,28,66,37,10,141,0,2,30,2,34,28,68,67,12,175,24,0,24,199
01/29/2000,PIA,IL,AGL,CE,Towers with Radar,17,36,17,3,73,0,0,6,0,6,17,36,23,3,79,36,0,36,115
01/30/2000,PIA,IL,AGL,CE,Towers with Radar,8,25,24,2,59,0,0,1,0,1,8,25,25,2,60,8,0,8,68
01/31/2000,PIA,IL,AGL,CE,Towers with Radar,12,51,26,7,96,0,1,31,24,56,12,52,57,31,152,40,48,88,240
02/01/2000,PIA,IL,AGL,CE,Towers with Radar,27,70,40,3,140,1,3,46,38,88,28,73,86,41,228,64,18,82,310
02/02/2000,PIA,IL,AGL,CE,Towers with Radar,52,63,50,1,166,0,1,17,1,19,52,64,67,2,185,10,0,10,195
02/03/2000,PIA,IL,AGL,CE,Towers with Radar,22,65,46,12,145,0,1,38,7,46,22,66,84,19,191,56,6,62,253
02/04/2000,PIA,IL,AGL,CE,Towers with Radar,29,69,37,19,154,2,1,8,10,21,31,70,45,29,175,0,4,4,179
02/05/2000,PIA,IL,AGL,CE,Towers with Radar,21,47,15,6,89,0,1,34,12,47,21,48,49,18,136,40,6,46,182
02/06/2000,PIA,IL,AGL,CE,Towers with Radar,18,21,21,16,76,0,1,41,8,50,18,22,62,24,126,44,0,44,170
02/07/2000,PIA,IL,AGL,CE,Towers with Radar,12,54,49,49,164,0,4,15,14,33,12,58,64,63,197,26,16,42,239
02/08/2000,PIA,IL,AGL,CE,Towers with Radar,28,73,48,12,161,0,2,2,13,17,28,75,50,25,178,2,10,12,190
02/09/2000,PIA,IL,AGL,CE,Towers with Radar,22,73,47,35,177,0,14,50,37,101,22,87,97,72,278,106,42,148,426
02/10/2000,PIA,IL,AGL,CE,Towers with Radar,22,78,41,36,177,0,4,2,21,27,22,82,43,57,204,0,10,10,214
02/11/2000,PIA,IL,AGL,CE,Towers with Radar,30,70,55,10,165,0,2,32,7,41,30,72,87,17,206,66,2,68,274
02/12/2000,PIA,IL,AGL,CE,Towers with Radar,19,51,32,11,113,9,1,68,13,91,28,52,100,24,204,94,4,98,302
02/13/2000,PIA,IL,AGL,CE,Towers with Radar,10,23,5,3,41,0,1,0,0,1,10,24,5,3,42,0,0,0,42
02/14/2000,PIA,IL,AGL,CE,Towers with Radar,9,56,33,20,118,0,12,3,17,32,9,68,36,37,150,0,20,20,170
02/15/2000,PIA,IL,AGL,CE,Towers with Radar,29,60,39,6,134,0,2,24,17,43,29,62,63,23,177,4,4,8,185
02/16/2000,PIA,IL,AGL,CE,Towers with Radar,22,70,35,43,170,0,2,28,46,76,22,72,63,89,246,20,78,98,344
02/17/2000,PIA,IL,AGL,CE,Towers with Radar,23,65,35,18,141,0,5,18,22,45,23,70,53,40,186,24,20,44,230
02/18/2000,PIA,IL,AGL,CE,Towers with Radar,29,27,26,1,83,0,0,1,0,1,29,27,27,1,84,0,0,0,84
02/19/2000,PIA,IL,AGL,CE,Towers with Radar,19,42,32,0,93,0,0,21,0,21,19,42,53,0,114,46,0,46,160
02/20/2000,PIA,IL,AGL,CE,Towers with Radar,6,31,23,0,60,0,0,72,0,72,6,31,95,0,132,74,0,74,206
02/21/2000,PIA,IL,AGL,CE,Towers with Radar,10,48,19,2,79,0,0,27,0,27,10,48,46,2,106,20,0,20,126
02/22/2000,PIA,IL,AGL,CE,Towers with Radar,29,73,50,21,173,0,8,45,1,54,29,81,95,22,227,88,24,112,339
02/23/2000,PIA,IL,AGL,CE,Towers with Radar,21,79,48,11,159,0,12,10,29,51,21,91,58,40,210,18,8,26,236
02/24/2000,PIA,IL,AGL,CE,Towers with Radar,21,77,39,28,165,0,2,10,35,47,21,79,49,63,212,2,18,20,232
02/25/2000,PIA,IL,AGL,CE,Towers with Radar,23,93,39,1,156,0,15,17,10,42,23,108,56,11,198,4,0,4,202
02/26/2000,PIA,IL,AGL,CE,Towers with Radar,17,53,20,0,90,0,0,13,0,13,17,53,33,0,103,6,0,6,109
02/27/2000,PIA,IL,AGL,CE,Towers with Radar,6,35,35,0,76,0,0,70,5,75,6,35,105,5,151,64,0,64,215
02/28/2000,PIA,IL,AGL,CE,Towers with Radar,7,56,35,12,110,0,2,58,10,70,7,58,93,22,180,14,18,32,212
02/29/2000,PIA,IL,AGL,CE,Towers with Radar,22,59,38,14,133,4,0,10,33,47,26,59,48,47,180,30,12,42,222
03/01/2000,PIA,IL,AGL,CE,Towers with Radar,24,60,49,12,145,5,0,30,32,67,29,60,79,44,212,24,24,48,260
03/02/2000,PIA,IL,AGL,CE,Towers with Radar,21,61,44,11,137,4,16,84,37,141,25,77,128,48,278,142,12,154,432
03/03/2000,PIA,IL,AGL,CE,Towers with Radar,22,64,45,11,142,5,24,22,9,60,27,88,67,20,202,20,0,20,222
03/04/2000,PIA,IL,AGL,CE,Towers with Radar,19,52,37,10,118,0,20,75,23,118,19,72,112,33,236,78,8,86,322
03/05/2000,PIA,IL,AGL,CE,Towers with Radar,11,21,23,3,58,5,0,69,0,74,16,21,92,3,132,0,0,0,132
03/06/2000,PIA,IL,AGL,CE,Towers with Radar,10,54,39,10,113,0,1,73,10,84,10,55,112,20,197,48,46,94,291
03/07/2000,PIA,IL,AGL,CE,Towers with Radar,23,66,47,12,148,3,11,38,7,59,26,77,85,19,207,62,0,62,269
03/08/2000,PIA,IL,AGL,CE,Towers with Radar,22,65,46,12,145,0,10,16,9,35,22,75,62,21,180,8,16,24,204
03/09/2000,PIA,IL,AGL,CE,Towers with Radar,25,71,42,13,151,3,37,0,7,47,28,108,42,20,198,10,0,10,208
03/10/2000,PIA,IL,AGL,CE,Towers with Radar,23,62,54,9,148,0,0,35,0,35,23,62,89,9,183,42,0,42,225
03/11/2000,PIA,IL,AGL,CE,Towers with Radar,17,37,35,9,98,15,0,76,11,102,32,37,111,20,200,34,6,40,240
03/12/2000,PIA,IL,AGL,CE,Towers with Radar,4,36,28,4,72,0,0,56,0,56,4,36,84,4,128,92,0,92,220
03/13/2000,PIA,IL,AGL,CE,Towers with Radar,13,54,42,12,121,0,0,18,34,52,13,54,60,46,173,16,22,38,211
03/14/2000,PIA,IL,AGL,CE,Towers with Radar,20,65,47,13,145,0,6,12,10,28,20,71,59,23,173,12,14,26,199
03/15/2000,PIA,IL,AGL,CE,Towers with Radar,23,70,50,14,157,0,18,36,31,85,23,88,86,45,242,74,18,92,334
03/16/2000,PIA,IL,AGL,CE,Towers with Radar,20,65,44,12,141,0,12,26,1,39,20,77,70,13,180,14,2,16,196
03/17/2000,PIA,IL,AGL,CE,Towers with Radar,23,72,50,14,159,2,12,49,2,65,25,84,99,16,224,38,2,40,264
03/18/2000,PIA,IL,AGL,CE,Towers with Radar,13,42,29,8,92,2,7,19,9,37,15,49,48,17,129,40,12,52,181
03/19/2000,PIA,IL,AGL,CE,Towers with Radar,4,34,26,6,70,0,0,11,0,11,4,34,37,6,81,0,0,0,81
03/20/2000,PIA,IL,AGL,CE,Towers with Radar,10,46,39,12,107,0,0,21,4,25,10,46,60,16,132,16,24,40,172
03/21/2000,PIA,IL,AGL,CE,Towers with Radar,25,67,54,11,157,5,0,34,0,39,30,67,88,11,196,90,6,96,292
03/22/2000,PIA,IL,AGL,CE,Towers with Radar,21,95,66,17,199,0,25,15,50,90,21,120,81,67,289,84,24,108,397
03/23/2000,PIA,IL,AGL,CE,Towers with Radar,27,83,57,15,182,2,7,66,40,115,29,90,123,55,297,86,2,88,385
03/24/2000,PIA,IL,AGL,CE,Towers with Radar,24,73,50,5,152,6,20,35,0,61,30,93,85,5,213,32,0,32,245
03/25/2000,PIA,IL,AGL,CE,Towers with Radar,12,46,31,8,97,0,28,63,7,98,12,74,94,15,195,76,12,88,283
03/26/2000,PIA,IL,AGL,CE,Towers with Radar,3,37,25,6,71,0,12,67,0,79,3,49,92,6,150,48,0,48,198
03/27/2000,PIA,IL,AGL,CE,Towers with Radar,8,53,36,10,107,0,0,32,34,66,8,53,68,44,173,30,42,72,245
03/28/2000,PIA,IL,AGL,CE,Towers with Radar,24,73,51,2,150,8,0,39,0,47,32,73,90,2,197,88,0,88,285
03/29/2000,PIA,IL,AGL,CE,Towers with Radar,23,69,48,12,152,3,24,76,12,115,26,93,124,24,267,86,16,102,369
03/30/2000,PIA,IL,AGL,CE,Towers with Radar,21,66,46,12,145,7,18,96,3,124,28,84,142,15,269,56,0,56,325
03/31/2000,PIA,IL,AGL,CE,Towers with Radar,21,58,46,12,137,6,0,76,21,103,27,58,122,33,240,66,18,84,324
04/01/2000,PIA,IL,AGL,CE,Towers with Radar,16,49,34,8,107,3,0,66,15,84,19,49,100,23,191,92,24,116,307
04/02/2000,PIA,IL,AGL,CE,Towers with Radar,8,38,34,8,88,0,0,34,30,64,8,38,68,38,152,118,12,130,282
04/03/2000,PIA,IL,AGL,CE,Towers with Radar,4,56,38,9,107,0,6,22,8,36,4,62,60,17,143,12,10,22,165
04/04/2000,PIA,IL,AGL,CE,Towers with Radar,20,65,44,11,140,0,9,5,7,21,20,74,49,18,161,66,2,68,229
04/05/2000,PIA,IL,AGL,CE,Towers with Radar,21,63,43,10,137,6,14,38,0,58,27,77,81,10,195,34,0,34,229
04/06/2000,PIA,IL,AGL,CE,Towers with Radar,20,65,45,11,141,2,10,38,0,50,22,75,83,11,191,46,0,46,237
04/07/2000,PIA,IL,AGL,CE,Towers with Radar,17,51,32,8,108,12,9,0,0,21,29,60,32,8,129,0,0,0,129
04/08/2000,PIA,IL,AGL,CE,Towers with Radar,13,40,27,4,84,11,12,16,0,39,24,52,43,4,123,38,2,40,163
04/09/2000,PIA,IL,AGL,CE,Towers with Radar,9,32,22,6,69,0,0,64,9,73,9,32,86,15,142,120,0,120,262
04/10/2000,PIA,IL,AGL,CE,Towers with Radar,12,51,39,11,113,0,0,62,22,84,12,51,101,33,197,8,6,14,211
04/11/2000,PIA,IL,AGL,CE,Towers with Radar,26,104,55,14,199,0,3,21,2,26,26,107,76,16,225,40,4,44,269
04/12/2000,PIA,IL,AGL,CE,Towers with Radar,12,59,56,13,140,0,11,86,24,121,12,70,142,37,261,64,40,104,365
04/13/2000,PIA,IL,AGL,CE,Towers with Radar,24,67,59,4,154,0,10,81,14,105,24,77,140,18,259,0,0,0,259
04/14/2000,PIA,IL,AGL,CE,Towers with Radar,24,59,43,39,165,0,12,60,19,91,24,71,103,58,256,28,32,60,316
04/15/2000,PIA,IL,AGL,CE,Towers with Radar,15,48,32,2,97,0,17,66,3,86,15,65,98,5,183,86,0,86,269
04/16/2000,PIA,IL,AGL,CE,Towers with Radar,5,31,42,4,82,0,0,12,0,12,5,31,54,4,94,40,0,40,134
04/17/2000,PIA,IL,AGL,CE,Towers with Radar,9,55,53,3,120,0,0,8,0,8,9,55,61,3,128,24,0,24,152
04/18/2000,PIA,IL,AGL,CE,Towers with Radar,31,82,62,47,222,0,1,25,13,39,31,83,87,60,261,0,0,0,261
04/19/2000,PIA,IL,AGL,CE,Towers with Radar,20,69,47,13,149,2,1,17,2,22,22,70,64,15,171,2,18,20,191
04/20/2000,PIA,IL,AGL,CE,Towers with Radar,18,48,38,4,108,0,0,10,2,12,18,48,48,6,120,4,0,4,124
04/21/2000,PIA,IL,AGL,CE,Towers with Radar,23,72,30,1,126,0,0,38,0,38,23,72,68,1,164,24,0,24,188
04/22/2000,PIA,IL,AGL,CE,Towers with Radar,18,53,34,0,105,0,2,128,1,131,18,55,162,1,236,122,2,124,360
04/23/2000,PIA,IL,AGL,CE,Towers with Radar,7,36,27,0,70,0,0,49,0,49,7,36,76,0,119,86,0,86,205
04/24/2000,PIA,IL,AGL,CE,Towers with Radar,8,57,70,37,172,0,2,55,31,88,8,59,125,68,260,48,56,104,364
04/25/2000,PIA,IL,AGL,CE,Towers with Radar,24,63,49,28,164,0,9,75,38,122,24,72,124,66,286,68,54,122,408
04/26/2000,PIA,IL,AGL,CE,Towers with Radar,23,73,54,29,179,0,26,92,20,138,23,99,146,49,317,120,28,148,465
04/27/2000,PIA,IL,AGL,CE,Towers with Radar,22,61,47,4,134,0,15,50,11,76,22,76,97,15,210,48,18,66,276
04/28/2000,PIA,IL,AGL,CE,Towers with Radar,23,66,31,4,124,0,6,64,3,73,23,72,95,7,197,88,0,88,285
04/29/2000,PIA,IL,AGL,CE,Towers with Radar,17,49,32,0,98,0,0,76,2,78,17,49,108,2,176,110,0,110,286
04/30/2000,PIA,IL,AGL,CE,Towers with Radar,9,31,38,1,79,0,0,96,5,101,9,31,134,6,180,90,8,98,278
05/01/2000,PIA,IL,AGL,CE,Towers with Radar,10,45,49,3,107,0,5,12,0,17,10,50,61,3,124,6,0,6,130
05/02/2000,PIA,IL,AGL,CE,Towers with Radar,20,56,37,9,122,0,2,62,10,74,20,58,99,19,196,110,8,118,314
05/03/2000,PIA,IL,AGL,CE,Towers with Radar,27,71,51,27,176,0,14,62,18,94,27,85,113,45,270,46,30,76,346
05/04/2000,PIA,IL,AGL,CE,Towers with Radar,29,66,60,12,167,0,5,41,30,76,29,71,101,42,243,36,12,48,291
05/05/2000,PIA,IL,AGL,CE,Towers with Radar,24,57,50,10,141,0,6,46,10,62,24,63,96,20,203,28,24,52,255
05/06/2000,PIA,IL,AGL,CE,Towers with Radar,19,43,9,3,74,0,0,37,32,69,19,43,46,35,143,22,0,22,165
05/07/2000,PIA,IL,AGL,CE,Towers with Radar,7,31,35,12,85,0,0,37,26,63,7,31,72,38,148,70,0,70,218
05/08/2000,PIA,IL,AGL,CE,Towers with Radar,11,54,31,7,103,0,0,22,43,65,11,54,53,50,168,24,40,64,232
05/09/2000,PIA,IL,AGL,CE,Towers with Radar,26,60,42,0,128,0,0,5,2,7,26,60,47,2,135,0,0,0,135
05/10/2000,PIA,IL,AGL,CE,Towers with Radar,27,60,58,14,159,0,7,60,26,93,27,67,118,40,252,40,2,42,294
05/11/2000,PIA,IL,AGL,CE,Towers with Radar,28,51,54,6,139,0,8,23,3,34,28,59,77,9,173,2,0,2,175
05/12/2000,PIA,IL,AGL,CE,Towers with Radar,20,63,48,9,140,0,1,9,0,10,20,64,57,9,150,8,8,16,166
05/13/2000,PIA,IL,AGL,CE,Towers with Radar,13,36,35,6,90,3,5,23,0,31,16,41,58,6,121,16,0,16,137
05/14/2000,PIA,IL,AGL,CE,Towers with Radar,9,33,16,4,62,0,0,54,0,54,9,33,70,4,116,34,0,34,150
05/15/2000,PIA,IL,AGL,CE,Towers with Radar,9,41,59,17,126,0,1,57,8,66,9,42,116,25,192,50,58,108,300
05/16/2000,PIA,IL,AGL,CE,Towers with Radar,25,62,65,36,188,0,1,33,30,64,25,63,98,66,252,70,32,102,354
05/17/2000,PIA,IL,AGL,CE,Towers with Radar,25,59,58,8,150,0,3,26,14,43,25,62,84,22,193,74,0,74,267
05/18/2000,PIA,IL,AGL,CE,Towers with Radar,30,54,52,4,140,0,3,35,3,41,30,57,87,7,181,88,0,88,269
05/19/2000,PIA,IL,AGL,CE,Towers with Radar,30,80,82,13,205,0,0,14,13,27,30,80,96,26,232,66,2,68,300
05/20/2000,PIA,IL,AGL,CE,Towers with Radar,20,51,104,13,188,0,16,198,8,222,20,67,302,21,410,154,12,166,576
05/21/2000,PIA,IL,AGL,CE,Towers with Radar,10,32,128,3,173,0,0,109,9,118,10,32,237,12,291,90,0,90,381
05/22/2000,PIA,IL,AGL,CE,Towers with Radar,12,36,58,45,151,0,0,49,13,62,12,36,107,58,213,40,54,94,307
05/23/2000,PIA,IL,AGL,CE,Towers with Radar,24,60,83,11,178,0,2,48,24,74,24,62,131,35,252,60,42,102,354
05/24/2000,PIA,IL,AGL,CE,Towers with Radar,31,73,50,8,162,0,32,53,3,88,31,105,103,11,250,44,0,44,294
05/25/2000,PIA,IL,AGL,CE,Towers with Radar,25,65,38,9,137,0,2,94,23,119,25,67,132,32,256,80,26,106,362
05/26/2000,PIA,IL,AGL,CE,Towers with Radar,24,24,47,4,99,0,0,31,3,34,24,24,78,7,133,20,0,20,153
05/27/2000,PIA,IL,AGL,CE,Towers with Radar,30,31,35,1,97,0,4,12,0,16,30,35,47,1,113,20,0,20,133
05/28/2000,PIA,IL,AGL,CE,Towers with Radar,6,37,28,12,83,0,1,6,0,7,6,38,34,12,90,0,0,0,90
05/29/2000,PIA,IL,AGL,CE,Towers with Radar,8,39,40,2,89,0,0,65,0,65,8,39,105,2,154,58,0,58,212
05/30/2000,PIA,IL,AGL,CE,Towers with Radar,9,49,36,7,101,0,1,35,6,42,9,50,71,13,143,66,14,80,223
05/31/2000,PIA,IL,AGL,CE,Towers with Radar,19,56,44,13,132,0,1,26,11,38,19,57,70,24,170,38,16,54,224
06/01/2000,PIA,IL,AGL,CE,Towers with Radar,23,74,66,24,187,0,33,64,19,116,23,107,130,43,303,82,20,102,405
06/02/2000,PIA,IL,AGL,CE,Towers with Radar,23,60,66,27,176,0,1,58,13,72,23,61,124,40,248,50,26,76,324
06/03/2000,PIA,IL,AGL,CE,Towers with Radar,18,56,35,18,127,0,13,114,23,150,18,69,149,41,277,166,58,224,501
06/04/2000,PIA,IL,AGL,CE,Towers with Radar,11,34,45,7,97,0,0,22,21,43,11,34,67,28,140,34,36,70,210
06/05/2000,PIA,IL,AGL,CE,Towers with Radar,13,55,64,20,152,0,1,35,25,61,13,56,99,45,213,36,24,60,273
06/06/2000,PIA,IL,AGL,CE,Towers with Radar,24,88,44,13,169,0,3,97,44,144,24,91,141,57,313,74,8,82,395
06/07/2000,PIA,IL,AGL,CE,Towers with Radar,37,74,52,25,188,7,3,79,22,111,44,77,131,47,299,70,20,90,389
06/08/2000,PIA,IL,AGL,CE,Towers with Radar,23,70,35,22,150,0,3,73,20,96,23,73,108,42,246,124,68,192,438
06/09/2000,PIA,IL,AGL,CE,Towers with Radar,24,72,39,1,136,0,0,79,3,82,24,72,118,4,218,88,0,88,306
06/10/2000,PIA,IL,AGL,CE,Towers with Radar,16,44,33,3,96,2,11,55,0,68,18,55,88,3,164,46,0,46,210
06/11/2000,PIA,IL,AGL,CE,Towers with Radar,5,38,29,7,79,0,0,4,0,4,5,38,33,7,83,0,0,0,83
06/12/2000,PIA,IL,AGL,CE,Towers with Radar,14,52,45,14,125,0,0,25,6,31,14,52,70,20,156,0,0,0,156
06/13/2000,PIA,IL,AGL,CE,Towers with Radar,23,57,38,8,126,0,22,23,19,64,23,79,61,27,190,70,26,96,286
06/14/2000,PIA,IL,AGL,CE,Towers with Radar,21,57,40,4,122,0,0,25,12,37,21,57,65,16,159,18,2,20,179
06/15/2000,PIA,IL,AGL,CE,Towers with Radar,26,63,44,7,140,0,4,77,8,89,26,67,121,15,229,92,0,92,321
06/16/2000,PIA,IL,AGL,CE,Towers with Radar,26,64,28,5,123,0,5,42,5,52,26,69,70,10,175,44,0,44,219
06/17/2000,PIA,IL,AGL,CE,Towers with Radar,23,45,23,24,115,0,2,155,27,184,23,47,178,51,299,102,28,130,429
06/18/2000,PIA,IL,AGL,CE,Towers with Radar,7,37,27,3,74,0,0,68,10,78,7,37,95,13,152,100,0,100,252
06/19/2000,PIA,IL,AGL,CE,Towers with Radar,6,55,37,11,109,0,1,62,19,82,6,56,99,30,191,110,30,140,331
06/20/2000,PIA,IL,AGL,CE,Towers with Radar,22,55,44,10,131,17,0,11,21,49,39,55,55,31,180,2,36,38,218
06/21/2000,PIA,IL,AGL,CE,Towers with Radar,26,66,55,10,157,0,0,48,16,64,26,66,103,26,221,40,2,42,263
06/22/2000,PIA,IL,AGL,CE,Towers with Radar,28,63,67,8,166,0,1,72,3,76,28,64,139,11,242,88,0,88,330
06/23/2000,PIA,IL,AGL,CE,Towers with Radar,26,67,55,4,152,0,8,50,4,62,26,75,105,8,214,48,0,48,262
06/24/2000,PIA,IL,AGL,CE,Towers with Radar,16,44,43,1,104,0,0,12,0,12,16,44,55,1,116,8,0,8,124
06/25/2000,PIA,IL,AGL,CE,Towers with Radar,6,35,39,4,84,0,0,87,2,89,6,35,126,6,173,84,2,86,259
06/26/2000,PIA,IL,AGL,CE,Towers with Radar,16,47,46,12,121,0,0,25,30,55,16,47,71,42,176,80,28,108,284
06/27/2000,PIA,IL,AGL,CE,Towers with Radar,28,65,43,12,148,0,1,47,10,58,28,66,90,22,206,92,6,98,304
06/28/2000,PIA,IL,AGL,CE,Towers with Radar,25,76,53,12,166,0,21,33,16,70,25,97,86,28,236,12,38,50,286
06/29/2000,PIA,IL,AGL,CE,Towers with Radar,26,69,58,2,155,0,1,65,15,81,26,70,123,17,236,92,0,92,328
06/30/2000,PIA,IL,AGL,CE,Towers with Radar,22,65,33,2,122,0,2,98,1,101,22,67,131,3,223,78,4,82,305
07/01/2000,PIA,IL,AGL,CE,Towers with Radar,15,42,33,0,90,3,6,52,0,61,18,48,85,0,151,122,0,122,273
07/02/2000,PIA,IL,AGL,CE,Towers with Radar,4,38,27,0,69,1,0,35,0,36,5,38,62,0,105,66,0,66,171
07/03/2000,PIA,IL,AGL,CE,Towers with Radar,4,46,32,0,82,1,0,23,0,24,5,46,55,0,106,52,0,52,158
07/04/2000,PIA,IL,AGL,CE,Towers with Radar,12,49,32,0,93,1,0,9,0,10,13,49,41,0,103,24,0,24,127
07/05/2000,PIA,IL,AGL,CE,Towers with Radar,15,52,40,7,114,0,8,19,7,34,15,60,59,14,148,28,16,44,192
07/06/2000,PIA,IL,AGL,CE,Towers with Radar,26,87,61,7,181,1,0,30,19,50,27,87,91,26,231,30,4,34,265
07/07/2000,PIA,IL,AGL,CE,Towers with Radar,24,70,38,2,134,1,1,47,8,57,25,71,85,10,191,112,0,112,303
07/08/2000,PIA,IL,AGL,CE,Towers with Radar,40,34,32,0,106,1,0,96,3,100,41,34,128,3,206,116,0,116,322
07/09/2000,PIA,IL,AGL,CE,Towers with Radar,6,38,26,4,74,1,2,58,7,68,7,40,84,11,142,26,0,26,168
07/10/2000,PIA,IL,AGL,CE,Towers with Radar,10,42,42,6,100,1,0,31,11,43,11,42,73,17,143,92,2,94,237
07/11/2000,PIA,IL,AGL,CE,Towers with Radar,26,71,57,21,175,6,0,7,10,23,32,71,64,31,198,42,6,48,246
07/12/2000,PIA,IL,AGL,CE,Towers with Radar,24,67,42,9,142,1,1,30,19,51,25,68,72,28,193,28,14,42,235
07/13/2000,PIA,IL,AGL,CE,Towers with Radar,25,66,45,10,146,1,1,73,2,77,26,67,118,12,223,96,0,96,319
07/14/2000,PIA,IL,AGL,CE,Towers with Radar,24,67,43,5,139,1,0,95,1,97,25,67,138,6,236,42,0,42,278
07/15/2000,PIA,IL,AGL,CE,Towers with Radar,29,34,24,1,88,1,0,87,1,89,30,34,111,2,177,112,0,112,289
07/16/2000,PIA,IL,AGL,CE,Towers with Radar,6,39,20,4,69,0,1,62,1,64,6,40,82,5,133,24,0,24,157
07/17/2000,PIA,IL,AGL,CE,Towers with Radar,12,51,29,6,98,0,1,30,17,48,12,52,59,23,146,52,46,98,244
07/18/2000,PIA,IL,AGL,CE,Towers with Radar,23,60,46,10,139,2,9,69,19,99,25,69,115,29,238,92,20,112,350
07/19/2000,PIA,IL,AGL,CE,Towers with Radar,30,67,74,26,197,0,0,43,26,69,30,67,117,52,266,20,54,74,340
07/20/2000,PIA,IL,AGL,CE,Towers with Radar,25,76,32,42,175,0,9,83,37,129,25,85,115,79,304,100,62,162,466
07/21/2000,PIA,IL,AGL,CE,Towers with Radar,26,65,46,9,146,0,11,86,16,113,26,76,132,25,259,100,2,102,361
07/22/2000,PIA,IL,AGL,CE,Towers with Radar,32,31,39,0,102,0,1,77,0,78,32,32,116,0,180,124,0,124,304
07/23/2000,PIA,IL,AGL,CE,Towers with Radar,21,21,42,3,87,0,0,90,2,92,21,21,132,5,179,70,0,70,249
07/24/2000,PIA,IL,AGL,CE,Towers with Radar,13,45,40,23,121,0,1,46,37,84,13,46,86,60,205,74,40,114,319
07/25/2000,PIA,IL,AGL,CE,Towers with Radar,26,68,57,21,172,0,2,27,13,42,26,70,84,34,214,50,28,78,292
07/26/2000,PIA,IL,AGL,CE,Towers with Radar,26,66,29,23,144,0,0,47,51,98,26,66,76,74,242,50,86,136,378
07/27/2000,PIA,IL,AGL,CE,Towers with Radar,28,66,36,11,141,0,0,47,22,69,28,66,83,33,210,36,20,56,266
07/28/2000,PIA,IL,AGL,CE,Towers with Radar,25,62,48,4,139,0,0,47,2,49,25,62,95,6,188,22,2,24,212
07/29/2000,PIA,IL,AGL,CE,Towers with Radar,20,45,58,14,137,0,0,35,1,36,20,45,93,15,173,52,2,54,227
07/30/2000,PIA,IL,AGL,CE,Towers with Radar,8,33,43,4,88,0,0,11,0,11,8,33,54,4,99,30,0,30,129
07/31/2000,PIA,IL,AGL,CE,Towers with Radar,9,54,49,11,123,0,2,36,11,49,9,56,85,22,172,30,2,32,204
08/01/2000,PIA,IL,AGL,CE,Towers with Radar,28,71,44,2,145,0,0,42,0,42,28,71,86,2,187,56,0,56,243
08/02/2000,PIA,IL,AGL,CE,Towers with Radar,24,63,61,18,166,0,0,79,20,99,24,63,140,38,265,52,18,70,335
08/03/2000,PIA,IL,AGL,CE,Towers with Radar,26,63,59,5,153,0,0,72,21,93,26,63,131,26,246,44,8,52,298
08/04/2000,PIA,IL,AGL,CE,Towers with Radar,23,71,55,8,157,0,19,58,5,82,23,90,113,13,239,40,2,42,281
08/05/2000,PIA,IL,AGL,CE,Towers with Radar,22,37,24,2,85,0,0,25,0,25,22,37,49,2,110,26,0,26,136
08/06/2000,PIA,IL,AGL,CE,Towers with Radar,8,32,38,22,100,0,0,25,12,37,8,32,63,34,137,30,24,54,191
08/07/2000,PIA,IL,AGL,CE,Towers with Radar,10,56,56,10,132,0,0,74,6,80,10,56,130,16,212,60,16,76,288
08/08/2000,PIA,IL,AGL,CE,Towers with Radar,24,67,53,8,152,15,0,39,20,74,39,67,92,28,226,64,20,84,310
08/09/2000,PIA,IL,AGL,CE,Towers with Radar,19,86,58,7,170,0,16,63,22,101,19,102,121,29,271,32,36,68,339
08/10/2000,PIA,IL,AGL,CE,Towers with Radar,29,67,48,8,152,0,0,67,9,76,29,67,115,17,228,52,2,54,282
08/11/2000,PIA,IL,AGL,CE,Towers with Radar,27,68,64,5,164,0,0,93,0,93,27,68,157,5,257,60,38,98,355
08/12/2000,PIA,IL,AGL,CE,Towers with Radar,19,52,21,3,95,0,10,69,3,82,19,62,90,6,177,54,6,60,237
08/13/2000,PIA,IL,AGL,CE,Towers with Radar,8,40,45,2,95,0,0,44,0,44,8,40,89,2,139,36,0,36,175
08/14/2000,PIA,IL,AGL,CE,Towers with Radar,8,52,41,3,104,0,0,56,4,60,8,52,97,7,164,48,0,48,212
08/15/2000,PIA,IL,AGL,CE,Towers with Radar,26,66,41,12,145,0,0,46,15,61,26,66,87,27,206,26,8,34,240
08/16/2000,PIA,IL,AGL,CE,Towers with Radar,26,70,57,5,158,0,0,52,11,63,26,70,109,16,221,8,10,18,239
08/17/2000,PIA,IL,AGL,CE,Towers with Radar,29,65,42,3,139,0,0,29,18,47,29,65,71,21,186,4,8,12,198
08/18/2000,PIA,IL,AGL,CE,Towers with Radar,22,73,66,1,162,0,1,80,1,82,22,74,146,2,244,22,0,22,266
08/19/2000,PIA,IL,AGL,CE,Towers with Radar,15,47,36,5,103,3,17,58,14,92,18,64,94,19,195,90,0,90,285
08/20/2000,PIA,IL,AGL,CE,Towers with Radar,2,42,49,1,94,0,1,55,4,60,2,43,104,5,154,72,0,72,226
08/21/2000,PIA,IL,AGL,CE,Towers with Radar,6,58,35,16,115,0,3,46,5,54,6,61,81,21,169,12,10,22,191
08/22/2000,PIA,IL,AGL,CE,Towers with Radar,24,67,26,0,117,0,0,30,3,33,24,67,56,3,150,30,0,30,180
08/23/2000,PIA,IL,AGL,CE,Towers with Radar,23,68,22,14,127,0,0,32,12,44,23,68,54,26,171,18,0,18,189
08/24/2000,PIA,IL,AGL,CE,Towers with Radar,31,68,58,5,162,0,0,30,10,40,31,68,88,15,202,44,0,44,246
08/25/2000,PIA,IL,AGL,CE,Towers with Radar,20,72,41,13,146,0,15,59,4,78,20,87,100,17,224,44,22,66,290
08/26/2000,PIA,IL,AGL,CE,Towers with Radar,30,42,57,10,139,0,3,27,0,30,30,45,84,10,169,52,0,52,221
08/27/2000,PIA,IL,AGL,CE,Towers with Radar,6,38,37,3,84,0,0,13,2,15,6,38,50,5,99,22,0,22,121
08/28/2000,PIA,IL,AGL,CE,Towers with Radar,10,48,43,4,105,0,0,28,10,38,10,48,71,14,143,28,6,34,177
08/29/2000,PIA,IL,AGL,CE,Towers with Radar,22,67,55,31,175,0,0,31,11,42,22,67,86,42,217,48,22,70,287
08/30/2000,PIA,IL,AGL,CE,Towers with Radar,24,68,68,8,168,0,0,8,4,12,24,68,76,12,180,32,4,36,216
08/31/2000,PIA,IL,AGL,CE,Towers with Radar,23,78,65,5,171,0,0,74,27,101,23,78,139,32,272,58,12,70,342
09/01/2000,PIA,IL,AGL,CE,Towers with Radar,21,74,46,1,142,0,1,49,1,51,21,75,95,2,193,78,0,78,271
09/02/2000,PIA,IL,AGL,CE,Towers with Radar,14,45,27,0,86,0,1,77,0,78,14,46,104,0,164,114,0,114,278
09/03/2000,PIA,IL,AGL,CE,Towers with Radar,4,29,63,0,96,0,3,24,0,27,4,32,87,0,123,36,0,36,159
09/04/2000,PIA,IL,AGL,CE,Towers with Radar,7,39,31,0,77,0,1,21,0,22,7,40,52,0,99,0,0,0,99
09/05/2000,PIA,IL,AGL,CE,Towers with Radar,8,63,73,15,159,0,1,57,11,69,8,64,130,26,228,50,16,66,294
09/06/2000,PIA,IL,AGL,CE,Towers with Radar,24,80,56,16,176,0,5,54,40,99,24,85,110,56,275,16,40,56,331
09/07/2000,PIA,IL,AGL,CE,Towers with Radar,21,85,59,14,179,0,5,58,30,93,21,90,117,44,272,64,2,66,338
09/08/2000,PIA,IL,AGL,CE,Towers with Radar,22,70,74,28,194,3,0,86,67,156,25,70,160,95,350,30,30,60,410
09/09/2000,PIA,IL,AGL,CE,Towers with Radar,35,48,39,8,130,0,24,31,7,62,35,72,70,15,192,20,0,20,212
09/10/2000,PIA,IL,AGL,CE,Towers with Radar,5,42,45,10,102,0,24,29,5,58,5,66,74,15,160,40,0,40,200
09/11/2000,PIA,IL,AGL,CE,Towers with Radar,23,51,56,18,148,0,1,24,9,34,23,52,80,27,182,28,24,52,234
09/12/2000,PIA,IL,AGL,CE,Towers with Radar,19,30,61,2,112,0,20,72,10,102,19,50,133,12,214,76,0,76,290
09/13/2000,PIA,IL,AGL,CE,Towers with Radar,23,86,45,6,160,0,19,69,12,100,23,105,114,18,260,52,14,66,326
09/14/2000,PIA,IL,AGL,CE,Towers with Radar,27,85,59,25,196,0,20,37,19,76,27,105,96,44,272,20,84,104,376
09/15/2000,PIA,IL,AGL,CE,Towers with Radar,21,80,40,2,143,0,10,58,9,77,21,90,98,11,220,40,0,40,260
09/16/2000,PIA,IL,AGL,CE,Towers with Radar,17,57,62,9,145,0,7,113,4,124,17,64,175,13,269,96,14,110,379
09/17/2000,PIA,IL,AGL,CE,Towers with Radar,6,48,51,0,105,0,0,66,2,68,6,48,117,2,173,30,0,30,203
09/18/2000,PIA,IL,AGL,CE,Towers with Radar,10,65,36,6,117,0,0,52,47,99,10,65,88,53,216,20,0,20,236
09/19/2000,PIA,IL,AGL,CE,Towers with Radar,21,75,39,0,135,0,0,23,15,38,21,75,62,15,173,42,0,42,215
09/20/2000,PIA,IL,AGL,CE,Towers with Radar,20,65,57,6,148,0,0,0,0,0,20,65,57,6,148,10,0,10,158
09/21/2000,PIA,IL,AGL,CE,Towers with Radar,22,71,60,7,160,5,0,103,3,111,27,71,163,10,271,162,0,162,433
09/22/2000,PIA,IL,AGL,CE,Towers with Radar,26,66,50,1,143,0,0,44,1,45,26,66,94,2,188,52,0,52,240
09/23/2000,PIA,IL,AGL,CE,Towers with Radar,13,63,37,0,113,0,0,1,0,1,13,63,38,0,114,0,0,0,114
09/24/2000,PIA,IL,AGL,CE,Towers with Radar,5,43,45,6,99,0,0,7,2,9,5,43,52,8,108,26,0,26,134
09/25/2000,PIA,IL,AGL,CE,Towers with Radar,16,54,31,0,101,0,0,29,3,32,16,54,60,3,133,34,4,38,171
09/26/2000,PIA,IL,AGL,CE,Towers with Radar,26,79,44,4,153,0,1,66,6,73,26,80,110,10,226,38,4,42,268
09/27/2000,PIA,IL,AGL,CE,Towers with Radar,25,75,40,19,159,0,7,56,7,70,25,82,96,26,229,34,10,44,273
09/28/2000,PIA,IL,AGL,CE,Towers with Radar,20,70,54,2,146,5,2,58,0,65,25,72,112,2,211,38,0,38,249
09/29/2000,PIA,IL,AGL,CE,Towers with Radar,19,66,51,2,138,0,5,53,0,58,19,71,104,2,196,16,0,16,212
09/30/2000,PIA,IL,AGL,CE,Towers with Radar,20,55,26,0,101,0,3,54,0,57,20,58,80,0,158,38,0,38,196
10/01/2000,PIA,IL,AGL,CE,Towers with Radar,5,53,28,0,86,1,2,44,1,48,6,55,72,1,134,14,0,14,148
10/02/2000,PIA,IL,AGL,CE,Towers with Radar,7,57,23,0,87,1,0,39,0,40,8,57,62,0,127,14,0,14,141
10/03/2000,PIA,IL,AGL,CE,Towers with Radar,19,70,59,7,155,1,7,46,2,56,20,77,105,9,211,16,8,24,235
10/04/2000,PIA,IL,AGL,CE,Towers with Radar,17,65,53,4,139,1,0,16,1,18,18,65,69,5,157,26,8,34,191
10/05/2000,PIA,IL,AGL,CE,Towers with Radar,20,66,59,10,155,1,1,2,22,26,21,67,61,32,181,0,0,0,181
10/06/2000,PIA,IL,AGL,CE,Towers with Radar,21,71,44,0,136,1,0,36,0,37,22,71,80,0,173,38,0,38,211
10/07/2000,PIA,IL,AGL,CE,Towers with Radar,15,48,36,0,99,1,0,40,2,43,16,48,76,2,142,70,0,70,212
10/08/2000,PIA,IL,AGL,CE,Towers with Radar,6,39,25,3,73,0,9,22,0,31,6,48,47,3,104,20,0,20,124
10/09/2000,PIA,IL,AGL,CE,Towers with Radar,11,51,40,0,102,1,0,60,0,61,12,51,100,0,163,30,0,30,193
10/10/2000,PIA,IL,AGL,CE,Towers with Radar,19,74,43,7,143,1,5,74,29,109,20,79,117,36,252,20,28,48,300
10/11/2000,PIA,IL,AGL,CE,Towers with Radar,18,77,49,10,154,1,6,63,12,82,19,83,112,22,236,36,60,96,332
10/12/2000,PIA,IL,AGL,CE,Towers with Radar,20,83,54,12,169,2,13,75,31,121,22,96,129,43,290,58,24,82,372
10/13/2000,PIA,IL,AGL,CE,Towers with Radar,21,81,36,10,148,0,0,54,13,67,21,81,90,23,215,22,14,36,251
10/14/2000,PIA,IL,AGL,CE,Towers with Radar,18,55,20,1,94,0,1,48,12,61,18,56,68,13,155,46,16,62,217
10/15/2000,PIA,IL,AGL,CE,Towers with Radar,10,39,36,12,97,0,0,26,15,41,10,39,62,27,138,34,20,54,192
10/16/2000,PIA,IL,AGL,CE,Towers with Radar,8,61,53,25,147,0,0,1,0,1,8,61,54,25,148,0,8,8,156
10/17/2000,PIA,IL,AGL,CE,Towers with Radar,18,49,42,28,137,0,0,27,9,36,18,49,69,37,173,40,34,74,247
10/18/2000,PIA,IL,AGL,CE,Towers with Radar,24,70,69,19,182,0,5,56,17,78,24,75,125,36,260,56,12,68,328
10/19/2000,PIA,IL,AGL,CE,Towers with Radar,20,72,60,32,184,0,3,65,15,83,20,75,125,47,267,52,26,78,345
10/20/2000,PIA,IL,AGL,CE,Towers with Radar,26,72,43,17,158,0,14,53,14,81,26,86,96,31,239,16,30,46,285
10/21/2000,PIA,IL,AGL,CE,Towers with Radar,18,63,22,0,103,0,8,71,1,80,18,71,93,1,183,74,2,76,259
10/22/2000,PIA,IL,AGL,CE,Towers with Radar,4,52,37,2,95,0,0,24,0,24,4,52,61,2,119,14,0,14,133
10/23/2000,PIA,IL,AGL,CE,Towers with Radar,18,57,52,0,127,0,5,13,2,20,18,62,65,2,147,32,0,32,179
10/24/2000,PIA,IL,AGL,CE,Towers with Radar,21,75,62,15,173,0,0,14,14,28,21,75,76,29,201,28,6,34,235
10/25/2000,PIA,IL,AGL,CE,Towers with Radar,19,68,43,19,149,0,0,10,13,23,19,68,53,32,172,4,40,44,216
10/26/2000,PIA,IL,AGL,CE,Towers with Radar,19,74,38,17,148,7,0,28,26,61,26,74,66,43,209,52,5,57,266
10/27/2000,PIA,IL,AGL,CE,Towers with Radar,21,82,47,2,152,0,11,46,5,62,21,93,93,7,214,58,0,58,272
10/28/2000,PIA,IL,AGL,CE,Towers with Radar,19,61,38,1,119,0,7,18,0,25,19,68,56,1,144,20,0,20,164
10/29/2000,PIA,IL,AGL,CE,Towers with Radar,3,46,29,2,80,0,0,74,4,78,3,46,103,6,158,88,0,88,246
10/30/2000,PIA,IL,AGL,CE,Towers with Radar,12,70,32,10,124,0,14,30,21,65,12,84,62,31,189,46,12,58,247
10/31/2000,PIA,IL,AGL,CE,Towers with Radar,16,81,53,35,185,0,10,43,6,59,16,91,96,41,244,44,14,58,302
11/01/2000,PIA,IL,AGL,CE,Towers with Radar,22,72,49,2,145,0,17,36,8,61,22,89,85,10,206,14,4,18,224
11/02/2000,PIA,IL,AGL,CE,Towers with Radar,22,90,48,5,165,0,7,49,21,77,22,97,97,26,242,14,12,26,268
11/03/2000,PIA,IL,AGL,CE,Towers with Radar,20,78,33,17,148,0,5,61,18,84,20,83,94,35,232,54,2,56,288
11/04/2000,PIA,IL,AGL,CE,Towers with Radar,16,58,31,37,142,0,2,67,28,97,16,60,98,65,239,14,46,60,299
11/05/2000,PIA,IL,AGL,CE,Towers with Radar,5,38,14,10,67,0,0,50,5,55,5,38,64,15,122,26,2,28,150
11/06/2000,PIA,IL,AGL,CE,Towers with Radar,9,53,27,2,91,0,0,1,1,2,9,53,28,3,93,0,0,0,93
11/07/2000,PIA,IL,AGL,CE,Towers with Radar,22,71,53,12,158,0,0,12,29,41,22,71,65,41,199,4,10,14,213
11/08/2000,PIA,IL,AGL,CE,Towers with Radar,18,83,52,21,174,0,18,32,6,56,18,101,84,27,230,30,40,70,300
11/09/2000,PIA,IL,AGL,CE,Towers with Radar,0,0,0,0,0,19,64,39,2,124,19,64,39,2,124,0,0,0,124
11/10/2000,PIA,IL,AGL,CE,Towers with Radar,21,101,42,0,164,0,1,22,1,24,21,102,64,1,188,68,0,68,256
11/11/2000,PIA,IL,AGL,CE,Towers with Radar,14,61,46,0,121,0,5,41,0,46,14,66,87,0,167,38,0,38,205
11/12/2000,PIA,IL,AGL,CE,Towers with Radar,3,46,23,0,72,0,0,43,2,45,3,46,66,2,117,82,2,84,201
11/13/2000,PIA,IL,AGL,CE,Towers with Radar,9,61,34,24,128,0,0,26,3,29,9,61,60,27,157,50,12,62,219
11/14/2000,PIA,IL,AGL,CE,Towers with Radar,16,81,43,34,174,0,2,7,7,16,16,83,50,41,190,0,22,22,212
11/15/2000,PIA,IL,AGL,CE,Towers with Radar,20,82,36,9,147,0,6,28,7,41,20,88,64,16,188,22,8,30,218
11/16/2000,PIA,IL,AGL,CE,Towers with Radar,20,78,50,0,148,0,8,7,4,19,20,86,57,4,167,0,4,4,171
11/17/2000,PIA,IL,AGL,CE,Towers with Radar,19,77,43,10,149,0,0,27,2,29,19,77,70,12,178,40,8,48,226
11/18/2000,PIA,IL,AGL,CE,Towers with Radar,18,68,18,5,109,0,8,51,2,61,18,76,69,7,170,0,0,0,170
11/19/2000,PIA,IL,AGL,CE,Towers with Radar,4,44,29,3,80,0,0,29,0,29,4,44,58,3,109,30,0,30,139
11/20/2000,PIA,IL,AGL,CE,Towers with Radar,11,57,49,8,125,0,1,11,13,25,11,58,60,21,150,0,46,46,196
11/21/2000,PIA,IL,AGL,CE,Towers with Radar,22,73,49,45,189,0,0,50,20,70,22,73,99,65,259,24,58,82,341
11/22/2000,PIA,IL,AGL,CE,Towers with Radar,20,81,23,16,140,0,0,63,17,80,20,81,86,33,220,18,26,44,264
11/23/2000,PIA,IL,AGL,CE,Towers with Radar,10,60,8,0,78,0,2,31,0,33,10,62,39,0,111,4,0,4,115
11/24/2000,PIA,IL,AGL,CE,Towers with Radar,9,43,23,3,78,1,5,63,0,69,10,48,86,3,147,46,2,48,195
11/25/2000,PIA,IL,AGL,CE,Towers with Radar,12,49,19,0,80,0,0,9,0,9,12,49,28,0,89,4,0,4,93
11/26/2000,PIA,IL,AGL,CE,Towers with Radar,4,47,43,0,94,0,0,40,0,40,4,47,83,0,134,42,0,42,176
11/27/2000,PIA,IL,AGL,CE,Towers with Radar,8,61,45,3,117,0,0,7,4,11,8,61,52,7,128,0,6,6,134
11/28/2000,PIA,IL,AGL,CE,Towers with Radar,20,78,48,10,156,0,3,38,40,81,20,81,86,50,237,30,18,48,285
11/29/2000,PIA,IL,AGL,CE,Towers with Radar,20,74,32,35,161,0,0,11,10,21,20,74,43,45,182,0,12,12,194
11/30/2000,PIA,IL,AGL,CE,Towers with Radar,19,90,49,15,173,0,7,13,30,50,19,97,62,45,223,34,8,42,265
12/01/2000,PIA,IL,AGL,CE,Towers with Radar,23,67,30,11,131,0,8,4,4,16,23,75,34,15,147,18,4,22,169
12/02/2000,PIA,IL,AGL,CE,Towers with Radar,14,52,27,7,100,12,4,24,21,61,26,56,51,28,161,88,0,88,249
12/03/2000,PIA,IL,AGL,CE,Towers with Radar,6,50,54,21,131,0,2,75,7,84,6,52,129,28,215,78,24,102,317
12/04/2000,PIA,IL,AGL,CE,Towers with Radar,5,63,37,4,109,0,10,23,7,40,5,73,60,11,149,4,4,8,157
12/05/2000,PIA,IL,AGL,CE,Towers with Radar,21,83,43,7,154,0,4,32,22,58,21,87,75,29,212,20,4,24,236
12/06/2000,PIA,IL,AGL,CE,Towers with Radar,23,74,41,17,155,0,0,11,10,21,23,74,52,27,176,18,12,30,206
12/07/2000,PIA,IL,AGL,CE,Towers with Radar,17,70,51,13,151,0,5,24,20,49,17,75,75,33,200,38,16,54,254
12/08/2000,PIA,IL,AGL,CE,Towers with Radar,21,70,42,10,143,0,0,37,10,47,21,70,79,20,190,20,6,26,216
12/09/2000,PIA,IL,AGL,CE,Towers with Radar,16,51,29,8,104,2,0,55,14,71,18,51,84,22,175,46,0,46,221
12/10/2000,PIA,IL,AGL,CE,Towers with Radar,4,47,23,1,75,0,0,26,5,31,4,47,49,6,106,56,0,56,162
12/11/2000,PIA,IL,AGL,CE,Towers with Radar,0,26,7,1,34,0,0,1,0,1,0,26,8,1,35,0,0,0,35
12/12/2000,PIA,IL,AGL,CE,Towers with Radar,15,48,33,2,98,0,2,7,0,9,15,50,40,2,107,0,0,0,107
12/13/2000,PIA,IL,AGL,CE,Towers with Radar,20,49,48,1,118,0,0,4,0,4,20,49,52,1,122,0,0,0,122
12/14/2000,PIA,IL,AGL,CE,Towers with Radar,21,56,44,40,161,0,1,16,4,21,21,57,60,44,182,0,0,0,182
12/15/2000,PIA,IL,AGL,CE,Towers with Radar,16,63,27,1,107,0,0,4,0,4,16,63,31,1,111,0,0,0,111
12/16/2000,PIA,IL,AGL,CE,Towers with Radar,15,40,4,0,59,0,0,4,0,4,15,40,8,0,63,0,0,0,63
12/17/2000,PIA,IL,AGL,CE,Towers with Radar,2,43,11,1,57,0,1,6,0,7,2,44,17,1,64,0,0,0,64
12/18/2000,PIA,IL,AGL,CE,Towers with Radar,10,38,22,6,76,0,0,10,2,12,10,38,32,8,88,0,0,0,88
12/19/2000,PIA,IL,AGL,CE,Towers with Radar,16,69,44,3,132,0,0,17,8,25,16,69,61,11,157,0,4,4,161
12/20/2000,PIA,IL,AGL,CE,Towers with Radar,20,78,23,22,143,0,0,3,13,16,20,78,26,35,159,2,44,46,205
12/21/2000,PIA,IL,AGL,CE,Towers with Radar,22,62,31,9,124,0,0,4,7,11,22,62,35,16,135,2,8,10,145
12/22/2000,PIA,IL,AGL,CE,Towers with Radar,20,56,38,0,114,0,3,18,0,21,20,59,56,0,135,6,0,6,141
12/23/2000,PIA,IL,AGL,CE,Towers with Radar,10,42,14,0,66,4,10,0,0,14,14,52,14,0,80,0,0,0,80
12/24/2000,PIA,IL,AGL,CE,Towers with Radar,2,43,8,0,53,0,0,9,0,9,2,43,17,0,62,0,0,0,62
12/25/2000,PIA,IL,AGL,CE,Towers with Radar,6,40,4,0,50,0,0,3,0,3,6,40,7,0,53,0,0,0,53
12/26/2000,PIA,IL,AGL,CE,Towers with Radar,6,58,24,0,88,0,0,11,0,11,6,58,35,0,99,0,0,0,99
12/27/2000,PIA,IL,AGL,CE,Towers with Radar,23,64,32,36,155,0,0,28,17,45,23,64,60,53,200,22,30,52,252
12/28/2000,PIA,IL,AGL,CE,Towers with Radar,22,62,32,11,127,0,2,23,6,31,22,64,55,17,158,58,30,88,246
12/29/2000,PIA,IL,AGL,CE,Towers with Radar,18,48,14,0,80,0,0,0,0,0,18,48,14,0,80,0,0,0,80
12/30/2000,PIA,IL,AGL,CE,Towers with Radar,14,48,9,0,71,0,0,7,0,7,14,48,16,0,78,4,0,4,82
12/31/2000,PIA,IL,AGL,CE,Towers with Radar,3,38,6,0,47,0,0,5,0,5,3,38,11,0,52,6,0,6,58
01/01/2001,PIA,IL,AGL,CE,Towers with Radar,6,35,7,0,48,0,2,12,0,14,6,37,19,0,62,36,0,36,98
01/02/2001,PIA,IL,AGL,CE,Towers with Radar,8,52,28,7,95,0,1,11,11,23,8,53,39,18,118,2,16,18,136
01/03/2001,PIA,IL,AGL,CE,Towers with Radar,20,72,31,5,128,0,2,6,20,28,20,74,37,25,156,8,20,28,184
01/04/2001,PIA,IL,AGL,CE,Towers with Radar,19,77,33,21,150,0,1,0,20,21,19,78,33,41,171,8,22,30,201
01/05/2001,PIA,IL,AGL,CE,Towers with Radar,21,79,18,14,132,0,4,29,8,41,21,83,47,22,173,40,12,52,225
01/06/2001,PIA,IL,AGL,CE,Towers with Radar,13,66,26,2,107,0,11,69,4,84,13,77,95,6,191,58,0,58,249
01/07/2001,PIA,IL,AGL,CE,Towers with Radar,3,54,23,3,83,0,19,37,3,59,3,73,60,6,142,80,0,80,222
01/08/2001,PIA,IL,AGL,CE,Towers with Radar,9,75,28,9,121,0,15,26,11,52,9,90,54,20,173,24,44,68,241
01/09/2001,PIA,IL,AGL,CE,Towers with Radar,19,90,51,19,179,0,10,44,23,77,19,100,95,42,256,54,18,72,328
01/10/2001,PIA,IL,AGL,CE,Towers with Radar,20,77,48,9,154,0,12,53,11,76,20,89,101,20,230,28,4,32,262
01/11/2001,PIA,IL,AGL,CE,Towers with Radar,19,89,43,12,163,1,3,11,27,42,20,92,54,39,205,46,14,60,265
01/12/2001,PIA,IL,AGL,CE,Towers with Radar,15,34,23,2,74,0,1,0,0,1,15,35,23,2,75,0,0,0,75
01/13/2001,PIA,IL,AGL,CE,Towers with Radar,4,41,30,2,77,0,1,0,0,1,4,42,30,2,78,0,0,0,78
01/14/2001,PIA,IL,AGL,CE,Towers with Radar,9,34,5,2,50,0,1,0,0,1,9,35,5,2,51,0,0,0,51
01/15/2001,PIA,IL,AGL,CE,Towers with Radar,9,45,19,0,73,0,1,7,0,8,9,46,26,0,81,2,0,2,83
01/16/2001,PIA,IL,AGL,CE,Towers with Radar,17,79,37,10,143,1,0,9,27,37,18,79,46,37,180,28,16,44,224
01/17/2001,PIA,IL,AGL,CE,Towers with Radar,22,77,41,12,152,0,0,42,7,49,22,77,83,19,201,94,14,108,309
01/18/2001,PIA,IL,AGL,CE,Towers with Radar,17,72,45,18,152,2,0,40,34,76,19,72,85,52,228,40,6,46,274
01/19/2001,PIA,IL,AGL,CE,Towers with Radar,22,95,45,10,172,0,11,8,10,29,22,106,53,20,201,6,10,16,217
01/20/2001,PIA,IL,AGL,CE,Towers with Radar,13,62,45,8,128,0,0,55,3,58,13,62,100,11,186,40,10,50,236
01/21/2001,PIA,IL,AGL,CE,Towers with Radar,7,54,33,0,94,17,0,81,0,98,24,54,114,0,192,82,0,82,274
01/22/2001,PIA,IL,AGL,CE,Towers with Radar,5,79,32,20,136,0,16,14,0,30,5,95,46,20,166,6,6,12,178
01/23/2001,PIA,IL,AGL,CE,Towers with Radar,27,81,45,29,182,0,13,51,20,84,27,94,96,49,266,40,18,58,324
01/24/2001,PIA,IL,AGL,CE,Towers with Radar,21,85,40,6,152,0,9,25,10,44,21,94,65,16,196,16,44,60,256
01/25/2001,PIA,IL,AGL,CE,Towers with Radar,19,78,33,15,145,0,0,49,37,86,19,78,82,52,231,38,16,54,285
01/26/2001,PIA,IL,AGL,CE,Towers with Radar,19,68,24,2,113,0,0,3,1,4,19,68,27,3,117,0,18,18,135
01/27/2001,PIA,IL,AGL,CE,Towers with Radar,16,51,23,2,92,0,1,52,2,55,16,52,75,4,147,42,0,42,189
01/28/2001,PIA,IL,AGL,CE,Towers with Radar,5,36,9,0,50,0,0,8,0,8,5,36,17,0,58,42,0,42,100
01/29/2001,PIA,IL,AGL,CE,Towers with Radar,8,44,18,0,70,0,0,0,0,0,8,44,18,0,70,0,2,2,72
01/30/2001,PIA,IL,AGL,CE,Towers with Radar,20,63,33,6,122,0,0,3,0,3,20,63,36,6,125,0,0,0,125
01/31/2001,PIA,IL,AGL,CE,Towers with Radar,20,96,45,20,181,0,0,5,6,11,20,96,50,26,192,4,14,18,210
02/01/2001,PIA,IL,AGL,CE,Towers with Radar,20,75,32,23,150,0,4,23,25,52,20,79,55,48,202,0,0,0,202
02/02/2001,PIA,IL,AGL,CE,Towers with Radar,29,73,37,12,151,0,0,22,18,40,29,73,59,30,191,8,26,34,225
02/03/2001,PIA,IL,AGL,CE,Towers with Radar,13,63,29,33,138,0,0,22,30,52,13,63,51,63,190,2,36,38,228
02/04/2001,PIA,IL,AGL,CE,Towers with Radar,8,36,8,1,53,1,10,0,0,11,9,46,8,1,64,0,0,0,64
02/05/2001,PIA,IL,AGL,CE,Towers with Radar,7,63,26,25,121,0,0,11,25,36,7,63,37,50,157,0,0,0,157
02/06/2001,PIA,IL,AGL,CE,Towers with Radar,18,80,33,7,138,1,9,17,14,41,19,89,50,21,179,54,38,92,271
02/07/2001,PIA,IL,AGL,CE,Towers with Radar,20,86,35,13,154,0,0,7,0,7,20,86,42,13,161,6,0,6,167
02/08/2001,PIA,IL,AGL,CE,Towers with Radar,20,90,50,13,173,0,6,9,13,28,20,96,59,26,201,0,44,44,245
02/09/2001,PIA,IL,AGL,CE,Towers with Radar,24,61,28,1,114,0,0,1,0,1,24,61,29,1,115,0,0,0,115
02/10/2001,PIA,IL,AGL,CE,Towers with Radar,11,57,22,2,92,0,2,39,0,41,11,59,61,2,133,30,0,30,163
02/11/2001,PIA,IL,AGL,CE,Towers with Radar,8,46,31,2,87,0,0,54,0,54,8,46,85,2,141,34,0,34,175
02/12/2001,PIA,IL,AGL,CE,Towers with Radar,9,55,45,12,121,0,1,39,12,52,9,56,84,24,173,8,12,20,193
02/13/2001,PIA,IL,AGL,CE,Towers with Radar,19,80,38,30,167,0,4,8,22,34,19,84,46,52,201,24,12,36,237
02/14/2001,PIA,IL,AGL,CE,Towers with Radar,21,58,32,0,111,0,0,1,1,2,21,58,33,1,113,0,0,0,113
02/15/2001,PIA,IL,AGL,CE,Towers with Radar,19,78,58,12,167,0,0,2,31,33,19,78,60,43,200,0,2,2,202
02/16/2001,PIA,IL,AGL,CE,Towers with Radar,20,76,50,0,146,0,0,10,0,10,20,76,60,0,156,36,0,36,192
02/17/2001,PIA,IL,AGL,CE,Towers with Radar,12,50,21,0,83,0,0,50,1,51,12,50,71,1,134,50,0,50,184
02/18/2001,PIA,IL,AGL,CE,Towers with Radar,4,52,32,0,88,0,0,78,1,79,4,52,110,1,167,40,0,40,207
02/19/2001,PIA,IL,AGL,CE,Towers with Radar,9,53,30,0,92,0,0,38,0,38,9,53,68,0,130,56,0,56,186
02/20/2001,PIA,IL,AGL,CE,Towers with Radar,21,71,33,7,132,0,1,32,14,47,21,72,65,21,179,26,26,52,231
02/21/2001,PIA,IL,AGL,CE,Towers with Radar,20,91,51,7,169,0,17,53,29,99,20,108,104,36,268,0,0,0,268
02/22/2001,PIA,IL,AGL,CE,Towers with Radar,21,79,40,8,148,0,0,13,40,53,21,79,53,48,201,18,4,22,223
02/23/2001,PIA,IL,AGL,CE,Towers with Radar,18,71,30,34,153,0,0,52,25,77,18,71,82,59,230,48,32,80,310
02/24/2001,PIA,IL,AGL,CE,Towers with Radar,19,42,14,3,78,0,3,1,0,4,19,45,15,3,82,0,0,0,82
02/25/2001,PIA,IL,AGL,CE,Towers with Radar,9,41,12,3,65,0,0,1,0,1,9,41,13,3,66,0,0,0,66
02/26/2001,PIA,IL,AGL,CE,Towers with Radar,9,69,33,14,125,0,0,40,7,47,9,69,73,21,172,96,8,104,276
02/27/2001,PIA,IL,AGL,CE,Towers with Radar,19,63,62,6,150,0,0,18,8,26,19,63,80,14,176,24,0,24,200
02/28/2001,PIA,IL,AGL,CE,Towers with Radar,20,74,62,33,189,0,0,54,39,93,20,74,116,72,282,8,10,18,300
03/01/2001,PIA,IL,AGL,CE,Towers with Radar,19,75,50,20,164,1,0,34,38,73,20,75,84,58,237,12,32,44,281
03/02/2001,PIA,IL,AGL,CE,Towers with Radar,17,84,29,8,138,1,0,15,3,19,18,84,44,11,157,22,0,22,179
03/03/2001,PIA,IL,AGL,CE,Towers with Radar,11,55,29,3,98,1,0,47,0,48,12,55,76,3,146,26,0,26,172
03/04/2001,PIA,IL,AGL,CE,Towers with Radar,4,53,19,2,78,0,9,24,0,33,4,62,43,2,111,14,0,14,125
03/05/2001,PIA,IL,AGL,CE,Towers with Radar,8,66,29,15,118,0,1,11,15,27,8,67,40,30,145,38,14,52,197
03/06/2001,PIA,IL,AGL,CE,Towers with Radar,19,82,36,25,162,0,11,34,17,62,19,93,70,42,224,42,30,72,296
03/07/2001,PIA,IL,AGL,CE,Towers with Radar,21,82,27,18,148,0,10,50,0,60,21,92,77,18,208,56,42,98,306
03/08/2001,PIA,IL,AGL,CE,Towers with Radar,21,93,40,17,171,0,0,9,16,25,21,93,49,33,196,12,8,20,216
03/09/2001,PIA,IL,AGL,CE,Towers with Radar,21,93,37,3,154,0,11,36,5,52,21,104,73,8,206,48,0,48,254
03/10/2001,PIA,IL,AGL,CE,Towers with Radar,10,60,31,0,101,0,6,52,7,65,10,66,83,7,166,64,0,64,230
03/11/2001,PIA,IL,AGL,CE,Towers with Radar,8,48,38,0,94,0,1,43,5,49,8,49,81,5,143,14,0,14,157
03/12/2001,PIA,IL,AGL,CE,Towers with Radar,10,60,30,9,109,0,0,4,15,19,10,60,34,24,128,0,12,12,140
03/13/2001,PIA,IL,AGL,CE,Towers with Radar,23,84,33,7,147,0,10,8,6,24,23,94,41,13,171,6,4,10,181
03/14/2001,PIA,IL,AGL,CE,Towers with Radar,21,95,52,8,176,0,2,44,6,52,21,97,96,14,228,38,8,46,274
03/15/2001,PIA,IL,AGL,CE,Towers with Radar,20,77,47,26,170,0,9,3,0,12,20,86,50,26,182,0,2,2,184
03/16/2001,PIA,IL,AGL,CE,Towers with Radar,21,69,27,7,124,0,0,0,0,0,21,69,27,7,124,0,0,0,124
03/17/2001,PIA,IL,AGL,CE,Towers with Radar,10,54,25,6,95,0,1,30,6,37,10,55,55,12,132,10,0,10,142
03/18/2001,PIA,IL,AGL,CE,Towers with Radar,8,52,25,1,86,0,6,91,2,99,8,58,116,3,185,84,0,84,269
03/19/2001,PIA,IL,AGL,CE,Towers with Radar,9,71,50,7,137,0,0,42,22,64,9,71,92,29,201,20,18,38,239
03/20/2001,PIA,IL,AGL,CE,Towers with Radar,20,88,68,31,207,0,6,37,11,54,20,94,105,42,261,38,32,70,331
03/21/2001,PIA,IL,AGL,CE,Towers with Radar,17,74,51,29,171,0,6,65,22,93,17,80,116,51,264,60,34,94,358
03/22/2001,PIA,IL,AGL,CE,Towers with Radar,21,79,65,6,171,0,11,39,36,86,21,90,104,42,257,42,20,62,319
03/23/2001,PIA,IL,AGL,CE,Towers with Radar,19,79,45,30,173,0,3,31,0,34,19,82,76,30,207,36,16,52,259
03/24/2001,PIA,IL,AGL,CE,Towers with Radar,11,61,27,5,104,0,1,54,1,56,11,62,81,6,160,88,0,88,248
03/25/2001,PIA,IL,AGL,CE,Towers with Radar,7,47,26,5,85,0,0,10,0,10,7,47,36,5,95,20,0,20,115
03/26/2001,PIA,IL,AGL,CE,Towers with Radar,6,68,32,10,116,0,1,27,46,74,6,69,59,56,190,12,58,70,260
03/27/2001,PIA,IL,AGL,CE,Towers with Radar,23,86,57,9,175,0,10,50,11,71,23,96,107,20,246,48,14,62,308
03/28/2001,PIA,IL,AGL,CE,Towers with Radar,25,83,47,22,177,0,9,22,19,50,25,92,69,41,227,46,34,80,307
03/29/2001,PIA,IL,AGL,CE,Towers with Radar,20,103,52,24,199,0,2,22,7,31,20,105,74,31,230,38,16,54,284
03/30/2001,PIA,IL,AGL,CE,Towers with Radar,20,93,71,5,189,0,0,37,3,40,20,93,108,8,229,10,0,10,239
03/31/2001,PIA,IL,AGL,CE,Towers with Radar,15,52,19,1,87,0,1,23,0,24,15,53,42,1,111,18,0,18,129
04/01/2001,PIA,IL,AGL,CE,Towers with Radar,4,40,26,3,73,0,2,65,0,67,4,42,91,3,140,58,0,58,198
04/02/2001,PIA,IL,AGL,CE,Towers with Radar,9,60,22,5,96,0,1,19,7,27,9,61,41,12,123,4,10,14,137
04/03/2001,PIA,IL,AGL,CE,Towers with Radar,22,78,28,16,144,0,3,24,23,50,22,81,52,39,194,6,30,36,230
04/04/2001,PIA,IL,AGL,CE,Towers with Radar,20,79,39,12,150,0,1,34,6,41,20,80,73,18,191,8,6,14,205
04/05/2001,PIA,IL,AGL,CE,Towers with Radar,18,77,36,17,148,0,1,10,0,11,18,78,46,17,159,4,0,4,163
04/06/2001,PIA,IL,AGL,CE,Towers with Radar,18,73,51,7,149,17,1,7,0,25,35,74,58,7,174,0,0,0,174
04/07/2001,PIA,IL,AGL,CE,Towers with Radar,19,47,10,1,77,0,1,3,8,12,19,48,13,9,89,0,0,0,89
04/08/2001,PIA,IL,AGL,CE,Towers with Radar,8,54,30,17,109,0,11,80,8,99,8,65,110,25,208,42,14,56,264
04/09/2001,PIA,IL,AGL,CE,Towers with Radar,8,66,24,12,110,0,11,35,27,73,8,77,59,39,183,46,58,104,287
04/10/2001,PIA,IL,AGL,CE,Towers with Radar,19,75,58,24,176,0,1,5,18,24,19,76,63,42,200,2,22,24,224
04/11/2001,PIA,IL,AGL,CE,Towers with Radar,18,80,36,2,136,0,1,11,5,17,18,81,47,7,153,24,0,24,177
04/12/2001,PIA,IL,AGL,CE,Towers with Radar,23,78,35,5,141,0,5,9,3,17,23,83,44,8,158,8,0,8,166
04/13/2001,PIA,IL,AGL,CE,Towers with Radar,18,85,39,2,144,0,12,114,10,136,18,97,153,12,280,96,12,108,388
04/14/2001,PIA,IL,AGL,CE,Towers with Radar,22,62,30,0,114,0,18,99,0,117,22,80,129,0,231,70,0,70,301
04/15/2001,PIA,IL,AGL,CE,Towers with Radar,10,46,46,0,102,0,1,24,0,25,10,47,70,0,127,18,0,18,145
04/16/2001,PIA,IL,AGL,CE,Towers with Radar,6,76,35,20,137,0,21,31,9,61,6,97,66,29,198,0,22,22,220
04/17/2001,PIA,IL,AGL,CE,Towers with Radar,20,94,49,14,177,1,5,53,55,114,21,99,102,69,291,34,58,92,383
04/18/2001,PIA,IL,AGL,CE,Towers with Radar,17,86,45,15,163,0,10,43,31,84,17,96,88,46,247,4,50,54,301
04/19/2001,PIA,IL,AGL,CE,Towers with Radar,17,102,56,9,184,0,25,45,4,74,17,127,101,13,258,10,0,10,268
04/20/2001,PIA,IL,AGL,CE,Towers with Radar,16,98,44,10,168,0,2,20,4,26,16,100,64,14,194,0,0,0,194
04/21/2001,PIA,IL,AGL,CE,Towers with Radar,14,74,9,2,99,0,5,10,0,15,14,79,19,2,114,6,0,6,120
04/22/2001,PIA,IL,AGL,CE,Towers with Radar,4,47,16,5,72,0,1,0,0,1,4,48,16,5,73,0,0,0,73
04/23/2001,PIA,IL,AGL,CE,Towers with Radar,9,62,17,11,99,0,2,19,11,32,9,64,36,22,131,16,18,34,165
04/24/2001,PIA,IL,AGL,CE,Towers with Radar,21,93,57,10,181,0,3,74,34,111,21,96,131,44,292,76,34,110,402
04/25/2001,PIA,IL,AGL,CE,Towers with Radar,17,84,46,35,182,9,5,54,26,94,26,89,100,61,276,28,14,42,318
04/26/2001,PIA,IL,AGL,CE,Towers with Radar,17,75,44,13,149,0,0,38,10,48,17,75,82,23,197,54,0,54,251
04/27/2001,PIA,IL,AGL,CE,Towers with Radar,17,79,42,8,146,1,0,71,0,72,18,79,113,8,218,42,16,58,276
04/28/2001,PIA,IL,AGL,CE,Towers with Radar,10,48,27,8,93,7,0,46,8,61,17,48,73,16,154,20,20,40,194
04/29/2001,PIA,IL,AGL,CE,Towers with Radar,10,40,36,3,89,0,1,77,0,78,10,41,113,3,167,22,0,22,189
04/30/2001,PIA,IL,AGL,CE,Towers with Radar,6,64,57,17,144,0,1,42,36,79,6,65,99,53,223,6,36,42,265
05/01/2001,PIA,IL,AGL,CE,Towers with Radar,16,79,36,10,141,1,0,26,11,38,17,79,62,21,179,24,20,44,223
05/02/2001,PIA,IL,AGL,CE,Towers with Radar,17,84,36,10,147,1,1,50,12,64,18,85,86,22,211,10,20,30,241
05/03/2001,PIA,IL,AGL,CE,Towers with Radar,16,91,28,7,142,1,24,40,19,84,17,115,68,26,226,34,0,34,260
05/04/2001,PIA,IL,AGL,CE,Towers with Radar,15,79,37,10,141,3,16,29,18,66,18,95,66,28,207,12,28,40,247
05/05/2001,PIA,IL,AGL,CE,Towers with Radar,13,68,10,7,98,0,9,29,9,47,13,77,39,16,145,20,0,20,165
05/06/2001,PIA,IL,AGL,CE,Towers with Radar,3,58,13,1,75,0,9,13,0,22,3,67,26,1,97,2,0,2,99
05/07/2001,PIA,IL,AGL,CE,Towers with Radar,8,64,37,8,117,0,0,23,10,33,8,64,60,18,150,0,16,16,166
05/08/2001,PIA,IL,AGL,CE,Towers with Radar,20,78,34,16,148,0,40,29,3,72,20,118,63,19,220,4,12,16,236
05/09/2001,PIA,IL,AGL,CE,Towers with Radar,19,81,37,15,152,0,4,48,27,79,19,85,85,42,231,52,48,100,331
05/10/2001,PIA,IL,AGL,CE,Towers with Radar,19,83,42,10,154,0,22,22,6,50,19,105,64,16,204,18,14,32,236
05/11/2001,PIA,IL,AGL,CE,Towers with Radar,16,66,35,6,123,0,0,36,3,39,16,66,71,9,162,42,2,44,206
05/12/2001,PIA,IL,AGL,CE,Towers with Radar,12,72,38,9,131,0,14,64,2,80,12,86,102,11,211,102,0,102,313
05/13/2001,PIA,IL,AGL,CE,Towers with Radar,4,54,25,1,84,0,11,43,1,55,4,65,68,2,139,30,0,30,169
05/14/2001,PIA,IL,AGL,CE,Towers with Radar,8,66,33,8,115,0,0,25,6,31,8,66,58,14,146,48,4,52,198
05/15/2001,PIA,IL,AGL,CE,Towers with Radar,32,77,40,20,169,0,4,62,25,91,32,81,102,45,260,32,66,98,358
05/16/2001,PIA,IL,AGL,CE,Towers with Radar,18,76,40,20,154,0,21,44,13,78,18,97,84,33,232,30,60,90,322
05/17/2001,PIA,IL,AGL,CE,Towers with Radar,17,76,39,8,140,0,0,28,2,30,17,76,67,10,170,24,0,24,194
05/18/2001,PIA,IL,AGL,CE,Towers with Radar,17,74,38,15,144,0,0,42,7,49,17,74,80,22,193,34,4,38,231
05/19/2001,PIA,IL,AGL,CE,Towers with Radar,14,51,37,5,107,0,0,23,7,30,14,51,60,12,137,18,0,18,155
05/20/2001,PIA,IL,AGL,CE,Towers with Radar,4,55,19,0,78,0,5,16,16,37,4,60,35,16,115,14,24,38,153
05/21/2001,PIA,IL,AGL,CE,Towers with Radar,10,60,35,23,128,0,2,10,8,20,10,62,45,31,148,6,20,26,174
05/22/2001,PIA,IL,AGL,CE,Towers with Radar,19,89,36,23,167,0,22,43,6,71,19,111,79,29,238,56,40,96,334
05/23/2001,PIA,IL,AGL,CE,Towers with Radar,20,92,35,17,164,0,11,27,15,53,20,103,62,32,217,34,12,46,263
05/24/2001,PIA,IL,AGL,CE,Towers with Radar,27,84,56,11,178,0,23,28,10,61,27,107,84,21,239,60,10,70,309
05/25/2001,PIA,IL,AGL,CE,Towers with Radar,20,88,34,2,144,0,20,30,1,51,20,108,64,3,195,62,8,70,265
05/26/2001,PIA,IL,AGL,CE,Towers with Radar,10,48,28,4,90,0,0,7,0,7,10,48,35,4,97,4,0,4,101
05/27/2001,PIA,IL,AGL,CE,Towers with Radar,4,46,36,0,86,0,2,40,0,42,4,48,76,0,128,72,0,72,200
05/28/2001,PIA,IL,AGL,CE,Towers with Radar,4,54,31,0,89,0,0,60,0,60,4,54,91,0,149,42,0,42,191
05/29/2001,PIA,IL,AGL,CE,Towers with Radar,6,64,21,7,98,0,0,42,13,55,6,64,63,20,153,20,12,32,185
05/30/2001,PIA,IL,AGL,CE,Towers with Radar,18,80,36,10,144,0,1,36,12,49,18,81,72,22,193,24,22,46,239
05/31/2001,PIA,IL,AGL,CE,Towers with Radar,33,63,44,6,146,0,5,2,4,11,33,68,46,10,157,0,0,0,157
06/01/2001,PIA,IL,AGL,CE,Towers with Radar,18,72,27,8,125,0,0,38,6,44,18,72,65,14,169,14,30,44,213
06/02/2001,PIA,IL,AGL,CE,Towers with Radar,15,48,30,3,96,0,1,30,4,35,15,49,60,7,131,12,0,12,143
06/03/2001,PIA,IL,AGL,CE,Towers with Radar,4,53,27,3,87,0,6,51,4,61,4,59,78,7,148,40,4,44,192
06/04/2001,PIA,IL,AGL,CE,Towers with Radar,7,61,25,9,102,0,6,6,1,13,7,67,31,10,115,0,0,0,115
06/05/2001,PIA,IL,AGL,CE,Towers with Radar,19,86,36,18,159,0,0,12,29,41,19,86,48,47,200,34,48,82,282
06/06/2001,PIA,IL,AGL,CE,Towers with Radar,18,95,55,14,182,0,0,13,18,31,18,95,68,32,213,38,16,54,267
06/07/2001,PIA,IL,AGL,CE,Towers with Radar,21,91,66,14,192,0,4,47,13,64,21,95,113,27,256,64,12,76,332
06/08/2001,PIA,IL,AGL,CE,Towers with Radar,17,86,46,6,155,0,11,63,0,74,17,97,109,6,229,68,16,84,313
06/09/2001,PIA,IL,AGL,CE,Towers with Radar,17,54,26,16,113,0,2,73,6,81,17,56,99,22,194,36,6,42,236
06/10/2001,PIA,IL,AGL,CE,Towers with Radar,3,49,12,0,64,0,0,41,2,43,3,49,53,2,107,26,0,26,133
06/11/2001,PIA,IL,AGL,CE,Towers with Radar,6,63,35,3,107,0,29,52,4,85,6,92,87,7,192,58,0,58,250
06/12/2001,PIA,IL,AGL,CE,Towers with Radar,20,86,48,7,161,0,16,40,15,71,20,102,88,22,232,62,30,92,324
06/13/2001,PIA,IL,AGL,CE,Towers with Radar,21,92,41,16,170,0,13,43,17,73,21,105,84,33,243,64,8,72,315
06/14/2001,PIA,IL,AGL,CE,Towers with Radar,16,72,73,9,170,0,11,62,10,83,16,83,135,19,253,40,12,52,305
06/15/2001,PIA,IL,AGL,CE,Towers with Radar,24,81,21,9,135,0,0,29,3,32,24,81,50,12,167,0,6,6,173
06/16/2001,PIA,IL,AGL,CE,Towers with Radar,14,57,34,6,111,0,11,44,0,55,14,68,78,6,166,30,0,30,196
06/17/2001,PIA,IL,AGL,CE,Towers with Radar,4,46,23,2,75,0,1,75,0,76,4,47,98,2,151,82,2,84,235
06/18/2001,PIA,IL,AGL,CE,Towers with Radar,8,60,36,9,113,0,2,30,2,34,8,62,66,11,147,2,2,4,151
06/19/2001,PIA,IL,AGL,CE,Towers with Radar,16,76,42,9,143,2,21,54,15,92,18,97,96,24,235,40,30,70,305
06/20/2001,PIA,IL,AGL,CE,Towers with Radar,17,82,46,12,157,0,13,44,11,68,17,95,90,23,225,10,34,44,269
06/21/2001,PIA,IL,AGL,CE,Towers with Radar,14,70,38,8,130,0,18,39,24,81,14,88,77,32,211,56,28,84,295
06/22/2001,PIA,IL,AGL,CE,Towers with Radar,16,79,33,10,138,0,0,71,0,71,16,79,104,10,209,70,14,84,293
06/23/2001,PIA,IL,AGL,CE,Towers with Radar,13,49,33,2,97,0,0,77,0,77,13,49,110,2,174,42,0,42,216
06/24/2001,PIA,IL,AGL,CE,Towers with Radar,4,48,28,1,81,0,1,52,1,54,4,49,80,2,135,46,0,46,181
06/25/2001,PIA,IL,AGL,CE,Towers with Radar,7,62,37,7,113,0,7,63,21,91,7,69,100,28,204,50,18,68,272
06/26/2001,PIA,IL,AGL,CE,Towers with Radar,19,88,57,4,168,2,10,62,9,83,21,98,119,13,251,72,10,82,333
06/27/2001,PIA,IL,AGL,CE,Towers with Radar,30,72,37,13,152,0,10,52,25,87,30,82,89,38,239,36,38,74,313
06/28/2001,PIA,IL,AGL,CE,Towers with Radar,18,94,42,10,164,0,14,48,26,88,18,108,90,36,252,34,14,48,300
06/29/2001,PIA,IL,AGL,CE,Towers with Radar,13,76,35,26,150,0,0,54,12,66,13,76,89,38,216,88,20,108,324
06/30/2001,PIA,IL,AGL,CE,Towers with Radar,27,37,22,1,87,0,0,65,5,70,27,37,87,6,157,80,0,80,237
07/01/2001,PIA,IL,AGL,CE,Towers with Radar,5,41,26,2,74,0,2,52,2,56,5,43,78,4,130,46,4,50,180
07/02/2001,PIA,IL,AGL,CE,Towers with Radar,9,57,44,1,111,0,2,56,2,60,9,59,100,3,171,62,2,64,235
07/03/2001,PIA,IL,AGL,CE,Towers with Radar,21,63,19,4,107,0,2,13,8,23,21,65,32,12,130,2,16,18,148
07/04/2001,PIA,IL,AGL,CE,Towers with Radar,6,57,11,0,74,0,1,31,2,34,6,58,42,2,108,58,0,58,166
07/05/2001,PIA,IL,AGL,CE,Towers with Radar,17,53,28,11,109,0,1,46,7,54,17,54,74,18,163,72,0,72,235
07/06/2001,PIA,IL,AGL,CE,Towers with Radar,19,70,29,7,125,0,6,51,6,63,19,76,80,13,188,0,0,0,188
07/07/2001,PIA,IL,AGL,CE,Towers with Radar,14,54,29,17,114,0,2,52,7,61,14,56,81,24,175,40,12,52,227
07/08/2001,PIA,IL,AGL,CE,Towers with Radar,11,45,20,9,85,0,13,36,3,52,11,58,56,12,137,40,12,52,189
07/09/2001,PIA,IL,AGL,CE,Towers with Radar,9,69,61,11,150,0,15,57,5,77,9,84,118,16,227,46,10,56,283
07/10/2001,PIA,IL,AGL,CE,Towers with Radar,19,87,22,9,137,0,9,52,6,67,19,96,74,15,204,12,6,18,222
07/11/2001,PIA,IL,AGL,CE,Towers with Radar,15,72,44,10,141,3,1,96,29,129,18,73,140,39,270,60,0,60,330
07/12/2001,PIA,IL,AGL,CE,Towers with Radar,20,71,40,1,132,0,9,78,23,110,20,80,118,24,242,60,16,76,318
07/13/2001,PIA,IL,AGL,CE,Towers with Radar,17,86,58,0,161,0,9,74,2,85,17,95,132,2,246,46,20,66,312
07/14/2001,PIA,IL,AGL,CE,Towers with Radar,18,63,45,0,126,0,17,103,28,148,18,80,148,28,274,52,0,52,326
07/15/2001,PIA,IL,AGL,CE,Towers with Radar,8,44,24,3,79,0,1,65,4,70,8,45,89,7,149,88,0,88,237
07/16/2001,PIA,IL,AGL,CE,Towers with Radar,6,78,26,20,130,0,34,50,4,88,6,112,76,24,218,42,16,58,276
07/17/2001,PIA,IL,AGL,CE,Towers with Radar,18,82,60,7,167,0,18,57,10,85,18,100,117,17,252,102,10,112,364
07/18/2001,PIA,IL,AGL,CE,Towers with Radar,17,85,40,17,159,0,11,27,13,51,17,96,67,30,210,10,28,38,248
07/19/2001,PIA,IL,AGL,CE,Towers with Radar,14,88,52,18,172,0,14,52,14,80,14,102,104,32,252,48,4,52,304
07/20/2001,PIA,IL,AGL,CE,Towers with Radar,16,88,52,8,164,0,14,48,3,65,16,102,100,11,229,28,0,28,257
07/21/2001,PIA,IL,AGL,CE,Towers with Radar,12,55,33,7,107,7,15,49,2,73,19,70,82,9,180,80,2,82,262
07/22/2001,PIA,IL,AGL,CE,Towers with Radar,16,42,47,0,105,0,3,25,0,28,16,45,72,0,133,14,2,16,149
07/23/2001,PIA,IL,AGL,CE,Towers with Radar,9,67,40,3,119,0,4,32,0,36,9,71,72,3,155,0,0,0,155
07/24/2001,PIA,IL,AGL,CE,Towers with Radar,20,74,41,36,171,0,15,57,11,83,20,89,98,47,254,62,14,76,330
07/25/2001,PIA,IL,AGL,CE,Towers with Radar,17,80,53,5,155,0,0,28,2,30,17,80,81,7,185,28,0,28,213
07/26/2001,PIA,IL,AGL,CE,Towers with Radar,15,72,50,41,178,0,0,57,11,68,15,72,107,52,246,52,2,54,300
07/27/2001,PIA,IL,AGL,CE,Towers with Radar,19,76,46,8,149,0,10,68,10,88,19,86,114,18,237,56,12,68,305
07/28/2001,PIA,IL,AGL,CE,Towers with Radar,12,69,41,4,126,0,7,29,0,36,12,76,70,4,162,68,0,68,230
07/29/2001,PIA,IL,AGL,CE,Towers with Radar,6,40,54,14,114,0,1,63,0,64,6,41,117,14,178,50,0,50,228
07/30/2001,PIA,IL,AGL,CE,Towers with Radar,8,54,37,0,99,0,0,57,1,58,8,54,94,1,157,40,0,40,197
07/31/2001,PIA,IL,AGL,CE,Towers with Radar,16,72,53,18,159,0,0,50,7,57,16,72,103,25,216,12,34,46,262
08/01/2001,PIA,IL,AGL,CE,Towers with Radar,19,80,54,4,157,5,0,24,8,37,24,80,78,12,194,44,4,48,242
08/02/2001,PIA,IL,AGL,CE,Towers with Radar,18,70,45,0,133,1,1,33,2,37,19,71,78,2,170,22,0,22,192
08/03/2001,PIA,IL,AGL,CE,Towers with Radar,19,82,45,10,156,1,4,26,6,37,20,86,71,16,193,18,12,30,223
08/04/2001,PIA,IL,AGL,CE,Towers with Radar,16,58,46,0,120,1,1,67,14,83,17,59,113,14,203,82,8,90,293
08/05/2001,PIA,IL,AGL,CE,Towers with Radar,4,45,31,2,82,0,0,62,0,62,4,45,93,2,144,80,0,80,224
08/06/2001,PIA,IL,AGL,CE,Towers with Radar,5,74,46,0,125,1,11,45,0,57,6,85,91,0,182,58,0,58,240
08/07/2001,PIA,IL,AGL,CE,Towers with Radar,32,71,44,7,154,1,1,48,8,58,33,72,92,15,212,24,24,48,260
08/08/2001,PIA,IL,AGL,CE,Towers with Radar,28,80,64,3,175,1,1,28,14,44,29,81,92,17,219,8,0,8,227
08/09/2001,PIA,IL,AGL,CE,Towers with Radar,16,63,43,4,126,2,0,44,12,58,18,63,87,16,184,6,14,20,204
08/10/2001,PIA,IL,AGL,CE,Towers with Radar,19,84,47,0,150,1,0,52,1,54,20,84,99,1,204,48,16,64,268
08/11/2001,PIA,IL,AGL,CE,Towers with Radar,12,53,25,0,90,5,2,63,1,71,17,55,88,1,161,58,0,58,219
08/12/2001,PIA,IL,AGL,CE,Towers with Radar,4,51,34,0,89,0,10,80,0,90,4,61,114,0,179,70,0,70,249
08/13/2001,PIA,IL,AGL,CE,Towers with Radar,9,66,37,11,123,0,18,41,2,61,9,84,78,13,184,86,14,100,284
08/14/2001,PIA,IL,AGL,CE,Towers with Radar,26,87,57,8,178,6,26,79,4,115,32,113,136,12,293,48,0,48,341
08/15/2001,PIA,IL,AGL,CE,Towers with Radar,21,87,54,2,164,0,21,36,5,62,21,108,90,7,226,2,10,12,238
08/16/2001,PIA,IL,AGL,CE,Towers with Radar,18,67,73,2,160,0,1,19,2,22,18,68,92,4,182,6,0,6,188
08/17/2001,PIA,IL,AGL,CE,Towers with Radar,20,65,40,7,132,0,1,55,6,62,20,66,95,13,194,16,4,20,214
08/18/2001,PIA,IL,AGL,CE,Towers with Radar,17,49,34,0,100,0,1,4,0,5,17,50,38,0,105,10,0,10,115
08/19/2001,PIA,IL,AGL,CE,Towers with Radar,4,49,33,0,86,0,1,45,0,46,4,50,78,0,132,42,0,42,174
08/20/2001,PIA,IL,AGL,CE,Towers with Radar,8,54,32,9,103,0,1,65,0,66,8,55,97,9,169,32,28,60,229
08/21/2001,PIA,IL,AGL,CE,Towers with Radar,22,78,50,24,174,0,13,37,3,53,22,91,87,27,227,10,4,14,241
08/22/2001,PIA,IL,AGL,CE,Towers with Radar,20,58,30,12,120,0,2,27,9,38,20,60,57,21,158,0,0,0,158
08/23/2001,PIA,IL,AGL,CE,Towers with Radar,20,63,55,10,148,0,1,18,4,23,20,64,73,14,171,10,12,22,193
08/24/2001,PIA,IL,AGL,CE,Towers with Radar,18,102,26,2,148,0,2,6,1,9,18,104,32,3,157,6,6,12,169
08/25/2001,PIA,IL,AGL,CE,Towers with Radar,16,68,22,2,108,0,2,13,0,15,16,70,35,2,123,26,0,26,149
08/26/2001,PIA,IL,AGL,CE,Towers with Radar,4,54,32,1,91,0,5,62,1,68,4,59,94,2,159,22,0,22,181
08/27/2001,PIA,IL,AGL,CE,Towers with Radar,9,63,35,2,109,0,5,37,1,43,9,68,72,3,152,16,0,16,168
08/28/2001,PIA,IL,AGL,CE,Towers with Radar,22,76,48,2,148,0,7,49,3,59,22,83,97,5,207,36,0,36,243
08/29/2001,PIA,IL,AGL,CE,Towers with Radar,22,68,51,0,141,0,8,71,11,90,22,76,122,11,231,56,8,64,295
08/30/2001,PIA,IL,AGL,CE,Towers with Radar,24,64,68,16,172,0,5,55,17,77,24,69,123,33,249,20,16,36,285
08/31/2001,PIA,IL,AGL,CE,Towers with Radar,20,69,65,3,157,0,1,64,3,68,20,70,129,6,225,52,8,60,285
09/01/2001,PIA,IL,AGL,CE,Towers with Radar,16,51,23,9,99,0,1,72,2,75,16,52,95,11,174,62,0,62,236
09/02/2001,PIA,IL,AGL,CE,Towers with Radar,2,40,15,1,58,0,1,45,1,47,2,41,60,2,105,26,0,26,131
09/03/2001,PIA,IL,AGL,CE,Towers with Radar,4,38,24,0,66,0,1,47,0,48,4,39,71,0,114,14,0,14,128
09/04/2001,PIA,IL,AGL,CE,Towers with Radar,11,57,25,12,105,0,1,35,18,54,11,58,60,30,159,24,14,38,197
09/05/2001,PIA,IL,AGL,CE,Towers with Radar,20,80,61,2,163,0,19,61,23,103,20,99,122,25,266,48,6,54,320
09/06/2001,PIA,IL,AGL,CE,Towers with Radar,16,73,43,6,138,7,32,45,0,84,23,105,88,6,222,8,0,8,230
09/07/2001,PIA,IL,AGL,CE,Towers with Radar,31,67,52,13,163,0,20,17,5,42,31,87,69,18,205,12,14,26,231
09/08/2001,PIA,IL,AGL,CE,Towers with Radar,19,46,12,8,85,0,5,9,6,20,19,51,21,14,105,10,14,24,129
09/09/2001,PIA,IL,AGL,CE,Towers with Radar,5,54,21,13,93,0,11,4,0,15,5,65,25,13,108,12,0,12,120
09/10/2001,PIA,IL,AGL,CE,Towers with Radar,10,65,49,10,134,0,1,40,4,45,10,66,89,14,179,16,10,26,205
09/11/2001,PIA,IL,AGL,CE,Towers with Radar,18,41,22,1,82,0,18,5,0,23,18,59,27,1,105,18,12,30,135
09/12/2001,PIA,IL,AGL,CE,Towers with Radar,0,0,0,5,5,0,2,0,0,2,0,2,0,5,7,0,0,0,7
09/13/2001,PIA,IL,AGL,CE,Towers with Radar,4,21,0,2,27,0,2,0,0,2,4,23,0,2,29,0,0,0,29
09/14/2001,PIA,IL,AGL,CE,Towers with Radar,14,69,3,2,88,0,1,0,3,4,14,70,3,5,92,0,2,2,94
09/15/2001,PIA,IL,AGL,CE,Towers with Radar,14,55,23,7,99,0,1,0,0,1,14,56,23,7,100,0,8,8,108
09/16/2001,PIA,IL,AGL,CE,Towers with Radar,2,43,23,6,74,0,3,0,0,3,2,46,23,6,77,0,0,0,77
09/17/2001,PIA,IL,AGL,CE,Towers with Radar,4,48,35,19,106,0,5,0,0,5,4,53,35,19,111,0,0,0,111
09/18/2001,PIA,IL,AGL,CE,Towers with Radar,25,89,51,12,177,0,3,0,14,17,25,92,51,26,194,10,12,22,216
09/19/2001,PIA,IL,AGL,CE,Towers with Radar,32,79,56,15,182,0,0,0,3,3,32,79,56,18,185,0,10,10,195
09/20/2001,PIA,IL,AGL,CE,Towers with Radar,14,69,52,17,152,0,2,2,43,47,14,71,54,60,199,0,10,10,209
09/21/2001,PIA,IL,AGL,CE,Towers with Radar,16,66,38,17,137,0,0,0,0,0,16,66,38,17,137,20,34,54,191
09/22/2001,PIA,IL,AGL,CE,Towers with Radar,13,54,34,7,108,12,0,33,26,71,25,54,67,33,179,28,22,50,229
09/23/2001,PIA,IL,AGL,CE,Towers with Radar,2,48,9,3,62,0,1,4,11,16,2,49,13,14,78,14,14,28,106
09/24/2001,PIA,IL,AGL,CE,Towers with Radar,2,64,36,0,102,0,1,50,2,53,2,65,86,2,155,18,0,18,173
09/25/2001,PIA,IL,AGL,CE,Towers with Radar,22,82,58,11,173,0,2,24,19,45,22,84,82,30,218,30,10,40,258
09/26/2001,PIA,IL,AGL,CE,Towers with Radar,14,79,68,10,171,0,0,36,38,74,14,79,104,48,245,10,6,16,261
09/27/2001,PIA,IL,AGL,CE,Towers with Radar,15,79,45,10,149,0,6,61,11,78,15,85,106,21,227,14,14,28,255
09/28/2001,PIA,IL,AGL,CE,Towers with Radar,12,77,47,6,142,0,0,26,0,26,12,77,73,6,168,6,0,6,174
09/29/2001,PIA,IL,AGL,CE,Towers with Radar,12,48,25,0,85,0,1,68,0,69,12,49,93,0,154,36,0,36,190
09/30/2001,PIA,IL,AGL,CE,Towers with Radar,5,43,30,2,80,0,0,0,0,0,5,43,30,2,80,70,0,70,150
10/01/2001,PIA,IL,AGL,CE,Towers with Radar,2,63,25,8,98,0,1,44,21,66,2,64,69,29,164,14,22,36,200
10/02/2001,PIA,IL,AGL,CE,Towers with Radar,14,82,50,6,152,0,1,50,4,55,14,83,100,10,207,32,0,32,239
10/03/2001,PIA,IL,AGL,CE,Towers with Radar,20,84,53,9,166,0,1,33,0,34,20,85,86,9,200,36,10,46,246
10/04/2001,PIA,IL,AGL,CE,Towers with Radar,14,81,58,9,162,0,1,17,28,46,14,82,75,37,208,38,4,42,250
10/05/2001,PIA,IL,AGL,CE,Towers with Radar,18,80,48,1,147,0,1,13,2,16,18,81,61,3,163,0,0,0,163
10/06/2001,PIA,IL,AGL,CE,Towers with Radar,13,54,22,0,89,0,1,31,0,32,13,55,53,0,121,18,0,18,139
10/07/2001,PIA,IL,AGL,CE,Towers with Radar,4,50,25,0,79,0,2,41,0,43,4,52,66,0,122,18,0,18,140
10/08/2001,PIA,IL,AGL,CE,Towers with Radar,2,56,17,0,75,0,2,21,0,23,2,58,38,0,98,0,0,0,98
10/09/2001,PIA,IL,AGL,CE,Towers with Radar,18,72,35,9,134,0,1,27,12,40,18,73,62,21,174,30,10,40,214
10/10/2001,PIA,IL,AGL,CE,Towers with Radar,12,75,52,20,159,0,1,6,18,25,12,76,58,38,184,2,0,2,186
10/11/2001,PIA,IL,AGL,CE,Towers with Radar,14,78,57,8,157,0,0,27,24,51,14,78,84,32,208,18,0,18,226
10/12/2001,PIA,IL,AGL,CE,Towers with Radar,16,79,65,28,188,0,0,11,5,16,16,79,76,33,204,18,6,24,228
10/13/2001,PIA,IL,AGL,CE,Towers with Radar,14,60,22,1,97,0,2,0,4,6,14,62,22,5,103,0,0,0,103
10/14/2001,PIA,IL,AGL,CE,Towers with Radar,0,46,34,1,81,0,1,22,24,47,0,47,56,25,128,16,4,20,148
10/15/2001,PIA,IL,AGL,CE,Towers with Radar,2,67,38,15,122,0,1,12,17,30,2,68,50,32,152,22,22,44,196
10/16/2001,PIA,IL,AGL,CE,Towers with Radar,15,79,59,18,171,0,2,13,19,34,15,81,72,37,205,2,10,12,217
10/17/2001,PIA,IL,AGL,CE,Towers with Radar,14,80,54,10,158,0,0,49,14,63,14,80,103,24,221,38,0,38,259
10/18/2001,PIA,IL,AGL,CE,Towers with Radar,14,81,49,8,152,0,14,29,16,59,14,95,78,24,211,6,0,6,217
10/19/2001,PIA,IL,AGL,CE,Towers with Radar,15,78,50,0,143,0,0,32,3,35,15,78,82,3,178,12,0,12,190
10/20/2001,PIA,IL,AGL,CE,Towers with Radar,8,54,34,1,97,6,4,58,0,68,14,58,92,1,165,56,0,56,221
10/21/2001,PIA,IL,AGL,CE,Towers with Radar,2,44,48,1,95,0,0,35,0,35,2,44,83,1,130,18,0,18,148
10/22/2001,PIA,IL,AGL,CE,Towers with Radar,5,66,33,0,104,1,0,16,5,22,6,66,49,5,126,0,8,8,134
10/23/2001,PIA,IL,AGL,CE,Towers with Radar,17,77,48,6,148,0,0,13,11,24,17,77,61,17,172,12,8,20,192
10/24/2001,PIA,IL,AGL,CE,Towers with Radar,15,87,54,14,170,0,0,11,14,25,15,87,65,28,195,4,16,20,215
10/25/2001,PIA,IL,AGL,CE,Towers with Radar,15,77,31,2,125,0,0,11,0,11,15,77,42,2,136,0,0,0,136
10/26/2001,PIA,IL,AGL,CE,Towers with Radar,14,79,48,4,145,0,0,16,6,22,14,79,64,10,167,0,0,0,167
10/27/2001,PIA,IL,AGL,CE,Towers with Radar,14,57,33,0,104,0,0,71,0,71,14,57,104,0,175,48,0,48,223
10/28/2001,PIA,IL,AGL,CE,Towers with Radar,2,53,32,2,89,0,5,81,2,88,2,58,113,4,177,34,0,34,211
10/29/2001,PIA,IL,AGL,CE,Towers with Radar,4,59,35,10,108,0,1,58,21,80,4,60,93,31,188,44,4,48,236
10/30/2001,PIA,IL,AGL,CE,Towers with Radar,18,74,66,12,170,0,3,22,28,53,18,77,88,40,223,4,16,20,243
10/31/2001,PIA,IL,AGL,CE,Towers with Radar,18,78,35,12,143,0,0,22,24,46,18,78,57,36,189,26,38,64,253
11/01/2001,PIA,IL,AGL,CE,Towers with Radar,12,82,33,12,139,0,1,16,14,31,12,83,49,26,170,20,24,44,214
11/02/2001,PIA,IL,AGL,CE,Towers with Radar,11,50,46,8,115,0,1,41,32,74,11,51,87,40,189,34,6,40,229
11/03/2001,PIA,IL,AGL,CE,Towers with Radar,12,52,28,4,96,0,1,59,26,86,12,53,87,30,182,36,18,54,236
11/04/2001,PIA,IL,AGL,CE,Towers with Radar,12,48,36,5,101,0,11,63,15,89,12,59,99,20,190,66,12,78,268
11/05/2001,PIA,IL,AGL,CE,Towers with Radar,6,61,43,7,117,0,1,43,11,55,6,62,86,18,172,24,10,34,206
11/06/2001,PIA,IL,AGL,CE,Towers with Radar,17,75,56,14,162,0,4,35,11,50,17,79,91,25,212,18,26,44,256
11/07/2001,PIA,IL,AGL,CE,Towers with Radar,17,82,43,51,193,0,1,42,46,89,17,83,85,97,282,24,70,94,376
11/08/2001,PIA,IL,AGL,CE,Towers with Radar,17,82,44,23,166,0,11,21,19,51,17,93,65,42,217,24,18,42,259
11/09/2001,PIA,IL,AGL,CE,Towers with Radar,21,77,35,5,138,9,39,17,1,66,30,116,52,6,204,26,24,50,254
11/10/2001,PIA,IL,AGL,CE,Towers with Radar,19,58,28,0,105,1,9,39,0,49,20,67,67,0,154,26,0,26,180
11/11/2001,PIA,IL,AGL,CE,Towers with Radar,2,49,33,0,84,0,3,52,0,55,2,52,85,0,139,32,0,32,171
11/12/2001,PIA,IL,AGL,CE,Towers with Radar,5,57,37,0,99,0,1,41,0,42,5,58,78,0,141,14,0,14,155
11/13/2001,PIA,IL,AGL,CE,Towers with Radar,18,87,40,21,166,0,8,36,15,59,18,95,76,36,225,14,12,26,251
11/14/2001,PIA,IL,AGL,CE,Towers with Radar,19,89,44,17,169,1,13,21,32,67,20,102,65,49,236,16,38,54,290
11/15/2001,PIA,IL,AGL,CE,Towers with Radar,17,80,35,37,169,0,4,53,29,86,17,84,88,66,255,20,6,26,281
11/16/2001,PIA,IL,AGL,CE,Towers with Radar,17,74,30,8,129,0,2,28,3,33,17,76,58,11,162,12,14,26,188
11/17/2001,PIA,IL,AGL,CE,Towers with Radar,14,52,26,1,93,0,0,35,0,35,14,52,61,1,128,8,0,8,136
11/18/2001,PIA,IL,AGL,CE,Towers with Radar,3,45,29,0,77,0,0,20,0,20,3,45,49,0,97,10,0,10,107
11/19/2001,PIA,IL,AGL,CE,Towers with Radar,6,59,30,8,103,0,2,32,3,37,6,61,62,11,140,4,10,14,154
11/20/2001,PIA,IL,AGL,CE,Towers with Radar,16,80,46,20,162,0,0,33,38,71,16,80,79,58,233,36,32,68,301
11/21/2001,PIA,IL,AGL,CE,Towers with Radar,17,77,28,18,140,0,6,35,8,49,17,83,63,26,189,26,0,26,215
11/22/2001,PIA,IL,AGL,CE,Towers with Radar,8,55,7,0,70,0,1,19,0,20,8,56,26,0,90,4,0,4,94
11/23/2001,PIA,IL,AGL,CE,Towers with Radar,4,52,31,0,87,0,0,12,0,12,4,52,43,0,99,8,0,8,107
11/24/2001,PIA,IL,AGL,CE,Towers with Radar,4,53,7,0,64,0,0,2,0,2,4,53,9,0,66,0,0,0,66
11/25/2001,PIA,IL,AGL,CE,Towers with Radar,2,46,23,0,71,0,0,20,0,20,2,46,43,0,91,8,0,8,99
11/26/2001,PIA,IL,AGL,CE,Towers with Radar,5,56,22,3,86,0,0,14,5,19,5,56,36,8,105,10,0,10,115
11/27/2001,PIA,IL,AGL,CE,Towers with Radar,14,77,39,12,142,5,11,21,22,59,19,88,60,34,201,10,4,14,215
11/28/2001,PIA,IL,AGL,CE,Towers with Radar,17,76,34,9,136,0,0,6,48,54,17,76,40,57,190,0,30,30,220
11/29/2001,PIA,IL,AGL,CE,Towers with Radar,17,77,53,17,164,0,0,0,0,0,17,77,53,17,164,0,2,2,166
11/30/2001,PIA,IL,AGL,CE,Towers with Radar,20,15,29,16,80,0,0,0,0,0,20,15,29,16,80,0,0,0,80
12/01/2001,PIA,IL,AGL,CE,Towers with Radar,14,51,20,2,87,0,1,50,20,71,14,52,70,22,158,78,0,78,236
12/02/2001,PIA,IL,AGL,CE,Towers with Radar,3,41,34,8,86,0,1,33,15,49,3,42,67,23,135,4,12,16,151
12/03/2001,PIA,IL,AGL,CE,Towers with Radar,8,58,69,9,144,0,2,55,25,82,8,60,124,34,226,34,18,52,278
12/04/2001,PIA,IL,AGL,CE,Towers with Radar,17,70,45,10,142,0,1,17,16,34,17,71,62,26,176,6,18,24,200
12/05/2001,PIA,IL,AGL,CE,Towers with Radar,16,83,45,8,152,0,10,21,12,43,16,93,66,20,195,18,0,18,213
12/06/2001,PIA,IL,AGL,CE,Towers with Radar,19,82,45,17,163,2,12,42,0,56,21,94,87,17,219,30,12,42,261
12/07/2001,PIA,IL,AGL,CE,Towers with Radar,17,75,48,28,168,0,3,62,11,76,17,78,110,39,244,32,40,72,316
12/08/2001,PIA,IL,AGL,CE,Towers with Radar,16,53,11,4,84,3,1,12,8,24,19,54,23,12,108,0,4,4,112
12/09/2001,PIA,IL,AGL,CE,Towers with Radar,3,45,27,0,75,0,0,44,0,44,3,45,71,0,119,90,0,90,209
12/10/2001,PIA,IL,AGL,CE,Towers with Radar,12,54,32,0,98,3,3,28,2,36,15,57,60,2,134,28,0,28,162
12/11/2001,PIA,IL,AGL,CE,Towers with Radar,25,76,39,12,152,10,6,28,27,71,35,82,67,39,223,28,10,38,261
12/12/2001,PIA,IL,AGL,CE,Towers with Radar,16,88,43,12,159,2,0,11,24,37,18,88,54,36,196,0,0,0,196
12/13/2001,PIA,IL,AGL,CE,Towers with Radar,18,82,60,32,192,0,0,1,4,5,18,82,61,36,197,0,4,4,201
12/14/2001,PIA,IL,AGL,CE,Towers with Radar,19,77,43,7,146,11,27,25,0,63,30,104,68,7,209,2,0,2,211
12/15/2001,PIA,IL,AGL,CE,Towers with Radar,15,49,14,4,82,0,0,4,0,4,15,49,18,4,86,0,0,0,86
12/16/2001,PIA,IL,AGL,CE,Towers with Radar,3,53,22,4,82,0,0,2,0,2,3,53,24,4,84,0,0,0,84
12/17/2001,PIA,IL,AGL,CE,Towers with Radar,6,62,35,22,125,0,0,1,0,1,6,62,36,22,126,0,0,0,126
12/18/2001,PIA,IL,AGL,CE,Towers with Radar,18,69,43,40,170,0,2,47,26,75,18,71,90,66,245,38,54,92,337
12/19/2001,PIA,IL,AGL,CE,Towers with Radar,26,84,56,11,177,2,0,14,20,36,28,84,70,31,213,18,4,22,235
12/20/2001,PIA,IL,AGL,CE,Towers with Radar,18,76,26,12,132,0,3,36,33,72,18,79,62,45,204,20,0,20,224
12/21/2001,PIA,IL,AGL,CE,Towers with Radar,18,81,40,1,140,0,1,64,0,65,18,82,104,1,205,11,0,11,216
12/22/2001,PIA,IL,AGL,CE,Towers with Radar,8,50,24,0,82,8,7,3,0,18,16,57,27,0,100,0,0,0,100
12/23/2001,PIA,IL,AGL,CE,Towers with Radar,0,56,11,1,68,0,0,9,0,9,0,56,20,1,77,0,2,2,79
12/24/2001,PIA,IL,AGL,CE,Towers with Radar,0,62,8,0,70,0,1,15,0,16,0,63,23,0,86,0,0,0,86
12/25/2001,PIA,IL,AGL,CE,Towers with Radar,2,51,8,0,61,0,0,4,0,4,2,51,12,0,65,0,0,0,65
12/26/2001,PIA,IL,AGL,CE,Towers with Radar,2,60,27,2,91,0,0,12,0,12,2,60,39,2,103,26,0,26,129
12/27/2001,PIA,IL,AGL,CE,Towers with Radar,10,83,14,10,117,0,1,16,19,36,10,84,30,29,153,26,18,44,197
12/28/2001,PIA,IL,AGL,CE,Towers with Radar,13,76,13,17,119,0,0,29,3,32,13,76,42,20,151,36,4,40,191
12/29/2001,PIA,IL,AGL,CE,Towers with Radar,10,62,10,0,82,0,0,32,0,32,10,62,42,0,114,34,0,34,148
12/30/2001,PIA,IL,AGL,CE,Towers with Radar,3,52,13,0,68,0,1,34,0,35,3,53,47,0,103,58,0,58,161
12/31/2001,PIA,IL,AGL,CE,Towers with Radar,0,61,16,1,78,0,1,44,0,45,0,62,60,1,123,58,0,58,181
01/01/2002,PIA,IL,AGL,CE,Towers with Radar,2,49,16,0,67,1,1,21,0,23,3,50,37,0,90,14,0,14,104
01/02/2002,PIA,IL,AGL,CE,Towers with Radar,10,59,37,11,117,1,0,27,12,40,11,59,64,23,157,16,6,22,179
01/03/2002,PIA,IL,AGL,CE,Towers with Radar,14,80,12,15,121,1,3,53,10,67,15,83,65,25,188,46,16,62,250
01/04/2002,PIA,IL,AGL,CE,Towers with Radar,17,79,20,1,117,1,1,50,5,57,18,80,70,6,174,6,0,6,180
01/05/2002,PIA,IL,AGL,CE,Towers with Radar,10,55,18,0,83,0,10,23,0,33,10,65,41,0,116,18,0,18,134
01/06/2002,PIA,IL,AGL,CE,Towers with Radar,2,45,9,2,58,0,1,10,0,11,2,46,19,2,69,8,0,8,77
01/07/2002,PIA,IL,AGL,CE,Towers with Radar,6,61,22,12,101,0,1,28,21,50,6,62,50,33,151,26,10,36,187
01/08/2002,PIA,IL,AGL,CE,Towers with Radar,18,77,28,7,130,0,0,42,27,69,18,77,70,34,199,6,14,20,219
01/09/2002,PIA,IL,AGL,CE,Towers with Radar,18,81,48,8,155,18,0,48,13,79,36,81,96,21,234,46,6,52,286
01/10/2002,PIA,IL,AGL,CE,Towers with Radar,18,85,32,33,168,0,6,32,41,79,18,91,64,74,247,24,36,60,307
01/11/2002,PIA,IL,AGL,CE,Towers with Radar,17,83,36,3,139,0,14,43,6,63,17,97,79,9,202,40,6,46,248
01/12/2002,PIA,IL,AGL,CE,Towers with Radar,8,57,16,0,81,0,0,32,10,42,8,57,48,10,123,72,6,78,201
01/13/2002,PIA,IL,AGL,CE,Towers with Radar,5,46,20,6,77,0,0,31,19,50,5,46,51,25,127,32,8,40,167
01/14/2002,PIA,IL,AGL,CE,Towers with Radar,7,67,29,28,131,0,0,14,6,20,7,67,43,34,151,2,4,6,157
01/15/2002,PIA,IL,AGL,CE,Towers with Radar,18,82,46,16,162,0,0,14,19,33,18,82,60,35,195,38,32,70,265
01/16/2002,PIA,IL,AGL,CE,Towers with Radar,23,82,38,16,159,0,0,16,45,61,23,82,54,61,220,22,22,44,264
01/17/2002,PIA,IL,AGL,CE,Towers with Radar,18,77,55,15,165,0,1,35,19,55,18,78,90,34,220,42,20,62,282
01/18/2002,PIA,IL,AGL,CE,Towers with Radar,19,80,29,4,132,0,1,37,0,38,19,81,66,4,170,46,0,46,216
01/19/2002,PIA,IL,AGL,CE,Towers with Radar,10,59,11,3,83,0,0,42,0,42,10,59,53,3,125,54,0,54,179
01/20/2002,PIA,IL,AGL,CE,Towers with Radar,4,51,25,2,82,0,0,25,2,27,4,51,50,4,109,38,0,38,147
01/21/2002,PIA,IL,AGL,CE,Towers with Radar,6,54,24,0,84,0,0,37,0,37,6,54,61,0,121,22,0,22,143
01/22/2002,PIA,IL,AGL,CE,Towers with Radar,22,69,31,21,143,0,3,30,15,48,22,72,61,36,191,26,0,26,217
01/23/2002,PIA,IL,AGL,CE,Towers with Radar,16,85,41,18,160,0,1,14,2,17,16,86,55,20,177,30,4,34,211
01/24/2002,PIA,IL,AGL,CE,Towers with Radar,17,89,31,12,149,0,1,26,15,42,17,90,57,27,191,42,20,62,253
01/25/2002,PIA,IL,AGL,CE,Towers with Radar,18,85,30,15,148,0,0,42,20,62,18,85,72,35,210,4,16,20,230
01/26/2002,PIA,IL,AGL,CE,Towers with Radar,11,61,16,1,89,0,1,46,1,48,11,62,62,2,137,22,0,22,159
01/27/2002,PIA,IL,AGL,CE,Towers with Radar,5,50,19,2,76,0,0,54,1,55,5,50,73,3,131,44,0,44,175
01/28/2002,PIA,IL,AGL,CE,Towers with Radar,4,69,23,12,108,0,0,28,23,51,4,69,51,35,159,2,18,20,179
01/29/2002,PIA,IL,AGL,CE,Towers with Radar,18,81,39,21,159,0,0,7,5,12,18,81,46,26,171,6,4,10,181
01/30/2002,PIA,IL,AGL,CE,Towers with Radar,34,46,29,0,109,0,0,0,0,0,34,46,29,0,109,0,0,0,109
01/31/2002,PIA,IL,AGL,CE,Towers with Radar,11,62,21,1,95,0,2,0,0,2,11,64,21,1,97,2,0,2,99
02/01/2002,PIA,IL,AGL,CE,Towers with Radar,15,76,39,21,151,0,2,13,17,32,15,78,52,38,183,8,24,32,215
02/02/2002,PIA,IL,AGL,CE,Towers with Radar,8,56,32,8,104,0,2,38,23,63,8,58,70,31,167,0,4,4,171
02/03/2002,PIA,IL,AGL,CE,Towers with Radar,6,48,12,16,82,0,2,44,33,79,6,50,56,49,161,20,30,50,211
02/04/2002,PIA,IL,AGL,CE,Towers with Radar,6,63,23,26,118,0,2,40,4,46,6,65,63,30,164,10,14,24,188
02/05/2002,PIA,IL,AGL,CE,Towers with Radar,18,74,37,15,144,0,1,37,37,75,18,75,74,52,219,36,44,80,299
02/06/2002,PIA,IL,AGL,CE,Towers with Radar,17,76,39,30,162,32,3,38,0,73,49,79,77,30,235,0,18,18,253
02/07/2002,PIA,IL,AGL,CE,Towers with Radar,18,83,52,17,170,0,1,26,14,41,18,84,78,31,211,2,10,12,223
02/08/2002,PIA,IL,AGL,CE,Towers with Radar,23,84,36,1,144,0,1,40,8,49,23,85,76,9,193,22,4,26,219
02/09/2002,PIA,IL,AGL,CE,Towers with Radar,9,56,6,0,71,0,2,38,0,40,9,58,44,0,111,32,4,36,147
02/10/2002,PIA,IL,AGL,CE,Towers with Radar,4,50,16,0,70,0,1,5,0,6,4,51,21,0,76,0,0,0,76
02/11/2002,PIA,IL,AGL,CE,Towers with Radar,4,60,34,12,110,0,2,20,17,39,4,62,54,29,149,0,24,24,173
02/12/2002,PIA,IL,AGL,CE,Towers with Radar,19,77,37,16,149,0,15,16,19,50,19,92,53,35,199,2,4,6,205
02/13/2002,PIA,IL,AGL,CE,Towers with Radar,20,76,41,12,149,0,1,32,10,43,20,77,73,22,192,32,2,34,226
02/14/2002,PIA,IL,AGL,CE,Towers with Radar,16,86,35,33,170,0,1,21,20,42,16,87,56,53,212,32,0,32,244
02/15/2002,PIA,IL,AGL,CE,Towers with Radar,19,77,24,5,125,0,2,24,0,26,19,79,48,5,151,2,0,2,153
02/16/2002,PIA,IL,AGL,CE,Towers with Radar,9,58,18,2,87,0,1,21,0,22,9,59,39,2,109,8,0,8,117
02/17/2002,PIA,IL,AGL,CE,Towers with Radar,6,48,23,2,79,0,1,60,0,61,6,49,83,2,140,44,0,44,184
02/18/2002,PIA,IL,AGL,CE,Towers with Radar,6,55,39,0,100,0,1,17,0,18,6,56,56,0,118,24,0,24,142
02/19/2002,PIA,IL,AGL,CE,Towers with Radar,14,70,22,11,117,13,0,0,9,22,27,70,22,20,139,0,2,2,141
02/20/2002,PIA,IL,AGL,CE,Towers with Radar,19,79,39,15,152,0,1,2,15,18,19,80,41,30,170,10,4,14,184
02/21/2002,PIA,IL,AGL,CE,Towers with Radar,21,84,34,0,139,0,1,2,5,8,21,85,36,5,147,0,20,20,167
02/22/2002,PIA,IL,AGL,CE,Towers with Radar,14,82,45,10,151,0,2,47,5,54,14,84,92,15,205,28,8,36,241
02/23/2002,PIA,IL,AGL,CE,Towers with Radar,8,63,31,0,102,0,2,55,0,57,8,65,86,0,159,20,0,20,179
02/24/2002,PIA,IL,AGL,CE,Towers with Radar,3,49,16,2,70,0,1,17,0,18,3,50,33,2,88,20,0,20,108
02/25/2002,PIA,IL,AGL,CE,Towers with Radar,6,60,35,31,132,0,1,4,3,8,6,61,39,34,140,0,10,10,150
02/26/2002,PIA,IL,AGL,CE,Towers with Radar,18,76,31,0,125,0,1,0,0,1,18,77,31,0,126,0,0,0,126
02/27/2002,PIA,IL,AGL,CE,Towers with Radar,14,74,35,10,133,3,4,29,0,36,17,78,64,10,169,8,12,20,189
02/28/2002,PIA,IL,AGL,CE,Towers with Radar,18,81,48,4,151,0,2,32,15,49,18,83,80,19,200,20,14,34,234
03/01/2002,PIA,IL,AGL,CE,Towers with Radar,15,78,32,12,137,0,1,18,1,20,15,79,50,13,157,26,8,34,191
03/02/2002,PIA,IL,AGL,CE,Towers with Radar,8,40,5,1,54,0,1,1,1,3,8,41,6,2,57,0,0,0,57
03/03/2002,PIA,IL,AGL,CE,Towers with Radar,0,42,17,0,59,0,1,15,2,18,0,43,32,2,77,10,0,10,87
03/04/2002,PIA,IL,AGL,CE,Towers with Radar,1,62,24,0,87,0,1,4,0,5,1,63,28,0,92,0,0,0,92
03/05/2002,PIA,IL,AGL,CE,Towers with Radar,14,89,34,15,152,0,3,32,12,47,14,92,66,27,199,22,8,30,229
03/06/2002,PIA,IL,AGL,CE,Towers with Radar,22,80,55,10,167,2,1,36,18,57,24,81,91,28,224,36,20,56,280
03/07/2002,PIA,IL,AGL,CE,Towers with Radar,18,86,45,9,158,0,5,25,24,54,18,91,70,33,212,38,38,76,288
03/08/2002,PIA,IL,AGL,CE,Towers with Radar,22,73,38,9,142,5,1,22,6,34,27,74,60,15,176,32,0,32,208
03/09/2002,PIA,IL,AGL,CE,Towers with Radar,9,49,17,0,75,0,1,6,0,7,9,50,23,0,82,0,0,0,82
03/10/2002,PIA,IL,AGL,CE,Towers with Radar,3,49,41,1,94,0,1,26,2,29,3,50,67,3,123,12,0,12,135
03/11/2002,PIA,IL,AGL,CE,Towers with Radar,8,64,28,16,116,11,3,26,5,45,19,67,54,21,161,24,20,44,205
03/12/2002,PIA,IL,AGL,CE,Towers with Radar,20,77,49,9,155,6,2,43,17,68,26,79,92,26,223,72,26,98,321
03/13/2002,PIA,IL,AGL,CE,Towers with Radar,15,73,50,12,150,7,0,51,15,73,22,73,101,27,223,58,36,94,317
03/14/2002,PIA,IL,AGL,CE,Towers with Radar,13,72,43,10,138,3,0,16,30,49,16,72,59,40,187,24,24,48,235
03/15/2002,PIA,IL,AGL,CE,Towers with Radar,12,74,40,6,132,2,5,4,0,11,14,79,44,6,143,32,0,32,175
03/16/2002,PIA,IL,AGL,CE,Towers with Radar,9,56,32,1,98,1,2,33,0,36,10,58,65,1,134,6,0,6,140
03/17/2002,PIA,IL,AGL,CE,Towers with Radar,2,43,26,1,72,0,1,2,7,10,2,44,28,8,82,0,0,0,82
03/18/2002,PIA,IL,AGL,CE,Towers with Radar,7,67,55,21,150,3,3,24,20,50,10,70,79,41,200,44,28,72,272
03/19/2002,PIA,IL,AGL,CE,Towers with Radar,16,78,59,14,167,1,2,15,5,23,17,80,74,19,190,10,10,20,210
03/20/2002,PIA,IL,AGL,CE,Towers with Radar,16,83,60,13,172,0,1,22,16,39,16,84,82,29,211,16,14,30,241
03/21/2002,PIA,IL,AGL,CE,Towers with Radar,15,81,46,20,162,0,1,11,15,27,15,82,57,35,189,0,8,8,197
03/22/2002,PIA,IL,AGL,CE,Towers with Radar,15,78,33,20,146,0,2,40,11,53,15,80,73,31,199,0,44,44,243
03/23/2002,PIA,IL,AGL,CE,Towers with Radar,9,59,33,7,108,0,0,54,16,70,9,59,87,23,178,18,8,26,204
03/24/2002,PIA,IL,AGL,CE,Towers with Radar,3,45,12,6,66,0,2,13,18,33,3,47,25,24,99,64,0,64,163
03/25/2002,PIA,IL,AGL,CE,Towers with Radar,6,55,33,13,107,0,1,5,1,7,6,56,38,14,114,12,0,12,126
03/26/2002,PIA,IL,AGL,CE,Towers with Radar,14,74,57,31,176,0,3,25,37,65,14,77,82,68,241,12,42,54,295
03/27/2002,PIA,IL,AGL,CE,Towers with Radar,17,84,61,12,174,0,1,56,41,98,17,85,117,53,272,30,42,72,344
03/28/2002,PIA,IL,AGL,CE,Towers with Radar,16,77,56,14,163,0,0,40,7,47,16,77,96,21,210,12,26,38,248
03/29/2002,PIA,IL,AGL,CE,Towers with Radar,16,75,27,5,123,0,0,5,1,6,16,75,32,6,129,2,0,2,131
03/30/2002,PIA,IL,AGL,CE,Towers with Radar,7,53,28,0,88,0,0,55,0,55,7,53,83,0,143,58,0,58,201
03/31/2002,PIA,IL,AGL,CE,Towers with Radar,3,50,12,0,65,0,0,16,0,16,3,50,28,0,81,0,0,0,81
04/01/2002,PIA,IL,AGL,CE,Towers with Radar,3,59,37,15,114,1,2,13,0,16,4,61,50,15,130,10,12,22,152
04/02/2002,PIA,IL,AGL,CE,Towers with Radar,14,83,31,11,139,1,0,9,2,12,15,83,40,13,151,0,0,0,151
04/03/2002,PIA,IL,AGL,CE,Towers with Radar,16,77,35,16,144,1,0,18,30,49,17,77,53,46,193,6,46,52,245
04/04/2002,PIA,IL,AGL,CE,Towers with Radar,14,79,41,17,151,1,1,45,47,94,15,80,86,64,245,12,12,24,269
04/05/2002,PIA,IL,AGL,CE,Towers with Radar,9,52,29,7,97,0,7,79,3,89,9,59,108,10,186,36,0,36,222
04/06/2002,PIA,IL,AGL,CE,Towers with Radar,14,72,45,11,142,2,0,42,29,73,16,72,87,40,215,12,24,36,251
04/07/2002,PIA,IL,AGL,CE,Towers with Radar,5,43,16,11,75,0,1,9,2,12,5,44,25,13,87,16,0,16,103
04/08/2002,PIA,IL,AGL,CE,Towers with Radar,3,61,39,7,110,0,1,1,0,2,3,62,40,7,112,0,0,0,112
04/09/2002,PIA,IL,AGL,CE,Towers with Radar,15,78,49,28,170,0,2,20,16,38,15,80,69,44,208,28,20,48,256
04/10/2002,PIA,IL,AGL,CE,Towers with Radar,18,82,60,6,166,0,3,44,31,78,18,85,104,37,244,16,6,22,266
04/11/2002,PIA,IL,AGL,CE,Towers with Radar,19,78,44,10,151,0,0,31,39,70,19,78,75,49,221,12,6,18,239
04/12/2002,PIA,IL,AGL,CE,Towers with Radar,15,78,52,0,145,0,0,8,5,13,15,78,60,5,158,10,0,10,168
04/13/2002,PIA,IL,AGL,CE,Towers with Radar,9,55,40,1,105,0,0,50,0,50,9,55,90,1,155,118,0,118,273
04/14/2002,PIA,IL,AGL,CE,Towers with Radar,5,42,26,1,74,0,0,49,0,49,5,42,75,1,123,40,0,40,163
04/15/2002,PIA,IL,AGL,CE,Towers with Radar,8,60,28,31,127,3,0,45,9,57,11,60,73,40,184,62,18,80,264
04/16/2002,PIA,IL,AGL,CE,Towers with Radar,16,80,30,10,136,4,3,25,11,43,20,83,55,21,179,6,30,36,215
04/17/2002,PIA,IL,AGL,CE,Towers with Radar,14,79,46,0,139,0,0,31,22,53,14,79,77,22,192,0,34,34,226
04/18/2002,PIA,IL,AGL,CE,Towers with Radar,15,71,44,9,139,0,1,26,15,42,15,72,70,24,181,44,64,108,289
04/19/2002,PIA,IL,AGL,CE,Towers with Radar,16,77,36,25,154,0,1,28,7,36,16,78,64,32,190,34,6,40,230
04/20/2002,PIA,IL,AGL,CE,Towers with Radar,9,54,29,20,112,0,4,21,3,28,9,58,50,23,140,38,2,40,180
04/21/2002,PIA,IL,AGL,CE,Towers with Radar,2,49,22,2,75,0,0,0,1,1,2,49,22,3,76,4,0,4,80
04/22/2002,PIA,IL,AGL,CE,Towers with Radar,5,64,36,6,111,0,0,33,0,33,5,64,69,6,144,28,0,28,172
04/23/2002,PIA,IL,AGL,CE,Towers with Radar,16,84,52,9,161,1,1,51,17,70,17,85,103,26,231,62,38,100,331
04/24/2002,PIA,IL,AGL,CE,Towers with Radar,20,72,46,7,145,5,3,22,12,42,25,75,68,19,187,20,8,28,215
04/25/2002,PIA,IL,AGL,CE,Towers with Radar,19,77,38,8,142,3,2,26,22,53,22,79,64,30,195,80,16,96,291
04/26/2002,PIA,IL,AGL,CE,Towers with Radar,15,71,64,1,151,0,1,57,7,65,15,72,121,8,216,36,8,44,260
04/27/2002,PIA,IL,AGL,CE,Towers with Radar,9,50,13,0,72,0,0,4,0,4,9,50,17,0,76,36,8,44,120
04/28/2002,PIA,IL,AGL,CE,Towers with Radar,3,42,32,0,77,0,0,8,0,8,3,42,40,0,85,0,0,0,85
04/29/2002,PIA,IL,AGL,CE,Towers with Radar,4,62,36,2,104,0,0,46,1,47,4,62,82,3,151,10,0,10,161
04/30/2002,PIA,IL,AGL,CE,Towers with Radar,16,74,5,24,119,0,1,29,10,40,16,75,34,34,159,26,24,50,209
05/01/2002,PIA,IL,AGL,CE,Towers with Radar,15,70,35,3,123,1,0,38,19,58,16,70,73,22,181,20,0,20,201
05/02/2002,PIA,IL,AGL,CE,Towers with Radar,14,69,61,11,155,1,0,30,9,40,15,69,91,20,195,60,38,98,293
05/03/2002,PIA,IL,AGL,CE,Towers with Radar,13,76,48,14,151,2,1,74,1,78,15,77,122,15,229,110,8,118,347
05/04/2002,PIA,IL,AGL,CE,Towers with Radar,8,50,26,9,93,1,0,73,27,101,9,50,99,36,194,80,68,148,342
05/05/2002,PIA,IL,AGL,CE,Towers with Radar,1,43,16,11,71,1,0,46,47,94,2,43,62,58,165,34,8,42,207
05/06/2002,PIA,IL,AGL,CE,Towers with Radar,5,62,58,9,134,0,2,30,0,32,5,64,88,9,166,10,2,12,178
05/07/2002,PIA,IL,AGL,CE,Towers with Radar,17,68,50,39,174,0,2,13,9,24,17,70,63,48,198,108,28,136,334
05/08/2002,PIA,IL,AGL,CE,Towers with Radar,24,68,45,16,153,0,0,20,12,32,24,68,65,28,185,62,28,90,275
05/09/2002,PIA,IL,AGL,CE,Towers with Radar,16,68,42,22,148,1,0,22,2,25,17,68,64,24,173,2,48,50,223
05/10/2002,PIA,IL,AGL,CE,Towers with Radar,18,69,39,11,137,0,1,71,12,84,18,70,110,23,221,36,12,48,269
05/11/2002,PIA,IL,AGL,CE,Towers with Radar,10,40,12,0,62,0,0,11,0,11,10,40,23,0,73,10,0,10,83
05/12/2002,PIA,IL,AGL,CE,Towers with Radar,2,34,11,15,62,0,0,2,1,3,2,34,13,16,65,0,12,12,77
05/13/2002,PIA,IL,AGL,CE,Towers with Radar,5,63,45,11,124,1,0,39,1,41,6,63,84,12,165,46,4,50,215
05/14/2002,PIA,IL,AGL,CE,Towers with Radar,21,78,45,7,151,6,1,62,18,87,27,79,107,25,238,130,20,150,388
05/15/2002,PIA,IL,AGL,CE,Towers with Radar,22,75,64,18,179,8,0,48,31,87,30,75,112,49,266,46,18,64,330
05/16/2002,PIA,IL,AGL,CE,Towers with Radar,16,67,48,23,154,0,0,10,1,11,16,67,58,24,165,34,0,34,199
05/17/2002,PIA,IL,AGL,CE,Towers with Radar,15,72,45,23,155,0,0,6,3,9,15,72,51,26,164,4,0,4,168
05/18/2002,PIA,IL,AGL,CE,Towers with Radar,7,47,21,0,75,0,1,50,6,57,7,48,71,6,132,96,0,96,228
05/19/2002,PIA,IL,AGL,CE,Towers with Radar,3,49,31,0,83,0,0,42,0,42,3,49,73,0,125,24,0,24,149
05/20/2002,PIA,IL,AGL,CE,Towers with Radar,4,56,37,10,107,0,2,41,8,51,4,58,78,18,158,56,24,80,238
05/21/2002,PIA,IL,AGL,CE,Towers with Radar,14,73,44,9,140,0,2,73,1,76,14,75,117,10,216,86,30,116,332
05/22/2002,PIA,IL,AGL,CE,Towers with Radar,16,64,49,12,141,0,0,42,26,68,16,64,91,38,209,14,28,42,251
05/23/2002,PIA,IL,AGL,CE,Towers with Radar,15,72,34,6,127,0,0,21,23,44,15,72,55,29,171,34,22,56,227
05/24/2002,PIA,IL,AGL,CE,Towers with Radar,16,70,48,2,136,0,0,28,4,32,16,70,76,6,168,18,0,18,186
05/25/2002,PIA,IL,AGL,CE,Towers with Radar,9,60,30,0,99,0,1,6,0,7,9,61,36,0,106,4,0,4,110
05/26/2002,PIA,IL,AGL,CE,Towers with Radar,0,34,17,0,51,0,0,33,0,33,0,34,50,0,84,20,0,20,104
05/27/2002,PIA,IL,AGL,CE,Towers with Radar,1,37,21,0,59,0,2,53,2,57,1,39,74,2,116,28,0,28,144
05/28/2002,PIA,IL,AGL,CE,Towers with Radar,4,60,28,19,111,0,0,42,22,64,4,60,70,41,175,50,28,78,253
05/29/2002,PIA,IL,AGL,CE,Towers with Radar,13,66,61,24,164,0,0,47,15,62,13,66,108,39,226,0,12,12,238
05/30/2002,PIA,IL,AGL,CE,Towers with Radar,18,74,55,27,174,0,0,56,16,72,18,74,111,43,246,30,30,60,306
05/31/2002,PIA,IL,AGL,CE,Towers with Radar,15,83,39,7,144,0,0,69,15,84,15,83,108,22,228,68,12,80,308
06/01/2002,PIA,IL,AGL,CE,Towers with Radar,7,47,32,8,94,2,13,66,4,85,9,60,98,12,179,104,12,116,295
06/02/2002,PIA,IL,AGL,CE,Towers with Radar,3,42,28,7,80,0,0,43,2,45,3,42,71,9,125,54,4,58,183
06/03/2002,PIA,IL,AGL,CE,Towers with Radar,4,59,40,10,113,0,4,50,35,89,4,63,90,45,202,82,20,102,304
06/04/2002,PIA,IL,AGL,CE,Towers with Radar,19,80,50,16,165,0,0,19,4,23,19,80,69,20,188,12,8,20,208
06/05/2002,PIA,IL,AGL,CE,Towers with Radar,14,86,60,31,191,0,0,9,10,19,14,86,69,41,210,24,6,30,240
06/06/2002,PIA,IL,AGL,CE,Towers with Radar,22,71,10,1,104,5,0,0,0,5,27,71,10,1,109,44,70,114,223
06/07/2002,PIA,IL,AGL,CE,Towers with Radar,18,75,59,28,180,9,0,67,8,84,27,75,126,36,264,80,0,80,344
06/08/2002,PIA,IL,AGL,CE,Towers with Radar,11,43,51,14,119,0,0,64,1,65,11,43,115,15,184,38,6,44,228
06/09/2002,PIA,IL,AGL,CE,Towers with Radar,1,41,28,3,73,0,0,46,2,48,1,41,74,5,121,58,0,58,179
06/10/2002,PIA,IL,AGL,CE,Towers with Radar,9,58,44,12,123,3,1,33,17,54,12,59,77,29,177,44,14,58,235
06/11/2002,PIA,IL,AGL,CE,Towers with Radar,24,75,37,6,142,0,0,6,9,15,24,75,43,15,157,12,12,24,181
06/12/2002,PIA,IL,AGL,CE,Towers with Radar,15,76,54,12,157,0,0,52,19,71,15,76,106,31,228,48,10,58,286
06/13/2002,PIA,IL,AGL,CE,Towers with Radar,14,74,43,13,144,0,0,19,15,34,14,74,62,28,178,20,12,32,210
06/14/2002,PIA,IL,AGL,CE,Towers with Radar,16,62,40,2,120,0,0,39,4,43,16,62,79,6,163,64,0,64,227
06/15/2002,PIA,IL,AGL,CE,Towers with Radar,9,51,38,2,100,0,0,64,4,68,9,51,102,6,168,68,0,68,236
06/16/2002,PIA,IL,AGL,CE,Towers with Radar,2,47,11,0,60,0,0,62,1,63,2,47,73,1,123,62,0,62,185
06/17/2002,PIA,IL,AGL,CE,Towers with Radar,3,60,41,4,108,6,1,70,2,79,9,61,111,6,187,128,2,130,317
06/18/2002,PIA,IL,AGL,CE,Towers with Radar,22,68,65,31,186,4,1,40,15,60,26,69,105,46,246,44,30,74,320
06/19/2002,PIA,IL,AGL,CE,Towers with Radar,16,75,41,8,140,0,0,46,4,50,16,75,87,12,190,114,20,134,324
06/20/2002,PIA,IL,AGL,CE,Towers with Radar,13,72,50,31,166,0,1,52,15,68,13,73,102,46,234,82,46,128,362
06/21/2002,PIA,IL,AGL,CE,Towers with Radar,11,61,43,8,123,4,1,38,0,43,15,62,81,8,166,44,8,52,218
06/22/2002,PIA,IL,AGL,CE,Towers with Radar,9,44,42,3,98,0,1,69,0,70,9,45,111,3,168,54,2,56,224
06/23/2002,PIA,IL,AGL,CE,Towers with Radar,2,44,25,6,77,0,0,65,0,65,2,44,90,6,142,22,0,22,164
06/24/2002,PIA,IL,AGL,CE,Towers with Radar,4,54,64,19,141,0,0,71,3,74,4,54,135,22,215,102,50,152,367
06/25/2002,PIA,IL,AGL,CE,Towers with Radar,19,71,54,6,150,0,0,38,6,44,19,71,92,12,194,8,2,10,204
06/26/2002,PIA,IL,AGL,CE,Towers with Radar,19,63,47,38,167,0,1,34,31,66,19,64,81,69,233,26,12,38,271
06/27/2002,PIA,IL,AGL,CE,Towers with Radar,16,69,54,8,147,0,1,93,19,113,16,70,147,27,260,78,10,88,348
06/28/2002,PIA,IL,AGL,CE,Towers with Radar,14,71,49,17,151,0,0,61,30,91,14,71,110,47,242,18,24,42,284
06/29/2002,PIA,IL,AGL,CE,Towers with Radar,7,50,26,0,83,0,0,0,0,0,7,50,26,0,83,28,0,28,111
06/30/2002,PIA,IL,AGL,CE,Towers with Radar,2,44,15,0,61,0,0,69,0,69,2,44,84,0,130,86,0,86,216
07/01/2002,PIA,IL,AGL,CE,Towers with Radar,5,52,37,9,103,0,2,66,19,87,5,54,103,28,190,38,46,84,274
07/02/2002,PIA,IL,AGL,CE,Towers with Radar,15,67,37,6,125,0,1,72,13,86,15,68,109,19,211,38,8,46,257
07/03/2002,PIA,IL,AGL,CE,Towers with Radar,12,63,44,8,127,0,2,48,24,74,12,65,92,32,201,30,4,34,235
07/04/2002,PIA,IL,AGL,CE,Towers with Radar,4,45,5,0,54,0,1,33,0,34,4,46,38,0,88,38,0,38,126
07/05/2002,PIA,IL,AGL,CE,Towers with Radar,4,42,35,0,81,0,1,78,0,79,4,43,113,0,160,40,0,40,200
07/06/2002,PIA,IL,AGL,CE,Towers with Radar,4,36,13,0,53,0,1,20,0,21,4,37,33,0,74,22,0,22,96
07/07/2002,PIA,IL,AGL,CE,Towers with Radar,3,43,33,0,79,0,1,64,0,65,3,44,97,0,144,20,0,20,164
07/08/2002,PIA,IL,AGL,CE,Towers with Radar,3,49,38,8,98,0,2,53,0,55,3,51,91,8,153,64,0,64,217
07/09/2002,PIA,IL,AGL,CE,Towers with Radar,17,73,47,15,152,1,1,36,10,48,18,74,83,25,200,34,18,52,252
07/10/2002,PIA,IL,AGL,CE,Towers with Radar,16,65,35,13,129,0,3,32,1,36,16,68,67,14,165,60,14,74,239
07/11/2002,PIA,IL,AGL,CE,Towers with Radar,14,73,66,14,167,0,1,27,11,39,14,74,93,25,206,40,12,52,258
07/12/2002,PIA,IL,AGL,CE,Towers with Radar,15,60,32,11,118,0,1,47,1,49,15,61,79,12,167,10,0,10,177
07/13/2002,PIA,IL,AGL,CE,Towers with Radar,12,45,9,3,69,0,1,36,9,46,12,46,45,12,115,0,12,12,127
07/14/2002,PIA,IL,AGL,CE,Towers with Radar,3,36,34,4,77,0,1,57,8,66,3,37,91,12,143,18,0,18,161
07/15/2002,PIA,IL,AGL,CE,Towers with Radar,5,50,52,13,120,0,1,69,10,80,5,51,121,23,200,60,26,86,286
07/16/2002,PIA,IL,AGL,CE,Towers with Radar,15,77,59,21,172,0,8,44,25,77,15,85,103,46,249,4,12,16,265
07/17/2002,PIA,IL,AGL,CE,Towers with Radar,26,63,50,19,158,0,4,35,13,52,26,67,85,32,210,36,0,36,246
07/18/2002,PIA,IL,AGL,CE,Towers with Radar,21,66,72,6,165,0,1,43,6,50,21,67,115,12,215,38,4,42,257
07/19/2002,PIA,IL,AGL,CE,Towers with Radar,16,71,38,8,133,0,0,33,0,33,16,71,71,8,166,52,0,52,218
07/20/2002,PIA,IL,AGL,CE,Towers with Radar,8,42,33,9,92,0,1,27,0,28,8,43,60,9,120,14,0,14,134
07/21/2002,PIA,IL,AGL,CE,Towers with Radar,2,38,33,0,73,0,0,28,2,30,2,38,61,2,103,26,0,26,129
07/22/2002,PIA,IL,AGL,CE,Towers with Radar,5,56,29,7,97,0,0,39,8,47,5,56,68,15,144,22,12,34,178
07/23/2002,PIA,IL,AGL,CE,Towers with Radar,13,64,48,11,136,8,0,45,37,90,21,64,93,48,226,40,26,66,292
07/24/2002,PIA,IL,AGL,CE,Towers with Radar,18,70,45,7,140,2,0,73,11,86,20,70,118,18,226,82,0,82,308
07/25/2002,PIA,IL,AGL,CE,Towers with Radar,18,70,54,11,153,6,0,62,19,87,24,70,116,30,240,120,8,128,368
07/26/2002,PIA,IL,AGL,CE,Towers with Radar,14,65,50,12,141,1,0,31,8,40,15,65,81,20,181,8,0,8,189
07/27/2002,PIA,IL,AGL,CE,Towers with Radar,9,43,23,5,80,0,1,63,0,64,9,44,86,5,144,32,8,40,184
07/28/2002,PIA,IL,AGL,CE,Towers with Radar,3,38,20,0,61,0,0,31,0,31,3,38,51,0,92,0,0,0,92
07/29/2002,PIA,IL,AGL,CE,Towers with Radar,4,51,55,14,124,0,0,13,10,23,4,51,68,24,147,12,22,34,181
07/30/2002,PIA,IL,AGL,CE,Towers with Radar,16,71,52,34,173,0,0,60,18,78,16,71,112,52,251,32,40,72,323
07/31/2002,PIA,IL,AGL,CE,Towers with Radar,16,72,50,19,157,0,0,107,33,140,16,72,157,52,297,32,24,56,353
08/01/2002,PIA,IL,AGL,CE,Towers with Radar,17,70,50,23,160,0,1,52,39,92,17,71,102,62,252,46,22,68,320
08/02/2002,PIA,IL,AGL,CE,Towers with Radar,16,72,22,18,128,0,0,35,20,55,16,72,57,38,183,8,24,32,215
08/03/2002,PIA,IL,AGL,CE,Towers with Radar,9,40,17,0,66,0,1,37,2,40,9,41,54,2,106,32,0,32,138
08/04/2002,PIA,IL,AGL,CE,Towers with Radar,6,43,33,0,82,0,0,46,0,46,6,43,79,0,128,50,0,50,178
08/05/2002,PIA,IL,AGL,CE,Towers with Radar,4,59,38,46,147,0,0,19,8,27,4,59,57,54,174,32,26,58,232
08/06/2002,PIA,IL,AGL,CE,Towers with Radar,16,64,37,17,134,0,0,50,17,67,16,64,87,34,201,48,0,48,249
08/07/2002,PIA,IL,AGL,CE,Towers with Radar,17,71,43,9,140,3,0,55,27,85,20,71,98,36,225,96,24,120,345
08/08/2002,PIA,IL,AGL,CE,Towers with Radar,19,63,49,5,136,25,1,56,25,107,44,64,105,30,243,10,30,40,283
08/09/2002,PIA,IL,AGL,CE,Towers with Radar,16,69,41,4,130,0,1,57,2,60,16,70,98,6,190,84,8,92,282
08/10/2002,PIA,IL,AGL,CE,Towers with Radar,9,44,31,2,86,0,2,77,5,84,9,46,108,7,170,96,2,98,268
08/11/2002,PIA,IL,AGL,CE,Towers with Radar,1,42,38,2,83,0,0,50,4,54,1,42,88,6,137,26,0,26,163
08/12/2002,PIA,IL,AGL,CE,Towers with Radar,4,62,46,20,132,0,0,32,26,58,4,62,78,46,190,26,42,68,258
08/13/2002,PIA,IL,AGL,CE,Towers with Radar,18,70,51,15,154,0,0,11,10,21,18,70,62,25,175,0,20,20,195
08/14/2002,PIA,IL,AGL,CE,Towers with Radar,16,74,68,10,168,0,0,47,47,94,16,74,115,57,262,18,10,28,290
08/15/2002,PIA,IL,AGL,CE,Towers with Radar,16,74,37,5,132,0,0,23,1,24,16,74,60,6,156,34,0,34,190
08/16/2002,PIA,IL,AGL,CE,Towers with Radar,16,67,39,12,134,0,1,19,3,23,16,68,58,15,157,48,14,62,219
08/17/2002,PIA,IL,AGL,CE,Towers with Radar,9,45,13,2,69,0,0,18,1,19,9,45,31,3,88,38,0,38,126
08/18/2002,PIA,IL,AGL,CE,Towers with Radar,3,41,51,0,95,0,0,63,0,63,3,41,114,0,158,58,0,58,216
08/19/2002,PIA,IL,AGL,CE,Towers with Radar,4,58,42,23,127,0,0,19,0,19,4,58,61,23,146,22,2,24,170
08/20/2002,PIA,IL,AGL,CE,Towers with Radar,15,71,40,34,160,0,2,43,32,77,15,73,83,66,237,88,0,88,325
08/21/2002,PIA,IL,AGL,CE,Towers with Radar,15,70,56,6,147,0,1,52,26,79,15,71,108,32,226,18,12,30,256
08/22/2002,PIA,IL,AGL,CE,Towers with Radar,17,66,41,12,136,0,0,28,25,53,17,66,69,37,189,6,4,10,199
08/23/2002,PIA,IL,AGL,CE,Towers with Radar,13,52,27,3,95,0,0,8,2,10,13,52,35,5,105,14,0,14,119
08/24/2002,PIA,IL,AGL,CE,Towers with Radar,14,55,37,8,114,0,0,21,0,21,14,55,58,8,135,34,2,36,171
08/25/2002,PIA,IL,AGL,CE,Towers with Radar,3,42,27,3,75,0,0,46,0,46,3,42,73,3,121,30,0,30,151
08/26/2002,PIA,IL,AGL,CE,Towers with Radar,4,58,40,11,113,0,1,40,6,47,4,59,80,17,160,60,14,74,234
08/27/2002,PIA,IL,AGL,CE,Towers with Radar,18,69,58,8,153,0,2,46,12,60,18,71,104,20,213,36,32,68,281
08/28/2002,PIA,IL,AGL,CE,Towers with Radar,16,71,39,2,128,0,0,56,42,98,16,71,95,44,226,46,0,46,272
08/29/2002,PIA,IL,AGL,CE,Towers with Radar,14,73,47,12,146,4,1,47,31,83,18,74,94,43,229,28,10,38,267
08/30/2002,PIA,IL,AGL,CE,Towers with Radar,18,63,33,3,117,0,0,46,1,47,18,63,79,4,164,16,0,16,180
08/31/2002,PIA,IL,AGL,CE,Towers with Radar,8,42,11,2,63,0,0,49,0,49,8,42,60,2,112,46,2,48,160
09/01/2002,PIA,IL,AGL,CE,Towers with Radar,1,44,9,1,55,0,0,51,0,51,1,44,60,1,106,10,0,10,116
09/02/2002,PIA,IL,AGL,CE,Towers with Radar,1,34,20,0,55,0,0,43,0,43,1,34,63,0,98,56,0,56,154
09/03/2002,PIA,IL,AGL,CE,Towers with Radar,4,63,31,1,99,0,1,39,4,44,4,64,70,5,143,32,6,38,181
09/04/2002,PIA,IL,AGL,CE,Towers with Radar,20,77,61,14,172,0,1,62,53,116,20,78,123,67,288,52,24,76,364
09/05/2002,PIA,IL,AGL,CE,Towers with Radar,17,73,59,11,160,0,0,54,29,83,17,73,113,40,243,12,20,32,275
09/06/2002,PIA,IL,AGL,CE,Towers with Radar,16,73,19,9,117,0,0,44,26,70,16,73,63,35,187,0,4,4,191
09/07/2002,PIA,IL,AGL,CE,Towers with Radar,9,48,16,15,88,0,0,53,28,81,9,48,69,43,169,60,0,60,229
09/08/2002,PIA,IL,AGL,CE,Towers with Radar,6,40,15,10,71,0,0,57,45,102,6,40,72,55,173,50,6,56,229
09/09/2002,PIA,IL,AGL,CE,Towers with Radar,4,58,24,0,86,0,0,36,37,73,4,58,60,37,159,28,0,28,187
09/10/2002,PIA,IL,AGL,CE,Towers with Radar,12,70,21,5,108,0,0,17,21,38,12,70,38,26,146,44,0,44,190
09/11/2002,PIA,IL,AGL,CE,Towers with Radar,12,64,36,11,123,0,0,50,18,68,12,64,86,29,191,52,8,60,251
09/12/2002,PIA,IL,AGL,CE,Towers with Radar,12,66,40,7,125,6,4,50,36,96,18,70,90,43,221,62,20,82,303
09/13/2002,PIA,IL,AGL,CE,Towers with Radar,16,75,29,3,123,0,0,52,22,74,16,75,81,25,197,16,4,20,217
09/14/2002,PIA,IL,AGL,CE,Towers with Radar,7,44,12,2,65,0,0,19,9,28,7,44,31,11,93,20,0,20,113
09/15/2002,PIA,IL,AGL,CE,Towers with Radar,4,43,38,11,96,0,0,15,0,15,4,43,53,11,111,8,0,8,119
09/16/2002,PIA,IL,AGL,CE,Towers with Radar,5,55,35,19,114,0,0,44,14,58,5,55,79,33,172,44,58,102,274
09/17/2002,PIA,IL,AGL,CE,Towers with Radar,17,76,43,17,153,0,0,44,31,75,17,76,87,48,228,26,66,92,320
09/18/2002,PIA,IL,AGL,CE,Towers with Radar,16,74,46,13,149,0,0,5,22,27,16,74,51,35,176,6,10,16,192
09/19/2002,PIA,IL,AGL,CE,Towers with Radar,16,78,54,7,155,0,0,21,17,38,16,78,75,24,193,6,0,6,199
09/20/2002,PIA,IL,AGL,CE,Towers with Radar,15,77,77,10,179,0,0,24,7,31,15,77,101,17,210,64,14,78,288
09/21/2002,PIA,IL,AGL,CE,Towers with Radar,8,49,43,0,100,0,1,47,16,64,8,50,90,16,164,46,0,46,210
09/22/2002,PIA,IL,AGL,CE,Towers with Radar,4,44,37,0,85,0,1,75,0,76,4,45,112,0,161,68,0,68,229
09/23/2002,PIA,IL,AGL,CE,Towers with Radar,0,61,37,0,98,0,0,61,4,65,0,61,98,4,163,28,0,28,191
09/24/2002,PIA,IL,AGL,CE,Towers with Radar,16,71,49,12,148,0,2,63,16,81,16,73,112,28,229,44,4,48,277
09/25/2002,PIA,IL,AGL,CE,Towers with Radar,5,74,66,11,156,0,0,35,6,41,5,74,101,17,197,12,12,24,221
09/26/2002,PIA,IL,AGL,CE,Towers with Radar,16,70,49,3,138,0,0,39,3,42,16,70,88,6,180,12,0,12,192
09/27/2002,PIA,IL,AGL,CE,Towers with Radar,16,79,32,3,130,0,0,17,0,17,16,79,49,3,147,44,0,44,191
09/28/2002,PIA,IL,AGL,CE,Towers with Radar,25,51,31,0,107,0,0,49,2,51,25,51,80,2,158,50,0,50,208
09/29/2002,PIA,IL,AGL,CE,Towers with Radar,6,41,39,0,86,0,0,44,0,44,6,41,83,0,130,46,0,46,176
09/30/2002,PIA,IL,AGL,CE,Towers with Radar,4,64,31,0,99,0,0,31,0,31,4,64,62,0,130,10,0,10,140
10/01/2002,PIA,IL,AGL,CE,Towers with Radar,15,77,43,7,142,1,0,33,9,43,16,77,76,16,185,12,2,14,199
10/02/2002,PIA,IL,AGL,CE,Towers with Radar,35,73,43,12,163,1,0,33,20,54,36,73,76,32,217,48,12,60,277
10/03/2002,PIA,IL,AGL,CE,Towers with Radar,34,74,38,23,169,1,0,11,8,20,35,74,49,31,189,22,12,34,223
10/04/2002,PIA,IL,AGL,CE,Towers with Radar,16,81,30,6,133,1,5,4,16,26,17,86,34,22,159,0,20,20,179
10/05/2002,PIA,IL,AGL,CE,Towers with Radar,6,53,28,6,93,1,0,56,11,68,7,53,84,17,161,64,14,78,239
10/06/2002,PIA,IL,AGL,CE,Towers with Radar,3,51,16,7,77,1,0,36,3,40,4,51,52,10,117,34,3,37,154
10/07/2002,PIA,IL,AGL,CE,Towers with Radar,5,58,22,7,92,1,0,47,6,54,6,58,69,13,146,78,0,78,224
10/08/2002,PIA,IL,AGL,CE,Towers with Radar,16,77,50,14,157,1,0,42,18,61,17,77,92,32,218,44,40,84,302
10/09/2002,PIA,IL,AGL,CE,Towers with Radar,15,71,51,16,153,0,1,53,9,63,15,72,104,25,216,34,28,62,278
10/10/2002,PIA,IL,AGL,CE,Towers with Radar,16,73,56,9,154,0,1,61,30,92,16,74,117,39,246,52,10,62,308
10/11/2002,PIA,IL,AGL,CE,Towers with Radar,15,68,18,1,102,11,44,63,3,121,26,112,81,4,223,64,0,64,287
10/12/2002,PIA,IL,AGL,CE,Towers with Radar,10,52,30,1,93,0,1,7,4,12,10,53,37,5,105,34,0,34,139
10/13/2002,PIA,IL,AGL,CE,Towers with Radar,4,42,18,1,65,0,1,42,1,44,4,43,60,2,109,56,0,56,165
10/14/2002,PIA,IL,AGL,CE,Towers with Radar,4,52,28,2,86,0,1,58,0,59,4,53,86,2,145,84,0,84,229
10/15/2002,PIA,IL,AGL,CE,Towers with Radar,15,69,53,10,147,0,1,31,6,38,15,70,84,16,185,30,12,42,227
10/16/2002,PIA,IL,AGL,CE,Towers with Radar,15,81,52,24,172,0,1,50,33,84,15,82,102,57,256,28,6,34,290
10/17/2002,PIA,IL,AGL,CE,Towers with Radar,16,82,44,8,150,1,10,25,9,45,17,92,69,17,195,42,0,42,237
10/18/2002,PIA,IL,AGL,CE,Towers with Radar,19,78,42,8,147,3,1,15,8,27,22,79,57,16,174,10,8,18,192
10/19/2002,PIA,IL,AGL,CE,Towers with Radar,8,54,24,3,89,0,1,50,6,57,8,55,74,9,146,44,0,44,190
10/20/2002,PIA,IL,AGL,CE,Towers with Radar,2,47,32,8,89,0,0,86,15,101,2,47,118,23,190,26,8,34,224
10/21/2002,PIA,IL,AGL,CE,Towers with Radar,4,64,41,12,121,0,0,34,8,42,4,64,75,20,163,52,16,68,231
10/22/2002,PIA,IL,AGL,CE,Towers with Radar,15,81,46,12,154,0,8,22,5,35,15,89,68,17,189,14,0,14,203
10/23/2002,PIA,IL,AGL,CE,Towers with Radar,18,69,54,15,156,0,0,20,9,29,18,69,74,24,185,50,24,74,259
10/24/2002,PIA,IL,AGL,CE,Towers with Radar,15,78,85,34,212,0,0,5,4,9,15,78,90,38,221,0,0,0,221
10/25/2002,PIA,IL,AGL,CE,Towers with Radar,21,71,52,2,146,5,0,1,0,6,26,71,53,2,152,0,0,0,152
10/26/2002,PIA,IL,AGL,CE,Towers with Radar,10,57,40,0,107,0,0,10,0,10,10,57,50,0,117,12,0,12,129
10/27/2002,PIA,IL,AGL,CE,Towers with Radar,2,50,35,0,87,0,2,26,0,28,2,52,61,0,115,10,0,10,125
10/28/2002,PIA,IL,AGL,CE,Towers with Radar,4,57,31,0,92,0,2,25,0,27,4,59,56,0,119,0,0,0,119
10/29/2002,PIA,IL,AGL,CE,Towers with Radar,16,71,31,23,141,0,0,8,8,16,16,71,39,31,157,12,8,20,177
10/30/2002,PIA,IL,AGL,CE,Towers with Radar,18,76,61,60,215,0,0,9,0,9,18,76,70,60,224,8,36,44,268
10/31/2002,PIA,IL,AGL,CE,Towers with Radar,22,65,54,5,146,0,0,13,9,22,22,65,67,14,168,38,0,38,206
11/01/2002,PIA,IL,AGL,CE,Towers with Radar,20,74,22,26,142,0,0,38,24,62,20,74,60,50,204,20,12,32,236
11/02/2002,PIA,IL,AGL,CE,Towers with Radar,8,52,18,2,80,0,0,50,11,61,8,52,68,13,141,8,0,8,149
11/03/2002,PIA,IL,AGL,CE,Towers with Radar,1,49,19,14,83,0,0,4,6,10,1,49,23,20,93,0,0,0,93
11/04/2002,PIA,IL,AGL,CE,Towers with Radar,2,58,39,15,114,0,0,42,19,61,2,58,81,34,175,38,2,40,215
11/05/2002,PIA,IL,AGL,CE,Towers with Radar,14,80,44,14,152,0,0,3,3,6,14,80,47,17,158,0,0,0,158
11/06/2002,PIA,IL,AGL,CE,Towers with Radar,14,80,50,2,146,3,0,24,9,36,17,80,74,11,182,44,0,44,226
11/07/2002,PIA,IL,AGL,CE,Towers with Radar,14,85,65,5,169,0,1,44,11,56,14,86,109,16,225,18,6,24,249
11/08/2002,PIA,IL,AGL,CE,Towers with Radar,14,81,43,0,138,0,0,16,7,23,14,81,59,7,161,10,4,14,175
11/09/2002,PIA,IL,AGL,CE,Towers with Radar,8,56,29,0,93,0,4,5,2,11,8,60,34,2,104,8,6,14,118
11/10/2002,PIA,IL,AGL,CE,Towers with Radar,5,39,34,5,83,0,0,28,1,29,5,39,62,6,112,42,0,42,154
11/11/2002,PIA,IL,AGL,CE,Towers with Radar,2,54,47,0,103,0,0,22,1,23,2,54,69,1,126,22,0,22,148
11/12/2002,PIA,IL,AGL,CE,Towers with Radar,15,68,60,7,150,0,0,31,15,46,15,68,91,22,196,38,8,46,242
11/13/2002,PIA,IL,AGL,CE,Towers with Radar,16,30,64,31,141,0,0,73,21,94,16,30,137,52,235,40,18,58,293
11/14/2002,PIA,IL,AGL,CE,Towers with Radar,16,67,51,25,159,0,0,32,19,51,16,67,83,44,210,36,10,46,256
11/15/2002,PIA,IL,AGL,CE,Towers with Radar,14,70,61,39,184,0,0,5,10,15,14,70,66,49,199,16,18,34,233
11/16/2002,PIA,IL,AGL,CE,Towers with Radar,7,57,16,1,81,0,0,6,1,7,7,57,22,2,88,0,0,0,88
11/17/2002,PIA,IL,AGL,CE,Towers with Radar,2,44,35,12,93,0,0,45,6,51,2,44,80,18,144,0,8,8,152
11/18/2002,PIA,IL,AGL,CE,Towers with Radar,2,53,24,41,120,0,0,36,5,41,2,53,60,46,161,32,20,52,213
11/19/2002,PIA,IL,AGL,CE,Towers with Radar,14,77,56,25,172,0,0,50,21,71,14,77,106,46,243,32,20,52,295
11/20/2002,PIA,IL,AGL,CE,Towers with Radar,14,74,52,0,140,0,0,30,27,57,14,74,82,27,197,28,4,32,229
11/21/2002,PIA,IL,AGL,CE,Towers with Radar,14,77,36,0,127,0,2,2,5,9,14,79,38,5,136,2,0,2,138
11/22/2002,PIA,IL,AGL,CE,Towers with Radar,13,78,28,14,133,0,2,30,15,47,13,80,58,29,180,42,8,50,230
11/23/2002,PIA,IL,AGL,CE,Towers with Radar,6,42,26,1,75,1,16,51,0,68,7,58,77,1,143,36,0,36,179
11/24/2002,PIA,IL,AGL,CE,Towers with Radar,2,43,26,0,71,0,18,34,2,54,2,61,60,2,125,38,2,40,165
11/25/2002,PIA,IL,AGL,CE,Towers with Radar,1,59,38,0,98,0,0,49,0,49,1,59,87,0,147,42,0,42,189
11/26/2002,PIA,IL,AGL,CE,Towers with Radar,9,64,39,11,123,7,8,7,11,33,16,72,46,22,156,32,44,76,232
11/27/2002,PIA,IL,AGL,CE,Towers with Radar,14,74,31,28,147,0,0,54,37,91,14,74,85,65,238,34,24,58,296
11/28/2002,PIA,IL,AGL,CE,Towers with Radar,8,51,8,0,67,0,0,26,0,26,8,51,34,0,93,4,0,4,97
11/29/2002,PIA,IL,AGL,CE,Towers with Radar,4,49,7,0,60,0,0,28,0,28,4,49,35,0,88,20,0,20,108
11/30/2002,PIA,IL,AGL,CE,Towers with Radar,4,46,13,0,63,0,0,12,0,12,4,46,25,0,75,12,0,12,87
12/01/2002,PIA,IL,AGL,CE,Towers with Radar,0,49,27,0,76,0,0,29,0,29,0,49,56,0,105,30,0,30,135
12/02/2002,PIA,IL,AGL,CE,Towers with Radar,11,46,19,13,89,1,0,17,0,18,12,46,36,13,107,10,6,16,123
12/03/2002,PIA,IL,AGL,CE,Towers with Radar,14,72,39,25,150,24,1,11,15,51,38,73,50,40,201,14,44,58,259
12/04/2002,PIA,IL,AGL,CE,Towers with Radar,13,72,59,12,156,1,2,39,18,60,14,74,98,30,216,30,4,34,250
12/05/2002,PIA,IL,AGL,CE,Towers with Radar,13,72,33,18,136,1,0,23,9,33,14,72,56,27,169,38,8,46,215
12/06/2002,PIA,IL,AGL,CE,Towers with Radar,16,84,60,19,179,1,10,48,22,81,17,94,108,41,260,48,6,54,314
12/07/2002,PIA,IL,AGL,CE,Towers with Radar,9,50,33,7,99,3,0,46,11,60,12,50,79,18,159,42,6,48,207
12/08/2002,PIA,IL,AGL,CE,Towers with Radar,0,45,26,13,84,0,1,55,23,79,0,46,81,36,163,40,18,58,221
12/09/2002,PIA,IL,AGL,CE,Towers with Radar,2,42,28,5,77,0,0,37,34,71,2,42,65,39,148,0,0,0,148
12/10/2002,PIA,IL,AGL,CE,Towers with Radar,16,88,53,33,190,0,1,96,17,114,16,89,149,50,304,110,32,142,446
12/11/2002,PIA,IL,AGL,CE,Towers with Radar,14,82,47,27,170,0,1,32,26,59,14,83,79,53,229,20,32,52,281
12/12/2002,PIA,IL,AGL,CE,Towers with Radar,15,76,68,14,173,0,2,21,31,54,15,78,89,45,227,40,10,50,277
12/13/2002,PIA,IL,AGL,CE,Towers with Radar,18,67,28,7,120,0,30,13,2,45,18,97,41,9,165,26,0,26,191
12/14/2002,PIA,IL,AGL,CE,Towers with Radar,4,36,28,0,68,0,1,18,0,19,4,37,46,0,87,0,0,0,87
12/15/2002,PIA,IL,AGL,CE,Towers with Radar,0,45,27,2,74,0,1,44,3,48,0,46,71,5,122,14,0,14,136
12/16/2002,PIA,IL,AGL,CE,Towers with Radar,2,54,34,3,93,0,1,20,4,25,2,55,54,7,118,2,0,2,120
12/17/2002,PIA,IL,AGL,CE,Towers with Radar,14,83,49,14,160,0,1,3,4,8,14,84,52,18,168,0,4,4,172
12/18/2002,PIA,IL,AGL,CE,Towers with Radar,18,59,24,0,101,0,1,3,0,4,18,60,27,0,105,10,0,10,115
12/19/2002,PIA,IL,AGL,CE,Towers with Radar,18,78,27,19,142,0,1,27,17,45,18,79,54,36,187,14,4,18,205
12/20/2002,PIA,IL,AGL,CE,Towers with Radar,15,67,40,0,122,0,1,14,0,15,15,68,54,0,137,0,0,0,137
12/21/2002,PIA,IL,AGL,CE,Towers with Radar,8,54,21,1,84,0,1,54,1,56,8,55,75,2,140,50,0,50,190
12/22/2002,PIA,IL,AGL,CE,Towers with Radar,0,47,27,1,75,0,0,28,0,28,0,47,55,1,103,58,0,58,161
12/23/2002,PIA,IL,AGL,CE,Towers with Radar,2,65,40,0,107,0,0,63,0,63,2,65,103,0,170,42,2,44,214
12/24/2002,PIA,IL,AGL,CE,Towers with Radar,12,70,14,0,96,0,0,14,0,14,12,70,28,0,110,4,0,4,114
12/25/2002,PIA,IL,AGL,CE,Towers with Radar,2,48,0,0,50,0,0,6,0,6,2,48,6,0,56,0,0,0,56
12/26/2002,PIA,IL,AGL,CE,Towers with Radar,4,52,27,0,83,0,0,36,0,36,4,52,63,0,119,18,0,18,137
12/27/2002,PIA,IL,AGL,CE,Towers with Radar,16,69,10,0,95,0,0,18,0,18,16,69,28,0,113,52,0,52,165
12/28/2002,PIA,IL,AGL,CE,Towers with Radar,8,52,10,0,70,0,0,40,0,40,8,52,50,0,110,26,0,26,136
12/29/2002,PIA,IL,AGL,CE,Towers with Radar,1,47,31,0,79,0,0,41,0,41,1,47,72,0,120,22,0,22,142
12/30/2002,PIA,IL,AGL,CE,Towers with Radar,2,47,18,2,69,0,0,5,0,5,2,47,23,2,74,0,0,0,74
12/31/2002,PIA,IL,AGL,CE,Towers with Radar,8,54,27,2,91,4,16,31,0,51,12,70,58,2,142,30,0,30,172
01/01/2003,PIA,IL,AGL,CE,Towers with Radar,8,45,20,0,73,1,0,16,0,17,9,45,36,0,90,12,0,12,102
01/02/2003,PIA,IL,AGL,CE,Towers with Radar,7,50,20,4,81,2,0,2,1,5,9,50,22,5,86,0,0,0,86
01/03/2003,PIA,IL,AGL,CE,Towers with Radar,15,68,29,2,114,1,0,59,10,70,16,68,88,12,184,36,0,36,220
01/04/2003,PIA,IL,AGL,CE,Towers with Radar,6,52,18,0,76,1,0,37,3,41,7,52,55,3,117,30,0,30,147
01/05/2003,PIA,IL,AGL,CE,Towers with Radar,0,42,17,0,59,0,2,0,0,2,0,44,17,0,61,0,0,0,61
01/06/2003,PIA,IL,AGL,CE,Towers with Radar,2,51,14,10,77,1,0,23,6,30,3,51,37,16,107,20,20,40,147
01/07/2003,PIA,IL,AGL,CE,Towers with Radar,13,72,24,9,118,1,0,24,7,32,14,72,48,16,150,68,0,68,218
01/08/2003,PIA,IL,AGL,CE,Towers with Radar,14,88,28,11,141,1,0,25,6,32,15,88,53,17,173,26,6,32,205
01/09/2003,PIA,IL,AGL,CE,Towers with Radar,18,67,38,18,141,0,1,23,14,38,18,68,61,32,179,4,20,24,203
01/10/2003,PIA,IL,AGL,CE,Towers with Radar,16,86,40,15,157,0,9,19,1,29,16,95,59,16,186,24,0,24,210
01/11/2003,PIA,IL,AGL,CE,Towers with Radar,8,47,18,1,74,0,2,23,0,25,8,49,41,1,99,2,0,2,101
01/12/2003,PIA,IL,AGL,CE,Towers with Radar,2,39,17,6,64,0,1,19,5,25,2,40,36,11,89,8,14,22,111
01/13/2003,PIA,IL,AGL,CE,Towers with Radar,5,45,27,11,88,0,0,21,3,24,5,45,48,14,112,24,12,36,148
01/14/2003,PIA,IL,AGL,CE,Towers with Radar,16,70,34,6,126,0,0,36,9,45,16,70,70,15,171,82,16,98,269
01/15/2003,PIA,IL,AGL,CE,Towers with Radar,17,74,38,27,156,0,0,16,48,64,17,74,54,75,220,14,16,30,250
01/16/2003,PIA,IL,AGL,CE,Towers with Radar,15,69,27,4,115,0,0,7,11,18,15,69,34,15,133,0,8,8,141
01/17/2003,PIA,IL,AGL,CE,Towers with Radar,17,68,20,1,106,0,0,17,2,19,17,68,37,3,125,0,0,0,125
01/18/2003,PIA,IL,AGL,CE,Towers with Radar,8,46,17,1,72,0,0,18,0,18,8,46,35,1,90,8,0,8,98
01/19/2003,PIA,IL,AGL,CE,Towers with Radar,2,43,19,4,68,0,0,5,0,5,2,43,24,4,73,0,0,0,73
01/20/2003,PIA,IL,AGL,CE,Towers with Radar,4,46,24,2,76,0,0,29,0,29,4,46,53,2,105,44,0,44,149
01/21/2003,PIA,IL,AGL,CE,Towers with Radar,18,60,35,21,134,0,0,33,17,50,18,60,68,38,184,16,22,38,222
01/22/2003,PIA,IL,AGL,CE,Towers with Radar,16,59,37,13,125,0,0,18,31,49,16,59,55,44,174,0,24,24,198
01/23/2003,PIA,IL,AGL,CE,Towers with Radar,16,71,28,15,130,0,0,21,8,29,16,71,49,23,159,10,14,24,183
01/24/2003,PIA,IL,AGL,CE,Towers with Radar,13,68,32,1,114,5,4,13,0,22,18,72,45,1,136,0,0,0,136
01/25/2003,PIA,IL,AGL,CE,Towers with Radar,13,50,15,4,82,0,0,49,7,56,13,50,64,11,138,26,10,36,174
01/26/2003,PIA,IL,AGL,CE,Towers with Radar,2,43,12,1,58,0,0,14,1,15,2,43,26,2,73,40,0,40,113
01/27/2003,PIA,IL,AGL,CE,Towers with Radar,4,48,39,3,94,0,0,10,6,16,4,48,49,9,110,6,0,6,116
01/28/2003,PIA,IL,AGL,CE,Towers with Radar,20,65,46,24,155,0,0,18,1,19,20,65,64,25,174,16,10,26,200
01/29/2003,PIA,IL,AGL,CE,Towers with Radar,19,83,42,2,146,0,1,15,7,23,19,84,57,9,169,4,12,16,185
01/30/2003,PIA,IL,AGL,CE,Towers with Radar,15,77,51,17,160,0,0,10,9,19,15,77,61,26,179,10,8,18,197
01/31/2003,PIA,IL,AGL,CE,Towers with Radar,15,66,31,0,112,0,0,0,1,1,15,66,31,1,113,10,8,18,131
02/01/2003,PIA,IL,AGL,CE,Towers with Radar,7,49,35,16,107,1,1,8,11,21,8,50,43,27,128,20,12,32,160
02/02/2003,PIA,IL,AGL,CE,Towers with Radar,3,45,24,12,84,1,1,12,4,18,4,46,36,16,102,54,2,56,158
02/03/2003,PIA,IL,AGL,CE,Towers with Radar,2,51,34,5,92,1,1,0,0,2,3,52,34,5,94,0,0,0,94
02/04/2003,PIA,IL,AGL,CE,Towers with Radar,11,71,32,10,124,1,1,4,23,29,12,72,36,33,153,4,20,24,177
02/05/2003,PIA,IL,AGL,CE,Towers with Radar,11,76,53,8,148,1,1,37,20,59,12,77,90,28,207,56,48,104,311
02/06/2003,PIA,IL,AGL,CE,Towers with Radar,11,76,52,15,154,1,1,22,32,56,12,77,74,47,210,34,16,50,260
02/07/2003,PIA,IL,AGL,CE,Towers with Radar,15,82,31,18,146,1,1,13,29,44,16,83,44,47,190,8,20,28,218
02/08/2003,PIA,IL,AGL,CE,Towers with Radar,7,49,29,2,87,1,2,23,2,28,8,51,52,4,115,20,0,20,135
02/09/2003,PIA,IL,AGL,CE,Towers with Radar,0,40,23,1,64,0,0,49,0,49,0,40,72,1,113,22,0,22,135
02/10/2003,PIA,IL,AGL,CE,Towers with Radar,0,52,24,13,89,0,2,14,10,26,0,54,38,23,115,10,2,12,127
02/11/2003,PIA,IL,AGL,CE,Towers with Radar,11,82,34,9,136,1,2,16,15,34,12,84,50,24,170,2,6,8,178
02/12/2003,PIA,IL,AGL,CE,Towers with Radar,10,78,40,4,132,1,1,41,35,78,11,79,81,39,210,8,0,8,218
02/13/2003,PIA,IL,AGL,CE,Towers with Radar,12,81,39,3,135,0,2,35,34,71,12,83,74,37,206,6,16,22,228
02/14/2003,PIA,IL,AGL,CE,Towers with Radar,12,74,31,1,118,0,2,1,10,13,12,76,32,11,131,0,0,0,131
02/15/2003,PIA,IL,AGL,CE,Towers with Radar,10,39,8,1,58,0,1,0,0,1,10,40,8,1,59,0,0,0,59
02/16/2003,PIA,IL,AGL,CE,Towers with Radar,2,37,10,1,50,0,1,16,0,17,2,38,26,1,67,12,0,12,79
02/17/2003,PIA,IL,AGL,CE,Towers with Radar,0,54,31,2,87,0,1,7,0,8,0,55,38,2,95,24,0,24,119
02/18/2003,PIA,IL,AGL,CE,Towers with Radar,14,73,34,7,128,0,1,17,30,48,14,74,51,37,176,22,16,38,214
02/19/2003,PIA,IL,AGL,CE,Towers with Radar,10,75,30,52,167,0,1,26,21,48,10,76,56,73,215,40,32,72,287
02/20/2003,PIA,IL,AGL,CE,Towers with Radar,14,75,47,12,148,0,1,53,25,79,14,76,100,37,227,36,8,44,271
02/21/2003,PIA,IL,AGL,CE,Towers with Radar,12,77,46,13,148,0,0,3,33,36,12,77,49,46,184,0,28,28,212
02/22/2003,PIA,IL,AGL,CE,Towers with Radar,10,55,10,2,77,0,7,0,0,7,10,62,10,2,84,0,0,0,84
02/23/2003,PIA,IL,AGL,CE,Towers with Radar,0,53,33,2,88,0,18,49,0,67,0,71,82,2,155,56,0,56,211
02/24/2003,PIA,IL,AGL,CE,Towers with Radar,2,51,31,9,93,0,0,19,10,29,2,51,50,19,122,2,36,38,160
02/25/2003,PIA,IL,AGL,CE,Towers with Radar,12,80,46,4,142,0,32,21,63,116,12,112,67,67,258,20,20,40,298
02/26/2003,PIA,IL,AGL,CE,Towers with Radar,12,80,25,0,117,0,1,23,47,71,12,81,48,47,188,2,4,6,194
02/27/2003,PIA,IL,AGL,CE,Towers with Radar,11,74,38,5,128,0,1,32,31,64,11,75,70,36,192,22,8,30,222
02/28/2003,PIA,IL,AGL,CE,Towers with Radar,12,78,34,9,133,0,2,31,41,74,12,80,65,50,207,34,10,44,251
03/01/2003,PIA,IL,AGL,CE,Towers with Radar,8,46,19,17,90,0,0,1,19,20,8,46,20,36,110,0,8,8,118
03/02/2003,PIA,IL,AGL,CE,Towers with Radar,0,46,31,14,91,0,0,18,2,20,0,46,49,16,111,38,0,38,149
03/03/2003,PIA,IL,AGL,CE,Towers with Radar,4,57,36,28,125,0,1,20,28,49,4,58,56,56,174,10,66,76,250
03/04/2003,PIA,IL,AGL,CE,Towers with Radar,13,83,18,1,115,0,0,7,0,7,13,83,25,1,122,16,0,16,138
03/05/2003,PIA,IL,AGL,CE,Towers with Radar,14,69,38,4,125,0,0,16,4,20,14,69,54,8,145,16,0,16,161
03/06/2003,PIA,IL,AGL,CE,Towers with Radar,16,79,53,2,150,0,0,38,0,38,16,79,91,2,188,20,0,20,208
03/07/2003,PIA,IL,AGL,CE,Towers with Radar,16,79,40,3,138,0,0,20,7,27,16,79,60,10,165,32,4,36,201
03/08/2003,PIA,IL,AGL,CE,Towers with Radar,8,42,32,10,92,0,0,12,0,12,8,42,44,10,104,24,0,24,128
03/09/2003,PIA,IL,AGL,CE,Towers with Radar,1,40,15,0,56,0,0,32,0,32,1,40,47,0,88,14,2,16,104
03/10/2003,PIA,IL,AGL,CE,Towers with Radar,4,57,28,23,112,0,0,34,4,38,4,57,62,27,150,56,24,80,230
03/11/2003,PIA,IL,AGL,CE,Towers with Radar,16,71,28,0,115,0,0,20,1,21,16,71,48,1,136,10,0,10,146
03/12/2003,PIA,IL,AGL,CE,Towers with Radar,16,77,36,6,135,0,0,30,2,32,16,77,66,8,167,14,0,14,181
03/13/2003,PIA,IL,AGL,CE,Towers with Radar,14,78,34,12,138,0,0,15,5,20,14,78,49,17,158,16,8,24,182
03/14/2003,PIA,IL,AGL,CE,Towers with Radar,15,73,40,0,128,0,0,52,2,54,15,73,92,2,182,94,0,94,276
03/15/2003,PIA,IL,AGL,CE,Towers with Radar,4,38,38,0,80,0,0,2,0,2,4,38,40,0,82,14,18,32,114
03/16/2003,PIA,IL,AGL,CE,Towers with Radar,0,37,16,0,53,0,0,42,2,44,0,37,58,2,97,22,0,22,119
03/17/2003,PIA,IL,AGL,CE,Towers with Radar,4,61,30,6,101,0,0,27,4,31,4,61,57,10,132,52,4,56,188
03/18/2003,PIA,IL,AGL,CE,Towers with Radar,18,86,50,13,167,0,0,71,0,71,18,86,121,13,238,0,0,0,238
03/19/2003,PIA,IL,AGL,CE,Towers with Radar,14,17,24,1,56,0,0,0,0,0,14,17,24,1,56,0,0,0,56
03/20/2003,PIA,IL,AGL,CE,Towers with Radar,14,77,21,0,112,0,0,11,13,24,14,77,32,13,136,10,0,10,146
03/21/2003,PIA,IL,AGL,CE,Towers with Radar,12,76,17,3,108,0,20,14,0,34,12,96,31,3,142,0,0,0,142
03/22/2003,PIA,IL,AGL,CE,Towers with Radar,6,49,20,4,79,0,0,36,0,36,6,49,56,4,115,48,0,48,163
03/23/2003,PIA,IL,AGL,CE,Towers with Radar,0,42,18,2,62,0,0,53,0,53,0,42,71,2,115,20,0,20,135
03/24/2003,PIA,IL,AGL,CE,Towers with Radar,2,57,24,6,89,0,2,19,4,25,2,59,43,10,114,4,16,20,134
03/25/2003,PIA,IL,AGL,CE,Towers with Radar,15,79,36,25,155,0,0,29,9,38,15,79,65,34,193,36,22,58,251
03/26/2003,PIA,IL,AGL,CE,Towers with Radar,16,79,28,11,134,0,1,34,3,38,16,80,62,14,172,4,10,14,186
03/27/2003,PIA,IL,AGL,CE,Towers with Radar,16,74,32,2,124,0,0,30,2,32,16,74,62,4,156,8,0,8,164
03/28/2003,PIA,IL,AGL,CE,Towers with Radar,16,79,25,0,120,0,0,0,0,0,16,79,25,0,120,0,0,0,120
03/29/2003,PIA,IL,AGL,CE,Towers with Radar,8,50,21,15,94,0,0,25,4,29,8,50,46,19,123,4,8,12,135
03/30/2003,PIA,IL,AGL,CE,Towers with Radar,0,44,54,2,100,0,1,77,0,78,0,45,131,2,178,86,0,86,264
03/31/2003,PIA,IL,AGL,CE,Towers with Radar,4,57,39,2,102,0,0,25,22,47,4,57,64,24,149,6,32,38,187
04/01/2003,PIA,IL,AGL,CE,Towers with Radar,14,76,49,2,141,1,0,33,4,38,15,76,82,6,179,24,0,24,203
04/02/2003,PIA,IL,AGL,CE,Towers with Radar,12,78,31,8,129,1,0,56,3,60,13,78,87,11,189,42,0,42,231
04/03/2003,PIA,IL,AGL,CE,Towers with Radar,13,78,30,15,136,1,0,25,16,42,14,78,55,31,178,52,16,68,246
04/04/2003,PIA,IL,AGL,CE,Towers with Radar,15,63,23,2,103,1,0,6,0,7,16,63,29,2,110,20,0,20,130
04/05/2003,PIA,IL,AGL,CE,Towers with Radar,9,42,16,5,72,1,0,42,0,43,10,42,58,5,115,54,0,54,169
04/06/2003,PIA,IL,AGL,CE,Towers with Radar,3,37,19,6,65,1,0,18,5,24,4,37,37,11,89,10,2,12,101
04/07/2003,PIA,IL,AGL,CE,Towers with Radar,0,43,26,0,69,0,0,0,0,0,0,43,26,0,69,0,0,0,69
04/08/2003,PIA,IL,AGL,CE,Towers with Radar,13,91,30,8,142,1,0,3,8,12,14,91,33,16,154,8,8,16,170
04/09/2003,PIA,IL,AGL,CE,Towers with Radar,14,88,43,2,147,1,9,48,9,67,15,97,91,11,214,38,4,42,256
04/10/2003,PIA,IL,AGL,CE,Towers with Radar,16,73,53,10,152,0,0,70,2,72,16,73,123,12,224,26,0,26,250
04/11/2003,PIA,IL,AGL,CE,Towers with Radar,15,67,44,0,126,0,0,39,0,39,15,67,83,0,165,6,2,8,173
04/12/2003,PIA,IL,AGL,CE,Towers with Radar,10,43,21,10,84,0,0,80,1,81,10,43,101,11,165,74,8,82,247
04/13/2003,PIA,IL,AGL,CE,Towers with Radar,2,39,23,0,64,0,0,59,1,60,2,39,82,1,124,34,0,34,158
04/14/2003,PIA,IL,AGL,CE,Towers with Radar,0,51,19,0,70,0,0,28,0,28,0,51,47,0,98,46,0,46,144
04/15/2003,PIA,IL,AGL,CE,Towers with Radar,13,89,26,14,142,0,11,32,2,45,13,100,58,16,187,14,0,14,201
04/16/2003,PIA,IL,AGL,CE,Towers with Radar,14,71,45,18,148,0,1,15,10,26,14,72,60,28,174,14,16,30,204
04/17/2003,PIA,IL,AGL,CE,Towers with Radar,14,72,48,4,138,0,0,2,0,2,14,72,50,4,140,4,0,4,144
04/18/2003,PIA,IL,AGL,CE,Towers with Radar,14,67,45,0,126,0,0,14,0,14,14,67,59,0,140,38,2,40,180
04/19/2003,PIA,IL,AGL,CE,Towers with Radar,8,38,14,0,60,0,0,11,0,11,8,38,25,0,71,6,0,6,77
04/20/2003,PIA,IL,AGL,CE,Towers with Radar,2,40,22,0,64,0,0,4,0,4,2,40,26,0,68,22,0,22,90
04/21/2003,PIA,IL,AGL,CE,Towers with Radar,4,47,23,2,76,0,1,12,1,14,4,48,35,3,90,2,0,2,92
04/22/2003,PIA,IL,AGL,CE,Towers with Radar,14,67,35,5,121,0,1,85,6,92,14,68,120,11,213,44,28,72,285
04/23/2003,PIA,IL,AGL,CE,Towers with Radar,14,66,43,2,125,0,1,62,3,66,14,67,105,5,191,92,0,92,283
04/24/2003,PIA,IL,AGL,CE,Towers with Radar,14,67,49,2,132,0,0,13,2,15,14,67,62,4,147,0,0,0,147
04/25/2003,PIA,IL,AGL,CE,Towers with Radar,13,62,50,2,127,0,0,9,0,9,13,62,59,2,136,0,0,0,136
04/26/2003,PIA,IL,AGL,CE,Towers with Radar,8,41,32,0,81,0,0,69,0,69,8,41,101,0,150,32,0,32,182
04/27/2003,PIA,IL,AGL,CE,Towers with Radar,2,37,44,1,84,0,0,84,3,87,2,37,128,4,171,58,2,60,231
04/28/2003,PIA,IL,AGL,CE,Towers with Radar,2,63,36,0,101,0,8,61,0,69,2,71,97,0,170,58,0,58,228
04/29/2003,PIA,IL,AGL,CE,Towers with Radar,14,74,67,1,156,0,8,45,1,54,14,82,112,2,210,40,0,40,250
04/30/2003,PIA,IL,AGL,CE,Towers with Radar,14,64,46,10,134,0,2,18,8,28,14,66,64,18,162,26,10,36,198
05/01/2003,PIA,IL,AGL,CE,Towers with Radar,15,71,63,3,152,0,1,12,0,13,15,72,75,3,165,16,0,16,181
05/02/2003,PIA,IL,AGL,CE,Towers with Radar,15,61,30,1,107,0,1,21,3,25,15,62,51,4,132,6,2,8,140
05/03/2003,PIA,IL,AGL,CE,Towers with Radar,9,42,31,2,84,2,0,69,8,79,11,42,100,10,163,56,14,70,233
05/04/2003,PIA,IL,AGL,CE,Towers with Radar,0,26,19,0,45,0,10,3,0,13,0,36,22,0,58,70,14,84,142
05/05/2003,PIA,IL,AGL,CE,Towers with Radar,3,44,29,18,94,0,1,13,3,17,3,45,42,21,111,0,0,0,111
05/06/2003,PIA,IL,AGL,CE,Towers with Radar,14,60,43,5,122,0,2,79,6,87,14,62,122,11,209,144,36,180,389
05/07/2003,PIA,IL,AGL,CE,Towers with Radar,18,73,47,2,140,0,5,15,0,20,18,78,62,2,160,30,0,30,190
05/08/2003,PIA,IL,AGL,CE,Towers with Radar,18,66,39,6,129,0,0,8,0,8,18,66,47,6,137,28,2,30,167
05/09/2003,PIA,IL,AGL,CE,Towers with Radar,15,60,31,0,106,0,0,15,0,15,15,60,46,0,121,26,0,26,147
05/10/2003,PIA,IL,AGL,CE,Towers with Radar,8,35,8,8,59,0,0,1,2,3,8,35,9,10,62,16,0,16,78
05/11/2003,PIA,IL,AGL,CE,Towers with Radar,0,34,15,0,49,0,0,7,0,7,0,34,22,0,56,6,0,6,62
05/12/2003,PIA,IL,AGL,CE,Towers with Radar,2,45,30,2,79,0,1,29,2,32,2,46,59,4,111,14,0,14,125
05/13/2003,PIA,IL,AGL,CE,Towers with Radar,16,59,36,10,121,0,0,71,12,83,16,59,107,22,204,100,6,106,310
05/14/2003,PIA,IL,AGL,CE,Towers with Radar,6,61,50,0,117,10,0,31,3,44,16,61,81,3,161,0,0,0,161
05/15/2003,PIA,IL,AGL,CE,Towers with Radar,15,70,57,4,146,0,0,24,9,33,15,70,81,13,179,0,4,4,183
05/16/2003,PIA,IL,AGL,CE,Towers with Radar,12,65,47,1,125,2,0,35,0,37,14,65,82,1,162,64,2,66,228
05/17/2003,PIA,IL,AGL,CE,Towers with Radar,8,42,32,2,84,1,0,68,3,72,9,42,100,5,156,42,0,42,198
05/18/2003,PIA,IL,AGL,CE,Towers with Radar,1,29,42,1,73,0,0,17,0,17,1,29,59,1,90,40,0,40,130
05/19/2003,PIA,IL,AGL,CE,Towers with Radar,3,50,53,1,107,0,0,16,0,16,3,50,69,1,123,60,0,60,183
05/20/2003,PIA,IL,AGL,CE,Towers with Radar,16,63,35,5,119,0,0,33,12,45,16,63,68,17,164,24,8,32,196
05/21/2003,PIA,IL,AGL,CE,Towers with Radar,15,57,55,0,127,0,1,43,2,46,15,58,98,2,173,26,0,26,199
05/22/2003,PIA,IL,AGL,CE,Towers with Radar,16,65,39,1,121,0,1,45,2,48,16,66,84,3,169,38,0,38,207
05/23/2003,PIA,IL,AGL,CE,Towers with Radar,14,62,61,0,137,0,0,37,0,37,14,62,98,0,174,10,0,10,184
05/24/2003,PIA,IL,AGL,CE,Towers with Radar,8,38,18,0,64,0,0,56,0,56,8,38,74,0,120,50,0,50,170
05/25/2003,PIA,IL,AGL,CE,Towers with Radar,6,30,19,0,55,0,0,51,0,51,6,30,70,0,106,46,0,46,152
05/26/2003,PIA,IL,AGL,CE,Towers with Radar,0,32,30,1,63,0,0,83,1,84,0,32,113,2,147,56,0,56,203
05/27/2003,PIA,IL,AGL,CE,Towers with Radar,6,46,38,2,92,0,0,79,0,79,6,46,117,2,171,66,0,66,237
05/28/2003,PIA,IL,AGL,CE,Towers with Radar,11,64,34,2,111,0,0,14,0,14,11,64,48,2,125,40,0,40,165
05/29/2003,PIA,IL,AGL,CE,Towers with Radar,12,64,47,3,126,4,0,0,14,18,16,64,47,17,144,46,0,46,190
05/30/2003,PIA,IL,AGL,CE,Towers with Radar,16,58,44,9,127,0,0,43,5,48,16,58,87,14,175,66,4,70,245
05/31/2003,PIA,IL,AGL,CE,Towers with Radar,9,39,32,0,80,0,0,24,0,24,9,39,56,0,104,66,0,66,170
06/01/2003,PIA,IL,AGL,CE,Towers with Radar,1,35,12,6,54,0,1,46,0,47,1,36,58,6,101,48,0,48,149
06/02/2003,PIA,IL,AGL,CE,Towers with Radar,4,44,21,8,77,0,1,33,8,42,4,45,54,16,119,64,12,76,195
06/03/2003,PIA,IL,AGL,CE,Towers with Radar,15,67,51,32,165,0,1,6,3,10,15,68,57,35,175,28,2,30,205
06/04/2003,PIA,IL,AGL,CE,Towers with Radar,14,66,48,8,136,0,1,55,3,59,14,67,103,11,195,88,0,88,283
06/05/2003,PIA,IL,AGL,CE,Towers with Radar,13,71,45,8,137,3,0,55,10,68,16,71,100,18,205,20,8,28,233
06/06/2003,PIA,IL,AGL,CE,Towers with Radar,15,65,32,5,117,0,3,9,1,13,15,68,41,6,130,12,0,12,142
06/07/2003,PIA,IL,AGL,CE,Towers with Radar,8,41,21,0,70,0,0,26,0,26,8,41,47,0,96,10,0,10,106
06/08/2003,PIA,IL,AGL,CE,Towers with Radar,0,42,20,0,62,0,0,10,0,10,0,42,30,0,72,10,0,10,82
06/09/2003,PIA,IL,AGL,CE,Towers with Radar,3,48,46,16,113,0,2,56,2,60,3,50,102,18,173,108,8,116,289
06/10/2003,PIA,IL,AGL,CE,Towers with Radar,16,70,40,6,132,0,1,31,3,35,16,71,71,9,167,84,0,84,251
06/11/2003,PIA,IL,AGL,CE,Towers with Radar,13,68,50,10,141,0,0,15,8,23,13,68,65,18,164,54,14,68,232
06/12/2003,PIA,IL,AGL,CE,Towers with Radar,15,70,51,1,137,0,0,22,0,22,15,70,73,1,159,88,0,88,247
06/13/2003,PIA,IL,AGL,CE,Towers with Radar,16,67,28,8,119,0,0,12,1,13,16,67,40,9,132,16,8,24,156
06/14/2003,PIA,IL,AGL,CE,Towers with Radar,8,48,56,10,122,0,0,52,5,57,8,48,108,15,179,70,4,74,253
06/15/2003,PIA,IL,AGL,CE,Towers with Radar,1,38,15,0,54,0,0,71,0,71,1,38,86,0,125,80,0,80,205
06/16/2003,PIA,IL,AGL,CE,Towers with Radar,3,53,34,8,98,0,0,32,2,34,3,53,66,10,132,60,10,70,202
06/17/2003,PIA,IL,AGL,CE,Towers with Radar,16,70,46,6,138,0,0,42,0,42,16,70,88,6,180,8,0,8,188
06/18/2003,PIA,IL,AGL,CE,Towers with Radar,11,63,45,8,127,6,0,34,0,40,17,63,79,8,167,8,10,18,185
06/19/2003,PIA,IL,AGL,CE,Towers with Radar,12,70,28,0,110,0,1,29,0,30,12,71,57,0,140,108,0,108,248
06/20/2003,PIA,IL,AGL,CE,Towers with Radar,12,70,29,0,111,0,0,51,0,51,12,70,80,0,162,42,0,42,204
06/21/2003,PIA,IL,AGL,CE,Towers with Radar,8,41,30,0,79,0,0,54,0,54,8,41,84,0,133,92,0,92,225
06/22/2003,PIA,IL,AGL,CE,Towers with Radar,0,45,29,1,75,0,0,61,0,61,0,45,90,1,136,34,0,34,170
06/23/2003,PIA,IL,AGL,CE,Towers with Radar,2,53,20,4,79,0,1,26,0,27,2,54,46,4,106,22,0,22,128
06/24/2003,PIA,IL,AGL,CE,Towers with Radar,11,70,43,9,133,3,4,40,5,52,14,74,83,14,185,96,32,128,313
06/25/2003,PIA,IL,AGL,CE,Towers with Radar,15,62,39,31,147,0,0,23,7,30,15,62,62,38,177,30,0,30,207
06/26/2003,PIA,IL,AGL,CE,Towers with Radar,15,73,30,2,120,0,0,19,1,20,15,73,49,3,140,0,0,0,140
06/27/2003,PIA,IL,AGL,CE,Towers with Radar,17,65,53,0,135,0,1,48,0,49,17,66,101,0,184,70,0,70,254
06/28/2003,PIA,IL,AGL,CE,Towers with Radar,9,40,17,0,66,0,0,19,0,19,9,40,36,0,85,34,0,34,119
06/29/2003,PIA,IL,AGL,CE,Towers with Radar,1,41,41,0,83,0,0,79,0,79,1,41,120,0,162,134,0,134,296
06/30/2003,PIA,IL,AGL,CE,Towers with Radar,6,53,45,10,114,0,2,28,2,32,6,55,73,12,146,26,0,26,172
07/01/2003,PIA,IL,AGL,CE,Towers with Radar,12,73,39,11,135,0,1,56,5,62,12,74,95,16,197,92,4,96,293
07/02/2003,PIA,IL,AGL,CE,Towers with Radar,13,44,68,5,130,0,1,50,0,51,13,45,118,5,181,22,0,22,203
07/03/2003,PIA,IL,AGL,CE,Towers with Radar,12,67,27,2,108,0,1,34,3,38,12,68,61,5,146,48,0,48,194
07/04/2003,PIA,IL,AGL,CE,Towers with Radar,4,42,11,10,67,0,0,49,3,52,4,42,60,13,119,58,0,58,177
07/05/2003,PIA,IL,AGL,CE,Towers with Radar,6,31,2,0,39,0,0,37,1,38,6,31,39,1,77,40,0,40,117
07/06/2003,PIA,IL,AGL,CE,Towers with Radar,5,39,13,5,62,0,0,41,0,41,5,39,54,5,103,0,0,0,103
07/07/2003,PIA,IL,AGL,CE,Towers with Radar,4,53,28,6,91,0,0,18,0,18,4,53,46,6,109,6,0,6,115
07/08/2003,PIA,IL,AGL,CE,Towers with Radar,14,65,31,2,112,0,0,12,2,14,14,65,43,4,126,22,0,22,148
07/09/2003,PIA,IL,AGL,CE,Towers with Radar,14,68,32,2,116,0,9,8,0,17,14,77,40,2,133,20,0,20,153
07/10/2003,PIA,IL,AGL,CE,Towers with Radar,8,67,38,16,129,0,0,14,8,22,8,67,52,24,151,0,18,18,169
07/11/2003,PIA,IL,AGL,CE,Towers with Radar,10,65,30,3,108,0,0,16,6,22,10,65,46,9,130,28,0,28,158
07/12/2003,PIA,IL,AGL,CE,Towers with Radar,8,41,25,10,84,0,0,54,14,68,8,41,79,24,152,34,50,84,236
07/13/2003,PIA,IL,AGL,CE,Towers with Radar,1,46,35,0,82,0,0,69,5,74,1,46,104,5,156,60,0,60,216
07/14/2003,PIA,IL,AGL,CE,Towers with Radar,1,58,44,6,109,0,0,37,0,37,1,58,81,6,146,24,2,26,172
07/15/2003,PIA,IL,AGL,CE,Towers with Radar,12,83,43,2,140,0,1,53,0,54,12,84,96,2,194,34,0,34,228
07/16/2003,PIA,IL,AGL,CE,Towers with Radar,12,72,38,20,142,0,28,74,2,104,12,100,112,22,246,22,2,24,270
07/17/2003,PIA,IL,AGL,CE,Towers with Radar,14,67,41,1,123,0,0,61,2,63,14,67,102,3,186,72,0,72,258
07/18/2003,PIA,IL,AGL,CE,Towers with Radar,13,79,50,9,151,0,0,19,1,20,13,79,69,10,171,10,0,10,181
07/19/2003,PIA,IL,AGL,CE,Towers with Radar,9,41,24,0,74,0,0,52,0,52,9,41,76,0,126,48,0,48,174
07/20/2003,PIA,IL,AGL,CE,Towers with Radar,0,37,32,0,69,0,0,42,4,46,0,37,74,4,115,64,0,64,179
07/21/2003,PIA,IL,AGL,CE,Towers with Radar,0,57,29,3,89,0,0,20,0,20,0,57,49,3,109,54,0,54,163
07/22/2003,PIA,IL,AGL,CE,Towers with Radar,39,77,32,17,165,0,0,50,12,62,39,77,82,29,227,64,60,124,351
07/23/2003,PIA,IL,AGL,CE,Towers with Radar,12,72,43,20,147,0,2,79,4,85,12,74,122,24,232,140,20,160,392
07/24/2003,PIA,IL,AGL,CE,Towers with Radar,12,67,41,0,120,0,3,66,0,69,12,70,107,0,189,60,0,60,249
07/25/2003,PIA,IL,AGL,CE,Towers with Radar,12,73,37,14,136,0,0,62,3,65,12,73,99,17,201,28,2,30,231
07/26/2003,PIA,IL,AGL,CE,Towers with Radar,8,43,28,0,79,0,0,40,0,40,8,43,68,0,119,44,0,44,163
07/27/2003,PIA,IL,AGL,CE,Towers with Radar,2,32,48,2,84,0,0,21,0,21,2,32,69,2,105,0,0,0,105
07/28/2003,PIA,IL,AGL,CE,Towers with Radar,0,60,66,14,140,1,26,90,2,119,1,86,156,16,259,20,4,24,283
07/29/2003,PIA,IL,AGL,CE,Towers with Radar,10,73,52,0,135,0,0,43,0,43,10,73,95,0,178,36,0,36,214
07/30/2003,PIA,IL,AGL,CE,Towers with Radar,15,77,34,25,151,0,0,47,15,62,15,77,81,40,213,66,42,108,321
07/31/2003,PIA,IL,AGL,CE,Towers with Radar,12,70,57,9,148,0,0,41,3,44,12,70,98,12,192,82,34,116,308
08/01/2003,PIA,IL,AGL,CE,Towers with Radar,16,58,34,0,108,0,0,33,1,34,16,58,67,1,142,40,0,40,182
08/02/2003,PIA,IL,AGL,CE,Towers with Radar,9,43,31,0,83,0,0,50,0,50,9,43,81,0,133,104,0,104,237
08/03/2003,PIA,IL,AGL,CE,Towers with Radar,9,36,35,0,80,0,0,16,0,16,9,36,51,0,96,4,0,4,100
08/04/2003,PIA,IL,AGL,CE,Towers with Radar,3,49,50,5,107,0,0,28,8,36,3,49,78,13,143,16,20,36,179
08/05/2003,PIA,IL,AGL,CE,Towers with Radar,13,74,49,1,137,0,0,50,1,51,13,74,99,2,188,48,0,48,236
08/06/2003,PIA,IL,AGL,CE,Towers with Radar,18,61,42,12,133,0,0,29,0,29,18,61,71,12,162,36,4,40,202
08/07/2003,PIA,IL,AGL,CE,Towers with Radar,13,73,52,20,158,0,0,68,5,73,13,73,120,25,231,60,22,82,313
08/08/2003,PIA,IL,AGL,CE,Towers with Radar,15,64,41,0,120,0,0,42,0,42,15,64,83,0,162,20,0,20,182
08/09/2003,PIA,IL,AGL,CE,Towers with Radar,8,40,33,1,82,0,0,55,4,59,8,40,88,5,141,64,6,70,211
08/10/2003,PIA,IL,AGL,CE,Towers with Radar,3,42,45,2,92,0,0,79,2,81,3,42,124,4,173,38,8,46,219
08/11/2003,PIA,IL,AGL,CE,Towers with Radar,6,46,30,0,82,0,0,21,0,21,6,46,51,0,103,8,0,8,111
08/12/2003,PIA,IL,AGL,CE,Towers with Radar,17,71,37,13,138,0,0,13,1,14,17,71,50,14,152,60,8,68,220
08/13/2003,PIA,IL,AGL,CE,Towers with Radar,14,69,48,5,136,4,0,35,0,39,18,69,83,5,175,40,0,40,215
08/14/2003,PIA,IL,AGL,CE,Towers with Radar,15,67,47,3,132,0,0,39,3,42,15,67,86,6,174,24,0,24,198
08/15/2003,PIA,IL,AGL,CE,Towers with Radar,15,63,34,7,119,0,0,35,2,37,15,63,69,9,156,84,0,84,240
08/16/2003,PIA,IL,AGL,CE,Towers with Radar,10,48,27,2,87,0,0,53,0,53,10,48,80,2,140,2,0,2,142
08/17/2003,PIA,IL,AGL,CE,Towers with Radar,0,48,20,2,70,0,0,43,0,43,0,48,63,2,113,100,0,100,213
08/18/2003,PIA,IL,AGL,CE,Towers with Radar,3,53,30,0,86,0,0,38,0,38,3,53,68,0,124,28,0,28,152
08/19/2003,PIA,IL,AGL,CE,Towers with Radar,16,79,19,13,127,0,0,0,10,10,16,79,19,23,137,84,22,106,243
08/20/2003,PIA,IL,AGL,CE,Towers with Radar,6,62,41,5,114,0,5,17,17,39,6,67,58,22,153,34,4,38,191
08/21/2003,PIA,IL,AGL,CE,Towers with Radar,13,70,41,27,151,0,0,27,13,40,13,70,68,40,191,46,8,54,245
08/22/2003,PIA,IL,AGL,CE,Towers with Radar,14,71,36,1,122,0,0,69,0,69,14,71,105,1,191,48,0,48,239
08/23/2003,PIA,IL,AGL,CE,Towers with Radar,8,40,17,11,76,0,0,54,10,64,8,40,71,21,140,76,8,84,224
08/24/2003,PIA,IL,AGL,CE,Towers with Radar,1,44,29,1,75,0,0,45,0,45,1,44,74,1,120,26,0,26,146
08/25/2003,PIA,IL,AGL,CE,Towers with Radar,3,51,32,6,92,0,1,37,16,54,3,52,69,22,146,0,0,0,146
08/26/2003,PIA,IL,AGL,CE,Towers with Radar,33,68,41,4,146,0,0,41,15,56,33,68,82,19,202,46,2,48,250
08/27/2003,PIA,IL,AGL,CE,Towers with Radar,15,69,55,15,154,0,0,49,17,66,15,69,104,32,220,20,8,28,248
08/28/2003,PIA,IL,AGL,CE,Towers with Radar,14,66,36,2,118,0,0,26,0,26,14,66,62,2,144,32,0,32,176
08/29/2003,PIA,IL,AGL,CE,Towers with Radar,17,65,54,1,137,0,0,5,0,5,17,65,59,1,142,0,0,0,142
08/30/2003,PIA,IL,AGL,CE,Towers with Radar,5,33,23,1,62,0,0,44,0,44,5,33,67,1,106,32,0,32,138
08/31/2003,PIA,IL,AGL,CE,Towers with Radar,0,34,24,0,58,0,0,9,0,9,0,34,33,0,67,4,0,4,71
09/01/2003,PIA,IL,AGL,CE,Towers with Radar,0,35,44,0,79,0,4,3,0,7,0,39,47,0,86,0,0,0,86
09/02/2003,PIA,IL,AGL,CE,Towers with Radar,0,53,31,5,89,0,1,29,2,32,0,54,60,7,121,86,4,90,211
09/03/2003,PIA,IL,AGL,CE,Towers with Radar,14,65,74,2,155,0,1,31,0,32,14,66,105,2,187,40,6,46,233
09/04/2003,PIA,IL,AGL,CE,Towers with Radar,13,63,33,26,135,0,1,48,12,61,13,64,81,38,196,82,9,91,287
09/05/2003,PIA,IL,AGL,CE,Towers with Radar,9,62,44,7,122,5,1,41,0,47,14,63,85,7,169,80,0,80,249
09/06/2003,PIA,IL,AGL,CE,Towers with Radar,9,36,16,0,61,0,1,46,0,47,9,37,62,0,108,62,0,62,170
09/07/2003,PIA,IL,AGL,CE,Towers with Radar,0,38,50,2,90,0,1,73,0,74,0,39,123,2,164,88,0,88,252
09/08/2003,PIA,IL,AGL,CE,Towers with Radar,0,51,29,19,99,0,1,37,18,56,0,52,66,37,155,80,30,110,265
09/09/2003,PIA,IL,AGL,CE,Towers with Radar,12,67,45,21,145,0,1,48,11,60,12,68,93,32,205,150,2,152,357
09/10/2003,PIA,IL,AGL,CE,Towers with Radar,12,67,40,22,141,0,2,47,26,75,12,69,87,48,216,66,36,102,318
09/11/2003,PIA,IL,AGL,CE,Towers with Radar,12,57,46,12,127,0,1,36,15,52,12,58,82,27,179,26,0,26,205
09/12/2003,PIA,IL,AGL,CE,Towers with Radar,14,62,37,12,125,0,1,12,7,20,14,63,49,19,145,10,0,10,155
09/13/2003,PIA,IL,AGL,CE,Towers with Radar,8,38,25,2,73,0,1,15,0,16,8,39,40,2,89,26,0,26,115
09/14/2003,PIA,IL,AGL,CE,Towers with Radar,2,40,18,1,61,0,1,16,0,17,2,41,34,1,78,100,0,100,178
09/15/2003,PIA,IL,AGL,CE,Towers with Radar,0,54,39,13,106,0,1,35,31,67,0,55,74,44,173,88,12,100,273
09/16/2003,PIA,IL,AGL,CE,Towers with Radar,14,63,48,7,132,9,1,65,40,115,23,64,113,47,247,40,26,66,313
09/17/2003,PIA,IL,AGL,CE,Towers with Radar,1,68,53,9,131,0,1,59,20,80,1,69,112,29,211,30,20,50,261
09/18/2003,PIA,IL,AGL,CE,Towers with Radar,11,64,44,9,128,0,16,56,0,72,11,80,100,9,200,118,0,118,318
09/19/2003,PIA,IL,AGL,CE,Towers with Radar,12,66,31,8,117,0,1,18,14,33,12,67,49,22,150,40,4,44,194
09/20/2003,PIA,IL,AGL,CE,Towers with Radar,7,47,32,0,86,0,23,76,0,99,7,70,108,0,185,76,0,76,261
09/21/2003,PIA,IL,AGL,CE,Towers with Radar,0,34,16,3,53,0,1,44,0,45,0,35,60,3,98,54,0,54,152
09/22/2003,PIA,IL,AGL,CE,Towers with Radar,0,46,34,8,88,0,12,6,93,111,0,58,40,101,199,8,76,84,283
09/23/2003,PIA,IL,AGL,CE,Towers with Radar,9,60,44,11,124,4,11,37,44,96,13,71,81,55,220,76,24,100,320
09/24/2003,PIA,IL,AGL,CE,Towers with Radar,14,28,60,17,119,0,1,33,21,55,14,29,93,38,174,54,60,114,288
09/25/2003,PIA,IL,AGL,CE,Towers with Radar,13,67,53,13,146,0,1,58,32,91,13,68,111,45,237,94,12,106,343
09/26/2003,PIA,IL,AGL,CE,Towers with Radar,12,65,37,1,115,0,1,13,16,30,12,66,50,17,145,0,6,6,151
09/27/2003,PIA,IL,AGL,CE,Towers with Radar,8,38,18,0,64,0,1,22,0,23,8,39,40,0,87,6,0,6,93
09/28/2003,PIA,IL,AGL,CE,Towers with Radar,0,40,19,0,59,0,1,37,0,38,0,41,56,0,97,34,0,34,131
09/29/2003,PIA,IL,AGL,CE,Towers with Radar,1,54,45,15,115,0,0,43,9,52,1,54,88,24,167,14,26,40,207
09/30/2003,PIA,IL,AGL,CE,Towers with Radar,16,66,32,8,122,0,1,50,2,53,16,67,82,10,175,130,14,144,319
10/01/2003,PIA,IL,AGL,CE,Towers with Radar,14,72,53,13,152,3,0,18,68,89,17,72,71,81,241,12,44,56,297
10/02/2003,PIA,IL,AGL,CE,Towers with Radar,11,62,45,11,129,1,3,51,70,125,12,65,96,81,254,100,30,130,384
10/03/2003,PIA,IL,AGL,CE,Towers with Radar,11,61,40,10,122,2,10,0,19,31,13,71,40,29,153,22,2,24,177
10/04/2003,PIA,IL,AGL,CE,Towers with Radar,7,37,27,0,71,2,0,41,0,43,9,37,68,0,114,56,0,56,170
10/05/2003,PIA,IL,AGL,CE,Towers with Radar,1,36,30,6,73,0,0,61,2,63,1,36,91,8,136,92,0,92,228
10/06/2003,PIA,IL,AGL,CE,Towers with Radar,0,46,33,7,86,0,10,42,32,84,0,56,75,39,170,14,32,46,216
10/07/2003,PIA,IL,AGL,CE,Towers with Radar,12,67,48,11,138,19,23,32,45,119,31,90,80,56,257,48,32,80,337
10/08/2003,PIA,IL,AGL,CE,Towers with Radar,12,65,49,11,137,0,0,15,61,76,12,65,64,72,213,14,66,80,293
10/09/2003,PIA,IL,AGL,CE,Towers with Radar,13,54,50,11,128,3,0,15,20,38,16,54,65,31,166,2,0,2,168
10/10/2003,PIA,IL,AGL,CE,Towers with Radar,12,67,48,0,127,0,0,24,0,24,12,67,72,0,151,10,0,10,161
10/11/2003,PIA,IL,AGL,CE,Towers with Radar,7,38,29,2,76,1,0,10,0,11,8,38,39,2,87,58,0,58,145
10/12/2003,PIA,IL,AGL,CE,Towers with Radar,0,43,31,0,74,0,0,42,0,42,0,43,73,0,116,46,0,46,162
10/13/2003,PIA,IL,AGL,CE,Towers with Radar,2,44,33,0,79,0,0,53,0,53,2,44,86,0,132,80,0,80,212
10/14/2003,PIA,IL,AGL,CE,Towers with Radar,11,55,43,10,119,1,0,11,14,26,12,55,54,24,145,24,10,34,179
10/15/2003,PIA,IL,AGL,CE,Towers with Radar,13,62,50,11,136,1,0,58,44,103,14,62,108,55,239,84,56,140,379
10/16/2003,PIA,IL,AGL,CE,Towers with Radar,12,59,52,12,135,0,0,55,35,90,12,59,107,47,225,12,38,50,275
10/17/2003,PIA,IL,AGL,CE,Towers with Radar,12,67,46,11,136,1,8,32,60,101,13,75,78,71,237,12,34,46,283
10/18/2003,PIA,IL,AGL,CE,Towers with Radar,5,33,23,0,61,3,11,19,0,33,8,44,42,0,94,14,0,14,108
10/19/2003,PIA,IL,AGL,CE,Towers with Radar,0,34,32,1,67,0,0,49,0,49,0,34,81,1,116,92,0,92,208
10/20/2003,PIA,IL,AGL,CE,Towers with Radar,0,47,33,8,88,0,5,28,38,71,0,52,61,46,159,50,66,116,275
10/21/2003,PIA,IL,AGL,CE,Towers with Radar,11,63,44,11,129,0,10,61,48,119,11,73,105,59,248,92,10,102,350
10/22/2003,PIA,IL,AGL,CE,Towers with Radar,11,68,47,12,138,3,9,35,36,83,14,77,82,48,221,30,20,50,271
10/23/2003,PIA,IL,AGL,CE,Towers with Radar,11,68,47,12,138,1,1,36,17,55,12,69,83,29,193,24,20,44,237
10/24/2003,PIA,IL,AGL,CE,Towers with Radar,10,62,43,11,126,4,14,25,1,44,14,76,68,12,170,12,0,12,182
10/25/2003,PIA,IL,AGL,CE,Towers with Radar,7,37,31,0,75,5,0,44,0,49,12,37,75,0,124,72,2,74,198
10/26/2003,PIA,IL,AGL,CE,Towers with Radar,0,39,27,0,66,0,10,41,0,51,0,49,68,0,117,48,0,48,165
10/27/2003,PIA,IL,AGL,CE,Towers with Radar,5,54,39,10,108,0,0,18,19,37,5,54,57,29,145,90,12,102,247
10/28/2003,PIA,IL,AGL,CE,Towers with Radar,11,66,46,11,134,28,21,17,18,84,39,87,63,29,218,38,16,54,272
10/29/2003,PIA,IL,AGL,CE,Towers with Radar,12,77,54,13,156,0,6,47,58,111,12,83,101,71,267,26,20,46,313
10/30/2003,PIA,IL,AGL,CE,Towers with Radar,11,65,45,11,132,6,9,8,11,34,17,74,53,22,166,6,12,18,184
10/31/2003,PIA,IL,AGL,CE,Towers with Radar,10,59,41,10,120,3,7,23,3,36,13,66,64,13,156,30,6,36,192
11/01/2003,PIA,IL,AGL,CE,Towers with Radar,8,36,33,2,79,0,0,11,0,11,8,36,44,2,90,120,0,120,210
11/02/2003,PIA,IL,AGL,CE,Towers with Radar,0,34,35,4,73,0,0,1,0,1,0,34,36,4,74,26,0,26,100
11/03/2003,PIA,IL,AGL,CE,Towers with Radar,5,41,44,9,99,0,0,33,20,53,5,41,77,29,152,96,30,126,278
11/04/2003,PIA,IL,AGL,CE,Towers with Radar,10,54,42,8,114,7,0,10,26,43,17,54,52,34,157,16,8,24,181
11/05/2003,PIA,IL,AGL,CE,Towers with Radar,10,52,43,8,113,6,0,40,24,70,16,52,83,32,183,12,12,24,207
11/06/2003,PIA,IL,AGL,CE,Towers with Radar,11,64,49,10,134,1,1,47,19,68,12,65,96,29,202,60,12,72,274
11/07/2003,PIA,IL,AGL,CE,Towers with Radar,10,56,43,7,116,6,0,33,0,39,16,56,76,7,155,38,2,40,195
11/08/2003,PIA,IL,AGL,CE,Towers with Radar,7,36,30,0,73,3,0,94,0,97,10,36,124,0,170,230,0,230,400
11/09/2003,PIA,IL,AGL,CE,Towers with Radar,0,36,29,4,69,0,0,76,0,76,0,36,105,4,145,38,0,38,183
11/10/2003,PIA,IL,AGL,CE,Towers with Radar,0,46,37,7,90,0,0,11,25,36,0,46,48,32,126,90,22,112,238
11/11/2003,PIA,IL,AGL,CE,Towers with Radar,10,53,45,1,109,2,0,13,0,15,12,53,58,1,124,0,0,0,124
11/12/2003,PIA,IL,AGL,CE,Towers with Radar,8,45,35,7,95,5,4,18,22,49,13,49,53,29,144,4,0,4,148
11/13/2003,PIA,IL,AGL,CE,Towers with Radar,9,50,39,7,105,4,6,24,13,47,13,56,63,20,152,28,12,40,192
11/14/2003,PIA,IL,AGL,CE,Towers with Radar,10,58,45,9,122,2,4,21,32,59,12,62,66,41,181,48,52,100,281
11/15/2003,PIA,IL,AGL,CE,Towers with Radar,8,38,32,4,82,0,0,27,0,27,8,38,59,4,109,0,0,0,109
11/16/2003,PIA,IL,AGL,CE,Towers with Radar,0,39,34,2,75,0,0,4,0,4,0,39,38,2,79,4,0,4,83
11/17/2003,PIA,IL,AGL,CE,Towers with Radar,0,35,29,7,71,0,0,3,7,10,0,35,32,14,81,0,0,0,81
11/18/2003,PIA,IL,AGL,CE,Towers with Radar,9,55,40,9,113,5,10,0,11,26,14,65,40,20,139,4,0,4,143
11/19/2003,PIA,IL,AGL,CE,Towers with Radar,8,52,39,9,108,4,0,8,77,89,12,52,47,86,197,0,6,6,203
11/20/2003,PIA,IL,AGL,CE,Towers with Radar,9,55,41,9,114,5,13,42,22,82,14,68,83,31,196,12,8,20,216
11/21/2003,PIA,IL,AGL,CE,Towers with Radar,9,55,41,4,109,5,10,61,0,76,14,65,102,4,185,42,2,44,229
11/22/2003,PIA,IL,AGL,CE,Towers with Radar,6,40,31,7,84,2,0,24,5,31,8,40,55,12,115,50,14,64,179
11/23/2003,PIA,IL,AGL,CE,Towers with Radar,0,22,15,2,39,0,9,4,0,13,0,31,19,2,52,12,0,12,64
11/24/2003,PIA,IL,AGL,CE,Towers with Radar,0,43,32,6,81,0,5,9,0,14,0,48,41,6,95,10,0,10,105
11/25/2003,PIA,IL,AGL,CE,Towers with Radar,10,60,45,10,125,2,6,26,7,41,12,66,71,17,166,18,2,20,186
11/26/2003,PIA,IL,AGL,CE,Towers with Radar,10,60,45,8,123,2,1,54,0,57,12,61,99,8,180,66,4,70,250
11/27/2003,PIA,IL,AGL,CE,Towers with Radar,4,29,15,0,48,4,8,0,0,12,8,37,15,0,60,20,0,20,80
11/28/2003,PIA,IL,AGL,CE,Towers with Radar,4,27,17,4,52,0,15,0,0,15,4,42,17,4,67,4,0,4,71
11/29/2003,PIA,IL,AGL,CE,Towers with Radar,4,34,27,0,65,0,0,29,0,29,4,34,56,0,94,58,0,58,152
11/30/2003,PIA,IL,AGL,CE,Towers with Radar,0,43,46,0,89,0,0,33,0,33,0,43,79,0,122,96,0,96,218
12/01/2003,PIA,IL,AGL,CE,Towers with Radar,0,45,30,8,83,0,0,22,0,22,0,45,52,8,105,48,6,54,159
12/02/2003,PIA,IL,AGL,CE,Towers with Radar,10,62,34,4,110,2,3,24,0,29,12,65,58,4,139,18,0,18,157
12/03/2003,PIA,IL,AGL,CE,Towers with Radar,10,61,35,11,117,5,0,22,26,53,15,61,57,37,170,42,26,68,238
12/04/2003,PIA,IL,AGL,CE,Towers with Radar,8,53,29,8,98,4,9,14,0,27,12,62,43,8,125,0,0,0,125
12/05/2003,PIA,IL,AGL,CE,Towers with Radar,8,51,26,9,94,4,7,0,5,16,12,58,26,14,110,0,4,4,114
12/06/2003,PIA,IL,AGL,CE,Towers with Radar,7,36,25,5,73,0,0,54,0,54,7,36,79,5,127,86,12,98,225
12/07/2003,PIA,IL,AGL,CE,Towers with Radar,0,40,27,8,75,0,0,45,26,71,0,40,72,34,146,52,68,120,266
12/08/2003,PIA,IL,AGL,CE,Towers with Radar,0,50,34,11,95,0,0,26,43,69,0,50,60,54,164,34,40,74,238
12/09/2003,PIA,IL,AGL,CE,Towers with Radar,9,47,31,9,96,5,0,1,0,6,14,47,32,9,102,8,0,8,110
12/10/2003,PIA,IL,AGL,CE,Towers with Radar,9,59,33,10,111,3,1,3,3,10,12,60,36,13,121,0,0,0,121
12/11/2003,PIA,IL,AGL,CE,Towers with Radar,10,58,37,12,117,3,0,44,40,87,13,58,81,52,204,18,20,38,242
12/12/2003,PIA,IL,AGL,CE,Towers with Radar,10,64,36,11,121,2,1,46,0,49,12,65,82,11,170,40,8,48,218
12/13/2003,PIA,IL,AGL,CE,Towers with Radar,5,33,19,0,57,5,0,18,0,23,10,33,37,0,80,14,0,14,94
12/14/2003,PIA,IL,AGL,CE,Towers with Radar,0,39,23,0,62,0,0,4,0,4,0,39,27,0,66,0,0,0,66
12/15/2003,PIA,IL,AGL,CE,Towers with Radar,0,37,32,11,80,0,0,20,28,48,0,37,52,39,128,0,66,66,194
12/16/2003,PIA,IL,AGL,CE,Towers with Radar,9,62,35,12,118,3,11,2,32,48,12,73,37,44,166,0,30,30,196
12/17/2003,PIA,IL,AGL,CE,Towers with Radar,10,67,41,14,132,5,0,49,26,80,15,67,90,40,212,44,22,66,278
12/18/2003,PIA,IL,AGL,CE,Towers with Radar,9,68,36,13,126,3,1,9,11,24,12,69,45,24,150,0,6,6,156
12/19/2003,PIA,IL,AGL,CE,Towers with Radar,9,62,34,12,117,1,0,30,0,31,10,62,64,12,148,12,8,20,168
12/20/2003,PIA,IL,AGL,CE,Towers with Radar,6,43,23,4,76,1,0,61,0,62,7,43,84,4,138,46,0,46,184
12/21/2003,PIA,IL,AGL,CE,Towers with Radar,0,33,17,0,50,0,6,29,0,35,0,39,46,0,85,0,0,0,85
12/22/2003,PIA,IL,AGL,CE,Towers with Radar,0,43,20,10,73,0,0,0,29,29,0,43,20,39,102,26,12,38,140
12/23/2003,PIA,IL,AGL,CE,Towers with Radar,8,60,32,11,111,5,4,0,26,35,13,64,32,37,146,28,28,56,202
12/24/2003,PIA,IL,AGL,CE,Towers with Radar,6,45,24,2,77,5,15,23,0,43,11,60,47,2,120,52,0,52,172
12/25/2003,PIA,IL,AGL,CE,Towers with Radar,2,22,11,0,35,0,15,5,0,20,2,37,16,0,55,0,0,0,55
12/26/2003,PIA,IL,AGL,CE,Towers with Radar,2,38,20,0,60,0,5,30,0,35,2,43,50,0,95,22,0,22,117
12/27/2003,PIA,IL,AGL,CE,Towers with Radar,4,38,19,0,61,0,5,21,0,26,4,43,40,0,87,8,0,8,95
12/28/2003,PIA,IL,AGL,CE,Towers with Radar,0,33,17,0,50,0,3,12,0,15,0,36,29,0,65,20,0,20,85
12/29/2003,PIA,IL,AGL,CE,Towers with Radar,0,35,19,0,54,0,14,33,0,47,0,49,52,0,101,28,0,28,129
12/30/2003,PIA,IL,AGL,CE,Towers with Radar,6,48,26,3,83,5,6,22,0,33,11,54,48,3,116,32,0,32,148
12/31/2003,PIA,IL,AGL,CE,Towers with Radar,5,40,22,0,67,5,14,53,0,72,10,54,75,0,139,28,0,28,167
01/01/2004,PIA,IL,AGL,CE,Towers with Radar,4,27,16,0,47,0,11,23,0,34,4,38,39,0,81,34,0,34,115
01/02/2004,PIA,IL,AGL,CE,Towers with Radar,1,25,15,0,41,0,3,8,0,11,1,28,23,0,52,4,0,4,56
01/03/2004,PIA,IL,AGL,CE,Towers with Radar,3,40,23,2,68,0,4,36,0,40,3,44,59,2,108,98,0,98,206
01/04/2004,PIA,IL,AGL,CE,Towers with Radar,0,23,7,0,30,0,1,0,0,1,0,24,7,0,31,0,0,0,31
01/05/2004,PIA,IL,AGL,CE,Towers with Radar,0,34,23,7,64,0,0,3,30,33,0,34,26,37,97,20,18,38,135
01/06/2004,PIA,IL,AGL,CE,Towers with Radar,9,54,32,10,105,1,0,9,32,42,10,54,41,42,147,0,12,12,159
01/07/2004,PIA,IL,AGL,CE,Towers with Radar,10,60,35,11,116,1,0,37,29,67,11,60,72,40,183,8,38,46,229
01/08/2004,PIA,IL,AGL,CE,Towers with Radar,8,51,29,9,97,4,6,17,22,49,12,57,46,31,146,20,10,30,176
01/09/2004,PIA,IL,AGL,CE,Towers with Radar,8,54,31,0,93,2,5,38,0,45,10,59,69,0,138,40,0,40,178
01/10/2004,PIA,IL,AGL,CE,Towers with Radar,6,30,23,3,62,2,0,57,0,59,8,30,80,3,121,32,0,32,153
01/11/2004,PIA,IL,AGL,CE,Towers with Radar,2,32,19,7,60,0,0,32,9,41,2,32,51,16,101,38,8,46,147
01/12/2004,PIA,IL,AGL,CE,Towers with Radar,0,50,30,9,89,0,0,30,36,66,0,50,60,45,155,64,22,86,241
01/13/2004,PIA,IL,AGL,CE,Towers with Radar,10,62,38,12,122,2,0,21,29,52,12,62,59,41,174,24,16,40,214
01/14/2004,PIA,IL,AGL,CE,Towers with Radar,9,55,32,10,106,1,6,7,5,19,10,61,39,15,125,0,4,4,129
01/15/2004,PIA,IL,AGL,CE,Towers with Radar,9,54,35,11,109,1,0,26,8,35,10,54,61,19,144,6,0,6,150
01/16/2004,PIA,IL,AGL,CE,Towers with Radar,8,52,30,2,92,6,12,33,0,51,14,64,63,2,143,18,0,18,161
01/17/2004,PIA,IL,AGL,CE,Towers with Radar,3,26,4,0,33,5,3,0,0,8,8,29,4,0,41,0,0,0,41
01/18/2004,PIA,IL,AGL,CE,Towers with Radar,0,34,18,1,53,0,2,0,0,2,0,36,18,1,55,0,0,0,55
01/19/2004,PIA,IL,AGL,CE,Towers with Radar,0,43,24,0,67,0,10,22,0,32,0,53,46,0,99,44,0,44,143
01/20/2004,PIA,IL,AGL,CE,Towers with Radar,8,48,34,13,103,2,0,37,30,69,10,48,71,43,172,14,4,18,190
01/21/2004,PIA,IL,AGL,CE,Towers with Radar,8,59,33,11,111,2,1,25,35,63,10,60,58,46,174,14,28,42,216
01/22/2004,PIA,IL,AGL,CE,Towers with Radar,9,62,34,11,116,1,2,19,13,35,10,64,53,24,151,4,12,16,167
01/23/2004,PIA,IL,AGL,CE,Towers with Radar,5,19,21,2,47,5,0,34,0,39,10,19,55,2,86,22,0,22,108
01/24/2004,PIA,IL,AGL,CE,Towers with Radar,5,34,20,2,61,3,0,71,0,74,8,34,91,2,135,96,2,98,233
01/25/2004,PIA,IL,AGL,CE,Towers with Radar,0,25,13,2,40,0,10,11,0,21,0,35,24,2,61,30,0,30,91
01/26/2004,PIA,IL,AGL,CE,Towers with Radar,0,32,20,7,59,0,0,10,13,23,0,32,30,20,82,0,0,0,82
01/27/2004,PIA,IL,AGL,CE,Towers with Radar,6,45,25,8,84,2,3,7,7,19,8,48,32,15,103,10,2,12,115
01/28/2004,PIA,IL,AGL,CE,Towers with Radar,9,68,38,12,127,1,0,31,28,60,10,68,69,40,187,14,4,18,205
01/29/2004,PIA,IL,AGL,CE,Towers with Radar,8,53,24,10,95,2,0,0,25,27,10,53,24,35,122,8,14,22,144
01/30/2004,PIA,IL,AGL,CE,Towers with Radar,8,56,31,10,105,4,4,15,9,32,12,60,46,19,137,30,0,30,167
01/31/2004,PIA,IL,AGL,CE,Towers with Radar,4,32,18,0,54,4,8,18,0,30,8,40,36,0,84,50,0,50,134
02/01/2004,PIA,IL,AGL,CE,Towers with Radar,0,29,19,2,50,0,9,51,0,60,0,38,70,2,110,60,0,60,170
02/02/2004,PIA,IL,AGL,CE,Towers with Radar,0,26,17,4,47,0,8,4,0,12,0,34,21,4,59,0,0,0,59
02/03/2004,PIA,IL,AGL,CE,Towers with Radar,8,52,35,9,104,4,2,14,5,25,12,54,49,14,129,0,0,0,129
02/04/2004,PIA,IL,AGL,CE,Towers with Radar,9,54,37,10,110,1,0,27,27,55,10,54,64,37,165,52,58,110,275
02/05/2004,PIA,IL,AGL,CE,Towers with Radar,8,50,33,9,100,2,8,0,9,19,10,58,33,18,119,0,30,30,149
02/06/2004,PIA,IL,AGL,CE,Towers with Radar,8,49,33,8,98,4,0,4,15,23,12,49,37,23,121,40,0,40,161
02/07/2004,PIA,IL,AGL,CE,Towers with Radar,5,31,7,0,43,3,12,0,0,15,8,43,7,0,58,0,0,0,58
02/08/2004,PIA,IL,AGL,CE,Towers with Radar,0,33,24,0,57,0,0,16,0,16,0,33,40,0,73,6,2,8,81
02/09/2004,PIA,IL,AGL,CE,Towers with Radar,1,43,29,7,80,0,7,4,68,79,1,50,33,75,159,0,22,22,181
02/10/2004,PIA,IL,AGL,CE,Towers with Radar,9,52,36,10,107,7,0,30,15,52,16,52,66,25,159,18,6,24,183
02/11/2004,PIA,IL,AGL,CE,Towers with Radar,10,58,42,11,121,0,0,24,35,59,10,58,66,46,180,14,36,50,230
02/12/2004,PIA,IL,AGL,CE,Towers with Radar,10,61,41,10,122,0,2,6,14,22,10,63,47,24,144,0,4,4,148
02/13/2004,PIA,IL,AGL,CE,Towers with Radar,8,51,34,0,93,3,6,37,0,46,11,57,71,0,139,0,0,0,139
02/14/2004,PIA,IL,AGL,CE,Towers with Radar,5,31,21,0,57,3,1,44,0,48,8,32,65,0,105,56,0,56,161
02/15/2004,PIA,IL,AGL,CE,Towers with Radar,0,35,24,0,59,0,1,56,0,57,0,36,80,0,116,42,0,42,158
02/16/2004,PIA,IL,AGL,CE,Towers with Radar,0,41,32,1,74,0,0,25,0,25,0,41,57,1,99,0,0,0,99
02/17/2004,PIA,IL,AGL,CE,Towers with Radar,8,54,34,10,106,2,0,15,34,51,10,54,49,44,157,32,26,58,215
02/18/2004,PIA,IL,AGL,CE,Towers with Radar,8,59,38,11,116,4,3,14,20,41,12,62,52,31,157,0,20,20,177
02/19/2004,PIA,IL,AGL,CE,Towers with Radar,9,55,39,11,114,1,0,17,15,33,10,55,56,26,147,20,0,20,167
02/20/2004,PIA,IL,AGL,CE,Towers with Radar,6,45,29,4,84,3,7,0,0,10,9,52,29,4,94,0,0,0,94
02/21/2004,PIA,IL,AGL,CE,Towers with Radar,5,36,22,2,65,3,1,19,0,23,8,37,41,2,88,42,0,42,130
02/22/2004,PIA,IL,AGL,CE,Towers with Radar,0,34,23,0,57,0,0,27,0,27,0,34,50,0,84,0,2,2,86
02/23/2004,PIA,IL,AGL,CE,Towers with Radar,0,46,34,10,90,0,0,10,67,77,0,46,44,77,167,26,6,32,199
02/24/2004,PIA,IL,AGL,CE,Towers with Radar,9,60,38,11,118,2,0,30,11,43,11,60,68,22,161,28,40,68,229
02/25/2004,PIA,IL,AGL,CE,Towers with Radar,10,56,44,12,122,2,0,27,38,67,12,56,71,50,189,32,36,68,257
02/26/2004,PIA,IL,AGL,CE,Towers with Radar,9,65,42,11,127,1,0,49,13,63,10,65,91,24,190,16,10,26,216
02/27/2004,PIA,IL,AGL,CE,Towers with Radar,8,56,36,4,104,4,0,49,0,53,12,56,85,4,157,60,4,64,221
02/28/2004,PIA,IL,AGL,CE,Towers with Radar,5,32,24,0,61,4,0,58,0,62,9,32,82,0,123,56,0,56,179
02/29/2004,PIA,IL,AGL,CE,Towers with Radar,0,37,26,2,65,0,0,51,0,51,0,37,77,2,116,20,0,20,136
03/01/2004,PIA,IL,AGL,CE,Towers with Radar,2,39,22,5,68,0,6,8,21,35,2,45,30,26,103,0,6,6,109
03/02/2004,PIA,IL,AGL,CE,Towers with Radar,13,62,39,9,123,0,0,68,23,91,13,62,107,32,214,0,0,0,214
03/03/2004,PIA,IL,AGL,CE,Towers with Radar,11,72,43,10,136,0,0,32,37,69,11,72,75,47,205,50,28,78,283
03/04/2004,PIA,IL,AGL,CE,Towers with Radar,11,57,32,0,100,3,12,0,0,15,14,69,32,0,115,0,0,0,115
03/05/2004,PIA,IL,AGL,CE,Towers with Radar,9,53,30,0,92,2,14,11,0,27,11,67,41,0,119,4,0,4,123
03/06/2004,PIA,IL,AGL,CE,Towers with Radar,8,38,23,6,75,0,0,43,4,47,8,38,66,10,122,32,0,32,154
03/07/2004,PIA,IL,AGL,CE,Towers with Radar,0,33,19,5,57,0,10,7,0,17,0,43,26,5,74,18,0,18,92
03/08/2004,PIA,IL,AGL,CE,Towers with Radar,2,65,36,9,112,0,39,21,37,97,2,104,57,46,209,16,84,100,309
03/09/2004,PIA,IL,AGL,CE,Towers with Radar,10,66,39,4,119,0,0,36,0,36,10,66,75,4,155,4,0,4,159
03/10/2004,PIA,IL,AGL,CE,Towers with Radar,10,57,33,9,109,2,0,15,10,27,12,57,48,19,136,0,0,0,136
03/11/2004,PIA,IL,AGL,CE,Towers with Radar,10,61,34,9,114,3,0,13,17,33,13,61,47,26,147,0,16,16,163
03/12/2004,PIA,IL,AGL,CE,Towers with Radar,9,55,31,5,100,4,0,46,0,50,13,55,77,5,150,28,0,28,178
03/13/2004,PIA,IL,AGL,CE,Towers with Radar,2,33,19,1,55,0,3,14,0,17,2,36,33,1,72,12,0,12,84
03/14/2004,PIA,IL,AGL,CE,Towers with Radar,2,32,10,0,44,0,12,0,0,12,2,44,10,0,56,24,0,24,80
03/15/2004,PIA,IL,AGL,CE,Towers with Radar,2,44,33,9,88,0,0,7,17,24,2,44,40,26,112,0,12,12,124
03/16/2004,PIA,IL,AGL,CE,Towers with Radar,8,46,26,8,88,4,7,1,5,17,12,53,27,13,105,0,2,2,107
03/17/2004,PIA,IL,AGL,CE,Towers with Radar,10,64,36,9,119,9,2,0,42,53,19,66,36,51,172,6,32,38,210
03/18/2004,PIA,IL,AGL,CE,Towers with Radar,9,55,30,4,98,6,0,9,0,15,15,55,39,4,113,0,0,0,113
03/19/2004,PIA,IL,AGL,CE,Towers with Radar,10,52,34,9,105,0,0,41,11,52,10,52,75,20,157,30,0,30,187
03/20/2004,PIA,IL,AGL,CE,Towers with Radar,6,35,19,0,60,2,0,16,0,18,8,35,35,0,78,8,0,8,86
03/21/2004,PIA,IL,AGL,CE,Towers with Radar,2,34,21,0,57,0,0,21,0,21,2,34,42,0,78,76,2,78,156
03/22/2004,PIA,IL,AGL,CE,Towers with Radar,4,44,27,6,81,0,0,49,35,84,4,44,76,41,165,58,18,76,241
03/23/2004,PIA,IL,AGL,CE,Towers with Radar,10,31,32,7,80,0,0,20,2,22,10,31,52,9,102,38,6,44,146
03/24/2004,PIA,IL,AGL,CE,Towers with Radar,11,63,34,3,111,1,0,12,0,13,12,63,46,3,124,46,6,52,176
03/25/2004,PIA,IL,AGL,CE,Towers with Radar,12,72,2,5,91,0,0,0,0,0,12,72,2,5,91,0,0,0,91
03/26/2004,PIA,IL,AGL,CE,Towers with Radar,9,57,30,2,98,7,0,8,0,15,16,57,38,2,113,16,0,16,129
03/27/2004,PIA,IL,AGL,CE,Towers with Radar,7,28,19,0,54,0,0,14,0,14,7,28,33,0,68,2,0,2,70
03/28/2004,PIA,IL,AGL,CE,Towers with Radar,5,36,18,1,60,0,0,0,0,0,5,36,18,1,60,0,0,0,60
03/29/2004,PIA,IL,AGL,CE,Towers with Radar,3,50,27,6,86,0,3,45,11,59,3,53,72,17,145,18,18,36,181
03/30/2004,PIA,IL,AGL,CE,Towers with Radar,10,62,34,7,113,6,9,14,0,29,16,71,48,7,142,18,0,18,160
03/31/2004,PIA,IL,AGL,CE,Towers with Radar,12,65,37,9,123,2,0,34,12,48,14,65,71,21,171,12,2,14,185
04/01/2004,PIA,IL,AGL,CE,Towers with Radar,12,62,38,8,120,4,1,33,11,49,16,63,71,19,169,24,2,26,195
04/02/2004,PIA,IL,AGL,CE,Towers with Radar,11,60,37,8,116,0,2,47,20,69,11,62,84,28,185,36,8,44,229
04/03/2004,PIA,IL,AGL,CE,Towers with Radar,7,30,22,1,60,1,0,28,0,29,8,30,50,1,89,14,0,14,103
04/04/2004,PIA,IL,AGL,CE,Towers with Radar,2,38,24,5,69,0,0,83,0,83,2,38,107,5,152,0,0,0,152
04/05/2004,PIA,IL,AGL,CE,Towers with Radar,2,43,27,5,77,0,5,60,29,94,2,48,87,34,171,2,22,24,195
04/06/2004,PIA,IL,AGL,CE,Towers with Radar,12,59,37,7,115,1,0,38,15,54,13,59,75,22,169,22,52,74,243
04/07/2004,PIA,IL,AGL,CE,Towers with Radar,12,56,37,7,112,0,0,66,6,72,12,56,103,13,184,36,16,52,236
04/08/2004,PIA,IL,AGL,CE,Towers with Radar,12,59,36,7,114,0,2,23,25,50,12,61,59,32,164,10,18,28,192
04/09/2004,PIA,IL,AGL,CE,Towers with Radar,11,57,35,1,104,3,1,45,0,49,14,58,80,1,153,38,0,38,191
04/10/2004,PIA,IL,AGL,CE,Towers with Radar,5,29,18,0,52,5,4,50,0,59,10,33,68,0,111,76,0,76,187
04/11/2004,PIA,IL,AGL,CE,Towers with Radar,2,34,21,2,59,0,6,24,0,30,2,40,45,2,89,26,2,28,117
04/12/2004,PIA,IL,AGL,CE,Towers with Radar,2,45,28,6,81,0,3,9,9,21,2,48,37,15,102,18,0,18,120
04/13/2004,PIA,IL,AGL,CE,Towers with Radar,10,57,36,4,107,0,0,23,0,23,10,57,59,4,130,20,0,20,150
04/14/2004,PIA,IL,AGL,CE,Towers with Radar,10,58,36,8,112,2,2,84,12,100,12,60,120,20,212,42,16,58,270
04/15/2004,PIA,IL,AGL,CE,Towers with Radar,9,55,32,8,104,3,3,22,2,30,12,58,54,10,134,12,0,12,146
04/16/2004,PIA,IL,AGL,CE,Towers with Radar,10,57,34,8,109,2,6,43,27,78,12,63,77,35,187,10,58,68,255
04/17/2004,PIA,IL,AGL,CE,Towers with Radar,6,35,21,0,62,2,0,66,0,68,8,35,87,0,130,58,0,58,188
04/18/2004,PIA,IL,AGL,CE,Towers with Radar,2,34,21,1,58,0,0,22,0,22,2,34,43,1,80,14,0,14,94
04/19/2004,PIA,IL,AGL,CE,Towers with Radar,2,50,29,7,88,0,0,2,35,37,2,50,31,42,125,24,20,44,169
04/20/2004,PIA,IL,AGL,CE,Towers with Radar,10,53,31,5,99,1,10,8,0,19,11,63,39,5,118,30,20,50,168
04/21/2004,PIA,IL,AGL,CE,Towers with Radar,11,58,36,9,114,3,0,16,23,42,14,58,52,32,156,2,34,36,192
04/22/2004,PIA,IL,AGL,CE,Towers with Radar,9,52,31,7,99,4,5,5,14,28,13,57,36,21,127,4,8,12,139
04/23/2004,PIA,IL,AGL,CE,Towers with Radar,9,54,32,3,98,3,6,38,0,47,12,60,70,3,145,62,0,62,207
04/24/2004,PIA,IL,AGL,CE,Towers with Radar,7,35,24,0,66,1,0,25,0,26,8,35,49,0,92,28,0,28,120
04/25/2004,PIA,IL,AGL,CE,Towers with Radar,2,36,25,0,63,0,0,23,0,23,2,36,48,0,86,18,0,18,104
04/26/2004,PIA,IL,AGL,CE,Towers with Radar,2,49,30,6,87,0,0,22,16,38,2,49,52,22,125,14,20,34,159
04/27/2004,PIA,IL,AGL,CE,Towers with Radar,11,60,38,8,117,0,0,44,10,54,11,60,82,18,171,10,30,40,211
04/28/2004,PIA,IL,AGL,CE,Towers with Radar,8,48,28,6,90,4,13,24,2,43,12,61,52,8,133,4,2,6,139
04/29/2004,PIA,IL,AGL,CE,Towers with Radar,10,57,34,7,108,2,0,13,53,68,12,57,47,60,176,16,30,46,222
04/30/2004,PIA,IL,AGL,CE,Towers with Radar,10,55,33,5,103,3,0,0,0,3,13,55,33,5,106,2,0,2,108
05/01/2004,PIA,IL,AGL,CE,Towers with Radar,8,41,17,5,71,2,0,0,0,2,10,41,17,5,73,0,4,4,77
05/02/2004,PIA,IL,AGL,CE,Towers with Radar,1,33,20,4,58,0,6,16,5,27,1,39,36,9,85,12,4,16,101
05/03/2004,PIA,IL,AGL,CE,Towers with Radar,2,51,32,7,92,0,0,49,9,58,2,51,81,16,150,34,22,56,206
05/04/2004,PIA,IL,AGL,CE,Towers with Radar,0,0,0,0,0,13,71,71,28,183,13,71,71,28,183,0,0,0,183
05/05/2004,PIA,IL,AGL,CE,Towers with Radar,12,63,38,8,121,6,1,44,25,76,18,64,82,33,197,34,8,42,239
05/06/2004,PIA,IL,AGL,CE,Towers with Radar,13,64,40,8,125,0,0,53,35,88,13,64,93,43,213,60,14,74,287
05/07/2004,PIA,IL,AGL,CE,Towers with Radar,9,47,28,1,85,3,11,20,0,34,12,58,48,1,119,0,0,0,119
05/08/2004,PIA,IL,AGL,CE,Towers with Radar,8,42,25,5,80,2,3,43,1,49,10,45,68,6,129,30,0,30,159
05/09/2004,PIA,IL,AGL,CE,Towers with Radar,3,35,21,0,59,0,11,28,0,39,3,46,49,0,98,34,0,34,132
05/10/2004,PIA,IL,AGL,CE,Towers with Radar,2,45,29,6,82,0,0,26,16,42,2,45,55,22,124,42,20,62,186
05/11/2004,PIA,IL,AGL,CE,Towers with Radar,11,61,36,6,114,0,8,20,0,28,11,69,56,6,142,10,0,10,152
05/12/2004,PIA,IL,AGL,CE,Towers with Radar,11,60,36,7,114,1,1,15,20,37,12,61,51,27,151,0,24,24,175
05/13/2004,PIA,IL,AGL,CE,Towers with Radar,12,62,37,7,118,3,7,16,14,40,15,69,53,21,158,0,0,0,158
05/14/2004,PIA,IL,AGL,CE,Towers with Radar,10,56,33,7,106,4,4,11,10,29,14,60,44,17,135,0,0,0,135
05/15/2004,PIA,IL,AGL,CE,Towers with Radar,9,43,30,0,82,2,0,47,0,49,11,43,77,0,131,70,0,70,201
05/16/2004,PIA,IL,AGL,CE,Towers with Radar,1,38,26,3,68,0,0,26,0,26,1,38,52,3,94,16,0,16,110
05/17/2004,PIA,IL,AGL,CE,Towers with Radar,2,46,31,7,86,0,0,14,16,30,2,46,45,23,116,8,14,22,138
05/18/2004,PIA,IL,AGL,CE,Towers with Radar,9,55,31,3,98,3,1,21,0,25,12,56,52,3,123,36,0,36,159
05/19/2004,PIA,IL,AGL,CE,Towers with Radar,14,62,45,11,132,1,0,13,15,29,15,62,58,26,161,10,10,20,181
05/20/2004,PIA,IL,AGL,CE,Towers with Radar,12,69,41,10,132,0,0,11,19,30,12,69,52,29,162,20,6,26,188
05/21/2004,PIA,IL,AGL,CE,Towers with Radar,8,46,26,6,86,9,24,12,21,66,17,70,38,27,152,18,0,18,170
05/22/2004,PIA,IL,AGL,CE,Towers with Radar,7,42,24,0,73,4,0,30,0,34,11,42,54,0,107,18,0,18,125
05/23/2004,PIA,IL,AGL,CE,Towers with Radar,5,38,20,5,68,0,3,0,2,5,5,41,20,7,73,34,0,34,107
05/24/2004,PIA,IL,AGL,CE,Towers with Radar,2,54,32,8,96,0,0,52,11,63,2,54,84,19,159,60,42,102,261
05/25/2004,PIA,IL,AGL,CE,Towers with Radar,10,60,36,8,114,2,0,17,5,24,12,60,53,13,138,64,0,64,202
05/26/2004,PIA,IL,AGL,CE,Towers with Radar,12,67,40,9,128,3,0,25,11,39,15,67,65,20,167,66,0,66,233
05/27/2004,PIA,IL,AGL,CE,Towers with Radar,10,62,36,8,116,0,0,7,30,37,10,62,43,38,153,10,16,26,179
05/28/2004,PIA,IL,AGL,CE,Towers with Radar,10,62,35,0,107,2,0,22,0,24,12,62,57,0,131,36,0,36,167
05/29/2004,PIA,IL,AGL,CE,Towers with Radar,5,36,20,0,61,0,6,42,0,48,5,42,62,0,109,38,0,38,147
05/30/2004,PIA,IL,AGL,CE,Towers with Radar,3,19,8,0,30,4,2,0,0,6,7,21,8,0,36,0,0,0,36
05/31/2004,PIA,IL,AGL,CE,Towers with Radar,4,36,21,0,61,0,0,23,0,23,4,36,44,0,84,26,0,26,110
06/01/2004,PIA,IL,AGL,CE,Towers with Radar,2,47,36,8,93,0,8,44,0,52,2,55,80,8,145,8,0,8,153
06/02/2004,PIA,IL,AGL,CE,Towers with Radar,12,59,47,11,129,2,0,6,37,45,14,59,53,48,174,18,6,24,198
06/03/2004,PIA,IL,AGL,CE,Towers with Radar,11,60,46,11,128,1,3,58,24,86,12,63,104,35,214,28,12,40,254
06/04/2004,PIA,IL,AGL,CE,Towers with Radar,10,55,42,10,117,4,29,61,16,110,14,84,103,26,227,66,0,66,293
06/05/2004,PIA,IL,AGL,CE,Towers with Radar,10,34,41,10,95,1,0,209,8,218,11,34,250,18,313,114,14,128,441
06/06/2004,PIA,IL,AGL,CE,Towers with Radar,1,40,35,8,84,0,0,59,12,71,1,40,94,20,155,20,0,20,175
06/07/2004,PIA,IL,AGL,CE,Towers with Radar,2,48,38,9,97,0,2,18,27,47,2,50,56,36,144,18,34,52,196
06/08/2004,PIA,IL,AGL,CE,Towers with Radar,11,58,45,11,125,1,8,33,4,46,12,66,78,15,171,52,44,96,267
06/09/2004,PIA,IL,AGL,CE,Towers with Radar,11,56,45,10,122,2,0,30,48,80,13,56,75,58,202,0,58,58,260
06/10/2004,PIA,IL,AGL,CE,Towers with Radar,9,48,38,9,104,2,14,4,6,26,11,62,42,15,130,0,58,58,188
06/11/2004,PIA,IL,AGL,CE,Towers with Radar,10,55,43,8,116,2,0,18,0,20,12,55,61,8,136,72,0,72,208
06/12/2004,PIA,IL,AGL,CE,Towers with Radar,8,44,35,5,92,3,2,32,0,37,11,46,67,5,129,24,0,24,153
06/13/2004,PIA,IL,AGL,CE,Towers with Radar,1,40,32,3,76,0,1,43,0,44,1,41,75,3,120,26,0,26,146
06/14/2004,PIA,IL,AGL,CE,Towers with Radar,2,48,40,9,99,0,0,41,2,43,2,48,81,11,142,26,22,48,190
06/15/2004,PIA,IL,AGL,CE,Towers with Radar,11,60,41,11,123,4,4,0,16,24,15,64,41,27,147,50,32,82,229
06/16/2004,PIA,IL,AGL,CE,Towers with Radar,11,60,42,11,124,2,1,0,1,4,13,61,42,12,128,20,0,20,148
06/17/2004,PIA,IL,AGL,CE,Towers with Radar,11,64,50,12,137,0,0,6,16,22,11,64,56,28,159,14,4,18,177
06/18/2004,PIA,IL,AGL,CE,Towers with Radar,9,54,41,6,110,7,3,2,0,12,16,57,43,6,122,34,2,36,158
06/19/2004,PIA,IL,AGL,CE,Towers with Radar,6,37,27,6,76,4,0,21,0,25,10,37,48,6,101,6,0,6,107
06/20/2004,PIA,IL,AGL,CE,Towers with Radar,3,40,31,0,74,0,0,3,0,3,3,40,34,0,77,22,0,22,99
06/21/2004,PIA,IL,AGL,CE,Towers with Radar,2,51,38,2,93,0,6,14,0,20,2,57,52,2,113,20,0,20,133
06/22/2004,PIA,IL,AGL,CE,Towers with Radar,10,59,45,12,126,7,0,19,19,45,17,59,64,31,171,12,38,50,221
06/23/2004,PIA,IL,AGL,CE,Towers with Radar,9,55,41,11,116,2,3,48,36,89,11,58,89,47,205,40,32,72,277
06/24/2004,PIA,IL,AGL,CE,Towers with Radar,9,56,42,11,118,2,2,15,18,37,11,58,57,29,155,24,38,62,217
06/25/2004,PIA,IL,AGL,CE,Towers with Radar,9,56,42,11,118,3,9,23,2,37,12,65,65,13,155,40,0,40,195
06/26/2004,PIA,IL,AGL,CE,Towers with Radar,6,39,29,1,75,5,2,26,0,33,11,41,55,1,108,68,0,68,176
06/27/2004,PIA,IL,AGL,CE,Towers with Radar,1,40,33,0,74,0,0,15,0,15,1,40,48,0,89,14,0,14,103
06/28/2004,PIA,IL,AGL,CE,Towers with Radar,2,50,38,10,100,0,0,28,33,61,2,50,66,43,161,42,50,92,253
06/29/2004,PIA,IL,AGL,CE,Towers with Radar,10,59,44,12,125,3,1,54,11,69,13,60,98,23,194,36,16,52,246
06/30/2004,PIA,IL,AGL,CE,Towers with Radar,9,55,41,11,116,4,3,45,28,80,13,58,86,39,196,48,20,68,264
07/01/2004,PIA,IL,AGL,CE,Towers with Radar,12,59,34,9,114,1,0,43,35,79,13,59,77,44,193,16,12,28,221
07/02/2004,PIA,IL,AGL,CE,Towers with Radar,10,50,28,0,88,2,6,41,0,49,12,56,69,0,137,60,0,60,197
07/03/2004,PIA,IL,AGL,CE,Towers with Radar,7,33,19,0,59,1,4,11,0,16,8,37,30,0,75,12,0,12,87
07/04/2004,PIA,IL,AGL,CE,Towers with Radar,1,25,14,0,40,0,6,7,0,13,1,31,21,0,53,8,0,8,61
07/05/2004,PIA,IL,AGL,CE,Towers with Radar,2,35,23,0,60,0,0,40,0,40,2,35,63,0,100,86,0,86,186
07/06/2004,PIA,IL,AGL,CE,Towers with Radar,4,47,26,7,84,0,7,22,16,45,4,54,48,23,129,24,24,48,177
07/07/2004,PIA,IL,AGL,CE,Towers with Radar,12,53,34,9,108,1,0,20,26,47,13,53,54,35,155,4,14,18,173
07/08/2004,PIA,IL,AGL,CE,Towers with Radar,12,58,35,9,114,1,0,54,12,67,13,58,89,21,181,48,0,48,229
07/09/2004,PIA,IL,AGL,CE,Towers with Radar,13,53,38,10,114,3,0,29,12,44,16,53,67,22,158,0,14,14,172
07/10/2004,PIA,IL,AGL,CE,Towers with Radar,9,42,25,3,79,4,0,9,0,13,13,42,34,3,92,2,0,2,94
07/11/2004,PIA,IL,AGL,CE,Towers with Radar,1,39,22,0,62,0,2,15,0,17,1,41,37,0,79,32,0,32,111
07/12/2004,PIA,IL,AGL,CE,Towers with Radar,2,56,32,8,98,0,1,47,32,80,2,57,79,40,178,10,34,44,222
07/13/2004,PIA,IL,AGL,CE,Towers with Radar,11,55,31,8,105,0,3,45,19,67,11,58,76,27,172,32,24,56,228
07/14/2004,PIA,IL,AGL,CE,Towers with Radar,10,52,29,7,98,3,12,45,26,86,13,64,74,33,184,4,18,22,206
07/15/2004,PIA,IL,AGL,CE,Towers with Radar,11,58,31,5,105,0,6,48,0,54,11,64,79,5,159,48,4,52,211
07/16/2004,PIA,IL,AGL,CE,Towers with Radar,9,47,25,1,82,3,5,38,0,46,12,52,63,1,128,30,0,30,158
07/17/2004,PIA,IL,AGL,CE,Towers with Radar,9,47,25,0,81,4,0,33,0,37,13,47,58,0,118,76,0,76,194
07/18/2004,PIA,IL,AGL,CE,Towers with Radar,1,40,22,1,64,0,0,61,0,61,1,40,83,1,125,68,0,68,193
07/19/2004,PIA,IL,AGL,CE,Towers with Radar,2,51,27,8,88,0,8,41,27,76,2,59,68,35,164,50,14,64,228
07/20/2004,PIA,IL,AGL,CE,Towers with Radar,11,59,32,10,112,1,3,39,1,44,12,62,71,11,156,46,14,60,216
07/21/2004,PIA,IL,AGL,CE,Towers with Radar,9,53,28,8,98,5,14,15,25,59,14,67,43,33,157,12,14,26,183
07/22/2004,PIA,IL,AGL,CE,Towers with Radar,10,53,30,9,102,1,0,17,21,39,11,53,47,30,141,4,8,12,153
07/23/2004,PIA,IL,AGL,CE,Towers with Radar,12,69,37,11,129,1,0,44,47,92,13,69,81,58,221,50,64,114,335
07/24/2004,PIA,IL,AGL,CE,Towers with Radar,6,33,18,6,63,7,30,35,1,73,13,63,53,7,136,38,28,66,202
07/25/2004,PIA,IL,AGL,CE,Towers with Radar,5,44,21,8,78,0,0,0,5,5,5,44,21,13,83,18,16,34,117
07/26/2004,PIA,IL,AGL,CE,Towers with Radar,3,54,30,9,96,0,0,36,15,51,3,54,66,24,147,110,16,126,273
07/27/2004,PIA,IL,AGL,CE,Towers with Radar,10,58,32,9,109,10,6,7,10,33,20,64,39,19,142,14,6,20,162
07/28/2004,PIA,IL,AGL,CE,Towers with Radar,12,69,39,11,131,4,0,35,21,60,16,69,74,32,191,56,26,82,273
07/29/2004,PIA,IL,AGL,CE,Towers with Radar,12,60,36,11,119,1,0,20,25,46,13,60,56,36,165,2,28,30,195
07/30/2004,PIA,IL,AGL,CE,Towers with Radar,12,65,36,1,114,0,0,18,0,18,12,65,54,1,132,50,0,50,182
07/31/2004,PIA,IL,AGL,CE,Towers with Radar,9,43,29,8,89,1,0,27,0,28,10,43,56,8,117,16,0,16,133
08/01/2004,PIA,IL,AGL,CE,Towers with Radar,2,41,31,0,74,0,0,39,0,39,2,41,70,0,113,50,0,50,163
08/02/2004,PIA,IL,AGL,CE,Towers with Radar,3,49,32,7,91,0,8,9,4,21,3,57,41,11,112,26,0,26,138
08/03/2004,PIA,IL,AGL,CE,Towers with Radar,11,58,37,8,114,5,4,4,5,18,16,62,41,13,132,24,4,28,160
08/04/2004,PIA,IL,AGL,CE,Towers with Radar,11,36,38,9,94,6,0,53,10,69,17,36,91,19,163,42,0,42,205
08/05/2004,PIA,IL,AGL,CE,Towers with Radar,11,60,39,9,119,1,2,49,3,55,12,62,88,12,174,16,0,16,190
08/06/2004,PIA,IL,AGL,CE,Towers with Radar,11,56,36,4,107,3,33,49,0,85,14,89,85,4,192,52,0,52,244
08/07/2004,PIA,IL,AGL,CE,Towers with Radar,9,39,31,7,86,1,0,55,7,63,10,39,86,14,149,106,14,120,269
08/08/2004,PIA,IL,AGL,CE,Towers with Radar,2,38,25,5,70,0,9,5,1,15,2,47,30,6,85,16,8,24,109
08/09/2004,PIA,IL,AGL,CE,Towers with Radar,4,50,33,7,94,0,8,19,28,55,4,58,52,35,149,42,32,74,223
08/10/2004,PIA,IL,AGL,CE,Towers with Radar,14,68,46,11,139,0,0,35,4,39,14,68,81,15,178,14,18,32,210
08/11/2004,PIA,IL,AGL,CE,Towers with Radar,12,61,40,9,122,0,0,19,41,60,12,61,59,50,182,62,10,72,254
08/12/2004,PIA,IL,AGL,CE,Towers with Radar,13,61,44,10,128,4,0,24,36,64,17,61,68,46,192,38,0,38,230
08/13/2004,PIA,IL,AGL,CE,Towers with Radar,10,54,35,8,107,6,2,52,25,85,16,56,87,33,192,50,42,92,284
08/14/2004,PIA,IL,AGL,CE,Towers with Radar,8,40,26,1,75,3,2,36,0,41,11,42,62,1,116,44,0,44,160
08/15/2004,PIA,IL,AGL,CE,Towers with Radar,1,41,25,3,70,0,0,0,0,0,1,41,25,3,70,92,0,92,162
08/16/2004,PIA,IL,AGL,CE,Towers with Radar,3,52,34,8,97,0,0,34,33,67,3,52,68,41,164,8,16,24,188
08/17/2004,PIA,IL,AGL,CE,Towers with Radar,11,57,37,8,113,6,0,29,22,57,17,57,66,30,170,14,0,14,184
08/18/2004,PIA,IL,AGL,CE,Towers with Radar,12,60,42,11,125,1,0,31,20,52,13,60,73,31,177,0,6,6,183
08/19/2004,PIA,IL,AGL,CE,Towers with Radar,11,57,39,10,117,0,0,51,13,64,11,57,90,23,181,38,28,66,247
08/20/2004,PIA,IL,AGL,CE,Towers with Radar,11,61,38,10,120,2,4,34,23,63,13,65,72,33,183,4,2,6,189
08/21/2004,PIA,IL,AGL,CE,Towers with Radar,8,41,27,2,78,3,0,52,0,55,11,41,79,2,133,42,0,42,175
08/22/2004,PIA,IL,AGL,CE,Towers with Radar,1,43,27,2,73,0,12,59,0,71,1,55,86,2,144,0,0,0,144
08/23/2004,PIA,IL,AGL,CE,Towers with Radar,2,50,31,8,91,0,0,38,35,73,2,50,69,43,164,44,18,62,226
08/24/2004,PIA,IL,AGL,CE,Towers with Radar,10,61,37,10,118,13,0,10,15,38,23,61,47,25,156,12,22,34,190
08/25/2004,PIA,IL,AGL,CE,Towers with Radar,7,44,27,7,85,4,16,1,10,31,11,60,28,17,116,0,0,0,116
08/26/2004,PIA,IL,AGL,CE,Towers with Radar,11,60,42,11,124,0,0,12,14,26,11,60,54,25,150,4,0,4,154
08/27/2004,PIA,IL,AGL,CE,Towers with Radar,9,53,33,9,104,3,4,8,4,19,12,57,41,13,123,8,14,22,145
08/28/2004,PIA,IL,AGL,CE,Towers with Radar,6,34,20,1,61,2,10,3,0,15,8,44,23,1,76,10,0,10,86
08/29/2004,PIA,IL,AGL,CE,Towers with Radar,1,41,27,4,73,0,0,0,0,0,1,41,27,4,73,20,16,36,109
08/30/2004,PIA,IL,AGL,CE,Towers with Radar,3,44,27,7,81,0,6,17,6,29,3,50,44,13,110,32,24,56,166
08/31/2004,PIA,IL,AGL,CE,Towers with Radar,11,63,41,10,125,1,0,48,11,60,12,63,89,21,185,2,20,22,207
09/01/2004,PIA,IL,AGL,CE,Towers with Radar,10,61,38,8,117,5,9,35,27,76,15,70,73,35,193,8,4,12,205
09/02/2004,PIA,IL,AGL,CE,Towers with Radar,11,69,43,9,132,3,21,26,11,61,14,90,69,20,193,18,2,20,213
09/03/2004,PIA,IL,AGL,CE,Towers with Radar,11,65,43,2,121,2,0,11,0,13,13,65,54,2,134,12,0,12,146
09/04/2004,PIA,IL,AGL,CE,Towers with Radar,5,36,23,0,64,0,8,4,0,12,5,44,27,0,76,12,0,12,88
09/05/2004,PIA,IL,AGL,CE,Towers with Radar,1,29,19,0,49,0,7,3,0,10,1,36,22,0,59,10,0,10,69
09/06/2004,PIA,IL,AGL,CE,Towers with Radar,2,37,24,0,63,0,0,8,0,8,2,37,32,0,71,0,0,0,71
09/07/2004,PIA,IL,AGL,CE,Towers with Radar,3,50,33,7,93,0,0,52,12,64,3,50,85,19,157,6,12,18,175
09/08/2004,PIA,IL,AGL,CE,Towers with Radar,11,66,41,9,127,1,1,27,29,58,12,67,68,38,185,18,10,28,213
09/09/2004,PIA,IL,AGL,CE,Towers with Radar,11,62,39,9,121,0,8,48,20,76,11,70,87,29,197,28,8,36,233
09/10/2004,PIA,IL,AGL,CE,Towers with Radar,12,67,52,11,142,0,0,4,7,11,12,67,56,18,153,48,28,76,229
09/11/2004,PIA,IL,AGL,CE,Towers with Radar,7,49,32,8,96,2,0,61,6,69,9,49,93,14,165,104,6,110,275
09/12/2004,PIA,IL,AGL,CE,Towers with Radar,1,47,32,8,88,0,0,63,24,87,1,47,95,32,175,32,22,54,229
09/13/2004,PIA,IL,AGL,CE,Towers with Radar,2,54,34,8,98,0,2,1,35,38,2,56,35,43,136,0,46,46,182
09/14/2004,PIA,IL,AGL,CE,Towers with Radar,10,61,44,10,125,2,0,23,20,45,12,61,67,30,170,8,0,8,178
09/15/2004,PIA,IL,AGL,CE,Towers with Radar,8,53,28,8,97,3,8,0,8,19,11,61,28,16,116,0,20,20,136
09/16/2004,PIA,IL,AGL,CE,Towers with Radar,9,58,35,8,110,5,4,18,27,54,14,62,53,35,164,36,10,46,210
09/17/2004,PIA,IL,AGL,CE,Towers with Radar,9,58,38,4,109,3,0,20,0,23,12,58,58,4,132,46,0,46,178
09/18/2004,PIA,IL,AGL,CE,Towers with Radar,6,40,24,3,73,3,3,36,0,42,9,43,60,3,115,36,0,36,151
09/19/2004,PIA,IL,AGL,CE,Towers with Radar,1,36,21,3,61,0,7,35,0,42,1,43,56,3,103,8,4,12,115
09/20/2004,PIA,IL,AGL,CE,Towers with Radar,2,47,28,7,84,0,8,33,23,64,2,55,61,30,148,20,24,44,192
09/21/2004,PIA,IL,AGL,CE,Towers with Radar,10,66,40,10,126,1,0,20,17,38,11,66,60,27,164,46,58,104,268
09/22/2004,PIA,IL,AGL,CE,Towers with Radar,9,58,35,8,110,2,8,12,37,59,11,66,47,45,169,18,6,24,193
09/23/2004,PIA,IL,AGL,CE,Towers with Radar,10,66,42,10,128,2,0,41,19,62,12,66,83,29,190,16,0,16,206
09/24/2004,PIA,IL,AGL,CE,Towers with Radar,10,62,39,8,119,2,0,2,6,10,12,62,41,14,129,0,10,10,139
09/25/2004,PIA,IL,AGL,CE,Towers with Radar,5,38,23,2,68,4,3,36,0,43,9,41,59,2,111,26,10,36,147
09/26/2004,PIA,IL,AGL,CE,Towers with Radar,1,41,26,1,69,0,0,56,0,56,1,41,82,1,125,20,0,20,145
09/27/2004,PIA,IL,AGL,CE,Towers with Radar,2,52,35,7,96,0,0,27,8,35,2,52,62,15,131,54,42,96,227
09/28/2004,PIA,IL,AGL,CE,Towers with Radar,9,59,40,5,113,4,0,12,0,16,13,59,52,5,129,32,8,40,169
09/29/2004,PIA,IL,AGL,CE,Towers with Radar,9,61,37,8,115,2,0,67,33,102,11,61,104,41,217,26,20,46,263
09/30/2004,PIA,IL,AGL,CE,Towers with Radar,10,62,37,9,118,1,11,32,16,60,11,73,69,25,178,20,14,34,212
10/01/2004,PIA,IL,AGL,CE,Combined TRACON& Tower with Radar,12,59,30,13,114,0,0,0,0,0,12,59,30,13,114,0,0,0,114
10/02/2004,PIA,IL,AGL,CE,Combined TRACON& Tower with Radar,10,49,26,7,92,0,0,27,0,27,10,49,53,7,119,52,0,52,171
10/03/2004,PIA,IL,AGL,CE,Combined TRACON& Tower with Radar,1,41,32,5,79,0,0,28,2,30,1,41,60,7,109,58,0,58,167
10/04/2004,PIA,IL,AGL,CE,Combined TRACON& Tower with Radar,2,52,28,13,95,0,0,44,10,54,2,52,72,23,149,36,22,58,207
10/05/2004,PIA,IL,AGL,CE,Combined TRACON& Tower with Radar,11,63,50,10,134,0,1,26,7,34,11,64,76,17,168,6,26,32,200
10/06/2004,PIA,IL,AGL,CE,Combined TRACON& Tower with Radar,11,70,59,24,164,0,1,34,8,43,11,71,93,32,207,10,14,24,231
10/07/2004,PIA,IL,AGL,CE,Combined TRACON& Tower with Radar,12,64,44,23,143,0,1,23,22,46,12,65,67,45,189,8,16,24,213
10/08/2004,PIA,IL,AGL,CE,Combined TRACON& Tower with Radar,12,65,51,2,130,0,0,0,0,0,12,65,51,2,130,14,4,18,148
10/09/2004,PIA,IL,AGL,CE,Combined TRACON& Tower with Radar,10,41,18,1,70,0,1,30,0,31,10,42,48,1,101,16,0,16,117
10/10/2004,PIA,IL,AGL,CE,Combined TRACON& Tower with Radar,1,39,13,0,53,0,0,52,0,52,1,39,65,0,105,20,0,20,125
10/11/2004,PIA,IL,AGL,CE,Combined TRACON& Tower with Radar,2,53,28,0,83,0,1,22,0,23,2,54,50,0,106,18,0,18,124
10/12/2004,PIA,IL,AGL,CE,Combined TRACON& Tower with Radar,14,62,35,12,123,0,0,16,14,30,14,62,51,26,153,70,2,72,225
10/13/2004,PIA,IL,AGL,CE,Combined TRACON& Tower with Radar,11,82,52,4,149,0,0,4,19,23,11,82,56,23,172,6,4,10,182
10/14/2004,PIA,IL,AGL,CE,Combined TRACON& Tower with Radar,12,72,76,7,167,0,1,4,8,13,12,73,80,15,180,6,2,8,188
10/15/2004,PIA,IL,AGL,CE,Combined TRACON& Tower with Radar,14,66,58,19,157,0,0,18,5,23,14,66,76,24,180,0,0,0,180
10/16/2004,PIA,IL,AGL,CE,Combined TRACON& Tower with Radar,13,53,32,0,98,0,0,10,0,10,13,53,42,0,108,12,0,12,120
10/17/2004,PIA,IL,AGL,CE,Combined TRACON& Tower with Radar,1,39,31,2,73,0,0,60,0,60,1,39,91,2,133,62,0,62,195
10/18/2004,PIA,IL,AGL,CE,Combined TRACON& Tower with Radar,2,53,34,2,91,0,0,1,0,1,2,53,35,2,92,4,0,4,96
10/19/2004,PIA,IL,AGL,CE,Combined TRACON& Tower with Radar,18,67,44,17,146,0,0,3,0,3,18,67,47,17,149,32,0,32,181
10/20/2004,PIA,IL,AGL,CE,Combined TRACON& Tower with Radar,13,51,33,1,98,0,0,2,2,4,13,51,35,3,102,0,0,0,102
10/21/2004,PIA,IL,AGL,CE,Combined TRACON& Tower with Radar,13,61,46,32,152,0,0,40,8,48,13,61,86,40,200,4,8,12,212
10/22/2004,PIA,IL,AGL,CE,Combined TRACON& Tower with Radar,12,64,37,7,120,0,0,2,0,2,12,64,39,7,122,0,2,2,124
10/23/2004,PIA,IL,AGL,CE,Combined TRACON& Tower with Radar,9,43,25,0,77,0,0,7,0,7,9,43,32,0,84,4,0,4,88
10/24/2004,PIA,IL,AGL,CE,Combined TRACON& Tower with Radar,3,44,35,2,84,0,0,38,0,38,3,44,73,2,122,20,0,20,142
10/25/2004,PIA,IL,AGL,CE,Combined TRACON& Tower with Radar,2,49,27,5,83,0,2,39,10,51,2,51,66,15,134,14,0,14,148
10/26/2004,PIA,IL,AGL,CE,Combined TRACON& Tower with Radar,12,57,35,3,107,0,1,9,1,11,12,58,44,4,118,4,0,4,122
10/27/2004,PIA,IL,AGL,CE,Combined TRACON& Tower with Radar,10,57,30,11,108,0,0,0,0,0,10,57,30,11,108,4,2,6,114
10/28/2004,PIA,IL,AGL,CE,Combined TRACON& Tower with Radar,15,52,41,0,108,0,0,0,2,2,15,52,41,2,110,0,0,0,110
10/29/2004,PIA,IL,AGL,CE,Combined TRACON& Tower with Radar,15,54,33,2,104,0,0,0,0,0,15,54,33,2,104,32,16,48,152
10/30/2004,PIA,IL,AGL,CE,Combined TRACON& Tower with Radar,10,36,12,2,60,0,0,0,0,0,10,36,12,2,60,0,0,0,60
10/31/2004,PIA,IL,AGL,CE,Combined TRACON& Tower with Radar,2,44,22,2,70,0,0,34,0,34,2,44,56,2,104,26,0,26,130
11/01/2004,PIA,IL,AGL,CE,Combined TRACON& Tower with Radar,2,47,15,10,74,0,2,0,0,2,2,49,15,10,76,0,0,0,76
11/02/2004,PIA,IL,AGL,CE,Combined TRACON& Tower with Radar,11,57,40,5,113,0,2,2,26,30,11,59,42,31,143,0,24,24,167
11/03/2004,PIA,IL,AGL,CE,Combined TRACON& Tower with Radar,13,54,50,2,119,0,0,10,5,15,13,54,60,7,134,2,4,6,140
11/04/2004,PIA,IL,AGL,CE,Combined TRACON& Tower with Radar,13,50,48,20,131,0,7,4,4,15,13,57,52,24,146,6,18,24,170
11/05/2004,PIA,IL,AGL,CE,Combined TRACON& Tower with Radar,12,57,37,8,114,0,0,34,8,42,12,57,71,16,156,24,12,36,192
11/06/2004,PIA,IL,AGL,CE,Combined TRACON& Tower with Radar,14,44,28,4,90,0,0,0,0,0,14,44,28,4,90,12,0,12,102
11/07/2004,PIA,IL,AGL,CE,Combined TRACON& Tower with Radar,2,44,26,7,79,0,0,34,0,34,2,44,60,7,113,42,0,42,155
11/08/2004,PIA,IL,AGL,CE,Combined TRACON& Tower with Radar,2,54,48,9,113,0,0,23,12,35,2,54,71,21,148,32,20,52,200
11/09/2004,PIA,IL,AGL,CE,Combined TRACON& Tower with Radar,11,59,34,32,136,0,0,35,26,61,11,59,69,58,197,14,60,74,271
11/10/2004,PIA,IL,AGL,CE,Combined TRACON& Tower with Radar,11,50,48,9,118,0,0,0,0,0,11,50,48,9,118,12,6,18,136
11/11/2004,PIA,IL,AGL,CE,Combined TRACON& Tower with Radar,12,56,23,0,91,0,0,4,0,4,12,56,27,0,95,0,0,0,95
11/12/2004,PIA,IL,AGL,CE,Combined TRACON& Tower with Radar,18,45,37,0,100,0,0,31,0,31,18,45,68,0,131,26,0,26,157
11/13/2004,PIA,IL,AGL,CE,Combined TRACON& Tower with Radar,9,46,32,0,87,0,1,45,0,46,9,47,77,0,133,40,0,40,173
11/14/2004,PIA,IL,AGL,CE,Combined TRACON& Tower with Radar,1,41,23,0,65,0,0,42,0,42,1,41,65,0,107,54,2,56,163
11/15/2004,PIA,IL,AGL,CE,Combined TRACON& Tower with Radar,2,51,32,6,91,0,0,31,28,59,2,51,63,34,150,52,22,74,224
11/16/2004,PIA,IL,AGL,CE,Combined TRACON& Tower with Radar,11,59,50,20,140,0,0,6,18,24,11,59,56,38,164,2,32,34,198
11/17/2004,PIA,IL,AGL,CE,Combined TRACON& Tower with Radar,11,59,72,24,166,0,0,20,35,55,11,59,92,59,221,8,26,34,255
11/18/2004,PIA,IL,AGL,CE,Combined TRACON& Tower with Radar,16,61,57,30,164,0,0,0,0,0,16,61,57,30,164,0,0,0,164
11/19/2004,PIA,IL,AGL,CE,Combined TRACON& Tower with Radar,12,58,35,2,107,0,0,0,0,0,12,58,35,2,107,0,0,0,107
11/20/2004,PIA,IL,AGL,CE,Combined TRACON& Tower with Radar,9,54,30,0,93,0,0,0,0,0,9,54,30,0,93,0,0,0,93
11/21/2004,PIA,IL,AGL,CE,Combined TRACON& Tower with Radar,1,44,21,1,67,0,0,27,0,27,1,44,48,1,94,9,2,11,105
11/22/2004,PIA,IL,AGL,CE,Combined TRACON& Tower with Radar,2,46,17,7,72,0,0,27,8,35,2,46,44,15,107,12,0,12,119
11/23/2004,PIA,IL,AGL,CE,Combined TRACON& Tower with Radar,12,57,31,17,117,0,0,6,6,12,12,57,37,23,129,14,0,14,143
11/24/2004,PIA,IL,AGL,CE,Combined TRACON& Tower with Radar,14,47,14,0,75,0,0,2,0,2,14,47,16,0,77,0,0,0,77
11/25/2004,PIA,IL,AGL,CE,Combined TRACON& Tower with Radar,8,42,5,0,55,0,2,9,0,11,8,44,14,0,66,0,0,0,66
11/26/2004,PIA,IL,AGL,CE,Combined TRACON& Tower with Radar,6,38,7,0,51,0,0,19,0,19,6,38,26,0,70,38,2,40,110
11/27/2004,PIA,IL,AGL,CE,Combined TRACON& Tower with Radar,5,40,12,0,57,0,0,0,0,0,5,40,12,0,57,0,0,0,57
11/28/2004,PIA,IL,AGL,CE,Combined TRACON& Tower with Radar,3,41,22,0,66,0,0,32,0,32,3,41,54,0,98,12,0,12,110
11/29/2004,PIA,IL,AGL,CE,Combined TRACON& Tower with Radar,2,44,32,1,79,0,0,3,0,3,2,44,35,1,82,0,0,0,82
11/30/2004,PIA,IL,AGL,CE,Combined TRACON& Tower with Radar,13,58,39,3,113,0,0,0,0,0,13,58,39,3,113,0,0,0,113
12/01/2004,PIA,IL,AGL,CE,Combined TRACON& Tower with Radar,9,63,32,13,117,0,1,32,10,43,9,64,64,23,160,6,6,12,172
12/02/2004,PIA,IL,AGL,CE,Combined TRACON& Tower with Radar,12,59,43,13,127,0,5,20,15,40,12,64,63,28,167,40,28,68,235
12/03/2004,PIA,IL,AGL,CE,Combined TRACON& Tower with Radar,14,56,31,9,110,0,0,33,12,45,14,56,64,21,155,4,10,14,169
12/04/2004,PIA,IL,AGL,CE,Combined TRACON& Tower with Radar,10,46,24,1,81,0,0,35,4,39,10,46,59,5,120,13,0,13,133
12/05/2004,PIA,IL,AGL,CE,Combined TRACON& Tower with Radar,0,40,26,2,68,0,0,31,0,31,0,40,57,2,99,52,0,52,151
12/06/2004,PIA,IL,AGL,CE,Combined TRACON& Tower with Radar,8,52,26,3,89,0,0,0,0,0,8,52,26,3,89,4,0,4,93
12/07/2004,PIA,IL,AGL,CE,Combined TRACON& Tower with Radar,11,75,31,8,125,0,0,1,6,7,11,75,32,14,132,0,24,24,156
12/08/2004,PIA,IL,AGL,CE,Combined TRACON& Tower with Radar,11,53,37,8,109,0,5,26,22,53,11,58,63,30,162,28,28,56,218
12/09/2004,PIA,IL,AGL,CE,Combined TRACON& Tower with Radar,10,68,49,10,137,0,2,24,9,35,10,70,73,19,172,58,22,80,252
12/10/2004,PIA,IL,AGL,CE,Combined TRACON& Tower with Radar,11,74,49,10,144,0,0,1,0,1,11,74,50,10,145,2,0,2,147
12/11/2004,PIA,IL,AGL,CE,Combined TRACON& Tower with Radar,9,50,26,0,85,0,0,11,0,11,9,50,37,0,96,32,0,32,128
12/12/2004,PIA,IL,AGL,CE,Combined TRACON& Tower with Radar,1,36,23,1,61,0,0,4,0,4,1,36,27,1,65,2,0,2,67
12/13/2004,PIA,IL,AGL,CE,Combined TRACON& Tower with Radar,2,45,26,13,86,0,0,8,3,11,2,45,34,16,97,0,12,12,109
12/14/2004,PIA,IL,AGL,CE,Combined TRACON& Tower with Radar,11,58,25,7,101,0,0,15,37,52,11,58,40,44,153,0,12,12,165
12/15/2004,PIA,IL,AGL,CE,Combined TRACON& Tower with Radar,11,67,59,6,143,0,1,29,14,44,11,68,88,20,187,38,16,54,241
12/16/2004,PIA,IL,AGL,CE,Combined TRACON& Tower with Radar,12,54,34,2,102,0,2,19,2,23,12,56,53,4,125,24,0,24,149
12/17/2004,PIA,IL,AGL,CE,Combined TRACON& Tower with Radar,11,59,38,4,112,0,0,28,4,32,11,59,66,8,144,60,0,60,204
12/18/2004,PIA,IL,AGL,CE,Combined TRACON& Tower with Radar,11,48,26,1,86,0,0,19,0,19,11,48,45,1,105,6,0,6,111
12/19/2004,PIA,IL,AGL,CE,Combined TRACON& Tower with Radar,1,38,25,1,65,0,0,20,0,20,1,38,45,1,85,4,0,4,89
12/20/2004,PIA,IL,AGL,CE,Combined TRACON& Tower with Radar,2,51,19,1,73,0,0,16,2,18,2,51,35,3,91,0,0,0,91
12/21/2004,PIA,IL,AGL,CE,Combined TRACON& Tower with Radar,11,65,25,13,114,0,1,5,18,24,11,66,30,31,138,0,18,18,156
12/22/2004,PIA,IL,AGL,CE,Combined TRACON& Tower with Radar,11,55,27,1,94,0,3,17,19,39,11,58,44,20,133,22,0,22,155
12/23/2004,PIA,IL,AGL,CE,Combined TRACON& Tower with Radar,4,55,21,0,80,0,0,22,0,22,4,55,43,0,102,44,0,44,146
12/24/2004,PIA,IL,AGL,CE,Combined TRACON& Tower with Radar,6,50,8,0,64,0,1,17,0,18,6,51,25,0,82,12,0,12,94
12/25/2004,PIA,IL,AGL,CE,Combined TRACON& Tower with Radar,3,44,7,0,54,0,0,7,0,7,3,44,14,0,61,0,0,0,61
12/26/2004,PIA,IL,AGL,CE,Combined TRACON& Tower with Radar,1,46,5,0,52,0,0,8,0,8,1,46,13,0,60,0,0,0,60
12/27/2004,PIA,IL,AGL,CE,Combined TRACON& Tower with Radar,2,46,36,3,87,0,3,33,0,36,2,49,69,3,123,36,0,36,159
12/28/2004,PIA,IL,AGL,CE,Combined TRACON& Tower with Radar,11,65,19,2,97,0,9,20,0,29,11,74,39,2,126,14,0,14,140
12/29/2004,PIA,IL,AGL,CE,Combined TRACON& Tower with Radar,10,53,30,16,109,0,0,19,0,19,10,53,49,16,128,22,0,22,150
12/30/2004,PIA,IL,AGL,CE,Combined TRACON& Tower with Radar,4,32,12,0,48,0,0,3,0,3,4,32,15,0,51,2,0,2,53
12/31/2004,PIA,IL,AGL,CE,Combined TRACON& Tower with Radar,9,49,12,0,70,0,0,0,0,0,9,49,12,0,70,64,0,64,134
01/01/2005,PIA,IL,AGL,CE,Combined TRACON& Tower with Radar,2,41,8,0,51,0,0,0,0,0,2,41,8,0,51,0,0,0,51
01/02/2005,PIA,IL,AGL,CE,Combined TRACON& Tower with Radar,1,44,23,1,69,0,0,0,0,0,1,44,23,1,69,0,0,0,69
01/03/2005,PIA,IL,AGL,CE,Combined TRACON& Tower with Radar,5,42,5,3,55,0,0,0,0,0,5,42,5,3,55,0,0,0,55
01/04/2005,PIA,IL,AGL,CE,Combined TRACON& Tower with Radar,9,48,16,1,74,0,0,0,0,0,9,48,16,1,74,0,0,0,74
01/05/2005,PIA,IL,AGL,CE,Combined TRACON& Tower with Radar,12,26,15,0,53,0,0,0,0,0,12,26,15,0,53,0,0,0,53
01/06/2005,PIA,IL,AGL,CE,Combined TRACON& Tower with Radar,12,63,25,0,100,0,0,1,0,1,12,63,26,0,101,0,0,0,101
01/07/2005,PIA,IL,AGL,CE,Combined TRACON& Tower with Radar,10,55,31,21,117,0,0,3,0,3,10,55,34,21,120,14,0,14,134
01/08/2005,PIA,IL,AGL,CE,Combined TRACON& Tower with Radar,0,0,0,0,0,0,0,0,0,0,0,0,0,0,0,0,2,2,2
01/09/2005,PIA,IL,AGL,CE,Combined TRACON& Tower with Radar,2,39,18,3,62,0,0,0,0,0,2,39,18,3,62,0,0,0,62
01/10/2005,PIA,IL,AGL,CE,Combined TRACON& Tower with Radar,2,50,26,23,101,0,0,2,0,2,2,50,28,23,103,0,0,0,103
01/11/2005,PIA,IL,AGL,CE,Combined TRACON& Tower with Radar,11,61,19,1,92,0,0,0,0,0,11,61,19,1,92,0,0,0,92
01/12/2005,PIA,IL,AGL,CE,Combined TRACON& Tower with Radar,15,49,36,8,108,0,2,3,0,5,15,51,39,8,113,0,0,0,113
01/13/2005,PIA,IL,AGL,CE,Combined TRACON& Tower with Radar,17,49,22,2,90,0,0,0,1,1,17,49,22,3,91,0,0,0,91
01/14/2005,PIA,IL,AGL,CE,Combined TRACON& Tower with Radar,12,57,40,17,126,0,1,28,1,30,12,58,68,18,156,30,0,30,186
01/15/2005,PIA,IL,AGL,CE,Combined TRACON& Tower with Radar,11,39,19,0,69,0,0,19,0,19,11,39,38,0,88,74,0,74,162
01/16/2005,PIA,IL,AGL,CE,Combined TRACON& Tower with Radar,4,46,15,2,67,0,0,22,0,22,4,46,37,2,89,2,0,2,91
01/17/2005,PIA,IL,AGL,CE,Combined TRACON& Tower with Radar,2,47,21,14,84,0,0,24,0,24,2,47,45,14,108,0,4,4,112
01/18/2005,PIA,IL,AGL,CE,Combined TRACON& Tower with Radar,14,49,25,22,110,0,2,3,12,17,14,51,28,34,127,0,30,30,157
01/19/2005,PIA,IL,AGL,CE,Combined TRACON& Tower with Radar,12,48,31,17,108,0,0,10,42,52,12,48,41,59,160,22,42,64,224
01/20/2005,PIA,IL,AGL,CE,Combined TRACON& Tower with Radar,11,50,31,12,104,0,0,2,4,6,11,50,33,16,110,0,24,24,134
01/21/2005,PIA,IL,AGL,CE,Combined TRACON& Tower with Radar,10,49,33,10,102,0,0,16,40,56,10,49,49,50,158,34,40,74,232
01/22/2005,PIA,IL,AGL,CE,Combined TRACON& Tower with Radar,12,32,12,0,56,0,0,1,0,1,12,32,13,0,57,0,0,0,57
01/23/2005,PIA,IL,AGL,CE,Combined TRACON& Tower with Radar,2,43,32,0,77,0,0,35,0,35,2,43,67,0,112,56,0,56,168
01/24/2005,PIA,IL,AGL,CE,Combined TRACON& Tower with Radar,2,42,27,17,88,0,0,6,11,17,2,42,33,28,105,2,34,36,141
01/25/2005,PIA,IL,AGL,CE,Combined TRACON& Tower with Radar,11,53,28,17,109,0,4,18,7,29,11,57,46,24,138,8,54,62,200
01/26/2005,PIA,IL,AGL,CE,Combined TRACON& Tower with Radar,11,47,26,29,113,0,0,5,32,37,11,47,31,61,150,2,24,26,176
01/27/2005,PIA,IL,AGL,CE,Combined TRACON& Tower with Radar,12,57,44,10,123,0,0,20,3,23,12,57,64,13,146,12,0,12,158
01/28/2005,PIA,IL,AGL,CE,Combined TRACON& Tower with Radar,13,56,38,0,107,0,0,19,3,22,13,56,57,3,129,22,0,22,151
01/29/2005,PIA,IL,AGL,CE,Combined TRACON& Tower with Radar,10,35,5,0,50,0,0,0,0,0,10,35,5,0,50,0,0,0,50
01/30/2005,PIA,IL,AGL,CE,Combined TRACON& Tower with Radar,2,41,24,1,68,0,2,37,0,39,2,43,61,1,107,52,0,52,159
01/31/2005,PIA,IL,AGL,CE,Combined TRACON& Tower with Radar,2,55,24,13,94,0,0,8,7,15,2,55,32,20,109,14,10,24,133
02/01/2005,PIA,IL,AGL,CE,Combined TRACON& Tower with Radar,11,53,33,12,109,0,1,37,15,53,11,54,70,27,162,12,26,38,200
02/02/2005,PIA,IL,AGL,CE,Combined TRACON& Tower with Radar,11,63,29,24,127,0,5,34,27,66,11,68,63,51,193,28,22,50,243
02/03/2005,PIA,IL,AGL,CE,Combined TRACON& Tower with Radar,13,71,47,14,145,0,15,23,25,63,13,86,70,39,208,16,6,22,230
02/04/2005,PIA,IL,AGL,CE,Combined TRACON& Tower with Radar,12,56,37,13,118,0,1,18,31,50,12,57,55,44,168,30,12,42,210
02/05/2005,PIA,IL,AGL,CE,Combined TRACON& Tower with Radar,10,45,24,10,89,0,1,37,8,46,10,46,61,18,135,14,10,24,159
02/06/2005,PIA,IL,AGL,CE,Combined TRACON& Tower with Radar,2,54,27,14,97,0,0,33,30,63,2,54,60,44,160,100,20,120,280
02/07/2005,PIA,IL,AGL,CE,Combined TRACON& Tower with Radar,2,46,35,0,83,0,0,0,0,0,2,46,35,0,83,0,0,0,83
02/08/2005,PIA,IL,AGL,CE,Combined TRACON& Tower with Radar,12,59,38,20,129,0,2,0,0,2,12,61,38,20,131,0,4,4,135
02/09/2005,PIA,IL,AGL,CE,Combined TRACON& Tower with Radar,11,57,27,17,112,0,2,0,0,2,11,59,27,17,114,0,4,4,118
02/10/2005,PIA,IL,AGL,CE,Combined TRACON& Tower with Radar,12,61,30,27,130,0,1,13,15,29,12,62,43,42,159,2,28,30,189
02/11/2005,PIA,IL,AGL,CE,Combined TRACON& Tower with Radar,12,54,34,20,120,0,0,27,4,31,12,54,61,24,151,0,4,4,155
02/12/2005,PIA,IL,AGL,CE,Combined TRACON& Tower with Radar,11,45,21,0,77,0,0,55,0,55,11,45,76,0,132,144,0,144,276
02/13/2005,PIA,IL,AGL,CE,Combined TRACON& Tower with Radar,7,32,15,4,58,0,0,0,0,0,7,32,15,4,58,0,0,0,58
02/14/2005,PIA,IL,AGL,CE,Combined TRACON& Tower with Radar,2,51,27,14,94,0,0,4,3,7,2,51,31,17,101,0,8,8,109
02/15/2005,PIA,IL,AGL,CE,Combined TRACON& Tower with Radar,11,53,23,14,101,0,0,15,6,21,11,53,38,20,122,0,16,16,138
02/16/2005,PIA,IL,AGL,CE,Combined TRACON& Tower with Radar,13,58,43,17,131,0,0,24,13,37,13,58,67,30,168,26,20,46,214
02/17/2005,PIA,IL,AGL,CE,Combined TRACON& Tower with Radar,11,56,28,17,112,0,0,26,6,32,11,56,54,23,144,4,6,10,154
02/18/2005,PIA,IL,AGL,CE,Combined TRACON& Tower with Radar,13,59,38,0,110,0,0,29,0,29,13,59,67,0,139,38,0,38,177
02/19/2005,PIA,IL,AGL,CE,Combined TRACON& Tower with Radar,10,47,22,1,80,0,0,0,0,0,10,47,22,1,80,12,0,12,92
02/20/2005,PIA,IL,AGL,CE,Combined TRACON& Tower with Radar,2,42,12,1,57,0,0,0,0,0,2,42,12,1,57,0,0,0,57
02/21/2005,PIA,IL,AGL,CE,Combined TRACON& Tower with Radar,0,0,0,0,0,0,0,0,0,0,0,0,0,0,0,0,0,0,0
02/22/2005,PIA,IL,AGL,CE,Combined TRACON& Tower with Radar,11,55,18,16,100,0,0,15,6,21,11,55,33,22,121,34,28,62,183
02/23/2005,PIA,IL,AGL,CE,Combined TRACON& Tower with Radar,13,58,34,6,111,0,1,13,14,28,13,59,47,20,139,10,20,30,169
02/24/2005,PIA,IL,AGL,CE,Combined TRACON& Tower with Radar,12,57,40,4,113,0,0,8,24,32,12,57,48,28,145,24,0,24,169
02/25/2005,PIA,IL,AGL,CE,Combined TRACON& Tower with Radar,12,57,18,2,89,0,0,18,0,18,12,57,36,2,107,4,0,4,111
02/26/2005,PIA,IL,AGL,CE,Combined TRACON& Tower with Radar,10,46,5,1,62,0,0,45,0,45,10,46,50,1,107,34,0,34,141
02/27/2005,PIA,IL,AGL,CE,Combined TRACON& Tower with Radar,2,40,22,2,66,0,0,21,0,21,2,40,43,2,87,58,0,58,145
02/28/2005,PIA,IL,AGL,CE,Combined TRACON& Tower with Radar,2,45,29,4,80,0,0,0,7,7,2,45,29,11,87,0,0,0,87
03/01/2005,PIA,IL,AGL,CE,Combined TRACON& Tower with Radar,10,52,27,2,91,0,0,14,7,21,10,52,41,9,112,8,12,20,132
03/02/2005,PIA,IL,AGL,CE,Combined TRACON& Tower with Radar,11,53,32,22,118,0,1,14,15,30,11,54,46,37,148,8,12,20,168
03/03/2005,PIA,IL,AGL,CE,Combined TRACON& Tower with Radar,11,54,35,16,116,0,0,15,26,41,11,54,50,42,157,0,12,12,169
03/04/2005,PIA,IL,AGL,CE,Combined TRACON& Tower with Radar,14,72,33,6,125,0,0,28,1,29,14,72,61,7,154,48,0,48,202
03/05/2005,PIA,IL,AGL,CE,Combined TRACON& Tower with Radar,10,49,15,7,81,0,1,16,12,29,10,50,31,19,110,10,0,10,120
03/06/2005,PIA,IL,AGL,CE,Combined TRACON& Tower with Radar,2,47,24,12,85,0,0,26,26,52,2,47,50,38,137,42,22,64,201
03/07/2005,PIA,IL,AGL,CE,Combined TRACON& Tower with Radar,2,49,25,12,88,0,0,4,2,6,2,49,29,14,94,0,18,18,112
03/08/2005,PIA,IL,AGL,CE,Combined TRACON& Tower with Radar,11,60,33,14,118,0,0,26,7,33,11,60,59,21,151,40,8,48,199
03/09/2005,PIA,IL,AGL,CE,Combined TRACON& Tower with Radar,11,48,43,25,127,0,0,36,27,63,11,48,79,52,190,22,12,34,224
03/10/2005,PIA,IL,AGL,CE,Combined TRACON& Tower with Radar,12,47,21,14,94,0,0,5,5,10,12,47,26,19,104,2,0,2,106
03/11/2005,PIA,IL,AGL,CE,Combined TRACON& Tower with Radar,12,58,24,2,96,0,0,8,3,11,12,58,32,5,107,2,0,2,109
03/12/2005,PIA,IL,AGL,CE,Combined TRACON& Tower with Radar,10,47,11,0,68,0,0,17,0,17,10,47,28,0,85,14,0,14,99
03/13/2005,PIA,IL,AGL,CE,Combined TRACON& Tower with Radar,2,42,21,0,65,0,0,48,0,48,2,42,69,0,113,34,0,34,147
03/14/2005,PIA,IL,AGL,CE,Combined TRACON& Tower with Radar,2,44,28,2,76,0,0,12,2,14,2,44,40,4,90,30,0,30,120
03/15/2005,PIA,IL,AGL,CE,Combined TRACON& Tower with Radar,12,57,30,18,117,0,1,43,11,55,12,58,73,29,172,30,26,56,228
03/16/2005,PIA,IL,AGL,CE,Combined TRACON& Tower with Radar,12,52,48,12,124,0,0,23,51,74,12,52,71,63,198,8,30,38,236
03/17/2005,PIA,IL,AGL,CE,Combined TRACON& Tower with Radar,16,56,36,14,122,0,0,23,17,40,16,56,59,31,162,28,14,42,204
03/18/2005,PIA,IL,AGL,CE,Combined TRACON& Tower with Radar,14,53,39,11,117,0,1,28,4,33,14,54,67,15,150,32,12,44,194
03/19/2005,PIA,IL,AGL,CE,Combined TRACON& Tower with Radar,10,43,34,0,87,0,1,15,0,16,10,44,49,0,103,26,0,26,129
03/20/2005,PIA,IL,AGL,CE,Combined TRACON& Tower with Radar,8,45,41,1,95,0,0,52,2,54,8,45,93,3,149,60,0,60,209
03/21/2005,PIA,IL,AGL,CE,Combined TRACON& Tower with Radar,2,50,30,2,84,0,0,35,0,35,2,50,65,2,119,28,0,28,147
03/22/2005,PIA,IL,AGL,CE,Combined TRACON& Tower with Radar,12,53,22,54,141,0,0,1,33,34,12,53,23,87,175,2,88,90,265
03/23/2005,PIA,IL,AGL,CE,Combined TRACON& Tower with Radar,17,55,31,13,116,0,0,3,16,19,17,55,34,29,135,26,36,62,197
03/24/2005,PIA,IL,AGL,CE,Combined TRACON& Tower with Radar,16,55,32,15,118,0,0,16,12,28,16,55,48,27,146,0,18,18,164
03/25/2005,PIA,IL,AGL,CE,Combined TRACON& Tower with Radar,13,60,6,1,80,0,0,1,0,1,13,60,7,1,81,0,0,0,81
03/26/2005,PIA,IL,AGL,CE,Combined TRACON& Tower with Radar,11,47,28,0,86,0,0,27,0,27,11,47,55,0,113,40,2,42,155
03/27/2005,PIA,IL,AGL,CE,Combined TRACON& Tower with Radar,1,45,18,0,64,0,0,28,0,28,1,45,46,0,92,6,0,6,98
03/28/2005,PIA,IL,AGL,CE,Combined TRACON& Tower with Radar,2,54,36,15,107,0,10,29,13,52,2,64,65,28,159,4,6,10,169
03/29/2005,PIA,IL,AGL,CE,Combined TRACON& Tower with Radar,13,52,42,11,118,0,0,21,4,25,13,52,63,15,143,4,24,28,171
03/30/2005,PIA,IL,AGL,CE,Combined TRACON& Tower with Radar,12,48,33,3,96,0,3,9,7,19,12,51,42,10,115,2,4,6,121
03/31/2005,PIA,IL,AGL,CE,Combined TRACON& Tower with Radar,12,55,60,6,133,0,0,13,35,48,12,55,73,41,181,22,12,34,215
04/01/2005,PIA,IL,AGL,CE,Combined TRACON& Tower with Radar,12,48,15,9,84,0,2,30,15,47,12,50,45,24,131,18,56,74,205
04/02/2005,PIA,IL,AGL,CE,Combined TRACON& Tower with Radar,10,47,20,10,87,0,0,25,9,34,10,47,45,19,121,12,4,16,137
04/03/2005,PIA,IL,AGL,CE,Combined TRACON& Tower with Radar,2,43,30,28,103,0,2,63,13,78,2,45,93,41,181,14,14,28,209
04/04/2005,PIA,IL,AGL,CE,Combined TRACON& Tower with Radar,2,48,11,4,65,0,0,31,12,43,2,48,42,16,108,6,2,8,116
04/05/2005,PIA,IL,AGL,CE,Combined TRACON& Tower with Radar,11,51,21,24,107,0,0,13,11,24,11,51,34,35,131,10,24,34,165
04/06/2005,PIA,IL,AGL,CE,Combined TRACON& Tower with Radar,12,55,39,6,112,0,0,14,21,35,12,55,53,27,147,10,36,46,193
04/07/2005,PIA,IL,AGL,CE,Combined TRACON& Tower with Radar,12,53,58,6,129,0,0,15,10,25,12,53,73,16,154,4,22,26,180
04/08/2005,PIA,IL,AGL,CE,Combined TRACON& Tower with Radar,12,51,37,2,102,0,0,59,1,60,12,51,96,3,162,48,0,48,210
04/09/2005,PIA,IL,AGL,CE,Combined TRACON& Tower with Radar,10,42,15,0,67,0,0,57,0,57,10,42,72,0,124,56,0,56,180
04/10/2005,PIA,IL,AGL,CE,Combined TRACON& Tower with Radar,2,40,26,2,70,0,0,40,0,40,2,40,66,2,110,54,0,54,164
04/11/2005,PIA,IL,AGL,CE,Combined TRACON& Tower with Radar,2,51,40,8,101,0,0,7,0,7,2,51,47,8,108,0,0,0,108
04/12/2005,PIA,IL,AGL,CE,Combined TRACON& Tower with Radar,11,64,42,12,129,0,0,0,6,6,11,64,42,18,135,2,16,18,153
04/13/2005,PIA,IL,AGL,CE,Combined TRACON& Tower with Radar,12,58,37,21,128,0,0,18,18,36,12,58,55,39,164,4,40,44,208
04/14/2005,PIA,IL,AGL,CE,Combined TRACON& Tower with Radar,12,58,51,6,127,0,0,41,50,91,12,58,92,56,218,30,8,38,256
04/15/2005,PIA,IL,AGL,CE,Combined TRACON& Tower with Radar,12,54,34,28,128,0,0,42,23,65,12,54,76,51,193,56,28,84,277
04/16/2005,PIA,IL,AGL,CE,Combined TRACON& Tower with Radar,10,50,19,2,81,0,0,44,2,46,10,50,63,4,127,26,2,28,155
04/17/2005,PIA,IL,AGL,CE,Combined TRACON& Tower with Radar,4,48,22,2,76,0,0,53,6,59,4,48,75,8,135,112,0,112,247
04/18/2005,PIA,IL,AGL,CE,Combined TRACON& Tower with Radar,2,47,37,4,90,0,0,35,6,41,2,47,72,10,131,38,4,42,173
04/19/2005,PIA,IL,AGL,CE,Combined TRACON& Tower with Radar,11,64,22,13,110,0,0,17,46,63,11,64,39,59,173,12,68,80,253
04/20/2005,PIA,IL,AGL,CE,Combined TRACON& Tower with Radar,16,62,20,40,138,0,0,14,9,23,16,62,34,49,161,36,40,76,237
04/21/2005,PIA,IL,AGL,CE,Combined TRACON& Tower with Radar,12,54,37,25,128,0,0,2,5,7,12,54,39,30,135,6,2,8,143
04/22/2005,PIA,IL,AGL,CE,Combined TRACON& Tower with Radar,13,54,26,15,108,0,0,0,0,0,13,54,26,15,108,0,0,0,108
04/23/2005,PIA,IL,AGL,CE,Combined TRACON& Tower with Radar,10,52,20,4,86,0,0,8,0,8,10,52,28,4,94,4,0,4,98
04/24/2005,PIA,IL,AGL,CE,Combined TRACON& Tower with Radar,2,45,15,1,63,0,0,14,0,14,2,45,29,1,77,0,0,0,77
04/25/2005,PIA,IL,AGL,CE,Combined TRACON& Tower with Radar,2,47,29,9,87,0,0,27,23,50,2,47,56,32,137,6,26,32,169
04/26/2005,PIA,IL,AGL,CE,Combined TRACON& Tower with Radar,9,55,43,16,123,0,0,8,17,25,9,55,51,33,148,10,0,10,158
04/27/2005,PIA,IL,AGL,CE,Combined TRACON& Tower with Radar,15,51,24,19,109,0,0,22,21,43,15,51,46,40,152,14,24,38,190
04/28/2005,PIA,IL,AGL,CE,Combined TRACON& Tower with Radar,12,53,34,10,109,0,0,27,32,59,12,53,61,42,168,38,60,98,266
04/29/2005,PIA,IL,AGL,CE,Combined TRACON& Tower with Radar,12,59,33,11,115,0,0,11,5,16,12,59,44,16,131,16,22,38,169
04/30/2005,PIA,IL,AGL,CE,Combined TRACON& Tower with Radar,11,48,11,1,71,0,0,20,2,22,11,48,31,3,93,28,0,28,121
05/01/2005,PIA,IL,AGL,CE,Combined TRACON& Tower with Radar,2,46,15,1,64,0,0,31,2,33,2,46,46,3,97,6,0,6,103
05/02/2005,PIA,IL,AGL,CE,Combined TRACON& Tower with Radar,2,46,27,13,88,0,7,7,0,14,2,53,34,13,102,0,0,0,102
05/03/2005,PIA,IL,AGL,CE,Combined TRACON& Tower with Radar,11,58,30,22,121,0,2,31,8,41,11,60,61,30,162,54,26,80,242
05/04/2005,PIA,IL,AGL,CE,Combined TRACON& Tower with Radar,15,56,39,6,116,0,0,29,2,31,15,56,68,8,147,2,10,12,159
05/05/2005,PIA,IL,AGL,CE,Combined TRACON& Tower with Radar,12,53,39,7,111,0,1,31,14,46,12,54,70,21,157,16,6,22,179
05/06/2005,PIA,IL,AGL,CE,Combined TRACON& Tower with Radar,12,68,25,19,124,0,7,26,12,45,12,75,51,31,169,14,12,26,195
05/07/2005,PIA,IL,AGL,CE,Combined TRACON& Tower with Radar,11,46,23,2,82,0,0,34,3,37,11,46,57,5,119,34,0,34,153
05/08/2005,PIA,IL,AGL,CE,Combined TRACON& Tower with Radar,1,47,11,17,76,0,0,25,18,43,1,47,36,35,119,0,28,28,147
05/09/2005,PIA,IL,AGL,CE,Combined TRACON& Tower with Radar,2,47,21,13,83,0,0,5,2,7,2,47,26,15,90,0,16,16,106
05/10/2005,PIA,IL,AGL,CE,Combined TRACON& Tower with Radar,11,54,35,28,128,0,0,30,30,60,11,54,65,58,188,44,22,66,254
05/11/2005,PIA,IL,AGL,CE,Combined TRACON& Tower with Radar,12,44,39,8,103,0,0,29,3,32,12,44,68,11,135,32,14,46,181
05/12/2005,PIA,IL,AGL,CE,Combined TRACON& Tower with Radar,12,56,39,11,118,0,0,11,12,23,12,56,50,23,141,8,24,32,173
05/13/2005,PIA,IL,AGL,CE,Combined TRACON& Tower with Radar,12,46,40,2,100,0,1,20,0,21,12,47,60,2,121,12,0,12,133
05/14/2005,PIA,IL,AGL,CE,Combined TRACON& Tower with Radar,11,48,24,0,83,0,0,35,2,37,11,48,59,2,120,48,0,48,168
05/15/2005,PIA,IL,AGL,CE,Combined TRACON& Tower with Radar,1,48,24,1,74,0,0,26,1,27,1,48,50,2,101,24,0,24,125
05/16/2005,PIA,IL,AGL,CE,Combined TRACON& Tower with Radar,2,49,35,5,91,0,0,47,17,64,2,49,82,22,155,228,0,228,383
05/17/2005,PIA,IL,AGL,CE,Combined TRACON& Tower with Radar,11,52,34,13,110,0,2,29,12,43,11,54,63,25,153,48,2,50,203
05/18/2005,PIA,IL,AGL,CE,Combined TRACON& Tower with Radar,11,54,36,3,104,0,0,37,12,49,11,54,73,15,153,42,6,48,201
05/19/2005,PIA,IL,AGL,CE,Combined TRACON& Tower with Radar,10,53,45,10,118,0,0,18,22,40,10,53,63,32,158,24,12,36,194
05/20/2005,PIA,IL,AGL,CE,Combined TRACON& Tower with Radar,14,49,64,23,150,0,0,3,0,3,14,49,67,23,153,2,0,2,155
05/21/2005,PIA,IL,AGL,CE,Combined TRACON& Tower with Radar,9,47,22,0,78,0,0,51,4,55,9,47,73,4,133,62,0,62,195
05/22/2005,PIA,IL,AGL,CE,Combined TRACON& Tower with Radar,1,44,25,1,71,0,0,37,2,39,1,44,62,3,110,46,0,46,156
05/23/2005,PIA,IL,AGL,CE,Combined TRACON& Tower with Radar,2,51,38,7,98,0,0,0,0,0,2,51,38,7,98,0,20,20,118
05/24/2005,PIA,IL,AGL,CE,Combined TRACON& Tower with Radar,11,55,36,7,109,0,0,36,25,61,11,55,72,32,170,42,10,52,222
05/25/2005,PIA,IL,AGL,CE,Combined TRACON& Tower with Radar,16,56,42,22,136,0,2,65,28,95,16,58,107,50,231,24,56,80,311
05/26/2005,PIA,IL,AGL,CE,Combined TRACON& Tower with Radar,13,58,42,11,124,0,0,32,10,42,13,58,74,21,166,26,6,32,198
05/27/2005,PIA,IL,AGL,CE,Combined TRACON& Tower with Radar,15,53,32,1,101,0,0,23,1,24,15,53,55,2,125,26,12,38,163
05/28/2005,PIA,IL,AGL,CE,Combined TRACON& Tower with Radar,8,39,32,0,79,0,0,37,0,37,8,39,69,0,116,52,0,52,168
05/29/2005,PIA,IL,AGL,CE,Combined TRACON& Tower with Radar,1,37,17,0,55,0,0,0,0,0,1,37,17,0,55,32,0,32,87
05/30/2005,PIA,IL,AGL,CE,Combined TRACON& Tower with Radar,4,46,20,0,70,0,0,32,2,34,4,46,52,2,104,80,0,80,184
05/31/2005,PIA,IL,AGL,CE,Combined TRACON& Tower with Radar,1,47,27,4,79,0,0,51,10,61,1,47,78,14,140,86,20,106,246
06/01/2005,PIA,IL,AGL,CE,Combined TRACON& Tower with Radar,11,51,37,1,100,0,0,40,11,51,11,51,77,12,151,20,0,20,171
06/02/2005,PIA,IL,AGL,CE,Combined TRACON& Tower with Radar,14,57,52,20,143,0,1,49,32,82,14,58,101,52,225,88,52,140,365
06/03/2005,PIA,IL,AGL,CE,Combined TRACON& Tower with Radar,13,53,53,0,119,0,0,13,1,14,13,53,66,1,133,6,0,6,139
06/04/2005,PIA,IL,AGL,CE,Combined TRACON& Tower with Radar,17,45,18,0,80,0,0,23,11,34,17,45,41,11,114,6,12,18,132
06/05/2005,PIA,IL,AGL,CE,Combined TRACON& Tower with Radar,5,45,37,17,104,0,0,15,7,22,5,45,52,24,126,20,4,24,150
06/06/2005,PIA,IL,AGL,CE,Combined TRACON& Tower with Radar,2,53,29,8,92,0,0,27,0,27,2,53,56,8,119,40,16,56,175
06/07/2005,PIA,IL,AGL,CE,Combined TRACON& Tower with Radar,11,57,43,6,117,0,0,26,7,33,11,57,69,13,150,32,0,32,182
06/08/2005,PIA,IL,AGL,CE,Combined TRACON& Tower with Radar,13,47,54,19,133,0,0,24,26,50,13,47,78,45,183,20,14,34,217
06/09/2005,PIA,IL,AGL,CE,Combined TRACON& Tower with Radar,14,56,31,4,105,0,0,26,14,40,14,56,57,18,145,8,0,8,153
06/10/2005,PIA,IL,AGL,CE,Combined TRACON& Tower with Radar,14,45,39,2,100,0,0,9,8,17,14,45,48,10,117,10,0,10,127
06/11/2005,PIA,IL,AGL,CE,Combined TRACON& Tower with Radar,13,45,19,1,78,0,0,11,8,19,13,45,30,9,97,0,0,0,97
06/12/2005,PIA,IL,AGL,CE,Combined TRACON& Tower with Radar,3,42,37,2,84,0,25,26,2,53,3,67,63,4,137,48,4,52,189
06/13/2005,PIA,IL,AGL,CE,Combined TRACON& Tower with Radar,6,44,31,4,85,0,0,23,10,33,6,44,54,14,118,8,8,16,134
06/14/2005,PIA,IL,AGL,CE,Combined TRACON& Tower with Radar,11,52,29,7,99,0,0,9,8,17,11,52,38,15,116,2,0,2,118
06/15/2005,PIA,IL,AGL,CE,Combined TRACON& Tower with Radar,11,52,44,16,123,0,2,30,8,40,11,54,74,24,163,32,18,50,213
06/16/2005,PIA,IL,AGL,CE,Combined TRACON& Tower with Radar,14,48,53,7,122,0,0,49,7,56,14,48,102,14,178,28,4,32,210
06/17/2005,PIA,IL,AGL,CE,Combined TRACON& Tower with Radar,14,46,42,0,102,0,0,53,5,58,14,46,95,5,160,30,0,30,190
06/18/2005,PIA,IL,AGL,CE,Combined TRACON& Tower with Radar,11,44,22,0,77,0,0,35,2,37,11,44,57,2,114,6,0,6,120
06/19/2005,PIA,IL,AGL,CE,Combined TRACON& Tower with Radar,3,44,16,0,63,0,2,44,0,46,3,46,60,0,109,24,0,24,133
06/20/2005,PIA,IL,AGL,CE,Combined TRACON& Tower with Radar,4,46,43,5,98,0,0,42,9,51,4,46,85,14,149,14,8,22,171
06/21/2005,PIA,IL,AGL,CE,Combined TRACON& Tower with Radar,12,49,37,14,112,0,0,34,9,43,12,49,71,23,155,36,16,52,207
06/22/2005,PIA,IL,AGL,CE,Combined TRACON& Tower with Radar,12,51,45,36,144,0,0,37,31,68,12,51,82,67,212,32,56,88,300
06/23/2005,PIA,IL,AGL,CE,Combined TRACON& Tower with Radar,14,52,43,8,117,0,0,22,14,36,14,52,65,22,153,0,20,20,173
06/24/2005,PIA,IL,AGL,CE,Combined TRACON& Tower with Radar,14,52,60,5,131,0,0,24,0,24,14,52,84,5,155,28,0,28,183
06/25/2005,PIA,IL,AGL,CE,Combined TRACON& Tower with Radar,13,50,30,1,94,0,0,40,6,46,13,50,70,7,140,34,0,34,174
06/26/2005,PIA,IL,AGL,CE,Combined TRACON& Tower with Radar,5,39,25,1,70,0,0,33,3,36,5,39,58,4,106,4,0,4,110
06/27/2005,PIA,IL,AGL,CE,Combined TRACON& Tower with Radar,2,45,40,11,98,0,0,21,2,23,2,45,61,13,121,36,4,40,161
06/28/2005,PIA,IL,AGL,CE,Combined TRACON& Tower with Radar,11,48,27,14,100,0,0,12,24,36,11,48,39,38,136,26,36,62,198
06/29/2005,PIA,IL,AGL,CE,Combined TRACON& Tower with Radar,13,49,43,11,116,0,0,15,18,33,13,49,58,29,149,12,10,22,171
06/30/2005,PIA,IL,AGL,CE,Combined TRACON& Tower with Radar,18,55,35,13,121,0,0,17,30,47,18,55,52,43,168,14,20,34,202
07/01/2005,PIA,IL,AGL,CE,Combined TRACON& Tower with Radar,14,51,24,2,91,0,0,27,0,27,14,51,51,2,118,14,6,20,138
07/02/2005,PIA,IL,AGL,CE,Combined TRACON& Tower with Radar,8,43,19,0,70,0,0,45,0,45,8,43,64,0,115,48,0,48,163
07/03/2005,PIA,IL,AGL,CE,Combined TRACON& Tower with Radar,3,34,33,0,70,0,0,46,0,46,3,34,79,0,116,18,6,24,140
07/04/2005,PIA,IL,AGL,CE,Combined TRACON& Tower with Radar,4,36,8,0,48,0,0,9,0,9,4,36,17,0,57,0,0,0,57
07/05/2005,PIA,IL,AGL,CE,Combined TRACON& Tower with Radar,1,45,42,4,92,0,0,39,7,46,1,45,81,11,138,48,12,60,198
07/06/2005,PIA,IL,AGL,CE,Combined TRACON& Tower with Radar,13,48,50,7,118,0,2,37,23,62,13,50,87,30,180,42,10,52,232
07/07/2005,PIA,IL,AGL,CE,Combined TRACON& Tower with Radar,16,53,34,7,110,0,3,38,20,61,16,56,72,27,171,30,36,66,237
07/08/2005,PIA,IL,AGL,CE,Combined TRACON& Tower with Radar,14,49,32,7,102,0,0,57,6,63,14,49,89,13,165,26,0,26,191
07/09/2005,PIA,IL,AGL,CE,Combined TRACON& Tower with Radar,11,43,24,2,80,0,0,47,0,47,11,43,71,2,127,14,0,14,141
07/10/2005,PIA,IL,AGL,CE,Combined TRACON& Tower with Radar,3,44,38,2,87,0,0,49,0,49,3,44,87,2,136,26,0,26,162
07/11/2005,PIA,IL,AGL,CE,Combined TRACON& Tower with Radar,2,46,45,3,96,0,0,31,0,31,2,46,76,3,127,26,0,26,153
07/12/2005,PIA,IL,AGL,CE,Combined TRACON& Tower with Radar,11,55,40,5,111,0,0,6,3,9,11,55,46,8,120,2,4,6,126
07/13/2005,PIA,IL,AGL,CE,Combined TRACON& Tower with Radar,11,56,44,7,118,0,4,9,4,17,11,60,53,11,135,0,0,0,135
07/14/2005,PIA,IL,AGL,CE,Combined TRACON& Tower with Radar,14,49,61,5,129,0,0,22,10,32,14,49,83,15,161,28,4,32,193
07/15/2005,PIA,IL,AGL,CE,Combined TRACON& Tower with Radar,14,48,38,8,108,0,0,14,2,16,14,48,52,10,124,26,2,28,152
07/16/2005,PIA,IL,AGL,CE,Combined TRACON& Tower with Radar,11,53,22,1,87,0,9,24,0,33,11,62,46,1,120,30,0,30,150
07/17/2005,PIA,IL,AGL,CE,Combined TRACON& Tower with Radar,3,41,22,0,66,0,0,16,0,16,3,41,38,0,82,4,0,4,86
07/18/2005,PIA,IL,AGL,CE,Combined TRACON& Tower with Radar,4,55,47,5,111,0,0,55,1,56,4,55,102,6,167,0,0,0,167
07/19/2005,PIA,IL,AGL,CE,Combined TRACON& Tower with Radar,13,48,47,6,114,0,5,58,5,68,13,53,105,11,182,64,6,70,252
07/20/2005,PIA,IL,AGL,CE,Combined TRACON& Tower with Radar,13,54,31,4,102,0,1,19,2,22,13,55,50,6,124,20,2,22,146
07/21/2005,PIA,IL,AGL,CE,Combined TRACON& Tower with Radar,13,53,33,10,109,0,0,16,29,45,13,53,49,39,154,0,4,4,158
07/22/2005,PIA,IL,AGL,CE,Combined TRACON& Tower with Radar,14,55,49,5,123,0,0,28,3,31,14,55,77,8,154,14,2,16,170
07/23/2005,PIA,IL,AGL,CE,Combined TRACON& Tower with Radar,13,45,38,3,99,0,0,31,5,36,13,45,69,8,135,8,0,8,143
07/24/2005,PIA,IL,AGL,CE,Combined TRACON& Tower with Radar,3,40,18,2,63,0,0,0,0,0,3,40,18,2,63,22,0,22,85
07/25/2005,PIA,IL,AGL,CE,Combined TRACON& Tower with Radar,8,54,20,9,91,0,0,16,13,29,8,54,36,22,120,4,4,8,128
07/26/2005,PIA,IL,AGL,CE,Combined TRACON& Tower with Radar,13,51,27,4,95,0,0,8,14,22,13,51,35,18,117,0,26,26,143
07/27/2005,PIA,IL,AGL,CE,Combined TRACON& Tower with Radar,15,51,26,20,112,0,0,49,5,54,15,51,75,25,166,32,8,40,206
07/28/2005,PIA,IL,AGL,CE,Combined TRACON& Tower with Radar,14,51,48,15,128,0,0,41,6,47,14,51,89,21,175,56,4,60,235
07/29/2005,PIA,IL,AGL,CE,Combined TRACON& Tower with Radar,13,53,31,0,97,0,0,36,2,38,13,53,67,2,135,32,0,32,167
07/30/2005,PIA,IL,AGL,CE,Combined TRACON& Tower with Radar,11,39,12,2,64,0,0,41,0,41,11,39,53,2,105,20,0,20,125
07/31/2005,PIA,IL,AGL,CE,Combined TRACON& Tower with Radar,3,39,13,10,65,0,0,0,0,0,3,39,13,10,65,52,2,54,119
08/01/2005,PIA,IL,AGL,CE,Combined TRACON& Tower with Radar,2,42,13,4,61,0,2,28,19,49,2,44,41,23,110,48,0,48,158
08/02/2005,PIA,IL,AGL,CE,Combined TRACON& Tower with Radar,13,49,31,21,114,0,0,11,7,18,13,49,42,28,132,32,26,58,190
08/03/2005,PIA,IL,AGL,CE,Combined TRACON& Tower with Radar,11,46,46,5,108,0,0,23,5,28,11,46,69,10,136,10,6,16,152
08/04/2005,PIA,IL,AGL,CE,Combined TRACON& Tower with Radar,14,53,30,14,111,0,17,24,25,66,14,70,54,39,177,10,30,40,217
08/05/2005,PIA,IL,AGL,CE,Combined TRACON& Tower with Radar,16,50,18,7,91,0,3,22,11,36,16,53,40,18,127,0,0,0,127
08/06/2005,PIA,IL,AGL,CE,Combined TRACON& Tower with Radar,11,44,31,2,88,0,34,69,2,105,11,78,100,4,193,26,0,26,219
08/07/2005,PIA,IL,AGL,CE,Combined TRACON& Tower with Radar,4,39,14,8,65,0,53,75,4,132,4,92,89,12,197,14,0,14,211
08/08/2005,PIA,IL,AGL,CE,Combined TRACON& Tower with Radar,2,41,42,12,97,0,0,33,8,41,2,41,75,20,138,20,10,30,168
08/09/2005,PIA,IL,AGL,CE,Combined TRACON& Tower with Radar,11,50,37,8,106,0,0,27,10,37,11,50,64,18,143,30,12,42,185
08/10/2005,PIA,IL,AGL,CE,Combined TRACON& Tower with Radar,11,48,35,10,104,0,0,24,6,30,11,48,59,16,134,0,24,24,158
08/11/2005,PIA,IL,AGL,CE,Combined TRACON& Tower with Radar,14,48,32,7,101,0,0,31,24,55,14,48,63,31,156,24,12,36,192
08/12/2005,PIA,IL,AGL,CE,Combined TRACON& Tower with Radar,14,51,35,2,102,0,0,19,0,19,14,51,54,2,121,16,0,16,137
08/13/2005,PIA,IL,AGL,CE,Combined TRACON& Tower with Radar,11,45,56,10,122,0,1,4,2,7,11,46,60,12,129,2,0,2,131
08/14/2005,PIA,IL,AGL,CE,Combined TRACON& Tower with Radar,3,43,23,16,85,0,0,26,2,28,3,43,49,18,113,40,14,54,167
08/15/2005,PIA,IL,AGL,CE,Combined TRACON& Tower with Radar,2,45,30,14,91,0,0,31,14,45,2,45,61,28,136,36,0,36,172
08/16/2005,PIA,IL,AGL,CE,Combined TRACON& Tower with Radar,9,69,56,18,152,0,0,23,22,45,9,69,79,40,197,48,16,64,261
08/17/2005,PIA,IL,AGL,CE,Combined TRACON& Tower with Radar,11,49,47,18,125,0,0,42,36,78,11,49,89,54,203,18,16,34,237
08/18/2005,PIA,IL,AGL,CE,Combined TRACON& Tower with Radar,16,49,46,10,121,0,0,0,9,9,16,49,46,19,130,0,8,8,138
08/19/2005,PIA,IL,AGL,CE,Combined TRACON& Tower with Radar,13,45,30,9,97,0,0,31,2,33,13,45,61,11,130,36,0,36,166
08/20/2005,PIA,IL,AGL,CE,Combined TRACON& Tower with Radar,11,44,29,1,85,0,0,47,0,47,11,44,76,1,132,74,0,74,206
08/21/2005,PIA,IL,AGL,CE,Combined TRACON& Tower with Radar,3,42,26,9,80,0,0,0,0,0,3,42,26,9,80,56,4,60,140
08/22/2005,PIA,IL,AGL,CE,Combined TRACON& Tower with Radar,2,46,23,17,88,0,0,12,10,22,2,46,35,27,110,2,8,10,120
08/23/2005,PIA,IL,AGL,CE,Combined TRACON& Tower with Radar,13,46,49,13,121,0,0,27,2,29,13,46,76,15,150,28,18,46,196
08/24/2005,PIA,IL,AGL,CE,Combined TRACON& Tower with Radar,10,57,41,13,121,0,0,35,30,65,10,57,76,43,186,16,6,22,208
08/25/2005,PIA,IL,AGL,CE,Combined TRACON& Tower with Radar,14,44,54,3,115,0,0,17,8,25,14,44,71,11,140,14,0,14,154
08/26/2005,PIA,IL,AGL,CE,Combined TRACON& Tower with Radar,16,46,49,5,116,0,4,23,5,32,16,50,72,10,148,8,0,8,156
08/27/2005,PIA,IL,AGL,CE,Combined TRACON& Tower with Radar,11,43,30,3,87,0,0,23,0,23,11,43,53,3,110,18,0,18,128
08/28/2005,PIA,IL,AGL,CE,Combined TRACON& Tower with Radar,3,42,23,1,69,0,0,55,0,55,3,42,78,1,124,16,1,17,141
08/29/2005,PIA,IL,AGL,CE,Combined TRACON& Tower with Radar,2,42,25,15,84,0,2,31,1,34,2,44,56,16,118,20,12,32,150
08/30/2005,PIA,IL,AGL,CE,Combined TRACON& Tower with Radar,11,55,35,0,101,8,29,31,0,68,19,84,66,0,169,10,4,14,183
08/31/2005,PIA,IL,AGL,CE,Combined TRACON& Tower with Radar,11,48,13,25,97,0,0,40,9,49,11,48,53,34,146,58,16,74,220
09/01/2005,PIA,IL,AGL,CE,Combined TRACON& Tower with Radar,14,50,38,3,105,0,0,45,2,47,14,50,83,5,152,12,0,12,164
09/02/2005,PIA,IL,AGL,CE,Combined TRACON& Tower with Radar,12,49,34,3,98,0,0,34,2,36,12,49,68,5,134,40,0,40,174
09/03/2005,PIA,IL,AGL,CE,Combined TRACON& Tower with Radar,5,35,21,3,64,0,0,31,5,36,5,35,52,8,100,82,2,84,184
09/04/2005,PIA,IL,AGL,CE,Combined TRACON& Tower with Radar,0,31,15,3,49,0,1,22,0,23,0,32,37,3,72,10,0,10,82
09/05/2005,PIA,IL,AGL,CE,Combined TRACON& Tower with Radar,4,40,14,4,62,0,0,43,0,43,4,40,57,4,105,60,0,60,165
09/06/2005,PIA,IL,AGL,CE,Combined TRACON& Tower with Radar,1,44,24,5,74,0,0,29,0,29,1,44,53,5,103,4,0,4,107
09/07/2005,PIA,IL,AGL,CE,Combined TRACON& Tower with Radar,11,49,45,7,112,0,0,19,3,22,11,49,64,10,134,2,10,12,146
09/08/2005,PIA,IL,AGL,CE,Combined TRACON& Tower with Radar,14,51,36,5,106,0,0,14,2,16,14,51,50,7,122,24,0,24,146
09/09/2005,PIA,IL,AGL,CE,Combined TRACON& Tower with Radar,12,51,39,1,103,0,0,23,6,29,12,51,62,7,132,28,0,28,160
09/10/2005,PIA,IL,AGL,CE,Combined TRACON& Tower with Radar,9,42,13,10,74,0,0,21,25,46,9,42,34,35,120,6,12,18,138
09/11/2005,PIA,IL,AGL,CE,Combined TRACON& Tower with Radar,3,43,30,3,79,0,0,25,2,27,3,43,55,5,106,2,4,6,112
09/12/2005,PIA,IL,AGL,CE,Combined TRACON& Tower with Radar,2,43,37,5,87,0,0,23,3,26,2,43,60,8,113,20,10,30,143
09/13/2005,PIA,IL,AGL,CE,Combined TRACON& Tower with Radar,13,49,31,4,97,0,0,14,19,33,13,49,45,23,130,36,4,40,170
09/14/2005,PIA,IL,AGL,CE,Combined TRACON& Tower with Radar,11,50,69,31,161,0,0,0,0,0,11,50,69,31,161,6,6,12,173
09/15/2005,PIA,IL,AGL,CE,Combined TRACON& Tower with Radar,12,49,47,12,120,0,0,21,19,40,12,49,68,31,160,2,12,14,174
09/16/2005,PIA,IL,AGL,CE,Combined TRACON& Tower with Radar,12,56,47,1,116,0,0,15,1,16,12,56,62,2,132,8,0,8,140
09/17/2005,PIA,IL,AGL,CE,Combined TRACON& Tower with Radar,9,42,23,2,76,0,0,40,1,41,9,42,63,3,117,26,0,26,143
09/18/2005,PIA,IL,AGL,CE,Combined TRACON& Tower with Radar,3,43,27,1,74,0,0,37,0,37,3,43,64,1,111,26,0,26,137
09/19/2005,PIA,IL,AGL,CE,Combined TRACON& Tower with Radar,5,42,30,13,90,0,0,1,16,17,5,42,31,29,107,2,8,10,117
09/20/2005,PIA,IL,AGL,CE,Combined TRACON& Tower with Radar,11,54,25,22,112,0,2,17,6,25,11,56,42,28,137,60,18,78,215
09/21/2005,PIA,IL,AGL,CE,Combined TRACON& Tower with Radar,12,52,42,23,129,2,0,27,25,54,14,52,69,48,183,22,8,30,213
09/22/2005,PIA,IL,AGL,CE,Combined TRACON& Tower with Radar,14,47,34,24,119,0,0,9,10,19,14,47,43,34,138,0,22,22,160
09/23/2005,PIA,IL,AGL,CE,Combined TRACON& Tower with Radar,12,57,29,4,102,0,2,1,10,13,12,59,30,14,115,14,0,14,129
09/24/2005,PIA,IL,AGL,CE,Combined TRACON& Tower with Radar,9,39,23,3,74,0,2,23,1,26,9,41,46,4,100,32,6,38,138
09/25/2005,PIA,IL,AGL,CE,Combined TRACON& Tower with Radar,3,39,51,6,99,0,0,7,0,7,3,39,58,6,106,0,0,0,106
09/26/2005,PIA,IL,AGL,CE,Combined TRACON& Tower with Radar,2,47,44,2,95,0,0,6,0,6,2,47,50,2,101,2,0,2,103
09/27/2005,PIA,IL,AGL,CE,Combined TRACON& Tower with Radar,11,48,44,3,106,0,1,31,11,43,11,49,75,14,149,58,6,64,213
09/28/2005,PIA,IL,AGL,CE,Combined TRACON& Tower with Radar,10,57,43,1,111,0,3,6,3,12,10,60,49,4,123,2,2,4,127
09/29/2005,PIA,IL,AGL,CE,Combined TRACON& Tower with Radar,14,53,34,0,101,0,0,29,1,30,14,53,63,1,131,14,0,14,145
09/30/2005,PIA,IL,AGL,CE,Combined TRACON& Tower with Radar,12,46,32,0,90,0,0,26,0,26,12,46,58,0,116,30,2,32,148
10/01/2005,PIA,IL,AGL,CE,Combined TRACON& Tower with Radar,9,38,16,11,74,0,2,30,20,52,9,40,46,31,126,4,14,18,144
10/02/2005,PIA,IL,AGL,CE,Combined TRACON& Tower with Radar,5,36,20,15,76,0,0,7,10,17,5,36,27,25,93,6,14,20,113
10/03/2005,PIA,IL,AGL,CE,Combined TRACON& Tower with Radar,2,48,27,11,88,0,0,23,3,26,2,48,50,14,114,28,38,66,180
10/04/2005,PIA,IL,AGL,CE,Combined TRACON& Tower with Radar,11,59,41,12,123,0,2,17,20,39,11,61,58,32,162,42,70,112,274
10/05/2005,PIA,IL,AGL,CE,Combined TRACON& Tower with Radar,11,55,51,9,126,0,0,26,19,45,11,55,77,28,171,36,16,52,223
10/06/2005,PIA,IL,AGL,CE,Combined TRACON& Tower with Radar,16,50,47,16,129,0,0,18,18,36,16,50,65,34,165,0,22,22,187
10/07/2005,PIA,IL,AGL,CE,Combined TRACON& Tower with Radar,14,61,32,0,107,0,0,23,0,23,14,61,55,0,130,30,2,32,162
10/08/2005,PIA,IL,AGL,CE,Combined TRACON& Tower with Radar,9,40,16,0,65,0,0,30,0,30,9,40,46,0,95,18,0,18,113
10/09/2005,PIA,IL,AGL,CE,Combined TRACON& Tower with Radar,3,40,27,0,70,0,0,56,0,56,3,40,83,0,126,44,0,44,170
10/10/2005,PIA,IL,AGL,CE,Combined TRACON& Tower with Radar,4,52,49,6,111,0,0,38,1,39,4,52,87,7,150,46,0,46,196
10/11/2005,PIA,IL,AGL,CE,Combined TRACON& Tower with Radar,10,62,40,10,122,0,0,19,15,34,10,62,59,25,156,100,0,100,256
10/12/2005,PIA,IL,AGL,CE,Combined TRACON& Tower with Radar,12,52,64,24,152,0,0,20,50,70,12,52,84,74,222,18,8,26,248
10/13/2005,PIA,IL,AGL,CE,Combined TRACON& Tower with Radar,16,52,47,11,126,0,0,18,19,37,16,52,65,30,163,8,38,46,209
10/14/2005,PIA,IL,AGL,CE,Combined TRACON& Tower with Radar,14,56,53,4,127,0,0,37,9,46,14,56,90,13,173,40,0,40,213
10/15/2005,PIA,IL,AGL,CE,Combined TRACON& Tower with Radar,8,37,20,0,65,0,0,29,0,29,8,37,49,0,94,6,0,6,100
10/16/2005,PIA,IL,AGL,CE,Combined TRACON& Tower with Radar,3,46,37,1,87,0,0,45,0,45,3,46,82,1,132,10,0,10,142
10/17/2005,PIA,IL,AGL,CE,Combined TRACON& Tower with Radar,4,49,23,14,90,0,0,9,12,21,4,49,32,26,111,0,6,6,117
10/18/2005,PIA,IL,AGL,CE,Combined TRACON& Tower with Radar,11,53,40,7,111,10,29,33,0,72,21,82,73,7,183,50,18,68,251
10/19/2005,PIA,IL,AGL,CE,Combined TRACON& Tower with Radar,13,50,53,15,131,0,8,27,28,63,13,58,80,43,194,0,0,0,194
10/20/2005,PIA,IL,AGL,CE,Combined TRACON& Tower with Radar,16,49,27,15,107,91,0,5,8,104,107,49,32,23,211,0,30,30,241
10/21/2005,PIA,IL,AGL,CE,Combined TRACON& Tower with Radar,15,51,36,2,104,0,0,21,9,30,15,51,57,11,134,42,12,54,188
10/22/2005,PIA,IL,AGL,CE,Combined TRACON& Tower with Radar,11,40,22,0,73,0,0,28,6,34,11,40,50,6,107,26,0,26,133
10/23/2005,PIA,IL,AGL,CE,Combined TRACON& Tower with Radar,5,43,28,0,76,0,0,33,12,45,5,43,61,12,121,58,0,58,179
10/24/2005,PIA,IL,AGL,CE,Combined TRACON& Tower with Radar,3,43,27,7,80,0,0,10,5,15,3,43,37,12,95,2,0,2,97
10/25/2005,PIA,IL,AGL,CE,Combined TRACON& Tower with Radar,13,50,46,13,122,0,0,24,0,24,13,50,70,13,146,6,26,32,178
10/26/2005,PIA,IL,AGL,CE,Combined TRACON& Tower with Radar,13,51,44,11,119,0,0,38,29,67,13,51,82,40,186,22,30,52,238
10/27/2005,PIA,IL,AGL,CE,Combined TRACON& Tower with Radar,14,50,51,20,135,0,0,21,34,55,14,50,72,54,190,0,16,16,206
10/28/2005,PIA,IL,AGL,CE,Combined TRACON& Tower with Radar,14,51,33,14,112,0,0,0,0,0,14,51,33,14,112,36,8,44,156
10/29/2005,PIA,IL,AGL,CE,Combined TRACON& Tower with Radar,9,40,25,0,74,0,0,39,0,39,9,40,64,0,113,8,0,8,121
10/30/2005,PIA,IL,AGL,CE,Combined TRACON& Tower with Radar,3,42,23,4,72,0,0,71,4,75,3,42,94,8,147,20,0,20,167
10/31/2005,PIA,IL,AGL,CE,Combined TRACON& Tower with Radar,4,43,30,8,85,0,0,8,1,9,4,43,38,9,94,18,0,18,112
11/01/2005,PIA,IL,AGL,CE,Combined TRACON& Tower with Radar,10,51,45,20,126,0,0,25,10,35,10,51,70,30,161,22,6,28,189
11/02/2005,PIA,IL,AGL,CE,Combined TRACON& Tower with Radar,14,56,27,1,98,0,0,38,7,45,14,56,65,8,143,0,14,14,157
11/03/2005,PIA,IL,AGL,CE,Combined TRACON& Tower with Radar,16,53,36,12,117,0,0,12,22,34,16,53,48,34,151,2,14,16,167
11/04/2005,PIA,IL,AGL,CE,Combined TRACON& Tower with Radar,15,52,33,5,105,0,0,27,14,41,15,52,60,19,146,4,4,8,154
11/05/2005,PIA,IL,AGL,CE,Combined TRACON& Tower with Radar,9,40,18,15,82,0,0,0,0,0,9,40,18,15,82,20,40,60,142
11/06/2005,PIA,IL,AGL,CE,Combined TRACON& Tower with Radar,3,41,21,4,69,0,0,15,8,23,3,41,36,12,92,14,4,18,110
11/07/2005,PIA,IL,AGL,CE,Combined TRACON& Tower with Radar,4,49,34,7,94,0,2,17,8,27,4,51,51,15,121,0,2,2,123
11/08/2005,PIA,IL,AGL,CE,Combined TRACON& Tower with Radar,10,47,41,23,121,0,1,20,38,59,10,48,61,61,180,16,40,56,236
11/09/2005,PIA,IL,AGL,CE,Combined TRACON& Tower with Radar,11,51,32,20,114,0,0,5,25,30,11,51,37,45,144,0,0,0,144
11/10/2005,PIA,IL,AGL,CE,Combined TRACON& Tower with Radar,14,55,36,15,120,0,0,30,14,44,14,55,66,29,164,12,12,24,188
11/11/2005,PIA,IL,AGL,CE,Combined TRACON& Tower with Radar,14,48,26,0,88,0,0,0,0,0,14,48,26,0,88,380,0,380,468
11/12/2005,PIA,IL,AGL,CE,Combined TRACON& Tower with Radar,10,34,29,2,75,0,0,0,0,0,10,34,29,2,75,0,0,0,75
11/13/2005,PIA,IL,AGL,CE,Combined TRACON& Tower with Radar,4,39,6,2,51,0,2,6,2,10,4,41,12,4,61,2,0,2,63
11/14/2005,PIA,IL,AGL,CE,Combined TRACON& Tower with Radar,3,46,32,6,87,0,0,36,14,50,3,46,68,20,137,46,0,46,183
11/15/2005,PIA,IL,AGL,CE,Combined TRACON& Tower with Radar,10,49,37,2,98,0,0,0,0,0,10,49,37,2,98,0,0,0,98
11/16/2005,PIA,IL,AGL,CE,Combined TRACON& Tower with Radar,11,50,28,33,122,0,0,1,30,31,11,50,29,63,153,4,12,16,169
11/17/2005,PIA,IL,AGL,CE,Combined TRACON& Tower with Radar,18,53,49,25,145,0,3,29,18,50,18,56,78,43,195,10,44,54,249
11/18/2005,PIA,IL,AGL,CE,Combined TRACON& Tower with Radar,12,51,37,6,106,0,2,25,4,31,12,53,62,10,137,16,2,18,155
11/19/2005,PIA,IL,AGL,CE,Combined TRACON& Tower with Radar,10,36,14,7,67,0,0,26,7,33,10,36,40,14,100,16,0,16,116
11/20/2005,PIA,IL,AGL,CE,Combined TRACON& Tower with Radar,4,37,57,4,102,0,0,21,1,22,4,37,78,5,124,54,0,54,178
11/21/2005,PIA,IL,AGL,CE,Combined TRACON& Tower with Radar,2,43,24,22,91,0,0,18,26,44,2,43,42,48,135,18,36,54,189
11/22/2005,PIA,IL,AGL,CE,Combined TRACON& Tower with Radar,13,51,40,29,133,0,0,20,32,52,13,51,60,61,185,6,38,44,229
11/23/2005,PIA,IL,AGL,CE,Combined TRACON& Tower with Radar,12,48,21,5,86,0,0,12,0,12,12,48,33,5,98,4,30,34,132
11/24/2005,PIA,IL,AGL,CE,Combined TRACON& Tower with Radar,9,42,4,0,55,0,0,5,0,5,9,42,9,0,60,4,30,34,94
11/25/2005,PIA,IL,AGL,CE,Combined TRACON& Tower with Radar,3,35,10,0,48,0,0,13,0,13,3,35,23,0,61,18,0,18,79
11/26/2005,PIA,IL,AGL,CE,Combined TRACON& Tower with Radar,6,35,23,0,64,0,6,21,0,27,6,41,44,0,91,20,0,20,111
11/27/2005,PIA,IL,AGL,CE,Combined TRACON& Tower with Radar,4,35,19,0,58,0,0,0,0,0,4,35,19,0,58,2,0,2,60
11/28/2005,PIA,IL,AGL,CE,Combined TRACON& Tower with Radar,4,48,10,29,91,0,0,2,6,8,4,48,12,35,99,0,42,42,141
11/29/2005,PIA,IL,AGL,CE,Combined TRACON& Tower with Radar,23,47,27,10,107,0,0,11,32,43,23,47,38,42,150,0,0,0,150
11/30/2005,PIA,IL,AGL,CE,Combined TRACON& Tower with Radar,11,58,37,10,116,0,1,37,24,62,11,59,74,34,178,22,18,40,218
12/01/2005,PIA,IL,AGL,CE,Combined TRACON& Tower with Radar,12,51,32,13,108,0,0,4,12,16,12,51,36,25,124,4,24,28,152
12/02/2005,PIA,IL,AGL,CE,Combined TRACON& Tower with Radar,11,51,42,9,113,0,0,29,18,47,11,51,71,27,160,58,8,66,226
12/03/2005,PIA,IL,AGL,CE,Combined TRACON& Tower with Radar,12,31,16,14,73,0,1,16,18,35,12,32,32,32,108,4,24,28,136
12/04/2005,PIA,IL,AGL,CE,Combined TRACON& Tower with Radar,2,37,21,13,73,0,1,27,6,34,2,38,48,19,107,38,32,70,177
12/05/2005,PIA,IL,AGL,CE,Combined TRACON& Tower with Radar,2,41,31,12,86,0,1,11,24,36,2,42,42,36,122,0,20,20,142
12/06/2005,PIA,IL,AGL,CE,Combined TRACON& Tower with Radar,9,53,33,38,133,0,0,0,0,0,9,53,33,38,133,0,8,8,141
12/07/2005,PIA,IL,AGL,CE,Combined TRACON& Tower with Radar,12,51,35,15,113,0,0,15,25,40,12,51,50,40,153,30,20,50,203
12/08/2005,PIA,IL,AGL,CE,Combined TRACON& Tower with Radar,11,43,27,2,83,0,0,2,8,10,11,43,29,10,93,0,4,4,97
12/09/2005,PIA,IL,AGL,CE,Combined TRACON& Tower with Radar,12,44,48,8,112,0,0,20,0,20,12,44,68,8,132,0,0,0,132
12/10/2005,PIA,IL,AGL,CE,Combined TRACON& Tower with Radar,10,36,24,3,73,0,0,24,0,24,10,36,48,3,97,4,0,4,101
12/11/2005,PIA,IL,AGL,CE,Combined TRACON& Tower with Radar,2,37,33,3,75,0,0,24,0,24,2,37,57,3,99,24,0,24,123
12/12/2005,PIA,IL,AGL,CE,Combined TRACON& Tower with Radar,3,41,46,16,106,0,0,10,25,35,3,41,56,41,141,0,10,10,151
12/13/2005,PIA,IL,AGL,CE,Combined TRACON& Tower with Radar,12,46,47,25,130,0,0,19,50,69,12,46,66,75,199,26,54,80,279
12/14/2005,PIA,IL,AGL,CE,Combined TRACON& Tower with Radar,10,43,25,1,79,0,0,0,1,1,10,43,25,2,80,0,0,0,80
12/15/2005,PIA,IL,AGL,CE,Combined TRACON& Tower with Radar,13,39,30,10,92,0,0,4,8,12,13,39,34,18,104,0,0,0,104
12/16/2005,PIA,IL,AGL,CE,Combined TRACON& Tower with Radar,12,48,36,0,96,0,0,9,2,11,12,48,45,2,107,0,0,0,107
12/17/2005,PIA,IL,AGL,CE,Combined TRACON& Tower with Radar,12,36,34,0,82,0,0,41,0,41,12,36,75,0,123,114,0,114,237
12/18/2005,PIA,IL,AGL,CE,Combined TRACON& Tower with Radar,2,36,22,0,60,0,0,14,0,14,2,36,36,0,74,0,0,0,74
12/19/2005,PIA,IL,AGL,CE,Combined TRACON& Tower with Radar,2,40,42,13,97,0,1,15,21,37,2,41,57,34,134,50,46,96,230
12/20/2005,PIA,IL,AGL,CE,Combined TRACON& Tower with Radar,11,50,25,20,106,0,0,12,29,41,11,50,37,49,147,20,16,36,183
12/21/2005,PIA,IL,AGL,CE,Combined TRACON& Tower with Radar,10,45,32,16,103,0,0,13,22,35,10,45,45,38,138,16,12,28,166
12/22/2005,PIA,IL,AGL,CE,Combined TRACON& Tower with Radar,13,49,17,2,81,0,0,24,29,53,13,49,41,31,134,30,14,44,178
12/23/2005,PIA,IL,AGL,CE,Combined TRACON& Tower with Radar,12,47,19,0,78,0,0,35,0,35,12,47,54,0,113,28,0,28,141
12/24/2005,PIA,IL,AGL,CE,Combined TRACON& Tower with Radar,13,37,5,0,55,0,0,0,0,0,13,37,5,0,55,0,0,0,55
12/25/2005,PIA,IL,AGL,CE,Combined TRACON& Tower with Radar,2,33,6,0,41,0,0,3,0,3,2,33,9,0,44,0,0,0,44
12/26/2005,PIA,IL,AGL,CE,Combined TRACON& Tower with Radar,2,41,15,0,58,0,0,0,0,0,2,41,15,0,58,0,0,0,58
12/27/2005,PIA,IL,AGL,CE,Combined TRACON& Tower with Radar,1,46,31,8,86,0,0,35,4,39,1,46,66,12,125,22,0,22,147
12/28/2005,PIA,IL,AGL,CE,Combined TRACON& Tower with Radar,10,46,9,0,65,0,0,0,0,0,10,46,9,0,65,0,0,0,65
12/29/2005,PIA,IL,AGL,CE,Combined TRACON& Tower with Radar,15,54,17,0,86,0,0,14,1,15,15,54,31,1,101,14,0,14,115
12/30/2005,PIA,IL,AGL,CE,Combined TRACON& Tower with Radar,14,40,16,0,70,0,0,0,0,0,14,40,16,0,70,0,0,0,70
12/31/2005,PIA,IL,AGL,CE,Combined TRACON& Tower with Radar,10,42,15,0,67,0,1,18,0,19,10,43,33,0,86,4,0,4,90
01/01/2006,PIA,IL,AGL,CE,Combined TRACON& Tower with Radar,2,38,19,0,59,0,0,0,0,0,2,38,19,0,59,370,0,370,429
01/02/2006,PIA,IL,AGL,CE,Combined TRACON& Tower with Radar,5,35,20,0,60,0,0,0,0,0,5,35,20,0,60,0,0,0,60
01/03/2006,PIA,IL,AGL,CE,Combined TRACON& Tower with Radar,1,40,28,25,94,0,0,0,0,0,1,40,28,25,94,0,0,0,94
01/04/2006,PIA,IL,AGL,CE,Combined TRACON& Tower with Radar,11,49,22,31,113,0,0,3,7,10,11,49,25,38,123,0,0,0,123
01/05/2006,PIA,IL,AGL,CE,Combined TRACON& Tower with Radar,11,46,19,0,76,0,0,3,2,5,11,46,22,2,81,0,2,2,83
01/06/2006,PIA,IL,AGL,CE,Combined TRACON& Tower with Radar,11,45,23,5,84,0,0,14,4,18,11,45,37,9,102,10,2,12,114
01/07/2006,PIA,IL,AGL,CE,Combined TRACON& Tower with Radar,11,40,34,8,93,0,1,43,6,50,11,41,77,14,143,4,8,12,155
01/08/2006,PIA,IL,AGL,CE,Combined TRACON& Tower with Radar,1,35,26,3,65,0,0,61,4,65,1,35,87,7,130,42,0,42,172
01/09/2006,PIA,IL,AGL,CE,Combined TRACON& Tower with Radar,2,44,35,4,85,0,0,7,49,56,2,44,42,53,141,0,0,0,141
01/10/2006,PIA,IL,AGL,CE,Combined TRACON& Tower with Radar,13,45,33,6,97,0,0,6,6,12,13,45,39,12,109,0,12,12,121
01/11/2006,PIA,IL,AGL,CE,Combined TRACON& Tower with Radar,13,43,35,23,114,0,0,14,13,27,13,43,49,36,141,16,28,44,185
01/12/2006,PIA,IL,AGL,CE,Combined TRACON& Tower with Radar,12,49,44,15,120,0,2,23,14,39,12,51,67,29,159,10,20,30,189
01/13/2006,PIA,IL,AGL,CE,Combined TRACON& Tower with Radar,12,41,18,0,71,0,0,1,0,1,12,41,19,0,72,0,0,0,72
01/14/2006,PIA,IL,AGL,CE,Combined TRACON& Tower with Radar,13,37,34,0,84,0,0,0,0,0,13,37,34,0,84,94,0,94,178
01/15/2006,PIA,IL,AGL,CE,Combined TRACON& Tower with Radar,2,36,12,0,50,0,0,22,0,22,2,36,34,0,72,12,0,12,84
01/16/2006,PIA,IL,AGL,CE,Combined TRACON& Tower with Radar,2,36,28,0,66,0,0,44,0,44,2,36,72,0,110,24,12,36,146
01/17/2006,PIA,IL,AGL,CE,Combined TRACON& Tower with Radar,13,50,14,5,82,0,0,4,45,49,13,50,18,50,131,0,28,28,159
01/18/2006,PIA,IL,AGL,CE,Combined TRACON& Tower with Radar,11,45,28,4,88,0,0,15,6,21,11,45,43,10,109,50,26,76,185
01/19/2006,PIA,IL,AGL,CE,Combined TRACON& Tower with Radar,13,41,30,20,104,0,3,0,0,3,13,44,30,20,107,6,22,28,135
01/20/2006,PIA,IL,AGL,CE,Combined TRACON& Tower with Radar,9,44,21,13,87,0,0,24,12,36,9,44,45,25,123,12,32,44,167
01/21/2006,PIA,IL,AGL,CE,Combined TRACON& Tower with Radar,15,35,10,1,61,0,1,18,0,19,15,36,28,1,80,0,0,0,80
01/22/2006,PIA,IL,AGL,CE,Combined TRACON& Tower with Radar,2,34,23,1,60,0,0,16,0,16,2,34,39,1,76,40,0,40,116
01/23/2006,PIA,IL,AGL,CE,Combined TRACON& Tower with Radar,4,40,35,6,85,0,0,7,4,11,4,40,42,10,96,6,2,8,104
01/24/2006,PIA,IL,AGL,CE,Combined TRACON& Tower with Radar,15,49,33,10,107,0,1,4,3,8,15,50,37,13,115,8,28,36,151
01/25/2006,PIA,IL,AGL,CE,Combined TRACON& Tower with Radar,11,50,53,7,121,0,0,27,6,33,11,50,80,13,154,18,0,18,172
01/26/2006,PIA,IL,AGL,CE,Combined TRACON& Tower with Radar,13,46,39,8,106,0,0,39,11,50,13,46,78,19,156,0,4,4,160
01/27/2006,PIA,IL,AGL,CE,Combined TRACON& Tower with Radar,15,49,31,0,95,0,0,21,0,21,15,49,52,0,116,8,0,8,124
01/28/2006,PIA,IL,AGL,CE,Combined TRACON& Tower with Radar,10,36,21,0,67,0,0,5,0,5,10,36,26,0,72,26,0,26,98
01/29/2006,PIA,IL,AGL,CE,Combined TRACON& Tower with Radar,5,34,22,0,61,0,0,0,0,0,5,34,22,0,61,14,0,14,75
01/30/2006,PIA,IL,AGL,CE,Combined TRACON& Tower with Radar,2,39,38,9,88,0,0,3,0,3,2,39,41,9,91,20,0,20,111
01/31/2006,PIA,IL,AGL,CE,Combined TRACON& Tower with Radar,10,44,48,4,106,0,2,21,32,55,10,46,69,36,161,10,18,28,189
02/01/2006,PIA,IL,AGL,CE,Combined TRACON& Tower with Radar,11,55,35,6,107,0,0,23,10,33,11,55,58,16,140,38,26,64,204
02/02/2006,PIA,IL,AGL,CE,Combined TRACON& Tower with Radar,12,11,35,13,71,0,0,21,31,52,12,11,56,44,123,42,12,54,177
02/03/2006,PIA,IL,AGL,CE,Combined TRACON& Tower with Radar,12,41,27,4,84,0,0,8,8,16,12,41,35,12,100,12,0,12,112
02/04/2006,PIA,IL,AGL,CE,Combined TRACON& Tower with Radar,12,31,14,7,64,0,0,21,2,23,12,31,35,9,87,40,0,40,127
02/05/2006,PIA,IL,AGL,CE,Combined TRACON& Tower with Radar,2,30,34,17,83,0,0,37,21,58,2,30,71,38,141,54,42,96,237
02/06/2006,PIA,IL,AGL,CE,Combined TRACON& Tower with Radar,2,32,15,13,62,0,0,14,7,21,2,32,29,20,83,0,20,20,103
02/07/2006,PIA,IL,AGL,CE,Combined TRACON& Tower with Radar,11,53,32,5,101,0,0,29,22,51,11,53,61,27,152,50,22,72,224
02/08/2006,PIA,IL,AGL,CE,Combined TRACON& Tower with Radar,11,57,46,5,119,0,18,15,18,51,11,75,61,23,170,30,4,34,204
02/09/2006,PIA,IL,AGL,CE,Combined TRACON& Tower with Radar,12,60,39,14,125,0,4,19,14,37,12,64,58,28,162,22,14,36,198
02/10/2006,PIA,IL,AGL,CE,Combined TRACON& Tower with Radar,12,55,18,10,95,0,1,4,11,16,12,56,22,21,111,4,8,12,123
02/11/2006,PIA,IL,AGL,CE,Combined TRACON& Tower with Radar,8,32,6,0,46,0,1,1,0,2,8,33,7,0,48,4,0,4,52
02/12/2006,PIA,IL,AGL,CE,Combined TRACON& Tower with Radar,4,29,18,0,51,0,0,5,0,5,4,29,23,0,56,0,0,0,56
02/13/2006,PIA,IL,AGL,CE,Combined TRACON& Tower with Radar,2,44,23,8,77,0,0,28,16,44,2,44,51,24,121,0,24,24,145
02/14/2006,PIA,IL,AGL,CE,Combined TRACON& Tower with Radar,11,43,33,3,90,0,0,15,19,34,11,43,48,22,124,4,36,40,164
02/15/2006,PIA,IL,AGL,CE,Combined TRACON& Tower with Radar,12,42,33,17,104,0,0,20,18,38,12,42,53,35,142,24,16,40,182
02/16/2006,PIA,IL,AGL,CE,Combined TRACON& Tower with Radar,13,47,20,1,81,0,0,0,0,0,13,47,20,1,81,24,18,42,123
02/17/2006,PIA,IL,AGL,CE,Combined TRACON& Tower with Radar,12,48,29,23,112,0,0,15,6,21,12,48,44,29,133,10,0,10,143
02/18/2006,PIA,IL,AGL,CE,Combined TRACON& Tower with Radar,9,31,17,0,57,0,0,11,0,11,9,31,28,0,68,28,0,28,96
02/19/2006,PIA,IL,AGL,CE,Combined TRACON& Tower with Radar,3,31,11,0,45,0,2,24,0,26,3,33,35,0,71,30,0,30,101
02/20/2006,PIA,IL,AGL,CE,Combined TRACON& Tower with Radar,2,40,23,0,65,0,4,23,0,27,2,44,46,0,92,48,0,48,140
02/21/2006,PIA,IL,AGL,CE,Combined TRACON& Tower with Radar,11,38,22,7,78,0,0,26,25,51,11,38,48,32,129,36,26,62,191
02/22/2006,PIA,IL,AGL,CE,Combined TRACON& Tower with Radar,11,43,45,9,108,0,0,29,15,44,11,43,74,24,152,20,0,20,172
02/23/2006,PIA,IL,AGL,CE,Combined TRACON& Tower with Radar,14,45,39,27,125,0,0,13,32,45,14,45,52,59,170,4,12,16,186
02/24/2006,PIA,IL,AGL,CE,Combined TRACON& Tower with Radar,12,47,31,1,91,0,0,22,3,25,12,47,53,4,116,14,0,14,130
02/25/2006,PIA,IL,AGL,CE,Combined TRACON& Tower with Radar,10,37,30,0,77,0,0,31,0,31,10,37,61,0,108,4,0,4,112
02/26/2006,PIA,IL,AGL,CE,Combined TRACON& Tower with Radar,4,34,21,1,60,0,0,0,0,0,4,34,21,1,60,48,0,48,108
02/27/2006,PIA,IL,AGL,CE,Combined TRACON& Tower with Radar,2,43,45,15,105,0,2,22,15,39,2,45,67,30,144,30,12,42,186
02/28/2006,PIA,IL,AGL,CE,Combined TRACON& Tower with Radar,11,44,29,30,114,0,4,29,39,72,11,48,58,69,186,46,10,56,242
03/01/2006,PIA,IL,AGL,CE,Combined TRACON& Tower with Radar,13,53,23,8,97,0,0,14,4,18,13,53,37,12,115,40,8,48,163
03/02/2006,PIA,IL,AGL,CE,Combined TRACON& Tower with Radar,12,40,40,8,100,0,0,6,21,27,12,40,46,29,127,0,14,14,141
03/03/2006,PIA,IL,AGL,CE,Combined TRACON& Tower with Radar,12,45,25,21,103,0,2,25,4,31,12,47,50,25,134,26,2,28,162
03/04/2006,PIA,IL,AGL,CE,Combined TRACON& Tower with Radar,10,36,15,3,64,0,0,44,10,54,10,36,59,13,118,38,0,38,156
03/05/2006,PIA,IL,AGL,CE,Combined TRACON& Tower with Radar,8,34,8,0,50,0,0,2,0,2,8,34,10,0,52,0,0,0,52
03/06/2006,PIA,IL,AGL,CE,Combined TRACON& Tower with Radar,2,37,17,15,71,0,0,3,4,7,2,37,20,19,78,10,16,26,104
03/07/2006,PIA,IL,AGL,CE,Combined TRACON& Tower with Radar,11,42,24,12,89,0,0,9,12,21,11,42,33,24,110,4,12,16,126
03/08/2006,PIA,IL,AGL,CE,Combined TRACON& Tower with Radar,11,47,36,10,104,0,0,1,0,1,11,47,37,10,105,10,12,22,127
03/09/2006,PIA,IL,AGL,CE,Combined TRACON& Tower with Radar,21,56,47,1,125,0,0,0,2,2,21,56,47,3,127,0,2,2,129
03/10/2006,PIA,IL,AGL,CE,Combined TRACON& Tower with Radar,12,31,25,0,68,0,0,33,9,42,12,31,58,9,110,60,8,68,178
03/11/2006,PIA,IL,AGL,CE,Combined TRACON& Tower with Radar,11,41,19,10,81,0,1,23,6,30,11,42,42,16,111,50,0,50,161
03/12/2006,PIA,IL,AGL,CE,Combined TRACON& Tower with Radar,1,31,33,0,65,0,0,0,0,0,1,31,33,0,65,0,0,0,65
03/13/2006,PIA,IL,AGL,CE,Combined TRACON& Tower with Radar,2,30,21,14,67,0,0,2,7,9,2,30,23,21,76,0,20,20,96
03/14/2006,PIA,IL,AGL,CE,Combined TRACON& Tower with Radar,11,51,40,14,116,0,0,23,43,66,11,51,63,57,182,28,8,36,218
03/15/2006,PIA,IL,AGL,CE,Combined TRACON& Tower with Radar,13,44,36,18,111,0,0,34,18,52,13,44,70,36,163,54,10,64,227
03/16/2006,PIA,IL,AGL,CE,Combined TRACON& Tower with Radar,12,36,38,7,93,0,3,12,32,47,12,39,50,39,140,34,32,66,206
03/17/2006,PIA,IL,AGL,CE,Combined TRACON& Tower with Radar,14,43,30,17,104,0,0,19,7,26,14,43,49,24,130,4,14,18,148
03/18/2006,PIA,IL,AGL,CE,Combined TRACON& Tower with Radar,10,39,24,0,73,0,0,0,0,0,10,39,24,0,73,420,0,420,493
03/19/2006,PIA,IL,AGL,CE,Combined TRACON& Tower with Radar,2,39,30,1,72,0,9,44,1,54,2,48,74,2,126,6,0,6,132
03/20/2006,PIA,IL,AGL,CE,Combined TRACON& Tower with Radar,2,35,18,5,60,0,0,10,6,16,2,35,28,11,76,0,12,12,88
03/21/2006,PIA,IL,AGL,CE,Combined TRACON& Tower with Radar,12,44,11,9,76,0,0,3,9,12,12,44,14,18,88,14,0,14,102
03/22/2006,PIA,IL,AGL,CE,Combined TRACON& Tower with Radar,13,43,45,20,121,0,1,22,15,38,13,44,67,35,159,48,28,76,235
03/23/2006,PIA,IL,AGL,CE,Combined TRACON& Tower with Radar,16,42,40,17,115,0,0,20,15,35,16,42,60,32,150,40,20,60,210
03/24/2006,PIA,IL,AGL,CE,Combined TRACON& Tower with Radar,16,42,34,3,95,0,0,1,4,5,16,42,35,7,100,6,0,6,106
03/25/2006,PIA,IL,AGL,CE,Combined TRACON& Tower with Radar,10,31,7,2,50,0,0,18,0,18,10,31,25,2,68,18,0,18,86
03/26/2006,PIA,IL,AGL,CE,Combined TRACON& Tower with Radar,6,31,28,5,70,0,0,41,3,44,6,31,69,8,114,12,0,12,126
03/27/2006,PIA,IL,AGL,CE,Combined TRACON& Tower with Radar,4,36,26,6,72,0,0,8,0,8,4,36,34,6,80,0,0,0,80
03/28/2006,PIA,IL,AGL,CE,Combined TRACON& Tower with Radar,11,40,41,22,114,0,0,4,25,29,11,40,45,47,143,10,4,14,157
03/29/2006,PIA,IL,AGL,CE,Combined TRACON& Tower with Radar,11,42,49,14,116,0,0,29,44,73,11,42,78,58,189,54,18,72,261
03/30/2006,PIA,IL,AGL,CE,Combined TRACON& Tower with Radar,13,37,31,5,86,0,1,8,11,20,13,38,39,16,106,0,24,24,130
03/31/2006,PIA,IL,AGL,CE,Combined TRACON& Tower with Radar,12,36,28,1,77,0,1,15,3,19,12,37,43,4,96,10,2,12,108
04/01/2006,PIA,IL,AGL,CE,Combined TRACON& Tower with Radar,10,36,39,16,101,0,1,29,9,39,10,37,68,25,140,30,8,38,178
04/02/2006,PIA,IL,AGL,CE,Combined TRACON& Tower with Radar,3,32,11,3,49,0,0,2,0,2,3,32,13,3,51,0,0,0,51
04/03/2006,PIA,IL,AGL,CE,Combined TRACON& Tower with Radar,3,27,32,4,66,0,0,3,0,3,3,27,35,4,69,0,0,0,69
04/04/2006,PIA,IL,AGL,CE,Combined TRACON& Tower with Radar,11,42,56,10,119,0,0,35,14,49,11,42,91,24,168,18,12,30,198
04/05/2006,PIA,IL,AGL,CE,Combined TRACON& Tower with Radar,12,38,51,2,103,0,0,41,41,82,12,38,92,43,185,40,0,40,225
04/06/2006,PIA,IL,AGL,CE,Combined TRACON& Tower with Radar,12,39,23,1,75,0,0,4,14,18,12,39,27,15,93,0,0,0,93
04/07/2006,PIA,IL,AGL,CE,Combined TRACON& Tower with Radar,14,44,28,6,92,0,0,16,10,26,14,44,44,16,118,8,10,18,136
04/08/2006,PIA,IL,AGL,CE,Combined TRACON& Tower with Radar,11,31,20,2,64,0,0,8,0,8,11,31,28,2,72,66,0,66,138
04/09/2006,PIA,IL,AGL,CE,Combined TRACON& Tower with Radar,4,35,20,0,59,0,0,61,0,61,4,35,81,0,120,56,0,56,176
04/10/2006,PIA,IL,AGL,CE,Combined TRACON& Tower with Radar,2,38,22,3,65,0,0,27,13,40,2,38,49,16,105,4,14,18,123
04/11/2006,PIA,IL,AGL,CE,Combined TRACON& Tower with Radar,11,45,27,8,91,0,0,14,5,19,11,45,41,13,110,16,16,32,142
04/12/2006,PIA,IL,AGL,CE,Combined TRACON& Tower with Radar,12,40,34,4,90,0,0,20,19,39,12,40,54,23,129,4,8,12,141
04/13/2006,PIA,IL,AGL,CE,Combined TRACON& Tower with Radar,14,47,19,8,88,0,0,25,27,52,14,47,44,35,140,40,26,66,206
04/14/2006,PIA,IL,AGL,CE,Combined TRACON& Tower with Radar,12,46,15,0,73,0,1,30,4,35,12,47,45,4,108,42,4,46,154
04/15/2006,PIA,IL,AGL,CE,Combined TRACON& Tower with Radar,10,34,4,0,48,0,0,38,1,39,10,34,42,1,87,60,0,60,147
04/16/2006,PIA,IL,AGL,CE,Combined TRACON& Tower with Radar,3,33,11,0,47,0,0,3,0,3,3,33,14,0,50,0,0,0,50
04/17/2006,PIA,IL,AGL,CE,Combined TRACON& Tower with Radar,1,36,23,7,67,0,3,7,5,15,1,39,30,12,82,0,0,0,82
04/18/2006,PIA,IL,AGL,CE,Combined TRACON& Tower with Radar,13,45,33,10,101,0,0,49,10,59,13,45,82,20,160,20,12,32,192
04/19/2006,PIA,IL,AGL,CE,Combined TRACON& Tower with Radar,11,48,24,5,88,0,13,27,22,62,11,61,51,27,150,38,8,46,196
04/20/2006,PIA,IL,AGL,CE,Combined TRACON& Tower with Radar,12,43,28,25,108,0,2,31,20,53,12,45,59,45,161,26,38,64,225
04/21/2006,PIA,IL,AGL,CE,Combined TRACON& Tower with Radar,14,43,28,0,85,0,0,21,5,26,14,43,49,5,111,4,4,8,119
04/22/2006,PIA,IL,AGL,CE,Combined TRACON& Tower with Radar,9,35,23,0,67,0,0,0,0,0,9,35,23,0,67,52,0,52,119
04/23/2006,PIA,IL,AGL,CE,Combined TRACON& Tower with Radar,2,33,32,0,67,0,0,62,0,62,2,33,94,0,129,92,0,92,221
04/24/2006,PIA,IL,AGL,CE,Combined TRACON& Tower with Radar,2,36,31,15,84,0,0,20,11,31,2,36,51,26,115,30,6,36,151
04/25/2006,PIA,IL,AGL,CE,Combined TRACON& Tower with Radar,11,47,39,2,99,0,0,8,10,18,11,47,47,12,117,10,6,16,133
04/26/2006,PIA,IL,AGL,CE,Combined TRACON& Tower with Radar,11,45,58,6,120,0,4,31,14,49,11,49,89,20,169,0,0,0,169
04/27/2006,PIA,IL,AGL,CE,Combined TRACON& Tower with Radar,12,50,34,15,111,0,0,26,14,40,12,50,60,29,151,26,52,78,229
04/28/2006,PIA,IL,AGL,CE,Combined TRACON& Tower with Radar,12,40,38,8,98,0,0,20,3,23,12,40,58,11,121,10,0,10,131
04/29/2006,PIA,IL,AGL,CE,Combined TRACON& Tower with Radar,9,33,25,0,67,0,1,4,2,7,9,34,29,2,74,26,2,28,102
04/30/2006,PIA,IL,AGL,CE,Combined TRACON& Tower with Radar,1,29,7,3,40,0,0,0,0,0,1,29,7,3,40,0,0,0,40
05/01/2006,PIA,IL,AGL,CE,Combined TRACON& Tower with Radar,2,45,30,2,79,0,0,5,0,5,2,45,35,2,84,0,4,4,88
05/02/2006,PIA,IL,AGL,CE,Combined TRACON& Tower with Radar,11,49,47,18,125,0,0,17,11,28,11,49,64,29,153,28,2,30,183
05/03/2006,PIA,IL,AGL,CE,Combined TRACON& Tower with Radar,11,34,32,0,77,0,0,29,3,32,11,34,61,3,109,50,0,50,159
05/04/2006,PIA,IL,AGL,CE,Combined TRACON& Tower with Radar,12,39,39,24,114,0,0,38,30,68,12,39,77,54,182,20,32,52,234
05/05/2006,PIA,IL,AGL,CE,Combined TRACON& Tower with Radar,12,44,31,5,92,0,0,19,44,63,12,44,50,49,155,12,0,12,167
05/06/2006,PIA,IL,AGL,CE,Combined TRACON& Tower with Radar,11,37,19,5,72,0,0,42,14,56,11,37,61,19,128,32,8,40,168
05/07/2006,PIA,IL,AGL,CE,Combined TRACON& Tower with Radar,1,38,21,3,63,0,3,37,0,40,1,41,58,3,103,28,0,28,131
05/08/2006,PIA,IL,AGL,CE,Combined TRACON& Tower with Radar,2,38,31,18,89,0,0,14,0,14,2,38,45,18,103,32,0,32,135
05/09/2006,PIA,IL,AGL,CE,Combined TRACON& Tower with Radar,11,43,32,17,103,0,0,5,18,23,11,43,37,35,126,0,24,24,150
05/10/2006,PIA,IL,AGL,CE,Combined TRACON& Tower with Radar,11,46,36,12,105,0,0,7,22,29,11,46,43,34,134,0,0,0,134
05/11/2006,PIA,IL,AGL,CE,Combined TRACON& Tower with Radar,12,35,28,21,96,0,0,15,22,37,12,35,43,43,133,14,32,46,179
05/12/2006,PIA,IL,AGL,CE,Combined TRACON& Tower with Radar,15,41,20,1,77,0,0,5,0,5,15,41,25,1,82,28,0,28,110
05/13/2006,PIA,IL,AGL,CE,Combined TRACON& Tower with Radar,9,36,29,0,74,0,0,2,0,2,9,36,31,0,76,0,0,0,76
05/14/2006,PIA,IL,AGL,CE,Combined TRACON& Tower with Radar,2,30,33,0,65,0,0,0,0,0,2,30,33,0,65,0,0,0,65
05/15/2006,PIA,IL,AGL,CE,Combined TRACON& Tower with Radar,4,38,37,10,89,0,0,5,6,11,4,38,42,16,100,2,10,12,112
05/16/2006,PIA,IL,AGL,CE,Combined TRACON& Tower with Radar,11,41,26,12,90,0,0,10,10,20,11,41,36,22,110,28,28,56,166
05/17/2006,PIA,IL,AGL,CE,Combined TRACON& Tower with Radar,13,46,27,4,90,0,10,30,28,68,13,56,57,32,158,8,22,30,188
05/18/2006,PIA,IL,AGL,CE,Combined TRACON& Tower with Radar,14,46,44,10,114,0,0,29,17,46,14,46,73,27,160,66,18,84,244
05/19/2006,PIA,IL,AGL,CE,Combined TRACON& Tower with Radar,12,51,33,2,98,0,1,41,9,51,12,52,74,11,149,0,12,12,161
05/20/2006,PIA,IL,AGL,CE,Combined TRACON& Tower with Radar,9,31,18,0,58,0,1,30,2,33,9,32,48,2,91,2,0,2,93
05/21/2006,PIA,IL,AGL,CE,Combined TRACON& Tower with Radar,1,35,25,3,64,0,9,48,5,62,1,44,73,8,126,32,0,32,158
05/22/2006,PIA,IL,AGL,CE,Combined TRACON& Tower with Radar,2,35,67,4,108,0,0,38,9,47,2,35,105,13,155,48,2,50,205
05/23/2006,PIA,IL,AGL,CE,Combined TRACON& Tower with Radar,12,42,51,11,116,0,0,40,14,54,12,42,91,25,170,6,0,6,176
05/24/2006,PIA,IL,AGL,CE,Combined TRACON& Tower with Radar,11,38,27,5,81,0,0,10,17,27,11,38,37,22,108,0,18,18,126
05/25/2006,PIA,IL,AGL,CE,Combined TRACON& Tower with Radar,15,42,37,11,105,0,0,13,16,29,15,42,50,27,134,0,28,28,162
05/26/2006,PIA,IL,AGL,CE,Combined TRACON& Tower with Radar,12,37,35,8,92,0,3,24,3,30,12,40,59,11,122,36,2,38,160
05/27/2006,PIA,IL,AGL,CE,Combined TRACON& Tower with Radar,9,35,11,0,55,0,0,20,0,20,9,35,31,0,75,20,0,20,95
05/28/2006,PIA,IL,AGL,CE,Combined TRACON& Tower with Radar,4,27,18,0,49,0,0,0,0,0,4,27,18,0,49,22,0,22,71
05/29/2006,PIA,IL,AGL,CE,Combined TRACON& Tower with Radar,6,37,7,0,50,0,0,21,1,22,6,37,28,1,72,16,0,16,88
05/30/2006,PIA,IL,AGL,CE,Combined TRACON& Tower with Radar,3,35,29,8,75,0,0,18,3,21,3,35,47,11,96,12,0,12,108
05/31/2006,PIA,IL,AGL,CE,Combined TRACON& Tower with Radar,15,49,29,5,98,0,0,13,1,14,15,49,42,6,112,4,0,4,116
06/01/2006,PIA,IL,AGL,CE,Combined TRACON& Tower with Radar,12,49,40,11,112,0,0,15,10,25,12,49,55,21,137,4,2,6,143
06/02/2006,PIA,IL,AGL,CE,Combined TRACON& Tower with Radar,12,48,41,5,106,0,0,27,2,29,12,48,68,7,135,0,6,6,141
06/03/2006,PIA,IL,AGL,CE,Combined TRACON& Tower with Radar,9,26,14,12,61,0,0,18,15,33,9,26,32,27,94,6,12,18,112
06/04/2006,PIA,IL,AGL,CE,Combined TRACON& Tower with Radar,2,33,14,2,51,0,0,0,0,0,2,33,14,2,51,6,4,10,61
06/05/2006,PIA,IL,AGL,CE,Combined TRACON& Tower with Radar,3,37,40,0,80,0,0,31,0,31,3,37,71,0,111,26,0,26,137
06/06/2006,PIA,IL,AGL,CE,Combined TRACON& Tower with Radar,10,39,48,4,101,0,0,15,1,16,10,39,63,5,117,32,0,32,149
06/07/2006,PIA,IL,AGL,CE,Combined TRACON& Tower with Radar,16,37,29,5,87,0,0,20,11,31,16,37,49,16,118,14,6,20,138
06/08/2006,PIA,IL,AGL,CE,Combined TRACON& Tower with Radar,13,39,34,3,89,0,0,28,18,46,13,39,62,21,135,4,12,16,151
06/09/2006,PIA,IL,AGL,CE,Combined TRACON& Tower with Radar,12,33,28,5,78,0,1,30,2,33,12,34,58,7,111,24,8,32,143
06/10/2006,PIA,IL,AGL,CE,Combined TRACON& Tower with Radar,11,41,22,3,77,0,2,6,0,8,11,43,28,3,85,8,2,10,95
06/11/2006,PIA,IL,AGL,CE,Combined TRACON& Tower with Radar,4,32,14,1,51,0,4,10,2,16,4,36,24,3,67,14,4,18,85
06/12/2006,PIA,IL,AGL,CE,Combined TRACON& Tower with Radar,2,41,28,7,78,0,1,26,17,44,2,42,54,24,122,24,0,24,146
06/13/2006,PIA,IL,AGL,CE,Combined TRACON& Tower with Radar,10,42,44,18,114,0,0,44,17,61,10,42,88,35,175,48,8,56,231
06/14/2006,PIA,IL,AGL,CE,Combined TRACON& Tower with Radar,10,40,46,7,103,0,0,25,15,40,10,40,71,22,143,24,8,32,175
06/15/2006,PIA,IL,AGL,CE,Combined TRACON& Tower with Radar,12,41,38,16,107,0,0,36,0,36,12,41,74,16,143,44,26,70,213
06/16/2006,PIA,IL,AGL,CE,Combined TRACON& Tower with Radar,12,38,32,18,100,0,1,34,6,41,12,39,66,24,141,22,6,28,169
06/17/2006,PIA,IL,AGL,CE,Combined TRACON& Tower with Radar,10,35,15,0,60,0,0,22,0,22,10,35,37,0,82,10,0,10,92
06/18/2006,PIA,IL,AGL,CE,Combined TRACON& Tower with Radar,2,29,18,0,49,0,1,19,1,21,2,30,37,1,70,0,0,0,70
06/19/2006,PIA,IL,AGL,CE,Combined TRACON& Tower with Radar,2,37,31,5,75,0,1,19,9,29,2,38,50,14,104,18,10,28,132
06/20/2006,PIA,IL,AGL,CE,Combined TRACON& Tower with Radar,11,38,31,12,92,0,0,23,11,34,11,38,54,23,126,18,18,36,162
06/21/2006,PIA,IL,AGL,CE,Combined TRACON& Tower with Radar,13,33,18,11,75,0,0,8,27,35,13,33,26,38,110,2,4,6,116
06/22/2006,PIA,IL,AGL,CE,Combined TRACON& Tower with Radar,12,33,37,6,88,0,0,26,25,51,12,33,63,31,139,52,10,62,201
06/23/2006,PIA,IL,AGL,CE,Combined TRACON& Tower with Radar,12,36,32,26,106,0,0,21,10,31,12,36,53,36,137,16,8,24,161
06/24/2006,PIA,IL,AGL,CE,Combined TRACON& Tower with Radar,10,30,12,0,52,0,0,38,2,40,10,30,50,2,92,2,0,2,94
06/25/2006,PIA,IL,AGL,CE,Combined TRACON& Tower with Radar,2,35,20,2,59,0,0,0,0,0,2,35,20,2,59,0,0,0,59
06/26/2006,PIA,IL,AGL,CE,Combined TRACON& Tower with Radar,1,47,23,6,77,0,0,3,10,13,1,47,26,16,90,0,8,8,98
06/27/2006,PIA,IL,AGL,CE,Combined TRACON& Tower with Radar,11,45,40,13,109,0,0,17,33,50,11,45,57,46,159,20,38,58,217
06/28/2006,PIA,IL,AGL,CE,Combined TRACON& Tower with Radar,13,40,31,7,91,0,0,0,0,0,13,40,31,7,91,2,14,16,107
06/29/2006,PIA,IL,AGL,CE,Combined TRACON& Tower with Radar,11,39,53,5,108,0,2,39,61,102,11,41,92,66,210,56,30,86,296
06/30/2006,PIA,IL,AGL,CE,Combined TRACON& Tower with Radar,12,38,45,0,95,0,0,36,4,40,12,38,81,4,135,84,0,84,219
07/01/2006,PIA,IL,AGL,CE,Combined TRACON& Tower with Radar,10,30,8,2,50,0,0,29,0,29,10,30,37,2,79,16,0,16,95
07/02/2006,PIA,IL,AGL,CE,Combined TRACON& Tower with Radar,2,29,18,0,49,0,0,24,0,24,2,29,42,0,73,42,0,42,115
07/03/2006,PIA,IL,AGL,CE,Combined TRACON& Tower with Radar,4,32,14,0,50,0,0,15,0,15,4,32,29,0,65,8,0,8,73
07/04/2006,PIA,IL,AGL,CE,Combined TRACON& Tower with Radar,5,34,22,0,61,0,2,20,0,22,5,36,42,0,83,16,0,16,99
07/05/2006,PIA,IL,AGL,CE,Combined TRACON& Tower with Radar,1,37,28,4,70,0,2,30,4,36,1,39,58,8,106,38,4,42,148
07/06/2006,PIA,IL,AGL,CE,Combined TRACON& Tower with Radar,12,38,36,27,113,0,0,57,43,100,12,38,93,70,213,56,32,88,301
07/07/2006,PIA,IL,AGL,CE,Combined TRACON& Tower with Radar,14,41,37,10,102,0,0,46,20,66,14,41,83,30,168,72,14,86,254
07/08/2006,PIA,IL,AGL,CE,Combined TRACON& Tower with Radar,10,33,25,0,68,0,0,47,0,47,10,33,72,0,115,30,0,30,145
07/09/2006,PIA,IL,AGL,CE,Combined TRACON& Tower with Radar,2,30,19,0,51,0,0,22,0,22,2,30,41,0,73,26,0,26,99
07/10/2006,PIA,IL,AGL,CE,Combined TRACON& Tower with Radar,2,38,12,42,94,0,0,23,9,32,2,38,35,51,126,60,10,70,196
07/11/2006,PIA,IL,AGL,CE,Combined TRACON& Tower with Radar,11,44,34,22,111,0,2,1,0,3,11,46,35,22,114,0,0,0,114
07/12/2006,PIA,IL,AGL,CE,Combined TRACON& Tower with Radar,11,39,52,15,117,0,0,8,33,41,11,39,60,48,158,6,18,24,182
07/13/2006,PIA,IL,AGL,CE,Combined TRACON& Tower with Radar,12,43,40,22,117,0,0,24,42,66,12,43,64,64,183,10,12,22,205
07/14/2006,PIA,IL,AGL,CE,Combined TRACON& Tower with Radar,12,39,42,2,95,0,0,22,0,22,12,39,64,2,117,0,0,0,117
07/15/2006,PIA,IL,AGL,CE,Combined TRACON& Tower with Radar,9,28,23,3,63,0,0,47,2,49,9,28,70,5,112,84,8,92,204
07/16/2006,PIA,IL,AGL,CE,Combined TRACON& Tower with Radar,2,30,20,8,60,0,0,26,1,27,2,30,46,9,87,16,0,16,103
07/17/2006,PIA,IL,AGL,CE,Combined TRACON& Tower with Radar,2,35,23,7,67,0,0,11,3,14,2,35,34,10,81,0,0,0,81
07/18/2006,PIA,IL,AGL,CE,Combined TRACON& Tower with Radar,11,43,33,19,106,0,2,22,8,32,11,45,55,27,138,26,20,46,184
07/19/2006,PIA,IL,AGL,CE,Combined TRACON& Tower with Radar,11,31,38,4,84,0,0,22,3,25,11,31,60,7,109,14,0,14,123
07/20/2006,PIA,IL,AGL,CE,Combined TRACON& Tower with Radar,12,37,44,7,100,0,0,33,11,44,12,37,77,18,144,36,0,36,180
07/21/2006,PIA,IL,AGL,CE,Combined TRACON& Tower with Radar,13,37,32,14,96,0,0,27,4,31,13,37,59,18,127,12,0,12,139
07/22/2006,PIA,IL,AGL,CE,Combined TRACON& Tower with Radar,12,32,19,3,66,0,0,83,4,87,12,32,102,7,153,0,8,8,161
07/23/2006,PIA,IL,AGL,CE,Combined TRACON& Tower with Radar,2,35,12,6,55,0,10,107,3,120,2,45,119,9,175,34,0,34,209
07/24/2006,PIA,IL,AGL,CE,Combined TRACON& Tower with Radar,2,35,27,23,87,0,0,39,7,46,2,35,66,30,133,46,10,56,189
07/25/2006,PIA,IL,AGL,CE,Combined TRACON& Tower with Radar,11,43,45,5,104,0,0,37,6,43,11,43,82,11,147,12,0,12,159
07/26/2006,PIA,IL,AGL,CE,Combined TRACON& Tower with Radar,11,43,42,6,102,0,0,11,1,12,11,43,53,7,114,26,0,26,140
07/27/2006,PIA,IL,AGL,CE,Combined TRACON& Tower with Radar,16,43,55,22,136,0,0,20,19,39,16,43,75,41,175,0,12,12,187
07/28/2006,PIA,IL,AGL,CE,Combined TRACON& Tower with Radar,12,43,29,3,87,0,0,36,0,36,12,43,65,3,123,26,0,26,149
07/29/2006,PIA,IL,AGL,CE,Combined TRACON& Tower with Radar,12,28,9,2,51,0,0,26,0,26,12,28,35,2,77,40,0,40,117
07/30/2006,PIA,IL,AGL,CE,Combined TRACON& Tower with Radar,2,39,22,2,65,0,0,22,0,22,2,39,44,2,87,10,0,10,97
07/31/2006,PIA,IL,AGL,CE,Combined TRACON& Tower with Radar,2,38,30,7,77,0,0,25,5,30,2,38,55,12,107,0,4,4,111
08/01/2006,PIA,IL,AGL,CE,Combined TRACON& Tower with Radar,13,39,43,11,106,0,0,25,23,48,13,39,68,34,154,4,16,20,174
08/02/2006,PIA,IL,AGL,CE,Combined TRACON& Tower with Radar,12,38,51,6,107,0,1,17,18,36,12,39,68,24,143,4,0,4,147
08/03/2006,PIA,IL,AGL,CE,Combined TRACON& Tower with Radar,20,46,38,27,131,0,0,19,15,34,20,46,57,42,165,10,42,52,217
08/04/2006,PIA,IL,AGL,CE,Combined TRACON& Tower with Radar,12,36,34,6,88,0,0,32,17,49,12,36,66,23,137,54,0,54,191
08/05/2006,PIA,IL,AGL,CE,Combined TRACON& Tower with Radar,10,32,8,1,51,0,0,44,3,47,10,32,52,4,98,36,0,36,134
08/06/2006,PIA,IL,AGL,CE,Combined TRACON& Tower with Radar,2,29,26,3,60,0,1,27,0,28,2,30,53,3,88,38,0,38,126
08/07/2006,PIA,IL,AGL,CE,Combined TRACON& Tower with Radar,2,34,32,15,83,0,0,17,0,17,2,34,49,15,100,24,0,24,124
08/08/2006,PIA,IL,AGL,CE,Combined TRACON& Tower with Radar,11,41,41,5,98,0,1,54,6,61,11,42,95,11,159,4,2,6,165
08/09/2006,PIA,IL,AGL,CE,Combined TRACON& Tower with Radar,11,36,49,9,105,0,3,10,9,22,11,39,59,18,127,0,20,20,147
08/10/2006,PIA,IL,AGL,CE,Combined TRACON& Tower with Radar,12,39,32,8,91,0,2,8,15,25,12,41,40,23,116,16,0,16,132
08/11/2006,PIA,IL,AGL,CE,Combined TRACON& Tower with Radar,12,40,54,6,112,0,0,12,0,12,12,40,66,6,124,0,0,0,124
08/12/2006,PIA,IL,AGL,CE,Combined TRACON& Tower with Radar,10,30,25,2,67,0,0,41,0,41,10,30,66,2,108,6,0,6,114
08/13/2006,PIA,IL,AGL,CE,Combined TRACON& Tower with Radar,2,30,26,5,63,0,0,0,0,0,2,30,26,5,63,30,2,32,95
08/14/2006,PIA,IL,AGL,CE,Combined TRACON& Tower with Radar,2,43,33,5,83,0,2,8,21,31,2,45,41,26,114,0,4,4,118
08/15/2006,PIA,IL,AGL,CE,Combined TRACON& Tower with Radar,11,37,53,6,107,0,1,36,8,45,11,38,89,14,152,14,8,22,174
08/16/2006,PIA,IL,AGL,CE,Combined TRACON& Tower with Radar,11,37,39,5,92,0,0,46,17,63,11,37,85,22,155,62,10,72,227
08/17/2006,PIA,IL,AGL,CE,Combined TRACON& Tower with Radar,12,43,43,24,122,0,2,51,32,85,12,45,94,56,207,24,36,60,267
08/18/2006,PIA,IL,AGL,CE,Combined TRACON& Tower with Radar,12,39,26,5,82,0,2,13,1,16,12,41,39,6,98,22,0,22,120
08/19/2006,PIA,IL,AGL,CE,Combined TRACON& Tower with Radar,10,35,21,1,67,0,0,24,0,24,10,35,45,1,91,38,0,38,129
08/20/2006,PIA,IL,AGL,CE,Combined TRACON& Tower with Radar,2,34,30,1,67,0,0,46,1,47,2,34,76,2,114,22,0,22,136
08/21/2006,PIA,IL,AGL,CE,Combined TRACON& Tower with Radar,2,35,39,13,89,0,0,0,0,0,2,35,39,13,89,8,0,8,97
08/22/2006,PIA,IL,AGL,CE,Combined TRACON& Tower with Radar,11,42,49,10,112,0,2,31,11,44,11,44,80,21,156,6,18,24,180
08/23/2006,PIA,IL,AGL,CE,Combined TRACON& Tower with Radar,11,36,41,6,94,0,0,24,13,37,11,36,65,19,131,22,4,26,157
08/24/2006,PIA,IL,AGL,CE,Combined TRACON& Tower with Radar,15,40,41,4,100,0,1,29,12,42,15,41,70,16,142,2,6,8,150
08/25/2006,PIA,IL,AGL,CE,Combined TRACON& Tower with Radar,12,37,28,15,92,0,0,21,5,26,12,37,49,20,118,0,20,20,138
08/26/2006,PIA,IL,AGL,CE,Combined TRACON& Tower with Radar,10,30,23,0,63,0,0,2,1,3,10,30,25,1,66,0,0,0,66
08/27/2006,PIA,IL,AGL,CE,Combined TRACON& Tower with Radar,2,30,37,3,72,0,0,6,0,6,2,30,43,3,78,18,0,18,96
08/28/2006,PIA,IL,AGL,CE,Combined TRACON& Tower with Radar,2,36,43,4,85,0,0,2,0,2,2,36,45,4,87,4,0,4,91
08/29/2006,PIA,IL,AGL,CE,Combined TRACON& Tower with Radar,11,43,29,22,105,0,0,9,20,29,11,43,38,42,134,0,16,16,150
08/30/2006,PIA,IL,AGL,CE,Combined TRACON& Tower with Radar,11,38,31,9,89,0,2,16,40,58,11,40,47,49,147,4,0,4,151
08/31/2006,PIA,IL,AGL,CE,Combined TRACON& Tower with Radar,12,43,42,13,110,0,0,37,18,55,12,43,79,31,165,32,12,44,209
09/01/2006,PIA,IL,AGL,CE,Combined TRACON& Tower with Radar,12,45,36,0,93,0,0,25,1,26,12,45,61,1,119,20,0,20,139
09/02/2006,PIA,IL,AGL,CE,Combined TRACON& Tower with Radar,11,30,7,0,48,0,0,28,0,28,11,30,35,0,76,20,0,20,96
09/03/2006,PIA,IL,AGL,CE,Combined TRACON& Tower with Radar,3,25,14,0,42,1,1,25,0,27,4,26,39,0,69,16,0,16,85
09/04/2006,PIA,IL,AGL,CE,Combined TRACON& Tower with Radar,2,35,16,0,53,0,0,21,1,22,2,35,37,1,75,4,2,6,81
09/05/2006,PIA,IL,AGL,CE,Combined TRACON& Tower with Radar,1,43,46,14,104,0,0,17,16,33,1,43,63,30,137,24,20,44,181
09/06/2006,PIA,IL,AGL,CE,Combined TRACON& Tower with Radar,11,42,53,22,128,0,0,20,11,31,11,42,73,33,159,2,38,40,199
09/07/2006,PIA,IL,AGL,CE,Combined TRACON& Tower with Radar,12,48,56,18,134,0,0,38,29,67,12,48,94,47,201,20,42,62,263
09/08/2006,PIA,IL,AGL,CE,Combined TRACON& Tower with Radar,12,39,31,2,84,0,0,60,9,69,12,39,91,11,153,56,8,64,217
09/09/2006,PIA,IL,AGL,CE,Combined TRACON& Tower with Radar,10,38,23,1,72,0,0,0,0,0,10,38,23,1,72,40,0,40,112
09/10/2006,PIA,IL,AGL,CE,Combined TRACON& Tower with Radar,2,31,28,7,68,0,0,12,4,16,2,31,40,11,84,18,0,18,102
09/11/2006,PIA,IL,AGL,CE,Combined TRACON& Tower with Radar,2,37,19,12,70,0,2,4,0,6,2,39,23,12,76,0,0,0,76
09/12/2006,PIA,IL,AGL,CE,Combined TRACON& Tower with Radar,13,37,50,16,116,0,0,1,4,5,13,37,51,20,121,0,16,16,137
09/13/2006,PIA,IL,AGL,CE,Combined TRACON& Tower with Radar,16,40,46,11,113,0,0,0,11,11,16,40,46,22,124,0,22,22,146
09/14/2006,PIA,IL,AGL,CE,Combined TRACON& Tower with Radar,14,46,26,10,96,0,14,22,12,48,14,60,48,22,144,8,34,42,186
09/15/2006,PIA,IL,AGL,CE,Combined TRACON& Tower with Radar,13,38,28,9,88,0,0,39,11,50,13,38,67,20,138,30,0,30,168
09/16/2006,PIA,IL,AGL,CE,Combined TRACON& Tower with Radar,12,33,19,10,74,0,0,0,0,0,12,33,19,10,74,62,0,62,136
09/17/2006,PIA,IL,AGL,CE,Combined TRACON& Tower with Radar,2,31,15,1,49,0,0,10,2,12,2,31,25,3,61,0,0,0,61
09/18/2006,PIA,IL,AGL,CE,Combined TRACON& Tower with Radar,6,36,21,2,65,0,0,13,3,16,6,36,34,5,81,0,0,0,81
09/19/2006,PIA,IL,AGL,CE,Combined TRACON& Tower with Radar,17,38,45,17,117,0,0,21,23,44,17,38,66,40,161,6,12,18,179
09/20/2006,PIA,IL,AGL,CE,Combined TRACON& Tower with Radar,16,37,34,2,89,0,0,31,24,55,16,37,65,26,144,10,8,18,162
09/21/2006,PIA,IL,AGL,CE,Combined TRACON& Tower with Radar,12,39,35,11,97,0,0,12,10,22,12,39,47,21,119,20,0,20,139
09/22/2006,PIA,IL,AGL,CE,Combined TRACON& Tower with Radar,16,31,25,23,95,0,0,9,22,31,16,31,34,45,126,0,24,24,150
09/23/2006,PIA,IL,AGL,CE,Combined TRACON& Tower with Radar,10,34,12,0,56,0,0,2,4,6,10,34,14,4,62,0,2,2,64
09/24/2006,PIA,IL,AGL,CE,Combined TRACON& Tower with Radar,2,36,29,0,67,0,0,18,2,20,2,36,47,2,87,14,0,14,101
09/25/2006,PIA,IL,AGL,CE,Combined TRACON& Tower with Radar,2,42,35,9,88,0,0,40,18,58,2,42,75,27,146,30,10,40,186
09/26/2006,PIA,IL,AGL,CE,Combined TRACON& Tower with Radar,14,37,38,13,102,0,2,25,27,54,14,39,63,40,156,18,32,50,206
09/27/2006,PIA,IL,AGL,CE,Combined TRACON& Tower with Radar,14,38,45,5,102,0,2,36,31,69,14,40,81,36,171,52,28,80,251
09/28/2006,PIA,IL,AGL,CE,Combined TRACON& Tower with Radar,15,40,33,12,100,0,1,23,16,40,15,41,56,28,140,6,18,24,164
09/29/2006,PIA,IL,AGL,CE,Combined TRACON& Tower with Radar,14,36,34,1,85,0,0,0,0,0,14,36,34,1,85,12,4,16,101
09/30/2006,PIA,IL,AGL,CE,Combined TRACON& Tower with Radar,12,30,25,0,67,0,3,27,0,30,12,33,52,0,97,28,6,34,131
10/01/2006,PIA,IL,AGL,CE,Combined TRACON& Tower with Radar,2,29,48,1,80,0,0,33,0,33,2,29,81,1,113,6,0,6,119
10/02/2006,PIA,IL,AGL,CE,Combined TRACON& Tower with Radar,21,31,19,8,79,0,0,18,16,34,21,31,37,24,113,0,12,12,125
10/03/2006,PIA,IL,AGL,CE,Combined TRACON& Tower with Radar,15,39,44,23,121,10,2,13,13,38,25,41,57,36,159,0,14,14,173
10/04/2006,PIA,IL,AGL,CE,Combined TRACON& Tower with Radar,16,34,40,5,95,0,0,6,33,39,16,34,46,38,134,4,22,26,160
10/05/2006,PIA,IL,AGL,CE,Combined TRACON& Tower with Radar,13,41,54,20,128,0,0,16,14,30,13,41,70,34,158,20,56,76,234
10/06/2006,PIA,IL,AGL,CE,Combined TRACON& Tower with Radar,16,41,44,1,102,0,1,44,3,48,16,42,88,4,150,12,0,12,162
10/07/2006,PIA,IL,AGL,CE,Combined TRACON& Tower with Radar,12,30,51,1,94,0,3,63,0,66,12,33,114,1,160,54,0,54,214
10/08/2006,PIA,IL,AGL,CE,Combined TRACON& Tower with Radar,2,30,48,0,80,0,0,42,0,42,2,30,90,0,122,56,0,56,178
10/09/2006,PIA,IL,AGL,CE,Combined TRACON& Tower with Radar,3,34,22,0,59,0,0,45,2,47,3,34,67,2,106,48,0,48,154
10/10/2006,PIA,IL,AGL,CE,Combined TRACON& Tower with Radar,12,41,33,33,119,0,0,14,35,49,12,41,47,68,168,0,12,12,180
10/11/2006,PIA,IL,AGL,CE,Combined TRACON& Tower with Radar,16,29,30,3,78,0,0,5,4,9,16,29,35,7,87,0,0,0,87
10/12/2006,PIA,IL,AGL,CE,Combined TRACON& Tower with Radar,16,35,45,26,122,0,0,13,11,24,16,35,58,37,146,40,0,40,186
10/13/2006,PIA,IL,AGL,CE,Combined TRACON& Tower with Radar,13,34,29,14,90,0,0,16,14,30,13,34,45,28,120,10,0,10,130
10/14/2006,PIA,IL,AGL,CE,Combined TRACON& Tower with Radar,12,28,18,0,58,0,0,31,9,40,12,28,49,9,98,6,0,6,104
10/15/2006,PIA,IL,AGL,CE,Combined TRACON& Tower with Radar,3,32,25,2,62,0,0,29,0,29,3,32,54,2,91,42,0,42,133
10/16/2006,PIA,IL,AGL,CE,Combined TRACON& Tower with Radar,4,30,57,8,99,0,0,4,0,4,4,30,61,8,103,0,0,0,103
10/17/2006,PIA,IL,AGL,CE,Combined TRACON& Tower with Radar,17,44,54,67,182,0,0,13,32,45,17,44,67,99,227,6,72,78,305
10/18/2006,PIA,IL,AGL,CE,Combined TRACON& Tower with Radar,14,33,52,31,130,0,0,2,10,12,14,33,54,41,142,0,10,10,152
10/19/2006,PIA,IL,AGL,CE,Combined TRACON& Tower with Radar,13,41,43,0,97,0,0,13,6,19,13,41,56,6,116,4,0,4,120
10/20/2006,PIA,IL,AGL,CE,Combined TRACON& Tower with Radar,15,36,46,0,97,0,0,41,0,41,15,36,87,0,138,46,0,46,184
10/21/2006,PIA,IL,AGL,CE,Combined TRACON& Tower with Radar,11,32,28,0,71,0,0,16,0,16,11,32,44,0,87,0,0,0,87
10/22/2006,PIA,IL,AGL,CE,Combined TRACON& Tower with Radar,2,36,31,3,72,0,0,10,0,10,2,36,41,3,82,0,0,0,82
10/23/2006,PIA,IL,AGL,CE,Combined TRACON& Tower with Radar,2,47,35,6,90,0,0,3,1,4,2,47,38,7,94,0,0,0,94
10/24/2006,PIA,IL,AGL,CE,Combined TRACON& Tower with Radar,16,36,51,21,124,0,1,26,8,35,16,37,77,29,159,6,16,22,181
10/25/2006,PIA,IL,AGL,CE,Combined TRACON& Tower with Radar,16,36,36,4,92,0,0,15,0,15,16,36,51,4,107,0,0,0,107
10/26/2006,PIA,IL,AGL,CE,Combined TRACON& Tower with Radar,16,32,35,0,83,0,0,0,0,0,16,32,35,0,83,0,0,0,83
10/27/2006,PIA,IL,AGL,CE,Combined TRACON& Tower with Radar,19,45,40,2,106,0,0,0,0,0,19,45,40,2,106,0,0,0,106
10/28/2006,PIA,IL,AGL,CE,Combined TRACON& Tower with Radar,10,33,12,5,60,0,0,17,3,20,10,33,29,8,80,8,0,8,88
10/29/2006,PIA,IL,AGL,CE,Combined TRACON& Tower with Radar,3,29,31,11,74,0,2,42,0,44,3,31,73,11,118,30,0,30,148
10/30/2006,PIA,IL,AGL,CE,Combined TRACON& Tower with Radar,6,31,19,0,56,0,0,8,2,10,6,31,27,2,66,0,0,0,66
10/31/2006,PIA,IL,AGL,CE,Combined TRACON& Tower with Radar,15,37,38,19,109,0,0,21,8,29,15,37,59,27,138,8,20,28,166
11/01/2006,PIA,IL,AGL,CE,Combined TRACON& Tower with Radar,15,36,46,14,111,0,0,34,25,59,15,36,80,39,170,26,0,26,196
11/02/2006,PIA,IL,AGL,CE,Combined TRACON& Tower with Radar,15,47,34,31,127,0,3,27,14,44,15,50,61,45,171,46,90,136,307
11/03/2006,PIA,IL,AGL,CE,Combined TRACON& Tower with Radar,14,38,40,15,107,0,0,40,8,48,14,38,80,23,155,18,0,18,173
11/04/2006,PIA,IL,AGL,CE,Combined TRACON& Tower with Radar,11,31,3,1,46,0,2,10,17,29,11,33,13,18,75,16,14,30,105
11/05/2006,PIA,IL,AGL,CE,Combined TRACON& Tower with Radar,2,30,20,6,58,0,0,29,1,30,2,30,49,7,88,20,0,20,108
11/06/2006,PIA,IL,AGL,CE,Combined TRACON& Tower with Radar,4,32,20,7,63,0,0,14,17,31,4,32,34,24,94,4,6,10,104
11/07/2006,PIA,IL,AGL,CE,Combined TRACON& Tower with Radar,14,42,29,29,114,0,0,8,12,20,14,42,37,41,134,8,28,36,170
11/08/2006,PIA,IL,AGL,CE,Combined TRACON& Tower with Radar,14,41,40,1,96,0,0,19,2,21,14,41,59,3,117,6,0,6,123
11/09/2006,PIA,IL,AGL,CE,Combined TRACON& Tower with Radar,14,30,33,4,81,0,1,36,9,46,14,31,69,13,127,32,0,32,159
11/10/2006,PIA,IL,AGL,CE,Combined TRACON& Tower with Radar,18,33,36,0,87,0,0,6,2,8,18,33,42,2,95,24,0,24,119
11/11/2006,PIA,IL,AGL,CE,Combined TRACON& Tower with Radar,10,31,16,0,57,0,0,9,0,9,10,31,25,0,66,6,0,6,72
11/12/2006,PIA,IL,AGL,CE,Combined TRACON& Tower with Radar,3,28,22,0,53,0,0,75,1,76,3,28,97,1,129,32,0,32,161
11/13/2006,PIA,IL,AGL,CE,Combined TRACON& Tower with Radar,3,47,29,3,82,0,0,5,0,5,3,47,34,3,87,0,0,0,87
11/14/2006,PIA,IL,AGL,CE,Combined TRACON& Tower with Radar,12,48,44,7,111,0,0,1,3,4,12,48,45,10,115,0,0,0,115
11/15/2006,PIA,IL,AGL,CE,Combined TRACON& Tower with Radar,12,39,23,6,80,0,0,1,0,1,12,39,24,6,81,0,0,0,81
11/16/2006,PIA,IL,AGL,CE,Combined TRACON& Tower with Radar,13,40,49,36,138,0,1,12,17,30,13,41,61,53,168,0,42,42,210
11/17/2006,PIA,IL,AGL,CE,Combined TRACON& Tower with Radar,18,41,44,17,120,0,1,18,10,29,18,42,62,27,149,28,4,32,181
11/18/2006,PIA,IL,AGL,CE,Combined TRACON& Tower with Radar,13,36,25,4,78,0,0,32,2,34,13,36,57,6,112,56,0,56,168
11/19/2006,PIA,IL,AGL,CE,Combined TRACON& Tower with Radar,4,30,20,4,58,0,0,26,3,29,4,30,46,7,87,14,0,14,101
11/20/2006,PIA,IL,AGL,CE,Combined TRACON& Tower with Radar,10,37,24,10,81,0,1,25,18,44,10,38,49,28,125,12,10,22,147
11/21/2006,PIA,IL,AGL,CE,Combined TRACON& Tower with Radar,18,42,40,7,107,0,0,30,10,40,18,42,70,17,147,8,12,20,167
11/22/2006,PIA,IL,AGL,CE,Combined TRACON& Tower with Radar,14,36,17,2,69,0,29,51,4,84,14,65,68,6,153,0,0,0,153
11/23/2006,PIA,IL,AGL,CE,Combined TRACON& Tower with Radar,10,33,9,1,53,0,0,20,0,20,10,33,29,1,73,8,0,8,81
11/24/2006,PIA,IL,AGL,CE,Combined TRACON& Tower with Radar,8,26,12,0,46,0,0,38,0,38,8,26,50,0,84,58,0,58,142
11/25/2006,PIA,IL,AGL,CE,Combined TRACON& Tower with Radar,14,31,17,0,62,0,0,25,0,25,14,31,42,0,87,42,0,42,129
11/26/2006,PIA,IL,AGL,CE,Combined TRACON& Tower with Radar,2,35,15,2,54,0,2,26,0,28,2,37,41,2,82,16,0,16,98
11/27/2006,PIA,IL,AGL,CE,Combined TRACON& Tower with Radar,2,37,28,17,84,0,0,20,10,30,2,37,48,27,114,20,30,50,164
11/28/2006,PIA,IL,AGL,CE,Combined TRACON& Tower with Radar,14,39,25,21,99,0,0,12,32,44,14,39,37,53,143,0,14,14,157
11/29/2006,PIA,IL,AGL,CE,Combined TRACON& Tower with Radar,12,35,24,0,71,0,0,1,0,1,12,35,25,0,72,0,0,0,72
11/30/2006,PIA,IL,AGL,CE,Combined TRACON& Tower with Radar,12,44,27,0,83,0,0,0,0,0,12,44,27,0,83,0,0,0,83
12/01/2006,PIA,IL,AGL,CE,Combined TRACON& Tower with Radar,4,7,5,0,16,0,0,1,0,1,4,7,6,0,17,2,0,2,19
12/02/2006,PIA,IL,AGL,CE,Combined TRACON& Tower with Radar,8,25,19,0,52,0,0,8,2,10,8,25,27,2,62,0,0,0,62
12/03/2006,PIA,IL,AGL,CE,Combined TRACON& Tower with Radar,4,27,7,2,40,0,3,15,0,18,4,30,22,2,58,0,0,0,58
12/04/2006,PIA,IL,AGL,CE,Combined TRACON& Tower with Radar,4,36,41,11,92,0,0,9,20,29,4,36,50,31,121,2,4,6,127
12/05/2006,PIA,IL,AGL,CE,Combined TRACON& Tower with Radar,12,50,24,17,103,0,0,17,17,34,12,50,41,34,137,0,28,28,165
12/06/2006,PIA,IL,AGL,CE,Combined TRACON& Tower with Radar,12,43,40,13,108,0,4,10,34,48,12,47,50,47,156,0,28,28,184
12/07/2006,PIA,IL,AGL,CE,Combined TRACON& Tower with Radar,15,38,37,20,110,0,0,9,18,27,15,38,46,38,137,4,46,50,187
12/08/2006,PIA,IL,AGL,CE,Combined TRACON& Tower with Radar,15,38,31,12,96,0,0,11,4,15,15,38,42,16,111,0,12,12,123
12/09/2006,PIA,IL,AGL,CE,Combined TRACON& Tower with Radar,9,29,39,2,79,0,1,31,1,33,9,30,70,3,112,20,0,20,132
12/10/2006,PIA,IL,AGL,CE,Combined TRACON& Tower with Radar,3,27,22,0,52,0,0,33,2,35,3,27,55,2,87,38,0,38,125
12/11/2006,PIA,IL,AGL,CE,Combined TRACON& Tower with Radar,2,36,38,8,84,0,0,1,0,1,2,36,39,8,85,0,0,0,85
12/12/2006,PIA,IL,AGL,CE,Combined TRACON& Tower with Radar,17,32,38,12,99,0,0,1,18,19,17,32,39,30,118,2,0,2,120
12/13/2006,PIA,IL,AGL,CE,Combined TRACON& Tower with Radar,14,44,39,21,118,0,0,42,30,72,14,44,81,51,190,28,14,42,232
12/14/2006,PIA,IL,AGL,CE,Combined TRACON& Tower with Radar,14,41,38,17,110,0,0,25,23,48,14,41,63,40,158,30,26,56,214
12/15/2006,PIA,IL,AGL,CE,Combined TRACON& Tower with Radar,12,47,34,3,96,0,8,27,2,37,12,55,61,5,133,34,0,34,167
12/16/2006,PIA,IL,AGL,CE,Combined TRACON& Tower with Radar,13,29,11,0,53,0,0,2,0,2,13,29,13,0,55,0,0,0,55
12/17/2006,PIA,IL,AGL,CE,Combined TRACON& Tower with Radar,3,29,11,2,45,0,0,22,0,22,3,29,33,2,67,18,0,18,85
12/18/2006,PIA,IL,AGL,CE,Combined TRACON& Tower with Radar,2,43,9,11,65,0,0,15,40,55,2,43,24,51,120,6,28,34,154
12/19/2006,PIA,IL,AGL,CE,Combined TRACON& Tower with Radar,12,44,25,21,102,0,0,25,27,52,12,44,50,48,154,14,16,30,184
12/20/2006,PIA,IL,AGL,CE,Combined TRACON& Tower with Radar,15,39,34,10,98,0,0,4,9,13,15,39,38,19,111,0,0,0,111
12/21/2006,PIA,IL,AGL,CE,Combined TRACON& Tower with Radar,13,26,29,0,68,0,0,0,0,0,13,26,29,0,68,0,0,0,68
12/22/2006,PIA,IL,AGL,CE,Combined TRACON& Tower with Radar,6,26,23,2,57,0,2,1,0,3,6,28,24,2,60,0,0,0,60
12/23/2006,PIA,IL,AGL,CE,Combined TRACON& Tower with Radar,15,31,17,0,63,0,0,20,0,20,15,31,37,0,83,40,0,40,123
12/24/2006,PIA,IL,AGL,CE,Combined TRACON& Tower with Radar,1,30,21,0,52,0,0,8,0,8,1,30,29,0,60,8,0,8,68
12/25/2006,PIA,IL,AGL,CE,Combined TRACON& Tower with Radar,3,29,5,0,37,0,0,1,0,1,3,29,6,0,38,0,0,0,38
12/26/2006,PIA,IL,AGL,CE,Combined TRACON& Tower with Radar,4,35,21,1,61,0,0,16,3,19,4,35,37,4,80,6,0,6,86
12/27/2006,PIA,IL,AGL,CE,Combined TRACON& Tower with Radar,18,35,14,6,73,0,0,35,1,36,18,35,49,7,109,6,0,6,115
12/28/2006,PIA,IL,AGL,CE,Combined TRACON& Tower with Radar,18,42,23,3,86,0,0,28,2,30,18,42,51,5,116,32,6,38,154
12/29/2006,PIA,IL,AGL,CE,Combined TRACON& Tower with Radar,21,42,19,0,82,0,0,18,0,18,21,42,37,0,100,12,0,12,112
12/30/2006,PIA,IL,AGL,CE,Combined TRACON& Tower with Radar,19,25,6,0,50,0,3,15,0,18,19,28,21,0,68,6,0,6,74
12/31/2006,PIA,IL,AGL,CE,Combined TRACON& Tower with Radar,3,22,7,0,32,0,0,2,0,2,3,22,9,0,34,2,0,2,36
01/01/2007,PIA,IL,AGL,CE,Combined TRACON& Tower with Radar,3,28,21,0,52,0,0,5,0,5,3,28,26,0,57,10,0,10,67
01/02/2007,PIA,IL,AGL,CE,Combined TRACON& Tower with Radar,6,37,26,0,69,0,0,27,6,33,6,37,53,6,102,0,0,0,102
01/03/2007,PIA,IL,AGL,CE,Combined TRACON& Tower with Radar,18,43,40,6,107,0,0,12,4,16,18,43,52,10,123,0,0,0,123
01/04/2007,PIA,IL,AGL,CE,Combined TRACON& Tower with Radar,15,41,25,2,83,0,0,0,0,0,15,41,25,2,83,22,0,22,105
01/05/2007,PIA,IL,AGL,CE,Combined TRACON& Tower with Radar,17,43,27,3,90,0,0,3,0,3,17,43,30,3,93,0,0,0,93
01/06/2007,PIA,IL,AGL,CE,Combined TRACON& Tower with Radar,18,30,27,12,87,0,0,25,16,41,18,30,52,28,128,14,0,14,142
01/07/2007,PIA,IL,AGL,CE,Combined TRACON& Tower with Radar,3,34,19,7,63,0,0,5,15,20,3,34,24,22,83,0,4,4,87
01/08/2007,PIA,IL,AGL,CE,Combined TRACON& Tower with Radar,4,56,16,26,102,0,0,17,28,45,4,56,33,54,147,8,30,38,185
01/09/2007,PIA,IL,AGL,CE,Combined TRACON& Tower with Radar,16,38,29,10,93,0,0,7,18,25,16,38,36,28,118,12,16,28,146
01/10/2007,PIA,IL,AGL,CE,Combined TRACON& Tower with Radar,16,44,36,15,111,0,3,61,10,74,16,47,97,25,185,2,12,14,199
01/11/2007,PIA,IL,AGL,CE,Combined TRACON& Tower with Radar,13,40,30,0,83,0,0,14,7,21,13,40,44,7,104,0,2,2,106
01/12/2007,PIA,IL,AGL,CE,Combined TRACON& Tower with Radar,13,27,33,0,73,0,0,0,0,0,13,27,33,0,73,0,0,0,73
01/13/2007,PIA,IL,AGL,CE,Combined TRACON& Tower with Radar,10,24,3,0,37,0,0,0,0,0,10,24,3,0,37,0,0,0,37
01/14/2007,PIA,IL,AGL,CE,Combined TRACON& Tower with Radar,4,26,6,0,36,0,0,0,0,0,4,26,6,0,36,0,0,0,36
01/15/2007,PIA,IL,AGL,CE,Combined TRACON& Tower with Radar,2,33,12,1,48,0,0,2,0,2,2,33,14,1,50,0,0,0,50
01/16/2007,PIA,IL,AGL,CE,Combined TRACON& Tower with Radar,12,42,51,4,109,0,1,11,23,35,12,43,62,27,144,4,6,10,154
01/17/2007,PIA,IL,AGL,CE,Combined TRACON& Tower with Radar,17,37,30,22,106,0,2,6,7,15,17,39,36,29,121,4,6,10,131
01/18/2007,PIA,IL,AGL,CE,Combined TRACON& Tower with Radar,11,36,20,6,73,0,0,3,26,29,11,36,23,32,102,8,18,26,128
01/19/2007,PIA,IL,AGL,CE,Combined TRACON& Tower with Radar,14,38,19,4,75,0,0,19,2,21,14,38,38,6,96,22,0,22,118
01/20/2007,PIA,IL,AGL,CE,Combined TRACON& Tower with Radar,13,29,21,0,63,0,0,31,0,31,13,29,52,0,94,27,0,27,121
01/21/2007,PIA,IL,AGL,CE,Combined TRACON& Tower with Radar,1,23,7,0,31,0,0,2,0,2,1,23,9,0,33,0,0,0,33
01/22/2007,PIA,IL,AGL,CE,Combined TRACON& Tower with Radar,2,39,27,10,78,0,0,18,0,18,2,39,45,10,96,0,20,20,116
01/23/2007,PIA,IL,AGL,CE,Combined TRACON& Tower with Radar,15,38,30,11,94,0,2,8,10,20,15,40,38,21,114,0,18,18,132
01/24/2007,PIA,IL,AGL,CE,Combined TRACON& Tower with Radar,14,40,44,10,108,0,0,2,0,2,14,40,46,10,110,0,0,0,110
01/25/2007,PIA,IL,AGL,CE,Combined TRACON& Tower with Radar,13,43,35,7,98,0,0,17,12,29,13,43,52,19,127,0,0,0,127
01/26/2007,PIA,IL,AGL,CE,Combined TRACON& Tower with Radar,13,37,23,5,78,0,0,20,3,23,13,37,43,8,101,20,0,20,121
01/27/2007,PIA,IL,AGL,CE,Combined TRACON& Tower with Radar,14,26,26,0,66,0,0,22,4,26,14,26,48,4,92,26,0,26,118
01/28/2007,PIA,IL,AGL,CE,Combined TRACON& Tower with Radar,2,31,34,0,67,0,0,0,0,0,2,31,34,0,67,0,0,0,67
01/29/2007,PIA,IL,AGL,CE,Combined TRACON& Tower with Radar,4,35,28,9,76,0,0,4,3,7,4,35,32,12,83,4,16,20,103
01/30/2007,PIA,IL,AGL,CE,Combined TRACON& Tower with Radar,14,44,22,4,84,0,2,3,10,15,14,46,25,14,99,0,0,0,99
01/31/2007,PIA,IL,AGL,CE,Combined TRACON& Tower with Radar,13,43,19,15,90,0,0,18,24,42,13,43,37,39,132,26,26,52,184
02/01/2007,PIA,IL,AGL,CE,Combined TRACON& Tower with Radar,14,35,38,3,90,0,0,9,2,11,14,35,47,5,101,10,0,10,111
02/02/2007,PIA,IL,AGL,CE,Combined TRACON& Tower with Radar,18,36,24,3,81,0,2,9,8,19,18,38,33,11,100,10,2,12,112
02/03/2007,PIA,IL,AGL,CE,Combined TRACON& Tower with Radar,14,28,7,4,53,0,0,0,0,0,14,28,7,4,53,2,2,4,57
02/04/2007,PIA,IL,AGL,CE,Combined TRACON& Tower with Radar,2,41,4,0,47,0,0,2,0,2,2,41,6,0,49,0,0,0,49
02/05/2007,PIA,IL,AGL,CE,Combined TRACON& Tower with Radar,5,63,21,15,104,0,0,1,12,13,5,63,22,27,117,0,14,14,131
02/06/2007,PIA,IL,AGL,CE,Combined TRACON& Tower with Radar,12,28,15,0,55,0,0,0,0,0,12,28,15,0,55,0,0,0,55
02/07/2007,PIA,IL,AGL,CE,Combined TRACON& Tower with Radar,18,45,29,7,99,0,0,16,24,40,18,45,45,31,139,26,16,42,181
02/08/2007,PIA,IL,AGL,CE,Combined TRACON& Tower with Radar,18,36,41,8,103,0,0,23,29,52,18,36,64,37,155,26,8,34,189
02/09/2007,PIA,IL,AGL,CE,Combined TRACON& Tower with Radar,21,44,33,0,98,0,0,12,4,16,21,44,45,4,114,2,4,6,120
02/10/2007,PIA,IL,AGL,CE,Combined TRACON& Tower with Radar,14,30,26,0,70,0,0,35,0,35,14,30,61,0,105,50,0,50,155
02/11/2007,PIA,IL,AGL,CE,Combined TRACON& Tower with Radar,4,34,25,0,63,0,0,22,0,22,4,34,47,0,85,16,0,16,101
02/12/2007,PIA,IL,AGL,CE,Combined TRACON& Tower with Radar,8,40,32,13,93,0,0,5,21,26,8,40,37,34,119,0,14,14,133
02/13/2007,PIA,IL,AGL,CE,Combined TRACON& Tower with Radar,18,10,6,0,34,0,0,0,0,0,18,10,6,0,34,0,0,0,34
02/14/2007,PIA,IL,AGL,CE,Combined TRACON& Tower with Radar,18,32,16,0,66,0,2,15,5,22,18,34,31,5,88,12,4,16,104
02/15/2007,PIA,IL,AGL,CE,Combined TRACON& Tower with Radar,21,41,32,3,97,0,3,20,3,26,21,44,52,6,123,8,0,8,131
02/16/2007,PIA,IL,AGL,CE,Combined TRACON& Tower with Radar,24,40,21,5,90,0,0,6,4,10,24,40,27,9,100,4,4,8,108
02/17/2007,PIA,IL,AGL,CE,Combined TRACON& Tower with Radar,15,32,6,0,53,0,0,3,0,3,15,32,9,0,56,0,0,0,56
02/18/2007,PIA,IL,AGL,CE,Combined TRACON& Tower with Radar,3,31,16,0,50,0,0,7,2,9,3,31,23,2,59,0,0,0,59
02/19/2007,PIA,IL,AGL,CE,Combined TRACON& Tower with Radar,15,38,17,0,70,0,2,2,0,4,15,40,19,0,74,0,0,0,74
02/20/2007,PIA,IL,AGL,CE,Combined TRACON& Tower with Radar,16,38,23,7,84,0,0,7,6,13,16,38,30,13,97,0,12,12,109
02/21/2007,PIA,IL,AGL,CE,Combined TRACON& Tower with Radar,28,38,33,0,99,0,2,22,20,44,28,40,55,20,143,0,0,0,143
02/22/2007,PIA,IL,AGL,CE,Combined TRACON& Tower with Radar,24,38,43,37,142,0,0,23,24,47,24,38,66,61,189,26,22,48,237
02/23/2007,PIA,IL,AGL,CE,Combined TRACON& Tower with Radar,18,39,19,5,81,0,0,42,3,45,18,39,61,8,126,4,0,4,130
02/24/2007,PIA,IL,AGL,CE,Combined TRACON& Tower with Radar,18,16,9,0,43,0,0,1,0,1,18,16,10,0,44,0,0,0,44
02/25/2007,PIA,IL,AGL,CE,Combined TRACON& Tower with Radar,6,24,18,3,51,0,0,0,0,0,6,24,18,3,51,0,0,0,51
02/26/2007,PIA,IL,AGL,CE,Combined TRACON& Tower with Radar,9,31,31,12,83,0,0,15,28,43,9,31,46,40,126,30,34,64,190
02/27/2007,PIA,IL,AGL,CE,Combined TRACON& Tower with Radar,22,45,28,8,103,0,0,15,5,20,22,45,43,13,123,50,7,57,180
02/28/2007,PIA,IL,AGL,CE,Combined TRACON& Tower with Radar,23,36,25,10,94,0,2,4,28,34,23,38,29,38,128,8,36,44,172
03/01/2007,PIA,IL,AGL,CE,Combined TRACON& Tower with Radar,28,26,16,13,83,0,0,2,2,4,28,26,18,15,87,0,6,6,93
03/02/2007,PIA,IL,AGL,CE,Combined TRACON& Tower with Radar,18,31,21,0,70,0,0,0,0,0,18,31,21,0,70,0,0,0,70
03/03/2007,PIA,IL,AGL,CE,Combined TRACON& Tower with Radar,14,26,16,5,61,0,0,3,0,3,14,26,19,5,64,0,0,0,64
03/04/2007,PIA,IL,AGL,CE,Combined TRACON& Tower with Radar,6,32,25,4,67,0,0,25,6,31,6,32,50,10,98,18,12,30,128
03/05/2007,PIA,IL,AGL,CE,Combined TRACON& Tower with Radar,12,32,40,3,87,0,0,22,14,36,12,32,62,17,123,32,6,38,161
03/06/2007,PIA,IL,AGL,CE,Combined TRACON& Tower with Radar,18,37,35,10,100,0,1,30,26,57,18,38,65,36,157,56,12,68,225
03/07/2007,PIA,IL,AGL,CE,Combined TRACON& Tower with Radar,18,37,33,18,106,0,0,21,17,38,18,37,54,35,144,40,18,58,202
03/08/2007,PIA,IL,AGL,CE,Combined TRACON& Tower with Radar,18,33,50,8,109,0,3,24,9,36,18,36,74,17,145,6,14,20,165
03/09/2007,PIA,IL,AGL,CE,Combined TRACON& Tower with Radar,16,35,24,5,80,0,0,3,2,5,16,35,27,7,85,0,0,0,85
03/10/2007,PIA,IL,AGL,CE,Combined TRACON& Tower with Radar,14,31,28,1,74,0,0,0,0,0,14,31,28,1,74,46,0,46,120
03/11/2007,PIA,IL,AGL,CE,Combined TRACON& Tower with Radar,6,28,15,0,49,0,5,18,0,23,6,33,33,0,72,36,0,36,108
03/12/2007,PIA,IL,AGL,CE,Combined TRACON& Tower with Radar,8,42,22,6,78,0,0,32,12,44,8,42,54,18,122,0,12,12,134
03/13/2007,PIA,IL,AGL,CE,Combined TRACON& Tower with Radar,17,40,17,10,84,0,0,20,10,30,17,40,37,20,114,12,14,26,140
03/14/2007,PIA,IL,AGL,CE,Combined TRACON& Tower with Radar,22,25,22,8,77,0,0,8,32,40,22,25,30,40,117,38,0,38,155
03/15/2007,PIA,IL,AGL,CE,Combined TRACON& Tower with Radar,18,39,32,3,92,0,0,9,17,26,18,39,41,20,118,20,6,26,144
03/16/2007,PIA,IL,AGL,CE,Combined TRACON& Tower with Radar,16,41,33,2,92,0,1,11,2,14,16,42,44,4,106,0,0,0,106
03/17/2007,PIA,IL,AGL,CE,Combined TRACON& Tower with Radar,13,32,36,0,81,0,0,27,1,28,13,32,63,1,109,12,0,12,121
03/18/2007,PIA,IL,AGL,CE,Combined TRACON& Tower with Radar,4,29,22,2,57,0,1,16,1,18,4,30,38,3,75,32,0,32,107
03/19/2007,PIA,IL,AGL,CE,Combined TRACON& Tower with Radar,10,34,22,8,74,0,0,11,40,51,10,34,33,48,125,10,18,28,153
03/20/2007,PIA,IL,AGL,CE,Combined TRACON& Tower with Radar,17,42,31,11,101,0,0,17,5,22,17,42,48,16,123,2,12,14,137
03/21/2007,PIA,IL,AGL,CE,Combined TRACON& Tower with Radar,24,30,20,14,88,0,0,1,28,29,24,30,21,42,117,0,14,14,131
03/22/2007,PIA,IL,AGL,CE,Combined TRACON& Tower with Radar,18,37,42,9,106,0,0,10,19,29,18,37,52,28,135,0,12,12,147
03/23/2007,PIA,IL,AGL,CE,Combined TRACON& Tower with Radar,16,32,17,2,67,0,0,1,0,1,16,32,18,2,68,0,0,0,68
03/24/2007,PIA,IL,AGL,CE,Combined TRACON& Tower with Radar,18,29,8,1,56,0,0,8,0,8,18,29,16,1,64,12,0,12,76
03/25/2007,PIA,IL,AGL,CE,Combined TRACON& Tower with Radar,5,28,26,2,61,0,4,26,0,30,5,32,52,2,91,20,0,20,111
03/26/2007,PIA,IL,AGL,CE,Combined TRACON& Tower with Radar,8,39,13,6,66,0,1,20,11,32,8,40,33,17,98,24,20,44,142
03/27/2007,PIA,IL,AGL,CE,Combined TRACON& Tower with Radar,14,43,30,15,102,0,3,17,10,30,14,46,47,25,132,52,12,64,196
03/28/2007,PIA,IL,AGL,CE,Combined TRACON& Tower with Radar,19,38,32,9,98,0,1,4,8,13,19,39,36,17,111,0,14,14,125
03/29/2007,PIA,IL,AGL,CE,Combined TRACON& Tower with Radar,25,38,37,26,126,0,4,14,9,27,25,42,51,35,153,28,10,38,191
03/30/2007,PIA,IL,AGL,CE,Combined TRACON& Tower with Radar,17,40,28,1,86,0,0,4,4,8,17,40,32,5,94,0,0,0,94
03/31/2007,PIA,IL,AGL,CE,Combined TRACON& Tower with Radar,15,35,13,1,64,0,0,6,0,6,15,35,19,1,70,6,0,6,76
04/01/2007,PIA,IL,AGL,CE,Combined TRACON& Tower with Radar,6,23,9,3,41,0,0,4,3,7,6,23,13,6,48,12,0,12,60
04/02/2007,PIA,IL,AGL,CE,Combined TRACON& Tower with Radar,8,34,51,6,99,0,1,25,20,46,8,35,76,26,145,20,16,36,181
04/03/2007,PIA,IL,AGL,CE,Combined TRACON& Tower with Radar,18,32,17,4,71,0,0,9,0,9,18,32,26,4,80,0,0,0,80
04/04/2007,PIA,IL,AGL,CE,Combined TRACON& Tower with Radar,20,38,39,19,116,0,0,7,20,27,20,38,46,39,143,4,28,32,175
04/05/2007,PIA,IL,AGL,CE,Combined TRACON& Tower with Radar,20,43,42,5,110,0,0,23,7,30,20,43,65,12,140,10,10,20,160
04/06/2007,PIA,IL,AGL,CE,Combined TRACON& Tower with Radar,16,33,32,0,81,0,0,11,2,13,16,33,43,2,94,4,0,4,98
04/07/2007,PIA,IL,AGL,CE,Combined TRACON& Tower with Radar,14,29,16,0,59,0,0,16,0,16,14,29,32,0,75,4,0,4,79
04/08/2007,PIA,IL,AGL,CE,Combined TRACON& Tower with Radar,4,30,22,0,56,0,0,29,0,29,4,30,51,0,85,50,0,50,135
04/09/2007,PIA,IL,AGL,CE,Combined TRACON& Tower with Radar,8,33,35,10,86,0,4,23,3,30,8,37,58,13,116,76,30,106,222
04/10/2007,PIA,IL,AGL,CE,Combined TRACON& Tower with Radar,16,35,25,13,89,0,0,14,4,18,16,35,39,17,107,22,18,40,147
04/11/2007,PIA,IL,AGL,CE,Combined TRACON& Tower with Radar,17,29,27,23,96,0,0,0,0,0,17,29,27,23,96,0,0,0,96
04/12/2007,PIA,IL,AGL,CE,Combined TRACON& Tower with Radar,15,41,26,26,108,0,0,4,14,18,15,41,30,40,126,0,16,16,142
04/13/2007,PIA,IL,AGL,CE,Combined TRACON& Tower with Radar,16,41,32,4,93,0,2,23,1,26,16,43,55,5,119,0,0,0,119
04/14/2007,PIA,IL,AGL,CE,Combined TRACON& Tower with Radar,15,28,29,5,77,0,0,7,6,13,15,28,36,11,90,6,2,8,98
04/15/2007,PIA,IL,AGL,CE,Combined TRACON& Tower with Radar,3,32,22,14,71,0,0,47,0,47,3,32,69,14,118,26,16,42,160
04/16/2007,PIA,IL,AGL,CE,Combined TRACON& Tower with Radar,7,41,30,13,91,0,4,44,17,65,7,45,74,30,156,12,12,24,180
04/17/2007,PIA,IL,AGL,CE,Combined TRACON& Tower with Radar,18,40,44,18,120,0,0,31,4,35,18,40,75,22,155,0,28,28,183
04/18/2007,PIA,IL,AGL,CE,Combined TRACON& Tower with Radar,19,38,61,17,135,2,0,35,24,61,21,38,96,41,196,32,26,58,254
04/19/2007,PIA,IL,AGL,CE,Combined TRACON& Tower with Radar,16,38,63,18,135,0,1,23,13,37,16,39,86,31,172,20,44,64,236
04/20/2007,PIA,IL,AGL,CE,Combined TRACON& Tower with Radar,17,39,38,4,98,0,2,43,1,46,17,41,81,5,144,34,16,50,194
04/21/2007,PIA,IL,AGL,CE,Combined TRACON& Tower with Radar,14,29,23,0,66,0,2,32,0,34,14,31,55,0,100,4,0,4,104
04/22/2007,PIA,IL,AGL,CE,Combined TRACON& Tower with Radar,4,32,25,0,61,0,0,12,0,12,4,32,37,0,73,4,0,4,77
04/23/2007,PIA,IL,AGL,CE,Combined TRACON& Tower with Radar,6,40,16,22,84,0,2,0,31,33,6,42,16,53,117,40,22,62,179
04/24/2007,PIA,IL,AGL,CE,Combined TRACON& Tower with Radar,14,41,18,0,73,0,1,13,13,27,14,42,31,13,100,6,4,10,110
04/25/2007,PIA,IL,AGL,CE,Combined TRACON& Tower with Radar,15,29,37,1,82,0,0,0,0,0,15,29,37,1,82,2,0,2,84
04/26/2007,PIA,IL,AGL,CE,Combined TRACON& Tower with Radar,16,42,32,3,93,0,0,4,5,9,16,42,36,8,102,16,12,28,130
04/27/2007,PIA,IL,AGL,CE,Combined TRACON& Tower with Radar,14,42,40,8,104,0,0,16,2,18,14,42,56,10,122,22,18,40,162
04/28/2007,PIA,IL,AGL,CE,Combined TRACON& Tower with Radar,14,28,9,0,51,0,0,15,0,15,14,28,24,0,66,26,0,26,92
04/29/2007,PIA,IL,AGL,CE,Combined TRACON& Tower with Radar,2,37,27,0,66,0,0,0,0,0,2,37,27,0,66,42,0,42,108
04/30/2007,PIA,IL,AGL,CE,Combined TRACON& Tower with Radar,4,39,36,4,83,0,0,37,11,48,4,39,73,15,131,62,14,76,207
05/01/2007,PIA,IL,AGL,CE,Combined TRACON& Tower with Radar,13,47,36,3,99,0,0,10,10,20,13,47,46,13,119,2,6,8,127
05/02/2007,PIA,IL,AGL,CE,Combined TRACON& Tower with Radar,16,40,30,17,103,0,1,20,53,74,16,41,50,70,177,42,26,68,245
05/03/2007,PIA,IL,AGL,CE,Combined TRACON& Tower with Radar,14,37,36,8,95,0,0,7,17,24,14,37,43,25,119,14,2,16,135
05/04/2007,PIA,IL,AGL,CE,Combined TRACON& Tower with Radar,13,42,31,4,90,0,0,0,1,1,13,42,31,5,91,0,0,0,91
05/05/2007,PIA,IL,AGL,CE,Combined TRACON& Tower with Radar,15,30,11,7,63,0,0,4,3,7,15,30,15,10,70,0,0,0,70
05/06/2007,PIA,IL,AGL,CE,Combined TRACON& Tower with Radar,1,30,30,13,74,0,0,9,8,17,1,30,39,21,91,24,2,26,117
05/07/2007,PIA,IL,AGL,CE,Combined TRACON& Tower with Radar,4,40,23,4,71,0,1,16,27,44,4,41,39,31,115,24,8,32,147
05/08/2007,PIA,IL,AGL,CE,Combined TRACON& Tower with Radar,13,44,33,18,108,0,3,26,11,40,13,47,59,29,148,26,0,26,174
05/09/2007,PIA,IL,AGL,CE,Combined TRACON& Tower with Radar,17,46,22,5,90,0,0,39,22,61,17,46,61,27,151,28,10,38,189
05/10/2007,PIA,IL,AGL,CE,Combined TRACON& Tower with Radar,14,44,47,12,117,0,0,36,10,46,14,44,83,22,163,42,10,52,215
05/11/2007,PIA,IL,AGL,CE,Combined TRACON& Tower with Radar,15,44,55,0,114,0,0,28,2,30,15,44,83,2,144,14,0,14,158
05/12/2007,PIA,IL,AGL,CE,Combined TRACON& Tower with Radar,14,28,11,1,54,0,0,31,4,35,14,28,42,5,89,10,0,10,99
05/13/2007,PIA,IL,AGL,CE,Combined TRACON& Tower with Radar,2,36,16,0,54,0,0,23,0,23,2,36,39,0,77,8,0,8,85
05/14/2007,PIA,IL,AGL,CE,Combined TRACON& Tower with Radar,4,38,41,12,95,0,0,0,0,0,4,38,41,12,95,0,10,10,105
05/15/2007,PIA,IL,AGL,CE,Combined TRACON& Tower with Radar,17,43,35,5,100,0,0,4,4,8,17,43,39,9,108,0,10,10,118
05/16/2007,PIA,IL,AGL,CE,Combined TRACON& Tower with Radar,15,42,38,12,107,0,0,21,9,30,15,42,59,21,137,44,16,60,197
05/17/2007,PIA,IL,AGL,CE,Combined TRACON& Tower with Radar,14,47,35,17,113,0,2,28,15,45,14,49,63,32,158,32,6,38,196
05/18/2007,PIA,IL,AGL,CE,Combined TRACON& Tower with Radar,12,41,26,0,79,0,0,38,3,41,12,41,64,3,120,20,2,22,142
05/19/2007,PIA,IL,AGL,CE,Combined TRACON& Tower with Radar,14,27,12,2,55,0,0,46,2,48,14,27,58,4,103,36,0,36,139
05/20/2007,PIA,IL,AGL,CE,Combined TRACON& Tower with Radar,2,32,25,0,59,0,0,26,6,32,2,32,51,6,91,42,0,42,133
05/21/2007,PIA,IL,AGL,CE,Combined TRACON& Tower with Radar,3,42,28,19,92,0,3,37,7,47,3,45,65,26,139,64,18,82,221
05/22/2007,PIA,IL,AGL,CE,Combined TRACON& Tower with Radar,15,43,40,20,118,0,0,22,28,50,15,43,62,48,168,12,30,42,210
05/23/2007,PIA,IL,AGL,CE,Combined TRACON& Tower with Radar,15,39,32,30,116,0,0,10,29,39,15,39,42,59,155,10,12,22,177
05/24/2007,PIA,IL,AGL,CE,Combined TRACON& Tower with Radar,14,37,43,6,100,0,0,4,12,16,14,37,47,18,116,0,12,12,128
05/25/2007,PIA,IL,AGL,CE,Combined TRACON& Tower with Radar,14,38,24,0,76,0,6,14,1,21,14,44,38,1,97,24,0,24,121
05/26/2007,PIA,IL,AGL,CE,Combined TRACON& Tower with Radar,14,30,6,1,51,0,0,3,0,3,14,30,9,1,54,0,0,0,54
05/27/2007,PIA,IL,AGL,CE,Combined TRACON& Tower with Radar,2,27,15,0,44,0,0,10,0,10,2,27,25,0,54,0,0,0,54
05/28/2007,PIA,IL,AGL,CE,Combined TRACON& Tower with Radar,4,33,14,2,53,0,0,16,2,18,4,33,30,4,71,56,0,56,127
05/29/2007,PIA,IL,AGL,CE,Combined TRACON& Tower with Radar,3,47,26,20,96,0,0,11,23,34,3,47,37,43,130,0,18,18,148
05/30/2007,PIA,IL,AGL,CE,Combined TRACON& Tower with Radar,14,42,29,4,89,0,0,17,23,40,14,42,46,27,129,6,4,10,139
05/31/2007,PIA,IL,AGL,CE,Combined TRACON& Tower with Radar,14,46,32,9,101,0,2,9,0,11,14,48,41,9,112,3,4,7,119
06/01/2007,PIA,IL,AGL,CE,Combined TRACON& Tower with Radar,22,43,32,0,97,0,0,12,0,12,22,43,44,0,109,12,2,14,123
06/02/2007,PIA,IL,AGL,CE,Combined TRACON& Tower with Radar,13,26,21,5,65,0,0,28,4,32,13,26,49,9,97,64,4,68,165
06/03/2007,PIA,IL,AGL,CE,Combined TRACON& Tower with Radar,2,32,43,5,82,0,0,21,8,29,2,32,64,13,111,0,0,0,111
06/04/2007,PIA,IL,AGL,CE,Combined TRACON& Tower with Radar,4,40,35,26,105,0,0,0,0,0,4,40,35,26,105,2,8,10,115
06/05/2007,PIA,IL,AGL,CE,Combined TRACON& Tower with Radar,13,42,32,10,97,0,0,21,2,23,13,42,53,12,120,26,0,26,146
06/06/2007,PIA,IL,AGL,CE,Combined TRACON& Tower with Radar,17,36,49,10,112,0,0,18,37,55,17,36,67,47,167,8,28,36,203
06/07/2007,PIA,IL,AGL,CE,Combined TRACON& Tower with Radar,12,34,18,3,67,0,0,3,12,15,12,34,21,15,82,0,0,0,82
06/08/2007,PIA,IL,AGL,CE,Combined TRACON& Tower with Radar,12,41,44,6,103,0,4,25,3,32,12,45,69,9,135,20,0,20,155
06/09/2007,PIA,IL,AGL,CE,Combined TRACON& Tower with Radar,13,24,20,2,59,0,1,54,2,57,13,25,74,4,116,20,0,20,136
06/10/2007,PIA,IL,AGL,CE,Combined TRACON& Tower with Radar,5,32,28,0,65,0,0,39,2,41,5,32,67,2,106,24,0,24,130
06/11/2007,PIA,IL,AGL,CE,Combined TRACON& Tower with Radar,4,45,27,14,90,0,4,20,22,46,4,49,47,36,136,4,18,22,158
06/12/2007,PIA,IL,AGL,CE,Combined TRACON& Tower with Radar,12,44,41,9,106,0,2,38,17,57,12,46,79,26,163,38,22,60,223
06/13/2007,PIA,IL,AGL,CE,Combined TRACON& Tower with Radar,13,43,48,6,110,0,0,33,25,58,13,43,81,31,168,0,20,20,188
06/14/2007,PIA,IL,AGL,CE,Combined TRACON& Tower with Radar,16,44,27,1,88,0,5,35,13,53,16,49,62,14,141,20,0,20,161
06/15/2007,PIA,IL,AGL,CE,Combined TRACON& Tower with Radar,12,45,37,2,96,0,4,36,8,48,12,49,73,10,144,28,0,28,172
06/16/2007,PIA,IL,AGL,CE,Combined TRACON& Tower with Radar,14,29,23,9,75,0,0,26,0,26,14,29,49,9,101,20,0,20,121
06/17/2007,PIA,IL,AGL,CE,Combined TRACON& Tower with Radar,4,36,17,0,57,0,0,19,2,21,4,36,36,2,78,12,0,12,90
06/18/2007,PIA,IL,AGL,CE,Combined TRACON& Tower with Radar,10,40,17,2,69,0,1,9,0,10,10,41,26,2,79,20,0,20,99
06/19/2007,PIA,IL,AGL,CE,Combined TRACON& Tower with Radar,11,43,30,14,98,0,5,25,17,47,11,48,55,31,145,10,10,20,165
06/20/2007,PIA,IL,AGL,CE,Combined TRACON& Tower with Radar,13,43,41,11,108,0,6,39,20,65,13,49,80,31,173,0,0,0,173
06/21/2007,PIA,IL,AGL,CE,Combined TRACON& Tower with Radar,14,45,46,6,111,0,1,32,15,48,14,46,78,21,159,14,6,20,179
06/22/2007,PIA,IL,AGL,CE,Combined TRACON& Tower with Radar,11,44,31,2,88,0,2,7,0,9,11,46,38,2,97,0,0,0,97
06/23/2007,PIA,IL,AGL,CE,Combined TRACON& Tower with Radar,11,31,15,2,59,0,0,0,0,0,11,31,15,2,59,0,0,0,59
06/24/2007,PIA,IL,AGL,CE,Combined TRACON& Tower with Radar,4,33,27,0,64,0,0,5,1,6,4,33,32,1,70,0,0,0,70
06/25/2007,PIA,IL,AGL,CE,Combined TRACON& Tower with Radar,6,36,31,14,87,0,3,18,18,39,6,39,49,32,126,0,12,12,138
06/26/2007,PIA,IL,AGL,CE,Combined TRACON& Tower with Radar,13,39,35,6,93,0,4,13,18,35,13,43,48,24,128,56,14,70,198
06/27/2007,PIA,IL,AGL,CE,Combined TRACON& Tower with Radar,21,39,27,3,90,0,0,21,22,43,21,39,48,25,133,18,0,18,151
06/28/2007,PIA,IL,AGL,CE,Combined TRACON& Tower with Radar,14,41,29,3,87,0,4,19,2,25,14,45,48,5,112,74,12,86,198
06/29/2007,PIA,IL,AGL,CE,Combined TRACON& Tower with Radar,12,42,34,6,94,0,5,37,3,45,12,47,71,9,139,30,0,30,169
06/30/2007,PIA,IL,AGL,CE,Combined TRACON& Tower with Radar,16,33,13,4,66,0,8,41,1,50,16,41,54,5,116,62,0,62,178
07/01/2007,PIA,IL,AGL,CE,Combined TRACON& Tower with Radar,4,37,12,3,56,0,7,30,1,38,4,44,42,4,94,4,0,4,98
07/02/2007,PIA,IL,AGL,CE,Combined TRACON& Tower with Radar,0,0,0,0,0,0,0,0,0,0,0,0,0,0,0,22,6,28,28
07/03/2007,PIA,IL,AGL,CE,Combined TRACON& Tower with Radar,11,36,26,0,73,0,8,50,0,58,11,44,76,0,131,64,0,64,195
07/04/2007,PIA,IL,AGL,CE,Combined TRACON& Tower with Radar,7,32,9,0,48,0,6,28,0,34,7,38,37,0,82,12,0,12,94
07/05/2007,PIA,IL,AGL,CE,Combined TRACON& Tower with Radar,6,38,30,0,74,0,4,29,2,35,6,42,59,2,109,26,0,26,135
07/06/2007,PIA,IL,AGL,CE,Combined TRACON& Tower with Radar,12,42,22,0,76,0,2,39,0,41,12,44,61,0,117,34,0,34,151
07/07/2007,PIA,IL,AGL,CE,Combined TRACON& Tower with Radar,14,30,29,0,73,0,0,0,1,1,14,30,29,1,74,28,0,28,102
07/08/2007,PIA,IL,AGL,CE,Combined TRACON& Tower with Radar,6,30,29,0,65,0,7,33,0,40,6,37,62,0,105,48,0,48,153
07/09/2007,PIA,IL,AGL,CE,Combined TRACON& Tower with Radar,6,38,29,2,75,0,0,0,0,0,6,38,29,2,75,12,4,16,91
07/10/2007,PIA,IL,AGL,CE,Combined TRACON& Tower with Radar,11,33,33,30,107,0,3,9,25,37,11,36,42,55,144,12,60,72,216
07/11/2007,PIA,IL,AGL,CE,Combined TRACON& Tower with Radar,13,49,30,20,112,0,3,26,41,70,13,52,56,61,182,14,36,50,232
07/12/2007,PIA,IL,AGL,CE,Combined TRACON& Tower with Radar,14,44,40,11,109,0,6,32,22,60,14,50,72,33,169,0,6,6,175
07/13/2007,PIA,IL,AGL,CE,Combined TRACON& Tower with Radar,12,44,24,9,89,0,7,53,2,62,12,51,77,11,151,24,2,26,177
07/14/2007,PIA,IL,AGL,CE,Combined TRACON& Tower with Radar,12,35,24,17,88,0,6,23,0,29,12,41,47,17,117,46,2,48,165
07/15/2007,PIA,IL,AGL,CE,Combined TRACON& Tower with Radar,4,33,24,0,61,0,2,39,2,43,4,35,63,2,104,16,0,16,120
07/16/2007,PIA,IL,AGL,CE,Combined TRACON& Tower with Radar,4,46,27,17,94,0,6,34,26,66,4,52,61,43,160,14,22,36,196
07/17/2007,PIA,IL,AGL,CE,Combined TRACON& Tower with Radar,12,39,22,2,75,0,0,5,1,6,12,39,27,3,81,0,0,0,81
07/18/2007,PIA,IL,AGL,CE,Combined TRACON& Tower with Radar,12,44,10,10,76,0,5,0,6,11,12,49,10,16,87,18,26,44,131
07/19/2007,PIA,IL,AGL,CE,Combined TRACON& Tower with Radar,17,46,33,11,107,0,6,33,12,51,17,52,66,23,158,34,10,44,202
07/20/2007,PIA,IL,AGL,CE,Combined TRACON& Tower with Radar,12,37,28,13,90,0,3,80,19,102,12,40,108,32,192,22,22,44,236
07/21/2007,PIA,IL,AGL,CE,Combined TRACON& Tower with Radar,14,33,18,12,77,0,4,93,4,101,14,37,111,16,178,0,0,0,178
07/22/2007,PIA,IL,AGL,CE,Combined TRACON& Tower with Radar,4,31,18,7,60,0,3,121,2,126,4,34,139,9,186,16,0,16,202
07/23/2007,PIA,IL,AGL,CE,Combined TRACON& Tower with Radar,4,45,33,18,100,0,7,34,0,41,4,52,67,18,141,46,36,82,223
07/24/2007,PIA,IL,AGL,CE,Combined TRACON& Tower with Radar,11,46,42,18,117,0,6,27,19,52,11,52,69,37,169,32,24,56,225
07/25/2007,PIA,IL,AGL,CE,Combined TRACON& Tower with Radar,13,51,55,13,132,0,3,60,42,105,13,54,115,55,237,0,42,42,279
07/26/2007,PIA,IL,AGL,CE,Combined TRACON& Tower with Radar,13,43,38,14,108,0,1,28,35,64,13,44,66,49,172,0,22,22,194
07/27/2007,PIA,IL,AGL,CE,Combined TRACON& Tower with Radar,13,44,20,4,81,0,3,9,2,14,13,47,29,6,95,2,0,2,97
07/28/2007,PIA,IL,AGL,CE,Combined TRACON& Tower with Radar,14,29,44,0,87,0,3,28,0,31,14,32,72,0,118,12,0,12,130
07/29/2007,PIA,IL,AGL,CE,Combined TRACON& Tower with Radar,4,37,27,1,69,0,4,36,0,40,4,41,63,1,109,26,0,26,135
07/30/2007,PIA,IL,AGL,CE,Combined TRACON& Tower with Radar,4,42,24,18,88,0,4,43,22,69,4,46,67,40,157,32,44,76,233
07/31/2007,PIA,IL,AGL,CE,Combined TRACON& Tower with Radar,11,42,26,9,88,0,6,49,16,71,11,48,75,25,159,8,14,22,181
08/01/2007,PIA,IL,AGL,CE,Combined TRACON& Tower with Radar,13,41,31,24,109,0,6,33,50,89,13,47,64,74,198,0,18,18,216
08/02/2007,PIA,IL,AGL,CE,Combined TRACON& Tower with Radar,15,46,34,14,109,0,8,27,17,52,15,54,61,31,161,0,4,4,165
08/03/2007,PIA,IL,AGL,CE,Combined TRACON& Tower with Radar,11,46,21,8,86,0,7,48,22,77,11,53,69,30,163,8,38,46,209
08/04/2007,PIA,IL,AGL,CE,Combined TRACON& Tower with Radar,14,29,17,8,68,0,4,34,14,52,14,33,51,22,120,14,10,24,144
08/05/2007,PIA,IL,AGL,CE,Combined TRACON& Tower with Radar,6,34,18,0,58,0,9,11,0,20,6,43,29,0,78,4,2,6,84
08/06/2007,PIA,IL,AGL,CE,Combined TRACON& Tower with Radar,4,41,18,9,72,0,4,11,16,31,4,45,29,25,103,0,24,24,127
08/07/2007,PIA,IL,AGL,CE,Combined TRACON& Tower with Radar,9,47,32,15,103,0,5,33,12,50,9,52,65,27,153,14,38,52,205
08/08/2007,PIA,IL,AGL,CE,Combined TRACON& Tower with Radar,14,25,48,20,107,0,6,18,55,79,14,31,66,75,186,40,24,64,250
08/09/2007,PIA,IL,AGL,CE,Combined TRACON& Tower with Radar,12,39,38,9,98,0,4,33,32,69,12,43,71,41,167,30,32,62,229
08/10/2007,PIA,IL,AGL,CE,Combined TRACON& Tower with Radar,11,41,29,8,89,0,3,25,5,33,11,44,54,13,122,36,12,48,170
08/11/2007,PIA,IL,AGL,CE,Combined TRACON& Tower with Radar,14,33,18,1,66,0,1,65,2,68,14,34,83,3,134,8,0,8,142
08/12/2007,PIA,IL,AGL,CE,Combined TRACON& Tower with Radar,2,35,16,1,54,0,10,45,0,55,2,45,61,1,109,22,0,22,131
08/13/2007,PIA,IL,AGL,CE,Combined TRACON& Tower with Radar,10,28,21,2,61,0,13,33,5,51,10,41,54,7,112,32,4,36,148
08/14/2007,PIA,IL,AGL,CE,Combined TRACON& Tower with Radar,11,42,26,12,91,0,8,23,11,42,11,50,49,23,133,4,28,32,165
08/15/2007,PIA,IL,AGL,CE,Combined TRACON& Tower with Radar,11,44,37,9,101,0,3,22,17,42,11,47,59,26,143,0,20,20,163
08/16/2007,PIA,IL,AGL,CE,Combined TRACON& Tower with Radar,11,47,38,21,117,0,2,16,37,55,11,49,54,58,172,2,42,44,216
08/17/2007,PIA,IL,AGL,CE,Combined TRACON& Tower with Radar,12,44,32,12,100,0,4,23,15,42,12,48,55,27,142,32,48,80,222
08/18/2007,PIA,IL,AGL,CE,Combined TRACON& Tower with Radar,14,30,22,3,69,0,3,37,1,41,14,33,59,4,110,18,0,18,128
08/19/2007,PIA,IL,AGL,CE,Combined TRACON& Tower with Radar,2,23,17,1,43,0,1,15,0,16,2,24,32,1,59,24,0,24,83
08/20/2007,PIA,IL,AGL,CE,Combined TRACON& Tower with Radar,2,41,30,13,86,0,2,2,0,4,2,43,32,13,90,0,0,0,90
08/21/2007,PIA,IL,AGL,CE,Combined TRACON& Tower with Radar,9,45,27,3,84,0,6,18,6,30,9,51,45,9,114,16,0,16,130
08/22/2007,PIA,IL,AGL,CE,Combined TRACON& Tower with Radar,11,44,34,14,103,0,4,26,34,64,11,48,60,48,167,26,10,36,203
08/23/2007,PIA,IL,AGL,CE,Combined TRACON& Tower with Radar,13,43,37,13,106,0,6,14,14,34,13,49,51,27,140,0,10,10,150
08/24/2007,PIA,IL,AGL,CE,Combined TRACON& Tower with Radar,12,47,38,15,112,0,5,13,1,19,12,52,51,16,131,22,14,36,167
08/25/2007,PIA,IL,AGL,CE,Combined TRACON& Tower with Radar,10,36,20,0,66,0,0,25,0,25,10,36,45,0,91,20,0,20,111
08/26/2007,PIA,IL,AGL,CE,Combined TRACON& Tower with Radar,2,36,14,0,52,0,7,49,0,56,2,43,63,0,108,26,0,26,134
08/27/2007,PIA,IL,AGL,CE,Combined TRACON& Tower with Radar,2,42,31,7,82,0,3,29,12,44,2,45,60,19,126,8,20,28,154
08/28/2007,PIA,IL,AGL,CE,Combined TRACON& Tower with Radar,9,46,34,6,95,0,15,34,37,86,9,61,68,43,181,4,14,18,199
08/29/2007,PIA,IL,AGL,CE,Combined TRACON& Tower with Radar,9,42,36,6,93,0,9,11,37,57,9,51,47,43,150,18,8,26,176
08/30/2007,PIA,IL,AGL,CE,Combined TRACON& Tower with Radar,10,54,32,7,103,0,12,42,19,73,10,66,74,26,176,30,18,48,224
08/31/2007,PIA,IL,AGL,CE,Combined TRACON& Tower with Radar,10,55,34,0,99,0,7,48,1,56,10,62,82,1,155,30,0,30,185
09/01/2007,PIA,IL,AGL,CE,Combined TRACON& Tower with Radar,8,40,8,1,57,0,2,39,0,41,8,42,47,1,98,46,0,46,144
09/02/2007,PIA,IL,AGL,CE,Combined TRACON& Tower with Radar,2,28,16,0,46,0,9,31,0,40,2,37,47,0,86,12,0,12,98
09/03/2007,PIA,IL,AGL,CE,Combined TRACON& Tower with Radar,4,39,8,0,51,0,7,30,1,38,4,46,38,1,89,16,0,16,105
09/04/2007,PIA,IL,AGL,CE,Combined TRACON& Tower with Radar,1,39,28,18,86,0,6,31,30,67,1,45,59,48,153,68,10,78,231
09/05/2007,PIA,IL,AGL,CE,Combined TRACON& Tower with Radar,9,47,26,29,111,0,6,17,53,76,9,53,43,82,187,2,18,20,207
09/06/2007,PIA,IL,AGL,CE,Combined TRACON& Tower with Radar,13,51,23,8,95,0,6,8,45,59,13,57,31,53,154,4,12,16,170
09/07/2007,PIA,IL,AGL,CE,Combined TRACON& Tower with Radar,14,38,25,22,99,0,4,21,11,36,14,42,46,33,135,18,20,38,173
09/08/2007,PIA,IL,AGL,CE,Combined TRACON& Tower with Radar,9,38,15,3,65,0,4,36,13,53,9,42,51,16,118,2,4,6,124
09/09/2007,PIA,IL,AGL,CE,Combined TRACON& Tower with Radar,6,31,10,5,52,0,4,33,8,45,6,35,43,13,97,56,2,58,155
09/10/2007,PIA,IL,AGL,CE,Combined TRACON& Tower with Radar,6,36,22,11,75,0,2,12,12,26,6,38,34,23,101,0,2,2,103
09/11/2007,PIA,IL,AGL,CE,Combined TRACON& Tower with Radar,8,43,53,7,111,0,6,35,13,54,8,49,88,20,165,22,8,30,195
09/12/2007,PIA,IL,AGL,CE,Combined TRACON& Tower with Radar,15,39,32,14,100,0,4,18,27,49,15,43,50,41,149,12,48,60,209
09/13/2007,PIA,IL,AGL,CE,Combined TRACON& Tower with Radar,14,45,48,24,131,0,7,24,40,71,14,52,72,64,202,12,26,38,240
09/14/2007,PIA,IL,AGL,CE,Combined TRACON& Tower with Radar,13,45,32,1,91,0,3,26,10,39,13,48,58,11,130,4,4,8,138
09/15/2007,PIA,IL,AGL,CE,Combined TRACON& Tower with Radar,11,31,23,0,65,0,9,40,4,53,11,40,63,4,118,20,2,22,140
09/16/2007,PIA,IL,AGL,CE,Combined TRACON& Tower with Radar,2,37,35,0,74,0,5,30,2,37,2,42,65,2,111,32,0,32,143
09/17/2007,PIA,IL,AGL,CE,Combined TRACON& Tower with Radar,6,37,21,17,81,0,3,22,15,40,6,40,43,32,121,24,10,34,155
09/18/2007,PIA,IL,AGL,CE,Combined TRACON& Tower with Radar,3,41,38,7,89,0,5,18,34,57,3,46,56,41,146,22,12,34,180
09/19/2007,PIA,IL,AGL,CE,Combined TRACON& Tower with Radar,13,43,45,24,125,0,5,28,12,45,13,48,73,36,170,28,30,58,228
09/20/2007,PIA,IL,AGL,CE,Combined TRACON& Tower with Radar,15,44,23,13,95,0,5,22,17,44,15,49,45,30,139,24,8,32,171
09/21/2007,PIA,IL,AGL,CE,Combined TRACON& Tower with Radar,14,42,35,2,93,0,5,15,3,23,14,47,50,5,116,2,0,2,118
09/22/2007,PIA,IL,AGL,CE,Combined TRACON& Tower with Radar,9,35,7,3,54,0,8,44,3,55,9,43,51,6,109,2,2,4,113
09/23/2007,PIA,IL,AGL,CE,Combined TRACON& Tower with Radar,6,34,22,2,64,0,7,56,0,63,6,41,78,2,127,32,0,32,159
09/24/2007,PIA,IL,AGL,CE,Combined TRACON& Tower with Radar,7,40,26,8,81,0,1,20,30,51,7,41,46,38,132,12,24,36,168
09/25/2007,PIA,IL,AGL,CE,Combined TRACON& Tower with Radar,13,40,37,9,99,0,7,12,8,27,13,47,49,17,126,22,8,30,156
09/26/2007,PIA,IL,AGL,CE,Combined TRACON& Tower with Radar,13,43,37,18,111,0,2,32,8,42,13,45,69,26,153,12,6,18,171
09/27/2007,PIA,IL,AGL,CE,Combined TRACON& Tower with Radar,14,50,43,10,117,0,6,47,40,93,14,56,90,50,210,16,12,28,238
09/28/2007,PIA,IL,AGL,CE,Combined TRACON& Tower with Radar,14,45,34,2,95,0,4,34,5,43,14,49,68,7,138,64,0,64,202
09/29/2007,PIA,IL,AGL,CE,Combined TRACON& Tower with Radar,10,34,21,0,65,0,5,35,0,40,10,39,56,0,105,30,0,30,135
09/30/2007,PIA,IL,AGL,CE,Combined TRACON& Tower with Radar,5,34,24,0,63,0,9,31,2,42,5,43,55,2,105,12,0,12,117
10/01/2007,PIA,IL,AGL,CE,Combined TRACON& Tower with Radar,3,39,36,28,106,0,8,16,8,32,3,47,52,36,138,32,16,48,186
10/02/2007,PIA,IL,AGL,CE,Combined TRACON& Tower with Radar,11,45,25,4,85,0,4,12,8,24,11,49,37,12,109,2,8,10,119
10/03/2007,PIA,IL,AGL,CE,Combined TRACON& Tower with Radar,18,52,39,13,122,0,22,26,3,51,18,74,65,16,173,10,2,12,185
10/04/2007,PIA,IL,AGL,CE,Combined TRACON& Tower with Radar,13,45,32,22,112,0,3,21,19,43,13,48,53,41,155,12,84,96,251
10/05/2007,PIA,IL,AGL,CE,Combined TRACON& Tower with Radar,14,43,19,1,77,0,7,17,1,25,14,50,36,2,102,0,0,0,102
10/06/2007,PIA,IL,AGL,CE,Combined TRACON& Tower with Radar,14,35,15,1,65,0,1,31,2,34,14,36,46,3,99,6,0,6,105
10/07/2007,PIA,IL,AGL,CE,Combined TRACON& Tower with Radar,7,29,22,0,58,0,6,30,0,36,7,35,52,0,94,34,0,34,128
10/08/2007,PIA,IL,AGL,CE,Combined TRACON& Tower with Radar,7,41,27,0,75,0,6,20,0,26,7,47,47,0,101,0,0,0,101
10/09/2007,PIA,IL,AGL,CE,Combined TRACON& Tower with Radar,13,44,33,6,96,0,6,19,8,33,13,50,52,14,129,12,0,12,141
10/10/2007,PIA,IL,AGL,CE,Combined TRACON& Tower with Radar,17,38,36,4,95,0,4,18,8,30,17,42,54,12,125,12,14,26,151
10/11/2007,PIA,IL,AGL,CE,Combined TRACON& Tower with Radar,15,52,41,1,109,0,5,36,5,46,15,57,77,6,155,16,0,16,171
10/12/2007,PIA,IL,AGL,CE,Combined TRACON& Tower with Radar,14,44,20,4,82,0,11,20,6,37,14,55,40,10,119,4,0,4,123
10/13/2007,PIA,IL,AGL,CE,Combined TRACON& Tower with Radar,12,37,70,2,121,0,2,31,13,46,12,39,101,15,167,18,4,22,189
10/14/2007,PIA,IL,AGL,CE,Combined TRACON& Tower with Radar,5,33,25,6,69,0,5,18,10,33,5,38,43,16,102,2,6,8,110
10/15/2007,PIA,IL,AGL,CE,Combined TRACON& Tower with Radar,8,41,35,3,87,0,3,20,0,23,8,44,55,3,110,0,0,0,110
10/16/2007,PIA,IL,AGL,CE,Combined TRACON& Tower with Radar,12,42,33,3,90,0,6,15,5,26,12,48,48,8,116,8,12,20,136
10/17/2007,PIA,IL,AGL,CE,Combined TRACON& Tower with Radar,17,45,26,8,96,0,3,10,2,15,17,48,36,10,111,0,4,4,115
10/18/2007,PIA,IL,AGL,CE,Combined TRACON& Tower with Radar,16,41,32,1,90,0,3,6,3,12,16,44,38,4,102,0,0,0,102
10/19/2007,PIA,IL,AGL,CE,Combined TRACON& Tower with Radar,14,41,35,0,90,0,3,6,4,13,14,44,41,4,103,0,0,0,103
10/20/2007,PIA,IL,AGL,CE,Combined TRACON& Tower with Radar,12,34,17,2,65,0,3,24,2,29,12,37,41,4,94,48,0,48,142
10/21/2007,PIA,IL,AGL,CE,Combined TRACON& Tower with Radar,6,32,23,1,62,0,4,20,0,24,6,36,43,1,86,0,0,0,86
10/22/2007,PIA,IL,AGL,CE,Combined TRACON& Tower with Radar,3,46,40,13,102,0,3,8,13,24,3,49,48,26,126,0,14,14,140
10/23/2007,PIA,IL,AGL,CE,Combined TRACON& Tower with Radar,12,42,49,11,114,0,2,31,16,49,12,44,80,27,163,16,18,34,197
10/24/2007,PIA,IL,AGL,CE,Combined TRACON& Tower with Radar,15,44,28,11,98,0,4,19,9,32,15,48,47,20,130,6,4,10,140
10/25/2007,PIA,IL,AGL,CE,Combined TRACON& Tower with Radar,14,46,29,18,107,0,6,24,14,44,14,52,53,32,151,20,16,36,187
10/26/2007,PIA,IL,AGL,CE,Combined TRACON& Tower with Radar,14,48,36,17,115,0,1,8,9,18,14,49,44,26,133,4,4,8,141
10/27/2007,PIA,IL,AGL,CE,Combined TRACON& Tower with Radar,14,34,23,2,73,0,4,16,0,20,14,38,39,2,93,40,1,41,134
10/28/2007,PIA,IL,AGL,CE,Combined TRACON& Tower with Radar,6,35,24,0,65,0,5,50,2,57,6,40,74,2,122,30,0,30,152
10/29/2007,PIA,IL,AGL,CE,Combined TRACON& Tower with Radar,5,47,29,26,107,0,4,23,18,45,5,51,52,44,152,16,36,52,204
10/30/2007,PIA,IL,AGL,CE,Combined TRACON& Tower with Radar,13,41,34,13,101,0,3,21,25,49,13,44,55,38,150,0,28,28,178
10/31/2007,PIA,IL,AGL,CE,Combined TRACON& Tower with Radar,16,46,29,2,93,0,5,16,8,29,16,51,45,10,122,2,0,2,124
11/01/2007,PIA,IL,AGL,CE,Combined TRACON& Tower with Radar,14,44,33,12,103,0,4,18,10,32,14,48,51,22,135,32,18,50,185
11/02/2007,PIA,IL,AGL,CE,Combined TRACON& Tower with Radar,12,45,24,6,87,0,5,19,9,33,12,50,43,15,120,10,20,30,150
11/03/2007,PIA,IL,AGL,CE,Combined TRACON& Tower with Radar,14,37,12,4,67,0,5,33,5,43,14,42,45,9,110,38,0,38,148
11/04/2007,PIA,IL,AGL,CE,Combined TRACON& Tower with Radar,5,35,26,12,78,0,4,45,17,66,5,39,71,29,144,30,18,48,192
11/05/2007,PIA,IL,AGL,CE,Combined TRACON& Tower with Radar,6,38,23,8,75,0,5,10,12,27,6,43,33,20,102,4,8,12,114
11/06/2007,PIA,IL,AGL,CE,Combined TRACON& Tower with Radar,13,42,41,16,112,0,5,14,47,66,13,47,55,63,178,18,36,54,232
11/07/2007,PIA,IL,AGL,CE,Combined TRACON& Tower with Radar,18,40,33,21,112,0,4,45,44,93,18,44,78,65,205,46,20,66,271
11/08/2007,PIA,IL,AGL,CE,Combined TRACON& Tower with Radar,16,47,29,7,99,0,7,24,28,59,16,54,53,35,158,22,24,46,204
11/09/2007,PIA,IL,AGL,CE,Combined TRACON& Tower with Radar,14,40,45,1,100,0,7,40,4,51,14,47,85,5,151,30,2,32,183
11/10/2007,PIA,IL,AGL,CE,Combined TRACON& Tower with Radar,14,37,34,0,85,0,4,53,0,57,14,41,87,0,142,32,0,32,174
11/11/2007,PIA,IL,AGL,CE,Combined TRACON& Tower with Radar,7,35,27,0,69,0,3,19,0,22,7,38,46,0,91,30,0,30,121
11/12/2007,PIA,IL,AGL,CE,Combined TRACON& Tower with Radar,6,41,19,1,67,0,3,6,0,9,6,44,25,1,76,0,0,0,76
11/13/2007,PIA,IL,AGL,CE,Combined TRACON& Tower with Radar,13,41,44,22,120,0,6,27,17,50,13,47,71,39,170,16,20,36,206
11/14/2007,PIA,IL,AGL,CE,Combined TRACON& Tower with Radar,15,53,42,37,147,0,4,15,42,61,15,57,57,79,208,14,42,56,264
11/15/2007,PIA,IL,AGL,CE,Combined TRACON& Tower with Radar,16,45,45,8,114,0,7,31,8,46,16,52,76,16,160,8,10,18,178
11/16/2007,PIA,IL,AGL,CE,Combined TRACON& Tower with Radar,16,45,26,6,93,0,22,44,13,79,16,67,70,19,172,8,16,24,196
11/17/2007,PIA,IL,AGL,CE,Combined TRACON& Tower with Radar,12,36,21,1,70,0,11,49,0,60,12,47,70,1,130,26,0,26,156
11/18/2007,PIA,IL,AGL,CE,Combined TRACON& Tower with Radar,5,40,30,2,77,0,4,16,2,22,5,44,46,4,99,6,0,6,105
11/19/2007,PIA,IL,AGL,CE,Combined TRACON& Tower with Radar,6,43,42,29,120,0,4,23,15,42,6,47,65,44,162,10,40,50,212
11/20/2007,PIA,IL,AGL,CE,Combined TRACON& Tower with Radar,18,49,40,23,130,0,1,7,15,23,18,50,47,38,153,4,32,36,189
11/21/2007,PIA,IL,AGL,CE,Combined TRACON& Tower with Radar,18,53,18,2,91,0,0,1,0,1,18,53,19,2,92,0,0,0,92
11/22/2007,PIA,IL,AGL,CE,Combined TRACON& Tower with Radar,13,42,7,0,62,0,3,11,0,14,13,45,18,0,76,0,0,0,76
11/23/2007,PIA,IL,AGL,CE,Combined TRACON& Tower with Radar,7,29,23,1,60,0,5,36,1,42,7,34,59,2,102,2,2,4,106
11/24/2007,PIA,IL,AGL,CE,Combined TRACON& Tower with Radar,13,40,21,0,74,0,3,29,0,32,13,43,50,0,106,30,0,30,136
11/25/2007,PIA,IL,AGL,CE,Combined TRACON& Tower with Radar,7,37,16,0,60,0,1,7,0,8,7,38,23,0,68,0,0,0,68
11/26/2007,PIA,IL,AGL,CE,Combined TRACON& Tower with Radar,8,41,21,17,87,0,2,1,0,3,8,43,22,17,90,0,10,10,100
11/27/2007,PIA,IL,AGL,CE,Combined TRACON& Tower with Radar,11,43,37,25,116,0,3,29,38,70,11,46,66,63,186,8,42,50,236
11/28/2007,PIA,IL,AGL,CE,Combined TRACON& Tower with Radar,15,42,40,21,118,0,6,11,41,58,15,48,51,62,176,0,20,20,196
11/29/2007,PIA,IL,AGL,CE,Combined TRACON& Tower with Radar,15,44,25,8,92,0,5,13,14,32,15,49,38,22,124,8,8,16,140
11/30/2007,PIA,IL,AGL,CE,Combined TRACON& Tower with Radar,20,41,38,10,109,0,9,14,7,30,20,50,52,17,139,12,34,46,185
12/01/2007,PIA,IL,AGL,CE,Combined TRACON& Tower with Radar,6,23,16,0,45,0,1,3,0,4,6,24,19,0,49,0,0,0,49
12/02/2007,PIA,IL,AGL,CE,Combined TRACON& Tower with Radar,8,34,25,7,74,0,3,0,0,3,8,37,25,7,77,0,0,0,77
12/03/2007,PIA,IL,AGL,CE,Combined TRACON& Tower with Radar,7,43,30,11,91,0,11,18,36,65,7,54,48,47,156,22,4,26,182
12/04/2007,PIA,IL,AGL,CE,Combined TRACON& Tower with Radar,11,39,47,13,110,0,4,22,34,60,11,43,69,47,170,30,22,52,222
12/05/2007,PIA,IL,AGL,CE,Combined TRACON& Tower with Radar,16,39,38,13,106,0,10,16,30,56,16,49,54,43,162,2,12,14,176
12/06/2007,PIA,IL,AGL,CE,Combined TRACON& Tower with Radar,20,39,30,17,106,0,0,0,0,0,20,39,30,17,106,4,22,26,132
12/07/2007,PIA,IL,AGL,CE,Combined TRACON& Tower with Radar,18,29,32,1,80,0,0,1,0,1,18,29,33,1,81,0,0,0,81
12/08/2007,PIA,IL,AGL,CE,Combined TRACON& Tower with Radar,14,30,5,0,49,0,5,8,0,13,14,35,13,0,62,0,0,0,62
12/09/2007,PIA,IL,AGL,CE,Combined TRACON& Tower with Radar,5,11,11,0,27,0,0,0,0,0,5,11,11,0,27,0,0,0,27
12/10/2007,PIA,IL,AGL,CE,Combined TRACON& Tower with Radar,8,40,18,1,67,0,0,0,0,0,8,40,18,1,67,0,0,0,67
12/11/2007,PIA,IL,AGL,CE,Combined TRACON& Tower with Radar,14,26,10,1,51,0,0,0,0,0,14,26,10,1,51,0,0,0,51
12/12/2007,PIA,IL,AGL,CE,Combined TRACON& Tower with Radar,18,48,38,27,131,0,8,9,2,19,18,56,47,29,150,0,14,14,164
12/13/2007,PIA,IL,AGL,CE,Combined TRACON& Tower with Radar,19,45,33,12,109,0,1,3,4,8,19,46,36,16,117,0,0,0,117
12/14/2007,PIA,IL,AGL,CE,Combined TRACON& Tower with Radar,15,43,42,2,102,0,4,23,1,28,15,47,65,3,130,0,0,0,130
12/15/2007,PIA,IL,AGL,CE,Combined TRACON& Tower with Radar,12,30,6,1,49,0,3,0,0,3,12,33,6,1,52,0,0,0,52
12/16/2007,PIA,IL,AGL,CE,Combined TRACON& Tower with Radar,11,31,13,1,56,0,0,7,0,7,11,31,20,1,63,18,0,18,81
12/17/2007,PIA,IL,AGL,CE,Combined TRACON& Tower with Radar,10,41,23,8,82,0,0,14,3,17,10,41,37,11,99,4,0,4,103
12/18/2007,PIA,IL,AGL,CE,Combined TRACON& Tower with Radar,14,39,43,11,107,0,6,22,29,57,14,45,65,40,164,36,16,52,216
12/19/2007,PIA,IL,AGL,CE,Combined TRACON& Tower with Radar,17,43,31,58,149,0,3,17,38,58,17,46,48,96,207,0,10,10,217
12/20/2007,PIA,IL,AGL,CE,Combined TRACON& Tower with Radar,21,40,33,5,99,0,0,1,1,2,21,40,34,6,101,2,0,2,103
12/21/2007,PIA,IL,AGL,CE,Combined TRACON& Tower with Radar,0,0,0,0,0,0,0,0,0,0,0,0,0,0,0,0,0,0,0
12/22/2007,PIA,IL,AGL,CE,Combined TRACON& Tower with Radar,11,33,16,0,60,0,0,1,0,1,11,33,17,0,61,0,0,0,61
12/23/2007,PIA,IL,AGL,CE,Combined TRACON& Tower with Radar,10,21,7,0,38,0,1,3,0,4,10,22,10,0,42,0,0,0,42
12/24/2007,PIA,IL,AGL,CE,Combined TRACON& Tower with Radar,12,29,6,0,47,0,3,9,0,12,12,32,15,0,59,0,0,0,59
12/25/2007,PIA,IL,AGL,CE,Combined TRACON& Tower with Radar,12,30,1,0,43,0,6,13,0,19,12,36,14,0,62,14,0,14,76
12/26/2007,PIA,IL,AGL,CE,Combined TRACON& Tower with Radar,12,32,26,0,70,0,10,35,0,45,12,42,61,0,115,22,0,22,137
12/27/2007,PIA,IL,AGL,CE,Combined TRACON& Tower with Radar,20,37,20,3,80,0,0,2,0,2,20,37,22,3,82,6,0,6,88
12/28/2007,PIA,IL,AGL,CE,Combined TRACON& Tower with Radar,18,29,6,0,53,0,4,5,0,9,18,33,11,0,62,0,0,0,62
12/29/2007,PIA,IL,AGL,CE,Combined TRACON& Tower with Radar,15,37,9,0,61,0,2,14,2,18,15,39,23,2,79,6,0,6,85
12/30/2007,PIA,IL,AGL,CE,Combined TRACON& Tower with Radar,8,33,21,0,62,0,6,18,4,28,8,39,39,4,90,0,0,0,90
12/31/2007,PIA,IL,AGL,CE,Combined TRACON& Tower with Radar,8,35,3,0,46,0,0,8,0,8,8,35,11,0,54,0,0,0,54
01/01/2008,PIA,IL,AGL,CE,Combined TRACON& Tower with Radar,9,37,7,0,53,0,2,1,0,3,9,39,8,0,56,0,0,0,56
01/02/2008,PIA,IL,AGL,CE,Combined TRACON& Tower with Radar,12,34,13,0,59,0,8,13,0,21,12,42,26,0,80,0,0,0,80
01/03/2008,PIA,IL,AGL,CE,Combined TRACON& Tower with Radar,20,44,22,2,88,0,6,25,12,43,20,50,47,14,131,10,12,22,153
01/04/2008,PIA,IL,AGL,CE,Combined TRACON& Tower with Radar,24,41,17,13,95,0,5,12,15,32,24,46,29,28,127,2,22,24,151
01/05/2008,PIA,IL,AGL,CE,Combined TRACON& Tower with Radar,14,42,27,6,89,0,4,11,10,25,14,46,38,16,114,10,0,10,124
01/06/2008,PIA,IL,AGL,CE,Combined TRACON& Tower with Radar,10,33,21,13,77,0,6,18,2,26,10,39,39,15,103,0,4,4,107
01/07/2008,PIA,IL,AGL,CE,Combined TRACON& Tower with Radar,8,40,30,14,92,0,3,10,0,13,8,43,40,14,105,0,18,18,123
01/08/2008,PIA,IL,AGL,CE,Combined TRACON& Tower with Radar,12,44,25,14,95,0,0,0,0,0,12,44,25,14,95,0,6,6,101
01/09/2008,PIA,IL,AGL,CE,Combined TRACON& Tower with Radar,13,49,44,20,126,0,1,26,2,29,13,50,70,22,155,22,16,38,193
01/10/2008,PIA,IL,AGL,CE,Combined TRACON& Tower with Radar,14,41,30,7,92,0,2,15,28,45,14,43,45,35,137,0,10,10,147
01/11/2008,PIA,IL,AGL,CE,Combined TRACON& Tower with Radar,12,51,23,16,102,0,2,16,12,30,12,53,39,28,132,4,8,12,144
01/12/2008,PIA,IL,AGL,CE,Combined TRACON& Tower with Radar,13,33,18,1,65,0,6,39,1,46,13,39,57,2,111,26,0,26,137
01/13/2008,PIA,IL,AGL,CE,Combined TRACON& Tower with Radar,5,36,16,0,57,0,7,12,0,19,5,43,28,0,76,10,0,10,86
01/14/2008,PIA,IL,AGL,CE,Combined TRACON& Tower with Radar,4,41,28,9,82,0,4,14,19,37,4,45,42,28,119,2,8,10,129
01/15/2008,PIA,IL,AGL,CE,Combined TRACON& Tower with Radar,9,49,44,10,112,0,5,31,57,93,9,54,75,67,205,0,26,26,231
01/16/2008,PIA,IL,AGL,CE,Combined TRACON& Tower with Radar,13,48,40,23,124,0,9,32,38,79,13,57,72,61,203,16,32,48,251
01/17/2008,PIA,IL,AGL,CE,Combined TRACON& Tower with Radar,14,40,17,4,75,0,4,4,3,11,14,44,21,7,86,0,0,0,86
01/18/2008,PIA,IL,AGL,CE,Combined TRACON& Tower with Radar,13,43,19,1,76,0,4,9,2,15,13,47,28,3,91,0,0,0,91
01/19/2008,PIA,IL,AGL,CE,Combined TRACON& Tower with Radar,14,32,24,0,70,0,4,11,0,15,14,36,35,0,85,0,0,0,85
01/20/2008,PIA,IL,AGL,CE,Combined TRACON& Tower with Radar,5,33,17,0,55,0,6,20,0,26,5,39,37,0,81,30,0,30,111
01/21/2008,PIA,IL,AGL,CE,Combined TRACON& Tower with Radar,4,41,14,0,59,0,5,14,0,19,4,46,28,0,78,4,0,4,82
01/22/2008,PIA,IL,AGL,CE,Combined TRACON& Tower with Radar,15,45,30,12,102,0,16,7,3,26,15,61,37,15,128,20,4,24,152
01/23/2008,PIA,IL,AGL,CE,Combined TRACON& Tower with Radar,11,37,29,20,97,0,4,10,48,62,11,41,39,68,159,4,24,28,187
01/24/2008,PIA,IL,AGL,CE,Combined TRACON& Tower with Radar,14,47,21,24,106,0,5,20,30,55,14,52,41,54,161,2,36,38,199
01/25/2008,PIA,IL,AGL,CE,Combined TRACON& Tower with Radar,12,49,17,3,81,0,1,14,9,24,12,50,31,12,105,2,6,8,113
01/26/2008,PIA,IL,AGL,CE,Combined TRACON& Tower with Radar,11,37,31,0,79,0,4,30,0,34,11,41,61,0,113,38,0,38,151
01/27/2008,PIA,IL,AGL,CE,Combined TRACON& Tower with Radar,5,36,16,3,60,0,5,11,2,18,5,41,27,5,78,24,0,24,102
01/28/2008,PIA,IL,AGL,CE,Combined TRACON& Tower with Radar,4,37,18,0,59,0,2,9,0,11,4,39,27,0,70,0,0,0,70
01/29/2008,PIA,IL,AGL,CE,Combined TRACON& Tower with Radar,9,44,31,17,101,0,4,2,2,8,9,48,33,19,109,0,0,0,109
01/30/2008,PIA,IL,AGL,CE,Combined TRACON& Tower with Radar,11,41,38,3,93,0,3,31,13,47,11,44,69,16,140,6,8,14,154
01/31/2008,PIA,IL,AGL,CE,Combined TRACON& Tower with Radar,14,34,23,0,71,0,3,6,0,9,14,37,29,0,80,0,0,0,80
02/01/2008,PIA,IL,AGL,CE,Combined TRACON& Tower with Radar,12,38,12,2,64,0,3,8,3,14,12,41,20,5,78,0,20,20,98
02/02/2008,PIA,IL,AGL,CE,Combined TRACON& Tower with Radar,11,36,19,3,69,0,2,4,4,10,11,38,23,7,79,0,18,18,97
02/03/2008,PIA,IL,AGL,CE,Combined TRACON& Tower with Radar,10,24,10,0,44,0,0,0,0,0,10,24,10,0,44,0,0,0,44
02/04/2008,PIA,IL,AGL,CE,Combined TRACON& Tower with Radar,4,8,3,0,15,0,0,0,0,0,4,8,3,0,15,0,0,0,15
02/05/2008,PIA,IL,AGL,CE,Combined TRACON& Tower with Radar,5,32,30,0,67,0,0,0,0,0,5,32,30,0,67,0,0,0,67
02/06/2008,PIA,IL,AGL,CE,Combined TRACON& Tower with Radar,14,34,16,0,64,0,0,0,0,0,14,34,16,0,64,0,0,0,64
02/07/2008,PIA,IL,AGL,CE,Combined TRACON& Tower with Radar,14,48,32,8,102,0,3,6,8,17,14,51,38,16,119,0,6,6,125
02/08/2008,PIA,IL,AGL,CE,Combined TRACON& Tower with Radar,11,45,24,13,93,0,1,17,23,41,11,46,41,36,134,26,0,26,160
02/09/2008,PIA,IL,AGL,CE,Combined TRACON& Tower with Radar,13,35,13,0,61,0,4,23,0,27,13,39,36,0,88,28,0,28,116
02/10/2008,PIA,IL,AGL,CE,Combined TRACON& Tower with Radar,6,32,11,0,49,0,5,12,1,18,6,37,23,1,67,0,0,0,67
02/11/2008,PIA,IL,AGL,CE,Combined TRACON& Tower with Radar,4,35,26,10,75,0,6,11,14,31,4,41,37,24,106,0,8,8,114
02/12/2008,PIA,IL,AGL,CE,Combined TRACON& Tower with Radar,11,40,21,4,76,0,0,1,2,3,11,40,22,6,79,0,0,0,79
02/13/2008,PIA,IL,AGL,CE,Combined TRACON& Tower with Radar,14,47,45,18,124,0,10,48,25,83,14,57,93,43,207,36,20,56,263
02/14/2008,PIA,IL,AGL,CE,Combined TRACON& Tower with Radar,18,51,26,7,102,12,3,11,36,62,30,54,37,43,164,2,12,14,178
02/15/2008,PIA,IL,AGL,CE,Combined TRACON& Tower with Radar,14,41,36,8,99,0,4,29,4,37,14,45,65,12,136,12,22,34,170
02/16/2008,PIA,IL,AGL,CE,Combined TRACON& Tower with Radar,15,37,16,1,69,0,6,42,0,48,15,43,58,1,117,16,0,16,133
02/17/2008,PIA,IL,AGL,CE,Combined TRACON& Tower with Radar,7,31,5,1,44,0,1,0,0,1,7,32,5,1,45,0,0,0,45
02/18/2008,PIA,IL,AGL,CE,Combined TRACON& Tower with Radar,12,34,21,0,67,0,7,8,0,15,12,41,29,0,82,2,0,2,84
02/19/2008,PIA,IL,AGL,CE,Combined TRACON& Tower with Radar,10,43,22,15,90,0,5,18,6,29,10,48,40,21,119,18,6,24,143
02/20/2008,PIA,IL,AGL,CE,Combined TRACON& Tower with Radar,15,40,37,26,118,0,7,34,93,134,15,47,71,119,252,24,62,86,338
02/21/2008,PIA,IL,AGL,CE,Combined TRACON& Tower with Radar,13,35,17,2,67,0,1,7,4,12,13,36,24,6,79,0,1,1,80
02/22/2008,PIA,IL,AGL,CE,Combined TRACON& Tower with Radar,21,52,20,4,97,0,4,15,3,22,21,56,35,7,119,0,0,0,119
02/23/2008,PIA,IL,AGL,CE,Combined TRACON& Tower with Radar,20,39,33,4,96,0,1,52,4,57,20,40,85,8,153,18,0,18,171
02/24/2008,PIA,IL,AGL,CE,Combined TRACON& Tower with Radar,9,37,33,5,84,0,4,24,26,54,9,41,57,31,138,6,8,14,152
02/25/2008,PIA,IL,AGL,CE,Combined TRACON& Tower with Radar,6,42,22,0,70,0,0,0,0,0,6,42,22,0,70,0,0,0,70
02/26/2008,PIA,IL,AGL,CE,Combined TRACON& Tower with Radar,9,39,17,11,76,0,3,5,0,8,9,42,22,11,84,0,0,0,84
02/27/2008,PIA,IL,AGL,CE,Combined TRACON& Tower with Radar,14,46,55,17,132,0,4,33,66,103,14,50,88,83,235,2,6,8,243
02/28/2008,PIA,IL,AGL,CE,Combined TRACON& Tower with Radar,17,42,36,4,99,0,3,12,12,27,17,45,48,16,126,10,14,24,150
02/29/2008,PIA,IL,AGL,CE,Combined TRACON& Tower with Radar,15,46,21,2,84,0,4,10,3,17,15,50,31,5,101,0,0,0,101
03/01/2008,PIA,IL,AGL,CE,Combined TRACON& Tower with Radar,16,36,27,2,81,0,7,37,4,48,16,43,64,6,129,48,0,48,177
03/02/2008,PIA,IL,AGL,CE,Combined TRACON& Tower with Radar,7,36,14,0,57,0,9,11,1,21,7,45,25,1,78,2,0,2,80
03/03/2008,PIA,IL,AGL,CE,Combined TRACON& Tower with Radar,6,37,28,3,74,0,2,4,0,6,6,39,32,3,80,0,0,0,80
03/04/2008,PIA,IL,AGL,CE,Combined TRACON& Tower with Radar,13,53,26,7,99,0,8,18,34,60,13,61,44,41,159,9,11,20,179
03/05/2008,PIA,IL,AGL,CE,Combined TRACON& Tower with Radar,17,48,22,15,102,0,4,21,51,76,17,52,43,66,178,26,22,48,226
03/06/2008,PIA,IL,AGL,CE,Combined TRACON& Tower with Radar,13,44,31,31,119,0,1,21,22,44,13,45,52,53,163,56,42,98,261
03/07/2008,PIA,IL,AGL,CE,Combined TRACON& Tower with Radar,14,46,22,3,85,0,2,14,8,24,14,48,36,11,109,8,6,14,123
03/08/2008,PIA,IL,AGL,CE,Combined TRACON& Tower with Radar,15,37,10,3,65,0,1,29,2,32,15,38,39,5,97,74,0,74,171
03/09/2008,PIA,IL,AGL,CE,Combined TRACON& Tower with Radar,7,33,6,0,46,0,4,13,2,19,7,37,19,2,65,14,0,14,79
03/10/2008,PIA,IL,AGL,CE,Combined TRACON& Tower with Radar,6,42,10,2,60,0,4,13,0,17,6,46,23,2,77,42,0,42,119
03/11/2008,PIA,IL,AGL,CE,Combined TRACON& Tower with Radar,14,41,22,15,92,0,5,15,27,47,14,46,37,42,139,28,28,56,195
03/12/2008,PIA,IL,AGL,CE,Combined TRACON& Tower with Radar,23,47,38,15,123,0,3,24,37,64,23,50,62,52,187,12,16,28,215
03/13/2008,PIA,IL,AGL,CE,Combined TRACON& Tower with Radar,17,43,38,9,107,0,8,33,26,67,17,51,71,35,174,32,12,44,218
03/14/2008,PIA,IL,AGL,CE,Combined TRACON& Tower with Radar,18,43,46,17,124,0,1,42,34,77,18,44,88,51,201,30,2,32,233
03/15/2008,PIA,IL,AGL,CE,Combined TRACON& Tower with Radar,11,43,16,2,72,0,5,7,1,13,11,48,23,3,85,0,0,0,85
03/16/2008,PIA,IL,AGL,CE,Combined TRACON& Tower with Radar,5,33,18,1,57,0,4,23,4,31,5,37,41,5,88,0,0,0,88
03/17/2008,PIA,IL,AGL,CE,Combined TRACON& Tower with Radar,8,32,15,12,67,0,5,6,10,21,8,37,21,22,88,0,10,10,98
03/18/2008,PIA,IL,AGL,CE,Combined TRACON& Tower with Radar,11,30,13,2,56,0,0,0,0,0,11,30,13,2,56,0,0,0,56
03/19/2008,PIA,IL,AGL,CE,Combined TRACON& Tower with Radar,17,46,33,15,111,0,7,16,41,64,17,53,49,56,175,4,20,24,199
03/20/2008,PIA,IL,AGL,CE,Combined TRACON& Tower with Radar,15,44,27,16,102,0,6,24,40,70,15,50,51,56,172,4,8,12,184
03/21/2008,PIA,IL,AGL,CE,Combined TRACON& Tower with Radar,14,34,24,3,75,0,4,24,4,32,14,38,48,7,107,8,4,12,119
03/22/2008,PIA,IL,AGL,CE,Combined TRACON& Tower with Radar,15,40,23,2,80,0,12,1,2,15,15,52,24,4,95,16,0,16,111
03/23/2008,PIA,IL,AGL,CE,Combined TRACON& Tower with Radar,7,33,11,1,52,0,2,11,0,13,7,35,22,1,65,2,0,2,67
03/24/2008,PIA,IL,AGL,CE,Combined TRACON& Tower with Radar,4,45,37,32,118,0,7,22,21,50,4,52,59,53,168,14,16,30,198
03/25/2008,PIA,IL,AGL,CE,Combined TRACON& Tower with Radar,11,43,23,10,87,0,6,10,31,47,11,49,33,41,134,0,46,46,180
03/26/2008,PIA,IL,AGL,CE,Combined TRACON& Tower with Radar,17,44,26,18,105,0,5,24,39,68,17,49,50,57,173,26,22,48,221
03/27/2008,PIA,IL,AGL,CE,Combined TRACON& Tower with Radar,15,37,32,12,96,0,0,5,1,6,15,37,37,13,102,0,0,0,102
03/28/2008,PIA,IL,AGL,CE,Combined TRACON& Tower with Radar,16,44,27,16,103,0,4,38,9,51,16,48,65,25,154,70,4,74,228
03/29/2008,PIA,IL,AGL,CE,Combined TRACON& Tower with Radar,15,37,22,0,74,0,5,54,0,59,15,42,76,0,133,72,0,72,205
03/30/2008,PIA,IL,AGL,CE,Combined TRACON& Tower with Radar,4,39,27,0,70,0,1,3,0,4,4,40,30,0,74,0,0,0,74
03/31/2008,PIA,IL,AGL,CE,Combined TRACON& Tower with Radar,8,34,18,9,69,0,0,0,0,0,8,34,18,9,69,0,0,0,69
04/01/2008,PIA,IL,AGL,CE,Combined TRACON& Tower with Radar,13,42,45,36,136,0,5,17,35,57,13,47,62,71,193,0,44,44,237
04/02/2008,PIA,IL,AGL,CE,Combined TRACON& Tower with Radar,18,43,45,46,152,0,0,0,0,0,18,43,45,46,152,4,38,42,194
04/03/2008,PIA,IL,AGL,CE,Combined TRACON& Tower with Radar,14,48,27,24,113,0,1,16,32,49,14,49,43,56,162,8,32,40,202
04/04/2008,PIA,IL,AGL,CE,Combined TRACON& Tower with Radar,14,40,38,5,97,0,6,11,17,34,14,46,49,22,131,0,8,8,139
04/05/2008,PIA,IL,AGL,CE,Combined TRACON& Tower with Radar,13,39,37,5,94,0,6,66,7,79,13,45,103,12,173,8,14,22,195
04/06/2008,PIA,IL,AGL,CE,Combined TRACON& Tower with Radar,7,34,11,8,60,0,6,43,5,54,7,40,54,13,114,34,2,36,150
04/07/2008,PIA,IL,AGL,CE,Combined TRACON& Tower with Radar,5,38,35,10,88,0,3,27,17,47,5,41,62,27,135,40,12,52,187
04/08/2008,PIA,IL,AGL,CE,Combined TRACON& Tower with Radar,12,45,37,7,101,0,1,4,4,9,12,46,41,11,110,0,6,6,116
04/09/2008,PIA,IL,AGL,CE,Combined TRACON& Tower with Radar,13,49,50,14,126,0,11,23,27,61,13,60,73,41,187,26,48,74,261
04/10/2008,PIA,IL,AGL,CE,Combined TRACON& Tower with Radar,14,40,27,0,81,0,2,4,0,6,14,42,31,0,87,0,0,0,87
04/11/2008,PIA,IL,AGL,CE,Combined TRACON& Tower with Radar,16,37,20,5,78,0,2,9,0,11,16,39,29,5,89,0,0,0,89
04/12/2008,PIA,IL,AGL,CE,Combined TRACON& Tower with Radar,15,36,21,0,72,0,5,8,0,13,15,41,29,0,85,0,0,0,85
04/13/2008,PIA,IL,AGL,CE,Combined TRACON& Tower with Radar,7,36,14,0,57,0,8,26,0,34,7,44,40,0,91,26,0,26,117
04/14/2008,PIA,IL,AGL,CE,Combined TRACON& Tower with Radar,6,46,38,13,103,0,7,42,8,57,6,53,80,21,160,20,8,28,188
04/15/2008,PIA,IL,AGL,CE,Combined TRACON& Tower with Radar,13,43,24,8,88,0,7,34,10,51,13,50,58,18,139,4,0,4,143
04/16/2008,PIA,IL,AGL,CE,Combined TRACON& Tower with Radar,14,37,18,8,77,0,9,8,22,39,14,46,26,30,116,0,18,18,134
04/17/2008,PIA,IL,AGL,CE,Combined TRACON& Tower with Radar,16,40,27,5,88,0,6,40,5,51,16,46,67,10,139,4,0,4,143
04/18/2008,PIA,IL,AGL,CE,Combined TRACON& Tower with Radar,15,41,21,16,93,0,4,22,1,27,15,45,43,17,120,0,0,0,120
04/19/2008,PIA,IL,AGL,CE,Combined TRACON& Tower with Radar,11,38,14,6,69,0,1,20,5,26,11,39,34,11,95,4,0,4,99
04/20/2008,PIA,IL,AGL,CE,Combined TRACON& Tower with Radar,8,45,41,14,108,0,3,31,9,43,8,48,72,23,151,0,0,0,151
04/21/2008,PIA,IL,AGL,CE,Combined TRACON& Tower with Radar,6,43,29,17,95,0,3,32,26,61,6,46,61,43,156,4,14,18,174
04/22/2008,PIA,IL,AGL,CE,Combined TRACON& Tower with Radar,11,49,27,12,99,2,2,22,10,36,13,51,49,22,135,36,24,60,195
04/23/2008,PIA,IL,AGL,CE,Combined TRACON& Tower with Radar,14,44,39,6,103,0,4,31,20,55,14,48,70,26,158,52,42,94,252
04/24/2008,PIA,IL,AGL,CE,Combined TRACON& Tower with Radar,16,51,33,3,103,0,5,11,24,40,16,56,44,27,143,10,18,28,171
04/25/2008,PIA,IL,AGL,CE,Combined TRACON& Tower with Radar,14,36,30,1,81,0,1,8,2,11,14,37,38,3,92,0,0,0,92
04/26/2008,PIA,IL,AGL,CE,Combined TRACON& Tower with Radar,9,33,17,1,60,0,5,35,0,40,9,38,52,1,100,20,0,20,120
04/27/2008,PIA,IL,AGL,CE,Combined TRACON& Tower with Radar,7,37,26,4,74,0,7,42,0,49,7,44,68,4,123,44,0,44,167
04/28/2008,PIA,IL,AGL,CE,Combined TRACON& Tower with Radar,6,43,34,13,96,0,4,10,6,20,6,47,44,19,116,0,22,22,138
04/29/2008,PIA,IL,AGL,CE,Combined TRACON& Tower with Radar,11,45,49,13,118,0,2,34,10,46,11,47,83,23,164,22,14,36,200
04/30/2008,PIA,IL,AGL,CE,Combined TRACON& Tower with Radar,14,41,34,4,93,0,45,32,45,122,14,86,66,49,215,28,6,34,249
05/01/2008,PIA,IL,AGL,CE,Combined TRACON& Tower with Radar,16,46,41,8,111,0,5,29,12,46,16,51,70,20,157,4,8,12,169
05/02/2008,PIA,IL,AGL,CE,Combined TRACON& Tower with Radar,14,37,20,1,72,0,10,10,0,20,14,47,30,1,92,2,0,2,94
05/03/2008,PIA,IL,AGL,CE,Combined TRACON& Tower with Radar,9,34,25,5,73,0,4,11,4,19,9,38,36,9,92,0,0,0,92
05/04/2008,PIA,IL,AGL,CE,Combined TRACON& Tower with Radar,7,35,35,10,87,0,10,47,12,69,7,45,82,22,156,22,16,38,194
05/05/2008,PIA,IL,AGL,CE,Combined TRACON& Tower with Radar,6,41,33,2,82,0,3,30,22,55,6,44,63,24,137,8,12,20,157
05/06/2008,PIA,IL,AGL,CE,Combined TRACON& Tower with Radar,13,44,38,19,114,0,8,21,5,34,13,52,59,24,148,24,12,36,184
05/07/2008,PIA,IL,AGL,CE,Combined TRACON& Tower with Radar,13,42,43,6,104,0,4,17,14,35,13,46,60,20,139,2,0,2,141
05/08/2008,PIA,IL,AGL,CE,Combined TRACON& Tower with Radar,0,0,0,0,0,0,0,0,0,0,0,0,0,0,0,17,7,24,24
05/09/2008,PIA,IL,AGL,CE,Combined TRACON& Tower with Radar,14,47,25,9,95,0,5,17,14,36,14,52,42,23,131,0,12,12,143
05/10/2008,PIA,IL,AGL,CE,Combined TRACON& Tower with Radar,11,36,8,1,56,0,10,19,0,29,11,46,27,1,85,0,0,0,85
05/11/2008,PIA,IL,AGL,CE,Combined TRACON& Tower with Radar,5,32,6,0,43,0,3,2,0,5,5,35,8,0,48,0,0,0,48
05/12/2008,PIA,IL,AGL,CE,Combined TRACON& Tower with Radar,6,45,22,12,85,0,4,49,9,62,6,49,71,21,147,30,14,44,191
05/13/2008,PIA,IL,AGL,CE,Combined TRACON& Tower with Radar,12,41,21,16,90,0,6,26,14,46,12,47,47,30,136,42,20,62,198
05/14/2008,PIA,IL,AGL,CE,Combined TRACON& Tower with Radar,16,41,42,16,115,0,7,26,13,46,16,48,68,29,161,20,40,60,221
05/15/2008,PIA,IL,AGL,CE,Combined TRACON& Tower with Radar,14,45,23,10,92,0,7,30,11,48,14,52,53,21,140,16,10,26,166
05/16/2008,PIA,IL,AGL,CE,Combined TRACON& Tower with Radar,17,41,28,10,96,0,6,35,30,71,17,47,63,40,167,12,22,34,201
05/17/2008,PIA,IL,AGL,CE,Combined TRACON& Tower with Radar,7,36,15,1,59,0,7,34,2,43,7,43,49,3,102,8,0,8,110
05/18/2008,PIA,IL,AGL,CE,Combined TRACON& Tower with Radar,8,36,17,0,61,0,3,38,1,42,8,39,55,1,103,16,0,16,119
05/19/2008,PIA,IL,AGL,CE,Combined TRACON& Tower with Radar,5,41,27,14,87,0,8,9,11,28,5,49,36,25,115,0,0,0,115
05/20/2008,PIA,IL,AGL,CE,Combined TRACON& Tower with Radar,12,41,38,3,94,0,1,25,4,30,12,42,63,7,124,40,4,44,168
05/21/2008,PIA,IL,AGL,CE,Combined TRACON& Tower with Radar,14,42,39,10,105,0,4,35,30,69,14,46,74,40,174,44,14,58,232
05/22/2008,PIA,IL,AGL,CE,Combined TRACON& Tower with Radar,14,42,37,4,97,0,4,40,29,73,14,46,77,33,170,58,12,70,240
05/23/2008,PIA,IL,AGL,CE,Combined TRACON& Tower with Radar,15,39,30,3,87,0,6,1,3,10,15,45,31,6,97,0,0,0,97
05/24/2008,PIA,IL,AGL,CE,Combined TRACON& Tower with Radar,8,38,17,0,63,0,3,47,0,50,8,41,64,0,113,26,0,26,139
05/25/2008,PIA,IL,AGL,CE,Combined TRACON& Tower with Radar,10,26,20,0,56,0,7,14,0,21,10,33,34,0,77,10,0,10,87
05/26/2008,PIA,IL,AGL,CE,Combined TRACON& Tower with Radar,4,38,20,1,63,0,4,45,1,50,4,42,65,2,113,16,0,16,129
05/27/2008,PIA,IL,AGL,CE,Combined TRACON& Tower with Radar,2,43,30,7,82,0,5,13,11,29,2,48,43,18,111,18,4,22,133
05/28/2008,PIA,IL,AGL,CE,Combined TRACON& Tower with Radar,14,41,73,32,160,0,9,31,39,79,14,50,104,71,239,42,44,86,325
05/29/2008,PIA,IL,AGL,CE,Combined TRACON& Tower with Radar,17,46,49,4,116,0,7,54,50,111,17,53,103,54,227,54,9,63,290
05/30/2008,PIA,IL,AGL,CE,Combined TRACON& Tower with Radar,16,37,30,1,84,0,1,11,23,35,16,38,41,24,119,8,0,8,127
05/31/2008,PIA,IL,AGL,CE,Combined TRACON& Tower with Radar,10,37,18,1,66,0,4,23,4,31,10,41,41,5,97,20,0,20,117
06/01/2008,PIA,IL,AGL,CE,Combined TRACON& Tower with Radar,4,37,17,2,60,0,6,55,0,61,4,43,72,2,121,36,0,36,157
06/02/2008,PIA,IL,AGL,CE,Combined TRACON& Tower with Radar,6,41,36,18,101,0,4,20,39,63,6,45,56,57,164,0,28,28,192
06/03/2008,PIA,IL,AGL,CE,Combined TRACON& Tower with Radar,8,36,23,2,69,0,1,7,5,13,8,37,30,7,82,2,2,4,86
06/04/2008,PIA,IL,AGL,CE,Combined TRACON& Tower with Radar,13,40,41,4,98,0,2,30,20,52,13,42,71,24,150,14,2,16,166
06/05/2008,PIA,IL,AGL,CE,Combined TRACON& Tower with Radar,16,37,31,6,90,0,3,7,5,15,16,40,38,11,105,0,0,0,105
06/06/2008,PIA,IL,AGL,CE,Combined TRACON& Tower with Radar,14,40,28,17,99,0,5,7,8,20,14,45,35,25,119,0,12,12,131
06/07/2008,PIA,IL,AGL,CE,Combined TRACON& Tower with Radar,10,34,7,4,55,0,2,10,1,13,10,36,17,5,68,14,0,14,82
06/08/2008,PIA,IL,AGL,CE,Combined TRACON& Tower with Radar,5,32,18,8,63,0,4,23,8,35,5,36,41,16,98,26,10,36,134
06/09/2008,PIA,IL,AGL,CE,Combined TRACON& Tower with Radar,4,32,27,22,85,0,3,9,0,12,4,35,36,22,97,28,16,44,141
06/10/2008,PIA,IL,AGL,CE,Combined TRACON& Tower with Radar,10,45,28,5,88,0,4,39,10,53,10,49,67,15,141,26,6,32,173
06/11/2008,PIA,IL,AGL,CE,Combined TRACON& Tower with Radar,12,43,34,5,94,0,5,41,29,75,12,48,75,34,169,8,22,30,199
06/12/2008,PIA,IL,AGL,CE,Combined TRACON& Tower with Radar,12,43,21,8,84,0,4,14,21,39,12,47,35,29,123,10,4,14,137
06/13/2008,PIA,IL,AGL,CE,Combined TRACON& Tower with Radar,12,42,25,0,79,12,28,18,0,58,24,70,43,0,137,38,0,38,175
06/14/2008,PIA,IL,AGL,CE,Combined TRACON& Tower with Radar,10,38,18,2,68,0,11,53,1,65,10,49,71,3,133,46,0,46,179
06/15/2008,PIA,IL,AGL,CE,Combined TRACON& Tower with Radar,9,32,19,2,62,0,2,20,0,22,9,34,39,2,84,0,0,0,84
06/16/2008,PIA,IL,AGL,CE,Combined TRACON& Tower with Radar,4,40,25,7,76,0,4,63,7,74,4,44,88,14,150,34,2,36,186
06/17/2008,PIA,IL,AGL,CE,Combined TRACON& Tower with Radar,10,41,32,3,86,0,3,29,8,40,10,44,61,11,126,14,14,28,154
06/18/2008,PIA,IL,AGL,CE,Combined TRACON& Tower with Radar,12,40,37,13,102,0,5,38,29,72,12,45,75,42,174,24,18,42,216
06/19/2008,PIA,IL,AGL,CE,Combined TRACON& Tower with Radar,11,44,28,10,93,0,6,29,15,50,11,50,57,25,143,18,16,34,177
06/20/2008,PIA,IL,AGL,CE,Combined TRACON& Tower with Radar,15,43,40,7,105,0,5,32,22,59,15,48,72,29,164,44,22,66,230
06/21/2008,PIA,IL,AGL,CE,Combined TRACON& Tower with Radar,9,38,14,4,65,0,5,38,4,47,9,43,52,8,112,32,0,32,144
06/22/2008,PIA,IL,AGL,CE,Combined TRACON& Tower with Radar,4,35,30,1,70,0,5,30,2,37,4,40,60,3,107,12,0,12,119
06/23/2008,PIA,IL,AGL,CE,Combined TRACON& Tower with Radar,4,41,31,8,84,0,7,52,40,99,4,48,83,48,183,6,22,28,211
06/24/2008,PIA,IL,AGL,CE,Combined TRACON& Tower with Radar,10,39,47,16,112,0,8,22,15,45,10,47,69,31,157,2,14,16,173
06/25/2008,PIA,IL,AGL,CE,Combined TRACON& Tower with Radar,12,42,28,6,88,0,3,14,20,37,12,45,42,26,125,52,4,56,181
06/26/2008,PIA,IL,AGL,CE,Combined TRACON& Tower with Radar,9,49,34,10,102,0,2,31,15,48,9,51,65,25,150,0,2,2,152
06/27/2008,PIA,IL,AGL,CE,Combined TRACON& Tower with Radar,12,38,26,1,77,0,4,24,3,31,12,42,50,4,108,8,0,8,116
06/28/2008,PIA,IL,AGL,CE,Combined TRACON& Tower with Radar,17,41,13,0,71,0,6,28,2,36,17,47,41,2,107,14,0,14,121
06/29/2008,PIA,IL,AGL,CE,Combined TRACON& Tower with Radar,4,36,12,0,52,0,5,21,2,28,4,41,33,2,80,8,0,8,88
06/30/2008,PIA,IL,AGL,CE,Combined TRACON& Tower with Radar,4,38,29,14,85,0,3,31,37,71,4,41,60,51,156,12,42,54,210
07/01/2008,PIA,IL,AGL,CE,Combined TRACON& Tower with Radar,10,42,22,2,76,0,9,56,16,81,10,51,78,18,157,62,32,94,251
07/02/2008,PIA,IL,AGL,CE,Combined TRACON& Tower with Radar,11,43,20,13,87,0,5,17,5,27,11,48,37,18,114,10,22,32,146
07/03/2008,PIA,IL,AGL,CE,Combined TRACON& Tower with Radar,10,44,34,2,90,0,6,24,1,31,10,50,58,3,121,12,0,12,133
07/04/2008,PIA,IL,AGL,CE,Combined TRACON& Tower with Radar,4,32,6,0,42,0,4,23,0,27,4,36,29,0,69,4,0,4,73
07/05/2008,PIA,IL,AGL,CE,Combined TRACON& Tower with Radar,6,36,20,0,62,0,2,35,0,37,6,38,55,0,99,0,0,0,99
07/06/2008,PIA,IL,AGL,CE,Combined TRACON& Tower with Radar,5,42,26,1,74,0,4,20,0,24,5,46,46,1,98,10,0,10,108
07/07/2008,PIA,IL,AGL,CE,Combined TRACON& Tower with Radar,9,43,14,0,66,0,3,4,0,7,9,46,18,0,73,0,0,0,73
07/08/2008,PIA,IL,AGL,CE,Combined TRACON& Tower with Radar,9,41,28,4,82,0,1,16,8,25,9,42,44,12,107,14,12,26,133
07/09/2008,PIA,IL,AGL,CE,Combined TRACON& Tower with Radar,14,48,39,4,105,0,7,43,10,60,14,55,82,14,165,42,10,52,217
07/10/2008,PIA,IL,AGL,CE,Combined TRACON& Tower with Radar,9,41,38,0,88,0,4,36,9,49,9,45,74,9,137,54,8,62,199
07/11/2008,PIA,IL,AGL,CE,Combined TRACON& Tower with Radar,10,44,30,2,86,0,2,15,4,21,10,46,45,6,107,0,0,0,107
07/12/2008,PIA,IL,AGL,CE,Combined TRACON& Tower with Radar,4,34,12,1,51,0,3,21,0,24,4,37,33,1,75,2,0,2,77
07/13/2008,PIA,IL,AGL,CE,Combined TRACON& Tower with Radar,4,41,32,1,78,0,12,54,0,66,4,53,86,1,144,12,0,12,156
07/14/2008,PIA,IL,AGL,CE,Combined TRACON& Tower with Radar,10,52,43,2,107,0,4,37,10,51,10,56,80,12,158,6,2,8,166
07/15/2008,PIA,IL,AGL,CE,Combined TRACON& Tower with Radar,13,38,30,11,92,0,9,43,22,74,13,47,73,33,166,12,6,18,184
07/16/2008,PIA,IL,AGL,CE,Combined TRACON& Tower with Radar,11,43,31,5,90,1,11,20,6,38,12,54,51,11,128,50,10,60,188
07/17/2008,PIA,IL,AGL,CE,Combined TRACON& Tower with Radar,11,43,33,9,96,0,9,21,7,37,11,52,54,16,133,18,16,34,167
07/18/2008,PIA,IL,AGL,CE,Combined TRACON& Tower with Radar,11,44,32,16,103,0,8,25,6,39,11,52,57,22,142,14,22,36,178
07/19/2008,PIA,IL,AGL,CE,Combined TRACON& Tower with Radar,4,33,13,2,52,0,6,10,1,17,4,39,23,3,69,8,2,10,79
07/20/2008,PIA,IL,AGL,CE,Combined TRACON& Tower with Radar,4,36,20,0,60,0,7,32,0,39,4,43,52,0,99,20,0,20,119
07/21/2008,PIA,IL,AGL,CE,Combined TRACON& Tower with Radar,10,45,20,4,79,0,2,16,4,22,10,47,36,8,101,4,2,6,107
07/22/2008,PIA,IL,AGL,CE,Combined TRACON& Tower with Radar,8,44,42,20,114,0,8,16,24,48,8,52,58,44,162,14,46,60,222
07/23/2008,PIA,IL,AGL,CE,Combined TRACON& Tower with Radar,10,42,37,17,106,0,7,46,2,55,10,49,83,19,161,40,16,56,217
07/24/2008,PIA,IL,AGL,CE,Combined TRACON& Tower with Radar,12,41,28,3,84,0,7,21,1,29,12,48,49,4,113,20,0,20,133
07/25/2008,PIA,IL,AGL,CE,Combined TRACON& Tower with Radar,11,47,38,5,101,0,4,10,3,17,11,51,48,8,118,0,0,0,118
07/26/2008,PIA,IL,AGL,CE,Combined TRACON& Tower with Radar,4,34,16,4,58,0,7,15,3,25,4,41,31,7,83,0,0,0,83
07/27/2008,PIA,IL,AGL,CE,Combined TRACON& Tower with Radar,4,45,29,0,78,0,4,19,0,23,4,49,48,0,101,6,0,6,107
07/28/2008,PIA,IL,AGL,CE,Combined TRACON& Tower with Radar,10,44,33,8,95,0,4,15,20,39,10,48,48,28,134,34,18,52,186
07/29/2008,PIA,IL,AGL,CE,Combined TRACON& Tower with Radar,7,45,23,10,85,0,5,13,16,34,7,50,36,26,119,14,6,20,139
07/30/2008,PIA,IL,AGL,CE,Combined TRACON& Tower with Radar,11,43,45,13,112,1,11,36,36,84,12,54,81,49,196,32,34,66,262
07/31/2008,PIA,IL,AGL,CE,Combined TRACON& Tower with Radar,19,45,29,2,95,0,4,24,7,35,19,49,53,9,130,0,0,0,130
08/01/2008,PIA,IL,AGL,CE,Combined TRACON& Tower with Radar,10,41,17,4,72,0,1,14,0,15,10,42,31,4,87,18,0,18,105
08/02/2008,PIA,IL,AGL,CE,Combined TRACON& Tower with Radar,4,38,11,3,56,0,6,23,14,43,4,44,34,17,99,14,6,20,119
08/03/2008,PIA,IL,AGL,CE,Combined TRACON& Tower with Radar,4,37,26,9,76,0,4,12,1,17,4,41,38,10,93,0,0,0,93
08/04/2008,PIA,IL,AGL,CE,Combined TRACON& Tower with Radar,20,41,38,9,108,0,9,18,27,54,20,50,56,36,162,0,18,18,180
08/05/2008,PIA,IL,AGL,CE,Combined TRACON& Tower with Radar,7,44,33,17,101,0,9,16,6,31,7,53,49,23,132,22,18,40,172
08/06/2008,PIA,IL,AGL,CE,Combined TRACON& Tower with Radar,11,41,29,10,91,0,11,27,24,62,11,52,56,34,153,8,10,18,171
08/07/2008,PIA,IL,AGL,CE,Combined TRACON& Tower with Radar,12,46,32,8,98,0,9,30,9,48,12,55,62,17,146,4,8,12,158
08/08/2008,PIA,IL,AGL,CE,Combined TRACON& Tower with Radar,10,39,29,1,79,0,6,21,2,29,10,45,50,3,108,16,0,16,124
08/09/2008,PIA,IL,AGL,CE,Combined TRACON& Tower with Radar,5,34,8,3,50,0,8,27,4,39,5,42,35,7,89,0,0,0,89
08/10/2008,PIA,IL,AGL,CE,Combined TRACON& Tower with Radar,4,37,25,5,71,0,7,33,10,50,4,44,58,15,121,10,0,10,131
08/11/2008,PIA,IL,AGL,CE,Combined TRACON& Tower with Radar,10,38,23,7,78,0,5,26,6,37,10,43,49,13,115,30,4,34,149
08/12/2008,PIA,IL,AGL,CE,Combined TRACON& Tower with Radar,10,40,38,22,110,0,2,27,15,44,10,42,65,37,154,0,18,18,172
08/13/2008,PIA,IL,AGL,CE,Combined TRACON& Tower with Radar,9,45,43,3,100,0,4,15,12,31,9,49,58,15,131,0,4,4,135
08/14/2008,PIA,IL,AGL,CE,Combined TRACON& Tower with Radar,12,47,36,2,97,0,5,23,12,40,12,52,59,14,137,0,2,2,139
08/15/2008,PIA,IL,AGL,CE,Combined TRACON& Tower with Radar,11,40,31,7,89,0,10,34,5,49,11,50,65,12,138,22,10,32,170
08/16/2008,PIA,IL,AGL,CE,Combined TRACON& Tower with Radar,2,37,16,0,55,0,7,41,2,50,2,44,57,2,105,0,0,0,105
08/17/2008,PIA,IL,AGL,CE,Combined TRACON& Tower with Radar,4,38,31,0,73,0,5,32,0,37,4,43,63,0,110,22,0,22,132
08/18/2008,PIA,IL,AGL,CE,Combined TRACON& Tower with Radar,8,40,28,17,93,0,5,24,22,51,8,45,52,39,144,10,20,30,174
08/19/2008,PIA,IL,AGL,CE,Combined TRACON& Tower with Radar,8,42,34,23,107,0,9,38,28,75,8,51,72,51,182,10,38,48,230
08/20/2008,PIA,IL,AGL,CE,Combined TRACON& Tower with Radar,8,42,45,4,99,0,7,44,23,74,8,49,89,27,173,26,20,46,219
08/21/2008,PIA,IL,AGL,CE,Combined TRACON& Tower with Radar,10,43,29,6,88,0,1,3,2,6,10,44,32,8,94,0,8,8,102
08/22/2008,PIA,IL,AGL,CE,Combined TRACON& Tower with Radar,10,48,27,2,87,0,3,11,2,16,10,51,38,4,103,4,0,4,107
08/23/2008,PIA,IL,AGL,CE,Combined TRACON& Tower with Radar,3,33,10,1,47,0,2,21,0,23,3,35,31,1,70,36,0,36,106
08/24/2008,PIA,IL,AGL,CE,Combined TRACON& Tower with Radar,3,36,19,0,58,0,8,48,0,56,3,44,67,0,114,40,0,40,154
08/25/2008,PIA,IL,AGL,CE,Combined TRACON& Tower with Radar,10,42,21,4,77,0,5,20,20,45,10,47,41,24,122,0,44,44,166
08/26/2008,PIA,IL,AGL,CE,Combined TRACON& Tower with Radar,0,0,0,0,0,0,5,3,0,8,0,5,3,0,8,16,18,34,42
08/27/2008,PIA,IL,AGL,CE,Combined TRACON& Tower with Radar,8,43,36,4,91,0,8,17,12,37,8,51,53,16,128,10,12,22,150
08/28/2008,PIA,IL,AGL,CE,Combined TRACON& Tower with Radar,9,44,34,10,97,0,2,3,4,9,9,46,37,14,106,0,0,0,106
08/29/2008,PIA,IL,AGL,CE,Combined TRACON& Tower with Radar,8,41,29,1,79,0,6,16,0,22,8,47,45,1,101,6,0,6,107
08/30/2008,PIA,IL,AGL,CE,Combined TRACON& Tower with Radar,2,30,14,0,46,0,5,29,4,38,2,35,43,4,84,38,4,42,126
08/31/2008,PIA,IL,AGL,CE,Combined TRACON& Tower with Radar,3,27,11,0,41,0,4,32,1,37,3,31,43,1,78,4,0,4,82
09/01/2008,PIA,IL,AGL,CE,Combined TRACON& Tower with Radar,2,40,12,0,54,0,3,33,0,36,2,43,45,0,90,16,0,16,106
09/02/2008,PIA,IL,AGL,CE,Combined TRACON& Tower with Radar,8,42,23,26,99,0,6,16,5,27,8,48,39,31,126,14,26,40,166
09/03/2008,PIA,IL,AGL,CE,Combined TRACON& Tower with Radar,8,41,38,3,90,0,5,13,5,23,8,46,51,8,113,0,2,2,115
09/04/2008,PIA,IL,AGL,CE,Combined TRACON& Tower with Radar,10,39,30,14,93,0,0,0,0,0,10,39,30,14,93,0,0,0,93
09/05/2008,PIA,IL,AGL,CE,Combined TRACON& Tower with Radar,8,41,36,5,90,0,1,18,3,22,8,42,54,8,112,4,12,16,128
09/06/2008,PIA,IL,AGL,CE,Combined TRACON& Tower with Radar,3,35,12,8,58,0,3,48,17,68,3,38,60,25,126,22,8,30,156
09/07/2008,PIA,IL,AGL,CE,Combined TRACON& Tower with Radar,4,41,26,0,71,0,10,38,9,57,4,51,64,9,128,24,10,34,162
09/08/2008,PIA,IL,AGL,CE,Combined TRACON& Tower with Radar,10,37,23,0,70,0,6,3,2,11,10,43,26,2,81,0,0,0,81
09/09/2008,PIA,IL,AGL,CE,Combined TRACON& Tower with Radar,8,41,34,5,88,0,3,32,11,46,8,44,66,16,134,45,12,57,191
09/10/2008,PIA,IL,AGL,CE,Combined TRACON& Tower with Radar,8,42,20,19,89,0,10,11,12,33,8,52,31,31,122,6,62,68,190
09/11/2008,PIA,IL,AGL,CE,Combined TRACON& Tower with Radar,10,39,26,4,79,0,3,3,0,6,10,42,29,4,85,0,2,2,87
09/12/2008,PIA,IL,AGL,CE,Combined TRACON& Tower with Radar,8,36,30,0,74,0,2,4,0,6,8,38,34,0,80,0,0,0,80
09/13/2008,PIA,IL,AGL,CE,Combined TRACON& Tower with Radar,4,33,5,0,42,0,1,11,0,12,4,34,16,0,54,0,0,0,54
09/14/2008,PIA,IL,AGL,CE,Combined TRACON& Tower with Radar,3,35,12,0,50,0,1,5,1,7,3,36,17,1,57,0,0,0,57
09/15/2008,PIA,IL,AGL,CE,Combined TRACON& Tower with Radar,8,41,39,7,95,0,6,22,8,36,8,47,61,15,131,22,8,30,161
09/16/2008,PIA,IL,AGL,CE,Combined TRACON& Tower with Radar,9,41,43,10,103,0,8,35,7,50,9,49,78,17,153,20,14,34,187
09/17/2008,PIA,IL,AGL,CE,Combined TRACON& Tower with Radar,10,45,54,19,128,0,7,49,3,59,10,52,103,22,187,58,16,74,261
09/18/2008,PIA,IL,AGL,CE,Combined TRACON& Tower with Radar,11,37,30,0,78,0,8,24,8,40,11,45,54,8,118,2,0,2,120
09/19/2008,PIA,IL,AGL,CE,Combined TRACON& Tower with Radar,10,39,32,4,85,0,6,46,16,68,10,45,78,20,153,50,4,54,207
09/20/2008,PIA,IL,AGL,CE,Combined TRACON& Tower with Radar,4,32,13,2,51,0,10,20,3,33,4,42,33,5,84,0,0,0,84
09/21/2008,PIA,IL,AGL,CE,Combined TRACON& Tower with Radar,5,41,24,0,70,0,3,15,2,20,5,44,39,2,90,16,0,16,106
09/22/2008,PIA,IL,AGL,CE,Combined TRACON& Tower with Radar,10,40,29,9,88,0,9,33,22,64,10,49,62,31,152,8,24,32,184
09/23/2008,PIA,IL,AGL,CE,Combined TRACON& Tower with Radar,11,41,25,8,85,0,10,31,9,50,11,51,56,17,135,28,6,34,169
09/24/2008,PIA,IL,AGL,CE,Combined TRACON& Tower with Radar,9,40,34,5,88,0,6,21,30,57,9,46,55,35,145,26,12,38,183
09/25/2008,PIA,IL,AGL,CE,Combined TRACON& Tower with Radar,10,47,38,2,97,0,8,30,9,47,10,55,68,11,144,12,8,20,164
09/26/2008,PIA,IL,AGL,CE,Combined TRACON& Tower with Radar,8,43,38,4,93,0,7,33,3,43,8,50,71,7,136,22,0,22,158
09/27/2008,PIA,IL,AGL,CE,Combined TRACON& Tower with Radar,3,34,21,1,59,0,10,47,4,61,3,44,68,5,120,20,0,20,140
09/28/2008,PIA,IL,AGL,CE,Combined TRACON& Tower with Radar,4,35,23,0,62,0,8,49,0,57,4,43,72,0,119,34,0,34,153
09/29/2008,PIA,IL,AGL,CE,Combined TRACON& Tower with Radar,8,39,25,8,80,0,4,12,4,20,8,43,37,12,100,0,16,16,116
09/30/2008,PIA,IL,AGL,CE,Combined TRACON& Tower with Radar,8,40,43,2,93,1,4,13,7,25,9,44,56,9,118,0,0,0,118
10/01/2008,PIA,IL,AGL,CE,Combined TRACON& Tower with Radar,8,39,37,19,103,0,6,30,24,60,8,45,67,43,163,38,12,50,213
10/02/2008,PIA,IL,AGL,CE,Combined TRACON& Tower with Radar,10,46,35,22,113,0,2,22,16,40,10,48,57,38,153,56,46,102,255
10/03/2008,PIA,IL,AGL,CE,Combined TRACON& Tower with Radar,12,37,37,0,86,0,6,53,2,61,12,43,90,2,147,10,0,10,157
10/04/2008,PIA,IL,AGL,CE,Combined TRACON& Tower with Radar,2,38,43,1,84,0,10,116,5,131,2,48,159,6,215,44,0,44,259
10/05/2008,PIA,IL,AGL,CE,Combined TRACON& Tower with Radar,4,34,49,10,97,0,6,48,6,60,4,40,97,16,157,28,24,52,209
10/06/2008,PIA,IL,AGL,CE,Combined TRACON& Tower with Radar,24,39,21,1,85,0,2,18,7,27,24,41,39,8,112,0,4,4,116
10/07/2008,PIA,IL,AGL,CE,Combined TRACON& Tower with Radar,8,39,19,2,68,0,0,6,0,6,8,39,25,2,74,38,0,38,112
10/08/2008,PIA,IL,AGL,CE,Combined TRACON& Tower with Radar,8,46,15,0,69,0,3,17,8,28,8,49,32,8,97,42,8,50,147
10/09/2008,PIA,IL,AGL,CE,Combined TRACON& Tower with Radar,10,43,24,4,81,0,10,47,42,99,10,53,71,46,180,26,32,58,238
10/10/2008,PIA,IL,AGL,CE,Combined TRACON& Tower with Radar,10,41,27,0,78,0,15,35,0,50,10,56,62,0,128,16,0,16,144
10/11/2008,PIA,IL,AGL,CE,Combined TRACON& Tower with Radar,2,32,28,1,63,0,10,41,0,51,2,42,69,1,114,42,0,42,156
10/12/2008,PIA,IL,AGL,CE,Combined TRACON& Tower with Radar,4,36,28,0,68,0,5,33,0,38,4,41,61,0,106,80,0,80,186
10/13/2008,PIA,IL,AGL,CE,Combined TRACON& Tower with Radar,10,40,34,0,84,0,6,21,0,27,10,46,55,0,111,72,0,72,183
10/14/2008,PIA,IL,AGL,CE,Combined TRACON& Tower with Radar,9,41,21,18,89,0,6,14,6,26,9,47,35,24,115,0,8,8,123
10/15/2008,PIA,IL,AGL,CE,Combined TRACON& Tower with Radar,8,39,38,10,95,0,2,0,0,2,8,41,38,10,97,0,0,0,97
10/16/2008,PIA,IL,AGL,CE,Combined TRACON& Tower with Radar,10,38,34,0,82,0,5,21,14,40,10,43,55,14,122,44,14,58,180
10/17/2008,PIA,IL,AGL,CE,Combined TRACON& Tower with Radar,10,43,41,1,95,0,10,22,15,47,10,53,63,16,142,6,12,18,160
10/18/2008,PIA,IL,AGL,CE,Combined TRACON& Tower with Radar,2,30,16,0,48,0,12,47,4,63,2,42,63,4,111,18,0,18,129
10/19/2008,PIA,IL,AGL,CE,Combined TRACON& Tower with Radar,6,32,30,0,68,0,9,45,0,54,6,41,75,0,122,26,0,26,148
10/20/2008,PIA,IL,AGL,CE,Combined TRACON& Tower with Radar,9,44,35,4,92,0,5,20,8,33,9,49,55,12,125,12,24,36,161
10/21/2008,PIA,IL,AGL,CE,Combined TRACON& Tower with Radar,9,39,35,3,86,2,5,27,16,50,11,44,62,19,136,24,12,36,172
10/22/2008,PIA,IL,AGL,CE,Combined TRACON& Tower with Radar,0,0,1,0,1,0,1,3,3,7,0,1,4,3,8,0,2,2,10
10/23/2008,PIA,IL,AGL,CE,Combined TRACON& Tower with Radar,12,42,28,10,92,0,2,2,10,14,12,44,30,20,106,0,32,32,138
10/24/2008,PIA,IL,AGL,CE,Combined TRACON& Tower with Radar,10,45,35,1,91,0,2,4,4,10,10,47,39,5,101,0,0,0,101
10/25/2008,PIA,IL,AGL,CE,Combined TRACON& Tower with Radar,2,41,11,0,54,0,2,10,0,12,2,43,21,0,66,0,0,0,66
10/26/2008,PIA,IL,AGL,CE,Combined TRACON& Tower with Radar,0,0,0,0,0,0,0,1,0,1,0,0,1,0,1,0,0,0,1
10/27/2008,PIA,IL,AGL,CE,Combined TRACON& Tower with Radar,10,41,29,20,100,2,7,17,3,29,12,48,46,23,129,14,22,36,165
10/28/2008,PIA,IL,AGL,CE,Combined TRACON& Tower with Radar,8,38,24,3,73,0,7,29,13,49,8,45,53,16,122,28,12,40,162
10/29/2008,PIA,IL,AGL,CE,Combined TRACON& Tower with Radar,9,39,49,7,104,0,14,27,17,58,9,53,76,24,162,22,14,36,198
10/30/2008,PIA,IL,AGL,CE,Combined TRACON& Tower with Radar,10,47,36,3,96,0,4,30,10,44,10,51,66,13,140,30,10,40,180
10/31/2008,PIA,IL,AGL,CE,Combined TRACON& Tower with Radar,11,37,16,2,66,0,6,26,5,37,11,43,42,7,103,18,0,18,121
11/01/2008,PIA,IL,AGL,CE,Combined TRACON& Tower with Radar,2,33,17,1,53,0,7,21,8,36,2,40,38,9,89,10,4,14,103
11/02/2008,PIA,IL,AGL,CE,Combined TRACON& Tower with Radar,2,35,7,11,55,0,13,40,24,77,2,48,47,35,132,14,40,54,186
11/03/2008,PIA,IL,AGL,CE,Combined TRACON& Tower with Radar,10,38,13,2,63,0,3,25,6,34,10,41,38,8,97,0,8,8,105
11/04/2008,PIA,IL,AGL,CE,Combined TRACON& Tower with Radar,8,34,24,19,85,0,6,14,11,31,8,40,38,30,116,18,36,54,170
11/05/2008,PIA,IL,AGL,CE,Combined TRACON& Tower with Radar,10,41,18,11,80,0,6,24,20,50,10,47,42,31,130,0,36,36,166
11/06/2008,PIA,IL,AGL,CE,Combined TRACON& Tower with Radar,11,39,25,23,98,0,3,10,7,20,11,42,35,30,118,0,30,30,148
11/07/2008,PIA,IL,AGL,CE,Combined TRACON& Tower with Radar,9,36,12,0,57,0,4,9,0,13,9,40,21,0,70,8,0,8,78
11/08/2008,PIA,IL,AGL,CE,Combined TRACON& Tower with Radar,2,25,14,0,41,0,1,2,0,3,2,26,16,0,44,0,0,0,44
11/09/2008,PIA,IL,AGL,CE,Combined TRACON& Tower with Radar,2,34,22,0,58,0,5,34,0,39,2,39,56,0,97,6,0,6,103
11/10/2008,PIA,IL,AGL,CE,Combined TRACON& Tower with Radar,9,38,21,1,69,0,13,33,4,50,9,51,54,5,119,12,0,12,131
11/11/2008,PIA,IL,AGL,CE,Combined TRACON& Tower with Radar,11,35,13,0,59,0,0,2,0,2,11,35,15,0,61,10,0,10,71
11/12/2008,PIA,IL,AGL,CE,Combined TRACON& Tower with Radar,9,40,32,13,94,0,7,7,0,14,9,47,39,13,108,0,0,0,108
11/13/2008,PIA,IL,AGL,CE,Combined TRACON& Tower with Radar,9,43,27,3,82,0,3,5,0,8,9,46,32,3,90,0,0,0,90
11/14/2008,PIA,IL,AGL,CE,Combined TRACON& Tower with Radar,11,43,23,16,93,0,1,0,0,1,11,44,23,16,94,0,10,10,104
11/15/2008,PIA,IL,AGL,CE,Combined TRACON& Tower with Radar,4,30,14,0,48,0,2,9,0,11,4,32,23,0,59,4,0,4,63
11/16/2008,PIA,IL,AGL,CE,Combined TRACON& Tower with Radar,1,43,19,4,67,0,10,39,0,49,1,53,58,4,116,60,0,60,176
11/17/2008,PIA,IL,AGL,CE,Combined TRACON& Tower with Radar,10,45,25,16,96,0,4,12,27,43,10,49,37,43,139,26,74,100,239
11/18/2008,PIA,IL,AGL,CE,Combined TRACON& Tower with Radar,0,0,0,13,13,0,0,2,12,14,0,0,2,25,27,2,48,50,77
11/19/2008,PIA,IL,AGL,CE,Combined TRACON& Tower with Radar,9,33,20,7,69,0,4,19,9,32,9,37,39,16,101,8,16,24,125
11/20/2008,PIA,IL,AGL,CE,Combined TRACON& Tower with Radar,10,38,48,2,98,0,4,22,2,28,10,42,70,4,126,6,2,8,134
11/21/2008,PIA,IL,AGL,CE,Combined TRACON& Tower with Radar,12,39,39,0,90,0,4,44,0,48,12,43,83,0,138,38,0,38,176
11/22/2008,PIA,IL,AGL,CE,Combined TRACON& Tower with Radar,6,33,16,1,56,0,7,34,0,41,6,40,50,1,97,20,0,20,117
11/23/2008,PIA,IL,AGL,CE,Combined TRACON& Tower with Radar,2,34,16,0,52,0,2,26,0,28,2,36,42,0,80,16,0,16,96
11/24/2008,PIA,IL,AGL,CE,Combined TRACON& Tower with Radar,12,40,16,12,80,0,2,6,9,17,12,42,22,21,97,0,18,18,115
11/25/2008,PIA,IL,AGL,CE,Combined TRACON& Tower with Radar,10,44,25,9,88,0,5,25,18,48,10,49,50,27,136,10,24,34,170
11/26/2008,PIA,IL,AGL,CE,Combined TRACON& Tower with Radar,0,0,0,0,0,0,2,4,0,6,0,2,4,0,6,2,0,2,8
11/27/2008,PIA,IL,AGL,CE,Combined TRACON& Tower with Radar,4,21,6,0,31,0,4,7,0,11,4,25,13,0,42,0,0,0,42
11/28/2008,PIA,IL,AGL,CE,Combined TRACON& Tower with Radar,8,29,11,0,48,0,8,9,0,17,8,37,20,0,65,8,0,8,73
11/29/2008,PIA,IL,AGL,CE,Combined TRACON& Tower with Radar,2,28,16,0,46,0,3,23,0,26,2,31,39,0,72,0,0,0,72
11/30/2008,PIA,IL,AGL,CE,Combined TRACON& Tower with Radar,6,33,4,0,43,0,0,0,0,0,6,33,4,0,43,0,0,0,43
12/01/2008,PIA,IL,AGL,CE,Combined TRACON& Tower with Radar,12,35,22,11,80,0,2,4,4,10,12,37,26,15,90,0,2,2,92
12/02/2008,PIA,IL,AGL,CE,Combined TRACON& Tower with Radar,12,35,31,4,82,0,5,10,22,37,12,40,41,26,119,0,6,6,125
12/03/2008,PIA,IL,AGL,CE,Combined TRACON& Tower with Radar,10,36,21,0,67,0,0,11,1,12,10,36,32,1,79,12,0,12,91
12/04/2008,PIA,IL,AGL,CE,Combined TRACON& Tower with Radar,10,43,19,0,72,0,10,24,24,58,10,53,43,24,130,12,20,32,162
12/05/2008,PIA,IL,AGL,CE,Combined TRACON& Tower with Radar,11,38,26,3,78,0,4,31,1,36,11,42,57,4,114,40,0,40,154
12/06/2008,PIA,IL,AGL,CE,Combined TRACON& Tower with Radar,6,29,7,3,45,0,4,6,10,20,6,33,13,13,65,0,10,10,75
12/07/2008,PIA,IL,AGL,CE,Combined TRACON& Tower with Radar,2,34,8,7,51,0,3,28,2,33,2,37,36,9,84,18,0,18,102
12/08/2008,PIA,IL,AGL,CE,Combined TRACON& Tower with Radar,8,31,24,7,70,0,3,9,0,12,8,34,33,7,82,6,8,14,96
12/09/2008,PIA,IL,AGL,CE,Combined TRACON& Tower with Radar,11,32,16,0,59,0,3,3,0,6,11,35,19,0,65,0,0,0,65
12/10/2008,PIA,IL,AGL,CE,Combined TRACON& Tower with Radar,11,42,30,4,87,0,10,25,11,46,11,52,55,15,133,30,24,54,187
12/11/2008,PIA,IL,AGL,CE,Combined TRACON& Tower with Radar,10,38,34,4,86,0,10,18,6,34,10,48,52,10,120,0,18,18,138
12/12/2008,PIA,IL,AGL,CE,Combined TRACON& Tower with Radar,10,41,19,12,82,0,3,28,4,35,10,44,47,16,117,4,4,8,125
12/13/2008,PIA,IL,AGL,CE,Combined TRACON& Tower with Radar,6,31,5,0,42,0,4,7,0,11,6,35,12,0,53,6,0,6,59
12/14/2008,PIA,IL,AGL,CE,Combined TRACON& Tower with Radar,2,36,12,0,50,0,3,5,0,8,2,39,17,0,58,0,0,0,58
12/15/2008,PIA,IL,AGL,CE,Combined TRACON& Tower with Radar,15,43,39,6,103,0,4,9,0,13,15,47,48,6,116,0,6,6,122
12/16/2008,PIA,IL,AGL,CE,Combined TRACON& Tower with Radar,0,0,0,0,0,0,0,0,0,0,0,0,0,0,0,0,0,0,0
12/17/2008,PIA,IL,AGL,CE,Combined TRACON& Tower with Radar,9,43,29,21,102,0,2,12,9,23,9,45,41,30,125,26,20,46,171
12/18/2008,PIA,IL,AGL,CE,Combined TRACON& Tower with Radar,4,30,26,2,62,0,6,17,1,24,4,36,43,3,86,50,0,50,136
12/19/2008,PIA,IL,AGL,CE,Combined TRACON& Tower with Radar,14,28,3,0,45,0,1,3,0,4,14,29,6,0,49,0,0,0,49
12/20/2008,PIA,IL,AGL,CE,Combined TRACON& Tower with Radar,6,32,6,0,44,0,0,1,0,1,6,32,7,0,45,0,0,0,45
12/21/2008,PIA,IL,AGL,CE,Combined TRACON& Tower with Radar,2,25,4,0,31,0,0,1,0,1,2,25,5,0,32,0,0,0,32
12/22/2008,PIA,IL,AGL,CE,Combined TRACON& Tower with Radar,10,34,13,7,64,0,9,6,13,28,10,43,19,20,92,0,38,38,130
12/23/2008,PIA,IL,AGL,CE,Combined TRACON& Tower with Radar,0,0,0,0,0,0,0,2,0,2,0,0,2,0,2,0,0,0,2
12/24/2008,PIA,IL,AGL,CE,Combined TRACON& Tower with Radar,9,37,10,0,56,0,4,12,0,16,9,41,22,0,72,0,0,0,72
12/25/2008,PIA,IL,AGL,CE,Combined TRACON& Tower with Radar,4,30,4,0,38,0,4,10,0,14,4,34,14,0,52,0,0,0,52
12/26/2008,PIA,IL,AGL,CE,Combined TRACON& Tower with Radar,3,11,0,0,14,0,0,2,0,2,3,11,2,0,16,0,0,0,16
12/27/2008,PIA,IL,AGL,CE,Combined TRACON& Tower with Radar,10,25,16,0,51,0,0,0,0,0,10,25,16,0,51,0,0,0,51
12/28/2008,PIA,IL,AGL,CE,Combined TRACON& Tower with Radar,5,35,9,0,49,0,8,16,0,24,5,43,25,0,73,0,0,0,73
12/29/2008,PIA,IL,AGL,CE,Combined TRACON& Tower with Radar,13,34,18,0,65,0,12,31,0,43,13,46,49,0,108,4,0,4,112
12/30/2008,PIA,IL,AGL,CE,Combined TRACON& Tower with Radar,13,37,15,0,65,0,2,13,2,17,13,39,28,2,82,0,0,0,82
12/31/2008,PIA,IL,AGL,CE,Combined TRACON& Tower with Radar,6,38,10,0,54,0,11,22,0,33,6,49,32,0,87,4,0,4,91
01/01/2009,PIA,IL,AGL,CE,Combined TRACON& Tower with Radar,4,32,4,0,40,0,6,13,0,19,4,38,17,0,59,0,0,0,59
01/02/2009,PIA,IL,AGL,CE,Combined TRACON& Tower with Radar,12,36,12,1,61,0,1,26,0,27,12,37,38,1,88,34,0,34,122
01/03/2009,PIA,IL,AGL,CE,Combined TRACON& Tower with Radar,6,31,5,0,42,0,0,6,0,6,6,31,11,0,48,18,0,18,66
01/04/2009,PIA,IL,AGL,CE,Combined TRACON& Tower with Radar,4,32,14,0,50,0,0,9,0,9,4,32,23,0,59,0,0,0,59
01/05/2009,PIA,IL,AGL,CE,Combined TRACON& Tower with Radar,13,35,20,12,80,0,5,21,2,28,13,40,41,14,108,0,26,26,134
01/06/2009,PIA,IL,AGL,CE,Combined TRACON& Tower with Radar,17,39,22,8,86,0,4,6,0,10,17,43,28,8,96,0,0,0,96
01/07/2009,PIA,IL,AGL,CE,Combined TRACON& Tower with Radar,10,38,16,27,91,0,5,9,6,20,10,43,25,33,111,12,10,22,133
01/08/2009,PIA,IL,AGL,CE,Combined TRACON& Tower with Radar,12,38,12,6,68,0,6,17,7,30,12,44,29,13,98,0,14,14,112
01/09/2009,PIA,IL,AGL,CE,Combined TRACON& Tower with Radar,10,35,10,7,62,0,2,12,18,32,10,37,22,25,94,0,0,0,94
01/10/2009,PIA,IL,AGL,CE,Combined TRACON& Tower with Radar,6,27,9,8,50,0,2,4,0,6,6,29,13,8,56,0,0,0,56
01/11/2009,PIA,IL,AGL,CE,Combined TRACON& Tower with Radar,2,31,12,4,49,0,3,6,6,15,2,34,18,10,64,0,24,24,88
01/12/2009,PIA,IL,AGL,CE,Combined TRACON& Tower with Radar,10,35,6,6,57,0,0,0,0,0,10,35,6,6,57,0,0,0,57
01/13/2009,PIA,IL,AGL,CE,Combined TRACON& Tower with Radar,9,36,23,27,95,0,2,9,36,47,9,38,32,63,142,0,64,64,206
01/14/2009,PIA,IL,AGL,CE,Combined TRACON& Tower with Radar,0,0,0,0,0,0,2,3,0,5,0,2,3,0,5,0,18,18,23
01/15/2009,PIA,IL,AGL,CE,Combined TRACON& Tower with Radar,10,42,24,2,78,0,1,8,0,9,10,43,32,2,87,4,0,4,91
01/16/2009,PIA,IL,AGL,CE,Combined TRACON& Tower with Radar,12,40,15,1,68,0,4,1,0,5,12,44,16,1,73,0,0,0,73
01/17/2009,PIA,IL,AGL,CE,Combined TRACON& Tower with Radar,7,26,10,0,43,0,5,4,0,9,7,31,14,0,52,0,0,0,52
01/18/2009,PIA,IL,AGL,CE,Combined TRACON& Tower with Radar,2,32,18,0,52,0,4,11,0,15,2,36,29,0,67,30,0,30,97
01/19/2009,PIA,IL,AGL,CE,Combined TRACON& Tower with Radar,12,37,19,1,69,0,3,23,0,26,12,40,42,1,95,16,4,20,115
01/20/2009,PIA,IL,AGL,CE,Combined TRACON& Tower with Radar,10,40,13,1,64,0,4,13,6,23,10,44,26,7,87,20,8,28,115
01/21/2009,PIA,IL,AGL,CE,Combined TRACON& Tower with Radar,8,39,32,32,111,0,2,17,16,35,8,41,49,48,146,16,42,58,204
01/22/2009,PIA,IL,AGL,CE,Combined TRACON& Tower with Radar,10,37,36,9,92,0,2,26,7,35,10,39,62,16,127,22,20,42,169
01/23/2009,PIA,IL,AGL,CE,Combined TRACON& Tower with Radar,10,38,20,9,77,0,9,20,0,29,10,47,40,9,106,14,12,26,132
01/24/2009,PIA,IL,AGL,CE,Combined TRACON& Tower with Radar,4,27,4,0,35,0,5,26,0,31,4,32,30,0,66,2,0,2,68
01/25/2009,PIA,IL,AGL,CE,Combined TRACON& Tower with Radar,2,32,8,0,42,0,2,6,0,8,2,34,14,0,50,0,0,0,50
01/26/2009,PIA,IL,AGL,CE,Combined TRACON& Tower with Radar,10,46,18,5,79,0,5,15,46,66,10,51,33,51,145,0,12,12,157
01/27/2009,PIA,IL,AGL,CE,Combined TRACON& Tower with Radar,10,36,12,23,81,0,1,7,14,22,10,37,19,37,103,0,14,14,117
01/28/2009,PIA,IL,AGL,CE,Combined TRACON& Tower with Radar,10,40,29,11,90,0,6,9,13,28,10,46,38,24,118,18,28,46,164
01/29/2009,PIA,IL,AGL,CE,Combined TRACON& Tower with Radar,10,34,13,9,66,0,4,10,1,15,10,38,23,10,81,16,0,16,97
01/30/2009,PIA,IL,AGL,CE,Combined TRACON& Tower with Radar,12,37,20,3,72,0,2,22,0,24,12,39,42,3,96,4,14,18,114
01/31/2009,PIA,IL,AGL,CE,Combined TRACON& Tower with Radar,6,27,8,1,42,0,3,13,0,16,6,30,21,1,58,4,0,4,62
02/01/2009,PIA,IL,AGL,CE,Combined TRACON& Tower with Radar,11,58,28,0,97,0,10,59,0,69,11,68,87,0,166,54,0,54,220
02/02/2009,PIA,IL,AGL,CE,Combined TRACON& Tower with Radar,10,41,9,20,80,0,3,7,5,15,10,44,16,25,95,0,26,26,121
02/03/2009,PIA,IL,AGL,CE,Combined TRACON& Tower with Radar,12,39,17,4,72,0,2,7,5,14,12,41,24,9,86,0,8,8,94
02/04/2009,PIA,IL,AGL,CE,Combined TRACON& Tower with Radar,11,43,26,8,88,0,2,13,5,20,11,45,39,13,108,8,24,32,140
02/05/2009,PIA,IL,AGL,CE,Combined TRACON& Tower with Radar,12,39,39,3,93,0,4,23,12,39,12,43,62,15,132,2,22,24,156
02/06/2009,PIA,IL,AGL,CE,Combined TRACON& Tower with Radar,17,33,13,19,82,0,1,24,2,27,17,34,37,21,109,4,24,28,137
02/07/2009,PIA,IL,AGL,CE,Combined TRACON& Tower with Radar,6,30,16,6,58,0,4,9,9,22,6,34,25,15,80,2,22,24,104
02/08/2009,PIA,IL,AGL,CE,Combined TRACON& Tower with Radar,4,34,19,21,78,0,0,9,0,9,4,34,28,21,87,10,0,10,97
02/09/2009,PIA,IL,AGL,CE,Combined TRACON& Tower with Radar,10,41,10,15,76,0,8,10,7,25,10,49,20,22,101,0,14,14,115
02/10/2009,PIA,IL,AGL,CE,Combined TRACON& Tower with Radar,12,42,20,5,79,0,5,18,21,44,12,47,38,26,123,22,20,42,165
02/11/2009,PIA,IL,AGL,CE,Combined TRACON& Tower with Radar,22,60,37,13,132,0,6,4,0,10,22,66,41,13,142,0,10,10,152
02/12/2009,PIA,IL,AGL,CE,Combined TRACON& Tower with Radar,17,45,27,11,100,0,4,19,5,28,17,49,46,16,128,24,24,48,176
02/13/2009,PIA,IL,AGL,CE,Combined TRACON& Tower with Radar,9,40,37,3,89,0,1,24,1,26,9,41,61,4,115,24,0,24,139
02/14/2009,PIA,IL,AGL,CE,Combined TRACON& Tower with Radar,5,31,6,1,43,0,3,9,0,12,5,34,15,1,55,18,0,18,73
02/15/2009,PIA,IL,AGL,CE,Combined TRACON& Tower with Radar,4,34,12,0,50,0,3,28,1,32,4,37,40,1,82,30,0,30,112
02/16/2009,PIA,IL,AGL,CE,Combined TRACON& Tower with Radar,9,39,19,0,67,0,1,25,1,27,9,40,44,1,94,34,0,34,128
02/17/2009,PIA,IL,AGL,CE,Combined TRACON& Tower with Radar,12,47,18,0,77,0,3,6,0,9,12,50,24,0,86,0,0,0,86
02/18/2009,PIA,IL,AGL,CE,Combined TRACON& Tower with Radar,14,41,24,13,92,0,0,0,2,2,14,41,24,15,94,0,10,10,104
02/19/2009,PIA,IL,AGL,CE,Combined TRACON& Tower with Radar,30,59,36,12,137,0,3,9,19,31,30,62,45,31,168,10,40,50,218
02/20/2009,PIA,IL,AGL,CE,Combined TRACON& Tower with Radar,12,48,42,20,122,0,5,20,13,38,12,53,62,33,160,10,48,58,218
02/21/2009,PIA,IL,AGL,CE,Combined TRACON& Tower with Radar,4,28,6,2,40,0,1,1,0,2,4,29,7,2,42,0,0,0,42
02/22/2009,PIA,IL,AGL,CE,Combined TRACON& Tower with Radar,5,35,19,0,59,0,5,31,0,36,5,40,50,0,95,36,0,36,131
02/23/2009,PIA,IL,AGL,CE,Combined TRACON& Tower with Radar,10,44,25,13,92,0,10,20,26,56,10,54,45,39,148,8,56,64,212
02/24/2009,PIA,IL,AGL,CE,Combined TRACON& Tower with Radar,12,46,18,23,99,0,5,20,29,54,12,51,38,52,153,6,46,52,205
02/25/2009,PIA,IL,AGL,CE,Combined TRACON& Tower with Radar,0,0,0,0,0,0,0,0,2,2,0,0,0,2,2,0,108,108,110
02/26/2009,PIA,IL,AGL,CE,Combined TRACON& Tower with Radar,15,39,27,0,81,0,0,1,0,1,15,39,28,0,82,0,0,0,82
02/27/2009,PIA,IL,AGL,CE,Combined TRACON& Tower with Radar,11,43,18,0,72,0,2,5,0,7,11,45,23,0,79,0,0,0,79
02/28/2009,PIA,IL,AGL,CE,Combined TRACON& Tower with Radar,4,31,13,0,48,0,7,12,0,19,4,38,25,0,67,0,0,0,67
03/01/2009,PIA,IL,AGL,CE,Combined TRACON& Tower with Radar,4,32,12,1,49,0,3,24,0,27,4,35,36,1,76,28,0,28,104
03/02/2009,PIA,IL,AGL,CE,Combined TRACON& Tower with Radar,10,45,20,11,86,0,3,13,3,19,10,48,33,14,105,10,48,58,163
03/03/2009,PIA,IL,AGL,CE,Combined TRACON& Tower with Radar,12,43,23,15,93,0,5,14,2,21,12,48,37,17,114,24,36,60,174
03/04/2009,PIA,IL,AGL,CE,Combined TRACON& Tower with Radar,12,51,25,17,105,0,3,29,6,38,12,54,54,23,143,32,40,72,215
03/05/2009,PIA,IL,AGL,CE,Combined TRACON& Tower with Radar,14,48,30,1,93,0,4,22,0,26,14,52,52,1,119,0,0,0,119
03/06/2009,PIA,IL,AGL,CE,Combined TRACON& Tower with Radar,12,48,11,16,87,0,11,37,0,48,12,59,48,16,135,16,20,36,171
03/07/2009,PIA,IL,AGL,CE,Combined TRACON& Tower with Radar,4,34,15,3,56,0,0,0,0,0,4,34,15,3,56,16,0,16,72
03/08/2009,PIA,IL,AGL,CE,Combined TRACON& Tower with Radar,10,33,5,2,50,0,0,0,0,0,10,33,5,2,50,0,0,0,50
03/09/2009,PIA,IL,AGL,CE,Combined TRACON& Tower with Radar,10,41,29,15,95,0,2,6,0,8,10,43,35,15,103,6,4,10,113
03/10/2009,PIA,IL,AGL,CE,Combined TRACON& Tower with Radar,13,42,15,19,89,0,1,1,1,3,13,43,16,20,92,0,12,12,104
03/11/2009,PIA,IL,AGL,CE,Combined TRACON& Tower with Radar,14,49,14,15,92,0,9,28,13,50,14,58,42,28,142,4,36,40,182
03/12/2009,PIA,IL,AGL,CE,Combined TRACON& Tower with Radar,16,42,28,2,88,0,7,14,4,25,16,49,42,6,113,18,0,18,131
03/13/2009,PIA,IL,AGL,CE,Combined TRACON& Tower with Radar,10,50,15,0,75,0,4,33,1,38,10,54,48,1,113,2,0,2,115
03/14/2009,PIA,IL,AGL,CE,Combined TRACON& Tower with Radar,6,39,17,1,63,0,8,50,0,58,6,47,67,1,121,2,0,2,123
03/15/2009,PIA,IL,AGL,CE,Combined TRACON& Tower with Radar,4,43,23,0,70,0,11,37,0,48,4,54,60,0,118,0,0,0,118
03/16/2009,PIA,IL,AGL,CE,Combined TRACON& Tower with Radar,10,37,18,13,78,0,6,27,6,39,10,43,45,19,117,32,54,86,203
03/17/2009,PIA,IL,AGL,CE,Combined TRACON& Tower with Radar,12,48,18,2,80,0,1,18,2,21,12,49,36,4,101,0,12,12,113
03/18/2009,PIA,IL,AGL,CE,Combined TRACON& Tower with Radar,12,44,28,16,100,0,6,22,11,39,12,50,50,27,139,6,20,26,165
03/19/2009,PIA,IL,AGL,CE,Combined TRACON& Tower with Radar,18,48,28,3,97,0,6,25,2,33,18,54,53,5,130,8,0,8,138
03/20/2009,PIA,IL,AGL,CE,Combined TRACON& Tower with Radar,10,47,15,20,92,0,8,17,0,25,10,55,32,20,117,0,10,10,127
03/21/2009,PIA,IL,AGL,CE,Combined TRACON& Tower with Radar,6,33,4,0,43,0,5,35,0,40,6,38,39,0,83,4,0,4,87
03/22/2009,PIA,IL,AGL,CE,Combined TRACON& Tower with Radar,4,36,11,2,53,0,2,19,0,21,4,38,30,2,74,0,0,0,74
03/23/2009,PIA,IL,AGL,CE,Combined TRACON& Tower with Radar,11,41,24,11,87,0,7,9,1,17,11,48,33,12,104,0,10,10,114
03/24/2009,PIA,IL,AGL,CE,Combined TRACON& Tower with Radar,12,43,7,10,72,0,0,0,0,0,12,43,7,10,72,0,28,28,100
03/25/2009,PIA,IL,AGL,CE,Combined TRACON& Tower with Radar,12,43,24,9,88,0,6,21,4,31,12,49,45,13,119,18,12,30,149
03/26/2009,PIA,IL,AGL,CE,Combined TRACON& Tower with Radar,16,48,31,20,115,0,5,24,6,35,16,53,55,26,150,8,52,60,210
03/27/2009,PIA,IL,AGL,CE,Combined TRACON& Tower with Radar,10,41,14,0,65,0,6,9,0,15,10,47,23,0,80,0,0,0,80
03/28/2009,PIA,IL,AGL,CE,Combined TRACON& Tower with Radar,6,41,18,0,65,0,0,9,0,9,6,41,27,0,74,0,0,0,74
03/29/2009,PIA,IL,AGL,CE,Combined TRACON& Tower with Radar,4,38,9,0,51,0,5,11,0,16,4,43,20,0,67,0,0,0,67
03/30/2009,PIA,IL,AGL,CE,Combined TRACON& Tower with Radar,11,44,16,9,80,0,6,16,6,28,11,50,32,15,108,20,30,50,158
03/31/2009,PIA,IL,AGL,CE,Combined TRACON& Tower with Radar,14,42,24,17,97,0,2,12,3,17,14,44,36,20,114,0,16,16,130
04/01/2009,PIA,IL,AGL,CE,Combined TRACON& Tower with Radar,12,48,25,9,94,0,4,29,9,42,12,52,54,18,136,50,34,84,220
04/02/2009,PIA,IL,AGL,CE,Combined TRACON& Tower with Radar,19,39,25,2,85,0,1,12,6,19,19,40,37,8,104,0,10,10,114
04/03/2009,PIA,IL,AGL,CE,Combined TRACON& Tower with Radar,12,51,23,7,93,0,2,22,6,30,12,53,45,13,123,20,12,32,155
04/04/2009,PIA,IL,AGL,CE,Combined TRACON& Tower with Radar,8,37,35,3,83,0,26,48,5,79,8,63,83,8,162,34,6,40,202
04/05/2009,PIA,IL,AGL,CE,Combined TRACON& Tower with Radar,4,37,10,14,65,0,0,1,5,6,4,37,11,19,71,0,22,22,93
04/06/2009,PIA,IL,AGL,CE,Combined TRACON& Tower with Radar,12,47,8,24,91,0,5,6,0,11,12,52,14,24,102,0,30,30,132
04/07/2009,PIA,IL,AGL,CE,Combined TRACON& Tower with Radar,14,49,21,30,114,0,5,24,4,33,14,54,45,34,147,12,88,100,247
04/08/2009,PIA,IL,AGL,CE,Combined TRACON& Tower with Radar,14,44,17,24,99,0,6,16,4,26,14,50,33,28,125,10,10,20,145
04/09/2009,PIA,IL,AGL,CE,Combined TRACON& Tower with Radar,16,42,16,2,76,0,11,37,17,65,16,53,53,19,141,24,16,40,181
04/10/2009,PIA,IL,AGL,CE,Combined TRACON& Tower with Radar,12,45,13,1,71,0,1,15,0,16,12,46,28,1,87,0,0,0,87
04/11/2009,PIA,IL,AGL,CE,Combined TRACON& Tower with Radar,10,38,16,0,64,0,10,40,0,50,10,48,56,0,114,16,0,16,130
04/12/2009,PIA,IL,AGL,CE,Combined TRACON& Tower with Radar,4,37,10,2,53,0,11,36,0,47,4,48,46,2,100,8,0,8,108
04/13/2009,PIA,IL,AGL,CE,Combined TRACON& Tower with Radar,12,32,27,5,76,0,0,1,0,1,12,32,28,5,77,0,0,0,77
04/14/2009,PIA,IL,AGL,CE,Combined TRACON& Tower with Radar,12,51,16,23,102,0,1,19,4,24,12,52,35,27,126,0,0,0,126
04/15/2009,PIA,IL,AGL,CE,Combined TRACON& Tower with Radar,9,43,30,7,89,0,4,24,12,40,9,47,54,19,129,16,48,64,193
04/16/2009,PIA,IL,AGL,CE,Combined TRACON& Tower with Radar,14,53,20,5,92,0,10,38,0,48,14,63,58,5,140,6,0,6,146
04/17/2009,PIA,IL,AGL,CE,Combined TRACON& Tower with Radar,12,44,30,2,88,0,6,33,2,41,12,50,63,4,129,6,0,6,135
04/18/2009,PIA,IL,AGL,CE,Combined TRACON& Tower with Radar,4,41,9,0,54,0,5,18,0,23,4,46,27,0,77,8,0,8,85
04/19/2009,PIA,IL,AGL,CE,Combined TRACON& Tower with Radar,2,35,13,2,52,0,0,0,0,0,2,35,13,2,52,0,0,0,52
04/20/2009,PIA,IL,AGL,CE,Combined TRACON& Tower with Radar,10,45,11,19,85,0,6,18,0,24,10,51,29,19,109,0,20,20,129
04/21/2009,PIA,IL,AGL,CE,Combined TRACON& Tower with Radar,12,45,24,26,107,0,4,13,9,26,12,49,37,35,133,0,26,26,159
04/22/2009,PIA,IL,AGL,CE,Combined TRACON& Tower with Radar,10,42,22,27,101,0,6,22,15,43,10,48,44,42,144,4,8,12,156
04/23/2009,PIA,IL,AGL,CE,Combined TRACON& Tower with Radar,12,46,24,5,87,0,4,27,2,33,12,50,51,7,120,10,10,20,140
04/24/2009,PIA,IL,AGL,CE,Combined TRACON& Tower with Radar,12,45,21,0,78,0,5,13,2,20,12,50,34,2,98,0,0,0,98
04/25/2009,PIA,IL,AGL,CE,Combined TRACON& Tower with Radar,14,38,8,0,60,0,2,7,0,9,14,40,15,0,69,0,0,0,69
04/26/2009,PIA,IL,AGL,CE,Combined TRACON& Tower with Radar,7,41,9,0,57,0,5,11,0,16,7,46,20,0,73,4,0,4,77
04/27/2009,PIA,IL,AGL,CE,Combined TRACON& Tower with Radar,11,38,24,4,77,0,3,4,0,7,11,41,28,4,84,0,0,0,84
04/28/2009,PIA,IL,AGL,CE,Combined TRACON& Tower with Radar,12,49,50,13,124,0,1,2,0,3,12,50,52,13,127,0,0,0,127
04/29/2009,PIA,IL,AGL,CE,Combined TRACON& Tower with Radar,10,45,41,22,118,0,3,10,0,13,10,48,51,22,131,6,0,6,137
04/30/2009,PIA,IL,AGL,CE,Combined TRACON& Tower with Radar,12,40,28,3,83,0,4,8,3,15,12,44,36,6,98,0,6,6,104
05/01/2009,PIA,IL,AGL,CE,Combined TRACON& Tower with Radar,12,41,29,16,98,0,3,26,4,33,12,44,55,20,131,12,40,52,183
05/02/2009,PIA,IL,AGL,CE,Combined TRACON& Tower with Radar,4,36,25,5,70,0,8,57,18,83,4,44,82,23,153,6,0,6,159
05/03/2009,PIA,IL,AGL,CE,Combined TRACON& Tower with Radar,2,37,12,4,55,0,6,35,3,44,2,43,47,7,99,28,14,42,141
05/04/2009,PIA,IL,AGL,CE,Combined TRACON& Tower with Radar,10,41,31,7,89,0,5,28,9,42,10,46,59,16,131,0,20,20,151
05/05/2009,PIA,IL,AGL,CE,Combined TRACON& Tower with Radar,12,45,28,2,87,0,3,24,16,43,12,48,52,18,130,26,0,26,156
05/06/2009,PIA,IL,AGL,CE,Combined TRACON& Tower with Radar,10,42,21,2,75,0,1,16,6,23,10,43,37,8,98,0,14,14,112
05/07/2009,PIA,IL,AGL,CE,Combined TRACON& Tower with Radar,12,52,27,3,94,0,4,17,9,30,12,56,44,12,124,12,0,12,136
05/08/2009,PIA,IL,AGL,CE,Combined TRACON& Tower with Radar,12,47,36,0,95,0,3,13,0,16,12,50,49,0,111,0,0,0,111
05/09/2009,PIA,IL,AGL,CE,Combined TRACON& Tower with Radar,4,34,15,0,53,0,5,25,0,30,4,39,40,0,83,0,0,0,83
05/10/2009,PIA,IL,AGL,CE,Combined TRACON& Tower with Radar,2,38,10,1,51,0,8,45,0,53,2,46,55,1,104,12,0,12,116
05/11/2009,PIA,IL,AGL,CE,Combined TRACON& Tower with Radar,10,43,23,9,85,0,7,32,2,41,10,50,55,11,126,4,0,4,130
05/12/2009,PIA,IL,AGL,CE,Combined TRACON& Tower with Radar,12,44,13,6,75,0,1,26,11,38,12,45,39,17,113,0,16,16,129
05/13/2009,PIA,IL,AGL,CE,Combined TRACON& Tower with Radar,11,49,16,0,76,0,0,0,0,0,11,49,16,0,76,0,0,0,76
05/14/2009,PIA,IL,AGL,CE,Combined TRACON& Tower with Radar,13,45,21,4,83,0,6,38,8,52,13,51,59,12,135,0,0,0,135
05/15/2009,PIA,IL,AGL,CE,Combined TRACON& Tower with Radar,16,35,10,1,62,0,1,2,0,3,16,36,12,1,65,0,0,0,65
05/16/2009,PIA,IL,AGL,CE,Combined TRACON& Tower with Radar,4,36,16,2,58,0,3,19,1,23,4,39,35,3,81,18,0,18,99
05/17/2009,PIA,IL,AGL,CE,Combined TRACON& Tower with Radar,4,36,5,0,45,0,11,49,0,60,4,47,54,0,105,12,0,12,117
05/18/2009,PIA,IL,AGL,CE,Combined TRACON& Tower with Radar,10,43,15,13,81,0,3,27,0,30,10,46,42,13,111,8,16,24,135
05/19/2009,PIA,IL,AGL,CE,Combined TRACON& Tower with Radar,12,46,26,3,87,0,5,47,8,60,12,51,73,11,147,12,0,12,159
05/20/2009,PIA,IL,AGL,CE,Combined TRACON& Tower with Radar,16,50,34,3,103,0,5,46,13,64,16,55,80,16,167,10,2,12,179
05/21/2009,PIA,IL,AGL,CE,Combined TRACON& Tower with Radar,12,51,19,13,95,0,5,29,12,46,12,56,48,25,141,8,40,48,189
05/22/2009,PIA,IL,AGL,CE,Combined TRACON& Tower with Radar,14,39,30,1,84,0,3,36,0,39,14,42,66,1,123,18,0,18,141
05/23/2009,PIA,IL,AGL,CE,Combined TRACON& Tower with Radar,4,35,0,1,40,0,4,15,0,19,4,39,15,1,59,0,0,0,59
05/24/2009,PIA,IL,AGL,CE,Combined TRACON& Tower with Radar,2,28,12,0,42,0,6,21,0,27,2,34,33,0,69,0,0,0,69
05/25/2009,PIA,IL,AGL,CE,Combined TRACON& Tower with Radar,6,39,6,0,51,0,4,6,0,10,6,43,12,0,61,0,0,0,61
05/26/2009,PIA,IL,AGL,CE,Combined TRACON& Tower with Radar,10,45,10,0,65,0,1,6,0,7,10,46,16,0,72,0,0,0,72
05/27/2009,PIA,IL,AGL,CE,Combined TRACON& Tower with Radar,16,43,22,15,96,0,3,5,5,13,16,46,27,20,109,0,0,0,109
05/28/2009,PIA,IL,AGL,CE,Combined TRACON& Tower with Radar,12,42,24,11,89,0,3,22,4,29,12,45,46,15,118,8,30,38,156
05/29/2009,PIA,IL,AGL,CE,Combined TRACON& Tower with Radar,14,40,28,1,83,0,6,39,0,45,14,46,67,1,128,6,4,10,138
05/30/2009,PIA,IL,AGL,CE,Combined TRACON& Tower with Radar,6,35,14,3,58,0,8,15,2,25,6,43,29,5,83,0,0,0,83
05/31/2009,PIA,IL,AGL,CE,Combined TRACON& Tower with Radar,2,36,21,4,63,0,6,55,0,61,2,42,76,4,124,22,0,22,146
06/01/2009,PIA,IL,AGL,CE,Combined TRACON& Tower with Radar,12,41,16,10,79,0,2,9,3,14,12,43,25,13,93,0,46,46,139
06/02/2009,PIA,IL,AGL,CE,Combined TRACON& Tower with Radar,12,44,17,3,76,0,3,10,0,13,12,47,27,3,89,0,4,4,93
06/03/2009,PIA,IL,AGL,CE,Combined TRACON& Tower with Radar,14,40,32,12,98,0,3,24,9,36,14,43,56,21,134,6,22,28,162
06/04/2009,PIA,IL,AGL,CE,Combined TRACON& Tower with Radar,12,42,35,4,93,0,4,36,11,51,12,46,71,15,144,0,0,0,144
06/05/2009,PIA,IL,AGL,CE,Combined TRACON& Tower with Radar,14,39,33,5,91,0,5,53,4,62,14,44,86,9,153,18,2,20,173
06/06/2009,PIA,IL,AGL,CE,Combined TRACON& Tower with Radar,6,31,9,0,46,0,3,10,0,13,6,34,19,0,59,0,0,0,59
06/07/2009,PIA,IL,AGL,CE,Combined TRACON& Tower with Radar,6,32,12,3,53,0,1,8,4,13,6,33,20,7,66,0,2,2,68
06/08/2009,PIA,IL,AGL,CE,Combined TRACON& Tower with Radar,12,37,14,18,81,0,2,7,7,16,12,39,21,25,97,0,42,42,139
06/09/2009,PIA,IL,AGL,CE,Combined TRACON& Tower with Radar,10,38,12,28,88,0,2,20,26,48,10,40,32,54,136,8,40,48,184
06/10/2009,PIA,IL,AGL,CE,Combined TRACON& Tower with Radar,14,37,47,6,104,0,5,28,3,36,14,42,75,9,140,10,0,10,150
06/11/2009,PIA,IL,AGL,CE,Combined TRACON& Tower with Radar,12,42,31,7,92,0,2,5,0,7,12,44,36,7,99,0,0,0,99
06/12/2009,PIA,IL,AGL,CE,Combined TRACON& Tower with Radar,12,38,15,0,65,0,4,30,0,34,12,42,45,0,99,0,0,0,99
06/13/2009,PIA,IL,AGL,CE,Combined TRACON& Tower with Radar,6,31,27,3,67,0,8,14,0,22,6,39,41,3,89,0,0,0,89
06/14/2009,PIA,IL,AGL,CE,Combined TRACON& Tower with Radar,6,31,18,1,56,0,6,19,0,25,6,37,37,1,81,0,0,0,81
06/15/2009,PIA,IL,AGL,CE,Combined TRACON& Tower with Radar,14,40,18,3,75,0,6,23,6,35,14,46,41,9,110,12,0,12,122
06/16/2009,PIA,IL,AGL,CE,Combined TRACON& Tower with Radar,10,36,12,4,62,0,2,13,0,15,10,38,25,4,77,0,0,0,77
06/17/2009,PIA,IL,AGL,CE,Combined TRACON& Tower with Radar,14,42,31,9,96,0,4,33,5,42,14,46,64,14,138,0,0,0,138
06/18/2009,PIA,IL,AGL,CE,Combined TRACON& Tower with Radar,12,40,20,6,78,0,3,16,2,21,12,43,36,8,99,0,0,0,99
06/19/2009,PIA,IL,AGL,CE,Combined TRACON& Tower with Radar,22,34,17,7,80,0,6,15,5,26,22,40,32,12,106,0,24,24,130
06/20/2009,PIA,IL,AGL,CE,Combined TRACON& Tower with Radar,6,33,14,1,54,0,7,39,0,46,6,40,53,1,100,12,0,12,112
06/21/2009,PIA,IL,AGL,CE,Combined TRACON& Tower with Radar,6,32,8,3,49,0,2,12,0,14,6,34,20,3,63,0,0,0,63
06/22/2009,PIA,IL,AGL,CE,Combined TRACON& Tower with Radar,8,32,14,5,59,0,4,14,0,18,8,36,28,5,77,0,0,0,77
06/23/2009,PIA,IL,AGL,CE,Combined TRACON& Tower with Radar,10,38,17,2,67,0,8,35,9,52,10,46,52,11,119,0,28,28,147
06/24/2009,PIA,IL,AGL,CE,Combined TRACON& Tower with Radar,16,38,38,24,116,0,2,45,7,54,16,40,83,31,170,14,10,24,194
06/25/2009,PIA,IL,AGL,CE,Combined TRACON& Tower with Radar,12,38,34,6,90,0,7,24,7,38,12,45,58,13,128,0,0,0,128
06/26/2009,PIA,IL,AGL,CE,Combined TRACON& Tower with Radar,12,44,28,2,86,0,9,38,0,47,12,53,66,2,133,42,0,42,175
06/27/2009,PIA,IL,AGL,CE,Combined TRACON& Tower with Radar,6,34,23,0,63,0,2,30,0,32,6,36,53,0,95,10,0,10,105
06/28/2009,PIA,IL,AGL,CE,Combined TRACON& Tower with Radar,4,34,15,0,53,0,5,20,0,25,4,39,35,0,78,0,0,0,78
06/29/2009,PIA,IL,AGL,CE,Combined TRACON& Tower with Radar,12,39,11,6,68,0,5,23,2,30,12,44,34,8,98,18,0,18,116
06/30/2009,PIA,IL,AGL,CE,Combined TRACON& Tower with Radar,12,42,24,9,87,0,5,21,1,27,12,47,45,10,114,6,8,14,128
07/01/2009,PIA,IL,AGL,CE,Combined TRACON& Tower with Radar,12,37,40,8,97,0,5,22,6,33,12,42,62,14,130,20,0,20,150
07/02/2009,PIA,IL,AGL,CE,Combined TRACON& Tower with Radar,12,38,28,10,88,0,7,44,3,54,12,45,72,13,142,18,34,52,194
07/03/2009,PIA,IL,AGL,CE,Combined TRACON& Tower with Radar,10,31,16,1,58,0,4,27,0,31,10,35,43,1,89,0,0,0,89
07/04/2009,PIA,IL,AGL,CE,Combined TRACON& Tower with Radar,4,24,23,0,51,0,1,2,0,3,4,25,25,0,54,0,0,0,54
07/05/2009,PIA,IL,AGL,CE,Combined TRACON& Tower with Radar,4,33,12,0,49,0,5,23,0,28,4,38,35,0,77,20,0,20,97
07/06/2009,PIA,IL,AGL,CE,Combined TRACON& Tower with Radar,12,46,14,0,72,0,6,24,4,34,12,52,38,4,106,26,24,50,156
07/07/2009,PIA,IL,AGL,CE,Combined TRACON& Tower with Radar,10,39,14,8,71,0,4,37,15,56,10,43,51,23,127,0,24,24,151
07/08/2009,PIA,IL,AGL,CE,Combined TRACON& Tower with Radar,14,39,22,16,91,0,1,16,0,17,14,40,38,16,108,0,22,22,130
07/09/2009,PIA,IL,AGL,CE,Combined TRACON& Tower with Radar,12,44,37,8,101,0,3,43,7,53,12,47,80,15,154,6,0,6,160
07/10/2009,PIA,IL,AGL,CE,Combined TRACON& Tower with Radar,12,41,14,7,74,0,5,69,5,79,12,46,83,12,153,0,0,0,153
07/11/2009,PIA,IL,AGL,CE,Combined TRACON& Tower with Radar,6,34,5,1,46,0,3,73,5,81,6,37,78,6,127,192,0,192,319
07/12/2009,PIA,IL,AGL,CE,Combined TRACON& Tower with Radar,4,37,7,6,54,0,4,115,2,121,4,41,122,8,175,74,10,84,259
07/13/2009,PIA,IL,AGL,CE,Combined TRACON& Tower with Radar,8,35,22,11,76,0,5,36,3,44,8,40,58,14,120,8,8,16,136
07/14/2009,PIA,IL,AGL,CE,Combined TRACON& Tower with Radar,10,40,16,27,93,0,9,20,0,29,10,49,36,27,122,12,12,24,146
07/15/2009,PIA,IL,AGL,CE,Combined TRACON& Tower with Radar,12,42,23,6,83,0,3,26,12,41,12,45,49,18,124,40,16,56,180
07/16/2009,PIA,IL,AGL,CE,Combined TRACON& Tower with Radar,10,37,27,5,79,0,6,28,6,40,10,43,55,11,119,4,10,14,133
07/17/2009,PIA,IL,AGL,CE,Combined TRACON& Tower with Radar,12,40,9,4,65,0,4,18,9,31,12,44,27,13,96,10,0,10,106
07/18/2009,PIA,IL,AGL,CE,Combined TRACON& Tower with Radar,7,34,15,3,59,0,4,18,0,22,7,38,33,3,81,8,0,8,89
07/19/2009,PIA,IL,AGL,CE,Combined TRACON& Tower with Radar,4,34,15,3,56,0,4,18,0,22,4,38,33,3,78,6,0,6,84
07/20/2009,PIA,IL,AGL,CE,Combined TRACON& Tower with Radar,7,37,7,2,53,0,2,16,4,22,7,39,23,6,75,0,0,0,75
07/21/2009,PIA,IL,AGL,CE,Combined TRACON& Tower with Radar,10,42,22,30,104,0,4,12,9,25,10,46,34,39,129,6,4,10,139
07/22/2009,PIA,IL,AGL,CE,Combined TRACON& Tower with Radar,12,41,22,4,79,0,7,23,0,30,12,48,45,4,109,2,0,2,111
07/23/2009,PIA,IL,AGL,CE,Combined TRACON& Tower with Radar,10,38,15,14,77,0,6,17,4,27,10,44,32,18,104,12,28,40,144
07/24/2009,PIA,IL,AGL,CE,Combined TRACON& Tower with Radar,9,38,20,4,71,0,8,29,1,38,9,46,49,5,109,2,0,2,111
07/25/2009,PIA,IL,AGL,CE,Combined TRACON& Tower with Radar,9,32,19,0,60,0,7,37,0,44,9,39,56,0,104,14,0,14,118
07/26/2009,PIA,IL,AGL,CE,Combined TRACON& Tower with Radar,4,36,16,1,57,0,9,33,1,43,4,45,49,2,100,0,0,0,100
07/27/2009,PIA,IL,AGL,CE,Combined TRACON& Tower with Radar,10,43,34,12,99,0,5,29,2,36,10,48,63,14,135,0,0,0,135
07/28/2009,PIA,IL,AGL,CE,Combined TRACON& Tower with Radar,10,41,25,3,79,0,1,17,8,26,10,42,42,11,105,0,0,0,105
07/29/2009,PIA,IL,AGL,CE,Combined TRACON& Tower with Radar,12,40,26,1,79,0,7,34,27,68,12,47,60,28,147,34,0,34,181
07/30/2009,PIA,IL,AGL,CE,Combined TRACON& Tower with Radar,10,43,20,10,83,0,6,21,5,32,10,49,41,15,115,12,16,28,143
07/31/2009,PIA,IL,AGL,CE,Combined TRACON& Tower with Radar,12,47,26,1,86,0,4,34,8,46,12,51,60,9,132,0,0,0,132
08/01/2009,PIA,IL,AGL,CE,Combined TRACON& Tower with Radar,6,30,14,4,54,0,4,13,0,17,6,34,27,4,71,26,6,32,103
08/02/2009,PIA,IL,AGL,CE,Combined TRACON& Tower with Radar,4,34,19,0,57,0,5,39,0,44,4,39,58,0,101,4,16,20,121
08/03/2009,PIA,IL,AGL,CE,Combined TRACON& Tower with Radar,8,39,8,7,62,0,3,22,4,29,8,42,30,11,91,0,0,0,91
08/04/2009,PIA,IL,AGL,CE,Combined TRACON& Tower with Radar,10,37,15,4,66,0,1,5,7,13,10,38,20,11,79,0,32,32,111
08/05/2009,PIA,IL,AGL,CE,Combined TRACON& Tower with Radar,10,39,28,12,89,0,2,14,4,20,10,41,42,16,109,8,28,36,145
08/06/2009,PIA,IL,AGL,CE,Combined TRACON& Tower with Radar,10,43,23,2,78,0,5,40,6,51,10,48,63,8,129,0,0,0,129
08/07/2009,PIA,IL,AGL,CE,Combined TRACON& Tower with Radar,14,38,24,2,78,0,4,14,0,18,14,42,38,2,96,0,0,0,96
08/08/2009,PIA,IL,AGL,CE,Combined TRACON& Tower with Radar,6,36,9,1,52,0,5,17,0,22,6,41,26,1,74,0,0,0,74
08/09/2009,PIA,IL,AGL,CE,Combined TRACON& Tower with Radar,4,35,13,2,54,0,3,26,0,29,4,38,39,2,83,0,0,0,83
08/10/2009,PIA,IL,AGL,CE,Combined TRACON& Tower with Radar,8,39,14,10,71,0,1,22,6,29,8,40,36,16,100,0,0,0,100
08/11/2009,PIA,IL,AGL,CE,Combined TRACON& Tower with Radar,10,36,23,12,81,0,9,44,6,59,10,45,67,18,140,8,24,32,172
08/12/2009,PIA,IL,AGL,CE,Combined TRACON& Tower with Radar,10,39,19,7,75,0,5,32,10,47,10,44,51,17,122,16,14,30,152
08/13/2009,PIA,IL,AGL,CE,Combined TRACON& Tower with Radar,10,41,30,33,114,0,4,41,10,55,10,45,71,43,169,0,32,32,201
08/14/2009,PIA,IL,AGL,CE,Combined TRACON& Tower with Radar,12,40,19,1,72,0,3,26,0,29,12,43,45,1,101,26,0,26,127
08/15/2009,PIA,IL,AGL,CE,Combined TRACON& Tower with Radar,4,34,11,3,52,0,6,30,0,36,4,40,41,3,88,0,0,0,88
08/16/2009,PIA,IL,AGL,CE,Combined TRACON& Tower with Radar,4,31,9,0,44,0,2,8,0,10,4,33,17,0,54,14,0,14,68
08/17/2009,PIA,IL,AGL,CE,Combined TRACON& Tower with Radar,8,34,11,2,55,0,3,6,0,9,8,37,17,2,64,0,0,0,64
08/18/2009,PIA,IL,AGL,CE,Combined TRACON& Tower with Radar,10,38,20,2,70,0,2,19,2,23,10,40,39,4,93,2,0,2,95
08/19/2009,PIA,IL,AGL,CE,Combined TRACON& Tower with Radar,10,33,23,0,66,0,6,11,0,17,10,39,34,0,83,22,0,22,105
08/20/2009,PIA,IL,AGL,CE,Combined TRACON& Tower with Radar,7,40,25,9,81,0,2,18,1,21,7,42,43,10,102,0,0,0,102
08/21/2009,PIA,IL,AGL,CE,Combined TRACON& Tower with Radar,12,36,26,1,75,0,4,7,0,11,12,40,33,1,86,10,0,10,96
08/22/2009,PIA,IL,AGL,CE,Combined TRACON& Tower with Radar,4,33,22,0,59,0,8,27,0,35,4,41,49,0,94,10,0,10,104
08/23/2009,PIA,IL,AGL,CE,Combined TRACON& Tower with Radar,4,33,9,1,47,0,6,39,0,45,4,39,48,1,92,16,0,16,108
08/24/2009,PIA,IL,AGL,CE,Combined TRACON& Tower with Radar,8,40,22,14,84,0,5,51,6,62,8,45,73,20,146,0,0,0,146
08/25/2009,PIA,IL,AGL,CE,Combined TRACON& Tower with Radar,10,38,11,3,62,0,2,33,7,42,10,40,44,10,104,8,0,8,112
08/26/2009,PIA,IL,AGL,CE,Combined TRACON& Tower with Radar,8,34,20,6,68,0,4,15,16,35,8,38,35,22,103,0,20,20,123
08/27/2009,PIA,IL,AGL,CE,Combined TRACON& Tower with Radar,10,39,23,2,74,0,0,1,0,1,10,39,24,2,75,2,0,2,77
08/28/2009,PIA,IL,AGL,CE,Combined TRACON& Tower with Radar,14,38,38,0,90,0,1,3,0,4,14,39,41,0,94,6,0,6,100
08/29/2009,PIA,IL,AGL,CE,Combined TRACON& Tower with Radar,4,32,26,2,64,0,9,19,1,29,4,41,45,3,93,8,0,8,101
08/30/2009,PIA,IL,AGL,CE,Combined TRACON& Tower with Radar,4,32,12,0,48,0,2,26,0,28,4,34,38,0,76,0,0,0,76
08/31/2009,PIA,IL,AGL,CE,Combined TRACON& Tower with Radar,8,37,9,0,54,0,4,20,2,26,8,41,29,2,80,0,0,0,80
09/01/2009,PIA,IL,AGL,CE,Combined TRACON& Tower with Radar,10,41,28,2,81,0,4,27,8,39,10,45,55,10,120,0,0,0,120
09/02/2009,PIA,IL,AGL,CE,Combined TRACON& Tower with Radar,8,36,26,4,74,0,4,33,18,55,8,40,59,22,129,0,0,0,129
09/03/2009,PIA,IL,AGL,CE,Combined TRACON& Tower with Radar,10,42,12,9,73,0,9,34,9,52,10,51,46,18,125,0,0,0,125
09/04/2009,PIA,IL,AGL,CE,Combined TRACON& Tower with Radar,12,36,17,1,66,0,8,27,0,35,12,44,44,1,101,0,0,0,101
09/05/2009,PIA,IL,AGL,CE,Combined TRACON& Tower with Radar,7,26,14,0,47,0,1,18,0,19,7,27,32,0,66,0,0,0,66
09/06/2009,PIA,IL,AGL,CE,Combined TRACON& Tower with Radar,3,31,4,0,38,0,3,12,0,15,3,34,16,0,53,4,0,4,57
09/07/2009,PIA,IL,AGL,CE,Combined TRACON& Tower with Radar,4,35,13,0,52,0,6,27,0,33,4,41,40,0,85,0,0,0,85
09/08/2009,PIA,IL,AGL,CE,Combined TRACON& Tower with Radar,6,36,20,0,62,0,6,8,7,21,6,42,28,7,83,0,16,16,99
09/09/2009,PIA,IL,AGL,CE,Combined TRACON& Tower with Radar,10,42,33,5,90,0,4,16,7,27,10,46,49,12,117,0,14,14,131
09/10/2009,PIA,IL,AGL,CE,Combined TRACON& Tower with Radar,12,42,34,1,89,0,3,21,4,28,12,45,55,5,117,0,0,0,117
09/11/2009,PIA,IL,AGL,CE,Combined TRACON& Tower with Radar,12,34,25,8,79,0,6,22,2,30,12,40,47,10,109,6,18,24,133
09/12/2009,PIA,IL,AGL,CE,Combined TRACON& Tower with Radar,4,39,19,3,65,0,11,35,2,48,4,50,54,5,113,0,0,0,113
09/13/2009,PIA,IL,AGL,CE,Combined TRACON& Tower with Radar,2,33,26,1,62,0,2,28,0,30,2,35,54,1,92,36,0,36,128
09/14/2009,PIA,IL,AGL,CE,Combined TRACON& Tower with Radar,10,34,28,7,79,0,3,23,8,34,10,37,51,15,113,6,0,6,119
09/15/2009,PIA,IL,AGL,CE,Combined TRACON& Tower with Radar,12,39,25,6,82,0,6,34,7,47,12,45,59,13,129,44,26,70,199
09/16/2009,PIA,IL,AGL,CE,Combined TRACON& Tower with Radar,10,36,27,14,87,0,3,21,4,28,10,39,48,18,115,10,22,32,147
09/17/2009,PIA,IL,AGL,CE,Combined TRACON& Tower with Radar,12,40,13,11,76,0,3,19,3,25,12,43,32,14,101,0,14,14,115
09/18/2009,PIA,IL,AGL,CE,Combined TRACON& Tower with Radar,12,35,14,8,69,0,2,20,11,33,12,37,34,19,102,0,28,28,130
09/19/2009,PIA,IL,AGL,CE,Combined TRACON& Tower with Radar,4,27,13,0,44,0,5,31,3,39,4,32,44,3,83,0,0,0,83
09/20/2009,PIA,IL,AGL,CE,Combined TRACON& Tower with Radar,4,34,17,0,55,0,0,8,0,8,4,34,25,0,63,0,0,0,63
09/21/2009,PIA,IL,AGL,CE,Combined TRACON& Tower with Radar,8,37,30,2,77,0,2,15,0,17,8,39,45,2,94,12,0,12,106
09/22/2009,PIA,IL,AGL,CE,Combined TRACON& Tower with Radar,12,38,23,15,88,0,4,6,3,13,12,42,29,18,101,0,14,14,115
09/23/2009,PIA,IL,AGL,CE,Combined TRACON& Tower with Radar,10,37,17,9,73,0,6,20,9,35,10,43,37,18,108,0,0,0,108
09/24/2009,PIA,IL,AGL,CE,Combined TRACON& Tower with Radar,13,35,18,4,70,0,3,12,4,19,13,38,30,8,89,2,0,2,91
09/25/2009,PIA,IL,AGL,CE,Combined TRACON& Tower with Radar,12,33,12,0,57,0,5,12,0,17,12,38,24,0,74,2,0,2,76
09/26/2009,PIA,IL,AGL,CE,Combined TRACON& Tower with Radar,5,26,14,1,46,0,4,17,0,21,5,30,31,1,67,0,0,0,67
09/27/2009,PIA,IL,AGL,CE,Combined TRACON& Tower with Radar,2,32,22,0,56,0,0,64,0,64,2,32,86,0,120,0,0,0,120
09/28/2009,PIA,IL,AGL,CE,Combined TRACON& Tower with Radar,4,29,10,1,44,0,1,10,0,11,4,30,20,1,55,0,30,30,85
09/29/2009,PIA,IL,AGL,CE,Combined TRACON& Tower with Radar,10,44,26,5,85,0,2,27,4,33,10,46,53,9,118,14,12,26,144
09/30/2009,PIA,IL,AGL,CE,Combined TRACON& Tower with Radar,8,36,19,10,73,0,11,36,5,52,8,47,55,15,125,0,16,16,141
10/01/2009,PIA,IL,AGL,CE,Combined TRACON& Tower with Radar,10,34,12,12,68,0,3,6,2,11,10,37,18,14,79,0,10,10,89
10/02/2009,PIA,IL,AGL,CE,Combined TRACON& Tower with Radar,14,32,19,4,69,0,9,16,2,27,14,41,35,6,96,0,0,0,96
10/03/2009,PIA,IL,AGL,CE,Combined TRACON& Tower with Radar,6,26,20,7,59,0,6,11,5,22,6,32,31,12,81,0,0,0,81
10/04/2009,PIA,IL,AGL,CE,Combined TRACON& Tower with Radar,4,32,15,11,62,0,3,18,4,25,4,35,33,15,87,0,22,22,109
10/05/2009,PIA,IL,AGL,CE,Combined TRACON& Tower with Radar,10,30,20,17,77,0,10,19,19,48,10,40,39,36,125,20,12,32,157
10/06/2009,PIA,IL,AGL,CE,Combined TRACON& Tower with Radar,13,31,23,14,81,0,3,4,2,9,13,34,27,16,90,8,16,24,114
10/07/2009,PIA,IL,AGL,CE,Combined TRACON& Tower with Radar,11,43,37,5,96,0,3,46,15,64,11,46,83,20,160,6,30,36,196
10/08/2009,PIA,IL,AGL,CE,Combined TRACON& Tower with Radar,12,39,16,5,72,0,0,2,0,2,12,39,18,5,74,0,0,0,74
10/09/2009,PIA,IL,AGL,CE,Combined TRACON& Tower with Radar,14,31,12,1,58,0,6,3,0,9,14,37,15,1,67,0,0,0,67
10/10/2009,PIA,IL,AGL,CE,Combined TRACON& Tower with Radar,6,27,9,0,42,0,7,18,0,25,6,34,27,0,67,22,0,22,89
10/11/2009,PIA,IL,AGL,CE,Combined TRACON& Tower with Radar,4,29,33,0,66,0,3,35,0,38,4,32,68,0,104,0,0,0,104
10/12/2009,PIA,IL,AGL,CE,Combined TRACON& Tower with Radar,10,36,23,2,71,0,7,14,0,21,10,43,37,2,92,0,0,0,92
10/13/2009,PIA,IL,AGL,CE,Combined TRACON& Tower with Radar,14,33,44,11,102,0,4,27,23,54,14,37,71,34,156,18,8,26,182
10/14/2009,PIA,IL,AGL,CE,Combined TRACON& Tower with Radar,10,33,27,28,98,0,1,3,0,4,10,34,30,28,102,4,0,4,106
10/15/2009,PIA,IL,AGL,CE,Combined TRACON& Tower with Radar,12,35,21,9,77,0,0,4,0,4,12,35,25,9,81,0,0,0,81
10/16/2009,PIA,IL,AGL,CE,Combined TRACON& Tower with Radar,18,34,16,2,70,0,5,12,0,17,18,39,28,2,87,0,0,0,87
10/17/2009,PIA,IL,AGL,CE,Combined TRACON& Tower with Radar,6,28,27,2,63,0,6,34,0,40,6,34,61,2,103,20,0,20,123
10/18/2009,PIA,IL,AGL,CE,Combined TRACON& Tower with Radar,4,30,12,0,46,0,6,44,0,50,4,36,56,0,96,36,0,36,132
10/19/2009,PIA,IL,AGL,CE,Combined TRACON& Tower with Radar,10,34,18,5,67,0,1,17,5,23,10,35,35,10,90,0,12,12,102
10/20/2009,PIA,IL,AGL,CE,Combined TRACON& Tower with Radar,12,35,24,5,76,0,5,13,4,22,12,40,37,9,98,0,10,10,108
10/21/2009,PIA,IL,AGL,CE,Combined TRACON& Tower with Radar,11,37,28,16,92,0,3,23,13,39,11,40,51,29,131,6,56,62,193
10/22/2009,PIA,IL,AGL,CE,Combined TRACON& Tower with Radar,13,30,28,11,82,0,2,3,0,5,13,32,31,11,87,0,0,0,87
10/23/2009,PIA,IL,AGL,CE,Combined TRACON& Tower with Radar,14,32,17,3,66,0,1,2,0,3,14,33,19,3,69,0,0,0,69
10/24/2009,PIA,IL,AGL,CE,Combined TRACON& Tower with Radar,6,27,23,1,57,0,7,39,5,51,6,34,62,6,108,2,0,2,110
10/25/2009,PIA,IL,AGL,CE,Combined TRACON& Tower with Radar,4,31,15,0,50,0,5,21,0,26,4,36,36,0,76,0,0,0,76
10/26/2009,PIA,IL,AGL,CE,Combined TRACON& Tower with Radar,10,35,11,18,74,0,1,2,0,3,10,36,13,18,77,0,0,0,77
10/27/2009,PIA,IL,AGL,CE,Combined TRACON& Tower with Radar,12,33,24,24,93,0,2,2,2,6,12,35,26,26,99,0,0,0,99
10/28/2009,PIA,IL,AGL,CE,Combined TRACON& Tower with Radar,10,48,28,14,100,0,3,4,8,15,10,51,32,22,115,0,0,0,115
10/29/2009,PIA,IL,AGL,CE,Combined TRACON& Tower with Radar,11,31,11,7,60,0,1,4,1,6,11,32,15,8,66,0,0,0,66
10/30/2009,PIA,IL,AGL,CE,Combined TRACON& Tower with Radar,17,29,3,1,50,0,4,7,0,11,17,33,10,1,61,0,0,0,61
10/31/2009,PIA,IL,AGL,CE,Combined TRACON& Tower with Radar,6,28,5,0,39,0,8,12,0,20,6,36,17,0,59,0,0,0,59
11/01/2009,PIA,IL,AGL,CE,Combined TRACON& Tower with Radar,2,35,11,2,50,0,5,27,0,32,2,40,38,2,82,18,0,18,100
11/02/2009,PIA,IL,AGL,CE,Combined TRACON& Tower with Radar,10,35,14,1,60,0,9,17,2,28,10,44,31,3,88,8,32,40,128
11/03/2009,PIA,IL,AGL,CE,Combined TRACON& Tower with Radar,12,33,26,9,80,0,6,17,2,25,12,39,43,11,105,0,0,0,105
11/04/2009,PIA,IL,AGL,CE,Combined TRACON& Tower with Radar,10,36,27,8,81,0,7,22,7,36,10,43,49,15,117,0,0,0,117
11/05/2009,PIA,IL,AGL,CE,Combined TRACON& Tower with Radar,12,34,23,4,73,0,5,17,2,24,12,39,40,6,97,20,0,20,117
11/06/2009,PIA,IL,AGL,CE,Combined TRACON& Tower with Radar,14,32,9,6,61,0,5,30,11,46,14,37,39,17,107,0,0,0,107
11/07/2009,PIA,IL,AGL,CE,Combined TRACON& Tower with Radar,4,27,10,7,48,0,7,26,6,39,4,34,36,13,87,0,0,0,87
11/08/2009,PIA,IL,AGL,CE,Combined TRACON& Tower with Radar,4,30,13,1,48,0,7,25,9,41,4,37,38,10,89,30,10,40,129
11/09/2009,PIA,IL,AGL,CE,Combined TRACON& Tower with Radar,9,31,9,5,54,0,9,10,5,24,9,40,19,10,78,2,0,2,80
11/10/2009,PIA,IL,AGL,CE,Combined TRACON& Tower with Radar,12,34,23,6,75,0,3,21,0,24,12,37,44,6,99,0,0,0,99
11/11/2009,PIA,IL,AGL,CE,Combined TRACON& Tower with Radar,9,35,30,3,77,0,5,40,0,45,9,40,70,3,122,12,0,12,134
11/12/2009,PIA,IL,AGL,CE,Combined TRACON& Tower with Radar,14,36,29,3,82,0,3,21,3,27,14,39,50,6,109,0,0,0,109
11/13/2009,PIA,IL,AGL,CE,Combined TRACON& Tower with Radar,14,32,24,2,72,0,3,17,0,20,14,35,41,2,92,0,0,0,92
11/14/2009,PIA,IL,AGL,CE,Combined TRACON& Tower with Radar,4,30,11,0,45,0,2,16,0,18,4,32,27,0,63,14,0,14,77
11/15/2009,PIA,IL,AGL,CE,Combined TRACON& Tower with Radar,4,35,5,0,44,0,2,6,0,8,4,37,11,0,52,0,0,0,52
11/16/2009,PIA,IL,AGL,CE,Combined TRACON& Tower with Radar,12,40,14,2,68,0,1,2,0,3,12,41,16,2,71,0,0,0,71
11/17/2009,PIA,IL,AGL,CE,Combined TRACON& Tower with Radar,12,40,13,17,82,0,2,0,0,2,12,42,13,17,84,0,0,0,84
11/18/2009,PIA,IL,AGL,CE,Combined TRACON& Tower with Radar,10,32,37,28,107,0,0,2,0,2,10,32,39,28,109,6,18,24,133
11/19/2009,PIA,IL,AGL,CE,Combined TRACON& Tower with Radar,12,35,26,15,88,0,1,9,0,10,12,36,35,15,98,0,0,0,98
11/20/2009,PIA,IL,AGL,CE,Combined TRACON& Tower with Radar,14,31,15,23,83,0,6,16,4,26,14,37,31,27,109,0,30,30,139
11/21/2009,PIA,IL,AGL,CE,Combined TRACON& Tower with Radar,6,31,11,2,50,0,4,34,0,38,6,35,45,2,88,0,0,0,88
11/22/2009,PIA,IL,AGL,CE,Combined TRACON& Tower with Radar,3,30,9,0,42,0,3,37,1,41,3,33,46,1,83,52,0,52,135
11/23/2009,PIA,IL,AGL,CE,Combined TRACON& Tower with Radar,10,31,16,12,69,0,2,15,27,44,10,33,31,39,113,0,14,14,127
11/24/2009,PIA,IL,AGL,CE,Combined TRACON& Tower with Radar,14,37,13,2,66,0,1,2,0,3,14,38,15,2,69,0,0,0,69
11/25/2009,PIA,IL,AGL,CE,Combined TRACON& Tower with Radar,12,35,10,0,57,0,1,1,0,2,12,36,11,0,59,0,0,0,59
11/26/2009,PIA,IL,AGL,CE,Combined TRACON& Tower with Radar,5,21,5,0,31,0,3,3,0,6,5,24,8,0,37,0,0,0,37
11/27/2009,PIA,IL,AGL,CE,Combined TRACON& Tower with Radar,15,23,4,1,43,0,8,36,0,44,15,31,40,1,87,4,0,4,91
11/28/2009,PIA,IL,AGL,CE,Combined TRACON& Tower with Radar,8,26,11,0,45,0,4,25,0,29,8,30,36,0,74,10,0,10,84
11/29/2009,PIA,IL,AGL,CE,Combined TRACON& Tower with Radar,6,31,22,0,59,0,7,14,0,21,6,38,36,0,80,0,0,0,80
11/30/2009,PIA,IL,AGL,CE,Combined TRACON& Tower with Radar,12,35,13,1,61,0,5,21,7,33,12,40,34,8,94,0,0,0,94
12/01/2009,PIA,IL,AGL,CE,Combined TRACON& Tower with Radar,14,32,24,17,87,0,5,28,10,43,14,37,52,27,130,20,20,40,170
12/02/2009,PIA,IL,AGL,CE,Combined TRACON& Tower with Radar,14,34,16,19,83,0,3,10,5,18,14,37,26,24,101,0,6,6,107
12/03/2009,PIA,IL,AGL,CE,Combined TRACON& Tower with Radar,14,40,17,1,72,0,6,15,1,22,14,46,32,2,94,0,0,0,94
12/04/2009,PIA,IL,AGL,CE,Combined TRACON& Tower with Radar,14,34,19,12,79,0,7,23,2,32,14,41,42,14,111,8,0,8,119
12/05/2009,PIA,IL,AGL,CE,Combined TRACON& Tower with Radar,4,28,22,0,54,0,6,21,0,27,4,34,43,0,81,2,0,2,83
12/06/2009,PIA,IL,AGL,CE,Combined TRACON& Tower with Radar,6,33,7,3,49,0,6,18,0,24,6,39,25,3,73,0,0,0,73
12/07/2009,PIA,IL,AGL,CE,Combined TRACON& Tower with Radar,12,32,13,6,63,0,0,0,0,0,12,32,13,6,63,0,0,0,63
12/08/2009,PIA,IL,AGL,CE,Combined TRACON& Tower with Radar,10,31,11,11,63,0,0,0,0,0,10,31,11,11,63,0,0,0,63
12/09/2009,PIA,IL,AGL,CE,Combined TRACON& Tower with Radar,10,27,3,5,45,0,0,0,0,0,10,27,3,5,45,0,0,0,45
12/10/2009,PIA,IL,AGL,CE,Combined TRACON& Tower with Radar,13,36,22,2,73,0,3,9,6,18,13,39,31,8,91,0,0,0,91
12/11/2009,PIA,IL,AGL,CE,Combined TRACON& Tower with Radar,15,30,21,0,66,0,10,19,2,31,15,40,40,2,97,0,0,0,97
12/12/2009,PIA,IL,AGL,CE,Combined TRACON& Tower with Radar,4,25,11,1,41,0,1,10,0,11,4,26,21,1,52,0,0,0,52
12/13/2009,PIA,IL,AGL,CE,Combined TRACON& Tower with Radar,4,30,10,0,44,0,2,2,0,4,4,32,12,0,48,0,0,0,48
12/14/2009,PIA,IL,AGL,CE,Combined TRACON& Tower with Radar,12,29,12,6,59,0,0,0,0,0,12,29,12,6,59,0,0,0,59
12/15/2009,PIA,IL,AGL,CE,Combined TRACON& Tower with Radar,14,32,21,18,85,0,6,17,9,32,14,38,38,27,117,0,0,0,117
12/16/2009,PIA,IL,AGL,CE,Combined TRACON& Tower with Radar,13,31,16,12,72,0,9,14,7,30,13,40,30,19,102,0,0,0,102
12/17/2009,PIA,IL,AGL,CE,Combined TRACON& Tower with Radar,13,38,27,7,85,0,4,22,6,32,13,42,49,13,117,0,0,0,117
12/18/2009,PIA,IL,AGL,CE,Combined TRACON& Tower with Radar,12,32,13,1,58,0,3,1,0,4,12,35,14,1,62,0,0,0,62
12/19/2009,PIA,IL,AGL,CE,Combined TRACON& Tower with Radar,4,38,7,1,50,0,2,2,0,4,4,40,9,1,54,0,0,0,54
12/20/2009,PIA,IL,AGL,CE,Combined TRACON& Tower with Radar,6,30,9,1,46,0,0,0,0,0,6,30,9,1,46,0,0,0,46
12/21/2009,PIA,IL,AGL,CE,Combined TRACON& Tower with Radar,10,35,7,3,55,0,0,3,1,4,10,35,10,4,59,0,0,0,59
12/22/2009,PIA,IL,AGL,CE,Combined TRACON& Tower with Radar,14,29,9,21,73,0,0,0,0,0,14,29,9,21,73,0,0,0,73
12/23/2009,PIA,IL,AGL,CE,Combined TRACON& Tower with Radar,9,43,4,4,60,0,0,0,0,0,9,43,4,4,60,0,0,0,60
12/24/2009,PIA,IL,AGL,CE,Combined TRACON& Tower with Radar,12,30,2,0,44,0,0,0,0,0,12,30,2,0,44,0,0,0,44
12/25/2009,PIA,IL,AGL,CE,Combined TRACON& Tower with Radar,3,22,0,0,25,0,0,0,0,0,3,22,0,0,25,0,0,0,25
12/26/2009,PIA,IL,AGL,CE,Combined TRACON& Tower with Radar,8,22,6,1,37,0,0,0,0,0,8,22,6,1,37,0,0,0,37
12/27/2009,PIA,IL,AGL,CE,Combined TRACON& Tower with Radar,4,28,5,0,37,0,1,4,0,5,4,29,9,0,42,0,0,0,42
12/28/2009,PIA,IL,AGL,CE,Combined TRACON& Tower with Radar,6,33,15,0,54,0,4,4,0,8,6,37,19,0,62,0,0,0,62
12/29/2009,PIA,IL,AGL,CE,Combined TRACON& Tower with Radar,12,40,10,0,62,0,10,27,0,37,12,50,37,0,99,12,0,12,111
12/30/2009,PIA,IL,AGL,CE,Combined TRACON& Tower with Radar,11,34,2,1,48,0,2,2,0,4,11,36,4,1,52,22,0,22,74
12/31/2009,PIA,IL,AGL,CE,Combined TRACON& Tower with Radar,10,24,9,0,43,0,4,9,0,13,10,28,18,0,56,0,0,0,56
01/01/2010,PIA,IL,AGL,CE,Combined TRACON& Tower with Radar,2,27,4,0,33,0,5,11,0,16,2,32,15,0,49,0,0,0,49
01/02/2010,PIA,IL,AGL,CE,Combined TRACON& Tower with Radar,10,34,4,0,48,0,8,14,0,22,10,42,18,0,70,0,0,0,70
01/03/2010,PIA,IL,AGL,CE,Combined TRACON& Tower with Radar,1,34,13,0,48,0,5,13,0,18,1,39,26,0,66,10,0,10,76
01/04/2010,PIA,IL,AGL,CE,Combined TRACON& Tower with Radar,7,39,7,6,59,0,5,6,0,11,7,44,13,6,70,0,0,0,70
01/05/2010,PIA,IL,AGL,CE,Combined TRACON& Tower with Radar,12,30,29,9,80,0,2,5,2,9,12,32,34,11,89,0,0,0,89
01/06/2010,PIA,IL,AGL,CE,Combined TRACON& Tower with Radar,10,32,22,7,71,0,2,15,2,19,10,34,37,9,90,28,6,34,124
01/07/2010,PIA,IL,AGL,CE,Combined TRACON& Tower with Radar,12,28,5,0,45,0,0,0,0,0,12,28,5,0,45,0,0,0,45
01/08/2010,PIA,IL,AGL,CE,Combined TRACON& Tower with Radar,13,39,4,0,56,0,4,6,0,10,13,43,10,0,66,0,0,0,66
01/09/2010,PIA,IL,AGL,CE,Combined TRACON& Tower with Radar,4,28,3,0,35,0,2,8,2,12,4,30,11,2,47,0,0,0,47
01/10/2010,PIA,IL,AGL,CE,Combined TRACON& Tower with Radar,2,32,7,0,41,0,7,20,0,27,2,39,27,0,68,0,0,0,68
01/11/2010,PIA,IL,AGL,CE,Combined TRACON& Tower with Radar,10,35,11,2,58,0,6,8,2,16,10,41,19,4,74,14,14,28,102
01/12/2010,PIA,IL,AGL,CE,Combined TRACON& Tower with Radar,12,31,25,1,69,0,7,22,5,34,12,38,47,6,103,16,10,26,129
01/13/2010,PIA,IL,AGL,CE,Combined TRACON& Tower with Radar,10,31,17,3,61,0,3,12,6,21,10,34,29,9,82,32,20,52,134
01/14/2010,PIA,IL,AGL,CE,Combined TRACON& Tower with Radar,12,32,23,14,81,0,3,13,7,23,12,35,36,21,104,0,0,0,104
01/15/2010,PIA,IL,AGL,CE,Combined TRACON& Tower with Radar,14,31,17,2,64,0,0,0,0,0,14,31,17,2,64,2,10,12,76
01/16/2010,PIA,IL,AGL,CE,Combined TRACON& Tower with Radar,4,28,5,2,39,0,0,0,0,0,4,28,5,2,39,0,0,0,39
01/17/2010,PIA,IL,AGL,CE,Combined TRACON& Tower with Radar,4,26,10,1,41,0,0,0,0,0,4,26,10,1,41,0,0,0,41
01/18/2010,PIA,IL,AGL,CE,Combined TRACON& Tower with Radar,10,32,17,0,59,0,0,0,0,0,10,32,17,0,59,0,0,0,59
01/19/2010,PIA,IL,AGL,CE,Combined TRACON& Tower with Radar,12,31,19,16,78,0,0,0,0,0,12,31,19,16,78,0,0,0,78
01/20/2010,PIA,IL,AGL,CE,Combined TRACON& Tower with Radar,9,21,8,0,38,0,0,0,0,0,9,21,8,0,38,0,0,0,38
01/21/2010,PIA,IL,AGL,CE,Combined TRACON& Tower with Radar,13,36,22,4,75,0,0,0,0,0,13,36,22,4,75,0,0,0,75
01/22/2010,PIA,IL,AGL,CE,Combined TRACON& Tower with Radar,13,32,10,23,78,0,0,3,0,3,13,32,13,23,81,0,0,0,81
01/23/2010,PIA,IL,AGL,CE,Combined TRACON& Tower with Radar,6,26,5,0,37,0,0,0,0,0,6,26,5,0,37,0,0,0,37
01/24/2010,PIA,IL,AGL,CE,Combined TRACON& Tower with Radar,2,32,5,0,39,0,1,2,0,3,2,33,7,0,42,0,0,0,42
01/25/2010,PIA,IL,AGL,CE,Combined TRACON& Tower with Radar,10,30,18,10,68,0,1,2,1,4,10,31,20,11,72,0,0,0,72
01/26/2010,PIA,IL,AGL,CE,Combined TRACON& Tower with Radar,8,29,23,10,70,0,3,3,2,8,8,32,26,12,78,0,0,0,78
01/27/2010,PIA,IL,AGL,CE,Combined TRACON& Tower with Radar,8,27,13,15,63,0,5,6,1,12,8,32,19,16,75,0,0,0,75
01/28/2010,PIA,IL,AGL,CE,Combined TRACON& Tower with Radar,12,30,20,30,92,0,3,14,29,46,12,33,34,59,138,0,6,6,144
01/29/2010,PIA,IL,AGL,CE,Combined TRACON& Tower with Radar,17,39,20,2,78,0,5,8,0,13,17,44,28,2,91,0,0,0,91
01/30/2010,PIA,IL,AGL,CE,Combined TRACON& Tower with Radar,6,25,13,0,44,0,1,19,2,22,6,26,32,2,66,36,0,36,102
01/31/2010,PIA,IL,AGL,CE,Combined TRACON& Tower with Radar,2,31,14,3,50,0,5,25,0,30,2,36,39,3,80,0,0,0,80
02/01/2010,PIA,IL,AGL,CE,Combined TRACON& Tower with Radar,14,34,28,18,94,0,3,21,4,28,14,37,49,22,122,0,0,0,122
02/02/2010,PIA,IL,AGL,CE,Combined TRACON& Tower with Radar,10,32,14,5,61,0,1,6,2,9,10,33,20,7,70,32,0,32,102
02/03/2010,PIA,IL,AGL,CE,Combined TRACON& Tower with Radar,12,35,27,12,86,0,3,19,11,33,12,38,46,23,119,4,50,54,173
02/04/2010,PIA,IL,AGL,CE,Combined TRACON& Tower with Radar,12,36,25,10,83,0,2,27,7,36,12,38,52,17,119,0,0,0,119
02/05/2010,PIA,IL,AGL,CE,Combined TRACON& Tower with Radar,12,32,7,0,51,0,0,0,0,0,12,32,7,0,51,0,0,0,51
02/06/2010,PIA,IL,AGL,CE,Combined TRACON& Tower with Radar,8,24,13,1,46,0,5,24,14,43,8,29,37,15,89,2,10,12,101
02/07/2010,PIA,IL,AGL,CE,Combined TRACON& Tower with Radar,2,33,9,9,53,0,5,18,7,30,2,38,27,16,83,2,6,8,91
02/08/2010,PIA,IL,AGL,CE,Combined TRACON& Tower with Radar,10,31,16,18,75,0,0,1,0,1,10,31,17,18,76,0,0,0,76
02/09/2010,PIA,IL,AGL,CE,Combined TRACON& Tower with Radar,8,26,12,1,47,0,0,0,0,0,8,26,12,1,47,0,0,0,47
02/10/2010,PIA,IL,AGL,CE,Combined TRACON& Tower with Radar,14,29,20,4,67,0,3,18,8,29,14,32,38,12,96,42,0,42,138
02/11/2010,PIA,IL,AGL,CE,Combined TRACON& Tower with Radar,14,29,24,24,91,0,2,20,5,27,14,31,44,29,118,0,0,0,118
02/12/2010,PIA,IL,AGL,CE,Combined TRACON& Tower with Radar,14,28,20,5,67,0,4,8,13,25,14,32,28,18,92,0,34,34,126
02/13/2010,PIA,IL,AGL,CE,Combined TRACON& Tower with Radar,4,24,12,0,40,0,2,30,0,32,4,26,42,0,72,24,0,24,96
02/14/2010,PIA,IL,AGL,CE,Combined TRACON& Tower with Radar,4,28,15,1,48,0,3,16,0,19,4,31,31,1,67,64,0,64,131
02/15/2010,PIA,IL,AGL,CE,Combined TRACON& Tower with Radar,12,31,7,1,51,0,2,4,0,6,12,33,11,1,57,0,0,0,57
02/16/2010,PIA,IL,AGL,CE,Combined TRACON& Tower with Radar,11,38,19,5,73,0,4,16,17,37,11,42,35,22,110,38,18,56,166
02/17/2010,PIA,IL,AGL,CE,Combined TRACON& Tower with Radar,13,30,13,7,63,0,5,21,6,32,13,35,34,13,95,4,20,24,119
02/18/2010,PIA,IL,AGL,CE,Combined TRACON& Tower with Radar,12,34,24,6,76,0,1,14,8,23,12,35,38,14,99,0,14,14,113
02/19/2010,PIA,IL,AGL,CE,Combined TRACON& Tower with Radar,14,30,19,4,67,0,4,14,0,18,14,34,33,4,85,0,0,0,85
02/20/2010,PIA,IL,AGL,CE,Combined TRACON& Tower with Radar,4,27,20,1,52,0,2,10,0,12,4,29,30,1,64,16,0,16,80
02/21/2010,PIA,IL,AGL,CE,Combined TRACON& Tower with Radar,2,21,6,0,29,0,0,0,0,0,2,21,6,0,29,0,0,0,29
02/22/2010,PIA,IL,AGL,CE,Combined TRACON& Tower with Radar,11,32,24,5,72,0,0,1,0,1,11,32,25,5,73,0,0,0,73
02/23/2010,PIA,IL,AGL,CE,Combined TRACON& Tower with Radar,12,37,34,6,89,0,2,16,19,37,12,39,50,25,126,0,24,24,150
02/24/2010,PIA,IL,AGL,CE,Combined TRACON& Tower with Radar,16,30,22,6,74,0,6,7,10,23,16,36,29,16,97,0,0,0,97
02/25/2010,PIA,IL,AGL,CE,Combined TRACON& Tower with Radar,12,34,15,4,65,0,3,29,22,54,12,37,44,26,119,2,16,18,137
02/26/2010,PIA,IL,AGL,CE,Combined TRACON& Tower with Radar,14,31,23,5,73,0,1,20,0,21,14,32,43,5,94,0,0,0,94
02/27/2010,PIA,IL,AGL,CE,Combined TRACON& Tower with Radar,6,34,8,1,49,0,6,23,0,29,6,40,31,1,78,0,0,0,78
02/28/2010,PIA,IL,AGL,CE,Combined TRACON& Tower with Radar,4,32,8,1,45,0,1,24,0,25,4,33,32,1,70,10,2,12,82
03/01/2010,PIA,IL,AGL,CE,Combined TRACON& Tower with Radar,12,28,10,5,55,0,3,12,5,20,12,31,22,10,75,0,26,26,101
03/02/2010,PIA,IL,AGL,CE,Combined TRACON& Tower with Radar,8,37,11,4,60,0,4,14,10,28,8,41,25,14,88,16,0,16,104
03/03/2010,PIA,IL,AGL,CE,Combined TRACON& Tower with Radar,14,39,21,2,76,0,5,30,0,35,14,44,51,2,111,0,0,0,111
03/04/2010,PIA,IL,AGL,CE,Combined TRACON& Tower with Radar,10,32,18,6,66,0,1,27,8,36,10,33,45,14,102,0,30,30,132
03/05/2010,PIA,IL,AGL,CE,Combined TRACON& Tower with Radar,13,34,29,25,101,0,4,27,9,40,13,38,56,34,141,0,0,0,141
03/06/2010,PIA,IL,AGL,CE,Combined TRACON& Tower with Radar,4,29,20,10,63,0,2,47,0,49,4,31,67,10,112,24,0,24,136
03/07/2010,PIA,IL,AGL,CE,Combined TRACON& Tower with Radar,8,32,12,0,52,0,1,3,0,4,8,33,15,0,56,0,0,0,56
03/08/2010,PIA,IL,AGL,CE,Combined TRACON& Tower with Radar,12,33,12,12,69,0,0,0,0,0,12,33,12,12,69,0,0,0,69
03/09/2010,PIA,IL,AGL,CE,Combined TRACON& Tower with Radar,11,39,15,8,73,0,3,4,3,10,11,42,19,11,83,0,0,0,83
03/10/2010,PIA,IL,AGL,CE,Combined TRACON& Tower with Radar,14,38,24,20,96,0,3,11,8,22,14,41,35,28,118,0,2,2,120
03/11/2010,PIA,IL,AGL,CE,Combined TRACON& Tower with Radar,13,45,28,32,118,0,5,17,18,40,13,50,45,50,158,0,0,0,158
03/12/2010,PIA,IL,AGL,CE,Combined TRACON& Tower with Radar,18,34,25,4,81,0,2,23,2,27,18,36,48,6,108,0,0,0,108
03/13/2010,PIA,IL,AGL,CE,Combined TRACON& Tower with Radar,7,29,9,0,45,0,0,0,1,1,7,29,9,1,46,0,0,0,46
03/14/2010,PIA,IL,AGL,CE,Combined TRACON& Tower with Radar,8,32,13,0,53,0,4,3,0,7,8,36,16,0,60,0,0,0,60
03/15/2010,PIA,IL,AGL,CE,Combined TRACON& Tower with Radar,9,34,22,13,78,0,5,17,6,28,9,39,39,19,106,14,18,32,138
03/16/2010,PIA,IL,AGL,CE,Combined TRACON& Tower with Radar,12,37,25,12,86,0,1,2,4,7,12,38,27,16,93,0,0,0,93
03/17/2010,PIA,IL,AGL,CE,Combined TRACON& Tower with Radar,14,31,20,8,73,0,5,20,17,42,14,36,40,25,115,0,0,0,115
03/18/2010,PIA,IL,AGL,CE,Combined TRACON& Tower with Radar,12,33,18,8,71,0,2,31,4,37,12,35,49,12,108,8,2,10,118
03/19/2010,PIA,IL,AGL,CE,Combined TRACON& Tower with Radar,14,34,16,2,66,0,8,23,4,35,14,42,39,6,101,0,0,0,101
03/20/2010,PIA,IL,AGL,CE,Combined TRACON& Tower with Radar,6,28,3,1,38,0,2,3,0,5,6,30,6,1,43,0,0,0,43
03/21/2010,PIA,IL,AGL,CE,Combined TRACON& Tower with Radar,8,38,15,2,63,0,2,7,0,9,8,40,22,2,72,0,0,0,72
03/22/2010,PIA,IL,AGL,CE,Combined TRACON& Tower with Radar,9,35,17,2,63,0,4,16,6,26,9,39,33,8,89,16,24,40,129
03/23/2010,PIA,IL,AGL,CE,Combined TRACON& Tower with Radar,12,36,23,12,83,0,4,28,11,43,12,40,51,23,126,0,0,0,126
03/24/2010,PIA,IL,AGL,CE,Combined TRACON& Tower with Radar,14,37,24,18,93,0,4,13,5,22,14,41,37,23,115,0,0,0,115
03/25/2010,PIA,IL,AGL,CE,Combined TRACON& Tower with Radar,10,35,20,18,83,0,5,10,5,20,10,40,30,23,103,0,0,0,103
03/26/2010,PIA,IL,AGL,CE,Combined TRACON& Tower with Radar,17,30,29,0,76,0,4,35,1,40,17,34,64,1,116,0,0,0,116
03/27/2010,PIA,IL,AGL,CE,Combined TRACON& Tower with Radar,8,27,25,0,60,0,3,46,0,49,8,30,71,0,109,0,0,0,109
03/28/2010,PIA,IL,AGL,CE,Combined TRACON& Tower with Radar,8,30,6,0,44,0,0,11,3,14,8,30,17,3,58,14,0,14,72
03/29/2010,PIA,IL,AGL,CE,Combined TRACON& Tower with Radar,11,35,14,22,82,0,5,14,14,33,11,40,28,36,115,46,26,72,187
03/30/2010,PIA,IL,AGL,CE,Combined TRACON& Tower with Radar,12,36,26,37,111,0,5,16,19,40,12,41,42,56,151,0,44,44,195
03/31/2010,PIA,IL,AGL,CE,Combined TRACON& Tower with Radar,14,34,14,6,68,0,6,15,10,31,14,40,29,16,99,0,0,0,99
04/01/2010,PIA,IL,AGL,CE,Combined TRACON& Tower with Radar,8,33,28,4,73,0,7,25,13,45,8,40,53,17,118,0,0,0,118
04/02/2010,PIA,IL,AGL,CE,Combined TRACON& Tower with Radar,16,32,19,1,68,0,3,20,0,23,16,35,39,1,91,0,0,0,91
04/03/2010,PIA,IL,AGL,CE,Combined TRACON& Tower with Radar,8,25,7,0,40,0,7,18,0,25,8,32,25,0,65,0,0,0,65
04/04/2010,PIA,IL,AGL,CE,Combined TRACON& Tower with Radar,6,28,9,0,43,0,5,9,0,14,6,33,18,0,57,0,0,0,57
04/05/2010,PIA,IL,AGL,CE,Combined TRACON& Tower with Radar,12,36,6,3,57,0,5,13,5,23,12,41,19,8,80,0,0,0,80
04/06/2010,PIA,IL,AGL,CE,Combined TRACON& Tower with Radar,7,32,18,4,61,0,8,5,16,29,7,40,23,20,90,0,14,14,104
04/07/2010,PIA,IL,AGL,CE,Combined TRACON& Tower with Radar,14,37,21,30,102,0,1,3,17,21,14,38,24,47,123,0,0,0,123
04/08/2010,PIA,IL,AGL,CE,Combined TRACON& Tower with Radar,10,38,17,10,75,0,2,13,16,31,10,40,30,26,106,8,0,8,114
04/09/2010,PIA,IL,AGL,CE,Combined TRACON& Tower with Radar,13,40,20,7,80,0,9,33,3,45,13,49,53,10,125,0,0,0,125
04/10/2010,PIA,IL,AGL,CE,Combined TRACON& Tower with Radar,6,25,25,7,63,0,10,47,14,71,6,35,72,21,134,0,0,0,134
04/11/2010,PIA,IL,AGL,CE,Combined TRACON& Tower with Radar,0,5,0,0,5,0,1,2,0,3,0,6,2,0,8,0,0,0,8
04/12/2010,PIA,IL,AGL,CE,Combined TRACON& Tower with Radar,9,30,33,5,77,0,5,17,11,33,9,35,50,16,110,0,0,0,110
04/13/2010,PIA,IL,AGL,CE,Combined TRACON& Tower with Radar,6,38,25,4,73,0,3,25,20,48,6,41,50,24,121,0,0,0,121
04/14/2010,PIA,IL,AGL,CE,Combined TRACON& Tower with Radar,11,34,38,30,113,0,5,30,20,55,11,39,68,50,168,20,10,30,198
04/15/2010,PIA,IL,AGL,CE,Combined TRACON& Tower with Radar,8,34,26,0,68,0,4,21,21,46,8,38,47,21,114,18,10,28,142
04/16/2010,PIA,IL,AGL,CE,Combined TRACON& Tower with Radar,14,34,22,6,76,0,3,12,21,36,14,37,34,27,112,8,18,26,138
04/17/2010,PIA,IL,AGL,CE,Combined TRACON& Tower with Radar,8,25,19,0,52,0,6,29,4,39,8,31,48,4,91,0,0,0,91
04/18/2010,PIA,IL,AGL,CE,Combined TRACON& Tower with Radar,2,31,17,0,50,0,9,45,0,54,2,40,62,0,104,12,0,12,116
04/19/2010,PIA,IL,AGL,CE,Combined TRACON& Tower with Radar,10,35,33,4,82,0,5,25,21,51,10,40,58,25,133,0,0,0,133
04/20/2010,PIA,IL,AGL,CE,Combined TRACON& Tower with Radar,6,37,25,2,70,0,4,33,8,45,6,41,58,10,115,0,12,12,127
04/21/2010,PIA,IL,AGL,CE,Combined TRACON& Tower with Radar,12,37,22,5,76,0,2,27,9,38,12,39,49,14,114,0,0,0,114
04/22/2010,PIA,IL,AGL,CE,Combined TRACON& Tower with Radar,8,41,30,0,79,0,5,39,16,60,8,46,69,16,139,0,0,0,139
04/23/2010,PIA,IL,AGL,CE,Combined TRACON& Tower with Radar,11,36,39,1,87,0,1,5,0,6,11,37,44,1,93,0,0,0,93
04/24/2010,PIA,IL,AGL,CE,Combined TRACON& Tower with Radar,4,28,11,0,43,0,1,3,2,6,4,29,14,2,49,0,0,0,49
04/25/2010,PIA,IL,AGL,CE,Combined TRACON& Tower with Radar,2,29,13,0,44,0,1,1,0,2,2,30,14,0,46,0,0,0,46
04/26/2010,PIA,IL,AGL,CE,Combined TRACON& Tower with Radar,9,44,17,8,78,0,8,15,13,36,9,52,32,21,114,0,0,0,114
04/27/2010,PIA,IL,AGL,CE,Combined TRACON& Tower with Radar,8,35,25,6,74,0,3,23,3,29,8,38,48,9,103,0,0,0,103
04/28/2010,PIA,IL,AGL,CE,Combined TRACON& Tower with Radar,11,32,24,1,68,0,3,17,14,34,11,35,41,15,102,0,22,22,124
04/29/2010,PIA,IL,AGL,CE,Combined TRACON& Tower with Radar,9,41,17,1,68,0,3,6,2,11,9,44,23,3,79,0,0,0,79
04/30/2010,PIA,IL,AGL,CE,Combined TRACON& Tower with Radar,11,30,14,4,59,0,4,10,7,21,11,34,24,11,80,0,0,0,80
05/01/2010,PIA,IL,AGL,CE,Combined TRACON& Tower with Radar,4,25,18,0,47,0,6,13,2,21,4,31,31,2,68,0,0,0,68
05/02/2010,PIA,IL,AGL,CE,Combined TRACON& Tower with Radar,2,31,27,3,63,0,3,10,7,20,2,34,37,10,83,0,14,14,97
05/03/2010,PIA,IL,AGL,CE,Combined TRACON& Tower with Radar,9,36,19,5,69,0,3,25,6,34,9,39,44,11,103,2,0,2,105
05/04/2010,PIA,IL,AGL,CE,Combined TRACON& Tower with Radar,6,34,15,3,58,0,8,19,5,32,6,42,34,8,90,0,0,0,90
05/05/2010,PIA,IL,AGL,CE,Combined TRACON& Tower with Radar,10,34,36,9,89,0,7,26,2,35,10,41,62,11,124,0,0,0,124
05/06/2010,PIA,IL,AGL,CE,Combined TRACON& Tower with Radar,8,37,12,5,62,0,5,17,4,26,8,42,29,9,88,0,0,0,88
05/07/2010,PIA,IL,AGL,CE,Combined TRACON& Tower with Radar,11,40,14,2,67,0,3,17,0,20,11,43,31,2,87,0,0,0,87
05/08/2010,PIA,IL,AGL,CE,Combined TRACON& Tower with Radar,4,28,11,0,43,0,5,9,2,16,4,33,20,2,59,24,14,38,97
05/09/2010,PIA,IL,AGL,CE,Combined TRACON& Tower with Radar,2,32,10,1,45,0,5,18,0,23,2,37,28,1,68,0,0,0,68
05/10/2010,PIA,IL,AGL,CE,Combined TRACON& Tower with Radar,9,37,11,2,59,0,3,23,0,26,9,40,34,2,85,0,0,0,85
05/11/2010,PIA,IL,AGL,CE,Combined TRACON& Tower with Radar,6,38,28,14,86,0,2,11,6,19,6,40,39,20,105,0,4,4,109
05/12/2010,PIA,IL,AGL,CE,Combined TRACON& Tower with Radar,10,35,17,8,70,0,0,2,0,2,10,35,19,8,72,0,0,0,72
05/13/2010,PIA,IL,AGL,CE,Combined TRACON& Tower with Radar,8,34,18,3,63,0,4,14,7,25,8,38,32,10,88,0,0,0,88
05/14/2010,PIA,IL,AGL,CE,Combined TRACON& Tower with Radar,11,36,36,9,92,0,3,33,7,43,11,39,69,16,135,0,0,0,135
05/15/2010,PIA,IL,AGL,CE,Combined TRACON& Tower with Radar,4,25,10,2,41,0,4,13,1,18,4,29,23,3,59,0,0,0,59
05/16/2010,PIA,IL,AGL,CE,Combined TRACON& Tower with Radar,2,28,11,3,44,0,2,9,5,16,2,30,20,8,60,14,0,14,74
05/17/2010,PIA,IL,AGL,CE,Combined TRACON& Tower with Radar,9,34,22,4,69,0,5,10,0,15,9,39,32,4,84,0,0,0,84
05/18/2010,PIA,IL,AGL,CE,Combined TRACON& Tower with Radar,6,35,22,5,68,0,4,17,17,38,6,39,39,22,106,36,48,84,190
05/19/2010,PIA,IL,AGL,CE,Combined TRACON& Tower with Radar,10,35,22,8,75,0,6,37,23,66,10,41,59,31,141,0,0,0,141
05/20/2010,PIA,IL,AGL,CE,Combined TRACON& Tower with Radar,8,38,16,5,67,0,3,4,6,13,8,41,20,11,80,0,6,6,86
05/21/2010,PIA,IL,AGL,CE,Combined TRACON& Tower with Radar,11,30,18,0,59,0,4,6,4,14,11,34,24,4,73,0,0,0,73
05/22/2010,PIA,IL,AGL,CE,Combined TRACON& Tower with Radar,4,25,28,0,57,0,3,24,0,27,4,28,52,0,84,0,0,0,84
05/23/2010,PIA,IL,AGL,CE,Combined TRACON& Tower with Radar,2,30,19,0,51,0,4,34,2,40,2,34,53,2,91,0,0,0,91
05/24/2010,PIA,IL,AGL,CE,Combined TRACON& Tower with Radar,9,35,25,1,70,0,8,22,7,37,9,43,47,8,107,0,10,10,117
05/25/2010,PIA,IL,AGL,CE,Combined TRACON& Tower with Radar,6,36,30,4,76,0,2,11,2,15,6,38,41,6,91,0,0,0,91
05/26/2010,PIA,IL,AGL,CE,Combined TRACON& Tower with Radar,12,42,21,2,77,0,3,8,10,21,12,45,29,12,98,0,14,14,112
05/27/2010,PIA,IL,AGL,CE,Combined TRACON& Tower with Radar,8,35,23,29,95,0,8,27,4,39,8,43,50,33,134,0,0,0,134
05/28/2010,PIA,IL,AGL,CE,Combined TRACON& Tower with Radar,11,38,14,0,63,0,3,20,0,23,11,41,34,0,86,10,0,10,96
05/29/2010,PIA,IL,AGL,CE,Combined TRACON& Tower with Radar,6,25,14,0,45,0,3,17,0,20,6,28,31,0,65,0,0,0,65
05/30/2010,PIA,IL,AGL,CE,Combined TRACON& Tower with Radar,4,24,10,0,38,0,5,12,0,17,4,29,22,0,55,0,0,0,55
05/31/2010,PIA,IL,AGL,CE,Combined TRACON& Tower with Radar,8,26,8,1,43,0,4,12,0,16,8,30,20,1,59,28,0,28,87
06/01/2010,PIA,IL,AGL,CE,Combined TRACON& Tower with Radar,3,39,18,8,68,0,3,12,2,17,3,42,30,10,85,6,0,6,91
06/02/2010,PIA,IL,AGL,CE,Combined TRACON& Tower with Radar,12,36,14,16,78,0,0,3,16,19,12,36,17,32,97,0,12,12,109
06/03/2010,PIA,IL,AGL,CE,Combined TRACON& Tower with Radar,8,37,30,14,89,0,2,17,6,25,8,39,47,20,114,0,0,0,114
06/04/2010,PIA,IL,AGL,CE,Combined TRACON& Tower with Radar,13,38,23,12,86,0,4,16,4,24,13,42,39,16,110,0,0,0,110
06/05/2010,PIA,IL,AGL,CE,Combined TRACON& Tower with Radar,6,27,10,1,44,0,3,8,6,17,6,30,18,7,61,0,0,0,61
06/06/2010,PIA,IL,AGL,CE,Combined TRACON& Tower with Radar,2,32,18,3,55,0,7,24,6,37,2,39,42,9,92,12,0,12,104
06/07/2010,PIA,IL,AGL,CE,Combined TRACON& Tower with Radar,9,34,31,4,78,0,1,28,17,46,9,35,59,21,124,12,0,12,136
06/08/2010,PIA,IL,AGL,CE,Combined TRACON& Tower with Radar,6,36,19,0,61,0,2,7,0,9,6,38,26,0,70,0,0,0,70
06/09/2010,PIA,IL,AGL,CE,Combined TRACON& Tower with Radar,12,38,25,5,80,0,4,31,3,38,12,42,56,8,118,0,0,0,118
06/10/2010,PIA,IL,AGL,CE,Combined TRACON& Tower with Radar,8,35,27,2,72,0,1,42,0,43,8,36,69,2,115,0,0,0,115
06/11/2010,PIA,IL,AGL,CE,Combined TRACON& Tower with Radar,19,33,10,0,62,0,3,21,0,24,19,36,31,0,86,0,0,0,86
06/12/2010,PIA,IL,AGL,CE,Combined TRACON& Tower with Radar,6,27,14,0,47,0,2,7,0,9,6,29,21,0,56,0,0,0,56
06/13/2010,PIA,IL,AGL,CE,Combined TRACON& Tower with Radar,5,25,8,0,38,0,0,2,0,2,5,25,10,0,40,0,0,0,40
06/14/2010,PIA,IL,AGL,CE,Combined TRACON& Tower with Radar,10,35,18,1,64,0,8,5,1,14,10,43,23,2,78,0,0,0,78
06/15/2010,PIA,IL,AGL,CE,Combined TRACON& Tower with Radar,12,39,20,3,74,0,3,16,7,26,12,42,36,10,100,0,2,2,102
06/16/2010,PIA,IL,AGL,CE,Combined TRACON& Tower with Radar,12,36,34,9,91,0,2,24,8,34,12,38,58,17,125,0,0,0,125
06/17/2010,PIA,IL,AGL,CE,Combined TRACON& Tower with Radar,8,40,22,6,76,0,3,27,3,33,8,43,49,9,109,6,8,14,123
06/18/2010,PIA,IL,AGL,CE,Combined TRACON& Tower with Radar,9,34,11,1,55,0,3,12,4,19,9,37,23,5,74,12,0,12,86
06/19/2010,PIA,IL,AGL,CE,Combined TRACON& Tower with Radar,10,27,27,0,64,0,4,31,7,42,10,31,58,7,106,12,0,12,118
06/20/2010,PIA,IL,AGL,CE,Combined TRACON& Tower with Radar,2,31,7,0,40,0,6,17,0,23,2,37,24,0,63,0,0,0,63
06/21/2010,PIA,IL,AGL,CE,Combined TRACON& Tower with Radar,8,28,19,8,63,0,4,11,12,27,8,32,30,20,90,0,6,6,96
06/22/2010,PIA,IL,AGL,CE,Combined TRACON& Tower with Radar,8,39,24,8,79,0,5,8,9,22,8,44,32,17,101,0,0,0,101
06/23/2010,PIA,IL,AGL,CE,Combined TRACON& Tower with Radar,12,30,31,16,89,0,4,7,2,13,12,34,38,18,102,0,0,0,102
06/24/2010,PIA,IL,AGL,CE,Combined TRACON& Tower with Radar,10,40,26,12,88,0,5,25,0,30,10,45,51,12,118,0,12,12,130
06/25/2010,PIA,IL,AGL,CE,Combined TRACON& Tower with Radar,13,33,22,0,68,0,6,31,1,38,13,39,53,1,106,0,0,0,106
06/26/2010,PIA,IL,AGL,CE,Combined TRACON& Tower with Radar,8,32,11,0,51,0,1,19,0,20,8,33,30,0,71,0,0,0,71
06/27/2010,PIA,IL,AGL,CE,Combined TRACON& Tower with Radar,2,29,7,1,39,0,7,10,1,18,2,36,17,2,57,0,0,0,57
06/28/2010,PIA,IL,AGL,CE,Combined TRACON& Tower with Radar,9,41,27,0,77,0,6,16,0,22,9,47,43,0,99,0,0,0,99
06/29/2010,PIA,IL,AGL,CE,Combined TRACON& Tower with Radar,6,41,19,4,70,0,6,48,11,65,6,47,67,15,135,0,2,2,137
06/30/2010,PIA,IL,AGL,CE,Combined TRACON& Tower with Radar,14,33,34,0,81,0,4,35,1,40,14,37,69,1,121,0,0,0,121
07/01/2010,PIA,IL,AGL,CE,Combined TRACON& Tower with Radar,8,38,22,5,73,0,4,28,1,33,8,42,50,6,106,0,0,0,106
07/02/2010,PIA,IL,AGL,CE,Combined TRACON& Tower with Radar,13,37,14,0,64,0,6,25,1,32,13,43,39,1,96,0,0,0,96
07/03/2010,PIA,IL,AGL,CE,Combined TRACON& Tower with Radar,9,29,10,1,49,0,7,29,0,36,9,36,39,1,85,0,0,0,85
07/04/2010,PIA,IL,AGL,CE,Combined TRACON& Tower with Radar,3,27,5,1,36,0,9,45,5,59,3,36,50,6,95,0,0,0,95
07/05/2010,PIA,IL,AGL,CE,Combined TRACON& Tower with Radar,6,30,20,0,56,0,3,26,0,29,6,33,46,0,85,0,0,0,85
07/06/2010,PIA,IL,AGL,CE,Combined TRACON& Tower with Radar,5,45,21,12,83,0,2,17,8,27,5,47,38,20,110,0,0,0,110
07/07/2010,PIA,IL,AGL,CE,Combined TRACON& Tower with Radar,12,38,14,3,67,0,2,14,0,16,12,40,28,3,83,0,0,0,83
07/08/2010,PIA,IL,AGL,CE,Combined TRACON& Tower with Radar,8,42,22,1,73,0,4,11,2,17,8,46,33,3,90,0,0,0,90
07/09/2010,PIA,IL,AGL,CE,Combined TRACON& Tower with Radar,13,31,14,5,63,0,4,19,2,25,13,35,33,7,88,0,0,0,88
07/10/2010,PIA,IL,AGL,CE,Combined TRACON& Tower with Radar,8,29,7,14,58,0,5,27,2,34,8,34,34,16,92,0,0,0,92
07/11/2010,PIA,IL,AGL,CE,Combined TRACON& Tower with Radar,2,31,21,0,54,0,6,27,0,33,2,37,48,0,87,0,0,0,87
07/12/2010,PIA,IL,AGL,CE,Combined TRACON& Tower with Radar,9,37,32,1,79,0,4,29,0,33,9,41,61,1,112,0,0,0,112
07/13/2010,PIA,IL,AGL,CE,Combined TRACON& Tower with Radar,8,39,33,0,80,0,4,19,2,25,8,43,52,2,105,12,0,12,117
07/14/2010,PIA,IL,AGL,CE,Combined TRACON& Tower with Radar,12,35,24,1,72,0,6,15,1,22,12,41,39,2,94,0,0,0,94
07/15/2010,PIA,IL,AGL,CE,Combined TRACON& Tower with Radar,8,36,13,0,57,0,3,16,4,23,8,39,29,4,80,0,0,0,80
07/16/2010,PIA,IL,AGL,CE,Combined TRACON& Tower with Radar,13,34,28,1,76,0,3,15,3,21,13,37,43,4,97,0,0,0,97
07/17/2010,PIA,IL,AGL,CE,Combined TRACON& Tower with Radar,8,29,18,0,55,0,2,22,2,26,8,31,40,2,81,0,0,0,81
07/18/2010,PIA,IL,AGL,CE,Combined TRACON& Tower with Radar,4,31,17,2,54,0,1,13,3,17,4,32,30,5,71,0,0,0,71
07/19/2010,PIA,IL,AGL,CE,Combined TRACON& Tower with Radar,9,36,23,0,68,0,2,5,0,7,9,38,28,0,75,0,0,0,75
07/20/2010,PIA,IL,AGL,CE,Combined TRACON& Tower with Radar,8,37,25,7,77,0,1,4,4,9,8,38,29,11,86,0,0,0,86
07/21/2010,PIA,IL,AGL,CE,Combined TRACON& Tower with Radar,16,36,23,8,83,0,2,23,0,25,16,38,46,8,108,0,0,0,108
07/22/2010,PIA,IL,AGL,CE,Combined TRACON& Tower with Radar,8,42,29,8,87,0,3,22,8,33,8,45,51,16,120,0,0,0,120
07/23/2010,PIA,IL,AGL,CE,Combined TRACON& Tower with Radar,14,29,17,6,66,0,70,43,14,127,14,99,60,20,193,0,0,0,193
07/24/2010,PIA,IL,AGL,CE,Combined TRACON& Tower with Radar,12,32,3,1,48,0,40,10,3,53,12,72,13,4,101,0,0,0,101
07/25/2010,PIA,IL,AGL,CE,Combined TRACON& Tower with Radar,3,30,12,7,52,25,79,62,23,189,28,109,74,30,241,0,0,0,241
07/26/2010,PIA,IL,AGL,CE,Combined TRACON& Tower with Radar,9,38,20,8,75,0,3,32,1,36,9,41,52,9,111,0,0,0,111
07/27/2010,PIA,IL,AGL,CE,Combined TRACON& Tower with Radar,8,39,24,1,72,0,9,30,4,43,8,48,54,5,115,0,0,0,115
07/28/2010,PIA,IL,AGL,CE,Combined TRACON& Tower with Radar,14,33,30,0,77,0,3,14,0,17,14,36,44,0,94,0,0,0,94
07/29/2010,PIA,IL,AGL,CE,Combined TRACON& Tower with Radar,8,39,32,5,84,0,5,29,5,39,8,44,61,10,123,0,0,0,123
07/30/2010,PIA,IL,AGL,CE,Combined TRACON& Tower with Radar,15,34,30,3,82,0,4,13,0,17,15,38,43,3,99,0,0,0,99
07/31/2010,PIA,IL,AGL,CE,Combined TRACON& Tower with Radar,8,29,21,0,58,0,7,17,7,31,8,36,38,7,89,0,0,0,89
08/01/2010,PIA,IL,AGL,CE,Combined TRACON& Tower with Radar,2,31,12,0,45,0,10,25,0,35,2,41,37,0,80,6,0,6,86
08/02/2010,PIA,IL,AGL,CE,Combined TRACON& Tower with Radar,9,36,23,2,70,0,4,11,0,15,9,40,34,2,85,0,0,0,85
08/03/2010,PIA,IL,AGL,CE,Combined TRACON& Tower with Radar,10,36,15,1,62,0,4,13,2,19,10,40,28,3,81,0,0,0,81
08/04/2010,PIA,IL,AGL,CE,Combined TRACON& Tower with Radar,14,42,32,2,90,0,4,9,0,13,14,46,41,2,103,0,0,0,103
08/05/2010,PIA,IL,AGL,CE,Combined TRACON& Tower with Radar,9,42,30,1,82,0,5,19,3,27,9,47,49,4,109,0,0,0,109
08/06/2010,PIA,IL,AGL,CE,Combined TRACON& Tower with Radar,14,32,32,11,89,0,10,28,4,42,14,42,60,15,131,2,10,12,143
08/07/2010,PIA,IL,AGL,CE,Combined TRACON& Tower with Radar,6,32,10,0,48,0,6,35,4,45,6,38,45,4,93,0,0,0,93
08/08/2010,PIA,IL,AGL,CE,Combined TRACON& Tower with Radar,2,32,24,8,66,0,4,26,1,31,2,36,50,9,97,0,0,0,97
08/09/2010,PIA,IL,AGL,CE,Combined TRACON& Tower with Radar,9,35,20,9,73,0,5,16,0,21,9,40,36,9,94,2,6,8,102
08/10/2010,PIA,IL,AGL,CE,Combined TRACON& Tower with Radar,8,39,21,6,74,0,3,13,6,22,8,42,34,12,96,0,0,0,96
08/11/2010,PIA,IL,AGL,CE,Combined TRACON& Tower with Radar,13,37,27,4,81,0,3,17,7,27,13,40,44,11,108,0,0,0,108
08/12/2010,PIA,IL,AGL,CE,Combined TRACON& Tower with Radar,9,43,11,2,65,0,3,15,0,18,9,46,26,2,83,0,0,0,83
08/13/2010,PIA,IL,AGL,CE,Combined TRACON& Tower with Radar,15,34,11,0,60,0,2,14,2,18,15,36,25,2,78,0,0,0,78
08/14/2010,PIA,IL,AGL,CE,Combined TRACON& Tower with Radar,4,30,11,2,47,0,3,14,0,17,4,33,25,2,64,0,0,0,64
08/15/2010,PIA,IL,AGL,CE,Combined TRACON& Tower with Radar,2,32,16,14,64,0,4,18,0,22,2,36,34,14,86,0,0,0,86
08/16/2010,PIA,IL,AGL,CE,Combined TRACON& Tower with Radar,11,39,30,14,94,0,4,20,0,24,11,43,50,14,118,0,0,0,118
08/17/2010,PIA,IL,AGL,CE,Combined TRACON& Tower with Radar,6,34,26,6,72,0,6,27,5,38,6,40,53,11,110,10,14,24,134
08/18/2010,PIA,IL,AGL,CE,Combined TRACON& Tower with Radar,10,35,19,20,84,0,2,18,11,31,10,37,37,31,115,16,0,16,131
08/19/2010,PIA,IL,AGL,CE,Combined TRACON& Tower with Radar,8,36,31,5,80,0,3,26,7,36,8,39,57,12,116,0,0,0,116
08/20/2010,PIA,IL,AGL,CE,Combined TRACON& Tower with Radar,11,33,21,30,95,0,1,16,1,18,11,34,37,31,113,0,0,0,113
08/21/2010,PIA,IL,AGL,CE,Combined TRACON& Tower with Radar,4,32,33,0,69,0,1,4,1,6,4,33,37,1,75,0,0,0,75
08/22/2010,PIA,IL,AGL,CE,Combined TRACON& Tower with Radar,2,29,20,0,51,0,4,12,1,17,2,33,32,1,68,0,0,0,68
08/23/2010,PIA,IL,AGL,CE,Combined TRACON& Tower with Radar,7,33,17,21,78,0,5,17,1,23,7,38,34,22,101,32,0,32,133
08/24/2010,PIA,IL,AGL,CE,Combined TRACON& Tower with Radar,6,43,22,5,76,0,6,28,6,40,6,49,50,11,116,16,0,16,132
08/25/2010,PIA,IL,AGL,CE,Combined TRACON& Tower with Radar,8,37,19,4,68,0,2,23,12,37,8,39,42,16,105,0,14,14,119
08/26/2010,PIA,IL,AGL,CE,Combined TRACON& Tower with Radar,8,36,24,6,74,0,3,24,12,39,8,39,48,18,113,10,4,14,127
08/27/2010,PIA,IL,AGL,CE,Combined TRACON& Tower with Radar,11,35,34,0,80,0,6,38,4,48,11,41,72,4,128,0,0,0,128
08/28/2010,PIA,IL,AGL,CE,Combined TRACON& Tower with Radar,4,31,22,1,58,0,7,27,1,35,4,38,49,2,93,0,0,0,93
08/29/2010,PIA,IL,AGL,CE,Combined TRACON& Tower with Radar,2,30,13,0,45,0,2,33,0,35,2,32,46,0,80,14,0,14,94
08/30/2010,PIA,IL,AGL,CE,Combined TRACON& Tower with Radar,7,37,28,19,91,0,14,16,4,34,7,51,44,23,125,0,0,0,125
08/31/2010,PIA,IL,AGL,CE,Combined TRACON& Tower with Radar,6,45,23,6,80,0,4,13,9,26,6,49,36,15,106,0,0,0,106
09/01/2010,PIA,IL,AGL,CE,Combined TRACON& Tower with Radar,8,34,44,11,97,0,5,13,4,22,8,39,57,15,119,0,0,0,119
09/02/2010,PIA,IL,AGL,CE,Combined TRACON& Tower with Radar,8,33,45,6,92,0,2,8,3,13,8,35,53,9,105,0,0,0,105
09/03/2010,PIA,IL,AGL,CE,Combined TRACON& Tower with Radar,13,33,17,0,63,0,2,8,0,10,13,35,25,0,73,18,0,18,91
09/04/2010,PIA,IL,AGL,CE,Combined TRACON& Tower with Radar,4,29,8,0,41,0,2,37,3,42,4,31,45,3,83,0,0,0,83
09/05/2010,PIA,IL,AGL,CE,Combined TRACON& Tower with Radar,2,24,11,0,37,0,8,25,3,36,2,32,36,3,73,4,0,4,77
09/06/2010,PIA,IL,AGL,CE,Combined TRACON& Tower with Radar,6,31,12,0,49,0,6,19,0,25,6,37,31,0,74,0,0,0,74
09/07/2010,PIA,IL,AGL,CE,Combined TRACON& Tower with Radar,3,40,18,8,69,0,4,14,14,32,3,44,32,22,101,0,0,0,101
09/08/2010,PIA,IL,AGL,CE,Combined TRACON& Tower with Radar,8,41,18,13,80,0,5,33,9,47,8,46,51,22,127,0,0,0,127
09/09/2010,PIA,IL,AGL,CE,Combined TRACON& Tower with Radar,8,35,28,1,72,0,5,19,10,34,8,40,47,11,106,0,0,0,106
09/10/2010,PIA,IL,AGL,CE,Combined TRACON& Tower with Radar,11,36,21,20,88,0,2,10,26,38,11,38,31,46,126,0,0,0,126
09/11/2010,PIA,IL,AGL,CE,Combined TRACON& Tower with Radar,4,27,13,7,51,0,5,10,0,15,4,32,23,7,66,0,0,0,66
09/12/2010,PIA,IL,AGL,CE,Combined TRACON& Tower with Radar,2,34,14,2,52,0,4,37,1,42,2,38,51,3,94,0,0,0,94
09/13/2010,PIA,IL,AGL,CE,Combined TRACON& Tower with Radar,7,39,30,6,82,0,9,22,12,43,7,48,52,18,125,0,12,12,137
09/14/2010,PIA,IL,AGL,CE,Combined TRACON& Tower with Radar,6,37,25,8,76,0,6,21,4,31,6,43,46,12,107,32,0,32,139
09/15/2010,PIA,IL,AGL,CE,Combined TRACON& Tower with Radar,8,39,35,2,84,0,3,14,14,31,8,42,49,16,115,14,4,18,133
09/16/2010,PIA,IL,AGL,CE,Combined TRACON& Tower with Radar,8,40,18,8,74,0,4,13,6,23,8,44,31,14,97,0,0,0,97
09/17/2010,PIA,IL,AGL,CE,Combined TRACON& Tower with Radar,13,31,26,6,76,0,4,36,10,50,13,35,62,16,126,0,0,0,126
09/18/2010,PIA,IL,AGL,CE,Combined TRACON& Tower with Radar,4,28,4,2,38,0,0,11,2,13,4,28,15,4,51,38,0,38,89
09/19/2010,PIA,IL,AGL,CE,Combined TRACON& Tower with Radar,4,32,16,0,52,0,3,8,1,12,4,35,24,1,64,0,0,0,64
09/20/2010,PIA,IL,AGL,CE,Combined TRACON& Tower with Radar,7,35,31,12,85,0,3,36,14,53,7,38,67,26,138,0,0,0,138
09/21/2010,PIA,IL,AGL,CE,Combined TRACON& Tower with Radar,8,34,30,2,74,0,1,17,3,21,8,35,47,5,95,0,12,12,107
09/22/2010,PIA,IL,AGL,CE,Combined TRACON& Tower with Radar,10,39,36,6,91,0,2,22,12,36,10,41,58,18,127,0,0,0,127
09/23/2010,PIA,IL,AGL,CE,Combined TRACON& Tower with Radar,10,45,18,14,87,0,4,15,8,27,10,49,33,22,114,0,0,0,114
09/24/2010,PIA,IL,AGL,CE,Combined TRACON& Tower with Radar,11,33,25,2,71,0,3,15,2,20,11,36,40,4,91,0,0,0,91
09/25/2010,PIA,IL,AGL,CE,Combined TRACON& Tower with Radar,4,27,12,3,46,0,7,19,3,29,4,34,31,6,75,0,0,0,75
09/26/2010,PIA,IL,AGL,CE,Combined TRACON& Tower with Radar,2,28,16,1,47,0,4,18,4,26,2,32,34,5,73,0,0,0,73
09/27/2010,PIA,IL,AGL,CE,Combined TRACON& Tower with Radar,7,39,19,7,72,0,7,27,4,38,7,46,46,11,110,0,26,26,136
09/28/2010,PIA,IL,AGL,CE,Combined TRACON& Tower with Radar,6,37,24,3,70,0,6,23,4,33,6,43,47,7,103,0,0,0,103
09/29/2010,PIA,IL,AGL,CE,Combined TRACON& Tower with Radar,12,36,28,3,79,0,4,29,4,37,12,40,57,7,116,0,0,0,116
09/30/2010,PIA,IL,AGL,CE,Combined TRACON& Tower with Radar,8,37,38,2,85,0,4,28,2,34,8,41,66,4,119,0,0,0,119
10/01/2010,PIA,IL,AGL,CE,Combined TRACON& Tower with Radar,9,32,42,10,93,0,8,35,5,48,9,40,77,15,141,0,0,0,141
10/02/2010,PIA,IL,AGL,CE,Combined TRACON& Tower with Radar,4,29,36,0,69,0,4,36,1,41,4,33,72,1,110,4,0,4,114
10/03/2010,PIA,IL,AGL,CE,Combined TRACON& Tower with Radar,4,35,30,1,70,0,3,26,2,31,4,38,56,3,101,0,0,0,101
10/04/2010,PIA,IL,AGL,CE,Combined TRACON& Tower with Radar,5,33,23,2,63,0,5,39,8,52,5,38,62,10,115,29,20,49,164
10/05/2010,PIA,IL,AGL,CE,Combined TRACON& Tower with Radar,6,38,13,10,67,0,6,19,11,36,6,44,32,21,103,0,0,0,103
10/06/2010,PIA,IL,AGL,CE,Combined TRACON& Tower with Radar,8,43,37,9,97,0,6,27,7,40,8,49,64,16,137,0,0,0,137
10/07/2010,PIA,IL,AGL,CE,Combined TRACON& Tower with Radar,10,36,27,10,83,0,4,20,9,33,10,40,47,19,116,0,0,0,116
10/08/2010,PIA,IL,AGL,CE,Combined TRACON& Tower with Radar,9,35,24,0,68,0,10,23,4,37,9,45,47,4,105,0,0,0,105
10/09/2010,PIA,IL,AGL,CE,Combined TRACON& Tower with Radar,4,28,8,0,40,0,4,38,8,50,4,32,46,8,90,0,0,0,90
10/10/2010,PIA,IL,AGL,CE,Combined TRACON& Tower with Radar,4,30,8,1,43,0,6,24,3,33,4,36,32,4,76,0,0,0,76
10/11/2010,PIA,IL,AGL,CE,Combined TRACON& Tower with Radar,5,38,34,0,77,0,5,30,0,35,5,43,64,0,112,44,0,44,156
10/12/2010,PIA,IL,AGL,CE,Combined TRACON& Tower with Radar,6,38,25,11,80,0,6,24,4,34,6,44,49,15,114,0,12,12,126
10/13/2010,PIA,IL,AGL,CE,Combined TRACON& Tower with Radar,8,40,30,11,89,0,3,19,2,24,8,43,49,13,113,14,0,14,127
10/14/2010,PIA,IL,AGL,CE,Combined TRACON& Tower with Radar,10,45,25,3,83,0,9,20,15,44,10,54,45,18,127,0,4,4,131
10/15/2010,PIA,IL,AGL,CE,Combined TRACON& Tower with Radar,13,37,28,15,93,0,5,26,11,42,13,42,54,26,135,0,30,30,165
10/16/2010,PIA,IL,AGL,CE,Combined TRACON& Tower with Radar,5,29,10,0,44,0,8,37,2,47,5,37,47,2,91,0,0,0,91
10/17/2010,PIA,IL,AGL,CE,Combined TRACON& Tower with Radar,5,30,25,2,62,0,2,33,1,36,5,32,58,3,98,0,0,0,98
10/18/2010,PIA,IL,AGL,CE,Combined TRACON& Tower with Radar,6,41,16,10,73,0,8,21,6,35,6,49,37,16,108,22,12,34,142
10/19/2010,PIA,IL,AGL,CE,Combined TRACON& Tower with Radar,7,39,28,4,78,0,1,26,7,34,7,40,54,11,112,42,126,168,280
10/20/2010,PIA,IL,AGL,CE,Combined TRACON& Tower with Radar,8,39,26,10,83,0,6,15,17,38,8,45,41,27,121,12,104,116,237
10/21/2010,PIA,IL,AGL,CE,Combined TRACON& Tower with Radar,10,42,27,11,90,0,4,16,5,25,10,46,43,16,115,14,56,70,185
10/22/2010,PIA,IL,AGL,CE,Combined TRACON& Tower with Radar,9,35,29,1,74,0,7,18,0,25,9,42,47,1,99,0,0,0,99
10/23/2010,PIA,IL,AGL,CE,Combined TRACON& Tower with Radar,6,31,16,0,53,0,7,12,0,19,6,38,28,0,72,0,0,0,72
10/24/2010,PIA,IL,AGL,CE,Combined TRACON& Tower with Radar,6,32,13,1,52,0,3,9,2,14,6,35,22,3,66,20,0,20,86
10/25/2010,PIA,IL,AGL,CE,Combined TRACON& Tower with Radar,5,33,20,22,80,0,1,14,0,15,5,34,34,22,95,8,15,23,118
10/26/2010,PIA,IL,AGL,CE,Combined TRACON& Tower with Radar,10,32,17,5,64,0,2,2,8,12,10,34,19,13,76,0,12,12,88
10/27/2010,PIA,IL,AGL,CE,Combined TRACON& Tower with Radar,9,41,30,7,87,0,1,9,4,14,9,42,39,11,101,4,38,42,143
10/28/2010,PIA,IL,AGL,CE,Combined TRACON& Tower with Radar,11,37,16,6,70,0,4,11,5,20,11,41,27,11,90,0,12,12,102
10/29/2010,PIA,IL,AGL,CE,Combined TRACON& Tower with Radar,9,40,14,2,65,0,5,22,3,30,9,45,36,5,95,8,12,20,115
10/30/2010,PIA,IL,AGL,CE,Combined TRACON& Tower with Radar,4,31,12,1,48,0,7,26,0,33,4,38,38,1,81,10,0,10,91
10/31/2010,PIA,IL,AGL,CE,Combined TRACON& Tower with Radar,4,28,28,0,60,0,4,27,0,31,4,32,55,0,91,36,0,36,127
11/01/2010,PIA,IL,AGL,CE,Combined TRACON& Tower with Radar,5,31,29,3,68,0,9,24,5,38,5,40,53,8,106,28,36,64,170
11/02/2010,PIA,IL,AGL,CE,Combined TRACON& Tower with Radar,6,38,29,9,82,0,6,17,20,43,6,44,46,29,125,10,60,70,195
11/03/2010,PIA,IL,AGL,CE,Combined TRACON& Tower with Radar,8,36,15,9,68,0,2,21,4,27,8,38,36,13,95,4,0,4,99
11/04/2010,PIA,IL,AGL,CE,Combined TRACON& Tower with Radar,10,43,14,9,76,0,5,9,10,24,10,48,23,19,100,10,0,10,110
11/05/2010,PIA,IL,AGL,CE,Combined TRACON& Tower with Radar,9,39,17,12,77,0,8,19,2,29,9,47,36,14,106,0,18,18,124
11/06/2010,PIA,IL,AGL,CE,Combined TRACON& Tower with Radar,4,27,12,5,48,0,5,36,10,51,4,32,48,15,99,18,22,40,139
11/07/2010,PIA,IL,AGL,CE,Combined TRACON& Tower with Radar,4,35,7,6,52,0,7,23,3,33,4,42,30,9,85,0,0,0,85
11/08/2010,PIA,IL,AGL,CE,Combined TRACON& Tower with Radar,5,34,25,11,75,0,3,23,5,31,5,37,48,16,106,56,44,100,206
11/09/2010,PIA,IL,AGL,CE,Combined TRACON& Tower with Radar,6,36,25,7,74,0,6,25,12,43,6,42,50,19,117,20,16,36,153
11/10/2010,PIA,IL,AGL,CE,Combined TRACON& Tower with Radar,8,38,26,6,78,0,8,23,3,34,8,46,49,9,112,20,0,20,132
11/11/2010,PIA,IL,AGL,CE,Combined TRACON& Tower with Radar,8,37,24,0,69,0,7,21,0,28,8,44,45,0,97,12,0,12,109
11/12/2010,PIA,IL,AGL,CE,Combined TRACON& Tower with Radar,9,35,27,2,73,0,11,30,2,43,9,46,57,4,116,38,0,38,154
11/13/2010,PIA,IL,AGL,CE,Combined TRACON& Tower with Radar,4,36,5,2,47,0,5,5,0,10,4,41,10,2,57,0,0,0,57
11/14/2010,PIA,IL,AGL,CE,Combined TRACON& Tower with Radar,2,31,10,0,43,0,7,17,0,24,2,38,27,0,67,18,0,18,85
11/15/2010,PIA,IL,AGL,CE,Combined TRACON& Tower with Radar,5,42,33,4,84,0,7,18,4,29,5,49,51,8,113,0,30,30,143
11/16/2010,PIA,IL,AGL,CE,Combined TRACON& Tower with Radar,8,43,46,2,99,0,6,13,14,33,8,49,59,16,132,10,24,34,166
11/17/2010,PIA,IL,AGL,CE,Combined TRACON& Tower with Radar,10,41,39,2,92,0,1,4,10,15,10,42,43,12,107,0,42,42,149
11/18/2010,PIA,IL,AGL,CE,Combined TRACON& Tower with Radar,6,35,21,3,65,0,5,13,11,29,6,40,34,14,94,6,46,52,146
11/19/2010,PIA,IL,AGL,CE,Combined TRACON& Tower with Radar,13,35,10,10,68,0,8,18,6,32,13,43,28,16,100,0,52,52,152
11/20/2010,PIA,IL,AGL,CE,Combined TRACON& Tower with Radar,4,29,23,0,56,0,3,18,0,21,4,32,41,0,77,0,0,0,77
11/21/2010,PIA,IL,AGL,CE,Combined TRACON& Tower with Radar,0,36,12,0,48,0,1,2,1,4,0,37,14,1,52,36,0,36,88
11/22/2010,PIA,IL,AGL,CE,Combined TRACON& Tower with Radar,11,33,7,9,60,0,1,1,5,7,11,34,8,14,67,2,16,18,85
11/23/2010,PIA,IL,AGL,CE,Combined TRACON& Tower with Radar,8,37,24,8,77,0,2,23,3,28,8,39,47,11,105,0,0,0,105
11/24/2010,PIA,IL,AGL,CE,Combined TRACON& Tower with Radar,10,34,16,0,60,0,2,2,0,4,10,36,18,0,64,0,0,0,64
11/25/2010,PIA,IL,AGL,CE,Combined TRACON& Tower with Radar,1,19,1,0,21,0,5,5,0,10,1,24,6,0,31,0,0,0,31
11/26/2010,PIA,IL,AGL,CE,Combined TRACON& Tower with Radar,8,23,2,0,33,0,5,12,0,17,8,28,14,0,50,0,0,0,50
11/27/2010,PIA,IL,AGL,CE,Combined TRACON& Tower with Radar,6,30,12,2,50,0,1,18,0,19,6,31,30,2,69,66,8,74,143
11/28/2010,PIA,IL,AGL,CE,Combined TRACON& Tower with Radar,2,32,17,1,52,0,6,22,0,28,2,38,39,1,80,0,0,0,80
11/29/2010,PIA,IL,AGL,CE,Combined TRACON& Tower with Radar,9,37,15,6,67,0,5,7,4,16,9,42,22,10,83,0,24,24,107
11/30/2010,PIA,IL,AGL,CE,Combined TRACON& Tower with Radar,8,37,17,7,69,0,1,4,13,18,8,38,21,20,87,0,56,56,143
12/01/2010,PIA,IL,AGL,CE,Combined TRACON& Tower with Radar,8,38,34,28,108,0,2,8,4,14,8,40,42,32,122,0,0,0,122
12/02/2010,PIA,IL,AGL,CE,Combined TRACON& Tower with Radar,6,43,35,2,86,0,5,20,2,27,6,48,55,4,113,8,0,8,121
12/03/2010,PIA,IL,AGL,CE,Combined TRACON& Tower with Radar,12,36,18,9,75,0,1,11,0,12,12,37,29,9,87,4,48,52,139
12/04/2010,PIA,IL,AGL,CE,Combined TRACON& Tower with Radar,6,27,7,1,41,0,0,0,0,0,6,27,7,1,41,0,0,0,41
12/05/2010,PIA,IL,AGL,CE,Combined TRACON& Tower with Radar,0,30,10,6,46,0,6,4,6,16,0,36,14,12,62,2,20,22,84
12/06/2010,PIA,IL,AGL,CE,Combined TRACON& Tower with Radar,8,37,11,6,62,0,1,9,1,11,8,38,20,7,73,0,0,0,73
12/07/2010,PIA,IL,AGL,CE,Combined TRACON& Tower with Radar,8,36,30,6,80,0,6,21,3,30,8,42,51,9,110,0,0,0,110
12/08/2010,PIA,IL,AGL,CE,Combined TRACON& Tower with Radar,12,40,16,11,79,0,6,18,8,32,12,46,34,19,111,0,28,28,139
12/09/2010,PIA,IL,AGL,CE,Combined TRACON& Tower with Radar,8,48,36,6,98,0,7,13,9,29,8,55,49,15,127,4,20,24,151
12/10/2010,PIA,IL,AGL,CE,Combined TRACON& Tower with Radar,12,43,27,1,83,0,4,20,2,26,12,47,47,3,109,16,0,16,125
12/11/2010,PIA,IL,AGL,CE,Combined TRACON& Tower with Radar,4,23,7,2,36,0,0,0,0,0,4,23,7,2,36,0,0,0,36
12/12/2010,PIA,IL,AGL,CE,Combined TRACON& Tower with Radar,0,18,3,2,23,0,0,0,0,0,0,18,3,2,23,0,0,0,23
12/13/2010,PIA,IL,AGL,CE,Combined TRACON& Tower with Radar,8,34,13,2,57,0,8,14,4,26,8,42,27,6,83,0,0,0,83
12/14/2010,PIA,IL,AGL,CE,Combined TRACON& Tower with Radar,8,42,25,12,87,0,3,22,10,35,8,45,47,22,122,36,16,52,174
12/15/2010,PIA,IL,AGL,CE,Combined TRACON& Tower with Radar,8,37,25,29,99,0,2,19,16,37,8,39,44,45,136,0,0,0,136
12/16/2010,PIA,IL,AGL,CE,Combined TRACON& Tower with Radar,10,38,18,0,66,0,0,0,4,4,10,38,18,4,70,0,0,0,70
12/17/2010,PIA,IL,AGL,CE,Combined TRACON& Tower with Radar,12,36,33,0,81,0,5,11,0,16,12,41,44,0,97,0,0,0,97
12/18/2010,PIA,IL,AGL,CE,Combined TRACON& Tower with Radar,5,29,12,1,47,0,3,15,0,18,5,32,27,1,65,68,0,68,133
12/19/2010,PIA,IL,AGL,CE,Combined TRACON& Tower with Radar,1,30,8,0,39,0,6,12,0,18,1,36,20,0,57,10,0,10,67
12/20/2010,PIA,IL,AGL,CE,Combined TRACON& Tower with Radar,8,32,21,7,68,0,0,1,12,13,8,32,22,19,81,0,28,28,109
12/21/2010,PIA,IL,AGL,CE,Combined TRACON& Tower with Radar,12,31,25,39,107,0,3,5,6,14,12,34,30,45,121,4,40,44,165
12/22/2010,PIA,IL,AGL,CE,Combined TRACON& Tower with Radar,12,41,20,7,80,0,1,7,0,8,12,42,27,7,88,24,10,34,122
12/23/2010,PIA,IL,AGL,CE,Combined TRACON& Tower with Radar,10,42,12,17,81,0,7,24,11,42,10,49,36,28,123,16,40,56,179
12/24/2010,PIA,IL,AGL,CE,Combined TRACON& Tower with Radar,8,26,3,0,37,0,2,1,0,3,8,28,4,0,40,0,0,0,40
12/25/2010,PIA,IL,AGL,CE,Combined TRACON& Tower with Radar,7,25,3,0,35,0,2,2,0,4,7,27,5,0,39,0,0,0,39
12/26/2010,PIA,IL,AGL,CE,Combined TRACON& Tower with Radar,2,32,7,0,41,0,1,10,0,11,2,33,17,0,52,0,0,0,52
12/27/2010,PIA,IL,AGL,CE,Combined TRACON& Tower with Radar,9,35,14,2,60,0,2,10,0,12,9,37,24,2,72,8,0,8,80
12/28/2010,PIA,IL,AGL,CE,Combined TRACON& Tower with Radar,10,33,10,0,53,0,3,16,2,21,10,36,26,2,74,20,2,22,96
12/29/2010,PIA,IL,AGL,CE,Combined TRACON& Tower with Radar,12,39,12,0,63,0,0,1,2,3,12,39,13,2,66,18,0,18,84
12/30/2010,PIA,IL,AGL,CE,Combined TRACON& Tower with Radar,10,32,17,0,59,0,0,0,0,0,10,32,17,0,59,0,0,0,59
12/31/2010,PIA,IL,AGL,CE,Combined TRACON& Tower with Radar,7,22,4,1,34,0,1,10,0,11,7,23,14,1,45,0,0,0,45
01/01/2011,PIA,IL,AGL,CE,Combined TRACON& Tower with Radar,7,25,6,0,38,0,3,4,2,9,7,28,10,2,47,0,0,0,47
01/02/2011,PIA,IL,AGL,CE,Combined TRACON& Tower with Radar,3,30,12,0,45,0,5,23,0,28,3,35,35,0,73,0,0,0,73
01/03/2011,PIA,IL,AGL,CE,Combined TRACON& Tower with Radar,9,33,16,2,60,0,3,22,8,33,9,36,38,10,93,22,12,34,127
01/04/2011,PIA,IL,AGL,CE,Combined TRACON& Tower with Radar,8,33,7,7,55,0,7,22,8,37,8,40,29,15,92,4,34,38,130
01/05/2011,PIA,IL,AGL,CE,Combined TRACON& Tower with Radar,8,37,29,16,90,0,1,21,10,32,8,38,50,26,122,0,22,22,144
01/06/2011,PIA,IL,AGL,CE,Combined TRACON& Tower with Radar,5,41,21,2,69,0,5,11,6,22,5,46,32,8,91,16,36,52,143
01/07/2011,PIA,IL,AGL,CE,Combined TRACON& Tower with Radar,9,36,19,16,80,0,5,7,1,13,9,41,26,17,93,0,68,68,161
01/08/2011,PIA,IL,AGL,CE,Combined TRACON& Tower with Radar,5,28,6,3,42,0,3,16,12,31,5,31,22,15,73,0,10,10,83
01/09/2011,PIA,IL,AGL,CE,Combined TRACON& Tower with Radar,0,27,21,11,59,0,6,21,14,41,0,33,42,25,100,38,26,64,164
01/10/2011,PIA,IL,AGL,CE,Combined TRACON& Tower with Radar,6,36,24,4,70,0,2,13,2,17,6,38,37,6,87,24,36,60,147
01/11/2011,PIA,IL,AGL,CE,Combined TRACON& Tower with Radar,5,30,17,0,52,0,0,3,0,3,5,30,20,0,55,0,0,0,55
01/12/2011,PIA,IL,AGL,CE,Combined TRACON& Tower with Radar,7,37,32,2,78,0,3,5,1,9,7,40,37,3,87,0,0,0,87
01/13/2011,PIA,IL,AGL,CE,Combined TRACON& Tower with Radar,4,38,30,4,76,0,3,12,2,17,4,41,42,6,93,0,0,0,93
01/14/2011,PIA,IL,AGL,CE,Combined TRACON& Tower with Radar,9,38,15,2,64,0,3,12,0,15,9,41,27,2,79,0,0,0,79
01/15/2011,PIA,IL,AGL,CE,Combined TRACON& Tower with Radar,4,29,13,0,46,0,5,15,0,20,4,34,28,0,66,0,0,0,66
01/16/2011,PIA,IL,AGL,CE,Combined TRACON& Tower with Radar,0,27,9,0,36,0,1,19,0,20,0,28,28,0,56,4,2,6,62
01/17/2011,PIA,IL,AGL,CE,Combined TRACON& Tower with Radar,6,28,12,3,49,0,0,0,0,0,6,28,12,3,49,0,0,0,49
01/18/2011,PIA,IL,AGL,CE,Combined TRACON& Tower with Radar,4,33,37,0,74,0,0,0,2,2,4,33,37,2,76,0,0,0,76
01/19/2011,PIA,IL,AGL,CE,Combined TRACON& Tower with Radar,8,40,32,10,90,0,4,7,12,23,8,44,39,22,113,0,6,6,119
01/20/2011,PIA,IL,AGL,CE,Combined TRACON& Tower with Radar,4,37,14,2,57,0,3,5,9,17,4,40,19,11,74,0,0,0,74
01/21/2011,PIA,IL,AGL,CE,Combined TRACON& Tower with Radar,10,32,24,9,75,0,1,5,3,9,10,33,29,12,84,0,0,0,84
01/22/2011,PIA,IL,AGL,CE,Combined TRACON& Tower with Radar,6,31,9,1,47,0,2,6,0,8,6,33,15,1,55,16,0,16,71
01/23/2011,PIA,IL,AGL,CE,Combined TRACON& Tower with Radar,0,33,13,2,48,0,1,21,0,22,0,34,34,2,70,0,0,0,70
01/24/2011,PIA,IL,AGL,CE,Combined TRACON& Tower with Radar,6,34,14,3,57,0,0,3,0,3,6,34,17,3,60,0,0,0,60
01/25/2011,PIA,IL,AGL,CE,Combined TRACON& Tower with Radar,4,34,16,27,81,0,0,0,2,2,4,34,16,29,83,2,50,52,135
01/26/2011,PIA,IL,AGL,CE,Combined TRACON& Tower with Radar,6,36,24,31,97,0,0,0,0,0,6,36,24,31,97,10,16,26,123
01/27/2011,PIA,IL,AGL,CE,Combined TRACON& Tower with Radar,4,40,26,8,78,0,0,9,0,9,4,40,35,8,87,22,12,34,121
01/28/2011,PIA,IL,AGL,CE,Combined TRACON& Tower with Radar,10,37,19,1,67,0,0,1,0,1,10,37,20,1,68,0,0,0,68
01/29/2011,PIA,IL,AGL,CE,Combined TRACON& Tower with Radar,4,29,26,0,59,0,2,23,0,25,4,31,49,0,84,12,0,12,96
01/30/2011,PIA,IL,AGL,CE,Combined TRACON& Tower with Radar,0,32,6,0,38,0,1,0,0,1,0,33,6,0,39,0,12,12,51
01/31/2011,PIA,IL,AGL,CE,Combined TRACON& Tower with Radar,7,30,11,11,59,0,1,5,0,6,7,31,16,11,65,0,0,0,65
02/01/2011,PIA,IL,AGL,CE,Combined TRACON& Tower with Radar,2,10,2,0,14,0,0,0,0,0,2,10,2,0,14,0,0,0,14
02/02/2011,PIA,IL,AGL,CE,Combined TRACON& Tower with Radar,4,8,0,0,12,0,2,5,0,7,4,10,5,0,19,0,0,0,19
02/03/2011,PIA,IL,AGL,CE,Combined TRACON& Tower with Radar,5,19,17,0,41,0,0,17,1,18,5,19,34,1,59,0,0,0,59
02/04/2011,PIA,IL,AGL,CE,Combined TRACON& Tower with Radar,10,29,20,0,59,0,7,20,0,27,10,36,40,0,86,0,0,0,86
02/05/2011,PIA,IL,AGL,CE,Combined TRACON& Tower with Radar,4,25,19,1,49,0,6,50,3,59,4,31,69,4,108,14,0,14,122
02/06/2011,PIA,IL,AGL,CE,Combined TRACON& Tower with Radar,0,29,2,0,31,0,0,0,0,0,0,29,2,0,31,0,0,0,31
02/07/2011,PIA,IL,AGL,CE,Combined TRACON& Tower with Radar,5,32,31,19,87,0,4,17,17,38,5,36,48,36,125,0,4,4,129
02/08/2011,PIA,IL,AGL,CE,Combined TRACON& Tower with Radar,4,37,22,12,75,0,3,10,9,22,4,40,32,21,97,4,70,74,171
02/09/2011,PIA,IL,AGL,CE,Combined TRACON& Tower with Radar,6,37,29,13,85,0,5,16,12,33,6,42,45,25,118,4,98,102,220
02/10/2011,PIA,IL,AGL,CE,Combined TRACON& Tower with Radar,4,45,26,11,86,0,7,20,8,35,4,52,46,19,121,2,54,56,177
02/11/2011,PIA,IL,AGL,CE,Combined TRACON& Tower with Radar,10,36,26,1,73,0,5,16,0,21,10,41,42,1,94,0,0,0,94
02/12/2011,PIA,IL,AGL,CE,Combined TRACON& Tower with Radar,5,28,12,3,48,0,6,20,5,31,5,34,32,8,79,34,0,34,113
02/13/2011,PIA,IL,AGL,CE,Combined TRACON& Tower with Radar,3,33,3,1,40,0,6,24,2,32,3,39,27,3,72,12,0,12,84
02/14/2011,PIA,IL,AGL,CE,Combined TRACON& Tower with Radar,6,42,15,5,68,0,5,18,5,28,6,47,33,10,96,10,6,16,112
02/15/2011,PIA,IL,AGL,CE,Combined TRACON& Tower with Radar,4,39,41,3,87,0,5,25,20,50,4,44,66,23,137,0,50,50,187
02/16/2011,PIA,IL,AGL,CE,Combined TRACON& Tower with Radar,6,39,30,8,83,0,6,25,6,37,6,45,55,14,120,48,36,84,204
02/17/2011,PIA,IL,AGL,CE,Combined TRACON& Tower with Radar,4,40,11,13,68,0,6,13,2,21,4,46,24,15,89,0,16,16,105
02/18/2011,PIA,IL,AGL,CE,Combined TRACON& Tower with Radar,10,35,17,11,73,0,2,24,0,26,10,37,41,11,99,24,8,32,131
02/19/2011,PIA,IL,AGL,CE,Combined TRACON& Tower with Radar,4,31,19,0,54,0,5,30,0,35,4,36,49,0,89,0,0,0,89
02/20/2011,PIA,IL,AGL,CE,Combined TRACON& Tower with Radar,0,24,4,0,28,0,2,5,0,7,0,26,9,0,35,0,0,0,35
02/21/2011,PIA,IL,AGL,CE,Combined TRACON& Tower with Radar,8,28,10,2,48,0,0,0,0,0,8,28,10,2,48,6,0,6,54
02/22/2011,PIA,IL,AGL,CE,Combined TRACON& Tower with Radar,6,39,23,19,87,0,3,14,7,24,6,42,37,26,111,14,30,44,155
02/23/2011,PIA,IL,AGL,CE,Combined TRACON& Tower with Radar,8,37,25,17,87,0,2,14,4,20,8,39,39,21,107,2,18,20,127
02/24/2011,PIA,IL,AGL,CE,Combined TRACON& Tower with Radar,6,30,24,7,67,0,0,3,3,6,6,30,27,10,73,0,0,0,73
02/25/2011,PIA,IL,AGL,CE,Combined TRACON& Tower with Radar,10,32,21,5,68,0,4,17,0,21,10,36,38,5,89,0,0,0,89
02/26/2011,PIA,IL,AGL,CE,Combined TRACON& Tower with Radar,5,30,14,2,51,0,0,1,0,1,5,30,15,2,52,0,0,0,52
02/27/2011,PIA,IL,AGL,CE,Combined TRACON& Tower with Radar,3,27,13,1,44,0,0,2,0,2,3,27,15,1,46,0,0,0,46
02/28/2011,PIA,IL,AGL,CE,Combined TRACON& Tower with Radar,8,36,22,10,76,0,3,10,4,17,8,39,32,14,93,16,24,40,133
03/01/2011,PIA,IL,AGL,CE,Combined TRACON& Tower with Radar,6,40,26,15,87,0,5,30,5,40,6,45,56,20,127,12,32,44,171
03/02/2011,PIA,IL,AGL,CE,Combined TRACON& Tower with Radar,8,40,23,3,74,0,9,36,6,51,8,49,59,9,125,120,12,132,257
03/03/2011,PIA,IL,AGL,CE,Combined TRACON& Tower with Radar,6,40,26,2,74,0,5,9,6,20,6,45,35,8,94,24,0,24,118
03/04/2011,PIA,IL,AGL,CE,Combined TRACON& Tower with Radar,10,34,23,6,73,0,0,12,6,18,10,34,35,12,91,0,2,2,93
03/05/2011,PIA,IL,AGL,CE,Combined TRACON& Tower with Radar,4,29,6,10,49,0,2,5,0,7,4,31,11,10,56,14,12,26,82
03/06/2011,PIA,IL,AGL,CE,Combined TRACON& Tower with Radar,2,31,16,3,52,0,8,26,4,38,2,39,42,7,90,12,20,32,122
03/07/2011,PIA,IL,AGL,CE,Combined TRACON& Tower with Radar,8,37,20,4,69,0,1,11,8,20,8,38,31,12,89,4,18,22,111
03/08/2011,PIA,IL,AGL,CE,Combined TRACON& Tower with Radar,4,38,31,2,75,0,2,13,2,17,4,40,44,4,92,2,0,2,94
03/09/2011,PIA,IL,AGL,CE,Combined TRACON& Tower with Radar,8,42,25,4,79,0,0,0,0,0,8,42,25,4,79,0,0,0,79
03/10/2011,PIA,IL,AGL,CE,Combined TRACON& Tower with Radar,8,45,23,6,82,0,1,8,6,15,8,46,31,12,97,42,0,42,139
03/11/2011,PIA,IL,AGL,CE,Combined TRACON& Tower with Radar,10,37,22,6,75,0,5,37,2,44,10,42,59,8,119,4,0,4,123
03/12/2011,PIA,IL,AGL,CE,Combined TRACON& Tower with Radar,6,31,3,0,40,0,6,13,2,21,6,37,16,2,61,4,0,4,65
03/13/2011,PIA,IL,AGL,CE,Combined TRACON& Tower with Radar,2,31,7,1,41,0,1,4,2,7,2,32,11,3,48,2,0,2,50
03/14/2011,PIA,IL,AGL,CE,Combined TRACON& Tower with Radar,8,35,29,4,76,0,6,18,8,32,8,41,47,12,108,92,0,92,200
03/15/2011,PIA,IL,AGL,CE,Combined TRACON& Tower with Radar,6,34,35,10,85,0,1,9,11,21,6,35,44,21,106,12,10,22,128
03/16/2011,PIA,IL,AGL,CE,Combined TRACON& Tower with Radar,8,36,30,6,80,0,7,32,7,46,8,43,62,13,126,20,18,38,164
03/17/2011,PIA,IL,AGL,CE,Combined TRACON& Tower with Radar,8,36,22,7,73,0,6,10,7,23,8,42,32,14,96,0,0,0,96
03/18/2011,PIA,IL,AGL,CE,Combined TRACON& Tower with Radar,10,35,29,4,78,0,9,24,6,39,10,44,53,10,117,0,0,0,117
03/19/2011,PIA,IL,AGL,CE,Combined TRACON& Tower with Radar,6,28,26,0,60,0,5,33,0,38,6,33,59,0,98,0,0,0,98
03/20/2011,PIA,IL,AGL,CE,Combined TRACON& Tower with Radar,2,33,5,1,41,0,3,4,2,9,2,36,9,3,50,0,0,0,50
03/21/2011,PIA,IL,AGL,CE,Combined TRACON& Tower with Radar,10,42,19,4,75,0,3,13,4,20,10,45,32,8,95,0,0,0,95
03/22/2011,PIA,IL,AGL,CE,Combined TRACON& Tower with Radar,6,32,22,2,62,0,2,2,20,24,6,34,24,22,86,0,0,0,86
03/23/2011,PIA,IL,AGL,CE,Combined TRACON& Tower with Radar,8,30,20,15,73,0,3,9,1,13,8,33,29,16,86,24,42,66,152
03/24/2011,PIA,IL,AGL,CE,Combined TRACON& Tower with Radar,8,36,16,9,69,0,7,16,7,30,8,43,32,16,99,0,4,4,103
03/25/2011,PIA,IL,AGL,CE,Combined TRACON& Tower with Radar,12,38,7,2,59,0,6,11,0,17,12,44,18,2,76,0,0,0,76
03/26/2011,PIA,IL,AGL,CE,Combined TRACON& Tower with Radar,6,30,17,0,53,0,4,16,0,20,6,34,33,0,73,40,0,40,113
03/27/2011,PIA,IL,AGL,CE,Combined TRACON& Tower with Radar,2,33,11,0,46,0,2,30,0,32,2,35,41,0,78,40,0,40,118
03/28/2011,PIA,IL,AGL,CE,Combined TRACON& Tower with Radar,8,42,18,7,75,0,5,14,10,29,8,47,32,17,104,0,16,16,120
03/29/2011,PIA,IL,AGL,CE,Combined TRACON& Tower with Radar,6,40,15,4,65,0,3,14,8,25,6,43,29,12,90,2,0,2,92
03/30/2011,PIA,IL,AGL,CE,Combined TRACON& Tower with Radar,8,35,26,5,74,0,8,21,6,35,8,43,47,11,109,34,38,72,181
03/31/2011,PIA,IL,AGL,CE,Combined TRACON& Tower with Radar,8,41,14,2,65,0,5,41,4,50,8,46,55,6,115,0,6,6,121
04/01/2011,PIA,IL,AGL,CE,Combined TRACON& Tower with Radar,8,32,20,5,65,0,2,2,3,7,8,34,22,8,72,0,8,8,80
04/02/2011,PIA,IL,AGL,CE,Combined TRACON& Tower with Radar,6,27,19,11,63,0,2,25,13,40,6,29,44,24,103,40,4,44,147
04/03/2011,PIA,IL,AGL,CE,Combined TRACON& Tower with Radar,4,41,8,2,55,0,3,9,5,17,4,44,17,7,72,0,0,0,72
04/04/2011,PIA,IL,AGL,CE,Combined TRACON& Tower with Radar,8,30,22,12,72,0,1,7,5,13,8,31,29,17,85,0,26,26,111
04/05/2011,PIA,IL,AGL,CE,Combined TRACON& Tower with Radar,6,37,38,10,91,0,3,8,12,23,6,40,46,22,114,0,18,18,132
04/06/2011,PIA,IL,AGL,CE,Combined TRACON& Tower with Radar,11,45,34,7,97,0,2,13,12,27,11,47,47,19,124,4,16,20,144
04/07/2011,PIA,IL,AGL,CE,Combined TRACON& Tower with Radar,9,40,32,11,92,0,5,16,11,32,9,45,48,22,124,0,58,58,182
04/08/2011,PIA,IL,AGL,CE,Combined TRACON& Tower with Radar,8,37,36,6,87,0,2,5,0,7,8,39,41,6,94,0,0,0,94
04/09/2011,PIA,IL,AGL,CE,Combined TRACON& Tower with Radar,8,27,18,2,55,0,4,15,0,19,8,31,33,2,74,0,0,0,74
04/10/2011,PIA,IL,AGL,CE,Combined TRACON& Tower with Radar,4,31,16,1,52,0,4,6,2,12,4,35,22,3,64,2,0,2,66
04/11/2011,PIA,IL,AGL,CE,Combined TRACON& Tower with Radar,6,40,18,9,73,0,3,18,19,40,6,43,36,28,113,0,4,4,117
04/12/2011,PIA,IL,AGL,CE,Combined TRACON& Tower with Radar,6,36,22,2,66,0,5,40,3,48,6,41,62,5,114,10,0,10,124
04/13/2011,PIA,IL,AGL,CE,Combined TRACON& Tower with Radar,6,44,24,10,84,0,6,31,7,44,6,50,55,17,128,0,40,40,168
04/14/2011,PIA,IL,AGL,CE,Combined TRACON& Tower with Radar,2,38,26,10,76,0,8,18,2,28,2,46,44,12,104,0,0,0,104
04/15/2011,PIA,IL,AGL,CE,Combined TRACON& Tower with Radar,11,27,14,6,58,0,3,6,0,9,11,30,20,6,67,0,0,0,67
04/16/2011,PIA,IL,AGL,CE,Combined TRACON& Tower with Radar,4,28,1,0,33,0,4,3,0,7,4,32,4,0,40,0,0,0,40
04/17/2011,PIA,IL,AGL,CE,Combined TRACON& Tower with Radar,0,37,25,4,66,0,11,15,0,26,0,48,40,4,92,8,0,8,100
04/18/2011,PIA,IL,AGL,CE,Combined TRACON& Tower with Radar,7,42,16,3,68,0,3,5,0,8,7,45,21,3,76,6,0,6,82
04/19/2011,PIA,IL,AGL,CE,Combined TRACON& Tower with Radar,3,34,20,0,57,0,0,0,0,0,3,34,20,0,57,0,0,0,57
04/20/2011,PIA,IL,AGL,CE,Combined TRACON& Tower with Radar,8,40,33,14,95,0,2,20,24,46,8,42,53,38,141,0,0,0,141
04/21/2011,PIA,IL,AGL,CE,Combined TRACON& Tower with Radar,4,38,24,18,84,0,5,19,1,25,4,43,43,19,109,34,36,70,179
04/22/2011,PIA,IL,AGL,CE,Combined TRACON& Tower with Radar,10,30,13,2,55,0,0,1,0,1,10,30,14,2,56,0,0,0,56
04/23/2011,PIA,IL,AGL,CE,Combined TRACON& Tower with Radar,6,25,21,0,52,0,4,31,0,35,6,29,52,0,87,16,0,16,103
04/24/2011,PIA,IL,AGL,CE,Combined TRACON& Tower with Radar,0,30,4,0,34,0,6,13,0,19,0,36,17,0,53,0,0,0,53
04/25/2011,PIA,IL,AGL,CE,Combined TRACON& Tower with Radar,6,36,19,8,69,0,0,1,0,1,6,36,20,8,70,0,0,0,70
04/26/2011,PIA,IL,AGL,CE,Combined TRACON& Tower with Radar,4,42,20,8,74,0,5,7,9,21,4,47,27,17,95,2,20,22,117
04/27/2011,PIA,IL,AGL,CE,Combined TRACON& Tower with Radar,5,41,30,3,79,0,3,15,11,29,5,44,45,14,108,0,28,28,136
04/28/2011,PIA,IL,AGL,CE,Combined TRACON& Tower with Radar,5,42,13,4,64,0,7,13,6,26,5,49,26,10,90,0,20,20,110
04/29/2011,PIA,IL,AGL,CE,Combined TRACON& Tower with Radar,10,36,29,3,78,0,17,41,9,67,10,53,70,12,145,28,0,28,173
04/30/2011,PIA,IL,AGL,CE,Combined TRACON& Tower with Radar,4,25,4,2,35,0,6,16,5,27,4,31,20,7,62,0,2,2,64
05/01/2011,PIA,IL,AGL,CE,Combined TRACON& Tower with Radar,0,26,14,0,40,0,7,26,0,33,0,33,40,0,73,40,0,40,113
05/02/2011,PIA,IL,AGL,CE,Combined TRACON& Tower with Radar,6,33,11,6,56,0,7,23,14,44,6,40,34,20,100,2,12,14,114
05/03/2011,PIA,IL,AGL,CE,Combined TRACON& Tower with Radar,4,36,10,1,51,0,8,29,13,50,4,44,39,14,101,34,68,102,203
05/04/2011,PIA,IL,AGL,CE,Combined TRACON& Tower with Radar,6,40,38,10,94,0,9,51,20,80,6,49,89,30,174,14,6,20,194
05/05/2011,PIA,IL,AGL,CE,Combined TRACON& Tower with Radar,4,45,17,5,71,0,4,10,8,22,4,49,27,13,93,4,8,12,105
05/06/2011,PIA,IL,AGL,CE,Combined TRACON& Tower with Radar,10,34,22,2,68,0,7,28,6,41,10,41,50,8,109,16,2,18,127
05/07/2011,PIA,IL,AGL,CE,Combined TRACON& Tower with Radar,4,28,13,0,45,0,8,20,0,28,4,36,33,0,73,32,0,32,105
05/08/2011,PIA,IL,AGL,CE,Combined TRACON& Tower with Radar,0,30,12,1,43,0,2,13,0,15,0,32,25,1,58,16,0,16,74
05/09/2011,PIA,IL,AGL,CE,Combined TRACON& Tower with Radar,6,38,19,8,71,0,7,13,4,24,6,45,32,12,95,0,14,14,109
05/10/2011,PIA,IL,AGL,CE,Combined TRACON& Tower with Radar,4,43,22,8,77,0,5,15,5,25,4,48,37,13,102,4,0,4,106
05/11/2011,PIA,IL,AGL,CE,Combined TRACON& Tower with Radar,8,37,22,10,77,0,5,16,12,33,8,42,38,22,110,0,24,24,134
05/12/2011,PIA,IL,AGL,CE,Combined TRACON& Tower with Radar,4,41,26,12,83,0,7,23,1,31,4,48,49,13,114,20,0,20,134
05/13/2011,PIA,IL,AGL,CE,Combined TRACON& Tower with Radar,10,33,22,13,78,0,4,12,8,24,10,37,34,21,102,18,32,50,152
05/14/2011,PIA,IL,AGL,CE,Combined TRACON& Tower with Radar,4,28,9,2,43,0,0,0,2,2,4,28,9,4,45,0,0,0,45
05/15/2011,PIA,IL,AGL,CE,Combined TRACON& Tower with Radar,0,32,9,0,41,0,1,6,5,12,0,33,15,5,53,0,0,0,53
05/16/2011,PIA,IL,AGL,CE,Combined TRACON& Tower with Radar,6,34,24,4,68,0,6,31,2,39,6,40,55,6,107,16,0,16,123
05/17/2011,PIA,IL,AGL,CE,Combined TRACON& Tower with Radar,4,39,28,5,76,0,5,19,9,33,4,44,47,14,109,50,24,74,183
05/18/2011,PIA,IL,AGL,CE,Combined TRACON& Tower with Radar,4,34,28,6,72,0,6,28,1,35,4,40,56,7,107,34,12,46,153
05/19/2011,PIA,IL,AGL,CE,Combined TRACON& Tower with Radar,4,43,33,9,89,0,3,29,7,39,4,46,62,16,128,56,14,70,198
05/20/2011,PIA,IL,AGL,CE,Combined TRACON& Tower with Radar,12,33,22,2,69,0,9,20,1,30,12,42,42,3,99,2,0,2,101
05/21/2011,PIA,IL,AGL,CE,Combined TRACON& Tower with Radar,2,25,11,1,39,0,6,21,2,29,2,31,32,3,68,24,0,24,92
05/22/2011,PIA,IL,AGL,CE,Combined TRACON& Tower with Radar,0,20,10,0,30,0,1,17,3,21,0,21,27,3,51,0,0,0,51
05/23/2011,PIA,IL,AGL,CE,Combined TRACON& Tower with Radar,10,35,11,5,61,0,3,6,5,14,10,38,17,10,75,0,20,20,95
05/24/2011,PIA,IL,AGL,CE,Combined TRACON& Tower with Radar,4,35,27,5,71,0,4,21,5,30,4,39,48,10,101,16,0,16,117
05/25/2011,PIA,IL,AGL,CE,Combined TRACON& Tower with Radar,5,23,33,6,67,0,2,6,1,9,5,25,39,7,76,0,0,0,76
05/26/2011,PIA,IL,AGL,CE,Combined TRACON& Tower with Radar,5,27,30,6,68,0,4,9,7,20,5,31,39,13,88,0,0,0,88
05/27/2011,PIA,IL,AGL,CE,Combined TRACON& Tower with Radar,12,29,30,0,71,0,4,35,2,41,12,33,65,2,112,8,2,10,122
05/28/2011,PIA,IL,AGL,CE,Combined TRACON& Tower with Radar,2,29,10,0,41,0,2,5,0,7,2,31,15,0,48,0,0,0,48
05/29/2011,PIA,IL,AGL,CE,Combined TRACON& Tower with Radar,4,24,8,0,36,0,2,6,0,8,4,26,14,0,44,14,0,14,58
05/30/2011,PIA,IL,AGL,CE,Combined TRACON& Tower with Radar,5,32,11,0,48,0,6,14,2,22,5,38,25,2,70,30,0,30,100
05/31/2011,PIA,IL,AGL,CE,Combined TRACON& Tower with Radar,4,37,26,6,73,0,6,7,7,20,4,43,33,13,93,8,30,38,131
06/01/2011,PIA,IL,AGL,CE,Combined TRACON& Tower with Radar,7,41,45,8,101,0,3,36,12,51,7,44,81,20,152,62,8,70,222
06/02/2011,PIA,IL,AGL,CE,Combined TRACON& Tower with Radar,4,41,33,4,82,0,0,5,3,8,4,41,38,7,90,6,0,6,96
06/03/2011,PIA,IL,AGL,CE,Combined TRACON& Tower with Radar,12,37,27,0,76,0,1,18,6,25,12,38,45,6,101,10,0,10,111
06/04/2011,PIA,IL,AGL,CE,Combined TRACON& Tower with Radar,2,27,12,3,44,0,3,26,5,34,2,30,38,8,78,12,0,12,90
06/05/2011,PIA,IL,AGL,CE,Combined TRACON& Tower with Radar,0,32,13,12,57,0,3,30,6,39,0,35,43,18,96,74,14,88,184
06/06/2011,PIA,IL,AGL,CE,Combined TRACON& Tower with Radar,6,37,20,2,65,0,6,24,8,38,6,43,44,10,103,4,26,30,133
06/07/2011,PIA,IL,AGL,CE,Combined TRACON& Tower with Radar,9,43,25,2,79,0,2,27,4,33,9,45,52,6,112,0,0,0,112
06/08/2011,PIA,IL,AGL,CE,Combined TRACON& Tower with Radar,11,36,35,4,86,0,7,28,13,48,11,43,63,17,134,80,28,108,242
06/09/2011,PIA,IL,AGL,CE,Combined TRACON& Tower with Radar,4,38,16,2,60,0,0,5,2,7,4,38,21,4,67,20,0,20,87
06/10/2011,PIA,IL,AGL,CE,Combined TRACON& Tower with Radar,12,35,20,10,77,0,4,10,0,14,12,39,30,10,91,0,0,0,91
06/11/2011,PIA,IL,AGL,CE,Combined TRACON& Tower with Radar,8,34,21,4,67,0,0,21,2,23,8,34,42,6,90,0,0,0,90
06/12/2011,PIA,IL,AGL,CE,Combined TRACON& Tower with Radar,0,32,34,0,66,0,6,22,0,28,0,38,56,0,94,40,0,40,134
06/13/2011,PIA,IL,AGL,CE,Combined TRACON& Tower with Radar,6,44,28,4,82,0,4,28,7,39,6,48,56,11,121,2,56,58,179
06/14/2011,PIA,IL,AGL,CE,Combined TRACON& Tower with Radar,6,40,15,6,67,0,8,10,4,22,6,48,25,10,89,0,20,20,109
06/15/2011,PIA,IL,AGL,CE,Combined TRACON& Tower with Radar,10,43,12,3,68,0,3,5,2,10,10,46,17,5,78,12,24,36,114
06/16/2011,PIA,IL,AGL,CE,Combined TRACON& Tower with Radar,4,40,20,7,71,0,6,40,5,51,4,46,60,12,122,58,0,58,180
06/17/2011,PIA,IL,AGL,CE,Combined TRACON& Tower with Radar,12,42,18,2,74,0,9,23,0,32,12,51,41,2,106,0,0,0,106
06/18/2011,PIA,IL,AGL,CE,Combined TRACON& Tower with Radar,6,33,26,2,67,0,4,21,3,28,6,37,47,5,95,0,0,0,95
06/19/2011,PIA,IL,AGL,CE,Combined TRACON& Tower with Radar,0,32,11,3,46,0,1,13,1,15,0,33,24,4,61,0,0,0,61
06/20/2011,PIA,IL,AGL,CE,Combined TRACON& Tower with Radar,7,40,21,5,73,0,4,10,28,42,7,44,31,33,115,22,36,58,173
06/21/2011,PIA,IL,AGL,CE,Combined TRACON& Tower with Radar,5,33,20,7,65,0,2,20,15,37,5,35,40,22,102,34,22,56,158
06/22/2011,PIA,IL,AGL,CE,Combined TRACON& Tower with Radar,10,37,25,5,77,0,5,12,22,39,10,42,37,27,116,4,50,54,170
06/23/2011,PIA,IL,AGL,CE,Combined TRACON& Tower with Radar,4,40,22,4,70,0,0,5,6,11,4,40,27,10,81,0,44,44,125
06/24/2011,PIA,IL,AGL,CE,Combined TRACON& Tower with Radar,10,36,18,13,77,0,0,21,9,30,10,36,39,22,107,12,0,12,119
06/25/2011,PIA,IL,AGL,CE,Combined TRACON& Tower with Radar,10,37,12,0,59,0,1,17,0,18,10,38,29,0,77,8,0,8,85
06/26/2011,PIA,IL,AGL,CE,Combined TRACON& Tower with Radar,0,34,26,1,61,0,2,23,0,25,0,36,49,1,86,8,0,8,94
06/27/2011,PIA,IL,AGL,CE,Combined TRACON& Tower with Radar,7,41,21,3,72,0,1,14,18,33,7,42,35,21,105,36,78,114,219
06/28/2011,PIA,IL,AGL,CE,Combined TRACON& Tower with Radar,7,40,16,10,73,0,2,48,20,70,7,42,64,30,143,36,52,88,231
06/29/2011,PIA,IL,AGL,CE,Combined TRACON& Tower with Radar,10,43,13,12,78,0,8,29,9,46,10,51,42,21,124,22,14,36,160
06/30/2011,PIA,IL,AGL,CE,Combined TRACON& Tower with Radar,6,43,22,6,77,0,12,30,8,50,6,55,52,14,127,56,22,78,205
07/01/2011,PIA,IL,AGL,CE,Combined TRACON& Tower with Radar,14,39,16,0,69,0,7,27,2,36,14,46,43,2,105,30,8,38,143
07/02/2011,PIA,IL,AGL,CE,Combined TRACON& Tower with Radar,6,27,11,0,44,0,9,15,0,24,6,36,26,0,68,10,0,10,78
07/03/2011,PIA,IL,AGL,CE,Combined TRACON& Tower with Radar,2,27,5,0,34,0,9,16,0,25,2,36,21,0,59,0,0,0,59
07/04/2011,PIA,IL,AGL,CE,Combined TRACON& Tower with Radar,10,25,9,2,46,0,6,48,1,55,10,31,57,3,101,26,0,26,127
07/05/2011,PIA,IL,AGL,CE,Combined TRACON& Tower with Radar,2,42,18,9,71,0,5,33,11,49,2,47,51,20,120,0,14,14,134
07/06/2011,PIA,IL,AGL,CE,Combined TRACON& Tower with Radar,12,42,10,23,87,0,7,44,17,68,12,49,54,40,155,4,76,80,235
07/07/2011,PIA,IL,AGL,CE,Combined TRACON& Tower with Radar,6,42,20,4,72,0,3,23,2,28,6,45,43,6,100,44,8,52,152
07/08/2011,PIA,IL,AGL,CE,Combined TRACON& Tower with Radar,13,38,22,13,86,0,4,28,5,37,13,42,50,18,123,0,0,0,123
07/09/2011,PIA,IL,AGL,CE,Combined TRACON& Tower with Radar,6,30,11,1,48,0,4,36,0,40,6,34,47,1,88,26,68,94,182
07/10/2011,PIA,IL,AGL,CE,Combined TRACON& Tower with Radar,0,38,17,2,57,0,5,16,0,21,0,43,33,2,78,0,0,0,78
07/11/2011,PIA,IL,AGL,CE,Combined TRACON& Tower with Radar,13,39,15,6,73,0,4,14,10,28,13,43,29,16,101,4,36,40,141
07/12/2011,PIA,IL,AGL,CE,Combined TRACON& Tower with Radar,4,40,27,3,74,0,3,16,9,28,4,43,43,12,102,14,20,34,136
07/13/2011,PIA,IL,AGL,CE,Combined TRACON& Tower with Radar,10,42,28,6,86,0,2,32,14,48,10,44,60,20,134,40,10,50,184
07/14/2011,PIA,IL,AGL,CE,Combined TRACON& Tower with Radar,4,43,34,22,103,0,7,29,5,41,4,50,63,27,144,36,36,72,216
07/15/2011,PIA,IL,AGL,CE,Combined TRACON& Tower with Radar,13,37,18,1,69,0,0,14,0,14,13,37,32,1,83,4,0,4,87
07/16/2011,PIA,IL,AGL,CE,Combined TRACON& Tower with Radar,6,34,23,4,67,0,2,20,0,22,6,36,43,4,89,8,0,8,97
07/17/2011,PIA,IL,AGL,CE,Combined TRACON& Tower with Radar,0,33,20,2,55,0,3,25,2,30,0,36,45,4,85,0,32,32,117
07/18/2011,PIA,IL,AGL,CE,Combined TRACON& Tower with Radar,9,42,22,4,77,0,5,15,2,22,9,47,37,6,99,0,0,0,99
07/19/2011,PIA,IL,AGL,CE,Combined TRACON& Tower with Radar,5,42,11,13,71,0,3,13,9,25,5,45,24,22,96,4,46,50,146
07/20/2011,PIA,IL,AGL,CE,Combined TRACON& Tower with Radar,13,38,20,6,77,0,3,23,18,44,13,41,43,24,121,8,50,58,179
07/21/2011,PIA,IL,AGL,CE,Combined TRACON& Tower with Radar,6,48,23,6,83,0,6,41,12,59,6,54,64,18,142,22,12,34,176
07/22/2011,PIA,IL,AGL,CE,Combined TRACON& Tower with Radar,13,31,31,9,84,0,5,26,13,44,13,36,57,22,128,0,0,0,128
07/23/2011,PIA,IL,AGL,CE,Combined TRACON& Tower with Radar,8,35,7,4,54,0,2,21,7,30,8,37,28,11,84,176,10,186,270
07/24/2011,PIA,IL,AGL,CE,Combined TRACON& Tower with Radar,0,30,14,3,47,0,1,19,4,24,0,31,33,7,71,138,0,138,209
07/25/2011,PIA,IL,AGL,CE,Combined TRACON& Tower with Radar,8,43,24,13,88,0,4,24,3,31,8,47,48,16,119,58,14,72,191
07/26/2011,PIA,IL,AGL,CE,Combined TRACON& Tower with Radar,6,43,17,9,75,0,5,38,19,62,6,48,55,28,137,0,44,44,181
07/27/2011,PIA,IL,AGL,CE,Combined TRACON& Tower with Radar,12,46,19,8,85,0,5,26,24,55,12,51,45,32,140,12,32,44,184
07/28/2011,PIA,IL,AGL,CE,Combined TRACON& Tower with Radar,6,43,13,17,79,0,2,12,5,19,6,45,25,22,98,24,32,56,154
07/29/2011,PIA,IL,AGL,CE,Combined TRACON& Tower with Radar,13,46,17,0,76,0,4,22,6,32,13,50,39,6,108,4,0,4,112
07/30/2011,PIA,IL,AGL,CE,Combined TRACON& Tower with Radar,6,32,15,0,53,0,6,20,3,29,6,38,35,3,82,4,0,4,86
07/31/2011,PIA,IL,AGL,CE,Combined TRACON& Tower with Radar,0,35,15,0,50,0,7,28,3,38,0,42,43,3,88,0,0,0,88
08/01/2011,PIA,IL,AGL,CE,Combined TRACON& Tower with Radar,9,42,16,8,75,0,4,22,11,37,9,46,38,19,112,12,66,78,190
08/02/2011,PIA,IL,AGL,CE,Combined TRACON& Tower with Radar,10,45,16,13,84,0,8,21,8,37,10,53,37,21,121,14,34,48,169
08/03/2011,PIA,IL,AGL,CE,Combined TRACON& Tower with Radar,14,40,30,4,88,0,5,15,14,34,14,45,45,18,122,18,28,46,168
08/04/2011,PIA,IL,AGL,CE,Combined TRACON& Tower with Radar,6,45,23,5,79,0,3,28,11,42,6,48,51,16,121,34,24,58,179
08/05/2011,PIA,IL,AGL,CE,Combined TRACON& Tower with Radar,13,38,16,5,72,0,3,17,6,26,13,41,33,11,98,8,4,12,110
08/06/2011,PIA,IL,AGL,CE,Combined TRACON& Tower with Radar,6,41,23,2,72,0,5,21,0,26,6,46,44,2,98,2,0,2,100
08/07/2011,PIA,IL,AGL,CE,Combined TRACON& Tower with Radar,10,37,9,3,59,0,6,52,1,59,10,43,61,4,118,48,0,48,166
08/08/2011,PIA,IL,AGL,CE,Combined TRACON& Tower with Radar,9,33,11,6,59,0,8,14,6,28,9,41,25,12,87,2,20,22,109
08/09/2011,PIA,IL,AGL,CE,Combined TRACON& Tower with Radar,6,41,39,10,96,0,4,25,11,40,6,45,64,21,136,36,10,46,182
08/10/2011,PIA,IL,AGL,CE,Combined TRACON& Tower with Radar,14,40,25,16,95,0,7,30,0,37,14,47,55,16,132,4,48,52,184
08/11/2011,PIA,IL,AGL,CE,Combined TRACON& Tower with Radar,6,40,34,7,87,0,5,34,6,45,6,45,68,13,132,16,0,16,148
08/12/2011,PIA,IL,AGL,CE,Combined TRACON& Tower with Radar,13,44,18,2,77,0,3,20,0,23,13,47,38,2,100,4,30,34,134
08/13/2011,PIA,IL,AGL,CE,Combined TRACON& Tower with Radar,6,38,12,0,56,0,6,12,3,21,6,44,24,3,77,20,8,28,105
08/14/2011,PIA,IL,AGL,CE,Combined TRACON& Tower with Radar,0,35,18,1,54,0,8,30,4,42,0,43,48,5,96,54,0,54,150
08/15/2011,PIA,IL,AGL,CE,Combined TRACON& Tower with Radar,9,44,21,6,80,0,10,24,7,41,9,54,45,13,121,42,48,90,211
08/16/2011,PIA,IL,AGL,CE,Combined TRACON& Tower with Radar,7,40,24,0,71,0,2,17,20,39,7,42,41,20,110,14,36,50,160
08/17/2011,PIA,IL,AGL,CE,Combined TRACON& Tower with Radar,7,40,17,8,72,0,2,10,6,18,7,42,27,14,90,0,16,16,106
08/18/2011,PIA,IL,AGL,CE,Combined TRACON& Tower with Radar,10,42,41,10,103,0,7,22,13,42,10,49,63,23,145,20,26,46,191
08/19/2011,PIA,IL,AGL,CE,Combined TRACON& Tower with Radar,11,43,13,6,73,0,6,28,2,36,11,49,41,8,109,28,8,36,145
08/20/2011,PIA,IL,AGL,CE,Combined TRACON& Tower with Radar,4,34,14,2,54,0,2,20,1,23,4,36,34,3,77,42,0,42,119
08/21/2011,PIA,IL,AGL,CE,Combined TRACON& Tower with Radar,6,32,6,1,45,0,4,27,0,31,6,36,33,1,76,0,0,0,76
08/22/2011,PIA,IL,AGL,CE,Combined TRACON& Tower with Radar,7,37,20,10,74,0,4,33,3,40,7,41,53,13,114,14,68,82,196
08/23/2011,PIA,IL,AGL,CE,Combined TRACON& Tower with Radar,8,38,27,2,75,0,3,9,16,28,8,41,36,18,103,18,12,30,133
08/24/2011,PIA,IL,AGL,CE,Combined TRACON& Tower with Radar,8,49,28,12,97,0,1,18,14,33,8,50,46,26,130,0,48,48,178
08/25/2011,PIA,IL,AGL,CE,Combined TRACON& Tower with Radar,10,38,34,4,86,0,5,40,4,49,10,43,74,8,135,0,0,0,135
08/26/2011,PIA,IL,AGL,CE,Combined TRACON& Tower with Radar,11,36,20,14,81,0,6,19,5,30,11,42,39,19,111,36,24,60,171
08/27/2011,PIA,IL,AGL,CE,Combined TRACON& Tower with Radar,2,29,19,0,50,0,5,24,5,34,2,34,43,5,84,0,0,0,84
08/28/2011,PIA,IL,AGL,CE,Combined TRACON& Tower with Radar,4,28,8,2,42,0,7,30,1,38,4,35,38,3,80,0,0,0,80
08/29/2011,PIA,IL,AGL,CE,Combined TRACON& Tower with Radar,7,35,23,9,74,0,2,27,18,47,7,37,50,27,121,24,44,68,189
08/30/2011,PIA,IL,AGL,CE,Combined TRACON& Tower with Radar,6,35,16,6,63,0,1,10,8,19,6,36,26,14,82,4,48,52,134
08/31/2011,PIA,IL,AGL,CE,Combined TRACON& Tower with Radar,8,36,34,28,106,0,1,34,15,50,8,37,68,43,156,0,60,60,216
09/01/2011,PIA,IL,AGL,CE,Combined TRACON& Tower with Radar,12,35,21,7,75,0,5,23,2,30,12,40,44,9,105,0,0,0,105
09/02/2011,PIA,IL,AGL,CE,Combined TRACON& Tower with Radar,11,38,22,3,74,0,6,20,1,27,11,44,42,4,101,0,0,0,101
09/03/2011,PIA,IL,AGL,CE,Combined TRACON& Tower with Radar,4,32,9,1,46,0,2,15,0,17,4,34,24,1,63,4,0,4,67
09/04/2011,PIA,IL,AGL,CE,Combined TRACON& Tower with Radar,4,26,4,0,34,0,4,14,0,18,4,30,18,0,52,72,0,72,124
09/05/2011,PIA,IL,AGL,CE,Combined TRACON& Tower with Radar,4,32,14,0,50,0,9,20,2,31,4,41,34,2,81,40,0,40,121
09/06/2011,PIA,IL,AGL,CE,Combined TRACON& Tower with Radar,3,39,24,2,68,0,5,20,4,29,3,44,44,6,97,14,0,14,111
09/07/2011,PIA,IL,AGL,CE,Combined TRACON& Tower with Radar,6,46,17,11,80,0,4,27,29,60,6,50,44,40,140,0,0,0,140
09/08/2011,PIA,IL,AGL,CE,Combined TRACON& Tower with Radar,10,42,24,6,82,0,5,28,0,33,10,47,52,6,115,22,0,22,137
09/09/2011,PIA,IL,AGL,CE,Combined TRACON& Tower with Radar,11,39,27,5,82,0,3,9,0,12,11,42,36,5,94,12,0,12,106
09/10/2011,PIA,IL,AGL,CE,Combined TRACON& Tower with Radar,4,30,14,9,57,0,3,16,3,22,4,33,30,12,79,0,0,0,79
09/11/2011,PIA,IL,AGL,CE,Combined TRACON& Tower with Radar,6,32,19,4,61,0,4,20,1,25,6,36,39,5,86,40,0,40,126
09/12/2011,PIA,IL,AGL,CE,Combined TRACON& Tower with Radar,5,47,23,4,79,0,3,27,8,38,5,50,50,12,117,10,46,56,173
09/13/2011,PIA,IL,AGL,CE,Combined TRACON& Tower with Radar,8,35,34,2,79,0,4,14,4,22,8,39,48,6,101,16,0,16,117
09/14/2011,PIA,IL,AGL,CE,Combined TRACON& Tower with Radar,6,40,30,11,87,0,1,15,3,19,6,41,45,14,106,0,4,4,110
09/15/2011,PIA,IL,AGL,CE,Combined TRACON& Tower with Radar,10,38,23,6,77,0,3,19,4,26,10,41,42,10,103,28,6,34,137
09/16/2011,PIA,IL,AGL,CE,Combined TRACON& Tower with Radar,11,35,27,3,76,0,6,9,9,24,11,41,36,12,100,0,16,16,116
09/17/2011,PIA,IL,AGL,CE,Combined TRACON& Tower with Radar,2,32,25,3,62,0,3,31,2,36,2,35,56,5,98,8,0,8,106
09/18/2011,PIA,IL,AGL,CE,Combined TRACON& Tower with Radar,4,30,22,0,56,0,4,7,12,23,4,34,29,12,79,0,28,28,107
09/19/2011,PIA,IL,AGL,CE,Combined TRACON& Tower with Radar,7,37,31,24,99,0,2,9,6,17,7,39,40,30,116,0,32,32,148
09/20/2011,PIA,IL,AGL,CE,Combined TRACON& Tower with Radar,3,33,26,4,66,0,6,32,43,81,3,39,58,47,147,10,48,58,205
09/21/2011,PIA,IL,AGL,CE,Combined TRACON& Tower with Radar,6,41,38,16,101,0,3,23,19,45,6,44,61,35,146,0,0,0,146
09/22/2011,PIA,IL,AGL,CE,Combined TRACON& Tower with Radar,10,45,29,11,95,0,3,16,11,30,10,48,45,22,125,0,18,18,143
09/23/2011,PIA,IL,AGL,CE,Combined TRACON& Tower with Radar,13,37,24,1,75,0,3,17,4,24,13,40,41,5,99,44,20,64,163
09/24/2011,PIA,IL,AGL,CE,Combined TRACON& Tower with Radar,2,29,15,0,46,0,2,28,0,30,2,31,43,0,76,0,0,0,76
09/25/2011,PIA,IL,AGL,CE,Combined TRACON& Tower with Radar,4,37,29,0,70,0,2,13,0,15,4,39,42,0,85,2,0,2,87
09/26/2011,PIA,IL,AGL,CE,Combined TRACON& Tower with Radar,7,45,20,24,96,0,0,4,1,5,7,45,24,25,101,0,0,0,101
09/27/2011,PIA,IL,AGL,CE,Combined TRACON& Tower with Radar,6,38,25,12,81,0,1,2,8,11,6,39,27,20,92,0,20,20,112
09/28/2011,PIA,IL,AGL,CE,Combined TRACON& Tower with Radar,8,46,25,5,84,0,6,25,13,44,8,52,50,18,128,0,38,38,166
09/29/2011,PIA,IL,AGL,CE,Combined TRACON& Tower with Radar,10,43,11,4,68,0,5,16,13,34,10,48,27,17,102,0,0,0,102
09/30/2011,PIA,IL,AGL,CE,Combined TRACON& Tower with Radar,11,45,29,0,85,0,1,8,2,11,11,46,37,2,96,0,0,0,96
10/01/2011,PIA,IL,AGL,CE,Combined TRACON& Tower with Radar,4,31,18,1,54,0,6,27,6,39,4,37,45,7,93,4,4,8,101
10/02/2011,PIA,IL,AGL,CE,Combined TRACON& Tower with Radar,4,29,16,1,50,0,7,33,3,43,4,36,49,4,93,0,26,26,119
10/03/2011,PIA,IL,AGL,CE,Combined TRACON& Tower with Radar,7,42,19,0,68,0,3,22,2,27,7,45,41,2,95,4,0,4,99
10/04/2011,PIA,IL,AGL,CE,Combined TRACON& Tower with Radar,6,38,28,7,79,0,6,31,29,66,6,44,59,36,145,46,16,62,207
10/05/2011,PIA,IL,AGL,CE,Combined TRACON& Tower with Radar,6,45,30,7,88,0,3,34,15,52,6,48,64,22,140,4,20,24,164
10/06/2011,PIA,IL,AGL,CE,Combined TRACON& Tower with Radar,10,46,35,17,108,0,3,31,4,38,10,49,66,21,146,12,32,44,190
10/07/2011,PIA,IL,AGL,CE,Combined TRACON& Tower with Radar,11,37,29,3,80,0,4,26,0,30,11,41,55,3,110,0,0,0,110
10/08/2011,PIA,IL,AGL,CE,Combined TRACON& Tower with Radar,2,29,8,0,39,0,1,30,0,31,2,30,38,0,70,62,0,62,132
10/09/2011,PIA,IL,AGL,CE,Combined TRACON& Tower with Radar,4,28,8,4,44,0,9,26,0,35,4,37,34,4,79,0,4,4,83
10/10/2011,PIA,IL,AGL,CE,Combined TRACON& Tower with Radar,9,39,7,0,55,0,6,42,0,48,9,45,49,0,103,58,0,58,161
10/11/2011,PIA,IL,AGL,CE,Combined TRACON& Tower with Radar,6,39,29,6,80,0,5,18,2,25,6,44,47,8,105,30,8,38,143
10/12/2011,PIA,IL,AGL,CE,Combined TRACON& Tower with Radar,6,40,35,11,92,0,4,15,7,26,6,44,50,18,118,22,24,46,164
10/13/2011,PIA,IL,AGL,CE,Combined TRACON& Tower with Radar,10,49,21,19,99,0,2,16,2,20,10,51,37,21,119,0,20,20,139
10/14/2011,PIA,IL,AGL,CE,Combined TRACON& Tower with Radar,11,38,25,6,80,0,4,13,3,20,11,42,38,9,100,0,12,12,112
10/15/2011,PIA,IL,AGL,CE,Combined TRACON& Tower with Radar,2,30,12,0,44,0,4,26,1,31,2,34,38,1,75,0,0,0,75
10/16/2011,PIA,IL,AGL,CE,Combined TRACON& Tower with Radar,4,29,20,0,53,0,1,22,2,25,4,30,42,2,78,4,0,4,82
10/17/2011,PIA,IL,AGL,CE,Combined TRACON& Tower with Radar,7,42,19,10,78,0,4,19,0,23,7,46,38,10,101,0,0,0,101
10/18/2011,PIA,IL,AGL,CE,Combined TRACON& Tower with Radar,6,37,18,10,71,0,2,18,3,23,6,39,36,13,94,16,6,22,116
10/19/2011,PIA,IL,AGL,CE,Combined TRACON& Tower with Radar,8,37,15,11,71,0,2,4,2,8,8,39,19,13,79,0,16,16,95
10/20/2011,PIA,IL,AGL,CE,Combined TRACON& Tower with Radar,10,39,33,31,113,0,6,14,13,33,10,45,47,44,146,0,36,36,182
10/21/2011,PIA,IL,AGL,CE,Combined TRACON& Tower with Radar,11,35,31,15,92,0,2,29,0,31,11,37,60,15,123,26,28,54,177
10/22/2011,PIA,IL,AGL,CE,Combined TRACON& Tower with Radar,2,29,16,0,47,0,4,22,0,26,2,33,38,0,73,44,0,44,117
10/23/2011,PIA,IL,AGL,CE,Combined TRACON& Tower with Radar,4,34,27,0,65,0,6,24,2,32,4,40,51,2,97,0,0,0,97
10/24/2011,PIA,IL,AGL,CE,Combined TRACON& Tower with Radar,7,38,21,6,72,0,6,29,10,45,7,44,50,16,117,40,16,56,173
10/25/2011,PIA,IL,AGL,CE,Combined TRACON& Tower with Radar,6,35,15,4,60,0,5,16,4,25,6,40,31,8,85,8,12,20,105
10/26/2011,PIA,IL,AGL,CE,Combined TRACON& Tower with Radar,6,44,36,13,99,0,2,9,9,20,6,46,45,22,119,0,0,0,119
10/27/2011,PIA,IL,AGL,CE,Combined TRACON& Tower with Radar,10,52,26,12,100,0,6,21,12,39,10,58,47,24,139,0,40,40,179
10/28/2011,PIA,IL,AGL,CE,Combined TRACON& Tower with Radar,11,38,17,2,68,0,2,23,2,27,11,40,40,4,95,20,0,20,115
10/29/2011,PIA,IL,AGL,CE,Combined TRACON& Tower with Radar,4,31,13,0,48,0,9,20,0,29,4,40,33,0,77,12,0,12,89
10/30/2011,PIA,IL,AGL,CE,Combined TRACON& Tower with Radar,6,30,14,0,50,0,4,15,0,19,6,34,29,0,69,0,0,0,69
10/31/2011,PIA,IL,AGL,CE,Combined TRACON& Tower with Radar,7,40,17,4,68,0,4,15,2,21,7,44,32,6,89,0,24,24,113
11/01/2011,PIA,IL,AGL,CE,Combined TRACON& Tower with Radar,8,37,19,4,68,0,6,17,10,33,8,43,36,14,101,2,50,52,153
11/02/2011,PIA,IL,AGL,CE,Combined TRACON& Tower with Radar,8,44,22,8,82,0,5,20,16,41,8,49,42,24,123,4,48,52,175
11/03/2011,PIA,IL,AGL,CE,Combined TRACON& Tower with Radar,10,42,21,0,73,0,3,5,2,10,10,45,26,2,83,0,0,0,83
11/04/2011,PIA,IL,AGL,CE,Combined TRACON& Tower with Radar,11,38,6,14,69,0,2,20,4,26,11,40,26,18,95,0,44,44,139
11/05/2011,PIA,IL,AGL,CE,Combined TRACON& Tower with Radar,4,32,7,2,45,0,2,25,13,40,4,34,32,15,85,16,0,16,101
11/06/2011,PIA,IL,AGL,CE,Combined TRACON& Tower with Radar,4,30,16,16,66,0,4,7,7,18,4,34,23,23,84,2,32,34,118
11/07/2011,PIA,IL,AGL,CE,Combined TRACON& Tower with Radar,7,43,25,8,83,0,1,1,0,2,7,44,26,8,85,0,0,0,85
11/08/2011,PIA,IL,AGL,CE,Combined TRACON& Tower with Radar,6,33,28,6,73,0,0,0,1,1,6,33,28,7,74,0,0,0,74
11/09/2011,PIA,IL,AGL,CE,Combined TRACON& Tower with Radar,6,43,29,8,86,0,4,7,21,32,6,47,36,29,118,0,48,48,166
11/10/2011,PIA,IL,AGL,CE,Combined TRACON& Tower with Radar,10,42,24,12,88,0,5,10,2,17,10,47,34,14,105,0,0,0,105
11/11/2011,PIA,IL,AGL,CE,Combined TRACON& Tower with Radar,11,39,16,1,67,0,3,26,4,33,11,42,42,5,100,2,4,6,106
11/12/2011,PIA,IL,AGL,CE,Combined TRACON& Tower with Radar,2,31,19,1,53,0,4,14,0,18,2,35,33,1,71,14,0,14,85
11/13/2011,PIA,IL,AGL,CE,Combined TRACON& Tower with Radar,4,29,14,0,47,0,1,4,0,5,4,30,18,0,52,0,0,0,52
11/14/2011,PIA,IL,AGL,CE,Combined TRACON& Tower with Radar,7,44,30,8,89,0,2,18,0,20,7,46,48,8,109,34,24,58,167
11/15/2011,PIA,IL,AGL,CE,Combined TRACON& Tower with Radar,6,45,51,10,112,0,6,22,18,46,6,51,73,28,158,26,56,82,240
11/16/2011,PIA,IL,AGL,CE,Combined TRACON& Tower with Radar,6,42,25,3,76,0,3,15,3,21,6,45,40,6,97,4,44,48,145
11/17/2011,PIA,IL,AGL,CE,Combined TRACON& Tower with Radar,10,38,25,6,79,0,4,21,4,29,10,42,46,10,108,4,8,12,120
11/18/2011,PIA,IL,AGL,CE,Combined TRACON& Tower with Radar,9,36,18,4,67,1,6,15,3,25,10,42,33,7,92,0,4,4,96
11/19/2011,PIA,IL,AGL,CE,Combined TRACON& Tower with Radar,2,30,5,0,37,0,3,4,0,7,2,33,9,0,44,0,0,0,44
11/20/2011,PIA,IL,AGL,CE,Combined TRACON& Tower with Radar,4,27,17,0,48,0,2,15,2,19,4,29,32,2,67,40,0,40,107
11/21/2011,PIA,IL,AGL,CE,Combined TRACON& Tower with Radar,6,33,28,4,71,0,2,10,0,12,6,35,38,4,83,48,0,48,131
11/22/2011,PIA,IL,AGL,CE,Combined TRACON& Tower with Radar,8,36,18,0,62,0,0,1,0,1,8,36,19,0,63,0,0,0,63
11/23/2011,PIA,IL,AGL,CE,Combined TRACON& Tower with Radar,12,39,16,2,69,0,4,20,2,26,12,43,36,4,95,0,0,0,95
11/24/2011,PIA,IL,AGL,CE,Combined TRACON& Tower with Radar,2,21,2,0,25,0,2,3,0,5,2,23,5,0,30,18,0,18,48
11/25/2011,PIA,IL,AGL,CE,Combined TRACON& Tower with Radar,6,26,10,0,42,0,7,26,0,33,6,33,36,0,75,0,0,0,75
11/26/2011,PIA,IL,AGL,CE,Combined TRACON& Tower with Radar,6,32,10,0,48,0,2,3,0,5,6,34,13,0,53,4,0,4,57
11/27/2011,PIA,IL,AGL,CE,Combined TRACON& Tower with Radar,2,29,16,2,49,0,0,5,0,5,2,29,21,2,54,0,0,0,54
11/28/2011,PIA,IL,AGL,CE,Combined TRACON& Tower with Radar,8,38,25,15,86,0,3,16,12,31,8,41,41,27,117,28,52,80,197
11/29/2011,PIA,IL,AGL,CE,Combined TRACON& Tower with Radar,8,32,17,6,63,0,6,9,10,25,8,38,26,16,88,0,42,42,130
11/30/2011,PIA,IL,AGL,CE,Combined TRACON& Tower with Radar,9,40,46,6,101,0,7,32,9,48,9,47,78,15,149,4,0,4,153
12/01/2011,PIA,IL,AGL,CE,Combined TRACON& Tower with Radar,12,36,35,9,92,0,12,36,19,67,12,48,71,28,159,20,20,40,199
12/02/2011,PIA,IL,AGL,CE,Combined TRACON& Tower with Radar,12,37,19,8,76,0,6,16,2,24,12,43,35,10,100,0,0,0,100
12/03/2011,PIA,IL,AGL,CE,Combined TRACON& Tower with Radar,4,28,12,2,46,0,1,10,4,15,4,29,22,6,61,30,38,68,129
12/04/2011,PIA,IL,AGL,CE,Combined TRACON& Tower with Radar,6,27,6,12,51,0,2,1,0,3,6,29,7,12,54,0,8,8,62
12/05/2011,PIA,IL,AGL,CE,Combined TRACON& Tower with Radar,6,35,15,10,66,0,2,5,0,7,6,37,20,10,73,4,0,4,77
12/06/2011,PIA,IL,AGL,CE,Combined TRACON& Tower with Radar,8,33,15,11,67,0,1,1,1,3,8,34,16,12,70,0,0,0,70
12/07/2011,PIA,IL,AGL,CE,Combined TRACON& Tower with Radar,9,40,32,11,92,0,1,20,9,30,9,41,52,20,122,12,0,12,134
12/08/2011,PIA,IL,AGL,CE,Combined TRACON& Tower with Radar,15,45,25,10,95,0,6,24,8,38,15,51,49,18,133,0,52,52,185
12/09/2011,PIA,IL,AGL,CE,Combined TRACON& Tower with Radar,10,34,26,0,70,0,4,12,2,18,10,38,38,2,88,0,0,0,88
12/10/2011,PIA,IL,AGL,CE,Combined TRACON& Tower with Radar,2,28,10,0,40,0,6,27,1,34,2,34,37,1,74,16,0,16,90
12/11/2011,PIA,IL,AGL,CE,Combined TRACON& Tower with Radar,4,29,10,0,43,0,4,30,0,34,4,33,40,0,77,84,0,84,161
12/12/2011,PIA,IL,AGL,CE,Combined TRACON& Tower with Radar,7,39,14,1,61,0,4,20,2,26,7,43,34,3,87,52,0,52,139
12/13/2011,PIA,IL,AGL,CE,Combined TRACON& Tower with Radar,11,32,21,9,73,0,3,5,2,10,11,35,26,11,83,0,0,0,83
12/14/2011,PIA,IL,AGL,CE,Combined TRACON& Tower with Radar,11,39,19,8,77,0,0,0,0,0,11,39,19,8,77,0,0,0,77
12/15/2011,PIA,IL,AGL,CE,Combined TRACON& Tower with Radar,13,39,26,2,80,0,6,12,9,27,13,45,38,11,107,0,40,40,147
12/16/2011,PIA,IL,AGL,CE,Combined TRACON& Tower with Radar,12,36,23,3,74,0,7,23,1,31,12,43,46,4,105,0,0,0,105
12/17/2011,PIA,IL,AGL,CE,Combined TRACON& Tower with Radar,2,33,16,0,51,0,3,18,0,21,2,36,34,0,72,20,0,20,92
12/18/2011,PIA,IL,AGL,CE,Combined TRACON& Tower with Radar,4,26,21,0,51,0,1,37,0,38,4,27,58,0,89,22,0,22,111
12/19/2011,PIA,IL,AGL,CE,Combined TRACON& Tower with Radar,7,35,31,4,77,0,2,16,0,18,7,37,47,4,95,30,0,30,125
12/20/2011,PIA,IL,AGL,CE,Combined TRACON& Tower with Radar,9,35,9,14,67,0,0,0,0,0,9,35,9,14,67,0,0,0,67
12/21/2011,PIA,IL,AGL,CE,Combined TRACON& Tower with Radar,11,32,11,7,61,0,1,2,17,20,11,33,13,24,81,0,10,10,91
12/22/2011,PIA,IL,AGL,CE,Combined TRACON& Tower with Radar,16,38,15,8,77,0,0,0,0,0,16,38,15,8,77,4,0,4,81
12/23/2011,PIA,IL,AGL,CE,Combined TRACON& Tower with Radar,16,36,10,0,62,0,5,21,0,26,16,41,31,0,88,22,0,22,110
12/24/2011,PIA,IL,AGL,CE,Combined TRACON& Tower with Radar,5,22,4,0,31,0,8,18,0,26,5,30,22,0,57,0,0,0,57
12/25/2011,PIA,IL,AGL,CE,Combined TRACON& Tower with Radar,4,20,3,0,27,0,9,9,0,18,4,29,12,0,45,0,0,0,45
12/26/2011,PIA,IL,AGL,CE,Combined TRACON& Tower with Radar,4,32,7,0,43,0,3,13,0,16,4,35,20,0,59,0,0,0,59
12/27/2011,PIA,IL,AGL,CE,Combined TRACON& Tower with Radar,7,33,9,2,51,0,2,12,2,16,7,35,21,4,67,0,0,0,67
12/28/2011,PIA,IL,AGL,CE,Combined TRACON& Tower with Radar,8,33,23,2,66,0,6,22,2,30,8,39,45,4,96,0,0,0,96
12/29/2011,PIA,IL,AGL,CE,Combined TRACON& Tower with Radar,10,34,9,1,54,0,3,21,1,25,10,37,30,2,79,0,0,0,79
12/30/2011,PIA,IL,AGL,CE,Combined TRACON& Tower with Radar,13,34,7,0,54,0,3,9,0,12,13,37,16,0,66,2,0,2,68
12/31/2011,PIA,IL,AGL,CE,Combined TRACON& Tower with Radar,4,22,8,0,34,0,6,12,0,18,4,28,20,0,52,4,0,4,56
01/01/2012,PIA,IL,AGL,CE,Combined TRACON& Tower with Radar,4,25,7,0,36,0,0,0,0,0,4,25,7,0,36,0,0,0,36
01/02/2012,PIA,IL,AGL,CE,Combined TRACON& Tower with Radar,4,32,3,0,39,0,3,4,0,7,4,35,7,0,46,2,0,2,48
01/03/2012,PIA,IL,AGL,CE,Combined TRACON& Tower with Radar,5,36,12,3,56,0,1,19,3,23,5,37,31,6,79,34,2,36,115
01/04/2012,PIA,IL,AGL,CE,Combined TRACON& Tower with Radar,6,35,27,2,70,0,5,30,16,51,6,40,57,18,121,132,28,160,281
01/05/2012,PIA,IL,AGL,CE,Combined TRACON& Tower with Radar,10,38,34,0,82,0,5,26,6,37,10,43,60,6,119,116,0,116,235
01/06/2012,PIA,IL,AGL,CE,Combined TRACON& Tower with Radar,11,35,16,1,63,0,4,25,4,33,11,39,41,5,96,52,0,52,148
01/07/2012,PIA,IL,AGL,CE,Combined TRACON& Tower with Radar,4,28,15,6,53,0,7,43,12,62,4,35,58,18,115,18,50,68,183
01/08/2012,PIA,IL,AGL,CE,Combined TRACON& Tower with Radar,4,24,12,2,42,0,6,15,4,25,4,30,27,6,67,0,0,0,67
01/09/2012,PIA,IL,AGL,CE,Combined TRACON& Tower with Radar,7,34,15,4,60,0,2,21,13,36,7,36,36,17,96,40,6,46,142
01/10/2012,PIA,IL,AGL,CE,Combined TRACON& Tower with Radar,6,34,15,2,57,0,3,12,2,17,6,37,27,4,74,96,0,96,170
01/11/2012,PIA,IL,AGL,CE,Combined TRACON& Tower with Radar,6,37,18,2,63,0,1,12,9,22,6,38,30,11,85,32,62,94,179
01/12/2012,PIA,IL,AGL,CE,Combined TRACON& Tower with Radar,10,26,14,0,50,0,0,0,0,0,10,26,14,0,50,0,0,0,50
01/13/2012,PIA,IL,AGL,CE,Combined TRACON& Tower with Radar,10,36,16,1,63,0,7,3,2,12,10,43,19,3,75,0,0,0,75
01/14/2012,PIA,IL,AGL,CE,Combined TRACON& Tower with Radar,3,28,8,1,40,0,8,10,0,18,3,36,18,1,58,0,0,0,58
01/15/2012,PIA,IL,AGL,CE,Combined TRACON& Tower with Radar,4,22,13,0,39,0,6,14,1,21,4,28,27,1,60,0,0,0,60
01/16/2012,PIA,IL,AGL,CE,Combined TRACON& Tower with Radar,5,34,6,0,45,0,2,6,0,8,5,36,12,0,53,8,0,8,61
01/17/2012,PIA,IL,AGL,CE,Combined TRACON& Tower with Radar,6,31,11,3,51,0,2,0,1,3,6,33,11,4,54,0,4,4,58
01/18/2012,PIA,IL,AGL,CE,Combined TRACON& Tower with Radar,6,39,28,3,76,0,7,18,3,28,6,46,46,6,104,32,0,32,136
01/19/2012,PIA,IL,AGL,CE,Combined TRACON& Tower with Radar,10,40,16,0,66,0,4,8,5,17,10,44,24,5,83,0,24,24,107
01/20/2012,PIA,IL,AGL,CE,Combined TRACON& Tower with Radar,11,34,13,1,59,0,1,3,3,7,11,35,16,4,66,0,0,0,66
01/21/2012,PIA,IL,AGL,CE,Combined TRACON& Tower with Radar,2,31,4,0,37,0,6,15,0,21,2,37,19,0,58,0,0,0,58
01/22/2012,PIA,IL,AGL,CE,Combined TRACON& Tower with Radar,4,23,6,0,33,0,0,0,0,0,4,23,6,0,33,0,0,0,33
01/23/2012,PIA,IL,AGL,CE,Combined TRACON& Tower with Radar,7,34,12,4,57,0,1,4,0,5,7,35,16,4,62,0,0,0,62
01/24/2012,PIA,IL,AGL,CE,Combined TRACON& Tower with Radar,6,36,16,14,72,0,3,14,6,23,6,39,30,20,95,0,56,56,151
01/25/2012,PIA,IL,AGL,CE,Combined TRACON& Tower with Radar,6,39,21,4,70,0,2,17,4,23,6,41,38,8,93,68,0,68,161
01/26/2012,PIA,IL,AGL,CE,Combined TRACON& Tower with Radar,10,41,26,8,85,0,0,0,0,0,10,41,26,8,85,0,0,0,85
01/27/2012,PIA,IL,AGL,CE,Combined TRACON& Tower with Radar,9,39,20,0,68,0,10,27,4,41,9,49,47,4,109,2,4,6,115
01/28/2012,PIA,IL,AGL,CE,Combined TRACON& Tower with Radar,2,27,3,0,32,0,3,12,0,15,2,30,15,0,47,0,0,0,47
01/29/2012,PIA,IL,AGL,CE,Combined TRACON& Tower with Radar,4,26,13,0,43,0,5,19,0,24,4,31,32,0,67,12,0,12,79
01/30/2012,PIA,IL,AGL,CE,Combined TRACON& Tower with Radar,7,37,22,1,67,0,3,20,7,30,7,40,42,8,97,14,16,30,127
01/31/2012,PIA,IL,AGL,CE,Combined TRACON& Tower with Radar,6,31,17,4,58,0,3,5,3,11,6,34,22,7,69,0,4,4,73
02/01/2012,PIA,IL,AGL,CE,Combined TRACON& Tower with Radar,6,34,25,2,67,0,5,23,6,34,6,39,48,8,101,12,0,12,113
02/02/2012,PIA,IL,AGL,CE,Combined TRACON& Tower with Radar,8,36,16,0,60,0,2,16,8,26,8,38,32,8,86,0,0,0,86
02/03/2012,PIA,IL,AGL,CE,Combined TRACON& Tower with Radar,9,36,19,2,66,0,2,5,7,14,9,38,24,9,80,48,28,76,156
02/04/2012,PIA,IL,AGL,CE,Combined TRACON& Tower with Radar,2,27,3,2,34,0,1,1,0,2,2,28,4,2,36,0,0,0,36
02/05/2012,PIA,IL,AGL,CE,Combined TRACON& Tower with Radar,4,24,10,0,38,0,1,19,5,25,4,25,29,5,63,76,0,76,139
02/06/2012,PIA,IL,AGL,CE,Combined TRACON& Tower with Radar,5,35,22,2,64,0,0,2,0,2,5,35,24,2,66,0,0,0,66
02/07/2012,PIA,IL,AGL,CE,Combined TRACON& Tower with Radar,8,32,34,5,79,0,0,1,0,1,8,32,35,5,80,0,0,0,80
02/08/2012,PIA,IL,AGL,CE,Combined TRACON& Tower with Radar,6,37,24,6,73,0,2,11,12,25,6,39,35,18,98,4,80,84,182
02/09/2012,PIA,IL,AGL,CE,Combined TRACON& Tower with Radar,10,37,28,3,78,0,5,34,14,53,10,42,62,17,131,40,30,70,201
02/10/2012,PIA,IL,AGL,CE,Combined TRACON& Tower with Radar,9,40,13,1,63,0,5,8,3,16,9,45,21,4,79,2,0,2,81
02/11/2012,PIA,IL,AGL,CE,Combined TRACON& Tower with Radar,2,29,22,2,55,0,2,8,0,10,2,31,30,2,65,4,0,4,69
02/12/2012,PIA,IL,AGL,CE,Combined TRACON& Tower with Radar,4,23,15,1,43,0,4,21,1,26,4,27,36,2,69,132,0,132,201
02/13/2012,PIA,IL,AGL,CE,Combined TRACON& Tower with Radar,5,39,9,4,57,0,1,4,0,5,5,40,13,4,62,0,0,0,62
02/14/2012,PIA,IL,AGL,CE,Combined TRACON& Tower with Radar,12,32,10,2,56,0,2,4,3,9,12,34,14,5,65,24,0,24,89
02/15/2012,PIA,IL,AGL,CE,Combined TRACON& Tower with Radar,8,32,11,0,51,0,1,2,0,3,8,33,13,0,54,4,0,4,58
02/16/2012,PIA,IL,AGL,CE,Combined TRACON& Tower with Radar,10,42,16,4,72,0,1,12,5,18,10,43,28,9,90,20,0,20,110
02/17/2012,PIA,IL,AGL,CE,Combined TRACON& Tower with Radar,9,35,29,0,73,0,4,21,0,25,9,39,50,0,98,56,6,62,160
02/18/2012,PIA,IL,AGL,CE,Combined TRACON& Tower with Radar,4,27,10,0,41,0,6,27,0,33,4,33,37,0,74,80,0,80,154
02/19/2012,PIA,IL,AGL,CE,Combined TRACON& Tower with Radar,3,26,15,0,44,0,3,24,0,27,3,29,39,0,71,0,0,0,71
02/20/2012,PIA,IL,AGL,CE,Combined TRACON& Tower with Radar,6,38,27,1,72,0,2,16,0,18,6,40,43,1,90,20,0,20,110
02/21/2012,PIA,IL,AGL,CE,Combined TRACON& Tower with Radar,10,30,21,9,70,0,2,4,8,14,10,32,25,17,84,0,20,20,104
02/22/2012,PIA,IL,AGL,CE,Combined TRACON& Tower with Radar,8,38,15,3,64,0,8,19,1,28,8,46,34,4,92,60,0,60,152
02/23/2012,PIA,IL,AGL,CE,Combined TRACON& Tower with Radar,9,36,32,3,80,0,1,6,11,18,9,37,38,14,98,2,24,26,124
02/24/2012,PIA,IL,AGL,CE,Combined TRACON& Tower with Radar,12,30,7,4,53,0,1,1,2,4,12,31,8,6,57,0,0,0,57
02/25/2012,PIA,IL,AGL,CE,Combined TRACON& Tower with Radar,6,28,11,0,45,0,5,22,0,27,6,33,33,0,72,40,0,40,112
02/26/2012,PIA,IL,AGL,CE,Combined TRACON& Tower with Radar,4,28,9,0,41,0,6,10,0,16,4,34,19,0,57,0,0,0,57
02/27/2012,PIA,IL,AGL,CE,Combined TRACON& Tower with Radar,5,36,13,5,59,0,4,24,5,33,5,40,37,10,92,0,24,24,116
02/28/2012,PIA,IL,AGL,CE,Combined TRACON& Tower with Radar,11,36,17,2,66,0,3,18,4,25,11,39,35,6,91,0,0,0,91
02/29/2012,PIA,IL,AGL,CE,Combined TRACON& Tower with Radar,9,38,8,7,62,0,0,3,5,8,9,38,11,12,70,0,12,12,82
03/01/2012,PIA,IL,AGL,CE,Combined TRACON& Tower with Radar,9,37,13,6,65,0,6,34,8,48,9,43,47,14,113,70,16,86,199
03/02/2012,PIA,IL,AGL,CE,Combined TRACON& Tower with Radar,9,31,12,23,75,0,0,2,1,3,9,31,14,24,78,0,4,4,82
03/03/2012,PIA,IL,AGL,CE,Combined TRACON& Tower with Radar,4,30,8,2,44,0,4,10,4,18,4,34,18,6,62,0,2,2,64
03/04/2012,PIA,IL,AGL,CE,Combined TRACON& Tower with Radar,4,31,14,5,54,0,2,10,3,15,4,33,24,8,69,18,28,46,115
03/05/2012,PIA,IL,AGL,CE,Combined TRACON& Tower with Radar,5,34,27,1,67,0,5,23,10,38,5,39,50,11,105,76,4,80,185
03/06/2012,PIA,IL,AGL,CE,Combined TRACON& Tower with Radar,10,34,28,6,78,0,2,11,5,18,10,36,39,11,96,0,20,20,116
03/07/2012,PIA,IL,AGL,CE,Combined TRACON& Tower with Radar,10,31,25,3,69,0,0,1,6,7,10,31,26,9,76,6,8,14,90
03/08/2012,PIA,IL,AGL,CE,Combined TRACON& Tower with Radar,12,41,21,31,105,0,3,16,20,39,12,44,37,51,144,16,100,116,260
03/09/2012,PIA,IL,AGL,CE,Combined TRACON& Tower with Radar,11,36,42,0,89,0,1,20,2,23,11,37,62,2,112,0,0,0,112
03/10/2012,PIA,IL,AGL,CE,Combined TRACON& Tower with Radar,12,27,12,0,51,0,4,18,9,31,12,31,30,9,82,28,0,28,110
03/11/2012,PIA,IL,AGL,CE,Combined TRACON& Tower with Radar,6,29,15,0,50,0,6,24,0,30,6,35,39,0,80,36,0,36,116
03/12/2012,PIA,IL,AGL,CE,Combined TRACON& Tower with Radar,9,37,22,13,81,0,3,52,7,62,9,40,74,20,143,4,0,4,147
03/13/2012,PIA,IL,AGL,CE,Combined TRACON& Tower with Radar,8,32,29,13,82,0,9,37,11,57,8,41,66,24,139,54,22,76,215
03/14/2012,PIA,IL,AGL,CE,Combined TRACON& Tower with Radar,6,35,29,5,75,0,4,44,6,54,6,39,73,11,129,60,16,76,205
03/15/2012,PIA,IL,AGL,CE,Combined TRACON& Tower with Radar,11,36,32,2,81,0,9,22,11,42,11,45,54,13,123,16,30,46,169
03/16/2012,PIA,IL,AGL,CE,Combined TRACON& Tower with Radar,14,33,29,3,79,0,5,21,3,29,14,38,50,6,108,8,12,20,128
03/17/2012,PIA,IL,AGL,CE,Combined TRACON& Tower with Radar,10,27,11,1,49,0,0,14,0,14,10,27,25,1,63,0,0,0,63
03/18/2012,PIA,IL,AGL,CE,Combined TRACON& Tower with Radar,6,28,11,0,45,0,1,14,0,15,6,29,25,0,60,0,0,0,60
03/19/2012,PIA,IL,AGL,CE,Combined TRACON& Tower with Radar,7,32,15,5,59,0,5,5,10,20,7,37,20,15,79,0,20,20,99
03/20/2012,PIA,IL,AGL,CE,Combined TRACON& Tower with Radar,8,32,18,5,63,0,9,12,5,26,8,41,30,10,89,0,0,0,89
03/21/2012,PIA,IL,AGL,CE,Combined TRACON& Tower with Radar,6,36,18,4,64,0,5,21,2,28,6,41,39,6,92,0,0,0,92
03/22/2012,PIA,IL,AGL,CE,Combined TRACON& Tower with Radar,11,36,19,7,73,0,6,7,7,20,11,42,26,14,93,0,0,0,93
03/23/2012,PIA,IL,AGL,CE,Combined TRACON& Tower with Radar,15,31,19,0,65,0,3,6,4,13,15,34,25,4,78,0,12,12,90
03/24/2012,PIA,IL,AGL,CE,Combined TRACON& Tower with Radar,10,30,7,0,47,0,3,23,0,26,10,33,30,0,73,14,0,14,87
03/25/2012,PIA,IL,AGL,CE,Combined TRACON& Tower with Radar,6,29,14,0,49,0,5,21,0,26,6,34,35,0,75,12,0,12,87
03/26/2012,PIA,IL,AGL,CE,Combined TRACON& Tower with Radar,7,34,18,8,67,0,6,15,8,29,7,40,33,16,96,40,16,56,152
03/27/2012,PIA,IL,AGL,CE,Combined TRACON& Tower with Radar,8,38,28,8,82,0,7,16,11,34,8,45,44,19,116,0,30,30,146
03/28/2012,PIA,IL,AGL,CE,Combined TRACON& Tower with Radar,9,37,22,6,74,0,5,20,2,27,9,42,42,8,101,0,0,0,101
03/29/2012,PIA,IL,AGL,CE,Combined TRACON& Tower with Radar,9,40,32,4,85,0,4,25,16,45,9,44,57,20,130,36,24,60,190
03/30/2012,PIA,IL,AGL,CE,Combined TRACON& Tower with Radar,11,32,21,6,70,0,3,11,2,16,11,35,32,8,86,8,0,8,94
03/31/2012,PIA,IL,AGL,CE,Combined TRACON& Tower with Radar,10,29,27,3,69,0,2,24,4,30,10,31,51,7,99,84,38,122,221
04/01/2012,PIA,IL,AGL,CE,Combined TRACON& Tower with Radar,4,28,13,4,49,0,8,23,11,42,4,36,36,15,91,64,22,86,177
04/02/2012,PIA,IL,AGL,CE,Combined TRACON& Tower with Radar,9,41,21,5,76,0,8,12,5,25,9,49,33,10,101,0,34,34,135
04/03/2012,PIA,IL,AGL,CE,Combined TRACON& Tower with Radar,6,37,26,4,73,0,1,11,4,16,6,38,37,8,89,0,0,0,89
04/04/2012,PIA,IL,AGL,CE,Combined TRACON& Tower with Radar,10,37,19,6,72,0,3,17,2,22,10,40,36,8,94,14,2,16,110
04/05/2012,PIA,IL,AGL,CE,Combined TRACON& Tower with Radar,12,38,13,11,74,0,4,20,9,33,12,42,33,20,107,2,34,36,143
04/06/2012,PIA,IL,AGL,CE,Combined TRACON& Tower with Radar,13,38,24,8,83,0,12,42,2,56,13,50,66,10,139,80,12,92,231
04/07/2012,PIA,IL,AGL,CE,Combined TRACON& Tower with Radar,10,28,11,0,49,0,6,41,0,47,10,34,52,0,96,94,0,94,190
04/08/2012,PIA,IL,AGL,CE,Combined TRACON& Tower with Radar,4,30,11,0,45,0,7,16,0,23,4,37,27,0,68,18,0,18,86
04/09/2012,PIA,IL,AGL,CE,Combined TRACON& Tower with Radar,9,47,19,3,78,0,6,23,8,37,9,53,42,11,115,34,0,34,149
04/10/2012,PIA,IL,AGL,CE,Combined TRACON& Tower with Radar,6,43,30,5,84,0,4,23,9,36,6,47,53,14,120,36,44,80,200
04/11/2012,PIA,IL,AGL,CE,Combined TRACON& Tower with Radar,8,39,26,16,89,0,6,34,17,57,8,45,60,33,146,30,40,70,216
04/12/2012,PIA,IL,AGL,CE,Combined TRACON& Tower with Radar,10,44,23,3,80,0,6,26,10,42,10,50,49,13,122,24,64,88,210
04/13/2012,PIA,IL,AGL,CE,Combined TRACON& Tower with Radar,11,40,21,4,76,0,0,5,8,13,11,40,26,12,89,0,4,4,93
04/14/2012,PIA,IL,AGL,CE,Combined TRACON& Tower with Radar,4,31,9,2,46,0,4,8,6,18,4,35,17,8,64,22,0,22,86
04/15/2012,PIA,IL,AGL,CE,Combined TRACON& Tower with Radar,4,34,5,0,43,0,3,3,3,9,4,37,8,3,52,0,0,0,52
04/16/2012,PIA,IL,AGL,CE,Combined TRACON& Tower with Radar,7,51,17,5,80,0,0,3,6,9,7,51,20,11,89,0,8,8,97
04/17/2012,PIA,IL,AGL,CE,Combined TRACON& Tower with Radar,10,43,33,12,98,0,6,32,10,48,10,49,65,22,146,60,38,98,244
04/18/2012,PIA,IL,AGL,CE,Combined TRACON& Tower with Radar,10,42,15,6,73,0,5,26,3,34,10,47,41,9,107,26,14,40,147
04/19/2012,PIA,IL,AGL,CE,Combined TRACON& Tower with Radar,10,44,20,15,89,0,6,15,3,24,10,50,35,18,113,0,18,18,131
04/20/2012,PIA,IL,AGL,CE,Combined TRACON& Tower with Radar,11,41,28,1,81,0,2,6,4,12,11,43,34,5,93,0,8,8,101
04/21/2012,PIA,IL,AGL,CE,Combined TRACON& Tower with Radar,2,31,20,1,54,0,7,28,0,35,2,38,48,1,89,54,0,54,143
04/22/2012,PIA,IL,AGL,CE,Combined TRACON& Tower with Radar,4,41,13,3,61,0,4,23,2,29,4,45,36,5,90,44,0,44,134
04/23/2012,PIA,IL,AGL,CE,Combined TRACON& Tower with Radar,7,44,25,7,83,0,3,20,6,29,7,47,45,13,112,0,28,28,140
04/24/2012,PIA,IL,AGL,CE,Combined TRACON& Tower with Radar,8,46,29,5,88,0,3,18,7,28,8,49,47,12,116,66,12,78,194
04/25/2012,PIA,IL,AGL,CE,Combined TRACON& Tower with Radar,6,42,16,15,79,0,4,27,9,40,6,46,43,24,119,80,60,140,259
04/26/2012,PIA,IL,AGL,CE,Combined TRACON& Tower with Radar,10,47,32,8,97,0,4,24,5,33,10,51,56,13,130,6,20,26,156
04/27/2012,PIA,IL,AGL,CE,Combined TRACON& Tower with Radar,11,37,18,4,70,0,1,17,3,21,11,38,35,7,91,24,0,24,115
04/28/2012,PIA,IL,AGL,CE,Combined TRACON& Tower with Radar,2,33,10,2,47,0,1,6,0,7,2,34,16,2,54,0,0,0,54
04/29/2012,PIA,IL,AGL,CE,Combined TRACON& Tower with Radar,4,41,17,0,62,0,0,5,0,5,4,41,22,0,67,0,0,0,67
04/30/2012,PIA,IL,AGL,CE,Combined TRACON& Tower with Radar,7,50,43,14,114,0,1,2,2,5,7,51,45,16,119,0,76,76,195
05/01/2012,PIA,IL,AGL,CE,Combined TRACON& Tower with Radar,8,40,32,9,89,0,0,4,12,16,8,40,36,21,105,0,40,40,145
05/02/2012,PIA,IL,AGL,CE,Combined TRACON& Tower with Radar,8,41,26,26,101,0,5,19,15,39,8,46,45,41,140,8,56,64,204
05/03/2012,PIA,IL,AGL,CE,Combined TRACON& Tower with Radar,14,48,27,9,98,0,7,28,3,38,14,55,55,12,136,84,34,118,254
05/04/2012,PIA,IL,AGL,CE,Combined TRACON& Tower with Radar,12,45,21,5,83,0,4,9,9,22,12,49,30,14,105,0,20,20,125
05/05/2012,PIA,IL,AGL,CE,Combined TRACON& Tower with Radar,3,34,20,3,60,0,3,14,12,29,3,37,34,15,89,28,0,28,117
05/06/2012,PIA,IL,AGL,CE,Combined TRACON& Tower with Radar,12,38,19,1,70,0,2,9,6,17,12,40,28,7,87,18,0,18,105
05/07/2012,PIA,IL,AGL,CE,Combined TRACON& Tower with Radar,7,48,36,13,104,0,0,5,1,6,7,48,41,14,110,0,0,0,110
05/08/2012,PIA,IL,AGL,CE,Combined TRACON& Tower with Radar,8,43,21,4,76,0,6,19,9,34,8,49,40,13,110,38,28,66,176
05/09/2012,PIA,IL,AGL,CE,Combined TRACON& Tower with Radar,6,41,17,2,66,0,8,18,12,38,6,49,35,14,104,4,30,34,138
05/10/2012,PIA,IL,AGL,CE,Combined TRACON& Tower with Radar,9,46,28,5,88,0,3,47,10,60,9,49,75,15,148,32,16,48,196
05/11/2012,PIA,IL,AGL,CE,Combined TRACON& Tower with Radar,7,39,31,0,77,0,4,26,5,35,7,43,57,5,112,26,0,26,138
05/12/2012,PIA,IL,AGL,CE,Combined TRACON& Tower with Radar,2,34,16,1,53,0,3,14,0,17,2,37,30,1,70,4,0,4,74
05/13/2012,PIA,IL,AGL,CE,Combined TRACON& Tower with Radar,4,38,16,0,58,0,2,25,0,27,4,40,41,0,85,4,0,4,89
05/14/2012,PIA,IL,AGL,CE,Combined TRACON& Tower with Radar,6,42,24,5,77,0,5,28,3,36,6,47,52,8,113,46,24,70,183
05/15/2012,PIA,IL,AGL,CE,Combined TRACON& Tower with Radar,12,42,22,3,79,0,3,47,14,64,12,45,69,17,143,66,8,74,217
05/16/2012,PIA,IL,AGL,CE,Combined TRACON& Tower with Radar,6,43,30,5,84,0,1,24,13,38,6,44,54,18,122,6,52,58,180
05/17/2012,PIA,IL,AGL,CE,Combined TRACON& Tower with Radar,10,45,32,8,95,0,2,24,8,34,10,47,56,16,129,24,42,66,195
05/18/2012,PIA,IL,AGL,CE,Combined TRACON& Tower with Radar,13,43,28,7,91,0,3,29,2,34,13,46,57,9,125,20,8,28,153
05/19/2012,PIA,IL,AGL,CE,Combined TRACON& Tower with Radar,4,31,11,0,46,0,5,28,3,36,4,36,39,3,82,20,0,20,102
05/20/2012,PIA,IL,AGL,CE,Combined TRACON& Tower with Radar,2,40,13,6,61,0,3,15,7,25,2,43,28,13,86,8,16,24,110
05/21/2012,PIA,IL,AGL,CE,Combined TRACON& Tower with Radar,9,43,19,5,76,0,4,17,10,31,9,47,36,15,107,22,26,48,155
05/22/2012,PIA,IL,AGL,CE,Combined TRACON& Tower with Radar,6,40,22,9,77,0,1,27,11,39,6,41,49,20,116,72,48,120,236
05/23/2012,PIA,IL,AGL,CE,Combined TRACON& Tower with Radar,6,42,17,15,80,0,4,30,12,46,6,46,47,27,126,60,56,116,242
05/24/2012,PIA,IL,AGL,CE,Combined TRACON& Tower with Radar,8,45,23,13,89,0,0,10,3,13,8,45,33,16,102,0,10,10,112
05/25/2012,PIA,IL,AGL,CE,Combined TRACON& Tower with Radar,13,41,16,1,71,0,6,16,0,22,13,47,32,1,93,30,0,30,123
05/26/2012,PIA,IL,AGL,CE,Combined TRACON& Tower with Radar,4,33,14,0,51,0,7,23,0,30,4,40,37,0,81,42,0,42,123
05/27/2012,PIA,IL,AGL,CE,Combined TRACON& Tower with Radar,2,28,9,2,41,0,3,20,0,23,2,31,29,2,64,0,0,0,64
05/28/2012,PIA,IL,AGL,CE,Combined TRACON& Tower with Radar,6,38,7,1,52,0,4,13,1,18,6,42,20,2,70,0,0,0,70
05/29/2012,PIA,IL,AGL,CE,Combined TRACON& Tower with Radar,3,46,26,10,85,0,6,29,7,42,3,52,55,17,127,26,40,66,193
05/30/2012,PIA,IL,AGL,CE,Combined TRACON& Tower with Radar,6,42,19,14,81,0,5,48,4,57,6,47,67,18,138,38,4,42,180
05/31/2012,PIA,IL,AGL,CE,Combined TRACON& Tower with Radar,8,39,23,11,81,0,1,4,4,9,8,40,27,15,90,0,0,0,90
06/01/2012,PIA,IL,AGL,CE,Combined TRACON& Tower with Radar,13,41,37,7,98,0,4,18,7,29,13,45,55,14,127,78,0,78,205
06/02/2012,PIA,IL,AGL,CE,Combined TRACON& Tower with Radar,4,31,16,1,52,0,4,10,5,19,4,35,26,6,71,0,0,0,71
06/03/2012,PIA,IL,AGL,CE,Combined TRACON& Tower with Radar,2,42,14,1,59,0,7,32,3,42,2,49,46,4,101,84,2,86,187
06/04/2012,PIA,IL,AGL,CE,Combined TRACON& Tower with Radar,9,44,20,7,80,0,6,13,6,25,9,50,33,13,105,8,36,44,149
06/05/2012,PIA,IL,AGL,CE,Combined TRACON& Tower with Radar,6,43,18,4,71,0,3,21,7,31,6,46,39,11,102,40,10,50,152
06/06/2012,PIA,IL,AGL,CE,Combined TRACON& Tower with Radar,6,43,28,5,82,0,4,37,22,63,6,47,65,27,145,72,46,118,263
06/07/2012,PIA,IL,AGL,CE,Combined TRACON& Tower with Radar,6,49,29,9,93,0,3,33,13,49,6,52,62,22,142,108,60,168,310
06/08/2012,PIA,IL,AGL,CE,Combined TRACON& Tower with Radar,12,46,20,10,88,0,1,25,1,27,12,47,45,11,115,18,30,48,163
06/09/2012,PIA,IL,AGL,CE,Combined TRACON& Tower with Radar,5,39,11,1,56,0,3,14,1,18,5,42,25,2,74,4,0,4,78
06/10/2012,PIA,IL,AGL,CE,Combined TRACON& Tower with Radar,2,44,13,0,59,0,9,19,0,28,2,53,32,0,87,12,0,12,99
06/11/2012,PIA,IL,AGL,CE,Combined TRACON& Tower with Radar,9,49,24,7,89,0,6,23,7,36,9,55,47,14,125,0,58,58,183
06/12/2012,PIA,IL,AGL,CE,Combined TRACON& Tower with Radar,10,48,21,5,84,0,6,18,10,34,10,54,39,15,118,0,6,6,124
06/13/2012,PIA,IL,AGL,CE,Combined TRACON& Tower with Radar,6,44,23,7,80,0,8,33,4,45,6,52,56,11,125,0,0,0,125
06/14/2012,PIA,IL,AGL,CE,Combined TRACON& Tower with Radar,8,51,28,3,90,0,5,25,6,36,8,56,53,9,126,30,22,52,178
06/15/2012,PIA,IL,AGL,CE,Combined TRACON& Tower with Radar,13,43,24,9,89,0,4,31,5,40,13,47,55,14,129,0,0,0,129
06/16/2012,PIA,IL,AGL,CE,Combined TRACON& Tower with Radar,6,39,12,0,57,0,3,18,0,21,6,42,30,0,78,0,0,0,78
06/17/2012,PIA,IL,AGL,CE,Combined TRACON& Tower with Radar,3,47,22,3,75,0,3,30,2,35,3,50,52,5,110,28,0,28,138
06/18/2012,PIA,IL,AGL,CE,Combined TRACON& Tower with Radar,10,46,29,4,89,0,8,14,6,28,10,54,43,10,117,22,16,38,155
06/19/2012,PIA,IL,AGL,CE,Combined TRACON& Tower with Radar,6,53,25,9,93,0,8,16,15,39,6,61,41,24,132,0,28,28,160
06/20/2012,PIA,IL,AGL,CE,Combined TRACON& Tower with Radar,6,46,14,4,70,0,2,20,18,40,6,48,34,22,110,36,4,40,150
06/21/2012,PIA,IL,AGL,CE,Combined TRACON& Tower with Radar,8,52,32,5,97,0,7,15,2,24,8,59,47,7,121,72,12,84,205
06/22/2012,PIA,IL,AGL,CE,Combined TRACON& Tower with Radar,13,45,27,3,88,0,6,27,0,33,13,51,54,3,121,26,0,26,147
06/23/2012,PIA,IL,AGL,CE,Combined TRACON& Tower with Radar,4,42,14,0,60,0,4,38,3,45,4,46,52,3,105,0,0,0,105
06/24/2012,PIA,IL,AGL,CE,Combined TRACON& Tower with Radar,2,44,23,1,70,0,5,10,0,15,2,49,33,1,85,0,0,0,85
06/25/2012,PIA,IL,AGL,CE,Combined TRACON& Tower with Radar,7,43,25,4,79,0,5,16,3,24,7,48,41,7,103,52,34,86,189
06/26/2012,PIA,IL,AGL,CE,Combined TRACON& Tower with Radar,8,47,27,2,84,0,3,19,13,35,8,50,46,15,119,60,40,100,219
06/27/2012,PIA,IL,AGL,CE,Combined TRACON& Tower with Radar,6,50,27,7,90,0,6,14,20,40,6,56,41,27,130,0,92,92,222
06/28/2012,PIA,IL,AGL,CE,Combined TRACON& Tower with Radar,12,41,14,4,71,0,11,26,9,46,12,52,40,13,117,6,8,14,131
06/29/2012,PIA,IL,AGL,CE,Combined TRACON& Tower with Radar,14,43,33,15,105,0,5,19,1,25,14,48,52,16,130,8,28,36,166
06/30/2012,PIA,IL,AGL,CE,Combined TRACON& Tower with Radar,5,41,4,1,51,0,2,8,0,10,5,43,12,1,61,0,0,0,61
07/01/2012,PIA,IL,AGL,CE,Combined TRACON& Tower with Radar,6,47,4,0,57,0,4,16,0,20,6,51,20,0,77,28,0,28,105
07/02/2012,PIA,IL,AGL,CE,Combined TRACON& Tower with Radar,9,40,13,3,65,0,1,16,7,24,9,41,29,10,89,18,28,46,135
07/03/2012,PIA,IL,AGL,CE,Combined TRACON& Tower with Radar,8,35,22,12,77,0,4,24,7,35,8,39,46,19,112,12,4,16,128
07/04/2012,PIA,IL,AGL,CE,Combined TRACON& Tower with Radar,0,26,8,0,34,0,5,25,0,30,0,31,33,0,64,0,0,0,64
07/05/2012,PIA,IL,AGL,CE,Combined TRACON& Tower with Radar,14,40,16,12,82,0,8,17,5,30,14,48,33,17,112,14,8,22,134
07/06/2012,PIA,IL,AGL,CE,Combined TRACON& Tower with Radar,13,35,6,0,54,0,16,30,7,53,13,51,36,7,107,0,0,0,107
07/07/2012,PIA,IL,AGL,CE,Combined TRACON& Tower with Radar,4,42,6,15,67,0,7,21,4,32,4,49,27,19,99,20,0,20,119
07/08/2012,PIA,IL,AGL,CE,Combined TRACON& Tower with Radar,4,43,21,1,69,0,7,32,6,45,4,50,53,7,114,16,0,16,130
07/09/2012,PIA,IL,AGL,CE,Combined TRACON& Tower with Radar,9,46,23,4,82,0,2,18,2,22,9,48,41,6,104,0,0,0,104
07/10/2012,PIA,IL,AGL,CE,Combined TRACON& Tower with Radar,6,47,44,19,116,0,5,32,2,39,6,52,76,21,155,24,8,32,187
07/11/2012,PIA,IL,AGL,CE,Combined TRACON& Tower with Radar,6,47,18,6,77,0,3,19,10,32,6,50,37,16,109,24,4,28,137
07/12/2012,PIA,IL,AGL,CE,Combined TRACON& Tower with Radar,10,49,20,11,90,0,4,42,7,53,10,53,62,18,143,26,12,38,181
07/13/2012,PIA,IL,AGL,CE,Combined TRACON& Tower with Radar,13,39,19,7,78,0,4,23,4,31,13,43,42,11,109,14,6,20,129
07/14/2012,PIA,IL,AGL,CE,Combined TRACON& Tower with Radar,4,43,22,3,72,0,2,17,1,20,4,45,39,4,92,0,0,0,92
07/15/2012,PIA,IL,AGL,CE,Combined TRACON& Tower with Radar,4,43,22,4,73,0,6,50,0,56,4,49,72,4,129,46,0,46,175
07/16/2012,PIA,IL,AGL,CE,Combined TRACON& Tower with Radar,9,43,11,5,68,0,11,25,3,39,9,54,36,8,107,0,12,12,119
07/17/2012,PIA,IL,AGL,CE,Combined TRACON& Tower with Radar,4,46,13,17,80,0,7,32,8,47,4,53,45,25,127,0,20,20,147
07/18/2012,PIA,IL,AGL,CE,Combined TRACON& Tower with Radar,15,48,37,6,106,0,6,25,4,35,15,54,62,10,141,0,0,0,141
07/19/2012,PIA,IL,AGL,CE,Combined TRACON& Tower with Radar,11,48,30,4,93,0,2,32,4,38,11,50,62,8,131,80,8,88,219
07/20/2012,PIA,IL,AGL,CE,Combined TRACON& Tower with Radar,12,44,17,9,82,0,3,32,0,35,12,47,49,9,117,18,0,18,135
07/21/2012,PIA,IL,AGL,CE,Combined TRACON& Tower with Radar,4,39,14,4,61,0,7,30,1,38,4,46,44,5,99,16,0,16,115
07/22/2012,PIA,IL,AGL,CE,Combined TRACON& Tower with Radar,4,42,15,0,61,0,2,32,0,34,4,44,47,0,95,0,0,0,95
07/23/2012,PIA,IL,AGL,CE,Combined TRACON& Tower with Radar,9,49,21,5,84,0,0,11,4,15,9,49,32,9,99,6,24,30,129
07/24/2012,PIA,IL,AGL,CE,Combined TRACON& Tower with Radar,11,47,29,7,94,0,4,14,7,25,11,51,43,14,119,38,10,48,167
07/25/2012,PIA,IL,AGL,CE,Combined TRACON& Tower with Radar,6,51,28,1,86,0,5,22,4,31,6,56,50,5,117,12,0,12,129
07/26/2012,PIA,IL,AGL,CE,Combined TRACON& Tower with Radar,10,43,14,7,74,0,5,11,1,17,10,48,25,8,91,0,0,0,91
07/27/2012,PIA,IL,AGL,CE,Combined TRACON& Tower with Radar,13,40,31,0,84,0,7,27,4,38,13,47,58,4,122,40,0,40,162
07/28/2012,PIA,IL,AGL,CE,Combined TRACON& Tower with Radar,4,38,21,0,63,0,5,28,0,33,4,43,49,0,96,36,0,36,132
07/29/2012,PIA,IL,AGL,CE,Combined TRACON& Tower with Radar,4,43,12,0,59,0,6,30,0,36,4,49,42,0,95,6,0,6,101
07/30/2012,PIA,IL,AGL,CE,Combined TRACON& Tower with Radar,10,49,26,4,89,0,5,24,2,31,10,54,50,6,120,22,12,34,154
07/31/2012,PIA,IL,AGL,CE,Combined TRACON& Tower with Radar,6,44,25,14,89,0,4,26,10,40,6,48,51,24,129,40,26,66,195
08/01/2012,PIA,IL,AGL,CE,Combined TRACON& Tower with Radar,6,47,26,1,80,0,6,31,3,40,6,53,57,4,120,48,22,70,190
08/02/2012,PIA,IL,AGL,CE,Combined TRACON& Tower with Radar,11,44,27,3,85,0,3,41,7,51,11,47,68,10,136,12,24,36,172
08/03/2012,PIA,IL,AGL,CE,Combined TRACON& Tower with Radar,13,42,31,4,90,0,4,31,4,39,13,46,62,8,129,18,8,26,155
08/04/2012,PIA,IL,AGL,CE,Combined TRACON& Tower with Radar,4,40,14,4,62,0,4,29,1,34,4,44,43,5,96,28,0,28,124
08/05/2012,PIA,IL,AGL,CE,Combined TRACON& Tower with Radar,4,42,20,5,71,0,3,25,0,28,4,45,45,5,99,44,0,44,143
08/06/2012,PIA,IL,AGL,CE,Combined TRACON& Tower with Radar,9,46,26,1,82,0,2,43,1,46,9,48,69,2,128,56,20,76,204
08/07/2012,PIA,IL,AGL,CE,Combined TRACON& Tower with Radar,6,46,28,3,83,0,3,21,10,34,6,49,49,13,117,2,20,22,139
08/08/2012,PIA,IL,AGL,CE,Combined TRACON& Tower with Radar,6,45,30,15,96,0,3,19,16,38,6,48,49,31,134,0,42,42,176
08/09/2012,PIA,IL,AGL,CE,Combined TRACON& Tower with Radar,10,48,26,8,92,0,4,18,16,38,10,52,44,24,130,28,14,42,172
08/10/2012,PIA,IL,AGL,CE,Combined TRACON& Tower with Radar,13,48,18,11,90,0,8,9,2,19,13,56,27,13,109,36,0,36,145
08/11/2012,PIA,IL,AGL,CE,Combined TRACON& Tower with Radar,2,36,14,0,52,0,6,40,10,56,2,42,54,10,108,48,0,48,156
08/12/2012,PIA,IL,AGL,CE,Combined TRACON& Tower with Radar,4,40,18,3,65,0,3,17,2,22,4,43,35,5,87,0,8,8,95
08/13/2012,PIA,IL,AGL,CE,Combined TRACON& Tower with Radar,9,47,16,7,79,0,3,9,1,13,9,50,25,8,92,0,0,0,92
08/14/2012,PIA,IL,AGL,CE,Combined TRACON& Tower with Radar,8,49,31,10,98,0,4,31,5,40,8,53,62,15,138,0,0,0,138
08/15/2012,PIA,IL,AGL,CE,Combined TRACON& Tower with Radar,6,48,22,7,83,0,3,26,9,38,6,51,48,16,121,24,62,86,207
08/16/2012,PIA,IL,AGL,CE,Combined TRACON& Tower with Radar,8,41,19,19,87,0,1,7,0,8,8,42,26,19,95,0,52,52,147
08/17/2012,PIA,IL,AGL,CE,Combined TRACON& Tower with Radar,13,49,9,9,80,0,0,37,5,42,13,49,46,14,122,12,28,40,162
08/18/2012,PIA,IL,AGL,CE,Combined TRACON& Tower with Radar,2,36,13,4,55,0,1,27,0,28,2,37,40,4,83,48,0,48,131
08/19/2012,PIA,IL,AGL,CE,Combined TRACON& Tower with Radar,4,48,18,0,70,0,5,27,1,33,4,53,45,1,103,44,0,44,147
08/20/2012,PIA,IL,AGL,CE,Combined TRACON& Tower with Radar,9,45,19,3,76,0,2,22,5,29,9,47,41,8,105,0,18,18,123
08/21/2012,PIA,IL,AGL,CE,Combined TRACON& Tower with Radar,6,51,36,19,112,0,1,33,14,48,6,52,69,33,160,0,72,72,232
08/22/2012,PIA,IL,AGL,CE,Combined TRACON& Tower with Radar,6,48,16,12,82,0,2,26,6,34,6,50,42,18,116,0,24,24,140
08/23/2012,PIA,IL,AGL,CE,Combined TRACON& Tower with Radar,7,49,18,4,78,0,3,18,7,28,7,52,36,11,106,0,0,0,106
08/24/2012,PIA,IL,AGL,CE,Combined TRACON& Tower with Radar,15,44,18,0,77,0,1,39,0,40,15,45,57,0,117,10,0,10,127
08/25/2012,PIA,IL,AGL,CE,Combined TRACON& Tower with Radar,3,35,18,3,59,0,0,19,2,21,3,35,37,5,80,74,0,74,154
08/26/2012,PIA,IL,AGL,CE,Combined TRACON& Tower with Radar,2,41,8,3,54,0,1,4,1,6,2,42,12,4,60,4,0,4,64
08/27/2012,PIA,IL,AGL,CE,Combined TRACON& Tower with Radar,9,49,21,4,83,0,2,23,47,72,9,51,44,51,155,0,8,8,163
08/28/2012,PIA,IL,AGL,CE,Combined TRACON& Tower with Radar,8,46,35,11,100,0,8,23,28,59,8,54,58,39,159,20,40,60,219
08/29/2012,PIA,IL,AGL,CE,Combined TRACON& Tower with Radar,8,48,26,7,89,0,3,24,15,42,8,51,50,22,131,12,40,52,183
08/30/2012,PIA,IL,AGL,CE,Combined TRACON& Tower with Radar,8,49,25,9,91,0,1,19,27,47,8,50,44,36,138,14,48,62,200
08/31/2012,PIA,IL,AGL,CE,Combined TRACON& Tower with Radar,13,46,26,2,87,0,3,16,1,20,13,49,42,3,107,8,0,8,115
09/01/2012,PIA,IL,AGL,CE,Combined TRACON& Tower with Radar,4,29,10,4,47,0,0,0,0,0,4,29,10,4,47,0,0,0,47
09/02/2012,PIA,IL,AGL,CE,Combined TRACON& Tower with Radar,2,27,10,0,39,0,3,1,0,4,2,30,11,0,43,0,0,0,43
09/03/2012,PIA,IL,AGL,CE,Combined TRACON& Tower with Radar,6,34,13,0,53,0,8,16,1,25,6,42,29,1,78,0,0,0,78
09/04/2012,PIA,IL,AGL,CE,Combined TRACON& Tower with Radar,6,47,29,13,95,0,2,33,14,49,6,49,62,27,144,4,0,4,148
09/05/2012,PIA,IL,AGL,CE,Combined TRACON& Tower with Radar,9,42,26,23,100,0,4,9,23,36,9,46,35,46,136,10,102,112,248
09/06/2012,PIA,IL,AGL,CE,Combined TRACON& Tower with Radar,8,42,27,13,90,0,4,25,26,55,8,46,52,39,145,0,4,4,149
09/07/2012,PIA,IL,AGL,CE,Combined TRACON& Tower with Radar,12,43,18,2,75,0,1,7,4,12,12,44,25,6,87,0,0,0,87
09/08/2012,PIA,IL,AGL,CE,Combined TRACON& Tower with Radar,3,37,8,7,55,0,7,21,11,39,3,44,29,18,94,20,0,20,114
09/09/2012,PIA,IL,AGL,CE,Combined TRACON& Tower with Radar,2,38,19,9,68,0,0,22,10,32,2,38,41,19,100,74,38,112,212
09/10/2012,PIA,IL,AGL,CE,Combined TRACON& Tower with Radar,8,48,20,6,82,0,11,21,0,32,8,59,41,6,114,0,0,0,114
09/11/2012,PIA,IL,AGL,CE,Combined TRACON& Tower with Radar,6,45,25,7,83,0,4,32,10,46,6,49,57,17,129,0,0,0,129
09/12/2012,PIA,IL,AGL,CE,Combined TRACON& Tower with Radar,6,47,24,2,79,0,4,23,24,51,6,51,47,26,130,36,52,88,218
09/13/2012,PIA,IL,AGL,CE,Combined TRACON& Tower with Radar,8,49,30,6,93,0,4,13,6,23,8,53,43,12,116,0,0,0,116
09/14/2012,PIA,IL,AGL,CE,Combined TRACON& Tower with Radar,16,42,27,6,91,0,0,21,3,24,16,42,48,9,115,30,0,30,145
09/15/2012,PIA,IL,AGL,CE,Combined TRACON& Tower with Radar,2,36,13,2,53,0,5,30,0,35,2,41,43,2,88,18,0,18,106
09/16/2012,PIA,IL,AGL,CE,Combined TRACON& Tower with Radar,2,38,13,0,53,0,7,31,4,42,2,45,44,4,95,0,0,0,95
09/17/2012,PIA,IL,AGL,CE,Combined TRACON& Tower with Radar,10,39,16,8,73,0,1,6,4,11,10,40,22,12,84,0,24,24,108
09/18/2012,PIA,IL,AGL,CE,Combined TRACON& Tower with Radar,11,45,9,12,77,0,1,19,8,28,11,46,28,20,105,0,0,0,105
09/19/2012,PIA,IL,AGL,CE,Combined TRACON& Tower with Radar,6,47,18,4,75,0,4,17,4,25,6,51,35,8,100,8,12,20,120
09/20/2012,PIA,IL,AGL,CE,Combined TRACON& Tower with Radar,7,51,36,13,107,0,6,32,16,54,7,57,68,29,161,0,64,64,225
09/21/2012,PIA,IL,AGL,CE,Combined TRACON& Tower with Radar,15,44,21,1,81,0,2,11,4,17,15,46,32,5,98,10,0,10,108
09/22/2012,PIA,IL,AGL,CE,Combined TRACON& Tower with Radar,4,36,18,0,58,0,5,16,1,22,4,41,34,1,80,0,0,0,80
09/23/2012,PIA,IL,AGL,CE,Combined TRACON& Tower with Radar,2,41,24,0,67,0,6,31,0,37,2,47,55,0,104,66,0,66,170
09/24/2012,PIA,IL,AGL,CE,Combined TRACON& Tower with Radar,9,49,16,5,79,0,4,15,7,26,9,53,31,12,105,0,20,20,125
09/25/2012,PIA,IL,AGL,CE,Combined TRACON& Tower with Radar,8,49,14,4,75,0,6,11,5,22,8,55,25,9,97,28,20,48,145
09/26/2012,PIA,IL,AGL,CE,Combined TRACON& Tower with Radar,10,44,33,3,90,0,3,15,0,18,10,47,48,3,108,10,4,14,122
09/27/2012,PIA,IL,AGL,CE,Combined TRACON& Tower with Radar,8,45,39,6,98,0,2,24,10,36,8,47,63,16,134,0,12,12,146
09/28/2012,PIA,IL,AGL,CE,Combined TRACON& Tower with Radar,12,45,29,1,87,0,6,27,2,35,12,51,56,3,122,0,0,0,122
09/29/2012,PIA,IL,AGL,CE,Combined TRACON& Tower with Radar,3,35,11,0,49,0,11,23,0,34,3,46,34,0,83,14,0,14,97
09/30/2012,PIA,IL,AGL,CE,Combined TRACON& Tower with Radar,2,40,11,2,55,0,4,18,1,23,2,44,29,3,78,34,0,34,112
10/01/2012,PIA,IL,AGL,CE,Combined TRACON& Tower with Radar,9,45,12,4,70,0,3,15,11,29,9,48,27,15,99,0,40,40,139
10/02/2012,PIA,IL,AGL,CE,Combined TRACON& Tower with Radar,6,42,17,5,70,0,6,36,22,64,6,48,53,27,134,4,42,46,180
10/03/2012,PIA,IL,AGL,CE,Combined TRACON& Tower with Radar,6,51,26,7,90,0,5,15,8,28,6,56,41,15,118,4,18,22,140
10/04/2012,PIA,IL,AGL,CE,Combined TRACON& Tower with Radar,8,46,33,15,102,0,4,11,13,28,8,50,44,28,130,0,54,54,184
10/05/2012,PIA,IL,AGL,CE,Combined TRACON& Tower with Radar,13,48,20,2,83,0,4,17,0,21,13,52,37,2,104,0,0,0,104
10/06/2012,PIA,IL,AGL,CE,Combined TRACON& Tower with Radar,2,32,19,1,54,0,7,27,0,34,2,39,46,1,88,54,0,54,142
10/07/2012,PIA,IL,AGL,CE,Combined TRACON& Tower with Radar,1,38,22,0,61,0,5,35,0,40,1,43,57,0,101,48,0,48,149
10/08/2012,PIA,IL,AGL,CE,Combined TRACON& Tower with Radar,10,49,13,0,72,0,4,20,0,24,10,53,33,0,96,0,0,0,96
10/09/2012,PIA,IL,AGL,CE,Combined TRACON& Tower with Radar,6,42,14,18,80,0,6,25,5,36,6,48,39,23,116,8,36,44,160
10/10/2012,PIA,IL,AGL,CE,Combined TRACON& Tower with Radar,6,50,9,5,70,0,8,17,14,39,6,58,26,19,109,12,60,72,181
10/11/2012,PIA,IL,AGL,CE,Combined TRACON& Tower with Radar,8,52,9,7,76,0,4,13,11,28,8,56,22,18,104,8,20,28,132
10/12/2012,PIA,IL,AGL,CE,Combined TRACON& Tower with Radar,13,41,20,10,84,0,3,19,5,27,13,44,39,15,111,8,0,8,119
10/13/2012,PIA,IL,AGL,CE,Combined TRACON& Tower with Radar,2,32,4,0,38,0,1,1,0,2,2,33,5,0,40,0,0,0,40
10/14/2012,PIA,IL,AGL,CE,Combined TRACON& Tower with Radar,2,40,11,1,54,0,4,7,0,11,2,44,18,1,65,0,0,0,65
10/15/2012,PIA,IL,AGL,CE,Combined TRACON& Tower with Radar,9,52,23,4,88,0,9,30,4,43,9,61,53,8,131,64,20,84,215
10/16/2012,PIA,IL,AGL,CE,Combined TRACON& Tower with Radar,4,47,11,2,64,0,5,35,16,56,4,52,46,18,120,0,76,76,196
10/17/2012,PIA,IL,AGL,CE,Combined TRACON& Tower with Radar,6,47,32,6,91,0,3,5,0,8,6,50,37,6,99,0,0,0,99
10/18/2012,PIA,IL,AGL,CE,Combined TRACON& Tower with Radar,8,44,25,8,85,0,4,15,7,26,8,48,40,15,111,0,12,12,123
10/19/2012,PIA,IL,AGL,CE,Combined TRACON& Tower with Radar,15,43,31,5,94,0,1,7,3,11,15,44,38,8,105,0,0,0,105
10/20/2012,PIA,IL,AGL,CE,Combined TRACON& Tower with Radar,2,32,10,6,50,0,0,9,1,10,2,32,19,7,60,4,0,4,64
10/21/2012,PIA,IL,AGL,CE,Combined TRACON& Tower with Radar,2,38,17,1,58,0,2,28,0,30,2,40,45,1,88,2,0,2,90
10/22/2012,PIA,IL,AGL,CE,Combined TRACON& Tower with Radar,11,41,11,7,70,0,1,3,6,10,11,42,14,13,80,0,0,0,80
10/23/2012,PIA,IL,AGL,CE,Combined TRACON& Tower with Radar,6,49,15,10,80,0,4,9,7,20,6,53,24,17,100,20,0,20,120
10/24/2012,PIA,IL,AGL,CE,Combined TRACON& Tower with Radar,6,45,27,8,86,0,5,12,10,27,6,50,39,18,113,14,4,18,131
10/25/2012,PIA,IL,AGL,CE,Combined TRACON& Tower with Radar,8,49,20,5,82,0,5,8,4,17,8,54,28,9,99,10,0,10,109
10/26/2012,PIA,IL,AGL,CE,Combined TRACON& Tower with Radar,13,43,29,4,89,0,2,28,4,34,13,45,57,8,123,8,6,14,137
10/27/2012,PIA,IL,AGL,CE,Combined TRACON& Tower with Radar,2,33,6,3,44,0,4,29,0,33,2,37,35,3,77,16,0,16,93
10/28/2012,PIA,IL,AGL,CE,Combined TRACON& Tower with Radar,2,43,9,0,54,0,4,17,0,21,2,47,26,0,75,10,0,10,85
10/29/2012,PIA,IL,AGL,CE,Combined TRACON& Tower with Radar,8,39,18,3,68,0,1,22,10,33,8,40,40,13,101,0,42,42,143
10/30/2012,PIA,IL,AGL,CE,Combined TRACON& Tower with Radar,6,41,22,2,71,0,4,8,5,17,6,45,30,7,88,18,16,34,122
10/31/2012,PIA,IL,AGL,CE,Combined TRACON& Tower with Radar,6,40,30,3,79,0,8,14,14,36,6,48,44,17,115,0,32,32,147
11/01/2012,PIA,IL,AGL,CE,Combined TRACON& Tower with Radar,12,56,17,9,94,0,4,24,6,34,12,60,41,15,128,24,8,32,160
11/02/2012,PIA,IL,AGL,CE,Combined TRACON& Tower with Radar,13,42,21,12,88,0,8,29,6,43,13,50,50,18,131,4,30,34,165
11/03/2012,PIA,IL,AGL,CE,Combined TRACON& Tower with Radar,2,32,8,10,52,0,3,16,5,24,2,35,24,15,76,0,42,42,118
11/04/2012,PIA,IL,AGL,CE,Combined TRACON& Tower with Radar,2,36,12,7,57,0,9,21,8,38,2,45,33,15,95,16,24,40,135
11/05/2012,PIA,IL,AGL,CE,Combined TRACON& Tower with Radar,9,42,10,3,64,0,8,8,4,20,9,50,18,7,84,0,28,28,112
11/06/2012,PIA,IL,AGL,CE,Combined TRACON& Tower with Radar,6,40,16,5,67,0,0,2,3,5,6,40,18,8,72,0,36,36,108
11/07/2012,PIA,IL,AGL,CE,Combined TRACON& Tower with Radar,8,45,28,6,87,0,4,5,4,13,8,49,33,10,100,2,30,32,132
11/08/2012,PIA,IL,AGL,CE,Combined TRACON& Tower with Radar,8,50,20,8,86,0,5,25,2,32,8,55,45,10,118,24,38,62,180
11/09/2012,PIA,IL,AGL,CE,Combined TRACON& Tower with Radar,13,41,26,1,81,0,7,14,0,21,13,48,40,1,102,0,0,0,102
11/10/2012,PIA,IL,AGL,CE,Combined TRACON& Tower with Radar,4,30,17,0,51,0,9,19,0,28,4,39,36,0,79,22,8,30,109
11/11/2012,PIA,IL,AGL,CE,Combined TRACON& Tower with Radar,2,35,12,0,49,0,1,7,0,8,2,36,19,0,57,0,0,0,57
11/12/2012,PIA,IL,AGL,CE,Combined TRACON& Tower with Radar,9,41,25,0,75,0,7,15,0,22,9,48,40,0,97,0,0,0,97
11/13/2012,PIA,IL,AGL,CE,Combined TRACON& Tower with Radar,6,42,18,8,74,0,11,27,10,48,6,53,45,18,122,8,40,48,170
11/14/2012,PIA,IL,AGL,CE,Combined TRACON& Tower with Radar,6,45,27,8,86,0,5,12,10,27,6,50,39,18,113,0,28,28,141
11/15/2012,PIA,IL,AGL,CE,Combined TRACON& Tower with Radar,8,49,20,5,82,0,5,8,4,17,8,54,28,9,99,62,20,82,181
11/16/2012,PIA,IL,AGL,CE,Combined TRACON& Tower with Radar,13,43,29,4,89,0,3,27,4,34,13,46,56,8,123,12,32,44,167
11/17/2012,PIA,IL,AGL,CE,Combined TRACON& Tower with Radar,2,33,6,3,44,0,3,29,0,32,2,36,35,3,76,4,0,4,80
11/18/2012,PIA,IL,AGL,CE,Combined TRACON& Tower with Radar,2,43,9,0,54,0,4,18,0,22,2,47,27,0,76,10,0,10,86
11/19/2012,PIA,IL,AGL,CE,Combined TRACON& Tower with Radar,8,40,18,3,69,0,1,21,10,32,8,41,39,13,101,0,8,8,109
11/20/2012,PIA,IL,AGL,CE,Combined TRACON& Tower with Radar,6,41,22,2,71,0,4,16,5,25,6,45,38,7,96,24,4,28,124
11/21/2012,PIA,IL,AGL,CE,Combined TRACON& Tower with Radar,6,40,30,3,79,0,8,14,14,36,6,48,44,17,115,24,0,24,139
11/22/2012,PIA,IL,AGL,CE,Combined TRACON& Tower with Radar,12,56,17,9,94,0,4,24,6,34,12,60,41,15,128,0,0,0,128
11/23/2012,PIA,IL,AGL,CE,Combined TRACON& Tower with Radar,13,42,21,12,88,0,8,29,5,42,13,50,50,17,130,0,0,0,130
11/24/2012,PIA,IL,AGL,CE,Combined TRACON& Tower with Radar,2,32,8,10,52,0,3,16,5,24,2,35,24,15,76,20,0,20,96
11/25/2012,PIA,IL,AGL,CE,Combined TRACON& Tower with Radar,2,36,12,7,57,0,9,20,8,37,2,45,32,15,94,28,0,28,122
11/26/2012,PIA,IL,AGL,CE,Combined TRACON& Tower with Radar,9,42,10,3,64,0,8,8,6,22,9,50,18,9,86,22,8,30,116
11/27/2012,PIA,IL,AGL,CE,Combined TRACON& Tower with Radar,6,40,16,5,67,0,0,2,3,5,6,40,18,8,72,0,42,42,114
11/28/2012,PIA,IL,AGL,CE,Combined TRACON& Tower with Radar,8,45,28,6,87,0,4,15,4,23,8,49,43,10,110,14,34,48,158
11/29/2012,PIA,IL,AGL,CE,Combined TRACON& Tower with Radar,8,50,20,8,86,0,5,25,2,32,8,55,45,10,118,0,0,0,118
11/30/2012,PIA,IL,AGL,CE,Combined TRACON& Tower with Radar,11,40,31,4,86,0,3,24,2,29,11,43,55,6,115,48,16,64,179
12/01/2012,PIA,IL,AGL,CE,Combined TRACON& Tower with Radar,2,30,8,1,41,0,6,10,10,26,2,36,18,11,67,12,10,22,89
12/02/2012,PIA,IL,AGL,CE,Combined TRACON& Tower with Radar,6,36,15,4,61,0,1,8,0,9,6,37,23,4,70,16,0,16,86
12/03/2012,PIA,IL,AGL,CE,Combined TRACON& Tower with Radar,7,41,22,4,74,0,1,4,8,13,7,42,26,12,87,0,0,0,87
12/04/2012,PIA,IL,AGL,CE,Combined TRACON& Tower with Radar,8,44,13,7,72,0,4,25,13,42,8,48,38,20,114,20,18,38,152
12/05/2012,PIA,IL,AGL,CE,Combined TRACON& Tower with Radar,8,41,23,5,77,0,9,33,18,60,8,50,56,23,137,12,10,22,159
12/06/2012,PIA,IL,AGL,CE,Combined TRACON& Tower with Radar,12,44,22,22,100,0,22,30,11,63,12,66,52,33,163,8,26,34,197
12/07/2012,PIA,IL,AGL,CE,Combined TRACON& Tower with Radar,13,43,17,8,81,4,0,1,4,9,17,43,18,12,90,0,0,0,90
12/08/2012,PIA,IL,AGL,CE,Combined TRACON& Tower with Radar,2,32,9,0,43,0,1,4,2,7,2,33,13,2,50,0,0,0,50
12/09/2012,PIA,IL,AGL,CE,Combined TRACON& Tower with Radar,4,42,16,1,63,0,0,3,0,3,4,42,19,1,66,0,0,0,66
12/10/2012,PIA,IL,AGL,CE,Combined TRACON& Tower with Radar,7,46,13,3,69,0,1,4,2,7,7,47,17,5,76,0,0,0,76
12/11/2012,PIA,IL,AGL,CE,Combined TRACON& Tower with Radar,6,43,20,23,92,0,9,17,16,42,6,52,37,39,134,0,78,78,212
12/12/2012,PIA,IL,AGL,CE,Combined TRACON& Tower with Radar,6,47,19,7,79,0,1,33,20,54,6,48,52,27,133,36,22,58,191
12/13/2012,PIA,IL,AGL,CE,Combined TRACON& Tower with Radar,10,47,32,6,95,0,6,12,24,42,10,53,44,30,137,0,64,64,201
12/14/2012,PIA,IL,AGL,CE,Combined TRACON& Tower with Radar,12,43,35,16,106,0,8,41,10,59,12,51,76,26,165,24,74,98,263
12/15/2012,PIA,IL,AGL,CE,Combined TRACON& Tower with Radar,2,29,11,1,43,0,0,2,0,2,2,29,13,1,45,0,0,0,45
12/16/2012,PIA,IL,AGL,CE,Combined TRACON& Tower with Radar,4,31,12,0,47,0,2,5,0,7,4,33,17,0,54,2,0,2,56
12/17/2012,PIA,IL,AGL,CE,Combined TRACON& Tower with Radar,8,42,20,7,77,0,0,0,0,0,8,42,20,7,77,0,20,20,97
12/18/2012,PIA,IL,AGL,CE,Combined TRACON& Tower with Radar,6,45,14,26,91,0,3,7,5,15,6,48,21,31,106,0,28,28,134
12/19/2012,PIA,IL,AGL,CE,Combined TRACON& Tower with Radar,12,41,24,17,94,0,0,7,11,18,12,41,31,28,112,24,30,54,166
12/20/2012,PIA,IL,AGL,CE,Combined TRACON& Tower with Radar,8,19,14,0,41,0,0,0,0,0,8,19,14,0,41,0,0,0,41
12/21/2012,PIA,IL,AGL,CE,Combined TRACON& Tower with Radar,17,35,20,2,74,0,4,8,0,12,17,39,28,2,86,0,0,0,86
12/22/2012,PIA,IL,AGL,CE,Combined TRACON& Tower with Radar,9,28,12,0,49,0,2,20,0,22,9,30,32,0,71,44,0,44,115
12/23/2012,PIA,IL,AGL,CE,Combined TRACON& Tower with Radar,4,26,17,0,47,0,4,33,0,37,4,30,50,0,84,16,0,16,100
12/24/2012,PIA,IL,AGL,CE,Combined TRACON& Tower with Radar,9,23,1,1,34,0,0,0,0,0,9,23,1,1,34,0,0,0,34
12/25/2012,PIA,IL,AGL,CE,Combined TRACON& Tower with Radar,0,23,2,0,25,0,3,6,0,9,0,26,8,0,34,0,0,0,34
12/26/2012,PIA,IL,AGL,CE,Combined TRACON& Tower with Radar,12,39,3,0,54,0,3,6,0,9,12,42,9,0,63,6,0,6,69
12/27/2012,PIA,IL,AGL,CE,Combined TRACON& Tower with Radar,7,37,10,4,58,0,7,11,0,18,7,44,21,4,76,16,0,16,92
12/28/2012,PIA,IL,AGL,CE,Combined TRACON& Tower with Radar,12,35,7,0,54,0,4,4,0,8,12,39,11,0,62,0,0,0,62
12/29/2012,PIA,IL,AGL,CE,Combined TRACON& Tower with Radar,7,26,1,0,34,0,0,4,0,4,7,26,5,0,38,0,0,0,38
12/30/2012,PIA,IL,AGL,CE,Combined TRACON& Tower with Radar,4,26,13,0,43,0,4,27,0,31,4,30,40,0,74,16,0,16,90
12/31/2012,PIA,IL,AGL,CE,Combined TRACON& Tower with Radar,7,26,1,0,34,0,1,4,0,5,7,27,5,0,39,0,12,12,51
01/01/2013,PIA,IL,AGL,CE,Combined TRACON& Tower with Radar,2,23,3,0,28,0,6,25,0,31,2,29,28,0,59,8,0,8,67
01/02/2013,PIA,IL,AGL,CE,Combined TRACON& Tower with Radar,6,34,10,10,60,0,4,14,15,33,6,38,24,25,93,0,18,18,111
01/03/2013,PIA,IL,AGL,CE,Combined TRACON& Tower with Radar,12,37,12,4,65,0,2,7,13,22,12,39,19,17,87,0,6,6,93
01/04/2013,PIA,IL,AGL,CE,Combined TRACON& Tower with Radar,11,41,9,14,75,0,5,8,17,30,11,46,17,31,105,0,18,18,123
01/05/2013,PIA,IL,AGL,CE,Combined TRACON& Tower with Radar,2,26,6,2,36,0,2,9,6,17,2,28,15,8,53,8,8,16,69
01/06/2013,PIA,IL,AGL,CE,Combined TRACON& Tower with Radar,4,36,6,1,47,0,4,11,5,20,4,40,17,6,67,40,12,52,119
01/07/2013,PIA,IL,AGL,CE,Combined TRACON& Tower with Radar,7,43,11,3,64,0,3,21,12,36,7,46,32,15,100,24,20,44,144
01/08/2013,PIA,IL,AGL,CE,Combined TRACON& Tower with Radar,6,38,7,15,66,0,4,11,11,26,6,42,18,26,92,0,60,60,152
01/09/2013,PIA,IL,AGL,CE,Combined TRACON& Tower with Radar,5,38,20,23,86,0,2,20,8,30,5,40,40,31,116,10,50,60,176
01/10/2013,PIA,IL,AGL,CE,Combined TRACON& Tower with Radar,9,50,18,4,81,0,1,0,2,3,9,51,18,6,84,0,4,4,88
01/11/2013,PIA,IL,AGL,CE,Combined TRACON& Tower with Radar,12,44,13,14,83,0,1,7,0,8,12,45,20,14,91,6,16,22,113
01/12/2013,PIA,IL,AGL,CE,Combined TRACON& Tower with Radar,2,30,7,0,39,0,3,13,0,16,2,33,20,0,55,36,0,36,91
01/13/2013,PIA,IL,AGL,CE,Combined TRACON& Tower with Radar,4,32,5,1,42,0,3,2,0,5,4,35,7,1,47,0,0,0,47
01/14/2013,PIA,IL,AGL,CE,Combined TRACON& Tower with Radar,6,34,9,5,54,0,2,10,4,16,6,36,19,9,70,4,4,8,78
01/15/2013,PIA,IL,AGL,CE,Combined TRACON& Tower with Radar,5,40,10,4,59,0,2,14,11,27,5,42,24,15,86,4,18,22,108
01/16/2013,PIA,IL,AGL,CE,Combined TRACON& Tower with Radar,6,40,20,4,70,0,1,19,10,30,6,41,39,14,100,8,38,46,146
01/17/2013,PIA,IL,AGL,CE,Combined TRACON& Tower with Radar,10,37,23,10,80,0,1,19,13,33,10,38,42,23,113,14,18,32,145
01/18/2013,PIA,IL,AGL,CE,Combined TRACON& Tower with Radar,11,36,20,0,67,0,2,6,0,8,11,38,26,0,75,0,0,0,75
01/19/2013,PIA,IL,AGL,CE,Combined TRACON& Tower with Radar,2,26,4,1,33,0,2,11,0,13,2,28,15,1,46,0,0,0,46
01/20/2013,PIA,IL,AGL,CE,Combined TRACON& Tower with Radar,4,37,6,0,47,0,1,9,0,10,4,38,15,0,57,0,0,0,57
01/21/2013,PIA,IL,AGL,CE,Combined TRACON& Tower with Radar,7,37,12,0,56,0,2,5,0,7,7,39,17,0,63,0,0,0,63
01/22/2013,PIA,IL,AGL,CE,Combined TRACON& Tower with Radar,7,39,16,2,64,0,1,16,17,34,7,40,32,19,98,12,44,56,154
01/23/2013,PIA,IL,AGL,CE,Combined TRACON& Tower with Radar,7,41,17,17,82,0,3,9,6,18,7,44,26,23,100,16,24,40,140
01/24/2013,PIA,IL,AGL,CE,Combined TRACON& Tower with Radar,10,39,18,13,80,0,2,17,6,25,10,41,35,19,105,24,14,38,143
01/25/2013,PIA,IL,AGL,CE,Combined TRACON& Tower with Radar,12,45,23,7,87,0,3,20,8,31,12,48,43,15,118,0,8,8,126
01/26/2013,PIA,IL,AGL,CE,Combined TRACON& Tower with Radar,2,25,14,0,41,0,2,31,1,34,2,27,45,1,75,38,0,38,113
01/27/2013,PIA,IL,AGL,CE,Combined TRACON& Tower with Radar,4,34,2,0,40,0,2,5,0,7,4,36,7,0,47,0,0,0,47
01/28/2013,PIA,IL,AGL,CE,Combined TRACON& Tower with Radar,5,24,9,2,40,0,0,0,0,0,5,24,9,2,40,0,0,0,40
01/29/2013,PIA,IL,AGL,CE,Combined TRACON& Tower with Radar,12,31,11,1,55,0,0,0,0,0,12,31,11,1,55,0,0,0,55
01/30/2013,PIA,IL,AGL,CE,Combined TRACON& Tower with Radar,6,34,17,1,58,0,0,1,0,1,6,34,18,1,59,0,0,0,59
01/31/2013,PIA,IL,AGL,CE,Combined TRACON& Tower with Radar,9,35,31,14,89,0,2,10,3,15,9,37,41,17,104,0,0,0,104
02/01/2013,PIA,IL,AGL,CE,Combined TRACON& Tower with Radar,11,39,7,5,62,0,2,9,0,11,11,41,16,5,73,0,0,0,73
02/02/2013,PIA,IL,AGL,CE,Combined TRACON& Tower with Radar,5,28,4,6,43,0,1,0,2,3,5,29,4,8,46,40,0,40,86
02/03/2013,PIA,IL,AGL,CE,Combined TRACON& Tower with Radar,4,28,15,4,51,0,1,4,2,7,4,29,19,6,58,0,0,0,58
02/04/2013,PIA,IL,AGL,CE,Combined TRACON& Tower with Radar,6,33,16,4,59,0,4,14,4,22,6,37,30,8,81,0,16,16,97
02/05/2013,PIA,IL,AGL,CE,Combined TRACON& Tower with Radar,6,41,9,10,66,0,3,3,10,16,6,44,12,20,82,0,52,52,134
02/06/2013,PIA,IL,AGL,CE,Combined TRACON& Tower with Radar,6,49,26,5,86,0,3,25,6,34,6,52,51,11,120,18,42,60,180
02/07/2013,PIA,IL,AGL,CE,Combined TRACON& Tower with Radar,10,35,19,12,76,0,0,1,0,1,10,35,20,12,77,0,0,0,77
02/08/2013,PIA,IL,AGL,CE,Combined TRACON& Tower with Radar,10,40,11,0,61,0,0,9,0,9,10,40,20,0,70,0,0,0,70
02/09/2013,PIA,IL,AGL,CE,Combined TRACON& Tower with Radar,3,25,11,2,41,0,2,12,0,14,3,27,23,2,55,12,0,12,67
02/10/2013,PIA,IL,AGL,CE,Combined TRACON& Tower with Radar,4,33,4,0,41,0,0,1,0,1,4,33,5,0,42,0,0,0,42
02/11/2013,PIA,IL,AGL,CE,Combined TRACON& Tower with Radar,7,42,20,3,72,0,0,12,3,15,7,42,32,6,87,12,10,22,109
02/12/2013,PIA,IL,AGL,CE,Combined TRACON& Tower with Radar,6,46,40,2,94,0,2,31,7,40,6,48,71,9,134,18,14,32,166
02/13/2013,PIA,IL,AGL,CE,Combined TRACON& Tower with Radar,12,48,29,11,100,0,3,17,5,25,12,51,46,16,125,8,34,42,167
02/14/2013,PIA,IL,AGL,CE,Combined TRACON& Tower with Radar,10,40,24,4,78,0,5,9,0,14,10,45,33,4,92,0,16,16,108
02/15/2013,PIA,IL,AGL,CE,Combined TRACON& Tower with Radar,13,38,17,2,70,0,1,19,0,20,13,39,36,2,90,0,0,0,90
02/16/2013,PIA,IL,AGL,CE,Combined TRACON& Tower with Radar,3,32,8,0,43,0,3,22,0,25,3,35,30,0,68,16,0,16,84
02/17/2013,PIA,IL,AGL,CE,Combined TRACON& Tower with Radar,4,33,31,0,68,0,4,26,0,30,4,37,57,0,98,32,0,32,130
02/18/2013,PIA,IL,AGL,CE,Combined TRACON& Tower with Radar,8,36,7,0,51,0,1,3,0,4,8,37,10,0,55,0,0,0,55
02/19/2013,PIA,IL,AGL,CE,Combined TRACON& Tower with Radar,6,40,13,11,70,0,4,2,1,7,6,44,15,12,77,0,16,16,93
02/20/2013,PIA,IL,AGL,CE,Combined TRACON& Tower with Radar,10,45,15,10,80,0,6,24,6,36,10,51,39,16,116,26,44,70,186
02/21/2013,PIA,IL,AGL,CE,Combined TRACON& Tower with Radar,9,34,12,4,59,0,2,4,2,8,9,36,16,6,67,2,0,2,69
02/22/2013,PIA,IL,AGL,CE,Combined TRACON& Tower with Radar,12,44,18,4,78,0,2,4,0,6,12,46,22,4,84,0,0,0,84
02/23/2013,PIA,IL,AGL,CE,Combined TRACON& Tower with Radar,2,32,5,4,43,0,3,9,4,16,2,35,14,8,59,16,0,16,75
02/24/2013,PIA,IL,AGL,CE,Combined TRACON& Tower with Radar,4,38,11,10,63,0,2,17,2,21,4,40,28,12,84,22,26,48,132
02/25/2013,PIA,IL,AGL,CE,Combined TRACON& Tower with Radar,7,39,24,9,79,0,1,18,9,28,7,40,42,18,107,0,20,20,127
02/26/2013,PIA,IL,AGL,CE,Combined TRACON& Tower with Radar,9,25,8,0,42,0,0,0,0,0,9,25,8,0,42,0,0,0,42
02/27/2013,PIA,IL,AGL,CE,Combined TRACON& Tower with Radar,13,43,13,0,69,0,0,0,0,0,13,43,13,0,69,0,0,0,69
02/28/2013,PIA,IL,AGL,CE,Combined TRACON& Tower with Radar,9,44,12,0,65,0,2,2,0,4,9,46,14,0,69,0,0,0,69
03/01/2013,PIA,IL,AGL,CE,Combined TRACON& Tower with Radar,14,41,38,0,93,0,2,23,0,25,14,43,61,0,118,0,0,0,118
03/02/2013,PIA,IL,AGL,CE,Combined TRACON& Tower with Radar,2,32,9,0,43,0,2,12,0,14,2,34,21,0,57,0,0,0,57
03/03/2013,PIA,IL,AGL,CE,Combined TRACON& Tower with Radar,4,43,23,0,70,0,0,34,0,34,4,43,57,0,104,28,0,28,132
03/04/2013,PIA,IL,AGL,CE,Combined TRACON& Tower with Radar,8,40,12,0,60,0,2,9,0,11,8,42,21,0,71,0,0,0,71
03/05/2013,PIA,IL,AGL,CE,Combined TRACON& Tower with Radar,6,31,19,2,58,0,1,1,0,2,6,32,20,2,60,0,0,0,60
03/06/2013,PIA,IL,AGL,CE,Combined TRACON& Tower with Radar,8,49,21,7,85,0,2,5,0,7,8,51,26,7,92,4,8,12,104
03/07/2013,PIA,IL,AGL,CE,Combined TRACON& Tower with Radar,12,44,26,12,94,0,1,33,0,34,12,45,59,12,128,0,28,28,156
03/08/2013,PIA,IL,AGL,CE,Combined TRACON& Tower with Radar,11,45,22,1,79,0,4,27,0,31,11,49,49,1,110,0,8,8,118
03/09/2013,PIA,IL,AGL,CE,Combined TRACON& Tower with Radar,8,32,9,2,51,0,0,9,0,9,8,32,18,2,60,14,0,14,74
03/10/2013,PIA,IL,AGL,CE,Combined TRACON& Tower with Radar,8,38,25,0,71,0,1,0,0,1,8,39,25,0,72,0,0,0,72
03/11/2013,PIA,IL,AGL,CE,Combined TRACON& Tower with Radar,7,37,20,2,66,0,0,0,0,0,7,37,20,2,66,0,0,0,66
03/12/2013,PIA,IL,AGL,CE,Combined TRACON& Tower with Radar,6,43,28,6,83,0,0,14,3,17,6,43,42,9,100,0,8,8,108
03/13/2013,PIA,IL,AGL,CE,Combined TRACON& Tower with Radar,8,45,33,1,87,0,2,27,1,30,8,47,60,2,117,8,0,8,125
03/14/2013,PIA,IL,AGL,CE,Combined TRACON& Tower with Radar,12,39,27,9,87,0,4,17,0,21,12,43,44,9,108,0,16,16,124
03/15/2013,PIA,IL,AGL,CE,Combined TRACON& Tower with Radar,13,39,33,2,87,0,4,12,0,16,13,43,45,2,103,0,0,0,103
03/16/2013,PIA,IL,AGL,CE,Combined TRACON& Tower with Radar,6,33,21,0,60,0,2,12,0,14,6,35,33,0,74,0,0,0,74
03/17/2013,PIA,IL,AGL,CE,Combined TRACON& Tower with Radar,6,41,9,0,56,0,3,10,0,13,6,44,19,0,69,0,0,0,69
03/18/2013,PIA,IL,AGL,CE,Combined TRACON& Tower with Radar,11,40,17,0,68,0,0,2,0,2,11,40,19,0,70,0,0,0,70
03/19/2013,PIA,IL,AGL,CE,Combined TRACON& Tower with Radar,6,43,27,5,81,0,5,21,3,29,6,48,48,8,110,4,0,4,114
03/20/2013,PIA,IL,AGL,CE,Combined TRACON& Tower with Radar,8,40,21,6,75,0,2,18,37,57,8,42,39,43,132,0,0,0,132
03/21/2013,PIA,IL,AGL,CE,Combined TRACON& Tower with Radar,12,48,14,11,85,0,3,24,5,32,12,51,38,16,117,44,12,56,173
03/22/2013,PIA,IL,AGL,CE,Combined TRACON& Tower with Radar,13,44,23,0,80,0,3,23,0,26,13,47,46,0,106,8,0,8,114
03/23/2013,PIA,IL,AGL,CE,Combined TRACON& Tower with Radar,8,30,23,0,61,0,2,30,0,32,8,32,53,0,93,32,0,32,125
03/24/2013,PIA,IL,AGL,CE,Combined TRACON& Tower with Radar,6,34,6,0,46,0,0,0,0,0,6,34,6,0,46,0,0,0,46
03/25/2013,PIA,IL,AGL,CE,Combined TRACON& Tower with Radar,7,40,17,0,64,0,0,5,0,5,7,40,22,0,69,0,0,0,69
03/26/2013,PIA,IL,AGL,CE,Combined TRACON& Tower with Radar,6,41,16,5,68,0,5,24,10,39,6,46,40,15,107,22,40,62,169
03/27/2013,PIA,IL,AGL,CE,Combined TRACON& Tower with Radar,10,45,27,8,90,0,2,20,14,36,10,47,47,22,126,0,48,48,174
03/28/2013,PIA,IL,AGL,CE,Combined TRACON& Tower with Radar,10,40,23,8,81,0,0,36,6,42,10,40,59,14,123,36,48,84,207
03/29/2013,PIA,IL,AGL,CE,Combined TRACON& Tower with Radar,13,37,11,0,61,0,5,20,0,25,13,42,31,0,86,40,0,40,126
03/30/2013,PIA,IL,AGL,CE,Combined TRACON& Tower with Radar,8,30,5,0,43,0,1,12,1,14,8,31,17,1,57,28,0,28,85
03/31/2013,PIA,IL,AGL,CE,Combined TRACON& Tower with Radar,2,35,4,0,41,0,2,4,0,6,2,37,8,0,47,0,0,0,47
04/01/2013,PIA,IL,AGL,CE,Combined TRACON& Tower with Radar,9,38,14,1,62,0,4,28,5,37,9,42,42,6,99,16,16,32,131
04/02/2013,PIA,IL,AGL,CE,Combined TRACON& Tower with Radar,6,48,24,2,80,0,5,27,32,64,6,53,51,34,144,24,8,32,176
04/03/2013,PIA,IL,AGL,CE,Combined TRACON& Tower with Radar,10,43,20,6,79,0,3,27,10,40,10,46,47,16,119,40,76,116,235
04/04/2013,PIA,IL,AGL,CE,Combined TRACON& Tower with Radar,10,50,20,8,88,0,2,21,4,27,10,52,41,12,115,40,28,68,183
04/05/2013,PIA,IL,AGL,CE,Combined TRACON& Tower with Radar,11,43,15,0,69,0,1,32,2,35,11,44,47,2,104,8,0,8,112
04/06/2013,PIA,IL,AGL,CE,Combined TRACON& Tower with Radar,6,34,5,0,45,0,2,7,2,11,6,36,12,2,56,4,0,4,60
04/07/2013,PIA,IL,AGL,CE,Combined TRACON& Tower with Radar,4,42,17,0,63,0,4,33,0,37,4,46,50,0,100,6,0,6,106
04/08/2013,PIA,IL,AGL,CE,Combined TRACON& Tower with Radar,7,38,19,0,64,0,2,9,6,17,7,40,28,6,81,0,30,30,111
04/09/2013,PIA,IL,AGL,CE,Combined TRACON& Tower with Radar,8,45,27,6,86,0,1,6,5,12,8,46,33,11,98,2,20,22,120
04/10/2013,PIA,IL,AGL,CE,Combined TRACON& Tower with Radar,12,36,17,0,65,0,0,0,0,0,12,36,17,0,65,0,0,0,65
04/11/2013,PIA,IL,AGL,CE,Combined TRACON& Tower with Radar,10,39,25,4,78,0,0,3,0,3,10,39,28,4,81,0,0,0,81
04/12/2013,PIA,IL,AGL,CE,Combined TRACON& Tower with Radar,13,46,11,1,71,0,2,2,1,5,13,48,13,2,76,0,0,0,76
04/13/2013,PIA,IL,AGL,CE,Combined TRACON& Tower with Radar,2,29,7,1,39,0,6,13,2,21,2,35,20,3,60,0,0,0,60
04/14/2013,PIA,IL,AGL,CE,Combined TRACON& Tower with Radar,6,38,15,0,59,0,2,9,1,12,6,40,24,1,71,0,0,0,71
04/15/2013,PIA,IL,AGL,CE,Combined TRACON& Tower with Radar,7,40,18,3,68,0,1,6,20,27,7,41,24,23,95,0,10,10,105
04/16/2013,PIA,IL,AGL,CE,Combined TRACON& Tower with Radar,6,44,21,2,73,0,1,13,48,62,6,45,34,50,135,0,30,30,165
04/17/2013,PIA,IL,AGL,CE,Combined TRACON& Tower with Radar,10,37,17,8,72,0,0,2,0,2,10,37,19,8,74,0,0,0,74
04/18/2013,PIA,IL,AGL,CE,Combined TRACON& Tower with Radar,14,32,15,0,61,0,0,1,0,1,14,32,16,0,62,0,0,0,62
04/19/2013,PIA,IL,AGL,CE,Combined TRACON& Tower with Radar,11,39,14,11,75,0,3,5,1,9,11,42,19,12,84,4,36,40,124
04/20/2013,PIA,IL,AGL,CE,Combined TRACON& Tower with Radar,2,29,21,0,52,0,3,33,1,37,2,32,54,1,89,14,0,14,103
04/21/2013,PIA,IL,AGL,CE,Combined TRACON& Tower with Radar,4,40,16,0,60,0,1,34,0,35,4,41,50,0,95,42,0,42,137
04/22/2013,PIA,IL,AGL,CE,Combined TRACON& Tower with Radar,9,36,16,4,65,0,0,19,3,22,9,36,35,7,87,6,4,10,97
04/23/2013,PIA,IL,AGL,CE,Combined TRACON& Tower with Radar,6,50,22,24,102,0,0,2,0,2,6,50,24,24,104,0,4,4,108
04/24/2013,PIA,IL,AGL,CE,Combined TRACON& Tower with Radar,10,46,20,14,90,0,2,19,3,24,10,48,39,17,114,4,58,62,176
04/25/2013,PIA,IL,AGL,CE,Combined TRACON& Tower with Radar,13,46,26,23,108,0,1,28,1,30,13,47,54,24,138,36,56,92,230
04/26/2013,PIA,IL,AGL,CE,Combined TRACON& Tower with Radar,12,42,21,1,76,0,3,6,0,9,12,45,27,1,85,0,0,0,85
04/27/2013,PIA,IL,AGL,CE,Combined TRACON& Tower with Radar,2,28,17,1,48,0,0,18,0,18,2,28,35,1,66,44,0,44,110
04/28/2013,PIA,IL,AGL,CE,Combined TRACON& Tower with Radar,4,40,19,0,63,0,3,10,0,13,4,43,29,0,76,0,0,0,76
04/29/2013,PIA,IL,AGL,CE,Combined TRACON& Tower with Radar,7,41,17,7,72,0,2,9,5,16,7,43,26,12,88,4,0,4,92
04/30/2013,PIA,IL,AGL,CE,Combined TRACON& Tower with Radar,8,45,15,15,83,0,4,11,7,22,8,49,26,22,105,0,18,18,123
05/01/2013,PIA,IL,AGL,CE,Combined TRACON& Tower with Radar,8,42,25,4,79,0,2,23,6,31,8,44,48,10,110,64,0,64,174
05/02/2013,PIA,IL,AGL,CE,Combined TRACON& Tower with Radar,10,52,11,9,82,0,2,10,5,17,10,54,21,14,99,0,0,0,99
05/03/2013,PIA,IL,AGL,CE,Combined TRACON& Tower with Radar,12,33,8,8,61,0,0,0,0,0,12,33,8,8,61,0,0,0,61
05/04/2013,PIA,IL,AGL,CE,Combined TRACON& Tower with Radar,1,26,14,6,47,0,0,2,0,2,1,26,16,6,49,0,0,0,49
05/05/2013,PIA,IL,AGL,CE,Combined TRACON& Tower with Radar,4,35,21,16,76,0,1,7,7,15,4,36,28,23,91,0,42,42,133
05/06/2013,PIA,IL,AGL,CE,Combined TRACON& Tower with Radar,6,40,21,7,74,0,9,21,5,35,6,49,42,12,109,10,62,72,181
05/07/2013,PIA,IL,AGL,CE,Combined TRACON& Tower with Radar,6,46,28,3,83,0,5,27,7,39,6,51,55,10,122,22,20,42,164
05/08/2013,PIA,IL,AGL,CE,Combined TRACON& Tower with Radar,6,42,16,7,71,0,3,15,9,27,6,45,31,16,98,0,36,36,134
05/09/2013,PIA,IL,AGL,CE,Combined TRACON& Tower with Radar,8,42,21,8,79,0,1,2,6,9,8,43,23,14,88,0,34,34,122
05/10/2013,PIA,IL,AGL,CE,Combined TRACON& Tower with Radar,8,42,16,9,75,0,1,1,0,2,8,43,17,9,77,26,0,26,103
05/11/2013,PIA,IL,AGL,CE,Combined TRACON& Tower with Radar,1,31,12,1,45,0,3,12,3,18,1,34,24,4,63,0,0,0,63
05/12/2013,PIA,IL,AGL,CE,Combined TRACON& Tower with Radar,4,36,15,0,55,0,1,19,0,20,4,37,34,0,75,0,0,0,75
05/13/2013,PIA,IL,AGL,CE,Combined TRACON& Tower with Radar,7,47,19,3,76,0,4,18,5,27,7,51,37,8,103,0,20,20,123
05/14/2013,PIA,IL,AGL,CE,Combined TRACON& Tower with Radar,8,43,16,7,74,0,4,24,10,38,8,47,40,17,112,80,36,116,228
05/15/2013,PIA,IL,AGL,CE,Combined TRACON& Tower with Radar,8,43,27,18,96,0,1,20,17,38,8,44,47,35,134,12,64,76,210
05/16/2013,PIA,IL,AGL,CE,Combined TRACON& Tower with Radar,10,46,15,6,77,0,1,16,5,22,10,47,31,11,99,0,10,10,109
05/17/2013,PIA,IL,AGL,CE,Combined TRACON& Tower with Radar,12,41,8,3,64,0,4,8,1,13,12,45,16,4,77,6,0,6,83
05/18/2013,PIA,IL,AGL,CE,Combined TRACON& Tower with Radar,3,28,22,0,53,0,2,12,0,14,3,30,34,0,67,0,0,0,67
05/19/2013,PIA,IL,AGL,CE,Combined TRACON& Tower with Radar,3,37,10,1,51,0,5,14,0,19,3,42,24,1,70,18,0,18,88
05/20/2013,PIA,IL,AGL,CE,Combined TRACON& Tower with Radar,10,33,18,3,64,0,2,3,7,12,10,35,21,10,76,0,8,8,84
05/21/2013,PIA,IL,AGL,CE,Combined TRACON& Tower with Radar,6,45,16,2,69,0,4,23,4,31,6,49,39,6,100,12,0,12,112
05/22/2013,PIA,IL,AGL,CE,Combined TRACON& Tower with Radar,12,48,23,1,84,0,3,14,11,28,12,51,37,12,112,4,16,20,132
05/23/2013,PIA,IL,AGL,CE,Combined TRACON& Tower with Radar,10,42,18,9,79,0,6,11,0,17,10,48,29,9,96,4,0,4,100
05/24/2013,PIA,IL,AGL,CE,Combined TRACON& Tower with Radar,12,40,20,0,72,0,4,32,0,36,12,44,52,0,108,4,0,4,112
05/25/2013,PIA,IL,AGL,CE,Combined TRACON& Tower with Radar,1,33,7,0,41,0,1,21,0,22,1,34,28,0,63,0,0,0,63
05/26/2013,PIA,IL,AGL,CE,Combined TRACON& Tower with Radar,4,22,8,0,34,0,0,0,0,0,4,22,8,0,34,0,0,0,34
05/27/2013,PIA,IL,AGL,CE,Combined TRACON& Tower with Radar,6,40,10,0,56,0,0,2,0,2,6,40,12,0,58,0,0,0,58
05/28/2013,PIA,IL,AGL,CE,Combined TRACON& Tower with Radar,3,41,23,7,74,0,2,3,5,10,3,43,26,12,84,0,20,20,104
05/29/2013,PIA,IL,AGL,CE,Combined TRACON& Tower with Radar,8,40,31,2,81,0,1,29,11,41,8,41,60,13,122,24,4,28,150
05/30/2013,PIA,IL,AGL,CE,Combined TRACON& Tower with Radar,9,33,20,3,65,0,2,4,8,14,9,35,24,11,79,0,2,2,81
05/31/2013,PIA,IL,AGL,CE,Combined TRACON& Tower with Radar,13,48,10,4,75,0,1,5,4,10,13,49,15,8,85,0,42,42,127
06/01/2013,PIA,IL,AGL,CE,Combined TRACON& Tower with Radar,1,29,8,0,38,0,1,3,0,4,1,30,11,0,42,0,0,0,42
06/02/2013,PIA,IL,AGL,CE,Combined TRACON& Tower with Radar,4,40,16,4,64,0,0,9,3,12,4,40,25,7,76,6,0,6,82
06/03/2013,PIA,IL,AGL,CE,Combined TRACON& Tower with Radar,9,42,17,1,69,0,3,28,1,32,9,45,45,2,101,6,12,18,119
06/04/2013,PIA,IL,AGL,CE,Combined TRACON& Tower with Radar,11,42,28,7,88,0,3,24,12,39,11,45,52,19,127,46,30,76,203
06/05/2013,PIA,IL,AGL,CE,Combined TRACON& Tower with Radar,6,38,25,16,85,0,4,8,12,24,6,42,33,28,109,12,68,80,189
06/06/2013,PIA,IL,AGL,CE,Combined TRACON& Tower with Radar,11,49,22,4,86,0,1,14,2,17,11,50,36,6,103,0,28,28,131
06/07/2013,PIA,IL,AGL,CE,Combined TRACON& Tower with Radar,12,39,20,2,73,0,3,13,0,16,12,42,33,2,89,8,0,8,97
06/08/2013,PIA,IL,AGL,CE,Combined TRACON& Tower with Radar,3,31,14,0,48,0,2,18,0,20,3,33,32,0,68,28,0,28,96
06/09/2013,PIA,IL,AGL,CE,Combined TRACON& Tower with Radar,6,37,8,0,51,0,1,4,0,5,6,38,12,0,56,0,0,0,56
06/10/2013,PIA,IL,AGL,CE,Combined TRACON& Tower with Radar,9,40,23,4,76,0,1,16,1,18,9,41,39,5,94,6,6,12,106
06/11/2013,PIA,IL,AGL,CE,Combined TRACON& Tower with Radar,10,42,29,3,84,0,1,19,0,20,10,43,48,3,104,18,0,18,122
06/12/2013,PIA,IL,AGL,CE,Combined TRACON& Tower with Radar,7,50,22,4,83,0,2,10,1,13,7,52,32,5,96,0,0,0,96
06/13/2013,PIA,IL,AGL,CE,Combined TRACON& Tower with Radar,10,39,28,3,80,0,1,23,0,24,10,40,51,3,104,34,0,34,138
06/14/2013,PIA,IL,AGL,CE,Combined TRACON& Tower with Radar,12,47,13,4,76,0,2,22,3,27,12,49,35,7,103,0,18,18,121
06/15/2013,PIA,IL,AGL,CE,Combined TRACON& Tower with Radar,3,33,9,0,45,0,1,10,0,11,3,34,19,0,56,0,0,0,56
06/16/2013,PIA,IL,AGL,CE,Combined TRACON& Tower with Radar,4,40,11,0,55,0,1,13,0,14,4,41,24,0,69,6,0,6,75
06/17/2013,PIA,IL,AGL,CE,Combined TRACON& Tower with Radar,9,42,18,6,75,0,3,8,10,21,9,45,26,16,96,22,22,44,140
06/18/2013,PIA,IL,AGL,CE,Combined TRACON& Tower with Radar,8,41,28,6,83,0,2,18,2,22,8,43,46,8,105,106,22,128,233
06/19/2013,PIA,IL,AGL,CE,Combined TRACON& Tower with Radar,6,46,33,8,93,0,3,45,4,52,6,49,78,12,145,42,20,62,207
06/20/2013,PIA,IL,AGL,CE,Combined TRACON& Tower with Radar,10,42,31,4,87,0,2,32,0,34,10,44,63,4,121,12,0,12,133
06/21/2013,PIA,IL,AGL,CE,Combined TRACON& Tower with Radar,14,42,13,1,70,0,4,18,0,22,14,46,31,1,92,22,0,22,114
06/22/2013,PIA,IL,AGL,CE,Combined TRACON& Tower with Radar,1,31,19,2,53,0,1,17,0,18,1,32,36,2,71,44,0,44,115
06/23/2013,PIA,IL,AGL,CE,Combined TRACON& Tower with Radar,4,40,10,2,56,0,2,16,0,18,4,42,26,2,74,16,0,16,90
06/24/2013,PIA,IL,AGL,CE,Combined TRACON& Tower with Radar,9,37,20,12,78,0,2,14,0,16,9,39,34,12,94,0,24,24,118
06/25/2013,PIA,IL,AGL,CE,Combined TRACON& Tower with Radar,8,36,22,6,72,0,2,16,5,23,8,38,38,11,95,0,32,32,127
06/26/2013,PIA,IL,AGL,CE,Combined TRACON& Tower with Radar,6,37,18,2,63,0,2,5,20,27,6,39,23,22,90,8,28,36,126
06/27/2013,PIA,IL,AGL,CE,Combined TRACON& Tower with Radar,9,40,26,5,80,0,2,24,9,35,9,42,50,14,115,28,56,84,199
06/28/2013,PIA,IL,AGL,CE,Combined TRACON& Tower with Radar,12,30,26,3,71,0,3,24,1,28,12,33,50,4,99,14,0,14,113
06/29/2013,PIA,IL,AGL,CE,Combined TRACON& Tower with Radar,1,32,11,1,45,0,3,6,0,9,1,35,17,1,54,0,0,0,54
06/30/2013,PIA,IL,AGL,CE,Combined TRACON& Tower with Radar,4,36,20,0,60,0,4,22,0,26,4,40,42,0,86,8,0,8,94
07/01/2013,PIA,IL,AGL,CE,Combined TRACON& Tower with Radar,9,41,14,3,67,0,2,10,5,17,9,43,24,8,84,4,24,28,112
07/02/2013,PIA,IL,AGL,CE,Combined TRACON& Tower with Radar,8,39,13,2,62,0,6,30,9,45,8,45,43,11,107,98,24,122,229
07/03/2013,PIA,IL,AGL,CE,Combined TRACON& Tower with Radar,6,41,15,14,76,0,3,10,0,13,6,44,25,14,89,20,28,48,137
07/04/2013,PIA,IL,AGL,CE,Combined TRACON& Tower with Radar,4,29,7,0,40,0,2,28,0,30,4,31,35,0,70,18,0,18,88
07/05/2013,PIA,IL,AGL,CE,Combined TRACON& Tower with Radar,13,28,12,0,53,0,10,17,0,27,13,38,29,0,80,18,0,18,98
07/06/2013,PIA,IL,AGL,CE,Combined TRACON& Tower with Radar,2,32,5,0,39,0,6,21,0,27,2,38,26,0,66,14,0,14,80
07/07/2013,PIA,IL,AGL,CE,Combined TRACON& Tower with Radar,4,37,12,0,53,0,3,17,0,20,4,40,29,0,73,0,0,0,73
07/08/2013,PIA,IL,AGL,CE,Combined TRACON& Tower with Radar,9,44,9,0,62,0,1,12,0,13,9,45,21,0,75,12,0,12,87
07/09/2013,PIA,IL,AGL,CE,Combined TRACON& Tower with Radar,8,37,16,5,66,0,6,12,6,24,8,43,28,11,90,30,0,30,120
07/10/2013,PIA,IL,AGL,CE,Combined TRACON& Tower with Radar,6,41,25,19,91,0,4,23,12,39,6,45,48,31,130,10,56,66,196
07/11/2013,PIA,IL,AGL,CE,Combined TRACON& Tower with Radar,10,43,33,15,101,0,1,37,7,45,10,44,70,22,146,24,24,48,194
07/12/2013,PIA,IL,AGL,CE,Combined TRACON& Tower with Radar,10,40,16,5,71,0,7,32,0,39,10,47,48,5,110,2,0,2,112
07/13/2013,PIA,IL,AGL,CE,Combined TRACON& Tower with Radar,5,38,11,0,54,0,3,34,0,37,5,41,45,0,91,48,0,48,139
07/14/2013,PIA,IL,AGL,CE,Combined TRACON& Tower with Radar,4,36,10,2,52,0,9,32,0,41,4,45,42,2,93,60,12,72,165
07/15/2013,PIA,IL,AGL,CE,Combined TRACON& Tower with Radar,9,43,16,4,72,0,3,14,5,22,9,46,30,9,94,8,28,36,130
07/16/2013,PIA,IL,AGL,CE,Combined TRACON& Tower with Radar,10,48,14,3,75,0,4,16,4,24,10,52,30,7,99,2,0,2,101
07/17/2013,PIA,IL,AGL,CE,Combined TRACON& Tower with Radar,5,47,24,3,79,0,2,28,9,39,5,49,52,12,118,28,8,36,154
07/18/2013,PIA,IL,AGL,CE,Combined TRACON& Tower with Radar,11,42,20,2,75,0,4,29,1,34,11,46,49,3,109,0,0,0,109
07/19/2013,PIA,IL,AGL,CE,Combined TRACON& Tower with Radar,14,41,15,2,72,0,4,13,0,17,14,45,28,2,89,0,0,0,89
07/20/2013,PIA,IL,AGL,CE,Combined TRACON& Tower with Radar,5,31,14,5,55,0,4,35,0,39,5,35,49,5,94,22,2,24,118
07/21/2013,PIA,IL,AGL,CE,Combined TRACON& Tower with Radar,4,33,11,1,49,0,2,11,0,13,4,35,22,1,62,0,0,0,62
07/22/2013,PIA,IL,AGL,CE,Combined TRACON& Tower with Radar,9,43,24,3,79,0,0,17,5,22,9,43,41,8,101,28,14,42,143
07/23/2013,PIA,IL,AGL,CE,Combined TRACON& Tower with Radar,8,39,25,2,74,0,5,10,25,40,8,44,35,27,114,16,6,22,136
07/24/2013,PIA,IL,AGL,CE,Combined TRACON& Tower with Radar,6,44,19,23,92,0,3,28,8,39,6,47,47,31,131,36,54,90,221
07/25/2013,PIA,IL,AGL,CE,Combined TRACON& Tower with Radar,9,47,27,4,87,0,4,23,6,33,9,51,50,10,120,42,12,54,174
07/26/2013,PIA,IL,AGL,CE,Combined TRACON& Tower with Radar,12,39,20,0,71,0,1,2,0,3,12,40,22,0,74,0,0,0,74
07/27/2013,PIA,IL,AGL,CE,Combined TRACON& Tower with Radar,3,34,15,0,52,0,2,20,0,22,3,36,35,0,74,46,0,46,120
07/28/2013,PIA,IL,AGL,CE,Combined TRACON& Tower with Radar,4,38,14,2,58,0,2,20,0,22,4,40,34,2,80,48,0,48,128
07/29/2013,PIA,IL,AGL,CE,Combined TRACON& Tower with Radar,9,40,16,13,78,0,3,29,1,33,9,43,45,14,111,34,0,34,145
07/30/2013,PIA,IL,AGL,CE,Combined TRACON& Tower with Radar,8,39,14,6,67,0,1,6,0,7,8,40,20,6,74,4,0,4,78
07/31/2013,PIA,IL,AGL,CE,Combined TRACON& Tower with Radar,12,51,23,13,99,0,2,8,7,17,12,53,31,20,116,20,22,42,158
08/01/2013,PIA,IL,AGL,CE,Combined TRACON& Tower with Radar,10,44,20,1,75,0,5,24,5,34,10,49,44,6,109,34,0,34,143
08/02/2013,PIA,IL,AGL,CE,Combined TRACON& Tower with Radar,14,47,13,5,79,0,1,16,3,20,14,48,29,8,99,16,24,40,139
08/03/2013,PIA,IL,AGL,CE,Combined TRACON& Tower with Radar,1,36,10,1,48,0,5,50,4,59,1,41,60,5,107,18,2,20,127
08/04/2013,PIA,IL,AGL,CE,Combined TRACON& Tower with Radar,4,36,13,0,53,0,2,21,0,23,4,38,34,0,76,0,0,0,76
08/05/2013,PIA,IL,AGL,CE,Combined TRACON& Tower with Radar,8,38,16,4,66,0,1,13,1,15,8,39,29,5,81,12,6,18,99
08/06/2013,PIA,IL,AGL,CE,Combined TRACON& Tower with Radar,9,43,22,5,79,0,2,16,0,18,9,45,38,5,97,12,0,12,109
08/07/2013,PIA,IL,AGL,CE,Combined TRACON& Tower with Radar,6,48,20,0,74,0,2,18,50,70,6,50,38,50,144,0,0,0,144
08/08/2013,PIA,IL,AGL,CE,Combined TRACON& Tower with Radar,10,40,33,4,87,0,2,17,2,21,10,42,50,6,108,20,14,34,142
08/09/2013,PIA,IL,AGL,CE,Combined TRACON& Tower with Radar,12,41,15,2,70,0,6,23,0,29,12,47,38,2,99,2,0,2,101
08/10/2013,PIA,IL,AGL,CE,Combined TRACON& Tower with Radar,1,37,8,2,48,0,2,23,1,26,1,39,31,3,74,40,0,40,114
08/11/2013,PIA,IL,AGL,CE,Combined TRACON& Tower with Radar,5,33,23,0,61,0,2,36,0,38,5,35,59,0,99,32,0,32,131
08/12/2013,PIA,IL,AGL,CE,Combined TRACON& Tower with Radar,9,39,9,1,58,0,2,13,2,17,9,41,22,3,75,16,16,32,107
08/13/2013,PIA,IL,AGL,CE,Combined TRACON& Tower with Radar,6,45,26,6,83,0,1,15,4,20,6,46,41,10,103,28,24,52,155
08/14/2013,PIA,IL,AGL,CE,Combined TRACON& Tower with Radar,6,42,22,12,82,0,5,22,5,32,6,47,44,17,114,0,58,58,172
08/15/2013,PIA,IL,AGL,CE,Combined TRACON& Tower with Radar,10,39,6,6,61,0,3,20,6,29,10,42,26,12,90,0,24,24,114
08/16/2013,PIA,IL,AGL,CE,Combined TRACON& Tower with Radar,12,40,15,0,67,0,0,25,0,25,12,40,40,0,92,0,0,0,92
08/17/2013,PIA,IL,AGL,CE,Combined TRACON& Tower with Radar,1,36,17,4,58,0,5,12,0,17,1,41,29,4,75,10,0,10,85
08/18/2013,PIA,IL,AGL,CE,Combined TRACON& Tower with Radar,4,39,13,2,58,0,3,24,0,27,4,42,37,2,85,24,0,24,109
08/19/2013,PIA,IL,AGL,CE,Combined TRACON& Tower with Radar,9,44,21,4,78,0,3,13,7,23,9,47,34,11,101,2,30,32,133
08/20/2013,PIA,IL,AGL,CE,Combined TRACON& Tower with Radar,6,42,27,1,76,0,4,18,15,37,6,46,45,16,113,0,30,30,143
08/21/2013,PIA,IL,AGL,CE,Combined TRACON& Tower with Radar,8,40,24,3,75,0,2,22,9,33,8,42,46,12,108,16,34,50,158
08/22/2013,PIA,IL,AGL,CE,Combined TRACON& Tower with Radar,10,40,37,3,90,0,5,10,2,17,10,45,47,5,107,0,0,0,107
08/23/2013,PIA,IL,AGL,CE,Combined TRACON& Tower with Radar,12,40,31,4,87,0,3,15,3,21,12,43,46,7,108,0,0,0,108
08/24/2013,PIA,IL,AGL,CE,Combined TRACON& Tower with Radar,3,29,12,3,47,0,3,25,0,28,3,32,37,3,75,16,0,16,91
08/25/2013,PIA,IL,AGL,CE,Combined TRACON& Tower with Radar,4,34,16,0,54,0,4,26,0,30,4,38,42,0,84,8,0,8,92
08/26/2013,PIA,IL,AGL,CE,Combined TRACON& Tower with Radar,9,39,14,3,65,0,5,21,0,26,9,44,35,3,91,0,0,0,91
08/27/2013,PIA,IL,AGL,CE,Combined TRACON& Tower with Radar,6,38,13,3,60,0,2,15,4,21,6,40,28,7,81,0,16,16,97
08/28/2013,PIA,IL,AGL,CE,Combined TRACON& Tower with Radar,8,44,19,0,71,0,3,10,4,17,8,47,29,4,88,0,32,32,120
08/29/2013,PIA,IL,AGL,CE,Combined TRACON& Tower with Radar,11,46,20,6,83,0,4,10,0,14,11,50,30,6,97,28,0,28,125
08/30/2013,PIA,IL,AGL,CE,Combined TRACON& Tower with Radar,22,35,24,0,81,0,2,19,0,21,22,37,43,0,102,0,0,0,102
08/31/2013,PIA,IL,AGL,CE,Combined TRACON& Tower with Radar,2,27,8,0,37,0,3,11,0,14,2,30,19,0,51,0,0,0,51
09/01/2013,PIA,IL,AGL,CE,Combined TRACON& Tower with Radar,4,18,4,0,26,0,2,6,0,8,4,20,10,0,34,0,0,0,34
09/02/2013,PIA,IL,AGL,CE,Combined TRACON& Tower with Radar,4,36,15,0,55,0,7,36,0,43,4,43,51,0,98,24,0,24,122
09/03/2013,PIA,IL,AGL,CE,Combined TRACON& Tower with Radar,3,44,15,3,65,0,1,18,15,34,3,45,33,18,99,14,22,36,135
09/04/2013,PIA,IL,AGL,CE,Combined TRACON& Tower with Radar,6,44,17,6,73,0,4,25,26,55,6,48,42,32,128,58,0,58,186
09/05/2013,PIA,IL,AGL,CE,Combined TRACON& Tower with Radar,9,42,18,2,71,0,3,16,25,44,9,45,34,27,115,10,0,10,125
09/06/2013,PIA,IL,AGL,CE,Combined TRACON& Tower with Radar,11,40,14,5,70,0,2,23,2,27,11,42,37,7,97,6,4,10,107
09/07/2013,PIA,IL,AGL,CE,Combined TRACON& Tower with Radar,2,29,8,2,41,0,3,29,6,38,2,32,37,8,79,0,0,0,79
09/08/2013,PIA,IL,AGL,CE,Combined TRACON& Tower with Radar,4,39,7,0,50,0,2,14,2,18,4,41,21,2,68,0,0,0,68
09/09/2013,PIA,IL,AGL,CE,Combined TRACON& Tower with Radar,7,47,31,3,88,0,3,11,7,21,7,50,42,10,109,8,4,12,121
09/10/2013,PIA,IL,AGL,CE,Combined TRACON& Tower with Radar,6,36,23,2,67,0,1,10,8,19,6,37,33,10,86,0,6,6,92
09/11/2013,PIA,IL,AGL,CE,Combined TRACON& Tower with Radar,8,42,24,6,80,0,2,10,2,14,8,44,34,8,94,0,0,0,94
09/12/2013,PIA,IL,AGL,CE,Combined TRACON& Tower with Radar,10,41,26,2,79,0,4,17,1,22,10,45,43,3,101,22,0,22,123
09/13/2013,PIA,IL,AGL,CE,Combined TRACON& Tower with Radar,11,41,18,0,70,0,3,14,0,17,11,44,32,0,87,20,0,20,107
09/14/2013,PIA,IL,AGL,CE,Combined TRACON& Tower with Radar,2,27,13,0,42,0,2,30,0,32,2,29,43,0,74,16,0,16,90
09/15/2013,PIA,IL,AGL,CE,Combined TRACON& Tower with Radar,4,37,7,0,48,0,1,2,0,3,4,38,9,0,51,0,0,0,51
09/16/2013,PIA,IL,AGL,CE,Combined TRACON& Tower with Radar,7,43,18,11,79,0,1,6,33,40,7,44,24,44,119,0,0,0,119
09/17/2013,PIA,IL,AGL,CE,Combined TRACON& Tower with Radar,6,40,17,3,66,0,4,17,25,46,6,44,34,28,112,18,6,24,136
09/18/2013,PIA,IL,AGL,CE,Combined TRACON& Tower with Radar,6,46,16,6,74,0,1,23,12,36,6,47,39,18,110,40,32,72,182
09/19/2013,PIA,IL,AGL,CE,Combined TRACON& Tower with Radar,12,37,26,3,78,0,1,20,4,25,12,38,46,7,103,0,24,24,127
09/20/2013,PIA,IL,AGL,CE,Combined TRACON& Tower with Radar,11,43,25,2,81,0,3,3,0,6,11,46,28,2,87,0,0,0,87
09/21/2013,PIA,IL,AGL,CE,Combined TRACON& Tower with Radar,4,31,10,2,47,0,3,22,0,25,4,34,32,2,72,12,0,12,84
09/22/2013,PIA,IL,AGL,CE,Combined TRACON& Tower with Radar,4,40,14,0,58,0,3,21,0,24,4,43,35,0,82,0,0,0,82
09/23/2013,PIA,IL,AGL,CE,Combined TRACON& Tower with Radar,7,43,24,0,74,0,5,23,0,28,7,48,47,0,102,8,0,8,110
09/24/2013,PIA,IL,AGL,CE,Combined TRACON& Tower with Radar,10,46,21,2,79,0,3,21,0,24,10,49,42,2,103,0,0,0,103
09/25/2013,PIA,IL,AGL,CE,Combined TRACON& Tower with Radar,8,39,23,2,72,0,3,25,17,45,8,42,48,19,117,42,12,54,171
09/26/2013,PIA,IL,AGL,CE,Combined TRACON& Tower with Radar,10,48,25,0,83,0,1,12,2,15,10,49,37,2,98,6,4,10,108
09/27/2013,PIA,IL,AGL,CE,Combined TRACON& Tower with Radar,11,40,24,0,75,0,3,32,0,35,11,43,56,0,110,14,0,14,124
09/28/2013,PIA,IL,AGL,CE,Combined TRACON& Tower with Radar,2,31,22,0,55,0,4,13,1,18,2,35,35,1,73,4,0,4,77
09/29/2013,PIA,IL,AGL,CE,Combined TRACON& Tower with Radar,4,37,24,2,67,0,3,17,0,20,4,40,41,2,87,38,0,38,125
09/30/2013,PIA,IL,AGL,CE,Combined TRACON& Tower with Radar,7,42,18,1,68,0,2,18,0,20,7,44,36,1,88,0,0,0,88
10/01/2013,PIA,IL,AGL,CE,Combined TRACON& Tower with Radar,6,45,10,0,61,0,4,14,0,18,6,49,24,0,79,0,0,0,79
10/02/2013,PIA,IL,AGL,CE,Combined TRACON& Tower with Radar,4,44,31,0,79,0,4,14,0,18,4,48,45,0,97,36,0,36,133
10/03/2013,PIA,IL,AGL,CE,Combined TRACON& Tower with Radar,10,45,20,4,79,0,2,3,0,5,10,47,23,4,84,4,14,18,102
10/04/2013,PIA,IL,AGL,CE,Combined TRACON& Tower with Radar,11,41,21,14,87,0,1,2,0,3,11,42,23,14,90,0,0,0,90
10/05/2013,PIA,IL,AGL,CE,Combined TRACON& Tower with Radar,2,33,8,2,45,0,3,2,0,5,2,36,10,2,50,0,0,0,50
10/06/2013,PIA,IL,AGL,CE,Combined TRACON& Tower with Radar,4,39,11,0,54,0,2,8,0,10,4,41,19,0,64,0,0,0,64
10/07/2013,PIA,IL,AGL,CE,Combined TRACON& Tower with Radar,7,42,13,3,65,0,5,12,4,21,7,47,25,7,86,6,20,26,112
10/08/2013,PIA,IL,AGL,CE,Combined TRACON& Tower with Radar,6,41,26,2,75,0,5,35,17,57,6,46,61,19,132,24,0,24,156
10/09/2013,PIA,IL,AGL,CE,Combined TRACON& Tower with Radar,6,42,35,2,85,0,1,26,12,39,6,43,61,14,124,4,24,28,152
10/10/2013,PIA,IL,AGL,CE,Combined TRACON& Tower with Radar,10,41,22,5,78,0,3,20,0,23,10,44,42,5,101,40,6,46,147
10/11/2013,PIA,IL,AGL,CE,Combined TRACON& Tower with Radar,11,43,22,0,76,0,5,15,0,20,11,48,37,0,96,0,0,0,96
10/12/2013,PIA,IL,AGL,CE,Combined TRACON& Tower with Radar,2,29,10,0,41,0,5,9,0,14,2,34,19,0,55,0,0,0,55
10/13/2013,PIA,IL,AGL,CE,Combined TRACON& Tower with Radar,4,39,12,0,55,0,3,27,0,30,4,42,39,0,85,24,0,24,109
10/14/2013,PIA,IL,AGL,CE,Combined TRACON& Tower with Radar,7,46,15,0,68,0,1,15,0,16,7,47,30,0,84,14,0,14,98
10/15/2013,PIA,IL,AGL,CE,Combined TRACON& Tower with Radar,6,42,25,13,86,0,2,12,3,17,6,44,37,16,103,16,0,16,119
10/16/2013,PIA,IL,AGL,CE,Combined TRACON& Tower with Radar,6,43,19,4,72,0,2,6,6,14,6,45,25,10,86,12,8,20,106
10/17/2013,PIA,IL,AGL,CE,Combined TRACON& Tower with Radar,10,42,15,1,68,0,2,12,10,24,10,44,27,11,92,0,16,16,108
10/18/2013,PIA,IL,AGL,CE,Combined TRACON& Tower with Radar,11,38,28,4,81,0,6,13,6,25,11,44,41,10,106,0,24,24,130
10/19/2013,PIA,IL,AGL,CE,Combined TRACON& Tower with Radar,2,32,18,0,52,0,3,25,0,28,2,35,43,0,80,10,0,10,90
10/20/2013,PIA,IL,AGL,CE,Combined TRACON& Tower with Radar,4,39,13,0,56,0,2,14,0,16,4,41,27,0,72,16,0,16,88
10/21/2013,PIA,IL,AGL,CE,Combined TRACON& Tower with Radar,7,40,20,4,71,0,4,13,4,21,7,44,33,8,92,26,10,36,128
10/22/2013,PIA,IL,AGL,CE,Combined TRACON& Tower with Radar,8,47,16,10,81,0,1,1,0,2,8,48,17,10,83,22,0,22,105
10/23/2013,PIA,IL,AGL,CE,Combined TRACON& Tower with Radar,7,49,23,6,85,0,3,20,10,33,7,52,43,16,118,4,0,4,122
10/24/2013,PIA,IL,AGL,CE,Combined TRACON& Tower with Radar,11,53,24,5,93,0,2,18,9,29,11,55,42,14,122,0,34,34,156
10/25/2013,PIA,IL,AGL,CE,Combined TRACON& Tower with Radar,11,38,20,0,69,0,4,17,1,22,11,42,37,1,91,18,0,18,109
10/26/2013,PIA,IL,AGL,CE,Combined TRACON& Tower with Radar,4,31,11,0,46,0,3,13,1,17,4,34,24,1,63,0,0,0,63
10/27/2013,PIA,IL,AGL,CE,Combined TRACON& Tower with Radar,4,39,17,0,60,0,3,33,1,37,4,42,50,1,97,16,0,16,113
10/28/2013,PIA,IL,AGL,CE,Combined TRACON& Tower with Radar,7,41,15,5,68,0,3,17,2,22,7,44,32,7,90,26,0,26,116
10/29/2013,PIA,IL,AGL,CE,Combined TRACON& Tower with Radar,6,42,27,4,79,0,6,7,3,16,6,48,34,7,95,14,0,14,109
10/30/2013,PIA,IL,AGL,CE,Combined TRACON& Tower with Radar,6,39,10,0,55,0,0,0,0,0,6,39,10,0,55,0,0,0,55
10/31/2013,PIA,IL,AGL,CE,Combined TRACON& Tower with Radar,8,43,10,1,62,0,1,2,0,3,8,44,12,1,65,0,0,0,65
11/01/2013,PIA,IL,AGL,CE,Combined TRACON& Tower with Radar,13,40,17,5,75,0,4,19,3,26,13,44,36,8,101,0,16,16,117
11/02/2013,PIA,IL,AGL,CE,Combined TRACON& Tower with Radar,2,28,10,0,40,0,2,17,0,19,2,30,27,0,59,8,0,8,67
11/03/2013,PIA,IL,AGL,CE,Combined TRACON& Tower with Radar,2,38,11,2,53,0,5,21,5,31,2,43,32,7,84,8,0,8,92
11/04/2013,PIA,IL,AGL,CE,Combined TRACON& Tower with Radar,8,47,10,8,73,0,0,9,6,15,8,47,19,14,88,0,20,20,108
11/05/2013,PIA,IL,AGL,CE,Combined TRACON& Tower with Radar,6,42,21,7,76,0,0,1,0,1,6,42,22,7,77,0,0,0,77
11/06/2013,PIA,IL,AGL,CE,Combined TRACON& Tower with Radar,6,38,18,5,67,0,2,2,1,5,6,40,20,6,72,0,6,6,78
11/07/2013,PIA,IL,AGL,CE,Combined TRACON& Tower with Radar,10,41,28,9,88,0,4,19,9,32,10,45,47,18,120,42,14,56,176
11/08/2013,PIA,IL,AGL,CE,Combined TRACON& Tower with Radar,13,38,12,0,63,0,2,10,0,12,13,40,22,0,75,12,0,12,87
11/09/2013,PIA,IL,AGL,CE,Combined TRACON& Tower with Radar,2,27,2,0,31,0,2,19,0,21,2,29,21,0,52,0,0,0,52
11/10/2013,PIA,IL,AGL,CE,Combined TRACON& Tower with Radar,6,35,6,0,47,0,1,18,0,19,6,36,24,0,66,2,0,2,68
11/11/2013,PIA,IL,AGL,CE,Combined TRACON& Tower with Radar,9,40,16,0,65,0,1,21,0,22,9,41,37,0,87,28,0,28,115
11/12/2013,PIA,IL,AGL,CE,Combined TRACON& Tower with Radar,6,36,21,8,71,0,4,5,27,36,6,40,26,35,107,0,0,0,107
11/13/2013,PIA,IL,AGL,CE,Combined TRACON& Tower with Radar,10,40,16,7,73,0,4,6,41,51,10,44,22,48,124,2,14,16,140
11/14/2013,PIA,IL,AGL,CE,Combined TRACON& Tower with Radar,10,41,26,1,78,0,3,16,12,31,10,44,42,13,109,12,16,28,137
11/15/2013,PIA,IL,AGL,CE,Combined TRACON& Tower with Radar,11,39,21,4,75,0,4,28,0,32,11,43,49,4,107,16,14,30,137
11/16/2013,PIA,IL,AGL,CE,Combined TRACON& Tower with Radar,2,30,10,0,42,0,2,2,0,4,2,32,12,0,46,0,0,0,46
11/17/2013,PIA,IL,AGL,CE,Combined TRACON& Tower with Radar,4,25,4,1,34,0,2,6,1,9,4,27,10,2,43,0,0,0,43
11/18/2013,PIA,IL,AGL,CE,Combined TRACON& Tower with Radar,9,46,6,4,65,0,4,13,11,28,9,50,19,15,93,0,12,12,105
11/19/2013,PIA,IL,AGL,CE,Combined TRACON& Tower with Radar,8,53,26,6,93,0,5,39,5,49,8,58,65,11,142,10,22,32,174
11/20/2013,PIA,IL,AGL,CE,Combined TRACON& Tower with Radar,6,46,19,11,82,0,5,7,14,26,6,51,26,25,108,0,8,8,116
11/21/2013,PIA,IL,AGL,CE,Combined TRACON& Tower with Radar,9,48,21,4,82,0,0,2,0,2,9,48,23,4,84,0,0,0,84
11/22/2013,PIA,IL,AGL,CE,Combined TRACON& Tower with Radar,12,39,16,15,82,0,1,5,0,6,12,40,21,15,88,0,0,0,88
11/23/2013,PIA,IL,AGL,CE,Combined TRACON& Tower with Radar,2,30,8,0,40,0,6,14,0,20,2,36,22,0,60,0,0,0,60
11/24/2013,PIA,IL,AGL,CE,Combined TRACON& Tower with Radar,5,25,15,0,45,0,2,39,0,41,5,27,54,0,86,32,0,32,118
11/25/2013,PIA,IL,AGL,CE,Combined TRACON& Tower with Radar,8,35,22,15,80,0,1,7,8,16,8,36,29,23,96,18,14,32,128
11/26/2013,PIA,IL,AGL,CE,Combined TRACON& Tower with Radar,6,36,20,9,71,0,2,16,5,23,6,38,36,14,94,0,0,0,94
11/27/2013,PIA,IL,AGL,CE,Combined TRACON& Tower with Radar,15,40,14,6,75,0,3,12,0,15,15,43,26,6,90,4,12,16,106
11/28/2013,PIA,IL,AGL,CE,Combined TRACON& Tower with Radar,1,18,4,0,23,0,3,7,0,10,1,21,11,0,33,4,4,8,41
11/29/2013,PIA,IL,AGL,CE,Combined TRACON& Tower with Radar,3,25,3,0,31,0,8,18,0,26,3,33,21,0,57,32,0,32,89
11/30/2013,PIA,IL,AGL,CE,Combined TRACON& Tower with Radar,4,34,8,0,46,0,4,20,0,24,4,38,28,0,70,74,12,86,156
12/01/2013,PIA,IL,AGL,CE,Combined TRACON& Tower with Radar,6,40,16,0,62,0,2,36,0,38,6,42,52,0,100,42,0,42,142
12/02/2013,PIA,IL,AGL,CE,Combined TRACON& Tower with Radar,5,44,24,6,79,0,1,2,15,18,5,45,26,21,97,0,4,4,101
12/03/2013,PIA,IL,AGL,CE,Combined TRACON& Tower with Radar,10,37,20,0,67,0,0,2,0,2,10,37,22,0,69,0,0,0,69
12/04/2013,PIA,IL,AGL,CE,Combined TRACON& Tower with Radar,6,42,36,15,99,0,1,0,8,9,6,43,36,23,108,0,0,0,108
12/05/2013,PIA,IL,AGL,CE,Combined TRACON& Tower with Radar,10,44,20,5,79,0,3,36,5,44,10,47,56,10,123,32,0,32,155
12/06/2013,PIA,IL,AGL,CE,Combined TRACON& Tower with Radar,8,34,21,18,81,0,3,32,3,38,8,37,53,21,119,14,12,26,145
12/07/2013,PIA,IL,AGL,CE,Combined TRACON& Tower with Radar,1,34,18,0,53,0,1,27,7,35,1,35,45,7,88,14,0,14,102
12/08/2013,PIA,IL,AGL,CE,Combined TRACON& Tower with Radar,4,31,8,2,45,0,1,4,1,6,4,32,12,3,51,0,0,0,51
12/09/2013,PIA,IL,AGL,CE,Combined TRACON& Tower with Radar,7,40,13,5,65,0,2,9,7,18,7,42,22,12,83,14,10,24,107
12/10/2013,PIA,IL,AGL,CE,Combined TRACON& Tower with Radar,6,39,20,4,69,0,2,13,32,47,6,41,33,36,116,4,18,22,138
12/11/2013,PIA,IL,AGL,CE,Combined TRACON& Tower with Radar,6,49,27,8,90,0,2,11,33,46,6,51,38,41,136,6,26,32,168
12/12/2013,PIA,IL,AGL,CE,Combined TRACON& Tower with Radar,10,42,14,13,79,0,8,23,2,33,10,50,37,15,112,0,20,20,132
12/13/2013,PIA,IL,AGL,CE,Combined TRACON& Tower with Radar,11,42,8,0,61,0,1,8,0,9,11,43,16,0,70,20,0,20,90
12/14/2013,PIA,IL,AGL,CE,Combined TRACON& Tower with Radar,2,31,1,1,35,0,0,0,0,0,2,31,1,1,35,0,0,0,35
12/15/2013,PIA,IL,AGL,CE,Combined TRACON& Tower with Radar,4,36,13,0,53,0,0,0,0,0,4,36,13,0,53,0,0,0,53
12/16/2013,PIA,IL,AGL,CE,Combined TRACON& Tower with Radar,7,45,13,8,73,0,0,2,0,2,7,45,15,8,75,0,0,0,75
12/17/2013,PIA,IL,AGL,CE,Combined TRACON& Tower with Radar,6,39,23,9,77,0,1,6,12,19,6,40,29,21,96,6,0,6,102
12/18/2013,PIA,IL,AGL,CE,Combined TRACON& Tower with Radar,8,37,25,4,74,0,2,17,16,35,8,39,42,20,109,0,10,10,119
12/19/2013,PIA,IL,AGL,CE,Combined TRACON& Tower with Radar,10,33,20,1,64,0,1,6,2,9,10,34,26,3,73,0,0,0,73
12/20/2013,PIA,IL,AGL,CE,Combined TRACON& Tower with Radar,12,31,15,0,58,0,0,0,0,0,12,31,15,0,58,0,0,0,58
12/21/2013,PIA,IL,AGL,CE,Combined TRACON& Tower with Radar,5,22,0,0,27,0,0,0,0,0,5,22,0,0,27,0,0,0,27
12/22/2013,PIA,IL,AGL,CE,Combined TRACON& Tower with Radar,4,29,1,0,34,0,0,0,0,0,4,29,1,0,34,0,0,0,34
12/23/2013,PIA,IL,AGL,CE,Combined TRACON& Tower with Radar,8,30,7,0,45,0,3,8,0,11,8,33,15,0,56,0,0,0,56
12/24/2013,PIA,IL,AGL,CE,Combined TRACON& Tower with Radar,15,23,7,0,45,0,3,14,0,17,15,26,21,0,62,6,0,6,68
12/25/2013,PIA,IL,AGL,CE,Combined TRACON& Tower with Radar,0,18,4,0,22,0,2,2,0,4,0,20,6,0,26,0,0,0,26
12/26/2013,PIA,IL,AGL,CE,Combined TRACON& Tower with Radar,12,34,4,0,50,0,2,13,0,15,12,36,17,0,65,8,0,8,73
12/27/2013,PIA,IL,AGL,CE,Combined TRACON& Tower with Radar,11,30,10,0,51,0,3,17,0,20,11,33,27,0,71,10,0,10,81
12/28/2013,PIA,IL,AGL,CE,Combined TRACON& Tower with Radar,4,30,7,0,41,0,4,36,0,40,4,34,43,0,81,44,0,44,125
12/29/2013,PIA,IL,AGL,CE,Combined TRACON& Tower with Radar,6,29,4,0,39,0,0,2,0,2,6,29,6,0,41,0,0,0,41
12/30/2013,PIA,IL,AGL,CE,Combined TRACON& Tower with Radar,9,30,5,0,44,0,4,10,0,14,9,34,15,0,58,0,0,0,58
12/31/2013,PIA,IL,AGL,CE,Combined TRACON& Tower with Radar,8,20,7,4,39,0,3,17,0,20,8,23,24,4,59,4,4,8,67
01/01/2014,PIA,IL,AGL,CE,Combined TRACON& Tower with Radar,4,18,0,0,22,0,1,2,0,3,4,19,2,0,25,32,0,32,57
01/02/2014,PIA,IL,AGL,CE,Combined TRACON& Tower with Radar,10,28,3,4,45,0,0,2,0,2,10,28,5,4,47,0,0,0,47
01/03/2014,PIA,IL,AGL,CE,Combined TRACON& Tower with Radar,13,28,6,5,52,0,2,7,11,20,13,30,13,16,72,20,18,38,110
01/04/2014,PIA,IL,AGL,CE,Combined TRACON& Tower with Radar,6,27,5,0,38,0,1,4,0,5,6,28,9,0,43,36,0,36,79
01/05/2014,PIA,IL,AGL,CE,Combined TRACON& Tower with Radar,4,10,1,0,15,0,0,0,0,0,4,10,1,0,15,0,0,0,15
01/06/2014,PIA,IL,AGL,CE,Combined TRACON& Tower with Radar,4,14,17,0,35,0,0,0,0,0,4,14,17,0,35,0,0,0,35
01/07/2014,PIA,IL,AGL,CE,Combined TRACON& Tower with Radar,7,24,7,6,44,0,2,4,6,12,7,26,11,12,56,2,54,56,112
01/08/2014,PIA,IL,AGL,CE,Combined TRACON& Tower with Radar,8,39,17,7,71,0,4,28,23,55,8,43,45,30,126,6,30,36,162
01/09/2014,PIA,IL,AGL,CE,Combined TRACON& Tower with Radar,9,43,7,13,72,0,1,2,0,3,9,44,9,13,75,0,0,0,75
01/10/2014,PIA,IL,AGL,CE,Combined TRACON& Tower with Radar,15,36,8,3,62,0,0,0,0,0,15,36,8,3,62,0,0,0,62
01/11/2014,PIA,IL,AGL,CE,Combined TRACON& Tower with Radar,2,25,7,1,35,0,0,8,1,9,2,25,15,2,44,8,0,8,52
01/12/2014,PIA,IL,AGL,CE,Combined TRACON& Tower with Radar,6,39,13,0,58,0,3,11,0,14,6,42,24,0,72,14,0,14,86
01/13/2014,PIA,IL,AGL,CE,Combined TRACON& Tower with Radar,5,40,9,3,57,0,2,13,9,24,5,42,22,12,81,16,8,24,105
01/14/2014,PIA,IL,AGL,CE,Combined TRACON& Tower with Radar,8,37,13,5,63,0,0,3,6,9,8,37,16,11,72,0,4,4,76
01/15/2014,PIA,IL,AGL,CE,Combined TRACON& Tower with Radar,6,48,21,3,78,0,2,14,24,40,6,50,35,27,118,0,24,24,142
01/16/2014,PIA,IL,AGL,CE,Combined TRACON& Tower with Radar,11,41,15,16,83,0,2,4,7,13,11,43,19,23,96,0,22,22,118
01/17/2014,PIA,IL,AGL,CE,Combined TRACON& Tower with Radar,12,40,14,0,66,0,2,8,0,10,12,42,22,0,76,0,0,0,76
01/18/2014,PIA,IL,AGL,CE,Combined TRACON& Tower with Radar,2,24,1,0,27,0,0,2,0,2,2,24,3,0,29,0,0,0,29
01/19/2014,PIA,IL,AGL,CE,Combined TRACON& Tower with Radar,4,29,9,0,42,0,9,24,0,33,4,38,33,0,75,40,0,40,115
01/20/2014,PIA,IL,AGL,CE,Combined TRACON& Tower with Radar,6,38,21,0,65,0,2,19,0,21,6,40,40,0,86,46,0,46,132
01/21/2014,PIA,IL,AGL,CE,Combined TRACON& Tower with Radar,7,43,11,5,66,0,1,7,10,18,7,44,18,15,84,26,24,50,134
01/22/2014,PIA,IL,AGL,CE,Combined TRACON& Tower with Radar,6,44,22,14,86,0,2,22,3,27,6,46,44,17,113,0,18,18,131
01/23/2014,PIA,IL,AGL,CE,Combined TRACON& Tower with Radar,10,37,13,2,62,0,3,17,4,24,10,40,30,6,86,0,0,0,86
01/24/2014,PIA,IL,AGL,CE,Combined TRACON& Tower with Radar,11,42,15,6,74,0,2,9,1,12,11,44,24,7,86,4,0,4,90
01/25/2014,PIA,IL,AGL,CE,Combined TRACON& Tower with Radar,2,27,9,0,38,0,2,11,0,13,2,29,20,0,51,0,0,0,51
01/26/2014,PIA,IL,AGL,CE,Combined TRACON& Tower with Radar,4,38,3,1,46,0,0,6,4,10,4,38,9,5,56,0,8,8,64
01/27/2014,PIA,IL,AGL,CE,Combined TRACON& Tower with Radar,7,38,6,0,51,0,4,7,0,11,7,42,13,0,62,0,0,0,62
01/28/2014,PIA,IL,AGL,CE,Combined TRACON& Tower with Radar,7,33,20,3,63,0,1,11,21,33,7,34,31,24,96,2,10,12,108
01/29/2014,PIA,IL,AGL,CE,Combined TRACON& Tower with Radar,7,31,32,4,74,0,0,15,18,33,7,31,47,22,107,26,28,54,161
01/30/2014,PIA,IL,AGL,CE,Combined TRACON& Tower with Radar,8,36,11,7,62,0,4,5,3,12,8,40,16,10,74,0,2,2,76
01/31/2014,PIA,IL,AGL,CE,Combined TRACON& Tower with Radar,13,33,9,1,56,0,0,0,0,0,13,33,9,1,56,0,0,0,56
02/01/2014,PIA,IL,AGL,CE,Combined TRACON& Tower with Radar,2,21,5,0,28,0,0,0,0,0,2,21,5,0,28,0,0,0,28
02/02/2014,PIA,IL,AGL,CE,Combined TRACON& Tower with Radar,4,23,15,1,43,0,1,7,1,9,4,24,22,2,52,36,0,36,88
02/03/2014,PIA,IL,AGL,CE,Combined TRACON& Tower with Radar,7,37,9,10,63,0,2,6,2,10,7,39,15,12,73,18,10,28,101
02/04/2014,PIA,IL,AGL,CE,Combined TRACON& Tower with Radar,6,29,4,0,39,0,1,3,0,4,6,30,7,0,43,18,0,18,61
02/05/2014,PIA,IL,AGL,CE,Combined TRACON& Tower with Radar,6,26,9,11,52,0,3,2,5,10,6,29,11,16,62,0,44,44,106
02/06/2014,PIA,IL,AGL,CE,Combined TRACON& Tower with Radar,12,44,5,8,69,0,3,6,4,13,12,47,11,12,82,0,24,24,106
02/07/2014,PIA,IL,AGL,CE,Combined TRACON& Tower with Radar,11,40,7,2,60,0,11,10,0,21,11,51,17,2,81,0,32,32,113
02/08/2014,PIA,IL,AGL,CE,Combined TRACON& Tower with Radar,4,24,1,0,29,0,1,6,0,7,4,25,7,0,36,0,0,0,36
02/09/2014,PIA,IL,AGL,CE,Combined TRACON& Tower with Radar,6,39,10,1,56,0,1,7,0,8,6,40,17,1,64,0,0,0,64
02/10/2014,PIA,IL,AGL,CE,Combined TRACON& Tower with Radar,7,36,21,1,65,0,0,10,17,27,7,36,31,18,92,0,28,28,120
02/11/2014,PIA,IL,AGL,CE,Combined TRACON& Tower with Radar,6,40,22,14,82,0,2,12,16,30,6,42,34,30,112,0,0,0,112
02/12/2014,PIA,IL,AGL,CE,Combined TRACON& Tower with Radar,10,35,23,8,76,0,1,11,35,47,10,36,34,43,123,0,14,14,137
02/13/2014,PIA,IL,AGL,CE,Combined TRACON& Tower with Radar,12,33,20,7,72,0,3,7,5,15,12,36,27,12,87,0,12,12,99
02/14/2014,PIA,IL,AGL,CE,Combined TRACON& Tower with Radar,11,31,11,0,53,0,0,3,0,3,11,31,14,0,56,0,0,0,56
02/15/2014,PIA,IL,AGL,CE,Combined TRACON& Tower with Radar,2,28,4,0,34,0,1,12,0,13,2,29,16,0,47,28,0,28,75
02/16/2014,PIA,IL,AGL,CE,Combined TRACON& Tower with Radar,4,30,22,0,56,0,1,32,0,33,4,31,54,0,89,20,0,20,109
02/17/2014,PIA,IL,AGL,CE,Combined TRACON& Tower with Radar,7,27,6,1,41,0,2,1,0,3,7,29,7,1,44,0,0,0,44
02/18/2014,PIA,IL,AGL,CE,Combined TRACON& Tower with Radar,6,38,16,4,64,0,2,9,7,18,6,40,25,11,82,0,2,2,84
02/19/2014,PIA,IL,AGL,CE,Combined TRACON& Tower with Radar,10,42,14,16,82,0,7,22,13,42,10,49,36,29,124,34,22,56,180
02/20/2014,PIA,IL,AGL,CE,Combined TRACON& Tower with Radar,12,52,17,5,86,0,0,1,0,1,12,52,18,5,87,0,0,0,87
02/21/2014,PIA,IL,AGL,CE,Combined TRACON& Tower with Radar,11,42,16,17,86,0,1,7,11,19,11,43,23,28,105,6,30,36,141
02/22/2014,PIA,IL,AGL,CE,Combined TRACON& Tower with Radar,2,26,28,0,56,0,4,14,2,20,2,30,42,2,76,42,0,42,118
02/23/2014,PIA,IL,AGL,CE,Combined TRACON& Tower with Radar,6,36,6,2,50,0,2,23,0,25,6,38,29,2,75,54,0,54,129
02/24/2014,PIA,IL,AGL,CE,Combined TRACON& Tower with Radar,9,37,16,11,73,0,4,15,8,27,9,41,31,19,100,0,0,0,100
02/25/2014,PIA,IL,AGL,CE,Combined TRACON& Tower with Radar,6,43,17,3,69,0,2,27,1,30,6,45,44,4,99,12,0,12,111
02/26/2014,PIA,IL,AGL,CE,Combined TRACON& Tower with Radar,14,40,14,8,76,0,1,23,9,33,14,41,37,17,109,2,16,18,127
02/27/2014,PIA,IL,AGL,CE,Combined TRACON& Tower with Radar,10,42,12,4,68,0,3,10,4,17,10,45,22,8,85,2,6,8,93
02/28/2014,PIA,IL,AGL,CE,Combined TRACON& Tower with Radar,11,37,15,6,69,0,2,8,13,23,11,39,23,19,92,2,12,14,106
03/01/2014,PIA,IL,AGL,CE,Combined TRACON& Tower with Radar,2,29,11,6,48,0,0,1,9,10,2,29,12,15,58,0,2,2,60
03/02/2014,PIA,IL,AGL,CE,Combined TRACON& Tower with Radar,4,31,5,0,40,0,1,8,6,15,4,32,13,6,55,12,12,24,79
03/03/2014,PIA,IL,AGL,CE,Combined TRACON& Tower with Radar,7,37,19,0,63,0,4,23,6,33,7,41,42,6,96,10,28,38,134
03/04/2014,PIA,IL,AGL,CE,Combined TRACON& Tower with Radar,8,38,13,4,63,0,2,7,17,26,8,40,20,21,89,6,0,6,95
03/05/2014,PIA,IL,AGL,CE,Combined TRACON& Tower with Radar,10,40,10,19,79,0,1,2,3,6,10,41,12,22,85,0,20,20,105
03/06/2014,PIA,IL,AGL,CE,Combined TRACON& Tower with Radar,11,45,23,5,84,0,1,17,7,25,11,46,40,12,109,2,2,4,113
03/07/2014,PIA,IL,AGL,CE,Combined TRACON& Tower with Radar,14,41,12,1,68,0,5,18,0,23,14,46,30,1,91,2,2,4,95
03/08/2014,PIA,IL,AGL,CE,Combined TRACON& Tower with Radar,6,29,11,0,46,0,0,2,0,2,6,29,13,0,48,12,0,12,60
03/09/2014,PIA,IL,AGL,CE,Combined TRACON& Tower with Radar,6,33,10,0,49,0,5,20,0,25,6,38,30,0,74,16,0,16,90
03/10/2014,PIA,IL,AGL,CE,Combined TRACON& Tower with Radar,7,41,11,1,60,0,3,9,2,14,7,44,20,3,74,6,0,6,80
03/11/2014,PIA,IL,AGL,CE,Combined TRACON& Tower with Radar,6,45,19,5,75,0,2,9,2,13,6,47,28,7,88,0,26,26,114
03/12/2014,PIA,IL,AGL,CE,Combined TRACON& Tower with Radar,10,33,12,4,59,0,0,4,2,6,10,33,16,6,65,0,14,14,79
03/13/2014,PIA,IL,AGL,CE,Combined TRACON& Tower with Radar,12,46,18,8,84,0,1,17,27,45,12,47,35,35,129,8,36,44,173
03/14/2014,PIA,IL,AGL,CE,Combined TRACON& Tower with Radar,11,41,14,2,68,0,1,16,6,23,11,42,30,8,91,0,0,0,91
03/15/2014,PIA,IL,AGL,CE,Combined TRACON& Tower with Radar,6,31,14,0,51,0,2,37,0,39,6,33,51,0,90,32,0,32,122
03/16/2014,PIA,IL,AGL,CE,Combined TRACON& Tower with Radar,4,32,4,0,40,0,7,18,0,25,4,39,22,0,65,0,0,0,65
03/17/2014,PIA,IL,AGL,CE,Combined TRACON& Tower with Radar,7,40,28,12,87,0,6,33,7,46,7,46,61,19,133,34,30,64,197
03/18/2014,PIA,IL,AGL,CE,Combined TRACON& Tower with Radar,5,40,14,2,61,0,4,16,15,35,5,44,30,17,96,14,42,56,152
03/19/2014,PIA,IL,AGL,CE,Combined TRACON& Tower with Radar,12,43,18,10,83,0,1,4,8,13,12,44,22,18,96,0,52,52,148
03/20/2014,PIA,IL,AGL,CE,Combined TRACON& Tower with Radar,10,42,21,3,76,0,1,24,2,27,10,43,45,5,103,12,0,12,115
03/21/2014,PIA,IL,AGL,CE,Combined TRACON& Tower with Radar,10,40,11,2,63,0,2,16,0,18,10,42,27,2,81,8,0,8,89
03/22/2014,PIA,IL,AGL,CE,Combined TRACON& Tower with Radar,9,30,12,1,52,0,1,18,0,19,9,31,30,1,71,28,0,28,99
03/23/2014,PIA,IL,AGL,CE,Combined TRACON& Tower with Radar,4,35,3,0,42,0,4,17,1,22,4,39,20,1,64,0,0,0,64
03/24/2014,PIA,IL,AGL,CE,Combined TRACON& Tower with Radar,7,47,9,3,66,0,1,8,5,14,7,48,17,8,80,0,8,8,88
03/25/2014,PIA,IL,AGL,CE,Combined TRACON& Tower with Radar,8,43,19,4,74,0,5,13,13,31,8,48,32,17,105,0,4,4,109
03/26/2014,PIA,IL,AGL,CE,Combined TRACON& Tower with Radar,10,41,27,18,96,0,1,25,14,40,10,42,52,32,136,14,4,18,154
03/27/2014,PIA,IL,AGL,CE,Combined TRACON& Tower with Radar,9,45,15,3,72,0,2,5,0,7,9,47,20,3,79,0,0,0,79
03/28/2014,PIA,IL,AGL,CE,Combined TRACON& Tower with Radar,12,39,9,0,60,0,2,7,0,9,12,41,16,0,69,6,0,6,75
03/29/2014,PIA,IL,AGL,CE,Combined TRACON& Tower with Radar,8,32,9,1,50,0,3,11,9,23,8,35,20,10,73,12,16,28,101
03/30/2014,PIA,IL,AGL,CE,Combined TRACON& Tower with Radar,4,40,21,1,66,0,1,17,5,23,4,41,38,6,89,24,2,26,115
03/31/2014,PIA,IL,AGL,CE,Combined TRACON& Tower with Radar,7,40,6,0,53,0,3,3,0,6,7,43,9,0,59,0,0,0,59
04/01/2014,PIA,IL,AGL,CE,Combined TRACON& Tower with Radar,8,42,17,2,69,0,4,14,29,47,8,46,31,31,116,10,0,10,126
04/02/2014,PIA,IL,AGL,CE,Combined TRACON& Tower with Radar,10,39,17,5,71,0,0,4,21,25,10,39,21,26,96,0,22,22,118
04/03/2014,PIA,IL,AGL,CE,Combined TRACON& Tower with Radar,10,41,15,7,73,0,0,0,0,0,10,41,15,7,73,0,0,0,73
04/04/2014,PIA,IL,AGL,CE,Combined TRACON& Tower with Radar,11,46,17,7,81,0,0,2,4,6,11,46,19,11,87,0,0,0,87
04/05/2014,PIA,IL,AGL,CE,Combined TRACON& Tower with Radar,8,33,22,6,69,0,3,41,4,48,8,36,63,10,117,28,0,28,145
04/06/2014,PIA,IL,AGL,CE,Combined TRACON& Tower with Radar,6,38,17,4,65,0,4,22,17,43,6,42,39,21,108,0,8,8,116
04/07/2014,PIA,IL,AGL,CE,Combined TRACON& Tower with Radar,7,36,27,10,80,0,3,18,13,34,7,39,45,23,114,0,12,12,126
04/08/2014,PIA,IL,AGL,CE,Combined TRACON& Tower with Radar,8,44,32,30,114,0,2,9,32,43,8,46,41,62,157,0,44,44,201
04/09/2014,PIA,IL,AGL,CE,Combined TRACON& Tower with Radar,8,40,29,3,80,0,9,37,41,87,8,49,66,44,167,20,6,26,193
04/10/2014,PIA,IL,AGL,CE,Combined TRACON& Tower with Radar,12,49,23,75,159,0,3,12,30,45,12,52,35,105,204,0,24,24,228
04/11/2014,PIA,IL,AGL,CE,Combined TRACON& Tower with Radar,11,44,28,12,95,0,6,26,10,42,11,50,54,22,137,24,8,32,169
04/12/2014,PIA,IL,AGL,CE,Combined TRACON& Tower with Radar,8,32,7,0,47,0,7,16,0,23,8,39,23,0,70,0,0,0,70
04/13/2014,PIA,IL,AGL,CE,Combined TRACON& Tower with Radar,8,42,1,0,51,0,1,6,0,7,8,43,7,0,58,0,0,0,58
04/14/2014,PIA,IL,AGL,CE,Combined TRACON& Tower with Radar,5,44,20,21,90,0,0,0,0,0,5,44,20,21,90,0,0,0,90
04/15/2014,PIA,IL,AGL,CE,Combined TRACON& Tower with Radar,10,42,29,16,97,0,4,18,23,45,10,46,47,39,142,46,2,48,190
04/16/2014,PIA,IL,AGL,CE,Combined TRACON& Tower with Radar,6,42,18,6,72,0,2,15,4,21,6,44,33,10,93,0,0,0,93
04/17/2014,PIA,IL,AGL,CE,Combined TRACON& Tower with Radar,15,45,21,22,103,0,5,19,12,36,15,50,40,34,139,6,44,50,189
04/18/2014,PIA,IL,AGL,CE,Combined TRACON& Tower with Radar,10,36,28,1,75,0,4,41,2,47,10,40,69,3,122,32,0,32,154
04/19/2014,PIA,IL,AGL,CE,Combined TRACON& Tower with Radar,8,28,6,0,42,0,2,30,0,32,8,30,36,0,74,42,0,42,116
04/20/2014,PIA,IL,AGL,CE,Combined TRACON& Tower with Radar,6,33,8,0,47,0,1,9,1,11,6,34,17,1,58,12,0,12,70
04/21/2014,PIA,IL,AGL,CE,Combined TRACON& Tower with Radar,7,39,10,2,58,0,0,1,10,11,7,39,11,12,69,0,30,30,99
04/22/2014,PIA,IL,AGL,CE,Combined TRACON& Tower with Radar,9,41,18,10,78,0,3,16,12,31,9,44,34,22,109,14,20,34,143
04/23/2014,PIA,IL,AGL,CE,Combined TRACON& Tower with Radar,6,37,31,7,81,0,3,28,12,43,6,40,59,19,124,16,0,16,140
04/24/2014,PIA,IL,AGL,CE,Combined TRACON& Tower with Radar,11,41,14,4,70,0,0,4,1,5,11,41,18,5,75,4,4,8,83
04/25/2014,PIA,IL,AGL,CE,Combined TRACON& Tower with Radar,11,37,28,1,77,0,2,21,3,26,11,39,49,4,103,50,8,58,161
04/26/2014,PIA,IL,AGL,CE,Combined TRACON& Tower with Radar,6,29,15,0,50,0,11,46,0,57,6,40,61,0,107,46,0,46,153
04/27/2014,PIA,IL,AGL,CE,Combined TRACON& Tower with Radar,6,31,13,0,50,0,0,4,0,4,6,31,17,0,54,0,0,0,54
04/28/2014,PIA,IL,AGL,CE,Combined TRACON& Tower with Radar,4,30,7,6,47,0,0,0,0,0,4,30,7,6,47,0,0,0,47
04/29/2014,PIA,IL,AGL,CE,Combined TRACON& Tower with Radar,11,54,18,6,89,0,2,8,13,23,11,56,26,19,112,26,44,70,182
04/30/2014,PIA,IL,AGL,CE,Combined TRACON& Tower with Radar,8,44,30,2,84,0,2,15,4,21,8,46,45,6,105,4,28,32,137
05/01/2014,PIA,IL,AGL,CE,Combined TRACON& Tower with Radar,12,44,22,1,79,0,3,12,7,22,12,47,34,8,101,0,20,20,121
05/02/2014,PIA,IL,AGL,CE,Combined TRACON& Tower with Radar,9,38,19,3,69,0,2,9,2,13,9,40,28,5,82,16,0,16,98
05/03/2014,PIA,IL,AGL,CE,Combined TRACON& Tower with Radar,6,29,10,2,47,0,4,12,10,26,6,33,22,12,73,46,8,54,127
05/04/2014,PIA,IL,AGL,CE,Combined TRACON& Tower with Radar,6,38,11,1,56,0,5,19,6,30,6,43,30,7,86,62,0,62,148
05/05/2014,PIA,IL,AGL,CE,Combined TRACON& Tower with Radar,5,46,18,0,69,0,5,17,12,34,5,51,35,12,103,26,24,50,153
05/06/2014,PIA,IL,AGL,CE,Combined TRACON& Tower with Radar,6,43,30,5,84,0,3,16,4,23,6,46,46,9,107,0,0,0,107
05/07/2014,PIA,IL,AGL,CE,Combined TRACON& Tower with Radar,11,40,30,2,83,0,4,23,1,28,11,44,53,3,111,0,0,0,111
05/08/2014,PIA,IL,AGL,CE,Combined TRACON& Tower with Radar,12,46,23,6,87,0,1,9,9,19,12,47,32,15,106,0,0,0,106
05/09/2014,PIA,IL,AGL,CE,Combined TRACON& Tower with Radar,12,50,8,1,71,0,2,5,3,10,12,52,13,4,81,0,4,4,85
05/10/2014,PIA,IL,AGL,CE,Combined TRACON& Tower with Radar,4,30,9,0,43,0,2,39,0,41,4,32,48,0,84,24,0,24,108
05/11/2014,PIA,IL,AGL,CE,Combined TRACON& Tower with Radar,6,36,13,0,55,0,2,6,0,8,6,38,19,0,63,0,0,0,63
05/12/2014,PIA,IL,AGL,CE,Combined TRACON& Tower with Radar,5,34,13,9,61,0,1,7,2,10,5,35,20,11,71,0,8,8,79
05/13/2014,PIA,IL,AGL,CE,Combined TRACON& Tower with Radar,14,33,17,10,74,0,1,2,4,7,14,34,19,14,81,0,4,4,85
05/14/2014,PIA,IL,AGL,CE,Combined TRACON& Tower with Radar,6,36,24,8,74,0,6,15,9,30,6,42,39,17,104,10,26,36,140
05/15/2014,PIA,IL,AGL,CE,Combined TRACON& Tower with Radar,12,43,22,8,85,0,2,11,6,19,12,45,33,14,104,8,32,40,144
05/16/2014,PIA,IL,AGL,CE,Combined TRACON& Tower with Radar,11,43,16,9,79,0,1,3,0,4,11,44,19,9,83,0,0,0,83
05/17/2014,PIA,IL,AGL,CE,Combined TRACON& Tower with Radar,4,31,15,2,52,0,2,23,0,25,4,33,38,2,77,44,0,44,121
05/18/2014,PIA,IL,AGL,CE,Combined TRACON& Tower with Radar,6,38,13,7,64,0,1,33,0,34,6,39,46,7,98,60,0,60,158
05/19/2014,PIA,IL,AGL,CE,Combined TRACON& Tower with Radar,7,45,28,2,82,0,1,10,12,23,7,46,38,14,105,22,2,24,129
05/20/2014,PIA,IL,AGL,CE,Combined TRACON& Tower with Radar,10,41,34,11,96,0,4,25,5,34,10,45,59,16,130,16,6,22,152
05/21/2014,PIA,IL,AGL,CE,Combined TRACON& Tower with Radar,6,41,50,3,100,0,5,25,11,41,6,46,75,14,141,14,0,14,155
05/22/2014,PIA,IL,AGL,CE,Combined TRACON& Tower with Radar,13,40,18,7,78,0,1,25,19,45,13,41,43,26,123,10,6,16,139
05/23/2014,PIA,IL,AGL,CE,Combined TRACON& Tower with Radar,12,42,8,2,64,0,1,18,0,19,12,43,26,2,83,26,0,26,109
05/24/2014,PIA,IL,AGL,CE,Combined TRACON& Tower with Radar,4,25,4,0,33,0,5,16,0,21,4,30,20,0,54,50,0,50,104
05/25/2014,PIA,IL,AGL,CE,Combined TRACON& Tower with Radar,6,28,2,1,37,0,4,25,0,29,6,32,27,1,66,32,0,32,98
05/26/2014,PIA,IL,AGL,CE,Combined TRACON& Tower with Radar,2,40,7,0,49,0,0,11,0,11,2,40,18,0,60,20,0,20,80
05/27/2014,PIA,IL,AGL,CE,Combined TRACON& Tower with Radar,13,45,11,8,77,0,0,10,20,30,13,45,21,28,107,30,0,30,137
05/28/2014,PIA,IL,AGL,CE,Combined TRACON& Tower with Radar,6,42,16,3,67,0,1,18,11,30,6,43,34,14,97,0,18,18,115
05/29/2014,PIA,IL,AGL,CE,Combined TRACON& Tower with Radar,12,42,22,13,89,0,4,10,8,22,12,46,32,21,111,10,20,30,141
05/30/2014,PIA,IL,AGL,CE,Combined TRACON& Tower with Radar,11,40,20,12,83,0,6,30,5,41,11,46,50,17,124,30,6,36,160
05/31/2014,PIA,IL,AGL,CE,Combined TRACON& Tower with Radar,4,32,9,12,57,0,1,21,1,23,4,33,30,13,80,52,6,58,138
06/01/2014,PIA,IL,AGL,CE,Combined TRACON& Tower with Radar,6,37,2,0,45,0,1,13,0,14,6,38,15,0,59,0,0,0,59
06/02/2014,PIA,IL,AGL,CE,Combined TRACON& Tower with Radar,9,46,15,2,72,0,1,7,2,10,9,47,22,4,82,8,6,14,96
06/03/2014,PIA,IL,AGL,CE,Combined TRACON& Tower with Radar,12,43,20,8,83,0,3,21,14,38,12,46,41,22,121,0,12,12,133
06/04/2014,PIA,IL,AGL,CE,Combined TRACON& Tower with Radar,6,47,28,7,88,0,1,7,9,17,6,48,35,16,105,8,16,24,129
06/05/2014,PIA,IL,AGL,CE,Combined TRACON& Tower with Radar,12,47,30,2,91,0,1,24,4,29,12,48,54,6,120,76,12,88,208
06/06/2014,PIA,IL,AGL,CE,Combined TRACON& Tower with Radar,11,43,14,4,72,0,4,8,8,20,11,47,22,12,92,2,18,20,112
06/07/2014,PIA,IL,AGL,CE,Combined TRACON& Tower with Radar,4,30,3,4,41,0,2,6,18,26,4,32,9,22,67,18,26,44,111
06/08/2014,PIA,IL,AGL,CE,Combined TRACON& Tower with Radar,6,37,10,1,54,0,1,28,10,39,6,38,38,11,93,6,22,28,121
06/09/2014,PIA,IL,AGL,CE,Combined TRACON& Tower with Radar,7,41,20,13,81,0,1,25,0,26,7,42,45,13,107,28,6,34,141
06/10/2014,PIA,IL,AGL,CE,Combined TRACON& Tower with Radar,8,48,24,37,117,0,1,0,0,1,8,49,24,37,118,0,0,0,118
06/11/2014,PIA,IL,AGL,CE,Combined TRACON& Tower with Radar,8,43,29,8,88,0,0,2,8,10,8,43,31,16,98,18,34,52,150
06/12/2014,PIA,IL,AGL,CE,Combined TRACON& Tower with Radar,12,45,27,14,98,0,2,17,6,25,12,47,44,20,123,0,28,28,151
06/13/2014,PIA,IL,AGL,CE,Combined TRACON& Tower with Radar,11,39,25,6,81,0,5,45,2,52,11,44,70,8,133,2,4,6,139
06/14/2014,PIA,IL,AGL,CE,Combined TRACON& Tower with Radar,4,28,8,0,40,0,5,29,0,34,4,33,37,0,74,4,0,4,78
06/15/2014,PIA,IL,AGL,CE,Combined TRACON& Tower with Radar,8,34,6,3,51,0,2,11,1,14,8,36,17,4,65,0,0,0,65
06/16/2014,PIA,IL,AGL,CE,Combined TRACON& Tower with Radar,7,45,26,0,78,0,3,16,8,27,7,48,42,8,105,4,4,8,113
06/17/2014,PIA,IL,AGL,CE,Combined TRACON& Tower with Radar,8,39,18,3,68,0,3,31,18,52,8,42,49,21,120,6,42,48,168
06/18/2014,PIA,IL,AGL,CE,Combined TRACON& Tower with Radar,19,37,20,5,81,0,2,13,8,23,19,39,33,13,104,16,0,16,120
06/19/2014,PIA,IL,AGL,CE,Combined TRACON& Tower with Radar,13,33,24,1,71,0,0,11,4,15,13,33,35,5,86,0,0,0,86
06/20/2014,PIA,IL,AGL,CE,Combined TRACON& Tower with Radar,11,34,14,7,66,0,4,17,0,21,11,38,31,7,87,24,16,40,127
06/21/2014,PIA,IL,AGL,CE,Combined TRACON& Tower with Radar,11,31,13,0,55,1,0,28,0,29,12,31,41,0,84,8,0,8,92
06/22/2014,PIA,IL,AGL,CE,Combined TRACON& Tower with Radar,6,36,6,1,49,0,2,8,0,10,6,38,14,1,59,16,0,16,75
06/23/2014,PIA,IL,AGL,CE,Combined TRACON& Tower with Radar,7,42,22,3,74,0,3,9,6,18,7,45,31,9,92,10,22,32,124
06/24/2014,PIA,IL,AGL,CE,Combined TRACON& Tower with Radar,11,45,35,1,92,0,3,13,22,38,11,48,48,23,130,6,0,6,136
06/25/2014,PIA,IL,AGL,CE,Combined TRACON& Tower with Radar,9,35,26,12,82,0,3,20,21,44,9,38,46,33,126,20,32,52,178
06/26/2014,PIA,IL,AGL,CE,Combined TRACON& Tower with Radar,14,45,22,11,92,0,4,31,7,42,14,49,53,18,134,2,0,2,136
06/27/2014,PIA,IL,AGL,CE,Combined TRACON& Tower with Radar,11,41,19,1,72,0,3,25,2,30,11,44,44,3,102,8,0,8,110
06/28/2014,PIA,IL,AGL,CE,Combined TRACON& Tower with Radar,6,30,8,0,44,0,2,10,0,12,6,32,18,0,56,28,0,28,84
06/29/2014,PIA,IL,AGL,CE,Combined TRACON& Tower with Radar,6,39,7,0,52,0,3,13,1,17,6,42,20,1,69,20,0,20,89
06/30/2014,PIA,IL,AGL,CE,Combined TRACON& Tower with Radar,8,33,7,0,48,0,1,3,4,8,8,34,10,4,56,0,0,0,56
07/01/2014,PIA,IL,AGL,CE,Combined TRACON& Tower with Radar,9,41,12,10,72,0,4,21,13,38,9,45,33,23,110,0,18,18,128
07/02/2014,PIA,IL,AGL,CE,Combined TRACON& Tower with Radar,6,45,25,4,80,0,2,21,35,58,6,47,46,39,138,24,32,56,194
07/03/2014,PIA,IL,AGL,CE,Combined TRACON& Tower with Radar,12,42,13,4,71,0,5,38,2,45,12,47,51,6,116,16,0,16,132
07/04/2014,PIA,IL,AGL,CE,Combined TRACON& Tower with Radar,4,24,8,0,36,0,1,22,0,23,4,25,30,0,59,0,0,0,59
07/05/2014,PIA,IL,AGL,CE,Combined TRACON& Tower with Radar,5,23,2,0,30,0,2,11,0,13,5,25,13,0,43,0,0,0,43
07/06/2014,PIA,IL,AGL,CE,Combined TRACON& Tower with Radar,6,37,6,0,49,0,0,6,0,6,6,37,12,0,55,16,0,16,71
07/07/2014,PIA,IL,AGL,CE,Combined TRACON& Tower with Radar,7,48,24,0,79,0,2,7,0,9,7,50,31,0,88,26,0,26,114
07/08/2014,PIA,IL,AGL,CE,Combined TRACON& Tower with Radar,8,47,17,3,75,0,5,22,22,49,8,52,39,25,124,28,4,32,156
07/09/2014,PIA,IL,AGL,CE,Combined TRACON& Tower with Radar,6,52,25,4,87,0,2,27,12,41,6,54,52,16,128,26,16,42,170
07/10/2014,PIA,IL,AGL,CE,Combined TRACON& Tower with Radar,12,43,28,7,90,0,1,9,19,29,12,44,37,26,119,0,4,4,123
07/11/2014,PIA,IL,AGL,CE,Combined TRACON& Tower with Radar,11,40,24,5,80,0,3,12,5,20,11,43,36,10,100,0,0,0,100
07/12/2014,PIA,IL,AGL,CE,Combined TRACON& Tower with Radar,4,33,19,0,56,0,2,5,5,12,4,35,24,5,68,0,0,0,68
07/13/2014,PIA,IL,AGL,CE,Combined TRACON& Tower with Radar,6,37,6,7,56,0,3,17,3,23,6,40,23,10,79,44,16,60,139
07/14/2014,PIA,IL,AGL,CE,Combined TRACON& Tower with Radar,7,38,12,0,57,0,3,8,10,21,7,41,20,10,78,6,16,22,100
07/15/2014,PIA,IL,AGL,CE,Combined TRACON& Tower with Radar,8,46,17,12,83,0,3,12,11,26,8,49,29,23,109,12,14,26,135
07/16/2014,PIA,IL,AGL,CE,Combined TRACON& Tower with Radar,6,42,29,3,80,0,17,41,8,66,6,59,70,11,146,28,4,32,178
07/17/2014,PIA,IL,AGL,CE,Combined TRACON& Tower with Radar,11,34,11,5,61,0,10,14,19,43,11,44,25,24,104,6,4,10,114
07/18/2014,PIA,IL,AGL,CE,Combined TRACON& Tower with Radar,14,41,8,7,70,0,7,13,8,28,14,48,21,15,98,16,8,24,122
07/19/2014,PIA,IL,AGL,CE,Combined TRACON& Tower with Radar,4,30,19,1,54,0,6,22,0,28,4,36,41,1,82,30,0,30,112
07/20/2014,PIA,IL,AGL,CE,Combined TRACON& Tower with Radar,6,38,11,0,55,0,4,17,2,23,6,42,28,2,78,28,0,28,106
07/21/2014,PIA,IL,AGL,CE,Combined TRACON& Tower with Radar,7,41,17,4,69,0,4,30,8,42,7,45,47,12,111,18,0,18,129
07/22/2014,PIA,IL,AGL,CE,Combined TRACON& Tower with Radar,8,45,26,6,85,0,0,20,27,47,8,45,46,33,132,0,0,0,132
07/23/2014,PIA,IL,AGL,CE,Combined TRACON& Tower with Radar,6,43,23,4,76,0,4,31,14,49,6,47,54,18,125,20,0,20,145
07/24/2014,PIA,IL,AGL,CE,Combined TRACON& Tower with Radar,11,46,36,1,94,0,8,42,9,59,11,54,78,10,153,16,8,24,177
07/25/2014,PIA,IL,AGL,CE,Combined TRACON& Tower with Radar,12,40,20,2,74,0,2,7,0,9,12,42,27,2,83,0,0,0,83
07/26/2014,PIA,IL,AGL,CE,Combined TRACON& Tower with Radar,5,32,16,3,56,0,1,10,0,11,5,33,26,3,67,2,0,2,69
07/27/2014,PIA,IL,AGL,CE,Combined TRACON& Tower with Radar,9,35,15,1,60,0,1,16,0,17,9,36,31,1,77,0,0,0,77
07/28/2014,PIA,IL,AGL,CE,Combined TRACON& Tower with Radar,7,43,21,15,86,0,6,15,9,30,7,49,36,24,116,10,22,32,148
07/29/2014,PIA,IL,AGL,CE,Combined TRACON& Tower with Radar,8,39,13,6,66,0,3,24,10,37,8,42,37,16,103,28,8,36,139
07/30/2014,PIA,IL,AGL,CE,Combined TRACON& Tower with Radar,6,45,18,8,77,0,3,25,21,49,6,48,43,29,126,24,12,36,162
07/31/2014,PIA,IL,AGL,CE,Combined TRACON& Tower with Radar,14,44,17,6,81,0,1,27,9,37,14,45,44,15,118,6,0,6,124
08/01/2014,PIA,IL,AGL,CE,Combined TRACON& Tower with Radar,11,42,22,7,82,0,3,13,7,23,11,45,35,14,105,0,10,10,115
08/02/2014,PIA,IL,AGL,CE,Combined TRACON& Tower with Radar,4,29,7,4,44,0,3,23,0,26,4,32,30,4,70,6,0,6,76
08/03/2014,PIA,IL,AGL,CE,Combined TRACON& Tower with Radar,6,37,9,0,52,0,2,11,5,18,6,39,20,5,70,24,0,24,94
08/04/2014,PIA,IL,AGL,CE,Combined TRACON& Tower with Radar,9,38,14,2,63,0,3,19,0,22,9,41,33,2,85,0,0,0,85
08/05/2014,PIA,IL,AGL,CE,Combined TRACON& Tower with Radar,8,55,22,5,90,0,2,17,2,21,8,57,39,7,111,0,0,0,111
08/06/2014,PIA,IL,AGL,CE,Combined TRACON& Tower with Radar,6,41,19,3,69,0,0,3,1,4,6,41,22,4,73,22,0,22,95
08/07/2014,PIA,IL,AGL,CE,Combined TRACON& Tower with Radar,12,45,12,12,81,0,1,1,6,8,12,46,13,18,89,0,10,10,99
08/08/2014,PIA,IL,AGL,CE,Combined TRACON& Tower with Radar,11,38,23,2,74,0,2,8,3,13,11,40,31,5,87,0,0,0,87
08/09/2014,PIA,IL,AGL,CE,Combined TRACON& Tower with Radar,4,30,12,0,46,0,3,26,1,30,4,33,38,1,76,58,0,58,134
08/10/2014,PIA,IL,AGL,CE,Combined TRACON& Tower with Radar,6,37,5,0,48,0,3,14,6,23,6,40,19,6,71,26,0,26,97
08/11/2014,PIA,IL,AGL,CE,Combined TRACON& Tower with Radar,8,45,21,8,82,0,1,17,0,18,8,46,38,8,100,20,0,20,120
08/12/2014,PIA,IL,AGL,CE,Combined TRACON& Tower with Radar,11,40,23,6,80,0,2,14,5,21,11,42,37,11,101,0,0,0,101
08/13/2014,PIA,IL,AGL,CE,Combined TRACON& Tower with Radar,6,46,36,3,91,0,3,23,5,31,6,49,59,8,122,32,18,50,172
08/14/2014,PIA,IL,AGL,CE,Combined TRACON& Tower with Radar,12,47,17,1,77,0,6,41,4,51,12,53,58,5,128,20,4,24,152
08/15/2014,PIA,IL,AGL,CE,Combined TRACON& Tower with Radar,11,40,13,1,65,0,4,27,3,34,11,44,40,4,99,14,0,14,113
08/16/2014,PIA,IL,AGL,CE,Combined TRACON& Tower with Radar,2,32,6,2,42,0,2,7,0,9,2,34,13,2,51,6,0,6,57
08/17/2014,PIA,IL,AGL,CE,Combined TRACON& Tower with Radar,6,38,13,3,60,0,2,10,1,13,6,40,23,4,73,30,0,30,103
08/18/2014,PIA,IL,AGL,CE,Combined TRACON& Tower with Radar,7,43,9,4,63,0,2,8,6,16,7,45,17,10,79,34,12,46,125
08/19/2014,PIA,IL,AGL,CE,Combined TRACON& Tower with Radar,6,41,24,3,74,0,3,12,7,22,6,44,36,10,96,0,24,24,120
08/20/2014,PIA,IL,AGL,CE,Combined TRACON& Tower with Radar,6,43,17,4,70,0,5,20,15,40,6,48,37,19,110,46,8,54,164
08/21/2014,PIA,IL,AGL,CE,Combined TRACON& Tower with Radar,14,37,23,5,79,0,2,20,4,26,14,39,43,9,105,12,4,16,121
08/22/2014,PIA,IL,AGL,CE,Combined TRACON& Tower with Radar,15,43,18,3,79,0,2,11,0,13,15,45,29,3,92,10,0,10,102
08/23/2014,PIA,IL,AGL,CE,Combined TRACON& Tower with Radar,6,27,8,3,44,0,1,14,2,17,6,28,22,5,61,8,0,8,69
08/24/2014,PIA,IL,AGL,CE,Combined TRACON& Tower with Radar,6,36,3,0,45,0,4,34,0,38,6,40,37,0,83,32,0,32,115
08/25/2014,PIA,IL,AGL,CE,Combined TRACON& Tower with Radar,7,43,23,3,76,0,3,10,23,36,7,46,33,26,112,4,8,12,124
08/26/2014,PIA,IL,AGL,CE,Combined TRACON& Tower with Radar,6,44,22,16,88,0,1,16,22,39,6,45,38,38,127,0,16,16,143
08/27/2014,PIA,IL,AGL,CE,Combined TRACON& Tower with Radar,6,40,27,7,80,0,1,20,35,56,6,41,47,42,136,6,18,24,160
08/28/2014,PIA,IL,AGL,CE,Combined TRACON& Tower with Radar,12,45,20,7,84,0,4,10,9,23,12,49,30,16,107,10,34,44,151
08/29/2014,PIA,IL,AGL,CE,Combined TRACON& Tower with Radar,11,39,17,1,68,0,1,7,0,8,11,40,24,1,76,0,0,0,76
08/30/2014,PIA,IL,AGL,CE,Combined TRACON& Tower with Radar,2,29,7,1,39,0,0,4,0,4,2,29,11,1,43,0,0,0,43
08/31/2014,PIA,IL,AGL,CE,Combined TRACON& Tower with Radar,8,20,6,0,34,0,0,8,0,8,8,20,14,0,42,0,0,0,42
09/01/2014,PIA,IL,AGL,CE,Combined TRACON& Tower with Radar,6,34,13,0,53,0,1,15,0,16,6,35,28,0,69,10,0,10,79
09/02/2014,PIA,IL,AGL,CE,Combined TRACON& Tower with Radar,3,41,17,4,65,0,2,13,18,33,3,43,30,22,98,12,2,14,112
09/03/2014,PIA,IL,AGL,CE,Combined TRACON& Tower with Radar,6,35,23,8,72,0,2,21,21,44,6,37,44,29,116,12,4,16,132
09/04/2014,PIA,IL,AGL,CE,Combined TRACON& Tower with Radar,14,40,13,2,69,0,4,13,4,21,14,44,26,6,90,0,0,0,90
09/05/2014,PIA,IL,AGL,CE,Combined TRACON& Tower with Radar,11,35,24,0,70,0,2,12,0,14,11,37,36,0,84,24,0,24,108
09/06/2014,PIA,IL,AGL,CE,Combined TRACON& Tower with Radar,2,31,12,14,59,0,1,28,0,29,2,32,40,14,88,48,0,48,136
09/07/2014,PIA,IL,AGL,CE,Combined TRACON& Tower with Radar,6,37,19,1,63,0,3,22,3,28,6,40,41,4,91,70,0,70,161
09/08/2014,PIA,IL,AGL,CE,Combined TRACON& Tower with Radar,5,38,15,2,60,0,6,37,7,50,5,44,52,9,110,32,32,64,174
09/09/2014,PIA,IL,AGL,CE,Combined TRACON& Tower with Radar,8,44,20,3,75,0,0,0,0,0,8,44,20,3,75,0,16,16,91
09/10/2014,PIA,IL,AGL,CE,Combined TRACON& Tower with Radar,5,38,16,8,67,0,2,10,0,12,5,40,26,8,79,0,0,0,79
09/11/2014,PIA,IL,AGL,CE,Combined TRACON& Tower with Radar,13,44,24,23,104,0,4,14,6,24,13,48,38,29,128,12,0,12,140
09/12/2014,PIA,IL,AGL,CE,Combined TRACON& Tower with Radar,12,40,35,4,91,0,1,5,0,6,12,41,40,4,97,0,0,0,97
09/13/2014,PIA,IL,AGL,CE,Combined TRACON& Tower with Radar,2,25,15,1,43,0,3,28,0,31,2,28,43,1,74,2,0,2,76
09/14/2014,PIA,IL,AGL,CE,Combined TRACON& Tower with Radar,6,38,8,0,52,0,4,21,0,25,6,42,29,0,77,0,0,0,77
09/15/2014,PIA,IL,AGL,CE,Combined TRACON& Tower with Radar,8,41,24,14,87,0,1,2,0,3,8,42,26,14,90,0,0,0,90
09/16/2014,PIA,IL,AGL,CE,Combined TRACON& Tower with Radar,6,39,38,5,88,0,2,26,13,41,6,41,64,18,129,18,12,30,159
09/17/2014,PIA,IL,AGL,CE,Combined TRACON& Tower with Radar,6,43,20,4,73,0,4,28,32,64,6,47,48,36,137,18,4,22,159
09/18/2014,PIA,IL,AGL,CE,Combined TRACON& Tower with Radar,12,43,12,2,69,0,1,12,11,24,12,44,24,13,93,0,0,0,93
09/19/2014,PIA,IL,AGL,CE,Combined TRACON& Tower with Radar,11,41,16,1,69,0,1,19,19,39,11,42,35,20,108,20,22,42,150
09/20/2014,PIA,IL,AGL,CE,Combined TRACON& Tower with Radar,2,27,8,3,40,0,1,7,0,8,2,28,15,3,48,2,0,2,50
09/21/2014,PIA,IL,AGL,CE,Combined TRACON& Tower with Radar,6,38,12,1,57,0,3,22,0,25,6,41,34,1,82,24,0,24,106
09/22/2014,PIA,IL,AGL,CE,Combined TRACON& Tower with Radar,7,44,19,16,86,0,3,28,8,39,7,47,47,24,125,28,34,62,187
09/23/2014,PIA,IL,AGL,CE,Combined TRACON& Tower with Radar,10,41,23,11,85,0,7,23,22,52,10,48,46,33,137,36,8,44,181
09/24/2014,PIA,IL,AGL,CE,Combined TRACON& Tower with Radar,8,41,31,6,86,0,5,26,12,43,8,46,57,18,129,6,0,6,135
09/25/2014,PIA,IL,AGL,CE,Combined TRACON& Tower with Radar,12,42,12,4,70,0,1,24,4,29,12,43,36,8,99,30,4,34,133
09/26/2014,PIA,IL,AGL,CE,Combined TRACON& Tower with Radar,9,32,24,1,66,0,2,35,3,40,9,34,59,4,106,0,0,0,106
09/27/2014,PIA,IL,AGL,CE,Combined TRACON& Tower with Radar,18,31,10,3,62,1,6,40,7,54,19,37,50,10,116,46,0,46,162
09/28/2014,PIA,IL,AGL,CE,Combined TRACON& Tower with Radar,31,39,12,4,86,0,3,32,7,42,31,42,44,11,128,14,0,14,142
09/29/2014,PIA,IL,AGL,CE,Combined TRACON& Tower with Radar,9,94,17,7,127,2,2,38,12,54,11,96,55,19,181,16,28,44,225
09/30/2014,PIA,IL,AGL,CE,Combined TRACON& Tower with Radar,5,67,28,8,108,0,5,25,5,35,5,72,53,13,143,2,32,34,177
10/01/2014,PIA,IL,AGL,CE,Combined TRACON& Tower with Radar,4,34,6,4,48,0,5,24,6,35,4,39,30,10,83,0,6,6,89
10/02/2014,PIA,IL,AGL,CE,Combined TRACON& Tower with Radar,12,52,22,4,90,0,1,1,0,2,12,53,23,4,92,4,0,4,96
10/03/2014,PIA,IL,AGL,CE,Combined TRACON& Tower with Radar,12,43,25,24,104,1,1,7,5,14,13,44,32,29,118,0,40,40,158
10/04/2014,PIA,IL,AGL,CE,Combined TRACON& Tower with Radar,3,26,7,2,38,0,2,6,4,12,3,28,13,6,50,0,10,10,60
10/05/2014,PIA,IL,AGL,CE,Combined TRACON& Tower with Radar,3,36,12,2,53,0,6,21,8,35,3,42,33,10,88,0,22,22,110
10/06/2014,PIA,IL,AGL,CE,Combined TRACON& Tower with Radar,6,47,11,2,66,0,2,15,2,19,6,49,26,4,85,0,16,16,101
10/07/2014,PIA,IL,AGL,CE,Combined TRACON& Tower with Radar,6,40,22,6,74,0,2,13,19,34,6,42,35,25,108,0,0,0,108
10/08/2014,PIA,IL,AGL,CE,Combined TRACON& Tower with Radar,4,51,24,2,81,0,3,29,18,50,4,54,53,20,131,6,10,16,147
10/09/2014,PIA,IL,AGL,CE,Combined TRACON& Tower with Radar,12,39,20,0,71,0,1,8,0,9,12,40,28,0,80,0,0,0,80
10/10/2014,PIA,IL,AGL,CE,Combined TRACON& Tower with Radar,9,44,26,0,79,0,2,35,0,37,9,46,61,0,116,64,0,64,180
10/11/2014,PIA,IL,AGL,CE,Combined TRACON& Tower with Radar,3,29,17,0,49,0,2,22,0,24,3,31,39,0,73,48,0,48,121
10/12/2014,PIA,IL,AGL,CE,Combined TRACON& Tower with Radar,6,35,13,0,54,0,6,11,0,17,6,41,24,0,71,14,0,14,85
10/13/2014,PIA,IL,AGL,CE,Combined TRACON& Tower with Radar,7,35,21,0,63,0,1,1,0,2,7,36,22,0,65,0,0,0,65
10/14/2014,PIA,IL,AGL,CE,Combined TRACON& Tower with Radar,7,40,27,8,82,0,1,6,1,8,7,41,33,9,90,0,4,4,94
10/15/2014,PIA,IL,AGL,CE,Combined TRACON& Tower with Radar,7,45,38,4,94,0,2,8,0,10,7,47,46,4,104,4,16,20,124
10/16/2014,PIA,IL,AGL,CE,Combined TRACON& Tower with Radar,12,46,32,14,104,0,1,15,2,18,12,47,47,16,122,0,8,8,130
10/17/2014,PIA,IL,AGL,CE,Combined TRACON& Tower with Radar,14,38,36,2,90,0,4,22,16,42,14,42,58,18,132,4,14,18,150
10/18/2014,PIA,IL,AGL,CE,Combined TRACON& Tower with Radar,3,28,6,7,44,0,2,16,12,30,3,30,22,19,74,8,8,16,90
10/19/2014,PIA,IL,AGL,CE,Combined TRACON& Tower with Radar,6,35,15,5,61,0,1,24,5,30,6,36,39,10,91,0,4,4,95
10/20/2014,PIA,IL,AGL,CE,Combined TRACON& Tower with Radar,9,43,20,5,77,0,5,25,5,35,9,48,45,10,112,10,6,16,128
10/21/2014,PIA,IL,AGL,CE,Combined TRACON& Tower with Radar,6,39,30,3,78,0,10,33,5,48,6,49,63,8,126,10,4,14,140
10/22/2014,PIA,IL,AGL,CE,Combined TRACON& Tower with Radar,8,41,24,3,76,0,3,15,5,23,8,44,39,8,99,10,18,28,127
10/23/2014,PIA,IL,AGL,CE,Combined TRACON& Tower with Radar,12,41,26,8,87,0,4,10,10,24,12,45,36,18,111,10,18,28,139
10/24/2014,PIA,IL,AGL,CE,Combined TRACON& Tower with Radar,11,38,16,0,65,0,1,9,0,10,11,39,25,0,75,10,0,10,85
10/25/2014,PIA,IL,AGL,CE,Combined TRACON& Tower with Radar,4,28,6,2,40,0,3,19,0,22,4,31,25,2,62,10,0,10,72
10/26/2014,PIA,IL,AGL,CE,Combined TRACON& Tower with Radar,6,36,12,0,54,0,3,29,0,32,6,39,41,0,86,6,0,6,92
10/27/2014,PIA,IL,AGL,CE,Combined TRACON& Tower with Radar,7,39,20,12,78,0,4,12,6,22,7,43,32,18,100,0,4,4,104
10/28/2014,PIA,IL,AGL,CE,Combined TRACON& Tower with Radar,7,35,18,4,64,0,1,12,18,31,7,36,30,22,95,2,0,2,97
10/29/2014,PIA,IL,AGL,CE,Combined TRACON& Tower with Radar,7,38,24,2,71,0,5,39,2,46,7,43,63,4,117,34,0,34,151
10/30/2014,PIA,IL,AGL,CE,Combined TRACON& Tower with Radar,12,38,24,5,79,0,1,9,13,23,12,39,33,18,102,0,4,4,106
10/31/2014,PIA,IL,AGL,CE,Combined TRACON& Tower with Radar,13,27,7,1,48,0,3,7,0,10,13,30,14,1,58,2,0,2,60
11/01/2014,PIA,IL,AGL,CE,Combined TRACON& Tower with Radar,2,30,12,6,50,0,4,20,4,28,2,34,32,10,78,0,0,0,78
11/02/2014,PIA,IL,AGL,CE,Combined TRACON& Tower with Radar,6,40,14,7,67,0,6,7,2,15,6,46,21,9,82,46,8,54,136
11/03/2014,PIA,IL,AGL,CE,Combined TRACON& Tower with Radar,9,38,28,5,80,0,4,14,4,22,9,42,42,9,102,8,18,26,128
11/04/2014,PIA,IL,AGL,CE,Combined TRACON& Tower with Radar,6,34,23,7,70,0,3,12,22,37,6,37,35,29,107,0,10,10,117
11/05/2014,PIA,IL,AGL,CE,Combined TRACON& Tower with Radar,6,35,28,11,80,0,5,25,20,50,6,40,53,31,130,10,18,28,158
11/06/2014,PIA,IL,AGL,CE,Combined TRACON& Tower with Radar,12,39,22,8,81,0,4,9,2,15,12,43,31,10,96,0,0,0,96
11/07/2014,PIA,IL,AGL,CE,Combined TRACON& Tower with Radar,13,46,19,6,84,0,3,16,0,19,13,49,35,6,103,40,2,42,145
11/08/2014,PIA,IL,AGL,CE,Combined TRACON& Tower with Radar,2,29,13,0,44,0,2,11,1,14,2,31,24,1,58,0,0,0,58
11/09/2014,PIA,IL,AGL,CE,Combined TRACON& Tower with Radar,4,37,11,1,53,0,2,16,0,18,4,39,27,1,71,0,0,0,71
11/10/2014,PIA,IL,AGL,CE,Combined TRACON& Tower with Radar,9,38,20,0,67,0,4,24,0,28,9,42,44,0,95,22,0,22,117
11/11/2014,PIA,IL,AGL,CE,Combined TRACON& Tower with Radar,6,40,21,2,69,0,1,7,0,8,6,41,28,2,77,0,0,0,77
11/12/2014,PIA,IL,AGL,CE,Combined TRACON& Tower with Radar,6,38,13,16,73,0,1,11,22,34,6,39,24,38,107,14,10,24,131
11/13/2014,PIA,IL,AGL,CE,Combined TRACON& Tower with Radar,10,43,13,8,74,0,0,11,8,19,10,43,24,16,93,0,8,8,101
11/14/2014,PIA,IL,AGL,CE,Combined TRACON& Tower with Radar,15,37,12,8,72,0,3,12,4,19,15,40,24,12,91,0,8,8,99
11/15/2014,PIA,IL,AGL,CE,Combined TRACON& Tower with Radar,2,28,10,0,40,0,3,16,0,19,2,31,26,0,59,8,0,8,67
11/16/2014,PIA,IL,AGL,CE,Combined TRACON& Tower with Radar,6,29,4,0,39,0,0,0,0,0,6,29,4,0,39,0,0,0,39
11/17/2014,PIA,IL,AGL,CE,Combined TRACON& Tower with Radar,11,39,21,5,76,0,3,2,2,7,11,42,23,7,83,0,14,14,97
11/18/2014,PIA,IL,AGL,CE,Combined TRACON& Tower with Radar,6,40,15,8,69,0,3,12,7,22,6,43,27,15,91,0,0,0,91
11/19/2014,PIA,IL,AGL,CE,Combined TRACON& Tower with Radar,6,44,19,14,83,0,4,9,26,39,6,48,28,40,122,0,0,0,122
11/20/2014,PIA,IL,AGL,CE,Combined TRACON& Tower with Radar,12,46,21,0,79,0,3,16,11,30,12,49,37,11,109,18,2,20,129
11/21/2014,PIA,IL,AGL,CE,Combined TRACON& Tower with Radar,13,37,15,5,70,0,3,30,2,35,13,40,45,7,105,10,18,28,133
11/22/2014,PIA,IL,AGL,CE,Combined TRACON& Tower with Radar,2,27,3,0,32,0,2,9,0,11,2,29,12,0,43,2,0,2,45
11/23/2014,PIA,IL,AGL,CE,Combined TRACON& Tower with Radar,6,31,4,0,41,0,0,0,0,0,6,31,4,0,41,0,0,0,41
11/24/2014,PIA,IL,AGL,CE,Combined TRACON& Tower with Radar,8,29,12,8,57,0,1,4,0,5,8,30,16,8,62,6,12,18,80
11/25/2014,PIA,IL,AGL,CE,Combined TRACON& Tower with Radar,15,33,28,6,82,0,4,21,0,25,15,37,49,6,107,4,10,14,121
11/26/2014,PIA,IL,AGL,CE,Combined TRACON& Tower with Radar,10,37,3,0,50,0,1,6,0,7,10,38,9,0,57,0,0,0,57
11/27/2014,PIA,IL,AGL,CE,Combined TRACON& Tower with Radar,2,21,1,0,24,0,2,4,0,6,2,23,5,0,30,0,0,0,30
11/28/2014,PIA,IL,AGL,CE,Combined TRACON& Tower with Radar,11,24,6,0,41,0,2,20,0,22,11,26,26,0,63,0,0,0,63
11/29/2014,PIA,IL,AGL,CE,Combined TRACON& Tower with Radar,6,42,4,0,52,0,4,13,0,17,6,46,17,0,69,24,0,24,93
11/30/2014,PIA,IL,AGL,CE,Combined TRACON& Tower with Radar,4,39,12,0,55,0,2,5,0,7,4,41,17,0,62,0,0,0,62
12/01/2014,PIA,IL,AGL,CE,Combined TRACON& Tower with Radar,11,39,18,3,71,0,1,3,13,17,11,40,21,16,88,0,16,16,104
12/02/2014,PIA,IL,AGL,CE,Combined TRACON& Tower with Radar,6,38,22,13,79,0,3,12,16,31,6,41,34,29,110,2,30,32,142
12/03/2014,PIA,IL,AGL,CE,Combined TRACON& Tower with Radar,8,46,22,4,80,0,4,28,36,68,8,50,50,40,148,0,10,10,158
12/04/2014,PIA,IL,AGL,CE,Combined TRACON& Tower with Radar,10,38,18,14,80,0,2,13,16,31,10,40,31,30,111,0,22,22,133
12/05/2014,PIA,IL,AGL,CE,Combined TRACON& Tower with Radar,13,43,18,0,74,0,0,1,0,1,13,43,19,0,75,0,0,0,75
12/06/2014,PIA,IL,AGL,CE,Combined TRACON& Tower with Radar,2,26,10,4,42,0,3,11,2,16,2,29,21,6,58,6,0,6,64
12/07/2014,PIA,IL,AGL,CE,Combined TRACON& Tower with Radar,6,34,11,2,53,0,3,10,4,17,6,37,21,6,70,4,4,8,78
12/08/2014,PIA,IL,AGL,CE,Combined TRACON& Tower with Radar,9,40,17,6,72,0,0,0,0,0,9,40,17,6,72,0,0,0,72
12/09/2014,PIA,IL,AGL,CE,Combined TRACON& Tower with Radar,6,34,26,2,68,0,4,11,5,20,6,38,37,7,88,4,20,24,112
12/10/2014,PIA,IL,AGL,CE,Combined TRACON& Tower with Radar,6,41,16,32,95,0,4,12,16,32,6,45,28,48,127,0,36,36,163
12/11/2014,PIA,IL,AGL,CE,Combined TRACON& Tower with Radar,10,49,37,11,107,0,5,13,4,22,10,54,50,15,129,6,16,22,151
12/12/2014,PIA,IL,AGL,CE,Combined TRACON& Tower with Radar,13,45,18,0,76,0,2,3,2,7,13,47,21,2,83,0,6,6,89
12/13/2014,PIA,IL,AGL,CE,Combined TRACON& Tower with Radar,2,21,17,0,40,0,1,14,0,15,2,22,31,0,55,32,0,32,87
12/14/2014,PIA,IL,AGL,CE,Combined TRACON& Tower with Radar,4,31,8,0,43,0,0,0,0,0,4,31,8,0,43,0,0,0,43
12/15/2014,PIA,IL,AGL,CE,Combined TRACON& Tower with Radar,9,40,10,10,69,0,0,0,0,0,9,40,10,10,69,0,0,0,69
12/16/2014,PIA,IL,AGL,CE,Combined TRACON& Tower with Radar,6,39,13,22,80,0,0,0,6,6,6,39,13,28,86,0,12,12,98
12/17/2014,PIA,IL,AGL,CE,Combined TRACON& Tower with Radar,10,40,20,4,74,0,0,5,40,45,10,40,25,44,119,0,18,18,137
12/18/2014,PIA,IL,AGL,CE,Combined TRACON& Tower with Radar,10,48,24,2,84,0,12,23,8,43,10,60,47,10,127,22,4,26,153
12/19/2014,PIA,IL,AGL,CE,Combined TRACON& Tower with Radar,14,39,19,0,72,0,2,12,0,14,14,41,31,0,86,0,0,0,86
12/20/2014,PIA,IL,AGL,CE,Combined TRACON& Tower with Radar,7,28,13,0,48,0,1,26,0,27,7,29,39,0,75,34,0,34,109
12/21/2014,PIA,IL,AGL,CE,Combined TRACON& Tower with Radar,6,32,10,0,48,0,3,3,0,6,6,35,13,0,54,0,0,0,54
12/22/2014,PIA,IL,AGL,CE,Combined TRACON& Tower with Radar,9,31,11,12,63,0,2,0,0,2,9,33,11,12,65,0,0,0,65
12/23/2014,PIA,IL,AGL,CE,Combined TRACON& Tower with Radar,14,33,8,5,60,0,3,36,11,50,14,36,44,16,110,34,12,46,156
12/24/2014,PIA,IL,AGL,CE,Combined TRACON& Tower with Radar,10,24,1,0,35,0,0,1,0,1,10,24,2,0,36,0,0,0,36
12/25/2014,PIA,IL,AGL,CE,Combined TRACON& Tower with Radar,8,25,2,0,35,0,2,10,0,12,8,27,12,0,47,8,0,8,55
12/26/2014,PIA,IL,AGL,CE,Combined TRACON& Tower with Radar,11,33,3,0,47,0,9,19,0,28,11,42,22,0,75,44,2,46,121
12/27/2014,PIA,IL,AGL,CE,Combined TRACON& Tower with Radar,10,27,5,0,42,0,3,5,0,8,10,30,10,0,50,0,0,0,50
12/28/2014,PIA,IL,AGL,CE,Combined TRACON& Tower with Radar,4,29,11,0,44,0,1,29,0,30,4,30,40,0,74,0,0,0,74
12/29/2014,PIA,IL,AGL,CE,Combined TRACON& Tower with Radar,9,35,6,0,50,0,1,16,0,17,9,36,22,0,67,8,0,8,75
12/30/2014,PIA,IL,AGL,CE,Combined TRACON& Tower with Radar,12,28,16,2,58,0,2,11,4,17,12,30,27,6,75,0,0,0,75
12/31/2014,PIA,IL,AGL,CE,Combined TRACON& Tower with Radar,10,25,4,0,39,0,5,12,0,17,10,30,16,0,56,0,0,0,56
01/01/2015,PIA,IL,AGL,CE,Combined TRACON& Tower with Radar,4,17,1,0,22,0,2,12,0,14,4,19,13,0,36,0,0,0,36
01/02/2015,PIA,IL,AGL,CE,Combined TRACON& Tower with Radar,12,34,4,0,50,0,2,25,0,27,12,36,29,0,77,8,0,8,85
01/03/2015,PIA,IL,AGL,CE,Combined TRACON& Tower with Radar,10,27,2,0,39,0,0,0,0,0,10,27,2,0,39,0,0,0,39
01/04/2015,PIA,IL,AGL,CE,Combined TRACON& Tower with Radar,4,28,4,0,36,0,1,2,0,3,4,29,6,0,39,0,0,0,39
01/05/2015,PIA,IL,AGL,CE,Combined TRACON& Tower with Radar,8,24,11,3,46,0,2,3,8,13,8,26,14,11,59,2,0,2,61
01/06/2015,PIA,IL,AGL,CE,Combined TRACON& Tower with Radar,11,31,10,9,61,0,2,6,9,17,11,33,16,18,78,0,34,34,112
01/07/2015,PIA,IL,AGL,CE,Combined TRACON& Tower with Radar,6,35,12,1,54,0,5,6,3,14,6,40,18,4,68,0,52,52,120
01/08/2015,PIA,IL,AGL,CE,Combined TRACON& Tower with Radar,9,33,14,4,60,0,1,12,5,18,9,34,26,9,78,0,20,20,98
01/09/2015,PIA,IL,AGL,CE,Combined TRACON& Tower with Radar,16,34,14,13,77,0,3,11,3,17,16,37,25,16,94,0,14,14,108
01/10/2015,PIA,IL,AGL,CE,Combined TRACON& Tower with Radar,2,25,8,8,43,0,5,16,14,35,2,30,24,22,78,10,2,12,90
01/11/2015,PIA,IL,AGL,CE,Combined TRACON& Tower with Radar,4,28,8,5,45,0,1,1,6,8,4,29,9,11,53,0,8,8,61
01/12/2015,PIA,IL,AGL,CE,Combined TRACON& Tower with Radar,13,36,12,8,69,0,3,10,4,17,13,39,22,12,86,0,0,0,86
01/13/2015,PIA,IL,AGL,CE,Combined TRACON& Tower with Radar,6,33,12,5,56,0,0,4,24,28,6,33,16,29,84,0,10,10,94
01/14/2015,PIA,IL,AGL,CE,Combined TRACON& Tower with Radar,10,44,21,9,84,0,3,12,11,26,10,47,33,20,110,2,28,30,140
01/15/2015,PIA,IL,AGL,CE,Combined TRACON& Tower with Radar,10,38,13,14,75,0,2,20,7,29,10,40,33,21,104,22,30,52,156
01/16/2015,PIA,IL,AGL,CE,Combined TRACON& Tower with Radar,13,35,7,0,55,0,4,17,0,21,13,39,24,0,76,0,0,0,76
01/17/2015,PIA,IL,AGL,CE,Combined TRACON& Tower with Radar,2,21,10,0,33,0,1,11,0,12,2,22,21,0,45,2,0,2,47
01/18/2015,PIA,IL,AGL,CE,Combined TRACON& Tower with Radar,6,32,3,0,41,0,4,14,0,18,6,36,17,0,59,22,0,22,81
01/19/2015,PIA,IL,AGL,CE,Combined TRACON& Tower with Radar,9,34,12,0,55,0,1,25,0,26,9,35,37,0,81,20,0,20,101
01/20/2015,PIA,IL,AGL,CE,Combined TRACON& Tower with Radar,6,33,22,7,68,0,0,0,4,4,6,33,22,11,72,0,8,8,80
01/21/2015,PIA,IL,AGL,CE,Combined TRACON& Tower with Radar,8,32,17,9,66,0,2,1,4,7,8,34,18,13,73,0,0,0,73
01/22/2015,PIA,IL,AGL,CE,Combined TRACON& Tower with Radar,10,34,16,6,66,2,1,7,15,25,12,35,23,21,91,0,6,6,97
01/23/2015,PIA,IL,AGL,CE,Combined TRACON& Tower with Radar,13,34,11,16,74,0,4,17,11,32,13,38,28,27,106,4,38,42,148
01/24/2015,PIA,IL,AGL,CE,Combined TRACON& Tower with Radar,4,27,5,1,37,0,2,29,0,31,4,29,34,1,68,48,0,48,116
01/25/2015,PIA,IL,AGL,CE,Combined TRACON& Tower with Radar,4,27,2,1,34,0,0,0,0,0,4,27,2,1,34,0,0,0,34
01/26/2015,PIA,IL,AGL,CE,Combined TRACON& Tower with Radar,12,33,25,1,71,0,1,3,0,4,12,34,28,1,75,0,0,0,75
01/27/2015,PIA,IL,AGL,CE,Combined TRACON& Tower with Radar,7,34,17,9,67,0,1,4,17,22,7,35,21,26,89,0,32,32,121
01/28/2015,PIA,IL,AGL,CE,Combined TRACON& Tower with Radar,6,46,32,11,95,0,2,11,5,18,6,48,43,16,113,0,0,0,113
01/29/2015,PIA,IL,AGL,CE,Combined TRACON& Tower with Radar,8,36,7,4,55,0,2,1,1,4,8,38,8,5,59,0,0,0,59
01/30/2015,PIA,IL,AGL,CE,Combined TRACON& Tower with Radar,16,36,23,3,78,0,3,15,0,18,16,39,38,3,96,8,0,8,104
01/31/2015,PIA,IL,AGL,CE,Combined TRACON& Tower with Radar,2,23,14,0,39,0,3,16,0,19,2,26,30,0,58,30,0,30,88
02/01/2015,PIA,IL,AGL,CE,Combined TRACON& Tower with Radar,2,9,10,0,21,0,0,0,0,0,2,9,10,0,21,0,0,0,21
02/02/2015,PIA,IL,AGL,CE,Combined TRACON& Tower with Radar,10,30,16,0,56,0,4,8,0,12,10,34,24,0,68,0,0,0,68
02/03/2015,PIA,IL,AGL,CE,Combined TRACON& Tower with Radar,4,31,10,20,65,0,1,6,7,14,4,32,16,27,79,22,4,26,105
02/04/2015,PIA,IL,AGL,CE,Combined TRACON& Tower with Radar,4,37,7,1,49,0,3,2,0,5,4,40,9,1,54,0,0,0,54
02/05/2015,PIA,IL,AGL,CE,Combined TRACON& Tower with Radar,8,39,16,0,63,0,7,14,20,41,8,46,30,20,104,0,20,20,124
02/06/2015,PIA,IL,AGL,CE,Combined TRACON& Tower with Radar,10,34,27,12,83,0,4,16,5,25,10,38,43,17,108,0,10,10,118
02/07/2015,PIA,IL,AGL,CE,Combined TRACON& Tower with Radar,0,26,26,5,57,0,2,37,7,46,0,28,63,12,103,14,4,18,121
02/08/2015,PIA,IL,AGL,CE,Combined TRACON& Tower with Radar,6,38,10,6,60,0,2,5,12,19,6,40,15,18,79,16,4,20,99
02/09/2015,PIA,IL,AGL,CE,Combined TRACON& Tower with Radar,8,36,15,6,65,0,1,1,2,4,8,37,16,8,69,0,2,2,71
02/10/2015,PIA,IL,AGL,CE,Combined TRACON& Tower with Radar,4,36,28,7,75,0,6,60,13,79,4,42,88,20,154,12,12,24,178
02/11/2015,PIA,IL,AGL,CE,Combined TRACON& Tower with Radar,6,36,27,23,92,0,3,12,4,19,6,39,39,27,111,0,10,10,121
02/12/2015,PIA,IL,AGL,CE,Combined TRACON& Tower with Radar,8,43,21,5,77,0,0,11,6,17,8,43,32,11,94,0,0,0,94
02/13/2015,PIA,IL,AGL,CE,Combined TRACON& Tower with Radar,10,32,17,0,59,0,3,14,0,17,10,35,31,0,76,0,0,0,76
02/14/2015,PIA,IL,AGL,CE,Combined TRACON& Tower with Radar,2,25,2,0,29,0,1,1,0,2,2,26,3,0,31,0,0,0,31
02/15/2015,PIA,IL,AGL,CE,Combined TRACON& Tower with Radar,6,27,11,1,45,0,2,17,0,19,6,29,28,1,64,32,0,32,96
02/16/2015,PIA,IL,AGL,CE,Combined TRACON& Tower with Radar,8,36,16,0,60,0,14,15,0,29,8,50,31,0,89,0,0,0,89
02/17/2015,PIA,IL,AGL,CE,Combined TRACON& Tower with Radar,4,33,13,8,58,0,2,14,6,22,4,35,27,14,80,0,56,56,136
02/18/2015,PIA,IL,AGL,CE,Combined TRACON& Tower with Radar,6,34,10,15,65,0,6,17,21,44,6,40,27,36,109,0,28,28,137
02/19/2015,PIA,IL,AGL,CE,Combined TRACON& Tower with Radar,9,36,19,6,70,0,4,20,6,30,9,40,39,12,100,0,16,16,116
02/20/2015,PIA,IL,AGL,CE,Combined TRACON& Tower with Radar,11,32,19,5,67,0,1,4,6,11,11,33,23,11,78,0,0,0,78
02/21/2015,PIA,IL,AGL,CE,Combined TRACON& Tower with Radar,2,27,3,1,33,0,1,2,0,3,2,28,5,1,36,0,0,0,36
02/22/2015,PIA,IL,AGL,CE,Combined TRACON& Tower with Radar,4,30,16,2,52,0,5,7,2,14,4,35,23,4,66,0,0,0,66
02/23/2015,PIA,IL,AGL,CE,Combined TRACON& Tower with Radar,8,32,20,4,64,0,2,9,4,15,8,34,29,8,79,0,0,0,79
02/24/2015,PIA,IL,AGL,CE,Combined TRACON& Tower with Radar,4,34,11,1,50,0,1,8,16,25,4,35,19,17,75,0,4,4,79
02/25/2015,PIA,IL,AGL,CE,Combined TRACON& Tower with Radar,8,30,24,5,67,0,1,13,2,16,8,31,37,7,83,44,28,72,155
02/26/2015,PIA,IL,AGL,CE,Combined TRACON& Tower with Radar,8,38,9,6,61,0,0,2,2,4,8,38,11,8,65,4,26,30,95
02/27/2015,PIA,IL,AGL,CE,Combined TRACON& Tower with Radar,10,34,20,1,65,0,5,13,1,19,10,39,33,2,84,0,0,0,84
02/28/2015,PIA,IL,AGL,CE,Combined TRACON& Tower with Radar,2,23,7,1,33,0,3,24,0,27,2,26,31,1,60,20,0,20,80
03/01/2015,PIA,IL,AGL,CE,Combined TRACON& Tower with Radar,4,28,7,2,41,0,0,0,0,0,4,28,7,2,41,0,0,0,41
03/02/2015,PIA,IL,AGL,CE,Combined TRACON& Tower with Radar,9,36,30,4,79,0,2,9,4,15,9,38,39,8,94,0,22,22,116
03/03/2015,PIA,IL,AGL,CE,Combined TRACON& Tower with Radar,5,33,19,11,68,0,0,0,7,7,5,33,19,18,75,0,46,46,121
03/04/2015,PIA,IL,AGL,CE,Combined TRACON& Tower with Radar,7,35,22,6,70,0,5,7,27,39,7,40,29,33,109,0,8,8,117
03/05/2015,PIA,IL,AGL,CE,Combined TRACON& Tower with Radar,7,34,24,2,67,0,4,22,18,44,7,38,46,20,111,6,24,30,141
03/06/2015,PIA,IL,AGL,CE,Combined TRACON& Tower with Radar,10,31,18,13,72,0,3,7,13,23,10,34,25,26,95,0,40,40,135
03/07/2015,PIA,IL,AGL,CE,Combined TRACON& Tower with Radar,6,32,13,3,54,0,2,15,1,18,6,34,28,4,72,8,4,12,84
03/08/2015,PIA,IL,AGL,CE,Combined TRACON& Tower with Radar,4,35,12,11,62,0,1,34,3,38,4,36,46,14,100,60,22,82,182
03/09/2015,PIA,IL,AGL,CE,Combined TRACON& Tower with Radar,8,43,12,3,66,0,3,19,5,27,8,46,31,8,93,4,10,14,107
03/10/2015,PIA,IL,AGL,CE,Combined TRACON& Tower with Radar,4,40,30,6,80,0,4,16,11,31,4,44,46,17,111,6,18,24,135
03/11/2015,PIA,IL,AGL,CE,Combined TRACON& Tower with Radar,8,36,18,4,66,0,5,23,34,62,8,41,41,38,128,38,62,100,228
03/12/2015,PIA,IL,AGL,CE,Combined TRACON& Tower with Radar,8,36,25,9,78,0,1,20,10,31,8,37,45,19,109,6,24,30,139
03/13/2015,PIA,IL,AGL,CE,Combined TRACON& Tower with Radar,10,32,20,7,69,0,2,12,2,16,10,34,32,9,85,0,12,12,97
03/14/2015,PIA,IL,AGL,CE,Combined TRACON& Tower with Radar,6,34,12,1,53,0,8,20,0,28,6,42,32,1,81,10,0,10,91
03/15/2015,PIA,IL,AGL,CE,Combined TRACON& Tower with Radar,6,35,13,1,55,0,8,21,1,30,6,43,34,2,85,20,0,20,105
03/16/2015,PIA,IL,AGL,CE,Combined TRACON& Tower with Radar,8,39,25,9,81,0,1,22,4,27,8,40,47,13,108,48,20,68,176
03/17/2015,PIA,IL,AGL,CE,Combined TRACON& Tower with Radar,6,39,8,7,60,0,3,18,10,31,6,42,26,17,91,0,26,26,117
03/18/2015,PIA,IL,AGL,CE,Combined TRACON& Tower with Radar,8,46,20,14,88,0,6,36,12,54,8,52,56,26,142,60,44,104,246
03/19/2015,PIA,IL,AGL,CE,Combined TRACON& Tower with Radar,8,39,27,15,89,0,4,15,17,36,8,43,42,32,125,16,0,16,141
03/20/2015,PIA,IL,AGL,CE,Combined TRACON& Tower with Radar,12,36,24,27,99,0,1,3,14,18,12,37,27,41,117,0,0,0,117
03/21/2015,PIA,IL,AGL,CE,Combined TRACON& Tower with Radar,6,31,6,0,43,0,3,31,0,34,6,34,37,0,77,4,0,4,81
03/22/2015,PIA,IL,AGL,CE,Combined TRACON& Tower with Radar,4,38,9,1,52,0,3,19,0,22,4,41,28,1,74,34,0,34,108
03/23/2015,PIA,IL,AGL,CE,Combined TRACON& Tower with Radar,12,31,8,0,51,0,1,1,2,4,12,32,9,2,55,0,0,0,55
03/24/2015,PIA,IL,AGL,CE,Combined TRACON& Tower with Radar,4,37,13,19,73,0,2,5,1,8,4,39,18,20,81,24,0,24,105
03/25/2015,PIA,IL,AGL,CE,Combined TRACON& Tower with Radar,8,39,27,10,84,0,2,2,5,9,8,41,29,15,93,0,8,8,101
03/26/2015,PIA,IL,AGL,CE,Combined TRACON& Tower with Radar,8,46,32,0,86,0,3,28,17,48,8,49,60,17,134,14,4,18,152
03/27/2015,PIA,IL,AGL,CE,Combined TRACON& Tower with Radar,12,37,15,13,77,0,1,14,21,36,12,38,29,34,113,4,14,18,131
03/28/2015,PIA,IL,AGL,CE,Combined TRACON& Tower with Radar,6,33,14,1,54,4,4,41,1,50,10,37,55,2,104,28,0,28,132
03/29/2015,PIA,IL,AGL,CE,Combined TRACON& Tower with Radar,6,34,8,1,49,0,4,9,1,14,6,38,17,2,63,0,0,0,63
03/30/2015,PIA,IL,AGL,CE,Combined TRACON& Tower with Radar,10,38,13,6,67,0,3,13,13,29,10,41,26,19,96,0,22,22,118
03/31/2015,PIA,IL,AGL,CE,Combined TRACON& Tower with Radar,4,38,14,2,58,0,5,16,29,50,4,43,30,31,108,2,22,24,132
04/01/2015,PIA,IL,AGL,CE,Combined TRACON& Tower with Radar,10,36,13,10,69,0,5,15,12,32,10,41,28,22,101,0,24,24,125
04/02/2015,PIA,IL,AGL,CE,Combined TRACON& Tower with Radar,8,40,24,8,80,0,2,8,7,17,8,42,32,15,97,0,24,24,121
04/03/2015,PIA,IL,AGL,CE,Combined TRACON& Tower with Radar,8,34,15,1,58,0,3,9,0,12,8,37,24,1,70,0,0,0,70
04/04/2015,PIA,IL,AGL,CE,Combined TRACON& Tower with Radar,6,27,12,0,45,0,4,31,0,35,6,31,43,0,80,0,0,0,80
04/05/2015,PIA,IL,AGL,CE,Combined TRACON& Tower with Radar,4,30,9,0,43,0,1,4,0,5,4,31,13,0,48,0,0,0,48
04/06/2015,PIA,IL,AGL,CE,Combined TRACON& Tower with Radar,10,51,21,4,86,0,3,30,7,40,10,54,51,11,126,0,0,0,126
04/07/2015,PIA,IL,AGL,CE,Combined TRACON& Tower with Radar,4,36,26,13,79,0,0,0,1,1,4,36,26,14,80,0,0,0,80
04/08/2015,PIA,IL,AGL,CE,Combined TRACON& Tower with Radar,8,42,35,9,94,0,0,0,3,3,8,42,35,12,97,0,0,0,97
04/09/2015,PIA,IL,AGL,CE,Combined TRACON& Tower with Radar,12,45,10,5,72,0,2,11,0,13,12,47,21,5,85,0,0,0,85
04/10/2015,PIA,IL,AGL,CE,Combined TRACON& Tower with Radar,10,43,17,2,72,0,1,13,7,21,10,44,30,9,93,0,0,0,93
04/11/2015,PIA,IL,AGL,CE,Combined TRACON& Tower with Radar,4,54,13,2,73,0,2,37,13,52,4,56,50,15,125,0,0,0,125
04/12/2015,PIA,IL,AGL,CE,Combined TRACON& Tower with Radar,4,39,7,2,52,0,4,9,7,20,4,43,16,9,72,0,0,0,72
04/13/2015,PIA,IL,AGL,CE,Combined TRACON& Tower with Radar,8,41,25,2,76,0,4,19,3,26,8,45,44,5,102,0,0,0,102
04/14/2015,PIA,IL,AGL,CE,Combined TRACON& Tower with Radar,6,40,24,15,85,0,0,21,12,33,6,40,45,27,118,0,0,0,118
04/15/2015,PIA,IL,AGL,CE,Combined TRACON& Tower with Radar,4,36,19,1,60,0,7,21,13,41,4,43,40,14,101,0,0,0,101
04/16/2015,PIA,IL,AGL,CE,Combined TRACON& Tower with Radar,8,40,22,20,90,0,2,12,5,19,8,42,34,25,109,0,0,0,109
04/17/2015,PIA,IL,AGL,CE,Combined TRACON& Tower with Radar,10,42,24,12,88,0,6,38,1,45,10,48,62,13,133,0,0,0,133
04/18/2015,PIA,IL,AGL,CE,Combined TRACON& Tower with Radar,4,31,15,2,52,0,6,29,1,36,4,37,44,3,88,0,0,0,88
04/19/2015,PIA,IL,AGL,CE,Combined TRACON& Tower with Radar,5,34,15,0,54,0,1,9,0,10,5,35,24,0,64,0,0,0,64
04/20/2015,PIA,IL,AGL,CE,Combined TRACON& Tower with Radar,12,36,16,5,69,0,3,8,0,11,12,39,24,5,80,0,0,0,80
04/21/2015,PIA,IL,AGL,CE,Combined TRACON& Tower with Radar,6,34,14,10,64,0,2,25,6,33,6,36,39,16,97,0,0,0,97
04/22/2015,PIA,IL,AGL,CE,Combined TRACON& Tower with Radar,5,42,23,4,74,0,3,14,4,21,5,45,37,8,95,0,0,0,95
04/23/2015,PIA,IL,AGL,CE,Combined TRACON& Tower with Radar,10,41,12,5,68,0,2,29,6,37,10,43,41,11,105,0,0,0,105
04/24/2015,PIA,IL,AGL,CE,Combined TRACON& Tower with Radar,10,36,13,5,64,0,2,11,7,20,10,38,24,12,84,0,0,0,84
04/25/2015,PIA,IL,AGL,CE,Combined TRACON& Tower with Radar,2,30,2,0,34,0,0,1,0,1,2,30,3,0,35,0,0,0,35
04/26/2015,PIA,IL,AGL,CE,Combined TRACON& Tower with Radar,4,33,10,0,47,0,6,17,1,24,4,39,27,1,71,0,0,0,71
04/27/2015,PIA,IL,AGL,CE,Combined TRACON& Tower with Radar,8,35,13,1,57,0,3,34,0,37,8,38,47,1,94,0,0,0,94
04/28/2015,PIA,IL,AGL,CE,Combined TRACON& Tower with Radar,4,38,25,8,75,0,2,47,6,55,4,40,72,14,130,0,0,0,130
04/29/2015,PIA,IL,AGL,CE,Combined TRACON& Tower with Radar,4,38,20,6,68,0,2,25,1,28,4,40,45,7,96,0,0,0,96
04/30/2015,PIA,IL,AGL,CE,Combined TRACON& Tower with Radar,8,42,24,4,78,0,1,19,5,25,8,43,43,9,103,0,0,0,103
05/01/2015,PIA,IL,AGL,CE,Combined TRACON& Tower with Radar,10,36,19,12,77,0,1,14,5,20,10,37,33,17,97,0,38,38,135
05/02/2015,PIA,IL,AGL,CE,Combined TRACON& Tower with Radar,2,30,6,5,43,0,5,26,23,54,2,35,32,28,97,10,44,54,151
05/03/2015,PIA,IL,AGL,CE,Combined TRACON& Tower with Radar,4,33,4,0,41,0,3,12,4,19,4,36,16,4,60,22,0,22,82
05/04/2015,PIA,IL,AGL,CE,Combined TRACON& Tower with Radar,8,40,10,9,67,0,1,5,3,9,8,41,15,12,76,14,26,40,116
05/05/2015,PIA,IL,AGL,CE,Combined TRACON& Tower with Radar,8,44,11,6,69,0,3,15,38,56,8,47,26,44,125,0,32,32,157
05/06/2015,PIA,IL,AGL,CE,Combined TRACON& Tower with Radar,4,37,24,8,73,0,5,9,24,38,4,42,33,32,111,0,4,4,115
05/07/2015,PIA,IL,AGL,CE,Combined TRACON& Tower with Radar,8,42,15,2,67,0,3,12,6,21,8,45,27,8,88,0,0,0,88
05/08/2015,PIA,IL,AGL,CE,Combined TRACON& Tower with Radar,10,47,20,1,78,0,1,3,0,4,10,48,23,1,82,4,0,4,86
05/09/2015,PIA,IL,AGL,CE,Combined TRACON& Tower with Radar,0,26,20,0,46,0,2,19,0,21,0,28,39,0,67,16,0,16,83
05/10/2015,PIA,IL,AGL,CE,Combined TRACON& Tower with Radar,4,38,10,3,55,0,0,0,0,0,4,38,10,3,55,0,0,0,55
05/11/2015,PIA,IL,AGL,CE,Combined TRACON& Tower with Radar,8,36,17,0,61,0,2,5,1,8,8,38,22,1,69,0,0,0,69
05/12/2015,PIA,IL,AGL,CE,Combined TRACON& Tower with Radar,4,37,21,9,71,0,3,49,21,73,4,40,70,30,144,20,22,42,186
05/13/2015,PIA,IL,AGL,CE,Combined TRACON& Tower with Radar,4,36,18,25,83,0,2,18,22,42,4,38,36,47,125,8,100,108,233
05/14/2015,PIA,IL,AGL,CE,Combined TRACON& Tower with Radar,8,42,21,8,79,0,1,11,6,18,8,43,32,14,97,2,8,10,107
05/15/2015,PIA,IL,AGL,CE,Combined TRACON& Tower with Radar,10,49,16,7,82,0,3,9,2,14,10,52,25,9,96,0,0,0,96
05/16/2015,PIA,IL,AGL,CE,Combined TRACON& Tower with Radar,0,30,14,0,44,0,0,6,1,7,0,30,20,1,51,46,0,46,97
05/17/2015,PIA,IL,AGL,CE,Combined TRACON& Tower with Radar,4,35,16,3,58,0,3,10,3,16,4,38,26,6,74,12,0,12,86
05/18/2015,PIA,IL,AGL,CE,Combined TRACON& Tower with Radar,9,40,26,5,80,0,8,17,46,71,9,48,43,51,151,0,40,40,191
05/19/2015,PIA,IL,AGL,CE,Combined TRACON& Tower with Radar,4,46,28,2,80,0,6,23,13,42,4,52,51,15,122,44,0,44,166
05/20/2015,PIA,IL,AGL,CE,Combined TRACON& Tower with Radar,4,38,19,11,72,0,4,15,30,49,4,42,34,41,121,0,16,16,137
05/21/2015,PIA,IL,AGL,CE,Combined TRACON& Tower with Radar,10,36,29,13,88,0,4,23,4,31,10,40,52,17,119,0,20,20,139
05/22/2015,PIA,IL,AGL,CE,Combined TRACON& Tower with Radar,12,38,16,1,67,0,4,31,0,35,12,42,47,1,102,56,0,56,158
05/23/2015,PIA,IL,AGL,CE,Combined TRACON& Tower with Radar,0,29,11,0,40,0,11,27,0,38,0,40,38,0,78,18,0,18,96
05/24/2015,PIA,IL,AGL,CE,Combined TRACON& Tower with Radar,5,24,4,0,33,0,12,7,0,19,5,36,11,0,52,0,0,0,52
05/25/2015,PIA,IL,AGL,CE,Combined TRACON& Tower with Radar,9,29,9,0,47,0,4,6,0,10,9,33,15,0,57,8,0,8,65
05/26/2015,PIA,IL,AGL,CE,Combined TRACON& Tower with Radar,2,36,15,5,58,0,2,7,4,13,2,38,22,9,71,0,8,8,79
05/27/2015,PIA,IL,AGL,CE,Combined TRACON& Tower with Radar,4,36,15,3,58,0,6,20,2,28,4,42,35,5,86,26,0,26,112
05/28/2015,PIA,IL,AGL,CE,Combined TRACON& Tower with Radar,8,38,22,8,76,0,3,29,7,39,8,41,51,15,115,18,4,22,137
05/29/2015,PIA,IL,AGL,CE,Combined TRACON& Tower with Radar,10,42,18,16,86,0,4,9,9,22,10,46,27,25,108,16,16,32,140
05/30/2015,PIA,IL,AGL,CE,Combined TRACON& Tower with Radar,4,29,31,1,65,0,1,1,0,2,4,30,32,1,67,2,0,2,69
05/31/2015,PIA,IL,AGL,CE,Combined TRACON& Tower with Radar,4,33,10,0,47,0,4,6,0,10,4,37,16,0,57,16,0,16,73
06/01/2015,PIA,IL,AGL,CE,Combined TRACON& Tower with Radar,10,35,11,4,60,0,3,19,9,31,10,38,30,13,91,32,26,58,149
06/02/2015,PIA,IL,AGL,CE,Combined TRACON& Tower with Radar,6,41,21,5,73,0,0,40,19,59,6,41,61,24,132,18,42,60,192
06/03/2015,PIA,IL,AGL,CE,Combined TRACON& Tower with Radar,6,38,17,8,69,0,4,18,24,46,6,42,35,32,115,0,50,50,165
06/04/2015,PIA,IL,AGL,CE,Combined TRACON& Tower with Radar,8,38,28,7,81,0,6,14,2,22,8,44,42,9,103,22,0,22,125
06/05/2015,PIA,IL,AGL,CE,Combined TRACON& Tower with Radar,12,38,12,4,66,0,4,8,6,18,12,42,20,10,84,0,26,26,110
06/06/2015,PIA,IL,AGL,CE,Combined TRACON& Tower with Radar,4,30,13,6,53,0,5,39,2,46,4,35,52,8,99,28,0,28,127
06/07/2015,PIA,IL,AGL,CE,Combined TRACON& Tower with Radar,4,33,10,4,51,0,1,4,10,15,4,34,14,14,66,0,2,2,68
06/08/2015,PIA,IL,AGL,CE,Combined TRACON& Tower with Radar,12,36,7,3,58,0,2,9,3,14,12,38,16,6,72,0,0,0,72
06/09/2015,PIA,IL,AGL,CE,Combined TRACON& Tower with Radar,10,40,32,8,90,0,3,27,23,53,10,43,59,31,143,0,44,44,187
06/10/2015,PIA,IL,AGL,CE,Combined TRACON& Tower with Radar,5,38,21,12,76,0,3,5,17,25,5,41,26,29,101,0,14,14,115
06/11/2015,PIA,IL,AGL,CE,Combined TRACON& Tower with Radar,9,45,27,11,92,0,2,14,8,24,9,47,41,19,116,8,34,42,158
06/12/2015,PIA,IL,AGL,CE,Combined TRACON& Tower with Radar,12,34,18,3,67,0,0,5,0,5,12,34,23,3,72,0,0,0,72
06/13/2015,PIA,IL,AGL,CE,Combined TRACON& Tower with Radar,4,30,9,1,44,0,1,7,1,9,4,31,16,2,53,10,0,10,63
06/14/2015,PIA,IL,AGL,CE,Combined TRACON& Tower with Radar,4,38,10,0,52,0,0,16,2,18,4,38,26,2,70,0,0,0,70
06/15/2015,PIA,IL,AGL,CE,Combined TRACON& Tower with Radar,7,32,17,8,64,0,2,4,18,24,7,34,21,26,88,0,14,14,102
06/16/2015,PIA,IL,AGL,CE,Combined TRACON& Tower with Radar,9,33,24,20,86,0,2,11,40,53,9,35,35,60,139,24,34,58,197
06/17/2015,PIA,IL,AGL,CE,Combined TRACON& Tower with Radar,6,41,33,15,95,0,1,8,3,12,6,42,41,18,107,0,0,0,107
06/18/2015,PIA,IL,AGL,CE,Combined TRACON& Tower with Radar,8,39,21,4,72,0,1,3,5,9,8,40,24,9,81,0,0,0,81
06/19/2015,PIA,IL,AGL,CE,Combined TRACON& Tower with Radar,14,41,22,3,80,0,1,15,4,20,14,42,37,7,100,2,0,2,102
06/20/2015,PIA,IL,AGL,CE,Combined TRACON& Tower with Radar,4,32,34,0,70,0,0,21,1,22,4,32,55,1,92,12,0,12,104
06/21/2015,PIA,IL,AGL,CE,Combined TRACON& Tower with Radar,4,34,10,0,48,0,3,8,0,11,4,37,18,0,59,0,0,0,59
06/22/2015,PIA,IL,AGL,CE,Combined TRACON& Tower with Radar,12,35,20,3,70,0,2,9,1,12,12,37,29,4,82,6,0,6,88
06/23/2015,PIA,IL,AGL,CE,Combined TRACON& Tower with Radar,6,41,34,3,84,0,5,32,30,67,6,46,66,33,151,0,20,20,171
06/24/2015,PIA,IL,AGL,CE,Combined TRACON& Tower with Radar,6,40,14,21,81,0,0,3,13,16,6,40,17,34,97,22,26,48,145
06/25/2015,PIA,IL,AGL,CE,Combined TRACON& Tower with Radar,8,39,24,14,85,0,3,14,14,31,8,42,38,28,116,0,0,0,116
06/26/2015,PIA,IL,AGL,CE,Combined TRACON& Tower with Radar,14,37,22,6,79,0,0,1,0,1,14,37,23,6,80,0,0,0,80
06/27/2015,PIA,IL,AGL,CE,Combined TRACON& Tower with Radar,4,31,9,1,45,0,1,31,0,32,4,32,40,1,77,36,0,36,113
06/28/2015,PIA,IL,AGL,CE,Combined TRACON& Tower with Radar,4,36,11,0,51,0,1,10,0,11,4,37,21,0,62,10,0,10,72
06/29/2015,PIA,IL,AGL,CE,Combined TRACON& Tower with Radar,12,39,18,5,74,0,0,15,17,32,12,39,33,22,106,2,6,8,114
06/30/2015,PIA,IL,AGL,CE,Combined TRACON& Tower with Radar,7,35,20,11,73,0,2,27,24,53,7,37,47,35,126,22,16,38,164
07/01/2015,PIA,IL,AGL,CE,Combined TRACON& Tower with Radar,6,40,30,20,96,0,2,23,17,42,6,42,53,37,138,22,26,48,186
07/02/2015,PIA,IL,AGL,CE,Combined TRACON& Tower with Radar,7,41,19,8,75,0,3,13,11,27,7,44,32,19,102,0,26,26,128
07/03/2015,PIA,IL,AGL,CE,Combined TRACON& Tower with Radar,12,32,8,0,52,0,3,15,0,18,12,35,23,0,70,6,0,6,76
07/04/2015,PIA,IL,AGL,CE,Combined TRACON& Tower with Radar,5,25,12,0,42,0,1,26,0,27,5,26,38,0,69,2,0,2,71
07/05/2015,PIA,IL,AGL,CE,Combined TRACON& Tower with Radar,4,41,6,0,51,0,0,16,0,16,4,41,22,0,67,2,0,2,69
07/06/2015,PIA,IL,AGL,CE,Combined TRACON& Tower with Radar,10,36,13,0,59,0,1,5,0,6,10,37,18,0,65,0,0,0,65
07/07/2015,PIA,IL,AGL,CE,Combined TRACON& Tower with Radar,6,37,32,7,82,0,6,7,13,26,6,43,39,20,108,22,12,34,142
07/08/2015,PIA,IL,AGL,CE,Combined TRACON& Tower with Radar,6,38,24,18,86,0,2,6,1,9,6,40,30,19,95,0,0,0,95
07/09/2015,PIA,IL,AGL,CE,Combined TRACON& Tower with Radar,7,42,27,7,83,0,0,16,10,26,7,42,43,17,109,0,28,28,137
07/10/2015,PIA,IL,AGL,CE,Combined TRACON& Tower with Radar,13,47,31,10,101,0,7,21,4,32,13,54,52,14,133,12,28,40,173
07/11/2015,PIA,IL,AGL,CE,Combined TRACON& Tower with Radar,4,34,8,0,46,0,0,3,0,3,4,34,11,0,49,4,0,4,53
07/12/2015,PIA,IL,AGL,CE,Combined TRACON& Tower with Radar,4,36,15,0,55,0,2,20,0,22,4,38,35,0,77,0,10,10,87
07/13/2015,PIA,IL,AGL,CE,Combined TRACON& Tower with Radar,10,35,17,8,70,0,3,10,7,20,10,38,27,15,90,0,12,12,102
07/14/2015,PIA,IL,AGL,CE,Combined TRACON& Tower with Radar,6,39,24,4,73,0,4,39,6,49,6,43,63,10,122,18,0,18,140
07/15/2015,PIA,IL,AGL,CE,Combined TRACON& Tower with Radar,6,42,25,8,81,0,2,22,9,33,6,44,47,17,114,0,36,36,150
07/16/2015,PIA,IL,AGL,CE,Combined TRACON& Tower with Radar,8,39,25,1,73,0,1,9,0,10,8,40,34,1,83,6,0,6,89
07/17/2015,PIA,IL,AGL,CE,Combined TRACON& Tower with Radar,12,36,17,2,67,0,4,30,17,51,12,40,47,19,118,28,36,64,182
07/18/2015,PIA,IL,AGL,CE,Combined TRACON& Tower with Radar,6,28,15,3,52,0,3,23,0,26,6,31,38,3,78,0,22,22,100
07/19/2015,PIA,IL,AGL,CE,Combined TRACON& Tower with Radar,4,38,10,2,54,0,3,6,0,9,4,41,16,2,63,0,0,0,63
07/20/2015,PIA,IL,AGL,CE,Combined TRACON& Tower with Radar,8,36,29,6,79,0,3,18,22,43,8,39,47,28,122,6,4,10,132
07/21/2015,PIA,IL,AGL,CE,Combined TRACON& Tower with Radar,8,42,30,7,87,0,4,33,32,69,8,46,63,39,156,8,2,10,166
07/22/2015,PIA,IL,AGL,CE,Combined TRACON& Tower with Radar,6,39,23,5,73,0,2,30,47,79,6,41,53,52,152,6,12,18,170
07/23/2015,PIA,IL,AGL,CE,Combined TRACON& Tower with Radar,8,43,32,6,89,0,4,33,9,46,8,47,65,15,135,4,6,10,145
07/24/2015,PIA,IL,AGL,CE,Combined TRACON& Tower with Radar,12,36,22,5,75,0,5,37,4,46,12,41,59,9,121,0,0,0,121
07/25/2015,PIA,IL,AGL,CE,Combined TRACON& Tower with Radar,4,33,8,3,48,0,0,31,3,34,4,33,39,6,82,14,0,14,96
07/26/2015,PIA,IL,AGL,CE,Combined TRACON& Tower with Radar,4,35,11,0,50,0,2,7,4,13,4,37,18,4,63,0,0,0,63
07/27/2015,PIA,IL,AGL,CE,Combined TRACON& Tower with Radar,10,40,36,4,90,0,5,20,1,26,10,45,56,5,116,0,0,0,116
07/28/2015,PIA,IL,AGL,CE,Combined TRACON& Tower with Radar,6,37,26,11,80,0,4,27,21,52,6,41,53,32,132,0,28,28,160
07/29/2015,PIA,IL,AGL,CE,Combined TRACON& Tower with Radar,4,40,35,9,88,0,5,8,5,18,4,45,43,14,106,0,26,26,132
07/30/2015,PIA,IL,AGL,CE,Combined TRACON& Tower with Radar,8,38,15,5,66,0,2,29,2,33,8,40,44,7,99,0,0,0,99
07/31/2015,PIA,IL,AGL,CE,Combined TRACON& Tower with Radar,12,43,18,0,73,0,4,20,2,26,12,47,38,2,99,14,0,14,113
08/01/2015,PIA,IL,AGL,CE,Combined TRACON& Tower with Radar,4,31,3,3,41,0,4,70,9,83,4,35,73,12,124,0,0,0,124
08/02/2015,PIA,IL,AGL,CE,Combined TRACON& Tower with Radar,7,31,14,3,55,0,2,12,7,21,7,33,26,10,76,6,0,6,82
08/03/2015,PIA,IL,AGL,CE,Combined TRACON& Tower with Radar,9,36,16,5,66,0,2,22,3,27,9,38,38,8,93,18,0,18,111
08/04/2015,PIA,IL,AGL,CE,Combined TRACON& Tower with Radar,8,41,25,0,74,0,4,38,3,45,8,45,63,3,119,34,0,34,153
08/05/2015,PIA,IL,AGL,CE,Combined TRACON& Tower with Radar,4,47,15,4,70,0,8,19,10,37,4,55,34,14,107,18,0,18,125
08/06/2015,PIA,IL,AGL,CE,Combined TRACON& Tower with Radar,10,41,13,4,68,0,1,24,14,39,10,42,37,18,107,16,0,16,123
08/07/2015,PIA,IL,AGL,CE,Combined TRACON& Tower with Radar,12,37,18,21,88,0,2,21,7,30,12,39,39,28,118,2,24,26,144
08/08/2015,PIA,IL,AGL,CE,Combined TRACON& Tower with Radar,4,32,15,0,51,0,7,29,0,36,4,39,44,0,87,22,0,22,109
08/09/2015,PIA,IL,AGL,CE,Combined TRACON& Tower with Radar,4,36,8,2,50,0,0,5,0,5,4,36,13,2,55,0,0,0,55
08/10/2015,PIA,IL,AGL,CE,Combined TRACON& Tower with Radar,12,34,10,11,67,0,3,9,18,30,12,37,19,29,97,18,0,18,115
08/11/2015,PIA,IL,AGL,CE,Combined TRACON& Tower with Radar,4,47,30,5,86,0,5,34,13,52,4,52,64,18,138,4,8,12,150
08/12/2015,PIA,IL,AGL,CE,Combined TRACON& Tower with Radar,4,40,22,9,75,0,16,24,21,61,4,56,46,30,136,6,54,60,196
08/13/2015,PIA,IL,AGL,CE,Combined TRACON& Tower with Radar,6,44,16,9,75,0,5,29,20,54,6,49,45,29,129,10,32,42,171
08/14/2015,PIA,IL,AGL,CE,Combined TRACON& Tower with Radar,14,39,11,23,87,0,4,23,0,27,14,43,34,23,114,20,0,20,134
08/15/2015,PIA,IL,AGL,CE,Combined TRACON& Tower with Radar,4,35,6,2,47,0,2,20,1,23,4,37,26,3,70,0,0,0,70
08/16/2015,PIA,IL,AGL,CE,Combined TRACON& Tower with Radar,4,35,10,0,49,0,16,26,1,43,4,51,36,1,92,0,0,0,92
08/17/2015,PIA,IL,AGL,CE,Combined TRACON& Tower with Radar,10,37,29,3,79,0,3,11,10,24,10,40,40,13,103,2,0,2,105
08/18/2015,PIA,IL,AGL,CE,Combined TRACON& Tower with Radar,6,34,10,7,57,0,1,2,5,8,6,35,12,12,65,0,10,10,75
08/19/2015,PIA,IL,AGL,CE,Combined TRACON& Tower with Radar,4,42,16,15,77,0,15,16,16,47,4,57,32,31,124,0,18,18,142
08/20/2015,PIA,IL,AGL,CE,Combined TRACON& Tower with Radar,8,42,18,2,70,0,4,19,17,40,8,46,37,19,110,6,0,6,116
08/21/2015,PIA,IL,AGL,CE,Combined TRACON& Tower with Radar,10,41,16,6,73,0,7,23,6,36,10,48,39,12,109,0,12,12,121
08/22/2015,PIA,IL,AGL,CE,Combined TRACON& Tower with Radar,0,31,13,0,44,0,4,29,0,33,0,35,42,0,77,0,0,0,77
08/23/2015,PIA,IL,AGL,CE,Combined TRACON& Tower with Radar,4,36,17,0,57,0,1,9,0,10,4,37,26,0,67,16,0,16,83
08/24/2015,PIA,IL,AGL,CE,Combined TRACON& Tower with Radar,8,43,23,6,80,0,2,9,10,21,8,45,32,16,101,0,8,8,109
08/25/2015,PIA,IL,AGL,CE,Combined TRACON& Tower with Radar,4,39,13,11,67,0,5,21,27,53,4,44,34,38,120,36,22,58,178
08/26/2015,PIA,IL,AGL,CE,Combined TRACON& Tower with Radar,4,39,39,4,86,0,7,19,24,50,4,46,58,28,136,10,18,28,164
08/27/2015,PIA,IL,AGL,CE,Combined TRACON& Tower with Radar,8,40,25,4,77,0,5,8,22,35,8,45,33,26,112,0,4,4,116
08/28/2015,PIA,IL,AGL,CE,Combined TRACON& Tower with Radar,10,41,24,5,80,0,3,13,4,20,10,44,37,9,100,0,0,0,100
08/29/2015,PIA,IL,AGL,CE,Combined TRACON& Tower with Radar,0,30,6,1,37,0,19,16,0,35,0,49,22,1,72,18,0,18,90
08/30/2015,PIA,IL,AGL,CE,Combined TRACON& Tower with Radar,4,38,18,0,60,0,1,17,0,18,4,39,35,0,78,6,0,6,84
08/31/2015,PIA,IL,AGL,CE,Combined TRACON& Tower with Radar,8,40,11,3,62,0,4,15,3,22,8,44,26,6,84,0,4,4,88
09/01/2015,PIA,IL,AGL,CE,Combined TRACON& Tower with Radar,6,44,13,2,65,0,6,7,24,37,6,50,20,26,102,4,10,14,116
09/02/2015,PIA,IL,AGL,CE,Combined TRACON& Tower with Radar,4,42,18,10,74,0,1,10,12,23,4,43,28,22,97,28,28,56,153
09/03/2015,PIA,IL,AGL,CE,Combined TRACON& Tower with Radar,8,46,26,6,86,0,5,27,6,38,8,51,53,12,124,2,20,22,146
09/04/2015,PIA,IL,AGL,CE,Combined TRACON& Tower with Radar,10,39,11,0,60,0,3,29,0,32,10,42,40,0,92,20,0,20,112
09/05/2015,PIA,IL,AGL,CE,Combined TRACON& Tower with Radar,0,29,6,0,35,0,5,27,0,32,0,34,33,0,67,28,0,28,95
09/06/2015,PIA,IL,AGL,CE,Combined TRACON& Tower with Radar,4,25,6,0,35,0,7,20,0,27,4,32,26,0,62,0,0,0,62
09/07/2015,PIA,IL,AGL,CE,Combined TRACON& Tower with Radar,8,36,7,0,51,0,4,16,0,20,8,40,23,0,71,18,0,18,89
09/08/2015,PIA,IL,AGL,CE,Combined TRACON& Tower with Radar,2,39,12,6,59,0,1,5,2,8,2,40,17,8,67,0,16,16,83
09/09/2015,PIA,IL,AGL,CE,Combined TRACON& Tower with Radar,4,46,29,5,84,0,12,32,39,83,4,58,61,44,167,22,30,52,219
09/10/2015,PIA,IL,AGL,CE,Combined TRACON& Tower with Radar,8,41,30,1,80,0,1,20,25,46,8,42,50,26,126,0,2,2,128
09/11/2015,PIA,IL,AGL,CE,Combined TRACON& Tower with Radar,12,44,24,15,95,0,2,18,4,24,12,46,42,19,119,8,0,8,127
09/12/2015,PIA,IL,AGL,CE,Combined TRACON& Tower with Radar,0,30,9,3,42,0,6,28,6,40,0,36,37,9,82,24,2,26,108
09/13/2015,PIA,IL,AGL,CE,Combined TRACON& Tower with Radar,4,37,15,2,58,0,3,38,18,59,4,40,53,20,117,24,0,24,141
09/14/2015,PIA,IL,AGL,CE,Combined TRACON& Tower with Radar,8,39,13,6,66,0,3,19,6,28,8,42,32,12,94,0,8,8,102
09/15/2015,PIA,IL,AGL,CE,Combined TRACON& Tower with Radar,4,39,28,4,75,0,1,19,13,33,4,40,47,17,108,0,8,8,116
09/16/2015,PIA,IL,AGL,CE,Combined TRACON& Tower with Radar,4,40,23,11,78,0,6,24,22,52,4,46,47,33,130,6,28,34,164
09/17/2015,PIA,IL,AGL,CE,Combined TRACON& Tower with Radar,10,41,24,8,83,0,4,14,4,22,10,45,38,12,105,18,8,26,131
09/18/2015,PIA,IL,AGL,CE,Combined TRACON& Tower with Radar,10,44,13,2,69,0,0,6,0,6,10,44,19,2,75,22,0,22,97
09/19/2015,PIA,IL,AGL,CE,Combined TRACON& Tower with Radar,0,31,14,0,45,0,3,19,0,22,0,34,33,0,67,28,0,28,95
09/20/2015,PIA,IL,AGL,CE,Combined TRACON& Tower with Radar,4,36,13,0,53,0,4,31,0,35,4,40,44,0,88,22,0,22,110
09/21/2015,PIA,IL,AGL,CE,Combined TRACON& Tower with Radar,8,40,7,2,57,0,2,18,25,45,8,42,25,27,102,8,0,8,110
09/22/2015,PIA,IL,AGL,CE,Combined TRACON& Tower with Radar,4,38,11,20,73,0,1,19,17,37,4,39,30,37,110,20,56,76,186
09/23/2015,PIA,IL,AGL,CE,Combined TRACON& Tower with Radar,4,41,14,8,67,0,4,19,21,44,4,45,33,29,111,4,12,16,127
09/24/2015,PIA,IL,AGL,CE,Combined TRACON& Tower with Radar,10,42,18,15,85,0,0,23,27,50,10,42,41,42,135,14,14,28,163
09/25/2015,PIA,IL,AGL,CE,Combined TRACON& Tower with Radar,8,39,27,5,79,0,4,34,4,42,8,43,61,9,121,26,2,28,149
09/26/2015,PIA,IL,AGL,CE,Combined TRACON& Tower with Radar,2,32,6,3,43,0,0,23,0,23,2,32,29,3,66,28,0,28,94
09/27/2015,PIA,IL,AGL,CE,Combined TRACON& Tower with Radar,6,36,23,4,69,0,1,18,0,19,6,37,41,4,88,14,0,14,102
09/28/2015,PIA,IL,AGL,CE,Combined TRACON& Tower with Radar,8,35,13,2,58,0,2,9,3,14,8,37,22,5,72,0,10,10,82
09/29/2015,PIA,IL,AGL,CE,Combined TRACON& Tower with Radar,8,39,21,11,79,0,3,5,2,10,8,42,26,13,89,0,6,6,95
09/30/2015,PIA,IL,AGL,CE,Combined TRACON& Tower with Radar,4,41,32,0,77,0,5,29,16,50,4,46,61,16,127,0,12,12,139
10/01/2015,PIA,IL,AGL,CE,Combined TRACON& Tower with Radar,8,40,15,7,70,0,6,16,3,25,8,46,31,10,95,4,16,20,115
10/02/2015,PIA,IL,AGL,CE,Combined TRACON& Tower with Radar,10,38,15,10,73,0,1,26,1,28,10,39,41,11,101,0,28,28,129
10/03/2015,PIA,IL,AGL,CE,Combined TRACON& Tower with Radar,0,31,10,4,45,0,26,18,6,50,0,57,28,10,95,26,8,34,129
10/04/2015,PIA,IL,AGL,CE,Combined TRACON& Tower with Radar,4,35,24,6,69,0,3,9,0,12,4,38,33,6,81,0,0,0,81
10/05/2015,PIA,IL,AGL,CE,Combined TRACON& Tower with Radar,8,39,6,2,55,0,1,5,4,10,8,40,11,6,65,0,14,14,79
10/06/2015,PIA,IL,AGL,CE,Combined TRACON& Tower with Radar,5,37,17,10,69,0,2,11,29,42,5,39,28,39,111,0,16,16,127
10/07/2015,PIA,IL,AGL,CE,Combined TRACON& Tower with Radar,5,44,38,4,91,0,3,28,6,37,5,47,66,10,128,14,0,14,142
10/08/2015,PIA,IL,AGL,CE,Combined TRACON& Tower with Radar,8,41,26,0,75,0,4,15,24,43,8,45,41,24,118,0,20,20,138
10/09/2015,PIA,IL,AGL,CE,Combined TRACON& Tower with Radar,10,43,16,0,69,0,7,28,0,35,10,50,44,0,104,0,0,0,104
10/10/2015,PIA,IL,AGL,CE,Combined TRACON& Tower with Radar,0,31,3,3,37,0,4,36,0,40,0,35,39,3,77,8,0,8,85
10/11/2015,PIA,IL,AGL,CE,Combined TRACON& Tower with Radar,4,39,16,0,59,0,3,26,0,29,4,42,42,0,88,0,16,16,104
10/12/2015,PIA,IL,AGL,CE,Combined TRACON& Tower with Radar,10,40,22,8,80,0,9,7,2,18,10,49,29,10,98,52,20,72,170
10/13/2015,PIA,IL,AGL,CE,Combined TRACON& Tower with Radar,6,39,36,0,81,0,3,19,6,28,6,42,55,6,109,22,0,22,131
10/14/2015,PIA,IL,AGL,CE,Combined TRACON& Tower with Radar,4,40,34,1,79,0,4,25,7,36,4,44,59,8,115,0,0,0,115
10/15/2015,PIA,IL,AGL,CE,Combined TRACON& Tower with Radar,8,45,23,1,77,0,3,22,2,27,8,48,45,3,104,28,0,28,132
10/16/2015,PIA,IL,AGL,CE,Combined TRACON& Tower with Radar,10,44,12,3,69,0,13,16,4,33,10,57,28,7,102,22,24,46,148
10/17/2015,PIA,IL,AGL,CE,Combined TRACON& Tower with Radar,0,30,7,0,37,0,3,27,8,38,0,33,34,8,75,8,8,16,91
10/18/2015,PIA,IL,AGL,CE,Combined TRACON& Tower with Radar,6,46,10,1,63,0,2,16,3,21,6,48,26,4,84,0,0,0,84
10/19/2015,PIA,IL,AGL,CE,Combined TRACON& Tower with Radar,8,40,13,2,63,0,5,23,8,36,8,45,36,10,99,0,14,14,113
10/20/2015,PIA,IL,AGL,CE,Combined TRACON& Tower with Radar,6,40,22,4,72,0,2,16,5,23,6,42,38,9,95,6,0,6,101
10/21/2015,PIA,IL,AGL,CE,Combined TRACON& Tower with Radar,4,41,26,2,73,0,5,19,2,26,4,46,45,4,99,14,2,16,115
10/22/2015,PIA,IL,AGL,CE,Combined TRACON& Tower with Radar,8,42,20,5,75,0,5,17,0,22,8,47,37,5,97,27,11,38,135
10/23/2015,PIA,IL,AGL,CE,Combined TRACON& Tower with Radar,10,37,21,6,74,0,13,6,2,21,10,50,27,8,95,4,20,24,119
10/24/2015,PIA,IL,AGL,CE,Combined TRACON& Tower with Radar,0,29,13,1,43,0,2,1,0,3,0,31,14,1,46,14,0,14,60
10/25/2015,PIA,IL,AGL,CE,Combined TRACON& Tower with Radar,4,39,3,0,46,0,17,33,0,50,4,56,36,0,96,34,0,34,130
10/26/2015,PIA,IL,AGL,CE,Combined TRACON& Tower with Radar,8,44,11,5,68,0,3,15,7,25,8,47,26,12,93,0,10,10,103
10/27/2015,PIA,IL,AGL,CE,Combined TRACON& Tower with Radar,5,41,23,16,85,0,0,0,0,0,5,41,23,16,85,0,0,0,85
10/28/2015,PIA,IL,AGL,CE,Combined TRACON& Tower with Radar,4,43,30,4,81,0,1,29,0,30,4,44,59,4,111,0,26,26,137
10/29/2015,PIA,IL,AGL,CE,Combined TRACON& Tower with Radar,8,47,10,4,69,0,3,10,8,21,8,50,20,12,90,0,6,6,96
10/30/2015,PIA,IL,AGL,CE,Combined TRACON& Tower with Radar,14,42,22,0,78,0,4,25,1,30,14,46,47,1,108,18,0,18,126
10/31/2015,PIA,IL,AGL,CE,Combined TRACON& Tower with Radar,2,30,22,0,54,0,3,2,0,5,2,33,24,0,59,0,0,0,59
11/01/2015,PIA,IL,AGL,CE,Combined TRACON& Tower with Radar,4,38,7,0,49,0,3,41,0,44,4,41,48,0,93,70,0,70,163
11/02/2015,PIA,IL,AGL,CE,Combined TRACON& Tower with Radar,8,40,28,0,76,0,9,42,16,67,8,49,70,16,143,14,4,18,161
11/03/2015,PIA,IL,AGL,CE,Combined TRACON& Tower with Radar,6,48,12,21,87,0,0,3,12,15,6,48,15,33,102,12,8,20,122
11/04/2015,PIA,IL,AGL,CE,Combined TRACON& Tower with Radar,2,40,26,4,72,0,0,10,12,22,2,40,36,16,94,0,16,16,110
11/05/2015,PIA,IL,AGL,CE,Combined TRACON& Tower with Radar,8,42,28,2,80,0,1,7,4,12,8,43,35,6,92,12,2,14,106
11/06/2015,PIA,IL,AGL,CE,Combined TRACON& Tower with Radar,10,38,18,7,73,0,3,13,6,22,10,41,31,13,95,0,32,32,127
11/07/2015,PIA,IL,AGL,CE,Combined TRACON& Tower with Radar,0,29,9,0,38,0,4,42,10,56,0,33,51,10,94,38,28,66,160
11/08/2015,PIA,IL,AGL,CE,Combined TRACON& Tower with Radar,4,39,18,0,61,0,3,22,21,46,4,42,40,21,107,64,0,64,171
11/09/2015,PIA,IL,AGL,CE,Combined TRACON& Tower with Radar,19,38,28,4,89,0,3,51,3,57,19,41,79,7,146,0,16,16,162
11/10/2015,PIA,IL,AGL,CE,Combined TRACON& Tower with Radar,4,44,13,10,71,0,3,34,12,49,4,47,47,22,120,28,26,54,174
11/11/2015,PIA,IL,AGL,CE,Combined TRACON& Tower with Radar,6,40,28,0,74,0,1,8,2,11,6,41,36,2,85,6,32,38,123
11/12/2015,PIA,IL,AGL,CE,Combined TRACON& Tower with Radar,8,40,14,1,63,0,0,2,0,2,8,40,16,1,65,2,0,2,67
11/13/2015,PIA,IL,AGL,CE,Combined TRACON& Tower with Radar,12,37,21,0,70,0,1,15,2,18,12,38,36,2,88,8,0,8,96
11/14/2015,PIA,IL,AGL,CE,Combined TRACON& Tower with Radar,0,28,10,0,38,0,10,24,2,36,0,38,34,2,74,20,0,20,94
11/15/2015,PIA,IL,AGL,CE,Combined TRACON& Tower with Radar,4,37,12,0,53,0,0,24,0,24,4,37,36,0,77,26,0,26,103
11/16/2015,PIA,IL,AGL,CE,Combined TRACON& Tower with Radar,10,39,15,26,90,0,3,4,0,7,10,42,19,26,97,0,0,0,97
11/17/2015,PIA,IL,AGL,CE,Combined TRACON& Tower with Radar,4,44,14,9,71,0,0,0,0,0,4,44,14,9,71,0,0,0,71
11/18/2015,PIA,IL,AGL,CE,Combined TRACON& Tower with Radar,4,37,16,7,64,0,1,4,10,15,4,38,20,17,79,0,12,12,91
11/19/2015,PIA,IL,AGL,CE,Combined TRACON& Tower with Radar,10,39,17,2,68,0,3,7,4,14,10,42,24,6,82,0,0,0,82
11/20/2015,PIA,IL,AGL,CE,Combined TRACON& Tower with Radar,12,36,21,3,72,0,1,32,11,44,12,37,53,14,116,2,22,24,140
11/21/2015,PIA,IL,AGL,CE,Combined TRACON& Tower with Radar,2,21,7,0,30,0,1,3,0,4,2,22,10,0,34,0,0,0,34
11/22/2015,PIA,IL,AGL,CE,Combined TRACON& Tower with Radar,6,38,21,0,65,0,3,23,2,28,6,41,44,2,93,18,0,18,111
11/23/2015,PIA,IL,AGL,CE,Combined TRACON& Tower with Radar,6,32,10,6,54,0,2,18,8,28,6,34,28,14,82,10,0,10,92
11/24/2015,PIA,IL,AGL,CE,Combined TRACON& Tower with Radar,10,36,19,7,72,0,3,23,11,37,10,39,42,18,109,0,28,28,137
11/25/2015,PIA,IL,AGL,CE,Combined TRACON& Tower with Radar,8,34,10,0,52,0,2,26,0,28,8,36,36,0,80,0,0,0,80
11/26/2015,PIA,IL,AGL,CE,Combined TRACON& Tower with Radar,0,18,0,0,18,0,1,3,0,4,0,19,3,0,22,0,0,0,22
11/27/2015,PIA,IL,AGL,CE,Combined TRACON& Tower with Radar,8,28,5,0,41,0,0,0,0,0,8,28,5,0,41,0,0,0,41
11/28/2015,PIA,IL,AGL,CE,Combined TRACON& Tower with Radar,6,34,6,0,46,0,14,14,0,28,6,48,20,0,74,28,0,28,102
11/29/2015,PIA,IL,AGL,CE,Combined TRACON& Tower with Radar,6,40,22,0,68,0,1,8,0,9,6,41,30,0,77,34,0,34,111
11/30/2015,PIA,IL,AGL,CE,Combined TRACON& Tower with Radar,8,42,21,10,81,0,1,1,0,2,8,43,22,10,83,0,0,0,83
12/01/2015,PIA,IL,AGL,CE,Combined TRACON& Tower with Radar,4,35,21,13,73,0,4,13,26,43,4,39,34,39,116,0,16,16,132
12/02/2015,PIA,IL,AGL,CE,Combined TRACON& Tower with Radar,4,42,30,6,82,0,2,6,12,20,4,44,36,18,102,4,28,32,134
12/03/2015,PIA,IL,AGL,CE,Combined TRACON& Tower with Radar,6,41,17,10,74,0,0,9,6,15,6,41,26,16,89,0,0,0,89
12/04/2015,PIA,IL,AGL,CE,Combined TRACON& Tower with Radar,12,44,28,7,91,0,6,30,21,57,12,50,58,28,148,4,12,16,164
12/05/2015,PIA,IL,AGL,CE,Combined TRACON& Tower with Radar,0,26,8,5,39,0,5,21,20,46,0,31,29,25,85,12,10,22,107
12/06/2015,PIA,IL,AGL,CE,Combined TRACON& Tower with Radar,2,32,17,2,53,0,3,14,5,22,2,35,31,7,75,22,4,26,101
12/07/2015,PIA,IL,AGL,CE,Combined TRACON& Tower with Radar,10,32,15,0,57,0,0,0,0,0,10,32,15,0,57,0,0,0,57
12/08/2015,PIA,IL,AGL,CE,Combined TRACON& Tower with Radar,4,36,23,3,66,0,4,22,50,76,4,40,45,53,142,10,42,52,194
12/09/2015,PIA,IL,AGL,CE,Combined TRACON& Tower with Radar,4,45,23,19,91,0,3,22,24,49,4,48,45,43,140,20,42,62,202
12/10/2015,PIA,IL,AGL,CE,Combined TRACON& Tower with Radar,6,40,15,9,70,0,4,26,24,54,6,44,41,33,124,0,0,0,124
12/11/2015,PIA,IL,AGL,CE,Combined TRACON& Tower with Radar,12,54,27,7,100,0,4,19,0,23,12,58,46,7,123,6,6,12,135
12/12/2015,PIA,IL,AGL,CE,Combined TRACON& Tower with Radar,0,26,4,0,30,0,1,4,0,5,0,27,8,0,35,0,0,0,35
12/13/2015,PIA,IL,AGL,CE,Combined TRACON& Tower with Radar,2,33,9,1,45,0,1,0,0,1,2,34,9,1,46,0,0,0,46
12/14/2015,PIA,IL,AGL,CE,Combined TRACON& Tower with Radar,9,42,18,8,77,0,1,3,3,7,9,43,21,11,84,0,4,4,88
12/15/2015,PIA,IL,AGL,CE,Combined TRACON& Tower with Radar,5,45,38,12,100,0,1,8,6,15,5,46,46,18,115,4,10,14,129
12/16/2015,PIA,IL,AGL,CE,Combined TRACON& Tower with Radar,8,41,19,3,71,0,1,18,15,34,8,42,37,18,105,2,14,16,121
12/17/2015,PIA,IL,AGL,CE,Combined TRACON& Tower with Radar,8,36,23,3,70,0,1,21,12,34,8,37,44,15,104,28,12,40,144
12/18/2015,PIA,IL,AGL,CE,Combined TRACON& Tower with Radar,12,39,23,0,74,0,8,15,2,25,12,47,38,2,99,16,0,16,115
12/19/2015,PIA,IL,AGL,CE,Combined TRACON& Tower with Radar,6,29,10,1,46,0,10,13,0,23,6,39,23,1,69,0,0,0,69
12/20/2015,PIA,IL,AGL,CE,Combined TRACON& Tower with Radar,4,28,14,0,46,0,5,9,1,15,4,33,23,1,61,0,0,0,61
12/21/2015,PIA,IL,AGL,CE,Combined TRACON& Tower with Radar,10,32,10,12,64,0,3,4,0,7,10,35,14,12,71,0,18,18,89
12/22/2015,PIA,IL,AGL,CE,Combined TRACON& Tower with Radar,8,32,2,28,70,0,0,2,0,2,8,32,4,28,72,0,0,0,72
12/23/2015,PIA,IL,AGL,CE,Combined TRACON& Tower with Radar,10,30,3,0,43,0,1,1,2,4,10,31,4,2,47,0,0,0,47
12/24/2015,PIA,IL,AGL,CE,Combined TRACON& Tower with Radar,11,23,3,0,37,0,0,7,0,7,11,23,10,0,44,0,0,0,44
12/25/2015,PIA,IL,AGL,CE,Combined TRACON& Tower with Radar,3,27,2,0,32,0,14,7,0,21,3,41,9,0,53,0,0,0,53
12/26/2015,PIA,IL,AGL,CE,Combined TRACON& Tower with Radar,8,30,3,0,41,0,0,0,0,0,8,30,3,0,41,0,0,0,41
12/27/2015,PIA,IL,AGL,CE,Combined TRACON& Tower with Radar,4,26,5,0,35,0,2,8,0,10,4,28,13,0,45,0,0,0,45
12/28/2015,PIA,IL,AGL,CE,Combined TRACON& Tower with Radar,8,15,0,0,23,0,0,0,0,0,8,15,0,0,23,0,0,0,23
12/29/2015,PIA,IL,AGL,CE,Combined TRACON& Tower with Radar,12,31,8,0,51,0,3,4,10,17,12,34,12,10,68,4,0,4,72
12/30/2015,PIA,IL,AGL,CE,Combined TRACON& Tower with Radar,8,26,1,0,35,0,2,7,0,9,8,28,8,0,44,8,0,8,52
12/31/2015,PIA,IL,AGL,CE,Combined TRACON& Tower with Radar,14,25,11,0,50,0,1,31,0,32,14,26,42,0,82,24,0,24,106
01/01/2016,PIA,IL,AGL,CE,Combined TRACON& Tower with Radar,0,25,0,0,25,0,3,13,0,16,0,28,13,0,41,0,0,0,41
01/02/2016,PIA,IL,AGL,CE,Combined TRACON& Tower with Radar,5,28,7,0,40,0,10,30,0,40,5,38,37,0,80,30,0,30,110
01/03/2016,PIA,IL,AGL,CE,Combined TRACON& Tower with Radar,7,28,3,0,38,0,1,10,0,11,7,29,13,0,49,16,0,16,65
01/04/2016,PIA,IL,AGL,CE,Combined TRACON& Tower with Radar,13,26,11,1,51,0,6,26,0,32,13,32,37,1,83,14,0,14,97
01/05/2016,PIA,IL,AGL,CE,Combined TRACON& Tower with Radar,4,34,17,10,65,0,2,10,20,32,4,36,27,30,97,18,10,28,125
01/06/2016,PIA,IL,AGL,CE,Combined TRACON& Tower with Radar,6,36,24,8,74,0,4,25,19,48,6,40,49,27,122,10,10,20,142
01/07/2016,PIA,IL,AGL,CE,Combined TRACON& Tower with Radar,8,36,17,2,63,0,0,7,26,33,8,36,24,28,96,2,6,8,104
01/08/2016,PIA,IL,AGL,CE,Combined TRACON& Tower with Radar,11,34,9,5,59,0,0,0,0,0,11,34,9,5,59,0,0,0,59
01/09/2016,PIA,IL,AGL,CE,Combined TRACON& Tower with Radar,1,25,3,0,29,0,0,0,0,0,1,25,3,0,29,0,0,0,29
01/10/2016,PIA,IL,AGL,CE,Combined TRACON& Tower with Radar,4,33,15,4,56,0,2,14,2,18,4,35,29,6,74,0,0,0,74
01/11/2016,PIA,IL,AGL,CE,Combined TRACON& Tower with Radar,10,35,9,8,62,0,4,7,0,11,10,39,16,8,73,10,0,10,83
01/12/2016,PIA,IL,AGL,CE,Combined TRACON& Tower with Radar,4,33,14,6,57,0,5,9,17,31,4,38,23,23,88,0,0,0,88
01/13/2016,PIA,IL,AGL,CE,Combined TRACON& Tower with Radar,4,41,19,6,70,0,2,21,44,67,4,43,40,50,137,8,14,22,159
01/14/2016,PIA,IL,AGL,CE,Combined TRACON& Tower with Radar,8,44,30,2,84,0,6,24,8,38,8,50,54,10,122,12,0,12,134
01/15/2016,PIA,IL,AGL,CE,Combined TRACON& Tower with Radar,10,37,9,1,57,0,1,4,0,5,10,38,13,1,62,0,0,0,62
01/16/2016,PIA,IL,AGL,CE,Combined TRACON& Tower with Radar,2,28,15,0,45,0,1,19,0,20,2,29,34,0,65,10,0,10,75
01/17/2016,PIA,IL,AGL,CE,Combined TRACON& Tower with Radar,4,31,2,0,37,0,4,7,0,11,4,35,9,0,48,6,0,6,54
01/18/2016,PIA,IL,AGL,CE,Combined TRACON& Tower with Radar,8,36,5,0,49,0,3,10,0,13,8,39,15,0,62,0,0,0,62
01/19/2016,PIA,IL,AGL,CE,Combined TRACON& Tower with Radar,4,35,10,9,58,0,3,3,1,7,4,38,13,10,65,0,0,0,65
01/20/2016,PIA,IL,AGL,CE,Combined TRACON& Tower with Radar,6,42,15,8,71,0,5,16,15,36,6,47,31,23,107,6,14,20,127
01/21/2016,PIA,IL,AGL,CE,Combined TRACON& Tower with Radar,8,41,16,4,69,0,3,24,12,39,8,44,40,16,108,0,4,4,112
01/22/2016,PIA,IL,AGL,CE,Combined TRACON& Tower with Radar,10,39,13,13,75,0,0,1,0,1,10,39,14,13,76,2,4,6,82
01/23/2016,PIA,IL,AGL,CE,Combined TRACON& Tower with Radar,0,27,24,2,53,0,2,34,0,36,0,29,58,2,89,48,0,48,137
01/24/2016,PIA,IL,AGL,CE,Combined TRACON& Tower with Radar,4,32,9,0,45,0,2,21,0,23,4,34,30,0,68,16,0,16,84
01/25/2016,PIA,IL,AGL,CE,Combined TRACON& Tower with Radar,8,35,8,5,56,0,3,14,7,24,8,38,22,12,80,0,2,2,82
01/26/2016,PIA,IL,AGL,CE,Combined TRACON& Tower with Radar,4,38,10,9,61,0,2,6,18,26,4,40,16,27,87,0,4,4,91
01/27/2016,PIA,IL,AGL,CE,Combined TRACON& Tower with Radar,4,36,17,5,62,0,1,15,6,22,4,37,32,11,84,0,4,4,88
01/28/2016,PIA,IL,AGL,CE,Combined TRACON& Tower with Radar,8,36,19,13,76,0,2,27,24,53,8,38,46,37,129,4,6,10,139
01/29/2016,PIA,IL,AGL,CE,Combined TRACON& Tower with Radar,10,36,18,0,64,0,4,23,0,27,10,40,41,0,91,4,0,4,95
01/30/2016,PIA,IL,AGL,CE,Combined TRACON& Tower with Radar,0,23,19,1,43,0,4,36,0,40,0,27,55,1,83,6,0,6,89
01/31/2016,PIA,IL,AGL,CE,Combined TRACON& Tower with Radar,4,34,12,1,51,0,3,18,0,21,4,37,30,1,72,24,0,24,96
02/01/2016,PIA,IL,AGL,CE,Combined TRACON& Tower with Radar,7,41,7,10,65,0,1,13,12,26,7,42,20,22,91,2,0,2,93
02/02/2016,PIA,IL,AGL,CE,Combined TRACON& Tower with Radar,4,26,8,7,45,0,0,0,0,0,4,26,8,7,45,0,0,0,45
02/03/2016,PIA,IL,AGL,CE,Combined TRACON& Tower with Radar,4,40,17,6,67,0,2,3,6,11,4,42,20,12,78,0,2,2,80
02/04/2016,PIA,IL,AGL,CE,Combined TRACON& Tower with Radar,8,41,16,16,81,0,3,19,8,30,8,44,35,24,111,4,10,14,125
02/05/2016,PIA,IL,AGL,CE,Combined TRACON& Tower with Radar,10,33,18,16,77,0,4,12,0,16,10,37,30,16,93,0,24,24,117
02/06/2016,PIA,IL,AGL,CE,Combined TRACON& Tower with Radar,0,23,21,6,50,0,1,22,2,25,0,24,43,8,75,0,8,8,83
02/07/2016,PIA,IL,AGL,CE,Combined TRACON& Tower with Radar,4,25,9,2,40,0,3,10,5,18,4,28,19,7,58,0,0,0,58
02/08/2016,PIA,IL,AGL,CE,Combined TRACON& Tower with Radar,7,37,18,5,67,0,1,1,3,5,7,38,19,8,72,0,0,0,72
02/09/2016,PIA,IL,AGL,CE,Combined TRACON& Tower with Radar,4,38,16,14,72,0,0,2,6,8,4,38,18,20,80,0,18,18,98
02/10/2016,PIA,IL,AGL,CE,Combined TRACON& Tower with Radar,6,38,28,8,80,0,4,10,21,35,6,42,38,29,115,0,20,20,135
02/11/2016,PIA,IL,AGL,CE,Combined TRACON& Tower with Radar,9,37,21,18,85,0,2,20,17,39,9,39,41,35,124,2,26,28,152
02/12/2016,PIA,IL,AGL,CE,Combined TRACON& Tower with Radar,13,32,14,0,59,0,2,13,0,15,13,34,27,0,74,0,0,0,74
02/13/2016,PIA,IL,AGL,CE,Combined TRACON& Tower with Radar,2,24,11,0,37,0,3,28,0,31,2,27,39,0,68,14,0,14,82
02/14/2016,PIA,IL,AGL,CE,Combined TRACON& Tower with Radar,3,29,1,0,33,0,0,0,0,0,3,29,1,0,33,0,0,0,33
02/15/2016,PIA,IL,AGL,CE,Combined TRACON& Tower with Radar,9,35,6,0,50,0,0,0,0,0,9,35,6,0,50,0,0,0,50
02/16/2016,PIA,IL,AGL,CE,Combined TRACON& Tower with Radar,5,36,15,20,76,0,1,3,6,10,5,37,18,26,86,0,2,2,88
02/17/2016,PIA,IL,AGL,CE,Combined TRACON& Tower with Radar,9,37,42,2,90,0,1,23,25,49,9,38,65,27,139,2,14,16,155
02/18/2016,PIA,IL,AGL,CE,Combined TRACON& Tower with Radar,8,37,21,3,69,0,3,21,2,26,8,40,42,5,95,0,8,8,103
02/19/2016,PIA,IL,AGL,CE,Combined TRACON& Tower with Radar,8,38,13,6,65,0,1,21,7,29,8,39,34,13,94,0,0,0,94
02/20/2016,PIA,IL,AGL,CE,Combined TRACON& Tower with Radar,2,26,19,0,47,0,7,50,6,63,2,33,69,6,110,42,0,42,152
02/21/2016,PIA,IL,AGL,CE,Combined TRACON& Tower with Radar,4,35,4,3,46,0,3,15,4,22,4,38,19,7,68,48,0,48,116
02/22/2016,PIA,IL,AGL,CE,Combined TRACON& Tower with Radar,8,37,18,3,66,0,2,20,16,38,8,39,38,19,104,2,2,4,108
02/23/2016,PIA,IL,AGL,CE,Combined TRACON& Tower with Radar,6,37,21,3,67,0,0,25,16,41,6,37,46,19,108,0,26,26,134
02/24/2016,PIA,IL,AGL,CE,Combined TRACON& Tower with Radar,9,33,17,6,65,0,6,6,24,36,9,39,23,30,101,0,30,30,131
02/25/2016,PIA,IL,AGL,CE,Combined TRACON& Tower with Radar,8,39,18,8,73,0,7,23,9,39,8,46,41,17,112,0,10,10,122
02/26/2016,PIA,IL,AGL,CE,Combined TRACON& Tower with Radar,10,36,7,0,53,0,3,24,0,27,10,39,31,0,80,6,0,6,86
02/27/2016,PIA,IL,AGL,CE,Combined TRACON& Tower with Radar,2,27,13,1,43,0,4,25,0,29,2,31,38,1,72,14,0,14,86
02/28/2016,PIA,IL,AGL,CE,Combined TRACON& Tower with Radar,4,35,9,0,48,0,1,4,0,5,4,36,13,0,53,0,0,0,53
02/29/2016,PIA,IL,AGL,CE,Combined TRACON& Tower with Radar,6,37,16,2,61,0,3,13,6,22,6,40,29,8,83,0,2,2,85
03/01/2016,PIA,IL,AGL,CE,Combined TRACON& Tower with Radar,6,35,10,2,53,0,2,9,6,17,6,37,19,8,70,0,6,6,76
03/02/2016,PIA,IL,AGL,CE,Combined TRACON& Tower with Radar,10,39,21,6,76,0,3,31,14,48,10,42,52,20,124,20,8,28,152
03/03/2016,PIA,IL,AGL,CE,Combined TRACON& Tower with Radar,10,37,11,0,58,0,0,1,0,1,10,37,12,0,59,0,0,0,59
03/04/2016,PIA,IL,AGL,CE,Combined TRACON& Tower with Radar,8,36,4,2,50,0,3,18,1,22,8,39,22,3,72,0,0,0,72
03/05/2016,PIA,IL,AGL,CE,Combined TRACON& Tower with Radar,6,30,15,0,51,0,1,15,1,17,6,31,30,1,68,10,0,10,78
03/06/2016,PIA,IL,AGL,CE,Combined TRACON& Tower with Radar,4,37,11,0,52,0,8,18,2,28,4,45,29,2,80,0,0,0,80
03/07/2016,PIA,IL,AGL,CE,Combined TRACON& Tower with Radar,6,37,10,4,57,0,1,15,10,26,6,38,25,14,83,2,6,8,91
03/08/2016,PIA,IL,AGL,CE,Combined TRACON& Tower with Radar,6,37,18,4,65,0,2,3,13,18,6,39,21,17,83,0,12,12,95
03/09/2016,PIA,IL,AGL,CE,Combined TRACON& Tower with Radar,10,40,37,21,108,0,0,1,27,28,10,40,38,48,136,4,22,26,162
03/10/2016,PIA,IL,AGL,CE,Combined TRACON& Tower with Radar,8,36,12,1,57,0,2,24,4,30,8,38,36,5,87,46,10,56,143
03/11/2016,PIA,IL,AGL,CE,Combined TRACON& Tower with Radar,8,42,18,0,68,0,9,26,2,37,8,51,44,2,105,6,0,6,111
03/12/2016,PIA,IL,AGL,CE,Combined TRACON& Tower with Radar,8,31,12,0,51,0,11,20,0,31,8,42,32,0,82,16,0,16,98
03/13/2016,PIA,IL,AGL,CE,Combined TRACON& Tower with Radar,4,39,9,0,52,0,0,0,0,0,4,39,9,0,52,0,0,0,52
03/14/2016,PIA,IL,AGL,CE,Combined TRACON& Tower with Radar,6,40,19,4,69,0,3,3,0,6,6,43,22,4,75,0,0,0,75
03/15/2016,PIA,IL,AGL,CE,Combined TRACON& Tower with Radar,6,38,28,2,74,0,1,11,1,13,6,39,39,3,87,10,0,10,97
03/16/2016,PIA,IL,AGL,CE,Combined TRACON& Tower with Radar,10,41,35,8,94,0,4,3,11,18,10,45,38,19,112,0,18,18,130
03/17/2016,PIA,IL,AGL,CE,Combined TRACON& Tower with Radar,8,49,23,8,88,0,2,24,14,40,8,51,47,22,128,0,12,12,140
03/18/2016,PIA,IL,AGL,CE,Combined TRACON& Tower with Radar,8,42,18,12,80,0,6,25,20,51,8,48,43,32,131,40,14,54,185
03/19/2016,PIA,IL,AGL,CE,Combined TRACON& Tower with Radar,8,30,10,0,48,0,5,27,0,32,8,35,37,0,80,20,0,20,100
03/20/2016,PIA,IL,AGL,CE,Combined TRACON& Tower with Radar,4,38,5,1,48,0,1,19,0,20,4,39,24,1,68,32,0,32,100
03/21/2016,PIA,IL,AGL,CE,Combined TRACON& Tower with Radar,6,38,9,4,57,0,2,30,7,39,6,40,39,11,96,8,8,16,112
03/22/2016,PIA,IL,AGL,CE,Combined TRACON& Tower with Radar,8,36,18,2,64,0,0,20,38,58,8,36,38,40,122,0,10,10,132
03/23/2016,PIA,IL,AGL,CE,Combined TRACON& Tower with Radar,10,34,19,5,68,0,3,13,17,33,10,37,32,22,101,0,10,10,111
03/24/2016,PIA,IL,AGL,CE,Combined TRACON& Tower with Radar,10,42,9,29,90,0,0,0,2,2,10,42,9,31,92,0,6,6,98
03/25/2016,PIA,IL,AGL,CE,Combined TRACON& Tower with Radar,8,36,19,1,64,0,4,49,0,53,8,40,68,1,117,34,0,34,151
03/26/2016,PIA,IL,AGL,CE,Combined TRACON& Tower with Radar,8,30,14,0,52,0,1,34,0,35,8,31,48,0,87,0,0,0,87
03/27/2016,PIA,IL,AGL,CE,Combined TRACON& Tower with Radar,4,34,5,0,43,0,1,8,0,9,4,35,13,0,52,0,0,0,52
03/28/2016,PIA,IL,AGL,CE,Combined TRACON& Tower with Radar,6,33,8,4,51,0,4,21,5,30,6,37,29,9,81,6,4,10,91
03/29/2016,PIA,IL,AGL,CE,Combined TRACON& Tower with Radar,10,35,12,6,63,0,3,31,16,50,10,38,43,22,113,6,2,8,121
03/30/2016,PIA,IL,AGL,CE,Combined TRACON& Tower with Radar,12,39,9,1,61,0,2,12,13,27,12,41,21,14,88,0,6,6,94
03/31/2016,PIA,IL,AGL,CE,Combined TRACON& Tower with Radar,8,34,14,9,65,0,4,14,6,24,8,38,28,15,89,0,0,0,89
04/01/2016,PIA,IL,AGL,CE,Combined TRACON& Tower with Radar,8,37,10,27,82,0,5,12,2,19,8,42,22,29,101,4,0,4,105
04/02/2016,PIA,IL,AGL,CE,Combined TRACON& Tower with Radar,8,31,11,0,50,0,3,11,7,21,8,34,22,7,71,0,0,0,71
04/03/2016,PIA,IL,AGL,CE,Combined TRACON& Tower with Radar,6,39,10,0,55,0,5,22,4,31,6,44,32,4,86,4,2,6,92
04/04/2016,PIA,IL,AGL,CE,Combined TRACON& Tower with Radar,6,35,18,3,62,0,2,9,7,18,6,37,27,10,80,0,4,4,84
04/05/2016,PIA,IL,AGL,CE,Combined TRACON& Tower with Radar,6,34,35,4,79,0,2,31,25,58,6,36,66,29,137,0,30,30,167
04/06/2016,PIA,IL,AGL,CE,Combined TRACON& Tower with Radar,10,36,13,15,74,0,2,6,0,8,10,38,19,15,82,0,14,14,96
04/07/2016,PIA,IL,AGL,CE,Combined TRACON& Tower with Radar,8,45,15,1,69,0,1,10,7,18,8,46,25,8,87,0,0,0,87
04/08/2016,PIA,IL,AGL,CE,Combined TRACON& Tower with Radar,8,34,9,0,51,0,1,22,4,27,8,35,31,4,78,0,0,0,78
04/09/2016,PIA,IL,AGL,CE,Combined TRACON& Tower with Radar,4,27,14,0,45,0,5,49,1,55,4,32,63,1,100,42,0,42,142
04/10/2016,PIA,IL,AGL,CE,Combined TRACON& Tower with Radar,4,37,7,1,49,0,1,6,1,8,4,38,13,2,57,0,0,0,57
04/11/2016,PIA,IL,AGL,CE,Combined TRACON& Tower with Radar,6,35,21,3,65,0,2,52,3,57,6,37,73,6,122,0,0,0,122
04/12/2016,PIA,IL,AGL,CE,Combined TRACON& Tower with Radar,6,37,32,9,84,0,2,70,39,111,6,39,102,48,195,0,20,20,215
04/13/2016,PIA,IL,AGL,CE,Combined TRACON& Tower with Radar,6,38,25,6,75,0,7,51,12,70,6,45,76,18,145,16,20,36,181
04/14/2016,PIA,IL,AGL,CE,Combined TRACON& Tower with Radar,8,34,20,3,65,0,1,98,21,120,8,35,118,24,185,12,4,16,201
04/15/2016,PIA,IL,AGL,CE,Combined TRACON& Tower with Radar,8,36,19,7,70,0,3,89,9,101,8,39,108,16,171,50,8,58,229
04/16/2016,PIA,IL,AGL,CE,Combined TRACON& Tower with Radar,2,28,4,1,35,0,7,41,4,52,2,35,45,5,87,48,0,48,135
04/17/2016,PIA,IL,AGL,CE,Combined TRACON& Tower with Radar,4,30,4,0,38,0,3,41,4,48,4,33,45,4,86,50,0,50,136
04/18/2016,PIA,IL,AGL,CE,Combined TRACON& Tower with Radar,6,33,17,3,59,0,8,30,2,40,6,41,47,5,99,6,0,6,105
04/19/2016,PIA,IL,AGL,CE,Combined TRACON& Tower with Radar,6,33,9,6,54,0,4,32,14,50,6,37,41,20,104,4,4,8,112
04/20/2016,PIA,IL,AGL,CE,Combined TRACON& Tower with Radar,6,37,17,16,76,0,1,24,5,30,6,38,41,21,106,12,0,12,118
04/21/2016,PIA,IL,AGL,CE,Combined TRACON& Tower with Radar,8,36,19,10,73,0,0,8,14,22,8,36,27,24,95,4,8,12,107
04/22/2016,PIA,IL,AGL,CE,Combined TRACON& Tower with Radar,8,32,15,2,57,0,1,18,2,21,8,33,33,4,78,0,0,0,78
04/23/2016,PIA,IL,AGL,CE,Combined TRACON& Tower with Radar,2,26,17,0,45,0,2,37,0,39,2,28,54,0,84,26,0,26,110
04/24/2016,PIA,IL,AGL,CE,Combined TRACON& Tower with Radar,4,32,9,0,45,0,1,12,0,13,4,33,21,0,58,0,0,0,58
04/25/2016,PIA,IL,AGL,CE,Combined TRACON& Tower with Radar,6,35,12,7,60,0,4,13,1,18,6,39,25,8,78,12,4,16,94
04/26/2016,PIA,IL,AGL,CE,Combined TRACON& Tower with Radar,6,37,23,6,72,0,3,11,19,33,6,40,34,25,105,14,10,24,129
04/27/2016,PIA,IL,AGL,CE,Combined TRACON& Tower with Radar,6,38,14,7,65,0,0,1,0,1,6,38,15,7,66,0,0,0,66
04/28/2016,PIA,IL,AGL,CE,Combined TRACON& Tower with Radar,8,41,28,4,81,0,1,23,27,51,8,42,51,31,132,0,4,4,136
04/29/2016,PIA,IL,AGL,CE,Combined TRACON& Tower with Radar,8,42,19,12,81,0,3,14,7,24,8,45,33,19,105,0,48,48,153
04/30/2016,PIA,IL,AGL,CE,Combined TRACON& Tower with Radar,2,29,3,4,38,0,0,0,0,0,2,29,3,4,38,0,0,0,38
05/01/2016,PIA,IL,AGL,CE,Combined TRACON& Tower with Radar,4,36,6,18,64,0,0,0,0,0,4,36,6,18,64,0,0,0,64
05/02/2016,PIA,IL,AGL,CE,Combined TRACON& Tower with Radar,5,38,14,6,63,0,2,17,1,20,5,40,31,7,83,6,40,46,129
05/03/2016,PIA,IL,AGL,CE,Combined TRACON& Tower with Radar,8,38,22,15,83,0,2,41,20,63,8,40,63,35,146,60,16,76,222
05/04/2016,PIA,IL,AGL,CE,Combined TRACON& Tower with Radar,6,37,38,3,84,0,1,22,16,39,6,38,60,19,123,0,2,2,125
05/05/2016,PIA,IL,AGL,CE,Combined TRACON& Tower with Radar,10,49,18,8,85,0,4,31,15,50,10,53,49,23,135,18,42,60,195
05/06/2016,PIA,IL,AGL,CE,Combined TRACON& Tower with Radar,6,33,12,6,57,0,3,38,0,41,6,36,50,6,98,49,14,63,161
05/07/2016,PIA,IL,AGL,CE,Combined TRACON& Tower with Radar,4,18,4,1,27,0,3,33,0,36,4,21,37,1,63,0,0,0,63
05/08/2016,PIA,IL,AGL,CE,Combined TRACON& Tower with Radar,4,31,6,1,42,0,2,13,0,15,4,33,19,1,57,24,0,24,81
05/09/2016,PIA,IL,AGL,CE,Combined TRACON& Tower with Radar,8,39,21,6,74,0,2,4,1,7,8,41,25,7,81,8,0,8,89
05/10/2016,PIA,IL,AGL,CE,Combined TRACON& Tower with Radar,4,34,22,2,62,0,0,15,12,27,4,34,37,14,89,0,2,2,91
05/11/2016,PIA,IL,AGL,CE,Combined TRACON& Tower with Radar,6,35,20,3,64,0,0,4,0,4,6,35,24,3,68,6,0,6,74
05/12/2016,PIA,IL,AGL,CE,Combined TRACON& Tower with Radar,8,45,28,7,88,0,5,20,11,36,8,50,48,18,124,0,14,14,138
05/13/2016,PIA,IL,AGL,CE,Combined TRACON& Tower with Radar,8,40,13,2,63,0,2,22,27,51,8,42,35,29,114,0,34,34,148
05/14/2016,PIA,IL,AGL,CE,Combined TRACON& Tower with Radar,2,26,9,1,38,0,3,22,7,32,2,29,31,8,70,20,0,20,90
05/15/2016,PIA,IL,AGL,CE,Combined TRACON& Tower with Radar,6,35,7,0,48,0,4,45,0,49,6,39,52,0,97,28,0,28,125
05/16/2016,PIA,IL,AGL,CE,Combined TRACON& Tower with Radar,6,37,30,5,78,0,3,28,2,33,6,40,58,7,111,6,12,18,129
05/17/2016,PIA,IL,AGL,CE,Combined TRACON& Tower with Radar,4,34,26,4,68,0,2,22,14,38,4,36,48,18,106,24,18,42,148
05/18/2016,PIA,IL,AGL,CE,Combined TRACON& Tower with Radar,6,35,25,3,69,0,4,41,17,62,6,39,66,20,131,20,8,28,159
05/19/2016,PIA,IL,AGL,CE,Combined TRACON& Tower with Radar,10,38,12,3,63,0,2,25,11,38,10,40,37,14,101,28,4,32,133
05/20/2016,PIA,IL,AGL,CE,Combined TRACON& Tower with Radar,8,38,21,3,70,0,4,24,2,30,8,42,45,5,100,10,22,32,132
05/21/2016,PIA,IL,AGL,CE,Combined TRACON& Tower with Radar,2,24,8,0,34,0,4,32,0,36,2,28,40,0,70,70,0,70,140
05/22/2016,PIA,IL,AGL,CE,Combined TRACON& Tower with Radar,6,34,10,0,50,0,4,44,0,48,6,38,54,0,98,62,0,62,160
05/23/2016,PIA,IL,AGL,CE,Combined TRACON& Tower with Radar,6,40,15,1,62,0,2,14,11,27,6,42,29,12,89,24,16,40,129
05/24/2016,PIA,IL,AGL,CE,Combined TRACON& Tower with Radar,4,35,31,34,104,0,5,26,17,48,4,40,57,51,152,0,38,38,190
05/25/2016,PIA,IL,AGL,CE,Combined TRACON& Tower with Radar,7,32,28,3,70,0,2,20,32,54,7,34,48,35,124,0,34,34,158
05/26/2016,PIA,IL,AGL,CE,Combined TRACON& Tower with Radar,11,37,26,4,78,0,2,23,10,35,11,39,49,14,113,4,30,34,147
05/27/2016,PIA,IL,AGL,CE,Combined TRACON& Tower with Radar,8,34,18,1,61,0,1,11,0,12,8,35,29,1,73,0,0,0,73
05/28/2016,PIA,IL,AGL,CE,Combined TRACON& Tower with Radar,4,22,6,0,32,0,1,7,0,8,4,23,13,0,40,0,0,0,40
05/29/2016,PIA,IL,AGL,CE,Combined TRACON& Tower with Radar,6,21,6,0,33,0,1,16,2,19,6,22,22,2,52,4,0,4,56
05/30/2016,PIA,IL,AGL,CE,Combined TRACON& Tower with Radar,4,35,4,0,43,0,2,22,0,24,4,37,26,0,67,46,0,46,113
05/31/2016,PIA,IL,AGL,CE,Combined TRACON& Tower with Radar,4,32,10,10,56,0,2,10,9,21,4,34,20,19,77,30,18,48,125
06/01/2016,PIA,IL,AGL,CE,Combined TRACON& Tower with Radar,6,37,12,2,57,0,5,14,12,31,6,42,26,14,88,8,10,18,106
06/02/2016,PIA,IL,AGL,CE,Combined TRACON& Tower with Radar,8,36,12,1,57,0,4,18,16,38,8,40,30,17,95,24,20,44,139
06/03/2016,PIA,IL,AGL,CE,Combined TRACON& Tower with Radar,8,34,22,5,69,0,3,26,10,39,8,37,48,15,108,18,10,28,136
06/04/2016,PIA,IL,AGL,CE,Combined TRACON& Tower with Radar,8,24,4,6,42,0,2,20,3,25,8,26,24,9,67,16,48,64,131
06/05/2016,PIA,IL,AGL,CE,Combined TRACON& Tower with Radar,6,35,21,0,62,0,2,19,0,21,6,37,40,0,83,18,0,18,101
06/06/2016,PIA,IL,AGL,CE,Combined TRACON& Tower with Radar,10,35,15,6,66,0,2,16,4,22,10,37,31,10,88,0,4,4,92
06/07/2016,PIA,IL,AGL,CE,Combined TRACON& Tower with Radar,12,35,18,7,72,0,5,24,20,49,12,40,42,27,121,0,16,16,137
06/08/2016,PIA,IL,AGL,CE,Combined TRACON& Tower with Radar,6,38,25,1,70,0,4,26,17,47,6,42,51,18,117,50,20,70,187
06/09/2016,PIA,IL,AGL,CE,Combined TRACON& Tower with Radar,7,35,26,12,80,0,3,24,17,44,7,38,50,29,124,28,26,54,178
06/10/2016,PIA,IL,AGL,CE,Combined TRACON& Tower with Radar,13,34,13,0,60,0,6,24,2,32,13,40,37,2,92,10,0,10,102
06/11/2016,PIA,IL,AGL,CE,Combined TRACON& Tower with Radar,8,31,8,3,50,0,4,20,5,29,8,35,28,8,79,33,0,33,112
06/12/2016,PIA,IL,AGL,CE,Combined TRACON& Tower with Radar,6,29,12,0,47,0,0,15,2,17,6,29,27,2,64,4,0,4,68
06/13/2016,PIA,IL,AGL,CE,Combined TRACON& Tower with Radar,6,32,12,4,54,0,3,31,12,46,6,35,43,16,100,18,2,20,120
06/14/2016,PIA,IL,AGL,CE,Combined TRACON& Tower with Radar,8,32,17,3,60,0,3,6,15,24,8,35,23,18,84,1,6,7,91
06/15/2016,PIA,IL,AGL,CE,Combined TRACON& Tower with Radar,6,39,19,2,66,0,7,27,22,56,6,46,46,24,122,8,0,8,130
06/16/2016,PIA,IL,AGL,CE,Combined TRACON& Tower with Radar,10,38,20,12,80,0,2,14,11,27,10,40,34,23,107,0,54,54,161
06/17/2016,PIA,IL,AGL,CE,Combined TRACON& Tower with Radar,8,37,20,6,71,0,5,29,4,38,8,42,49,10,109,30,14,44,153
06/18/2016,PIA,IL,AGL,CE,Combined TRACON& Tower with Radar,7,27,9,2,45,0,7,40,4,51,7,34,49,6,96,42,0,42,138
06/19/2016,PIA,IL,AGL,CE,Combined TRACON& Tower with Radar,6,34,5,3,48,0,1,20,5,26,6,35,25,8,74,6,0,6,80
06/20/2016,PIA,IL,AGL,CE,Combined TRACON& Tower with Radar,6,38,14,5,63,0,4,9,19,32,6,42,23,24,95,0,0,0,95
06/21/2016,PIA,IL,AGL,CE,Combined TRACON& Tower with Radar,8,36,15,3,62,0,2,25,30,57,8,38,40,33,119,34,28,62,181
06/22/2016,PIA,IL,AGL,CE,Combined TRACON& Tower with Radar,6,33,23,3,65,0,0,12,27,39,6,33,35,30,104,0,18,18,122
06/23/2016,PIA,IL,AGL,CE,Combined TRACON& Tower with Radar,8,39,18,5,70,0,2,12,12,26,8,41,30,17,96,38,14,52,148
06/24/2016,PIA,IL,AGL,CE,Combined TRACON& Tower with Radar,8,33,19,3,63,0,4,17,2,23,8,37,36,5,86,2,4,6,92
06/25/2016,PIA,IL,AGL,CE,Combined TRACON& Tower with Radar,8,26,9,4,47,0,3,24,0,27,8,29,33,4,74,0,18,18,92
06/26/2016,PIA,IL,AGL,CE,Combined TRACON& Tower with Radar,4,33,7,0,44,0,2,5,1,8,4,35,12,1,52,0,0,0,52
06/27/2016,PIA,IL,AGL,CE,Combined TRACON& Tower with Radar,8,36,14,24,82,0,6,22,9,37,8,42,36,33,119,4,52,56,175
06/28/2016,PIA,IL,AGL,CE,Combined TRACON& Tower with Radar,8,42,21,13,84,0,3,9,8,20,8,45,30,21,104,0,32,32,136
06/29/2016,PIA,IL,AGL,CE,Combined TRACON& Tower with Radar,6,40,25,5,76,0,2,35,19,56,6,42,60,24,132,4,26,30,162
06/30/2016,PIA,IL,AGL,CE,Combined TRACON& Tower with Radar,8,34,6,8,56,0,2,4,4,10,8,36,10,12,66,36,30,66,132
07/01/2016,PIA,IL,AGL,CE,Combined TRACON& Tower with Radar,10,41,11,6,68,0,4,24,0,28,10,45,35,6,96,0,10,10,106
07/02/2016,PIA,IL,AGL,CE,Combined TRACON& Tower with Radar,7,27,4,0,38,0,8,38,0,46,7,35,42,0,84,22,0,22,106
07/03/2016,PIA,IL,AGL,CE,Combined TRACON& Tower with Radar,7,24,3,0,34,0,5,4,0,9,7,29,7,0,43,0,0,0,43
07/04/2016,PIA,IL,AGL,CE,Combined TRACON& Tower with Radar,4,26,6,2,38,0,2,4,0,6,4,28,10,2,44,0,0,0,44
07/05/2016,PIA,IL,AGL,CE,Combined TRACON& Tower with Radar,6,37,8,2,53,0,6,37,23,66,6,43,45,25,119,10,36,46,165
07/06/2016,PIA,IL,AGL,CE,Combined TRACON& Tower with Radar,6,34,8,7,55,0,3,5,10,18,6,37,13,17,73,0,16,16,89
07/07/2016,PIA,IL,AGL,CE,Combined TRACON& Tower with Radar,10,36,9,1,56,0,2,4,5,11,10,38,13,6,67,0,2,2,69
07/08/2016,PIA,IL,AGL,CE,Combined TRACON& Tower with Radar,7,32,15,17,71,0,7,22,8,37,7,39,37,25,108,50,16,66,174
07/09/2016,PIA,IL,AGL,CE,Combined TRACON& Tower with Radar,5,26,9,2,42,0,4,29,7,40,5,30,38,9,82,32,0,32,114
07/10/2016,PIA,IL,AGL,CE,Combined TRACON& Tower with Radar,4,35,4,1,44,0,12,38,9,59,4,47,42,10,103,14,0,14,117
07/11/2016,PIA,IL,AGL,CE,Combined TRACON& Tower with Radar,6,36,21,13,76,0,0,26,8,34,6,36,47,21,110,0,6,6,116
07/12/2016,PIA,IL,AGL,CE,Combined TRACON& Tower with Radar,10,36,6,5,57,0,1,7,10,18,10,37,13,15,75,0,20,20,95
07/13/2016,PIA,IL,AGL,CE,Combined TRACON& Tower with Radar,6,35,28,13,82,0,0,15,9,24,6,35,43,22,106,4,10,14,120
07/14/2016,PIA,IL,AGL,CE,Combined TRACON& Tower with Radar,10,37,23,17,87,0,2,13,36,51,10,39,36,53,138,0,6,6,144
07/15/2016,PIA,IL,AGL,CE,Combined TRACON& Tower with Radar,8,34,22,0,64,0,6,28,0,34,8,40,50,0,98,6,6,12,110
07/16/2016,PIA,IL,AGL,CE,Combined TRACON& Tower with Radar,4,28,8,0,40,0,8,24,1,33,4,36,32,1,73,24,0,24,97
07/17/2016,PIA,IL,AGL,CE,Combined TRACON& Tower with Radar,6,31,9,0,46,0,3,10,1,14,6,34,19,1,60,0,0,0,60
07/18/2016,PIA,IL,AGL,CE,Combined TRACON& Tower with Radar,6,32,5,5,48,0,3,12,15,30,6,35,17,20,78,0,12,12,90
07/19/2016,PIA,IL,AGL,CE,Combined TRACON& Tower with Radar,8,35,10,4,57,0,1,7,2,10,8,36,17,6,67,0,0,0,67
07/20/2016,PIA,IL,AGL,CE,Combined TRACON& Tower with Radar,6,36,10,0,52,0,1,19,2,22,6,37,29,2,74,0,8,8,82
07/21/2016,PIA,IL,AGL,CE,Combined TRACON& Tower with Radar,11,31,26,12,80,0,0,16,12,28,11,31,42,24,108,18,8,26,134
07/22/2016,PIA,IL,AGL,CE,Combined TRACON& Tower with Radar,13,33,18,16,80,0,13,22,8,43,13,46,40,24,123,34,6,40,163
07/23/2016,PIA,IL,AGL,CE,Combined TRACON& Tower with Radar,8,31,5,2,46,0,4,16,0,20,8,35,21,2,66,0,0,0,66
07/24/2016,PIA,IL,AGL,CE,Combined TRACON& Tower with Radar,8,31,11,0,50,0,0,7,0,7,8,31,18,0,57,0,0,0,57
07/25/2016,PIA,IL,AGL,CE,Combined TRACON& Tower with Radar,4,37,23,8,72,0,3,21,7,31,4,40,44,15,103,2,22,24,127
07/26/2016,PIA,IL,AGL,CE,Combined TRACON& Tower with Radar,10,38,19,9,76,0,6,28,19,53,10,44,47,28,129,6,46,52,181
07/27/2016,PIA,IL,AGL,CE,Combined TRACON& Tower with Radar,6,34,41,4,85,0,4,29,14,47,6,38,70,18,132,0,0,0,132
07/28/2016,PIA,IL,AGL,CE,Combined TRACON& Tower with Radar,10,30,10,11,61,0,2,13,8,23,10,32,23,19,84,0,16,16,100
07/29/2016,PIA,IL,AGL,CE,Combined TRACON& Tower with Radar,8,25,28,2,63,0,3,12,2,17,8,28,40,4,80,0,0,0,80
07/30/2016,PIA,IL,AGL,CE,Combined TRACON& Tower with Radar,4,26,11,0,41,0,1,12,1,14,4,27,23,1,55,12,0,12,67
07/31/2016,PIA,IL,AGL,CE,Combined TRACON& Tower with Radar,6,37,10,1,54,0,3,21,1,25,6,40,31,2,79,6,0,6,85
08/01/2016,PIA,IL,AGL,CE,Combined TRACON& Tower with Radar,6,35,17,1,59,0,3,12,14,29,6,38,29,15,88,0,16,16,104
08/02/2016,PIA,IL,AGL,CE,Combined TRACON& Tower with Radar,9,38,15,38,100,0,0,10,6,16,9,38,25,44,116,16,36,52,168
08/03/2016,PIA,IL,AGL,CE,Combined TRACON& Tower with Radar,6,39,19,7,71,0,4,30,4,38,6,43,49,11,109,4,12,16,125
08/04/2016,PIA,IL,AGL,CE,Combined TRACON& Tower with Radar,10,37,12,3,62,0,1,47,31,79,10,38,59,34,141,0,24,24,165
08/05/2016,PIA,IL,AGL,CE,Combined TRACON& Tower with Radar,8,39,31,7,85,0,2,30,10,42,8,41,61,17,127,10,10,20,147
08/06/2016,PIA,IL,AGL,CE,Combined TRACON& Tower with Radar,4,26,3,7,40,0,2,65,20,87,4,28,68,27,127,34,5,39,166
08/07/2016,PIA,IL,AGL,CE,Combined TRACON& Tower with Radar,6,35,9,2,52,0,4,65,22,91,6,39,74,24,143,0,32,32,175
08/08/2016,PIA,IL,AGL,CE,Combined TRACON& Tower with Radar,6,34,28,5,73,0,4,20,0,24,6,38,48,5,97,0,0,0,97
08/09/2016,PIA,IL,AGL,CE,Combined TRACON& Tower with Radar,4,40,33,0,77,0,4,21,0,25,4,44,54,0,102,12,0,12,114
08/10/2016,PIA,IL,AGL,CE,Combined TRACON& Tower with Radar,6,33,20,4,63,0,5,46,1,52,6,38,66,5,115,0,0,0,115
08/11/2016,PIA,IL,AGL,CE,Combined TRACON& Tower with Radar,11,44,17,0,72,0,2,28,1,31,11,46,45,1,103,6,0,6,109
08/12/2016,PIA,IL,AGL,CE,Combined TRACON& Tower with Radar,9,32,10,0,51,0,0,5,0,5,9,32,15,0,56,0,0,0,56
08/13/2016,PIA,IL,AGL,CE,Combined TRACON& Tower with Radar,4,27,15,7,53,0,1,6,0,7,4,28,21,7,60,24,0,24,84
08/14/2016,PIA,IL,AGL,CE,Combined TRACON& Tower with Radar,6,33,5,1,45,0,1,36,0,37,6,34,41,1,82,6,0,6,88
08/15/2016,PIA,IL,AGL,CE,Combined TRACON& Tower with Radar,6,36,10,1,53,0,0,0,0,0,6,36,10,1,53,0,0,0,53
08/16/2016,PIA,IL,AGL,CE,Combined TRACON& Tower with Radar,4,39,19,6,68,0,2,8,6,16,4,41,27,12,84,0,2,2,86
08/17/2016,PIA,IL,AGL,CE,Combined TRACON& Tower with Radar,4,42,24,5,75,0,4,47,3,54,4,46,71,8,129,4,0,4,133
08/18/2016,PIA,IL,AGL,CE,Combined TRACON& Tower with Radar,10,37,12,5,64,0,5,22,1,28,10,42,34,6,92,48,0,48,140
08/19/2016,PIA,IL,AGL,CE,Combined TRACON& Tower with Radar,8,31,22,2,63,0,1,23,1,25,8,32,45,3,88,0,0,0,88
08/20/2016,PIA,IL,AGL,CE,Combined TRACON& Tower with Radar,0,25,9,2,36,0,1,5,1,7,0,26,14,3,43,20,0,20,63
08/21/2016,PIA,IL,AGL,CE,Combined TRACON& Tower with Radar,6,41,10,0,57,0,5,30,2,37,6,46,40,2,94,56,0,56,150
08/22/2016,PIA,IL,AGL,CE,Combined TRACON& Tower with Radar,6,38,28,6,78,0,2,33,5,40,6,40,61,11,118,18,0,18,136
08/23/2016,PIA,IL,AGL,CE,Combined TRACON& Tower with Radar,4,36,25,6,71,0,2,21,6,29,4,38,46,12,100,4,14,18,118
08/24/2016,PIA,IL,AGL,CE,Combined TRACON& Tower with Radar,4,32,20,5,61,0,3,9,11,23,4,35,29,16,84,0,12,12,96
08/25/2016,PIA,IL,AGL,CE,Combined TRACON& Tower with Radar,10,34,29,7,80,0,2,10,4,16,10,36,39,11,96,8,6,14,110
08/26/2016,PIA,IL,AGL,CE,Combined TRACON& Tower with Radar,8,32,20,0,60,0,2,17,1,20,8,34,37,1,80,0,0,0,80
08/27/2016,PIA,IL,AGL,CE,Combined TRACON& Tower with Radar,0,25,17,0,42,0,0,17,2,19,0,25,34,2,61,8,0,8,69
08/28/2016,PIA,IL,AGL,CE,Combined TRACON& Tower with Radar,6,30,14,0,50,0,2,13,0,15,6,32,27,0,65,18,0,18,83
08/29/2016,PIA,IL,AGL,CE,Combined TRACON& Tower with Radar,7,35,18,5,65,0,1,27,4,32,7,36,45,9,97,12,2,14,111
08/30/2016,PIA,IL,AGL,CE,Combined TRACON& Tower with Radar,4,34,19,6,63,0,2,13,20,35,4,36,32,26,98,0,46,46,144
08/31/2016,PIA,IL,AGL,CE,Combined TRACON& Tower with Radar,4,33,20,10,67,0,2,13,16,31,4,35,33,26,98,0,28,28,126
09/01/2016,PIA,IL,AGL,CE,Combined TRACON& Tower with Radar,10,40,13,4,67,0,0,28,23,51,10,40,41,27,118,38,56,94,212
09/02/2016,PIA,IL,AGL,CE,Combined TRACON& Tower with Radar,8,36,8,0,52,0,2,30,1,33,8,38,38,1,85,10,0,10,95
09/03/2016,PIA,IL,AGL,CE,Combined TRACON& Tower with Radar,0,23,8,0,31,0,3,44,4,51,0,26,52,4,82,64,0,64,146
09/04/2016,PIA,IL,AGL,CE,Combined TRACON& Tower with Radar,8,22,5,0,35,0,2,25,0,27,8,24,30,0,62,18,0,18,80
09/05/2016,PIA,IL,AGL,CE,Combined TRACON& Tower with Radar,4,31,12,0,47,0,5,24,0,29,4,36,36,0,76,2,0,2,78
09/06/2016,PIA,IL,AGL,CE,Combined TRACON& Tower with Radar,2,44,8,7,61,0,5,18,14,37,2,49,26,21,98,0,42,42,140
09/07/2016,PIA,IL,AGL,CE,Combined TRACON& Tower with Radar,3,35,7,7,52,0,0,5,4,9,3,35,12,11,61,16,24,40,101
09/08/2016,PIA,IL,AGL,CE,Combined TRACON& Tower with Radar,11,47,14,11,83,0,1,13,4,18,11,48,27,15,101,2,0,2,103
09/09/2016,PIA,IL,AGL,CE,Combined TRACON& Tower with Radar,10,35,16,7,68,0,0,0,3,3,10,35,16,10,71,0,0,0,71
09/10/2016,PIA,IL,AGL,CE,Combined TRACON& Tower with Radar,2,24,16,4,46,0,2,12,3,17,2,26,28,7,63,26,0,26,89
09/11/2016,PIA,IL,AGL,CE,Combined TRACON& Tower with Radar,6,36,15,0,57,0,1,32,8,41,6,37,47,8,98,0,4,4,102
09/12/2016,PIA,IL,AGL,CE,Combined TRACON& Tower with Radar,6,32,14,3,55,0,2,21,7,30,6,34,35,10,85,0,8,8,93
09/13/2016,PIA,IL,AGL,CE,Combined TRACON& Tower with Radar,2,34,26,20,82,0,2,26,15,43,2,36,52,35,125,0,6,6,131
09/14/2016,PIA,IL,AGL,CE,Combined TRACON& Tower with Radar,4,40,22,3,69,0,2,14,15,31,4,42,36,18,100,0,12,12,112
09/15/2016,PIA,IL,AGL,CE,Combined TRACON& Tower with Radar,10,38,12,22,82,0,0,15,8,23,10,38,27,30,105,2,36,38,143
09/16/2016,PIA,IL,AGL,CE,Combined TRACON& Tower with Radar,10,37,21,0,68,0,1,6,0,7,10,38,27,0,75,2,0,2,77
09/17/2016,PIA,IL,AGL,CE,Combined TRACON& Tower with Radar,0,25,16,1,42,0,1,20,0,21,0,26,36,1,63,0,0,0,63
09/18/2016,PIA,IL,AGL,CE,Combined TRACON& Tower with Radar,6,34,9,2,51,0,2,33,4,39,6,36,42,6,90,12,24,36,126
09/19/2016,PIA,IL,AGL,CE,Combined TRACON& Tower with Radar,8,37,8,2,55,0,1,18,25,44,8,38,26,27,99,0,12,12,111
09/20/2016,PIA,IL,AGL,CE,Combined TRACON& Tower with Radar,4,37,25,5,71,0,2,23,29,54,4,39,48,34,125,0,32,32,157
09/21/2016,PIA,IL,AGL,CE,Combined TRACON& Tower with Radar,4,44,28,4,80,0,1,13,16,30,4,45,41,20,110,16,10,26,136
09/22/2016,PIA,IL,AGL,CE,Combined TRACON& Tower with Radar,11,37,27,2,77,0,2,15,8,25,11,39,42,10,102,4,0,4,106
09/23/2016,PIA,IL,AGL,CE,Combined TRACON& Tower with Radar,8,35,24,0,67,0,4,35,0,39,8,39,59,0,106,6,0,6,112
09/24/2016,PIA,IL,AGL,CE,Combined TRACON& Tower with Radar,0,27,9,0,36,0,2,18,0,20,0,29,27,0,56,4,0,4,60
09/25/2016,PIA,IL,AGL,CE,Combined TRACON& Tower with Radar,6,38,7,0,51,0,1,7,0,8,6,39,14,0,59,14,0,14,73
09/26/2016,PIA,IL,AGL,CE,Combined TRACON& Tower with Radar,6,41,11,4,62,0,2,9,12,23,6,43,20,16,85,0,8,8,93
09/27/2016,PIA,IL,AGL,CE,Combined TRACON& Tower with Radar,8,37,6,8,59,0,2,18,11,31,8,39,24,19,90,32,30,62,152
09/28/2016,PIA,IL,AGL,CE,Combined TRACON& Tower with Radar,4,36,20,16,76,0,5,7,25,37,4,41,27,41,113,0,26,26,139
09/29/2016,PIA,IL,AGL,CE,Combined TRACON& Tower with Radar,10,36,11,6,63,0,3,12,19,34,10,39,23,25,97,0,20,20,117
09/30/2016,PIA,IL,AGL,CE,Combined TRACON& Tower with Radar,8,34,23,12,77,0,1,4,0,5,8,35,27,12,82,0,4,4,86
10/01/2016,PIA,IL,AGL,CE,Combined TRACON& Tower with Radar,1,23,14,4,42,0,2,10,4,16,1,25,24,8,58,0,4,4,62
10/02/2016,PIA,IL,AGL,CE,Combined TRACON& Tower with Radar,7,36,14,6,63,0,1,13,2,16,7,37,27,8,79,28,16,44,123
10/03/2016,PIA,IL,AGL,CE,Combined TRACON& Tower with Radar,5,33,18,8,64,0,2,36,20,58,5,35,54,28,122,24,24,48,170
10/04/2016,PIA,IL,AGL,CE,Combined TRACON& Tower with Radar,4,39,25,16,84,0,8,43,21,72,4,47,68,37,156,16,24,40,196
10/05/2016,PIA,IL,AGL,CE,Combined TRACON& Tower with Radar,6,37,23,1,67,0,3,23,7,33,6,40,46,8,100,14,0,14,114
10/06/2016,PIA,IL,AGL,CE,Combined TRACON& Tower with Radar,10,41,11,10,72,0,1,9,10,20,10,42,20,20,92,0,32,32,124
10/07/2016,PIA,IL,AGL,CE,Combined TRACON& Tower with Radar,8,38,19,0,65,0,1,23,0,24,8,39,42,0,89,14,0,14,103
10/08/2016,PIA,IL,AGL,CE,Combined TRACON& Tower with Radar,2,25,11,0,38,0,4,30,0,34,2,29,41,0,72,10,0,10,82
10/09/2016,PIA,IL,AGL,CE,Combined TRACON& Tower with Radar,6,32,16,0,54,0,1,27,0,28,6,33,43,0,82,12,0,12,94
10/10/2016,PIA,IL,AGL,CE,Combined TRACON& Tower with Radar,6,36,12,4,58,0,3,15,0,18,6,39,27,4,76,16,0,16,92
10/11/2016,PIA,IL,AGL,CE,Combined TRACON& Tower with Radar,8,42,13,14,77,0,1,19,16,36,8,43,32,30,113,16,32,48,161
10/12/2016,PIA,IL,AGL,CE,Combined TRACON& Tower with Radar,6,37,28,17,88,0,0,2,11,13,6,37,30,28,101,0,10,10,111
10/13/2016,PIA,IL,AGL,CE,Combined TRACON& Tower with Radar,8,37,17,23,85,0,1,21,13,35,8,38,38,36,120,6,26,32,152
10/14/2016,PIA,IL,AGL,CE,Combined TRACON& Tower with Radar,8,35,13,34,90,0,3,29,5,37,8,38,42,39,127,20,87,107,234
10/15/2016,PIA,IL,AGL,CE,Combined TRACON& Tower with Radar,4,28,10,0,42,0,1,12,0,13,4,29,22,0,55,0,0,0,55
10/16/2016,PIA,IL,AGL,CE,Combined TRACON& Tower with Radar,8,32,10,2,52,0,2,10,9,21,8,34,20,11,73,14,0,14,87
10/17/2016,PIA,IL,AGL,CE,Combined TRACON& Tower with Radar,5,37,9,2,53,0,3,2,11,16,5,40,11,13,69,0,16,16,85
10/18/2016,PIA,IL,AGL,CE,Combined TRACON& Tower with Radar,4,37,11,15,67,0,1,18,13,32,4,38,29,28,99,18,34,52,151
10/19/2016,PIA,IL,AGL,CE,Combined TRACON& Tower with Radar,6,36,17,2,61,0,3,23,12,38,6,39,40,14,99,18,10,28,127
10/20/2016,PIA,IL,AGL,CE,Combined TRACON& Tower with Radar,10,38,15,33,96,0,3,15,9,27,10,41,30,42,123,12,40,52,175
10/21/2016,PIA,IL,AGL,CE,Combined TRACON& Tower with Radar,8,46,10,0,64,0,5,17,2,24,8,51,27,2,88,4,0,4,92
10/22/2016,PIA,IL,AGL,CE,Combined TRACON& Tower with Radar,2,26,9,0,37,0,2,22,0,24,2,28,31,0,61,16,10,26,87
10/23/2016,PIA,IL,AGL,CE,Combined TRACON& Tower with Radar,6,34,7,0,47,0,3,12,3,18,6,37,19,3,65,18,0,18,83
10/24/2016,PIA,IL,AGL,CE,Combined TRACON& Tower with Radar,5,38,18,3,64,0,5,16,0,21,5,43,34,3,85,20,0,20,105
10/25/2016,PIA,IL,AGL,CE,Combined TRACON& Tower with Radar,4,35,21,19,79,0,2,16,5,23,4,37,37,24,102,29,0,29,131
10/26/2016,PIA,IL,AGL,CE,Combined TRACON& Tower with Radar,6,38,15,3,62,0,0,3,0,3,6,38,18,3,65,0,2,2,67
10/27/2016,PIA,IL,AGL,CE,Combined TRACON& Tower with Radar,10,41,13,1,65,0,5,6,6,17,10,46,19,7,82,0,0,0,82
10/28/2016,PIA,IL,AGL,CE,Combined TRACON& Tower with Radar,8,38,22,0,68,0,2,19,2,23,8,40,41,2,91,8,0,8,99
10/29/2016,PIA,IL,AGL,CE,Combined TRACON& Tower with Radar,0,26,21,0,47,0,5,27,0,32,0,31,48,0,79,2,1,3,82
10/30/2016,PIA,IL,AGL,CE,Combined TRACON& Tower with Radar,6,36,15,0,57,0,3,10,0,13,6,39,25,0,70,0,0,0,70
10/31/2016,PIA,IL,AGL,CE,Combined TRACON& Tower with Radar,5,34,13,7,59,0,4,20,3,27,5,38,33,10,86,12,2,14,100
11/01/2016,PIA,IL,AGL,CE,Combined TRACON& Tower with Radar,4,35,17,0,56,0,5,22,13,40,4,40,39,13,96,6,14,20,116
11/02/2016,PIA,IL,AGL,CE,Combined TRACON& Tower with Radar,6,32,13,1,52,0,1,1,3,5,6,33,14,4,57,0,34,34,91
11/03/2016,PIA,IL,AGL,CE,Combined TRACON& Tower with Radar,8,36,17,4,65,0,2,7,5,14,8,38,24,9,79,22,4,26,105
11/04/2016,PIA,IL,AGL,CE,Combined TRACON& Tower with Radar,12,44,20,4,80,0,6,33,4,43,12,50,53,8,123,6,8,14,137
11/05/2016,PIA,IL,AGL,CE,Combined TRACON& Tower with Radar,2,30,12,2,46,0,3,23,16,42,2,33,35,18,88,14,28,42,130
11/06/2016,PIA,IL,AGL,CE,Combined TRACON& Tower with Radar,6,38,12,8,64,0,5,23,9,37,6,43,35,17,101,18,6,24,125
11/07/2016,PIA,IL,AGL,CE,Combined TRACON& Tower with Radar,5,39,14,8,66,0,5,16,13,34,5,44,30,21,100,14,40,54,154
11/08/2016,PIA,IL,AGL,CE,Combined TRACON& Tower with Radar,4,40,26,3,73,0,5,21,18,44,4,45,47,21,117,0,6,6,123
11/09/2016,PIA,IL,AGL,CE,Combined TRACON& Tower with Radar,6,39,19,7,71,0,1,19,4,24,6,40,38,11,95,0,24,24,119
11/10/2016,PIA,IL,AGL,CE,Combined TRACON& Tower with Radar,10,44,14,0,68,0,4,19,1,24,10,48,33,1,92,0,0,0,92
11/11/2016,PIA,IL,AGL,CE,Combined TRACON& Tower with Radar,8,41,25,0,74,0,4,25,0,29,8,45,50,0,103,20,0,20,123
11/12/2016,PIA,IL,AGL,CE,Combined TRACON& Tower with Radar,0,30,10,0,40,0,0,31,0,31,0,30,41,0,71,26,0,26,97
11/13/2016,PIA,IL,AGL,CE,Combined TRACON& Tower with Radar,6,38,12,0,56,0,7,29,0,36,6,45,41,0,92,8,0,8,100
11/14/2016,PIA,IL,AGL,CE,Combined TRACON& Tower with Radar,6,40,22,10,78,0,2,15,2,19,6,42,37,12,97,8,38,46,143
11/15/2016,PIA,IL,AGL,CE,Combined TRACON& Tower with Radar,4,46,23,24,97,0,7,33,20,60,4,53,56,44,157,25,45,70,227
11/16/2016,PIA,IL,AGL,CE,Combined TRACON& Tower with Radar,6,42,19,10,77,0,2,23,4,29,6,44,42,14,106,0,8,8,114
11/17/2016,PIA,IL,AGL,CE,Combined TRACON& Tower with Radar,12,40,6,8,66,0,2,15,2,19,12,42,21,10,85,2,32,34,119
11/18/2016,PIA,IL,AGL,CE,Combined TRACON& Tower with Radar,10,35,6,17,68,0,5,4,2,11,10,40,10,19,79,0,54,54,133
11/19/2016,PIA,IL,AGL,CE,Combined TRACON& Tower with Radar,0,29,3,2,34,0,4,17,1,22,0,33,20,3,56,0,0,0,56
11/20/2016,PIA,IL,AGL,CE,Combined TRACON& Tower with Radar,6,36,16,0,58,0,2,40,1,43,6,38,56,1,101,16,0,16,117
11/21/2016,PIA,IL,AGL,CE,Combined TRACON& Tower with Radar,10,34,19,0,63,0,7,39,4,50,10,41,58,4,113,0,0,0,113
11/22/2016,PIA,IL,AGL,CE,Combined TRACON& Tower with Radar,10,35,19,6,70,0,0,18,4,22,10,35,37,10,92,10,12,22,114
11/23/2016,PIA,IL,AGL,CE,Combined TRACON& Tower with Radar,12,42,14,0,68,0,0,1,0,1,12,42,15,0,69,2,0,2,71
11/24/2016,PIA,IL,AGL,CE,Combined TRACON& Tower with Radar,2,19,2,0,23,0,0,2,0,2,2,19,4,0,25,0,0,0,25
11/25/2016,PIA,IL,AGL,CE,Combined TRACON& Tower with Radar,7,25,13,0,45,0,12,22,0,34,7,37,35,0,79,24,0,24,103
11/26/2016,PIA,IL,AGL,CE,Combined TRACON& Tower with Radar,6,34,11,0,51,0,7,22,0,29,6,41,33,0,80,44,0,44,124
11/27/2016,PIA,IL,AGL,CE,Combined TRACON& Tower with Radar,6,34,11,0,51,0,1,2,0,3,6,35,13,0,54,0,0,0,54
11/28/2016,PIA,IL,AGL,CE,Combined TRACON& Tower with Radar,8,38,12,8,66,0,1,9,0,10,8,39,21,8,76,0,0,0,76
11/29/2016,PIA,IL,AGL,CE,Combined TRACON& Tower with Radar,4,41,26,5,76,0,5,42,27,74,4,46,68,32,150,22,28,50,200
11/30/2016,PIA,IL,AGL,CE,Combined TRACON& Tower with Radar,6,40,16,11,73,0,2,24,3,29,6,42,40,14,102,22,8,30,132
12/01/2016,PIA,IL,AGL,CE,Combined TRACON& Tower with Radar,8,42,18,10,78,0,2,9,3,14,8,44,27,13,92,0,10,10,102
12/02/2016,PIA,IL,AGL,CE,Combined TRACON& Tower with Radar,9,41,15,10,75,0,2,23,14,39,9,43,38,24,114,0,20,20,134
12/03/2016,PIA,IL,AGL,CE,Combined TRACON& Tower with Radar,1,34,8,3,46,0,2,33,9,44,1,36,41,12,90,44,0,44,134
12/04/2016,PIA,IL,AGL,CE,Combined TRACON& Tower with Radar,4,30,9,0,43,0,0,0,0,0,4,30,9,0,43,0,0,0,43
12/05/2016,PIA,IL,AGL,CE,Combined TRACON& Tower with Radar,8,37,28,30,103,0,0,0,0,0,8,37,28,30,103,0,0,0,103
12/06/2016,PIA,IL,AGL,CE,Combined TRACON& Tower with Radar,6,33,21,3,63,0,2,5,20,27,6,35,26,23,90,10,10,20,110
12/07/2016,PIA,IL,AGL,CE,Combined TRACON& Tower with Radar,6,41,27,2,76,0,4,14,3,21,6,45,41,5,97,8,4,12,109
12/08/2016,PIA,IL,AGL,CE,Combined TRACON& Tower with Radar,8,44,21,7,80,0,2,14,8,24,8,46,35,15,104,2,6,8,112
12/09/2016,PIA,IL,AGL,CE,Combined TRACON& Tower with Radar,10,38,13,0,61,0,2,19,2,23,10,40,32,2,84,8,0,8,92
12/10/2016,PIA,IL,AGL,CE,Combined TRACON& Tower with Radar,0,25,4,2,31,0,3,8,4,15,0,28,12,6,46,68,16,84,130
12/11/2016,PIA,IL,AGL,CE,Combined TRACON& Tower with Radar,4,23,5,0,32,0,0,5,0,5,4,23,10,0,37,8,0,8,45
12/12/2016,PIA,IL,AGL,CE,Combined TRACON& Tower with Radar,8,45,15,7,75,0,3,14,3,20,8,48,29,10,95,10,0,10,105
12/13/2016,PIA,IL,AGL,CE,Combined TRACON& Tower with Radar,4,44,17,5,70,0,3,21,16,40,4,47,38,21,110,14,12,26,136
12/14/2016,PIA,IL,AGL,CE,Combined TRACON& Tower with Radar,6,44,26,2,78,0,3,10,4,17,6,47,36,6,95,0,0,0,95
12/15/2016,PIA,IL,AGL,CE,Combined TRACON& Tower with Radar,8,42,15,9,74,0,2,9,9,20,8,44,24,18,94,0,2,2,96
12/16/2016,PIA,IL,AGL,CE,Combined TRACON& Tower with Radar,9,23,13,2,47,0,0,0,0,0,9,23,13,2,47,0,0,0,47
12/17/2016,PIA,IL,AGL,CE,Combined TRACON& Tower with Radar,3,20,6,0,29,0,0,0,0,0,3,20,6,0,29,0,0,0,29
12/18/2016,PIA,IL,AGL,CE,Combined TRACON& Tower with Radar,4,28,10,0,42,0,0,2,0,2,4,28,12,0,44,0,0,0,44
12/19/2016,PIA,IL,AGL,CE,Combined TRACON& Tower with Radar,8,28,18,0,54,0,2,20,0,22,8,30,38,0,76,20,0,20,96
12/20/2016,PIA,IL,AGL,CE,Combined TRACON& Tower with Radar,8,30,13,2,53,0,3,17,24,44,8,33,30,26,97,0,20,20,117
12/21/2016,PIA,IL,AGL,CE,Combined TRACON& Tower with Radar,6,28,18,11,63,0,2,19,0,21,6,30,37,11,84,36,16,52,136
12/22/2016,PIA,IL,AGL,CE,Combined TRACON& Tower with Radar,10,28,8,0,46,0,1,16,2,19,10,29,24,2,65,24,0,24,89
12/23/2016,PIA,IL,AGL,CE,Combined TRACON& Tower with Radar,12,28,5,0,45,0,0,3,0,3,12,28,8,0,48,0,0,0,48
12/24/2016,PIA,IL,AGL,CE,Combined TRACON& Tower with Radar,8,20,5,0,33,0,0,0,0,0,8,20,5,0,33,0,0,0,33
12/25/2016,PIA,IL,AGL,CE,Combined TRACON& Tower with Radar,6,22,1,0,29,0,0,0,0,0,6,22,1,0,29,0,0,0,29
12/26/2016,PIA,IL,AGL,CE,Combined TRACON& Tower with Radar,6,28,10,0,44,0,2,15,0,17,6,30,25,0,61,0,0,0,61
12/27/2016,PIA,IL,AGL,CE,Combined TRACON& Tower with Radar,8,32,10,0,50,0,1,26,0,27,8,33,36,0,77,14,0,14,91
12/28/2016,PIA,IL,AGL,CE,Combined TRACON& Tower with Radar,8,28,8,1,45,0,3,14,3,20,8,31,22,4,65,2,12,14,79
12/29/2016,PIA,IL,AGL,CE,Combined TRACON& Tower with Radar,10,28,5,14,57,0,2,7,7,16,10,30,12,21,73,2,30,32,105
12/30/2016,PIA,IL,AGL,CE,Combined TRACON& Tower with Radar,12,31,13,0,56,0,2,24,0,26,12,33,37,0,82,12,0,12,94
12/31/2016,PIA,IL,AGL,CE,Combined TRACON& Tower with Radar,6,23,4,0,33,0,3,16,0,19,6,26,20,0,52,40,0,40,92
01/01/2017,PIA,IL,AGL,CE,Combined TRACON& Tower with Radar,8,26,9,0,43,0,3,30,0,33,8,29,39,0,76,16,0,16,92
01/02/2017,PIA,IL,AGL,CE,Combined TRACON& Tower with Radar,6,25,11,0,42,0,0,0,0,0,6,25,11,0,42,0,0,0,42
01/03/2017,PIA,IL,AGL,CE,Combined TRACON& Tower with Radar,5,29,5,0,39,0,0,0,0,0,5,29,5,0,39,0,0,0,39
01/04/2017,PIA,IL,AGL,CE,Combined TRACON& Tower with Radar,9,29,14,1,53,0,1,8,1,10,9,30,22,2,63,0,0,0,63
01/05/2017,PIA,IL,AGL,CE,Combined TRACON& Tower with Radar,10,34,11,9,64,0,1,11,5,17,10,35,22,14,81,0,6,6,87
01/06/2017,PIA,IL,AGL,CE,Combined TRACON& Tower with Radar,8,27,8,1,44,0,0,7,8,15,8,27,15,9,59,6,0,6,65
01/07/2017,PIA,IL,AGL,CE,Combined TRACON& Tower with Radar,0,21,8,2,31,0,2,16,9,27,0,23,24,11,58,0,6,6,64
01/08/2017,PIA,IL,AGL,CE,Combined TRACON& Tower with Radar,6,30,7,2,45,0,3,21,19,43,6,33,28,21,88,8,4,12,100
01/09/2017,PIA,IL,AGL,CE,Combined TRACON& Tower with Radar,5,37,5,2,49,0,3,6,0,9,5,40,11,2,58,6,0,6,64
01/10/2017,PIA,IL,AGL,CE,Combined TRACON& Tower with Radar,4,32,9,2,47,0,1,3,0,4,4,33,12,2,51,0,0,0,51
01/11/2017,PIA,IL,AGL,CE,Combined TRACON& Tower with Radar,6,29,9,1,45,0,1,1,1,3,6,30,10,2,48,0,0,0,48
01/12/2017,PIA,IL,AGL,CE,Combined TRACON& Tower with Radar,10,39,12,0,61,0,2,4,0,6,10,41,16,0,67,0,0,0,67
01/13/2017,PIA,IL,AGL,CE,Combined TRACON& Tower with Radar,12,37,19,4,72,0,3,33,0,36,12,40,52,4,108,0,0,0,108
01/14/2017,PIA,IL,AGL,CE,Combined TRACON& Tower with Radar,0,23,4,0,27,0,0,0,0,0,0,23,4,0,27,0,0,0,27
01/15/2017,PIA,IL,AGL,CE,Combined TRACON& Tower with Radar,6,28,6,0,40,0,0,4,0,4,6,28,10,0,44,0,0,0,44
01/16/2017,PIA,IL,AGL,CE,Combined TRACON& Tower with Radar,6,26,16,0,48,0,0,0,0,0,6,26,16,0,48,0,0,0,48
01/17/2017,PIA,IL,AGL,CE,Combined TRACON& Tower with Radar,8,34,14,2,58,0,0,0,0,0,8,34,14,2,58,0,0,0,58
01/18/2017,PIA,IL,AGL,CE,Combined TRACON& Tower with Radar,6,42,33,40,121,0,0,8,3,11,6,42,41,43,132,0,0,0,132
01/19/2017,PIA,IL,AGL,CE,Combined TRACON& Tower with Radar,11,48,19,0,78,0,0,10,8,18,11,48,29,8,96,6,18,24,120
01/20/2017,PIA,IL,AGL,CE,Combined TRACON& Tower with Radar,9,39,8,0,56,0,0,0,0,0,9,39,8,0,56,0,0,0,56
01/21/2017,PIA,IL,AGL,CE,Combined TRACON& Tower with Radar,0,31,14,6,51,0,7,31,0,38,0,38,45,6,89,2,6,8,97
01/22/2017,PIA,IL,AGL,CE,Combined TRACON& Tower with Radar,6,35,6,0,47,0,0,7,0,7,6,35,13,0,54,8,0,8,62
01/23/2017,PIA,IL,AGL,CE,Combined TRACON& Tower with Radar,6,37,10,0,53,0,0,2,0,2,6,37,12,0,55,0,0,0,55
01/24/2017,PIA,IL,AGL,CE,Combined TRACON& Tower with Radar,4,34,16,0,54,0,0,11,6,17,4,34,27,6,71,14,12,26,97
01/25/2017,PIA,IL,AGL,CE,Combined TRACON& Tower with Radar,8,40,17,14,79,0,0,4,0,4,8,40,21,14,83,0,0,0,83
01/26/2017,PIA,IL,AGL,CE,Combined TRACON& Tower with Radar,10,40,23,0,73,0,1,2,8,11,10,41,25,8,84,0,16,16,100
01/27/2017,PIA,IL,AGL,CE,Combined TRACON& Tower with Radar,8,38,5,0,51,0,4,15,3,22,8,42,20,3,73,0,0,0,73
01/28/2017,PIA,IL,AGL,CE,Combined TRACON& Tower with Radar,1,26,4,0,31,0,1,6,2,9,1,27,10,2,40,4,0,4,44
01/29/2017,PIA,IL,AGL,CE,Combined TRACON& Tower with Radar,7,36,15,0,58,0,5,21,0,26,7,41,36,0,84,20,0,20,104
01/30/2017,PIA,IL,AGL,CE,Combined TRACON& Tower with Radar,6,41,13,11,71,0,4,7,5,16,6,45,20,16,87,0,4,4,91
01/31/2017,PIA,IL,AGL,CE,Combined TRACON& Tower with Radar,4,41,14,3,62,0,1,3,12,16,4,42,17,15,78,0,14,14,92
02/01/2017,PIA,IL,AGL,CE,Combined TRACON& Tower with Radar,9,44,11,13,77,0,4,26,1,31,9,48,37,14,108,12,40,52,160
02/02/2017,PIA,IL,AGL,CE,Combined TRACON& Tower with Radar,10,40,25,13,88,0,1,24,5,30,10,41,49,18,118,6,14,20,138
02/03/2017,PIA,IL,AGL,CE,Combined TRACON& Tower with Radar,8,40,15,8,71,0,2,15,4,21,8,42,30,12,92,0,16,16,108
02/04/2017,PIA,IL,AGL,CE,Combined TRACON& Tower with Radar,0,25,15,1,41,0,6,8,1,15,0,31,23,2,56,0,0,0,56
02/05/2017,PIA,IL,AGL,CE,Combined TRACON& Tower with Radar,6,29,17,0,52,0,4,28,2,34,6,33,45,2,86,0,0,0,86
02/06/2017,PIA,IL,AGL,CE,Combined TRACON& Tower with Radar,8,40,26,19,93,0,1,8,1,10,8,41,34,20,103,8,6,14,117
02/07/2017,PIA,IL,AGL,CE,Combined TRACON& Tower with Radar,4,43,19,16,82,0,0,2,4,6,4,43,21,20,88,0,16,16,104
02/08/2017,PIA,IL,AGL,CE,Combined TRACON& Tower with Radar,6,37,33,0,76,0,1,0,0,1,6,38,33,0,77,0,0,0,77
02/09/2017,PIA,IL,AGL,CE,Combined TRACON& Tower with Radar,10,47,26,14,97,0,1,17,12,30,10,48,43,26,127,0,18,18,145
02/10/2017,PIA,IL,AGL,CE,Combined TRACON& Tower with Radar,10,40,13,2,65,0,3,12,6,21,10,43,25,8,86,4,0,4,90
02/11/2017,PIA,IL,AGL,CE,Combined TRACON& Tower with Radar,0,27,11,0,38,0,2,14,4,20,0,29,25,4,58,17,0,17,75
02/12/2017,PIA,IL,AGL,CE,Combined TRACON& Tower with Radar,6,40,3,0,49,0,1,3,4,8,6,41,6,4,57,0,0,0,57
02/13/2017,PIA,IL,AGL,CE,Combined TRACON& Tower with Radar,6,44,18,5,73,0,2,18,7,27,6,46,36,12,100,46,20,66,166
02/14/2017,PIA,IL,AGL,CE,Combined TRACON& Tower with Radar,6,42,19,12,79,0,3,22,4,29,6,45,41,16,108,4,18,22,130
02/15/2017,PIA,IL,AGL,CE,Combined TRACON& Tower with Radar,8,48,29,1,86,0,2,30,7,39,8,50,59,8,125,10,8,18,143
02/16/2017,PIA,IL,AGL,CE,Combined TRACON& Tower with Radar,13,44,14,1,72,0,2,11,8,21,13,46,25,9,93,0,4,4,97
02/17/2017,PIA,IL,AGL,CE,Combined TRACON& Tower with Radar,8,33,10,0,51,0,5,27,2,34,8,38,37,2,85,10,10,20,105
02/18/2017,PIA,IL,AGL,CE,Combined TRACON& Tower with Radar,6,31,5,0,42,0,3,47,0,50,6,34,52,0,92,36,0,36,128
02/19/2017,PIA,IL,AGL,CE,Combined TRACON& Tower with Radar,10,25,9,0,44,0,5,27,1,33,10,30,36,1,77,4,0,4,81
02/20/2017,PIA,IL,AGL,CE,Combined TRACON& Tower with Radar,6,36,18,0,60,0,2,11,0,13,6,38,29,0,73,0,0,0,73
02/21/2017,PIA,IL,AGL,CE,Combined TRACON& Tower with Radar,10,34,16,5,65,0,1,4,9,14,10,35,20,14,79,0,8,8,87
02/22/2017,PIA,IL,AGL,CE,Combined TRACON& Tower with Radar,10,37,18,3,68,0,2,9,9,20,10,39,27,12,88,0,14,14,102
02/23/2017,PIA,IL,AGL,CE,Combined TRACON& Tower with Radar,12,45,25,9,91,0,1,2,3,6,12,46,27,12,97,0,0,0,97
02/24/2017,PIA,IL,AGL,CE,Combined TRACON& Tower with Radar,12,28,25,2,67,0,0,3,8,11,12,28,28,10,78,0,0,0,78
02/25/2017,PIA,IL,AGL,CE,Combined TRACON& Tower with Radar,8,25,7,0,40,0,2,7,0,9,8,27,14,0,49,12,0,12,61
02/26/2017,PIA,IL,AGL,CE,Combined TRACON& Tower with Radar,13,32,8,0,53,0,3,7,0,10,13,35,15,0,63,0,0,0,63
02/27/2017,PIA,IL,AGL,CE,Combined TRACON& Tower with Radar,9,32,14,9,64,0,2,16,3,21,9,34,30,12,85,26,0,26,111
02/28/2017,PIA,IL,AGL,CE,Combined TRACON& Tower with Radar,10,29,19,6,64,0,0,0,8,8,10,29,19,14,72,2,14,16,88
03/01/2017,PIA,IL,AGL,CE,Combined TRACON& Tower with Radar,12,37,19,3,71,0,1,7,8,16,12,38,26,11,87,2,16,18,105
03/02/2017,PIA,IL,AGL,CE,Combined TRACON& Tower with Radar,14,32,17,24,87,0,2,8,10,20,14,34,25,34,107,0,26,26,133
03/03/2017,PIA,IL,AGL,CE,Combined TRACON& Tower with Radar,8,33,14,2,57,0,4,41,2,47,8,37,55,4,104,14,0,14,118
03/04/2017,PIA,IL,AGL,CE,Combined TRACON& Tower with Radar,8,23,13,2,46,0,5,25,2,32,8,28,38,4,78,12,0,12,90
03/05/2017,PIA,IL,AGL,CE,Combined TRACON& Tower with Radar,10,30,11,0,51,0,0,4,5,9,10,30,15,5,60,0,4,4,64
03/06/2017,PIA,IL,AGL,CE,Combined TRACON& Tower with Radar,8,31,12,8,59,0,0,0,0,0,8,31,12,8,59,0,0,0,59
03/07/2017,PIA,IL,AGL,CE,Combined TRACON& Tower with Radar,9,31,13,4,57,0,5,11,10,26,9,36,24,14,83,0,4,4,87
03/08/2017,PIA,IL,AGL,CE,Combined TRACON& Tower with Radar,11,34,13,1,59,0,6,13,8,27,11,40,26,9,86,0,8,8,94
03/09/2017,PIA,IL,AGL,CE,Combined TRACON& Tower with Radar,15,34,16,7,72,0,4,28,7,39,15,38,44,14,111,12,34,46,157
03/10/2017,PIA,IL,AGL,CE,Combined TRACON& Tower with Radar,10,30,5,1,46,0,1,10,3,14,10,31,15,4,60,0,0,0,60
03/11/2017,PIA,IL,AGL,CE,Combined TRACON& Tower with Radar,10,26,10,0,46,0,4,30,6,40,10,30,40,6,86,40,0,40,126
03/12/2017,PIA,IL,AGL,CE,Combined TRACON& Tower with Radar,12,30,9,0,51,0,4,12,5,21,12,34,21,5,72,12,0,12,84
03/13/2017,PIA,IL,AGL,CE,Combined TRACON& Tower with Radar,8,28,8,13,57,0,0,0,0,0,8,28,8,13,57,0,0,0,57
03/14/2017,PIA,IL,AGL,CE,Combined TRACON& Tower with Radar,12,26,20,12,70,0,10,14,11,35,12,36,34,23,105,6,4,10,115
03/15/2017,PIA,IL,AGL,CE,Combined TRACON& Tower with Radar,14,36,12,1,63,0,6,14,17,37,14,42,26,18,100,8,0,8,108
03/16/2017,PIA,IL,AGL,CE,Combined TRACON& Tower with Radar,14,39,10,2,65,0,3,14,10,27,14,42,24,12,92,0,0,0,92
03/17/2017,PIA,IL,AGL,CE,Combined TRACON& Tower with Radar,10,33,10,2,55,0,1,7,1,9,10,34,17,3,64,0,0,0,64
03/18/2017,PIA,IL,AGL,CE,Combined TRACON& Tower with Radar,12,24,3,0,39,0,2,9,0,11,12,26,12,0,50,0,0,0,50
03/19/2017,PIA,IL,AGL,CE,Combined TRACON& Tower with Radar,10,31,9,0,50,0,6,24,0,30,10,37,33,0,80,24,0,24,104
03/20/2017,PIA,IL,AGL,CE,Combined TRACON& Tower with Radar,8,39,7,3,57,0,1,21,6,28,8,40,28,9,85,36,22,58,143
03/21/2017,PIA,IL,AGL,CE,Combined TRACON& Tower with Radar,14,34,8,6,62,0,4,22,14,40,14,38,30,20,102,54,0,54,156
03/22/2017,PIA,IL,AGL,CE,Combined TRACON& Tower with Radar,14,32,22,8,76,0,3,13,19,35,14,35,35,27,111,0,12,12,123
03/23/2017,PIA,IL,AGL,CE,Combined TRACON& Tower with Radar,14,39,7,7,67,0,4,11,7,22,14,43,18,14,89,0,14,14,103
03/24/2017,PIA,IL,AGL,CE,Combined TRACON& Tower with Radar,12,31,12,2,57,0,4,16,6,26,12,35,28,8,83,12,0,12,95
03/25/2017,PIA,IL,AGL,CE,Combined TRACON& Tower with Radar,12,26,4,2,44,0,0,4,0,4,12,26,8,2,48,8,0,8,56
03/26/2017,PIA,IL,AGL,CE,Combined TRACON& Tower with Radar,13,35,19,0,67,0,0,1,0,1,13,35,20,0,68,0,0,0,68
03/27/2017,PIA,IL,AGL,CE,Combined TRACON& Tower with Radar,11,38,9,14,72,0,0,0,0,0,11,38,9,14,72,0,0,0,72
03/28/2017,PIA,IL,AGL,CE,Combined TRACON& Tower with Radar,16,38,19,14,87,0,5,32,7,44,16,43,51,21,131,0,18,18,149
03/29/2017,PIA,IL,AGL,CE,Combined TRACON& Tower with Radar,12,36,13,4,65,0,1,1,2,4,12,37,14,6,69,2,0,2,71
03/30/2017,PIA,IL,AGL,CE,Combined TRACON& Tower with Radar,14,34,22,0,70,0,0,0,0,0,14,34,22,0,70,0,0,0,70
03/31/2017,PIA,IL,AGL,CE,Combined TRACON& Tower with Radar,10,32,32,22,96,0,0,2,0,2,10,32,34,22,98,6,0,6,104
04/01/2017,PIA,IL,AGL,CE,Combined TRACON& Tower with Radar,12,24,14,5,55,0,13,54,13,80,12,37,68,18,135,70,14,84,219
04/02/2017,PIA,IL,AGL,CE,Combined TRACON& Tower with Radar,9,30,2,2,43,0,1,20,4,25,9,31,22,6,68,42,4,46,114
04/03/2017,PIA,IL,AGL,CE,Combined TRACON& Tower with Radar,9,33,14,12,68,0,0,2,0,2,9,33,16,12,70,1,0,1,71
04/04/2017,PIA,IL,AGL,CE,Combined TRACON& Tower with Radar,15,33,19,4,71,0,3,7,32,42,15,36,26,36,113,0,20,20,133
04/05/2017,PIA,IL,AGL,CE,Combined TRACON& Tower with Radar,11,33,24,14,82,0,0,2,0,2,11,33,26,14,84,0,0,0,84
04/06/2017,PIA,IL,AGL,CE,Combined TRACON& Tower with Radar,13,29,25,4,71,0,2,16,11,29,13,31,41,15,100,32,0,32,132
04/07/2017,PIA,IL,AGL,CE,Combined TRACON& Tower with Radar,11,30,8,8,57,0,1,35,2,38,11,31,43,10,95,8,12,20,115
04/08/2017,PIA,IL,AGL,CE,Combined TRACON& Tower with Radar,12,22,10,0,44,0,2,30,0,32,12,24,40,0,76,20,0,20,96
04/09/2017,PIA,IL,AGL,CE,Combined TRACON& Tower with Radar,10,32,6,0,48,0,3,7,0,10,10,35,13,0,58,0,0,0,58
04/10/2017,PIA,IL,AGL,CE,Combined TRACON& Tower with Radar,10,35,12,6,63,0,3,17,20,40,10,38,29,26,103,0,6,6,109
04/11/2017,PIA,IL,AGL,CE,Combined TRACON& Tower with Radar,10,47,24,10,91,0,0,18,11,29,10,47,42,21,120,30,16,46,166
04/12/2017,PIA,IL,AGL,CE,Combined TRACON& Tower with Radar,12,33,33,5,83,0,1,47,13,61,12,34,80,18,144,36,28,64,208
04/13/2017,PIA,IL,AGL,CE,Combined TRACON& Tower with Radar,14,32,14,11,71,0,2,17,14,33,14,34,31,25,104,0,42,42,146
04/14/2017,PIA,IL,AGL,CE,Combined TRACON& Tower with Radar,10,34,12,0,56,0,4,15,0,19,10,38,27,0,75,0,0,0,75
04/15/2017,PIA,IL,AGL,CE,Combined TRACON& Tower with Radar,8,19,4,0,31,0,8,19,0,27,8,27,23,0,58,6,0,6,64
04/16/2017,PIA,IL,AGL,CE,Combined TRACON& Tower with Radar,9,25,8,0,42,0,3,6,0,9,9,28,14,0,51,0,0,0,51
04/17/2017,PIA,IL,AGL,CE,Combined TRACON& Tower with Radar,9,33,17,8,67,0,3,25,5,33,9,36,42,13,100,50,0,50,150
04/18/2017,PIA,IL,AGL,CE,Combined TRACON& Tower with Radar,10,40,11,15,76,0,2,23,23,48,10,42,34,38,124,0,22,22,146
04/19/2017,PIA,IL,AGL,CE,Combined TRACON& Tower with Radar,12,35,8,4,59,0,1,14,6,21,12,36,22,10,80,20,6,26,106
04/20/2017,PIA,IL,AGL,CE,Combined TRACON& Tower with Radar,14,35,17,14,80,0,1,16,6,23,14,36,33,20,103,0,6,6,109
04/21/2017,PIA,IL,AGL,CE,Combined TRACON& Tower with Radar,10,32,25,15,82,0,5,29,3,37,10,37,54,18,119,30,22,52,171
04/22/2017,PIA,IL,AGL,CE,Combined TRACON& Tower with Radar,5,26,8,1,40,0,6,21,0,27,5,32,29,1,67,12,0,12,79
04/23/2017,PIA,IL,AGL,CE,Combined TRACON& Tower with Radar,11,28,9,0,48,0,3,29,1,33,11,31,38,1,81,76,2,78,159
04/24/2017,PIA,IL,AGL,CE,Combined TRACON& Tower with Radar,8,33,15,15,71,0,3,21,2,26,8,36,36,17,97,14,42,56,153
04/25/2017,PIA,IL,AGL,CE,Combined TRACON& Tower with Radar,8,37,12,5,62,0,2,13,14,29,8,39,25,19,91,0,12,12,103
04/26/2017,PIA,IL,AGL,CE,Combined TRACON& Tower with Radar,13,33,21,7,74,0,1,1,0,2,13,34,22,7,76,4,0,4,80
04/27/2017,PIA,IL,AGL,CE,Combined TRACON& Tower with Radar,15,36,24,4,79,0,1,15,18,34,15,37,39,22,113,16,30,46,159
04/28/2017,PIA,IL,AGL,CE,Combined TRACON& Tower with Radar,9,36,22,2,69,0,1,10,3,14,9,37,32,5,83,22,0,22,105
04/29/2017,PIA,IL,AGL,CE,Combined TRACON& Tower with Radar,5,27,2,1,35,0,0,0,0,0,5,27,2,1,35,0,0,0,35
04/30/2017,PIA,IL,AGL,CE,Combined TRACON& Tower with Radar,13,26,4,1,44,0,1,0,0,1,13,27,4,1,45,0,0,0,45
05/01/2017,PIA,IL,AGL,CE,Combined TRACON& Tower with Radar,9,40,18,0,67,0,2,4,2,8,9,42,22,2,75,0,20,20,95
05/02/2017,PIA,IL,AGL,CE,Combined TRACON& Tower with Radar,5,39,14,12,70,0,4,15,24,43,5,43,29,36,113,16,44,60,173
05/03/2017,PIA,IL,AGL,CE,Combined TRACON& Tower with Radar,11,34,26,10,81,0,3,16,8,27,11,37,42,18,108,44,74,118,226
05/04/2017,PIA,IL,AGL,CE,Combined TRACON& Tower with Radar,15,44,15,6,80,0,6,13,10,29,15,50,28,16,109,0,12,12,121
05/05/2017,PIA,IL,AGL,CE,Combined TRACON& Tower with Radar,11,36,18,10,75,0,3,26,3,32,11,39,44,13,107,22,10,32,139
05/06/2017,PIA,IL,AGL,CE,Combined TRACON& Tower with Radar,6,26,8,2,42,0,2,26,8,36,6,28,34,10,78,24,6,30,108
05/07/2017,PIA,IL,AGL,CE,Combined TRACON& Tower with Radar,10,34,10,10,64,0,1,39,3,43,10,35,49,13,107,128,23,151,258
05/08/2017,PIA,IL,AGL,CE,Combined TRACON& Tower with Radar,8,32,8,9,57,0,2,48,3,53,8,34,56,12,110,66,6,72,182
05/09/2017,PIA,IL,AGL,CE,Combined TRACON& Tower with Radar,12,38,33,4,87,1,3,19,41,64,13,41,52,45,151,42,38,80,231
05/10/2017,PIA,IL,AGL,CE,Combined TRACON& Tower with Radar,10,35,18,4,67,0,6,20,2,28,10,41,38,6,95,0,0,0,95
05/11/2017,PIA,IL,AGL,CE,Combined TRACON& Tower with Radar,13,36,29,14,92,0,0,11,6,17,13,36,40,20,109,0,4,4,113
05/12/2017,PIA,IL,AGL,CE,Combined TRACON& Tower with Radar,11,33,21,1,66,0,1,33,3,37,11,34,54,4,103,34,0,34,137
05/13/2017,PIA,IL,AGL,CE,Combined TRACON& Tower with Radar,8,22,6,0,36,0,5,49,0,54,8,27,55,0,90,30,0,30,120
05/14/2017,PIA,IL,AGL,CE,Combined TRACON& Tower with Radar,10,27,8,0,45,0,3,8,0,11,10,30,16,0,56,30,0,30,86
05/15/2017,PIA,IL,AGL,CE,Combined TRACON& Tower with Radar,7,34,17,14,72,0,3,21,4,28,7,37,38,18,100,52,4,56,156
05/16/2017,PIA,IL,AGL,CE,Combined TRACON& Tower with Radar,9,37,17,32,95,0,1,21,20,42,9,38,38,52,137,0,74,74,211
05/17/2017,PIA,IL,AGL,CE,Combined TRACON& Tower with Radar,11,29,14,10,64,0,0,8,8,16,11,29,22,18,80,0,36,36,116
05/18/2017,PIA,IL,AGL,CE,Combined TRACON& Tower with Radar,15,33,19,5,72,0,3,23,14,40,15,36,42,19,112,0,44,44,156
05/19/2017,PIA,IL,AGL,CE,Combined TRACON& Tower with Radar,12,32,27,28,99,0,0,1,0,1,12,32,28,28,100,0,0,0,100
05/20/2017,PIA,IL,AGL,CE,Combined TRACON& Tower with Radar,8,24,7,0,39,0,2,7,0,9,8,26,14,0,48,42,0,42,90
05/21/2017,PIA,IL,AGL,CE,Combined TRACON& Tower with Radar,10,36,15,1,62,0,1,31,0,32,10,37,46,1,94,18,0,18,112
05/22/2017,PIA,IL,AGL,CE,Combined TRACON& Tower with Radar,10,36,35,4,85,0,2,13,4,19,10,38,48,8,104,28,46,74,178
05/23/2017,PIA,IL,AGL,CE,Combined TRACON& Tower with Radar,10,34,24,5,73,0,3,4,7,14,10,37,28,12,87,0,0,0,87
05/24/2017,PIA,IL,AGL,CE,Combined TRACON& Tower with Radar,12,34,11,19,76,0,3,16,35,54,12,37,27,54,130,0,12,12,142
05/25/2017,PIA,IL,AGL,CE,Combined TRACON& Tower with Radar,14,34,18,6,72,0,5,20,25,50,14,39,38,31,122,38,26,64,186
05/26/2017,PIA,IL,AGL,CE,Combined TRACON& Tower with Radar,12,31,10,0,53,0,3,22,0,25,12,34,32,0,78,16,0,16,94
05/27/2017,PIA,IL,AGL,CE,Combined TRACON& Tower with Radar,15,21,6,0,42,0,0,13,0,13,15,21,19,0,55,98,0,98,153
05/28/2017,PIA,IL,AGL,CE,Combined TRACON& Tower with Radar,10,21,1,0,32,0,2,14,0,16,10,23,15,0,48,10,0,10,58
05/29/2017,PIA,IL,AGL,CE,Combined TRACON& Tower with Radar,9,26,6,0,41,0,1,18,0,19,9,27,24,0,60,44,0,44,104
05/30/2017,PIA,IL,AGL,CE,Combined TRACON& Tower with Radar,10,34,11,12,67,0,1,29,23,53,10,35,40,35,120,102,22,124,244
05/31/2017,PIA,IL,AGL,CE,Combined TRACON& Tower with Radar,14,33,22,17,86,0,4,27,13,44,14,37,49,30,130,32,18,50,180
06/01/2017,PIA,IL,AGL,CE,Combined TRACON& Tower with Radar,14,32,11,14,71,0,1,36,6,43,14,33,47,20,114,41,24,65,179
06/02/2017,PIA,IL,AGL,CE,Combined TRACON& Tower with Radar,13,37,13,11,74,0,4,24,4,32,13,41,37,15,106,4,28,32,138
06/03/2017,PIA,IL,AGL,CE,Combined TRACON& Tower with Radar,13,25,14,0,52,0,8,26,1,35,13,33,40,1,87,26,0,26,113
06/04/2017,PIA,IL,AGL,CE,Combined TRACON& Tower with Radar,11,31,10,2,54,0,5,13,2,20,11,36,23,4,74,0,0,0,74
06/05/2017,PIA,IL,AGL,CE,Combined TRACON& Tower with Radar,11,34,15,4,64,0,5,35,2,42,11,39,50,6,106,10,24,34,140
06/06/2017,PIA,IL,AGL,CE,Combined TRACON& Tower with Radar,14,46,15,8,83,0,1,21,24,46,14,47,36,32,129,38,8,46,175
06/07/2017,PIA,IL,AGL,CE,Combined TRACON& Tower with Radar,12,41,21,9,83,0,2,24,6,32,12,43,45,15,115,6,0,6,121
06/08/2017,PIA,IL,AGL,CE,Combined TRACON& Tower with Radar,13,35,10,7,65,0,5,21,2,28,13,40,31,9,93,16,4,20,113
06/09/2017,PIA,IL,AGL,CE,Combined TRACON& Tower with Radar,15,36,15,2,68,0,6,30,1,37,15,42,45,3,105,0,0,0,105
06/10/2017,PIA,IL,AGL,CE,Combined TRACON& Tower with Radar,14,25,1,1,41,0,3,19,4,26,14,28,20,5,67,0,0,0,67
06/11/2017,PIA,IL,AGL,CE,Combined TRACON& Tower with Radar,8,31,5,0,44,0,0,7,0,7,8,31,12,0,51,0,0,0,51
06/12/2017,PIA,IL,AGL,CE,Combined TRACON& Tower with Radar,8,35,18,8,69,0,2,16,5,23,8,37,34,13,92,34,60,94,186
06/13/2017,PIA,IL,AGL,CE,Combined TRACON& Tower with Radar,18,32,29,9,88,0,4,21,15,40,18,36,50,24,128,0,0,0,128
06/14/2017,PIA,IL,AGL,CE,Combined TRACON& Tower with Radar,14,40,24,9,87,0,1,15,6,22,14,41,39,15,109,6,6,12,121
06/15/2017,PIA,IL,AGL,CE,Combined TRACON& Tower with Radar,15,38,16,3,72,0,4,24,10,38,15,42,40,13,110,22,2,24,134
06/16/2017,PIA,IL,AGL,CE,Combined TRACON& Tower with Radar,12,33,16,4,65,0,0,40,34,74,12,33,56,38,139,12,38,50,189
06/17/2017,PIA,IL,AGL,CE,Combined TRACON& Tower with Radar,16,33,8,0,57,0,2,20,0,22,16,35,28,0,79,6,0,6,85
06/18/2017,PIA,IL,AGL,CE,Combined TRACON& Tower with Radar,11,34,6,0,51,0,3,17,0,20,11,37,23,0,71,0,0,0,71
06/19/2017,PIA,IL,AGL,CE,Combined TRACON& Tower with Radar,10,32,15,2,59,0,0,18,5,23,10,32,33,7,82,60,20,80,162
06/20/2017,PIA,IL,AGL,CE,Combined TRACON& Tower with Radar,12,34,17,4,67,0,1,35,22,58,12,35,52,26,125,42,14,56,181
06/21/2017,PIA,IL,AGL,CE,Combined TRACON& Tower with Radar,13,35,13,8,69,0,11,27,23,61,13,46,40,31,130,0,16,16,146
06/22/2017,PIA,IL,AGL,CE,Combined TRACON& Tower with Radar,15,36,17,2,70,0,4,16,11,31,15,40,33,13,101,10,10,20,121
06/23/2017,PIA,IL,AGL,CE,Combined TRACON& Tower with Radar,12,32,19,2,65,0,0,16,1,17,12,32,35,3,82,0,0,0,82
06/24/2017,PIA,IL,AGL,CE,Combined TRACON& Tower with Radar,14,28,5,1,48,0,2,40,4,46,14,30,45,5,94,34,0,34,128
06/25/2017,PIA,IL,AGL,CE,Combined TRACON& Tower with Radar,10,33,15,1,59,0,3,17,0,20,10,36,32,1,79,0,0,0,79
06/26/2017,PIA,IL,AGL,CE,Combined TRACON& Tower with Radar,9,36,14,6,65,0,2,24,14,40,9,38,38,20,105,14,26,40,145
06/27/2017,PIA,IL,AGL,CE,Combined TRACON& Tower with Radar,13,32,11,10,66,0,3,43,31,77,13,35,54,41,143,16,54,70,213
06/28/2017,PIA,IL,AGL,CE,Combined TRACON& Tower with Radar,14,35,16,6,71,0,2,15,21,38,14,37,31,27,109,0,18,18,127
06/29/2017,PIA,IL,AGL,CE,Combined TRACON& Tower with Radar,14,38,9,2,63,0,1,14,10,25,14,39,23,12,88,0,30,30,118
06/30/2017,PIA,IL,AGL,CE,Combined TRACON& Tower with Radar,10,31,8,3,52,0,1,13,6,20,10,32,21,9,72,22,0,22,94
07/01/2017,PIA,IL,AGL,CE,Combined TRACON& Tower with Radar,16,29,12,0,57,0,1,26,0,27,16,30,38,0,84,24,0,24,108
07/02/2017,PIA,IL,AGL,CE,Combined TRACON& Tower with Radar,10,21,5,0,36,0,2,19,0,21,10,23,24,0,57,19,0,19,76
07/03/2017,PIA,IL,AGL,CE,Combined TRACON& Tower with Radar,10,22,9,0,41,0,1,23,0,24,10,23,32,0,65,46,0,46,111
07/04/2017,PIA,IL,AGL,CE,Combined TRACON& Tower with Radar,8,22,5,0,35,0,1,17,0,18,8,23,22,0,53,14,0,14,67
07/05/2017,PIA,IL,AGL,CE,Combined TRACON& Tower with Radar,13,30,18,3,64,0,0,26,18,44,13,30,44,21,108,12,16,28,136
07/06/2017,PIA,IL,AGL,CE,Combined TRACON& Tower with Radar,13,33,10,4,60,0,2,32,16,50,13,35,42,20,110,14,14,28,138
07/07/2017,PIA,IL,AGL,CE,Combined TRACON& Tower with Radar,12,29,22,6,69,0,4,24,5,33,12,33,46,11,102,16,22,38,140
07/08/2017,PIA,IL,AGL,CE,Combined TRACON& Tower with Radar,12,28,12,11,63,0,5,39,0,44,12,33,51,11,107,42,0,42,149
07/09/2017,PIA,IL,AGL,CE,Combined TRACON& Tower with Radar,10,34,7,0,51,0,1,20,0,21,10,35,27,0,72,60,0,60,132
07/10/2017,PIA,IL,AGL,CE,Combined TRACON& Tower with Radar,10,33,10,12,65,0,0,5,6,11,10,33,15,18,76,0,24,24,100
07/11/2017,PIA,IL,AGL,CE,Combined TRACON& Tower with Radar,14,35,7,1,57,0,1,7,20,28,14,36,14,21,85,0,6,6,91
07/12/2017,PIA,IL,AGL,CE,Combined TRACON& Tower with Radar,13,37,12,10,72,0,1,19,1,21,13,38,31,11,93,28,0,28,121
07/13/2017,PIA,IL,AGL,CE,Combined TRACON& Tower with Radar,15,32,18,6,71,0,1,30,6,37,15,33,48,12,108,18,0,18,126
07/14/2017,PIA,IL,AGL,CE,Combined TRACON& Tower with Radar,12,30,11,10,63,0,7,25,10,42,12,37,36,20,105,62,16,78,183
07/15/2017,PIA,IL,AGL,CE,Combined TRACON& Tower with Radar,12,27,7,0,46,0,0,30,0,30,12,27,37,0,76,136,0,136,212
07/16/2017,PIA,IL,AGL,CE,Combined TRACON& Tower with Radar,10,29,11,0,50,0,0,23,0,23,10,29,34,0,73,34,0,34,107
07/17/2017,PIA,IL,AGL,CE,Combined TRACON& Tower with Radar,10,30,11,2,53,0,3,29,3,35,10,33,40,5,88,36,10,46,134
07/18/2017,PIA,IL,AGL,CE,Combined TRACON& Tower with Radar,12,32,18,4,66,0,4,19,1,24,12,36,37,5,90,0,0,0,90
07/19/2017,PIA,IL,AGL,CE,Combined TRACON& Tower with Radar,12,30,33,12,87,0,2,43,1,46,12,32,76,13,133,24,28,52,185
07/20/2017,PIA,IL,AGL,CE,Combined TRACON& Tower with Radar,13,31,19,4,67,0,2,35,3,40,13,33,54,7,107,0,0,0,107
07/21/2017,PIA,IL,AGL,CE,Combined TRACON& Tower with Radar,17,33,21,6,77,0,3,27,2,32,17,36,48,8,109,0,0,0,109
07/22/2017,PIA,IL,AGL,CE,Combined TRACON& Tower with Radar,10,27,11,1,49,0,5,11,0,16,10,32,22,1,65,0,0,0,65
07/23/2017,PIA,IL,AGL,CE,Combined TRACON& Tower with Radar,14,28,18,1,61,0,4,23,0,27,14,32,41,1,88,26,0,26,114
07/24/2017,PIA,IL,AGL,CE,Combined TRACON& Tower with Radar,8,33,18,12,71,0,0,10,2,12,8,33,28,14,83,52,0,52,135
07/25/2017,PIA,IL,AGL,CE,Combined TRACON& Tower with Radar,14,30,34,6,84,0,3,19,22,44,14,33,53,28,128,18,16,34,162
07/26/2017,PIA,IL,AGL,CE,Combined TRACON& Tower with Radar,12,30,24,5,71,0,2,22,19,43,12,32,46,24,114,10,0,10,124
07/27/2017,PIA,IL,AGL,CE,Combined TRACON& Tower with Radar,16,29,25,23,93,0,7,17,5,29,16,36,42,28,122,0,46,46,168
07/28/2017,PIA,IL,AGL,CE,Combined TRACON& Tower with Radar,12,28,18,3,61,0,3,53,0,56,12,31,71,3,117,8,0,8,125
07/29/2017,PIA,IL,AGL,CE,Combined TRACON& Tower with Radar,12,28,16,0,56,0,7,39,0,46,12,35,55,0,102,4,0,4,106
07/30/2017,PIA,IL,AGL,CE,Combined TRACON& Tower with Radar,9,30,10,0,49,0,1,33,0,34,9,31,43,0,83,28,0,28,111
07/31/2017,PIA,IL,AGL,CE,Combined TRACON& Tower with Radar,9,33,16,12,70,0,2,35,3,40,9,35,51,15,110,2,20,22,132
08/01/2017,PIA,IL,AGL,CE,Combined TRACON& Tower with Radar,12,31,14,5,62,0,3,26,26,55,12,34,40,31,117,4,34,38,155
08/02/2017,PIA,IL,AGL,CE,Combined TRACON& Tower with Radar,11,36,6,11,64,0,1,28,27,56,11,37,34,38,120,4,42,46,166
08/03/2017,PIA,IL,AGL,CE,Combined TRACON& Tower with Radar,15,31,14,2,62,0,3,15,7,25,15,34,29,9,87,4,24,28,115
08/04/2017,PIA,IL,AGL,CE,Combined TRACON& Tower with Radar,12,26,10,14,62,0,0,15,40,55,12,26,25,54,117,0,34,34,151
08/05/2017,PIA,IL,AGL,CE,Combined TRACON& Tower with Radar,10,31,12,3,56,0,6,26,2,34,10,37,38,5,90,74,0,74,164
08/06/2017,PIA,IL,AGL,CE,Combined TRACON& Tower with Radar,10,28,18,5,61,0,0,7,0,7,10,28,25,5,68,0,4,4,72
08/07/2017,PIA,IL,AGL,CE,Combined TRACON& Tower with Radar,10,30,14,2,56,0,4,35,0,39,10,34,49,2,95,12,0,12,107
08/08/2017,PIA,IL,AGL,CE,Combined TRACON& Tower with Radar,8,32,13,4,57,0,6,26,25,57,8,38,39,29,114,104,28,132,246
08/09/2017,PIA,IL,AGL,CE,Combined TRACON& Tower with Radar,14,28,22,9,73,0,3,31,19,53,14,31,53,28,126,76,2,78,204
08/10/2017,PIA,IL,AGL,CE,Combined TRACON& Tower with Radar,14,36,19,5,74,0,2,13,6,21,14,38,32,11,95,0,0,0,95
08/11/2017,PIA,IL,AGL,CE,Combined TRACON& Tower with Radar,12,28,17,0,57,0,3,21,0,24,12,31,38,0,81,0,0,0,81
08/12/2017,PIA,IL,AGL,CE,Combined TRACON& Tower with Radar,12,26,9,1,48,0,4,32,0,36,12,30,41,1,84,58,0,58,142
08/13/2017,PIA,IL,AGL,CE,Combined TRACON& Tower with Radar,10,28,7,0,45,0,2,28,0,30,10,30,35,0,75,18,0,18,93
08/14/2017,PIA,IL,AGL,CE,Combined TRACON& Tower with Radar,10,31,14,16,71,0,2,31,0,33,10,33,45,16,104,24,28,52,156
08/15/2017,PIA,IL,AGL,CE,Combined TRACON& Tower with Radar,7,32,18,13,70,0,1,17,23,41,7,33,35,36,111,0,22,22,133
08/16/2017,PIA,IL,AGL,CE,Combined TRACON& Tower with Radar,13,33,9,3,58,0,1,9,5,15,13,34,18,8,73,0,10,10,83
08/17/2017,PIA,IL,AGL,CE,Combined TRACON& Tower with Radar,15,44,18,4,81,0,0,4,11,15,15,44,22,15,96,12,22,34,130
08/18/2017,PIA,IL,AGL,CE,Combined TRACON& Tower with Radar,14,28,24,3,69,0,0,19,6,25,14,28,43,9,94,8,36,44,138
08/19/2017,PIA,IL,AGL,CE,Combined TRACON& Tower with Radar,6,23,11,0,40,0,0,25,0,25,6,23,36,0,65,44,0,44,109
08/20/2017,PIA,IL,AGL,CE,Combined TRACON& Tower with Radar,11,27,13,1,52,0,3,26,0,29,11,30,39,1,81,18,0,18,99
08/21/2017,PIA,IL,AGL,CE,Combined TRACON& Tower with Radar,11,32,12,1,56,0,0,17,8,25,11,32,29,9,81,16,26,42,123
08/22/2017,PIA,IL,AGL,CE,Combined TRACON& Tower with Radar,13,36,11,4,64,0,1,11,9,21,13,37,22,13,85,0,12,12,97
08/23/2017,PIA,IL,AGL,CE,Combined TRACON& Tower with Radar,10,41,24,6,81,0,1,29,12,42,10,42,53,18,123,10,24,34,157
08/24/2017,PIA,IL,AGL,CE,Combined TRACON& Tower with Radar,13,34,12,2,61,0,0,21,12,33,13,34,33,14,94,42,0,42,136
08/25/2017,PIA,IL,AGL,CE,Combined TRACON& Tower with Radar,13,32,12,3,60,0,0,17,7,24,13,32,29,10,84,26,20,46,130
08/26/2017,PIA,IL,AGL,CE,Combined TRACON& Tower with Radar,8,28,5,0,41,0,4,36,0,40,8,32,41,0,81,8,0,8,89
08/27/2017,PIA,IL,AGL,CE,Combined TRACON& Tower with Radar,10,27,9,3,49,0,0,13,0,13,10,27,22,3,62,0,0,0,62
08/28/2017,PIA,IL,AGL,CE,Combined TRACON& Tower with Radar,9,30,13,7,59,0,0,5,1,6,9,30,18,8,65,26,2,28,93
08/29/2017,PIA,IL,AGL,CE,Combined TRACON& Tower with Radar,7,31,21,14,73,0,1,20,25,46,7,32,41,39,119,14,32,46,165
08/30/2017,PIA,IL,AGL,CE,Combined TRACON& Tower with Radar,10,32,18,8,68,0,2,25,4,31,10,34,43,12,99,18,36,54,153
08/31/2017,PIA,IL,AGL,CE,Combined TRACON& Tower with Radar,14,32,20,3,69,0,7,23,0,30,14,39,43,3,99,6,4,10,109
09/01/2017,PIA,IL,AGL,CE,Combined TRACON& Tower with Radar,12,33,8,0,53,0,3,23,0,26,12,36,31,0,79,0,0,0,79
09/02/2017,PIA,IL,AGL,CE,Combined TRACON& Tower with Radar,7,26,14,1,48,0,1,25,0,26,7,27,39,1,74,20,0,20,94
09/03/2017,PIA,IL,AGL,CE,Combined TRACON& Tower with Radar,11,21,0,0,32,0,1,26,0,27,11,22,26,0,59,0,0,0,59
09/04/2017,PIA,IL,AGL,CE,Combined TRACON& Tower with Radar,7,29,7,0,43,0,4,11,0,15,7,33,18,0,58,0,0,0,58
09/05/2017,PIA,IL,AGL,CE,Combined TRACON& Tower with Radar,7,37,14,12,70,0,12,22,5,39,7,49,36,17,109,0,38,38,147
09/06/2017,PIA,IL,AGL,CE,Combined TRACON& Tower with Radar,8,34,19,18,79,0,3,13,12,28,8,37,32,30,107,4,16,20,127
09/07/2017,PIA,IL,AGL,CE,Combined TRACON& Tower with Radar,14,31,15,5,65,0,3,15,6,24,14,34,30,11,89,28,4,32,121
09/08/2017,PIA,IL,AGL,CE,Combined TRACON& Tower with Radar,12,33,12,1,58,0,10,21,7,38,12,43,33,8,96,0,22,22,118
09/09/2017,PIA,IL,AGL,CE,Combined TRACON& Tower with Radar,4,28,11,4,47,0,3,25,14,42,4,31,36,18,89,72,14,86,175
09/10/2017,PIA,IL,AGL,CE,Combined TRACON& Tower with Radar,8,34,10,10,62,0,1,36,13,50,8,35,46,23,112,50,30,80,192
09/11/2017,PIA,IL,AGL,CE,Combined TRACON& Tower with Radar,8,28,11,5,52,0,1,23,8,32,8,29,34,13,84,0,6,6,90
09/12/2017,PIA,IL,AGL,CE,Combined TRACON& Tower with Radar,8,35,27,4,74,0,1,26,15,42,8,36,53,19,116,6,0,6,122
09/13/2017,PIA,IL,AGL,CE,Combined TRACON& Tower with Radar,8,40,19,13,80,0,0,6,7,13,8,40,25,20,93,6,66,72,165
09/14/2017,PIA,IL,AGL,CE,Combined TRACON& Tower with Radar,14,36,16,10,76,0,2,26,14,42,14,38,42,24,118,6,42,48,166
09/15/2017,PIA,IL,AGL,CE,Combined TRACON& Tower with Radar,12,33,13,0,58,0,6,13,1,20,12,39,26,1,78,8,0,8,86
09/16/2017,PIA,IL,AGL,CE,Combined TRACON& Tower with Radar,4,26,11,0,41,0,5,29,1,35,4,31,40,1,76,16,0,16,92
09/17/2017,PIA,IL,AGL,CE,Combined TRACON& Tower with Radar,10,30,9,1,50,0,3,22,0,25,10,33,31,1,75,42,0,42,117
09/18/2017,PIA,IL,AGL,CE,Combined TRACON& Tower with Radar,10,36,13,1,60,0,0,14,15,29,10,36,27,16,89,2,0,2,91
09/19/2017,PIA,IL,AGL,CE,Combined TRACON& Tower with Radar,10,40,22,11,83,0,4,10,18,32,10,44,32,29,115,2,8,10,125
09/20/2017,PIA,IL,AGL,CE,Combined TRACON& Tower with Radar,8,36,23,4,71,0,3,10,21,34,8,39,33,25,105,0,22,22,127
09/21/2017,PIA,IL,AGL,CE,Combined TRACON& Tower with Radar,16,35,20,2,73,0,3,42,9,54,16,38,62,11,127,14,0,14,141
09/22/2017,PIA,IL,AGL,CE,Combined TRACON& Tower with Radar,12,30,16,5,63,0,2,31,0,33,12,32,47,5,96,12,0,12,108
09/23/2017,PIA,IL,AGL,CE,Combined TRACON& Tower with Radar,3,26,14,0,43,0,3,28,1,32,3,29,42,1,75,66,0,66,141
09/24/2017,PIA,IL,AGL,CE,Combined TRACON& Tower with Radar,13,30,17,13,73,0,2,38,0,40,13,32,55,13,113,23,0,23,136
09/25/2017,PIA,IL,AGL,CE,Combined TRACON& Tower with Radar,13,33,19,4,69,0,0,26,2,28,13,33,45,6,97,16,0,16,113
09/26/2017,PIA,IL,AGL,CE,Combined TRACON& Tower with Radar,12,35,17,2,66,0,1,11,1,13,12,36,28,3,79,26,0,26,105
09/27/2017,PIA,IL,AGL,CE,Combined TRACON& Tower with Radar,9,32,15,3,59,0,4,13,5,22,9,36,28,8,81,0,8,8,89
09/28/2017,PIA,IL,AGL,CE,Combined TRACON& Tower with Radar,14,38,9,1,62,0,0,23,0,23,14,38,32,1,85,24,0,24,109
09/29/2017,PIA,IL,AGL,CE,Combined TRACON& Tower with Radar,12,34,17,8,71,0,2,13,7,22,12,36,30,15,93,0,32,32,125
09/30/2017,PIA,IL,AGL,CE,Combined TRACON& Tower with Radar,4,28,12,2,46,0,6,45,0,51,4,34,57,2,97,52,0,52,149
10/01/2017,PIA,IL,AGL,CE,Combined TRACON& Tower with Radar,10,35,20,0,65,0,4,26,0,30,10,39,46,0,95,38,0,38,133
10/02/2017,PIA,IL,AGL,CE,Combined TRACON& Tower with Radar,10,34,6,5,55,0,1,7,2,10,10,35,13,7,65,0,14,14,79
10/03/2017,PIA,IL,AGL,CE,Combined TRACON& Tower with Radar,8,37,21,7,73,0,0,12,3,15,8,37,33,10,88,6,30,36,124
10/04/2017,PIA,IL,AGL,CE,Combined TRACON& Tower with Radar,10,39,31,12,92,0,2,10,5,17,10,41,41,17,109,12,8,20,129
10/05/2017,PIA,IL,AGL,CE,Combined TRACON& Tower with Radar,14,33,22,8,77,0,2,24,0,26,14,35,46,8,103,22,0,22,125
10/06/2017,PIA,IL,AGL,CE,Combined TRACON& Tower with Radar,12,35,22,1,70,0,0,0,0,0,12,35,22,1,70,0,0,0,70
10/07/2017,PIA,IL,AGL,CE,Combined TRACON& Tower with Radar,8,25,5,0,38,0,0,6,2,8,8,25,11,2,46,0,0,0,46
10/08/2017,PIA,IL,AGL,CE,Combined TRACON& Tower with Radar,10,30,10,0,50,0,5,38,3,46,10,35,48,3,96,38,0,38,134
10/09/2017,PIA,IL,AGL,CE,Combined TRACON& Tower with Radar,10,39,17,0,66,0,3,21,0,24,10,42,38,0,90,0,0,0,90
10/10/2017,PIA,IL,AGL,CE,Combined TRACON& Tower with Radar,7,35,6,0,48,0,0,2,0,2,7,35,8,0,50,16,0,16,66
10/11/2017,PIA,IL,AGL,CE,Combined TRACON& Tower with Radar,11,41,22,14,88,0,0,3,0,3,11,41,25,14,91,2,0,2,93
10/12/2017,PIA,IL,AGL,CE,Combined TRACON& Tower with Radar,14,35,25,8,82,0,2,11,10,23,14,37,36,18,105,22,8,30,135
10/13/2017,PIA,IL,AGL,CE,Combined TRACON& Tower with Radar,12,32,16,6,66,0,3,12,6,21,12,35,28,12,87,2,4,6,93
10/14/2017,PIA,IL,AGL,CE,Combined TRACON& Tower with Radar,8,38,2,4,52,0,1,10,4,15,8,39,12,8,67,10,4,14,81
10/15/2017,PIA,IL,AGL,CE,Combined TRACON& Tower with Radar,10,37,16,8,71,0,3,17,6,26,10,40,33,14,97,8,4,12,109
10/16/2017,PIA,IL,AGL,CE,Combined TRACON& Tower with Radar,14,36,21,8,79,0,2,15,41,58,14,38,36,49,137,0,9,9,146
10/17/2017,PIA,IL,AGL,CE,Combined TRACON& Tower with Radar,10,31,30,6,77,0,2,32,34,68,10,33,62,40,145,124,36,160,305
10/18/2017,PIA,IL,AGL,CE,Combined TRACON& Tower with Radar,10,41,35,7,93,0,4,27,27,58,10,45,62,34,151,120,50,170,321
10/19/2017,PIA,IL,AGL,CE,Combined TRACON& Tower with Radar,14,33,27,14,88,0,7,40,11,58,14,40,67,25,146,24,38,62,208
10/20/2017,PIA,IL,AGL,CE,Combined TRACON& Tower with Radar,12,32,10,5,59,0,1,22,3,26,12,33,32,8,85,44,20,64,149
10/21/2017,PIA,IL,AGL,CE,Combined TRACON& Tower with Radar,8,24,10,0,42,0,2,23,0,25,8,26,33,0,67,0,0,0,67
10/22/2017,PIA,IL,AGL,CE,Combined TRACON& Tower with Radar,10,35,16,0,61,0,1,4,0,5,10,36,20,0,66,0,0,0,66
10/23/2017,PIA,IL,AGL,CE,Combined TRACON& Tower with Radar,10,33,17,3,63,0,4,18,11,33,10,37,35,14,96,16,2,18,114
10/24/2017,PIA,IL,AGL,CE,Combined TRACON& Tower with Radar,12,36,14,22,84,0,1,7,4,12,12,37,21,26,96,0,0,0,96
10/25/2017,PIA,IL,AGL,CE,Combined TRACON& Tower with Radar,12,37,24,4,77,0,1,10,11,22,12,38,34,15,99,22,12,34,133
10/26/2017,PIA,IL,AGL,CE,Combined TRACON& Tower with Radar,14,34,15,4,67,0,4,12,4,20,14,38,27,8,87,0,4,4,91
10/27/2017,PIA,IL,AGL,CE,Combined TRACON& Tower with Radar,12,31,18,6,67,0,4,14,4,22,12,35,32,10,89,2,10,12,101
10/28/2017,PIA,IL,AGL,CE,Combined TRACON& Tower with Radar,8,24,7,0,39,0,0,11,0,11,8,24,18,0,50,24,0,24,74
10/29/2017,PIA,IL,AGL,CE,Combined TRACON& Tower with Radar,10,36,17,1,64,0,1,31,0,32,10,37,48,1,96,32,0,32,128
10/30/2017,PIA,IL,AGL,CE,Combined TRACON& Tower with Radar,9,37,24,15,85,0,0,10,2,12,9,37,34,17,97,0,16,16,113
10/31/2017,PIA,IL,AGL,CE,Combined TRACON& Tower with Radar,8,34,19,1,62,0,9,36,9,54,8,43,55,10,116,24,8,32,148
11/01/2017,PIA,IL,AGL,CE,Combined TRACON& Tower with Radar,10,30,16,7,63,0,0,14,2,16,10,30,30,9,79,26,8,34,113
11/02/2017,PIA,IL,AGL,CE,Combined TRACON& Tower with Radar,14,32,8,2,56,0,1,0,0,1,14,33,8,2,57,0,0,0,57
11/03/2017,PIA,IL,AGL,CE,Combined TRACON& Tower with Radar,12,34,14,4,64,0,0,23,1,24,12,34,37,5,88,26,0,26,114
11/04/2017,PIA,IL,AGL,CE,Combined TRACON& Tower with Radar,10,25,9,14,58,0,0,2,0,2,10,25,11,14,60,0,0,0,60
11/05/2017,PIA,IL,AGL,CE,Combined TRACON& Tower with Radar,10,29,5,17,61,0,1,2,0,3,10,30,7,17,64,8,0,8,72
11/06/2017,PIA,IL,AGL,CE,Combined TRACON& Tower with Radar,9,34,20,14,77,0,3,18,7,28,9,37,38,21,105,8,30,38,143
11/07/2017,PIA,IL,AGL,CE,Combined TRACON& Tower with Radar,8,36,11,20,75,0,4,19,18,41,8,40,30,38,116,6,42,48,164
11/08/2017,PIA,IL,AGL,CE,Combined TRACON& Tower with Radar,12,35,13,6,66,0,6,41,34,81,12,41,54,40,147,54,40,94,241
11/09/2017,PIA,IL,AGL,CE,Combined TRACON& Tower with Radar,14,33,22,4,73,0,2,22,5,29,14,35,44,9,102,14,0,14,116
11/10/2017,PIA,IL,AGL,CE,Combined TRACON& Tower with Radar,12,34,29,0,75,0,0,18,0,18,12,34,47,0,93,28,0,28,121
11/11/2017,PIA,IL,AGL,CE,Combined TRACON& Tower with Radar,8,24,14,0,46,0,14,23,1,38,8,38,37,1,84,26,0,26,110
11/12/2017,PIA,IL,AGL,CE,Combined TRACON& Tower with Radar,10,30,10,2,52,0,0,0,0,0,10,30,10,2,52,0,0,0,52
11/13/2017,PIA,IL,AGL,CE,Combined TRACON& Tower with Radar,10,32,18,3,63,0,3,11,0,14,10,35,29,3,77,0,12,12,89
11/14/2017,PIA,IL,AGL,CE,Combined TRACON& Tower with Radar,8,38,18,12,76,0,0,15,8,23,8,38,33,20,99,0,24,24,123
11/15/2017,PIA,IL,AGL,CE,Combined TRACON& Tower with Radar,10,35,28,12,85,0,2,6,7,15,10,37,34,19,100,0,22,22,122
11/16/2017,PIA,IL,AGL,CE,Combined TRACON& Tower with Radar,12,36,11,3,62,0,3,12,0,15,12,39,23,3,77,12,0,12,89
11/17/2017,PIA,IL,AGL,CE,Combined TRACON& Tower with Radar,12,35,13,6,66,0,1,5,1,7,12,36,18,7,73,0,0,0,73
11/18/2017,PIA,IL,AGL,CE,Combined TRACON& Tower with Radar,6,26,4,2,38,0,0,0,0,0,6,26,4,2,38,0,0,0,38
11/19/2017,PIA,IL,AGL,CE,Combined TRACON& Tower with Radar,10,45,4,2,61,0,4,28,2,34,10,49,32,4,95,52,4,56,151
11/20/2017,PIA,IL,AGL,CE,Combined TRACON& Tower with Radar,12,30,14,10,66,0,1,10,4,15,12,31,24,14,81,0,20,20,101
11/21/2017,PIA,IL,AGL,CE,Combined TRACON& Tower with Radar,15,31,36,13,95,0,2,21,13,36,15,33,57,26,131,12,10,22,153
11/22/2017,PIA,IL,AGL,CE,Combined TRACON& Tower with Radar,17,33,17,4,71,0,2,27,0,29,17,35,44,4,100,60,2,62,162
11/23/2017,PIA,IL,AGL,CE,Combined TRACON& Tower with Radar,6,22,3,0,31,0,2,13,0,15,6,24,16,0,46,12,0,12,58
11/24/2017,PIA,IL,AGL,CE,Combined TRACON& Tower with Radar,14,22,10,0,46,0,2,10,0,12,14,24,20,0,58,2,0,2,60
11/25/2017,PIA,IL,AGL,CE,Combined TRACON& Tower with Radar,12,31,7,0,50,0,1,14,0,15,12,32,21,0,65,0,0,0,65
11/26/2017,PIA,IL,AGL,CE,Combined TRACON& Tower with Radar,8,32,8,0,48,0,5,16,0,21,8,37,24,0,69,36,0,36,105
11/27/2017,PIA,IL,AGL,CE,Combined TRACON& Tower with Radar,14,33,9,0,56,0,6,10,3,19,14,39,19,3,75,34,0,34,109
11/28/2017,PIA,IL,AGL,CE,Combined TRACON& Tower with Radar,8,33,8,11,60,0,9,12,10,31,8,42,20,21,91,4,32,36,127
11/29/2017,PIA,IL,AGL,CE,Combined TRACON& Tower with Radar,8,37,30,1,76,0,2,29,10,41,8,39,59,11,117,88,24,112,229
11/30/2017,PIA,IL,AGL,CE,Combined TRACON& Tower with Radar,13,39,18,0,70,0,4,23,18,45,13,43,41,18,115,0,44,44,159
12/01/2017,PIA,IL,AGL,CE,Combined TRACON& Tower with Radar,13,31,11,3,58,0,0,36,1,37,13,31,47,4,95,56,2,58,153
12/02/2017,PIA,IL,AGL,CE,Combined TRACON& Tower with Radar,8,29,8,5,50,0,10,43,14,67,8,39,51,19,117,54,12,66,183
12/03/2017,PIA,IL,AGL,CE,Combined TRACON& Tower with Radar,12,35,12,0,59,0,3,29,0,32,12,38,41,0,91,34,0,34,125
12/04/2017,PIA,IL,AGL,CE,Combined TRACON& Tower with Radar,10,32,3,9,54,0,5,7,0,12,10,37,10,9,66,0,2,2,68
12/05/2017,PIA,IL,AGL,CE,Combined TRACON& Tower with Radar,10,32,13,3,58,0,2,6,17,25,10,34,19,20,83,2,22,24,107
12/06/2017,PIA,IL,AGL,CE,Combined TRACON& Tower with Radar,8,35,22,2,67,0,0,10,3,13,8,35,32,5,80,0,10,10,90
12/07/2017,PIA,IL,AGL,CE,Combined TRACON& Tower with Radar,14,43,18,15,90,0,0,9,14,23,14,43,27,29,113,26,26,52,165
12/08/2017,PIA,IL,AGL,CE,Combined TRACON& Tower with Radar,12,32,26,0,70,0,2,24,0,26,12,34,50,0,96,68,0,68,164
12/09/2017,PIA,IL,AGL,CE,Combined TRACON& Tower with Radar,6,27,6,2,41,0,3,8,0,11,6,30,14,2,52,0,0,0,52
12/10/2017,PIA,IL,AGL,CE,Combined TRACON& Tower with Radar,8,34,7,0,49,0,0,20,0,20,8,34,27,0,69,42,0,42,111
12/11/2017,PIA,IL,AGL,CE,Combined TRACON& Tower with Radar,10,33,21,3,67,0,0,14,2,16,10,33,35,5,83,0,4,4,87
12/12/2017,PIA,IL,AGL,CE,Combined TRACON& Tower with Radar,8,38,20,4,70,0,4,12,21,37,8,42,32,25,107,4,30,34,141
12/13/2017,PIA,IL,AGL,CE,Combined TRACON& Tower with Radar,12,40,18,7,77,0,4,7,1,12,12,44,25,8,89,0,14,14,103
12/14/2017,PIA,IL,AGL,CE,Combined TRACON& Tower with Radar,12,34,13,4,63,0,2,17,8,27,12,36,30,12,90,26,22,48,138
12/15/2017,PIA,IL,AGL,CE,Combined TRACON& Tower with Radar,12,38,18,0,68,0,4,15,1,20,12,42,33,1,88,0,0,0,88
12/16/2017,PIA,IL,AGL,CE,Combined TRACON& Tower with Radar,10,22,12,0,44,0,3,25,0,28,10,25,37,0,72,53,0,53,125
12/17/2017,PIA,IL,AGL,CE,Combined TRACON& Tower with Radar,8,27,11,0,46,0,2,12,0,14,8,29,23,0,60,10,0,10,70
12/18/2017,PIA,IL,AGL,CE,Combined TRACON& Tower with Radar,10,36,10,5,61,0,1,14,2,17,10,37,24,7,78,34,10,44,122
12/19/2017,PIA,IL,AGL,CE,Combined TRACON& Tower with Radar,11,36,29,6,82,0,1,16,12,29,11,37,45,18,111,16,14,30,141
12/20/2017,PIA,IL,AGL,CE,Combined TRACON& Tower with Radar,15,32,17,11,75,0,1,25,10,36,15,33,42,21,111,146,44,190,301
12/21/2017,PIA,IL,AGL,CE,Combined TRACON& Tower with Radar,13,28,19,8,68,0,1,14,6,21,13,29,33,14,89,20,10,30,119
12/22/2017,PIA,IL,AGL,CE,Combined TRACON& Tower with Radar,15,26,8,0,49,0,4,6,0,10,15,30,14,0,59,0,0,0,59
12/23/2017,PIA,IL,AGL,CE,Combined TRACON& Tower with Radar,11,20,4,0,35,0,0,23,0,23,11,20,27,0,58,40,0,40,98
12/24/2017,PIA,IL,AGL,CE,Combined TRACON& Tower with Radar,9,19,0,0,28,0,2,1,0,3,9,21,1,0,31,0,0,0,31
12/25/2017,PIA,IL,AGL,CE,Combined TRACON& Tower with Radar,8,18,1,0,27,0,4,8,0,12,8,22,9,0,39,0,0,0,39
12/26/2017,PIA,IL,AGL,CE,Combined TRACON& Tower with Radar,14,24,4,0,42,0,1,9,0,10,14,25,13,0,52,4,0,4,56
12/27/2017,PIA,IL,AGL,CE,Combined TRACON& Tower with Radar,16,28,20,2,66,0,3,10,0,13,16,31,30,2,79,6,8,14,93
12/28/2017,PIA,IL,AGL,CE,Combined TRACON& Tower with Radar,10,23,4,0,37,0,3,9,0,12,10,26,13,0,49,6,0,6,55
12/29/2017,PIA,IL,AGL,CE,Combined TRACON& Tower with Radar,12,22,9,0,43,0,0,2,0,2,12,22,11,0,45,0,0,0,45
12/30/2017,PIA,IL,AGL,CE,Combined TRACON& Tower with Radar,8,23,3,0,34,0,1,4,0,5,8,24,7,0,39,0,0,0,39
12/31/2017,PIA,IL,AGL,CE,Combined TRACON& Tower with Radar,8,23,2,0,33,0,7,9,0,16,8,30,11,0,49,0,0,0,49
01/01/2018,PIA,IL,AGL,CE,Combined TRACON& Tower with Radar,7,19,10,0,36,0,1,8,0,9,7,20,18,0,45,0,0,0,45
01/02/2018,PIA,IL,AGL,CE,Combined TRACON& Tower with Radar,17,29,9,1,56,0,1,8,3,12,17,30,17,4,68,0,0,0,68
01/03/2018,PIA,IL,AGL,CE,Combined TRACON& Tower with Radar,11,24,15,4,54,0,0,11,14,25,11,24,26,18,79,4,18,22,101
01/04/2018,PIA,IL,AGL,CE,Combined TRACON& Tower with Radar,14,27,8,10,59,0,4,11,14,29,14,31,19,24,88,0,16,16,104
01/05/2018,PIA,IL,AGL,CE,Combined TRACON& Tower with Radar,12,24,9,2,47,0,4,17,13,34,12,28,26,15,81,0,14,14,95
01/06/2018,PIA,IL,AGL,CE,Combined TRACON& Tower with Radar,13,23,10,4,50,0,4,10,9,23,13,27,20,13,73,10,16,26,99
01/07/2018,PIA,IL,AGL,CE,Combined TRACON& Tower with Radar,6,17,5,1,29,0,0,0,0,0,6,17,5,1,29,0,0,0,29
01/08/2018,PIA,IL,AGL,CE,Combined TRACON& Tower with Radar,10,25,8,2,45,0,0,3,0,3,10,25,11,2,48,0,0,0,48
01/09/2018,PIA,IL,AGL,CE,Combined TRACON& Tower with Radar,6,26,10,7,49,0,0,0,0,0,6,26,10,7,49,0,0,0,49
01/10/2018,PIA,IL,AGL,CE,Combined TRACON& Tower with Radar,11,32,9,25,77,0,1,1,0,2,11,33,10,25,79,0,8,8,87
01/11/2018,PIA,IL,AGL,CE,Combined TRACON& Tower with Radar,16,30,12,23,81,0,0,0,0,0,16,30,12,23,81,0,0,0,81
01/12/2018,PIA,IL,AGL,CE,Combined TRACON& Tower with Radar,12,27,10,0,49,0,2,2,0,4,12,29,12,0,53,0,0,0,53
01/13/2018,PIA,IL,AGL,CE,Combined TRACON& Tower with Radar,6,23,13,0,42,0,7,17,0,24,6,30,30,0,66,28,0,28,94
01/14/2018,PIA,IL,AGL,CE,Combined TRACON& Tower with Radar,8,22,4,0,34,0,0,10,0,10,8,22,14,0,44,0,0,0,44
01/15/2018,PIA,IL,AGL,CE,Combined TRACON& Tower with Radar,12,32,10,0,54,0,2,0,0,2,12,34,10,0,56,0,0,0,56
01/16/2018,PIA,IL,AGL,CE,Combined TRACON& Tower with Radar,6,30,8,3,47,0,1,2,9,12,6,31,10,12,59,12,0,12,71
01/17/2018,PIA,IL,AGL,CE,Combined TRACON& Tower with Radar,12,25,20,4,61,0,2,33,12,47,12,27,53,16,108,12,4,16,124
01/18/2018,PIA,IL,AGL,CE,Combined TRACON& Tower with Radar,12,34,11,1,58,0,2,9,2,13,12,36,20,3,71,10,0,10,81
01/19/2018,PIA,IL,AGL,CE,Combined TRACON& Tower with Radar,14,27,9,9,59,0,4,25,1,30,14,31,34,10,89,12,6,18,107
01/20/2018,PIA,IL,AGL,CE,Combined TRACON& Tower with Radar,6,22,7,0,35,0,4,12,0,16,6,26,19,0,51,58,0,58,109
01/21/2018,PIA,IL,AGL,CE,Combined TRACON& Tower with Radar,8,31,7,0,46,0,0,1,0,1,8,31,8,0,47,0,0,0,47
01/22/2018,PIA,IL,AGL,CE,Combined TRACON& Tower with Radar,10,33,9,1,53,0,0,5,0,5,10,33,14,1,58,0,0,0,58
01/23/2018,PIA,IL,AGL,CE,Combined TRACON& Tower with Radar,6,32,9,3,50,0,1,4,13,18,6,33,13,16,68,26,18,44,112
01/24/2018,PIA,IL,AGL,CE,Combined TRACON& Tower with Radar,14,30,16,4,64,0,5,6,9,20,14,35,22,13,84,10,2,12,96
01/25/2018,PIA,IL,AGL,CE,Combined TRACON& Tower with Radar,12,30,21,9,72,0,1,23,2,26,12,31,44,11,98,0,4,4,102
01/26/2018,PIA,IL,AGL,CE,Combined TRACON& Tower with Radar,12,28,6,0,46,0,1,17,0,18,12,29,23,0,64,0,0,0,64
01/27/2018,PIA,IL,AGL,CE,Combined TRACON& Tower with Radar,8,20,18,0,46,0,4,25,0,29,8,24,43,0,75,26,0,26,101
01/28/2018,PIA,IL,AGL,CE,Combined TRACON& Tower with Radar,10,24,12,0,46,0,0,36,0,36,10,24,48,0,82,42,0,42,124
01/29/2018,PIA,IL,AGL,CE,Combined TRACON& Tower with Radar,10,30,6,6,52,0,3,9,6,18,10,33,15,12,70,0,10,10,80
01/30/2018,PIA,IL,AGL,CE,Combined TRACON& Tower with Radar,6,34,13,9,62,0,3,15,7,25,6,37,28,16,87,0,20,20,107
01/31/2018,PIA,IL,AGL,CE,Combined TRACON& Tower with Radar,12,32,11,6,61,0,1,18,18,37,12,33,29,24,98,4,0,4,102
02/01/2018,PIA,IL,AGL,CE,Combined TRACON& Tower with Radar,12,34,14,9,69,0,2,17,4,23,12,36,31,13,92,0,4,4,96
02/02/2018,PIA,IL,AGL,CE,Combined TRACON& Tower with Radar,12,31,16,5,64,0,0,21,4,25,12,31,37,9,89,22,6,28,117
02/03/2018,PIA,IL,AGL,CE,Combined TRACON& Tower with Radar,6,24,13,1,44,0,4,15,3,22,6,28,28,4,66,0,0,0,66
02/04/2018,PIA,IL,AGL,CE,Combined TRACON& Tower with Radar,10,26,4,2,42,0,0,0,0,0,10,26,4,2,42,0,0,0,42
02/05/2018,PIA,IL,AGL,CE,Combined TRACON& Tower with Radar,10,29,14,2,55,0,4,4,1,9,10,33,18,3,64,2,0,2,66
02/06/2018,PIA,IL,AGL,CE,Combined TRACON& Tower with Radar,6,31,9,6,52,0,1,7,2,10,6,32,16,8,62,0,4,4,66
02/07/2018,PIA,IL,AGL,CE,Combined TRACON& Tower with Radar,12,34,7,7,60,0,1,7,27,35,12,35,14,34,95,0,18,18,113
02/08/2018,PIA,IL,AGL,CE,Combined TRACON& Tower with Radar,14,38,8,10,70,0,0,4,12,16,14,38,12,22,86,0,16,16,102
02/09/2018,PIA,IL,AGL,CE,Combined TRACON& Tower with Radar,14,18,8,23,63,0,1,1,0,2,14,19,9,23,65,0,0,0,65
02/10/2018,PIA,IL,AGL,CE,Combined TRACON& Tower with Radar,6,22,5,0,33,0,1,1,0,2,6,23,6,0,35,0,0,0,35
02/11/2018,PIA,IL,AGL,CE,Combined TRACON& Tower with Radar,10,24,5,2,41,0,0,3,0,3,10,24,8,2,44,18,0,18,62
02/12/2018,PIA,IL,AGL,CE,Combined TRACON& Tower with Radar,10,37,14,6,67,0,2,24,5,31,10,39,38,11,98,0,6,6,104
02/13/2018,PIA,IL,AGL,CE,Combined TRACON& Tower with Radar,6,30,9,7,52,0,0,17,19,36,6,30,26,26,88,8,36,44,132
02/14/2018,PIA,IL,AGL,CE,Combined TRACON& Tower with Radar,14,22,32,10,78,0,0,0,0,0,14,22,32,10,78,0,0,0,78
02/15/2018,PIA,IL,AGL,CE,Combined TRACON& Tower with Radar,12,24,10,3,49,0,1,4,0,5,12,25,14,3,54,0,0,0,54
02/16/2018,PIA,IL,AGL,CE,Combined TRACON& Tower with Radar,12,33,12,1,58,0,2,28,0,30,12,35,40,1,88,58,0,58,146
02/17/2018,PIA,IL,AGL,CE,Combined TRACON& Tower with Radar,8,18,26,0,52,0,2,7,0,9,8,20,33,0,61,8,0,8,69
02/18/2018,PIA,IL,AGL,CE,Combined TRACON& Tower with Radar,8,26,14,0,48,0,5,17,0,22,8,31,31,0,70,0,0,0,70
02/19/2018,PIA,IL,AGL,CE,Combined TRACON& Tower with Radar,12,34,11,0,57,0,0,0,0,0,12,34,11,0,57,0,0,0,57
02/20/2018,PIA,IL,AGL,CE,Combined TRACON& Tower with Radar,12,31,7,8,58,0,0,1,0,1,12,31,8,8,59,0,0,0,59
02/21/2018,PIA,IL,AGL,CE,Combined TRACON& Tower with Radar,14,36,11,3,64,0,0,7,11,18,14,36,18,14,82,0,8,8,90
02/22/2018,PIA,IL,AGL,CE,Combined TRACON& Tower with Radar,11,33,23,10,77,0,0,0,0,0,11,33,23,10,77,0,0,0,77
02/23/2018,PIA,IL,AGL,CE,Combined TRACON& Tower with Radar,9,31,9,0,49,0,0,0,0,0,9,31,9,0,49,0,0,0,49
02/24/2018,PIA,IL,AGL,CE,Combined TRACON& Tower with Radar,8,20,3,0,31,0,0,0,0,0,8,20,3,0,31,0,0,0,31
02/25/2018,PIA,IL,AGL,CE,Combined TRACON& Tower with Radar,8,29,13,0,50,0,1,31,0,32,8,30,44,0,82,0,0,0,82
02/26/2018,PIA,IL,AGL,CE,Combined TRACON& Tower with Radar,10,30,11,2,53,0,0,28,3,31,10,30,39,5,84,14,0,14,98
02/27/2018,PIA,IL,AGL,CE,Combined TRACON& Tower with Radar,13,40,24,15,92,0,5,20,11,36,13,45,44,26,128,0,22,22,150
02/28/2018,PIA,IL,AGL,CE,Combined TRACON& Tower with Radar,12,35,21,19,87,0,1,3,8,12,12,36,24,27,99,8,10,18,117
03/01/2018,PIA,IL,AGL,CE,Combined TRACON& Tower with Radar,12,39,13,4,68,0,5,25,3,33,12,44,38,7,101,24,4,28,129
03/02/2018,PIA,IL,AGL,CE,Combined TRACON& Tower with Radar,12,30,18,5,65,0,2,31,8,41,12,32,49,13,106,8,18,26,132
03/03/2018,PIA,IL,AGL,CE,Combined TRACON& Tower with Radar,10,22,10,3,45,0,5,46,13,64,10,27,56,16,109,68,2,70,179
03/04/2018,PIA,IL,AGL,CE,Combined TRACON& Tower with Radar,8,30,21,0,59,0,1,31,8,40,8,31,52,8,99,38,6,44,143
03/05/2018,PIA,IL,AGL,CE,Combined TRACON& Tower with Radar,10,29,4,2,45,0,1,7,0,8,10,30,11,2,53,0,0,0,53
03/06/2018,PIA,IL,AGL,CE,Combined TRACON& Tower with Radar,16,38,18,5,77,0,2,6,0,8,16,40,24,5,85,0,2,2,87
03/07/2018,PIA,IL,AGL,CE,Combined TRACON& Tower with Radar,12,31,14,1,58,0,0,16,3,19,12,31,30,4,77,0,10,10,87
03/08/2018,PIA,IL,AGL,CE,Combined TRACON& Tower with Radar,12,34,31,0,77,0,2,19,2,23,12,36,50,2,100,4,6,10,110
03/09/2018,PIA,IL,AGL,CE,Combined TRACON& Tower with Radar,12,34,26,14,86,0,1,25,0,26,12,35,51,14,112,0,0,0,112
03/10/2018,PIA,IL,AGL,CE,Combined TRACON& Tower with Radar,14,23,7,0,44,0,5,32,0,37,14,28,39,0,81,0,0,0,81
03/11/2018,PIA,IL,AGL,CE,Combined TRACON& Tower with Radar,9,29,8,0,46,0,0,35,0,35,9,29,43,0,81,26,0,26,107
03/12/2018,PIA,IL,AGL,CE,Combined TRACON& Tower with Radar,11,32,22,2,67,0,0,15,0,15,11,32,37,2,82,0,4,4,86
03/13/2018,PIA,IL,AGL,CE,Combined TRACON& Tower with Radar,15,33,10,8,66,0,0,11,4,15,15,33,21,12,81,6,22,28,109
03/14/2018,PIA,IL,AGL,CE,Combined TRACON& Tower with Radar,13,36,15,4,68,0,3,17,2,22,13,39,32,6,90,0,0,0,90
03/15/2018,PIA,IL,AGL,CE,Combined TRACON& Tower with Radar,12,35,14,15,76,0,3,31,10,44,12,38,45,25,120,28,32,60,180
03/16/2018,PIA,IL,AGL,CE,Combined TRACON& Tower with Radar,14,30,9,4,57,0,0,6,2,8,14,30,15,6,65,0,6,6,71
03/17/2018,PIA,IL,AGL,CE,Combined TRACON& Tower with Radar,12,23,5,0,40,0,0,3,0,3,12,23,8,0,43,0,0,0,43
03/18/2018,PIA,IL,AGL,CE,Combined TRACON& Tower with Radar,8,33,14,0,55,0,4,37,0,41,8,37,51,0,96,30,0,30,126
03/19/2018,PIA,IL,AGL,CE,Combined TRACON& Tower with Radar,10,36,9,2,57,0,1,15,1,17,10,37,24,3,74,0,4,4,78
03/20/2018,PIA,IL,AGL,CE,Combined TRACON& Tower with Radar,16,32,21,3,72,0,2,20,24,46,16,34,41,27,118,0,10,10,128
03/21/2018,PIA,IL,AGL,CE,Combined TRACON& Tower with Radar,12,33,21,2,68,0,0,21,0,21,12,33,42,2,89,0,8,8,97
03/22/2018,PIA,IL,AGL,CE,Combined TRACON& Tower with Radar,12,32,11,0,55,0,3,17,10,30,12,35,28,10,85,12,0,12,97
03/23/2018,PIA,IL,AGL,CE,Combined TRACON& Tower with Radar,12,28,4,1,45,0,0,16,0,16,12,28,20,1,61,10,0,10,71
03/24/2018,PIA,IL,AGL,CE,Combined TRACON& Tower with Radar,12,22,1,0,35,0,0,0,0,0,12,22,1,0,35,0,0,0,35
03/25/2018,PIA,IL,AGL,CE,Combined TRACON& Tower with Radar,8,37,7,0,52,0,0,14,0,14,8,37,21,0,66,12,0,12,78
03/26/2018,PIA,IL,AGL,CE,Combined TRACON& Tower with Radar,10,32,14,6,62,0,1,8,6,15,10,33,22,12,77,12,10,22,99
03/27/2018,PIA,IL,AGL,CE,Combined TRACON& Tower with Radar,14,32,14,32,92,0,1,1,0,2,14,33,15,32,94,0,20,20,114
03/28/2018,PIA,IL,AGL,CE,Combined TRACON& Tower with Radar,11,31,18,17,77,0,0,6,3,9,11,31,24,20,86,8,16,24,110
03/29/2018,PIA,IL,AGL,CE,Combined TRACON& Tower with Radar,13,35,20,0,68,0,1,20,0,21,13,36,40,0,89,42,0,42,131
03/30/2018,PIA,IL,AGL,CE,Combined TRACON& Tower with Radar,12,30,12,0,54,0,9,26,0,35,12,39,38,0,89,8,0,8,97
03/31/2018,PIA,IL,AGL,CE,Combined TRACON& Tower with Radar,10,24,3,3,40,0,0,7,0,7,10,24,10,3,47,2,0,2,49
04/01/2018,PIA,IL,AGL,CE,Combined TRACON& Tower with Radar,8,27,8,0,43,0,0,7,0,7,8,27,15,0,50,0,0,0,50
04/02/2018,PIA,IL,AGL,CE,Combined TRACON& Tower with Radar,10,32,22,2,66,0,0,6,0,6,10,32,28,2,72,0,0,0,72
04/03/2018,PIA,IL,AGL,CE,Combined TRACON& Tower with Radar,14,32,4,9,59,0,0,0,0,0,14,32,4,9,59,0,0,0,59
04/04/2018,PIA,IL,AGL,CE,Combined TRACON& Tower with Radar,13,39,6,5,63,0,4,7,2,13,13,43,13,7,76,0,0,0,76
04/05/2018,PIA,IL,AGL,CE,Combined TRACON& Tower with Radar,14,36,23,0,73,0,3,13,0,16,14,39,36,0,89,0,0,0,89
04/06/2018,PIA,IL,AGL,CE,Combined TRACON& Tower with Radar,12,34,11,5,62,0,3,15,4,22,12,37,26,9,84,0,12,12,96
04/07/2018,PIA,IL,AGL,CE,Combined TRACON& Tower with Radar,8,25,23,3,59,0,4,32,5,41,8,29,55,8,100,8,6,14,114
04/08/2018,PIA,IL,AGL,CE,Combined TRACON& Tower with Radar,8,31,13,2,54,0,0,23,12,35,8,31,36,14,89,10,1,11,100
04/09/2018,PIA,IL,AGL,CE,Combined TRACON& Tower with Radar,13,34,14,9,70,0,2,11,0,13,13,36,25,9,83,0,6,6,89
04/10/2018,PIA,IL,AGL,CE,Combined TRACON& Tower with Radar,10,38,23,3,74,0,5,35,27,67,10,43,58,30,141,12,66,78,219
04/11/2018,PIA,IL,AGL,CE,Combined TRACON& Tower with Radar,12,35,18,2,67,0,1,32,9,42,12,36,50,11,109,8,8,16,125
04/12/2018,PIA,IL,AGL,CE,Combined TRACON& Tower with Radar,12,34,25,2,73,0,0,33,6,39,12,34,58,8,112,38,2,40,152
04/13/2018,PIA,IL,AGL,CE,Combined TRACON& Tower with Radar,12,31,17,0,60,0,1,8,0,9,12,32,25,0,69,0,0,0,69
04/14/2018,PIA,IL,AGL,CE,Combined TRACON& Tower with Radar,6,27,1,0,34,0,0,0,0,0,6,27,1,0,34,0,0,0,34
04/15/2018,PIA,IL,AGL,CE,Combined TRACON& Tower with Radar,8,36,8,0,52,0,0,0,0,0,8,36,8,0,52,0,0,0,52
04/16/2018,PIA,IL,AGL,CE,Combined TRACON& Tower with Radar,10,37,14,4,65,0,1,11,9,21,10,38,25,13,86,14,6,20,106
04/17/2018,PIA,IL,AGL,CE,Combined TRACON& Tower with Radar,10,32,15,4,61,0,0,29,23,52,10,32,44,27,113,4,18,22,135
04/18/2018,PIA,IL,AGL,CE,Combined TRACON& Tower with Radar,14,35,14,1,64,0,3,8,2,13,14,38,22,3,77,0,0,0,77
04/19/2018,PIA,IL,AGL,CE,Combined TRACON& Tower with Radar,12,38,10,1,61,0,2,13,0,15,12,40,23,1,76,0,0,0,76
04/20/2018,PIA,IL,AGL,CE,Combined TRACON& Tower with Radar,12,39,16,0,67,0,3,38,0,41,12,42,54,0,108,52,0,52,160
04/21/2018,PIA,IL,AGL,CE,Combined TRACON& Tower with Radar,6,27,14,3,50,0,3,28,1,32,6,30,42,4,82,18,0,18,100
04/22/2018,PIA,IL,AGL,CE,Combined TRACON& Tower with Radar,7,31,7,5,50,0,3,20,1,24,7,34,27,6,74,2,0,2,76
04/23/2018,PIA,IL,AGL,CE,Combined TRACON& Tower with Radar,7,23,10,0,40,0,0,9,0,9,7,23,19,0,49,18,0,18,67
04/24/2018,PIA,IL,AGL,CE,Combined TRACON& Tower with Radar,8,31,20,7,66,0,1,16,8,25,8,32,36,15,91,2,36,38,129
04/25/2018,PIA,IL,AGL,CE,Combined TRACON& Tower with Radar,12,36,15,7,70,0,0,18,13,31,12,36,33,20,101,0,8,8,109
04/26/2018,PIA,IL,AGL,CE,Combined TRACON& Tower with Radar,12,36,21,7,76,0,0,29,13,42,12,36,50,20,118,16,34,50,168
04/27/2018,PIA,IL,AGL,CE,Combined TRACON& Tower with Radar,12,33,7,0,52,0,1,18,0,19,12,34,25,0,71,6,0,6,77
04/28/2018,PIA,IL,AGL,CE,Combined TRACON& Tower with Radar,6,27,11,1,45,0,2,20,0,22,6,29,31,1,67,24,0,24,91
04/29/2018,PIA,IL,AGL,CE,Combined TRACON& Tower with Radar,8,39,10,0,57,0,7,42,0,49,8,46,52,0,106,18,0,18,124
04/30/2018,PIA,IL,AGL,CE,Combined TRACON& Tower with Radar,10,34,17,1,62,0,2,13,1,16,10,36,30,2,78,0,0,0,78
05/01/2018,PIA,IL,AGL,CE,Combined TRACON& Tower with Radar,10,40,8,7,65,0,8,12,6,26,10,48,20,13,91,0,20,20,111
05/02/2018,PIA,IL,AGL,CE,Combined TRACON& Tower with Radar,12,42,15,1,70,0,2,13,3,18,12,44,28,4,88,0,20,20,108
05/03/2018,PIA,IL,AGL,CE,Combined TRACON& Tower with Radar,12,48,11,6,77,0,2,3,2,7,12,50,14,8,84,4,10,14,98
05/04/2018,PIA,IL,AGL,CE,Combined TRACON& Tower with Radar,14,39,23,2,78,0,3,45,4,52,14,42,68,6,130,28,8,36,166
05/05/2018,PIA,IL,AGL,CE,Combined TRACON& Tower with Radar,8,26,18,0,52,0,9,35,0,44,8,35,53,0,96,76,0,76,172
05/06/2018,PIA,IL,AGL,CE,Combined TRACON& Tower with Radar,8,28,11,0,47,0,1,24,0,25,8,29,35,0,72,24,0,24,96
05/07/2018,PIA,IL,AGL,CE,Combined TRACON& Tower with Radar,9,31,28,4,72,0,3,28,0,31,9,34,56,4,103,2,44,46,149
05/08/2018,PIA,IL,AGL,CE,Combined TRACON& Tower with Radar,17,30,24,5,76,0,0,35,16,51,17,30,59,21,127,0,0,0,127
05/09/2018,PIA,IL,AGL,CE,Combined TRACON& Tower with Radar,12,33,22,7,74,0,3,10,7,20,12,36,32,14,94,0,48,48,142
05/10/2018,PIA,IL,AGL,CE,Combined TRACON& Tower with Radar,14,42,22,2,80,0,4,26,0,30,14,46,48,2,110,43,0,43,153
05/11/2018,PIA,IL,AGL,CE,Combined TRACON& Tower with Radar,14,34,20,2,70,0,0,20,2,22,14,34,40,4,92,8,0,8,100
05/12/2018,PIA,IL,AGL,CE,Combined TRACON& Tower with Radar,10,22,21,0,53,0,1,1,0,2,10,23,22,0,55,0,0,0,55
05/13/2018,PIA,IL,AGL,CE,Combined TRACON& Tower with Radar,7,31,7,0,45,0,0,15,0,15,7,31,22,0,60,4,0,4,64
05/14/2018,PIA,IL,AGL,CE,Combined TRACON& Tower with Radar,13,30,23,2,68,0,0,20,0,20,13,30,43,2,88,0,0,0,88
05/15/2018,PIA,IL,AGL,CE,Combined TRACON& Tower with Radar,12,38,20,7,77,0,0,11,3,14,12,38,31,10,91,24,6,30,121
05/16/2018,PIA,IL,AGL,CE,Combined TRACON& Tower with Radar,16,34,14,4,68,0,1,20,27,48,16,35,34,31,116,26,6,32,148
05/17/2018,PIA,IL,AGL,CE,Combined TRACON& Tower with Radar,12,42,22,7,83,0,1,35,13,49,12,43,57,20,132,12,8,20,152
05/18/2018,PIA,IL,AGL,CE,Combined TRACON& Tower with Radar,14,36,17,5,72,0,2,17,27,46,14,38,34,32,118,5,4,9,127
05/19/2018,PIA,IL,AGL,CE,Combined TRACON& Tower with Radar,12,26,7,0,45,0,3,61,0,64,12,29,68,0,109,38,0,38,147
05/20/2018,PIA,IL,AGL,CE,Combined TRACON& Tower with Radar,8,29,8,0,45,0,1,17,0,18,8,30,25,0,63,38,0,38,101
05/21/2018,PIA,IL,AGL,CE,Combined TRACON& Tower with Radar,9,32,12,2,55,0,1,4,0,5,9,33,16,2,60,16,0,16,76
05/22/2018,PIA,IL,AGL,CE,Combined TRACON& Tower with Radar,7,42,21,4,74,0,1,21,14,36,7,43,42,18,110,22,10,32,142
05/23/2018,PIA,IL,AGL,CE,Combined TRACON& Tower with Radar,15,28,21,2,66,0,3,26,8,37,15,31,47,10,103,24,10,34,137
05/24/2018,PIA,IL,AGL,CE,Combined TRACON& Tower with Radar,13,36,14,16,79,0,3,12,6,21,13,39,26,22,100,0,28,28,128
05/25/2018,PIA,IL,AGL,CE,Combined TRACON& Tower with Radar,12,28,7,0,47,0,2,17,0,19,12,30,24,0,66,0,0,0,66
05/26/2018,PIA,IL,AGL,CE,Combined TRACON& Tower with Radar,12,23,8,0,43,0,0,17,0,17,12,23,25,0,60,46,0,46,106
05/27/2018,PIA,IL,AGL,CE,Combined TRACON& Tower with Radar,8,21,9,0,38,0,0,20,0,20,8,21,29,0,58,8,0,8,66
05/28/2018,PIA,IL,AGL,CE,Combined TRACON& Tower with Radar,8,28,9,2,47,0,3,21,0,24,8,31,30,2,71,20,0,20,91
05/29/2018,PIA,IL,AGL,CE,Combined TRACON& Tower with Radar,12,27,25,2,66,0,3,26,23,52,12,30,51,25,118,0,12,12,130
05/30/2018,PIA,IL,AGL,CE,Combined TRACON& Tower with Radar,16,37,23,12,88,0,1,7,14,22,16,38,30,26,110,0,4,4,114
05/31/2018,PIA,IL,AGL,CE,Combined TRACON& Tower with Radar,12,33,17,0,62,0,1,21,0,22,12,34,38,0,84,18,0,18,102
06/01/2018,PIA,IL,AGL,CE,Combined TRACON& Tower with Radar,13,29,12,3,57,0,4,24,5,33,13,33,36,8,90,24,12,36,126
06/02/2018,PIA,IL,AGL,CE,Combined TRACON& Tower with Radar,13,27,3,0,43,0,1,29,0,30,13,28,32,0,73,30,0,30,103
06/03/2018,PIA,IL,AGL,CE,Combined TRACON& Tower with Radar,8,28,8,0,44,0,0,15,0,15,8,28,23,0,59,0,0,0,59
06/04/2018,PIA,IL,AGL,CE,Combined TRACON& Tower with Radar,10,33,19,0,62,0,2,21,3,26,10,35,40,3,88,40,6,46,134
06/05/2018,PIA,IL,AGL,CE,Combined TRACON& Tower with Radar,16,37,27,3,83,0,4,20,23,47,16,41,47,26,130,0,40,40,170
06/06/2018,PIA,IL,AGL,CE,Combined TRACON& Tower with Radar,16,35,36,11,98,0,2,22,18,42,16,37,58,29,140,18,32,50,190
06/07/2018,PIA,IL,AGL,CE,Combined TRACON& Tower with Radar,11,39,20,10,80,0,0,15,4,19,11,39,35,14,99,2,6,8,107
06/08/2018,PIA,IL,AGL,CE,Combined TRACON& Tower with Radar,13,29,9,1,52,0,3,13,0,16,13,32,22,1,68,0,0,0,68
06/09/2018,PIA,IL,AGL,CE,Combined TRACON& Tower with Radar,12,24,6,1,43,0,6,17,1,24,12,30,23,2,67,0,0,0,67
06/10/2018,PIA,IL,AGL,CE,Combined TRACON& Tower with Radar,8,25,18,0,51,0,0,1,0,1,8,25,19,0,52,0,0,0,52
06/11/2018,PIA,IL,AGL,CE,Combined TRACON& Tower with Radar,12,31,23,4,70,0,1,7,0,8,12,32,30,4,78,0,0,0,78
06/12/2018,PIA,IL,AGL,CE,Combined TRACON& Tower with Radar,14,33,19,7,73,0,3,8,59,70,14,36,27,66,143,12,20,32,175
06/13/2018,PIA,IL,AGL,CE,Combined TRACON& Tower with Radar,16,38,24,5,83,0,4,24,15,43,16,42,48,20,126,16,14,30,156
06/14/2018,PIA,IL,AGL,CE,Combined TRACON& Tower with Radar,12,31,12,5,60,0,1,13,6,20,12,32,25,11,80,8,8,16,96
06/15/2018,PIA,IL,AGL,CE,Combined TRACON& Tower with Radar,14,27,17,3,61,0,0,21,11,32,14,27,38,14,93,16,18,34,127
06/16/2018,PIA,IL,AGL,CE,Combined TRACON& Tower with Radar,14,22,11,0,47,0,6,22,0,28,14,28,33,0,75,18,0,18,93
06/17/2018,PIA,IL,AGL,CE,Combined TRACON& Tower with Radar,10,26,9,0,45,0,6,24,0,30,10,32,33,0,75,2,0,2,77
06/18/2018,PIA,IL,AGL,CE,Combined TRACON& Tower with Radar,10,31,19,9,69,0,1,25,1,27,10,32,44,10,96,28,22,50,146
06/19/2018,PIA,IL,AGL,CE,Combined TRACON& Tower with Radar,12,30,6,2,50,0,0,3,29,32,12,30,9,31,82,0,20,20,102
06/20/2018,PIA,IL,AGL,CE,Combined TRACON& Tower with Radar,18,29,13,4,64,0,2,4,9,15,18,31,17,13,79,6,0,6,85
06/21/2018,PIA,IL,AGL,CE,Combined TRACON& Tower with Radar,12,38,10,4,64,0,0,4,2,6,12,38,14,6,70,8,4,12,82
06/22/2018,PIA,IL,AGL,CE,Combined TRACON& Tower with Radar,12,35,20,4,71,0,0,1,0,1,12,35,21,4,72,0,0,0,72
06/23/2018,PIA,IL,AGL,CE,Combined TRACON& Tower with Radar,11,26,12,0,49,0,0,11,0,11,11,26,23,0,60,16,0,16,76
06/24/2018,PIA,IL,AGL,CE,Combined TRACON& Tower with Radar,9,28,12,0,49,0,4,32,0,36,9,32,44,0,85,22,0,22,107
06/25/2018,PIA,IL,AGL,CE,Combined TRACON& Tower with Radar,10,35,14,4,63,0,0,14,9,23,10,35,28,13,86,18,14,32,118
06/26/2018,PIA,IL,AGL,CE,Combined TRACON& Tower with Radar,11,27,17,17,72,0,0,13,3,16,11,27,30,20,88,0,30,30,118
06/27/2018,PIA,IL,AGL,CE,Combined TRACON& Tower with Radar,17,34,33,6,90,0,3,23,9,35,17,37,56,15,125,14,30,44,169
06/28/2018,PIA,IL,AGL,CE,Combined TRACON& Tower with Radar,15,34,26,13,88,0,1,29,4,34,15,35,55,17,122,0,24,24,146
06/29/2018,PIA,IL,AGL,CE,Combined TRACON& Tower with Radar,13,28,10,7,58,0,2,12,1,15,13,30,22,8,73,0,0,0,73
06/30/2018,PIA,IL,AGL,CE,Combined TRACON& Tower with Radar,12,27,8,0,47,0,4,16,0,20,12,31,24,0,67,4,0,4,71
07/01/2018,PIA,IL,AGL,CE,Combined TRACON& Tower with Radar,8,24,20,0,52,0,3,10,0,13,8,27,30,0,65,0,0,0,65
07/02/2018,PIA,IL,AGL,CE,Combined TRACON& Tower with Radar,9,31,14,1,55,0,0,28,15,43,9,31,42,16,98,24,14,38,136
07/03/2018,PIA,IL,AGL,CE,Combined TRACON& Tower with Radar,11,23,8,9,51,0,1,21,8,30,11,24,29,17,81,14,26,40,121
07/04/2018,PIA,IL,AGL,CE,Combined TRACON& Tower with Radar,10,21,11,0,42,0,3,23,1,27,10,24,34,1,69,0,0,0,69
07/05/2018,PIA,IL,AGL,CE,Combined TRACON& Tower with Radar,10,30,12,0,52,0,0,13,0,13,10,30,25,0,65,4,0,4,69
07/06/2018,PIA,IL,AGL,CE,Combined TRACON& Tower with Radar,11,23,11,0,45,0,0,39,0,39,11,23,50,0,84,0,0,0,84
07/07/2018,PIA,IL,AGL,CE,Combined TRACON& Tower with Radar,12,26,10,0,48,0,4,22,0,26,12,30,32,0,74,58,0,58,132
07/08/2018,PIA,IL,AGL,CE,Combined TRACON& Tower with Radar,8,28,12,2,50,0,2,37,0,39,8,30,49,2,89,48,0,48,137
07/09/2018,PIA,IL,AGL,CE,Combined TRACON& Tower with Radar,11,38,17,3,69,0,0,33,0,33,11,38,50,3,102,4,12,16,118
07/10/2018,PIA,IL,AGL,CE,Combined TRACON& Tower with Radar,11,33,8,4,56,0,3,27,18,48,11,36,35,22,104,14,2,16,120
07/11/2018,PIA,IL,AGL,CE,Combined TRACON& Tower with Radar,18,33,15,6,72,0,4,23,16,43,18,37,38,22,115,0,16,16,131
07/12/2018,PIA,IL,AGL,CE,Combined TRACON& Tower with Radar,11,40,21,1,73,0,2,27,12,41,11,42,48,13,114,18,6,24,138
07/13/2018,PIA,IL,AGL,CE,Combined TRACON& Tower with Radar,13,28,16,13,70,0,1,22,14,37,13,29,38,27,107,10,35,45,152
07/14/2018,PIA,IL,AGL,CE,Combined TRACON& Tower with Radar,12,26,7,2,47,0,1,10,0,11,12,27,17,2,58,16,0,16,74
07/15/2018,PIA,IL,AGL,CE,Combined TRACON& Tower with Radar,10,35,13,2,60,0,1,7,0,8,10,36,20,2,68,34,0,34,102
07/16/2018,PIA,IL,AGL,CE,Combined TRACON& Tower with Radar,12,33,14,4,63,0,3,19,0,22,12,36,33,4,85,4,0,4,89
07/17/2018,PIA,IL,AGL,CE,Combined TRACON& Tower with Radar,10,32,17,4,63,0,4,35,13,52,10,36,52,17,115,22,10,32,147
07/18/2018,PIA,IL,AGL,CE,Combined TRACON& Tower with Radar,16,32,17,9,74,0,0,25,12,37,16,32,42,21,111,40,10,50,161
07/19/2018,PIA,IL,AGL,CE,Combined TRACON& Tower with Radar,12,29,9,10,60,0,0,6,32,38,12,29,15,42,98,16,24,40,138
07/20/2018,PIA,IL,AGL,CE,Combined TRACON& Tower with Radar,12,33,16,0,61,0,1,14,0,15,12,34,30,0,76,2,0,2,78
07/21/2018,PIA,IL,AGL,CE,Combined TRACON& Tower with Radar,12,29,10,2,53,0,4,11,0,15,12,33,21,2,68,0,0,0,68
07/22/2018,PIA,IL,AGL,CE,Combined TRACON& Tower with Radar,10,30,15,3,58,0,4,17,0,21,10,34,32,3,79,0,0,0,79
07/23/2018,PIA,IL,AGL,CE,Combined TRACON& Tower with Radar,9,33,16,8,66,0,2,28,17,47,9,35,44,25,113,24,10,34,147
07/24/2018,PIA,IL,AGL,CE,Combined TRACON& Tower with Radar,11,37,16,5,69,0,3,16,15,34,11,40,32,20,103,48,0,48,151
07/25/2018,PIA,IL,AGL,CE,Combined TRACON& Tower with Radar,16,39,20,16,91,0,1,34,11,46,16,40,54,27,137,4,18,22,159
07/26/2018,PIA,IL,AGL,CE,Combined TRACON& Tower with Radar,14,32,12,32,90,0,0,27,0,27,14,32,39,32,117,17,18,35,152
07/27/2018,PIA,IL,AGL,CE,Combined TRACON& Tower with Radar,12,32,15,0,59,0,2,47,0,49,12,34,62,0,108,42,0,42,150
07/28/2018,PIA,IL,AGL,CE,Combined TRACON& Tower with Radar,12,23,11,0,46,0,3,17,1,21,12,26,28,1,67,2,0,2,69
07/29/2018,PIA,IL,AGL,CE,Combined TRACON& Tower with Radar,8,30,21,0,59,0,0,14,0,14,8,30,35,0,73,0,0,0,73
07/30/2018,PIA,IL,AGL,CE,Combined TRACON& Tower with Radar,9,30,8,16,63,0,0,14,28,42,9,30,22,44,105,14,22,36,141
07/31/2018,PIA,IL,AGL,CE,Combined TRACON& Tower with Radar,11,35,27,6,79,0,3,28,24,55,11,38,55,30,134,12,28,40,174
08/01/2018,PIA,IL,AGL,CE,Combined TRACON& Tower with Radar,18,31,26,7,82,0,1,36,13,50,18,32,62,20,132,16,28,44,176
08/02/2018,PIA,IL,AGL,CE,Combined TRACON& Tower with Radar,12,30,9,0,51,0,1,17,17,35,12,31,26,17,86,16,0,16,102
08/03/2018,PIA,IL,AGL,CE,Combined TRACON& Tower with Radar,13,33,17,2,65,0,1,23,1,25,13,34,40,3,90,28,0,28,118
08/04/2018,PIA,IL,AGL,CE,Combined TRACON& Tower with Radar,11,19,10,8,48,0,1,29,11,41,11,20,39,19,89,24,4,28,117
08/05/2018,PIA,IL,AGL,CE,Combined TRACON& Tower with Radar,8,25,12,2,47,0,0,24,3,27,8,25,36,5,74,12,12,24,98
08/06/2018,PIA,IL,AGL,CE,Combined TRACON& Tower with Radar,9,30,13,3,55,0,0,17,1,18,9,30,30,4,73,10,8,18,91
08/07/2018,PIA,IL,AGL,CE,Combined TRACON& Tower with Radar,9,31,22,13,75,0,1,9,10,20,9,32,31,23,95,0,0,0,95
08/08/2018,PIA,IL,AGL,CE,Combined TRACON& Tower with Radar,12,34,19,4,69,0,2,22,9,33,12,36,41,13,102,30,24,54,156
08/09/2018,PIA,IL,AGL,CE,Combined TRACON& Tower with Radar,13,32,15,6,66,0,0,30,14,44,13,32,45,20,110,16,41,57,167
08/10/2018,PIA,IL,AGL,CE,Combined TRACON& Tower with Radar,14,31,12,1,58,0,2,25,1,28,14,33,37,2,86,18,6,24,110
08/11/2018,PIA,IL,AGL,CE,Combined TRACON& Tower with Radar,10,18,17,0,45,0,2,34,0,36,10,20,51,0,81,20,0,20,101
08/12/2018,PIA,IL,AGL,CE,Combined TRACON& Tower with Radar,8,31,17,2,58,0,2,34,0,36,8,33,51,2,94,37,0,37,131
08/13/2018,PIA,IL,AGL,CE,Combined TRACON& Tower with Radar,11,32,8,10,61,0,1,23,0,24,11,33,31,10,85,6,14,20,105
08/14/2018,PIA,IL,AGL,CE,Combined TRACON& Tower with Radar,7,37,18,20,82,0,0,24,21,45,7,37,42,41,127,2,20,22,149
08/15/2018,PIA,IL,AGL,CE,Combined TRACON& Tower with Radar,12,26,14,7,59,0,0,5,0,5,12,26,19,7,64,1,0,1,65
08/16/2018,PIA,IL,AGL,CE,Combined TRACON& Tower with Radar,11,31,15,9,66,0,0,5,2,7,11,31,20,11,73,0,4,4,77
08/17/2018,PIA,IL,AGL,CE,Combined TRACON& Tower with Radar,15,35,19,1,70,0,0,7,1,8,15,35,26,2,78,0,0,0,78
08/18/2018,PIA,IL,AGL,CE,Combined TRACON& Tower with Radar,5,22,16,3,46,0,0,15,0,15,5,22,31,3,61,22,0,22,83
08/19/2018,PIA,IL,AGL,CE,Combined TRACON& Tower with Radar,9,27,12,1,49,0,3,21,2,26,9,30,33,3,75,6,24,30,105
08/20/2018,PIA,IL,AGL,CE,Combined TRACON& Tower with Radar,12,31,12,8,63,0,5,8,0,13,12,36,20,8,76,22,20,42,118
08/21/2018,PIA,IL,AGL,CE,Combined TRACON& Tower with Radar,8,31,23,9,71,0,1,11,8,20,8,32,34,17,91,2,9,11,102
08/22/2018,PIA,IL,AGL,CE,Combined TRACON& Tower with Radar,12,28,34,4,78,0,1,19,5,25,12,29,53,9,103,10,16,26,129
08/23/2018,PIA,IL,AGL,CE,Combined TRACON& Tower with Radar,12,36,13,3,64,0,4,19,7,30,12,40,32,10,94,16,0,16,110
08/24/2018,PIA,IL,AGL,CE,Combined TRACON& Tower with Radar,12,31,17,0,60,0,0,5,0,5,12,31,22,0,65,0,0,0,65
08/25/2018,PIA,IL,AGL,CE,Combined TRACON& Tower with Radar,6,28,6,0,40,0,5,16,0,21,6,33,22,0,61,22,0,22,83
08/26/2018,PIA,IL,AGL,CE,Combined TRACON& Tower with Radar,10,25,11,2,48,0,1,24,0,25,10,26,35,2,73,24,0,24,97
08/27/2018,PIA,IL,AGL,CE,Combined TRACON& Tower with Radar,10,29,23,3,65,0,1,9,0,10,10,30,32,3,75,0,0,0,75
08/28/2018,PIA,IL,AGL,CE,Combined TRACON& Tower with Radar,7,33,12,5,57,0,0,14,7,21,7,33,26,12,78,2,12,14,92
08/29/2018,PIA,IL,AGL,CE,Combined TRACON& Tower with Radar,12,30,21,6,69,0,0,14,10,24,12,30,35,16,93,24,6,30,123
08/30/2018,PIA,IL,AGL,CE,Combined TRACON& Tower with Radar,13,34,16,7,70,0,0,24,3,27,13,34,40,10,97,6,14,20,117
08/31/2018,PIA,IL,AGL,CE,Combined TRACON& Tower with Radar,12,30,15,0,57,0,1,27,0,28,12,31,42,0,85,2,0,2,87
09/01/2018,PIA,IL,AGL,CE,Combined TRACON& Tower with Radar,6,24,8,0,38,0,2,11,0,13,6,26,19,0,51,8,0,8,59
09/02/2018,PIA,IL,AGL,CE,Combined TRACON& Tower with Radar,10,23,3,0,36,0,3,11,0,14,10,26,14,0,50,10,0,10,60
09/03/2018,PIA,IL,AGL,CE,Combined TRACON& Tower with Radar,11,25,7,0,43,0,0,13,0,13,11,25,20,0,56,6,0,6,62
09/04/2018,PIA,IL,AGL,CE,Combined TRACON& Tower with Radar,8,34,15,6,63,0,3,25,3,31,8,37,40,9,94,24,14,38,132
09/05/2018,PIA,IL,AGL,CE,Combined TRACON& Tower with Radar,13,33,18,1,65,0,1,17,1,19,13,34,35,2,84,2,4,6,90
09/06/2018,PIA,IL,AGL,CE,Combined TRACON& Tower with Radar,12,35,10,1,58,0,0,1,0,1,12,35,11,1,59,0,0,0,59
09/07/2018,PIA,IL,AGL,CE,Combined TRACON& Tower with Radar,11,39,8,0,58,0,0,0,0,0,11,39,8,0,58,0,0,0,58
09/08/2018,PIA,IL,AGL,CE,Combined TRACON& Tower with Radar,5,35,15,5,60,0,2,5,1,8,5,37,20,6,68,16,24,40,108
09/09/2018,PIA,IL,AGL,CE,Combined TRACON& Tower with Radar,9,29,7,2,47,0,7,20,5,32,9,36,27,7,79,4,12,16,95
09/10/2018,PIA,IL,AGL,CE,Combined TRACON& Tower with Radar,11,33,27,4,75,0,1,36,0,37,11,34,63,4,112,36,32,68,180
09/11/2018,PIA,IL,AGL,CE,Combined TRACON& Tower with Radar,8,36,16,3,63,0,2,27,9,38,8,38,43,12,101,20,0,20,121
09/12/2018,PIA,IL,AGL,CE,Combined TRACON& Tower with Radar,10,37,17,5,69,0,2,19,6,27,10,39,36,11,96,10,16,26,122
09/13/2018,PIA,IL,AGL,CE,Combined TRACON& Tower with Radar,12,48,12,8,80,0,2,19,6,27,12,50,31,14,107,0,8,8,115
09/14/2018,PIA,IL,AGL,CE,Combined TRACON& Tower with Radar,13,35,14,0,62,0,2,22,0,24,13,37,36,0,86,16,0,16,102
09/15/2018,PIA,IL,AGL,CE,Combined TRACON& Tower with Radar,7,24,4,0,35,0,2,23,2,27,7,26,27,2,62,64,0,64,126
09/16/2018,PIA,IL,AGL,CE,Combined TRACON& Tower with Radar,8,30,8,0,46,0,7,24,0,31,8,37,32,0,77,10,0,10,87
09/17/2018,PIA,IL,AGL,CE,Combined TRACON& Tower with Radar,10,33,11,4,58,0,0,15,2,17,10,33,26,6,75,36,0,36,111
09/18/2018,PIA,IL,AGL,CE,Combined TRACON& Tower with Radar,14,36,18,9,77,0,1,18,14,33,14,37,36,23,110,4,42,46,156
09/19/2018,PIA,IL,AGL,CE,Combined TRACON& Tower with Radar,10,35,24,3,72,0,1,19,3,23,10,36,43,6,95,6,0,6,101
09/20/2018,PIA,IL,AGL,CE,Combined TRACON& Tower with Radar,12,34,23,0,69,0,0,15,2,17,12,34,38,2,86,0,0,0,86
09/21/2018,PIA,IL,AGL,CE,Combined TRACON& Tower with Radar,11,34,18,2,65,0,1,14,0,15,11,35,32,2,80,0,0,0,80
09/22/2018,PIA,IL,AGL,CE,Combined TRACON& Tower with Radar,3,27,11,0,41,0,1,32,2,35,3,28,43,2,76,32,0,32,108
09/23/2018,PIA,IL,AGL,CE,Combined TRACON& Tower with Radar,8,36,16,0,60,0,0,26,0,26,8,36,42,0,86,32,0,32,118
09/24/2018,PIA,IL,AGL,CE,Combined TRACON& Tower with Radar,10,34,18,6,68,0,1,12,0,13,10,35,30,6,81,0,0,0,81
09/25/2018,PIA,IL,AGL,CE,Combined TRACON& Tower with Radar,8,34,8,5,55,0,1,3,0,4,8,35,11,5,59,0,0,0,59
09/26/2018,PIA,IL,AGL,CE,Combined TRACON& Tower with Radar,10,36,24,1,71,0,1,15,9,25,10,37,39,10,96,20,8,28,124
09/27/2018,PIA,IL,AGL,CE,Combined TRACON& Tower with Radar,12,31,20,5,68,0,0,37,3,40,12,31,57,8,108,10,12,22,130
09/28/2018,PIA,IL,AGL,CE,Combined TRACON& Tower with Radar,12,31,17,4,64,0,1,25,3,29,12,32,42,7,93,2,18,20,113
09/29/2018,PIA,IL,AGL,CE,Combined TRACON& Tower with Radar,5,26,22,0,53,0,3,16,0,19,5,29,38,0,72,30,0,30,102
09/30/2018,PIA,IL,AGL,CE,Combined TRACON& Tower with Radar,9,31,11,0,51,0,1,15,0,16,9,32,26,0,67,28,0,28,95
10/01/2018,PIA,IL,AGL,CE,Combined TRACON& Tower with Radar,10,36,7,3,56,0,1,16,3,20,10,37,23,6,76,0,8,8,84
10/02/2018,PIA,IL,AGL,CE,Combined TRACON& Tower with Radar,8,36,20,17,81,0,2,11,4,17,8,38,31,21,98,2,16,18,116
10/03/2018,PIA,IL,AGL,CE,Combined TRACON& Tower with Radar,12,37,13,2,64,0,1,12,9,22,12,38,25,11,86,0,47,47,133
10/04/2018,PIA,IL,AGL,CE,Combined TRACON& Tower with Radar,12,33,11,5,61,0,2,16,9,27,12,35,27,14,88,6,14,20,108
10/05/2018,PIA,IL,AGL,CE,Combined TRACON& Tower with Radar,17,36,13,0,66,0,1,4,0,5,17,37,17,0,71,0,0,0,71
10/06/2018,PIA,IL,AGL,CE,Combined TRACON& Tower with Radar,7,25,8,0,40,0,0,2,0,2,7,25,10,0,42,0,0,0,42
10/07/2018,PIA,IL,AGL,CE,Combined TRACON& Tower with Radar,8,27,10,0,45,0,0,0,0,0,8,27,10,0,45,0,0,0,45
10/08/2018,PIA,IL,AGL,CE,Combined TRACON& Tower with Radar,10,30,10,1,51,0,0,16,0,16,10,30,26,1,67,0,0,0,67
10/09/2018,PIA,IL,AGL,CE,Combined TRACON& Tower with Radar,7,32,23,4,66,0,2,6,12,20,7,34,29,16,86,2,26,28,114
10/10/2018,PIA,IL,AGL,CE,Combined TRACON& Tower with Radar,12,33,9,8,62,0,3,5,7,15,12,36,14,15,77,4,10,14,91
10/11/2018,PIA,IL,AGL,CE,Combined TRACON& Tower with Radar,14,29,15,10,68,0,3,14,8,25,14,32,29,18,93,4,18,22,115
10/12/2018,PIA,IL,AGL,CE,Combined TRACON& Tower with Radar,13,32,25,6,76,0,2,5,0,7,13,34,30,6,83,10,1,11,94
10/13/2018,PIA,IL,AGL,CE,Combined TRACON& Tower with Radar,5,25,8,13,51,0,1,6,8,15,5,26,14,21,66,0,44,44,110
10/14/2018,PIA,IL,AGL,CE,Combined TRACON& Tower with Radar,8,29,19,6,62,0,2,10,0,12,8,31,29,6,74,18,0,18,92
10/15/2018,PIA,IL,AGL,CE,Combined TRACON& Tower with Radar,10,33,28,3,74,0,2,13,1,16,10,35,41,4,90,6,0,6,96
10/16/2018,PIA,IL,AGL,CE,Combined TRACON& Tower with Radar,14,32,12,8,66,0,3,15,9,27,14,35,27,17,93,0,24,24,117
10/17/2018,PIA,IL,AGL,CE,Combined TRACON& Tower with Radar,12,33,14,6,65,0,1,19,12,32,12,34,33,18,97,22,42,64,161
10/18/2018,PIA,IL,AGL,CE,Combined TRACON& Tower with Radar,13,32,20,7,72,0,8,41,6,55,13,40,61,13,127,28,0,28,155
10/19/2018,PIA,IL,AGL,CE,Combined TRACON& Tower with Radar,12,33,12,2,59,0,3,8,0,11,12,36,20,2,70,0,0,0,70
10/20/2018,PIA,IL,AGL,CE,Combined TRACON& Tower with Radar,6,26,5,0,37,0,2,10,0,12,6,28,15,0,49,0,0,0,49
10/21/2018,PIA,IL,AGL,CE,Combined TRACON& Tower with Radar,8,28,11,0,47,0,4,28,0,32,8,32,39,0,79,26,0,26,105
10/22/2018,PIA,IL,AGL,CE,Combined TRACON& Tower with Radar,10,34,12,6,62,0,4,22,1,27,10,38,34,7,89,14,18,32,121
10/23/2018,PIA,IL,AGL,CE,Combined TRACON& Tower with Radar,8,28,23,7,66,0,0,27,11,38,8,28,50,18,104,24,46,70,174
10/24/2018,PIA,IL,AGL,CE,Combined TRACON& Tower with Radar,11,34,25,7,77,0,2,25,6,33,11,36,50,13,110,30,0,30,140
10/25/2018,PIA,IL,AGL,CE,Combined TRACON& Tower with Radar,12,40,32,7,91,0,2,25,10,37,12,42,57,17,128,40,14,54,182
10/26/2018,PIA,IL,AGL,CE,Combined TRACON& Tower with Radar,13,31,19,12,75,0,1,6,0,7,13,32,25,12,82,24,0,24,106
10/27/2018,PIA,IL,AGL,CE,Combined TRACON& Tower with Radar,7,24,24,0,55,0,7,38,4,49,7,31,62,4,104,0,0,0,104
10/28/2018,PIA,IL,AGL,CE,Combined TRACON& Tower with Radar,12,28,3,0,43,0,5,6,0,11,12,33,9,0,54,0,0,0,54
10/29/2018,PIA,IL,AGL,CE,Combined TRACON& Tower with Radar,10,34,22,7,73,0,3,34,1,38,10,37,56,8,111,36,0,36,147
10/30/2018,PIA,IL,AGL,CE,Combined TRACON& Tower with Radar,6,27,12,7,52,0,1,6,10,17,6,28,18,17,69,10,9,19,88
10/31/2018,PIA,IL,AGL,CE,Combined TRACON& Tower with Radar,16,28,14,12,70,0,1,13,4,18,16,29,27,16,88,40,20,60,148
11/01/2018,PIA,IL,AGL,CE,Combined TRACON& Tower with Radar,10,24,23,12,69,0,0,19,11,30,10,24,42,23,99,16,0,16,115
11/02/2018,PIA,IL,AGL,CE,Combined TRACON& Tower with Radar,12,39,15,7,73,0,2,26,6,34,12,41,41,13,107,28,0,28,135
11/03/2018,PIA,IL,AGL,CE,Combined TRACON& Tower with Radar,6,24,15,9,54,0,3,14,3,20,6,27,29,12,74,10,0,10,84
11/04/2018,PIA,IL,AGL,CE,Combined TRACON& Tower with Radar,12,30,0,3,45,0,0,1,0,1,12,30,1,3,46,0,0,0,46
11/05/2018,PIA,IL,AGL,CE,Combined TRACON& Tower with Radar,12,32,8,7,59,0,2,9,4,15,12,34,17,11,74,14,12,26,100
11/06/2018,PIA,IL,AGL,CE,Combined TRACON& Tower with Radar,8,37,18,9,72,0,2,12,10,24,8,39,30,19,96,0,32,32,128
11/07/2018,PIA,IL,AGL,CE,Combined TRACON& Tower with Radar,14,36,11,15,76,0,0,24,3,27,14,36,35,18,103,0,52,52,155
11/08/2018,PIA,IL,AGL,CE,Combined TRACON& Tower with Radar,11,38,9,14,72,0,3,19,14,36,11,41,28,28,108,6,20,26,134
11/09/2018,PIA,IL,AGL,CE,Combined TRACON& Tower with Radar,11,34,10,0,55,0,0,10,0,10,11,34,20,0,65,0,0,0,65
11/10/2018,PIA,IL,AGL,CE,Combined TRACON& Tower with Radar,8,25,13,0,46,0,3,28,0,31,8,28,41,0,77,6,0,6,83
11/11/2018,PIA,IL,AGL,CE,Combined TRACON& Tower with Radar,7,36,14,0,57,0,4,39,2,45,7,40,53,2,102,56,0,56,158
11/12/2018,PIA,IL,AGL,CE,Combined TRACON& Tower with Radar,13,29,9,0,51,0,1,9,0,10,13,30,18,0,61,0,0,0,61
11/13/2018,PIA,IL,AGL,CE,Combined TRACON& Tower with Radar,9,33,13,9,64,0,0,23,7,30,9,33,36,16,94,32,28,60,154
11/14/2018,PIA,IL,AGL,CE,Combined TRACON& Tower with Radar,14,28,26,5,73,0,1,35,6,42,14,29,61,11,115,6,35,41,156
11/15/2018,PIA,IL,AGL,CE,Combined TRACON& Tower with Radar,15,34,15,0,64,0,0,2,2,4,15,34,17,2,68,0,0,0,68
11/16/2018,PIA,IL,AGL,CE,Combined TRACON& Tower with Radar,12,39,15,11,77,0,2,15,0,17,12,41,30,11,94,26,20,46,140
11/17/2018,PIA,IL,AGL,CE,Combined TRACON& Tower with Radar,9,27,5,2,43,0,0,1,0,1,9,27,6,2,44,0,0,0,44
11/18/2018,PIA,IL,AGL,CE,Combined TRACON& Tower with Radar,9,30,3,3,45,0,1,5,0,6,9,31,8,3,51,0,0,0,51
11/19/2018,PIA,IL,AGL,CE,Combined TRACON& Tower with Radar,14,34,10,9,67,0,2,9,1,12,14,36,19,10,79,36,26,62,141
11/20/2018,PIA,IL,AGL,CE,Combined TRACON& Tower with Radar,12,32,21,19,84,0,2,20,3,25,12,34,41,22,109,46,10,56,165
11/21/2018,PIA,IL,AGL,CE,Combined TRACON& Tower with Radar,17,29,10,0,56,0,0,31,0,31,17,29,41,0,87,14,6,20,107
11/22/2018,PIA,IL,AGL,CE,Combined TRACON& Tower with Radar,5,15,2,0,22,0,2,8,0,10,5,17,10,0,32,0,0,0,32
11/23/2018,PIA,IL,AGL,CE,Combined TRACON& Tower with Radar,10,21,4,0,35,0,0,9,0,9,10,21,13,0,44,4,0,4,48
11/24/2018,PIA,IL,AGL,CE,Combined TRACON& Tower with Radar,8,34,11,0,53,0,1,11,0,12,8,35,22,0,65,0,0,0,65
11/25/2018,PIA,IL,AGL,CE,Combined TRACON& Tower with Radar,9,28,4,0,41,0,0,0,0,0,9,28,4,0,41,0,0,0,41
11/26/2018,PIA,IL,AGL,CE,Combined TRACON& Tower with Radar,11,20,17,3,51,0,2,8,2,12,11,22,25,5,63,0,0,0,63
11/27/2018,PIA,IL,AGL,CE,Combined TRACON& Tower with Radar,7,28,9,4,48,0,0,7,3,10,7,28,16,7,58,20,26,46,104
11/28/2018,PIA,IL,AGL,CE,Combined TRACON& Tower with Radar,9,30,27,5,71,0,3,13,12,28,9,33,40,17,99,2,26,28,127
11/29/2018,PIA,IL,AGL,CE,Combined TRACON& Tower with Radar,12,31,12,12,67,0,10,35,3,48,12,41,47,15,115,36,4,40,155
11/30/2018,PIA,IL,AGL,CE,Combined TRACON& Tower with Radar,14,28,30,4,76,0,2,11,2,15,14,30,41,6,91,22,8,30,121
12/01/2018,PIA,IL,AGL,CE,Combined TRACON& Tower with Radar,9,24,1,6,40,0,0,1,0,1,9,24,2,6,41,2,0,2,43
12/02/2018,PIA,IL,AGL,CE,Combined TRACON& Tower with Radar,9,24,7,6,46,0,0,0,0,0,9,24,7,6,46,0,0,0,46
12/03/2018,PIA,IL,AGL,CE,Combined TRACON& Tower with Radar,10,26,5,10,51,0,1,4,3,8,10,27,9,13,59,0,0,0,59
12/04/2018,PIA,IL,AGL,CE,Combined TRACON& Tower with Radar,8,22,14,8,52,0,0,2,7,9,8,22,16,15,61,0,24,24,85
12/05/2018,PIA,IL,AGL,CE,Combined TRACON& Tower with Radar,8,31,24,0,63,0,2,26,6,34,8,33,50,6,97,32,0,32,129
12/06/2018,PIA,IL,AGL,CE,Combined TRACON& Tower with Radar,12,31,27,3,73,0,2,15,13,30,12,33,42,16,103,0,8,8,111
12/07/2018,PIA,IL,AGL,CE,Combined TRACON& Tower with Radar,14,29,22,1,66,0,1,28,2,31,14,30,50,3,97,14,0,14,111
12/08/2018,PIA,IL,AGL,CE,Combined TRACON& Tower with Radar,10,20,11,0,41,0,1,33,0,34,10,21,44,0,75,36,0,36,111
12/09/2018,PIA,IL,AGL,CE,Combined TRACON& Tower with Radar,8,17,10,0,35,0,0,26,0,26,8,17,36,0,61,54,0,54,115
12/10/2018,PIA,IL,AGL,CE,Combined TRACON& Tower with Radar,10,27,13,0,50,0,2,17,12,31,10,29,30,12,81,22,8,30,111
12/11/2018,PIA,IL,AGL,CE,Combined TRACON& Tower with Radar,8,23,12,3,46,0,1,22,33,56,8,24,34,36,102,36,20,56,158
12/12/2018,PIA,IL,AGL,CE,Combined TRACON& Tower with Radar,8,28,20,7,63,0,2,8,11,21,8,30,28,18,84,16,42,58,142
12/13/2018,PIA,IL,AGL,CE,Combined TRACON& Tower with Radar,12,23,8,9,52,0,0,0,0,0,12,23,8,9,52,0,0,0,52
12/14/2018,PIA,IL,AGL,CE,Combined TRACON& Tower with Radar,11,24,14,0,49,0,0,0,0,0,11,24,14,0,49,0,0,0,49
12/15/2018,PIA,IL,AGL,CE,Combined TRACON& Tower with Radar,10,21,26,2,59,0,2,36,12,50,10,23,62,14,109,16,0,16,125
12/16/2018,PIA,IL,AGL,CE,Combined TRACON& Tower with Radar,9,21,17,0,47,0,5,26,0,31,9,26,43,0,78,38,0,38,116
12/17/2018,PIA,IL,AGL,CE,Combined TRACON& Tower with Radar,10,28,18,4,60,0,9,35,2,46,10,37,53,6,106,22,22,44,150
12/18/2018,PIA,IL,AGL,CE,Combined TRACON& Tower with Radar,8,24,17,2,51,0,0,43,18,61,8,24,60,20,112,4,20,24,136
12/19/2018,PIA,IL,AGL,CE,Combined TRACON& Tower with Radar,14,33,19,13,79,0,2,22,16,40,14,35,41,29,119,2,30,32,151
12/20/2018,PIA,IL,AGL,CE,Combined TRACON& Tower with Radar,13,27,16,4,60,0,0,0,4,4,13,27,16,8,64,0,4,4,68
12/21/2018,PIA,IL,AGL,CE,Combined TRACON& Tower with Radar,13,29,8,2,52,0,2,9,0,11,13,31,17,2,63,0,0,0,63
12/22/2018,PIA,IL,AGL,CE,Combined TRACON& Tower with Radar,12,26,9,1,48,0,5,20,0,25,12,31,29,1,73,14,0,14,87
12/23/2018,PIA,IL,AGL,CE,Combined TRACON& Tower with Radar,10,26,10,0,46,0,2,10,0,12,10,28,20,0,58,14,0,14,72
12/24/2018,PIA,IL,AGL,CE,Combined TRACON& Tower with Radar,8,21,8,2,39,0,2,24,0,26,8,23,32,2,65,8,0,8,73
12/25/2018,PIA,IL,AGL,CE,Combined TRACON& Tower with Radar,3,19,4,0,26,0,1,4,0,5,3,20,8,0,31,0,0,0,31
12/26/2018,PIA,IL,AGL,CE,Combined TRACON& Tower with Radar,10,25,8,0,43,0,4,22,0,26,10,29,30,0,69,32,0,32,101
12/27/2018,PIA,IL,AGL,CE,Combined TRACON& Tower with Radar,13,27,7,0,47,0,0,1,0,1,13,27,8,0,48,0,0,0,48
12/28/2018,PIA,IL,AGL,CE,Combined TRACON& Tower with Radar,15,21,1,0,37,0,0,4,0,4,15,21,5,0,41,0,0,0,41
12/29/2018,PIA,IL,AGL,CE,Combined TRACON& Tower with Radar,13,30,14,0,57,0,0,4,0,4,13,30,18,0,61,0,0,0,61
12/30/2018,PIA,IL,AGL,CE,Combined TRACON& Tower with Radar,9,30,13,0,52,0,2,28,0,30,9,32,41,0,82,6,0,6,88
12/31/2018,PIA,IL,AGL,CE,Combined TRACON& Tower with Radar,12,17,8,0,37,0,0,0,0,0,12,17,8,0,37,0,0,0,37
01/01/2019,PIA,IL,AGL,CE,Combined TRACON& Tower with Radar,5,22,2,0,29,0,0,0,0,0,5,22,2,0,29,0,0,0,29
01/02/2019,PIA,IL,AGL,CE,Combined TRACON& Tower with Radar,12,24,10,6,52,0,0,3,27,30,12,24,13,33,82,0,68,68,150
01/03/2019,PIA,IL,AGL,CE,Combined TRACON& Tower with Radar,12,24,13,5,54,0,0,29,25,54,12,24,42,30,108,4,22,26,134
01/04/2019,PIA,IL,AGL,CE,Combined TRACON& Tower with Radar,12,24,10,9,55,0,0,28,11,39,12,24,38,20,94,2,24,26,120
01/05/2019,PIA,IL,AGL,CE,Combined TRACON& Tower with Radar,8,27,10,0,45,0,5,45,0,50,8,32,55,0,95,45,0,45,140
01/06/2019,PIA,IL,AGL,CE,Combined TRACON& Tower with Radar,8,22,18,0,48,0,1,26,0,27,8,23,44,0,75,8,0,8,83
01/07/2019,PIA,IL,AGL,CE,Combined TRACON& Tower with Radar,10,25,17,5,57,0,2,12,3,17,10,27,29,8,74,8,48,56,130
01/08/2019,PIA,IL,AGL,CE,Combined TRACON& Tower with Radar,10,23,7,0,40,0,4,12,11,27,10,27,19,11,67,0,10,10,77
01/09/2019,PIA,IL,AGL,CE,Combined TRACON& Tower with Radar,8,27,17,1,53,0,0,10,25,35,8,27,27,26,88,6,20,26,114
01/10/2019,PIA,IL,AGL,CE,Combined TRACON& Tower with Radar,12,29,22,7,70,0,5,22,30,57,12,34,44,37,127,10,0,10,137
01/11/2019,PIA,IL,AGL,CE,Combined TRACON& Tower with Radar,11,23,5,12,51,0,0,14,7,21,11,23,19,19,72,0,22,22,94
01/12/2019,PIA,IL,AGL,CE,Combined TRACON& Tower with Radar,4,9,2,0,15,0,0,0,0,0,4,9,2,0,15,0,0,0,15
01/13/2019,PIA,IL,AGL,CE,Combined TRACON& Tower with Radar,7,20,9,1,37,0,0,2,7,9,7,20,11,8,46,0,0,0,46
01/14/2019,PIA,IL,AGL,CE,Combined TRACON& Tower with Radar,10,25,16,17,68,0,0,0,0,0,10,25,16,17,68,0,0,0,68
01/15/2019,PIA,IL,AGL,CE,Combined TRACON& Tower with Radar,9,24,8,2,43,0,0,0,0,0,9,24,8,2,43,0,0,0,43
01/16/2019,PIA,IL,AGL,CE,Combined TRACON& Tower with Radar,11,25,14,11,61,0,1,7,1,9,11,26,21,12,70,10,12,22,92
01/17/2019,PIA,IL,AGL,CE,Combined TRACON& Tower with Radar,12,24,6,2,44,0,0,0,0,0,12,24,6,2,44,0,0,0,44
01/18/2019,PIA,IL,AGL,CE,Combined TRACON& Tower with Radar,11,25,5,0,41,0,0,4,2,6,11,25,9,2,47,0,0,0,47
01/19/2019,PIA,IL,AGL,CE,Combined TRACON& Tower with Radar,7,10,2,0,19,0,2,1,0,3,7,12,3,0,22,0,0,0,22
01/20/2019,PIA,IL,AGL,CE,Combined TRACON& Tower with Radar,8,19,21,0,48,0,3,14,0,17,8,22,35,0,65,6,0,6,71
01/21/2019,PIA,IL,AGL,CE,Combined TRACON& Tower with Radar,10,25,10,0,45,0,1,12,0,13,10,26,22,0,58,0,0,0,58
01/22/2019,PIA,IL,AGL,CE,Combined TRACON& Tower with Radar,8,24,7,0,39,0,1,1,0,2,8,25,8,0,41,0,0,0,41
01/23/2019,PIA,IL,AGL,CE,Combined TRACON& Tower with Radar,10,30,10,6,56,0,0,6,2,8,10,30,16,8,64,0,14,14,78
01/24/2019,PIA,IL,AGL,CE,Combined TRACON& Tower with Radar,12,28,16,9,65,0,0,11,2,13,12,28,27,11,78,10,34,44,122
01/25/2019,PIA,IL,AGL,CE,Combined TRACON& Tower with Radar,12,28,15,3,58,0,1,12,0,13,12,29,27,3,71,0,0,0,71
01/26/2019,PIA,IL,AGL,CE,Combined TRACON& Tower with Radar,14,22,2,0,38,0,1,4,0,5,14,23,6,0,43,0,0,0,43
01/27/2019,PIA,IL,AGL,CE,Combined TRACON& Tower with Radar,8,26,15,0,49,0,2,24,0,26,8,28,39,0,75,16,0,16,91
01/28/2019,PIA,IL,AGL,CE,Combined TRACON& Tower with Radar,10,17,5,0,32,0,0,1,0,1,10,17,6,0,33,0,0,0,33
01/29/2019,PIA,IL,AGL,CE,Combined TRACON& Tower with Radar,6,21,16,3,46,0,3,8,6,17,6,24,24,9,63,0,0,0,63
01/30/2019,PIA,IL,AGL,CE,Combined TRACON& Tower with Radar,12,13,6,0,31,0,2,3,0,5,12,15,9,0,36,0,0,0,36
01/31/2019,PIA,IL,AGL,CE,Combined TRACON& Tower with Radar,12,15,8,1,36,0,1,4,0,5,12,16,12,1,41,0,0,0,41
02/01/2019,PIA,IL,AGL,CE,Combined TRACON& Tower with Radar,12,26,11,4,53,0,4,58,2,64,12,30,69,6,117,3,10,13,130
02/02/2019,PIA,IL,AGL,CE,Combined TRACON& Tower with Radar,12,20,24,0,56,0,0,4,0,4,12,20,28,0,60,10,0,10,70
02/03/2019,PIA,IL,AGL,CE,Combined TRACON& Tower with Radar,10,20,18,0,48,0,1,14,0,15,10,21,32,0,63,74,0,74,137
02/04/2019,PIA,IL,AGL,CE,Combined TRACON& Tower with Radar,10,27,7,4,48,0,1,7,2,10,10,28,14,6,58,0,0,0,58
02/05/2019,PIA,IL,AGL,CE,Combined TRACON& Tower with Radar,7,27,16,2,52,0,2,8,2,12,7,29,24,4,64,4,0,4,68
02/06/2019,PIA,IL,AGL,CE,Combined TRACON& Tower with Radar,11,24,4,4,43,0,0,0,0,0,11,24,4,4,43,0,0,0,43
02/07/2019,PIA,IL,AGL,CE,Combined TRACON& Tower with Radar,14,24,5,5,48,0,3,3,0,6,14,27,8,5,54,0,0,0,54
02/08/2019,PIA,IL,AGL,CE,Combined TRACON& Tower with Radar,12,26,11,12,61,0,2,14,11,27,12,28,25,23,88,6,32,38,126
02/09/2019,PIA,IL,AGL,CE,Combined TRACON& Tower with Radar,8,25,11,5,49,0,2,46,12,60,8,27,57,17,109,38,16,54,163
02/10/2019,PIA,IL,AGL,CE,Combined TRACON& Tower with Radar,8,22,4,2,36,0,1,5,0,6,8,23,9,2,42,0,0,0,42
02/11/2019,PIA,IL,AGL,CE,Combined TRACON& Tower with Radar,11,29,8,4,52,0,0,0,0,0,11,29,8,4,52,0,0,0,52
02/12/2019,PIA,IL,AGL,CE,Combined TRACON& Tower with Radar,8,30,8,4,50,0,0,1,0,1,8,30,9,4,51,0,0,0,51
02/13/2019,PIA,IL,AGL,CE,Combined TRACON& Tower with Radar,12,29,20,7,68,0,3,23,12,38,12,32,43,19,106,20,30,50,156
02/14/2019,PIA,IL,AGL,CE,Combined TRACON& Tower with Radar,15,30,13,6,64,0,5,22,7,34,15,35,35,13,98,12,2,14,112
02/15/2019,PIA,IL,AGL,CE,Combined TRACON& Tower with Radar,14,26,20,1,61,0,0,22,5,27,14,26,42,6,88,4,0,4,92
02/16/2019,PIA,IL,AGL,CE,Combined TRACON& Tower with Radar,14,16,16,0,46,0,4,30,0,34,14,20,46,0,80,30,0,30,110
02/17/2019,PIA,IL,AGL,CE,Combined TRACON& Tower with Radar,12,13,6,0,31,0,0,2,0,2,12,13,8,0,33,0,0,0,33
02/18/2019,PIA,IL,AGL,CE,Combined TRACON& Tower with Radar,14,21,6,0,41,0,1,15,0,16,14,22,21,0,57,34,0,34,91
02/19/2019,PIA,IL,AGL,CE,Combined TRACON& Tower with Radar,16,25,20,6,67,0,0,21,7,28,16,25,41,13,95,2,14,16,111
02/20/2019,PIA,IL,AGL,CE,Combined TRACON& Tower with Radar,16,21,7,5,49,0,0,3,3,6,16,21,10,8,55,0,2,2,57
02/21/2019,PIA,IL,AGL,CE,Combined TRACON& Tower with Radar,16,27,15,8,66,0,1,19,19,39,16,28,34,27,105,36,28,64,169
02/22/2019,PIA,IL,AGL,CE,Combined TRACON& Tower with Radar,16,27,13,1,57,0,5,37,4,46,16,32,50,5,103,46,0,46,149
02/23/2019,PIA,IL,AGL,CE,Combined TRACON& Tower with Radar,13,17,1,1,32,0,0,0,0,0,13,17,1,1,32,0,0,0,32
02/24/2019,PIA,IL,AGL,CE,Combined TRACON& Tower with Radar,8,14,2,3,27,0,3,3,0,6,8,17,5,3,33,0,0,0,33
02/25/2019,PIA,IL,AGL,CE,Combined TRACON& Tower with Radar,14,25,8,0,47,0,1,37,0,38,14,26,45,0,85,62,0,62,147
02/26/2019,PIA,IL,AGL,CE,Combined TRACON& Tower with Radar,16,23,7,9,55,0,1,13,14,28,16,24,20,23,83,20,26,46,129
02/27/2019,PIA,IL,AGL,CE,Combined TRACON& Tower with Radar,18,20,13,2,53,0,3,11,6,20,18,23,24,8,73,0,4,4,77
02/28/2019,PIA,IL,AGL,CE,Combined TRACON& Tower with Radar,16,24,13,2,55,0,4,15,18,37,16,28,28,20,92,0,16,16,108
03/01/2019,PIA,IL,AGL,CE,Combined TRACON& Tower with Radar,16,27,6,5,54,0,0,25,22,47,16,27,31,27,101,26,22,48,149
03/02/2019,PIA,IL,AGL,CE,Combined TRACON& Tower with Radar,14,27,10,7,58,0,3,15,11,29,14,30,25,18,87,16,2,18,105
03/03/2019,PIA,IL,AGL,CE,Combined TRACON& Tower with Radar,14,22,5,4,45,0,1,14,0,15,14,23,19,4,60,0,0,0,60
03/04/2019,PIA,IL,AGL,CE,Combined TRACON& Tower with Radar,14,26,5,4,49,0,2,4,3,9,14,28,9,7,58,2,18,20,78
03/05/2019,PIA,IL,AGL,CE,Combined TRACON& Tower with Radar,16,25,22,0,63,0,1,13,33,47,16,26,35,33,110,0,12,12,122
03/06/2019,PIA,IL,AGL,CE,Combined TRACON& Tower with Radar,18,23,16,2,59,0,3,18,9,30,18,26,34,11,89,26,8,34,123
03/07/2019,PIA,IL,AGL,CE,Combined TRACON& Tower with Radar,16,20,11,8,55,0,0,2,3,5,16,20,13,11,60,0,22,22,82
03/08/2019,PIA,IL,AGL,CE,Combined TRACON& Tower with Radar,18,20,8,1,47,0,2,12,0,14,18,22,20,1,61,18,0,18,79
03/09/2019,PIA,IL,AGL,CE,Combined TRACON& Tower with Radar,13,20,3,0,36,0,0,1,0,1,13,20,4,0,37,0,0,0,37
03/10/2019,PIA,IL,AGL,CE,Combined TRACON& Tower with Radar,12,17,10,0,39,0,1,8,0,9,12,18,18,0,48,0,0,0,48
03/11/2019,PIA,IL,AGL,CE,Combined TRACON& Tower with Radar,15,23,19,1,58,0,5,34,8,47,15,28,53,9,105,104,2,106,211
03/12/2019,PIA,IL,AGL,CE,Combined TRACON& Tower with Radar,19,24,13,10,66,0,3,15,12,30,19,27,28,22,96,12,16,28,124
03/13/2019,PIA,IL,AGL,CE,Combined TRACON& Tower with Radar,18,22,17,16,73,0,0,6,8,14,18,22,23,24,87,4,48,52,139
03/14/2019,PIA,IL,AGL,CE,Combined TRACON& Tower with Radar,14,23,9,0,46,0,2,10,0,12,14,25,19,0,58,0,0,0,58
03/15/2019,PIA,IL,AGL,CE,Combined TRACON& Tower with Radar,16,20,13,13,62,0,0,16,9,25,16,20,29,22,87,18,14,32,119
03/16/2019,PIA,IL,AGL,CE,Combined TRACON& Tower with Radar,14,19,7,2,42,0,2,33,15,50,14,21,40,17,92,18,8,26,118
03/17/2019,PIA,IL,AGL,CE,Combined TRACON& Tower with Radar,12,23,10,0,45,0,0,21,0,21,12,23,31,0,66,36,0,36,102
03/18/2019,PIA,IL,AGL,CE,Combined TRACON& Tower with Radar,14,24,15,3,56,0,4,27,6,37,14,28,42,9,93,56,20,76,169
03/19/2019,PIA,IL,AGL,CE,Combined TRACON& Tower with Radar,18,22,15,5,60,0,2,28,31,61,18,24,43,36,121,14,20,34,155
03/20/2019,PIA,IL,AGL,CE,Combined TRACON& Tower with Radar,20,24,18,5,67,0,3,7,21,31,20,27,25,26,98,14,22,36,134
03/21/2019,PIA,IL,AGL,CE,Combined TRACON& Tower with Radar,18,24,21,5,68,0,4,14,9,27,18,28,35,14,95,8,8,16,111
03/22/2019,PIA,IL,AGL,CE,Combined TRACON& Tower with Radar,18,24,22,6,70,0,0,31,9,40,18,24,53,15,110,10,14,24,134
03/23/2019,PIA,IL,AGL,CE,Combined TRACON& Tower with Radar,14,18,5,1,38,0,3,35,3,41,14,21,40,4,79,52,2,54,133
03/24/2019,PIA,IL,AGL,CE,Combined TRACON& Tower with Radar,14,23,7,0,44,0,1,1,0,2,14,24,8,0,46,0,0,0,46
03/25/2019,PIA,IL,AGL,CE,Combined TRACON& Tower with Radar,14,20,14,5,53,0,3,15,2,20,14,23,29,7,73,0,20,20,93
03/26/2019,PIA,IL,AGL,CE,Combined TRACON& Tower with Radar,18,21,23,19,81,0,4,33,21,58,18,25,56,40,139,96,20,116,255
03/27/2019,PIA,IL,AGL,CE,Combined TRACON& Tower with Radar,18,21,18,7,64,0,5,28,12,45,18,26,46,19,109,20,4,24,133
03/28/2019,PIA,IL,AGL,CE,Combined TRACON& Tower with Radar,18,27,13,7,65,0,2,27,7,36,18,29,40,14,101,20,0,20,121
03/29/2019,PIA,IL,AGL,CE,Combined TRACON& Tower with Radar,16,21,8,0,45,0,2,12,0,14,16,23,20,0,59,26,0,26,85
03/30/2019,PIA,IL,AGL,CE,Combined TRACON& Tower with Radar,14,23,4,0,41,0,1,14,0,15,14,24,18,0,56,0,0,0,56
03/31/2019,PIA,IL,AGL,CE,Combined TRACON& Tower with Radar,14,24,16,4,58,0,4,35,0,39,14,28,51,4,97,22,0,22,119
04/01/2019,PIA,IL,AGL,CE,Combined TRACON& Tower with Radar,14,24,8,2,48,0,4,19,0,23,14,28,27,2,71,4,0,4,75
04/02/2019,PIA,IL,AGL,CE,Combined TRACON& Tower with Radar,18,28,16,4,66,0,1,17,18,36,18,29,33,22,102,32,26,58,160
04/03/2019,PIA,IL,AGL,CE,Combined TRACON& Tower with Radar,16,30,17,8,71,0,1,20,4,25,16,31,37,12,96,16,16,32,128
04/04/2019,PIA,IL,AGL,CE,Combined TRACON& Tower with Radar,18,29,11,7,65,0,2,5,8,15,18,31,16,15,80,2,0,2,82
04/05/2019,PIA,IL,AGL,CE,Combined TRACON& Tower with Radar,16,24,11,8,59,0,0,13,0,13,16,24,24,8,72,24,0,24,96
04/06/2019,PIA,IL,AGL,CE,Combined TRACON& Tower with Radar,14,18,13,2,47,0,2,25,15,42,14,20,38,17,89,12,22,34,123
04/07/2019,PIA,IL,AGL,CE,Combined TRACON& Tower with Radar,14,25,8,4,51,0,5,19,13,37,14,30,27,17,88,44,14,58,146
04/08/2019,PIA,IL,AGL,CE,Combined TRACON& Tower with Radar,16,26,12,5,59,0,2,40,0,42,16,28,52,5,101,72,0,72,173
04/09/2019,PIA,IL,AGL,CE,Combined TRACON& Tower with Radar,18,28,15,5,66,0,1,52,18,71,18,29,67,23,137,22,54,76,213
04/10/2019,PIA,IL,AGL,CE,Combined TRACON& Tower with Radar,16,30,16,5,67,0,2,15,5,22,16,32,31,10,89,0,4,4,93
04/11/2019,PIA,IL,AGL,CE,Combined TRACON& Tower with Radar,16,26,10,8,60,0,2,9,4,15,16,28,19,12,75,0,0,0,75
04/12/2019,PIA,IL,AGL,CE,Combined TRACON& Tower with Radar,16,24,7,0,47,0,1,14,2,17,16,25,21,2,64,0,0,0,64
04/13/2019,PIA,IL,AGL,CE,Combined TRACON& Tower with Radar,14,24,6,1,45,0,7,52,0,59,14,31,58,1,104,36,0,36,140
04/14/2019,PIA,IL,AGL,CE,Combined TRACON& Tower with Radar,12,18,4,0,34,0,0,0,0,0,12,18,4,0,34,0,0,0,34
04/15/2019,PIA,IL,AGL,CE,Combined TRACON& Tower with Radar,14,31,11,5,61,0,4,37,5,46,14,35,48,10,107,22,0,22,129
04/16/2019,PIA,IL,AGL,CE,Combined TRACON& Tower with Radar,18,24,16,6,64,0,0,27,10,37,18,24,43,16,101,28,9,37,138
04/17/2019,PIA,IL,AGL,CE,Combined TRACON& Tower with Radar,16,24,18,4,62,0,3,22,8,33,16,27,40,12,95,30,22,52,147
04/18/2019,PIA,IL,AGL,CE,Combined TRACON& Tower with Radar,16,27,9,16,68,0,4,10,2,16,16,31,19,18,84,0,4,4,88
04/19/2019,PIA,IL,AGL,CE,Combined TRACON& Tower with Radar,16,31,7,2,56,0,3,11,5,19,16,34,18,7,75,0,0,0,75
04/20/2019,PIA,IL,AGL,CE,Combined TRACON& Tower with Radar,14,20,6,0,40,0,6,37,0,43,14,26,43,0,83,30,22,52,135
04/21/2019,PIA,IL,AGL,CE,Combined TRACON& Tower with Radar,12,20,13,0,45,0,1,24,0,25,12,21,37,0,70,0,0,0,70
04/22/2019,PIA,IL,AGL,CE,Combined TRACON& Tower with Radar,14,30,24,3,71,0,4,23,0,27,14,34,47,3,98,20,0,20,118
04/23/2019,PIA,IL,AGL,CE,Combined TRACON& Tower with Radar,16,25,26,8,75,0,1,16,10,27,16,26,42,18,102,10,12,22,124
04/24/2019,PIA,IL,AGL,CE,Combined TRACON& Tower with Radar,16,24,24,9,73,0,6,23,14,43,16,30,47,23,116,30,0,30,146
04/25/2019,PIA,IL,AGL,CE,Combined TRACON& Tower with Radar,16,29,18,17,80,0,1,24,2,27,16,30,42,19,107,46,12,58,165
04/26/2019,PIA,IL,AGL,CE,Combined TRACON& Tower with Radar,16,25,12,7,60,0,0,26,6,32,16,25,38,13,92,8,0,8,100
04/27/2019,PIA,IL,AGL,CE,Combined TRACON& Tower with Radar,15,16,5,2,38,0,0,5,4,9,15,16,10,6,47,2,0,2,49
04/28/2019,PIA,IL,AGL,CE,Combined TRACON& Tower with Radar,13,24,9,0,46,0,10,31,2,43,13,34,40,2,89,24,0,24,113
04/29/2019,PIA,IL,AGL,CE,Combined TRACON& Tower with Radar,14,27,12,8,61,0,1,1,0,2,14,28,13,8,63,0,8,8,71
04/30/2019,PIA,IL,AGL,CE,Combined TRACON& Tower with Radar,16,21,14,1,52,0,0,1,0,1,16,21,15,1,53,0,0,0,53
05/01/2019,PIA,IL,AGL,CE,Combined TRACON& Tower with Radar,14,28,20,8,70,0,1,5,6,12,14,29,25,14,82,2,2,4,86
05/02/2019,PIA,IL,AGL,CE,Combined TRACON& Tower with Radar,16,48,27,7,98,0,2,6,2,10,16,50,33,9,108,0,0,0,108
05/03/2019,PIA,IL,AGL,CE,Combined TRACON& Tower with Radar,16,29,26,7,78,0,2,42,8,52,16,31,68,15,130,31,12,43,173
05/04/2019,PIA,IL,AGL,CE,Combined TRACON& Tower with Radar,11,21,20,0,52,0,6,41,2,49,11,27,61,2,101,36,0,36,137
05/05/2019,PIA,IL,AGL,CE,Combined TRACON& Tower with Radar,13,24,21,1,59,0,6,51,1,58,13,30,72,2,117,30,0,30,147
05/06/2019,PIA,IL,AGL,CE,Combined TRACON& Tower with Radar,14,26,17,3,60,0,3,33,14,50,14,29,50,17,110,16,28,44,154
05/07/2019,PIA,IL,AGL,CE,Combined TRACON& Tower with Radar,12,27,28,18,85,0,0,1,1,2,12,27,29,19,87,0,28,28,115
05/08/2019,PIA,IL,AGL,CE,Combined TRACON& Tower with Radar,15,29,20,3,67,0,1,13,15,29,15,30,33,18,96,0,8,8,104
05/09/2019,PIA,IL,AGL,CE,Combined TRACON& Tower with Radar,19,34,22,13,88,0,2,7,4,13,19,36,29,17,101,0,2,2,103
05/10/2019,PIA,IL,AGL,CE,Combined TRACON& Tower with Radar,16,27,18,0,61,0,4,26,2,32,16,31,44,2,93,14,0,14,107
05/11/2019,PIA,IL,AGL,CE,Combined TRACON& Tower with Radar,13,24,7,0,44,0,2,12,0,14,13,26,19,0,58,30,0,30,88
05/12/2019,PIA,IL,AGL,CE,Combined TRACON& Tower with Radar,11,26,8,0,45,0,2,7,0,9,11,28,15,0,54,0,0,0,54
05/13/2019,PIA,IL,AGL,CE,Combined TRACON& Tower with Radar,16,31,12,5,64,0,1,28,4,33,16,32,40,9,97,10,20,30,127
05/14/2019,PIA,IL,AGL,CE,Combined TRACON& Tower with Radar,12,30,12,5,59,0,4,34,16,54,12,34,46,21,113,16,16,32,145
05/15/2019,PIA,IL,AGL,CE,Combined TRACON& Tower with Radar,18,30,30,7,85,0,5,38,7,50,18,35,68,14,135,26,14,40,175
05/16/2019,PIA,IL,AGL,CE,Combined TRACON& Tower with Radar,16,30,7,6,59,0,4,14,11,29,16,34,21,17,88,0,14,14,102
05/17/2019,PIA,IL,AGL,CE,Combined TRACON& Tower with Radar,16,32,18,1,67,0,3,17,7,27,16,35,35,8,94,0,2,2,96
05/18/2019,PIA,IL,AGL,CE,Combined TRACON& Tower with Radar,13,20,6,0,39,0,9,12,4,25,13,29,18,4,64,0,0,0,64
05/19/2019,PIA,IL,AGL,CE,Combined TRACON& Tower with Radar,13,24,4,0,41,0,2,6,0,8,13,26,10,0,49,0,0,0,49
05/20/2019,PIA,IL,AGL,CE,Combined TRACON& Tower with Radar,14,30,20,6,70,0,0,7,3,10,14,30,27,9,80,4,18,22,102
05/21/2019,PIA,IL,AGL,CE,Combined TRACON& Tower with Radar,12,24,5,3,44,0,0,4,12,16,12,24,9,15,60,0,12,12,72
05/22/2019,PIA,IL,AGL,CE,Combined TRACON& Tower with Radar,19,31,14,2,66,0,0,14,20,34,19,31,28,22,100,0,24,24,124
05/23/2019,PIA,IL,AGL,CE,Combined TRACON& Tower with Radar,21,27,7,9,64,0,2,25,14,41,21,29,32,23,105,28,38,66,171
05/24/2019,PIA,IL,AGL,CE,Combined TRACON& Tower with Radar,16,29,11,0,56,0,2,8,2,12,16,31,19,2,68,2,0,2,70
05/25/2019,PIA,IL,AGL,CE,Combined TRACON& Tower with Radar,16,20,2,0,38,0,1,10,1,12,16,21,12,1,50,0,0,0,50
05/26/2019,PIA,IL,AGL,CE,Combined TRACON& Tower with Radar,12,20,15,0,47,0,1,15,1,17,12,21,30,1,64,28,0,28,92
05/27/2019,PIA,IL,AGL,CE,Combined TRACON& Tower with Radar,16,21,6,0,43,0,3,10,0,13,16,24,16,0,56,0,0,0,56
05/28/2019,PIA,IL,AGL,CE,Combined TRACON& Tower with Radar,14,26,20,2,62,0,0,12,0,12,14,26,32,2,74,4,0,4,78
05/29/2019,PIA,IL,AGL,CE,Combined TRACON& Tower with Radar,20,25,22,8,75,0,0,25,15,40,20,25,47,23,115,28,6,34,149
05/30/2019,PIA,IL,AGL,CE,Combined TRACON& Tower with Radar,16,26,17,2,61,0,1,13,2,16,16,27,30,4,77,0,0,0,77
05/31/2019,PIA,IL,AGL,CE,Combined TRACON& Tower with Radar,16,26,23,3,68,0,3,51,1,55,16,29,74,4,123,0,0,0,123
06/01/2019,PIA,IL,AGL,CE,Combined TRACON& Tower with Radar,16,18,9,0,43,0,1,24,1,26,16,19,33,1,69,16,0,16,85
06/02/2019,PIA,IL,AGL,CE,Combined TRACON& Tower with Radar,12,22,17,0,51,0,0,27,3,30,12,22,44,3,81,14,2,16,97
06/03/2019,PIA,IL,AGL,CE,Combined TRACON& Tower with Radar,14,28,17,2,61,0,3,48,1,52,14,31,65,3,113,46,0,46,159
06/04/2019,PIA,IL,AGL,CE,Combined TRACON& Tower with Radar,16,26,16,3,61,0,1,24,17,42,16,27,40,20,103,22,18,40,143
06/05/2019,PIA,IL,AGL,CE,Combined TRACON& Tower with Radar,19,27,13,1,60,0,1,18,12,31,19,28,31,13,91,26,4,30,121
06/06/2019,PIA,IL,AGL,CE,Combined TRACON& Tower with Radar,15,27,15,3,60,0,7,24,7,38,15,34,39,10,98,14,8,22,120
06/07/2019,PIA,IL,AGL,CE,Combined TRACON& Tower with Radar,20,26,22,4,72,0,2,40,5,47,20,28,62,9,119,14,0,14,133
06/08/2019,PIA,IL,AGL,CE,Combined TRACON& Tower with Radar,14,20,5,4,43,0,5,28,4,37,14,25,33,8,80,32,0,32,112
06/09/2019,PIA,IL,AGL,CE,Combined TRACON& Tower with Radar,8,25,16,1,50,0,4,29,3,36,8,29,45,4,86,66,0,66,152
06/10/2019,PIA,IL,AGL,CE,Combined TRACON& Tower with Radar,14,24,7,2,47,0,2,15,9,26,14,26,22,11,73,12,6,18,91
06/11/2019,PIA,IL,AGL,CE,Combined TRACON& Tower with Radar,18,24,23,3,68,0,3,46,12,61,18,27,69,15,129,52,26,78,207
06/12/2019,PIA,IL,AGL,CE,Combined TRACON& Tower with Radar,20,28,10,6,64,0,2,1,7,10,20,30,11,13,74,0,10,10,84
06/13/2019,PIA,IL,AGL,CE,Combined TRACON& Tower with Radar,16,25,29,4,74,0,4,42,3,49,16,29,71,7,123,8,0,8,131
06/14/2019,PIA,IL,AGL,CE,Combined TRACON& Tower with Radar,16,25,15,11,67,0,4,34,17,55,16,29,49,28,122,4,28,32,154
06/15/2019,PIA,IL,AGL,CE,Combined TRACON& Tower with Radar,18,18,6,0,42,0,0,3,0,3,18,18,9,0,45,6,0,6,51
06/16/2019,PIA,IL,AGL,CE,Combined TRACON& Tower with Radar,10,25,16,3,54,0,5,21,0,26,10,30,37,3,80,0,0,0,80
06/17/2019,PIA,IL,AGL,CE,Combined TRACON& Tower with Radar,14,32,29,15,90,0,0,6,2,8,14,32,35,17,98,6,8,14,112
06/18/2019,PIA,IL,AGL,CE,Combined TRACON& Tower with Radar,17,25,16,15,73,0,3,36,16,55,17,28,52,31,128,4,42,46,174
06/19/2019,PIA,IL,AGL,CE,Combined TRACON& Tower with Radar,19,28,12,0,59,0,1,9,2,12,19,29,21,2,71,8,0,8,79
06/20/2019,PIA,IL,AGL,CE,Combined TRACON& Tower with Radar,15,33,21,7,76,0,2,43,7,52,15,35,64,14,128,48,24,72,200
06/21/2019,PIA,IL,AGL,CE,Combined TRACON& Tower with Radar,16,29,7,0,52,0,2,13,0,15,16,31,20,0,67,16,0,16,83
06/22/2019,PIA,IL,AGL,CE,Combined TRACON& Tower with Radar,14,22,13,1,50,0,0,14,0,14,14,22,27,1,64,0,0,0,64
06/23/2019,PIA,IL,AGL,CE,Combined TRACON& Tower with Radar,13,20,14,1,48,0,0,6,0,6,13,20,20,1,54,0,0,0,54
06/24/2019,PIA,IL,AGL,CE,Combined TRACON& Tower with Radar,13,25,19,5,62,0,2,8,1,11,13,27,27,6,73,0,0,0,73
06/25/2019,PIA,IL,AGL,CE,Combined TRACON& Tower with Radar,14,30,17,1,62,0,2,35,7,44,14,32,52,8,106,16,4,20,126
06/26/2019,PIA,IL,AGL,CE,Combined TRACON& Tower with Radar,19,28,21,3,71,0,3,37,4,44,19,31,58,7,115,14,0,14,129
06/27/2019,PIA,IL,AGL,CE,Combined TRACON& Tower with Radar,16,31,16,5,68,0,1,23,10,34,16,32,39,15,102,12,0,12,114
06/28/2019,PIA,IL,AGL,CE,Combined TRACON& Tower with Radar,16,25,12,5,58,0,4,25,9,38,16,29,37,14,96,32,40,72,168
06/29/2019,PIA,IL,AGL,CE,Combined TRACON& Tower with Radar,15,23,18,0,56,0,1,39,1,41,15,24,57,1,97,32,0,32,129
06/30/2019,PIA,IL,AGL,CE,Combined TRACON& Tower with Radar,10,18,13,0,41,0,3,25,1,29,10,21,38,1,70,8,0,8,78
07/01/2019,PIA,IL,AGL,CE,Combined TRACON& Tower with Radar,15,22,11,0,48,0,0,22,4,26,15,22,33,4,74,14,32,46,120
07/02/2019,PIA,IL,AGL,CE,Combined TRACON& Tower with Radar,18,24,7,7,56,0,2,30,9,41,18,26,37,16,97,34,30,64,161
07/03/2019,PIA,IL,AGL,CE,Combined TRACON& Tower with Radar,20,21,4,0,45,0,0,14,0,14,20,21,18,0,59,2,0,2,61
07/04/2019,PIA,IL,AGL,CE,Combined TRACON& Tower with Radar,12,16,3,0,31,0,1,20,0,21,12,17,23,0,52,46,0,46,98
07/05/2019,PIA,IL,AGL,CE,Combined TRACON& Tower with Radar,17,16,4,0,37,0,0,20,0,20,17,16,24,0,57,2,0,2,59
07/06/2019,PIA,IL,AGL,CE,Combined TRACON& Tower with Radar,14,19,10,0,43,0,2,27,0,29,14,21,37,0,72,26,0,26,98
07/07/2019,PIA,IL,AGL,CE,Combined TRACON& Tower with Radar,11,26,20,0,57,0,1,16,0,17,11,27,36,0,74,38,0,38,112
07/08/2019,PIA,IL,AGL,CE,Combined TRACON& Tower with Radar,11,29,24,2,66,0,1,36,1,38,11,30,60,3,104,40,0,40,144
07/09/2019,PIA,IL,AGL,CE,Combined TRACON& Tower with Radar,17,30,14,9,70,0,2,16,10,28,17,32,30,19,98,10,6,16,114
07/10/2019,PIA,IL,AGL,CE,Combined TRACON& Tower with Radar,19,31,32,6,88,0,7,22,9,38,19,38,54,15,126,2,16,18,144
07/11/2019,PIA,IL,AGL,CE,Combined TRACON& Tower with Radar,13,25,19,0,57,0,5,39,10,54,13,30,58,10,111,22,2,24,135
07/12/2019,PIA,IL,AGL,CE,Combined TRACON& Tower with Radar,17,26,10,7,60,0,4,31,7,42,17,30,41,14,102,10,0,10,112
07/13/2019,PIA,IL,AGL,CE,Combined TRACON& Tower with Radar,16,21,20,1,58,0,3,44,0,47,16,24,64,1,105,44,0,44,149
07/14/2019,PIA,IL,AGL,CE,Combined TRACON& Tower with Radar,14,21,16,1,52,0,0,18,0,18,14,21,34,1,70,2,0,2,72
07/15/2019,PIA,IL,AGL,CE,Combined TRACON& Tower with Radar,14,27,9,1,51,0,5,14,2,21,14,32,23,3,72,4,0,4,76
07/16/2019,PIA,IL,AGL,CE,Combined TRACON& Tower with Radar,16,31,10,8,65,0,2,8,8,18,16,33,18,16,83,28,32,60,143
07/17/2019,PIA,IL,AGL,CE,Combined TRACON& Tower with Radar,20,26,13,6,65,0,2,27,8,37,20,28,40,14,102,26,4,30,132
07/18/2019,PIA,IL,AGL,CE,Combined TRACON& Tower with Radar,16,28,18,6,68,0,6,21,9,36,16,34,39,15,104,4,0,4,108
07/19/2019,PIA,IL,AGL,CE,Combined TRACON& Tower with Radar,16,24,12,1,53,0,6,25,2,33,16,30,37,3,86,4,0,4,90
07/20/2019,PIA,IL,AGL,CE,Combined TRACON& Tower with Radar,21,26,16,0,63,0,2,21,1,24,21,28,37,1,87,22,0,22,109
07/21/2019,PIA,IL,AGL,CE,Combined TRACON& Tower with Radar,11,27,16,3,57,0,0,12,0,12,11,27,28,3,69,14,0,14,83
07/22/2019,PIA,IL,AGL,CE,Combined TRACON& Tower with Radar,13,26,7,4,50,0,3,29,6,38,13,29,36,10,88,10,10,20,108
07/23/2019,PIA,IL,AGL,CE,Combined TRACON& Tower with Radar,16,26,18,2,62,0,4,47,3,54,16,30,65,5,116,46,24,70,186
07/24/2019,PIA,IL,AGL,CE,Combined TRACON& Tower with Radar,20,26,12,10,68,0,4,30,3,37,20,30,42,13,105,16,4,20,125
07/25/2019,PIA,IL,AGL,CE,Combined TRACON& Tower with Radar,16,28,28,8,80,0,0,32,4,36,16,28,60,12,116,10,22,32,148
07/26/2019,PIA,IL,AGL,CE,Combined TRACON& Tower with Radar,16,29,11,1,57,0,4,20,0,24,16,33,31,1,81,0,0,0,81
07/27/2019,PIA,IL,AGL,CE,Combined TRACON& Tower with Radar,16,21,15,1,53,0,3,32,0,35,16,24,47,1,88,6,0,6,94
07/28/2019,PIA,IL,AGL,CE,Combined TRACON& Tower with Radar,13,23,12,1,49,0,2,46,0,48,13,25,58,1,97,28,0,28,125
07/29/2019,PIA,IL,AGL,CE,Combined TRACON& Tower with Radar,13,24,23,3,63,0,1,27,3,31,13,25,50,6,94,24,2,26,120
07/30/2019,PIA,IL,AGL,CE,Combined TRACON& Tower with Radar,23,27,15,3,68,0,1,29,12,42,23,28,44,15,110,42,3,45,155
07/31/2019,PIA,IL,AGL,CE,Combined TRACON& Tower with Radar,21,29,17,6,73,0,5,18,15,38,21,34,35,21,111,24,10,34,145
08/01/2019,PIA,IL,AGL,CE,Combined TRACON& Tower with Radar,15,30,9,0,54,0,6,29,15,50,15,36,38,15,104,14,16,30,134
08/02/2019,PIA,IL,AGL,CE,Combined TRACON& Tower with Radar,16,25,21,10,72,0,0,26,4,30,16,25,47,14,102,38,6,44,146
08/03/2019,PIA,IL,AGL,CE,Combined TRACON& Tower with Radar,16,17,15,3,51,0,3,34,9,46,16,20,49,12,97,22,22,44,141
08/04/2019,PIA,IL,AGL,CE,Combined TRACON& Tower with Radar,12,19,3,2,36,0,0,24,5,29,12,19,27,7,65,22,6,28,93
08/05/2019,PIA,IL,AGL,CE,Combined TRACON& Tower with Radar,13,24,13,2,52,0,5,12,0,17,13,29,25,2,69,6,6,12,81
08/06/2019,PIA,IL,AGL,CE,Combined TRACON& Tower with Radar,16,28,13,3,60,0,1,17,5,23,16,29,30,8,83,0,12,12,95
08/07/2019,PIA,IL,AGL,CE,Combined TRACON& Tower with Radar,17,25,27,0,69,0,4,30,2,36,17,29,57,2,105,12,0,12,117
08/08/2019,PIA,IL,AGL,CE,Combined TRACON& Tower with Radar,17,25,12,12,66,0,1,21,2,24,17,26,33,14,90,14,4,18,108
08/09/2019,PIA,IL,AGL,CE,Combined TRACON& Tower with Radar,16,25,17,0,58,0,2,21,2,25,16,27,38,2,83,12,0,12,95
08/10/2019,PIA,IL,AGL,CE,Combined TRACON& Tower with Radar,17,20,9,0,46,0,4,14,0,18,17,24,23,0,64,0,0,0,64
08/11/2019,PIA,IL,AGL,CE,Combined TRACON& Tower with Radar,12,21,6,1,40,0,8,9,2,19,12,29,15,3,59,28,0,28,87
08/12/2019,PIA,IL,AGL,CE,Combined TRACON& Tower with Radar,13,25,12,2,52,0,3,10,0,13,13,28,22,2,65,2,0,2,67
08/13/2019,PIA,IL,AGL,CE,Combined TRACON& Tower with Radar,13,24,22,7,66,0,1,11,5,17,13,25,33,12,83,0,20,20,103
08/14/2019,PIA,IL,AGL,CE,Combined TRACON& Tower with Radar,15,26,20,7,68,0,0,20,7,27,15,26,40,14,95,0,6,6,101
08/15/2019,PIA,IL,AGL,CE,Combined TRACON& Tower with Radar,18,26,23,5,72,0,2,25,9,36,18,28,48,14,108,32,20,52,160
08/16/2019,PIA,IL,AGL,CE,Combined TRACON& Tower with Radar,17,24,21,9,71,0,4,19,4,27,17,28,40,13,98,34,54,88,186
08/17/2019,PIA,IL,AGL,CE,Combined TRACON& Tower with Radar,12,20,8,1,41,0,2,13,0,15,12,22,21,1,56,0,0,0,56
08/18/2019,PIA,IL,AGL,CE,Combined TRACON& Tower with Radar,14,17,16,0,47,0,1,25,0,26,14,18,41,0,73,86,0,86,159
08/19/2019,PIA,IL,AGL,CE,Combined TRACON& Tower with Radar,13,22,17,4,56,0,1,21,0,22,13,23,38,4,78,12,8,20,98
08/20/2019,PIA,IL,AGL,CE,Combined TRACON& Tower with Radar,14,23,25,9,71,0,1,18,8,27,14,24,43,17,98,28,34,62,160
08/21/2019,PIA,IL,AGL,CE,Combined TRACON& Tower with Radar,19,27,23,7,76,0,2,17,6,25,19,29,40,13,101,18,28,46,147
08/22/2019,PIA,IL,AGL,CE,Combined TRACON& Tower with Radar,15,31,15,2,63,0,6,35,7,48,15,37,50,9,111,10,0,10,121
08/23/2019,PIA,IL,AGL,CE,Combined TRACON& Tower with Radar,16,28,19,0,63,0,2,33,4,39,16,30,52,4,102,28,0,28,130
08/24/2019,PIA,IL,AGL,CE,Combined TRACON& Tower with Radar,11,17,10,4,42,0,5,22,2,29,11,22,32,6,71,20,0,20,91
08/25/2019,PIA,IL,AGL,CE,Combined TRACON& Tower with Radar,14,29,16,0,59,0,4,28,4,36,14,33,44,4,95,14,0,14,109
08/26/2019,PIA,IL,AGL,CE,Combined TRACON& Tower with Radar,17,32,18,4,71,0,1,9,0,10,17,33,27,4,81,10,0,10,91
08/27/2019,PIA,IL,AGL,CE,Combined TRACON& Tower with Radar,14,24,17,24,79,0,0,17,28,45,14,24,34,52,124,0,128,128,252
08/28/2019,PIA,IL,AGL,CE,Combined TRACON& Tower with Radar,14,28,19,15,76,0,2,12,12,26,14,30,31,27,102,0,12,12,114
08/29/2019,PIA,IL,AGL,CE,Combined TRACON& Tower with Radar,16,25,25,5,71,0,2,27,18,47,16,27,52,23,118,46,38,84,202
08/30/2019,PIA,IL,AGL,CE,Combined TRACON& Tower with Radar,15,24,16,0,55,0,2,42,2,46,15,26,58,2,101,48,18,66,167
08/31/2019,PIA,IL,AGL,CE,Combined TRACON& Tower with Radar,9,15,14,0,38,0,1,25,0,26,9,16,39,0,64,14,0,14,78
09/01/2019,PIA,IL,AGL,CE,Combined TRACON& Tower with Radar,14,13,5,0,32,0,0,8,0,8,14,13,13,0,40,38,0,38,78
09/02/2019,PIA,IL,AGL,CE,Combined TRACON& Tower with Radar,12,23,5,0,40,0,2,20,0,22,12,25,25,0,62,14,0,14,76
09/03/2019,PIA,IL,AGL,CE,Combined TRACON& Tower with Radar,10,26,18,4,58,0,3,17,16,36,10,29,35,20,94,0,20,20,114
09/04/2019,PIA,IL,AGL,CE,Combined TRACON& Tower with Radar,12,29,14,6,61,0,3,42,17,62,12,32,56,23,123,22,36,58,181
09/05/2019,PIA,IL,AGL,CE,Combined TRACON& Tower with Radar,16,27,11,1,55,0,1,31,3,35,16,28,42,4,90,60,0,60,150
09/06/2019,PIA,IL,AGL,CE,Combined TRACON& Tower with Radar,17,29,15,22,83,0,2,14,17,33,17,31,29,39,116,0,54,54,170
09/07/2019,PIA,IL,AGL,CE,Combined TRACON& Tower with Radar,8,22,8,4,42,0,2,37,22,61,8,24,45,26,103,36,14,50,153
09/08/2019,PIA,IL,AGL,CE,Combined TRACON& Tower with Radar,12,28,10,3,53,0,1,7,0,8,12,29,17,3,61,0,0,0,61
09/09/2019,PIA,IL,AGL,CE,Combined TRACON& Tower with Radar,13,30,29,6,78,0,2,28,24,54,13,32,57,30,132,26,14,40,172
09/10/2019,PIA,IL,AGL,CE,Combined TRACON& Tower with Radar,16,25,13,13,67,0,4,24,11,39,16,29,37,24,106,26,22,48,154
09/11/2019,PIA,IL,AGL,CE,Combined TRACON& Tower with Radar,12,31,14,2,59,0,6,23,18,47,12,37,37,20,106,6,12,18,124
09/12/2019,PIA,IL,AGL,CE,Combined TRACON& Tower with Radar,21,32,16,6,75,0,2,27,8,37,21,34,43,14,112,2,0,2,114
09/13/2019,PIA,IL,AGL,CE,Combined TRACON& Tower with Radar,17,32,8,2,59,0,0,22,2,24,17,32,30,4,83,6,0,6,89
09/14/2019,PIA,IL,AGL,CE,Combined TRACON& Tower with Radar,6,22,25,0,53,0,4,38,0,42,6,26,63,0,95,0,0,0,95
09/15/2019,PIA,IL,AGL,CE,Combined TRACON& Tower with Radar,14,25,16,0,55,0,1,16,0,17,14,26,32,0,72,6,0,6,78
09/16/2019,PIA,IL,AGL,CE,Combined TRACON& Tower with Radar,14,28,23,1,66,0,2,23,5,30,14,30,46,6,96,46,0,46,142
09/17/2019,PIA,IL,AGL,CE,Combined TRACON& Tower with Radar,12,29,33,8,82,0,1,23,23,47,12,30,56,31,129,0,0,0,129
09/18/2019,PIA,IL,AGL,CE,Combined TRACON& Tower with Radar,12,28,32,6,78,0,3,52,29,84,12,31,84,35,162,0,42,42,204
09/19/2019,PIA,IL,AGL,CE,Combined TRACON& Tower with Radar,16,30,40,1,87,0,2,46,16,64,16,32,86,17,151,38,12,50,201
09/20/2019,PIA,IL,AGL,CE,Combined TRACON& Tower with Radar,16,29,15,9,69,0,1,33,25,59,16,30,48,34,128,14,10,24,152
09/21/2019,PIA,IL,AGL,CE,Combined TRACON& Tower with Radar,8,22,4,1,35,0,0,5,6,11,8,22,9,7,46,0,0,0,46
09/22/2019,PIA,IL,AGL,CE,Combined TRACON& Tower with Radar,12,28,7,0,47,0,2,3,0,5,12,30,10,0,52,0,0,0,52
09/23/2019,PIA,IL,AGL,CE,Combined TRACON& Tower with Radar,13,29,28,2,72,0,4,27,3,34,13,33,55,5,106,46,0,46,152
09/24/2019,PIA,IL,AGL,CE,Combined TRACON& Tower with Radar,11,28,13,4,56,0,1,23,14,38,11,29,36,18,94,24,26,50,144
09/25/2019,PIA,IL,AGL,CE,Combined TRACON& Tower with Radar,12,27,22,11,72,0,6,18,14,38,12,33,40,25,110,20,28,48,158
09/26/2019,PIA,IL,AGL,CE,Combined TRACON& Tower with Radar,16,24,32,2,74,0,6,39,12,57,16,30,71,14,131,18,16,34,165
09/27/2019,PIA,IL,AGL,CE,Combined TRACON& Tower with Radar,13,19,4,0,36,0,0,0,0,0,13,19,4,0,36,0,0,0,36
09/28/2019,PIA,IL,AGL,CE,Combined TRACON& Tower with Radar,13,31,26,0,70,0,0,3,0,3,13,31,29,0,73,0,0,0,73
09/29/2019,PIA,IL,AGL,CE,Combined TRACON& Tower with Radar,12,28,10,0,50,0,0,2,0,2,12,28,12,0,52,0,0,0,52
09/30/2019,PIA,IL,AGL,CE,Combined TRACON& Tower with Radar,14,24,9,8,55,0,3,33,6,42,14,27,42,14,97,0,0,0,97
10/01/2019,PIA,IL,AGL,CE,Combined TRACON& Tower with Radar,12,25,23,6,66,0,0,28,17,45,12,25,51,23,111,36,8,44,155
10/02/2019,PIA,IL,AGL,CE,Combined TRACON& Tower with Radar,14,26,14,9,63,0,0,12,7,19,14,26,26,16,82,14,8,22,104
10/03/2019,PIA,IL,AGL,CE,Combined TRACON& Tower with Radar,18,28,14,7,67,0,3,20,5,28,18,31,34,12,95,2,6,8,103
10/04/2019,PIA,IL,AGL,CE,Combined TRACON& Tower with Radar,17,27,18,9,71,0,3,29,13,45,17,30,47,22,116,22,12,34,150
10/05/2019,PIA,IL,AGL,CE,Combined TRACON& Tower with Radar,12,20,12,5,49,0,5,13,16,34,12,25,25,21,83,4,4,8,91
10/06/2019,PIA,IL,AGL,CE,Combined TRACON& Tower with Radar,11,23,13,2,49,0,2,30,0,32,11,25,43,2,81,0,0,0,81
10/07/2019,PIA,IL,AGL,CE,Combined TRACON& Tower with Radar,10,26,21,5,62,0,7,36,7,50,10,33,57,12,112,74,26,100,212
10/08/2019,PIA,IL,AGL,CE,Combined TRACON& Tower with Radar,16,21,23,10,70,0,2,40,33,75,16,23,63,43,145,36,16,52,197
10/09/2019,PIA,IL,AGL,CE,Combined TRACON& Tower with Radar,14,25,29,5,73,0,0,33,12,45,14,25,62,17,118,22,10,32,150
10/10/2019,PIA,IL,AGL,CE,Combined TRACON& Tower with Radar,16,22,23,14,75,0,0,2,6,8,16,22,25,20,83,0,36,36,119
10/11/2019,PIA,IL,AGL,CE,Combined TRACON& Tower with Radar,17,27,15,0,59,0,1,4,0,5,17,28,19,0,64,0,0,0,64
10/12/2019,PIA,IL,AGL,CE,Combined TRACON& Tower with Radar,12,20,18,0,50,0,2,37,0,39,12,22,55,0,89,4,0,4,93
10/13/2019,PIA,IL,AGL,CE,Combined TRACON& Tower with Radar,11,21,14,0,46,0,2,19,0,21,11,23,33,0,67,12,0,12,79
10/14/2019,PIA,IL,AGL,CE,Combined TRACON& Tower with Radar,12,22,14,0,48,0,2,39,0,41,12,24,53,0,89,50,0,50,139
10/15/2019,PIA,IL,AGL,CE,Combined TRACON& Tower with Radar,16,23,15,7,61,0,6,13,6,25,16,29,28,13,86,6,20,26,112
10/16/2019,PIA,IL,AGL,CE,Combined TRACON& Tower with Radar,14,24,23,4,65,0,3,19,6,28,14,27,42,10,93,10,0,10,103
10/17/2019,PIA,IL,AGL,CE,Combined TRACON& Tower with Radar,16,28,43,11,98,0,5,42,20,67,16,33,85,31,165,34,32,66,231
10/18/2019,PIA,IL,AGL,CE,Combined TRACON& Tower with Radar,19,22,20,5,66,0,3,61,19,83,19,25,81,24,149,52,40,92,241
10/19/2019,PIA,IL,AGL,CE,Combined TRACON& Tower with Radar,11,20,16,5,52,0,4,33,18,55,11,24,49,23,107,20,0,20,127
10/20/2019,PIA,IL,AGL,CE,Combined TRACON& Tower with Radar,11,24,11,0,46,0,1,26,0,27,11,25,37,0,73,16,0,16,89
10/21/2019,PIA,IL,AGL,CE,Combined TRACON& Tower with Radar,13,28,12,1,54,0,1,3,2,6,13,29,15,3,60,0,4,4,64
10/22/2019,PIA,IL,AGL,CE,Combined TRACON& Tower with Radar,16,24,26,5,71,0,1,13,11,25,16,25,39,16,96,18,2,20,116
10/23/2019,PIA,IL,AGL,CE,Combined TRACON& Tower with Radar,11,31,15,0,57,0,0,32,0,32,11,31,47,0,89,18,0,18,107
10/24/2019,PIA,IL,AGL,CE,Combined TRACON& Tower with Radar,15,24,17,12,68,0,4,25,4,33,15,28,42,16,101,12,20,32,133
10/25/2019,PIA,IL,AGL,CE,Combined TRACON& Tower with Radar,17,23,26,4,70,0,0,42,3,45,17,23,68,7,115,38,36,74,189
10/26/2019,PIA,IL,AGL,CE,Combined TRACON& Tower with Radar,10,24,13,2,49,0,4,11,0,15,10,28,24,2,64,48,0,48,112
10/27/2019,PIA,IL,AGL,CE,Combined TRACON& Tower with Radar,12,26,9,0,47,0,2,48,0,50,12,28,57,0,97,40,0,40,137
10/28/2019,PIA,IL,AGL,CE,Combined TRACON& Tower with Radar,13,27,22,3,65,0,1,14,0,15,13,28,36,3,80,18,0,18,98
10/29/2019,PIA,IL,AGL,CE,Combined TRACON& Tower with Radar,14,27,35,4,80,0,1,7,8,16,14,28,42,12,96,4,24,28,124
10/30/2019,PIA,IL,AGL,CE,Combined TRACON& Tower with Radar,12,25,6,0,43,0,0,0,0,0,12,25,6,0,43,0,0,0,43
10/31/2019,PIA,IL,AGL,CE,Combined TRACON& Tower with Radar,16,20,5,0,41,0,3,2,3,8,16,23,7,3,49,0,2,2,51
11/01/2019,PIA,IL,AGL,CE,Combined TRACON& Tower with Radar,16,34,15,11,76,0,1,35,14,50,16,35,50,25,126,20,16,36,162
11/02/2019,PIA,IL,AGL,CE,Combined TRACON& Tower with Radar,10,23,20,2,55,0,1,17,11,29,10,24,37,13,84,0,2,2,86
11/03/2019,PIA,IL,AGL,CE,Combined TRACON& Tower with Radar,12,24,7,5,48,0,7,34,8,49,12,31,41,13,97,2,16,18,115
11/04/2019,PIA,IL,AGL,CE,Combined TRACON& Tower with Radar,14,28,15,7,64,0,4,33,3,40,14,32,48,10,104,22,8,30,134
11/05/2019,PIA,IL,AGL,CE,Combined TRACON& Tower with Radar,12,25,25,9,71,0,3,40,27,70,12,28,65,36,141,20,8,28,169
11/06/2019,PIA,IL,AGL,CE,Combined TRACON& Tower with Radar,16,28,16,8,68,0,5,21,6,32,16,33,37,14,100,6,10,16,116
11/07/2019,PIA,IL,AGL,CE,Combined TRACON& Tower with Radar,16,30,28,14,88,0,0,39,2,41,16,30,67,16,129,44,26,70,199
11/08/2019,PIA,IL,AGL,CE,Combined TRACON& Tower with Radar,18,27,16,0,61,0,1,56,2,59,18,28,72,2,120,94,0,94,214
11/09/2019,PIA,IL,AGL,CE,Combined TRACON& Tower with Radar,10,20,8,0,38,0,2,27,0,29,10,22,35,0,67,16,0,16,83
11/10/2019,PIA,IL,AGL,CE,Combined TRACON& Tower with Radar,12,22,10,0,44,0,2,29,3,34,12,24,39,3,78,60,0,60,138
11/11/2019,PIA,IL,AGL,CE,Combined TRACON& Tower with Radar,11,14,5,0,30,0,3,3,0,6,11,17,8,0,36,0,0,0,36
11/12/2019,PIA,IL,AGL,CE,Combined TRACON& Tower with Radar,12,29,25,3,69,0,2,14,12,28,12,31,39,15,97,24,20,44,141
11/13/2019,PIA,IL,AGL,CE,Combined TRACON& Tower with Radar,16,34,16,2,68,0,2,19,1,22,16,36,35,3,90,2,0,2,92
11/14/2019,PIA,IL,AGL,CE,Combined TRACON& Tower with Radar,18,29,13,5,65,0,2,16,5,23,18,31,29,10,88,6,8,14,102
11/15/2019,PIA,IL,AGL,CE,Combined TRACON& Tower with Radar,14,29,18,8,69,0,2,34,9,45,14,31,52,17,114,14,4,18,132
11/16/2019,PIA,IL,AGL,CE,Combined TRACON& Tower with Radar,12,23,11,0,46,0,0,33,0,33,12,23,44,0,79,28,0,28,107
11/17/2019,PIA,IL,AGL,CE,Combined TRACON& Tower with Radar,12,25,10,0,47,0,3,12,0,15,12,28,22,0,62,12,0,12,74
11/18/2019,PIA,IL,AGL,CE,Combined TRACON& Tower with Radar,18,27,8,10,63,0,0,7,1,8,18,27,15,11,71,36,0,36,107
11/19/2019,PIA,IL,AGL,CE,Combined TRACON& Tower with Radar,12,27,36,0,75,0,1,3,13,17,12,28,39,13,92,4,4,8,100
11/20/2019,PIA,IL,AGL,CE,Combined TRACON& Tower with Radar,14,23,24,8,69,0,1,22,9,32,14,24,46,17,101,42,2,44,145
11/21/2019,PIA,IL,AGL,CE,Combined TRACON& Tower with Radar,16,25,12,5,58,0,1,7,4,12,16,26,19,9,70,0,2,2,72
11/22/2019,PIA,IL,AGL,CE,Combined TRACON& Tower with Radar,16,30,21,2,69,0,3,36,0,39,16,33,57,2,108,30,0,30,138
11/23/2019,PIA,IL,AGL,CE,Combined TRACON& Tower with Radar,12,25,18,0,55,0,1,40,0,41,12,26,58,0,96,76,0,76,172
11/24/2019,PIA,IL,AGL,CE,Combined TRACON& Tower with Radar,12,22,14,0,48,0,6,36,0,42,12,28,50,0,90,38,0,38,128
11/25/2019,PIA,IL,AGL,CE,Combined TRACON& Tower with Radar,16,23,24,4,67,0,5,43,6,54,16,28,67,10,121,52,12,64,185
11/26/2019,PIA,IL,AGL,CE,Combined TRACON& Tower with Radar,16,24,8,0,48,0,2,6,4,12,16,26,14,4,60,4,0,4,64
11/27/2019,PIA,IL,AGL,CE,Combined TRACON& Tower with Radar,24,27,6,0,57,0,1,2,0,3,24,28,8,0,60,0,0,0,60
11/28/2019,PIA,IL,AGL,CE,Combined TRACON& Tower with Radar,6,11,2,0,19,0,0,5,0,5,6,11,7,0,24,6,0,6,30
11/29/2019,PIA,IL,AGL,CE,Combined TRACON& Tower with Radar,14,15,7,0,36,0,1,6,0,7,14,16,13,0,43,8,0,8,51
11/30/2019,PIA,IL,AGL,CE,Combined TRACON& Tower with Radar,14,26,2,0,42,0,0,0,0,0,14,26,2,0,42,0,0,0,42
12/01/2019,PIA,IL,AGL,CE,Combined TRACON& Tower with Radar,11,30,9,0,50,0,0,0,0,0,11,30,9,0,50,0,0,0,50
12/02/2019,PIA,IL,AGL,CE,Combined TRACON& Tower with Radar,19,32,17,5,73,0,1,14,0,15,19,33,31,5,88,34,0,34,122
12/03/2019,PIA,IL,AGL,CE,Combined TRACON& Tower with Radar,13,32,14,1,60,0,1,36,0,37,13,33,50,1,97,10,0,10,107
12/04/2019,PIA,IL,AGL,CE,Combined TRACON& Tower with Radar,14,31,15,13,73,0,0,32,3,35,14,31,47,16,108,43,14,57,165
12/05/2019,PIA,IL,AGL,CE,Combined TRACON& Tower with Radar,16,32,15,15,78,0,1,34,10,45,16,33,49,25,123,22,16,38,161
12/06/2019,PIA,IL,AGL,CE,Combined TRACON& Tower with Radar,16,29,11,3,59,0,2,26,4,32,16,31,37,7,91,28,4,32,123
12/07/2019,PIA,IL,AGL,CE,Combined TRACON& Tower with Radar,12,26,16,5,59,0,1,43,4,48,12,27,59,9,107,50,0,50,157
12/08/2019,PIA,IL,AGL,CE,Combined TRACON& Tower with Radar,12,26,8,11,57,0,3,11,1,15,12,29,19,12,72,0,10,10,82
12/09/2019,PIA,IL,AGL,CE,Combined TRACON& Tower with Radar,14,26,9,1,50,0,0,1,0,1,14,26,10,1,51,0,0,0,51
12/10/2019,PIA,IL,AGL,CE,Combined TRACON& Tower with Radar,14,27,23,9,73,2,6,25,2,35,16,33,48,11,108,0,0,0,108
12/11/2019,PIA,IL,AGL,CE,Combined TRACON& Tower with Radar,12,37,36,4,89,0,0,26,4,30,12,37,62,8,119,16,12,28,147
12/12/2019,PIA,IL,AGL,CE,Combined TRACON& Tower with Radar,16,33,22,4,75,0,2,20,5,27,16,35,42,9,102,0,14,14,116
12/13/2019,PIA,IL,AGL,CE,Combined TRACON& Tower with Radar,16,34,24,1,75,0,3,38,7,48,16,37,62,8,123,24,0,24,147
12/14/2019,PIA,IL,AGL,CE,Combined TRACON& Tower with Radar,14,17,10,2,43,0,1,6,0,7,14,18,16,2,50,0,0,0,50
12/15/2019,PIA,IL,AGL,CE,Combined TRACON& Tower with Radar,12,24,16,1,53,0,0,11,0,11,12,24,27,1,64,8,0,8,72
12/16/2019,PIA,IL,AGL,CE,Combined TRACON& Tower with Radar,14,30,19,0,63,5,3,8,6,22,19,33,27,6,85,20,4,24,109
12/17/2019,PIA,IL,AGL,CE,Combined TRACON& Tower with Radar,12,25,19,15,71,0,0,1,0,1,12,25,20,15,72,0,0,0,72
12/18/2019,PIA,IL,AGL,CE,Combined TRACON& Tower with Radar,9,30,27,7,73,0,4,38,6,48,9,34,65,13,121,34,16,50,171
12/19/2019,PIA,IL,AGL,CE,Combined TRACON& Tower with Radar,17,25,7,2,51,0,2,26,0,28,17,27,33,2,79,18,0,18,97
12/20/2019,PIA,IL,AGL,CE,Combined TRACON& Tower with Radar,20,20,16,0,56,0,4,20,2,26,20,24,36,2,82,16,0,16,98
12/21/2019,PIA,IL,AGL,CE,Combined TRACON& Tower with Radar,16,16,11,0,43,0,7,26,0,33,16,23,37,0,76,4,0,4,80
12/22/2019,PIA,IL,AGL,CE,Combined TRACON& Tower with Radar,11,17,10,0,38,0,2,34,0,36,11,19,44,0,74,16,0,16,90
12/23/2019,PIA,IL,AGL,CE,Combined TRACON& Tower with Radar,21,18,5,1,45,0,1,33,3,37,21,19,38,4,82,14,0,14,96
12/24/2019,PIA,IL,AGL,CE,Combined TRACON& Tower with Radar,18,14,3,0,35,0,2,16,0,18,18,16,19,0,53,22,0,22,75
12/25/2019,PIA,IL,AGL,CE,Combined TRACON& Tower with Radar,14,15,1,0,30,0,3,3,0,6,14,18,4,0,36,0,0,0,36
12/26/2019,PIA,IL,AGL,CE,Combined TRACON& Tower with Radar,16,23,9,0,48,0,1,9,0,10,16,24,18,0,58,8,0,8,66
12/27/2019,PIA,IL,AGL,CE,Combined TRACON& Tower with Radar,23,19,7,4,53,0,1,22,0,23,23,20,29,4,76,56,0,56,132
12/28/2019,PIA,IL,AGL,CE,Combined TRACON& Tower with Radar,14,22,10,0,46,0,0,0,0,0,14,22,10,0,46,0,0,0,46
12/29/2019,PIA,IL,AGL,CE,Combined TRACON& Tower with Radar,16,18,7,0,41,0,1,6,0,7,16,19,13,0,48,0,0,0,48
12/30/2019,PIA,IL,AGL,CE,Combined TRACON& Tower with Radar,17,17,6,0,40,0,0,0,0,0,17,17,6,0,40,0,0,0,40
12/31/2019,PIA,IL,AGL,CE,Combined TRACON& Tower with Radar,19,15,4,0,38,0,4,5,0,9,19,19,9,0,47,0,0,0,47
01/01/2020,PIA,IL,AGL,CE,Combined TRACON& Tower with Radar,7,14,7,0,28,0,7,24,0,31,7,21,31,0,59,10,0,10,69
01/02/2020,PIA,IL,AGL,CE,Combined TRACON& Tower with Radar,16,15,11,4,46,0,6,33,7,46,16,21,44,11,92,22,6,28,120
01/03/2020,PIA,IL,AGL,CE,Combined TRACON& Tower with Radar,20,24,12,9,65,0,0,6,2,8,20,24,18,11,73,14,2,16,89
01/04/2020,PIA,IL,AGL,CE,Combined TRACON& Tower with Radar,12,17,9,0,38,0,0,3,0,3,12,17,12,0,41,0,0,0,41
01/05/2020,PIA,IL,AGL,CE,Combined TRACON& Tower with Radar,13,20,16,0,49,0,1,6,0,7,13,21,22,0,56,0,0,0,56
01/06/2020,PIA,IL,AGL,CE,Combined TRACON& Tower with Radar,24,24,33,4,85,0,3,40,8,51,24,27,73,12,136,8,34,42,178
01/07/2020,PIA,IL,AGL,CE,Combined TRACON& Tower with Radar,12,24,14,4,54,0,1,14,6,21,12,25,28,10,75,0,0,0,75
01/08/2020,PIA,IL,AGL,CE,Combined TRACON& Tower with Radar,14,25,25,0,64,0,3,31,2,36,14,28,56,2,100,12,0,12,112
01/09/2020,PIA,IL,AGL,CE,Combined TRACON& Tower with Radar,22,25,8,4,59,0,3,8,3,14,22,28,16,7,73,0,8,8,81
01/10/2020,PIA,IL,AGL,CE,Combined TRACON& Tower with Radar,16,26,8,0,50,0,0,0,0,0,16,26,8,0,50,0,0,0,50
01/11/2020,PIA,IL,AGL,CE,Combined TRACON& Tower with Radar,10,10,0,0,20,0,0,0,0,0,10,10,0,0,20,0,0,0,20
01/12/2020,PIA,IL,AGL,CE,Combined TRACON& Tower with Radar,11,22,4,0,37,0,0,2,2,4,11,22,6,2,41,2,0,2,43
01/13/2020,PIA,IL,AGL,CE,Combined TRACON& Tower with Radar,17,25,12,0,54,0,0,2,0,2,17,25,14,0,56,0,0,0,56
01/14/2020,PIA,IL,AGL,CE,Combined TRACON& Tower with Radar,12,27,12,10,61,0,1,16,18,35,12,28,28,28,96,32,34,66,162
01/15/2020,PIA,IL,AGL,CE,Combined TRACON& Tower with Radar,14,30,3,4,51,0,0,0,0,0,14,30,3,4,51,0,0,0,51
01/16/2020,PIA,IL,AGL,CE,Combined TRACON& Tower with Radar,16,31,18,1,66,0,0,27,9,36,16,31,45,10,102,14,0,14,116
01/17/2020,PIA,IL,AGL,CE,Combined TRACON& Tower with Radar,12,23,8,0,43,0,0,0,2,2,12,23,8,2,45,0,0,0,45
01/18/2020,PIA,IL,AGL,CE,Combined TRACON& Tower with Radar,12,20,5,0,37,0,0,0,0,0,12,20,5,0,37,0,0,0,37
01/19/2020,PIA,IL,AGL,CE,Combined TRACON& Tower with Radar,14,21,9,0,44,0,2,4,0,6,14,23,13,0,50,0,0,0,50
01/20/2020,PIA,IL,AGL,CE,Combined TRACON& Tower with Radar,14,28,19,0,61,0,2,17,0,19,14,30,36,0,80,0,0,0,80
01/21/2020,PIA,IL,AGL,CE,Combined TRACON& Tower with Radar,12,24,25,5,66,0,0,19,17,36,12,24,44,22,102,0,12,12,114
01/22/2020,PIA,IL,AGL,CE,Combined TRACON& Tower with Radar,14,24,29,13,80,0,1,18,21,40,14,25,47,34,120,34,14,48,168
01/23/2020,PIA,IL,AGL,CE,Combined TRACON& Tower with Radar,17,27,12,0,56,0,0,0,0,0,17,27,12,0,56,0,0,0,56
01/24/2020,PIA,IL,AGL,CE,Combined TRACON& Tower with Radar,19,24,3,0,46,0,0,0,0,0,19,24,3,0,46,0,0,0,46
01/25/2020,PIA,IL,AGL,CE,Combined TRACON& Tower with Radar,12,21,10,0,43,0,1,1,0,2,12,22,11,0,45,0,0,0,45
01/26/2020,PIA,IL,AGL,CE,Combined TRACON& Tower with Radar,12,20,12,0,44,0,0,31,1,32,12,20,43,1,76,30,0,30,106
01/27/2020,PIA,IL,AGL,CE,Combined TRACON& Tower with Radar,14,28,20,4,66,0,0,2,0,2,14,28,22,4,68,12,0,12,80
01/28/2020,PIA,IL,AGL,CE,Combined TRACON& Tower with Radar,12,30,10,6,58,0,0,3,0,3,12,30,13,6,61,4,0,4,65
01/29/2020,PIA,IL,AGL,CE,Combined TRACON& Tower with Radar,14,24,11,14,63,0,0,0,12,12,14,24,11,26,75,0,40,40,115
01/30/2020,PIA,IL,AGL,CE,Combined TRACON& Tower with Radar,16,31,8,13,68,0,2,6,24,32,16,33,14,37,100,18,34,52,152
01/31/2020,PIA,IL,AGL,CE,Combined TRACON& Tower with Radar,16,35,14,6,71,0,0,3,8,11,16,35,17,14,82,0,13,13,95
02/01/2020,PIA,IL,AGL,CE,Combined TRACON& Tower with Radar,12,22,3,0,37,0,3,4,1,8,12,25,7,1,45,0,0,0,45
02/02/2020,PIA,IL,AGL,CE,Combined TRACON& Tower with Radar,12,19,10,0,41,0,2,37,0,39,12,21,47,0,80,6,0,6,86
02/03/2020,PIA,IL,AGL,CE,Combined TRACON& Tower with Radar,14,33,6,4,57,0,5,30,9,44,14,38,36,13,101,12,2,14,115
02/04/2020,PIA,IL,AGL,CE,Combined TRACON& Tower with Radar,12,25,8,3,48,0,2,10,16,28,12,27,18,19,76,0,32,32,108
02/05/2020,PIA,IL,AGL,CE,Combined TRACON& Tower with Radar,16,20,14,9,59,0,0,10,10,20,16,20,24,19,79,14,44,58,137
02/06/2020,PIA,IL,AGL,CE,Combined TRACON& Tower with Radar,15,24,18,3,60,0,2,16,23,41,15,26,34,26,101,0,20,20,121
02/07/2020,PIA,IL,AGL,CE,Combined TRACON& Tower with Radar,15,28,17,6,66,0,1,37,27,65,15,29,54,33,131,56,24,80,211
02/08/2020,PIA,IL,AGL,CE,Combined TRACON& Tower with Radar,12,22,7,6,47,0,1,6,6,13,12,23,13,12,60,0,10,10,70
02/09/2020,PIA,IL,AGL,CE,Combined TRACON& Tower with Radar,12,14,1,4,31,0,0,2,0,2,12,14,3,4,33,0,0,0,33
02/10/2020,PIA,IL,AGL,CE,Combined TRACON& Tower with Radar,14,26,13,7,60,0,4,13,2,19,14,30,26,9,79,12,18,30,109
02/11/2020,PIA,IL,AGL,CE,Combined TRACON& Tower with Radar,11,26,24,18,79,0,1,28,21,50,11,27,52,39,129,12,40,52,181
02/12/2020,PIA,IL,AGL,CE,Combined TRACON& Tower with Radar,19,27,9,1,56,0,0,10,1,11,19,27,19,2,67,0,0,0,67
02/13/2020,PIA,IL,AGL,CE,Combined TRACON& Tower with Radar,17,27,21,0,65,0,1,5,0,6,17,28,26,0,71,0,0,0,71
02/14/2020,PIA,IL,AGL,CE,Combined TRACON& Tower with Radar,20,29,21,1,71,0,2,21,1,24,20,31,42,2,95,8,0,8,103
02/15/2020,PIA,IL,AGL,CE,Combined TRACON& Tower with Radar,15,20,9,0,44,0,2,9,0,11,15,22,18,0,55,0,0,0,55
02/16/2020,PIA,IL,AGL,CE,Combined TRACON& Tower with Radar,12,18,9,0,39,0,0,13,0,13,12,18,22,0,52,4,0,4,56
02/17/2020,PIA,IL,AGL,CE,Combined TRACON& Tower with Radar,17,25,5,0,47,0,0,0,0,0,17,25,5,0,47,0,0,0,47
02/18/2020,PIA,IL,AGL,CE,Combined TRACON& Tower with Radar,20,27,23,9,79,0,0,11,13,24,20,27,34,22,103,4,38,42,145
02/19/2020,PIA,IL,AGL,CE,Combined TRACON& Tower with Radar,20,29,18,2,69,0,3,29,10,42,20,32,47,12,111,26,22,48,159
02/20/2020,PIA,IL,AGL,CE,Combined TRACON& Tower with Radar,16,24,14,5,59,0,4,32,16,52,16,28,46,21,111,18,6,24,135
02/21/2020,PIA,IL,AGL,CE,Combined TRACON& Tower with Radar,16,26,15,12,69,0,5,36,26,67,16,31,51,38,136,40,48,88,224
02/22/2020,PIA,IL,AGL,CE,Combined TRACON& Tower with Radar,15,26,17,0,58,0,2,22,0,24,15,28,39,0,82,2,0,2,84
02/23/2020,PIA,IL,AGL,CE,Combined TRACON& Tower with Radar,12,33,18,0,63,0,2,38,0,40,12,35,56,0,103,42,0,42,145
02/24/2020,PIA,IL,AGL,CE,Combined TRACON& Tower with Radar,17,25,8,6,56,0,2,7,0,9,17,27,15,6,65,0,0,0,65
02/25/2020,PIA,IL,AGL,CE,Combined TRACON& Tower with Radar,18,27,10,4,59,0,0,0,0,0,18,27,10,4,59,0,0,0,59
02/26/2020,PIA,IL,AGL,CE,Combined TRACON& Tower with Radar,20,24,6,3,53,0,0,14,11,25,20,24,20,14,78,14,6,20,98
02/27/2020,PIA,IL,AGL,CE,Combined TRACON& Tower with Radar,18,30,20,0,68,0,2,23,5,30,18,32,43,5,98,0,0,0,98
02/28/2020,PIA,IL,AGL,CE,Combined TRACON& Tower with Radar,19,25,6,2,52,0,1,13,0,14,19,26,19,2,66,0,0,0,66
02/29/2020,PIA,IL,AGL,CE,Combined TRACON& Tower with Radar,15,20,12,2,49,0,5,26,2,33,15,25,38,4,82,6,0,6,88
03/01/2020,PIA,IL,AGL,CE,Combined TRACON& Tower with Radar,13,21,7,0,41,0,2,12,0,14,13,23,19,0,55,0,0,0,55
03/02/2020,PIA,IL,AGL,CE,Combined TRACON& Tower with Radar,18,24,28,1,71,0,3,23,9,35,18,27,51,10,106,26,0,26,132
03/03/2020,PIA,IL,AGL,CE,Combined TRACON& Tower with Radar,18,28,12,5,63,0,6,24,16,46,18,34,36,21,109,16,16,32,141
03/04/2020,PIA,IL,AGL,CE,Combined TRACON& Tower with Radar,18,28,21,7,74,0,2,30,19,51,18,30,51,26,125,18,28,46,171
03/05/2020,PIA,IL,AGL,CE,Combined TRACON& Tower with Radar,18,22,10,5,55,0,2,15,8,25,18,24,25,13,80,2,10,12,92
03/06/2020,PIA,IL,AGL,CE,Combined TRACON& Tower with Radar,19,25,18,6,68,0,3,22,37,62,19,28,40,43,130,12,54,66,196
03/07/2020,PIA,IL,AGL,CE,Combined TRACON& Tower with Radar,20,17,13,8,58,0,1,32,13,46,20,18,45,21,104,10,0,10,114
03/08/2020,PIA,IL,AGL,CE,Combined TRACON& Tower with Radar,15,23,6,3,47,0,2,13,0,15,15,25,19,3,62,2,0,2,64
03/09/2020,PIA,IL,AGL,CE,Combined TRACON& Tower with Radar,20,24,15,9,68,0,1,2,0,3,20,25,17,9,71,0,0,0,71
03/10/2020,PIA,IL,AGL,CE,Combined TRACON& Tower with Radar,20,28,17,12,77,0,1,8,25,34,20,29,25,37,111,8,34,42,153
03/11/2020,PIA,IL,AGL,CE,Combined TRACON& Tower with Radar,20,22,10,23,75,0,1,1,3,5,20,23,11,26,80,0,20,20,100
03/12/2020,PIA,IL,AGL,CE,Combined TRACON& Tower with Radar,20,29,17,3,69,0,1,0,0,1,20,30,17,3,70,0,0,0,70
03/13/2020,PIA,IL,AGL,CE,Combined TRACON& Tower with Radar,22,27,19,2,70,0,5,60,1,66,22,32,79,3,136,64,0,64,200
03/14/2020,PIA,IL,AGL,CE,Combined TRACON& Tower with Radar,18,17,3,0,38,0,0,0,0,0,18,17,3,0,38,0,0,0,38
03/15/2020,PIA,IL,AGL,CE,Combined TRACON& Tower with Radar,16,21,12,0,49,0,0,27,0,27,16,21,39,0,76,48,0,48,124
03/16/2020,PIA,IL,AGL,CE,Combined TRACON& Tower with Radar,20,22,4,2,48,0,1,3,4,8,20,23,7,6,56,0,14,14,70
03/17/2020,PIA,IL,AGL,CE,Combined TRACON& Tower with Radar,20,24,25,4,73,0,1,42,9,52,20,25,67,13,125,6,4,10,135
03/18/2020,PIA,IL,AGL,CE,Combined TRACON& Tower with Radar,20,22,6,0,48,0,1,2,0,3,20,23,8,0,51,0,0,0,51
03/19/2020,PIA,IL,AGL,CE,Combined TRACON& Tower with Radar,20,24,2,0,46,0,1,1,0,2,20,25,3,0,48,0,0,0,48
03/20/2020,PIA,IL,AGL,CE,Combined TRACON& Tower with Radar,22,19,12,0,53,0,3,7,0,10,22,22,19,0,63,0,0,0,63
03/21/2020,PIA,IL,AGL,CE,Combined TRACON& Tower with Radar,17,21,8,0,46,0,4,28,0,32,17,25,36,0,78,0,0,0,78
03/22/2020,PIA,IL,AGL,CE,Combined TRACON& Tower with Radar,14,18,4,0,36,0,0,5,0,5,14,18,9,0,41,0,0,0,41
03/23/2020,PIA,IL,AGL,CE,Combined TRACON& Tower with Radar,19,14,6,0,39,0,0,19,0,19,19,14,25,0,58,0,0,0,58
03/24/2020,PIA,IL,AGL,CE,Combined TRACON& Tower with Radar,19,14,6,2,41,0,1,10,0,11,19,15,16,2,52,0,0,0,52
03/25/2020,PIA,IL,AGL,CE,Combined TRACON& Tower with Radar,11,17,9,0,37,0,0,7,0,7,11,17,16,0,44,0,0,0,44
03/26/2020,PIA,IL,AGL,CE,Combined TRACON& Tower with Radar,11,14,19,0,44,0,0,2,0,2,11,14,21,0,46,0,0,0,46
03/27/2020,PIA,IL,AGL,CE,Combined TRACON& Tower with Radar,12,13,3,2,30,0,1,1,0,2,12,14,4,2,32,0,0,0,32
03/28/2020,PIA,IL,AGL,CE,Combined TRACON& Tower with Radar,11,15,2,0,28,0,0,0,0,0,11,15,2,0,28,0,0,0,28
03/29/2020,PIA,IL,AGL,CE,Combined TRACON& Tower with Radar,6,12,0,0,18,0,2,6,0,8,6,14,6,0,26,0,0,0,26
03/30/2020,PIA,IL,AGL,CE,Combined TRACON& Tower with Radar,8,12,4,0,24,0,0,18,0,18,8,12,22,0,42,6,0,6,48
03/31/2020,PIA,IL,AGL,CE,Combined TRACON& Tower with Radar,14,12,14,0,40,0,2,26,2,30,14,14,40,2,70,18,0,18,88
04/01/2020,PIA,IL,AGL,CE,Combined TRACON& Tower with Radar,14,10,6,12,42,0,2,50,0,52,14,12,56,12,94,26,6,32,126
04/02/2020,PIA,IL,AGL,CE,Combined TRACON& Tower with Radar,13,6,4,0,23,0,1,5,0,6,13,7,9,0,29,0,0,0,29
04/03/2020,PIA,IL,AGL,CE,Combined TRACON& Tower with Radar,11,7,1,0,19,0,0,11,0,11,11,7,12,0,30,6,0,6,36
04/04/2020,PIA,IL,AGL,CE,Combined TRACON& Tower with Radar,8,6,11,0,25,0,3,5,0,8,8,9,16,0,33,0,10,10,43
04/05/2020,PIA,IL,AGL,CE,Combined TRACON& Tower with Radar,8,7,8,0,23,0,0,20,0,20,8,7,28,0,43,8,0,8,51
04/06/2020,PIA,IL,AGL,CE,Combined TRACON& Tower with Radar,9,6,2,0,17,0,2,8,0,10,9,8,10,0,27,20,0,20,47
04/07/2020,PIA,IL,AGL,CE,Combined TRACON& Tower with Radar,11,6,11,2,30,0,0,4,0,4,11,6,15,2,34,0,0,0,34
04/08/2020,PIA,IL,AGL,CE,Combined TRACON& Tower with Radar,12,8,9,14,43,0,0,9,2,11,12,8,18,16,54,4,10,14,68
04/09/2020,PIA,IL,AGL,CE,Combined TRACON& Tower with Radar,13,6,4,0,23,0,6,7,0,13,13,12,11,0,36,0,0,0,36
04/10/2020,PIA,IL,AGL,CE,Combined TRACON& Tower with Radar,9,7,3,2,21,0,2,22,0,24,9,9,25,2,45,30,0,30,75
04/11/2020,PIA,IL,AGL,CE,Combined TRACON& Tower with Radar,8,8,3,0,19,0,0,5,0,5,8,8,8,0,24,6,0,6,30
04/12/2020,PIA,IL,AGL,CE,Combined TRACON& Tower with Radar,6,6,2,0,14,0,2,3,0,5,6,8,5,0,19,0,0,0,19
04/13/2020,PIA,IL,AGL,CE,Combined TRACON& Tower with Radar,7,4,2,5,18,0,0,4,1,5,7,4,6,6,23,0,4,4,27
04/14/2020,PIA,IL,AGL,CE,Combined TRACON& Tower with Radar,11,4,2,3,20,0,0,9,8,17,11,4,11,11,37,4,0,4,41
04/15/2020,PIA,IL,AGL,CE,Combined TRACON& Tower with Radar,10,4,5,0,19,0,1,3,0,4,10,5,8,0,23,0,0,0,23
04/16/2020,PIA,IL,AGL,CE,Combined TRACON& Tower with Radar,11,6,10,0,27,0,2,14,0,16,11,8,24,0,43,0,0,0,43
04/17/2020,PIA,IL,AGL,CE,Combined TRACON& Tower with Radar,11,4,3,0,18,0,0,0,0,0,11,4,3,0,18,0,0,0,18
04/18/2020,PIA,IL,AGL,CE,Combined TRACON& Tower with Radar,5,9,4,0,18,0,1,10,0,11,5,10,14,0,29,10,0,10,39
04/19/2020,PIA,IL,AGL,CE,Combined TRACON& Tower with Radar,7,7,8,1,23,0,1,6,0,7,7,8,14,1,30,4,0,4,34
04/20/2020,PIA,IL,AGL,CE,Combined TRACON& Tower with Radar,10,3,7,9,29,0,0,32,6,38,10,3,39,15,67,0,10,10,77
04/21/2020,PIA,IL,AGL,CE,Combined TRACON& Tower with Radar,8,7,8,8,31,0,6,30,10,46,8,13,38,18,77,20,24,44,121
04/22/2020,PIA,IL,AGL,CE,Combined TRACON& Tower with Radar,10,6,12,16,44,0,0,9,4,13,10,6,21,20,57,0,22,22,79
04/23/2020,PIA,IL,AGL,CE,Combined TRACON& Tower with Radar,12,4,9,3,28,0,3,3,4,10,12,7,12,7,38,2,4,6,44
04/24/2020,PIA,IL,AGL,CE,Combined TRACON& Tower with Radar,10,6,4,0,20,0,0,0,0,0,10,6,4,0,20,0,0,0,20
04/25/2020,PIA,IL,AGL,CE,Combined TRACON& Tower with Radar,6,6,0,0,12,0,1,2,0,3,6,7,2,0,15,0,0,0,15
04/26/2020,PIA,IL,AGL,CE,Combined TRACON& Tower with Radar,7,4,4,0,15,0,1,26,0,27,7,5,30,0,42,22,0,22,64
04/27/2020,PIA,IL,AGL,CE,Combined TRACON& Tower with Radar,10,6,5,0,21,0,1,9,0,10,10,7,14,0,31,0,0,0,31
04/28/2020,PIA,IL,AGL,CE,Combined TRACON& Tower with Radar,9,8,5,0,22,0,0,10,0,10,9,8,15,0,32,6,0,6,38
04/29/2020,PIA,IL,AGL,CE,Combined TRACON& Tower with Radar,10,7,3,26,46,0,0,2,2,4,10,7,5,28,50,0,0,0,50
04/30/2020,PIA,IL,AGL,CE,Combined TRACON& Tower with Radar,12,6,8,7,33,0,0,10,8,18,12,6,18,15,51,2,10,12,63
05/01/2020,PIA,IL,AGL,CE,Combined TRACON& Tower with Radar,8,7,13,0,28,0,1,37,0,38,8,8,50,0,66,4,0,4,70
05/02/2020,PIA,IL,AGL,CE,Combined TRACON& Tower with Radar,5,7,7,0,19,0,1,30,0,31,5,8,37,0,50,4,0,4,54
05/03/2020,PIA,IL,AGL,CE,Combined TRACON& Tower with Radar,9,7,0,0,16,0,2,5,1,8,9,9,5,1,24,0,0,0,24
05/04/2020,PIA,IL,AGL,CE,Combined TRACON& Tower with Radar,9,10,4,0,23,0,2,9,0,11,9,12,13,0,34,10,0,10,44
05/05/2020,PIA,IL,AGL,CE,Combined TRACON& Tower with Radar,11,9,5,26,51,0,0,3,2,5,11,9,8,28,56,0,6,6,62
05/06/2020,PIA,IL,AGL,CE,Combined TRACON& Tower with Radar,10,5,7,10,32,0,2,11,2,15,10,7,18,12,47,0,20,20,67
05/07/2020,PIA,IL,AGL,CE,Combined TRACON& Tower with Radar,12,11,9,8,40,0,1,31,21,53,12,12,40,29,93,22,78,100,193
05/08/2020,PIA,IL,AGL,CE,Combined TRACON& Tower with Radar,10,8,1,2,21,0,0,14,0,14,10,8,15,2,35,12,0,12,47
05/09/2020,PIA,IL,AGL,CE,Combined TRACON& Tower with Radar,9,3,7,0,19,0,2,19,1,22,9,5,26,1,41,8,0,8,49
05/10/2020,PIA,IL,AGL,CE,Combined TRACON& Tower with Radar,8,9,2,0,19,0,1,4,1,6,8,10,6,1,25,0,0,0,25
05/11/2020,PIA,IL,AGL,CE,Combined TRACON& Tower with Radar,7,8,6,1,22,0,1,20,3,24,7,9,26,4,46,16,6,22,68
05/12/2020,PIA,IL,AGL,CE,Combined TRACON& Tower with Radar,8,5,15,5,33,0,0,19,20,39,8,5,34,25,72,0,12,12,84
05/13/2020,PIA,IL,AGL,CE,Combined TRACON& Tower with Radar,8,6,12,17,43,0,1,10,14,25,8,7,22,31,68,0,28,28,96
05/14/2020,PIA,IL,AGL,CE,Combined TRACON& Tower with Radar,12,8,6,10,36,0,0,1,2,3,12,8,7,12,39,0,0,0,39
05/15/2020,PIA,IL,AGL,CE,Combined TRACON& Tower with Radar,12,11,16,0,39,0,4,22,0,26,12,15,38,0,65,22,0,22,87
05/16/2020,PIA,IL,AGL,CE,Combined TRACON& Tower with Radar,8,5,11,0,24,0,3,1,0,4,8,8,12,0,28,0,0,0,28
05/17/2020,PIA,IL,AGL,CE,Combined TRACON& Tower with Radar,8,8,7,0,23,0,3,4,0,7,8,11,11,0,30,0,0,0,30
05/18/2020,PIA,IL,AGL,CE,Combined TRACON& Tower with Radar,10,7,14,0,31,0,0,4,0,4,10,7,18,0,35,6,6,12,47
05/19/2020,PIA,IL,AGL,CE,Combined TRACON& Tower with Radar,8,2,20,16,46,0,0,4,0,4,8,2,24,16,50,0,0,0,50
05/20/2020,PIA,IL,AGL,CE,Combined TRACON& Tower with Radar,8,9,19,0,36,0,0,25,0,25,8,9,44,0,61,22,0,22,83
05/21/2020,PIA,IL,AGL,CE,Combined TRACON& Tower with Radar,12,8,11,14,45,0,0,19,21,40,12,8,30,35,85,6,32,38,123
05/22/2020,PIA,IL,AGL,CE,Combined TRACON& Tower with Radar,10,8,9,0,27,0,3,16,0,19,10,11,25,0,46,10,0,10,56
05/23/2020,PIA,IL,AGL,CE,Combined TRACON& Tower with Radar,12,8,1,0,21,0,0,4,0,4,12,8,5,0,25,0,0,0,25
05/24/2020,PIA,IL,AGL,CE,Combined TRACON& Tower with Radar,8,6,4,0,18,0,3,23,0,26,8,9,27,0,44,24,0,24,68
05/25/2020,PIA,IL,AGL,CE,Combined TRACON& Tower with Radar,6,7,0,0,13,0,1,5,0,6,6,8,5,0,19,0,0,0,19
05/26/2020,PIA,IL,AGL,CE,Combined TRACON& Tower with Radar,6,10,8,5,29,0,0,10,16,26,6,10,18,21,55,10,24,34,89
05/27/2020,PIA,IL,AGL,CE,Combined TRACON& Tower with Radar,8,9,4,0,21,0,1,16,0,17,8,10,20,0,38,26,0,26,64
05/28/2020,PIA,IL,AGL,CE,Combined TRACON& Tower with Radar,10,8,9,11,38,0,1,5,16,22,10,9,14,27,60,6,10,16,76
05/29/2020,PIA,IL,AGL,CE,Combined TRACON& Tower with Radar,14,6,16,0,36,0,3,17,0,20,14,9,33,0,56,6,0,6,62
05/30/2020,PIA,IL,AGL,CE,Combined TRACON& Tower with Radar,10,9,20,0,39,0,1,29,0,30,10,10,49,0,69,2,0,2,71
05/31/2020,PIA,IL,AGL,CE,Combined TRACON& Tower with Radar,8,9,9,0,26,0,0,36,0,36,8,9,45,0,62,28,0,28,90
06/01/2020,PIA,IL,AGL,CE,Combined TRACON& Tower with Radar,9,10,7,4,30,0,0,15,2,17,9,10,22,6,47,22,0,22,69
06/02/2020,PIA,IL,AGL,CE,Combined TRACON& Tower with Radar,6,7,15,10,38,0,1,25,6,32,6,8,40,16,70,12,14,26,96
06/03/2020,PIA,IL,AGL,CE,Combined TRACON& Tower with Radar,10,9,10,4,33,0,1,7,0,8,10,10,17,4,41,0,0,0,41
06/04/2020,PIA,IL,AGL,CE,Combined TRACON& Tower with Radar,12,8,10,10,40,0,0,16,13,29,12,8,26,23,69,46,60,106,175
06/05/2020,PIA,IL,AGL,CE,Combined TRACON& Tower with Radar,10,13,11,3,37,0,2,25,1,28,10,15,36,4,65,6,0,6,71
06/06/2020,PIA,IL,AGL,CE,Combined TRACON& Tower with Radar,10,13,15,0,38,0,1,56,0,57,10,14,71,0,95,32,0,32,127
06/07/2020,PIA,IL,AGL,CE,Combined TRACON& Tower with Radar,8,11,16,2,37,0,2,38,0,40,8,13,54,2,77,94,2,96,173
06/08/2020,PIA,IL,AGL,CE,Combined TRACON& Tower with Radar,8,9,16,2,35,0,2,26,4,32,8,11,42,6,67,20,6,26,93
06/09/2020,PIA,IL,AGL,CE,Combined TRACON& Tower with Radar,6,6,7,7,26,0,3,2,10,15,6,9,9,17,41,0,20,20,61
06/10/2020,PIA,IL,AGL,CE,Combined TRACON& Tower with Radar,10,10,12,4,36,0,2,13,2,17,10,12,25,6,53,0,0,0,53
06/11/2020,PIA,IL,AGL,CE,Combined TRACON& Tower with Radar,12,12,17,10,51,0,1,46,24,71,12,13,63,34,122,14,12,26,148
06/12/2020,PIA,IL,AGL,CE,Combined TRACON& Tower with Radar,10,10,10,0,30,0,1,31,0,32,10,11,41,0,62,16,0,16,78
06/13/2020,PIA,IL,AGL,CE,Combined TRACON& Tower with Radar,10,12,14,0,36,0,2,34,1,37,10,14,48,1,73,22,0,22,95
06/14/2020,PIA,IL,AGL,CE,Combined TRACON& Tower with Radar,8,8,5,0,21,0,3,28,0,31,8,11,33,0,52,46,0,46,98
06/15/2020,PIA,IL,AGL,CE,Combined TRACON& Tower with Radar,8,9,18,3,38,0,4,45,1,50,8,13,63,4,88,44,26,70,158
06/16/2020,PIA,IL,AGL,CE,Combined TRACON& Tower with Radar,6,10,13,3,32,0,6,45,17,68,6,16,58,20,100,26,10,36,136
06/17/2020,PIA,IL,AGL,CE,Combined TRACON& Tower with Radar,10,9,19,6,44,0,2,41,0,43,10,11,60,6,87,4,18,22,109
06/18/2020,PIA,IL,AGL,CE,Combined TRACON& Tower with Radar,14,13,21,15,63,0,2,45,19,66,14,15,66,34,129,22,26,48,177
06/19/2020,PIA,IL,AGL,CE,Combined TRACON& Tower with Radar,10,12,11,0,33,0,1,31,0,32,10,13,42,0,65,36,0,36,101
06/20/2020,PIA,IL,AGL,CE,Combined TRACON& Tower with Radar,12,8,9,0,29,0,3,11,0,14,12,11,20,0,43,20,0,20,63
06/21/2020,PIA,IL,AGL,CE,Combined TRACON& Tower with Radar,8,8,9,1,26,0,0,5,0,5,8,8,14,1,31,24,0,24,55
06/22/2020,PIA,IL,AGL,CE,Combined TRACON& Tower with Radar,10,9,13,14,46,0,1,36,9,46,10,10,49,23,92,22,46,68,160
06/23/2020,PIA,IL,AGL,CE,Combined TRACON& Tower with Radar,6,6,19,2,33,0,1,51,28,80,6,7,70,30,113,72,60,132,245
06/24/2020,PIA,IL,AGL,CE,Combined TRACON& Tower with Radar,10,10,10,16,46,0,1,28,17,46,10,11,38,33,92,24,60,84,176
06/25/2020,PIA,IL,AGL,CE,Combined TRACON& Tower with Radar,12,13,19,5,49,0,3,39,14,56,12,16,58,19,105,40,24,64,169
06/26/2020,PIA,IL,AGL,CE,Combined TRACON& Tower with Radar,10,11,6,2,29,0,5,17,0,22,10,16,23,2,51,38,0,38,89
06/27/2020,PIA,IL,AGL,CE,Combined TRACON& Tower with Radar,10,8,3,0,21,0,1,14,0,15,10,9,17,0,36,6,0,6,42
06/28/2020,PIA,IL,AGL,CE,Combined TRACON& Tower with Radar,8,6,7,2,23,0,2,18,0,20,8,8,25,2,43,18,0,18,61
06/29/2020,PIA,IL,AGL,CE,Combined TRACON& Tower with Radar,8,10,4,13,35,0,0,25,11,36,8,10,29,24,71,42,52,94,165
06/30/2020,PIA,IL,AGL,CE,Combined TRACON& Tower with Radar,6,6,13,5,30,0,1,19,14,34,6,7,32,19,64,0,24,24,88
07/01/2020,PIA,IL,AGL,CE,Combined TRACON& Tower with Radar,12,13,7,1,33,0,3,18,0,21,12,16,25,1,54,40,0,40,94
07/02/2020,PIA,IL,AGL,CE,Combined TRACON& Tower with Radar,12,11,19,0,42,0,1,48,0,49,12,12,67,0,91,66,0,66,157
07/03/2020,PIA,IL,AGL,CE,Combined TRACON& Tower with Radar,7,8,18,0,33,0,4,31,0,35,7,12,49,0,68,70,0,70,138
07/04/2020,PIA,IL,AGL,CE,Combined TRACON& Tower with Radar,11,6,2,0,19,0,4,20,2,26,11,10,22,2,45,4,0,4,49
07/05/2020,PIA,IL,AGL,CE,Combined TRACON& Tower with Radar,8,9,2,0,19,0,3,21,0,24,8,12,23,0,43,44,0,44,87
07/06/2020,PIA,IL,AGL,CE,Combined TRACON& Tower with Radar,8,11,13,11,43,0,3,42,14,59,8,14,55,25,102,66,14,80,182
07/07/2020,PIA,IL,AGL,CE,Combined TRACON& Tower with Radar,8,12,9,4,33,0,3,29,7,39,8,15,38,11,72,50,8,58,130
07/08/2020,PIA,IL,AGL,CE,Combined TRACON& Tower with Radar,12,11,11,1,35,0,2,26,0,28,12,13,37,1,63,68,0,68,131
07/09/2020,PIA,IL,AGL,CE,Combined TRACON& Tower with Radar,16,12,17,1,46,0,1,24,23,48,16,13,41,24,94,36,4,40,134
07/10/2020,PIA,IL,AGL,CE,Combined TRACON& Tower with Radar,14,14,10,20,58,0,2,33,6,41,14,16,43,26,99,50,36,86,185
07/11/2020,PIA,IL,AGL,CE,Combined TRACON& Tower with Radar,14,15,10,8,47,0,5,31,4,40,14,20,41,12,87,43,0,43,130
07/12/2020,PIA,IL,AGL,CE,Combined TRACON& Tower with Radar,12,19,2,0,33,0,1,15,2,18,12,20,17,2,51,0,0,0,51
07/13/2020,PIA,IL,AGL,CE,Combined TRACON& Tower with Radar,12,12,8,0,32,0,2,36,0,38,12,14,44,0,70,44,0,44,114
07/14/2020,PIA,IL,AGL,CE,Combined TRACON& Tower with Radar,8,10,9,6,33,0,1,34,27,62,8,11,43,33,95,18,70,88,183
07/15/2020,PIA,IL,AGL,CE,Combined TRACON& Tower with Radar,12,12,12,0,36,0,0,15,0,15,12,12,27,0,51,10,0,10,61
07/16/2020,PIA,IL,AGL,CE,Combined TRACON& Tower with Radar,7,8,9,2,26,0,0,37,20,57,7,8,46,22,83,26,24,50,133
07/17/2020,PIA,IL,AGL,CE,Combined TRACON& Tower with Radar,0,0,0,0,0,0,0,0,0,0,0,0,0,0,0,0,0,0,0
07/18/2020,PIA,IL,AGL,CE,Combined TRACON& Tower with Radar,0,0,0,0,0,0,0,0,0,0,0,0,0,0,0,0,0,0,0
07/19/2020,PIA,IL,AGL,CE,Combined TRACON& Tower with Radar,0,0,0,0,0,0,0,0,0,0,0,0,0,0,0,0,0,0,0
07/20/2020,PIA,IL,AGL,CE,Combined TRACON& Tower with Radar,10,8,13,9,40,0,5,34,1,40,10,13,47,10,80,104,26,130,210
07/21/2020,PIA,IL,AGL,CE,Combined TRACON& Tower with Radar,10,9,4,2,25,0,1,3,8,12,10,10,7,10,37,0,0,0,37
07/22/2020,PIA,IL,AGL,CE,Combined TRACON& Tower with Radar,12,10,20,4,46,0,2,18,19,39,12,12,38,23,85,16,8,24,109
07/23/2020,PIA,IL,AGL,CE,Combined TRACON& Tower with Radar,16,12,16,9,53,0,1,68,25,94,16,13,84,34,147,74,68,142,289
07/24/2020,PIA,IL,AGL,CE,Combined TRACON& Tower with Radar,14,16,13,0,43,0,1,41,4,46,14,17,54,4,89,58,4,62,151
07/25/2020,PIA,IL,AGL,CE,Combined TRACON& Tower with Radar,14,14,16,0,44,0,2,29,1,32,14,16,45,1,76,10,0,10,86
07/26/2020,PIA,IL,AGL,CE,Combined TRACON& Tower with Radar,12,13,6,1,32,0,3,22,3,28,12,16,28,4,60,26,0,26,86
07/27/2020,PIA,IL,AGL,CE,Combined TRACON& Tower with Radar,12,13,8,2,35,0,4,31,4,39,12,17,39,6,74,68,4,72,146
07/28/2020,PIA,IL,AGL,CE,Combined TRACON& Tower with Radar,8,9,22,15,54,0,0,61,59,120,8,9,83,74,174,118,52,170,344
07/29/2020,PIA,IL,AGL,CE,Combined TRACON& Tower with Radar,12,8,14,12,46,0,1,35,0,36,12,9,49,12,82,48,0,48,130
07/30/2020,PIA,IL,AGL,CE,Combined TRACON& Tower with Radar,16,11,18,12,57,0,3,12,5,20,16,14,30,17,77,8,4,12,89
07/31/2020,PIA,IL,AGL,CE,Combined TRACON& Tower with Radar,14,16,15,2,47,0,2,21,8,31,14,18,36,10,78,40,16,56,134
08/01/2020,PIA,IL,AGL,CE,Combined TRACON& Tower with Radar,14,10,11,0,35,0,0,12,1,13,14,10,23,1,48,18,0,18,66
08/02/2020,PIA,IL,AGL,CE,Combined TRACON& Tower with Radar,12,10,7,0,29,0,3,17,0,20,12,13,24,0,49,28,0,28,77
08/03/2020,PIA,IL,AGL,CE,Combined TRACON& Tower with Radar,12,10,25,6,53,0,3,17,3,23,12,13,42,9,76,24,4,28,104
08/04/2020,PIA,IL,AGL,CE,Combined TRACON& Tower with Radar,8,8,13,22,51,0,4,39,28,71,8,12,52,50,122,56,68,124,246
08/05/2020,PIA,IL,AGL,CE,Combined TRACON& Tower with Radar,16,10,30,16,72,0,3,47,16,66,16,13,77,32,138,44,42,86,224
08/06/2020,PIA,IL,AGL,CE,Combined TRACON& Tower with Radar,16,10,11,3,40,0,6,62,7,75,16,16,73,10,115,70,6,76,191
08/07/2020,PIA,IL,AGL,CE,Combined TRACON& Tower with Radar,14,11,4,13,42,0,5,35,36,76,14,16,39,49,118,40,42,82,200
08/08/2020,PIA,IL,AGL,CE,Combined TRACON& Tower with Radar,16,10,5,3,34,0,1,34,11,46,16,11,39,14,80,6,10,16,96
08/09/2020,PIA,IL,AGL,CE,Combined TRACON& Tower with Radar,12,12,12,3,39,0,2,20,11,33,12,14,32,14,72,18,8,26,98
08/10/2020,PIA,IL,AGL,CE,Combined TRACON& Tower with Radar,14,16,8,3,41,0,0,31,0,31,14,16,39,3,72,4,0,4,76
08/11/2020,PIA,IL,AGL,CE,Combined TRACON& Tower with Radar,11,7,11,8,37,0,0,14,34,48,11,7,25,42,85,24,34,58,143
08/12/2020,PIA,IL,AGL,CE,Combined TRACON& Tower with Radar,17,11,29,16,73,0,1,50,28,79,17,12,79,44,152,76,82,158,310
08/13/2020,PIA,IL,AGL,CE,Combined TRACON& Tower with Radar,17,9,13,20,59,0,1,44,18,63,17,10,57,38,122,34,50,84,206
08/14/2020,PIA,IL,AGL,CE,Combined TRACON& Tower with Radar,14,11,8,0,33,0,3,41,0,44,14,14,49,0,77,8,0,8,85
08/15/2020,PIA,IL,AGL,CE,Combined TRACON& Tower with Radar,16,11,14,0,41,0,1,23,0,24,16,12,37,0,65,18,0,18,83
08/16/2020,PIA,IL,AGL,CE,Combined TRACON& Tower with Radar,12,12,14,0,38,0,4,32,1,37,12,16,46,1,75,6,0,6,81
08/17/2020,PIA,IL,AGL,CE,Combined TRACON& Tower with Radar,12,10,19,0,41,0,1,28,2,31,12,11,47,2,72,20,0,20,92
08/18/2020,PIA,IL,AGL,CE,Combined TRACON& Tower with Radar,10,10,26,0,46,0,1,46,0,47,10,11,72,0,93,86,0,86,179
08/19/2020,PIA,IL,AGL,CE,Combined TRACON& Tower with Radar,13,8,12,6,39,0,2,89,17,108,13,10,101,23,147,38,62,100,247
08/20/2020,PIA,IL,AGL,CE,Combined TRACON& Tower with Radar,18,13,17,0,48,0,2,39,0,41,18,15,56,0,89,36,0,36,125
08/21/2020,PIA,IL,AGL,CE,Combined TRACON& Tower with Radar,18,11,11,1,41,0,1,48,7,56,18,12,59,8,97,60,6,66,163
08/22/2020,PIA,IL,AGL,CE,Combined TRACON& Tower with Radar,7,12,4,0,23,0,4,31,24,59,7,16,35,24,82,18,0,18,100
08/23/2020,PIA,IL,AGL,CE,Combined TRACON& Tower with Radar,13,12,10,0,35,0,2,19,0,21,13,14,29,0,56,12,0,12,68
08/24/2020,PIA,IL,AGL,CE,Combined TRACON& Tower with Radar,16,12,8,2,38,0,3,23,4,30,16,15,31,6,68,14,18,32,100
08/25/2020,PIA,IL,AGL,CE,Combined TRACON& Tower with Radar,10,12,6,3,31,0,3,40,23,66,10,15,46,26,97,28,16,44,141
08/26/2020,PIA,IL,AGL,CE,Combined TRACON& Tower with Radar,10,8,23,24,65,0,3,24,18,45,10,11,47,42,110,50,98,148,258
08/27/2020,PIA,IL,AGL,CE,Combined TRACON& Tower with Radar,18,12,12,8,50,0,1,25,13,39,18,13,37,21,89,12,12,24,113
08/28/2020,PIA,IL,AGL,CE,Combined TRACON& Tower with Radar,18,16,17,9,60,0,0,39,3,42,18,16,56,12,102,34,6,40,142
08/29/2020,PIA,IL,AGL,CE,Combined TRACON& Tower with Radar,7,14,15,0,36,0,4,21,1,26,7,18,36,1,62,26,0,26,88
08/30/2020,PIA,IL,AGL,CE,Combined TRACON& Tower with Radar,13,14,13,0,40,0,2,27,0,29,13,16,40,0,69,34,0,34,103
08/31/2020,PIA,IL,AGL,CE,Combined TRACON& Tower with Radar,16,15,13,1,45,0,3,8,1,12,16,18,21,2,57,8,0,8,65
09/01/2020,PIA,IL,AGL,CE,Combined TRACON& Tower with Radar,11,8,3,5,27,0,3,5,7,15,11,11,8,12,42,42,22,64,106
09/02/2020,PIA,IL,AGL,CE,Combined TRACON& Tower with Radar,11,18,19,14,62,0,0,30,10,40,11,18,49,24,102,64,50,114,216
09/03/2020,PIA,IL,AGL,CE,Combined TRACON& Tower with Radar,20,16,24,3,63,0,0,29,9,38,20,16,53,12,101,28,20,48,149
09/04/2020,PIA,IL,AGL,CE,Combined TRACON& Tower with Radar,18,16,25,0,59,0,4,50,0,54,18,20,75,0,113,18,0,18,131
09/05/2020,PIA,IL,AGL,CE,Combined TRACON& Tower with Radar,7,12,13,0,32,0,2,25,0,27,7,14,38,0,59,6,0,6,65
09/06/2020,PIA,IL,AGL,CE,Combined TRACON& Tower with Radar,15,8,3,0,26,0,0,3,0,3,15,8,6,0,29,4,0,4,33
09/07/2020,PIA,IL,AGL,CE,Combined TRACON& Tower with Radar,12,10,21,0,43,0,3,19,0,22,12,13,40,0,65,12,0,12,77
09/08/2020,PIA,IL,AGL,CE,Combined TRACON& Tower with Radar,8,10,10,14,42,0,0,0,0,0,8,10,10,14,42,0,2,2,44
09/09/2020,PIA,IL,AGL,CE,Combined TRACON& Tower with Radar,9,17,40,36,102,0,0,2,0,2,9,17,42,36,104,6,16,22,126
09/10/2020,PIA,IL,AGL,CE,Combined TRACON& Tower with Radar,12,14,23,15,64,0,0,3,11,14,12,14,26,26,78,0,4,4,82
09/11/2020,PIA,IL,AGL,CE,Combined TRACON& Tower with Radar,14,15,18,10,57,0,0,10,2,12,14,15,28,12,69,8,0,8,77
09/12/2020,PIA,IL,AGL,CE,Combined TRACON& Tower with Radar,4,17,10,9,40,0,0,5,8,13,4,17,15,17,53,0,0,0,53
09/13/2020,PIA,IL,AGL,CE,Combined TRACON& Tower with Radar,8,16,23,4,51,0,3,40,26,69,8,19,63,30,120,26,10,36,156
09/14/2020,PIA,IL,AGL,CE,Combined TRACON& Tower with Radar,12,16,31,10,69,0,2,39,9,50,12,18,70,19,119,12,22,34,153
09/15/2020,PIA,IL,AGL,CE,Combined TRACON& Tower with Radar,8,18,19,14,59,0,4,53,9,66,8,22,72,23,125,32,42,74,199
09/16/2020,PIA,IL,AGL,CE,Combined TRACON& Tower with Radar,8,24,23,20,75,0,4,41,23,68,8,28,64,43,143,0,32,32,175
09/17/2020,PIA,IL,AGL,CE,Combined TRACON& Tower with Radar,12,15,18,16,61,0,5,28,9,42,12,20,46,25,103,34,26,60,163
09/18/2020,PIA,IL,AGL,CE,Combined TRACON& Tower with Radar,14,14,10,1,39,0,1,26,0,27,14,15,36,1,66,26,0,26,92
09/19/2020,PIA,IL,AGL,CE,Combined TRACON& Tower with Radar,4,20,9,0,33,0,8,27,2,37,4,28,36,2,70,4,0,4,74
09/20/2020,PIA,IL,AGL,CE,Combined TRACON& Tower with Radar,8,14,12,0,34,0,1,22,0,23,8,15,34,0,57,38,0,38,95
09/21/2020,PIA,IL,AGL,CE,Combined TRACON& Tower with Radar,12,16,19,6,53,0,2,22,4,28,12,18,41,10,81,8,14,22,103
09/22/2020,PIA,IL,AGL,CE,Combined TRACON& Tower with Radar,8,17,18,4,47,0,2,36,9,47,8,19,54,13,94,10,20,30,124
09/23/2020,PIA,IL,AGL,CE,Combined TRACON& Tower with Radar,8,17,12,8,45,0,2,25,16,43,8,19,37,24,88,48,20,68,156
09/24/2020,PIA,IL,AGL,CE,Combined TRACON& Tower with Radar,14,14,13,12,53,0,5,33,9,47,14,19,46,21,100,72,24,96,196
09/25/2020,PIA,IL,AGL,CE,Combined TRACON& Tower with Radar,14,25,12,5,56,0,1,26,5,32,14,26,38,10,88,4,22,26,114
09/26/2020,PIA,IL,AGL,CE,Combined TRACON& Tower with Radar,4,18,13,0,35,0,2,18,0,20,4,20,31,0,55,0,0,0,55
09/27/2020,PIA,IL,AGL,CE,Combined TRACON& Tower with Radar,10,14,6,0,30,0,0,25,0,25,10,14,31,0,55,28,0,28,83
09/28/2020,PIA,IL,AGL,CE,Combined TRACON& Tower with Radar,12,16,10,7,45,0,1,8,3,12,12,17,18,10,57,0,14,14,71
09/29/2020,PIA,IL,AGL,CE,Combined TRACON& Tower with Radar,8,16,19,9,52,0,5,18,20,43,8,21,37,29,95,40,12,52,147
09/30/2020,PIA,IL,AGL,CE,Combined TRACON& Tower with Radar,8,16,7,5,36,0,1,8,12,21,8,17,15,17,57,0,8,8,65
10/01/2020,PIA,IL,AGL,CE,Combined TRACON& Tower with Radar,14,19,20,3,56,1,1,20,6,28,15,20,40,9,84,22,8,30,114
10/02/2020,PIA,IL,AGL,CE,Combined TRACON& Tower with Radar,14,18,20,0,52,0,6,18,3,27,14,24,38,3,79,14,0,14,93
10/03/2020,PIA,IL,AGL,CE,Combined TRACON& Tower with Radar,4,19,18,3,44,0,2,8,5,15,4,21,26,8,59,2,0,2,61
10/04/2020,PIA,IL,AGL,CE,Combined TRACON& Tower with Radar,10,16,5,1,32,0,1,8,14,23,10,17,13,15,55,0,16,16,71
10/05/2020,PIA,IL,AGL,CE,Combined TRACON& Tower with Radar,12,14,12,14,52,0,6,15,6,27,12,20,27,20,79,0,0,0,79
10/06/2020,PIA,IL,AGL,CE,Combined TRACON& Tower with Radar,10,12,12,9,43,0,5,22,21,48,10,17,34,30,91,0,16,16,107
10/07/2020,PIA,IL,AGL,CE,Combined TRACON& Tower with Radar,8,7,28,11,54,0,2,33,29,64,8,9,61,40,118,12,46,58,176
10/08/2020,PIA,IL,AGL,CE,Combined TRACON& Tower with Radar,16,18,9,18,61,0,2,40,24,66,16,20,49,42,127,70,54,124,251
10/09/2020,PIA,IL,AGL,CE,Combined TRACON& Tower with Radar,14,21,12,0,47,0,2,17,0,19,14,23,29,0,66,12,0,12,78
10/10/2020,PIA,IL,AGL,CE,Combined TRACON& Tower with Radar,4,11,13,0,28,0,5,56,3,64,4,16,69,3,92,58,0,58,150
10/11/2020,PIA,IL,AGL,CE,Combined TRACON& Tower with Radar,10,12,11,0,33,0,5,36,0,41,10,17,47,0,74,34,0,34,108
10/12/2020,PIA,IL,AGL,CE,Combined TRACON& Tower with Radar,12,12,5,0,29,0,1,5,0,6,12,13,10,0,35,0,0,0,35
10/13/2020,PIA,IL,AGL,CE,Combined TRACON& Tower with Radar,8,16,13,4,41,0,1,19,17,37,8,17,32,21,78,0,14,14,92
10/14/2020,PIA,IL,AGL,CE,Combined TRACON& Tower with Radar,10,10,19,6,45,0,4,12,13,29,10,14,31,19,74,6,20,26,100
10/15/2020,PIA,IL,AGL,CE,Combined TRACON& Tower with Radar,14,19,16,2,51,0,2,33,16,51,14,21,49,18,102,40,40,80,182
10/16/2020,PIA,IL,AGL,CE,Combined TRACON& Tower with Radar,14,17,23,7,61,0,6,35,7,48,14,23,58,14,109,10,16,26,135
10/17/2020,PIA,IL,AGL,CE,Combined TRACON& Tower with Radar,4,12,2,0,18,0,2,4,0,6,4,14,6,0,24,0,0,0,24
10/18/2020,PIA,IL,AGL,CE,Combined TRACON& Tower with Radar,10,16,15,0,41,0,4,12,0,16,10,20,27,0,57,0,0,0,57
10/19/2020,PIA,IL,AGL,CE,Combined TRACON& Tower with Radar,12,13,17,9,51,0,0,21,4,25,12,13,38,13,76,28,12,40,116
10/20/2020,PIA,IL,AGL,CE,Combined TRACON& Tower with Radar,8,17,20,11,56,0,1,11,3,15,8,18,31,14,71,2,8,10,81
10/21/2020,PIA,IL,AGL,CE,Combined TRACON& Tower with Radar,8,15,19,7,49,0,2,12,4,18,8,17,31,11,67,22,20,42,109
10/22/2020,PIA,IL,AGL,CE,Combined TRACON& Tower with Radar,20,18,12,9,59,0,5,8,9,22,20,23,20,18,81,10,20,30,111
10/23/2020,PIA,IL,AGL,CE,Combined TRACON& Tower with Radar,14,15,14,1,44,0,3,2,2,7,14,18,16,3,51,0,2,2,53
10/24/2020,PIA,IL,AGL,CE,Combined TRACON& Tower with Radar,4,12,20,4,40,0,5,36,8,49,4,17,56,12,89,6,0,6,95
10/25/2020,PIA,IL,AGL,CE,Combined TRACON& Tower with Radar,10,17,11,0,38,0,1,26,1,28,10,18,37,1,66,60,0,60,126
10/26/2020,PIA,IL,AGL,CE,Combined TRACON& Tower with Radar,12,12,18,6,48,0,1,1,3,5,12,13,19,9,53,0,2,2,55
10/27/2020,PIA,IL,AGL,CE,Combined TRACON& Tower with Radar,6,12,21,15,54,0,0,31,32,63,6,12,52,47,117,20,48,68,185
10/28/2020,PIA,IL,AGL,CE,Combined TRACON& Tower with Radar,8,9,9,33,59,0,3,42,60,105,8,12,51,93,164,64,110,174,338
10/29/2020,PIA,IL,AGL,CE,Combined TRACON& Tower with Radar,12,14,4,36,66,0,1,10,22,33,12,15,14,58,99,8,42,50,149
10/30/2020,PIA,IL,AGL,CE,Combined TRACON& Tower with Radar,14,16,20,0,50,0,5,26,2,33,14,21,46,2,83,10,0,10,93
10/31/2020,PIA,IL,AGL,CE,Combined TRACON& Tower with Radar,4,9,13,0,26,0,0,16,0,16,4,9,29,0,42,14,0,14,56
11/01/2020,PIA,IL,AGL,CE,Combined TRACON& Tower with Radar,6,13,9,4,32,0,0,9,0,9,6,13,18,4,41,0,0,0,41
11/02/2020,PIA,IL,AGL,CE,Combined TRACON& Tower with Radar,12,12,1,5,30,0,6,23,5,34,12,18,24,10,64,22,16,38,102
11/03/2020,PIA,IL,AGL,CE,Combined TRACON& Tower with Radar,6,15,18,4,43,0,6,23,8,37,6,21,41,12,80,26,10,36,116
11/04/2020,PIA,IL,AGL,CE,Combined TRACON& Tower with Radar,8,13,13,9,43,0,4,21,16,41,8,17,34,25,84,0,40,40,124
11/05/2020,PIA,IL,AGL,CE,Combined TRACON& Tower with Radar,14,13,6,2,35,0,3,33,6,42,14,16,39,8,77,32,8,40,117
11/06/2020,PIA,IL,AGL,CE,Combined TRACON& Tower with Radar,14,17,14,0,45,0,5,31,1,37,14,22,45,1,82,28,0,28,110
11/07/2020,PIA,IL,AGL,CE,Combined TRACON& Tower with Radar,4,12,12,0,28,0,3,42,6,51,4,15,54,6,79,0,0,0,79
11/08/2020,PIA,IL,AGL,CE,Combined TRACON& Tower with Radar,10,13,9,2,34,0,0,24,5,29,10,13,33,7,63,16,4,20,83
11/09/2020,PIA,IL,AGL,CE,Combined TRACON& Tower with Radar,12,12,17,9,50,0,1,9,13,23,12,13,26,22,73,8,16,24,97
11/10/2020,PIA,IL,AGL,CE,Combined TRACON& Tower with Radar,10,9,6,0,25,0,0,3,3,6,10,9,9,3,31,0,4,4,35
11/11/2020,PIA,IL,AGL,CE,Combined TRACON& Tower with Radar,8,13,10,0,31,0,4,45,1,50,8,17,55,1,81,32,0,32,113
11/12/2020,PIA,IL,AGL,CE,Combined TRACON& Tower with Radar,14,14,18,0,46,0,7,74,13,94,14,21,92,13,140,58,44,102,242
11/13/2020,PIA,IL,AGL,CE,Combined TRACON& Tower with Radar,14,15,14,0,43,0,0,33,3,36,14,15,47,3,79,18,2,20,99
11/14/2020,PIA,IL,AGL,CE,Combined TRACON& Tower with Radar,6,13,1,0,20,0,1,6,0,7,6,14,7,0,27,0,0,0,27
11/15/2020,PIA,IL,AGL,CE,Combined TRACON& Tower with Radar,12,12,3,0,27,0,2,3,0,5,12,14,6,0,32,0,0,0,32
11/16/2020,PIA,IL,AGL,CE,Combined TRACON& Tower with Radar,12,12,7,3,34,0,1,25,1,27,12,13,32,4,61,18,4,22,83
11/17/2020,PIA,IL,AGL,CE,Combined TRACON& Tower with Radar,8,14,12,6,40,0,5,38,6,49,8,19,50,12,89,47,30,77,166
11/18/2020,PIA,IL,AGL,CE,Combined TRACON& Tower with Radar,10,12,15,3,40,0,1,31,5,37,10,13,46,8,77,0,10,10,87
11/19/2020,PIA,IL,AGL,CE,Combined TRACON& Tower with Radar,14,10,9,2,35,0,0,14,4,18,14,10,23,6,53,0,0,0,53
11/20/2020,PIA,IL,AGL,CE,Combined TRACON& Tower with Radar,14,11,11,6,42,0,0,47,11,58,14,11,58,17,100,10,16,26,126
11/21/2020,PIA,IL,AGL,CE,Combined TRACON& Tower with Radar,6,13,10,0,29,0,3,41,0,44,6,16,51,0,73,20,0,20,93
11/22/2020,PIA,IL,AGL,CE,Combined TRACON& Tower with Radar,10,14,9,0,33,0,0,29,1,30,10,14,38,1,63,26,0,26,89
11/23/2020,PIA,IL,AGL,CE,Combined TRACON& Tower with Radar,10,10,14,14,48,0,0,23,9,32,10,10,37,23,80,28,26,54,134
11/24/2020,PIA,IL,AGL,CE,Combined TRACON& Tower with Radar,12,10,10,15,47,0,1,2,5,8,12,11,12,20,55,0,0,0,55
11/25/2020,PIA,IL,AGL,CE,Combined TRACON& Tower with Radar,16,10,8,0,34,0,0,0,0,0,16,10,8,0,34,0,0,0,34
11/26/2020,PIA,IL,AGL,CE,Combined TRACON& Tower with Radar,3,6,15,0,24,0,6,4,0,10,3,12,19,0,34,0,0,0,34
11/27/2020,PIA,IL,AGL,CE,Combined TRACON& Tower with Radar,7,9,20,0,36,0,0,9,0,9,7,9,29,0,45,4,0,4,49
11/28/2020,PIA,IL,AGL,CE,Combined TRACON& Tower with Radar,10,13,12,0,35,0,1,27,0,28,10,14,39,0,63,42,0,42,105
11/29/2020,PIA,IL,AGL,CE,Combined TRACON& Tower with Radar,10,10,10,0,30,0,2,22,0,24,10,12,32,0,54,38,0,38,92
11/30/2020,PIA,IL,AGL,CE,Combined TRACON& Tower with Radar,12,12,6,4,34,0,1,22,3,26,12,13,28,7,60,0,10,10,70
12/01/2020,PIA,IL,AGL,CE,Combined TRACON& Tower with Radar,8,15,18,11,52,0,5,23,22,50,8,20,41,33,102,28,16,44,146
12/02/2020,PIA,IL,AGL,CE,Combined TRACON& Tower with Radar,9,8,15,4,36,0,7,76,25,108,9,15,91,29,144,46,14,60,204
12/03/2020,PIA,IL,AGL,CE,Combined TRACON& Tower with Radar,16,6,7,2,31,0,0,26,18,44,16,6,33,20,75,20,14,34,109
12/04/2020,PIA,IL,AGL,CE,Combined TRACON& Tower with Radar,16,8,16,4,44,0,1,24,2,27,16,9,40,6,71,32,6,38,109
12/05/2020,PIA,IL,AGL,CE,Combined TRACON& Tower with Radar,10,6,18,3,37,0,1,39,17,57,10,7,57,20,94,50,28,78,172
12/06/2020,PIA,IL,AGL,CE,Combined TRACON& Tower with Radar,12,6,5,0,23,0,1,10,2,13,12,7,15,2,36,10,0,10,46
12/07/2020,PIA,IL,AGL,CE,Combined TRACON& Tower with Radar,14,6,2,6,28,0,0,23,1,24,14,6,25,7,52,50,16,66,118
12/08/2020,PIA,IL,AGL,CE,Combined TRACON& Tower with Radar,10,2,15,6,33,0,1,3,16,20,10,3,18,22,53,0,32,32,85
12/09/2020,PIA,IL,AGL,CE,Combined TRACON& Tower with Radar,10,4,17,3,34,0,3,30,17,50,10,7,47,20,84,40,18,58,142
12/10/2020,PIA,IL,AGL,CE,Combined TRACON& Tower with Radar,16,8,18,15,57,0,2,47,17,66,16,10,65,32,123,108,56,164,287
12/11/2020,PIA,IL,AGL,CE,Combined TRACON& Tower with Radar,18,6,5,0,29,0,1,3,0,4,18,7,8,0,33,0,0,0,33
12/12/2020,PIA,IL,AGL,CE,Combined TRACON& Tower with Radar,10,6,1,0,17,0,0,0,0,0,10,6,1,0,17,0,0,0,17
12/13/2020,PIA,IL,AGL,CE,Combined TRACON& Tower with Radar,12,6,5,0,23,0,0,7,3,10,12,6,12,3,33,4,0,4,37
12/14/2020,PIA,IL,AGL,CE,Combined TRACON& Tower with Radar,14,6,15,4,39,0,1,46,11,58,14,7,61,15,97,30,16,46,143
12/15/2020,PIA,IL,AGL,CE,Combined TRACON& Tower with Radar,12,4,15,4,35,0,3,28,26,57,12,7,43,30,92,42,20,62,154
12/16/2020,PIA,IL,AGL,CE,Combined TRACON& Tower with Radar,10,4,12,8,34,0,1,4,23,28,10,5,16,31,62,0,6,6,68
12/17/2020,PIA,IL,AGL,CE,Combined TRACON& Tower with Radar,17,5,19,20,61,0,1,14,19,34,17,6,33,39,95,20,18,38,133
12/18/2020,PIA,IL,AGL,CE,Combined TRACON& Tower with Radar,20,4,10,11,45,0,2,12,6,20,20,6,22,17,65,0,38,38,103
12/19/2020,PIA,IL,AGL,CE,Combined TRACON& Tower with Radar,14,5,12,0,31,0,1,8,0,9,14,6,20,0,40,44,0,44,84
12/20/2020,PIA,IL,AGL,CE,Combined TRACON& Tower with Radar,14,4,5,0,23,0,1,16,2,19,14,5,21,2,42,0,0,0,42
12/21/2020,PIA,IL,AGL,CE,Combined TRACON& Tower with Radar,20,3,10,2,35,0,0,12,0,12,20,3,22,2,47,0,0,0,47
12/22/2020,PIA,IL,AGL,CE,Combined TRACON& Tower with Radar,16,3,21,13,53,0,5,41,25,71,16,8,62,38,124,22,40,62,186
12/23/2020,PIA,IL,AGL,CE,Combined TRACON& Tower with Radar,24,2,5,0,31,0,4,16,0,20,24,6,21,0,51,0,0,0,51
12/24/2020,PIA,IL,AGL,CE,Combined TRACON& Tower with Radar,18,2,1,0,21,0,1,5,0,6,18,3,6,0,27,16,0,16,43
12/25/2020,PIA,IL,AGL,CE,Combined TRACON& Tower with Radar,8,0,2,0,10,0,2,4,0,6,8,2,6,0,16,0,0,0,16
12/26/2020,PIA,IL,AGL,CE,Combined TRACON& Tower with Radar,16,4,10,0,30,0,2,42,2,46,16,6,52,2,76,26,0,26,102
12/27/2020,PIA,IL,AGL,CE,Combined TRACON& Tower with Radar,16,5,4,0,25,0,0,18,0,18,16,5,22,0,43,12,0,12,55
12/28/2020,PIA,IL,AGL,CE,Combined TRACON& Tower with Radar,20,8,32,0,60,0,3,27,0,30,20,11,59,0,90,48,0,48,138
12/29/2020,PIA,IL,AGL,CE,Combined TRACON& Tower with Radar,11,8,4,0,23,0,1,16,0,17,11,9,20,0,40,36,0,36,76
12/30/2020,PIA,IL,AGL,CE,Combined TRACON& Tower with Radar,20,4,2,0,26,0,2,2,0,4,20,6,4,0,30,0,0,0,30
12/31/2020,PIA,IL,AGL,CE,Combined TRACON& Tower with Radar,20,2,7,0,29,0,2,12,0,14,20,4,19,0,43,16,0,16,59
01/01/2021,PIA,IL,AGL,CE,Combined TRACON& Tower with Radar,2,0,1,0,3,0,0,0,0,0,2,0,1,0,3,0,0,0,3
01/02/2021,PIA,IL,AGL,CE,Combined TRACON& Tower with Radar,19,6,6,0,31,0,0,0,0,0,19,6,6,0,31,0,0,0,31
01/03/2021,PIA,IL,AGL,CE,Combined TRACON& Tower with Radar,13,11,5,0,29,0,0,0,0,0,13,11,5,0,29,0,0,0,29
01/04/2021,PIA,IL,AGL,CE,Combined TRACON& Tower with Radar,23,4,8,0,35,0,0,0,0,0,23,4,8,0,35,0,0,0,35
01/05/2021,PIA,IL,AGL,CE,Combined TRACON& Tower with Radar,21,10,7,8,46,0,0,4,0,4,21,10,11,8,50,0,0,0,50
01/06/2021,PIA,IL,AGL,CE,Combined TRACON& Tower with Radar,13,0,10,14,37,0,0,2,4,6,13,0,12,18,43,0,4,4,47
01/07/2021,PIA,IL,AGL,CE,Combined TRACON& Tower with Radar,18,7,11,6,42,0,2,10,15,27,18,9,21,21,69,48,6,54,123
01/08/2021,PIA,IL,AGL,CE,Combined TRACON& Tower with Radar,20,3,9,3,35,0,2,22,0,24,20,5,31,3,59,36,0,36,95
01/09/2021,PIA,IL,AGL,CE,Combined TRACON& Tower with Radar,11,3,16,0,30,0,1,10,0,11,11,4,26,0,41,42,0,42,83
01/10/2021,PIA,IL,AGL,CE,Combined TRACON& Tower with Radar,13,3,3,0,19,0,5,8,0,13,13,8,11,0,32,0,0,0,32
01/11/2021,PIA,IL,AGL,CE,Combined TRACON& Tower with Radar,16,0,7,3,26,0,3,8,0,11,16,3,15,3,37,20,0,20,57
01/12/2021,PIA,IL,AGL,CE,Combined TRACON& Tower with Radar,14,4,11,3,32,0,1,29,13,43,14,5,40,16,75,56,13,69,144
01/13/2021,PIA,IL,AGL,CE,Combined TRACON& Tower with Radar,16,4,16,5,41,0,0,27,33,60,16,4,43,38,101,42,8,50,151
01/14/2021,PIA,IL,AGL,CE,Combined TRACON& Tower with Radar,18,0,7,8,33,0,2,15,6,23,18,2,22,14,56,0,14,14,70
01/15/2021,PIA,IL,AGL,CE,Combined TRACON& Tower with Radar,18,4,6,6,34,0,0,0,0,0,18,4,6,6,34,0,0,0,34
01/16/2021,PIA,IL,AGL,CE,Combined TRACON& Tower with Radar,11,4,1,0,16,0,0,0,0,0,11,4,1,0,16,0,0,0,16
01/17/2021,PIA,IL,AGL,CE,Combined TRACON& Tower with Radar,15,2,4,0,21,0,0,0,0,0,15,2,4,0,21,0,0,0,21
01/18/2021,PIA,IL,AGL,CE,Combined TRACON& Tower with Radar,16,0,14,7,37,0,1,11,0,12,16,1,25,7,49,10,0,10,59
01/19/2021,PIA,IL,AGL,CE,Combined TRACON& Tower with Radar,14,1,16,5,36,0,2,9,4,15,14,3,25,9,51,0,8,8,59
01/20/2021,PIA,IL,AGL,CE,Combined TRACON& Tower with Radar,14,1,15,10,40,0,4,28,16,48,14,5,43,26,88,30,18,48,136
01/21/2021,PIA,IL,AGL,CE,Combined TRACON& Tower with Radar,18,5,22,3,48,0,2,53,15,70,18,7,75,18,118,42,12,54,172
01/22/2021,PIA,IL,AGL,CE,Combined TRACON& Tower with Radar,18,10,8,16,52,0,2,33,12,47,18,12,41,28,99,30,40,70,169
01/23/2021,PIA,IL,AGL,CE,Combined TRACON& Tower with Radar,11,3,13,0,27,0,0,37,0,37,11,3,50,0,64,80,0,80,144
01/24/2021,PIA,IL,AGL,CE,Combined TRACON& Tower with Radar,13,2,8,0,23,0,2,18,0,20,13,4,26,0,43,2,0,2,45
01/25/2021,PIA,IL,AGL,CE,Combined TRACON& Tower with Radar,15,3,2,1,21,0,0,8,0,8,15,3,10,1,29,24,0,24,53
01/26/2021,PIA,IL,AGL,CE,Combined TRACON& Tower with Radar,13,3,5,14,35,0,1,2,0,3,13,4,7,14,38,0,0,0,38
01/27/2021,PIA,IL,AGL,CE,Combined TRACON& Tower with Radar,14,0,10,10,34,0,1,16,16,33,14,1,26,26,67,38,32,70,137
01/28/2021,PIA,IL,AGL,CE,Combined TRACON& Tower with Radar,17,4,14,4,39,0,2,29,5,36,17,6,43,9,75,12,0,12,87
01/29/2021,PIA,IL,AGL,CE,Combined TRACON& Tower with Radar,19,0,18,15,52,0,0,52,2,54,19,0,70,17,106,26,0,26,132
01/30/2021,PIA,IL,AGL,CE,Combined TRACON& Tower with Radar,11,5,6,8,30,0,2,9,0,11,11,7,15,8,41,32,0,32,73
01/31/2021,PIA,IL,AGL,CE,Combined TRACON& Tower with Radar,13,1,3,14,31,0,0,0,0,0,13,1,3,14,31,0,0,0,31
02/01/2021,PIA,IL,AGL,CE,Combined TRACON& Tower with Radar,16,4,9,12,41,0,1,6,15,22,16,5,15,27,63,2,52,54,117
02/02/2021,PIA,IL,AGL,CE,Combined TRACON& Tower with Radar,14,2,7,10,33,0,1,1,0,2,14,3,8,10,35,0,0,0,35
02/03/2021,PIA,IL,AGL,CE,Combined TRACON& Tower with Radar,16,4,10,12,42,0,0,23,18,41,16,4,33,30,83,32,18,50,133
02/04/2021,PIA,IL,AGL,CE,Combined TRACON& Tower with Radar,17,2,6,1,26,0,0,0,0,0,17,2,6,1,26,0,0,0,26
02/05/2021,PIA,IL,AGL,CE,Combined TRACON& Tower with Radar,19,3,9,9,40,0,3,18,21,42,19,6,27,30,82,0,26,26,108
02/06/2021,PIA,IL,AGL,CE,Combined TRACON& Tower with Radar,13,7,13,0,33,0,3,12,4,19,13,10,25,4,52,6,2,8,60
02/07/2021,PIA,IL,AGL,CE,Combined TRACON& Tower with Radar,11,4,4,0,19,0,2,22,0,24,11,6,26,0,43,16,0,16,59
02/08/2021,PIA,IL,AGL,CE,Combined TRACON& Tower with Radar,18,2,4,4,28,0,0,2,0,2,18,2,6,4,30,0,0,0,30
02/09/2021,PIA,IL,AGL,CE,Combined TRACON& Tower with Radar,14,2,11,15,42,0,3,31,19,53,14,5,42,34,95,18,28,46,141
02/10/2021,PIA,IL,AGL,CE,Combined TRACON& Tower with Radar,19,0,6,4,29,0,2,2,4,8,19,2,8,8,37,0,8,8,45
02/11/2021,PIA,IL,AGL,CE,Combined TRACON& Tower with Radar,13,2,15,20,50,0,7,17,19,43,13,9,32,39,93,0,60,60,153
02/12/2021,PIA,IL,AGL,CE,Combined TRACON& Tower with Radar,14,8,17,0,39,0,0,18,0,18,14,8,35,0,57,26,0,26,83
02/13/2021,PIA,IL,AGL,CE,Combined TRACON& Tower with Radar,18,2,3,0,23,0,1,1,0,2,18,3,4,0,25,0,0,0,25
02/14/2021,PIA,IL,AGL,CE,Combined TRACON& Tower with Radar,9,6,9,0,24,0,5,6,0,11,9,11,15,0,35,2,0,2,37
02/15/2021,PIA,IL,AGL,CE,Combined TRACON& Tower with Radar,9,1,2,0,12,0,0,2,0,2,9,1,4,0,14,0,0,0,14
02/16/2021,PIA,IL,AGL,CE,Combined TRACON& Tower with Radar,10,3,9,12,34,0,3,12,13,28,10,6,21,25,62,34,28,62,124
02/17/2021,PIA,IL,AGL,CE,Combined TRACON& Tower with Radar,14,0,6,14,34,0,1,4,4,9,14,1,10,18,43,4,8,12,55
02/18/2021,PIA,IL,AGL,CE,Combined TRACON& Tower with Radar,14,2,17,15,48,0,1,14,20,35,14,3,31,35,83,0,40,40,123
02/19/2021,PIA,IL,AGL,CE,Combined TRACON& Tower with Radar,16,2,11,7,36,0,0,26,16,42,16,2,37,23,78,50,36,86,164
02/20/2021,PIA,IL,AGL,CE,Combined TRACON& Tower with Radar,16,4,14,0,34,0,1,40,0,41,16,5,54,0,75,42,0,42,117
02/21/2021,PIA,IL,AGL,CE,Combined TRACON& Tower with Radar,12,4,6,0,22,0,1,17,0,18,12,5,23,0,40,6,4,10,50
02/22/2021,PIA,IL,AGL,CE,Combined TRACON& Tower with Radar,14,3,9,14,40,0,3,10,6,19,14,6,19,20,59,0,0,0,59
02/23/2021,PIA,IL,AGL,CE,Combined TRACON& Tower with Radar,14,5,23,13,55,0,4,44,16,64,14,9,67,29,119,38,38,76,195
02/24/2021,PIA,IL,AGL,CE,Combined TRACON& Tower with Radar,20,6,17,19,62,0,6,23,35,64,20,12,40,54,126,2,53,55,181
02/25/2021,PIA,IL,AGL,CE,Combined TRACON& Tower with Radar,15,8,11,7,41,0,0,33,7,40,15,8,44,14,81,20,10,30,111
02/26/2021,PIA,IL,AGL,CE,Combined TRACON& Tower with Radar,17,4,15,0,36,0,4,36,4,44,17,8,51,4,80,34,0,34,114
02/27/2021,PIA,IL,AGL,CE,Combined TRACON& Tower with Radar,14,11,7,6,38,0,1,45,0,46,14,12,52,6,84,52,0,52,136
02/28/2021,PIA,IL,AGL,CE,Combined TRACON& Tower with Radar,12,9,8,0,29,0,8,25,0,33,12,17,33,0,62,18,0,18,80
03/01/2021,PIA,IL,AGL,CE,Combined TRACON& Tower with Radar,15,6,15,4,40,0,3,31,6,40,15,9,46,10,80,34,12,46,126
03/02/2021,PIA,IL,AGL,CE,Combined TRACON& Tower with Radar,14,0,18,5,37,0,0,29,11,40,14,0,47,16,77,26,6,32,109
03/03/2021,PIA,IL,AGL,CE,Combined TRACON& Tower with Radar,19,17,11,2,49,0,1,43,6,50,19,18,54,8,99,42,2,44,143
03/04/2021,PIA,IL,AGL,CE,Combined TRACON& Tower with Radar,18,5,13,10,46,0,2,61,12,75,18,7,74,22,121,60,22,82,203
03/05/2021,PIA,IL,AGL,CE,Combined TRACON& Tower with Radar,18,4,12,12,46,0,8,48,19,75,18,12,60,31,121,28,64,92,213
03/06/2021,PIA,IL,AGL,CE,Combined TRACON& Tower with Radar,18,6,18,0,42,0,6,39,0,45,18,12,57,0,87,56,0,56,143
03/07/2021,PIA,IL,AGL,CE,Combined TRACON& Tower with Radar,14,2,3,0,19,0,5,29,4,38,14,7,32,4,57,2,2,4,61
03/08/2021,PIA,IL,AGL,CE,Combined TRACON& Tower with Radar,15,4,21,2,42,0,3,18,9,30,15,7,39,11,72,8,20,28,100
03/09/2021,PIA,IL,AGL,CE,Combined TRACON& Tower with Radar,21,4,6,4,35,0,4,26,24,54,21,8,32,28,89,6,20,26,115
03/10/2021,PIA,IL,AGL,CE,Combined TRACON& Tower with Radar,22,4,14,6,46,0,0,3,9,12,22,4,17,15,58,0,10,10,68
03/11/2021,PIA,IL,AGL,CE,Combined TRACON& Tower with Radar,20,4,25,28,77,0,0,40,8,48,20,4,65,36,125,88,48,136,261
03/12/2021,PIA,IL,AGL,CE,Combined TRACON& Tower with Radar,20,5,13,6,44,0,6,44,12,62,20,11,57,18,106,82,36,118,224
03/13/2021,PIA,IL,AGL,CE,Combined TRACON& Tower with Radar,18,4,12,1,35,0,0,29,6,35,18,4,41,7,70,16,2,18,88
03/14/2021,PIA,IL,AGL,CE,Combined TRACON& Tower with Radar,18,4,6,1,29,0,0,14,1,15,18,4,20,2,44,0,0,0,44
03/15/2021,PIA,IL,AGL,CE,Combined TRACON& Tower with Radar,14,2,1,11,28,0,0,0,0,0,14,2,1,11,28,0,0,0,28
03/16/2021,PIA,IL,AGL,CE,Combined TRACON& Tower with Radar,24,4,11,17,56,0,0,0,0,0,24,4,11,17,56,0,0,0,56
03/17/2021,PIA,IL,AGL,CE,Combined TRACON& Tower with Radar,20,5,18,0,43,0,0,0,0,0,20,5,18,0,43,4,0,4,47
03/18/2021,PIA,IL,AGL,CE,Combined TRACON& Tower with Radar,20,4,2,0,26,0,3,4,0,7,20,7,6,0,33,2,10,12,45
03/19/2021,PIA,IL,AGL,CE,Combined TRACON& Tower with Radar,21,4,25,4,54,0,4,33,6,43,21,8,58,10,97,2,0,2,99
03/20/2021,PIA,IL,AGL,CE,Combined TRACON& Tower with Radar,19,8,30,0,57,0,6,52,5,63,19,14,82,5,120,34,6,40,160
03/21/2021,PIA,IL,AGL,CE,Combined TRACON& Tower with Radar,15,4,14,1,34,0,3,16,0,19,15,7,30,1,53,14,0,14,67
03/22/2021,PIA,IL,AGL,CE,Combined TRACON& Tower with Radar,17,5,7,7,36,0,0,19,10,29,17,5,26,17,65,20,16,36,101
03/23/2021,PIA,IL,AGL,CE,Combined TRACON& Tower with Radar,24,2,14,4,44,0,0,3,0,3,24,2,17,4,47,0,0,0,47
03/24/2021,PIA,IL,AGL,CE,Combined TRACON& Tower with Radar,20,2,19,2,43,0,1,5,26,32,20,3,24,28,75,0,40,40,115
03/25/2021,PIA,IL,AGL,CE,Combined TRACON& Tower with Radar,22,7,14,7,50,0,1,4,11,16,22,8,18,18,66,0,18,18,84
03/26/2021,PIA,IL,AGL,CE,Combined TRACON& Tower with Radar,18,7,31,0,56,0,1,7,0,8,18,8,38,0,64,20,0,20,84
03/27/2021,PIA,IL,AGL,CE,Combined TRACON& Tower with Radar,20,7,5,1,33,0,2,17,1,20,20,9,22,2,53,18,0,18,71
03/28/2021,PIA,IL,AGL,CE,Combined TRACON& Tower with Radar,15,7,13,0,35,0,0,12,0,12,15,7,25,0,47,0,0,0,47
03/29/2021,PIA,IL,AGL,CE,Combined TRACON& Tower with Radar,12,5,7,3,27,0,1,10,0,11,12,6,17,3,38,0,0,0,38
03/30/2021,PIA,IL,AGL,CE,Combined TRACON& Tower with Radar,21,3,8,6,38,0,1,13,19,33,21,4,21,25,71,8,26,34,105
03/31/2021,PIA,IL,AGL,CE,Combined TRACON& Tower with Radar,18,11,10,4,43,0,2,25,23,50,18,13,35,27,93,26,28,54,147
04/01/2021,PIA,IL,AGL,CE,Combined TRACON& Tower with Radar,18,2,17,1,38,0,12,53,13,78,18,14,70,14,116,112,8,120,236
04/02/2021,PIA,IL,AGL,CE,Combined TRACON& Tower with Radar,18,4,8,0,30,0,12,60,0,72,18,16,68,0,102,100,0,100,202
04/03/2021,PIA,IL,AGL,CE,Combined TRACON& Tower with Radar,18,7,8,0,33,0,2,21,0,23,18,9,29,0,56,0,0,0,56
04/04/2021,PIA,IL,AGL,CE,Combined TRACON& Tower with Radar,14,5,7,0,26,0,4,27,0,31,14,9,34,0,57,16,0,16,73
04/05/2021,PIA,IL,AGL,CE,Combined TRACON& Tower with Radar,15,4,15,4,38,0,7,28,1,36,15,11,43,5,74,8,0,8,82
04/06/2021,PIA,IL,AGL,CE,Combined TRACON& Tower with Radar,17,5,7,10,39,0,12,35,27,74,17,17,42,37,113,32,44,76,189
04/07/2021,PIA,IL,AGL,CE,Combined TRACON& Tower with Radar,18,4,9,4,35,0,1,6,10,17,18,5,15,14,52,0,4,4,56
04/08/2021,PIA,IL,AGL,CE,Combined TRACON& Tower with Radar,18,9,20,2,49,0,7,25,20,52,18,16,45,22,101,60,30,90,191
04/09/2021,PIA,IL,AGL,CE,Combined TRACON& Tower with Radar,18,4,24,6,52,0,11,49,21,81,18,15,73,27,133,52,40,92,225
04/10/2021,PIA,IL,AGL,CE,Combined TRACON& Tower with Radar,18,5,0,1,24,0,2,2,0,4,18,7,2,1,28,0,0,0,28
04/11/2021,PIA,IL,AGL,CE,Combined TRACON& Tower with Radar,14,12,10,0,36,0,0,2,0,2,14,12,12,0,38,0,0,0,38
04/12/2021,PIA,IL,AGL,CE,Combined TRACON& Tower with Radar,16,7,20,1,44,0,1,32,3,36,16,8,52,4,80,0,0,0,80
04/13/2021,PIA,IL,AGL,CE,Combined TRACON& Tower with Radar,14,7,35,6,62,0,2,36,16,54,14,9,71,22,116,32,36,68,184
04/14/2021,PIA,IL,AGL,CE,Combined TRACON& Tower with Radar,18,7,20,9,54,0,17,41,35,93,18,24,61,44,147,74,34,108,255
04/15/2021,PIA,IL,AGL,CE,Combined TRACON& Tower with Radar,18,5,11,6,40,0,12,26,13,51,18,17,37,19,91,44,14,58,149
04/16/2021,PIA,IL,AGL,CE,Combined TRACON& Tower with Radar,18,6,15,4,43,0,18,62,2,82,18,24,77,6,125,56,0,56,181
04/17/2021,PIA,IL,AGL,CE,Combined TRACON& Tower with Radar,14,8,11,0,33,0,15,41,0,56,14,23,52,0,89,78,0,78,167
04/18/2021,PIA,IL,AGL,CE,Combined TRACON& Tower with Radar,16,10,11,0,37,0,0,31,0,31,16,10,42,0,68,56,0,56,124
04/19/2021,PIA,IL,AGL,CE,Combined TRACON& Tower with Radar,16,10,6,5,37,0,2,17,1,20,16,12,23,6,57,42,6,48,105
04/20/2021,PIA,IL,AGL,CE,Combined TRACON& Tower with Radar,14,6,4,6,30,0,0,3,5,8,14,6,7,11,38,0,0,0,38
04/21/2021,PIA,IL,AGL,CE,Combined TRACON& Tower with Radar,14,2,11,10,37,0,11,32,19,62,14,13,43,29,99,22,14,36,135
04/22/2021,PIA,IL,AGL,CE,Combined TRACON& Tower with Radar,18,8,21,4,51,0,11,73,31,115,18,19,94,35,166,42,34,76,242
04/23/2021,PIA,IL,AGL,CE,Combined TRACON& Tower with Radar,20,6,11,4,41,0,16,32,4,52,20,22,43,8,93,24,0,24,117
04/24/2021,PIA,IL,AGL,CE,Combined TRACON& Tower with Radar,14,6,14,0,34,0,10,27,5,42,14,16,41,5,76,60,2,62,138
04/25/2021,PIA,IL,AGL,CE,Combined TRACON& Tower with Radar,14,6,19,0,39,0,6,33,2,41,14,12,52,2,80,50,0,50,130
04/26/2021,PIA,IL,AGL,CE,Combined TRACON& Tower with Radar,17,7,1,0,25,0,3,10,1,14,17,10,11,1,39,0,0,0,39
04/27/2021,PIA,IL,AGL,CE,Combined TRACON& Tower with Radar,17,3,8,7,35,0,2,18,25,45,17,5,26,32,80,0,14,14,94
04/28/2021,PIA,IL,AGL,CE,Combined TRACON& Tower with Radar,13,4,8,2,27,0,0,10,0,10,13,4,18,2,37,4,0,4,41
04/29/2021,PIA,IL,AGL,CE,Combined TRACON& Tower with Radar,19,11,11,3,44,0,13,26,18,57,19,24,37,21,101,76,42,118,219
04/30/2021,PIA,IL,AGL,CE,Combined TRACON& Tower with Radar,18,9,13,2,42,0,7,56,10,73,18,16,69,12,115,46,16,62,177
05/01/2021,PIA,IL,AGL,CE,Combined TRACON& Tower with Radar,14,9,14,1,38,0,3,15,4,22,14,12,29,5,60,0,0,0,60
05/02/2021,PIA,IL,AGL,CE,Combined TRACON& Tower with Radar,14,8,7,3,32,0,2,10,1,13,14,10,17,4,45,0,0,0,45
05/03/2021,PIA,IL,AGL,CE,Combined TRACON& Tower with Radar,16,14,18,7,55,0,0,0,0,0,16,14,18,7,55,0,0,0,55
05/04/2021,PIA,IL,AGL,CE,Combined TRACON& Tower with Radar,14,4,24,45,87,0,4,8,16,28,14,8,32,61,115,28,34,62,177
05/05/2021,PIA,IL,AGL,CE,Combined TRACON& Tower with Radar,13,9,26,0,48,0,8,74,12,94,13,17,100,12,142,92,2,94,236
05/06/2021,PIA,IL,AGL,CE,Combined TRACON& Tower with Radar,17,9,26,0,52,0,8,33,1,42,17,17,59,1,94,30,2,32,126
05/07/2021,PIA,IL,AGL,CE,Combined TRACON& Tower with Radar,18,9,12,8,47,0,0,18,0,18,18,9,30,8,65,0,0,0,65
05/08/2021,PIA,IL,AGL,CE,Combined TRACON& Tower with Radar,16,7,12,1,36,0,1,19,3,23,16,8,31,4,59,10,0,10,69
05/09/2021,PIA,IL,AGL,CE,Combined TRACON& Tower with Radar,14,6,3,0,23,0,6,7,3,16,14,12,10,3,39,20,0,20,59
05/10/2021,PIA,IL,AGL,CE,Combined TRACON& Tower with Radar,15,4,24,10,53,0,9,50,9,68,15,13,74,19,121,66,16,82,203
05/11/2021,PIA,IL,AGL,CE,Combined TRACON& Tower with Radar,13,4,17,4,38,0,1,31,5,37,13,5,48,9,75,58,0,58,133
05/12/2021,PIA,IL,AGL,CE,Combined TRACON& Tower with Radar,16,7,19,20,62,0,1,40,14,55,16,8,59,34,117,44,18,62,179
05/13/2021,PIA,IL,AGL,CE,Combined TRACON& Tower with Radar,18,5,15,1,39,0,1,34,13,48,18,6,49,14,87,54,8,62,149
05/14/2021,PIA,IL,AGL,CE,Combined TRACON& Tower with Radar,18,7,16,5,46,0,5,58,14,77,18,12,74,19,123,0,0,0,123
05/15/2021,PIA,IL,AGL,CE,Combined TRACON& Tower with Radar,14,8,1,0,23,0,2,8,4,14,14,10,9,4,37,0,0,0,37
05/16/2021,PIA,IL,AGL,CE,Combined TRACON& Tower with Radar,15,7,9,0,31,0,11,32,2,45,15,18,41,2,76,34,0,34,110
05/17/2021,PIA,IL,AGL,CE,Combined TRACON& Tower with Radar,17,10,9,2,38,0,0,1,0,1,17,10,10,2,39,0,0,0,39
05/18/2021,PIA,IL,AGL,CE,Combined TRACON& Tower with Radar,14,7,15,15,51,0,0,0,0,0,14,7,15,15,51,0,0,0,51
05/19/2021,PIA,IL,AGL,CE,Combined TRACON& Tower with Radar,14,13,19,13,59,0,4,12,33,49,14,17,31,46,108,0,58,58,166
05/20/2021,PIA,IL,AGL,CE,Combined TRACON& Tower with Radar,18,8,16,3,45,0,12,47,14,73,18,20,63,17,118,44,8,52,170
05/21/2021,PIA,IL,AGL,CE,Combined TRACON& Tower with Radar,18,8,25,0,51,0,0,29,2,31,18,8,54,2,82,0,0,0,82
05/22/2021,PIA,IL,AGL,CE,Combined TRACON& Tower with Radar,14,8,18,0,40,0,14,60,1,75,14,22,78,1,115,70,0,70,185
05/23/2021,PIA,IL,AGL,CE,Combined TRACON& Tower with Radar,14,6,18,1,39,0,5,26,0,31,14,11,44,1,70,20,0,20,90
05/24/2021,PIA,IL,AGL,CE,Combined TRACON& Tower with Radar,15,8,22,5,50,0,8,52,2,62,15,16,74,7,112,78,10,88,200
05/25/2021,PIA,IL,AGL,CE,Combined TRACON& Tower with Radar,15,4,6,13,38,0,7,16,14,37,15,11,22,27,75,26,0,26,101
05/26/2021,PIA,IL,AGL,CE,Combined TRACON& Tower with Radar,18,6,20,4,48,0,5,50,26,81,18,11,70,30,129,52,28,80,209
05/27/2021,PIA,IL,AGL,CE,Combined TRACON& Tower with Radar,20,6,16,10,52,0,0,8,7,15,20,6,24,17,67,0,6,6,73
05/28/2021,PIA,IL,AGL,CE,Combined TRACON& Tower with Radar,20,4,29,0,53,0,0,0,0,0,20,4,29,0,53,0,0,0,53
05/29/2021,PIA,IL,AGL,CE,Combined TRACON& Tower with Radar,14,3,17,0,34,0,4,36,0,40,14,7,53,0,74,26,0,26,100
05/30/2021,PIA,IL,AGL,CE,Combined TRACON& Tower with Radar,14,3,10,0,27,0,11,49,0,60,14,14,59,0,87,42,0,42,129
05/31/2021,PIA,IL,AGL,CE,Combined TRACON& Tower with Radar,16,4,15,0,35,0,14,36,0,50,16,18,51,0,85,24,0,24,109
06/01/2021,PIA,IL,AGL,CE,Combined TRACON& Tower with Radar,16,10,16,5,47,0,10,66,7,83,16,20,82,12,130,80,8,88,218
06/02/2021,PIA,IL,AGL,CE,Combined TRACON& Tower with Radar,20,9,24,11,64,0,6,45,15,66,20,15,69,26,130,10,32,42,172
06/03/2021,PIA,IL,AGL,CE,Combined TRACON& Tower with Radar,20,9,21,3,53,0,2,41,8,51,20,11,62,11,104,34,2,36,140
06/04/2021,PIA,IL,AGL,CE,Combined TRACON& Tower with Radar,22,6,24,6,58,0,3,33,10,46,22,9,57,16,104,12,24,36,140
06/05/2021,PIA,IL,AGL,CE,Combined TRACON& Tower with Radar,15,9,10,4,38,0,5,46,18,69,15,14,56,22,107,28,44,72,179
06/06/2021,PIA,IL,AGL,CE,Combined TRACON& Tower with Radar,18,7,16,0,41,0,22,37,13,72,18,29,53,13,113,4,22,26,139
06/07/2021,PIA,IL,AGL,CE,Combined TRACON& Tower with Radar,17,10,9,4,40,0,1,16,1,18,17,11,25,5,58,18,6,24,82
06/08/2021,PIA,IL,AGL,CE,Combined TRACON& Tower with Radar,20,10,12,18,60,0,15,45,44,104,20,25,57,62,164,80,58,138,302
06/09/2021,PIA,IL,AGL,CE,Combined TRACON& Tower with Radar,20,10,35,17,82,0,3,38,18,59,20,13,73,35,141,22,32,54,195
06/10/2021,PIA,IL,AGL,CE,Combined TRACON& Tower with Radar,22,9,11,7,49,0,3,28,11,42,22,12,39,18,91,46,6,52,143
06/11/2021,PIA,IL,AGL,CE,Combined TRACON& Tower with Radar,22,15,18,0,55,0,6,29,1,36,22,21,47,1,91,14,0,14,105
06/12/2021,PIA,IL,AGL,CE,Combined TRACON& Tower with Radar,18,8,18,2,46,0,3,32,1,36,18,11,50,3,82,24,0,24,106
06/13/2021,PIA,IL,AGL,CE,Combined TRACON& Tower with Radar,18,8,12,1,39,0,1,30,2,33,18,9,42,3,72,12,0,12,84
06/14/2021,PIA,IL,AGL,CE,Combined TRACON& Tower with Radar,20,6,14,6,46,0,22,41,18,81,20,28,55,24,127,32,46,78,205
06/15/2021,PIA,IL,AGL,CE,Combined TRACON& Tower with Radar,18,9,17,1,45,0,7,60,22,89,18,16,77,23,134,96,52,148,282
06/16/2021,PIA,IL,AGL,CE,Combined TRACON& Tower with Radar,20,10,25,12,67,0,4,50,29,83,20,14,75,41,150,10,22,32,182
06/17/2021,PIA,IL,AGL,CE,Combined TRACON& Tower with Radar,22,8,13,3,46,0,0,33,7,40,22,8,46,10,86,20,16,36,122
06/18/2021,PIA,IL,AGL,CE,Combined TRACON& Tower with Radar,21,7,27,6,61,0,0,7,6,13,21,7,34,12,74,8,6,14,88
06/19/2021,PIA,IL,AGL,CE,Combined TRACON& Tower with Radar,18,9,13,0,40,0,11,29,1,41,18,20,42,1,81,28,0,28,109
06/20/2021,PIA,IL,AGL,CE,Combined TRACON& Tower with Radar,17,10,9,0,36,0,2,21,0,23,17,12,30,0,59,20,0,20,79
06/21/2021,PIA,IL,AGL,CE,Combined TRACON& Tower with Radar,19,13,17,3,52,0,3,18,0,21,19,16,35,3,73,0,0,0,73
06/22/2021,PIA,IL,AGL,CE,Combined TRACON& Tower with Radar,17,8,23,3,51,0,7,53,21,81,17,15,76,24,132,36,4,40,172
06/23/2021,PIA,IL,AGL,CE,Combined TRACON& Tower with Radar,21,13,31,0,65,0,1,14,18,33,21,14,45,18,98,0,20,20,118
06/24/2021,PIA,IL,AGL,CE,Combined TRACON& Tower with Radar,22,12,14,2,50,0,9,32,8,49,22,21,46,10,99,68,24,92,191
06/25/2021,PIA,IL,AGL,CE,Combined TRACON& Tower with Radar,21,6,10,25,62,0,9,27,14,50,21,15,37,39,112,60,24,84,196
06/26/2021,PIA,IL,AGL,CE,Combined TRACON& Tower with Radar,17,15,8,0,40,0,1,2,0,3,17,16,10,0,43,0,0,0,43
06/27/2021,PIA,IL,AGL,CE,Combined TRACON& Tower with Radar,18,7,13,0,38,0,1,20,0,21,18,8,33,0,59,32,0,32,91
06/28/2021,PIA,IL,AGL,CE,Combined TRACON& Tower with Radar,19,11,13,0,43,0,0,10,0,10,19,11,23,0,53,10,24,34,87
06/29/2021,PIA,IL,AGL,CE,Combined TRACON& Tower with Radar,18,9,5,6,38,0,1,4,20,25,18,10,9,26,63,16,20,36,99
06/30/2021,PIA,IL,AGL,CE,Combined TRACON& Tower with Radar,19,14,12,3,48,0,1,5,16,22,19,15,17,19,70,6,12,18,88
07/01/2021,PIA,IL,AGL,CE,Combined TRACON& Tower with Radar,22,13,21,5,61,0,4,30,9,43,22,17,51,14,104,26,8,34,138
07/02/2021,PIA,IL,AGL,CE,Combined TRACON& Tower with Radar,18,13,15,0,46,0,10,38,2,50,18,23,53,2,96,34,0,34,130
07/03/2021,PIA,IL,AGL,CE,Combined TRACON& Tower with Radar,16,7,14,0,37,0,1,40,0,41,16,8,54,0,78,14,0,14,92
07/04/2021,PIA,IL,AGL,CE,Combined TRACON& Tower with Radar,18,4,1,0,23,0,22,41,0,63,18,26,42,0,86,22,0,22,108
07/05/2021,PIA,IL,AGL,CE,Combined TRACON& Tower with Radar,18,8,16,0,42,0,25,56,0,81,18,33,72,0,123,18,0,18,141
07/06/2021,PIA,IL,AGL,CE,Combined TRACON& Tower with Radar,17,10,22,7,56,0,35,60,29,124,17,45,82,36,180,40,54,94,274
07/07/2021,PIA,IL,AGL,CE,Combined TRACON& Tower with Radar,19,10,12,8,49,0,11,35,15,61,19,21,47,23,110,24,16,40,150
07/08/2021,PIA,IL,AGL,CE,Combined TRACON& Tower with Radar,21,19,15,14,69,0,2,29,2,33,21,21,44,16,102,8,4,12,114
07/09/2021,PIA,IL,AGL,CE,Combined TRACON& Tower with Radar,22,7,15,19,63,0,0,17,19,36,22,7,32,38,99,4,34,38,137
07/10/2021,PIA,IL,AGL,CE,Combined TRACON& Tower with Radar,17,11,3,0,31,0,0,0,0,0,17,11,3,0,31,0,0,0,31
07/11/2021,PIA,IL,AGL,CE,Combined TRACON& Tower with Radar,18,6,23,0,47,0,10,7,0,17,18,16,30,0,64,0,0,0,64
07/12/2021,PIA,IL,AGL,CE,Combined TRACON& Tower with Radar,20,8,11,3,42,0,10,15,0,25,20,18,26,3,67,2,0,2,69
07/13/2021,PIA,IL,AGL,CE,Combined TRACON& Tower with Radar,18,15,25,4,62,0,12,28,20,60,18,27,53,24,122,10,44,54,176
07/14/2021,PIA,IL,AGL,CE,Combined TRACON& Tower with Radar,20,8,16,4,48,0,18,44,21,83,20,26,60,25,131,32,32,64,195
07/15/2021,PIA,IL,AGL,CE,Combined TRACON& Tower with Radar,22,12,13,5,52,0,3,7,3,13,22,15,20,8,65,14,4,18,83
07/16/2021,PIA,IL,AGL,CE,Combined TRACON& Tower with Radar,22,10,13,2,47,0,0,8,0,8,22,10,21,2,55,30,0,30,85
07/17/2021,PIA,IL,AGL,CE,Combined TRACON& Tower with Radar,15,12,16,0,43,0,1,36,0,37,15,13,52,0,80,38,0,38,118
07/18/2021,PIA,IL,AGL,CE,Combined TRACON& Tower with Radar,15,12,10,0,37,0,17,54,0,71,15,29,64,0,108,44,0,44,152
07/19/2021,PIA,IL,AGL,CE,Combined TRACON& Tower with Radar,22,6,23,15,66,0,5,61,9,75,22,11,84,24,141,30,50,80,221
07/20/2021,PIA,IL,AGL,CE,Combined TRACON& Tower with Radar,16,14,18,18,66,0,1,36,8,45,16,15,54,26,111,18,30,48,159
07/21/2021,PIA,IL,AGL,CE,Combined TRACON& Tower with Radar,20,10,22,23,75,0,1,21,18,40,20,11,43,41,115,8,24,32,147
07/22/2021,PIA,IL,AGL,CE,Combined TRACON& Tower with Radar,20,6,29,8,63,0,0,21,6,27,20,6,50,14,90,0,18,18,108
07/23/2021,PIA,IL,AGL,CE,Combined TRACON& Tower with Radar,28,8,11,4,51,0,3,39,3,45,28,11,50,7,96,22,10,32,128
07/24/2021,PIA,IL,AGL,CE,Combined TRACON& Tower with Radar,14,8,14,0,36,0,3,26,0,29,14,11,40,0,65,24,0,24,89
07/25/2021,PIA,IL,AGL,CE,Combined TRACON& Tower with Radar,20,6,11,0,37,0,3,29,5,37,20,9,40,5,74,22,8,30,104
07/26/2021,PIA,IL,AGL,CE,Combined TRACON& Tower with Radar,17,8,15,2,42,0,1,32,21,54,17,9,47,23,96,20,16,36,132
07/27/2021,PIA,IL,AGL,CE,Combined TRACON& Tower with Radar,20,8,15,5,48,0,4,35,34,73,20,12,50,39,121,10,46,56,177
07/28/2021,PIA,IL,AGL,CE,Combined TRACON& Tower with Radar,21,8,22,13,64,0,4,36,23,63,21,12,58,36,127,32,32,64,191
07/29/2021,PIA,IL,AGL,CE,Combined TRACON& Tower with Radar,21,12,24,3,60,0,0,16,3,19,21,12,40,6,79,0,0,0,79
07/30/2021,PIA,IL,AGL,CE,Combined TRACON& Tower with Radar,24,6,26,3,59,0,2,33,2,37,24,8,59,5,96,0,2,2,98
07/31/2021,PIA,IL,AGL,CE,Combined TRACON& Tower with Radar,17,10,12,0,39,0,1,16,0,17,17,11,28,0,56,18,0,18,74
08/01/2021,PIA,IL,AGL,CE,Combined TRACON& Tower with Radar,19,4,21,3,47,0,0,42,0,42,19,4,63,3,89,4,0,4,93
08/02/2021,PIA,IL,AGL,CE,Combined TRACON& Tower with Radar,22,8,4,1,35,0,5,46,2,53,22,13,50,3,88,2,0,2,90
08/03/2021,PIA,IL,AGL,CE,Combined TRACON& Tower with Radar,20,4,11,10,45,0,7,39,10,56,20,11,50,20,101,44,30,74,175
08/04/2021,PIA,IL,AGL,CE,Combined TRACON& Tower with Radar,23,10,21,7,61,0,3,31,8,42,23,13,52,15,103,0,24,24,127
08/05/2021,PIA,IL,AGL,CE,Combined TRACON& Tower with Radar,23,6,11,1,41,0,14,42,4,60,23,20,53,5,101,24,0,24,125
08/06/2021,PIA,IL,AGL,CE,Combined TRACON& Tower with Radar,21,8,8,0,37,0,8,46,0,54,21,16,54,0,91,38,0,38,129
08/07/2021,PIA,IL,AGL,CE,Combined TRACON& Tower with Radar,22,10,14,1,47,0,26,81,3,110,22,36,95,4,157,84,0,84,241
08/08/2021,PIA,IL,AGL,CE,Combined TRACON& Tower with Radar,18,11,7,0,36,0,13,28,0,41,18,24,35,0,77,20,0,20,97
08/09/2021,PIA,IL,AGL,CE,Combined TRACON& Tower with Radar,23,10,18,3,54,0,9,21,1,31,23,19,39,4,85,16,0,16,101
08/10/2021,PIA,IL,AGL,CE,Combined TRACON& Tower with Radar,15,6,11,3,35,0,4,25,7,36,15,10,36,10,71,6,8,14,85
08/11/2021,PIA,IL,AGL,CE,Combined TRACON& Tower with Radar,21,8,18,4,51,0,0,13,0,13,21,8,31,4,64,4,0,4,68
08/12/2021,PIA,IL,AGL,CE,Combined TRACON& Tower with Radar,27,10,7,2,46,0,4,9,0,13,27,14,16,2,59,8,0,8,67
08/13/2021,PIA,IL,AGL,CE,Combined TRACON& Tower with Radar,24,6,27,0,57,0,1,30,5,36,24,7,57,5,93,30,0,30,123
08/14/2021,PIA,IL,AGL,CE,Combined TRACON& Tower with Radar,18,9,10,0,37,0,27,51,0,78,18,36,61,0,115,76,0,76,191
08/15/2021,PIA,IL,AGL,CE,Combined TRACON& Tower with Radar,20,7,14,0,41,0,2,29,1,32,20,9,43,1,73,38,0,38,111
08/16/2021,PIA,IL,AGL,CE,Combined TRACON& Tower with Radar,23,10,16,9,58,0,12,47,8,67,23,22,63,17,125,82,12,94,219
08/17/2021,PIA,IL,AGL,CE,Combined TRACON& Tower with Radar,16,9,13,21,59,0,1,32,47,80,16,10,45,68,139,88,56,144,283
08/18/2021,PIA,IL,AGL,CE,Combined TRACON& Tower with Radar,15,8,17,5,45,0,2,26,24,52,15,10,43,29,97,20,34,54,151
08/19/2021,PIA,IL,AGL,CE,Combined TRACON& Tower with Radar,23,10,15,2,50,0,1,21,17,39,23,11,36,19,89,74,18,92,181
08/20/2021,PIA,IL,AGL,CE,Combined TRACON& Tower with Radar,22,11,12,4,49,0,2,34,1,37,22,13,46,5,86,24,6,30,116
08/21/2021,PIA,IL,AGL,CE,Combined TRACON& Tower with Radar,13,10,12,0,35,0,18,25,2,45,13,28,37,2,80,22,0,22,102
08/22/2021,PIA,IL,AGL,CE,Combined TRACON& Tower with Radar,20,6,9,1,36,0,16,55,2,73,20,22,64,3,109,82,0,82,191
08/23/2021,PIA,IL,AGL,CE,Combined TRACON& Tower with Radar,21,5,9,7,42,0,0,18,5,23,21,5,27,12,65,10,8,18,83
08/24/2021,PIA,IL,AGL,CE,Combined TRACON& Tower with Radar,15,2,16,2,35,0,6,43,24,73,15,8,59,26,108,24,20,44,152
08/25/2021,PIA,IL,AGL,CE,Combined TRACON& Tower with Radar,14,12,11,1,38,0,1,11,1,13,14,13,22,2,51,0,0,0,51
08/26/2021,PIA,IL,AGL,CE,Combined TRACON& Tower with Radar,25,11,16,10,62,0,6,23,14,43,25,17,39,24,105,6,10,16,121
08/27/2021,PIA,IL,AGL,CE,Combined TRACON& Tower with Radar,22,10,22,0,54,0,2,34,2,38,22,12,56,2,92,46,4,50,142
08/28/2021,PIA,IL,AGL,CE,Combined TRACON& Tower with Radar,12,10,19,0,41,0,2,64,5,71,12,12,83,5,112,38,0,38,150
08/29/2021,PIA,IL,AGL,CE,Combined TRACON& Tower with Radar,20,8,13,0,41,0,10,34,0,44,20,18,47,0,85,24,0,24,109
08/30/2021,PIA,IL,AGL,CE,Combined TRACON& Tower with Radar,24,4,9,2,39,0,10,72,14,96,24,14,81,16,135,66,32,98,233
08/31/2021,PIA,IL,AGL,CE,Combined TRACON& Tower with Radar,18,11,20,18,67,0,16,30,47,93,18,27,50,65,160,26,76,102,262
09/01/2021,PIA,IL,AGL,CE,Combined TRACON& Tower with Radar,16,10,31,6,63,0,0,49,17,66,16,10,80,23,129,42,26,68,197
09/02/2021,PIA,IL,AGL,CE,Combined TRACON& Tower with Radar,24,8,14,9,55,0,2,57,14,73,24,10,71,23,128,64,12,76,204
09/03/2021,PIA,IL,AGL,CE,Combined TRACON& Tower with Radar,22,11,7,0,40,0,4,17,0,21,22,15,24,0,61,28,0,28,89
09/04/2021,PIA,IL,AGL,CE,Combined TRACON& Tower with Radar,12,8,15,2,37,0,19,19,0,38,12,27,34,2,75,8,0,8,83
09/05/2021,PIA,IL,AGL,CE,Combined TRACON& Tower with Radar,20,5,7,0,32,0,26,39,0,65,20,31,46,0,97,68,0,68,165
09/06/2021,PIA,IL,AGL,CE,Combined TRACON& Tower with Radar,18,4,11,1,34,0,24,77,0,101,18,28,88,1,135,68,0,68,203
09/07/2021,PIA,IL,AGL,CE,Combined TRACON& Tower with Radar,16,9,11,8,44,0,17,38,20,75,16,26,49,28,119,18,18,36,155
09/08/2021,PIA,IL,AGL,CE,Combined TRACON& Tower with Radar,14,7,18,7,46,0,25,50,34,109,14,32,68,41,155,30,28,58,213
09/09/2021,PIA,IL,AGL,CE,Combined TRACON& Tower with Radar,24,9,21,0,54,0,21,62,12,95,24,30,83,12,149,48,6,54,203
09/10/2021,PIA,IL,AGL,CE,Combined TRACON& Tower with Radar,22,10,29,6,67,0,24,70,4,98,22,34,99,10,165,18,4,22,187
09/11/2021,PIA,IL,AGL,CE,Combined TRACON& Tower with Radar,12,14,14,7,47,0,28,66,23,117,12,42,80,30,164,28,32,60,224
09/12/2021,PIA,IL,AGL,CE,Combined TRACON& Tower with Radar,20,9,19,2,50,0,23,70,15,108,20,32,89,17,158,54,22,76,234
09/13/2021,PIA,IL,AGL,CE,Combined TRACON& Tower with Radar,22,6,33,6,67,0,22,84,17,123,22,28,117,23,190,62,48,110,300
09/14/2021,PIA,IL,AGL,CE,Combined TRACON& Tower with Radar,14,6,25,1,46,0,16,49,29,94,14,22,74,30,140,38,26,64,204
09/15/2021,PIA,IL,AGL,CE,Combined TRACON& Tower with Radar,16,12,23,14,65,0,14,47,21,82,16,26,70,35,147,42,26,68,215
09/16/2021,PIA,IL,AGL,CE,Combined TRACON& Tower with Radar,20,8,17,19,64,0,1,41,8,50,20,9,58,27,114,42,28,70,184
09/17/2021,PIA,IL,AGL,CE,Combined TRACON& Tower with Radar,30,14,21,9,74,0,1,37,4,42,30,15,58,13,116,64,16,80,196
09/18/2021,PIA,IL,AGL,CE,Combined TRACON& Tower with Radar,16,6,9,0,31,0,21,38,0,59,16,27,47,0,90,72,0,72,162
09/19/2021,PIA,IL,AGL,CE,Combined TRACON& Tower with Radar,20,7,16,0,43,0,16,69,0,85,20,23,85,0,128,48,0,48,176
09/20/2021,PIA,IL,AGL,CE,Combined TRACON& Tower with Radar,20,9,14,5,48,0,20,37,18,75,20,29,51,23,123,24,48,72,195
09/21/2021,PIA,IL,AGL,CE,Combined TRACON& Tower with Radar,14,4,31,27,76,0,7,23,17,47,14,11,54,44,123,38,36,74,197
09/22/2021,PIA,IL,AGL,CE,Combined TRACON& Tower with Radar,18,14,23,0,55,0,4,20,7,31,18,18,43,7,86,2,0,2,88
09/23/2021,PIA,IL,AGL,CE,Combined TRACON& Tower with Radar,22,8,22,0,52,0,0,31,36,67,22,8,53,36,119,0,10,10,129
09/24/2021,PIA,IL,AGL,CE,Combined TRACON& Tower with Radar,22,11,13,0,46,0,2,20,0,22,22,13,33,0,68,14,0,14,82
09/25/2021,PIA,IL,AGL,CE,Combined TRACON& Tower with Radar,12,11,9,0,32,0,5,41,0,46,12,16,50,0,78,18,0,18,96
09/26/2021,PIA,IL,AGL,CE,Combined TRACON& Tower with Radar,20,5,18,0,43,0,13,62,0,75,20,18,80,0,118,92,0,92,210
09/27/2021,PIA,IL,AGL,CE,Combined TRACON& Tower with Radar,20,9,11,0,40,0,12,38,0,50,20,21,49,0,90,32,0,32,122
09/28/2021,PIA,IL,AGL,CE,Combined TRACON& Tower with Radar,14,5,28,15,62,0,16,82,37,135,14,21,110,52,197,124,74,198,395
09/29/2021,PIA,IL,AGL,CE,Combined TRACON& Tower with Radar,18,11,37,0,66,0,6,77,4,87,18,17,114,4,153,72,0,72,225
09/30/2021,PIA,IL,AGL,CE,Combined TRACON& Tower with Radar,21,6,27,0,54,0,3,35,3,41,21,9,62,3,95,56,0,56,151
10/01/2021,PIA,IL,AGL,CE,Combined TRACON& Tower with Radar,25,12,14,8,59,0,2,30,2,34,25,14,44,10,93,32,4,36,129
10/02/2021,PIA,IL,AGL,CE,Combined TRACON& Tower with Radar,12,8,10,2,32,0,6,8,0,14,12,14,18,2,46,20,0,20,66
10/03/2021,PIA,IL,AGL,CE,Combined TRACON& Tower with Radar,19,9,16,8,52,0,17,28,4,49,19,26,44,12,101,72,4,76,177
10/04/2021,PIA,IL,AGL,CE,Combined TRACON& Tower with Radar,18,11,35,14,78,0,23,23,36,82,18,34,58,50,160,44,56,100,260
10/05/2021,PIA,IL,AGL,CE,Combined TRACON& Tower with Radar,11,8,32,11,62,0,11,30,22,63,11,19,62,33,125,28,74,102,227
10/06/2021,PIA,IL,AGL,CE,Combined TRACON& Tower with Radar,12,13,21,5,51,0,3,7,4,14,12,16,28,9,65,0,6,6,71
10/07/2021,PIA,IL,AGL,CE,Combined TRACON& Tower with Radar,19,14,16,8,57,0,0,9,0,9,19,14,25,8,66,4,16,20,86
10/08/2021,PIA,IL,AGL,CE,Combined TRACON& Tower with Radar,19,16,24,0,59,0,12,55,0,67,19,28,79,0,126,52,0,52,178
10/09/2021,PIA,IL,AGL,CE,Combined TRACON& Tower with Radar,8,15,25,0,48,0,16,64,0,80,8,31,89,0,128,60,0,60,188
10/10/2021,PIA,IL,AGL,CE,Combined TRACON& Tower with Radar,17,12,21,0,50,0,23,27,0,50,17,35,48,0,100,42,0,42,142
10/11/2021,PIA,IL,AGL,CE,Combined TRACON& Tower with Radar,16,12,7,0,35,3,6,3,0,12,19,18,10,0,47,0,0,0,47
10/12/2021,PIA,IL,AGL,CE,Combined TRACON& Tower with Radar,13,12,19,24,68,0,11,66,46,123,13,23,85,70,191,54,68,122,313
10/13/2021,PIA,IL,AGL,CE,Combined TRACON& Tower with Radar,12,16,15,9,52,0,2,16,9,27,12,18,31,18,79,30,8,38,117
10/14/2021,PIA,IL,AGL,CE,Combined TRACON& Tower with Radar,16,10,18,3,47,0,5,32,20,57,16,15,50,23,104,18,4,22,126
10/15/2021,PIA,IL,AGL,CE,Combined TRACON& Tower with Radar,20,15,24,19,78,0,0,25,9,34,20,15,49,28,112,10,48,58,170
10/16/2021,PIA,IL,AGL,CE,Combined TRACON& Tower with Radar,9,13,15,1,38,0,3,20,0,23,9,16,35,1,61,12,14,26,87
10/17/2021,PIA,IL,AGL,CE,Combined TRACON& Tower with Radar,20,12,26,0,58,0,3,35,0,38,20,15,61,0,96,16,0,16,112
10/18/2021,PIA,IL,AGL,CE,Combined TRACON& Tower with Radar,16,11,19,2,48,0,1,52,0,53,16,12,71,2,101,48,0,48,149
10/19/2021,PIA,IL,AGL,CE,Combined TRACON& Tower with Radar,10,16,22,11,59,0,5,49,16,70,10,21,71,27,129,18,16,34,163
10/20/2021,PIA,IL,AGL,CE,Combined TRACON& Tower with Radar,12,13,10,8,43,0,4,36,6,46,12,17,46,14,89,38,14,52,141
10/21/2021,PIA,IL,AGL,CE,Combined TRACON& Tower with Radar,20,17,26,4,67,0,0,4,9,13,20,17,30,13,80,0,20,20,100
10/22/2021,PIA,IL,AGL,CE,Combined TRACON& Tower with Radar,18,11,18,0,47,0,6,25,4,35,18,17,43,4,82,6,0,6,88
10/23/2021,PIA,IL,AGL,CE,Combined TRACON& Tower with Radar,6,13,11,2,32,0,5,42,6,53,6,18,53,8,85,24,0,24,109
10/24/2021,PIA,IL,AGL,CE,Combined TRACON& Tower with Radar,18,8,8,0,34,0,0,0,0,0,18,8,8,0,34,0,0,0,34
10/25/2021,PIA,IL,AGL,CE,Combined TRACON& Tower with Radar,15,16,22,8,61,0,1,5,5,11,15,17,27,13,72,2,16,18,90
10/26/2021,PIA,IL,AGL,CE,Combined TRACON& Tower with Radar,9,15,20,11,55,0,20,56,52,128,9,35,76,63,183,84,132,216,399
10/27/2021,PIA,IL,AGL,CE,Combined TRACON& Tower with Radar,13,13,9,4,39,0,12,45,18,75,13,25,54,22,114,10,6,16,130
10/28/2021,PIA,IL,AGL,CE,Combined TRACON& Tower with Radar,21,13,19,10,63,0,0,1,7,8,21,13,20,17,71,0,12,12,83
10/29/2021,PIA,IL,AGL,CE,Combined TRACON& Tower with Radar,18,10,12,0,40,0,0,0,0,0,18,10,12,0,40,0,0,0,40
10/30/2021,PIA,IL,AGL,CE,Combined TRACON& Tower with Radar,6,12,19,0,37,0,14,49,0,63,6,26,68,0,100,92,0,92,192
10/31/2021,PIA,IL,AGL,CE,Combined TRACON& Tower with Radar,20,10,21,0,51,0,0,20,0,20,20,10,41,0,71,24,0,24,95
11/01/2021,PIA,IL,AGL,CE,Combined TRACON& Tower with Radar,15,15,16,18,64,0,1,22,10,33,15,16,38,28,97,34,46,80,177
11/02/2021,PIA,IL,AGL,CE,Combined TRACON& Tower with Radar,7,15,22,10,54,0,0,37,16,53,7,15,59,26,107,20,18,38,145
11/03/2021,PIA,IL,AGL,CE,Combined TRACON& Tower with Radar,12,8,9,5,34,0,1,26,12,39,12,9,35,17,73,12,10,22,95
11/04/2021,PIA,IL,AGL,CE,Combined TRACON& Tower with Radar,20,14,23,0,57,0,13,51,15,79,20,27,74,15,136,46,4,50,186
11/05/2021,PIA,IL,AGL,CE,Combined TRACON& Tower with Radar,18,10,11,7,46,0,14,27,26,67,18,24,38,33,113,30,36,66,179
11/06/2021,PIA,IL,AGL,CE,Combined TRACON& Tower with Radar,5,14,13,0,32,0,6,41,4,51,5,20,54,4,83,6,0,6,89
11/07/2021,PIA,IL,AGL,CE,Combined TRACON& Tower with Radar,16,10,2,0,28,0,13,41,0,54,16,23,43,0,82,36,0,36,118
11/08/2021,PIA,IL,AGL,CE,Combined TRACON& Tower with Radar,16,18,10,7,51,0,10,45,13,68,16,28,55,20,119,72,42,114,233
11/09/2021,PIA,IL,AGL,CE,Combined TRACON& Tower with Radar,7,12,23,7,49,0,15,40,34,89,7,27,63,41,138,16,30,46,184
11/10/2021,PIA,IL,AGL,CE,Combined TRACON& Tower with Radar,11,17,14,13,55,0,16,31,42,89,11,33,45,55,144,38,60,98,242
11/11/2021,PIA,IL,AGL,CE,Combined TRACON& Tower with Radar,20,13,16,0,49,0,2,4,2,8,20,15,20,2,57,0,8,8,65
11/12/2021,PIA,IL,AGL,CE,Combined TRACON& Tower with Radar,19,15,4,0,38,0,1,7,0,8,19,16,11,0,46,0,0,0,46
11/13/2021,PIA,IL,AGL,CE,Combined TRACON& Tower with Radar,6,10,6,0,22,0,1,8,0,9,6,11,14,0,31,10,0,10,41
11/14/2021,PIA,IL,AGL,CE,Combined TRACON& Tower with Radar,18,13,5,0,36,0,10,16,0,26,18,23,21,0,62,4,0,4,66
11/15/2021,PIA,IL,AGL,CE,Combined TRACON& Tower with Radar,16,24,16,3,59,0,3,22,1,26,16,27,38,4,85,20,0,20,105
11/16/2021,PIA,IL,AGL,CE,Combined TRACON& Tower with Radar,8,19,11,8,46,0,3,25,4,32,8,22,36,12,78,22,0,22,100
11/17/2021,PIA,IL,AGL,CE,Combined TRACON& Tower with Radar,13,16,19,7,55,0,1,8,0,9,13,17,27,7,64,0,4,4,68
11/18/2021,PIA,IL,AGL,CE,Combined TRACON& Tower with Radar,21,12,9,0,42,0,1,17,3,21,21,13,26,3,63,0,0,0,63
11/19/2021,PIA,IL,AGL,CE,Combined TRACON& Tower with Radar,17,17,23,0,57,0,1,46,0,47,17,18,69,0,104,16,0,16,120
11/20/2021,PIA,IL,AGL,CE,Combined TRACON& Tower with Radar,7,15,10,2,34,0,3,39,1,43,7,18,49,3,77,30,0,30,107
11/21/2021,PIA,IL,AGL,CE,Combined TRACON& Tower with Radar,18,13,13,7,51,0,1,30,3,34,18,14,43,10,85,24,0,24,109
11/22/2021,PIA,IL,AGL,CE,Combined TRACON& Tower with Radar,15,16,10,5,46,0,1,30,0,31,15,17,40,5,77,36,0,36,113
11/23/2021,PIA,IL,AGL,CE,Combined TRACON& Tower with Radar,25,12,25,1,63,0,4,26,5,35,25,16,51,6,98,8,0,8,106
11/24/2021,PIA,IL,AGL,CE,Combined TRACON& Tower with Radar,17,15,7,2,41,0,1,9,0,10,17,16,16,2,51,0,0,0,51
11/25/2021,PIA,IL,AGL,CE,Combined TRACON& Tower with Radar,6,6,3,0,15,0,16,12,0,28,6,22,15,0,43,0,0,0,43
11/26/2021,PIA,IL,AGL,CE,Combined TRACON& Tower with Radar,13,8,4,0,25,0,20,40,0,60,13,28,44,0,85,6,0,6,91
11/27/2021,PIA,IL,AGL,CE,Combined TRACON& Tower with Radar,24,16,21,0,61,0,17,37,0,54,24,33,58,0,115,40,0,40,155
11/28/2021,PIA,IL,AGL,CE,Combined TRACON& Tower with Radar,9,23,17,0,49,0,12,33,0,45,9,35,50,0,94,32,0,32,126
11/29/2021,PIA,IL,AGL,CE,Combined TRACON& Tower with Radar,19,10,21,1,51,0,15,21,3,39,19,25,42,4,90,0,8,8,98
11/30/2021,PIA,IL,AGL,CE,Combined TRACON& Tower with Radar,14,15,23,3,55,0,5,53,26,84,14,20,76,29,139,42,34,76,215
12/01/2021,PIA,IL,AGL,CE,Combined TRACON& Tower with Radar,12,15,20,2,49,0,0,26,1,27,12,15,46,3,76,24,0,24,100
12/02/2021,PIA,IL,AGL,CE,Combined TRACON& Tower with Radar,23,14,18,11,66,0,0,43,10,53,23,14,61,21,119,22,4,26,145
12/03/2021,PIA,IL,AGL,CE,Combined TRACON& Tower with Radar,19,14,20,6,59,0,2,41,9,52,19,16,61,15,111,24,16,40,151
12/04/2021,PIA,IL,AGL,CE,Combined TRACON& Tower with Radar,10,10,14,10,44,0,0,45,3,48,10,10,59,13,92,20,2,22,114
12/05/2021,PIA,IL,AGL,CE,Combined TRACON& Tower with Radar,18,8,5,5,36,0,0,2,0,2,18,8,7,5,38,0,0,0,38
12/06/2021,PIA,IL,AGL,CE,Combined TRACON& Tower with Radar,14,14,11,4,43,0,3,6,0,9,14,17,17,4,52,0,0,0,52
12/07/2021,PIA,IL,AGL,CE,Combined TRACON& Tower with Radar,9,14,13,8,44,0,12,55,38,105,9,26,68,46,149,8,40,48,197
12/08/2021,PIA,IL,AGL,CE,Combined TRACON& Tower with Radar,12,10,35,4,61,0,3,33,31,67,12,13,68,35,128,14,10,24,152
12/09/2021,PIA,IL,AGL,CE,Combined TRACON& Tower with Radar,22,14,18,6,60,0,4,13,4,21,22,18,31,10,81,26,8,34,115
12/10/2021,PIA,IL,AGL,CE,Combined TRACON& Tower with Radar,18,15,24,0,57,0,0,1,0,1,18,15,25,0,58,0,0,0,58
12/11/2021,PIA,IL,AGL,CE,Combined TRACON& Tower with Radar,14,17,8,0,39,0,3,5,0,8,14,20,13,0,47,0,0,0,47
12/12/2021,PIA,IL,AGL,CE,Combined TRACON& Tower with Radar,19,10,25,0,54,0,13,27,0,40,19,23,52,0,94,12,0,12,106
12/13/2021,PIA,IL,AGL,CE,Combined TRACON& Tower with Radar,14,15,19,3,51,0,3,28,14,45,14,18,47,17,96,50,30,80,176
12/14/2021,PIA,IL,AGL,CE,Combined TRACON& Tower with Radar,10,11,17,9,47,0,1,18,4,23,10,12,35,13,70,40,0,40,110
12/15/2021,PIA,IL,AGL,CE,Combined TRACON& Tower with Radar,13,16,10,9,48,0,0,5,0,5,13,16,15,9,53,0,2,2,55
12/16/2021,PIA,IL,AGL,CE,Combined TRACON& Tower with Radar,21,16,20,11,68,0,1,17,14,32,21,17,37,25,100,18,12,30,130
12/17/2021,PIA,IL,AGL,CE,Combined TRACON& Tower with Radar,18,14,17,0,49,0,2,38,0,40,18,16,55,0,89,92,0,92,181
12/18/2021,PIA,IL,AGL,CE,Combined TRACON& Tower with Radar,12,10,5,0,27,0,2,2,0,4,12,12,7,0,31,0,0,0,31
12/19/2021,PIA,IL,AGL,CE,Combined TRACON& Tower with Radar,18,12,4,0,34,0,4,23,0,27,18,16,27,0,61,44,0,44,105
12/20/2021,PIA,IL,AGL,CE,Combined TRACON& Tower with Radar,14,12,26,5,57,0,3,52,2,57,14,15,78,7,114,20,8,28,142
12/21/2021,PIA,IL,AGL,CE,Combined TRACON& Tower with Radar,18,8,9,21,56,0,9,33,20,62,18,17,42,41,118,6,52,58,176
12/22/2021,PIA,IL,AGL,CE,Combined TRACON& Tower with Radar,21,15,13,5,54,0,4,59,22,85,21,19,72,27,139,38,14,52,191
12/23/2021,PIA,IL,AGL,CE,Combined TRACON& Tower with Radar,20,18,14,8,60,0,2,15,6,23,20,20,29,14,83,28,40,68,151
12/24/2021,PIA,IL,AGL,CE,Combined TRACON& Tower with Radar,15,10,12,0,37,0,1,6,0,7,15,11,18,0,44,0,0,0,44
12/25/2021,PIA,IL,AGL,CE,Combined TRACON& Tower with Radar,15,8,4,0,27,0,0,3,0,3,15,8,7,0,30,4,0,4,34
12/26/2021,PIA,IL,AGL,CE,Combined TRACON& Tower with Radar,17,13,9,0,39,0,0,3,0,3,17,13,12,0,42,0,0,0,42
12/27/2021,PIA,IL,AGL,CE,Combined TRACON& Tower with Radar,16,14,26,0,56,0,0,9,0,9,16,14,35,0,65,0,0,0,65
12/28/2021,PIA,IL,AGL,CE,Combined TRACON& Tower with Radar,18,13,3,0,34,0,0,4,0,4,18,13,7,0,38,0,0,0,38
12/29/2021,PIA,IL,AGL,CE,Combined TRACON& Tower with Radar,18,14,12,9,53,0,0,19,5,24,18,14,31,14,77,26,28,54,131
12/30/2021,PIA,IL,AGL,CE,Combined TRACON& Tower with Radar,22,12,14,0,48,0,0,0,0,0,22,12,14,0,48,0,0,0,48
12/31/2021,PIA,IL,AGL,CE,Combined TRACON& Tower with Radar,14,13,9,0,36,0,0,2,0,2,14,13,11,0,38,2,0,2,40
01/01/2022,PIA,IL,AGL,CE,Combined TRACON& Tower with Radar,13,4,0,0,17,0,0,0,0,0,13,4,0,0,17,0,0,0,17
01/02/2022,PIA,IL,AGL,CE,Combined TRACON& Tower with Radar,13,8,8,0,29,0,3,8,0,11,13,11,16,0,40,28,0,28,68
01/03/2022,PIA,IL,AGL,CE,Combined TRACON& Tower with Radar,18,12,12,0,42,0,0,16,0,16,18,12,28,0,58,16,0,16,74
01/04/2022,PIA,IL,AGL,CE,Combined TRACON& Tower with Radar,12,11,5,2,30,0,1,8,16,25,12,12,13,18,55,10,12,22,77
01/05/2022,PIA,IL,AGL,CE,Combined TRACON& Tower with Radar,11,10,12,6,39,0,3,4,19,26,11,13,16,25,65,0,68,68,133
01/06/2022,PIA,IL,AGL,CE,Combined TRACON& Tower with Radar,16,10,6,10,42,0,2,12,9,23,16,12,18,19,65,18,20,38,103
01/07/2022,PIA,IL,AGL,CE,Combined TRACON& Tower with Radar,13,10,2,9,34,0,2,23,4,29,13,12,25,13,63,0,40,40,103
01/08/2022,PIA,IL,AGL,CE,Combined TRACON& Tower with Radar,13,7,2,3,25,0,1,4,1,6,13,8,6,4,31,0,0,0,31
01/09/2022,PIA,IL,AGL,CE,Combined TRACON& Tower with Radar,15,7,7,3,32,0,0,15,2,17,15,7,22,5,49,2,14,16,65
01/10/2022,PIA,IL,AGL,CE,Combined TRACON& Tower with Radar,12,8,18,0,38,0,1,31,1,33,12,9,49,1,71,44,0,44,115
01/11/2022,PIA,IL,AGL,CE,Combined TRACON& Tower with Radar,9,10,13,9,41,0,0,15,11,26,9,10,28,20,67,14,30,44,111
01/12/2022,PIA,IL,AGL,CE,Combined TRACON& Tower with Radar,10,12,10,4,36,0,0,31,4,35,10,12,41,8,71,38,0,38,109
01/13/2022,PIA,IL,AGL,CE,Combined TRACON& Tower with Radar,13,8,14,10,45,0,1,19,12,32,13,9,33,22,77,26,12,38,115
01/14/2022,PIA,IL,AGL,CE,Combined TRACON& Tower with Radar,10,9,2,0,21,0,0,0,0,0,10,9,2,0,21,0,0,0,21
01/15/2022,PIA,IL,AGL,CE,Combined TRACON& Tower with Radar,13,11,3,0,27,0,1,14,0,15,13,12,17,0,42,2,0,2,44
01/16/2022,PIA,IL,AGL,CE,Combined TRACON& Tower with Radar,11,8,7,0,26,0,1,27,0,28,11,9,34,0,54,10,0,10,64
01/17/2022,PIA,IL,AGL,CE,Combined TRACON& Tower with Radar,12,9,5,1,27,0,0,10,0,10,12,9,15,1,37,0,0,0,37
01/18/2022,PIA,IL,AGL,CE,Combined TRACON& Tower with Radar,9,13,8,8,38,0,2,12,11,25,9,15,20,19,63,26,20,46,109
01/19/2022,PIA,IL,AGL,CE,Combined TRACON& Tower with Radar,12,13,10,13,48,0,1,11,11,23,12,14,21,24,71,6,18,24,95
01/20/2022,PIA,IL,AGL,CE,Combined TRACON& Tower with Radar,16,8,14,6,44,0,1,22,10,33,16,9,36,16,77,28,16,44,121
01/21/2022,PIA,IL,AGL,CE,Combined TRACON& Tower with Radar,12,9,15,8,44,0,2,24,2,28,12,11,39,10,72,26,18,44,116
01/22/2022,PIA,IL,AGL,CE,Combined TRACON& Tower with Radar,11,10,9,0,30,0,0,28,0,28,11,10,37,0,58,32,0,32,90
01/23/2022,PIA,IL,AGL,CE,Combined TRACON& Tower with Radar,15,7,7,2,31,0,1,22,0,23,15,8,29,2,54,34,0,34,88
01/24/2022,PIA,IL,AGL,CE,Combined TRACON& Tower with Radar,14,10,4,2,30,0,2,11,0,13,14,12,15,2,43,36,0,36,79
01/25/2022,PIA,IL,AGL,CE,Combined TRACON& Tower with Radar,10,14,13,0,37,0,0,14,2,16,10,14,27,2,53,0,0,0,53
01/26/2022,PIA,IL,AGL,CE,Combined TRACON& Tower with Radar,12,11,5,1,29,0,0,17,4,21,12,11,22,5,50,22,4,26,76
01/27/2022,PIA,IL,AGL,CE,Combined TRACON& Tower with Radar,15,11,16,1,43,0,1,27,8,36,15,12,43,9,79,60,0,60,139
01/28/2022,PIA,IL,AGL,CE,Combined TRACON& Tower with Radar,15,10,14,5,44,0,1,23,0,24,15,11,37,5,68,4,0,4,72
01/29/2022,PIA,IL,AGL,CE,Combined TRACON& Tower with Radar,12,13,9,0,34,0,1,32,2,35,12,14,41,2,69,26,0,26,95
01/30/2022,PIA,IL,AGL,CE,Combined TRACON& Tower with Radar,15,10,12,0,37,0,0,44,0,44,15,10,56,0,81,66,0,66,147
01/31/2022,PIA,IL,AGL,CE,Combined TRACON& Tower with Radar,13,13,23,0,49,0,2,34,2,38,13,15,57,2,87,18,0,18,105
02/01/2022,PIA,IL,AGL,CE,Combined TRACON& Tower with Radar,7,4,8,1,20,0,0,7,0,7,7,4,15,1,27,16,0,16,43
02/02/2022,PIA,IL,AGL,CE,Combined TRACON& Tower with Radar,3,0,0,0,3,0,0,0,0,0,3,0,0,0,3,0,0,0,3
02/03/2022,PIA,IL,AGL,CE,Combined TRACON& Tower with Radar,5,10,3,0,18,0,2,5,0,7,5,12,8,0,25,0,0,0,25
02/04/2022,PIA,IL,AGL,CE,Combined TRACON& Tower with Radar,8,16,9,3,36,0,3,34,4,41,8,19,43,7,77,16,18,34,111
02/05/2022,PIA,IL,AGL,CE,Combined TRACON& Tower with Radar,13,14,4,1,32,0,0,23,2,25,13,14,27,3,57,20,0,20,77
02/06/2022,PIA,IL,AGL,CE,Combined TRACON& Tower with Radar,14,9,5,4,32,0,1,30,10,41,14,10,35,14,73,68,16,84,157
02/07/2022,PIA,IL,AGL,CE,Combined TRACON& Tower with Radar,13,12,24,0,49,0,3,9,10,22,13,15,33,10,71,10,0,10,81
02/08/2022,PIA,IL,AGL,CE,Combined TRACON& Tower with Radar,9,9,6,4,28,0,1,29,5,35,9,10,35,9,63,18,0,18,81
02/09/2022,PIA,IL,AGL,CE,Combined TRACON& Tower with Radar,10,10,20,6,46,0,0,23,20,43,10,10,43,26,89,36,4,40,129
02/10/2022,PIA,IL,AGL,CE,Combined TRACON& Tower with Radar,17,11,24,10,62,0,0,24,12,36,17,11,48,22,98,64,16,80,178
02/11/2022,PIA,IL,AGL,CE,Combined TRACON& Tower with Radar,13,8,8,1,30,0,0,7,0,7,13,8,15,1,37,0,0,0,37
02/12/2022,PIA,IL,AGL,CE,Combined TRACON& Tower with Radar,14,12,6,0,32,0,0,18,0,18,14,12,24,0,50,20,0,20,70
02/13/2022,PIA,IL,AGL,CE,Combined TRACON& Tower with Radar,17,10,12,1,40,0,11,21,0,32,17,21,33,1,72,30,0,30,102
02/14/2022,PIA,IL,AGL,CE,Combined TRACON& Tower with Radar,11,12,11,1,35,0,3,20,3,26,11,15,31,4,61,54,16,70,131
02/15/2022,PIA,IL,AGL,CE,Combined TRACON& Tower with Radar,9,14,9,10,42,0,2,48,6,56,9,16,57,16,98,26,20,46,144
02/16/2022,PIA,IL,AGL,CE,Combined TRACON& Tower with Radar,12,12,5,1,30,0,8,9,0,17,12,20,14,1,47,0,0,0,47
02/17/2022,PIA,IL,AGL,CE,Combined TRACON& Tower with Radar,2,3,1,0,6,0,0,1,0,1,2,3,2,0,7,0,0,0,7
02/18/2022,PIA,IL,AGL,CE,Combined TRACON& Tower with Radar,9,11,12,1,33,0,1,11,0,12,9,12,23,1,45,12,0,12,57
02/19/2022,PIA,IL,AGL,CE,Combined TRACON& Tower with Radar,15,14,15,1,45,0,0,34,0,34,15,14,49,1,79,48,0,48,127
02/20/2022,PIA,IL,AGL,CE,Combined TRACON& Tower with Radar,12,9,5,1,27,0,1,13,0,14,12,10,18,1,41,24,0,24,65
02/21/2022,PIA,IL,AGL,CE,Combined TRACON& Tower with Radar,13,12,9,2,36,0,2,26,0,28,13,14,35,2,64,0,0,0,64
02/22/2022,PIA,IL,AGL,CE,Combined TRACON& Tower with Radar,13,15,18,1,47,0,0,0,3,3,13,15,18,4,50,0,4,4,54
02/23/2022,PIA,IL,AGL,CE,Combined TRACON& Tower with Radar,13,14,26,11,64,0,0,55,14,69,13,14,81,25,133,26,8,34,167
02/24/2022,PIA,IL,AGL,CE,Combined TRACON& Tower with Radar,13,14,8,0,35,0,2,4,3,9,13,16,12,3,44,10,0,10,54
02/25/2022,PIA,IL,AGL,CE,Combined TRACON& Tower with Radar,14,16,15,2,47,0,0,18,4,22,14,16,33,6,69,44,4,48,117
02/26/2022,PIA,IL,AGL,CE,Combined TRACON& Tower with Radar,12,16,16,1,45,0,5,46,0,51,12,21,62,1,96,20,0,20,116
02/27/2022,PIA,IL,AGL,CE,Combined TRACON& Tower with Radar,13,15,25,0,53,0,3,41,0,44,13,18,66,0,97,32,0,32,129
02/28/2022,PIA,IL,AGL,CE,Combined TRACON& Tower with Radar,14,11,25,0,50,0,2,42,0,44,14,13,67,0,94,6,0,6,100
03/01/2022,PIA,IL,AGL,CE,Combined TRACON& Tower with Radar,13,9,18,1,41,0,3,18,11,32,13,12,36,12,73,10,8,18,91
03/02/2022,PIA,IL,AGL,CE,Combined TRACON& Tower with Radar,15,11,19,1,46,0,3,24,13,40,15,14,43,14,86,26,24,50,136
03/03/2022,PIA,IL,AGL,CE,Combined TRACON& Tower with Radar,13,14,11,4,42,0,2,18,12,32,13,16,29,16,74,22,12,34,108
03/04/2022,PIA,IL,AGL,CE,Combined TRACON& Tower with Radar,19,10,19,8,56,0,0,31,17,48,19,10,50,25,104,30,22,52,156
03/05/2022,PIA,IL,AGL,CE,Combined TRACON& Tower with Radar,16,16,12,4,48,0,3,30,14,47,16,19,42,18,95,6,6,12,107
03/06/2022,PIA,IL,AGL,CE,Combined TRACON& Tower with Radar,12,7,9,0,28,0,1,23,4,28,12,8,32,4,56,66,4,70,126
03/07/2022,PIA,IL,AGL,CE,Combined TRACON& Tower with Radar,16,10,11,9,46,0,0,10,3,13,16,10,21,12,59,0,16,16,75
03/08/2022,PIA,IL,AGL,CE,Combined TRACON& Tower with Radar,11,10,25,10,56,0,1,51,33,85,11,11,76,43,141,82,64,146,287
03/09/2022,PIA,IL,AGL,CE,Combined TRACON& Tower with Radar,16,10,9,16,51,0,0,33,19,52,16,10,42,35,103,22,30,52,155
03/10/2022,PIA,IL,AGL,CE,Combined TRACON& Tower with Radar,13,11,10,11,45,0,0,7,4,11,13,11,17,15,56,0,6,6,62
03/11/2022,PIA,IL,AGL,CE,Combined TRACON& Tower with Radar,18,8,9,8,43,0,1,11,0,12,18,9,20,8,55,0,10,10,65
03/12/2022,PIA,IL,AGL,CE,Combined TRACON& Tower with Radar,13,10,2,0,25,0,1,17,0,18,13,11,19,0,43,14,0,14,57
03/13/2022,PIA,IL,AGL,CE,Combined TRACON& Tower with Radar,12,13,2,1,28,0,0,22,7,29,12,13,24,8,57,24,0,24,81
03/14/2022,PIA,IL,AGL,CE,Combined TRACON& Tower with Radar,17,12,11,1,41,0,1,18,3,22,17,13,29,4,63,24,14,38,101
03/15/2022,PIA,IL,AGL,CE,Combined TRACON& Tower with Radar,11,11,22,5,49,0,2,60,9,71,11,13,82,14,120,38,2,40,160
03/16/2022,PIA,IL,AGL,CE,Combined TRACON& Tower with Radar,16,11,15,1,43,0,3,17,32,52,16,14,32,33,95,2,18,20,115
03/17/2022,PIA,IL,AGL,CE,Combined TRACON& Tower with Radar,13,15,14,5,47,0,2,38,8,48,13,17,52,13,95,28,12,40,135
03/18/2022,PIA,IL,AGL,CE,Combined TRACON& Tower with Radar,22,9,12,5,48,0,0,1,1,2,22,9,13,6,50,0,10,10,60
03/19/2022,PIA,IL,AGL,CE,Combined TRACON& Tower with Radar,15,13,7,0,35,0,1,6,0,7,15,14,13,0,42,0,0,0,42
03/20/2022,PIA,IL,AGL,CE,Combined TRACON& Tower with Radar,11,8,15,0,34,0,0,53,0,53,11,8,68,0,87,54,0,54,141
03/21/2022,PIA,IL,AGL,CE,Combined TRACON& Tower with Radar,17,11,6,1,35,0,3,21,1,25,17,14,27,2,60,8,0,8,68
03/22/2022,PIA,IL,AGL,CE,Combined TRACON& Tower with Radar,9,10,16,16,51,0,0,4,6,10,9,10,20,22,61,0,36,36,97
03/23/2022,PIA,IL,AGL,CE,Combined TRACON& Tower with Radar,18,8,11,18,55,0,1,1,0,2,18,9,12,18,57,0,0,0,57
03/24/2022,PIA,IL,AGL,CE,Combined TRACON& Tower with Radar,16,12,12,16,56,0,0,0,3,3,16,12,12,19,59,0,12,12,71
03/25/2022,PIA,IL,AGL,CE,Combined TRACON& Tower with Radar,18,8,12,0,38,0,0,6,12,18,18,8,18,12,56,0,0,0,56
03/26/2022,PIA,IL,AGL,CE,Combined TRACON& Tower with Radar,19,12,3,0,34,0,2,12,0,14,19,14,15,0,48,0,0,0,48
03/27/2022,PIA,IL,AGL,CE,Combined TRACON& Tower with Radar,13,12,24,1,50,0,2,36,0,38,13,14,60,1,88,10,0,10,98
03/28/2022,PIA,IL,AGL,CE,Combined TRACON& Tower with Radar,16,10,29,13,68,0,2,36,1,39,16,12,65,14,107,42,6,48,155
03/29/2022,PIA,IL,AGL,CE,Combined TRACON& Tower with Radar,11,14,13,5,43,0,0,9,4,13,11,14,22,9,56,0,8,8,64
03/30/2022,PIA,IL,AGL,CE,Combined TRACON& Tower with Radar,17,8,21,7,53,0,0,0,1,1,17,8,21,8,54,0,0,0,54
03/31/2022,PIA,IL,AGL,CE,Combined TRACON& Tower with Radar,16,8,8,11,43,0,0,4,6,10,16,8,12,17,53,0,10,10,63
04/01/2022,PIA,IL,AGL,CE,Combined TRACON& Tower with Radar,18,10,20,6,54,0,4,34,8,46,18,14,54,14,100,16,20,36,136
04/02/2022,PIA,IL,AGL,CE,Combined TRACON& Tower with Radar,11,9,9,4,33,0,1,11,5,17,11,10,20,9,50,4,0,4,54
04/03/2022,PIA,IL,AGL,CE,Combined TRACON& Tower with Radar,10,8,21,3,42,0,0,27,28,55,10,8,48,31,97,36,42,78,175
04/04/2022,PIA,IL,AGL,CE,Combined TRACON& Tower with Radar,16,11,14,5,46,0,0,16,6,22,16,11,30,11,68,32,8,40,108
04/05/2022,PIA,IL,AGL,CE,Combined TRACON& Tower with Radar,11,9,15,14,49,0,0,2,0,2,11,9,17,14,51,0,0,0,51
04/06/2022,PIA,IL,AGL,CE,Combined TRACON& Tower with Radar,16,10,12,4,42,0,0,13,15,28,16,10,25,19,70,0,20,20,90
04/07/2022,PIA,IL,AGL,CE,Combined TRACON& Tower with Radar,14,15,18,4,51,0,1,4,12,17,14,16,22,16,68,0,22,22,90
04/08/2022,PIA,IL,AGL,CE,Combined TRACON& Tower with Radar,20,12,1,2,35,0,1,5,0,6,20,13,6,2,41,0,0,0,41
04/09/2022,PIA,IL,AGL,CE,Combined TRACON& Tower with Radar,15,12,8,1,36,0,6,37,2,45,15,18,45,3,81,26,0,26,107
04/10/2022,PIA,IL,AGL,CE,Combined TRACON& Tower with Radar,16,9,13,0,38,0,0,8,0,8,16,9,21,0,46,0,0,0,46
04/11/2022,PIA,IL,AGL,CE,Combined TRACON& Tower with Radar,19,11,26,8,64,0,7,24,13,44,19,18,50,21,108,6,26,32,140
04/12/2022,PIA,IL,AGL,CE,Combined TRACON& Tower with Radar,14,9,19,13,55,0,2,12,13,27,14,11,31,26,82,0,34,34,116
04/13/2022,PIA,IL,AGL,CE,Combined TRACON& Tower with Radar,20,10,16,0,46,0,1,2,8,11,20,11,18,8,57,0,16,16,73
04/14/2022,PIA,IL,AGL,CE,Combined TRACON& Tower with Radar,18,8,21,3,50,0,2,7,12,21,18,10,28,15,71,0,8,8,79
04/15/2022,PIA,IL,AGL,CE,Combined TRACON& Tower with Radar,20,12,11,0,43,0,2,32,0,34,20,14,43,0,77,22,0,22,99
04/16/2022,PIA,IL,AGL,CE,Combined TRACON& Tower with Radar,16,8,7,1,32,0,2,21,0,23,16,10,28,1,55,8,0,8,63
04/17/2022,PIA,IL,AGL,CE,Combined TRACON& Tower with Radar,14,8,9,0,31,0,2,14,0,16,14,10,23,0,47,38,0,38,85
04/18/2022,PIA,IL,AGL,CE,Combined TRACON& Tower with Radar,18,10,11,7,46,0,0,17,0,17,18,10,28,7,63,12,4,16,79
04/19/2022,PIA,IL,AGL,CE,Combined TRACON& Tower with Radar,14,8,26,11,59,0,4,55,15,74,14,12,81,26,133,30,50,80,213
04/20/2022,PIA,IL,AGL,CE,Combined TRACON& Tower with Radar,18,10,12,1,41,0,1,4,1,6,18,11,16,2,47,0,0,0,47
04/21/2022,PIA,IL,AGL,CE,Combined TRACON& Tower with Radar,14,9,27,1,51,0,4,48,29,81,14,13,75,30,132,98,6,104,236
04/22/2022,PIA,IL,AGL,CE,Combined TRACON& Tower with Radar,22,14,7,3,46,0,0,6,2,8,22,14,13,5,54,0,10,10,64
04/23/2022,PIA,IL,AGL,CE,Combined TRACON& Tower with Radar,16,8,2,0,26,0,1,5,3,9,16,9,7,3,35,2,2,4,39
04/24/2022,PIA,IL,AGL,CE,Combined TRACON& Tower with Radar,12,9,10,0,31,0,2,10,0,12,12,11,20,0,43,4,0,4,47
04/25/2022,PIA,IL,AGL,CE,Combined TRACON& Tower with Radar,20,10,12,0,42,0,1,24,11,36,20,11,36,11,78,22,10,32,110
04/26/2022,PIA,IL,AGL,CE,Combined TRACON& Tower with Radar,9,13,27,18,67,0,5,33,26,64,9,18,60,44,131,18,30,48,179
04/27/2022,PIA,IL,AGL,CE,Combined TRACON& Tower with Radar,15,15,15,2,47,0,8,33,14,55,15,23,48,16,102,40,30,70,172
04/28/2022,PIA,IL,AGL,CE,Combined TRACON& Tower with Radar,18,16,16,2,52,0,2,20,8,30,18,18,36,10,82,4,4,8,90
04/29/2022,PIA,IL,AGL,CE,Combined TRACON& Tower with Radar,24,12,17,11,64,0,0,13,4,17,24,12,30,15,81,6,32,38,119
04/30/2022,PIA,IL,AGL,CE,Combined TRACON& Tower with Radar,14,8,5,6,33,0,1,8,18,27,14,9,13,24,60,0,32,32,92
05/01/2022,PIA,IL,AGL,CE,Combined TRACON& Tower with Radar,10,8,10,5,33,0,1,5,2,8,10,9,15,7,41,10,14,24,65
05/02/2022,PIA,IL,AGL,CE,Combined TRACON& Tower with Radar,20,11,11,1,43,0,0,29,2,31,20,11,40,3,74,8,10,18,92
05/03/2022,PIA,IL,AGL,CE,Combined TRACON& Tower with Radar,9,17,9,14,49,0,0,2,0,2,9,17,11,14,51,4,8,12,63
05/04/2022,PIA,IL,AGL,CE,Combined TRACON& Tower with Radar,14,15,30,5,64,0,1,18,22,41,14,16,48,27,105,54,56,110,215
05/05/2022,PIA,IL,AGL,CE,Combined TRACON& Tower with Radar,11,12,17,3,43,0,1,2,0,3,11,13,19,3,46,10,0,10,56
05/06/2022,PIA,IL,AGL,CE,Combined TRACON& Tower with Radar,21,12,21,0,54,0,0,3,0,3,21,12,24,0,57,0,0,0,57
05/07/2022,PIA,IL,AGL,CE,Combined TRACON& Tower with Radar,14,10,13,0,37,0,10,49,0,59,14,20,62,0,96,18,0,18,114
05/08/2022,PIA,IL,AGL,CE,Combined TRACON& Tower with Radar,13,12,8,0,33,0,12,20,0,32,13,24,28,0,65,4,0,4,69
05/09/2022,PIA,IL,AGL,CE,Combined TRACON& Tower with Radar,20,9,7,4,40,0,1,10,0,11,20,10,17,4,51,0,0,0,51
05/10/2022,PIA,IL,AGL,CE,Combined TRACON& Tower with Radar,12,8,25,5,50,0,2,25,35,62,12,10,50,40,112,26,30,56,168
05/11/2022,PIA,IL,AGL,CE,Combined TRACON& Tower with Radar,14,10,17,6,47,0,11,58,10,79,14,21,75,16,126,38,6,44,170
05/12/2022,PIA,IL,AGL,CE,Combined TRACON& Tower with Radar,14,8,31,15,68,0,1,32,31,64,14,9,63,46,132,24,48,72,204
05/13/2022,PIA,IL,AGL,CE,Combined TRACON& Tower with Radar,21,9,10,2,42,0,9,42,3,54,21,18,52,5,96,60,0,60,156
05/14/2022,PIA,IL,AGL,CE,Combined TRACON& Tower with Radar,15,10,5,0,30,0,0,28,0,28,15,10,33,0,58,20,0,20,78
05/15/2022,PIA,IL,AGL,CE,Combined TRACON& Tower with Radar,12,10,8,1,31,0,2,24,1,27,12,12,32,2,58,20,0,20,78
05/16/2022,PIA,IL,AGL,CE,Combined TRACON& Tower with Radar,21,10,13,8,52,0,3,25,5,33,21,13,38,13,85,10,20,30,115
05/17/2022,PIA,IL,AGL,CE,Combined TRACON& Tower with Radar,11,11,28,4,54,0,0,54,16,70,11,11,82,20,124,68,46,114,238
05/18/2022,PIA,IL,AGL,CE,Combined TRACON& Tower with Radar,14,18,25,9,66,0,1,14,29,44,14,19,39,38,110,16,74,90,200
05/19/2022,PIA,IL,AGL,CE,Combined TRACON& Tower with Radar,16,12,23,6,57,0,0,37,6,43,16,12,60,12,100,50,20,70,170
05/20/2022,PIA,IL,AGL,CE,Combined TRACON& Tower with Radar,19,12,7,1,39,0,0,6,2,8,19,12,13,3,47,0,0,0,47
05/21/2022,PIA,IL,AGL,CE,Combined TRACON& Tower with Radar,18,8,8,0,34,0,0,0,0,0,18,8,8,0,34,0,0,0,34
05/22/2022,PIA,IL,AGL,CE,Combined TRACON& Tower with Radar,12,10,14,1,37,0,0,26,2,28,12,10,40,3,65,40,0,40,105
05/23/2022,PIA,IL,AGL,CE,Combined TRACON& Tower with Radar,18,12,16,4,50,0,2,23,11,36,18,14,39,15,86,24,18,42,128
05/24/2022,PIA,IL,AGL,CE,Combined TRACON& Tower with Radar,11,8,13,6,38,0,2,21,14,37,11,10,34,20,75,32,10,42,117
05/25/2022,PIA,IL,AGL,CE,Combined TRACON& Tower with Radar,18,14,10,18,60,0,0,2,7,9,18,14,12,25,69,2,26,28,97
05/26/2022,PIA,IL,AGL,CE,Combined TRACON& Tower with Radar,14,16,9,0,39,0,3,7,4,14,14,19,16,4,53,10,0,10,63
05/27/2022,PIA,IL,AGL,CE,Combined TRACON& Tower with Radar,20,8,26,0,54,0,0,2,0,2,20,8,28,0,56,0,0,0,56
05/28/2022,PIA,IL,AGL,CE,Combined TRACON& Tower with Radar,19,12,10,0,41,0,0,41,0,41,19,12,51,0,82,28,0,28,110
05/29/2022,PIA,IL,AGL,CE,Combined TRACON& Tower with Radar,14,11,3,0,28,0,0,11,2,13,14,11,14,2,41,6,0,6,47
05/30/2022,PIA,IL,AGL,CE,Combined TRACON& Tower with Radar,17,11,2,0,30,0,0,9,0,9,17,11,11,0,39,0,0,0,39
05/31/2022,PIA,IL,AGL,CE,Combined TRACON& Tower with Radar,12,8,12,4,36,0,0,4,15,19,12,8,16,19,55,0,6,6,61
06/01/2022,PIA,IL,AGL,CE,Combined TRACON& Tower with Radar,18,8,14,3,43,0,4,33,5,42,18,12,47,8,85,44,14,58,143
06/02/2022,PIA,IL,AGL,CE,Combined TRACON& Tower with Radar,26,8,14,1,49,0,1,33,4,38,26,9,47,5,87,38,0,38,125
06/03/2022,PIA,IL,AGL,CE,Combined TRACON& Tower with Radar,18,12,19,0,49,0,1,45,1,47,18,13,64,1,96,58,0,58,154
06/04/2022,PIA,IL,AGL,CE,Combined TRACON& Tower with Radar,20,12,11,2,45,0,0,36,0,36,20,12,47,2,81,12,0,12,93
06/05/2022,PIA,IL,AGL,CE,Combined TRACON& Tower with Radar,16,13,17,0,46,0,0,9,1,10,16,13,26,1,56,8,0,8,64
06/06/2022,PIA,IL,AGL,CE,Combined TRACON& Tower with Radar,18,8,13,4,43,0,2,10,4,16,18,10,23,8,59,8,6,14,73
06/07/2022,PIA,IL,AGL,CE,Combined TRACON& Tower with Radar,10,9,20,9,48,0,8,25,12,45,10,17,45,21,93,10,28,38,131
06/08/2022,PIA,IL,AGL,CE,Combined TRACON& Tower with Radar,18,13,21,4,56,0,0,13,3,16,18,13,34,7,72,6,20,26,98
06/09/2022,PIA,IL,AGL,CE,Combined TRACON& Tower with Radar,18,14,30,1,63,0,0,30,18,48,18,14,60,19,111,20,16,36,147
06/10/2022,PIA,IL,AGL,CE,Combined TRACON& Tower with Radar,18,18,18,8,62,0,10,52,9,71,18,28,70,17,133,46,18,64,197
06/11/2022,PIA,IL,AGL,CE,Combined TRACON& Tower with Radar,18,10,13,0,41,0,0,30,2,32,18,10,43,2,73,46,0,46,119
06/12/2022,PIA,IL,AGL,CE,Combined TRACON& Tower with Radar,14,8,15,0,37,0,0,13,1,14,14,8,28,1,51,36,0,36,87
06/13/2022,PIA,IL,AGL,CE,Combined TRACON& Tower with Radar,17,10,10,3,40,0,0,17,8,25,17,10,27,11,65,18,0,18,83
06/14/2022,PIA,IL,AGL,CE,Combined TRACON& Tower with Radar,11,12,15,2,40,0,1,24,16,41,11,13,39,18,81,2,2,4,85
06/15/2022,PIA,IL,AGL,CE,Combined TRACON& Tower with Radar,18,10,14,3,45,0,1,28,7,36,18,11,42,10,81,16,12,28,109
06/16/2022,PIA,IL,AGL,CE,Combined TRACON& Tower with Radar,15,10,10,8,43,0,0,27,4,31,15,10,37,12,74,8,22,30,104
06/17/2022,PIA,IL,AGL,CE,Combined TRACON& Tower with Radar,19,12,10,10,51,0,6,37,21,64,19,18,47,31,115,0,24,24,139
06/18/2022,PIA,IL,AGL,CE,Combined TRACON& Tower with Radar,24,8,3,0,35,0,8,18,2,28,24,16,21,2,63,12,0,12,75
06/19/2022,PIA,IL,AGL,CE,Combined TRACON& Tower with Radar,12,8,12,0,32,0,0,25,0,25,12,8,37,0,57,46,0,46,103
06/20/2022,PIA,IL,AGL,CE,Combined TRACON& Tower with Radar,18,12,22,0,52,0,0,36,0,36,18,12,58,0,88,10,0,10,98
06/21/2022,PIA,IL,AGL,CE,Combined TRACON& Tower with Radar,12,9,20,14,55,0,0,29,17,46,12,9,49,31,101,40,44,84,185
06/22/2022,PIA,IL,AGL,CE,Combined TRACON& Tower with Radar,18,13,8,15,54,0,0,41,12,53,18,13,49,27,107,26,30,56,163
06/23/2022,PIA,IL,AGL,CE,Combined TRACON& Tower with Radar,18,10,17,7,52,0,2,25,11,38,18,12,42,18,90,12,8,20,110
06/24/2022,PIA,IL,AGL,CE,Combined TRACON& Tower with Radar,16,12,24,7,59,0,3,29,17,49,16,15,53,24,108,26,52,78,186
06/25/2022,PIA,IL,AGL,CE,Combined TRACON& Tower with Radar,22,10,4,0,36,0,1,10,0,11,22,11,14,0,47,16,0,16,63
06/26/2022,PIA,IL,AGL,CE,Combined TRACON& Tower with Radar,13,12,10,1,36,0,0,25,0,25,13,12,35,1,61,10,0,10,71
06/27/2022,PIA,IL,AGL,CE,Combined TRACON& Tower with Radar,17,12,15,4,48,0,0,20,9,29,17,12,35,13,77,24,16,40,117
06/28/2022,PIA,IL,AGL,CE,Combined TRACON& Tower with Radar,10,9,16,12,47,0,0,30,26,56,10,9,46,38,103,22,34,56,159
06/29/2022,PIA,IL,AGL,CE,Combined TRACON& Tower with Radar,18,8,6,10,42,0,0,16,8,24,18,8,22,18,66,44,12,56,122
06/30/2022,PIA,IL,AGL,CE,Combined TRACON& Tower with Radar,18,12,12,4,46,0,4,36,5,45,18,16,48,9,91,42,0,42,133
07/01/2022,PIA,IL,AGL,CE,Combined TRACON& Tower with Radar,18,12,3,0,33,0,1,35,0,36,18,13,38,0,69,38,0,38,107
07/02/2022,PIA,IL,AGL,CE,Combined TRACON& Tower with Radar,22,8,12,0,42,0,2,22,0,24,22,10,34,0,66,44,0,44,110
07/03/2022,PIA,IL,AGL,CE,Combined TRACON& Tower with Radar,14,12,15,0,41,0,0,21,0,21,14,12,36,0,62,32,0,32,94
07/04/2022,PIA,IL,AGL,CE,Combined TRACON& Tower with Radar,16,8,2,2,28,0,1,21,0,22,16,9,23,2,50,30,0,30,80
07/05/2022,PIA,IL,AGL,CE,Combined TRACON& Tower with Radar,13,12,16,8,49,0,3,28,14,45,13,15,44,22,94,34,8,42,136
07/06/2022,PIA,IL,AGL,CE,Combined TRACON& Tower with Radar,20,12,23,6,61,0,0,8,20,28,20,12,31,26,89,0,4,4,93
07/07/2022,PIA,IL,AGL,CE,Combined TRACON& Tower with Radar,18,12,9,1,40,0,0,1,1,2,18,12,10,2,42,0,0,0,42
07/08/2022,PIA,IL,AGL,CE,Combined TRACON& Tower with Radar,16,14,16,6,52,0,0,0,0,0,16,14,16,6,52,2,0,2,54
07/09/2022,PIA,IL,AGL,CE,Combined TRACON& Tower with Radar,24,18,16,0,58,0,0,17,2,19,24,18,33,2,77,60,0,60,137
07/10/2022,PIA,IL,AGL,CE,Combined TRACON& Tower with Radar,16,13,16,0,45,0,0,36,0,36,16,13,52,0,81,70,0,70,151
07/11/2022,PIA,IL,AGL,CE,Combined TRACON& Tower with Radar,18,8,16,2,44,0,0,26,1,27,18,8,42,3,71,32,12,44,115
07/12/2022,PIA,IL,AGL,CE,Combined TRACON& Tower with Radar,10,10,13,13,46,0,8,50,19,77,10,18,63,32,123,102,60,162,285
07/13/2022,PIA,IL,AGL,CE,Combined TRACON& Tower with Radar,18,15,16,7,56,0,0,23,2,25,18,15,39,9,81,42,0,42,123
07/14/2022,PIA,IL,AGL,CE,Combined TRACON& Tower with Radar,17,13,14,3,47,0,0,55,9,64,17,13,69,12,111,30,4,34,145
07/15/2022,PIA,IL,AGL,CE,Combined TRACON& Tower with Radar,19,10,10,0,39,0,0,8,0,8,19,10,18,0,47,8,0,8,55
07/16/2022,PIA,IL,AGL,CE,Combined TRACON& Tower with Radar,21,12,21,0,54,0,1,10,2,13,21,13,31,2,67,14,0,14,81
07/17/2022,PIA,IL,AGL,CE,Combined TRACON& Tower with Radar,17,13,12,1,43,0,0,14,5,19,17,13,26,6,62,14,8,22,84
07/18/2022,PIA,IL,AGL,CE,Combined TRACON& Tower with Radar,19,9,20,9,57,0,0,30,10,40,19,9,50,19,97,62,18,80,177
07/19/2022,PIA,IL,AGL,CE,Combined TRACON& Tower with Radar,12,14,25,6,57,0,2,32,8,42,12,16,57,14,99,44,18,62,161
07/20/2022,PIA,IL,AGL,CE,Combined TRACON& Tower with Radar,17,8,15,16,56,0,0,30,17,47,17,8,45,33,103,34,32,66,169
07/21/2022,PIA,IL,AGL,CE,Combined TRACON& Tower with Radar,15,8,13,4,40,0,0,50,14,64,15,8,63,18,104,80,14,94,198
07/22/2022,PIA,IL,AGL,CE,Combined TRACON& Tower with Radar,18,10,19,1,48,0,0,30,3,33,18,10,49,4,81,42,0,42,123
07/23/2022,PIA,IL,AGL,CE,Combined TRACON& Tower with Radar,20,6,22,1,49,0,0,26,3,29,20,6,48,4,78,18,0,18,96
07/24/2022,PIA,IL,AGL,CE,Combined TRACON& Tower with Radar,16,10,19,1,46,0,4,21,1,26,16,14,40,2,72,36,0,36,108
07/25/2022,PIA,IL,AGL,CE,Combined TRACON& Tower with Radar,16,11,17,10,54,0,0,21,2,23,16,11,38,12,77,24,22,46,123
07/26/2022,PIA,IL,AGL,CE,Combined TRACON& Tower with Radar,11,19,28,23,81,0,0,8,2,10,11,19,36,25,91,22,8,30,121
07/27/2022,PIA,IL,AGL,CE,Combined TRACON& Tower with Radar,22,12,23,13,70,0,0,19,16,35,22,12,42,29,105,12,32,44,149
07/28/2022,PIA,IL,AGL,CE,Combined TRACON& Tower with Radar,17,10,19,4,50,0,0,32,6,38,17,10,51,10,88,60,26,86,174
07/29/2022,PIA,IL,AGL,CE,Combined TRACON& Tower with Radar,20,10,17,0,47,0,1,30,0,31,20,11,47,0,78,84,4,88,166
07/30/2022,PIA,IL,AGL,CE,Combined TRACON& Tower with Radar,19,9,4,0,32,0,0,34,0,34,19,9,38,0,66,14,0,14,80
07/31/2022,PIA,IL,AGL,CE,Combined TRACON& Tower with Radar,14,19,16,0,49,0,0,35,0,35,14,19,51,0,84,38,0,38,122
08/01/2022,PIA,IL,AGL,CE,Combined TRACON& Tower with Radar,14,10,26,12,62,0,0,22,3,25,14,10,48,15,87,16,36,52,139
08/02/2022,PIA,IL,AGL,CE,Combined TRACON& Tower with Radar,11,14,14,2,41,0,0,15,6,21,11,14,29,8,62,56,16,72,134
08/03/2022,PIA,IL,AGL,CE,Combined TRACON& Tower with Radar,18,10,16,2,46,0,0,32,31,63,18,10,48,33,109,40,28,68,177
08/04/2022,PIA,IL,AGL,CE,Combined TRACON& Tower with Radar,17,8,18,0,43,0,0,10,0,10,17,8,28,0,53,38,0,38,91
08/05/2022,PIA,IL,AGL,CE,Combined TRACON& Tower with Radar,17,8,30,12,67,0,0,7,1,8,17,8,37,13,75,36,4,40,115
08/06/2022,PIA,IL,AGL,CE,Combined TRACON& Tower with Radar,21,8,27,0,56,0,0,20,0,20,21,8,47,0,76,52,0,52,128
08/07/2022,PIA,IL,AGL,CE,Combined TRACON& Tower with Radar,15,6,11,0,32,0,0,21,0,21,15,6,32,0,53,52,0,52,105
08/08/2022,PIA,IL,AGL,CE,Combined TRACON& Tower with Radar,18,15,6,0,39,0,0,6,0,6,18,15,12,0,45,10,0,10,55
08/09/2022,PIA,IL,AGL,CE,Combined TRACON& Tower with Radar,10,15,15,6,46,0,0,39,3,42,10,15,54,9,88,64,0,64,152
08/10/2022,PIA,IL,AGL,CE,Combined TRACON& Tower with Radar,17,10,23,4,54,0,0,54,10,64,17,10,77,14,118,70,12,82,200
08/11/2022,PIA,IL,AGL,CE,Combined TRACON& Tower with Radar,13,6,10,3,32,0,2,19,4,25,13,8,29,7,57,56,2,58,115
08/12/2022,PIA,IL,AGL,CE,Combined TRACON& Tower with Radar,14,13,7,3,37,0,0,37,10,47,14,13,44,13,84,34,14,48,132
08/13/2022,PIA,IL,AGL,CE,Combined TRACON& Tower with Radar,20,7,9,2,38,0,0,23,5,28,20,7,32,7,66,8,4,12,78
08/14/2022,PIA,IL,AGL,CE,Combined TRACON& Tower with Radar,14,8,25,6,53,0,0,6,5,11,14,8,31,11,64,26,16,42,106
08/15/2022,PIA,IL,AGL,CE,Combined TRACON& Tower with Radar,18,8,18,3,47,0,1,13,0,14,18,9,31,3,61,10,0,10,71
08/16/2022,PIA,IL,AGL,CE,Combined TRACON& Tower with Radar,10,11,14,9,44,0,0,39,24,63,10,11,53,33,107,28,20,48,155
08/17/2022,PIA,IL,AGL,CE,Combined TRACON& Tower with Radar,12,13,22,7,54,0,0,26,8,34,12,13,48,15,88,40,28,68,156
08/18/2022,PIA,IL,AGL,CE,Combined TRACON& Tower with Radar,16,16,26,15,73,0,0,55,1,56,16,16,81,16,129,48,0,48,177
08/19/2022,PIA,IL,AGL,CE,Combined TRACON& Tower with Radar,18,9,12,5,44,0,0,27,11,38,18,9,39,16,82,14,12,26,108
08/20/2022,PIA,IL,AGL,CE,Combined TRACON& Tower with Radar,12,10,1,2,25,0,0,9,0,9,12,10,10,2,34,18,0,18,52
08/21/2022,PIA,IL,AGL,CE,Combined TRACON& Tower with Radar,14,8,16,1,39,0,0,14,0,14,14,8,30,1,53,38,0,38,91
08/22/2022,PIA,IL,AGL,CE,Combined TRACON& Tower with Radar,15,15,26,3,59,0,2,32,1,35,15,17,58,4,94,6,8,14,108
08/23/2022,PIA,IL,AGL,CE,Combined TRACON& Tower with Radar,10,10,40,11,71,0,0,44,14,58,10,10,84,25,129,50,24,74,203
08/24/2022,PIA,IL,AGL,CE,Combined TRACON& Tower with Radar,12,11,32,5,60,0,2,22,13,37,12,13,54,18,97,32,8,40,137
08/25/2022,PIA,IL,AGL,CE,Combined TRACON& Tower with Radar,16,13,43,1,73,0,1,25,17,43,16,14,68,18,116,48,8,56,172
08/26/2022,PIA,IL,AGL,CE,Combined TRACON& Tower with Radar,18,10,22,0,50,0,0,22,0,22,18,10,44,0,72,56,0,56,128
08/27/2022,PIA,IL,AGL,CE,Combined TRACON& Tower with Radar,12,8,8,0,28,0,1,38,1,40,12,9,46,1,68,28,0,28,96
08/28/2022,PIA,IL,AGL,CE,Combined TRACON& Tower with Radar,14,10,10,0,34,0,11,9,0,20,14,21,19,0,54,6,0,6,60
08/29/2022,PIA,IL,AGL,CE,Combined TRACON& Tower with Radar,18,17,15,5,55,0,1,12,4,17,18,18,27,9,72,28,10,38,110
08/30/2022,PIA,IL,AGL,CE,Combined TRACON& Tower with Radar,10,12,12,5,39,0,0,29,5,34,10,12,41,10,73,42,14,56,129
08/31/2022,PIA,IL,AGL,CE,Combined TRACON& Tower with Radar,12,12,14,1,39,0,1,41,18,60,12,13,55,19,99,46,16,62,161
09/01/2022,PIA,IL,AGL,CE,Combined TRACON& Tower with Radar,18,14,21,15,68,0,0,44,25,69,18,14,65,40,137,58,22,80,217
09/02/2022,PIA,IL,AGL,CE,Combined TRACON& Tower with Radar,18,8,20,0,46,0,0,33,1,34,18,8,53,1,80,42,0,42,122
09/03/2022,PIA,IL,AGL,CE,Combined TRACON& Tower with Radar,10,8,10,1,29,0,0,29,0,29,10,8,39,1,58,28,0,28,86
09/04/2022,PIA,IL,AGL,CE,Combined TRACON& Tower with Radar,14,12,31,1,58,0,0,2,0,2,14,12,33,1,60,14,0,14,74
09/05/2022,PIA,IL,AGL,CE,Combined TRACON& Tower with Radar,16,10,17,0,43,0,0,4,0,4,16,10,21,0,47,6,0,6,53
09/06/2022,PIA,IL,AGL,CE,Combined TRACON& Tower with Radar,16,12,23,4,55,0,0,25,14,39,16,12,48,18,94,38,10,48,142
09/07/2022,PIA,IL,AGL,CE,Combined TRACON& Tower with Radar,12,19,23,5,59,0,0,35,15,50,12,19,58,20,109,22,16,38,147
09/08/2022,PIA,IL,AGL,CE,Combined TRACON& Tower with Radar,13,11,10,1,35,0,0,32,6,38,13,11,42,7,73,22,0,22,95
09/09/2022,PIA,IL,AGL,CE,Combined TRACON& Tower with Radar,17,13,31,7,68,0,0,25,6,31,17,13,56,13,99,62,26,88,187
09/10/2022,PIA,IL,AGL,CE,Combined TRACON& Tower with Radar,14,12,7,5,38,0,0,20,8,28,14,12,27,13,66,12,4,16,82
09/11/2022,PIA,IL,AGL,CE,Combined TRACON& Tower with Radar,12,13,5,2,32,0,0,0,0,0,12,13,5,2,32,0,0,0,32
09/12/2022,PIA,IL,AGL,CE,Combined TRACON& Tower with Radar,16,12,15,4,47,0,0,15,4,19,16,12,30,8,66,42,2,44,110
09/13/2022,PIA,IL,AGL,CE,Combined TRACON& Tower with Radar,10,16,14,2,42,0,3,52,11,66,10,19,66,13,108,58,8,66,174
09/14/2022,PIA,IL,AGL,CE,Combined TRACON& Tower with Radar,11,20,22,0,53,0,1,39,10,50,11,21,61,10,103,66,56,122,225
09/15/2022,PIA,IL,AGL,CE,Combined TRACON& Tower with Radar,13,19,17,17,66,0,0,32,15,47,13,19,49,32,113,38,56,94,207
09/16/2022,PIA,IL,AGL,CE,Combined TRACON& Tower with Radar,18,13,9,0,40,0,0,30,0,30,18,13,39,0,70,24,0,24,94
09/17/2022,PIA,IL,AGL,CE,Combined TRACON& Tower with Radar,12,13,11,0,36,0,0,14,2,16,12,13,25,2,52,10,0,10,62
09/18/2022,PIA,IL,AGL,CE,Combined TRACON& Tower with Radar,12,17,11,0,40,0,0,13,4,17,12,17,24,4,57,24,0,24,81
09/19/2022,PIA,IL,AGL,CE,Combined TRACON& Tower with Radar,17,18,13,2,50,0,0,15,2,17,17,18,28,4,67,6,0,6,73
09/20/2022,PIA,IL,AGL,CE,Combined TRACON& Tower with Radar,11,12,7,4,34,0,2,35,12,49,11,14,42,16,83,52,6,58,141
09/21/2022,PIA,IL,AGL,CE,Combined TRACON& Tower with Radar,12,13,13,3,41,0,0,5,4,9,12,13,18,7,50,0,20,20,70
09/22/2022,PIA,IL,AGL,CE,Combined TRACON& Tower with Radar,14,18,17,1,50,0,1,44,7,52,14,19,61,8,102,30,8,38,140
09/23/2022,PIA,IL,AGL,CE,Combined TRACON& Tower with Radar,17,21,16,2,56,1,0,21,6,28,18,21,37,8,84,58,2,60,144
09/24/2022,PIA,IL,AGL,CE,Combined TRACON& Tower with Radar,12,11,4,1,28,0,2,19,1,22,12,13,23,2,50,38,0,38,88
09/25/2022,PIA,IL,AGL,CE,Combined TRACON& Tower with Radar,12,15,8,6,41,0,1,15,2,18,12,16,23,8,59,12,6,18,77
09/26/2022,PIA,IL,AGL,CE,Combined TRACON& Tower with Radar,18,17,9,0,44,0,1,21,4,26,18,18,30,4,70,10,10,20,90
09/27/2022,PIA,IL,AGL,CE,Combined TRACON& Tower with Radar,10,20,18,0,48,0,0,31,2,33,10,20,49,2,81,46,0,46,127
09/28/2022,PIA,IL,AGL,CE,Combined TRACON& Tower with Radar,10,13,11,3,37,0,1,24,7,32,10,14,35,10,69,28,32,60,129
09/29/2022,PIA,IL,AGL,CE,Combined TRACON& Tower with Radar,12,16,8,0,36,0,1,25,4,30,12,17,33,4,66,18,0,18,84
09/30/2022,PIA,IL,AGL,CE,Combined TRACON& Tower with Radar,14,20,18,0,52,0,0,33,0,33,14,20,51,0,85,12,0,12,97
10/01/2022,PIA,IL,AGL,CE,Towers with Radar,14,8,14,0,36,0,1,28,0,29,14,9,42,0,65,32,0,32,97
10/02/2022,PIA,IL,AGL,CE,Towers with Radar,12,8,15,0,35,0,0,36,0,36,12,8,51,0,71,40,0,40,111
10/03/2022,PIA,IL,AGL,CE,Towers with Radar,16,16,8,0,40,0,1,49,0,50,16,17,57,0,90,42,0,42,132
10/04/2022,PIA,IL,AGL,CE,Towers with Radar,10,15,13,0,38,0,2,31,2,35,10,17,44,2,73,32,0,32,105
10/05/2022,PIA,IL,AGL,CE,Towers with Radar,12,10,18,0,40,0,2,24,2,28,12,12,42,2,68,26,0,26,94
10/06/2022,PIA,IL,AGL,CE,Towers with Radar,13,17,19,0,49,0,0,21,0,21,13,17,40,0,70,8,0,8,78
10/07/2022,PIA,IL,AGL,CE,Towers with Radar,17,9,12,0,38,0,2,22,2,26,17,11,34,2,64,34,0,34,98
10/08/2022,PIA,IL,AGL,CE,Towers with Radar,16,10,1,0,27,0,2,19,0,21,16,12,20,0,48,0,0,0,48
10/09/2022,PIA,IL,AGL,CE,Towers with Radar,13,10,4,0,27,0,3,18,0,21,13,13,22,0,48,0,0,0,48
10/10/2022,PIA,IL,AGL,CE,Towers with Radar,18,12,10,0,40,1,0,44,0,45,19,12,54,0,85,82,0,82,167
10/11/2022,PIA,IL,AGL,CE,Towers with Radar,18,9,17,4,48,0,0,2,0,2,18,9,19,4,50,0,0,0,50
10/12/2022,PIA,IL,AGL,CE,Towers with Radar,12,8,27,10,57,0,0,16,0,16,12,8,43,10,73,26,14,40,113
10/13/2022,PIA,IL,AGL,CE,Towers with Radar,14,13,15,0,42,0,0,0,2,2,14,13,15,2,44,0,0,0,44
10/14/2022,PIA,IL,AGL,CE,Towers with Radar,18,12,16,6,52,0,0,10,0,10,18,12,26,6,62,36,0,36,98
10/15/2022,PIA,IL,AGL,CE,Towers with Radar,12,12,11,0,35,0,0,32,0,32,12,12,43,0,67,20,0,20,87
10/16/2022,PIA,IL,AGL,CE,Towers with Radar,12,14,11,0,37,0,0,21,0,21,12,14,32,0,58,6,0,6,64
10/17/2022,PIA,IL,AGL,CE,Towers with Radar,18,12,17,0,47,0,1,4,0,5,18,13,21,0,52,0,0,0,52
10/18/2022,PIA,IL,AGL,CE,Towers with Radar,12,10,15,0,37,0,0,13,11,24,12,10,28,11,61,0,10,10,71
10/19/2022,PIA,IL,AGL,CE,Towers with Radar,12,13,16,0,41,0,0,28,0,28,12,13,44,0,69,82,0,82,151
10/20/2022,PIA,IL,AGL,CE,Towers with Radar,13,10,12,7,42,1,4,28,9,42,14,14,40,16,84,46,36,82,166
10/21/2022,PIA,IL,AGL,CE,Towers with Radar,18,10,16,0,44,0,7,32,4,43,18,17,48,4,87,56,6,62,149
10/22/2022,PIA,IL,AGL,CE,Towers with Radar,12,10,4,0,26,0,2,26,2,30,12,12,30,2,56,28,0,28,84
10/23/2022,PIA,IL,AGL,CE,Towers with Radar,12,8,13,0,33,0,0,3,8,11,12,8,16,8,44,6,0,6,50
10/24/2022,PIA,IL,AGL,CE,Towers with Radar,17,11,21,0,49,0,13,10,0,23,17,24,31,0,72,0,0,0,72
10/25/2022,PIA,IL,AGL,CE,Towers with Radar,9,11,13,0,33,0,0,0,0,0,9,11,13,0,33,0,0,0,33
10/26/2022,PIA,IL,AGL,CE,Towers with Radar,12,8,16,4,40,0,0,33,4,37,12,8,49,8,77,34,12,46,123
10/27/2022,PIA,IL,AGL,CE,Towers with Radar,14,13,18,3,48,0,2,23,5,30,14,15,41,8,78,30,22,52,130
10/28/2022,PIA,IL,AGL,CE,Towers with Radar,16,12,12,0,40,0,1,47,0,48,16,13,59,0,88,46,0,46,134
10/29/2022,PIA,IL,AGL,CE,Towers with Radar,10,12,5,0,27,0,9,50,0,59,10,21,55,0,86,36,0,36,122
10/30/2022,PIA,IL,AGL,CE,Towers with Radar,12,10,9,1,32,0,0,8,2,10,12,10,17,3,42,14,0,14,56
10/31/2022,PIA,IL,AGL,CE,Towers with Radar,15,16,12,0,43,1,0,8,0,9,16,16,20,0,52,32,0,32,84
11/01/2022,PIA,IL,AGL,CE,Towers with Radar,10,18,14,0,42,0,0,66,2,68,10,18,80,2,110,58,0,58,168
11/02/2022,PIA,IL,AGL,CE,Towers with Radar,12,19,13,0,44,0,0,24,2,26,12,19,37,2,70,4,0,4,74
11/03/2022,PIA,IL,AGL,CE,Towers with Radar,16,21,13,0,50,0,2,3,2,7,16,23,16,2,57,4,0,4,61
11/04/2022,PIA,IL,AGL,CE,Towers with Radar,18,14,16,0,48,0,2,1,1,4,18,16,17,1,52,0,0,0,52
11/05/2022,PIA,IL,AGL,CE,Towers with Radar,12,5,14,0,31,0,0,1,0,1,12,5,15,0,32,0,0,0,32
11/06/2022,PIA,IL,AGL,CE,Towers with Radar,12,14,16,0,42,0,0,40,2,42,12,14,56,2,84,70,0,70,154
11/07/2022,PIA,IL,AGL,CE,Towers with Radar,22,11,16,11,60,0,0,17,3,20,22,11,33,14,80,28,32,60,140
11/08/2022,PIA,IL,AGL,CE,Towers with Radar,10,12,10,10,42,0,2,32,7,41,10,14,42,17,83,30,26,56,139
11/09/2022,PIA,IL,AGL,CE,Towers with Radar,12,23,9,8,52,0,0,35,6,41,12,23,44,14,93,16,14,30,123
11/10/2022,PIA,IL,AGL,CE,Towers with Radar,14,22,12,0,48,0,0,9,4,13,14,22,21,4,61,4,10,14,75
11/11/2022,PIA,IL,AGL,CE,Towers with Radar,16,18,14,0,48,0,1,8,0,9,16,19,22,0,57,38,0,38,95
11/12/2022,PIA,IL,AGL,CE,Towers with Radar,12,16,5,0,33,0,0,1,0,1,12,16,6,0,34,0,0,0,34
11/13/2022,PIA,IL,AGL,CE,Towers with Radar,12,14,15,0,41,0,1,31,2,34,12,15,46,2,75,20,0,20,95
11/14/2022,PIA,IL,AGL,CE,Towers with Radar,18,13,6,4,41,0,2,28,2,32,18,15,34,6,73,18,4,22,95
11/15/2022,PIA,IL,AGL,CE,Towers with Radar,10,14,6,0,30,0,0,0,0,0,10,14,6,0,30,0,0,0,30
11/16/2022,PIA,IL,AGL,CE,Towers with Radar,12,11,13,2,38,0,0,4,0,4,12,11,17,2,42,0,0,0,42
11/17/2022,PIA,IL,AGL,CE,Towers with Radar,16,16,22,2,56,0,0,12,8,20,16,16,34,10,76,18,0,18,94
11/18/2022,PIA,IL,AGL,CE,Towers with Radar,18,19,12,0,49,0,2,9,4,15,18,21,21,4,64,0,0,0,64
11/19/2022,PIA,IL,AGL,CE,Towers with Radar,15,12,5,0,32,0,0,9,0,9,15,12,14,0,41,4,0,4,45
11/20/2022,PIA,IL,AGL,CE,Towers with Radar,15,15,11,5,46,0,0,24,5,29,15,15,35,10,75,12,18,30,105
11/21/2022,PIA,IL,AGL,CE,Towers with Radar,18,15,10,0,43,0,1,12,0,13,18,16,22,0,56,10,0,10,66
11/22/2022,PIA,IL,AGL,CE,Towers with Radar,19,15,22,11,67,0,1,35,13,49,19,16,57,24,116,18,22,40,156
11/23/2022,PIA,IL,AGL,CE,Towers with Radar,21,13,19,6,59,0,2,40,6,48,21,15,59,12,107,14,26,40,147
11/24/2022,PIA,IL,AGL,CE,Towers with Radar,8,7,1,0,16,0,2,0,0,2,8,9,1,0,18,0,0,0,18
11/25/2022,PIA,IL,AGL,CE,Towers with Radar,15,10,4,0,29,0,1,21,0,22,15,11,25,0,51,12,0,12,63
11/26/2022,PIA,IL,AGL,CE,Towers with Radar,14,10,14,0,38,0,0,12,0,12,14,10,26,0,50,6,0,6,56
11/27/2022,PIA,IL,AGL,CE,Towers with Radar,18,14,14,0,46,0,0,2,0,2,18,14,16,0,48,0,0,0,48
11/28/2022,PIA,IL,AGL,CE,Towers with Radar,15,10,19,0,44,0,0,4,0,4,15,10,23,0,48,16,0,16,64
11/29/2022,PIA,IL,AGL,CE,Towers with Radar,12,15,16,0,43,0,0,1,1,2,12,15,17,1,45,0,0,0,45
11/30/2022,PIA,IL,AGL,CE,Towers with Radar,14,12,12,0,38,0,1,4,1,6,14,13,16,1,44,0,0,0,44
12/01/2022,PIA,IL,AGL,CE,Towers with Radar,18,12,13,0,43,0,0,26,9,35,18,12,39,9,78,36,0,36,114
12/02/2022,PIA,IL,AGL,CE,Towers with Radar,21,11,16,0,48,1,0,4,3,8,22,11,20,3,56,2,2,4,60
12/03/2022,PIA,IL,AGL,CE,Towers with Radar,13,9,6,0,28,0,0,16,2,18,13,9,22,2,46,0,0,0,46
12/04/2022,PIA,IL,AGL,CE,Towers with Radar,13,10,18,0,41,0,0,27,0,27,13,10,45,0,68,32,0,32,100
12/05/2022,PIA,IL,AGL,CE,Towers with Radar,18,9,25,0,52,0,0,16,7,23,18,9,41,7,75,12,50,62,137
12/06/2022,PIA,IL,AGL,CE,Towers with Radar,13,17,12,0,42,0,0,2,6,8,13,17,14,6,50,6,6,12,62
12/07/2022,PIA,IL,AGL,CE,Towers with Radar,14,15,27,0,56,0,0,0,0,0,14,15,27,0,56,0,0,0,56
12/08/2022,PIA,IL,AGL,CE,Towers with Radar,17,13,32,0,62,0,0,2,8,10,17,13,34,8,72,36,26,62,134
12/09/2022,PIA,IL,AGL,CE,Towers with Radar,20,16,15,2,53,0,0,0,0,0,20,16,15,2,53,4,0,4,57
12/10/2022,PIA,IL,AGL,CE,Towers with Radar,13,9,1,0,23,0,0,0,0,0,13,9,1,0,23,0,0,0,23
12/11/2022,PIA,IL,AGL,CE,Towers with Radar,13,12,18,4,47,0,1,1,5,7,13,13,19,9,54,0,0,0,54
12/12/2022,PIA,IL,AGL,CE,Towers with Radar,17,8,13,16,54,0,2,16,0,18,17,10,29,16,72,10,12,22,94
12/13/2022,PIA,IL,AGL,CE,Towers with Radar,13,16,9,9,47,0,0,4,1,5,13,16,13,10,52,0,30,30,82
12/14/2022,PIA,IL,AGL,CE,Towers with Radar,12,12,11,0,35,0,0,1,0,1,12,12,12,0,36,0,0,0,36
12/15/2022,PIA,IL,AGL,CE,Towers with Radar,18,14,10,2,44,0,0,7,2,9,18,14,17,4,53,10,0,10,63
12/16/2022,PIA,IL,AGL,CE,Towers with Radar,19,11,9,2,41,0,0,4,2,6,19,11,13,4,47,0,0,0,47
12/17/2022,PIA,IL,AGL,CE,Towers with Radar,20,9,4,0,33,0,0,4,0,4,20,9,8,0,37,12,0,12,49
12/18/2022,PIA,IL,AGL,CE,Towers with Radar,16,10,8,0,34,0,0,40,0,40,16,10,48,0,74,28,0,28,102
12/19/2022,PIA,IL,AGL,CE,Towers with Radar,16,10,20,2,48,0,0,30,2,32,16,10,50,4,80,14,2,16,96
12/20/2022,PIA,IL,AGL,CE,Towers with Radar,20,8,15,0,43,0,0,18,5,23,20,8,33,5,66,30,0,30,96
12/21/2022,PIA,IL,AGL,CE,Towers with Radar,20,11,4,1,36,0,0,4,3,7,20,11,8,4,43,14,4,18,61
12/22/2022,PIA,IL,AGL,CE,Towers with Radar,11,9,1,0,21,0,0,0,0,0,11,9,1,0,21,0,0,0,21
12/23/2022,PIA,IL,AGL,CE,Towers with Radar,17,5,2,0,24,0,0,0,0,0,17,5,2,0,24,0,0,0,24
12/24/2022,PIA,IL,AGL,CE,Towers with Radar,14,8,4,0,26,0,2,1,0,3,14,10,5,0,29,0,0,0,29
12/25/2022,PIA,IL,AGL,CE,Towers with Radar,12,14,0,0,26,0,1,14,0,15,12,15,14,0,41,2,0,2,43
12/26/2022,PIA,IL,AGL,CE,Towers with Radar,13,10,11,0,34,1,0,1,0,2,14,10,12,0,36,0,0,0,36
12/27/2022,PIA,IL,AGL,CE,Towers with Radar,20,11,7,0,38,0,0,14,11,25,20,11,21,11,63,18,4,22,85
12/28/2022,PIA,IL,AGL,CE,Towers with Radar,18,15,15,0,48,0,2,9,4,15,18,17,24,4,63,0,0,0,63
12/29/2022,PIA,IL,AGL,CE,Towers with Radar,11,8,16,0,35,1,0,1,0,2,12,8,17,0,37,0,0,0,37
12/30/2022,PIA,IL,AGL,CE,Towers with Radar,19,12,19,0,50,0,0,26,0,26,19,12,45,0,76,18,0,18,94
12/31/2022,PIA,IL,AGL,CE,Towers with Radar,17,6,8,0,31,0,1,27,0,28,17,7,35,0,59,38,0,38,97
01/01/2023,PIA,IL,AGL,CE,Towers with Radar,14,10,8,0,32,0,2,2,0,4,14,12,10,0,36,0,0,0,36
01/02/2023,PIA,IL,AGL,CE,Towers with Radar,13,13,12,0,38,0,0,0,0,0,13,13,12,0,38,0,0,0,38
01/03/2023,PIA,IL,AGL,CE,Towers with Radar,23,19,10,4,56,0,2,6,12,20,23,21,16,16,76,22,8,30,106
01/04/2023,PIA,IL,AGL,CE,Towers with Radar,14,18,9,7,48,0,2,5,20,27,14,20,14,27,75,0,28,28,103
01/05/2023,PIA,IL,AGL,CE,Towers with Radar,18,12,1,6,37,0,0,0,1,1,18,12,1,7,38,0,4,4,42
01/06/2023,PIA,IL,AGL,CE,Towers with Radar,15,15,8,10,48,1,0,15,21,37,16,15,23,31,85,26,18,44,129
01/07/2023,PIA,IL,AGL,CE,Towers with Radar,14,12,12,13,51,0,0,1,1,2,14,12,13,14,53,4,8,12,65
01/08/2023,PIA,IL,AGL,CE,Towers with Radar,16,10,2,11,39,0,0,2,7,9,16,10,4,18,48,0,18,18,66
01/09/2023,PIA,IL,AGL,CE,Towers with Radar,16,10,14,0,40,0,1,28,0,29,16,11,42,0,69,40,0,40,109
01/10/2023,PIA,IL,AGL,CE,Towers with Radar,12,9,14,4,39,0,2,45,14,61,12,11,59,18,100,38,16,54,154
01/11/2023,PIA,IL,AGL,CE,Towers with Radar,14,11,10,11,46,0,1,9,10,20,14,12,19,21,66,0,46,46,112
01/12/2023,PIA,IL,AGL,CE,Towers with Radar,16,10,11,14,51,0,0,3,0,3,16,10,14,14,54,0,8,8,62
01/13/2023,PIA,IL,AGL,CE,Towers with Radar,16,12,6,0,34,0,2,2,4,8,16,14,8,4,42,0,0,0,42
01/14/2023,PIA,IL,AGL,CE,Towers with Radar,12,6,12,0,30,0,0,16,0,16,12,6,28,0,46,14,0,14,60
01/15/2023,PIA,IL,AGL,CE,Towers with Radar,14,8,3,0,25,0,0,22,0,22,14,8,25,0,47,12,0,12,59
01/16/2023,PIA,IL,AGL,CE,Towers with Radar,16,11,2,0,29,0,0,6,0,6,16,11,8,0,35,0,0,0,35
01/17/2023,PIA,IL,AGL,CE,Towers with Radar,13,9,9,6,37,0,0,10,12,22,13,9,19,18,59,8,16,24,83
01/18/2023,PIA,IL,AGL,CE,Towers with Radar,17,10,11,14,52,0,0,0,4,4,17,10,11,18,56,0,20,20,76
01/19/2023,PIA,IL,AGL,CE,Towers with Radar,16,14,8,6,44,0,0,0,0,0,16,14,8,6,44,0,2,2,46
01/20/2023,PIA,IL,AGL,CE,Towers with Radar,16,10,20,0,46,0,0,10,24,34,16,10,30,24,80,14,24,38,118
01/21/2023,PIA,IL,AGL,CE,Towers with Radar,14,8,16,0,38,0,0,9,0,9,14,8,25,0,47,46,0,46,93
01/22/2023,PIA,IL,AGL,CE,Towers with Radar,14,8,3,0,25,0,0,0,0,0,14,8,3,0,25,0,0,0,25
01/23/2023,PIA,IL,AGL,CE,Towers with Radar,16,10,16,7,49,0,0,7,1,8,16,10,23,8,57,6,20,26,83
01/24/2023,PIA,IL,AGL,CE,Towers with Radar,12,8,13,6,39,0,0,3,17,20,12,8,16,23,59,4,18,22,81
01/25/2023,PIA,IL,AGL,CE,Towers with Radar,16,12,3,0,31,0,0,0,0,0,16,12,3,0,31,0,0,0,31
01/26/2023,PIA,IL,AGL,CE,Towers with Radar,16,16,14,4,50,0,0,3,6,9,16,16,17,10,59,18,8,26,85
01/27/2023,PIA,IL,AGL,CE,Towers with Radar,16,12,6,1,35,0,0,9,5,14,16,12,15,6,49,0,12,12,61
01/28/2023,PIA,IL,AGL,CE,Towers with Radar,14,6,4,0,24,0,0,9,0,9,14,6,13,0,33,42,0,42,75
01/29/2023,PIA,IL,AGL,CE,Towers with Radar,14,14,6,0,34,0,0,2,0,2,14,14,8,0,36,0,0,0,36
01/30/2023,PIA,IL,AGL,CE,Towers with Radar,16,16,13,2,47,0,0,24,6,30,16,16,37,8,77,24,14,38,115
01/31/2023,PIA,IL,AGL,CE,Towers with Radar,12,9,18,3,42,0,3,46,17,66,12,12,64,20,108,40,20,60,168
02/01/2023,PIA,IL,AGL,CE,Towers with Radar,13,15,10,4,42,0,0,48,7,55,13,15,58,11,97,54,18,72,169
02/02/2023,PIA,IL,AGL,CE,Towers with Radar,15,11,16,14,56,0,2,35,15,52,15,13,51,29,108,36,18,54,162
02/03/2023,PIA,IL,AGL,CE,Towers with Radar,16,10,14,7,47,0,2,30,7,39,16,12,44,14,86,34,20,54,140
02/04/2023,PIA,IL,AGL,CE,Towers with Radar,12,10,5,0,27,0,0,9,0,9,12,10,14,0,36,2,0,2,38
02/05/2023,PIA,IL,AGL,CE,Towers with Radar,14,14,13,3,44,0,0,35,4,39,14,14,48,7,83,36,14,50,133
02/06/2023,PIA,IL,AGL,CE,Towers with Radar,16,14,6,8,44,0,0,9,4,13,16,14,15,12,57,12,10,22,79
02/07/2023,PIA,IL,AGL,CE,Towers with Radar,12,17,9,8,46,0,0,20,11,31,12,17,29,19,77,32,34,66,143
02/08/2023,PIA,IL,AGL,CE,Towers with Radar,16,13,10,0,39,0,0,27,5,32,16,13,37,5,71,36,6,42,113
02/09/2023,PIA,IL,AGL,CE,Towers with Radar,16,14,12,6,48,0,0,0,0,0,16,14,12,6,48,0,0,0,48
02/10/2023,PIA,IL,AGL,CE,Towers with Radar,18,16,24,0,58,0,0,46,1,47,18,16,70,1,105,44,0,44,149
02/11/2023,PIA,IL,AGL,CE,Towers with Radar,14,8,12,2,36,0,0,55,3,58,14,8,67,5,94,40,0,40,134
02/12/2023,PIA,IL,AGL,CE,Towers with Radar,14,11,10,0,35,0,1,34,0,35,14,12,44,0,70,10,0,10,80
02/13/2023,PIA,IL,AGL,CE,Towers with Radar,20,15,8,2,45,0,1,37,0,38,20,16,45,2,83,108,0,108,191
02/14/2023,PIA,IL,AGL,CE,Towers with Radar,12,13,14,2,41,0,0,0,2,2,12,13,14,4,43,4,16,20,63
02/15/2023,PIA,IL,AGL,CE,Towers with Radar,16,16,14,10,56,0,0,15,8,23,16,16,29,18,79,14,8,22,101
02/16/2023,PIA,IL,AGL,CE,Towers with Radar,16,10,5,0,31,0,0,0,0,0,16,10,5,0,31,0,0,0,31
02/17/2023,PIA,IL,AGL,CE,Towers with Radar,18,15,23,0,56,1,0,30,0,31,19,15,53,0,87,42,0,42,129
02/18/2023,PIA,IL,AGL,CE,Towers with Radar,15,15,6,0,36,0,0,15,0,15,15,15,21,0,51,6,0,6,57
02/19/2023,PIA,IL,AGL,CE,Towers with Radar,14,15,10,0,39,0,0,25,0,25,14,15,35,0,64,18,0,18,82
02/20/2023,PIA,IL,AGL,CE,Towers with Radar,17,10,19,0,46,1,0,43,0,44,18,10,62,0,90,94,0,94,184
02/21/2023,PIA,IL,AGL,CE,Towers with Radar,12,18,13,0,43,0,2,34,12,48,12,20,47,12,91,8,4,12,103
02/22/2023,PIA,IL,AGL,CE,Towers with Radar,16,11,1,0,28,0,0,0,0,0,16,11,1,0,28,0,0,0,28
02/23/2023,PIA,IL,AGL,CE,Towers with Radar,16,14,18,2,50,0,0,2,4,6,16,14,20,6,56,6,0,6,62
02/24/2023,PIA,IL,AGL,CE,Towers with Radar,18,14,19,0,51,2,2,39,10,53,20,16,58,10,104,28,18,46,150
02/25/2023,PIA,IL,AGL,CE,Towers with Radar,16,12,7,0,35,0,0,11,0,11,16,12,18,0,46,14,0,14,60
02/26/2023,PIA,IL,AGL,CE,Towers with Radar,14,12,9,0,35,0,0,19,0,19,14,12,28,0,54,24,0,24,78
02/27/2023,PIA,IL,AGL,CE,Towers with Radar,18,9,4,8,39,0,0,0,0,0,18,9,4,8,39,0,2,2,41
02/28/2023,PIA,IL,AGL,CE,Towers with Radar,12,15,11,1,39,0,0,42,5,47,12,15,53,6,86,38,0,38,124
03/01/2023,PIA,IL,AGL,CE,Towers with Radar,16,15,10,6,47,0,0,32,8,40,16,15,42,14,87,20,6,26,113
03/02/2023,PIA,IL,AGL,CE,Towers with Radar,15,20,13,2,50,1,0,30,12,43,16,20,43,14,93,40,16,56,149
03/03/2023,PIA,IL,AGL,CE,Towers with Radar,18,14,5,0,37,0,0,0,2,2,18,14,5,2,39,0,0,0,39
03/04/2023,PIA,IL,AGL,CE,Towers with Radar,16,14,14,10,54,0,5,47,11,63,16,19,61,21,117,42,14,56,173
03/05/2023,PIA,IL,AGL,CE,Towers with Radar,14,16,6,1,37,0,0,23,5,28,14,16,29,6,65,8,0,8,73
03/06/2023,PIA,IL,AGL,CE,Towers with Radar,18,12,7,7,44,0,0,16,1,17,18,12,23,8,61,20,4,24,85
03/07/2023,PIA,IL,AGL,CE,Towers with Radar,12,12,19,1,44,0,0,14,12,26,12,12,33,13,70,8,2,10,80
03/08/2023,PIA,IL,AGL,CE,Towers with Radar,22,19,13,5,59,0,1,12,3,16,22,20,25,8,75,12,2,14,89
03/09/2023,PIA,IL,AGL,CE,Towers with Radar,16,23,13,4,56,0,0,3,2,5,16,23,16,6,61,0,0,0,61
03/10/2023,PIA,IL,AGL,CE,Towers with Radar,16,14,6,2,38,0,0,0,0,0,16,14,6,2,38,0,0,0,38
03/11/2023,PIA,IL,AGL,CE,Towers with Radar,18,8,6,0,32,0,0,10,0,10,18,8,16,0,42,16,0,16,58
03/12/2023,PIA,IL,AGL,CE,Towers with Radar,14,12,3,0,29,0,1,2,0,3,14,13,5,0,32,0,0,0,32
03/13/2023,PIA,IL,AGL,CE,Towers with Radar,17,11,9,0,37,1,0,4,0,5,18,11,13,0,42,30,0,30,72
03/14/2023,PIA,IL,AGL,CE,Towers with Radar,12,15,13,10,50,0,3,48,18,69,12,18,61,28,119,42,14,56,175
03/15/2023,PIA,IL,AGL,CE,Towers with Radar,18,19,13,4,54,0,2,18,26,46,18,21,31,30,100,2,30,32,132
03/16/2023,PIA,IL,AGL,CE,Towers with Radar,16,12,7,6,41,0,0,1,2,3,16,12,8,8,44,0,8,8,52
03/17/2023,PIA,IL,AGL,CE,Towers with Radar,20,9,10,4,43,0,0,4,1,5,20,9,14,5,48,2,2,4,52
03/18/2023,PIA,IL,AGL,CE,Towers with Radar,22,8,10,0,40,0,0,2,0,2,22,8,12,0,42,0,0,0,42
03/19/2023,PIA,IL,AGL,CE,Towers with Radar,14,11,19,0,44,0,0,20,0,20,14,11,39,0,64,34,0,34,98
03/20/2023,PIA,IL,AGL,CE,Towers with Radar,18,10,9,11,48,0,0,6,1,7,18,10,15,12,55,4,6,10,65
03/21/2023,PIA,IL,AGL,CE,Towers with Radar,12,10,12,8,42,0,0,6,6,12,12,10,18,14,54,22,12,34,88
03/22/2023,PIA,IL,AGL,CE,Towers with Radar,19,13,8,2,42,0,0,0,0,0,19,13,8,2,42,0,0,0,42
03/23/2023,PIA,IL,AGL,CE,Towers with Radar,16,18,7,15,56,0,0,0,3,3,16,18,7,18,59,0,8,8,67
03/24/2023,PIA,IL,AGL,CE,Towers with Radar,19,19,18,1,57,0,1,5,1,7,19,20,23,2,64,46,14,60,124
03/25/2023,PIA,IL,AGL,CE,Towers with Radar,22,10,9,0,41,0,0,3,0,3,22,10,12,0,44,0,0,0,44
03/26/2023,PIA,IL,AGL,CE,Towers with Radar,16,15,9,0,40,0,0,16,0,16,16,15,25,0,56,50,0,50,106
03/27/2023,PIA,IL,AGL,CE,Towers with Radar,17,17,24,3,61,1,0,39,10,50,18,17,63,13,111,62,28,90,201
03/28/2023,PIA,IL,AGL,CE,Towers with Radar,12,12,19,8,51,0,6,38,18,62,12,18,57,26,113,68,38,106,219
03/29/2023,PIA,IL,AGL,CE,Towers with Radar,18,12,29,5,64,0,0,38,2,40,18,12,67,7,104,44,0,44,148
03/30/2023,PIA,IL,AGL,CE,Towers with Radar,16,14,19,5,54,0,0,20,3,23,16,14,39,8,77,4,10,14,91
03/31/2023,PIA,IL,AGL,CE,Towers with Radar,18,8,1,8,35,0,0,10,4,14,18,8,11,12,49,0,18,18,67
04/01/2023,PIA,IL,AGL,CE,Towers with Radar,23,10,8,9,50,0,0,6,1,7,23,10,14,10,57,0,2,2,59
04/02/2023,PIA,IL,AGL,CE,Towers with Radar,14,12,15,1,42,0,0,3,6,9,14,12,18,7,51,0,8,8,59
04/03/2023,PIA,IL,AGL,CE,Towers with Radar,18,13,23,11,65,0,3,24,6,33,18,16,47,17,98,26,24,50,148
04/04/2023,PIA,IL,AGL,CE,Towers with Radar,13,10,12,1,36,0,0,0,0,0,13,10,12,1,36,0,0,0,36
04/05/2023,PIA,IL,AGL,CE,Towers with Radar,20,13,15,3,51,0,0,8,13,21,20,13,23,16,72,0,12,12,84
04/06/2023,PIA,IL,AGL,CE,Towers with Radar,15,23,37,6,81,1,9,46,7,63,16,32,83,13,144,30,38,68,212
04/07/2023,PIA,IL,AGL,CE,Towers with Radar,18,17,24,0,59,0,3,35,0,38,18,20,59,0,97,98,0,98,195
04/08/2023,PIA,IL,AGL,CE,Towers with Radar,22,14,16,0,52,0,2,34,0,36,22,16,50,0,88,26,0,26,114
04/09/2023,PIA,IL,AGL,CE,Towers with Radar,14,13,14,0,41,0,1,9,1,11,14,14,23,1,52,4,0,4,56
04/10/2023,PIA,IL,AGL,CE,Towers with Radar,18,13,24,3,58,0,1,25,3,29,18,14,49,6,87,56,14,70,157
04/11/2023,PIA,IL,AGL,CE,Towers with Radar,12,15,30,15,72,0,0,22,13,35,12,15,52,28,107,4,22,26,133
04/12/2023,PIA,IL,AGL,CE,Towers with Radar,16,8,31,12,67,0,3,27,10,40,16,11,58,22,107,40,34,74,181
04/13/2023,PIA,IL,AGL,CE,Towers with Radar,16,16,28,11,71,0,2,26,28,56,16,18,54,39,127,40,38,78,205
04/14/2023,PIA,IL,AGL,CE,Towers with Radar,18,14,27,1,60,0,1,28,12,41,18,15,55,13,101,30,34,64,165
04/15/2023,PIA,IL,AGL,CE,Towers with Radar,14,8,9,0,31,0,2,11,0,13,14,10,20,0,44,16,0,16,60
04/16/2023,PIA,IL,AGL,CE,Towers with Radar,14,10,0,0,24,0,0,0,0,0,14,10,0,0,24,0,0,0,24
04/17/2023,PIA,IL,AGL,CE,Towers with Radar,17,17,15,3,52,0,0,3,3,6,17,17,18,6,58,0,4,4,62
04/18/2023,PIA,IL,AGL,CE,Towers with Radar,11,16,30,11,68,0,0,27,28,55,11,16,57,39,123,32,18,50,173
04/19/2023,PIA,IL,AGL,CE,Towers with Radar,16,16,27,9,68,0,0,6,17,23,16,16,33,26,91,4,26,30,121
04/20/2023,PIA,IL,AGL,CE,Towers with Radar,17,12,7,2,38,0,0,1,12,13,17,12,8,14,51,0,18,18,69
04/21/2023,PIA,IL,AGL,CE,Towers with Radar,17,12,30,2,61,1,0,22,12,35,18,12,52,14,96,38,2,40,136
04/22/2023,PIA,IL,AGL,CE,Towers with Radar,15,8,13,1,37,0,0,5,1,6,15,8,18,2,43,0,0,0,43
04/23/2023,PIA,IL,AGL,CE,Towers with Radar,14,14,16,1,45,0,0,28,0,28,14,14,44,1,73,18,0,18,91
04/24/2023,PIA,IL,AGL,CE,Towers with Radar,18,20,27,2,67,0,6,17,10,33,18,26,44,12,100,28,4,32,132
04/25/2023,PIA,IL,AGL,CE,Towers with Radar,10,16,34,9,69,0,0,14,9,23,10,16,48,18,92,68,24,92,184
04/26/2023,PIA,IL,AGL,CE,Towers with Radar,14,19,30,15,78,0,2,26,15,43,14,21,56,30,121,18,22,40,161
04/27/2023,PIA,IL,AGL,CE,Towers with Radar,16,14,43,16,89,0,1,48,10,59,16,15,91,26,148,38,76,114,262
04/28/2023,PIA,IL,AGL,CE,Towers with Radar,14,18,27,13,72,0,1,29,7,37,14,19,56,20,109,10,70,80,189
04/29/2023,PIA,IL,AGL,CE,Towers with Radar,16,10,16,0,42,0,1,11,0,12,16,11,27,0,54,8,0,8,62
04/30/2023,PIA,IL,AGL,CE,Towers with Radar,14,15,16,0,45,0,1,7,0,8,14,16,23,0,53,26,0,26,79
05/01/2023,PIA,IL,AGL,CE,Towers with Radar,19,11,24,3,57,1,1,1,1,4,20,12,25,4,61,6,6,12,73
05/02/2023,PIA,IL,AGL,CE,Towers with Radar,10,27,18,8,63,0,4,7,11,22,10,31,25,19,85,0,12,12,97
05/03/2023,PIA,IL,AGL,CE,Towers with Radar,14,15,22,6,57,0,1,51,9,61,14,16,73,15,118,60,20,80,198
05/04/2023,PIA,IL,AGL,CE,Towers with Radar,16,13,34,3,66,0,5,28,8,41,16,18,62,11,107,38,8,46,153
05/05/2023,PIA,IL,AGL,CE,Towers with Radar,20,16,25,3,64,0,4,11,11,26,20,20,36,14,90,16,26,42,132
05/06/2023,PIA,IL,AGL,CE,Towers with Radar,11,8,17,8,44,0,3,12,19,34,11,11,29,27,78,6,18,24,102
05/07/2023,PIA,IL,AGL,CE,Towers with Radar,20,13,17,3,53,0,0,3,2,5,20,13,20,5,58,2,10,12,70
05/08/2023,PIA,IL,AGL,CE,Towers with Radar,18,11,26,6,61,0,0,13,2,15,18,11,39,8,76,52,16,68,144
05/09/2023,PIA,IL,AGL,CE,Towers with Radar,11,13,39,3,66,0,2,29,27,58,11,15,68,30,124,48,6,54,178
05/10/2023,PIA,IL,AGL,CE,Towers with Radar,14,17,34,6,71,0,3,41,1,45,14,20,75,7,116,36,0,36,152
05/11/2023,PIA,IL,AGL,CE,Towers with Radar,16,20,51,8,95,0,1,35,10,46,16,21,86,18,141,38,30,68,209
05/12/2023,PIA,IL,AGL,CE,Towers with Radar,18,15,23,4,60,0,1,4,1,6,18,16,27,5,66,0,10,10,76
05/13/2023,PIA,IL,AGL,CE,Towers with Radar,13,14,9,0,36,0,0,1,0,1,13,14,10,0,37,0,0,0,37
05/14/2023,PIA,IL,AGL,CE,Towers with Radar,14,12,3,1,30,0,0,1,1,2,14,12,4,2,32,0,0,0,32
05/15/2023,PIA,IL,AGL,CE,Towers with Radar,18,13,27,4,62,1,0,29,1,31,19,13,56,5,93,52,12,64,157
05/16/2023,PIA,IL,AGL,CE,Towers with Radar,10,12,31,12,65,0,0,28,19,47,10,12,59,31,112,44,68,112,224
05/17/2023,PIA,IL,AGL,CE,Towers with Radar,14,12,21,6,53,0,0,19,29,48,14,12,40,35,101,46,8,54,155
05/18/2023,PIA,IL,AGL,CE,Towers with Radar,18,12,26,2,58,0,0,27,9,36,18,12,53,11,94,22,14,36,130
05/19/2023,PIA,IL,AGL,CE,Towers with Radar,18,16,28,9,71,0,1,16,1,18,18,17,44,10,89,10,44,54,143
05/20/2023,PIA,IL,AGL,CE,Towers with Radar,14,14,21,0,49,0,1,20,1,22,14,15,41,1,71,12,0,12,83
05/21/2023,PIA,IL,AGL,CE,Towers with Radar,14,13,15,0,42,0,0,15,0,15,14,13,30,0,57,14,0,14,71
05/22/2023,PIA,IL,AGL,CE,Towers with Radar,18,18,34,6,76,0,4,29,1,34,18,22,63,7,110,50,26,76,186
05/23/2023,PIA,IL,AGL,CE,Towers with Radar,14,13,27,9,63,0,4,23,8,35,14,17,50,17,98,78,16,94,192
05/24/2023,PIA,IL,AGL,CE,Towers with Radar,14,18,32,16,80,0,0,20,9,29,14,18,52,25,109,30,16,46,155
05/25/2023,PIA,IL,AGL,CE,Towers with Radar,16,16,24,4,60,0,0,19,10,29,16,16,43,14,89,84,34,118,207
05/26/2023,PIA,IL,AGL,CE,Towers with Radar,18,13,16,0,47,0,5,14,0,19,18,18,30,0,66,0,0,0,66
05/27/2023,PIA,IL,AGL,CE,Towers with Radar,18,9,11,0,38,0,1,24,0,25,18,10,35,0,63,60,0,60,123
05/28/2023,PIA,IL,AGL,CE,Towers with Radar,16,15,9,0,40,0,0,9,0,9,16,15,18,0,49,4,0,4,53
05/29/2023,PIA,IL,AGL,CE,Towers with Radar,16,11,7,2,36,0,0,25,1,26,16,11,32,3,62,46,0,46,108
05/30/2023,PIA,IL,AGL,CE,Towers with Radar,12,15,23,4,54,0,2,27,5,34,12,17,50,9,88,80,8,88,176
05/31/2023,PIA,IL,AGL,CE,Towers with Radar,14,12,25,33,84,0,0,20,23,43,14,12,45,56,127,70,70,140,267
06/01/2023,PIA,IL,AGL,CE,Towers with Radar,20,10,20,10,60,0,0,24,6,30,20,10,44,16,90,62,22,84,174
06/02/2023,PIA,IL,AGL,CE,Towers with Radar,20,12,20,12,64,0,0,29,8,37,20,12,49,20,101,36,26,62,163
06/03/2023,PIA,IL,AGL,CE,Towers with Radar,18,11,14,2,45,0,0,21,2,23,18,11,35,4,68,42,0,42,110
06/04/2023,PIA,IL,AGL,CE,Towers with Radar,16,10,11,9,46,0,0,24,1,25,16,10,35,10,71,12,50,62,133
06/05/2023,PIA,IL,AGL,CE,Towers with Radar,16,20,15,4,55,0,1,16,2,19,16,21,31,6,74,40,6,46,120
06/06/2023,PIA,IL,AGL,CE,Towers with Radar,14,19,17,13,63,0,3,24,9,36,14,22,41,22,99,74,18,92,191
06/07/2023,PIA,IL,AGL,CE,Towers with Radar,13,15,27,9,64,0,0,48,10,58,13,15,75,19,122,52,42,94,216
06/08/2023,PIA,IL,AGL,CE,Towers with Radar,17,10,28,13,68,0,4,37,17,58,17,14,65,30,126,52,84,136,262
06/09/2023,PIA,IL,AGL,CE,Towers with Radar,18,16,21,6,61,0,0,41,15,56,18,16,62,21,117,58,28,86,203
06/10/2023,PIA,IL,AGL,CE,Towers with Radar,16,11,13,3,43,0,0,17,3,20,16,11,30,6,63,30,0,30,93
06/11/2023,PIA,IL,AGL,CE,Towers with Radar,15,13,4,1,33,0,2,0,0,2,15,15,4,1,35,0,0,0,35
06/12/2023,PIA,IL,AGL,CE,Towers with Radar,18,10,26,9,63,0,0,24,5,29,18,10,50,14,92,36,30,66,158
06/13/2023,PIA,IL,AGL,CE,Towers with Radar,11,10,16,11,48,0,2,15,11,28,11,12,31,22,76,36,42,78,154
06/14/2023,PIA,IL,AGL,CE,Towers with Radar,14,16,37,1,68,0,2,40,13,55,14,18,77,14,123,30,24,54,177
06/15/2023,PIA,IL,AGL,CE,Towers with Radar,17,15,27,10,69,0,1,20,11,32,17,16,47,21,101,40,6,46,147
06/16/2023,PIA,IL,AGL,CE,Towers with Radar,17,12,32,0,61,0,0,30,0,30,17,12,62,0,91,44,0,44,135
06/17/2023,PIA,IL,AGL,CE,Towers with Radar,18,11,15,0,44,0,3,27,0,30,18,14,42,0,74,44,0,44,118
06/18/2023,PIA,IL,AGL,CE,Towers with Radar,16,13,10,0,39,0,2,7,0,9,16,15,17,0,48,4,0,4,52
06/19/2023,PIA,IL,AGL,CE,Towers with Radar,17,21,22,0,60,1,1,21,0,23,18,22,43,0,83,40,0,40,123
06/20/2023,PIA,IL,AGL,CE,Towers with Radar,11,13,24,6,54,0,0,13,12,25,11,13,37,18,79,14,28,42,121
06/21/2023,PIA,IL,AGL,CE,Towers with Radar,14,14,27,10,65,0,1,19,7,27,14,15,46,17,92,32,20,52,144
06/22/2023,PIA,IL,AGL,CE,Towers with Radar,16,13,25,4,58,0,1,20,8,29,16,14,45,12,87,46,16,62,149
06/23/2023,PIA,IL,AGL,CE,Towers with Radar,17,19,35,2,73,0,0,26,5,31,17,19,61,7,104,34,16,50,154
06/24/2023,PIA,IL,AGL,CE,Towers with Radar,18,16,15,0,49,0,2,17,3,22,18,18,32,3,71,22,0,22,93
06/25/2023,PIA,IL,AGL,CE,Towers with Radar,16,18,9,0,43,0,0,8,0,8,16,18,17,0,51,0,0,0,51
06/26/2023,PIA,IL,AGL,CE,Towers with Radar,18,15,26,7,66,0,0,12,1,13,18,15,38,8,79,22,16,38,117
06/27/2023,PIA,IL,AGL,CE,Towers with Radar,12,14,23,13,62,0,1,22,6,29,12,15,45,19,91,14,32,46,137
06/28/2023,PIA,IL,AGL,CE,Towers with Radar,13,15,17,2,47,0,0,2,0,2,13,15,19,2,49,2,0,2,51
06/29/2023,PIA,IL,AGL,CE,Towers with Radar,15,12,19,13,59,1,0,9,3,13,16,12,28,16,72,10,22,32,104
06/30/2023,PIA,IL,AGL,CE,Towers with Radar,17,15,24,0,56,0,0,12,0,12,17,15,36,0,68,20,0,20,88
07/01/2023,PIA,IL,AGL,CE,Towers with Radar,18,9,13,0,40,0,0,4,1,5,18,9,17,1,45,32,0,32,77
07/02/2023,PIA,IL,AGL,CE,Towers with Radar,16,7,1,0,24,0,0,4,0,4,16,7,5,0,28,8,0,8,36
07/03/2023,PIA,IL,AGL,CE,Towers with Radar,17,18,16,0,51,1,1,26,0,28,18,19,42,0,79,52,0,52,131
07/04/2023,PIA,IL,AGL,CE,Towers with Radar,10,10,16,1,37,0,0,20,1,21,10,10,36,2,58,46,0,46,104
07/05/2023,PIA,IL,AGL,CE,Towers with Radar,14,7,16,3,40,0,0,18,6,24,14,7,34,9,64,66,26,92,156
07/06/2023,PIA,IL,AGL,CE,Towers with Radar,18,10,25,12,65,0,1,37,5,43,18,11,62,17,108,54,32,86,194
07/07/2023,PIA,IL,AGL,CE,Towers with Radar,18,9,19,3,49,0,0,23,4,27,18,9,42,7,76,46,36,82,158
07/08/2023,PIA,IL,AGL,CE,Towers with Radar,16,11,5,2,34,0,1,18,1,20,16,12,23,3,54,40,0,40,94
07/09/2023,PIA,IL,AGL,CE,Towers with Radar,18,15,23,1,57,0,0,21,0,21,18,15,44,1,78,2,0,2,80
07/10/2023,PIA,IL,AGL,CE,Towers with Radar,17,17,18,7,59,1,4,27,4,36,18,21,45,11,95,18,38,56,151
07/11/2023,PIA,IL,AGL,CE,Towers with Radar,11,15,17,12,55,0,4,23,11,38,11,19,40,23,93,42,24,66,159
07/12/2023,PIA,IL,AGL,CE,Towers with Radar,15,10,14,5,44,0,1,7,12,20,15,11,21,17,64,12,40,52,116
07/13/2023,PIA,IL,AGL,CE,Towers with Radar,18,18,18,12,66,0,0,10,20,30,18,18,28,32,96,50,14,64,160
07/14/2023,PIA,IL,AGL,CE,Towers with Radar,18,17,24,15,74,0,0,13,5,18,18,17,37,20,92,12,28,40,132
07/15/2023,PIA,IL,AGL,CE,Towers with Radar,18,12,30,2,62,0,1,41,3,45,18,13,71,5,107,34,0,34,141
07/16/2023,PIA,IL,AGL,CE,Towers with Radar,16,14,15,1,46,0,0,10,1,11,16,14,25,2,57,10,0,10,67
07/17/2023,PIA,IL,AGL,CE,Towers with Radar,20,13,20,5,58,0,0,17,2,19,20,13,37,7,77,24,0,24,101
07/18/2023,PIA,IL,AGL,CE,Towers with Radar,12,17,26,8,63,0,1,18,8,27,12,18,44,16,90,18,16,34,124
07/19/2023,PIA,IL,AGL,CE,Towers with Radar,14,16,26,6,62,0,0,38,9,47,14,16,64,15,109,46,16,62,171
07/20/2023,PIA,IL,AGL,CE,Towers with Radar,19,10,23,7,59,1,0,20,14,35,20,10,43,21,94,20,20,40,134
07/21/2023,PIA,IL,AGL,CE,Towers with Radar,16,11,17,8,52,0,1,17,8,26,16,12,34,16,78,8,8,16,94
07/22/2023,PIA,IL,AGL,CE,Towers with Radar,20,15,21,0,56,0,0,22,0,22,20,15,43,0,78,20,0,20,98
07/23/2023,PIA,IL,AGL,CE,Towers with Radar,12,12,19,2,45,0,0,9,0,9,12,12,28,2,54,6,0,6,60
07/24/2023,PIA,IL,AGL,CE,Towers with Radar,22,13,21,20,76,0,0,19,4,23,22,13,40,24,99,22,62,84,183
07/25/2023,PIA,IL,AGL,CE,Towers with Radar,12,10,12,5,39,0,0,17,9,26,12,10,29,14,65,56,16,72,137
07/26/2023,PIA,IL,AGL,CE,Towers with Radar,14,9,29,4,56,0,0,11,2,13,14,9,40,6,69,20,0,20,89
07/27/2023,PIA,IL,AGL,CE,Towers with Radar,20,14,21,6,61,0,3,24,7,34,20,17,45,13,95,10,32,42,137
07/28/2023,PIA,IL,AGL,CE,Towers with Radar,15,8,17,4,44,0,0,21,5,26,15,8,38,9,70,16,4,20,90
07/29/2023,PIA,IL,AGL,CE,Towers with Radar,21,9,23,0,53,0,0,14,0,14,21,9,37,0,67,32,0,32,99
07/30/2023,PIA,IL,AGL,CE,Towers with Radar,16,16,32,0,64,0,0,16,0,16,16,16,48,0,80,22,0,22,102
07/31/2023,PIA,IL,AGL,CE,Towers with Radar,18,15,25,13,71,0,0,17,4,21,18,15,42,17,92,36,30,66,158
08/01/2023,PIA,IL,AGL,CE,Towers with Radar,12,12,22,4,50,0,1,20,7,28,12,13,42,11,78,44,16,60,138
08/02/2023,PIA,IL,AGL,CE,Towers with Radar,14,15,29,4,62,0,0,7,1,8,14,15,36,5,70,34,0,34,104
08/03/2023,PIA,IL,AGL,CE,Towers with Radar,18,15,13,2,48,0,0,8,1,9,18,15,21,3,57,10,0,10,67
08/04/2023,PIA,IL,AGL,CE,Towers with Radar,19,9,28,0,56,0,0,18,1,19,19,9,46,1,75,8,0,8,83
08/05/2023,PIA,IL,AGL,CE,Towers with Radar,21,7,2,0,30,0,0,1,0,1,21,7,3,0,31,0,0,0,31
08/06/2023,PIA,IL,AGL,CE,Towers with Radar,16,11,11,1,39,0,0,2,0,2,16,11,13,1,41,8,0,8,49
08/07/2023,PIA,IL,AGL,CE,Towers with Radar,16,12,13,10,51,0,0,3,4,7,16,12,16,14,58,4,24,28,86
08/08/2023,PIA,IL,AGL,CE,Towers with Radar,14,12,21,9,56,0,0,24,5,29,14,12,45,14,85,24,28,52,137
08/09/2023,PIA,IL,AGL,CE,Towers with Radar,12,13,18,2,45,0,0,2,2,4,12,13,20,4,49,0,26,26,75
08/10/2023,PIA,IL,AGL,CE,Towers with Radar,18,12,46,5,81,0,0,19,2,21,18,12,65,7,102,40,20,60,162
08/11/2023,PIA,IL,AGL,CE,Towers with Radar,18,12,19,4,53,0,0,3,0,3,18,12,22,4,56,10,0,10,66
08/12/2023,PIA,IL,AGL,CE,Towers with Radar,16,14,17,0,47,0,3,28,0,31,16,17,45,0,78,12,0,12,90
08/13/2023,PIA,IL,AGL,CE,Towers with Radar,15,10,12,0,37,0,0,12,0,12,15,10,24,0,49,14,0,14,63
08/14/2023,PIA,IL,AGL,CE,Towers with Radar,21,23,24,14,82,0,1,15,1,17,21,24,39,15,99,0,0,0,99
08/15/2023,PIA,IL,AGL,CE,Towers with Radar,10,12,26,7,55,0,0,22,6,28,10,12,48,13,83,78,26,104,187
08/16/2023,PIA,IL,AGL,CE,Towers with Radar,12,14,29,7,62,0,0,45,6,51,12,14,74,13,113,84,12,96,209
08/17/2023,PIA,IL,AGL,CE,Towers with Radar,16,18,19,5,58,0,0,22,4,26,16,18,41,9,84,20,0,20,104
08/18/2023,PIA,IL,AGL,CE,Towers with Radar,20,11,25,5,61,0,0,43,4,47,20,11,68,9,108,26,2,28,136
08/19/2023,PIA,IL,AGL,CE,Towers with Radar,12,12,31,5,60,0,2,101,2,105,12,14,132,7,165,40,0,40,205
08/20/2023,PIA,IL,AGL,CE,Towers with Radar,12,13,28,0,53,0,1,66,0,67,12,14,94,0,120,32,0,32,152
08/21/2023,PIA,IL,AGL,CE,Towers with Radar,17,16,22,1,56,1,1,21,2,25,18,17,43,3,81,8,8,16,97
08/22/2023,PIA,IL,AGL,CE,Towers with Radar,10,13,25,7,55,0,1,19,11,31,10,14,44,18,86,22,30,52,138
08/23/2023,PIA,IL,AGL,CE,Towers with Radar,11,18,24,14,67,0,0,15,7,22,11,18,39,21,89,34,36,70,159
08/24/2023,PIA,IL,AGL,CE,Towers with Radar,15,17,26,6,64,0,3,12,10,25,15,20,38,16,89,18,36,54,143
08/25/2023,PIA,IL,AGL,CE,Towers with Radar,18,11,31,2,62,0,0,13,3,16,18,11,44,5,78,12,20,32,110
08/26/2023,PIA,IL,AGL,CE,Towers with Radar,12,11,13,0,36,0,0,13,2,15,12,11,26,2,51,14,0,14,65
08/27/2023,PIA,IL,AGL,CE,Towers with Radar,11,11,11,2,35,0,0,14,5,19,11,11,25,7,54,7,0,7,61
08/28/2023,PIA,IL,AGL,CE,Towers with Radar,19,14,12,2,47,0,2,16,0,18,19,16,28,2,65,42,0,42,107
08/29/2023,PIA,IL,AGL,CE,Towers with Radar,9,16,21,3,49,0,0,16,8,24,9,16,37,11,73,26,12,38,111
08/30/2023,PIA,IL,AGL,CE,Towers with Radar,11,13,31,3,58,0,0,18,12,30,11,13,49,15,88,30,38,68,156
08/31/2023,PIA,IL,AGL,CE,Towers with Radar,13,15,30,13,71,0,0,12,6,18,13,15,42,19,89,8,24,32,121
