01/01/2000,PIE,FL,ASO,ES,Combined TRACON& Tower with Radar,8,2,36,6,52,10,0,128,1,139,18,2,164,7,191,104,0,104,295
01/02/2000,PIE,FL,ASO,ES,Combined TRACON& Tower with Radar,24,11,105,5,145,0,0,185,0,185,24,11,290,5,330,190,0,190,520
01/03/2000,PIE,FL,ASO,ES,Combined TRACON& Tower with Radar,18,15,91,15,139,0,7,193,20,220,18,22,284,35,359,192,52,244,603
01/04/2000,PIE,FL,ASO,ES,Combined TRACON& Tower with Radar,26,19,113,18,176,0,2,126,37,165,26,21,239,55,341,176,122,298,639
01/05/2000,PIE,FL,ASO,ES,Combined TRACON& Tower with Radar,20,13,89,15,137,3,0,176,12,191,23,13,265,27,328,182,34,216,544
01/06/2000,PIE,FL,ASO,ES,Combined TRACON& Tower with Radar,23,17,106,17,163,0,6,169,18,193,23,23,275,35,356,290,40,330,686
01/07/2000,PIE,FL,ASO,ES,Combined TRACON& Tower with Radar,19,23,135,20,197,0,0,157,18,175,19,23,292,38,372,170,16,186,558
01/08/2000,PIE,FL,ASO,ES,Combined TRACON& Tower with Radar,16,7,74,5,102,2,0,27,0,29,18,7,101,5,131,42,0,42,173
01/09/2000,PIE,FL,ASO,ES,Combined TRACON& Tower with Radar,15,12,69,6,102,2,0,142,0,144,17,12,211,6,246,178,0,178,424
01/10/2000,PIE,FL,ASO,ES,Combined TRACON& Tower with Radar,17,15,85,13,130,0,6,88,31,125,17,21,173,44,255,148,30,178,433
01/11/2000,PIE,FL,ASO,ES,Combined TRACON& Tower with Radar,21,16,94,14,145,6,12,168,45,231,27,28,262,59,376,296,80,376,752
01/12/2000,PIE,FL,ASO,ES,Combined TRACON& Tower with Radar,24,18,109,16,167,0,0,187,14,201,24,18,296,30,368,234,34,268,636
01/13/2000,PIE,FL,ASO,ES,Combined TRACON& Tower with Radar,22,16,97,14,149,1,8,175,10,194,23,24,272,24,343,248,18,266,609
01/14/2000,PIE,FL,ASO,ES,Combined TRACON& Tower with Radar,19,15,86,13,133,2,17,218,24,261,21,32,304,37,394,256,62,318,712
01/15/2000,PIE,FL,ASO,ES,Combined TRACON& Tower with Radar,15,12,69,10,106,5,10,227,11,253,20,22,296,21,359,318,34,352,711
01/16/2000,PIE,FL,ASO,ES,Combined TRACON& Tower with Radar,15,10,63,9,97,2,1,221,10,234,17,11,284,19,331,288,8,296,627
01/17/2000,PIE,FL,ASO,ES,Combined TRACON& Tower with Radar,17,7,93,13,130,0,0,203,6,209,17,7,296,19,339,232,24,256,595
01/18/2000,PIE,FL,ASO,ES,Combined TRACON& Tower with Radar,25,17,112,16,170,0,0,146,21,167,25,17,258,37,337,174,84,258,595
01/19/2000,PIE,FL,ASO,ES,Combined TRACON& Tower with Radar,24,16,103,16,159,0,26,189,29,244,24,42,292,45,403,252,128,380,783
01/20/2000,PIE,FL,ASO,ES,Combined TRACON& Tower with Radar,28,20,122,18,188,0,14,94,20,128,28,34,216,38,316,88,28,116,432
01/21/2000,PIE,FL,ASO,ES,Combined TRACON& Tower with Radar,22,15,95,14,146,1,24,270,71,366,23,39,365,85,512,372,137,509,1021
01/22/2000,PIE,FL,ASO,ES,Combined TRACON& Tower with Radar,21,13,100,15,149,0,0,191,3,194,21,13,291,18,343,228,18,246,589
01/23/2000,PIE,FL,ASO,ES,Combined TRACON& Tower with Radar,19,12,85,12,128,0,0,157,50,207,19,12,242,62,335,214,0,214,549
01/24/2000,PIE,FL,ASO,ES,Combined TRACON& Tower with Radar,14,10,65,11,100,0,3,77,22,102,14,13,142,33,202,58,156,214,416
01/25/2000,PIE,FL,ASO,ES,Combined TRACON& Tower with Radar,23,16,97,14,150,1,12,157,29,199,24,28,254,43,349,202,92,294,643
01/26/2000,PIE,FL,ASO,ES,Combined TRACON& Tower with Radar,23,19,117,18,177,0,24,134,27,185,23,43,251,45,362,168,68,236,598
01/27/2000,PIE,FL,ASO,ES,Combined TRACON& Tower with Radar,27,20,122,18,187,0,27,148,27,202,27,47,270,45,389,242,16,258,647
01/28/2000,PIE,FL,ASO,ES,Combined TRACON& Tower with Radar,23,21,121,18,183,0,45,169,36,250,23,66,290,54,433,264,79,343,776
01/29/2000,PIE,FL,ASO,ES,Combined TRACON& Tower with Radar,21,17,99,15,152,0,32,179,7,218,21,49,278,22,370,274,0,274,644
01/30/2000,PIE,FL,ASO,ES,Combined TRACON& Tower with Radar,15,8,63,9,95,3,0,149,0,152,18,8,212,9,247,178,0,178,425
01/31/2000,PIE,FL,ASO,ES,Combined TRACON& Tower with Radar,20,15,86,14,135,3,4,23,20,50,23,19,109,34,185,28,64,92,277
02/01/2000,PIE,FL,ASO,ES,Combined TRACON& Tower with Radar,23,14,95,10,142,4,7,180,34,225,27,21,275,44,367,252,78,330,697
02/02/2000,PIE,FL,ASO,ES,Combined TRACON& Tower with Radar,23,14,102,11,150,0,11,168,32,211,23,25,270,43,361,248,48,296,657
02/03/2000,PIE,FL,ASO,ES,Combined TRACON& Tower with Radar,23,15,106,11,155,0,14,141,11,166,23,29,247,22,321,278,32,310,631
02/04/2000,PIE,FL,ASO,ES,Combined TRACON& Tower with Radar,19,11,77,8,115,3,28,252,31,314,22,39,329,39,429,338,94,432,861
02/05/2000,PIE,FL,ASO,ES,Combined TRACON& Tower with Radar,19,13,81,7,120,7,4,204,0,215,26,17,285,7,335,300,0,300,635
02/06/2000,PIE,FL,ASO,ES,Combined TRACON& Tower with Radar,16,11,72,6,105,0,14,239,7,260,16,25,311,13,365,334,2,336,701
02/07/2000,PIE,FL,ASO,ES,Combined TRACON& Tower with Radar,14,13,85,8,120,0,22,185,25,232,14,35,270,33,352,290,132,422,774
02/08/2000,PIE,FL,ASO,ES,Combined TRACON& Tower with Radar,25,16,108,10,159,0,2,175,20,197,25,18,283,30,356,234,32,266,622
02/09/2000,PIE,FL,ASO,ES,Combined TRACON& Tower with Radar,24,15,99,10,148,3,7,191,20,221,27,22,290,30,369,260,8,268,637
02/10/2000,PIE,FL,ASO,ES,Combined TRACON& Tower with Radar,25,16,109,11,161,0,8,206,18,232,25,24,315,29,393,244,28,272,665
02/11/2000,PIE,FL,ASO,ES,Combined TRACON& Tower with Radar,25,16,124,12,177,0,0,202,71,273,25,16,326,83,450,272,64,336,786
02/12/2000,PIE,FL,ASO,ES,Combined TRACON& Tower with Radar,23,6,96,9,134,6,0,202,8,216,29,6,298,17,350,226,2,228,578
02/13/2000,PIE,FL,ASO,ES,Combined TRACON& Tower with Radar,15,9,62,6,92,7,1,212,8,228,22,10,274,14,320,280,0,280,600
02/14/2000,PIE,FL,ASO,ES,Combined TRACON& Tower with Radar,21,12,90,8,131,0,7,36,8,51,21,19,126,16,182,40,2,42,224
02/15/2000,PIE,FL,ASO,ES,Combined TRACON& Tower with Radar,27,14,110,10,161,2,10,167,41,220,29,24,277,51,381,338,68,406,787
02/16/2000,PIE,FL,ASO,ES,Combined TRACON& Tower with Radar,30,18,134,13,195,0,1,206,14,221,30,19,340,27,416,294,24,318,734
02/17/2000,PIE,FL,ASO,ES,Combined TRACON& Tower with Radar,26,17,127,13,183,0,14,233,35,282,26,31,360,48,465,354,54,408,873
02/18/2000,PIE,FL,ASO,ES,Combined TRACON& Tower with Radar,21,14,108,10,153,0,9,276,38,323,21,23,384,48,476,332,12,344,820
02/19/2000,PIE,FL,ASO,ES,Combined TRACON& Tower with Radar,27,18,141,13,199,0,3,267,11,281,27,21,408,24,480,374,8,382,862
02/20/2000,PIE,FL,ASO,ES,Combined TRACON& Tower with Radar,22,7,90,7,126,0,0,178,0,178,22,7,268,7,304,234,0,234,538
02/21/2000,PIE,FL,ASO,ES,Combined TRACON& Tower with Radar,19,8,114,11,152,0,0,194,2,196,19,8,308,13,348,264,6,270,618
02/22/2000,PIE,FL,ASO,ES,Combined TRACON& Tower with Radar,28,16,129,12,185,0,3,162,15,180,28,19,291,27,365,314,44,358,723
02/23/2000,PIE,FL,ASO,ES,Combined TRACON& Tower with Radar,30,16,120,12,178,1,19,150,22,192,31,35,270,34,370,246,122,368,738
02/24/2000,PIE,FL,ASO,ES,Combined TRACON& Tower with Radar,22,15,119,12,168,0,8,140,19,167,22,23,259,31,335,260,2,262,597
02/25/2000,PIE,FL,ASO,ES,Combined TRACON& Tower with Radar,21,11,84,8,124,5,12,229,25,271,26,23,313,33,395,258,10,268,663
02/26/2000,PIE,FL,ASO,ES,Combined TRACON& Tower with Radar,20,10,78,7,115,10,17,233,7,267,30,27,311,14,382,236,0,236,618
02/27/2000,PIE,FL,ASO,ES,Combined TRACON& Tower with Radar,19,9,76,7,111,4,6,203,9,222,23,15,279,16,333,260,6,266,599
02/28/2000,PIE,FL,ASO,ES,Combined TRACON& Tower with Radar,22,12,87,9,130,0,5,124,12,141,22,17,211,21,271,178,16,194,465
02/29/2000,PIE,FL,ASO,ES,Combined TRACON& Tower with Radar,25,14,100,10,149,6,4,235,18,263,31,18,335,28,412,266,38,304,716
03/01/2000,PIE,FL,ASO,ES,Combined TRACON& Tower with Radar,29,18,129,12,188,0,5,203,18,226,29,23,332,30,414,306,46,352,766
03/02/2000,PIE,FL,ASO,ES,Combined TRACON& Tower with Radar,23,15,106,10,154,0,28,235,33,296,23,43,341,43,450,418,68,486,936
03/03/2000,PIE,FL,ASO,ES,Combined TRACON& Tower with Radar,28,19,141,13,201,0,24,250,27,301,28,43,391,40,502,387,46,433,935
03/04/2000,PIE,FL,ASO,ES,Combined TRACON& Tower with Radar,26,15,106,10,157,3,1,189,7,200,29,16,295,17,357,230,14,244,601
03/05/2000,PIE,FL,ASO,ES,Combined TRACON& Tower with Radar,19,11,79,7,116,3,5,299,2,309,22,16,378,9,425,394,22,416,841
03/06/2000,PIE,FL,ASO,ES,Combined TRACON& Tower with Radar,18,11,74,7,110,3,8,160,18,189,21,19,234,25,299,272,9,281,580
03/07/2000,PIE,FL,ASO,ES,Combined TRACON& Tower with Radar,27,15,109,10,161,2,5,158,22,187,29,20,267,32,348,222,44,266,614
03/08/2000,PIE,FL,ASO,ES,Combined TRACON& Tower with Radar,24,14,101,9,148,7,6,145,20,178,31,20,246,29,326,216,48,264,590
03/09/2000,PIE,FL,ASO,ES,Combined TRACON& Tower with Radar,23,20,143,13,199,0,6,252,17,275,23,26,395,30,474,346,10,356,830
03/10/2000,PIE,FL,ASO,ES,Combined TRACON& Tower with Radar,26,16,114,11,167,0,22,256,39,317,26,38,370,50,484,446,32,478,962
03/11/2000,PIE,FL,ASO,ES,Combined TRACON& Tower with Radar,25,7,101,6,139,12,0,198,0,210,37,7,299,6,349,280,0,280,629
03/12/2000,PIE,FL,ASO,ES,Combined TRACON& Tower with Radar,19,11,78,6,114,10,2,221,10,243,29,13,299,16,357,260,8,268,625
03/13/2000,PIE,FL,ASO,ES,Combined TRACON& Tower with Radar,19,16,117,10,162,0,19,173,12,204,19,35,290,22,366,232,4,236,602
03/14/2000,PIE,FL,ASO,ES,Combined TRACON& Tower with Radar,23,12,95,7,137,4,13,181,65,263,27,25,276,72,400,244,6,250,650
03/15/2000,PIE,FL,ASO,ES,Combined TRACON& Tower with Radar,31,18,141,12,202,0,6,197,42,245,31,24,338,54,447,182,46,228,675
03/16/2000,PIE,FL,ASO,ES,Combined TRACON& Tower with Radar,20,16,122,10,168,0,20,152,30,202,20,36,274,40,370,154,20,174,544
03/17/2000,PIE,FL,ASO,ES,Combined TRACON& Tower with Radar,28,17,132,11,188,0,18,103,17,138,28,35,235,28,326,308,0,308,634
03/18/2000,PIE,FL,ASO,ES,Combined TRACON& Tower with Radar,27,13,112,9,161,0,5,268,29,302,27,18,380,38,463,456,0,456,919
03/19/2000,PIE,FL,ASO,ES,Combined TRACON& Tower with Radar,20,9,80,7,116,1,10,130,7,148,21,19,210,14,264,150,16,166,430
03/20/2000,PIE,FL,ASO,ES,Combined TRACON& Tower with Radar,18,11,99,8,136,0,12,164,24,200,18,23,263,32,336,236,4,240,576
03/21/2000,PIE,FL,ASO,ES,Combined TRACON& Tower with Radar,27,13,108,10,158,1,8,192,20,221,28,21,300,30,379,278,2,280,659
03/22/2000,PIE,FL,ASO,ES,Combined TRACON& Tower with Radar,29,14,118,11,172,4,15,180,27,226,33,29,298,38,398,190,12,202,600
03/23/2000,PIE,FL,ASO,ES,Combined TRACON& Tower with Radar,25,13,108,10,156,0,10,170,21,201,25,23,278,31,357,348,46,394,751
03/24/2000,PIE,FL,ASO,ES,Combined TRACON& Tower with Radar,25,14,115,11,165,0,21,264,9,294,25,35,379,20,459,290,10,300,759
03/25/2000,PIE,FL,ASO,ES,Combined TRACON& Tower with Radar,19,9,77,7,112,6,21,262,18,307,25,30,339,25,419,362,4,366,785
03/26/2000,PIE,FL,ASO,ES,Combined TRACON& Tower with Radar,23,12,99,8,142,0,7,153,10,170,23,19,252,18,312,253,0,253,565
03/27/2000,PIE,FL,ASO,ES,Combined TRACON& Tower with Radar,20,12,98,8,138,0,12,72,51,135,20,24,170,59,273,100,18,118,391
03/28/2000,PIE,FL,ASO,ES,Combined TRACON& Tower with Radar,23,11,93,8,135,4,8,203,28,243,27,19,296,36,378,228,68,296,674
03/29/2000,PIE,FL,ASO,ES,Combined TRACON& Tower with Radar,23,11,92,8,134,10,8,173,27,218,33,19,265,35,352,182,22,204,556
03/30/2000,PIE,FL,ASO,ES,Combined TRACON& Tower with Radar,21,12,87,7,127,0,6,108,26,140,21,18,195,33,267,80,32,112,379
03/31/2000,PIE,FL,ASO,ES,Combined TRACON& Tower with Radar,27,14,108,10,159,2,10,181,22,215,29,24,289,32,374,258,46,304,678
04/01/2000,PIE,FL,ASO,ES,Combined TRACON& Tower with Radar,21,11,89,8,129,6,8,147,11,172,27,19,236,19,301,224,18,242,543
04/02/2000,PIE,FL,ASO,ES,Combined TRACON& Tower with Radar,22,7,95,9,133,3,0,189,12,204,25,7,284,21,337,172,40,212,549
04/03/2000,PIE,FL,ASO,ES,Combined TRACON& Tower with Radar,22,13,95,9,139,0,7,149,32,188,22,20,244,41,327,260,22,282,609
04/04/2000,PIE,FL,ASO,ES,Combined TRACON& Tower with Radar,21,12,89,8,130,6,6,96,29,137,27,18,185,37,267,154,64,218,485
04/05/2000,PIE,FL,ASO,ES,Combined TRACON& Tower with Radar,27,16,114,9,166,4,10,200,20,234,31,26,314,29,400,232,2,234,634
04/06/2000,PIE,FL,ASO,ES,Combined TRACON& Tower with Radar,21,17,122,10,170,0,26,261,28,315,21,43,383,38,485,317,88,405,890
04/07/2000,PIE,FL,ASO,ES,Combined TRACON& Tower with Radar,24,21,156,14,215,0,17,267,42,326,24,38,423,56,541,344,33,377,918
04/08/2000,PIE,FL,ASO,ES,Combined TRACON& Tower with Radar,26,15,111,10,162,6,18,206,29,259,32,33,317,39,421,316,2,318,739
04/09/2000,PIE,FL,ASO,ES,Combined TRACON& Tower with Radar,19,13,96,9,137,0,11,202,3,216,19,24,298,12,353,234,32,266,619
04/10/2000,PIE,FL,ASO,ES,Combined TRACON& Tower with Radar,22,13,95,9,139,1,4,197,18,220,23,17,292,27,359,260,10,270,629
04/11/2000,PIE,FL,ASO,ES,Combined TRACON& Tower with Radar,27,18,131,11,187,0,3,218,36,257,27,21,349,47,444,190,38,228,672
04/12/2000,PIE,FL,ASO,ES,Combined TRACON& Tower with Radar,28,16,118,10,172,2,7,170,20,199,30,23,288,30,371,260,40,300,671
04/13/2000,PIE,FL,ASO,ES,Combined TRACON& Tower with Radar,25,15,110,9,159,1,26,190,21,238,26,41,300,30,397,234,22,256,653
04/14/2000,PIE,FL,ASO,ES,Combined TRACON& Tower with Radar,27,16,114,9,166,0,9,112,11,132,27,25,226,20,298,112,0,112,410
04/15/2000,PIE,FL,ASO,ES,Combined TRACON& Tower with Radar,19,12,82,7,120,11,3,189,11,214,30,15,271,18,334,264,6,270,604
04/16/2000,PIE,FL,ASO,ES,Combined TRACON& Tower with Radar,20,12,84,7,123,1,2,170,2,175,21,14,254,9,298,292,2,294,592
04/17/2000,PIE,FL,ASO,ES,Combined TRACON& Tower with Radar,23,14,101,8,146,2,1,160,14,177,25,15,261,22,323,224,18,242,565
04/18/2000,PIE,FL,ASO,ES,Combined TRACON& Tower with Radar,27,14,111,8,160,0,13,164,18,195,27,27,275,26,355,116,74,190,545
04/19/2000,PIE,FL,ASO,ES,Combined TRACON& Tower with Radar,30,14,123,10,177,1,0,219,24,244,31,14,342,34,421,290,7,297,718
04/20/2000,PIE,FL,ASO,ES,Combined TRACON& Tower with Radar,21,14,119,10,164,0,19,276,25,320,21,33,395,35,484,318,18,336,820
04/21/2000,PIE,FL,ASO,ES,Combined TRACON& Tower with Radar,25,13,113,10,161,0,17,244,15,276,25,30,357,25,437,300,26,326,763
04/22/2000,PIE,FL,ASO,ES,Combined TRACON& Tower with Radar,17,8,71,6,102,10,8,236,20,274,27,16,307,26,376,356,32,388,764
04/23/2000,PIE,FL,ASO,ES,Combined TRACON& Tower with Radar,15,7,63,6,91,5,20,290,21,336,20,27,353,27,427,312,52,364,791
04/24/2000,PIE,FL,ASO,ES,Combined TRACON& Tower with Radar,22,11,96,9,138,0,13,83,22,118,22,24,179,31,256,80,32,112,368
04/25/2000,PIE,FL,ASO,ES,Combined TRACON& Tower with Radar,25,12,107,10,154,0,16,205,33,254,25,28,312,43,408,264,16,280,688
04/26/2000,PIE,FL,ASO,ES,Combined TRACON& Tower with Radar,24,17,140,13,194,0,5,226,27,258,24,22,366,40,452,334,4,338,790
04/27/2000,PIE,FL,ASO,ES,Combined TRACON& Tower with Radar,28,15,132,12,187,0,15,225,12,252,28,30,357,24,439,258,18,276,715
04/28/2000,PIE,FL,ASO,ES,Combined TRACON& Tower with Radar,22,13,116,10,161,0,17,301,6,324,22,30,417,16,485,310,14,324,809
04/29/2000,PIE,FL,ASO,ES,Combined TRACON& Tower with Radar,17,8,71,6,102,3,15,229,14,261,20,23,300,20,363,268,18,286,649
04/30/2000,PIE,FL,ASO,ES,Combined TRACON& Tower with Radar,17,9,79,7,112,0,2,222,11,235,17,11,301,18,347,332,4,336,683
05/01/2000,PIE,FL,ASO,ES,Combined TRACON& Tower with Radar,17,13,94,8,132,1,4,197,12,214,18,17,291,20,346,210,88,298,644
05/02/2000,PIE,FL,ASO,ES,Combined TRACON& Tower with Radar,21,16,114,10,161,4,11,179,12,206,25,27,293,22,367,278,6,284,651
05/03/2000,PIE,FL,ASO,ES,Combined TRACON& Tower with Radar,23,21,150,13,207,0,6,223,12,241,23,27,373,25,448,254,4,258,706
05/04/2000,PIE,FL,ASO,ES,Combined TRACON& Tower with Radar,20,15,106,9,150,5,20,202,19,246,25,35,308,28,396,306,22,328,724
05/05/2000,PIE,FL,ASO,ES,Combined TRACON& Tower with Radar,19,17,129,11,176,0,7,223,13,243,19,24,352,24,419,242,2,244,663
05/06/2000,PIE,FL,ASO,ES,Combined TRACON& Tower with Radar,18,16,117,11,162,0,4,211,21,236,18,20,328,32,398,246,12,258,656
05/07/2000,PIE,FL,ASO,ES,Combined TRACON& Tower with Radar,12,10,68,6,96,0,12,310,14,336,12,22,378,20,432,348,4,352,784
05/08/2000,PIE,FL,ASO,ES,Combined TRACON& Tower with Radar,12,10,68,6,96,6,9,173,9,197,18,19,241,15,293,204,6,210,503
05/09/2000,PIE,FL,ASO,ES,Combined TRACON& Tower with Radar,18,13,97,8,136,6,10,169,24,209,24,23,266,32,345,250,8,258,603
05/10/2000,PIE,FL,ASO,ES,Combined TRACON& Tower with Radar,21,17,126,11,175,0,3,181,17,201,21,20,307,28,376,376,34,410,786
05/11/2000,PIE,FL,ASO,ES,Combined TRACON& Tower with Radar,16,13,89,8,126,2,13,238,31,284,18,26,327,39,410,274,38,312,722
05/12/2000,PIE,FL,ASO,ES,Combined TRACON& Tower with Radar,18,16,117,10,161,0,19,242,39,300,18,35,359,49,461,374,114,488,949
05/13/2000,PIE,FL,ASO,ES,Combined TRACON& Tower with Radar,11,9,58,5,83,8,5,261,8,282,19,14,319,13,365,450,2,452,817
05/14/2000,PIE,FL,ASO,ES,Combined TRACON& Tower with Radar,10,8,54,5,77,4,2,256,7,269,14,10,310,12,346,480,8,488,834
05/15/2000,PIE,FL,ASO,ES,Combined TRACON& Tower with Radar,16,12,88,7,123,3,8,152,22,185,19,20,240,29,308,208,12,220,528
05/16/2000,PIE,FL,ASO,ES,Combined TRACON& Tower with Radar,18,14,98,7,137,3,7,159,18,187,21,21,257,25,324,306,8,314,638
05/17/2000,PIE,FL,ASO,ES,Combined TRACON& Tower with Radar,18,12,96,8,134,4,10,187,15,216,22,22,283,23,350,218,34,252,602
05/18/2000,PIE,FL,ASO,ES,Combined TRACON& Tower with Radar,17,13,106,8,144,0,2,202,15,219,17,15,308,23,363,254,24,278,641
05/19/2000,PIE,FL,ASO,ES,Combined TRACON& Tower with Radar,17,14,109,9,149,0,16,254,14,284,17,30,363,23,433,398,10,408,841
05/20/2000,PIE,FL,ASO,ES,Combined TRACON& Tower with Radar,13,8,68,5,94,7,12,262,11,292,20,20,330,16,386,402,14,416,802
05/21/2000,PIE,FL,ASO,ES,Combined TRACON& Tower with Radar,11,8,69,5,93,0,6,218,3,227,11,14,287,8,320,385,10,395,715
05/22/2000,PIE,FL,ASO,ES,Combined TRACON& Tower with Radar,18,11,97,8,134,1,9,194,23,227,19,20,291,31,361,210,4,214,575
05/23/2000,PIE,FL,ASO,ES,Combined TRACON& Tower with Radar,21,13,108,9,151,1,12,181,21,215,22,25,289,30,366,320,8,328,694
05/24/2000,PIE,FL,ASO,ES,Combined TRACON& Tower with Radar,20,20,163,14,217,0,2,138,22,162,20,22,301,36,379,252,16,268,647
05/25/2000,PIE,FL,ASO,ES,Combined TRACON& Tower with Radar,19,17,143,13,192,0,9,218,14,241,19,26,361,27,433,342,0,342,775
05/26/2000,PIE,FL,ASO,ES,Combined TRACON& Tower with Radar,19,15,131,11,176,0,6,233,15,254,19,21,364,26,430,296,24,320,750
05/27/2000,PIE,FL,ASO,ES,Combined TRACON& Tower with Radar,15,9,79,7,110,3,9,230,12,254,18,18,309,19,364,404,2,406,770
05/28/2000,PIE,FL,ASO,ES,Combined TRACON& Tower with Radar,10,6,54,5,75,4,7,168,13,192,14,13,222,18,267,210,14,224,491
05/29/2000,PIE,FL,ASO,ES,Combined TRACON& Tower with Radar,11,5,77,6,99,0,0,120,5,125,11,5,197,11,224,130,0,130,354
05/30/2000,PIE,FL,ASO,ES,Combined TRACON& Tower with Radar,18,14,117,10,159,0,16,159,11,186,18,30,276,21,345,190,6,196,541
05/31/2000,PIE,FL,ASO,ES,Combined TRACON& Tower with Radar,23,16,131,11,181,0,24,239,34,297,23,40,370,45,478,384,26,410,888
06/01/2000,PIE,FL,ASO,ES,Combined TRACON& Tower with Radar,17,11,96,7,131,3,18,236,19,276,20,29,332,26,407,428,8,436,843
06/02/2000,PIE,FL,ASO,ES,Combined TRACON& Tower with Radar,16,14,124,9,163,0,12,255,32,299,16,26,379,41,462,290,22,312,774
06/03/2000,PIE,FL,ASO,ES,Combined TRACON& Tower with Radar,12,7,63,5,87,2,4,258,7,271,14,11,321,12,358,212,18,230,588
06/04/2000,PIE,FL,ASO,ES,Combined TRACON& Tower with Radar,10,7,64,5,86,0,9,195,10,214,10,16,259,15,300,252,2,254,554
06/05/2000,PIE,FL,ASO,ES,Combined TRACON& Tower with Radar,14,9,76,5,104,2,4,157,22,185,16,13,233,27,289,170,28,198,487
06/06/2000,PIE,FL,ASO,ES,Combined TRACON& Tower with Radar,16,11,95,7,129,3,14,174,22,213,19,25,269,29,342,270,44,314,656
06/07/2000,PIE,FL,ASO,ES,Combined TRACON& Tower with Radar,13,10,79,6,108,4,9,123,18,154,17,19,202,24,262,218,56,274,536
06/08/2000,PIE,FL,ASO,ES,Combined TRACON& Tower with Radar,10,8,60,4,82,6,3,244,8,261,16,11,304,12,343,338,0,338,681
06/09/2000,PIE,FL,ASO,ES,Combined TRACON& Tower with Radar,16,14,116,8,154,0,28,244,36,308,16,42,360,44,462,408,12,420,882
06/10/2000,PIE,FL,ASO,ES,Combined TRACON& Tower with Radar,14,10,82,6,112,5,12,166,12,195,19,22,248,18,307,234,50,284,591
06/11/2000,PIE,FL,ASO,ES,Combined TRACON& Tower with Radar,9,7,51,4,71,6,11,132,4,153,15,18,183,8,224,214,0,214,438
06/12/2000,PIE,FL,ASO,ES,Combined TRACON& Tower with Radar,15,11,90,7,123,1,16,144,38,199,16,27,234,45,322,270,32,302,624
06/13/2000,PIE,FL,ASO,ES,Combined TRACON& Tower with Radar,14,10,84,6,114,1,7,145,19,172,15,17,229,25,286,146,8,154,440
06/14/2000,PIE,FL,ASO,ES,Combined TRACON& Tower with Radar,17,13,118,7,155,0,0,146,23,169,17,13,264,30,324,230,100,330,654
06/15/2000,PIE,FL,ASO,ES,Combined TRACON& Tower with Radar,19,12,112,7,150,0,20,225,41,286,19,32,337,48,436,180,92,272,708
06/16/2000,PIE,FL,ASO,ES,Combined TRACON& Tower with Radar,17,12,113,7,149,0,37,250,46,333,17,49,363,53,482,396,50,446,928
06/17/2000,PIE,FL,ASO,ES,Combined TRACON& Tower with Radar,13,8,69,3,93,3,11,182,6,202,16,19,251,9,295,304,0,304,599
06/18/2000,PIE,FL,ASO,ES,Combined TRACON& Tower with Radar,13,6,70,4,93,0,0,166,8,174,13,6,236,12,267,206,0,206,473
06/19/2000,PIE,FL,ASO,ES,Combined TRACON& Tower with Radar,12,8,67,4,91,0,11,153,18,182,12,19,220,22,273,212,32,244,517
06/20/2000,PIE,FL,ASO,ES,Combined TRACON& Tower with Radar,15,11,100,6,132,0,13,181,22,216,15,24,281,28,348,218,16,234,582
06/21/2000,PIE,FL,ASO,ES,Combined TRACON& Tower with Radar,18,14,124,8,164,0,9,225,22,256,18,23,349,30,420,330,28,358,778
06/22/2000,PIE,FL,ASO,ES,Combined TRACON& Tower with Radar,17,13,121,7,158,0,17,203,31,251,17,30,324,38,409,366,34,400,809
06/23/2000,PIE,FL,ASO,ES,Combined TRACON& Tower with Radar,17,16,140,9,182,0,35,262,31,328,17,51,402,40,510,426,42,468,978
06/24/2000,PIE,FL,ASO,ES,Combined TRACON& Tower with Radar,10,6,52,4,72,6,10,194,8,218,16,16,246,12,290,248,2,250,540
06/25/2000,PIE,FL,ASO,ES,Combined TRACON& Tower with Radar,16,3,87,6,112,0,0,199,1,200,16,3,286,7,312,158,0,158,470
06/26/2000,PIE,FL,ASO,ES,Combined TRACON& Tower with Radar,15,10,100,7,132,0,8,117,17,142,15,18,217,24,274,152,8,160,434
06/27/2000,PIE,FL,ASO,ES,Combined TRACON& Tower with Radar,19,11,108,8,146,0,10,139,17,166,19,21,247,25,312,178,16,194,506
06/28/2000,PIE,FL,ASO,ES,Combined TRACON& Tower with Radar,17,11,108,8,144,0,11,154,32,197,17,22,262,40,341,178,16,194,535
06/29/2000,PIE,FL,ASO,ES,Combined TRACON& Tower with Radar,19,11,109,8,147,1,11,184,15,211,20,22,293,23,358,256,18,274,632
06/30/2000,PIE,FL,ASO,ES,Combined TRACON& Tower with Radar,18,14,124,9,165,0,12,155,9,176,18,26,279,18,341,224,64,288,629
07/01/2000,PIE,FL,ASO,ES,Combined TRACON& Tower with Radar,11,6,64,1,82,2,0,129,0,131,13,6,193,1,213,184,0,184,397
07/02/2000,PIE,FL,ASO,ES,Combined TRACON& Tower with Radar,9,9,76,8,102,0,1,223,2,226,9,10,299,10,328,282,0,282,610
07/03/2000,PIE,FL,ASO,ES,Combined TRACON& Tower with Radar,14,10,79,4,107,0,10,191,0,201,14,20,270,4,308,262,0,262,570
07/04/2000,PIE,FL,ASO,ES,Combined TRACON& Tower with Radar,8,7,52,5,72,2,2,109,1,114,10,9,161,6,186,150,0,150,336
07/05/2000,PIE,FL,ASO,ES,Combined TRACON& Tower with Radar,14,15,118,11,158,0,5,138,14,157,14,20,256,25,315,202,16,218,533
07/06/2000,PIE,FL,ASO,ES,Combined TRACON& Tower with Radar,16,13,114,10,153,0,17,196,26,239,16,30,310,36,392,300,24,324,716
07/07/2000,PIE,FL,ASO,ES,Combined TRACON& Tower with Radar,15,17,136,13,181,0,31,233,25,289,15,48,369,38,470,438,68,506,976
07/08/2000,PIE,FL,ASO,ES,Combined TRACON& Tower with Radar,13,10,79,8,110,3,29,112,3,147,16,39,191,11,257,234,6,240,497
07/09/2000,PIE,FL,ASO,ES,Combined TRACON& Tower with Radar,10,5,64,4,83,0,0,163,0,163,10,5,227,4,246,314,0,314,560
07/10/2000,PIE,FL,ASO,ES,Combined TRACON& Tower with Radar,14,12,94,9,129,0,7,168,17,192,14,19,262,26,321,254,4,258,579
07/11/2000,PIE,FL,ASO,ES,Combined TRACON& Tower with Radar,17,13,102,9,141,1,5,173,22,201,18,18,275,31,342,246,8,254,596
07/12/2000,PIE,FL,ASO,ES,Combined TRACON& Tower with Radar,17,14,114,11,156,0,10,193,16,219,17,24,307,27,375,280,4,284,659
07/13/2000,PIE,FL,ASO,ES,Combined TRACON& Tower with Radar,17,14,107,10,148,0,13,229,50,292,17,27,336,60,440,384,54,438,878
07/14/2000,PIE,FL,ASO,ES,Combined TRACON& Tower with Radar,17,13,101,9,140,1,19,92,21,133,18,32,193,30,273,242,52,294,567
07/15/2000,PIE,FL,ASO,ES,Combined TRACON& Tower with Radar,5,5,30,2,42,14,1,11,1,27,19,6,41,3,69,22,0,22,91
07/16/2000,PIE,FL,ASO,ES,Combined TRACON& Tower with Radar,12,8,69,7,96,1,4,154,35,194,13,12,223,42,290,290,0,290,580
07/17/2000,PIE,FL,ASO,ES,Combined TRACON& Tower with Radar,13,9,75,6,103,4,7,128,30,169,17,16,203,36,272,194,46,240,512
07/18/2000,PIE,FL,ASO,ES,Combined TRACON& Tower with Radar,16,11,103,8,138,0,0,96,24,120,16,11,199,32,258,260,38,298,556
07/19/2000,PIE,FL,ASO,ES,Combined TRACON& Tower with Radar,16,14,119,11,160,0,8,198,23,229,16,22,317,34,389,350,30,380,769
07/20/2000,PIE,FL,ASO,ES,Combined TRACON& Tower with Radar,11,12,102,9,134,0,8,127,41,176,11,20,229,50,310,429,62,491,801
07/21/2000,PIE,FL,ASO,ES,Combined TRACON& Tower with Radar,13,11,94,9,127,0,19,195,25,239,13,30,289,34,366,342,84,426,792
07/22/2000,PIE,FL,ASO,ES,Combined TRACON& Tower with Radar,10,4,58,5,77,8,0,108,8,124,18,4,166,13,201,184,0,184,385
07/23/2000,PIE,FL,ASO,ES,Combined TRACON& Tower with Radar,10,5,55,4,74,0,0,146,10,156,10,5,201,14,230,152,1,153,383
07/24/2000,PIE,FL,ASO,ES,Combined TRACON& Tower with Radar,13,8,77,7,105,4,8,27,11,50,17,16,104,18,155,84,14,98,253
07/25/2000,PIE,FL,ASO,ES,Combined TRACON& Tower with Radar,15,9,90,8,122,0,14,130,33,177,15,23,220,41,299,274,58,332,631
07/26/2000,PIE,FL,ASO,ES,Combined TRACON& Tower with Radar,19,12,113,11,155,0,12,170,14,196,19,24,283,25,351,258,28,286,637
07/27/2000,PIE,FL,ASO,ES,Combined TRACON& Tower with Radar,16,12,117,11,156,0,12,172,12,196,16,24,289,23,352,318,10,328,680
07/28/2000,PIE,FL,ASO,ES,Combined TRACON& Tower with Radar,14,9,86,8,117,0,14,160,14,188,14,23,246,22,305,226,24,250,555
07/29/2000,PIE,FL,ASO,ES,Combined TRACON& Tower with Radar,14,9,87,8,118,0,4,172,4,180,14,13,259,12,298,218,0,218,516
07/30/2000,PIE,FL,ASO,ES,Combined TRACON& Tower with Radar,10,7,60,5,82,1,18,186,12,217,11,25,246,17,299,342,16,358,657
07/31/2000,PIE,FL,ASO,ES,Combined TRACON& Tower with Radar,15,11,94,8,128,0,15,142,19,176,15,26,236,27,304,236,26,262,566
08/01/2000,PIE,FL,ASO,ES,Combined TRACON& Tower with Radar,17,12,106,8,143,1,13,158,25,197,18,25,264,33,340,264,10,274,614
08/02/2000,PIE,FL,ASO,ES,Combined TRACON& Tower with Radar,15,13,112,7,147,0,0,142,21,163,15,13,254,28,310,234,14,248,558
08/03/2000,PIE,FL,ASO,ES,Combined TRACON& Tower with Radar,13,11,83,7,114,2,19,195,19,235,15,30,278,26,349,400,16,416,765
08/04/2000,PIE,FL,ASO,ES,Combined TRACON& Tower with Radar,17,16,128,10,171,0,19,256,11,286,17,35,384,21,457,454,4,458,915
08/05/2000,PIE,FL,ASO,ES,Combined TRACON& Tower with Radar,12,10,77,6,105,3,2,246,0,251,15,12,323,6,356,314,0,314,670
08/06/2000,PIE,FL,ASO,ES,Combined TRACON& Tower with Radar,14,11,90,7,122,4,13,211,8,236,18,24,301,15,358,218,14,232,590
08/07/2000,PIE,FL,ASO,ES,Combined TRACON& Tower with Radar,12,10,78,6,106,4,10,154,15,183,16,20,232,21,289,152,22,174,463
08/08/2000,PIE,FL,ASO,ES,Combined TRACON& Tower with Radar,15,12,101,8,136,0,9,166,16,191,15,21,267,24,327,246,2,248,575
08/09/2000,PIE,FL,ASO,ES,Combined TRACON& Tower with Radar,15,14,116,9,154,0,0,112,35,147,15,14,228,44,301,242,58,300,601
08/10/2000,PIE,FL,ASO,ES,Combined TRACON& Tower with Radar,19,14,117,8,158,3,6,105,20,134,22,20,222,28,292,266,8,274,566
08/11/2000,PIE,FL,ASO,ES,Combined TRACON& Tower with Radar,16,17,141,11,185,0,8,153,6,167,16,25,294,17,352,392,2,394,746
08/12/2000,PIE,FL,ASO,ES,Combined TRACON& Tower with Radar,7,6,46,3,62,7,5,64,12,88,14,11,110,15,150,136,0,136,286
08/13/2000,PIE,FL,ASO,ES,Combined TRACON& Tower with Radar,7,4,42,4,57,4,0,142,1,147,11,4,184,5,204,242,0,242,446
08/14/2000,PIE,FL,ASO,ES,Combined TRACON& Tower with Radar,14,12,95,7,128,0,3,121,22,146,14,15,216,29,274,254,18,272,546
08/15/2000,PIE,FL,ASO,ES,Combined TRACON& Tower with Radar,16,13,113,7,149,0,4,138,8,150,16,17,251,15,299,240,14,254,553
08/16/2000,PIE,FL,ASO,ES,Combined TRACON& Tower with Radar,13,12,108,8,141,0,1,158,32,191,13,13,266,40,332,234,2,236,568
08/17/2000,PIE,FL,ASO,ES,Combined TRACON& Tower with Radar,15,11,95,6,127,2,19,218,33,272,17,30,313,39,399,378,68,446,845
08/18/2000,PIE,FL,ASO,ES,Combined TRACON& Tower with Radar,16,12,114,7,149,0,16,216,13,245,16,28,330,20,394,335,30,365,759
08/19/2000,PIE,FL,ASO,ES,Combined TRACON& Tower with Radar,15,10,96,5,126,0,5,195,16,216,15,15,291,21,342,368,4,372,714
08/20/2000,PIE,FL,ASO,ES,Combined TRACON& Tower with Radar,11,7,69,4,91,0,1,113,5,119,11,8,182,9,210,270,0,270,480
08/21/2000,PIE,FL,ASO,ES,Combined TRACON& Tower with Radar,14,12,114,8,148,0,5,205,12,222,14,17,319,20,370,318,30,348,718
08/22/2000,PIE,FL,ASO,ES,Combined TRACON& Tower with Radar,16,11,104,8,139,0,5,99,18,122,16,16,203,26,261,254,16,270,531
08/23/2000,PIE,FL,ASO,ES,Combined TRACON& Tower with Radar,16,10,95,6,127,0,5,176,11,192,16,15,271,17,319,266,0,266,585
08/24/2000,PIE,FL,ASO,ES,Combined TRACON& Tower with Radar,14,8,84,6,112,2,22,186,14,224,16,30,270,20,336,314,0,314,650
08/25/2000,PIE,FL,ASO,ES,Combined TRACON& Tower with Radar,15,9,93,7,124,1,14,192,21,228,16,23,285,28,352,396,18,414,766
08/26/2000,PIE,FL,ASO,ES,Combined TRACON& Tower with Radar,9,5,56,4,74,7,8,136,2,153,16,13,192,6,227,309,0,309,536
08/27/2000,PIE,FL,ASO,ES,Combined TRACON& Tower with Radar,10,7,69,5,91,0,8,181,8,197,10,15,250,13,288,430,4,434,722
08/28/2000,PIE,FL,ASO,ES,Combined TRACON& Tower with Radar,15,10,99,7,131,0,4,139,39,182,15,14,238,46,313,258,38,296,609
08/29/2000,PIE,FL,ASO,ES,Combined TRACON& Tower with Radar,19,12,114,8,153,2,5,73,16,96,21,17,187,24,249,192,32,224,473
08/30/2000,PIE,FL,ASO,ES,Combined TRACON& Tower with Radar,15,12,113,7,147,0,8,155,33,196,15,20,268,40,343,304,34,338,681
08/31/2000,PIE,FL,ASO,ES,Combined TRACON& Tower with Radar,18,12,118,8,156,0,16,225,28,269,18,28,343,36,425,442,14,456,881
09/01/2000,PIE,FL,ASO,ES,Combined TRACON& Tower with Radar,15,16,142,12,185,0,14,209,18,241,15,30,351,30,426,398,0,398,824
09/02/2000,PIE,FL,ASO,ES,Combined TRACON& Tower with Radar,11,8,69,5,93,1,4,147,0,152,12,12,216,5,245,344,0,344,589
09/03/2000,PIE,FL,ASO,ES,Combined TRACON& Tower with Radar,9,3,57,4,73,2,0,131,0,133,11,3,188,4,206,172,0,172,378
09/04/2000,PIE,FL,ASO,ES,Combined TRACON& Tower with Radar,9,10,94,6,119,0,3,137,0,140,9,13,231,6,259,250,0,250,509
09/05/2000,PIE,FL,ASO,ES,Combined TRACON& Tower with Radar,14,12,106,8,140,0,0,131,20,151,14,12,237,28,291,296,46,342,633
09/06/2000,PIE,FL,ASO,ES,Combined TRACON& Tower with Radar,14,11,97,7,129,0,10,118,37,165,14,21,215,44,294,256,66,322,616
09/07/2000,PIE,FL,ASO,ES,Combined TRACON& Tower with Radar,14,14,122,10,160,0,10,174,19,203,14,24,296,29,363,338,144,482,845
09/08/2000,PIE,FL,ASO,ES,Combined TRACON& Tower with Radar,15,16,141,11,183,0,27,250,21,298,15,43,391,32,481,306,30,336,817
09/09/2000,PIE,FL,ASO,ES,Combined TRACON& Tower with Radar,15,12,106,8,141,0,0,128,0,128,15,12,234,8,269,334,4,338,607
09/10/2000,PIE,FL,ASO,ES,Combined TRACON& Tower with Radar,9,3,57,4,73,2,0,143,4,149,11,3,200,8,222,208,0,208,430
09/11/2000,PIE,FL,ASO,ES,Combined TRACON& Tower with Radar,11,7,68,5,91,4,9,145,17,175,15,16,213,22,266,245,24,269,535
09/12/2000,PIE,FL,ASO,ES,Combined TRACON& Tower with Radar,17,12,105,8,142,2,4,206,22,234,19,16,311,30,376,334,32,366,742
09/13/2000,PIE,FL,ASO,ES,Combined TRACON& Tower with Radar,15,12,111,9,147,0,3,135,35,173,15,15,246,44,320,252,36,288,608
09/14/2000,PIE,FL,ASO,ES,Combined TRACON& Tower with Radar,16,14,122,9,161,0,20,159,19,198,16,34,281,28,359,289,24,313,672
09/15/2000,PIE,FL,ASO,ES,Combined TRACON& Tower with Radar,17,12,111,6,146,4,16,163,0,183,21,28,274,6,329,304,0,304,633
09/16/2000,PIE,FL,ASO,ES,Combined TRACON& Tower with Radar,11,6,68,5,90,8,0,58,7,73,19,6,126,12,163,106,0,106,269
09/17/2000,PIE,FL,ASO,ES,Combined TRACON& Tower with Radar,3,1,10,1,15,5,3,0,3,11,8,4,10,4,26,0,0,0,26
09/18/2000,PIE,FL,ASO,ES,Combined TRACON& Tower with Radar,14,8,82,6,110,2,12,125,14,153,16,20,207,20,263,230,2,232,495
09/19/2000,PIE,FL,ASO,ES,Combined TRACON& Tower with Radar,15,10,96,7,128,0,10,123,18,151,15,20,219,25,279,206,0,206,485
09/20/2000,PIE,FL,ASO,ES,Combined TRACON& Tower with Radar,13,7,75,5,100,5,13,117,15,150,18,20,192,20,250,192,0,192,442
09/21/2000,PIE,FL,ASO,ES,Combined TRACON& Tower with Radar,18,12,119,9,158,0,8,198,34,240,18,20,317,43,398,354,40,394,792
09/22/2000,PIE,FL,ASO,ES,Combined TRACON& Tower with Radar,13,7,80,6,106,4,13,151,5,173,17,20,231,11,279,406,0,406,685
09/23/2000,PIE,FL,ASO,ES,Combined TRACON& Tower with Radar,15,7,87,2,111,0,0,187,0,187,15,7,274,2,298,302,0,302,600
09/24/2000,PIE,FL,ASO,ES,Combined TRACON& Tower with Radar,11,8,77,4,100,0,0,160,0,160,11,8,237,4,260,212,2,214,474
09/25/2000,PIE,FL,ASO,ES,Combined TRACON& Tower with Radar,13,8,78,5,104,1,11,117,31,160,14,19,195,36,264,200,6,206,470
09/26/2000,PIE,FL,ASO,ES,Combined TRACON& Tower with Radar,21,13,126,9,169,2,1,121,29,153,23,14,247,38,322,272,32,304,626
09/27/2000,PIE,FL,ASO,ES,Combined TRACON& Tower with Radar,15,10,86,6,117,4,4,106,22,136,19,14,192,28,253,268,28,296,549
09/28/2000,PIE,FL,ASO,ES,Combined TRACON& Tower with Radar,18,15,134,10,177,0,14,155,31,200,18,29,289,41,377,304,52,356,733
09/29/2000,PIE,FL,ASO,ES,Combined TRACON& Tower with Radar,15,11,106,8,140,0,45,155,26,226,15,56,261,34,366,236,10,246,612
09/30/2000,PIE,FL,ASO,ES,Combined TRACON& Tower with Radar,15,10,91,7,123,2,4,170,13,189,17,14,261,20,312,322,6,328,640
10/01/2000,PIE,FL,ASO,ES,Combined TRACON& Tower with Radar,10,8,88,8,114,0,0,121,0,121,10,8,209,8,235,122,0,122,357
10/02/2000,PIE,FL,ASO,ES,Combined TRACON& Tower with Radar,10,15,105,11,141,0,0,147,19,166,10,15,252,30,307,238,50,288,595
10/03/2000,PIE,FL,ASO,ES,Combined TRACON& Tower with Radar,14,12,80,8,114,0,3,101,13,117,14,15,181,21,231,168,18,186,417
10/04/2000,PIE,FL,ASO,ES,Combined TRACON& Tower with Radar,13,10,71,8,102,2,10,121,26,159,15,20,192,34,261,352,32,384,645
10/05/2000,PIE,FL,ASO,ES,Combined TRACON& Tower with Radar,16,16,33,13,78,0,13,0,15,28,16,29,33,28,106,294,0,294,400
10/06/2000,PIE,FL,ASO,ES,Combined TRACON& Tower with Radar,17,14,98,10,139,0,19,187,11,217,17,33,285,21,356,450,0,450,806
10/07/2000,PIE,FL,ASO,ES,Combined TRACON& Tower with Radar,13,10,71,8,102,3,8,263,0,274,16,18,334,8,376,368,0,368,744
10/08/2000,PIE,FL,ASO,ES,Combined TRACON& Tower with Radar,12,8,65,3,88,0,0,175,0,175,12,8,240,3,263,336,0,336,599
10/09/2000,PIE,FL,ASO,ES,Combined TRACON& Tower with Radar,13,7,72,3,95,4,0,111,0,115,17,7,183,3,210,226,0,226,436
10/10/2000,PIE,FL,ASO,ES,Combined TRACON& Tower with Radar,16,12,85,9,122,0,4,168,20,192,16,16,253,29,314,256,14,270,584
10/11/2000,PIE,FL,ASO,ES,Combined TRACON& Tower with Radar,18,14,94,10,136,2,20,204,32,258,20,34,298,42,394,394,52,446,840
10/12/2000,PIE,FL,ASO,ES,Combined TRACON& Tower with Radar,19,17,115,12,163,0,25,227,12,264,19,42,342,24,427,358,86,444,871
10/13/2000,PIE,FL,ASO,ES,Combined TRACON& Tower with Radar,18,17,114,12,161,0,20,205,27,252,18,37,319,39,413,394,32,426,839
10/14/2000,PIE,FL,ASO,ES,Combined TRACON& Tower with Radar,10,8,57,6,81,7,8,289,11,315,17,16,346,17,396,418,4,422,818
10/15/2000,PIE,FL,ASO,ES,Combined TRACON& Tower with Radar,14,12,79,8,113,0,8,264,5,277,14,20,343,13,390,408,16,424,814
10/16/2000,PIE,FL,ASO,ES,Combined TRACON& Tower with Radar,15,12,82,8,117,2,7,152,29,190,17,19,234,37,307,220,62,282,589
10/17/2000,PIE,FL,ASO,ES,Combined TRACON& Tower with Radar,17,12,89,9,127,0,12,145,38,195,17,24,234,47,322,230,78,308,630
10/18/2000,PIE,FL,ASO,ES,Combined TRACON& Tower with Radar,19,15,110,11,155,0,15,147,25,187,19,30,257,36,342,258,10,268,610
10/19/2000,PIE,FL,ASO,ES,Combined TRACON& Tower with Radar,22,15,115,13,165,1,15,198,37,251,23,30,313,50,416,344,14,358,774
10/20/2000,PIE,FL,ASO,ES,Combined TRACON& Tower with Radar,19,16,116,14,165,0,21,270,22,313,19,37,386,36,478,332,24,356,834
10/21/2000,PIE,FL,ASO,ES,Combined TRACON& Tower with Radar,16,12,90,11,129,0,4,204,5,213,16,16,294,16,342,270,4,274,616
10/22/2000,PIE,FL,ASO,ES,Combined TRACON& Tower with Radar,15,10,74,8,107,3,8,242,16,269,18,18,316,24,376,354,26,380,756
10/23/2000,PIE,FL,ASO,ES,Combined TRACON& Tower with Radar,17,12,89,11,129,0,3,106,8,117,17,15,195,19,246,258,0,258,504
10/24/2000,PIE,FL,ASO,ES,Combined TRACON& Tower with Radar,18,11,89,9,127,3,0,135,35,173,21,11,224,44,300,178,24,202,502
10/25/2000,PIE,FL,ASO,ES,Combined TRACON& Tower with Radar,19,13,94,10,136,0,18,174,26,218,19,31,268,36,354,340,59,399,753
10/26/2000,PIE,FL,ASO,ES,Combined TRACON& Tower with Radar,25,18,132,14,189,0,27,220,39,286,25,45,352,53,475,418,168,586,1061
10/27/2000,PIE,FL,ASO,ES,Combined TRACON& Tower with Radar,18,12,92,10,132,1,21,129,45,196,19,33,221,55,328,332,46,378,706
10/28/2000,PIE,FL,ASO,ES,Combined TRACON& Tower with Radar,13,8,64,7,92,7,13,243,22,285,20,21,307,29,377,300,12,312,689
10/29/2000,PIE,FL,ASO,ES,Combined TRACON& Tower with Radar,18,13,113,12,156,0,0,102,19,121,18,13,215,31,277,168,12,180,457
10/30/2000,PIE,FL,ASO,ES,Combined TRACON& Tower with Radar,20,16,116,13,165,0,0,92,24,116,20,16,208,37,281,142,0,142,423
10/31/2000,PIE,FL,ASO,ES,Combined TRACON& Tower with Radar,16,11,82,8,117,10,12,163,25,210,26,23,245,33,327,226,30,256,583
11/01/2000,PIE,FL,ASO,ES,Combined TRACON& Tower with Radar,19,14,102,7,142,0,11,197,14,222,19,25,299,21,364,374,0,374,738
11/02/2000,PIE,FL,ASO,ES,Combined TRACON& Tower with Radar,27,17,120,9,173,0,40,248,35,323,27,57,368,44,496,404,62,466,962
11/03/2000,PIE,FL,ASO,ES,Combined TRACON& Tower with Radar,23,12,95,7,137,2,25,268,48,343,25,37,363,55,480,373,52,425,905
11/04/2000,PIE,FL,ASO,ES,Combined TRACON& Tower with Radar,20,12,106,7,145,0,0,134,6,140,20,12,240,13,285,196,4,200,485
11/05/2000,PIE,FL,ASO,ES,Combined TRACON& Tower with Radar,26,10,129,8,173,0,0,138,0,138,26,10,267,8,311,250,0,250,561
11/06/2000,PIE,FL,ASO,ES,Combined TRACON& Tower with Radar,26,15,108,7,156,0,6,158,14,178,26,21,266,21,334,262,0,262,596
11/07/2000,PIE,FL,ASO,ES,Combined TRACON& Tower with Radar,24,16,118,8,166,0,0,150,39,189,24,16,268,47,355,308,22,330,685
11/08/2000,PIE,FL,ASO,ES,Combined TRACON& Tower with Radar,19,19,141,9,188,0,23,214,33,270,19,42,355,42,458,288,84,372,830
11/09/2000,PIE,FL,ASO,ES,Combined TRACON& Tower with Radar,23,14,98,6,141,5,26,211,20,262,28,40,309,26,403,316,6,322,725
11/10/2000,PIE,FL,ASO,ES,Combined TRACON& Tower with Radar,23,16,119,8,166,0,19,226,26,271,23,35,345,34,437,422,18,440,877
11/11/2000,PIE,FL,ASO,ES,Combined TRACON& Tower with Radar,19,11,80,5,115,0,13,259,22,294,19,24,339,27,409,344,12,356,765
11/12/2000,PIE,FL,ASO,ES,Combined TRACON& Tower with Radar,22,13,91,5,131,3,5,223,0,231,25,18,314,5,362,392,0,392,754
11/13/2000,PIE,FL,ASO,ES,Combined TRACON& Tower with Radar,22,13,91,6,132,4,6,165,6,181,26,19,256,12,313,280,0,280,593
11/14/2000,PIE,FL,ASO,ES,Combined TRACON& Tower with Radar,20,15,112,7,154,0,9,46,14,69,20,24,158,21,223,230,8,238,461
11/15/2000,PIE,FL,ASO,ES,Combined TRACON& Tower with Radar,23,12,100,6,141,0,22,189,19,230,23,34,289,25,371,240,18,258,629
11/16/2000,PIE,FL,ASO,ES,Combined TRACON& Tower with Radar,27,15,116,7,165,0,12,214,19,245,27,27,330,26,410,314,8,322,732
11/17/2000,PIE,FL,ASO,ES,Combined TRACON& Tower with Radar,24,20,150,9,203,0,29,217,46,292,24,49,367,55,495,406,68,474,969
11/18/2000,PIE,FL,ASO,ES,Combined TRACON& Tower with Radar,19,9,75,5,108,0,14,223,11,248,19,23,298,16,356,356,0,356,712
11/19/2000,PIE,FL,ASO,ES,Combined TRACON& Tower with Radar,24,11,96,6,137,4,1,140,10,155,28,12,236,16,292,230,0,230,522
11/20/2000,PIE,FL,ASO,ES,Combined TRACON& Tower with Radar,20,10,80,5,115,3,2,177,18,200,23,12,257,23,315,312,28,340,655
11/21/2000,PIE,FL,ASO,ES,Combined TRACON& Tower with Radar,24,12,98,6,140,8,7,160,42,217,32,19,258,48,357,216,46,262,619
11/22/2000,PIE,FL,ASO,ES,Combined TRACON& Tower with Radar,30,15,119,8,172,1,8,217,31,257,31,23,336,39,429,333,6,339,768
11/23/2000,PIE,FL,ASO,ES,Combined TRACON& Tower with Radar,12,6,48,3,69,9,2,93,1,105,21,8,141,4,174,140,0,140,314
11/24/2000,PIE,FL,ASO,ES,Combined TRACON& Tower with Radar,17,10,71,4,102,0,13,250,12,275,17,23,321,16,377,270,26,296,673
11/25/2000,PIE,FL,ASO,ES,Combined TRACON& Tower with Radar,10,5,37,2,54,13,2,33,6,54,23,7,70,8,108,68,0,68,176
11/26/2000,PIE,FL,ASO,ES,Combined TRACON& Tower with Radar,29,7,112,4,152,0,0,100,0,100,29,7,212,4,252,160,0,160,412
11/27/2000,PIE,FL,ASO,ES,Combined TRACON& Tower with Radar,26,15,104,6,151,1,4,170,11,186,27,19,274,17,337,260,6,266,603
11/28/2000,PIE,FL,ASO,ES,Combined TRACON& Tower with Radar,18,10,71,5,104,8,6,191,24,229,26,16,262,29,333,268,56,324,657
11/29/2000,PIE,FL,ASO,ES,Combined TRACON& Tower with Radar,24,13,96,6,139,3,16,181,22,222,27,29,277,28,361,386,26,412,773
11/30/2000,PIE,FL,ASO,ES,Combined TRACON& Tower with Radar,22,12,84,6,124,9,34,203,33,279,31,46,287,39,403,272,66,338,741
12/01/2000,PIE,FL,ASO,ES,Combined TRACON& Tower with Radar,24,14,86,6,130,0,45,244,23,312,24,59,330,29,442,446,8,454,896
12/02/2000,PIE,FL,ASO,ES,Combined TRACON& Tower with Radar,18,11,66,6,101,0,34,265,9,308,18,45,331,15,409,404,14,418,827
12/03/2000,PIE,FL,ASO,ES,Combined TRACON& Tower with Radar,25,13,80,6,124,3,2,54,1,60,28,15,134,7,184,178,4,182,366
12/04/2000,PIE,FL,ASO,ES,Combined TRACON& Tower with Radar,23,12,73,5,113,2,6,146,9,163,25,18,219,14,276,244,0,244,520
12/05/2000,PIE,FL,ASO,ES,Combined TRACON& Tower with Radar,23,12,75,5,115,3,5,154,18,180,26,17,229,23,295,242,0,242,537
12/06/2000,PIE,FL,ASO,ES,Combined TRACON& Tower with Radar,22,12,72,5,111,6,2,177,15,200,28,14,249,20,311,196,40,236,547
12/07/2000,PIE,FL,ASO,ES,Combined TRACON& Tower with Radar,26,14,83,6,129,6,21,240,47,314,32,35,323,53,443,454,52,506,949
12/08/2000,PIE,FL,ASO,ES,Combined TRACON& Tower with Radar,24,18,109,6,157,0,22,244,34,300,24,40,353,40,457,344,96,440,897
12/09/2000,PIE,FL,ASO,ES,Combined TRACON& Tower with Radar,13,7,41,2,63,4,10,230,15,259,17,17,271,17,322,378,4,382,704
12/10/2000,PIE,FL,ASO,ES,Combined TRACON& Tower with Radar,23,11,74,4,112,3,0,168,8,179,26,11,242,12,291,289,0,289,580
12/11/2000,PIE,FL,ASO,ES,Combined TRACON& Tower with Radar,18,12,85,5,120,0,0,50,16,66,18,12,135,21,186,102,18,120,306
12/12/2000,PIE,FL,ASO,ES,Combined TRACON& Tower with Radar,31,20,121,7,179,0,7,89,15,111,31,27,210,22,290,170,30,200,490
12/13/2000,PIE,FL,ASO,ES,Combined TRACON& Tower with Radar,21,15,91,5,132,0,1,92,16,109,21,16,183,21,241,178,0,178,419
12/14/2000,PIE,FL,ASO,ES,Combined TRACON& Tower with Radar,29,19,120,8,176,0,1,117,4,122,29,20,237,12,298,210,22,232,530
12/15/2000,PIE,FL,ASO,ES,Combined TRACON& Tower with Radar,21,22,138,8,189,0,13,200,15,228,21,35,338,23,417,326,6,332,749
12/16/2000,PIE,FL,ASO,ES,Combined TRACON& Tower with Radar,32,16,104,6,158,3,2,158,16,179,35,18,262,22,337,280,0,280,617
12/17/2000,PIE,FL,ASO,ES,Combined TRACON& Tower with Radar,17,9,57,3,86,7,12,84,10,113,24,21,141,13,199,94,0,94,293
12/18/2000,PIE,FL,ASO,ES,Combined TRACON& Tower with Radar,24,14,86,5,129,0,1,146,5,152,24,15,232,10,281,260,0,260,541
12/19/2000,PIE,FL,ASO,ES,Combined TRACON& Tower with Radar,27,14,88,6,135,1,8,38,8,55,28,22,126,14,190,58,0,58,248
12/20/2000,PIE,FL,ASO,ES,Combined TRACON& Tower with Radar,27,12,84,5,128,2,15,133,28,178,29,27,217,33,306,224,4,228,534
12/21/2000,PIE,FL,ASO,ES,Combined TRACON& Tower with Radar,31,14,97,6,148,5,3,155,15,178,36,17,252,21,326,278,8,286,612
12/22/2000,PIE,FL,ASO,ES,Combined TRACON& Tower with Radar,27,13,87,5,132,0,16,207,17,240,27,29,294,22,372,258,0,258,630
12/23/2000,PIE,FL,ASO,ES,Combined TRACON& Tower with Radar,21,9,64,4,98,7,11,160,16,194,28,20,224,20,292,284,6,290,582
12/24/2000,PIE,FL,ASO,ES,Combined TRACON& Tower with Radar,15,6,46,3,70,10,0,65,2,77,25,6,111,5,147,98,0,98,245
12/25/2000,PIE,FL,ASO,ES,Combined TRACON& Tower with Radar,11,1,33,2,47,6,0,30,0,36,17,1,63,2,83,16,0,16,99
12/26/2000,PIE,FL,ASO,ES,Combined TRACON& Tower with Radar,27,12,83,5,127,1,6,140,13,160,28,18,223,18,287,200,2,202,489
12/27/2000,PIE,FL,ASO,ES,Combined TRACON& Tower with Radar,27,15,103,6,151,0,25,238,14,277,27,40,341,20,428,356,12,368,796
12/28/2000,PIE,FL,ASO,ES,Combined TRACON& Tower with Radar,23,11,71,2,107,5,11,17,0,33,28,22,88,2,140,22,0,22,162
12/29/2000,PIE,FL,ASO,ES,Combined TRACON& Tower with Radar,27,15,95,5,142,0,9,141,0,150,27,24,236,5,292,258,0,258,550
12/30/2000,PIE,FL,ASO,ES,Combined TRACON& Tower with Radar,21,5,63,2,91,4,0,117,0,121,25,5,180,2,212,76,0,76,288
12/31/2000,PIE,FL,ASO,ES,Combined TRACON& Tower with Radar,22,8,67,3,100,3,0,133,0,136,25,8,200,3,236,134,0,134,370
01/01/2001,PIE,FL,ASO,ES,Combined TRACON& Tower with Radar,16,5,69,2,92,10,0,115,0,125,26,5,184,2,217,138,0,138,355
01/02/2001,PIE,FL,ASO,ES,Combined TRACON& Tower with Radar,28,20,130,12,190,0,0,118,4,122,28,20,248,16,312,200,0,200,512
01/03/2001,PIE,FL,ASO,ES,Combined TRACON& Tower with Radar,24,16,100,10,150,2,18,229,41,290,26,34,329,51,440,276,20,296,736
01/04/2001,PIE,FL,ASO,ES,Combined TRACON& Tower with Radar,22,15,94,9,140,9,29,201,36,275,31,44,295,45,415,352,98,450,865
01/05/2001,PIE,FL,ASO,ES,Combined TRACON& Tower with Radar,21,16,101,9,147,0,32,207,47,286,21,48,308,56,433,366,128,494,927
01/06/2001,PIE,FL,ASO,ES,Combined TRACON& Tower with Radar,16,11,67,6,100,5,20,265,13,303,21,31,332,19,403,420,0,420,823
01/07/2001,PIE,FL,ASO,ES,Combined TRACON& Tower with Radar,14,8,62,5,89,9,0,152,0,161,23,8,214,5,250,271,0,271,521
01/08/2001,PIE,FL,ASO,ES,Combined TRACON& Tower with Radar,21,11,89,7,128,2,0,47,15,64,23,11,136,22,192,62,20,82,274
01/09/2001,PIE,FL,ASO,ES,Combined TRACON& Tower with Radar,18,12,77,6,113,4,0,141,27,172,22,12,218,33,285,172,90,262,547
01/10/2001,PIE,FL,ASO,ES,Combined TRACON& Tower with Radar,21,20,124,10,175,0,1,186,44,231,21,21,310,54,406,264,8,272,678
01/11/2001,PIE,FL,ASO,ES,Combined TRACON& Tower with Radar,22,21,131,11,185,0,23,227,36,286,22,44,358,47,471,344,44,388,859
01/12/2001,PIE,FL,ASO,ES,Combined TRACON& Tower with Radar,18,17,108,9,152,0,18,189,34,241,18,35,297,43,393,290,38,328,721
01/13/2001,PIE,FL,ASO,ES,Combined TRACON& Tower with Radar,20,15,98,8,141,0,0,126,6,132,20,15,224,14,273,270,0,270,543
01/14/2001,PIE,FL,ASO,ES,Combined TRACON& Tower with Radar,14,10,62,5,91,10,5,176,19,210,24,15,238,24,301,298,38,336,637
01/15/2001,PIE,FL,ASO,ES,Combined TRACON& Tower with Radar,15,8,111,9,143,0,0,134,7,141,15,8,245,16,284,266,8,274,558
01/16/2001,PIE,FL,ASO,ES,Combined TRACON& Tower with Radar,23,15,101,9,148,1,0,202,9,212,24,15,303,18,360,240,34,274,634
01/17/2001,PIE,FL,ASO,ES,Combined TRACON& Tower with Radar,20,19,118,10,167,0,21,210,24,255,20,40,328,34,422,358,18,376,798
01/18/2001,PIE,FL,ASO,ES,Combined TRACON& Tower with Radar,23,19,129,10,181,0,26,240,33,299,23,45,369,43,480,232,0,232,712
01/19/2001,PIE,FL,ASO,ES,Combined TRACON& Tower with Radar,20,15,102,9,146,0,5,159,24,188,20,20,261,33,334,218,10,228,562
01/20/2001,PIE,FL,ASO,ES,Combined TRACON& Tower with Radar,18,11,76,6,111,2,9,29,9,49,20,20,105,15,160,38,0,38,198
01/21/2001,PIE,FL,ASO,ES,Combined TRACON& Tower with Radar,20,14,94,7,135,0,2,233,5,240,20,16,327,12,375,344,0,344,719
01/22/2001,PIE,FL,ASO,ES,Combined TRACON& Tower with Radar,17,10,71,5,103,0,7,158,2,167,17,17,229,7,270,288,0,288,558
01/23/2001,PIE,FL,ASO,ES,Combined TRACON& Tower with Radar,18,10,75,6,109,3,11,170,12,196,21,21,245,18,305,174,0,174,479
01/24/2001,PIE,FL,ASO,ES,Combined TRACON& Tower with Radar,23,15,96,9,143,0,16,208,30,254,23,31,304,39,397,332,66,398,795
01/25/2001,PIE,FL,ASO,ES,Combined TRACON& Tower with Radar,21,12,86,8,127,5,30,179,26,240,26,42,265,34,367,200,0,200,567
01/26/2001,PIE,FL,ASO,ES,Combined TRACON& Tower with Radar,20,12,85,7,124,7,35,193,12,247,27,47,278,19,371,134,0,134,505
01/27/2001,PIE,FL,ASO,ES,Combined TRACON& Tower with Radar,14,8,56,5,83,4,10,207,0,221,18,18,263,5,304,272,0,272,576
01/28/2001,PIE,FL,ASO,ES,Combined TRACON& Tower with Radar,27,18,117,9,171,0,18,231,7,256,27,36,348,16,427,188,0,188,615
01/29/2001,PIE,FL,ASO,ES,Combined TRACON& Tower with Radar,31,23,143,12,209,0,21,165,16,202,31,44,308,28,411,132,20,152,563
01/30/2001,PIE,FL,ASO,ES,Combined TRACON& Tower with Radar,29,21,133,12,195,0,14,142,24,180,29,35,275,36,375,136,2,138,513
01/31/2001,PIE,FL,ASO,ES,Combined TRACON& Tower with Radar,21,19,118,10,168,0,0,95,14,109,21,19,213,24,277,222,64,286,563
02/01/2001,PIE,FL,ASO,ES,Combined TRACON& Tower with Radar,26,19,133,15,193,2,2,143,4,151,28,21,276,19,344,258,0,258,602
02/02/2001,PIE,FL,ASO,ES,Combined TRACON& Tower with Radar,18,14,99,11,142,0,4,53,22,79,18,18,152,33,221,40,12,52,273
02/03/2001,PIE,FL,ASO,ES,Combined TRACON& Tower with Radar,19,16,121,13,169,0,0,124,0,124,19,16,245,13,293,172,0,172,465
02/04/2001,PIE,FL,ASO,ES,Combined TRACON& Tower with Radar,17,7,87,7,118,7,0,6,0,13,24,7,93,7,131,10,0,10,141
02/05/2001,PIE,FL,ASO,ES,Combined TRACON& Tower with Radar,13,9,67,8,97,5,0,192,3,200,18,9,259,11,297,264,0,264,561
02/06/2001,PIE,FL,ASO,ES,Combined TRACON& Tower with Radar,19,14,97,11,141,6,3,189,17,215,25,17,286,28,356,256,2,258,614
02/07/2001,PIE,FL,ASO,ES,Combined TRACON& Tower with Radar,23,17,115,14,169,0,4,171,23,198,23,21,286,37,367,268,50,318,685
02/08/2001,PIE,FL,ASO,ES,Combined TRACON& Tower with Radar,25,19,126,14,184,1,19,237,36,293,26,38,363,50,477,313,30,343,820
02/09/2001,PIE,FL,ASO,ES,Combined TRACON& Tower with Radar,16,16,106,12,150,0,33,240,24,297,16,49,346,36,447,352,20,372,819
02/10/2001,PIE,FL,ASO,ES,Combined TRACON& Tower with Radar,19,14,100,11,144,0,10,215,3,228,19,24,315,14,372,252,0,252,624
02/11/2001,PIE,FL,ASO,ES,Combined TRACON& Tower with Radar,18,9,91,10,128,4,0,158,0,162,22,9,249,10,290,292,0,292,582
02/12/2001,PIE,FL,ASO,ES,Combined TRACON& Tower with Radar,17,15,101,11,144,0,15,98,24,137,17,30,199,35,281,168,54,222,503
02/13/2001,PIE,FL,ASO,ES,Combined TRACON& Tower with Radar,24,18,121,12,175,3,4,85,26,118,27,22,206,38,293,116,58,174,467
02/14/2001,PIE,FL,ASO,ES,Combined TRACON& Tower with Radar,25,18,127,13,183,2,0,125,12,139,27,18,252,25,322,238,26,264,586
02/15/2001,PIE,FL,ASO,ES,Combined TRACON& Tower with Radar,24,19,132,13,188,0,21,208,39,268,24,40,340,52,456,280,58,338,794
02/16/2001,PIE,FL,ASO,ES,Combined TRACON& Tower with Radar,17,15,107,11,150,0,47,234,47,328,17,62,341,58,478,336,24,360,838
02/17/2001,PIE,FL,ASO,ES,Combined TRACON& Tower with Radar,18,14,103,10,145,0,26,242,12,280,18,40,345,22,425,300,0,300,725
02/18/2001,PIE,FL,ASO,ES,Combined TRACON& Tower with Radar,14,8,69,7,98,5,0,249,15,269,19,8,318,22,367,364,6,370,737
02/19/2001,PIE,FL,ASO,ES,Combined TRACON& Tower with Radar,15,14,116,12,157,0,0,107,0,107,15,14,223,12,264,148,0,148,412
02/20/2001,PIE,FL,ASO,ES,Combined TRACON& Tower with Radar,24,16,117,13,170,2,15,184,7,208,26,31,301,20,378,336,6,342,720
02/21/2001,PIE,FL,ASO,ES,Combined TRACON& Tower with Radar,25,16,120,12,173,1,22,249,20,292,26,38,369,32,465,352,56,408,873
02/22/2001,PIE,FL,ASO,ES,Combined TRACON& Tower with Radar,24,17,131,13,185,0,8,223,16,247,24,25,354,29,432,320,14,334,766
02/23/2001,PIE,FL,ASO,ES,Combined TRACON& Tower with Radar,24,16,116,12,168,0,34,221,33,288,24,50,337,45,456,504,106,610,1066
02/24/2001,PIE,FL,ASO,ES,Combined TRACON& Tower with Radar,16,11,87,9,123,0,14,226,15,255,16,25,313,24,378,330,2,332,710
02/25/2001,PIE,FL,ASO,ES,Combined TRACON& Tower with Radar,19,12,90,9,130,4,1,190,12,207,23,13,280,21,337,288,10,298,635
02/26/2001,PIE,FL,ASO,ES,Combined TRACON& Tower with Radar,15,15,102,11,143,0,3,144,7,154,15,18,246,18,297,292,42,334,631
02/27/2001,PIE,FL,ASO,ES,Combined TRACON& Tower with Radar,21,15,101,10,147,3,13,234,24,274,24,28,335,34,421,184,10,194,615
02/28/2001,PIE,FL,ASO,ES,Combined TRACON& Tower with Radar,25,18,121,12,176,0,22,171,43,236,25,40,292,55,412,256,42,298,710
03/01/2001,PIE,FL,ASO,ES,Combined TRACON& Tower with Radar,32,23,143,12,210,0,36,230,33,299,32,59,373,45,509,419,14,433,942
03/02/2001,PIE,FL,ASO,ES,Combined TRACON& Tower with Radar,21,22,135,12,190,0,26,322,44,392,21,48,457,56,582,434,66,500,1082
03/03/2001,PIE,FL,ASO,ES,Combined TRACON& Tower with Radar,18,14,82,8,122,0,10,151,13,174,18,24,233,21,296,304,42,346,642
03/04/2001,PIE,FL,ASO,ES,Combined TRACON& Tower with Radar,15,9,60,5,89,12,0,4,1,17,27,9,64,6,106,4,0,4,110
03/05/2001,PIE,FL,ASO,ES,Combined TRACON& Tower with Radar,17,13,72,5,107,0,12,52,19,83,17,25,124,24,190,64,20,84,274
03/06/2001,PIE,FL,ASO,ES,Combined TRACON& Tower with Radar,20,15,80,7,122,6,2,101,24,133,26,17,181,31,255,56,10,66,321
03/07/2001,PIE,FL,ASO,ES,Combined TRACON& Tower with Radar,24,17,97,7,145,1,0,188,20,209,25,17,285,27,354,250,30,280,634
03/08/2001,PIE,FL,ASO,ES,Combined TRACON& Tower with Radar,26,19,109,9,163,0,9,262,20,291,26,28,371,29,454,370,8,378,832
03/09/2001,PIE,FL,ASO,ES,Combined TRACON& Tower with Radar,20,17,97,8,142,0,18,164,35,217,20,35,261,43,359,260,88,348,707
03/10/2001,PIE,FL,ASO,ES,Combined TRACON& Tower with Radar,18,14,87,7,126,0,7,234,13,254,18,21,321,20,380,320,18,338,718
03/11/2001,PIE,FL,ASO,ES,Combined TRACON& Tower with Radar,20,13,79,6,118,0,9,188,10,207,20,22,267,16,325,272,20,292,617
03/12/2001,PIE,FL,ASO,ES,Combined TRACON& Tower with Radar,16,11,67,5,99,1,10,125,36,172,17,21,192,41,271,184,36,220,491
03/13/2001,PIE,FL,ASO,ES,Combined TRACON& Tower with Radar,24,15,91,7,137,10,0,0,2,12,34,15,91,9,149,12,0,12,161
03/14/2001,PIE,FL,ASO,ES,Combined TRACON& Tower with Radar,25,20,124,9,178,0,0,172,15,187,25,20,296,24,365,336,0,336,701
03/15/2001,PIE,FL,ASO,ES,Combined TRACON& Tower with Radar,28,18,111,9,166,3,5,148,25,181,31,23,259,34,347,142,0,142,489
03/16/2001,PIE,FL,ASO,ES,Combined TRACON& Tower with Radar,35,21,136,10,202,11,10,173,24,218,46,31,309,34,420,228,14,242,662
03/17/2001,PIE,FL,ASO,ES,Combined TRACON& Tower with Radar,19,12,78,6,115,0,9,306,9,324,19,21,384,15,439,390,4,394,833
03/18/2001,PIE,FL,ASO,ES,Combined TRACON& Tower with Radar,18,11,72,5,106,3,2,135,1,141,21,13,207,6,247,196,0,196,443
03/19/2001,PIE,FL,ASO,ES,Combined TRACON& Tower with Radar,16,9,61,4,90,3,6,5,12,26,19,15,66,16,116,40,0,40,156
03/20/2001,PIE,FL,ASO,ES,Combined TRACON& Tower with Radar,19,11,74,5,109,9,9,114,21,153,28,20,188,26,262,182,36,218,480
03/21/2001,PIE,FL,ASO,ES,Combined TRACON& Tower with Radar,24,14,92,7,137,2,5,117,27,151,26,19,209,34,288,122,72,194,482
03/22/2001,PIE,FL,ASO,ES,Combined TRACON& Tower with Radar,25,16,103,8,152,0,12,294,23,329,25,28,397,31,481,344,14,358,839
03/23/2001,PIE,FL,ASO,ES,Combined TRACON& Tower with Radar,22,19,123,10,174,0,18,265,25,308,22,37,388,35,482,428,20,448,930
03/24/2001,PIE,FL,ASO,ES,Combined TRACON& Tower with Radar,18,14,90,7,129,0,12,274,12,298,18,26,364,19,427,433,0,433,860
03/25/2001,PIE,FL,ASO,ES,Combined TRACON& Tower with Radar,22,15,99,6,142,0,3,239,0,242,22,18,338,6,384,270,0,270,654
03/26/2001,PIE,FL,ASO,ES,Combined TRACON& Tower with Radar,21,17,106,8,152,0,15,147,19,181,21,32,253,27,333,256,2,258,591
03/27/2001,PIE,FL,ASO,ES,Combined TRACON& Tower with Radar,28,17,108,9,162,0,19,235,17,271,28,36,343,26,433,364,32,396,829
03/28/2001,PIE,FL,ASO,ES,Combined TRACON& Tower with Radar,23,14,91,7,135,10,12,168,24,214,33,26,259,31,349,278,18,296,645
03/29/2001,PIE,FL,ASO,ES,Combined TRACON& Tower with Radar,17,11,54,4,86,7,3,0,8,18,24,14,54,12,104,6,0,6,110
03/30/2001,PIE,FL,ASO,ES,Combined TRACON& Tower with Radar,21,20,119,9,169,0,21,210,27,258,21,41,329,36,427,332,148,480,907
03/31/2001,PIE,FL,ASO,ES,Combined TRACON& Tower with Radar,18,14,88,7,127,0,0,126,5,131,18,14,214,12,258,72,0,72,330
04/01/2001,PIE,FL,ASO,ES,Combined TRACON& Tower with Radar,15,10,72,6,103,1,0,268,6,275,16,10,340,12,378,282,0,282,660
04/02/2001,PIE,FL,ASO,ES,Combined TRACON& Tower with Radar,21,13,100,8,142,0,10,211,14,235,21,23,311,22,377,324,12,336,713
04/03/2001,PIE,FL,ASO,ES,Combined TRACON& Tower with Radar,25,16,117,10,168,0,6,203,10,219,25,22,320,20,387,326,28,354,741
04/04/2001,PIE,FL,ASO,ES,Combined TRACON& Tower with Radar,23,20,144,11,198,0,9,263,44,316,23,29,407,55,514,334,70,404,918
04/05/2001,PIE,FL,ASO,ES,Combined TRACON& Tower with Radar,28,18,33,10,89,0,11,0,35,46,28,29,33,45,135,432,104,536,671
04/06/2001,PIE,FL,ASO,ES,Combined TRACON& Tower with Radar,21,19,133,10,183,0,23,246,44,313,21,42,379,54,496,382,90,472,968
04/07/2001,PIE,FL,ASO,ES,Combined TRACON& Tower with Radar,16,14,96,6,132,0,7,248,0,255,16,21,344,6,387,314,0,314,701
04/08/2001,PIE,FL,ASO,ES,Combined TRACON& Tower with Radar,18,12,82,6,118,2,9,216,4,231,20,21,298,10,349,248,0,248,597
04/09/2001,PIE,FL,ASO,ES,Combined TRACON& Tower with Radar,17,11,77,5,110,4,13,181,27,225,21,24,258,32,335,224,120,344,679
04/10/2001,PIE,FL,ASO,ES,Combined TRACON& Tower with Radar,21,14,98,6,139,6,15,175,16,212,27,29,273,22,351,286,8,294,645
04/11/2001,PIE,FL,ASO,ES,Combined TRACON& Tower with Radar,23,17,126,9,175,0,14,171,18,203,23,31,297,27,378,356,22,378,756
04/12/2001,PIE,FL,ASO,ES,Combined TRACON& Tower with Radar,24,18,126,9,177,0,7,225,30,262,24,25,351,39,439,292,28,320,759
04/13/2001,PIE,FL,ASO,ES,Combined TRACON& Tower with Radar,21,16,118,9,164,0,25,283,25,333,21,41,401,34,497,378,24,402,899
04/14/2001,PIE,FL,ASO,ES,Combined TRACON& Tower with Radar,16,11,79,5,111,0,7,223,6,236,16,18,302,11,347,290,0,290,637
04/15/2001,PIE,FL,ASO,ES,Combined TRACON& Tower with Radar,12,8,59,4,83,2,4,197,7,210,14,12,256,11,293,192,0,192,485
04/16/2001,PIE,FL,ASO,ES,Combined TRACON& Tower with Radar,20,12,91,6,129,0,10,167,14,191,20,22,258,20,320,260,0,260,580
04/17/2001,PIE,FL,ASO,ES,Combined TRACON& Tower with Radar,21,11,93,6,131,4,19,151,21,195,25,30,244,27,326,200,12,212,538
04/18/2001,PIE,FL,ASO,ES,Combined TRACON& Tower with Radar,21,12,91,6,130,3,1,138,48,190,24,13,229,54,320,248,20,268,588
04/19/2001,PIE,FL,ASO,ES,Combined TRACON& Tower with Radar,23,18,141,9,191,0,29,320,38,387,23,47,461,47,578,400,68,468,1046
04/20/2001,PIE,FL,ASO,ES,Combined TRACON& Tower with Radar,24,14,106,7,151,0,26,318,42,386,24,40,424,49,537,358,88,446,983
04/21/2001,PIE,FL,ASO,ES,Combined TRACON& Tower with Radar,16,9,70,4,99,3,4,219,9,235,19,13,289,13,334,240,22,262,596
04/22/2001,PIE,FL,ASO,ES,Combined TRACON& Tower with Radar,17,4,75,5,101,0,0,223,10,233,17,4,298,15,334,220,0,220,554
04/23/2001,PIE,FL,ASO,ES,Combined TRACON& Tower with Radar,17,10,76,5,108,5,4,186,13,208,22,14,262,18,316,204,8,212,528
04/24/2001,PIE,FL,ASO,ES,Combined TRACON& Tower with Radar,24,14,106,7,151,2,5,178,20,205,26,19,284,27,356,282,24,306,662
04/25/2001,PIE,FL,ASO,ES,Combined TRACON& Tower with Radar,20,12,88,6,126,5,2,153,13,173,25,14,241,19,299,304,4,308,607
04/26/2001,PIE,FL,ASO,ES,Combined TRACON& Tower with Radar,24,15,114,8,161,0,11,194,28,233,24,26,308,36,394,372,12,384,778
04/27/2001,PIE,FL,ASO,ES,Combined TRACON& Tower with Radar,21,12,95,6,134,0,18,244,32,294,21,30,339,38,428,298,32,330,758
04/28/2001,PIE,FL,ASO,ES,Combined TRACON& Tower with Radar,13,6,55,3,77,3,1,172,17,193,16,7,227,20,270,282,0,282,552
04/29/2001,PIE,FL,ASO,ES,Combined TRACON& Tower with Radar,15,9,65,5,94,1,6,184,8,199,16,15,249,13,293,234,0,234,527
04/30/2001,PIE,FL,ASO,ES,Combined TRACON& Tower with Radar,19,12,82,6,119,3,8,103,19,133,22,20,185,25,252,118,24,142,394
05/01/2001,PIE,FL,ASO,ES,Combined TRACON& Tower with Radar,17,10,83,8,118,9,13,131,8,161,26,23,214,16,279,176,0,176,455
05/02/2001,PIE,FL,ASO,ES,Combined TRACON& Tower with Radar,13,11,85,7,116,0,6,159,19,184,13,17,244,26,300,296,10,306,606
05/03/2001,PIE,FL,ASO,ES,Combined TRACON& Tower with Radar,24,15,120,11,170,0,20,163,18,201,24,35,283,29,371,292,30,322,693
05/04/2001,PIE,FL,ASO,ES,Combined TRACON& Tower with Radar,20,12,92,7,131,18,28,313,31,390,38,40,405,38,521,450,32,482,1003
05/05/2001,PIE,FL,ASO,ES,Combined TRACON& Tower with Radar,13,7,63,5,88,0,3,233,7,243,13,10,296,12,331,371,6,377,708
05/06/2001,PIE,FL,ASO,ES,Combined TRACON& Tower with Radar,12,9,61,5,87,4,16,224,17,261,16,25,285,22,348,278,0,278,626
05/07/2001,PIE,FL,ASO,ES,Combined TRACON& Tower with Radar,13,8,63,5,89,6,8,138,12,164,19,16,201,17,253,248,6,254,507
05/08/2001,PIE,FL,ASO,ES,Combined TRACON& Tower with Radar,4,4,18,1,27,21,7,255,25,308,25,11,273,26,335,222,58,280,615
05/09/2001,PIE,FL,ASO,ES,Combined TRACON& Tower with Radar,14,14,104,8,140,0,4,158,19,181,14,18,262,27,321,224,16,240,561
05/10/2001,PIE,FL,ASO,ES,Combined TRACON& Tower with Radar,20,13,101,9,143,4,24,239,14,281,24,37,340,23,424,374,8,382,806
05/11/2001,PIE,FL,ASO,ES,Combined TRACON& Tower with Radar,11,7,58,4,80,8,6,212,3,229,19,13,270,7,309,202,0,202,511
05/12/2001,PIE,FL,ASO,ES,Combined TRACON& Tower with Radar,14,9,68,5,96,2,10,289,13,314,16,19,357,18,410,352,4,356,766
05/13/2001,PIE,FL,ASO,ES,Combined TRACON& Tower with Radar,19,14,117,9,159,0,11,245,31,287,19,25,362,40,446,326,138,464,910
05/14/2001,PIE,FL,ASO,ES,Combined TRACON& Tower with Radar,17,11,87,7,122,1,2,197,23,223,18,13,284,30,345,270,24,294,639
05/15/2001,PIE,FL,ASO,ES,Combined TRACON& Tower with Radar,19,12,95,8,134,3,8,169,9,189,22,20,264,17,323,262,6,268,591
05/16/2001,PIE,FL,ASO,ES,Combined TRACON& Tower with Radar,21,13,105,8,147,5,2,168,28,203,26,15,273,36,350,336,76,412,762
05/17/2001,PIE,FL,ASO,ES,Combined TRACON& Tower with Radar,25,14,130,10,179,0,34,280,27,341,25,48,410,37,520,434,24,458,978
05/18/2001,PIE,FL,ASO,ES,Combined TRACON& Tower with Radar,20,11,98,8,137,1,24,299,23,347,21,35,397,31,484,394,20,414,898
05/19/2001,PIE,FL,ASO,ES,Combined TRACON& Tower with Radar,15,10,89,7,121,0,6,270,24,300,15,16,359,31,421,304,6,310,731
05/20/2001,PIE,FL,ASO,ES,Combined TRACON& Tower with Radar,17,10,87,6,120,0,1,230,9,240,17,11,317,15,360,222,0,222,582
05/21/2001,PIE,FL,ASO,ES,Combined TRACON& Tower with Radar,19,11,100,9,139,0,5,137,49,191,19,16,237,58,330,202,20,222,552
05/22/2001,PIE,FL,ASO,ES,Combined TRACON& Tower with Radar,24,14,123,10,171,0,2,143,19,164,24,16,266,29,335,212,40,252,587
05/23/2001,PIE,FL,ASO,ES,Combined TRACON& Tower with Radar,20,11,106,9,146,0,0,114,27,141,20,11,220,36,287,212,20,232,519
05/24/2001,PIE,FL,ASO,ES,Combined TRACON& Tower with Radar,18,15,137,11,181,0,13,212,38,263,18,28,349,49,444,346,14,360,804
05/25/2001,PIE,FL,ASO,ES,Combined TRACON& Tower with Radar,21,14,125,11,171,0,28,273,29,330,21,42,398,40,501,372,16,388,889
05/26/2001,PIE,FL,ASO,ES,Combined TRACON& Tower with Radar,16,8,79,6,109,0,7,190,9,206,16,15,269,15,315,332,4,336,651
05/27/2001,PIE,FL,ASO,ES,Combined TRACON& Tower with Radar,11,2,66,6,85,0,0,197,10,207,11,2,263,16,292,320,0,320,612
05/28/2001,PIE,FL,ASO,ES,Combined TRACON& Tower with Radar,13,9,105,9,136,0,0,175,0,175,13,9,280,9,311,366,0,366,677
05/29/2001,PIE,FL,ASO,ES,Combined TRACON& Tower with Radar,17,9,81,7,114,4,11,157,18,190,21,20,238,25,304,236,14,250,554
05/30/2001,PIE,FL,ASO,ES,Combined TRACON& Tower with Radar,20,15,117,9,161,0,11,203,41,255,20,26,320,50,416,348,42,390,806
05/31/2001,PIE,FL,ASO,ES,Combined TRACON& Tower with Radar,18,14,116,9,157,0,15,254,38,307,18,29,370,47,464,362,122,484,948
06/01/2001,PIE,FL,ASO,ES,Combined TRACON& Tower with Radar,15,12,90,9,126,5,7,114,28,154,20,19,204,37,280,186,14,200,480
06/02/2001,PIE,FL,ASO,ES,Combined TRACON& Tower with Radar,17,15,107,11,150,0,7,273,21,301,17,22,380,32,451,452,4,456,907
06/03/2001,PIE,FL,ASO,ES,Combined TRACON& Tower with Radar,14,12,92,9,127,0,7,236,0,243,14,19,328,9,370,354,0,354,724
06/04/2001,PIE,FL,ASO,ES,Combined TRACON& Tower with Radar,16,14,98,9,137,0,6,111,15,132,16,20,209,24,269,184,0,184,453
06/05/2001,PIE,FL,ASO,ES,Combined TRACON& Tower with Radar,16,16,112,11,155,0,2,119,23,144,16,18,231,34,299,226,14,240,539
06/06/2001,PIE,FL,ASO,ES,Combined TRACON& Tower with Radar,16,14,101,9,140,0,7,81,23,111,16,21,182,32,251,199,6,205,456
06/07/2001,PIE,FL,ASO,ES,Combined TRACON& Tower with Radar,14,13,98,9,134,0,15,201,39,255,14,28,299,48,389,372,114,486,875
06/08/2001,PIE,FL,ASO,ES,Combined TRACON& Tower with Radar,14,13,93,8,128,0,14,221,30,265,14,27,314,38,393,310,26,336,729
06/09/2001,PIE,FL,ASO,ES,Combined TRACON& Tower with Radar,14,1,90,7,112,1,0,179,0,180,15,1,269,7,292,370,0,370,662
06/10/2001,PIE,FL,ASO,ES,Combined TRACON& Tower with Radar,13,11,81,7,112,0,1,214,9,224,13,12,295,16,336,334,6,340,676
06/11/2001,PIE,FL,ASO,ES,Combined TRACON& Tower with Radar,13,12,86,8,119,0,9,131,13,153,13,21,217,21,272,206,38,244,516
06/12/2001,PIE,FL,ASO,ES,Combined TRACON& Tower with Radar,15,15,111,9,150,0,4,109,29,142,15,19,220,38,292,242,48,290,582
06/13/2001,PIE,FL,ASO,ES,Combined TRACON& Tower with Radar,16,13,97,8,134,1,5,141,16,163,17,18,238,24,297,292,34,326,623
06/14/2001,PIE,FL,ASO,ES,Combined TRACON& Tower with Radar,15,13,97,9,134,4,12,217,32,265,19,25,314,41,399,356,16,372,771
06/15/2001,PIE,FL,ASO,ES,Combined TRACON& Tower with Radar,15,15,110,10,150,0,24,260,34,318,15,39,370,44,468,398,26,424,892
06/16/2001,PIE,FL,ASO,ES,Combined TRACON& Tower with Radar,15,12,92,8,127,1,12,267,15,295,16,24,359,23,422,432,16,448,870
06/17/2001,PIE,FL,ASO,ES,Combined TRACON& Tower with Radar,11,9,68,5,93,1,3,242,11,257,12,12,310,16,350,452,0,452,802
06/18/2001,PIE,FL,ASO,ES,Combined TRACON& Tower with Radar,12,9,74,6,101,0,17,115,3,135,12,26,189,9,236,260,10,270,506
06/19/2001,PIE,FL,ASO,ES,Combined TRACON& Tower with Radar,15,15,117,10,157,0,4,158,16,178,15,19,275,26,335,194,20,214,549
06/20/2001,PIE,FL,ASO,ES,Combined TRACON& Tower with Radar,17,12,98,8,135,0,4,153,17,174,17,16,251,25,309,204,48,252,561
06/21/2001,PIE,FL,ASO,ES,Combined TRACON& Tower with Radar,14,11,83,8,116,3,14,204,28,249,17,25,287,36,365,288,4,292,657
06/22/2001,PIE,FL,ASO,ES,Combined TRACON& Tower with Radar,12,8,70,6,96,3,12,142,8,165,15,20,212,14,261,210,0,210,471
06/23/2001,PIE,FL,ASO,ES,Combined TRACON& Tower with Radar,8,6,45,4,63,8,1,57,7,73,16,7,102,11,136,42,2,44,180
06/24/2001,PIE,FL,ASO,ES,Combined TRACON& Tower with Radar,9,6,50,4,69,5,3,206,8,222,14,9,256,12,291,328,0,328,619
06/25/2001,PIE,FL,ASO,ES,Combined TRACON& Tower with Radar,14,11,91,8,124,0,9,209,21,239,14,20,300,29,363,260,40,300,663
06/26/2001,PIE,FL,ASO,ES,Combined TRACON& Tower with Radar,15,14,110,10,149,0,9,193,16,218,15,23,303,26,367,296,44,340,707
06/27/2001,PIE,FL,ASO,ES,Combined TRACON& Tower with Radar,17,12,97,9,135,0,4,86,36,126,17,16,183,45,261,202,64,266,527
06/28/2001,PIE,FL,ASO,ES,Combined TRACON& Tower with Radar,14,10,83,8,115,2,15,151,15,183,16,25,234,23,298,202,2,204,502
06/29/2001,PIE,FL,ASO,ES,Combined TRACON& Tower with Radar,12,14,103,9,138,0,10,127,11,148,12,24,230,20,286,222,0,222,508
06/30/2001,PIE,FL,ASO,ES,Combined TRACON& Tower with Radar,14,14,100,9,137,0,5,202,17,224,14,19,302,26,361,376,4,380,741
07/01/2001,PIE,FL,ASO,ES,Combined TRACON& Tower with Radar,11,7,68,6,92,1,3,120,4,128,12,10,188,10,220,226,0,226,446
07/02/2001,PIE,FL,ASO,ES,Combined TRACON& Tower with Radar,13,10,90,8,121,0,5,170,26,201,13,15,260,34,322,288,4,292,614
07/03/2001,PIE,FL,ASO,ES,Combined TRACON& Tower with Radar,12,9,80,6,107,2,12,149,17,180,14,21,229,23,287,308,8,316,603
07/04/2001,PIE,FL,ASO,ES,Combined TRACON& Tower with Radar,5,1,33,2,41,4,0,141,4,149,9,1,174,6,190,172,2,174,364
07/05/2001,PIE,FL,ASO,ES,Combined TRACON& Tower with Radar,14,10,88,7,119,1,10,135,6,152,15,20,223,13,271,250,16,266,537
07/06/2001,PIE,FL,ASO,ES,Combined TRACON& Tower with Radar,12,13,112,8,145,0,5,228,16,249,12,18,340,24,394,358,0,358,752
07/07/2001,PIE,FL,ASO,ES,Combined TRACON& Tower with Radar,12,5,81,6,104,1,0,161,4,166,13,5,242,10,270,382,2,384,654
07/08/2001,PIE,FL,ASO,ES,Combined TRACON& Tower with Radar,11,3,79,5,98,0,0,161,8,169,11,3,240,13,267,312,0,312,579
07/09/2001,PIE,FL,ASO,ES,Combined TRACON& Tower with Radar,11,8,71,6,96,1,7,79,12,99,12,15,150,18,195,262,20,282,477
07/10/2001,PIE,FL,ASO,ES,Combined TRACON& Tower with Radar,14,10,87,6,117,5,11,72,14,102,19,21,159,20,219,256,58,314,533
07/11/2001,PIE,FL,ASO,ES,Combined TRACON& Tower with Radar,12,9,79,6,106,3,6,71,18,98,15,15,150,24,204,138,32,170,374
07/12/2001,PIE,FL,ASO,ES,Combined TRACON& Tower with Radar,13,10,85,6,114,5,13,106,26,150,18,23,191,32,264,188,22,210,474
07/13/2001,PIE,FL,ASO,ES,Combined TRACON& Tower with Radar,14,11,93,7,125,0,7,85,19,111,14,18,178,26,236,176,44,220,456
07/14/2001,PIE,FL,ASO,ES,Combined TRACON& Tower with Radar,12,8,77,5,102,4,4,99,6,113,16,12,176,11,215,224,4,228,443
07/15/2001,PIE,FL,ASO,ES,Combined TRACON& Tower with Radar,10,9,89,6,114,0,3,160,4,167,10,12,249,10,281,254,4,258,539
07/16/2001,PIE,FL,ASO,ES,Combined TRACON& Tower with Radar,11,8,84,6,109,0,4,143,13,160,11,12,227,19,269,218,42,260,529
07/17/2001,PIE,FL,ASO,ES,Combined TRACON& Tower with Radar,20,12,120,9,161,1,2,81,14,98,21,14,201,23,259,146,48,194,453
07/18/2001,PIE,FL,ASO,ES,Combined TRACON& Tower with Radar,20,14,153,12,199,0,0,191,7,198,20,14,344,19,397,342,18,360,757
07/19/2001,PIE,FL,ASO,ES,Combined TRACON& Tower with Radar,15,9,91,7,122,2,5,181,26,214,17,14,272,33,336,258,32,290,626
07/20/2001,PIE,FL,ASO,ES,Combined TRACON& Tower with Radar,12,8,79,5,104,0,14,207,21,242,12,22,286,26,346,381,24,405,751
07/21/2001,PIE,FL,ASO,ES,Combined TRACON& Tower with Radar,14,1,82,6,103,1,0,127,4,132,15,1,209,10,235,216,0,216,451
07/22/2001,PIE,FL,ASO,ES,Combined TRACON& Tower with Radar,9,2,92,7,110,0,0,130,15,145,9,2,222,22,255,214,18,232,487
07/23/2001,PIE,FL,ASO,ES,Combined TRACON& Tower with Radar,8,5,48,4,65,4,4,0,12,20,12,9,48,16,85,16,0,16,101
07/24/2001,PIE,FL,ASO,ES,Combined TRACON& Tower with Radar,19,12,118,9,158,1,10,228,9,248,20,22,346,18,406,364,0,364,770
07/25/2001,PIE,FL,ASO,ES,Combined TRACON& Tower with Radar,16,11,97,8,132,0,1,117,25,143,16,12,214,33,275,170,36,206,481
07/26/2001,PIE,FL,ASO,ES,Combined TRACON& Tower with Radar,20,13,126,9,168,3,12,196,22,233,23,25,322,31,401,292,50,342,743
07/27/2001,PIE,FL,ASO,ES,Combined TRACON& Tower with Radar,12,12,107,8,139,0,4,222,18,244,12,16,329,26,383,462,4,466,849
07/28/2001,PIE,FL,ASO,ES,Combined TRACON& Tower with Radar,13,11,94,7,125,0,6,176,11,193,13,17,270,18,318,358,14,372,690
07/29/2001,PIE,FL,ASO,ES,Combined TRACON& Tower with Radar,11,9,78,6,104,0,8,171,3,182,11,17,249,9,286,300,0,300,586
07/30/2001,PIE,FL,ASO,ES,Combined TRACON& Tower with Radar,10,9,80,6,105,0,11,171,12,194,10,20,251,18,299,376,10,386,685
07/31/2001,PIE,FL,ASO,ES,Combined TRACON& Tower with Radar,15,10,86,6,117,2,11,116,19,148,17,21,202,25,265,280,14,294,559
08/01/2001,PIE,FL,ASO,ES,Combined TRACON& Tower with Radar,18,10,94,10,132,3,4,108,10,125,21,14,202,20,257,240,0,240,497
08/02/2001,PIE,FL,ASO,ES,Combined TRACON& Tower with Radar,15,8,80,6,109,3,15,27,0,45,18,23,107,6,154,70,0,70,224
08/03/2001,PIE,FL,ASO,ES,Combined TRACON& Tower with Radar,13,9,87,10,119,0,13,173,18,204,13,22,260,28,323,334,6,340,663
08/04/2001,PIE,FL,ASO,ES,Combined TRACON& Tower with Radar,14,9,82,8,113,0,8,171,11,190,14,17,253,19,303,304,4,308,611
08/05/2001,PIE,FL,ASO,ES,Combined TRACON& Tower with Radar,9,8,70,6,93,0,1,106,8,115,9,9,176,14,208,234,0,234,442
08/06/2001,PIE,FL,ASO,ES,Combined TRACON& Tower with Radar,13,10,87,9,119,0,8,171,16,195,13,18,258,25,314,366,46,412,726
08/07/2001,PIE,FL,ASO,ES,Combined TRACON& Tower with Radar,22,12,121,12,167,0,7,182,13,202,22,19,303,25,369,510,34,544,913
08/08/2001,PIE,FL,ASO,ES,Combined TRACON& Tower with Radar,11,7,63,6,87,9,5,163,19,196,20,12,226,25,283,432,6,438,721
08/09/2001,PIE,FL,ASO,ES,Combined TRACON& Tower with Radar,19,11,105,9,144,6,15,190,38,249,25,26,295,47,393,548,42,590,983
08/10/2001,PIE,FL,ASO,ES,Combined TRACON& Tower with Radar,14,10,103,9,136,0,17,213,18,248,14,27,316,27,384,416,6,422,806
08/11/2001,PIE,FL,ASO,ES,Combined TRACON& Tower with Radar,15,4,101,9,129,0,0,265,3,268,15,4,366,12,397,340,0,340,737
08/12/2001,PIE,FL,ASO,ES,Combined TRACON& Tower with Radar,9,6,68,6,89,0,0,213,0,213,9,6,281,6,302,264,1,265,567
08/13/2001,PIE,FL,ASO,ES,Combined TRACON& Tower with Radar,14,8,80,7,109,3,2,152,12,169,17,10,232,19,278,282,6,288,566
08/14/2001,PIE,FL,ASO,ES,Combined TRACON& Tower with Radar,18,9,96,9,132,3,9,148,27,187,21,18,244,36,319,186,6,192,511
08/15/2001,PIE,FL,ASO,ES,Combined TRACON& Tower with Radar,20,10,106,10,146,1,4,96,20,121,21,14,202,30,267,262,68,330,597
08/16/2001,PIE,FL,ASO,ES,Combined TRACON& Tower with Radar,22,11,117,11,161,1,12,192,51,256,23,23,309,62,417,276,30,306,723
08/17/2001,PIE,FL,ASO,ES,Combined TRACON& Tower with Radar,14,8,89,8,119,0,23,256,20,299,14,31,345,28,418,354,6,360,778
08/18/2001,PIE,FL,ASO,ES,Combined TRACON& Tower with Radar,11,7,75,6,99,0,1,165,5,171,11,8,240,11,270,230,0,230,500
08/19/2001,PIE,FL,ASO,ES,Combined TRACON& Tower with Radar,11,6,76,6,99,0,0,164,12,176,11,6,240,18,275,248,0,248,523
08/20/2001,PIE,FL,ASO,ES,Combined TRACON& Tower with Radar,13,5,68,6,92,0,15,174,12,201,13,20,242,18,293,256,4,260,553
08/21/2001,PIE,FL,ASO,ES,Combined TRACON& Tower with Radar,14,6,71,6,97,5,6,180,27,218,19,12,251,33,315,326,0,326,641
08/22/2001,PIE,FL,ASO,ES,Combined TRACON& Tower with Radar,15,7,75,6,103,2,0,154,26,182,17,7,229,32,285,372,36,408,693
08/23/2001,PIE,FL,ASO,ES,Combined TRACON& Tower with Radar,20,9,103,10,142,2,16,218,26,262,22,25,321,36,404,362,36,398,802
08/24/2001,PIE,FL,ASO,ES,Combined TRACON& Tower with Radar,14,8,90,9,121,0,21,235,37,293,14,29,325,46,414,338,78,416,830
08/25/2001,PIE,FL,ASO,ES,Combined TRACON& Tower with Radar,15,7,78,7,107,1,3,233,18,255,16,10,311,25,362,390,4,394,756
08/26/2001,PIE,FL,ASO,ES,Combined TRACON& Tower with Radar,10,4,49,4,67,3,6,187,7,203,13,10,236,11,270,304,4,308,578
08/27/2001,PIE,FL,ASO,ES,Combined TRACON& Tower with Radar,13,8,87,8,116,0,5,154,9,168,13,13,241,17,284,282,54,336,620
08/28/2001,PIE,FL,ASO,ES,Combined TRACON& Tower with Radar,19,9,100,9,137,1,13,201,25,240,20,22,301,34,377,303,34,337,714
08/29/2001,PIE,FL,ASO,ES,Combined TRACON& Tower with Radar,17,9,88,9,123,1,13,152,15,181,18,22,240,24,304,320,28,348,652
08/30/2001,PIE,FL,ASO,ES,Combined TRACON& Tower with Radar,18,9,91,9,127,5,18,186,19,228,23,27,277,28,355,316,12,328,683
08/31/2001,PIE,FL,ASO,ES,Combined TRACON& Tower with Radar,15,13,125,12,165,0,14,268,23,305,15,27,393,35,470,426,4,430,900
09/01/2001,PIE,FL,ASO,ES,Combined TRACON& Tower with Radar,9,7,68,7,91,6,2,165,4,177,15,9,233,11,268,285,0,285,553
09/02/2001,PIE,FL,ASO,ES,Combined TRACON& Tower with Radar,7,2,49,5,63,3,0,151,4,158,10,2,200,9,221,218,4,222,443
09/03/2001,PIE,FL,ASO,ES,Combined TRACON& Tower with Radar,10,7,75,8,100,0,0,155,0,155,10,7,230,8,255,258,0,258,513
09/04/2001,PIE,FL,ASO,ES,Combined TRACON& Tower with Radar,13,10,92,9,124,6,0,78,21,105,19,10,170,30,229,214,2,216,445
09/05/2001,PIE,FL,ASO,ES,Combined TRACON& Tower with Radar,11,9,80,8,108,13,16,163,22,214,24,25,243,30,322,220,0,220,542
09/06/2001,PIE,FL,ASO,ES,Combined TRACON& Tower with Radar,14,11,99,10,134,5,10,128,19,162,19,21,227,29,296,254,28,282,578
09/07/2001,PIE,FL,ASO,ES,Combined TRACON& Tower with Radar,13,13,122,12,160,0,6,192,11,209,13,19,314,23,369,440,16,456,825
09/08/2001,PIE,FL,ASO,ES,Combined TRACON& Tower with Radar,10,8,72,7,97,5,2,218,2,227,15,10,290,9,324,380,0,380,704
09/09/2001,PIE,FL,ASO,ES,Combined TRACON& Tower with Radar,10,7,70,7,94,7,8,79,13,107,17,15,149,20,201,230,12,242,443
09/10/2001,PIE,FL,ASO,ES,Combined TRACON& Tower with Radar,13,10,90,9,122,4,6,105,36,151,17,16,195,45,273,172,96,268,541
09/11/2001,PIE,FL,ASO,ES,Combined TRACON& Tower with Radar,3,3,27,2,35,3,3,12,6,24,6,6,39,8,59,66,0,66,125
09/12/2001,PIE,FL,ASO,ES,Combined TRACON& Tower with Radar,0,0,0,0,0,0,3,0,9,12,0,3,0,9,12,0,0,0,12
09/13/2001,PIE,FL,ASO,ES,Combined TRACON& Tower with Radar,2,1,3,1,7,2,11,0,5,18,4,12,3,6,25,0,0,0,25
09/14/2001,PIE,FL,ASO,ES,Combined TRACON& Tower with Radar,4,3,4,3,14,5,14,0,14,33,9,17,4,17,47,0,0,0,47
09/15/2001,PIE,FL,ASO,ES,Combined TRACON& Tower with Radar,6,5,38,5,54,9,3,0,1,13,15,8,38,6,67,0,0,0,67
09/16/2001,PIE,FL,ASO,ES,Combined TRACON& Tower with Radar,12,7,78,2,99,0,0,5,0,5,12,7,83,2,104,0,0,0,104
09/17/2001,PIE,FL,ASO,ES,Combined TRACON& Tower with Radar,17,14,128,15,174,0,1,8,0,9,17,15,136,15,183,14,58,72,255
09/18/2001,PIE,FL,ASO,ES,Combined TRACON& Tower with Radar,19,12,152,17,200,0,0,53,11,64,19,12,205,28,264,6,21,27,291
09/19/2001,PIE,FL,ASO,ES,Combined TRACON& Tower with Radar,21,18,188,21,248,0,0,0,8,8,21,18,188,29,256,16,62,78,334
09/20/2001,PIE,FL,ASO,ES,Combined TRACON& Tower with Radar,19,14,122,15,170,0,6,0,9,15,19,20,122,24,185,20,18,38,223
09/21/2001,PIE,FL,ASO,ES,Combined TRACON& Tower with Radar,13,17,151,17,198,0,6,0,15,21,13,23,151,32,219,36,22,58,277
09/22/2001,PIE,FL,ASO,ES,Combined TRACON& Tower with Radar,12,8,73,9,102,1,0,74,0,75,13,8,147,9,177,118,0,118,295
09/23/2001,PIE,FL,ASO,ES,Combined TRACON& Tower with Radar,12,13,139,10,174,0,0,53,0,53,12,13,192,10,227,168,4,172,399
09/24/2001,PIE,FL,ASO,ES,Combined TRACON& Tower with Radar,12,11,120,14,157,0,0,66,27,93,12,11,186,41,250,118,60,178,428
09/25/2001,PIE,FL,ASO,ES,Combined TRACON& Tower with Radar,21,18,158,18,215,0,2,54,3,59,21,20,212,21,274,248,16,264,538
09/26/2001,PIE,FL,ASO,ES,Combined TRACON& Tower with Radar,17,12,124,14,167,0,0,36,25,61,17,12,160,39,228,168,106,274,502
09/27/2001,PIE,FL,ASO,ES,Combined TRACON& Tower with Radar,19,8,145,16,188,0,0,43,23,66,19,8,188,39,254,128,58,186,440
09/28/2001,PIE,FL,ASO,ES,Combined TRACON& Tower with Radar,17,15,138,16,186,0,9,73,13,95,17,24,211,29,281,200,42,242,523
09/29/2001,PIE,FL,ASO,ES,Combined TRACON& Tower with Radar,13,3,102,9,127,0,0,121,0,121,13,3,223,9,248,208,0,208,456
09/30/2001,PIE,FL,ASO,ES,Combined TRACON& Tower with Radar,8,9,86,9,112,0,2,95,0,97,8,11,181,9,209,156,0,156,365
10/01/2001,PIE,FL,ASO,ES,Combined TRACON& Tower with Radar,12,7,97,8,124,3,0,87,10,100,15,7,184,18,224,150,12,162,386
10/02/2001,PIE,FL,ASO,ES,Combined TRACON& Tower with Radar,14,13,108,8,143,6,6,114,23,149,20,19,222,31,292,326,6,332,624
10/03/2001,PIE,FL,ASO,ES,Combined TRACON& Tower with Radar,16,19,150,11,196,0,0,55,15,70,16,19,205,26,266,200,10,210,476
10/04/2001,PIE,FL,ASO,ES,Combined TRACON& Tower with Radar,16,16,126,10,168,5,21,155,20,201,21,37,281,30,369,278,20,298,667
10/05/2001,PIE,FL,ASO,ES,Combined TRACON& Tower with Radar,15,20,161,12,208,0,11,163,25,199,15,31,324,37,407,302,6,308,715
10/06/2001,PIE,FL,ASO,ES,Combined TRACON& Tower with Radar,12,16,125,7,160,0,5,151,0,156,12,21,276,7,316,302,0,302,618
10/07/2001,PIE,FL,ASO,ES,Combined TRACON& Tower with Radar,10,7,94,7,118,0,0,112,9,121,10,7,206,16,239,232,0,232,471
10/08/2001,PIE,FL,ASO,ES,Combined TRACON& Tower with Radar,12,13,100,7,132,0,14,45,16,75,12,27,145,23,207,100,0,100,307
10/09/2001,PIE,FL,ASO,ES,Combined TRACON& Tower with Radar,15,14,114,9,152,3,10,112,30,155,18,24,226,39,307,288,58,346,653
10/10/2001,PIE,FL,ASO,ES,Combined TRACON& Tower with Radar,18,17,139,11,185,4,2,66,19,91,22,19,205,30,276,142,64,206,482
10/11/2001,PIE,FL,ASO,ES,Combined TRACON& Tower with Radar,18,17,136,11,182,5,4,137,13,159,23,21,273,24,341,320,18,338,679
10/12/2001,PIE,FL,ASO,ES,Combined TRACON& Tower with Radar,18,19,151,11,199,0,11,209,42,262,18,30,360,53,461,276,62,338,799
10/13/2001,PIE,FL,ASO,ES,Combined TRACON& Tower with Radar,12,18,145,12,187,0,6,206,19,231,12,24,351,31,418,400,6,406,824
10/14/2001,PIE,FL,ASO,ES,Combined TRACON& Tower with Radar,12,14,109,8,143,0,3,98,10,111,12,17,207,18,254,220,8,228,482
10/15/2001,PIE,FL,ASO,ES,Combined TRACON& Tower with Radar,11,11,104,9,135,0,0,98,16,114,11,11,202,25,249,246,8,254,503
10/16/2001,PIE,FL,ASO,ES,Combined TRACON& Tower with Radar,15,11,113,9,148,7,0,77,12,96,22,11,190,21,244,284,40,324,568
10/17/2001,PIE,FL,ASO,ES,Combined TRACON& Tower with Radar,17,15,127,11,170,2,2,127,45,176,19,17,254,56,346,290,58,348,694
10/18/2001,PIE,FL,ASO,ES,Combined TRACON& Tower with Radar,16,14,116,9,155,4,31,248,32,315,20,45,364,41,470,298,42,340,810
10/19/2001,PIE,FL,ASO,ES,Combined TRACON& Tower with Radar,14,12,101,8,135,0,19,261,34,314,14,31,362,42,449,390,34,424,873
10/20/2001,PIE,FL,ASO,ES,Combined TRACON& Tower with Radar,13,11,96,8,128,0,7,127,9,143,13,18,223,17,271,242,20,262,533
10/21/2001,PIE,FL,ASO,ES,Combined TRACON& Tower with Radar,11,9,80,6,106,0,5,140,11,156,11,14,220,17,262,232,4,236,498
10/22/2001,PIE,FL,ASO,ES,Combined TRACON& Tower with Radar,12,15,130,11,168,0,5,64,33,102,12,20,194,44,270,194,62,256,526
10/23/2001,PIE,FL,ASO,ES,Combined TRACON& Tower with Radar,18,16,134,10,178,0,3,120,25,148,18,19,254,35,326,262,90,352,678
10/24/2001,PIE,FL,ASO,ES,Combined TRACON& Tower with Radar,20,17,152,12,201,0,0,115,18,133,20,17,267,30,334,272,82,354,688
10/25/2001,PIE,FL,ASO,ES,Combined TRACON& Tower with Radar,21,18,155,13,207,0,9,159,29,197,21,27,314,42,404,420,36,456,860
10/26/2001,PIE,FL,ASO,ES,Combined TRACON& Tower with Radar,16,18,155,13,202,0,17,179,41,237,16,35,334,54,439,270,38,308,747
10/27/2001,PIE,FL,ASO,ES,Combined TRACON& Tower with Radar,11,9,82,7,109,2,9,147,4,162,13,18,229,11,271,184,0,184,455
10/28/2001,PIE,FL,ASO,ES,Combined TRACON& Tower with Radar,11,9,76,6,102,0,2,133,15,150,11,11,209,21,252,228,6,234,486
10/29/2001,PIE,FL,ASO,ES,Combined TRACON& Tower with Radar,11,11,99,7,128,0,5,119,26,150,11,16,218,33,278,222,48,270,548
10/30/2001,PIE,FL,ASO,ES,Combined TRACON& Tower with Radar,17,15,126,10,168,2,1,154,20,177,19,16,280,30,345,220,48,268,613
10/31/2001,PIE,FL,ASO,ES,Combined TRACON& Tower with Radar,17,11,123,10,161,1,0,113,12,126,18,11,236,22,287,310,42,352,639
11/01/2001,PIE,FL,ASO,ES,Combined TRACON& Tower with Radar,17,18,124,9,168,3,11,177,16,207,20,29,301,25,375,308,69,377,752
11/02/2001,PIE,FL,ASO,ES,Combined TRACON& Tower with Radar,14,15,105,8,142,3,22,204,29,258,17,37,309,37,400,306,26,332,732
11/03/2001,PIE,FL,ASO,ES,Combined TRACON& Tower with Radar,12,13,92,7,124,0,7,228,20,255,12,20,320,27,379,364,32,396,775
11/04/2001,PIE,FL,ASO,ES,Combined TRACON& Tower with Radar,8,8,61,4,81,3,7,163,15,188,11,15,224,19,269,248,0,248,517
11/05/2001,PIE,FL,ASO,ES,Combined TRACON& Tower with Radar,11,12,83,5,111,5,2,72,22,101,16,14,155,27,212,150,24,174,386
11/06/2001,PIE,FL,ASO,ES,Combined TRACON& Tower with Radar,17,17,122,8,164,10,2,122,31,165,27,19,244,39,329,286,24,310,639
11/07/2001,PIE,FL,ASO,ES,Combined TRACON& Tower with Radar,18,18,130,9,175,0,1,164,27,192,18,19,294,36,367,350,48,398,765
11/08/2001,PIE,FL,ASO,ES,Combined TRACON& Tower with Radar,18,18,133,9,178,4,12,172,8,196,22,30,305,17,374,312,32,344,718
11/09/2001,PIE,FL,ASO,ES,Combined TRACON& Tower with Radar,16,18,130,9,173,0,8,192,24,224,16,26,322,33,397,320,36,356,753
11/10/2001,PIE,FL,ASO,ES,Combined TRACON& Tower with Radar,9,11,80,6,106,0,7,217,21,245,9,18,297,27,351,390,6,396,747
11/11/2001,PIE,FL,ASO,ES,Combined TRACON& Tower with Radar,9,10,73,5,97,0,4,177,13,194,9,14,250,18,291,318,12,330,621
11/12/2001,PIE,FL,ASO,ES,Combined TRACON& Tower with Radar,13,10,109,6,138,0,0,121,0,121,13,10,230,6,259,304,0,304,563
11/13/2001,PIE,FL,ASO,ES,Combined TRACON& Tower with Radar,19,18,141,10,188,1,0,98,23,122,20,18,239,33,310,228,22,250,560
11/14/2001,PIE,FL,ASO,ES,Combined TRACON& Tower with Radar,18,19,142,10,189,0,8,39,22,69,18,27,181,32,258,131,64,195,453
11/15/2001,PIE,FL,ASO,ES,Combined TRACON& Tower with Radar,20,21,167,10,218,0,24,174,52,250,20,45,341,62,468,338,84,422,890
11/16/2001,PIE,FL,ASO,ES,Combined TRACON& Tower with Radar,13,15,122,7,157,0,20,151,35,206,13,35,273,42,363,268,86,354,717
11/17/2001,PIE,FL,ASO,ES,Combined TRACON& Tower with Radar,8,10,74,3,95,0,11,227,29,267,8,21,301,32,362,472,12,484,846
11/18/2001,PIE,FL,ASO,ES,Combined TRACON& Tower with Radar,8,10,77,6,101,0,11,184,11,206,8,21,261,17,307,238,0,238,545
11/19/2001,PIE,FL,ASO,ES,Combined TRACON& Tower with Radar,15,15,116,8,154,0,3,115,13,131,15,18,231,21,285,232,2,234,519
11/20/2001,PIE,FL,ASO,ES,Combined TRACON& Tower with Radar,19,18,135,9,181,4,3,109,16,132,23,21,244,25,313,328,6,334,647
11/21/2001,PIE,FL,ASO,ES,Combined TRACON& Tower with Radar,16,13,111,7,147,4,0,176,17,197,20,13,287,24,344,278,28,306,650
11/22/2001,PIE,FL,ASO,ES,Combined TRACON& Tower with Radar,7,6,49,4,66,2,5,144,16,167,9,11,193,20,233,188,4,192,425
11/23/2001,PIE,FL,ASO,ES,Combined TRACON& Tower with Radar,11,18,133,9,171,0,8,241,13,262,11,26,374,22,433,386,0,386,819
11/24/2001,PIE,FL,ASO,ES,Combined TRACON& Tower with Radar,9,16,119,7,151,0,7,168,18,193,9,23,287,25,344,270,8,278,622
11/25/2001,PIE,FL,ASO,ES,Combined TRACON& Tower with Radar,8,11,102,7,128,0,0,180,3,183,8,11,282,10,311,280,0,280,591
11/26/2001,PIE,FL,ASO,ES,Combined TRACON& Tower with Radar,14,12,95,7,128,0,1,147,18,166,14,13,242,25,294,338,12,350,644
11/27/2001,PIE,FL,ASO,ES,Combined TRACON& Tower with Radar,21,20,142,9,192,3,0,190,31,224,24,20,332,40,416,262,32,294,710
11/28/2001,PIE,FL,ASO,ES,Combined TRACON& Tower with Radar,19,19,132,10,180,3,4,132,20,159,22,23,264,30,339,300,8,308,647
11/29/2001,PIE,FL,ASO,ES,Combined TRACON& Tower with Radar,20,19,135,9,183,3,16,235,27,281,23,35,370,36,464,384,10,394,858
11/30/2001,PIE,FL,ASO,ES,Combined TRACON& Tower with Radar,18,18,131,9,176,0,5,225,23,253,18,23,356,32,429,350,56,406,835
12/01/2001,PIE,FL,ASO,ES,Combined TRACON& Tower with Radar,7,10,65,6,88,0,3,249,18,270,7,13,314,24,358,362,13,375,733
12/02/2001,PIE,FL,ASO,ES,Combined TRACON& Tower with Radar,7,10,62,6,85,0,6,158,6,170,7,16,220,12,255,284,0,284,539
12/03/2001,PIE,FL,ASO,ES,Combined TRACON& Tower with Radar,15,14,92,9,130,0,13,132,19,164,15,27,224,28,294,216,8,224,518
12/04/2001,PIE,FL,ASO,ES,Combined TRACON& Tower with Radar,23,15,109,10,157,3,0,145,18,166,26,15,254,28,323,280,18,298,621
12/05/2001,PIE,FL,ASO,ES,Combined TRACON& Tower with Radar,23,17,112,10,162,0,11,134,26,171,23,28,246,36,333,284,28,312,645
12/06/2001,PIE,FL,ASO,ES,Combined TRACON& Tower with Radar,21,18,123,11,173,0,1,187,23,211,21,19,310,34,384,322,22,344,728
12/07/2001,PIE,FL,ASO,ES,Combined TRACON& Tower with Radar,14,18,121,11,164,0,19,178,22,219,14,37,299,33,383,342,2,344,727
12/08/2001,PIE,FL,ASO,ES,Combined TRACON& Tower with Radar,9,13,106,9,137,0,0,139,26,165,9,13,245,35,302,156,0,156,458
12/09/2001,PIE,FL,ASO,ES,Combined TRACON& Tower with Radar,7,10,90,7,114,0,0,118,4,122,7,10,208,11,236,190,0,190,426
12/10/2001,PIE,FL,ASO,ES,Combined TRACON& Tower with Radar,13,18,127,11,169,0,0,116,23,139,13,18,243,34,308,212,44,256,564
12/11/2001,PIE,FL,ASO,ES,Combined TRACON& Tower with Radar,22,16,107,9,154,3,4,163,38,208,25,20,270,47,362,272,16,288,650
12/12/2001,PIE,FL,ASO,ES,Combined TRACON& Tower with Radar,22,18,129,11,180,0,4,105,22,131,22,22,234,33,311,192,60,252,563
12/13/2001,PIE,FL,ASO,ES,Combined TRACON& Tower with Radar,25,16,123,11,175,4,0,195,36,235,29,16,318,47,410,268,46,314,724
12/14/2001,PIE,FL,ASO,ES,Combined TRACON& Tower with Radar,24,19,126,11,180,0,17,181,34,232,24,36,307,45,412,298,44,342,754
12/15/2001,PIE,FL,ASO,ES,Combined TRACON& Tower with Radar,17,12,79,7,115,4,11,237,25,277,21,23,316,32,392,348,28,376,768
12/16/2001,PIE,FL,ASO,ES,Combined TRACON& Tower with Radar,13,13,92,8,126,0,4,151,15,170,13,17,243,23,296,198,14,212,508
12/17/2001,PIE,FL,ASO,ES,Combined TRACON& Tower with Radar,20,13,91,7,131,2,3,113,20,138,22,16,204,27,269,284,42,326,595
12/18/2001,PIE,FL,ASO,ES,Combined TRACON& Tower with Radar,23,15,108,9,155,10,10,133,13,166,33,25,241,22,321,266,2,268,589
12/19/2001,PIE,FL,ASO,ES,Combined TRACON& Tower with Radar,20,12,93,8,133,5,5,119,12,141,25,17,212,20,274,308,22,330,604
12/20/2001,PIE,FL,ASO,ES,Combined TRACON& Tower with Radar,21,14,96,8,139,12,17,236,17,282,33,31,332,25,421,344,8,352,773
12/21/2001,PIE,FL,ASO,ES,Combined TRACON& Tower with Radar,23,18,123,11,175,0,17,222,27,266,23,35,345,38,441,344,32,376,817
12/22/2001,PIE,FL,ASO,ES,Combined TRACON& Tower with Radar,17,10,75,6,108,7,9,230,20,266,24,19,305,26,374,232,30,262,636
12/23/2001,PIE,FL,ASO,ES,Combined TRACON& Tower with Radar,16,10,73,6,105,2,2,176,14,194,18,12,249,20,299,246,18,264,563
12/24/2001,PIE,FL,ASO,ES,Combined TRACON& Tower with Radar,10,6,46,2,64,8,9,40,0,57,18,15,86,2,121,88,10,98,219
12/25/2001,PIE,FL,ASO,ES,Combined TRACON& Tower with Radar,6,0,25,2,33,4,0,27,1,32,10,0,52,3,65,10,0,10,75
12/26/2001,PIE,FL,ASO,ES,Combined TRACON& Tower with Radar,19,12,87,7,125,0,32,165,16,213,19,44,252,23,338,206,6,212,550
12/27/2001,PIE,FL,ASO,ES,Combined TRACON& Tower with Radar,24,16,110,9,159,9,10,243,24,286,33,26,353,33,445,218,12,230,675
12/28/2001,PIE,FL,ASO,ES,Combined TRACON& Tower with Radar,17,12,77,7,113,3,6,189,7,205,20,18,266,14,318,258,16,274,592
12/29/2001,PIE,FL,ASO,ES,Combined TRACON& Tower with Radar,15,11,68,5,99,8,9,241,9,267,23,20,309,14,366,336,14,350,716
12/30/2001,PIE,FL,ASO,ES,Combined TRACON& Tower with Radar,16,11,71,6,104,1,3,188,14,206,17,14,259,20,310,304,0,304,614
12/31/2001,PIE,FL,ASO,ES,Combined TRACON& Tower with Radar,12,8,53,4,77,6,7,100,0,113,18,15,153,4,190,150,0,150,340
01/01/2002,PIE,FL,ASO,ES,Combined TRACON& Tower with Radar,14,11,60,0,85,8,0,110,0,118,22,11,170,0,203,203,124,327,530
01/02/2002,PIE,FL,ASO,ES,Combined TRACON& Tower with Radar,17,14,72,10,113,3,7,68,1,79,20,21,140,11,192,92,0,92,284
01/03/2002,PIE,FL,ASO,ES,Combined TRACON& Tower with Radar,20,15,81,6,122,10,6,32,0,48,30,21,113,6,170,170,6,176,346
01/04/2002,PIE,FL,ASO,ES,Combined TRACON& Tower with Radar,19,18,106,13,156,0,0,193,13,206,19,18,299,26,362,237,4,241,603
01/05/2002,PIE,FL,ASO,ES,Combined TRACON& Tower with Radar,18,14,74,9,115,2,1,164,2,169,20,15,238,11,284,288,10,298,582
01/06/2002,PIE,FL,ASO,ES,Combined TRACON& Tower with Radar,15,13,64,7,99,1,2,91,7,101,16,15,155,14,200,76,14,90,290
01/07/2002,PIE,FL,ASO,ES,Combined TRACON& Tower with Radar,19,15,78,10,122,0,4,70,24,98,19,19,148,34,220,72,8,80,300
01/08/2002,PIE,FL,ASO,ES,Combined TRACON& Tower with Radar,20,13,85,11,129,5,0,175,16,196,25,13,260,27,325,220,118,338,663
01/09/2002,PIE,FL,ASO,ES,Combined TRACON& Tower with Radar,21,17,91,11,140,1,0,199,14,214,22,17,290,25,354,224,122,346,700
01/10/2002,PIE,FL,ASO,ES,Combined TRACON& Tower with Radar,26,21,108,13,168,2,26,191,47,266,28,47,299,60,434,298,132,430,864
01/11/2002,PIE,FL,ASO,ES,Combined TRACON& Tower with Radar,18,20,105,12,155,0,24,183,44,251,18,44,288,56,406,358,86,444,850
01/12/2002,PIE,FL,ASO,ES,Combined TRACON& Tower with Radar,18,18,96,11,143,0,5,228,16,249,18,23,324,27,392,336,54,390,782
01/13/2002,PIE,FL,ASO,ES,Combined TRACON& Tower with Radar,14,13,71,8,106,0,7,199,15,221,14,20,270,23,327,228,0,228,555
01/14/2002,PIE,FL,ASO,ES,Combined TRACON& Tower with Radar,17,17,89,11,134,0,1,13,12,26,17,18,102,23,160,30,14,44,204
01/15/2002,PIE,FL,ASO,ES,Combined TRACON& Tower with Radar,25,18,101,13,157,4,1,89,4,98,29,19,190,17,255,126,60,186,441
01/16/2002,PIE,FL,ASO,ES,Combined TRACON& Tower with Radar,19,17,95,12,143,0,0,184,26,210,19,17,279,38,353,288,60,348,701
01/17/2002,PIE,FL,ASO,ES,Combined TRACON& Tower with Radar,29,22,122,15,188,0,15,94,22,131,29,37,216,37,319,118,52,170,489
01/18/2002,PIE,FL,ASO,ES,Combined TRACON& Tower with Radar,13,16,87,10,126,0,29,319,52,400,13,45,406,62,526,404,82,486,1012
01/19/2002,PIE,FL,ASO,ES,Combined TRACON& Tower with Radar,14,10,57,7,88,5,16,215,22,258,19,26,272,29,346,290,52,342,688
01/20/2002,PIE,FL,ASO,ES,Combined TRACON& Tower with Radar,12,13,78,10,113,0,0,129,14,143,12,13,207,24,256,222,2,224,480
01/21/2002,PIE,FL,ASO,ES,Combined TRACON& Tower with Radar,18,13,87,10,128,0,0,59,6,65,18,13,146,16,193,114,36,150,343
01/22/2002,PIE,FL,ASO,ES,Combined TRACON& Tower with Radar,21,11,85,10,127,17,0,11,7,35,38,11,96,17,162,72,52,124,286
01/23/2002,PIE,FL,ASO,ES,Combined TRACON& Tower with Radar,22,20,110,14,166,0,6,184,28,218,22,26,294,42,384,260,98,358,742
01/24/2002,PIE,FL,ASO,ES,Combined TRACON& Tower with Radar,21,17,83,10,131,8,22,219,34,283,29,39,302,44,414,288,106,394,808
01/25/2002,PIE,FL,ASO,ES,Combined TRACON& Tower with Radar,19,25,129,16,189,0,12,173,38,223,19,37,302,54,412,290,140,430,842
01/26/2002,PIE,FL,ASO,ES,Combined TRACON& Tower with Radar,18,13,70,8,109,2,13,232,22,269,20,26,302,30,378,440,32,472,850
01/27/2002,PIE,FL,ASO,ES,Combined TRACON& Tower with Radar,16,9,76,8,109,0,0,46,0,46,16,9,122,8,155,84,30,114,269
01/28/2002,PIE,FL,ASO,ES,Combined TRACON& Tower with Radar,17,17,90,11,135,0,22,90,20,132,17,39,180,31,267,188,94,282,549
01/29/2002,PIE,FL,ASO,ES,Combined TRACON& Tower with Radar,19,15,76,10,120,3,10,153,20,186,22,25,229,30,306,270,92,362,668
01/30/2002,PIE,FL,ASO,ES,Combined TRACON& Tower with Radar,27,19,113,14,173,0,0,153,8,161,27,19,266,22,334,308,43,351,685
01/31/2002,PIE,FL,ASO,ES,Combined TRACON& Tower with Radar,29,22,115,14,180,7,6,184,31,228,36,28,299,45,408,254,52,306,714
02/01/2002,PIE,FL,ASO,ES,Combined TRACON& Tower with Radar,20,16,87,8,131,0,11,282,27,320,20,27,369,35,451,340,42,382,833
02/02/2002,PIE,FL,ASO,ES,Combined TRACON& Tower with Radar,21,10,99,8,138,0,0,187,16,203,21,10,286,24,341,274,4,278,619
02/03/2002,PIE,FL,ASO,ES,Combined TRACON& Tower with Radar,17,11,62,5,95,1,2,203,20,226,18,13,265,25,321,280,18,298,619
02/04/2002,PIE,FL,ASO,ES,Combined TRACON& Tower with Radar,21,13,76,6,116,0,8,132,15,155,21,21,208,21,271,176,12,188,459
02/05/2002,PIE,FL,ASO,ES,Combined TRACON& Tower with Radar,23,15,84,7,129,0,6,187,16,209,23,21,271,23,338,286,61,347,685
02/06/2002,PIE,FL,ASO,ES,Combined TRACON& Tower with Radar,24,16,88,8,136,4,7,124,22,157,28,23,212,30,293,162,46,208,501
02/07/2002,PIE,FL,ASO,ES,Combined TRACON& Tower with Radar,24,16,88,8,136,9,3,24,16,52,33,19,112,24,188,68,8,76,264
02/08/2002,PIE,FL,ASO,ES,Combined TRACON& Tower with Radar,22,18,101,9,150,0,9,242,33,284,22,27,343,42,434,384,94,478,912
02/09/2002,PIE,FL,ASO,ES,Combined TRACON& Tower with Radar,22,15,81,6,124,1,1,225,4,231,23,16,306,10,355,306,0,306,661
02/10/2002,PIE,FL,ASO,ES,Combined TRACON& Tower with Radar,17,9,77,6,109,0,0,42,1,43,17,9,119,7,152,88,0,88,240
02/11/2002,PIE,FL,ASO,ES,Combined TRACON& Tower with Radar,23,17,91,8,139,0,3,121,11,135,23,20,212,19,274,280,0,280,554
02/12/2002,PIE,FL,ASO,ES,Combined TRACON& Tower with Radar,27,17,98,8,150,1,0,201,18,220,28,17,299,26,370,326,104,430,800
02/13/2002,PIE,FL,ASO,ES,Combined TRACON& Tower with Radar,26,19,103,9,157,0,2,128,23,153,26,21,231,32,310,316,32,348,658
02/14/2002,PIE,FL,ASO,ES,Combined TRACON& Tower with Radar,29,19,106,9,163,3,9,184,17,213,32,28,290,26,376,336,6,342,718
02/15/2002,PIE,FL,ASO,ES,Combined TRACON& Tower with Radar,24,21,116,9,170,0,8,233,37,278,24,29,349,46,448,332,36,368,816
02/16/2002,PIE,FL,ASO,ES,Combined TRACON& Tower with Radar,25,17,92,9,143,3,11,242,32,288,28,28,334,41,431,400,36,436,867
02/17/2002,PIE,FL,ASO,ES,Combined TRACON& Tower with Radar,16,12,76,6,110,0,5,256,12,273,16,17,332,18,383,242,22,264,647
02/18/2002,PIE,FL,ASO,ES,Combined TRACON& Tower with Radar,20,15,88,8,131,0,0,165,2,167,20,15,253,10,298,304,6,310,608
02/19/2002,PIE,FL,ASO,ES,Combined TRACON& Tower with Radar,28,17,100,9,154,1,6,205,15,227,29,23,305,24,381,228,8,236,617
02/20/2002,PIE,FL,ASO,ES,Combined TRACON& Tower with Radar,25,15,94,8,142,0,10,171,29,210,25,25,265,37,352,246,40,286,638
02/21/2002,PIE,FL,ASO,ES,Combined TRACON& Tower with Radar,30,20,116,11,177,0,2,136,8,146,30,22,252,19,323,390,8,398,721
02/22/2002,PIE,FL,ASO,ES,Combined TRACON& Tower with Radar,25,15,87,7,134,5,5,20,11,41,30,20,107,18,175,76,36,112,287
02/23/2002,PIE,FL,ASO,ES,Combined TRACON& Tower with Radar,16,10,52,5,83,8,1,0,5,14,24,11,52,10,97,6,0,6,103
02/24/2002,PIE,FL,ASO,ES,Combined TRACON& Tower with Radar,16,18,102,9,145,0,21,249,10,280,16,39,351,19,425,308,38,346,771
02/25/2002,PIE,FL,ASO,ES,Combined TRACON& Tower with Radar,20,12,70,7,109,2,4,200,16,222,22,16,270,23,331,340,40,380,711
02/26/2002,PIE,FL,ASO,ES,Combined TRACON& Tower with Radar,23,14,79,6,122,4,8,191,32,235,27,22,270,38,357,308,8,316,673
02/27/2002,PIE,FL,ASO,ES,Combined TRACON& Tower with Radar,20,13,68,7,108,5,0,84,18,107,25,13,152,25,215,84,22,106,321
02/28/2002,PIE,FL,ASO,ES,Combined TRACON& Tower with Radar,25,16,85,7,133,12,17,249,34,312,37,33,334,41,445,285,46,331,776
03/01/2002,PIE,FL,ASO,ES,Combined TRACON& Tower with Radar,20,13,86,8,127,2,32,232,22,288,22,45,318,30,415,230,34,264,679
03/02/2002,PIE,FL,ASO,ES,Combined TRACON& Tower with Radar,14,10,63,6,93,8,15,88,8,119,22,25,151,14,212,58,0,58,270
03/03/2002,PIE,FL,ASO,ES,Combined TRACON& Tower with Radar,17,11,72,8,108,0,9,58,6,73,17,20,130,14,181,64,66,130,311
03/04/2002,PIE,FL,ASO,ES,Combined TRACON& Tower with Radar,19,13,88,9,129,0,10,86,24,120,19,23,174,33,249,86,12,98,347
03/05/2002,PIE,FL,ASO,ES,Combined TRACON& Tower with Radar,21,14,93,10,138,10,8,186,28,232,31,22,279,38,370,180,42,222,592
03/06/2002,PIE,FL,ASO,ES,Combined TRACON& Tower with Radar,19,12,83,7,121,8,2,148,26,184,27,14,231,33,305,168,7,175,480
03/07/2002,PIE,FL,ASO,ES,Combined TRACON& Tower with Radar,25,16,108,10,159,7,13,192,29,241,32,29,300,39,400,298,6,304,704
03/08/2002,PIE,FL,ASO,ES,Combined TRACON& Tower with Radar,22,15,97,9,143,1,19,222,30,272,23,34,319,39,415,162,6,168,583
03/09/2002,PIE,FL,ASO,ES,Combined TRACON& Tower with Radar,18,12,77,7,114,5,0,240,19,264,23,12,317,26,378,364,18,382,760
03/10/2002,PIE,FL,ASO,ES,Combined TRACON& Tower with Radar,15,10,67,7,99,2,3,224,19,248,17,13,291,26,347,258,4,262,609
03/11/2002,PIE,FL,ASO,ES,Combined TRACON& Tower with Radar,22,16,110,10,158,0,6,183,15,204,22,22,293,25,362,232,90,322,684
03/12/2002,PIE,FL,ASO,ES,Combined TRACON& Tower with Radar,27,18,121,12,178,1,13,129,19,162,28,31,250,31,340,158,14,172,512
03/13/2002,PIE,FL,ASO,ES,Combined TRACON& Tower with Radar,26,20,130,11,187,0,7,137,29,173,26,27,267,40,360,184,92,276,636
03/14/2002,PIE,FL,ASO,ES,Combined TRACON& Tower with Radar,31,21,144,13,209,0,15,250,16,281,31,36,394,29,490,348,20,368,858
03/15/2002,PIE,FL,ASO,ES,Combined TRACON& Tower with Radar,22,15,99,9,145,2,35,218,30,285,24,50,317,39,430,350,16,366,796
03/16/2002,PIE,FL,ASO,ES,Combined TRACON& Tower with Radar,16,11,74,7,108,6,6,267,38,317,22,17,341,45,425,296,124,420,845
03/17/2002,PIE,FL,ASO,ES,Combined TRACON& Tower with Radar,17,12,80,8,117,0,9,217,27,253,17,21,297,35,370,316,28,344,714
03/18/2002,PIE,FL,ASO,ES,Combined TRACON& Tower with Radar,24,14,118,10,166,0,0,207,35,242,24,14,325,45,408,274,90,364,772
03/19/2002,PIE,FL,ASO,ES,Combined TRACON& Tower with Radar,28,17,119,11,175,0,15,198,29,242,28,32,317,40,417,236,60,296,713
03/20/2002,PIE,FL,ASO,ES,Combined TRACON& Tower with Radar,28,17,117,10,172,6,5,141,36,188,34,22,258,46,360,268,20,288,648
03/21/2002,PIE,FL,ASO,ES,Combined TRACON& Tower with Radar,33,23,158,15,229,0,15,75,12,102,33,38,233,27,331,88,12,100,431
03/22/2002,PIE,FL,ASO,ES,Combined TRACON& Tower with Radar,22,19,134,12,187,0,30,220,35,285,22,49,354,47,472,404,26,430,902
03/23/2002,PIE,FL,ASO,ES,Combined TRACON& Tower with Radar,23,16,115,11,165,0,17,214,32,263,23,33,329,43,428,294,62,356,784
03/24/2002,PIE,FL,ASO,ES,Combined TRACON& Tower with Radar,16,15,103,9,143,0,4,192,20,216,16,19,295,29,359,224,24,248,607
03/25/2002,PIE,FL,ASO,ES,Combined TRACON& Tower with Radar,19,13,88,8,128,0,4,122,8,134,19,17,210,16,262,218,30,248,510
03/26/2002,PIE,FL,ASO,ES,Combined TRACON& Tower with Radar,28,14,116,10,168,0,0,132,7,139,28,14,248,17,307,164,24,188,495
03/27/2002,PIE,FL,ASO,ES,Combined TRACON& Tower with Radar,31,17,134,13,195,0,0,123,11,134,31,17,257,24,329,332,40,372,701
03/28/2002,PIE,FL,ASO,ES,Combined TRACON& Tower with Radar,31,20,143,12,206,0,2,216,0,218,31,22,359,12,424,236,2,238,662
03/29/2002,PIE,FL,ASO,ES,Combined TRACON& Tower with Radar,21,16,106,10,153,0,11,202,10,223,21,27,308,20,376,238,12,250,626
03/30/2002,PIE,FL,ASO,ES,Combined TRACON& Tower with Radar,23,18,116,10,167,0,0,268,9,277,23,18,384,19,444,368,28,396,840
03/31/2002,PIE,FL,ASO,ES,Combined TRACON& Tower with Radar,17,12,77,7,113,0,9,217,25,251,17,21,294,32,364,252,6,258,622
04/01/2002,PIE,FL,ASO,ES,Combined TRACON& Tower with Radar,22,9,122,14,167,0,0,122,9,131,22,9,244,23,298,166,0,166,464
04/02/2002,PIE,FL,ASO,ES,Combined TRACON& Tower with Radar,24,15,99,11,149,7,8,121,18,154,31,23,220,29,303,280,60,340,643
04/03/2002,PIE,FL,ASO,ES,Combined TRACON& Tower with Radar,18,11,74,7,110,13,3,8,19,43,31,14,82,26,153,66,40,106,259
04/04/2002,PIE,FL,ASO,ES,Combined TRACON& Tower with Radar,30,17,123,13,183,6,18,205,48,277,36,35,328,61,460,312,64,376,836
04/05/2002,PIE,FL,ASO,ES,Combined TRACON& Tower with Radar,23,18,121,13,175,0,9,172,51,232,23,27,293,64,407,286,128,414,821
04/06/2002,PIE,FL,ASO,ES,Combined TRACON& Tower with Radar,25,16,107,11,159,0,12,252,34,298,25,28,359,45,457,380,42,422,879
04/07/2002,PIE,FL,ASO,ES,Combined TRACON& Tower with Radar,17,11,77,9,114,0,1,202,17,220,17,12,279,26,334,226,22,248,582
04/08/2002,PIE,FL,ASO,ES,Combined TRACON& Tower with Radar,20,11,84,10,125,1,0,135,24,160,21,11,219,34,285,94,50,144,429
04/09/2002,PIE,FL,ASO,ES,Combined TRACON& Tower with Radar,24,15,99,10,148,6,1,177,44,228,30,16,276,54,376,208,46,254,630
04/10/2002,PIE,FL,ASO,ES,Combined TRACON& Tower with Radar,28,21,143,15,207,0,0,175,47,222,28,21,318,62,429,298,62,360,789
04/11/2002,PIE,FL,ASO,ES,Combined TRACON& Tower with Radar,32,19,131,15,197,1,9,159,22,191,33,28,290,37,388,198,84,282,670
04/12/2002,PIE,FL,ASO,ES,Combined TRACON& Tower with Radar,16,13,96,10,135,0,8,176,30,214,16,21,272,40,349,160,82,242,591
04/13/2002,PIE,FL,ASO,ES,Combined TRACON& Tower with Radar,19,7,79,9,114,3,0,148,15,166,22,7,227,24,280,192,0,192,472
04/14/2002,PIE,FL,ASO,ES,Combined TRACON& Tower with Radar,18,13,87,10,128,0,6,234,17,257,18,19,321,27,385,328,30,358,743
04/15/2002,PIE,FL,ASO,ES,Combined TRACON& Tower with Radar,20,16,112,12,160,0,3,168,26,197,20,19,280,38,357,300,50,350,707
04/16/2002,PIE,FL,ASO,ES,Combined TRACON& Tower with Radar,26,14,105,12,157,3,11,165,35,214,29,25,270,47,371,250,102,352,723
04/17/2002,PIE,FL,ASO,ES,Combined TRACON& Tower with Radar,28,15,110,12,165,0,2,145,44,191,28,17,255,56,356,248,156,404,760
04/18/2002,PIE,FL,ASO,ES,Combined TRACON& Tower with Radar,26,14,105,12,157,5,22,199,34,260,31,36,304,46,417,340,128,468,885
04/19/2002,PIE,FL,ASO,ES,Combined TRACON& Tower with Radar,25,15,110,12,162,0,17,258,27,302,25,32,368,39,464,270,58,328,792
04/20/2002,PIE,FL,ASO,ES,Combined TRACON& Tower with Radar,22,12,94,10,138,0,2,246,24,272,22,14,340,34,410,270,30,300,710
04/21/2002,PIE,FL,ASO,ES,Combined TRACON& Tower with Radar,15,10,72,7,104,0,12,203,31,246,15,22,275,38,350,290,32,322,672
04/22/2002,PIE,FL,ASO,ES,Combined TRACON& Tower with Radar,20,10,77,9,116,6,2,165,19,192,26,12,242,28,308,172,52,224,532
04/23/2002,PIE,FL,ASO,ES,Combined TRACON& Tower with Radar,31,14,156,16,217,0,0,91,17,108,31,14,247,33,325,210,82,292,617
04/24/2002,PIE,FL,ASO,ES,Combined TRACON& Tower with Radar,25,13,99,10,147,2,3,129,18,152,27,16,228,28,299,174,48,222,521
04/25/2002,PIE,FL,ASO,ES,Combined TRACON& Tower with Radar,25,14,100,10,149,10,12,202,24,248,35,26,302,34,397,342,46,388,785
04/26/2002,PIE,FL,ASO,ES,Combined TRACON& Tower with Radar,24,15,111,12,162,0,15,218,41,274,24,30,329,53,436,214,108,322,758
04/27/2002,PIE,FL,ASO,ES,Combined TRACON& Tower with Radar,26,17,116,12,171,0,6,239,29,274,26,23,355,41,445,306,50,356,801
04/28/2002,PIE,FL,ASO,ES,Combined TRACON& Tower with Radar,16,11,76,9,112,0,9,167,24,200,16,20,243,33,312,242,44,286,598
04/29/2002,PIE,FL,ASO,ES,Combined TRACON& Tower with Radar,23,13,91,9,136,2,7,160,21,190,25,20,251,30,326,194,24,218,544
04/30/2002,PIE,FL,ASO,ES,Combined TRACON& Tower with Radar,28,16,112,13,169,1,7,155,39,202,29,23,267,52,371,247,60,307,678
05/01/2002,PIE,FL,ASO,ES,Combined TRACON& Tower with Radar,24,17,131,14,186,1,14,144,17,176,25,31,275,31,362,174,56,230,592
05/02/2002,PIE,FL,ASO,ES,Combined TRACON& Tower with Radar,22,16,124,15,177,1,15,202,25,243,23,31,326,40,420,362,46,408,828
05/03/2002,PIE,FL,ASO,ES,Combined TRACON& Tower with Radar,16,13,105,12,146,0,14,221,24,259,16,27,326,36,405,252,34,286,691
05/04/2002,PIE,FL,ASO,ES,Combined TRACON& Tower with Radar,16,12,89,11,128,4,5,235,29,273,20,17,324,40,401,284,64,348,749
05/05/2002,PIE,FL,ASO,ES,Combined TRACON& Tower with Radar,15,11,86,9,121,0,4,166,18,188,15,15,252,27,309,140,0,140,449
05/06/2002,PIE,FL,ASO,ES,Combined TRACON& Tower with Radar,15,12,83,8,118,11,10,113,24,158,26,22,196,32,276,170,96,266,542
05/07/2002,PIE,FL,ASO,ES,Combined TRACON& Tower with Radar,18,12,125,14,169,0,0,172,9,181,18,12,297,23,350,268,12,280,630
05/08/2002,PIE,FL,ASO,ES,Combined TRACON& Tower with Radar,21,16,120,12,169,1,1,148,34,184,22,17,268,46,353,206,44,250,603
05/09/2002,PIE,FL,ASO,ES,Combined TRACON& Tower with Radar,23,16,132,13,184,0,8,258,59,325,23,24,390,72,509,338,52,390,899
05/10/2002,PIE,FL,ASO,ES,Combined TRACON& Tower with Radar,16,16,123,13,168,0,28,223,51,302,16,44,346,64,470,202,80,282,752
05/11/2002,PIE,FL,ASO,ES,Combined TRACON& Tower with Radar,14,10,81,8,113,3,6,199,19,227,17,16,280,27,340,254,26,280,620
05/12/2002,PIE,FL,ASO,ES,Combined TRACON& Tower with Radar,13,10,77,9,109,2,6,203,11,222,15,16,280,20,331,202,16,218,549
05/13/2002,PIE,FL,ASO,ES,Combined TRACON& Tower with Radar,20,17,133,13,183,0,4,163,43,210,20,21,296,56,393,172,76,248,641
05/14/2002,PIE,FL,ASO,ES,Combined TRACON& Tower with Radar,18,13,106,11,148,5,6,134,22,167,23,19,240,33,315,166,66,232,547
05/15/2002,PIE,FL,ASO,ES,Combined TRACON& Tower with Radar,19,13,108,11,151,4,13,144,25,186,23,26,252,36,337,256,62,318,655
05/16/2002,PIE,FL,ASO,ES,Combined TRACON& Tower with Radar,18,12,97,10,137,8,17,179,21,225,26,29,276,31,362,192,26,218,580
05/17/2002,PIE,FL,ASO,ES,Combined TRACON& Tower with Radar,19,19,150,15,203,0,16,231,52,299,19,35,381,67,502,332,112,444,946
05/18/2002,PIE,FL,ASO,ES,Combined TRACON& Tower with Radar,15,10,81,8,114,1,7,196,21,225,16,17,277,29,339,230,4,234,573
05/19/2002,PIE,FL,ASO,ES,Combined TRACON& Tower with Radar,12,9,74,7,102,0,4,48,13,65,12,13,122,20,167,54,6,60,227
05/20/2002,PIE,FL,ASO,ES,Combined TRACON& Tower with Radar,19,12,99,10,140,5,2,133,16,156,24,14,232,26,296,216,30,246,542
05/21/2002,PIE,FL,ASO,ES,Combined TRACON& Tower with Radar,17,11,89,9,126,2,0,131,39,172,19,11,220,48,298,210,60,270,568
05/22/2002,PIE,FL,ASO,ES,Combined TRACON& Tower with Radar,21,13,110,11,155,1,5,115,23,144,22,18,225,34,299,194,22,216,515
05/23/2002,PIE,FL,ASO,ES,Combined TRACON& Tower with Radar,26,18,141,15,200,0,6,242,31,279,26,24,383,46,479,376,52,428,907
05/24/2002,PIE,FL,ASO,ES,Combined TRACON& Tower with Radar,17,15,112,12,156,0,20,224,34,278,17,35,336,46,434,268,32,300,734
05/25/2002,PIE,FL,ASO,ES,Combined TRACON& Tower with Radar,17,8,90,10,125,1,0,193,18,212,18,8,283,28,337,254,20,274,611
05/26/2002,PIE,FL,ASO,ES,Combined TRACON& Tower with Radar,10,6,88,9,113,0,0,125,13,138,10,6,213,22,251,166,12,178,429
05/27/2002,PIE,FL,ASO,ES,Combined TRACON& Tower with Radar,14,7,72,8,101,2,0,133,4,139,16,7,205,12,240,148,2,150,390
05/28/2002,PIE,FL,ASO,ES,Combined TRACON& Tower with Radar,17,12,89,10,128,2,1,134,8,145,19,13,223,18,273,202,38,240,513
05/29/2002,PIE,FL,ASO,ES,Combined TRACON& Tower with Radar,21,18,138,14,191,0,7,156,34,197,21,25,294,48,388,184,82,266,654
05/30/2002,PIE,FL,ASO,ES,Combined TRACON& Tower with Radar,22,15,115,12,164,3,22,170,24,219,25,37,285,36,383,268,18,286,669
05/31/2002,PIE,FL,ASO,ES,Combined TRACON& Tower with Radar,13,18,144,15,190,0,15,212,38,265,13,33,356,53,455,230,10,240,695
06/01/2002,PIE,FL,ASO,ES,Combined TRACON& Tower with Radar,15,6,72,7,100,3,0,180,14,197,18,6,252,21,297,164,4,168,465
06/02/2002,PIE,FL,ASO,ES,Combined TRACON& Tower with Radar,14,8,73,7,102,0,1,179,22,202,14,9,252,29,304,244,34,278,582
06/03/2002,PIE,FL,ASO,ES,Combined TRACON& Tower with Radar,18,9,89,9,125,5,4,168,18,195,23,13,257,27,320,192,92,284,604
06/04/2002,PIE,FL,ASO,ES,Combined TRACON& Tower with Radar,21,11,109,10,151,0,0,178,18,196,21,11,287,28,347,138,34,172,519
06/05/2002,PIE,FL,ASO,ES,Combined TRACON& Tower with Radar,25,13,123,12,173,1,1,108,16,126,26,14,231,28,299,92,58,150,449
06/06/2002,PIE,FL,ASO,ES,Combined TRACON& Tower with Radar,27,14,130,12,183,2,1,143,29,175,29,15,273,41,358,161,70,231,589
06/07/2002,PIE,FL,ASO,ES,Combined TRACON& Tower with Radar,16,11,107,10,144,0,14,223,39,276,16,25,330,49,420,266,50,316,736
06/08/2002,PIE,FL,ASO,ES,Combined TRACON& Tower with Radar,14,8,71,6,99,5,10,156,23,194,19,18,227,29,293,238,8,246,539
06/09/2002,PIE,FL,ASO,ES,Combined TRACON& Tower with Radar,14,9,85,8,116,0,19,207,20,246,14,28,292,28,362,240,12,252,614
06/10/2002,PIE,FL,ASO,ES,Combined TRACON& Tower with Radar,21,11,104,10,146,1,6,143,17,167,22,17,247,27,313,152,58,210,523
06/11/2002,PIE,FL,ASO,ES,Combined TRACON& Tower with Radar,18,9,88,8,123,3,2,155,26,186,21,11,243,34,309,176,2,178,487
06/12/2002,PIE,FL,ASO,ES,Combined TRACON& Tower with Radar,21,9,104,9,143,2,0,128,27,157,23,9,232,36,300,196,78,274,574
06/13/2002,PIE,FL,ASO,ES,Combined TRACON& Tower with Radar,19,10,97,8,134,1,19,171,26,217,20,29,268,34,351,294,42,336,687
06/14/2002,PIE,FL,ASO,ES,Combined TRACON& Tower with Radar,16,10,99,8,133,0,9,164,52,225,16,19,263,60,358,276,60,336,694
06/15/2002,PIE,FL,ASO,ES,Combined TRACON& Tower with Radar,17,8,81,7,113,1,7,177,42,227,18,15,258,49,340,194,24,218,558
06/16/2002,PIE,FL,ASO,ES,Combined TRACON& Tower with Radar,12,7,79,7,105,0,4,103,20,127,12,11,182,27,232,190,4,194,426
06/17/2002,PIE,FL,ASO,ES,Combined TRACON& Tower with Radar,17,7,78,4,106,5,1,48,0,54,22,8,126,4,160,66,0,66,226
06/18/2002,PIE,FL,ASO,ES,Combined TRACON& Tower with Radar,17,7,79,7,110,4,2,61,9,76,21,9,140,16,186,164,20,184,370
06/19/2002,PIE,FL,ASO,ES,Combined TRACON& Tower with Radar,20,8,93,8,129,2,2,83,36,123,22,10,176,44,252,138,104,242,494
06/20/2002,PIE,FL,ASO,ES,Combined TRACON& Tower with Radar,22,14,142,12,190,0,9,128,24,161,22,23,270,36,351,230,50,280,631
06/21/2002,PIE,FL,ASO,ES,Combined TRACON& Tower with Radar,14,10,107,10,141,0,16,204,34,254,14,26,311,44,395,344,34,378,773
06/22/2002,PIE,FL,ASO,ES,Combined TRACON& Tower with Radar,17,8,86,8,119,0,7,124,11,142,17,15,210,19,261,124,72,196,457
06/23/2002,PIE,FL,ASO,ES,Combined TRACON& Tower with Radar,12,8,81,7,108,0,8,125,16,149,12,16,206,23,257,158,4,162,419
06/24/2002,PIE,FL,ASO,ES,Combined TRACON& Tower with Radar,21,9,96,8,134,1,2,84,14,101,22,11,180,22,235,136,66,202,437
06/25/2002,PIE,FL,ASO,ES,Combined TRACON& Tower with Radar,18,8,88,8,122,0,4,85,18,107,18,12,173,26,229,122,54,176,405
06/26/2002,PIE,FL,ASO,ES,Combined TRACON& Tower with Radar,22,11,112,10,155,0,0,115,27,142,22,11,227,37,297,148,76,224,521
06/27/2002,PIE,FL,ASO,ES,Combined TRACON& Tower with Radar,20,10,93,8,131,7,8,178,21,214,27,18,271,29,345,272,48,320,665
06/28/2002,PIE,FL,ASO,ES,Combined TRACON& Tower with Radar,17,11,99,9,136,0,12,165,20,197,17,23,264,29,333,180,0,180,513
06/29/2002,PIE,FL,ASO,ES,Combined TRACON& Tower with Radar,16,7,72,6,101,3,0,177,13,193,19,7,249,19,294,234,0,234,528
06/30/2002,PIE,FL,ASO,ES,Combined TRACON& Tower with Radar,13,6,58,5,82,4,6,86,8,104,17,12,144,13,186,78,0,78,264
07/01/2002,PIE,FL,ASO,ES,Combined TRACON& Tower with Radar,21,9,97,11,138,0,9,70,9,88,21,18,167,20,226,110,74,184,410
07/02/2002,PIE,FL,ASO,ES,Combined TRACON& Tower with Radar,21,11,131,14,177,0,1,132,10,143,21,12,263,24,320,260,0,260,580
07/03/2002,PIE,FL,ASO,ES,Combined TRACON& Tower with Radar,19,10,104,11,144,0,7,164,18,189,19,17,268,29,333,288,24,312,645
07/04/2002,PIE,FL,ASO,ES,Combined TRACON& Tower with Radar,14,6,71,8,99,0,0,95,2,97,14,6,166,10,196,156,22,178,374
07/05/2002,PIE,FL,ASO,ES,Combined TRACON& Tower with Radar,15,6,68,8,97,1,5,97,6,109,16,11,165,14,206,140,18,158,364
07/06/2002,PIE,FL,ASO,ES,Combined TRACON& Tower with Radar,11,5,52,5,73,8,9,152,15,184,19,14,204,20,257,272,20,292,549
07/07/2002,PIE,FL,ASO,ES,Combined TRACON& Tower with Radar,11,5,60,6,82,0,2,140,8,150,11,7,200,14,232,172,4,176,408
07/08/2002,PIE,FL,ASO,ES,Combined TRACON& Tower with Radar,16,7,72,7,102,4,0,115,8,127,20,7,187,15,229,183,36,219,448
07/09/2002,PIE,FL,ASO,ES,Combined TRACON& Tower with Radar,19,8,90,9,126,0,14,107,38,159,19,22,197,47,285,182,30,212,497
07/10/2002,PIE,FL,ASO,ES,Combined TRACON& Tower with Radar,28,13,134,13,188,0,2,101,27,130,28,15,235,40,318,234,14,248,566
07/11/2002,PIE,FL,ASO,ES,Combined TRACON& Tower with Radar,20,9,94,9,132,3,0,89,16,108,23,9,183,25,240,146,12,158,398
07/12/2002,PIE,FL,ASO,ES,Combined TRACON& Tower with Radar,15,7,77,7,106,0,4,60,15,79,15,11,137,22,185,78,22,100,285
07/13/2002,PIE,FL,ASO,ES,Combined TRACON& Tower with Radar,10,3,48,4,65,6,0,6,6,18,16,3,54,10,83,83,6,89,172
07/14/2002,PIE,FL,ASO,ES,Combined TRACON& Tower with Radar,18,7,81,8,114,4,6,157,14,181,22,13,238,22,295,274,0,274,569
07/15/2002,PIE,FL,ASO,ES,Combined TRACON& Tower with Radar,21,9,96,9,135,3,2,207,23,235,24,11,303,32,370,180,88,268,638
07/16/2002,PIE,FL,ASO,ES,Combined TRACON& Tower with Radar,23,9,102,10,144,0,0,179,37,216,23,9,281,47,360,248,110,358,718
07/17/2002,PIE,FL,ASO,ES,Combined TRACON& Tower with Radar,19,7,83,8,117,0,2,164,18,184,19,9,247,26,301,172,74,246,547
07/18/2002,PIE,FL,ASO,ES,Combined TRACON& Tower with Radar,23,9,99,10,141,4,4,103,13,124,27,13,202,23,265,104,60,164,429
07/19/2002,PIE,FL,ASO,ES,Combined TRACON& Tower with Radar,18,8,97,9,132,0,2,120,21,143,18,10,217,30,275,168,14,182,457
07/20/2002,PIE,FL,ASO,ES,Combined TRACON& Tower with Radar,15,5,66,6,92,2,0,168,7,177,17,5,234,13,269,220,18,238,507
07/21/2002,PIE,FL,ASO,ES,Combined TRACON& Tower with Radar,13,5,54,6,78,2,2,93,7,104,15,7,147,13,182,120,8,128,310
07/22/2002,PIE,FL,ASO,ES,Combined TRACON& Tower with Radar,16,6,66,8,96,2,1,116,23,142,18,7,182,31,238,170,26,196,434
07/23/2002,PIE,FL,ASO,ES,Combined TRACON& Tower with Radar,21,8,115,12,156,0,0,185,10,195,21,8,300,22,351,232,34,266,617
07/24/2002,PIE,FL,ASO,ES,Combined TRACON& Tower with Radar,20,9,96,11,136,0,1,153,21,175,20,10,249,32,311,168,18,186,497
07/25/2002,PIE,FL,ASO,ES,Combined TRACON& Tower with Radar,19,8,86,9,122,3,0,122,18,143,22,8,208,27,265,158,70,228,493
07/26/2002,PIE,FL,ASO,ES,Combined TRACON& Tower with Radar,16,9,96,10,131,0,15,209,26,250,16,24,305,36,381,176,34,210,591
07/27/2002,PIE,FL,ASO,ES,Combined TRACON& Tower with Radar,16,6,68,8,98,2,3,187,18,210,18,9,255,26,308,188,18,206,514
07/28/2002,PIE,FL,ASO,ES,Combined TRACON& Tower with Radar,13,10,106,12,141,0,1,166,12,179,13,11,272,24,320,252,22,274,594
07/29/2002,PIE,FL,ASO,ES,Combined TRACON& Tower with Radar,20,8,86,10,124,0,3,132,9,144,20,11,218,19,268,208,42,250,518
07/30/2002,PIE,FL,ASO,ES,Combined TRACON& Tower with Radar,22,9,96,11,138,0,3,221,23,247,22,12,317,34,385,310,46,356,741
07/31/2002,PIE,FL,ASO,ES,Combined TRACON& Tower with Radar,24,9,106,11,150,4,4,194,12,214,28,13,300,23,364,214,94,308,672
08/01/2002,PIE,FL,ASO,ES,Combined TRACON& Tower with Radar,27,13,119,14,173,0,7,162,28,197,27,20,281,42,370,270,32,302,672
08/02/2002,PIE,FL,ASO,ES,Combined TRACON& Tower with Radar,21,10,87,4,122,1,15,153,0,169,22,25,240,4,291,210,0,210,501
08/03/2002,PIE,FL,ASO,ES,Combined TRACON& Tower with Radar,16,7,71,8,102,0,4,82,3,89,16,11,153,11,191,190,20,210,401
08/04/2002,PIE,FL,ASO,ES,Combined TRACON& Tower with Radar,13,8,77,9,107,0,1,175,9,185,13,9,252,18,292,224,0,224,516
08/05/2002,PIE,FL,ASO,ES,Combined TRACON& Tower with Radar,19,6,81,10,116,2,0,154,13,169,21,6,235,23,285,306,16,322,607
08/06/2002,PIE,FL,ASO,ES,Combined TRACON& Tower with Radar,21,10,97,11,139,0,7,119,12,138,21,17,216,23,277,186,22,208,485
08/07/2002,PIE,FL,ASO,ES,Combined TRACON& Tower with Radar,16,7,70,7,100,6,7,41,4,58,22,14,111,11,158,140,42,182,340
08/08/2002,PIE,FL,ASO,ES,Combined TRACON& Tower with Radar,23,10,95,10,138,0,16,207,41,264,23,26,302,51,402,232,54,286,688
08/09/2002,PIE,FL,ASO,ES,Combined TRACON& Tower with Radar,21,11,105,11,148,0,11,204,39,254,21,22,309,50,402,248,62,310,712
08/10/2002,PIE,FL,ASO,ES,Combined TRACON& Tower with Radar,21,8,88,9,126,2,0,190,14,206,23,8,278,23,332,255,20,275,607
08/11/2002,PIE,FL,ASO,ES,Combined TRACON& Tower with Radar,14,6,59,6,85,2,0,159,13,174,16,6,218,19,259,244,6,250,509
08/12/2002,PIE,FL,ASO,ES,Combined TRACON& Tower with Radar,25,10,135,14,184,0,0,118,14,132,25,10,253,28,316,262,26,288,604
08/13/2002,PIE,FL,ASO,ES,Combined TRACON& Tower with Radar,24,10,99,11,144,0,3,173,43,219,24,13,272,54,363,283,80,363,726
08/14/2002,PIE,FL,ASO,ES,Combined TRACON& Tower with Radar,19,8,82,9,118,0,3,132,26,161,19,11,214,35,279,128,0,128,407
08/15/2002,PIE,FL,ASO,ES,Combined TRACON& Tower with Radar,25,11,103,11,150,2,11,168,16,197,27,22,271,27,347,180,60,240,587
08/16/2002,PIE,FL,ASO,ES,Combined TRACON& Tower with Radar,23,11,110,12,156,0,12,237,47,296,23,23,347,59,452,280,92,372,824
08/17/2002,PIE,FL,ASO,ES,Combined TRACON& Tower with Radar,19,8,80,9,116,0,3,177,9,189,19,11,257,18,305,198,4,202,507
08/18/2002,PIE,FL,ASO,ES,Combined TRACON& Tower with Radar,14,5,54,6,79,2,6,208,2,218,16,11,262,8,297,240,2,242,539
08/19/2002,PIE,FL,ASO,ES,Combined TRACON& Tower with Radar,18,6,73,8,105,8,3,157,33,201,26,9,230,41,306,160,78,238,544
08/20/2002,PIE,FL,ASO,ES,Combined TRACON& Tower with Radar,26,10,110,12,158,0,1,123,20,144,26,11,233,32,302,216,92,308,610
08/21/2002,PIE,FL,ASO,ES,Combined TRACON& Tower with Radar,22,8,90,10,130,0,5,154,16,175,22,13,244,26,305,172,98,270,575
08/22/2002,PIE,FL,ASO,ES,Combined TRACON& Tower with Radar,23,9,89,10,131,0,2,152,33,187,23,11,241,43,318,180,40,220,538
08/23/2002,PIE,FL,ASO,ES,Combined TRACON& Tower with Radar,20,8,82,10,120,0,19,186,17,222,20,27,268,27,342,286,18,304,646
08/24/2002,PIE,FL,ASO,ES,Combined TRACON& Tower with Radar,17,6,65,8,96,4,0,216,11,231,21,6,281,19,327,314,4,318,645
08/25/2002,PIE,FL,ASO,ES,Combined TRACON& Tower with Radar,13,5,48,6,72,4,2,191,15,212,17,7,239,21,284,184,62,246,530
08/26/2002,PIE,FL,ASO,ES,Combined TRACON& Tower with Radar,21,8,81,10,120,0,1,120,10,131,21,9,201,20,251,152,38,190,441
08/27/2002,PIE,FL,ASO,ES,Combined TRACON& Tower with Radar,23,10,100,12,145,0,3,30,39,72,23,13,130,51,217,128,112,240,457
08/28/2002,PIE,FL,ASO,ES,Combined TRACON& Tower with Radar,19,8,76,9,112,0,7,65,18,90,19,15,141,27,202,76,48,124,326
08/29/2002,PIE,FL,ASO,ES,Combined TRACON& Tower with Radar,32,9,126,15,182,2,0,144,39,185,34,9,270,54,367,242,90,332,699
08/30/2002,PIE,FL,ASO,ES,Combined TRACON& Tower with Radar,20,11,102,12,145,0,2,115,15,132,20,13,217,27,277,94,58,152,429
08/31/2002,PIE,FL,ASO,ES,Combined TRACON& Tower with Radar,19,5,74,9,107,0,0,125,6,131,19,5,199,15,238,200,46,246,484
09/01/2002,PIE,FL,ASO,ES,Combined TRACON& Tower with Radar,13,6,53,10,82,3,0,70,2,75,16,6,123,12,157,94,16,110,267
09/02/2002,PIE,FL,ASO,ES,Combined TRACON& Tower with Radar,18,9,82,15,124,0,0,117,6,123,18,9,199,21,247,130,24,154,401
09/03/2002,PIE,FL,ASO,ES,Combined TRACON& Tower with Radar,17,7,73,13,110,2,0,193,20,215,19,7,266,33,325,276,26,302,627
09/04/2002,PIE,FL,ASO,ES,Combined TRACON& Tower with Radar,13,7,57,10,87,11,0,168,16,195,24,7,225,26,282,198,64,262,544
09/05/2002,PIE,FL,ASO,ES,Combined TRACON& Tower with Radar,17,9,72,13,111,10,18,50,15,93,27,27,122,28,204,90,44,134,338
09/06/2002,PIE,FL,ASO,ES,Combined TRACON& Tower with Radar,21,11,89,16,137,2,4,178,23,207,23,15,267,39,344,198,2,200,544
09/07/2002,PIE,FL,ASO,ES,Combined TRACON& Tower with Radar,16,8,67,12,103,3,0,177,29,209,19,8,244,41,312,236,20,256,568
09/08/2002,PIE,FL,ASO,ES,Combined TRACON& Tower with Radar,14,8,61,10,93,6,4,182,17,209,20,12,243,27,302,236,4,240,542
09/09/2002,PIE,FL,ASO,ES,Combined TRACON& Tower with Radar,17,9,76,11,113,5,5,156,15,181,22,14,232,26,294,128,8,136,430
09/10/2002,PIE,FL,ASO,ES,Combined TRACON& Tower with Radar,20,7,85,14,126,2,0,148,16,166,22,7,233,30,292,238,148,386,678
09/11/2002,PIE,FL,ASO,ES,Combined TRACON& Tower with Radar,13,7,56,9,85,4,2,16,22,44,17,9,72,31,129,30,40,70,199
09/12/2002,PIE,FL,ASO,ES,Combined TRACON& Tower with Radar,21,12,91,15,139,7,9,52,8,76,28,21,143,23,215,44,8,52,267
09/13/2002,PIE,FL,ASO,ES,Combined TRACON& Tower with Radar,20,11,86,14,131,0,3,59,13,75,20,14,145,27,206,156,60,216,422
09/14/2002,PIE,FL,ASO,ES,Combined TRACON& Tower with Radar,13,7,60,10,90,0,1,156,11,168,13,8,216,21,258,174,56,230,488
09/15/2002,PIE,FL,ASO,ES,Combined TRACON& Tower with Radar,15,9,68,11,103,0,0,144,10,154,15,9,212,21,257,174,10,184,441
09/16/2002,PIE,FL,ASO,ES,Combined TRACON& Tower with Radar,22,13,120,20,175,0,0,189,19,208,22,13,309,39,383,200,46,246,629
09/17/2002,PIE,FL,ASO,ES,Combined TRACON& Tower with Radar,19,11,95,16,141,0,0,138,20,158,19,11,233,36,299,200,44,244,543
09/18/2002,PIE,FL,ASO,ES,Combined TRACON& Tower with Radar,19,14,113,19,165,0,12,146,6,164,19,26,259,25,329,158,26,184,513
09/19/2002,PIE,FL,ASO,ES,Combined TRACON& Tower with Radar,22,11,95,16,144,0,5,170,28,203,22,16,265,44,347,210,100,310,657
09/20/2002,PIE,FL,ASO,ES,Combined TRACON& Tower with Radar,17,13,102,17,149,0,5,174,42,221,17,18,276,59,370,204,46,250,620
09/21/2002,PIE,FL,ASO,ES,Combined TRACON& Tower with Radar,15,6,59,10,90,1,1,207,3,212,16,7,266,13,302,264,36,300,602
09/22/2002,PIE,FL,ASO,ES,Combined TRACON& Tower with Radar,7,8,63,10,88,0,4,173,10,187,7,12,236,20,275,176,42,218,493
09/23/2002,PIE,FL,ASO,ES,Combined TRACON& Tower with Radar,17,10,73,12,112,0,28,119,7,154,17,38,192,19,266,98,20,118,384
09/24/2002,PIE,FL,ASO,ES,Combined TRACON& Tower with Radar,18,12,94,16,140,0,2,110,13,125,18,14,204,29,265,120,49,169,434
09/25/2002,PIE,FL,ASO,ES,Combined TRACON& Tower with Radar,21,13,103,18,155,0,0,158,13,171,21,13,261,31,326,126,54,180,506
09/26/2002,PIE,FL,ASO,ES,Combined TRACON& Tower with Radar,19,14,104,18,155,0,13,68,22,103,19,27,172,40,258,64,58,122,380
09/27/2002,PIE,FL,ASO,ES,Combined TRACON& Tower with Radar,26,14,104,19,163,1,6,191,25,223,27,20,295,44,386,174,58,232,618
09/28/2002,PIE,FL,ASO,ES,Combined TRACON& Tower with Radar,11,5,43,8,67,1,0,185,8,194,12,5,228,16,261,242,0,242,503
09/29/2002,PIE,FL,ASO,ES,Combined TRACON& Tower with Radar,12,8,55,10,85,0,3,180,7,190,12,11,235,17,275,128,4,132,407
09/30/2002,PIE,FL,ASO,ES,Combined TRACON& Tower with Radar,14,12,89,16,131,0,2,88,25,115,14,14,177,41,246,154,84,238,484
10/01/2002,PIE,FL,ASO,ES,Combined TRACON& Tower with Radar,15,5,93,12,125,3,0,173,15,191,18,5,266,27,316,198,52,250,566
10/02/2002,PIE,FL,ASO,ES,Combined TRACON& Tower with Radar,14,7,89,11,121,2,0,127,14,143,16,7,216,25,264,158,80,238,502
10/03/2002,PIE,FL,ASO,ES,Combined TRACON& Tower with Radar,16,9,94,13,132,5,4,207,3,219,21,13,301,16,351,180,18,198,549
10/04/2002,PIE,FL,ASO,ES,Combined TRACON& Tower with Radar,15,8,87,12,122,0,10,230,21,261,15,18,317,33,383,302,34,336,719
10/05/2002,PIE,FL,ASO,ES,Combined TRACON& Tower with Radar,9,5,52,7,73,5,1,243,12,261,14,6,295,19,334,248,0,248,582
10/06/2002,PIE,FL,ASO,ES,Combined TRACON& Tower with Radar,9,4,57,7,77,2,8,219,11,240,11,12,276,18,317,164,26,190,507
10/07/2002,PIE,FL,ASO,ES,Combined TRACON& Tower with Radar,16,6,97,12,131,0,0,170,27,197,16,6,267,39,328,78,84,162,490
10/08/2002,PIE,FL,ASO,ES,Combined TRACON& Tower with Radar,21,10,121,15,167,2,1,178,14,195,23,11,299,29,362,156,10,166,528
10/09/2002,PIE,FL,ASO,ES,Combined TRACON& Tower with Radar,17,9,110,13,149,0,2,187,14,203,17,11,297,27,352,172,2,174,526
10/10/2002,PIE,FL,ASO,ES,Combined TRACON& Tower with Radar,19,9,113,14,155,0,15,178,10,203,19,24,291,24,358,216,24,240,598
10/11/2002,PIE,FL,ASO,ES,Combined TRACON& Tower with Radar,20,10,126,16,172,0,5,230,12,247,20,15,356,28,419,256,8,264,683
10/12/2002,PIE,FL,ASO,ES,Combined TRACON& Tower with Radar,10,5,63,7,85,1,3,216,17,237,11,8,279,24,322,216,0,216,538
10/13/2002,PIE,FL,ASO,ES,Combined TRACON& Tower with Radar,10,4,57,7,78,2,13,225,6,246,12,17,282,13,324,188,2,190,514
10/14/2002,PIE,FL,ASO,ES,Combined TRACON& Tower with Radar,17,7,93,12,129,0,2,50,1,53,17,9,143,13,182,116,2,118,300
10/15/2002,PIE,FL,ASO,ES,Combined TRACON& Tower with Radar,18,9,103,13,143,0,1,36,47,84,18,10,139,60,227,64,68,132,359
10/16/2002,PIE,FL,ASO,ES,Combined TRACON& Tower with Radar,18,11,138,17,184,0,13,177,28,218,18,24,315,45,402,284,136,420,822
10/17/2002,PIE,FL,ASO,ES,Combined TRACON& Tower with Radar,18,9,100,12,139,2,8,209,27,246,20,17,309,39,385,190,62,252,637
10/18/2002,PIE,FL,ASO,ES,Combined TRACON& Tower with Radar,16,9,106,14,145,0,3,198,35,236,16,12,304,49,381,226,24,250,631
10/19/2002,PIE,FL,ASO,ES,Combined TRACON& Tower with Radar,9,5,49,7,70,2,5,260,14,281,11,10,309,21,351,166,6,172,523
10/20/2002,PIE,FL,ASO,ES,Combined TRACON& Tower with Radar,13,6,80,10,109,0,1,164,10,175,13,7,244,20,284,182,0,182,466
10/21/2002,PIE,FL,ASO,ES,Combined TRACON& Tower with Radar,15,7,82,11,115,3,5,160,17,185,18,12,242,28,300,170,68,238,538
10/22/2002,PIE,FL,ASO,ES,Combined TRACON& Tower with Radar,18,8,124,17,167,0,0,205,16,221,18,8,329,33,388,216,56,272,660
10/23/2002,PIE,FL,ASO,ES,Combined TRACON& Tower with Radar,19,10,124,17,170,0,2,80,29,111,19,12,204,46,281,164,60,224,505
10/24/2002,PIE,FL,ASO,ES,Combined TRACON& Tower with Radar,22,11,121,16,170,1,5,159,24,189,23,16,280,40,359,270,12,282,641
10/25/2002,PIE,FL,ASO,ES,Combined TRACON& Tower with Radar,19,11,142,19,191,0,6,202,50,258,19,17,344,69,449,252,76,328,777
10/26/2002,PIE,FL,ASO,ES,Combined TRACON& Tower with Radar,11,5,61,9,86,4,6,242,11,263,15,11,303,20,349,228,0,228,577
10/27/2002,PIE,FL,ASO,ES,Combined TRACON& Tower with Radar,13,6,67,9,95,1,0,157,23,181,14,6,224,32,276,150,20,170,446
10/28/2002,PIE,FL,ASO,ES,Combined TRACON& Tower with Radar,19,12,137,18,186,0,3,159,41,203,19,15,296,59,389,208,82,290,679
10/29/2002,PIE,FL,ASO,ES,Combined TRACON& Tower with Radar,20,10,118,16,164,0,3,155,20,178,20,13,273,36,342,206,36,242,584
10/30/2002,PIE,FL,ASO,ES,Combined TRACON& Tower with Radar,16,8,89,12,125,2,1,153,4,160,18,9,242,16,285,198,2,200,485
10/31/2002,PIE,FL,ASO,ES,Combined TRACON& Tower with Radar,21,10,118,16,165,1,14,120,8,143,22,24,238,24,308,284,14,298,606
11/01/2002,PIE,FL,ASO,ES,Combined TRACON& Tower with Radar,18,10,84,9,121,0,6,189,26,221,18,16,273,35,342,226,50,276,618
11/02/2002,PIE,FL,ASO,ES,Combined TRACON& Tower with Radar,14,8,60,7,89,3,0,246,17,266,17,8,306,24,355,248,0,248,603
11/03/2002,PIE,FL,ASO,ES,Combined TRACON& Tower with Radar,14,9,74,8,105,0,6,187,11,204,14,15,261,19,309,200,38,238,547
11/04/2002,PIE,FL,ASO,ES,Combined TRACON& Tower with Radar,20,11,95,9,135,0,0,166,51,217,20,11,261,60,352,192,58,250,602
11/05/2002,PIE,FL,ASO,ES,Combined TRACON& Tower with Radar,21,7,93,9,130,0,0,170,31,201,21,7,263,40,331,288,134,422,753
11/06/2002,PIE,FL,ASO,ES,Combined TRACON& Tower with Radar,15,6,68,7,96,4,0,60,17,81,19,6,128,24,177,48,88,136,313
11/07/2002,PIE,FL,ASO,ES,Combined TRACON& Tower with Radar,25,13,109,12,159,4,15,200,18,237,29,28,309,30,396,252,42,294,690
11/08/2002,PIE,FL,ASO,ES,Combined TRACON& Tower with Radar,22,15,121,13,171,0,5,249,22,276,22,20,370,35,447,382,26,408,855
11/09/2002,PIE,FL,ASO,ES,Combined TRACON& Tower with Radar,14,7,60,7,88,3,1,229,9,242,17,8,289,16,330,164,4,168,498
11/10/2002,PIE,FL,ASO,ES,Combined TRACON& Tower with Radar,15,8,67,7,97,1,4,205,12,222,16,12,272,19,319,226,0,226,545
11/11/2002,PIE,FL,ASO,ES,Combined TRACON& Tower with Radar,20,12,103,11,146,0,0,133,5,138,20,12,236,16,284,174,0,174,458
11/12/2002,PIE,FL,ASO,ES,Combined TRACON& Tower with Radar,20,11,86,9,126,6,2,96,12,116,26,13,182,21,242,100,42,142,384
11/13/2002,PIE,FL,ASO,ES,Combined TRACON& Tower with Radar,25,13,108,12,158,0,16,173,39,228,25,29,281,51,386,192,54,246,632
11/14/2002,PIE,FL,ASO,ES,Combined TRACON& Tower with Radar,27,15,134,14,190,0,16,183,35,234,27,31,317,49,424,242,128,370,794
11/15/2002,PIE,FL,ASO,ES,Combined TRACON& Tower with Radar,22,10,98,10,140,0,16,210,44,270,22,26,308,54,410,286,132,418,828
11/16/2002,PIE,FL,ASO,ES,Combined TRACON& Tower with Radar,10,4,31,1,46,8,2,0,0,10,18,6,31,1,56,0,0,0,56
11/17/2002,PIE,FL,ASO,ES,Combined TRACON& Tower with Radar,14,6,58,6,84,0,7,53,9,69,14,13,111,15,153,42,0,42,195
11/18/2002,PIE,FL,ASO,ES,Combined TRACON& Tower with Radar,20,10,91,10,131,0,0,169,27,196,20,10,260,37,327,122,12,134,461
11/19/2002,PIE,FL,ASO,ES,Combined TRACON& Tower with Radar,22,11,97,9,139,0,3,175,24,202,22,14,272,33,341,360,60,420,761
11/20/2002,PIE,FL,ASO,ES,Combined TRACON& Tower with Radar,19,4,93,9,125,0,0,161,21,182,19,4,254,30,307,226,24,250,557
11/21/2002,PIE,FL,ASO,ES,Combined TRACON& Tower with Radar,28,15,131,13,187,0,4,152,23,179,28,19,283,36,366,194,82,276,642
11/22/2002,PIE,FL,ASO,ES,Combined TRACON& Tower with Radar,22,10,91,10,133,4,10,191,23,228,26,20,282,33,361,210,44,254,615
11/23/2002,PIE,FL,ASO,ES,Combined TRACON& Tower with Radar,18,7,99,10,134,0,0,200,9,209,18,7,299,19,343,236,24,260,603
11/24/2002,PIE,FL,ASO,ES,Combined TRACON& Tower with Radar,16,11,99,10,136,0,9,181,12,202,16,20,280,22,338,204,4,208,546
11/25/2002,PIE,FL,ASO,ES,Combined TRACON& Tower with Radar,20,12,109,12,153,0,11,159,24,194,20,23,268,36,347,173,50,223,570
11/26/2002,PIE,FL,ASO,ES,Combined TRACON& Tower with Radar,26,13,107,11,157,6,0,173,31,210,32,13,280,42,367,198,100,298,665
11/27/2002,PIE,FL,ASO,ES,Combined TRACON& Tower with Radar,24,12,99,10,145,3,3,150,26,182,27,15,249,36,327,260,134,394,721
11/28/2002,PIE,FL,ASO,ES,Combined TRACON& Tower with Radar,10,5,38,2,55,7,4,62,0,73,17,9,100,2,128,50,0,50,178
11/29/2002,PIE,FL,ASO,ES,Combined TRACON& Tower with Radar,13,7,50,5,75,6,7,190,1,204,19,14,240,6,279,184,30,214,493
11/30/2002,PIE,FL,ASO,ES,Combined TRACON& Tower with Radar,25,5,102,10,142,1,0,183,4,188,26,5,285,14,330,200,20,220,550
12/01/2002,PIE,FL,ASO,ES,Combined TRACON& Tower with Radar,18,13,90,11,132,0,3,161,1,165,18,16,251,12,297,80,10,90,387
12/02/2002,PIE,FL,ASO,ES,Combined TRACON& Tower with Radar,19,12,82,10,123,0,1,135,28,164,19,13,217,38,287,150,27,177,464
12/03/2002,PIE,FL,ASO,ES,Combined TRACON& Tower with Radar,26,12,87,10,135,2,5,148,25,180,28,17,235,35,315,182,70,252,567
12/04/2002,PIE,FL,ASO,ES,Combined TRACON& Tower with Radar,21,15,116,13,165,0,2,172,34,208,21,17,288,47,373,210,94,304,677
12/05/2002,PIE,FL,ASO,ES,Combined TRACON& Tower with Radar,29,14,105,12,160,0,8,39,17,64,29,22,144,29,224,18,26,44,268
12/06/2002,PIE,FL,ASO,ES,Combined TRACON& Tower with Radar,24,17,130,15,186,0,5,35,9,49,24,22,165,24,235,150,22,172,407
12/07/2002,PIE,FL,ASO,ES,Combined TRACON& Tower with Radar,24,7,81,7,119,5,0,209,0,214,29,7,290,7,333,214,0,214,547
12/08/2002,PIE,FL,ASO,ES,Combined TRACON& Tower with Radar,19,9,63,7,98,6,14,124,19,163,25,23,187,26,261,150,54,204,465
12/09/2002,PIE,FL,ASO,ES,Combined TRACON& Tower with Radar,15,5,52,6,78,7,0,5,5,17,22,5,57,11,95,0,24,24,119
12/10/2002,PIE,FL,ASO,ES,Combined TRACON& Tower with Radar,31,9,106,12,158,0,0,91,11,102,31,9,197,23,260,46,56,102,362
12/11/2002,PIE,FL,ASO,ES,Combined TRACON& Tower with Radar,24,12,114,12,162,0,0,123,25,148,24,12,237,37,310,200,82,282,592
12/12/2002,PIE,FL,ASO,ES,Combined TRACON& Tower with Radar,30,13,100,12,155,3,2,38,15,58,33,15,138,27,213,92,2,94,307
12/13/2002,PIE,FL,ASO,ES,Combined TRACON& Tower with Radar,23,11,80,9,123,0,2,33,37,72,23,13,113,46,195,47,76,123,318
12/14/2002,PIE,FL,ASO,ES,Combined TRACON& Tower with Radar,24,11,81,9,125,3,7,143,9,162,27,18,224,18,287,228,4,232,519
12/15/2002,PIE,FL,ASO,ES,Combined TRACON& Tower with Radar,19,9,72,7,107,0,1,129,7,137,19,10,201,14,244,166,6,172,416
12/16/2002,PIE,FL,ASO,ES,Combined TRACON& Tower with Radar,19,10,94,10,133,0,0,182,20,202,19,10,276,30,335,268,52,320,655
12/17/2002,PIE,FL,ASO,ES,Combined TRACON& Tower with Radar,23,9,75,7,114,5,3,159,35,202,28,12,234,42,316,191,60,251,567
12/18/2002,PIE,FL,ASO,ES,Combined TRACON& Tower with Radar,23,10,81,9,123,0,2,179,24,205,23,12,260,33,328,302,16,318,646
12/19/2002,PIE,FL,ASO,ES,Combined TRACON& Tower with Radar,31,12,98,11,152,0,4,181,29,214,31,16,279,40,366,282,10,292,658
12/20/2002,PIE,FL,ASO,ES,Combined TRACON& Tower with Radar,25,10,81,10,126,13,16,160,8,197,38,26,241,18,323,134,6,140,463
12/21/2002,PIE,FL,ASO,ES,Combined TRACON& Tower with Radar,23,9,72,7,111,2,10,224,11,247,25,19,296,18,358,218,36,254,612
12/22/2002,PIE,FL,ASO,ES,Combined TRACON& Tower with Radar,19,7,61,7,94,3,6,190,2,201,22,13,251,9,295,250,6,256,551
12/23/2002,PIE,FL,ASO,ES,Combined TRACON& Tower with Radar,23,8,73,8,112,1,5,181,18,205,24,13,254,26,317,226,0,226,543
12/24/2002,PIE,FL,ASO,ES,Combined TRACON& Tower with Radar,13,4,42,4,63,4,0,10,8,22,17,4,52,12,85,4,30,34,119
12/25/2002,PIE,FL,ASO,ES,Combined TRACON& Tower with Radar,5,1,17,1,24,5,1,15,2,23,10,2,32,3,47,4,2,6,53
12/26/2002,PIE,FL,ASO,ES,Combined TRACON& Tower with Radar,21,8,68,8,105,2,11,174,13,200,23,19,242,21,305,202,38,240,545
12/27/2002,PIE,FL,ASO,ES,Combined TRACON& Tower with Radar,20,8,64,7,99,5,6,174,7,192,25,14,238,14,291,148,0,148,439
12/28/2002,PIE,FL,ASO,ES,Combined TRACON& Tower with Radar,20,6,63,7,96,2,0,222,6,230,22,6,285,13,326,288,8,296,622
12/29/2002,PIE,FL,ASO,ES,Combined TRACON& Tower with Radar,19,7,61,7,94,4,4,220,15,243,23,11,281,22,337,272,0,272,609
12/30/2002,PIE,FL,ASO,ES,Combined TRACON& Tower with Radar,22,8,71,8,109,5,5,148,11,169,27,13,219,19,278,248,0,248,526
12/31/2002,PIE,FL,ASO,ES,Combined TRACON& Tower with Radar,17,6,53,4,80,2,0,100,0,102,19,6,153,4,182,122,0,122,304
01/01/2003,PIE,FL,ASO,ES,Combined TRACON& Tower with Radar,9,6,30,5,50,3,2,72,5,82,12,8,102,10,132,68,0,68,200
01/02/2003,PIE,FL,ASO,ES,Combined TRACON& Tower with Radar,28,13,88,14,143,4,2,154,4,164,32,15,242,18,307,200,26,226,533
01/03/2003,PIE,FL,ASO,ES,Combined TRACON& Tower with Radar,25,12,78,12,127,1,1,150,6,158,26,13,228,18,285,174,0,174,459
01/04/2003,PIE,FL,ASO,ES,Combined TRACON& Tower with Radar,21,9,71,11,112,0,0,202,4,206,21,9,273,15,318,210,4,214,532
01/05/2003,PIE,FL,ASO,ES,Combined TRACON& Tower with Radar,18,5,58,8,89,4,0,144,4,152,22,5,202,12,241,150,2,152,393
01/06/2003,PIE,FL,ASO,ES,Combined TRACON& Tower with Radar,21,9,68,10,108,4,0,172,31,207,25,9,240,41,315,110,104,214,529
01/07/2003,PIE,FL,ASO,ES,Combined TRACON& Tower with Radar,23,9,72,10,114,8,0,110,36,154,31,9,182,46,268,88,56,144,412
01/08/2003,PIE,FL,ASO,ES,Combined TRACON& Tower with Radar,21,10,68,10,109,3,0,136,19,158,24,10,204,29,267,188,126,314,581
01/09/2003,PIE,FL,ASO,ES,Combined TRACON& Tower with Radar,29,16,102,15,162,0,9,210,41,260,29,25,312,56,422,217,89,306,728
01/10/2003,PIE,FL,ASO,ES,Combined TRACON& Tower with Radar,25,13,99,14,151,0,14,168,27,209,25,27,267,41,360,192,64,256,616
01/11/2003,PIE,FL,ASO,ES,Combined TRACON& Tower with Radar,15,9,68,10,102,0,13,233,8,254,15,22,301,18,356,232,14,246,602
01/12/2003,PIE,FL,ASO,ES,Combined TRACON& Tower with Radar,21,9,67,10,107,1,8,175,7,191,22,17,242,17,298,212,6,218,516
01/13/2003,PIE,FL,ASO,ES,Combined TRACON& Tower with Radar,26,12,94,15,147,0,10,156,32,198,26,22,250,47,345,192,170,362,707
01/14/2003,PIE,FL,ASO,ES,Combined TRACON& Tower with Radar,26,12,93,14,145,0,4,141,23,168,26,16,234,37,313,224,82,306,619
01/15/2003,PIE,FL,ASO,ES,Combined TRACON& Tower with Radar,24,11,86,14,135,0,2,174,10,186,24,13,260,24,321,269,2,271,592
01/16/2003,PIE,FL,ASO,ES,Combined TRACON& Tower with Radar,25,11,80,13,129,5,9,145,24,183,30,20,225,37,312,154,42,196,508
01/17/2003,PIE,FL,ASO,ES,Combined TRACON& Tower with Radar,23,13,91,14,141,0,10,112,47,169,23,23,203,61,310,50,56,106,416
01/18/2003,PIE,FL,ASO,ES,Combined TRACON& Tower with Radar,17,2,58,9,86,0,0,197,0,197,17,2,255,9,283,228,0,228,511
01/19/2003,PIE,FL,ASO,ES,Combined TRACON& Tower with Radar,14,5,41,7,67,10,3,144,18,175,24,8,185,25,242,107,48,155,397
01/20/2003,PIE,FL,ASO,ES,Combined TRACON& Tower with Radar,24,9,74,11,118,1,0,179,2,182,25,9,253,13,300,242,0,242,542
01/21/2003,PIE,FL,ASO,ES,Combined TRACON& Tower with Radar,20,10,76,12,118,0,0,153,21,174,20,10,229,33,292,238,58,296,588
01/22/2003,PIE,FL,ASO,ES,Combined TRACON& Tower with Radar,27,13,94,15,149,0,7,175,31,213,27,20,269,46,362,228,78,306,668
01/23/2003,PIE,FL,ASO,ES,Combined TRACON& Tower with Radar,24,10,72,11,117,11,19,18,23,71,35,29,90,34,188,10,18,28,216
01/24/2003,PIE,FL,ASO,ES,Combined TRACON& Tower with Radar,24,11,85,14,134,0,11,169,15,195,24,22,254,29,329,216,64,280,609
01/25/2003,PIE,FL,ASO,ES,Combined TRACON& Tower with Radar,16,13,97,15,141,0,1,214,15,230,16,14,311,30,371,288,6,294,665
01/26/2003,PIE,FL,ASO,ES,Combined TRACON& Tower with Radar,15,6,44,7,72,9,2,199,8,218,24,8,243,15,290,202,8,210,500
01/27/2003,PIE,FL,ASO,ES,Combined TRACON& Tower with Radar,28,12,86,14,140,0,6,124,19,149,28,18,210,33,289,138,4,142,431
01/28/2003,PIE,FL,ASO,ES,Combined TRACON& Tower with Radar,23,9,69,11,112,3,0,194,38,235,26,9,263,49,347,286,22,308,655
01/29/2003,PIE,FL,ASO,ES,Combined TRACON& Tower with Radar,25,10,94,15,144,0,0,213,33,246,25,10,307,48,390,280,38,318,708
01/30/2003,PIE,FL,ASO,ES,Combined TRACON& Tower with Radar,30,14,100,16,160,0,12,147,22,181,30,26,247,38,341,294,12,306,647
01/31/2003,PIE,FL,ASO,ES,Combined TRACON& Tower with Radar,27,12,87,14,140,0,13,179,15,207,27,25,266,29,347,184,26,210,557
02/01/2003,PIE,FL,ASO,ES,Combined TRACON& Tower with Radar,14,7,81,9,111,0,0,141,21,162,14,7,222,30,273,166,20,186,459
02/02/2003,PIE,FL,ASO,ES,Combined TRACON& Tower with Radar,17,10,69,8,104,5,4,200,12,221,22,14,269,20,325,240,0,240,565
02/03/2003,PIE,FL,ASO,ES,Combined TRACON& Tower with Radar,21,9,86,8,124,1,0,179,46,226,22,9,265,54,350,284,16,300,650
02/04/2003,PIE,FL,ASO,ES,Combined TRACON& Tower with Radar,25,6,104,11,146,1,0,90,5,96,26,6,194,16,242,46,6,52,294
02/05/2003,PIE,FL,ASO,ES,Combined TRACON& Tower with Radar,21,7,86,9,123,5,0,178,34,217,26,7,264,43,340,214,10,224,564
02/06/2003,PIE,FL,ASO,ES,Combined TRACON& Tower with Radar,27,16,112,12,167,0,4,175,47,226,27,20,287,59,393,160,46,206,599
02/07/2003,PIE,FL,ASO,ES,Combined TRACON& Tower with Radar,23,14,98,11,146,0,2,40,25,67,23,16,138,36,213,110,78,188,401
02/08/2003,PIE,FL,ASO,ES,Combined TRACON& Tower with Radar,16,11,81,8,116,0,1,207,7,215,16,12,288,15,331,358,12,370,701
02/09/2003,PIE,FL,ASO,ES,Combined TRACON& Tower with Radar,18,11,67,6,102,9,1,0,0,10,27,12,67,6,112,14,0,14,126
02/10/2003,PIE,FL,ASO,ES,Combined TRACON& Tower with Radar,21,12,87,8,128,6,8,15,32,61,27,20,102,40,189,70,20,90,279
02/11/2003,PIE,FL,ASO,ES,Combined TRACON& Tower with Radar,28,13,113,12,166,5,0,227,38,270,33,13,340,50,436,248,74,322,758
02/12/2003,PIE,FL,ASO,ES,Combined TRACON& Tower with Radar,27,16,116,12,171,0,3,253,33,289,27,19,369,45,460,178,36,214,674
02/13/2003,PIE,FL,ASO,ES,Combined TRACON& Tower with Radar,28,16,116,12,172,5,20,225,19,269,33,36,341,31,441,242,18,260,701
02/14/2003,PIE,FL,ASO,ES,Combined TRACON& Tower with Radar,25,16,118,12,171,0,8,191,20,219,25,24,309,32,390,240,36,276,666
02/15/2003,PIE,FL,ASO,ES,Combined TRACON& Tower with Radar,23,17,128,13,181,0,12,234,4,250,23,29,362,17,431,272,4,276,707
02/16/2003,PIE,FL,ASO,ES,Combined TRACON& Tower with Radar,20,7,85,6,118,4,0,19,0,23,24,7,104,6,141,26,8,34,175
02/17/2003,PIE,FL,ASO,ES,Combined TRACON& Tower with Radar,20,16,126,12,174,0,0,144,4,148,20,16,270,16,322,246,24,270,592
02/18/2003,PIE,FL,ASO,ES,Combined TRACON& Tower with Radar,35,12,142,15,204,2,0,193,14,209,37,12,335,29,413,248,72,320,733
02/19/2003,PIE,FL,ASO,ES,Combined TRACON& Tower with Radar,25,16,126,13,180,0,38,168,48,254,25,54,294,61,434,248,46,294,728
02/20/2003,PIE,FL,ASO,ES,Combined TRACON& Tower with Radar,30,15,119,12,176,6,17,174,35,232,36,32,293,47,408,302,52,354,762
02/21/2003,PIE,FL,ASO,ES,Combined TRACON& Tower with Radar,23,19,153,16,211,0,17,125,35,177,23,36,278,51,388,141,8,149,537
02/22/2003,PIE,FL,ASO,ES,Combined TRACON& Tower with Radar,15,7,60,6,88,6,4,49,9,68,21,11,109,15,156,64,4,68,224
02/23/2003,PIE,FL,ASO,ES,Combined TRACON& Tower with Radar,28,13,120,12,173,0,0,249,1,250,28,13,369,13,423,254,0,254,677
02/24/2003,PIE,FL,ASO,ES,Combined TRACON& Tower with Radar,26,13,102,11,152,3,5,246,27,281,29,18,348,38,433,258,18,276,709
02/25/2003,PIE,FL,ASO,ES,Combined TRACON& Tower with Radar,28,14,111,11,164,2,7,186,17,212,30,21,297,28,376,336,8,344,720
02/26/2003,PIE,FL,ASO,ES,Combined TRACON& Tower with Radar,24,16,123,12,175,0,7,253,31,291,24,23,376,43,466,292,42,334,800
02/27/2003,PIE,FL,ASO,ES,Combined TRACON& Tower with Radar,32,16,127,12,187,4,4,22,11,41,36,20,149,23,228,118,0,118,346
02/28/2003,PIE,FL,ASO,ES,Combined TRACON& Tower with Radar,28,15,110,8,161,0,11,8,0,19,28,26,118,8,180,18,2,20,200
03/01/2003,PIE,FL,ASO,ES,Combined TRACON& Tower with Radar,20,9,89,10,128,0,0,104,10,114,20,9,193,20,242,202,42,244,486
03/02/2003,PIE,FL,ASO,ES,Combined TRACON& Tower with Radar,22,10,79,9,120,5,1,66,4,76,27,11,145,13,196,136,0,136,332
03/03/2003,PIE,FL,ASO,ES,Combined TRACON& Tower with Radar,23,7,80,9,119,6,0,146,23,175,29,7,226,32,294,250,62,312,606
03/04/2003,PIE,FL,ASO,ES,Combined TRACON& Tower with Radar,30,6,109,13,158,0,0,71,21,92,30,6,180,34,250,130,58,188,438
03/05/2003,PIE,FL,ASO,ES,Combined TRACON& Tower with Radar,26,13,116,13,168,0,0,185,26,211,26,13,301,39,379,332,2,334,713
03/06/2003,PIE,FL,ASO,ES,Combined TRACON& Tower with Radar,38,18,135,16,207,0,1,179,28,208,38,19,314,44,415,248,60,308,723
03/07/2003,PIE,FL,ASO,ES,Combined TRACON& Tower with Radar,23,14,103,11,151,0,23,118,35,176,23,37,221,46,327,162,32,194,521
03/08/2003,PIE,FL,ASO,ES,Combined TRACON& Tower with Radar,22,6,87,10,125,0,0,115,14,129,22,6,202,24,254,266,2,268,522
03/09/2003,PIE,FL,ASO,ES,Combined TRACON& Tower with Radar,23,9,83,10,125,8,0,150,23,181,31,9,233,33,306,210,4,214,520
03/10/2003,PIE,FL,ASO,ES,Combined TRACON& Tower with Radar,25,12,87,10,134,3,0,185,35,223,28,12,272,45,357,220,46,266,623
03/11/2003,PIE,FL,ASO,ES,Combined TRACON& Tower with Radar,27,9,98,11,145,3,0,140,48,191,30,9,238,59,336,180,26,206,542
03/12/2003,PIE,FL,ASO,ES,Combined TRACON& Tower with Radar,26,8,94,11,139,0,0,221,27,248,26,8,315,38,387,274,26,300,687
03/13/2003,PIE,FL,ASO,ES,Combined TRACON& Tower with Radar,33,15,117,14,179,5,3,149,18,175,38,18,266,32,354,254,18,272,626
03/14/2003,PIE,FL,ASO,ES,Combined TRACON& Tower with Radar,27,18,141,16,202,0,24,216,34,274,27,42,357,50,476,286,46,332,808
03/15/2003,PIE,FL,ASO,ES,Combined TRACON& Tower with Radar,22,10,81,9,122,3,15,170,15,203,25,25,251,24,325,226,8,234,559
03/16/2003,PIE,FL,ASO,ES,Combined TRACON& Tower with Radar,28,13,99,11,151,0,2,160,26,188,28,15,259,37,339,252,84,336,675
03/17/2003,PIE,FL,ASO,ES,Combined TRACON& Tower with Radar,25,9,90,9,133,3,0,100,27,130,28,9,190,36,263,158,90,248,511
03/18/2003,PIE,FL,ASO,ES,Combined TRACON& Tower with Radar,28,13,105,10,156,0,13,134,40,187,28,26,239,50,343,260,52,312,655
03/19/2003,PIE,FL,ASO,ES,Combined TRACON& Tower with Radar,22,14,122,13,171,0,11,140,33,184,22,25,262,46,355,162,42,204,559
03/20/2003,PIE,FL,ASO,ES,Combined TRACON& Tower with Radar,31,7,107,10,155,7,0,36,21,64,38,7,143,31,219,84,52,136,355
03/21/2003,PIE,FL,ASO,ES,Combined TRACON& Tower with Radar,26,12,105,11,154,0,7,63,20,90,26,19,168,31,244,66,30,96,340
03/22/2003,PIE,FL,ASO,ES,Combined TRACON& Tower with Radar,22,11,96,10,139,0,7,198,15,220,22,18,294,25,359,284,4,288,647
03/23/2003,PIE,FL,ASO,ES,Combined TRACON& Tower with Radar,15,3,54,3,75,16,0,19,0,35,31,3,73,3,110,0,4,4,114
03/24/2003,PIE,FL,ASO,ES,Combined TRACON& Tower with Radar,22,9,75,8,114,6,3,222,24,255,28,12,297,32,369,218,64,282,651
03/25/2003,PIE,FL,ASO,ES,Combined TRACON& Tower with Radar,30,14,125,15,184,0,0,201,40,241,30,14,326,55,425,228,92,320,745
03/26/2003,PIE,FL,ASO,ES,Combined TRACON& Tower with Radar,22,10,84,11,127,0,1,189,29,219,22,11,273,40,346,192,0,192,538
03/27/2003,PIE,FL,ASO,ES,Combined TRACON& Tower with Radar,24,10,81,10,125,11,9,96,19,135,35,19,177,29,260,132,76,208,468
03/28/2003,PIE,FL,ASO,ES,Combined TRACON& Tower with Radar,26,12,100,13,151,0,6,184,25,215,26,18,284,38,366,290,60,350,716
03/29/2003,PIE,FL,ASO,ES,Combined TRACON& Tower with Radar,22,12,99,12,145,0,6,189,13,208,22,18,288,25,353,194,4,198,551
03/30/2003,PIE,FL,ASO,ES,Combined TRACON& Tower with Radar,24,10,83,10,127,4,1,55,1,61,28,11,138,11,188,72,0,72,260
03/31/2003,PIE,FL,ASO,ES,Combined TRACON& Tower with Radar,26,12,104,13,155,0,15,159,33,207,26,27,263,46,362,210,40,250,612
04/01/2003,PIE,FL,ASO,ES,Combined TRACON& Tower with Radar,23,12,89,9,133,6,9,152,37,204,29,21,241,46,337,214,38,252,589
04/02/2003,PIE,FL,ASO,ES,Combined TRACON& Tower with Radar,26,14,109,11,160,0,0,193,21,214,26,14,302,32,374,244,56,300,674
04/03/2003,PIE,FL,ASO,ES,Combined TRACON& Tower with Radar,27,13,102,10,152,11,14,218,33,276,38,27,320,43,428,268,62,330,758
04/04/2003,PIE,FL,ASO,ES,Combined TRACON& Tower with Radar,25,15,118,12,170,0,13,225,43,281,25,28,343,55,451,202,62,264,715
04/05/2003,PIE,FL,ASO,ES,Combined TRACON& Tower with Radar,22,12,88,9,131,0,3,236,21,260,22,15,324,30,391,318,8,326,717
04/06/2003,PIE,FL,ASO,ES,Combined TRACON& Tower with Radar,24,12,91,10,137,5,8,175,11,199,29,20,266,21,336,240,10,250,586
04/07/2003,PIE,FL,ASO,ES,Combined TRACON& Tower with Radar,26,12,100,9,147,3,5,162,42,212,29,17,262,51,359,162,82,244,603
04/08/2003,PIE,FL,ASO,ES,Combined TRACON& Tower with Radar,29,14,112,11,166,1,7,172,31,211,30,21,284,42,377,146,74,220,597
04/09/2003,PIE,FL,ASO,ES,Combined TRACON& Tower with Radar,23,12,99,9,143,0,3,123,63,189,23,15,222,72,332,164,54,218,550
04/10/2003,PIE,FL,ASO,ES,Combined TRACON& Tower with Radar,27,13,105,10,155,9,15,82,38,144,36,28,187,48,299,56,58,114,413
04/11/2003,PIE,FL,ASO,ES,Combined TRACON& Tower with Radar,32,15,124,13,184,3,24,158,49,234,35,39,282,62,418,168,34,202,620
04/12/2003,PIE,FL,ASO,ES,Combined TRACON& Tower with Radar,23,11,92,10,136,0,2,272,15,289,23,13,364,25,425,378,12,390,815
04/13/2003,PIE,FL,ASO,ES,Combined TRACON& Tower with Radar,24,11,94,9,138,3,0,222,23,248,27,11,316,32,386,242,40,282,668
04/14/2003,PIE,FL,ASO,ES,Combined TRACON& Tower with Radar,22,11,87,9,129,5,11,220,34,270,27,22,307,43,399,270,128,398,797
04/15/2003,PIE,FL,ASO,ES,Combined TRACON& Tower with Radar,23,11,87,9,130,5,7,190,38,240,28,18,277,47,370,270,82,352,722
04/16/2003,PIE,FL,ASO,ES,Combined TRACON& Tower with Radar,22,13,106,10,151,0,17,242,46,305,22,30,348,56,456,344,35,379,835
04/17/2003,PIE,FL,ASO,ES,Combined TRACON& Tower with Radar,34,14,129,13,190,0,16,273,61,350,34,30,402,74,540,328,58,386,926
04/18/2003,PIE,FL,ASO,ES,Combined TRACON& Tower with Radar,28,11,105,10,154,2,6,251,28,287,30,17,356,38,441,250,12,262,703
04/19/2003,PIE,FL,ASO,ES,Combined TRACON& Tower with Radar,22,12,109,10,153,0,8,282,12,302,22,20,391,22,455,356,6,362,817
04/20/2003,PIE,FL,ASO,ES,Combined TRACON& Tower with Radar,17,6,62,7,92,10,0,116,7,133,27,6,178,14,225,100,2,102,327
04/21/2003,PIE,FL,ASO,ES,Combined TRACON& Tower with Radar,30,16,138,13,197,0,5,212,23,240,30,21,350,36,437,194,42,236,673
04/22/2003,PIE,FL,ASO,ES,Combined TRACON& Tower with Radar,26,13,111,11,161,0,4,184,27,215,26,17,295,38,376,258,24,282,658
04/23/2003,PIE,FL,ASO,ES,Combined TRACON& Tower with Radar,22,10,92,10,134,0,8,194,29,231,22,18,286,39,365,230,36,266,631
04/24/2003,PIE,FL,ASO,ES,Combined TRACON& Tower with Radar,28,14,128,13,183,0,24,193,30,247,28,38,321,43,430,236,28,264,694
04/25/2003,PIE,FL,ASO,ES,Combined TRACON& Tower with Radar,25,10,91,9,135,4,5,73,7,89,29,15,164,16,224,62,10,72,296
04/26/2003,PIE,FL,ASO,ES,Combined TRACON& Tower with Radar,23,11,95,9,138,0,0,178,22,200,23,11,273,31,338,300,10,310,648
04/27/2003,PIE,FL,ASO,ES,Combined TRACON& Tower with Radar,24,10,90,9,133,1,8,202,29,240,25,18,292,38,373,216,1,217,590
04/28/2003,PIE,FL,ASO,ES,Combined TRACON& Tower with Radar,28,12,111,11,162,0,0,119,31,150,28,12,230,42,312,154,32,186,498
04/29/2003,PIE,FL,ASO,ES,Combined TRACON& Tower with Radar,28,15,130,12,185,0,1,139,17,157,28,16,269,29,342,246,6,252,594
04/30/2003,PIE,FL,ASO,ES,Combined TRACON& Tower with Radar,22,14,125,13,174,0,8,143,16,167,22,22,268,29,341,192,32,224,565
05/01/2003,PIE,FL,ASO,ES,Combined TRACON& Tower with Radar,24,12,103,10,149,4,11,145,10,170,28,23,248,20,319,204,2,206,525
05/02/2003,PIE,FL,ASO,ES,Combined TRACON& Tower with Radar,24,12,103,10,149,2,16,196,39,253,26,28,299,49,402,268,0,268,670
05/03/2003,PIE,FL,ASO,ES,Combined TRACON& Tower with Radar,18,12,97,10,137,0,6,256,39,301,18,18,353,49,438,302,20,322,760
05/04/2003,PIE,FL,ASO,ES,Combined TRACON& Tower with Radar,20,11,87,9,127,3,1,164,23,191,23,12,251,32,318,214,32,246,564
05/05/2003,PIE,FL,ASO,ES,Combined TRACON& Tower with Radar,24,11,104,10,149,5,4,190,31,230,29,15,294,41,379,248,30,278,657
05/06/2003,PIE,FL,ASO,ES,Combined TRACON& Tower with Radar,25,13,115,12,165,0,0,134,35,169,25,13,249,47,334,148,10,158,492
05/07/2003,PIE,FL,ASO,ES,Combined TRACON& Tower with Radar,23,11,104,10,148,0,3,203,16,222,23,14,307,26,370,226,4,230,600
05/08/2003,PIE,FL,ASO,ES,Combined TRACON& Tower with Radar,25,12,110,11,158,2,18,219,30,269,27,30,329,41,427,346,56,402,829
05/09/2003,PIE,FL,ASO,ES,Combined TRACON& Tower with Radar,26,14,125,13,178,0,16,263,56,335,26,30,388,69,513,352,58,410,923
05/10/2003,PIE,FL,ASO,ES,Combined TRACON& Tower with Radar,16,10,103,10,139,0,0,231,27,258,16,10,334,37,397,268,26,294,691
05/11/2003,PIE,FL,ASO,ES,Combined TRACON& Tower with Radar,18,9,81,7,115,3,9,210,27,249,21,18,291,34,364,234,18,252,616
05/12/2003,PIE,FL,ASO,ES,Combined TRACON& Tower with Radar,28,11,121,12,172,2,0,177,29,208,30,11,298,41,380,196,54,250,630
05/13/2003,PIE,FL,ASO,ES,Combined TRACON& Tower with Radar,28,14,122,12,176,1,2,197,39,239,29,16,319,51,415,304,89,393,808
05/14/2003,PIE,FL,ASO,ES,Combined TRACON& Tower with Radar,24,9,121,12,166,0,0,211,21,232,24,9,332,33,398,300,30,330,728
05/15/2003,PIE,FL,ASO,ES,Combined TRACON& Tower with Radar,29,12,121,12,174,0,36,195,44,275,29,48,316,56,449,316,104,420,869
05/16/2003,PIE,FL,ASO,ES,Combined TRACON& Tower with Radar,28,14,140,13,195,0,19,208,45,272,28,33,348,58,467,312,28,340,807
05/17/2003,PIE,FL,ASO,ES,Combined TRACON& Tower with Radar,18,11,111,11,151,0,5,229,31,265,18,16,340,42,416,358,20,378,794
05/18/2003,PIE,FL,ASO,ES,Combined TRACON& Tower with Radar,19,8,81,8,116,1,7,154,14,176,20,15,235,22,292,166,0,166,458
05/19/2003,PIE,FL,ASO,ES,Combined TRACON& Tower with Radar,18,8,76,7,109,7,17,156,17,197,25,25,232,24,306,272,20,292,598
05/20/2003,PIE,FL,ASO,ES,Combined TRACON& Tower with Radar,21,9,87,8,125,5,2,147,40,194,26,11,234,48,319,246,26,272,591
05/21/2003,PIE,FL,ASO,ES,Combined TRACON& Tower with Radar,21,9,86,8,124,3,3,135,25,166,24,12,221,33,290,250,72,322,612
05/22/2003,PIE,FL,ASO,ES,Combined TRACON& Tower with Radar,25,12,114,11,162,0,25,182,37,244,25,37,296,48,406,292,20,312,718
05/23/2003,PIE,FL,ASO,ES,Combined TRACON& Tower with Radar,25,11,105,10,151,1,19,174,8,202,26,30,279,18,353,250,0,250,603
05/24/2003,PIE,FL,ASO,ES,Combined TRACON& Tower with Radar,14,9,94,10,127,0,2,233,20,255,14,11,327,30,382,354,4,358,740
05/25/2003,PIE,FL,ASO,ES,Combined TRACON& Tower with Radar,12,6,64,7,89,0,0,175,16,191,12,6,239,23,280,179,4,183,463
05/26/2003,PIE,FL,ASO,ES,Combined TRACON& Tower with Radar,17,9,83,9,118,0,8,194,10,212,17,17,277,19,330,238,0,238,568
05/27/2003,PIE,FL,ASO,ES,Combined TRACON& Tower with Radar,22,10,91,10,133,3,12,122,31,168,25,22,213,41,301,162,92,254,555
05/28/2003,PIE,FL,ASO,ES,Combined TRACON& Tower with Radar,23,11,101,11,146,0,25,246,35,306,23,36,347,46,452,272,98,370,822
05/29/2003,PIE,FL,ASO,ES,Combined TRACON& Tower with Radar,21,10,88,9,128,4,14,235,22,275,25,24,323,31,403,306,32,338,741
05/30/2003,PIE,FL,ASO,ES,Combined TRACON& Tower with Radar,23,11,97,10,141,3,26,256,32,317,26,37,353,42,458,334,10,344,802
05/31/2003,PIE,FL,ASO,ES,Combined TRACON& Tower with Radar,14,7,57,6,84,4,6,301,29,340,18,13,358,35,424,276,14,290,714
06/01/2003,PIE,FL,ASO,ES,Combined TRACON& Tower with Radar,17,9,68,7,101,3,14,232,17,266,20,23,300,24,367,256,10,266,633
06/02/2003,PIE,FL,ASO,ES,Combined TRACON& Tower with Radar,24,13,97,9,143,0,5,189,31,225,24,18,286,40,368,253,94,347,715
06/03/2003,PIE,FL,ASO,ES,Combined TRACON& Tower with Radar,23,14,101,10,148,0,39,113,13,165,23,53,214,23,313,286,16,302,615
06/04/2003,PIE,FL,ASO,ES,Combined TRACON& Tower with Radar,22,15,107,10,154,0,2,167,20,189,22,17,274,30,343,206,0,206,549
06/05/2003,PIE,FL,ASO,ES,Combined TRACON& Tower with Radar,28,15,111,11,165,1,12,102,2,117,29,27,213,13,282,214,0,214,496
06/06/2003,PIE,FL,ASO,ES,Combined TRACON& Tower with Radar,27,16,120,11,174,0,3,226,28,257,27,19,346,39,431,336,30,366,797
06/07/2003,PIE,FL,ASO,ES,Combined TRACON& Tower with Radar,15,12,81,6,114,0,4,193,22,219,15,16,274,28,333,252,16,268,601
06/08/2003,PIE,FL,ASO,ES,Combined TRACON& Tower with Radar,23,16,117,10,166,0,5,196,6,207,23,21,313,16,373,262,4,266,639
06/09/2003,PIE,FL,ASO,ES,Combined TRACON& Tower with Radar,23,12,89,7,131,5,3,170,12,190,28,15,259,19,321,114,0,114,435
06/10/2003,PIE,FL,ASO,ES,Combined TRACON& Tower with Radar,24,17,123,10,174,0,1,208,22,231,24,18,331,32,405,370,32,402,807
06/11/2003,PIE,FL,ASO,ES,Combined TRACON& Tower with Radar,24,15,111,9,159,0,0,160,22,182,24,15,271,31,341,246,14,260,601
06/12/2003,PIE,FL,ASO,ES,Combined TRACON& Tower with Radar,22,11,87,7,127,4,8,174,12,198,26,19,261,19,325,256,0,256,581
06/13/2003,PIE,FL,ASO,ES,Combined TRACON& Tower with Radar,24,13,100,8,145,2,19,208,39,268,26,32,308,47,413,276,34,310,723
06/14/2003,PIE,FL,ASO,ES,Combined TRACON& Tower with Radar,13,7,52,4,76,2,3,197,24,226,15,10,249,28,302,290,18,308,610
06/15/2003,PIE,FL,ASO,ES,Combined TRACON& Tower with Radar,16,9,64,5,94,4,12,156,27,199,20,21,220,32,293,190,26,216,509
06/16/2003,PIE,FL,ASO,ES,Combined TRACON& Tower with Radar,21,12,86,7,126,1,5,100,28,134,22,17,186,35,260,206,20,226,486
06/17/2003,PIE,FL,ASO,ES,Combined TRACON& Tower with Radar,20,10,80,6,116,7,0,108,19,134,27,10,188,25,250,330,28,358,608
06/18/2003,PIE,FL,ASO,ES,Combined TRACON& Tower with Radar,22,11,91,7,131,0,9,32,17,58,22,20,123,24,189,98,0,98,287
06/19/2003,PIE,FL,ASO,ES,Combined TRACON& Tower with Radar,25,12,96,8,141,4,16,89,21,130,29,28,185,29,271,88,46,134,405
06/20/2003,PIE,FL,ASO,ES,Combined TRACON& Tower with Radar,22,10,84,7,123,5,7,62,19,93,27,17,146,26,216,190,0,190,406
06/21/2003,PIE,FL,ASO,ES,Combined TRACON& Tower with Radar,15,7,55,4,81,1,0,81,8,90,16,7,136,12,171,158,0,158,329
06/22/2003,PIE,FL,ASO,ES,Combined TRACON& Tower with Radar,13,6,49,4,72,10,6,14,2,32,23,12,63,6,104,16,0,16,120
06/23/2003,PIE,FL,ASO,ES,Combined TRACON& Tower with Radar,28,13,106,10,157,0,2,98,27,127,28,15,204,37,284,108,42,150,434
06/24/2003,PIE,FL,ASO,ES,Combined TRACON& Tower with Radar,22,9,126,10,167,0,0,224,44,268,22,9,350,54,435,378,40,418,853
06/25/2003,PIE,FL,ASO,ES,Combined TRACON& Tower with Radar,24,7,98,9,138,0,0,229,27,256,24,7,327,36,394,286,0,286,680
06/26/2003,PIE,FL,ASO,ES,Combined TRACON& Tower with Radar,32,16,128,11,187,0,12,188,29,229,32,28,316,40,416,310,10,320,736
06/27/2003,PIE,FL,ASO,ES,Combined TRACON& Tower with Radar,27,16,125,10,178,0,11,204,30,245,27,27,329,40,423,222,22,244,667
06/28/2003,PIE,FL,ASO,ES,Combined TRACON& Tower with Radar,16,8,66,6,96,0,3,127,18,148,16,11,193,24,244,116,2,118,362
06/29/2003,PIE,FL,ASO,ES,Combined TRACON& Tower with Radar,19,5,73,6,103,3,0,131,20,154,22,5,204,26,257,178,22,200,457
06/30/2003,PIE,FL,ASO,ES,Combined TRACON& Tower with Radar,24,12,90,8,134,8,10,155,19,192,32,22,245,27,326,210,38,248,574
07/01/2003,PIE,FL,ASO,ES,Combined TRACON& Tower with Radar,30,12,108,11,161,0,6,218,32,256,30,18,326,43,417,332,88,420,837
07/02/2003,PIE,FL,ASO,ES,Combined TRACON& Tower with Radar,23,10,88,10,131,0,8,191,35,234,23,18,279,45,365,308,36,344,709
07/03/2003,PIE,FL,ASO,ES,Combined TRACON& Tower with Radar,27,11,102,10,150,0,17,164,23,204,27,28,266,33,354,344,34,378,732
07/04/2003,PIE,FL,ASO,ES,Combined TRACON& Tower with Radar,14,6,54,6,80,0,7,165,8,180,14,13,219,14,260,182,0,182,442
07/05/2003,PIE,FL,ASO,ES,Combined TRACON& Tower with Radar,10,7,75,7,99,0,0,178,10,188,10,7,253,17,287,322,2,324,611
07/06/2003,PIE,FL,ASO,ES,Combined TRACON& Tower with Radar,16,9,72,7,104,0,13,197,10,220,16,22,269,17,324,282,4,286,610
07/07/2003,PIE,FL,ASO,ES,Combined TRACON& Tower with Radar,23,10,84,8,125,5,6,165,19,195,28,16,249,27,320,270,46,316,636
07/08/2003,PIE,FL,ASO,ES,Combined TRACON& Tower with Radar,23,11,98,9,141,0,2,164,28,194,23,13,262,37,335,240,42,282,617
07/09/2003,PIE,FL,ASO,ES,Combined TRACON& Tower with Radar,22,9,82,7,120,0,6,141,19,166,22,15,223,26,286,216,30,246,532
07/10/2003,PIE,FL,ASO,ES,Combined TRACON& Tower with Radar,21,8,75,6,110,10,15,153,20,198,31,23,228,26,308,236,48,284,592
07/11/2003,PIE,FL,ASO,ES,Combined TRACON& Tower with Radar,27,11,98,8,144,0,19,184,40,243,27,30,282,48,387,218,46,264,651
07/12/2003,PIE,FL,ASO,ES,Combined TRACON& Tower with Radar,18,9,83,7,117,0,9,127,25,161,18,18,210,32,278,266,26,292,570
07/13/2003,PIE,FL,ASO,ES,Combined TRACON& Tower with Radar,16,6,60,5,87,3,0,139,22,164,19,6,199,27,251,212,4,216,467
07/14/2003,PIE,FL,ASO,ES,Combined TRACON& Tower with Radar,26,11,93,9,139,1,3,176,9,189,27,14,269,18,328,243,20,263,591
07/15/2003,PIE,FL,ASO,ES,Combined TRACON& Tower with Radar,23,9,83,8,123,2,2,157,13,174,25,11,240,21,297,240,4,244,541
07/16/2003,PIE,FL,ASO,ES,Combined TRACON& Tower with Radar,21,10,103,9,143,0,6,172,36,214,21,16,275,45,357,336,16,352,709
07/17/2003,PIE,FL,ASO,ES,Combined TRACON& Tower with Radar,25,9,87,8,129,5,17,162,35,219,30,26,249,43,348,308,15,323,671
07/18/2003,PIE,FL,ASO,ES,Combined TRACON& Tower with Radar,28,11,105,9,153,0,23,255,40,318,28,34,360,49,471,312,32,344,815
07/19/2003,PIE,FL,ASO,ES,Combined TRACON& Tower with Radar,19,8,78,7,112,0,2,176,13,191,19,10,254,20,303,260,4,264,567
07/20/2003,PIE,FL,ASO,ES,Combined TRACON& Tower with Radar,19,7,65,6,97,5,5,165,11,186,24,12,230,17,283,294,38,332,615
07/21/2003,PIE,FL,ASO,ES,Combined TRACON& Tower with Radar,26,9,100,9,144,0,3,200,28,231,26,12,300,37,375,318,0,318,693
07/22/2003,PIE,FL,ASO,ES,Combined TRACON& Tower with Radar,22,8,77,7,114,4,5,101,17,127,26,13,178,24,241,214,18,232,473
07/23/2003,PIE,FL,ASO,ES,Combined TRACON& Tower with Radar,27,8,107,9,151,0,0,166,28,194,27,8,273,37,345,345,26,371,716
07/24/2003,PIE,FL,ASO,ES,Combined TRACON& Tower with Radar,29,10,102,9,150,3,13,191,28,235,32,23,293,37,385,316,26,342,727
07/25/2003,PIE,FL,ASO,ES,Combined TRACON& Tower with Radar,26,9,88,8,131,4,25,182,37,248,30,34,270,45,379,242,72,314,693
07/26/2003,PIE,FL,ASO,ES,Combined TRACON& Tower with Radar,19,7,70,7,103,0,0,250,15,265,19,7,320,22,368,292,26,318,686
07/27/2003,PIE,FL,ASO,ES,Combined TRACON& Tower with Radar,25,9,87,8,129,0,6,141,10,157,25,15,228,18,286,292,0,292,578
07/28/2003,PIE,FL,ASO,ES,Combined TRACON& Tower with Radar,19,8,64,6,97,12,3,153,21,189,31,11,217,27,286,256,32,288,574
07/29/2003,PIE,FL,ASO,ES,Combined TRACON& Tower with Radar,25,11,93,9,138,0,6,203,36,245,25,17,296,45,383,342,54,396,779
07/30/2003,PIE,FL,ASO,ES,Combined TRACON& Tower with Radar,23,9,79,8,119,2,1,178,26,207,25,10,257,34,326,230,12,242,568
07/31/2003,PIE,FL,ASO,ES,Combined TRACON& Tower with Radar,29,10,98,9,146,0,16,168,26,210,29,26,266,35,356,288,0,288,644
08/01/2003,PIE,FL,ASO,ES,Combined TRACON& Tower with Radar,26,10,79,9,124,5,12,204,9,230,31,22,283,18,354,220,2,222,576
08/02/2003,PIE,FL,ASO,ES,Combined TRACON& Tower with Radar,20,4,74,8,106,0,0,126,13,139,20,4,200,21,245,344,2,346,591
08/03/2003,PIE,FL,ASO,ES,Combined TRACON& Tower with Radar,20,8,59,7,94,3,7,157,10,177,23,15,216,17,271,226,8,234,505
08/04/2003,PIE,FL,ASO,ES,Combined TRACON& Tower with Radar,24,9,71,8,112,5,2,195,20,222,29,11,266,28,334,222,4,226,560
08/05/2003,PIE,FL,ASO,ES,Combined TRACON& Tower with Radar,24,8,72,9,113,4,0,153,36,193,28,8,225,45,306,322,92,414,720
08/06/2003,PIE,FL,ASO,ES,Combined TRACON& Tower with Radar,24,9,101,12,146,0,0,156,19,175,24,9,257,31,321,296,12,308,629
08/07/2003,PIE,FL,ASO,ES,Combined TRACON& Tower with Radar,25,9,77,8,119,6,13,98,18,135,31,22,175,26,254,195,2,197,451
08/08/2003,PIE,FL,ASO,ES,Combined TRACON& Tower with Radar,24,9,74,9,116,4,15,92,31,142,28,24,166,40,258,184,58,242,500
08/09/2003,PIE,FL,ASO,ES,Combined TRACON& Tower with Radar,13,4,39,4,60,6,1,166,4,177,19,5,205,8,237,34,0,34,271
08/10/2003,PIE,FL,ASO,ES,Combined TRACON& Tower with Radar,25,9,79,9,122,0,2,111,6,119,25,11,190,15,241,74,0,74,315
08/11/2003,PIE,FL,ASO,ES,Combined TRACON& Tower with Radar,24,9,73,9,115,2,12,92,18,124,26,21,165,27,239,216,28,244,483
08/12/2003,PIE,FL,ASO,ES,Combined TRACON& Tower with Radar,29,10,88,10,137,3,2,178,32,215,32,12,266,42,352,290,58,348,700
08/13/2003,PIE,FL,ASO,ES,Combined TRACON& Tower with Radar,20,10,90,10,130,0,1,197,34,232,20,11,287,44,362,258,78,336,698
08/14/2003,PIE,FL,ASO,ES,Combined TRACON& Tower with Radar,21,8,63,7,99,7,16,57,14,94,28,24,120,21,193,62,0,62,255
08/15/2003,PIE,FL,ASO,ES,Combined TRACON& Tower with Radar,27,9,82,9,127,2,26,187,33,248,29,35,269,42,375,237,28,265,640
08/16/2003,PIE,FL,ASO,ES,Combined TRACON& Tower with Radar,20,7,61,6,94,5,12,236,17,270,25,19,297,23,364,58,0,58,422
08/17/2003,PIE,FL,ASO,ES,Combined TRACON& Tower with Radar,24,10,85,9,128,0,2,232,28,262,24,12,317,37,390,327,14,341,731
08/18/2003,PIE,FL,ASO,ES,Combined TRACON& Tower with Radar,28,6,83,9,126,3,0,172,33,208,31,6,255,42,334,209,40,249,583
08/19/2003,PIE,FL,ASO,ES,Combined TRACON& Tower with Radar,27,9,82,9,127,0,4,165,21,190,27,13,247,30,317,216,6,222,539
08/20/2003,PIE,FL,ASO,ES,Combined TRACON& Tower with Radar,26,8,82,9,125,0,4,117,19,140,26,12,199,28,265,196,52,248,513
08/21/2003,PIE,FL,ASO,ES,Combined TRACON& Tower with Radar,29,12,111,13,165,0,11,126,17,154,29,23,237,30,319,244,12,256,575
08/22/2003,PIE,FL,ASO,ES,Combined TRACON& Tower with Radar,25,8,71,8,112,2,17,176,29,224,27,25,247,37,336,232,12,244,580
08/23/2003,PIE,FL,ASO,ES,Combined TRACON& Tower with Radar,19,8,71,8,106,0,3,226,16,245,19,11,297,24,351,252,4,256,607
08/24/2003,PIE,FL,ASO,ES,Combined TRACON& Tower with Radar,22,8,78,8,116,0,6,164,5,175,22,14,242,13,291,172,8,180,471
08/25/2003,PIE,FL,ASO,ES,Combined TRACON& Tower with Radar,25,8,98,11,142,0,0,163,40,203,25,8,261,51,345,182,94,276,621
08/26/2003,PIE,FL,ASO,ES,Combined TRACON& Tower with Radar,25,9,86,10,130,0,12,166,35,213,25,21,252,45,343,232,36,268,611
08/27/2003,PIE,FL,ASO,ES,Combined TRACON& Tower with Radar,24,8,72,8,112,0,16,144,29,189,24,24,216,37,301,146,52,198,499
08/28/2003,PIE,FL,ASO,ES,Combined TRACON& Tower with Radar,32,10,95,11,148,0,11,154,49,214,32,21,249,60,362,188,62,250,612
08/29/2003,PIE,FL,ASO,ES,Combined TRACON& Tower with Radar,33,10,98,11,152,0,34,222,25,281,33,44,320,36,433,230,8,238,671
08/30/2003,PIE,FL,ASO,ES,Combined TRACON& Tower with Radar,16,4,45,5,70,3,6,244,8,261,19,10,289,13,331,304,12,316,647
08/31/2003,PIE,FL,ASO,ES,Combined TRACON& Tower with Radar,15,5,42,5,67,3,4,122,16,145,18,9,164,21,212,156,12,168,380
09/01/2003,PIE,FL,ASO,ES,Combined TRACON& Tower with Radar,24,10,70,11,115,0,6,143,5,154,24,16,213,16,269,148,22,170,439
09/02/2003,PIE,FL,ASO,ES,Combined TRACON& Tower with Radar,22,11,96,15,144,0,0,144,29,173,22,11,240,44,317,184,28,212,529
09/03/2003,PIE,FL,ASO,ES,Combined TRACON& Tower with Radar,23,11,69,11,114,4,15,125,24,168,27,26,194,35,282,183,28,211,493
09/04/2003,PIE,FL,ASO,ES,Combined TRACON& Tower with Radar,18,8,54,6,86,13,11,57,10,91,31,19,111,16,177,130,0,130,307
09/05/2003,PIE,FL,ASO,ES,Combined TRACON& Tower with Radar,23,10,70,10,113,5,1,28,15,49,28,11,98,25,162,14,108,122,284
09/06/2003,PIE,FL,ASO,ES,Combined TRACON& Tower with Radar,14,1,43,6,64,3,0,57,8,68,17,1,100,14,132,56,0,56,188
09/07/2003,PIE,FL,ASO,ES,Combined TRACON& Tower with Radar,24,11,81,11,127,0,8,163,6,177,24,19,244,17,304,298,8,306,610
09/08/2003,PIE,FL,ASO,ES,Combined TRACON& Tower with Radar,28,11,84,11,134,0,9,164,11,184,28,20,248,22,318,244,0,244,562
09/09/2003,PIE,FL,ASO,ES,Combined TRACON& Tower with Radar,20,10,74,10,114,0,3,188,28,219,20,13,262,38,333,254,22,276,609
09/10/2003,PIE,FL,ASO,ES,Combined TRACON& Tower with Radar,21,10,89,12,132,0,0,154,20,174,21,10,243,32,306,248,70,318,624
09/11/2003,PIE,FL,ASO,ES,Combined TRACON& Tower with Radar,28,11,86,12,137,1,11,183,32,227,29,22,269,44,364,214,48,262,626
09/12/2003,PIE,FL,ASO,ES,Combined TRACON& Tower with Radar,25,10,75,11,121,2,21,224,43,290,27,31,299,54,411,314,30,344,755
09/13/2003,PIE,FL,ASO,ES,Combined TRACON& Tower with Radar,16,6,55,7,84,0,0,226,42,268,16,6,281,49,352,287,4,291,643
09/14/2003,PIE,FL,ASO,ES,Combined TRACON& Tower with Radar,20,8,62,9,99,2,9,181,17,209,22,17,243,26,308,192,14,206,514
09/15/2003,PIE,FL,ASO,ES,Combined TRACON& Tower with Radar,22,9,68,10,109,6,4,174,23,207,28,13,242,33,316,172,74,246,562
09/16/2003,PIE,FL,ASO,ES,Combined TRACON& Tower with Radar,23,11,82,12,128,0,8,183,14,205,23,19,265,26,333,290,56,346,679
09/17/2003,PIE,FL,ASO,ES,Combined TRACON& Tower with Radar,23,8,72,11,114,0,0,145,27,172,23,8,217,38,286,178,74,252,538
09/18/2003,PIE,FL,ASO,ES,Combined TRACON& Tower with Radar,30,11,86,12,139,3,10,187,48,248,33,21,273,60,387,284,19,303,690
09/19/2003,PIE,FL,ASO,ES,Combined TRACON& Tower with Radar,24,9,69,11,113,3,22,189,42,256,27,31,258,53,369,184,34,218,587
09/20/2003,PIE,FL,ASO,ES,Combined TRACON& Tower with Radar,14,8,64,10,96,0,4,215,9,228,14,12,279,19,324,220,0,220,544
09/21/2003,PIE,FL,ASO,ES,Combined TRACON& Tower with Radar,23,9,65,10,107,0,19,157,14,190,23,28,222,24,297,178,4,182,479
09/22/2003,PIE,FL,ASO,ES,Combined TRACON& Tower with Radar,23,8,65,10,106,8,5,167,14,194,31,13,232,24,300,162,14,176,476
09/23/2003,PIE,FL,ASO,ES,Combined TRACON& Tower with Radar,24,11,81,12,128,0,5,140,43,188,24,16,221,55,316,176,64,240,556
09/24/2003,PIE,FL,ASO,ES,Combined TRACON& Tower with Radar,24,10,67,10,111,1,4,195,26,226,25,14,262,36,337,224,8,232,569
09/25/2003,PIE,FL,ASO,ES,Combined TRACON& Tower with Radar,28,10,80,11,129,3,12,118,29,162,31,22,198,40,291,148,26,174,465
09/26/2003,PIE,FL,ASO,ES,Combined TRACON& Tower with Radar,27,14,104,16,161,0,25,187,53,265,27,39,291,69,426,186,66,252,678
09/27/2003,PIE,FL,ASO,ES,Combined TRACON& Tower with Radar,19,7,56,8,90,0,8,244,11,263,19,15,300,19,353,324,8,332,685
09/28/2003,PIE,FL,ASO,ES,Combined TRACON& Tower with Radar,21,8,60,9,98,0,1,118,5,124,21,9,178,14,222,172,0,172,394
09/29/2003,PIE,FL,ASO,ES,Combined TRACON& Tower with Radar,25,9,70,11,115,5,5,72,15,97,30,14,142,26,212,56,16,72,284
09/30/2003,PIE,FL,ASO,ES,Combined TRACON& Tower with Radar,22,10,72,11,115,0,2,140,31,173,22,12,212,42,288,184,28,212,500
10/01/2003,PIE,FL,ASO,ES,Combined TRACON& Tower with Radar,25,11,73,7,116,0,1,153,26,180,25,12,226,33,296,232,74,306,602
10/02/2003,PIE,FL,ASO,ES,Combined TRACON& Tower with Radar,28,12,77,8,125,4,15,203,32,254,32,27,280,40,379,284,8,292,671
10/03/2003,PIE,FL,ASO,ES,Combined TRACON& Tower with Radar,28,14,92,9,143,0,11,255,24,290,28,25,347,33,433,328,4,332,765
10/04/2003,PIE,FL,ASO,ES,Combined TRACON& Tower with Radar,20,6,65,6,97,0,0,206,13,219,20,6,271,19,316,148,16,164,480
10/05/2003,PIE,FL,ASO,ES,Combined TRACON& Tower with Radar,21,10,62,5,98,0,12,188,18,218,21,22,250,23,316,260,10,270,586
10/06/2003,PIE,FL,ASO,ES,Combined TRACON& Tower with Radar,24,11,66,6,107,9,3,191,25,228,33,14,257,31,335,242,22,264,599
10/07/2003,PIE,FL,ASO,ES,Combined TRACON& Tower with Radar,27,13,86,7,133,0,2,157,23,182,27,15,243,30,315,302,12,314,629
10/08/2003,PIE,FL,ASO,ES,Combined TRACON& Tower with Radar,26,12,72,7,117,3,10,207,24,244,29,22,279,31,361,268,36,304,665
10/09/2003,PIE,FL,ASO,ES,Combined TRACON& Tower with Radar,33,14,91,7,145,1,19,191,20,231,34,33,282,27,376,318,10,328,704
10/10/2003,PIE,FL,ASO,ES,Combined TRACON& Tower with Radar,31,13,87,8,139,4,12,142,11,169,35,25,229,19,308,274,18,292,600
10/11/2003,PIE,FL,ASO,ES,Combined TRACON& Tower with Radar,23,8,67,5,103,0,0,250,19,269,23,8,317,24,372,296,16,312,684
10/12/2003,PIE,FL,ASO,ES,Combined TRACON& Tower with Radar,19,8,52,4,83,0,5,108,14,127,19,13,160,18,210,114,0,114,324
10/13/2003,PIE,FL,ASO,ES,Combined TRACON& Tower with Radar,27,11,75,6,119,9,8,138,2,157,36,19,213,8,276,142,56,198,474
10/14/2003,PIE,FL,ASO,ES,Combined TRACON& Tower with Radar,26,14,91,7,138,0,2,181,18,201,26,16,272,25,339,260,6,266,605
10/15/2003,PIE,FL,ASO,ES,Combined TRACON& Tower with Radar,28,12,86,7,133,0,11,178,26,215,28,23,264,33,348,300,30,330,678
10/16/2003,PIE,FL,ASO,ES,Combined TRACON& Tower with Radar,28,10,77,7,122,8,10,157,29,204,36,20,234,36,326,274,8,282,608
10/17/2003,PIE,FL,ASO,ES,Combined TRACON& Tower with Radar,33,12,94,8,147,0,28,217,25,270,33,40,311,33,417,248,12,260,677
10/18/2003,PIE,FL,ASO,ES,Combined TRACON& Tower with Radar,23,8,64,5,100,1,2,240,19,262,24,10,304,24,362,274,10,284,646
10/19/2003,PIE,FL,ASO,ES,Combined TRACON& Tower with Radar,26,9,70,5,110,0,17,218,19,254,26,26,288,24,364,196,4,200,564
10/20/2003,PIE,FL,ASO,ES,Combined TRACON& Tower with Radar,27,4,74,6,111,11,0,151,31,193,38,4,225,37,304,212,74,286,590
10/21/2003,PIE,FL,ASO,ES,Combined TRACON& Tower with Radar,26,14,104,9,153,0,20,218,25,263,26,34,322,34,416,238,0,238,654
10/22/2003,PIE,FL,ASO,ES,Combined TRACON& Tower with Radar,32,13,91,7,143,0,6,214,23,243,32,19,305,30,386,282,0,282,668
10/23/2003,PIE,FL,ASO,ES,Combined TRACON& Tower with Radar,34,13,92,8,147,5,42,227,18,292,39,55,319,26,439,340,0,340,779
10/24/2003,PIE,FL,ASO,ES,Combined TRACON& Tower with Radar,34,16,114,10,174,0,29,216,44,289,34,45,330,54,463,314,55,369,832
10/25/2003,PIE,FL,ASO,ES,Combined TRACON& Tower with Radar,27,9,72,6,114,0,7,281,18,306,27,16,353,24,420,216,30,246,666
10/26/2003,PIE,FL,ASO,ES,Combined TRACON& Tower with Radar,25,13,94,8,140,0,19,196,22,237,25,32,290,30,377,204,14,218,595
10/27/2003,PIE,FL,ASO,ES,Combined TRACON& Tower with Radar,35,14,94,9,152,2,10,146,28,186,37,24,240,37,338,238,72,310,648
10/28/2003,PIE,FL,ASO,ES,Combined TRACON& Tower with Radar,32,14,95,9,150,0,2,48,23,73,32,16,143,32,223,30,0,30,253
10/29/2003,PIE,FL,ASO,ES,Combined TRACON& Tower with Radar,31,12,81,7,131,0,10,200,21,231,31,22,281,28,362,278,36,314,676
10/30/2003,PIE,FL,ASO,ES,Combined TRACON& Tower with Radar,39,16,108,10,173,0,12,166,41,219,39,28,274,51,392,216,20,236,628
10/31/2003,PIE,FL,ASO,ES,Combined TRACON& Tower with Radar,35,14,94,9,152,11,17,188,30,246,46,31,282,39,398,312,6,318,716
11/01/2003,PIE,FL,ASO,ES,Combined TRACON& Tower with Radar,25,12,68,7,112,0,6,224,20,250,25,18,292,27,362,304,22,326,688
11/02/2003,PIE,FL,ASO,ES,Combined TRACON& Tower with Radar,25,12,78,9,124,0,15,226,14,255,25,27,304,23,379,212,58,270,649
11/03/2003,PIE,FL,ASO,ES,Combined TRACON& Tower with Radar,31,14,82,9,136,5,13,120,38,176,36,27,202,47,312,72,124,196,508
11/04/2003,PIE,FL,ASO,ES,Combined TRACON& Tower with Radar,28,16,98,11,153,0,2,216,33,251,28,18,314,44,404,236,18,254,658
11/05/2003,PIE,FL,ASO,ES,Combined TRACON& Tower with Radar,32,14,86,9,141,7,0,106,11,124,39,14,192,20,265,140,50,190,455
11/06/2003,PIE,FL,ASO,ES,Combined TRACON& Tower with Radar,34,15,90,9,148,9,16,89,26,140,43,31,179,35,288,120,30,150,438
11/07/2003,PIE,FL,ASO,ES,Combined TRACON& Tower with Radar,33,19,112,11,175,0,11,191,27,229,33,30,303,38,404,190,34,224,628
11/08/2003,PIE,FL,ASO,ES,Combined TRACON& Tower with Radar,22,10,65,6,103,0,10,186,29,225,22,20,251,35,328,216,16,232,560
11/09/2003,PIE,FL,ASO,ES,Combined TRACON& Tower with Radar,24,12,73,8,117,0,6,67,8,81,24,18,140,16,198,86,0,86,284
11/10/2003,PIE,FL,ASO,ES,Combined TRACON& Tower with Radar,35,15,93,10,153,1,3,232,20,256,36,18,325,30,409,274,0,274,683
11/11/2003,PIE,FL,ASO,ES,Combined TRACON& Tower with Radar,29,10,77,8,124,2,0,181,22,205,31,10,258,30,329,240,0,240,569
11/12/2003,PIE,FL,ASO,ES,Combined TRACON& Tower with Radar,28,13,75,7,123,5,13,271,28,317,33,26,346,35,440,362,0,362,802
11/13/2003,PIE,FL,ASO,ES,Combined TRACON& Tower with Radar,32,14,86,9,141,10,11,231,23,275,42,25,317,32,416,348,6,354,770
11/14/2003,PIE,FL,ASO,ES,Combined TRACON& Tower with Radar,34,15,94,10,153,0,13,198,27,238,34,28,292,37,391,312,44,356,747
11/15/2003,PIE,FL,ASO,ES,Combined TRACON& Tower with Radar,21,11,71,7,110,0,11,290,9,310,21,22,361,16,420,284,46,330,750
11/16/2003,PIE,FL,ASO,ES,Combined TRACON& Tower with Radar,25,12,76,7,120,0,7,225,15,247,25,19,301,22,367,292,0,292,659
11/17/2003,PIE,FL,ASO,ES,Combined TRACON& Tower with Radar,34,15,96,9,154,0,2,185,39,226,34,17,281,48,380,332,24,356,736
11/18/2003,PIE,FL,ASO,ES,Combined TRACON& Tower with Radar,28,15,100,10,153,0,10,215,44,269,28,25,315,54,422,218,80,298,720
11/19/2003,PIE,FL,ASO,ES,Combined TRACON& Tower with Radar,29,12,76,7,124,8,8,67,20,103,37,20,143,27,227,74,16,90,317
11/20/2003,PIE,FL,ASO,ES,Combined TRACON& Tower with Radar,40,16,104,11,171,4,16,193,49,262,44,32,297,60,433,310,28,338,771
11/21/2003,PIE,FL,ASO,ES,Combined TRACON& Tower with Radar,35,15,98,9,157,0,34,257,37,328,35,49,355,46,485,270,24,294,779
11/22/2003,PIE,FL,ASO,ES,Combined TRACON& Tower with Radar,25,10,65,6,106,3,6,246,22,277,28,16,311,28,383,314,10,324,707
11/23/2003,PIE,FL,ASO,ES,Combined TRACON& Tower with Radar,28,11,73,8,120,0,7,187,8,202,28,18,260,16,322,256,10,266,588
11/24/2003,PIE,FL,ASO,ES,Combined TRACON& Tower with Radar,36,15,99,10,160,0,17,129,21,167,36,32,228,31,327,156,28,184,511
11/25/2003,PIE,FL,ASO,ES,Combined TRACON& Tower with Radar,38,13,118,11,180,0,0,16,0,16,38,13,134,11,196,8,0,8,204
11/26/2003,PIE,FL,ASO,ES,Combined TRACON& Tower with Radar,39,17,109,11,176,0,2,171,12,185,39,19,280,23,361,212,58,270,631
11/27/2003,PIE,FL,ASO,ES,Combined TRACON& Tower with Radar,15,6,38,3,62,11,4,78,8,101,26,10,116,11,163,98,0,98,261
11/28/2003,PIE,FL,ASO,ES,Combined TRACON& Tower with Radar,24,11,62,6,103,2,5,128,11,146,26,16,190,17,249,166,0,166,415
11/29/2003,PIE,FL,ASO,ES,Combined TRACON& Tower with Radar,26,11,67,7,111,5,0,209,13,227,31,11,276,20,338,168,0,168,506
11/30/2003,PIE,FL,ASO,ES,Combined TRACON& Tower with Radar,28,15,89,10,142,0,9,195,2,206,28,24,284,12,348,298,4,302,650
12/01/2003,PIE,FL,ASO,ES,Combined TRACON& Tower with Radar,32,11,71,6,120,3,8,151,18,180,35,19,222,24,300,166,28,194,494
12/02/2003,PIE,FL,ASO,ES,Combined TRACON& Tower with Radar,32,13,85,7,137,0,4,175,43,222,32,17,260,50,359,244,44,288,647
12/03/2003,PIE,FL,ASO,ES,Combined TRACON& Tower with Radar,30,13,92,7,142,0,6,235,23,264,30,19,327,30,406,227,48,275,681
12/04/2003,PIE,FL,ASO,ES,Combined TRACON& Tower with Radar,33,11,74,6,124,4,13,147,33,197,37,24,221,39,321,258,32,290,611
12/05/2003,PIE,FL,ASO,ES,Combined TRACON& Tower with Radar,33,17,115,10,175,0,3,140,33,176,33,20,255,43,351,146,60,206,557
12/06/2003,PIE,FL,ASO,ES,Combined TRACON& Tower with Radar,25,9,58,4,96,2,2,163,7,174,27,11,221,11,270,156,6,162,432
12/07/2003,PIE,FL,ASO,ES,Combined TRACON& Tower with Radar,24,10,66,5,105,0,4,145,6,155,24,14,211,11,260,200,4,204,464
12/08/2003,PIE,FL,ASO,ES,Combined TRACON& Tower with Radar,37,13,82,7,139,1,0,165,23,189,38,13,247,30,328,246,4,250,578
12/09/2003,PIE,FL,ASO,ES,Combined TRACON& Tower with Radar,34,9,83,6,132,0,0,151,30,181,34,9,234,36,313,172,24,196,509
12/10/2003,PIE,FL,ASO,ES,Combined TRACON& Tower with Radar,29,13,84,6,132,0,0,114,16,130,29,13,198,22,262,50,38,88,350
12/11/2003,PIE,FL,ASO,ES,Combined TRACON& Tower with Radar,38,13,88,7,146,0,13,127,18,158,38,26,215,25,304,178,0,178,482
12/12/2003,PIE,FL,ASO,ES,Combined TRACON& Tower with Radar,35,12,80,6,133,1,12,196,27,236,36,24,276,33,369,236,0,236,605
12/13/2003,PIE,FL,ASO,ES,Combined TRACON& Tower with Radar,24,13,88,7,132,0,1,274,9,284,24,14,362,16,416,276,14,290,706
12/14/2003,PIE,FL,ASO,ES,Combined TRACON& Tower with Radar,23,6,52,3,84,0,10,42,8,60,23,16,94,11,144,16,0,16,160
12/15/2003,PIE,FL,ASO,ES,Combined TRACON& Tower with Radar,32,10,71,4,117,2,7,207,25,241,34,17,278,29,358,138,42,180,538
12/16/2003,PIE,FL,ASO,ES,Combined TRACON& Tower with Radar,31,11,80,6,128,0,8,144,43,195,31,19,224,49,323,196,74,270,593
12/17/2003,PIE,FL,ASO,ES,Combined TRACON& Tower with Radar,28,8,63,4,103,6,7,56,20,89,34,15,119,24,192,60,30,90,282
12/18/2003,PIE,FL,ASO,ES,Combined TRACON& Tower with Radar,39,12,86,7,144,9,10,174,18,211,48,22,260,25,355,172,14,186,541
12/19/2003,PIE,FL,ASO,ES,Combined TRACON& Tower with Radar,40,12,88,8,148,0,12,182,13,207,40,24,270,21,355,232,0,232,587
12/20/2003,PIE,FL,ASO,ES,Combined TRACON& Tower with Radar,23,7,51,4,85,8,4,226,20,258,31,11,277,24,343,218,4,222,565
12/21/2003,PIE,FL,ASO,ES,Combined TRACON& Tower with Radar,28,9,62,5,104,3,5,167,15,190,31,14,229,20,294,282,0,282,576
12/22/2003,PIE,FL,ASO,ES,Combined TRACON& Tower with Radar,35,11,76,6,128,6,3,213,24,246,41,14,289,30,374,284,0,284,658
12/23/2003,PIE,FL,ASO,ES,Combined TRACON& Tower with Radar,36,10,79,7,132,10,0,179,15,204,46,10,258,22,336,256,18,274,610
12/24/2003,PIE,FL,ASO,ES,Combined TRACON& Tower with Radar,20,6,43,4,73,15,5,150,11,181,35,11,193,15,254,180,0,180,434
12/25/2003,PIE,FL,ASO,ES,Combined TRACON& Tower with Radar,19,5,41,4,69,16,6,48,1,71,35,11,89,5,140,8,0,8,148
12/26/2003,PIE,FL,ASO,ES,Combined TRACON& Tower with Radar,36,12,78,7,133,0,17,246,11,274,36,29,324,18,407,300,0,300,707
12/27/2003,PIE,FL,ASO,ES,Combined TRACON& Tower with Radar,30,11,72,6,119,0,13,264,4,281,30,24,336,10,400,314,0,314,714
12/28/2003,PIE,FL,ASO,ES,Combined TRACON& Tower with Radar,29,9,62,5,105,5,14,189,7,215,34,23,251,12,320,268,0,268,588
12/29/2003,PIE,FL,ASO,ES,Combined TRACON& Tower with Radar,48,16,105,9,178,3,13,213,3,232,51,29,318,12,410,256,0,256,666
12/30/2003,PIE,FL,ASO,ES,Combined TRACON& Tower with Radar,38,15,121,10,184,0,0,218,10,228,38,15,339,20,412,276,1,277,689
12/31/2003,PIE,FL,ASO,ES,Combined TRACON& Tower with Radar,30,11,72,6,119,0,7,198,7,212,30,18,270,13,331,292,0,292,623
01/01/2004,PIE,FL,ASO,ES,Combined TRACON& Tower with Radar,28,10,72,8,118,13,10,96,13,132,41,20,168,21,250,100,6,106,356
01/02/2004,PIE,FL,ASO,ES,Combined TRACON& Tower with Radar,35,12,90,11,148,8,9,180,19,216,43,21,270,30,364,306,4,310,674
01/03/2004,PIE,FL,ASO,ES,Combined TRACON& Tower with Radar,29,12,94,11,146,0,9,238,9,256,29,21,332,20,402,300,8,308,710
01/04/2004,PIE,FL,ASO,ES,Combined TRACON& Tower with Radar,30,12,91,11,144,0,8,203,15,226,30,20,294,26,370,270,6,276,646
01/05/2004,PIE,FL,ASO,ES,Combined TRACON& Tower with Radar,31,10,79,9,129,3,9,188,7,207,34,19,267,16,336,208,10,218,554
01/06/2004,PIE,FL,ASO,ES,Combined TRACON& Tower with Radar,35,5,92,11,143,0,0,113,15,128,35,5,205,26,271,118,68,186,457
01/07/2004,PIE,FL,ASO,ES,Combined TRACON& Tower with Radar,35,13,97,12,157,0,0,161,29,190,35,13,258,41,347,163,64,227,574
01/08/2004,PIE,FL,ASO,ES,Combined TRACON& Tower with Radar,35,12,89,11,147,9,14,176,46,245,44,26,265,57,392,242,100,342,734
01/09/2004,PIE,FL,ASO,ES,Combined TRACON& Tower with Radar,35,16,115,13,179,0,13,161,60,234,35,29,276,73,413,184,92,276,689
01/10/2004,PIE,FL,ASO,ES,Combined TRACON& Tower with Radar,27,9,89,9,134,0,0,174,3,177,27,9,263,12,311,92,0,92,403
01/11/2004,PIE,FL,ASO,ES,Combined TRACON& Tower with Radar,25,9,64,6,104,7,13,142,18,180,32,22,206,24,284,142,0,142,426
01/12/2004,PIE,FL,ASO,ES,Combined TRACON& Tower with Radar,34,11,91,9,145,0,13,159,32,204,34,24,250,41,349,311,104,415,764
01/13/2004,PIE,FL,ASO,ES,Combined TRACON& Tower with Radar,38,9,107,11,165,0,0,171,51,222,38,9,278,62,387,276,120,396,783
01/14/2004,PIE,FL,ASO,ES,Combined TRACON& Tower with Radar,27,12,91,10,140,0,0,201,29,230,27,12,292,39,370,374,18,392,762
01/15/2004,PIE,FL,ASO,ES,Combined TRACON& Tower with Radar,43,15,112,12,182,6,5,182,55,248,49,20,294,67,430,300,62,362,792
01/16/2004,PIE,FL,ASO,ES,Combined TRACON& Tower with Radar,39,15,116,12,182,0,8,224,34,266,39,23,340,46,448,199,71,270,718
01/17/2004,PIE,FL,ASO,ES,Combined TRACON& Tower with Radar,24,7,62,7,100,2,18,188,17,225,26,25,250,24,325,278,0,278,603
01/18/2004,PIE,FL,ASO,ES,Combined TRACON& Tower with Radar,26,8,67,7,108,5,3,136,5,149,31,11,203,12,257,146,0,146,403
01/19/2004,PIE,FL,ASO,ES,Combined TRACON& Tower with Radar,33,10,84,9,136,5,10,116,5,136,38,20,200,14,272,94,32,126,398
01/20/2004,PIE,FL,ASO,ES,Combined TRACON& Tower with Radar,31,9,79,8,127,3,11,198,29,241,34,20,277,37,368,136,104,240,608
01/21/2004,PIE,FL,ASO,ES,Combined TRACON& Tower with Radar,27,12,98,10,147,0,16,222,32,270,27,28,320,42,417,348,12,360,777
01/22/2004,PIE,FL,ASO,ES,Combined TRACON& Tower with Radar,41,13,106,11,171,7,20,237,36,300,48,33,343,47,471,414,32,446,917
01/23/2004,PIE,FL,ASO,ES,Combined TRACON& Tower with Radar,36,11,91,9,147,0,29,213,35,277,36,40,304,44,424,264,18,282,706
01/24/2004,PIE,FL,ASO,ES,Combined TRACON& Tower with Radar,25,11,93,10,139,0,7,196,11,214,25,18,289,21,353,414,30,444,797
01/25/2004,PIE,FL,ASO,ES,Combined TRACON& Tower with Radar,32,10,83,8,133,1,5,199,19,224,33,15,282,27,357,224,14,238,595
01/26/2004,PIE,FL,ASO,ES,Combined TRACON& Tower with Radar,27,8,67,7,109,7,5,129,25,166,34,13,196,32,275,180,30,210,485
01/27/2004,PIE,FL,ASO,ES,Combined TRACON& Tower with Radar,29,9,72,7,117,7,11,91,38,147,36,20,163,45,264,70,44,114,378
01/28/2004,PIE,FL,ASO,ES,Combined TRACON& Tower with Radar,26,11,81,8,126,0,8,175,27,210,26,19,256,35,336,198,22,220,556
01/29/2004,PIE,FL,ASO,ES,Combined TRACON& Tower with Radar,44,15,109,11,179,4,22,191,37,254,48,37,300,48,433,210,12,222,655
01/30/2004,PIE,FL,ASO,ES,Combined TRACON& Tower with Radar,41,16,118,12,187,0,11,200,28,239,41,27,318,40,426,220,10,230,656
01/31/2004,PIE,FL,ASO,ES,Combined TRACON& Tower with Radar,28,8,69,7,112,2,0,123,2,127,30,8,192,9,239,200,0,200,439
02/01/2004,PIE,FL,ASO,ES,Combined TRACON& Tower with Radar,33,12,79,9,133,0,7,62,13,82,33,19,141,22,215,100,0,100,315
02/02/2004,PIE,FL,ASO,ES,Combined TRACON& Tower with Radar,36,13,86,9,144,8,1,95,8,112,44,14,181,17,256,164,28,192,448
02/03/2004,PIE,FL,ASO,ES,Combined TRACON& Tower with Radar,34,13,83,8,138,8,1,128,20,157,42,14,211,28,295,192,2,194,489
02/04/2004,PIE,FL,ASO,ES,Combined TRACON& Tower with Radar,27,9,66,6,108,8,2,136,19,165,35,11,202,25,273,328,8,336,609
02/05/2004,PIE,FL,ASO,ES,Combined TRACON& Tower with Radar,43,15,104,10,172,4,28,157,20,209,47,43,261,30,381,165,2,167,548
02/06/2004,PIE,FL,ASO,ES,Combined TRACON& Tower with Radar,34,13,90,9,146,0,17,203,29,249,34,30,293,38,395,113,22,135,530
02/07/2004,PIE,FL,ASO,ES,Combined TRACON& Tower with Radar,29,13,92,8,142,0,4,141,36,181,29,17,233,44,323,246,6,252,575
02/08/2004,PIE,FL,ASO,ES,Combined TRACON& Tower with Radar,31,11,76,8,126,2,2,136,31,171,33,13,212,39,297,132,0,132,429
02/09/2004,PIE,FL,ASO,ES,Combined TRACON& Tower with Radar,31,11,76,6,124,5,6,189,20,220,36,17,265,26,344,180,28,208,552
02/10/2004,PIE,FL,ASO,ES,Combined TRACON& Tower with Radar,35,13,85,7,140,0,1,179,20,200,35,14,264,27,340,226,2,228,568
02/11/2004,PIE,FL,ASO,ES,Combined TRACON& Tower with Radar,40,14,98,10,162,1,2,148,5,156,41,16,246,15,318,194,18,212,530
02/12/2004,PIE,FL,ASO,ES,Combined TRACON& Tower with Radar,53,20,137,13,223,0,3,74,12,89,53,23,211,25,312,98,0,98,410
02/13/2004,PIE,FL,ASO,ES,Combined TRACON& Tower with Radar,41,17,118,11,187,0,16,174,14,204,41,33,292,25,391,123,55,178,569
02/14/2004,PIE,FL,ASO,ES,Combined TRACON& Tower with Radar,29,11,73,6,119,3,9,64,12,88,32,20,137,18,207,46,12,58,265
02/15/2004,PIE,FL,ASO,ES,Combined TRACON& Tower with Radar,27,9,65,5,106,6,7,88,14,115,33,16,153,19,221,104,54,158,379
02/16/2004,PIE,FL,ASO,ES,Combined TRACON& Tower with Radar,29,9,69,6,113,7,3,132,1,143,36,12,201,7,256,230,0,230,486
02/17/2004,PIE,FL,ASO,ES,Combined TRACON& Tower with Radar,42,16,118,11,187,0,3,134,9,146,42,19,252,20,333,204,0,204,537
02/18/2004,PIE,FL,ASO,ES,Combined TRACON& Tower with Radar,42,15,106,9,172,0,5,234,37,276,42,20,340,46,448,202,60,262,710
02/19/2004,PIE,FL,ASO,ES,Combined TRACON& Tower with Radar,43,14,101,9,167,6,10,193,23,232,49,24,294,32,399,201,12,213,612
02/20/2004,PIE,FL,ASO,ES,Combined TRACON& Tower with Radar,35,17,126,11,189,0,24,265,47,336,35,41,391,58,525,312,20,332,857
02/21/2004,PIE,FL,ASO,ES,Combined TRACON& Tower with Radar,31,10,74,7,122,1,17,248,13,279,32,27,322,20,401,328,0,328,729
02/22/2004,PIE,FL,ASO,ES,Combined TRACON& Tower with Radar,35,13,86,8,142,0,1,177,23,201,35,14,263,31,343,230,14,244,587
02/23/2004,PIE,FL,ASO,ES,Combined TRACON& Tower with Radar,28,10,66,6,110,9,3,130,4,146,37,13,196,10,256,198,28,226,482
02/24/2004,PIE,FL,ASO,ES,Combined TRACON& Tower with Radar,32,11,75,6,124,12,8,5,0,25,44,19,80,6,149,28,0,28,177
02/25/2004,PIE,FL,ASO,ES,Combined TRACON& Tower with Radar,39,11,91,8,149,4,0,30,2,36,43,11,121,10,185,160,33,193,378
02/26/2004,PIE,FL,ASO,ES,Combined TRACON& Tower with Radar,47,17,116,11,191,0,13,179,24,216,47,30,295,35,407,166,14,180,587
02/27/2004,PIE,FL,ASO,ES,Combined TRACON& Tower with Radar,42,17,119,11,189,0,23,149,32,204,42,40,268,43,393,178,50,228,621
02/28/2004,PIE,FL,ASO,ES,Combined TRACON& Tower with Radar,30,13,87,9,139,0,5,278,28,311,30,18,365,37,450,308,8,316,766
02/29/2004,PIE,FL,ASO,ES,Combined TRACON& Tower with Radar,31,14,102,9,156,0,19,206,20,245,31,33,308,29,401,274,16,290,691
03/01/2004,PIE,FL,ASO,ES,Combined TRACON& Tower with Radar,32,14,81,9,136,8,9,167,20,204,40,23,248,29,340,152,48,200,540
03/02/2004,PIE,FL,ASO,ES,Combined TRACON& Tower with Radar,37,11,95,10,153,0,0,189,20,209,37,11,284,30,362,184,0,184,546
03/03/2004,PIE,FL,ASO,ES,Combined TRACON& Tower with Radar,35,15,89,10,149,5,2,159,15,181,40,17,248,25,330,190,0,190,520
03/04/2004,PIE,FL,ASO,ES,Combined TRACON& Tower with Radar,43,18,111,11,183,10,12,154,20,196,53,30,265,31,379,234,10,244,623
03/05/2004,PIE,FL,ASO,ES,Combined TRACON& Tower with Radar,37,18,108,12,175,0,4,249,42,295,37,22,357,54,470,224,42,266,736
03/06/2004,PIE,FL,ASO,ES,Combined TRACON& Tower with Radar,30,16,100,11,157,0,1,171,41,213,30,17,271,52,370,182,40,222,592
03/07/2004,PIE,FL,ASO,ES,Combined TRACON& Tower with Radar,32,15,108,11,166,0,0,22,12,34,32,15,130,23,200,16,0,16,216
03/08/2004,PIE,FL,ASO,ES,Combined TRACON& Tower with Radar,36,15,93,9,153,4,6,173,23,206,40,21,266,32,359,214,32,246,605
03/09/2004,PIE,FL,ASO,ES,Combined TRACON& Tower with Radar,42,15,108,10,175,9,0,203,11,223,51,15,311,21,398,140,28,168,566
03/10/2004,PIE,FL,ASO,ES,Combined TRACON& Tower with Radar,38,16,99,9,162,3,0,195,24,222,41,16,294,33,384,234,24,258,642
03/11/2004,PIE,FL,ASO,ES,Combined TRACON& Tower with Radar,39,16,100,10,165,13,16,197,43,269,52,32,297,53,434,392,50,442,876
03/12/2004,PIE,FL,ASO,ES,Combined TRACON& Tower with Radar,40,20,122,12,194,0,4,312,28,344,40,24,434,40,538,238,8,246,784
03/13/2004,PIE,FL,ASO,ES,Combined TRACON& Tower with Radar,31,15,97,9,152,0,6,258,15,279,31,21,355,24,431,260,6,266,697
03/14/2004,PIE,FL,ASO,ES,Combined TRACON& Tower with Radar,33,14,93,8,148,0,19,213,23,255,33,33,306,31,403,202,4,206,609
03/15/2004,PIE,FL,ASO,ES,Combined TRACON& Tower with Radar,42,16,105,9,172,1,8,33,26,68,43,24,138,35,240,40,12,52,292
03/16/2004,PIE,FL,ASO,ES,Combined TRACON& Tower with Radar,31,17,110,10,168,0,6,50,21,77,31,23,160,31,245,84,0,84,329
03/17/2004,PIE,FL,ASO,ES,Combined TRACON& Tower with Radar,41,18,119,11,189,0,11,219,24,254,41,29,338,35,443,190,22,212,655
03/18/2004,PIE,FL,ASO,ES,Combined TRACON& Tower with Radar,43,17,109,10,179,5,13,146,28,192,48,30,255,38,371,202,18,220,591
03/19/2004,PIE,FL,ASO,ES,Combined TRACON& Tower with Radar,40,21,137,13,211,0,21,282,48,351,40,42,419,61,562,386,28,414,976
03/20/2004,PIE,FL,ASO,ES,Combined TRACON& Tower with Radar,34,15,100,9,158,0,7,281,15,303,34,22,381,24,461,330,10,340,801
03/21/2004,PIE,FL,ASO,ES,Combined TRACON& Tower with Radar,31,15,99,9,154,0,15,180,21,216,31,30,279,30,370,306,34,340,710
03/22/2004,PIE,FL,ASO,ES,Combined TRACON& Tower with Radar,37,13,93,8,151,4,10,188,14,216,41,23,281,22,367,216,0,216,583
03/23/2004,PIE,FL,ASO,ES,Combined TRACON& Tower with Radar,37,14,97,9,157,0,4,156,12,172,37,18,253,21,329,208,4,212,541
03/24/2004,PIE,FL,ASO,ES,Combined TRACON& Tower with Radar,36,14,90,8,148,3,5,130,19,157,39,19,220,27,305,106,27,133,438
03/25/2004,PIE,FL,ASO,ES,Combined TRACON& Tower with Radar,36,14,91,9,150,13,14,160,23,210,49,28,251,32,360,188,22,210,570
03/26/2004,PIE,FL,ASO,ES,Combined TRACON& Tower with Radar,41,16,102,10,169,1,18,154,23,196,42,34,256,33,365,216,22,238,603
03/27/2004,PIE,FL,ASO,ES,Combined TRACON& Tower with Radar,28,11,70,8,117,6,7,196,12,221,34,18,266,20,338,304,4,308,646
03/28/2004,PIE,FL,ASO,ES,Combined TRACON& Tower with Radar,30,13,87,8,138,0,24,224,13,261,30,37,311,21,399,294,4,298,697
03/29/2004,PIE,FL,ASO,ES,Combined TRACON& Tower with Radar,30,12,74,8,124,13,16,192,17,238,43,28,266,25,362,238,36,274,636
03/30/2004,PIE,FL,ASO,ES,Combined TRACON& Tower with Radar,35,17,101,9,162,0,1,154,18,173,35,18,255,27,335,200,30,230,565
03/31/2004,PIE,FL,ASO,ES,Combined TRACON& Tower with Radar,37,15,92,9,153,5,12,173,14,204,42,27,265,23,357,208,42,250,607
04/01/2004,PIE,FL,ASO,ES,Combined TRACON& Tower with Radar,33,12,87,7,139,19,11,138,29,197,52,23,225,36,336,260,4,264,600
04/02/2004,PIE,FL,ASO,ES,Combined TRACON& Tower with Radar,39,13,104,7,163,0,23,227,51,301,39,36,331,58,464,230,134,364,828
04/03/2004,PIE,FL,ASO,ES,Combined TRACON& Tower with Radar,21,7,56,4,88,12,6,187,29,234,33,13,243,33,322,254,24,278,600
04/04/2004,PIE,FL,ASO,ES,Combined TRACON& Tower with Radar,30,10,81,6,127,1,0,175,23,199,31,10,256,29,326,152,26,178,504
04/05/2004,PIE,FL,ASO,ES,Combined TRACON& Tower with Radar,32,11,86,6,135,8,8,193,33,242,40,19,279,39,377,170,76,246,623
04/06/2004,PIE,FL,ASO,ES,Combined TRACON& Tower with Radar,36,12,99,7,154,0,2,152,24,178,36,14,251,31,332,260,35,295,627
04/07/2004,PIE,FL,ASO,ES,Combined TRACON& Tower with Radar,45,14,129,9,197,0,0,155,17,172,45,14,284,26,369,136,32,168,537
04/08/2004,PIE,FL,ASO,ES,Combined TRACON& Tower with Radar,49,15,130,9,203,1,13,121,22,157,50,28,251,31,360,114,8,122,482
04/09/2004,PIE,FL,ASO,ES,Combined TRACON& Tower with Radar,39,16,125,8,188,0,24,236,34,294,39,40,361,42,482,319,68,387,869
04/10/2004,PIE,FL,ASO,ES,Combined TRACON& Tower with Radar,31,10,83,6,130,4,2,184,9,199,35,12,267,15,329,247,0,247,576
04/11/2004,PIE,FL,ASO,ES,Combined TRACON& Tower with Radar,33,12,100,7,152,0,5,125,8,138,33,17,225,15,290,144,0,144,434
04/12/2004,PIE,FL,ASO,ES,Combined TRACON& Tower with Radar,40,14,109,7,170,3,8,45,19,75,43,22,154,26,245,74,0,74,319
04/13/2004,PIE,FL,ASO,ES,Combined TRACON& Tower with Radar,34,11,91,6,142,4,6,79,17,106,38,17,170,23,248,116,8,124,372
04/14/2004,PIE,FL,ASO,ES,Combined TRACON& Tower with Radar,38,12,102,7,159,1,3,70,20,94,39,15,172,27,253,62,38,100,353
04/15/2004,PIE,FL,ASO,ES,Combined TRACON& Tower with Radar,49,16,132,9,206,1,17,202,21,241,50,33,334,30,447,314,0,314,761
04/16/2004,PIE,FL,ASO,ES,Combined TRACON& Tower with Radar,37,11,97,7,152,3,24,234,34,295,40,35,331,41,447,324,48,372,819
04/17/2004,PIE,FL,ASO,ES,Combined TRACON& Tower with Radar,34,10,90,6,140,1,9,215,21,246,35,19,305,27,386,292,6,298,684
04/18/2004,PIE,FL,ASO,ES,Combined TRACON& Tower with Radar,38,12,106,7,163,0,12,204,24,240,38,24,310,31,403,226,28,254,657
04/19/2004,PIE,FL,ASO,ES,Combined TRACON& Tower with Radar,38,12,100,6,156,5,13,185,20,223,43,25,285,26,379,222,24,246,625
04/20/2004,PIE,FL,ASO,ES,Combined TRACON& Tower with Radar,38,13,110,8,169,0,10,222,32,264,38,23,332,40,433,278,30,308,741
04/21/2004,PIE,FL,ASO,ES,Combined TRACON& Tower with Radar,39,14,122,9,184,0,12,181,21,214,39,26,303,30,398,241,26,267,665
04/22/2004,PIE,FL,ASO,ES,Combined TRACON& Tower with Radar,43,13,112,8,176,2,22,203,40,267,45,35,315,48,443,264,42,306,749
04/23/2004,PIE,FL,ASO,ES,Combined TRACON& Tower with Radar,37,15,129,9,190,0,16,238,28,282,37,31,367,37,472,338,20,358,830
04/24/2004,PIE,FL,ASO,ES,Combined TRACON& Tower with Radar,26,8,67,4,105,9,6,177,17,209,35,14,244,21,314,214,24,238,552
04/25/2004,PIE,FL,ASO,ES,Combined TRACON& Tower with Radar,33,13,99,6,151,0,11,213,8,232,33,24,312,14,383,214,0,214,597
04/26/2004,PIE,FL,ASO,ES,Combined TRACON& Tower with Radar,38,12,120,9,179,0,0,138,22,160,38,12,258,31,339,214,44,258,597
04/27/2004,PIE,FL,ASO,ES,Combined TRACON& Tower with Radar,32,15,121,9,177,0,0,159,21,180,32,15,280,30,357,220,14,234,591
04/28/2004,PIE,FL,ASO,ES,Combined TRACON& Tower with Radar,38,15,117,9,179,0,2,178,4,184,38,17,295,13,363,250,0,250,613
04/29/2004,PIE,FL,ASO,ES,Combined TRACON& Tower with Radar,38,12,99,7,156,5,21,169,29,224,43,33,268,36,380,206,36,242,622
04/30/2004,PIE,FL,ASO,ES,Combined TRACON& Tower with Radar,38,14,112,8,172,0,20,168,32,220,38,34,280,40,392,268,14,282,674
05/01/2004,PIE,FL,ASO,ES,Combined TRACON& Tower with Radar,29,10,62,7,108,8,3,201,6,218,37,13,263,13,326,224,0,224,550
05/02/2004,PIE,FL,ASO,ES,Combined TRACON& Tower with Radar,36,12,75,9,132,2,14,168,11,195,38,26,243,20,327,204,4,208,535
05/03/2004,PIE,FL,ASO,ES,Combined TRACON& Tower with Radar,37,13,79,8,137,4,10,52,17,83,41,23,131,25,220,104,12,116,336
05/04/2004,PIE,FL,ASO,ES,Combined TRACON& Tower with Radar,31,4,68,8,111,0,0,201,13,214,31,4,269,21,325,332,10,342,667
05/05/2004,PIE,FL,ASO,ES,Combined TRACON& Tower with Radar,31,14,90,10,145,0,0,181,4,185,31,14,271,14,330,354,18,372,702
05/06/2004,PIE,FL,ASO,ES,Combined TRACON& Tower with Radar,36,12,76,8,132,7,13,235,27,282,43,25,311,35,414,248,40,288,702
05/07/2004,PIE,FL,ASO,ES,Combined TRACON& Tower with Radar,38,13,81,8,140,4,14,220,17,255,42,27,301,25,395,230,30,260,655
05/08/2004,PIE,FL,ASO,ES,Combined TRACON& Tower with Radar,22,8,46,5,81,12,7,234,15,268,34,15,280,20,349,298,4,302,651
05/09/2004,PIE,FL,ASO,ES,Combined TRACON& Tower with Radar,29,9,61,6,105,9,7,183,18,217,38,16,244,24,322,182,10,192,514
05/10/2004,PIE,FL,ASO,ES,Combined TRACON& Tower with Radar,35,12,74,8,129,9,7,183,15,214,44,19,257,23,343,270,14,284,627
05/11/2004,PIE,FL,ASO,ES,Combined TRACON& Tower with Radar,38,14,88,9,149,0,5,206,26,237,38,19,294,35,386,284,0,284,670
05/12/2004,PIE,FL,ASO,ES,Combined TRACON& Tower with Radar,32,13,84,8,137,0,7,146,18,171,32,20,230,26,308,118,26,144,452
05/13/2004,PIE,FL,ASO,ES,Combined TRACON& Tower with Radar,37,15,93,9,154,0,5,193,40,238,37,20,286,49,392,240,10,250,642
05/14/2004,PIE,FL,ASO,ES,Combined TRACON& Tower with Radar,39,15,96,9,159,0,15,195,62,272,39,30,291,71,431,256,32,288,719
05/15/2004,PIE,FL,ASO,ES,Combined TRACON& Tower with Radar,27,9,59,6,101,3,2,235,18,258,30,11,294,24,359,274,0,274,633
05/16/2004,PIE,FL,ASO,ES,Combined TRACON& Tower with Radar,32,11,70,7,120,6,6,134,42,188,38,17,204,49,308,210,8,218,526
05/17/2004,PIE,FL,ASO,ES,Combined TRACON& Tower with Radar,38,12,81,7,138,0,10,170,25,205,38,22,251,32,343,256,8,264,607
05/18/2004,PIE,FL,ASO,ES,Combined TRACON& Tower with Radar,31,13,88,8,140,0,2,183,36,221,31,15,271,44,361,266,22,288,649
05/19/2004,PIE,FL,ASO,ES,Combined TRACON& Tower with Radar,34,13,89,9,145,0,11,174,9,194,34,24,263,18,339,202,24,226,565
05/20/2004,PIE,FL,ASO,ES,Combined TRACON& Tower with Radar,32,9,67,6,114,3,11,191,20,225,35,20,258,26,339,204,6,210,549
05/21/2004,PIE,FL,ASO,ES,Combined TRACON& Tower with Radar,41,13,85,8,147,0,25,236,30,291,41,38,321,38,438,310,28,338,776
05/22/2004,PIE,FL,ASO,ES,Combined TRACON& Tower with Radar,27,7,55,5,94,3,7,252,14,276,30,14,307,19,370,272,4,276,646
05/23/2004,PIE,FL,ASO,ES,Combined TRACON& Tower with Radar,30,11,73,7,121,0,9,182,12,203,30,20,255,19,324,204,4,208,532
05/24/2004,PIE,FL,ASO,ES,Combined TRACON& Tower with Radar,36,13,86,8,143,0,5,180,24,209,36,18,266,32,352,246,22,268,620
05/25/2004,PIE,FL,ASO,ES,Combined TRACON& Tower with Radar,33,12,83,8,136,0,8,214,10,232,33,20,297,18,368,210,20,230,598
05/26/2004,PIE,FL,ASO,ES,Combined TRACON& Tower with Radar,34,12,79,7,132,0,19,165,16,200,34,31,244,23,332,214,24,238,570
05/27/2004,PIE,FL,ASO,ES,Combined TRACON& Tower with Radar,45,15,102,10,172,0,7,206,37,250,45,22,308,47,422,242,16,258,680
05/28/2004,PIE,FL,ASO,ES,Combined TRACON& Tower with Radar,38,12,78,7,135,7,24,243,25,299,45,36,321,32,434,362,0,362,796
05/29/2004,PIE,FL,ASO,ES,Combined TRACON& Tower with Radar,27,8,56,5,96,3,6,238,27,274,30,14,294,32,370,272,14,286,656
05/30/2004,PIE,FL,ASO,ES,Combined TRACON& Tower with Radar,25,8,50,6,89,1,11,141,19,172,26,19,191,25,261,190,12,202,463
05/31/2004,PIE,FL,ASO,ES,Combined TRACON& Tower with Radar,25,8,49,5,87,4,11,163,14,192,29,19,212,19,279,170,0,170,449
06/01/2004,PIE,FL,ASO,ES,Combined TRACON& Tower with Radar,33,11,76,9,129,0,7,157,10,174,33,18,233,19,303,166,8,174,477
06/02/2004,PIE,FL,ASO,ES,Combined TRACON& Tower with Radar,35,11,78,9,133,0,12,200,32,244,35,23,278,41,377,222,8,230,607
06/03/2004,PIE,FL,ASO,ES,Combined TRACON& Tower with Radar,40,11,83,8,142,0,28,153,27,208,40,39,236,35,350,282,14,296,646
06/04/2004,PIE,FL,ASO,ES,Combined TRACON& Tower with Radar,40,12,85,8,145,0,14,233,14,261,40,26,318,22,406,216,16,232,638
06/05/2004,PIE,FL,ASO,ES,Combined TRACON& Tower with Radar,31,8,60,6,105,0,3,172,14,189,31,11,232,20,294,132,16,148,442
06/06/2004,PIE,FL,ASO,ES,Combined TRACON& Tower with Radar,30,8,60,6,104,0,12,200,14,226,30,20,260,20,330,224,16,240,570
06/07/2004,PIE,FL,ASO,ES,Combined TRACON& Tower with Radar,30,8,59,5,102,6,10,159,20,195,36,18,218,25,297,168,0,168,465
06/08/2004,PIE,FL,ASO,ES,Combined TRACON& Tower with Radar,34,9,68,7,118,0,10,147,29,186,34,19,215,36,304,166,46,212,516
06/09/2004,PIE,FL,ASO,ES,Combined TRACON& Tower with Radar,35,10,74,7,126,0,5,139,12,156,35,15,213,19,282,176,20,196,478
06/10/2004,PIE,FL,ASO,ES,Combined TRACON& Tower with Radar,41,12,87,8,148,0,14,245,45,304,41,26,332,53,452,274,96,370,822
06/11/2004,PIE,FL,ASO,ES,Combined TRACON& Tower with Radar,40,10,78,7,135,3,16,251,17,287,43,26,329,24,422,194,6,200,622
06/12/2004,PIE,FL,ASO,ES,Combined TRACON& Tower with Radar,26,7,52,5,90,11,5,200,24,240,37,12,252,29,330,252,14,266,596
06/13/2004,PIE,FL,ASO,ES,Combined TRACON& Tower with Radar,32,9,69,7,117,0,12,124,42,178,32,21,193,49,295,156,18,174,469
06/14/2004,PIE,FL,ASO,ES,Combined TRACON& Tower with Radar,36,9,70,6,121,2,8,177,29,216,38,17,247,35,337,198,38,236,573
06/15/2004,PIE,FL,ASO,ES,Combined TRACON& Tower with Radar,34,11,84,8,137,0,2,144,38,184,34,13,228,46,321,134,16,150,471
06/16/2004,PIE,FL,ASO,ES,Combined TRACON& Tower with Radar,39,9,73,7,128,2,2,91,21,116,41,11,164,28,244,148,2,150,394
06/17/2004,PIE,FL,ASO,ES,Combined TRACON& Tower with Radar,34,8,65,6,113,0,6,178,14,198,34,14,243,20,311,278,24,302,613
06/18/2004,PIE,FL,ASO,ES,Combined TRACON& Tower with Radar,35,7,65,6,113,8,8,237,12,265,43,15,302,18,378,250,3,253,631
06/19/2004,PIE,FL,ASO,ES,Combined TRACON& Tower with Radar,35,7,67,6,115,1,11,180,2,194,36,18,247,8,309,274,0,274,583
06/20/2004,PIE,FL,ASO,ES,Combined TRACON& Tower with Radar,27,6,50,5,88,5,3,130,11,149,32,9,180,16,237,86,0,86,323
06/21/2004,PIE,FL,ASO,ES,Combined TRACON& Tower with Radar,40,10,76,7,133,0,2,168,18,188,40,12,244,25,321,236,32,268,589
06/22/2004,PIE,FL,ASO,ES,Combined TRACON& Tower with Radar,34,11,88,8,141,0,6,156,18,180,34,17,244,26,321,172,14,186,507
06/23/2004,PIE,FL,ASO,ES,Combined TRACON& Tower with Radar,42,9,77,7,135,0,0,159,16,175,42,9,236,23,310,250,6,256,566
06/24/2004,PIE,FL,ASO,ES,Combined TRACON& Tower with Radar,40,10,73,7,130,1,10,176,32,219,41,20,249,39,349,197,44,241,590
06/25/2004,PIE,FL,ASO,ES,Combined TRACON& Tower with Radar,35,9,65,7,116,6,18,181,22,227,41,27,246,29,343,216,74,290,633
06/26/2004,PIE,FL,ASO,ES,Combined TRACON& Tower with Radar,28,7,50,5,90,7,3,194,3,207,35,10,244,8,297,234,0,234,531
06/27/2004,PIE,FL,ASO,ES,Combined TRACON& Tower with Radar,33,10,73,7,123,0,13,152,18,183,33,23,225,25,306,220,0,220,526
06/28/2004,PIE,FL,ASO,ES,Combined TRACON& Tower with Radar,30,6,54,5,95,8,0,128,8,144,38,6,182,13,239,204,12,216,455
06/29/2004,PIE,FL,ASO,ES,Combined TRACON& Tower with Radar,38,10,70,7,125,0,0,169,29,198,38,10,239,36,323,176,20,196,519
06/30/2004,PIE,FL,ASO,ES,Combined TRACON& Tower with Radar,35,9,64,6,114,6,3,190,20,219,41,12,254,26,333,296,44,340,673
07/01/2004,PIE,FL,ASO,ES,Combined TRACON& Tower with Radar,38,10,66,9,123,4,12,216,11,243,42,22,282,20,366,284,14,298,664
07/02/2004,PIE,FL,ASO,ES,Combined TRACON& Tower with Radar,38,10,65,9,122,9,19,185,8,221,47,29,250,17,343,216,0,216,559
07/03/2004,PIE,FL,ASO,ES,Combined TRACON& Tower with Radar,25,7,43,6,81,10,7,184,17,218,35,14,227,23,299,292,0,292,591
07/04/2004,PIE,FL,ASO,ES,Combined TRACON& Tower with Radar,20,5,34,5,64,1,4,79,12,96,21,9,113,17,160,128,0,128,288
07/05/2004,PIE,FL,ASO,ES,Combined TRACON& Tower with Radar,29,8,49,7,93,3,10,141,0,154,32,18,190,7,247,142,2,144,391
07/06/2004,PIE,FL,ASO,ES,Combined TRACON& Tower with Radar,41,11,70,9,131,6,2,201,15,224,47,13,271,24,355,178,44,222,577
07/07/2004,PIE,FL,ASO,ES,Combined TRACON& Tower with Radar,34,9,59,8,110,3,1,97,19,120,37,10,156,27,230,110,48,158,388
07/08/2004,PIE,FL,ASO,ES,Combined TRACON& Tower with Radar,43,11,75,9,138,8,22,174,43,247,51,33,249,52,385,222,26,248,633
07/09/2004,PIE,FL,ASO,ES,Combined TRACON& Tower with Radar,40,13,84,10,147,0,21,246,43,310,40,34,330,53,457,292,32,324,781
07/10/2004,PIE,FL,ASO,ES,Combined TRACON& Tower with Radar,34,7,58,7,106,2,0,210,20,232,36,7,268,27,338,266,14,280,618
07/11/2004,PIE,FL,ASO,ES,Combined TRACON& Tower with Radar,31,8,53,6,98,2,10,168,21,201,33,18,221,27,299,184,0,184,483
07/12/2004,PIE,FL,ASO,ES,Combined TRACON& Tower with Radar,32,8,56,7,103,8,3,167,21,199,40,11,223,28,302,236,70,306,608
07/13/2004,PIE,FL,ASO,ES,Combined TRACON& Tower with Radar,42,11,88,12,153,0,0,149,33,182,42,11,237,45,335,180,24,204,539
07/14/2004,PIE,FL,ASO,ES,Combined TRACON& Tower with Radar,41,14,98,12,165,0,4,168,43,215,41,18,266,55,380,250,104,354,734
07/15/2004,PIE,FL,ASO,ES,Combined TRACON& Tower with Radar,45,12,78,9,144,0,14,175,35,224,45,26,253,44,368,250,78,328,696
07/16/2004,PIE,FL,ASO,ES,Combined TRACON& Tower with Radar,41,12,85,11,149,0,18,214,15,247,41,30,299,26,396,184,32,216,612
07/17/2004,PIE,FL,ASO,ES,Combined TRACON& Tower with Radar,26,7,46,5,84,12,2,119,2,135,38,9,165,7,219,46,0,46,265
07/18/2004,PIE,FL,ASO,ES,Combined TRACON& Tower with Radar,26,6,45,3,80,10,5,67,0,82,36,11,112,3,162,4,0,4,166
07/19/2004,PIE,FL,ASO,ES,Combined TRACON& Tower with Radar,30,7,52,7,96,9,10,11,14,44,39,17,63,21,140,18,0,18,158
07/20/2004,PIE,FL,ASO,ES,Combined TRACON& Tower with Radar,44,11,79,9,143,0,7,40,13,60,44,18,119,22,203,40,0,40,243
07/21/2004,PIE,FL,ASO,ES,Combined TRACON& Tower with Radar,40,11,82,10,143,0,3,187,5,195,40,14,269,15,338,208,24,232,570
07/22/2004,PIE,FL,ASO,ES,Combined TRACON& Tower with Radar,46,13,98,12,169,0,19,229,23,271,46,32,327,35,440,280,16,296,736
07/23/2004,PIE,FL,ASO,ES,Combined TRACON& Tower with Radar,42,13,92,12,159,0,17,200,32,249,42,30,292,44,408,280,16,296,704
07/24/2004,PIE,FL,ASO,ES,Combined TRACON& Tower with Radar,27,5,45,6,83,9,0,135,1,145,36,5,180,7,228,174,0,174,402
07/25/2004,PIE,FL,ASO,ES,Combined TRACON& Tower with Radar,34,9,73,9,125,0,6,192,22,220,34,15,265,31,345,204,4,208,553
07/26/2004,PIE,FL,ASO,ES,Combined TRACON& Tower with Radar,38,8,65,8,119,4,5,152,9,170,42,13,217,17,289,117,32,149,438
07/27/2004,PIE,FL,ASO,ES,Combined TRACON& Tower with Radar,36,8,60,8,112,2,7,124,2,135,38,15,184,10,247,96,8,104,351
07/28/2004,PIE,FL,ASO,ES,Combined TRACON& Tower with Radar,39,8,65,8,120,2,10,93,21,126,41,18,158,29,246,122,54,176,422
07/29/2004,PIE,FL,ASO,ES,Combined TRACON& Tower with Radar,47,13,96,12,168,0,29,161,30,220,47,42,257,42,388,146,64,210,598
07/30/2004,PIE,FL,ASO,ES,Combined TRACON& Tower with Radar,41,12,89,11,153,0,16,261,16,293,41,28,350,27,446,294,12,306,752
07/31/2004,PIE,FL,ASO,ES,Combined TRACON& Tower with Radar,32,8,53,6,99,4,1,234,17,256,36,9,287,23,355,230,0,230,585
08/01/2004,PIE,FL,ASO,ES,Combined TRACON& Tower with Radar,27,6,48,6,87,9,15,53,11,88,36,21,101,17,175,32,4,36,211
08/02/2004,PIE,FL,ASO,ES,Combined TRACON& Tower with Radar,31,8,55,7,101,9,2,60,4,75,40,10,115,11,176,76,0,76,252
08/03/2004,PIE,FL,ASO,ES,Combined TRACON& Tower with Radar,42,12,91,10,155,0,4,111,24,139,42,16,202,34,294,148,16,164,458
08/04/2004,PIE,FL,ASO,ES,Combined TRACON& Tower with Radar,37,9,65,7,118,3,1,73,10,87,40,10,138,17,205,76,2,78,283
08/05/2004,PIE,FL,ASO,ES,Combined TRACON& Tower with Radar,41,10,74,8,133,4,20,148,31,203,45,30,222,39,336,164,93,257,593
08/06/2004,PIE,FL,ASO,ES,Combined TRACON& Tower with Radar,40,11,84,10,145,0,13,224,17,254,40,24,308,27,399,204,52,256,655
08/07/2004,PIE,FL,ASO,ES,Combined TRACON& Tower with Radar,31,3,55,6,95,6,0,150,7,163,37,3,205,13,258,204,0,204,462
08/08/2004,PIE,FL,ASO,ES,Combined TRACON& Tower with Radar,33,8,61,7,109,0,8,119,18,145,33,16,180,25,254,114,4,118,372
08/09/2004,PIE,FL,ASO,ES,Combined TRACON& Tower with Radar,44,12,87,10,153,0,3,135,21,159,44,15,222,31,312,148,24,172,484
08/10/2004,PIE,FL,ASO,ES,Combined TRACON& Tower with Radar,41,10,78,9,138,0,3,147,19,169,41,13,225,28,307,230,26,256,563
08/11/2004,PIE,FL,ASO,ES,Combined TRACON& Tower with Radar,40,10,77,7,134,0,2,155,6,163,40,12,232,13,297,208,0,208,505
08/12/2004,PIE,FL,ASO,ES,Combined TRACON& Tower with Radar,44,13,96,10,163,0,4,153,5,162,44,17,249,15,325,74,0,74,399
08/13/2004,PIE,FL,ASO,ES,Combined TRACON& Tower with Radar,0,0,3,0,3,0,0,6,0,6,0,0,9,0,9,0,0,0,9
08/14/2004,PIE,FL,ASO,ES,Combined TRACON& Tower with Radar,33,7,61,6,107,0,0,98,11,109,33,7,159,17,216,22,0,22,238
08/15/2004,PIE,FL,ASO,ES,Combined TRACON& Tower with Radar,30,7,55,6,98,7,9,155,19,190,37,16,210,25,288,178,4,182,470
08/16/2004,PIE,FL,ASO,ES,Combined TRACON& Tower with Radar,30,7,57,6,100,14,4,122,12,152,44,11,179,18,252,148,0,148,400
08/17/2004,PIE,FL,ASO,ES,Combined TRACON& Tower with Radar,38,9,69,7,123,1,7,166,29,203,39,16,235,36,326,226,42,268,594
08/18/2004,PIE,FL,ASO,ES,Combined TRACON& Tower with Radar,41,9,75,7,132,2,6,116,14,138,43,15,191,21,270,108,0,108,378
08/19/2004,PIE,FL,ASO,ES,Combined TRACON& Tower with Radar,40,8,72,8,128,1,20,206,33,260,41,28,278,41,388,280,50,330,718
08/20/2004,PIE,FL,ASO,ES,Combined TRACON& Tower with Radar,41,8,79,8,136,0,19,246,34,299,41,27,325,42,435,262,54,316,751
08/21/2004,PIE,FL,ASO,ES,Combined TRACON& Tower with Radar,32,7,57,5,101,1,7,178,17,203,33,14,235,22,304,182,6,188,492
08/22/2004,PIE,FL,ASO,ES,Combined TRACON& Tower with Radar,39,8,69,7,123,0,8,263,16,287,39,16,332,23,410,242,8,250,660
08/23/2004,PIE,FL,ASO,ES,Combined TRACON& Tower with Radar,37,8,65,6,116,2,6,165,35,208,39,14,230,41,324,170,26,196,520
08/24/2004,PIE,FL,ASO,ES,Combined TRACON& Tower with Radar,35,8,74,7,124,0,5,187,24,216,35,13,261,31,340,160,50,210,550
08/25/2004,PIE,FL,ASO,ES,Combined TRACON& Tower with Radar,34,8,73,7,122,0,6,115,12,133,34,14,188,19,255,110,4,114,369
08/26/2004,PIE,FL,ASO,ES,Combined TRACON& Tower with Radar,42,9,77,8,136,0,20,158,22,200,42,29,235,30,336,140,22,162,498
08/27/2004,PIE,FL,ASO,ES,Combined TRACON& Tower with Radar,39,10,81,8,138,0,30,269,38,337,39,40,350,46,475,320,18,338,813
08/28/2004,PIE,FL,ASO,ES,Combined TRACON& Tower with Radar,33,7,58,6,104,2,2,236,19,259,35,9,294,25,363,238,4,242,605
08/29/2004,PIE,FL,ASO,ES,Combined TRACON& Tower with Radar,37,8,65,7,117,3,8,199,21,231,40,16,264,28,348,218,2,220,568
08/30/2004,PIE,FL,ASO,ES,Combined TRACON& Tower with Radar,38,9,69,7,123,0,17,127,28,172,38,26,196,35,295,196,24,220,515
08/31/2004,PIE,FL,ASO,ES,Combined TRACON& Tower with Radar,36,9,65,6,116,0,0,182,40,222,36,9,247,46,338,168,18,186,524
09/01/2004,PIE,FL,ASO,ES,Combined TRACON& Tower with Radar,29,4,62,7,102,9,0,144,16,169,38,4,206,23,271,202,14,216,487
09/02/2004,PIE,FL,ASO,ES,Combined TRACON& Tower with Radar,45,13,94,10,162,4,23,203,29,259,49,36,297,39,421,166,10,176,597
09/03/2004,PIE,FL,ASO,ES,Combined TRACON& Tower with Radar,27,8,57,7,99,19,8,126,24,177,46,16,183,31,276,128,0,128,404
09/04/2004,PIE,FL,ASO,ES,Combined TRACON& Tower with Radar,12,0,25,4,41,5,0,30,12,47,17,0,55,16,88,66,0,66,154
09/05/2004,PIE,FL,ASO,ES,Combined TRACON& Tower with Radar,0,0,0,0,0,0,0,0,0,0,0,0,0,0,0,0,0,0,0
09/06/2004,PIE,FL,ASO,ES,Combined TRACON& Tower with Radar,6,2,12,2,22,2,0,5,1,8,8,2,17,3,30,0,0,0,30
09/07/2004,PIE,FL,ASO,ES,Combined TRACON& Tower with Radar,33,10,70,8,121,17,2,93,9,121,50,12,163,17,242,54,2,56,298
09/08/2004,PIE,FL,ASO,ES,Combined TRACON& Tower with Radar,29,9,62,7,107,4,7,185,34,230,33,16,247,41,337,142,14,156,493
09/09/2004,PIE,FL,ASO,ES,Combined TRACON& Tower with Radar,36,10,76,9,131,4,5,89,20,118,40,15,165,29,249,164,4,168,417
09/10/2004,PIE,FL,ASO,ES,Combined TRACON& Tower with Radar,33,9,72,7,121,1,18,192,29,240,34,27,264,36,361,222,17,239,600
09/11/2004,PIE,FL,ASO,ES,Combined TRACON& Tower with Radar,27,8,67,6,108,0,32,216,30,278,27,40,283,36,386,322,4,326,712
09/12/2004,PIE,FL,ASO,ES,Combined TRACON& Tower with Radar,27,7,59,6,99,3,9,173,3,188,30,16,232,9,287,136,4,140,427
09/13/2004,PIE,FL,ASO,ES,Combined TRACON& Tower with Radar,22,7,49,5,83,13,1,123,19,156,35,8,172,24,239,136,8,144,383
09/14/2004,PIE,FL,ASO,ES,Combined TRACON& Tower with Radar,30,9,75,7,121,0,14,58,45,117,30,23,133,52,238,70,22,92,330
09/15/2004,PIE,FL,ASO,ES,Combined TRACON& Tower with Radar,25,6,53,6,90,0,10,18,29,57,25,16,71,35,147,16,36,52,199
09/16/2004,PIE,FL,ASO,ES,Combined TRACON& Tower with Radar,36,9,75,8,128,9,12,136,40,197,45,21,211,48,325,164,46,210,535
09/17/2004,PIE,FL,ASO,ES,Combined TRACON& Tower with Radar,29,10,78,8,125,0,13,206,35,254,29,23,284,43,379,114,30,144,523
09/18/2004,PIE,FL,ASO,ES,Combined TRACON& Tower with Radar,23,8,69,7,107,0,4,188,19,211,23,12,257,26,318,294,4,298,616
09/19/2004,PIE,FL,ASO,ES,Combined TRACON& Tower with Radar,29,7,62,7,105,0,7,199,16,222,29,14,261,23,327,240,4,244,571
09/20/2004,PIE,FL,ASO,ES,Combined TRACON& Tower with Radar,34,9,72,7,122,0,0,108,42,150,34,9,180,49,272,149,6,155,427
09/21/2004,PIE,FL,ASO,ES,Combined TRACON& Tower with Radar,33,11,87,8,139,0,6,107,17,130,33,17,194,25,269,112,0,112,381
09/22/2004,PIE,FL,ASO,ES,Combined TRACON& Tower with Radar,30,12,99,11,152,0,7,151,18,176,30,19,250,29,328,180,6,186,514
09/23/2004,PIE,FL,ASO,ES,Combined TRACON& Tower with Radar,38,10,87,9,144,0,15,181,27,223,38,25,268,36,367,238,16,254,621
09/24/2004,PIE,FL,ASO,ES,Combined TRACON& Tower with Radar,35,11,86,8,140,0,20,224,21,265,35,31,310,29,405,272,14,286,691
09/25/2004,PIE,FL,ASO,ES,Combined TRACON& Tower with Radar,29,11,83,9,132,0,3,154,28,185,29,14,237,37,317,174,0,174,491
09/26/2004,PIE,FL,ASO,ES,Combined TRACON& Tower with Radar,0,0,0,0,0,0,0,0,0,0,0,0,0,0,0,0,0,0,0
09/27/2004,PIE,FL,ASO,ES,Combined TRACON& Tower with Radar,39,11,79,8,137,4,0,129,9,142,43,11,208,17,279,86,0,86,365
09/28/2004,PIE,FL,ASO,ES,Combined TRACON& Tower with Radar,33,8,85,8,134,0,0,135,6,141,33,8,220,14,275,154,14,168,443
09/29/2004,PIE,FL,ASO,ES,Combined TRACON& Tower with Radar,27,10,74,8,119,0,6,152,25,183,27,16,226,33,302,119,0,119,421
09/30/2004,PIE,FL,ASO,ES,Combined TRACON& Tower with Radar,38,11,84,8,141,0,12,191,37,240,38,23,275,45,381,230,34,264,645
10/01/2004,PIE,FL,ASO,ES,Combined TRACON& Tower with Radar,30,30,178,25,263,0,13,113,20,146,30,43,291,45,409,262,18,280,689
10/02/2004,PIE,FL,ASO,ES,Combined TRACON& Tower with Radar,0,0,0,0,0,28,21,315,26,390,28,21,315,26,390,358,8,366,756
10/03/2004,PIE,FL,ASO,ES,Combined TRACON& Tower with Radar,0,0,0,0,0,30,12,260,17,319,30,12,260,17,319,220,6,226,545
10/04/2004,PIE,FL,ASO,ES,Combined TRACON& Tower with Radar,0,0,0,0,0,32,14,229,26,301,32,14,229,26,301,140,32,172,473
10/05/2004,PIE,FL,ASO,ES,Combined TRACON& Tower with Radar,31,5,102,12,150,0,8,146,26,180,31,13,248,38,330,214,62,276,606
10/06/2004,PIE,FL,ASO,ES,Combined TRACON& Tower with Radar,0,0,0,0,0,32,10,213,29,284,32,10,213,29,284,172,28,200,484
10/07/2004,PIE,FL,ASO,ES,Combined TRACON& Tower with Radar,0,0,0,0,0,44,33,277,35,389,44,33,277,35,389,248,16,264,653
10/08/2004,PIE,FL,ASO,ES,Combined TRACON& Tower with Radar,34,4,100,11,149,0,23,260,40,323,34,27,360,51,472,319,48,367,839
10/09/2004,PIE,FL,ASO,ES,Combined TRACON& Tower with Radar,32,3,53,3,91,0,10,198,26,234,32,13,251,29,325,274,16,290,615
10/10/2004,PIE,FL,ASO,ES,Combined TRACON& Tower with Radar,31,15,98,11,155,0,10,171,17,198,31,25,269,28,353,170,26,196,549
10/11/2004,PIE,FL,ASO,ES,Combined TRACON& Tower with Radar,32,10,57,2,101,0,0,89,3,92,32,10,146,5,193,82,6,88,281
10/12/2004,PIE,FL,ASO,ES,Combined TRACON& Tower with Radar,33,6,62,10,111,0,1,113,18,132,33,7,175,28,243,176,2,178,421
10/13/2004,PIE,FL,ASO,ES,Combined TRACON& Tower with Radar,32,6,106,13,157,0,15,203,35,253,32,21,309,48,410,264,4,268,678
10/14/2004,PIE,FL,ASO,ES,Combined TRACON& Tower with Radar,46,16,97,11,170,0,13,238,37,288,46,29,335,48,458,322,58,380,838
10/15/2004,PIE,FL,ASO,ES,Combined TRACON& Tower with Radar,32,5,64,6,107,0,13,207,27,247,32,18,271,33,354,208,8,216,570
10/16/2004,PIE,FL,ASO,ES,Combined TRACON& Tower with Radar,39,3,61,4,107,0,15,260,26,301,39,18,321,30,408,368,8,376,784
10/17/2004,PIE,FL,ASO,ES,Combined TRACON& Tower with Radar,30,1,67,2,100,0,25,241,12,278,30,26,308,14,378,280,12,292,670
10/18/2004,PIE,FL,ASO,ES,Combined TRACON& Tower with Radar,29,8,68,10,115,0,7,185,26,218,29,15,253,36,333,156,8,164,497
10/19/2004,PIE,FL,ASO,ES,Combined TRACON& Tower with Radar,34,3,78,8,123,0,4,105,23,132,34,7,183,31,255,72,0,72,327
10/20/2004,PIE,FL,ASO,ES,Combined TRACON& Tower with Radar,29,13,126,14,182,0,1,108,21,130,29,14,234,35,312,139,2,141,453
10/21/2004,PIE,FL,ASO,ES,Combined TRACON& Tower with Radar,42,6,93,9,150,0,27,207,37,271,42,33,300,46,421,312,22,334,755
10/22/2004,PIE,FL,ASO,ES,Combined TRACON& Tower with Radar,37,7,99,5,148,333,15,186,23,557,370,22,285,28,705,146,10,156,861
10/23/2004,PIE,FL,ASO,ES,Combined TRACON& Tower with Radar,33,8,66,4,111,0,6,240,31,277,33,14,306,35,388,330,0,330,718
10/24/2004,PIE,FL,ASO,ES,Combined TRACON& Tower with Radar,33,4,89,0,126,0,15,231,30,276,33,19,320,30,402,320,14,334,736
10/25/2004,PIE,FL,ASO,ES,Combined TRACON& Tower with Radar,31,4,98,7,140,0,8,146,25,179,31,12,244,32,319,312,8,320,639
10/26/2004,PIE,FL,ASO,ES,Combined TRACON& Tower with Radar,34,21,96,19,170,306,12,181,17,516,340,33,277,36,686,264,14,278,964
10/27/2004,PIE,FL,ASO,ES,Combined TRACON& Tower with Radar,27,11,135,12,185,0,0,168,7,175,27,11,303,19,360,344,8,352,712
10/28/2004,PIE,FL,ASO,ES,Combined TRACON& Tower with Radar,43,8,128,12,191,0,24,225,54,303,43,32,353,66,494,374,54,428,922
10/29/2004,PIE,FL,ASO,ES,Combined TRACON& Tower with Radar,36,19,106,17,178,0,18,208,30,256,36,37,314,47,434,338,42,380,814
10/30/2004,PIE,FL,ASO,ES,Combined TRACON& Tower with Radar,29,5,111,4,149,0,8,208,23,239,29,13,319,27,388,306,16,322,710
10/31/2004,PIE,FL,ASO,ES,Combined TRACON& Tower with Radar,32,25,67,14,138,0,13,172,12,197,32,38,239,26,335,216,34,250,585
11/01/2004,PIE,FL,ASO,ES,Towers with Radar,31,6,82,11,130,0,9,201,21,231,31,15,283,32,361,244,43,287,648
11/02/2004,PIE,FL,ASO,ES,Towers with Radar,34,2,73,11,120,0,2,189,26,217,34,4,262,37,337,198,34,232,569
11/03/2004,PIE,FL,ASO,ES,Towers with Radar,30,3,102,6,141,0,6,151,25,182,30,9,253,31,323,268,26,294,617
11/04/2004,PIE,FL,ASO,ES,Towers with Radar,41,5,118,3,167,0,25,194,37,256,41,30,312,40,423,310,26,336,759
11/05/2004,PIE,FL,ASO,ES,Towers with Radar,33,9,112,2,156,0,26,212,44,282,33,35,324,46,438,268,32,300,738
11/06/2004,PIE,FL,ASO,ES,Towers with Radar,26,7,93,3,129,0,9,223,26,258,26,16,316,29,387,344,18,362,749
11/07/2004,PIE,FL,ASO,ES,Towers with Radar,29,8,123,4,164,0,10,228,17,255,29,18,351,21,419,334,4,338,757
11/08/2004,PIE,FL,ASO,ES,Towers with Radar,27,10,71,19,127,0,10,213,27,250,27,20,284,46,377,240,28,268,645
11/09/2004,PIE,FL,ASO,ES,Towers with Radar,32,12,106,9,159,0,5,144,32,181,32,17,250,41,340,214,12,226,566
11/10/2004,PIE,FL,ASO,ES,Towers with Radar,30,13,72,27,142,0,0,154,14,168,30,13,226,41,310,190,38,228,538
11/11/2004,PIE,FL,ASO,ES,Towers with Radar,46,10,150,5,211,0,28,235,31,294,46,38,385,36,505,260,32,292,797
11/12/2004,PIE,FL,ASO,ES,Towers with Radar,33,9,100,8,150,0,14,268,30,312,33,23,368,38,462,266,20,286,748
11/13/2004,PIE,FL,ASO,ES,Towers with Radar,26,8,92,0,126,0,2,118,14,134,26,10,210,14,260,200,0,200,460
11/14/2004,PIE,FL,ASO,ES,Towers with Radar,28,11,76,3,118,0,15,240,29,284,28,26,316,32,402,272,30,302,704
11/15/2004,PIE,FL,ASO,ES,Towers with Radar,30,2,83,21,136,0,8,173,31,212,30,10,256,52,348,232,84,316,664
11/16/2004,PIE,FL,ASO,ES,Towers with Radar,34,10,84,8,136,0,4,184,27,215,34,14,268,35,351,238,12,250,601
11/17/2004,PIE,FL,ASO,ES,Towers with Radar,28,10,103,23,164,0,0,209,14,223,28,10,312,37,387,276,20,296,683
11/18/2004,PIE,FL,ASO,ES,Towers with Radar,53,11,101,6,171,0,18,252,35,305,53,29,353,41,476,320,50,370,846
11/19/2004,PIE,FL,ASO,ES,Towers with Radar,40,12,145,6,203,0,23,288,35,346,40,35,433,41,549,436,34,470,1019
11/20/2004,PIE,FL,ASO,ES,Towers with Radar,34,19,126,7,186,0,15,262,23,300,34,34,388,30,486,376,16,392,878
11/21/2004,PIE,FL,ASO,ES,Towers with Radar,36,10,88,16,150,0,24,201,20,245,36,34,289,36,395,258,12,270,665
11/22/2004,PIE,FL,ASO,ES,Towers with Radar,35,6,94,20,155,0,8,192,28,228,35,14,286,48,383,210,30,240,623
11/23/2004,PIE,FL,ASO,ES,Towers with Radar,39,7,105,8,159,0,3,235,43,281,39,10,340,51,440,204,16,220,660
11/24/2004,PIE,FL,ASO,ES,Towers with Radar,37,12,108,18,175,0,17,203,19,239,37,29,311,37,414,176,50,226,640
11/25/2004,PIE,FL,ASO,ES,Towers with Radar,27,6,42,5,80,0,3,88,12,103,27,9,130,17,183,98,0,98,281
11/26/2004,PIE,FL,ASO,ES,Towers with Radar,37,11,77,7,132,0,7,288,39,334,37,18,365,46,466,266,4,270,736
11/27/2004,PIE,FL,ASO,ES,Towers with Radar,31,5,79,4,119,0,14,199,29,242,31,19,278,33,361,282,4,286,647
11/28/2004,PIE,FL,ASO,ES,Towers with Radar,37,14,121,5,177,0,13,191,15,219,37,27,312,20,396,238,10,248,644
11/29/2004,PIE,FL,ASO,ES,Towers with Radar,29,1,106,5,141,0,11,233,22,266,29,12,339,27,407,174,0,174,581
11/30/2004,PIE,FL,ASO,ES,Towers with Radar,42,11,95,16,164,0,3,171,22,196,42,14,266,38,360,211,82,293,653
12/01/2004,PIE,FL,ASO,ES,Towers with Radar,31,6,87,6,130,0,2,163,22,187,31,8,250,28,317,224,8,232,549
12/02/2004,PIE,FL,ASO,ES,Towers with Radar,43,7,134,4,188,0,11,155,16,182,43,18,289,20,370,246,0,246,616
12/03/2004,PIE,FL,ASO,ES,Towers with Radar,27,6,82,21,136,0,17,265,39,321,27,23,347,60,457,292,40,332,789
12/04/2004,PIE,FL,ASO,ES,Towers with Radar,21,7,98,2,128,0,9,224,18,251,21,16,322,20,379,285,18,303,682
12/05/2004,PIE,FL,ASO,ES,Towers with Radar,21,6,62,10,99,0,12,254,21,287,21,18,316,31,386,278,0,278,664
12/06/2004,PIE,FL,ASO,ES,Towers with Radar,23,13,84,10,130,0,7,177,39,223,23,20,261,49,353,242,44,286,639
12/07/2004,PIE,FL,ASO,ES,Towers with Radar,38,6,90,13,147,0,7,167,25,199,38,13,257,38,346,288,24,312,658
12/08/2004,PIE,FL,ASO,ES,Towers with Radar,31,11,87,11,140,0,6,134,14,154,31,17,221,25,294,246,14,260,554
12/09/2004,PIE,FL,ASO,ES,Towers with Radar,38,10,112,11,171,0,16,193,40,249,38,26,305,51,420,374,30,404,824
12/10/2004,PIE,FL,ASO,ES,Towers with Radar,26,13,119,2,160,0,9,147,178,334,26,22,266,180,494,162,4,166,660
12/11/2004,PIE,FL,ASO,ES,Towers with Radar,23,2,75,11,111,0,9,151,18,178,23,11,226,29,289,222,38,260,549
12/12/2004,PIE,FL,ASO,ES,Towers with Radar,24,7,86,2,119,0,6,214,16,236,24,13,300,18,355,318,4,322,677
12/13/2004,PIE,FL,ASO,ES,Towers with Radar,23,1,93,6,123,0,14,177,27,218,23,15,270,33,341,366,0,366,707
12/14/2004,PIE,FL,ASO,ES,Towers with Radar,41,7,69,15,132,0,7,173,25,205,41,14,242,40,337,230,2,232,569
12/15/2004,PIE,FL,ASO,ES,Towers with Radar,33,2,75,4,114,0,0,121,15,136,33,2,196,19,250,116,16,132,382
12/16/2004,PIE,FL,ASO,ES,Towers with Radar,44,8,90,4,146,0,12,198,48,258,44,20,288,52,404,324,8,332,736
12/17/2004,PIE,FL,ASO,ES,Towers with Radar,28,17,98,2,145,0,8,162,47,217,28,25,260,49,362,332,10,342,704
12/18/2004,PIE,FL,ASO,ES,Towers with Radar,27,15,71,1,114,0,3,201,13,217,27,18,272,14,331,252,4,256,587
12/19/2004,PIE,FL,ASO,ES,Towers with Radar,22,6,67,3,98,0,10,192,16,218,22,16,259,19,316,202,4,206,522
12/20/2004,PIE,FL,ASO,ES,Towers with Radar,30,8,84,7,129,0,4,169,17,190,30,12,253,24,319,202,2,204,523
12/21/2004,PIE,FL,ASO,ES,Towers with Radar,39,8,69,8,124,0,8,217,22,247,39,16,286,30,371,258,13,271,642
12/22/2004,PIE,FL,ASO,ES,Towers with Radar,33,5,61,9,108,0,2,177,13,192,33,7,238,22,300,204,22,226,526
12/23/2004,PIE,FL,ASO,ES,Towers with Radar,35,13,55,0,103,0,5,39,5,49,35,18,94,5,152,82,0,82,234
12/24/2004,PIE,FL,ASO,ES,Towers with Radar,24,7,63,3,97,0,0,171,3,174,24,7,234,6,271,0,0,0,271
12/25/2004,PIE,FL,ASO,ES,Towers with Radar,12,3,20,1,36,0,0,2,0,2,12,3,22,1,38,0,0,0,38
12/26/2004,PIE,FL,ASO,ES,Towers with Radar,29,7,88,4,128,0,7,138,11,156,29,14,226,15,284,96,0,96,380
12/27/2004,PIE,FL,ASO,ES,Towers with Radar,30,6,108,6,150,0,10,190,10,210,30,16,298,16,360,408,0,408,768
12/28/2004,PIE,FL,ASO,ES,Towers with Radar,400,5,100,2,507,0,18,204,17,239,400,23,304,19,746,271,2,273,1019
12/29/2004,PIE,FL,ASO,ES,Towers with Radar,46,3,75,4,128,0,2,201,13,216,46,5,276,17,344,254,0,254,598
12/30/2004,PIE,FL,ASO,ES,Towers with Radar,42,4,76,0,122,0,11,181,18,210,42,15,257,18,332,314,0,314,646
12/31/2004,PIE,FL,ASO,ES,Towers with Radar,30,9,69,7,115,0,14,231,15,260,30,23,300,22,375,340,0,340,715
01/01/2005,PIE,FL,ASO,ES,Towers with Radar,19,4,38,8,69,0,13,208,20,241,19,17,246,28,310,182,26,208,518
01/02/2005,PIE,FL,ASO,ES,Towers with Radar,31,7,115,0,153,0,14,188,15,217,31,21,303,15,370,184,0,184,554
01/03/2005,PIE,FL,ASO,ES,Towers with Radar,29,2,94,13,138,0,1,183,17,201,29,3,277,30,339,234,34,268,607
01/04/2005,PIE,FL,ASO,ES,Towers with Radar,42,7,98,13,160,0,10,147,17,174,42,17,245,30,334,286,0,286,620
01/05/2005,PIE,FL,ASO,ES,Towers with Radar,30,3,64,9,106,0,5,174,15,194,30,8,238,24,300,228,12,240,540
01/06/2005,PIE,FL,ASO,ES,Towers with Radar,45,2,124,1,172,0,19,189,20,228,45,21,313,21,400,392,8,400,800
01/07/2005,PIE,FL,ASO,ES,Towers with Radar,30,4,135,20,189,0,9,211,24,244,30,13,346,44,433,276,8,284,717
01/08/2005,PIE,FL,ASO,ES,Towers with Radar,23,3,95,9,130,0,5,243,15,263,23,8,338,24,393,346,4,350,743
01/09/2005,PIE,FL,ASO,ES,Towers with Radar,21,5,75,2,103,0,8,198,14,220,21,13,273,16,323,280,4,284,607
01/10/2005,PIE,FL,ASO,ES,Towers with Radar,26,11,105,19,161,0,2,110,13,125,26,13,215,32,286,186,32,218,504
01/11/2005,PIE,FL,ASO,ES,Towers with Radar,36,11,81,8,136,0,5,163,19,187,36,16,244,27,323,246,8,254,577
01/12/2005,PIE,FL,ASO,ES,Towers with Radar,26,10,95,28,159,0,3,200,17,220,26,13,295,45,379,208,12,220,599
01/13/2005,PIE,FL,ASO,ES,Towers with Radar,40,4,98,21,163,0,20,163,35,218,40,24,261,56,381,196,52,248,629
01/14/2005,PIE,FL,ASO,ES,Towers with Radar,27,11,85,7,130,0,5,71,13,89,27,16,156,20,219,76,10,86,305
01/15/2005,PIE,FL,ASO,ES,Towers with Radar,21,13,98,3,135,0,0,152,6,158,21,13,250,9,293,230,0,230,523
01/16/2005,PIE,FL,ASO,ES,Towers with Radar,20,6,82,2,110,0,7,151,27,185,20,13,233,29,295,240,4,244,539
01/17/2005,PIE,FL,ASO,ES,Towers with Radar,26,8,93,3,130,0,5,201,15,221,26,13,294,18,351,202,0,202,553
01/18/2005,PIE,FL,ASO,ES,Towers with Radar,34,10,94,6,144,0,5,191,18,214,34,15,285,24,358,188,8,196,554
01/19/2005,PIE,FL,ASO,ES,Towers with Radar,30,8,91,7,136,0,19,269,45,333,30,27,360,52,469,278,14,292,761
01/20/2005,PIE,FL,ASO,ES,Towers with Radar,42,17,100,10,169,0,20,249,47,316,42,37,349,57,485,290,22,312,797
01/21/2005,PIE,FL,ASO,ES,Towers with Radar,27,9,123,6,165,0,11,162,23,196,27,20,285,29,361,262,4,266,627
01/22/2005,PIE,FL,ASO,ES,Towers with Radar,22,1,72,11,106,0,6,211,6,223,22,7,283,17,329,158,0,158,487
01/23/2005,PIE,FL,ASO,ES,Towers with Radar,21,14,80,4,119,0,9,162,12,183,21,23,242,16,302,130,0,130,432
01/24/2005,PIE,FL,ASO,ES,Towers with Radar,21,7,99,14,141,0,9,185,12,206,21,16,284,26,347,244,26,270,617
01/25/2005,PIE,FL,ASO,ES,Towers with Radar,39,6,102,15,162,0,5,177,26,208,39,11,279,41,370,250,18,268,638
01/26/2005,PIE,FL,ASO,ES,Towers with Radar,32,6,139,10,187,0,7,222,20,249,32,13,361,30,436,344,36,380,816
01/27/2005,PIE,FL,ASO,ES,Towers with Radar,40,11,104,8,163,0,13,137,16,166,40,24,241,24,329,228,4,232,561
01/28/2005,PIE,FL,ASO,ES,Towers with Radar,30,13,100,5,148,0,7,133,34,174,30,20,233,39,322,224,10,234,556
01/29/2005,PIE,FL,ASO,ES,Towers with Radar,23,1,85,4,113,0,13,209,22,244,23,14,294,26,357,284,0,284,641
01/30/2005,PIE,FL,ASO,ES,Towers with Radar,21,12,98,4,135,0,16,200,20,236,21,28,298,24,371,374,4,378,749
01/31/2005,PIE,FL,ASO,ES,Towers with Radar,26,8,109,5,148,0,8,159,23,190,26,16,268,28,338,298,2,300,638
02/01/2005,PIE,FL,ASO,ES,Towers with Radar,37,5,89,5,136,0,10,233,11,254,37,15,322,16,390,284,0,284,674
02/02/2005,PIE,FL,ASO,ES,Towers with Radar,30,10,86,9,135,0,4,156,24,184,30,14,242,33,319,298,6,304,623
02/03/2005,PIE,FL,ASO,ES,Towers with Radar,39,18,90,12,159,0,20,190,41,251,39,38,280,53,410,294,44,338,748
02/04/2005,PIE,FL,ASO,ES,Towers with Radar,32,13,121,10,176,0,9,33,19,61,32,22,154,29,237,30,6,36,273
02/05/2005,PIE,FL,ASO,ES,Towers with Radar,20,2,72,3,97,0,4,219,9,232,20,6,291,12,329,392,8,400,729
02/06/2005,PIE,FL,ASO,ES,Towers with Radar,17,6,58,2,83,0,9,218,10,237,17,15,276,12,320,232,0,232,552
02/07/2005,PIE,FL,ASO,ES,Towers with Radar,30,19,84,12,145,0,4,176,33,213,30,23,260,45,358,211,56,267,625
02/08/2005,PIE,FL,ASO,ES,Towers with Radar,41,4,106,15,166,0,4,152,28,184,41,8,258,43,350,310,16,326,676
02/09/2005,PIE,FL,ASO,ES,Towers with Radar,34,2,135,11,182,0,12,193,37,242,34,14,328,48,424,272,20,292,716
02/10/2005,PIE,FL,ASO,ES,Towers with Radar,41,12,110,14,177,0,11,151,34,196,41,23,261,48,373,316,40,356,729
02/11/2005,PIE,FL,ASO,ES,Towers with Radar,31,12,81,4,128,0,29,220,31,280,31,41,301,35,408,364,42,406,814
02/12/2005,PIE,FL,ASO,ES,Towers with Radar,21,3,53,0,77,0,16,212,28,256,21,19,265,28,333,346,12,358,691
02/13/2005,PIE,FL,ASO,ES,Towers with Radar,21,4,109,7,141,0,11,194,24,229,21,15,303,31,370,340,26,366,736
02/14/2005,PIE,FL,ASO,ES,Towers with Radar,29,8,84,10,131,0,6,173,25,204,29,14,257,35,335,131,38,169,504
02/15/2005,PIE,FL,ASO,ES,Towers with Radar,39,8,137,22,206,0,10,208,19,237,39,18,345,41,443,252,58,310,753
02/16/2005,PIE,FL,ASO,ES,Towers with Radar,36,7,104,4,151,0,4,206,30,240,36,11,310,34,391,238,22,260,651
02/17/2005,PIE,FL,ASO,ES,Towers with Radar,42,13,113,17,185,0,26,178,27,231,42,39,291,44,416,226,8,234,650
02/18/2005,PIE,FL,ASO,ES,Towers with Radar,29,7,122,12,170,0,26,208,8,242,29,33,330,20,412,228,6,234,646
02/19/2005,PIE,FL,ASO,ES,Towers with Radar,19,6,89,0,114,0,12,207,13,232,19,18,296,13,346,276,0,276,622
02/20/2005,PIE,FL,ASO,ES,Towers with Radar,19,11,113,4,147,0,11,204,22,237,19,22,317,26,384,336,0,336,720
02/21/2005,PIE,FL,ASO,ES,Towers with Radar,22,12,30,5,69,0,280,0,207,487,22,292,30,212,556,10,0,10,566
02/22/2005,PIE,FL,ASO,ES,Towers with Radar,41,11,146,16,214,0,5,134,17,156,41,16,280,33,370,122,24,146,516
02/23/2005,PIE,FL,ASO,ES,Towers with Radar,32,10,126,16,184,0,10,141,31,182,32,20,267,47,366,230,4,234,600
02/24/2005,PIE,FL,ASO,ES,Towers with Radar,35,9,14,24,82,0,14,315,36,365,35,23,329,60,447,255,32,287,734
02/25/2005,PIE,FL,ASO,ES,Towers with Radar,30,19,108,7,164,0,3,43,3,49,30,22,151,10,213,4,0,4,217
02/26/2005,PIE,FL,ASO,ES,Towers with Radar,23,9,84,10,126,0,7,175,6,188,23,16,259,16,314,110,0,110,424
02/27/2005,PIE,FL,ASO,ES,Towers with Radar,19,8,48,5,80,0,5,128,15,148,19,13,176,20,228,14,0,14,242
02/28/2005,PIE,FL,ASO,ES,Towers with Radar,26,8,80,7,121,0,3,158,16,177,26,11,238,23,298,164,26,190,488
03/01/2005,PIE,FL,ASO,ES,Towers with Radar,41,10,98,3,152,0,31,177,18,226,41,41,275,21,378,182,0,182,560
03/02/2005,PIE,FL,ASO,ES,Towers with Radar,35,13,119,9,176,0,4,180,13,197,35,17,299,22,373,226,0,226,599
03/03/2005,PIE,FL,ASO,ES,Towers with Radar,43,13,85,9,150,0,21,102,19,142,43,34,187,28,292,64,2,66,358
03/04/2005,PIE,FL,ASO,ES,Towers with Radar,32,18,101,7,158,0,6,198,25,229,32,24,299,32,387,256,0,256,643
03/05/2005,PIE,FL,ASO,ES,Towers with Radar,19,6,78,10,113,0,14,209,18,241,19,20,287,28,354,214,4,218,572
03/06/2005,PIE,FL,ASO,ES,Towers with Radar,24,8,70,6,108,0,13,269,23,305,24,21,339,29,413,254,6,260,673
03/07/2005,PIE,FL,ASO,ES,Towers with Radar,31,7,115,9,162,0,9,184,21,214,31,16,299,30,376,32,8,40,416
03/08/2005,PIE,FL,ASO,ES,Towers with Radar,46,6,42,8,102,0,2,59,13,74,46,8,101,21,176,136,6,142,318
03/09/2005,PIE,FL,ASO,ES,Towers with Radar,34,0,60,11,105,0,0,40,8,48,34,0,100,19,153,38,14,52,205
03/10/2005,PIE,FL,ASO,ES,Towers with Radar,40,11,112,6,169,0,27,281,41,349,40,38,393,47,518,356,26,382,900
03/11/2005,PIE,FL,ASO,ES,Towers with Radar,32,17,84,9,142,0,23,200,26,249,32,40,284,35,391,270,24,294,685
03/12/2005,PIE,FL,ASO,ES,Towers with Radar,18,5,97,6,126,0,4,205,12,221,18,9,302,18,347,272,0,272,619
03/13/2005,PIE,FL,ASO,ES,Towers with Radar,20,12,67,11,110,0,10,192,12,214,20,22,259,23,324,256,12,268,592
03/14/2005,PIE,FL,ASO,ES,Towers with Radar,27,13,99,8,147,0,2,93,12,107,27,15,192,20,254,164,18,182,436
03/15/2005,PIE,FL,ASO,ES,Towers with Radar,40,10,125,22,197,0,1,9,27,37,40,11,134,49,234,32,1,33,267
03/16/2005,PIE,FL,ASO,ES,Towers with Radar,35,7,61,11,114,0,1,39,3,43,35,8,100,14,157,32,0,32,189
03/17/2005,PIE,FL,ASO,ES,Towers with Radar,42,19,71,14,146,0,3,36,10,49,42,22,107,24,195,6,10,16,211
03/18/2005,PIE,FL,ASO,ES,Towers with Radar,28,21,134,31,214,0,18,266,39,323,28,39,400,70,537,248,12,260,797
03/19/2005,PIE,FL,ASO,ES,Towers with Radar,19,8,99,1,127,0,15,247,37,299,19,23,346,38,426,380,6,386,812
03/20/2005,PIE,FL,ASO,ES,Towers with Radar,20,7,94,19,140,0,11,188,13,212,20,18,282,32,352,296,4,300,652
03/21/2005,PIE,FL,ASO,ES,Towers with Radar,27,14,96,6,143,0,3,140,24,167,27,17,236,30,310,230,46,276,586
03/22/2005,PIE,FL,ASO,ES,Towers with Radar,41,10,69,19,139,0,0,118,13,131,41,10,187,32,270,134,28,162,432
03/23/2005,PIE,FL,ASO,ES,Towers with Radar,36,6,67,11,120,0,14,142,33,189,36,20,209,44,309,94,30,124,433
03/24/2005,PIE,FL,ASO,ES,Towers with Radar,39,16,123,11,189,0,12,127,22,161,39,28,250,33,350,338,28,366,716
03/25/2005,PIE,FL,ASO,ES,Towers with Radar,32,14,102,7,155,0,0,37,0,37,32,14,139,7,192,52,0,52,244
03/26/2005,PIE,FL,ASO,ES,Towers with Radar,19,16,98,4,137,0,7,112,16,135,19,23,210,20,272,198,8,206,478
03/27/2005,PIE,FL,ASO,ES,Towers with Radar,22,9,81,0,112,0,10,148,24,182,22,19,229,24,294,148,0,148,442
03/28/2005,PIE,FL,ASO,ES,Towers with Radar,28,12,109,3,152,0,7,120,20,147,28,19,229,23,299,36,24,60,359
03/29/2005,PIE,FL,ASO,ES,Towers with Radar,40,8,136,4,188,0,7,278,10,295,40,15,414,14,483,272,2,274,757
03/30/2005,PIE,FL,ASO,ES,Towers with Radar,37,19,88,8,152,0,5,220,23,248,37,24,308,31,400,242,32,274,674
03/31/2005,PIE,FL,ASO,ES,Towers with Radar,44,10,142,1,197,0,21,208,36,265,44,31,350,37,462,180,70,250,712
04/01/2005,PIE,FL,ASO,ES,Towers with Radar,32,6,109,11,158,0,13,166,28,207,32,19,275,39,365,164,50,214,579
04/02/2005,PIE,FL,ASO,ES,Towers with Radar,19,8,77,1,105,0,17,94,13,124,19,25,171,14,229,54,0,54,283
04/03/2005,PIE,FL,ASO,ES,Towers with Radar,21,35,100,8,164,0,0,235,45,280,21,35,335,53,444,238,10,248,692
04/04/2005,PIE,FL,ASO,ES,Towers with Radar,29,2,65,5,101,0,9,217,18,244,29,11,282,23,345,242,4,246,591
04/05/2005,PIE,FL,ASO,ES,Towers with Radar,37,4,86,5,132,0,6,185,20,211,37,10,271,25,343,252,20,272,615
04/06/2005,PIE,FL,ASO,ES,Towers with Radar,37,10,101,8,156,0,10,191,31,232,37,20,292,39,388,202,78,280,668
04/07/2005,PIE,FL,ASO,ES,Towers with Radar,42,19,82,0,143,0,18,149,49,216,42,37,231,49,359,96,12,108,467
04/08/2005,PIE,FL,ASO,ES,Towers with Radar,30,12,123,4,169,0,23,179,21,223,30,35,302,25,392,352,46,398,790
04/09/2005,PIE,FL,ASO,ES,Towers with Radar,20,4,82,7,113,0,14,230,21,265,20,18,312,28,378,230,10,240,618
04/10/2005,PIE,FL,ASO,ES,Towers with Radar,22,8,112,5,147,0,21,229,24,274,22,29,341,29,421,266,10,276,697
04/11/2005,PIE,FL,ASO,ES,Towers with Radar,17,5,121,8,151,0,14,197,43,254,17,19,318,51,405,256,38,294,699
04/12/2005,PIE,FL,ASO,ES,Towers with Radar,31,13,120,8,172,0,6,157,22,185,31,19,277,30,357,146,10,156,513
04/13/2005,PIE,FL,ASO,ES,Towers with Radar,28,9,96,21,154,0,24,221,46,291,28,33,317,67,445,234,32,266,711
04/14/2005,PIE,FL,ASO,ES,Towers with Radar,35,17,114,14,180,0,27,220,44,291,35,44,334,58,471,208,36,244,715
04/15/2005,PIE,FL,ASO,ES,Towers with Radar,20,17,95,9,141,0,19,209,36,264,20,36,304,45,405,234,32,266,671
04/16/2005,PIE,FL,ASO,ES,Towers with Radar,11,13,64,10,98,0,11,198,23,232,11,24,262,33,330,220,14,234,564
04/17/2005,PIE,FL,ASO,ES,Towers with Radar,12,13,104,9,138,0,10,225,13,248,12,23,329,22,386,274,18,292,678
04/18/2005,PIE,FL,ASO,ES,Towers with Radar,20,7,97,9,133,0,10,177,21,208,20,17,274,30,341,170,18,188,529
04/19/2005,PIE,FL,ASO,ES,Towers with Radar,31,7,93,3,134,0,7,185,49,241,31,14,278,52,375,204,52,256,631
04/20/2005,PIE,FL,ASO,ES,Towers with Radar,27,6,117,6,156,0,7,180,26,213,27,13,297,32,369,234,32,266,635
04/21/2005,PIE,FL,ASO,ES,Towers with Radar,31,8,120,3,162,0,23,268,31,322,31,31,388,34,484,314,18,332,816
04/22/2005,PIE,FL,ASO,ES,Towers with Radar,20,17,100,11,148,0,18,214,24,256,20,35,314,35,404,198,34,232,636
04/23/2005,PIE,FL,ASO,ES,Towers with Radar,11,8,49,2,70,0,2,147,29,178,11,10,196,31,248,284,14,298,546
04/24/2005,PIE,FL,ASO,ES,Towers with Radar,15,10,86,1,112,0,19,200,17,236,15,29,286,18,348,198,4,202,550
04/25/2005,PIE,FL,ASO,ES,Towers with Radar,19,11,87,2,119,0,12,175,16,203,19,23,262,18,322,264,0,264,586
04/26/2005,PIE,FL,ASO,ES,Towers with Radar,27,5,89,5,126,0,0,90,10,100,27,5,179,15,226,82,0,82,308
04/27/2005,PIE,FL,ASO,ES,Towers with Radar,29,14,133,10,186,0,6,167,16,189,29,20,300,26,375,122,10,132,507
04/28/2005,PIE,FL,ASO,ES,Towers with Radar,30,16,71,7,124,0,23,261,66,350,30,39,332,73,474,332,58,390,864
04/29/2005,PIE,FL,ASO,ES,Towers with Radar,19,7,151,6,183,0,24,208,21,253,19,31,359,27,436,184,26,210,646
04/30/2005,PIE,FL,ASO,ES,Towers with Radar,11,2,101,6,120,0,6,194,14,214,11,8,295,20,334,200,16,216,550
05/01/2005,PIE,FL,ASO,ES,Towers with Radar,13,18,65,5,101,0,7,202,16,225,13,25,267,21,326,240,4,244,570
05/02/2005,PIE,FL,ASO,ES,Towers with Radar,20,5,71,12,108,0,7,172,21,200,20,12,243,33,308,168,58,226,534
05/03/2005,PIE,FL,ASO,ES,Towers with Radar,23,15,86,9,133,0,7,174,14,195,23,22,260,23,328,190,24,214,542
05/04/2005,PIE,FL,ASO,ES,Towers with Radar,31,11,58,7,107,0,2,37,6,45,31,13,95,13,152,44,0,44,196
05/05/2005,PIE,FL,ASO,ES,Towers with Radar,27,13,68,10,118,0,19,141,37,197,27,32,209,47,315,200,20,220,535
05/06/2005,PIE,FL,ASO,ES,Towers with Radar,19,8,99,5,131,0,10,172,58,240,19,18,271,63,371,272,58,330,701
05/07/2005,PIE,FL,ASO,ES,Towers with Radar,13,7,62,5,87,0,8,242,18,268,13,15,304,23,355,346,10,356,711
05/08/2005,PIE,FL,ASO,ES,Towers with Radar,13,7,62,3,85,0,10,234,22,266,13,17,296,25,351,206,8,214,565
05/09/2005,PIE,FL,ASO,ES,Towers with Radar,20,7,80,7,114,0,5,187,26,218,20,12,267,33,332,160,48,208,540
05/10/2005,PIE,FL,ASO,ES,Towers with Radar,21,6,95,8,130,0,0,183,17,200,21,6,278,25,330,298,4,302,632
05/11/2005,PIE,FL,ASO,ES,Towers with Radar,29,9,101,4,143,0,8,179,14,201,29,17,280,18,344,266,34,300,644
05/12/2005,PIE,FL,ASO,ES,Towers with Radar,26,7,100,20,153,0,25,231,32,288,26,32,331,52,441,428,46,474,915
05/13/2005,PIE,FL,ASO,ES,Towers with Radar,19,6,80,6,111,0,26,243,46,315,19,32,323,52,426,372,58,430,856
05/14/2005,PIE,FL,ASO,ES,Towers with Radar,8,2,86,2,98,0,3,169,22,194,8,5,255,24,292,208,4,212,504
05/15/2005,PIE,FL,ASO,ES,Towers with Radar,10,3,67,3,83,0,10,207,23,240,10,13,274,26,323,232,8,240,563
05/16/2005,PIE,FL,ASO,ES,Towers with Radar,20,6,87,5,118,0,4,154,21,179,20,10,241,26,297,240,6,246,543
05/17/2005,PIE,FL,ASO,ES,Towers with Radar,25,8,59,4,96,0,9,187,20,216,25,17,246,24,312,202,20,222,534
05/18/2005,PIE,FL,ASO,ES,Towers with Radar,25,5,111,3,144,0,7,150,33,190,25,12,261,36,334,226,60,286,620
05/19/2005,PIE,FL,ASO,ES,Towers with Radar,26,13,111,12,162,0,15,200,35,250,26,28,311,47,412,332,48,380,792
05/20/2005,PIE,FL,ASO,ES,Towers with Radar,17,8,100,11,136,0,22,208,40,270,17,30,308,51,406,262,56,318,724
05/21/2005,PIE,FL,ASO,ES,Towers with Radar,10,5,78,2,95,0,15,234,21,270,10,20,312,23,365,410,6,416,781
05/22/2005,PIE,FL,ASO,ES,Towers with Radar,10,4,80,7,101,0,11,192,24,227,10,15,272,31,328,216,86,302,630
05/23/2005,PIE,FL,ASO,ES,Towers with Radar,19,7,99,4,129,0,8,183,20,211,19,15,282,24,340,244,18,262,602
05/24/2005,PIE,FL,ASO,ES,Towers with Radar,17,10,98,10,135,0,6,116,23,145,17,16,214,33,280,154,44,198,478
05/25/2005,PIE,FL,ASO,ES,Towers with Radar,26,5,117,2,150,0,2,174,5,181,26,7,291,7,331,238,0,238,569
05/26/2005,PIE,FL,ASO,ES,Towers with Radar,24,4,101,10,139,0,24,216,34,274,24,28,317,44,413,852,36,888,1301
05/27/2005,PIE,FL,ASO,ES,Towers with Radar,19,9,120,3,151,0,13,184,24,221,19,22,304,27,372,286,0,286,658
05/28/2005,PIE,FL,ASO,ES,Towers with Radar,8,8,59,7,82,0,11,209,18,238,8,19,268,25,320,312,0,312,632
05/29/2005,PIE,FL,ASO,ES,Towers with Radar,11,2,44,2,59,0,6,180,15,201,11,8,224,17,260,176,0,176,436
05/30/2005,PIE,FL,ASO,ES,Towers with Radar,15,12,52,1,80,0,7,188,10,205,15,19,240,11,285,204,0,204,489
05/31/2005,PIE,FL,ASO,ES,Towers with Radar,15,9,69,8,101,0,3,164,16,183,15,12,233,24,284,124,10,134,418
06/01/2005,PIE,FL,ASO,ES,Towers with Radar,27,12,67,16,122,0,9,154,26,189,27,21,221,42,311,104,74,178,489
06/02/2005,PIE,FL,ASO,ES,Towers with Radar,23,23,93,4,143,0,9,143,33,185,23,32,236,37,328,264,12,276,604
06/03/2005,PIE,FL,ASO,ES,Towers with Radar,20,15,69,5,109,0,9,189,31,229,20,24,258,36,338,198,50,248,586
06/04/2005,PIE,FL,ASO,ES,Towers with Radar,3,6,68,0,77,0,9,168,11,188,3,15,236,11,265,230,4,234,499
06/05/2005,PIE,FL,ASO,ES,Towers with Radar,10,7,55,6,78,0,16,193,23,232,10,23,248,29,310,272,4,276,586
06/06/2005,PIE,FL,ASO,ES,Towers with Radar,22,6,81,4,113,0,13,144,19,176,22,19,225,23,289,162,38,200,489
06/07/2005,PIE,FL,ASO,ES,Towers with Radar,22,3,80,9,114,0,5,155,20,180,22,8,235,29,294,260,4,264,558
06/08/2005,PIE,FL,ASO,ES,Towers with Radar,22,4,91,9,126,0,14,193,26,233,22,18,284,35,359,232,18,250,609
06/09/2005,PIE,FL,ASO,ES,Towers with Radar,25,13,55,9,102,0,25,203,27,255,25,38,258,36,357,278,22,300,657
06/10/2005,PIE,FL,ASO,ES,Towers with Radar,17,9,56,12,94,0,2,63,38,103,17,11,119,50,197,64,4,68,265
06/11/2005,PIE,FL,ASO,ES,Towers with Radar,4,1,41,5,51,0,3,195,12,210,4,4,236,17,261,152,0,152,413
06/12/2005,PIE,FL,ASO,ES,Towers with Radar,8,15,56,3,82,0,4,120,18,142,8,19,176,21,224,190,0,190,414
06/13/2005,PIE,FL,ASO,ES,Towers with Radar,20,6,72,11,109,0,2,200,23,225,20,8,272,34,334,332,10,342,676
06/14/2005,PIE,FL,ASO,ES,Towers with Radar,19,2,101,4,126,0,3,171,18,192,19,5,272,22,318,250,56,306,624
06/15/2005,PIE,FL,ASO,ES,Towers with Radar,22,4,108,8,142,0,2,170,14,186,22,6,278,22,328,186,12,198,526
06/16/2005,PIE,FL,ASO,ES,Towers with Radar,25,4,99,10,138,0,7,213,16,236,25,11,312,26,374,238,12,250,624
06/17/2005,PIE,FL,ASO,ES,Towers with Radar,11,5,118,5,139,0,7,150,24,181,11,12,268,29,320,196,0,196,516
06/18/2005,PIE,FL,ASO,ES,Towers with Radar,3,3,99,7,112,0,3,219,7,229,3,6,318,14,341,280,0,280,621
06/19/2005,PIE,FL,ASO,ES,Towers with Radar,10,10,56,4,80,0,8,187,24,219,10,18,243,28,299,200,4,204,503
06/20/2005,PIE,FL,ASO,ES,Towers with Radar,16,5,88,4,113,0,8,158,14,180,16,13,246,18,293,206,0,206,499
06/21/2005,PIE,FL,ASO,ES,Towers with Radar,19,2,73,6,100,0,1,108,14,123,19,3,181,20,223,120,42,162,385
06/22/2005,PIE,FL,ASO,ES,Towers with Radar,24,6,99,3,132,0,1,147,35,183,24,7,246,38,315,234,38,272,587
06/23/2005,PIE,FL,ASO,ES,Towers with Radar,24,7,81,11,123,0,6,115,11,132,24,13,196,22,255,168,22,190,445
06/24/2005,PIE,FL,ASO,ES,Towers with Radar,20,16,145,6,187,0,2,141,13,156,20,18,286,19,343,122,4,126,469
06/25/2005,PIE,FL,ASO,ES,Towers with Radar,7,2,90,2,101,0,1,92,9,102,7,3,182,11,203,214,0,214,417
06/26/2005,PIE,FL,ASO,ES,Towers with Radar,15,14,68,2,99,0,13,201,23,237,15,27,269,25,336,264,0,264,600
06/27/2005,PIE,FL,ASO,ES,Towers with Radar,22,8,73,4,107,0,8,97,16,121,22,16,170,20,228,212,12,224,452
06/28/2005,PIE,FL,ASO,ES,Towers with Radar,19,2,93,11,125,0,0,113,9,122,19,2,206,20,247,334,16,350,597
06/29/2005,PIE,FL,ASO,ES,Towers with Radar,24,1,71,5,101,0,4,116,14,134,24,5,187,19,235,234,70,304,539
06/30/2005,PIE,FL,ASO,ES,Towers with Radar,25,9,107,1,142,0,16,164,38,218,25,25,271,39,360,286,42,328,688
07/01/2005,PIE,FL,ASO,ES,Towers with Radar,20,8,122,4,154,0,14,143,22,179,20,22,265,26,333,304,0,304,637
07/02/2005,PIE,FL,ASO,ES,Towers with Radar,9,6,60,1,76,0,1,217,5,223,9,7,277,6,299,298,0,298,597
07/03/2005,PIE,FL,ASO,ES,Towers with Radar,10,2,54,1,67,0,9,165,14,188,10,11,219,15,255,246,4,250,505
07/04/2005,PIE,FL,ASO,ES,Towers with Radar,15,2,42,0,59,0,7,137,7,151,15,9,179,7,210,190,0,190,400
07/05/2005,PIE,FL,ASO,ES,Towers with Radar,15,7,78,10,110,0,3,187,7,197,15,10,265,17,307,334,0,334,641
07/06/2005,PIE,FL,ASO,ES,Towers with Radar,23,9,82,11,125,0,16,166,16,198,23,25,248,27,323,349,12,361,684
07/07/2005,PIE,FL,ASO,ES,Towers with Radar,26,8,99,6,139,0,14,163,25,202,26,22,262,31,341,332,8,340,681
07/08/2005,PIE,FL,ASO,ES,Towers with Radar,28,10,103,5,146,0,14,149,15,178,28,24,252,20,324,336,4,340,664
07/09/2005,PIE,FL,ASO,ES,Towers with Radar,9,6,6,0,21,0,2,16,3,21,9,8,22,3,42,0,0,0,42
07/10/2005,PIE,FL,ASO,ES,Towers with Radar,13,4,17,5,39,0,0,18,3,21,13,4,35,8,60,0,0,0,60
07/11/2005,PIE,FL,ASO,ES,Towers with Radar,22,7,68,12,109,0,6,145,9,160,22,13,213,21,269,292,4,296,565
07/12/2005,PIE,FL,ASO,ES,Towers with Radar,21,8,78,16,123,0,6,168,22,196,21,14,246,38,319,308,24,332,651
07/13/2005,PIE,FL,ASO,ES,Towers with Radar,21,13,104,6,144,0,14,161,16,191,21,27,265,22,335,334,22,356,691
07/14/2005,PIE,FL,ASO,ES,Towers with Radar,24,3,76,9,112,0,23,185,40,248,24,26,261,49,360,296,34,330,690
07/15/2005,PIE,FL,ASO,ES,Towers with Radar,22,0,110,6,138,0,23,208,37,268,22,23,318,43,406,266,22,288,694
07/16/2005,PIE,FL,ASO,ES,Towers with Radar,8,7,47,3,65,0,6,231,9,246,8,13,278,12,311,264,4,268,579
07/17/2005,PIE,FL,ASO,ES,Towers with Radar,11,10,62,13,96,0,11,184,14,209,11,21,246,27,305,226,0,226,531
07/18/2005,PIE,FL,ASO,ES,Towers with Radar,17,4,75,9,105,0,6,149,19,174,17,10,224,28,279,242,6,248,527
07/19/2005,PIE,FL,ASO,ES,Towers with Radar,17,9,119,7,152,0,3,130,22,155,17,12,249,29,307,218,30,248,555
07/20/2005,PIE,FL,ASO,ES,Towers with Radar,24,8,88,24,144,0,2,195,24,221,24,10,283,48,365,248,30,278,643
07/21/2005,PIE,FL,ASO,ES,Towers with Radar,26,7,68,19,120,0,17,195,39,251,26,24,263,58,371,270,28,298,669
07/22/2005,PIE,FL,ASO,ES,Towers with Radar,21,9,83,9,122,0,14,212,42,268,21,23,295,51,390,276,56,332,722
07/23/2005,PIE,FL,ASO,ES,Towers with Radar,10,8,0,5,23,0,8,0,22,30,10,16,0,27,53,380,24,404,457
07/24/2005,PIE,FL,ASO,ES,Towers with Radar,16,7,78,7,108,0,13,196,23,232,16,20,274,30,340,164,10,174,514
07/25/2005,PIE,FL,ASO,ES,Towers with Radar,17,5,94,12,128,0,4,156,39,199,17,9,250,51,327,321,16,337,664
07/26/2005,PIE,FL,ASO,ES,Towers with Radar,18,7,104,2,131,0,3,178,26,207,18,10,282,28,338,256,6,262,600
07/27/2005,PIE,FL,ASO,ES,Towers with Radar,27,9,117,5,158,0,8,175,14,197,27,17,292,19,355,242,2,244,599
07/28/2005,PIE,FL,ASO,ES,Towers with Radar,25,6,92,23,146,0,14,147,27,188,25,20,239,50,334,140,28,168,502
07/29/2005,PIE,FL,ASO,ES,Towers with Radar,20,11,54,10,95,0,14,173,28,215,20,25,227,38,310,220,36,256,566
07/30/2005,PIE,FL,ASO,ES,Towers with Radar,9,4,77,4,94,0,8,204,14,226,9,12,281,18,320,294,10,304,624
07/31/2005,PIE,FL,ASO,ES,Towers with Radar,13,13,60,9,95,0,11,178,12,201,13,24,238,21,296,290,6,296,592
08/01/2005,PIE,FL,ASO,ES,Towers with Radar,18,9,58,10,95,0,3,147,18,168,18,12,205,28,263,126,14,140,403
08/02/2005,PIE,FL,ASO,ES,Towers with Radar,16,7,82,3,108,0,2,149,7,158,16,9,231,10,266,138,0,138,404
08/03/2005,PIE,FL,ASO,ES,Towers with Radar,23,3,72,5,103,0,5,215,20,240,23,8,287,25,343,164,10,174,517
08/04/2005,PIE,FL,ASO,ES,Towers with Radar,24,12,84,3,123,0,12,179,25,216,24,24,263,28,339,224,8,232,571
08/05/2005,PIE,FL,ASO,ES,Towers with Radar,15,8,94,8,125,0,18,243,23,284,15,26,337,31,409,346,38,384,793
08/06/2005,PIE,FL,ASO,ES,Towers with Radar,11,2,44,2,59,0,8,197,12,217,11,10,241,14,276,204,0,204,480
08/07/2005,PIE,FL,ASO,ES,Towers with Radar,14,9,50,8,81,0,9,114,12,135,14,18,164,20,216,152,2,154,370
08/08/2005,PIE,FL,ASO,ES,Towers with Radar,22,6,59,0,87,0,1,104,10,115,22,7,163,10,202,82,0,82,284
08/09/2005,PIE,FL,ASO,ES,Towers with Radar,18,5,81,8,112,0,4,177,28,209,18,9,258,36,321,250,38,288,609
08/10/2005,PIE,FL,ASO,ES,Towers with Radar,26,3,75,5,109,0,3,183,15,201,26,6,258,20,310,197,18,215,525
08/11/2005,PIE,FL,ASO,ES,Towers with Radar,24,8,86,9,127,0,12,205,30,247,24,20,291,39,374,286,12,298,672
08/12/2005,PIE,FL,ASO,ES,Towers with Radar,22,11,93,7,133,0,18,220,25,263,22,29,313,32,396,276,6,282,678
08/13/2005,PIE,FL,ASO,ES,Towers with Radar,10,4,73,9,96,0,10,213,21,244,10,14,286,30,340,368,46,414,754
08/14/2005,PIE,FL,ASO,ES,Towers with Radar,16,7,70,18,111,0,15,186,25,226,16,22,256,43,337,210,8,218,555
08/15/2005,PIE,FL,ASO,ES,Towers with Radar,0,4,68,6,78,0,4,175,21,200,0,8,243,27,278,201,20,221,499
08/16/2005,PIE,FL,ASO,ES,Towers with Radar,20,2,83,5,110,0,0,155,15,170,20,2,238,20,280,158,0,158,438
08/17/2005,PIE,FL,ASO,ES,Towers with Radar,27,17,72,10,126,0,8,186,10,204,27,25,258,20,330,154,4,158,488
08/18/2005,PIE,FL,ASO,ES,Towers with Radar,23,6,82,9,120,0,22,226,33,281,23,28,308,42,401,234,16,250,651
08/19/2005,PIE,FL,ASO,ES,Towers with Radar,20,9,95,2,126,0,23,207,28,258,20,32,302,30,384,348,0,348,732
08/20/2005,PIE,FL,ASO,ES,Towers with Radar,7,5,60,6,78,0,4,216,14,234,7,9,276,20,312,298,18,316,628
08/21/2005,PIE,FL,ASO,ES,Towers with Radar,15,8,49,9,81,0,9,169,24,202,15,17,218,33,283,272,54,326,609
08/22/2005,PIE,FL,ASO,ES,Towers with Radar,16,6,63,8,93,0,3,139,11,153,16,9,202,19,246,170,4,174,420
08/23/2005,PIE,FL,ASO,ES,Towers with Radar,17,6,73,3,99,0,1,153,10,164,17,7,226,13,263,138,0,138,401
08/24/2005,PIE,FL,ASO,ES,Towers with Radar,25,10,82,14,131,0,5,205,6,216,25,15,287,20,347,208,10,218,565
08/25/2005,PIE,FL,ASO,ES,Towers with Radar,21,4,59,2,86,0,3,124,17,144,21,7,183,19,230,122,0,122,352
08/26/2005,PIE,FL,ASO,ES,Towers with Radar,20,7,45,1,73,0,4,95,19,118,20,11,140,20,191,118,0,118,309
08/27/2005,PIE,FL,ASO,ES,Towers with Radar,7,7,69,7,90,0,9,155,15,179,7,16,224,22,269,172,6,178,447
08/28/2005,PIE,FL,ASO,ES,Towers with Radar,18,11,54,4,87,0,10,116,22,148,18,21,170,26,235,170,22,192,427
08/29/2005,PIE,FL,ASO,ES,Towers with Radar,18,5,60,5,88,0,6,87,13,106,18,11,147,18,194,54,8,62,256
08/30/2005,PIE,FL,ASO,ES,Towers with Radar,16,5,89,4,114,0,0,163,9,172,16,5,252,13,286,158,6,164,450
08/31/2005,PIE,FL,ASO,ES,Towers with Radar,26,11,97,6,140,0,0,185,7,192,26,11,282,13,332,206,0,206,538
09/01/2005,PIE,FL,ASO,ES,Towers with Radar,25,7,115,8,155,0,19,155,19,193,25,26,270,27,348,166,0,166,514
09/02/2005,PIE,FL,ASO,ES,Towers with Radar,14,8,101,11,134,0,14,199,32,245,14,22,300,43,379,288,0,288,667
09/03/2005,PIE,FL,ASO,ES,Towers with Radar,5,4,62,10,81,0,3,223,36,262,5,7,285,46,343,306,4,310,653
09/04/2005,PIE,FL,ASO,ES,Towers with Radar,14,10,38,10,72,0,0,163,14,177,14,10,201,24,249,180,0,180,429
09/05/2005,PIE,FL,ASO,ES,Towers with Radar,13,5,73,4,95,0,9,147,6,162,13,14,220,10,257,168,0,168,425
09/06/2005,PIE,FL,ASO,ES,Towers with Radar,19,5,77,6,107,0,4,201,1,206,19,9,278,7,313,196,0,196,509
09/07/2005,PIE,FL,ASO,ES,Towers with Radar,15,8,110,3,136,0,4,143,6,153,15,12,253,9,289,218,0,218,507
09/08/2005,PIE,FL,ASO,ES,Towers with Radar,26,5,105,7,143,0,9,153,11,173,26,14,258,18,316,214,2,216,532
09/09/2005,PIE,FL,ASO,ES,Towers with Radar,11,0,72,6,89,0,7,164,12,183,11,7,236,18,272,276,28,304,576
09/10/2005,PIE,FL,ASO,ES,Towers with Radar,5,0,69,5,79,0,7,271,12,290,5,7,340,17,369,300,0,300,669
09/11/2005,PIE,FL,ASO,ES,Towers with Radar,15,5,48,4,72,0,11,229,18,258,15,16,277,22,330,226,0,226,556
09/12/2005,PIE,FL,ASO,ES,Towers with Radar,12,6,90,5,113,0,6,182,13,201,12,12,272,18,314,238,0,238,552
09/13/2005,PIE,FL,ASO,ES,Towers with Radar,19,10,97,17,143,0,9,207,23,239,19,19,304,40,382,202,0,202,584
09/14/2005,PIE,FL,ASO,ES,Towers with Radar,15,12,74,9,110,0,15,212,19,246,15,27,286,28,356,214,14,228,584
09/15/2005,PIE,FL,ASO,ES,Towers with Radar,29,18,97,14,158,0,8,211,23,242,29,26,308,37,400,244,36,280,680
09/16/2005,PIE,FL,ASO,ES,Towers with Radar,12,6,111,7,136,0,9,154,26,189,12,15,265,33,325,218,2,220,545
09/17/2005,PIE,FL,ASO,ES,Towers with Radar,5,9,125,5,144,0,11,216,2,229,5,20,341,7,373,372,0,372,745
09/18/2005,PIE,FL,ASO,ES,Towers with Radar,14,2,54,10,80,0,5,217,18,240,14,7,271,28,320,226,0,226,546
09/19/2005,PIE,FL,ASO,ES,Towers with Radar,8,8,67,12,95,0,6,202,14,222,8,14,269,26,317,128,2,130,447
09/20/2005,PIE,FL,ASO,ES,Towers with Radar,21,7,68,4,100,0,3,136,18,157,21,10,204,22,257,160,0,160,417
09/21/2005,PIE,FL,ASO,ES,Towers with Radar,16,4,75,10,105,0,5,113,11,129,16,9,188,21,234,66,0,66,300
09/22/2005,PIE,FL,ASO,ES,Towers with Radar,25,2,85,9,121,0,21,164,22,207,25,23,249,31,328,136,2,138,466
09/23/2005,PIE,FL,ASO,ES,Towers with Radar,13,4,109,8,134,0,19,171,23,213,13,23,280,31,347,246,4,250,597
09/24/2005,PIE,FL,ASO,ES,Towers with Radar,6,3,53,2,64,0,1,218,11,230,6,4,271,13,294,198,0,198,492
09/25/2005,PIE,FL,ASO,ES,Towers with Radar,15,11,86,5,117,1,7,131,22,161,16,18,217,27,278,206,0,206,484
09/26/2005,PIE,FL,ASO,ES,Towers with Radar,7,8,104,4,123,0,10,168,6,184,7,18,272,10,307,232,0,232,539
09/27/2005,PIE,FL,ASO,ES,Towers with Radar,22,7,114,24,167,0,1,177,13,191,22,8,291,37,358,182,42,224,582
09/28/2005,PIE,FL,ASO,ES,Towers with Radar,16,11,91,10,128,0,9,201,16,226,16,20,292,26,354,198,0,198,552
09/29/2005,PIE,FL,ASO,ES,Towers with Radar,26,2,97,14,139,0,18,211,21,250,26,20,308,35,389,320,16,336,725
09/30/2005,PIE,FL,ASO,ES,Towers with Radar,12,6,99,9,126,0,18,231,21,270,12,24,330,30,396,288,32,320,716
10/01/2005,PIE,FL,ASO,ES,Towers with Radar,6,4,83,5,98,0,13,227,18,258,6,17,310,23,356,302,6,308,664
10/02/2005,PIE,FL,ASO,ES,Towers with Radar,14,10,98,4,126,0,6,177,16,199,14,16,275,20,325,204,4,208,533
10/03/2005,PIE,FL,ASO,ES,Towers with Radar,10,5,82,8,105,0,15,114,18,147,10,20,196,26,252,180,14,194,446
10/04/2005,PIE,FL,ASO,ES,Towers with Radar,22,1,72,7,102,0,2,125,0,127,22,3,197,7,229,104,0,104,333
10/05/2005,PIE,FL,ASO,ES,Towers with Radar,15,8,137,3,163,0,11,159,17,187,15,19,296,20,350,206,0,206,556
10/06/2005,PIE,FL,ASO,ES,Towers with Radar,27,21,108,13,169,0,11,148,32,191,27,32,256,45,360,154,10,164,524
10/07/2005,PIE,FL,ASO,ES,Towers with Radar,14,12,94,20,140,0,18,133,31,182,14,30,227,51,322,228,14,242,564
10/08/2005,PIE,FL,ASO,ES,Towers with Radar,5,5,69,0,79,0,15,180,18,213,5,20,249,18,292,196,0,196,488
10/09/2005,PIE,FL,ASO,ES,Towers with Radar,13,9,73,10,105,0,9,169,17,195,13,18,242,27,300,232,10,242,542
10/10/2005,PIE,FL,ASO,ES,Towers with Radar,12,7,94,4,117,0,7,151,5,163,12,14,245,9,280,200,0,200,480
10/11/2005,PIE,FL,ASO,ES,Towers with Radar,23,7,118,9,157,0,2,172,18,192,23,9,290,27,349,238,34,272,621
10/12/2005,PIE,FL,ASO,ES,Towers with Radar,14,4,141,7,166,0,19,165,32,216,14,23,306,39,382,208,28,236,618
10/13/2005,PIE,FL,ASO,ES,Towers with Radar,25,8,99,13,145,0,19,188,39,246,25,27,287,52,391,290,28,318,709
10/14/2005,PIE,FL,ASO,ES,Towers with Radar,18,5,84,18,125,0,18,183,31,232,18,23,267,49,357,208,10,218,575
10/15/2005,PIE,FL,ASO,ES,Towers with Radar,7,4,60,0,71,0,10,189,19,218,7,14,249,19,289,312,4,316,605
10/16/2005,PIE,FL,ASO,ES,Towers with Radar,14,8,68,5,95,0,14,229,27,270,14,22,297,32,365,258,6,264,629
10/17/2005,PIE,FL,ASO,ES,Towers with Radar,12,12,76,16,116,0,0,193,8,201,12,12,269,24,317,218,20,238,555
10/18/2005,PIE,FL,ASO,ES,Towers with Radar,24,4,72,13,113,0,5,187,17,209,24,9,259,30,322,162,36,198,520
10/19/2005,PIE,FL,ASO,ES,Towers with Radar,15,6,120,8,149,0,13,199,18,230,15,19,319,26,379,244,0,244,623
10/20/2005,PIE,FL,ASO,ES,Towers with Radar,29,6,87,1,123,0,25,237,44,306,29,31,324,45,429,314,0,314,743
10/21/2005,PIE,FL,ASO,ES,Towers with Radar,15,7,71,2,95,0,13,157,15,185,15,20,228,17,280,242,4,246,526
10/22/2005,PIE,FL,ASO,ES,Towers with Radar,6,3,69,1,79,0,1,159,9,169,6,4,228,10,248,254,0,254,502
10/23/2005,PIE,FL,ASO,ES,Towers with Radar,14,8,58,3,83,0,2,137,4,143,14,10,195,7,226,74,0,74,300
10/24/2005,PIE,FL,ASO,ES,Towers with Radar,5,0,19,3,27,0,0,5,14,19,5,0,24,17,46,0,0,0,46
10/25/2005,PIE,FL,ASO,ES,Towers with Radar,20,11,67,4,102,0,1,118,20,139,20,12,185,24,241,92,0,92,333
10/26/2005,PIE,FL,ASO,ES,Towers with Radar,18,12,66,9,105,0,9,244,24,277,18,21,310,33,382,234,0,234,616
10/27/2005,PIE,FL,ASO,ES,Towers with Radar,28,10,104,5,147,0,20,223,35,278,28,30,327,40,425,446,4,450,875
10/28/2005,PIE,FL,ASO,ES,Towers with Radar,18,14,83,11,126,0,6,239,13,258,18,20,322,24,384,282,0,282,666
10/29/2005,PIE,FL,ASO,ES,Towers with Radar,5,9,67,7,88,0,7,216,0,223,5,16,283,7,311,202,18,220,531
10/30/2005,PIE,FL,ASO,ES,Towers with Radar,15,21,69,4,109,0,5,191,18,214,15,26,260,22,323,204,20,224,547
10/31/2005,PIE,FL,ASO,ES,Towers with Radar,16,5,64,11,96,0,7,119,16,142,16,12,183,27,238,158,4,162,400
11/01/2005,PIE,FL,ASO,ES,Towers with Radar,25,3,78,11,117,0,0,89,12,101,25,3,167,23,218,136,4,140,358
11/02/2005,PIE,FL,ASO,ES,Towers with Radar,17,9,145,3,174,0,11,155,23,189,17,20,300,26,363,184,6,190,553
11/03/2005,PIE,FL,ASO,ES,Towers with Radar,30,14,123,11,178,0,20,246,40,306,30,34,369,51,484,286,30,316,800
11/04/2005,PIE,FL,ASO,ES,Towers with Radar,23,6,82,7,118,0,18,233,34,285,23,24,315,41,403,282,6,288,691
11/05/2005,PIE,FL,ASO,ES,Towers with Radar,7,7,77,5,96,0,4,194,6,204,7,11,271,11,300,214,0,214,514
11/06/2005,PIE,FL,ASO,ES,Towers with Radar,17,12,73,15,117,0,18,205,17,240,17,30,278,32,357,168,12,180,537
11/07/2005,PIE,FL,ASO,ES,Towers with Radar,16,13,70,6,105,0,4,167,15,186,16,17,237,21,291,138,48,186,477
11/08/2005,PIE,FL,ASO,ES,Towers with Radar,28,19,84,5,136,0,2,180,28,210,28,21,264,33,346,208,84,292,638
11/09/2005,PIE,FL,ASO,ES,Towers with Radar,17,13,104,10,144,0,9,167,26,202,17,22,271,36,346,180,30,210,556
11/10/2005,PIE,FL,ASO,ES,Towers with Radar,26,8,117,10,161,0,13,212,27,252,26,21,329,37,413,268,34,302,715
11/11/2005,PIE,FL,ASO,ES,Towers with Radar,24,16,109,2,151,0,19,234,23,276,24,35,343,25,427,408,4,412,839
11/12/2005,PIE,FL,ASO,ES,Towers with Radar,7,13,66,4,90,0,20,262,21,303,7,33,328,25,393,270,4,274,667
11/13/2005,PIE,FL,ASO,ES,Towers with Radar,19,25,79,1,124,0,16,209,21,246,19,41,288,22,370,246,16,262,632
11/14/2005,PIE,FL,ASO,ES,Towers with Radar,16,14,82,8,120,0,5,173,24,202,16,19,255,32,322,142,18,160,482
11/15/2005,PIE,FL,ASO,ES,Towers with Radar,28,18,96,4,146,0,12,189,30,231,28,30,285,34,377,252,34,286,663
11/16/2005,PIE,FL,ASO,ES,Towers with Radar,21,9,84,6,120,0,15,216,33,264,21,24,300,39,384,212,66,278,662
11/17/2005,PIE,FL,ASO,ES,Towers with Radar,30,17,148,7,202,0,15,130,33,178,30,32,278,40,380,178,14,192,572
11/18/2005,PIE,FL,ASO,ES,Towers with Radar,19,18,89,14,140,0,6,273,41,320,19,24,362,55,460,322,20,342,802
11/19/2005,PIE,FL,ASO,ES,Towers with Radar,7,5,102,2,116,0,9,155,16,180,7,14,257,18,296,338,2,340,636
11/20/2005,PIE,FL,ASO,ES,Towers with Radar,17,10,58,10,95,0,11,170,16,197,17,21,228,26,292,152,4,156,448
11/21/2005,PIE,FL,ASO,ES,Towers with Radar,19,11,79,7,116,0,7,106,24,137,19,18,185,31,253,114,38,152,405
11/22/2005,PIE,FL,ASO,ES,Towers with Radar,27,9,78,14,128,0,1,123,12,136,27,10,201,26,264,78,4,82,346
11/23/2005,PIE,FL,ASO,ES,Towers with Radar,25,15,103,10,153,0,13,227,34,274,25,28,330,44,427,204,14,218,645
11/24/2005,PIE,FL,ASO,ES,Towers with Radar,16,3,23,1,43,0,12,116,16,144,16,15,139,17,187,54,4,58,245
11/25/2005,PIE,FL,ASO,ES,Towers with Radar,19,2,88,3,112,0,15,171,8,194,19,17,259,11,306,226,0,226,532
11/26/2005,PIE,FL,ASO,ES,Towers with Radar,7,5,75,7,94,0,12,232,14,258,7,17,307,21,352,330,10,340,692
11/27/2005,PIE,FL,ASO,ES,Towers with Radar,17,12,109,2,140,0,9,177,15,201,17,21,286,17,341,242,0,242,583
11/28/2005,PIE,FL,ASO,ES,Towers with Radar,16,7,73,17,113,0,10,87,24,121,16,17,160,41,234,118,64,182,416
11/29/2005,PIE,FL,ASO,ES,Towers with Radar,29,17,70,13,129,0,0,51,15,66,29,17,121,28,195,72,24,96,291
11/30/2005,PIE,FL,ASO,ES,Towers with Radar,19,5,70,6,100,0,17,211,30,258,19,22,281,36,358,290,14,304,662
12/01/2005,PIE,FL,ASO,ES,Towers with Radar,30,10,94,8,142,0,16,249,50,315,30,26,343,58,457,278,30,308,765
12/02/2005,PIE,FL,ASO,ES,Towers with Radar,19,3,99,6,127,0,14,203,43,260,19,17,302,49,387,208,52,260,647
12/03/2005,PIE,FL,ASO,ES,Towers with Radar,7,7,67,7,88,0,1,238,24,263,7,8,305,31,351,302,10,312,663
12/04/2005,PIE,FL,ASO,ES,Towers with Radar,14,4,68,10,96,0,16,230,23,269,14,20,298,33,365,244,16,260,625
12/05/2005,PIE,FL,ASO,ES,Towers with Radar,11,11,61,9,92,0,2,140,25,167,11,13,201,34,259,82,44,126,385
12/06/2005,PIE,FL,ASO,ES,Towers with Radar,19,10,119,11,159,0,4,106,13,123,19,14,225,24,282,154,8,162,444
12/07/2005,PIE,FL,ASO,ES,Towers with Radar,19,25,99,6,149,0,7,168,29,204,19,32,267,35,353,238,28,266,619
12/08/2005,PIE,FL,ASO,ES,Towers with Radar,28,8,116,23,175,0,9,115,24,148,28,17,231,47,323,172,6,178,501
12/09/2005,PIE,FL,ASO,ES,Towers with Radar,19,8,121,34,182,0,8,81,5,94,19,16,202,39,276,64,32,96,372
12/10/2005,PIE,FL,ASO,ES,Towers with Radar,8,4,142,4,158,0,3,90,7,100,8,7,232,11,258,136,0,136,394
12/11/2005,PIE,FL,ASO,ES,Towers with Radar,13,12,60,4,89,0,16,128,31,175,13,28,188,35,264,104,0,104,368
12/12/2005,PIE,FL,ASO,ES,Towers with Radar,13,4,72,3,92,0,7,205,25,237,13,11,277,28,329,216,22,238,567
12/13/2005,PIE,FL,ASO,ES,Towers with Radar,23,13,73,2,111,0,3,178,21,202,23,16,251,23,313,282,12,294,607
12/14/2005,PIE,FL,ASO,ES,Towers with Radar,18,8,113,10,149,0,17,215,37,269,18,25,328,47,418,304,24,328,746
12/15/2005,PIE,FL,ASO,ES,Towers with Radar,27,5,71,7,110,0,8,107,14,129,27,13,178,21,239,66,18,84,323
12/16/2005,PIE,FL,ASO,ES,Towers with Radar,17,14,94,4,129,0,21,232,26,279,17,35,326,30,408,206,0,206,614
12/17/2005,PIE,FL,ASO,ES,Towers with Radar,11,6,80,5,102,0,12,126,15,153,11,18,206,20,255,68,0,68,323
12/18/2005,PIE,FL,ASO,ES,Towers with Radar,18,7,54,1,80,0,0,13,2,15,18,7,67,3,95,0,0,0,95
12/19/2005,PIE,FL,ASO,ES,Towers with Radar,15,8,86,6,115,0,2,76,8,86,15,10,162,14,201,66,0,66,267
12/20/2005,PIE,FL,ASO,ES,Towers with Radar,30,15,78,6,129,0,13,189,16,218,30,28,267,22,347,214,4,218,565
12/21/2005,PIE,FL,ASO,ES,Towers with Radar,24,19,63,2,108,0,4,146,15,165,24,23,209,17,273,188,10,198,471
12/22/2005,PIE,FL,ASO,ES,Towers with Radar,33,3,58,0,94,0,4,144,13,161,33,7,202,13,255,190,0,190,445
12/23/2005,PIE,FL,ASO,ES,Towers with Radar,27,4,44,1,76,0,7,192,5,204,27,11,236,6,280,170,6,176,456
12/24/2005,PIE,FL,ASO,ES,Towers with Radar,6,4,31,2,43,0,0,147,1,148,6,4,178,3,191,104,0,104,295
12/25/2005,PIE,FL,ASO,ES,Towers with Radar,14,0,24,2,40,0,0,143,2,145,14,0,167,4,185,8,4,12,197
12/26/2005,PIE,FL,ASO,ES,Towers with Radar,14,4,99,3,120,0,5,143,6,154,14,9,242,9,274,96,30,126,400
12/27/2005,PIE,FL,ASO,ES,Towers with Radar,29,5,81,3,118,0,8,205,5,218,29,13,286,8,336,164,6,170,506
12/28/2005,PIE,FL,ASO,ES,Towers with Radar,25,4,85,6,120,0,3,174,18,195,25,7,259,24,315,178,20,198,513
12/29/2005,PIE,FL,ASO,ES,Towers with Radar,31,4,74,1,110,0,4,167,25,196,31,8,241,26,306,114,0,114,420
12/30/2005,PIE,FL,ASO,ES,Towers with Radar,28,9,81,3,121,0,7,214,18,239,28,16,295,21,360,284,6,290,650
12/31/2005,PIE,FL,ASO,ES,Towers with Radar,17,10,46,2,75,0,16,188,33,237,17,26,234,35,312,260,0,260,572
01/01/2006,PIE,FL,ASO,ES,Towers with Radar,14,7,63,2,86,0,0,162,0,162,14,7,225,2,248,90,4,94,342
01/02/2006,PIE,FL,ASO,ES,Towers with Radar,17,9,91,2,119,0,8,173,7,188,17,17,264,9,307,110,0,110,417
01/03/2006,PIE,FL,ASO,ES,Towers with Radar,33,7,102,0,142,0,2,140,3,145,33,9,242,3,287,174,0,174,461
01/04/2006,PIE,FL,ASO,ES,Towers with Radar,26,10,84,4,124,0,7,236,36,279,26,17,320,40,403,312,38,350,753
01/05/2006,PIE,FL,ASO,ES,Towers with Radar,30,7,82,4,123,0,19,212,33,264,30,26,294,37,387,296,94,390,777
01/06/2006,PIE,FL,ASO,ES,Towers with Radar,20,12,64,3,99,0,14,180,28,222,20,26,244,31,321,200,26,226,547
01/07/2006,PIE,FL,ASO,ES,Towers with Radar,11,7,82,2,102,0,7,189,24,220,11,14,271,26,322,282,8,290,612
01/08/2006,PIE,FL,ASO,ES,Towers with Radar,12,13,53,9,87,0,4,229,17,250,12,17,282,26,337,176,0,176,513
01/09/2006,PIE,FL,ASO,ES,Towers with Radar,16,5,67,12,100,0,8,151,21,180,16,13,218,33,280,192,52,244,524
01/10/2006,PIE,FL,ASO,ES,Towers with Radar,28,8,88,13,137,0,5,174,19,198,28,13,262,32,335,252,48,300,635
01/11/2006,PIE,FL,ASO,ES,Towers with Radar,25,11,71,8,115,0,11,192,29,232,25,22,263,37,347,330,42,372,719
01/12/2006,PIE,FL,ASO,ES,Towers with Radar,32,6,129,16,183,0,14,156,19,189,32,20,285,35,372,274,22,296,668
01/13/2006,PIE,FL,ASO,ES,Towers with Radar,19,13,99,8,139,0,5,137,8,150,19,18,236,16,289,176,0,176,465
01/14/2006,PIE,FL,ASO,ES,Towers with Radar,10,5,35,1,51,0,8,127,9,144,10,13,162,10,195,20,0,20,215
01/15/2006,PIE,FL,ASO,ES,Towers with Radar,12,9,68,2,91,0,10,214,14,238,12,19,282,16,329,232,0,232,561
01/16/2006,PIE,FL,ASO,ES,Towers with Radar,15,21,98,1,135,0,9,257,11,277,15,30,355,12,412,232,0,232,644
01/17/2006,PIE,FL,ASO,ES,Towers with Radar,27,8,64,9,108,0,5,126,22,153,27,13,190,31,261,80,0,80,341
01/18/2006,PIE,FL,ASO,ES,Towers with Radar,23,4,56,7,90,0,10,206,38,254,23,14,262,45,344,128,34,162,506
01/19/2006,PIE,FL,ASO,ES,Towers with Radar,29,18,98,5,150,0,21,253,56,330,29,39,351,61,480,256,74,330,810
01/20/2006,PIE,FL,ASO,ES,Towers with Radar,16,5,85,3,109,0,12,234,31,277,16,17,319,34,386,366,26,392,778
01/21/2006,PIE,FL,ASO,ES,Towers with Radar,10,6,48,2,66,0,10,183,17,210,10,16,231,19,276,284,12,296,572
01/22/2006,PIE,FL,ASO,ES,Towers with Radar,11,11,70,4,96,0,1,231,18,250,11,12,301,22,346,138,0,138,484
01/23/2006,PIE,FL,ASO,ES,Towers with Radar,17,6,73,10,106,0,7,160,16,183,17,13,233,26,289,152,4,156,445
01/24/2006,PIE,FL,ASO,ES,Towers with Radar,25,17,107,9,158,0,2,111,11,124,25,19,218,20,282,94,0,94,376
01/25/2006,PIE,FL,ASO,ES,Towers with Radar,24,14,74,1,113,0,12,235,40,287,24,26,309,41,400,244,4,248,648
01/26/2006,PIE,FL,ASO,ES,Towers with Radar,27,6,89,5,127,0,7,162,23,192,27,13,251,28,319,150,0,150,469
01/27/2006,PIE,FL,ASO,ES,Towers with Radar,19,21,93,18,151,0,9,256,18,283,19,30,349,36,434,242,0,242,676
01/28/2006,PIE,FL,ASO,ES,Towers with Radar,9,5,66,4,84,0,1,199,156,356,9,6,265,160,440,238,0,238,678
01/29/2006,PIE,FL,ASO,ES,Towers with Radar,10,10,72,3,95,0,12,201,25,238,10,22,273,28,333,168,4,172,505
01/30/2006,PIE,FL,ASO,ES,Towers with Radar,20,9,53,3,85,0,6,126,14,146,20,15,179,17,231,28,0,28,259
01/31/2006,PIE,FL,ASO,ES,Towers with Radar,29,2,60,9,100,0,6,173,20,199,29,8,233,29,299,176,22,198,497
02/01/2006,PIE,FL,ASO,ES,Towers with Radar,25,3,83,7,118,0,16,237,25,278,25,19,320,32,396,246,6,252,648
02/02/2006,PIE,FL,ASO,ES,Towers with Radar,28,8,110,6,152,0,15,212,24,251,28,23,322,30,403,138,4,142,545
02/03/2006,PIE,FL,ASO,ES,Towers with Radar,27,8,62,2,99,0,0,10,0,10,27,8,72,2,109,0,0,0,109
02/04/2006,PIE,FL,ASO,ES,Towers with Radar,9,5,40,3,57,0,0,79,4,83,9,5,119,7,140,44,2,46,186
02/05/2006,PIE,FL,ASO,ES,Towers with Radar,12,14,71,3,100,0,6,206,10,222,12,20,277,13,322,226,24,250,572
02/06/2006,PIE,FL,ASO,ES,Towers with Radar,18,18,70,7,113,0,6,205,19,230,18,24,275,26,343,206,8,214,557
02/07/2006,PIE,FL,ASO,ES,Towers with Radar,30,13,57,14,114,0,0,107,11,118,30,13,164,25,232,94,2,96,328
02/08/2006,PIE,FL,ASO,ES,Towers with Radar,21,14,99,10,144,0,16,254,29,299,21,30,353,39,443,260,8,268,711
02/09/2006,PIE,FL,ASO,ES,Towers with Radar,32,16,88,14,150,0,17,249,30,296,32,33,337,44,446,226,14,240,686
02/10/2006,PIE,FL,ASO,ES,Towers with Radar,18,8,98,11,135,0,11,193,27,231,18,19,291,38,366,270,20,290,656
02/11/2006,PIE,FL,ASO,ES,Towers with Radar,9,9,65,0,83,0,10,168,12,190,9,19,233,12,273,120,0,120,393
02/12/2006,PIE,FL,ASO,ES,Towers with Radar,10,13,54,4,81,0,2,166,12,180,10,15,220,16,261,129,0,129,390
02/13/2006,PIE,FL,ASO,ES,Towers with Radar,18,8,104,9,139,0,5,156,18,179,18,13,260,27,318,132,0,132,450
02/14/2006,PIE,FL,ASO,ES,Towers with Radar,31,7,110,9,157,0,4,163,22,189,31,11,273,31,346,188,14,202,548
02/15/2006,PIE,FL,ASO,ES,Towers with Radar,23,9,67,6,105,0,14,237,46,297,23,23,304,52,402,260,42,302,704
02/16/2006,PIE,FL,ASO,ES,Towers with Radar,31,15,103,8,157,0,20,217,37,274,31,35,320,45,431,186,14,200,631
02/17/2006,PIE,FL,ASO,ES,Towers with Radar,21,16,132,9,178,0,10,167,19,196,21,26,299,28,374,138,4,142,516
02/18/2006,PIE,FL,ASO,ES,Towers with Radar,8,10,70,2,90,0,9,229,19,257,8,19,299,21,347,309,12,321,668
02/19/2006,PIE,FL,ASO,ES,Towers with Radar,14,14,77,8,113,0,7,172,10,189,14,21,249,18,302,128,0,128,430
02/20/2006,PIE,FL,ASO,ES,Towers with Radar,28,11,93,17,149,0,2,81,8,91,28,13,174,25,240,110,0,110,350
02/21/2006,PIE,FL,ASO,ES,Towers with Radar,19,13,76,4,112,0,4,113,11,128,19,17,189,15,240,164,6,170,410
02/22/2006,PIE,FL,ASO,ES,Towers with Radar,24,19,89,8,140,0,9,197,37,243,24,28,286,45,383,196,42,238,621
02/23/2006,PIE,FL,ASO,ES,Towers with Radar,31,17,91,8,147,0,15,148,19,182,31,32,239,27,329,164,4,168,497
02/24/2006,PIE,FL,ASO,ES,Towers with Radar,19,29,100,8,156,0,4,131,20,155,19,33,231,28,311,164,4,168,479
02/25/2006,PIE,FL,ASO,ES,Towers with Radar,7,7,64,3,81,0,11,239,24,274,7,18,303,27,355,214,34,248,603
02/26/2006,PIE,FL,ASO,ES,Towers with Radar,14,11,68,5,98,0,11,154,18,183,14,22,222,23,281,140,0,140,421
02/27/2006,PIE,FL,ASO,ES,Towers with Radar,19,8,111,4,142,0,3,202,22,227,19,11,313,26,369,248,0,248,617
02/28/2006,PIE,FL,ASO,ES,Towers with Radar,30,6,75,12,123,0,4,207,29,240,30,10,282,41,363,198,40,238,601
03/01/2006,PIE,FL,ASO,ES,Towers with Radar,25,11,96,6,138,0,8,216,46,270,25,19,312,52,408,214,32,246,654
03/02/2006,PIE,FL,ASO,ES,Towers with Radar,30,20,88,8,146,0,15,246,25,286,30,35,334,33,432,228,2,230,662
03/03/2006,PIE,FL,ASO,ES,Towers with Radar,21,16,80,9,126,0,13,183,29,225,21,29,263,38,351,238,30,268,619
03/04/2006,PIE,FL,ASO,ES,Towers with Radar,9,8,56,3,76,0,9,177,19,205,9,17,233,22,281,216,4,220,501
03/05/2006,PIE,FL,ASO,ES,Towers with Radar,11,20,75,3,109,0,12,222,25,259,11,32,297,28,368,260,11,271,639
03/06/2006,PIE,FL,ASO,ES,Towers with Radar,18,16,83,7,124,0,4,166,16,186,18,20,249,23,310,152,14,166,476
03/07/2006,PIE,FL,ASO,ES,Towers with Radar,29,8,57,8,102,0,5,222,31,258,29,13,279,39,360,216,12,228,588
03/08/2006,PIE,FL,ASO,ES,Towers with Radar,23,17,70,3,113,0,12,236,25,273,23,29,306,28,386,304,0,304,690
03/09/2006,PIE,FL,ASO,ES,Towers with Radar,32,7,73,3,115,0,6,192,28,226,32,13,265,31,341,222,0,222,563
03/10/2006,PIE,FL,ASO,ES,Towers with Radar,19,16,97,12,144,0,12,151,18,181,19,28,248,30,325,148,28,176,501
03/11/2006,PIE,FL,ASO,ES,Towers with Radar,7,12,74,9,102,0,12,232,22,266,7,24,306,31,368,236,6,242,610
03/12/2006,PIE,FL,ASO,ES,Towers with Radar,10,7,98,3,118,0,22,213,21,256,10,29,311,24,374,206,6,212,586
03/13/2006,PIE,FL,ASO,ES,Towers with Radar,17,15,86,5,123,0,5,173,22,200,17,20,259,27,323,222,14,236,559
03/14/2006,PIE,FL,ASO,ES,Towers with Radar,30,6,84,8,128,0,2,188,11,201,30,8,272,19,329,214,0,214,543
03/15/2006,PIE,FL,ASO,ES,Towers with Radar,20,13,81,1,115,0,16,197,45,258,20,29,278,46,373,234,40,274,647
03/16/2006,PIE,FL,ASO,ES,Towers with Radar,27,10,72,8,117,0,15,240,34,289,27,25,312,42,406,230,12,242,648
03/17/2006,PIE,FL,ASO,ES,Towers with Radar,20,20,110,7,157,0,9,205,28,242,20,29,315,35,399,328,48,376,775
03/18/2006,PIE,FL,ASO,ES,Towers with Radar,10,8,91,5,114,0,22,236,26,284,10,30,327,31,398,288,10,298,696
03/19/2006,PIE,FL,ASO,ES,Towers with Radar,8,27,14,0,49,6,0,270,22,298,14,27,284,22,347,286,8,294,641
03/20/2006,PIE,FL,ASO,ES,Towers with Radar,17,4,93,8,122,0,5,171,13,189,17,9,264,21,311,190,12,202,513
03/21/2006,PIE,FL,ASO,ES,Towers with Radar,29,23,48,22,122,0,4,157,18,179,29,27,205,40,301,98,18,116,417
03/22/2006,PIE,FL,ASO,ES,Towers with Radar,23,14,98,6,141,0,28,248,36,312,23,42,346,42,453,356,0,356,809
03/23/2006,PIE,FL,ASO,ES,Towers with Radar,29,10,97,5,141,0,11,162,29,202,29,21,259,34,343,186,62,248,591
03/24/2006,PIE,FL,ASO,ES,Towers with Radar,18,16,91,10,135,0,9,151,17,177,18,25,242,27,312,186,16,202,514
03/25/2006,PIE,FL,ASO,ES,Towers with Radar,9,10,79,2,100,0,9,194,15,218,9,19,273,17,318,182,0,182,500
03/26/2006,PIE,FL,ASO,ES,Towers with Radar,11,14,72,14,111,0,18,211,26,255,11,32,283,40,366,216,12,228,594
03/27/2006,PIE,FL,ASO,ES,Towers with Radar,19,17,73,1,110,0,8,240,29,277,19,25,313,30,387,254,2,256,643
03/28/2006,PIE,FL,ASO,ES,Towers with Radar,28,9,19,4,60,0,5,289,22,316,28,14,308,26,376,278,54,332,708
03/29/2006,PIE,FL,ASO,ES,Towers with Radar,24,7,94,1,126,0,14,243,31,288,24,21,337,32,414,306,20,326,740
03/30/2006,PIE,FL,ASO,ES,Towers with Radar,32,18,86,1,137,0,18,248,51,317,32,36,334,52,454,242,16,258,712
03/31/2006,PIE,FL,ASO,ES,Towers with Radar,20,19,105,5,149,0,7,214,23,244,20,26,319,28,393,300,6,306,699
04/01/2006,PIE,FL,ASO,ES,Towers with Radar,12,10,86,7,115,0,9,219,16,244,12,19,305,23,359,234,10,244,603
04/02/2006,PIE,FL,ASO,ES,Towers with Radar,13,11,112,5,141,0,17,228,27,272,13,28,340,32,413,284,18,302,715
04/03/2006,PIE,FL,ASO,ES,Towers with Radar,19,8,76,7,110,0,8,179,18,205,19,16,255,25,315,208,16,224,539
04/04/2006,PIE,FL,ASO,ES,Towers with Radar,33,16,101,8,158,0,6,161,18,185,33,22,262,26,343,182,18,200,543
04/05/2006,PIE,FL,ASO,ES,Towers with Radar,25,10,106,6,147,0,22,271,43,336,25,32,377,49,483,230,24,254,737
04/06/2006,PIE,FL,ASO,ES,Towers with Radar,29,8,86,7,130,0,29,259,45,333,29,37,345,52,463,280,72,352,815
04/07/2006,PIE,FL,ASO,ES,Towers with Radar,17,18,93,5,133,0,27,259,43,329,17,45,352,48,462,176,40,216,678
04/08/2006,PIE,FL,ASO,ES,Towers with Radar,9,2,97,0,108,0,14,199,17,230,9,16,296,17,338,126,0,126,464
04/09/2006,PIE,FL,ASO,ES,Towers with Radar,14,9,97,6,126,0,21,224,19,264,14,30,321,25,390,176,18,194,584
04/10/2006,PIE,FL,ASO,ES,Towers with Radar,19,5,71,6,101,0,12,201,46,259,19,17,272,52,360,178,0,178,538
04/11/2006,PIE,FL,ASO,ES,Towers with Radar,29,13,79,8,129,0,9,199,13,221,29,22,278,21,350,176,12,188,538
04/12/2006,PIE,FL,ASO,ES,Towers with Radar,25,17,67,7,116,0,17,221,37,275,25,34,288,44,391,284,14,298,689
04/13/2006,PIE,FL,ASO,ES,Towers with Radar,34,8,95,13,150,0,29,259,42,330,34,37,354,55,480,310,76,386,866
04/14/2006,PIE,FL,ASO,ES,Towers with Radar,16,10,87,2,115,0,29,237,43,309,16,39,324,45,424,302,40,342,766
04/15/2006,PIE,FL,ASO,ES,Towers with Radar,10,19,96,3,128,0,11,221,26,258,10,30,317,29,386,288,10,298,684
04/16/2006,PIE,FL,ASO,ES,Towers with Radar,12,10,86,7,115,0,9,219,16,244,12,19,305,23,359,234,10,244,603
04/17/2006,PIE,FL,ASO,ES,Towers with Radar,23,21,105,3,152,0,5,198,26,229,23,26,303,29,381,212,20,232,613
04/18/2006,PIE,FL,ASO,ES,Towers with Radar,27,12,115,7,161,0,8,185,17,210,27,20,300,24,371,180,12,192,563
04/19/2006,PIE,FL,ASO,ES,Towers with Radar,22,2,86,8,118,0,19,218,34,271,22,21,304,42,389,242,38,280,669
04/20/2006,PIE,FL,ASO,ES,Towers with Radar,27,7,97,10,141,0,23,210,33,266,27,30,307,43,407,307,14,321,728
04/21/2006,PIE,FL,ASO,ES,Towers with Radar,15,15,67,10,107,0,16,218,29,263,15,31,285,39,370,342,20,362,732
04/22/2006,PIE,FL,ASO,ES,Towers with Radar,8,11,66,8,93,0,9,222,39,270,8,20,288,47,363,322,42,364,727
04/23/2006,PIE,FL,ASO,ES,Towers with Radar,10,13,75,6,104,0,16,251,41,308,10,29,326,47,412,300,52,352,764
04/24/2006,PIE,FL,ASO,ES,Towers with Radar,17,10,89,14,130,0,10,182,33,225,17,20,271,47,355,240,30,270,625
04/25/2006,PIE,FL,ASO,ES,Towers with Radar,26,8,70,8,112,0,7,176,22,205,26,15,246,30,317,262,6,268,585
04/26/2006,PIE,FL,ASO,ES,Towers with Radar,23,2,84,14,123,0,18,218,34,270,23,20,302,48,393,272,36,308,701
04/27/2006,PIE,FL,ASO,ES,Towers with Radar,26,11,98,3,138,0,7,165,25,197,26,18,263,28,335,154,36,190,525
04/28/2006,PIE,FL,ASO,ES,Towers with Radar,17,14,92,7,130,0,18,224,34,276,17,32,316,41,406,290,38,328,734
04/29/2006,PIE,FL,ASO,ES,Towers with Radar,8,4,56,3,71,0,2,183,10,195,8,6,239,13,266,214,8,222,488
04/30/2006,PIE,FL,ASO,ES,Towers with Radar,10,13,74,3,100,0,14,182,11,207,10,27,256,14,307,246,4,250,557
05/01/2006,PIE,FL,ASO,ES,Towers with Radar,21,8,64,6,99,0,3,225,22,250,21,11,289,28,349,144,24,168,517
05/02/2006,PIE,FL,ASO,ES,Towers with Radar,23,8,84,7,122,0,2,227,14,243,23,10,311,21,365,240,2,242,607
05/03/2006,PIE,FL,ASO,ES,Towers with Radar,24,13,99,6,142,0,20,254,44,318,24,33,353,50,460,292,30,322,782
05/04/2006,PIE,FL,ASO,ES,Towers with Radar,29,4,102,4,139,0,20,177,22,219,29,24,279,26,358,246,4,250,608
05/05/2006,PIE,FL,ASO,ES,Towers with Radar,23,5,88,4,120,0,19,217,36,272,23,24,305,40,392,280,26,306,698
05/06/2006,PIE,FL,ASO,ES,Towers with Radar,8,3,68,3,82,0,19,248,33,300,8,22,316,36,382,336,6,342,724
05/07/2006,PIE,FL,ASO,ES,Towers with Radar,9,12,12,3,36,0,20,256,21,297,9,32,268,24,333,240,30,270,603
05/08/2006,PIE,FL,ASO,ES,Towers with Radar,17,16,76,4,113,0,3,203,14,220,17,19,279,18,333,246,4,250,583
05/09/2006,PIE,FL,ASO,ES,Towers with Radar,21,12,77,9,119,0,0,129,4,133,21,12,206,13,252,146,0,146,398
05/10/2006,PIE,FL,ASO,ES,Towers with Radar,22,9,97,10,138,0,23,232,28,283,22,32,329,38,421,386,36,422,843
05/11/2006,PIE,FL,ASO,ES,Towers with Radar,30,13,109,6,158,0,15,151,16,182,30,28,260,22,340,272,6,278,618
05/12/2006,PIE,FL,ASO,ES,Towers with Radar,24,13,106,5,148,0,14,225,19,258,24,27,331,24,406,322,18,340,746
05/13/2006,PIE,FL,ASO,ES,Towers with Radar,7,7,66,5,85,0,8,209,12,229,7,15,275,17,314,228,2,230,544
05/14/2006,PIE,FL,ASO,ES,Towers with Radar,11,10,53,3,77,0,15,209,17,241,11,25,262,20,318,218,0,218,536
05/15/2006,PIE,FL,ASO,ES,Towers with Radar,18,7,83,10,118,0,8,216,35,259,18,15,299,45,377,304,12,316,693
05/16/2006,PIE,FL,ASO,ES,Towers with Radar,22,16,75,11,124,0,0,73,11,84,22,16,148,22,208,100,0,100,308
05/17/2006,PIE,FL,ASO,ES,Towers with Radar,29,8,65,6,108,0,18,306,49,373,29,26,371,55,481,418,20,438,919
05/18/2006,PIE,FL,ASO,ES,Towers with Radar,30,19,93,16,158,0,11,224,21,256,30,30,317,37,414,336,26,362,776
05/19/2006,PIE,FL,ASO,ES,Towers with Radar,20,8,104,6,138,0,19,220,28,267,20,27,324,34,405,312,4,316,721
05/20/2006,PIE,FL,ASO,ES,Towers with Radar,7,5,57,1,70,0,13,251,20,284,7,18,308,21,354,350,0,350,704
05/21/2006,PIE,FL,ASO,ES,Towers with Radar,15,13,84,6,118,0,23,203,18,244,15,36,287,24,362,186,4,190,552
05/22/2006,PIE,FL,ASO,ES,Towers with Radar,21,7,92,7,127,0,13,227,36,276,21,20,319,43,403,330,16,346,749
05/23/2006,PIE,FL,ASO,ES,Towers with Radar,19,11,82,9,121,0,0,152,17,169,19,11,234,26,290,236,16,252,542
05/24/2006,PIE,FL,ASO,ES,Towers with Radar,21,13,91,15,140,0,17,212,22,251,21,30,303,37,391,256,8,264,655
05/25/2006,PIE,FL,ASO,ES,Towers with Radar,21,14,100,8,143,0,12,208,35,255,21,26,308,43,398,366,38,404,802
05/26/2006,PIE,FL,ASO,ES,Towers with Radar,18,6,100,8,132,0,21,206,33,260,18,27,306,41,392,340,40,380,772
05/27/2006,PIE,FL,ASO,ES,Towers with Radar,10,8,60,3,81,0,16,213,21,250,10,24,273,24,331,274,0,274,605
05/28/2006,PIE,FL,ASO,ES,Towers with Radar,11,10,58,5,84,0,13,205,20,238,11,23,263,25,322,262,6,268,590
05/29/2006,PIE,FL,ASO,ES,Towers with Radar,9,10,59,2,80,0,10,180,6,196,9,20,239,8,276,184,0,184,460
05/30/2006,PIE,FL,ASO,ES,Towers with Radar,15,10,77,4,106,0,2,194,18,214,15,12,271,22,320,194,24,218,538
05/31/2006,PIE,FL,ASO,ES,Towers with Radar,21,12,90,14,137,0,20,215,44,279,21,32,305,58,416,256,44,300,716
06/01/2006,PIE,FL,ASO,ES,Towers with Radar,18,2,20,4,44,0,11,43,11,65,18,13,63,15,109,24,4,28,137
06/02/2006,PIE,FL,ASO,ES,Towers with Radar,19,5,91,9,124,0,17,182,16,215,19,22,273,25,339,294,8,302,641
06/03/2006,PIE,FL,ASO,ES,Towers with Radar,5,3,59,4,71,0,10,264,22,296,5,13,323,26,367,390,4,394,761
06/04/2006,PIE,FL,ASO,ES,Towers with Radar,12,5,71,3,91,0,25,168,27,220,12,30,239,30,311,254,16,270,581
06/05/2006,PIE,FL,ASO,ES,Towers with Radar,17,9,76,3,105,0,10,215,25,250,17,19,291,28,355,206,48,254,609
06/06/2006,PIE,FL,ASO,ES,Towers with Radar,22,9,78,6,115,0,4,218,30,252,22,13,296,36,367,286,16,302,669
06/07/2006,PIE,FL,ASO,ES,Towers with Radar,23,5,104,5,137,0,6,200,21,227,23,11,304,26,364,230,26,256,620
06/08/2006,PIE,FL,ASO,ES,Towers with Radar,24,15,82,5,126,0,4,202,22,228,24,19,284,27,354,196,0,196,550
06/09/2006,PIE,FL,ASO,ES,Towers with Radar,17,5,67,7,96,0,10,189,15,214,17,15,256,22,310,158,0,158,468
06/10/2006,PIE,FL,ASO,ES,Towers with Radar,5,3,51,2,61,0,2,232,16,250,5,5,283,18,311,278,4,282,593
06/11/2006,PIE,FL,ASO,ES,Towers with Radar,10,11,48,2,71,0,6,214,14,234,10,17,262,16,305,80,2,82,387
06/12/2006,PIE,FL,ASO,ES,Towers with Radar,14,9,25,3,51,0,1,92,5,98,14,10,117,8,149,0,0,0,149
06/13/2006,PIE,FL,ASO,ES,Towers with Radar,18,0,40,3,61,0,0,41,17,58,18,0,81,20,119,18,0,18,137
06/14/2006,PIE,FL,ASO,ES,Towers with Radar,21,10,102,8,141,0,18,174,35,227,21,28,276,43,368,182,22,204,572
06/15/2006,PIE,FL,ASO,ES,Towers with Radar,19,10,79,3,111,0,20,276,40,336,19,30,355,43,447,266,30,296,743
06/16/2006,PIE,FL,ASO,ES,Towers with Radar,21,1,90,6,118,0,15,189,17,221,21,16,279,23,339,242,0,242,581
06/17/2006,PIE,FL,ASO,ES,Towers with Radar,8,5,46,8,67,0,15,190,29,234,8,20,236,37,301,316,12,328,629
06/18/2006,PIE,FL,ASO,ES,Towers with Radar,12,8,72,6,98,0,16,188,17,221,12,24,260,23,319,278,0,278,597
06/19/2006,PIE,FL,ASO,ES,Towers with Radar,24,7,52,6,89,0,24,236,25,285,24,31,288,31,374,316,6,322,696
06/20/2006,PIE,FL,ASO,ES,Towers with Radar,17,17,104,8,146,0,11,205,26,242,17,28,309,34,388,202,4,206,594
06/21/2006,PIE,FL,ASO,ES,Towers with Radar,21,27,81,12,141,0,40,187,14,241,21,67,268,26,382,220,0,220,602
06/22/2006,PIE,FL,ASO,ES,Towers with Radar,21,35,94,3,153,0,25,215,26,266,21,60,309,29,419,228,4,232,651
06/23/2006,PIE,FL,ASO,ES,Towers with Radar,18,13,84,16,131,0,19,229,35,283,18,32,313,51,414,288,42,330,744
06/24/2006,PIE,FL,ASO,ES,Towers with Radar,4,10,48,3,65,0,12,171,19,202,4,22,219,22,267,220,4,224,491
06/25/2006,PIE,FL,ASO,ES,Towers with Radar,12,16,80,8,116,0,13,113,19,145,12,29,193,27,261,100,0,100,361
06/26/2006,PIE,FL,ASO,ES,Towers with Radar,16,5,48,6,75,0,7,162,24,193,16,12,210,30,268,254,0,254,522
06/27/2006,PIE,FL,ASO,ES,Towers with Radar,17,8,87,8,120,0,3,186,30,219,17,11,273,38,339,312,18,330,669
06/28/2006,PIE,FL,ASO,ES,Towers with Radar,19,11,112,4,146,0,11,167,18,196,19,22,279,22,342,276,0,276,618
06/29/2006,PIE,FL,ASO,ES,Towers with Radar,18,3,82,7,110,0,11,192,24,227,18,14,274,31,337,294,12,306,643
06/30/2006,PIE,FL,ASO,ES,Towers with Radar,17,6,73,3,99,0,6,185,16,207,17,12,258,19,306,222,18,240,546
07/01/2006,PIE,FL,ASO,ES,Towers with Radar,6,7,41,4,58,0,13,254,26,293,6,20,295,30,351,254,4,258,609
07/02/2006,PIE,FL,ASO,ES,Towers with Radar,15,9,62,1,87,0,25,193,25,243,15,34,255,26,330,254,10,264,594
07/03/2006,PIE,FL,ASO,ES,Towers with Radar,14,12,46,3,75,0,1,216,12,229,14,13,262,15,304,230,12,242,546
07/04/2006,PIE,FL,ASO,ES,Towers with Radar,6,3,28,2,39,0,2,130,8,140,6,5,158,10,179,112,2,114,293
07/05/2006,PIE,FL,ASO,ES,Towers with Radar,15,11,64,6,96,0,16,196,24,236,15,27,260,30,332,204,0,204,536
07/06/2006,PIE,FL,ASO,ES,Towers with Radar,21,10,72,5,108,0,14,210,28,252,21,24,282,33,360,266,14,280,640
07/07/2006,PIE,FL,ASO,ES,Towers with Radar,15,12,43,10,80,0,5,98,28,131,15,17,141,38,211,108,64,172,383
07/08/2006,PIE,FL,ASO,ES,Towers with Radar,5,7,72,7,91,0,16,175,17,208,5,23,247,24,299,334,16,350,649
07/09/2006,PIE,FL,ASO,ES,Towers with Radar,13,8,84,5,110,0,19,171,19,209,13,27,255,24,319,288,0,288,607
07/10/2006,PIE,FL,ASO,ES,Towers with Radar,17,11,47,8,83,0,4,168,19,191,17,15,215,27,274,196,14,210,484
07/11/2006,PIE,FL,ASO,ES,Towers with Radar,16,14,61,5,96,0,7,149,14,170,16,21,210,19,266,132,14,146,412
07/12/2006,PIE,FL,ASO,ES,Towers with Radar,18,8,52,4,82,0,8,284,38,330,18,16,336,42,412,188,20,208,620
07/13/2006,PIE,FL,ASO,ES,Towers with Radar,24,6,81,15,126,0,21,231,28,280,24,27,312,43,406,274,8,282,688
07/14/2006,PIE,FL,ASO,ES,Towers with Radar,17,7,54,5,83,0,11,237,21,269,17,18,291,26,352,228,10,238,590
07/15/2006,PIE,FL,ASO,ES,Towers with Radar,6,6,67,5,84,0,8,241,22,271,6,14,308,27,355,270,4,274,629
07/16/2006,PIE,FL,ASO,ES,Towers with Radar,13,8,57,3,81,0,21,255,26,302,13,29,312,29,383,240,6,246,629
07/17/2006,PIE,FL,ASO,ES,Towers with Radar,15,0,73,7,95,0,7,147,38,192,15,7,220,45,287,168,16,184,471
07/18/2006,PIE,FL,ASO,ES,Towers with Radar,19,7,68,6,100,0,5,163,18,186,19,12,231,24,286,272,28,300,586
07/19/2006,PIE,FL,ASO,ES,Towers with Radar,19,6,94,8,127,0,13,226,27,266,19,19,320,35,393,228,34,262,655
07/20/2006,PIE,FL,ASO,ES,Towers with Radar,23,18,74,12,127,0,32,881,37,950,23,50,955,49,1077,468,32,500,1577
07/21/2006,PIE,FL,ASO,ES,Towers with Radar,18,8,67,5,98,0,15,210,18,243,18,23,277,23,341,320,40,360,701
07/22/2006,PIE,FL,ASO,ES,Towers with Radar,7,5,56,5,73,0,10,215,8,233,7,15,271,13,306,322,0,322,628
07/23/2006,PIE,FL,ASO,ES,Towers with Radar,13,4,63,13,93,0,20,177,22,219,13,24,240,35,312,226,56,282,594
07/24/2006,PIE,FL,ASO,ES,Towers with Radar,14,2,61,2,79,0,8,183,17,208,14,10,244,19,287,146,4,150,437
07/25/2006,PIE,FL,ASO,ES,Towers with Radar,16,2,55,8,81,0,1,186,34,221,16,3,241,42,302,172,82,254,556
07/26/2006,PIE,FL,ASO,ES,Towers with Radar,23,5,87,13,128,0,24,228,35,287,23,29,315,48,415,278,30,308,723
07/27/2006,PIE,FL,ASO,ES,Towers with Radar,20,12,59,10,101,0,8,146,21,175,20,20,205,31,276,166,8,174,450
07/28/2006,PIE,FL,ASO,ES,Towers with Radar,16,7,70,9,102,0,17,201,43,261,16,24,271,52,363,182,44,226,589
07/29/2006,PIE,FL,ASO,ES,Towers with Radar,7,4,45,4,60,0,8,194,19,221,7,12,239,23,281,236,6,242,523
07/30/2006,PIE,FL,ASO,ES,Towers with Radar,13,3,66,3,85,0,0,0,28,28,13,3,66,31,113,27,10,37,150
07/31/2006,PIE,FL,ASO,ES,Towers with Radar,18,6,63,7,94,0,6,163,31,200,18,12,226,38,294,282,0,282,576
08/01/2006,PIE,FL,ASO,ES,Towers with Radar,16,9,53,9,87,0,5,233,20,258,16,14,286,29,345,402,2,404,749
08/02/2006,PIE,FL,ASO,ES,Towers with Radar,17,13,65,11,106,0,8,230,19,257,17,21,295,30,363,288,26,314,677
08/03/2006,PIE,FL,ASO,ES,Towers with Radar,20,14,70,8,112,0,15,191,25,231,20,29,261,33,343,244,24,268,611
08/04/2006,PIE,FL,ASO,ES,Towers with Radar,17,8,73,5,103,0,18,181,15,214,17,26,254,20,317,142,10,152,469
08/05/2006,PIE,FL,ASO,ES,Towers with Radar,8,3,47,9,67,0,14,170,27,211,8,17,217,36,278,254,20,274,552
08/06/2006,PIE,FL,ASO,ES,Towers with Radar,15,5,47,4,71,0,30,264,46,340,15,35,311,50,411,252,20,272,683
08/07/2006,PIE,FL,ASO,ES,Towers with Radar,15,4,57,7,83,0,9,161,18,188,15,13,218,25,271,170,0,170,441
08/08/2006,PIE,FL,ASO,ES,Towers with Radar,18,2,49,6,75,0,8,159,17,184,18,10,208,23,259,228,6,234,493
08/09/2006,PIE,FL,ASO,ES,Towers with Radar,19,6,78,14,117,0,19,245,28,292,19,25,323,42,409,298,10,308,717
08/10/2006,PIE,FL,ASO,ES,Towers with Radar,18,21,60,10,109,0,12,184,16,212,18,33,244,26,321,276,0,276,597
08/11/2006,PIE,FL,ASO,ES,Towers with Radar,17,8,61,3,89,0,11,219,22,252,17,19,280,25,341,258,14,272,613
08/12/2006,PIE,FL,ASO,ES,Towers with Radar,7,1,78,0,86,0,18,224,14,256,7,19,302,14,342,314,8,322,664
08/13/2006,PIE,FL,ASO,ES,Towers with Radar,12,5,48,4,69,0,21,159,13,193,12,26,207,17,262,206,4,210,472
08/14/2006,PIE,FL,ASO,ES,Towers with Radar,15,2,53,9,79,0,1,151,23,175,15,3,204,32,254,178,24,202,456
08/15/2006,PIE,FL,ASO,ES,Towers with Radar,16,5,78,4,103,0,9,172,19,200,16,14,250,23,303,198,18,216,519
08/16/2006,PIE,FL,ASO,ES,Towers with Radar,19,6,71,6,102,0,13,236,45,294,19,19,307,51,396,246,4,250,646
08/17/2006,PIE,FL,ASO,ES,Towers with Radar,22,7,89,6,124,0,19,190,31,240,22,26,279,37,364,224,8,232,596
08/18/2006,PIE,FL,ASO,ES,Towers with Radar,16,3,68,12,99,0,5,204,18,227,16,8,272,30,326,270,56,326,652
08/19/2006,PIE,FL,ASO,ES,Towers with Radar,8,3,37,7,55,0,10,195,6,211,8,13,232,13,266,164,0,164,430
08/20/2006,PIE,FL,ASO,ES,Towers with Radar,13,7,51,15,86,0,10,212,26,248,13,17,263,41,334,180,6,186,520
08/21/2006,PIE,FL,ASO,ES,Towers with Radar,15,8,51,5,79,0,6,190,17,213,15,14,241,22,292,202,20,222,514
08/22/2006,PIE,FL,ASO,ES,Towers with Radar,23,3,48,14,88,3,2,147,18,170,26,5,195,32,258,124,26,150,408
08/23/2006,PIE,FL,ASO,ES,Towers with Radar,19,4,67,7,97,0,6,189,13,208,19,10,256,20,305,226,16,242,547
08/24/2006,PIE,FL,ASO,ES,Towers with Radar,20,6,73,6,105,0,21,144,29,194,20,27,217,35,299,182,12,194,493
08/25/2006,PIE,FL,ASO,ES,Towers with Radar,16,5,70,13,104,0,10,113,21,144,16,15,183,34,248,88,26,114,362
08/26/2006,PIE,FL,ASO,ES,Towers with Radar,8,4,51,4,67,0,10,184,21,215,8,14,235,25,282,258,12,270,552
08/27/2006,PIE,FL,ASO,ES,Towers with Radar,8,1,56,3,68,0,20,174,17,211,8,21,230,20,279,142,0,142,421
08/28/2006,PIE,FL,ASO,ES,Towers with Radar,14,5,46,10,75,0,7,225,28,260,14,12,271,38,335,162,22,184,519
08/29/2006,PIE,FL,ASO,ES,Towers with Radar,18,1,89,4,112,0,7,186,16,209,18,8,275,20,321,196,4,200,521
08/30/2006,PIE,FL,ASO,ES,Towers with Radar,21,7,64,11,103,0,16,143,29,188,21,23,207,40,291,66,46,112,403
08/31/2006,PIE,FL,ASO,ES,Towers with Radar,19,6,59,9,93,0,17,168,32,217,19,23,227,41,310,154,0,154,464
09/01/2006,PIE,FL,ASO,ES,Towers with Radar,16,10,48,8,82,0,12,96,5,113,16,22,144,13,195,34,0,34,229
09/02/2006,PIE,FL,ASO,ES,Towers with Radar,6,3,38,1,48,0,11,230,17,258,6,14,268,18,306,190,14,204,510
09/03/2006,PIE,FL,ASO,ES,Towers with Radar,9,6,52,5,72,0,7,152,9,168,9,13,204,14,240,106,0,106,346
09/04/2006,PIE,FL,ASO,ES,Towers with Radar,9,12,93,9,123,0,5,154,7,166,9,17,247,16,289,240,2,242,531
09/05/2006,PIE,FL,ASO,ES,Towers with Radar,16,15,97,5,133,0,9,176,17,202,16,24,273,22,335,208,8,216,551
09/06/2006,PIE,FL,ASO,ES,Towers with Radar,23,8,93,14,138,0,20,211,30,261,23,28,304,44,399,180,14,194,593
09/07/2006,PIE,FL,ASO,ES,Towers with Radar,19,8,93,3,123,0,16,156,25,197,19,24,249,28,320,114,22,136,456
09/08/2006,PIE,FL,ASO,ES,Towers with Radar,20,12,96,10,138,0,3,145,20,168,20,15,241,30,306,168,56,224,530
09/09/2006,PIE,FL,ASO,ES,Towers with Radar,3,9,68,1,81,0,9,165,22,196,3,18,233,23,277,266,12,278,555
09/10/2006,PIE,FL,ASO,ES,Towers with Radar,9,11,68,5,93,0,15,200,26,241,9,26,268,31,334,222,16,238,572
09/11/2006,PIE,FL,ASO,ES,Towers with Radar,14,3,53,9,79,0,5,208,22,235,14,8,261,31,314,168,10,178,492
09/12/2006,PIE,FL,ASO,ES,Towers with Radar,16,6,114,8,144,0,3,181,21,205,16,9,295,29,349,210,32,242,591
09/13/2006,PIE,FL,ASO,ES,Towers with Radar,16,9,86,14,125,0,13,156,36,205,16,22,242,50,330,174,14,188,518
09/14/2006,PIE,FL,ASO,ES,Towers with Radar,19,1,95,7,122,0,17,175,34,226,19,18,270,41,348,238,16,254,602
09/15/2006,PIE,FL,ASO,ES,Towers with Radar,17,10,83,13,123,0,5,212,21,238,17,15,295,34,361,240,24,264,625
09/16/2006,PIE,FL,ASO,ES,Towers with Radar,4,3,74,7,88,0,6,226,23,255,4,9,300,30,343,324,8,332,675
09/17/2006,PIE,FL,ASO,ES,Towers with Radar,8,0,64,4,76,0,15,191,22,228,8,15,255,26,304,234,0,234,538
09/18/2006,PIE,FL,ASO,ES,Towers with Radar,16,2,55,4,77,0,6,194,22,222,16,8,249,26,299,186,0,186,485
09/19/2006,PIE,FL,ASO,ES,Towers with Radar,17,5,66,8,96,0,7,118,21,146,17,12,184,29,242,170,36,206,448
09/20/2006,PIE,FL,ASO,ES,Towers with Radar,20,4,89,24,137,0,15,162,27,204,20,19,251,51,341,206,8,214,555
09/21/2006,PIE,FL,ASO,ES,Towers with Radar,20,13,70,9,112,0,12,169,27,208,20,25,239,36,320,140,12,152,472
09/22/2006,PIE,FL,ASO,ES,Towers with Radar,16,16,67,7,106,0,8,206,24,238,16,24,273,31,344,222,42,264,608
09/23/2006,PIE,FL,ASO,ES,Towers with Radar,6,2,47,10,65,0,2,202,17,221,6,4,249,27,286,302,6,308,594
09/24/2006,PIE,FL,ASO,ES,Towers with Radar,8,10,63,5,86,0,16,215,28,259,8,26,278,33,345,146,4,150,495
09/25/2006,PIE,FL,ASO,ES,Towers with Radar,16,4,56,11,87,0,2,204,18,224,16,6,260,29,311,196,18,214,525
09/26/2006,PIE,FL,ASO,ES,Towers with Radar,15,7,97,16,135,0,4,125,16,145,15,11,222,32,280,182,66,248,528
09/27/2006,PIE,FL,ASO,ES,Towers with Radar,18,11,104,7,140,0,12,148,23,183,18,23,252,30,323,198,0,198,521
09/28/2006,PIE,FL,ASO,ES,Towers with Radar,20,14,79,4,117,0,5,181,29,215,20,19,260,33,332,270,26,296,628
09/29/2006,PIE,FL,ASO,ES,Towers with Radar,18,6,81,10,115,0,6,189,21,216,18,12,270,31,331,236,28,264,595
09/30/2006,PIE,FL,ASO,ES,Towers with Radar,5,3,36,6,50,0,10,226,21,257,5,13,262,27,307,360,20,380,687
10/01/2006,PIE,FL,ASO,ES,Towers with Radar,12,10,61,4,87,0,5,176,20,201,12,15,237,24,288,128,0,128,416
10/02/2006,PIE,FL,ASO,ES,Towers with Radar,18,7,61,19,105,0,6,210,19,235,18,13,271,38,340,168,24,192,532
10/03/2006,PIE,FL,ASO,ES,Towers with Radar,16,3,79,6,104,0,3,175,28,206,16,6,254,34,310,208,8,216,526
10/04/2006,PIE,FL,ASO,ES,Towers with Radar,21,8,82,8,119,0,1,143,25,169,21,9,225,33,288,198,22,220,508
10/05/2006,PIE,FL,ASO,ES,Towers with Radar,20,5,77,7,109,0,8,184,32,224,20,13,261,39,333,358,18,376,709
10/06/2006,PIE,FL,ASO,ES,Towers with Radar,19,10,72,3,104,0,35,174,26,235,19,45,246,29,339,312,14,326,665
10/07/2006,PIE,FL,ASO,ES,Towers with Radar,5,5,49,2,61,0,3,229,30,262,5,8,278,32,323,306,18,324,647
10/08/2006,PIE,FL,ASO,ES,Towers with Radar,15,9,52,3,79,0,7,181,12,200,15,16,233,15,279,182,0,182,461
10/09/2006,PIE,FL,ASO,ES,Towers with Radar,18,6,78,3,105,0,3,205,20,228,18,9,283,23,333,286,38,324,657
10/10/2006,PIE,FL,ASO,ES,Towers with Radar,16,7,68,6,97,0,3,224,26,253,16,10,292,32,350,156,4,160,510
10/11/2006,PIE,FL,ASO,ES,Towers with Radar,19,7,101,8,135,0,1,167,5,173,19,8,268,13,308,190,14,204,512
10/12/2006,PIE,FL,ASO,ES,Towers with Radar,22,10,80,18,130,0,10,152,21,183,22,20,232,39,313,274,24,298,611
10/13/2006,PIE,FL,ASO,ES,Towers with Radar,18,2,93,6,119,0,13,213,40,266,18,15,306,46,385,282,0,282,667
10/14/2006,PIE,FL,ASO,ES,Towers with Radar,5,12,43,5,65,0,6,266,19,291,5,18,309,24,356,242,0,242,598
10/15/2006,PIE,FL,ASO,ES,Towers with Radar,15,7,40,6,68,0,3,201,7,211,15,10,241,13,279,138,14,152,431
10/16/2006,PIE,FL,ASO,ES,Towers with Radar,17,3,48,2,70,0,5,180,15,200,17,8,228,17,270,250,24,274,544
10/17/2006,PIE,FL,ASO,ES,Towers with Radar,16,10,54,6,86,0,4,177,20,201,16,14,231,26,287,216,34,250,537
10/18/2006,PIE,FL,ASO,ES,Towers with Radar,19,9,61,7,96,0,0,205,23,228,19,9,266,30,324,248,26,274,598
10/19/2006,PIE,FL,ASO,ES,Towers with Radar,18,12,87,7,124,0,4,156,30,190,18,16,243,37,314,114,14,128,442
10/20/2006,PIE,FL,ASO,ES,Towers with Radar,18,18,72,11,119,0,12,235,27,274,18,30,307,38,393,194,60,254,647
10/21/2006,PIE,FL,ASO,ES,Towers with Radar,5,5,61,8,79,0,4,273,32,309,5,9,334,40,388,212,8,220,608
10/22/2006,PIE,FL,ASO,ES,Towers with Radar,14,11,63,6,94,0,10,245,18,273,14,21,308,24,367,198,0,198,565
10/23/2006,PIE,FL,ASO,ES,Towers with Radar,17,4,84,5,110,0,12,217,35,264,17,16,301,40,374,248,10,258,632
10/24/2006,PIE,FL,ASO,ES,Towers with Radar,17,11,68,7,103,0,2,204,27,233,17,13,272,34,336,176,46,222,558
10/25/2006,PIE,FL,ASO,ES,Towers with Radar,22,8,68,9,107,0,0,195,13,208,22,8,263,22,315,206,4,210,525
10/26/2006,PIE,FL,ASO,ES,Towers with Radar,20,11,87,6,124,0,16,183,29,228,20,27,270,35,352,140,32,172,524
10/27/2006,PIE,FL,ASO,ES,Towers with Radar,19,8,79,5,111,0,7,178,25,210,19,15,257,30,321,160,4,164,485
10/28/2006,PIE,FL,ASO,ES,Towers with Radar,6,15,49,5,75,0,0,180,4,184,6,15,229,9,259,116,0,116,375
10/29/2006,PIE,FL,ASO,ES,Towers with Radar,14,25,71,4,114,0,12,198,13,223,14,37,269,17,337,132,0,132,469
10/30/2006,PIE,FL,ASO,ES,Towers with Radar,17,9,81,10,117,0,8,213,31,252,17,17,294,41,369,146,12,158,527
10/31/2006,PIE,FL,ASO,ES,Towers with Radar,19,3,69,9,100,0,1,186,28,215,19,4,255,37,315,208,4,212,527
11/01/2006,PIE,FL,ASO,ES,Towers with Radar,20,4,81,3,108,0,5,224,22,251,20,9,305,25,359,178,39,217,576
11/02/2006,PIE,FL,ASO,ES,Towers with Radar,18,6,79,6,109,0,7,174,23,204,18,13,253,29,313,222,4,226,539
11/03/2006,PIE,FL,ASO,ES,Towers with Radar,16,2,98,12,128,0,9,234,31,274,16,11,332,43,402,202,4,206,608
11/04/2006,PIE,FL,ASO,ES,Towers with Radar,5,4,62,4,75,0,9,199,32,240,5,13,261,36,315,188,72,260,575
11/05/2006,PIE,FL,ASO,ES,Towers with Radar,14,7,64,6,91,0,11,191,29,231,14,18,255,35,322,176,40,216,538
11/06/2006,PIE,FL,ASO,ES,Towers with Radar,14,10,71,15,110,0,12,181,21,214,14,22,252,36,324,158,0,158,482
11/07/2006,PIE,FL,ASO,ES,Towers with Radar,17,9,70,7,103,0,5,114,25,144,17,14,184,32,247,78,20,98,345
11/08/2006,PIE,FL,ASO,ES,Towers with Radar,19,10,86,4,119,0,23,138,30,191,19,33,224,34,310,128,2,130,440
11/09/2006,PIE,FL,ASO,ES,Towers with Radar,21,7,66,11,105,0,16,197,37,250,21,23,263,48,355,172,12,184,539
11/10/2006,PIE,FL,ASO,ES,Towers with Radar,15,12,70,7,104,0,14,212,28,254,15,26,282,35,358,202,0,202,560
11/11/2006,PIE,FL,ASO,ES,Towers with Radar,3,11,51,5,70,0,7,253,15,275,3,18,304,20,345,248,2,250,595
11/12/2006,PIE,FL,ASO,ES,Towers with Radar,12,7,70,7,96,0,8,256,14,278,12,15,326,21,374,210,36,246,620
11/13/2006,PIE,FL,ASO,ES,Towers with Radar,13,16,74,3,106,0,9,188,23,220,13,25,262,26,326,220,40,260,586
11/14/2006,PIE,FL,ASO,ES,Towers with Radar,18,3,80,12,113,0,4,209,29,242,18,7,289,41,355,198,12,210,565
11/15/2006,PIE,FL,ASO,ES,Towers with Radar,19,16,64,7,106,0,9,218,29,256,19,25,282,36,362,106,44,150,512
11/16/2006,PIE,FL,ASO,ES,Towers with Radar,27,7,92,3,129,0,9,138,46,193,27,16,230,49,322,170,62,232,554
11/17/2006,PIE,FL,ASO,ES,Towers with Radar,18,7,80,11,116,0,11,194,45,250,18,18,274,56,366,282,58,340,706
11/18/2006,PIE,FL,ASO,ES,Towers with Radar,6,7,67,5,85,0,7,216,17,240,6,14,283,22,325,236,0,236,561
11/19/2006,PIE,FL,ASO,ES,Towers with Radar,16,5,60,7,88,0,10,228,12,250,16,15,288,19,338,154,0,154,492
11/20/2006,PIE,FL,ASO,ES,Towers with Radar,18,5,68,8,99,0,7,102,18,127,18,12,170,26,226,148,12,160,386
11/21/2006,PIE,FL,ASO,ES,Towers with Radar,26,19,106,7,158,0,3,175,33,211,26,22,281,40,369,120,16,136,505
11/22/2006,PIE,FL,ASO,ES,Towers with Radar,22,11,87,2,122,0,7,100,7,114,22,18,187,9,236,66,0,66,302
11/23/2006,PIE,FL,ASO,ES,Towers with Radar,15,2,23,2,42,0,1,52,3,56,15,3,75,5,98,26,0,26,124
11/24/2006,PIE,FL,ASO,ES,Towers with Radar,21,8,48,4,81,0,7,166,10,183,21,15,214,14,264,192,6,198,462
11/25/2006,PIE,FL,ASO,ES,Towers with Radar,8,8,66,1,83,0,7,171,12,190,8,15,237,13,273,274,12,286,559
11/26/2006,PIE,FL,ASO,ES,Towers with Radar,18,19,108,1,146,0,15,283,22,320,18,34,391,23,466,295,0,295,761
11/27/2006,PIE,FL,ASO,ES,Towers with Radar,18,7,84,10,119,0,6,123,24,153,18,13,207,34,272,144,60,204,476
11/28/2006,PIE,FL,ASO,ES,Towers with Radar,27,21,79,8,135,0,0,191,27,218,27,21,270,35,353,206,18,224,577
11/29/2006,PIE,FL,ASO,ES,Towers with Radar,26,10,94,18,148,0,1,166,30,197,26,11,260,48,345,157,32,189,534
11/30/2006,PIE,FL,ASO,ES,Towers with Radar,26,8,66,6,106,0,5,166,30,201,26,13,232,36,307,216,34,250,557
12/01/2006,PIE,FL,ASO,ES,Towers with Radar,19,0,84,15,118,0,7,139,15,161,19,7,223,30,279,120,16,136,415
12/02/2006,PIE,FL,ASO,ES,Towers with Radar,7,1,84,5,97,0,4,141,21,166,7,5,225,26,263,220,0,220,483
12/03/2006,PIE,FL,ASO,ES,Towers with Radar,21,5,59,11,96,0,7,165,13,185,21,12,224,24,281,155,2,157,438
12/04/2006,PIE,FL,ASO,ES,Towers with Radar,19,9,65,12,105,0,10,202,15,227,19,19,267,27,332,142,2,144,476
12/05/2006,PIE,FL,ASO,ES,Towers with Radar,22,13,72,8,115,0,4,226,50,280,22,17,298,58,395,140,60,200,595
12/06/2006,PIE,FL,ASO,ES,Towers with Radar,22,7,95,14,138,0,6,184,29,219,22,13,279,43,357,228,36,264,621
12/07/2006,PIE,FL,ASO,ES,Towers with Radar,23,20,97,13,153,0,8,162,24,194,23,28,259,37,347,186,52,238,585
12/08/2006,PIE,FL,ASO,ES,Towers with Radar,21,6,60,10,97,0,9,186,29,224,21,15,246,39,321,200,0,200,521
12/09/2006,PIE,FL,ASO,ES,Towers with Radar,7,1,49,4,61,0,5,222,17,244,7,6,271,21,305,236,0,236,541
12/10/2006,PIE,FL,ASO,ES,Towers with Radar,20,8,36,7,71,0,7,194,15,216,20,15,230,22,287,162,0,162,449
12/11/2006,PIE,FL,ASO,ES,Towers with Radar,21,6,68,14,109,0,11,200,23,234,21,17,268,37,343,216,32,248,591
12/12/2006,PIE,FL,ASO,ES,Towers with Radar,31,5,66,5,107,0,5,201,26,232,31,10,267,31,339,152,32,184,523
12/13/2006,PIE,FL,ASO,ES,Towers with Radar,36,0,96,7,139,0,0,103,30,133,36,0,199,37,272,132,36,168,440
12/14/2006,PIE,FL,ASO,ES,Towers with Radar,31,6,67,19,123,0,7,170,45,222,31,13,237,64,345,194,54,248,593
12/15/2006,PIE,FL,ASO,ES,Towers with Radar,35,18,79,10,142,0,3,75,9,87,35,21,154,19,229,54,0,54,283
12/16/2006,PIE,FL,ASO,ES,Towers with Radar,17,7,59,5,88,0,2,177,11,190,17,9,236,16,278,158,6,164,442
12/17/2006,PIE,FL,ASO,ES,Towers with Radar,24,15,41,7,87,0,8,223,16,247,24,23,264,23,334,122,22,144,478
12/18/2006,PIE,FL,ASO,ES,Towers with Radar,30,4,88,2,124,0,4,194,21,219,30,8,282,23,343,172,18,190,533
12/19/2006,PIE,FL,ASO,ES,Towers with Radar,29,10,84,9,132,0,9,228,16,253,29,19,312,25,385,224,10,234,619
12/20/2006,PIE,FL,ASO,ES,Towers with Radar,36,10,52,3,101,0,11,182,12,205,36,21,234,15,306,234,8,242,548
12/21/2006,PIE,FL,ASO,ES,Towers with Radar,32,5,69,8,114,0,4,149,17,170,32,9,218,25,284,136,8,144,428
12/22/2006,PIE,FL,ASO,ES,Towers with Radar,37,4,67,5,113,0,6,89,12,107,37,10,156,17,220,52,0,52,272
12/23/2006,PIE,FL,ASO,ES,Towers with Radar,23,6,40,0,69,0,2,138,20,160,23,8,178,20,229,194,0,194,423
12/24/2006,PIE,FL,ASO,ES,Towers with Radar,22,0,25,2,49,0,2,121,5,128,22,2,146,7,177,70,22,92,269
12/25/2006,PIE,FL,ASO,ES,Towers with Radar,21,9,14,1,45,0,0,7,0,7,21,9,21,1,52,0,0,0,52
12/26/2006,PIE,FL,ASO,ES,Towers with Radar,27,14,77,4,122,0,1,76,10,87,27,15,153,14,209,68,0,68,277
12/27/2006,PIE,FL,ASO,ES,Towers with Radar,34,13,78,10,135,3,3,168,9,183,37,16,246,19,318,116,8,124,442
12/28/2006,PIE,FL,ASO,ES,Towers with Radar,32,7,54,1,94,0,7,186,11,204,32,14,240,12,298,246,0,246,544
12/29/2006,PIE,FL,ASO,ES,Towers with Radar,34,6,67,3,110,0,9,173,22,204,34,15,240,25,314,218,8,226,540
12/30/2006,PIE,FL,ASO,ES,Towers with Radar,21,5,78,1,105,0,11,193,17,221,21,16,271,18,326,214,20,234,560
12/31/2006,PIE,FL,ASO,ES,Towers with Radar,21,8,35,2,66,0,5,174,12,191,21,13,209,14,257,28,0,28,285
01/01/2007,PIE,FL,ASO,ES,Towers with Radar,27,10,40,2,79,0,0,14,4,18,27,10,54,6,97,0,0,0,97
01/02/2007,PIE,FL,ASO,ES,Towers with Radar,29,12,100,3,144,0,4,79,9,92,29,16,179,12,236,54,0,54,290
01/03/2007,PIE,FL,ASO,ES,Towers with Radar,34,9,70,7,120,0,2,146,24,172,34,11,216,31,292,206,16,222,514
01/04/2007,PIE,FL,ASO,ES,Towers with Radar,31,10,82,8,131,0,5,130,16,151,31,15,212,24,282,136,14,150,432
01/05/2007,PIE,FL,ASO,ES,Towers with Radar,32,10,52,7,101,0,5,127,18,150,32,15,179,25,251,24,0,24,275
01/06/2007,PIE,FL,ASO,ES,Towers with Radar,15,1,73,5,94,0,0,97,11,108,15,1,170,16,202,128,0,128,330
01/07/2007,PIE,FL,ASO,ES,Towers with Radar,22,9,55,2,88,0,3,147,14,164,22,12,202,16,252,162,0,162,414
01/08/2007,PIE,FL,ASO,ES,Towers with Radar,29,7,77,14,127,0,0,31,9,40,29,7,108,23,167,36,0,36,203
01/09/2007,PIE,FL,ASO,ES,Towers with Radar,31,16,88,9,144,0,1,142,22,165,31,17,230,31,309,118,32,150,459
01/10/2007,PIE,FL,ASO,ES,Towers with Radar,32,7,84,11,134,0,3,153,15,171,32,10,237,26,305,170,8,178,483
01/11/2007,PIE,FL,ASO,ES,Towers with Radar,31,6,112,13,162,0,1,150,25,176,31,7,262,38,338,198,10,208,546
01/12/2007,PIE,FL,ASO,ES,Towers with Radar,31,8,72,7,118,0,13,183,27,223,31,21,255,34,341,286,8,294,635
01/13/2007,PIE,FL,ASO,ES,Towers with Radar,15,10,59,4,88,0,0,184,15,199,15,10,243,19,287,224,2,226,513
01/14/2007,PIE,FL,ASO,ES,Towers with Radar,18,4,65,5,92,0,1,182,13,196,18,5,247,18,288,202,6,208,496
01/15/2007,PIE,FL,ASO,ES,Towers with Radar,24,11,86,7,128,0,6,198,10,214,24,17,284,17,342,222,0,222,564
01/16/2007,PIE,FL,ASO,ES,Towers with Radar,31,12,82,12,137,0,3,126,18,147,31,15,208,30,284,150,10,160,444
01/17/2007,PIE,FL,ASO,ES,Towers with Radar,31,8,82,5,126,0,0,123,16,139,31,8,205,21,265,98,0,98,363
01/18/2007,PIE,FL,ASO,ES,Towers with Radar,29,12,92,9,142,0,3,38,13,54,29,15,130,22,196,56,4,60,256
01/19/2007,PIE,FL,ASO,ES,Towers with Radar,29,12,80,14,135,0,7,157,27,191,29,19,237,41,326,240,0,240,566
01/20/2007,PIE,FL,ASO,ES,Towers with Radar,14,4,58,4,80,0,4,227,4,235,14,8,285,8,315,256,0,256,571
01/21/2007,PIE,FL,ASO,ES,Towers with Radar,24,5,78,9,116,0,5,203,17,225,24,10,281,26,341,168,0,168,509
01/22/2007,PIE,FL,ASO,ES,Towers with Radar,26,13,88,20,147,0,2,113,22,137,26,15,201,42,284,74,20,94,378
01/23/2007,PIE,FL,ASO,ES,Towers with Radar,31,13,131,6,181,0,8,173,20,201,31,21,304,26,382,226,22,248,630
01/24/2007,PIE,FL,ASO,ES,Towers with Radar,33,9,101,1,144,0,4,70,16,90,33,13,171,17,234,102,6,108,342
01/25/2007,PIE,FL,ASO,ES,Towers with Radar,32,8,75,2,117,0,6,127,13,146,32,14,202,15,263,130,0,130,393
01/26/2007,PIE,FL,ASO,ES,Towers with Radar,32,4,91,7,134,0,10,226,38,274,32,14,317,45,408,248,0,248,656
01/27/2007,PIE,FL,ASO,ES,Towers with Radar,16,9,86,8,119,0,6,262,13,281,16,15,348,21,400,204,22,226,626
01/28/2007,PIE,FL,ASO,ES,Towers with Radar,19,9,51,6,85,0,7,144,21,172,19,16,195,27,257,100,0,100,357
01/29/2007,PIE,FL,ASO,ES,Towers with Radar,25,3,87,9,124,0,12,133,32,177,25,15,220,41,301,188,0,188,489
01/30/2007,PIE,FL,ASO,ES,Towers with Radar,33,0,86,6,125,0,5,124,25,154,33,5,210,31,279,168,2,170,449
01/31/2007,PIE,FL,ASO,ES,Towers with Radar,33,5,100,9,147,0,2,143,28,173,33,7,243,37,320,198,12,210,530
02/01/2007,PIE,FL,ASO,ES,Towers with Radar,39,10,95,18,162,0,5,94,14,113,39,15,189,32,275,78,12,90,365
02/02/2007,PIE,FL,ASO,ES,Towers with Radar,31,18,85,5,139,0,8,87,20,115,31,26,172,25,254,160,0,160,414
02/03/2007,PIE,FL,ASO,ES,Towers with Radar,19,1,81,3,104,0,3,193,5,201,19,4,274,8,305,206,2,208,513
02/04/2007,PIE,FL,ASO,ES,Towers with Radar,22,11,79,1,113,0,6,131,9,146,22,17,210,10,259,134,0,134,393
02/05/2007,PIE,FL,ASO,ES,Towers with Radar,24,14,92,6,136,0,8,165,26,199,24,22,257,32,335,132,0,132,467
02/06/2007,PIE,FL,ASO,ES,Towers with Radar,32,12,75,10,129,0,1,168,29,198,32,13,243,39,327,154,40,194,521
02/07/2007,PIE,FL,ASO,ES,Towers with Radar,35,10,89,3,137,0,0,191,28,219,35,10,280,31,356,130,96,226,582
02/08/2007,PIE,FL,ASO,ES,Towers with Radar,36,10,75,6,127,0,14,174,31,219,36,24,249,37,346,336,28,364,710
02/09/2007,PIE,FL,ASO,ES,Towers with Radar,29,14,69,9,121,0,11,184,35,230,29,25,253,44,351,298,6,304,655
02/10/2007,PIE,FL,ASO,ES,Towers with Radar,16,10,77,5,108,0,7,259,24,290,16,17,336,29,398,244,38,282,680
02/11/2007,PIE,FL,ASO,ES,Towers with Radar,21,16,61,4,102,0,4,157,17,178,21,20,218,21,280,126,0,126,406
02/12/2007,PIE,FL,ASO,ES,Towers with Radar,25,12,66,15,118,0,7,220,28,255,25,19,286,43,373,246,10,256,629
02/13/2007,PIE,FL,ASO,ES,Towers with Radar,30,9,86,8,133,0,4,119,14,137,30,13,205,22,270,110,2,112,382
02/14/2007,PIE,FL,ASO,ES,Towers with Radar,29,7,72,11,119,0,3,166,10,179,29,10,238,21,298,154,10,164,462
02/15/2007,PIE,FL,ASO,ES,Towers with Radar,36,16,111,8,171,0,9,143,32,184,36,25,254,40,355,206,10,216,571
02/16/2007,PIE,FL,ASO,ES,Towers with Radar,36,17,110,5,168,0,5,213,36,254,36,22,323,41,422,146,18,164,586
02/17/2007,PIE,FL,ASO,ES,Towers with Radar,23,4,83,3,113,0,8,282,14,304,23,12,365,17,417,260,4,264,681
02/18/2007,PIE,FL,ASO,ES,Towers with Radar,27,9,80,4,120,0,10,126,6,142,27,19,206,10,262,73,0,73,335
02/19/2007,PIE,FL,ASO,ES,Towers with Radar,26,6,111,3,146,0,10,168,15,193,26,16,279,18,339,316,0,316,655
02/20/2007,PIE,FL,ASO,ES,Towers with Radar,31,8,103,9,151,0,2,149,27,178,31,10,252,36,329,178,2,180,509
02/21/2007,PIE,FL,ASO,ES,Towers with Radar,30,13,108,9,160,0,0,194,20,214,30,13,302,29,374,136,14,150,524
02/22/2007,PIE,FL,ASO,ES,Towers with Radar,37,4,92,12,145,0,15,242,33,290,37,19,334,45,435,262,32,294,729
02/23/2007,PIE,FL,ASO,ES,Towers with Radar,32,15,72,11,130,0,15,236,31,282,32,30,308,42,412,244,62,306,718
02/24/2007,PIE,FL,ASO,ES,Towers with Radar,18,6,61,3,88,0,6,282,19,307,18,12,343,22,395,228,6,234,629
02/25/2007,PIE,FL,ASO,ES,Towers with Radar,21,8,71,8,108,0,9,115,16,140,21,17,186,24,248,116,0,116,364
02/26/2007,PIE,FL,ASO,ES,Towers with Radar,28,11,119,9,167,0,9,146,26,181,28,20,265,35,348,160,0,160,508
02/27/2007,PIE,FL,ASO,ES,Towers with Radar,27,16,88,36,167,0,4,80,1,85,27,20,168,37,252,102,28,130,382
02/28/2007,PIE,FL,ASO,ES,Towers with Radar,34,6,114,6,160,0,5,179,14,198,34,11,293,20,358,172,14,186,544
03/01/2007,PIE,FL,ASO,ES,Towers with Radar,36,1,103,30,170,0,9,128,26,163,36,10,231,56,333,160,54,214,547
03/02/2007,PIE,FL,ASO,ES,Towers with Radar,33,22,108,31,194,0,2,9,6,17,33,24,117,37,211,8,16,24,235
03/03/2007,PIE,FL,ASO,ES,Towers with Radar,19,13,89,11,132,0,2,118,13,133,19,15,207,24,265,14,2,16,281
03/04/2007,PIE,FL,ASO,ES,Towers with Radar,22,15,81,11,129,0,8,170,15,193,22,23,251,26,322,82,4,86,408
03/05/2007,PIE,FL,ASO,ES,Towers with Radar,29,9,70,7,115,0,12,257,25,294,29,21,327,32,409,272,12,284,693
03/06/2007,PIE,FL,ASO,ES,Towers with Radar,29,16,83,14,142,0,5,195,32,232,29,21,278,46,374,274,6,280,654
03/07/2007,PIE,FL,ASO,ES,Towers with Radar,35,9,84,5,133,0,8,215,29,252,35,17,299,34,385,214,8,222,607
03/08/2007,PIE,FL,ASO,ES,Towers with Radar,37,13,94,7,151,0,11,213,29,253,37,24,307,36,404,288,0,288,692
03/09/2007,PIE,FL,ASO,ES,Towers with Radar,34,9,103,9,155,0,8,187,30,225,34,17,290,39,380,292,26,318,698
03/10/2007,PIE,FL,ASO,ES,Towers with Radar,20,19,53,2,94,0,5,250,7,262,20,24,303,9,356,168,22,190,546
03/11/2007,PIE,FL,ASO,ES,Towers with Radar,22,29,83,4,138,0,11,145,9,165,22,40,228,13,303,154,0,154,457
03/12/2007,PIE,FL,ASO,ES,Towers with Radar,29,13,62,7,111,0,8,160,28,196,29,21,222,35,307,232,42,274,581
03/13/2007,PIE,FL,ASO,ES,Towers with Radar,30,15,75,8,128,0,8,180,25,213,30,23,255,33,341,166,37,203,544
03/14/2007,PIE,FL,ASO,ES,Towers with Radar,33,10,101,13,157,0,0,146,24,170,33,10,247,37,327,208,30,238,565
03/15/2007,PIE,FL,ASO,ES,Towers with Radar,36,12,110,8,166,0,4,137,16,157,36,16,247,24,323,96,14,110,433
03/16/2007,PIE,FL,ASO,ES,Towers with Radar,29,11,90,10,140,0,4,42,7,53,29,15,132,17,193,36,0,36,229
03/17/2007,PIE,FL,ASO,ES,Towers with Radar,23,7,72,6,108,0,10,206,12,228,23,17,278,18,336,240,0,240,576
03/18/2007,PIE,FL,ASO,ES,Towers with Radar,19,10,92,6,127,0,9,193,10,212,19,19,285,16,339,146,16,162,501
03/19/2007,PIE,FL,ASO,ES,Towers with Radar,28,13,84,13,138,0,10,160,24,194,28,23,244,37,332,212,4,216,548
03/20/2007,PIE,FL,ASO,ES,Towers with Radar,31,14,78,7,130,0,6,220,29,255,31,20,298,36,385,224,18,242,627
03/21/2007,PIE,FL,ASO,ES,Towers with Radar,30,7,79,12,128,0,3,170,28,201,30,10,249,40,329,102,4,106,435
03/22/2007,PIE,FL,ASO,ES,Towers with Radar,35,11,104,8,158,0,13,196,36,245,35,24,300,44,403,294,6,300,703
03/23/2007,PIE,FL,ASO,ES,Towers with Radar,34,19,100,3,156,0,11,141,33,185,34,30,241,36,341,138,14,152,493
03/24/2007,PIE,FL,ASO,ES,Towers with Radar,19,10,93,2,124,0,2,184,11,197,19,12,277,13,321,196,0,196,517
03/25/2007,PIE,FL,ASO,ES,Towers with Radar,24,15,60,8,107,0,8,233,18,259,24,23,293,26,366,186,0,186,552
03/26/2007,PIE,FL,ASO,ES,Towers with Radar,27,17,56,4,104,0,7,203,14,224,27,24,259,18,328,192,0,192,520
03/27/2007,PIE,FL,ASO,ES,Towers with Radar,31,8,80,7,126,0,1,127,13,141,31,9,207,20,267,156,8,164,431
03/28/2007,PIE,FL,ASO,ES,Towers with Radar,32,7,91,8,138,0,0,194,20,214,32,7,285,28,352,182,28,210,562
03/29/2007,PIE,FL,ASO,ES,Towers with Radar,36,15,97,9,157,0,6,182,29,217,36,21,279,38,374,270,0,270,644
03/30/2007,PIE,FL,ASO,ES,Towers with Radar,31,21,75,8,135,0,3,163,14,180,31,24,238,22,315,150,0,150,465
03/31/2007,PIE,FL,ASO,ES,Towers with Radar,20,10,120,3,153,0,5,140,26,171,20,15,260,29,324,132,10,142,466
04/01/2007,PIE,FL,ASO,ES,Towers with Radar,25,7,96,5,133,0,8,159,10,177,25,15,255,15,310,150,48,198,508
04/02/2007,PIE,FL,ASO,ES,Towers with Radar,28,17,77,3,125,0,18,175,25,218,28,35,252,28,343,158,0,158,501
04/03/2007,PIE,FL,ASO,ES,Towers with Radar,30,8,93,7,138,0,6,179,24,209,30,14,272,31,347,158,54,212,559
04/04/2007,PIE,FL,ASO,ES,Towers with Radar,35,5,97,10,147,0,3,193,10,206,35,8,290,20,353,178,20,198,551
04/05/2007,PIE,FL,ASO,ES,Towers with Radar,39,18,98,11,166,0,0,130,24,154,39,18,228,35,320,132,14,146,466
04/06/2007,PIE,FL,ASO,ES,Towers with Radar,36,11,82,8,137,0,12,178,28,218,36,23,260,36,355,184,24,208,563
04/07/2007,PIE,FL,ASO,ES,Towers with Radar,22,5,59,5,91,0,7,214,8,229,22,12,273,13,320,198,0,198,518
04/08/2007,PIE,FL,ASO,ES,Towers with Radar,28,7,71,3,109,0,4,71,13,88,28,11,142,16,197,156,0,156,353
04/09/2007,PIE,FL,ASO,ES,Towers with Radar,27,20,113,6,166,0,7,114,30,151,27,27,227,36,317,124,4,128,445
04/10/2007,PIE,FL,ASO,ES,Towers with Radar,31,19,80,4,134,0,2,26,13,41,31,21,106,17,175,38,12,50,225
04/11/2007,PIE,FL,ASO,ES,Towers with Radar,32,16,117,4,169,0,0,146,34,180,32,16,263,38,349,188,24,212,561
04/12/2007,PIE,FL,ASO,ES,Towers with Radar,36,18,144,11,209,0,2,134,18,154,36,20,278,29,363,226,4,230,593
04/13/2007,PIE,FL,ASO,ES,Towers with Radar,35,13,101,7,156,0,11,216,28,255,35,24,317,35,411,318,20,338,749
04/14/2007,PIE,FL,ASO,ES,Towers with Radar,23,10,75,12,120,0,11,218,20,249,23,21,293,32,369,196,24,220,589
04/15/2007,PIE,FL,ASO,ES,Towers with Radar,27,14,67,4,112,0,6,97,0,103,27,20,164,4,215,30,0,30,245
04/16/2007,PIE,FL,ASO,ES,Towers with Radar,27,10,97,5,139,0,10,180,24,214,27,20,277,29,353,78,42,120,473
04/17/2007,PIE,FL,ASO,ES,Towers with Radar,28,15,94,9,146,0,5,185,13,203,28,20,279,22,349,144,0,144,493
04/18/2007,PIE,FL,ASO,ES,Towers with Radar,29,8,104,3,144,0,4,196,14,214,29,12,300,17,358,226,14,240,598
04/19/2007,PIE,FL,ASO,ES,Towers with Radar,36,12,95,6,149,0,8,155,30,193,36,20,250,36,342,266,2,268,610
04/20/2007,PIE,FL,ASO,ES,Towers with Radar,31,13,114,8,166,0,7,142,24,173,31,20,256,32,339,246,26,272,611
04/21/2007,PIE,FL,ASO,ES,Towers with Radar,20,6,86,2,114,0,7,209,6,222,20,13,295,8,336,170,0,170,506
04/22/2007,PIE,FL,ASO,ES,Towers with Radar,26,7,96,15,144,0,12,231,8,251,26,19,327,23,395,132,0,132,527
04/23/2007,PIE,FL,ASO,ES,Towers with Radar,23,13,86,5,127,0,7,196,25,228,23,20,282,30,355,230,6,236,591
04/24/2007,PIE,FL,ASO,ES,Towers with Radar,33,12,109,3,157,0,5,160,18,183,33,17,269,21,340,163,10,173,513
04/25/2007,PIE,FL,ASO,ES,Towers with Radar,29,10,94,14,147,0,1,188,17,206,29,11,282,31,353,182,2,184,537
04/26/2007,PIE,FL,ASO,ES,Towers with Radar,33,15,70,8,126,0,10,191,24,225,33,25,261,32,351,240,18,258,609
04/27/2007,PIE,FL,ASO,ES,Towers with Radar,34,14,97,14,159,0,12,138,28,178,34,26,235,42,337,146,16,162,499
04/28/2007,PIE,FL,ASO,ES,Towers with Radar,19,5,104,2,130,0,8,200,14,222,19,13,304,16,352,142,0,142,494
04/29/2007,PIE,FL,ASO,ES,Towers with Radar,25,22,55,4,106,0,5,211,8,224,25,27,266,12,330,148,2,150,480
04/30/2007,PIE,FL,ASO,ES,Towers with Radar,22,20,87,7,136,0,10,187,36,233,22,30,274,43,369,200,30,230,599
05/01/2007,PIE,FL,ASO,ES,Towers with Radar,28,16,58,6,108,0,4,114,21,139,28,20,172,27,247,108,0,108,355
05/02/2007,PIE,FL,ASO,ES,Towers with Radar,31,10,95,4,140,0,6,221,34,261,31,16,316,38,401,246,54,300,701
05/03/2007,PIE,FL,ASO,ES,Towers with Radar,38,17,91,6,152,0,5,164,29,198,38,22,255,35,350,286,48,334,684
05/04/2007,PIE,FL,ASO,ES,Towers with Radar,30,10,83,12,135,0,11,161,25,197,30,21,244,37,332,264,14,278,610
05/05/2007,PIE,FL,ASO,ES,Towers with Radar,17,9,63,4,93,0,3,248,21,272,17,12,311,25,365,156,0,156,521
05/06/2007,PIE,FL,ASO,ES,Towers with Radar,21,19,49,4,93,0,7,153,25,185,21,26,202,29,278,122,18,140,418
05/07/2007,PIE,FL,ASO,ES,Towers with Radar,22,22,61,9,114,0,6,112,18,136,22,28,173,27,250,100,12,112,362
05/08/2007,PIE,FL,ASO,ES,Towers with Radar,28,23,79,13,143,0,1,45,12,58,28,24,124,25,201,40,22,62,263
05/09/2007,PIE,FL,ASO,ES,Towers with Radar,27,20,98,12,157,0,12,151,0,163,27,32,249,12,320,106,6,112,432
05/10/2007,PIE,FL,ASO,ES,Towers with Radar,37,17,90,4,148,0,9,161,18,188,37,26,251,22,336,228,6,234,570
05/11/2007,PIE,FL,ASO,ES,Towers with Radar,37,21,68,10,136,0,0,38,1,39,37,21,106,11,175,12,0,12,187
05/12/2007,PIE,FL,ASO,ES,Towers with Radar,18,19,79,8,124,0,0,50,1,51,18,19,129,9,175,90,2,92,267
05/13/2007,PIE,FL,ASO,ES,Towers with Radar,21,21,58,3,103,0,1,76,6,83,21,22,134,9,186,96,0,96,282
05/14/2007,PIE,FL,ASO,ES,Towers with Radar,20,10,51,2,83,0,4,61,13,78,20,14,112,15,161,164,12,176,337
05/15/2007,PIE,FL,ASO,ES,Towers with Radar,27,22,68,5,122,0,4,216,21,241,27,26,284,26,363,302,28,330,693
05/16/2007,PIE,FL,ASO,ES,Towers with Radar,30,14,90,6,140,0,0,143,14,157,30,14,233,20,297,176,8,184,481
05/17/2007,PIE,FL,ASO,ES,Towers with Radar,31,20,73,6,130,0,3,218,23,244,31,23,291,29,374,272,14,286,660
05/18/2007,PIE,FL,ASO,ES,Towers with Radar,31,20,73,10,134,0,8,182,29,219,31,28,255,39,353,174,0,174,527
05/19/2007,PIE,FL,ASO,ES,Towers with Radar,22,10,68,21,121,0,10,243,15,268,22,20,311,36,389,220,8,228,617
05/20/2007,PIE,FL,ASO,ES,Towers with Radar,21,14,64,5,104,0,5,148,17,170,21,19,212,22,274,92,0,92,366
05/21/2007,PIE,FL,ASO,ES,Towers with Radar,21,14,76,5,116,0,1,240,29,270,21,15,316,34,386,236,24,260,646
05/22/2007,PIE,FL,ASO,ES,Towers with Radar,28,17,93,13,151,0,4,168,38,210,28,21,261,51,361,226,14,240,601
05/23/2007,PIE,FL,ASO,ES,Towers with Radar,33,14,78,1,126,0,3,157,13,173,33,17,235,14,299,180,2,182,481
05/24/2007,PIE,FL,ASO,ES,Towers with Radar,35,13,74,7,129,0,11,158,24,193,35,24,232,31,322,184,12,196,518
05/25/2007,PIE,FL,ASO,ES,Towers with Radar,30,16,72,5,123,0,12,153,20,185,30,28,225,25,308,216,6,222,530
05/26/2007,PIE,FL,ASO,ES,Towers with Radar,18,8,52,4,82,0,5,244,14,263,18,13,296,18,345,263,12,275,620
05/27/2007,PIE,FL,ASO,ES,Towers with Radar,24,8,51,1,84,0,4,244,11,259,24,12,295,12,343,132,0,132,475
05/28/2007,PIE,FL,ASO,ES,Towers with Radar,14,18,66,1,99,0,13,199,9,221,14,31,265,10,320,184,0,184,504
05/29/2007,PIE,FL,ASO,ES,Towers with Radar,28,8,56,11,103,0,7,179,15,201,28,15,235,26,304,242,4,246,550
05/30/2007,PIE,FL,ASO,ES,Towers with Radar,32,12,74,9,127,0,1,169,26,196,32,13,243,35,323,220,0,220,543
05/31/2007,PIE,FL,ASO,ES,Towers with Radar,28,18,82,10,138,0,10,163,6,179,28,28,245,16,317,212,0,212,529
06/01/2007,PIE,FL,ASO,ES,Towers with Radar,28,23,57,3,111,0,3,53,9,65,28,26,110,12,176,50,0,50,226
06/02/2007,PIE,FL,ASO,ES,Towers with Radar,15,15,30,3,63,0,1,95,3,99,15,16,125,6,162,24,0,24,186
06/03/2007,PIE,FL,ASO,ES,Towers with Radar,24,3,78,5,110,0,10,134,13,157,24,13,212,18,267,80,0,80,347
06/04/2007,PIE,FL,ASO,ES,Towers with Radar,22,7,69,6,104,0,10,182,23,215,22,17,251,29,319,228,2,230,549
06/05/2007,PIE,FL,ASO,ES,Towers with Radar,29,16,76,5,126,0,3,140,14,157,29,19,216,19,283,246,7,253,536
06/06/2007,PIE,FL,ASO,ES,Towers with Radar,32,9,87,3,131,0,0,112,4,116,32,9,199,7,247,204,0,204,451
06/07/2007,PIE,FL,ASO,ES,Towers with Radar,30,17,91,4,142,0,11,175,33,219,30,28,266,37,361,296,8,304,665
06/08/2007,PIE,FL,ASO,ES,Towers with Radar,27,13,65,5,110,0,10,135,16,161,27,23,200,21,271,158,4,162,433
06/09/2007,PIE,FL,ASO,ES,Towers with Radar,17,9,60,1,87,0,1,162,3,166,17,10,222,4,253,238,2,240,493
06/10/2007,PIE,FL,ASO,ES,Towers with Radar,27,17,67,2,113,0,8,239,7,254,27,25,306,9,367,174,0,174,541
06/11/2007,PIE,FL,ASO,ES,Towers with Radar,27,11,59,8,105,0,6,205,21,232,27,17,264,29,337,230,2,232,569
06/12/2007,PIE,FL,ASO,ES,Towers with Radar,29,12,62,8,111,0,9,170,19,198,29,21,232,27,309,174,22,196,505
06/13/2007,PIE,FL,ASO,ES,Towers with Radar,32,6,66,8,112,0,4,182,14,200,32,10,248,22,312,10,0,10,322
06/14/2007,PIE,FL,ASO,ES,Towers with Radar,29,13,79,10,131,0,5,209,32,246,29,18,288,42,377,314,18,332,709
06/15/2007,PIE,FL,ASO,ES,Towers with Radar,31,13,59,2,105,0,13,186,25,224,31,26,245,27,329,232,26,258,587
06/16/2007,PIE,FL,ASO,ES,Towers with Radar,15,4,40,1,60,0,1,292,9,302,15,5,332,10,362,192,20,212,574
06/17/2007,PIE,FL,ASO,ES,Towers with Radar,22,10,65,3,100,0,11,243,10,264,22,21,308,13,364,190,6,196,560
06/18/2007,PIE,FL,ASO,ES,Towers with Radar,27,12,81,0,120,0,8,126,0,134,27,20,207,0,254,184,0,184,438
06/19/2007,PIE,FL,ASO,ES,Towers with Radar,30,14,95,11,150,0,5,177,17,199,30,19,272,28,349,252,6,258,607
06/20/2007,PIE,FL,ASO,ES,Towers with Radar,34,7,65,8,114,0,6,229,21,256,34,13,294,29,370,198,2,200,570
06/21/2007,PIE,FL,ASO,ES,Towers with Radar,24,14,84,3,125,0,8,134,27,169,24,22,218,30,294,202,6,208,502
06/22/2007,PIE,FL,ASO,ES,Towers with Radar,28,17,62,6,113,0,10,155,35,200,28,27,217,41,313,178,24,202,515
06/23/2007,PIE,FL,ASO,ES,Towers with Radar,15,16,64,5,100,0,4,252,11,267,15,20,316,16,367,221,0,221,588
06/24/2007,PIE,FL,ASO,ES,Towers with Radar,23,16,51,16,106,0,11,240,10,261,23,27,291,26,367,170,0,170,537
06/25/2007,PIE,FL,ASO,ES,Towers with Radar,26,8,60,3,97,0,14,158,18,190,26,22,218,21,287,202,4,206,493
06/26/2007,PIE,FL,ASO,ES,Towers with Radar,30,8,79,7,124,0,3,241,26,270,30,11,320,33,394,222,18,240,634
06/27/2007,PIE,FL,ASO,ES,Towers with Radar,29,7,69,7,112,0,4,149,23,176,29,11,218,30,288,130,8,138,426
06/28/2007,PIE,FL,ASO,ES,Towers with Radar,29,12,78,5,124,0,7,154,25,186,29,19,232,30,310,230,4,234,544
06/29/2007,PIE,FL,ASO,ES,Towers with Radar,33,19,84,5,141,0,14,178,19,211,33,33,262,24,352,190,8,198,550
06/30/2007,PIE,FL,ASO,ES,Towers with Radar,15,15,65,2,97,0,12,234,4,250,15,27,299,6,347,234,0,234,581
07/01/2007,PIE,FL,ASO,ES,Towers with Radar,21,11,71,0,103,0,7,158,16,181,21,18,229,16,284,166,0,166,450
07/02/2007,PIE,FL,ASO,ES,Towers with Radar,25,10,58,7,100,0,5,194,18,217,25,15,252,25,317,220,24,244,561
07/03/2007,PIE,FL,ASO,ES,Towers with Radar,31,16,69,1,117,0,4,188,34,226,31,20,257,35,343,278,22,300,643
07/04/2007,PIE,FL,ASO,ES,Towers with Radar,22,4,40,5,71,0,2,77,8,87,22,6,117,13,158,136,0,136,294
07/05/2007,PIE,FL,ASO,ES,Towers with Radar,24,21,80,4,129,0,6,143,27,176,24,27,223,31,305,262,16,278,583
07/06/2007,PIE,FL,ASO,ES,Towers with Radar,30,12,69,6,117,0,12,166,32,210,30,24,235,38,327,248,38,286,613
07/07/2007,PIE,FL,ASO,ES,Towers with Radar,17,8,62,1,88,0,7,210,10,227,17,15,272,11,315,292,0,292,607
07/08/2007,PIE,FL,ASO,ES,Towers with Radar,24,14,75,1,114,0,9,205,5,219,24,23,280,6,333,234,10,244,577
07/09/2007,PIE,FL,ASO,ES,Towers with Radar,20,9,63,11,103,0,9,170,27,206,20,18,233,38,309,192,30,222,531
07/10/2007,PIE,FL,ASO,ES,Towers with Radar,31,12,78,5,126,0,3,182,41,226,31,15,260,46,352,212,36,248,600
07/11/2007,PIE,FL,ASO,ES,Towers with Radar,35,16,60,7,118,0,5,182,22,209,35,21,242,29,327,224,64,288,615
07/12/2007,PIE,FL,ASO,ES,Towers with Radar,26,21,79,7,133,0,8,189,23,220,26,29,268,30,353,254,40,294,647
07/13/2007,PIE,FL,ASO,ES,Towers with Radar,29,16,62,15,122,0,15,170,25,210,29,31,232,40,332,226,66,292,624
07/14/2007,PIE,FL,ASO,ES,Towers with Radar,16,18,82,5,121,0,5,202,13,220,16,23,284,18,341,274,0,274,615
07/15/2007,PIE,FL,ASO,ES,Towers with Radar,23,14,52,4,93,0,11,109,8,128,23,25,161,12,221,224,0,224,445
07/16/2007,PIE,FL,ASO,ES,Towers with Radar,27,17,60,9,113,2,12,154,20,188,29,29,214,29,301,190,54,244,545
07/17/2007,PIE,FL,ASO,ES,Towers with Radar,30,20,66,5,121,0,11,231,29,271,30,31,297,34,392,260,22,282,674
07/18/2007,PIE,FL,ASO,ES,Towers with Radar,32,15,95,2,144,0,4,219,20,243,32,19,314,22,387,62,0,62,449
07/19/2007,PIE,FL,ASO,ES,Towers with Radar,28,8,76,4,116,0,10,174,25,209,28,18,250,29,325,236,40,276,601
07/20/2007,PIE,FL,ASO,ES,Towers with Radar,31,9,71,5,116,0,11,239,21,271,31,20,310,26,387,188,0,188,575
07/21/2007,PIE,FL,ASO,ES,Towers with Radar,16,7,71,1,95,0,5,180,9,194,16,12,251,10,289,218,0,218,507
07/22/2007,PIE,FL,ASO,ES,Towers with Radar,22,8,65,4,99,0,15,184,14,213,22,23,249,18,312,184,16,200,512
07/23/2007,PIE,FL,ASO,ES,Towers with Radar,25,11,51,12,99,0,7,142,20,169,25,18,193,32,268,192,16,208,476
07/24/2007,PIE,FL,ASO,ES,Towers with Radar,30,31,43,4,108,0,10,103,23,136,30,41,146,27,244,48,42,90,334
07/25/2007,PIE,FL,ASO,ES,Towers with Radar,32,13,59,1,105,0,8,191,21,220,32,21,250,22,325,216,0,216,541
07/26/2007,PIE,FL,ASO,ES,Towers with Radar,31,13,65,6,115,0,0,224,12,236,31,13,289,18,351,306,0,306,657
07/27/2007,PIE,FL,ASO,ES,Towers with Radar,26,21,78,5,130,0,9,164,22,195,26,30,242,27,325,204,4,208,533
07/28/2007,PIE,FL,ASO,ES,Towers with Radar,17,10,62,1,90,0,0,235,13,248,17,10,297,14,338,222,0,222,560
07/29/2007,PIE,FL,ASO,ES,Towers with Radar,27,9,74,6,116,0,14,199,16,229,27,23,273,22,345,192,0,192,537
07/30/2007,PIE,FL,ASO,ES,Towers with Radar,26,13,48,6,93,0,11,161,17,189,26,24,209,23,282,204,0,204,486
07/31/2007,PIE,FL,ASO,ES,Towers with Radar,30,12,53,2,97,0,5,56,7,68,30,17,109,9,165,66,0,66,231
08/01/2007,PIE,FL,ASO,ES,Towers with Radar,34,14,88,15,151,0,3,106,13,122,34,17,194,28,273,46,6,52,325
08/02/2007,PIE,FL,ASO,ES,Towers with Radar,27,10,42,3,82,0,2,45,13,60,27,12,87,16,142,22,6,28,170
08/03/2007,PIE,FL,ASO,ES,Towers with Radar,32,13,55,5,105,0,7,175,13,195,32,20,230,18,300,242,2,244,544
08/04/2007,PIE,FL,ASO,ES,Towers with Radar,16,11,40,1,68,0,3,249,7,259,16,14,289,8,327,241,0,241,568
08/05/2007,PIE,FL,ASO,ES,Towers with Radar,24,9,43,3,79,0,6,154,4,164,24,15,197,7,243,222,10,232,475
08/06/2007,PIE,FL,ASO,ES,Towers with Radar,26,11,78,11,126,0,9,148,16,173,26,20,226,27,299,208,4,212,511
08/07/2007,PIE,FL,ASO,ES,Towers with Radar,29,16,72,5,122,0,1,150,21,172,29,17,222,26,294,208,16,224,518
08/08/2007,PIE,FL,ASO,ES,Towers with Radar,30,10,57,10,107,0,0,163,20,183,30,10,220,30,290,278,12,290,580
08/09/2007,PIE,FL,ASO,ES,Towers with Radar,19,10,44,8,81,0,1,141,29,171,19,11,185,37,252,328,0,328,580
08/10/2007,PIE,FL,ASO,ES,Towers with Radar,29,5,83,10,127,0,9,154,20,183,29,14,237,30,310,104,24,128,438
08/11/2007,PIE,FL,ASO,ES,Towers with Radar,15,9,63,5,92,0,7,185,20,212,15,16,248,25,304,198,0,198,502
08/12/2007,PIE,FL,ASO,ES,Towers with Radar,23,10,47,2,82,0,10,188,24,222,23,20,235,26,304,244,0,244,548
08/13/2007,PIE,FL,ASO,ES,Towers with Radar,20,12,60,12,104,0,7,142,12,161,20,19,202,24,265,218,20,238,503
08/14/2007,PIE,FL,ASO,ES,Towers with Radar,24,9,76,6,115,0,2,130,18,150,24,11,206,24,265,224,4,228,493
08/15/2007,PIE,FL,ASO,ES,Towers with Radar,32,11,75,11,129,0,0,151,17,168,32,11,226,28,297,214,24,238,535
08/16/2007,PIE,FL,ASO,ES,Towers with Radar,27,13,97,1,138,0,5,168,18,191,27,18,265,19,329,204,26,230,559
08/17/2007,PIE,FL,ASO,ES,Towers with Radar,23,13,115,3,154,0,13,189,24,226,23,26,304,27,380,316,14,330,710
08/18/2007,PIE,FL,ASO,ES,Towers with Radar,14,9,70,6,99,0,2,156,14,172,14,11,226,20,271,250,12,262,533
08/19/2007,PIE,FL,ASO,ES,Towers with Radar,27,12,77,4,120,0,4,248,12,264,27,16,325,16,384,184,0,184,568
08/20/2007,PIE,FL,ASO,ES,Towers with Radar,18,11,59,4,92,0,8,178,21,207,18,19,237,25,299,294,2,296,595
08/21/2007,PIE,FL,ASO,ES,Towers with Radar,26,14,100,4,144,0,8,151,27,186,26,22,251,31,330,312,0,312,642
08/22/2007,PIE,FL,ASO,ES,Towers with Radar,27,8,48,6,89,0,0,266,10,276,27,8,314,16,365,228,0,228,593
08/23/2007,PIE,FL,ASO,ES,Towers with Radar,28,9,93,10,140,0,11,194,38,243,28,20,287,48,383,374,44,418,801
08/24/2007,PIE,FL,ASO,ES,Towers with Radar,25,7,92,8,132,0,7,149,19,175,25,14,241,27,307,250,0,250,557
08/25/2007,PIE,FL,ASO,ES,Towers with Radar,13,9,64,5,91,0,5,200,11,216,13,14,264,16,307,268,0,268,575
08/26/2007,PIE,FL,ASO,ES,Towers with Radar,24,14,73,5,116,0,6,202,7,215,24,20,275,12,331,192,26,218,549
08/27/2007,PIE,FL,ASO,ES,Towers with Radar,16,10,56,10,92,0,5,168,23,196,16,15,224,33,288,194,8,202,490
08/28/2007,PIE,FL,ASO,ES,Towers with Radar,25,9,55,6,95,0,0,211,18,229,25,9,266,24,324,306,6,312,636
08/29/2007,PIE,FL,ASO,ES,Towers with Radar,28,13,60,15,116,0,5,199,32,236,28,18,259,47,352,232,100,332,684
08/30/2007,PIE,FL,ASO,ES,Towers with Radar,22,13,98,16,149,0,10,203,27,240,22,23,301,43,389,338,6,344,733
08/31/2007,PIE,FL,ASO,ES,Towers with Radar,21,12,81,10,124,0,8,151,18,177,21,20,232,28,301,156,4,160,461
09/01/2007,PIE,FL,ASO,ES,Towers with Radar,6,6,53,3,68,0,0,140,4,144,6,6,193,7,212,161,1,162,374
09/02/2007,PIE,FL,ASO,ES,Towers with Radar,23,1,25,5,54,0,9,168,10,187,23,10,193,15,241,188,36,224,465
09/03/2007,PIE,FL,ASO,ES,Towers with Radar,12,9,75,6,102,0,11,168,12,191,12,20,243,18,293,276,0,276,569
09/04/2007,PIE,FL,ASO,ES,Towers with Radar,18,13,57,11,99,0,7,182,25,214,18,20,239,36,313,244,12,256,569
09/05/2007,PIE,FL,ASO,ES,Towers with Radar,29,16,71,5,121,0,5,199,37,241,29,21,270,42,362,226,14,240,602
09/06/2007,PIE,FL,ASO,ES,Towers with Radar,24,7,61,16,108,0,4,163,19,186,24,11,224,35,294,440,0,440,734
09/07/2007,PIE,FL,ASO,ES,Towers with Radar,23,7,89,9,128,0,14,174,28,216,23,21,263,37,344,292,0,292,636
09/08/2007,PIE,FL,ASO,ES,Towers with Radar,7,5,37,6,55,0,3,201,22,226,7,8,238,28,281,222,6,228,509
09/09/2007,PIE,FL,ASO,ES,Towers with Radar,24,9,45,6,84,0,3,242,14,259,24,12,287,20,343,160,26,186,529
09/10/2007,PIE,FL,ASO,ES,Towers with Radar,16,12,39,17,84,0,3,135,29,167,16,15,174,46,251,270,36,306,557
09/11/2007,PIE,FL,ASO,ES,Towers with Radar,20,12,61,40,133,0,3,132,41,176,20,15,193,81,309,256,70,326,635
09/12/2007,PIE,FL,ASO,ES,Towers with Radar,26,13,57,15,111,0,9,216,31,256,26,22,273,46,367,184,8,192,559
09/13/2007,PIE,FL,ASO,ES,Towers with Radar,20,5,76,16,117,0,5,149,22,176,20,10,225,38,293,264,104,368,661
09/14/2007,PIE,FL,ASO,ES,Towers with Radar,23,8,65,16,112,0,7,165,31,203,23,15,230,47,315,206,84,290,605
09/15/2007,PIE,FL,ASO,ES,Towers with Radar,9,10,42,1,62,0,2,241,15,258,9,12,283,16,320,246,10,256,576
09/16/2007,PIE,FL,ASO,ES,Towers with Radar,20,12,51,1,84,0,3,197,6,206,20,15,248,7,290,210,0,210,500
09/17/2007,PIE,FL,ASO,ES,Towers with Radar,19,9,61,14,103,0,6,75,45,126,19,15,136,59,229,130,18,148,377
09/18/2007,PIE,FL,ASO,ES,Towers with Radar,22,9,54,12,97,0,3,171,22,196,22,12,225,34,293,298,10,308,601
09/19/2007,PIE,FL,ASO,ES,Towers with Radar,26,12,101,10,149,0,0,92,18,110,26,12,193,28,259,182,4,186,445
09/20/2007,PIE,FL,ASO,ES,Towers with Radar,17,19,103,20,159,0,6,82,20,108,17,25,185,40,267,186,17,203,470
09/21/2007,PIE,FL,ASO,ES,Towers with Radar,24,15,79,10,128,0,3,162,32,197,24,18,241,42,325,240,22,262,587
09/22/2007,PIE,FL,ASO,ES,Towers with Radar,9,11,87,3,110,0,5,149,12,166,9,16,236,15,276,156,22,178,454
09/23/2007,PIE,FL,ASO,ES,Towers with Radar,23,13,67,5,108,0,10,168,12,190,23,23,235,17,298,206,30,236,534
09/24/2007,PIE,FL,ASO,ES,Towers with Radar,18,10,78,9,115,0,9,145,16,170,18,19,223,25,285,164,18,182,467
09/25/2007,PIE,FL,ASO,ES,Towers with Radar,21,28,76,5,130,0,9,189,24,222,21,37,265,29,352,222,18,240,592
09/26/2007,PIE,FL,ASO,ES,Towers with Radar,25,12,66,2,105,0,2,182,26,210,25,14,248,28,315,152,0,152,467
09/27/2007,PIE,FL,ASO,ES,Towers with Radar,23,12,73,4,112,0,11,162,21,194,23,23,235,25,306,344,26,370,676
09/28/2007,PIE,FL,ASO,ES,Towers with Radar,22,33,94,8,157,0,0,170,14,184,22,33,264,22,341,248,0,248,589
09/29/2007,PIE,FL,ASO,ES,Towers with Radar,7,12,72,1,92,0,5,209,18,232,7,17,281,19,324,272,0,272,596
09/30/2007,PIE,FL,ASO,ES,Towers with Radar,22,13,47,0,82,0,7,159,13,179,22,20,206,13,261,104,2,106,367
10/01/2007,PIE,FL,ASO,ES,Towers with Radar,16,16,42,5,79,0,10,159,27,196,16,26,201,32,275,178,22,200,500
10/02/2007,PIE,FL,ASO,ES,Towers with Radar,21,13,66,16,116,0,3,100,12,115,21,16,166,28,231,130,0,130,378
10/03/2007,PIE,FL,ASO,ES,Towers with Radar,25,10,124,15,174,0,3,156,11,170,25,13,280,26,344,182,18,200,567
10/04/2007,PIE,FL,ASO,ES,Towers with Radar,29,12,62,6,109,0,0,130,17,147,29,12,192,23,256,230,8,238,506
10/05/2007,PIE,FL,ASO,ES,Towers with Radar,23,10,69,5,107,0,7,91,19,117,23,17,160,24,224,172,12,184,418
10/06/2007,PIE,FL,ASO,ES,Towers with Radar,10,15,46,4,75,0,23,196,2,221,10,38,242,6,296,222,14,236,553
10/07/2007,PIE,FL,ASO,ES,Towers with Radar,20,11,59,2,92,0,11,184,13,208,20,23,243,15,301,202,18,220,537
10/08/2007,PIE,FL,ASO,ES,Towers with Radar,15,12,47,9,83,0,8,164,15,187,15,21,211,24,271,220,4,224,527
10/09/2007,PIE,FL,ASO,ES,Towers with Radar,22,14,107,14,157,0,5,157,22,184,22,19,264,36,341,182,16,198,564
10/10/2007,PIE,FL,ASO,ES,Towers with Radar,29,15,58,8,110,0,0,179,17,196,29,15,237,25,306,258,0,258,590
10/11/2007,PIE,FL,ASO,ES,Towers with Radar,23,9,82,6,120,0,20,166,28,214,23,29,248,34,334,302,10,312,682
10/12/2007,PIE,FL,ASO,ES,Towers with Radar,23,17,76,17,133,0,7,149,14,170,23,24,225,31,303,190,6,196,525
10/13/2007,PIE,FL,ASO,ES,Towers with Radar,11,13,66,11,101,0,9,197,53,259,11,22,263,64,360,342,0,342,728
10/14/2007,PIE,FL,ASO,ES,Towers with Radar,22,7,54,7,90,0,4,151,21,176,22,11,205,28,266,234,0,234,515
10/15/2007,PIE,FL,ASO,ES,Towers with Radar,19,8,54,11,92,0,6,166,27,199,19,14,220,38,291,270,18,288,611
10/16/2007,PIE,FL,ASO,ES,Towers with Radar,21,13,84,4,122,0,2,139,13,154,21,15,223,17,276,232,6,238,551
10/17/2007,PIE,FL,ASO,ES,Towers with Radar,28,12,56,3,99,0,0,177,23,200,28,12,233,26,299,204,12,216,555
10/18/2007,PIE,FL,ASO,ES,Towers with Radar,28,16,75,5,124,0,13,166,20,199,28,29,241,25,323,184,22,206,555
10/19/2007,PIE,FL,ASO,ES,Towers with Radar,26,14,60,7,107,0,9,211,17,237,26,23,271,24,344,206,12,218,585
10/20/2007,PIE,FL,ASO,ES,Towers with Radar,10,17,75,3,105,0,8,192,18,218,10,25,267,21,323,228,16,244,590
10/21/2007,PIE,FL,ASO,ES,Towers with Radar,21,17,86,4,128,0,12,187,22,221,21,29,273,26,349,156,4,160,543
10/22/2007,PIE,FL,ASO,ES,Towers with Radar,18,16,75,8,117,0,11,129,31,171,18,27,204,39,288,146,82,228,550
10/23/2007,PIE,FL,ASO,ES,Towers with Radar,22,14,58,2,96,0,12,185,21,218,22,26,243,23,314,204,0,204,544
10/24/2007,PIE,FL,ASO,ES,Towers with Radar,29,23,59,4,115,0,1,58,7,66,29,25,117,11,182,10,20,30,221
10/25/2007,PIE,FL,ASO,ES,Towers with Radar,28,17,70,18,133,0,7,170,32,209,28,24,240,50,342,280,54,334,694
10/26/2007,PIE,FL,ASO,ES,Towers with Radar,29,19,81,11,140,0,5,105,21,131,29,24,186,32,271,202,2,204,493
10/27/2007,PIE,FL,ASO,ES,Towers with Radar,14,19,60,10,103,0,7,101,10,118,14,27,161,20,222,50,8,58,294
10/28/2007,PIE,FL,ASO,ES,Towers with Radar,22,15,70,3,110,0,14,183,15,212,22,29,253,18,322,186,0,186,534
10/29/2007,PIE,FL,ASO,ES,Towers with Radar,20,8,57,6,91,0,7,115,29,151,20,15,172,35,242,72,14,86,341
10/30/2007,PIE,FL,ASO,ES,Towers with Radar,24,16,63,6,109,0,7,120,21,148,24,23,183,27,257,129,1,130,405
10/31/2007,PIE,FL,ASO,ES,Towers with Radar,27,15,79,4,125,0,1,172,30,203,27,16,251,34,328,152,6,158,518
11/01/2007,PIE,FL,ASO,ES,Towers with Radar,31,13,69,16,129,0,8,98,27,133,31,21,167,43,262,196,26,222,500
11/02/2007,PIE,FL,ASO,ES,Towers with Radar,31,14,85,4,134,0,7,187,30,224,31,21,272,34,358,252,0,252,643
11/03/2007,PIE,FL,ASO,ES,Towers with Radar,11,5,62,7,85,0,4,215,19,238,11,10,277,26,324,216,8,224,578
11/04/2007,PIE,FL,ASO,ES,Towers with Radar,23,13,67,6,109,0,10,171,20,201,23,23,238,26,310,224,0,224,556
11/05/2007,PIE,FL,ASO,ES,Towers with Radar,25,25,63,20,133,0,0,204,45,249,25,25,267,65,382,98,46,144,550
11/06/2007,PIE,FL,ASO,ES,Towers with Radar,24,18,87,14,143,0,5,163,32,200,24,23,250,46,343,276,6,282,664
11/07/2007,PIE,FL,ASO,ES,Towers with Radar,28,16,91,21,156,0,8,154,43,205,28,24,245,64,361,246,38,284,689
11/08/2007,PIE,FL,ASO,ES,Towers with Radar,28,20,94,17,159,0,6,180,29,215,28,26,274,46,374,282,44,326,727
11/09/2007,PIE,FL,ASO,ES,Towers with Radar,35,16,76,16,143,0,9,220,37,266,35,25,296,53,409,238,12,250,681
11/10/2007,PIE,FL,ASO,ES,Towers with Radar,12,10,45,6,73,0,11,238,8,257,13,21,283,14,331,296,4,300,654
11/11/2007,PIE,FL,ASO,ES,Towers with Radar,23,16,96,1,136,0,10,144,14,168,23,27,240,15,305,210,22,232,582
11/12/2007,PIE,FL,ASO,ES,Towers with Radar,31,15,65,7,118,0,22,230,16,268,31,37,295,23,386,272,0,272,713
11/13/2007,PIE,FL,ASO,ES,Towers with Radar,28,29,71,4,132,0,9,182,20,211,28,38,253,24,343,132,36,168,532
11/14/2007,PIE,FL,ASO,ES,Towers with Radar,34,19,70,7,130,0,1,200,26,227,34,20,270,33,357,172,34,206,594
11/15/2007,PIE,FL,ASO,ES,Towers with Radar,38,19,94,6,157,0,5,130,43,178,38,24,224,49,335,21,16,37,389
11/16/2007,PIE,FL,ASO,ES,Towers with Radar,34,20,71,6,131,0,3,174,15,192,34,23,245,21,323,198,16,214,552
11/17/2007,PIE,FL,ASO,ES,Towers with Radar,10,20,56,2,88,0,13,233,12,258,11,33,289,14,347,240,2,242,630
11/18/2007,PIE,FL,ASO,ES,Towers with Radar,23,14,57,9,103,0,14,193,18,225,23,28,250,27,328,208,0,208,569
11/19/2007,PIE,FL,ASO,ES,Towers with Radar,29,23,82,8,142,0,2,207,23,232,29,25,289,31,374,228,6,234,642
11/20/2007,PIE,FL,ASO,ES,Towers with Radar,28,25,79,9,141,0,4,193,29,226,28,29,272,38,367,252,8,260,670
11/21/2007,PIE,FL,ASO,ES,Towers with Radar,35,15,71,3,124,0,5,162,9,176,35,20,233,12,300,160,10,170,506
11/22/2007,PIE,FL,ASO,ES,Towers with Radar,20,1,21,5,47,0,0,37,0,37,20,1,58,5,84,12,12,24,118
11/23/2007,PIE,FL,ASO,ES,Towers with Radar,32,11,90,2,135,0,2,33,6,41,32,13,123,8,176,65,22,87,288
11/24/2007,PIE,FL,ASO,ES,Towers with Radar,11,14,64,0,89,0,10,211,7,228,11,25,275,7,318,212,0,212,563
11/25/2007,PIE,FL,ASO,ES,Towers with Radar,24,24,98,4,150,0,7,222,14,243,24,31,320,18,393,266,6,272,696
11/26/2007,PIE,FL,ASO,ES,Towers with Radar,26,15,81,8,130,0,7,131,28,166,26,22,212,36,296,98,76,174,504
11/27/2007,PIE,FL,ASO,ES,Towers with Radar,34,11,108,10,163,0,2,124,22,148,35,13,232,32,312,212,18,230,574
11/28/2007,PIE,FL,ASO,ES,Towers with Radar,31,13,99,5,148,0,0,142,14,156,31,13,241,19,304,210,2,212,549
11/29/2007,PIE,FL,ASO,ES,Towers with Radar,24,15,102,14,155,0,4,85,35,124,24,19,187,49,279,148,36,184,472
11/30/2007,PIE,FL,ASO,ES,Towers with Radar,38,16,70,8,132,0,1,96,19,116,38,17,166,27,248,138,12,150,409
12/01/2007,PIE,FL,ASO,ES,Towers with Radar,10,9,63,2,84,0,2,234,6,242,12,11,297,8,328,288,0,288,649
12/02/2007,PIE,FL,ASO,ES,Towers with Radar,22,25,56,0,103,0,9,195,9,213,22,34,251,9,316,256,0,256,605
12/03/2007,PIE,FL,ASO,ES,Towers with Radar,26,17,70,3,116,0,2,169,19,190,26,19,239,22,306,164,34,198,528
12/04/2007,PIE,FL,ASO,ES,Towers with Radar,26,13,82,12,133,0,5,214,30,249,26,18,296,42,382,224,12,236,665
12/05/2007,PIE,FL,ASO,ES,Towers with Radar,32,19,79,8,138,0,22,154,14,190,32,41,233,22,328,200,8,208,572
12/06/2007,PIE,FL,ASO,ES,Towers with Radar,28,15,64,18,125,0,2,146,18,166,28,17,210,36,291,184,24,208,527
12/07/2007,PIE,FL,ASO,ES,Towers with Radar,33,10,96,13,152,0,6,156,23,185,33,17,252,36,338,262,16,278,645
12/08/2007,PIE,FL,ASO,ES,Towers with Radar,11,1,54,2,68,0,3,248,2,253,11,4,302,4,321,210,6,216,565
12/09/2007,PIE,FL,ASO,ES,Towers with Radar,20,13,66,1,100,0,7,204,23,234,20,20,270,24,334,198,4,202,572
12/10/2007,PIE,FL,ASO,ES,Towers with Radar,22,8,62,6,98,0,2,145,15,162,23,11,207,21,262,126,12,138,432
12/11/2007,PIE,FL,ASO,ES,Towers with Radar,29,10,79,9,127,0,4,150,22,176,29,14,229,31,303,208,6,214,543
12/12/2007,PIE,FL,ASO,ES,Towers with Radar,29,11,62,10,112,0,0,164,24,188,29,11,226,34,300,210,10,220,542
12/13/2007,PIE,FL,ASO,ES,Towers with Radar,28,16,82,8,134,0,0,133,20,153,28,16,215,28,287,208,12,220,529
12/14/2007,PIE,FL,ASO,ES,Towers with Radar,29,26,90,9,154,0,2,84,17,103,29,28,174,26,257,92,20,112,382
12/15/2007,PIE,FL,ASO,ES,Towers with Radar,12,8,73,6,99,0,3,104,4,111,12,11,177,10,210,40,6,46,278
12/16/2007,PIE,FL,ASO,ES,Towers with Radar,19,10,38,3,70,0,6,75,8,89,19,16,113,11,159,24,4,28,210
12/17/2007,PIE,FL,ASO,ES,Towers with Radar,27,16,83,4,130,0,4,146,22,172,27,20,229,26,302,124,20,144,466
12/18/2007,PIE,FL,ASO,ES,Towers with Radar,37,16,69,16,138,0,3,159,26,188,37,20,228,42,327,204,36,240,593
12/19/2007,PIE,FL,ASO,ES,Towers with Radar,36,14,82,7,139,0,1,173,19,193,36,15,255,26,332,194,12,206,571
12/20/2007,PIE,FL,ASO,ES,Towers with Radar,38,13,87,3,141,0,6,124,20,150,38,19,211,23,291,236,18,254,564
12/21/2007,PIE,FL,ASO,ES,Towers with Radar,30,14,89,5,138,1,2,144,9,156,31,16,233,14,294,126,0,126,422
12/22/2007,PIE,FL,ASO,ES,Towers with Radar,22,16,69,2,109,0,0,128,6,134,22,16,197,8,243,142,22,164,423
12/23/2007,PIE,FL,ASO,ES,Towers with Radar,21,20,100,3,144,0,2,64,6,72,21,22,164,9,216,128,0,128,366
12/24/2007,PIE,FL,ASO,ES,Towers with Radar,31,7,32,5,75,0,0,37,9,46,31,7,69,14,121,50,4,54,178
12/25/2007,PIE,FL,ASO,ES,Towers with Radar,26,6,13,1,46,0,1,22,0,23,26,7,35,1,69,36,0,36,108
12/26/2007,PIE,FL,ASO,ES,Towers with Radar,30,12,117,4,163,0,0,128,7,135,30,12,245,11,298,190,2,192,513
12/27/2007,PIE,FL,ASO,ES,Towers with Radar,40,20,98,6,164,0,1,141,13,155,40,21,239,19,319,156,18,174,514
12/28/2007,PIE,FL,ASO,ES,Towers with Radar,33,26,82,2,143,0,13,138,10,161,33,39,220,12,304,184,4,188,512
12/29/2007,PIE,FL,ASO,ES,Towers with Radar,19,19,93,4,135,0,4,170,14,188,19,23,263,18,323,228,11,239,586
12/30/2007,PIE,FL,ASO,ES,Towers with Radar,27,28,78,0,133,0,9,149,0,158,27,37,227,0,291,210,0,210,521
12/31/2007,PIE,FL,ASO,ES,Towers with Radar,29,20,97,3,149,0,3,75,3,81,29,23,172,6,230,134,8,142,395
01/01/2008,PIE,FL,ASO,ES,Towers with Radar,27,18,54,0,99,0,0,32,0,32,27,18,86,0,131,14,0,14,155
01/02/2008,PIE,FL,ASO,ES,Towers with Radar,30,21,76,6,133,0,0,47,2,49,30,21,123,8,182,28,0,28,229
01/03/2008,PIE,FL,ASO,ES,Towers with Radar,37,17,74,2,130,0,4,102,12,118,37,21,176,14,248,98,0,98,361
01/04/2008,PIE,FL,ASO,ES,Towers with Radar,32,12,52,7,103,0,0,162,17,179,33,12,214,24,283,210,0,210,516
01/05/2008,PIE,FL,ASO,ES,Towers with Radar,21,10,59,5,95,0,5,189,13,207,24,15,248,18,305,274,2,276,610
01/06/2008,PIE,FL,ASO,ES,Towers with Radar,24,8,84,1,117,0,3,86,5,94,24,11,170,6,211,116,3,119,344
01/07/2008,PIE,FL,ASO,ES,Towers with Radar,28,9,57,7,101,0,3,100,13,116,28,12,157,20,217,176,20,196,440
01/08/2008,PIE,FL,ASO,ES,Towers with Radar,33,12,61,14,120,0,3,108,18,129,33,15,169,32,249,166,16,182,454
01/09/2008,PIE,FL,ASO,ES,Towers with Radar,38,11,89,13,151,0,5,116,27,148,38,16,205,40,299,210,30,240,574
01/10/2008,PIE,FL,ASO,ES,Towers with Radar,37,16,95,13,161,0,3,130,27,160,37,19,225,40,321,180,16,196,530
01/11/2008,PIE,FL,ASO,ES,Towers with Radar,30,16,84,22,152,0,8,125,29,162,30,24,209,51,314,130,6,136,462
01/12/2008,PIE,FL,ASO,ES,Towers with Radar,18,4,48,3,73,0,1,128,15,144,18,5,176,18,217,160,0,160,402
01/13/2008,PIE,FL,ASO,ES,Towers with Radar,26,14,42,6,88,0,4,51,6,61,34,19,93,12,158,24,0,24,196
01/14/2008,PIE,FL,ASO,ES,Towers with Radar,28,10,56,19,113,0,12,146,22,180,28,22,202,41,293,194,8,202,528
01/15/2008,PIE,FL,ASO,ES,Towers with Radar,32,20,71,6,129,0,3,103,13,119,32,24,174,19,249,278,16,294,559
01/16/2008,PIE,FL,ASO,ES,Towers with Radar,35,18,62,15,130,0,4,126,18,148,35,22,188,33,278,92,20,112,413
01/17/2008,PIE,FL,ASO,ES,Towers with Radar,35,30,83,10,158,0,1,12,9,22,35,31,95,19,180,12,0,12,195
01/18/2008,PIE,FL,ASO,ES,Towers with Radar,31,27,94,9,161,0,1,100,13,114,31,28,194,22,275,200,4,204,486
01/19/2008,PIE,FL,ASO,ES,Towers with Radar,17,13,31,6,67,0,3,42,4,49,17,16,73,10,116,18,0,18,140
01/20/2008,PIE,FL,ASO,ES,Towers with Radar,24,20,63,1,108,0,0,157,5,162,24,20,220,6,270,166,2,168,466
01/21/2008,PIE,FL,ASO,ES,Towers with Radar,31,17,95,2,145,0,4,142,10,156,31,21,237,12,301,200,12,212,539
01/22/2008,PIE,FL,ASO,ES,Towers with Radar,33,20,84,20,157,0,2,134,21,157,33,22,218,41,314,218,52,270,614
01/23/2008,PIE,FL,ASO,ES,Towers with Radar,33,22,111,11,177,0,4,79,11,94,33,26,190,22,271,90,6,96,394
01/24/2008,PIE,FL,ASO,ES,Towers with Radar,34,26,20,4,84,0,72,0,28,100,34,98,20,32,184,32,48,80,270
01/25/2008,PIE,FL,ASO,ES,Towers with Radar,29,18,96,8,151,0,4,145,41,190,29,22,241,49,341,254,12,266,630
01/26/2008,PIE,FL,ASO,ES,Towers with Radar,21,8,112,5,146,0,5,124,13,142,21,13,236,18,288,232,12,244,540
01/27/2008,PIE,FL,ASO,ES,Towers with Radar,26,10,91,8,135,0,4,134,15,153,26,14,225,23,288,220,0,220,531
01/28/2008,PIE,FL,ASO,ES,Towers with Radar,31,14,112,15,172,0,9,157,12,178,32,23,269,27,351,202,2,204,580
01/29/2008,PIE,FL,ASO,ES,Towers with Radar,34,19,90,11,154,0,5,194,17,216,34,24,284,28,370,148,8,156,552
01/30/2008,PIE,FL,ASO,ES,Towers with Radar,37,17,105,19,178,0,7,124,26,157,37,24,229,45,335,88,16,104,463
01/31/2008,PIE,FL,ASO,ES,Towers with Radar,38,30,85,24,177,0,2,180,32,214,38,32,265,56,391,174,22,196,608
02/01/2008,PIE,FL,ASO,ES,Towers with Radar,37,12,86,19,154,0,8,135,29,172,37,20,221,48,326,132,20,152,498
02/02/2008,PIE,FL,ASO,ES,Towers with Radar,19,8,57,4,88,0,10,186,10,206,20,18,243,14,295,248,8,256,582
02/03/2008,PIE,FL,ASO,ES,Towers with Radar,25,12,70,12,119,0,6,140,8,154,25,18,210,20,273,294,0,294,586
02/04/2008,PIE,FL,ASO,ES,Towers with Radar,24,23,77,15,139,0,4,130,32,166,24,27,207,47,305,150,18,168,496
02/05/2008,PIE,FL,ASO,ES,Towers with Radar,35,16,106,14,171,0,10,113,29,152,35,26,219,43,323,208,18,226,574
02/06/2008,PIE,FL,ASO,ES,Towers with Radar,36,38,91,15,180,0,3,85,23,111,36,41,176,38,291,70,32,102,412
02/07/2008,PIE,FL,ASO,ES,Towers with Radar,38,24,116,14,192,0,5,92,32,129,38,29,208,46,321,168,8,176,512
02/08/2008,PIE,FL,ASO,ES,Towers with Radar,33,23,105,12,173,0,0,108,32,140,33,24,213,44,314,222,36,258,589
02/09/2008,PIE,FL,ASO,ES,Towers with Radar,25,9,73,5,112,0,6,166,7,179,25,15,239,12,291,242,0,242,557
02/10/2008,PIE,FL,ASO,ES,Towers with Radar,30,11,45,5,91,0,13,171,10,194,30,24,216,15,285,202,0,202,506
02/11/2008,PIE,FL,ASO,ES,Towers with Radar,31,17,69,14,131,0,8,172,30,210,31,25,241,44,341,144,30,174,538
02/12/2008,PIE,FL,ASO,ES,Towers with Radar,35,18,54,16,123,0,4,105,15,124,35,22,159,31,247,156,14,170,434
02/13/2008,PIE,FL,ASO,ES,Towers with Radar,34,15,78,32,159,0,6,75,16,97,34,21,153,48,256,46,0,46,318
02/14/2008,PIE,FL,ASO,ES,Towers with Radar,41,20,101,13,175,0,5,168,24,197,41,25,269,37,372,220,26,246,634
02/15/2008,PIE,FL,ASO,ES,Towers with Radar,36,20,95,8,159,0,8,163,14,185,37,29,258,22,346,280,0,280,641
02/16/2008,PIE,FL,ASO,ES,Towers with Radar,25,13,60,12,110,0,3,194,8,205,25,16,254,20,315,246,4,250,578
02/17/2008,PIE,FL,ASO,ES,Towers with Radar,26,16,74,10,126,0,11,149,8,168,26,27,223,18,294,154,18,172,483
02/18/2008,PIE,FL,ASO,ES,Towers with Radar,33,12,87,6,138,0,5,52,2,59,33,17,139,8,197,46,0,46,256
02/19/2008,PIE,FL,ASO,ES,Towers with Radar,36,19,96,25,176,0,6,149,23,178,36,25,245,48,354,182,44,226,605
02/20/2008,PIE,FL,ASO,ES,Towers with Radar,34,21,99,10,164,0,4,128,12,144,34,25,227,22,308,234,2,236,562
02/21/2008,PIE,FL,ASO,ES,Towers with Radar,35,13,117,25,190,0,9,122,24,155,35,22,239,49,345,206,10,216,574
02/22/2008,PIE,FL,ASO,ES,Towers with Radar,40,23,98,8,169,0,7,130,14,151,40,30,228,22,320,158,22,180,513
02/23/2008,PIE,FL,ASO,ES,Towers with Radar,24,20,80,10,134,10,0,47,0,57,34,20,127,10,191,18,0,18,221
02/24/2008,PIE,FL,ASO,ES,Towers with Radar,26,23,100,6,155,0,1,97,8,106,26,24,197,14,261,278,0,278,561
02/25/2008,PIE,FL,ASO,ES,Towers with Radar,33,12,76,4,125,3281,195,131,28,3635,3314,207,207,32,3760,218,40,258,4028
02/26/2008,PIE,FL,ASO,ES,Towers with Radar,32,13,76,7,128,0,0,47,8,55,32,13,123,15,183,64,0,64,257
02/27/2008,PIE,FL,ASO,ES,Towers with Radar,39,10,63,6,118,0,3,90,21,114,39,13,153,27,232,72,22,94,335
02/28/2008,PIE,FL,ASO,ES,Towers with Radar,44,12,97,7,160,0,19,189,19,227,44,31,286,26,387,252,10,262,674
02/29/2008,PIE,FL,ASO,ES,Towers with Radar,34,25,72,9,140,0,5,181,15,201,34,30,253,24,341,222,0,222,573
03/01/2008,PIE,FL,ASO,ES,Towers with Radar,26,7,65,4,102,0,6,177,9,192,26,13,242,13,294,292,0,292,611
03/02/2008,PIE,FL,ASO,ES,Towers with Radar,27,13,57,8,105,0,10,150,6,166,27,24,207,14,272,276,2,278,572
03/03/2008,PIE,FL,ASO,ES,Towers with Radar,31,19,44,26,120,0,0,118,20,138,31,19,162,46,258,154,28,182,467
03/04/2008,PIE,FL,ASO,ES,Towers with Radar,35,19,45,12,111,0,5,60,21,86,35,24,105,33,197,10,6,16,230
03/05/2008,PIE,FL,ASO,ES,Towers with Radar,35,21,82,16,154,0,1,170,17,188,35,22,252,33,342,174,12,186,548
03/06/2008,PIE,FL,ASO,ES,Towers with Radar,40,17,87,8,152,0,5,119,15,139,40,22,206,23,291,152,0,152,461
03/07/2008,PIE,FL,ASO,ES,Towers with Radar,34,22,44,3,103,0,2,11,10,23,34,25,55,13,127,0,8,8,137
03/08/2008,PIE,FL,ASO,ES,Towers with Radar,25,17,40,0,82,0,2,72,11,85,25,19,112,11,167,56,0,56,239
03/09/2008,PIE,FL,ASO,ES,Towers with Radar,23,18,61,4,106,0,13,150,6,169,23,31,211,10,275,256,0,256,550
03/10/2008,PIE,FL,ASO,ES,Towers with Radar,29,17,60,17,123,0,5,132,18,155,29,22,192,35,278,258,4,262,562
03/11/2008,PIE,FL,ASO,ES,Towers with Radar,36,13,76,7,132,0,24,126,20,170,36,37,202,27,302,190,0,190,516
03/12/2008,PIE,FL,ASO,ES,Towers with Radar,35,20,84,8,147,0,3,146,13,162,35,23,230,21,309,216,14,230,560
03/13/2008,PIE,FL,ASO,ES,Towers with Radar,35,18,64,6,123,0,12,159,24,195,35,30,223,30,318,268,2,270,610
03/14/2008,PIE,FL,ASO,ES,Towers with Radar,35,27,103,15,180,0,2,88,15,105,35,29,191,30,285,144,0,144,451
03/15/2008,PIE,FL,ASO,ES,Towers with Radar,24,13,100,5,142,0,5,97,9,111,24,18,197,14,253,180,0,180,456
03/16/2008,PIE,FL,ASO,ES,Towers with Radar,25,19,78,17,139,0,11,129,6,146,26,30,207,23,286,228,0,228,544
03/17/2008,PIE,FL,ASO,ES,Towers with Radar,30,20,89,13,152,0,14,128,27,169,30,34,217,40,321,224,38,262,608
03/18/2008,PIE,FL,ASO,ES,Towers with Radar,28,10,69,22,129,0,6,159,14,179,28,16,228,36,308,188,6,194,532
03/19/2008,PIE,FL,ASO,ES,Towers with Radar,34,18,87,8,147,0,6,104,22,132,34,24,191,30,279,80,2,82,392
03/20/2008,PIE,FL,ASO,ES,Towers with Radar,42,22,125,12,201,0,7,121,17,145,42,29,246,29,346,208,0,208,576
03/21/2008,PIE,FL,ASO,ES,Towers with Radar,31,11,95,7,144,0,13,201,14,228,31,24,296,21,372,314,0,314,714
03/22/2008,PIE,FL,ASO,ES,Towers with Radar,21,15,72,3,111,0,3,99,5,107,21,18,171,8,218,168,0,168,396
03/23/2008,PIE,FL,ASO,ES,Towers with Radar,29,21,56,1,107,0,5,94,8,107,29,26,150,9,214,148,20,168,391
03/24/2008,PIE,FL,ASO,ES,Towers with Radar,29,23,110,5,167,0,3,110,20,133,29,26,220,25,300,126,30,156,475
03/25/2008,PIE,FL,ASO,ES,Towers with Radar,29,10,75,22,136,0,10,154,25,189,29,20,229,47,325,288,8,296,636
03/26/2008,PIE,FL,ASO,ES,Towers with Radar,37,28,89,10,164,0,6,184,20,210,37,34,273,30,374,242,33,275,656
03/27/2008,PIE,FL,ASO,ES,Towers with Radar,37,26,116,10,189,0,11,143,21,175,37,37,259,31,364,326,4,330,717
03/28/2008,PIE,FL,ASO,ES,Towers with Radar,33,20,114,31,198,0,9,162,13,184,33,29,276,44,382,216,0,216,627
03/29/2008,PIE,FL,ASO,ES,Towers with Radar,22,19,87,14,142,0,7,149,18,174,22,26,236,32,316,254,0,254,583
03/30/2008,PIE,FL,ASO,ES,Towers with Radar,31,18,67,16,132,0,7,145,18,170,31,25,212,34,302,224,0,224,547
03/31/2008,PIE,FL,ASO,ES,Towers with Radar,28,18,78,13,137,0,1,93,17,111,28,19,171,30,248,184,4,188,452
04/01/2008,PIE,FL,ASO,ES,Towers with Radar,32,17,83,6,138,0,0,142,35,177,32,17,225,41,315,190,8,198,528
04/02/2008,PIE,FL,ASO,ES,Towers with Radar,35,17,76,5,133,0,5,160,17,182,35,22,236,22,315,266,2,268,610
04/03/2008,PIE,FL,ASO,ES,Towers with Radar,30,10,63,10,113,0,7,151,17,175,30,17,214,27,288,282,16,298,604
04/04/2008,PIE,FL,ASO,ES,Towers with Radar,32,17,87,9,145,0,3,154,16,173,32,21,241,25,319,176,12,188,527
04/05/2008,PIE,FL,ASO,ES,Towers with Radar,21,36,75,8,140,0,7,87,11,105,21,43,162,19,245,158,4,162,417
04/06/2008,PIE,FL,ASO,ES,Towers with Radar,23,27,76,0,126,0,0,71,16,87,23,27,147,16,213,88,0,88,309
04/07/2008,PIE,FL,ASO,ES,Towers with Radar,31,14,135,5,185,0,7,82,13,102,31,21,217,18,287,142,22,164,461
04/08/2008,PIE,FL,ASO,ES,Towers with Radar,30,38,87,9,164,0,10,144,17,171,30,48,231,26,335,346,24,370,728
04/09/2008,PIE,FL,ASO,ES,Towers with Radar,30,15,95,15,155,0,3,126,11,140,30,18,221,26,295,264,12,276,585
04/10/2008,PIE,FL,ASO,ES,Towers with Radar,37,26,94,14,171,0,4,191,21,216,37,30,285,35,387,242,34,276,686
04/11/2008,PIE,FL,ASO,ES,Towers with Radar,29,30,86,21,166,0,30,161,23,214,29,60,247,44,380,188,8,196,586
04/12/2008,PIE,FL,ASO,ES,Towers with Radar,18,17,65,3,103,0,4,147,4,155,18,21,212,7,258,184,2,186,449
04/13/2008,PIE,FL,ASO,ES,Towers with Radar,32,23,77,4,136,0,7,110,9,126,32,30,187,13,262,100,0,100,370
04/14/2008,PIE,FL,ASO,ES,Towers with Radar,26,19,72,12,129,0,4,120,22,146,26,25,192,34,277,92,34,126,417
04/15/2008,PIE,FL,ASO,ES,Towers with Radar,29,16,75,18,138,0,1,97,18,116,29,17,172,36,254,34,20,54,322
04/16/2008,PIE,FL,ASO,ES,Towers with Radar,31,20,55,12,118,0,2,128,18,148,31,22,183,30,266,236,18,254,534
04/17/2008,PIE,FL,ASO,ES,Towers with Radar,31,17,66,7,121,0,4,154,29,187,31,21,220,36,308,242,24,266,592
04/18/2008,PIE,FL,ASO,ES,Towers with Radar,33,21,61,14,129,0,6,201,24,231,33,27,262,38,360,262,2,264,647
04/19/2008,PIE,FL,ASO,ES,Towers with Radar,18,12,51,4,85,0,3,199,10,212,18,15,250,14,297,244,0,244,561
04/20/2008,PIE,FL,ASO,ES,Towers with Radar,29,20,52,9,110,0,12,173,8,193,29,32,225,17,303,160,6,166,488
04/21/2008,PIE,FL,ASO,ES,Towers with Radar,29,7,89,12,137,0,5,143,27,175,29,12,232,39,312,138,18,156,488
04/22/2008,PIE,FL,ASO,ES,Towers with Radar,27,20,65,9,121,0,5,165,26,196,27,25,230,35,317,228,10,238,576
04/23/2008,PIE,FL,ASO,ES,Towers with Radar,32,15,104,6,157,0,6,145,28,179,32,21,249,34,336,192,24,216,561
04/24/2008,PIE,FL,ASO,ES,Towers with Radar,30,16,72,7,125,0,10,125,30,165,30,26,197,37,290,322,8,330,632
04/25/2008,PIE,FL,ASO,ES,Towers with Radar,29,34,91,16,170,0,1,138,13,152,29,35,229,29,322,196,0,196,537
04/26/2008,PIE,FL,ASO,ES,Towers with Radar,18,20,53,2,93,0,4,141,8,153,19,24,194,10,247,260,0,260,526
04/27/2008,PIE,FL,ASO,ES,Towers with Radar,26,20,70,9,125,0,11,175,13,199,26,31,245,22,324,250,6,256,604
04/28/2008,PIE,FL,ASO,ES,Towers with Radar,24,12,63,24,123,0,10,75,18,103,24,22,138,42,226,112,66,178,438
04/29/2008,PIE,FL,ASO,ES,Towers with Radar,27,19,88,25,159,0,6,140,27,173,27,25,228,52,332,204,42,246,603
04/30/2008,PIE,FL,ASO,ES,Towers with Radar,29,11,74,20,134,0,5,169,22,196,29,16,243,42,330,326,34,360,717
05/01/2008,PIE,FL,ASO,ES,Towers with Radar,32,15,72,21,140,0,3,156,42,201,32,18,228,63,341,192,60,252,613
05/02/2008,PIE,FL,ASO,ES,Towers with Radar,24,20,76,18,138,0,5,147,34,186,24,25,223,52,324,164,28,192,538
05/03/2008,PIE,FL,ASO,ES,Towers with Radar,22,13,79,8,122,0,0,133,17,150,22,13,212,25,272,188,2,190,475
05/04/2008,PIE,FL,ASO,ES,Towers with Radar,25,21,52,9,107,0,8,165,18,191,25,29,217,27,298,214,6,220,547
05/05/2008,PIE,FL,ASO,ES,Towers with Radar,22,16,66,5,109,0,12,135,30,177,23,29,201,35,288,132,6,138,444
05/06/2008,PIE,FL,ASO,ES,Towers with Radar,22,10,88,1,121,0,7,154,29,190,23,17,242,30,312,250,0,250,584
05/07/2008,PIE,FL,ASO,ES,Towers with Radar,25,11,82,8,126,0,13,121,22,156,25,24,203,30,282,160,16,176,473
05/08/2008,PIE,FL,ASO,ES,Towers with Radar,29,19,85,18,151,0,4,127,38,169,29,23,212,56,320,146,32,178,513
05/09/2008,PIE,FL,ASO,ES,Towers with Radar,27,16,98,7,148,0,14,115,23,152,27,30,213,30,300,228,10,238,555
05/10/2008,PIE,FL,ASO,ES,Towers with Radar,18,9,99,4,130,0,2,150,6,158,18,11,249,10,288,246,14,260,569
05/11/2008,PIE,FL,ASO,ES,Towers with Radar,28,23,51,2,104,0,3,56,6,65,28,26,107,8,169,38,0,38,216
05/12/2008,PIE,FL,ASO,ES,Towers with Radar,19,23,65,21,128,0,4,127,60,191,19,27,192,81,319,70,100,170,520
05/13/2008,PIE,FL,ASO,ES,Towers with Radar,22,19,100,7,148,0,0,126,38,164,22,20,226,45,313,215,12,227,568
05/14/2008,PIE,FL,ASO,ES,Towers with Radar,28,27,80,26,161,0,5,136,25,166,28,32,216,51,327,170,30,200,545
05/15/2008,PIE,FL,ASO,ES,Towers with Radar,33,22,66,11,132,0,13,151,26,190,33,35,217,37,322,172,18,190,530
05/16/2008,PIE,FL,ASO,ES,Towers with Radar,25,12,72,33,142,0,6,141,8,155,25,18,213,41,297,156,28,184,516
05/17/2008,PIE,FL,ASO,ES,Towers with Radar,17,10,59,9,95,0,0,128,2,130,18,10,187,11,226,106,0,106,346
05/18/2008,PIE,FL,ASO,ES,Towers with Radar,25,19,58,4,106,0,2,108,13,123,25,21,166,17,229,102,0,102,352
05/19/2008,PIE,FL,ASO,ES,Towers with Radar,21,17,92,13,143,0,4,72,20,96,21,21,164,33,239,101,4,105,370
05/20/2008,PIE,FL,ASO,ES,Towers with Radar,25,14,95,22,156,0,2,130,23,155,25,16,225,45,311,110,54,164,494
05/21/2008,PIE,FL,ASO,ES,Towers with Radar,31,12,59,7,109,0,0,125,30,155,31,12,184,37,264,224,8,232,511
05/22/2008,PIE,FL,ASO,ES,Towers with Radar,26,18,99,6,149,0,6,87,36,129,26,24,186,42,278,182,0,182,472
05/23/2008,PIE,FL,ASO,ES,Towers with Radar,28,18,118,10,174,0,7,114,17,138,28,25,232,27,312,194,50,244,569
05/24/2008,PIE,FL,ASO,ES,Towers with Radar,17,7,70,2,96,0,3,161,13,177,17,10,231,15,273,214,0,214,508
05/25/2008,PIE,FL,ASO,ES,Towers with Radar,26,15,67,6,114,0,1,105,1,107,26,16,172,7,221,260,0,260,493
05/26/2008,PIE,FL,ASO,ES,Towers with Radar,17,17,71,9,114,0,3,134,11,148,17,20,205,20,262,228,4,232,511
05/27/2008,PIE,FL,ASO,ES,Towers with Radar,24,6,52,13,95,0,6,181,34,221,24,12,233,47,316,196,20,216,564
05/28/2008,PIE,FL,ASO,ES,Towers with Radar,29,18,97,18,162,0,6,140,25,171,29,24,237,43,333,188,37,225,580
05/29/2008,PIE,FL,ASO,ES,Towers with Radar,27,11,94,10,142,0,5,139,19,163,27,18,233,29,307,238,34,272,599
05/30/2008,PIE,FL,ASO,ES,Towers with Radar,24,19,78,2,123,0,15,144,21,180,25,35,222,23,305,230,2,232,553
05/31/2008,PIE,FL,ASO,ES,Towers with Radar,15,3,37,1,56,0,0,162,5,167,15,3,199,6,223,190,0,190,445
06/01/2008,PIE,FL,ASO,ES,Towers with Radar,26,22,57,3,108,0,0,140,9,149,26,22,197,12,257,178,2,180,445
06/02/2008,PIE,FL,ASO,ES,Towers with Radar,25,13,63,7,108,0,7,104,30,141,25,20,167,37,249,170,22,192,467
06/03/2008,PIE,FL,ASO,ES,Towers with Radar,20,8,85,14,127,0,3,161,29,193,20,11,246,43,320,237,20,257,598
06/04/2008,PIE,FL,ASO,ES,Towers with Radar,27,15,115,5,162,0,11,110,15,136,27,26,225,20,298,165,10,175,498
06/05/2008,PIE,FL,ASO,ES,Towers with Radar,28,16,86,8,138,0,7,134,12,153,28,23,220,20,291,168,0,168,497
06/06/2008,PIE,FL,ASO,ES,Towers with Radar,20,16,79,2,117,0,5,136,9,150,20,21,215,11,267,174,6,180,463
06/07/2008,PIE,FL,ASO,ES,Towers with Radar,17,4,68,4,93,0,0,126,6,132,17,4,194,10,225,246,0,246,488
06/08/2008,PIE,FL,ASO,ES,Towers with Radar,20,11,59,1,91,0,8,104,11,123,20,19,163,12,214,200,0,200,439
06/09/2008,PIE,FL,ASO,ES,Towers with Radar,18,18,55,2,93,0,28,107,17,152,19,46,162,19,246,120,46,166,439
06/10/2008,PIE,FL,ASO,ES,Towers with Radar,20,9,79,5,113,0,10,161,24,195,20,19,240,29,308,184,14,198,533
06/11/2008,PIE,FL,ASO,ES,Towers with Radar,24,26,73,5,128,0,11,131,14,156,25,37,204,19,285,282,24,306,636
06/12/2008,PIE,FL,ASO,ES,Towers with Radar,26,18,76,10,130,0,6,107,34,147,26,24,183,44,277,180,26,206,511
06/13/2008,PIE,FL,ASO,ES,Towers with Radar,20,7,62,17,106,0,2,101,17,120,20,10,163,34,227,170,58,228,478
06/14/2008,PIE,FL,ASO,ES,Towers with Radar,16,6,59,2,83,0,4,189,5,198,17,10,248,7,282,248,0,248,555
06/15/2008,PIE,FL,ASO,ES,Towers with Radar,22,28,42,0,92,0,6,96,4,106,22,34,138,4,198,166,0,166,391
06/16/2008,PIE,FL,ASO,ES,Towers with Radar,20,10,53,1,84,0,4,123,8,135,20,14,176,9,219,134,31,165,405
06/17/2008,PIE,FL,ASO,ES,Towers with Radar,23,14,85,11,133,0,4,131,25,160,23,18,216,36,293,272,26,298,627
06/18/2008,PIE,FL,ASO,ES,Towers with Radar,24,12,66,13,115,0,9,147,20,176,24,22,213,33,292,192,46,238,573
06/19/2008,PIE,FL,ASO,ES,Towers with Radar,28,16,87,25,156,0,4,121,20,145,28,20,208,45,301,154,12,166,495
06/20/2008,PIE,FL,ASO,ES,Towers with Radar,20,11,49,6,86,0,7,123,18,148,20,18,172,24,234,230,22,252,511
06/21/2008,PIE,FL,ASO,ES,Towers with Radar,12,7,24,1,44,0,1,39,14,54,13,8,63,15,99,66,0,66,176
06/22/2008,PIE,FL,ASO,ES,Towers with Radar,25,9,34,0,68,0,10,44,2,56,26,19,78,2,125,86,0,86,219
06/23/2008,PIE,FL,ASO,ES,Towers with Radar,20,18,54,10,102,0,0,142,24,166,20,18,196,34,268,162,8,170,454
06/24/2008,PIE,FL,ASO,ES,Towers with Radar,24,10,46,7,87,0,11,124,17,152,24,21,170,24,239,184,16,200,471
06/25/2008,PIE,FL,ASO,ES,Towers with Radar,28,10,50,8,96,0,5,93,8,106,28,15,143,16,202,260,12,272,485
06/26/2008,PIE,FL,ASO,ES,Towers with Radar,26,16,74,9,125,0,3,76,14,93,26,19,150,23,218,62,0,62,291
06/27/2008,PIE,FL,ASO,ES,Towers with Radar,20,25,61,12,118,0,10,144,17,171,20,35,205,29,289,244,22,266,559
06/28/2008,PIE,FL,ASO,ES,Towers with Radar,16,17,79,6,118,0,8,161,13,182,16,25,240,19,300,212,0,212,537
06/29/2008,PIE,FL,ASO,ES,Towers with Radar,24,18,64,5,111,0,7,180,11,198,24,25,244,16,309,104,2,106,437
06/30/2008,PIE,FL,ASO,ES,Towers with Radar,19,10,50,6,85,0,3,140,24,167,19,13,190,30,252,102,10,112,388
07/01/2008,PIE,FL,ASO,ES,Towers with Radar,25,30,49,4,108,0,9,28,10,47,25,39,77,14,155,34,6,40,195
07/02/2008,PIE,FL,ASO,ES,Towers with Radar,31,21,62,7,121,0,3,91,20,114,31,24,153,27,235,176,12,188,423
07/03/2008,PIE,FL,ASO,ES,Towers with Radar,24,18,57,7,106,0,8,103,9,120,24,26,160,16,226,172,50,222,448
07/04/2008,PIE,FL,ASO,ES,Towers with Radar,18,19,48,1,86,0,3,65,8,76,18,22,113,9,162,68,2,70,232
07/05/2008,PIE,FL,ASO,ES,Towers with Radar,14,12,32,5,63,0,4,196,11,211,14,16,228,16,274,128,0,128,402
07/06/2008,PIE,FL,ASO,ES,Towers with Radar,21,12,59,4,96,0,5,159,1,165,21,17,218,5,261,42,0,42,303
07/07/2008,PIE,FL,ASO,ES,Towers with Radar,22,13,63,6,104,0,5,91,19,115,22,18,154,25,219,120,36,156,375
07/08/2008,PIE,FL,ASO,ES,Towers with Radar,22,15,65,5,107,0,11,129,37,177,22,26,194,42,284,124,30,154,438
07/09/2008,PIE,FL,ASO,ES,Towers with Radar,28,12,72,8,120,0,8,110,23,141,28,20,182,31,261,208,32,240,501
07/10/2008,PIE,FL,ASO,ES,Towers with Radar,26,24,68,18,136,0,7,151,43,201,26,31,219,61,337,112,60,172,509
07/11/2008,PIE,FL,ASO,ES,Towers with Radar,22,14,45,21,102,0,1,126,37,164,22,15,171,58,266,180,56,236,502
07/12/2008,PIE,FL,ASO,ES,Towers with Radar,15,10,32,5,62,0,0,78,14,92,15,10,110,19,154,144,4,148,302
07/13/2008,PIE,FL,ASO,ES,Towers with Radar,22,15,71,2,110,0,4,137,9,150,22,19,208,11,260,82,32,114,374
07/14/2008,PIE,FL,ASO,ES,Towers with Radar,19,24,55,4,102,0,1,84,13,98,19,25,139,17,200,144,12,156,356
07/15/2008,PIE,FL,ASO,ES,Towers with Radar,22,13,55,2,92,0,2,58,7,67,22,15,113,9,159,96,0,96,255
07/16/2008,PIE,FL,ASO,ES,Towers with Radar,26,24,47,10,107,0,0,36,4,40,26,24,83,14,147,66,24,90,237
07/17/2008,PIE,FL,ASO,ES,Towers with Radar,28,29,78,2,137,0,8,83,24,115,28,37,161,26,252,194,36,230,482
07/18/2008,PIE,FL,ASO,ES,Towers with Radar,22,14,102,10,148,0,7,126,20,153,22,21,228,30,301,206,24,230,531
07/19/2008,PIE,FL,ASO,ES,Towers with Radar,15,13,69,1,98,0,0,142,4,146,15,13,211,5,244,262,0,262,506
07/20/2008,PIE,FL,ASO,ES,Towers with Radar,22,25,46,2,95,0,7,156,1,164,22,32,202,3,259,210,0,210,469
07/21/2008,PIE,FL,ASO,ES,Towers with Radar,22,9,64,8,103,0,2,129,20,151,22,11,193,28,254,136,56,192,446
07/22/2008,PIE,FL,ASO,ES,Towers with Radar,22,10,81,11,124,0,4,92,27,123,22,14,173,38,247,108,26,134,381
07/23/2008,PIE,FL,ASO,ES,Towers with Radar,29,12,66,13,120,0,0,79,11,90,29,12,145,24,210,104,20,124,334
07/24/2008,PIE,FL,ASO,ES,Towers with Radar,27,16,92,17,152,0,6,29,14,49,27,22,121,31,201,154,38,192,393
07/25/2008,PIE,FL,ASO,ES,Towers with Radar,23,12,89,6,130,0,14,95,13,122,23,26,184,19,252,134,0,134,386
07/26/2008,PIE,FL,ASO,ES,Towers with Radar,18,1,37,1,57,0,3,129,11,143,18,4,166,12,200,204,4,208,408
07/27/2008,PIE,FL,ASO,ES,Towers with Radar,20,4,38,3,65,0,5,101,4,110,20,9,139,7,175,102,18,120,295
07/28/2008,PIE,FL,ASO,ES,Towers with Radar,19,13,44,5,81,0,2,101,4,107,19,15,145,9,188,116,8,124,312
07/29/2008,PIE,FL,ASO,ES,Towers with Radar,22,9,53,7,91,0,4,114,18,136,22,13,167,25,227,206,37,243,470
07/30/2008,PIE,FL,ASO,ES,Towers with Radar,30,15,59,9,113,0,1,51,14,66,30,16,110,23,179,48,20,68,247
07/31/2008,PIE,FL,ASO,ES,Towers with Radar,26,12,50,14,102,0,7,78,9,94,26,19,128,23,196,148,14,162,358
08/01/2008,PIE,FL,ASO,ES,Towers with Radar,24,15,63,2,104,0,8,78,5,91,24,23,141,7,195,118,0,118,313
08/02/2008,PIE,FL,ASO,ES,Towers with Radar,17,7,97,1,122,0,1,98,7,106,17,8,195,8,228,254,2,256,484
08/03/2008,PIE,FL,ASO,ES,Towers with Radar,25,14,41,2,82,1,7,148,7,163,26,21,189,9,245,114,8,122,367
08/04/2008,PIE,FL,ASO,ES,Towers with Radar,19,9,50,14,92,0,16,73,15,104,19,25,123,29,196,194,0,194,390
08/05/2008,PIE,FL,ASO,ES,Towers with Radar,20,15,42,14,91,0,8,84,27,119,20,23,126,41,210,110,18,128,338
08/06/2008,PIE,FL,ASO,ES,Towers with Radar,31,22,67,7,127,0,9,100,14,123,31,31,167,21,250,134,40,174,424
08/07/2008,PIE,FL,ASO,ES,Towers with Radar,24,13,65,8,110,0,13,125,27,165,24,26,190,35,275,218,58,276,551
08/08/2008,PIE,FL,ASO,ES,Towers with Radar,21,5,86,29,141,0,9,84,23,116,21,14,170,52,257,148,46,194,451
08/09/2008,PIE,FL,ASO,ES,Towers with Radar,15,12,47,3,77,0,4,131,8,143,15,16,178,11,220,244,14,258,478
08/10/2008,PIE,FL,ASO,ES,Towers with Radar,21,7,25,5,58,0,8,127,5,140,21,15,152,10,198,234,0,234,432
08/11/2008,PIE,FL,ASO,ES,Towers with Radar,20,10,45,8,83,0,5,150,17,172,20,15,195,25,255,224,24,248,503
08/12/2008,PIE,FL,ASO,ES,Towers with Radar,21,3,61,5,90,0,0,82,17,99,21,3,143,22,189,96,14,110,299
08/13/2008,PIE,FL,ASO,ES,Towers with Radar,25,11,45,17,98,0,0,64,10,74,25,11,109,27,172,70,56,126,298
08/14/2008,PIE,FL,ASO,ES,Towers with Radar,26,11,29,11,77,0,1,13,8,22,26,12,42,19,99,16,14,30,129
08/15/2008,PIE,FL,ASO,ES,Towers with Radar,18,6,51,13,88,0,5,94,13,112,18,11,145,26,200,156,0,156,356
08/16/2008,PIE,FL,ASO,ES,Towers with Radar,15,13,42,4,74,0,0,86,7,93,15,13,128,11,167,226,0,226,393
08/17/2008,PIE,FL,ASO,ES,Towers with Radar,22,13,79,7,121,0,8,158,11,177,22,21,237,18,298,224,4,228,526
08/18/2008,PIE,FL,ASO,ES,Towers with Radar,14,13,54,14,95,0,3,131,28,162,14,16,185,42,257,144,10,154,411
08/19/2008,PIE,FL,ASO,ES,Towers with Radar,7,1,3,3,14,0,1,4,12,17,7,2,7,15,31,6,0,6,37
08/20/2008,PIE,FL,ASO,ES,Towers with Radar,27,9,47,13,96,0,3,45,21,69,27,12,92,34,165,46,32,78,243
08/21/2008,PIE,FL,ASO,ES,Towers with Radar,15,9,28,6,58,0,2,25,16,43,15,11,53,22,101,124,22,146,247
08/22/2008,PIE,FL,ASO,ES,Towers with Radar,12,11,31,3,57,0,1,6,11,18,12,12,37,14,75,28,0,28,103
08/23/2008,PIE,FL,ASO,ES,Towers with Radar,7,2,23,18,50,0,1,59,18,78,7,3,82,36,128,126,10,136,264
08/24/2008,PIE,FL,ASO,ES,Towers with Radar,14,10,56,12,92,0,2,76,8,86,14,12,132,20,178,176,16,192,370
08/25/2008,PIE,FL,ASO,ES,Towers with Radar,6,11,80,11,108,0,9,144,23,176,6,20,224,34,284,206,100,306,590
08/26/2008,PIE,FL,ASO,ES,Towers with Radar,7,9,71,12,99,0,5,125,31,161,7,14,196,43,260,238,6,244,504
08/27/2008,PIE,FL,ASO,ES,Towers with Radar,14,11,75,21,121,0,6,111,23,140,14,17,186,44,261,172,74,246,507
08/28/2008,PIE,FL,ASO,ES,Towers with Radar,12,16,107,10,145,0,7,114,13,134,12,23,221,23,279,128,22,150,429
08/29/2008,PIE,FL,ASO,ES,Towers with Radar,10,15,59,6,90,0,8,112,6,126,10,23,171,12,216,162,18,180,396
08/30/2008,PIE,FL,ASO,ES,Towers with Radar,3,2,44,2,51,0,0,32,6,38,3,2,76,8,89,98,0,98,187
08/31/2008,PIE,FL,ASO,ES,Towers with Radar,11,7,10,3,31,1,1,12,9,23,12,8,22,12,54,22,0,22,76
09/01/2008,PIE,FL,ASO,ES,Towers with Radar,0,13,64,2,79,0,5,70,0,75,0,18,134,2,154,188,0,188,342
09/02/2008,PIE,FL,ASO,ES,Towers with Radar,7,12,69,11,99,0,10,131,25,166,7,22,200,36,265,160,16,176,441
09/03/2008,PIE,FL,ASO,ES,Towers with Radar,12,11,55,9,87,0,7,104,23,134,12,18,159,32,221,188,40,228,449
09/04/2008,PIE,FL,ASO,ES,Towers with Radar,14,9,94,9,126,0,7,123,28,158,14,16,217,37,284,168,12,180,464
09/05/2008,PIE,FL,ASO,ES,Towers with Radar,6,8,65,17,96,0,2,88,25,115,6,10,153,42,211,134,36,170,381
09/06/2008,PIE,FL,ASO,ES,Towers with Radar,3,15,52,7,77,0,4,120,45,169,3,19,172,52,246,218,2,220,466
09/07/2008,PIE,FL,ASO,ES,Towers with Radar,6,8,57,11,82,0,3,96,14,113,6,11,153,25,195,126,10,136,331
09/08/2008,PIE,FL,ASO,ES,Towers with Radar,4,9,60,6,79,0,0,103,30,133,4,9,163,36,212,154,34,188,400
09/09/2008,PIE,FL,ASO,ES,Towers with Radar,7,8,72,9,96,1,3,66,17,87,8,11,138,26,183,65,12,77,260
09/10/2008,PIE,FL,ASO,ES,Towers with Radar,12,12,54,10,88,0,8,33,21,62,12,20,87,31,150,48,14,62,212
09/11/2008,PIE,FL,ASO,ES,Towers with Radar,10,10,38,9,67,0,4,67,13,84,10,14,105,22,151,63,10,73,224
09/12/2008,PIE,FL,ASO,ES,Towers with Radar,6,11,64,4,85,0,3,74,11,88,6,14,138,15,173,140,0,140,313
09/13/2008,PIE,FL,ASO,ES,Towers with Radar,1,2,55,1,59,0,0,157,5,162,1,2,212,6,221,294,4,298,519
09/14/2008,PIE,FL,ASO,ES,Towers with Radar,8,6,41,6,61,0,3,103,2,108,8,9,144,8,169,100,2,102,271
09/15/2008,PIE,FL,ASO,ES,Towers with Radar,5,9,52,9,75,0,1,90,11,102,5,10,142,20,177,92,0,92,269
09/16/2008,PIE,FL,ASO,ES,Towers with Radar,8,11,72,33,124,0,11,137,17,165,8,22,209,50,289,216,28,244,533
09/17/2008,PIE,FL,ASO,ES,Towers with Radar,12,13,77,13,115,0,4,92,21,117,12,17,169,34,232,206,16,222,454
09/18/2008,PIE,FL,ASO,ES,Towers with Radar,9,19,56,14,98,0,7,128,23,158,9,26,184,37,256,142,38,180,436
09/19/2008,PIE,FL,ASO,ES,Towers with Radar,8,19,86,7,120,0,7,103,10,120,8,26,189,17,240,166,0,166,406
09/20/2008,PIE,FL,ASO,ES,Towers with Radar,1,16,33,3,53,0,2,143,7,152,1,18,176,10,205,234,0,234,439
09/21/2008,PIE,FL,ASO,ES,Towers with Radar,9,12,58,10,89,0,3,106,4,113,9,15,164,14,202,38,4,42,244
09/22/2008,PIE,FL,ASO,ES,Towers with Radar,5,7,50,10,72,2,41,23,0,66,7,48,73,10,138,66,26,92,230
09/23/2008,PIE,FL,ASO,ES,Towers with Radar,6,17,58,7,88,0,1,67,29,97,6,18,125,36,185,126,10,136,321
09/24/2008,PIE,FL,ASO,ES,Towers with Radar,11,12,46,4,73,0,0,100,15,115,11,12,146,19,188,112,10,122,310
09/25/2008,PIE,FL,ASO,ES,Towers with Radar,10,10,65,7,92,1,7,114,14,136,11,17,179,21,228,166,6,172,400
09/26/2008,PIE,FL,ASO,ES,Towers with Radar,9,12,96,2,119,4,114,9,0,127,13,126,105,2,246,166,24,190,436
09/27/2008,PIE,FL,ASO,ES,Towers with Radar,1,13,51,1,66,0,5,146,4,155,1,18,197,5,221,256,0,256,477
09/28/2008,PIE,FL,ASO,ES,Towers with Radar,8,22,90,2,122,0,4,67,1,72,8,26,157,3,194,82,0,82,276
09/29/2008,PIE,FL,ASO,ES,Towers with Radar,7,14,44,8,73,0,4,84,14,102,7,18,128,22,175,180,44,224,399
09/30/2008,PIE,FL,ASO,ES,Towers with Radar,6,37,67,7,117,0,21,119,21,161,6,58,186,28,278,174,70,244,522
10/01/2008,PIE,FL,ASO,ES,Towers with Radar,12,41,47,14,114,0,32,114,24,170,12,73,161,38,284,123,58,181,465
10/02/2008,PIE,FL,ASO,ES,Towers with Radar,12,46,63,13,134,0,35,142,20,197,12,81,205,33,331,202,32,234,565
10/03/2008,PIE,FL,ASO,ES,Towers with Radar,13,19,105,13,150,0,6,119,28,153,13,25,224,41,303,154,22,176,479
10/04/2008,PIE,FL,ASO,ES,Towers with Radar,1,14,77,3,95,0,6,110,14,130,1,20,187,17,225,250,0,250,475
10/05/2008,PIE,FL,ASO,ES,Towers with Radar,6,19,82,8,115,0,7,77,12,96,6,26,159,20,211,62,8,70,281
10/06/2008,PIE,FL,ASO,ES,Towers with Radar,8,16,41,4,69,0,10,39,15,64,8,26,80,19,133,72,20,92,225
10/07/2008,PIE,FL,ASO,ES,Towers with Radar,8,33,87,8,136,0,29,68,33,130,8,62,155,41,266,106,28,134,400
10/08/2008,PIE,FL,ASO,ES,Towers with Radar,13,27,44,22,106,0,24,69,37,130,13,51,113,59,236,226,44,270,506
10/09/2008,PIE,FL,ASO,ES,Towers with Radar,13,22,74,15,124,0,7,83,22,112,13,29,157,37,236,138,4,142,378
10/10/2008,PIE,FL,ASO,ES,Towers with Radar,10,20,74,4,108,0,8,124,20,152,10,28,198,24,260,240,18,258,518
10/11/2008,PIE,FL,ASO,ES,Towers with Radar,1,15,59,2,77,0,3,106,1,110,1,18,165,3,187,102,2,104,291
10/12/2008,PIE,FL,ASO,ES,Towers with Radar,10,18,69,5,102,0,2,64,6,72,10,20,133,11,174,152,0,152,326
10/13/2008,PIE,FL,ASO,ES,Towers with Radar,7,12,82,2,103,0,3,89,3,95,7,15,171,5,198,148,2,150,348
10/14/2008,PIE,FL,ASO,ES,Towers with Radar,6,21,65,19,111,0,2,104,23,129,6,23,169,42,240,96,14,110,350
10/15/2008,PIE,FL,ASO,ES,Towers with Radar,14,30,67,11,122,0,16,112,23,151,14,46,179,34,273,76,46,122,395
10/16/2008,PIE,FL,ASO,ES,Towers with Radar,12,23,87,11,133,0,25,116,33,174,12,48,203,44,307,152,34,186,493
10/17/2008,PIE,FL,ASO,ES,Towers with Radar,9,15,83,6,113,0,6,108,27,141,9,21,191,33,254,182,6,188,442
10/18/2008,PIE,FL,ASO,ES,Towers with Radar,3,18,56,13,90,0,0,123,7,130,3,18,179,20,220,194,12,206,426
10/19/2008,PIE,FL,ASO,ES,Towers with Radar,11,20,69,6,106,0,5,140,21,166,11,25,209,27,272,100,0,100,372
10/20/2008,PIE,FL,ASO,ES,Towers with Radar,11,10,85,12,118,0,3,132,25,160,11,13,217,37,278,140,24,164,442
10/21/2008,PIE,FL,ASO,ES,Towers with Radar,5,12,62,10,89,1,8,145,23,177,6,20,207,33,266,160,8,168,434
10/22/2008,PIE,FL,ASO,ES,Towers with Radar,15,20,101,7,143,0,7,102,22,131,15,27,203,29,274,126,12,138,412
10/23/2008,PIE,FL,ASO,ES,Towers with Radar,13,41,81,5,140,0,9,84,14,107,13,50,165,19,247,88,10,98,345
10/24/2008,PIE,FL,ASO,ES,Towers with Radar,10,25,100,19,154,0,1,47,10,58,10,26,147,29,212,64,12,76,288
10/25/2008,PIE,FL,ASO,ES,Towers with Radar,3,12,56,3,74,0,2,121,6,129,3,14,177,9,203,134,6,140,343
10/26/2008,PIE,FL,ASO,ES,Towers with Radar,10,14,75,2,101,0,7,138,8,153,10,21,213,10,254,104,6,110,364
10/27/2008,PIE,FL,ASO,ES,Towers with Radar,7,20,44,17,88,0,18,99,30,147,7,38,143,47,235,104,34,138,373
10/28/2008,PIE,FL,ASO,ES,Towers with Radar,6,23,67,12,108,0,28,78,26,132,6,51,145,38,240,44,24,68,308
10/29/2008,PIE,FL,ASO,ES,Towers with Radar,15,25,84,8,132,0,6,129,24,159,15,31,213,32,291,222,28,250,541
10/30/2008,PIE,FL,ASO,ES,Towers with Radar,12,24,80,13,129,1,19,126,16,162,13,43,206,29,291,232,4,236,527
10/31/2008,PIE,FL,ASO,ES,Towers with Radar,8,37,71,16,132,0,16,94,25,135,8,53,165,41,267,128,16,144,411
11/01/2008,PIE,FL,ASO,ES,Towers with Radar,3,15,70,11,99,0,1,104,23,128,3,16,174,34,227,110,10,120,347
11/02/2008,PIE,FL,ASO,ES,Towers with Radar,8,9,51,5,73,0,2,129,9,140,8,11,180,14,213,162,0,162,375
11/03/2008,PIE,FL,ASO,ES,Towers with Radar,11,4,67,9,91,0,3,117,28,148,11,7,184,37,239,77,84,161,400
11/04/2008,PIE,FL,ASO,ES,Towers with Radar,8,22,105,13,148,0,9,28,27,64,8,31,133,40,212,64,28,92,304
11/05/2008,PIE,FL,ASO,ES,Towers with Radar,16,10,109,13,148,0,9,99,17,125,16,19,208,30,273,72,36,108,381
11/06/2008,PIE,FL,ASO,ES,Towers with Radar,11,15,116,15,157,2,16,116,19,153,13,31,232,34,310,160,12,172,482
11/07/2008,PIE,FL,ASO,ES,Towers with Radar,16,11,98,7,132,0,11,125,17,153,16,22,223,24,285,180,2,182,467
11/08/2008,PIE,FL,ASO,ES,Towers with Radar,4,13,69,3,89,0,2,174,14,190,4,15,243,17,279,228,10,238,517
11/09/2008,PIE,FL,ASO,ES,Towers with Radar,8,13,60,8,89,0,11,132,9,152,8,24,192,17,241,136,0,136,377
11/10/2008,PIE,FL,ASO,ES,Towers with Radar,15,19,58,6,98,0,20,110,23,153,15,39,168,29,251,88,12,100,351
11/11/2008,PIE,FL,ASO,ES,Towers with Radar,8,23,86,5,122,0,11,139,17,167,8,34,225,22,289,144,24,168,457
11/12/2008,PIE,FL,ASO,ES,Towers with Radar,16,24,98,15,153,0,14,122,32,168,16,38,220,47,321,110,54,164,485
11/13/2008,PIE,FL,ASO,ES,Towers with Radar,12,30,112,16,170,0,34,89,23,146,12,64,201,39,316,96,46,142,458
11/14/2008,PIE,FL,ASO,ES,Towers with Radar,15,18,85,10,128,0,2,69,12,83,15,20,154,22,211,48,98,146,357
11/15/2008,PIE,FL,ASO,ES,Towers with Radar,9,10,56,7,82,0,1,70,9,80,9,11,126,16,162,90,18,108,270
11/16/2008,PIE,FL,ASO,ES,Towers with Radar,9,11,50,3,73,0,9,130,7,146,9,20,180,10,219,50,16,66,285
11/17/2008,PIE,FL,ASO,ES,Towers with Radar,19,17,44,6,86,0,3,98,16,117,19,20,142,22,203,148,58,206,409
11/18/2008,PIE,FL,ASO,ES,Towers with Radar,14,22,68,6,110,0,27,65,16,108,14,49,133,22,218,74,16,90,308
11/19/2008,PIE,FL,ASO,ES,Towers with Radar,18,31,49,12,110,0,12,73,27,112,18,43,122,39,222,34,11,45,267
11/20/2008,PIE,FL,ASO,ES,Towers with Radar,17,21,97,17,152,0,30,93,18,141,17,51,190,35,293,138,2,140,433
11/21/2008,PIE,FL,ASO,ES,Towers with Radar,18,22,69,16,125,0,35,101,40,176,18,57,170,56,301,111,30,141,442
11/22/2008,PIE,FL,ASO,ES,Towers with Radar,10,23,63,6,102,0,11,99,7,117,10,34,162,13,219,150,0,150,369
11/23/2008,PIE,FL,ASO,ES,Towers with Radar,12,9,54,10,85,0,2,140,10,152,12,11,194,20,237,126,0,126,363
11/24/2008,PIE,FL,ASO,ES,Towers with Radar,22,10,45,8,85,0,5,92,36,133,22,15,137,44,218,172,26,198,416
11/25/2008,PIE,FL,ASO,ES,Towers with Radar,23,23,82,10,138,0,5,128,33,166,23,28,210,43,304,112,48,160,464
11/26/2008,PIE,FL,ASO,ES,Towers with Radar,23,19,93,6,141,0,8,103,9,120,23,27,196,15,261,118,51,169,430
11/27/2008,PIE,FL,ASO,ES,Towers with Radar,14,6,31,1,52,0,6,67,0,73,14,12,98,1,125,28,0,28,153
11/28/2008,PIE,FL,ASO,ES,Towers with Radar,19,15,62,6,102,0,7,115,15,137,19,22,177,21,239,122,0,122,361
11/29/2008,PIE,FL,ASO,ES,Towers with Radar,21,18,48,1,88,0,1,89,2,92,21,19,137,3,180,186,4,190,370
11/30/2008,PIE,FL,ASO,ES,Towers with Radar,21,26,51,4,102,0,2,13,6,21,21,28,64,10,123,0,0,0,123
12/01/2008,PIE,FL,ASO,ES,Towers with Radar,21,6,72,10,109,0,3,82,29,114,21,9,154,39,223,106,14,120,343
12/02/2008,PIE,FL,ASO,ES,Towers with Radar,16,5,56,10,87,0,0,99,34,133,16,5,155,44,220,114,8,122,342
12/03/2008,PIE,FL,ASO,ES,Towers with Radar,16,8,77,14,115,0,7,104,31,142,16,15,181,45,257,136,42,178,435
12/04/2008,PIE,FL,ASO,ES,Towers with Radar,18,8,64,16,106,0,3,113,31,147,18,11,177,47,253,170,22,192,445
12/05/2008,PIE,FL,ASO,ES,Towers with Radar,20,8,90,13,131,0,3,111,29,143,20,11,201,42,274,194,32,226,500
12/06/2008,PIE,FL,ASO,ES,Towers with Radar,12,12,69,1,94,0,4,123,12,139,12,16,192,13,233,138,2,140,373
12/07/2008,PIE,FL,ASO,ES,Towers with Radar,13,9,82,6,110,0,3,143,5,151,13,12,225,11,261,102,5,107,368
12/08/2008,PIE,FL,ASO,ES,Towers with Radar,21,11,74,5,111,0,3,79,29,111,21,14,153,34,222,176,22,198,420
12/09/2008,PIE,FL,ASO,ES,Towers with Radar,18,11,74,15,118,1,6,74,20,101,19,17,148,35,219,104,32,136,355
12/10/2008,PIE,FL,ASO,ES,Towers with Radar,17,16,87,28,148,0,28,72,28,128,17,44,159,56,276,106,56,162,438
12/11/2008,PIE,FL,ASO,ES,Towers with Radar,18,20,47,20,105,0,7,29,26,62,18,27,76,46,167,28,30,58,225
12/12/2008,PIE,FL,ASO,ES,Towers with Radar,20,19,87,27,153,0,3,58,30,91,20,22,145,57,244,36,42,78,322
12/13/2008,PIE,FL,ASO,ES,Towers with Radar,9,20,64,2,95,0,14,122,4,140,9,34,186,6,235,180,4,184,419
12/14/2008,PIE,FL,ASO,ES,Towers with Radar,12,7,45,9,73,0,5,66,18,89,12,12,111,27,162,148,42,190,352
12/15/2008,PIE,FL,ASO,ES,Towers with Radar,21,16,61,10,108,0,13,67,13,93,21,29,128,23,201,126,20,146,347
12/16/2008,PIE,FL,ASO,ES,Towers with Radar,22,22,56,10,110,0,10,83,29,122,22,32,139,39,232,128,16,144,376
12/17/2008,PIE,FL,ASO,ES,Towers with Radar,17,22,71,20,130,0,5,96,22,123,17,27,167,42,253,116,22,138,391
12/18/2008,PIE,FL,ASO,ES,Towers with Radar,28,35,93,4,160,3,44,91,9,147,31,79,184,13,307,110,14,124,431
12/19/2008,PIE,FL,ASO,ES,Towers with Radar,26,17,58,9,110,0,8,105,14,127,26,25,163,23,237,110,24,134,371
12/20/2008,PIE,FL,ASO,ES,Towers with Radar,24,29,59,6,118,0,22,92,1,115,24,51,151,7,233,140,0,140,373
12/21/2008,PIE,FL,ASO,ES,Towers with Radar,22,15,22,5,64,0,18,52,1,71,22,33,74,6,135,116,0,116,251
12/22/2008,PIE,FL,ASO,ES,Towers with Radar,29,7,59,11,106,0,3,107,17,127,29,10,166,28,233,58,16,74,307
12/23/2008,PIE,FL,ASO,ES,Towers with Radar,33,11,61,2,107,0,6,144,12,162,33,17,205,14,269,142,14,156,425
12/24/2008,PIE,FL,ASO,ES,Towers with Radar,26,12,54,2,94,0,5,88,4,97,26,17,142,6,191,62,28,90,281
12/25/2008,PIE,FL,ASO,ES,Towers with Radar,14,7,27,2,50,0,0,29,3,32,14,7,56,5,82,16,0,16,98
12/26/2008,PIE,FL,ASO,ES,Towers with Radar,29,14,86,4,133,1,6,127,4,138,30,20,213,8,271,98,0,98,369
12/27/2008,PIE,FL,ASO,ES,Towers with Radar,21,10,65,2,98,0,0,108,1,109,21,10,173,3,207,102,0,102,309
12/28/2008,PIE,FL,ASO,ES,Towers with Radar,23,11,42,3,79,0,5,106,9,120,23,16,148,12,199,92,0,92,291
12/29/2008,PIE,FL,ASO,ES,Towers with Radar,28,7,48,4,87,0,9,99,8,116,28,16,147,12,203,88,0,88,291
12/30/2008,PIE,FL,ASO,ES,Towers with Radar,32,29,77,7,145,0,6,115,8,129,32,35,192,15,274,164,12,176,450
12/31/2008,PIE,FL,ASO,ES,Towers with Radar,17,14,43,1,75,0,7,108,0,115,17,21,151,1,190,90,1,91,281
01/01/2009,PIE,FL,ASO,ES,Towers with Radar,15,6,35,4,60,0,0,56,6,62,15,6,91,10,122,52,0,52,174
01/02/2009,PIE,FL,ASO,ES,Towers with Radar,30,15,53,3,101,0,9,107,11,127,30,24,160,14,228,270,0,270,498
01/03/2009,PIE,FL,ASO,ES,Towers with Radar,15,19,65,2,101,0,1,124,10,135,15,20,189,12,236,84,0,84,320
01/04/2009,PIE,FL,ASO,ES,Towers with Radar,24,19,62,3,108,0,7,86,4,97,24,26,148,7,205,138,2,140,345
01/05/2009,PIE,FL,ASO,ES,Towers with Radar,22,13,76,1,112,0,1,94,5,100,22,14,170,6,212,152,0,152,364
01/06/2009,PIE,FL,ASO,ES,Towers with Radar,18,8,54,12,92,0,1,90,25,116,18,9,144,37,208,136,14,150,358
01/07/2009,PIE,FL,ASO,ES,Towers with Radar,21,20,31,7,79,0,10,57,21,88,21,30,88,28,167,38,8,46,213
01/08/2009,PIE,FL,ASO,ES,Towers with Radar,21,32,55,9,117,0,9,141,21,171,21,41,196,30,288,186,10,196,484
01/09/2009,PIE,FL,ASO,ES,Towers with Radar,26,31,53,6,116,0,15,154,22,191,26,46,207,28,307,224,12,236,543
01/10/2009,PIE,FL,ASO,ES,Towers with Radar,11,17,85,4,117,0,3,132,9,144,11,20,217,13,261,148,0,148,409
01/11/2009,PIE,FL,ASO,ES,Towers with Radar,14,15,57,15,101,0,2,54,12,68,14,17,111,27,169,90,0,90,259
01/12/2009,PIE,FL,ASO,ES,Towers with Radar,24,16,50,12,102,0,2,23,11,36,24,18,73,23,138,38,2,40,178
01/13/2009,PIE,FL,ASO,ES,Towers with Radar,21,17,34,6,78,0,2,16,21,39,21,19,50,27,117,26,24,50,167
01/14/2009,PIE,FL,ASO,ES,Towers with Radar,22,17,88,19,146,0,20,128,23,171,22,37,216,42,317,178,46,224,541
01/15/2009,PIE,FL,ASO,ES,Towers with Radar,24,12,60,7,103,0,7,85,22,114,24,19,145,29,217,168,16,184,401
01/16/2009,PIE,FL,ASO,ES,Towers with Radar,26,14,89,4,133,0,9,107,24,140,26,23,196,28,273,170,48,218,491
01/17/2009,PIE,FL,ASO,ES,Towers with Radar,15,23,46,4,88,0,8,155,7,170,15,31,201,11,258,164,16,180,438
01/18/2009,PIE,FL,ASO,ES,Towers with Radar,16,12,37,2,67,0,7,120,1,128,16,19,157,3,195,192,0,192,387
01/19/2009,PIE,FL,ASO,ES,Towers with Radar,23,7,54,3,87,0,8,79,6,93,23,15,133,9,180,112,6,118,298
01/20/2009,PIE,FL,ASO,ES,Towers with Radar,17,16,54,10,97,0,10,60,28,98,17,26,114,38,195,62,12,74,269
01/21/2009,PIE,FL,ASO,ES,Towers with Radar,22,12,73,16,123,0,3,84,22,109,22,15,157,38,232,56,32,88,320
01/22/2009,PIE,FL,ASO,ES,Towers with Radar,22,13,77,13,125,0,2,86,19,107,22,15,163,32,232,133,20,153,385
01/23/2009,PIE,FL,ASO,ES,Towers with Radar,24,9,84,10,127,0,5,119,29,153,24,14,203,39,280,194,2,196,476
01/24/2009,PIE,FL,ASO,ES,Towers with Radar,13,7,44,11,75,0,1,143,23,167,13,8,187,34,242,258,8,266,508
01/25/2009,PIE,FL,ASO,ES,Towers with Radar,14,14,57,10,95,0,6,165,17,188,14,20,222,27,283,156,0,156,439
01/26/2009,PIE,FL,ASO,ES,Towers with Radar,25,9,95,10,139,0,8,95,22,125,25,17,190,32,264,128,22,150,414
01/27/2009,PIE,FL,ASO,ES,Towers with Radar,9,18,62,12,101,0,4,84,42,130,9,22,146,54,231,145,16,161,392
01/28/2009,PIE,FL,ASO,ES,Towers with Radar,23,17,53,8,101,0,3,91,30,124,23,20,144,38,225,148,18,166,391
01/29/2009,PIE,FL,ASO,ES,Towers with Radar,33,19,104,14,170,0,2,14,10,26,33,21,118,24,196,12,6,18,214
01/30/2009,PIE,FL,ASO,ES,Towers with Radar,28,43,92,8,171,0,2,51,29,82,28,45,143,37,253,16,12,28,281
01/31/2009,PIE,FL,ASO,ES,Towers with Radar,16,33,67,2,118,0,0,141,5,146,16,33,208,7,264,136,2,138,402
02/01/2009,PIE,FL,ASO,ES,Towers with Radar,15,67,98,8,188,0,5,37,7,49,15,72,135,15,237,4,6,10,247
02/02/2009,PIE,FL,ASO,ES,Towers with Radar,3,55,158,16,232,0,23,27,0,50,3,78,185,16,282,0,8,8,290
02/03/2009,PIE,FL,ASO,ES,Towers with Radar,21,26,72,5,124,0,9,76,25,110,21,35,148,30,234,168,24,192,426
02/04/2009,PIE,FL,ASO,ES,Towers with Radar,24,26,58,10,118,0,6,79,26,111,24,32,137,36,229,74,64,138,367
02/05/2009,PIE,FL,ASO,ES,Towers with Radar,22,31,81,10,144,0,31,97,33,161,22,62,178,43,305,102,12,114,419
02/06/2009,PIE,FL,ASO,ES,Towers with Radar,30,25,73,33,161,0,17,121,46,184,30,42,194,79,345,110,66,176,521
02/07/2009,PIE,FL,ASO,ES,Towers with Radar,13,20,59,4,96,0,4,128,20,152,13,24,187,24,248,204,8,212,460
02/08/2009,PIE,FL,ASO,ES,Towers with Radar,19,13,68,8,108,0,5,92,9,106,19,18,160,17,214,142,2,144,358
02/09/2009,PIE,FL,ASO,ES,Towers with Radar,29,15,78,12,134,0,5,68,29,102,29,20,146,41,236,124,40,164,400
02/10/2009,PIE,FL,ASO,ES,Towers with Radar,21,29,83,6,139,0,13,105,23,141,21,42,188,29,280,184,2,186,466
02/11/2009,PIE,FL,ASO,ES,Towers with Radar,32,15,98,2,147,0,31,98,25,154,32,46,196,27,301,120,30,150,451
02/12/2009,PIE,FL,ASO,ES,Towers with Radar,25,35,117,9,186,0,4,25,4,33,25,39,142,13,219,78,12,90,309
02/13/2009,PIE,FL,ASO,ES,Towers with Radar,31,11,89,4,135,0,2,103,23,128,31,13,192,27,263,220,24,244,507
02/14/2009,PIE,FL,ASO,ES,Towers with Radar,17,9,63,2,91,0,3,79,6,88,17,12,142,8,179,112,0,112,291
02/15/2009,PIE,FL,ASO,ES,Towers with Radar,22,20,68,5,115,0,2,89,6,97,22,22,157,11,212,116,4,120,332
02/16/2009,PIE,FL,ASO,ES,Towers with Radar,28,17,75,2,122,0,11,135,16,162,28,28,210,18,284,122,2,124,408
02/17/2009,PIE,FL,ASO,ES,Towers with Radar,27,15,90,4,136,0,2,89,27,118,27,17,179,31,254,138,34,172,426
02/18/2009,PIE,FL,ASO,ES,Towers with Radar,20,18,53,8,99,0,7,61,38,106,20,25,114,46,205,40,44,84,289
02/19/2009,PIE,FL,ASO,ES,Towers with Radar,30,38,72,1,141,0,12,24,4,40,30,50,96,5,181,58,0,58,239
02/20/2009,PIE,FL,ASO,ES,Towers with Radar,27,18,77,18,140,0,5,158,16,179,27,23,235,34,319,202,8,210,529
02/21/2009,PIE,FL,ASO,ES,Towers with Radar,18,11,55,8,92,0,3,149,2,154,18,14,204,10,246,180,0,180,426
02/22/2009,PIE,FL,ASO,ES,Towers with Radar,24,22,78,3,127,0,4,139,10,153,24,26,217,13,280,172,12,184,464
02/23/2009,PIE,FL,ASO,ES,Towers with Radar,27,21,68,15,131,0,13,101,29,143,27,34,169,44,274,176,50,226,500
02/24/2009,PIE,FL,ASO,ES,Towers with Radar,31,17,84,6,138,0,31,113,21,165,31,48,197,27,303,192,32,224,527
02/25/2009,PIE,FL,ASO,ES,Towers with Radar,28,10,66,12,116,0,3,109,25,137,28,13,175,37,253,134,30,164,417
02/26/2009,PIE,FL,ASO,ES,Towers with Radar,26,38,103,8,175,0,17,136,9,162,26,55,239,17,337,158,6,164,501
02/27/2009,PIE,FL,ASO,ES,Towers with Radar,30,23,83,7,143,0,22,159,13,194,30,45,242,20,337,142,8,150,487
02/28/2009,PIE,FL,ASO,ES,Towers with Radar,19,36,38,3,96,0,22,153,11,186,19,58,191,14,282,174,4,178,460
03/01/2009,PIE,FL,ASO,ES,Towers with Radar,23,29,41,15,108,0,13,27,24,64,23,42,68,39,172,10,6,16,188
03/02/2009,PIE,FL,ASO,ES,Towers with Radar,27,16,65,7,115,0,11,112,20,143,27,27,177,27,258,66,52,118,376
03/03/2009,PIE,FL,ASO,ES,Towers with Radar,32,21,72,3,128,0,21,110,27,158,32,42,182,30,286,114,8,122,408
03/04/2009,PIE,FL,ASO,ES,Towers with Radar,23,28,74,9,134,0,28,123,32,183,23,56,197,41,317,115,50,165,482
03/05/2009,PIE,FL,ASO,ES,Towers with Radar,24,37,93,17,171,0,33,98,26,157,24,70,191,43,328,205,26,231,559
03/06/2009,PIE,FL,ASO,ES,Towers with Radar,27,28,65,14,134,0,20,112,28,160,27,48,177,42,294,116,32,148,442
03/07/2009,PIE,FL,ASO,ES,Towers with Radar,18,12,67,3,100,0,2,166,7,175,18,14,233,10,275,242,0,242,517
03/08/2009,PIE,FL,ASO,ES,Towers with Radar,23,18,47,10,98,0,2,133,13,148,23,20,180,23,246,204,16,220,466
03/09/2009,PIE,FL,ASO,ES,Towers with Radar,28,9,52,5,94,0,5,81,26,112,28,14,133,31,206,142,42,184,390
03/10/2009,PIE,FL,ASO,ES,Towers with Radar,26,10,96,13,145,0,3,124,31,158,26,13,220,44,303,100,82,182,485
03/11/2009,PIE,FL,ASO,ES,Towers with Radar,30,31,56,20,137,0,6,96,27,129,30,37,152,47,266,126,60,186,452
03/12/2009,PIE,FL,ASO,ES,Towers with Radar,30,16,88,2,136,0,10,108,11,129,30,26,196,13,265,164,6,170,435
03/13/2009,PIE,FL,ASO,ES,Towers with Radar,31,27,128,11,197,0,12,136,43,191,31,39,264,54,388,176,34,210,598
03/14/2009,PIE,FL,ASO,ES,Towers with Radar,23,14,87,7,131,0,7,143,2,152,23,21,230,9,283,142,0,142,425
03/15/2009,PIE,FL,ASO,ES,Towers with Radar,23,21,75,1,120,0,17,146,11,174,23,38,221,12,294,146,2,148,442
03/16/2009,PIE,FL,ASO,ES,Towers with Radar,28,32,60,12,132,0,16,132,27,175,28,48,192,39,307,204,12,216,523
03/17/2009,PIE,FL,ASO,ES,Towers with Radar,26,30,56,19,131,0,12,88,45,145,26,42,144,64,276,240,88,328,604
03/18/2009,PIE,FL,ASO,ES,Towers with Radar,30,19,69,14,132,0,15,114,46,175,30,34,183,60,307,174,30,204,511
03/19/2009,PIE,FL,ASO,ES,Towers with Radar,30,34,56,12,132,0,30,101,22,153,30,64,157,34,285,208,24,232,517
03/20/2009,PIE,FL,ASO,ES,Towers with Radar,28,22,98,6,154,0,15,128,20,163,28,37,226,26,317,210,32,242,559
03/21/2009,PIE,FL,ASO,ES,Towers with Radar,24,27,64,3,118,0,11,149,10,170,24,38,213,13,288,210,2,212,500
03/22/2009,PIE,FL,ASO,ES,Towers with Radar,26,14,63,4,107,0,7,135,8,150,26,21,198,12,257,174,0,174,431
03/23/2009,PIE,FL,ASO,ES,Towers with Radar,31,24,78,23,156,0,1,45,23,69,31,25,123,46,225,26,30,56,281
03/24/2009,PIE,FL,ASO,ES,Towers with Radar,28,16,82,6,132,0,8,111,37,156,28,24,193,43,288,206,50,256,544
03/25/2009,PIE,FL,ASO,ES,Towers with Radar,28,14,57,11,110,0,8,91,34,133,28,22,148,45,243,218,42,260,503
03/26/2009,PIE,FL,ASO,ES,Towers with Radar,31,19,60,7,117,0,9,75,23,107,31,28,135,30,224,146,12,158,382
03/27/2009,PIE,FL,ASO,ES,Towers with Radar,34,31,72,34,171,0,15,104,36,155,34,46,176,70,326,28,68,96,422
03/28/2009,PIE,FL,ASO,ES,Towers with Radar,24,19,52,4,99,0,2,29,4,35,24,21,81,8,134,58,0,58,192
03/29/2009,PIE,FL,ASO,ES,Towers with Radar,25,27,42,6,100,0,4,66,7,77,25,31,108,13,177,74,6,80,257
03/30/2009,PIE,FL,ASO,ES,Towers with Radar,30,15,65,7,117,0,6,137,28,171,30,21,202,35,288,226,36,262,550
03/31/2009,PIE,FL,ASO,ES,Towers with Radar,27,14,72,7,120,0,5,74,34,113,27,19,146,41,233,104,94,198,431
04/01/2009,PIE,FL,ASO,ES,Towers with Radar,30,32,73,9,144,0,12,56,24,92,30,44,129,33,236,84,36,120,356
04/02/2009,PIE,FL,ASO,ES,Towers with Radar,29,50,83,6,168,0,18,29,29,76,29,68,112,35,244,28,10,38,282
04/03/2009,PIE,FL,ASO,ES,Towers with Radar,33,31,75,23,162,0,9,72,47,128,33,40,147,70,290,85,40,125,415
04/04/2009,PIE,FL,ASO,ES,Towers with Radar,20,14,82,4,120,0,20,154,12,186,20,34,236,16,306,260,0,260,566
04/05/2009,PIE,FL,ASO,ES,Towers with Radar,23,29,71,8,131,0,6,126,19,151,23,35,197,27,282,180,4,184,466
04/06/2009,PIE,FL,ASO,ES,Towers with Radar,33,38,55,21,147,2,9,38,29,78,35,47,93,50,225,10,36,46,271
04/07/2009,PIE,FL,ASO,ES,Towers with Radar,29,19,46,16,110,0,14,38,30,82,29,33,84,46,192,138,36,174,366
04/08/2009,PIE,FL,ASO,ES,Towers with Radar,28,26,94,12,160,0,3,114,27,144,28,29,208,39,304,190,68,258,562
04/09/2009,PIE,FL,ASO,ES,Towers with Radar,31,18,107,7,163,0,6,115,27,148,31,24,222,34,311,226,48,274,585
04/10/2009,PIE,FL,ASO,ES,Towers with Radar,34,26,83,4,147,0,6,95,16,117,34,32,178,20,264,140,8,148,412
04/11/2009,PIE,FL,ASO,ES,Towers with Radar,20,9,88,1,118,0,2,138,4,144,20,11,226,5,262,196,0,196,458
04/12/2009,PIE,FL,ASO,ES,Towers with Radar,32,17,66,3,118,0,11,126,3,140,32,28,192,6,258,70,38,108,366
04/13/2009,PIE,FL,ASO,ES,Towers with Radar,34,13,77,12,136,0,2,83,9,94,34,15,160,21,230,130,0,130,360
04/14/2009,PIE,FL,ASO,ES,Towers with Radar,32,11,33,8,84,0,0,7,3,10,32,11,40,11,94,0,6,6,100
04/15/2009,PIE,FL,ASO,ES,Towers with Radar,32,11,91,11,145,0,10,80,30,120,32,21,171,41,265,104,8,112,377
04/16/2009,PIE,FL,ASO,ES,Towers with Radar,27,37,76,5,145,0,6,108,31,145,27,43,184,36,290,180,16,196,486
04/17/2009,PIE,FL,ASO,ES,Towers with Radar,26,17,62,21,126,0,8,109,23,140,26,25,171,44,266,192,2,194,460
04/18/2009,PIE,FL,ASO,ES,Towers with Radar,19,8,50,6,83,0,0,110,4,114,19,8,160,10,197,222,2,224,421
04/19/2009,PIE,FL,ASO,ES,Towers with Radar,21,14,68,9,112,0,6,147,4,157,21,20,215,13,269,132,4,136,405
04/20/2009,PIE,FL,ASO,ES,Towers with Radar,29,19,59,2,109,0,3,38,18,59,29,22,97,20,168,46,12,58,226
04/21/2009,PIE,FL,ASO,ES,Towers with Radar,25,17,86,14,142,0,5,80,23,108,25,22,166,37,250,206,46,252,502
04/22/2009,PIE,FL,ASO,ES,Towers with Radar,23,26,45,9,103,0,12,93,27,132,23,38,138,36,235,168,38,206,441
04/23/2009,PIE,FL,ASO,ES,Towers with Radar,18,27,68,14,127,0,7,91,31,129,18,34,159,45,256,244,54,298,554
04/24/2009,PIE,FL,ASO,ES,Towers with Radar,28,26,83,14,151,0,19,106,36,161,28,45,189,50,312,158,46,204,516
04/25/2009,PIE,FL,ASO,ES,Towers with Radar,17,32,56,12,117,0,17,106,12,135,17,49,162,24,252,174,14,188,440
04/26/2009,PIE,FL,ASO,ES,Towers with Radar,16,22,78,9,125,0,4,111,8,123,16,26,189,17,248,112,8,120,368
04/27/2009,PIE,FL,ASO,ES,Towers with Radar,24,17,66,6,113,0,15,96,40,151,24,32,162,46,264,152,68,220,484
04/28/2009,PIE,FL,ASO,ES,Towers with Radar,23,12,75,23,133,0,3,93,38,134,23,15,168,61,267,176,47,223,490
04/29/2009,PIE,FL,ASO,ES,Towers with Radar,23,11,69,4,107,0,0,73,33,106,23,11,142,37,213,122,14,136,349
04/30/2009,PIE,FL,ASO,ES,Towers with Radar,19,16,74,13,122,0,16,125,28,169,19,32,199,41,291,194,36,230,521
05/01/2009,PIE,FL,ASO,ES,Towers with Radar,26,21,92,11,150,0,9,102,24,135,26,30,194,35,285,64,18,82,367
05/02/2009,PIE,FL,ASO,ES,Towers with Radar,15,17,37,3,72,0,5,144,13,162,15,22,181,16,234,146,0,146,380
05/03/2009,PIE,FL,ASO,ES,Towers with Radar,27,22,58,12,119,0,8,117,15,140,27,30,175,27,259,126,4,130,389
05/04/2009,PIE,FL,ASO,ES,Towers with Radar,18,21,59,10,108,0,15,102,19,136,18,36,161,29,244,80,4,84,328
05/05/2009,PIE,FL,ASO,ES,Towers with Radar,27,24,59,21,131,0,12,88,28,128,27,36,147,49,259,186,72,258,517
05/06/2009,PIE,FL,ASO,ES,Towers with Radar,20,30,87,14,151,0,14,101,21,136,20,44,188,35,287,126,38,164,451
05/07/2009,PIE,FL,ASO,ES,Towers with Radar,26,36,111,22,195,0,11,107,44,162,26,47,218,66,357,202,62,264,621
05/08/2009,PIE,FL,ASO,ES,Towers with Radar,29,27,109,10,175,0,19,127,8,154,29,46,236,18,329,134,14,148,477
05/09/2009,PIE,FL,ASO,ES,Towers with Radar,16,6,48,0,70,0,1,120,7,128,16,7,168,7,198,188,0,188,386
05/10/2009,PIE,FL,ASO,ES,Towers with Radar,24,21,54,4,103,0,19,125,10,154,24,40,179,14,257,82,4,86,343
05/11/2009,PIE,FL,ASO,ES,Towers with Radar,18,10,55,17,100,6,118,39,0,163,24,128,94,17,263,134,12,146,409
05/12/2009,PIE,FL,ASO,ES,Towers with Radar,24,12,66,6,108,0,8,79,18,105,24,20,145,24,213,148,30,178,391
05/13/2009,PIE,FL,ASO,ES,Towers with Radar,22,18,79,12,131,0,13,65,23,101,22,31,144,35,232,136,24,160,392
05/14/2009,PIE,FL,ASO,ES,Towers with Radar,25,12,80,4,121,0,8,60,14,82,25,20,140,18,203,154,2,156,359
05/15/2009,PIE,FL,ASO,ES,Towers with Radar,29,21,86,16,152,0,12,120,29,161,29,33,206,45,313,154,14,168,481
05/16/2009,PIE,FL,ASO,ES,Towers with Radar,18,16,50,3,87,0,4,127,6,137,18,20,177,9,224,216,0,216,440
05/17/2009,PIE,FL,ASO,ES,Towers with Radar,28,3,53,5,89,0,8,109,3,120,28,11,162,8,209,88,18,106,315
05/18/2009,PIE,FL,ASO,ES,Towers with Radar,22,21,36,7,86,0,1,15,25,41,22,22,51,32,127,30,60,90,217
05/19/2009,PIE,FL,ASO,ES,Towers with Radar,22,20,46,19,107,0,0,12,13,25,22,20,58,32,132,6,16,22,154
05/20/2009,PIE,FL,ASO,ES,Towers with Radar,24,40,62,12,138,0,2,34,28,64,24,42,96,40,202,56,50,106,308
05/21/2009,PIE,FL,ASO,ES,Towers with Radar,26,22,66,9,123,1,6,19,12,38,27,28,85,21,161,40,16,56,217
05/22/2009,PIE,FL,ASO,ES,Towers with Radar,26,25,76,9,136,0,9,16,15,40,26,34,92,24,176,10,24,34,210
05/23/2009,PIE,FL,ASO,ES,Towers with Radar,18,14,50,3,85,0,8,52,3,63,18,22,102,6,148,46,0,46,194
05/24/2009,PIE,FL,ASO,ES,Towers with Radar,22,16,52,2,92,0,10,90,5,105,22,26,142,7,197,114,0,114,311
05/25/2009,PIE,FL,ASO,ES,Towers with Radar,19,23,93,4,139,0,15,123,4,142,19,38,216,8,281,140,6,146,427
05/26/2009,PIE,FL,ASO,ES,Towers with Radar,24,11,91,9,135,0,0,125,6,131,24,11,216,15,266,104,0,104,370
05/27/2009,PIE,FL,ASO,ES,Towers with Radar,22,17,123,28,190,0,5,134,49,188,22,22,257,77,378,242,72,314,692
05/28/2009,PIE,FL,ASO,ES,Towers with Radar,22,13,105,16,156,0,7,119,32,158,22,20,224,48,314,122,8,130,444
05/29/2009,PIE,FL,ASO,ES,Towers with Radar,27,42,101,6,176,0,13,75,34,122,27,55,176,40,298,162,48,210,508
05/30/2009,PIE,FL,ASO,ES,Towers with Radar,18,9,65,3,95,0,11,123,20,154,18,20,188,23,249,187,11,198,447
05/31/2009,PIE,FL,ASO,ES,Towers with Radar,22,10,53,3,88,0,9,138,7,154,22,19,191,10,242,161,0,161,403
06/01/2009,PIE,FL,ASO,ES,Towers with Radar,24,21,94,8,147,0,11,107,14,132,24,32,201,22,279,150,50,200,479
06/02/2009,PIE,FL,ASO,ES,Towers with Radar,16,37,90,16,159,0,11,60,24,95,16,48,150,40,254,198,68,266,520
06/03/2009,PIE,FL,ASO,ES,Towers with Radar,27,22,79,9,137,0,6,95,23,124,27,28,174,32,261,140,18,158,419
06/04/2009,PIE,FL,ASO,ES,Towers with Radar,27,21,74,29,151,0,8,46,12,66,27,29,120,41,217,83,6,89,306
06/05/2009,PIE,FL,ASO,ES,Towers with Radar,20,27,86,2,135,0,2,52,22,76,20,29,138,24,211,18,28,46,257
06/06/2009,PIE,FL,ASO,ES,Towers with Radar,21,7,64,1,93,0,2,123,5,130,21,9,187,6,223,192,0,192,415
06/07/2009,PIE,FL,ASO,ES,Towers with Radar,23,25,53,2,103,0,6,103,7,116,23,31,156,9,219,152,0,152,371
06/08/2009,PIE,FL,ASO,ES,Towers with Radar,21,18,55,10,104,0,12,124,26,162,21,30,179,36,266,256,34,290,556
06/09/2009,PIE,FL,ASO,ES,Towers with Radar,15,21,79,13,128,0,14,146,21,181,15,35,225,34,309,198,14,212,521
06/10/2009,PIE,FL,ASO,ES,Towers with Radar,20,18,87,25,150,0,10,90,23,123,20,28,177,48,273,216,36,252,525
06/11/2009,PIE,FL,ASO,ES,Towers with Radar,26,20,69,15,130,0,25,123,15,163,26,45,192,30,293,134,30,164,457
06/12/2009,PIE,FL,ASO,ES,Towers with Radar,25,22,98,18,163,0,8,148,36,192,25,30,246,54,355,178,34,212,567
06/13/2009,PIE,FL,ASO,ES,Towers with Radar,19,14,40,6,79,0,22,131,14,167,19,36,171,20,246,238,6,244,490
06/14/2009,PIE,FL,ASO,ES,Towers with Radar,20,10,36,13,79,0,7,112,20,139,20,17,148,33,218,114,0,114,332
06/15/2009,PIE,FL,ASO,ES,Towers with Radar,26,22,40,7,95,0,11,116,30,157,26,33,156,37,252,242,16,258,510
06/16/2009,PIE,FL,ASO,ES,Towers with Radar,19,14,82,8,123,0,7,99,23,129,19,21,181,31,252,160,44,204,456
06/17/2009,PIE,FL,ASO,ES,Towers with Radar,24,14,36,1,75,0,7,74,18,99,24,21,110,19,174,122,11,133,307
06/18/2009,PIE,FL,ASO,ES,Towers with Radar,19,10,64,4,97,0,9,97,28,134,19,19,161,32,231,148,68,216,447
06/19/2009,PIE,FL,ASO,ES,Towers with Radar,26,29,47,9,111,0,18,107,13,138,26,47,154,22,249,212,22,234,483
06/20/2009,PIE,FL,ASO,ES,Towers with Radar,20,5,48,5,78,0,5,91,4,100,20,10,139,9,178,120,8,128,306
06/21/2009,PIE,FL,ASO,ES,Towers with Radar,22,12,43,8,85,0,9,76,4,89,22,21,119,12,174,104,0,104,278
06/22/2009,PIE,FL,ASO,ES,Towers with Radar,22,16,76,8,122,0,5,98,32,135,22,21,174,40,257,124,6,130,387
06/23/2009,PIE,FL,ASO,ES,Towers with Radar,20,22,76,12,130,0,21,98,15,134,20,43,174,27,264,76,36,112,376
06/24/2009,PIE,FL,ASO,ES,Towers with Radar,25,20,74,15,134,0,38,109,26,173,25,58,183,41,307,212,40,252,559
06/25/2009,PIE,FL,ASO,ES,Towers with Radar,20,43,98,20,181,0,8,104,31,143,20,51,202,51,324,208,44,252,576
06/26/2009,PIE,FL,ASO,ES,Towers with Radar,25,43,66,7,141,0,13,33,10,56,25,56,99,17,197,28,34,62,259
06/27/2009,PIE,FL,ASO,ES,Towers with Radar,19,3,29,2,53,0,2,98,4,104,19,5,127,6,157,46,0,46,203
06/28/2009,PIE,FL,ASO,ES,Towers with Radar,24,17,29,7,77,1,13,70,3,87,25,30,99,10,164,74,0,74,238
06/29/2009,PIE,FL,ASO,ES,Towers with Radar,23,23,58,11,115,0,3,71,23,97,23,26,129,34,212,144,58,202,414
06/30/2009,PIE,FL,ASO,ES,Towers with Radar,24,26,34,4,88,0,0,26,8,34,24,26,60,12,122,46,36,82,204
07/01/2009,PIE,FL,ASO,ES,Towers with Radar,20,15,26,1,62,0,0,6,2,8,20,15,32,3,70,10,0,10,80
07/02/2009,PIE,FL,ASO,ES,Towers with Radar,20,12,59,6,97,0,3,22,0,25,20,15,81,6,122,54,0,54,176
07/03/2009,PIE,FL,ASO,ES,Towers with Radar,22,7,49,0,78,0,9,112,6,127,22,16,161,6,205,154,0,154,359
07/04/2009,PIE,FL,ASO,ES,Towers with Radar,19,6,30,2,57,0,2,90,8,100,19,8,120,10,157,138,0,138,295
07/05/2009,PIE,FL,ASO,ES,Towers with Radar,22,10,35,9,76,0,7,82,12,101,22,17,117,21,177,36,0,36,213
07/06/2009,PIE,FL,ASO,ES,Towers with Radar,24,17,49,8,98,0,7,62,26,95,24,24,111,34,193,126,14,140,333
07/07/2009,PIE,FL,ASO,ES,Towers with Radar,20,19,61,2,102,0,1,60,23,84,20,20,121,25,186,88,72,160,346
07/08/2009,PIE,FL,ASO,ES,Towers with Radar,23,7,50,29,109,0,12,82,31,125,23,19,132,60,234,142,48,190,424
07/09/2009,PIE,FL,ASO,ES,Towers with Radar,23,8,44,16,91,0,5,43,21,69,23,13,87,37,160,144,26,170,330
07/10/2009,PIE,FL,ASO,ES,Towers with Radar,27,14,41,5,87,0,3,65,12,80,27,17,106,17,167,116,12,128,295
07/11/2009,PIE,FL,ASO,ES,Towers with Radar,20,3,41,5,69,0,8,105,6,119,20,11,146,11,188,174,0,174,362
07/12/2009,PIE,FL,ASO,ES,Towers with Radar,23,14,36,1,74,0,8,80,8,96,23,22,116,9,170,62,4,66,236
07/13/2009,PIE,FL,ASO,ES,Towers with Radar,19,20,75,20,134,0,5,78,31,114,19,25,153,51,248,172,20,192,440
07/14/2009,PIE,FL,ASO,ES,Towers with Radar,19,22,61,10,112,0,20,115,11,146,19,42,176,21,258,254,16,270,528
07/15/2009,PIE,FL,ASO,ES,Towers with Radar,24,26,71,19,140,0,11,100,16,127,24,37,171,35,267,210,4,214,481
07/16/2009,PIE,FL,ASO,ES,Towers with Radar,27,12,93,3,135,0,8,81,32,121,27,20,174,35,256,196,30,226,482
07/17/2009,PIE,FL,ASO,ES,Towers with Radar,25,16,86,6,133,0,6,80,23,109,25,22,166,29,242,160,34,194,436
07/18/2009,PIE,FL,ASO,ES,Towers with Radar,19,13,26,5,63,0,5,124,7,136,19,18,150,12,199,224,2,226,425
07/19/2009,PIE,FL,ASO,ES,Towers with Radar,23,12,56,2,93,0,14,84,7,105,23,26,140,9,198,94,6,100,298
07/20/2009,PIE,FL,ASO,ES,Towers with Radar,19,14,79,7,119,0,12,90,24,126,19,26,169,31,245,132,20,152,397
07/21/2009,PIE,FL,ASO,ES,Towers with Radar,20,18,60,4,102,0,9,121,15,145,20,27,181,19,247,220,0,220,467
07/22/2009,PIE,FL,ASO,ES,Towers with Radar,23,8,66,12,109,0,2,86,22,110,23,10,152,34,219,136,10,146,365
07/23/2009,PIE,FL,ASO,ES,Towers with Radar,21,8,106,11,146,1,10,116,29,156,22,18,222,40,302,182,10,192,494
07/24/2009,PIE,FL,ASO,ES,Towers with Radar,26,14,70,6,116,0,9,131,23,163,26,23,201,29,279,74,34,108,387
07/25/2009,PIE,FL,ASO,ES,Towers with Radar,19,14,38,0,71,0,8,109,3,120,19,22,147,3,191,164,0,164,355
07/26/2009,PIE,FL,ASO,ES,Towers with Radar,28,14,15,3,60,0,1,63,0,64,28,15,78,3,124,60,0,60,184
07/27/2009,PIE,FL,ASO,ES,Towers with Radar,17,21,73,28,139,0,4,63,14,81,17,25,136,42,220,100,16,116,336
07/28/2009,PIE,FL,ASO,ES,Towers with Radar,19,13,99,7,138,0,5,101,20,126,19,18,200,27,264,186,14,200,464
07/29/2009,PIE,FL,ASO,ES,Towers with Radar,26,17,69,6,118,0,5,72,20,97,26,22,141,26,215,144,6,150,365
07/30/2009,PIE,FL,ASO,ES,Towers with Radar,25,11,54,8,98,0,4,67,13,84,25,15,121,21,182,42,42,84,266
07/31/2009,PIE,FL,ASO,ES,Towers with Radar,26,16,82,14,138,0,5,63,12,80,26,21,145,26,218,108,58,166,384
08/01/2009,PIE,FL,ASO,ES,Towers with Radar,18,9,52,17,96,0,1,87,14,102,18,10,139,31,198,186,34,220,418
08/02/2009,PIE,FL,ASO,ES,Towers with Radar,23,20,62,5,110,0,8,82,7,97,23,28,144,12,207,106,5,111,318
08/03/2009,PIE,FL,ASO,ES,Towers with Radar,19,6,42,4,71,0,6,86,23,115,19,12,128,27,186,196,2,198,384
08/04/2009,PIE,FL,ASO,ES,Towers with Radar,21,7,71,3,102,0,0,91,26,117,21,7,162,29,219,218,12,230,449
08/05/2009,PIE,FL,ASO,ES,Towers with Radar,23,10,82,3,118,0,0,76,12,88,23,10,158,15,206,94,8,102,308
08/06/2009,PIE,FL,ASO,ES,Towers with Radar,23,14,55,4,96,0,4,70,16,90,23,18,125,20,186,98,2,100,286
08/07/2009,PIE,FL,ASO,ES,Towers with Radar,24,9,45,13,91,0,8,92,14,114,24,17,137,27,205,122,0,122,327
08/08/2009,PIE,FL,ASO,ES,Towers with Radar,17,8,44,1,70,0,0,106,6,112,17,8,150,7,182,192,4,196,378
08/09/2009,PIE,FL,ASO,ES,Towers with Radar,22,8,55,7,92,0,12,84,5,101,22,20,139,12,193,116,7,123,316
08/10/2009,PIE,FL,ASO,ES,Towers with Radar,12,17,50,7,86,0,13,79,15,107,12,30,129,22,193,184,14,198,391
08/11/2009,PIE,FL,ASO,ES,Towers with Radar,19,11,50,22,102,0,10,90,21,121,19,21,140,43,223,178,16,194,417
08/12/2009,PIE,FL,ASO,ES,Towers with Radar,22,36,54,8,120,0,4,67,20,91,22,40,121,28,211,102,24,126,337
08/13/2009,PIE,FL,ASO,ES,Towers with Radar,23,18,70,5,116,0,3,72,25,100,23,21,142,30,216,140,160,300,516
08/14/2009,PIE,FL,ASO,ES,Towers with Radar,21,17,59,4,101,0,9,49,14,72,21,26,108,18,173,142,14,156,329
08/15/2009,PIE,FL,ASO,ES,Towers with Radar,15,18,20,3,56,0,13,144,10,167,15,31,164,13,223,208,2,210,433
08/16/2009,PIE,FL,ASO,ES,Towers with Radar,23,11,37,5,76,0,6,104,8,118,23,17,141,13,194,178,2,180,374
08/17/2009,PIE,FL,ASO,ES,Towers with Radar,23,23,72,7,125,0,6,92,20,118,23,29,164,27,243,236,8,244,487
08/18/2009,PIE,FL,ASO,ES,Towers with Radar,19,14,55,20,108,0,6,93,15,114,19,20,148,35,222,110,12,122,344
08/19/2009,PIE,FL,ASO,ES,Towers with Radar,23,10,49,4,86,0,9,98,15,122,23,19,147,19,208,152,0,152,360
08/20/2009,PIE,FL,ASO,ES,Towers with Radar,19,29,50,11,109,0,20,108,44,172,19,49,158,55,281,128,46,174,455
08/21/2009,PIE,FL,ASO,ES,Towers with Radar,18,31,69,24,142,0,30,99,11,140,18,61,168,35,282,110,6,116,398
08/22/2009,PIE,FL,ASO,ES,Towers with Radar,17,4,43,1,65,0,8,96,10,114,17,12,139,11,179,192,102,294,473
08/23/2009,PIE,FL,ASO,ES,Towers with Radar,19,10,43,4,76,2,5,89,9,105,21,15,132,13,181,118,24,142,323
08/24/2009,PIE,FL,ASO,ES,Towers with Radar,10,19,74,11,114,0,6,117,23,146,10,25,191,34,260,240,40,280,540
08/25/2009,PIE,FL,ASO,ES,Towers with Radar,15,18,58,7,98,0,0,85,14,99,15,18,143,21,197,64,6,70,267
08/26/2009,PIE,FL,ASO,ES,Towers with Radar,15,31,77,6,129,0,9,69,30,108,15,40,146,36,237,138,43,181,418
08/27/2009,PIE,FL,ASO,ES,Towers with Radar,15,19,63,7,104,0,13,92,17,122,15,32,155,24,226,128,38,166,392
08/28/2009,PIE,FL,ASO,ES,Towers with Radar,11,7,46,10,74,0,1,110,14,125,11,8,156,24,199,92,34,126,325
08/29/2009,PIE,FL,ASO,ES,Towers with Radar,11,3,46,5,65,0,4,113,13,130,11,7,159,18,195,258,10,268,463
08/30/2009,PIE,FL,ASO,ES,Towers with Radar,14,10,37,2,63,0,2,147,5,154,14,12,184,7,217,194,2,196,413
08/31/2009,PIE,FL,ASO,ES,Towers with Radar,18,8,52,18,96,0,2,91,24,117,18,10,143,42,213,152,24,176,389
09/01/2009,PIE,FL,ASO,ES,Towers with Radar,9,13,48,14,84,0,9,55,14,78,9,22,103,28,162,96,61,157,319
09/02/2009,PIE,FL,ASO,ES,Towers with Radar,14,21,61,13,109,0,2,65,16,83,14,23,126,29,192,104,32,136,328
09/03/2009,PIE,FL,ASO,ES,Towers with Radar,14,18,79,4,115,0,5,100,24,129,14,23,179,28,244,154,80,234,478
09/04/2009,PIE,FL,ASO,ES,Towers with Radar,16,23,95,2,136,1,16,109,7,133,17,39,204,9,269,122,0,122,391
09/05/2009,PIE,FL,ASO,ES,Towers with Radar,13,31,27,4,75,0,34,93,5,132,13,65,120,9,207,138,8,146,353
09/06/2009,PIE,FL,ASO,ES,Towers with Radar,12,9,68,4,93,0,9,127,7,143,12,18,195,11,236,182,6,188,424
09/07/2009,PIE,FL,ASO,ES,Towers with Radar,8,10,74,3,95,0,5,103,7,115,8,15,177,10,210,134,18,152,362
09/08/2009,PIE,FL,ASO,ES,Towers with Radar,9,11,67,3,90,0,4,118,20,142,9,15,185,23,232,176,34,210,442
09/09/2009,PIE,FL,ASO,ES,Towers with Radar,20,17,87,10,134,0,0,88,12,100,20,17,175,22,234,198,0,198,432
09/10/2009,PIE,FL,ASO,ES,Towers with Radar,10,26,71,16,123,0,8,120,26,154,10,34,191,42,277,176,10,186,463
09/11/2009,PIE,FL,ASO,ES,Towers with Radar,13,21,69,5,108,0,9,101,27,137,13,30,170,32,245,116,44,160,405
09/12/2009,PIE,FL,ASO,ES,Towers with Radar,10,9,29,2,50,0,2,27,5,34,10,11,56,7,84,24,32,56,140
09/13/2009,PIE,FL,ASO,ES,Towers with Radar,6,13,52,9,80,0,3,78,7,88,6,16,130,16,168,174,12,186,354
09/14/2009,PIE,FL,ASO,ES,Towers with Radar,8,12,65,33,118,0,10,102,45,157,8,22,167,78,275,170,26,196,471
09/15/2009,PIE,FL,ASO,ES,Towers with Radar,10,11,75,16,112,0,4,95,30,129,10,15,170,46,241,106,20,126,367
09/16/2009,PIE,FL,ASO,ES,Towers with Radar,14,15,49,2,80,0,6,101,26,133,14,21,150,28,213,160,24,184,397
09/17/2009,PIE,FL,ASO,ES,Towers with Radar,8,29,66,9,112,0,22,93,30,145,8,51,159,39,257,176,78,254,511
09/18/2009,PIE,FL,ASO,ES,Towers with Radar,14,25,83,8,130,0,13,128,18,159,14,38,211,26,289,182,6,188,477
09/19/2009,PIE,FL,ASO,ES,Towers with Radar,12,17,39,4,72,0,18,132,6,156,12,35,171,10,228,280,0,280,508
09/20/2009,PIE,FL,ASO,ES,Towers with Radar,6,13,55,2,76,0,8,83,8,99,6,21,138,10,175,234,0,234,409
09/21/2009,PIE,FL,ASO,ES,Towers with Radar,12,10,49,15,86,0,7,116,18,141,12,17,165,33,227,120,8,128,355
09/22/2009,PIE,FL,ASO,ES,Towers with Radar,9,12,75,10,106,0,5,112,12,129,9,17,187,22,235,176,56,232,467
09/23/2009,PIE,FL,ASO,ES,Towers with Radar,14,21,55,15,105,0,11,110,14,135,14,32,165,29,240,222,10,232,472
09/24/2009,PIE,FL,ASO,ES,Towers with Radar,12,13,70,1,96,1,9,115,20,145,13,22,185,21,241,148,0,148,389
09/25/2009,PIE,FL,ASO,ES,Towers with Radar,14,30,84,10,138,0,18,130,19,167,14,48,214,29,305,192,16,208,513
09/26/2009,PIE,FL,ASO,ES,Towers with Radar,12,24,84,1,121,0,7,118,21,146,12,31,202,22,267,208,2,210,477
09/27/2009,PIE,FL,ASO,ES,Towers with Radar,11,22,44,2,79,0,13,90,10,113,11,35,134,12,192,270,22,292,484
09/28/2009,PIE,FL,ASO,ES,Towers with Radar,9,8,57,13,87,0,4,118,41,163,9,12,175,54,250,106,50,156,406
09/29/2009,PIE,FL,ASO,ES,Towers with Radar,10,7,74,15,106,0,2,102,27,131,10,9,176,42,237,98,38,136,373
09/30/2009,PIE,FL,ASO,ES,Towers with Radar,14,26,81,13,134,0,9,127,25,161,14,35,208,38,295,154,62,216,511
10/01/2009,PIE,FL,ASO,ES,Towers with Radar,15,12,82,12,121,0,9,99,32,140,15,21,181,44,261,130,72,202,463
10/02/2009,PIE,FL,ASO,ES,Towers with Radar,14,19,64,8,105,0,12,121,31,164,14,31,185,39,269,176,28,204,473
10/03/2009,PIE,FL,ASO,ES,Towers with Radar,11,6,46,2,65,0,6,137,16,159,11,12,183,18,224,222,0,222,446
10/04/2009,PIE,FL,ASO,ES,Towers with Radar,11,12,33,3,59,0,7,85,9,101,11,19,118,12,160,58,0,58,218
10/05/2009,PIE,FL,ASO,ES,Towers with Radar,12,17,56,9,94,0,10,80,28,118,12,27,136,37,212,90,66,156,368
10/06/2009,PIE,FL,ASO,ES,Towers with Radar,10,23,53,14,100,0,9,79,23,111,10,32,132,37,211,68,30,98,309
10/07/2009,PIE,FL,ASO,ES,Towers with Radar,13,9,52,10,84,0,0,100,19,119,13,9,152,29,203,174,10,184,387
10/08/2009,PIE,FL,ASO,ES,Towers with Radar,15,16,80,9,120,0,5,103,20,128,15,21,183,29,248,172,56,228,476
10/09/2009,PIE,FL,ASO,ES,Towers with Radar,14,17,58,4,93,0,7,80,19,106,14,24,138,23,199,130,20,150,349
10/10/2009,PIE,FL,ASO,ES,Towers with Radar,20,15,27,6,68,0,4,132,9,145,20,19,159,15,213,182,14,196,409
10/11/2009,PIE,FL,ASO,ES,Towers with Radar,9,16,61,3,89,0,6,103,7,116,9,22,164,10,205,138,8,146,351
10/12/2009,PIE,FL,ASO,ES,Towers with Radar,11,19,38,2,70,0,16,106,4,126,11,35,144,6,196,142,0,142,338
10/13/2009,PIE,FL,ASO,ES,Towers with Radar,9,8,82,11,110,0,7,135,25,167,9,15,217,36,277,296,34,330,607
10/14/2009,PIE,FL,ASO,ES,Towers with Radar,12,17,64,21,114,0,7,77,19,103,12,24,141,40,217,150,24,174,391
10/15/2009,PIE,FL,ASO,ES,Towers with Radar,13,16,70,7,106,0,5,106,32,143,13,21,176,39,249,160,30,190,439
10/16/2009,PIE,FL,ASO,ES,Towers with Radar,12,23,87,11,133,0,25,116,33,174,12,48,203,44,307,152,34,186,493
10/17/2009,PIE,FL,ASO,ES,Towers with Radar,12,14,82,2,110,0,15,74,2,91,12,29,156,4,201,70,0,70,271
10/18/2009,PIE,FL,ASO,ES,Towers with Radar,10,28,53,5,96,0,13,19,10,42,10,41,72,15,138,78,0,78,216
10/19/2009,PIE,FL,ASO,ES,Towers with Radar,10,26,86,28,150,0,25,145,30,200,10,51,231,58,350,164,36,200,550
10/20/2009,PIE,FL,ASO,ES,Towers with Radar,12,15,76,19,122,0,6,115,29,150,12,21,191,48,272,134,32,166,438
10/21/2009,PIE,FL,ASO,ES,Towers with Radar,14,7,79,17,117,0,1,119,27,147,14,8,198,44,264,164,30,194,458
10/22/2009,PIE,FL,ASO,ES,Towers with Radar,15,32,69,10,126,0,11,119,28,158,15,43,188,38,284,120,24,144,428
10/23/2009,PIE,FL,ASO,ES,Towers with Radar,13,8,74,13,108,0,12,121,21,154,13,20,195,34,262,122,32,154,416
10/24/2009,PIE,FL,ASO,ES,Towers with Radar,9,6,62,2,79,0,5,107,7,119,9,11,169,9,198,124,8,132,330
10/25/2009,PIE,FL,ASO,ES,Towers with Radar,13,7,95,10,125,0,21,122,5,148,13,28,217,15,273,190,10,200,473
10/26/2009,PIE,FL,ASO,ES,Towers with Radar,10,10,63,16,99,0,3,81,19,103,10,13,144,35,202,148,6,154,356
10/27/2009,PIE,FL,ASO,ES,Towers with Radar,10,7,79,15,111,0,5,68,29,102,10,12,147,44,213,66,42,108,321
10/28/2009,PIE,FL,ASO,ES,Towers with Radar,14,15,90,13,132,0,10,45,19,74,14,25,135,32,206,148,24,172,378
10/29/2009,PIE,FL,ASO,ES,Towers with Radar,14,13,81,12,120,0,18,118,24,160,14,31,199,36,280,224,35,259,539
10/30/2009,PIE,FL,ASO,ES,Towers with Radar,17,23,66,0,106,0,18,132,4,154,17,41,198,4,260,178,0,178,438
10/31/2009,PIE,FL,ASO,ES,Towers with Radar,11,22,78,2,113,0,10,110,4,124,11,32,188,6,237,242,0,242,479
11/01/2009,PIE,FL,ASO,ES,Towers with Radar,11,9,72,12,104,0,7,75,3,85,11,16,147,15,189,102,18,120,309
11/02/2009,PIE,FL,ASO,ES,Towers with Radar,10,26,77,18,131,0,15,96,46,157,10,41,173,64,288,160,16,176,464
11/03/2009,PIE,FL,ASO,ES,Towers with Radar,9,35,75,25,144,0,4,64,23,91,9,39,139,48,235,184,42,226,461
11/04/2009,PIE,FL,ASO,ES,Towers with Radar,15,35,107,11,168,0,23,104,33,160,15,58,211,44,328,110,54,164,492
11/05/2009,PIE,FL,ASO,ES,Towers with Radar,15,43,94,7,159,0,21,125,34,180,15,64,219,41,339,128,30,158,497
11/06/2009,PIE,FL,ASO,ES,Towers with Radar,16,21,74,10,121,0,17,116,25,158,16,38,190,35,279,220,50,270,549
11/07/2009,PIE,FL,ASO,ES,Towers with Radar,9,30,59,9,107,1,20,127,24,172,10,50,186,33,279,204,14,218,497
11/08/2009,PIE,FL,ASO,ES,Towers with Radar,15,20,47,16,98,0,8,91,11,110,15,28,138,27,208,52,8,60,268
11/09/2009,PIE,FL,ASO,ES,Towers with Radar,11,29,48,10,98,0,15,46,13,74,11,44,94,23,172,26,8,34,206
11/10/2009,PIE,FL,ASO,ES,Towers with Radar,10,9,43,15,77,0,9,52,16,77,10,18,95,31,154,108,40,148,302
11/11/2009,PIE,FL,ASO,ES,Towers with Radar,18,14,90,2,124,0,1,53,6,60,18,15,143,8,184,114,4,118,302
11/12/2009,PIE,FL,ASO,ES,Towers with Radar,15,25,130,15,185,0,17,95,26,138,15,42,225,41,323,110,34,144,467
11/13/2009,PIE,FL,ASO,ES,Towers with Radar,15,18,83,21,137,0,8,118,46,172,15,26,201,67,309,228,76,304,613
11/14/2009,PIE,FL,ASO,ES,Towers with Radar,12,9,59,2,82,0,17,175,10,202,12,26,234,12,284,178,8,186,470
11/15/2009,PIE,FL,ASO,ES,Towers with Radar,16,23,73,4,116,0,16,130,10,156,16,39,203,14,272,155,0,155,427
11/16/2009,PIE,FL,ASO,ES,Towers with Radar,14,17,69,12,112,0,18,136,24,178,14,35,205,36,290,154,74,228,518
11/17/2009,PIE,FL,ASO,ES,Towers with Radar,12,26,86,6,130,0,21,112,29,162,12,47,198,35,292,178,50,228,520
11/18/2009,PIE,FL,ASO,ES,Towers with Radar,17,32,58,9,116,0,12,110,39,161,17,44,168,48,277,210,24,234,511
11/19/2009,PIE,FL,ASO,ES,Towers with Radar,17,41,79,0,137,0,26,107,10,143,17,67,186,10,280,132,20,152,432
11/20/2009,PIE,FL,ASO,ES,Towers with Radar,24,31,82,9,146,0,23,131,30,184,24,54,213,39,330,176,20,196,526
11/21/2009,PIE,FL,ASO,ES,Towers with Radar,15,23,56,8,102,0,16,102,11,129,15,39,158,19,231,134,0,134,365
11/22/2009,PIE,FL,ASO,ES,Towers with Radar,15,16,49,21,101,0,11,105,19,135,15,27,154,40,236,202,16,218,454
11/23/2009,PIE,FL,ASO,ES,Towers with Radar,25,19,47,14,105,0,7,91,26,124,25,26,138,40,229,134,42,176,405
11/24/2009,PIE,FL,ASO,ES,Towers with Radar,17,22,75,16,130,0,0,25,9,34,17,22,100,25,164,4,4,8,172
11/25/2009,PIE,FL,ASO,ES,Towers with Radar,25,16,59,10,110,0,0,0,0,0,25,16,59,10,110,4,0,4,114
11/26/2009,PIE,FL,ASO,ES,Towers with Radar,15,1,19,4,39,0,4,18,1,23,15,5,37,5,62,24,0,24,86
11/27/2009,PIE,FL,ASO,ES,Towers with Radar,25,14,53,0,92,0,2,97,7,106,25,16,150,7,198,146,4,150,348
11/28/2009,PIE,FL,ASO,ES,Towers with Radar,18,22,61,2,103,0,11,105,7,123,18,33,166,9,226,162,16,178,404
11/29/2009,PIE,FL,ASO,ES,Towers with Radar,17,16,79,2,114,0,12,130,12,154,17,28,209,14,268,170,0,170,438
11/30/2009,PIE,FL,ASO,ES,Towers with Radar,20,14,43,14,91,0,6,101,28,135,20,20,144,42,226,100,54,154,380
12/01/2009,PIE,FL,ASO,ES,Towers with Radar,12,19,61,21,113,0,4,117,31,152,12,23,178,52,265,176,40,216,481
12/02/2009,PIE,FL,ASO,ES,Towers with Radar,16,35,25,14,90,0,6,38,20,64,16,41,63,34,154,42,6,48,202
12/03/2009,PIE,FL,ASO,ES,Towers with Radar,14,29,54,21,118,0,20,77,29,126,14,49,131,50,244,218,74,292,536
12/04/2009,PIE,FL,ASO,ES,Towers with Radar,22,30,36,24,112,0,0,15,16,31,22,30,51,40,143,18,2,20,163
12/05/2009,PIE,FL,ASO,ES,Towers with Radar,16,19,39,4,78,0,3,22,6,31,16,22,61,10,109,20,6,26,135
12/06/2009,PIE,FL,ASO,ES,Towers with Radar,14,23,64,13,114,0,24,147,7,178,14,47,211,20,292,138,16,154,446
12/07/2009,PIE,FL,ASO,ES,Towers with Radar,17,32,95,25,169,0,4,72,17,93,17,36,167,42,262,82,8,90,352
12/08/2009,PIE,FL,ASO,ES,Towers with Radar,12,23,80,28,143,0,7,108,43,158,12,30,188,71,301,140,68,208,509
12/09/2009,PIE,FL,ASO,ES,Towers with Radar,17,21,96,40,174,0,4,34,12,50,17,25,130,52,224,56,32,88,312
12/10/2009,PIE,FL,ASO,ES,Towers with Radar,14,42,69,9,134,0,4,37,13,54,14,46,106,22,188,66,2,68,256
12/11/2009,PIE,FL,ASO,ES,Towers with Radar,22,40,94,3,159,0,24,114,41,179,22,64,208,44,338,148,24,172,510
12/12/2009,PIE,FL,ASO,ES,Towers with Radar,13,14,35,1,63,0,6,125,7,138,13,20,160,8,201,76,10,86,287
12/13/2009,PIE,FL,ASO,ES,Towers with Radar,13,9,51,1,74,0,10,98,9,117,13,19,149,10,191,128,0,128,319
12/14/2009,PIE,FL,ASO,ES,Towers with Radar,19,20,82,17,138,0,4,79,24,107,19,24,161,41,245,118,36,154,399
12/15/2009,PIE,FL,ASO,ES,Towers with Radar,14,22,69,32,137,0,3,73,24,100,14,25,142,56,237,118,52,170,407
12/16/2009,PIE,FL,ASO,ES,Towers with Radar,18,22,72,23,135,0,14,108,40,162,18,36,180,63,297,118,54,172,469
12/17/2009,PIE,FL,ASO,ES,Towers with Radar,18,36,84,24,162,0,33,101,41,175,18,69,185,65,337,116,46,162,499
12/18/2009,PIE,FL,ASO,ES,Towers with Radar,23,23,52,1,99,0,3,10,4,17,23,26,62,5,116,28,4,32,148
12/19/2009,PIE,FL,ASO,ES,Towers with Radar,16,20,55,4,95,0,13,107,10,130,16,33,162,14,225,128,4,132,357
12/20/2009,PIE,FL,ASO,ES,Towers with Radar,20,15,44,2,81,0,11,111,11,133,20,26,155,13,214,164,24,188,402
12/21/2009,PIE,FL,ASO,ES,Towers with Radar,30,19,34,7,90,0,21,99,16,136,30,40,133,23,226,162,4,166,392
12/22/2009,PIE,FL,ASO,ES,Towers with Radar,28,17,59,2,106,0,0,102,6,108,28,17,161,8,214,158,0,158,372
12/23/2009,PIE,FL,ASO,ES,Towers with Radar,30,15,75,3,123,0,11,91,15,117,30,26,166,18,240,106,10,116,356
12/24/2009,PIE,FL,ASO,ES,Towers with Radar,29,8,30,3,70,0,11,49,8,68,29,19,79,11,138,12,14,26,164
12/25/2009,PIE,FL,ASO,ES,Towers with Radar,22,14,6,2,44,0,1,7,3,11,22,15,13,5,55,0,0,0,55
12/26/2009,PIE,FL,ASO,ES,Towers with Radar,24,21,70,0,115,0,6,122,11,139,24,27,192,11,254,148,0,148,402
12/27/2009,PIE,FL,ASO,ES,Towers with Radar,23,12,63,3,101,0,4,110,9,123,23,16,173,12,224,78,22,100,324
12/28/2009,PIE,FL,ASO,ES,Towers with Radar,30,10,51,5,96,0,5,79,10,94,30,15,130,15,190,104,8,112,302
12/29/2009,PIE,FL,ASO,ES,Towers with Radar,27,27,72,14,140,0,0,111,11,122,27,27,183,25,262,96,20,116,378
12/30/2009,PIE,FL,ASO,ES,Towers with Radar,26,11,88,13,138,0,13,97,10,120,26,24,185,23,258,134,6,140,398
12/31/2009,PIE,FL,ASO,ES,Towers with Radar,26,15,45,3,89,0,10,89,11,110,26,25,134,14,199,88,8,96,295
01/01/2010,PIE,FL,ASO,ES,Towers with Radar,29,10,24,5,68,0,2,8,4,14,29,12,32,9,82,0,0,0,82
01/02/2010,PIE,FL,ASO,ES,Towers with Radar,23,14,77,1,115,0,9,114,7,130,23,23,191,8,245,166,2,168,413
01/03/2010,PIE,FL,ASO,ES,Towers with Radar,16,17,101,5,139,0,1,124,12,137,16,18,225,17,276,120,6,126,402
01/04/2010,PIE,FL,ASO,ES,Towers with Radar,26,12,37,11,86,0,5,101,24,130,26,17,138,35,216,54,22,76,292
01/05/2010,PIE,FL,ASO,ES,Towers with Radar,11,11,74,16,112,0,5,64,27,96,11,16,138,43,208,102,54,156,364
01/06/2010,PIE,FL,ASO,ES,Towers with Radar,13,7,74,17,111,0,5,116,38,159,13,12,190,55,270,178,52,230,500
01/07/2010,PIE,FL,ASO,ES,Towers with Radar,15,7,82,16,120,0,12,129,30,171,15,19,211,46,291,280,12,292,583
01/08/2010,PIE,FL,ASO,ES,Towers with Radar,21,21,81,15,138,0,2,68,16,86,21,23,149,31,224,66,6,72,296
01/09/2010,PIE,FL,ASO,ES,Towers with Radar,14,4,21,1,40,0,5,22,3,30,14,9,43,4,70,38,0,38,108
01/10/2010,PIE,FL,ASO,ES,Towers with Radar,15,14,43,6,78,0,7,91,8,106,15,21,134,14,184,94,0,94,278
01/11/2010,PIE,FL,ASO,ES,Towers with Radar,15,16,63,15,109,0,15,93,24,132,15,31,156,39,241,136,26,162,403
01/12/2010,PIE,FL,ASO,ES,Towers with Radar,10,22,83,13,128,0,5,119,29,153,10,27,202,42,281,188,42,230,511
01/13/2010,PIE,FL,ASO,ES,Towers with Radar,15,15,69,7,106,0,13,116,25,154,15,28,185,32,260,118,54,172,432
01/14/2010,PIE,FL,ASO,ES,Towers with Radar,18,24,97,2,141,0,15,103,22,140,18,39,200,24,281,180,0,180,461
01/15/2010,PIE,FL,ASO,ES,Towers with Radar,21,13,86,9,129,0,9,145,15,169,21,22,231,24,298,184,10,194,492
01/16/2010,PIE,FL,ASO,ES,Towers with Radar,13,20,48,10,91,0,7,45,7,59,13,27,93,17,150,66,6,72,222
01/17/2010,PIE,FL,ASO,ES,Towers with Radar,12,23,50,16,101,0,18,51,4,73,12,41,101,20,174,46,6,52,226
01/18/2010,PIE,FL,ASO,ES,Towers with Radar,20,13,73,8,114,0,9,144,5,158,20,22,217,13,272,128,2,130,402
01/19/2010,PIE,FL,ASO,ES,Towers with Radar,13,12,66,5,96,0,11,106,20,137,13,23,172,25,233,176,90,266,499
01/20/2010,PIE,FL,ASO,ES,Towers with Radar,15,14,71,9,109,0,22,114,11,147,15,36,185,20,256,178,22,200,456
01/21/2010,PIE,FL,ASO,ES,Towers with Radar,15,55,79,17,166,0,11,31,7,49,15,66,110,24,215,20,0,20,235
01/22/2010,PIE,FL,ASO,ES,Towers with Radar,17,20,56,21,114,0,3,24,8,35,17,23,80,29,149,30,6,36,185
01/23/2010,PIE,FL,ASO,ES,Towers with Radar,15,15,65,10,105,0,11,81,12,104,15,26,146,22,209,102,4,106,315
01/24/2010,PIE,FL,ASO,ES,Towers with Radar,15,35,44,6,100,0,12,67,7,86,15,47,111,13,186,36,8,44,230
01/25/2010,PIE,FL,ASO,ES,Towers with Radar,20,12,41,11,84,0,8,61,8,77,20,20,102,19,161,34,6,40,201
01/26/2010,PIE,FL,ASO,ES,Towers with Radar,10,14,64,14,102,0,2,112,12,126,10,16,176,26,228,122,8,130,358
01/27/2010,PIE,FL,ASO,ES,Towers with Radar,17,14,87,19,137,0,22,151,28,201,17,36,238,47,338,166,96,262,600
01/28/2010,PIE,FL,ASO,ES,Towers with Radar,14,25,51,13,103,0,21,62,18,101,14,46,113,31,204,136,18,154,358
01/29/2010,PIE,FL,ASO,ES,Towers with Radar,18,13,60,58,149,0,18,120,52,190,18,31,180,110,339,230,32,262,601
01/30/2010,PIE,FL,ASO,ES,Towers with Radar,14,22,36,1,73,0,6,22,8,36,14,28,58,9,109,10,10,20,129
01/31/2010,PIE,FL,ASO,ES,Towers with Radar,17,23,52,30,122,0,15,106,7,128,17,38,158,37,250,166,2,168,418
02/01/2010,PIE,FL,ASO,ES,Towers with Radar,20,22,55,9,106,0,4,32,16,52,20,26,87,25,158,82,30,112,270
02/02/2010,PIE,FL,ASO,ES,Towers with Radar,12,35,67,21,135,0,9,28,9,46,12,44,95,30,181,92,16,108,289
02/03/2010,PIE,FL,ASO,ES,Towers with Radar,20,11,90,15,136,0,14,114,34,162,20,25,204,49,298,206,72,278,576
02/04/2010,PIE,FL,ASO,ES,Towers with Radar,18,20,74,5,117,0,15,113,13,141,18,35,187,18,258,266,4,270,528
02/05/2010,PIE,FL,ASO,ES,Towers with Radar,19,38,32,14,103,0,3,17,5,25,19,41,49,19,128,16,0,16,144
02/06/2010,PIE,FL,ASO,ES,Towers with Radar,15,29,66,6,116,0,5,72,10,87,15,34,138,16,203,86,12,98,301
02/07/2010,PIE,FL,ASO,ES,Towers with Radar,16,26,50,5,97,0,10,106,5,121,16,36,156,10,218,156,0,156,374
02/08/2010,PIE,FL,ASO,ES,Towers with Radar,20,14,47,0,81,0,4,94,7,105,20,18,141,7,186,100,16,116,302
02/09/2010,PIE,FL,ASO,ES,Towers with Radar,11,17,47,5,80,0,0,58,16,74,11,17,105,21,154,66,4,70,224
02/10/2010,PIE,FL,ASO,ES,Towers with Radar,19,12,53,3,87,0,4,107,31,142,19,16,160,34,229,112,10,122,351
02/11/2010,PIE,FL,ASO,ES,Towers with Radar,20,22,105,23,170,0,12,108,32,152,20,34,213,55,322,268,70,338,660
02/12/2010,PIE,FL,ASO,ES,Towers with Radar,24,15,39,14,92,0,2,10,11,23,24,17,49,25,115,16,6,22,137
02/13/2010,PIE,FL,ASO,ES,Towers with Radar,23,9,57,3,92,0,4,108,8,120,23,13,165,11,212,140,14,154,366
02/14/2010,PIE,FL,ASO,ES,Towers with Radar,19,12,56,3,90,0,5,96,4,105,19,17,152,7,195,138,6,144,339
02/15/2010,PIE,FL,ASO,ES,Towers with Radar,21,17,51,5,94,0,4,83,6,93,21,21,134,11,187,88,0,88,275
02/16/2010,PIE,FL,ASO,ES,Towers with Radar,16,7,69,20,112,0,0,99,28,127,16,7,168,48,239,160,48,208,447
02/17/2010,PIE,FL,ASO,ES,Towers with Radar,20,10,64,56,150,0,4,96,29,129,20,14,160,85,279,136,38,174,453
02/18/2010,PIE,FL,ASO,ES,Towers with Radar,18,20,63,26,127,1,19,102,29,151,19,39,165,55,278,166,18,184,462
02/19/2010,PIE,FL,ASO,ES,Towers with Radar,23,31,95,22,171,0,15,123,30,168,23,46,218,52,339,194,56,250,589
02/20/2010,PIE,FL,ASO,ES,Towers with Radar,20,20,71,3,114,0,18,144,13,175,20,38,215,16,289,194,2,196,485
02/21/2010,PIE,FL,ASO,ES,Towers with Radar,16,23,74,15,128,0,13,164,12,189,16,36,238,27,317,172,10,182,499
02/22/2010,PIE,FL,ASO,ES,Towers with Radar,21,21,74,9,125,0,9,36,17,62,21,30,110,26,187,20,24,44,231
02/23/2010,PIE,FL,ASO,ES,Towers with Radar,19,33,119,17,188,0,4,113,20,137,19,37,232,37,325,110,16,126,451
02/24/2010,PIE,FL,ASO,ES,Towers with Radar,20,17,72,12,121,0,6,29,10,45,20,23,101,22,166,98,2,100,266
02/25/2010,PIE,FL,ASO,ES,Towers with Radar,20,18,69,10,117,0,23,109,12,144,20,41,178,22,261,102,20,122,383
02/26/2010,PIE,FL,ASO,ES,Towers with Radar,23,13,104,13,153,0,14,121,25,160,23,27,225,38,313,196,2,198,511
02/27/2010,PIE,FL,ASO,ES,Towers with Radar,20,15,64,10,109,0,6,57,7,70,20,21,121,17,179,88,26,114,293
02/28/2010,PIE,FL,ASO,ES,Towers with Radar,18,28,105,3,154,0,12,148,11,171,18,40,253,14,325,134,18,152,477
03/01/2010,PIE,FL,ASO,ES,Towers with Radar,24,8,89,13,134,0,7,114,8,129,24,15,203,21,263,114,6,120,383
03/02/2010,PIE,FL,ASO,ES,Towers with Radar,17,11,60,11,99,0,0,24,17,41,17,11,84,28,140,6,36,42,182
03/03/2010,PIE,FL,ASO,ES,Towers with Radar,24,18,64,30,136,0,5,57,11,73,24,23,121,41,209,18,16,34,243
03/04/2010,PIE,FL,ASO,ES,Towers with Radar,24,13,86,22,145,0,17,76,31,124,24,30,162,53,269,68,14,82,351
03/05/2010,PIE,FL,ASO,ES,Towers with Radar,27,10,61,39,137,0,9,110,34,153,27,19,171,73,290,124,76,200,490
03/06/2010,PIE,FL,ASO,ES,Towers with Radar,23,15,63,10,111,0,5,146,12,163,23,20,209,22,274,158,4,162,436
03/07/2010,PIE,FL,ASO,ES,Towers with Radar,20,32,107,4,163,0,11,159,6,176,20,43,266,10,339,286,0,286,625
03/08/2010,PIE,FL,ASO,ES,Towers with Radar,22,17,105,9,153,0,10,136,27,173,22,27,241,36,326,136,16,152,478
03/09/2010,PIE,FL,ASO,ES,Towers with Radar,23,34,99,11,167,0,4,109,23,136,23,38,208,34,303,208,54,262,565
03/10/2010,PIE,FL,ASO,ES,Towers with Radar,25,20,78,8,131,0,8,132,20,160,25,28,210,28,291,182,4,186,477
03/11/2010,PIE,FL,ASO,ES,Towers with Radar,18,21,48,8,95,0,3,21,6,30,18,24,69,14,125,32,16,48,173
03/12/2010,PIE,FL,ASO,ES,Towers with Radar,29,19,37,9,94,0,0,3,0,3,29,19,40,9,97,6,0,6,103
03/13/2010,PIE,FL,ASO,ES,Towers with Radar,22,19,60,14,115,0,5,129,13,147,22,24,189,27,262,136,11,147,409
03/14/2010,PIE,FL,ASO,ES,Towers with Radar,26,19,59,9,113,0,10,102,13,125,26,29,161,22,238,76,16,92,330
03/15/2010,PIE,FL,ASO,ES,Towers with Radar,26,18,69,13,126,0,4,87,11,102,26,22,156,24,228,100,24,124,352
03/16/2010,PIE,FL,ASO,ES,Towers with Radar,27,17,66,9,119,0,9,99,23,131,27,26,165,32,250,138,65,203,453
03/17/2010,PIE,FL,ASO,ES,Towers with Radar,26,17,97,8,148,0,8,88,30,126,26,25,185,38,274,102,64,166,440
03/18/2010,PIE,FL,ASO,ES,Towers with Radar,25,19,88,15,147,0,13,122,35,170,25,32,210,50,317,100,14,114,431
03/19/2010,PIE,FL,ASO,ES,Towers with Radar,27,13,81,26,147,0,12,144,37,193,27,25,225,63,340,258,30,288,628
03/20/2010,PIE,FL,ASO,ES,Towers with Radar,24,24,65,6,119,0,14,116,20,150,24,38,181,26,269,212,18,230,499
03/21/2010,PIE,FL,ASO,ES,Towers with Radar,22,32,64,10,128,0,0,17,0,17,22,32,81,10,145,18,0,18,163
03/22/2010,PIE,FL,ASO,ES,Towers with Radar,27,22,56,31,136,0,8,79,16,103,27,30,135,47,239,158,22,180,419
03/23/2010,PIE,FL,ASO,ES,Towers with Radar,26,28,66,16,136,0,0,104,48,152,26,28,170,64,288,103,40,143,431
03/24/2010,PIE,FL,ASO,ES,Towers with Radar,26,23,79,10,138,0,19,115,28,162,26,42,194,38,300,150,28,178,478
03/25/2010,PIE,FL,ASO,ES,Towers with Radar,24,20,111,20,175,0,14,84,12,110,24,34,195,32,285,110,54,164,449
03/26/2010,PIE,FL,ASO,ES,Towers with Radar,29,27,69,21,146,0,7,97,34,138,29,34,166,55,284,186,86,272,556
03/27/2010,PIE,FL,ASO,ES,Towers with Radar,22,11,65,1,99,0,15,147,20,182,22,26,212,21,281,174,2,176,457
03/28/2010,PIE,FL,ASO,ES,Towers with Radar,25,13,63,5,106,0,3,45,8,56,25,16,108,13,162,62,60,122,284
03/29/2010,PIE,FL,ASO,ES,Towers with Radar,25,14,73,17,129,0,0,60,22,82,25,14,133,39,211,50,40,90,301
03/30/2010,PIE,FL,ASO,ES,Towers with Radar,25,13,80,21,139,0,10,99,38,147,25,23,179,59,286,138,50,188,474
03/31/2010,PIE,FL,ASO,ES,Towers with Radar,24,15,49,10,98,0,6,93,26,125,24,21,142,36,223,124,36,160,383
04/01/2010,PIE,FL,ASO,ES,Towers with Radar,25,24,96,14,159,0,10,95,26,131,25,34,191,40,290,180,4,184,474
04/02/2010,PIE,FL,ASO,ES,Towers with Radar,28,25,73,2,128,0,6,86,10,102,28,31,159,12,230,240,0,240,470
04/03/2010,PIE,FL,ASO,ES,Towers with Radar,27,10,94,0,131,0,6,109,6,121,27,16,203,6,252,172,0,172,424
04/04/2010,PIE,FL,ASO,ES,Towers with Radar,23,16,32,0,71,0,10,74,0,84,23,26,106,0,155,174,0,174,329
04/05/2010,PIE,FL,ASO,ES,Towers with Radar,27,16,63,9,115,0,4,89,17,110,27,20,152,26,225,42,16,58,283
04/06/2010,PIE,FL,ASO,ES,Towers with Radar,23,22,70,9,124,0,6,77,31,114,23,28,147,40,238,100,60,160,398
04/07/2010,PIE,FL,ASO,ES,Towers with Radar,24,20,71,7,122,0,10,100,28,138,24,30,171,35,260,116,92,208,468
04/08/2010,PIE,FL,ASO,ES,Towers with Radar,25,19,54,20,118,0,38,106,27,171,25,57,160,47,289,116,60,176,465
04/09/2010,PIE,FL,ASO,ES,Towers with Radar,28,25,56,10,119,0,16,63,32,111,28,41,119,42,230,60,34,94,324
04/10/2010,PIE,FL,ASO,ES,Towers with Radar,24,18,52,3,97,0,9,125,35,169,24,27,177,38,266,128,2,130,396
04/11/2010,PIE,FL,ASO,ES,Towers with Radar,26,13,71,4,114,0,5,113,4,122,26,18,184,8,236,134,0,134,370
04/12/2010,PIE,FL,ASO,ES,Towers with Radar,26,8,65,7,106,0,2,109,21,132,26,10,174,28,238,152,16,168,406
04/13/2010,PIE,FL,ASO,ES,Towers with Radar,15,13,64,11,103,0,0,123,29,152,15,13,187,40,255,148,32,180,435
04/14/2010,PIE,FL,ASO,ES,Towers with Radar,21,23,46,15,105,0,13,118,31,162,21,36,164,46,267,158,16,174,441
04/15/2010,PIE,FL,ASO,ES,Towers with Radar,18,18,75,14,125,0,8,84,26,118,18,26,159,40,243,86,12,98,341
04/16/2010,PIE,FL,ASO,ES,Towers with Radar,25,7,70,2,104,0,11,156,26,193,25,18,226,28,297,208,20,228,525
04/17/2010,PIE,FL,ASO,ES,Towers with Radar,17,9,67,3,96,0,16,140,12,168,17,25,207,15,264,136,2,138,402
04/18/2010,PIE,FL,ASO,ES,Towers with Radar,15,22,61,4,102,0,1,22,0,23,15,23,83,4,125,0,0,0,125
04/19/2010,PIE,FL,ASO,ES,Towers with Radar,19,21,50,4,94,0,6,79,20,105,19,27,129,24,199,70,22,92,291
04/20/2010,PIE,FL,ASO,ES,Towers with Radar,13,25,78,14,130,0,2,109,29,140,13,27,187,43,270,170,28,198,468
04/21/2010,PIE,FL,ASO,ES,Towers with Radar,22,24,98,15,159,0,6,114,41,161,22,30,212,56,320,160,34,194,514
04/22/2010,PIE,FL,ASO,ES,Towers with Radar,17,33,116,15,181,0,18,113,26,157,17,51,229,41,338,162,32,194,532
04/23/2010,PIE,FL,ASO,ES,Towers with Radar,19,18,92,17,146,0,22,102,22,146,19,40,194,39,292,130,22,152,444
04/24/2010,PIE,FL,ASO,ES,Towers with Radar,15,22,70,7,114,0,17,139,20,176,15,39,209,27,290,136,2,138,428
04/25/2010,PIE,FL,ASO,ES,Towers with Radar,18,34,62,3,117,0,10,56,10,76,18,44,118,13,193,48,0,48,241
04/26/2010,PIE,FL,ASO,ES,Towers with Radar,17,37,69,36,159,0,9,79,15,103,17,46,148,51,262,58,38,96,358
04/27/2010,PIE,FL,ASO,ES,Towers with Radar,14,14,69,12,109,0,2,83,35,120,14,16,152,47,229,121,17,138,367
04/28/2010,PIE,FL,ASO,ES,Towers with Radar,21,9,118,9,157,0,12,120,31,163,21,21,238,40,320,138,40,178,498
04/29/2010,PIE,FL,ASO,ES,Towers with Radar,19,6,100,11,136,0,18,105,14,137,19,24,205,25,273,134,2,136,409
04/30/2010,PIE,FL,ASO,ES,Towers with Radar,20,8,71,1,100,0,13,108,17,138,20,21,179,18,238,150,0,150,388
05/01/2010,PIE,FL,ASO,ES,Towers with Radar,17,9,56,2,84,0,2,93,13,108,17,11,149,15,192,76,6,82,274
05/02/2010,PIE,FL,ASO,ES,Towers with Radar,18,20,100,7,145,0,11,76,8,95,18,31,176,15,240,78,6,84,324
05/03/2010,PIE,FL,ASO,ES,Towers with Radar,20,4,42,15,81,0,9,77,22,108,20,13,119,37,189,44,48,92,281
05/04/2010,PIE,FL,ASO,ES,Towers with Radar,12,16,66,12,106,0,3,73,13,89,12,19,139,25,195,80,10,90,285
05/05/2010,PIE,FL,ASO,ES,Towers with Radar,18,25,83,16,142,0,13,52,14,79,18,38,135,30,221,92,14,106,327
05/06/2010,PIE,FL,ASO,ES,Towers with Radar,17,13,100,3,133,0,10,58,5,73,17,23,158,8,206,142,2,144,350
05/07/2010,PIE,FL,ASO,ES,Towers with Radar,19,18,86,10,133,0,21,133,15,169,19,39,219,25,302,138,2,140,442
05/08/2010,PIE,FL,ASO,ES,Towers with Radar,16,10,70,9,105,0,7,96,8,111,16,17,166,17,216,112,16,128,344
05/09/2010,PIE,FL,ASO,ES,Towers with Radar,16,22,43,5,86,0,9,53,4,66,16,31,96,9,152,54,0,54,206
05/10/2010,PIE,FL,ASO,ES,Towers with Radar,19,7,41,7,74,0,3,79,18,100,19,10,120,25,174,124,36,160,334
05/11/2010,PIE,FL,ASO,ES,Towers with Radar,12,13,59,6,90,0,4,93,26,123,12,17,152,32,213,106,48,154,367
05/12/2010,PIE,FL,ASO,ES,Towers with Radar,21,12,55,13,101,0,14,123,13,150,21,26,178,26,251,132,10,142,393
05/13/2010,PIE,FL,ASO,ES,Towers with Radar,20,17,54,6,97,0,21,123,32,176,20,38,177,38,273,140,50,190,463
05/14/2010,PIE,FL,ASO,ES,Towers with Radar,18,11,47,7,83,0,16,120,21,157,18,27,167,28,240,156,22,178,418
05/15/2010,PIE,FL,ASO,ES,Towers with Radar,16,6,48,7,77,0,7,120,15,142,16,13,168,22,219,124,0,124,343
05/16/2010,PIE,FL,ASO,ES,Towers with Radar,20,19,57,2,98,0,9,75,5,89,20,28,132,7,187,64,0,64,251
05/17/2010,PIE,FL,ASO,ES,Towers with Radar,18,16,49,3,86,0,2,30,14,46,18,18,79,17,132,52,8,60,192
05/18/2010,PIE,FL,ASO,ES,Towers with Radar,14,32,67,9,122,0,0,92,19,111,14,32,159,28,233,82,24,106,339
05/19/2010,PIE,FL,ASO,ES,Towers with Radar,22,5,88,8,123,0,19,102,14,135,22,24,190,22,258,164,20,184,442
05/20/2010,PIE,FL,ASO,ES,Towers with Radar,18,11,65,10,104,0,11,111,23,145,18,22,176,33,249,246,22,268,517
05/21/2010,PIE,FL,ASO,ES,Towers with Radar,18,17,81,10,126,0,20,114,11,145,18,37,195,21,271,300,12,312,583
05/22/2010,PIE,FL,ASO,ES,Towers with Radar,16,6,48,6,76,0,11,120,15,146,16,17,168,21,222,118,18,136,358
05/23/2010,PIE,FL,ASO,ES,Towers with Radar,18,5,66,10,99,0,10,111,20,141,18,15,177,30,240,126,4,130,370
05/24/2010,PIE,FL,ASO,ES,Towers with Radar,18,12,49,20,99,0,10,100,16,126,18,22,149,36,225,192,2,194,419
05/25/2010,PIE,FL,ASO,ES,Towers with Radar,9,10,72,11,102,0,14,84,13,111,9,24,156,24,213,90,18,108,321
05/26/2010,PIE,FL,ASO,ES,Towers with Radar,23,17,91,23,154,0,12,114,25,151,23,29,205,48,305,152,18,170,475
05/27/2010,PIE,FL,ASO,ES,Towers with Radar,21,24,62,19,126,0,17,127,19,163,21,41,189,38,289,260,8,268,557
05/28/2010,PIE,FL,ASO,ES,Towers with Radar,21,17,95,7,140,0,12,93,10,115,21,29,188,17,255,160,49,209,464
05/29/2010,PIE,FL,ASO,ES,Towers with Radar,15,10,35,14,74,0,4,76,7,87,15,14,111,21,161,92,4,96,257
05/30/2010,PIE,FL,ASO,ES,Towers with Radar,20,8,37,7,72,0,1,76,12,89,20,9,113,19,161,52,0,52,213
05/31/2010,PIE,FL,ASO,ES,Towers with Radar,15,16,71,5,107,0,8,99,2,109,15,24,170,7,216,98,0,98,314
06/01/2010,PIE,FL,ASO,ES,Towers with Radar,11,15,72,7,105,0,4,67,29,100,11,19,139,36,205,114,40,154,359
06/02/2010,PIE,FL,ASO,ES,Towers with Radar,26,16,55,25,122,0,6,94,30,130,26,22,149,55,252,174,104,278,530
06/03/2010,PIE,FL,ASO,ES,Towers with Radar,24,19,51,3,97,0,11,83,13,107,24,30,134,16,204,110,14,124,328
06/04/2010,PIE,FL,ASO,ES,Towers with Radar,24,12,64,10,110,0,13,56,25,94,24,25,120,35,204,174,40,214,418
06/05/2010,PIE,FL,ASO,ES,Towers with Radar,13,14,64,2,93,0,9,96,21,126,13,23,160,23,219,110,12,122,341
06/06/2010,PIE,FL,ASO,ES,Towers with Radar,25,9,41,5,80,0,9,72,19,100,25,18,113,24,180,48,26,74,254
06/07/2010,PIE,FL,ASO,ES,Towers with Radar,21,19,50,8,98,0,3,61,30,94,21,22,111,38,192,100,38,138,330
06/08/2010,PIE,FL,ASO,ES,Towers with Radar,9,19,60,10,98,0,1,82,31,114,9,20,142,41,212,110,78,188,400
06/09/2010,PIE,FL,ASO,ES,Towers with Radar,24,12,56,8,100,0,9,113,37,159,24,21,169,45,259,154,38,192,451
06/10/2010,PIE,FL,ASO,ES,Towers with Radar,21,10,50,27,108,0,6,79,46,131,21,16,129,73,239,192,92,284,523
06/11/2010,PIE,FL,ASO,ES,Towers with Radar,24,12,49,8,93,1,21,85,24,131,25,33,134,32,224,104,22,126,350
06/12/2010,PIE,FL,ASO,ES,Towers with Radar,17,9,41,0,67,0,8,92,21,121,17,17,133,21,188,98,20,118,306
06/13/2010,PIE,FL,ASO,ES,Towers with Radar,23,9,37,6,75,0,7,81,29,117,23,16,118,35,192,136,0,136,328
06/14/2010,PIE,FL,ASO,ES,Towers with Radar,22,11,39,15,87,0,8,77,22,107,22,19,116,37,194,74,28,102,296
06/15/2010,PIE,FL,ASO,ES,Towers with Radar,10,17,51,13,91,0,7,83,21,111,10,24,134,34,202,134,2,136,338
06/16/2010,PIE,FL,ASO,ES,Towers with Radar,26,12,76,10,124,0,5,86,34,125,26,17,162,44,249,96,40,136,385
06/17/2010,PIE,FL,ASO,ES,Towers with Radar,27,14,64,16,121,0,12,63,36,111,27,26,127,52,232,128,82,210,442
06/18/2010,PIE,FL,ASO,ES,Towers with Radar,27,16,52,15,110,0,14,72,30,116,27,30,124,45,226,98,70,168,394
06/19/2010,PIE,FL,ASO,ES,Towers with Radar,15,5,36,0,56,0,9,72,7,88,15,14,108,7,144,90,2,92,236
06/20/2010,PIE,FL,ASO,ES,Towers with Radar,28,6,43,2,79,0,8,60,4,72,28,14,103,6,151,102,8,110,261
06/21/2010,PIE,FL,ASO,ES,Towers with Radar,25,14,32,6,77,0,3,38,12,53,25,17,70,18,130,22,20,42,172
06/22/2010,PIE,FL,ASO,ES,Towers with Radar,17,12,50,16,95,0,9,87,27,123,17,21,137,43,218,138,12,150,368
06/23/2010,PIE,FL,ASO,ES,Towers with Radar,26,7,88,14,135,0,13,110,50,173,26,20,198,64,308,108,105,213,521
06/24/2010,PIE,FL,ASO,ES,Towers with Radar,27,12,61,13,113,0,16,105,32,153,27,28,166,45,266,234,38,272,538
06/25/2010,PIE,FL,ASO,ES,Towers with Radar,24,18,47,15,104,0,8,90,24,122,24,26,137,39,226,126,34,160,386
06/26/2010,PIE,FL,ASO,ES,Towers with Radar,14,9,26,2,51,0,8,97,20,125,14,17,123,22,176,136,22,158,334
06/27/2010,PIE,FL,ASO,ES,Towers with Radar,26,12,59,12,109,0,9,104,16,129,26,21,163,28,238,94,2,96,334
06/28/2010,PIE,FL,ASO,ES,Towers with Radar,25,5,49,2,81,0,9,99,23,131,25,14,148,25,212,102,60,162,374
06/29/2010,PIE,FL,ASO,ES,Towers with Radar,20,23,51,5,99,0,8,85,23,116,20,31,136,28,215,158,22,180,395
06/30/2010,PIE,FL,ASO,ES,Towers with Radar,23,4,43,7,77,0,4,58,16,78,23,8,101,23,155,88,24,112,267
07/01/2010,PIE,FL,ASO,ES,Towers with Radar,25,23,78,11,137,1,13,63,17,94,26,36,141,28,231,110,14,124,355
07/02/2010,PIE,FL,ASO,ES,Towers with Radar,25,18,59,12,114,0,6,30,20,56,25,24,89,32,170,80,30,110,280
07/03/2010,PIE,FL,ASO,ES,Towers with Radar,17,8,33,8,66,0,2,30,5,37,17,10,63,13,103,54,0,54,157
07/04/2010,PIE,FL,ASO,ES,Towers with Radar,26,0,13,4,43,0,0,12,2,14,26,0,25,6,57,12,0,12,69
07/05/2010,PIE,FL,ASO,ES,Towers with Radar,28,18,52,1,99,0,0,13,0,13,28,18,65,1,112,10,0,10,122
07/06/2010,PIE,FL,ASO,ES,Towers with Radar,21,14,33,5,73,0,5,79,16,100,21,19,112,21,173,94,4,98,271
07/07/2010,PIE,FL,ASO,ES,Towers with Radar,26,18,58,16,118,0,5,117,34,156,26,23,175,50,274,166,24,190,464
07/08/2010,PIE,FL,ASO,ES,Towers with Radar,29,12,60,13,114,0,7,100,24,131,29,19,160,37,245,140,36,176,421
07/09/2010,PIE,FL,ASO,ES,Towers with Radar,27,11,40,2,80,0,6,135,8,149,27,17,175,10,229,218,16,234,463
07/10/2010,PIE,FL,ASO,ES,Towers with Radar,13,12,34,13,72,0,4,127,16,147,13,16,161,29,219,174,2,176,395
07/11/2010,PIE,FL,ASO,ES,Towers with Radar,27,20,39,0,86,0,5,84,21,110,27,25,123,21,196,108,14,122,318
07/12/2010,PIE,FL,ASO,ES,Towers with Radar,31,7,48,15,101,0,10,95,35,140,31,17,143,50,241,178,36,214,455
07/13/2010,PIE,FL,ASO,ES,Towers with Radar,19,16,35,4,74,0,6,90,25,121,19,22,125,29,195,146,1,147,342
07/14/2010,PIE,FL,ASO,ES,Towers with Radar,23,7,57,9,96,0,12,124,30,166,23,19,181,39,262,132,6,138,400
07/15/2010,PIE,FL,ASO,ES,Towers with Radar,27,12,46,5,90,0,1,56,13,70,27,13,102,18,160,42,4,46,206
07/16/2010,PIE,FL,ASO,ES,Towers with Radar,25,17,47,10,99,0,7,74,24,105,25,24,121,34,204,127,13,140,344
07/17/2010,PIE,FL,ASO,ES,Towers with Radar,13,7,41,2,63,0,0,114,18,132,13,7,155,20,195,124,12,136,331
07/18/2010,PIE,FL,ASO,ES,Towers with Radar,25,10,54,8,97,0,5,95,20,120,25,15,149,28,217,112,22,134,351
07/19/2010,PIE,FL,ASO,ES,Towers with Radar,27,8,45,24,104,0,5,64,30,99,27,13,109,54,203,92,26,118,321
07/20/2010,PIE,FL,ASO,ES,Towers with Radar,19,10,32,19,80,0,3,87,15,105,19,13,119,34,185,116,20,136,321
07/21/2010,PIE,FL,ASO,ES,Towers with Radar,24,7,61,14,106,0,11,119,20,150,24,18,180,34,256,160,2,162,418
07/22/2010,PIE,FL,ASO,ES,Towers with Radar,27,19,66,11,123,0,7,89,25,121,27,26,155,36,244,194,44,238,482
07/23/2010,PIE,FL,ASO,ES,Towers with Radar,27,12,39,7,85,0,4,44,15,63,27,16,83,22,148,98,42,140,288
07/24/2010,PIE,FL,ASO,ES,Towers with Radar,13,6,47,3,69,0,4,58,13,75,13,10,105,16,144,34,0,34,178
07/25/2010,PIE,FL,ASO,ES,Towers with Radar,29,6,20,8,63,0,8,84,15,107,29,14,104,23,170,146,0,146,316
07/26/2010,PIE,FL,ASO,ES,Towers with Radar,25,13,40,15,93,0,7,102,34,143,25,20,142,49,236,144,22,166,402
07/27/2010,PIE,FL,ASO,ES,Towers with Radar,22,11,62,7,102,0,1,93,17,111,22,12,155,24,213,94,52,146,359
07/28/2010,PIE,FL,ASO,ES,Towers with Radar,25,10,38,4,77,0,3,84,18,105,25,13,122,22,182,162,22,184,366
07/29/2010,PIE,FL,ASO,ES,Towers with Radar,30,5,35,8,78,0,5,52,17,74,30,10,87,25,152,92,14,106,258
07/30/2010,PIE,FL,ASO,ES,Towers with Radar,24,18,36,17,95,0,8,79,9,96,24,26,115,26,191,98,14,112,303
07/31/2010,PIE,FL,ASO,ES,Towers with Radar,13,5,30,12,60,0,4,68,6,78,13,9,98,18,138,134,28,162,300
08/01/2010,PIE,FL,ASO,ES,Towers with Radar,28,8,58,4,98,0,7,98,8,113,28,15,156,12,211,134,12,146,357
08/02/2010,PIE,FL,ASO,ES,Towers with Radar,26,13,53,10,102,0,4,86,20,110,26,17,139,30,212,96,44,140,352
08/03/2010,PIE,FL,ASO,ES,Towers with Radar,22,10,47,10,89,0,0,81,24,105,22,10,128,34,194,184,4,188,382
08/04/2010,PIE,FL,ASO,ES,Towers with Radar,24,9,75,8,116,0,8,108,15,131,24,17,183,23,247,104,54,158,405
08/05/2010,PIE,FL,ASO,ES,Towers with Radar,23,4,68,14,109,0,7,55,13,75,23,11,123,27,184,50,10,60,244
08/06/2010,PIE,FL,ASO,ES,Towers with Radar,30,11,60,27,128,0,7,62,16,85,30,18,122,43,213,76,50,126,339
08/07/2010,PIE,FL,ASO,ES,Towers with Radar,13,10,46,25,94,0,4,84,7,95,13,14,130,32,189,174,8,182,371
08/08/2010,PIE,FL,ASO,ES,Towers with Radar,27,15,44,9,95,0,5,38,8,51,27,20,82,17,146,68,52,120,266
08/09/2010,PIE,FL,ASO,ES,Towers with Radar,29,9,64,6,108,0,4,37,9,50,29,13,101,15,158,30,0,30,188
08/10/2010,PIE,FL,ASO,ES,Towers with Radar,11,17,52,22,102,0,3,55,23,81,11,20,107,45,183,90,32,122,305
08/11/2010,PIE,FL,ASO,ES,Towers with Radar,23,8,39,33,103,0,3,32,43,78,23,11,71,76,181,20,68,88,269
08/12/2010,PIE,FL,ASO,ES,Towers with Radar,21,13,37,19,90,0,2,44,30,76,21,15,81,49,166,126,26,152,318
08/13/2010,PIE,FL,ASO,ES,Towers with Radar,20,22,97,18,157,0,7,84,26,117,20,29,181,44,274,130,24,154,428
08/14/2010,PIE,FL,ASO,ES,Towers with Radar,15,12,50,4,81,0,4,117,7,128,15,16,167,11,209,152,0,152,361
08/15/2010,PIE,FL,ASO,ES,Towers with Radar,25,11,26,2,64,0,6,92,8,106,25,17,118,10,170,102,2,104,274
08/16/2010,PIE,FL,ASO,ES,Towers with Radar,23,8,44,10,85,0,4,46,29,79,23,12,90,39,164,40,54,94,258
08/17/2010,PIE,FL,ASO,ES,Towers with Radar,11,10,55,10,86,0,5,73,15,93,11,15,128,25,179,64,14,78,257
08/18/2010,PIE,FL,ASO,ES,Towers with Radar,24,12,40,16,92,0,4,70,28,102,24,16,110,44,194,82,40,122,316
08/19/2010,PIE,FL,ASO,ES,Towers with Radar,20,8,56,32,116,0,8,96,25,129,20,16,152,57,245,148,58,206,451
08/20/2010,PIE,FL,ASO,ES,Towers with Radar,19,8,61,12,100,0,8,72,18,98,19,16,133,30,198,106,34,140,338
08/21/2010,PIE,FL,ASO,ES,Towers with Radar,11,5,22,7,45,0,1,60,7,68,11,6,82,14,113,50,2,52,165
08/22/2010,PIE,FL,ASO,ES,Towers with Radar,20,6,33,3,62,0,4,52,4,60,20,10,85,7,122,52,8,60,182
08/23/2010,PIE,FL,ASO,ES,Towers with Radar,18,5,32,5,60,0,0,16,1,17,18,5,48,6,77,2,22,24,101
08/24/2010,PIE,FL,ASO,ES,Towers with Radar,6,12,28,5,51,0,0,10,12,22,6,12,38,17,73,22,20,42,115
08/25/2010,PIE,FL,ASO,ES,Towers with Radar,13,4,26,6,49,0,1,27,16,44,13,5,53,22,93,54,44,98,191
08/26/2010,PIE,FL,ASO,ES,Towers with Radar,17,11,57,14,99,0,9,74,33,116,17,20,131,47,215,94,54,148,363
08/27/2010,PIE,FL,ASO,ES,Towers with Radar,13,9,66,17,105,0,3,70,27,100,13,12,136,44,205,66,40,106,311
08/28/2010,PIE,FL,ASO,ES,Towers with Radar,5,11,39,5,60,0,2,92,24,118,5,13,131,29,178,154,8,162,340
08/29/2010,PIE,FL,ASO,ES,Towers with Radar,19,14,18,16,67,0,10,85,17,112,19,24,103,33,179,56,28,84,263
08/30/2010,PIE,FL,ASO,ES,Towers with Radar,11,7,38,20,76,0,1,76,32,109,11,8,114,52,185,74,52,126,311
08/31/2010,PIE,FL,ASO,ES,Towers with Radar,5,19,51,9,84,0,26,78,30,134,5,45,129,39,218,78,46,124,342
09/01/2010,PIE,FL,ASO,ES,Towers with Radar,12,10,58,11,91,0,12,133,32,177,12,22,191,43,268,140,6,146,414
09/02/2010,PIE,FL,ASO,ES,Towers with Radar,19,8,58,17,102,1,20,99,28,148,20,28,157,45,250,106,10,116,366
09/03/2010,PIE,FL,ASO,ES,Towers with Radar,17,9,70,13,109,0,7,92,11,110,17,16,162,24,219,100,66,166,385
09/04/2010,PIE,FL,ASO,ES,Towers with Radar,5,5,35,5,50,0,4,102,3,109,5,9,137,8,159,96,0,96,255
09/05/2010,PIE,FL,ASO,ES,Towers with Radar,19,7,18,7,51,0,3,69,8,80,19,10,87,15,131,46,12,58,189
09/06/2010,PIE,FL,ASO,ES,Towers with Radar,10,6,43,4,63,0,2,69,2,73,10,8,112,6,136,102,0,102,238
09/07/2010,PIE,FL,ASO,ES,Towers with Radar,6,11,27,10,54,0,4,41,7,52,6,15,68,17,106,64,10,74,180
09/08/2010,PIE,FL,ASO,ES,Towers with Radar,14,6,40,5,65,0,4,66,26,96,14,10,106,31,161,64,46,110,271
09/09/2010,PIE,FL,ASO,ES,Towers with Radar,15,17,60,13,105,0,6,94,38,138,15,23,154,51,243,118,52,170,413
09/10/2010,PIE,FL,ASO,ES,Towers with Radar,16,9,55,15,95,0,5,88,17,110,16,14,143,32,205,68,38,106,311
09/11/2010,PIE,FL,ASO,ES,Towers with Radar,7,8,25,10,50,0,5,82,7,94,7,13,107,17,144,106,8,114,258
09/12/2010,PIE,FL,ASO,ES,Towers with Radar,19,11,22,7,59,0,12,87,14,113,19,23,109,21,172,86,16,102,274
09/13/2010,PIE,FL,ASO,ES,Towers with Radar,10,9,43,6,68,0,3,79,13,95,10,12,122,19,163,50,70,120,283
09/14/2010,PIE,FL,ASO,ES,Towers with Radar,3,8,47,12,70,0,2,84,18,104,3,10,131,30,174,100,16,116,290
09/15/2010,PIE,FL,ASO,ES,Towers with Radar,12,15,65,18,110,0,7,99,16,122,12,22,164,34,232,72,54,126,358
09/16/2010,PIE,FL,ASO,ES,Towers with Radar,13,24,32,7,76,0,7,72,27,106,13,31,104,34,182,112,58,170,352
09/17/2010,PIE,FL,ASO,ES,Towers with Radar,19,10,82,12,123,0,4,91,21,116,19,14,173,33,239,112,14,126,365
09/18/2010,PIE,FL,ASO,ES,Towers with Radar,6,13,41,3,63,0,5,127,7,139,6,18,168,10,202,172,12,184,386
09/19/2010,PIE,FL,ASO,ES,Towers with Radar,19,9,43,3,74,0,11,95,8,114,19,20,138,11,188,126,14,140,328
09/20/2010,PIE,FL,ASO,ES,Towers with Radar,11,5,47,12,75,0,8,110,26,144,11,13,157,38,219,156,14,170,389
09/21/2010,PIE,FL,ASO,ES,Towers with Radar,5,7,53,4,69,0,1,79,20,100,5,8,132,24,169,112,18,130,299
09/22/2010,PIE,FL,ASO,ES,Towers with Radar,15,17,54,11,97,11,6,96,30,143,26,23,150,41,240,124,32,156,396
09/23/2010,PIE,FL,ASO,ES,Towers with Radar,20,12,48,26,106,0,3,70,36,109,20,15,118,62,215,114,64,178,393
09/24/2010,PIE,FL,ASO,ES,Towers with Radar,14,11,34,7,66,0,2,51,17,70,14,13,85,24,136,72,10,82,218
09/25/2010,PIE,FL,ASO,ES,Towers with Radar,7,9,59,2,77,0,6,86,8,100,7,15,145,10,177,156,12,168,345
09/26/2010,PIE,FL,ASO,ES,Towers with Radar,20,11,28,3,62,0,5,107,13,125,20,16,135,16,187,72,12,84,271
09/27/2010,PIE,FL,ASO,ES,Towers with Radar,8,7,38,13,66,0,15,62,11,88,8,22,100,24,154,70,20,90,244
09/28/2010,PIE,FL,ASO,ES,Towers with Radar,5,10,57,3,75,0,0,51,16,67,5,10,108,19,142,122,44,166,308
09/29/2010,PIE,FL,ASO,ES,Towers with Radar,12,9,50,13,84,0,2,72,23,97,12,11,122,36,181,72,6,78,259
09/30/2010,PIE,FL,ASO,ES,Towers with Radar,18,32,57,11,118,0,7,68,26,101,18,39,125,37,219,46,72,118,337
10/01/2010,PIE,FL,ASO,ES,Towers with Radar,18,13,50,24,105,0,7,75,21,103,18,20,125,45,208,80,48,128,336
10/02/2010,PIE,FL,ASO,ES,Towers with Radar,1,9,24,3,37,0,5,90,10,105,1,14,114,13,142,130,0,130,272
10/03/2010,PIE,FL,ASO,ES,Towers with Radar,17,14,28,1,60,0,5,110,5,120,17,19,138,6,180,118,8,126,306
10/04/2010,PIE,FL,ASO,ES,Towers with Radar,17,9,34,9,69,0,8,98,24,130,17,17,132,33,199,110,26,136,335
10/05/2010,PIE,FL,ASO,ES,Towers with Radar,6,20,69,11,106,0,2,82,22,106,6,22,151,33,212,78,44,122,334
10/06/2010,PIE,FL,ASO,ES,Towers with Radar,7,16,61,13,97,0,8,106,27,141,7,24,167,40,238,100,118,218,456
10/07/2010,PIE,FL,ASO,ES,Towers with Radar,21,26,49,6,102,0,11,70,14,95,21,37,119,20,197,160,36,196,393
10/08/2010,PIE,FL,ASO,ES,Towers with Radar,18,15,55,14,102,0,6,102,13,121,18,21,157,27,223,132,2,134,357
10/09/2010,PIE,FL,ASO,ES,Towers with Radar,1,11,54,12,78,0,3,109,14,126,1,14,163,26,204,162,0,162,366
10/10/2010,PIE,FL,ASO,ES,Towers with Radar,21,8,41,8,78,0,4,90,15,109,21,12,131,23,187,94,6,100,287
10/11/2010,PIE,FL,ASO,ES,Towers with Radar,16,13,51,5,85,0,7,96,7,110,16,20,147,12,195,54,34,88,283
10/12/2010,PIE,FL,ASO,ES,Towers with Radar,5,8,42,12,67,0,4,74,30,108,5,12,116,42,175,98,70,168,343
10/13/2010,PIE,FL,ASO,ES,Towers with Radar,5,12,51,15,83,0,18,86,22,126,5,30,137,37,209,102,18,120,329
10/14/2010,PIE,FL,ASO,ES,Towers with Radar,21,14,54,23,112,0,12,52,32,96,21,26,106,55,208,56,38,94,302
10/15/2010,PIE,FL,ASO,ES,Towers with Radar,20,22,43,12,97,0,4,99,15,118,20,26,142,27,215,152,10,162,377
10/16/2010,PIE,FL,ASO,ES,Towers with Radar,1,12,41,5,59,0,1,128,20,149,1,13,169,25,208,104,10,114,322
10/17/2010,PIE,FL,ASO,ES,Towers with Radar,18,34,56,5,113,0,2,104,33,139,18,36,160,38,252,70,70,140,392
10/18/2010,PIE,FL,ASO,ES,Towers with Radar,19,9,55,8,91,0,5,89,23,117,19,14,144,31,208,48,44,92,300
10/19/2010,PIE,FL,ASO,ES,Towers with Radar,6,6,68,11,91,0,1,86,14,101,6,7,154,25,192,76,36,112,304
10/20/2010,PIE,FL,ASO,ES,Towers with Radar,9,19,60,12,100,0,11,94,36,141,9,30,154,48,241,122,56,178,419
10/21/2010,PIE,FL,ASO,ES,Towers with Radar,22,13,63,6,104,0,5,93,21,119,22,18,156,27,223,182,54,236,459
10/22/2010,PIE,FL,ASO,ES,Towers with Radar,19,11,36,34,100,0,5,82,16,103,19,16,118,50,203,80,54,134,337
10/23/2010,PIE,FL,ASO,ES,Towers with Radar,2,4,39,18,63,0,2,111,13,126,2,6,150,31,189,166,38,204,393
10/24/2010,PIE,FL,ASO,ES,Towers with Radar,18,18,44,11,91,0,8,88,18,114,18,26,132,29,205,148,10,158,363
10/25/2010,PIE,FL,ASO,ES,Towers with Radar,16,7,44,18,85,0,20,66,33,119,16,27,110,51,204,83,36,119,323
10/26/2010,PIE,FL,ASO,ES,Towers with Radar,5,22,45,14,86,0,7,80,27,114,5,29,125,41,200,92,114,206,406
10/27/2010,PIE,FL,ASO,ES,Towers with Radar,9,11,68,22,110,0,10,107,30,147,9,21,175,52,257,124,18,142,399
10/28/2010,PIE,FL,ASO,ES,Towers with Radar,17,14,54,15,100,0,14,76,8,98,17,28,130,23,198,102,2,104,302
10/29/2010,PIE,FL,ASO,ES,Towers with Radar,18,13,57,11,99,0,1,85,14,100,18,14,142,25,199,122,28,150,349
10/30/2010,PIE,FL,ASO,ES,Towers with Radar,5,11,45,1,62,0,8,120,10,138,5,19,165,11,200,108,6,114,314
10/31/2010,PIE,FL,ASO,ES,Towers with Radar,16,13,35,8,72,0,8,115,3,126,16,21,150,11,198,140,0,140,338
11/01/2010,PIE,FL,ASO,ES,Towers with Radar,22,16,49,19,106,0,5,90,32,127,22,21,139,51,233,132,37,169,402
11/02/2010,PIE,FL,ASO,ES,Towers with Radar,6,15,56,12,89,0,1,38,22,61,6,16,94,34,150,76,60,136,286
11/03/2010,PIE,FL,ASO,ES,Towers with Radar,10,13,57,10,90,0,9,67,26,102,10,22,124,36,192,92,50,142,334
11/04/2010,PIE,FL,ASO,ES,Towers with Radar,19,18,43,16,96,0,5,27,8,40,19,23,70,24,136,8,16,24,160
11/05/2010,PIE,FL,ASO,ES,Towers with Radar,17,22,66,9,114,0,4,80,16,100,17,26,146,25,214,40,60,100,314
11/06/2010,PIE,FL,ASO,ES,Towers with Radar,8,9,42,1,60,0,5,81,6,92,8,14,123,7,152,38,2,40,192
11/07/2010,PIE,FL,ASO,ES,Towers with Radar,13,21,59,7,100,0,5,139,22,166,13,26,198,29,266,76,0,76,342
11/08/2010,PIE,FL,ASO,ES,Towers with Radar,18,11,47,4,80,0,11,99,20,130,18,22,146,24,210,76,10,86,296
11/09/2010,PIE,FL,ASO,ES,Towers with Radar,6,6,59,17,88,0,5,93,38,136,6,11,152,55,224,84,154,238,462
11/10/2010,PIE,FL,ASO,ES,Towers with Radar,9,13,60,27,109,0,6,101,47,154,9,19,161,74,263,90,116,206,469
11/11/2010,PIE,FL,ASO,ES,Towers with Radar,24,11,44,0,79,0,8,86,6,100,24,19,130,6,179,58,2,60,239
11/12/2010,PIE,FL,ASO,ES,Towers with Radar,18,10,49,5,82,0,4,86,26,116,18,14,135,31,198,164,64,228,426
11/13/2010,PIE,FL,ASO,ES,Towers with Radar,9,4,32,4,49,0,3,134,5,142,9,7,166,9,191,160,0,160,351
11/14/2010,PIE,FL,ASO,ES,Towers with Radar,14,12,53,4,83,0,13,148,6,167,14,25,201,10,250,166,4,170,420
11/15/2010,PIE,FL,ASO,ES,Towers with Radar,24,19,57,10,110,0,7,120,25,152,24,26,177,35,262,138,14,152,414
11/16/2010,PIE,FL,ASO,ES,Towers with Radar,7,11,73,18,109,0,3,70,25,98,7,14,143,43,207,50,38,88,295
11/17/2010,PIE,FL,ASO,ES,Towers with Radar,4,10,89,37,140,0,4,115,26,145,4,14,204,63,285,140,98,238,523
11/18/2010,PIE,FL,ASO,ES,Towers with Radar,26,17,63,18,124,0,12,100,27,139,26,29,163,45,263,118,66,184,447
11/19/2010,PIE,FL,ASO,ES,Towers with Radar,25,20,85,6,136,0,4,110,25,139,25,24,195,31,275,162,44,206,481
11/20/2010,PIE,FL,ASO,ES,Towers with Radar,11,4,69,5,89,0,9,124,18,151,11,13,193,23,240,144,14,158,398
11/21/2010,PIE,FL,ASO,ES,Towers with Radar,18,16,46,3,83,0,11,102,13,126,18,27,148,16,209,140,0,140,349
11/22/2010,PIE,FL,ASO,ES,Towers with Radar,26,7,46,12,91,0,3,101,45,149,26,10,147,57,240,128,66,194,434
11/23/2010,PIE,FL,ASO,ES,Towers with Radar,24,11,74,9,118,0,4,119,30,153,24,15,193,39,271,110,14,124,395
11/24/2010,PIE,FL,ASO,ES,Towers with Radar,28,29,48,9,114,0,10,109,29,148,28,39,157,38,262,150,4,154,416
11/25/2010,PIE,FL,ASO,ES,Towers with Radar,16,7,44,18,85,0,20,66,33,119,16,27,110,51,204,79,36,115,319
11/26/2010,PIE,FL,ASO,ES,Towers with Radar,24,22,35,2,83,0,1,40,17,58,24,23,75,19,141,60,32,92,233
11/27/2010,PIE,FL,ASO,ES,Towers with Radar,28,13,61,3,105,0,2,44,1,47,28,15,105,4,152,112,6,118,270
11/28/2010,PIE,FL,ASO,ES,Towers with Radar,19,25,87,3,134,0,7,121,7,135,19,32,208,10,269,142,6,148,417
11/29/2010,PIE,FL,ASO,ES,Towers with Radar,28,10,62,12,112,0,22,65,33,120,28,32,127,45,232,74,80,154,386
11/30/2010,PIE,FL,ASO,ES,Towers with Radar,9,15,44,30,98,0,5,86,45,136,9,20,130,75,234,106,70,176,410
12/01/2010,PIE,FL,ASO,ES,Towers with Radar,12,17,66,5,100,0,6,69,24,99,12,23,135,29,199,54,26,80,279
12/02/2010,PIE,FL,ASO,ES,Towers with Radar,21,19,62,9,111,0,8,88,29,125,21,27,150,38,236,132,24,156,392
12/03/2010,PIE,FL,ASO,ES,Towers with Radar,26,19,77,8,130,0,8,108,21,137,26,27,185,29,267,114,40,154,421
12/04/2010,PIE,FL,ASO,ES,Towers with Radar,13,5,69,5,92,0,1,139,16,156,13,6,208,21,248,180,26,206,454
12/05/2010,PIE,FL,ASO,ES,Towers with Radar,17,14,45,4,80,0,7,69,13,89,17,21,114,17,169,62,20,82,251
12/06/2010,PIE,FL,ASO,ES,Towers with Radar,27,9,49,15,100,0,3,73,24,100,27,12,122,39,200,88,28,116,316
12/07/2010,PIE,FL,ASO,ES,Towers with Radar,7,19,47,5,78,0,5,79,19,103,7,24,126,24,181,88,98,186,367
12/08/2010,PIE,FL,ASO,ES,Towers with Radar,12,8,37,4,61,0,14,92,29,135,12,22,129,33,196,112,36,148,344
12/09/2010,PIE,FL,ASO,ES,Towers with Radar,26,20,83,19,148,0,2,93,34,129,26,22,176,53,277,94,18,112,389
12/10/2010,PIE,FL,ASO,ES,Towers with Radar,28,16,59,12,115,0,1,88,18,107,28,17,147,30,222,114,42,156,378
12/11/2010,PIE,FL,ASO,ES,Towers with Radar,13,4,63,2,82,0,0,43,3,46,13,4,106,5,128,46,0,46,174
12/12/2010,PIE,FL,ASO,ES,Towers with Radar,16,11,16,4,47,0,2,24,4,30,16,13,40,8,77,28,0,28,105
12/13/2010,PIE,FL,ASO,ES,Towers with Radar,28,16,38,7,89,0,7,39,55,101,28,23,77,62,190,12,168,180,370
12/14/2010,PIE,FL,ASO,ES,Towers with Radar,8,14,61,11,94,0,5,74,39,118,8,19,135,50,212,68,58,126,338
12/15/2010,PIE,FL,ASO,ES,Towers with Radar,15,8,56,5,84,0,3,135,38,176,15,11,191,43,260,150,42,192,452
12/16/2010,PIE,FL,ASO,ES,Towers with Radar,25,6,43,9,83,0,4,70,20,94,25,10,113,29,177,138,34,172,349
12/17/2010,PIE,FL,ASO,ES,Towers with Radar,31,19,61,23,134,0,3,120,16,139,31,22,181,39,273,108,4,112,385
12/18/2010,PIE,FL,ASO,ES,Towers with Radar,15,24,41,7,87,0,2,43,13,58,15,26,84,20,145,76,54,130,275
12/19/2010,PIE,FL,ASO,ES,Towers with Radar,18,19,46,19,102,0,0,24,0,24,18,19,70,19,126,30,0,30,156
12/20/2010,PIE,FL,ASO,ES,Towers with Radar,33,15,74,9,131,0,11,119,17,147,33,26,193,26,278,128,96,224,502
12/21/2010,PIE,FL,ASO,ES,Towers with Radar,33,7,34,9,83,0,11,102,23,136,33,18,136,32,219,206,56,262,481
12/22/2010,PIE,FL,ASO,ES,Towers with Radar,35,11,33,11,90,0,5,80,9,94,35,16,113,20,184,90,6,96,280
12/23/2010,PIE,FL,ASO,ES,Towers with Radar,33,19,27,23,102,0,7,81,6,94,33,26,108,29,196,120,16,136,332
12/24/2010,PIE,FL,ASO,ES,Towers with Radar,28,9,33,1,71,0,4,46,8,58,28,13,79,9,129,42,20,62,191
12/25/2010,PIE,FL,ASO,ES,Towers with Radar,25,10,11,0,46,0,0,18,0,18,25,10,29,0,64,4,0,4,68
12/26/2010,PIE,FL,ASO,ES,Towers with Radar,21,23,32,2,78,0,2,22,4,28,21,25,54,6,106,0,0,0,106
12/27/2010,PIE,FL,ASO,ES,Towers with Radar,25,9,41,8,83,0,3,58,6,67,25,12,99,14,150,52,8,60,210
12/28/2010,PIE,FL,ASO,ES,Towers with Radar,30,24,58,3,115,0,12,120,10,142,30,36,178,13,257,118,2,120,377
12/29/2010,PIE,FL,ASO,ES,Towers with Radar,25,15,38,4,82,0,1,115,14,130,25,16,153,18,212,138,18,156,368
12/30/2010,PIE,FL,ASO,ES,Towers with Radar,33,23,52,4,112,0,7,104,7,118,33,30,156,11,230,196,0,196,426
12/31/2010,PIE,FL,ASO,ES,Towers with Radar,28,11,64,1,104,0,5,134,9,148,28,16,198,10,252,218,2,220,472
01/01/2011,PIE,FL,ASO,ES,Towers with Radar,19,11,19,1,50,0,9,54,6,69,19,20,73,7,119,4,4,8,127
01/02/2011,PIE,FL,ASO,ES,Towers with Radar,22,15,75,6,118,0,0,76,6,82,22,15,151,12,200,72,0,72,272
01/03/2011,PIE,FL,ASO,ES,Towers with Radar,30,7,51,2,90,0,2,61,1,64,30,9,112,3,154,48,0,48,202
01/04/2011,PIE,FL,ASO,ES,Towers with Radar,20,9,76,18,123,0,4,84,11,99,20,13,160,29,222,162,12,174,396
01/05/2011,PIE,FL,ASO,ES,Towers with Radar,13,11,53,15,92,0,2,64,25,91,13,13,117,40,183,100,27,127,310
01/06/2011,PIE,FL,ASO,ES,Towers with Radar,22,25,63,43,153,0,5,62,17,84,22,30,125,60,237,66,50,116,353
01/07/2011,PIE,FL,ASO,ES,Towers with Radar,30,12,61,16,119,0,8,114,20,142,30,20,175,36,261,172,30,202,463
01/08/2011,PIE,FL,ASO,ES,Towers with Radar,12,6,49,6,73,0,7,127,30,164,12,13,176,36,237,194,86,280,517
01/09/2011,PIE,FL,ASO,ES,Towers with Radar,20,14,54,10,98,0,7,126,10,143,20,21,180,20,241,160,0,160,401
01/10/2011,PIE,FL,ASO,ES,Towers with Radar,30,10,30,4,74,2,22,9,0,33,32,32,39,4,107,50,46,96,203
01/11/2011,PIE,FL,ASO,ES,Towers with Radar,11,20,46,32,109,0,0,37,9,46,11,20,83,41,155,80,22,102,257
01/12/2011,PIE,FL,ASO,ES,Towers with Radar,12,7,48,13,80,0,1,74,10,85,12,8,122,23,165,82,34,116,281
01/13/2011,PIE,FL,ASO,ES,Towers with Radar,23,36,40,7,106,0,12,88,23,123,23,48,128,30,229,108,6,114,343
01/14/2011,PIE,FL,ASO,ES,Towers with Radar,27,21,63,36,147,0,9,142,18,169,27,30,205,54,316,150,42,192,508
01/15/2011,PIE,FL,ASO,ES,Towers with Radar,11,11,47,9,78,0,6,158,9,173,11,17,205,18,251,206,0,206,457
01/16/2011,PIE,FL,ASO,ES,Towers with Radar,18,13,57,15,103,0,7,96,11,114,18,20,153,26,217,152,18,170,387
01/17/2011,PIE,FL,ASO,ES,Towers with Radar,27,19,38,0,84,0,0,2,0,2,27,19,40,0,86,0,0,0,86
01/18/2011,PIE,FL,ASO,ES,Towers with Radar,7,10,94,17,128,0,1,41,14,56,7,11,135,31,184,91,46,137,321
01/19/2011,PIE,FL,ASO,ES,Towers with Radar,12,15,87,11,125,0,2,87,23,112,12,17,174,34,237,80,20,100,337
01/20/2011,PIE,FL,ASO,ES,Towers with Radar,23,22,73,16,134,0,7,98,31,136,23,29,171,47,270,132,76,208,478
01/21/2011,PIE,FL,ASO,ES,Towers with Radar,27,22,44,22,115,0,0,2,0,2,27,22,46,22,117,0,0,0,117
01/22/2011,PIE,FL,ASO,ES,Towers with Radar,11,4,76,11,102,0,1,81,13,95,11,5,157,24,197,116,50,166,363
01/23/2011,PIE,FL,ASO,ES,Towers with Radar,17,19,45,5,86,0,8,114,16,138,17,27,159,21,224,152,32,184,408
01/24/2011,PIE,FL,ASO,ES,Towers with Radar,30,10,54,8,102,0,7,73,27,107,30,17,127,35,209,90,84,174,383
01/25/2011,PIE,FL,ASO,ES,Towers with Radar,5,16,63,2,86,0,2,18,2,22,5,18,81,4,108,6,0,6,114
01/26/2011,PIE,FL,ASO,ES,Towers with Radar,15,16,53,12,96,0,4,71,20,95,15,20,124,32,191,102,22,124,315
01/27/2011,PIE,FL,ASO,ES,Towers with Radar,27,8,64,17,116,0,11,107,17,135,27,19,171,34,251,126,6,132,383
01/28/2011,PIE,FL,ASO,ES,Towers with Radar,26,18,99,6,149,0,13,108,16,137,26,31,207,22,286,86,64,150,436
01/29/2011,PIE,FL,ASO,ES,Towers with Radar,11,8,69,1,89,0,4,131,9,144,11,12,200,10,233,184,2,186,419
01/30/2011,PIE,FL,ASO,ES,Towers with Radar,17,15,53,2,87,0,11,116,8,135,17,26,169,10,222,156,36,192,414
01/31/2011,PIE,FL,ASO,ES,Towers with Radar,30,10,47,14,101,0,8,91,39,138,30,18,138,53,239,96,66,162,401
02/01/2011,PIE,FL,ASO,ES,Towers with Radar,5,12,45,22,84,0,1,74,18,93,5,13,119,40,177,70,64,134,311
02/02/2011,PIE,FL,ASO,ES,Towers with Radar,19,10,70,45,144,0,0,13,21,34,19,10,83,66,178,14,42,56,234
02/03/2011,PIE,FL,ASO,ES,Towers with Radar,20,20,97,18,155,0,2,30,17,49,20,22,127,35,204,40,28,68,272
02/04/2011,PIE,FL,ASO,ES,Towers with Radar,25,14,118,21,178,0,12,86,36,134,25,26,204,57,312,116,116,232,544
02/05/2011,PIE,FL,ASO,ES,Towers with Radar,16,7,77,7,107,0,2,7,3,12,16,9,84,10,119,2,0,2,121
02/06/2011,PIE,FL,ASO,ES,Towers with Radar,21,14,44,8,87,0,3,70,18,91,21,17,114,26,178,64,2,66,244
02/07/2011,PIE,FL,ASO,ES,Towers with Radar,29,10,37,1,77,0,2,4,4,10,29,12,41,5,87,4,0,4,91
02/08/2011,PIE,FL,ASO,ES,Towers with Radar,10,15,67,24,116,0,0,80,31,111,10,15,147,55,227,93,43,136,363
02/09/2011,PIE,FL,ASO,ES,Towers with Radar,22,12,52,25,111,0,1,119,46,166,22,13,171,71,277,124,52,176,453
02/10/2011,PIE,FL,ASO,ES,Towers with Radar,21,15,56,44,136,0,0,4,0,4,21,15,60,44,140,0,0,0,140
02/11/2011,PIE,FL,ASO,ES,Towers with Radar,23,18,88,20,149,0,6,69,22,97,23,24,157,42,246,118,36,154,400
02/12/2011,PIE,FL,ASO,ES,Towers with Radar,18,9,45,5,77,0,5,126,10,141,18,14,171,15,218,190,10,200,418
02/13/2011,PIE,FL,ASO,ES,Towers with Radar,17,12,49,9,87,0,10,139,11,160,17,22,188,20,247,120,30,150,397
02/14/2011,PIE,FL,ASO,ES,Towers with Radar,28,6,45,12,91,0,8,84,41,133,28,14,129,53,224,132,126,258,482
02/15/2011,PIE,FL,ASO,ES,Towers with Radar,8,10,79,16,113,0,1,94,26,121,8,11,173,42,234,140,146,286,520
02/16/2011,PIE,FL,ASO,ES,Towers with Radar,26,16,78,7,127,0,0,112,27,139,26,16,190,34,266,112,4,116,382
02/17/2011,PIE,FL,ASO,ES,Towers with Radar,19,12,84,22,137,0,3,105,13,121,19,15,189,35,258,244,2,246,504
02/18/2011,PIE,FL,ASO,ES,Towers with Radar,26,18,78,12,134,0,8,112,16,136,26,26,190,28,270,154,18,172,442
02/19/2011,PIE,FL,ASO,ES,Towers with Radar,19,14,32,6,71,0,4,108,12,124,19,18,140,18,195,172,0,172,367
02/20/2011,PIE,FL,ASO,ES,Towers with Radar,17,13,46,3,79,0,2,114,4,120,17,15,160,7,199,94,0,94,293
02/21/2011,PIE,FL,ASO,ES,Towers with Radar,31,5,47,3,86,0,3,91,5,99,31,8,138,8,185,118,4,122,307
02/22/2011,PIE,FL,ASO,ES,Towers with Radar,9,13,62,6,90,0,1,80,25,106,9,14,142,31,196,88,20,108,304
02/23/2011,PIE,FL,ASO,ES,Towers with Radar,27,10,72,12,121,0,2,89,36,127,27,12,161,48,248,166,12,178,426
02/24/2011,PIE,FL,ASO,ES,Towers with Radar,19,25,62,17,123,0,9,101,51,161,19,34,163,68,284,126,54,180,464
02/25/2011,PIE,FL,ASO,ES,Towers with Radar,28,17,104,23,172,0,15,119,43,177,28,32,223,66,349,192,24,216,565
02/26/2011,PIE,FL,ASO,ES,Towers with Radar,19,7,71,5,102,0,5,135,7,147,19,12,206,12,249,246,2,248,497
02/27/2011,PIE,FL,ASO,ES,Towers with Radar,17,13,80,5,115,0,7,123,30,160,17,20,203,35,275,174,2,176,451
02/28/2011,PIE,FL,ASO,ES,Towers with Radar,29,13,50,4,96,0,4,72,18,94,29,17,122,22,190,126,44,170,360
03/01/2011,PIE,FL,ASO,ES,Towers with Radar,8,20,61,10,99,0,0,60,11,71,8,20,121,21,170,66,16,82,252
03/02/2011,PIE,FL,ASO,ES,Towers with Radar,29,23,81,7,140,0,1,89,27,117,29,24,170,34,257,170,38,208,465
03/03/2011,PIE,FL,ASO,ES,Towers with Radar,20,19,64,14,117,0,8,91,21,120,20,27,155,35,237,208,24,232,469
03/04/2011,PIE,FL,ASO,ES,Towers with Radar,30,15,80,7,132,0,6,96,29,131,30,21,176,36,263,150,60,210,473
03/05/2011,PIE,FL,ASO,ES,Towers with Radar,21,15,28,8,72,0,0,73,21,94,21,15,101,29,166,84,34,118,284
03/06/2011,PIE,FL,ASO,ES,Towers with Radar,19,12,69,0,100,0,5,83,14,102,19,17,152,14,202,80,56,136,338
03/07/2011,PIE,FL,ASO,ES,Towers with Radar,31,12,62,10,115,0,4,112,28,144,31,16,174,38,259,94,24,118,377
03/08/2011,PIE,FL,ASO,ES,Towers with Radar,11,8,49,6,74,0,1,77,25,103,11,9,126,31,177,108,62,170,347
03/09/2011,PIE,FL,ASO,ES,Towers with Radar,27,8,52,9,96,0,0,62,32,94,27,8,114,41,190,68,40,108,298
03/10/2011,PIE,FL,ASO,ES,Towers with Radar,26,17,63,7,113,0,3,40,29,72,26,20,103,36,185,60,10,70,255
03/11/2011,PIE,FL,ASO,ES,Towers with Radar,29,23,75,13,140,0,8,101,29,138,29,31,176,42,278,84,36,120,398
03/12/2011,PIE,FL,ASO,ES,Towers with Radar,21,11,37,6,75,0,0,134,8,142,21,11,171,14,217,244,2,246,463
03/13/2011,PIE,FL,ASO,ES,Towers with Radar,23,17,44,2,86,0,12,128,8,148,23,29,172,10,234,162,0,162,396
03/14/2011,PIE,FL,ASO,ES,Towers with Radar,34,23,53,13,123,0,5,108,33,146,34,28,161,46,269,134,44,178,447
03/15/2011,PIE,FL,ASO,ES,Towers with Radar,13,15,76,6,110,0,1,110,19,130,13,16,186,25,240,120,12,132,372
03/16/2011,PIE,FL,ASO,ES,Towers with Radar,28,18,64,20,130,0,0,88,31,119,28,18,152,51,249,82,42,124,373
03/17/2011,PIE,FL,ASO,ES,Towers with Radar,27,25,88,13,153,0,7,109,27,143,27,32,197,40,296,132,58,190,486
03/18/2011,PIE,FL,ASO,ES,Towers with Radar,31,29,97,4,161,0,10,123,29,162,31,39,220,33,323,218,26,244,567
03/19/2011,PIE,FL,ASO,ES,Towers with Radar,22,19,59,7,107,0,2,141,8,151,22,21,200,15,258,136,0,136,394
03/20/2011,PIE,FL,ASO,ES,Towers with Radar,24,26,68,9,127,0,5,139,14,158,24,31,207,23,285,172,4,176,461
03/21/2011,PIE,FL,ASO,ES,Towers with Radar,32,13,68,9,122,0,3,99,15,117,32,16,167,24,239,272,30,302,541
03/22/2011,PIE,FL,ASO,ES,Towers with Radar,18,12,62,16,108,0,2,110,21,133,18,14,172,37,241,160,32,192,433
03/23/2011,PIE,FL,ASO,ES,Towers with Radar,29,23,52,7,111,0,0,80,18,98,29,23,132,25,209,170,8,178,387
03/24/2011,PIE,FL,ASO,ES,Towers with Radar,27,22,77,13,139,0,2,99,23,124,27,24,176,36,263,182,34,216,479
03/25/2011,PIE,FL,ASO,ES,Towers with Radar,28,27,95,23,173,0,8,139,16,163,28,35,234,39,336,144,20,164,500
03/26/2011,PIE,FL,ASO,ES,Towers with Radar,21,25,52,8,106,0,4,119,15,138,21,29,171,23,244,146,0,146,390
03/27/2011,PIE,FL,ASO,ES,Towers with Radar,24,19,99,6,148,0,6,137,7,150,24,25,236,13,298,88,18,106,404
03/28/2011,PIE,FL,ASO,ES,Towers with Radar,33,16,40,5,94,0,0,33,15,48,33,16,73,20,142,64,68,132,274
03/29/2011,PIE,FL,ASO,ES,Towers with Radar,23,17,62,11,113,0,1,64,17,82,23,18,126,28,195,76,16,92,287
03/30/2011,PIE,FL,ASO,ES,Towers with Radar,29,18,45,17,109,0,2,40,9,51,29,20,85,26,160,32,46,78,238
03/31/2011,PIE,FL,ASO,ES,Towers with Radar,18,9,30,6,63,0,0,0,0,0,18,9,30,6,63,0,0,0,63
04/01/2011,PIE,FL,ASO,ES,Towers with Radar,30,19,62,8,119,0,4,99,22,125,30,23,161,30,244,78,30,108,352
04/02/2011,PIE,FL,ASO,ES,Towers with Radar,25,17,45,2,89,0,5,93,11,109,25,22,138,13,198,136,16,152,350
04/03/2011,PIE,FL,ASO,ES,Towers with Radar,31,16,53,5,105,0,6,114,11,131,31,22,167,16,236,128,26,154,390
04/04/2011,PIE,FL,ASO,ES,Towers with Radar,34,16,63,20,133,0,8,96,29,133,34,24,159,49,266,118,48,166,432
04/05/2011,PIE,FL,ASO,ES,Towers with Radar,19,23,51,16,109,0,1,22,5,28,19,24,73,21,137,60,2,62,199
04/06/2011,PIE,FL,ASO,ES,Towers with Radar,30,17,71,6,124,0,1,116,16,133,30,18,187,22,257,132,4,136,393
04/07/2011,PIE,FL,ASO,ES,Towers with Radar,32,15,54,16,117,0,11,80,26,117,32,26,134,42,234,146,24,170,404
04/08/2011,PIE,FL,ASO,ES,Towers with Radar,28,13,51,16,108,0,12,114,18,144,28,25,165,34,252,142,14,156,408
04/09/2011,PIE,FL,ASO,ES,Towers with Radar,19,9,58,13,99,0,4,111,11,126,19,13,169,24,225,152,6,158,383
04/10/2011,PIE,FL,ASO,ES,Towers with Radar,27,18,85,1,131,0,5,108,19,132,27,23,193,20,263,160,38,198,461
04/11/2011,PIE,FL,ASO,ES,Towers with Radar,36,14,65,8,123,0,5,103,30,138,36,19,168,38,261,126,2,128,389
04/12/2011,PIE,FL,ASO,ES,Towers with Radar,15,15,58,10,98,0,3,68,33,104,15,18,126,43,202,128,74,202,404
04/13/2011,PIE,FL,ASO,ES,Towers with Radar,26,13,79,10,128,0,1,113,46,160,26,14,192,56,288,136,70,206,494
04/14/2011,PIE,FL,ASO,ES,Towers with Radar,23,23,53,9,108,0,7,115,40,162,23,30,168,49,270,196,80,276,546
04/15/2011,PIE,FL,ASO,ES,Towers with Radar,27,7,77,26,137,0,5,86,37,128,27,12,163,63,265,76,90,166,431
04/16/2011,PIE,FL,ASO,ES,Towers with Radar,17,5,43,3,68,0,2,79,6,87,17,7,122,9,155,104,22,126,281
04/17/2011,PIE,FL,ASO,ES,Towers with Radar,23,5,52,4,84,0,15,129,13,157,23,20,181,17,241,197,0,197,438
04/18/2011,PIE,FL,ASO,ES,Towers with Radar,28,16,54,9,107,0,4,102,47,153,28,20,156,56,260,74,58,132,392
04/19/2011,PIE,FL,ASO,ES,Towers with Radar,10,13,42,8,73,0,3,106,32,141,10,16,148,40,214,74,54,128,342
04/20/2011,PIE,FL,ASO,ES,Towers with Radar,24,19,55,10,108,0,0,112,31,143,24,19,167,41,251,132,54,186,437
04/21/2011,PIE,FL,ASO,ES,Towers with Radar,28,28,51,13,120,0,7,86,23,116,28,35,137,36,236,112,42,154,390
04/22/2011,PIE,FL,ASO,ES,Towers with Radar,26,18,31,15,90,0,4,94,29,127,26,22,125,44,217,102,32,134,351
04/23/2011,PIE,FL,ASO,ES,Towers with Radar,18,6,43,9,76,0,1,113,6,120,18,7,156,15,196,92,12,104,300
04/24/2011,PIE,FL,ASO,ES,Towers with Radar,24,17,38,6,85,0,8,73,7,88,24,25,111,13,173,90,2,92,265
04/25/2011,PIE,FL,ASO,ES,Towers with Radar,31,19,34,13,97,0,12,58,36,106,31,31,92,49,203,124,56,180,383
04/26/2011,PIE,FL,ASO,ES,Towers with Radar,9,25,48,13,95,0,2,70,25,97,9,27,118,38,192,66,66,132,324
04/27/2011,PIE,FL,ASO,ES,Towers with Radar,16,9,71,14,110,0,4,85,40,129,16,13,156,54,239,84,6,90,329
04/28/2011,PIE,FL,ASO,ES,Towers with Radar,25,18,68,17,128,0,3,60,27,90,25,21,128,44,218,32,18,50,268
04/29/2011,PIE,FL,ASO,ES,Towers with Radar,23,21,63,18,125,0,5,100,19,124,23,26,163,37,249,142,44,186,435
04/30/2011,PIE,FL,ASO,ES,Towers with Radar,16,5,60,10,91,0,2,95,14,111,16,7,155,24,202,152,4,156,358
05/01/2011,PIE,FL,ASO,ES,Towers with Radar,20,17,54,13,104,0,8,119,22,149,20,25,173,35,253,134,0,134,387
05/02/2011,PIE,FL,ASO,ES,Towers with Radar,28,19,45,8,100,0,5,74,16,95,28,24,119,24,195,63,26,89,284
05/03/2011,PIE,FL,ASO,ES,Towers with Radar,7,8,52,10,77,0,2,68,16,86,7,10,120,26,163,104,2,106,269
05/04/2011,PIE,FL,ASO,ES,Towers with Radar,16,17,46,7,86,0,0,88,31,119,16,17,134,38,205,76,32,108,313
05/05/2011,PIE,FL,ASO,ES,Towers with Radar,29,23,47,6,105,0,9,75,17,101,29,32,122,23,206,164,44,208,414
05/06/2011,PIE,FL,ASO,ES,Towers with Radar,20,27,45,15,107,0,2,58,33,93,20,29,103,48,200,48,30,78,278
05/07/2011,PIE,FL,ASO,ES,Towers with Radar,16,13,54,2,85,0,2,129,22,153,16,15,183,24,238,124,16,140,378
05/08/2011,PIE,FL,ASO,ES,Towers with Radar,19,14,35,3,71,0,3,88,28,119,19,17,123,31,190,54,20,74,264
05/09/2011,PIE,FL,ASO,ES,Towers with Radar,24,16,47,8,95,0,9,89,28,126,24,25,136,36,221,100,30,130,351
05/10/2011,PIE,FL,ASO,ES,Towers with Radar,4,9,62,11,86,0,1,112,19,132,4,10,174,30,218,170,20,190,408
05/11/2011,PIE,FL,ASO,ES,Towers with Radar,15,13,58,18,104,0,1,112,28,141,15,14,170,46,245,184,16,200,445
05/12/2011,PIE,FL,ASO,ES,Towers with Radar,23,23,34,14,94,0,5,127,36,168,23,28,161,50,262,110,78,188,450
05/13/2011,PIE,FL,ASO,ES,Towers with Radar,18,16,58,6,98,0,7,86,25,118,18,23,144,31,216,80,22,102,318
05/14/2011,PIE,FL,ASO,ES,Towers with Radar,17,6,30,4,57,0,2,46,22,70,17,8,76,26,127,71,6,77,204
05/15/2011,PIE,FL,ASO,ES,Towers with Radar,15,16,48,9,88,0,4,99,15,118,15,20,147,24,206,70,24,94,300
05/16/2011,PIE,FL,ASO,ES,Towers with Radar,24,22,47,10,103,0,6,62,20,88,24,28,109,30,191,30,34,64,255
05/17/2011,PIE,FL,ASO,ES,Towers with Radar,4,11,59,7,81,0,0,100,19,119,4,11,159,26,200,118,12,130,330
05/18/2011,PIE,FL,ASO,ES,Towers with Radar,14,18,59,6,97,0,6,111,25,142,14,24,170,31,239,162,34,196,435
05/19/2011,PIE,FL,ASO,ES,Towers with Radar,23,23,44,6,96,0,6,85,28,119,23,29,129,34,215,80,66,146,361
05/20/2011,PIE,FL,ASO,ES,Towers with Radar,17,16,44,7,84,0,9,97,21,127,17,25,141,28,211,96,30,126,337
05/21/2011,PIE,FL,ASO,ES,Towers with Radar,15,6,19,10,50,0,0,128,24,152,15,6,147,34,202,140,18,158,360
05/22/2011,PIE,FL,ASO,ES,Towers with Radar,18,16,58,7,99,0,12,124,11,147,18,28,182,18,246,158,6,164,410
05/23/2011,PIE,FL,ASO,ES,Towers with Radar,23,15,33,4,75,0,7,73,24,104,23,22,106,28,179,76,52,128,307
05/24/2011,PIE,FL,ASO,ES,Towers with Radar,3,13,54,2,72,0,0,91,15,106,3,13,145,17,178,118,14,132,310
05/25/2011,PIE,FL,ASO,ES,Towers with Radar,17,12,38,9,76,0,6,84,16,106,17,18,122,25,182,94,8,102,284
05/26/2011,PIE,FL,ASO,ES,Towers with Radar,27,13,53,9,102,0,4,104,20,128,27,17,157,29,230,124,44,168,398
05/27/2011,PIE,FL,ASO,ES,Towers with Radar,21,24,38,9,92,0,5,82,28,115,21,29,120,37,207,94,46,140,347
05/28/2011,PIE,FL,ASO,ES,Towers with Radar,17,10,28,2,57,0,1,103,7,111,17,11,131,9,168,132,0,132,300
05/29/2011,PIE,FL,ASO,ES,Towers with Radar,21,6,18,2,47,0,3,94,8,105,21,9,112,10,152,104,24,128,280
05/30/2011,PIE,FL,ASO,ES,Towers with Radar,21,16,32,4,73,0,7,86,2,95,21,23,118,6,168,70,16,86,254
05/31/2011,PIE,FL,ASO,ES,Towers with Radar,8,11,42,15,76,0,0,68,29,97,8,11,110,44,173,126,76,202,375
06/01/2011,PIE,FL,ASO,ES,Towers with Radar,20,7,31,6,64,0,1,66,13,80,20,8,97,19,144,46,0,46,190
06/02/2011,PIE,FL,ASO,ES,Towers with Radar,22,21,55,5,103,0,3,82,16,101,22,24,137,21,204,144,0,144,348
06/03/2011,PIE,FL,ASO,ES,Towers with Radar,19,15,50,20,104,0,3,113,15,131,19,18,163,35,235,138,28,166,401
06/04/2011,PIE,FL,ASO,ES,Towers with Radar,18,6,37,12,73,0,2,121,24,147,18,8,158,36,220,142,54,196,416
06/05/2011,PIE,FL,ASO,ES,Towers with Radar,17,11,26,13,67,0,3,78,5,86,17,14,104,18,153,70,34,104,257
06/06/2011,PIE,FL,ASO,ES,Towers with Radar,21,9,28,11,69,0,3,63,15,81,21,12,91,26,150,66,94,160,310
06/07/2011,PIE,FL,ASO,ES,Towers with Radar,5,9,53,14,81,0,2,115,40,157,5,11,168,54,238,170,62,232,470
06/08/2011,PIE,FL,ASO,ES,Towers with Radar,15,10,48,2,75,0,5,92,38,135,15,15,140,40,210,110,68,178,388
06/09/2011,PIE,FL,ASO,ES,Towers with Radar,21,25,53,9,108,0,7,111,26,144,21,32,164,35,252,124,80,204,456
06/10/2011,PIE,FL,ASO,ES,Towers with Radar,21,13,42,4,80,0,10,110,20,140,21,23,152,24,220,136,0,136,356
06/11/2011,PIE,FL,ASO,ES,Towers with Radar,17,10,24,5,56,0,10,118,13,141,17,20,142,18,197,184,18,202,399
06/12/2011,PIE,FL,ASO,ES,Towers with Radar,20,13,34,1,68,0,10,104,7,121,20,23,138,8,189,152,8,160,349
06/13/2011,PIE,FL,ASO,ES,Towers with Radar,23,11,51,3,88,0,8,59,11,78,23,19,110,14,166,38,6,44,210
06/14/2011,PIE,FL,ASO,ES,Towers with Radar,10,14,36,10,70,0,0,76,31,107,10,14,112,41,177,132,66,198,375
06/15/2011,PIE,FL,ASO,ES,Towers with Radar,23,16,51,6,96,0,0,57,30,87,23,16,108,36,183,74,26,100,283
06/16/2011,PIE,FL,ASO,ES,Towers with Radar,21,23,51,15,110,0,10,91,35,136,21,33,142,50,246,66,48,114,360
06/17/2011,PIE,FL,ASO,ES,Towers with Radar,24,14,50,17,105,0,7,127,30,164,24,21,177,47,269,182,122,304,573
06/18/2011,PIE,FL,ASO,ES,Towers with Radar,25,13,36,13,87,0,5,92,17,114,25,18,128,30,201,126,2,128,329
06/19/2011,PIE,FL,ASO,ES,Towers with Radar,22,10,42,3,77,0,3,77,10,90,22,13,119,13,167,32,22,54,221
06/20/2011,PIE,FL,ASO,ES,Towers with Radar,26,10,28,3,67,0,3,83,21,107,26,13,111,24,174,56,18,74,248
06/21/2011,PIE,FL,ASO,ES,Towers with Radar,12,12,35,6,65,0,2,112,41,155,12,14,147,47,220,102,2,104,324
06/22/2011,PIE,FL,ASO,ES,Towers with Radar,22,6,37,6,71,0,3,75,32,110,22,9,112,38,181,66,0,66,247
06/23/2011,PIE,FL,ASO,ES,Towers with Radar,23,16,44,11,94,0,4,87,27,118,23,20,131,38,212,176,14,190,402
06/24/2011,PIE,FL,ASO,ES,Towers with Radar,23,10,35,16,84,0,3,44,11,58,23,13,79,27,142,97,9,106,248
06/25/2011,PIE,FL,ASO,ES,Towers with Radar,23,18,27,9,77,0,2,75,10,87,23,20,102,19,164,97,8,105,269
06/26/2011,PIE,FL,ASO,ES,Towers with Radar,15,20,23,9,67,0,2,26,6,34,15,22,49,15,101,6,10,16,117
06/27/2011,PIE,FL,ASO,ES,Towers with Radar,24,13,34,11,82,0,0,80,34,114,24,13,114,45,196,85,46,131,327
06/28/2011,PIE,FL,ASO,ES,Towers with Radar,13,10,51,10,84,0,5,85,25,115,13,15,136,35,199,132,84,216,415
06/29/2011,PIE,FL,ASO,ES,Towers with Radar,21,6,29,7,63,0,2,83,36,121,21,8,112,43,184,106,54,160,344
06/30/2011,PIE,FL,ASO,ES,Towers with Radar,18,27,39,7,91,0,9,51,30,90,18,36,90,37,181,68,14,82,263
07/01/2011,PIE,FL,ASO,ES,Towers with Radar,26,19,46,2,93,0,1,70,22,93,26,20,116,24,186,112,20,132,318
07/02/2011,PIE,FL,ASO,ES,Towers with Radar,22,9,45,3,79,0,0,96,11,107,22,9,141,14,186,110,14,124,310
07/03/2011,PIE,FL,ASO,ES,Towers with Radar,19,3,24,2,48,0,5,105,12,122,19,8,129,14,170,134,0,134,304
07/04/2011,PIE,FL,ASO,ES,Towers with Radar,24,7,29,1,61,0,4,112,5,121,24,11,141,6,182,161,0,161,343
07/05/2011,PIE,FL,ASO,ES,Towers with Radar,18,10,30,7,65,0,5,83,16,104,18,15,113,23,169,162,16,178,347
07/06/2011,PIE,FL,ASO,ES,Towers with Radar,24,6,24,4,58,0,0,86,29,115,24,6,110,33,173,186,16,202,375
07/07/2011,PIE,FL,ASO,ES,Towers with Radar,19,14,33,3,69,0,2,34,29,65,19,16,67,32,134,138,136,274,408
07/08/2011,PIE,FL,ASO,ES,Towers with Radar,23,13,16,3,55,0,0,3,0,3,23,13,19,3,58,0,0,0,58
07/09/2011,PIE,FL,ASO,ES,Towers with Radar,23,8,26,9,66,0,0,70,37,107,23,8,96,46,173,80,42,122,295
07/10/2011,PIE,FL,ASO,ES,Towers with Radar,18,12,19,4,53,0,5,89,7,101,18,17,108,11,154,113,4,117,271
07/11/2011,PIE,FL,ASO,ES,Towers with Radar,25,18,39,12,94,0,1,80,30,111,25,19,119,42,205,78,82,160,365
07/12/2011,PIE,FL,ASO,ES,Towers with Radar,13,10,48,8,79,0,8,77,29,114,13,18,125,37,193,150,102,252,445
07/13/2011,PIE,FL,ASO,ES,Towers with Radar,23,8,59,16,106,0,1,123,46,170,23,9,182,62,276,164,58,222,498
07/14/2011,PIE,FL,ASO,ES,Towers with Radar,19,10,37,12,78,0,5,93,47,145,19,15,130,59,223,206,48,254,477
07/15/2011,PIE,FL,ASO,ES,Towers with Radar,22,9,38,19,88,0,8,96,24,128,22,17,134,43,216,100,20,120,336
07/16/2011,PIE,FL,ASO,ES,Towers with Radar,24,7,34,2,67,0,4,78,5,87,24,11,112,7,154,98,0,98,252
07/17/2011,PIE,FL,ASO,ES,Towers with Radar,19,15,29,2,65,0,8,91,3,102,19,23,120,5,167,156,0,156,323
07/18/2011,PIE,FL,ASO,ES,Towers with Radar,25,16,51,8,100,0,7,63,33,103,25,23,114,41,203,106,80,186,389
07/19/2011,PIE,FL,ASO,ES,Towers with Radar,14,9,49,10,82,0,5,100,30,135,14,14,149,40,217,154,56,210,427
07/20/2011,PIE,FL,ASO,ES,Towers with Radar,21,12,30,22,85,0,2,92,35,129,21,14,122,57,214,160,52,212,426
07/21/2011,PIE,FL,ASO,ES,Towers with Radar,24,17,49,15,105,0,4,79,20,103,24,21,128,35,208,108,32,140,348
07/22/2011,PIE,FL,ASO,ES,Towers with Radar,22,11,40,13,86,0,4,70,30,104,22,15,110,43,190,42,28,70,260
07/23/2011,PIE,FL,ASO,ES,Towers with Radar,22,7,36,2,67,0,0,102,4,106,22,7,138,6,173,120,2,122,295
07/24/2011,PIE,FL,ASO,ES,Towers with Radar,18,11,36,11,76,0,5,95,15,115,18,16,131,26,191,126,16,142,333
07/25/2011,PIE,FL,ASO,ES,Towers with Radar,24,14,39,20,97,0,3,56,23,82,24,17,95,43,179,54,44,98,277
07/26/2011,PIE,FL,ASO,ES,Towers with Radar,12,7,54,13,86,0,1,94,24,119,12,8,148,37,205,160,36,196,401
07/27/2011,PIE,FL,ASO,ES,Towers with Radar,21,7,66,5,99,0,0,34,14,48,21,7,100,19,147,12,0,12,159
07/28/2011,PIE,FL,ASO,ES,Towers with Radar,23,25,56,14,118,0,18,81,26,125,23,43,137,40,243,124,4,128,371
07/29/2011,PIE,FL,ASO,ES,Towers with Radar,24,15,64,11,114,0,8,75,27,110,24,23,139,38,224,140,4,144,368
07/30/2011,PIE,FL,ASO,ES,Towers with Radar,24,6,37,1,68,0,4,119,7,130,24,10,156,8,198,188,0,188,386
07/31/2011,PIE,FL,ASO,ES,Towers with Radar,18,6,31,6,61,0,5,81,6,92,18,11,112,12,153,142,0,142,295
08/01/2011,PIE,FL,ASO,ES,Towers with Radar,26,10,42,7,85,0,1,41,24,66,26,11,83,31,151,70,58,128,279
08/02/2011,PIE,FL,ASO,ES,Towers with Radar,10,8,27,16,61,0,2,71,34,107,10,10,98,50,168,122,46,168,336
08/03/2011,PIE,FL,ASO,ES,Towers with Radar,22,7,42,9,80,0,1,89,38,128,22,8,131,47,208,114,18,132,340
08/04/2011,PIE,FL,ASO,ES,Towers with Radar,23,7,40,2,72,0,2,76,31,109,23,9,116,33,181,62,28,90,271
08/05/2011,PIE,FL,ASO,ES,Towers with Radar,22,13,37,1,73,0,4,81,25,110,22,17,118,26,183,108,26,134,317
08/06/2011,PIE,FL,ASO,ES,Towers with Radar,23,13,34,3,73,0,0,100,9,109,23,13,134,12,182,128,8,136,318
08/07/2011,PIE,FL,ASO,ES,Towers with Radar,23,10,26,12,71,0,4,101,8,113,23,14,127,20,184,116,24,140,324
08/08/2011,PIE,FL,ASO,ES,Towers with Radar,29,18,34,7,88,0,0,47,22,69,29,18,81,29,157,50,54,104,261
08/09/2011,PIE,FL,ASO,ES,Towers with Radar,9,12,26,10,57,0,1,23,26,50,9,13,49,36,107,36,68,104,211
08/10/2011,PIE,FL,ASO,ES,Towers with Radar,19,13,48,2,82,0,0,21,11,32,19,13,69,13,114,48,0,48,162
08/11/2011,PIE,FL,ASO,ES,Towers with Radar,25,19,63,19,126,0,4,127,44,175,25,23,190,63,301,232,42,274,575
08/12/2011,PIE,FL,ASO,ES,Towers with Radar,18,6,37,7,68,0,7,100,20,127,18,13,137,27,195,150,50,200,395
08/13/2011,PIE,FL,ASO,ES,Towers with Radar,16,6,26,2,50,0,0,88,10,98,16,6,114,12,148,140,2,142,290
08/14/2011,PIE,FL,ASO,ES,Towers with Radar,19,13,26,4,62,0,5,110,18,133,19,18,136,22,195,188,10,198,393
08/15/2011,PIE,FL,ASO,ES,Towers with Radar,22,14,30,12,78,0,3,53,19,75,22,17,83,31,153,116,20,136,289
08/16/2011,PIE,FL,ASO,ES,Towers with Radar,9,7,35,11,62,0,0,78,16,94,9,7,113,27,156,90,12,102,258
08/17/2011,PIE,FL,ASO,ES,Towers with Radar,10,5,39,25,79,0,0,65,31,96,10,5,104,56,175,100,50,150,325
08/18/2011,PIE,FL,ASO,ES,Towers with Radar,22,14,43,13,92,0,2,71,18,91,22,16,114,31,183,112,18,130,313
08/19/2011,PIE,FL,ASO,ES,Towers with Radar,19,12,32,16,79,0,7,75,17,99,19,19,107,33,178,198,56,254,432
08/20/2011,PIE,FL,ASO,ES,Towers with Radar,9,7,16,4,36,0,1,91,1,93,9,8,107,5,129,86,0,86,215
08/21/2011,PIE,FL,ASO,ES,Towers with Radar,18,8,33,5,64,0,4,77,9,90,18,12,110,14,154,114,6,120,274
08/22/2011,PIE,FL,ASO,ES,Towers with Radar,24,8,40,4,76,0,4,87,7,98,24,12,127,11,174,78,10,88,262
08/23/2011,PIE,FL,ASO,ES,Towers with Radar,4,10,38,7,59,0,1,79,12,92,4,11,117,19,151,84,0,84,235
08/24/2011,PIE,FL,ASO,ES,Towers with Radar,6,20,62,8,96,0,0,92,30,122,6,20,154,38,218,94,16,110,328
08/25/2011,PIE,FL,ASO,ES,Towers with Radar,21,18,53,8,100,0,5,92,35,132,21,23,145,43,232,154,22,176,408
08/26/2011,PIE,FL,ASO,ES,Towers with Radar,19,8,26,5,58,0,4,64,12,80,19,12,90,17,138,114,2,116,254
08/27/2011,PIE,FL,ASO,ES,Towers with Radar,11,8,27,1,47,0,0,58,5,63,11,8,85,6,110,80,0,80,190
08/28/2011,PIE,FL,ASO,ES,Towers with Radar,15,9,25,4,53,0,3,70,11,84,15,12,95,15,137,78,4,82,219
08/29/2011,PIE,FL,ASO,ES,Towers with Radar,23,14,21,4,62,0,3,25,11,39,23,17,46,15,101,28,42,70,171
08/30/2011,PIE,FL,ASO,ES,Towers with Radar,2,10,32,10,54,0,2,48,16,66,2,12,80,26,120,78,26,104,224
08/31/2011,PIE,FL,ASO,ES,Towers with Radar,8,30,42,14,94,0,6,81,33,120,8,36,123,47,214,164,90,254,468
09/01/2011,PIE,FL,ASO,ES,Towers with Radar,21,12,41,6,80,0,3,65,19,87,21,15,106,25,167,132,0,132,299
09/02/2011,PIE,FL,ASO,ES,Towers with Radar,17,15,54,3,89,0,8,127,24,159,17,23,181,27,248,170,46,216,464
09/03/2011,PIE,FL,ASO,ES,Towers with Radar,7,4,32,4,47,0,1,127,17,145,7,5,159,21,192,134,0,134,326
09/04/2011,PIE,FL,ASO,ES,Towers with Radar,17,8,15,7,47,0,2,62,13,77,17,10,77,20,124,66,4,70,194
09/05/2011,PIE,FL,ASO,ES,Towers with Radar,23,15,29,3,70,0,5,43,5,53,23,20,72,8,123,24,8,32,155
09/06/2011,PIE,FL,ASO,ES,Towers with Radar,4,8,19,9,40,0,0,21,12,33,4,8,40,21,73,60,0,60,133
09/07/2011,PIE,FL,ASO,ES,Towers with Radar,12,6,38,9,65,0,8,32,20,60,12,14,70,29,125,20,6,26,151
09/08/2011,PIE,FL,ASO,ES,Towers with Radar,18,10,48,14,90,0,4,105,36,145,18,14,153,50,235,66,32,98,333
09/09/2011,PIE,FL,ASO,ES,Towers with Radar,19,9,56,20,104,0,2,60,13,75,19,11,116,33,179,120,12,132,311
09/10/2011,PIE,FL,ASO,ES,Towers with Radar,10,6,24,5,45,0,0,72,7,79,10,6,96,12,124,108,0,108,232
09/11/2011,PIE,FL,ASO,ES,Towers with Radar,16,11,28,10,65,0,3,106,7,116,16,14,134,17,181,146,0,146,327
09/12/2011,PIE,FL,ASO,ES,Towers with Radar,24,11,25,12,72,0,0,65,22,87,24,11,90,34,159,84,94,178,337
09/13/2011,PIE,FL,ASO,ES,Towers with Radar,3,8,47,17,75,0,0,100,24,124,3,8,147,41,199,118,30,148,347
09/14/2011,PIE,FL,ASO,ES,Towers with Radar,8,16,57,8,89,0,0,107,34,141,8,16,164,42,230,242,40,282,512
09/15/2011,PIE,FL,ASO,ES,Towers with Radar,17,15,34,19,85,0,3,113,37,153,17,18,147,56,238,170,72,242,480
09/16/2011,PIE,FL,ASO,ES,Towers with Radar,19,9,56,4,88,0,4,98,30,132,19,13,154,34,220,202,28,230,450
09/17/2011,PIE,FL,ASO,ES,Towers with Radar,7,3,30,3,43,0,5,146,14,165,7,8,176,17,208,232,0,232,440
09/18/2011,PIE,FL,ASO,ES,Towers with Radar,12,16,41,4,73,0,6,103,11,120,12,22,144,15,193,150,4,154,347
09/19/2011,PIE,FL,ASO,ES,Towers with Radar,22,17,43,9,91,0,1,49,13,63,22,18,92,22,154,130,12,142,296
09/20/2011,PIE,FL,ASO,ES,Towers with Radar,4,6,32,5,47,0,4,86,14,104,4,10,118,19,151,192,0,192,343
09/21/2011,PIE,FL,ASO,ES,Towers with Radar,8,9,34,12,63,0,3,103,42,148,8,12,137,54,211,210,42,252,463
09/22/2011,PIE,FL,ASO,ES,Towers with Radar,14,24,38,10,86,0,1,76,15,92,14,25,114,25,178,148,8,156,334
09/23/2011,PIE,FL,ASO,ES,Towers with Radar,17,9,61,7,94,0,3,45,30,78,17,12,106,37,172,52,34,86,258
09/24/2011,PIE,FL,ASO,ES,Towers with Radar,7,6,25,2,40,0,3,88,18,109,7,9,113,20,149,122,0,122,271
09/25/2011,PIE,FL,ASO,ES,Towers with Radar,13,8,26,7,54,0,2,51,4,57,13,10,77,11,111,64,32,96,207
09/26/2011,PIE,FL,ASO,ES,Towers with Radar,24,12,38,4,78,0,1,36,21,58,24,13,74,25,136,52,64,116,252
09/27/2011,PIE,FL,ASO,ES,Towers with Radar,2,5,46,12,65,0,1,83,14,98,2,6,129,26,163,126,10,136,299
09/28/2011,PIE,FL,ASO,ES,Towers with Radar,9,9,45,8,71,0,1,106,31,138,9,10,151,39,209,196,58,254,463
09/29/2011,PIE,FL,ASO,ES,Towers with Radar,18,17,30,18,83,0,1,95,32,128,18,18,125,50,211,144,40,184,395
09/30/2011,PIE,FL,ASO,ES,Towers with Radar,17,12,46,7,82,0,4,106,20,130,17,16,152,27,212,166,0,166,378
10/01/2011,PIE,FL,ASO,ES,Towers with Radar,9,11,33,3,56,0,0,104,12,116,9,11,137,15,172,156,12,168,340
10/02/2011,PIE,FL,ASO,ES,Towers with Radar,13,12,26,3,54,0,5,127,8,140,13,17,153,11,194,166,0,166,360
10/03/2011,PIE,FL,ASO,ES,Towers with Radar,22,19,48,12,101,0,8,100,25,133,22,27,148,37,234,114,36,150,384
10/04/2011,PIE,FL,ASO,ES,Towers with Radar,4,14,52,8,78,0,1,85,13,99,4,15,137,21,177,140,2,142,319
10/05/2011,PIE,FL,ASO,ES,Towers with Radar,8,14,49,9,80,0,0,118,32,150,8,14,167,41,230,220,42,262,492
10/06/2011,PIE,FL,ASO,ES,Towers with Radar,21,19,44,6,90,0,4,82,44,130,21,23,126,50,220,130,30,160,380
10/07/2011,PIE,FL,ASO,ES,Towers with Radar,23,14,67,3,107,0,2,85,12,99,23,16,152,15,206,78,0,78,284
10/08/2011,PIE,FL,ASO,ES,Towers with Radar,8,7,21,4,40,0,0,21,2,23,8,7,42,6,63,10,12,22,85
10/09/2011,PIE,FL,ASO,ES,Towers with Radar,13,11,28,4,56,0,0,5,1,6,13,11,33,5,62,0,2,2,64
10/10/2011,PIE,FL,ASO,ES,Towers with Radar,26,8,42,2,78,0,2,66,20,88,26,10,108,22,166,156,8,164,330
10/11/2011,PIE,FL,ASO,ES,Towers with Radar,2,7,66,20,95,0,2,104,31,137,2,9,170,51,232,204,54,258,490
10/12/2011,PIE,FL,ASO,ES,Towers with Radar,8,15,63,13,99,0,1,86,28,115,8,16,149,41,214,186,30,216,430
10/13/2011,PIE,FL,ASO,ES,Towers with Radar,22,21,44,15,102,0,3,73,20,96,22,24,117,35,198,194,78,272,470
10/14/2011,PIE,FL,ASO,ES,Towers with Radar,23,10,57,8,98,0,5,105,34,144,23,15,162,42,242,206,26,232,474
10/15/2011,PIE,FL,ASO,ES,Towers with Radar,10,18,59,3,90,0,1,111,19,131,10,19,170,22,221,240,4,244,465
10/16/2011,PIE,FL,ASO,ES,Towers with Radar,19,16,34,3,72,0,4,141,8,153,19,20,175,11,225,156,14,170,395
10/17/2011,PIE,FL,ASO,ES,Towers with Radar,26,23,40,16,105,0,1,89,39,129,26,24,129,55,234,126,64,190,424
10/18/2011,PIE,FL,ASO,ES,Towers with Radar,4,12,44,28,88,0,0,7,22,29,4,12,51,50,117,12,50,62,179
10/19/2011,PIE,FL,ASO,ES,Towers with Radar,5,8,18,16,47,0,2,29,26,57,5,10,47,42,104,24,66,90,194
10/20/2011,PIE,FL,ASO,ES,Towers with Radar,20,26,48,25,119,0,3,139,32,174,20,29,187,57,293,152,10,162,455
10/21/2011,PIE,FL,ASO,ES,Towers with Radar,22,11,60,5,98,0,5,153,30,188,22,16,213,35,286,238,18,256,542
10/22/2011,PIE,FL,ASO,ES,Towers with Radar,9,11,47,5,72,0,0,151,11,162,9,11,198,16,234,182,0,182,416
10/23/2011,PIE,FL,ASO,ES,Towers with Radar,16,18,53,5,92,0,2,111,4,117,16,20,164,9,209,130,2,132,341
10/24/2011,PIE,FL,ASO,ES,Towers with Radar,26,19,37,11,93,0,2,103,31,136,26,21,140,42,229,142,72,214,443
10/25/2011,PIE,FL,ASO,ES,Towers with Radar,1,15,53,17,86,0,2,123,18,143,1,17,176,35,229,100,76,176,405
10/26/2011,PIE,FL,ASO,ES,Towers with Radar,11,17,52,6,86,0,3,141,30,174,11,20,193,36,260,194,28,222,482
10/27/2011,PIE,FL,ASO,ES,Towers with Radar,20,18,54,12,104,0,9,132,32,173,20,27,186,44,277,214,20,234,511
10/28/2011,PIE,FL,ASO,ES,Towers with Radar,24,13,57,10,104,0,1,45,20,66,24,14,102,30,170,58,2,60,230
10/29/2011,PIE,FL,ASO,ES,Towers with Radar,9,12,28,5,54,0,1,38,2,41,9,13,66,7,95,46,0,46,141
10/30/2011,PIE,FL,ASO,ES,Towers with Radar,16,15,48,6,85,0,1,90,4,95,16,16,138,10,180,134,0,134,314
10/31/2011,PIE,FL,ASO,ES,Towers with Radar,26,8,23,12,69,0,0,38,17,55,26,8,61,29,124,68,2,70,194
11/01/2011,PIE,FL,ASO,ES,Towers with Radar,3,11,60,8,82,0,4,91,30,125,3,15,151,38,207,124,50,174,381
11/02/2011,PIE,FL,ASO,ES,Towers with Radar,10,17,36,12,75,0,2,111,16,129,10,19,147,28,204,122,14,136,340
11/03/2011,PIE,FL,ASO,ES,Towers with Radar,18,19,73,8,118,0,4,127,14,145,18,23,200,22,263,282,30,312,575
11/04/2011,PIE,FL,ASO,ES,Towers with Radar,22,21,31,16,90,0,1,62,23,86,22,22,93,39,176,138,24,162,338
11/05/2011,PIE,FL,ASO,ES,Towers with Radar,7,11,23,5,46,0,0,131,20,151,7,11,154,25,197,168,28,196,393
11/06/2011,PIE,FL,ASO,ES,Towers with Radar,17,24,30,3,74,0,2,104,6,112,17,26,134,9,186,88,14,102,288
11/07/2011,PIE,FL,ASO,ES,Towers with Radar,26,8,51,12,97,0,4,101,17,122,26,12,152,29,219,206,24,230,449
11/08/2011,PIE,FL,ASO,ES,Towers with Radar,2,14,51,13,80,0,3,92,30,125,2,17,143,43,205,166,36,202,407
11/09/2011,PIE,FL,ASO,ES,Towers with Radar,14,15,63,14,106,0,2,105,21,128,14,17,168,35,234,174,6,180,414
11/10/2011,PIE,FL,ASO,ES,Towers with Radar,22,19,53,12,106,0,3,111,21,135,22,22,164,33,241,216,2,218,459
11/11/2011,PIE,FL,ASO,ES,Towers with Radar,20,12,55,6,93,0,5,112,19,136,20,17,167,25,229,160,8,168,397
11/12/2011,PIE,FL,ASO,ES,Towers with Radar,9,17,27,4,57,0,4,115,9,128,9,21,142,13,185,188,0,188,373
11/13/2011,PIE,FL,ASO,ES,Towers with Radar,16,22,24,2,64,0,4,126,4,134,16,26,150,6,198,132,0,132,330
11/14/2011,PIE,FL,ASO,ES,Towers with Radar,27,14,57,12,110,0,3,98,20,121,27,17,155,32,231,152,40,192,423
11/15/2011,PIE,FL,ASO,ES,Towers with Radar,5,22,73,27,127,0,0,45,41,86,5,22,118,68,213,108,60,168,381
11/16/2011,PIE,FL,ASO,ES,Towers with Radar,8,6,64,14,92,0,0,54,37,91,8,6,118,51,183,76,20,96,279
11/17/2011,PIE,FL,ASO,ES,Towers with Radar,23,22,55,4,104,0,6,64,35,105,23,28,119,39,209,102,26,128,337
11/18/2011,PIE,FL,ASO,ES,Towers with Radar,21,14,62,3,100,0,8,95,21,124,21,22,157,24,224,158,28,186,410
11/19/2011,PIE,FL,ASO,ES,Towers with Radar,11,6,51,3,71,0,0,124,18,142,11,6,175,21,213,114,28,142,355
11/20/2011,PIE,FL,ASO,ES,Towers with Radar,18,11,41,0,70,0,1,112,2,115,18,12,153,2,185,148,0,148,333
11/21/2011,PIE,FL,ASO,ES,Towers with Radar,23,14,46,6,89,0,3,106,26,135,23,17,152,32,224,176,14,190,414
11/22/2011,PIE,FL,ASO,ES,Towers with Radar,24,23,57,9,113,0,2,71,2,75,24,25,128,11,188,156,0,156,344
11/23/2011,PIE,FL,ASO,ES,Towers with Radar,31,30,52,3,116,0,6,44,15,65,31,36,96,18,181,58,8,66,247
11/24/2011,PIE,FL,ASO,ES,Towers with Radar,17,10,7,2,36,0,1,29,0,30,17,11,36,2,66,18,0,18,84
11/25/2011,PIE,FL,ASO,ES,Towers with Radar,13,9,31,3,56,0,2,106,6,114,13,11,137,9,170,80,2,82,252
11/26/2011,PIE,FL,ASO,ES,Towers with Radar,22,14,40,3,79,0,1,106,14,121,22,15,146,17,200,140,34,174,374
11/27/2011,PIE,FL,ASO,ES,Towers with Radar,24,17,54,4,99,0,3,131,10,144,24,20,185,14,243,90,10,100,343
11/28/2011,PIE,FL,ASO,ES,Towers with Radar,23,11,33,14,81,0,0,3,8,11,23,11,36,22,92,0,0,0,92
11/29/2011,PIE,FL,ASO,ES,Towers with Radar,10,12,55,7,84,0,0,99,30,129,10,12,154,37,213,100,74,174,387
11/30/2011,PIE,FL,ASO,ES,Towers with Radar,11,13,71,15,110,0,0,71,27,98,11,13,142,42,208,74,94,168,376
12/01/2011,PIE,FL,ASO,ES,Towers with Radar,22,20,46,14,102,0,4,115,33,152,22,24,161,47,254,134,4,138,392
12/02/2011,PIE,FL,ASO,ES,Towers with Radar,23,5,65,17,110,0,4,87,33,124,23,9,152,50,234,108,24,132,366
12/03/2011,PIE,FL,ASO,ES,Towers with Radar,6,17,39,0,62,0,1,91,3,95,6,18,130,3,157,94,0,94,251
12/04/2011,PIE,FL,ASO,ES,Towers with Radar,19,11,49,7,86,0,3,69,2,74,19,14,118,9,160,72,16,88,248
12/05/2011,PIE,FL,ASO,ES,Towers with Radar,26,14,39,10,89,0,5,82,38,125,26,19,121,48,214,96,78,174,388
12/06/2011,PIE,FL,ASO,ES,Towers with Radar,6,15,54,8,83,0,0,111,45,156,6,15,165,53,239,84,54,138,377
12/07/2011,PIE,FL,ASO,ES,Towers with Radar,9,6,44,19,78,0,0,45,24,69,9,6,89,43,147,4,16,20,167
12/08/2011,PIE,FL,ASO,ES,Towers with Radar,26,17,50,11,104,0,4,99,27,130,26,21,149,38,234,168,12,180,414
12/09/2011,PIE,FL,ASO,ES,Towers with Radar,26,9,48,6,89,0,1,90,25,116,26,10,138,31,205,128,4,132,337
12/10/2011,PIE,FL,ASO,ES,Towers with Radar,8,4,34,6,52,0,1,42,17,60,8,5,76,23,112,66,6,72,184
12/11/2011,PIE,FL,ASO,ES,Towers with Radar,18,10,50,3,81,0,2,52,13,67,18,12,102,16,148,96,0,96,244
12/12/2011,PIE,FL,ASO,ES,Towers with Radar,28,10,45,16,99,0,1,42,38,81,28,11,87,54,180,92,70,162,342
12/13/2011,PIE,FL,ASO,ES,Towers with Radar,4,13,87,13,117,0,0,100,40,140,4,13,187,53,257,96,46,142,399
12/14/2011,PIE,FL,ASO,ES,Towers with Radar,13,9,56,6,84,0,0,106,32,138,13,9,162,38,222,188,18,206,428
12/15/2011,PIE,FL,ASO,ES,Towers with Radar,29,15,50,8,102,0,1,96,10,107,29,16,146,18,209,162,0,162,371
12/16/2011,PIE,FL,ASO,ES,Towers with Radar,29,6,60,11,106,0,1,111,11,123,29,7,171,22,229,190,2,192,421
12/17/2011,PIE,FL,ASO,ES,Towers with Radar,7,12,37,5,61,0,4,150,0,154,7,16,187,5,215,186,0,186,401
12/18/2011,PIE,FL,ASO,ES,Towers with Radar,19,7,38,2,66,0,3,90,2,95,19,10,128,4,161,124,13,137,298
12/19/2011,PIE,FL,ASO,ES,Towers with Radar,32,19,59,6,116,0,2,117,19,138,32,21,176,25,254,178,0,178,432
12/20/2011,PIE,FL,ASO,ES,Towers with Radar,6,22,42,6,76,0,2,104,15,121,6,24,146,21,197,142,0,142,339
12/21/2011,PIE,FL,ASO,ES,Towers with Radar,25,20,49,17,111,0,2,122,21,145,25,22,171,38,256,172,38,210,466
12/22/2011,PIE,FL,ASO,ES,Towers with Radar,29,26,33,11,99,0,2,102,9,113,29,28,135,20,212,170,0,170,382
12/23/2011,PIE,FL,ASO,ES,Towers with Radar,32,14,40,2,88,0,13,97,10,120,32,27,137,12,208,162,0,162,370
12/24/2011,PIE,FL,ASO,ES,Towers with Radar,20,8,29,8,65,0,0,37,3,40,20,8,66,11,105,48,2,50,155
12/25/2011,PIE,FL,ASO,ES,Towers with Radar,18,16,9,1,44,0,0,28,2,30,18,16,37,3,74,46,0,46,120
12/26/2011,PIE,FL,ASO,ES,Towers with Radar,31,21,50,2,104,0,2,18,5,25,31,23,68,7,129,84,0,84,213
12/27/2011,PIE,FL,ASO,ES,Towers with Radar,28,21,36,11,96,0,0,13,2,15,28,21,49,13,111,16,0,16,127
12/28/2011,PIE,FL,ASO,ES,Towers with Radar,27,13,47,12,99,0,4,115,7,126,27,17,162,19,225,220,20,240,465
12/29/2011,PIE,FL,ASO,ES,Towers with Radar,28,15,37,5,85,0,2,154,12,168,28,17,191,17,253,172,10,182,435
12/30/2011,PIE,FL,ASO,ES,Towers with Radar,30,13,45,0,88,0,1,112,9,122,30,14,157,9,210,140,0,140,350
12/31/2011,PIE,FL,ASO,ES,Towers with Radar,19,9,30,5,63,0,0,82,2,84,19,9,112,7,147,76,42,118,265
01/01/2012,PIE,FL,ASO,ES,Towers with Radar,19,11,33,4,67,0,2,68,6,76,19,13,101,10,143,84,10,94,237
01/02/2012,PIE,FL,ASO,ES,Towers with Radar,29,12,55,6,102,0,2,74,12,88,29,14,129,18,190,60,0,60,250
01/03/2012,PIE,FL,ASO,ES,Towers with Radar,22,15,27,2,66,0,1,54,8,63,22,16,81,10,129,90,18,108,237
01/04/2012,PIE,FL,ASO,ES,Towers with Radar,7,8,26,11,52,0,0,138,16,154,7,8,164,27,206,206,10,216,422
01/05/2012,PIE,FL,ASO,ES,Towers with Radar,23,28,42,8,101,0,1,118,34,153,23,29,160,42,254,240,34,274,528
01/06/2012,PIE,FL,ASO,ES,Towers with Radar,27,17,35,15,94,0,3,92,19,114,27,20,127,34,208,118,14,132,340
01/07/2012,PIE,FL,ASO,ES,Towers with Radar,6,10,35,7,58,0,1,103,12,116,6,11,138,19,174,162,0,162,336
01/08/2012,PIE,FL,ASO,ES,Towers with Radar,18,22,33,7,80,0,3,117,9,129,18,25,150,16,209,172,46,218,427
01/09/2012,PIE,FL,ASO,ES,Towers with Radar,27,16,31,26,100,0,2,132,24,158,27,18,163,50,258,220,10,230,488
01/10/2012,PIE,FL,ASO,ES,Towers with Radar,4,9,43,18,74,0,0,91,42,133,4,9,134,60,207,240,26,266,473
01/11/2012,PIE,FL,ASO,ES,Towers with Radar,11,6,24,24,65,0,0,26,15,41,11,6,50,39,106,46,20,66,172
01/12/2012,PIE,FL,ASO,ES,Towers with Radar,22,13,37,31,103,0,2,84,28,114,22,15,121,59,217,124,60,184,401
01/13/2012,PIE,FL,ASO,ES,Towers with Radar,27,18,41,5,91,0,2,111,19,132,27,20,152,24,223,152,12,164,387
01/14/2012,PIE,FL,ASO,ES,Towers with Radar,9,12,34,6,61,0,0,109,11,120,9,12,143,17,181,156,0,156,337
01/15/2012,PIE,FL,ASO,ES,Towers with Radar,18,17,26,5,66,0,2,73,7,82,18,19,99,12,148,180,32,212,360
01/16/2012,PIE,FL,ASO,ES,Towers with Radar,31,25,44,6,106,0,2,39,4,45,31,27,83,10,151,0,0,0,151
01/17/2012,PIE,FL,ASO,ES,Towers with Radar,5,13,45,10,73,0,1,77,31,109,5,14,122,41,182,134,24,158,340
01/18/2012,PIE,FL,ASO,ES,Towers with Radar,6,12,56,18,92,0,1,46,24,71,6,13,102,42,163,54,74,128,291
01/19/2012,PIE,FL,ASO,ES,Towers with Radar,22,10,45,9,86,0,8,124,38,170,22,18,169,47,256,116,18,134,390
01/20/2012,PIE,FL,ASO,ES,Towers with Radar,31,18,65,18,132,0,6,127,36,169,31,24,192,54,301,108,16,124,425
01/21/2012,PIE,FL,ASO,ES,Towers with Radar,7,10,25,6,48,0,1,140,23,164,7,11,165,29,212,160,54,214,426
01/22/2012,PIE,FL,ASO,ES,Towers with Radar,19,12,33,21,85,0,8,93,18,119,19,20,126,39,204,200,4,204,408
01/23/2012,PIE,FL,ASO,ES,Towers with Radar,29,15,46,12,102,0,2,101,23,126,29,17,147,35,228,142,0,142,370
01/24/2012,PIE,FL,ASO,ES,Towers with Radar,5,9,53,6,73,0,1,106,13,120,5,10,159,19,193,98,0,98,291
01/25/2012,PIE,FL,ASO,ES,Towers with Radar,7,16,59,27,109,0,4,137,17,158,7,20,196,44,267,222,32,254,521
01/26/2012,PIE,FL,ASO,ES,Towers with Radar,20,13,62,8,103,0,2,101,22,125,20,15,163,30,228,76,50,126,354
01/27/2012,PIE,FL,ASO,ES,Towers with Radar,27,14,38,21,100,0,3,38,3,44,27,17,76,24,144,42,0,42,186
01/28/2012,PIE,FL,ASO,ES,Towers with Radar,9,7,35,17,68,0,0,111,11,122,9,7,146,28,190,86,4,90,280
01/29/2012,PIE,FL,ASO,ES,Towers with Radar,16,17,39,17,89,0,7,111,8,126,16,24,150,25,215,84,0,84,299
01/30/2012,PIE,FL,ASO,ES,Towers with Radar,30,7,32,18,87,0,5,70,12,87,30,12,102,30,174,104,12,116,290
01/31/2012,PIE,FL,ASO,ES,Towers with Radar,6,12,46,12,76,0,2,110,19,131,6,14,156,31,207,68,26,94,301
02/01/2012,PIE,FL,ASO,ES,Towers with Radar,10,19,40,24,93,0,3,112,29,144,10,22,152,53,237,87,14,101,338
02/02/2012,PIE,FL,ASO,ES,Towers with Radar,22,21,41,9,93,0,3,100,43,146,22,24,141,52,239,138,42,180,419
02/03/2012,PIE,FL,ASO,ES,Towers with Radar,28,23,39,13,103,0,1,89,27,117,28,24,128,40,220,108,58,166,386
02/04/2012,PIE,FL,ASO,ES,Towers with Radar,9,14,29,11,63,0,1,105,3,109,9,15,134,14,172,36,2,38,210
02/05/2012,PIE,FL,ASO,ES,Towers with Radar,18,10,36,6,70,0,2,74,5,81,18,12,110,11,151,68,12,80,231
02/06/2012,PIE,FL,ASO,ES,Towers with Radar,30,17,38,13,98,0,2,63,33,98,30,19,101,46,196,80,42,122,318
02/07/2012,PIE,FL,ASO,ES,Towers with Radar,10,15,84,6,115,0,0,9,6,15,10,15,93,12,130,0,2,2,132
02/08/2012,PIE,FL,ASO,ES,Towers with Radar,10,13,50,13,86,0,1,97,30,128,10,14,147,43,214,40,62,102,316
02/09/2012,PIE,FL,ASO,ES,Towers with Radar,23,16,61,5,105,0,4,94,31,129,23,20,155,36,234,144,40,184,418
02/10/2012,PIE,FL,ASO,ES,Towers with Radar,26,21,74,15,136,0,2,79,41,122,26,23,153,56,258,122,76,198,456
02/11/2012,PIE,FL,ASO,ES,Towers with Radar,9,15,33,7,64,0,0,33,6,39,9,15,66,13,103,36,12,48,151
02/12/2012,PIE,FL,ASO,ES,Towers with Radar,18,15,43,18,94,0,5,86,19,110,18,20,129,37,204,130,6,136,340
02/13/2012,PIE,FL,ASO,ES,Towers with Radar,27,9,36,24,96,0,5,63,27,95,27,14,99,51,191,52,62,114,305
02/14/2012,PIE,FL,ASO,ES,Towers with Radar,9,13,53,5,80,0,1,69,10,80,9,14,122,15,160,36,42,78,238
02/15/2012,PIE,FL,ASO,ES,Towers with Radar,20,15,54,17,106,0,8,84,23,115,20,23,138,40,221,94,46,140,361
02/16/2012,PIE,FL,ASO,ES,Towers with Radar,25,30,67,15,137,0,2,80,19,101,25,32,147,34,238,83,18,101,339
02/17/2012,PIE,FL,ASO,ES,Towers with Radar,28,24,77,5,134,0,0,1,2,3,28,24,78,7,137,0,0,0,137
02/18/2012,PIE,FL,ASO,ES,Towers with Radar,11,12,48,3,74,0,1,34,2,37,11,13,82,5,111,64,0,64,175
02/19/2012,PIE,FL,ASO,ES,Towers with Radar,20,12,36,10,78,0,0,14,9,23,20,12,50,19,101,28,26,54,155
02/20/2012,PIE,FL,ASO,ES,Towers with Radar,28,15,38,2,83,0,2,106,5,113,28,17,144,7,196,136,16,152,348
02/21/2012,PIE,FL,ASO,ES,Towers with Radar,11,14,65,21,111,0,1,126,35,162,11,15,191,56,273,250,22,272,545
02/22/2012,PIE,FL,ASO,ES,Towers with Radar,20,21,69,4,114,0,3,57,28,88,20,24,126,32,202,76,38,114,316
02/23/2012,PIE,FL,ASO,ES,Towers with Radar,23,27,79,7,136,0,2,24,11,37,23,29,103,18,173,4,0,4,177
02/24/2012,PIE,FL,ASO,ES,Towers with Radar,25,9,64,17,115,0,3,52,15,70,25,12,116,32,185,12,12,24,209
02/25/2012,PIE,FL,ASO,ES,Towers with Radar,19,15,61,6,101,0,2,107,9,118,19,17,168,15,219,102,0,102,321
02/26/2012,PIE,FL,ASO,ES,Towers with Radar,22,16,51,2,91,0,1,64,2,67,22,17,115,4,158,118,2,120,278
02/27/2012,PIE,FL,ASO,ES,Towers with Radar,30,8,52,10,100,0,1,94,19,114,30,9,146,29,214,100,20,120,334
02/28/2012,PIE,FL,ASO,ES,Towers with Radar,14,23,64,10,111,0,0,78,16,94,14,23,142,26,205,68,24,92,297
02/29/2012,PIE,FL,ASO,ES,Towers with Radar,20,15,62,3,100,0,1,84,1,86,20,16,146,4,186,102,0,102,288
03/01/2012,PIE,FL,ASO,ES,Towers with Radar,26,20,84,13,143,0,1,95,21,117,26,21,179,34,260,190,20,210,470
03/02/2012,PIE,FL,ASO,ES,Towers with Radar,28,12,64,11,115,0,2,100,19,121,28,14,164,30,236,114,68,182,418
03/03/2012,PIE,FL,ASO,ES,Towers with Radar,20,12,72,3,107,3,0,54,6,63,23,12,126,9,170,32,0,32,202
03/04/2012,PIE,FL,ASO,ES,Towers with Radar,21,16,42,3,82,0,4,24,6,34,21,20,66,9,116,11,2,13,129
03/05/2012,PIE,FL,ASO,ES,Towers with Radar,25,14,50,6,95,0,2,126,18,146,25,16,176,24,241,136,26,162,403
03/06/2012,PIE,FL,ASO,ES,Towers with Radar,13,18,48,12,91,0,2,107,19,128,13,20,155,31,219,70,20,90,309
03/07/2012,PIE,FL,ASO,ES,Towers with Radar,24,17,37,8,86,0,3,67,30,100,24,20,104,38,186,56,40,96,282
03/08/2012,PIE,FL,ASO,ES,Towers with Radar,28,26,64,10,128,0,2,88,26,116,28,28,152,36,244,132,20,152,396
03/09/2012,PIE,FL,ASO,ES,Towers with Radar,27,24,58,14,123,0,2,146,38,186,27,26,204,52,309,232,44,276,585
03/10/2012,PIE,FL,ASO,ES,Towers with Radar,27,15,85,8,135,0,0,78,4,82,27,15,163,12,217,78,0,78,295
03/11/2012,PIE,FL,ASO,ES,Towers with Radar,27,19,44,4,94,0,2,81,7,90,27,21,125,11,184,136,0,136,320
03/12/2012,PIE,FL,ASO,ES,Towers with Radar,28,18,62,11,119,0,7,121,19,147,28,25,183,30,266,128,20,148,414
03/13/2012,PIE,FL,ASO,ES,Towers with Radar,20,26,74,15,135,0,2,137,14,153,20,28,211,29,288,176,20,196,484
03/14/2012,PIE,FL,ASO,ES,Towers with Radar,22,18,83,9,132,0,0,110,21,131,22,18,193,30,263,130,64,194,457
03/15/2012,PIE,FL,ASO,ES,Towers with Radar,28,26,62,19,135,0,4,118,20,142,28,30,180,39,277,176,12,188,465
03/16/2012,PIE,FL,ASO,ES,Towers with Radar,28,24,55,7,114,0,4,115,20,139,28,28,170,27,253,198,56,254,507
03/17/2012,PIE,FL,ASO,ES,Towers with Radar,27,9,47,3,86,0,1,124,13,138,27,10,171,16,224,160,8,168,392
03/18/2012,PIE,FL,ASO,ES,Towers with Radar,27,18,59,4,108,0,4,131,11,146,27,22,190,15,254,59,10,69,323
03/19/2012,PIE,FL,ASO,ES,Towers with Radar,28,19,52,16,115,0,1,110,26,137,28,20,162,42,252,108,86,194,446
03/20/2012,PIE,FL,ASO,ES,Towers with Radar,18,11,52,16,97,0,2,124,55,181,18,13,176,71,278,110,58,168,446
03/21/2012,PIE,FL,ASO,ES,Towers with Radar,24,27,56,13,120,0,7,107,33,147,24,34,163,46,267,106,88,194,461
03/22/2012,PIE,FL,ASO,ES,Towers with Radar,31,22,66,21,140,0,4,97,33,134,31,26,163,54,274,162,48,210,484
03/23/2012,PIE,FL,ASO,ES,Towers with Radar,27,17,73,8,125,0,5,84,20,109,27,22,157,28,234,108,14,122,356
03/24/2012,PIE,FL,ASO,ES,Towers with Radar,27,11,51,4,93,0,4,86,6,96,27,15,137,10,189,108,0,108,297
03/25/2012,PIE,FL,ASO,ES,Towers with Radar,27,23,80,5,135,0,4,93,9,106,27,27,173,14,241,124,14,138,379
03/26/2012,PIE,FL,ASO,ES,Towers with Radar,28,13,66,0,107,0,3,73,31,107,28,16,139,31,214,84,66,150,364
03/27/2012,PIE,FL,ASO,ES,Towers with Radar,18,12,55,7,92,0,0,104,16,120,18,12,159,23,212,112,14,126,338
03/28/2012,PIE,FL,ASO,ES,Towers with Radar,24,14,49,5,92,0,1,100,25,126,24,15,149,30,218,84,40,124,342
03/29/2012,PIE,FL,ASO,ES,Towers with Radar,30,29,66,15,140,0,2,97,30,129,30,31,163,45,269,148,42,190,459
03/30/2012,PIE,FL,ASO,ES,Towers with Radar,27,13,56,4,100,0,1,89,34,124,27,14,145,38,224,94,36,130,354
03/31/2012,PIE,FL,ASO,ES,Towers with Radar,27,13,42,3,85,0,0,27,4,31,27,13,69,7,116,10,12,22,138
04/01/2012,PIE,FL,ASO,ES,Towers with Radar,26,19,49,3,97,0,4,99,5,108,26,23,148,8,205,106,2,108,313
04/02/2012,PIE,FL,ASO,ES,Towers with Radar,30,15,47,11,103,0,2,51,33,86,30,17,98,44,189,68,84,152,341
04/03/2012,PIE,FL,ASO,ES,Towers with Radar,22,18,64,16,120,0,4,92,33,129,22,22,156,49,249,220,48,268,517
04/04/2012,PIE,FL,ASO,ES,Towers with Radar,25,15,75,7,122,0,3,104,43,150,25,18,179,50,272,156,28,184,456
04/05/2012,PIE,FL,ASO,ES,Towers with Radar,28,21,63,10,122,0,2,72,18,92,28,23,135,28,214,72,6,78,292
04/06/2012,PIE,FL,ASO,ES,Towers with Radar,29,23,63,14,129,0,3,60,24,87,29,26,123,38,216,66,58,124,340
04/07/2012,PIE,FL,ASO,ES,Towers with Radar,27,24,36,0,87,0,0,101,8,109,27,24,137,8,196,132,24,156,352
04/08/2012,PIE,FL,ASO,ES,Towers with Radar,32,9,35,0,76,0,2,71,7,80,32,11,106,7,156,74,0,74,230
04/09/2012,PIE,FL,ASO,ES,Towers with Radar,33,16,69,4,122,0,6,86,8,100,33,22,155,12,222,126,14,140,362
04/10/2012,PIE,FL,ASO,ES,Towers with Radar,20,7,57,7,91,0,0,98,29,127,20,7,155,36,218,114,10,124,342
04/11/2012,PIE,FL,ASO,ES,Towers with Radar,20,12,60,9,101,0,1,115,30,146,20,13,175,39,247,126,44,170,417
04/12/2012,PIE,FL,ASO,ES,Towers with Radar,29,26,52,7,114,0,1,82,21,104,29,27,134,28,218,144,52,196,414
04/13/2012,PIE,FL,ASO,ES,Towers with Radar,26,20,47,4,97,0,3,57,9,69,26,23,104,13,166,68,0,68,234
04/14/2012,PIE,FL,ASO,ES,Towers with Radar,13,12,34,1,60,0,0,76,7,83,13,12,110,8,143,96,20,116,259
04/15/2012,PIE,FL,ASO,ES,Towers with Radar,24,15,50,6,95,0,4,85,14,103,24,19,135,20,198,64,10,74,272
04/16/2012,PIE,FL,ASO,ES,Towers with Radar,26,11,53,3,93,0,4,109,38,151,26,15,162,41,244,144,90,234,478
04/17/2012,PIE,FL,ASO,ES,Towers with Radar,13,10,42,9,74,0,2,96,36,134,13,12,138,45,208,152,26,178,386
04/18/2012,PIE,FL,ASO,ES,Towers with Radar,14,11,52,9,86,0,5,94,35,134,14,16,146,44,220,88,8,96,316
04/19/2012,PIE,FL,ASO,ES,Towers with Radar,26,23,57,13,119,0,1,39,24,64,26,24,96,37,183,48,30,78,261
04/20/2012,PIE,FL,ASO,ES,Towers with Radar,25,17,51,12,105,0,1,77,14,92,25,18,128,26,197,124,14,138,335
04/21/2012,PIE,FL,ASO,ES,Towers with Radar,9,11,23,2,45,0,0,29,7,36,9,11,52,9,81,44,2,46,127
04/22/2012,PIE,FL,ASO,ES,Towers with Radar,23,16,31,15,85,0,3,18,6,27,23,19,49,21,112,6,8,14,126
04/23/2012,PIE,FL,ASO,ES,Towers with Radar,28,13,43,15,99,0,2,66,31,99,28,15,109,46,198,14,22,36,234
04/24/2012,PIE,FL,ASO,ES,Towers with Radar,12,13,48,9,82,0,1,77,22,100,12,14,125,31,182,118,14,132,314
04/25/2012,PIE,FL,ASO,ES,Towers with Radar,11,14,53,9,87,0,1,106,23,130,11,15,159,32,217,132,26,158,375
04/26/2012,PIE,FL,ASO,ES,Towers with Radar,30,21,61,10,122,0,4,144,13,161,30,25,205,23,283,184,10,194,477
04/27/2012,PIE,FL,ASO,ES,Towers with Radar,25,12,51,10,98,0,2,138,22,162,25,14,189,32,260,226,34,260,520
04/28/2012,PIE,FL,ASO,ES,Towers with Radar,11,6,49,1,67,0,0,101,5,106,11,6,150,6,173,156,4,160,333
04/29/2012,PIE,FL,ASO,ES,Towers with Radar,25,9,44,8,86,0,3,92,13,108,25,12,136,21,194,148,0,148,342
04/30/2012,PIE,FL,ASO,ES,Towers with Radar,28,16,56,4,104,0,0,91,34,125,28,16,147,38,229,72,42,114,343
05/01/2012,PIE,FL,ASO,ES,Towers with Radar,12,14,55,9,90,0,0,67,12,79,12,14,122,21,169,48,6,54,223
05/02/2012,PIE,FL,ASO,ES,Towers with Radar,12,12,71,8,103,0,2,99,26,127,12,14,170,34,230,96,10,106,336
05/03/2012,PIE,FL,ASO,ES,Towers with Radar,27,14,67,8,116,0,7,73,18,98,27,21,140,26,214,98,14,112,326
05/04/2012,PIE,FL,ASO,ES,Towers with Radar,29,22,40,4,95,0,8,94,11,113,29,30,134,15,208,138,18,156,364
05/05/2012,PIE,FL,ASO,ES,Towers with Radar,5,6,41,2,54,0,0,120,3,123,5,6,161,5,177,176,2,178,355
05/06/2012,PIE,FL,ASO,ES,Towers with Radar,23,22,32,0,77,0,8,99,9,116,23,30,131,9,193,134,8,142,335
05/07/2012,PIE,FL,ASO,ES,Towers with Radar,27,13,36,3,79,0,1,70,26,97,27,14,106,29,176,114,48,162,338
05/08/2012,PIE,FL,ASO,ES,Towers with Radar,12,13,26,7,58,0,0,80,23,103,12,13,106,30,161,84,28,112,273
05/09/2012,PIE,FL,ASO,ES,Towers with Radar,11,7,48,19,85,0,0,72,34,106,11,7,120,53,191,66,58,124,315
05/10/2012,PIE,FL,ASO,ES,Towers with Radar,27,21,58,8,114,0,1,89,21,111,27,22,147,29,225,66,12,78,303
05/11/2012,PIE,FL,ASO,ES,Towers with Radar,25,14,41,3,83,0,4,110,25,139,25,18,151,28,222,74,12,86,308
05/12/2012,PIE,FL,ASO,ES,Towers with Radar,5,13,31,1,50,0,0,97,3,100,5,13,128,4,150,84,0,84,234
05/13/2012,PIE,FL,ASO,ES,Towers with Radar,24,20,32,5,81,0,4,78,1,83,24,24,110,6,164,118,0,118,282
05/14/2012,PIE,FL,ASO,ES,Towers with Radar,27,16,63,20,126,0,2,88,16,106,27,18,151,36,232,148,0,148,380
05/15/2012,PIE,FL,ASO,ES,Towers with Radar,10,28,64,5,107,0,1,88,15,104,10,29,152,20,211,130,0,130,341
05/16/2012,PIE,FL,ASO,ES,Towers with Radar,2,14,62,5,83,0,1,23,12,36,2,15,85,17,119,42,26,68,187
05/17/2012,PIE,FL,ASO,ES,Towers with Radar,27,11,54,15,107,0,1,97,29,127,27,12,151,44,234,121,63,184,418
05/18/2012,PIE,FL,ASO,ES,Towers with Radar,28,14,49,1,92,0,4,95,14,113,28,18,144,15,205,108,18,126,331
05/19/2012,PIE,FL,ASO,ES,Towers with Radar,4,11,42,3,60,0,1,110,13,124,4,12,152,16,184,134,0,134,318
05/20/2012,PIE,FL,ASO,ES,Towers with Radar,24,9,50,5,88,0,6,98,8,112,24,15,148,13,200,124,28,152,352
05/21/2012,PIE,FL,ASO,ES,Towers with Radar,26,21,36,10,93,0,4,96,24,124,26,25,132,34,217,94,38,132,349
05/22/2012,PIE,FL,ASO,ES,Towers with Radar,4,29,53,13,99,0,3,93,26,122,4,32,146,39,221,158,20,178,399
05/23/2012,PIE,FL,ASO,ES,Towers with Radar,11,24,35,8,78,0,0,99,31,130,11,24,134,39,208,154,42,196,404
05/24/2012,PIE,FL,ASO,ES,Towers with Radar,26,25,48,14,113,0,5,75,18,98,26,30,123,32,211,76,14,90,301
05/25/2012,PIE,FL,ASO,ES,Towers with Radar,29,16,55,5,105,0,2,85,8,95,29,18,140,13,200,142,14,156,356
05/26/2012,PIE,FL,ASO,ES,Towers with Radar,13,8,49,2,72,0,0,105,0,105,13,8,154,2,177,148,0,148,325
05/27/2012,PIE,FL,ASO,ES,Towers with Radar,25,8,30,3,66,0,2,63,2,67,25,10,93,5,133,98,0,98,231
05/28/2012,PIE,FL,ASO,ES,Towers with Radar,27,15,37,4,83,0,0,25,0,25,27,15,62,4,108,0,0,0,108
05/29/2012,PIE,FL,ASO,ES,Towers with Radar,6,6,32,5,49,0,0,7,5,12,6,6,39,10,61,6,0,6,67
05/30/2012,PIE,FL,ASO,ES,Towers with Radar,13,14,60,12,99,0,2,97,16,115,13,16,157,28,214,96,22,118,332
05/31/2012,PIE,FL,ASO,ES,Towers with Radar,25,16,65,8,114,0,1,84,25,110,25,17,149,33,224,114,10,124,348
06/01/2012,PIE,FL,ASO,ES,Towers with Radar,26,10,48,0,84,0,2,19,4,25,26,12,67,4,109,14,4,18,127
06/02/2012,PIE,FL,ASO,ES,Towers with Radar,9,8,52,17,86,0,2,119,8,129,9,10,171,25,215,152,16,168,383
06/03/2012,PIE,FL,ASO,ES,Towers with Radar,24,8,30,3,65,0,2,83,6,91,24,10,113,9,156,148,22,170,326
06/04/2012,PIE,FL,ASO,ES,Towers with Radar,27,12,46,8,93,0,2,80,27,109,27,14,126,35,202,92,30,122,324
06/05/2012,PIE,FL,ASO,ES,Towers with Radar,4,11,33,11,59,0,1,53,29,83,4,12,86,40,142,144,62,206,348
06/06/2012,PIE,FL,ASO,ES,Towers with Radar,13,12,33,22,80,0,0,31,17,48,13,12,64,39,128,154,30,184,312
06/07/2012,PIE,FL,ASO,ES,Towers with Radar,24,18,31,10,83,0,3,26,8,37,24,21,57,18,120,90,38,128,248
06/08/2012,PIE,FL,ASO,ES,Towers with Radar,26,12,33,10,81,0,8,52,15,75,26,20,85,25,156,64,52,116,272
06/09/2012,PIE,FL,ASO,ES,Towers with Radar,15,7,48,3,73,0,0,114,2,116,15,7,162,5,189,140,14,154,343
06/10/2012,PIE,FL,ASO,ES,Towers with Radar,24,12,37,1,74,0,6,90,7,103,24,18,127,8,177,158,0,158,335
06/11/2012,PIE,FL,ASO,ES,Towers with Radar,25,9,33,12,79,0,3,93,16,112,25,12,126,28,191,140,18,158,349
06/12/2012,PIE,FL,ASO,ES,Towers with Radar,5,29,44,16,94,0,0,92,67,159,5,29,136,83,253,110,94,204,457
06/13/2012,PIE,FL,ASO,ES,Towers with Radar,16,14,51,15,96,0,3,117,29,149,16,17,168,44,245,218,64,282,527
06/14/2012,PIE,FL,ASO,ES,Towers with Radar,27,13,53,17,110,0,2,86,21,109,27,15,139,38,219,148,38,186,405
06/15/2012,PIE,FL,ASO,ES,Towers with Radar,25,13,40,12,90,0,4,83,17,104,25,17,123,29,194,76,10,86,280
06/16/2012,PIE,FL,ASO,ES,Towers with Radar,19,11,28,4,62,0,0,138,17,155,19,11,166,21,217,176,12,188,405
06/17/2012,PIE,FL,ASO,ES,Towers with Radar,23,10,34,7,74,0,8,104,18,130,23,18,138,25,204,174,16,190,394
06/18/2012,PIE,FL,ASO,ES,Towers with Radar,29,21,31,13,94,0,8,102,33,143,29,29,133,46,237,117,78,195,432
06/19/2012,PIE,FL,ASO,ES,Towers with Radar,5,12,54,15,86,0,0,113,27,140,5,12,167,42,226,196,36,232,458
06/20/2012,PIE,FL,ASO,ES,Towers with Radar,17,11,37,11,76,0,3,48,11,62,17,14,85,22,138,46,6,52,190
06/21/2012,PIE,FL,ASO,ES,Towers with Radar,25,20,29,12,86,0,1,57,19,77,25,21,86,31,163,142,22,164,327
06/22/2012,PIE,FL,ASO,ES,Towers with Radar,24,13,47,6,90,0,0,38,12,50,24,13,85,18,140,32,24,56,196
06/23/2012,PIE,FL,ASO,ES,Towers with Radar,21,10,25,2,58,0,0,43,1,44,21,10,68,3,102,106,0,106,208
06/24/2012,PIE,FL,ASO,ES,Towers with Radar,12,13,13,4,42,0,0,0,0,0,12,13,13,4,42,0,0,0,42
06/25/2012,PIE,FL,ASO,ES,Towers with Radar,26,9,8,4,47,0,0,2,2,4,26,9,10,6,51,0,0,0,51
06/26/2012,PIE,FL,ASO,ES,Towers with Radar,18,13,14,6,51,0,1,9,14,24,18,14,23,20,75,4,46,50,125
06/27/2012,PIE,FL,ASO,ES,Towers with Radar,20,10,41,6,77,0,1,55,21,77,20,11,96,27,154,80,20,100,254
06/28/2012,PIE,FL,ASO,ES,Towers with Radar,25,8,43,7,83,0,1,128,26,155,25,9,171,33,238,192,46,238,476
06/29/2012,PIE,FL,ASO,ES,Towers with Radar,24,9,50,3,86,0,4,130,28,162,24,13,180,31,248,164,22,186,434
06/30/2012,PIE,FL,ASO,ES,Towers with Radar,26,4,53,0,83,0,0,103,7,110,26,4,156,7,193,182,0,182,375
07/01/2012,PIE,FL,ASO,ES,Towers with Radar,23,18,32,7,80,0,3,60,5,68,23,21,92,12,148,86,6,92,240
07/02/2012,PIE,FL,ASO,ES,Towers with Radar,26,11,46,6,89,0,2,117,23,142,26,13,163,29,231,134,14,148,379
07/03/2012,PIE,FL,ASO,ES,Towers with Radar,5,9,53,11,78,0,2,115,25,142,5,11,168,36,220,196,38,234,454
07/04/2012,PIE,FL,ASO,ES,Towers with Radar,26,2,27,11,66,0,0,67,3,70,26,2,94,14,136,115,6,121,257
07/05/2012,PIE,FL,ASO,ES,Towers with Radar,26,9,36,15,86,0,1,67,13,81,26,10,103,28,167,174,8,182,349
07/06/2012,PIE,FL,ASO,ES,Towers with Radar,25,8,43,0,76,0,2,99,10,111,25,10,142,10,187,172,0,172,359
07/07/2012,PIE,FL,ASO,ES,Towers with Radar,24,3,34,0,61,0,0,89,5,94,24,3,123,5,155,144,24,168,323
07/08/2012,PIE,FL,ASO,ES,Towers with Radar,24,13,49,0,86,0,1,97,11,109,24,14,146,11,195,110,0,110,305
07/09/2012,PIE,FL,ASO,ES,Towers with Radar,27,16,40,5,88,0,2,91,28,121,27,18,131,33,209,212,8,220,429
07/10/2012,PIE,FL,ASO,ES,Towers with Radar,5,8,27,5,45,0,5,78,31,114,5,13,105,36,159,92,36,128,287
07/11/2012,PIE,FL,ASO,ES,Towers with Radar,16,11,53,11,91,0,3,92,40,135,16,14,145,51,226,170,68,238,464
07/12/2012,PIE,FL,ASO,ES,Towers with Radar,28,8,47,7,90,0,2,97,18,117,28,10,144,25,207,142,4,146,353
07/13/2012,PIE,FL,ASO,ES,Towers with Radar,24,15,42,10,91,0,4,82,9,95,24,19,124,19,186,136,26,162,348
07/14/2012,PIE,FL,ASO,ES,Towers with Radar,21,5,33,4,63,0,0,86,3,89,21,5,119,7,152,82,10,92,244
07/15/2012,PIE,FL,ASO,ES,Towers with Radar,27,9,34,8,78,0,3,71,0,74,27,12,105,8,152,156,2,158,310
07/16/2012,PIE,FL,ASO,ES,Towers with Radar,26,14,31,11,82,0,1,64,33,98,26,15,95,44,180,112,110,222,402
07/17/2012,PIE,FL,ASO,ES,Towers with Radar,5,5,29,13,52,0,0,49,29,78,5,5,78,42,130,196,110,306,436
07/18/2012,PIE,FL,ASO,ES,Towers with Radar,13,10,34,6,63,0,1,57,15,73,13,11,91,21,136,200,4,204,340
07/19/2012,PIE,FL,ASO,ES,Towers with Radar,31,14,61,17,123,0,3,160,39,202,31,17,221,56,325,200,16,216,541
07/20/2012,PIE,FL,ASO,ES,Towers with Radar,26,26,49,15,116,0,0,101,17,118,26,26,150,32,234,240,6,246,480
07/21/2012,PIE,FL,ASO,ES,Towers with Radar,17,9,15,6,47,0,0,107,5,112,17,9,122,11,159,124,0,124,283
07/22/2012,PIE,FL,ASO,ES,Towers with Radar,21,23,28,2,74,0,0,74,4,78,21,23,102,6,152,104,0,104,256
07/23/2012,PIE,FL,ASO,ES,Towers with Radar,29,9,39,9,86,0,4,77,13,94,29,13,116,22,180,220,18,238,418
07/24/2012,PIE,FL,ASO,ES,Towers with Radar,4,11,34,13,62,0,0,71,20,91,4,11,105,33,153,198,8,206,359
07/25/2012,PIE,FL,ASO,ES,Towers with Radar,14,3,41,2,60,0,0,74,22,96,14,3,115,24,156,134,18,152,308
07/26/2012,PIE,FL,ASO,ES,Towers with Radar,27,14,55,12,108,0,0,107,19,126,27,14,162,31,234,194,28,222,456
07/27/2012,PIE,FL,ASO,ES,Towers with Radar,27,7,40,3,77,0,1,112,16,129,27,8,152,19,206,190,0,190,396
07/28/2012,PIE,FL,ASO,ES,Towers with Radar,18,10,23,5,56,0,0,83,7,90,18,10,106,12,146,92,4,96,242
07/29/2012,PIE,FL,ASO,ES,Towers with Radar,23,11,25,7,66,0,5,75,1,81,23,16,100,8,147,102,0,102,249
07/30/2012,PIE,FL,ASO,ES,Towers with Radar,25,6,37,6,74,0,4,76,11,91,25,10,113,17,165,102,32,134,299
07/31/2012,PIE,FL,ASO,ES,Towers with Radar,3,10,43,5,61,0,0,94,8,102,3,10,137,13,163,60,8,68,231
08/01/2012,PIE,FL,ASO,ES,Towers with Radar,16,11,54,7,88,0,7,79,14,100,16,18,133,21,188,64,24,88,276
08/02/2012,PIE,FL,ASO,ES,Towers with Radar,25,9,31,14,79,0,4,99,24,127,25,13,130,38,206,274,20,294,500
08/03/2012,PIE,FL,ASO,ES,Towers with Radar,26,11,27,4,68,0,5,70,9,84,26,16,97,13,152,122,22,144,296
08/04/2012,PIE,FL,ASO,ES,Towers with Radar,19,8,25,7,59,0,3,130,8,141,19,11,155,15,200,148,28,176,376
08/05/2012,PIE,FL,ASO,ES,Towers with Radar,24,12,29,2,67,0,4,67,5,76,24,16,96,7,143,135,12,147,290
08/06/2012,PIE,FL,ASO,ES,Towers with Radar,23,9,32,2,66,0,1,60,16,77,23,10,92,18,143,118,16,134,277
08/07/2012,PIE,FL,ASO,ES,Towers with Radar,5,8,37,9,59,0,2,82,47,131,5,10,119,56,190,170,76,246,436
08/08/2012,PIE,FL,ASO,ES,Towers with Radar,12,12,50,13,87,0,3,127,42,172,12,15,177,55,259,134,22,156,415
08/09/2012,PIE,FL,ASO,ES,Towers with Radar,30,17,51,16,114,0,4,121,33,158,30,21,172,49,272,128,60,188,460
08/10/2012,PIE,FL,ASO,ES,Towers with Radar,26,7,43,18,94,0,3,83,19,105,26,10,126,37,199,128,12,140,339
08/11/2012,PIE,FL,ASO,ES,Towers with Radar,10,10,25,5,50,0,0,81,6,87,10,10,106,11,137,158,0,158,295
08/12/2012,PIE,FL,ASO,ES,Towers with Radar,21,6,33,2,62,0,4,80,5,89,21,10,113,7,151,64,0,64,215
08/13/2012,PIE,FL,ASO,ES,Towers with Radar,28,8,42,6,84,0,3,73,27,103,28,11,115,33,187,62,14,76,263
08/14/2012,PIE,FL,ASO,ES,Towers with Radar,3,13,38,20,74,0,4,72,24,100,3,17,110,44,174,68,22,90,264
08/15/2012,PIE,FL,ASO,ES,Towers with Radar,5,15,31,16,67,0,0,80,34,114,5,15,111,50,181,110,70,180,361
08/16/2012,PIE,FL,ASO,ES,Towers with Radar,25,10,46,12,93,0,3,83,22,108,25,13,129,34,201,78,26,104,305
08/17/2012,PIE,FL,ASO,ES,Towers with Radar,25,12,50,2,89,0,3,82,8,93,25,15,132,10,182,72,2,74,256
08/18/2012,PIE,FL,ASO,ES,Towers with Radar,5,5,14,0,24,0,0,35,0,35,5,5,49,0,59,68,0,68,127
08/19/2012,PIE,FL,ASO,ES,Towers with Radar,21,7,29,5,62,0,3,83,3,89,21,10,112,8,151,122,22,144,295
08/20/2012,PIE,FL,ASO,ES,Towers with Radar,24,18,29,5,76,0,7,79,27,113,24,25,108,32,189,108,32,140,329
08/21/2012,PIE,FL,ASO,ES,Towers with Radar,6,3,43,5,57,0,0,31,29,60,6,3,74,34,117,26,14,40,157
08/22/2012,PIE,FL,ASO,ES,Towers with Radar,6,5,27,9,47,0,0,47,22,69,6,5,74,31,116,76,16,92,208
08/23/2012,PIE,FL,ASO,ES,Towers with Radar,23,30,55,11,119,0,1,94,14,109,23,31,149,25,228,214,0,214,442
08/24/2012,PIE,FL,ASO,ES,Towers with Radar,21,10,50,28,109,0,2,105,25,132,21,12,155,53,241,120,28,148,389
08/25/2012,PIE,FL,ASO,ES,Towers with Radar,7,13,52,5,77,0,0,133,5,138,7,13,185,10,215,108,0,108,323
08/26/2012,PIE,FL,ASO,ES,Towers with Radar,21,10,29,5,65,0,0,13,10,23,21,10,42,15,88,2,0,2,90
08/27/2012,PIE,FL,ASO,ES,Towers with Radar,24,10,7,3,44,0,0,0,11,11,24,10,7,14,55,0,0,0,55
08/28/2012,PIE,FL,ASO,ES,Towers with Radar,6,34,46,8,94,0,0,3,3,6,6,34,49,11,100,6,0,6,106
08/29/2012,PIE,FL,ASO,ES,Towers with Radar,8,32,68,15,123,0,1,20,10,31,8,33,88,25,154,2,0,2,156
08/30/2012,PIE,FL,ASO,ES,Towers with Radar,22,25,59,9,115,0,3,43,10,56,22,28,102,19,171,32,0,32,203
08/31/2012,PIE,FL,ASO,ES,Towers with Radar,25,39,79,2,145,0,7,74,13,94,25,46,153,15,239,66,16,82,321
09/01/2012,PIE,FL,ASO,ES,Towers with Radar,7,6,34,2,49,0,0,97,4,101,7,6,131,6,150,168,4,172,322
09/02/2012,PIE,FL,ASO,ES,Towers with Radar,20,4,30,5,59,0,1,110,3,114,20,5,140,8,173,146,2,148,321
09/03/2012,PIE,FL,ASO,ES,Towers with Radar,23,9,37,3,72,0,1,98,9,108,23,10,135,12,180,122,4,126,306
09/04/2012,PIE,FL,ASO,ES,Towers with Radar,5,10,37,12,64,0,2,106,15,123,5,12,143,27,187,172,54,226,413
09/05/2012,PIE,FL,ASO,ES,Towers with Radar,9,9,55,7,80,0,2,115,23,140,9,11,170,30,220,174,0,174,394
09/06/2012,PIE,FL,ASO,ES,Towers with Radar,18,21,34,13,86,0,2,87,26,115,18,23,121,39,201,138,64,202,403
09/07/2012,PIE,FL,ASO,ES,Towers with Radar,21,9,50,4,84,0,2,67,6,75,21,11,117,10,159,156,12,168,327
09/08/2012,PIE,FL,ASO,ES,Towers with Radar,5,3,7,4,19,0,0,28,6,34,5,3,35,10,53,16,0,16,69
09/09/2012,PIE,FL,ASO,ES,Towers with Radar,18,10,18,2,48,0,3,21,3,27,18,13,39,5,75,28,0,28,103
09/10/2012,PIE,FL,ASO,ES,Towers with Radar,26,9,36,17,88,0,2,82,23,107,26,11,118,40,195,170,56,226,421
09/11/2012,PIE,FL,ASO,ES,Towers with Radar,4,10,40,21,75,0,0,80,14,94,4,10,120,35,169,84,24,108,277
09/12/2012,PIE,FL,ASO,ES,Towers with Radar,6,17,56,11,90,0,0,101,19,120,6,17,157,30,210,116,6,122,332
09/13/2012,PIE,FL,ASO,ES,Towers with Radar,22,16,66,13,117,0,0,109,17,126,22,16,175,30,243,220,6,226,469
09/14/2012,PIE,FL,ASO,ES,Towers with Radar,22,6,33,6,67,0,2,76,27,105,22,8,109,33,172,146,16,162,334
09/15/2012,PIE,FL,ASO,ES,Towers with Radar,7,7,44,2,60,0,0,91,6,97,7,7,135,8,157,104,2,106,263
09/16/2012,PIE,FL,ASO,ES,Towers with Radar,18,11,30,4,63,0,4,85,11,100,18,15,115,15,163,149,0,149,312
09/17/2012,PIE,FL,ASO,ES,Towers with Radar,24,13,32,13,82,0,4,92,20,116,24,17,124,33,198,174,16,190,388
09/18/2012,PIE,FL,ASO,ES,Towers with Radar,6,7,29,8,50,0,0,9,2,11,6,7,38,10,61,2,0,2,63
09/19/2012,PIE,FL,ASO,ES,Towers with Radar,6,11,49,10,76,0,2,127,42,171,6,13,176,52,247,174,64,238,485
09/20/2012,PIE,FL,ASO,ES,Towers with Radar,20,12,41,12,85,0,1,37,15,53,20,13,78,27,138,84,12,96,234
09/21/2012,PIE,FL,ASO,ES,Towers with Radar,22,7,39,3,71,0,2,105,23,130,22,9,144,26,201,196,0,196,397
09/22/2012,PIE,FL,ASO,ES,Towers with Radar,5,4,26,0,35,0,1,108,3,112,5,5,134,3,147,210,0,210,357
09/23/2012,PIE,FL,ASO,ES,Towers with Radar,18,12,50,4,84,0,3,114,16,133,18,15,164,20,217,136,4,140,357
09/24/2012,PIE,FL,ASO,ES,Towers with Radar,25,10,42,10,87,0,3,128,36,167,25,13,170,46,254,258,34,292,546
09/25/2012,PIE,FL,ASO,ES,Towers with Radar,4,12,59,5,80,0,0,110,11,121,4,12,169,16,201,126,34,160,361
09/26/2012,PIE,FL,ASO,ES,Towers with Radar,8,20,50,9,87,0,0,130,15,145,8,20,180,24,232,162,48,210,442
09/27/2012,PIE,FL,ASO,ES,Towers with Radar,20,14,46,13,93,0,4,100,26,130,20,18,146,39,223,108,26,134,357
09/28/2012,PIE,FL,ASO,ES,Towers with Radar,24,10,50,10,94,0,1,84,10,95,24,11,134,20,189,124,0,124,313
09/29/2012,PIE,FL,ASO,ES,Towers with Radar,7,7,27,2,43,0,0,131,5,136,7,7,158,7,179,184,0,184,363
09/30/2012,PIE,FL,ASO,ES,Towers with Radar,20,9,29,6,64,0,1,89,12,102,20,10,118,18,166,74,10,84,250
10/01/2012,PIE,FL,ASO,ES,Towers with Radar,25,13,56,11,105,0,1,105,25,131,25,14,161,36,236,218,26,244,480
10/02/2012,PIE,FL,ASO,ES,Towers with Radar,5,14,32,13,64,0,1,84,22,107,5,15,116,35,171,114,46,160,331
10/03/2012,PIE,FL,ASO,ES,Towers with Radar,10,7,25,5,47,0,0,11,7,18,10,7,36,12,65,10,10,20,85
10/04/2012,PIE,FL,ASO,ES,Towers with Radar,27,20,42,15,104,0,1,101,25,127,27,21,143,40,231,132,14,146,377
10/05/2012,PIE,FL,ASO,ES,Towers with Radar,26,19,66,10,121,0,2,84,21,107,26,21,150,31,228,204,10,214,442
10/06/2012,PIE,FL,ASO,ES,Towers with Radar,7,16,29,12,64,0,0,77,4,81,7,16,106,16,145,82,30,112,257
10/07/2012,PIE,FL,ASO,ES,Towers with Radar,23,14,36,10,83,0,2,103,2,107,23,16,139,12,190,192,0,192,382
10/08/2012,PIE,FL,ASO,ES,Towers with Radar,25,16,53,6,100,0,3,79,7,89,25,19,132,13,189,121,4,125,314
10/09/2012,PIE,FL,ASO,ES,Towers with Radar,5,14,62,11,92,0,0,49,10,59,5,14,111,21,151,114,20,134,285
10/10/2012,PIE,FL,ASO,ES,Towers with Radar,6,8,43,8,65,0,2,107,31,140,6,10,150,39,205,172,46,218,423
10/11/2012,PIE,FL,ASO,ES,Towers with Radar,26,14,39,13,92,0,1,140,32,173,26,15,179,45,265,208,26,234,499
10/12/2012,PIE,FL,ASO,ES,Towers with Radar,25,9,36,5,75,0,1,117,23,141,25,10,153,28,216,134,30,164,380
10/13/2012,PIE,FL,ASO,ES,Towers with Radar,7,15,27,1,50,0,0,62,3,65,7,15,89,4,115,16,0,16,131
10/14/2012,PIE,FL,ASO,ES,Towers with Radar,22,16,48,2,88,0,4,112,6,122,22,20,160,8,210,220,0,220,430
10/15/2012,PIE,FL,ASO,ES,Towers with Radar,27,17,40,4,88,0,4,92,22,118,27,21,132,26,206,220,74,294,500
10/16/2012,PIE,FL,ASO,ES,Towers with Radar,8,11,47,1,67,0,0,103,7,110,8,11,150,8,177,236,8,244,421
10/17/2012,PIE,FL,ASO,ES,Towers with Radar,6,14,68,12,100,0,0,134,19,153,6,14,202,31,253,224,26,250,503
10/18/2012,PIE,FL,ASO,ES,Towers with Radar,28,25,61,15,129,0,2,157,28,187,28,27,218,43,316,238,38,276,592
10/19/2012,PIE,FL,ASO,ES,Towers with Radar,24,15,41,16,96,0,0,116,19,135,24,15,157,35,231,162,30,192,423
10/20/2012,PIE,FL,ASO,ES,Towers with Radar,7,11,41,2,61,0,0,111,16,127,7,11,152,18,188,198,0,198,386
10/21/2012,PIE,FL,ASO,ES,Towers with Radar,21,4,37,2,64,0,4,98,19,121,21,8,135,21,185,104,4,108,293
10/22/2012,PIE,FL,ASO,ES,Towers with Radar,24,5,42,8,79,0,2,121,12,135,24,7,163,20,214,240,8,248,462
10/23/2012,PIE,FL,ASO,ES,Towers with Radar,6,8,74,12,100,0,2,116,23,141,6,10,190,35,241,260,16,276,517
10/24/2012,PIE,FL,ASO,ES,Towers with Radar,6,16,59,14,95,0,0,99,9,108,6,16,158,23,203,208,7,215,418
10/25/2012,PIE,FL,ASO,ES,Towers with Radar,28,19,61,9,117,0,0,61,14,75,28,19,122,23,192,116,14,130,322
10/26/2012,PIE,FL,ASO,ES,Towers with Radar,23,13,40,8,84,0,0,58,19,77,23,13,98,27,161,54,61,115,276
10/27/2012,PIE,FL,ASO,ES,Towers with Radar,7,4,20,3,34,0,0,22,7,29,7,4,42,10,63,0,6,6,69
10/28/2012,PIE,FL,ASO,ES,Towers with Radar,24,5,38,5,72,0,1,30,1,32,24,6,68,6,104,6,0,6,110
10/29/2012,PIE,FL,ASO,ES,Towers with Radar,23,3,42,6,74,0,3,81,16,100,23,6,123,22,174,98,44,142,316
10/30/2012,PIE,FL,ASO,ES,Towers with Radar,4,6,31,6,47,0,0,43,14,57,4,6,74,20,104,58,40,98,202
10/31/2012,PIE,FL,ASO,ES,Towers with Radar,9,6,38,8,61,0,0,87,10,97,9,6,125,18,158,216,28,244,402
11/01/2012,PIE,FL,ASO,ES,Towers with Radar,28,7,37,15,87,0,4,93,18,115,28,11,130,33,202,266,14,280,482
11/02/2012,PIE,FL,ASO,ES,Towers with Radar,29,14,58,9,110,0,2,130,26,158,29,16,188,35,268,186,46,232,500
11/03/2012,PIE,FL,ASO,ES,Towers with Radar,3,2,46,3,54,0,0,132,5,137,3,2,178,8,191,148,0,148,339
11/04/2012,PIE,FL,ASO,ES,Towers with Radar,22,10,48,3,83,0,0,49,10,59,22,10,97,13,142,92,14,106,248
11/05/2012,PIE,FL,ASO,ES,Towers with Radar,27,7,63,6,103,0,1,122,33,156,27,8,185,39,259,246,52,298,557
11/06/2012,PIE,FL,ASO,ES,Towers with Radar,4,7,36,13,60,0,0,64,14,78,4,7,100,27,138,188,12,200,338
11/07/2012,PIE,FL,ASO,ES,Towers with Radar,6,8,58,13,85,0,4,88,32,124,6,12,146,45,209,122,0,122,331
11/08/2012,PIE,FL,ASO,ES,Towers with Radar,26,13,64,14,117,0,6,163,41,210,26,19,227,55,327,246,74,320,647
11/09/2012,PIE,FL,ASO,ES,Towers with Radar,26,7,49,14,96,0,7,133,22,162,26,14,182,36,258,306,38,344,602
11/10/2012,PIE,FL,ASO,ES,Towers with Radar,5,11,32,2,50,0,2,121,1,124,5,13,153,3,174,234,0,234,408
11/11/2012,PIE,FL,ASO,ES,Towers with Radar,24,8,43,2,77,0,5,93,8,106,24,13,136,10,183,126,2,128,311
11/12/2012,PIE,FL,ASO,ES,Towers with Radar,26,9,55,1,91,0,4,107,8,119,26,13,162,9,210,166,28,194,404
11/13/2012,PIE,FL,ASO,ES,Towers with Radar,5,8,59,10,82,0,4,123,27,154,5,12,182,37,236,210,70,280,516
11/14/2012,PIE,FL,ASO,ES,Towers with Radar,6,10,66,5,87,0,0,36,12,48,6,10,102,17,135,140,4,144,279
11/15/2012,PIE,FL,ASO,ES,Towers with Radar,28,12,74,20,134,0,0,56,14,70,28,12,130,34,204,234,34,268,472
11/16/2012,PIE,FL,ASO,ES,Towers with Radar,29,7,64,9,109,0,0,60,5,65,29,7,124,14,174,148,38,186,360
11/17/2012,PIE,FL,ASO,ES,Towers with Radar,5,4,33,7,49,0,1,79,6,86,5,5,112,13,135,156,0,156,291
11/18/2012,PIE,FL,ASO,ES,Towers with Radar,24,12,51,3,90,0,1,107,14,122,24,13,158,17,212,216,60,276,488
11/19/2012,PIE,FL,ASO,ES,Towers with Radar,28,12,51,14,105,0,1,120,37,158,28,13,171,51,263,168,80,248,511
11/20/2012,PIE,FL,ASO,ES,Towers with Radar,24,14,61,11,110,0,0,133,24,157,24,14,194,35,267,250,44,294,561
11/21/2012,PIE,FL,ASO,ES,Towers with Radar,22,17,60,7,106,0,1,105,28,134,22,18,165,35,240,157,13,170,410
11/22/2012,PIE,FL,ASO,ES,Towers with Radar,23,4,11,6,44,0,0,34,0,34,23,4,45,6,78,20,0,20,98
11/23/2012,PIE,FL,ASO,ES,Towers with Radar,5,12,38,0,55,0,1,97,6,104,5,13,135,6,159,186,10,196,355
11/24/2012,PIE,FL,ASO,ES,Towers with Radar,29,11,53,0,93,0,4,113,6,123,29,15,166,6,216,122,12,134,350
11/25/2012,PIE,FL,ASO,ES,Towers with Radar,25,13,56,1,95,0,2,120,3,125,25,15,176,4,220,180,0,180,400
11/26/2012,PIE,FL,ASO,ES,Towers with Radar,22,8,61,19,110,0,7,151,44,202,22,15,212,63,312,394,106,500,812
11/27/2012,PIE,FL,ASO,ES,Towers with Radar,9,8,41,9,67,0,1,109,40,150,9,9,150,49,217,246,46,292,509
11/28/2012,PIE,FL,ASO,ES,Towers with Radar,2,16,53,5,76,0,2,117,34,153,2,18,170,39,229,240,6,246,475
11/29/2012,PIE,FL,ASO,ES,Towers with Radar,27,19,42,8,96,0,2,125,32,159,27,21,167,40,255,227,13,240,495
11/30/2012,PIE,FL,ASO,ES,Towers with Radar,31,10,44,15,100,0,1,106,33,140,31,11,150,48,240,152,107,259,499
12/01/2012,PIE,FL,ASO,ES,Towers with Radar,2,10,51,7,70,0,2,132,10,144,2,12,183,17,214,106,18,124,338
12/02/2012,PIE,FL,ASO,ES,Towers with Radar,24,8,24,3,59,0,1,91,0,92,24,9,115,3,151,114,0,114,265
12/03/2012,PIE,FL,ASO,ES,Towers with Radar,29,10,46,10,95,0,3,109,45,157,29,13,155,55,252,274,64,338,590
12/04/2012,PIE,FL,ASO,ES,Towers with Radar,5,15,45,11,76,0,1,143,24,168,5,16,188,35,244,364,10,374,618
12/05/2012,PIE,FL,ASO,ES,Towers with Radar,4,13,70,16,103,0,1,117,41,159,4,14,187,57,262,281,62,343,605
12/06/2012,PIE,FL,ASO,ES,Towers with Radar,27,18,44,12,101,0,2,126,30,158,27,20,170,42,259,310,28,338,597
12/07/2012,PIE,FL,ASO,ES,Towers with Radar,30,9,61,6,106,0,0,40,11,51,30,9,101,17,157,70,20,90,247
12/08/2012,PIE,FL,ASO,ES,Towers with Radar,3,3,60,4,70,0,0,83,4,87,3,3,143,8,157,86,4,90,247
12/09/2012,PIE,FL,ASO,ES,Towers with Radar,24,4,43,7,78,0,1,82,11,94,24,5,125,18,172,128,6,134,306
12/10/2012,PIE,FL,ASO,ES,Towers with Radar,31,8,58,18,115,0,3,37,11,51,31,11,95,29,166,52,12,64,230
12/11/2012,PIE,FL,ASO,ES,Towers with Radar,8,17,55,20,100,0,8,42,28,78,8,25,97,48,178,208,48,256,434
12/12/2012,PIE,FL,ASO,ES,Towers with Radar,6,10,63,13,92,0,0,62,23,85,6,10,125,36,177,186,12,198,375
12/13/2012,PIE,FL,ASO,ES,Towers with Radar,26,14,93,17,150,0,1,97,23,121,26,15,190,40,271,258,12,270,541
12/14/2012,PIE,FL,ASO,ES,Towers with Radar,31,10,55,6,102,0,0,66,11,77,31,10,121,17,179,88,2,90,269
12/15/2012,PIE,FL,ASO,ES,Towers with Radar,5,7,53,3,68,0,0,113,0,113,5,7,166,3,181,204,2,206,387
12/16/2012,PIE,FL,ASO,ES,Towers with Radar,27,8,32,6,73,0,1,94,5,100,27,9,126,11,173,156,16,172,345
12/17/2012,PIE,FL,ASO,ES,Towers with Radar,32,12,44,17,105,0,1,117,26,144,32,13,161,43,249,154,18,172,421
12/18/2012,PIE,FL,ASO,ES,Towers with Radar,6,6,61,26,99,0,0,109,37,146,6,6,170,63,245,224,29,253,498
12/19/2012,PIE,FL,ASO,ES,Towers with Radar,15,9,69,9,102,0,1,169,27,197,15,10,238,36,299,306,36,342,641
12/20/2012,PIE,FL,ASO,ES,Towers with Radar,23,9,39,6,77,0,0,82,26,108,23,9,121,32,185,110,22,132,317
12/21/2012,PIE,FL,ASO,ES,Towers with Radar,37,11,29,3,80,0,0,44,14,58,37,11,73,17,138,46,0,46,184
12/22/2012,PIE,FL,ASO,ES,Towers with Radar,15,15,24,5,59,0,2,84,2,88,15,17,108,7,147,79,2,81,228
12/23/2012,PIE,FL,ASO,ES,Towers with Radar,22,16,32,0,70,0,0,93,10,103,22,16,125,10,173,108,0,108,281
12/24/2012,PIE,FL,ASO,ES,Towers with Radar,30,2,15,2,49,0,1,63,8,72,30,3,78,10,121,76,4,80,201
12/25/2012,PIE,FL,ASO,ES,Towers with Radar,1,6,4,2,13,0,0,11,1,12,1,6,15,3,25,34,0,34,59
12/26/2012,PIE,FL,ASO,ES,Towers with Radar,16,9,41,2,68,0,0,15,0,15,16,9,56,2,83,10,0,10,93
12/27/2012,PIE,FL,ASO,ES,Towers with Radar,27,25,44,4,100,0,0,114,2,116,27,25,158,6,216,158,1,159,375
12/28/2012,PIE,FL,ASO,ES,Towers with Radar,28,14,39,6,87,0,1,90,6,97,28,15,129,12,184,130,10,140,324
12/29/2012,PIE,FL,ASO,ES,Towers with Radar,16,15,29,2,62,0,0,25,2,27,16,15,54,4,89,34,0,34,123
12/30/2012,PIE,FL,ASO,ES,Towers with Radar,24,10,50,0,84,0,2,113,1,116,24,12,163,1,200,78,0,78,278
12/31/2012,PIE,FL,ASO,ES,Towers with Radar,26,9,32,3,70,0,0,84,7,91,26,9,116,10,161,116,16,132,293
01/01/2013,PIE,FL,ASO,ES,Towers with Radar,2,10,27,2,41,0,0,44,6,50,2,10,71,8,91,38,0,38,129
01/02/2013,PIE,FL,ASO,ES,Towers with Radar,7,11,56,6,80,0,0,72,7,79,7,11,128,13,159,158,0,158,317
01/03/2013,PIE,FL,ASO,ES,Towers with Radar,27,12,51,5,95,0,0,9,3,12,27,12,60,8,107,10,10,20,127
01/04/2013,PIE,FL,ASO,ES,Towers with Radar,30,10,37,6,83,0,0,0,0,0,30,10,37,6,83,0,0,0,83
01/05/2013,PIE,FL,ASO,ES,Towers with Radar,8,13,71,4,96,0,1,95,1,97,8,14,166,5,193,189,0,189,382
01/06/2013,PIE,FL,ASO,ES,Towers with Radar,22,14,49,1,86,0,0,47,2,49,22,14,96,3,135,112,0,112,247
01/07/2013,PIE,FL,ASO,ES,Towers with Radar,28,5,32,10,75,0,0,55,3,58,28,5,87,13,133,92,0,92,225
01/08/2013,PIE,FL,ASO,ES,Towers with Radar,8,11,63,20,102,0,0,116,24,140,8,11,179,44,242,262,76,338,580
01/09/2013,PIE,FL,ASO,ES,Towers with Radar,4,8,59,10,81,0,1,158,27,186,4,9,217,37,267,285,82,367,634
01/10/2013,PIE,FL,ASO,ES,Towers with Radar,28,5,40,13,86,0,0,131,26,157,28,5,171,39,243,298,72,370,613
01/11/2013,PIE,FL,ASO,ES,Towers with Radar,31,19,31,23,104,0,0,131,33,164,31,19,162,56,268,174,46,220,488
01/12/2013,PIE,FL,ASO,ES,Towers with Radar,7,6,37,2,52,0,0,160,6,166,7,6,197,8,218,132,28,160,378
01/13/2013,PIE,FL,ASO,ES,Towers with Radar,23,10,38,8,79,0,0,132,3,135,23,10,170,11,214,266,30,296,510
01/14/2013,PIE,FL,ASO,ES,Towers with Radar,31,12,33,12,88,0,1,99,34,134,31,13,132,46,222,222,60,282,504
01/15/2013,PIE,FL,ASO,ES,Towers with Radar,7,14,43,21,85,0,1,152,18,171,7,15,195,39,256,252,74,326,582
01/16/2013,PIE,FL,ASO,ES,Towers with Radar,5,10,63,4,82,0,0,139,33,172,5,10,202,37,254,200,0,200,454
01/17/2013,PIE,FL,ASO,ES,Towers with Radar,27,12,43,36,118,0,0,15,16,31,27,12,58,52,149,10,14,24,173
01/18/2013,PIE,FL,ASO,ES,Towers with Radar,29,10,44,13,96,0,1,108,20,129,29,11,152,33,225,183,10,193,418
01/19/2013,PIE,FL,ASO,ES,Towers with Radar,3,7,51,8,69,0,2,127,8,137,3,9,178,16,206,190,0,190,396
01/20/2013,PIE,FL,ASO,ES,Towers with Radar,24,4,26,7,61,0,1,77,3,81,24,5,103,10,142,188,0,188,330
01/21/2013,PIE,FL,ASO,ES,Towers with Radar,29,16,44,4,93,0,3,106,13,122,29,19,150,17,215,296,30,326,541
01/22/2013,PIE,FL,ASO,ES,Towers with Radar,6,4,57,10,77,0,1,128,27,156,6,5,185,37,233,282,20,302,535
01/23/2013,PIE,FL,ASO,ES,Towers with Radar,2,6,38,6,52,0,0,183,47,230,2,6,221,53,282,336,72,408,690
01/24/2013,PIE,FL,ASO,ES,Towers with Radar,28,11,62,15,116,0,1,191,42,234,28,12,253,57,350,341,48,389,739
01/25/2013,PIE,FL,ASO,ES,Towers with Radar,28,9,59,9,105,0,1,140,32,173,28,10,199,41,278,191,20,211,489
01/26/2013,PIE,FL,ASO,ES,Towers with Radar,3,7,45,3,58,0,1,133,11,145,3,8,178,14,203,192,14,206,409
01/27/2013,PIE,FL,ASO,ES,Towers with Radar,23,5,33,2,63,0,1,121,7,129,23,6,154,9,192,188,29,217,409
01/28/2013,PIE,FL,ASO,ES,Towers with Radar,29,11,56,9,105,0,0,133,24,157,29,11,189,33,262,218,0,218,480
01/29/2013,PIE,FL,ASO,ES,Towers with Radar,5,6,49,13,73,0,1,104,24,129,5,7,153,37,202,158,74,232,434
01/30/2013,PIE,FL,ASO,ES,Towers with Radar,3,8,47,16,74,0,2,38,21,61,3,10,85,37,135,72,16,88,223
01/31/2013,PIE,FL,ASO,ES,Towers with Radar,26,11,58,13,108,0,1,120,39,160,26,12,178,52,268,192,78,270,538
02/01/2013,PIE,FL,ASO,ES,Towers with Radar,29,4,62,2,97,0,0,152,20,172,29,4,214,22,269,248,30,278,547
02/02/2013,PIE,FL,ASO,ES,Towers with Radar,3,8,43,5,59,0,0,135,6,141,3,8,178,11,200,210,56,266,466
02/03/2013,PIE,FL,ASO,ES,Towers with Radar,21,13,37,5,76,0,0,90,12,102,21,13,127,17,178,96,18,114,292
02/04/2013,PIE,FL,ASO,ES,Towers with Radar,29,7,39,4,79,0,0,78,11,89,29,7,117,15,168,178,8,186,354
02/05/2013,PIE,FL,ASO,ES,Towers with Radar,5,13,55,22,95,0,4,128,22,154,5,17,183,44,249,284,12,296,545
02/06/2013,PIE,FL,ASO,ES,Towers with Radar,2,14,52,4,72,0,0,132,31,163,2,14,184,35,235,288,78,366,601
02/07/2013,PIE,FL,ASO,ES,Towers with Radar,25,9,44,19,97,0,0,77,16,93,25,9,121,35,190,126,4,130,320
02/08/2013,PIE,FL,ASO,ES,Towers with Radar,32,15,51,8,106,0,0,77,6,83,32,15,128,14,189,120,0,120,309
02/09/2013,PIE,FL,ASO,ES,Towers with Radar,3,6,45,2,56,0,0,111,1,112,3,6,156,3,168,133,14,147,315
02/10/2013,PIE,FL,ASO,ES,Towers with Radar,23,14,50,2,89,0,0,90,3,93,23,14,140,5,182,114,0,114,296
02/11/2013,PIE,FL,ASO,ES,Towers with Radar,30,10,72,10,122,0,0,100,34,134,30,10,172,44,256,165,52,217,473
02/12/2013,PIE,FL,ASO,ES,Towers with Radar,5,8,56,35,104,0,0,57,31,88,5,8,113,66,192,164,40,204,396
02/13/2013,PIE,FL,ASO,ES,Towers with Radar,15,14,45,26,100,0,0,4,14,18,15,14,49,40,118,0,82,82,200
02/14/2013,PIE,FL,ASO,ES,Towers with Radar,30,14,58,10,112,0,0,28,21,49,30,14,86,31,161,46,41,87,248
02/15/2013,PIE,FL,ASO,ES,Towers with Radar,28,9,75,15,127,0,0,54,4,58,28,9,129,19,185,84,8,92,277
02/16/2013,PIE,FL,ASO,ES,Towers with Radar,7,4,32,1,44,0,0,58,2,60,7,4,90,3,104,56,0,56,160
02/17/2013,PIE,FL,ASO,ES,Towers with Radar,21,11,46,2,80,0,1,76,2,79,21,12,122,4,159,152,0,152,311
02/18/2013,PIE,FL,ASO,ES,Towers with Radar,29,11,59,0,99,0,0,119,2,121,29,11,178,2,220,258,0,258,478
02/19/2013,PIE,FL,ASO,ES,Towers with Radar,12,5,66,6,89,0,0,97,38,135,12,5,163,44,224,206,74,280,504
02/20/2013,PIE,FL,ASO,ES,Towers with Radar,16,20,101,15,152,0,0,65,30,95,16,20,166,45,247,174,66,240,487
02/21/2013,PIE,FL,ASO,ES,Towers with Radar,27,6,49,15,97,0,0,129,26,155,27,6,178,41,252,320,62,382,634
02/22/2013,PIE,FL,ASO,ES,Towers with Radar,27,5,63,3,98,0,0,164,28,192,27,5,227,31,290,274,8,282,572
02/23/2013,PIE,FL,ASO,ES,Towers with Radar,14,8,70,18,110,0,1,11,1,13,14,9,81,19,123,12,12,24,147
02/24/2013,PIE,FL,ASO,ES,Towers with Radar,23,10,47,1,81,0,1,52,8,61,23,11,99,9,142,116,0,116,258
02/25/2013,PIE,FL,ASO,ES,Towers with Radar,28,3,81,36,148,0,0,75,35,110,28,3,156,71,258,122,86,208,466
02/26/2013,PIE,FL,ASO,ES,Towers with Radar,13,7,58,14,92,0,0,44,15,59,13,7,102,29,151,84,34,118,269
02/27/2013,PIE,FL,ASO,ES,Towers with Radar,19,13,78,17,127,0,2,113,40,155,19,15,191,57,282,294,22,316,598
02/28/2013,PIE,FL,ASO,ES,Towers with Radar,28,22,60,11,121,0,1,143,31,175,28,23,203,42,296,224,28,252,548
03/01/2013,PIE,FL,ASO,ES,Towers with Radar,26,6,67,16,115,0,0,105,22,127,26,6,172,38,242,176,28,204,446
03/02/2013,PIE,FL,ASO,ES,Towers with Radar,18,7,24,0,49,0,0,70,5,75,18,7,94,5,124,96,6,102,226
03/03/2013,PIE,FL,ASO,ES,Towers with Radar,23,5,45,6,79,0,0,45,0,45,23,5,90,6,124,28,2,30,154
03/04/2013,PIE,FL,ASO,ES,Towers with Radar,32,9,39,4,84,0,0,136,33,169,32,9,175,37,253,250,94,344,597
03/05/2013,PIE,FL,ASO,ES,Towers with Radar,14,13,61,10,98,0,0,159,42,201,14,13,220,52,299,244,64,308,607
03/06/2013,PIE,FL,ASO,ES,Towers with Radar,23,5,32,9,69,0,0,56,30,86,23,5,88,39,155,30,0,30,185
03/07/2013,PIE,FL,ASO,ES,Towers with Radar,29,7,85,14,135,0,2,160,25,187,29,9,245,39,322,274,38,312,634
03/08/2013,PIE,FL,ASO,ES,Towers with Radar,32,12,69,15,128,0,1,203,32,236,32,13,272,47,364,270,50,320,684
03/09/2013,PIE,FL,ASO,ES,Towers with Radar,28,6,47,9,90,0,0,124,7,131,28,6,171,16,221,192,14,206,427
03/10/2013,PIE,FL,ASO,ES,Towers with Radar,27,8,44,7,86,0,1,160,6,167,27,9,204,13,253,182,1,183,436
03/11/2013,PIE,FL,ASO,ES,Towers with Radar,32,24,46,12,114,0,1,110,37,148,32,25,156,49,262,208,72,280,542
03/12/2013,PIE,FL,ASO,ES,Towers with Radar,22,11,53,12,98,0,0,33,11,44,22,11,86,23,142,80,26,106,248
03/13/2013,PIE,FL,ASO,ES,Towers with Radar,18,6,58,26,108,0,0,121,32,153,18,6,179,58,261,186,73,259,520
03/14/2013,PIE,FL,ASO,ES,Towers with Radar,29,18,84,15,146,0,0,112,36,148,29,18,196,51,294,172,54,226,520
03/15/2013,PIE,FL,ASO,ES,Towers with Radar,30,21,61,17,129,0,0,142,16,158,30,21,203,33,287,280,14,294,581
03/16/2013,PIE,FL,ASO,ES,Towers with Radar,27,17,38,3,85,0,0,137,8,145,27,17,175,11,230,212,0,212,442
03/17/2013,PIE,FL,ASO,ES,Towers with Radar,25,21,49,6,101,0,0,80,3,83,25,21,129,9,184,148,16,164,348
03/18/2013,PIE,FL,ASO,ES,Towers with Radar,31,10,42,11,94,0,0,74,18,92,31,10,116,29,186,132,18,150,336
03/19/2013,PIE,FL,ASO,ES,Towers with Radar,16,8,39,8,71,0,2,111,27,140,16,10,150,35,211,174,28,202,413
03/20/2013,PIE,FL,ASO,ES,Towers with Radar,23,12,57,6,98,0,0,47,16,63,23,12,104,22,161,142,36,178,339
03/21/2013,PIE,FL,ASO,ES,Towers with Radar,34,14,60,10,118,0,0,186,37,223,34,14,246,47,341,226,54,280,621
03/22/2013,PIE,FL,ASO,ES,Towers with Radar,31,14,81,10,136,0,0,129,25,154,31,14,210,35,290,182,10,192,482
03/23/2013,PIE,FL,ASO,ES,Towers with Radar,29,15,81,12,137,0,1,12,23,36,29,16,93,35,173,6,50,56,229
03/24/2013,PIE,FL,ASO,ES,Towers with Radar,21,9,54,2,86,0,0,1,2,3,21,9,55,4,89,0,0,0,89
03/25/2013,PIE,FL,ASO,ES,Towers with Radar,30,17,46,25,118,0,1,115,27,143,30,18,161,52,261,82,50,132,393
03/26/2013,PIE,FL,ASO,ES,Towers with Radar,18,16,40,10,84,0,0,70,7,77,18,16,110,17,161,74,46,120,281
03/27/2013,PIE,FL,ASO,ES,Towers with Radar,24,15,56,17,112,0,2,139,38,179,24,17,195,55,291,222,52,274,565
03/28/2013,PIE,FL,ASO,ES,Towers with Radar,36,9,59,18,122,0,1,170,24,195,36,10,229,42,317,250,60,310,627
03/29/2013,PIE,FL,ASO,ES,Towers with Radar,32,10,47,7,96,0,2,167,8,177,32,12,214,15,273,284,0,284,557
03/30/2013,PIE,FL,ASO,ES,Towers with Radar,29,8,44,5,86,0,0,116,9,125,29,8,160,14,211,140,4,144,355
03/31/2013,PIE,FL,ASO,ES,Towers with Radar,31,7,46,1,85,0,0,77,6,83,31,7,123,7,168,30,44,74,242
04/01/2013,PIE,FL,ASO,ES,Towers with Radar,34,10,42,11,97,0,0,88,27,115,34,10,130,38,212,154,12,166,378
04/02/2013,PIE,FL,ASO,ES,Towers with Radar,20,11,55,9,95,0,0,115,28,143,20,11,170,37,238,220,4,224,462
04/03/2013,PIE,FL,ASO,ES,Towers with Radar,23,9,46,14,92,0,0,107,38,145,23,9,153,52,237,168,70,238,475
04/04/2013,PIE,FL,ASO,ES,Towers with Radar,31,12,32,6,81,0,0,4,4,8,31,12,36,10,89,4,8,12,101
04/05/2013,PIE,FL,ASO,ES,Towers with Radar,33,1,66,6,106,0,0,49,14,63,33,1,115,20,169,84,30,114,283
04/06/2013,PIE,FL,ASO,ES,Towers with Radar,25,8,47,1,81,0,0,133,2,135,25,8,180,3,216,172,0,172,388
04/07/2013,PIE,FL,ASO,ES,Towers with Radar,30,7,48,5,90,0,0,117,12,129,30,7,165,17,219,162,2,164,383
04/08/2013,PIE,FL,ASO,ES,Towers with Radar,31,7,44,14,96,0,0,144,24,168,31,7,188,38,264,250,58,308,572
04/09/2013,PIE,FL,ASO,ES,Towers with Radar,13,10,53,7,83,0,0,148,16,164,13,10,201,23,247,188,14,202,449
04/10/2013,PIE,FL,ASO,ES,Towers with Radar,20,14,60,13,107,0,0,130,34,164,20,14,190,47,271,244,22,266,537
04/11/2013,PIE,FL,ASO,ES,Towers with Radar,29,22,48,19,118,0,1,74,21,96,29,23,122,40,214,104,57,161,375
04/12/2013,PIE,FL,ASO,ES,Towers with Radar,31,6,68,5,110,0,0,13,9,22,31,6,81,14,132,36,0,36,168
04/13/2013,PIE,FL,ASO,ES,Towers with Radar,10,11,40,3,64,0,0,93,8,101,10,11,133,11,165,200,28,228,393
04/14/2013,PIE,FL,ASO,ES,Towers with Radar,24,11,35,2,72,0,0,50,3,53,24,11,85,5,125,114,0,114,239
04/15/2013,PIE,FL,ASO,ES,Towers with Radar,28,11,54,22,115,0,0,140,34,174,28,11,194,56,289,208,20,228,517
04/16/2013,PIE,FL,ASO,ES,Towers with Radar,7,6,52,19,84,0,1,155,32,188,7,7,207,51,272,226,49,275,547
04/17/2013,PIE,FL,ASO,ES,Towers with Radar,19,5,82,19,125,0,0,164,41,205,19,5,246,60,330,234,32,266,596
04/18/2013,PIE,FL,ASO,ES,Towers with Radar,29,13,70,13,125,0,0,155,41,196,29,13,225,54,321,246,12,258,579
04/19/2013,PIE,FL,ASO,ES,Towers with Radar,33,12,52,7,104,0,0,108,30,138,33,12,160,37,242,94,62,156,398
04/20/2013,PIE,FL,ASO,ES,Towers with Radar,5,15,28,5,53,0,0,56,14,70,5,15,84,19,123,116,54,170,293
04/21/2013,PIE,FL,ASO,ES,Towers with Radar,24,11,40,2,77,0,0,62,6,68,24,11,102,8,145,100,4,104,249
04/22/2013,PIE,FL,ASO,ES,Towers with Radar,29,4,75,10,118,0,0,49,7,56,29,4,124,17,174,124,24,148,322
04/23/2013,PIE,FL,ASO,ES,Towers with Radar,6,8,50,7,71,0,3,128,20,151,6,11,178,27,222,230,30,260,482
04/24/2013,PIE,FL,ASO,ES,Towers with Radar,18,4,43,8,73,0,2,156,34,192,18,6,199,42,265,316,48,364,629
04/25/2013,PIE,FL,ASO,ES,Towers with Radar,25,12,60,8,105,0,0,131,42,173,25,12,191,50,278,288,12,300,578
04/26/2013,PIE,FL,ASO,ES,Towers with Radar,29,9,58,20,116,0,1,177,25,203,29,10,235,45,319,408,32,440,759
04/27/2013,PIE,FL,ASO,ES,Towers with Radar,6,3,54,13,76,0,3,121,7,131,6,6,175,20,207,226,0,226,433
04/28/2013,PIE,FL,ASO,ES,Towers with Radar,24,6,44,7,81,0,3,100,8,111,24,9,144,15,192,100,3,103,295
04/29/2013,PIE,FL,ASO,ES,Towers with Radar,30,9,32,14,85,0,2,109,27,138,30,11,141,41,223,206,54,260,483
04/30/2013,PIE,FL,ASO,ES,Towers with Radar,7,6,61,14,88,0,2,96,28,126,7,8,157,42,214,186,0,186,400
05/01/2013,PIE,FL,ASO,ES,Towers with Radar,17,10,37,3,67,0,0,15,5,20,17,10,52,8,87,30,0,30,117
05/02/2013,PIE,FL,ASO,ES,Towers with Radar,27,9,70,12,118,0,0,47,21,68,27,9,117,33,186,274,41,315,501
05/03/2013,PIE,FL,ASO,ES,Towers with Radar,29,13,44,9,95,0,1,111,18,130,29,14,155,27,225,284,12,296,521
05/04/2013,PIE,FL,ASO,ES,Towers with Radar,3,8,39,1,51,0,2,83,5,90,3,10,122,6,141,212,0,212,353
05/05/2013,PIE,FL,ASO,ES,Towers with Radar,28,6,41,1,76,0,0,84,5,89,28,6,125,6,165,98,0,98,263
05/06/2013,PIE,FL,ASO,ES,Towers with Radar,31,8,64,8,111,0,0,136,15,151,31,8,200,23,262,174,18,192,454
05/07/2013,PIE,FL,ASO,ES,Towers with Radar,8,4,55,15,82,0,0,131,15,146,8,4,186,30,228,168,22,190,418
05/08/2013,PIE,FL,ASO,ES,Towers with Radar,15,7,57,9,88,0,1,133,14,148,15,8,190,23,236,278,10,288,524
05/09/2013,PIE,FL,ASO,ES,Towers with Radar,33,8,54,17,112,0,0,174,21,195,33,8,228,38,307,356,7,363,670
05/10/2013,PIE,FL,ASO,ES,Towers with Radar,31,11,71,5,118,0,1,133,6,140,31,12,204,11,258,150,10,160,418
05/11/2013,PIE,FL,ASO,ES,Towers with Radar,8,7,48,6,69,0,1,85,23,109,8,8,133,29,178,162,36,198,376
05/12/2013,PIE,FL,ASO,ES,Towers with Radar,26,1,26,2,55,0,0,69,4,73,26,1,95,6,128,100,2,102,230
05/13/2013,PIE,FL,ASO,ES,Towers with Radar,31,3,58,13,105,0,0,138,31,169,31,3,196,44,274,232,40,272,546
05/14/2013,PIE,FL,ASO,ES,Towers with Radar,4,9,48,7,68,0,1,132,38,171,4,10,180,45,239,278,70,348,587
05/15/2013,PIE,FL,ASO,ES,Towers with Radar,12,7,72,8,99,0,1,162,38,201,12,8,234,46,300,236,60,296,596
05/16/2013,PIE,FL,ASO,ES,Towers with Radar,30,23,60,16,129,0,1,138,44,183,30,24,198,60,312,290,36,326,638
05/17/2013,PIE,FL,ASO,ES,Towers with Radar,29,6,63,9,107,0,1,152,8,161,29,7,215,17,268,146,8,154,422
05/18/2013,PIE,FL,ASO,ES,Towers with Radar,7,9,32,11,59,0,0,92,9,101,7,9,124,20,160,114,0,114,274
05/19/2013,PIE,FL,ASO,ES,Towers with Radar,23,19,39,4,85,0,1,91,12,104,23,20,130,16,189,152,44,196,385
05/20/2013,PIE,FL,ASO,ES,Towers with Radar,28,7,43,11,89,0,0,112,35,147,28,7,155,46,236,238,62,300,536
05/21/2013,PIE,FL,ASO,ES,Towers with Radar,4,9,47,11,71,0,0,86,16,102,4,9,133,27,173,148,8,156,329
05/22/2013,PIE,FL,ASO,ES,Towers with Radar,15,3,41,9,68,0,0,87,32,119,15,3,128,41,187,202,62,264,451
05/23/2013,PIE,FL,ASO,ES,Towers with Radar,28,9,60,11,108,0,3,119,26,148,28,12,179,37,256,186,6,192,448
05/24/2013,PIE,FL,ASO,ES,Towers with Radar,29,11,46,5,91,0,2,153,12,167,29,13,199,17,258,310,18,328,586
05/25/2013,PIE,FL,ASO,ES,Towers with Radar,10,4,32,2,48,0,0,126,7,133,10,4,158,9,181,180,0,180,361
05/26/2013,PIE,FL,ASO,ES,Towers with Radar,26,3,23,0,52,0,1,93,5,99,26,4,116,5,151,138,0,138,289
05/27/2013,PIE,FL,ASO,ES,Towers with Radar,28,12,40,2,82,0,1,102,0,103,28,13,142,2,185,202,0,202,387
05/28/2013,PIE,FL,ASO,ES,Towers with Radar,7,11,46,8,72,0,0,94,30,124,7,11,140,38,196,179,52,231,427
05/29/2013,PIE,FL,ASO,ES,Towers with Radar,17,8,53,17,95,0,1,63,39,103,17,9,116,56,198,90,52,142,340
05/30/2013,PIE,FL,ASO,ES,Towers with Radar,27,9,56,8,100,0,0,80,22,102,27,9,136,30,202,90,40,130,332
05/31/2013,PIE,FL,ASO,ES,Towers with Radar,27,5,69,21,122,0,1,52,12,65,27,6,121,33,187,110,18,128,315
06/01/2013,PIE,FL,ASO,ES,Towers with Radar,9,3,38,10,60,0,0,68,4,72,9,3,106,14,132,122,0,122,254
06/02/2013,PIE,FL,ASO,ES,Towers with Radar,26,2,44,3,75,0,0,79,10,89,26,2,123,13,164,214,0,214,378
06/03/2013,PIE,FL,ASO,ES,Towers with Radar,30,4,50,17,101,0,1,69,12,82,30,5,119,29,183,96,52,148,331
06/04/2013,PIE,FL,ASO,ES,Towers with Radar,7,4,36,17,64,0,0,51,21,72,7,4,87,38,136,160,80,240,376
06/05/2013,PIE,FL,ASO,ES,Towers with Radar,16,8,46,6,76,0,0,40,29,69,16,8,86,35,145,108,60,168,313
06/06/2013,PIE,FL,ASO,ES,Towers with Radar,30,4,11,4,49,0,0,2,4,6,30,4,13,8,55,0,0,0,55
06/07/2013,PIE,FL,ASO,ES,Towers with Radar,28,0,65,11,104,0,2,98,25,125,28,2,163,36,229,204,20,224,453
06/08/2013,PIE,FL,ASO,ES,Towers with Radar,13,5,41,8,67,0,1,111,16,128,13,6,152,24,195,190,28,218,413
06/09/2013,PIE,FL,ASO,ES,Towers with Radar,28,3,36,4,71,0,2,79,15,96,28,5,115,19,167,114,36,150,317
06/10/2013,PIE,FL,ASO,ES,Towers with Radar,26,5,46,10,87,0,0,94,23,117,26,5,140,33,204,190,2,192,396
06/11/2013,PIE,FL,ASO,ES,Towers with Radar,16,6,49,11,82,0,0,89,24,113,16,6,138,35,195,184,0,184,379
06/12/2013,PIE,FL,ASO,ES,Towers with Radar,19,7,62,14,102,0,0,184,42,226,19,7,246,56,328,284,42,326,654
06/13/2013,PIE,FL,ASO,ES,Towers with Radar,29,14,46,10,99,0,0,115,27,142,29,14,161,37,241,253,12,265,506
06/14/2013,PIE,FL,ASO,ES,Towers with Radar,27,9,51,0,87,0,0,115,8,123,27,9,166,8,210,172,2,174,384
06/15/2013,PIE,FL,ASO,ES,Towers with Radar,22,3,51,2,78,0,0,94,4,98,22,3,145,6,176,156,0,156,332
06/16/2013,PIE,FL,ASO,ES,Towers with Radar,29,8,40,2,79,0,1,66,6,73,29,9,106,8,152,112,2,114,266
06/17/2013,PIE,FL,ASO,ES,Towers with Radar,28,6,55,3,92,0,3,112,22,137,28,9,167,25,229,112,28,140,369
06/18/2013,PIE,FL,ASO,ES,Towers with Radar,16,5,56,14,91,0,1,77,21,99,16,6,133,35,190,130,20,150,340
06/19/2013,PIE,FL,ASO,ES,Towers with Radar,15,4,48,10,77,0,0,94,34,128,15,4,142,44,205,202,20,222,427
06/20/2013,PIE,FL,ASO,ES,Towers with Radar,31,5,55,12,103,0,0,102,33,135,31,5,157,45,238,134,15,149,387
06/21/2013,PIE,FL,ASO,ES,Towers with Radar,27,7,54,4,92,0,0,87,4,91,27,7,141,8,183,90,2,92,275
06/22/2013,PIE,FL,ASO,ES,Towers with Radar,18,15,34,2,69,0,0,87,3,90,18,15,121,5,159,144,0,144,303
06/23/2013,PIE,FL,ASO,ES,Towers with Radar,25,4,44,1,74,0,1,83,3,87,25,5,127,4,161,118,16,134,295
06/24/2013,PIE,FL,ASO,ES,Towers with Radar,28,3,49,4,84,0,0,88,16,104,28,3,137,20,188,134,4,138,326
06/25/2013,PIE,FL,ASO,ES,Towers with Radar,15,7,48,5,75,0,0,108,29,137,15,7,156,34,212,182,10,192,404
06/26/2013,PIE,FL,ASO,ES,Towers with Radar,17,6,53,6,82,0,0,94,18,112,17,6,147,24,194,104,25,129,323
06/27/2013,PIE,FL,ASO,ES,Towers with Radar,30,10,52,6,98,0,1,96,37,134,30,11,148,43,232,198,52,250,482
06/28/2013,PIE,FL,ASO,ES,Towers with Radar,31,4,48,3,86,0,0,101,12,113,31,4,149,15,199,138,4,142,341
06/29/2013,PIE,FL,ASO,ES,Towers with Radar,23,1,38,2,64,0,0,40,0,40,23,1,78,2,104,198,0,198,302
06/30/2013,PIE,FL,ASO,ES,Towers with Radar,23,4,25,2,54,0,0,35,0,35,23,4,60,2,89,70,0,70,159
07/01/2013,PIE,FL,ASO,ES,Towers with Radar,29,6,32,5,72,0,0,21,5,26,29,6,53,10,98,35,18,53,151
07/02/2013,PIE,FL,ASO,ES,Towers with Radar,17,4,38,4,63,0,0,59,17,76,17,4,97,21,139,130,2,132,271
07/03/2013,PIE,FL,ASO,ES,Towers with Radar,20,0,46,9,75,0,1,74,16,91,20,1,120,25,166,196,6,202,368
07/04/2013,PIE,FL,ASO,ES,Towers with Radar,30,1,8,3,42,0,0,52,1,53,30,1,60,4,95,96,0,96,191
07/05/2013,PIE,FL,ASO,ES,Towers with Radar,26,2,26,1,55,0,0,80,5,85,26,2,106,6,140,110,6,116,256
07/06/2013,PIE,FL,ASO,ES,Towers with Radar,21,0,14,2,37,0,0,82,9,91,21,0,96,11,128,192,6,198,326
07/07/2013,PIE,FL,ASO,ES,Towers with Radar,29,6,49,2,86,0,1,90,5,96,29,7,139,7,182,120,0,120,302
07/08/2013,PIE,FL,ASO,ES,Towers with Radar,28,5,38,17,88,0,0,93,20,113,28,5,131,37,201,154,16,170,371
07/09/2013,PIE,FL,ASO,ES,Towers with Radar,13,4,40,5,62,0,0,93,20,113,13,4,133,25,175,244,20,264,439
07/10/2013,PIE,FL,ASO,ES,Towers with Radar,10,3,56,32,101,0,0,104,29,133,10,3,160,61,234,254,50,304,538
07/11/2013,PIE,FL,ASO,ES,Towers with Radar,30,1,26,4,61,0,0,63,9,72,30,1,89,13,133,232,24,256,389
07/12/2013,PIE,FL,ASO,ES,Towers with Radar,28,5,56,2,91,0,0,72,4,76,28,5,128,6,167,191,18,209,376
07/13/2013,PIE,FL,ASO,ES,Towers with Radar,15,3,11,2,31,0,0,75,2,77,15,3,86,4,108,166,0,166,274
07/14/2013,PIE,FL,ASO,ES,Towers with Radar,29,4,36,2,71,0,0,47,0,47,29,4,83,2,118,154,0,154,272
07/15/2013,PIE,FL,ASO,ES,Towers with Radar,28,2,56,9,95,0,1,112,26,139,28,3,168,35,234,208,32,240,474
07/16/2013,PIE,FL,ASO,ES,Towers with Radar,11,3,39,7,60,0,0,96,29,125,11,3,135,36,185,166,76,242,427
07/17/2013,PIE,FL,ASO,ES,Towers with Radar,16,8,57,13,94,0,0,85,34,119,16,8,142,47,213,148,52,200,413
07/18/2013,PIE,FL,ASO,ES,Towers with Radar,31,2,59,20,112,0,1,113,22,136,31,3,172,42,248,232,18,250,498
07/19/2013,PIE,FL,ASO,ES,Towers with Radar,31,8,69,20,128,0,0,90,12,102,31,8,159,32,230,202,20,222,452
07/20/2013,PIE,FL,ASO,ES,Towers with Radar,14,4,54,23,95,0,0,121,13,134,14,4,175,36,229,228,46,274,503
07/21/2013,PIE,FL,ASO,ES,Towers with Radar,26,11,46,6,89,0,0,104,1,105,26,11,150,7,194,138,0,138,332
07/22/2013,PIE,FL,ASO,ES,Towers with Radar,24,9,39,22,94,0,0,105,33,138,24,9,144,55,232,156,48,204,436
07/23/2013,PIE,FL,ASO,ES,Towers with Radar,13,7,49,16,85,0,0,94,18,112,13,7,143,34,197,212,38,250,447
07/24/2013,PIE,FL,ASO,ES,Towers with Radar,14,6,56,5,81,0,0,79,29,108,14,6,135,34,189,148,42,190,379
07/25/2013,PIE,FL,ASO,ES,Towers with Radar,29,19,41,18,107,0,1,63,20,84,29,20,104,38,191,148,58,206,397
07/26/2013,PIE,FL,ASO,ES,Towers with Radar,28,5,48,12,93,0,0,106,10,116,28,5,154,22,209,180,40,220,429
07/27/2013,PIE,FL,ASO,ES,Towers with Radar,19,1,37,1,58,0,1,116,8,125,19,2,153,9,183,306,2,308,491
07/28/2013,PIE,FL,ASO,ES,Towers with Radar,25,3,31,2,61,0,0,84,0,84,25,3,115,2,145,204,1,205,350
07/29/2013,PIE,FL,ASO,ES,Towers with Radar,29,4,55,14,102,0,0,99,30,129,29,4,154,44,231,126,20,146,377
07/30/2013,PIE,FL,ASO,ES,Towers with Radar,12,7,49,6,74,0,0,80,17,97,12,7,129,23,171,202,34,236,407
07/31/2013,PIE,FL,ASO,ES,Towers with Radar,15,4,31,12,62,0,0,101,38,139,15,4,132,50,201,211,128,339,540
08/01/2013,PIE,FL,ASO,ES,Towers with Radar,25,9,34,4,72,0,1,95,13,109,25,10,129,17,181,194,0,194,375
08/02/2013,PIE,FL,ASO,ES,Towers with Radar,26,3,42,10,81,0,1,118,6,125,26,4,160,16,206,195,1,196,402
08/03/2013,PIE,FL,ASO,ES,Towers with Radar,15,4,33,4,56,0,0,94,7,101,15,4,127,11,157,74,2,76,233
08/04/2013,PIE,FL,ASO,ES,Towers with Radar,25,3,45,3,76,0,2,72,4,78,25,5,117,7,154,126,0,126,280
08/05/2013,PIE,FL,ASO,ES,Towers with Radar,27,5,32,7,71,0,0,110,30,140,27,5,142,37,211,146,36,182,393
08/06/2013,PIE,FL,ASO,ES,Towers with Radar,9,5,54,7,75,0,0,84,18,102,9,5,138,25,177,186,14,200,377
08/07/2013,PIE,FL,ASO,ES,Towers with Radar,11,0,37,8,56,0,0,78,16,94,11,0,115,24,150,170,28,198,348
08/08/2013,PIE,FL,ASO,ES,Towers with Radar,28,4,36,7,75,0,0,132,22,154,28,4,168,29,229,184,58,242,471
08/09/2013,PIE,FL,ASO,ES,Towers with Radar,30,2,42,8,82,0,0,88,10,98,30,2,130,18,180,260,6,266,446
08/10/2013,PIE,FL,ASO,ES,Towers with Radar,11,4,49,4,68,0,0,115,1,116,11,4,164,5,184,172,0,172,356
08/11/2013,PIE,FL,ASO,ES,Towers with Radar,26,2,22,3,53,0,0,106,4,110,26,2,128,7,163,176,10,186,349
08/12/2013,PIE,FL,ASO,ES,Towers with Radar,30,8,35,7,80,0,1,93,26,120,30,9,128,33,200,214,28,242,442
08/13/2013,PIE,FL,ASO,ES,Towers with Radar,5,6,24,5,40,0,1,74,19,94,5,7,98,24,134,160,48,208,342
08/14/2013,PIE,FL,ASO,ES,Towers with Radar,5,6,38,13,62,0,1,81,19,101,5,7,119,32,163,104,36,140,303
08/15/2013,PIE,FL,ASO,ES,Towers with Radar,32,1,39,7,79,0,2,105,22,129,32,3,144,29,208,210,32,242,450
08/16/2013,PIE,FL,ASO,ES,Towers with Radar,23,5,46,3,77,0,0,76,16,92,23,5,122,19,169,164,8,172,341
08/17/2013,PIE,FL,ASO,ES,Towers with Radar,3,5,39,5,52,0,0,77,5,82,3,5,116,10,134,62,8,70,204
08/18/2013,PIE,FL,ASO,ES,Towers with Radar,27,2,37,21,87,0,0,77,4,81,27,2,114,25,168,51,26,77,245
08/19/2013,PIE,FL,ASO,ES,Towers with Radar,23,4,32,10,69,0,0,77,20,97,23,4,109,30,166,112,14,126,292
08/20/2013,PIE,FL,ASO,ES,Towers with Radar,4,4,26,8,42,0,0,77,10,87,4,4,103,18,129,208,24,232,361
08/21/2013,PIE,FL,ASO,ES,Towers with Radar,4,1,61,5,71,0,0,70,28,98,4,1,131,33,169,96,34,130,299
08/22/2013,PIE,FL,ASO,ES,Towers with Radar,27,12,31,9,79,0,0,69,25,94,27,12,100,34,173,205,20,225,398
08/23/2013,PIE,FL,ASO,ES,Towers with Radar,19,5,45,11,80,0,0,99,30,129,19,5,144,41,209,184,58,242,451
08/24/2013,PIE,FL,ASO,ES,Towers with Radar,3,2,26,2,33,0,1,83,12,96,3,3,109,14,129,192,38,230,359
08/25/2013,PIE,FL,ASO,ES,Towers with Radar,28,3,42,12,85,0,0,63,10,73,28,3,105,22,158,102,28,130,288
08/26/2013,PIE,FL,ASO,ES,Towers with Radar,19,1,50,12,82,0,1,76,32,109,19,2,126,44,191,124,46,170,361
08/27/2013,PIE,FL,ASO,ES,Towers with Radar,4,4,30,24,62,0,1,103,36,140,4,5,133,60,202,160,84,244,446
08/28/2013,PIE,FL,ASO,ES,Towers with Radar,4,1,55,13,73,0,0,127,47,174,4,1,182,60,247,264,50,314,561
08/29/2013,PIE,FL,ASO,ES,Towers with Radar,30,0,45,14,89,0,0,90,34,124,30,0,135,48,213,228,28,256,469
08/30/2013,PIE,FL,ASO,ES,Towers with Radar,19,7,36,7,69,0,1,87,6,94,19,8,123,13,163,202,0,202,365
08/31/2013,PIE,FL,ASO,ES,Towers with Radar,3,3,19,2,27,0,0,39,0,39,3,3,58,2,66,78,0,78,144
09/01/2013,PIE,FL,ASO,ES,Towers with Radar,26,1,18,2,47,0,1,82,2,85,26,2,100,4,132,148,4,152,284
09/02/2013,PIE,FL,ASO,ES,Towers with Radar,19,2,43,3,67,0,0,69,4,73,19,2,112,7,140,72,0,72,212
09/03/2013,PIE,FL,ASO,ES,Towers with Radar,2,7,25,11,45,0,0,87,10,97,2,7,112,21,142,198,26,224,366
09/04/2013,PIE,FL,ASO,ES,Towers with Radar,8,12,40,11,71,2,3,111,14,130,10,15,151,25,201,176,0,176,377
09/05/2013,PIE,FL,ASO,ES,Towers with Radar,26,6,32,12,76,0,0,125,23,148,26,6,157,35,224,300,30,330,554
09/06/2013,PIE,FL,ASO,ES,Towers with Radar,17,4,24,5,50,0,0,94,14,108,17,4,118,19,158,168,6,174,332
09/07/2013,PIE,FL,ASO,ES,Towers with Radar,6,6,43,2,57,0,1,114,10,125,6,7,157,12,182,158,6,164,346
09/08/2013,PIE,FL,ASO,ES,Towers with Radar,22,10,22,4,58,0,0,103,9,112,22,10,125,13,170,178,26,204,374
09/09/2013,PIE,FL,ASO,ES,Towers with Radar,18,6,23,9,56,0,0,115,23,138,18,6,138,32,194,208,16,224,418
09/10/2013,PIE,FL,ASO,ES,Towers with Radar,6,7,48,12,73,0,0,127,22,149,6,7,175,34,222,248,14,262,484
09/11/2013,PIE,FL,ASO,ES,Towers with Radar,5,4,25,5,39,0,0,116,35,151,5,4,141,40,190,216,42,258,448
09/12/2013,PIE,FL,ASO,ES,Towers with Radar,23,7,40,13,83,0,0,87,25,112,23,7,127,38,195,132,34,166,361
09/13/2013,PIE,FL,ASO,ES,Towers with Radar,23,3,50,4,80,0,0,81,6,87,23,3,131,10,167,190,2,192,359
09/14/2013,PIE,FL,ASO,ES,Towers with Radar,3,3,26,1,33,0,0,98,12,110,3,3,124,13,143,178,0,178,321
09/15/2013,PIE,FL,ASO,ES,Towers with Radar,23,2,20,5,50,0,0,82,7,89,23,2,102,12,139,76,2,78,217
09/16/2013,PIE,FL,ASO,ES,Towers with Radar,20,6,28,9,63,0,0,88,38,126,20,6,116,47,189,164,140,304,493
09/17/2013,PIE,FL,ASO,ES,Towers with Radar,6,0,38,18,62,0,0,92,28,120,6,0,130,46,182,222,42,264,446
09/18/2013,PIE,FL,ASO,ES,Towers with Radar,4,5,28,5,42,0,0,100,20,120,4,5,128,25,162,236,32,268,430
09/19/2013,PIE,FL,ASO,ES,Towers with Radar,24,10,49,9,92,0,0,116,20,136,24,10,165,29,228,250,2,252,480
09/20/2013,PIE,FL,ASO,ES,Towers with Radar,19,5,50,12,86,0,2,62,7,71,19,7,112,19,157,0,0,0,157
09/21/2013,PIE,FL,ASO,ES,Towers with Radar,3,3,31,6,43,0,0,148,5,153,3,3,179,11,196,128,10,138,334
09/22/2013,PIE,FL,ASO,ES,Towers with Radar,22,1,23,5,51,0,0,51,0,51,22,1,74,5,102,116,0,116,218
09/23/2013,PIE,FL,ASO,ES,Towers with Radar,23,0,29,9,61,0,0,14,10,24,23,0,43,19,85,4,69,73,158
09/24/2013,PIE,FL,ASO,ES,Towers with Radar,7,1,37,3,48,0,0,14,6,20,7,1,51,9,68,56,10,66,134
09/25/2013,PIE,FL,ASO,ES,Towers with Radar,4,1,65,7,77,0,0,33,4,37,4,1,98,11,114,70,6,76,190
09/26/2013,PIE,FL,ASO,ES,Towers with Radar,26,2,48,29,105,0,0,102,9,111,26,2,150,38,216,294,0,294,510
09/27/2013,PIE,FL,ASO,ES,Towers with Radar,19,8,69,23,119,0,0,90,6,96,19,8,159,29,215,152,12,164,379
09/28/2013,PIE,FL,ASO,ES,Towers with Radar,3,1,31,7,42,0,0,94,3,97,3,1,125,10,139,144,0,144,283
09/29/2013,PIE,FL,ASO,ES,Towers with Radar,22,1,33,3,59,0,0,82,7,89,22,1,115,10,148,134,0,134,282
09/30/2013,PIE,FL,ASO,ES,Towers with Radar,18,3,40,13,74,0,0,135,18,153,18,3,175,31,227,178,10,188,415
10/01/2013,PIE,FL,ASO,ES,Towers with Radar,5,3,43,4,55,0,0,105,18,123,5,3,148,22,178,206,6,212,390
10/02/2013,PIE,FL,ASO,ES,Towers with Radar,5,1,47,8,61,0,0,134,27,161,5,1,181,35,222,328,70,398,620
10/03/2013,PIE,FL,ASO,ES,Towers with Radar,31,0,64,12,107,0,0,107,40,147,31,0,171,52,254,204,30,234,488
10/04/2013,PIE,FL,ASO,ES,Towers with Radar,25,9,47,2,83,0,0,129,20,149,25,9,176,22,232,246,24,270,502
10/05/2013,PIE,FL,ASO,ES,Towers with Radar,3,4,34,4,45,0,0,69,6,75,3,4,103,10,120,86,0,86,206
10/06/2013,PIE,FL,ASO,ES,Towers with Radar,30,4,36,2,72,0,1,107,0,108,30,5,143,2,180,106,0,106,286
10/07/2013,PIE,FL,ASO,ES,Towers with Radar,26,7,33,16,82,0,0,35,10,45,26,7,68,26,127,92,12,104,231
10/08/2013,PIE,FL,ASO,ES,Towers with Radar,7,5,38,23,73,0,0,84,18,102,7,5,122,41,175,228,18,246,421
10/09/2013,PIE,FL,ASO,ES,Towers with Radar,7,10,51,8,76,0,0,71,19,90,7,10,122,27,166,236,0,236,402
10/10/2013,PIE,FL,ASO,ES,Towers with Radar,32,9,61,7,109,0,0,171,26,197,32,9,232,33,306,308,26,334,640
10/11/2013,PIE,FL,ASO,ES,Towers with Radar,26,8,65,8,107,0,0,153,33,186,26,8,218,41,293,290,30,320,613
10/12/2013,PIE,FL,ASO,ES,Towers with Radar,3,4,32,2,41,0,0,116,5,121,3,4,148,7,162,126,20,146,308
10/13/2013,PIE,FL,ASO,ES,Towers with Radar,25,11,41,0,77,0,1,101,0,102,25,12,142,0,179,164,0,164,343
10/14/2013,PIE,FL,ASO,ES,Towers with Radar,27,5,53,1,86,0,0,136,1,137,27,5,189,2,223,262,0,262,485
10/15/2013,PIE,FL,ASO,ES,Towers with Radar,4,4,65,7,80,0,0,39,17,56,4,4,104,24,136,104,4,108,244
10/16/2013,PIE,FL,ASO,ES,Towers with Radar,7,4,80,19,110,0,0,80,22,102,7,4,160,41,212,178,24,202,414
10/17/2013,PIE,FL,ASO,ES,Towers with Radar,32,4,74,29,139,0,2,150,35,187,32,6,224,64,326,280,46,326,652
10/18/2013,PIE,FL,ASO,ES,Towers with Radar,25,9,39,2,75,0,1,134,14,149,25,10,173,16,224,276,10,286,510
10/19/2013,PIE,FL,ASO,ES,Towers with Radar,3,5,42,0,50,0,0,145,0,145,3,5,187,0,195,158,0,158,353
10/20/2013,PIE,FL,ASO,ES,Towers with Radar,25,2,30,8,65,0,0,87,3,90,25,2,117,11,155,177,12,189,344
10/21/2013,PIE,FL,ASO,ES,Towers with Radar,27,3,69,14,113,0,0,88,24,112,27,3,157,38,225,142,58,200,425
10/22/2013,PIE,FL,ASO,ES,Towers with Radar,4,8,72,11,95,0,2,59,10,71,4,10,131,21,166,120,14,134,300
10/23/2013,PIE,FL,ASO,ES,Towers with Radar,6,7,60,9,82,0,1,113,29,143,6,8,173,38,225,190,58,248,473
10/24/2013,PIE,FL,ASO,ES,Towers with Radar,34,14,81,23,152,0,0,126,27,153,34,14,207,50,305,262,37,299,604
10/25/2013,PIE,FL,ASO,ES,Towers with Radar,27,5,60,8,100,0,0,153,12,165,27,5,213,20,265,246,36,282,547
10/26/2013,PIE,FL,ASO,ES,Towers with Radar,3,3,52,2,60,0,0,156,1,157,3,3,208,3,217,174,2,176,393
10/27/2013,PIE,FL,ASO,ES,Towers with Radar,28,5,37,0,70,0,1,107,1,109,28,6,144,1,179,116,0,116,295
10/28/2013,PIE,FL,ASO,ES,Towers with Radar,27,7,50,10,94,0,3,149,22,174,27,10,199,32,268,294,70,364,632
10/29/2013,PIE,FL,ASO,ES,Towers with Radar,6,10,65,11,92,0,0,122,29,151,6,10,187,40,243,394,44,438,681
10/30/2013,PIE,FL,ASO,ES,Towers with Radar,6,0,47,16,69,0,0,119,38,157,6,0,166,54,226,214,64,278,504
10/31/2013,PIE,FL,ASO,ES,Towers with Radar,30,3,55,23,111,0,2,123,33,158,30,5,178,56,269,192,30,222,491
11/01/2013,PIE,FL,ASO,ES,Towers with Radar,32,6,67,8,113,0,0,100,23,123,32,6,167,31,236,188,46,234,470
11/02/2013,PIE,FL,ASO,ES,Towers with Radar,5,3,26,0,34,0,0,45,1,46,5,3,71,1,80,72,0,72,152
11/03/2013,PIE,FL,ASO,ES,Towers with Radar,27,7,41,2,77,0,2,118,0,120,27,9,159,2,197,218,0,218,415
11/04/2013,PIE,FL,ASO,ES,Towers with Radar,33,3,54,12,102,0,2,77,18,97,33,5,131,30,199,202,34,236,435
11/05/2013,PIE,FL,ASO,ES,Towers with Radar,4,5,57,6,72,0,0,61,10,71,4,5,118,16,143,86,78,164,307
11/06/2013,PIE,FL,ASO,ES,Towers with Radar,6,5,51,9,71,0,1,137,42,180,6,6,188,51,251,252,46,298,549
11/07/2013,PIE,FL,ASO,ES,Towers with Radar,36,10,70,6,122,0,1,119,41,161,36,11,189,47,283,312,40,352,635
11/08/2013,PIE,FL,ASO,ES,Towers with Radar,32,13,71,8,124,0,1,88,15,104,32,14,159,23,228,174,25,199,427
11/09/2013,PIE,FL,ASO,ES,Towers with Radar,3,1,25,1,30,0,0,78,0,78,3,1,103,1,108,118,0,118,226
11/10/2013,PIE,FL,ASO,ES,Towers with Radar,29,5,36,0,70,0,0,107,1,108,29,5,143,1,178,194,0,194,372
11/11/2013,PIE,FL,ASO,ES,Towers with Radar,33,6,50,0,89,0,3,127,3,133,33,9,177,3,222,236,2,238,460
11/12/2013,PIE,FL,ASO,ES,Towers with Radar,6,3,79,11,99,0,2,107,21,130,6,5,186,32,229,212,22,234,463
11/13/2013,PIE,FL,ASO,ES,Towers with Radar,6,7,49,17,79,0,0,50,36,86,6,7,99,53,165,98,62,160,325
11/14/2013,PIE,FL,ASO,ES,Towers with Radar,34,11,65,6,116,0,1,110,32,143,34,12,175,38,259,194,86,280,539
11/15/2013,PIE,FL,ASO,ES,Towers with Radar,32,6,67,14,119,0,6,83,24,113,32,12,150,38,232,96,94,190,422
11/16/2013,PIE,FL,ASO,ES,Towers with Radar,3,3,29,1,36,0,0,60,1,61,3,3,89,2,97,100,0,100,197
11/17/2013,PIE,FL,ASO,ES,Towers with Radar,29,3,46,0,78,0,0,87,6,93,29,3,133,6,171,146,2,148,319
11/18/2013,PIE,FL,ASO,ES,Towers with Radar,34,6,48,9,97,0,0,100,13,113,34,6,148,22,210,164,64,228,438
11/19/2013,PIE,FL,ASO,ES,Towers with Radar,6,4,61,16,87,0,0,68,23,91,6,4,129,39,178,96,20,116,294
11/20/2013,PIE,FL,ASO,ES,Towers with Radar,6,8,54,19,87,0,0,94,22,116,6,8,148,41,203,204,18,222,425
11/21/2013,PIE,FL,ASO,ES,Towers with Radar,34,9,84,12,139,0,0,103,26,129,34,9,187,38,268,202,10,212,480
11/22/2013,PIE,FL,ASO,ES,Towers with Radar,29,9,72,7,117,0,0,94,5,99,29,9,166,12,216,156,0,156,372
11/23/2013,PIE,FL,ASO,ES,Towers with Radar,10,6,37,2,55,0,1,106,1,108,10,7,143,3,163,168,0,168,331
11/24/2013,PIE,FL,ASO,ES,Towers with Radar,33,2,51,0,86,0,0,28,1,29,33,2,79,1,115,64,1,65,180
11/25/2013,PIE,FL,ASO,ES,Towers with Radar,25,3,63,18,109,0,1,109,32,142,25,4,172,50,251,166,26,192,443
11/26/2013,PIE,FL,ASO,ES,Towers with Radar,29,3,60,4,96,0,0,3,2,5,29,3,63,6,101,0,4,4,105
11/27/2013,PIE,FL,ASO,ES,Towers with Radar,32,16,27,2,77,0,0,25,2,27,32,16,52,4,104,0,0,0,104
11/28/2013,PIE,FL,ASO,ES,Towers with Radar,7,4,11,2,24,0,0,18,0,18,7,4,29,2,42,0,0,0,42
11/29/2013,PIE,FL,ASO,ES,Towers with Radar,24,6,25,2,57,0,0,82,4,86,24,6,107,6,143,124,8,132,275
11/30/2013,PIE,FL,ASO,ES,Towers with Radar,28,12,36,1,77,0,0,93,2,95,28,12,129,3,172,204,0,204,376
12/01/2013,PIE,FL,ASO,ES,Towers with Radar,30,12,64,3,109,0,0,32,1,33,30,12,96,4,142,50,0,50,192
12/02/2013,PIE,FL,ASO,ES,Towers with Radar,29,9,48,20,106,0,0,106,32,138,29,9,154,52,244,164,16,180,424
12/03/2013,PIE,FL,ASO,ES,Towers with Radar,14,4,51,13,82,0,0,130,43,173,14,4,181,56,255,206,44,250,505
12/04/2013,PIE,FL,ASO,ES,Towers with Radar,7,4,61,7,79,0,2,115,41,158,7,6,176,48,237,248,44,292,529
12/05/2013,PIE,FL,ASO,ES,Towers with Radar,34,10,88,11,143,0,0,144,28,172,34,10,232,39,315,172,46,218,533
12/06/2013,PIE,FL,ASO,ES,Towers with Radar,42,11,75,24,152,0,1,123,26,150,42,12,198,50,302,115,9,124,426
12/07/2013,PIE,FL,ASO,ES,Towers with Radar,6,9,48,17,80,0,0,125,16,141,6,9,173,33,221,247,0,247,468
12/08/2013,PIE,FL,ASO,ES,Towers with Radar,31,0,45,10,86,1,0,99,4,104,32,0,144,14,190,116,2,118,308
12/09/2013,PIE,FL,ASO,ES,Towers with Radar,34,4,60,15,113,0,0,101,29,130,34,4,161,44,243,174,2,176,419
12/10/2013,PIE,FL,ASO,ES,Towers with Radar,14,5,54,13,86,0,3,100,21,124,14,8,154,34,210,158,0,158,368
12/11/2013,PIE,FL,ASO,ES,Towers with Radar,7,8,76,20,111,0,0,106,22,128,7,8,182,42,239,314,50,364,603
12/12/2013,PIE,FL,ASO,ES,Towers with Radar,38,14,56,10,118,0,0,76,21,97,38,14,132,31,215,94,24,118,333
12/13/2013,PIE,FL,ASO,ES,Towers with Radar,36,6,59,9,110,0,0,104,1,105,36,6,163,10,215,132,0,132,347
12/14/2013,PIE,FL,ASO,ES,Towers with Radar,7,3,19,0,29,0,0,95,0,95,7,3,114,0,124,94,0,94,218
12/15/2013,PIE,FL,ASO,ES,Towers with Radar,28,5,49,1,83,0,0,33,0,33,28,5,82,1,116,70,0,70,186
12/16/2013,PIE,FL,ASO,ES,Towers with Radar,36,4,69,15,124,0,1,124,22,147,36,5,193,37,271,176,46,222,493
12/17/2013,PIE,FL,ASO,ES,Towers with Radar,9,7,74,25,115,0,2,125,37,164,9,9,199,62,279,176,36,212,491
12/18/2013,PIE,FL,ASO,ES,Towers with Radar,11,5,65,9,90,0,3,135,26,164,11,8,200,35,254,188,24,212,466
12/19/2013,PIE,FL,ASO,ES,Towers with Radar,41,5,61,9,116,0,1,136,24,161,41,6,197,33,277,178,18,196,473
12/20/2013,PIE,FL,ASO,ES,Towers with Radar,39,6,54,2,101,0,0,105,7,112,39,6,159,9,213,135,0,135,348
12/21/2013,PIE,FL,ASO,ES,Towers with Radar,22,3,42,0,67,0,1,62,0,63,22,4,104,0,130,72,0,72,202
12/22/2013,PIE,FL,ASO,ES,Towers with Radar,30,2,21,0,53,0,0,40,1,41,30,2,61,1,94,140,0,140,234
12/23/2013,PIE,FL,ASO,ES,Towers with Radar,40,6,51,6,103,0,0,29,3,32,40,6,80,9,135,58,4,62,197
12/24/2013,PIE,FL,ASO,ES,Towers with Radar,39,1,18,3,61,0,0,27,0,27,39,1,45,3,88,26,0,26,114
12/25/2013,PIE,FL,ASO,ES,Towers with Radar,9,3,8,2,22,0,0,14,0,14,9,3,22,2,36,30,0,30,66
12/26/2013,PIE,FL,ASO,ES,Towers with Radar,36,10,65,2,113,0,0,94,7,101,36,10,159,9,214,165,3,168,382
12/27/2013,PIE,FL,ASO,ES,Towers with Radar,35,10,45,3,93,0,0,42,5,47,35,10,87,8,140,68,4,72,212
12/28/2013,PIE,FL,ASO,ES,Towers with Radar,26,9,33,0,68,0,1,38,0,39,26,10,71,0,107,26,0,26,133
12/29/2013,PIE,FL,ASO,ES,Towers with Radar,31,4,28,0,63,0,0,9,0,9,31,4,37,0,72,18,0,18,90
12/30/2013,PIE,FL,ASO,ES,Towers with Radar,35,4,48,7,94,0,0,29,4,33,35,4,77,11,127,86,0,86,213
12/31/2013,PIE,FL,ASO,ES,Towers with Radar,22,2,27,1,52,0,0,64,2,66,22,2,91,3,118,120,0,120,238
01/01/2014,PIE,FL,ASO,ES,Towers with Radar,14,3,29,2,48,0,0,2,0,2,14,3,31,2,50,0,0,0,50
01/02/2014,PIE,FL,ASO,ES,Towers with Radar,38,4,42,4,88,0,0,7,1,8,38,4,49,5,96,4,0,4,100
01/03/2014,PIE,FL,ASO,ES,Towers with Radar,36,7,39,0,82,0,1,76,5,82,36,8,115,5,164,56,20,76,240
01/04/2014,PIE,FL,ASO,ES,Towers with Radar,23,6,46,0,75,0,0,107,1,108,23,6,153,1,183,198,0,198,381
01/05/2014,PIE,FL,ASO,ES,Towers with Radar,26,4,50,0,80,0,0,75,3,78,26,4,125,3,158,108,0,108,266
01/06/2014,PIE,FL,ASO,ES,Towers with Radar,26,4,34,5,69,0,0,21,7,28,26,4,55,12,97,4,8,12,109
01/07/2014,PIE,FL,ASO,ES,Towers with Radar,12,0,58,13,83,0,0,74,21,95,12,0,132,34,178,96,48,144,322
01/08/2014,PIE,FL,ASO,ES,Towers with Radar,12,8,46,21,87,0,0,86,40,126,12,8,132,61,213,300,52,352,565
01/09/2014,PIE,FL,ASO,ES,Towers with Radar,33,14,62,18,127,0,1,4,17,22,33,15,66,35,149,6,86,92,241
01/10/2014,PIE,FL,ASO,ES,Towers with Radar,37,15,69,12,133,0,1,140,19,160,37,16,209,31,293,220,0,220,513
01/11/2014,PIE,FL,ASO,ES,Towers with Radar,13,1,40,3,57,0,0,11,9,20,13,1,51,12,77,20,0,20,97
01/12/2014,PIE,FL,ASO,ES,Towers with Radar,29,6,58,3,96,0,0,142,0,142,29,6,200,3,238,234,0,234,472
01/13/2014,PIE,FL,ASO,ES,Towers with Radar,32,4,63,10,109,0,0,89,13,102,32,4,152,23,211,260,42,302,513
01/14/2014,PIE,FL,ASO,ES,Towers with Radar,6,6,64,6,82,0,2,51,16,69,6,8,115,22,151,78,0,78,229
01/15/2014,PIE,FL,ASO,ES,Towers with Radar,9,4,84,7,104,0,0,95,16,111,9,4,179,23,215,174,34,208,423
01/16/2014,PIE,FL,ASO,ES,Towers with Radar,32,8,92,7,139,0,1,112,28,141,32,9,204,35,280,144,46,190,470
01/17/2014,PIE,FL,ASO,ES,Towers with Radar,33,6,54,9,102,0,0,144,17,161,33,6,198,26,263,216,20,236,499
01/18/2014,PIE,FL,ASO,ES,Towers with Radar,8,5,32,2,47,0,1,75,3,79,8,6,107,5,126,0,0,0,126
01/19/2014,PIE,FL,ASO,ES,Towers with Radar,22,6,36,26,90,0,0,73,2,75,22,6,109,28,165,94,0,94,259
01/20/2014,PIE,FL,ASO,ES,Towers with Radar,29,5,47,1,82,0,0,134,0,134,29,5,181,1,216,292,0,292,508
01/21/2014,PIE,FL,ASO,ES,Towers with Radar,13,6,52,4,75,0,0,76,23,99,13,6,128,27,174,186,78,264,438
01/22/2014,PIE,FL,ASO,ES,Towers with Radar,8,1,52,21,82,0,0,136,22,158,8,1,188,43,240,234,28,262,502
01/23/2014,PIE,FL,ASO,ES,Towers with Radar,34,6,57,13,110,0,0,147,25,172,34,6,204,38,282,264,12,276,558
01/24/2014,PIE,FL,ASO,ES,Towers with Radar,35,6,56,6,103,0,0,117,7,124,35,6,173,13,227,155,8,163,390
01/25/2014,PIE,FL,ASO,ES,Towers with Radar,7,6,30,1,44,0,0,90,9,99,7,6,120,10,143,148,0,148,291
01/26/2014,PIE,FL,ASO,ES,Towers with Radar,27,14,82,5,128,0,1,35,0,36,27,15,117,5,164,78,0,78,242
01/27/2014,PIE,FL,ASO,ES,Towers with Radar,35,6,87,17,145,0,0,71,20,91,35,6,158,37,236,244,72,316,552
01/28/2014,PIE,FL,ASO,ES,Towers with Radar,10,11,74,10,105,0,0,108,29,137,10,11,182,39,242,217,74,291,533
01/29/2014,PIE,FL,ASO,ES,Towers with Radar,9,8,101,11,129,0,0,2,4,6,9,8,103,15,135,0,34,34,169
01/30/2014,PIE,FL,ASO,ES,Towers with Radar,36,6,55,8,105,0,0,0,0,0,36,6,55,8,105,0,0,0,105
01/31/2014,PIE,FL,ASO,ES,Towers with Radar,35,7,30,7,79,0,0,1,0,1,35,7,31,7,80,0,0,0,80
02/01/2014,PIE,FL,ASO,ES,Towers with Radar,17,5,32,2,56,0,0,53,2,55,17,5,85,4,111,112,26,138,249
02/02/2014,PIE,FL,ASO,ES,Towers with Radar,27,4,26,2,59,0,1,49,4,54,27,5,75,6,113,98,0,98,211
02/03/2014,PIE,FL,ASO,ES,Towers with Radar,30,15,67,11,123,0,2,58,14,74,30,17,125,25,197,144,24,168,365
02/04/2014,PIE,FL,ASO,ES,Towers with Radar,16,8,67,16,107,0,0,80,24,104,16,8,147,40,211,206,32,238,449
02/05/2014,PIE,FL,ASO,ES,Towers with Radar,9,9,85,17,120,0,0,9,13,22,9,9,94,30,142,34,21,55,197
02/06/2014,PIE,FL,ASO,ES,Towers with Radar,28,11,107,23,169,0,0,27,10,37,28,11,134,33,206,178,4,182,388
02/07/2014,PIE,FL,ASO,ES,Towers with Radar,31,6,65,17,119,0,0,4,2,6,31,6,69,19,125,0,0,0,125
02/08/2014,PIE,FL,ASO,ES,Towers with Radar,10,2,35,1,48,0,0,1,1,2,10,2,36,2,50,0,16,16,66
02/09/2014,PIE,FL,ASO,ES,Towers with Radar,25,11,73,7,116,0,0,118,0,118,25,11,191,7,234,170,20,190,424
02/10/2014,PIE,FL,ASO,ES,Towers with Radar,30,8,64,8,110,0,0,161,29,190,30,8,225,37,300,320,12,332,632
02/11/2014,PIE,FL,ASO,ES,Towers with Radar,4,3,69,22,98,0,2,148,39,189,4,5,217,61,287,346,46,392,679
02/12/2014,PIE,FL,ASO,ES,Towers with Radar,19,0,42,10,71,0,0,31,3,34,19,0,73,13,105,36,16,52,157
02/13/2014,PIE,FL,ASO,ES,Towers with Radar,32,11,56,10,109,0,0,77,25,102,32,11,133,35,211,100,14,114,325
02/14/2014,PIE,FL,ASO,ES,Towers with Radar,32,15,71,3,121,0,0,132,9,141,32,15,203,12,262,244,22,266,528
02/15/2014,PIE,FL,ASO,ES,Towers with Radar,16,9,45,0,70,0,0,78,6,84,16,9,123,6,154,92,0,92,246
02/16/2014,PIE,FL,ASO,ES,Towers with Radar,27,3,60,3,93,0,0,130,1,131,27,3,190,4,224,174,0,174,398
02/17/2014,PIE,FL,ASO,ES,Towers with Radar,34,2,82,2,120,0,0,155,0,155,34,2,237,2,275,216,0,216,491
02/18/2014,PIE,FL,ASO,ES,Towers with Radar,8,3,72,7,90,0,1,140,31,172,8,4,212,38,262,254,74,328,590
02/19/2014,PIE,FL,ASO,ES,Towers with Radar,23,10,68,7,108,0,0,125,19,144,23,10,193,26,252,272,18,290,542
02/20/2014,PIE,FL,ASO,ES,Towers with Radar,27,13,78,16,134,0,1,128,31,160,27,14,206,47,294,158,8,166,460
02/21/2014,PIE,FL,ASO,ES,Towers with Radar,31,13,37,5,86,0,1,12,7,20,31,14,49,12,106,8,0,8,114
02/22/2014,PIE,FL,ASO,ES,Towers with Radar,22,12,47,0,81,0,0,40,0,40,22,12,87,0,121,32,0,32,153
02/23/2014,PIE,FL,ASO,ES,Towers with Radar,22,6,50,4,82,0,0,44,0,44,22,6,94,4,126,128,0,128,254
02/24/2014,PIE,FL,ASO,ES,Towers with Radar,36,6,61,13,116,0,1,67,24,92,36,7,128,37,208,190,42,232,440
02/25/2014,PIE,FL,ASO,ES,Towers with Radar,13,12,60,3,88,0,3,102,28,133,13,15,162,31,221,166,24,190,411
02/26/2014,PIE,FL,ASO,ES,Towers with Radar,21,13,40,13,87,0,1,17,6,24,21,14,57,19,111,26,16,42,153
02/27/2014,PIE,FL,ASO,ES,Towers with Radar,30,10,74,14,128,0,2,38,17,57,30,12,112,31,185,116,6,122,307
02/28/2014,PIE,FL,ASO,ES,Towers with Radar,36,13,49,6,104,0,1,162,20,183,36,14,211,26,287,216,2,218,505
03/01/2014,PIE,FL,ASO,ES,Towers with Radar,26,6,47,3,82,0,0,140,15,155,26,6,187,18,237,176,6,182,419
03/02/2014,PIE,FL,ASO,ES,Towers with Radar,26,10,52,6,94,0,1,97,0,98,26,11,149,6,192,168,0,168,360
03/03/2014,PIE,FL,ASO,ES,Towers with Radar,36,3,56,23,118,0,0,90,28,118,36,3,146,51,236,198,24,222,458
03/04/2014,PIE,FL,ASO,ES,Towers with Radar,14,8,70,7,99,0,0,69,25,94,14,8,139,32,193,284,48,332,525
03/05/2014,PIE,FL,ASO,ES,Towers with Radar,25,10,101,31,167,0,0,41,23,64,25,10,142,54,231,126,28,154,385
03/06/2014,PIE,FL,ASO,ES,Towers with Radar,31,20,25,5,81,0,0,6,11,17,31,20,31,16,98,12,0,12,110
03/07/2014,PIE,FL,ASO,ES,Towers with Radar,36,4,75,17,132,0,0,25,15,40,36,4,100,32,172,52,54,106,278
03/08/2014,PIE,FL,ASO,ES,Towers with Radar,27,1,33,13,74,0,0,119,3,122,27,1,152,16,196,128,2,130,326
03/09/2014,PIE,FL,ASO,ES,Towers with Radar,28,12,55,5,100,0,1,112,2,115,28,13,167,7,215,176,0,176,391
03/10/2014,PIE,FL,ASO,ES,Towers with Radar,36,17,56,17,126,0,0,176,23,199,36,17,232,40,325,224,28,252,577
03/11/2014,PIE,FL,ASO,ES,Towers with Radar,16,15,47,19,97,0,0,143,14,157,16,15,190,33,254,236,40,276,530
03/12/2014,PIE,FL,ASO,ES,Towers with Radar,23,15,55,14,107,0,0,27,15,42,23,15,82,29,149,86,46,132,281
03/13/2014,PIE,FL,ASO,ES,Towers with Radar,34,10,61,42,147,0,2,108,32,142,34,12,169,74,289,166,80,246,535
03/14/2014,PIE,FL,ASO,ES,Towers with Radar,37,14,62,23,136,0,0,126,23,149,37,14,188,46,285,168,47,215,500
03/15/2014,PIE,FL,ASO,ES,Towers with Radar,29,11,54,11,105,0,0,113,1,114,29,11,167,12,219,214,0,214,433
03/16/2014,PIE,FL,ASO,ES,Towers with Radar,32,19,32,8,91,0,0,48,9,57,32,19,80,17,148,42,0,42,190
03/17/2014,PIE,FL,ASO,ES,Towers with Radar,34,12,13,4,63,0,0,3,7,10,34,12,16,11,73,0,26,26,99
03/18/2014,PIE,FL,ASO,ES,Towers with Radar,13,8,46,7,74,0,1,94,32,127,13,9,140,39,201,242,88,330,531
03/19/2014,PIE,FL,ASO,ES,Towers with Radar,26,11,71,10,118,0,1,158,19,178,26,12,229,29,296,206,60,266,562
03/20/2014,PIE,FL,ASO,ES,Towers with Radar,35,4,67,11,117,0,0,117,22,139,35,4,184,33,256,234,44,278,534
03/21/2014,PIE,FL,ASO,ES,Towers with Radar,38,6,74,30,148,0,0,157,17,174,38,6,231,47,322,230,28,258,580
03/22/2014,PIE,FL,ASO,ES,Towers with Radar,41,5,45,0,91,0,0,103,2,105,41,5,148,2,196,220,2,222,418
03/23/2014,PIE,FL,ASO,ES,Towers with Radar,36,10,70,7,123,0,1,54,7,62,36,11,124,14,185,132,4,136,321
03/24/2014,PIE,FL,ASO,ES,Towers with Radar,33,9,40,13,95,0,0,13,9,22,33,9,53,22,117,50,26,76,193
03/25/2014,PIE,FL,ASO,ES,Towers with Radar,16,5,70,26,117,0,1,42,18,61,16,6,112,44,178,68,54,122,300
03/26/2014,PIE,FL,ASO,ES,Towers with Radar,27,12,55,10,104,0,2,109,36,147,27,14,164,46,251,356,30,386,637
03/27/2014,PIE,FL,ASO,ES,Towers with Radar,41,21,89,14,165,0,1,74,19,94,41,22,163,33,259,176,28,204,463
03/28/2014,PIE,FL,ASO,ES,Towers with Radar,36,10,65,3,114,0,0,57,12,69,36,10,122,15,183,158,12,170,353
03/29/2014,PIE,FL,ASO,ES,Towers with Radar,31,12,47,4,94,0,0,12,0,12,31,12,59,4,106,4,0,4,110
03/30/2014,PIE,FL,ASO,ES,Towers with Radar,34,24,65,0,123,0,0,82,4,86,34,24,147,4,209,86,0,86,295
03/31/2014,PIE,FL,ASO,ES,Towers with Radar,37,10,48,4,99,0,1,147,7,155,37,11,195,11,254,274,0,274,528
04/01/2014,PIE,FL,ASO,ES,Towers with Radar,17,7,42,13,79,0,1,121,27,149,17,8,163,40,228,294,46,340,568
04/02/2014,PIE,FL,ASO,ES,Towers with Radar,25,9,56,8,98,0,0,130,39,169,25,9,186,47,267,282,34,316,583
04/03/2014,PIE,FL,ASO,ES,Towers with Radar,34,15,56,15,120,0,0,126,24,150,34,15,182,39,270,242,46,288,558
04/04/2014,PIE,FL,ASO,ES,Towers with Radar,34,18,58,18,128,0,2,127,23,152,34,20,185,41,280,150,32,182,462
04/05/2014,PIE,FL,ASO,ES,Towers with Radar,26,9,53,8,96,0,1,98,7,106,26,10,151,15,202,122,14,136,338
04/06/2014,PIE,FL,ASO,ES,Towers with Radar,31,5,58,10,104,0,0,101,10,111,31,5,159,20,215,124,0,124,339
04/07/2014,PIE,FL,ASO,ES,Towers with Radar,36,4,36,8,84,0,0,86,26,112,36,4,122,34,196,108,0,108,304
04/08/2014,PIE,FL,ASO,ES,Towers with Radar,14,4,36,11,65,0,0,38,16,54,14,4,74,27,119,92,34,126,245
04/09/2014,PIE,FL,ASO,ES,Towers with Radar,22,7,75,9,113,0,0,92,21,113,22,7,167,30,226,120,14,134,360
04/10/2014,PIE,FL,ASO,ES,Towers with Radar,32,14,66,11,123,0,0,158,27,185,32,14,224,38,308,200,48,248,556
04/11/2014,PIE,FL,ASO,ES,Towers with Radar,34,11,55,16,116,0,1,129,9,139,34,12,184,25,255,300,6,306,561
04/12/2014,PIE,FL,ASO,ES,Towers with Radar,31,2,47,13,93,0,0,120,14,134,31,2,167,27,227,182,0,182,409
04/13/2014,PIE,FL,ASO,ES,Towers with Radar,29,7,53,2,91,0,0,91,18,109,29,7,144,20,200,84,0,84,284
04/14/2014,PIE,FL,ASO,ES,Towers with Radar,36,8,46,14,104,0,2,128,30,160,36,10,174,44,264,245,40,285,549
04/15/2014,PIE,FL,ASO,ES,Towers with Radar,13,6,49,9,77,0,0,11,11,22,13,6,60,20,99,4,0,4,103
04/16/2014,PIE,FL,ASO,ES,Towers with Radar,21,10,50,21,102,0,0,123,28,151,21,10,173,49,253,136,16,152,405
04/17/2014,PIE,FL,ASO,ES,Towers with Radar,33,9,83,12,137,0,0,60,27,87,33,9,143,39,224,120,24,144,368
04/18/2014,PIE,FL,ASO,ES,Towers with Radar,35,9,50,3,97,0,0,7,3,10,35,9,57,6,107,2,0,2,109
04/19/2014,PIE,FL,ASO,ES,Towers with Radar,32,4,67,9,112,0,0,26,0,26,32,4,93,9,138,62,4,66,204
04/20/2014,PIE,FL,ASO,ES,Towers with Radar,33,9,62,1,105,0,0,50,0,50,33,9,112,1,155,84,0,84,239
04/21/2014,PIE,FL,ASO,ES,Towers with Radar,37,7,57,16,117,0,0,93,17,110,37,7,150,33,227,216,36,252,479
04/22/2014,PIE,FL,ASO,ES,Towers with Radar,13,4,63,17,97,0,0,112,22,134,13,4,175,39,231,174,42,216,447
04/23/2014,PIE,FL,ASO,ES,Towers with Radar,20,8,71,14,113,0,0,97,35,132,20,8,168,49,245,142,36,178,423
04/24/2014,PIE,FL,ASO,ES,Towers with Radar,42,7,76,5,130,0,0,103,14,117,42,7,179,19,247,180,36,216,463
04/25/2014,PIE,FL,ASO,ES,Towers with Radar,38,9,53,34,134,0,0,135,11,146,38,9,188,45,280,186,18,204,484
04/26/2014,PIE,FL,ASO,ES,Towers with Radar,26,5,43,12,86,0,1,117,4,122,26,6,160,16,208,145,2,147,355
04/27/2014,PIE,FL,ASO,ES,Towers with Radar,32,7,40,5,84,0,1,95,3,99,32,8,135,8,183,206,20,226,409
04/28/2014,PIE,FL,ASO,ES,Towers with Radar,37,6,55,10,108,1,2,90,32,125,38,8,145,42,233,208,34,242,475
04/29/2014,PIE,FL,ASO,ES,Towers with Radar,11,4,59,10,84,0,1,67,21,89,11,5,126,31,173,100,30,130,303
04/30/2014,PIE,FL,ASO,ES,Towers with Radar,16,3,73,42,134,0,0,70,16,86,16,3,143,58,220,128,14,142,362
05/01/2014,PIE,FL,ASO,ES,Towers with Radar,32,18,53,14,117,0,0,52,24,76,32,18,105,38,193,106,40,146,339
05/02/2014,PIE,FL,ASO,ES,Towers with Radar,35,8,24,1,68,0,0,5,4,9,35,8,29,5,77,0,4,4,81
05/03/2014,PIE,FL,ASO,ES,Towers with Radar,16,3,29,0,48,0,0,9,0,9,16,3,38,0,57,0,0,0,57
05/04/2014,PIE,FL,ASO,ES,Towers with Radar,28,7,51,3,89,0,1,106,4,111,28,8,157,7,200,142,6,148,348
05/05/2014,PIE,FL,ASO,ES,Towers with Radar,35,9,74,14,132,0,0,115,9,124,35,9,189,23,256,190,34,224,480
05/06/2014,PIE,FL,ASO,ES,Towers with Radar,8,5,77,20,110,0,0,81,20,101,8,5,158,40,211,222,36,258,469
05/07/2014,PIE,FL,ASO,ES,Towers with Radar,16,7,60,12,95,0,1,95,25,121,16,8,155,37,216,182,20,202,418
05/08/2014,PIE,FL,ASO,ES,Towers with Radar,31,11,57,11,110,0,0,134,29,163,31,11,191,40,273,134,44,178,451
05/09/2014,PIE,FL,ASO,ES,Towers with Radar,36,8,68,3,115,0,4,109,3,116,36,12,177,6,231,130,0,130,361
05/10/2014,PIE,FL,ASO,ES,Towers with Radar,13,9,31,3,56,0,0,77,2,79,13,9,108,5,135,94,0,94,229
05/11/2014,PIE,FL,ASO,ES,Towers with Radar,29,7,41,5,82,0,0,46,2,48,29,7,87,7,130,44,0,44,174
05/12/2014,PIE,FL,ASO,ES,Towers with Radar,37,10,57,15,119,0,0,102,21,123,37,10,159,36,242,146,2,148,390
05/13/2014,PIE,FL,ASO,ES,Towers with Radar,6,6,52,14,78,0,1,85,31,117,6,7,137,45,195,98,40,138,333
05/14/2014,PIE,FL,ASO,ES,Towers with Radar,13,5,41,6,65,0,0,56,17,73,13,5,97,23,138,90,8,98,236
05/15/2014,PIE,FL,ASO,ES,Towers with Radar,28,4,70,16,118,0,0,18,15,33,28,4,88,31,151,70,28,98,249
05/16/2014,PIE,FL,ASO,ES,Towers with Radar,37,8,70,8,123,0,2,85,14,101,37,10,155,22,224,61,4,65,289
05/17/2014,PIE,FL,ASO,ES,Towers with Radar,13,6,51,7,77,0,1,114,7,122,13,7,165,14,199,130,0,130,329
05/18/2014,PIE,FL,ASO,ES,Towers with Radar,29,8,46,6,89,0,0,84,6,90,29,8,130,12,179,104,0,104,283
05/19/2014,PIE,FL,ASO,ES,Towers with Radar,35,9,49,10,103,0,1,129,30,160,35,10,178,40,263,182,18,200,463
05/20/2014,PIE,FL,ASO,ES,Towers with Radar,5,8,48,20,81,0,1,107,20,128,5,9,155,40,209,146,20,166,375
05/21/2014,PIE,FL,ASO,ES,Towers with Radar,12,3,51,9,75,0,0,102,21,123,12,3,153,30,198,154,36,190,388
05/22/2014,PIE,FL,ASO,ES,Towers with Radar,34,4,71,8,117,0,0,105,34,139,34,4,176,42,256,156,47,203,459
05/23/2014,PIE,FL,ASO,ES,Towers with Radar,30,0,79,3,112,0,1,115,5,121,30,1,194,8,233,202,0,202,435
05/24/2014,PIE,FL,ASO,ES,Towers with Radar,17,0,33,4,54,0,0,67,3,70,17,0,100,7,124,66,0,66,190
05/25/2014,PIE,FL,ASO,ES,Towers with Radar,31,4,14,2,51,0,1,41,1,43,31,5,55,3,94,44,0,44,138
05/26/2014,PIE,FL,ASO,ES,Towers with Radar,37,1,43,7,88,0,0,68,3,71,37,1,111,10,159,72,6,78,237
05/27/2014,PIE,FL,ASO,ES,Towers with Radar,9,4,63,17,93,0,1,80,25,106,9,5,143,42,199,114,66,180,379
05/28/2014,PIE,FL,ASO,ES,Towers with Radar,19,2,63,21,105,0,0,98,23,121,19,2,161,44,226,176,14,190,416
05/29/2014,PIE,FL,ASO,ES,Towers with Radar,32,20,53,21,126,0,2,87,30,119,32,22,140,51,245,92,6,98,343
05/30/2014,PIE,FL,ASO,ES,Towers with Radar,35,5,43,31,114,0,1,85,22,108,35,6,128,53,222,80,26,106,328
05/31/2014,PIE,FL,ASO,ES,Towers with Radar,17,0,42,7,66,0,1,112,2,115,17,1,154,9,181,154,0,154,335
06/01/2014,PIE,FL,ASO,ES,Towers with Radar,28,2,46,8,84,0,0,67,7,74,28,2,113,15,158,90,0,90,248
06/02/2014,PIE,FL,ASO,ES,Towers with Radar,34,8,61,20,123,0,0,58,23,81,34,8,119,43,204,96,20,116,320
06/03/2014,PIE,FL,ASO,ES,Towers with Radar,10,3,50,25,88,0,2,82,8,92,10,5,132,33,180,136,50,186,366
06/04/2014,PIE,FL,ASO,ES,Towers with Radar,22,4,67,20,113,0,0,125,45,170,22,4,192,65,283,182,82,264,547
06/05/2014,PIE,FL,ASO,ES,Towers with Radar,31,6,52,12,101,0,0,108,34,142,31,6,160,46,243,194,24,218,461
06/06/2014,PIE,FL,ASO,ES,Towers with Radar,34,8,52,7,101,0,0,102,8,110,34,8,154,15,211,226,4,230,441
06/07/2014,PIE,FL,ASO,ES,Towers with Radar,19,7,35,17,78,0,0,76,15,91,19,7,111,32,169,44,4,48,217
06/08/2014,PIE,FL,ASO,ES,Towers with Radar,30,6,29,6,71,0,0,65,9,74,30,6,94,15,145,98,6,104,249
06/09/2014,PIE,FL,ASO,ES,Towers with Radar,35,4,47,7,93,0,1,66,17,84,35,5,113,24,177,82,14,96,273
06/10/2014,PIE,FL,ASO,ES,Towers with Radar,9,3,34,11,57,0,0,74,14,88,9,3,108,25,145,122,12,134,279
06/11/2014,PIE,FL,ASO,ES,Towers with Radar,23,12,44,6,85,0,0,72,15,87,23,12,116,21,172,178,44,222,394
06/12/2014,PIE,FL,ASO,ES,Towers with Radar,32,4,54,8,98,0,1,85,25,111,32,5,139,33,209,146,14,160,369
06/13/2014,PIE,FL,ASO,ES,Towers with Radar,33,11,34,4,82,0,0,18,14,32,33,11,52,18,114,22,36,58,172
06/14/2014,PIE,FL,ASO,ES,Towers with Radar,29,8,45,2,84,0,0,69,1,70,29,8,114,3,154,154,0,154,308
06/15/2014,PIE,FL,ASO,ES,Towers with Radar,27,1,42,6,76,0,0,54,0,54,27,1,96,6,130,90,0,90,220
06/16/2014,PIE,FL,ASO,ES,Towers with Radar,37,6,57,5,105,0,0,84,16,100,37,6,141,21,205,132,0,132,337
06/17/2014,PIE,FL,ASO,ES,Towers with Radar,17,10,51,10,88,0,0,72,32,104,17,10,123,42,192,90,26,116,308
06/18/2014,PIE,FL,ASO,ES,Towers with Radar,23,7,49,10,89,0,2,73,24,99,23,9,122,34,188,198,38,236,424
06/19/2014,PIE,FL,ASO,ES,Towers with Radar,31,7,60,13,111,0,0,123,17,140,31,7,183,30,251,250,36,286,537
06/20/2014,PIE,FL,ASO,ES,Towers with Radar,36,6,34,14,90,0,0,115,28,143,36,6,149,42,233,188,56,244,477
06/21/2014,PIE,FL,ASO,ES,Towers with Radar,30,3,32,1,66,0,0,70,3,73,30,3,102,4,139,132,0,132,271
06/22/2014,PIE,FL,ASO,ES,Towers with Radar,28,5,23,4,60,0,1,66,5,72,28,6,89,9,132,96,0,96,228
06/23/2014,PIE,FL,ASO,ES,Towers with Radar,35,3,40,13,91,0,1,87,33,121,35,4,127,46,212,134,38,172,384
06/24/2014,PIE,FL,ASO,ES,Towers with Radar,13,5,74,17,109,0,1,127,29,157,13,6,201,46,266,232,36,268,534
06/25/2014,PIE,FL,ASO,ES,Towers with Radar,19,6,45,14,84,0,1,89,23,113,19,7,134,37,197,182,22,204,401
06/26/2014,PIE,FL,ASO,ES,Towers with Radar,29,14,51,8,102,0,0,82,21,103,29,14,133,29,205,154,8,162,367
06/27/2014,PIE,FL,ASO,ES,Towers with Radar,33,5,57,18,113,0,1,105,14,120,33,6,162,32,233,158,12,170,403
06/28/2014,PIE,FL,ASO,ES,Towers with Radar,29,11,37,9,86,0,0,99,5,104,29,11,136,14,190,154,0,154,344
06/29/2014,PIE,FL,ASO,ES,Towers with Radar,27,9,49,3,88,0,0,62,2,64,27,9,111,5,152,74,0,74,226
06/30/2014,PIE,FL,ASO,ES,Towers with Radar,34,4,38,4,80,0,0,105,13,118,34,4,143,17,198,184,24,208,406
07/01/2014,PIE,FL,ASO,ES,Towers with Radar,14,3,29,8,54,0,1,93,21,115,14,4,122,29,169,136,36,172,341
07/02/2014,PIE,FL,ASO,ES,Towers with Radar,22,8,46,12,88,0,0,115,29,144,22,8,161,41,232,264,34,298,530
07/03/2014,PIE,FL,ASO,ES,Towers with Radar,30,2,66,15,113,0,0,71,7,78,30,2,137,22,191,124,0,124,315
07/04/2014,PIE,FL,ASO,ES,Towers with Radar,32,3,14,7,56,0,0,42,2,44,32,3,56,9,100,66,6,72,172
07/05/2014,PIE,FL,ASO,ES,Towers with Radar,27,4,33,2,66,0,0,51,0,51,27,4,84,2,117,22,0,22,139
07/06/2014,PIE,FL,ASO,ES,Towers with Radar,30,10,37,9,86,0,0,48,3,51,30,10,85,12,137,104,0,104,241
07/07/2014,PIE,FL,ASO,ES,Towers with Radar,34,2,46,15,97,0,0,56,25,81,34,2,102,40,178,166,16,182,360
07/08/2014,PIE,FL,ASO,ES,Towers with Radar,11,5,57,4,77,0,1,91,20,112,11,6,148,24,189,152,44,196,385
07/09/2014,PIE,FL,ASO,ES,Towers with Radar,17,7,20,11,55,0,0,40,25,65,17,7,60,36,120,124,44,168,288
07/10/2014,PIE,FL,ASO,ES,Towers with Radar,26,5,39,10,80,0,1,76,18,95,26,6,115,28,175,82,74,156,331
07/11/2014,PIE,FL,ASO,ES,Towers with Radar,32,1,46,11,90,0,0,79,17,96,32,1,125,28,186,124,16,140,326
07/12/2014,PIE,FL,ASO,ES,Towers with Radar,19,3,52,3,77,0,0,106,7,113,19,3,158,10,190,196,0,196,386
07/13/2014,PIE,FL,ASO,ES,Towers with Radar,28,3,32,5,68,0,1,89,6,96,28,4,121,11,164,180,0,180,344
07/14/2014,PIE,FL,ASO,ES,Towers with Radar,31,2,32,15,80,0,0,90,22,112,31,2,122,37,192,160,4,164,356
07/15/2014,PIE,FL,ASO,ES,Towers with Radar,10,1,42,13,66,0,0,59,24,83,10,1,101,37,149,144,48,192,341
07/16/2014,PIE,FL,ASO,ES,Towers with Radar,17,5,24,20,66,0,1,27,14,42,17,6,51,34,108,94,84,178,286
07/17/2014,PIE,FL,ASO,ES,Towers with Radar,28,7,60,7,102,0,0,88,20,108,28,7,148,27,210,202,4,206,416
07/18/2014,PIE,FL,ASO,ES,Towers with Radar,25,3,87,26,141,0,0,168,18,186,25,3,255,44,327,194,12,206,533
07/19/2014,PIE,FL,ASO,ES,Towers with Radar,26,2,39,2,69,0,0,99,7,106,26,2,138,9,175,134,0,134,309
07/20/2014,PIE,FL,ASO,ES,Towers with Radar,28,5,40,3,76,0,1,85,25,111,28,6,125,28,187,102,16,118,305
07/21/2014,PIE,FL,ASO,ES,Towers with Radar,33,2,59,14,108,0,1,112,26,139,33,3,171,40,247,160,36,196,443
07/22/2014,PIE,FL,ASO,ES,Towers with Radar,13,8,52,17,90,0,0,96,39,135,13,8,148,56,225,146,26,172,397
07/23/2014,PIE,FL,ASO,ES,Towers with Radar,15,8,64,19,106,0,2,95,37,134,15,10,159,56,240,108,22,130,370
07/24/2014,PIE,FL,ASO,ES,Towers with Radar,30,13,43,9,95,0,0,87,17,104,30,13,130,26,199,128,26,154,353
07/25/2014,PIE,FL,ASO,ES,Towers with Radar,31,7,39,4,81,0,1,54,7,62,31,8,93,11,143,170,0,170,313
07/26/2014,PIE,FL,ASO,ES,Towers with Radar,20,2,31,5,58,0,0,87,0,87,20,2,118,5,145,136,0,136,281
07/27/2014,PIE,FL,ASO,ES,Towers with Radar,27,7,41,3,78,0,0,59,4,63,27,7,100,7,141,28,0,28,169
07/28/2014,PIE,FL,ASO,ES,Towers with Radar,33,1,62,10,106,0,0,98,23,121,33,1,160,33,227,124,16,140,367
07/29/2014,PIE,FL,ASO,ES,Towers with Radar,10,6,84,10,110,0,0,50,17,67,10,6,134,27,177,164,0,164,341
07/30/2014,PIE,FL,ASO,ES,Towers with Radar,18,4,61,27,110,0,1,97,23,121,18,5,158,50,231,178,22,200,431
07/31/2014,PIE,FL,ASO,ES,Towers with Radar,31,4,56,15,106,0,0,97,30,127,31,4,153,45,233,180,16,196,429
08/01/2014,PIE,FL,ASO,ES,Towers with Radar,34,2,43,6,85,0,1,68,11,80,34,3,111,17,165,178,0,178,343
08/02/2014,PIE,FL,ASO,ES,Towers with Radar,19,0,33,5,57,0,0,86,12,98,19,0,119,17,155,144,0,144,299
08/03/2014,PIE,FL,ASO,ES,Towers with Radar,27,10,30,7,74,0,0,65,10,75,27,10,95,17,149,124,0,124,273
08/04/2014,PIE,FL,ASO,ES,Towers with Radar,34,5,49,3,91,0,0,61,8,69,34,5,110,11,160,216,16,232,392
08/05/2014,PIE,FL,ASO,ES,Towers with Radar,10,4,72,28,114,0,1,84,31,116,10,5,156,59,230,210,28,238,468
08/06/2014,PIE,FL,ASO,ES,Towers with Radar,15,7,68,15,105,0,0,102,25,127,15,7,170,40,232,232,44,276,508
08/07/2014,PIE,FL,ASO,ES,Towers with Radar,29,4,51,16,100,0,0,83,21,104,29,4,134,37,204,110,30,140,344
08/08/2014,PIE,FL,ASO,ES,Towers with Radar,26,3,60,13,102,0,2,86,20,108,26,5,146,33,210,178,42,220,430
08/09/2014,PIE,FL,ASO,ES,Towers with Radar,17,8,38,1,64,0,0,83,15,98,17,8,121,16,162,112,0,112,274
08/10/2014,PIE,FL,ASO,ES,Towers with Radar,28,2,25,4,59,0,0,39,10,49,28,2,64,14,108,60,0,60,168
08/11/2014,PIE,FL,ASO,ES,Towers with Radar,33,2,32,9,76,0,0,25,22,47,33,2,57,31,123,48,20,68,191
08/12/2014,PIE,FL,ASO,ES,Towers with Radar,9,2,55,12,78,0,0,99,38,137,9,2,154,50,215,158,52,210,425
08/13/2014,PIE,FL,ASO,ES,Towers with Radar,8,5,53,28,94,0,0,101,12,113,8,5,154,40,207,140,36,176,383
08/14/2014,PIE,FL,ASO,ES,Towers with Radar,33,3,63,25,124,0,0,53,15,68,33,3,116,40,192,152,4,156,348
08/15/2014,PIE,FL,ASO,ES,Towers with Radar,26,5,44,3,78,0,0,9,3,12,26,5,53,6,90,10,0,10,100
08/16/2014,PIE,FL,ASO,ES,Towers with Radar,5,2,33,2,42,0,1,103,2,106,5,3,136,4,148,148,0,148,296
08/17/2014,PIE,FL,ASO,ES,Towers with Radar,31,7,43,3,84,0,0,95,0,95,31,7,138,3,179,130,0,130,309
08/18/2014,PIE,FL,ASO,ES,Towers with Radar,30,3,63,19,115,0,0,103,28,131,30,3,166,47,246,210,12,222,468
08/19/2014,PIE,FL,ASO,ES,Towers with Radar,4,11,60,25,100,0,0,122,15,137,4,11,182,40,237,182,12,194,431
08/20/2014,PIE,FL,ASO,ES,Towers with Radar,6,5,36,21,68,0,0,105,19,124,6,5,141,40,192,196,36,232,424
08/21/2014,PIE,FL,ASO,ES,Towers with Radar,35,13,45,26,119,0,0,106,25,131,35,13,151,51,250,246,20,266,516
08/22/2014,PIE,FL,ASO,ES,Towers with Radar,26,5,55,18,104,0,0,91,19,110,26,5,146,37,214,118,12,130,344
08/23/2014,PIE,FL,ASO,ES,Towers with Radar,7,4,33,17,61,0,0,67,12,79,7,4,100,29,140,96,12,108,248
08/24/2014,PIE,FL,ASO,ES,Towers with Radar,29,5,70,12,116,0,0,66,11,77,29,5,136,23,193,80,16,96,289
08/25/2014,PIE,FL,ASO,ES,Towers with Radar,25,5,79,16,125,0,0,72,22,94,25,5,151,38,219,68,10,78,297
08/26/2014,PIE,FL,ASO,ES,Towers with Radar,4,5,70,11,90,0,1,89,29,119,4,6,159,40,209,122,50,172,381
08/27/2014,PIE,FL,ASO,ES,Towers with Radar,7,3,86,9,105,0,0,107,7,114,7,3,193,16,219,184,12,196,415
08/28/2014,PIE,FL,ASO,ES,Towers with Radar,33,5,68,7,113,0,0,112,22,134,33,5,180,29,247,124,2,126,373
08/29/2014,PIE,FL,ASO,ES,Towers with Radar,29,6,63,13,111,0,0,86,8,94,29,6,149,21,205,106,6,112,317
08/30/2014,PIE,FL,ASO,ES,Towers with Radar,4,4,43,3,54,0,0,79,2,81,4,4,122,5,135,98,0,98,233
08/31/2014,PIE,FL,ASO,ES,Towers with Radar,31,1,25,5,62,0,0,65,2,67,31,1,90,7,129,64,0,64,193
09/01/2014,PIE,FL,ASO,ES,Towers with Radar,33,4,58,5,100,0,0,87,0,87,33,4,145,5,187,84,0,84,271
09/02/2014,PIE,FL,ASO,ES,Towers with Radar,6,2,44,11,63,0,0,67,14,81,6,2,111,25,144,134,21,155,299
09/03/2014,PIE,FL,ASO,ES,Towers with Radar,9,7,60,11,87,0,0,102,21,123,9,7,162,32,210,166,18,184,394
09/04/2014,PIE,FL,ASO,ES,Towers with Radar,33,11,53,13,110,0,0,62,15,77,33,11,115,28,187,66,6,72,259
09/05/2014,PIE,FL,ASO,ES,Towers with Radar,21,1,62,19,103,0,0,82,3,85,21,1,144,22,188,82,0,82,270
09/06/2014,PIE,FL,ASO,ES,Towers with Radar,6,3,48,3,60,0,0,59,4,63,6,3,107,7,123,126,0,126,249
09/07/2014,PIE,FL,ASO,ES,Towers with Radar,32,8,42,4,86,0,0,38,7,45,32,8,80,11,131,42,0,42,173
09/08/2014,PIE,FL,ASO,ES,Towers with Radar,24,3,53,17,97,0,0,64,33,97,24,3,117,50,194,96,48,144,338
09/09/2014,PIE,FL,ASO,ES,Towers with Radar,6,3,67,10,86,0,0,63,19,82,6,3,130,29,168,82,24,106,274
09/10/2014,PIE,FL,ASO,ES,Towers with Radar,7,1,56,17,81,0,0,99,30,129,7,1,155,47,210,92,26,118,328
09/11/2014,PIE,FL,ASO,ES,Towers with Radar,33,6,74,4,117,0,2,78,26,106,33,8,152,30,223,178,24,202,425
09/12/2014,PIE,FL,ASO,ES,Towers with Radar,24,5,79,10,118,0,0,107,17,124,24,5,186,27,242,158,4,162,404
09/13/2014,PIE,FL,ASO,ES,Towers with Radar,5,1,40,9,55,0,0,111,6,117,5,1,151,15,172,148,0,148,320
09/14/2014,PIE,FL,ASO,ES,Towers with Radar,30,0,33,10,73,0,0,63,2,65,30,0,96,12,138,56,0,56,194
09/15/2014,PIE,FL,ASO,ES,Towers with Radar,24,5,67,9,105,0,1,117,5,123,24,6,184,14,228,146,16,162,390
09/16/2014,PIE,FL,ASO,ES,Towers with Radar,5,9,65,4,83,0,1,61,7,69,5,10,126,11,152,88,0,88,240
09/17/2014,PIE,FL,ASO,ES,Towers with Radar,7,3,55,4,69,0,0,12,2,14,7,3,67,6,83,4,0,4,87
09/18/2014,PIE,FL,ASO,ES,Towers with Radar,33,19,63,7,122,0,0,90,13,103,33,19,153,20,225,204,0,204,429
09/19/2014,PIE,FL,ASO,ES,Towers with Radar,24,5,38,4,71,0,0,36,1,37,24,5,74,5,108,40,0,40,148
09/20/2014,PIE,FL,ASO,ES,Towers with Radar,3,0,46,5,54,0,0,32,0,32,3,0,78,5,86,34,0,34,120
09/21/2014,PIE,FL,ASO,ES,Towers with Radar,29,2,53,10,94,0,0,83,1,84,29,2,136,11,178,92,2,94,272
09/22/2014,PIE,FL,ASO,ES,Towers with Radar,22,4,35,5,66,0,0,31,5,36,22,4,66,10,102,70,24,94,196
09/23/2014,PIE,FL,ASO,ES,Towers with Radar,8,8,60,6,82,0,0,77,0,77,8,8,137,6,159,102,0,102,261
09/24/2014,PIE,FL,ASO,ES,Towers with Radar,7,5,72,15,99,0,0,54,9,63,7,5,126,24,162,152,0,152,314
09/25/2014,PIE,FL,ASO,ES,Towers with Radar,31,12,87,23,153,0,0,69,19,88,31,12,156,42,241,114,14,128,369
09/26/2014,PIE,FL,ASO,ES,Towers with Radar,21,8,76,8,113,0,0,41,1,42,21,8,117,9,155,106,6,112,267
09/27/2014,PIE,FL,ASO,ES,Towers with Radar,3,7,32,1,43,0,0,64,1,65,3,7,96,2,108,94,0,94,202
09/28/2014,PIE,FL,ASO,ES,Towers with Radar,31,8,59,9,107,0,2,49,1,52,31,10,108,10,159,80,0,80,239
09/29/2014,PIE,FL,ASO,ES,Towers with Radar,25,6,39,10,80,0,0,52,11,63,25,6,91,21,143,38,2,40,183
09/30/2014,PIE,FL,ASO,ES,Towers with Radar,6,3,50,13,72,0,0,51,27,78,6,3,101,40,150,90,12,102,252
10/01/2014,PIE,FL,ASO,ES,Towers with Radar,7,5,112,17,141,0,0,58,25,83,7,5,170,42,224,81,52,133,357
10/02/2014,PIE,FL,ASO,ES,Towers with Radar,33,14,68,12,127,0,1,76,20,97,33,15,144,32,224,106,48,154,378
10/03/2014,PIE,FL,ASO,ES,Towers with Radar,33,3,75,15,126,0,0,103,19,122,33,3,178,34,248,108,26,134,382
10/04/2014,PIE,FL,ASO,ES,Towers with Radar,3,8,60,10,81,0,0,42,4,46,3,8,102,14,127,6,0,6,133
10/05/2014,PIE,FL,ASO,ES,Towers with Radar,34,8,51,6,99,0,0,84,4,88,34,8,135,10,187,92,0,92,279
10/06/2014,PIE,FL,ASO,ES,Towers with Radar,29,4,77,28,138,0,0,98,29,127,29,4,175,57,265,141,16,157,422
10/07/2014,PIE,FL,ASO,ES,Towers with Radar,7,5,68,23,103,0,2,111,22,135,7,7,179,45,238,138,2,140,378
10/08/2014,PIE,FL,ASO,ES,Towers with Radar,8,5,64,11,88,0,0,68,29,97,8,5,132,40,185,168,28,196,381
10/09/2014,PIE,FL,ASO,ES,Towers with Radar,29,10,74,12,125,0,0,104,18,122,29,10,178,30,247,134,2,136,383
10/10/2014,PIE,FL,ASO,ES,Towers with Radar,28,7,60,12,107,0,2,102,18,122,28,9,162,30,229,162,18,180,409
10/11/2014,PIE,FL,ASO,ES,Towers with Radar,8,1,45,3,57,0,0,86,0,86,8,1,131,3,143,128,0,128,271
10/12/2014,PIE,FL,ASO,ES,Towers with Radar,34,11,51,4,100,0,1,72,1,74,34,12,123,5,174,148,0,148,322
10/13/2014,PIE,FL,ASO,ES,Towers with Radar,29,10,64,7,110,0,0,88,5,93,29,10,152,12,203,80,4,84,287
10/14/2014,PIE,FL,ASO,ES,Towers with Radar,9,4,41,9,63,0,0,22,23,45,9,4,63,32,108,16,44,60,168
10/15/2014,PIE,FL,ASO,ES,Towers with Radar,8,8,66,15,97,0,0,87,40,127,8,8,153,55,224,194,26,220,444
10/16/2014,PIE,FL,ASO,ES,Towers with Radar,33,10,81,11,135,1,0,131,38,170,34,10,212,49,305,177,32,209,514
10/17/2014,PIE,FL,ASO,ES,Towers with Radar,31,11,55,13,110,0,1,117,19,137,31,12,172,32,247,171,24,195,442
10/18/2014,PIE,FL,ASO,ES,Towers with Radar,8,6,50,15,79,0,0,101,15,116,8,6,151,30,195,86,4,90,285
10/19/2014,PIE,FL,ASO,ES,Towers with Radar,33,9,54,4,100,0,3,77,2,82,33,12,131,6,182,150,0,150,332
10/20/2014,PIE,FL,ASO,ES,Towers with Radar,29,7,44,12,92,0,3,117,17,137,29,10,161,29,229,156,12,168,397
10/21/2014,PIE,FL,ASO,ES,Towers with Radar,9,0,43,21,73,0,2,86,21,109,9,2,129,42,182,136,28,164,346
10/22/2014,PIE,FL,ASO,ES,Towers with Radar,8,5,74,10,97,0,0,120,25,145,8,5,194,35,242,199,6,205,447
10/23/2014,PIE,FL,ASO,ES,Towers with Radar,31,7,72,31,141,0,1,122,19,142,31,8,194,50,283,230,12,242,525
10/24/2014,PIE,FL,ASO,ES,Towers with Radar,31,9,77,5,122,0,0,105,14,119,31,9,182,19,241,164,11,175,416
10/25/2014,PIE,FL,ASO,ES,Towers with Radar,8,13,59,12,92,0,0,94,14,108,8,13,153,26,200,82,35,117,317
10/26/2014,PIE,FL,ASO,ES,Towers with Radar,32,11,74,8,125,0,0,72,4,76,32,11,146,12,201,140,4,144,345
10/27/2014,PIE,FL,ASO,ES,Towers with Radar,31,9,73,16,129,0,0,98,30,128,31,9,171,46,257,194,30,224,481
10/28/2014,PIE,FL,ASO,ES,Towers with Radar,9,12,77,10,108,0,2,105,27,134,9,14,182,37,242,114,28,142,384
10/29/2014,PIE,FL,ASO,ES,Towers with Radar,7,4,66,20,97,0,0,96,31,127,7,4,162,51,224,173,18,191,415
10/30/2014,PIE,FL,ASO,ES,Towers with Radar,30,9,63,22,124,0,1,80,26,107,30,10,143,48,231,168,38,206,437
10/31/2014,PIE,FL,ASO,ES,Towers with Radar,33,9,52,4,98,0,1,95,9,105,33,10,147,13,203,65,0,65,268
11/01/2014,PIE,FL,ASO,ES,Towers with Radar,12,5,33,2,52,0,0,19,2,21,12,5,52,4,73,38,2,40,113
11/02/2014,PIE,FL,ASO,ES,Towers with Radar,28,15,63,7,113,0,1,72,3,76,28,16,135,10,189,100,0,100,289
11/03/2014,PIE,FL,ASO,ES,Towers with Radar,33,10,51,23,117,0,0,103,24,127,33,10,154,47,244,194,50,244,488
11/04/2014,PIE,FL,ASO,ES,Towers with Radar,13,6,51,13,83,0,0,80,24,104,13,6,131,37,187,116,44,160,347
11/05/2014,PIE,FL,ASO,ES,Towers with Radar,7,7,49,20,83,0,1,101,14,116,7,8,150,34,199,160,20,180,379
11/06/2014,PIE,FL,ASO,ES,Towers with Radar,29,9,68,16,122,0,4,77,10,91,29,13,145,26,213,128,4,132,345
11/07/2014,PIE,FL,ASO,ES,Towers with Radar,32,7,62,6,107,0,0,97,16,113,32,7,159,22,220,118,14,132,352
11/08/2014,PIE,FL,ASO,ES,Towers with Radar,15,1,33,0,49,0,0,75,5,80,15,1,108,5,129,150,0,150,279
11/09/2014,PIE,FL,ASO,ES,Towers with Radar,32,9,53,2,96,0,0,45,6,51,32,9,98,8,147,63,0,63,210
11/10/2014,PIE,FL,ASO,ES,Towers with Radar,35,8,72,10,125,0,1,80,19,100,35,9,152,29,225,112,16,128,353
11/11/2014,PIE,FL,ASO,ES,Towers with Radar,12,5,68,0,85,0,1,104,10,115,12,6,172,10,200,102,0,102,302
11/12/2014,PIE,FL,ASO,ES,Towers with Radar,8,7,61,26,102,0,3,93,41,137,8,10,154,67,239,158,56,214,453
11/13/2014,PIE,FL,ASO,ES,Towers with Radar,33,6,71,21,131,0,2,76,33,111,33,8,147,54,242,158,8,166,408
11/14/2014,PIE,FL,ASO,ES,Towers with Radar,37,5,72,18,132,0,1,60,19,80,37,6,132,37,212,66,2,68,280
11/15/2014,PIE,FL,ASO,ES,Towers with Radar,13,5,46,10,74,0,2,117,13,132,13,7,163,23,206,156,0,156,362
11/16/2014,PIE,FL,ASO,ES,Towers with Radar,35,2,44,10,91,0,0,99,3,102,35,2,143,13,193,160,0,160,353
11/17/2014,PIE,FL,ASO,ES,Towers with Radar,35,12,37,21,105,0,0,13,4,17,35,12,50,25,122,12,10,22,144
11/18/2014,PIE,FL,ASO,ES,Towers with Radar,13,4,59,19,95,0,0,51,29,80,13,4,110,48,175,110,12,122,297
11/19/2014,PIE,FL,ASO,ES,Towers with Radar,16,1,75,10,102,0,1,119,25,145,16,2,194,35,247,142,6,148,395
11/20/2014,PIE,FL,ASO,ES,Towers with Radar,32,4,67,15,118,0,1,102,36,139,32,5,169,51,257,160,44,204,461
11/21/2014,PIE,FL,ASO,ES,Towers with Radar,39,5,74,5,123,0,0,68,19,87,39,5,142,24,210,89,6,95,305
11/22/2014,PIE,FL,ASO,ES,Towers with Radar,15,10,44,8,77,0,0,25,4,29,15,10,69,12,106,140,0,140,246
11/23/2014,PIE,FL,ASO,ES,Towers with Radar,36,4,35,8,83,0,0,20,1,21,36,4,55,9,104,40,0,40,144
11/24/2014,PIE,FL,ASO,ES,Towers with Radar,31,6,72,17,126,0,0,43,21,64,31,6,115,38,190,122,34,156,346
11/25/2014,PIE,FL,ASO,ES,Towers with Radar,23,8,38,4,73,0,0,0,0,0,23,8,38,4,73,0,0,0,73
11/26/2014,PIE,FL,ASO,ES,Towers with Radar,39,8,62,11,120,0,0,33,16,49,39,8,95,27,169,41,10,51,220
11/27/2014,PIE,FL,ASO,ES,Towers with Radar,9,5,17,0,31,0,0,19,0,19,9,5,36,0,50,6,0,6,56
11/28/2014,PIE,FL,ASO,ES,Towers with Radar,26,10,23,1,60,0,0,78,6,84,26,10,101,7,144,38,0,38,182
11/29/2014,PIE,FL,ASO,ES,Towers with Radar,34,14,38,3,89,0,2,103,3,108,34,16,141,6,197,84,0,84,281
11/30/2014,PIE,FL,ASO,ES,Towers with Radar,37,17,57,6,117,0,0,78,1,79,37,17,135,7,196,122,0,122,318
12/01/2014,PIE,FL,ASO,ES,Towers with Radar,32,8,43,3,86,0,2,84,34,120,32,10,127,37,206,138,52,190,396
12/02/2014,PIE,FL,ASO,ES,Towers with Radar,18,12,71,14,115,0,0,106,20,126,18,12,177,34,241,168,12,180,421
12/03/2014,PIE,FL,ASO,ES,Towers with Radar,8,11,52,9,80,0,9,86,34,129,8,20,138,43,209,164,62,226,435
12/04/2014,PIE,FL,ASO,ES,Towers with Radar,33,9,72,16,130,0,7,109,31,147,33,16,181,47,277,194,48,242,519
12/05/2014,PIE,FL,ASO,ES,Towers with Radar,31,11,48,19,109,0,1,65,16,82,31,12,113,35,191,180,8,188,379
12/06/2014,PIE,FL,ASO,ES,Towers with Radar,22,6,46,21,95,0,2,62,1,65,22,8,108,22,160,90,0,90,250
12/07/2014,PIE,FL,ASO,ES,Towers with Radar,30,3,51,14,98,0,0,1,1,2,30,3,52,15,100,0,0,0,100
12/08/2014,PIE,FL,ASO,ES,Towers with Radar,30,7,81,6,124,0,0,0,4,4,30,7,81,10,128,0,0,0,128
12/09/2014,PIE,FL,ASO,ES,Towers with Radar,11,6,54,8,79,0,2,47,26,75,11,8,101,34,154,128,34,162,316
12/10/2014,PIE,FL,ASO,ES,Towers with Radar,9,9,53,6,77,0,0,106,21,127,9,9,159,27,204,238,4,242,446
12/11/2014,PIE,FL,ASO,ES,Towers with Radar,32,13,82,12,139,0,4,140,29,173,32,17,222,41,312,186,21,207,519
12/12/2014,PIE,FL,ASO,ES,Towers with Radar,31,3,51,13,98,0,0,96,30,126,31,3,147,43,224,248,32,280,504
12/13/2014,PIE,FL,ASO,ES,Towers with Radar,23,6,32,7,68,0,0,112,23,135,23,6,144,30,203,206,14,220,423
12/14/2014,PIE,FL,ASO,ES,Towers with Radar,30,4,37,17,88,0,1,108,9,118,30,5,145,26,206,82,6,88,294
12/15/2014,PIE,FL,ASO,ES,Towers with Radar,34,9,55,14,112,0,1,76,15,92,34,10,131,29,204,126,12,138,342
12/16/2014,PIE,FL,ASO,ES,Towers with Radar,16,5,59,10,90,0,0,73,20,93,16,5,132,30,183,114,42,156,339
12/17/2014,PIE,FL,ASO,ES,Towers with Radar,12,6,60,9,87,0,1,92,21,114,12,7,152,30,201,140,40,180,381
12/18/2014,PIE,FL,ASO,ES,Towers with Radar,40,5,48,14,107,0,0,102,18,120,40,5,150,32,227,148,2,150,377
12/19/2014,PIE,FL,ASO,ES,Towers with Radar,44,11,58,6,119,0,1,102,1,104,44,12,160,7,223,226,0,226,449
12/20/2014,PIE,FL,ASO,ES,Towers with Radar,24,1,46,7,78,0,3,114,3,120,24,4,160,10,198,178,0,178,376
12/21/2014,PIE,FL,ASO,ES,Towers with Radar,41,7,24,5,77,0,0,50,4,54,41,7,74,9,131,92,0,92,223
12/22/2014,PIE,FL,ASO,ES,Towers with Radar,49,11,41,6,107,0,0,41,3,44,49,11,82,9,151,66,26,92,243
12/23/2014,PIE,FL,ASO,ES,Towers with Radar,32,9,49,9,99,0,2,34,5,41,32,11,83,14,140,64,4,68,208
12/24/2014,PIE,FL,ASO,ES,Towers with Radar,44,9,24,0,77,0,0,9,4,13,44,9,33,4,90,44,0,44,134
12/25/2014,PIE,FL,ASO,ES,Towers with Radar,25,4,17,0,46,0,0,15,0,15,25,4,32,0,61,10,0,10,71
12/26/2014,PIE,FL,ASO,ES,Towers with Radar,40,16,54,0,110,0,0,71,0,71,40,16,125,0,181,92,0,92,273
12/27/2014,PIE,FL,ASO,ES,Towers with Radar,34,2,50,0,86,0,0,76,0,76,34,2,126,0,162,102,0,102,264
12/28/2014,PIE,FL,ASO,ES,Towers with Radar,36,3,33,3,75,0,2,58,6,66,36,5,91,9,141,114,0,114,255
12/29/2014,PIE,FL,ASO,ES,Towers with Radar,39,14,30,1,84,0,0,79,5,84,39,14,109,6,168,82,0,82,250
12/30/2014,PIE,FL,ASO,ES,Towers with Radar,33,10,61,3,107,0,0,2,1,3,33,10,63,4,110,0,6,6,116
12/31/2014,PIE,FL,ASO,ES,Towers with Radar,38,7,52,2,99,0,0,15,0,15,38,7,67,2,114,62,0,62,176
01/01/2015,PIE,FL,ASO,ES,Towers with Radar,23,8,19,4,54,0,0,17,1,18,23,8,36,5,72,88,0,88,160
01/02/2015,PIE,FL,ASO,ES,Towers with Radar,46,20,47,9,122,0,0,30,0,30,46,20,77,9,152,40,0,40,192
01/03/2015,PIE,FL,ASO,ES,Towers with Radar,40,11,67,1,119,0,0,77,2,79,40,11,144,3,198,52,1,53,251
01/04/2015,PIE,FL,ASO,ES,Towers with Radar,33,8,50,3,94,0,0,50,2,52,33,8,100,5,146,46,0,46,192
01/05/2015,PIE,FL,ASO,ES,Towers with Radar,35,8,69,5,117,0,0,56,2,58,35,8,125,7,175,144,4,148,323
01/06/2015,PIE,FL,ASO,ES,Towers with Radar,11,7,55,9,82,0,0,78,10,88,11,7,133,19,170,108,6,114,284
01/07/2015,PIE,FL,ASO,ES,Towers with Radar,14,11,59,29,113,0,2,80,20,102,14,13,139,49,215,182,24,206,421
01/08/2015,PIE,FL,ASO,ES,Towers with Radar,30,2,51,10,93,0,0,33,14,47,30,2,84,24,140,50,30,80,220
01/09/2015,PIE,FL,ASO,ES,Towers with Radar,38,7,70,14,129,0,0,53,20,73,38,7,123,34,202,136,0,136,338
01/10/2015,PIE,FL,ASO,ES,Towers with Radar,12,8,41,10,71,0,0,82,22,104,12,8,123,32,175,179,16,195,370
01/11/2015,PIE,FL,ASO,ES,Towers with Radar,28,4,54,7,93,0,2,88,10,100,28,6,142,17,193,108,4,112,305
01/12/2015,PIE,FL,ASO,ES,Towers with Radar,30,6,54,43,133,0,0,6,9,15,30,6,60,52,148,2,30,32,180
01/13/2015,PIE,FL,ASO,ES,Towers with Radar,12,3,79,17,111,0,0,89,20,109,12,3,168,37,220,112,12,124,344
01/14/2015,PIE,FL,ASO,ES,Towers with Radar,14,2,78,12,106,0,0,24,10,34,14,2,102,22,140,76,16,92,232
01/15/2015,PIE,FL,ASO,ES,Towers with Radar,32,4,49,24,109,0,0,0,0,0,32,4,49,24,109,0,0,0,109
01/16/2015,PIE,FL,ASO,ES,Towers with Radar,36,9,68,12,125,0,2,53,11,66,36,11,121,23,191,118,44,162,353
01/17/2015,PIE,FL,ASO,ES,Towers with Radar,15,3,42,4,64,0,4,100,3,107,15,7,142,7,171,142,0,142,313
01/18/2015,PIE,FL,ASO,ES,Towers with Radar,30,10,40,3,83,0,3,94,9,106,30,13,134,12,189,240,4,244,433
01/19/2015,PIE,FL,ASO,ES,Towers with Radar,35,4,55,2,96,0,0,99,4,103,35,4,154,6,199,190,4,194,393
01/20/2015,PIE,FL,ASO,ES,Towers with Radar,10,9,61,10,90,0,0,63,32,95,10,9,124,42,185,80,44,124,309
01/21/2015,PIE,FL,ASO,ES,Towers with Radar,12,4,86,14,116,0,5,95,18,118,12,9,181,32,234,228,18,246,480
01/22/2015,PIE,FL,ASO,ES,Towers with Radar,29,11,64,12,116,0,1,90,35,126,29,12,154,47,242,168,24,192,434
01/23/2015,PIE,FL,ASO,ES,Towers with Radar,39,6,44,11,100,0,0,53,32,85,39,6,97,43,185,32,62,94,279
01/24/2015,PIE,FL,ASO,ES,Towers with Radar,15,7,32,3,57,0,0,7,5,12,15,7,39,8,69,0,10,10,79
01/25/2015,PIE,FL,ASO,ES,Towers with Radar,32,3,35,5,75,0,0,122,1,123,32,3,157,6,198,144,0,144,342
01/26/2015,PIE,FL,ASO,ES,Towers with Radar,35,5,46,14,100,0,0,41,6,47,35,5,87,20,147,18,22,40,187
01/27/2015,PIE,FL,ASO,ES,Towers with Radar,8,13,53,19,93,0,2,79,11,92,8,15,132,30,185,100,11,111,296
01/28/2015,PIE,FL,ASO,ES,Towers with Radar,12,10,78,8,108,0,2,92,27,121,12,12,170,35,229,116,36,152,381
01/29/2015,PIE,FL,ASO,ES,Towers with Radar,30,8,83,22,143,0,0,127,29,156,30,8,210,51,299,177,26,203,502
01/30/2015,PIE,FL,ASO,ES,Towers with Radar,34,21,50,11,116,0,1,76,17,94,34,22,126,28,210,82,5,87,297
01/31/2015,PIE,FL,ASO,ES,Towers with Radar,14,14,32,6,66,0,0,89,6,95,14,14,121,12,161,25,8,33,194
02/01/2015,PIE,FL,ASO,ES,Towers with Radar,28,7,33,6,74,0,0,58,6,64,28,7,91,12,138,68,2,70,208
02/02/2015,PIE,FL,ASO,ES,Towers with Radar,35,12,22,6,75,0,2,13,9,24,35,14,35,15,99,46,10,56,155
02/03/2015,PIE,FL,ASO,ES,Towers with Radar,9,9,47,3,68,0,0,76,17,93,9,9,123,20,161,114,42,156,317
02/04/2015,PIE,FL,ASO,ES,Towers with Radar,12,8,58,9,87,0,0,83,18,101,12,8,141,27,188,110,14,124,312
02/05/2015,PIE,FL,ASO,ES,Towers with Radar,28,6,65,20,119,0,0,25,12,37,28,6,90,32,156,50,32,82,238
02/06/2015,PIE,FL,ASO,ES,Towers with Radar,35,11,58,6,110,0,1,80,10,91,35,12,138,16,201,132,0,132,333
02/07/2015,PIE,FL,ASO,ES,Towers with Radar,18,2,68,6,94,0,0,123,2,125,18,2,191,8,219,162,26,188,407
02/08/2015,PIE,FL,ASO,ES,Towers with Radar,30,9,19,10,68,0,2,92,5,99,30,11,111,15,167,138,0,138,305
02/09/2015,PIE,FL,ASO,ES,Towers with Radar,33,7,38,3,81,0,0,21,1,22,33,7,59,4,103,30,0,30,133
02/10/2015,PIE,FL,ASO,ES,Towers with Radar,14,12,89,17,132,0,0,36,27,63,14,12,125,44,195,92,40,132,327
02/11/2015,PIE,FL,ASO,ES,Towers with Radar,20,13,67,18,118,0,0,111,15,126,20,13,178,33,244,202,16,218,462
02/12/2015,PIE,FL,ASO,ES,Towers with Radar,40,15,73,32,160,1,0,84,22,107,41,15,157,54,267,156,24,180,447
02/13/2015,PIE,FL,ASO,ES,Towers with Radar,42,15,79,18,154,0,0,69,11,80,42,15,148,29,234,138,6,144,378
02/14/2015,PIE,FL,ASO,ES,Towers with Radar,30,9,39,0,78,0,2,93,3,98,30,11,132,3,176,162,0,162,338
02/15/2015,PIE,FL,ASO,ES,Towers with Radar,34,5,41,5,85,0,0,63,1,64,34,5,104,6,149,46,0,46,195
02/16/2015,PIE,FL,ASO,ES,Towers with Radar,38,3,60,7,108,0,0,80,5,85,38,3,140,12,193,76,0,76,269
02/17/2015,PIE,FL,ASO,ES,Towers with Radar,15,4,36,67,122,0,1,24,20,45,15,5,60,87,167,26,16,42,209
02/18/2015,PIE,FL,ASO,ES,Towers with Radar,22,9,76,10,117,0,0,70,25,95,22,9,146,35,212,36,62,98,310
02/19/2015,PIE,FL,ASO,ES,Towers with Radar,38,7,62,16,123,0,0,53,24,77,38,7,115,40,200,58,46,104,304
02/20/2015,PIE,FL,ASO,ES,Towers with Radar,40,15,66,15,136,0,1,78,23,102,40,16,144,38,238,134,23,157,395
02/21/2015,PIE,FL,ASO,ES,Towers with Radar,29,5,36,14,84,0,4,104,5,113,29,9,140,19,197,114,44,158,355
02/22/2015,PIE,FL,ASO,ES,Towers with Radar,38,9,63,20,130,0,0,97,8,105,38,9,160,28,235,104,8,112,347
02/23/2015,PIE,FL,ASO,ES,Towers with Radar,42,6,67,33,148,0,0,17,10,27,42,6,84,43,175,44,0,44,219
02/24/2015,PIE,FL,ASO,ES,Towers with Radar,12,8,71,22,113,0,0,5,3,8,12,8,76,25,121,0,30,30,151
02/25/2015,PIE,FL,ASO,ES,Towers with Radar,22,9,45,2,78,0,0,9,5,14,22,9,54,7,92,4,8,12,104
02/26/2015,PIE,FL,ASO,ES,Towers with Radar,38,7,64,22,131,0,0,54,26,80,38,7,118,48,211,164,18,182,393
02/27/2015,PIE,FL,ASO,ES,Towers with Radar,46,11,80,16,153,0,1,50,13,64,46,12,130,29,217,128,34,162,379
02/28/2015,PIE,FL,ASO,ES,Towers with Radar,30,6,22,9,67,0,0,2,0,2,30,6,24,9,69,0,0,0,69
03/01/2015,PIE,FL,ASO,ES,Towers with Radar,37,10,59,9,115,0,0,43,2,45,37,10,102,11,160,46,0,46,206
03/02/2015,PIE,FL,ASO,ES,Towers with Radar,45,22,99,21,187,0,1,71,28,100,45,23,170,49,287,110,64,174,461
03/03/2015,PIE,FL,ASO,ES,Towers with Radar,15,14,78,38,145,0,2,94,16,112,15,16,172,54,257,134,6,140,397
03/04/2015,PIE,FL,ASO,ES,Towers with Radar,21,7,76,27,131,0,5,80,38,123,21,12,156,65,254,136,18,154,408
03/05/2015,PIE,FL,ASO,ES,Towers with Radar,39,4,69,12,124,0,0,37,15,52,39,4,106,27,176,74,0,74,250
03/06/2015,PIE,FL,ASO,ES,Towers with Radar,46,13,72,15,146,0,0,7,1,8,46,13,79,16,154,0,0,0,154
03/07/2015,PIE,FL,ASO,ES,Towers with Radar,39,12,57,13,121,0,0,36,8,44,39,12,93,21,165,96,12,108,273
03/08/2015,PIE,FL,ASO,ES,Towers with Radar,43,18,41,7,109,0,0,76,10,86,43,18,117,17,195,120,8,128,323
03/09/2015,PIE,FL,ASO,ES,Towers with Radar,45,18,43,29,135,0,0,95,17,112,45,18,138,46,247,114,12,126,373
03/10/2015,PIE,FL,ASO,ES,Towers with Radar,16,16,73,22,127,0,2,80,24,106,16,18,153,46,233,96,20,116,349
03/11/2015,PIE,FL,ASO,ES,Towers with Radar,29,11,70,16,126,0,0,67,20,87,29,11,137,36,213,176,20,196,409
03/12/2015,PIE,FL,ASO,ES,Towers with Radar,42,17,68,23,150,0,2,46,28,76,42,19,114,51,226,54,66,120,346
03/13/2015,PIE,FL,ASO,ES,Towers with Radar,46,14,49,35,144,0,2,77,29,108,46,16,126,64,252,82,36,118,370
03/14/2015,PIE,FL,ASO,ES,Towers with Radar,41,11,59,7,118,0,2,111,28,141,41,13,170,35,259,132,0,132,391
03/15/2015,PIE,FL,ASO,ES,Towers with Radar,42,26,52,4,124,0,0,48,2,50,42,26,100,6,174,68,0,68,242
03/16/2015,PIE,FL,ASO,ES,Towers with Radar,44,8,64,25,141,0,2,66,52,120,44,10,130,77,261,174,58,232,493
03/17/2015,PIE,FL,ASO,ES,Towers with Radar,18,13,46,11,88,0,2,60,15,77,18,15,106,26,165,121,18,139,304
03/18/2015,PIE,FL,ASO,ES,Towers with Radar,26,11,71,18,126,0,8,76,40,124,26,19,147,58,250,132,38,170,420
03/19/2015,PIE,FL,ASO,ES,Towers with Radar,44,8,78,22,152,0,1,72,34,107,44,9,150,56,259,134,58,192,451
03/20/2015,PIE,FL,ASO,ES,Towers with Radar,49,16,47,29,141,0,0,54,18,72,49,16,101,47,213,62,60,122,335
03/21/2015,PIE,FL,ASO,ES,Towers with Radar,42,9,68,6,125,0,4,106,2,112,42,13,174,8,237,162,2,164,401
03/22/2015,PIE,FL,ASO,ES,Towers with Radar,38,14,52,29,133,0,0,31,6,37,38,14,83,35,170,32,2,34,204
03/23/2015,PIE,FL,ASO,ES,Towers with Radar,47,15,52,11,125,0,0,24,14,38,47,15,76,25,163,76,38,114,277
03/24/2015,PIE,FL,ASO,ES,Towers with Radar,14,7,76,26,123,0,0,31,22,53,14,7,107,48,176,52,22,74,250
03/25/2015,PIE,FL,ASO,ES,Towers with Radar,33,3,86,12,134,0,2,63,37,102,33,5,149,49,236,122,30,152,388
03/26/2015,PIE,FL,ASO,ES,Towers with Radar,43,18,73,6,140,0,0,57,26,83,43,18,130,32,223,84,18,102,325
03/27/2015,PIE,FL,ASO,ES,Towers with Radar,48,10,53,14,125,0,0,27,20,47,48,10,80,34,172,6,28,34,206
03/28/2015,PIE,FL,ASO,ES,Towers with Radar,44,17,57,10,128,0,3,98,15,116,44,20,155,25,244,78,8,86,330
03/29/2015,PIE,FL,ASO,ES,Towers with Radar,43,27,89,8,167,0,0,96,8,104,43,27,185,16,271,208,2,210,481
03/30/2015,PIE,FL,ASO,ES,Towers with Radar,46,14,48,31,139,0,2,113,24,139,46,16,161,55,278,112,14,126,404
03/31/2015,PIE,FL,ASO,ES,Towers with Radar,16,7,72,8,103,0,1,68,26,95,16,8,140,34,198,126,42,168,366
04/01/2015,PIE,FL,ASO,ES,Towers with Radar,35,14,44,13,106,0,3,81,24,108,35,17,125,37,214,148,70,218,432
04/02/2015,PIE,FL,ASO,ES,Towers with Radar,41,7,41,14,103,0,0,89,20,109,41,7,130,34,212,100,2,102,314
04/03/2015,PIE,FL,ASO,ES,Towers with Radar,46,8,58,4,116,0,1,75,3,79,46,9,133,7,195,116,0,116,311
04/04/2015,PIE,FL,ASO,ES,Towers with Radar,51,11,40,3,105,0,0,84,3,87,51,11,124,6,192,116,0,116,308
04/05/2015,PIE,FL,ASO,ES,Towers with Radar,42,8,29,7,86,0,0,39,0,39,42,8,68,7,125,30,1,31,156
04/06/2015,PIE,FL,ASO,ES,Towers with Radar,45,1,54,16,116,0,0,82,16,98,45,1,136,32,214,56,14,70,284
04/07/2015,PIE,FL,ASO,ES,Towers with Radar,14,5,46,9,74,0,1,54,28,83,14,6,100,37,157,68,32,100,257
04/08/2015,PIE,FL,ASO,ES,Towers with Radar,30,6,53,13,102,0,0,88,39,127,30,6,141,52,229,214,68,282,511
04/09/2015,PIE,FL,ASO,ES,Towers with Radar,42,17,43,12,114,0,0,84,43,127,42,17,127,55,241,116,16,132,373
04/10/2015,PIE,FL,ASO,ES,Towers with Radar,47,10,60,9,126,0,0,88,15,103,47,10,148,24,229,98,16,114,343
04/11/2015,PIE,FL,ASO,ES,Towers with Radar,46,9,30,4,89,0,0,90,11,101,46,9,120,15,190,112,8,120,310
04/12/2015,PIE,FL,ASO,ES,Towers with Radar,37,5,54,12,108,0,0,71,2,73,37,5,125,14,181,130,4,134,315
04/13/2015,PIE,FL,ASO,ES,Towers with Radar,46,4,44,14,108,0,0,56,35,91,46,4,100,49,199,146,42,188,387
04/14/2015,PIE,FL,ASO,ES,Towers with Radar,19,13,68,12,112,0,0,75,22,97,19,13,143,34,209,116,16,132,341
04/15/2015,PIE,FL,ASO,ES,Towers with Radar,16,15,47,9,87,0,2,94,24,120,16,17,141,33,207,136,46,182,389
04/16/2015,PIE,FL,ASO,ES,Towers with Radar,37,13,58,9,117,0,0,90,14,104,37,13,148,23,221,126,18,144,365
04/17/2015,PIE,FL,ASO,ES,Towers with Radar,44,13,71,9,137,0,0,88,22,110,44,13,159,31,247,92,30,122,369
04/18/2015,PIE,FL,ASO,ES,Towers with Radar,28,9,38,3,78,0,0,54,8,62,28,9,92,11,140,126,0,126,266
04/19/2015,PIE,FL,ASO,ES,Towers with Radar,46,11,52,15,124,0,2,45,2,49,46,13,97,17,173,22,8,30,203
04/20/2015,PIE,FL,ASO,ES,Towers with Radar,44,9,45,11,109,0,0,42,18,60,44,9,87,29,169,83,30,113,282
04/21/2015,PIE,FL,ASO,ES,Towers with Radar,13,4,62,14,93,0,0,83,15,98,13,4,145,29,191,120,8,128,319
04/22/2015,PIE,FL,ASO,ES,Towers with Radar,16,11,39,9,75,0,2,74,27,103,16,13,113,36,178,172,38,210,388
04/23/2015,PIE,FL,ASO,ES,Towers with Radar,39,4,55,12,110,0,2,46,5,53,39,6,101,17,163,96,18,114,277
04/24/2015,PIE,FL,ASO,ES,Towers with Radar,41,13,38,14,106,0,1,83,10,94,41,14,121,24,200,176,0,176,376
04/25/2015,PIE,FL,ASO,ES,Towers with Radar,19,1,28,4,52,0,1,64,3,68,19,2,92,7,120,128,0,128,248
04/26/2015,PIE,FL,ASO,ES,Towers with Radar,39,6,52,5,102,0,0,40,3,43,39,6,92,8,145,28,0,28,173
04/27/2015,PIE,FL,ASO,ES,Towers with Radar,44,5,51,13,113,0,0,56,22,78,44,5,107,35,191,107,58,165,356
04/28/2015,PIE,FL,ASO,ES,Towers with Radar,12,6,33,8,59,0,0,21,8,29,12,6,54,16,88,42,0,42,130
04/29/2015,PIE,FL,ASO,ES,Towers with Radar,15,11,41,10,77,0,1,54,26,81,15,12,95,36,158,126,8,134,292
04/30/2015,PIE,FL,ASO,ES,Towers with Radar,41,15,90,16,162,0,0,77,18,95,41,15,167,34,257,160,46,206,463
05/01/2015,PIE,FL,ASO,ES,Towers with Radar,48,10,61,12,131,0,3,72,6,81,48,13,133,18,212,108,2,110,322
05/02/2015,PIE,FL,ASO,ES,Towers with Radar,19,10,65,5,99,0,0,89,2,91,19,10,154,7,190,174,0,174,364
05/03/2015,PIE,FL,ASO,ES,Towers with Radar,43,13,42,7,105,0,0,90,1,91,43,13,132,8,196,106,0,106,302
05/04/2015,PIE,FL,ASO,ES,Towers with Radar,42,6,59,18,125,0,0,79,13,92,42,6,138,31,217,82,40,122,339
05/05/2015,PIE,FL,ASO,ES,Towers with Radar,17,12,52,14,95,0,1,76,23,100,17,13,128,37,195,134,14,148,343
05/06/2015,PIE,FL,ASO,ES,Towers with Radar,18,4,73,10,105,0,0,73,19,92,18,4,146,29,197,116,52,168,365
05/07/2015,PIE,FL,ASO,ES,Towers with Radar,41,6,60,22,129,0,1,84,23,108,41,7,144,45,237,176,32,208,445
05/08/2015,PIE,FL,ASO,ES,Towers with Radar,43,10,53,8,114,0,6,95,12,113,43,16,148,20,227,210,0,210,437
05/09/2015,PIE,FL,ASO,ES,Towers with Radar,15,8,49,2,74,0,1,72,2,75,15,9,121,4,149,142,0,142,291
05/10/2015,PIE,FL,ASO,ES,Towers with Radar,41,10,43,5,99,0,1,50,5,56,41,11,93,10,155,128,0,128,283
05/11/2015,PIE,FL,ASO,ES,Towers with Radar,41,11,47,10,109,0,2,71,21,94,41,13,118,31,203,108,22,130,333
05/12/2015,PIE,FL,ASO,ES,Towers with Radar,17,11,71,15,114,0,0,68,14,82,17,11,139,29,196,82,4,86,282
05/13/2015,PIE,FL,ASO,ES,Towers with Radar,20,14,58,9,101,0,2,70,25,97,20,16,128,34,198,68,36,104,302
05/14/2015,PIE,FL,ASO,ES,Towers with Radar,40,14,56,8,118,0,2,63,29,94,40,16,119,37,212,124,26,150,362
05/15/2015,PIE,FL,ASO,ES,Towers with Radar,44,12,56,6,118,0,3,62,20,85,44,15,118,26,203,110,6,116,319
05/16/2015,PIE,FL,ASO,ES,Towers with Radar,15,8,47,5,75,0,2,58,6,66,15,10,105,11,141,76,0,76,217
05/17/2015,PIE,FL,ASO,ES,Towers with Radar,40,8,53,8,109,0,0,76,10,86,40,8,129,18,195,100,2,102,297
05/18/2015,PIE,FL,ASO,ES,Towers with Radar,46,3,42,6,97,0,0,85,17,102,46,3,127,23,199,134,8,142,341
05/19/2015,PIE,FL,ASO,ES,Towers with Radar,18,13,34,17,82,0,0,62,11,73,18,13,96,28,155,176,14,190,345
05/20/2015,PIE,FL,ASO,ES,Towers with Radar,15,4,37,34,90,0,2,66,31,99,15,6,103,65,189,90,26,116,305
05/21/2015,PIE,FL,ASO,ES,Towers with Radar,44,13,64,11,132,0,0,53,29,82,44,13,117,40,214,104,14,118,332
05/22/2015,PIE,FL,ASO,ES,Towers with Radar,44,5,61,3,113,0,0,69,14,83,44,5,130,17,196,162,14,176,372
05/23/2015,PIE,FL,ASO,ES,Towers with Radar,23,4,41,1,69,0,0,56,5,61,23,4,97,6,130,116,6,122,252
05/24/2015,PIE,FL,ASO,ES,Towers with Radar,42,3,24,1,70,0,0,27,9,36,42,3,51,10,106,102,0,102,208
05/25/2015,PIE,FL,ASO,ES,Towers with Radar,44,4,42,4,94,0,0,57,2,59,44,4,99,6,153,124,0,124,277
05/26/2015,PIE,FL,ASO,ES,Towers with Radar,18,7,53,11,89,0,0,78,7,85,18,7,131,18,174,106,4,110,284
05/27/2015,PIE,FL,ASO,ES,Towers with Radar,16,3,73,17,109,0,2,96,22,120,16,5,169,39,229,104,50,154,383
05/28/2015,PIE,FL,ASO,ES,Towers with Radar,44,8,49,8,109,0,1,63,26,90,44,9,112,34,199,132,26,158,357
05/29/2015,PIE,FL,ASO,ES,Towers with Radar,45,10,47,5,107,0,1,76,8,85,45,11,123,13,192,172,9,181,373
05/30/2015,PIE,FL,ASO,ES,Towers with Radar,23,4,37,2,66,0,0,50,2,52,23,4,87,4,118,101,0,101,219
05/31/2015,PIE,FL,ASO,ES,Towers with Radar,43,5,43,5,96,0,0,44,1,45,43,5,87,6,141,44,4,48,189
06/01/2015,PIE,FL,ASO,ES,Towers with Radar,47,4,41,14,106,0,0,59,17,76,47,4,100,31,182,90,18,108,290
06/02/2015,PIE,FL,ASO,ES,Towers with Radar,14,2,39,4,59,0,2,15,7,24,14,4,54,11,83,8,4,12,95
06/03/2015,PIE,FL,ASO,ES,Towers with Radar,19,7,50,21,97,0,2,50,37,89,19,9,100,58,186,112,62,174,360
06/04/2015,PIE,FL,ASO,ES,Towers with Radar,38,2,67,20,127,0,1,71,26,98,38,3,138,46,225,226,42,268,493
06/05/2015,PIE,FL,ASO,ES,Towers with Radar,43,3,53,11,110,0,0,54,14,68,43,3,107,25,178,83,0,83,261
06/06/2015,PIE,FL,ASO,ES,Towers with Radar,37,8,43,4,92,0,0,70,5,75,37,8,113,9,167,143,0,143,310
06/07/2015,PIE,FL,ASO,ES,Towers with Radar,42,6,26,9,83,0,0,41,6,47,42,6,67,15,130,84,0,84,214
06/08/2015,PIE,FL,ASO,ES,Towers with Radar,42,1,36,9,88,0,0,67,19,86,42,1,103,28,174,124,42,166,340
06/09/2015,PIE,FL,ASO,ES,Towers with Radar,23,9,55,15,102,0,0,60,16,76,23,9,115,31,178,144,4,148,326
06/10/2015,PIE,FL,ASO,ES,Towers with Radar,26,4,37,11,78,0,0,26,14,40,26,4,63,25,118,84,30,114,232
06/11/2015,PIE,FL,ASO,ES,Towers with Radar,43,11,52,20,126,0,0,44,11,55,43,11,96,31,181,64,6,70,251
06/12/2015,PIE,FL,ASO,ES,Towers with Radar,47,7,44,3,101,0,2,43,10,55,47,9,87,13,156,46,6,52,208
06/13/2015,PIE,FL,ASO,ES,Towers with Radar,34,12,45,6,97,0,3,73,3,79,34,15,118,9,176,184,0,184,360
06/14/2015,PIE,FL,ASO,ES,Towers with Radar,44,4,53,5,106,0,1,49,6,56,44,5,102,11,162,42,0,42,204
06/15/2015,PIE,FL,ASO,ES,Towers with Radar,39,3,45,14,101,0,0,73,30,103,39,3,118,44,204,136,8,144,348
06/16/2015,PIE,FL,ASO,ES,Towers with Radar,25,8,43,10,86,0,0,55,25,80,25,8,98,35,166,107,34,141,307
06/17/2015,PIE,FL,ASO,ES,Towers with Radar,31,7,51,7,96,0,0,68,11,79,31,7,119,18,175,92,22,114,289
06/18/2015,PIE,FL,ASO,ES,Towers with Radar,38,13,48,15,114,0,2,64,19,85,38,15,112,34,199,80,0,80,279
06/19/2015,PIE,FL,ASO,ES,Towers with Radar,50,8,40,6,104,0,0,51,12,63,50,8,91,18,167,44,18,62,229
06/20/2015,PIE,FL,ASO,ES,Towers with Radar,39,5,39,6,89,0,0,57,2,59,39,5,96,8,148,46,0,46,194
06/21/2015,PIE,FL,ASO,ES,Towers with Radar,44,3,29,5,81,0,0,54,1,55,44,3,83,6,136,76,0,76,212
06/22/2015,PIE,FL,ASO,ES,Towers with Radar,43,11,50,4,108,0,0,53,26,79,43,11,103,30,187,120,0,120,307
06/23/2015,PIE,FL,ASO,ES,Towers with Radar,23,7,57,4,91,0,0,58,11,69,23,7,115,15,160,60,10,70,230
06/24/2015,PIE,FL,ASO,ES,Towers with Radar,34,11,50,12,107,0,0,61,30,91,34,11,111,42,198,84,10,94,292
06/25/2015,PIE,FL,ASO,ES,Towers with Radar,43,14,52,9,118,0,0,42,19,61,43,14,94,28,179,56,18,74,253
06/26/2015,PIE,FL,ASO,ES,Towers with Radar,49,11,49,11,120,0,0,66,12,78,49,11,115,23,198,104,10,114,312
06/27/2015,PIE,FL,ASO,ES,Towers with Radar,39,1,31,0,71,0,0,73,6,79,39,1,104,6,150,94,0,94,244
06/28/2015,PIE,FL,ASO,ES,Towers with Radar,44,7,33,3,87,0,0,67,3,70,44,7,100,6,157,96,0,96,253
06/29/2015,PIE,FL,ASO,ES,Towers with Radar,48,4,53,3,108,0,2,56,9,67,48,6,109,12,175,52,26,78,253
06/30/2015,PIE,FL,ASO,ES,Towers with Radar,21,7,39,12,79,0,0,76,23,99,21,7,115,35,178,110,14,124,302
07/01/2015,PIE,FL,ASO,ES,Towers with Radar,35,7,56,13,111,0,2,49,22,73,35,9,105,35,184,134,106,240,424
07/02/2015,PIE,FL,ASO,ES,Towers with Radar,45,4,46,5,100,0,1,42,16,59,45,5,88,21,159,92,16,108,267
07/03/2015,PIE,FL,ASO,ES,Towers with Radar,52,7,35,0,94,0,1,55,2,58,52,8,90,2,152,66,0,66,218
07/04/2015,PIE,FL,ASO,ES,Towers with Radar,40,3,23,0,66,0,0,46,2,48,40,3,69,2,114,44,0,44,158
07/05/2015,PIE,FL,ASO,ES,Towers with Radar,41,4,31,0,76,0,0,35,0,35,41,4,66,0,111,28,0,28,139
07/06/2015,PIE,FL,ASO,ES,Towers with Radar,50,2,37,9,98,0,0,40,15,55,50,2,77,24,153,52,32,84,237
07/07/2015,PIE,FL,ASO,ES,Towers with Radar,22,5,32,15,74,0,0,47,14,61,22,5,79,29,135,146,2,148,283
07/08/2015,PIE,FL,ASO,ES,Towers with Radar,29,11,29,5,74,0,0,67,18,85,29,11,96,23,159,72,8,80,239
07/09/2015,PIE,FL,ASO,ES,Towers with Radar,42,6,43,11,102,0,1,67,15,83,42,7,110,26,185,86,2,88,273
07/10/2015,PIE,FL,ASO,ES,Towers with Radar,48,8,39,20,115,0,0,86,12,98,48,8,125,32,213,130,0,130,343
07/11/2015,PIE,FL,ASO,ES,Towers with Radar,37,4,46,3,90,0,0,73,4,77,37,4,119,7,167,100,0,100,267
07/12/2015,PIE,FL,ASO,ES,Towers with Radar,46,7,21,2,76,0,0,31,0,31,46,7,52,2,107,44,0,44,151
07/13/2015,PIE,FL,ASO,ES,Towers with Radar,45,7,28,5,85,0,2,76,14,92,45,9,104,19,177,154,25,179,356
07/14/2015,PIE,FL,ASO,ES,Towers with Radar,23,4,36,22,85,0,0,41,8,49,23,4,77,30,134,16,4,20,154
07/15/2015,PIE,FL,ASO,ES,Towers with Radar,33,8,38,3,82,0,0,34,22,56,33,8,72,25,138,44,28,72,210
07/16/2015,PIE,FL,ASO,ES,Towers with Radar,43,7,35,13,98,0,0,16,8,24,43,7,51,21,122,0,4,4,126
07/17/2015,PIE,FL,ASO,ES,Towers with Radar,51,5,50,3,109,0,0,10,11,21,51,5,60,14,130,22,32,54,184
07/18/2015,PIE,FL,ASO,ES,Towers with Radar,38,6,22,2,68,0,1,25,3,29,38,7,47,5,97,76,0,76,173
07/19/2015,PIE,FL,ASO,ES,Towers with Radar,43,9,20,3,75,0,1,41,2,44,43,10,61,5,119,130,18,148,267
07/20/2015,PIE,FL,ASO,ES,Towers with Radar,47,10,35,21,113,0,0,51,33,84,47,10,86,54,197,62,36,98,295
07/21/2015,PIE,FL,ASO,ES,Towers with Radar,23,6,39,21,89,0,0,64,29,93,23,6,103,50,182,94,18,112,294
07/22/2015,PIE,FL,ASO,ES,Towers with Radar,28,4,48,16,96,0,2,51,37,90,28,6,99,53,186,122,18,140,326
07/23/2015,PIE,FL,ASO,ES,Towers with Radar,41,3,44,18,106,0,0,55,27,82,41,3,99,45,188,182,22,204,392
07/24/2015,PIE,FL,ASO,ES,Towers with Radar,43,9,24,5,81,0,1,10,5,16,43,10,34,10,97,0,0,0,97
07/25/2015,PIE,FL,ASO,ES,Towers with Radar,37,7,9,4,57,0,0,6,0,6,37,7,15,4,63,22,0,22,85
07/26/2015,PIE,FL,ASO,ES,Towers with Radar,47,3,32,2,84,0,1,38,4,43,47,4,70,6,127,80,0,80,207
07/27/2015,PIE,FL,ASO,ES,Towers with Radar,48,2,36,5,91,0,0,6,7,13,48,2,42,12,104,28,98,126,230
07/28/2015,PIE,FL,ASO,ES,Towers with Radar,23,6,43,8,80,0,0,27,18,45,23,6,70,26,125,76,28,104,229
07/29/2015,PIE,FL,ASO,ES,Towers with Radar,29,2,52,12,95,0,0,45,17,62,29,2,97,29,157,126,95,221,378
07/30/2015,PIE,FL,ASO,ES,Towers with Radar,44,8,57,8,117,0,1,37,6,44,44,9,94,14,161,78,0,78,239
07/31/2015,PIE,FL,ASO,ES,Towers with Radar,49,11,32,8,100,0,4,21,12,37,49,15,53,20,137,54,40,94,231
08/01/2015,PIE,FL,ASO,ES,Towers with Radar,31,9,11,4,55,0,0,17,4,21,31,9,28,8,76,38,0,38,114
08/02/2015,PIE,FL,ASO,ES,Towers with Radar,48,4,22,3,77,0,0,6,3,9,48,4,28,6,86,0,0,0,86
08/03/2015,PIE,FL,ASO,ES,Towers with Radar,46,5,29,8,88,0,0,16,12,28,46,5,45,20,116,20,42,62,178
08/04/2015,PIE,FL,ASO,ES,Towers with Radar,29,3,46,5,83,0,2,86,18,106,29,5,132,23,189,126,24,150,339
08/05/2015,PIE,FL,ASO,ES,Towers with Radar,22,7,55,18,102,0,0,65,28,93,22,7,120,46,195,180,78,258,453
08/06/2015,PIE,FL,ASO,ES,Towers with Radar,46,9,53,11,119,0,0,88,20,108,46,9,141,31,227,156,2,158,385
08/07/2015,PIE,FL,ASO,ES,Towers with Radar,45,2,30,4,81,0,0,38,22,60,45,2,68,26,141,150,27,177,318
08/08/2015,PIE,FL,ASO,ES,Towers with Radar,28,4,17,0,49,0,0,33,10,43,28,4,50,10,92,74,0,74,166
08/09/2015,PIE,FL,ASO,ES,Towers with Radar,46,9,43,2,100,0,0,58,0,58,46,9,101,2,158,118,0,118,276
08/10/2015,PIE,FL,ASO,ES,Towers with Radar,46,3,39,15,103,0,2,73,28,103,46,5,112,43,206,308,20,328,534
08/11/2015,PIE,FL,ASO,ES,Towers with Radar,23,0,50,14,87,0,0,48,22,70,23,0,98,36,157,154,30,184,341
08/12/2015,PIE,FL,ASO,ES,Towers with Radar,23,4,46,29,102,0,0,65,36,101,23,4,111,65,203,116,34,150,353
08/13/2015,PIE,FL,ASO,ES,Towers with Radar,43,7,30,25,105,0,3,35,19,57,43,10,65,44,162,98,6,104,266
08/14/2015,PIE,FL,ASO,ES,Towers with Radar,42,5,59,12,118,0,0,63,15,78,42,5,122,27,196,118,26,144,340
08/15/2015,PIE,FL,ASO,ES,Towers with Radar,26,6,31,3,66,0,1,51,3,55,26,7,82,6,121,144,2,146,267
08/16/2015,PIE,FL,ASO,ES,Towers with Radar,49,5,43,6,103,0,0,61,2,63,49,5,104,8,166,64,0,64,230
08/17/2015,PIE,FL,ASO,ES,Towers with Radar,42,9,34,44,129,0,0,71,22,93,42,9,105,66,222,112,62,174,396
08/18/2015,PIE,FL,ASO,ES,Towers with Radar,20,11,30,21,82,0,0,53,33,86,20,11,83,54,168,114,81,195,363
08/19/2015,PIE,FL,ASO,ES,Towers with Radar,15,8,49,30,102,0,3,58,29,90,15,11,107,59,192,92,8,100,292
08/20/2015,PIE,FL,ASO,ES,Towers with Radar,35,7,51,22,115,0,0,57,25,82,35,7,108,47,197,84,20,104,301
08/21/2015,PIE,FL,ASO,ES,Towers with Radar,39,1,42,6,88,0,0,49,17,66,39,1,91,23,154,132,0,132,286
08/22/2015,PIE,FL,ASO,ES,Towers with Radar,15,6,37,9,67,0,0,73,2,75,15,6,110,11,142,144,16,160,302
08/23/2015,PIE,FL,ASO,ES,Towers with Radar,36,8,40,0,84,0,0,51,9,60,36,8,91,9,144,112,4,116,260
08/24/2015,PIE,FL,ASO,ES,Towers with Radar,37,4,28,9,78,0,0,43,36,79,37,4,71,45,157,74,14,88,245
08/25/2015,PIE,FL,ASO,ES,Towers with Radar,14,4,50,20,88,0,0,43,42,85,14,4,93,62,173,102,34,136,309
08/26/2015,PIE,FL,ASO,ES,Towers with Radar,12,4,46,17,79,0,0,71,21,92,12,4,117,38,171,92,30,122,293
08/27/2015,PIE,FL,ASO,ES,Towers with Radar,38,16,56,10,120,0,0,26,18,44,38,16,82,28,164,38,16,54,218
08/28/2015,PIE,FL,ASO,ES,Towers with Radar,39,8,44,9,100,0,1,44,26,71,39,9,88,35,171,94,38,132,303
08/29/2015,PIE,FL,ASO,ES,Towers with Radar,15,6,47,1,69,0,2,56,3,61,15,8,103,4,130,94,0,94,224
08/30/2015,PIE,FL,ASO,ES,Towers with Radar,38,8,28,1,75,0,0,40,1,41,38,8,68,2,116,44,0,44,160
08/31/2015,PIE,FL,ASO,ES,Towers with Radar,41,0,33,9,83,0,0,18,21,39,41,0,51,30,122,32,12,44,166
09/01/2015,PIE,FL,ASO,ES,Towers with Radar,14,1,25,17,57,0,2,41,27,70,14,3,66,44,127,40,28,68,195
09/02/2015,PIE,FL,ASO,ES,Towers with Radar,13,11,53,10,87,0,0,62,39,101,13,11,115,49,188,104,52,156,344
09/03/2015,PIE,FL,ASO,ES,Towers with Radar,36,12,50,10,108,0,2,57,23,82,36,14,107,33,190,56,24,80,270
09/04/2015,PIE,FL,ASO,ES,Towers with Radar,40,5,36,0,81,0,0,58,6,64,40,5,94,6,145,96,8,104,249
09/05/2015,PIE,FL,ASO,ES,Towers with Radar,17,3,30,1,51,0,0,44,1,45,17,3,74,2,96,98,0,98,194
09/06/2015,PIE,FL,ASO,ES,Towers with Radar,36,2,32,0,70,0,0,30,6,36,36,2,62,6,106,42,0,42,148
09/07/2015,PIE,FL,ASO,ES,Towers with Radar,34,4,30,2,70,0,0,7,2,9,34,4,37,4,79,4,0,4,83
09/08/2015,PIE,FL,ASO,ES,Towers with Radar,12,4,52,11,79,0,0,37,20,57,12,4,89,31,136,72,46,118,254
09/09/2015,PIE,FL,ASO,ES,Towers with Radar,10,5,50,16,81,0,0,83,25,108,10,5,133,41,189,124,26,150,339
09/10/2015,PIE,FL,ASO,ES,Towers with Radar,39,9,43,4,95,0,3,67,19,89,39,12,110,23,184,86,18,104,288
09/11/2015,PIE,FL,ASO,ES,Towers with Radar,37,6,60,10,113,0,0,65,19,84,37,6,125,29,197,42,2,44,241
09/12/2015,PIE,FL,ASO,ES,Towers with Radar,11,11,22,3,47,0,0,6,1,7,11,11,28,4,54,34,0,34,88
09/13/2015,PIE,FL,ASO,ES,Towers with Radar,36,9,32,1,78,0,0,32,5,37,36,9,64,6,115,54,0,54,169
09/14/2015,PIE,FL,ASO,ES,Towers with Radar,37,9,26,8,80,0,0,76,12,88,37,9,102,20,168,154,16,170,338
09/15/2015,PIE,FL,ASO,ES,Towers with Radar,8,10,33,9,60,0,2,51,16,69,8,12,84,25,129,94,4,98,227
09/16/2015,PIE,FL,ASO,ES,Towers with Radar,12,5,41,8,66,0,0,38,11,49,12,5,79,19,115,66,20,86,201
09/17/2015,PIE,FL,ASO,ES,Towers with Radar,38,3,46,14,101,0,0,24,23,47,38,3,70,37,148,46,8,54,202
09/18/2015,PIE,FL,ASO,ES,Towers with Radar,35,9,53,15,112,0,0,44,6,50,35,9,97,21,162,72,0,72,234
09/19/2015,PIE,FL,ASO,ES,Towers with Radar,13,4,35,5,57,0,0,57,0,57,13,4,92,5,114,76,0,76,190
09/20/2015,PIE,FL,ASO,ES,Towers with Radar,35,3,42,1,81,0,2,91,3,96,35,5,133,4,177,138,0,138,315
09/21/2015,PIE,FL,ASO,ES,Towers with Radar,38,5,43,11,97,0,1,76,19,96,38,6,119,30,193,106,20,126,319
09/22/2015,PIE,FL,ASO,ES,Towers with Radar,11,14,51,17,93,0,0,75,9,84,11,14,126,26,177,128,18,146,323
09/23/2015,PIE,FL,ASO,ES,Towers with Radar,10,8,48,20,86,0,2,66,25,93,10,10,114,45,179,80,20,100,279
09/24/2015,PIE,FL,ASO,ES,Towers with Radar,36,7,40,18,101,0,2,49,18,69,36,9,89,36,170,98,6,104,274
09/25/2015,PIE,FL,ASO,ES,Towers with Radar,37,8,58,27,130,0,0,40,10,50,37,8,98,37,180,64,12,76,256
09/26/2015,PIE,FL,ASO,ES,Towers with Radar,13,12,30,6,61,0,0,60,4,64,13,12,90,10,125,76,2,78,203
09/27/2015,PIE,FL,ASO,ES,Towers with Radar,34,12,28,8,82,0,0,29,0,29,34,12,57,8,111,26,0,26,137
09/28/2015,PIE,FL,ASO,ES,Towers with Radar,36,6,48,16,106,0,0,36,21,57,36,6,84,37,163,44,38,82,245
09/29/2015,PIE,FL,ASO,ES,Towers with Radar,9,6,51,13,79,0,2,17,15,34,9,8,68,28,113,8,10,18,131
09/30/2015,PIE,FL,ASO,ES,Towers with Radar,13,7,37,18,75,0,3,44,16,63,13,10,81,34,138,82,2,84,222
10/01/2015,PIE,FL,ASO,ES,Towers with Radar,44,7,67,12,130,0,0,60,15,75,44,7,127,27,205,106,0,106,311
10/02/2015,PIE,FL,ASO,ES,Towers with Radar,42,6,56,9,113,0,1,42,6,49,42,7,98,15,162,58,0,58,220
10/03/2015,PIE,FL,ASO,ES,Towers with Radar,14,6,25,9,54,0,1,35,2,38,14,7,60,11,92,70,0,70,162
10/04/2015,PIE,FL,ASO,ES,Towers with Radar,40,2,35,8,85,0,0,12,0,12,40,2,47,8,97,22,0,22,119
10/05/2015,PIE,FL,ASO,ES,Towers with Radar,41,3,67,12,123,0,0,37,2,39,41,3,104,14,162,68,0,68,230
10/06/2015,PIE,FL,ASO,ES,Towers with Radar,9,13,64,16,102,0,0,107,6,113,9,13,171,22,215,140,0,140,355
10/07/2015,PIE,FL,ASO,ES,Towers with Radar,19,19,47,18,103,0,6,93,13,112,19,25,140,31,215,186,2,188,403
10/08/2015,PIE,FL,ASO,ES,Towers with Radar,45,10,52,12,119,0,4,77,24,105,45,14,129,36,224,178,2,180,404
10/09/2015,PIE,FL,ASO,ES,Towers with Radar,47,6,38,6,97,0,0,81,4,85,47,6,119,10,182,54,0,54,236
10/10/2015,PIE,FL,ASO,ES,Towers with Radar,23,9,47,3,82,0,1,42,4,47,23,10,89,7,129,68,0,68,197
10/11/2015,PIE,FL,ASO,ES,Towers with Radar,44,7,46,4,101,0,0,52,4,56,44,7,98,8,157,62,0,62,219
10/12/2015,PIE,FL,ASO,ES,Towers with Radar,45,16,62,6,129,0,1,61,3,65,45,17,123,9,194,96,2,98,292
10/13/2015,PIE,FL,ASO,ES,Towers with Radar,20,7,69,13,109,0,0,82,29,111,20,7,151,42,220,192,12,204,424
10/14/2015,PIE,FL,ASO,ES,Towers with Radar,22,13,54,10,99,0,0,85,36,121,22,13,139,46,220,134,8,142,362
10/15/2015,PIE,FL,ASO,ES,Towers with Radar,45,11,82,12,150,0,5,81,24,110,45,16,163,36,260,134,28,162,422
10/16/2015,PIE,FL,ASO,ES,Towers with Radar,48,17,52,6,123,0,0,67,14,81,48,17,119,20,204,134,4,138,342
10/17/2015,PIE,FL,ASO,ES,Towers with Radar,25,10,60,9,104,0,0,96,15,111,25,10,156,24,215,166,6,172,387
10/18/2015,PIE,FL,ASO,ES,Towers with Radar,41,19,37,10,107,0,0,42,10,52,41,19,79,20,159,82,0,82,241
10/19/2015,PIE,FL,ASO,ES,Towers with Radar,48,9,46,29,132,0,1,39,26,66,48,10,85,55,198,14,18,32,230
10/20/2015,PIE,FL,ASO,ES,Towers with Radar,28,8,32,15,83,0,0,44,21,65,28,8,76,36,148,22,11,33,181
10/21/2015,PIE,FL,ASO,ES,Towers with Radar,20,5,40,12,77,0,5,58,22,85,20,10,98,34,162,90,22,112,274
10/22/2015,PIE,FL,ASO,ES,Towers with Radar,47,3,53,11,114,0,2,57,27,86,47,5,110,38,200,106,0,106,306
10/23/2015,PIE,FL,ASO,ES,Towers with Radar,46,10,65,16,137,0,0,61,15,76,46,10,126,31,213,62,18,80,293
10/24/2015,PIE,FL,ASO,ES,Towers with Radar,18,5,31,2,56,0,0,75,9,84,18,5,106,11,140,120,36,156,296
10/25/2015,PIE,FL,ASO,ES,Towers with Radar,44,14,57,9,124,0,0,63,15,78,44,14,120,24,202,64,24,88,290
10/26/2015,PIE,FL,ASO,ES,Towers with Radar,46,7,53,31,137,0,0,42,17,59,46,7,95,48,196,52,42,94,290
10/27/2015,PIE,FL,ASO,ES,Towers with Radar,23,8,40,25,96,0,0,18,14,32,23,8,58,39,128,22,16,38,166
10/28/2015,PIE,FL,ASO,ES,Towers with Radar,16,15,50,12,93,0,0,71,34,105,16,15,121,46,198,166,44,210,408
10/29/2015,PIE,FL,ASO,ES,Towers with Radar,46,12,87,8,153,0,2,106,31,139,46,14,193,39,292,202,22,224,516
10/30/2015,PIE,FL,ASO,ES,Towers with Radar,44,14,57,11,126,0,0,98,16,114,44,14,155,27,240,124,12,136,376
10/31/2015,PIE,FL,ASO,ES,Towers with Radar,18,5,33,4,60,0,0,81,5,86,18,5,114,9,146,170,0,170,316
11/01/2015,PIE,FL,ASO,ES,Towers with Radar,42,6,43,3,94,0,2,79,7,88,42,8,122,10,182,110,0,110,292
11/02/2015,PIE,FL,ASO,ES,Towers with Radar,44,6,56,26,132,0,0,75,21,96,44,6,131,47,228,100,38,138,366
11/03/2015,PIE,FL,ASO,ES,Towers with Radar,14,4,64,17,99,0,0,58,15,73,14,4,122,32,172,90,22,112,284
11/04/2015,PIE,FL,ASO,ES,Towers with Radar,16,12,61,8,97,0,0,66,21,87,16,12,127,29,184,100,48,148,332
11/05/2015,PIE,FL,ASO,ES,Towers with Radar,49,8,66,13,136,0,2,79,26,107,49,10,145,39,243,72,10,82,325
11/06/2015,PIE,FL,ASO,ES,Towers with Radar,45,14,46,23,128,0,0,85,19,104,45,14,131,42,232,122,28,150,382
11/07/2015,PIE,FL,ASO,ES,Towers with Radar,17,6,46,1,70,0,0,88,12,100,17,6,134,13,170,86,64,150,320
11/08/2015,PIE,FL,ASO,ES,Towers with Radar,43,9,51,12,115,0,0,30,12,42,43,9,81,24,157,32,0,32,189
11/09/2015,PIE,FL,ASO,ES,Towers with Radar,45,6,51,13,115,0,0,13,17,30,45,6,64,30,145,4,72,76,221
11/10/2015,PIE,FL,ASO,ES,Towers with Radar,14,7,75,12,108,0,0,67,20,87,14,7,142,32,195,104,8,112,307
11/11/2015,PIE,FL,ASO,ES,Towers with Radar,15,9,97,2,123,0,0,75,4,79,15,9,172,6,202,184,0,184,386
11/12/2015,PIE,FL,ASO,ES,Towers with Radar,51,14,69,21,155,0,1,105,26,132,51,15,174,47,287,108,36,144,431
11/13/2015,PIE,FL,ASO,ES,Towers with Radar,46,4,78,10,138,0,0,81,24,105,46,4,159,34,243,114,16,130,373
11/14/2015,PIE,FL,ASO,ES,Towers with Radar,17,13,52,9,91,0,0,67,15,82,17,13,119,24,173,148,0,148,321
11/15/2015,PIE,FL,ASO,ES,Towers with Radar,48,10,37,2,97,0,0,40,19,59,48,10,77,21,156,72,10,82,238
11/16/2015,PIE,FL,ASO,ES,Towers with Radar,46,6,59,25,136,0,0,68,27,95,46,6,127,52,231,190,14,204,435
11/17/2015,PIE,FL,ASO,ES,Towers with Radar,22,4,65,22,113,0,0,55,21,76,22,4,120,43,189,40,12,52,241
11/18/2015,PIE,FL,ASO,ES,Towers with Radar,19,6,57,20,102,0,0,38,20,58,19,6,95,40,160,40,10,50,210
11/19/2015,PIE,FL,ASO,ES,Towers with Radar,48,6,56,12,122,0,0,27,13,40,48,6,83,25,162,68,60,128,290
11/20/2015,PIE,FL,ASO,ES,Towers with Radar,47,11,61,3,122,0,2,27,10,39,47,13,88,13,161,28,8,36,197
11/21/2015,PIE,FL,ASO,ES,Towers with Radar,17,13,36,2,68,0,0,19,1,20,17,13,55,3,88,86,0,86,174
11/22/2015,PIE,FL,ASO,ES,Towers with Radar,51,16,32,10,109,0,0,12,3,15,51,16,44,13,124,12,2,14,138
11/23/2015,PIE,FL,ASO,ES,Towers with Radar,43,10,84,9,146,0,0,81,21,102,43,10,165,30,248,130,12,142,390
11/24/2015,PIE,FL,ASO,ES,Towers with Radar,27,19,74,15,135,0,0,54,22,76,27,19,128,37,211,46,10,56,267
11/25/2015,PIE,FL,ASO,ES,Towers with Radar,58,18,51,1,128,0,0,51,9,60,58,18,102,10,188,50,0,50,238
11/26/2015,PIE,FL,ASO,ES,Towers with Radar,12,4,18,2,36,0,0,16,1,17,12,4,34,3,53,10,0,10,63
11/27/2015,PIE,FL,ASO,ES,Towers with Radar,35,13,34,1,83,0,4,85,7,96,35,17,119,8,179,36,44,80,259
11/28/2015,PIE,FL,ASO,ES,Towers with Radar,50,15,45,2,112,0,0,85,6,91,50,15,130,8,203,110,0,110,313
11/29/2015,PIE,FL,ASO,ES,Towers with Radar,42,16,58,0,116,0,2,76,8,86,42,18,134,8,202,136,0,136,338
11/30/2015,PIE,FL,ASO,ES,Towers with Radar,47,11,68,12,138,0,1,61,19,81,47,12,129,31,219,142,28,170,389
12/01/2015,PIE,FL,ASO,ES,Towers with Radar,15,6,71,30,122,0,0,68,24,92,15,6,139,54,214,124,2,126,340
12/02/2015,PIE,FL,ASO,ES,Towers with Radar,10,13,83,12,118,0,0,58,22,80,10,13,141,34,198,152,4,156,354
12/03/2015,PIE,FL,ASO,ES,Towers with Radar,48,9,58,17,132,0,0,41,26,67,48,9,99,43,199,128,20,148,347
12/04/2015,PIE,FL,ASO,ES,Towers with Radar,46,13,68,11,138,0,1,55,15,71,46,14,123,26,209,94,8,102,311
12/05/2015,PIE,FL,ASO,ES,Towers with Radar,15,7,32,2,56,0,1,40,1,42,15,8,72,3,98,58,0,58,156
12/06/2015,PIE,FL,ASO,ES,Towers with Radar,47,10,35,4,96,0,1,48,5,54,47,11,83,9,150,54,2,56,206
12/07/2015,PIE,FL,ASO,ES,Towers with Radar,46,7,49,11,113,0,0,29,9,38,46,7,78,20,151,42,22,64,215
12/08/2015,PIE,FL,ASO,ES,Towers with Radar,11,5,48,10,74,0,2,56,25,83,11,7,104,35,157,143,44,187,344
12/09/2015,PIE,FL,ASO,ES,Towers with Radar,12,6,66,10,94,0,0,68,20,88,12,6,134,30,182,60,8,68,250
12/10/2015,PIE,FL,ASO,ES,Towers with Radar,47,2,75,9,133,0,0,65,24,89,47,2,140,33,222,160,10,170,392
12/11/2015,PIE,FL,ASO,ES,Towers with Radar,44,12,60,7,123,0,1,77,10,88,44,13,137,17,211,146,0,146,357
12/12/2015,PIE,FL,ASO,ES,Towers with Radar,15,5,49,11,80,0,0,86,23,109,15,5,135,34,189,116,0,116,305
12/13/2015,PIE,FL,ASO,ES,Towers with Radar,45,8,46,5,104,0,0,48,5,53,45,8,94,10,157,34,1,35,192
12/14/2015,PIE,FL,ASO,ES,Towers with Radar,46,7,59,17,129,0,3,26,18,47,46,10,85,35,176,40,0,40,216
12/15/2015,PIE,FL,ASO,ES,Towers with Radar,13,8,46,19,86,0,1,24,10,35,13,9,70,29,121,77,4,81,202
12/16/2015,PIE,FL,ASO,ES,Towers with Radar,14,5,74,17,110,0,0,95,9,104,14,5,169,26,214,159,16,175,389
12/17/2015,PIE,FL,ASO,ES,Towers with Radar,50,9,64,16,139,0,0,21,22,43,50,9,85,38,182,20,22,42,224
12/18/2015,PIE,FL,ASO,ES,Towers with Radar,48,15,52,14,129,0,0,17,10,27,48,15,69,24,156,14,8,22,178
12/19/2015,PIE,FL,ASO,ES,Towers with Radar,28,10,25,4,67,0,1,74,6,81,28,11,99,10,148,128,8,136,284
12/20/2015,PIE,FL,ASO,ES,Towers with Radar,51,8,35,1,95,0,0,47,2,49,51,8,82,3,144,78,0,78,222
12/21/2015,PIE,FL,ASO,ES,Towers with Radar,51,11,44,7,113,0,0,60,12,72,51,11,104,19,185,48,12,60,245
12/22/2015,PIE,FL,ASO,ES,Towers with Radar,61,13,56,7,137,0,1,45,7,53,61,14,101,14,190,68,0,68,258
12/23/2015,PIE,FL,ASO,ES,Towers with Radar,58,4,39,13,114,0,2,19,6,27,58,6,58,19,141,58,26,84,225
12/24/2015,PIE,FL,ASO,ES,Towers with Radar,53,6,36,4,99,0,0,20,1,21,53,6,56,5,120,38,0,38,158
12/25/2015,PIE,FL,ASO,ES,Towers with Radar,29,13,13,0,55,0,0,16,2,18,29,13,29,2,73,0,0,0,73
12/26/2015,PIE,FL,ASO,ES,Towers with Radar,56,12,47,0,115,0,0,47,2,49,56,12,94,2,164,22,0,22,186
12/27/2015,PIE,FL,ASO,ES,Towers with Radar,52,10,67,0,129,0,0,54,0,54,52,10,121,0,183,32,2,34,217
12/28/2015,PIE,FL,ASO,ES,Towers with Radar,48,11,39,7,105,0,2,57,6,65,48,13,96,13,170,78,28,106,276
12/29/2015,PIE,FL,ASO,ES,Towers with Radar,41,6,47,15,109,0,2,58,8,68,41,8,105,23,177,63,14,77,254
12/30/2015,PIE,FL,ASO,ES,Towers with Radar,47,6,60,3,116,0,0,51,15,66,47,6,111,18,182,154,2,156,338
12/31/2015,PIE,FL,ASO,ES,Towers with Radar,51,9,31,4,95,0,1,30,7,38,51,10,61,11,133,34,18,52,185
01/01/2016,PIE,FL,ASO,ES,Towers with Radar,18,6,32,0,56,0,0,23,0,23,18,6,55,0,79,18,0,18,97
01/02/2016,PIE,FL,ASO,ES,Towers with Radar,46,14,60,2,122,0,0,44,1,45,46,14,104,3,167,28,0,28,195
01/03/2016,PIE,FL,ASO,ES,Towers with Radar,45,11,43,1,100,0,0,2,2,4,45,11,45,3,104,30,1,31,135
01/04/2016,PIE,FL,ASO,ES,Towers with Radar,43,15,42,6,106,0,0,54,4,58,43,15,96,10,164,46,0,46,210
01/05/2016,PIE,FL,ASO,ES,Towers with Radar,21,3,40,6,70,0,0,33,21,54,21,3,73,27,124,45,12,57,181
01/06/2016,PIE,FL,ASO,ES,Towers with Radar,14,6,70,23,113,0,0,39,23,62,14,6,109,46,175,172,12,184,359
01/07/2016,PIE,FL,ASO,ES,Towers with Radar,46,20,57,23,146,0,0,42,18,60,46,20,99,41,206,56,16,72,278
01/08/2016,PIE,FL,ASO,ES,Towers with Radar,45,16,46,19,126,0,1,50,13,64,45,17,96,32,190,159,32,191,381
01/09/2016,PIE,FL,ASO,ES,Towers with Radar,13,6,34,2,55,0,0,11,1,12,13,6,45,3,67,30,0,30,97
01/10/2016,PIE,FL,ASO,ES,Towers with Radar,44,6,41,6,97,0,0,28,11,39,44,6,69,17,136,34,16,50,186
01/11/2016,PIE,FL,ASO,ES,Towers with Radar,43,11,63,13,130,0,0,61,16,77,43,11,124,29,207,102,17,119,326
01/12/2016,PIE,FL,ASO,ES,Towers with Radar,15,12,65,10,102,0,0,78,13,91,15,12,143,23,193,140,0,140,333
01/13/2016,PIE,FL,ASO,ES,Towers with Radar,11,12,72,4,99,0,0,70,26,96,11,12,142,30,195,162,60,222,417
01/14/2016,PIE,FL,ASO,ES,Towers with Radar,50,7,86,13,156,0,2,101,23,126,50,9,187,36,282,204,20,224,506
01/15/2016,PIE,FL,ASO,ES,Towers with Radar,43,13,52,7,115,0,0,12,7,19,43,13,64,14,134,48,8,56,190
01/16/2016,PIE,FL,ASO,ES,Towers with Radar,17,4,41,3,65,0,0,107,4,111,17,4,148,7,176,194,6,200,376
01/17/2016,PIE,FL,ASO,ES,Towers with Radar,43,13,28,5,89,0,0,2,5,7,43,13,30,10,96,0,0,0,96
01/18/2016,PIE,FL,ASO,ES,Towers with Radar,41,4,63,8,116,0,0,95,2,97,41,4,158,10,213,212,0,212,425
01/19/2016,PIE,FL,ASO,ES,Towers with Radar,11,5,55,12,83,0,0,59,16,75,11,5,114,28,158,76,18,94,252
01/20/2016,PIE,FL,ASO,ES,Towers with Radar,11,9,65,8,93,0,0,95,23,118,11,9,160,31,211,220,72,292,503
01/21/2016,PIE,FL,ASO,ES,Towers with Radar,48,4,78,17,147,0,1,111,33,145,48,5,189,50,292,144,14,158,450
01/22/2016,PIE,FL,ASO,ES,Towers with Radar,40,10,28,5,83,0,1,8,6,15,40,11,36,11,98,12,44,56,154
01/23/2016,PIE,FL,ASO,ES,Towers with Radar,16,5,12,6,39,0,0,6,0,6,16,5,18,6,45,0,0,0,45
01/24/2016,PIE,FL,ASO,ES,Towers with Radar,38,9,51,3,101,0,0,91,4,95,38,9,142,7,196,181,2,183,379
01/25/2016,PIE,FL,ASO,ES,Towers with Radar,50,12,65,9,136,0,0,84,12,96,50,12,149,21,232,148,14,162,394
01/26/2016,PIE,FL,ASO,ES,Towers with Radar,10,15,75,7,107,0,2,81,17,100,10,17,156,24,207,251,2,253,460
01/27/2016,PIE,FL,ASO,ES,Towers with Radar,11,9,41,6,67,0,0,1,0,1,11,9,42,6,68,0,0,0,68
01/28/2016,PIE,FL,ASO,ES,Towers with Radar,47,5,53,3,108,0,0,4,0,4,47,5,57,3,112,0,0,0,112
01/29/2016,PIE,FL,ASO,ES,Towers with Radar,43,9,81,9,142,0,0,91,32,123,43,9,172,41,265,200,32,232,497
01/30/2016,PIE,FL,ASO,ES,Towers with Radar,13,6,38,2,59,0,0,113,5,118,13,6,151,7,177,104,6,110,287
01/31/2016,PIE,FL,ASO,ES,Towers with Radar,44,16,76,0,136,0,0,83,8,91,44,16,159,8,227,180,10,190,417
02/01/2016,PIE,FL,ASO,ES,Towers with Radar,43,3,41,7,94,0,1,50,12,63,43,4,91,19,157,140,10,150,307
02/02/2016,PIE,FL,ASO,ES,Towers with Radar,14,5,81,16,116,0,0,56,31,87,14,5,137,47,203,92,24,116,319
02/03/2016,PIE,FL,ASO,ES,Towers with Radar,18,4,66,16,104,0,0,38,23,61,18,4,104,39,165,54,16,70,235
02/04/2016,PIE,FL,ASO,ES,Towers with Radar,44,14,48,10,116,0,0,11,6,17,44,14,59,16,133,34,46,80,213
02/05/2016,PIE,FL,ASO,ES,Towers with Radar,39,5,72,11,127,0,0,78,29,107,39,5,150,40,234,203,76,279,513
02/06/2016,PIE,FL,ASO,ES,Towers with Radar,18,6,43,2,69,0,0,24,0,24,18,6,67,2,93,146,0,146,239
02/07/2016,PIE,FL,ASO,ES,Towers with Radar,44,1,40,4,89,0,0,34,3,37,44,1,74,7,126,30,0,30,156
02/08/2016,PIE,FL,ASO,ES,Towers with Radar,41,10,43,15,109,0,0,63,11,74,41,10,106,26,183,74,14,88,271
02/09/2016,PIE,FL,ASO,ES,Towers with Radar,17,14,43,16,90,0,1,18,15,34,17,15,61,31,124,22,26,48,172
02/10/2016,PIE,FL,ASO,ES,Towers with Radar,18,15,63,8,104,0,0,86,21,107,18,15,149,29,211,142,25,167,378
02/11/2016,PIE,FL,ASO,ES,Towers with Radar,46,6,62,14,128,0,0,96,29,125,46,6,158,43,253,156,12,168,421
02/12/2016,PIE,FL,ASO,ES,Towers with Radar,43,5,60,15,123,0,2,87,14,103,43,7,147,29,226,156,0,156,382
02/13/2016,PIE,FL,ASO,ES,Towers with Radar,17,5,53,6,81,0,0,86,3,89,17,5,139,9,170,126,12,138,308
02/14/2016,PIE,FL,ASO,ES,Towers with Radar,41,2,54,6,103,0,1,80,0,81,41,3,134,6,184,198,0,198,382
02/15/2016,PIE,FL,ASO,ES,Towers with Radar,42,6,64,7,119,0,0,59,3,62,42,6,123,10,181,46,0,46,227
02/16/2016,PIE,FL,ASO,ES,Towers with Radar,16,11,76,18,121,0,1,67,25,93,16,12,143,43,214,142,18,160,374
02/17/2016,PIE,FL,ASO,ES,Towers with Radar,28,10,76,16,130,0,1,86,25,112,28,11,162,41,242,176,20,196,438
02/18/2016,PIE,FL,ASO,ES,Towers with Radar,42,7,89,22,160,0,0,86,24,110,42,7,175,46,270,146,2,148,418
02/19/2016,PIE,FL,ASO,ES,Towers with Radar,48,8,77,15,148,0,1,83,22,106,48,9,160,37,254,150,17,167,421
02/20/2016,PIE,FL,ASO,ES,Towers with Radar,32,5,63,4,104,0,1,85,6,92,32,6,148,10,196,164,24,188,384
02/21/2016,PIE,FL,ASO,ES,Towers with Radar,39,8,55,3,105,0,1,80,12,93,39,9,135,15,198,130,0,130,328
02/22/2016,PIE,FL,ASO,ES,Towers with Radar,49,7,69,9,134,0,1,81,19,101,49,8,150,28,235,136,21,157,392
02/23/2016,PIE,FL,ASO,ES,Towers with Radar,20,8,72,29,129,0,0,27,29,56,20,8,99,58,185,4,63,67,252
02/24/2016,PIE,FL,ASO,ES,Towers with Radar,31,8,36,11,86,0,0,4,18,22,31,8,40,29,108,22,22,44,152
02/25/2016,PIE,FL,ASO,ES,Towers with Radar,45,10,71,18,144,0,0,64,22,86,45,10,135,40,230,90,22,112,342
02/26/2016,PIE,FL,ASO,ES,Towers with Radar,44,10,67,10,131,0,1,81,18,100,44,11,148,28,231,58,18,76,307
02/27/2016,PIE,FL,ASO,ES,Towers with Radar,33,6,53,5,97,0,0,90,4,94,33,6,143,9,191,146,0,146,337
02/28/2016,PIE,FL,ASO,ES,Towers with Radar,44,7,45,2,98,0,0,72,1,73,44,7,117,3,171,103,0,103,274
02/29/2016,PIE,FL,ASO,ES,Towers with Radar,54,6,56,10,126,0,0,60,27,87,54,6,116,37,213,190,6,196,409
03/01/2016,PIE,FL,ASO,ES,Towers with Radar,25,2,46,21,94,0,0,81,16,97,25,2,127,37,191,206,38,244,435
03/02/2016,PIE,FL,ASO,ES,Towers with Radar,31,14,61,23,129,0,0,50,31,81,31,14,111,54,210,162,24,186,396
03/03/2016,PIE,FL,ASO,ES,Towers with Radar,41,18,92,10,161,0,0,67,24,91,41,18,159,34,252,100,0,100,352
03/04/2016,PIE,FL,ASO,ES,Towers with Radar,46,13,58,16,133,0,0,53,5,58,46,13,111,21,191,86,12,98,289
03/05/2016,PIE,FL,ASO,ES,Towers with Radar,37,8,58,3,106,0,0,98,25,123,37,8,156,28,229,166,8,174,403
03/06/2016,PIE,FL,ASO,ES,Towers with Radar,41,17,68,10,136,0,1,61,5,67,41,18,129,15,203,38,0,38,241
03/07/2016,PIE,FL,ASO,ES,Towers with Radar,47,16,74,11,148,0,0,57,27,84,47,16,131,38,232,100,38,138,370
03/08/2016,PIE,FL,ASO,ES,Towers with Radar,28,9,70,9,116,0,2,66,9,77,28,11,136,18,193,44,24,68,261
03/09/2016,PIE,FL,ASO,ES,Towers with Radar,36,11,56,21,124,0,3,51,18,72,36,14,107,39,196,79,10,89,285
03/10/2016,PIE,FL,ASO,ES,Towers with Radar,47,20,73,9,149,0,0,50,12,62,47,20,123,21,211,90,14,104,315
03/11/2016,PIE,FL,ASO,ES,Towers with Radar,51,9,85,11,156,0,4,67,16,87,51,13,152,27,243,102,2,104,347
03/12/2016,PIE,FL,ASO,ES,Towers with Radar,53,10,57,2,122,0,0,49,4,53,53,10,106,6,175,68,0,68,243
03/13/2016,PIE,FL,ASO,ES,Towers with Radar,40,22,68,1,131,0,0,19,2,21,40,22,87,3,152,44,4,48,200
03/14/2016,PIE,FL,ASO,ES,Towers with Radar,53,8,58,28,147,0,0,41,13,54,53,8,99,41,201,48,46,94,295
03/15/2016,PIE,FL,ASO,ES,Towers with Radar,32,16,70,18,136,0,0,47,5,52,32,16,117,23,188,161,0,161,349
03/16/2016,PIE,FL,ASO,ES,Towers with Radar,39,9,66,7,121,0,0,43,15,58,39,9,109,22,179,190,74,264,443
03/17/2016,PIE,FL,ASO,ES,Towers with Radar,43,17,88,13,161,0,0,64,18,82,43,17,152,31,243,244,26,270,513
03/18/2016,PIE,FL,ASO,ES,Towers with Radar,48,22,71,26,167,0,2,78,31,111,48,24,149,57,278,202,40,242,520
03/19/2016,PIE,FL,ASO,ES,Towers with Radar,46,13,33,0,92,0,0,18,3,21,46,13,51,3,113,22,0,22,135
03/20/2016,PIE,FL,ASO,ES,Towers with Radar,35,8,47,4,94,0,0,29,2,31,35,8,76,6,125,35,1,36,161
03/21/2016,PIE,FL,ASO,ES,Towers with Radar,49,10,69,17,145,0,2,23,30,55,49,12,92,47,200,20,74,94,294
03/22/2016,PIE,FL,ASO,ES,Towers with Radar,38,14,73,24,149,0,2,90,19,111,38,16,163,43,260,116,62,178,438
03/23/2016,PIE,FL,ASO,ES,Towers with Radar,50,12,81,30,173,0,0,93,32,125,50,12,174,62,298,110,38,148,446
03/24/2016,PIE,FL,ASO,ES,Towers with Radar,43,13,50,19,125,0,0,56,16,72,43,13,106,35,197,32,24,56,253
03/25/2016,PIE,FL,ASO,ES,Towers with Radar,49,6,37,10,102,0,0,35,15,50,49,6,72,25,152,26,32,58,210
03/26/2016,PIE,FL,ASO,ES,Towers with Radar,49,9,45,2,105,0,1,82,2,85,49,10,127,4,190,194,0,194,384
03/27/2016,PIE,FL,ASO,ES,Towers with Radar,44,12,29,2,87,0,0,10,0,10,44,12,39,2,97,4,0,4,101
03/28/2016,PIE,FL,ASO,ES,Towers with Radar,53,13,74,23,163,0,2,37,21,60,53,15,111,44,223,53,70,123,346
03/29/2016,PIE,FL,ASO,ES,Towers with Radar,40,10,46,17,113,0,0,9,8,17,40,10,55,25,130,6,12,18,148
03/30/2016,PIE,FL,ASO,ES,Towers with Radar,34,19,58,16,127,0,2,88,26,116,34,21,146,42,243,112,46,158,401
03/31/2016,PIE,FL,ASO,ES,Towers with Radar,48,18,60,18,144,0,0,47,24,71,48,18,107,42,215,72,24,96,311
04/01/2016,PIE,FL,ASO,ES,Towers with Radar,46,9,81,13,149,0,6,45,9,60,46,15,126,22,209,102,2,104,313
04/02/2016,PIE,FL,ASO,ES,Towers with Radar,39,7,40,1,87,0,0,3,1,4,39,7,43,2,91,14,0,14,105
04/03/2016,PIE,FL,ASO,ES,Towers with Radar,47,10,52,2,111,0,0,77,3,80,47,10,129,5,191,152,2,154,345
04/04/2016,PIE,FL,ASO,ES,Towers with Radar,49,10,53,4,116,0,1,75,27,103,49,11,128,31,219,196,11,207,426
04/05/2016,PIE,FL,ASO,ES,Towers with Radar,32,10,72,5,119,0,0,69,31,100,32,10,141,36,219,216,4,220,439
04/06/2016,PIE,FL,ASO,ES,Towers with Radar,29,11,93,9,142,0,3,70,27,100,29,14,163,36,242,82,28,110,352
04/07/2016,PIE,FL,ASO,ES,Towers with Radar,44,12,74,10,140,0,0,77,15,92,44,12,151,25,232,120,0,120,352
04/08/2016,PIE,FL,ASO,ES,Towers with Radar,44,15,66,8,133,0,0,65,14,79,44,15,131,22,212,122,0,122,334
04/09/2016,PIE,FL,ASO,ES,Towers with Radar,35,9,49,1,94,0,0,56,3,59,35,9,105,4,153,54,0,54,207
04/10/2016,PIE,FL,ASO,ES,Towers with Radar,46,8,62,4,120,0,0,53,5,58,46,8,115,9,178,76,0,76,254
04/11/2016,PIE,FL,ASO,ES,Towers with Radar,45,14,51,12,122,0,0,58,27,85,45,14,109,39,207,62,54,116,323
04/12/2016,PIE,FL,ASO,ES,Towers with Radar,21,3,37,8,69,0,0,74,31,105,21,3,111,39,174,96,74,170,344
04/13/2016,PIE,FL,ASO,ES,Towers with Radar,24,8,68,7,107,0,2,95,17,114,24,10,163,24,221,186,12,198,419
04/14/2016,PIE,FL,ASO,ES,Towers with Radar,51,12,47,10,120,0,0,78,24,102,51,12,125,34,222,246,4,250,472
04/15/2016,PIE,FL,ASO,ES,Towers with Radar,45,26,49,11,131,0,0,32,17,49,45,26,81,28,180,112,44,156,336
04/16/2016,PIE,FL,ASO,ES,Towers with Radar,25,15,40,3,83,0,0,45,27,72,25,15,85,30,155,55,15,70,225
04/17/2016,PIE,FL,ASO,ES,Towers with Radar,42,11,43,7,103,0,0,36,8,44,42,11,79,15,147,18,4,22,169
04/18/2016,PIE,FL,ASO,ES,Towers with Radar,46,9,57,13,125,0,4,63,23,90,46,13,120,36,215,132,12,144,359
04/19/2016,PIE,FL,ASO,ES,Towers with Radar,20,7,78,10,115,0,3,88,22,113,20,10,166,32,228,124,40,164,392
04/20/2016,PIE,FL,ASO,ES,Towers with Radar,23,11,68,21,123,0,4,106,25,135,23,15,174,46,258,202,10,212,470
04/21/2016,PIE,FL,ASO,ES,Towers with Radar,50,20,62,10,142,0,2,87,29,118,50,22,149,39,260,120,28,148,408
04/22/2016,PIE,FL,ASO,ES,Towers with Radar,44,21,52,14,131,0,0,56,18,74,44,21,108,32,205,114,4,118,323
04/23/2016,PIE,FL,ASO,ES,Towers with Radar,23,5,44,5,77,0,0,71,6,77,23,5,115,11,154,222,0,222,376
04/24/2016,PIE,FL,ASO,ES,Towers with Radar,43,13,43,2,101,0,2,84,0,86,43,15,127,2,187,116,1,117,304
04/25/2016,PIE,FL,ASO,ES,Towers with Radar,50,11,55,4,120,0,0,55,14,69,50,11,110,18,189,148,22,170,359
04/26/2016,PIE,FL,ASO,ES,Towers with Radar,13,6,51,9,79,0,0,87,23,110,13,6,138,32,189,136,18,154,343
04/27/2016,PIE,FL,ASO,ES,Towers with Radar,24,19,75,24,142,0,2,76,23,101,24,21,151,47,243,114,27,141,384
04/28/2016,PIE,FL,ASO,ES,Towers with Radar,46,17,60,20,143,0,0,125,19,144,46,17,185,39,287,142,14,156,443
04/29/2016,PIE,FL,ASO,ES,Towers with Radar,46,12,54,6,118,0,0,79,16,95,46,12,133,22,213,168,4,172,385
04/30/2016,PIE,FL,ASO,ES,Towers with Radar,22,7,36,2,67,0,0,79,4,83,22,7,115,6,150,130,0,130,280
05/01/2016,PIE,FL,ASO,ES,Towers with Radar,42,1,49,1,93,0,0,63,3,66,42,1,112,4,159,46,0,46,205
05/02/2016,PIE,FL,ASO,ES,Towers with Radar,45,13,75,15,148,0,2,40,13,55,45,15,115,28,203,134,38,172,375
05/03/2016,PIE,FL,ASO,ES,Towers with Radar,13,16,56,8,93,0,1,60,18,79,13,17,116,26,172,104,42,146,318
05/04/2016,PIE,FL,ASO,ES,Towers with Radar,25,9,21,9,64,0,0,2,4,6,25,9,23,13,70,10,36,46,116
05/05/2016,PIE,FL,ASO,ES,Towers with Radar,46,13,65,8,132,0,0,54,9,63,46,13,119,17,195,58,4,62,257
05/06/2016,PIE,FL,ASO,ES,Towers with Radar,44,7,71,6,128,0,0,76,7,83,44,7,147,13,211,82,16,98,309
05/07/2016,PIE,FL,ASO,ES,Towers with Radar,19,6,46,3,74,0,0,83,1,84,19,6,129,4,158,100,0,100,258
05/08/2016,PIE,FL,ASO,ES,Towers with Radar,41,4,35,3,83,0,2,62,4,68,41,6,97,7,151,50,0,50,201
05/09/2016,PIE,FL,ASO,ES,Towers with Radar,44,15,75,10,144,0,0,84,22,106,44,15,159,32,250,100,20,120,370
05/10/2016,PIE,FL,ASO,ES,Towers with Radar,20,12,50,9,91,0,0,88,15,103,20,12,138,24,194,130,6,136,330
05/11/2016,PIE,FL,ASO,ES,Towers with Radar,22,4,76,9,111,0,3,75,20,98,22,7,151,29,209,124,40,164,373
05/12/2016,PIE,FL,ASO,ES,Towers with Radar,49,9,69,8,135,0,0,74,15,89,49,9,143,23,224,124,20,144,368
05/13/2016,PIE,FL,ASO,ES,Towers with Radar,42,9,65,10,126,0,0,84,25,109,42,9,149,35,235,114,16,130,365
05/14/2016,PIE,FL,ASO,ES,Towers with Radar,23,6,31,6,66,0,0,78,10,88,23,6,109,16,154,150,6,156,310
05/15/2016,PIE,FL,ASO,ES,Towers with Radar,44,14,55,14,127,0,0,76,7,83,44,14,131,21,210,98,0,98,308
05/16/2016,PIE,FL,ASO,ES,Towers with Radar,44,11,52,7,114,0,0,58,25,83,44,11,110,32,197,150,24,174,371
05/17/2016,PIE,FL,ASO,ES,Towers with Radar,23,14,41,4,82,0,0,20,14,34,23,14,61,18,116,54,12,66,182
05/18/2016,PIE,FL,ASO,ES,Towers with Radar,33,12,72,6,123,0,0,85,34,119,33,12,157,40,242,230,74,304,546
05/19/2016,PIE,FL,ASO,ES,Towers with Radar,46,12,57,11,126,0,0,64,41,105,46,12,121,52,231,128,4,132,363
05/20/2016,PIE,FL,ASO,ES,Towers with Radar,49,6,45,8,108,0,1,48,8,57,49,7,93,16,165,110,0,110,275
05/21/2016,PIE,FL,ASO,ES,Towers with Radar,23,8,32,6,69,0,0,53,8,61,23,8,85,14,130,104,2,106,236
05/22/2016,PIE,FL,ASO,ES,Towers with Radar,44,14,52,6,116,0,0,65,3,68,44,14,117,9,184,76,0,76,260
05/23/2016,PIE,FL,ASO,ES,Towers with Radar,48,13,59,7,127,0,0,75,45,120,48,13,134,52,247,154,20,174,421
05/24/2016,PIE,FL,ASO,ES,Towers with Radar,18,13,72,14,117,0,2,72,26,100,18,15,144,40,217,86,28,114,331
05/25/2016,PIE,FL,ASO,ES,Towers with Radar,31,8,67,10,116,0,2,105,20,127,31,10,172,30,243,128,42,170,413
05/26/2016,PIE,FL,ASO,ES,Towers with Radar,46,11,89,8,154,0,2,99,27,128,46,13,188,35,282,192,66,258,540
05/27/2016,PIE,FL,ASO,ES,Towers with Radar,49,13,59,0,121,0,0,66,16,82,49,13,125,16,203,122,24,146,349
05/28/2016,PIE,FL,ASO,ES,Towers with Radar,32,10,44,0,86,0,0,64,1,65,32,10,108,1,151,138,0,138,289
05/29/2016,PIE,FL,ASO,ES,Towers with Radar,45,6,43,2,96,0,0,44,4,48,45,6,87,6,144,48,4,52,196
05/30/2016,PIE,FL,ASO,ES,Towers with Radar,49,9,43,4,105,0,0,67,5,72,49,9,110,9,177,52,0,52,229
05/31/2016,PIE,FL,ASO,ES,Towers with Radar,20,13,76,12,121,0,0,71,19,90,20,13,147,31,211,80,0,80,291
06/01/2016,PIE,FL,ASO,ES,Towers with Radar,31,7,55,12,105,0,0,44,25,69,31,7,99,37,174,64,96,160,334
06/02/2016,PIE,FL,ASO,ES,Towers with Radar,56,7,70,21,154,0,2,66,27,95,56,9,136,48,249,162,28,190,439
06/03/2016,PIE,FL,ASO,ES,Towers with Radar,43,6,58,14,121,0,0,73,38,111,43,6,131,52,232,154,60,214,446
06/04/2016,PIE,FL,ASO,ES,Towers with Radar,37,8,55,1,101,0,1,67,4,72,37,9,122,5,173,68,0,68,241
06/05/2016,PIE,FL,ASO,ES,Towers with Radar,46,8,40,6,100,0,0,41,6,47,46,8,81,12,147,86,0,86,233
06/06/2016,PIE,FL,ASO,ES,Towers with Radar,46,1,11,2,60,0,0,0,2,2,46,1,11,4,62,0,0,0,62
06/07/2016,PIE,FL,ASO,ES,Towers with Radar,31,5,44,23,103,0,0,13,31,44,31,5,57,54,147,28,36,64,211
06/08/2016,PIE,FL,ASO,ES,Towers with Radar,33,11,58,22,124,0,0,38,26,64,33,11,96,48,188,70,54,124,312
06/09/2016,PIE,FL,ASO,ES,Towers with Radar,47,14,52,17,130,0,0,24,18,42,47,14,76,35,172,60,28,88,260
06/10/2016,PIE,FL,ASO,ES,Towers with Radar,42,14,53,3,112,0,0,35,10,45,42,14,88,13,157,52,8,60,217
06/11/2016,PIE,FL,ASO,ES,Towers with Radar,43,8,34,1,86,0,0,55,7,62,43,8,89,8,148,117,16,133,281
06/12/2016,PIE,FL,ASO,ES,Towers with Radar,52,8,40,0,100,0,0,60,1,61,52,8,100,1,161,128,0,128,289
06/13/2016,PIE,FL,ASO,ES,Towers with Radar,48,5,63,9,125,0,0,47,22,69,48,5,110,31,194,76,26,102,296
06/14/2016,PIE,FL,ASO,ES,Towers with Radar,26,12,66,13,117,0,0,64,23,87,26,12,130,36,204,60,34,94,298
06/15/2016,PIE,FL,ASO,ES,Towers with Radar,35,2,69,12,118,0,4,88,30,122,35,6,157,42,240,110,36,146,386
06/16/2016,PIE,FL,ASO,ES,Towers with Radar,50,10,48,6,114,0,4,40,25,69,50,14,88,31,183,62,16,78,261
06/17/2016,PIE,FL,ASO,ES,Towers with Radar,41,7,57,7,112,0,2,38,11,51,41,9,95,18,163,14,4,18,181
06/18/2016,PIE,FL,ASO,ES,Towers with Radar,39,2,37,0,78,0,0,62,0,62,39,2,99,0,140,80,2,82,222
06/19/2016,PIE,FL,ASO,ES,Towers with Radar,44,6,26,2,78,0,0,21,4,25,44,6,47,6,103,74,0,74,177
06/20/2016,PIE,FL,ASO,ES,Towers with Radar,49,3,65,11,128,0,0,95,24,119,49,3,160,35,247,161,13,174,421
06/21/2016,PIE,FL,ASO,ES,Towers with Radar,25,12,54,12,103,0,1,89,22,112,25,13,143,34,215,114,10,124,339
06/22/2016,PIE,FL,ASO,ES,Towers with Radar,36,9,48,7,100,0,2,80,23,105,36,11,128,30,205,194,14,208,413
06/23/2016,PIE,FL,ASO,ES,Towers with Radar,51,13,64,5,133,0,1,80,18,99,51,14,144,23,232,208,0,208,440
06/24/2016,PIE,FL,ASO,ES,Towers with Radar,45,7,64,5,121,0,0,67,12,79,45,7,131,17,200,136,2,138,338
06/25/2016,PIE,FL,ASO,ES,Towers with Radar,39,9,43,3,94,0,0,65,10,75,39,9,108,13,169,58,6,64,233
06/26/2016,PIE,FL,ASO,ES,Towers with Radar,50,6,48,1,105,0,0,50,1,51,50,6,98,2,156,64,2,66,222
06/27/2016,PIE,FL,ASO,ES,Towers with Radar,51,10,40,14,115,0,0,43,16,59,51,10,83,30,174,72,8,80,254
06/28/2016,PIE,FL,ASO,ES,Towers with Radar,29,13,76,7,125,0,0,69,22,91,29,13,145,29,216,168,4,172,388
06/29/2016,PIE,FL,ASO,ES,Towers with Radar,34,4,57,12,107,0,0,110,27,137,34,4,167,39,244,282,26,308,552
06/30/2016,PIE,FL,ASO,ES,Towers with Radar,53,7,79,3,142,0,0,103,18,121,53,7,182,21,263,182,12,194,457
07/01/2016,PIE,FL,ASO,ES,Towers with Radar,46,9,78,2,135,0,1,85,4,90,46,10,163,6,225,90,2,92,317
07/02/2016,PIE,FL,ASO,ES,Towers with Radar,42,5,22,0,69,0,4,37,2,43,42,9,59,2,112,110,0,110,222
07/03/2016,PIE,FL,ASO,ES,Towers with Radar,44,3,27,0,74,0,0,52,3,55,44,3,79,3,129,100,0,100,229
07/04/2016,PIE,FL,ASO,ES,Towers with Radar,47,1,17,1,66,0,0,37,1,38,47,1,54,2,104,58,0,58,162
07/05/2016,PIE,FL,ASO,ES,Towers with Radar,38,11,53,12,114,0,2,56,14,72,38,13,109,26,186,102,8,110,296
07/06/2016,PIE,FL,ASO,ES,Towers with Radar,35,5,49,2,91,0,0,62,17,79,35,5,111,19,170,76,12,88,258
07/07/2016,PIE,FL,ASO,ES,Towers with Radar,52,10,56,11,129,0,0,58,24,82,52,10,114,35,211,184,28,212,423
07/08/2016,PIE,FL,ASO,ES,Towers with Radar,45,11,49,24,129,0,0,59,20,79,45,11,108,44,208,104,22,126,334
07/09/2016,PIE,FL,ASO,ES,Towers with Radar,43,6,61,5,115,0,2,75,14,91,43,8,136,19,206,121,0,121,327
07/10/2016,PIE,FL,ASO,ES,Towers with Radar,46,7,41,10,104,0,0,66,5,71,46,7,107,15,175,88,0,88,263
07/11/2016,PIE,FL,ASO,ES,Towers with Radar,47,4,70,11,132,0,0,79,21,100,47,4,149,32,232,60,16,76,308
07/12/2016,PIE,FL,ASO,ES,Towers with Radar,28,8,54,15,105,0,2,46,11,59,28,10,100,26,164,66,58,124,288
07/13/2016,PIE,FL,ASO,ES,Towers with Radar,33,11,46,6,96,0,2,65,21,88,33,13,111,27,184,96,38,134,318
07/14/2016,PIE,FL,ASO,ES,Towers with Radar,57,8,40,12,117,0,0,56,44,100,57,8,96,56,217,154,70,224,441
07/15/2016,PIE,FL,ASO,ES,Towers with Radar,43,7,52,13,115,0,0,79,33,112,43,7,131,46,227,196,22,218,445
07/16/2016,PIE,FL,ASO,ES,Towers with Radar,42,2,45,0,89,0,0,66,7,73,42,2,111,7,162,172,16,188,350
07/17/2016,PIE,FL,ASO,ES,Towers with Radar,51,8,54,6,119,0,0,53,8,61,51,8,107,14,180,90,1,91,271
07/18/2016,PIE,FL,ASO,ES,Towers with Radar,53,3,51,1,108,0,0,44,31,75,53,3,95,32,183,96,56,152,335
07/19/2016,PIE,FL,ASO,ES,Towers with Radar,23,9,59,4,95,0,3,67,29,99,23,12,126,33,194,88,30,118,312
07/20/2016,PIE,FL,ASO,ES,Towers with Radar,32,4,77,17,130,0,0,69,24,93,32,4,146,41,223,134,72,206,429
07/21/2016,PIE,FL,ASO,ES,Towers with Radar,49,8,64,9,130,0,1,42,22,65,49,9,106,31,195,110,18,128,323
07/22/2016,PIE,FL,ASO,ES,Towers with Radar,48,7,72,25,152,0,0,63,30,93,48,7,135,55,245,132,16,148,393
07/23/2016,PIE,FL,ASO,ES,Towers with Radar,41,3,43,0,87,0,0,69,0,69,41,3,112,0,156,80,8,88,244
07/24/2016,PIE,FL,ASO,ES,Towers with Radar,47,8,28,0,83,0,0,61,2,63,47,8,89,2,146,104,0,104,250
07/25/2016,PIE,FL,ASO,ES,Towers with Radar,51,3,51,22,127,0,1,58,30,89,51,4,109,52,216,96,12,108,324
07/26/2016,PIE,FL,ASO,ES,Towers with Radar,25,7,59,9,100,0,2,55,30,87,25,9,114,39,187,108,10,118,305
07/27/2016,PIE,FL,ASO,ES,Towers with Radar,27,6,72,4,109,0,0,77,12,89,27,6,149,16,198,62,6,68,266
07/28/2016,PIE,FL,ASO,ES,Towers with Radar,52,4,69,6,131,0,0,77,17,94,52,4,146,23,225,112,50,162,387
07/29/2016,PIE,FL,ASO,ES,Towers with Radar,41,5,67,3,116,0,0,61,9,70,41,5,128,12,186,22,8,30,216
07/30/2016,PIE,FL,ASO,ES,Towers with Radar,38,5,28,2,73,0,0,80,4,84,38,5,108,6,157,54,0,54,211
07/31/2016,PIE,FL,ASO,ES,Towers with Radar,57,1,47,1,106,0,0,79,7,86,57,1,126,8,192,108,2,110,302
08/01/2016,PIE,FL,ASO,ES,Towers with Radar,48,3,65,5,121,0,3,74,24,101,48,6,139,29,222,82,36,118,340
08/02/2016,PIE,FL,ASO,ES,Towers with Radar,25,4,53,9,91,0,2,73,11,86,25,6,126,20,177,46,110,156,333
08/03/2016,PIE,FL,ASO,ES,Towers with Radar,29,10,48,2,89,0,0,52,15,67,29,10,100,17,156,68,24,92,248
08/04/2016,PIE,FL,ASO,ES,Towers with Radar,53,15,32,4,104,0,0,27,0,27,53,15,59,4,131,20,0,20,151
08/05/2016,PIE,FL,ASO,ES,Towers with Radar,46,4,56,0,106,0,0,61,1,62,46,4,117,1,168,102,0,102,270
08/06/2016,PIE,FL,ASO,ES,Towers with Radar,38,5,28,0,71,0,0,35,1,36,38,5,63,1,107,28,76,104,211
08/07/2016,PIE,FL,ASO,ES,Towers with Radar,49,5,42,0,96,0,0,12,0,12,49,5,54,0,108,0,0,0,108
08/08/2016,PIE,FL,ASO,ES,Towers with Radar,48,6,28,4,86,0,0,18,5,23,48,6,46,9,109,59,4,63,172
08/09/2016,PIE,FL,ASO,ES,Towers with Radar,20,6,51,3,80,0,0,36,13,49,20,6,87,16,129,34,30,64,193
08/10/2016,PIE,FL,ASO,ES,Towers with Radar,28,6,57,9,100,0,0,56,23,79,28,6,113,32,179,66,23,89,268
08/11/2016,PIE,FL,ASO,ES,Towers with Radar,47,12,88,10,157,0,1,76,19,96,47,13,164,29,253,120,8,128,381
08/12/2016,PIE,FL,ASO,ES,Towers with Radar,47,4,49,6,106,0,0,44,9,53,47,4,93,15,159,92,2,94,253
08/13/2016,PIE,FL,ASO,ES,Towers with Radar,30,4,44,0,78,0,0,86,1,87,30,4,130,1,165,110,2,112,277
08/14/2016,PIE,FL,ASO,ES,Towers with Radar,48,6,36,1,91,0,0,87,3,90,48,6,123,4,181,108,1,109,290
08/15/2016,PIE,FL,ASO,ES,Towers with Radar,47,6,52,12,117,0,0,57,24,81,47,6,109,36,198,130,6,136,334
08/16/2016,PIE,FL,ASO,ES,Towers with Radar,20,6,46,12,84,0,0,97,24,121,20,6,143,36,205,128,6,134,339
08/17/2016,PIE,FL,ASO,ES,Towers with Radar,16,8,46,4,74,0,0,78,20,98,16,8,124,24,172,78,10,88,260
08/18/2016,PIE,FL,ASO,ES,Towers with Radar,48,4,48,17,117,0,0,67,35,102,48,4,115,52,219,118,58,176,395
08/19/2016,PIE,FL,ASO,ES,Towers with Radar,43,5,55,13,116,0,0,57,14,71,43,5,112,27,187,118,74,192,379
08/20/2016,PIE,FL,ASO,ES,Towers with Radar,12,5,35,0,52,0,0,53,5,58,12,5,88,5,110,46,0,46,156
08/21/2016,PIE,FL,ASO,ES,Towers with Radar,43,6,33,2,84,0,0,76,4,80,43,6,109,6,164,144,2,146,310
08/22/2016,PIE,FL,ASO,ES,Towers with Radar,47,4,44,23,118,0,0,43,24,67,47,4,87,47,185,52,30,82,267
08/23/2016,PIE,FL,ASO,ES,Towers with Radar,11,5,42,24,82,0,2,81,29,112,11,7,123,53,194,74,32,106,300
08/24/2016,PIE,FL,ASO,ES,Towers with Radar,14,2,58,21,95,0,0,35,22,57,14,2,93,43,152,66,4,70,222
08/25/2016,PIE,FL,ASO,ES,Towers with Radar,47,15,59,17,138,0,2,69,27,98,47,17,128,44,236,126,0,126,362
08/26/2016,PIE,FL,ASO,ES,Towers with Radar,43,7,68,9,127,0,0,57,26,83,43,7,125,35,210,58,15,73,283
08/27/2016,PIE,FL,ASO,ES,Towers with Radar,14,4,35,0,53,0,0,65,2,67,14,4,100,2,120,116,0,116,236
08/28/2016,PIE,FL,ASO,ES,Towers with Radar,40,2,38,0,80,0,0,33,0,33,40,2,71,0,113,64,0,64,177
08/29/2016,PIE,FL,ASO,ES,Towers with Radar,47,2,49,4,102,0,0,25,20,45,47,2,74,24,147,22,2,24,171
08/30/2016,PIE,FL,ASO,ES,Towers with Radar,18,4,41,5,68,0,0,25,3,28,18,4,66,8,96,54,16,70,166
08/31/2016,PIE,FL,ASO,ES,Towers with Radar,18,6,20,6,50,0,0,2,1,3,18,6,22,7,53,0,0,0,53
09/01/2016,PIE,FL,ASO,ES,Towers with Radar,46,2,16,0,64,0,0,0,2,2,46,2,16,2,66,0,0,0,66
09/02/2016,PIE,FL,ASO,ES,Towers with Radar,40,3,24,3,70,0,0,3,2,5,40,3,27,5,75,0,0,0,75
09/03/2016,PIE,FL,ASO,ES,Towers with Radar,17,5,20,1,43,0,2,27,0,29,17,7,47,1,72,56,0,56,128
09/04/2016,PIE,FL,ASO,ES,Towers with Radar,47,2,41,2,92,0,0,68,2,70,47,2,109,4,162,144,0,144,306
09/05/2016,PIE,FL,ASO,ES,Towers with Radar,46,7,27,1,81,0,0,28,0,28,46,7,55,1,109,84,0,84,193
09/06/2016,PIE,FL,ASO,ES,Towers with Radar,11,11,57,5,84,0,0,61,15,76,11,11,118,20,160,134,30,164,324
09/07/2016,PIE,FL,ASO,ES,Towers with Radar,16,7,63,11,97,0,0,64,8,72,16,7,127,19,169,92,0,92,261
09/08/2016,PIE,FL,ASO,ES,Towers with Radar,48,10,79,15,152,0,0,78,29,107,48,10,157,44,259,104,36,140,399
09/09/2016,PIE,FL,ASO,ES,Towers with Radar,52,20,72,8,152,0,0,75,14,89,52,20,147,22,241,90,8,98,339
09/10/2016,PIE,FL,ASO,ES,Towers with Radar,11,10,58,3,82,0,0,49,6,55,11,10,107,9,137,0,0,0,137
09/11/2016,PIE,FL,ASO,ES,Towers with Radar,41,10,52,3,106,0,0,95,13,108,41,10,147,16,214,212,16,228,442
09/12/2016,PIE,FL,ASO,ES,Towers with Radar,50,4,83,3,140,0,0,35,2,37,50,4,118,5,177,32,6,38,215
09/13/2016,PIE,FL,ASO,ES,Towers with Radar,5,11,52,16,84,0,0,67,18,85,5,11,119,34,169,124,24,148,317
09/14/2016,PIE,FL,ASO,ES,Towers with Radar,9,9,48,19,85,0,0,51,23,74,9,9,99,42,159,76,78,154,313
09/15/2016,PIE,FL,ASO,ES,Towers with Radar,51,10,53,14,128,0,0,56,21,77,51,10,109,35,205,148,18,166,371
09/16/2016,PIE,FL,ASO,ES,Towers with Radar,41,10,55,11,117,0,0,54,14,68,41,10,109,25,185,64,22,86,271
09/17/2016,PIE,FL,ASO,ES,Towers with Radar,12,2,39,5,58,0,0,53,6,59,12,2,92,11,117,108,6,114,231
09/18/2016,PIE,FL,ASO,ES,Towers with Radar,40,4,30,5,79,0,0,31,0,31,40,4,61,5,110,36,0,36,146
09/19/2016,PIE,FL,ASO,ES,Towers with Radar,44,9,58,16,127,0,0,41,27,68,44,9,99,43,195,74,44,118,313
09/20/2016,PIE,FL,ASO,ES,Towers with Radar,13,10,55,25,103,0,0,54,24,78,13,10,109,49,181,78,4,82,263
09/21/2016,PIE,FL,ASO,ES,Towers with Radar,11,20,65,13,109,0,0,76,21,97,11,20,141,34,206,182,66,248,454
09/22/2016,PIE,FL,ASO,ES,Towers with Radar,47,14,63,9,133,0,1,52,14,67,47,15,115,23,200,100,4,104,304
09/23/2016,PIE,FL,ASO,ES,Towers with Radar,43,22,52,14,131,0,0,37,12,49,43,22,89,26,180,60,6,66,246
09/24/2016,PIE,FL,ASO,ES,Towers with Radar,12,13,27,1,53,0,3,57,5,65,12,16,84,6,118,72,0,72,190
09/25/2016,PIE,FL,ASO,ES,Towers with Radar,43,4,31,2,80,0,0,58,3,61,43,4,89,5,141,138,0,138,279
09/26/2016,PIE,FL,ASO,ES,Towers with Radar,44,5,38,23,110,0,1,31,18,50,44,6,69,41,160,94,20,114,274
09/27/2016,PIE,FL,ASO,ES,Towers with Radar,10,8,36,12,66,0,0,68,16,84,10,8,104,28,150,70,8,78,228
09/28/2016,PIE,FL,ASO,ES,Towers with Radar,9,11,64,24,108,0,0,60,12,72,9,11,124,36,180,47,53,100,280
09/29/2016,PIE,FL,ASO,ES,Towers with Radar,49,10,51,8,118,0,3,57,17,77,49,13,108,25,195,80,30,110,305
09/30/2016,PIE,FL,ASO,ES,Towers with Radar,47,11,69,10,137,0,2,62,8,72,47,13,131,18,209,65,40,105,314
10/01/2016,PIE,FL,ASO,ES,Towers with Radar,15,4,48,2,69,0,0,104,0,104,15,4,152,2,173,138,0,138,311
10/02/2016,PIE,FL,ASO,ES,Towers with Radar,45,10,66,3,124,0,0,56,5,61,45,10,122,8,185,30,0,30,215
10/03/2016,PIE,FL,ASO,ES,Towers with Radar,45,8,68,15,136,0,0,65,19,84,45,8,133,34,220,115,6,121,341
10/04/2016,PIE,FL,ASO,ES,Towers with Radar,16,5,50,3,74,0,0,80,10,90,16,5,130,13,164,78,14,92,256
10/05/2016,PIE,FL,ASO,ES,Towers with Radar,18,19,70,23,130,0,0,43,18,61,18,19,113,41,191,72,28,100,291
10/06/2016,PIE,FL,ASO,ES,Towers with Radar,64,4,39,6,113,0,0,11,12,23,64,4,50,18,136,20,0,20,156
10/07/2016,PIE,FL,ASO,ES,Towers with Radar,53,6,13,4,76,0,0,6,3,9,53,6,19,7,85,0,0,0,85
10/08/2016,PIE,FL,ASO,ES,Towers with Radar,29,10,54,5,98,0,0,56,12,68,29,10,110,17,166,46,2,48,214
10/09/2016,PIE,FL,ASO,ES,Towers with Radar,47,4,35,3,89,0,1,55,0,56,47,5,90,3,145,136,0,136,281
10/10/2016,PIE,FL,ASO,ES,Towers with Radar,55,10,43,1,109,0,3,45,5,53,55,13,88,6,162,100,0,100,262
10/11/2016,PIE,FL,ASO,ES,Towers with Radar,18,12,74,6,110,0,1,84,13,98,18,13,158,19,208,170,0,170,378
10/12/2016,PIE,FL,ASO,ES,Towers with Radar,17,10,63,17,107,0,0,76,21,97,17,10,139,38,204,255,21,276,480
10/13/2016,PIE,FL,ASO,ES,Towers with Radar,47,16,72,11,146,0,0,90,27,117,47,16,162,38,263,198,26,224,487
10/14/2016,PIE,FL,ASO,ES,Towers with Radar,49,20,69,8,146,0,2,62,12,76,49,22,131,20,222,212,22,234,456
10/15/2016,PIE,FL,ASO,ES,Towers with Radar,19,14,46,5,84,0,1,62,7,70,19,15,108,12,154,78,0,78,232
10/16/2016,PIE,FL,ASO,ES,Towers with Radar,44,14,40,1,99,0,2,62,10,74,44,16,102,11,173,34,0,34,207
10/17/2016,PIE,FL,ASO,ES,Towers with Radar,55,16,82,10,163,0,2,58,20,80,55,18,140,30,243,148,24,172,415
10/18/2016,PIE,FL,ASO,ES,Towers with Radar,24,12,34,4,74,0,0,80,10,90,24,12,114,14,164,226,0,226,390
10/19/2016,PIE,FL,ASO,ES,Towers with Radar,16,12,63,15,106,0,5,85,22,112,16,17,148,37,218,244,10,254,472
10/20/2016,PIE,FL,ASO,ES,Towers with Radar,52,9,95,21,177,0,6,103,34,143,52,15,198,55,320,212,44,256,576
10/21/2016,PIE,FL,ASO,ES,Towers with Radar,51,17,71,14,153,0,4,93,26,123,51,21,164,40,276,244,0,244,520
10/22/2016,PIE,FL,ASO,ES,Towers with Radar,16,19,38,3,76,0,4,56,4,64,16,23,94,7,140,85,0,85,225
10/23/2016,PIE,FL,ASO,ES,Towers with Radar,47,11,72,6,136,0,0,61,6,67,47,11,133,12,203,80,0,80,283
10/24/2016,PIE,FL,ASO,ES,Towers with Radar,51,13,72,17,153,0,1,91,43,135,51,14,163,60,288,192,60,252,540
10/25/2016,PIE,FL,ASO,ES,Towers with Radar,20,14,57,12,103,0,3,70,25,98,20,17,127,37,201,116,24,140,341
10/26/2016,PIE,FL,ASO,ES,Towers with Radar,21,5,72,10,108,0,1,57,24,82,21,6,129,34,190,138,30,168,358
10/27/2016,PIE,FL,ASO,ES,Towers with Radar,50,17,87,19,173,0,1,68,20,89,50,18,155,39,262,138,13,151,413
10/28/2016,PIE,FL,ASO,ES,Towers with Radar,51,10,79,4,144,0,0,77,22,99,51,10,156,26,243,144,12,156,399
10/29/2016,PIE,FL,ASO,ES,Towers with Radar,19,7,48,1,75,0,2,69,2,73,19,9,117,3,148,38,1,39,187
10/30/2016,PIE,FL,ASO,ES,Towers with Radar,46,5,40,0,91,0,0,46,5,51,46,5,86,5,142,94,7,101,243
10/31/2016,PIE,FL,ASO,ES,Towers with Radar,52,4,57,17,130,0,0,65,15,80,52,4,122,32,210,154,0,154,364
11/01/2016,PIE,FL,ASO,ES,Towers with Radar,18,8,76,6,108,0,0,65,11,76,18,8,141,17,184,70,2,72,256
11/02/2016,PIE,FL,ASO,ES,Towers with Radar,15,7,53,9,84,0,0,86,21,107,15,7,139,30,191,230,73,303,494
11/03/2016,PIE,FL,ASO,ES,Towers with Radar,51,7,71,8,137,1,0,98,26,125,52,7,169,34,262,79,74,153,415
11/04/2016,PIE,FL,ASO,ES,Towers with Radar,54,18,69,15,156,0,1,86,18,105,54,19,155,33,261,128,14,142,403
11/05/2016,PIE,FL,ASO,ES,Towers with Radar,17,14,50,2,83,0,2,88,24,114,17,16,138,26,197,68,6,74,271
11/06/2016,PIE,FL,ASO,ES,Towers with Radar,50,10,39,2,101,0,0,54,12,66,50,10,93,14,167,54,18,72,239
11/07/2016,PIE,FL,ASO,ES,Towers with Radar,57,11,42,17,127,0,1,73,26,100,57,12,115,43,227,70,2,72,299
11/08/2016,PIE,FL,ASO,ES,Towers with Radar,16,11,25,9,61,0,1,74,41,116,16,12,99,50,177,196,42,238,415
11/09/2016,PIE,FL,ASO,ES,Towers with Radar,22,16,62,19,119,0,0,92,27,119,22,16,154,46,238,134,55,189,427
11/10/2016,PIE,FL,ASO,ES,Towers with Radar,52,14,59,7,132,0,2,95,27,124,52,16,154,34,256,140,34,174,430
11/11/2016,PIE,FL,ASO,ES,Towers with Radar,52,11,70,0,133,0,2,80,6,88,52,13,150,6,221,118,0,118,339
11/12/2016,PIE,FL,ASO,ES,Towers with Radar,17,18,32,1,68,0,2,101,5,108,17,20,133,6,176,184,0,184,360
11/13/2016,PIE,FL,ASO,ES,Towers with Radar,46,8,41,6,101,0,0,50,1,51,46,8,91,7,152,105,7,112,264
11/14/2016,PIE,FL,ASO,ES,Towers with Radar,54,7,56,18,135,0,0,35,15,50,54,7,91,33,185,116,34,150,335
11/15/2016,PIE,FL,ASO,ES,Towers with Radar,19,5,64,20,108,0,2,71,29,102,19,7,135,49,210,128,44,172,382
11/16/2016,PIE,FL,ASO,ES,Towers with Radar,28,8,81,10,127,0,2,100,33,135,28,10,181,43,262,150,70,220,482
11/17/2016,PIE,FL,ASO,ES,Towers with Radar,54,13,67,22,156,0,3,77,29,109,54,16,144,51,265,110,14,124,389
11/18/2016,PIE,FL,ASO,ES,Towers with Radar,49,8,76,9,142,0,0,84,21,105,49,8,160,30,247,153,14,167,414
11/19/2016,PIE,FL,ASO,ES,Towers with Radar,21,11,63,4,99,0,0,66,6,72,21,11,129,10,171,110,8,118,289
11/20/2016,PIE,FL,ASO,ES,Towers with Radar,49,3,46,5,103,0,0,52,1,53,49,3,98,6,156,54,0,54,210
11/21/2016,PIE,FL,ASO,ES,Towers with Radar,50,12,64,11,137,0,0,93,31,124,50,12,157,42,261,187,59,246,507
11/22/2016,PIE,FL,ASO,ES,Towers with Radar,43,10,69,14,136,0,0,90,35,125,43,10,159,49,261,292,48,340,601
11/23/2016,PIE,FL,ASO,ES,Towers with Radar,61,13,63,6,143,0,0,98,23,121,61,13,161,29,264,175,4,179,443
11/24/2016,PIE,FL,ASO,ES,Towers with Radar,28,5,10,2,45,0,0,27,0,27,28,5,37,2,72,62,0,62,134
11/25/2016,PIE,FL,ASO,ES,Towers with Radar,38,8,41,2,89,0,0,61,2,63,38,8,102,4,152,76,0,76,228
11/26/2016,PIE,FL,ASO,ES,Towers with Radar,53,10,48,2,113,0,5,41,0,46,53,15,89,2,159,82,3,85,244
11/27/2016,PIE,FL,ASO,ES,Towers with Radar,54,8,58,3,123,0,0,53,2,55,54,8,111,5,178,92,4,96,274
11/28/2016,PIE,FL,ASO,ES,Towers with Radar,49,11,57,0,117,0,0,42,21,63,49,11,99,21,180,86,18,104,284
11/29/2016,PIE,FL,ASO,ES,Towers with Radar,17,14,61,28,120,0,0,41,35,76,17,14,102,63,196,58,66,124,320
11/30/2016,PIE,FL,ASO,ES,Towers with Radar,22,17,84,28,151,0,0,60,38,98,22,17,144,66,249,80,98,178,427
12/01/2016,PIE,FL,ASO,ES,Towers with Radar,45,13,76,20,154,0,0,48,33,81,45,13,124,53,235,70,91,161,396
12/02/2016,PIE,FL,ASO,ES,Towers with Radar,53,16,64,13,146,0,1,89,33,123,53,17,153,46,269,184,40,224,493
12/03/2016,PIE,FL,ASO,ES,Towers with Radar,21,4,40,5,70,0,0,85,10,95,21,4,125,15,165,170,0,170,335
12/04/2016,PIE,FL,ASO,ES,Towers with Radar,45,6,41,2,94,0,4,37,0,41,45,10,78,2,135,86,0,86,221
12/05/2016,PIE,FL,ASO,ES,Towers with Radar,50,5,52,26,133,0,1,47,23,71,50,6,99,49,204,21,65,86,290
12/06/2016,PIE,FL,ASO,ES,Towers with Radar,22,8,52,11,93,0,0,2,7,9,22,8,54,18,102,0,0,0,102
12/07/2016,PIE,FL,ASO,ES,Towers with Radar,17,9,70,12,108,0,2,74,22,98,17,11,144,34,206,112,34,146,352
12/08/2016,PIE,FL,ASO,ES,Towers with Radar,46,12,80,6,144,0,3,59,39,101,46,15,139,45,245,123,102,225,470
12/09/2016,PIE,FL,ASO,ES,Towers with Radar,52,11,58,3,124,0,0,60,9,69,52,11,118,12,193,92,0,92,285
12/10/2016,PIE,FL,ASO,ES,Towers with Radar,16,11,35,3,65,1,0,47,5,53,17,11,82,8,118,40,0,40,158
12/11/2016,PIE,FL,ASO,ES,Towers with Radar,44,8,54,3,109,0,0,46,11,57,44,8,100,14,166,79,10,89,255
12/12/2016,PIE,FL,ASO,ES,Towers with Radar,51,11,53,20,135,0,0,47,29,76,51,11,100,49,211,120,25,145,356
12/13/2016,PIE,FL,ASO,ES,Towers with Radar,18,8,71,6,103,0,0,49,22,71,18,8,120,28,174,114,44,158,332
12/14/2016,PIE,FL,ASO,ES,Towers with Radar,21,21,77,10,129,0,0,46,29,75,21,21,123,39,204,246,95,341,545
12/15/2016,PIE,FL,ASO,ES,Towers with Radar,52,25,88,6,171,0,2,52,24,78,52,27,140,30,249,110,24,134,383
12/16/2016,PIE,FL,ASO,ES,Towers with Radar,55,14,64,4,137,0,4,94,9,107,55,18,158,13,244,188,22,210,454
12/17/2016,PIE,FL,ASO,ES,Towers with Radar,20,8,40,4,72,0,2,68,2,72,20,10,108,6,144,120,2,122,266
12/18/2016,PIE,FL,ASO,ES,Towers with Radar,41,4,27,6,78,0,0,19,1,20,41,4,46,7,98,72,0,72,170
12/19/2016,PIE,FL,ASO,ES,Towers with Radar,61,7,63,14,145,0,0,54,14,68,61,7,117,28,213,112,46,158,371
12/20/2016,PIE,FL,ASO,ES,Towers with Radar,45,6,56,5,112,0,0,17,1,18,45,6,73,6,130,108,0,108,238
12/21/2016,PIE,FL,ASO,ES,Towers with Radar,50,5,55,0,110,0,2,30,0,32,50,7,85,0,142,86,0,86,228
12/22/2016,PIE,FL,ASO,ES,Towers with Radar,68,4,52,5,129,0,0,75,12,87,68,4,127,17,216,150,5,155,371
12/23/2016,PIE,FL,ASO,ES,Towers with Radar,64,13,54,5,136,0,0,53,2,55,64,13,107,7,191,76,14,90,281
12/24/2016,PIE,FL,ASO,ES,Towers with Radar,58,3,21,0,82,0,0,35,3,38,58,3,56,3,120,40,0,40,160
12/25/2016,PIE,FL,ASO,ES,Towers with Radar,45,7,11,0,63,0,0,8,1,9,45,7,19,1,72,0,0,0,72
12/26/2016,PIE,FL,ASO,ES,Towers with Radar,52,25,56,2,135,0,0,62,4,66,52,25,118,6,201,64,0,64,265
12/27/2016,PIE,FL,ASO,ES,Towers with Radar,55,3,41,1,100,0,0,58,4,62,55,3,99,5,162,122,46,168,330
12/28/2016,PIE,FL,ASO,ES,Towers with Radar,48,16,42,9,115,0,0,88,6,94,48,16,130,15,209,138,4,142,351
12/29/2016,PIE,FL,ASO,ES,Towers with Radar,52,18,50,4,124,0,0,73,7,80,52,18,123,11,204,174,0,174,378
12/30/2016,PIE,FL,ASO,ES,Towers with Radar,55,12,54,1,122,0,2,65,2,69,55,14,119,3,191,100,0,100,291
12/31/2016,PIE,FL,ASO,ES,Towers with Radar,55,8,37,0,100,0,1,64,1,66,55,9,101,1,166,106,0,106,272
01/01/2017,PIE,FL,ASO,ES,Towers with Radar,41,12,26,0,79,0,1,23,0,24,41,13,49,0,103,6,0,6,109
01/02/2017,PIE,FL,ASO,ES,Towers with Radar,53,18,62,1,134,0,2,63,0,65,53,20,125,1,199,108,0,108,307
01/03/2017,PIE,FL,ASO,ES,Towers with Radar,56,10,59,3,128,0,0,3,1,4,56,10,62,4,132,0,0,0,132
01/04/2017,PIE,FL,ASO,ES,Towers with Radar,34,15,53,10,112,0,0,39,28,67,34,15,92,38,179,117,38,155,334
01/05/2017,PIE,FL,ASO,ES,Towers with Radar,54,7,64,13,138,0,1,80,15,96,54,8,144,28,234,144,2,146,380
01/06/2017,PIE,FL,ASO,ES,Towers with Radar,55,3,61,5,124,0,0,80,19,99,55,3,141,24,223,158,37,195,418
01/07/2017,PIE,FL,ASO,ES,Towers with Radar,27,12,35,2,76,0,0,3,7,10,27,12,38,9,86,0,0,0,86
01/08/2017,PIE,FL,ASO,ES,Towers with Radar,43,22,61,0,126,0,4,52,13,69,43,26,113,13,195,54,0,54,249
01/09/2017,PIE,FL,ASO,ES,Towers with Radar,54,20,94,6,174,0,4,53,27,84,54,24,147,33,258,68,55,123,381
01/10/2017,PIE,FL,ASO,ES,Towers with Radar,28,37,99,9,173,0,4,74,15,93,28,41,173,24,266,66,30,96,362
01/11/2017,PIE,FL,ASO,ES,Towers with Radar,24,21,78,7,130,0,0,75,26,101,24,21,153,33,231,131,19,150,381
01/12/2017,PIE,FL,ASO,ES,Towers with Radar,54,15,65,24,158,0,2,78,31,111,54,17,143,55,269,148,22,170,439
01/13/2017,PIE,FL,ASO,ES,Towers with Radar,48,14,71,9,142,0,1,72,27,100,48,15,143,36,242,254,30,284,526
01/14/2017,PIE,FL,ASO,ES,Towers with Radar,19,8,58,2,87,0,0,70,5,75,19,8,128,7,162,126,0,126,288
01/15/2017,PIE,FL,ASO,ES,Towers with Radar,49,4,58,3,114,0,7,60,4,71,49,11,118,7,185,76,0,76,261
01/16/2017,PIE,FL,ASO,ES,Towers with Radar,48,12,65,4,129,0,0,79,7,86,48,12,144,11,215,130,0,130,345
01/17/2017,PIE,FL,ASO,ES,Towers with Radar,17,7,78,16,118,0,0,76,22,98,17,7,154,38,216,154,0,154,370
01/18/2017,PIE,FL,ASO,ES,Towers with Radar,22,11,64,6,103,0,2,86,24,112,22,13,150,30,215,236,70,306,521
01/19/2017,PIE,FL,ASO,ES,Towers with Radar,55,12,75,4,146,0,4,87,28,119,55,16,162,32,265,154,54,208,473
01/20/2017,PIE,FL,ASO,ES,Towers with Radar,52,12,58,2,124,0,1,58,45,104,52,13,116,47,228,136,25,161,389
01/21/2017,PIE,FL,ASO,ES,Towers with Radar,16,9,29,5,59,0,0,66,4,70,16,9,95,9,129,110,6,116,245
01/22/2017,PIE,FL,ASO,ES,Towers with Radar,44,10,21,7,82,0,0,1,2,3,44,10,22,9,85,0,2,2,87
01/23/2017,PIE,FL,ASO,ES,Towers with Radar,51,13,38,14,116,0,0,6,21,27,51,13,44,35,143,4,18,22,165
01/24/2017,PIE,FL,ASO,ES,Towers with Radar,17,12,50,7,86,0,0,67,29,96,17,12,117,36,182,116,12,128,310
01/25/2017,PIE,FL,ASO,ES,Towers with Radar,22,15,70,28,135,0,0,69,38,107,22,15,139,66,242,167,24,191,433
01/26/2017,PIE,FL,ASO,ES,Towers with Radar,55,21,61,6,143,0,0,30,20,50,55,21,91,26,193,82,4,86,279
01/27/2017,PIE,FL,ASO,ES,Towers with Radar,49,12,63,21,145,0,1,82,28,111,49,13,145,49,256,128,2,130,386
01/28/2017,PIE,FL,ASO,ES,Towers with Radar,19,10,42,4,75,0,0,71,4,75,19,10,113,8,150,86,0,86,236
01/29/2017,PIE,FL,ASO,ES,Towers with Radar,49,3,37,2,91,0,0,46,2,48,49,3,83,4,139,26,4,30,169
01/30/2017,PIE,FL,ASO,ES,Towers with Radar,49,6,65,17,137,0,0,83,28,111,49,6,148,45,248,114,30,144,392
01/31/2017,PIE,FL,ASO,ES,Towers with Radar,18,11,77,28,134,0,0,100,24,124,18,11,177,52,258,173,14,187,445
02/01/2017,PIE,FL,ASO,ES,Towers with Radar,29,11,76,13,129,0,1,74,35,110,29,12,150,48,239,129,32,161,400
02/02/2017,PIE,FL,ASO,ES,Towers with Radar,54,15,72,30,171,0,2,91,33,126,54,17,163,63,297,163,24,187,484
02/03/2017,PIE,FL,ASO,ES,Towers with Radar,48,18,78,24,168,0,0,88,22,110,48,18,166,46,278,116,0,116,394
02/04/2017,PIE,FL,ASO,ES,Towers with Radar,22,15,53,3,93,0,0,59,2,61,22,15,112,5,154,93,0,93,247
02/05/2017,PIE,FL,ASO,ES,Towers with Radar,48,5,54,9,116,0,0,51,6,57,48,5,105,15,173,70,6,76,249
02/06/2017,PIE,FL,ASO,ES,Towers with Radar,48,12,58,6,124,0,0,40,9,49,48,12,98,15,173,52,14,66,239
02/07/2017,PIE,FL,ASO,ES,Towers with Radar,23,5,76,8,112,0,0,85,4,89,23,5,161,12,201,50,10,60,261
02/08/2017,PIE,FL,ASO,ES,Towers with Radar,23,14,103,12,152,0,0,53,13,66,23,14,156,25,218,40,0,40,258
02/09/2017,PIE,FL,ASO,ES,Towers with Radar,49,14,73,14,150,0,1,56,19,76,49,15,129,33,226,24,24,48,274
02/10/2017,PIE,FL,ASO,ES,Towers with Radar,54,11,39,20,124,0,0,93,27,120,54,11,132,47,244,134,2,136,380
02/11/2017,PIE,FL,ASO,ES,Towers with Radar,26,11,51,1,89,0,0,92,14,106,26,11,143,15,195,98,34,132,327
02/12/2017,PIE,FL,ASO,ES,Towers with Radar,48,8,50,13,119,0,0,90,14,104,48,8,140,27,223,154,10,164,387
02/13/2017,PIE,FL,ASO,ES,Towers with Radar,56,14,64,9,143,0,0,36,15,51,56,14,100,24,194,158,77,235,429
02/14/2017,PIE,FL,ASO,ES,Towers with Radar,21,13,63,7,104,0,0,54,23,77,21,13,117,30,181,108,34,142,323
02/15/2017,PIE,FL,ASO,ES,Towers with Radar,33,12,54,19,118,0,0,6,12,18,33,12,60,31,136,0,0,0,136
02/16/2017,PIE,FL,ASO,ES,Towers with Radar,61,15,72,15,163,0,0,98,27,125,61,15,170,42,288,112,20,132,420
02/17/2017,PIE,FL,ASO,ES,Towers with Radar,51,23,55,6,135,0,5,111,17,133,51,28,166,23,268,181,14,195,463
02/18/2017,PIE,FL,ASO,ES,Towers with Radar,35,15,40,3,93,0,0,25,2,27,35,15,65,5,120,18,2,20,140
02/19/2017,PIE,FL,ASO,ES,Towers with Radar,52,8,52,4,116,0,0,49,0,49,52,8,101,4,165,74,0,74,239
02/20/2017,PIE,FL,ASO,ES,Towers with Radar,54,25,65,3,147,0,0,83,1,84,54,25,148,4,231,204,0,204,435
02/21/2017,PIE,FL,ASO,ES,Towers with Radar,35,20,71,19,145,0,0,85,27,112,35,20,156,46,257,166,20,186,443
02/22/2017,PIE,FL,ASO,ES,Towers with Radar,38,14,41,8,101,0,0,8,10,18,38,14,49,18,119,4,14,18,137
02/23/2017,PIE,FL,ASO,ES,Towers with Radar,61,19,84,17,181,0,0,76,13,89,61,19,160,30,270,212,28,240,510
02/24/2017,PIE,FL,ASO,ES,Towers with Radar,51,15,88,22,176,0,0,82,26,108,51,15,170,48,284,198,0,198,482
02/25/2017,PIE,FL,ASO,ES,Towers with Radar,38,9,76,3,126,0,0,74,3,77,38,9,150,6,203,155,8,163,366
02/26/2017,PIE,FL,ASO,ES,Towers with Radar,54,14,60,7,135,0,0,60,4,64,54,14,120,11,199,58,4,62,261
02/27/2017,PIE,FL,ASO,ES,Towers with Radar,47,13,55,20,135,0,3,69,43,115,47,16,124,63,250,178,54,232,482
02/28/2017,PIE,FL,ASO,ES,Towers with Radar,40,9,94,32,175,0,1,65,30,96,40,10,159,62,271,146,14,160,431
03/01/2017,PIE,FL,ASO,ES,Towers with Radar,39,13,61,16,129,0,2,89,42,133,39,15,150,58,262,228,42,270,532
03/02/2017,PIE,FL,ASO,ES,Towers with Radar,59,12,90,17,178,0,0,69,32,101,59,12,159,49,279,198,60,258,537
03/03/2017,PIE,FL,ASO,ES,Towers with Radar,53,11,56,31,151,0,0,86,38,124,53,11,142,69,275,146,42,188,463
03/04/2017,PIE,FL,ASO,ES,Towers with Radar,40,5,38,1,84,0,0,74,3,77,40,5,112,4,161,120,0,120,281
03/05/2017,PIE,FL,ASO,ES,Towers with Radar,53,13,40,0,106,0,0,25,1,26,53,13,65,1,132,30,0,30,162
03/06/2017,PIE,FL,ASO,ES,Towers with Radar,51,17,29,10,107,0,4,42,31,77,51,21,71,41,184,14,21,35,219
03/07/2017,PIE,FL,ASO,ES,Towers with Radar,36,23,49,10,118,0,0,54,41,95,36,23,103,51,213,85,2,87,300
03/08/2017,PIE,FL,ASO,ES,Towers with Radar,46,20,90,24,180,0,2,75,56,133,46,22,165,80,313,107,36,143,456
03/09/2017,PIE,FL,ASO,ES,Towers with Radar,66,22,99,8,195,0,0,84,38,122,66,22,183,46,317,163,14,177,494
03/10/2017,PIE,FL,ASO,ES,Towers with Radar,51,28,93,23,195,0,1,71,21,93,51,29,164,44,288,176,18,194,482
03/11/2017,PIE,FL,ASO,ES,Towers with Radar,42,22,68,1,133,0,8,80,10,98,42,30,148,11,231,72,0,72,303
03/12/2017,PIE,FL,ASO,ES,Towers with Radar,57,34,62,5,158,0,0,41,8,49,57,34,103,13,207,37,2,39,246
03/13/2017,PIE,FL,ASO,ES,Towers with Radar,51,15,65,15,146,0,3,56,22,81,51,18,121,37,227,110,43,153,380
03/14/2017,PIE,FL,ASO,ES,Towers with Radar,38,18,60,19,135,0,0,35,33,68,38,18,95,52,203,43,40,83,286
03/15/2017,PIE,FL,ASO,ES,Towers with Radar,55,15,82,19,171,0,3,62,25,90,55,18,144,44,261,173,33,206,467
03/16/2017,PIE,FL,ASO,ES,Towers with Radar,57,17,66,12,152,0,3,93,10,106,57,20,159,22,258,208,4,212,470
03/17/2017,PIE,FL,ASO,ES,Towers with Radar,54,15,72,20,161,0,2,88,6,96,54,17,160,26,257,150,0,150,407
03/18/2017,PIE,FL,ASO,ES,Towers with Radar,49,10,47,12,118,0,0,69,5,74,49,10,116,17,192,76,4,80,272
03/19/2017,PIE,FL,ASO,ES,Towers with Radar,56,13,50,6,125,0,0,65,5,70,56,13,115,11,195,56,20,76,271
03/20/2017,PIE,FL,ASO,ES,Towers with Radar,52,10,74,12,148,0,0,84,28,112,52,10,158,40,260,242,74,316,576
03/21/2017,PIE,FL,ASO,ES,Towers with Radar,44,20,72,20,156,0,1,89,30,120,44,21,161,50,276,206,43,249,525
03/22/2017,PIE,FL,ASO,ES,Towers with Radar,46,12,88,10,156,0,0,90,24,114,46,12,178,34,270,218,22,240,510
03/23/2017,PIE,FL,ASO,ES,Towers with Radar,59,26,85,3,173,0,3,69,21,93,59,29,154,24,266,133,14,147,413
03/24/2017,PIE,FL,ASO,ES,Towers with Radar,57,32,71,12,172,0,0,79,12,91,57,32,150,24,263,40,12,52,315
03/25/2017,PIE,FL,ASO,ES,Towers with Radar,51,7,54,2,114,0,4,52,11,67,51,11,106,13,181,80,11,91,272
03/26/2017,PIE,FL,ASO,ES,Towers with Radar,52,17,52,1,122,0,0,75,6,81,52,17,127,7,203,84,2,86,289
03/27/2017,PIE,FL,ASO,ES,Towers with Radar,55,8,51,11,125,0,0,93,23,116,55,8,144,34,241,211,30,241,482
03/28/2017,PIE,FL,ASO,ES,Towers with Radar,39,21,79,8,147,0,2,83,30,115,39,23,162,38,262,146,8,154,416
03/29/2017,PIE,FL,ASO,ES,Towers with Radar,40,14,78,11,143,0,3,108,40,151,40,17,186,51,294,185,4,189,483
03/30/2017,PIE,FL,ASO,ES,Towers with Radar,62,18,85,8,173,0,2,61,35,98,62,20,146,43,271,173,2,175,446
03/31/2017,PIE,FL,ASO,ES,Towers with Radar,55,15,66,3,139,0,0,26,17,43,55,15,92,20,182,51,30,81,263
04/01/2017,PIE,FL,ASO,ES,Towers with Radar,46,11,46,1,104,0,0,73,4,77,46,11,119,5,181,188,0,188,369
04/02/2017,PIE,FL,ASO,ES,Towers with Radar,52,18,59,2,131,0,0,59,2,61,52,18,118,4,192,62,0,62,254
04/03/2017,PIE,FL,ASO,ES,Towers with Radar,56,13,66,7,142,0,0,31,17,48,56,13,97,24,190,39,12,51,241
04/04/2017,PIE,FL,ASO,ES,Towers with Radar,36,5,64,10,115,0,0,16,20,36,36,5,80,30,151,72,8,80,231
04/05/2017,PIE,FL,ASO,ES,Towers with Radar,39,7,58,27,131,0,0,49,19,68,39,7,107,46,199,46,100,146,345
04/06/2017,PIE,FL,ASO,ES,Towers with Radar,57,19,68,11,155,0,2,37,13,52,57,21,105,24,207,18,12,30,237
04/07/2017,PIE,FL,ASO,ES,Towers with Radar,50,17,74,12,153,0,4,67,17,88,50,21,141,29,241,64,0,64,305
04/08/2017,PIE,FL,ASO,ES,Towers with Radar,45,10,42,6,103,0,0,59,10,69,45,10,101,16,172,118,0,118,290
04/09/2017,PIE,FL,ASO,ES,Towers with Radar,56,9,65,5,135,0,0,45,5,50,56,9,110,10,185,52,2,54,239
04/10/2017,PIE,FL,ASO,ES,Towers with Radar,52,9,79,20,160,0,0,86,14,100,52,9,165,34,260,252,42,294,554
04/11/2017,PIE,FL,ASO,ES,Towers with Radar,38,11,79,2,130,0,1,82,9,92,38,12,161,11,222,98,1,99,321
04/12/2017,PIE,FL,ASO,ES,Towers with Radar,35,13,79,12,139,0,0,108,29,137,35,13,187,41,276,260,26,286,562
04/13/2017,PIE,FL,ASO,ES,Towers with Radar,58,17,96,6,177,0,0,93,21,114,58,17,189,27,291,145,22,167,458
04/14/2017,PIE,FL,ASO,ES,Towers with Radar,48,10,75,7,140,0,0,74,12,86,48,10,149,19,226,146,0,146,372
04/15/2017,PIE,FL,ASO,ES,Towers with Radar,43,7,33,9,92,0,0,44,2,46,43,7,77,11,138,64,8,72,210
04/16/2017,PIE,FL,ASO,ES,Towers with Radar,53,5,36,5,99,0,0,40,2,42,53,5,76,7,141,26,0,26,167
04/17/2017,PIE,FL,ASO,ES,Towers with Radar,51,15,58,27,151,0,2,71,22,95,51,17,129,49,246,142,34,176,422
04/18/2017,PIE,FL,ASO,ES,Towers with Radar,37,15,66,8,126,0,1,65,13,79,37,16,131,21,205,115,4,119,324
04/19/2017,PIE,FL,ASO,ES,Towers with Radar,33,10,74,8,125,0,0,63,22,85,33,10,137,30,210,162,32,194,404
04/20/2017,PIE,FL,ASO,ES,Towers with Radar,62,13,77,11,163,0,3,91,21,115,62,16,168,32,278,116,36,152,430
04/21/2017,PIE,FL,ASO,ES,Towers with Radar,50,9,75,4,138,0,1,80,23,104,50,10,155,27,242,110,2,112,354
04/22/2017,PIE,FL,ASO,ES,Towers with Radar,36,12,38,5,91,0,0,59,12,71,36,12,97,17,162,66,0,66,228
04/23/2017,PIE,FL,ASO,ES,Towers with Radar,56,11,33,5,105,0,1,51,5,57,56,12,84,10,162,38,6,44,206
04/24/2017,PIE,FL,ASO,ES,Towers with Radar,53,18,72,6,149,0,6,41,14,61,53,24,113,20,210,94,4,98,308
04/25/2017,PIE,FL,ASO,ES,Towers with Radar,23,8,67,6,104,0,0,64,23,87,23,8,131,29,191,156,2,158,349
04/26/2017,PIE,FL,ASO,ES,Towers with Radar,31,9,69,13,122,0,3,87,26,116,31,12,156,39,238,108,35,143,381
04/27/2017,PIE,FL,ASO,ES,Towers with Radar,58,11,71,12,152,0,3,62,14,79,58,14,133,26,231,58,0,58,289
04/28/2017,PIE,FL,ASO,ES,Towers with Radar,44,13,62,7,126,0,2,65,14,81,44,15,127,21,207,82,16,98,305
04/29/2017,PIE,FL,ASO,ES,Towers with Radar,30,8,28,0,66,0,5,27,1,33,30,13,55,1,99,20,0,20,119
04/30/2017,PIE,FL,ASO,ES,Towers with Radar,55,9,34,2,100,0,0,33,0,33,55,9,67,2,133,24,0,24,157
05/01/2017,PIE,FL,ASO,ES,Towers with Radar,48,7,51,3,109,0,1,60,20,81,48,8,111,23,190,102,26,128,318
05/02/2017,PIE,FL,ASO,ES,Towers with Radar,27,7,75,12,121,0,0,68,21,89,27,7,143,33,210,156,30,186,396
05/03/2017,PIE,FL,ASO,ES,Towers with Radar,24,13,71,7,115,0,0,100,37,137,24,13,171,44,252,179,4,183,435
05/04/2017,PIE,FL,ASO,ES,Towers with Radar,57,12,53,11,133,0,0,64,22,86,57,12,117,33,219,77,54,131,350
05/05/2017,PIE,FL,ASO,ES,Towers with Radar,49,9,48,10,116,0,0,39,23,62,49,9,87,33,178,26,10,36,214
05/06/2017,PIE,FL,ASO,ES,Towers with Radar,15,6,29,2,52,0,0,47,15,62,15,6,76,17,114,36,0,36,150
05/07/2017,PIE,FL,ASO,ES,Towers with Radar,56,7,51,7,121,0,0,106,18,124,56,7,157,25,245,154,20,174,419
05/08/2017,PIE,FL,ASO,ES,Towers with Radar,51,6,60,7,124,0,0,89,24,113,51,6,149,31,237,141,58,199,436
05/09/2017,PIE,FL,ASO,ES,Towers with Radar,19,6,58,13,96,0,2,111,25,138,19,8,169,38,234,178,19,197,431
05/10/2017,PIE,FL,ASO,ES,Towers with Radar,28,7,52,9,96,0,1,103,24,128,28,8,155,33,224,210,7,217,441
05/11/2017,PIE,FL,ASO,ES,Towers with Radar,65,9,57,5,136,0,1,59,28,88,65,10,116,33,224,156,24,180,404
05/12/2017,PIE,FL,ASO,ES,Towers with Radar,44,5,64,3,116,0,2,67,22,91,44,7,131,25,207,148,16,164,371
05/13/2017,PIE,FL,ASO,ES,Towers with Radar,17,10,23,1,51,0,0,15,3,18,17,10,38,4,69,18,0,18,87
05/14/2017,PIE,FL,ASO,ES,Towers with Radar,56,4,62,5,127,0,1,64,2,67,56,5,126,7,194,74,0,74,268
05/15/2017,PIE,FL,ASO,ES,Towers with Radar,53,2,64,9,128,0,0,60,20,80,53,2,124,29,208,59,9,68,276
05/16/2017,PIE,FL,ASO,ES,Towers with Radar,18,11,76,5,110,0,0,84,24,108,18,11,160,29,218,166,0,166,384
05/17/2017,PIE,FL,ASO,ES,Towers with Radar,45,4,80,6,135,0,2,64,14,80,45,6,144,20,215,110,2,112,327
05/18/2017,PIE,FL,ASO,ES,Towers with Radar,54,15,86,7,162,0,0,61,20,81,54,15,147,27,243,122,14,136,379
05/19/2017,PIE,FL,ASO,ES,Towers with Radar,43,5,63,17,128,0,0,39,15,54,43,5,102,32,182,74,0,74,256
05/20/2017,PIE,FL,ASO,ES,Towers with Radar,31,2,23,2,58,0,0,70,0,70,31,2,93,2,128,112,0,112,240
05/21/2017,PIE,FL,ASO,ES,Towers with Radar,55,7,51,2,115,0,0,67,4,71,55,7,118,6,186,94,0,94,280
05/22/2017,PIE,FL,ASO,ES,Towers with Radar,43,8,44,31,126,0,0,70,35,105,43,8,114,66,231,138,66,204,435
05/23/2017,PIE,FL,ASO,ES,Towers with Radar,31,9,62,21,123,0,0,18,15,33,31,9,80,36,156,6,22,28,184
05/24/2017,PIE,FL,ASO,ES,Towers with Radar,46,11,20,8,85,0,0,3,5,8,46,11,23,13,93,20,18,38,131
05/25/2017,PIE,FL,ASO,ES,Towers with Radar,57,18,68,11,154,0,2,78,33,113,57,20,146,44,267,86,54,140,407
05/26/2017,PIE,FL,ASO,ES,Towers with Radar,44,21,91,9,165,0,4,102,12,118,44,25,193,21,283,202,20,222,505
05/27/2017,PIE,FL,ASO,ES,Towers with Radar,51,8,33,0,92,0,0,79,1,80,51,8,112,1,172,76,0,76,248
05/28/2017,PIE,FL,ASO,ES,Towers with Radar,49,11,28,0,88,0,1,47,6,54,49,12,75,6,142,60,0,60,202
05/29/2017,PIE,FL,ASO,ES,Towers with Radar,47,9,51,2,109,0,2,38,4,44,47,11,89,6,153,47,1,48,201
05/30/2017,PIE,FL,ASO,ES,Towers with Radar,24,7,59,8,98,0,2,76,18,96,24,9,135,26,194,153,9,162,356
05/31/2017,PIE,FL,ASO,ES,Towers with Radar,45,8,68,35,156,0,2,68,24,94,45,10,136,59,250,114,42,156,406
06/01/2017,PIE,FL,ASO,ES,Towers with Radar,51,5,61,19,136,0,0,60,25,85,51,5,121,44,221,102,78,180,401
06/02/2017,PIE,FL,ASO,ES,Towers with Radar,47,7,51,7,112,0,1,35,9,45,47,8,86,16,157,74,20,94,251
06/03/2017,PIE,FL,ASO,ES,Towers with Radar,44,7,41,3,95,0,0,50,0,50,44,7,91,3,145,42,0,42,187
06/04/2017,PIE,FL,ASO,ES,Towers with Radar,50,2,32,3,87,0,0,5,0,5,50,2,37,3,92,16,0,16,108
06/05/2017,PIE,FL,ASO,ES,Towers with Radar,49,12,29,4,94,0,0,13,6,19,49,12,42,10,113,13,70,83,196
06/06/2017,PIE,FL,ASO,ES,Towers with Radar,34,3,34,7,78,0,0,11,13,24,34,3,45,20,102,20,30,50,152
06/07/2017,PIE,FL,ASO,ES,Towers with Radar,47,11,47,7,112,0,0,13,14,27,47,11,60,21,139,8,22,30,169
06/08/2017,PIE,FL,ASO,ES,Towers with Radar,54,4,98,5,161,1,2,49,23,75,55,6,147,28,236,86,5,91,327
06/09/2017,PIE,FL,ASO,ES,Towers with Radar,52,9,86,21,168,0,1,77,15,93,52,10,163,36,261,68,29,97,358
06/10/2017,PIE,FL,ASO,ES,Towers with Radar,49,7,27,0,83,0,0,41,2,43,49,7,68,2,126,92,0,92,218
06/11/2017,PIE,FL,ASO,ES,Towers with Radar,47,7,40,0,94,0,0,37,0,37,47,7,77,0,131,36,1,37,168
06/12/2017,PIE,FL,ASO,ES,Towers with Radar,43,10,37,11,101,0,0,22,10,32,43,10,59,21,133,6,22,28,161
06/13/2017,PIE,FL,ASO,ES,Towers with Radar,41,12,45,13,111,0,1,28,12,41,41,13,73,25,152,60,16,76,228
06/14/2017,PIE,FL,ASO,ES,Towers with Radar,42,13,52,10,117,0,0,68,15,83,42,13,120,25,200,74,20,94,294
06/15/2017,PIE,FL,ASO,ES,Towers with Radar,58,21,40,6,125,0,1,52,11,64,58,22,92,17,189,42,0,42,231
06/16/2017,PIE,FL,ASO,ES,Towers with Radar,47,12,54,6,119,0,0,56,13,69,47,12,110,19,188,44,22,66,254
06/17/2017,PIE,FL,ASO,ES,Towers with Radar,57,14,60,3,134,0,0,46,1,47,57,14,106,4,181,68,0,68,249
06/18/2017,PIE,FL,ASO,ES,Towers with Radar,48,10,30,2,90,0,2,21,2,25,48,12,51,4,115,48,0,48,163
06/19/2017,PIE,FL,ASO,ES,Towers with Radar,50,2,49,8,109,0,0,19,18,37,50,2,68,26,146,62,44,106,252
06/20/2017,PIE,FL,ASO,ES,Towers with Radar,34,11,71,15,131,0,0,36,18,54,34,11,107,33,185,36,30,66,251
06/21/2017,PIE,FL,ASO,ES,Towers with Radar,48,22,83,7,160,0,0,64,27,91,48,22,147,34,251,128,52,180,431
06/22/2017,PIE,FL,ASO,ES,Towers with Radar,59,13,80,1,153,0,0,83,15,98,59,13,163,16,251,150,0,150,401
06/23/2017,PIE,FL,ASO,ES,Towers with Radar,50,8,69,14,141,0,3,104,30,137,50,11,173,44,278,234,27,261,539
06/24/2017,PIE,FL,ASO,ES,Towers with Radar,46,12,54,0,112,0,0,74,3,77,46,12,128,3,189,148,0,148,337
06/25/2017,PIE,FL,ASO,ES,Towers with Radar,52,8,41,1,102,0,1,40,5,46,52,9,81,6,148,58,2,60,208
06/26/2017,PIE,FL,ASO,ES,Towers with Radar,45,6,57,5,113,0,2,48,24,74,45,8,105,29,187,26,20,46,233
06/27/2017,PIE,FL,ASO,ES,Towers with Radar,36,7,71,7,121,0,1,85,25,111,36,8,156,32,232,143,6,149,381
06/28/2017,PIE,FL,ASO,ES,Towers with Radar,47,6,70,2,125,0,0,73,22,95,47,6,143,24,220,124,22,146,366
06/29/2017,PIE,FL,ASO,ES,Towers with Radar,56,6,100,13,175,0,2,46,19,67,56,8,146,32,242,169,52,221,463
06/30/2017,PIE,FL,ASO,ES,Towers with Radar,48,8,61,7,124,0,0,59,14,73,48,8,120,21,197,84,16,100,297
07/01/2017,PIE,FL,ASO,ES,Towers with Radar,47,9,30,1,87,0,2,47,1,50,47,11,77,2,137,40,0,40,177
07/02/2017,PIE,FL,ASO,ES,Towers with Radar,47,4,39,0,90,0,0,28,2,30,47,4,67,2,120,86,0,86,206
07/03/2017,PIE,FL,ASO,ES,Towers with Radar,52,1,32,1,86,0,0,36,1,37,52,1,68,2,123,88,1,89,212
07/04/2017,PIE,FL,ASO,ES,Towers with Radar,24,4,19,1,48,0,0,32,2,34,24,4,51,3,82,20,0,20,102
07/05/2017,PIE,FL,ASO,ES,Towers with Radar,45,13,50,8,116,0,0,77,20,97,45,13,127,28,213,174,0,174,387
07/06/2017,PIE,FL,ASO,ES,Towers with Radar,57,11,60,20,148,0,3,69,26,98,57,14,129,46,246,158,22,180,426
07/07/2017,PIE,FL,ASO,ES,Towers with Radar,49,9,44,9,111,0,1,41,15,57,49,10,85,24,168,80,2,82,250
07/08/2017,PIE,FL,ASO,ES,Towers with Radar,47,7,33,0,87,0,0,42,0,42,47,7,75,0,129,30,1,31,160
07/09/2017,PIE,FL,ASO,ES,Towers with Radar,54,10,40,0,104,0,0,46,0,46,54,10,86,0,150,90,1,91,241
07/10/2017,PIE,FL,ASO,ES,Towers with Radar,46,7,49,7,109,0,1,37,11,49,46,8,86,18,158,78,68,146,304
07/11/2017,PIE,FL,ASO,ES,Towers with Radar,33,6,43,12,94,0,0,38,15,53,33,6,81,27,147,36,74,110,257
07/12/2017,PIE,FL,ASO,ES,Towers with Radar,42,9,59,9,119,0,1,58,27,86,42,10,117,36,205,62,62,124,329
07/13/2017,PIE,FL,ASO,ES,Towers with Radar,55,10,74,10,149,2,5,59,14,80,57,15,133,24,229,112,4,116,345
07/14/2017,PIE,FL,ASO,ES,Towers with Radar,44,6,57,1,108,0,3,46,11,60,44,9,103,12,168,78,17,95,263
07/15/2017,PIE,FL,ASO,ES,Towers with Radar,45,6,56,2,109,0,1,73,15,89,45,7,129,17,198,108,42,150,348
07/16/2017,PIE,FL,ASO,ES,Towers with Radar,48,5,63,4,120,0,0,64,7,71,48,5,127,11,191,110,4,114,305
07/17/2017,PIE,FL,ASO,ES,Towers with Radar,53,4,47,4,108,0,0,51,24,75,53,4,98,28,183,50,58,108,291
07/18/2017,PIE,FL,ASO,ES,Towers with Radar,31,5,34,13,83,0,0,49,18,67,31,5,83,31,150,82,30,112,262
07/19/2017,PIE,FL,ASO,ES,Towers with Radar,39,10,72,14,135,0,0,86,25,111,39,10,158,39,246,140,106,246,492
07/20/2017,PIE,FL,ASO,ES,Towers with Radar,57,11,57,8,133,0,1,77,16,94,57,12,134,24,227,120,94,214,441
07/21/2017,PIE,FL,ASO,ES,Towers with Radar,48,8,64,4,124,0,0,71,23,94,48,8,135,27,218,107,18,125,343
07/22/2017,PIE,FL,ASO,ES,Towers with Radar,42,6,34,4,86,0,0,32,14,46,42,6,66,18,132,8,30,38,170
07/23/2017,PIE,FL,ASO,ES,Towers with Radar,53,10,30,0,93,0,0,22,0,22,53,10,52,0,115,11,0,11,126
07/24/2017,PIE,FL,ASO,ES,Towers with Radar,53,12,54,15,134,0,3,49,16,68,53,15,103,31,202,108,112,220,422
07/25/2017,PIE,FL,ASO,ES,Towers with Radar,28,7,79,6,120,0,1,77,33,111,28,8,156,39,231,66,34,100,331
07/26/2017,PIE,FL,ASO,ES,Towers with Radar,40,14,60,14,128,0,0,81,30,111,40,14,141,44,239,162,55,217,456
07/27/2017,PIE,FL,ASO,ES,Towers with Radar,59,18,55,29,161,0,0,57,22,79,59,18,112,51,240,146,62,208,448
07/28/2017,PIE,FL,ASO,ES,Towers with Radar,56,10,46,15,127,0,0,71,18,89,56,10,117,33,216,92,18,110,326
07/29/2017,PIE,FL,ASO,ES,Towers with Radar,46,7,38,3,94,0,2,53,1,56,46,9,91,4,150,72,0,72,222
07/30/2017,PIE,FL,ASO,ES,Towers with Radar,48,10,26,1,85,0,0,6,1,7,48,10,32,2,92,0,0,0,92
07/31/2017,PIE,FL,ASO,ES,Towers with Radar,53,12,19,10,94,0,0,7,7,14,53,12,26,17,108,52,32,84,192
08/01/2017,PIE,FL,ASO,ES,Towers with Radar,31,6,61,18,116,0,0,63,31,94,31,6,124,49,210,56,30,86,296
08/02/2017,PIE,FL,ASO,ES,Towers with Radar,41,8,42,4,95,0,0,22,10,32,41,8,64,14,127,20,92,112,239
08/03/2017,PIE,FL,ASO,ES,Towers with Radar,57,14,66,20,157,0,0,60,17,77,57,14,126,37,234,49,26,75,309
08/04/2017,PIE,FL,ASO,ES,Towers with Radar,48,9,80,1,138,0,0,80,11,91,48,9,160,12,229,142,13,155,384
08/05/2017,PIE,FL,ASO,ES,Towers with Radar,42,4,49,1,96,0,0,67,2,69,42,4,116,3,165,136,6,142,307
08/06/2017,PIE,FL,ASO,ES,Towers with Radar,51,6,45,0,102,0,0,67,0,67,51,6,112,0,169,80,0,80,249
08/07/2017,PIE,FL,ASO,ES,Towers with Radar,46,14,51,33,144,0,0,54,13,67,46,14,105,46,211,74,32,106,317
08/08/2017,PIE,FL,ASO,ES,Towers with Radar,25,12,52,18,107,0,1,34,18,53,25,13,86,36,160,62,14,76,236
08/09/2017,PIE,FL,ASO,ES,Towers with Radar,41,9,58,11,119,0,1,74,25,100,41,10,132,36,219,92,10,102,321
08/10/2017,PIE,FL,ASO,ES,Towers with Radar,58,11,61,8,138,0,0,75,20,95,58,11,136,28,233,97,32,129,362
08/11/2017,PIE,FL,ASO,ES,Towers with Radar,45,5,62,22,134,0,2,68,13,83,45,7,130,35,217,138,60,198,415
08/12/2017,PIE,FL,ASO,ES,Towers with Radar,37,6,43,4,90,0,0,35,8,43,37,6,78,12,133,56,8,64,197
08/13/2017,PIE,FL,ASO,ES,Towers with Radar,49,5,28,3,85,0,0,43,1,44,49,5,71,4,129,96,0,96,225
08/14/2017,PIE,FL,ASO,ES,Towers with Radar,46,10,51,18,125,0,0,77,29,106,46,10,128,47,231,74,6,80,311
08/15/2017,PIE,FL,ASO,ES,Towers with Radar,27,6,50,15,98,0,0,76,39,115,27,6,126,54,213,67,54,121,334
08/16/2017,PIE,FL,ASO,ES,Towers with Radar,26,6,74,15,121,0,0,54,19,73,26,6,128,34,194,92,32,124,318
08/17/2017,PIE,FL,ASO,ES,Towers with Radar,52,4,49,11,116,0,3,67,15,85,52,7,116,26,201,198,10,208,409
08/18/2017,PIE,FL,ASO,ES,Towers with Radar,42,5,57,4,108,0,0,51,14,65,42,5,108,18,173,52,8,60,233
08/19/2017,PIE,FL,ASO,ES,Towers with Radar,23,11,31,2,67,0,0,66,2,68,23,11,97,4,135,106,2,108,243
08/20/2017,PIE,FL,ASO,ES,Towers with Radar,48,1,29,2,80,0,0,44,3,47,48,1,73,5,127,106,0,106,233
08/21/2017,PIE,FL,ASO,ES,Towers with Radar,40,5,58,10,113,0,8,41,16,65,40,13,99,26,178,91,36,127,305
08/22/2017,PIE,FL,ASO,ES,Towers with Radar,12,13,52,19,96,0,1,55,29,85,12,14,107,48,181,103,10,113,294
08/23/2017,PIE,FL,ASO,ES,Towers with Radar,24,14,43,13,94,0,2,52,27,81,24,16,95,40,175,198,4,202,377
08/24/2017,PIE,FL,ASO,ES,Towers with Radar,55,11,68,13,147,0,0,57,27,84,55,11,125,40,231,124,40,164,395
08/25/2017,PIE,FL,ASO,ES,Towers with Radar,44,6,65,4,119,0,0,32,5,37,44,6,97,9,156,40,0,40,196
08/26/2017,PIE,FL,ASO,ES,Towers with Radar,24,2,34,2,62,0,0,43,1,44,24,2,77,3,106,44,0,44,150
08/27/2017,PIE,FL,ASO,ES,Towers with Radar,47,4,30,1,82,0,0,5,1,6,47,4,35,2,88,0,0,0,88
08/28/2017,PIE,FL,ASO,ES,Towers with Radar,43,4,27,4,78,0,0,16,5,21,43,4,43,9,99,36,2,38,137
08/29/2017,PIE,FL,ASO,ES,Towers with Radar,11,7,53,12,83,0,0,33,6,39,11,7,86,18,122,70,46,116,238
08/30/2017,PIE,FL,ASO,ES,Towers with Radar,23,10,65,16,114,0,2,94,17,113,23,12,159,33,227,84,30,114,341
08/31/2017,PIE,FL,ASO,ES,Towers with Radar,55,10,60,26,151,0,0,74,25,99,55,10,134,51,250,144,44,188,438
09/01/2017,PIE,FL,ASO,ES,Towers with Radar,42,8,65,6,121,0,1,67,5,73,42,9,132,11,194,104,0,104,298
09/02/2017,PIE,FL,ASO,ES,Towers with Radar,27,6,31,2,66,0,0,55,1,56,27,6,86,3,122,82,0,82,204
09/03/2017,PIE,FL,ASO,ES,Towers with Radar,46,5,32,2,85,0,1,37,3,41,46,6,69,5,126,54,0,54,180
09/04/2017,PIE,FL,ASO,ES,Towers with Radar,38,4,55,3,100,0,0,67,2,69,38,4,122,5,169,138,8,146,315
09/05/2017,PIE,FL,ASO,ES,Towers with Radar,12,1,70,6,89,0,0,60,13,73,12,1,130,19,162,112,0,112,274
09/06/2017,PIE,FL,ASO,ES,Towers with Radar,25,17,72,1,115,0,0,26,6,32,25,17,98,7,147,32,0,32,179
09/07/2017,PIE,FL,ASO,ES,Towers with Radar,49,11,78,16,154,0,1,53,16,70,49,12,131,32,224,93,0,93,317
09/08/2017,PIE,FL,ASO,ES,Towers with Radar,9,9,31,9,58,0,0,7,9,16,9,9,38,18,74,0,7,7,81
09/09/2017,PIE,FL,ASO,ES,Towers with Radar,0,0,0,1,1,0,0,1,2,3,0,0,1,3,4,0,0,0,4
09/10/2017,PIE,FL,ASO,ES,Towers with Radar,0,0,0,0,0,0,0,0,0,0,0,0,0,0,0,0,0,0,0
09/11/2017,PIE,FL,ASO,ES,Towers with Radar,0,0,2,2,4,0,0,1,10,11,0,0,3,12,15,0,0,0,15
09/12/2017,PIE,FL,ASO,ES,Towers with Radar,14,21,46,7,88,0,4,18,5,27,14,25,64,12,115,16,0,16,131
09/13/2017,PIE,FL,ASO,ES,Towers with Radar,23,14,53,10,100,0,1,40,8,49,23,15,93,18,149,22,0,22,171
09/14/2017,PIE,FL,ASO,ES,Towers with Radar,54,8,33,12,107,0,1,23,14,38,54,9,56,26,145,12,0,12,157
09/15/2017,PIE,FL,ASO,ES,Towers with Radar,39,9,52,12,112,0,0,42,8,50,39,9,94,20,162,24,0,24,186
09/16/2017,PIE,FL,ASO,ES,Towers with Radar,23,8,19,2,52,0,1,43,6,50,23,9,62,8,102,18,0,18,120
09/17/2017,PIE,FL,ASO,ES,Towers with Radar,48,14,40,4,106,0,3,56,1,60,48,17,96,5,166,24,0,24,190
09/18/2017,PIE,FL,ASO,ES,Towers with Radar,38,16,58,5,117,0,0,59,9,68,38,16,117,14,185,122,4,126,311
09/19/2017,PIE,FL,ASO,ES,Towers with Radar,10,11,66,16,103,0,2,61,28,91,10,13,127,44,194,144,30,174,368
09/20/2017,PIE,FL,ASO,ES,Towers with Radar,23,8,64,19,114,0,1,59,13,73,23,9,123,32,187,150,54,204,391
09/21/2017,PIE,FL,ASO,ES,Towers with Radar,50,13,65,7,135,0,1,76,23,100,50,14,141,30,235,158,20,178,413
09/22/2017,PIE,FL,ASO,ES,Towers with Radar,41,16,41,9,107,0,0,86,11,97,41,16,127,20,204,154,6,160,364
09/23/2017,PIE,FL,ASO,ES,Towers with Radar,23,16,38,5,82,0,3,57,3,63,23,19,95,8,145,30,1,31,176
09/24/2017,PIE,FL,ASO,ES,Towers with Radar,44,17,26,7,94,0,1,52,3,56,44,18,78,10,150,62,0,62,212
09/25/2017,PIE,FL,ASO,ES,Towers with Radar,40,20,62,16,138,0,1,56,20,77,40,21,118,36,215,120,0,120,335
09/26/2017,PIE,FL,ASO,ES,Towers with Radar,17,18,62,13,110,0,2,87,32,121,17,20,149,45,231,240,6,246,477
09/27/2017,PIE,FL,ASO,ES,Towers with Radar,20,23,79,17,139,0,1,91,27,119,20,24,170,44,258,206,4,210,468
09/28/2017,PIE,FL,ASO,ES,Towers with Radar,54,23,78,14,169,0,7,108,18,133,54,30,186,32,302,210,20,230,532
09/29/2017,PIE,FL,ASO,ES,Towers with Radar,45,11,55,8,119,0,1,62,13,76,45,12,117,21,195,136,4,140,335
09/30/2017,PIE,FL,ASO,ES,Towers with Radar,21,14,47,6,88,0,0,65,2,67,21,14,112,8,155,110,0,110,265
10/01/2017,PIE,FL,ASO,ES,Towers with Radar,48,12,41,8,109,0,0,43,2,45,48,12,84,10,154,74,10,84,238
10/02/2017,PIE,FL,ASO,ES,Towers with Radar,45,13,37,16,111,0,0,29,27,56,45,13,66,43,167,18,2,20,187
10/03/2017,PIE,FL,ASO,ES,Towers with Radar,17,12,53,17,99,0,0,35,16,51,17,12,88,33,150,8,26,34,184
10/04/2017,PIE,FL,ASO,ES,Towers with Radar,43,18,35,11,107,0,0,36,28,64,43,18,71,39,171,42,2,44,215
10/05/2017,PIE,FL,ASO,ES,Towers with Radar,56,29,68,9,162,0,0,13,18,31,56,29,81,27,193,38,28,66,259
10/06/2017,PIE,FL,ASO,ES,Towers with Radar,48,27,78,6,159,0,0,37,18,55,48,27,115,24,214,98,46,144,358
10/07/2017,PIE,FL,ASO,ES,Towers with Radar,46,20,47,2,115,0,0,57,5,62,46,20,104,7,177,94,0,94,271
10/08/2017,PIE,FL,ASO,ES,Towers with Radar,47,12,41,5,105,0,0,34,2,36,47,12,75,7,141,60,0,60,201
10/09/2017,PIE,FL,ASO,ES,Towers with Radar,48,15,48,0,111,0,1,57,3,61,48,16,105,3,172,128,1,129,301
10/10/2017,PIE,FL,ASO,ES,Towers with Radar,27,10,52,6,95,0,0,86,22,108,27,10,138,28,203,152,24,176,379
10/11/2017,PIE,FL,ASO,ES,Towers with Radar,48,9,57,13,127,0,1,86,22,109,48,10,143,35,236,136,36,172,408
10/12/2017,PIE,FL,ASO,ES,Towers with Radar,52,15,74,14,155,0,0,76,23,99,52,15,150,37,254,172,18,190,444
10/13/2017,PIE,FL,ASO,ES,Towers with Radar,52,25,55,16,148,0,0,56,7,63,52,25,111,23,211,64,12,76,287
10/14/2017,PIE,FL,ASO,ES,Towers with Radar,51,5,43,1,100,0,2,35,3,40,51,7,78,4,140,116,0,116,256
10/15/2017,PIE,FL,ASO,ES,Towers with Radar,46,11,41,0,98,0,0,43,1,44,46,11,84,1,142,112,0,112,254
10/16/2017,PIE,FL,ASO,ES,Towers with Radar,49,8,62,4,123,0,0,70,13,83,49,8,132,17,206,202,30,232,438
10/17/2017,PIE,FL,ASO,ES,Towers with Radar,24,1,72,3,100,0,0,23,1,24,24,1,95,4,124,32,0,32,156
10/18/2017,PIE,FL,ASO,ES,Towers with Radar,36,23,69,5,133,0,2,46,19,67,36,25,115,24,200,110,26,136,336
10/19/2017,PIE,FL,ASO,ES,Towers with Radar,46,29,73,3,151,0,0,48,9,57,46,29,121,12,208,132,32,164,372
10/20/2017,PIE,FL,ASO,ES,Towers with Radar,53,19,58,6,136,0,0,48,7,55,53,19,106,13,191,160,0,160,351
10/21/2017,PIE,FL,ASO,ES,Towers with Radar,43,21,36,0,100,0,0,48,1,49,43,21,84,1,149,76,0,76,225
10/22/2017,PIE,FL,ASO,ES,Towers with Radar,48,15,54,2,119,0,1,25,0,26,48,16,79,2,145,126,0,126,271
10/23/2017,PIE,FL,ASO,ES,Towers with Radar,48,5,46,12,111,0,0,22,6,28,48,5,68,18,139,66,14,80,219
10/24/2017,PIE,FL,ASO,ES,Towers with Radar,22,11,60,12,105,0,0,66,12,78,22,11,126,24,183,250,11,261,444
10/25/2017,PIE,FL,ASO,ES,Towers with Radar,30,10,63,10,113,0,2,97,29,128,30,12,160,39,241,146,29,175,416
10/26/2017,PIE,FL,ASO,ES,Towers with Radar,48,8,75,29,160,0,4,63,13,80,48,12,138,42,240,178,62,240,480
10/27/2017,PIE,FL,ASO,ES,Towers with Radar,48,11,73,9,141,0,6,94,12,112,48,17,167,21,253,122,30,152,405
10/28/2017,PIE,FL,ASO,ES,Towers with Radar,42,7,41,2,92,0,0,45,4,49,42,7,86,6,141,39,0,39,180
10/29/2017,PIE,FL,ASO,ES,Towers with Radar,47,14,40,4,105,0,1,10,0,11,47,15,50,4,116,0,0,0,116
10/30/2017,PIE,FL,ASO,ES,Towers with Radar,49,15,56,7,127,0,0,64,23,87,49,15,120,30,214,161,44,205,419
10/31/2017,PIE,FL,ASO,ES,Towers with Radar,18,14,54,9,95,0,0,93,31,124,18,14,147,40,219,283,28,311,530
11/01/2017,PIE,FL,ASO,ES,Towers with Radar,30,11,59,15,115,0,2,67,41,110,30,13,126,56,225,276,32,308,533
11/02/2017,PIE,FL,ASO,ES,Towers with Radar,44,6,81,11,142,0,0,98,30,128,44,6,179,41,270,278,52,330,600
11/03/2017,PIE,FL,ASO,ES,Towers with Radar,52,14,57,26,149,0,0,59,24,83,52,14,116,50,232,190,17,207,439
11/04/2017,PIE,FL,ASO,ES,Towers with Radar,41,13,37,17,108,0,0,72,14,86,41,13,109,31,194,204,10,214,408
11/05/2017,PIE,FL,ASO,ES,Towers with Radar,46,8,52,12,118,0,0,61,5,66,46,8,113,17,184,150,1,151,335
11/06/2017,PIE,FL,ASO,ES,Towers with Radar,50,12,51,11,124,0,0,33,28,61,50,12,84,39,185,170,34,204,389
11/07/2017,PIE,FL,ASO,ES,Towers with Radar,14,21,67,7,109,0,3,74,25,102,14,24,141,32,211,228,16,244,455
11/08/2017,PIE,FL,ASO,ES,Towers with Radar,28,8,44,35,115,0,3,74,27,104,28,11,118,62,219,221,32,253,472
11/09/2017,PIE,FL,ASO,ES,Towers with Radar,46,19,47,11,123,0,4,69,21,94,46,23,116,32,217,129,20,149,366
11/10/2017,PIE,FL,ASO,ES,Towers with Radar,54,6,73,2,135,0,0,39,1,40,54,6,112,3,175,116,0,116,291
11/11/2017,PIE,FL,ASO,ES,Towers with Radar,39,7,47,8,101,0,0,92,6,98,39,7,139,14,199,146,16,162,361
11/12/2017,PIE,FL,ASO,ES,Towers with Radar,46,12,51,0,109,0,0,12,3,15,46,12,63,3,124,6,0,6,130
11/13/2017,PIE,FL,ASO,ES,Towers with Radar,53,17,71,9,150,0,0,70,28,98,53,17,141,37,248,141,42,183,431
11/14/2017,PIE,FL,ASO,ES,Towers with Radar,13,26,70,6,115,0,0,66,30,96,13,26,136,36,211,110,16,126,337
11/15/2017,PIE,FL,ASO,ES,Towers with Radar,28,9,85,15,137,0,1,77,31,109,28,10,162,46,246,231,49,280,526
11/16/2017,PIE,FL,ASO,ES,Towers with Radar,50,13,75,5,143,0,2,66,39,107,50,15,141,44,250,134,60,194,444
11/17/2017,PIE,FL,ASO,ES,Towers with Radar,48,10,89,1,148,0,0,112,11,123,48,10,201,12,271,248,24,272,543
11/18/2017,PIE,FL,ASO,ES,Towers with Radar,33,7,69,0,109,0,0,66,17,83,33,7,135,17,192,82,2,84,276
11/19/2017,PIE,FL,ASO,ES,Towers with Radar,50,13,60,1,124,0,1,27,3,31,50,14,87,4,155,42,0,42,197
11/20/2017,PIE,FL,ASO,ES,Towers with Radar,51,19,57,18,145,0,0,79,41,120,51,19,136,59,265,212,41,253,518
11/21/2017,PIE,FL,ASO,ES,Towers with Radar,53,7,55,0,115,0,0,53,27,80,53,7,108,27,195,147,10,157,352
11/22/2017,PIE,FL,ASO,ES,Towers with Radar,54,13,77,3,147,0,0,51,9,60,54,13,128,12,207,100,28,128,335
11/23/2017,PIE,FL,ASO,ES,Towers with Radar,34,6,15,2,57,0,0,1,0,1,34,6,16,2,58,0,0,0,58
11/24/2017,PIE,FL,ASO,ES,Towers with Radar,21,13,36,2,72,0,0,11,0,11,21,13,47,2,83,38,0,38,121
11/25/2017,PIE,FL,ASO,ES,Towers with Radar,53,15,51,1,120,0,0,51,3,54,53,15,102,4,174,118,0,118,292
11/26/2017,PIE,FL,ASO,ES,Towers with Radar,50,15,53,2,120,0,0,64,0,64,50,15,117,2,184,90,3,93,277
11/27/2017,PIE,FL,ASO,ES,Towers with Radar,45,10,56,9,120,0,3,69,18,90,45,13,125,27,210,236,44,280,490
11/28/2017,PIE,FL,ASO,ES,Towers with Radar,2,13,59,1,75,0,1,74,22,97,2,14,133,23,172,254,26,280,452
11/29/2017,PIE,FL,ASO,ES,Towers with Radar,21,9,54,8,92,0,0,67,31,98,21,9,121,39,190,158,20,178,368
11/30/2017,PIE,FL,ASO,ES,Towers with Radar,45,22,67,8,142,0,2,58,28,88,45,24,125,36,230,147,10,157,387
12/01/2017,PIE,FL,ASO,ES,Towers with Radar,52,12,52,26,142,0,0,70,23,93,52,12,122,49,235,178,3,181,416
12/02/2017,PIE,FL,ASO,ES,Towers with Radar,34,7,52,15,108,0,3,81,10,94,34,10,133,25,202,231,15,246,448
12/03/2017,PIE,FL,ASO,ES,Towers with Radar,48,6,61,11,126,0,1,57,8,66,48,7,118,19,192,98,0,98,290
12/04/2017,PIE,FL,ASO,ES,Towers with Radar,53,7,49,11,120,0,0,53,23,76,53,7,102,34,196,190,16,206,402
12/05/2017,PIE,FL,ASO,ES,Towers with Radar,8,10,61,4,83,0,0,74,13,87,8,10,135,17,170,250,4,254,424
12/06/2017,PIE,FL,ASO,ES,Towers with Radar,21,15,88,14,138,0,2,85,23,110,21,17,173,37,248,170,7,177,425
12/07/2017,PIE,FL,ASO,ES,Towers with Radar,48,20,64,25,157,0,0,8,5,13,48,20,72,30,170,96,0,96,266
12/08/2017,PIE,FL,ASO,ES,Towers with Radar,50,4,59,9,122,0,0,10,5,15,50,4,69,14,137,34,4,38,175
12/09/2017,PIE,FL,ASO,ES,Towers with Radar,36,12,33,8,89,0,0,9,0,9,36,12,42,8,98,8,0,8,106
12/10/2017,PIE,FL,ASO,ES,Towers with Radar,50,3,40,6,99,0,2,96,4,102,50,5,136,10,201,204,0,204,405
12/11/2017,PIE,FL,ASO,ES,Towers with Radar,50,11,65,6,132,0,0,80,20,100,50,11,145,26,232,228,2,230,462
12/12/2017,PIE,FL,ASO,ES,Towers with Radar,8,10,47,4,69,0,1,45,24,70,8,11,92,28,139,56,10,66,205
12/13/2017,PIE,FL,ASO,ES,Towers with Radar,34,8,78,5,125,0,0,95,22,117,34,8,173,27,242,288,18,306,548
12/14/2017,PIE,FL,ASO,ES,Towers with Radar,46,13,98,14,171,0,0,68,24,92,46,13,166,38,263,145,16,161,424
12/15/2017,PIE,FL,ASO,ES,Towers with Radar,51,7,58,11,127,0,2,70,15,87,51,9,128,26,214,164,1,165,379
12/16/2017,PIE,FL,ASO,ES,Towers with Radar,50,6,41,2,99,0,0,99,0,99,50,6,140,2,198,142,0,142,340
12/17/2017,PIE,FL,ASO,ES,Towers with Radar,46,3,46,6,101,0,2,54,4,60,46,5,100,10,161,74,0,74,235
12/18/2017,PIE,FL,ASO,ES,Towers with Radar,50,4,55,9,118,0,0,33,2,35,50,4,88,11,153,59,19,78,231
12/19/2017,PIE,FL,ASO,ES,Towers with Radar,32,11,71,9,123,0,2,51,10,63,32,13,122,19,186,130,0,130,316
12/20/2017,PIE,FL,ASO,ES,Towers with Radar,53,11,62,5,131,0,0,74,9,83,53,11,136,14,214,191,14,205,419
12/21/2017,PIE,FL,ASO,ES,Towers with Radar,46,8,77,8,139,0,2,45,16,63,46,10,122,24,202,76,46,122,324
12/22/2017,PIE,FL,ASO,ES,Towers with Radar,52,10,71,1,134,0,0,50,5,55,52,10,121,6,189,174,0,174,363
12/23/2017,PIE,FL,ASO,ES,Towers with Radar,55,14,30,0,99,0,2,48,2,52,55,16,78,2,151,36,0,36,187
12/24/2017,PIE,FL,ASO,ES,Towers with Radar,48,7,10,0,65,0,0,16,0,16,48,7,26,0,81,12,0,12,93
12/25/2017,PIE,FL,ASO,ES,Towers with Radar,60,7,9,0,76,0,0,8,0,8,60,7,17,0,84,0,0,0,84
12/26/2017,PIE,FL,ASO,ES,Towers with Radar,51,15,47,1,114,0,2,43,5,50,51,17,90,6,164,94,2,96,260
12/27/2017,PIE,FL,ASO,ES,Towers with Radar,51,10,47,4,112,0,0,56,5,61,51,10,103,9,173,57,0,57,230
12/28/2017,PIE,FL,ASO,ES,Towers with Radar,46,17,27,9,99,0,0,41,9,50,46,17,68,18,149,86,0,86,235
12/29/2017,PIE,FL,ASO,ES,Towers with Radar,53,14,44,7,118,0,0,25,3,28,53,14,69,10,146,60,0,60,206
12/30/2017,PIE,FL,ASO,ES,Towers with Radar,55,10,40,2,107,0,0,71,2,73,55,10,111,4,180,83,0,83,263
12/31/2017,PIE,FL,ASO,ES,Towers with Radar,47,8,35,2,92,0,0,49,0,49,47,8,84,2,141,50,0,50,191
01/01/2018,PIE,FL,ASO,ES,Towers with Radar,55,8,36,0,99,0,0,0,0,0,55,8,36,0,99,0,0,0,99
01/02/2018,PIE,FL,ASO,ES,Towers with Radar,49,11,73,2,135,0,0,32,5,37,49,11,105,7,172,43,0,43,215
01/03/2018,PIE,FL,ASO,ES,Towers with Radar,39,10,49,5,103,0,0,20,9,29,39,10,69,14,132,22,0,22,154
01/04/2018,PIE,FL,ASO,ES,Towers with Radar,45,7,68,4,124,0,0,76,15,91,45,7,144,19,215,88,4,92,307
01/05/2018,PIE,FL,ASO,ES,Towers with Radar,43,11,61,16,131,0,2,83,21,106,43,13,144,37,237,162,6,168,405
01/06/2018,PIE,FL,ASO,ES,Towers with Radar,40,5,58,4,107,0,0,59,6,65,40,5,117,10,172,120,0,120,292
01/07/2018,PIE,FL,ASO,ES,Towers with Radar,48,4,52,9,113,0,0,58,6,64,48,4,110,15,177,123,1,124,301
01/08/2018,PIE,FL,ASO,ES,Towers with Radar,50,6,53,9,118,0,0,67,9,76,50,6,120,18,194,210,12,222,416
01/09/2018,PIE,FL,ASO,ES,Towers with Radar,13,19,71,5,108,0,2,51,23,76,13,21,122,28,184,128,24,152,336
01/10/2018,PIE,FL,ASO,ES,Towers with Radar,28,10,67,8,113,0,0,38,22,60,28,10,105,30,173,172,38,210,383
01/11/2018,PIE,FL,ASO,ES,Towers with Radar,47,17,64,13,141,0,0,30,17,47,47,17,94,30,188,70,20,90,278
01/12/2018,PIE,FL,ASO,ES,Towers with Radar,49,12,52,19,132,0,0,6,6,12,49,12,58,25,144,6,56,62,206
01/13/2018,PIE,FL,ASO,ES,Towers with Radar,29,11,39,4,83,0,0,32,35,67,29,11,71,39,150,54,0,54,204
01/14/2018,PIE,FL,ASO,ES,Towers with Radar,50,9,55,1,115,0,3,69,14,86,50,12,124,15,201,106,0,106,307
01/15/2018,PIE,FL,ASO,ES,Towers with Radar,46,11,80,1,138,0,0,89,12,101,46,11,169,13,239,218,0,218,457
01/16/2018,PIE,FL,ASO,ES,Towers with Radar,12,9,69,10,100,0,2,69,24,95,12,11,138,34,195,224,2,226,421
01/17/2018,PIE,FL,ASO,ES,Towers with Radar,28,18,58,29,133,0,0,52,25,77,28,18,110,54,210,90,20,110,320
01/18/2018,PIE,FL,ASO,ES,Towers with Radar,44,16,83,24,167,0,1,79,36,116,44,17,162,60,283,154,14,168,451
01/19/2018,PIE,FL,ASO,ES,Towers with Radar,46,11,92,6,155,0,0,72,27,99,46,11,164,33,254,136,22,158,412
01/20/2018,PIE,FL,ASO,ES,Towers with Radar,28,20,50,0,98,0,0,76,2,78,28,20,126,2,176,126,0,126,302
01/21/2018,PIE,FL,ASO,ES,Towers with Radar,45,16,55,2,118,0,0,70,2,72,45,16,125,4,190,148,0,148,338
01/22/2018,PIE,FL,ASO,ES,Towers with Radar,51,10,60,14,135,0,0,33,6,39,51,10,93,20,174,56,0,56,230
01/23/2018,PIE,FL,ASO,ES,Towers with Radar,14,11,65,12,102,0,0,48,12,60,14,11,113,24,162,52,34,86,248
01/24/2018,PIE,FL,ASO,ES,Towers with Radar,28,19,67,17,131,0,2,127,31,160,28,21,194,48,291,180,10,190,481
01/25/2018,PIE,FL,ASO,ES,Towers with Radar,46,18,79,16,159,0,2,86,34,122,46,20,165,50,281,134,42,176,457
01/26/2018,PIE,FL,ASO,ES,Towers with Radar,50,5,63,22,140,0,0,65,25,90,50,5,128,47,230,54,12,66,296
01/27/2018,PIE,FL,ASO,ES,Towers with Radar,28,5,33,2,68,0,1,30,14,45,28,6,63,16,113,67,4,71,184
01/28/2018,PIE,FL,ASO,ES,Towers with Radar,46,10,42,3,101,0,0,23,9,32,46,10,65,12,133,26,0,26,159
01/29/2018,PIE,FL,ASO,ES,Towers with Radar,52,11,76,15,154,0,1,4,1,6,52,12,80,16,160,0,0,0,160
01/30/2018,PIE,FL,ASO,ES,Towers with Radar,13,10,95,9,127,0,0,82,32,114,13,10,177,41,241,172,8,180,421
01/31/2018,PIE,FL,ASO,ES,Towers with Radar,28,13,67,22,130,0,1,106,28,135,28,14,173,50,265,246,34,280,545
02/01/2018,PIE,FL,ASO,ES,Towers with Radar,46,15,82,8,151,0,2,86,35,123,46,17,168,43,274,176,42,218,492
02/02/2018,PIE,FL,ASO,ES,Towers with Radar,45,13,109,8,175,0,0,76,22,98,45,13,185,30,273,106,24,130,403
02/03/2018,PIE,FL,ASO,ES,Towers with Radar,29,16,61,0,106,0,3,93,4,100,29,19,154,4,206,150,4,154,360
02/04/2018,PIE,FL,ASO,ES,Towers with Radar,46,9,28,3,86,0,0,15,2,17,46,9,43,5,103,38,0,38,141
02/05/2018,PIE,FL,ASO,ES,Towers with Radar,48,13,75,2,138,0,0,66,6,72,48,13,141,8,210,164,6,170,380
02/06/2018,PIE,FL,ASO,ES,Towers with Radar,13,9,115,6,143,0,2,100,21,123,13,11,215,27,266,226,11,237,503
02/07/2018,PIE,FL,ASO,ES,Towers with Radar,31,22,79,24,156,0,1,78,20,99,31,23,157,44,255,112,24,136,391
02/08/2018,PIE,FL,ASO,ES,Towers with Radar,44,18,77,36,175,0,0,46,37,83,44,18,123,73,258,56,22,78,336
02/09/2018,PIE,FL,ASO,ES,Towers with Radar,48,21,97,13,179,0,2,62,19,83,48,23,159,32,262,196,36,232,494
02/10/2018,PIE,FL,ASO,ES,Towers with Radar,30,13,54,4,101,0,0,50,19,69,30,13,104,23,170,108,4,112,282
02/11/2018,PIE,FL,ASO,ES,Towers with Radar,43,7,56,13,119,0,1,28,9,38,43,8,84,22,157,44,0,44,201
02/12/2018,PIE,FL,ASO,ES,Towers with Radar,50,16,109,28,203,0,0,43,25,68,50,16,152,53,271,174,44,218,489
02/13/2018,PIE,FL,ASO,ES,Towers with Radar,16,12,95,16,139,0,0,80,30,110,16,12,175,46,249,196,26,222,471
02/14/2018,PIE,FL,ASO,ES,Towers with Radar,50,11,69,8,138,0,0,56,24,80,50,11,125,32,218,80,28,108,326
02/15/2018,PIE,FL,ASO,ES,Towers with Radar,48,17,117,9,191,0,0,63,22,85,48,17,180,31,276,112,24,136,412
02/16/2018,PIE,FL,ASO,ES,Towers with Radar,50,14,74,5,143,0,0,86,13,99,50,14,160,18,242,127,11,138,380
02/17/2018,PIE,FL,ASO,ES,Towers with Radar,47,12,63,4,126,0,1,65,1,67,47,13,128,5,193,67,0,67,260
02/18/2018,PIE,FL,ASO,ES,Towers with Radar,51,20,81,2,154,0,0,65,1,66,51,20,146,3,220,74,0,74,294
02/19/2018,PIE,FL,ASO,ES,Towers with Radar,56,6,87,3,152,0,2,59,1,62,56,8,146,4,214,96,2,98,312
02/20/2018,PIE,FL,ASO,ES,Towers with Radar,30,8,93,19,150,0,2,70,32,104,30,10,163,51,254,104,17,121,375
02/21/2018,PIE,FL,ASO,ES,Towers with Radar,46,14,96,19,175,5,1,83,23,112,51,15,179,42,287,114,36,150,437
02/22/2018,PIE,FL,ASO,ES,Towers with Radar,53,18,67,13,151,0,0,72,39,111,53,18,139,52,262,163,8,171,433
02/23/2018,PIE,FL,ASO,ES,Towers with Radar,51,8,66,8,133,0,0,61,25,86,51,8,127,33,219,110,16,126,345
02/24/2018,PIE,FL,ASO,ES,Towers with Radar,52,12,81,3,148,0,2,96,3,101,52,14,177,6,249,89,0,89,338
02/25/2018,PIE,FL,ASO,ES,Towers with Radar,49,7,58,8,122,0,0,51,4,55,49,7,109,12,177,79,1,80,257
02/26/2018,PIE,FL,ASO,ES,Towers with Radar,52,17,84,22,175,0,0,79,36,115,52,17,163,58,290,156,30,186,476
02/27/2018,PIE,FL,ASO,ES,Towers with Radar,33,15,62,12,122,0,1,42,16,59,33,16,104,28,181,146,2,148,329
02/28/2018,PIE,FL,ASO,ES,Towers with Radar,51,11,89,16,167,0,0,77,36,113,51,11,166,52,280,156,44,200,480
03/01/2018,PIE,FL,ASO,ES,Towers with Radar,51,12,61,14,138,0,0,54,19,73,51,12,115,33,211,54,17,71,282
03/02/2018,PIE,FL,ASO,ES,Towers with Radar,51,23,97,27,198,0,0,81,29,110,51,23,178,56,308,56,43,99,407
03/03/2018,PIE,FL,ASO,ES,Towers with Radar,53,15,74,5,147,0,0,83,15,98,53,15,157,20,245,49,0,49,294
03/04/2018,PIE,FL,ASO,ES,Towers with Radar,52,17,61,3,133,0,0,52,8,60,52,17,113,11,193,90,14,104,297
03/05/2018,PIE,FL,ASO,ES,Towers with Radar,53,15,62,14,144,0,2,63,24,89,53,17,125,38,233,150,0,150,383
03/06/2018,PIE,FL,ASO,ES,Towers with Radar,34,18,83,9,144,0,0,102,35,137,34,18,185,44,281,155,6,161,442
03/07/2018,PIE,FL,ASO,ES,Towers with Radar,51,17,77,8,153,0,1,51,27,79,51,18,128,35,232,86,16,102,334
03/08/2018,PIE,FL,ASO,ES,Towers with Radar,53,26,97,7,183,0,0,75,26,101,53,26,172,33,284,65,20,85,369
03/09/2018,PIE,FL,ASO,ES,Towers with Radar,55,25,92,10,182,0,0,129,30,159,55,25,221,40,341,184,0,184,525
03/10/2018,PIE,FL,ASO,ES,Towers with Radar,55,20,55,8,138,0,1,68,8,77,55,21,123,16,215,102,0,102,317
03/11/2018,PIE,FL,ASO,ES,Towers with Radar,53,46,74,2,175,0,0,39,1,40,53,46,113,3,215,75,2,77,292
03/12/2018,PIE,FL,ASO,ES,Towers with Radar,55,9,49,4,117,0,0,7,14,21,55,9,56,18,138,0,2,2,140
03/13/2018,PIE,FL,ASO,ES,Towers with Radar,41,12,85,15,153,0,4,90,29,123,41,16,175,44,276,216,44,260,536
03/14/2018,PIE,FL,ASO,ES,Towers with Radar,49,18,95,12,174,0,0,93,30,123,49,18,188,42,297,234,28,262,559
03/15/2018,PIE,FL,ASO,ES,Towers with Radar,53,15,105,6,179,0,3,53,24,80,53,18,158,30,259,176,7,183,442
03/16/2018,PIE,FL,ASO,ES,Towers with Radar,55,12,60,15,142,0,2,55,19,76,55,14,115,34,218,177,0,177,395
03/17/2018,PIE,FL,ASO,ES,Towers with Radar,54,17,41,13,125,0,0,66,9,75,54,17,107,22,200,114,0,114,314
03/18/2018,PIE,FL,ASO,ES,Towers with Radar,52,12,52,13,129,0,0,54,2,56,52,12,106,15,185,46,0,46,231
03/19/2018,PIE,FL,ASO,ES,Towers with Radar,59,8,46,4,117,0,0,16,5,21,59,8,62,9,138,28,14,42,180
03/20/2018,PIE,FL,ASO,ES,Towers with Radar,49,8,37,3,97,0,0,6,10,16,49,8,43,13,113,2,6,8,121
03/21/2018,PIE,FL,ASO,ES,Towers with Radar,54,14,70,11,149,0,0,18,25,43,54,14,88,36,192,12,6,18,210
03/22/2018,PIE,FL,ASO,ES,Towers with Radar,50,24,98,12,184,0,2,97,34,133,50,26,195,46,317,208,20,228,545
03/23/2018,PIE,FL,ASO,ES,Towers with Radar,55,24,69,13,161,0,6,89,17,112,55,30,158,30,273,217,26,243,516
03/24/2018,PIE,FL,ASO,ES,Towers with Radar,58,23,64,6,151,0,3,78,9,90,58,26,142,15,241,102,0,102,343
03/25/2018,PIE,FL,ASO,ES,Towers with Radar,54,22,86,11,173,0,0,51,1,52,54,22,137,12,225,50,0,50,275
03/26/2018,PIE,FL,ASO,ES,Towers with Radar,51,12,57,9,129,0,2,52,24,78,51,14,109,33,207,152,14,166,373
03/27/2018,PIE,FL,ASO,ES,Towers with Radar,49,13,77,9,148,0,2,55,28,85,49,15,132,37,233,112,40,152,385
03/28/2018,PIE,FL,ASO,ES,Towers with Radar,55,13,85,18,171,0,0,92,26,118,55,13,177,44,289,224,18,242,531
03/29/2018,PIE,FL,ASO,ES,Towers with Radar,52,17,120,19,208,0,0,75,19,94,52,17,195,38,302,160,20,180,482
03/30/2018,PIE,FL,ASO,ES,Towers with Radar,53,27,62,1,143,0,1,68,3,72,53,28,130,4,215,100,0,100,315
03/31/2018,PIE,FL,ASO,ES,Towers with Radar,56,10,63,2,131,0,0,35,1,36,56,10,98,3,167,33,0,33,200
04/01/2018,PIE,FL,ASO,ES,Towers with Radar,51,11,50,1,113,0,2,45,1,48,51,13,95,2,161,44,1,45,206
04/02/2018,PIE,FL,ASO,ES,Towers with Radar,53,13,92,14,172,0,2,119,27,148,53,15,211,41,320,236,32,268,588
04/03/2018,PIE,FL,ASO,ES,Towers with Radar,46,18,66,12,142,0,2,82,21,105,46,20,148,33,247,207,45,252,499
04/04/2018,PIE,FL,ASO,ES,Towers with Radar,44,5,64,8,121,0,0,80,26,106,44,5,144,34,227,188,36,224,451
04/05/2018,PIE,FL,ASO,ES,Towers with Radar,51,8,85,5,149,0,0,81,34,115,51,8,166,39,264,202,4,206,470
04/06/2018,PIE,FL,ASO,ES,Towers with Radar,53,15,84,18,170,0,2,76,25,103,53,17,160,43,273,182,46,228,501
04/07/2018,PIE,FL,ASO,ES,Towers with Radar,49,18,37,9,113,0,1,24,3,28,49,19,61,12,141,28,0,28,169
04/08/2018,PIE,FL,ASO,ES,Towers with Radar,52,11,75,14,152,0,0,35,3,38,52,11,110,17,190,60,24,84,274
04/09/2018,PIE,FL,ASO,ES,Towers with Radar,50,1,65,17,133,0,0,35,7,42,50,1,100,24,175,170,62,232,407
04/10/2018,PIE,FL,ASO,ES,Towers with Radar,31,8,36,10,85,0,0,5,10,15,31,8,41,20,100,4,6,10,110
04/11/2018,PIE,FL,ASO,ES,Towers with Radar,44,24,83,14,165,0,0,109,12,121,44,24,192,26,286,404,20,424,710
04/12/2018,PIE,FL,ASO,ES,Towers with Radar,48,22,92,18,180,0,1,123,27,151,48,23,215,45,331,414,1,415,746
04/13/2018,PIE,FL,ASO,ES,Towers with Radar,44,10,67,13,134,0,2,69,28,99,44,12,136,41,233,182,30,212,445
04/14/2018,PIE,FL,ASO,ES,Towers with Radar,43,10,55,6,114,0,0,69,1,70,43,10,124,7,184,105,0,105,289
04/15/2018,PIE,FL,ASO,ES,Towers with Radar,46,10,25,4,85,0,1,5,5,11,46,11,30,9,96,12,8,20,116
04/16/2018,PIE,FL,ASO,ES,Towers with Radar,48,7,58,12,125,0,0,22,23,45,48,7,80,35,170,26,0,26,196
04/17/2018,PIE,FL,ASO,ES,Towers with Radar,23,17,73,11,124,0,7,79,32,118,23,24,152,43,242,378,25,403,645
04/18/2018,PIE,FL,ASO,ES,Towers with Radar,35,16,79,9,139,0,3,136,28,167,35,19,215,37,306,324,80,404,710
04/19/2018,PIE,FL,ASO,ES,Towers with Radar,53,22,80,22,177,0,1,91,41,133,53,23,171,63,310,256,47,303,613
04/20/2018,PIE,FL,ASO,ES,Towers with Radar,52,18,76,17,163,0,0,86,12,98,52,18,162,29,261,270,24,294,555
04/21/2018,PIE,FL,ASO,ES,Towers with Radar,45,12,35,1,93,0,0,41,2,43,45,12,76,3,136,122,2,124,260
04/22/2018,PIE,FL,ASO,ES,Towers with Radar,49,9,54,4,116,0,0,18,1,19,49,9,72,5,135,38,0,38,173
04/23/2018,PIE,FL,ASO,ES,Towers with Radar,55,16,56,18,145,0,0,30,11,41,55,16,86,29,186,82,12,94,280
04/24/2018,PIE,FL,ASO,ES,Towers with Radar,20,20,62,21,123,0,0,110,23,133,20,20,172,44,256,156,10,166,422
04/25/2018,PIE,FL,ASO,ES,Towers with Radar,35,13,67,5,120,0,0,88,17,105,35,13,155,22,225,176,0,176,401
04/26/2018,PIE,FL,ASO,ES,Towers with Radar,46,22,84,10,162,0,5,95,11,111,46,27,179,21,273,304,12,316,589
04/27/2018,PIE,FL,ASO,ES,Towers with Radar,43,13,40,20,116,0,0,55,12,67,43,13,95,32,183,100,0,100,283
04/28/2018,PIE,FL,ASO,ES,Towers with Radar,50,9,58,6,123,0,2,83,7,92,50,11,141,13,215,122,6,128,343
04/29/2018,PIE,FL,ASO,ES,Towers with Radar,50,6,69,3,128,0,0,56,1,57,50,6,125,4,185,137,0,137,322
04/30/2018,PIE,FL,ASO,ES,Towers with Radar,46,8,56,19,129,0,0,84,14,98,46,8,140,33,227,316,37,353,580
05/01/2018,PIE,FL,ASO,ES,Towers with Radar,10,17,66,7,100,0,0,85,14,99,10,17,151,21,199,310,26,336,535
05/02/2018,PIE,FL,ASO,ES,Towers with Radar,36,6,69,9,120,0,1,114,24,139,36,7,183,33,259,486,17,503,762
05/03/2018,PIE,FL,ASO,ES,Towers with Radar,51,13,69,5,138,0,0,95,20,115,51,13,164,25,253,423,4,427,680
05/04/2018,PIE,FL,ASO,ES,Towers with Radar,45,15,77,10,147,0,0,120,17,137,45,15,197,27,284,312,2,314,598
05/05/2018,PIE,FL,ASO,ES,Towers with Radar,41,12,27,13,93,0,0,66,6,72,41,12,93,19,165,227,4,231,396
05/06/2018,PIE,FL,ASO,ES,Towers with Radar,53,4,58,9,124,0,0,25,2,27,53,4,83,11,151,72,0,72,223
05/07/2018,PIE,FL,ASO,ES,Towers with Radar,45,13,59,14,131,0,3,73,21,97,45,16,132,35,228,336,34,370,598
05/08/2018,PIE,FL,ASO,ES,Towers with Radar,10,6,60,16,92,0,0,90,25,115,10,6,150,41,207,422,36,458,665
05/09/2018,PIE,FL,ASO,ES,Towers with Radar,34,14,55,7,110,0,1,98,19,118,34,15,153,26,228,328,12,340,568
05/10/2018,PIE,FL,ASO,ES,Towers with Radar,50,6,62,19,137,0,1,94,30,125,50,7,156,49,262,490,68,558,820
05/11/2018,PIE,FL,ASO,ES,Towers with Radar,51,12,60,10,133,0,0,98,26,124,51,12,158,36,257,279,8,287,544
05/12/2018,PIE,FL,ASO,ES,Towers with Radar,41,1,42,5,89,0,2,60,0,62,41,3,102,5,151,110,0,110,261
05/13/2018,PIE,FL,ASO,ES,Towers with Radar,51,7,36,3,97,0,0,21,7,28,51,7,57,10,125,42,4,46,171
05/14/2018,PIE,FL,ASO,ES,Towers with Radar,47,4,38,11,100,0,0,1,8,9,47,4,39,19,109,0,16,16,125
05/15/2018,PIE,FL,ASO,ES,Towers with Radar,9,5,41,9,64,0,0,27,30,57,9,5,68,39,121,28,28,56,177
05/16/2018,PIE,FL,ASO,ES,Towers with Radar,43,6,55,11,115,0,0,45,30,75,43,6,100,41,190,96,59,155,345
05/17/2018,PIE,FL,ASO,ES,Towers with Radar,49,13,73,16,151,0,0,29,25,54,49,13,102,41,205,124,41,165,370
05/18/2018,PIE,FL,ASO,ES,Towers with Radar,45,11,83,5,144,0,0,60,11,71,45,11,143,16,215,237,6,243,458
05/19/2018,PIE,FL,ASO,ES,Towers with Radar,48,11,26,4,89,0,0,57,0,57,48,11,83,4,146,190,1,191,337
05/20/2018,PIE,FL,ASO,ES,Towers with Radar,52,11,31,5,99,0,1,2,4,7,52,12,33,9,106,0,4,4,110
05/21/2018,PIE,FL,ASO,ES,Towers with Radar,42,4,54,14,114,0,0,15,7,22,42,4,69,21,136,44,24,68,204
05/22/2018,PIE,FL,ASO,ES,Towers with Radar,20,9,79,18,126,0,0,32,22,54,20,9,111,40,180,54,2,56,236
05/23/2018,PIE,FL,ASO,ES,Towers with Radar,52,10,76,12,150,0,1,101,36,138,52,11,177,48,288,240,46,286,574
05/24/2018,PIE,FL,ASO,ES,Towers with Radar,48,20,68,8,144,0,5,60,21,86,48,25,128,29,230,280,35,315,545
05/25/2018,PIE,FL,ASO,ES,Towers with Radar,45,13,76,2,136,0,0,45,12,57,45,13,121,14,193,90,0,90,283
05/26/2018,PIE,FL,ASO,ES,Towers with Radar,53,10,18,0,81,0,1,26,3,30,53,11,44,3,111,27,0,27,138
05/27/2018,PIE,FL,ASO,ES,Towers with Radar,44,4,6,0,54,0,0,0,0,0,44,4,6,0,54,0,0,0,54
05/28/2018,PIE,FL,ASO,ES,Towers with Radar,44,3,17,3,67,0,0,6,1,7,44,3,23,4,74,0,0,0,74
05/29/2018,PIE,FL,ASO,ES,Towers with Radar,30,15,61,20,126,0,0,44,19,63,30,15,105,39,189,200,50,250,439
05/30/2018,PIE,FL,ASO,ES,Towers with Radar,42,5,42,4,93,0,0,13,10,23,42,5,55,14,116,62,54,116,232
05/31/2018,PIE,FL,ASO,ES,Towers with Radar,47,7,50,13,117,0,0,78,24,102,47,7,128,37,219,410,58,468,687
06/01/2018,PIE,FL,ASO,ES,Towers with Radar,49,14,60,10,133,0,2,95,17,114,49,16,155,27,247,208,12,220,467
06/02/2018,PIE,FL,ASO,ES,Towers with Radar,53,4,54,12,123,0,0,87,1,88,53,4,141,13,211,207,0,207,418
06/03/2018,PIE,FL,ASO,ES,Towers with Radar,45,3,33,2,83,0,2,46,2,50,45,5,79,4,133,162,1,163,296
06/04/2018,PIE,FL,ASO,ES,Towers with Radar,54,21,84,12,171,0,1,32,10,43,54,22,116,22,214,167,46,213,427
06/05/2018,PIE,FL,ASO,ES,Towers with Radar,36,5,56,14,111,0,1,77,29,107,36,6,133,43,218,103,110,213,431
06/06/2018,PIE,FL,ASO,ES,Towers with Radar,51,2,37,12,102,0,0,43,13,56,51,2,80,25,158,186,18,204,362
06/07/2018,PIE,FL,ASO,ES,Towers with Radar,45,5,87,13,150,0,0,86,19,105,45,5,173,32,255,238,46,284,539
06/08/2018,PIE,FL,ASO,ES,Towers with Radar,41,14,39,15,109,0,0,71,23,94,41,14,110,38,203,262,14,276,479
06/09/2018,PIE,FL,ASO,ES,Towers with Radar,54,10,37,10,111,0,6,74,4,84,54,16,111,14,195,198,12,210,405
06/10/2018,PIE,FL,ASO,ES,Towers with Radar,54,10,53,13,130,0,0,61,2,63,54,10,114,15,193,168,0,168,361
06/11/2018,PIE,FL,ASO,ES,Towers with Radar,46,12,73,12,143,0,4,78,17,99,46,16,151,29,242,276,22,298,540
06/12/2018,PIE,FL,ASO,ES,Towers with Radar,30,8,44,11,93,0,3,63,26,92,30,11,107,37,185,152,6,158,343
06/13/2018,PIE,FL,ASO,ES,Towers with Radar,58,0,62,10,130,0,2,122,28,152,58,2,184,38,282,391,8,399,681
06/14/2018,PIE,FL,ASO,ES,Towers with Radar,43,11,75,9,138,0,0,92,36,128,43,11,167,45,266,374,28,402,668
06/15/2018,PIE,FL,ASO,ES,Towers with Radar,42,21,78,7,148,0,2,95,20,117,42,23,173,27,265,154,0,154,419
06/16/2018,PIE,FL,ASO,ES,Towers with Radar,57,10,42,6,115,0,0,55,3,58,57,10,97,9,173,122,4,126,299
06/17/2018,PIE,FL,ASO,ES,Towers with Radar,47,11,49,2,109,0,0,52,6,58,47,11,101,8,167,186,4,190,357
06/18/2018,PIE,FL,ASO,ES,Towers with Radar,43,12,74,11,140,0,0,77,16,93,43,12,151,27,233,305,0,305,538
06/19/2018,PIE,FL,ASO,ES,Towers with Radar,40,2,47,6,95,0,0,87,28,115,40,2,134,34,210,190,4,194,404
06/20/2018,PIE,FL,ASO,ES,Towers with Radar,58,2,58,10,128,0,1,52,33,86,58,3,110,43,214,247,0,247,461
06/21/2018,PIE,FL,ASO,ES,Towers with Radar,44,10,73,5,132,0,2,69,38,109,44,12,142,43,241,266,42,308,549
06/22/2018,PIE,FL,ASO,ES,Towers with Radar,44,11,54,12,121,0,1,99,25,125,44,12,153,37,246,290,20,310,556
06/23/2018,PIE,FL,ASO,ES,Towers with Radar,55,4,40,1,100,0,0,78,4,82,55,4,118,5,182,180,0,180,362
06/24/2018,PIE,FL,ASO,ES,Towers with Radar,47,15,39,9,110,0,0,30,13,43,47,15,69,22,153,160,10,170,323
06/25/2018,PIE,FL,ASO,ES,Towers with Radar,48,13,53,8,122,0,0,86,23,109,48,13,139,31,231,366,64,430,661
06/26/2018,PIE,FL,ASO,ES,Towers with Radar,41,12,56,8,117,0,0,76,32,108,41,12,132,40,225,231,12,243,468
06/27/2018,PIE,FL,ASO,ES,Towers with Radar,61,10,73,22,166,0,1,119,23,143,61,11,192,45,309,250,64,314,623
06/28/2018,PIE,FL,ASO,ES,Towers with Radar,47,23,67,12,149,0,0,71,25,96,47,23,138,37,245,146,22,168,413
06/29/2018,PIE,FL,ASO,ES,Towers with Radar,46,6,41,9,102,0,0,30,17,47,46,6,71,26,149,81,0,81,230
06/30/2018,PIE,FL,ASO,ES,Towers with Radar,53,3,23,3,82,0,2,12,2,16,53,5,35,5,98,46,14,60,158
07/01/2018,PIE,FL,ASO,ES,Towers with Radar,50,19,44,3,116,0,1,43,1,45,50,20,87,4,161,189,0,189,350
07/02/2018,PIE,FL,ASO,ES,Towers with Radar,47,9,37,2,95,0,0,82,8,90,47,9,119,10,185,203,1,204,389
07/03/2018,PIE,FL,ASO,ES,Towers with Radar,35,12,51,6,104,0,2,49,7,58,35,14,100,13,162,190,18,208,370
07/04/2018,PIE,FL,ASO,ES,Towers with Radar,61,9,36,0,106,0,7,49,1,57,61,16,85,1,163,120,1,121,284
07/05/2018,PIE,FL,ASO,ES,Towers with Radar,49,5,44,0,98,0,0,84,8,92,49,5,128,8,190,129,0,129,319
07/06/2018,PIE,FL,ASO,ES,Towers with Radar,47,6,67,6,126,0,0,61,10,71,47,6,128,16,197,210,11,221,418
07/07/2018,PIE,FL,ASO,ES,Towers with Radar,58,8,42,1,109,0,4,77,2,83,58,12,119,3,192,126,0,126,318
07/08/2018,PIE,FL,ASO,ES,Towers with Radar,48,8,63,4,123,0,0,69,2,71,48,8,132,6,194,100,0,100,294
07/09/2018,PIE,FL,ASO,ES,Towers with Radar,51,7,61,12,131,0,0,90,20,110,51,7,151,32,241,226,24,250,491
07/10/2018,PIE,FL,ASO,ES,Towers with Radar,34,5,84,16,139,0,0,83,11,94,34,5,167,27,233,247,17,264,497
07/11/2018,PIE,FL,ASO,ES,Towers with Radar,56,12,65,12,145,0,0,61,26,87,56,12,126,38,232,104,29,133,365
07/12/2018,PIE,FL,ASO,ES,Towers with Radar,49,8,41,8,106,0,2,71,29,102,49,10,112,37,208,192,39,231,439
07/13/2018,PIE,FL,ASO,ES,Towers with Radar,46,7,38,6,97,0,0,86,17,103,46,7,124,23,200,129,10,139,339
07/14/2018,PIE,FL,ASO,ES,Towers with Radar,56,4,40,2,102,0,0,57,4,61,56,4,97,6,163,86,0,86,249
07/15/2018,PIE,FL,ASO,ES,Towers with Radar,42,9,47,1,99,0,0,61,1,62,42,9,108,2,161,160,0,160,321
07/16/2018,PIE,FL,ASO,ES,Towers with Radar,56,3,49,6,114,0,4,61,17,82,56,7,110,23,196,311,28,339,535
07/17/2018,PIE,FL,ASO,ES,Towers with Radar,38,7,42,9,96,0,0,54,23,77,38,7,96,32,173,225,9,234,407
07/18/2018,PIE,FL,ASO,ES,Towers with Radar,56,10,58,7,131,0,0,31,5,36,56,10,89,12,167,59,1,60,227
07/19/2018,PIE,FL,ASO,ES,Towers with Radar,47,10,78,11,146,0,1,47,24,72,47,11,125,35,218,176,6,182,400
07/20/2018,PIE,FL,ASO,ES,Towers with Radar,47,4,34,2,87,0,0,15,9,24,47,4,49,11,111,36,0,36,147
07/21/2018,PIE,FL,ASO,ES,Towers with Radar,55,9,40,4,108,0,0,41,6,47,55,9,81,10,155,46,5,51,206
07/22/2018,PIE,FL,ASO,ES,Towers with Radar,45,9,68,6,128,0,0,42,4,46,45,9,110,10,174,70,0,70,244
07/23/2018,PIE,FL,ASO,ES,Towers with Radar,52,5,32,8,97,0,0,41,22,63,52,5,73,30,160,52,46,98,258
07/24/2018,PIE,FL,ASO,ES,Towers with Radar,35,10,75,12,132,0,0,84,18,102,35,10,159,30,234,166,30,196,430
07/25/2018,PIE,FL,ASO,ES,Towers with Radar,57,8,83,14,162,0,0,72,15,87,57,8,155,29,249,154,1,155,404
07/26/2018,PIE,FL,ASO,ES,Towers with Radar,47,12,51,8,118,0,0,38,14,52,47,12,89,22,170,118,20,138,308
07/27/2018,PIE,FL,ASO,ES,Towers with Radar,49,8,61,11,129,0,0,96,4,100,49,8,157,15,229,322,34,356,585
07/28/2018,PIE,FL,ASO,ES,Towers with Radar,53,8,54,1,116,0,1,48,5,54,53,9,102,6,170,135,0,135,305
07/29/2018,PIE,FL,ASO,ES,Towers with Radar,45,7,49,1,102,0,0,44,9,53,45,7,93,10,155,38,18,56,211
07/30/2018,PIE,FL,ASO,ES,Towers with Radar,46,9,63,7,125,0,0,27,0,27,46,9,90,7,152,94,8,102,254
07/31/2018,PIE,FL,ASO,ES,Towers with Radar,36,12,37,3,88,0,0,37,8,45,36,12,74,11,133,81,6,87,220
08/01/2018,PIE,FL,ASO,ES,Towers with Radar,48,3,48,0,99,0,0,81,15,96,48,3,129,15,195,236,30,266,461
08/02/2018,PIE,FL,ASO,ES,Towers with Radar,48,5,84,21,158,0,0,64,4,68,48,5,148,25,226,166,19,185,411
08/03/2018,PIE,FL,ASO,ES,Towers with Radar,46,10,81,4,141,0,0,99,9,108,46,10,180,13,249,185,8,193,442
08/04/2018,PIE,FL,ASO,ES,Towers with Radar,54,12,42,1,109,0,2,89,3,94,54,14,131,4,203,208,0,208,411
08/05/2018,PIE,FL,ASO,ES,Towers with Radar,45,4,50,2,101,0,0,87,6,93,45,4,137,8,194,244,2,246,440
08/06/2018,PIE,FL,ASO,ES,Towers with Radar,48,7,65,13,133,0,0,78,17,95,48,7,143,30,228,269,26,295,523
08/07/2018,PIE,FL,ASO,ES,Towers with Radar,21,4,50,6,81,0,0,81,12,93,21,4,131,18,174,166,0,166,340
08/08/2018,PIE,FL,ASO,ES,Towers with Radar,42,8,65,8,123,0,3,91,12,106,42,11,156,20,229,186,12,198,427
08/09/2018,PIE,FL,ASO,ES,Towers with Radar,43,20,71,11,145,0,0,61,17,78,43,20,132,28,223,226,2,228,451
08/10/2018,PIE,FL,ASO,ES,Towers with Radar,51,13,53,12,129,0,2,49,14,65,51,15,102,26,194,96,22,118,312
08/11/2018,PIE,FL,ASO,ES,Towers with Radar,47,5,33,2,87,0,0,27,0,27,47,5,60,2,114,76,0,76,190
08/12/2018,PIE,FL,ASO,ES,Towers with Radar,44,0,35,2,81,0,0,43,2,45,44,0,78,4,126,54,0,54,180
08/13/2018,PIE,FL,ASO,ES,Towers with Radar,52,5,68,4,129,0,0,36,8,44,52,5,104,12,173,152,10,162,335
08/14/2018,PIE,FL,ASO,ES,Towers with Radar,24,4,45,19,92,0,0,48,18,66,24,4,93,37,158,201,12,213,371
08/15/2018,PIE,FL,ASO,ES,Towers with Radar,26,4,50,7,87,0,0,55,14,69,26,4,105,21,156,44,14,58,214
08/16/2018,PIE,FL,ASO,ES,Towers with Radar,42,7,62,6,117,0,1,83,12,96,42,8,145,18,213,123,11,134,347
08/17/2018,PIE,FL,ASO,ES,Towers with Radar,44,12,76,8,140,0,0,76,13,89,44,12,152,21,229,235,17,252,481
08/18/2018,PIE,FL,ASO,ES,Towers with Radar,38,5,46,4,93,0,1,75,1,77,38,6,121,5,170,100,1,101,271
08/19/2018,PIE,FL,ASO,ES,Towers with Radar,47,7,29,2,85,0,0,50,5,55,47,7,79,7,140,86,1,87,227
08/20/2018,PIE,FL,ASO,ES,Towers with Radar,45,0,55,1,101,0,0,69,6,75,45,0,124,7,176,290,0,290,466
08/21/2018,PIE,FL,ASO,ES,Towers with Radar,11,4,70,8,93,0,0,71,17,88,11,4,141,25,181,188,20,208,389
08/22/2018,PIE,FL,ASO,ES,Towers with Radar,24,10,52,10,96,0,2,67,20,89,24,12,119,30,185,166,61,227,412
08/23/2018,PIE,FL,ASO,ES,Towers with Radar,44,4,49,12,109,0,4,67,14,85,44,8,116,26,194,148,0,148,342
08/24/2018,PIE,FL,ASO,ES,Towers with Radar,43,7,60,8,118,0,0,68,16,84,43,7,128,24,202,142,30,172,374
08/25/2018,PIE,FL,ASO,ES,Towers with Radar,36,8,31,1,76,0,2,50,1,53,36,10,81,2,129,205,0,205,334
08/26/2018,PIE,FL,ASO,ES,Towers with Radar,42,2,63,0,107,0,0,51,2,53,42,2,114,2,160,50,0,50,210
08/27/2018,PIE,FL,ASO,ES,Towers with Radar,43,11,54,6,114,0,0,63,33,96,43,11,117,39,210,216,30,246,456
08/28/2018,PIE,FL,ASO,ES,Towers with Radar,10,16,56,10,92,0,3,56,25,84,10,19,112,35,176,228,27,255,431
08/29/2018,PIE,FL,ASO,ES,Towers with Radar,19,7,67,20,113,0,0,25,8,33,19,7,92,28,146,72,62,134,280
08/30/2018,PIE,FL,ASO,ES,Towers with Radar,43,4,61,6,114,0,0,48,34,82,43,4,109,40,196,150,32,182,378
08/31/2018,PIE,FL,ASO,ES,Towers with Radar,44,15,70,2,131,0,1,45,7,53,44,16,115,9,184,80,8,88,272
09/01/2018,PIE,FL,ASO,ES,Towers with Radar,35,4,45,3,87,0,2,51,1,54,35,6,96,4,141,125,0,125,266
09/02/2018,PIE,FL,ASO,ES,Towers with Radar,45,6,30,0,81,0,0,36,1,37,45,6,66,1,118,74,2,76,194
09/03/2018,PIE,FL,ASO,ES,Towers with Radar,46,10,39,1,96,0,0,36,1,37,46,10,75,2,133,34,0,34,167
09/04/2018,PIE,FL,ASO,ES,Towers with Radar,10,14,55,2,81,0,0,38,24,62,10,14,93,26,143,84,39,123,266
09/05/2018,PIE,FL,ASO,ES,Towers with Radar,13,21,50,9,93,0,0,87,29,116,13,21,137,38,209,216,53,269,478
09/06/2018,PIE,FL,ASO,ES,Towers with Radar,42,18,64,8,132,0,1,52,44,97,42,19,116,52,229,106,16,122,351
09/07/2018,PIE,FL,ASO,ES,Towers with Radar,41,8,56,6,111,0,0,57,31,88,41,8,113,37,199,172,30,202,401
09/08/2018,PIE,FL,ASO,ES,Towers with Radar,22,10,55,6,93,0,2,76,12,90,22,12,131,18,183,127,0,127,310
09/09/2018,PIE,FL,ASO,ES,Towers with Radar,48,9,34,10,101,0,2,30,2,34,48,11,64,12,135,144,0,144,279
09/10/2018,PIE,FL,ASO,ES,Towers with Radar,43,3,50,17,113,0,0,59,18,77,43,3,109,35,190,114,78,192,382
09/11/2018,PIE,FL,ASO,ES,Towers with Radar,10,4,93,9,116,0,0,53,28,81,10,4,146,37,197,332,18,350,547
09/12/2018,PIE,FL,ASO,ES,Towers with Radar,16,13,37,18,84,0,4,51,22,77,16,17,88,40,161,265,40,305,466
09/13/2018,PIE,FL,ASO,ES,Towers with Radar,36,6,58,5,105,0,0,60,21,81,36,6,118,26,186,168,30,198,384
09/14/2018,PIE,FL,ASO,ES,Towers with Radar,37,14,57,4,112,0,3,73,8,84,37,17,130,12,196,171,10,181,377
09/15/2018,PIE,FL,ASO,ES,Towers with Radar,26,10,40,6,82,0,1,51,3,55,26,11,91,9,137,66,0,66,203
09/16/2018,PIE,FL,ASO,ES,Towers with Radar,36,6,31,2,75,0,0,38,0,38,36,6,69,2,113,130,0,130,243
09/17/2018,PIE,FL,ASO,ES,Towers with Radar,38,14,88,5,145,0,2,64,9,75,38,16,152,14,220,182,36,218,438
09/18/2018,PIE,FL,ASO,ES,Towers with Radar,8,10,74,18,110,0,2,54,10,66,8,12,128,28,176,227,22,249,425
09/19/2018,PIE,FL,ASO,ES,Towers with Radar,15,13,60,5,93,0,2,54,14,70,15,15,114,19,163,290,29,319,482
09/20/2018,PIE,FL,ASO,ES,Towers with Radar,34,6,61,12,113,0,1,75,8,84,34,7,136,20,197,159,6,165,362
09/21/2018,PIE,FL,ASO,ES,Towers with Radar,42,10,83,1,136,0,2,68,11,81,42,12,151,12,217,76,26,102,319
09/22/2018,PIE,FL,ASO,ES,Towers with Radar,25,6,49,4,84,0,2,72,0,74,25,8,121,4,158,100,0,100,258
09/23/2018,PIE,FL,ASO,ES,Towers with Radar,38,7,28,0,73,0,0,39,3,42,38,7,67,3,115,68,1,69,184
09/24/2018,PIE,FL,ASO,ES,Towers with Radar,44,12,78,14,148,0,0,59,17,76,44,12,137,31,224,70,8,78,302
09/25/2018,PIE,FL,ASO,ES,Towers with Radar,6,6,72,3,87,0,0,65,16,81,6,6,137,19,168,186,22,208,376
09/26/2018,PIE,FL,ASO,ES,Towers with Radar,15,14,73,4,106,0,2,96,24,122,15,16,169,28,228,227,108,335,563
09/27/2018,PIE,FL,ASO,ES,Towers with Radar,41,19,96,5,161,0,4,68,27,99,41,23,164,32,260,90,30,120,380
09/28/2018,PIE,FL,ASO,ES,Towers with Radar,43,16,83,6,148,0,0,69,26,95,43,16,152,32,243,146,8,154,397
09/29/2018,PIE,FL,ASO,ES,Towers with Radar,23,18,34,4,79,0,5,72,3,80,23,23,106,7,159,190,2,192,351
09/30/2018,PIE,FL,ASO,ES,Towers with Radar,45,19,44,3,111,0,0,61,5,66,45,19,105,8,177,124,8,132,309
10/01/2018,PIE,FL,ASO,ES,Towers with Radar,40,21,62,7,130,0,0,74,18,92,40,21,136,25,222,182,24,206,428
10/02/2018,PIE,FL,ASO,ES,Towers with Radar,9,11,71,3,94,0,0,70,7,77,9,11,141,10,171,128,0,128,299
10/03/2018,PIE,FL,ASO,ES,Towers with Radar,48,10,85,16,159,0,0,85,22,107,48,10,170,38,266,226,22,248,514
10/04/2018,PIE,FL,ASO,ES,Towers with Radar,45,19,89,11,164,0,0,68,21,89,45,19,157,32,253,236,2,238,491
10/05/2018,PIE,FL,ASO,ES,Towers with Radar,49,6,77,15,147,0,0,56,9,65,49,6,133,24,212,266,0,266,478
10/06/2018,PIE,FL,ASO,ES,Towers with Radar,48,8,57,2,115,0,1,52,1,54,48,9,109,3,169,180,0,180,349
10/07/2018,PIE,FL,ASO,ES,Towers with Radar,44,9,36,6,95,0,0,49,8,57,44,9,85,14,152,122,8,130,282
10/08/2018,PIE,FL,ASO,ES,Towers with Radar,49,8,64,3,124,0,0,29,2,31,49,8,93,5,155,112,1,113,268
10/09/2018,PIE,FL,ASO,ES,Towers with Radar,17,8,48,7,80,0,0,29,10,39,17,8,77,17,119,26,36,62,181
10/10/2018,PIE,FL,ASO,ES,Towers with Radar,49,8,16,1,74,0,0,3,2,5,49,8,19,3,79,0,0,0,79
10/11/2018,PIE,FL,ASO,ES,Towers with Radar,52,15,50,5,122,0,0,38,14,52,52,15,88,19,174,102,18,120,294
10/12/2018,PIE,FL,ASO,ES,Towers with Radar,48,19,54,8,129,0,3,77,9,89,48,22,131,17,218,244,0,244,462
10/13/2018,PIE,FL,ASO,ES,Towers with Radar,47,15,38,6,106,0,2,52,6,60,47,17,90,12,166,156,4,160,326
10/14/2018,PIE,FL,ASO,ES,Towers with Radar,49,14,60,5,128,0,3,48,6,57,49,17,108,11,185,145,0,145,330
10/15/2018,PIE,FL,ASO,ES,Towers with Radar,52,12,67,12,143,0,4,77,25,106,52,16,144,37,249,192,0,192,441
10/16/2018,PIE,FL,ASO,ES,Towers with Radar,20,11,74,7,112,0,0,73,20,93,20,11,147,27,205,156,24,180,385
10/17/2018,PIE,FL,ASO,ES,Towers with Radar,46,19,94,15,174,0,0,114,31,145,46,19,208,46,319,314,28,342,661
10/18/2018,PIE,FL,ASO,ES,Towers with Radar,46,14,93,17,170,0,1,80,25,106,46,15,173,42,276,256,18,274,550
10/19/2018,PIE,FL,ASO,ES,Towers with Radar,49,6,92,23,170,0,0,74,6,80,49,6,166,29,250,194,14,208,458
10/20/2018,PIE,FL,ASO,ES,Towers with Radar,46,13,31,3,93,0,0,43,4,47,46,13,74,7,140,94,0,94,234
10/21/2018,PIE,FL,ASO,ES,Towers with Radar,48,13,86,6,153,0,0,58,4,62,48,13,144,10,215,138,0,138,353
10/22/2018,PIE,FL,ASO,ES,Towers with Radar,51,13,67,8,139,0,1,78,18,97,51,14,145,26,236,246,8,254,490
10/23/2018,PIE,FL,ASO,ES,Towers with Radar,16,17,67,8,108,0,2,70,27,99,16,19,137,35,207,226,6,232,439
10/24/2018,PIE,FL,ASO,ES,Towers with Radar,50,10,79,15,154,0,2,75,35,112,50,12,154,50,266,281,37,318,584
10/25/2018,PIE,FL,ASO,ES,Towers with Radar,44,19,69,14,146,0,0,75,32,107,44,19,144,46,253,270,12,282,535
10/26/2018,PIE,FL,ASO,ES,Towers with Radar,57,9,48,13,127,0,0,25,10,35,57,9,73,23,162,60,6,66,228
10/27/2018,PIE,FL,ASO,ES,Towers with Radar,45,14,36,2,97,0,0,45,5,50,45,14,81,7,147,175,0,175,322
10/28/2018,PIE,FL,ASO,ES,Towers with Radar,47,6,67,3,123,0,2,65,5,72,47,8,132,8,195,108,18,126,321
10/29/2018,PIE,FL,ASO,ES,Towers with Radar,50,12,76,10,148,0,1,66,45,112,50,13,142,55,260,338,92,430,690
10/30/2018,PIE,FL,ASO,ES,Towers with Radar,15,13,57,7,92,0,2,89,20,111,15,15,146,27,203,246,0,246,449
10/31/2018,PIE,FL,ASO,ES,Towers with Radar,41,7,85,18,151,0,4,88,32,124,41,11,173,50,275,248,14,262,537
11/01/2018,PIE,FL,ASO,ES,Towers with Radar,45,9,75,12,141,0,0,67,17,84,45,9,142,29,225,160,19,179,404
11/02/2018,PIE,FL,ASO,ES,Towers with Radar,51,15,51,15,132,0,0,12,1,13,51,15,63,16,145,2,0,2,147
11/03/2018,PIE,FL,ASO,ES,Towers with Radar,40,7,31,4,82,0,1,65,9,75,40,8,96,13,157,150,0,150,307
11/04/2018,PIE,FL,ASO,ES,Towers with Radar,46,9,56,3,114,0,0,46,5,51,46,9,102,8,165,126,0,126,291
11/05/2018,PIE,FL,ASO,ES,Towers with Radar,50,15,92,54,211,0,0,66,27,93,50,15,158,81,304,286,55,341,645
11/06/2018,PIE,FL,ASO,ES,Towers with Radar,7,14,87,39,147,0,2,85,7,94,7,16,172,46,241,186,60,246,487
11/07/2018,PIE,FL,ASO,ES,Towers with Radar,40,15,86,32,173,0,2,76,36,114,40,17,162,68,287,262,72,334,621
11/08/2018,PIE,FL,ASO,ES,Towers with Radar,45,5,74,24,148,0,0,101,35,136,45,5,175,59,284,203,34,237,521
11/09/2018,PIE,FL,ASO,ES,Towers with Radar,53,8,85,21,167,0,0,87,35,122,53,8,172,56,289,218,19,237,526
11/10/2018,PIE,FL,ASO,ES,Towers with Radar,43,22,39,1,105,0,2,51,5,58,43,24,90,6,163,75,14,89,252
11/11/2018,PIE,FL,ASO,ES,Towers with Radar,45,12,73,6,136,0,6,73,0,79,45,18,146,6,215,152,0,152,367
11/12/2018,PIE,FL,ASO,ES,Towers with Radar,53,18,73,1,145,0,1,61,5,67,53,19,134,6,212,160,0,160,372
11/13/2018,PIE,FL,ASO,ES,Towers with Radar,4,18,77,24,123,0,1,72,22,95,4,19,149,46,218,158,48,206,424
11/14/2018,PIE,FL,ASO,ES,Towers with Radar,31,21,36,26,114,0,0,59,29,88,31,21,95,55,202,64,46,110,312
11/15/2018,PIE,FL,ASO,ES,Towers with Radar,46,28,65,20,159,0,0,21,12,33,46,28,86,32,192,56,0,56,248
11/16/2018,PIE,FL,ASO,ES,Towers with Radar,54,20,93,24,191,0,1,104,50,155,54,21,197,74,346,150,22,172,518
11/17/2018,PIE,FL,ASO,ES,Towers with Radar,50,21,53,3,127,0,3,72,8,83,50,24,125,11,210,156,2,158,368
11/18/2018,PIE,FL,ASO,ES,Towers with Radar,50,15,44,5,114,0,2,68,8,78,50,17,112,13,192,128,0,128,320
11/19/2018,PIE,FL,ASO,ES,Towers with Radar,51,19,87,22,179,0,3,82,35,120,51,22,169,57,299,210,8,218,517
11/20/2018,PIE,FL,ASO,ES,Towers with Radar,50,17,81,22,170,0,0,45,37,82,50,17,126,59,252,143,37,180,432
11/21/2018,PIE,FL,ASO,ES,Towers with Radar,58,19,72,4,153,0,0,64,6,70,58,19,136,10,223,98,10,108,331
11/22/2018,PIE,FL,ASO,ES,Towers with Radar,23,2,20,0,45,0,1,25,0,26,23,3,45,0,71,10,0,10,81
11/23/2018,PIE,FL,ASO,ES,Towers with Radar,50,11,33,2,96,0,1,42,0,43,50,12,75,2,139,36,0,36,175
11/24/2018,PIE,FL,ASO,ES,Towers with Radar,42,20,37,0,99,0,1,54,4,59,42,21,91,4,158,66,11,77,235
11/25/2018,PIE,FL,ASO,ES,Towers with Radar,55,17,93,0,165,0,1,45,8,54,55,18,138,8,219,134,0,134,353
11/26/2018,PIE,FL,ASO,ES,Towers with Radar,55,11,56,7,129,0,0,20,21,41,55,11,76,28,170,36,24,60,230
11/27/2018,PIE,FL,ASO,ES,Towers with Radar,5,15,78,18,116,0,3,80,32,115,5,18,158,50,231,62,49,111,342
11/28/2018,PIE,FL,ASO,ES,Towers with Radar,12,18,82,26,138,0,1,115,29,145,12,19,197,55,283,283,62,345,628
11/29/2018,PIE,FL,ASO,ES,Towers with Radar,43,20,77,21,161,0,2,97,52,151,43,22,174,73,312,272,32,304,616
11/30/2018,PIE,FL,ASO,ES,Towers with Radar,48,12,80,16,156,0,0,76,20,96,48,12,156,36,252,96,47,143,395
12/01/2018,PIE,FL,ASO,ES,Towers with Radar,39,11,28,3,81,0,1,23,3,27,39,12,51,6,108,31,0,31,139
12/02/2018,PIE,FL,ASO,ES,Towers with Radar,46,20,67,2,135,0,2,24,2,28,46,22,91,4,163,56,0,56,219
12/03/2018,PIE,FL,ASO,ES,Towers with Radar,50,12,57,23,142,0,2,3,13,18,50,14,60,36,160,21,14,35,195
12/04/2018,PIE,FL,ASO,ES,Towers with Radar,2,19,72,1,94,0,0,43,12,55,2,19,115,13,149,157,36,193,342
12/05/2018,PIE,FL,ASO,ES,Towers with Radar,13,10,81,5,109,0,3,104,7,114,13,13,185,12,223,247,20,267,490
12/06/2018,PIE,FL,ASO,ES,Towers with Radar,43,11,96,17,167,0,0,101,31,132,43,11,197,48,299,327,0,327,626
12/07/2018,PIE,FL,ASO,ES,Towers with Radar,49,7,72,6,134,0,0,84,19,103,49,7,156,25,237,256,25,281,518
12/08/2018,PIE,FL,ASO,ES,Towers with Radar,41,21,65,5,132,0,0,79,3,82,41,21,144,8,214,172,0,172,386
12/09/2018,PIE,FL,ASO,ES,Towers with Radar,37,6,21,2,66,0,0,5,8,13,37,6,26,10,79,18,0,18,97
12/10/2018,PIE,FL,ASO,ES,Towers with Radar,49,13,66,19,147,0,2,33,31,66,49,15,99,50,213,154,79,233,446
12/11/2018,PIE,FL,ASO,ES,Towers with Radar,8,9,86,10,113,0,2,72,28,102,8,11,158,38,215,225,36,261,476
12/12/2018,PIE,FL,ASO,ES,Towers with Radar,12,14,82,24,132,0,4,90,45,139,12,18,172,69,271,216,46,262,533
12/13/2018,PIE,FL,ASO,ES,Towers with Radar,43,9,100,10,162,0,0,73,32,105,43,9,173,42,267,202,15,217,484
12/14/2018,PIE,FL,ASO,ES,Towers with Radar,50,6,33,2,91,0,0,3,2,5,50,6,36,4,96,18,0,18,114
12/15/2018,PIE,FL,ASO,ES,Towers with Radar,40,11,48,1,100,0,0,26,2,28,40,11,74,3,128,109,0,109,237
12/16/2018,PIE,FL,ASO,ES,Towers with Radar,45,20,86,1,152,0,0,57,7,64,45,20,143,8,216,194,6,200,416
12/17/2018,PIE,FL,ASO,ES,Towers with Radar,52,10,119,11,192,0,0,66,31,97,52,10,185,42,289,205,26,231,520
12/18/2018,PIE,FL,ASO,ES,Towers with Radar,4,14,78,8,104,0,0,112,29,141,4,14,190,37,245,242,32,274,519
12/19/2018,PIE,FL,ASO,ES,Towers with Radar,38,6,62,12,118,0,0,41,15,56,38,6,103,27,174,88,18,106,280
12/20/2018,PIE,FL,ASO,ES,Towers with Radar,46,8,38,5,97,0,0,1,0,1,46,8,39,5,98,2,6,8,106
12/21/2018,PIE,FL,ASO,ES,Towers with Radar,53,6,29,2,90,0,0,5,2,7,53,6,34,4,97,0,0,0,97
12/22/2018,PIE,FL,ASO,ES,Towers with Radar,51,11,54,0,116,0,2,53,0,55,51,13,107,0,171,66,0,66,237
12/23/2018,PIE,FL,ASO,ES,Towers with Radar,47,13,38,0,98,0,0,55,1,56,47,13,93,1,154,62,0,62,216
12/24/2018,PIE,FL,ASO,ES,Towers with Radar,58,8,18,0,84,0,0,30,1,31,58,8,48,1,115,76,0,76,191
12/25/2018,PIE,FL,ASO,ES,Towers with Radar,21,11,11,1,44,0,1,13,0,14,21,12,24,1,58,0,0,0,58
12/26/2018,PIE,FL,ASO,ES,Towers with Radar,54,24,51,3,132,0,0,52,3,55,54,24,103,6,187,60,0,60,247
12/27/2018,PIE,FL,ASO,ES,Towers with Radar,46,21,60,2,129,0,0,33,3,36,46,21,93,5,165,38,0,38,203
12/28/2018,PIE,FL,ASO,ES,Towers with Radar,57,17,41,7,122,0,0,10,3,13,57,17,51,10,135,38,0,38,173
12/29/2018,PIE,FL,ASO,ES,Towers with Radar,49,19,58,0,126,0,0,18,0,18,49,19,76,0,144,96,0,96,240
12/30/2018,PIE,FL,ASO,ES,Towers with Radar,51,16,37,0,104,0,1,43,4,48,51,17,80,4,152,94,1,95,247
12/31/2018,PIE,FL,ASO,ES,Towers with Radar,55,9,43,0,107,0,0,49,2,51,55,9,92,2,158,106,0,106,264
01/01/2019,PIE,FL,ASO,ES,Towers with Radar,33,15,44,1,93,0,0,40,1,41,33,15,84,2,134,118,0,118,252
01/02/2019,PIE,FL,ASO,ES,Towers with Radar,58,18,77,12,165,0,0,52,11,63,58,18,129,23,228,192,34,226,454
01/03/2019,PIE,FL,ASO,ES,Towers with Radar,44,21,92,1,158,0,0,40,17,57,44,21,132,18,215,88,60,148,363
01/04/2019,PIE,FL,ASO,ES,Towers with Radar,57,6,40,6,109,0,1,6,5,12,57,7,46,11,121,24,13,37,158
01/05/2019,PIE,FL,ASO,ES,Towers with Radar,51,19,66,1,137,0,5,41,2,48,51,24,107,3,185,161,0,161,346
01/06/2019,PIE,FL,ASO,ES,Towers with Radar,46,4,77,4,131,0,0,83,4,87,46,4,160,8,218,198,0,198,416
01/07/2019,PIE,FL,ASO,ES,Towers with Radar,54,7,76,2,139,0,2,94,13,109,54,9,170,15,248,294,32,326,574
01/08/2019,PIE,FL,ASO,ES,Towers with Radar,8,9,98,5,120,0,2,115,20,137,8,11,213,25,257,242,37,279,536
01/09/2019,PIE,FL,ASO,ES,Towers with Radar,14,14,103,3,134,0,0,80,20,100,14,14,183,23,234,158,13,171,405
01/10/2019,PIE,FL,ASO,ES,Towers with Radar,39,14,94,14,161,0,1,109,21,131,39,15,203,35,292,204,28,232,524
01/11/2019,PIE,FL,ASO,ES,Towers with Radar,51,19,85,17,172,0,4,83,18,105,51,23,168,35,277,186,11,197,474
01/12/2019,PIE,FL,ASO,ES,Towers with Radar,41,12,80,3,136,0,0,70,0,70,41,12,150,3,206,218,0,218,424
01/13/2019,PIE,FL,ASO,ES,Towers with Radar,42,18,71,3,134,0,2,66,0,68,42,20,137,3,202,66,0,66,268
01/14/2019,PIE,FL,ASO,ES,Towers with Radar,49,17,101,14,181,0,0,56,27,83,49,17,157,41,264,236,34,270,534
01/15/2019,PIE,FL,ASO,ES,Towers with Radar,0,16,120,10,146,0,0,73,34,107,0,16,193,44,253,254,25,279,532
01/16/2019,PIE,FL,ASO,ES,Towers with Radar,14,15,78,10,117,0,2,82,25,109,14,17,160,35,226,180,36,216,442
01/17/2019,PIE,FL,ASO,ES,Towers with Radar,42,13,93,2,150,0,1,98,35,134,42,14,191,37,284,326,34,360,644
01/18/2019,PIE,FL,ASO,ES,Towers with Radar,48,22,102,12,184,0,0,90,12,102,48,22,192,24,286,294,2,296,582
01/19/2019,PIE,FL,ASO,ES,Towers with Radar,36,10,46,5,97,0,0,71,13,84,36,10,117,18,181,99,6,105,286
01/20/2019,PIE,FL,ASO,ES,Towers with Radar,42,13,29,8,92,0,0,11,7,18,42,13,40,15,110,0,0,0,110
01/21/2019,PIE,FL,ASO,ES,Towers with Radar,47,22,108,5,182,0,2,115,4,121,47,24,223,9,303,258,0,258,561
01/22/2019,PIE,FL,ASO,ES,Towers with Radar,2,11,64,10,87,0,2,76,29,107,2,13,140,39,194,213,52,265,459
01/23/2019,PIE,FL,ASO,ES,Towers with Radar,18,13,94,14,139,0,0,59,28,87,18,13,153,42,226,92,60,152,378
01/24/2019,PIE,FL,ASO,ES,Towers with Radar,40,15,58,6,119,0,2,27,23,52,40,17,85,29,171,112,22,134,305
01/25/2019,PIE,FL,ASO,ES,Towers with Radar,49,16,88,24,177,0,3,70,10,83,49,19,158,34,260,275,0,275,535
01/26/2019,PIE,FL,ASO,ES,Towers with Radar,46,10,51,7,114,0,2,63,8,73,46,12,114,15,187,94,0,94,281
01/27/2019,PIE,FL,ASO,ES,Towers with Radar,42,11,33,6,92,0,0,0,0,0,42,11,33,6,92,0,0,0,92
01/28/2019,PIE,FL,ASO,ES,Towers with Radar,46,22,79,6,153,0,0,71,12,83,46,22,150,18,236,220,52,272,508
01/29/2019,PIE,FL,ASO,ES,Towers with Radar,7,12,94,5,118,0,1,110,21,132,7,13,204,26,250,253,18,271,521
01/30/2019,PIE,FL,ASO,ES,Towers with Radar,19,19,80,12,130,0,0,46,25,71,19,19,126,37,201,349,52,401,602
01/31/2019,PIE,FL,ASO,ES,Towers with Radar,43,14,86,18,161,0,2,61,16,79,43,16,147,34,240,261,40,301,541
02/01/2019,PIE,FL,ASO,ES,Towers with Radar,50,31,70,12,163,0,2,80,21,103,50,33,150,33,266,189,6,195,461
02/02/2019,PIE,FL,ASO,ES,Towers with Radar,39,15,56,7,117,0,0,35,1,36,39,15,91,8,153,205,0,205,358
02/03/2019,PIE,FL,ASO,ES,Towers with Radar,41,9,43,2,95,0,2,3,0,5,41,11,46,2,100,8,0,8,108
02/04/2019,PIE,FL,ASO,ES,Towers with Radar,49,9,66,10,134,0,2,50,4,56,49,11,116,14,190,184,0,184,374
02/05/2019,PIE,FL,ASO,ES,Towers with Radar,0,10,63,2,75,0,0,65,1,66,0,10,128,3,141,272,24,296,437
02/06/2019,PIE,FL,ASO,ES,Towers with Radar,22,21,72,10,125,0,2,92,22,116,22,23,164,32,241,382,28,410,651
02/07/2019,PIE,FL,ASO,ES,Towers with Radar,43,18,75,10,146,0,2,57,25,84,43,20,132,35,230,258,8,266,496
02/08/2019,PIE,FL,ASO,ES,Towers with Radar,48,11,86,16,161,0,3,95,28,126,48,14,181,44,287,345,38,383,670
02/09/2019,PIE,FL,ASO,ES,Towers with Radar,43,15,54,4,116,0,1,41,2,44,43,16,95,6,160,194,4,198,358
02/10/2019,PIE,FL,ASO,ES,Towers with Radar,46,14,45,11,116,0,0,40,5,45,46,14,85,16,161,120,2,122,283
02/11/2019,PIE,FL,ASO,ES,Towers with Radar,46,31,78,14,169,0,0,94,21,115,46,31,172,35,284,360,96,456,740
02/12/2019,PIE,FL,ASO,ES,Towers with Radar,3,11,89,22,125,0,0,19,7,26,3,11,108,29,151,34,6,40,191
02/13/2019,PIE,FL,ASO,ES,Towers with Radar,40,17,86,10,153,0,1,46,17,64,40,18,132,27,217,200,39,239,456
02/14/2019,PIE,FL,ASO,ES,Towers with Radar,47,17,111,11,186,0,5,136,22,163,47,22,247,33,349,489,12,501,850
02/15/2019,PIE,FL,ASO,ES,Towers with Radar,53,24,78,17,172,0,1,98,22,121,53,25,176,39,293,353,8,361,654
02/16/2019,PIE,FL,ASO,ES,Towers with Radar,46,26,90,1,163,0,2,56,1,59,46,28,146,2,222,242,0,242,464
02/17/2019,PIE,FL,ASO,ES,Towers with Radar,48,10,63,1,122,0,1,76,3,80,48,11,139,4,202,104,0,104,306
02/18/2019,PIE,FL,ASO,ES,Towers with Radar,48,17,117,9,191,0,0,27,0,27,48,17,144,9,218,246,0,246,464
02/19/2019,PIE,FL,ASO,ES,Towers with Radar,24,13,98,17,152,0,1,53,9,63,24,14,151,26,215,188,6,194,409
02/20/2019,PIE,FL,ASO,ES,Towers with Radar,37,20,105,7,169,0,0,68,4,72,37,20,173,11,241,178,3,181,422
02/21/2019,PIE,FL,ASO,ES,Towers with Radar,45,27,118,13,203,0,0,90,30,120,45,27,208,43,323,394,20,414,737
02/22/2019,PIE,FL,ASO,ES,Towers with Radar,57,37,101,12,207,0,0,113,15,128,57,37,214,27,335,298,26,324,659
02/23/2019,PIE,FL,ASO,ES,Towers with Radar,46,7,90,15,158,0,0,136,6,142,46,7,226,21,300,214,2,216,516
02/24/2019,PIE,FL,ASO,ES,Towers with Radar,45,18,74,45,182,0,1,16,2,19,45,19,90,47,201,70,0,70,271
02/25/2019,PIE,FL,ASO,ES,Towers with Radar,56,22,72,12,162,0,0,85,12,97,56,22,157,24,259,298,0,298,557
02/26/2019,PIE,FL,ASO,ES,Towers with Radar,23,10,40,6,79,0,0,17,2,19,23,10,57,8,98,92,6,98,196
02/27/2019,PIE,FL,ASO,ES,Towers with Radar,43,14,54,5,116,0,0,54,25,79,43,14,108,30,195,292,20,312,507
02/28/2019,PIE,FL,ASO,ES,Towers with Radar,47,26,108,8,189,0,1,72,25,98,47,27,180,33,287,271,1,272,559
03/01/2019,PIE,FL,ASO,ES,Towers with Radar,49,20,94,12,175,0,2,62,14,78,49,22,156,26,253,283,2,285,538
03/02/2019,PIE,FL,ASO,ES,Towers with Radar,44,21,81,13,159,0,3,71,2,76,44,24,152,15,235,109,2,111,346
03/03/2019,PIE,FL,ASO,ES,Towers with Radar,44,22,78,5,149,0,1,54,5,60,44,23,132,10,209,130,14,144,353
03/04/2019,PIE,FL,ASO,ES,Towers with Radar,48,17,77,23,165,0,1,47,12,60,48,18,124,35,225,166,24,190,415
03/05/2019,PIE,FL,ASO,ES,Towers with Radar,27,16,49,0,92,0,2,25,2,29,27,18,74,2,121,186,3,189,310
03/06/2019,PIE,FL,ASO,ES,Towers with Radar,55,22,98,13,188,0,0,117,18,135,55,22,215,31,323,264,14,278,601
03/07/2019,PIE,FL,ASO,ES,Towers with Radar,49,28,119,6,202,0,2,86,26,114,49,30,205,32,316,357,30,387,703
03/08/2019,PIE,FL,ASO,ES,Towers with Radar,55,30,102,3,190,0,0,86,10,96,55,30,188,13,286,219,64,283,569
03/09/2019,PIE,FL,ASO,ES,Towers with Radar,54,32,67,3,156,0,2,72,5,79,54,34,139,8,235,156,6,162,397
03/10/2019,PIE,FL,ASO,ES,Towers with Radar,51,33,92,13,189,0,0,33,3,36,51,33,125,16,225,54,6,60,285
03/11/2019,PIE,FL,ASO,ES,Towers with Radar,51,26,94,17,188,0,0,61,5,66,51,26,155,22,254,214,12,226,480
03/12/2019,PIE,FL,ASO,ES,Towers with Radar,39,20,77,9,145,0,0,50,14,64,39,20,127,23,209,304,5,309,518
03/13/2019,PIE,FL,ASO,ES,Towers with Radar,53,18,97,10,178,0,2,95,24,121,53,20,192,34,299,163,10,173,472
03/14/2019,PIE,FL,ASO,ES,Towers with Radar,49,17,99,9,174,0,0,78,22,100,49,17,177,31,274,195,10,205,479
03/15/2019,PIE,FL,ASO,ES,Towers with Radar,60,19,88,43,210,0,2,69,26,97,60,21,157,69,307,345,28,373,680
03/16/2019,PIE,FL,ASO,ES,Towers with Radar,51,22,61,4,138,0,0,15,0,15,51,22,76,4,153,34,0,34,187
03/17/2019,PIE,FL,ASO,ES,Towers with Radar,48,25,59,5,137,0,2,23,1,26,48,27,82,6,163,40,1,41,204
03/18/2019,PIE,FL,ASO,ES,Towers with Radar,58,16,82,10,166,0,0,52,16,68,58,16,134,26,234,322,0,322,556
03/19/2019,PIE,FL,ASO,ES,Towers with Radar,35,15,68,7,125,0,0,38,15,53,35,15,106,22,178,146,4,150,328
03/20/2019,PIE,FL,ASO,ES,Towers with Radar,53,15,89,7,164,0,7,84,22,113,53,22,173,29,277,229,10,239,516
03/21/2019,PIE,FL,ASO,ES,Towers with Radar,52,31,55,10,148,0,0,97,8,105,52,31,152,18,253,250,0,250,503
03/22/2019,PIE,FL,ASO,ES,Towers with Radar,57,21,68,15,161,0,0,67,15,82,57,21,135,30,243,155,4,159,402
03/23/2019,PIE,FL,ASO,ES,Towers with Radar,52,23,81,6,162,0,0,75,2,77,52,23,156,8,239,148,1,149,388
03/24/2019,PIE,FL,ASO,ES,Towers with Radar,52,36,72,15,175,0,0,67,0,67,52,36,139,15,242,74,0,74,316
03/25/2019,PIE,FL,ASO,ES,Towers with Radar,54,21,64,33,172,0,2,94,32,128,54,23,158,65,300,110,36,146,446
03/26/2019,PIE,FL,ASO,ES,Towers with Radar,46,15,92,22,175,0,0,95,22,117,46,15,187,44,292,238,10,248,540
03/27/2019,PIE,FL,ASO,ES,Towers with Radar,61,16,77,21,175,0,0,55,22,77,61,16,132,43,252,99,6,105,357
03/28/2019,PIE,FL,ASO,ES,Towers with Radar,49,18,85,25,177,0,1,69,19,89,49,19,154,44,266,196,12,208,474
03/29/2019,PIE,FL,ASO,ES,Towers with Radar,55,26,84,14,179,0,4,74,20,98,55,30,158,34,277,172,18,190,467
03/30/2019,PIE,FL,ASO,ES,Towers with Radar,57,22,75,3,157,0,5,82,4,91,57,27,157,7,248,78,0,78,326
03/31/2019,PIE,FL,ASO,ES,Towers with Radar,46,22,72,4,144,0,2,71,5,78,46,24,143,9,222,146,0,146,368
04/01/2019,PIE,FL,ASO,ES,Towers with Radar,53,19,53,24,149,0,0,26,30,56,53,19,79,54,205,126,24,150,355
04/02/2019,PIE,FL,ASO,ES,Towers with Radar,47,18,56,5,126,0,0,37,2,39,47,18,93,7,165,262,0,262,427
04/03/2019,PIE,FL,ASO,ES,Towers with Radar,56,15,91,9,171,0,1,113,18,132,56,16,204,27,303,262,11,273,576
04/04/2019,PIE,FL,ASO,ES,Towers with Radar,50,14,71,10,145,0,0,66,18,84,50,14,137,28,229,241,6,247,476
04/05/2019,PIE,FL,ASO,ES,Towers with Radar,57,14,79,32,182,0,0,58,17,75,57,14,137,49,257,232,8,240,497
04/06/2019,PIE,FL,ASO,ES,Towers with Radar,59,17,57,2,135,0,3,72,7,82,59,20,129,9,217,174,16,190,407
04/07/2019,PIE,FL,ASO,ES,Towers with Radar,50,17,67,12,146,0,2,54,1,57,50,19,121,13,203,95,20,115,318
04/08/2019,PIE,FL,ASO,ES,Towers with Radar,52,3,83,15,153,0,0,45,6,51,52,3,128,21,204,24,2,26,230
04/09/2019,PIE,FL,ASO,ES,Towers with Radar,44,15,69,9,137,0,0,36,19,55,44,15,105,28,192,48,28,76,268
04/10/2019,PIE,FL,ASO,ES,Towers with Radar,54,15,82,14,165,0,0,107,25,132,54,15,189,39,297,340,10,350,647
04/11/2019,PIE,FL,ASO,ES,Towers with Radar,47,21,115,13,196,1,2,114,15,132,48,23,229,28,328,356,8,364,692
04/12/2019,PIE,FL,ASO,ES,Towers with Radar,51,27,115,4,197,0,1,90,16,107,51,28,205,20,304,186,2,188,492
04/13/2019,PIE,FL,ASO,ES,Towers with Radar,48,16,68,5,137,0,2,53,3,58,48,18,121,8,195,179,0,179,374
04/14/2019,PIE,FL,ASO,ES,Towers with Radar,48,25,56,5,134,0,0,18,1,19,48,25,74,6,153,14,0,14,167
04/15/2019,PIE,FL,ASO,ES,Towers with Radar,53,12,95,3,163,0,5,65,7,77,53,17,160,10,240,192,0,192,432
04/16/2019,PIE,FL,ASO,ES,Towers with Radar,33,13,87,0,133,0,2,75,22,99,33,15,162,22,232,226,10,236,468
04/17/2019,PIE,FL,ASO,ES,Towers with Radar,58,25,113,9,205,0,4,114,16,134,58,29,227,25,339,152,2,154,493
04/18/2019,PIE,FL,ASO,ES,Towers with Radar,49,31,122,8,210,0,0,60,13,73,49,31,182,21,283,143,5,148,431
04/19/2019,PIE,FL,ASO,ES,Towers with Radar,44,10,31,10,95,0,0,8,2,10,44,10,39,12,105,6,10,16,121
04/20/2019,PIE,FL,ASO,ES,Towers with Radar,52,9,48,2,111,0,0,26,3,29,52,9,74,5,140,16,2,18,158
04/21/2019,PIE,FL,ASO,ES,Towers with Radar,53,19,42,2,116,0,0,47,3,50,53,19,89,5,166,36,0,36,202
04/22/2019,PIE,FL,ASO,ES,Towers with Radar,50,27,83,8,168,0,4,96,18,118,50,31,179,26,286,274,48,322,608
04/23/2019,PIE,FL,ASO,ES,Towers with Radar,35,22,110,12,179,0,0,120,22,142,35,22,230,34,321,327,16,343,664
04/24/2019,PIE,FL,ASO,ES,Towers with Radar,44,20,115,6,185,0,1,85,16,102,44,21,200,22,287,176,8,184,471
04/25/2019,PIE,FL,ASO,ES,Towers with Radar,48,17,124,7,196,0,2,91,3,96,48,19,215,10,292,150,0,150,442
04/26/2019,PIE,FL,ASO,ES,Towers with Radar,52,12,59,18,141,0,0,12,3,15,52,12,71,21,156,22,0,22,178
04/27/2019,PIE,FL,ASO,ES,Towers with Radar,48,12,51,2,113,0,0,105,5,110,48,12,156,7,223,146,0,146,369
04/28/2019,PIE,FL,ASO,ES,Towers with Radar,47,14,68,0,129,0,8,68,2,78,47,22,136,2,207,188,4,192,399
04/29/2019,PIE,FL,ASO,ES,Towers with Radar,54,8,89,13,164,0,0,74,16,90,54,8,163,29,254,140,2,142,396
04/30/2019,PIE,FL,ASO,ES,Towers with Radar,14,10,84,13,121,0,0,61,19,80,14,10,145,32,201,192,0,192,393
05/01/2019,PIE,FL,ASO,ES,Towers with Radar,36,15,95,12,158,0,0,81,19,100,36,15,176,31,258,202,16,218,476
05/02/2019,PIE,FL,ASO,ES,Towers with Radar,45,12,92,9,158,0,0,17,6,23,45,12,109,15,181,162,10,172,353
05/03/2019,PIE,FL,ASO,ES,Towers with Radar,52,11,96,36,195,0,1,31,11,43,52,12,127,47,238,191,28,219,457
05/04/2019,PIE,FL,ASO,ES,Towers with Radar,42,12,61,4,119,0,0,52,5,57,42,12,113,9,176,71,7,78,254
05/05/2019,PIE,FL,ASO,ES,Towers with Radar,45,10,38,3,96,0,0,10,4,14,45,10,48,7,110,14,0,14,124
05/06/2019,PIE,FL,ASO,ES,Towers with Radar,47,10,89,6,152,0,2,59,9,70,47,12,148,15,222,248,16,264,486
05/07/2019,PIE,FL,ASO,ES,Towers with Radar,12,21,113,1,147,0,2,80,8,90,12,23,193,9,237,211,54,265,502
05/08/2019,PIE,FL,ASO,ES,Towers with Radar,40,14,105,5,164,0,0,65,13,78,40,14,170,18,242,174,6,180,422
05/09/2019,PIE,FL,ASO,ES,Towers with Radar,44,12,79,5,140,0,2,60,6,68,44,14,139,11,208,222,6,228,436
05/10/2019,PIE,FL,ASO,ES,Towers with Radar,45,14,104,10,173,0,0,64,18,82,45,14,168,28,255,151,22,173,428
05/11/2019,PIE,FL,ASO,ES,Towers with Radar,44,18,88,16,166,0,0,63,3,66,44,18,151,19,232,88,10,98,330
05/12/2019,PIE,FL,ASO,ES,Towers with Radar,45,20,75,7,147,0,0,22,5,27,45,20,97,12,174,68,0,68,242
05/13/2019,PIE,FL,ASO,ES,Towers with Radar,49,12,46,10,117,0,0,20,14,34,49,12,66,24,151,80,14,94,245
05/14/2019,PIE,FL,ASO,ES,Towers with Radar,17,10,67,1,95,0,0,30,3,33,17,10,97,4,128,119,36,155,283
05/15/2019,PIE,FL,ASO,ES,Towers with Radar,44,10,71,12,137,0,2,87,32,121,44,12,158,44,258,262,16,278,536
05/16/2019,PIE,FL,ASO,ES,Towers with Radar,49,13,91,10,163,0,0,81,16,97,49,13,172,26,260,240,24,264,524
05/17/2019,PIE,FL,ASO,ES,Towers with Radar,49,17,94,12,172,0,0,94,10,104,49,17,188,22,276,305,5,310,586
05/18/2019,PIE,FL,ASO,ES,Towers with Radar,49,9,73,8,139,0,3,73,0,76,49,12,146,8,215,119,0,119,334
05/19/2019,PIE,FL,ASO,ES,Towers with Radar,48,13,56,11,128,0,2,57,2,61,48,15,113,13,189,62,6,68,257
05/20/2019,PIE,FL,ASO,ES,Towers with Radar,51,15,79,13,158,0,0,52,27,79,51,15,131,40,237,111,34,145,382
05/21/2019,PIE,FL,ASO,ES,Towers with Radar,19,25,73,10,127,0,0,81,22,103,19,25,154,32,230,190,2,192,422
05/22/2019,PIE,FL,ASO,ES,Towers with Radar,49,19,97,12,177,0,1,73,20,94,49,20,170,32,271,198,12,210,481
05/23/2019,PIE,FL,ASO,ES,Towers with Radar,57,16,85,10,168,0,2,48,21,71,57,18,133,31,239,97,12,109,348
05/24/2019,PIE,FL,ASO,ES,Towers with Radar,46,14,82,5,147,0,0,62,13,75,46,14,144,18,222,198,6,204,426
05/25/2019,PIE,FL,ASO,ES,Towers with Radar,50,8,47,0,105,0,1,50,2,53,50,9,97,2,158,99,0,99,257
05/26/2019,PIE,FL,ASO,ES,Towers with Radar,54,5,37,2,98,0,2,45,5,52,54,7,82,7,150,128,0,128,278
05/27/2019,PIE,FL,ASO,ES,Towers with Radar,49,20,60,3,132,0,0,55,4,59,49,20,115,7,191,86,0,86,277
05/28/2019,PIE,FL,ASO,ES,Towers with Radar,31,18,86,8,143,0,2,55,33,90,31,20,141,41,233,159,18,177,410
05/29/2019,PIE,FL,ASO,ES,Towers with Radar,50,14,66,5,135,0,1,75,15,91,50,15,141,20,226,133,0,133,359
05/30/2019,PIE,FL,ASO,ES,Towers with Radar,51,29,95,10,185,0,2,76,17,95,51,31,171,27,280,216,12,228,508
05/31/2019,PIE,FL,ASO,ES,Towers with Radar,49,29,100,8,186,0,0,91,11,102,49,29,191,19,288,181,3,184,472
06/01/2019,PIE,FL,ASO,ES,Towers with Radar,52,11,24,1,88,0,1,43,4,48,52,12,67,5,136,110,38,148,284
06/02/2019,PIE,FL,ASO,ES,Towers with Radar,54,8,51,3,116,0,2,60,8,70,54,10,111,11,186,120,0,120,306
06/03/2019,PIE,FL,ASO,ES,Towers with Radar,47,8,73,10,138,0,7,48,9,64,47,15,121,19,202,178,20,198,400
06/04/2019,PIE,FL,ASO,ES,Towers with Radar,35,8,65,13,121,0,0,63,18,81,35,8,128,31,202,103,0,103,305
06/05/2019,PIE,FL,ASO,ES,Towers with Radar,54,17,51,24,146,0,0,60,12,72,54,17,111,36,218,206,8,214,432
06/06/2019,PIE,FL,ASO,ES,Towers with Radar,51,12,69,9,141,0,0,66,15,81,51,12,135,24,222,267,0,267,489
06/07/2019,PIE,FL,ASO,ES,Towers with Radar,50,10,70,26,156,0,2,38,24,64,50,12,108,50,220,264,40,304,524
06/08/2019,PIE,FL,ASO,ES,Towers with Radar,44,5,28,4,81,0,0,15,0,15,44,5,43,4,96,16,0,16,112
06/09/2019,PIE,FL,ASO,ES,Towers with Radar,54,17,20,6,97,0,0,20,0,20,54,17,40,6,117,10,0,10,127
06/10/2019,PIE,FL,ASO,ES,Towers with Radar,52,12,80,29,173,0,0,38,18,56,52,12,118,47,229,154,57,211,440
06/11/2019,PIE,FL,ASO,ES,Towers with Radar,40,7,111,7,165,0,0,58,5,63,40,7,169,12,228,263,38,301,529
06/12/2019,PIE,FL,ASO,ES,Towers with Radar,58,15,103,7,183,0,0,40,6,46,58,15,143,13,229,160,0,160,389
06/13/2019,PIE,FL,ASO,ES,Towers with Radar,52,11,73,21,157,0,0,17,16,33,52,11,90,37,190,30,24,54,244
06/14/2019,PIE,FL,ASO,ES,Towers with Radar,51,9,78,11,149,0,0,50,14,64,51,9,128,25,213,227,0,227,440
06/15/2019,PIE,FL,ASO,ES,Towers with Radar,52,11,60,4,127,0,0,49,4,53,52,11,109,8,180,124,4,128,308
06/16/2019,PIE,FL,ASO,ES,Towers with Radar,56,10,78,8,152,0,2,21,1,24,56,12,99,9,176,106,0,106,282
06/17/2019,PIE,FL,ASO,ES,Towers with Radar,48,7,121,16,192,0,0,50,22,72,48,7,171,38,264,220,10,230,494
06/18/2019,PIE,FL,ASO,ES,Towers with Radar,41,7,129,9,186,0,0,48,27,75,41,7,177,36,261,224,8,232,493
06/19/2019,PIE,FL,ASO,ES,Towers with Radar,56,7,115,15,193,0,0,56,20,76,56,7,171,35,269,176,0,176,445
06/20/2019,PIE,FL,ASO,ES,Towers with Radar,53,15,121,17,206,0,5,76,17,98,53,20,197,34,304,220,2,222,526
06/21/2019,PIE,FL,ASO,ES,Towers with Radar,48,22,91,20,181,0,6,81,16,103,48,28,172,36,284,222,0,222,506
06/22/2019,PIE,FL,ASO,ES,Towers with Radar,52,12,42,3,109,0,2,72,4,78,52,14,114,7,187,140,0,140,327
06/23/2019,PIE,FL,ASO,ES,Towers with Radar,50,10,58,1,119,0,4,59,5,68,50,14,117,6,187,154,2,156,343
06/24/2019,PIE,FL,ASO,ES,Towers with Radar,47,15,87,8,157,0,5,81,15,101,47,20,168,23,258,222,14,236,494
06/25/2019,PIE,FL,ASO,ES,Towers with Radar,48,9,80,5,142,0,2,68,18,88,48,11,148,23,230,199,6,205,435
06/26/2019,PIE,FL,ASO,ES,Towers with Radar,55,16,75,6,152,0,4,53,7,64,55,20,128,13,216,181,0,181,397
06/27/2019,PIE,FL,ASO,ES,Towers with Radar,51,14,86,7,158,0,0,66,8,74,51,14,152,15,232,143,8,151,383
06/28/2019,PIE,FL,ASO,ES,Towers with Radar,48,13,91,8,160,0,0,47,9,56,48,13,138,17,216,165,8,173,389
06/29/2019,PIE,FL,ASO,ES,Towers with Radar,51,8,44,0,103,0,0,56,4,60,51,8,100,4,163,72,4,76,239
06/30/2019,PIE,FL,ASO,ES,Towers with Radar,56,12,59,0,127,0,0,20,4,24,56,12,79,4,151,26,0,26,177
07/01/2019,PIE,FL,ASO,ES,Towers with Radar,51,22,93,10,176,0,0,61,19,80,51,22,154,29,256,250,26,276,532
07/02/2019,PIE,FL,ASO,ES,Towers with Radar,41,12,83,5,141,0,0,72,7,79,41,12,155,12,220,138,0,138,358
07/03/2019,PIE,FL,ASO,ES,Towers with Radar,56,6,57,5,124,0,0,71,15,86,56,6,128,20,210,190,26,216,426
07/04/2019,PIE,FL,ASO,ES,Towers with Radar,51,7,24,8,90,0,0,34,1,35,51,7,58,9,125,117,0,117,242
07/05/2019,PIE,FL,ASO,ES,Towers with Radar,47,9,52,3,111,0,0,40,0,40,47,9,92,3,151,130,0,130,281
07/06/2019,PIE,FL,ASO,ES,Towers with Radar,51,4,47,9,111,0,0,46,11,57,51,4,93,20,168,54,0,54,222
07/07/2019,PIE,FL,ASO,ES,Towers with Radar,58,8,51,16,133,0,2,19,0,21,58,10,70,16,154,46,0,46,200
07/08/2019,PIE,FL,ASO,ES,Towers with Radar,50,5,51,2,108,0,0,33,18,51,50,5,84,20,159,179,8,187,346
07/09/2019,PIE,FL,ASO,ES,Towers with Radar,45,10,47,4,106,0,0,25,18,43,45,10,72,22,149,150,0,150,299
07/10/2019,PIE,FL,ASO,ES,Towers with Radar,59,8,64,13,144,0,0,45,17,62,59,8,109,30,206,180,8,188,394
07/11/2019,PIE,FL,ASO,ES,Towers with Radar,55,20,106,19,200,0,0,42,17,59,55,20,148,36,259,48,24,72,331
07/12/2019,PIE,FL,ASO,ES,Towers with Radar,47,5,95,4,151,0,0,55,4,59,47,5,150,8,210,107,0,107,317
07/13/2019,PIE,FL,ASO,ES,Towers with Radar,55,14,55,7,131,0,0,75,5,80,55,14,130,12,211,81,22,103,314
07/14/2019,PIE,FL,ASO,ES,Towers with Radar,50,14,66,4,134,0,2,57,9,68,50,16,123,13,202,32,0,32,234
07/15/2019,PIE,FL,ASO,ES,Towers with Radar,50,14,78,7,149,1,0,53,8,62,51,14,131,15,211,150,12,162,373
07/16/2019,PIE,FL,ASO,ES,Towers with Radar,46,9,87,5,147,0,2,72,22,96,46,11,159,27,243,184,2,186,429
07/17/2019,PIE,FL,ASO,ES,Towers with Radar,55,7,103,2,167,0,0,79,14,93,55,7,182,16,260,190,2,192,452
07/18/2019,PIE,FL,ASO,ES,Towers with Radar,52,10,83,18,163,0,0,53,15,68,52,10,136,33,231,108,48,156,387
07/19/2019,PIE,FL,ASO,ES,Towers with Radar,49,7,86,4,146,0,0,47,6,53,49,7,133,10,199,90,0,90,289
07/20/2019,PIE,FL,ASO,ES,Towers with Radar,48,7,52,4,111,0,0,50,6,56,48,7,102,10,167,67,0,67,234
07/21/2019,PIE,FL,ASO,ES,Towers with Radar,54,2,60,1,117,0,0,49,4,53,54,2,109,5,170,74,4,78,248
07/22/2019,PIE,FL,ASO,ES,Towers with Radar,55,9,84,4,152,0,0,74,10,84,55,9,158,14,236,102,2,104,340
07/23/2019,PIE,FL,ASO,ES,Towers with Radar,42,8,93,9,152,0,1,55,24,80,42,9,148,33,232,128,62,190,422
07/24/2019,PIE,FL,ASO,ES,Towers with Radar,57,14,60,9,140,0,0,23,17,40,57,14,83,26,180,104,12,116,296
07/25/2019,PIE,FL,ASO,ES,Towers with Radar,53,12,67,10,142,0,0,32,15,47,53,12,99,25,189,108,4,112,301
07/26/2019,PIE,FL,ASO,ES,Towers with Radar,48,7,53,2,110,0,0,25,10,35,48,7,78,12,145,93,46,139,284
07/27/2019,PIE,FL,ASO,ES,Towers with Radar,54,14,63,4,135,0,0,69,1,70,54,14,132,5,205,115,0,115,320
07/28/2019,PIE,FL,ASO,ES,Towers with Radar,56,9,50,0,115,0,0,38,6,44,56,9,88,6,159,138,0,138,297
07/29/2019,PIE,FL,ASO,ES,Towers with Radar,51,2,84,10,147,0,1,70,22,93,51,3,154,32,240,112,56,168,408
07/30/2019,PIE,FL,ASO,ES,Towers with Radar,41,16,79,7,143,0,0,56,19,75,41,16,135,26,218,278,20,298,516
07/31/2019,PIE,FL,ASO,ES,Towers with Radar,55,13,65,4,137,0,0,77,7,84,55,13,142,11,221,175,0,175,396
08/01/2019,PIE,FL,ASO,ES,Towers with Radar,51,9,56,14,130,0,0,56,12,68,51,9,112,26,198,176,16,192,390
08/02/2019,PIE,FL,ASO,ES,Towers with Radar,50,10,42,11,113,0,0,17,15,32,50,10,59,26,145,80,20,100,245
08/03/2019,PIE,FL,ASO,ES,Towers with Radar,52,18,49,4,123,0,0,39,3,42,52,18,88,7,165,109,0,109,274
08/04/2019,PIE,FL,ASO,ES,Towers with Radar,52,11,64,0,127,0,2,49,4,55,52,13,113,4,182,178,0,178,360
08/05/2019,PIE,FL,ASO,ES,Towers with Radar,47,12,68,12,139,0,0,49,9,58,47,12,117,21,197,241,20,261,458
08/06/2019,PIE,FL,ASO,ES,Towers with Radar,38,4,71,10,123,0,1,51,14,66,38,5,122,24,189,208,16,224,413
08/07/2019,PIE,FL,ASO,ES,Towers with Radar,42,13,78,19,152,0,2,34,11,47,42,15,112,30,199,178,12,190,389
08/08/2019,PIE,FL,ASO,ES,Towers with Radar,49,17,71,11,148,0,2,55,15,72,49,19,126,26,220,245,0,245,465
08/09/2019,PIE,FL,ASO,ES,Towers with Radar,49,11,65,22,147,0,1,66,21,88,49,12,131,43,235,198,14,212,447
08/10/2019,PIE,FL,ASO,ES,Towers with Radar,48,5,34,6,93,0,0,41,1,42,48,5,75,7,135,106,2,108,243
08/11/2019,PIE,FL,ASO,ES,Towers with Radar,50,12,46,2,110,0,0,31,2,33,50,12,77,4,143,114,30,144,287
08/12/2019,PIE,FL,ASO,ES,Towers with Radar,50,11,59,4,124,0,0,53,5,58,50,11,112,9,182,305,35,340,522
08/13/2019,PIE,FL,ASO,ES,Towers with Radar,22,6,54,7,89,0,0,58,12,70,22,6,112,19,159,177,28,205,364
08/14/2019,PIE,FL,ASO,ES,Towers with Radar,24,11,91,8,134,0,0,48,18,66,24,11,139,26,200,224,26,250,450
08/15/2019,PIE,FL,ASO,ES,Towers with Radar,38,12,75,9,134,0,0,46,21,67,38,12,121,30,201,260,24,284,485
08/16/2019,PIE,FL,ASO,ES,Towers with Radar,45,16,48,9,118,0,0,18,9,27,45,16,66,18,145,37,16,53,198
08/17/2019,PIE,FL,ASO,ES,Towers with Radar,39,6,29,7,81,0,0,9,3,12,39,6,38,10,93,8,8,16,109
08/18/2019,PIE,FL,ASO,ES,Towers with Radar,43,13,39,6,101,0,0,45,3,48,43,13,84,9,149,80,0,80,229
08/19/2019,PIE,FL,ASO,ES,Towers with Radar,47,18,73,10,148,0,0,67,11,78,47,18,140,21,226,173,6,179,405
08/20/2019,PIE,FL,ASO,ES,Towers with Radar,10,18,70,4,102,0,0,67,17,84,10,18,137,21,186,122,19,141,327
08/21/2019,PIE,FL,ASO,ES,Towers with Radar,20,13,110,3,146,0,0,95,11,106,20,13,205,14,252,150,32,182,434
08/22/2019,PIE,FL,ASO,ES,Towers with Radar,39,12,71,6,128,0,2,97,13,112,39,14,168,19,240,284,0,284,524
08/23/2019,PIE,FL,ASO,ES,Towers with Radar,49,13,68,10,140,0,0,61,13,74,49,13,129,23,214,111,6,117,331
08/24/2019,PIE,FL,ASO,ES,Towers with Radar,31,7,46,2,86,0,0,78,2,80,31,7,124,4,166,136,0,136,302
08/25/2019,PIE,FL,ASO,ES,Towers with Radar,38,8,40,2,88,0,2,51,6,59,38,10,91,8,147,96,0,96,243
08/26/2019,PIE,FL,ASO,ES,Towers with Radar,48,3,68,37,156,0,0,75,17,92,48,3,143,54,248,206,16,222,470
08/27/2019,PIE,FL,ASO,ES,Towers with Radar,10,5,68,3,86,0,0,56,20,76,10,5,124,23,162,145,25,170,332
08/28/2019,PIE,FL,ASO,ES,Towers with Radar,13,10,67,14,104,0,0,55,20,75,13,10,122,34,179,133,24,157,336
08/29/2019,PIE,FL,ASO,ES,Towers with Radar,39,6,58,12,115,0,5,75,19,99,39,11,133,31,214,117,2,119,333
08/30/2019,PIE,FL,ASO,ES,Towers with Radar,46,9,60,4,119,0,0,33,11,44,46,9,93,15,163,48,0,48,211
08/31/2019,PIE,FL,ASO,ES,Towers with Radar,21,9,50,8,88,0,1,36,2,39,21,10,86,10,127,36,0,36,163
09/01/2019,PIE,FL,ASO,ES,Towers with Radar,43,6,24,7,80,0,0,14,1,15,43,6,38,8,95,30,0,30,125
09/02/2019,PIE,FL,ASO,ES,Towers with Radar,66,5,25,4,100,0,1,10,0,11,66,6,35,4,111,0,0,0,111
09/03/2019,PIE,FL,ASO,ES,Towers with Radar,5,3,38,11,57,0,0,32,12,44,5,3,70,23,101,34,6,40,141
09/04/2019,PIE,FL,ASO,ES,Towers with Radar,10,5,32,12,59,0,0,27,11,38,10,5,59,23,97,32,0,32,129
09/05/2019,PIE,FL,ASO,ES,Towers with Radar,37,8,67,7,119,0,0,55,12,67,37,8,122,19,186,58,0,58,244
09/06/2019,PIE,FL,ASO,ES,Towers with Radar,42,7,61,23,133,0,1,70,8,79,42,8,131,31,212,124,0,124,336
09/07/2019,PIE,FL,ASO,ES,Towers with Radar,20,7,62,5,94,0,0,74,6,80,20,7,136,11,174,131,0,131,305
09/08/2019,PIE,FL,ASO,ES,Towers with Radar,42,15,68,6,131,0,0,77,2,79,42,15,145,8,210,164,0,164,374
09/09/2019,PIE,FL,ASO,ES,Towers with Radar,43,12,75,15,145,0,0,82,9,91,43,12,157,24,236,246,0,246,482
09/10/2019,PIE,FL,ASO,ES,Towers with Radar,1,14,96,8,119,0,0,79,6,85,1,14,175,14,204,230,0,230,434
09/11/2019,PIE,FL,ASO,ES,Towers with Radar,6,9,57,8,80,0,6,93,8,107,6,15,150,16,187,333,6,339,526
09/12/2019,PIE,FL,ASO,ES,Towers with Radar,37,5,67,6,115,0,0,70,9,79,37,5,137,15,194,242,8,250,444
09/13/2019,PIE,FL,ASO,ES,Towers with Radar,41,5,83,3,132,0,0,61,8,69,41,5,144,11,201,204,0,204,405
09/14/2019,PIE,FL,ASO,ES,Towers with Radar,22,10,39,6,77,0,0,42,2,44,22,10,81,8,121,180,6,186,307
09/15/2019,PIE,FL,ASO,ES,Towers with Radar,38,8,47,7,100,0,0,33,2,35,38,8,80,9,135,80,0,80,215
09/16/2019,PIE,FL,ASO,ES,Towers with Radar,41,18,85,10,154,0,3,116,19,138,41,21,201,29,292,310,20,330,622
09/17/2019,PIE,FL,ASO,ES,Towers with Radar,2,14,111,14,141,0,2,93,22,117,2,16,204,36,258,257,12,269,527
09/18/2019,PIE,FL,ASO,ES,Towers with Radar,6,10,105,3,124,0,2,72,15,89,6,12,177,18,213,271,12,283,496
09/19/2019,PIE,FL,ASO,ES,Towers with Radar,40,19,76,8,143,0,0,70,11,81,40,19,146,19,224,283,0,283,507
09/20/2019,PIE,FL,ASO,ES,Towers with Radar,44,13,95,4,156,0,0,61,3,64,44,13,156,7,220,122,10,132,352
09/21/2019,PIE,FL,ASO,ES,Towers with Radar,21,5,49,4,79,0,2,63,6,71,21,7,112,10,150,76,26,102,252
09/22/2019,PIE,FL,ASO,ES,Towers with Radar,39,11,47,1,98,0,3,67,6,76,39,14,114,7,174,194,20,214,388
09/23/2019,PIE,FL,ASO,ES,Towers with Radar,46,22,66,10,144,0,10,81,20,111,46,32,147,30,255,208,17,225,480
09/24/2019,PIE,FL,ASO,ES,Towers with Radar,3,16,77,3,99,0,6,98,20,124,3,22,175,23,223,261,8,269,492
09/25/2019,PIE,FL,ASO,ES,Towers with Radar,5,12,99,6,122,0,6,81,19,106,5,18,180,25,228,186,2,188,416
09/26/2019,PIE,FL,ASO,ES,Towers with Radar,38,14,99,10,161,0,4,90,8,102,38,18,189,18,263,308,0,308,571
09/27/2019,PIE,FL,ASO,ES,Towers with Radar,44,14,82,4,144,0,4,79,10,93,44,18,161,14,237,137,32,169,406
09/28/2019,PIE,FL,ASO,ES,Towers with Radar,22,13,36,3,74,0,2,45,1,48,22,15,81,4,122,89,0,89,211
09/29/2019,PIE,FL,ASO,ES,Towers with Radar,38,13,63,5,119,0,0,77,4,81,38,13,140,9,200,98,0,98,298
09/30/2019,PIE,FL,ASO,ES,Towers with Radar,44,17,56,9,126,0,0,53,20,73,44,17,109,29,199,178,4,182,381
10/01/2019,PIE,FL,ASO,ES,Towers with Radar,0,11,56,5,72,0,2,68,5,75,0,13,124,10,147,242,0,242,389
10/02/2019,PIE,FL,ASO,ES,Towers with Radar,35,27,67,6,135,0,0,84,15,99,35,27,151,21,234,242,2,244,478
10/03/2019,PIE,FL,ASO,ES,Towers with Radar,42,17,85,11,155,0,2,72,19,93,42,19,157,30,248,187,18,205,453
10/04/2019,PIE,FL,ASO,ES,Towers with Radar,51,12,53,29,145,0,3,68,23,94,51,15,121,52,239,253,16,269,508
10/05/2019,PIE,FL,ASO,ES,Towers with Radar,37,4,53,2,96,0,0,64,4,68,37,4,117,6,164,97,0,97,261
10/06/2019,PIE,FL,ASO,ES,Towers with Radar,42,7,40,5,94,0,1,27,6,34,42,8,67,11,128,74,0,74,202
10/07/2019,PIE,FL,ASO,ES,Towers with Radar,52,7,80,17,156,0,0,15,6,21,52,7,95,23,177,160,22,182,359
10/08/2019,PIE,FL,ASO,ES,Towers with Radar,15,3,75,7,100,0,0,22,12,34,15,3,97,19,134,149,12,161,295
10/09/2019,PIE,FL,ASO,ES,Towers with Radar,41,12,83,8,144,0,0,32,10,42,41,12,115,18,186,202,12,214,400
10/10/2019,PIE,FL,ASO,ES,Towers with Radar,49,28,99,5,181,0,3,88,24,115,49,31,187,29,296,276,20,296,592
10/11/2019,PIE,FL,ASO,ES,Towers with Radar,48,19,93,7,167,0,2,70,25,97,48,21,163,32,264,218,6,224,488
10/12/2019,PIE,FL,ASO,ES,Towers with Radar,42,21,64,7,134,0,2,71,5,78,42,23,135,12,212,113,0,113,325
10/13/2019,PIE,FL,ASO,ES,Towers with Radar,44,28,75,4,151,0,2,71,5,78,44,30,146,9,229,84,0,84,313
10/14/2019,PIE,FL,ASO,ES,Towers with Radar,48,10,67,3,128,0,2,53,6,61,48,12,120,9,189,172,2,174,363
10/15/2019,PIE,FL,ASO,ES,Towers with Radar,19,10,88,13,130,0,4,89,22,115,19,14,177,35,245,215,11,226,471
10/16/2019,PIE,FL,ASO,ES,Towers with Radar,44,12,82,11,149,0,0,42,18,60,44,12,124,29,209,158,12,170,379
10/17/2019,PIE,FL,ASO,ES,Towers with Radar,42,25,79,16,162,0,0,82,27,109,42,25,161,43,271,277,2,279,550
10/18/2019,PIE,FL,ASO,ES,Towers with Radar,50,7,53,4,114,0,0,52,11,63,50,7,105,15,177,80,4,84,261
10/19/2019,PIE,FL,ASO,ES,Towers with Radar,50,5,8,2,65,0,0,3,2,5,50,5,11,4,70,0,16,16,86
10/20/2019,PIE,FL,ASO,ES,Towers with Radar,42,8,69,4,123,0,0,51,3,54,42,8,120,7,177,114,14,128,305
10/21/2019,PIE,FL,ASO,ES,Towers with Radar,51,20,86,9,166,0,0,20,8,28,51,20,106,17,194,22,28,50,244
10/22/2019,PIE,FL,ASO,ES,Towers with Radar,18,15,120,5,158,0,0,57,12,69,18,15,177,17,227,116,0,116,343
10/23/2019,PIE,FL,ASO,ES,Towers with Radar,38,18,76,9,141,0,0,126,15,141,38,18,202,24,282,212,18,230,512
10/24/2019,PIE,FL,ASO,ES,Towers with Radar,39,11,81,8,139,1,2,73,7,83,40,13,154,15,222,200,0,200,422
10/25/2019,PIE,FL,ASO,ES,Towers with Radar,52,9,69,7,137,0,0,56,9,65,52,9,125,16,202,124,6,130,332
10/26/2019,PIE,FL,ASO,ES,Towers with Radar,42,10,63,4,119,0,1,37,1,39,42,11,100,5,158,55,18,73,231
10/27/2019,PIE,FL,ASO,ES,Towers with Radar,41,12,99,4,156,0,0,57,6,63,41,12,156,10,219,96,0,96,315
10/28/2019,PIE,FL,ASO,ES,Towers with Radar,53,9,76,12,150,0,0,73,13,86,53,9,149,25,236,184,16,200,436
10/29/2019,PIE,FL,ASO,ES,Towers with Radar,15,10,74,7,106,0,0,59,27,86,15,10,133,34,192,165,18,183,375
10/30/2019,PIE,FL,ASO,ES,Towers with Radar,36,15,91,19,161,0,4,133,30,167,36,19,224,49,328,166,28,194,522
10/31/2019,PIE,FL,ASO,ES,Towers with Radar,38,12,107,12,169,0,6,103,18,127,38,18,210,30,296,161,6,167,463
11/01/2019,PIE,FL,ASO,ES,Towers with Radar,52,19,99,12,182,0,0,75,19,94,52,19,174,31,276,219,40,259,535
11/02/2019,PIE,FL,ASO,ES,Towers with Radar,42,18,68,1,129,0,0,73,5,78,42,18,141,6,207,162,0,162,369
11/03/2019,PIE,FL,ASO,ES,Towers with Radar,41,13,73,17,144,0,0,53,4,57,41,13,126,21,201,194,10,204,405
11/04/2019,PIE,FL,ASO,ES,Towers with Radar,54,11,98,19,182,0,0,80,15,95,54,11,178,34,277,220,0,220,497
11/05/2019,PIE,FL,ASO,ES,Towers with Radar,8,10,86,6,110,0,0,99,12,111,8,10,185,18,221,351,22,373,594
11/06/2019,PIE,FL,ASO,ES,Towers with Radar,38,14,82,8,142,0,2,37,17,56,38,16,119,25,198,142,24,166,364
11/07/2019,PIE,FL,ASO,ES,Towers with Radar,39,10,102,7,158,0,0,111,5,116,39,10,213,12,274,235,0,235,509
11/08/2019,PIE,FL,ASO,ES,Towers with Radar,51,17,105,5,178,0,0,64,9,73,51,17,169,14,251,261,2,263,514
11/09/2019,PIE,FL,ASO,ES,Towers with Radar,45,13,56,0,114,0,2,52,4,58,45,15,108,4,172,115,10,125,297
11/10/2019,PIE,FL,ASO,ES,Towers with Radar,36,18,65,7,126,0,0,67,5,72,36,18,132,12,198,238,14,252,450
11/11/2019,PIE,FL,ASO,ES,Towers with Radar,57,12,86,5,160,0,0,76,2,78,57,12,162,7,238,234,0,234,472
11/12/2019,PIE,FL,ASO,ES,Towers with Radar,12,15,80,16,123,0,0,75,8,83,12,15,155,24,206,223,16,239,445
11/13/2019,PIE,FL,ASO,ES,Towers with Radar,27,11,85,22,145,0,0,54,19,73,27,11,139,41,218,144,0,144,362
11/14/2019,PIE,FL,ASO,ES,Towers with Radar,47,18,85,12,162,0,0,54,27,81,47,18,139,39,243,314,26,340,583
11/15/2019,PIE,FL,ASO,ES,Towers with Radar,52,14,72,27,165,0,0,9,2,11,52,14,81,29,176,47,0,47,223
11/16/2019,PIE,FL,ASO,ES,Towers with Radar,38,8,61,12,119,0,0,22,1,23,38,8,83,13,142,145,0,145,287
11/17/2019,PIE,FL,ASO,ES,Towers with Radar,45,14,65,10,134,0,0,5,2,7,45,14,70,12,141,14,26,40,181
11/18/2019,PIE,FL,ASO,ES,Towers with Radar,54,17,100,1,172,0,2,93,16,111,54,19,193,17,283,417,44,461,744
11/19/2019,PIE,FL,ASO,ES,Towers with Radar,11,4,81,6,102,0,1,72,21,94,11,5,153,27,196,191,14,205,401
11/20/2019,PIE,FL,ASO,ES,Towers with Radar,31,16,81,9,137,0,1,108,29,138,31,17,189,38,275,307,4,311,586
11/21/2019,PIE,FL,ASO,ES,Towers with Radar,48,23,79,12,162,0,0,85,24,109,48,23,164,36,271,377,0,377,648
11/22/2019,PIE,FL,ASO,ES,Towers with Radar,54,17,120,11,202,0,1,114,22,137,54,18,234,33,339,252,2,254,593
11/23/2019,PIE,FL,ASO,ES,Towers with Radar,45,26,87,5,163,0,0,54,4,58,45,26,141,9,221,160,0,160,381
11/24/2019,PIE,FL,ASO,ES,Towers with Radar,47,7,66,7,127,0,4,44,10,58,47,11,110,17,185,180,0,180,365
11/25/2019,PIE,FL,ASO,ES,Towers with Radar,58,27,101,7,193,0,1,94,16,111,58,28,195,23,304,130,52,182,486
11/26/2019,PIE,FL,ASO,ES,Towers with Radar,44,24,100,10,178,0,1,96,17,114,44,25,196,27,292,324,6,330,622
11/27/2019,PIE,FL,ASO,ES,Towers with Radar,56,12,63,8,139,0,6,76,1,83,56,18,139,9,222,150,12,162,384
11/28/2019,PIE,FL,ASO,ES,Towers with Radar,22,8,20,0,50,0,0,18,0,18,22,8,38,0,68,18,0,18,86
11/29/2019,PIE,FL,ASO,ES,Towers with Radar,45,14,41,1,101,0,2,40,5,47,45,16,81,6,148,116,6,122,270
11/30/2019,PIE,FL,ASO,ES,Towers with Radar,49,22,64,3,138,0,8,68,2,78,49,30,132,5,216,162,0,162,378
12/01/2019,PIE,FL,ASO,ES,Towers with Radar,51,22,100,1,174,0,0,42,2,44,51,22,142,3,218,94,0,94,312
12/02/2019,PIE,FL,ASO,ES,Towers with Radar,56,12,49,10,127,0,0,20,16,36,56,12,69,26,163,28,2,30,193
12/03/2019,PIE,FL,ASO,ES,Towers with Radar,4,11,94,3,112,0,2,101,10,113,4,13,195,13,225,542,1,543,768
12/04/2019,PIE,FL,ASO,ES,Towers with Radar,14,20,90,9,133,0,0,95,16,111,14,20,185,25,244,449,16,465,709
12/05/2019,PIE,FL,ASO,ES,Towers with Radar,42,18,94,2,156,0,0,98,21,119,42,18,192,23,275,308,3,311,586
12/06/2019,PIE,FL,ASO,ES,Towers with Radar,52,20,71,15,158,0,2,80,9,91,52,22,151,24,249,230,8,238,487
12/07/2019,PIE,FL,ASO,ES,Towers with Radar,38,13,68,7,126,0,0,97,7,104,38,13,165,14,230,272,1,273,503
12/08/2019,PIE,FL,ASO,ES,Towers with Radar,44,9,70,8,131,0,0,121,10,131,44,9,191,18,262,196,0,196,458
12/09/2019,PIE,FL,ASO,ES,Towers with Radar,52,24,76,6,158,0,2,104,18,124,52,26,180,24,282,287,22,309,591
12/10/2019,PIE,FL,ASO,ES,Towers with Radar,2,18,127,13,160,0,0,60,11,71,2,18,187,24,231,168,5,173,404
12/11/2019,PIE,FL,ASO,ES,Towers with Radar,16,23,55,16,110,0,0,35,10,45,16,23,90,26,155,118,0,118,273
12/12/2019,PIE,FL,ASO,ES,Towers with Radar,46,24,75,21,166,0,0,33,8,41,46,24,108,29,207,169,0,169,376
12/13/2019,PIE,FL,ASO,ES,Towers with Radar,49,33,89,3,174,0,0,64,1,65,49,33,153,4,239,267,0,267,506
12/14/2019,PIE,FL,ASO,ES,Towers with Radar,38,6,47,2,93,0,2,57,11,70,38,8,104,13,163,256,4,260,423
12/15/2019,PIE,FL,ASO,ES,Towers with Radar,48,10,71,6,135,0,3,83,6,92,48,13,154,12,227,321,0,321,548
12/16/2019,PIE,FL,ASO,ES,Towers with Radar,48,21,76,5,150,0,0,83,11,94,48,21,159,16,244,263,0,263,507
12/17/2019,PIE,FL,ASO,ES,Towers with Radar,4,12,54,14,84,0,0,13,3,16,4,12,67,17,100,8,0,8,108
12/18/2019,PIE,FL,ASO,ES,Towers with Radar,19,6,64,5,94,0,0,40,18,58,19,6,104,23,152,171,18,189,341
12/19/2019,PIE,FL,ASO,ES,Towers with Radar,53,14,69,15,151,0,2,87,7,96,53,16,156,22,247,364,2,366,613
12/20/2019,PIE,FL,ASO,ES,Towers with Radar,62,23,92,6,183,0,4,69,9,82,62,27,161,15,265,243,0,243,508
12/21/2019,PIE,FL,ASO,ES,Towers with Radar,54,4,71,2,131,0,0,37,3,40,54,4,108,5,171,90,0,90,261
12/22/2019,PIE,FL,ASO,ES,Towers with Radar,51,6,32,3,92,0,0,3,3,6,51,6,35,6,98,0,6,6,104
12/23/2019,PIE,FL,ASO,ES,Towers with Radar,60,17,55,4,136,0,0,9,8,17,60,17,64,12,153,100,4,104,257
12/24/2019,PIE,FL,ASO,ES,Towers with Radar,47,10,25,3,85,0,0,15,0,15,47,10,40,3,100,6,0,6,106
12/25/2019,PIE,FL,ASO,ES,Towers with Radar,24,16,12,0,52,0,0,8,0,8,24,16,20,0,60,68,0,68,128
12/26/2019,PIE,FL,ASO,ES,Towers with Radar,52,25,65,2,144,0,3,59,7,69,52,28,124,9,213,56,0,56,269
12/27/2019,PIE,FL,ASO,ES,Towers with Radar,62,24,66,3,155,0,0,43,8,51,62,24,109,11,206,56,0,56,262
12/28/2019,PIE,FL,ASO,ES,Towers with Radar,53,20,65,3,141,0,0,9,2,11,53,20,74,5,152,38,0,38,190
12/29/2019,PIE,FL,ASO,ES,Towers with Radar,50,13,49,2,114,0,0,16,2,18,50,13,65,4,132,6,0,6,138
12/30/2019,PIE,FL,ASO,ES,Towers with Radar,68,17,73,4,162,0,0,13,4,17,68,17,86,8,179,18,0,18,197
12/31/2019,PIE,FL,ASO,ES,Towers with Radar,52,14,50,1,117,0,2,72,2,76,52,16,122,3,193,58,0,58,251
01/01/2020,PIE,FL,ASO,ES,Towers with Radar,18,18,33,0,69,0,0,42,0,42,18,18,75,0,111,58,0,58,169
01/02/2020,PIE,FL,ASO,ES,Towers with Radar,59,13,87,4,163,0,1,72,10,83,59,14,159,14,246,123,18,141,387
01/03/2020,PIE,FL,ASO,ES,Towers with Radar,65,58,99,14,236,0,0,26,13,39,65,58,125,27,275,6,0,6,281
01/04/2020,PIE,FL,ASO,ES,Towers with Radar,57,8,39,2,106,0,0,7,3,10,57,8,46,5,116,0,0,0,116
01/05/2020,PIE,FL,ASO,ES,Towers with Radar,58,21,97,0,176,0,1,90,3,94,58,22,187,3,270,212,0,212,482
01/06/2020,PIE,FL,ASO,ES,Towers with Radar,63,20,96,12,191,0,0,102,17,119,63,20,198,29,310,234,0,234,544
01/07/2020,PIE,FL,ASO,ES,Towers with Radar,6,14,102,2,124,0,2,87,4,93,6,16,189,6,217,298,0,298,515
01/08/2020,PIE,FL,ASO,ES,Towers with Radar,18,6,83,14,121,0,0,92,26,118,18,6,175,40,239,293,14,307,546
01/09/2020,PIE,FL,ASO,ES,Towers with Radar,41,22,80,12,155,0,0,50,17,67,41,22,130,29,222,174,40,214,436
01/10/2020,PIE,FL,ASO,ES,Towers with Radar,50,25,84,24,183,0,2,71,26,99,50,27,155,50,282,108,21,129,411
01/11/2020,PIE,FL,ASO,ES,Towers with Radar,37,27,62,25,151,0,0,32,7,39,37,27,94,32,190,32,10,42,232
01/12/2020,PIE,FL,ASO,ES,Towers with Radar,42,19,74,24,159,0,0,51,11,62,42,19,125,35,221,220,0,220,441
01/13/2020,PIE,FL,ASO,ES,Towers with Radar,48,20,78,30,176,0,1,80,27,108,48,21,158,57,284,280,22,302,586
01/14/2020,PIE,FL,ASO,ES,Towers with Radar,6,10,148,22,186,0,2,92,24,118,6,12,240,46,304,308,7,315,619
01/15/2020,PIE,FL,ASO,ES,Towers with Radar,18,16,92,7,133,0,0,85,24,109,18,16,177,31,242,374,36,410,652
01/16/2020,PIE,FL,ASO,ES,Towers with Radar,42,22,102,10,176,0,0,82,15,97,42,22,184,25,273,225,4,229,502
01/17/2020,PIE,FL,ASO,ES,Towers with Radar,56,13,82,19,170,0,0,76,13,89,56,13,158,32,259,168,24,192,451
01/18/2020,PIE,FL,ASO,ES,Towers with Radar,33,16,55,12,116,0,2,56,4,62,33,18,111,16,178,104,0,104,282
01/19/2020,PIE,FL,ASO,ES,Towers with Radar,43,12,40,7,102,0,0,20,6,26,43,12,60,13,128,49,32,81,209
01/20/2020,PIE,FL,ASO,ES,Towers with Radar,52,16,83,6,157,0,1,73,6,80,52,17,156,12,237,158,0,158,395
01/21/2020,PIE,FL,ASO,ES,Towers with Radar,7,11,73,1,92,0,0,64,17,81,7,11,137,18,173,70,34,104,277
01/22/2020,PIE,FL,ASO,ES,Towers with Radar,17,17,86,11,131,0,0,74,25,99,17,17,160,36,230,227,14,241,471
01/23/2020,PIE,FL,ASO,ES,Towers with Radar,46,32,112,14,204,0,0,77,17,94,46,32,189,31,298,212,24,236,534
01/24/2020,PIE,FL,ASO,ES,Towers with Radar,51,23,93,14,181,0,2,80,12,94,51,25,173,26,275,113,5,118,393
01/25/2020,PIE,FL,ASO,ES,Towers with Radar,44,11,44,4,103,0,0,95,10,105,44,11,139,14,208,74,4,78,286
01/26/2020,PIE,FL,ASO,ES,Towers with Radar,48,10,55,6,119,0,0,86,17,103,48,10,141,23,222,121,1,122,344
01/27/2020,PIE,FL,ASO,ES,Towers with Radar,50,13,97,8,168,0,1,48,17,66,50,14,145,25,234,290,10,300,534
01/28/2020,PIE,FL,ASO,ES,Towers with Radar,2,12,64,5,83,0,0,87,14,101,2,12,151,19,184,347,0,347,531
01/29/2020,PIE,FL,ASO,ES,Towers with Radar,18,25,111,7,161,0,0,87,24,111,18,25,198,31,272,190,2,192,464
01/30/2020,PIE,FL,ASO,ES,Towers with Radar,44,24,80,14,162,0,0,34,15,49,44,24,114,29,211,36,46,82,293
01/31/2020,PIE,FL,ASO,ES,Towers with Radar,49,10,101,10,170,0,0,43,21,64,49,10,144,31,234,137,14,151,385
02/01/2020,PIE,FL,ASO,ES,Towers with Radar,50,14,45,7,116,0,0,4,0,4,50,14,49,7,120,2,2,4,124
02/02/2020,PIE,FL,ASO,ES,Towers with Radar,46,17,98,2,163,0,0,94,2,96,46,17,192,4,259,114,10,124,383
02/03/2020,PIE,FL,ASO,ES,Towers with Radar,50,16,79,15,160,0,4,98,13,115,50,20,177,28,275,240,4,244,519
02/04/2020,PIE,FL,ASO,ES,Towers with Radar,6,18,105,4,133,0,5,101,6,112,6,23,206,10,245,275,8,283,528
02/05/2020,PIE,FL,ASO,ES,Towers with Radar,23,29,115,8,175,0,1,92,19,112,23,30,207,27,287,115,0,115,402
02/06/2020,PIE,FL,ASO,ES,Towers with Radar,38,25,44,5,112,0,0,9,3,12,38,25,53,8,124,0,6,6,130
02/07/2020,PIE,FL,ASO,ES,Towers with Radar,54,30,86,14,184,0,0,59,2,61,54,30,145,16,245,68,12,80,325
02/08/2020,PIE,FL,ASO,ES,Towers with Radar,45,18,52,3,118,0,3,89,3,95,45,21,141,6,213,84,40,124,337
02/09/2020,PIE,FL,ASO,ES,Towers with Radar,45,20,80,4,149,0,0,66,4,70,45,20,146,8,219,18,0,18,237
02/10/2020,PIE,FL,ASO,ES,Towers with Radar,54,34,101,11,200,0,3,96,18,117,54,37,197,29,317,158,34,192,509
02/11/2020,PIE,FL,ASO,ES,Towers with Radar,6,20,92,14,132,0,0,61,20,81,6,20,153,34,213,202,8,210,423
02/12/2020,PIE,FL,ASO,ES,Towers with Radar,47,17,110,6,180,0,0,84,27,111,47,17,194,33,291,166,8,174,465
02/13/2020,PIE,FL,ASO,ES,Towers with Radar,52,20,106,14,192,0,0,35,10,45,52,20,141,24,237,30,0,30,267
02/14/2020,PIE,FL,ASO,ES,Towers with Radar,65,21,79,5,170,0,0,15,3,18,65,21,94,8,188,82,2,84,272
02/15/2020,PIE,FL,ASO,ES,Towers with Radar,53,9,60,6,128,0,0,71,2,73,53,9,131,8,201,99,2,101,302
02/16/2020,PIE,FL,ASO,ES,Towers with Radar,49,16,80,1,146,0,0,70,5,75,49,16,150,6,221,98,4,102,323
02/17/2020,PIE,FL,ASO,ES,Towers with Radar,66,12,117,5,200,0,2,68,11,81,66,14,185,16,281,172,16,188,469
02/18/2020,PIE,FL,ASO,ES,Towers with Radar,20,13,107,15,155,0,2,96,15,113,20,15,203,30,268,149,20,169,437
02/19/2020,PIE,FL,ASO,ES,Towers with Radar,47,26,103,4,180,0,1,69,22,92,47,27,172,26,272,152,18,170,442
02/20/2020,PIE,FL,ASO,ES,Towers with Radar,47,39,85,9,180,0,2,34,17,53,47,41,119,26,233,70,4,74,307
02/21/2020,PIE,FL,ASO,ES,Towers with Radar,60,16,62,9,147,0,0,9,20,29,60,16,71,29,176,4,16,20,196
02/22/2020,PIE,FL,ASO,ES,Towers with Radar,56,17,80,1,154,0,2,82,8,92,56,19,162,9,246,172,0,172,418
02/23/2020,PIE,FL,ASO,ES,Towers with Radar,52,16,94,1,163,0,2,80,5,87,52,18,174,6,250,158,0,158,408
02/24/2020,PIE,FL,ASO,ES,Towers with Radar,61,13,119,2,195,0,0,97,14,111,61,13,216,16,306,176,6,182,488
02/25/2020,PIE,FL,ASO,ES,Towers with Radar,20,26,84,10,140,0,0,34,7,41,20,26,118,17,181,32,0,32,213
02/26/2020,PIE,FL,ASO,ES,Towers with Radar,46,26,39,9,120,0,1,20,9,30,46,27,59,18,150,127,7,134,284
02/27/2020,PIE,FL,ASO,ES,Towers with Radar,45,20,65,6,136,0,3,58,15,76,45,23,123,21,212,166,6,172,384
02/28/2020,PIE,FL,ASO,ES,Towers with Radar,69,14,77,8,168,0,1,82,11,94,69,15,159,19,262,193,0,193,455
02/29/2020,PIE,FL,ASO,ES,Towers with Radar,54,6,41,2,103,0,1,66,2,69,54,7,107,4,172,96,0,96,268
03/01/2020,PIE,FL,ASO,ES,Towers with Radar,53,12,55,5,125,0,2,53,5,60,53,14,108,10,185,124,0,124,309
03/02/2020,PIE,FL,ASO,ES,Towers with Radar,67,18,76,6,167,0,0,72,18,90,67,18,148,24,257,189,48,237,494
03/03/2020,PIE,FL,ASO,ES,Towers with Radar,19,16,63,7,105,0,0,64,7,71,19,16,127,14,176,313,20,333,509
03/04/2020,PIE,FL,ASO,ES,Towers with Radar,64,35,84,6,189,0,1,54,27,82,64,36,138,33,271,78,10,88,359
03/05/2020,PIE,FL,ASO,ES,Towers with Radar,57,25,58,9,149,0,0,19,11,30,57,25,77,20,179,49,2,51,230
03/06/2020,PIE,FL,ASO,ES,Towers with Radar,70,38,67,2,177,0,2,27,12,41,70,40,94,14,218,54,14,68,286
03/07/2020,PIE,FL,ASO,ES,Towers with Radar,65,20,52,10,147,0,0,59,3,62,65,20,111,13,209,104,8,112,321
03/08/2020,PIE,FL,ASO,ES,Towers with Radar,56,17,68,5,146,0,0,50,7,57,56,17,118,12,203,94,2,96,299
03/09/2020,PIE,FL,ASO,ES,Towers with Radar,67,10,79,11,167,0,1,58,16,75,67,11,137,27,242,198,12,210,452
03/10/2020,PIE,FL,ASO,ES,Towers with Radar,34,12,75,18,139,0,0,106,10,116,34,12,181,28,255,218,0,218,473
03/11/2020,PIE,FL,ASO,ES,Towers with Radar,64,29,79,6,178,0,1,82,18,101,64,30,161,24,279,225,15,240,519
03/12/2020,PIE,FL,ASO,ES,Towers with Radar,55,17,115,8,195,0,4,81,16,101,55,21,196,24,296,170,2,172,468
03/13/2020,PIE,FL,ASO,ES,Towers with Radar,72,19,93,4,188,0,3,88,11,102,72,22,181,15,290,262,0,262,552
03/14/2020,PIE,FL,ASO,ES,Towers with Radar,67,11,69,0,147,0,0,57,6,63,67,11,126,6,210,108,2,110,320
03/15/2020,PIE,FL,ASO,ES,Towers with Radar,53,16,64,4,137,0,0,51,4,55,53,16,115,8,192,102,0,102,294
03/16/2020,PIE,FL,ASO,ES,Towers with Radar,68,8,79,7,162,0,0,60,24,84,68,8,139,31,246,184,20,204,450
03/17/2020,PIE,FL,ASO,ES,Towers with Radar,45,18,67,7,137,0,0,88,21,109,45,18,155,28,246,167,18,185,431
03/18/2020,PIE,FL,ASO,ES,Towers with Radar,58,17,77,9,161,0,0,72,32,104,58,17,149,41,265,157,34,191,456
03/19/2020,PIE,FL,ASO,ES,Towers with Radar,47,39,67,5,158,0,0,64,9,73,47,39,131,14,231,229,14,243,474
03/20/2020,PIE,FL,ASO,ES,Towers with Radar,56,12,87,3,158,0,2,83,9,94,56,14,170,12,252,166,0,166,418
03/21/2020,PIE,FL,ASO,ES,Towers with Radar,55,9,47,3,114,0,0,80,2,82,55,9,127,5,196,140,2,142,338
03/22/2020,PIE,FL,ASO,ES,Towers with Radar,47,6,69,1,123,0,1,54,4,59,47,7,123,5,182,142,0,142,324
03/23/2020,PIE,FL,ASO,ES,Towers with Radar,53,7,88,4,152,0,6,58,15,79,53,13,146,19,231,201,1,202,433
03/24/2020,PIE,FL,ASO,ES,Towers with Radar,28,9,87,8,132,0,0,95,11,106,28,9,182,19,238,194,40,234,472
03/25/2020,PIE,FL,ASO,ES,Towers with Radar,12,7,70,5,94,0,0,71,12,83,12,7,141,17,177,67,10,77,254
03/26/2020,PIE,FL,ASO,ES,Towers with Radar,9,4,66,8,87,0,2,66,6,74,9,6,132,14,161,310,2,312,473
03/27/2020,PIE,FL,ASO,ES,Towers with Radar,18,11,81,6,116,0,2,38,23,63,18,13,119,29,179,107,13,120,299
03/28/2020,PIE,FL,ASO,ES,Towers with Radar,20,6,39,1,66,0,0,64,6,70,20,6,103,7,136,167,15,182,318
03/29/2020,PIE,FL,ASO,ES,Towers with Radar,8,9,28,17,62,0,0,31,3,34,8,9,59,20,96,32,6,38,134
03/30/2020,PIE,FL,ASO,ES,Towers with Radar,1,7,43,3,54,0,2,67,13,82,1,9,110,16,136,252,18,270,406
03/31/2020,PIE,FL,ASO,ES,Towers with Radar,10,8,59,2,79,0,2,32,11,45,10,10,91,13,124,46,48,94,218
04/01/2020,PIE,FL,ASO,ES,Towers with Radar,16,8,44,3,71,0,0,48,15,63,16,8,92,18,134,223,24,247,381
04/02/2020,PIE,FL,ASO,ES,Towers with Radar,9,5,44,4,62,0,0,62,12,74,9,5,106,16,136,281,16,297,433
04/03/2020,PIE,FL,ASO,ES,Towers with Radar,12,5,45,2,64,0,0,53,15,68,12,5,98,17,132,176,18,194,326
04/04/2020,PIE,FL,ASO,ES,Towers with Radar,16,4,33,5,58,0,0,63,4,67,16,4,96,9,125,81,0,81,206
04/05/2020,PIE,FL,ASO,ES,Towers with Radar,13,3,15,4,35,0,0,12,2,14,13,3,27,6,49,64,14,78,127
04/06/2020,PIE,FL,ASO,ES,Towers with Radar,2,3,36,5,46,0,0,39,9,48,2,3,75,14,94,191,4,195,289
04/07/2020,PIE,FL,ASO,ES,Towers with Radar,1,7,51,4,63,0,0,70,12,82,1,7,121,16,145,214,10,224,369
04/08/2020,PIE,FL,ASO,ES,Towers with Radar,2,6,65,10,83,0,0,58,11,69,2,6,123,21,152,173,0,173,325
04/09/2020,PIE,FL,ASO,ES,Towers with Radar,3,3,41,14,61,0,0,22,4,26,3,3,63,18,87,116,4,120,207
04/10/2020,PIE,FL,ASO,ES,Towers with Radar,23,6,41,8,78,0,0,30,5,35,23,6,71,13,113,16,6,22,135
04/11/2020,PIE,FL,ASO,ES,Towers with Radar,8,4,31,3,46,0,0,79,4,83,8,4,110,7,129,109,0,109,238
04/12/2020,PIE,FL,ASO,ES,Towers with Radar,0,6,30,3,39,0,0,21,3,24,0,6,51,6,63,14,8,22,85
04/13/2020,PIE,FL,ASO,ES,Towers with Radar,2,0,28,0,30,0,0,14,9,23,2,0,42,9,53,6,12,18,71
04/14/2020,PIE,FL,ASO,ES,Towers with Radar,0,4,43,7,54,0,0,28,5,33,0,4,71,12,87,236,34,270,357
04/15/2020,PIE,FL,ASO,ES,Towers with Radar,2,1,29,9,41,0,0,11,13,24,2,1,40,22,65,23,14,37,102
04/16/2020,PIE,FL,ASO,ES,Towers with Radar,10,9,7,10,36,0,2,3,6,11,10,11,10,16,47,0,0,0,47
04/17/2020,PIE,FL,ASO,ES,Towers with Radar,12,8,44,5,69,0,0,54,7,61,12,8,98,12,130,269,32,301,431
04/18/2020,PIE,FL,ASO,ES,Towers with Radar,10,1,20,0,31,0,0,35,4,39,10,1,55,4,70,107,2,109,179
04/19/2020,PIE,FL,ASO,ES,Towers with Radar,3,4,67,7,81,0,0,82,7,89,3,4,149,14,170,136,6,142,312
04/20/2020,PIE,FL,ASO,ES,Towers with Radar,2,0,5,0,7,0,0,9,3,12,2,0,14,3,19,86,37,123,142
04/21/2020,PIE,FL,ASO,ES,Towers with Radar,2,3,54,10,69,0,2,103,7,112,2,5,157,17,181,295,10,305,486
04/22/2020,PIE,FL,ASO,ES,Towers with Radar,2,8,56,6,72,0,0,99,11,110,2,8,155,17,182,199,2,201,383
04/23/2020,PIE,FL,ASO,ES,Towers with Radar,6,1,47,9,63,0,0,31,6,37,6,1,78,15,100,86,3,89,189
04/24/2020,PIE,FL,ASO,ES,Towers with Radar,3,0,5,2,10,0,0,2,0,2,3,0,7,2,12,0,0,0,12
04/25/2020,PIE,FL,ASO,ES,Towers with Radar,3,9,21,6,39,0,0,27,4,31,3,9,48,10,70,95,2,97,167
04/26/2020,PIE,FL,ASO,ES,Towers with Radar,4,11,35,5,55,0,1,52,4,57,4,12,87,9,112,161,12,173,285
04/27/2020,PIE,FL,ASO,ES,Towers with Radar,6,3,61,9,79,0,2,76,7,85,6,5,137,16,164,258,14,272,436
04/28/2020,PIE,FL,ASO,ES,Towers with Radar,0,2,67,12,81,0,1,83,20,104,0,3,150,32,185,312,8,320,505
04/29/2020,PIE,FL,ASO,ES,Towers with Radar,0,9,90,1,100,0,0,87,11,98,0,9,177,12,198,231,7,238,436
04/30/2020,PIE,FL,ASO,ES,Towers with Radar,25,10,31,4,70,0,0,40,19,59,25,10,71,23,129,89,16,105,234
05/01/2020,PIE,FL,ASO,ES,Towers with Radar,20,4,71,2,97,0,1,104,7,112,20,5,175,9,209,160,59,219,428
05/02/2020,PIE,FL,ASO,ES,Towers with Radar,12,2,45,7,66,0,0,67,8,75,12,2,112,15,141,77,0,77,218
05/03/2020,PIE,FL,ASO,ES,Towers with Radar,22,7,50,3,82,0,0,56,11,67,22,7,106,14,149,117,6,123,272
05/04/2020,PIE,FL,ASO,ES,Towers with Radar,17,7,46,1,71,0,0,65,9,74,17,7,111,10,145,196,16,212,357
05/05/2020,PIE,FL,ASO,ES,Towers with Radar,0,4,69,15,88,0,0,78,11,89,0,4,147,26,177,187,12,199,376
05/06/2020,PIE,FL,ASO,ES,Towers with Radar,8,9,48,8,73,0,0,67,8,75,8,9,115,16,148,134,10,144,292
05/07/2020,PIE,FL,ASO,ES,Towers with Radar,36,8,64,6,114,0,0,84,17,101,36,8,148,23,215,186,2,188,403
05/08/2020,PIE,FL,ASO,ES,Towers with Radar,36,10,65,2,113,0,0,89,9,98,36,10,154,11,211,148,14,162,373
05/09/2020,PIE,FL,ASO,ES,Towers with Radar,19,6,44,4,73,0,0,89,10,99,19,6,133,14,172,84,0,84,256
05/10/2020,PIE,FL,ASO,ES,Towers with Radar,34,2,17,3,56,0,0,8,9,17,34,2,25,12,73,24,20,44,117
05/11/2020,PIE,FL,ASO,ES,Towers with Radar,34,6,71,7,118,0,0,83,15,98,34,6,154,22,216,177,21,198,414
05/12/2020,PIE,FL,ASO,ES,Towers with Radar,0,4,51,9,64,0,2,84,18,104,0,6,135,27,168,190,0,190,358
05/13/2020,PIE,FL,ASO,ES,Towers with Radar,7,4,50,7,68,0,0,60,17,77,7,4,110,24,145,103,6,109,254
05/14/2020,PIE,FL,ASO,ES,Towers with Radar,42,14,46,12,114,0,0,48,15,63,42,14,94,27,177,40,6,46,223
05/15/2020,PIE,FL,ASO,ES,Towers with Radar,38,13,36,9,96,0,0,42,6,48,38,13,78,15,144,105,0,105,249
05/16/2020,PIE,FL,ASO,ES,Towers with Radar,34,0,44,3,81,0,2,35,12,49,34,2,79,15,130,97,14,111,241
05/17/2020,PIE,FL,ASO,ES,Towers with Radar,46,6,42,1,95,0,0,69,6,75,46,6,111,7,170,167,0,167,337
05/18/2020,PIE,FL,ASO,ES,Towers with Radar,37,7,21,2,67,0,0,11,9,20,37,7,32,11,87,54,50,104,191
05/19/2020,PIE,FL,ASO,ES,Towers with Radar,0,7,57,8,72,0,3,70,20,93,0,10,127,28,165,169,18,187,352
05/20/2020,PIE,FL,ASO,ES,Towers with Radar,6,17,75,12,110,0,3,90,14,107,6,20,165,26,217,178,21,199,416
05/21/2020,PIE,FL,ASO,ES,Towers with Radar,43,12,71,5,131,0,3,61,17,81,43,15,132,22,212,181,24,205,417
05/22/2020,PIE,FL,ASO,ES,Towers with Radar,46,22,73,3,144,0,1,84,19,104,46,23,157,22,248,124,2,126,374
05/23/2020,PIE,FL,ASO,ES,Towers with Radar,42,22,36,0,100,0,1,52,6,59,42,23,88,6,159,92,32,124,283
05/24/2020,PIE,FL,ASO,ES,Towers with Radar,45,13,22,3,83,0,0,22,3,25,45,13,44,6,108,18,20,38,146
05/25/2020,PIE,FL,ASO,ES,Towers with Radar,47,14,24,6,91,0,0,3,3,6,47,14,27,9,97,31,0,31,128
05/26/2020,PIE,FL,ASO,ES,Towers with Radar,0,10,80,16,106,0,0,43,23,66,0,10,123,39,172,259,34,293,465
05/27/2020,PIE,FL,ASO,ES,Towers with Radar,4,12,130,13,159,0,0,45,21,66,4,12,175,34,225,157,26,183,408
05/28/2020,PIE,FL,ASO,ES,Towers with Radar,39,12,98,8,157,0,1,91,14,106,39,13,189,22,263,192,50,242,505
05/29/2020,PIE,FL,ASO,ES,Towers with Radar,41,7,87,4,139,0,2,88,10,100,41,9,175,14,239,152,12,164,403
05/30/2020,PIE,FL,ASO,ES,Towers with Radar,43,9,69,8,129,0,0,74,6,80,43,9,143,14,209,200,0,200,409
05/31/2020,PIE,FL,ASO,ES,Towers with Radar,43,10,62,1,116,0,0,67,6,73,43,10,129,7,189,84,16,100,289
06/01/2020,PIE,FL,ASO,ES,Towers with Radar,46,7,57,12,122,0,0,63,18,81,46,7,120,30,203,260,30,290,493
06/02/2020,PIE,FL,ASO,ES,Towers with Radar,0,5,82,8,95,0,0,68,21,89,0,5,150,29,184,201,23,224,408
06/03/2020,PIE,FL,ASO,ES,Towers with Radar,17,14,46,5,82,0,0,37,11,48,17,14,83,16,130,43,0,43,173
06/04/2020,PIE,FL,ASO,ES,Towers with Radar,47,5,35,4,91,0,0,11,7,18,47,5,46,11,109,20,16,36,145
06/05/2020,PIE,FL,ASO,ES,Towers with Radar,50,21,36,2,109,0,1,35,3,39,50,22,71,5,148,77,0,77,225
06/06/2020,PIE,FL,ASO,ES,Towers with Radar,49,11,17,1,78,0,0,0,1,1,49,11,17,2,79,0,0,0,79
06/07/2020,PIE,FL,ASO,ES,Towers with Radar,46,12,22,0,80,0,0,9,1,10,46,12,31,1,90,14,36,50,140
06/08/2020,PIE,FL,ASO,ES,Towers with Radar,49,8,49,8,114,0,2,20,10,32,49,10,69,18,146,54,46,100,246
06/09/2020,PIE,FL,ASO,ES,Towers with Radar,0,14,41,7,62,0,0,64,11,75,0,14,105,18,137,88,18,106,243
06/10/2020,PIE,FL,ASO,ES,Towers with Radar,15,10,52,9,86,0,0,32,11,43,15,10,84,20,129,56,30,86,215
06/11/2020,PIE,FL,ASO,ES,Towers with Radar,44,17,55,2,118,0,2,37,13,52,44,19,92,15,170,74,0,74,244
06/12/2020,PIE,FL,ASO,ES,Towers with Radar,48,16,70,6,140,0,0,65,11,76,48,16,135,17,216,46,16,62,278
06/13/2020,PIE,FL,ASO,ES,Towers with Radar,49,5,42,2,98,0,0,19,7,26,49,5,61,9,124,10,0,10,134
06/14/2020,PIE,FL,ASO,ES,Towers with Radar,43,13,56,2,114,0,0,46,2,48,43,13,102,4,162,51,32,83,245
06/15/2020,PIE,FL,ASO,ES,Towers with Radar,49,20,70,7,146,0,0,93,22,115,49,20,163,29,261,140,8,148,409
06/16/2020,PIE,FL,ASO,ES,Towers with Radar,0,9,75,4,88,0,0,68,27,95,0,9,143,31,183,223,10,233,416
06/17/2020,PIE,FL,ASO,ES,Towers with Radar,16,10,82,10,118,0,3,89,20,112,16,13,171,30,230,227,22,249,479
06/18/2020,PIE,FL,ASO,ES,Towers with Radar,43,18,85,9,155,0,0,64,19,83,43,18,149,28,238,196,18,214,452
06/19/2020,PIE,FL,ASO,ES,Towers with Radar,50,12,104,5,171,0,0,76,19,95,50,12,180,24,266,246,10,256,522
06/20/2020,PIE,FL,ASO,ES,Towers with Radar,51,13,68,0,132,0,0,46,9,55,51,13,114,9,187,140,4,144,331
06/21/2020,PIE,FL,ASO,ES,Towers with Radar,46,7,55,2,110,0,0,54,9,63,46,7,109,11,173,60,10,70,243
06/22/2020,PIE,FL,ASO,ES,Towers with Radar,54,16,90,6,166,0,0,62,28,90,54,16,152,34,256,161,30,191,447
06/23/2020,PIE,FL,ASO,ES,Towers with Radar,0,12,48,9,69,0,0,47,23,70,0,12,95,32,139,106,2,108,247
06/24/2020,PIE,FL,ASO,ES,Towers with Radar,16,11,39,8,74,0,0,66,22,88,16,11,105,30,162,174,12,186,348
06/25/2020,PIE,FL,ASO,ES,Towers with Radar,44,24,100,5,173,0,0,53,15,68,44,24,153,20,241,132,4,136,377
06/26/2020,PIE,FL,ASO,ES,Towers with Radar,49,9,90,2,150,0,1,53,10,64,49,10,143,12,214,275,0,275,489
06/27/2020,PIE,FL,ASO,ES,Towers with Radar,53,7,74,5,139,0,1,76,2,79,53,8,150,7,218,137,36,173,391
06/28/2020,PIE,FL,ASO,ES,Towers with Radar,45,13,56,2,116,0,0,47,2,49,45,13,103,4,165,127,0,127,292
06/29/2020,PIE,FL,ASO,ES,Towers with Radar,48,14,58,4,124,0,0,72,18,90,48,14,130,22,214,283,12,295,509
06/30/2020,PIE,FL,ASO,ES,Towers with Radar,0,10,77,8,95,0,0,79,10,89,0,10,156,18,184,228,0,228,412
07/01/2020,PIE,FL,ASO,ES,Towers with Radar,45,19,82,5,151,0,0,80,9,89,45,19,162,14,240,196,0,196,436
07/02/2020,PIE,FL,ASO,ES,Towers with Radar,47,29,108,6,190,0,0,66,8,74,47,29,174,14,264,207,0,207,471
07/03/2020,PIE,FL,ASO,ES,Towers with Radar,49,7,63,1,120,0,0,30,5,35,49,7,93,6,155,74,4,78,233
07/04/2020,PIE,FL,ASO,ES,Towers with Radar,51,1,20,3,75,0,0,33,3,36,51,1,53,6,111,79,4,83,194
07/05/2020,PIE,FL,ASO,ES,Towers with Radar,50,6,39,3,98,0,0,18,3,21,50,6,57,6,119,10,0,10,129
07/06/2020,PIE,FL,ASO,ES,Towers with Radar,46,9,61,7,123,0,0,30,22,52,46,9,91,29,175,230,28,258,433
07/07/2020,PIE,FL,ASO,ES,Towers with Radar,13,4,50,3,70,0,2,55,17,74,13,6,105,20,144,270,18,288,432
07/08/2020,PIE,FL,ASO,ES,Towers with Radar,36,10,72,2,120,0,2,67,17,86,36,12,139,19,206,221,10,231,437
07/09/2020,PIE,FL,ASO,ES,Towers with Radar,47,17,61,13,138,0,0,68,19,87,47,17,129,32,225,125,0,125,350
07/10/2020,PIE,FL,ASO,ES,Towers with Radar,44,12,48,4,108,0,1,43,9,53,44,13,91,13,161,117,34,151,312
07/11/2020,PIE,FL,ASO,ES,Towers with Radar,50,9,48,1,108,0,0,23,1,24,50,9,71,2,132,101,50,151,283
07/12/2020,PIE,FL,ASO,ES,Towers with Radar,47,12,69,0,128,0,0,58,6,64,47,12,127,6,192,212,1,213,405
07/13/2020,PIE,FL,ASO,ES,Towers with Radar,50,15,58,4,127,0,2,58,11,71,50,17,116,15,198,170,0,170,368
07/14/2020,PIE,FL,ASO,ES,Towers with Radar,11,9,39,2,61,0,0,52,15,67,11,9,91,17,128,237,10,247,375
07/15/2020,PIE,FL,ASO,ES,Towers with Radar,38,15,32,5,90,0,0,59,12,71,38,15,91,17,161,146,8,154,315
07/16/2020,PIE,FL,ASO,ES,Towers with Radar,48,8,55,6,117,0,2,70,17,89,48,10,125,23,206,231,24,255,461
07/17/2020,PIE,FL,ASO,ES,Towers with Radar,47,12,62,4,125,0,0,67,18,85,47,12,129,22,210,201,32,233,443
07/18/2020,PIE,FL,ASO,ES,Towers with Radar,54,18,53,7,132,0,0,36,6,42,54,18,89,13,174,111,2,113,287
07/19/2020,PIE,FL,ASO,ES,Towers with Radar,50,5,41,2,98,0,0,39,10,49,50,5,80,12,147,120,0,120,267
07/20/2020,PIE,FL,ASO,ES,Towers with Radar,52,13,72,4,141,0,0,73,18,91,52,13,145,22,232,166,6,172,404
07/21/2020,PIE,FL,ASO,ES,Towers with Radar,11,8,42,4,65,0,0,67,10,77,11,8,109,14,142,213,5,218,360
07/22/2020,PIE,FL,ASO,ES,Towers with Radar,38,6,44,7,95,0,0,19,17,36,38,6,63,24,131,46,8,54,185
07/23/2020,PIE,FL,ASO,ES,Towers with Radar,51,2,39,5,97,0,0,26,14,40,51,2,65,19,137,218,0,218,355
07/24/2020,PIE,FL,ASO,ES,Towers with Radar,48,9,50,10,117,0,0,63,14,77,48,9,113,24,194,176,25,201,395
07/25/2020,PIE,FL,ASO,ES,Towers with Radar,53,7,56,5,121,0,0,44,18,62,53,7,100,23,183,103,6,109,292
07/26/2020,PIE,FL,ASO,ES,Towers with Radar,49,8,33,3,93,0,0,52,15,67,49,8,85,18,160,135,42,177,337
07/27/2020,PIE,FL,ASO,ES,Towers with Radar,47,4,63,6,120,0,0,61,17,78,47,4,124,23,198,170,22,192,390
07/28/2020,PIE,FL,ASO,ES,Towers with Radar,8,9,45,10,72,0,0,45,18,63,8,9,90,28,135,172,14,186,321
07/29/2020,PIE,FL,ASO,ES,Towers with Radar,32,6,51,9,98,0,1,63,29,93,32,7,114,38,191,246,72,318,509
07/30/2020,PIE,FL,ASO,ES,Towers with Radar,49,17,68,7,141,0,2,77,27,106,49,19,145,34,247,246,18,264,511
07/31/2020,PIE,FL,ASO,ES,Towers with Radar,48,9,42,2,101,0,2,69,15,86,48,11,111,17,187,125,16,141,328
08/01/2020,PIE,FL,ASO,ES,Towers with Radar,49,17,30,0,96,0,0,57,6,63,49,17,87,6,159,177,10,187,346
08/02/2020,PIE,FL,ASO,ES,Towers with Radar,50,7,18,2,77,0,0,21,4,25,50,7,39,6,102,48,14,62,164
08/03/2020,PIE,FL,ASO,ES,Towers with Radar,48,7,41,4,100,0,0,57,28,85,48,7,98,32,185,158,30,188,373
08/04/2020,PIE,FL,ASO,ES,Towers with Radar,10,5,51,8,74,0,0,70,33,103,10,5,121,41,177,216,0,216,393
08/05/2020,PIE,FL,ASO,ES,Towers with Radar,38,9,45,9,101,0,2,49,22,73,38,11,94,31,174,162,8,170,344
08/06/2020,PIE,FL,ASO,ES,Towers with Radar,51,5,75,8,139,0,0,47,28,75,51,5,122,36,214,233,18,251,465
08/07/2020,PIE,FL,ASO,ES,Towers with Radar,51,1,56,8,116,0,0,67,16,83,51,1,123,24,199,165,8,173,372
08/08/2020,PIE,FL,ASO,ES,Towers with Radar,53,6,49,4,112,0,0,57,2,59,53,6,106,6,171,78,0,78,249
08/09/2020,PIE,FL,ASO,ES,Towers with Radar,51,18,52,1,122,0,0,38,2,40,51,18,90,3,162,109,0,109,271
08/10/2020,PIE,FL,ASO,ES,Towers with Radar,49,5,54,10,118,0,0,67,22,89,49,5,121,32,207,230,30,260,467
08/11/2020,PIE,FL,ASO,ES,Towers with Radar,14,12,50,9,85,0,2,49,28,79,14,14,99,37,164,106,9,115,279
08/12/2020,PIE,FL,ASO,ES,Towers with Radar,30,7,44,15,96,0,0,50,18,68,30,7,94,33,164,208,10,218,382
08/13/2020,PIE,FL,ASO,ES,Towers with Radar,54,21,50,7,132,0,2,46,39,87,54,23,96,46,219,191,4,195,414
08/14/2020,PIE,FL,ASO,ES,Towers with Radar,46,10,49,7,112,0,3,81,11,95,46,13,130,18,207,139,0,139,346
08/15/2020,PIE,FL,ASO,ES,Towers with Radar,47,5,36,1,89,0,0,60,10,70,47,5,96,11,159,135,2,137,296
08/16/2020,PIE,FL,ASO,ES,Towers with Radar,52,2,39,0,93,0,0,35,3,38,52,2,74,3,131,38,0,38,169
08/17/2020,PIE,FL,ASO,ES,Towers with Radar,46,9,51,5,111,0,0,43,24,67,46,9,94,29,178,145,27,172,350
08/18/2020,PIE,FL,ASO,ES,Towers with Radar,10,3,44,12,69,0,1,79,23,103,10,4,123,35,172,157,2,159,331
08/19/2020,PIE,FL,ASO,ES,Towers with Radar,16,5,41,7,69,0,0,56,18,74,16,5,97,25,143,244,10,254,397
08/20/2020,PIE,FL,ASO,ES,Towers with Radar,41,12,72,8,133,0,0,51,19,70,41,12,123,27,203,86,20,106,309
08/21/2020,PIE,FL,ASO,ES,Towers with Radar,36,12,58,4,110,0,0,44,14,58,36,12,102,18,168,105,10,115,283
08/22/2020,PIE,FL,ASO,ES,Towers with Radar,21,4,31,4,60,0,1,31,3,35,21,5,62,7,95,133,0,133,228
08/23/2020,PIE,FL,ASO,ES,Towers with Radar,41,11,47,8,107,0,1,42,2,45,41,12,89,10,152,90,0,90,242
08/24/2020,PIE,FL,ASO,ES,Towers with Radar,36,5,29,4,74,0,0,27,10,37,36,5,56,14,111,101,0,101,212
08/25/2020,PIE,FL,ASO,ES,Towers with Radar,2,2,36,12,52,0,2,20,24,46,2,4,56,36,98,64,12,76,174
08/26/2020,PIE,FL,ASO,ES,Towers with Radar,12,12,61,7,92,0,0,62,20,82,12,12,123,27,174,241,8,249,423
08/27/2020,PIE,FL,ASO,ES,Towers with Radar,40,14,60,8,122,0,0,57,19,76,40,14,117,27,198,115,12,127,325
08/28/2020,PIE,FL,ASO,ES,Towers with Radar,39,14,37,0,90,0,0,48,0,48,39,14,85,0,138,224,0,224,362
08/29/2020,PIE,FL,ASO,ES,Towers with Radar,16,9,38,6,69,0,0,57,0,57,16,9,95,6,126,84,0,84,210
08/30/2020,PIE,FL,ASO,ES,Towers with Radar,36,5,30,3,74,0,0,10,2,12,36,5,40,5,86,58,2,60,146
08/31/2020,PIE,FL,ASO,ES,Towers with Radar,38,5,60,5,108,0,0,35,11,46,38,5,95,16,154,106,20,126,280
09/01/2020,PIE,FL,ASO,ES,Towers with Radar,0,5,55,6,66,0,0,46,22,68,0,5,101,28,134,127,0,127,261
09/02/2020,PIE,FL,ASO,ES,Towers with Radar,5,10,59,8,82,0,0,69,24,93,5,10,128,32,175,167,4,171,346
09/03/2020,PIE,FL,ASO,ES,Towers with Radar,39,14,83,18,154,0,0,62,34,96,39,14,145,52,250,132,16,148,398
09/04/2020,PIE,FL,ASO,ES,Towers with Radar,48,15,77,5,145,0,6,78,9,93,48,21,155,14,238,156,0,156,394
09/05/2020,PIE,FL,ASO,ES,Towers with Radar,10,11,36,1,58,0,0,62,5,67,10,11,98,6,125,108,0,108,233
09/06/2020,PIE,FL,ASO,ES,Towers with Radar,36,6,39,2,83,0,0,35,7,42,36,6,74,9,125,18,8,26,151
09/07/2020,PIE,FL,ASO,ES,Towers with Radar,45,11,65,5,126,0,0,47,4,51,45,11,112,9,177,90,0,90,267
09/08/2020,PIE,FL,ASO,ES,Towers with Radar,3,19,83,11,116,0,0,37,29,66,3,19,120,40,182,145,6,151,333
09/09/2020,PIE,FL,ASO,ES,Towers with Radar,2,10,90,11,113,0,2,32,13,47,2,12,122,24,160,123,39,162,322
09/10/2020,PIE,FL,ASO,ES,Towers with Radar,36,14,59,3,112,0,0,60,39,99,36,14,119,42,211,155,24,179,390
09/11/2020,PIE,FL,ASO,ES,Towers with Radar,40,13,64,7,124,0,0,33,13,46,40,13,97,20,170,120,8,128,298
09/12/2020,PIE,FL,ASO,ES,Towers with Radar,10,4,36,2,52,0,0,19,5,24,10,4,55,7,76,33,0,33,109
09/13/2020,PIE,FL,ASO,ES,Towers with Radar,36,10,18,0,64,0,0,3,6,9,36,10,21,6,73,0,0,0,73
09/14/2020,PIE,FL,ASO,ES,Towers with Radar,40,7,49,6,102,0,0,17,26,43,40,7,66,32,145,208,22,230,375
09/15/2020,PIE,FL,ASO,ES,Towers with Radar,0,4,65,6,75,0,0,36,13,49,0,4,101,19,124,331,0,331,455
09/16/2020,PIE,FL,ASO,ES,Towers with Radar,2,19,70,3,94,0,1,49,12,62,2,20,119,15,156,147,0,147,303
09/17/2020,PIE,FL,ASO,ES,Towers with Radar,36,16,64,9,125,0,0,16,14,30,36,16,80,23,155,94,34,128,283
09/18/2020,PIE,FL,ASO,ES,Towers with Radar,40,20,97,9,166,0,0,105,13,118,40,20,202,22,284,249,2,251,535
09/19/2020,PIE,FL,ASO,ES,Towers with Radar,7,12,41,5,65,0,0,46,13,59,7,12,87,18,124,147,44,191,315
09/20/2020,PIE,FL,ASO,ES,Towers with Radar,38,8,52,2,100,0,0,13,2,15,38,8,65,4,115,6,34,40,155
09/21/2020,PIE,FL,ASO,ES,Towers with Radar,39,10,44,4,97,0,0,32,17,49,39,10,76,21,146,45,53,98,244
09/22/2020,PIE,FL,ASO,ES,Towers with Radar,0,8,58,9,75,0,2,47,25,74,0,10,105,34,149,264,2,266,415
09/23/2020,PIE,FL,ASO,ES,Towers with Radar,2,12,82,9,105,0,1,56,29,86,2,13,138,38,191,278,46,324,515
09/24/2020,PIE,FL,ASO,ES,Towers with Radar,33,18,62,5,118,0,3,68,32,103,33,21,130,37,221,194,18,212,433
09/25/2020,PIE,FL,ASO,ES,Towers with Radar,39,18,69,8,134,0,0,32,9,41,39,18,101,17,175,262,4,266,441
09/26/2020,PIE,FL,ASO,ES,Towers with Radar,8,14,43,0,65,0,3,38,4,45,8,17,81,4,110,78,8,86,196
09/27/2020,PIE,FL,ASO,ES,Towers with Radar,35,15,42,1,93,0,2,18,5,25,35,17,60,6,118,80,0,80,198
09/28/2020,PIE,FL,ASO,ES,Towers with Radar,39,18,61,0,118,0,0,33,18,51,39,18,94,18,169,88,6,94,263
09/29/2020,PIE,FL,ASO,ES,Towers with Radar,0,14,65,9,88,0,0,45,25,70,0,14,110,34,158,190,86,276,434
09/30/2020,PIE,FL,ASO,ES,Towers with Radar,7,14,59,3,83,0,2,86,24,112,7,16,145,27,195,303,2,305,500
10/01/2020,PIE,FL,ASO,ES,Towers with Radar,51,16,80,11,158,0,0,85,27,112,51,16,165,38,270,294,8,302,572
10/02/2020,PIE,FL,ASO,ES,Towers with Radar,37,13,70,6,126,0,3,94,12,109,37,16,164,18,235,259,16,275,510
10/03/2020,PIE,FL,ASO,ES,Towers with Radar,24,6,48,2,80,0,0,32,5,37,24,6,80,7,117,185,0,185,302
10/04/2020,PIE,FL,ASO,ES,Towers with Radar,43,7,51,7,108,0,0,2,0,2,43,7,53,7,110,0,0,0,110
10/05/2020,PIE,FL,ASO,ES,Towers with Radar,39,3,60,9,111,0,0,56,24,80,39,3,116,33,191,114,22,136,327
10/06/2020,PIE,FL,ASO,ES,Towers with Radar,2,15,51,5,73,0,2,51,27,80,2,17,102,32,153,196,15,211,364
10/07/2020,PIE,FL,ASO,ES,Towers with Radar,28,10,68,7,113,0,2,58,18,78,28,12,126,25,191,199,20,219,410
10/08/2020,PIE,FL,ASO,ES,Towers with Radar,43,10,63,2,118,0,2,70,18,90,43,12,133,20,208,226,2,228,436
10/09/2020,PIE,FL,ASO,ES,Towers with Radar,42,13,64,0,119,0,4,96,9,109,42,17,160,9,228,164,10,174,402
10/10/2020,PIE,FL,ASO,ES,Towers with Radar,40,19,31,3,93,0,0,34,4,38,40,19,65,7,131,68,24,92,223
10/11/2020,PIE,FL,ASO,ES,Towers with Radar,38,8,34,2,82,0,0,18,2,20,38,8,52,4,102,6,15,21,123
10/12/2020,PIE,FL,ASO,ES,Towers with Radar,42,10,64,7,123,0,0,73,2,75,42,10,137,9,198,268,0,268,466
10/13/2020,PIE,FL,ASO,ES,Towers with Radar,6,13,48,6,73,0,4,78,28,110,6,17,126,34,183,270,8,278,461
10/14/2020,PIE,FL,ASO,ES,Towers with Radar,28,18,58,6,110,0,2,79,25,106,28,20,137,31,216,303,12,315,531
10/15/2020,PIE,FL,ASO,ES,Towers with Radar,41,31,66,11,149,0,0,97,20,117,41,31,163,31,266,270,0,270,536
10/16/2020,PIE,FL,ASO,ES,Towers with Radar,46,25,52,13,136,0,0,77,11,88,46,25,129,24,224,247,6,253,477
10/17/2020,PIE,FL,ASO,ES,Towers with Radar,37,14,63,2,116,0,2,43,6,51,37,16,106,8,167,83,0,83,250
10/18/2020,PIE,FL,ASO,ES,Towers with Radar,35,16,56,1,108,0,1,48,11,60,35,17,104,12,168,40,6,46,214
10/19/2020,PIE,FL,ASO,ES,Towers with Radar,46,20,61,6,133,0,0,33,20,53,46,20,94,26,186,110,30,140,326
10/20/2020,PIE,FL,ASO,ES,Towers with Radar,6,12,57,4,79,0,0,54,22,76,6,12,111,26,155,174,42,216,371
10/21/2020,PIE,FL,ASO,ES,Towers with Radar,28,15,60,8,111,0,0,65,23,88,28,15,125,31,199,274,38,312,511
10/22/2020,PIE,FL,ASO,ES,Towers with Radar,41,18,78,14,151,0,0,94,20,114,41,18,172,34,265,276,7,283,548
10/23/2020,PIE,FL,ASO,ES,Towers with Radar,43,19,85,3,150,0,0,75,15,90,43,19,160,18,240,314,1,315,555
10/24/2020,PIE,FL,ASO,ES,Towers with Radar,33,27,70,3,133,0,2,64,5,71,33,29,134,8,204,205,0,205,409
10/25/2020,PIE,FL,ASO,ES,Towers with Radar,41,33,87,4,165,0,0,41,6,47,41,33,128,10,212,206,8,214,426
10/26/2020,PIE,FL,ASO,ES,Towers with Radar,42,9,76,5,132,0,2,59,15,76,42,11,135,20,208,224,14,238,446
10/27/2020,PIE,FL,ASO,ES,Towers with Radar,4,14,58,7,83,0,0,67,23,90,4,14,125,30,173,143,6,149,322
10/28/2020,PIE,FL,ASO,ES,Towers with Radar,18,21,85,10,134,0,6,69,25,100,18,27,154,35,234,89,19,108,342
10/29/2020,PIE,FL,ASO,ES,Towers with Radar,49,16,78,19,162,0,0,37,7,44,49,16,115,26,206,56,0,56,262
10/30/2020,PIE,FL,ASO,ES,Towers with Radar,41,23,70,2,136,0,2,97,5,104,41,25,167,7,240,218,0,218,458
10/31/2020,PIE,FL,ASO,ES,Towers with Radar,24,21,47,0,92,0,1,41,6,48,24,22,88,6,140,150,0,150,290
11/01/2020,PIE,FL,ASO,ES,Towers with Radar,38,10,57,0,105,0,0,32,4,36,38,10,89,4,141,98,0,98,239
11/02/2020,PIE,FL,ASO,ES,Towers with Radar,42,7,49,2,100,0,0,33,13,46,42,7,82,15,146,60,4,64,210
11/03/2020,PIE,FL,ASO,ES,Towers with Radar,2,9,55,4,70,0,2,84,23,109,2,11,139,27,179,413,12,425,604
11/04/2020,PIE,FL,ASO,ES,Towers with Radar,15,18,71,7,111,0,0,61,13,74,15,18,132,20,185,340,7,347,532
11/05/2020,PIE,FL,ASO,ES,Towers with Radar,40,17,90,7,154,0,1,57,8,66,40,18,147,15,220,348,0,348,568
11/06/2020,PIE,FL,ASO,ES,Towers with Radar,42,19,54,10,125,0,0,77,19,96,42,19,131,29,221,299,14,313,534
11/07/2020,PIE,FL,ASO,ES,Towers with Radar,20,13,43,5,81,0,0,39,7,46,20,13,82,12,127,47,0,47,174
11/08/2020,PIE,FL,ASO,ES,Towers with Radar,39,8,32,4,83,0,0,9,0,9,39,8,41,4,92,8,34,42,134
11/09/2020,PIE,FL,ASO,ES,Towers with Radar,40,8,24,10,82,0,0,6,15,21,40,8,30,25,103,0,1,1,104
11/10/2020,PIE,FL,ASO,ES,Towers with Radar,0,13,25,8,46,0,0,41,29,70,0,13,66,37,116,116,20,136,252
11/11/2020,PIE,FL,ASO,ES,Towers with Radar,5,5,8,1,19,0,0,0,0,0,5,5,8,1,19,0,0,0,19
11/12/2020,PIE,FL,ASO,ES,Towers with Radar,43,8,45,6,102,0,0,26,2,28,43,8,71,8,130,20,0,20,150
11/13/2020,PIE,FL,ASO,ES,Towers with Radar,41,18,111,6,176,0,0,100,15,115,41,18,211,21,291,353,4,357,648
11/14/2020,PIE,FL,ASO,ES,Towers with Radar,20,18,61,3,102,0,0,89,7,96,20,18,150,10,198,157,0,157,355
11/15/2020,PIE,FL,ASO,ES,Towers with Radar,37,13,79,3,132,0,0,67,10,77,37,13,146,13,209,222,0,222,431
11/16/2020,PIE,FL,ASO,ES,Towers with Radar,42,20,70,7,139,0,0,66,22,88,42,20,136,29,227,346,36,382,609
11/17/2020,PIE,FL,ASO,ES,Towers with Radar,1,14,66,7,88,0,2,102,20,124,1,16,168,27,212,299,0,299,511
11/18/2020,PIE,FL,ASO,ES,Towers with Radar,8,17,58,9,92,0,0,63,22,85,8,17,121,31,177,132,10,142,319
11/19/2020,PIE,FL,ASO,ES,Towers with Radar,42,5,68,5,120,0,0,78,27,105,42,5,146,32,225,241,2,243,468
11/20/2020,PIE,FL,ASO,ES,Towers with Radar,45,28,91,7,171,0,5,67,8,80,45,33,158,15,251,239,8,247,498
11/21/2020,PIE,FL,ASO,ES,Towers with Radar,26,9,68,1,104,0,1,16,2,19,26,10,84,3,123,9,2,11,134
11/22/2020,PIE,FL,ASO,ES,Towers with Radar,43,16,70,4,133,0,1,26,4,31,43,17,96,8,164,68,1,69,233
11/23/2020,PIE,FL,ASO,ES,Towers with Radar,50,18,50,6,124,0,0,66,13,79,50,18,116,19,203,236,4,240,443
11/24/2020,PIE,FL,ASO,ES,Towers with Radar,45,20,82,4,151,0,2,84,26,112,45,22,166,30,263,198,54,252,515
11/25/2020,PIE,FL,ASO,ES,Towers with Radar,57,12,48,3,120,0,2,53,12,67,57,14,101,15,187,108,0,108,295
11/26/2020,PIE,FL,ASO,ES,Towers with Radar,13,8,12,0,33,0,0,18,4,22,13,8,30,4,55,60,0,60,115
11/27/2020,PIE,FL,ASO,ES,Towers with Radar,40,16,55,1,112,0,2,50,2,54,40,18,105,3,166,118,0,118,284
11/28/2020,PIE,FL,ASO,ES,Towers with Radar,31,12,55,1,99,0,0,52,4,56,31,12,107,5,155,85,0,85,240
11/29/2020,PIE,FL,ASO,ES,Towers with Radar,61,16,70,4,151,0,0,51,4,55,61,16,121,8,206,88,0,88,294
11/30/2020,PIE,FL,ASO,ES,Towers with Radar,48,16,67,6,137,0,2,17,14,33,48,18,84,20,170,14,6,20,190
12/01/2020,PIE,FL,ASO,ES,Towers with Radar,2,10,91,5,108,0,0,63,33,96,2,10,154,38,204,147,4,151,355
12/02/2020,PIE,FL,ASO,ES,Towers with Radar,8,7,68,4,87,0,2,78,15,95,8,9,146,19,182,304,25,329,511
12/03/2020,PIE,FL,ASO,ES,Towers with Radar,43,16,54,7,120,0,0,92,24,116,43,16,146,31,236,221,16,237,473
12/04/2020,PIE,FL,ASO,ES,Towers with Radar,47,22,51,2,122,0,0,39,26,65,47,22,90,28,187,200,0,200,387
12/05/2020,PIE,FL,ASO,ES,Towers with Radar,12,11,35,2,60,0,1,62,5,68,12,12,97,7,128,66,0,66,194
12/06/2020,PIE,FL,ASO,ES,Towers with Radar,44,7,56,5,112,0,0,55,8,63,44,7,111,13,175,178,0,178,353
12/07/2020,PIE,FL,ASO,ES,Towers with Radar,53,15,40,6,114,0,0,16,11,27,53,15,56,17,141,3,24,27,168
12/08/2020,PIE,FL,ASO,ES,Towers with Radar,3,19,57,8,87,0,1,79,25,105,3,20,136,33,192,234,6,240,432
12/09/2020,PIE,FL,ASO,ES,Towers with Radar,7,19,80,4,110,0,5,89,32,126,7,24,169,36,236,315,6,321,557
12/10/2020,PIE,FL,ASO,ES,Towers with Radar,45,13,67,5,130,0,0,84,30,114,45,13,151,35,244,297,2,299,543
12/11/2020,PIE,FL,ASO,ES,Towers with Radar,46,19,78,4,147,0,0,90,18,108,46,19,168,22,255,276,0,276,531
12/12/2020,PIE,FL,ASO,ES,Towers with Radar,12,10,51,9,82,0,0,66,6,72,12,10,117,15,154,169,2,171,325
12/13/2020,PIE,FL,ASO,ES,Towers with Radar,43,15,64,0,122,0,0,61,8,69,43,15,125,8,191,147,0,147,338
12/14/2020,PIE,FL,ASO,ES,Towers with Radar,58,18,46,5,127,0,0,23,11,34,58,18,69,16,161,55,4,59,220
12/15/2020,PIE,FL,ASO,ES,Towers with Radar,1,13,94,6,114,0,0,114,31,145,1,13,208,37,259,286,7,293,552
12/16/2020,PIE,FL,ASO,ES,Towers with Radar,4,18,55,2,79,0,0,25,12,37,4,18,80,14,116,102,5,107,223
12/17/2020,PIE,FL,ASO,ES,Towers with Radar,32,23,73,7,135,0,1,54,16,71,32,24,127,23,206,183,0,183,389
12/18/2020,PIE,FL,ASO,ES,Towers with Radar,52,21,70,0,143,0,0,94,8,102,52,21,164,8,245,303,0,303,548
12/19/2020,PIE,FL,ASO,ES,Towers with Radar,49,9,60,0,118,0,1,105,8,114,49,10,165,8,232,179,8,187,419
12/20/2020,PIE,FL,ASO,ES,Towers with Radar,49,10,49,4,112,0,0,24,2,26,49,10,73,6,138,71,0,71,209
12/21/2020,PIE,FL,ASO,ES,Towers with Radar,57,11,63,7,138,0,0,99,4,103,57,11,162,11,241,232,0,232,473
12/22/2020,PIE,FL,ASO,ES,Towers with Radar,47,15,52,5,119,0,0,103,8,111,47,15,155,13,230,222,0,222,452
12/23/2020,PIE,FL,ASO,ES,Towers with Radar,50,16,60,2,128,0,4,88,6,98,50,20,148,8,226,109,0,109,335
12/24/2020,PIE,FL,ASO,ES,Towers with Radar,68,18,13,1,100,0,4,28,7,39,68,22,41,8,139,31,8,39,178
12/25/2020,PIE,FL,ASO,ES,Towers with Radar,7,4,7,0,18,0,0,9,1,10,7,4,16,1,28,0,0,0,28
12/26/2020,PIE,FL,ASO,ES,Towers with Radar,51,12,75,2,140,0,0,54,4,58,51,12,129,6,198,18,8,26,224
12/27/2020,PIE,FL,ASO,ES,Towers with Radar,62,18,69,2,151,0,2,59,4,65,62,20,128,6,216,38,2,40,256
12/28/2020,PIE,FL,ASO,ES,Towers with Radar,56,17,59,4,136,0,0,74,7,81,56,17,133,11,217,159,6,165,382
12/29/2020,PIE,FL,ASO,ES,Towers with Radar,45,17,58,6,126,0,0,76,4,80,45,17,134,10,206,79,0,79,285
12/30/2020,PIE,FL,ASO,ES,Towers with Radar,52,17,71,7,147,0,0,60,6,66,52,17,131,13,213,148,0,148,361
12/31/2020,PIE,FL,ASO,ES,Towers with Radar,65,12,47,2,126,0,0,37,5,42,65,12,84,7,168,0,0,0,168
01/01/2021,PIE,FL,ASO,ES,Towers with Radar,8,9,33,2,52,0,0,31,4,35,8,9,64,6,87,18,0,18,105
01/02/2021,PIE,FL,ASO,ES,Towers with Radar,54,11,91,10,166,0,0,10,2,12,54,11,101,12,178,0,6,6,184
01/03/2021,PIE,FL,ASO,ES,Towers with Radar,60,20,68,1,149,0,0,30,4,34,60,20,98,5,183,152,7,159,342
01/04/2021,PIE,FL,ASO,ES,Towers with Radar,44,20,72,3,139,0,1,83,12,96,44,21,155,15,235,290,4,294,529
01/05/2021,PIE,FL,ASO,ES,Towers with Radar,2,17,54,2,75,0,0,83,8,91,2,17,137,10,166,289,0,289,455
01/06/2021,PIE,FL,ASO,ES,Towers with Radar,17,24,70,3,114,0,2,86,29,117,17,26,156,32,231,214,10,224,455
01/07/2021,PIE,FL,ASO,ES,Towers with Radar,40,19,61,11,131,0,1,92,18,111,40,20,153,29,242,166,2,168,410
01/08/2021,PIE,FL,ASO,ES,Towers with Radar,40,11,44,33,128,0,3,44,26,73,40,14,88,59,201,36,16,52,253
01/09/2021,PIE,FL,ASO,ES,Towers with Radar,20,13,55,7,95,0,3,52,7,62,20,16,107,14,157,55,19,74,231
01/10/2021,PIE,FL,ASO,ES,Towers with Radar,41,25,59,17,142,0,0,83,11,94,41,25,142,28,236,149,14,163,399
01/11/2021,PIE,FL,ASO,ES,Towers with Radar,40,24,74,9,147,0,2,67,26,95,40,26,141,35,242,172,0,172,414
01/12/2021,PIE,FL,ASO,ES,Towers with Radar,0,12,41,16,69,0,0,20,19,39,0,12,61,35,108,150,41,191,299
01/13/2021,PIE,FL,ASO,ES,Towers with Radar,12,22,59,10,103,0,0,41,25,66,12,22,100,35,169,188,16,204,373
01/14/2021,PIE,FL,ASO,ES,Towers with Radar,41,16,78,12,147,0,1,82,29,112,41,17,160,41,259,286,32,318,577
01/15/2021,PIE,FL,ASO,ES,Towers with Radar,42,22,93,7,164,0,1,80,10,91,42,23,173,17,255,139,40,179,434
01/16/2021,PIE,FL,ASO,ES,Towers with Radar,18,9,52,8,87,0,0,44,4,48,18,9,96,12,135,107,0,107,242
01/17/2021,PIE,FL,ASO,ES,Towers with Radar,47,10,55,0,112,0,0,63,3,66,47,10,118,3,178,209,1,210,388
01/18/2021,PIE,FL,ASO,ES,Towers with Radar,44,24,62,5,135,0,2,66,2,70,44,26,128,7,205,174,0,174,379
01/19/2021,PIE,FL,ASO,ES,Towers with Radar,0,19,69,8,96,0,1,76,24,101,0,20,145,32,197,113,43,156,353
01/20/2021,PIE,FL,ASO,ES,Towers with Radar,8,11,69,4,92,5,0,67,14,86,13,11,136,18,178,94,0,94,272
01/21/2021,PIE,FL,ASO,ES,Towers with Radar,29,9,26,5,69,7,2,15,3,27,36,11,41,8,96,0,0,0,96
01/22/2021,PIE,FL,ASO,ES,Towers with Radar,23,6,43,5,77,7,1,23,1,32,30,7,66,6,109,0,0,0,109
01/23/2021,PIE,FL,ASO,ES,Towers with Radar,23,2,37,2,64,0,0,12,2,14,23,2,49,4,78,0,0,0,78
01/24/2021,PIE,FL,ASO,ES,Towers with Radar,31,7,24,1,63,5,0,9,0,14,36,7,33,1,77,0,0,0,77
01/25/2021,PIE,FL,ASO,ES,Towers with Radar,29,11,31,3,74,8,1,10,2,21,37,12,41,5,95,0,0,0,95
01/26/2021,PIE,FL,ASO,ES,Towers with Radar,0,6,44,5,55,0,0,8,1,9,0,6,52,6,64,0,0,0,64
01/27/2021,PIE,FL,ASO,ES,Towers with Radar,8,15,50,2,75,2,1,1,1,5,10,16,51,3,80,0,0,0,80
01/28/2021,PIE,FL,ASO,ES,Towers with Radar,26,5,33,5,69,9,2,17,2,30,35,7,50,7,99,0,0,0,99
01/29/2021,PIE,FL,ASO,ES,Towers with Radar,33,8,31,2,74,4,0,21,0,25,37,8,52,2,99,0,0,0,99
01/30/2021,PIE,FL,ASO,ES,Towers with Radar,12,4,16,0,32,3,0,24,0,27,15,4,40,0,59,0,0,0,59
01/31/2021,PIE,FL,ASO,ES,Towers with Radar,27,6,24,0,57,8,4,13,0,25,35,10,37,0,82,0,0,0,82
02/01/2021,PIE,FL,ASO,ES,Towers with Radar,23,4,21,5,53,10,1,6,3,20,33,5,27,8,73,0,0,0,73
02/02/2021,PIE,FL,ASO,ES,Towers with Radar,0,18,40,14,72,0,0,22,20,42,0,18,62,34,114,23,12,35,149
02/03/2021,PIE,FL,ASO,ES,Towers with Radar,18,8,55,4,85,0,0,49,15,64,18,8,104,19,149,52,4,56,205
02/04/2021,PIE,FL,ASO,ES,Towers with Radar,42,32,34,4,112,0,6,51,19,76,42,38,85,23,188,132,7,139,327
02/05/2021,PIE,FL,ASO,ES,Towers with Radar,46,23,53,4,126,0,0,27,9,36,46,23,80,13,162,14,10,24,186
02/06/2021,PIE,FL,ASO,ES,Towers with Radar,25,35,39,3,102,0,0,8,2,10,25,35,47,5,112,8,18,26,138
02/07/2021,PIE,FL,ASO,ES,Towers with Radar,43,25,45,2,115,0,0,9,5,14,43,25,54,7,129,2,6,8,137
02/08/2021,PIE,FL,ASO,ES,Towers with Radar,45,38,69,5,157,0,0,19,10,29,45,38,88,15,186,14,1,15,201
02/09/2021,PIE,FL,ASO,ES,Towers with Radar,1,12,89,3,105,0,1,45,19,65,1,13,134,22,170,170,2,172,342
02/10/2021,PIE,FL,ASO,ES,Towers with Radar,47,28,99,5,179,0,4,67,15,86,47,32,166,20,265,164,1,165,430
02/11/2021,PIE,FL,ASO,ES,Towers with Radar,46,24,130,5,205,0,5,73,14,92,46,29,203,19,297,100,48,148,445
02/12/2021,PIE,FL,ASO,ES,Towers with Radar,54,13,126,12,205,0,0,87,19,106,54,13,213,31,311,100,0,100,411
02/13/2021,PIE,FL,ASO,ES,Towers with Radar,51,22,29,3,105,0,0,30,2,32,51,22,59,5,137,70,4,74,211
02/14/2021,PIE,FL,ASO,ES,Towers with Radar,45,20,66,16,147,0,0,6,0,6,45,20,72,16,153,46,0,46,199
02/15/2021,PIE,FL,ASO,ES,Towers with Radar,41,20,56,2,119,0,2,23,1,26,41,22,79,3,145,74,0,74,219
02/16/2021,PIE,FL,ASO,ES,Towers with Radar,18,24,97,8,147,0,1,49,30,80,18,25,146,38,227,112,14,126,353
02/17/2021,PIE,FL,ASO,ES,Towers with Radar,43,8,103,11,165,0,0,45,29,74,43,8,148,40,239,293,15,308,547
02/18/2021,PIE,FL,ASO,ES,Towers with Radar,31,28,118,17,194,0,3,52,19,74,31,31,170,36,268,140,55,195,463
02/19/2021,PIE,FL,ASO,ES,Towers with Radar,56,14,32,16,118,0,0,2,5,7,56,14,34,21,125,7,8,15,140
02/20/2021,PIE,FL,ASO,ES,Towers with Radar,51,18,76,3,148,0,3,117,2,122,51,21,193,5,270,264,0,264,534
02/21/2021,PIE,FL,ASO,ES,Towers with Radar,47,27,48,5,127,0,1,57,6,64,47,28,105,11,191,56,0,56,247
02/22/2021,PIE,FL,ASO,ES,Towers with Radar,57,21,109,19,206,0,0,78,35,113,57,21,187,54,319,140,14,154,473
02/23/2021,PIE,FL,ASO,ES,Towers with Radar,15,18,83,15,131,0,9,114,24,147,15,27,197,39,278,218,14,232,510
02/24/2021,PIE,FL,ASO,ES,Towers with Radar,47,14,125,8,194,0,0,99,25,124,47,14,224,33,318,201,11,212,530
02/25/2021,PIE,FL,ASO,ES,Towers with Radar,49,15,91,17,172,0,2,92,23,117,49,17,183,40,289,257,12,269,558
02/26/2021,PIE,FL,ASO,ES,Towers with Radar,52,24,91,15,182,0,0,98,10,108,52,24,189,25,290,224,18,242,532
02/27/2021,PIE,FL,ASO,ES,Towers with Radar,49,25,74,8,156,0,3,77,2,82,49,28,151,10,238,162,0,162,400
02/28/2021,PIE,FL,ASO,ES,Towers with Radar,49,16,59,3,127,0,2,56,3,61,49,18,115,6,188,132,0,132,320
03/01/2021,PIE,FL,ASO,ES,Towers with Radar,58,20,75,7,160,0,2,64,13,79,58,22,139,20,239,190,2,192,431
03/02/2021,PIE,FL,ASO,ES,Towers with Radar,17,31,127,14,189,0,0,44,22,66,17,31,171,36,255,179,16,195,450
03/03/2021,PIE,FL,ASO,ES,Towers with Radar,60,18,68,13,159,0,1,18,11,30,60,19,86,24,189,27,29,56,245
03/04/2021,PIE,FL,ASO,ES,Towers with Radar,54,34,136,12,236,0,1,84,21,106,54,35,220,33,342,190,2,192,534
03/05/2021,PIE,FL,ASO,ES,Towers with Radar,58,28,66,18,170,0,7,102,29,138,58,35,168,47,308,242,8,250,558
03/06/2021,PIE,FL,ASO,ES,Towers with Radar,62,12,59,4,137,0,0,17,3,20,62,12,76,7,157,26,0,26,183
03/07/2021,PIE,FL,ASO,ES,Towers with Radar,50,15,76,8,149,0,0,66,12,78,50,15,142,20,227,83,0,83,310
03/08/2021,PIE,FL,ASO,ES,Towers with Radar,65,17,91,5,178,0,0,74,25,99,65,17,165,30,277,197,0,197,474
03/09/2021,PIE,FL,ASO,ES,Towers with Radar,33,23,58,4,118,0,2,65,31,98,33,25,123,35,216,198,10,208,424
03/10/2021,PIE,FL,ASO,ES,Towers with Radar,62,19,78,19,178,0,0,101,26,127,62,19,179,45,305,224,17,241,546
03/11/2021,PIE,FL,ASO,ES,Towers with Radar,55,19,72,15,161,0,0,82,16,98,55,19,154,31,259,129,31,160,419
03/12/2021,PIE,FL,ASO,ES,Towers with Radar,64,25,125,4,218,0,0,117,12,129,64,25,242,16,347,139,2,141,488
03/13/2021,PIE,FL,ASO,ES,Towers with Radar,70,22,73,2,167,0,1,72,5,78,70,23,145,7,245,53,0,53,298
03/14/2021,PIE,FL,ASO,ES,Towers with Radar,50,13,82,0,145,0,0,70,6,76,50,13,152,6,221,81,1,82,303
03/15/2021,PIE,FL,ASO,ES,Towers with Radar,60,22,81,4,167,0,2,109,17,128,60,24,190,21,295,194,0,194,489
03/16/2021,PIE,FL,ASO,ES,Towers with Radar,38,18,116,18,190,0,2,81,23,106,38,20,197,41,296,154,33,187,483
03/17/2021,PIE,FL,ASO,ES,Towers with Radar,56,32,99,8,195,0,2,74,40,116,56,34,173,48,311,104,0,104,415
03/18/2021,PIE,FL,ASO,ES,Towers with Radar,52,19,83,23,177,0,0,11,5,16,52,19,94,28,193,2,12,14,207
03/19/2021,PIE,FL,ASO,ES,Towers with Radar,61,26,121,2,210,0,3,48,20,71,61,29,169,22,281,116,23,139,420
03/20/2021,PIE,FL,ASO,ES,Towers with Radar,64,20,83,1,168,0,0,47,2,49,64,20,130,3,217,105,0,105,322
03/21/2021,PIE,FL,ASO,ES,Towers with Radar,51,20,80,3,154,0,0,31,2,33,51,20,111,5,187,38,12,50,237
03/22/2021,PIE,FL,ASO,ES,Towers with Radar,60,25,92,11,188,0,0,31,8,39,60,25,123,19,227,175,0,175,402
03/23/2021,PIE,FL,ASO,ES,Towers with Radar,36,24,85,5,150,0,0,80,20,100,36,24,165,25,250,240,28,268,518
03/24/2021,PIE,FL,ASO,ES,Towers with Radar,57,16,94,23,190,0,1,92,27,120,57,17,186,50,310,166,4,170,480
03/25/2021,PIE,FL,ASO,ES,Towers with Radar,54,30,102,16,202,0,0,89,21,110,54,30,191,37,312,146,9,155,467
03/26/2021,PIE,FL,ASO,ES,Towers with Radar,56,30,113,46,245,0,2,84,31,117,56,32,197,77,362,108,69,177,539
03/27/2021,PIE,FL,ASO,ES,Towers with Radar,60,21,70,2,153,0,4,61,4,69,60,25,131,6,222,86,8,94,316
03/28/2021,PIE,FL,ASO,ES,Towers with Radar,47,20,68,7,142,0,0,41,8,49,47,20,109,15,191,64,0,64,255
03/29/2021,PIE,FL,ASO,ES,Towers with Radar,65,21,78,13,177,0,0,32,25,57,65,21,110,38,234,69,26,95,329
03/30/2021,PIE,FL,ASO,ES,Towers with Radar,32,29,88,10,159,0,0,73,29,102,32,29,161,39,261,112,19,131,392
03/31/2021,PIE,FL,ASO,ES,Towers with Radar,55,26,100,11,192,0,0,78,21,99,55,26,178,32,291,152,4,156,447
04/01/2021,PIE,FL,ASO,ES,Towers with Radar,51,22,96,15,184,0,0,33,14,47,51,22,129,29,231,41,0,41,272
04/02/2021,PIE,FL,ASO,ES,Towers with Radar,63,18,65,8,154,0,0,73,8,81,63,18,138,16,235,85,0,85,320
04/03/2021,PIE,FL,ASO,ES,Towers with Radar,69,21,72,5,167,0,0,77,3,80,69,21,149,8,247,76,4,80,327
04/04/2021,PIE,FL,ASO,ES,Towers with Radar,49,13,63,2,127,0,2,51,3,56,49,15,114,5,183,129,0,129,312
04/05/2021,PIE,FL,ASO,ES,Towers with Radar,61,18,81,8,168,0,0,86,12,98,61,18,167,20,266,163,6,169,435
04/06/2021,PIE,FL,ASO,ES,Towers with Radar,25,22,100,12,159,0,0,83,27,110,25,22,183,39,269,233,18,251,520
04/07/2021,PIE,FL,ASO,ES,Towers with Radar,57,13,84,6,160,1,3,104,19,127,58,16,188,25,287,220,2,222,509
04/08/2021,PIE,FL,ASO,ES,Towers with Radar,51,13,99,2,165,0,4,74,24,102,51,17,173,26,267,137,5,142,409
04/09/2021,PIE,FL,ASO,ES,Towers with Radar,61,22,96,6,185,0,0,94,7,101,61,22,190,13,286,177,14,191,477
04/10/2021,PIE,FL,ASO,ES,Towers with Radar,63,9,48,0,120,0,1,46,5,52,63,10,94,5,172,43,0,43,215
04/11/2021,PIE,FL,ASO,ES,Towers with Radar,44,16,56,0,116,0,0,2,2,4,44,16,58,2,120,0,0,0,120
04/12/2021,PIE,FL,ASO,ES,Towers with Radar,59,19,98,7,183,0,0,56,20,76,59,19,154,27,259,264,0,264,523
04/13/2021,PIE,FL,ASO,ES,Towers with Radar,12,18,80,10,120,0,0,66,28,94,12,18,146,38,214,204,4,208,422
04/14/2021,PIE,FL,ASO,ES,Towers with Radar,26,21,83,7,137,0,1,97,28,126,26,22,180,35,263,147,2,149,412
04/15/2021,PIE,FL,ASO,ES,Towers with Radar,50,37,84,11,182,0,1,65,30,96,50,38,149,41,278,117,6,123,401
04/16/2021,PIE,FL,ASO,ES,Towers with Radar,53,24,80,8,165,0,1,30,20,51,53,25,110,28,216,39,8,47,263
04/17/2021,PIE,FL,ASO,ES,Towers with Radar,30,18,51,2,101,0,0,25,10,35,30,18,76,12,136,34,0,34,170
04/18/2021,PIE,FL,ASO,ES,Towers with Radar,44,13,66,5,128,0,0,34,3,37,44,13,100,8,165,73,0,73,238
04/19/2021,PIE,FL,ASO,ES,Towers with Radar,53,19,51,7,130,0,0,14,5,19,53,19,65,12,149,10,69,79,228
04/20/2021,PIE,FL,ASO,ES,Towers with Radar,8,20,42,15,85,0,0,13,8,21,8,20,55,23,106,64,24,88,194
04/21/2021,PIE,FL,ASO,ES,Towers with Radar,21,26,103,6,156,0,0,89,17,106,21,26,192,23,262,306,2,308,570
04/22/2021,PIE,FL,ASO,ES,Towers with Radar,50,28,123,7,208,0,1,89,28,118,50,29,212,35,326,199,4,203,529
04/23/2021,PIE,FL,ASO,ES,Towers with Radar,55,36,120,3,214,0,2,76,12,90,55,38,196,15,304,198,0,198,502
04/24/2021,PIE,FL,ASO,ES,Towers with Radar,33,32,62,2,129,0,0,27,4,31,33,32,89,6,160,53,0,53,213
04/25/2021,PIE,FL,ASO,ES,Towers with Radar,53,43,106,3,205,0,1,25,1,27,53,44,131,4,232,12,0,12,244
04/26/2021,PIE,FL,ASO,ES,Towers with Radar,52,21,92,12,177,0,2,83,10,95,52,23,175,22,272,294,0,294,566
04/27/2021,PIE,FL,ASO,ES,Towers with Radar,6,34,79,9,128,0,0,66,17,83,6,34,145,26,211,280,21,301,512
04/28/2021,PIE,FL,ASO,ES,Towers with Radar,18,13,80,9,120,0,3,85,21,109,18,16,165,30,229,260,33,293,522
04/29/2021,PIE,FL,ASO,ES,Towers with Radar,51,14,122,5,192,0,2,100,27,129,51,16,222,32,321,258,13,271,592
04/30/2021,PIE,FL,ASO,ES,Towers with Radar,49,31,70,1,151,0,0,73,4,77,49,31,143,5,228,182,4,186,414
05/01/2021,PIE,FL,ASO,ES,Towers with Radar,24,21,37,2,84,0,1,53,3,57,24,22,90,5,141,122,0,122,263
05/02/2021,PIE,FL,ASO,ES,Towers with Radar,56,30,69,2,157,0,0,42,5,47,56,30,111,7,204,83,5,88,292
05/03/2021,PIE,FL,ASO,ES,Towers with Radar,53,23,73,9,158,0,0,96,12,108,53,23,169,21,266,180,10,190,456
05/04/2021,PIE,FL,ASO,ES,Towers with Radar,2,18,110,6,136,0,2,96,7,105,2,20,206,13,241,183,2,185,426
05/05/2021,PIE,FL,ASO,ES,Towers with Radar,12,19,137,6,174,0,1,56,7,64,12,20,193,13,238,171,0,171,409
05/06/2021,PIE,FL,ASO,ES,Towers with Radar,51,18,75,4,148,0,0,54,2,56,51,18,129,6,204,176,0,176,380
05/07/2021,PIE,FL,ASO,ES,Towers with Radar,53,14,82,27,176,0,0,62,18,80,53,14,144,45,256,144,25,169,425
05/08/2021,PIE,FL,ASO,ES,Towers with Radar,25,11,36,20,92,0,0,72,5,77,25,11,108,25,169,104,12,116,285
05/09/2021,PIE,FL,ASO,ES,Towers with Radar,50,14,77,18,159,0,0,36,7,43,50,14,113,25,202,110,30,140,342
05/10/2021,PIE,FL,ASO,ES,Towers with Radar,50,18,74,5,147,0,2,67,21,90,50,20,141,26,237,156,34,190,427
05/11/2021,PIE,FL,ASO,ES,Towers with Radar,4,7,55,10,76,0,0,76,28,104,4,7,131,38,180,193,38,231,411
05/12/2021,PIE,FL,ASO,ES,Towers with Radar,16,12,110,9,147,0,1,114,16,131,16,13,224,25,278,280,6,286,564
05/13/2021,PIE,FL,ASO,ES,Towers with Radar,54,22,69,12,157,0,0,48,28,76,54,22,117,40,233,124,22,146,379
05/14/2021,PIE,FL,ASO,ES,Towers with Radar,49,9,92,5,155,0,1,93,16,110,49,10,185,21,265,187,0,187,452
05/15/2021,PIE,FL,ASO,ES,Towers with Radar,27,18,57,4,106,0,0,53,2,55,27,18,110,6,161,121,0,121,282
05/16/2021,PIE,FL,ASO,ES,Towers with Radar,53,14,60,3,130,0,0,55,5,60,53,14,115,8,190,36,18,54,244
05/17/2021,PIE,FL,ASO,ES,Towers with Radar,51,34,70,9,164,0,0,76,8,84,51,34,146,17,248,241,6,247,495
05/18/2021,PIE,FL,ASO,ES,Towers with Radar,4,24,77,5,110,0,1,59,18,78,4,25,136,23,188,157,7,164,352
05/19/2021,PIE,FL,ASO,ES,Towers with Radar,13,19,77,4,113,0,1,43,15,59,13,20,120,19,172,85,11,96,268
05/20/2021,PIE,FL,ASO,ES,Towers with Radar,50,25,72,7,154,0,1,29,22,52,50,26,101,29,206,91,34,125,331
05/21/2021,PIE,FL,ASO,ES,Towers with Radar,55,18,67,7,147,0,0,52,26,78,55,18,119,33,225,134,0,134,359
05/22/2021,PIE,FL,ASO,ES,Towers with Radar,24,13,37,1,75,0,0,73,1,74,24,13,110,2,149,100,0,100,249
05/23/2021,PIE,FL,ASO,ES,Towers with Radar,47,22,56,3,128,0,2,71,9,82,47,24,127,12,210,184,12,196,406
05/24/2021,PIE,FL,ASO,ES,Towers with Radar,55,21,59,11,146,0,0,74,18,92,55,21,133,29,238,216,12,228,466
05/25/2021,PIE,FL,ASO,ES,Towers with Radar,2,15,69,10,96,0,2,77,26,105,2,17,146,36,201,172,32,204,405
05/26/2021,PIE,FL,ASO,ES,Towers with Radar,24,23,86,3,136,0,1,93,16,110,24,24,179,19,246,294,14,308,554
05/27/2021,PIE,FL,ASO,ES,Towers with Radar,52,16,101,9,178,0,1,88,24,113,52,17,189,33,291,211,24,235,526
05/28/2021,PIE,FL,ASO,ES,Towers with Radar,52,19,105,4,180,0,2,83,7,92,52,21,188,11,272,247,16,263,535
05/29/2021,PIE,FL,ASO,ES,Towers with Radar,60,15,57,7,139,0,0,42,2,44,60,15,99,9,183,128,0,128,311
05/30/2021,PIE,FL,ASO,ES,Towers with Radar,57,6,49,3,115,0,0,33,1,34,57,6,82,4,149,23,0,23,172
05/31/2021,PIE,FL,ASO,ES,Towers with Radar,50,13,62,0,125,0,0,45,8,53,50,13,107,8,178,176,0,176,354
06/01/2021,PIE,FL,ASO,ES,Towers with Radar,20,21,52,7,100,0,0,68,19,87,20,21,120,26,187,279,14,293,480
06/02/2021,PIE,FL,ASO,ES,Towers with Radar,47,13,91,7,158,0,0,48,15,63,47,13,139,22,221,254,26,280,501
06/03/2021,PIE,FL,ASO,ES,Towers with Radar,47,15,102,7,171,0,0,63,7,70,47,15,165,14,241,246,3,249,490
06/04/2021,PIE,FL,ASO,ES,Towers with Radar,52,17,75,25,169,0,0,28,8,36,52,17,103,33,205,146,0,146,351
06/05/2021,PIE,FL,ASO,ES,Towers with Radar,54,7,56,1,118,0,0,49,5,54,54,7,105,6,172,120,2,122,294
06/06/2021,PIE,FL,ASO,ES,Towers with Radar,51,13,65,9,138,0,0,48,5,53,51,13,113,14,191,84,0,84,275
06/07/2021,PIE,FL,ASO,ES,Towers with Radar,55,18,74,9,156,0,2,43,9,54,55,20,117,18,210,248,0,248,458
06/08/2021,PIE,FL,ASO,ES,Towers with Radar,21,10,64,8,103,0,0,74,10,84,21,10,138,18,187,287,0,287,474
06/09/2021,PIE,FL,ASO,ES,Towers with Radar,43,28,62,13,146,0,0,86,12,98,43,28,148,25,244,235,12,247,491
06/10/2021,PIE,FL,ASO,ES,Towers with Radar,52,33,85,16,186,0,0,86,18,104,52,33,171,34,290,319,8,327,617
06/11/2021,PIE,FL,ASO,ES,Towers with Radar,58,13,86,0,157,0,0,107,6,113,58,13,193,6,270,231,0,231,501
06/12/2021,PIE,FL,ASO,ES,Towers with Radar,56,13,51,3,123,0,0,46,2,48,56,13,97,5,171,63,0,63,234
06/13/2021,PIE,FL,ASO,ES,Towers with Radar,58,10,56,1,125,0,0,25,3,28,58,10,81,4,153,90,0,90,243
06/14/2021,PIE,FL,ASO,ES,Towers with Radar,53,16,61,5,135,0,0,46,15,61,53,16,107,20,196,164,2,166,362
06/15/2021,PIE,FL,ASO,ES,Towers with Radar,26,9,81,5,121,0,0,49,15,64,26,9,130,20,185,253,0,253,438
06/16/2021,PIE,FL,ASO,ES,Towers with Radar,46,15,59,7,127,0,0,52,10,62,46,15,111,17,189,158,4,162,351
06/17/2021,PIE,FL,ASO,ES,Towers with Radar,54,15,88,7,164,0,0,65,21,86,54,15,153,28,250,187,4,191,441
06/18/2021,PIE,FL,ASO,ES,Towers with Radar,54,20,97,8,179,0,2,62,13,77,54,22,159,21,256,245,4,249,505
06/19/2021,PIE,FL,ASO,ES,Towers with Radar,52,15,77,2,146,0,0,80,3,83,52,15,157,5,229,143,0,143,372
06/20/2021,PIE,FL,ASO,ES,Towers with Radar,54,18,65,1,138,0,0,30,6,36,54,18,95,7,174,167,0,167,341
06/21/2021,PIE,FL,ASO,ES,Towers with Radar,53,15,68,9,145,0,0,45,7,52,53,15,113,16,197,261,28,289,486
06/22/2021,PIE,FL,ASO,ES,Towers with Radar,32,17,63,9,121,0,0,61,13,74,32,17,124,22,195,149,4,153,348
06/23/2021,PIE,FL,ASO,ES,Towers with Radar,50,14,56,3,123,0,0,67,12,79,50,14,123,15,202,188,6,194,396
06/24/2021,PIE,FL,ASO,ES,Towers with Radar,50,13,57,6,126,0,0,50,13,63,50,13,107,19,189,202,4,206,395
06/25/2021,PIE,FL,ASO,ES,Towers with Radar,52,17,71,4,144,0,0,58,5,63,52,17,129,9,207,212,0,212,419
06/26/2021,PIE,FL,ASO,ES,Towers with Radar,54,13,61,4,132,0,1,46,3,50,54,14,107,7,182,85,0,85,267
06/27/2021,PIE,FL,ASO,ES,Towers with Radar,47,16,63,3,129,0,0,75,6,81,47,16,138,9,210,147,0,147,357
06/28/2021,PIE,FL,ASO,ES,Towers with Radar,59,16,45,4,124,0,0,77,22,99,59,16,122,26,223,176,4,180,403
06/29/2021,PIE,FL,ASO,ES,Towers with Radar,34,18,42,4,98,0,0,60,12,72,34,18,102,16,170,174,13,187,357
06/30/2021,PIE,FL,ASO,ES,Towers with Radar,49,14,73,6,142,0,0,36,15,51,49,14,109,21,193,160,3,163,356
07/01/2021,PIE,FL,ASO,ES,Towers with Radar,52,33,89,4,178,0,0,41,16,57,52,33,130,20,235,282,4,286,521
07/02/2021,PIE,FL,ASO,ES,Towers with Radar,58,21,57,4,140,0,0,27,1,28,58,21,84,5,168,140,0,140,308
07/03/2021,PIE,FL,ASO,ES,Towers with Radar,53,9,25,0,87,0,0,10,1,11,53,9,35,1,98,41,0,41,139
07/04/2021,PIE,FL,ASO,ES,Towers with Radar,57,6,28,3,94,0,0,35,5,40,57,6,63,8,134,91,0,91,225
07/05/2021,PIE,FL,ASO,ES,Towers with Radar,59,15,55,3,132,0,1,38,9,48,59,16,93,12,180,60,2,62,242
07/06/2021,PIE,FL,ASO,ES,Towers with Radar,32,6,7,7,52,0,0,10,4,14,32,6,17,11,66,22,0,22,88
07/07/2021,PIE,FL,ASO,ES,Towers with Radar,46,8,26,3,83,0,0,15,3,18,46,8,41,6,101,32,0,32,133
07/08/2021,PIE,FL,ASO,ES,Towers with Radar,55,14,84,13,166,0,2,63,9,74,55,16,147,22,240,342,4,346,586
07/09/2021,PIE,FL,ASO,ES,Towers with Radar,59,22,77,3,161,0,2,102,9,113,59,24,179,12,274,267,0,267,541
07/10/2021,PIE,FL,ASO,ES,Towers with Radar,56,20,36,7,119,0,2,84,2,88,56,22,120,9,207,161,0,161,368
07/11/2021,PIE,FL,ASO,ES,Towers with Radar,54,17,68,12,151,0,0,42,5,47,54,17,110,17,198,113,0,113,311
07/12/2021,PIE,FL,ASO,ES,Towers with Radar,55,21,62,5,143,0,0,49,4,53,55,21,111,9,196,161,0,161,357
07/13/2021,PIE,FL,ASO,ES,Towers with Radar,30,13,49,8,100,0,0,56,14,70,30,13,105,22,170,211,2,213,383
07/14/2021,PIE,FL,ASO,ES,Towers with Radar,50,16,90,8,164,0,0,59,15,74,50,16,149,23,238,174,18,192,430
07/15/2021,PIE,FL,ASO,ES,Towers with Radar,51,16,83,17,167,0,0,74,17,91,51,16,157,34,258,232,2,234,492
07/16/2021,PIE,FL,ASO,ES,Towers with Radar,55,14,63,11,143,0,2,81,14,97,55,16,144,25,240,208,20,228,468
07/17/2021,PIE,FL,ASO,ES,Towers with Radar,52,12,45,4,113,0,0,82,10,92,52,12,127,14,205,138,0,138,343
07/18/2021,PIE,FL,ASO,ES,Towers with Radar,53,6,63,13,135,0,1,63,12,76,53,7,126,25,211,100,12,112,323
07/19/2021,PIE,FL,ASO,ES,Towers with Radar,56,15,61,3,135,0,0,83,23,106,56,15,144,26,241,184,26,210,451
07/20/2021,PIE,FL,ASO,ES,Towers with Radar,29,16,68,17,130,0,3,123,21,147,29,19,191,38,277,217,12,229,506
07/21/2021,PIE,FL,ASO,ES,Towers with Radar,53,26,69,9,157,0,0,63,22,85,53,26,132,31,242,233,8,241,483
07/22/2021,PIE,FL,ASO,ES,Towers with Radar,45,20,79,9,153,0,0,88,12,100,45,20,167,21,253,264,18,282,535
07/23/2021,PIE,FL,ASO,ES,Towers with Radar,56,10,78,27,171,0,2,63,13,78,56,12,141,40,249,239,21,260,509
07/24/2021,PIE,FL,ASO,ES,Towers with Radar,54,11,57,4,126,0,0,40,7,47,54,11,97,11,173,144,11,155,328
07/25/2021,PIE,FL,ASO,ES,Towers with Radar,51,11,49,8,119,0,0,60,5,65,51,11,109,13,184,155,1,156,340
07/26/2021,PIE,FL,ASO,ES,Towers with Radar,56,14,47,7,124,0,4,67,20,91,56,18,114,27,215,277,15,292,507
07/27/2021,PIE,FL,ASO,ES,Towers with Radar,26,15,63,8,112,0,0,53,24,77,26,15,116,32,189,173,30,203,392
07/28/2021,PIE,FL,ASO,ES,Towers with Radar,42,11,37,9,99,0,0,20,20,40,42,11,57,29,139,125,34,159,298
07/29/2021,PIE,FL,ASO,ES,Towers with Radar,51,14,48,14,127,0,0,46,22,68,51,14,94,36,195,132,14,146,341
07/30/2021,PIE,FL,ASO,ES,Towers with Radar,57,19,70,7,153,0,2,70,18,90,57,21,140,25,243,210,10,220,463
07/31/2021,PIE,FL,ASO,ES,Towers with Radar,51,19,71,2,143,0,2,41,2,45,51,21,112,4,188,164,0,164,352
08/01/2021,PIE,FL,ASO,ES,Towers with Radar,54,14,81,2,151,0,0,33,3,36,54,14,114,5,187,125,0,125,312
08/02/2021,PIE,FL,ASO,ES,Towers with Radar,50,8,48,7,113,0,0,48,19,67,50,8,96,26,180,183,23,206,386
08/03/2021,PIE,FL,ASO,ES,Towers with Radar,17,5,33,7,62,0,0,23,9,32,17,5,56,16,94,48,16,64,158
08/04/2021,PIE,FL,ASO,ES,Towers with Radar,42,10,40,12,104,0,0,20,15,35,42,10,60,27,139,82,6,88,227
08/05/2021,PIE,FL,ASO,ES,Towers with Radar,51,18,60,3,132,0,0,33,9,42,51,18,93,12,174,118,1,119,293
08/06/2021,PIE,FL,ASO,ES,Towers with Radar,53,20,120,6,199,0,0,102,9,111,53,20,222,15,310,107,16,123,433
08/07/2021,PIE,FL,ASO,ES,Towers with Radar,48,7,59,14,128,0,0,88,0,88,48,7,147,14,216,206,0,206,422
08/08/2021,PIE,FL,ASO,ES,Towers with Radar,47,14,83,3,147,0,1,55,6,62,47,15,138,9,209,152,0,152,361
08/09/2021,PIE,FL,ASO,ES,Towers with Radar,53,12,63,9,137,0,1,64,11,76,53,13,127,20,213,184,18,202,415
08/10/2021,PIE,FL,ASO,ES,Towers with Radar,12,8,68,12,100,0,0,60,15,75,12,8,128,27,175,166,0,166,341
08/11/2021,PIE,FL,ASO,ES,Towers with Radar,34,13,47,8,102,0,0,77,20,97,34,13,124,28,199,169,28,197,396
08/12/2021,PIE,FL,ASO,ES,Towers with Radar,40,9,79,4,132,0,0,60,17,77,40,9,139,21,209,122,8,130,339
08/13/2021,PIE,FL,ASO,ES,Towers with Radar,47,18,58,7,130,0,0,68,11,79,47,18,126,18,209,97,26,123,332
08/14/2021,PIE,FL,ASO,ES,Towers with Radar,44,5,27,3,79,0,0,46,1,47,44,5,73,4,126,130,0,130,256
08/15/2021,PIE,FL,ASO,ES,Towers with Radar,46,4,26,5,81,0,0,12,0,12,46,4,38,5,93,2,0,2,95
08/16/2021,PIE,FL,ASO,ES,Towers with Radar,56,9,55,8,128,0,0,9,26,35,56,9,64,34,163,100,12,112,275
08/17/2021,PIE,FL,ASO,ES,Towers with Radar,3,9,105,6,123,0,0,60,30,90,3,9,165,36,213,223,25,248,461
08/18/2021,PIE,FL,ASO,ES,Towers with Radar,6,17,86,0,109,0,0,77,14,91,6,17,163,14,200,199,0,199,399
08/19/2021,PIE,FL,ASO,ES,Towers with Radar,37,10,74,10,131,0,0,81,11,92,37,10,155,21,223,151,29,180,403
08/20/2021,PIE,FL,ASO,ES,Towers with Radar,46,8,66,4,124,0,0,45,12,57,46,8,111,16,181,85,0,85,266
08/21/2021,PIE,FL,ASO,ES,Towers with Radar,14,10,37,6,67,0,0,63,2,65,14,10,100,8,132,174,0,174,306
08/22/2021,PIE,FL,ASO,ES,Towers with Radar,38,13,60,6,117,0,2,56,6,64,38,15,116,12,181,82,0,82,263
08/23/2021,PIE,FL,ASO,ES,Towers with Radar,44,15,43,8,110,0,0,43,13,56,44,15,86,21,166,136,1,137,303
08/24/2021,PIE,FL,ASO,ES,Towers with Radar,4,10,62,11,87,0,0,59,23,82,4,10,121,34,169,157,6,163,332
08/25/2021,PIE,FL,ASO,ES,Towers with Radar,6,18,58,10,92,0,0,61,10,71,6,18,119,20,163,123,4,127,290
08/26/2021,PIE,FL,ASO,ES,Towers with Radar,35,23,66,10,134,0,0,63,12,75,35,23,129,22,209,232,18,250,459
08/27/2021,PIE,FL,ASO,ES,Towers with Radar,44,15,73,1,133,0,2,52,10,64,44,17,125,11,197,185,0,185,382
08/28/2021,PIE,FL,ASO,ES,Towers with Radar,14,17,27,1,59,0,0,42,3,45,14,17,69,4,104,44,0,44,148
08/29/2021,PIE,FL,ASO,ES,Towers with Radar,36,14,53,3,106,0,0,37,2,39,36,14,90,5,145,44,0,44,189
08/30/2021,PIE,FL,ASO,ES,Towers with Radar,40,16,51,4,111,0,5,63,14,82,40,21,114,18,193,166,2,168,361
08/31/2021,PIE,FL,ASO,ES,Towers with Radar,6,12,69,7,94,0,0,45,17,62,6,12,114,24,156,379,1,380,536
09/01/2021,PIE,FL,ASO,ES,Towers with Radar,4,15,42,3,64,0,0,4,5,9,4,15,46,8,73,0,12,12,85
09/02/2021,PIE,FL,ASO,ES,Towers with Radar,34,25,40,6,105,0,0,24,20,44,34,25,64,26,149,121,30,151,300
09/03/2021,PIE,FL,ASO,ES,Towers with Radar,58,16,86,2,162,0,0,43,1,44,58,16,129,3,206,238,0,238,444
09/04/2021,PIE,FL,ASO,ES,Towers with Radar,14,14,59,3,90,0,0,52,1,53,14,14,111,4,143,70,30,100,243
09/05/2021,PIE,FL,ASO,ES,Towers with Radar,37,4,63,2,106,0,0,71,6,77,37,4,134,8,183,179,1,180,363
09/06/2021,PIE,FL,ASO,ES,Towers with Radar,58,22,84,1,165,0,0,63,4,67,58,22,147,5,232,130,0,130,362
09/07/2021,PIE,FL,ASO,ES,Towers with Radar,6,13,48,8,75,0,2,35,10,47,6,15,83,18,122,205,6,211,333
09/08/2021,PIE,FL,ASO,ES,Towers with Radar,5,16,83,9,113,0,1,65,17,83,5,17,148,26,196,215,20,235,431
09/09/2021,PIE,FL,ASO,ES,Towers with Radar,41,15,71,7,134,0,0,39,18,57,41,15,110,25,191,56,10,66,257
09/10/2021,PIE,FL,ASO,ES,Towers with Radar,41,12,88,18,159,0,2,68,17,87,41,14,156,35,246,158,49,207,453
09/11/2021,PIE,FL,ASO,ES,Towers with Radar,6,13,47,9,75,0,0,66,21,87,6,13,113,30,162,201,4,205,367
09/12/2021,PIE,FL,ASO,ES,Towers with Radar,39,10,50,6,105,0,2,52,6,60,39,12,102,12,165,62,0,62,227
09/13/2021,PIE,FL,ASO,ES,Towers with Radar,40,16,44,11,111,0,0,64,23,87,40,16,108,34,198,134,37,171,369
09/14/2021,PIE,FL,ASO,ES,Towers with Radar,0,18,44,10,72,0,0,49,21,70,0,18,93,31,142,150,49,199,341
09/15/2021,PIE,FL,ASO,ES,Towers with Radar,4,17,50,10,81,0,0,62,24,86,4,17,112,34,167,157,44,201,368
09/16/2021,PIE,FL,ASO,ES,Towers with Radar,36,12,45,17,110,0,0,30,16,46,36,12,75,33,156,120,18,138,294
09/17/2021,PIE,FL,ASO,ES,Towers with Radar,39,5,54,3,101,0,0,27,7,34,39,5,81,10,135,68,8,76,211
09/18/2021,PIE,FL,ASO,ES,Towers with Radar,12,10,35,2,59,0,0,31,5,36,12,10,66,7,95,96,60,156,251
09/19/2021,PIE,FL,ASO,ES,Towers with Radar,35,5,53,5,98,0,0,37,7,44,35,5,90,12,142,35,0,35,177
09/20/2021,PIE,FL,ASO,ES,Towers with Radar,38,11,48,7,104,0,0,52,20,72,38,11,100,27,176,169,22,191,367
09/21/2021,PIE,FL,ASO,ES,Towers with Radar,4,20,98,8,130,0,2,69,16,87,4,22,167,24,217,228,1,229,446
09/22/2021,PIE,FL,ASO,ES,Towers with Radar,6,18,72,9,105,0,1,70,20,91,6,19,142,29,196,186,5,191,387
09/23/2021,PIE,FL,ASO,ES,Towers with Radar,39,23,73,21,156,0,2,56,13,71,39,25,129,34,227,113,22,135,362
09/24/2021,PIE,FL,ASO,ES,Towers with Radar,44,16,87,5,152,0,5,97,16,118,44,21,184,21,270,289,0,289,559
09/25/2021,PIE,FL,ASO,ES,Towers with Radar,8,17,46,0,71,0,0,79,6,85,8,17,125,6,156,148,0,148,304
09/26/2021,PIE,FL,ASO,ES,Towers with Radar,38,14,55,4,111,0,0,85,1,86,38,14,140,5,197,109,0,109,306
09/27/2021,PIE,FL,ASO,ES,Towers with Radar,44,17,54,8,123,0,0,58,19,77,44,17,112,27,200,297,12,309,509
09/28/2021,PIE,FL,ASO,ES,Towers with Radar,0,28,54,8,90,0,0,95,19,114,0,28,149,27,204,241,4,245,449
09/29/2021,PIE,FL,ASO,ES,Towers with Radar,11,22,56,11,100,0,0,75,21,96,11,22,131,32,196,220,20,240,436
09/30/2021,PIE,FL,ASO,ES,Towers with Radar,40,28,74,6,148,0,3,67,14,84,40,31,141,20,232,234,16,250,482
10/01/2021,PIE,FL,ASO,ES,Towers with Radar,44,22,82,7,155,0,4,74,11,89,44,26,156,18,244,220,40,260,504
10/02/2021,PIE,FL,ASO,ES,Towers with Radar,14,24,41,4,83,0,0,61,4,65,14,24,102,8,148,90,10,100,248
10/03/2021,PIE,FL,ASO,ES,Towers with Radar,39,20,84,3,146,0,0,47,3,50,39,20,131,6,196,83,0,83,279
10/04/2021,PIE,FL,ASO,ES,Towers with Radar,43,23,82,15,163,0,0,62,12,74,43,23,144,27,237,152,6,158,395
10/05/2021,PIE,FL,ASO,ES,Towers with Radar,12,13,69,3,97,0,4,76,22,102,12,17,145,25,199,183,51,234,433
10/06/2021,PIE,FL,ASO,ES,Towers with Radar,37,14,79,5,135,0,0,90,22,112,37,14,169,27,247,179,10,189,436
10/07/2021,PIE,FL,ASO,ES,Towers with Radar,49,12,89,6,156,0,0,57,18,75,49,12,146,24,231,269,10,279,510
10/08/2021,PIE,FL,ASO,ES,Towers with Radar,39,36,56,5,136,0,0,40,4,44,39,36,96,9,180,128,18,146,326
10/09/2021,PIE,FL,ASO,ES,Towers with Radar,44,13,49,0,106,0,0,80,5,85,44,13,129,5,191,100,0,100,291
10/10/2021,PIE,FL,ASO,ES,Towers with Radar,46,29,70,0,145,0,0,60,9,69,46,29,130,9,214,94,0,94,308
10/11/2021,PIE,FL,ASO,ES,Towers with Radar,42,12,65,1,120,0,0,74,7,81,42,12,139,8,201,173,0,173,374
10/12/2021,PIE,FL,ASO,ES,Towers with Radar,28,27,73,12,140,0,0,77,31,108,28,27,150,43,248,199,3,202,450
10/13/2021,PIE,FL,ASO,ES,Towers with Radar,32,26,55,9,122,0,0,42,21,63,32,26,97,30,185,242,4,246,431
10/14/2021,PIE,FL,ASO,ES,Towers with Radar,43,24,64,9,140,0,1,104,24,129,43,25,168,33,269,195,2,197,466
10/15/2021,PIE,FL,ASO,ES,Towers with Radar,49,28,77,13,167,0,0,75,11,86,49,28,152,24,253,189,0,189,442
10/16/2021,PIE,FL,ASO,ES,Towers with Radar,43,22,56,4,125,0,1,78,2,81,43,23,134,6,206,46,0,46,252
10/17/2021,PIE,FL,ASO,ES,Towers with Radar,43,30,64,1,138,0,0,48,4,52,43,30,112,5,190,73,0,73,263
10/18/2021,PIE,FL,ASO,ES,Towers with Radar,47,20,92,11,170,0,0,65,16,81,47,20,157,27,251,149,5,154,405
10/19/2021,PIE,FL,ASO,ES,Towers with Radar,21,30,81,10,142,0,1,86,19,106,21,31,167,29,248,209,0,209,457
10/20/2021,PIE,FL,ASO,ES,Towers with Radar,28,16,84,11,139,0,0,72,24,96,28,16,156,35,235,143,23,166,401
10/21/2021,PIE,FL,ASO,ES,Towers with Radar,46,21,86,9,162,0,2,81,32,115,46,23,167,41,277,210,8,218,495
10/22/2021,PIE,FL,ASO,ES,Towers with Radar,40,22,81,4,147,0,0,75,25,100,40,22,156,29,247,138,16,154,401
10/23/2021,PIE,FL,ASO,ES,Towers with Radar,36,11,58,2,107,0,0,78,15,93,36,11,136,17,200,176,0,176,376
10/24/2021,PIE,FL,ASO,ES,Towers with Radar,47,20,80,2,149,0,0,42,6,48,47,20,122,8,197,122,0,122,319
10/25/2021,PIE,FL,ASO,ES,Towers with Radar,48,13,87,12,160,0,0,25,20,45,48,13,112,32,205,64,5,69,274
10/26/2021,PIE,FL,ASO,ES,Towers with Radar,16,21,78,5,120,0,2,57,27,86,16,23,135,32,206,138,18,156,362
10/27/2021,PIE,FL,ASO,ES,Towers with Radar,26,26,88,13,153,0,0,101,21,122,26,26,189,34,275,339,19,358,633
10/28/2021,PIE,FL,ASO,ES,Towers with Radar,46,19,33,6,104,0,0,4,12,16,46,19,37,18,120,0,10,10,130
10/29/2021,PIE,FL,ASO,ES,Towers with Radar,45,16,68,10,139,0,0,25,9,34,45,16,93,19,173,6,30,36,209
10/30/2021,PIE,FL,ASO,ES,Towers with Radar,30,10,68,1,109,0,2,50,2,54,30,12,118,3,163,91,1,92,255
10/31/2021,PIE,FL,ASO,ES,Towers with Radar,48,20,76,2,146,0,1,71,2,74,48,21,147,4,220,123,0,123,343
11/01/2021,PIE,FL,ASO,ES,Towers with Radar,43,28,68,5,144,0,2,86,8,96,43,30,154,13,240,144,0,144,384
11/02/2021,PIE,FL,ASO,ES,Towers with Radar,13,16,68,14,111,0,1,94,18,113,13,17,162,32,224,214,14,228,452
11/03/2021,PIE,FL,ASO,ES,Towers with Radar,20,22,64,6,112,0,0,94,20,114,20,22,158,26,226,204,6,210,436
11/04/2021,PIE,FL,ASO,ES,Towers with Radar,47,15,68,12,142,0,0,56,19,75,47,15,124,31,217,255,18,273,490
11/05/2021,PIE,FL,ASO,ES,Towers with Radar,48,10,30,0,88,0,0,0,0,0,48,10,30,0,88,0,0,0,88
11/06/2021,PIE,FL,ASO,ES,Towers with Radar,29,11,47,5,92,0,0,14,1,15,29,11,61,6,107,0,0,0,107
11/07/2021,PIE,FL,ASO,ES,Towers with Radar,46,13,75,1,135,0,0,67,2,69,46,13,142,3,204,156,0,156,360
11/08/2021,PIE,FL,ASO,ES,Towers with Radar,48,25,63,5,141,0,2,90,19,111,48,27,153,24,252,167,3,170,422
11/09/2021,PIE,FL,ASO,ES,Towers with Radar,9,15,84,13,121,0,0,79,27,106,9,15,163,40,227,160,10,170,397
11/10/2021,PIE,FL,ASO,ES,Towers with Radar,18,19,75,12,124,0,0,94,33,127,18,19,169,45,251,220,16,236,487
11/11/2021,PIE,FL,ASO,ES,Towers with Radar,50,25,102,1,178,0,1,104,5,110,50,26,206,6,288,232,0,232,520
11/12/2021,PIE,FL,ASO,ES,Towers with Radar,48,12,101,1,162,0,1,65,11,77,48,13,166,12,239,146,2,148,387
11/13/2021,PIE,FL,ASO,ES,Towers with Radar,25,21,43,0,89,0,0,50,4,54,25,21,93,4,143,83,0,83,226
11/14/2021,PIE,FL,ASO,ES,Towers with Radar,48,19,84,1,152,0,0,95,3,98,48,19,179,4,250,103,13,116,366
11/15/2021,PIE,FL,ASO,ES,Towers with Radar,45,33,93,9,180,0,0,91,15,106,45,33,184,24,286,207,6,213,499
11/16/2021,PIE,FL,ASO,ES,Towers with Radar,7,19,92,8,126,0,5,93,15,113,7,24,185,23,239,310,2,312,551
11/17/2021,PIE,FL,ASO,ES,Towers with Radar,14,27,52,2,95,0,0,97,26,123,14,27,149,28,218,300,6,306,524
11/18/2021,PIE,FL,ASO,ES,Towers with Radar,54,22,100,11,187,0,1,68,30,99,54,23,168,41,286,318,32,350,636
11/19/2021,PIE,FL,ASO,ES,Towers with Radar,54,30,101,4,189,0,1,91,23,115,54,31,192,27,304,197,10,207,511
11/20/2021,PIE,FL,ASO,ES,Towers with Radar,28,18,67,0,113,0,0,35,12,47,28,18,102,12,160,60,5,65,225
11/21/2021,PIE,FL,ASO,ES,Towers with Radar,56,14,75,2,147,0,2,53,9,64,56,16,128,11,211,112,1,113,324
11/22/2021,PIE,FL,ASO,ES,Towers with Radar,51,23,98,12,184,0,0,18,4,22,51,23,116,16,206,48,0,48,254
11/23/2021,PIE,FL,ASO,ES,Towers with Radar,61,33,97,6,197,0,2,123,21,146,61,35,220,27,343,138,0,138,481
11/24/2021,PIE,FL,ASO,ES,Towers with Radar,61,29,67,6,163,0,4,93,3,100,61,33,160,9,263,182,0,182,445
11/25/2021,PIE,FL,ASO,ES,Towers with Radar,22,6,20,1,49,0,0,28,4,32,22,6,48,5,81,24,0,24,105
11/26/2021,PIE,FL,ASO,ES,Towers with Radar,31,11,61,1,104,0,0,68,2,70,31,11,129,3,174,146,0,146,320
11/27/2021,PIE,FL,ASO,ES,Towers with Radar,50,19,71,1,141,0,2,89,2,93,50,21,160,3,234,132,0,132,366
11/28/2021,PIE,FL,ASO,ES,Towers with Radar,65,27,97,2,191,0,0,68,1,69,65,27,165,3,260,139,0,139,399
11/29/2021,PIE,FL,ASO,ES,Towers with Radar,59,20,94,13,186,0,1,100,13,114,59,21,194,26,300,175,14,189,489
11/30/2021,PIE,FL,ASO,ES,Towers with Radar,3,23,70,13,109,0,7,80,26,113,3,30,150,39,222,224,6,230,452
12/01/2021,PIE,FL,ASO,ES,Towers with Radar,12,31,103,15,161,0,3,88,23,114,12,34,191,38,275,275,14,289,564
12/02/2021,PIE,FL,ASO,ES,Towers with Radar,54,30,71,7,162,1,0,88,20,109,55,30,159,27,271,285,2,287,558
12/03/2021,PIE,FL,ASO,ES,Towers with Radar,53,40,80,5,178,0,9,77,14,100,53,49,157,19,278,192,0,192,470
12/04/2021,PIE,FL,ASO,ES,Towers with Radar,19,14,57,3,93,0,0,89,10,99,19,14,146,13,192,288,0,288,480
12/05/2021,PIE,FL,ASO,ES,Towers with Radar,53,25,86,1,165,0,0,72,5,77,53,25,158,6,242,170,0,170,412
12/06/2021,PIE,FL,ASO,ES,Towers with Radar,54,44,81,5,184,0,0,51,11,62,54,44,132,16,246,113,8,121,367
12/07/2021,PIE,FL,ASO,ES,Towers with Radar,7,29,75,13,124,0,0,49,18,67,7,29,124,31,191,115,8,123,314
12/08/2021,PIE,FL,ASO,ES,Towers with Radar,11,29,124,4,168,0,2,70,25,97,11,31,194,29,265,164,14,178,443
12/09/2021,PIE,FL,ASO,ES,Towers with Radar,50,27,88,9,174,0,0,44,21,65,50,27,132,30,239,103,8,111,350
12/10/2021,PIE,FL,ASO,ES,Towers with Radar,57,46,117,7,227,0,0,47,9,56,57,46,164,16,283,81,0,81,364
12/11/2021,PIE,FL,ASO,ES,Towers with Radar,20,24,98,2,144,0,0,89,5,94,20,24,187,7,238,201,0,201,439
12/12/2021,PIE,FL,ASO,ES,Towers with Radar,51,18,67,5,141,0,0,36,2,38,51,18,103,7,179,101,0,101,280
12/13/2021,PIE,FL,ASO,ES,Towers with Radar,51,23,70,7,151,0,0,56,27,83,51,23,126,34,234,250,10,260,494
12/14/2021,PIE,FL,ASO,ES,Towers with Radar,7,23,65,10,105,0,0,32,21,53,7,23,97,31,158,210,62,272,430
12/15/2021,PIE,FL,ASO,ES,Towers with Radar,16,24,90,7,137,0,0,69,30,99,16,24,159,37,236,194,10,204,440
12/16/2021,PIE,FL,ASO,ES,Towers with Radar,57,19,92,9,177,0,0,89,26,115,57,19,181,35,292,197,4,201,493
12/17/2021,PIE,FL,ASO,ES,Towers with Radar,64,21,118,2,205,0,1,96,3,100,64,22,214,5,305,190,0,190,495
12/18/2021,PIE,FL,ASO,ES,Towers with Radar,34,22,66,3,125,0,0,59,1,60,34,22,125,4,185,138,0,138,323
12/19/2021,PIE,FL,ASO,ES,Towers with Radar,53,19,58,7,137,0,0,29,4,33,53,19,87,11,170,40,0,40,210
12/20/2021,PIE,FL,ASO,ES,Towers with Radar,56,23,72,4,155,0,0,18,7,25,56,23,90,11,180,159,18,177,357
12/21/2021,PIE,FL,ASO,ES,Towers with Radar,51,13,34,4,102,0,0,5,6,11,51,13,39,10,113,4,34,38,151
12/22/2021,PIE,FL,ASO,ES,Towers with Radar,57,19,77,10,163,0,2,70,14,86,57,21,147,24,249,185,0,185,434
12/23/2021,PIE,FL,ASO,ES,Towers with Radar,58,17,77,2,154,0,0,72,9,81,58,17,149,11,235,130,2,132,367
12/24/2021,PIE,FL,ASO,ES,Towers with Radar,64,4,24,2,94,0,0,48,3,51,64,4,72,5,145,26,0,26,171
12/25/2021,PIE,FL,ASO,ES,Towers with Radar,22,16,15,0,53,0,0,17,0,17,22,16,32,0,70,2,0,2,72
12/26/2021,PIE,FL,ASO,ES,Towers with Radar,53,21,96,2,172,0,0,43,2,45,53,21,139,4,217,63,0,63,280
12/27/2021,PIE,FL,ASO,ES,Towers with Radar,62,38,74,4,178,0,1,61,10,72,62,39,135,14,250,99,14,113,363
12/28/2021,PIE,FL,ASO,ES,Towers with Radar,48,17,99,8,172,1,0,76,10,87,49,17,175,18,259,87,2,89,348
12/29/2021,PIE,FL,ASO,ES,Towers with Radar,53,25,64,2,144,0,0,88,13,101,53,25,152,15,245,49,0,49,294
12/30/2021,PIE,FL,ASO,ES,Towers with Radar,56,40,76,4,176,0,0,44,3,47,56,40,120,7,223,32,0,32,255
12/31/2021,PIE,FL,ASO,ES,Towers with Radar,50,16,69,0,135,0,0,52,3,55,50,16,121,3,190,52,0,52,242
01/01/2022,PIE,FL,ASO,ES,Towers with Radar,20,12,50,0,82,0,0,26,6,32,20,12,76,6,114,30,4,34,148
01/02/2022,PIE,FL,ASO,ES,Towers with Radar,46,24,70,4,144,0,0,15,3,18,46,24,85,7,162,65,0,65,227
01/03/2022,PIE,FL,ASO,ES,Towers with Radar,61,19,61,4,145,0,0,38,8,46,61,19,99,12,191,45,2,47,238
01/04/2022,PIE,FL,ASO,ES,Towers with Radar,7,28,74,3,112,0,0,78,8,86,7,28,152,11,198,214,22,236,434
01/05/2022,PIE,FL,ASO,ES,Towers with Radar,14,17,75,11,117,0,4,72,9,85,14,21,147,20,202,152,0,152,354
01/06/2022,PIE,FL,ASO,ES,Towers with Radar,49,24,75,4,152,0,0,104,4,108,49,24,179,8,260,144,1,145,405
01/07/2022,PIE,FL,ASO,ES,Towers with Radar,51,19,51,15,136,0,0,65,9,74,51,19,116,24,210,234,0,234,444
01/08/2022,PIE,FL,ASO,ES,Towers with Radar,25,22,57,2,106,0,0,79,16,95,25,22,136,18,201,151,10,161,362
01/09/2022,PIE,FL,ASO,ES,Towers with Radar,49,13,68,7,137,0,1,73,4,78,49,14,141,11,215,46,4,50,265
01/10/2022,PIE,FL,ASO,ES,Towers with Radar,50,18,71,8,147,0,2,51,16,69,50,20,122,24,216,203,11,214,430
01/11/2022,PIE,FL,ASO,ES,Towers with Radar,4,31,81,6,122,0,2,75,19,96,4,33,156,25,218,157,6,163,381
01/12/2022,PIE,FL,ASO,ES,Towers with Radar,12,23,90,8,133,0,0,74,22,96,12,23,164,30,229,329,17,346,575
01/13/2022,PIE,FL,ASO,ES,Towers with Radar,52,22,97,8,179,0,0,63,18,81,52,22,160,26,260,210,10,220,480
01/14/2022,PIE,FL,ASO,ES,Towers with Radar,47,20,90,10,167,1,2,101,13,117,48,22,191,23,284,255,8,263,547
01/15/2022,PIE,FL,ASO,ES,Towers with Radar,26,13,85,5,129,0,0,74,14,88,26,13,159,19,217,214,15,229,446
01/16/2022,PIE,FL,ASO,ES,Towers with Radar,44,11,22,11,88,0,0,1,1,2,44,11,23,12,90,0,0,0,90
01/17/2022,PIE,FL,ASO,ES,Towers with Radar,38,15,65,3,121,0,2,50,2,54,38,17,115,5,175,192,0,192,367
01/18/2022,PIE,FL,ASO,ES,Towers with Radar,2,26,70,18,116,0,0,122,20,142,2,26,192,38,258,329,0,329,587
01/19/2022,PIE,FL,ASO,ES,Towers with Radar,12,32,87,8,139,0,2,124,31,157,12,34,211,39,296,326,15,341,637
01/20/2022,PIE,FL,ASO,ES,Towers with Radar,51,30,83,14,178,0,2,99,30,131,51,32,182,44,309,149,17,166,475
01/21/2022,PIE,FL,ASO,ES,Towers with Radar,52,23,84,3,162,0,2,68,33,103,52,25,152,36,265,263,20,283,548
01/22/2022,PIE,FL,ASO,ES,Towers with Radar,27,24,27,4,82,0,0,9,3,12,27,24,36,7,94,66,0,66,160
01/23/2022,PIE,FL,ASO,ES,Towers with Radar,56,16,67,1,140,0,0,27,6,33,56,16,94,7,173,97,0,97,270
01/24/2022,PIE,FL,ASO,ES,Towers with Radar,49,34,81,1,165,0,0,95,18,113,49,34,176,19,278,226,0,226,504
01/25/2022,PIE,FL,ASO,ES,Towers with Radar,2,15,47,8,72,0,0,3,15,18,2,15,50,23,90,17,39,56,146
01/26/2022,PIE,FL,ASO,ES,Towers with Radar,17,22,56,24,119,0,0,1,2,3,17,22,57,26,122,11,22,33,155
01/27/2022,PIE,FL,ASO,ES,Towers with Radar,50,26,87,14,177,0,1,52,18,71,50,27,139,32,248,160,19,179,427
01/28/2022,PIE,FL,ASO,ES,Towers with Radar,53,27,105,3,188,0,0,48,18,66,53,27,153,21,254,169,37,206,460
01/29/2022,PIE,FL,ASO,ES,Towers with Radar,31,18,37,2,88,0,2,18,6,26,31,20,55,8,114,28,0,28,142
01/30/2022,PIE,FL,ASO,ES,Towers with Radar,53,29,77,5,164,0,2,117,7,126,53,31,194,12,290,310,0,310,600
01/31/2022,PIE,FL,ASO,ES,Towers with Radar,49,17,86,2,154,0,3,103,18,124,49,20,189,20,278,272,8,280,558
02/01/2022,PIE,FL,ASO,ES,Towers with Radar,10,12,79,9,110,0,1,79,24,104,10,13,158,33,214,270,0,270,484
02/02/2022,PIE,FL,ASO,ES,Towers with Radar,13,35,88,2,138,0,2,85,26,113,13,37,173,28,251,224,20,244,495
02/03/2022,PIE,FL,ASO,ES,Towers with Radar,33,22,89,6,150,0,2,98,21,121,33,24,187,27,271,213,0,213,484
02/04/2022,PIE,FL,ASO,ES,Towers with Radar,44,34,131,8,217,0,0,104,20,124,44,34,235,28,341,132,8,140,481
02/05/2022,PIE,FL,ASO,ES,Towers with Radar,35,21,80,7,143,0,0,29,2,31,35,21,109,9,174,185,0,185,359
02/06/2022,PIE,FL,ASO,ES,Towers with Radar,51,20,92,6,169,0,0,0,1,1,51,20,92,7,170,0,0,0,170
02/07/2022,PIE,FL,ASO,ES,Towers with Radar,53,45,77,38,213,0,0,21,8,29,53,45,98,46,242,77,12,89,331
02/08/2022,PIE,FL,ASO,ES,Towers with Radar,7,16,77,8,108,0,0,10,1,11,7,16,87,9,119,4,0,4,123
02/09/2022,PIE,FL,ASO,ES,Towers with Radar,13,25,101,7,146,0,0,119,28,147,13,25,220,35,293,357,4,361,654
02/10/2022,PIE,FL,ASO,ES,Towers with Radar,51,20,87,4,162,0,0,107,25,132,51,20,194,29,294,346,16,362,656
02/11/2022,PIE,FL,ASO,ES,Towers with Radar,49,39,94,4,186,0,1,128,24,153,49,40,222,28,339,245,18,263,602
02/12/2022,PIE,FL,ASO,ES,Towers with Radar,31,29,59,3,122,0,2,107,5,114,31,31,166,8,236,326,10,336,572
02/13/2022,PIE,FL,ASO,ES,Towers with Radar,53,20,54,5,132,0,0,24,8,32,53,20,78,13,164,95,0,95,259
02/14/2022,PIE,FL,ASO,ES,Towers with Radar,48,26,72,6,152,0,4,69,8,81,48,30,141,14,233,178,4,182,415
02/15/2022,PIE,FL,ASO,ES,Towers with Radar,8,22,86,9,125,0,0,77,17,94,8,22,163,26,219,260,13,273,492
02/16/2022,PIE,FL,ASO,ES,Towers with Radar,51,22,81,14,168,0,1,78,18,97,51,23,159,32,265,141,18,159,424
02/17/2022,PIE,FL,ASO,ES,Towers with Radar,52,44,107,23,226,0,0,77,26,103,52,44,184,49,329,271,4,275,604
02/18/2022,PIE,FL,ASO,ES,Towers with Radar,59,23,113,13,208,0,0,35,2,37,59,23,148,15,245,112,4,116,361
02/19/2022,PIE,FL,ASO,ES,Towers with Radar,51,16,86,5,158,0,0,66,3,69,51,16,152,8,227,95,2,97,324
02/20/2022,PIE,FL,ASO,ES,Towers with Radar,53,37,82,3,175,0,1,94,3,98,53,38,176,6,273,146,0,146,419
02/21/2022,PIE,FL,ASO,ES,Towers with Radar,61,29,107,6,203,0,4,89,5,98,61,33,196,11,301,218,0,218,519
02/22/2022,PIE,FL,ASO,ES,Towers with Radar,27,26,141,9,203,0,0,107,12,119,27,26,248,21,322,239,8,247,569
02/23/2022,PIE,FL,ASO,ES,Towers with Radar,47,20,91,12,170,0,0,82,14,96,47,20,173,26,266,170,10,180,446
02/24/2022,PIE,FL,ASO,ES,Towers with Radar,56,33,134,17,240,0,0,123,10,133,56,33,257,27,373,181,2,183,556
02/25/2022,PIE,FL,ASO,ES,Towers with Radar,53,34,102,13,202,0,2,112,21,135,53,36,214,34,337,200,0,200,537
02/26/2022,PIE,FL,ASO,ES,Towers with Radar,49,32,108,4,193,0,0,85,8,93,49,32,193,12,286,209,0,209,495
02/27/2022,PIE,FL,ASO,ES,Towers with Radar,57,50,147,7,261,0,1,68,3,72,57,51,215,10,333,139,0,139,472
02/28/2022,PIE,FL,ASO,ES,Towers with Radar,61,37,99,18,215,0,0,54,12,66,61,37,153,30,281,170,22,192,473
03/01/2022,PIE,FL,ASO,ES,Towers with Radar,29,30,86,12,157,0,1,55,21,77,29,31,141,33,234,196,2,198,432
03/02/2022,PIE,FL,ASO,ES,Towers with Radar,44,22,119,11,196,0,0,95,19,114,44,22,214,30,310,127,10,137,447
03/03/2022,PIE,FL,ASO,ES,Towers with Radar,55,38,120,26,239,0,0,119,18,137,55,38,239,44,376,223,6,229,605
03/04/2022,PIE,FL,ASO,ES,Towers with Radar,60,39,91,14,204,0,1,98,11,110,60,40,189,25,314,160,0,160,474
03/05/2022,PIE,FL,ASO,ES,Towers with Radar,63,24,61,8,156,0,2,50,1,53,63,26,111,9,209,66,0,66,275
03/06/2022,PIE,FL,ASO,ES,Towers with Radar,51,24,93,7,175,0,0,80,6,86,51,24,173,13,261,47,10,57,318
03/07/2022,PIE,FL,ASO,ES,Towers with Radar,62,39,77,22,200,0,2,113,20,135,62,41,190,42,335,147,6,153,488
03/08/2022,PIE,FL,ASO,ES,Towers with Radar,25,16,97,19,157,0,0,74,8,82,25,16,171,27,239,174,7,181,420
03/09/2022,PIE,FL,ASO,ES,Towers with Radar,45,14,73,51,183,0,0,42,15,57,45,14,115,66,240,75,24,99,339
03/10/2022,PIE,FL,ASO,ES,Towers with Radar,51,28,62,18,159,0,0,18,8,26,51,28,80,26,185,80,28,108,293
03/11/2022,PIE,FL,ASO,ES,Towers with Radar,48,20,126,17,211,0,0,67,18,85,48,20,193,35,296,93,0,93,389
03/12/2022,PIE,FL,ASO,ES,Towers with Radar,43,29,35,5,112,0,0,3,3,6,43,29,38,8,118,0,0,0,118
03/13/2022,PIE,FL,ASO,ES,Towers with Radar,48,20,92,3,163,0,0,80,5,85,48,20,172,8,248,189,0,189,437
03/14/2022,PIE,FL,ASO,ES,Towers with Radar,59,34,86,14,193,0,3,88,21,112,59,37,174,35,305,252,6,258,563
03/15/2022,PIE,FL,ASO,ES,Towers with Radar,33,29,84,19,165,0,4,42,21,67,33,33,126,40,232,110,19,129,361
03/16/2022,PIE,FL,ASO,ES,Towers with Radar,45,28,87,14,174,0,1,34,13,48,45,29,121,27,222,115,4,119,341
03/17/2022,PIE,FL,ASO,ES,Towers with Radar,58,44,131,23,256,0,0,105,23,128,58,44,236,46,384,162,0,162,546
03/18/2022,PIE,FL,ASO,ES,Towers with Radar,66,37,89,6,198,1,4,102,14,121,67,41,191,20,319,145,18,163,482
03/19/2022,PIE,FL,ASO,ES,Towers with Radar,71,34,128,4,237,0,0,65,4,69,71,34,193,8,306,146,0,146,452
03/20/2022,PIE,FL,ASO,ES,Towers with Radar,54,39,95,2,190,0,1,64,2,67,54,40,159,4,257,276,0,276,533
03/21/2022,PIE,FL,ASO,ES,Towers with Radar,65,40,108,9,222,0,0,80,22,102,65,40,188,31,324,236,13,249,573
03/22/2022,PIE,FL,ASO,ES,Towers with Radar,30,32,141,12,215,0,4,57,21,82,30,36,198,33,297,79,14,93,390
03/23/2022,PIE,FL,ASO,ES,Towers with Radar,44,22,126,5,197,0,0,26,11,37,44,22,152,16,234,26,0,26,260
03/24/2022,PIE,FL,ASO,ES,Towers with Radar,52,19,50,9,130,0,0,6,4,10,52,19,56,13,140,17,0,17,157
03/25/2022,PIE,FL,ASO,ES,Towers with Radar,68,32,113,19,232,0,0,92,17,109,68,32,205,36,341,106,2,108,449
03/26/2022,PIE,FL,ASO,ES,Towers with Radar,70,31,76,6,183,0,2,66,1,69,70,33,142,7,252,174,20,194,446
03/27/2022,PIE,FL,ASO,ES,Towers with Radar,58,27,89,1,175,0,0,72,3,75,58,27,161,4,250,126,0,126,376
03/28/2022,PIE,FL,ASO,ES,Towers with Radar,67,20,88,22,197,0,0,81,17,98,67,20,169,39,295,147,30,177,472
03/29/2022,PIE,FL,ASO,ES,Towers with Radar,27,17,82,20,146,0,2,73,24,99,27,19,155,44,245,237,36,273,518
03/30/2022,PIE,FL,ASO,ES,Towers with Radar,39,23,93,24,179,0,0,60,18,78,39,23,153,42,257,148,0,148,405
03/31/2022,PIE,FL,ASO,ES,Towers with Radar,44,15,85,27,171,0,0,12,26,38,44,15,97,53,209,23,20,43,252
04/01/2022,PIE,FL,ASO,ES,Towers with Radar,56,31,84,18,189,0,2,53,21,76,56,33,137,39,265,79,22,101,366
04/02/2022,PIE,FL,ASO,ES,Towers with Radar,33,21,45,5,104,0,0,4,0,4,33,21,49,5,108,10,0,10,118
04/03/2022,PIE,FL,ASO,ES,Towers with Radar,44,35,114,2,195,0,0,42,2,44,44,35,156,4,239,207,0,207,446
04/04/2022,PIE,FL,ASO,ES,Towers with Radar,61,24,109,8,202,0,2,86,24,112,61,26,195,32,314,189,2,191,505
04/05/2022,PIE,FL,ASO,ES,Towers with Radar,30,16,113,12,171,0,0,46,8,54,30,16,159,20,225,83,0,83,308
04/06/2022,PIE,FL,ASO,ES,Towers with Radar,42,27,129,20,218,0,0,45,16,61,42,27,174,36,279,87,6,93,372
04/07/2022,PIE,FL,ASO,ES,Towers with Radar,50,25,63,11,149,0,0,10,6,16,50,25,73,17,165,0,11,11,176
04/08/2022,PIE,FL,ASO,ES,Towers with Radar,61,28,81,18,188,0,2,76,18,96,61,30,157,36,284,106,22,128,412
04/09/2022,PIE,FL,ASO,ES,Towers with Radar,54,17,73,14,158,0,0,63,4,67,54,17,136,18,225,148,6,154,379
04/10/2022,PIE,FL,ASO,ES,Towers with Radar,51,27,102,4,184,0,0,78,3,81,51,27,180,7,265,324,0,324,589
04/11/2022,PIE,FL,ASO,ES,Towers with Radar,60,29,124,9,222,0,0,103,21,124,60,29,227,30,346,259,38,297,643
04/12/2022,PIE,FL,ASO,ES,Towers with Radar,32,26,114,11,183,0,1,93,4,98,32,27,207,15,281,210,18,228,509
04/13/2022,PIE,FL,ASO,ES,Towers with Radar,50,29,136,8,223,0,0,73,22,95,50,29,209,30,318,174,28,202,520
04/14/2022,PIE,FL,ASO,ES,Towers with Radar,59,28,134,15,236,0,0,88,17,105,59,28,222,32,341,139,2,141,482
04/15/2022,PIE,FL,ASO,ES,Towers with Radar,61,16,81,3,161,0,0,82,9,91,61,16,163,12,252,201,6,207,459
04/16/2022,PIE,FL,ASO,ES,Towers with Radar,56,22,85,7,170,0,0,72,4,76,56,22,157,11,246,85,12,97,343
04/17/2022,PIE,FL,ASO,ES,Towers with Radar,54,16,67,6,143,0,4,65,4,73,54,20,132,10,216,94,30,124,340
04/18/2022,PIE,FL,ASO,ES,Towers with Radar,55,33,86,7,181,0,0,76,13,89,55,33,162,20,270,284,0,284,554
04/19/2022,PIE,FL,ASO,ES,Towers with Radar,36,22,100,2,160,0,0,95,16,111,36,22,195,18,271,256,2,258,529
04/20/2022,PIE,FL,ASO,ES,Towers with Radar,43,22,88,15,168,0,0,58,19,77,43,22,146,34,245,97,14,111,356
04/21/2022,PIE,FL,ASO,ES,Towers with Radar,57,30,69,8,164,0,0,87,15,102,57,30,156,23,266,93,4,97,363
04/22/2022,PIE,FL,ASO,ES,Towers with Radar,56,24,82,17,179,0,0,85,13,98,56,24,167,30,277,99,8,107,384
04/23/2022,PIE,FL,ASO,ES,Towers with Radar,56,14,71,6,147,0,0,80,5,85,56,14,151,11,232,163,2,165,397
04/24/2022,PIE,FL,ASO,ES,Towers with Radar,50,32,96,3,181,0,0,80,3,83,50,32,176,6,264,153,0,153,417
04/25/2022,PIE,FL,ASO,ES,Towers with Radar,58,39,63,10,170,0,2,70,11,83,58,41,133,21,253,197,8,205,458
04/26/2022,PIE,FL,ASO,ES,Towers with Radar,30,23,90,11,154,0,1,101,18,120,30,24,191,29,274,171,8,179,453
04/27/2022,PIE,FL,ASO,ES,Towers with Radar,38,20,93,8,159,0,0,74,16,90,38,20,167,24,249,162,24,186,435
04/28/2022,PIE,FL,ASO,ES,Towers with Radar,53,26,92,13,184,0,0,35,19,54,53,26,127,32,238,144,0,144,382
04/29/2022,PIE,FL,ASO,ES,Towers with Radar,53,24,74,9,160,0,1,61,8,70,53,25,135,17,230,76,0,76,306
04/30/2022,PIE,FL,ASO,ES,Towers with Radar,42,15,90,3,150,0,0,44,3,47,42,15,134,6,197,78,0,78,275
05/01/2022,PIE,FL,ASO,ES,Towers with Radar,46,19,82,13,160,0,0,79,3,82,46,19,161,16,242,276,0,276,518
05/02/2022,PIE,FL,ASO,ES,Towers with Radar,60,40,91,7,198,0,0,86,7,93,60,40,177,14,291,259,12,271,562
05/03/2022,PIE,FL,ASO,ES,Towers with Radar,18,27,74,1,120,0,0,72,17,89,18,27,146,18,209,191,5,196,405
05/04/2022,PIE,FL,ASO,ES,Towers with Radar,30,25,57,10,122,0,0,91,8,99,30,25,148,18,221,260,2,262,483
05/05/2022,PIE,FL,ASO,ES,Towers with Radar,50,22,107,11,190,0,0,107,12,119,50,22,214,23,309,176,4,180,489
05/06/2022,PIE,FL,ASO,ES,Towers with Radar,56,28,88,21,193,0,2,85,6,93,56,30,173,27,286,145,0,145,431
05/07/2022,PIE,FL,ASO,ES,Towers with Radar,41,30,62,6,139,0,0,20,1,21,41,30,82,7,160,64,0,64,224
05/08/2022,PIE,FL,ASO,ES,Towers with Radar,49,24,62,8,143,0,0,70,5,75,49,24,132,13,218,159,0,159,377
05/09/2022,PIE,FL,ASO,ES,Towers with Radar,56,21,92,8,177,0,1,89,17,107,56,22,181,25,284,282,7,289,573
05/10/2022,PIE,FL,ASO,ES,Towers with Radar,16,25,57,7,105,0,1,99,23,123,16,26,156,30,228,241,14,255,483
05/11/2022,PIE,FL,ASO,ES,Towers with Radar,33,22,67,6,128,0,0,105,21,126,33,22,172,27,254,216,7,223,477
05/12/2022,PIE,FL,ASO,ES,Towers with Radar,48,29,79,20,176,0,0,85,21,106,48,29,164,41,282,250,6,256,538
05/13/2022,PIE,FL,ASO,ES,Towers with Radar,54,35,57,8,154,0,1,80,22,103,54,36,137,30,257,155,3,158,415
05/14/2022,PIE,FL,ASO,ES,Towers with Radar,42,25,49,8,124,0,1,83,4,88,42,26,132,12,212,185,4,189,401
05/15/2022,PIE,FL,ASO,ES,Towers with Radar,50,14,87,4,155,0,0,54,2,56,50,14,141,6,211,126,0,126,337
05/16/2022,PIE,FL,ASO,ES,Towers with Radar,57,28,61,3,149,0,1,69,18,88,57,29,130,21,237,252,3,255,492
05/17/2022,PIE,FL,ASO,ES,Towers with Radar,19,26,79,8,132,0,0,81,19,100,19,26,160,27,232,236,20,256,488
05/18/2022,PIE,FL,ASO,ES,Towers with Radar,24,15,68,9,116,0,0,68,7,75,24,15,136,16,191,124,1,125,316
05/19/2022,PIE,FL,ASO,ES,Towers with Radar,55,29,93,8,185,0,1,66,6,73,55,30,159,14,258,150,16,166,424
05/20/2022,PIE,FL,ASO,ES,Towers with Radar,62,18,67,7,154,0,0,21,1,22,62,18,88,8,176,68,30,98,274
05/21/2022,PIE,FL,ASO,ES,Towers with Radar,43,26,56,2,127,0,0,14,4,18,43,26,70,6,145,63,6,69,214
05/22/2022,PIE,FL,ASO,ES,Towers with Radar,50,28,79,3,160,0,0,36,2,38,50,28,115,5,198,61,0,61,259
05/23/2022,PIE,FL,ASO,ES,Towers with Radar,57,15,58,10,140,0,1,40,12,53,57,16,98,22,193,0,12,12,205
05/24/2022,PIE,FL,ASO,ES,Towers with Radar,22,37,90,11,160,0,1,56,9,66,22,38,146,20,226,3,0,3,229
05/25/2022,PIE,FL,ASO,ES,Towers with Radar,27,21,69,7,124,0,0,53,10,63,27,21,122,17,187,101,0,101,288
05/26/2022,PIE,FL,ASO,ES,Towers with Radar,57,32,133,5,227,0,1,84,14,99,57,33,217,19,326,78,0,78,404
05/27/2022,PIE,FL,ASO,ES,Towers with Radar,58,32,98,5,193,0,1,53,6,60,58,33,151,11,253,114,0,114,367
05/28/2022,PIE,FL,ASO,ES,Towers with Radar,51,16,40,1,108,0,0,75,2,77,51,16,115,3,185,88,0,88,273
05/29/2022,PIE,FL,ASO,ES,Towers with Radar,57,9,52,0,118,0,0,47,2,49,57,9,99,2,167,166,0,166,333
05/30/2022,PIE,FL,ASO,ES,Towers with Radar,57,18,78,1,154,0,1,61,5,67,57,19,139,6,221,113,0,113,334
05/31/2022,PIE,FL,ASO,ES,Towers with Radar,18,30,100,3,151,0,0,58,17,75,18,30,158,20,226,112,0,112,338
06/01/2022,PIE,FL,ASO,ES,Towers with Radar,38,31,73,8,150,0,0,63,17,80,38,31,136,25,230,85,4,89,319
06/02/2022,PIE,FL,ASO,ES,Towers with Radar,56,26,82,10,174,0,0,66,17,83,56,26,148,27,257,91,6,97,354
06/03/2022,PIE,FL,ASO,ES,Towers with Radar,51,17,125,7,200,0,0,49,8,57,51,17,174,15,257,97,8,105,362
06/04/2022,PIE,FL,ASO,ES,Towers with Radar,55,18,30,5,108,0,0,13,2,15,55,18,43,7,123,8,0,8,131
06/05/2022,PIE,FL,ASO,ES,Towers with Radar,56,18,51,0,125,0,0,81,4,85,56,18,132,4,210,103,0,103,313
06/06/2022,PIE,FL,ASO,ES,Towers with Radar,56,27,70,6,159,2,1,42,15,60,58,28,112,21,219,79,2,81,300
06/07/2022,PIE,FL,ASO,ES,Towers with Radar,19,30,79,6,134,0,0,86,8,94,19,30,165,14,228,263,2,265,493
06/08/2022,PIE,FL,ASO,ES,Towers with Radar,44,11,81,9,145,0,2,93,21,116,44,13,174,30,261,169,0,169,430
06/09/2022,PIE,FL,ASO,ES,Towers with Radar,51,40,78,6,175,0,0,37,24,61,51,40,115,30,236,131,0,131,367
06/10/2022,PIE,FL,ASO,ES,Towers with Radar,55,29,64,5,153,0,0,55,7,62,55,29,119,12,215,176,3,179,394
06/11/2022,PIE,FL,ASO,ES,Towers with Radar,52,22,48,12,134,0,1,32,0,33,52,23,80,12,167,26,0,26,193
06/12/2022,PIE,FL,ASO,ES,Towers with Radar,52,18,76,0,146,0,2,62,3,67,52,20,138,3,213,93,0,93,306
06/13/2022,PIE,FL,ASO,ES,Towers with Radar,60,25,72,10,167,0,0,100,10,110,60,25,172,20,277,227,5,232,509
06/14/2022,PIE,FL,ASO,ES,Towers with Radar,16,11,63,10,100,0,1,87,14,102,16,12,150,24,202,228,6,234,436
06/15/2022,PIE,FL,ASO,ES,Towers with Radar,41,23,78,12,154,0,1,68,14,83,41,24,146,26,237,158,4,162,399
06/16/2022,PIE,FL,ASO,ES,Towers with Radar,56,19,78,8,161,0,0,67,17,84,56,19,145,25,245,215,6,221,466
06/17/2022,PIE,FL,ASO,ES,Towers with Radar,55,31,87,4,177,0,0,81,16,97,55,31,168,20,274,53,4,57,331
06/18/2022,PIE,FL,ASO,ES,Towers with Radar,59,14,71,2,146,0,1,71,4,76,59,15,142,6,222,147,1,148,370
06/19/2022,PIE,FL,ASO,ES,Towers with Radar,56,18,49,1,124,0,0,45,1,46,56,18,94,2,170,67,0,67,237
06/20/2022,PIE,FL,ASO,ES,Towers with Radar,59,14,80,5,158,0,0,49,2,51,59,14,129,7,209,141,0,141,350
06/21/2022,PIE,FL,ASO,ES,Towers with Radar,16,26,73,11,126,0,0,74,6,80,16,26,147,17,206,272,3,275,481
06/22/2022,PIE,FL,ASO,ES,Towers with Radar,45,29,73,9,156,0,6,79,9,94,45,35,152,18,250,194,6,200,450
06/23/2022,PIE,FL,ASO,ES,Towers with Radar,59,28,106,11,204,0,2,94,12,108,59,30,200,23,312,182,0,182,494
06/24/2022,PIE,FL,ASO,ES,Towers with Radar,58,14,69,10,151,0,0,71,6,77,58,14,140,16,228,60,0,60,288
06/25/2022,PIE,FL,ASO,ES,Towers with Radar,57,11,42,3,113,0,0,72,4,76,57,11,114,7,189,57,0,57,246
06/26/2022,PIE,FL,ASO,ES,Towers with Radar,61,9,62,2,134,0,0,37,3,40,61,9,99,5,174,69,0,69,243
06/27/2022,PIE,FL,ASO,ES,Towers with Radar,60,27,85,0,172,0,1,53,4,58,60,28,138,4,230,235,0,235,465
06/28/2022,PIE,FL,ASO,ES,Towers with Radar,16,26,95,15,152,0,2,52,9,63,16,28,147,24,215,116,0,116,331
06/29/2022,PIE,FL,ASO,ES,Towers with Radar,40,33,98,12,183,0,0,65,9,74,40,33,163,21,257,130,0,130,387
06/30/2022,PIE,FL,ASO,ES,Towers with Radar,59,25,60,8,152,0,0,44,11,55,59,25,104,19,207,180,4,184,391
07/01/2022,PIE,FL,ASO,ES,Towers with Radar,56,32,81,2,171,0,0,31,4,35,56,32,112,6,206,121,12,133,339
07/02/2022,PIE,FL,ASO,ES,Towers with Radar,58,14,57,0,129,0,0,50,3,53,58,14,107,3,182,121,0,121,303
07/03/2022,PIE,FL,ASO,ES,Towers with Radar,51,8,34,0,93,0,0,23,2,25,51,8,57,2,118,81,2,83,201
07/04/2022,PIE,FL,ASO,ES,Towers with Radar,57,13,34,0,104,0,0,26,4,30,57,13,60,4,134,104,0,104,238
07/05/2022,PIE,FL,ASO,ES,Towers with Radar,34,16,62,7,119,0,3,52,7,62,34,19,114,14,181,276,0,276,457
07/06/2022,PIE,FL,ASO,ES,Towers with Radar,40,29,85,4,158,0,0,66,12,78,40,29,151,16,236,167,2,169,405
07/07/2022,PIE,FL,ASO,ES,Towers with Radar,52,27,97,5,181,0,0,59,14,73,52,27,156,19,254,141,20,161,415
07/08/2022,PIE,FL,ASO,ES,Towers with Radar,58,20,57,2,137,0,1,57,12,70,58,21,114,14,207,143,0,143,350
07/09/2022,PIE,FL,ASO,ES,Towers with Radar,53,16,44,5,118,0,0,54,0,54,53,16,98,5,172,120,0,120,292
07/10/2022,PIE,FL,ASO,ES,Towers with Radar,59,14,60,2,135,0,0,34,4,38,59,14,94,6,173,62,0,62,235
07/11/2022,PIE,FL,ASO,ES,Towers with Radar,59,17,42,5,123,0,0,40,9,49,59,17,82,14,172,123,10,133,305
07/12/2022,PIE,FL,ASO,ES,Towers with Radar,17,19,80,5,121,0,0,78,2,80,17,19,158,7,201,303,0,303,504
07/13/2022,PIE,FL,ASO,ES,Towers with Radar,41,20,75,7,143,0,0,70,8,78,41,20,145,15,221,243,0,243,464
07/14/2022,PIE,FL,ASO,ES,Towers with Radar,53,17,52,7,129,0,2,43,8,53,53,19,95,15,182,124,4,128,310
07/15/2022,PIE,FL,ASO,ES,Towers with Radar,60,13,76,9,158,0,1,71,14,86,60,14,147,23,244,185,0,185,429
07/16/2022,PIE,FL,ASO,ES,Towers with Radar,54,16,49,4,123,0,0,48,3,51,54,16,97,7,174,201,2,203,377
07/17/2022,PIE,FL,ASO,ES,Towers with Radar,57,19,49,1,126,0,0,39,4,43,57,19,88,5,169,150,0,150,319
07/18/2022,PIE,FL,ASO,ES,Towers with Radar,58,18,80,12,168,0,0,61,9,70,58,18,141,21,238,200,9,209,447
07/19/2022,PIE,FL,ASO,ES,Towers with Radar,14,34,53,7,108,0,2,74,14,90,14,36,127,21,198,247,0,247,445
07/20/2022,PIE,FL,ASO,ES,Towers with Radar,42,11,100,5,158,0,2,74,7,83,42,13,174,12,241,176,0,176,417
07/21/2022,PIE,FL,ASO,ES,Towers with Radar,59,20,95,10,184,0,0,65,4,69,59,20,160,14,253,192,0,192,445
07/22/2022,PIE,FL,ASO,ES,Towers with Radar,60,27,70,3,160,0,0,57,6,63,60,27,127,9,223,131,6,137,360
07/23/2022,PIE,FL,ASO,ES,Towers with Radar,54,23,48,1,126,0,0,53,4,57,54,23,101,5,183,173,0,173,356
07/24/2022,PIE,FL,ASO,ES,Towers with Radar,56,24,63,3,146,0,2,44,3,49,56,26,107,6,195,133,0,133,328
07/25/2022,PIE,FL,ASO,ES,Towers with Radar,61,18,49,9,137,0,0,40,7,47,61,18,89,16,184,150,0,150,334
07/26/2022,PIE,FL,ASO,ES,Towers with Radar,13,17,65,7,102,0,0,63,11,74,13,17,128,18,176,207,0,207,383
07/27/2022,PIE,FL,ASO,ES,Towers with Radar,41,21,88,5,155,0,0,56,15,71,41,21,144,20,226,151,0,151,377
07/28/2022,PIE,FL,ASO,ES,Towers with Radar,60,43,67,10,180,0,1,79,15,95,60,44,146,25,275,207,10,217,492
07/29/2022,PIE,FL,ASO,ES,Towers with Radar,57,21,72,18,168,0,0,77,10,87,57,21,149,28,255,236,58,294,549
07/30/2022,PIE,FL,ASO,ES,Towers with Radar,55,29,81,0,165,0,3,52,4,59,55,32,133,4,224,72,0,72,296
07/31/2022,PIE,FL,ASO,ES,Towers with Radar,56,17,48,7,128,0,0,47,6,53,56,17,95,13,181,141,18,159,340
08/01/2022,PIE,FL,ASO,ES,Towers with Radar,63,22,67,7,159,0,0,82,13,95,63,22,149,20,254,193,6,199,453
08/02/2022,PIE,FL,ASO,ES,Towers with Radar,13,19,32,4,68,0,0,31,13,44,13,19,63,17,112,174,0,174,286
08/03/2022,PIE,FL,ASO,ES,Towers with Radar,37,27,65,8,137,0,0,43,15,58,37,27,108,23,195,196,8,204,399
08/04/2022,PIE,FL,ASO,ES,Towers with Radar,58,20,82,6,166,0,0,82,8,90,58,20,164,14,256,219,0,219,475
08/05/2022,PIE,FL,ASO,ES,Towers with Radar,57,24,68,10,159,0,1,76,1,78,57,25,144,11,237,178,0,178,415
08/06/2022,PIE,FL,ASO,ES,Towers with Radar,59,20,48,9,136,0,0,38,2,40,59,20,86,11,176,269,0,269,445
08/07/2022,PIE,FL,ASO,ES,Towers with Radar,52,20,54,7,133,0,1,34,2,37,52,21,88,9,170,123,7,130,300
08/08/2022,PIE,FL,ASO,ES,Towers with Radar,56,23,73,7,159,0,2,38,6,46,56,25,111,13,205,233,0,233,438
08/09/2022,PIE,FL,ASO,ES,Towers with Radar,19,24,58,4,105,0,0,72,5,77,19,24,130,9,182,153,11,164,346
08/10/2022,PIE,FL,ASO,ES,Towers with Radar,35,20,98,11,164,0,1,74,3,78,35,21,172,14,242,274,0,274,516
08/11/2022,PIE,FL,ASO,ES,Towers with Radar,57,14,89,8,168,0,1,70,15,86,57,15,159,23,254,272,4,276,530
08/12/2022,PIE,FL,ASO,ES,Towers with Radar,55,23,75,8,161,0,0,88,12,100,55,23,163,20,261,217,11,228,489
08/13/2022,PIE,FL,ASO,ES,Towers with Radar,56,9,52,0,117,0,1,46,6,53,56,10,98,6,170,144,0,144,314
08/14/2022,PIE,FL,ASO,ES,Towers with Radar,56,14,47,3,120,0,0,32,5,37,56,14,79,8,157,79,0,79,236
08/15/2022,PIE,FL,ASO,ES,Towers with Radar,57,28,57,7,149,0,2,45,11,58,57,30,102,18,207,259,0,259,466
08/16/2022,PIE,FL,ASO,ES,Towers with Radar,9,17,87,7,120,0,2,88,18,108,9,19,175,25,228,212,0,212,440
08/17/2022,PIE,FL,ASO,ES,Towers with Radar,18,14,66,18,116,0,0,51,23,74,18,14,117,41,190,205,12,217,407
08/18/2022,PIE,FL,ASO,ES,Towers with Radar,44,21,62,5,132,0,2,72,20,94,44,23,134,25,226,348,2,350,576
08/19/2022,PIE,FL,ASO,ES,Towers with Radar,44,21,75,3,143,0,0,64,13,77,44,21,139,16,220,156,20,176,396
08/20/2022,PIE,FL,ASO,ES,Towers with Radar,24,21,41,0,86,0,0,79,2,81,24,21,120,2,167,199,0,199,366
08/21/2022,PIE,FL,ASO,ES,Towers with Radar,47,16,34,1,98,0,0,61,3,64,47,16,95,4,162,157,0,157,319
08/22/2022,PIE,FL,ASO,ES,Towers with Radar,47,11,56,9,123,0,0,58,12,70,47,11,114,21,193,178,10,188,381
08/23/2022,PIE,FL,ASO,ES,Towers with Radar,4,12,60,6,82,0,0,84,16,100,4,12,144,22,182,202,8,210,392
08/24/2022,PIE,FL,ASO,ES,Towers with Radar,14,18,43,10,85,0,0,37,5,42,14,18,80,15,127,81,0,81,208
08/25/2022,PIE,FL,ASO,ES,Towers with Radar,45,19,77,11,152,0,0,57,14,71,45,19,134,25,223,136,0,136,359
08/26/2022,PIE,FL,ASO,ES,Towers with Radar,48,19,63,9,139,0,0,63,14,77,48,19,126,23,216,237,2,239,455
08/27/2022,PIE,FL,ASO,ES,Towers with Radar,20,11,38,3,72,0,0,24,4,28,20,11,62,7,100,134,0,134,234
08/28/2022,PIE,FL,ASO,ES,Towers with Radar,42,18,38,3,101,0,0,31,7,38,42,18,69,10,139,60,14,74,213
08/29/2022,PIE,FL,ASO,ES,Towers with Radar,47,25,57,12,141,0,0,70,11,81,47,25,127,23,222,299,0,299,521
08/30/2022,PIE,FL,ASO,ES,Towers with Radar,4,10,73,8,95,0,0,49,16,65,4,10,122,24,160,182,4,186,346
08/31/2022,PIE,FL,ASO,ES,Towers with Radar,8,17,66,9,100,0,2,106,20,128,8,19,172,29,228,360,2,362,590
09/01/2022,PIE,FL,ASO,ES,Towers with Radar,39,13,60,6,118,0,1,59,17,77,39,14,119,23,195,151,32,183,378
09/02/2022,PIE,FL,ASO,ES,Towers with Radar,55,16,92,2,165,0,1,51,8,60,55,17,143,10,225,208,53,261,486
09/03/2022,PIE,FL,ASO,ES,Towers with Radar,19,12,57,3,91,0,0,54,8,62,19,12,111,11,153,109,12,121,274
09/04/2022,PIE,FL,ASO,ES,Towers with Radar,37,22,56,2,117,0,1,77,2,80,37,23,133,4,197,268,0,268,465
09/05/2022,PIE,FL,ASO,ES,Towers with Radar,58,15,54,2,129,0,0,57,4,61,58,15,111,6,190,240,0,240,430
09/06/2022,PIE,FL,ASO,ES,Towers with Radar,18,20,78,13,129,0,0,76,8,84,18,20,154,21,213,202,1,203,416
09/07/2022,PIE,FL,ASO,ES,Towers with Radar,12,7,58,11,88,0,0,83,15,98,12,7,141,26,186,243,48,291,477
09/08/2022,PIE,FL,ASO,ES,Towers with Radar,39,19,48,5,111,0,0,16,8,24,39,19,64,13,135,39,16,55,190
09/09/2022,PIE,FL,ASO,ES,Towers with Radar,47,12,66,13,138,0,0,26,14,40,47,12,92,27,178,101,41,142,320
09/10/2022,PIE,FL,ASO,ES,Towers with Radar,15,8,53,2,78,0,0,35,2,37,15,8,88,4,115,134,0,134,249
09/11/2022,PIE,FL,ASO,ES,Towers with Radar,38,14,84,9,145,0,0,41,3,44,38,14,125,12,189,66,6,72,261
09/12/2022,PIE,FL,ASO,ES,Towers with Radar,51,12,70,8,141,0,0,67,21,88,51,12,137,29,229,224,14,238,467
09/13/2022,PIE,FL,ASO,ES,Towers with Radar,3,20,69,16,108,0,2,62,14,78,3,22,131,30,186,240,13,253,439
09/14/2022,PIE,FL,ASO,ES,Towers with Radar,8,13,53,7,81,0,0,60,12,72,8,13,113,19,153,243,0,243,396
09/15/2022,PIE,FL,ASO,ES,Towers with Radar,39,25,72,15,151,0,0,94,17,111,39,25,166,32,262,176,0,176,438
09/16/2022,PIE,FL,ASO,ES,Towers with Radar,49,18,70,9,146,0,0,58,10,68,49,18,128,19,214,289,2,291,505
09/17/2022,PIE,FL,ASO,ES,Towers with Radar,14,13,42,6,75,0,0,72,0,72,14,13,114,6,147,256,0,256,403
09/18/2022,PIE,FL,ASO,ES,Towers with Radar,40,18,100,0,158,0,0,56,5,61,40,18,156,5,219,343,10,353,572
09/19/2022,PIE,FL,ASO,ES,Towers with Radar,54,27,78,33,192,0,1,73,14,88,54,28,151,47,280,341,22,363,643
09/20/2022,PIE,FL,ASO,ES,Towers with Radar,4,28,64,13,109,0,0,92,14,106,4,28,156,27,215,286,21,307,522
09/21/2022,PIE,FL,ASO,ES,Towers with Radar,11,30,75,18,134,0,0,90,25,115,11,30,165,43,249,338,16,354,603
09/22/2022,PIE,FL,ASO,ES,Towers with Radar,40,22,76,17,155,0,0,74,13,87,40,22,150,30,242,331,8,339,581
09/23/2022,PIE,FL,ASO,ES,Towers with Radar,46,30,62,12,150,0,2,78,12,92,46,32,140,24,242,240,20,260,502
09/24/2022,PIE,FL,ASO,ES,Towers with Radar,19,26,57,0,102,0,5,85,4,94,19,31,142,4,196,224,0,224,420
09/25/2022,PIE,FL,ASO,ES,Towers with Radar,39,25,50,0,114,0,2,67,3,72,39,27,117,3,186,193,0,193,379
09/26/2022,PIE,FL,ASO,ES,Towers with Radar,55,32,83,12,182,0,0,58,4,62,55,32,141,16,244,122,0,122,366
09/27/2022,PIE,FL,ASO,ES,Towers with Radar,11,31,53,6,101,0,0,31,2,33,11,31,84,8,134,2,0,2,136
09/28/2022,PIE,FL,ASO,ES,Towers with Radar,0,0,0,0,0,0,0,0,0,0,0,0,0,0,0,0,0,0,0
09/29/2022,PIE,FL,ASO,ES,Towers with Radar,0,1,5,1,7,0,0,3,7,10,0,1,8,8,17,0,0,0,17
09/30/2022,PIE,FL,ASO,ES,Towers with Radar,4,19,36,11,70,0,0,42,9,51,4,19,78,20,121,8,0,8,129
10/01/2022,PIE,FL,ASO,ES,Towers with Radar,23,23,44,7,97,0,0,61,7,68,23,23,105,14,165,21,2,23,188
10/02/2022,PIE,FL,ASO,ES,Towers with Radar,41,22,45,2,110,0,0,62,3,65,41,22,107,5,175,93,0,93,268
10/03/2022,PIE,FL,ASO,ES,Towers with Radar,52,19,57,4,132,0,0,93,0,93,52,19,150,4,225,392,0,392,617
10/04/2022,PIE,FL,ASO,ES,Towers with Radar,4,22,65,5,96,0,0,81,6,87,4,22,146,11,183,342,0,342,525
10/05/2022,PIE,FL,ASO,ES,Towers with Radar,25,16,79,3,123,0,1,90,4,95,25,17,169,7,218,251,0,251,469
10/06/2022,PIE,FL,ASO,ES,Towers with Radar,46,24,69,4,143,0,0,80,5,85,46,24,149,9,228,234,2,236,464
10/07/2022,PIE,FL,ASO,ES,Towers with Radar,43,34,95,4,176,0,3,89,3,95,43,37,184,7,271,308,0,308,579
10/08/2022,PIE,FL,ASO,ES,Towers with Radar,47,19,62,2,130,0,2,89,3,94,47,21,151,5,224,287,15,302,526
10/09/2022,PIE,FL,ASO,ES,Towers with Radar,45,34,39,1,119,0,0,72,7,79,45,34,111,8,198,267,5,272,470
10/10/2022,PIE,FL,ASO,ES,Towers with Radar,44,20,92,20,176,0,0,72,2,74,44,20,164,22,250,330,0,330,580
10/11/2022,PIE,FL,ASO,ES,Towers with Radar,11,25,60,6,102,0,0,75,13,88,11,25,135,19,190,350,0,350,540
10/12/2022,PIE,FL,ASO,ES,Towers with Radar,23,20,68,4,115,0,0,91,11,102,23,20,159,15,217,354,18,372,589
10/13/2022,PIE,FL,ASO,ES,Towers with Radar,46,28,72,5,151,0,0,59,13,72,46,28,131,18,223,265,4,269,492
10/14/2022,PIE,FL,ASO,ES,Towers with Radar,48,43,89,14,194,0,2,84,13,99,48,45,173,27,293,338,14,352,645
10/15/2022,PIE,FL,ASO,ES,Towers with Radar,47,22,67,7,143,0,0,67,13,80,47,22,134,20,223,338,36,374,597
10/16/2022,PIE,FL,ASO,ES,Towers with Radar,46,29,66,11,152,0,0,74,6,80,46,29,140,17,232,313,20,333,565
10/17/2022,PIE,FL,ASO,ES,Towers with Radar,46,34,104,2,186,0,0,91,15,106,46,34,195,17,292,320,3,323,615
10/18/2022,PIE,FL,ASO,ES,Towers with Radar,12,21,85,8,126,0,0,95,16,111,12,21,180,24,237,398,3,401,638
10/19/2022,PIE,FL,ASO,ES,Towers with Radar,22,34,95,7,158,0,0,107,14,121,22,34,202,21,279,300,4,304,583
10/20/2022,PIE,FL,ASO,ES,Towers with Radar,44,21,105,4,174,0,2,105,9,116,44,23,210,13,290,302,6,308,598
10/21/2022,PIE,FL,ASO,ES,Towers with Radar,45,26,95,10,176,0,1,98,14,113,45,27,193,24,289,342,0,342,631
10/22/2022,PIE,FL,ASO,ES,Towers with Radar,41,15,63,1,120,0,0,86,3,89,41,15,149,4,209,309,14,323,532
10/23/2022,PIE,FL,ASO,ES,Towers with Radar,45,20,71,8,144,0,0,92,6,98,45,20,163,14,242,297,0,297,539
10/24/2022,PIE,FL,ASO,ES,Towers with Radar,44,16,53,4,117,0,0,72,9,81,44,16,125,13,198,178,2,180,378
10/25/2022,PIE,FL,ASO,ES,Towers with Radar,4,18,79,2,103,0,2,79,17,98,4,20,158,19,201,177,2,179,380
10/26/2022,PIE,FL,ASO,ES,Towers with Radar,18,27,57,11,113,0,0,97,12,109,18,27,154,23,222,199,8,207,429
10/27/2022,PIE,FL,ASO,ES,Towers with Radar,48,30,91,9,178,0,0,48,9,57,48,30,139,18,235,120,0,120,355
10/28/2022,PIE,FL,ASO,ES,Towers with Radar,46,28,89,8,171,0,0,77,14,91,46,28,166,22,262,128,6,134,396
10/29/2022,PIE,FL,ASO,ES,Towers with Radar,35,18,52,2,107,0,0,45,3,48,35,18,97,5,155,171,0,171,326
10/30/2022,PIE,FL,ASO,ES,Towers with Radar,43,32,62,10,147,0,0,62,5,67,43,32,124,15,214,151,0,151,365
10/31/2022,PIE,FL,ASO,ES,Towers with Radar,43,25,65,3,136,1,0,66,12,79,44,25,131,15,215,240,2,242,457
11/01/2022,PIE,FL,ASO,ES,Towers with Radar,6,14,83,5,108,0,0,73,4,77,6,14,156,9,185,300,0,300,485
11/02/2022,PIE,FL,ASO,ES,Towers with Radar,20,26,112,10,168,0,1,45,12,58,20,27,157,22,226,182,0,182,408
11/03/2022,PIE,FL,ASO,ES,Towers with Radar,43,34,91,9,177,0,2,75,18,95,43,36,166,27,272,230,0,230,502
11/04/2022,PIE,FL,ASO,ES,Towers with Radar,47,31,81,8,167,0,0,75,14,89,47,31,156,22,256,210,8,218,474
11/05/2022,PIE,FL,ASO,ES,Towers with Radar,30,29,53,7,119,0,0,63,3,66,30,29,116,10,185,161,3,164,349
11/06/2022,PIE,FL,ASO,ES,Towers with Radar,42,28,62,3,135,0,0,56,10,66,42,28,118,13,201,225,0,225,426
11/07/2022,PIE,FL,ASO,ES,Towers with Radar,45,30,62,10,147,0,0,80,9,89,45,30,142,19,236,165,0,165,401
11/08/2022,PIE,FL,ASO,ES,Towers with Radar,4,23,68,4,99,0,0,42,8,50,4,23,110,12,149,119,0,119,268
11/09/2022,PIE,FL,ASO,ES,Towers with Radar,13,29,37,3,82,0,0,12,4,16,13,29,49,7,98,0,0,0,98
11/10/2022,PIE,FL,ASO,ES,Towers with Radar,47,11,13,1,72,0,0,0,1,1,47,11,13,2,73,0,0,0,73
11/11/2022,PIE,FL,ASO,ES,Towers with Radar,54,22,85,4,165,0,0,41,4,45,54,22,126,8,210,186,0,186,396
11/12/2022,PIE,FL,ASO,ES,Towers with Radar,27,17,55,1,100,0,0,102,3,105,27,17,157,4,205,260,0,260,465
11/13/2022,PIE,FL,ASO,ES,Towers with Radar,43,28,72,7,150,0,2,26,1,29,43,30,98,8,179,121,0,121,300
11/14/2022,PIE,FL,ASO,ES,Towers with Radar,44,16,104,2,166,0,1,88,5,94,44,17,192,7,260,220,0,220,480
11/15/2022,PIE,FL,ASO,ES,Towers with Radar,6,28,79,2,115,0,2,87,18,107,6,30,166,20,222,261,0,261,483
11/16/2022,PIE,FL,ASO,ES,Towers with Radar,9,33,106,11,159,0,0,40,10,50,9,33,146,21,209,182,0,182,391
11/17/2022,PIE,FL,ASO,ES,Towers with Radar,45,29,85,9,168,0,0,111,20,131,45,29,196,29,299,316,10,326,625
11/18/2022,PIE,FL,ASO,ES,Towers with Radar,45,25,98,5,173,0,0,89,14,103,45,25,187,19,276,234,2,236,512
11/19/2022,PIE,FL,ASO,ES,Towers with Radar,54,23,79,2,158,0,0,109,2,111,54,23,188,4,269,290,0,290,559
11/20/2022,PIE,FL,ASO,ES,Towers with Radar,42,21,59,1,123,0,0,8,0,8,42,21,67,1,131,74,0,74,205
11/21/2022,PIE,FL,ASO,ES,Towers with Radar,47,22,72,5,146,0,0,75,9,84,47,22,147,14,230,245,16,261,491
11/22/2022,PIE,FL,ASO,ES,Towers with Radar,52,36,105,13,206,0,0,44,13,57,52,36,149,26,263,234,22,256,519
11/23/2022,PIE,FL,ASO,ES,Towers with Radar,53,31,50,5,139,0,0,21,5,26,53,31,71,10,165,128,0,128,293
11/24/2022,PIE,FL,ASO,ES,Towers with Radar,29,7,9,4,49,0,0,3,1,4,29,7,12,5,53,0,0,0,53
11/25/2022,PIE,FL,ASO,ES,Towers with Radar,34,24,63,2,123,0,0,55,2,57,34,24,118,4,180,111,5,116,296
11/26/2022,PIE,FL,ASO,ES,Towers with Radar,52,26,77,7,162,0,0,34,1,35,52,26,111,8,197,147,8,155,352
11/27/2022,PIE,FL,ASO,ES,Towers with Radar,53,31,92,2,178,0,0,13,2,15,53,31,105,4,193,20,0,20,213
11/28/2022,PIE,FL,ASO,ES,Towers with Radar,60,27,59,6,152,0,0,72,11,83,60,27,131,17,235,209,8,217,452
11/29/2022,PIE,FL,ASO,ES,Towers with Radar,6,20,99,15,140,0,2,108,15,125,6,22,207,30,265,304,12,316,581
11/30/2022,PIE,FL,ASO,ES,Towers with Radar,9,20,99,24,152,0,0,73,16,89,9,20,172,40,241,263,33,296,537
12/01/2022,PIE,FL,ASO,ES,Towers with Radar,45,29,118,12,204,0,2,59,21,82,45,31,177,33,286,206,12,218,504
12/02/2022,PIE,FL,ASO,ES,Towers with Radar,47,32,109,16,204,0,0,106,16,122,47,32,215,32,326,296,14,310,636
12/03/2022,PIE,FL,ASO,ES,Towers with Radar,18,24,63,2,107,0,1,74,6,81,18,25,137,8,188,288,0,288,476
12/04/2022,PIE,FL,ASO,ES,Towers with Radar,48,29,83,12,172,0,0,80,4,84,48,29,163,16,256,257,0,257,513
12/05/2022,PIE,FL,ASO,ES,Towers with Radar,48,28,79,14,169,0,1,76,16,93,48,29,155,30,262,290,4,294,556
12/06/2022,PIE,FL,ASO,ES,Towers with Radar,4,21,107,12,144,0,2,100,11,113,4,23,207,23,257,257,6,263,520
12/07/2022,PIE,FL,ASO,ES,Towers with Radar,8,19,90,9,126,0,0,89,13,102,8,19,179,22,228,271,32,303,531
12/08/2022,PIE,FL,ASO,ES,Towers with Radar,45,24,87,15,171,0,1,97,13,111,45,25,184,28,282,184,16,200,482
12/09/2022,PIE,FL,ASO,ES,Towers with Radar,47,43,93,10,193,0,2,54,10,66,47,45,147,20,259,86,17,103,362
12/10/2022,PIE,FL,ASO,ES,Towers with Radar,19,41,69,6,135,0,0,74,6,80,19,41,143,12,215,224,0,224,439
12/11/2022,PIE,FL,ASO,ES,Towers with Radar,50,52,77,5,184,0,0,9,1,10,50,52,86,6,194,1,0,1,195
12/12/2022,PIE,FL,ASO,ES,Towers with Radar,47,31,84,12,174,0,0,63,7,70,47,31,147,19,244,174,15,189,433
12/13/2022,PIE,FL,ASO,ES,Towers with Radar,4,47,98,19,168,0,0,61,8,69,4,47,159,27,237,149,0,149,386
12/14/2022,PIE,FL,ASO,ES,Towers with Radar,7,41,110,13,171,0,0,56,11,67,7,41,166,24,238,82,3,85,323
12/15/2022,PIE,FL,ASO,ES,Towers with Radar,44,37,66,1,148,0,0,7,2,9,44,37,73,3,157,1,0,1,158
12/16/2022,PIE,FL,ASO,ES,Towers with Radar,48,32,123,5,208,0,2,76,8,86,48,34,199,13,294,170,0,170,464
12/17/2022,PIE,FL,ASO,ES,Towers with Radar,47,19,76,3,145,0,0,94,5,99,47,19,170,8,244,226,0,226,470
12/18/2022,PIE,FL,ASO,ES,Towers with Radar,56,31,82,6,175,0,0,62,10,72,56,31,144,16,247,92,2,94,341
12/19/2022,PIE,FL,ASO,ES,Towers with Radar,50,22,96,2,170,0,0,86,4,90,50,22,182,6,260,250,0,250,510
12/20/2022,PIE,FL,ASO,ES,Towers with Radar,57,29,70,5,161,0,0,38,5,43,57,29,108,10,204,175,0,175,379
12/21/2022,PIE,FL,ASO,ES,Towers with Radar,54,28,85,4,171,0,0,41,4,45,54,28,126,8,216,145,14,159,375
12/22/2022,PIE,FL,ASO,ES,Towers with Radar,48,29,40,4,121,0,0,13,2,15,48,29,53,6,136,19,0,19,155
12/23/2022,PIE,FL,ASO,ES,Towers with Radar,31,23,43,1,98,0,0,22,5,27,31,23,65,6,125,18,1,19,144
12/24/2022,PIE,FL,ASO,ES,Towers with Radar,46,14,28,1,89,0,0,26,3,29,46,14,54,4,118,68,0,68,186
12/25/2022,PIE,FL,ASO,ES,Towers with Radar,32,15,6,0,53,0,0,11,0,11,32,15,17,0,64,14,0,14,78
12/26/2022,PIE,FL,ASO,ES,Towers with Radar,45,31,91,0,167,0,0,54,6,60,45,31,145,6,227,109,0,109,336
12/27/2022,PIE,FL,ASO,ES,Towers with Radar,54,25,93,2,174,0,0,84,7,91,54,25,177,9,265,142,0,142,407
12/28/2022,PIE,FL,ASO,ES,Towers with Radar,53,26,71,4,154,0,0,67,8,75,53,26,138,12,229,273,7,280,509
12/29/2022,PIE,FL,ASO,ES,Towers with Radar,58,23,97,4,182,0,1,92,5,98,58,24,189,9,280,204,2,206,486
12/30/2022,PIE,FL,ASO,ES,Towers with Radar,52,31,59,1,143,0,0,53,4,57,52,31,112,5,200,198,0,198,398
12/31/2022,PIE,FL,ASO,ES,Towers with Radar,60,23,37,0,120,0,0,0,0,0,60,23,37,0,120,0,0,0,120
01/01/2023,PIE,FL,ASO,ES,Towers with Radar,33,7,34,3,77,0,0,2,0,2,33,7,36,3,79,0,0,0,79
01/02/2023,PIE,FL,ASO,ES,Towers with Radar,48,27,105,5,185,0,0,61,5,66,48,27,166,10,251,130,0,130,381
01/03/2023,PIE,FL,ASO,ES,Towers with Radar,55,26,128,3,212,0,2,90,3,95,55,28,218,6,307,148,0,148,455
01/04/2023,PIE,FL,ASO,ES,Towers with Radar,20,19,96,7,142,0,0,52,5,57,20,19,148,12,199,97,16,113,312
01/05/2023,PIE,FL,ASO,ES,Towers with Radar,55,22,70,9,156,0,2,48,4,54,55,24,118,13,210,183,0,183,393
01/06/2023,PIE,FL,ASO,ES,Towers with Radar,49,22,99,22,192,0,0,120,7,127,49,22,219,29,319,373,0,373,692
01/07/2023,PIE,FL,ASO,ES,Towers with Radar,26,17,86,5,134,0,0,105,6,111,26,17,191,11,245,377,3,380,625
01/08/2023,PIE,FL,ASO,ES,Towers with Radar,51,22,73,4,150,0,0,94,7,101,51,22,167,11,251,260,8,268,519
01/09/2023,PIE,FL,ASO,ES,Towers with Radar,49,19,99,13,180,0,2,104,7,113,49,21,203,20,293,264,21,285,578
01/10/2023,PIE,FL,ASO,ES,Towers with Radar,6,18,113,7,144,0,0,96,8,104,6,18,209,15,248,315,8,323,571
01/11/2023,PIE,FL,ASO,ES,Towers with Radar,13,15,77,9,114,0,0,112,10,122,13,15,189,19,236,317,18,335,571
01/12/2023,PIE,FL,ASO,ES,Towers with Radar,55,28,121,14,218,0,0,100,16,116,55,28,221,30,334,222,2,224,558
01/13/2023,PIE,FL,ASO,ES,Towers with Radar,53,34,49,13,149,0,0,14,19,33,53,34,63,32,182,32,15,47,229
01/14/2023,PIE,FL,ASO,ES,Towers with Radar,24,20,92,2,138,0,1,41,8,50,24,21,133,10,188,102,16,118,306
01/15/2023,PIE,FL,ASO,ES,Towers with Radar,52,24,83,5,164,0,0,95,4,99,52,24,178,9,263,313,6,319,582
01/16/2023,PIE,FL,ASO,ES,Towers with Radar,48,40,138,11,237,0,0,88,12,100,48,40,226,23,337,317,1,318,655
01/17/2023,PIE,FL,ASO,ES,Towers with Radar,7,32,114,5,158,0,4,90,20,114,7,36,204,25,272,285,0,285,557
01/18/2023,PIE,FL,ASO,ES,Towers with Radar,16,32,86,8,142,0,0,73,13,86,16,32,159,21,228,217,3,220,448
01/19/2023,PIE,FL,ASO,ES,Towers with Radar,51,36,107,13,207,0,0,58,15,73,51,36,165,28,280,150,0,150,430
01/20/2023,PIE,FL,ASO,ES,Towers with Radar,50,32,117,28,227,0,0,60,8,68,50,32,177,36,295,189,8,197,492
01/21/2023,PIE,FL,ASO,ES,Towers with Radar,30,22,92,1,145,0,2,69,3,74,30,24,161,4,219,269,0,269,488
01/22/2023,PIE,FL,ASO,ES,Towers with Radar,49,33,90,12,184,0,0,46,6,52,49,33,136,18,236,115,6,121,357
01/23/2023,PIE,FL,ASO,ES,Towers with Radar,52,31,90,18,191,0,0,52,13,65,52,31,142,31,256,219,10,229,485
01/24/2023,PIE,FL,ASO,ES,Towers with Radar,12,29,101,10,152,0,2,79,11,92,12,31,180,21,244,184,10,194,438
01/25/2023,PIE,FL,ASO,ES,Towers with Radar,12,22,94,9,137,0,0,56,14,70,12,22,150,23,207,71,0,71,278
01/26/2023,PIE,FL,ASO,ES,Towers with Radar,57,32,116,23,228,0,0,58,7,65,57,32,174,30,293,162,2,164,457
01/27/2023,PIE,FL,ASO,ES,Towers with Radar,48,40,107,4,199,0,6,71,14,91,48,46,178,18,290,215,14,229,519
01/28/2023,PIE,FL,ASO,ES,Towers with Radar,24,16,73,7,120,0,2,45,3,50,24,18,118,10,170,202,0,202,372
01/29/2023,PIE,FL,ASO,ES,Towers with Radar,53,29,77,4,163,0,1,80,2,83,53,30,157,6,246,255,6,261,507
01/30/2023,PIE,FL,ASO,ES,Towers with Radar,49,39,108,32,228,0,1,87,15,103,49,40,195,47,331,187,22,209,540
01/31/2023,PIE,FL,ASO,ES,Towers with Radar,7,25,78,11,121,0,0,59,7,66,7,25,137,18,187,193,0,193,380
02/01/2023,PIE,FL,ASO,ES,Towers with Radar,16,27,88,11,142,0,0,78,4,82,16,27,166,15,224,360,1,361,585
02/02/2023,PIE,FL,ASO,ES,Towers with Radar,62,31,117,17,227,0,2,66,16,84,62,33,183,33,311,174,0,174,485
02/03/2023,PIE,FL,ASO,ES,Towers with Radar,46,30,80,18,174,0,1,15,13,29,46,31,95,31,203,34,0,34,237
02/04/2023,PIE,FL,ASO,ES,Towers with Radar,30,16,73,8,127,0,2,53,4,59,30,18,126,12,186,204,0,204,390
02/05/2023,PIE,FL,ASO,ES,Towers with Radar,55,28,78,10,171,0,0,60,18,78,55,28,138,28,249,272,18,290,539
02/06/2023,PIE,FL,ASO,ES,Towers with Radar,48,29,86,12,175,0,0,77,13,90,48,29,163,25,265,257,0,257,522
02/07/2023,PIE,FL,ASO,ES,Towers with Radar,6,32,86,11,135,0,2,85,8,95,6,34,171,19,230,168,10,178,408
02/08/2023,PIE,FL,ASO,ES,Towers with Radar,16,35,120,11,182,0,0,94,22,116,16,35,214,33,298,326,7,333,631
02/09/2023,PIE,FL,ASO,ES,Towers with Radar,55,41,87,10,193,0,0,38,11,49,55,41,125,21,242,97,16,113,355
02/10/2023,PIE,FL,ASO,ES,Towers with Radar,47,42,154,15,258,0,2,68,20,90,47,44,222,35,348,144,4,148,496
02/11/2023,PIE,FL,ASO,ES,Towers with Radar,30,20,121,1,172,0,1,21,8,30,30,21,142,9,202,103,0,103,305
02/12/2023,PIE,FL,ASO,ES,Towers with Radar,57,20,56,1,134,0,0,9,3,12,57,20,65,4,146,8,0,8,154
02/13/2023,PIE,FL,ASO,ES,Towers with Radar,53,38,88,1,180,0,0,120,18,138,53,38,208,19,318,306,16,322,640
02/14/2023,PIE,FL,ASO,ES,Towers with Radar,8,44,99,3,154,0,2,96,13,111,8,46,195,16,265,349,4,353,618
02/15/2023,PIE,FL,ASO,ES,Towers with Radar,30,40,103,12,185,0,4,129,7,140,30,44,232,19,325,253,0,253,578
02/16/2023,PIE,FL,ASO,ES,Towers with Radar,55,29,151,9,244,0,0,94,18,112,55,29,245,27,356,345,2,347,703
02/17/2023,PIE,FL,ASO,ES,Towers with Radar,60,28,155,9,252,0,0,105,6,111,60,28,260,15,363,235,0,235,598
02/18/2023,PIE,FL,ASO,ES,Towers with Radar,56,16,86,1,159,0,1,68,5,74,56,17,154,6,233,207,6,213,446
02/19/2023,PIE,FL,ASO,ES,Towers with Radar,52,30,94,3,179,0,0,77,7,84,52,30,171,10,263,145,2,147,410
02/20/2023,PIE,FL,ASO,ES,Towers with Radar,60,36,106,6,208,0,1,57,2,60,60,37,163,8,268,168,0,168,436
02/21/2023,PIE,FL,ASO,ES,Towers with Radar,26,45,120,11,202,0,0,68,15,83,26,45,188,26,285,329,0,329,614
02/22/2023,PIE,FL,ASO,ES,Towers with Radar,26,38,120,5,189,0,2,92,30,124,26,40,212,35,313,338,20,358,671
02/23/2023,PIE,FL,ASO,ES,Towers with Radar,55,42,105,9,211,0,2,71,12,85,55,44,176,21,296,261,0,261,557
02/24/2023,PIE,FL,ASO,ES,Towers with Radar,60,31,96,10,197,0,6,75,12,93,60,37,171,22,290,194,6,200,490
02/25/2023,PIE,FL,ASO,ES,Towers with Radar,53,30,83,3,169,0,3,62,7,72,53,33,145,10,241,238,4,242,483
02/26/2023,PIE,FL,ASO,ES,Towers with Radar,51,26,93,7,177,0,4,48,3,55,51,30,141,10,232,151,0,151,383
02/27/2023,PIE,FL,ASO,ES,Towers with Radar,63,48,87,8,206,0,8,70,6,84,63,56,157,14,290,158,0,158,448
02/28/2023,PIE,FL,ASO,ES,Towers with Radar,15,46,96,9,166,0,15,69,14,98,15,61,165,23,264,288,0,288,552
03/01/2023,PIE,FL,ASO,ES,Towers with Radar,32,68,90,9,199,0,12,64,22,98,32,80,154,31,297,331,3,334,631
03/02/2023,PIE,FL,ASO,ES,Towers with Radar,56,83,136,11,286,0,15,91,10,116,56,98,227,21,402,189,0,189,591
03/03/2023,PIE,FL,ASO,ES,Towers with Radar,54,81,85,8,228,0,4,21,7,32,54,85,106,15,260,69,2,71,331
03/04/2023,PIE,FL,ASO,ES,Towers with Radar,45,59,78,4,186,0,14,38,3,55,45,73,116,7,241,210,0,210,451
03/05/2023,PIE,FL,ASO,ES,Towers with Radar,54,94,100,5,253,0,14,45,2,61,54,108,145,7,314,192,0,192,506
03/06/2023,PIE,FL,ASO,ES,Towers with Radar,61,77,62,14,214,0,12,75,14,101,61,89,137,28,315,261,4,265,580
03/07/2023,PIE,FL,ASO,ES,Towers with Radar,16,51,86,7,160,0,10,69,7,86,16,61,155,14,246,290,2,292,538
03/08/2023,PIE,FL,ASO,ES,Towers with Radar,24,82,58,9,173,0,14,69,5,88,24,96,127,14,261,299,0,299,560
03/09/2023,PIE,FL,ASO,ES,Towers with Radar,55,63,62,3,183,0,17,64,17,98,55,80,126,20,281,272,0,272,553
03/10/2023,PIE,FL,ASO,ES,Towers with Radar,60,59,58,13,190,0,5,43,19,67,60,64,101,32,257,139,8,147,404
03/11/2023,PIE,FL,ASO,ES,Towers with Radar,46,40,57,3,146,0,8,78,3,89,46,48,135,6,235,290,0,290,525
03/12/2023,PIE,FL,ASO,ES,Towers with Radar,42,45,43,4,134,0,5,51,5,61,42,50,94,9,195,80,0,80,275
03/13/2023,PIE,FL,ASO,ES,Towers with Radar,62,42,48,17,169,0,0,13,8,21,62,42,61,25,190,95,0,95,285
03/14/2023,PIE,FL,ASO,ES,Towers with Radar,25,43,72,3,143,0,11,69,17,97,25,54,141,20,240,174,0,174,414
03/15/2023,PIE,FL,ASO,ES,Towers with Radar,29,41,66,5,141,0,2,36,17,55,29,43,102,22,196,223,4,227,423
03/16/2023,PIE,FL,ASO,ES,Towers with Radar,59,63,78,5,205,0,7,71,21,99,59,70,149,26,304,271,0,271,575
03/17/2023,PIE,FL,ASO,ES,Towers with Radar,67,52,62,4,185,0,5,81,14,100,67,57,143,18,285,169,0,169,454
03/18/2023,PIE,FL,ASO,ES,Towers with Radar,60,55,52,1,168,0,4,26,4,34,60,59,78,5,202,29,0,29,231
03/19/2023,PIE,FL,ASO,ES,Towers with Radar,57,66,71,3,197,0,6,41,3,50,57,72,112,6,247,49,0,49,296
03/20/2023,PIE,FL,ASO,ES,Towers with Radar,63,41,51,14,169,0,10,52,16,78,63,51,103,30,247,184,19,203,450
03/21/2023,PIE,FL,ASO,ES,Towers with Radar,18,53,89,11,171,0,7,73,17,97,18,60,162,28,268,216,4,220,488
03/22/2023,PIE,FL,ASO,ES,Towers with Radar,32,63,87,28,210,0,14,67,38,119,32,77,154,66,329,225,28,253,582
03/23/2023,PIE,FL,ASO,ES,Towers with Radar,54,49,77,11,191,0,15,72,28,115,54,64,149,39,306,241,45,286,592
03/24/2023,PIE,FL,ASO,ES,Towers with Radar,64,65,72,13,214,0,12,84,15,111,64,77,156,28,325,170,0,170,495
03/25/2023,PIE,FL,ASO,ES,Towers with Radar,65,55,57,4,181,0,4,16,4,24,65,59,73,8,205,102,0,102,307
03/26/2023,PIE,FL,ASO,ES,Towers with Radar,50,71,70,2,193,0,12,34,2,48,50,83,104,4,241,0,0,0,241
03/27/2023,PIE,FL,ASO,ES,Towers with Radar,63,66,68,28,225,0,7,58,23,88,63,73,126,51,313,339,22,361,674
03/28/2023,PIE,FL,ASO,ES,Towers with Radar,26,54,71,13,164,0,7,43,12,62,26,61,114,25,226,132,2,134,360
03/29/2023,PIE,FL,ASO,ES,Towers with Radar,30,36,64,11,141,0,6,64,17,87,30,42,128,28,228,276,8,284,512
03/30/2023,PIE,FL,ASO,ES,Towers with Radar,54,47,88,13,202,0,11,78,14,103,54,58,166,27,305,254,2,256,561
03/31/2023,PIE,FL,ASO,ES,Towers with Radar,60,73,85,7,225,0,8,63,8,79,60,81,148,15,304,136,0,136,440
04/01/2023,PIE,FL,ASO,ES,Towers with Radar,67,70,63,1,201,0,9,54,3,66,67,79,117,4,267,111,0,111,378
04/02/2023,PIE,FL,ASO,ES,Towers with Radar,51,39,89,2,181,0,15,59,2,76,51,54,148,4,257,164,32,196,453
04/03/2023,PIE,FL,ASO,ES,Towers with Radar,64,81,45,7,197,0,12,74,13,99,64,93,119,20,296,212,18,230,526
04/04/2023,PIE,FL,ASO,ES,Towers with Radar,18,94,76,7,195,0,10,78,15,103,18,104,154,22,298,241,10,251,549
04/05/2023,PIE,FL,ASO,ES,Towers with Radar,35,83,111,6,235,0,18,82,11,111,35,101,193,17,346,218,0,218,564
04/06/2023,PIE,FL,ASO,ES,Towers with Radar,57,90,104,7,258,0,9,74,26,109,57,99,178,33,367,178,0,178,545
04/07/2023,PIE,FL,ASO,ES,Towers with Radar,62,61,66,2,191,0,18,67,9,94,62,79,133,11,285,228,12,240,525
04/08/2023,PIE,FL,ASO,ES,Towers with Radar,69,63,52,25,209,0,9,67,4,80,69,72,119,29,289,260,0,260,549
04/09/2023,PIE,FL,ASO,ES,Towers with Radar,57,35,57,4,153,0,5,17,1,23,57,40,74,5,176,93,0,93,269
04/10/2023,PIE,FL,ASO,ES,Towers with Radar,62,53,82,5,202,0,7,34,12,53,62,60,116,17,255,125,0,125,380
04/11/2023,PIE,FL,ASO,ES,Towers with Radar,16,46,59,9,130,0,9,34,16,59,16,55,93,25,189,119,0,119,308
04/12/2023,PIE,FL,ASO,ES,Towers with Radar,39,49,43,10,141,0,9,28,7,44,39,58,71,17,185,178,0,178,363
04/13/2023,PIE,FL,ASO,ES,Towers with Radar,59,87,91,14,251,0,7,38,16,61,59,94,129,30,312,203,0,203,515
04/14/2023,PIE,FL,ASO,ES,Towers with Radar,57,75,75,7,214,0,17,72,20,109,57,92,147,27,323,311,30,341,664
04/15/2023,PIE,FL,ASO,ES,Towers with Radar,48,44,75,8,175,0,8,53,3,64,48,52,128,11,239,207,0,207,446
04/16/2023,PIE,FL,ASO,ES,Towers with Radar,54,79,72,5,210,0,16,80,4,100,54,95,152,9,310,196,0,196,506
04/17/2023,PIE,FL,ASO,ES,Towers with Radar,54,75,61,8,198,0,12,60,12,84,54,87,121,20,282,248,0,248,530
04/18/2023,PIE,FL,ASO,ES,Towers with Radar,19,73,68,13,173,0,11,85,11,107,19,84,153,24,280,313,1,314,594
04/19/2023,PIE,FL,ASO,ES,Towers with Radar,30,40,76,10,156,0,10,77,10,97,30,50,153,20,253,336,4,340,593
04/20/2023,PIE,FL,ASO,ES,Towers with Radar,58,59,60,10,187,0,11,94,14,119,58,70,154,24,306,417,0,417,723
04/21/2023,PIE,FL,ASO,ES,Towers with Radar,55,39,63,18,175,0,10,80,12,102,55,49,143,30,277,282,4,286,563
04/22/2023,PIE,FL,ASO,ES,Towers with Radar,39,55,46,6,146,0,13,75,2,90,39,68,121,8,236,213,0,213,449
04/23/2023,PIE,FL,ASO,ES,Towers with Radar,53,41,44,13,151,0,11,69,2,82,53,52,113,15,233,221,0,221,454
04/24/2023,PIE,FL,ASO,ES,Towers with Radar,54,36,61,10,161,0,2,51,5,58,54,38,112,15,219,228,0,228,447
04/25/2023,PIE,FL,ASO,ES,Towers with Radar,15,48,42,7,112,0,8,43,2,53,15,56,85,9,165,378,0,378,543
04/26/2023,PIE,FL,ASO,ES,Towers with Radar,32,53,61,8,154,0,13,83,6,102,32,66,144,14,256,222,0,222,478
04/27/2023,PIE,FL,ASO,ES,Towers with Radar,40,73,79,7,199,0,5,71,6,82,40,78,150,13,281,161,0,161,442
04/28/2023,PIE,FL,ASO,ES,Towers with Radar,55,33,44,6,138,0,5,40,2,47,55,38,84,8,185,248,0,248,433
04/29/2023,PIE,FL,ASO,ES,Towers with Radar,34,31,27,0,92,0,5,26,0,31,34,36,53,0,123,156,0,156,279
04/30/2023,PIE,FL,ASO,ES,Towers with Radar,56,20,23,1,100,0,1,9,0,10,56,21,32,1,110,0,0,0,110
05/01/2023,PIE,FL,ASO,ES,Towers with Radar,57,59,69,1,186,0,16,75,4,95,57,75,144,5,281,206,8,214,495
05/02/2023,PIE,FL,ASO,ES,Towers with Radar,10,41,49,7,107,0,8,45,11,64,10,49,94,18,171,234,11,245,416
05/03/2023,PIE,FL,ASO,ES,Towers with Radar,24,65,73,8,170,0,11,63,10,84,24,76,136,18,254,202,18,220,474
05/04/2023,PIE,FL,ASO,ES,Towers with Radar,54,46,77,12,189,0,9,119,6,134,54,55,196,18,323,282,6,288,611
05/05/2023,PIE,FL,ASO,ES,Towers with Radar,59,54,65,9,187,0,13,81,13,107,59,67,146,22,294,285,12,297,591
05/06/2023,PIE,FL,ASO,ES,Towers with Radar,33,41,31,11,116,0,14,61,0,75,33,55,92,11,191,303,0,303,494
05/07/2023,PIE,FL,ASO,ES,Towers with Radar,51,50,63,8,172,0,8,46,1,55,51,58,109,9,227,258,0,258,485
05/08/2023,PIE,FL,ASO,ES,Towers with Radar,52,63,64,7,186,0,10,77,8,95,52,73,141,15,281,277,10,287,568
05/09/2023,PIE,FL,ASO,ES,Towers with Radar,9,47,52,7,115,0,16,74,6,96,9,63,126,13,211,317,2,319,530
05/10/2023,PIE,FL,ASO,ES,Towers with Radar,22,62,49,0,133,0,15,72,19,106,22,77,121,19,239,303,25,328,567
05/11/2023,PIE,FL,ASO,ES,Towers with Radar,52,72,54,3,181,0,8,54,17,79,52,80,108,20,260,171,18,189,449
05/12/2023,PIE,FL,ASO,ES,Towers with Radar,54,53,70,8,185,0,17,59,14,90,54,70,129,22,275,204,8,212,487
05/13/2023,PIE,FL,ASO,ES,Towers with Radar,30,44,35,0,109,0,18,61,4,83,30,62,96,4,192,125,0,125,317
05/14/2023,PIE,FL,ASO,ES,Towers with Radar,55,37,44,4,140,0,15,48,3,66,55,52,92,7,206,122,0,122,328
05/15/2023,PIE,FL,ASO,ES,Towers with Radar,53,59,52,6,170,0,20,64,9,93,53,79,116,15,263,309,0,309,572
05/16/2023,PIE,FL,ASO,ES,Towers with Radar,11,75,40,9,135,0,10,83,15,108,11,85,123,24,243,295,0,295,538
05/17/2023,PIE,FL,ASO,ES,Towers with Radar,20,52,75,6,153,0,12,86,22,120,20,64,161,28,273,327,6,333,606
05/18/2023,PIE,FL,ASO,ES,Towers with Radar,54,67,69,5,195,0,14,99,11,124,54,81,168,16,319,371,5,376,695
05/19/2023,PIE,FL,ASO,ES,Towers with Radar,62,45,57,10,174,0,12,52,13,77,62,57,109,23,251,313,18,331,582
05/20/2023,PIE,FL,ASO,ES,Towers with Radar,28,30,42,7,107,0,22,85,5,112,28,52,127,12,219,348,0,348,567
05/21/2023,PIE,FL,ASO,ES,Towers with Radar,56,32,39,5,132,0,14,68,2,84,56,46,107,7,216,253,1,254,470
05/22/2023,PIE,FL,ASO,ES,Towers with Radar,60,52,42,10,164,0,16,68,15,99,60,68,110,25,263,277,0,277,540
05/23/2023,PIE,FL,ASO,ES,Towers with Radar,10,42,64,11,127,0,10,47,14,71,10,52,111,25,198,283,10,293,491
05/24/2023,PIE,FL,ASO,ES,Towers with Radar,21,53,64,5,143,0,8,45,8,61,21,61,109,13,204,205,0,205,409
05/25/2023,PIE,FL,ASO,ES,Towers with Radar,61,56,61,10,188,0,7,62,9,78,61,63,123,19,266,243,0,243,509
05/26/2023,PIE,FL,ASO,ES,Towers with Radar,63,57,103,3,226,0,14,81,5,100,63,71,184,8,326,272,4,276,602
05/27/2023,PIE,FL,ASO,ES,Towers with Radar,43,56,40,3,142,0,17,79,2,98,43,73,119,5,240,295,0,295,535
05/28/2023,PIE,FL,ASO,ES,Towers with Radar,62,44,35,0,141,0,11,48,2,61,62,55,83,2,202,217,0,217,419
05/29/2023,PIE,FL,ASO,ES,Towers with Radar,69,41,50,2,162,0,8,44,6,58,69,49,94,8,220,120,0,120,340
05/30/2023,PIE,FL,ASO,ES,Towers with Radar,15,57,63,12,147,0,11,76,6,93,15,68,139,18,240,337,24,361,601
05/31/2023,PIE,FL,ASO,ES,Towers with Radar,28,24,48,16,116,0,11,49,3,63,28,35,97,19,179,267,0,267,446
06/01/2023,PIE,FL,ASO,ES,Towers with Radar,55,44,43,11,153,0,7,33,11,51,55,51,76,22,204,306,4,310,514
06/02/2023,PIE,FL,ASO,ES,Towers with Radar,65,42,51,16,174,0,3,29,17,49,65,45,80,33,223,154,18,172,395
06/03/2023,PIE,FL,ASO,ES,Towers with Radar,50,33,39,3,125,0,14,45,1,60,50,47,84,4,185,324,0,324,509
06/04/2023,PIE,FL,ASO,ES,Towers with Radar,58,23,50,8,139,0,8,56,6,70,58,31,106,14,209,163,0,163,372
06/05/2023,PIE,FL,ASO,ES,Towers with Radar,61,39,61,8,169,1,15,47,10,73,62,54,108,18,242,404,11,415,657
06/06/2023,PIE,FL,ASO,ES,Towers with Radar,8,54,64,3,129,0,16,75,9,100,8,70,139,12,229,426,2,428,657
06/07/2023,PIE,FL,ASO,ES,Towers with Radar,36,57,66,5,164,0,17,57,10,84,36,74,123,15,248,276,0,276,524
06/08/2023,PIE,FL,ASO,ES,Towers with Radar,58,70,58,3,189,0,22,62,12,96,58,92,120,15,285,253,8,261,546
06/09/2023,PIE,FL,ASO,ES,Towers with Radar,66,51,60,16,193,0,17,70,17,104,66,68,130,33,297,376,4,380,677
06/10/2023,PIE,FL,ASO,ES,Towers with Radar,57,35,38,1,131,0,14,58,5,77,57,49,96,6,208,318,3,321,529
06/11/2023,PIE,FL,ASO,ES,Towers with Radar,56,35,31,11,133,0,20,70,2,92,56,55,101,13,225,229,6,235,460
06/12/2023,PIE,FL,ASO,ES,Towers with Radar,66,55,46,11,178,0,19,67,11,97,66,74,113,22,275,327,33,360,635
06/13/2023,PIE,FL,ASO,ES,Towers with Radar,10,50,70,12,142,0,22,78,6,106,10,72,148,18,248,454,0,454,702
06/14/2023,PIE,FL,ASO,ES,Towers with Radar,39,56,45,8,148,0,18,75,13,106,39,74,120,21,254,343,0,343,597
06/15/2023,PIE,FL,ASO,ES,Towers with Radar,51,56,80,15,202,0,21,51,8,80,51,77,131,23,282,225,0,225,507
06/16/2023,PIE,FL,ASO,ES,Towers with Radar,62,36,50,4,152,0,7,29,4,40,62,43,79,8,192,184,2,186,378
06/17/2023,PIE,FL,ASO,ES,Towers with Radar,56,27,15,4,102,0,4,24,5,33,56,31,39,9,135,119,2,121,256
06/18/2023,PIE,FL,ASO,ES,Towers with Radar,62,20,34,2,118,0,14,34,4,52,62,34,68,6,170,94,0,94,264
06/19/2023,PIE,FL,ASO,ES,Towers with Radar,63,34,78,3,178,0,17,64,3,84,63,51,142,6,262,262,0,262,524
06/20/2023,PIE,FL,ASO,ES,Towers with Radar,10,22,49,2,83,0,3,17,9,29,10,25,66,11,112,119,0,119,231
06/21/2023,PIE,FL,ASO,ES,Towers with Radar,39,14,27,2,82,0,4,11,15,30,39,18,38,17,112,34,0,34,146
06/22/2023,PIE,FL,ASO,ES,Towers with Radar,56,46,36,3,141,0,25,54,14,93,56,71,90,17,234,314,5,319,553
06/23/2023,PIE,FL,ASO,ES,Towers with Radar,62,36,38,2,138,0,13,35,8,56,62,49,73,10,194,229,0,229,423
06/24/2023,PIE,FL,ASO,ES,Towers with Radar,57,50,37,1,145,0,14,79,3,96,57,64,116,4,241,243,0,243,484
06/25/2023,PIE,FL,ASO,ES,Towers with Radar,59,55,33,5,152,0,10,49,1,60,59,65,82,6,212,213,1,214,426
06/26/2023,PIE,FL,ASO,ES,Towers with Radar,65,39,49,2,155,0,11,65,8,84,65,50,114,10,239,233,0,233,472
06/27/2023,PIE,FL,ASO,ES,Towers with Radar,11,66,58,4,139,0,12,74,12,98,11,78,132,16,237,245,0,245,482
06/28/2023,PIE,FL,ASO,ES,Towers with Radar,39,42,49,8,138,0,4,33,8,45,39,46,82,16,183,240,8,248,431
06/29/2023,PIE,FL,ASO,ES,Towers with Radar,57,55,67,9,188,0,7,70,14,91,57,62,137,23,279,177,6,183,462
06/30/2023,PIE,FL,ASO,ES,Towers with Radar,62,54,76,3,195,0,9,54,16,79,62,63,130,19,274,220,26,246,520
07/01/2023,PIE,FL,ASO,ES,Towers with Radar,56,45,35,0,136,1,14,54,5,74,57,59,89,5,210,204,0,204,414
07/02/2023,PIE,FL,ASO,ES,Towers with Radar,56,42,27,1,126,0,12,34,9,55,56,54,61,10,181,139,3,142,323
07/03/2023,PIE,FL,ASO,ES,Towers with Radar,66,26,22,1,115,0,9,36,2,47,66,35,58,3,162,248,0,248,410
07/04/2023,PIE,FL,ASO,ES,Towers with Radar,9,36,15,0,60,0,3,26,6,35,9,39,41,6,95,179,2,181,276
07/05/2023,PIE,FL,ASO,ES,Towers with Radar,40,18,49,1,108,0,4,48,8,60,40,22,97,9,168,119,0,119,287
07/06/2023,PIE,FL,ASO,ES,Towers with Radar,56,44,44,2,146,0,3,60,14,77,56,47,104,16,223,157,15,172,395
07/07/2023,PIE,FL,ASO,ES,Towers with Radar,61,60,53,9,183,0,6,44,10,60,61,66,97,19,243,200,26,226,469
07/08/2023,PIE,FL,ASO,ES,Towers with Radar,58,25,30,3,116,0,6,14,0,20,58,31,44,3,136,29,0,29,165
07/09/2023,PIE,FL,ASO,ES,Towers with Radar,56,61,55,0,172,0,14,56,5,75,56,75,111,5,247,220,0,220,467
07/10/2023,PIE,FL,ASO,ES,Towers with Radar,62,69,35,5,171,0,6,38,6,50,62,75,73,11,221,110,12,122,343
07/11/2023,PIE,FL,ASO,ES,Towers with Radar,11,60,51,6,128,0,5,42,9,56,11,65,93,15,184,225,0,225,409
07/12/2023,PIE,FL,ASO,ES,Towers with Radar,39,84,48,8,179,0,9,75,15,99,39,93,123,23,278,202,6,208,486
07/13/2023,PIE,FL,ASO,ES,Towers with Radar,59,66,54,6,185,0,19,73,20,112,59,85,127,26,297,225,1,226,523
07/14/2023,PIE,FL,ASO,ES,Towers with Radar,65,72,51,10,198,0,14,83,21,118,65,86,134,31,316,236,40,276,592
07/15/2023,PIE,FL,ASO,ES,Towers with Radar,57,65,38,12,172,0,17,84,6,107,57,82,122,18,279,200,0,200,479
07/16/2023,PIE,FL,ASO,ES,Towers with Radar,56,49,41,5,151,0,8,37,4,49,56,57,78,9,200,162,0,162,362
07/17/2023,PIE,FL,ASO,ES,Towers with Radar,61,57,61,7,186,0,3,52,11,66,61,60,113,18,252,170,0,170,422
07/18/2023,PIE,FL,ASO,ES,Towers with Radar,8,33,42,12,95,0,7,45,7,59,8,40,87,19,154,143,0,143,297
07/19/2023,PIE,FL,ASO,ES,Towers with Radar,41,68,48,5,162,0,12,96,7,115,41,80,144,12,277,296,2,298,575
07/20/2023,PIE,FL,ASO,ES,Towers with Radar,55,50,50,10,165,0,8,74,15,97,55,58,124,25,262,255,2,257,519
07/21/2023,PIE,FL,ASO,ES,Towers with Radar,59,58,52,8,177,0,14,71,7,92,59,72,123,15,269,224,1,225,494
07/22/2023,PIE,FL,ASO,ES,Towers with Radar,58,50,34,3,145,0,8,60,4,72,58,58,94,7,217,104,0,104,321
07/23/2023,PIE,FL,ASO,ES,Towers with Radar,59,17,27,4,107,0,4,28,6,38,59,21,55,10,145,173,0,173,318
07/24/2023,PIE,FL,ASO,ES,Towers with Radar,64,32,42,5,143,0,6,36,2,44,64,38,78,7,187,121,0,121,308
07/25/2023,PIE,FL,ASO,ES,Towers with Radar,9,55,47,5,116,0,8,84,13,105,9,63,131,18,221,389,2,391,612
07/26/2023,PIE,FL,ASO,ES,Towers with Radar,40,45,46,6,137,0,9,53,7,69,40,54,99,13,206,283,0,283,489
07/27/2023,PIE,FL,ASO,ES,Towers with Radar,57,59,50,4,170,0,6,69,4,79,57,65,119,8,249,307,0,307,556
07/28/2023,PIE,FL,ASO,ES,Towers with Radar,63,51,66,3,183,0,9,63,5,77,63,60,129,8,260,267,0,267,527
07/29/2023,PIE,FL,ASO,ES,Towers with Radar,57,57,33,1,148,0,4,64,2,70,57,61,97,3,218,266,0,266,484
07/30/2023,PIE,FL,ASO,ES,Towers with Radar,57,27,38,0,122,0,9,49,4,62,57,36,87,4,184,200,0,200,384
07/31/2023,PIE,FL,ASO,ES,Towers with Radar,61,30,31,3,125,0,5,42,7,54,61,35,73,10,179,184,0,184,363
08/01/2023,PIE,FL,ASO,ES,Towers with Radar,8,42,48,15,113,0,10,48,9,67,8,52,96,24,180,276,0,276,456
08/02/2023,PIE,FL,ASO,ES,Towers with Radar,37,44,37,4,122,0,15,72,16,103,37,59,109,20,225,248,2,250,475
08/03/2023,PIE,FL,ASO,ES,Towers with Radar,58,69,33,8,168,0,14,77,10,101,58,83,110,18,269,253,4,257,526
08/04/2023,PIE,FL,ASO,ES,Towers with Radar,59,81,59,4,203,0,11,74,6,91,59,92,133,10,294,268,1,269,563
08/05/2023,PIE,FL,ASO,ES,Towers with Radar,56,50,40,5,151,0,11,63,0,74,56,61,103,5,225,230,0,230,455
08/06/2023,PIE,FL,ASO,ES,Towers with Radar,58,41,30,3,132,0,8,49,5,62,58,49,79,8,194,210,0,210,404
08/07/2023,PIE,FL,ASO,ES,Towers with Radar,58,53,43,12,166,0,15,52,3,70,58,68,95,15,236,167,12,179,415
08/08/2023,PIE,FL,ASO,ES,Towers with Radar,8,64,53,10,135,0,19,77,17,113,8,83,130,27,248,256,10,266,514
08/09/2023,PIE,FL,ASO,ES,Towers with Radar,23,62,43,12,140,0,12,83,14,109,23,74,126,26,249,233,6,239,488
08/10/2023,PIE,FL,ASO,ES,Towers with Radar,63,58,57,12,190,0,12,73,13,98,63,70,130,25,288,249,14,263,551
08/11/2023,PIE,FL,ASO,ES,Towers with Radar,62,40,49,5,156,0,12,69,6,87,62,52,118,11,243,272,2,274,517
08/12/2023,PIE,FL,ASO,ES,Towers with Radar,57,51,39,0,147,0,13,59,3,75,57,64,98,3,222,223,0,223,445
08/13/2023,PIE,FL,ASO,ES,Towers with Radar,59,36,35,2,132,0,12,56,3,71,59,48,91,5,203,129,8,137,340
08/14/2023,PIE,FL,ASO,ES,Towers with Radar,64,40,44,6,154,0,6,50,11,67,64,46,94,17,221,184,0,184,405
08/15/2023,PIE,FL,ASO,ES,Towers with Radar,7,48,53,6,114,1,18,72,10,101,8,66,125,16,215,310,0,310,525
08/16/2023,PIE,FL,ASO,ES,Towers with Radar,20,23,35,0,78,0,7,44,13,64,20,30,79,13,142,148,16,164,306
08/17/2023,PIE,FL,ASO,ES,Towers with Radar,42,47,41,6,136,0,4,52,4,60,42,51,93,10,196,254,3,257,453
08/18/2023,PIE,FL,ASO,ES,Towers with Radar,43,33,37,4,117,0,4,31,8,43,43,37,68,12,160,118,0,118,278
08/19/2023,PIE,FL,ASO,ES,Towers with Radar,24,52,32,2,110,0,13,73,0,86,24,65,105,2,196,243,0,243,439
08/20/2023,PIE,FL,ASO,ES,Towers with Radar,42,54,32,4,132,0,13,34,0,47,42,67,66,4,179,60,0,60,239
08/21/2023,PIE,FL,ASO,ES,Towers with Radar,44,56,60,7,167,0,11,63,16,90,44,67,123,23,257,287,28,315,572
08/22/2023,PIE,FL,ASO,ES,Towers with Radar,8,52,45,6,111,0,11,62,17,90,8,63,107,23,201,220,2,222,423
08/23/2023,PIE,FL,ASO,ES,Towers with Radar,12,50,42,11,115,0,8,51,18,77,12,58,93,29,192,287,1,288,480
08/24/2023,PIE,FL,ASO,ES,Towers with Radar,45,67,56,9,177,0,7,83,15,105,45,74,139,24,282,358,6,364,646
08/25/2023,PIE,FL,ASO,ES,Towers with Radar,47,66,52,13,178,0,7,82,20,109,47,73,134,33,287,364,11,375,662
08/26/2023,PIE,FL,ASO,ES,Towers with Radar,20,42,25,1,88,0,8,58,6,72,20,50,83,7,160,238,0,238,398
08/27/2023,PIE,FL,ASO,ES,Towers with Radar,43,58,36,3,140,0,8,48,5,61,43,66,84,8,201,190,0,190,391
08/28/2023,PIE,FL,ASO,ES,Towers with Radar,50,52,82,6,190,0,0,33,10,43,50,52,115,16,233,4,8,12,245
08/29/2023,PIE,FL,ASO,ES,Towers with Radar,14,9,22,10,55,0,0,12,3,15,14,9,34,13,70,0,0,0,70
08/30/2023,PIE,FL,ASO,ES,Towers with Radar,7,4,5,0,16,0,0,8,4,12,7,4,13,4,28,0,0,0,28
08/31/2023,PIE,FL,ASO,ES,Towers with Radar,42,32,49,5,128,0,2,35,7,44,42,34,84,12,172,25,14,39,211
