01/01/2000,PKB,WV,AEA,CE,Federal Contract Tower,0,4,2,0,6,0,0,31,0,31,0,4,33,0,37,22,0,22,59
01/02/2000,PKB,WV,AEA,CE,Federal Contract Tower,0,13,7,0,20,0,0,28,0,28,0,13,35,0,48,12,0,12,60
01/03/2000,PKB,WV,AEA,CE,Federal Contract Tower,0,19,9,2,30,0,3,14,0,17,0,22,23,2,47,24,0,24,71
01/04/2000,PKB,WV,AEA,CE,Federal Contract Tower,0,20,11,3,34,0,7,7,10,24,0,27,18,13,58,4,8,12,70
01/05/2000,PKB,WV,AEA,CE,Federal Contract Tower,0,24,12,4,40,0,4,42,18,64,0,28,54,22,104,92,60,152,256
01/06/2000,PKB,WV,AEA,CE,Federal Contract Tower,0,36,19,5,60,0,4,39,5,48,0,40,58,10,108,40,54,94,202
01/07/2000,PKB,WV,AEA,CE,Federal Contract Tower,0,28,15,4,47,0,2,49,9,60,0,30,64,13,107,26,12,38,145
01/08/2000,PKB,WV,AEA,CE,Federal Contract Tower,0,10,10,3,23,0,0,67,34,101,0,10,77,37,124,12,76,88,212
01/09/2000,PKB,WV,AEA,CE,Federal Contract Tower,0,10,8,3,21,0,0,14,13,27,0,10,22,16,48,40,32,72,120
01/10/2000,PKB,WV,AEA,CE,Federal Contract Tower,0,17,8,3,28,0,3,10,3,16,0,20,18,6,44,12,0,12,56
01/11/2000,PKB,WV,AEA,CE,Federal Contract Tower,0,20,11,1,32,0,6,7,0,13,0,26,18,1,45,18,0,18,63
01/12/2000,PKB,WV,AEA,CE,Federal Contract Tower,0,28,17,5,50,0,0,55,6,61,0,28,72,11,111,98,48,146,257
01/13/2000,PKB,WV,AEA,CE,Federal Contract Tower,0,29,15,4,48,0,3,5,2,10,0,32,20,6,58,0,0,0,58
01/14/2000,PKB,WV,AEA,CE,Federal Contract Tower,0,26,15,4,45,0,0,37,3,40,0,26,52,7,85,54,16,70,155
01/15/2000,PKB,WV,AEA,CE,Federal Contract Tower,0,11,7,0,18,0,0,55,0,55,0,11,62,0,73,70,0,70,143
01/16/2000,PKB,WV,AEA,CE,Federal Contract Tower,0,14,7,1,22,0,0,15,4,19,0,14,22,5,41,14,0,14,55
01/17/2000,PKB,WV,AEA,CE,Federal Contract Tower,0,24,12,0,36,0,1,31,0,32,0,25,43,0,68,44,0,44,112
01/18/2000,PKB,WV,AEA,CE,Federal Contract Tower,0,25,12,3,40,0,1,22,2,25,0,26,34,5,65,6,28,34,99
01/19/2000,PKB,WV,AEA,CE,Federal Contract Tower,0,30,16,4,50,0,0,27,12,39,0,30,43,16,89,10,14,24,113
01/20/2000,PKB,WV,AEA,CE,Federal Contract Tower,0,23,11,0,34,0,5,1,0,6,0,28,12,0,40,0,0,0,40
01/21/2000,PKB,WV,AEA,CE,Federal Contract Tower,0,30,15,3,48,0,0,18,12,30,0,30,33,15,78,24,12,36,114
01/22/2000,PKB,WV,AEA,CE,Federal Contract Tower,0,13,8,1,22,0,0,26,0,26,0,13,34,1,48,16,0,16,64
01/23/2000,PKB,WV,AEA,CE,Federal Contract Tower,0,11,5,0,16,0,2,0,0,2,0,13,5,0,18,0,0,0,18
01/24/2000,PKB,WV,AEA,CE,Federal Contract Tower,0,23,12,3,38,0,0,31,8,39,0,23,43,11,77,38,12,50,127
01/25/2000,PKB,WV,AEA,CE,Federal Contract Tower,0,26,14,3,43,0,0,18,10,28,0,26,32,13,71,22,18,40,111
01/26/2000,PKB,WV,AEA,CE,Federal Contract Tower,0,28,15,4,47,0,0,20,11,31,0,28,35,15,78,22,32,54,132
01/27/2000,PKB,WV,AEA,CE,Federal Contract Tower,0,28,15,4,47,0,0,33,2,35,0,28,48,6,82,24,18,42,124
01/28/2000,PKB,WV,AEA,CE,Federal Contract Tower,0,26,12,3,41,0,1,47,9,57,0,27,59,12,98,28,22,50,148
01/29/2000,PKB,WV,AEA,CE,Federal Contract Tower,0,10,7,1,18,0,0,41,14,55,0,10,48,15,73,92,12,104,177
01/30/2000,PKB,WV,AEA,CE,Federal Contract Tower,0,8,2,0,10,0,2,0,1,3,0,10,2,1,13,0,26,26,39
01/31/2000,PKB,WV,AEA,CE,Federal Contract Tower,0,19,9,2,30,0,5,17,2,24,0,24,26,4,54,4,0,4,58
02/01/2000,PKB,WV,AEA,CE,Federal Contract Tower,0,23,15,0,38,0,5,8,0,13,0,28,23,0,51,8,0,8,59
02/02/2000,PKB,WV,AEA,CE,Federal Contract Tower,0,21,14,4,39,0,7,36,2,45,0,28,50,6,84,54,20,74,158
02/03/2000,PKB,WV,AEA,CE,Federal Contract Tower,0,23,15,4,42,0,5,7,0,12,0,28,22,4,54,0,0,0,54
02/04/2000,PKB,WV,AEA,CE,Federal Contract Tower,0,17,11,2,30,0,10,3,0,13,0,27,14,2,43,8,0,8,51
02/05/2000,PKB,WV,AEA,CE,Federal Contract Tower,0,10,13,4,27,0,0,33,30,63,0,10,46,34,90,48,46,94,184
02/06/2000,PKB,WV,AEA,CE,Federal Contract Tower,0,12,14,4,30,0,0,67,19,86,0,12,81,23,116,86,36,122,238
02/07/2000,PKB,WV,AEA,CE,Federal Contract Tower,0,23,16,4,43,0,0,29,1,30,0,23,45,5,73,110,22,132,205
02/08/2000,PKB,WV,AEA,CE,Federal Contract Tower,0,29,18,4,51,0,0,67,0,67,0,29,85,4,118,96,28,124,242
02/09/2000,PKB,WV,AEA,CE,Federal Contract Tower,0,23,15,4,42,0,6,50,1,57,0,29,65,5,99,44,14,58,157
02/10/2000,PKB,WV,AEA,CE,Federal Contract Tower,0,28,17,4,49,0,0,35,0,35,0,28,52,4,84,14,0,14,98
02/11/2000,PKB,WV,AEA,CE,Federal Contract Tower,0,26,17,5,48,0,2,5,9,16,0,28,22,14,64,72,76,148,212
02/12/2000,PKB,WV,AEA,CE,Federal Contract Tower,0,10,6,0,16,0,1,38,0,39,0,11,44,0,55,68,0,68,123
02/13/2000,PKB,WV,AEA,CE,Federal Contract Tower,0,10,6,0,16,0,2,26,0,28,0,12,32,0,44,6,0,6,50
02/14/2000,PKB,WV,AEA,CE,Federal Contract Tower,0,16,11,0,27,0,5,14,0,19,0,21,25,0,46,8,0,8,54
02/15/2000,PKB,WV,AEA,CE,Federal Contract Tower,0,26,19,5,50,0,0,43,3,46,0,26,62,8,96,58,8,66,162
02/16/2000,PKB,WV,AEA,CE,Federal Contract Tower,0,27,17,4,48,0,0,38,8,46,0,27,55,12,94,78,18,96,190
02/17/2000,PKB,WV,AEA,CE,Federal Contract Tower,0,28,17,4,49,0,0,51,1,52,0,28,68,5,101,98,0,98,199
02/18/2000,PKB,WV,AEA,CE,Federal Contract Tower,0,19,12,0,31,0,7,2,0,9,0,26,14,0,40,0,0,0,40
02/19/2000,PKB,WV,AEA,CE,Federal Contract Tower,0,10,6,1,17,0,0,12,1,13,0,10,18,2,30,12,0,12,42
02/20/2000,PKB,WV,AEA,CE,Federal Contract Tower,0,12,8,2,22,0,0,25,1,26,0,12,33,3,48,18,0,18,66
02/21/2000,PKB,WV,AEA,CE,Federal Contract Tower,0,22,14,0,36,0,4,63,0,67,0,26,77,0,103,102,0,102,205
02/22/2000,PKB,WV,AEA,CE,Federal Contract Tower,0,25,17,4,46,0,0,35,5,40,0,25,52,9,86,88,6,94,180
02/23/2000,PKB,WV,AEA,CE,Federal Contract Tower,0,28,23,5,56,0,0,61,13,74,0,28,84,18,130,86,12,98,228
02/24/2000,PKB,WV,AEA,CE,Federal Contract Tower,0,27,16,4,47,0,2,15,9,26,0,29,31,13,73,62,4,66,139
02/25/2000,PKB,WV,AEA,CE,Federal Contract Tower,0,22,15,3,40,0,0,55,8,63,0,22,70,11,103,18,44,62,165
02/26/2000,PKB,WV,AEA,CE,Federal Contract Tower,0,10,15,3,28,0,0,47,11,58,0,10,62,14,86,34,14,48,134
02/27/2000,PKB,WV,AEA,CE,Federal Contract Tower,0,12,8,2,22,0,0,5,5,10,0,12,13,7,32,4,2,6,38
02/28/2000,PKB,WV,AEA,CE,Federal Contract Tower,0,20,12,2,34,0,4,44,4,52,0,24,56,6,86,36,22,58,144
02/29/2000,PKB,WV,AEA,CE,Federal Contract Tower,0,27,17,0,44,0,0,73,0,73,0,27,90,0,117,128,0,128,245
03/01/2000,PKB,WV,AEA,CE,Federal Contract Tower,0,29,20,2,51,0,0,35,4,39,0,29,55,6,90,8,0,8,98
03/02/2000,PKB,WV,AEA,CE,Federal Contract Tower,0,27,15,3,45,0,1,27,2,30,0,28,42,5,75,52,0,52,127
03/03/2000,PKB,WV,AEA,CE,Federal Contract Tower,0,25,13,3,41,0,2,56,4,62,0,27,69,7,103,72,4,76,179
03/04/2000,PKB,WV,AEA,CE,Federal Contract Tower,0,12,13,2,27,0,0,103,12,115,0,12,116,14,142,136,12,148,290
03/05/2000,PKB,WV,AEA,CE,Federal Contract Tower,0,11,7,1,19,0,3,70,22,95,0,14,77,23,114,62,22,84,198
03/06/2000,PKB,WV,AEA,CE,Federal Contract Tower,0,20,11,2,33,0,2,69,0,71,0,22,80,2,104,122,0,122,226
03/07/2000,PKB,WV,AEA,CE,Federal Contract Tower,0,27,17,3,47,0,0,90,8,98,0,27,107,11,145,88,2,90,235
03/08/2000,PKB,WV,AEA,CE,Federal Contract Tower,0,26,14,3,43,0,2,73,16,91,0,28,87,19,134,96,0,96,230
03/09/2000,PKB,WV,AEA,CE,Federal Contract Tower,0,24,12,3,39,0,4,14,11,29,0,28,26,14,68,4,2,6,74
03/10/2000,PKB,WV,AEA,CE,Federal Contract Tower,0,26,15,3,44,0,0,44,10,54,0,26,59,13,98,62,8,70,168
03/11/2000,PKB,WV,AEA,CE,Federal Contract Tower,0,9,6,1,16,0,2,16,3,21,0,11,22,4,37,12,10,22,59
03/12/2000,PKB,WV,AEA,CE,Federal Contract Tower,0,11,6,1,18,0,1,16,2,19,0,12,22,3,37,12,6,18,55
03/13/2000,PKB,WV,AEA,CE,Federal Contract Tower,0,23,13,3,39,0,0,33,9,42,0,23,46,12,81,42,8,50,131
03/14/2000,PKB,WV,AEA,CE,Federal Contract Tower,0,24,12,3,39,0,2,30,0,32,0,26,42,3,71,46,12,58,129
03/15/2000,PKB,WV,AEA,CE,Federal Contract Tower,0,23,13,2,38,0,8,31,16,55,0,31,44,18,93,6,24,30,123
03/16/2000,PKB,WV,AEA,CE,Federal Contract Tower,0,28,16,2,46,0,0,4,0,4,0,28,20,2,50,12,0,12,62
03/17/2000,PKB,WV,AEA,CE,Federal Contract Tower,0,23,13,1,37,0,4,19,11,34,0,27,32,12,71,18,0,18,89
03/18/2000,PKB,WV,AEA,CE,Federal Contract Tower,0,10,6,1,17,0,0,84,2,86,0,10,90,3,103,68,4,72,175
03/19/2000,PKB,WV,AEA,CE,Federal Contract Tower,0,12,8,1,21,0,0,21,11,32,0,12,29,12,53,58,0,58,111
03/20/2000,PKB,WV,AEA,CE,Federal Contract Tower,0,27,13,2,42,0,1,2,5,8,0,28,15,7,50,0,0,0,50
03/21/2000,PKB,WV,AEA,CE,Federal Contract Tower,0,27,18,2,47,0,0,17,2,19,0,27,35,4,66,48,18,66,132
03/22/2000,PKB,WV,AEA,CE,Federal Contract Tower,0,28,14,2,44,0,2,49,6,57,0,30,63,8,101,132,26,158,259
03/23/2000,PKB,WV,AEA,CE,Federal Contract Tower,0,28,16,2,46,0,0,46,3,49,0,28,62,5,95,64,0,64,159
03/24/2000,PKB,WV,AEA,CE,Federal Contract Tower,0,26,13,2,41,0,4,67,4,75,0,30,80,6,116,74,22,96,212
03/25/2000,PKB,WV,AEA,CE,Federal Contract Tower,0,10,6,0,16,0,0,16,7,23,0,10,22,7,39,12,0,12,51
03/26/2000,PKB,WV,AEA,CE,Federal Contract Tower,0,11,6,0,17,0,2,66,2,70,0,13,72,2,87,22,4,26,113
03/27/2000,PKB,WV,AEA,CE,Federal Contract Tower,0,25,14,2,41,0,0,20,1,21,0,25,34,3,62,34,0,34,96
03/28/2000,PKB,WV,AEA,CE,Federal Contract Tower,0,26,13,2,41,0,2,21,2,25,0,28,34,4,66,0,8,8,74
03/29/2000,PKB,WV,AEA,CE,Federal Contract Tower,0,25,12,2,39,0,4,23,10,37,0,29,35,12,76,12,14,26,102
03/30/2000,PKB,WV,AEA,CE,Federal Contract Tower,0,27,15,2,44,0,0,68,12,80,0,27,83,14,124,46,2,48,172
03/31/2000,PKB,WV,AEA,CE,Federal Contract Tower,0,22,12,0,34,0,3,54,0,57,0,25,66,0,91,62,0,62,153
04/01/2000,PKB,WV,AEA,CE,Federal Contract Tower,0,10,15,3,28,0,0,79,18,97,0,10,94,21,125,90,14,104,229
04/02/2000,PKB,WV,AEA,CE,Federal Contract Tower,0,9,8,0,17,0,3,3,0,6,0,12,11,0,23,14,0,14,37
04/03/2000,PKB,WV,AEA,CE,Federal Contract Tower,0,14,10,3,27,0,6,4,3,13,0,20,14,6,40,8,0,8,48
04/04/2000,PKB,WV,AEA,CE,Federal Contract Tower,0,24,19,4,47,0,5,36,7,48,0,29,55,11,95,30,6,36,131
04/05/2000,PKB,WV,AEA,CE,Federal Contract Tower,0,24,19,4,47,0,2,22,8,32,0,26,41,12,79,18,0,18,97
04/06/2000,PKB,WV,AEA,CE,Federal Contract Tower,0,23,17,4,44,0,3,32,4,39,0,26,49,8,83,62,56,118,201
04/07/2000,PKB,WV,AEA,CE,Federal Contract Tower,0,23,17,4,44,0,6,12,4,22,0,29,29,8,66,12,8,20,86
04/08/2000,PKB,WV,AEA,CE,Federal Contract Tower,0,10,11,3,24,0,0,7,10,17,0,10,18,13,41,18,44,62,103
04/09/2000,PKB,WV,AEA,CE,Federal Contract Tower,0,14,11,3,28,0,0,22,9,31,0,14,33,12,59,8,14,22,81
04/10/2000,PKB,WV,AEA,CE,Federal Contract Tower,0,22,19,0,41,0,0,56,0,56,0,22,75,0,97,82,0,82,179
04/11/2000,PKB,WV,AEA,CE,Federal Contract Tower,0,20,16,3,39,0,5,11,0,16,0,25,27,3,55,12,0,12,67
04/12/2000,PKB,WV,AEA,CE,Federal Contract Tower,0,26,21,5,52,0,0,22,13,35,0,26,43,18,87,16,24,40,127
04/13/2000,PKB,WV,AEA,CE,Federal Contract Tower,0,25,19,4,48,0,3,53,5,61,0,28,72,9,109,48,8,56,165
04/14/2000,PKB,WV,AEA,CE,Federal Contract Tower,0,26,22,5,53,0,0,80,3,83,0,26,102,8,136,40,6,46,182
04/15/2000,PKB,WV,AEA,CE,Federal Contract Tower,0,9,8,2,19,0,1,71,0,72,0,10,79,2,91,72,0,72,163
04/16/2000,PKB,WV,AEA,CE,Federal Contract Tower,0,16,14,2,32,0,0,64,2,66,0,16,78,4,98,86,4,90,188
04/17/2000,PKB,WV,AEA,CE,Federal Contract Tower,0,19,18,3,40,0,0,10,2,12,0,19,28,5,52,6,0,6,58
04/18/2000,PKB,WV,AEA,CE,Federal Contract Tower,0,24,18,2,44,0,3,24,0,27,0,27,42,2,71,38,0,38,109
04/19/2000,PKB,WV,AEA,CE,Federal Contract Tower,0,27,27,4,58,0,0,44,40,84,0,27,71,44,142,88,22,110,252
04/20/2000,PKB,WV,AEA,CE,Federal Contract Tower,0,22,15,3,40,0,7,37,9,53,0,29,52,12,93,28,18,46,139
04/21/2000,PKB,WV,AEA,CE,Federal Contract Tower,0,23,17,3,43,0,2,2,2,6,0,25,19,5,49,12,6,18,67
04/22/2000,PKB,WV,AEA,CE,Federal Contract Tower,0,10,12,2,24,0,0,9,0,9,0,10,21,2,33,18,0,18,51
04/23/2000,PKB,WV,AEA,CE,Federal Contract Tower,0,12,9,0,21,0,0,22,0,22,0,12,31,0,43,24,0,24,67
04/24/2000,PKB,WV,AEA,CE,Federal Contract Tower,0,21,16,2,39,0,0,30,6,36,0,21,46,8,75,42,0,42,117
04/25/2000,PKB,WV,AEA,CE,Federal Contract Tower,0,20,15,2,37,0,5,47,11,63,0,25,62,13,100,94,4,98,198
04/26/2000,PKB,WV,AEA,CE,Federal Contract Tower,0,27,24,4,55,0,0,67,12,79,0,27,91,16,134,104,16,120,254
04/27/2000,PKB,WV,AEA,CE,Federal Contract Tower,0,27,20,3,50,0,2,41,16,59,0,29,61,19,109,32,18,50,159
04/28/2000,PKB,WV,AEA,CE,Federal Contract Tower,0,20,16,2,38,0,4,59,18,81,0,24,75,20,119,112,42,154,273
04/29/2000,PKB,WV,AEA,CE,Federal Contract Tower,0,10,12,2,24,0,0,64,11,75,0,10,76,13,99,110,22,132,231
04/30/2000,PKB,WV,AEA,CE,Federal Contract Tower,0,14,10,1,25,0,1,86,5,92,0,15,96,6,117,68,12,80,197
05/01/2000,PKB,WV,AEA,CE,Federal Contract Tower,0,19,18,5,42,0,1,32,0,33,0,20,50,5,75,26,4,30,105
05/02/2000,PKB,WV,AEA,CE,Federal Contract Tower,0,27,25,6,58,0,0,45,1,46,0,27,70,7,104,94,18,112,216
05/03/2000,PKB,WV,AEA,CE,Federal Contract Tower,0,25,25,6,56,0,0,47,12,59,0,25,72,18,115,92,12,104,219
05/04/2000,PKB,WV,AEA,CE,Federal Contract Tower,0,22,21,5,48,0,0,43,6,49,0,22,64,11,97,16,8,24,121
05/05/2000,PKB,WV,AEA,CE,Federal Contract Tower,0,22,21,5,48,0,2,45,17,64,0,24,66,22,112,80,32,112,224
05/06/2000,PKB,WV,AEA,CE,Federal Contract Tower,0,10,11,3,24,0,0,78,14,92,0,10,89,17,116,28,0,28,144
05/07/2000,PKB,WV,AEA,CE,Federal Contract Tower,0,10,13,3,26,0,0,55,14,69,0,10,68,17,95,22,6,28,123
05/08/2000,PKB,WV,AEA,CE,Federal Contract Tower,0,15,14,4,33,0,3,30,1,34,0,18,44,5,67,36,0,36,103
05/09/2000,PKB,WV,AEA,CE,Federal Contract Tower,0,21,20,5,46,0,3,41,0,44,0,24,61,5,90,22,6,28,118
05/10/2000,PKB,WV,AEA,CE,Federal Contract Tower,0,20,19,5,44,0,1,18,1,20,0,21,37,6,64,4,6,10,74
05/11/2000,PKB,WV,AEA,CE,Federal Contract Tower,0,19,17,4,40,0,3,58,7,68,0,22,75,11,108,102,0,102,210
05/12/2000,PKB,WV,AEA,CE,Federal Contract Tower,0,21,20,5,46,0,7,28,1,36,0,28,48,6,82,24,0,24,106
05/13/2000,PKB,WV,AEA,CE,Federal Contract Tower,0,9,9,3,21,0,2,28,0,30,0,11,37,3,51,22,0,22,73
05/14/2000,PKB,WV,AEA,CE,Federal Contract Tower,0,10,8,0,18,0,1,51,0,52,0,11,59,0,70,22,0,22,92
05/15/2000,PKB,WV,AEA,CE,Federal Contract Tower,0,15,13,4,32,0,0,40,4,44,0,15,53,8,76,38,4,42,118
05/16/2000,PKB,WV,AEA,CE,Federal Contract Tower,0,20,18,3,41,0,1,43,21,65,0,21,61,24,106,60,68,128,234
05/17/2000,PKB,WV,AEA,CE,Federal Contract Tower,0,22,21,4,47,0,0,43,9,52,0,22,64,13,99,72,48,120,219
05/18/2000,PKB,WV,AEA,CE,Federal Contract Tower,0,19,17,3,39,0,2,26,11,39,0,21,43,14,78,34,8,42,120
05/19/2000,PKB,WV,AEA,CE,Federal Contract Tower,0,19,16,3,38,0,2,14,8,24,0,21,30,11,62,12,64,76,138
05/20/2000,PKB,WV,AEA,CE,Federal Contract Tower,0,9,11,2,22,0,0,5,0,5,0,9,16,2,27,22,0,22,49
05/21/2000,PKB,WV,AEA,CE,Federal Contract Tower,0,9,7,1,17,0,1,15,8,24,0,10,22,9,41,62,2,64,105
05/22/2000,PKB,WV,AEA,CE,Federal Contract Tower,0,19,22,4,45,0,0,38,11,49,0,19,60,15,94,74,16,90,184
05/23/2000,PKB,WV,AEA,CE,Federal Contract Tower,0,17,14,3,34,0,2,5,11,18,0,19,19,14,52,0,8,8,60
05/24/2000,PKB,WV,AEA,CE,Federal Contract Tower,0,21,22,4,47,0,0,4,12,16,0,21,26,16,63,16,22,38,101
05/25/2000,PKB,WV,AEA,CE,Federal Contract Tower,0,26,22,5,53,0,0,60,22,82,0,26,82,27,135,50,12,62,197
05/26/2000,PKB,WV,AEA,CE,Federal Contract Tower,0,16,14,3,33,0,7,57,11,75,0,23,71,14,108,36,14,50,158
05/27/2000,PKB,WV,AEA,CE,Federal Contract Tower,0,12,13,0,25,0,0,21,0,21,0,12,34,0,46,22,0,22,68
05/28/2000,PKB,WV,AEA,CE,Federal Contract Tower,0,8,10,0,18,0,0,14,0,14,0,8,24,0,32,22,0,22,54
05/29/2000,PKB,WV,AEA,CE,Federal Contract Tower,0,9,14,3,26,0,0,36,2,38,0,9,50,5,64,100,0,100,164
05/30/2000,PKB,WV,AEA,CE,Federal Contract Tower,0,19,19,2,40,0,0,76,0,76,0,19,95,2,116,0,22,22,138
05/31/2000,PKB,WV,AEA,CE,Federal Contract Tower,0,20,18,3,41,0,2,46,25,73,0,22,64,28,114,26,106,132,246
06/01/2000,PKB,WV,AEA,CE,Federal Contract Tower,0,23,22,3,48,0,0,37,9,46,0,23,59,12,94,84,0,84,178
06/02/2000,PKB,WV,AEA,CE,Federal Contract Tower,0,17,15,3,35,0,1,17,8,26,0,18,32,11,61,22,24,46,107
06/03/2000,PKB,WV,AEA,CE,Federal Contract Tower,0,9,15,2,26,0,0,77,2,79,0,9,92,4,105,50,8,58,163
06/04/2000,PKB,WV,AEA,CE,Federal Contract Tower,0,8,8,2,18,0,1,60,10,71,0,9,68,12,89,52,8,60,149
06/05/2000,PKB,WV,AEA,CE,Federal Contract Tower,0,15,15,2,32,0,3,14,1,18,0,18,29,3,50,48,0,48,98
06/06/2000,PKB,WV,AEA,CE,Federal Contract Tower,0,26,23,3,52,0,8,22,0,30,0,34,45,3,82,32,14,46,128
06/07/2000,PKB,WV,AEA,CE,Federal Contract Tower,0,21,20,3,44,0,1,60,15,76,0,22,80,18,120,108,0,108,228
06/08/2000,PKB,WV,AEA,CE,Federal Contract Tower,0,22,21,3,46,0,0,49,4,53,0,22,70,7,99,28,8,36,135
06/09/2000,PKB,WV,AEA,CE,Federal Contract Tower,0,20,18,3,41,0,2,54,10,66,0,22,72,13,107,34,0,34,141
06/10/2000,PKB,WV,AEA,CE,Federal Contract Tower,0,8,7,2,17,0,1,58,2,61,0,9,65,4,78,44,2,46,124
06/11/2000,PKB,WV,AEA,CE,Federal Contract Tower,0,9,12,2,23,0,0,43,4,47,0,9,55,6,70,38,0,38,108
06/12/2000,PKB,WV,AEA,CE,Federal Contract Tower,0,19,17,3,39,0,0,26,0,26,0,19,43,3,65,84,8,92,157
06/13/2000,PKB,WV,AEA,CE,Federal Contract Tower,0,19,18,3,40,0,2,27,0,29,0,21,45,3,69,32,4,36,105
06/14/2000,PKB,WV,AEA,CE,Federal Contract Tower,0,21,20,3,44,0,1,21,6,28,0,22,41,9,72,28,26,54,126
06/15/2000,PKB,WV,AEA,CE,Federal Contract Tower,0,21,22,3,46,0,0,23,3,26,0,21,45,6,72,24,0,24,96
06/16/2000,PKB,WV,AEA,CE,Federal Contract Tower,0,15,14,2,31,0,4,32,1,37,0,19,46,3,68,18,0,18,86
06/17/2000,PKB,WV,AEA,CE,Federal Contract Tower,0,11,10,2,23,0,1,23,0,24,0,12,33,2,47,24,0,24,71
06/18/2000,PKB,WV,AEA,CE,Federal Contract Tower,0,10,11,0,21,0,0,13,0,13,0,10,24,0,34,12,0,12,46
06/19/2000,PKB,WV,AEA,CE,Federal Contract Tower,0,24,24,3,51,0,0,58,10,68,0,24,82,13,119,52,38,90,209
06/20/2000,PKB,WV,AEA,CE,Federal Contract Tower,0,21,24,3,48,0,0,60,3,63,0,21,84,6,111,46,8,54,165
06/21/2000,PKB,WV,AEA,CE,Federal Contract Tower,0,17,20,2,39,0,0,18,15,33,0,17,38,17,72,8,44,52,124
06/22/2000,PKB,WV,AEA,CE,Federal Contract Tower,0,20,18,2,40,0,6,34,5,45,0,26,52,7,85,20,2,22,107
06/23/2000,PKB,WV,AEA,CE,Federal Contract Tower,0,20,17,2,39,0,0,52,4,56,0,20,69,6,95,28,4,32,127
06/24/2000,PKB,WV,AEA,CE,Federal Contract Tower,0,10,11,1,22,0,0,50,3,53,0,10,61,4,75,52,0,52,127
06/25/2000,PKB,WV,AEA,CE,Federal Contract Tower,0,10,11,1,22,0,0,17,1,18,0,10,28,2,40,8,0,8,48
06/26/2000,PKB,WV,AEA,CE,Federal Contract Tower,0,19,18,2,39,0,0,30,1,31,0,19,48,3,70,22,8,30,100
06/27/2000,PKB,WV,AEA,CE,Federal Contract Tower,0,21,20,2,43,0,0,21,0,21,0,21,41,2,64,32,14,46,110
06/28/2000,PKB,WV,AEA,CE,Federal Contract Tower,0,22,20,2,44,0,0,19,10,29,0,22,39,12,73,32,14,46,119
06/29/2000,PKB,WV,AEA,CE,Federal Contract Tower,0,21,18,2,41,0,4,30,12,46,0,25,48,14,87,38,12,50,137
06/30/2000,PKB,WV,AEA,CE,Federal Contract Tower,0,19,17,2,38,0,4,51,4,59,0,23,68,6,97,52,0,52,149
07/01/2000,PKB,WV,AEA,CE,Federal Contract Tower,0,11,23,0,34,0,0,64,0,64,0,11,87,0,98,44,0,44,142
07/02/2000,PKB,WV,AEA,CE,Federal Contract Tower,0,9,11,1,21,0,1,70,0,71,0,10,81,1,92,22,4,26,118
07/03/2000,PKB,WV,AEA,CE,Federal Contract Tower,0,5,6,0,11,0,3,16,0,19,0,8,22,0,30,4,0,4,34
07/04/2000,PKB,WV,AEA,CE,Federal Contract Tower,0,8,9,0,17,0,4,23,0,27,0,12,32,0,44,26,0,26,70
07/05/2000,PKB,WV,AEA,CE,Federal Contract Tower,0,16,18,0,34,0,5,26,0,31,0,21,44,0,65,26,0,26,91
07/06/2000,PKB,WV,AEA,CE,Federal Contract Tower,0,27,30,0,57,0,1,67,0,68,0,28,97,0,125,66,0,66,191
07/07/2000,PKB,WV,AEA,CE,Federal Contract Tower,0,13,15,2,30,0,9,57,2,68,0,22,72,4,98,30,4,34,132
07/08/2000,PKB,WV,AEA,CE,Federal Contract Tower,0,9,10,1,20,0,4,64,15,83,0,13,74,16,103,34,16,50,153
07/09/2000,PKB,WV,AEA,CE,Federal Contract Tower,0,12,16,2,30,0,0,40,4,44,0,12,56,6,74,42,0,42,116
07/10/2000,PKB,WV,AEA,CE,Federal Contract Tower,0,19,28,0,47,0,0,17,0,17,0,19,45,0,64,22,0,22,86
07/11/2000,PKB,WV,AEA,CE,Federal Contract Tower,0,23,39,2,64,0,0,44,0,44,0,23,83,2,108,68,0,68,176
07/12/2000,PKB,WV,AEA,CE,Federal Contract Tower,0,19,20,2,41,0,4,62,12,78,0,23,82,14,119,40,12,52,171
07/13/2000,PKB,WV,AEA,CE,Federal Contract Tower,0,21,22,2,45,0,2,55,9,66,0,23,77,11,111,36,18,54,165
07/14/2000,PKB,WV,AEA,CE,Federal Contract Tower,0,23,25,3,51,0,0,51,14,65,0,23,76,17,116,54,26,80,196
07/15/2000,PKB,WV,AEA,CE,Federal Contract Tower,0,11,24,3,38,0,0,31,8,39,0,11,55,11,77,24,0,24,101
07/16/2000,PKB,WV,AEA,CE,Federal Contract Tower,0,8,7,1,16,0,2,42,11,55,0,10,49,12,71,22,0,22,93
07/17/2000,PKB,WV,AEA,CE,Federal Contract Tower,0,14,14,2,30,0,4,73,7,84,0,18,87,9,114,66,8,74,188
07/18/2000,PKB,WV,AEA,CE,Federal Contract Tower,0,21,28,3,52,0,0,53,8,61,0,21,81,11,113,58,12,70,183
07/19/2000,PKB,WV,AEA,CE,Federal Contract Tower,0,20,22,1,43,0,3,7,16,26,0,23,29,17,69,44,48,92,161
07/20/2000,PKB,WV,AEA,CE,Federal Contract Tower,0,23,26,2,51,0,3,53,11,67,0,26,79,13,118,52,12,64,182
07/21/2000,PKB,WV,AEA,CE,Federal Contract Tower,0,20,22,1,43,0,1,31,9,41,0,21,53,10,84,42,0,42,126
07/22/2000,PKB,WV,AEA,CE,Federal Contract Tower,0,9,15,1,25,0,0,63,1,64,0,9,78,2,89,36,0,36,125
07/23/2000,PKB,WV,AEA,CE,Federal Contract Tower,0,11,12,0,23,0,0,42,3,45,0,11,54,3,68,22,14,36,104
07/24/2000,PKB,WV,AEA,CE,Federal Contract Tower,0,16,17,1,34,0,1,32,1,34,0,17,49,2,68,8,0,8,76
07/25/2000,PKB,WV,AEA,CE,Federal Contract Tower,0,20,21,1,42,0,3,22,5,30,0,23,43,6,72,48,2,50,122
07/26/2000,PKB,WV,AEA,CE,Federal Contract Tower,0,21,23,1,45,0,3,40,6,49,0,24,63,7,94,80,48,128,222
07/27/2000,PKB,WV,AEA,CE,Federal Contract Tower,0,23,26,2,51,0,2,35,5,42,0,25,61,7,93,28,0,28,121
07/28/2000,PKB,WV,AEA,CE,Federal Contract Tower,0,17,18,1,36,0,3,25,10,38,0,20,43,11,74,56,2,58,132
07/29/2000,PKB,WV,AEA,CE,Federal Contract Tower,0,9,9,0,18,0,1,19,4,24,0,10,28,4,42,12,0,12,54
07/30/2000,PKB,WV,AEA,CE,Federal Contract Tower,0,12,17,1,30,0,0,16,7,23,0,12,33,8,53,16,18,34,87
07/31/2000,PKB,WV,AEA,CE,Federal Contract Tower,0,19,20,1,40,0,2,18,3,23,0,21,38,4,63,28,0,28,91
08/01/2000,PKB,WV,AEA,CE,Federal Contract Tower,0,18,17,2,37,0,1,20,5,26,0,19,37,7,63,24,14,38,101
08/02/2000,PKB,WV,AEA,CE,Federal Contract Tower,0,22,22,2,46,0,0,38,0,38,0,22,60,2,84,48,18,66,150
08/03/2000,PKB,WV,AEA,CE,Federal Contract Tower,0,16,14,3,33,0,8,34,0,42,0,24,48,3,75,22,18,40,115
08/04/2000,PKB,WV,AEA,CE,Federal Contract Tower,0,18,18,3,39,0,0,43,8,51,0,18,61,11,90,22,32,54,144
08/05/2000,PKB,WV,AEA,CE,Federal Contract Tower,0,9,13,2,24,0,0,133,15,148,0,9,146,17,172,44,20,64,236
08/06/2000,PKB,WV,AEA,CE,Federal Contract Tower,0,7,7,1,15,0,1,9,5,15,0,8,16,6,30,16,8,24,54
08/07/2000,PKB,WV,AEA,CE,Federal Contract Tower,0,18,16,3,37,0,0,47,4,51,0,18,63,7,88,38,18,56,144
08/08/2000,PKB,WV,AEA,CE,Federal Contract Tower,0,18,17,3,38,0,8,17,4,29,0,26,34,7,67,18,12,30,97
08/09/2000,PKB,WV,AEA,CE,Federal Contract Tower,0,18,17,3,38,0,3,12,2,17,0,21,29,5,55,12,0,12,67
08/10/2000,PKB,WV,AEA,CE,Federal Contract Tower,0,18,16,3,37,0,3,35,6,44,0,21,51,9,81,44,12,56,137
08/11/2000,PKB,WV,AEA,CE,Federal Contract Tower,0,17,15,3,35,0,6,54,10,70,0,23,69,13,105,14,0,14,119
08/12/2000,PKB,WV,AEA,CE,Federal Contract Tower,0,10,13,2,25,0,0,70,0,70,0,10,83,2,95,26,0,26,121
08/13/2000,PKB,WV,AEA,CE,Federal Contract Tower,0,5,6,0,11,0,5,62,0,67,0,10,68,0,78,48,0,48,126
08/14/2000,PKB,WV,AEA,CE,Federal Contract Tower,0,15,14,2,31,0,1,43,7,51,0,16,57,9,82,32,112,144,226
08/15/2000,PKB,WV,AEA,CE,Federal Contract Tower,0,20,18,3,41,0,1,54,13,68,0,21,72,16,109,56,0,56,165
08/16/2000,PKB,WV,AEA,CE,Federal Contract Tower,0,20,19,3,42,0,2,56,13,71,0,22,75,16,113,54,40,94,207
08/17/2000,PKB,WV,AEA,CE,Federal Contract Tower,0,17,16,3,36,0,7,25,2,34,0,24,41,5,70,12,8,20,90
08/18/2000,PKB,WV,AEA,CE,Federal Contract Tower,0,18,15,2,35,0,4,14,2,20,0,22,29,4,55,0,12,12,67
08/19/2000,PKB,WV,AEA,CE,Federal Contract Tower,0,9,21,2,32,0,0,89,0,89,0,9,110,2,121,68,0,68,189
08/20/2000,PKB,WV,AEA,CE,Federal Contract Tower,0,9,7,1,17,0,0,59,1,60,0,9,66,2,77,24,10,34,111
08/21/2000,PKB,WV,AEA,CE,Federal Contract Tower,0,16,15,1,32,0,3,41,16,60,0,19,56,17,92,32,16,48,140
08/22/2000,PKB,WV,AEA,CE,Federal Contract Tower,0,23,21,2,46,0,0,43,10,53,0,23,64,12,99,42,26,68,167
08/23/2000,PKB,WV,AEA,CE,Federal Contract Tower,0,17,14,2,33,0,4,11,2,17,0,21,25,4,50,12,0,12,62
08/24/2000,PKB,WV,AEA,CE,Federal Contract Tower,0,22,22,2,46,0,0,16,6,22,0,22,38,8,68,24,30,54,122
08/25/2000,PKB,WV,AEA,CE,Federal Contract Tower,0,20,19,2,41,0,0,35,7,42,0,20,54,9,83,22,0,22,105
08/26/2000,PKB,WV,AEA,CE,Federal Contract Tower,0,9,21,2,32,0,0,72,0,72,0,9,93,2,104,50,28,78,182
08/27/2000,PKB,WV,AEA,CE,Federal Contract Tower,0,7,11,1,19,0,0,31,2,33,0,7,42,3,52,22,4,26,78
08/28/2000,PKB,WV,AEA,CE,Federal Contract Tower,0,18,16,2,36,0,0,25,4,29,0,18,41,6,65,32,0,32,97
08/29/2000,PKB,WV,AEA,CE,Federal Contract Tower,0,22,20,2,44,0,4,42,8,54,0,26,62,10,98,44,60,104,202
08/30/2000,PKB,WV,AEA,CE,Federal Contract Tower,0,23,21,2,46,0,0,52,12,64,0,23,73,14,110,2,30,32,142
08/31/2000,PKB,WV,AEA,CE,Federal Contract Tower,0,24,22,3,49,0,0,50,6,56,0,24,72,9,105,44,22,66,171
09/01/2000,PKB,WV,AEA,CE,Federal Contract Tower,0,17,15,4,36,0,6,39,2,47,0,23,54,6,83,18,4,22,105
09/02/2000,PKB,WV,AEA,CE,Federal Contract Tower,0,8,8,1,17,0,0,27,0,27,0,8,35,1,44,22,0,22,66
09/03/2000,PKB,WV,AEA,CE,Federal Contract Tower,0,8,8,3,19,0,0,14,3,17,0,8,22,6,36,22,12,34,70
09/04/2000,PKB,WV,AEA,CE,Federal Contract Tower,0,5,4,2,11,0,4,1,2,7,0,9,5,4,18,0,0,0,18
09/05/2000,PKB,WV,AEA,CE,Federal Contract Tower,0,12,10,3,25,0,6,34,1,41,0,18,44,4,66,28,14,42,108
09/06/2000,PKB,WV,AEA,CE,Federal Contract Tower,0,21,17,5,43,0,3,77,2,82,0,24,94,7,125,34,52,86,211
09/07/2000,PKB,WV,AEA,CE,Federal Contract Tower,0,20,17,5,42,0,3,50,3,56,0,23,67,8,98,48,12,60,158
09/08/2000,PKB,WV,AEA,CE,Federal Contract Tower,0,21,18,5,44,0,2,34,8,44,0,23,52,13,88,22,52,74,162
09/09/2000,PKB,WV,AEA,CE,Federal Contract Tower,0,11,10,3,24,0,2,23,13,38,0,13,33,16,62,12,14,26,88
09/10/2000,PKB,WV,AEA,CE,Federal Contract Tower,0,9,13,4,26,0,0,12,13,25,0,9,25,17,51,8,26,34,85
09/11/2000,PKB,WV,AEA,CE,Federal Contract Tower,0,17,16,5,38,0,0,26,8,34,0,17,42,13,72,26,52,78,150
09/12/2000,PKB,WV,AEA,CE,Federal Contract Tower,0,18,14,4,36,0,3,24,11,38,0,21,38,15,74,30,28,58,132
09/13/2000,PKB,WV,AEA,CE,Federal Contract Tower,0,23,21,6,50,0,0,56,23,79,0,23,77,29,129,38,90,128,257
09/14/2000,PKB,WV,AEA,CE,Federal Contract Tower,0,25,22,7,54,0,0,47,1,48,0,25,69,8,102,72,8,80,182
09/15/2000,PKB,WV,AEA,CE,Federal Contract Tower,0,19,18,5,42,0,0,30,31,61,0,19,48,36,103,12,102,114,217
09/16/2000,PKB,WV,AEA,CE,Federal Contract Tower,0,9,11,3,23,0,0,67,10,77,0,9,78,13,100,34,0,34,134
09/17/2000,PKB,WV,AEA,CE,Federal Contract Tower,0,9,8,1,18,0,0,44,10,54,0,9,52,11,72,6,12,18,90
09/18/2000,PKB,WV,AEA,CE,Federal Contract Tower,0,13,11,2,26,0,4,46,2,52,0,17,57,4,78,42,0,42,120
09/19/2000,PKB,WV,AEA,CE,Federal Contract Tower,0,21,16,4,41,0,6,51,2,59,0,27,67,6,100,58,0,58,158
09/20/2000,PKB,WV,AEA,CE,Federal Contract Tower,0,19,15,4,38,0,3,47,13,63,0,22,62,17,101,32,42,74,175
09/21/2000,PKB,WV,AEA,CE,Federal Contract Tower,0,22,18,4,44,0,0,49,3,52,0,22,67,7,96,32,18,50,146
09/22/2000,PKB,WV,AEA,CE,Federal Contract Tower,0,20,16,4,40,0,0,77,11,88,0,20,93,15,128,32,90,122,250
09/23/2000,PKB,WV,AEA,CE,Federal Contract Tower,0,15,13,3,31,0,0,13,11,24,0,15,26,14,55,8,38,46,101
09/24/2000,PKB,WV,AEA,CE,Federal Contract Tower,0,10,8,2,20,0,1,8,6,15,0,11,16,8,35,0,70,70,105
09/25/2000,PKB,WV,AEA,CE,Federal Contract Tower,0,15,12,2,29,0,1,9,0,10,0,16,21,2,39,0,0,0,39
09/26/2000,PKB,WV,AEA,CE,Federal Contract Tower,0,21,23,5,49,0,0,35,22,57,0,21,58,27,106,0,64,64,170
09/27/2000,PKB,WV,AEA,CE,Federal Contract Tower,0,17,13,3,33,0,0,61,18,79,0,17,74,21,112,28,58,86,198
09/28/2000,PKB,WV,AEA,CE,Federal Contract Tower,0,22,18,4,44,0,1,36,3,40,0,23,54,7,84,18,0,18,102
09/29/2000,PKB,WV,AEA,CE,Federal Contract Tower,0,15,12,3,30,0,2,66,6,74,0,17,78,9,104,42,0,42,146
09/30/2000,PKB,WV,AEA,CE,Federal Contract Tower,0,10,8,0,18,0,1,75,0,76,0,11,83,0,94,28,0,28,122
10/01/2000,PKB,WV,AEA,CE,Federal Contract Tower,0,9,11,0,20,0,0,71,0,71,0,9,82,0,91,28,0,28,119
10/02/2000,PKB,WV,AEA,CE,Federal Contract Tower,0,12,13,2,27,0,6,29,1,36,0,18,42,3,63,56,4,60,123
10/03/2000,PKB,WV,AEA,CE,Federal Contract Tower,0,20,19,3,42,0,3,29,2,34,0,23,48,5,76,44,4,48,124
10/04/2000,PKB,WV,AEA,CE,Federal Contract Tower,0,18,18,3,39,0,5,37,15,57,0,23,55,18,96,30,66,96,192
10/05/2000,PKB,WV,AEA,CE,Federal Contract Tower,0,17,16,0,33,0,5,28,0,33,0,22,44,0,66,32,0,32,98
10/06/2000,PKB,WV,AEA,CE,Federal Contract Tower,0,21,21,4,46,0,0,20,1,21,0,21,41,5,67,12,0,12,79
10/07/2000,PKB,WV,AEA,CE,Federal Contract Tower,0,9,13,2,24,0,0,44,2,46,0,9,57,4,70,22,0,22,92
10/08/2000,PKB,WV,AEA,CE,Federal Contract Tower,0,9,9,0,18,0,0,39,0,39,0,9,48,0,57,12,0,12,69
10/09/2000,PKB,WV,AEA,CE,Federal Contract Tower,0,14,13,2,29,0,4,25,0,29,0,18,38,2,58,48,0,48,106
10/10/2000,PKB,WV,AEA,CE,Federal Contract Tower,0,20,19,3,42,0,3,27,11,41,0,23,46,14,83,42,18,60,143
10/11/2000,PKB,WV,AEA,CE,Federal Contract Tower,0,18,18,3,39,0,5,60,0,65,0,23,78,3,104,44,8,52,156
10/12/2000,PKB,WV,AEA,CE,Federal Contract Tower,0,20,19,4,43,0,2,57,5,64,0,22,76,9,107,28,8,36,143
10/13/2000,PKB,WV,AEA,CE,Federal Contract Tower,0,16,16,3,35,0,3,60,26,89,0,19,76,29,124,32,60,92,216
10/14/2000,PKB,WV,AEA,CE,Federal Contract Tower,0,11,15,3,29,0,0,74,18,92,0,11,89,21,121,36,14,50,171
10/15/2000,PKB,WV,AEA,CE,Federal Contract Tower,0,9,13,2,24,0,0,64,1,65,0,9,77,3,89,38,26,64,153
10/16/2000,PKB,WV,AEA,CE,Federal Contract Tower,0,15,15,2,32,0,2,50,0,52,0,17,65,2,84,12,0,12,96
10/17/2000,PKB,WV,AEA,CE,Federal Contract Tower,0,25,24,2,51,0,4,7,0,11,0,29,31,2,62,26,0,26,88
10/18/2000,PKB,WV,AEA,CE,Federal Contract Tower,0,24,25,5,54,0,0,13,3,16,0,24,38,8,70,32,8,40,110
10/19/2000,PKB,WV,AEA,CE,Federal Contract Tower,0,19,20,3,42,0,0,61,9,70,0,19,81,12,112,22,14,36,148
10/20/2000,PKB,WV,AEA,CE,Federal Contract Tower,0,25,22,3,50,0,2,47,12,61,0,27,69,15,111,24,48,72,183
10/21/2000,PKB,WV,AEA,CE,Federal Contract Tower,0,9,11,1,21,0,0,58,24,82,0,9,69,25,103,18,34,52,155
10/22/2000,PKB,WV,AEA,CE,Federal Contract Tower,0,9,8,1,18,0,0,34,6,40,0,9,42,7,58,30,12,42,100
10/23/2000,PKB,WV,AEA,CE,Federal Contract Tower,0,18,17,2,37,0,2,34,8,44,0,20,51,10,81,12,44,56,137
10/24/2000,PKB,WV,AEA,CE,Federal Contract Tower,0,24,21,1,46,0,0,11,0,11,0,24,32,1,57,18,0,18,75
10/25/2000,PKB,WV,AEA,CE,Federal Contract Tower,0,16,19,2,37,0,0,36,16,52,0,16,55,18,89,18,110,128,217
10/26/2000,PKB,WV,AEA,CE,Federal Contract Tower,0,22,22,3,47,0,0,37,18,55,0,22,59,21,102,22,68,90,192
10/27/2000,PKB,WV,AEA,CE,Federal Contract Tower,0,19,18,2,39,0,0,29,14,43,0,19,47,16,82,14,22,36,118
10/28/2000,PKB,WV,AEA,CE,Federal Contract Tower,0,10,18,2,30,0,0,34,24,58,0,10,52,26,88,28,112,140,228
10/29/2000,PKB,WV,AEA,CE,Federal Contract Tower,0,9,8,1,18,0,0,58,17,75,0,9,66,18,93,32,8,40,133
10/30/2000,PKB,WV,AEA,CE,Federal Contract Tower,0,18,19,3,40,0,0,40,14,54,0,18,59,17,94,26,46,72,166
10/31/2000,PKB,WV,AEA,CE,Federal Contract Tower,0,17,15,2,34,0,5,33,5,43,0,22,48,7,77,34,2,36,113
11/01/2000,PKB,WV,AEA,CE,Federal Contract Tower,0,23,17,3,43,0,0,44,6,50,0,23,61,9,93,14,6,20,113
11/02/2000,PKB,WV,AEA,CE,Federal Contract Tower,0,22,17,3,42,0,0,46,11,57,0,22,63,14,99,26,14,40,139
11/03/2000,PKB,WV,AEA,CE,Federal Contract Tower,0,21,15,2,38,0,0,26,33,59,0,21,41,35,97,12,28,40,137
11/04/2000,PKB,WV,AEA,CE,Federal Contract Tower,0,9,7,2,18,0,0,54,15,69,0,9,61,17,87,22,24,46,133
11/05/2000,PKB,WV,AEA,CE,Federal Contract Tower,0,9,7,1,17,0,0,73,20,93,0,9,80,21,110,34,8,42,152
11/06/2000,PKB,WV,AEA,CE,Federal Contract Tower,0,19,13,2,34,0,0,48,3,51,0,19,61,5,85,34,0,34,119
11/07/2000,PKB,WV,AEA,CE,Federal Contract Tower,0,20,13,0,33,0,2,25,0,27,0,22,38,0,60,26,0,26,86
11/08/2000,PKB,WV,AEA,CE,Federal Contract Tower,0,20,14,2,36,0,1,18,1,20,0,21,32,3,56,34,18,52,108
11/09/2000,PKB,WV,AEA,CE,Federal Contract Tower,0,19,12,0,31,0,4,16,0,20,0,23,28,0,51,8,0,8,59
11/10/2000,PKB,WV,AEA,CE,Federal Contract Tower,0,16,13,0,29,0,0,18,0,18,0,16,31,0,47,12,0,12,59
11/11/2000,PKB,WV,AEA,CE,Federal Contract Tower,0,9,11,2,22,0,0,47,1,48,0,9,58,3,70,32,4,36,106
11/12/2000,PKB,WV,AEA,CE,Federal Contract Tower,0,11,8,0,19,0,0,50,0,50,0,11,58,0,69,58,0,58,127
11/13/2000,PKB,WV,AEA,CE,Federal Contract Tower,0,20,13,2,35,0,0,16,2,18,0,20,29,4,53,12,0,12,65
11/14/2000,PKB,WV,AEA,CE,Federal Contract Tower,0,22,14,3,39,0,0,34,2,36,0,22,48,5,75,38,8,46,121
11/15/2000,PKB,WV,AEA,CE,Federal Contract Tower,0,25,16,3,44,0,7,40,0,47,0,32,56,3,91,42,0,42,133
11/16/2000,PKB,WV,AEA,CE,Federal Contract Tower,0,19,12,2,33,0,2,45,2,49,0,21,57,4,82,34,0,34,116
11/17/2000,PKB,WV,AEA,CE,Federal Contract Tower,0,20,14,2,36,0,4,14,10,28,0,24,28,12,64,0,28,28,92
11/18/2000,PKB,WV,AEA,CE,Federal Contract Tower,0,10,7,1,18,0,0,41,17,58,0,10,48,18,76,20,52,72,148
11/19/2000,PKB,WV,AEA,CE,Federal Contract Tower,0,11,8,0,19,0,0,40,17,57,0,11,48,17,76,30,46,76,152
11/20/2000,PKB,WV,AEA,CE,Federal Contract Tower,0,19,12,1,32,0,0,4,3,7,0,19,16,4,39,4,8,12,51
11/21/2000,PKB,WV,AEA,CE,Federal Contract Tower,0,21,14,1,36,0,1,15,7,23,0,22,29,8,59,4,8,12,71
11/22/2000,PKB,WV,AEA,CE,Federal Contract Tower,0,22,15,1,38,0,1,7,8,16,0,23,22,9,54,6,22,28,82
11/23/2000,PKB,WV,AEA,CE,Federal Contract Tower,0,8,5,0,13,0,2,43,0,45,0,10,48,0,58,52,0,52,110
11/24/2000,PKB,WV,AEA,CE,Federal Contract Tower,0,12,7,0,19,0,0,14,0,14,0,12,21,0,33,4,0,4,37
11/25/2000,PKB,WV,AEA,CE,Federal Contract Tower,0,10,7,0,17,0,2,12,0,14,0,12,19,0,31,0,0,0,31
11/26/2000,PKB,WV,AEA,CE,Federal Contract Tower,0,14,8,0,22,0,1,16,0,17,0,15,24,0,39,36,0,36,75
11/27/2000,PKB,WV,AEA,CE,Federal Contract Tower,0,16,10,1,27,0,0,21,1,22,0,16,31,2,49,8,12,20,69
11/28/2000,PKB,WV,AEA,CE,Federal Contract Tower,0,20,13,1,34,0,6,26,4,36,0,26,39,5,70,56,14,70,140
11/29/2000,PKB,WV,AEA,CE,Federal Contract Tower,0,22,15,1,38,0,0,14,17,31,0,22,29,18,69,28,48,76,145
11/30/2000,PKB,WV,AEA,CE,Federal Contract Tower,0,19,13,1,33,0,0,18,7,25,0,19,31,8,58,12,0,12,70
12/01/2000,PKB,WV,AEA,CE,Federal Contract Tower,0,18,13,2,33,0,0,9,15,24,0,18,22,17,57,0,132,132,189
12/02/2000,PKB,WV,AEA,CE,Federal Contract Tower,0,12,11,2,25,0,0,44,1,45,0,12,55,3,70,22,24,46,116
12/03/2000,PKB,WV,AEA,CE,Federal Contract Tower,0,9,7,2,18,0,0,61,0,61,0,9,68,2,79,38,4,42,121
12/04/2000,PKB,WV,AEA,CE,Federal Contract Tower,0,14,10,2,26,0,0,34,3,37,0,14,44,5,63,28,0,28,91
12/05/2000,PKB,WV,AEA,CE,Federal Contract Tower,0,14,11,2,27,0,7,37,6,50,0,21,48,8,77,44,0,44,121
12/06/2000,PKB,WV,AEA,CE,Federal Contract Tower,0,16,11,2,29,0,2,16,2,20,0,18,27,4,49,22,0,22,71
12/07/2000,PKB,WV,AEA,CE,Federal Contract Tower,0,20,14,3,37,0,0,18,3,21,0,20,32,6,58,14,12,26,84
12/08/2000,PKB,WV,AEA,CE,Federal Contract Tower,0,14,10,2,26,0,3,12,11,26,0,17,22,13,52,14,30,44,96
12/09/2000,PKB,WV,AEA,CE,Federal Contract Tower,0,11,14,3,28,0,0,81,15,96,0,11,95,18,124,72,16,88,212
12/10/2000,PKB,WV,AEA,CE,Federal Contract Tower,0,9,7,2,18,0,0,11,9,20,0,9,18,11,38,0,74,74,112
12/11/2000,PKB,WV,AEA,CE,Federal Contract Tower,0,12,15,3,30,0,0,14,21,35,0,12,29,24,65,24,28,52,117
12/12/2000,PKB,WV,AEA,CE,Federal Contract Tower,0,21,14,2,37,0,2,15,0,17,0,23,29,2,54,16,18,34,88
12/13/2000,PKB,WV,AEA,CE,Federal Contract Tower,0,15,12,2,29,0,0,29,10,39,0,15,41,12,68,20,74,94,162
12/14/2000,PKB,WV,AEA,CE,Federal Contract Tower,0,15,12,3,30,0,0,7,5,12,0,15,19,8,42,0,52,52,94
12/15/2000,PKB,WV,AEA,CE,Federal Contract Tower,0,20,15,2,37,0,0,17,19,36,0,20,32,21,73,18,24,42,115
12/16/2000,PKB,WV,AEA,CE,Federal Contract Tower,0,9,7,1,17,0,0,15,1,16,0,9,22,2,33,14,0,14,47
12/17/2000,PKB,WV,AEA,CE,Federal Contract Tower,0,9,7,0,16,0,1,11,0,12,0,10,18,0,28,6,0,6,34
12/18/2000,PKB,WV,AEA,CE,Federal Contract Tower,0,14,15,2,31,0,0,31,9,40,0,14,46,11,71,2,42,44,115
12/19/2000,PKB,WV,AEA,CE,Federal Contract Tower,0,14,9,0,23,0,6,9,0,15,0,20,18,0,38,8,0,8,46
12/20/2000,PKB,WV,AEA,CE,Federal Contract Tower,0,24,20,2,46,0,0,14,14,28,0,24,34,16,74,16,38,54,128
12/21/2000,PKB,WV,AEA,CE,Federal Contract Tower,0,19,13,0,32,0,4,15,0,19,0,23,28,0,51,22,0,22,73
12/22/2000,PKB,WV,AEA,CE,Federal Contract Tower,0,17,12,1,30,0,0,6,4,10,0,17,18,5,40,12,8,20,60
12/23/2000,PKB,WV,AEA,CE,Federal Contract Tower,0,11,7,0,18,0,4,12,0,16,0,15,19,0,34,4,0,4,38
12/24/2000,PKB,WV,AEA,CE,Federal Contract Tower,0,5,3,0,8,0,1,1,0,2,0,6,4,0,10,0,0,0,10
12/25/2000,PKB,WV,AEA,CE,Federal Contract Tower,0,7,5,0,12,0,1,8,0,9,0,8,13,0,21,0,0,0,21
12/26/2000,PKB,WV,AEA,CE,Federal Contract Tower,0,12,8,0,20,0,5,14,0,19,0,17,22,0,39,18,0,18,57
12/27/2000,PKB,WV,AEA,CE,Federal Contract Tower,0,15,11,1,27,0,3,6,3,12,0,18,17,4,39,4,18,22,61
12/28/2000,PKB,WV,AEA,CE,Federal Contract Tower,0,16,11,1,28,0,2,46,1,49,0,18,57,2,77,50,12,62,139
12/29/2000,PKB,WV,AEA,CE,Federal Contract Tower,0,15,10,0,25,0,1,18,0,19,0,16,28,0,44,10,0,10,54
12/30/2000,PKB,WV,AEA,CE,Federal Contract Tower,0,7,4,0,11,0,0,10,0,10,0,7,14,0,21,0,0,0,21
12/31/2000,PKB,WV,AEA,CE,Federal Contract Tower,0,5,3,0,8,0,2,5,0,7,0,7,8,0,15,0,0,0,15
01/01/2001,PKB,WV,AEA,CE,Federal Contract Tower,0,3,3,0,6,0,4,9,0,13,0,7,12,0,19,18,0,18,37
01/02/2001,PKB,WV,AEA,CE,Federal Contract Tower,0,16,12,3,31,0,0,20,5,25,0,16,32,8,56,12,8,20,76
01/03/2001,PKB,WV,AEA,CE,Federal Contract Tower,0,14,11,2,27,0,3,11,4,18,0,17,22,6,45,8,0,8,53
01/04/2001,PKB,WV,AEA,CE,Federal Contract Tower,0,12,9,2,23,0,9,5,2,16,0,21,14,4,39,12,8,20,59
01/05/2001,PKB,WV,AEA,CE,Federal Contract Tower,0,15,11,2,28,0,5,17,17,39,0,20,28,19,67,0,52,52,119
01/06/2001,PKB,WV,AEA,CE,Federal Contract Tower,0,7,12,3,22,0,0,56,7,63,0,7,68,10,85,40,4,44,129
01/07/2001,PKB,WV,AEA,CE,Federal Contract Tower,0,9,13,3,25,0,0,51,22,73,0,9,64,25,98,66,8,74,172
01/08/2001,PKB,WV,AEA,CE,Federal Contract Tower,0,13,11,0,24,0,3,7,0,10,0,16,18,0,34,0,0,0,34
01/09/2001,PKB,WV,AEA,CE,Federal Contract Tower,0,21,17,4,42,0,0,20,13,33,0,21,37,17,75,22,14,36,111
01/10/2001,PKB,WV,AEA,CE,Federal Contract Tower,0,24,18,4,46,0,0,51,7,58,0,24,69,11,104,82,0,82,186
01/11/2001,PKB,WV,AEA,CE,Federal Contract Tower,0,14,11,2,27,0,3,46,3,52,0,17,57,5,79,22,0,22,101
01/12/2001,PKB,WV,AEA,CE,Federal Contract Tower,0,13,11,2,26,0,0,35,1,36,0,13,46,3,62,24,12,36,98
01/13/2001,PKB,WV,AEA,CE,Federal Contract Tower,0,10,10,0,20,0,0,54,0,54,0,10,64,0,74,28,0,28,102
01/14/2001,PKB,WV,AEA,CE,Federal Contract Tower,0,9,6,0,15,0,0,32,0,32,0,9,38,0,47,24,0,24,71
01/15/2001,PKB,WV,AEA,CE,Federal Contract Tower,0,13,11,0,24,0,3,10,0,13,0,16,21,0,37,8,0,8,45
01/16/2001,PKB,WV,AEA,CE,Federal Contract Tower,0,20,16,3,39,0,0,12,1,13,0,20,28,4,52,4,0,4,56
01/17/2001,PKB,WV,AEA,CE,Federal Contract Tower,0,19,14,0,33,0,0,0,0,0,0,19,14,0,33,22,0,22,55
01/18/2001,PKB,WV,AEA,CE,Federal Contract Tower,0,18,13,2,33,0,5,18,1,24,0,23,31,3,57,16,0,16,73
01/19/2001,PKB,WV,AEA,CE,Federal Contract Tower,0,13,9,0,22,0,5,6,0,11,0,18,15,0,33,0,0,0,33
01/20/2001,PKB,WV,AEA,CE,Federal Contract Tower,0,5,3,0,8,0,2,9,0,11,0,7,12,0,19,0,0,0,19
01/21/2001,PKB,WV,AEA,CE,Federal Contract Tower,0,10,7,0,17,0,1,11,0,12,0,11,18,0,29,14,0,14,43
01/22/2001,PKB,WV,AEA,CE,Federal Contract Tower,0,13,10,0,23,0,2,16,0,18,0,15,26,0,41,18,0,18,59
01/23/2001,PKB,WV,AEA,CE,Federal Contract Tower,0,19,15,2,36,0,0,40,19,59,0,19,55,21,95,32,18,50,145
01/24/2001,PKB,WV,AEA,CE,Federal Contract Tower,0,19,17,3,39,0,0,26,2,28,0,19,43,5,67,22,0,22,89
01/25/2001,PKB,WV,AEA,CE,Federal Contract Tower,0,18,13,2,33,0,0,18,0,18,0,18,31,2,51,32,0,32,83
01/26/2001,PKB,WV,AEA,CE,Federal Contract Tower,0,17,13,2,32,0,0,30,6,36,0,17,43,8,68,14,0,14,82
01/27/2001,PKB,WV,AEA,CE,Federal Contract Tower,0,9,6,0,15,0,0,8,0,8,0,9,14,0,23,0,0,0,23
01/28/2001,PKB,WV,AEA,CE,Federal Contract Tower,0,9,8,1,18,0,0,44,3,47,0,9,52,4,65,28,0,28,93
01/29/2001,PKB,WV,AEA,CE,Federal Contract Tower,0,15,11,1,27,0,0,18,8,26,0,15,29,9,53,18,42,60,113
01/30/2001,PKB,WV,AEA,CE,Federal Contract Tower,0,17,11,2,30,0,3,12,0,15,0,20,23,2,45,8,0,8,53
01/31/2001,PKB,WV,AEA,CE,Federal Contract Tower,0,19,19,3,41,0,0,6,1,7,0,19,25,4,48,14,0,14,62
02/01/2001,PKB,WV,AEA,CE,Federal Contract Tower,0,22,17,4,43,0,2,26,5,33,0,24,43,9,76,34,8,42,118
02/02/2001,PKB,WV,AEA,CE,Federal Contract Tower,0,18,13,2,33,0,0,19,0,19,0,18,32,2,52,12,18,30,82
02/03/2001,PKB,WV,AEA,CE,Federal Contract Tower,0,9,8,2,19,0,0,30,4,34,0,9,38,6,53,16,4,20,73
02/04/2001,PKB,WV,AEA,CE,Federal Contract Tower,0,10,11,2,23,0,0,18,2,20,0,10,29,4,43,34,8,42,85
02/05/2001,PKB,WV,AEA,CE,Federal Contract Tower,0,10,8,2,20,0,6,17,5,28,0,16,25,7,48,22,32,54,102
02/06/2001,PKB,WV,AEA,CE,Federal Contract Tower,0,18,14,3,35,0,0,18,3,21,0,18,32,6,56,14,8,22,78
02/07/2001,PKB,WV,AEA,CE,Federal Contract Tower,0,19,19,4,42,0,0,63,7,70,0,19,82,11,112,58,14,72,184
02/08/2001,PKB,WV,AEA,CE,Federal Contract Tower,0,15,12,3,30,0,3,57,3,63,0,18,69,6,93,30,0,30,123
02/09/2001,PKB,WV,AEA,CE,Federal Contract Tower,0,17,16,4,37,0,0,25,4,29,0,17,41,8,66,18,16,34,100
02/10/2001,PKB,WV,AEA,CE,Federal Contract Tower,0,12,9,2,23,0,8,33,2,43,0,20,42,4,66,22,14,36,102
02/11/2001,PKB,WV,AEA,CE,Federal Contract Tower,0,9,10,2,21,0,0,81,13,94,0,9,91,15,115,58,14,72,187
02/12/2001,PKB,WV,AEA,CE,Federal Contract Tower,0,15,13,3,31,0,0,19,1,20,0,15,32,4,51,28,0,28,79
02/13/2001,PKB,WV,AEA,CE,Federal Contract Tower,0,19,19,4,42,0,0,29,5,34,0,19,48,9,76,22,28,50,126
02/14/2001,PKB,WV,AEA,CE,Federal Contract Tower,0,16,12,3,31,0,3,16,1,20,0,19,28,4,51,84,8,92,143
02/15/2001,PKB,WV,AEA,CE,Federal Contract Tower,0,21,15,3,39,0,0,15,2,17,0,21,30,5,56,0,0,0,56
02/16/2001,PKB,WV,AEA,CE,Federal Contract Tower,0,16,11,0,27,0,2,10,0,12,0,18,21,0,39,8,0,8,47
02/17/2001,PKB,WV,AEA,CE,Federal Contract Tower,0,11,8,1,20,0,2,20,11,33,0,13,28,12,53,18,48,66,119
02/18/2001,PKB,WV,AEA,CE,Federal Contract Tower,0,10,8,0,18,0,0,56,0,56,0,10,64,0,74,32,0,32,106
02/19/2001,PKB,WV,AEA,CE,Federal Contract Tower,0,13,10,0,23,0,5,39,0,44,0,18,49,0,67,62,0,62,129
02/20/2001,PKB,WV,AEA,CE,Federal Contract Tower,0,17,13,2,32,0,7,28,9,44,0,24,41,11,76,48,46,94,170
02/21/2001,PKB,WV,AEA,CE,Federal Contract Tower,0,18,13,2,33,0,1,34,14,49,0,19,47,16,82,42,74,116,198
02/22/2001,PKB,WV,AEA,CE,Federal Contract Tower,0,16,12,2,30,0,2,2,0,4,0,18,14,2,34,0,0,0,34
02/23/2001,PKB,WV,AEA,CE,Federal Contract Tower,0,16,13,2,31,0,0,25,13,38,0,16,38,15,69,48,22,70,139
02/24/2001,PKB,WV,AEA,CE,Federal Contract Tower,0,9,6,1,16,0,0,46,1,47,0,9,52,2,63,74,10,84,147
02/25/2001,PKB,WV,AEA,CE,Federal Contract Tower,0,8,5,1,14,0,0,13,3,16,0,8,18,4,30,28,0,28,58
02/26/2001,PKB,WV,AEA,CE,Federal Contract Tower,0,21,16,2,39,0,0,52,4,56,0,21,68,6,95,48,8,56,151
02/27/2001,PKB,WV,AEA,CE,Federal Contract Tower,0,22,22,4,48,0,0,70,2,72,0,22,92,6,120,68,14,82,202
02/28/2001,PKB,WV,AEA,CE,Federal Contract Tower,0,16,13,2,31,0,0,45,8,53,0,16,58,10,84,38,8,46,130
03/01/2001,PKB,WV,AEA,CE,Federal Contract Tower,0,19,14,4,37,0,2,51,4,57,0,21,65,8,94,24,28,52,146
03/02/2001,PKB,WV,AEA,CE,Federal Contract Tower,0,17,19,4,40,0,0,30,8,38,0,17,49,12,78,24,36,60,138
03/03/2001,PKB,WV,AEA,CE,Federal Contract Tower,0,11,10,3,24,0,0,18,13,31,0,11,28,16,55,40,72,112,167
03/04/2001,PKB,WV,AEA,CE,Federal Contract Tower,0,9,8,2,19,0,0,14,8,22,0,9,22,10,41,0,28,28,69
03/05/2001,PKB,WV,AEA,CE,Federal Contract Tower,0,9,8,0,17,0,6,10,0,16,0,15,18,0,33,24,0,24,57
03/06/2001,PKB,WV,AEA,CE,Federal Contract Tower,0,14,11,3,28,0,5,0,0,5,0,19,11,3,33,12,0,12,45
03/07/2001,PKB,WV,AEA,CE,Federal Contract Tower,0,17,14,3,34,0,2,12,3,17,0,19,26,6,51,12,26,38,89
03/08/2001,PKB,WV,AEA,CE,Federal Contract Tower,0,17,14,4,35,0,0,47,7,54,0,17,61,11,89,18,0,18,107
03/09/2001,PKB,WV,AEA,CE,Federal Contract Tower,0,16,12,3,31,0,6,16,1,23,0,22,28,4,54,18,12,30,84
03/10/2001,PKB,WV,AEA,CE,Federal Contract Tower,0,9,10,3,22,0,0,79,13,92,0,9,89,16,114,42,18,60,174
03/11/2001,PKB,WV,AEA,CE,Federal Contract Tower,0,6,5,2,13,0,3,37,0,40,0,9,42,2,53,28,0,28,81
03/12/2001,PKB,WV,AEA,CE,Federal Contract Tower,0,16,14,3,33,0,0,18,0,18,0,16,32,3,51,38,8,46,97
03/13/2001,PKB,WV,AEA,CE,Federal Contract Tower,0,16,13,0,29,0,4,19,0,23,0,20,32,0,52,18,0,18,70
03/14/2001,PKB,WV,AEA,CE,Federal Contract Tower,0,19,14,3,36,0,0,37,10,47,0,19,51,13,83,48,22,70,153
03/15/2001,PKB,WV,AEA,CE,Federal Contract Tower,0,19,18,3,40,0,0,30,5,35,0,19,48,8,75,32,8,40,115
03/16/2001,PKB,WV,AEA,CE,Federal Contract Tower,0,13,10,1,24,0,4,11,10,25,0,17,21,11,49,4,22,26,75
03/17/2001,PKB,WV,AEA,CE,Federal Contract Tower,0,9,12,2,23,0,0,32,19,51,0,9,44,21,74,18,54,72,146
03/18/2001,PKB,WV,AEA,CE,Federal Contract Tower,0,9,7,1,17,0,0,65,13,78,0,9,72,14,95,72,54,126,221
03/19/2001,PKB,WV,AEA,CE,Federal Contract Tower,0,10,7,0,17,0,5,28,0,33,0,15,35,0,50,22,0,22,72
03/20/2001,PKB,WV,AEA,CE,Federal Contract Tower,0,19,14,3,36,0,0,27,9,36,0,19,41,12,72,18,72,90,162
03/21/2001,PKB,WV,AEA,CE,Federal Contract Tower,0,20,15,3,38,0,3,0,5,8,0,23,15,8,46,10,88,98,144
03/22/2001,PKB,WV,AEA,CE,Federal Contract Tower,0,20,15,3,38,0,0,32,8,40,0,20,47,11,78,22,18,40,118
03/23/2001,PKB,WV,AEA,CE,Federal Contract Tower,0,17,14,2,33,0,0,28,9,37,0,17,42,11,70,12,24,36,106
03/24/2001,PKB,WV,AEA,CE,Federal Contract Tower,0,6,5,0,11,0,3,13,0,16,0,9,18,0,27,12,0,12,39
03/25/2001,PKB,WV,AEA,CE,Federal Contract Tower,0,9,7,1,17,0,2,16,2,20,0,11,23,3,37,22,0,22,59
03/26/2001,PKB,WV,AEA,CE,Federal Contract Tower,0,16,11,2,29,0,1,8,6,15,0,17,19,8,44,16,22,38,82
03/27/2001,PKB,WV,AEA,CE,Federal Contract Tower,0,19,16,0,35,0,0,38,0,38,0,19,54,0,73,32,0,32,105
03/28/2001,PKB,WV,AEA,CE,Federal Contract Tower,0,19,14,3,36,0,0,58,9,67,0,19,72,12,103,38,24,62,165
03/29/2001,PKB,WV,AEA,CE,Federal Contract Tower,0,18,13,2,33,0,1,19,12,32,0,19,32,14,65,14,28,42,107
03/30/2001,PKB,WV,AEA,CE,Federal Contract Tower,0,19,15,3,37,0,0,13,9,22,0,19,28,12,59,4,28,32,91
03/31/2001,PKB,WV,AEA,CE,Federal Contract Tower,0,9,8,1,18,0,0,13,16,29,0,9,21,17,47,12,32,44,91
04/01/2001,PKB,WV,AEA,CE,Federal Contract Tower,0,9,2,1,12,0,0,24,1,25,0,9,26,2,37,37,8,45,82
04/02/2001,PKB,WV,AEA,CE,Federal Contract Tower,0,15,12,2,29,0,0,17,5,22,0,15,29,7,51,42,0,42,93
04/03/2001,PKB,WV,AEA,CE,Federal Contract Tower,0,20,10,0,30,0,0,28,4,32,0,20,38,4,62,22,0,22,84
04/04/2001,PKB,WV,AEA,CE,Federal Contract Tower,0,17,16,2,35,0,0,60,5,65,0,17,76,7,100,44,8,52,152
04/05/2001,PKB,WV,AEA,CE,Federal Contract Tower,0,22,15,6,43,0,0,65,10,75,0,22,80,16,118,30,0,30,148
04/06/2001,PKB,WV,AEA,CE,Federal Contract Tower,0,20,10,1,31,0,0,5,17,22,0,20,15,18,53,0,34,34,87
04/07/2001,PKB,WV,AEA,CE,Federal Contract Tower,0,9,8,4,21,0,0,38,24,62,0,9,46,28,83,28,74,102,185
04/08/2001,PKB,WV,AEA,CE,Federal Contract Tower,0,9,4,4,17,0,0,13,5,18,0,9,17,9,35,12,28,40,75
04/09/2001,PKB,WV,AEA,CE,Federal Contract Tower,0,21,9,0,30,0,0,14,2,16,0,21,23,2,46,12,0,12,58
04/10/2001,PKB,WV,AEA,CE,Federal Contract Tower,0,22,22,8,52,0,0,34,8,42,0,22,56,16,94,14,14,28,122
04/11/2001,PKB,WV,AEA,CE,Federal Contract Tower,0,21,20,2,43,0,0,26,1,27,0,21,46,3,70,28,12,40,110
04/12/2001,PKB,WV,AEA,CE,Federal Contract Tower,0,22,10,0,32,0,0,19,4,23,0,22,29,4,55,6,0,6,61
04/13/2001,PKB,WV,AEA,CE,Federal Contract Tower,0,15,13,2,30,0,0,51,0,51,0,15,64,2,81,20,0,20,101
04/14/2001,PKB,WV,AEA,CE,Federal Contract Tower,0,10,10,0,20,0,0,65,0,65,0,10,75,0,85,24,0,24,109
04/15/2001,PKB,WV,AEA,CE,Federal Contract Tower,0,10,11,0,21,0,0,16,0,16,0,10,27,0,37,24,0,24,61
04/16/2001,PKB,WV,AEA,CE,Federal Contract Tower,0,14,9,3,26,0,0,17,8,25,0,14,26,11,51,14,10,24,75
04/17/2001,PKB,WV,AEA,CE,Federal Contract Tower,0,19,11,6,36,0,0,18,6,24,0,19,29,12,60,4,78,82,142
04/18/2001,PKB,WV,AEA,CE,Federal Contract Tower,0,23,15,5,43,0,0,32,9,41,0,23,47,14,84,20,50,70,154
04/19/2001,PKB,WV,AEA,CE,Federal Contract Tower,0,21,18,6,45,0,0,82,11,93,0,21,100,17,138,46,2,48,186
04/20/2001,PKB,WV,AEA,CE,Federal Contract Tower,0,17,17,4,38,0,0,18,2,20,0,17,35,6,58,24,18,42,100
04/21/2001,PKB,WV,AEA,CE,Federal Contract Tower,0,11,9,0,20,0,0,23,15,38,0,11,32,15,58,10,42,52,110
04/22/2001,PKB,WV,AEA,CE,Federal Contract Tower,0,9,14,0,23,0,0,52,4,56,0,9,66,4,79,56,0,56,135
04/23/2001,PKB,WV,AEA,CE,Federal Contract Tower,0,17,15,0,32,0,0,38,9,47,0,17,53,9,79,36,8,44,123
04/24/2001,PKB,WV,AEA,CE,Federal Contract Tower,0,20,21,6,47,0,0,42,4,46,0,20,63,10,93,16,4,20,113
04/25/2001,PKB,WV,AEA,CE,Federal Contract Tower,0,21,18,0,39,0,0,75,11,86,0,21,93,11,125,90,30,120,245
04/26/2001,PKB,WV,AEA,CE,Federal Contract Tower,0,20,13,5,38,0,0,74,11,85,0,20,87,16,123,52,34,86,209
04/27/2001,PKB,WV,AEA,CE,Federal Contract Tower,0,18,10,2,30,0,0,43,4,47,0,18,53,6,77,22,0,22,99
04/28/2001,PKB,WV,AEA,CE,Federal Contract Tower,0,9,6,0,15,0,0,51,0,51,0,9,57,0,66,28,0,28,94
04/29/2001,PKB,WV,AEA,CE,Federal Contract Tower,0,11,12,0,23,0,0,61,4,65,0,11,73,4,88,36,0,36,124
04/30/2001,PKB,WV,AEA,CE,Federal Contract Tower,0,15,8,6,29,0,0,53,7,60,0,15,61,13,89,28,4,32,121
05/01/2001,PKB,WV,AEA,CE,Federal Contract Tower,0,19,13,2,34,0,1,29,10,40,0,20,42,12,74,18,34,52,126
05/02/2001,PKB,WV,AEA,CE,Federal Contract Tower,0,19,17,4,40,0,1,63,16,80,0,20,80,20,120,66,114,180,300
05/03/2001,PKB,WV,AEA,CE,Federal Contract Tower,0,19,18,4,41,0,1,48,6,55,0,20,66,10,96,16,28,44,140
05/04/2001,PKB,WV,AEA,CE,Federal Contract Tower,0,17,7,2,26,0,0,42,8,50,0,17,49,10,76,54,8,62,138
05/05/2001,PKB,WV,AEA,CE,Federal Contract Tower,0,9,21,1,31,0,0,47,15,62,0,9,68,16,93,56,0,56,149
05/06/2001,PKB,WV,AEA,CE,Federal Contract Tower,0,11,17,0,28,0,0,54,7,61,0,11,71,7,89,26,22,48,137
05/07/2001,PKB,WV,AEA,CE,Federal Contract Tower,0,17,16,7,40,0,0,20,2,22,0,17,36,9,62,18,4,22,84
05/08/2001,PKB,WV,AEA,CE,Federal Contract Tower,0,20,12,1,33,0,0,14,1,15,0,20,26,2,48,52,0,52,100
05/09/2001,PKB,WV,AEA,CE,Federal Contract Tower,0,23,21,8,52,0,0,37,3,40,0,23,58,11,92,80,20,100,192
05/10/2001,PKB,WV,AEA,CE,Federal Contract Tower,0,23,17,0,40,0,0,76,16,92,0,23,93,16,132,52,28,80,212
05/11/2001,PKB,WV,AEA,CE,Federal Contract Tower,0,21,5,5,31,0,0,32,16,48,0,21,37,21,79,24,10,34,113
05/12/2001,PKB,WV,AEA,CE,Federal Contract Tower,0,9,10,0,19,0,0,25,4,29,0,9,35,4,48,32,4,36,84
05/13/2001,PKB,WV,AEA,CE,Federal Contract Tower,0,11,7,0,18,0,0,51,0,51,0,11,58,0,69,42,0,42,111
05/14/2001,PKB,WV,AEA,CE,Federal Contract Tower,0,18,8,8,34,0,0,35,8,43,0,18,43,16,77,40,8,48,125
05/15/2001,PKB,WV,AEA,CE,Federal Contract Tower,0,19,12,2,33,0,0,10,0,10,0,19,22,2,43,8,0,8,51
05/16/2001,PKB,WV,AEA,CE,Federal Contract Tower,0,19,9,0,28,0,0,0,0,0,0,19,9,0,28,30,0,30,58
05/17/2001,PKB,WV,AEA,CE,Federal Contract Tower,0,22,19,10,51,0,0,6,5,11,0,22,25,15,62,0,0,0,62
05/18/2001,PKB,WV,AEA,CE,Federal Contract Tower,0,16,7,1,24,0,0,22,3,25,0,16,29,4,49,30,0,30,79
05/19/2001,PKB,WV,AEA,CE,Federal Contract Tower,0,9,16,0,25,0,0,10,9,19,0,9,26,9,44,12,0,12,56
05/20/2001,PKB,WV,AEA,CE,Federal Contract Tower,0,11,17,0,28,0,0,42,5,47,0,11,59,5,75,34,0,34,109
05/21/2001,PKB,WV,AEA,CE,Federal Contract Tower,0,12,11,2,25,0,0,22,2,24,0,12,33,4,49,28,0,28,77
05/22/2001,PKB,WV,AEA,CE,Federal Contract Tower,0,20,15,0,35,0,0,9,1,10,0,20,24,1,45,4,0,4,49
05/23/2001,PKB,WV,AEA,CE,Federal Contract Tower,0,18,17,0,35,0,0,41,8,49,0,18,58,8,84,26,16,42,126
05/24/2001,PKB,WV,AEA,CE,Federal Contract Tower,0,20,15,0,35,0,0,22,2,24,0,20,37,2,59,16,0,16,75
05/25/2001,PKB,WV,AEA,CE,Federal Contract Tower,0,20,10,4,34,0,0,11,5,16,0,20,21,9,50,8,0,8,58
05/26/2001,PKB,WV,AEA,CE,Federal Contract Tower,0,10,3,0,13,0,0,48,1,49,0,10,51,1,62,38,0,38,100
05/27/2001,PKB,WV,AEA,CE,Federal Contract Tower,0,7,8,0,15,0,0,39,2,41,0,7,47,2,56,42,0,42,98
05/28/2001,PKB,WV,AEA,CE,Federal Contract Tower,0,11,15,0,26,0,0,49,0,49,0,11,64,0,75,20,0,20,95
05/29/2001,PKB,WV,AEA,CE,Federal Contract Tower,0,17,23,3,43,0,0,43,6,49,0,17,66,9,92,48,4,52,144
05/30/2001,PKB,WV,AEA,CE,Federal Contract Tower,0,21,14,4,39,0,0,78,12,90,0,21,92,16,129,62,42,104,233
05/31/2001,PKB,WV,AEA,CE,Federal Contract Tower,0,20,21,5,46,0,0,55,20,75,0,20,76,25,121,60,72,132,253
06/01/2001,PKB,WV,AEA,CE,Federal Contract Tower,0,17,7,0,24,0,0,3,25,28,0,17,10,25,52,4,54,58,110
06/02/2001,PKB,WV,AEA,CE,Federal Contract Tower,0,13,4,1,18,0,0,11,16,27,0,13,15,17,45,10,40,50,95
06/03/2001,PKB,WV,AEA,CE,Federal Contract Tower,0,10,9,5,24,0,0,12,13,25,0,10,21,18,49,18,34,52,101
06/04/2001,PKB,WV,AEA,CE,Federal Contract Tower,0,15,6,1,22,0,0,18,3,21,0,15,24,4,43,34,0,34,77
06/05/2001,PKB,WV,AEA,CE,Federal Contract Tower,0,19,14,5,38,0,0,30,6,36,0,19,44,11,74,48,12,60,134
06/06/2001,PKB,WV,AEA,CE,Federal Contract Tower,0,17,12,3,32,0,3,22,18,43,0,20,34,21,75,24,42,66,141
06/07/2001,PKB,WV,AEA,CE,Federal Contract Tower,0,20,20,7,47,0,0,47,3,50,0,20,67,10,97,68,0,68,165
06/08/2001,PKB,WV,AEA,CE,Federal Contract Tower,0,18,10,4,32,0,0,70,29,99,0,18,80,33,131,26,76,102,233
06/09/2001,PKB,WV,AEA,CE,Federal Contract Tower,0,9,17,3,29,0,0,92,11,103,0,9,109,14,132,20,32,52,184
06/10/2001,PKB,WV,AEA,CE,Federal Contract Tower,0,9,17,2,28,0,0,80,8,88,0,9,97,10,116,28,4,32,148
06/11/2001,PKB,WV,AEA,CE,Federal Contract Tower,0,17,11,6,34,0,0,28,7,35,0,17,39,13,69,42,4,46,115
06/12/2001,PKB,WV,AEA,CE,Federal Contract Tower,0,19,15,5,39,0,0,31,14,45,0,19,46,19,84,40,28,68,152
06/13/2001,PKB,WV,AEA,CE,Federal Contract Tower,0,21,13,3,37,0,0,46,1,47,0,21,59,4,84,44,0,44,128
06/14/2001,PKB,WV,AEA,CE,Federal Contract Tower,0,18,10,9,37,0,0,39,8,47,0,18,49,17,84,36,6,42,126
06/15/2001,PKB,WV,AEA,CE,Federal Contract Tower,0,18,10,5,33,0,0,32,10,42,0,18,42,15,75,12,44,56,131
06/16/2001,PKB,WV,AEA,CE,Federal Contract Tower,0,22,10,7,39,0,2,37,20,59,0,24,47,27,98,40,54,94,192
06/17/2001,PKB,WV,AEA,CE,Federal Contract Tower,0,12,9,4,25,0,0,67,9,76,0,12,76,13,101,24,64,88,189
06/18/2001,PKB,WV,AEA,CE,Federal Contract Tower,0,15,17,5,37,0,0,60,7,67,0,15,77,12,104,42,34,76,180
06/19/2001,PKB,WV,AEA,CE,Federal Contract Tower,0,20,18,7,45,0,0,65,8,73,0,20,83,15,118,52,8,60,178
06/20/2001,PKB,WV,AEA,CE,Federal Contract Tower,0,20,18,3,41,0,0,46,15,61,0,20,64,18,102,26,80,106,208
06/21/2001,PKB,WV,AEA,CE,Federal Contract Tower,0,21,10,4,35,0,0,48,14,62,0,21,58,18,97,26,8,34,131
06/22/2001,PKB,WV,AEA,CE,Federal Contract Tower,0,18,10,9,37,0,0,34,1,35,0,18,44,10,72,88,26,114,186
06/23/2001,PKB,WV,AEA,CE,Federal Contract Tower,0,9,10,0,19,0,0,53,5,58,0,9,63,5,77,44,0,44,121
06/24/2001,PKB,WV,AEA,CE,Federal Contract Tower,0,9,12,0,21,0,0,69,5,74,0,9,81,5,95,62,8,70,165
06/25/2001,PKB,WV,AEA,CE,Federal Contract Tower,0,15,11,2,28,0,0,58,5,63,0,15,69,7,91,58,0,58,149
06/26/2001,PKB,WV,AEA,CE,Federal Contract Tower,0,19,21,0,40,0,0,51,14,65,0,19,72,14,105,42,50,92,197
06/27/2001,PKB,WV,AEA,CE,Federal Contract Tower,0,21,17,0,38,0,0,54,7,61,0,21,71,7,99,42,30,72,171
06/28/2001,PKB,WV,AEA,CE,Federal Contract Tower,0,19,17,0,36,0,0,40,9,49,0,19,57,9,85,24,18,42,127
06/29/2001,PKB,WV,AEA,CE,Federal Contract Tower,0,19,14,0,33,0,0,34,12,46,0,19,48,12,79,34,16,50,129
06/30/2001,PKB,WV,AEA,CE,Federal Contract Tower,0,9,10,0,19,0,0,41,7,48,0,9,51,7,67,42,26,68,135
07/01/2001,PKB,WV,AEA,CE,Federal Contract Tower,0,6,21,2,29,0,0,19,2,21,0,6,40,4,50,56,0,56,106
07/02/2001,PKB,WV,AEA,CE,Federal Contract Tower,0,16,8,0,24,0,0,56,0,56,0,16,64,0,80,40,0,40,120
07/03/2001,PKB,WV,AEA,CE,Federal Contract Tower,0,20,24,1,45,0,0,63,8,71,0,20,87,9,116,60,2,62,178
07/04/2001,PKB,WV,AEA,CE,Federal Contract Tower,0,6,1,0,7,0,0,10,0,10,0,6,11,0,17,0,0,0,17
07/05/2001,PKB,WV,AEA,CE,Federal Contract Tower,0,21,16,2,39,0,0,50,14,64,0,21,66,16,103,30,10,40,143
07/06/2001,PKB,WV,AEA,CE,Federal Contract Tower,0,20,10,4,34,0,0,71,14,85,0,20,81,18,119,40,28,68,187
07/07/2001,PKB,WV,AEA,CE,Federal Contract Tower,0,8,8,3,19,0,0,44,20,64,0,8,52,23,83,40,2,42,125
07/08/2001,PKB,WV,AEA,CE,Federal Contract Tower,0,9,12,6,27,0,0,16,8,24,0,9,28,14,51,18,14,32,83
07/09/2001,PKB,WV,AEA,CE,Federal Contract Tower,0,15,17,0,32,0,0,28,7,35,0,15,45,7,67,60,0,60,127
07/10/2001,PKB,WV,AEA,CE,Federal Contract Tower,0,21,10,0,31,0,0,36,8,44,0,21,46,8,75,42,0,42,117
07/11/2001,PKB,WV,AEA,CE,Federal Contract Tower,0,19,8,0,27,0,0,56,3,59,0,19,64,3,86,36,12,48,134
07/12/2001,PKB,WV,AEA,CE,Federal Contract Tower,0,21,19,0,40,0,0,107,10,117,0,21,126,10,157,18,2,20,177
07/13/2001,PKB,WV,AEA,CE,Federal Contract Tower,0,27,14,2,43,0,0,44,6,50,0,27,58,8,93,28,2,30,123
07/14/2001,PKB,WV,AEA,CE,Federal Contract Tower,0,9,3,0,12,0,0,98,10,108,0,9,101,10,120,56,0,56,176
07/15/2001,PKB,WV,AEA,CE,Federal Contract Tower,0,11,14,1,26,0,0,85,3,88,0,11,99,4,114,34,0,34,148
07/16/2001,PKB,WV,AEA,CE,Federal Contract Tower,0,15,7,0,22,0,0,54,3,57,0,15,61,3,79,64,8,72,151
07/17/2001,PKB,WV,AEA,CE,Federal Contract Tower,0,20,25,4,49,0,0,20,10,30,0,20,45,14,79,24,12,36,115
07/18/2001,PKB,WV,AEA,CE,Federal Contract Tower,0,18,21,0,39,0,0,37,4,41,0,18,58,4,80,68,20,88,168
07/19/2001,PKB,WV,AEA,CE,Federal Contract Tower,0,21,12,1,34,0,0,49,12,61,0,21,61,13,95,52,0,52,147
07/20/2001,PKB,WV,AEA,CE,Federal Contract Tower,0,17,19,3,39,0,0,35,16,51,0,17,54,19,90,40,16,56,146
07/21/2001,PKB,WV,AEA,CE,Federal Contract Tower,0,9,10,3,22,0,0,99,19,118,0,9,109,22,140,24,28,52,192
07/22/2001,PKB,WV,AEA,CE,Federal Contract Tower,0,9,6,0,15,0,0,46,4,50,0,9,52,4,65,48,0,48,113
07/23/2001,PKB,WV,AEA,CE,Federal Contract Tower,0,16,8,0,24,0,0,69,4,73,0,16,77,4,97,64,8,72,169
07/24/2001,PKB,WV,AEA,CE,Federal Contract Tower,0,20,13,1,34,0,0,48,3,51,0,20,61,4,85,46,4,50,135
07/25/2001,PKB,WV,AEA,CE,Federal Contract Tower,0,21,9,0,30,0,0,58,9,67,0,21,67,9,97,38,0,38,135
07/26/2001,PKB,WV,AEA,CE,Federal Contract Tower,0,18,13,0,31,0,0,72,3,75,0,18,85,3,106,64,12,76,182
07/27/2001,PKB,WV,AEA,CE,Federal Contract Tower,0,19,15,2,36,0,4,45,7,56,0,23,60,9,92,16,20,36,128
07/28/2001,PKB,WV,AEA,CE,Federal Contract Tower,0,15,13,0,28,0,0,36,4,40,0,15,49,4,68,48,12,60,128
07/29/2001,PKB,WV,AEA,CE,Federal Contract Tower,0,13,7,4,24,0,0,22,0,22,0,13,29,4,46,18,0,18,64
07/30/2001,PKB,WV,AEA,CE,Federal Contract Tower,0,19,13,2,34,0,2,58,4,64,0,21,71,6,98,78,18,96,194
07/31/2001,PKB,WV,AEA,CE,Federal Contract Tower,0,21,14,2,37,0,0,56,22,78,0,21,70,24,115,52,6,58,173
08/01/2001,PKB,WV,AEA,CE,Federal Contract Tower,0,19,19,5,43,0,0,48,17,65,0,19,67,22,108,38,10,48,156
08/02/2001,PKB,WV,AEA,CE,Federal Contract Tower,0,22,20,2,44,0,0,49,7,56,0,22,69,9,100,44,4,48,148
08/03/2001,PKB,WV,AEA,CE,Federal Contract Tower,0,19,19,8,46,0,0,31,16,47,0,19,50,24,93,8,16,24,117
08/04/2001,PKB,WV,AEA,CE,Federal Contract Tower,0,11,15,2,28,0,0,24,19,43,0,11,39,21,71,10,36,46,117
08/05/2001,PKB,WV,AEA,CE,Federal Contract Tower,0,11,13,6,30,0,0,98,18,116,0,11,111,24,146,42,56,98,244
08/06/2001,PKB,WV,AEA,CE,Federal Contract Tower,0,23,18,2,43,0,0,48,1,49,0,23,66,3,92,86,0,86,178
08/07/2001,PKB,WV,AEA,CE,Federal Contract Tower,0,19,28,3,50,0,0,30,7,37,0,19,58,10,87,22,0,22,109
08/08/2001,PKB,WV,AEA,CE,Federal Contract Tower,0,19,3,10,32,0,0,35,13,48,0,19,38,23,80,72,28,100,180
08/09/2001,PKB,WV,AEA,CE,Federal Contract Tower,0,20,16,4,40,0,5,50,10,65,0,25,66,14,105,42,52,94,199
08/10/2001,PKB,WV,AEA,CE,Federal Contract Tower,0,19,20,0,39,0,1,3,6,10,0,20,23,6,49,4,20,24,73
08/11/2001,PKB,WV,AEA,CE,Federal Contract Tower,0,9,9,1,19,0,0,23,3,26,0,9,32,4,45,48,8,56,101
08/12/2001,PKB,WV,AEA,CE,Federal Contract Tower,0,10,9,0,19,0,0,14,0,14,0,10,23,0,33,36,0,36,69
08/13/2001,PKB,WV,AEA,CE,Federal Contract Tower,0,16,14,2,32,0,1,28,0,29,0,17,42,2,61,38,12,50,111
08/14/2001,PKB,WV,AEA,CE,Federal Contract Tower,0,21,25,4,50,0,0,89,9,98,0,21,114,13,148,98,6,104,252
08/15/2001,PKB,WV,AEA,CE,Federal Contract Tower,0,19,15,3,37,0,2,71,13,86,0,21,86,16,123,92,40,132,255
08/16/2001,PKB,WV,AEA,CE,Federal Contract Tower,0,19,15,3,37,0,1,45,5,51,0,20,60,8,88,18,0,18,106
08/17/2001,PKB,WV,AEA,CE,Federal Contract Tower,0,23,16,4,43,0,0,51,8,59,0,23,67,12,102,34,0,34,136
08/18/2001,PKB,WV,AEA,CE,Federal Contract Tower,0,14,11,1,26,0,0,64,1,65,0,14,75,2,91,80,0,80,171
08/19/2001,PKB,WV,AEA,CE,Federal Contract Tower,0,7,5,1,13,0,3,50,10,63,0,10,55,11,76,38,32,70,146
08/20/2001,PKB,WV,AEA,CE,Federal Contract Tower,0,16,15,2,33,0,0,35,5,40,0,16,50,7,73,62,22,84,157
08/21/2001,PKB,WV,AEA,CE,Federal Contract Tower,0,25,22,2,49,0,0,91,16,107,0,25,113,18,156,86,16,102,258
08/22/2001,PKB,WV,AEA,CE,Federal Contract Tower,0,19,18,1,38,0,0,50,11,61,0,19,68,12,99,30,54,84,183
08/23/2001,PKB,WV,AEA,CE,Federal Contract Tower,0,19,16,0,35,0,0,34,12,46,0,19,50,12,81,14,0,14,95
08/24/2001,PKB,WV,AEA,CE,Federal Contract Tower,0,23,24,4,51,0,0,24,16,40,0,23,48,20,91,6,64,70,161
08/25/2001,PKB,WV,AEA,CE,Federal Contract Tower,0,12,15,4,31,0,0,49,24,73,0,12,64,28,104,44,2,46,150
08/26/2001,PKB,WV,AEA,CE,Federal Contract Tower,0,10,2,3,15,0,0,30,12,42,0,10,32,15,57,46,32,78,135
08/27/2001,PKB,WV,AEA,CE,Federal Contract Tower,0,14,8,1,23,0,0,31,5,36,0,14,39,6,59,32,16,48,107
08/28/2001,PKB,WV,AEA,CE,Federal Contract Tower,0,15,12,2,29,0,2,31,10,43,0,17,43,12,72,18,8,26,98
08/29/2001,PKB,WV,AEA,CE,Federal Contract Tower,0,19,27,5,51,0,0,46,13,59,0,19,73,18,110,52,36,88,198
08/30/2001,PKB,WV,AEA,CE,Federal Contract Tower,0,26,18,5,49,0,0,26,4,30,0,26,44,9,79,48,4,52,131
08/31/2001,PKB,WV,AEA,CE,Federal Contract Tower,0,16,11,2,29,0,0,24,2,26,0,16,35,4,55,40,16,56,111
09/01/2001,PKB,WV,AEA,CE,Federal Contract Tower,0,16,8,0,24,0,0,71,5,76,0,16,79,5,100,30,4,34,134
09/02/2001,PKB,WV,AEA,CE,Federal Contract Tower,0,6,2,0,8,0,0,59,0,59,0,6,61,0,67,20,0,20,87
09/03/2001,PKB,WV,AEA,CE,Federal Contract Tower,0,9,13,0,22,0,0,39,0,39,0,9,52,0,61,4,0,4,65
09/04/2001,PKB,WV,AEA,CE,Federal Contract Tower,0,17,18,0,35,0,0,18,9,27,0,17,36,9,62,16,28,44,106
09/05/2001,PKB,WV,AEA,CE,Federal Contract Tower,0,21,27,2,50,0,0,53,13,66,0,21,80,15,116,48,44,92,208
09/06/2001,PKB,WV,AEA,CE,Federal Contract Tower,0,18,14,3,35,0,0,57,19,76,0,18,71,22,111,16,26,42,153
09/07/2001,PKB,WV,AEA,CE,Federal Contract Tower,0,17,10,2,29,0,1,31,28,60,0,18,41,30,89,0,36,36,125
09/08/2001,PKB,WV,AEA,CE,Federal Contract Tower,0,13,6,1,20,0,0,35,9,44,0,13,41,10,64,18,2,20,84
09/09/2001,PKB,WV,AEA,CE,Federal Contract Tower,0,13,15,2,30,0,0,40,6,46,0,13,55,8,76,16,0,16,92
09/10/2001,PKB,WV,AEA,CE,Federal Contract Tower,0,11,9,2,22,0,4,35,2,41,0,15,44,4,63,24,8,32,95
09/11/2001,PKB,WV,AEA,CE,Federal Contract Tower,0,9,10,0,19,0,0,12,0,12,0,9,22,0,31,10,0,10,41
09/12/2001,PKB,WV,AEA,CE,Federal Contract Tower,0,0,2,0,2,0,0,0,0,0,0,0,2,0,2,0,0,0,2
09/13/2001,PKB,WV,AEA,CE,Federal Contract Tower,0,9,0,2,11,0,2,0,4,6,0,11,0,6,17,0,70,70,87
09/14/2001,PKB,WV,AEA,CE,Federal Contract Tower,0,26,3,6,35,0,0,0,4,4,0,26,3,10,39,0,16,16,55
09/15/2001,PKB,WV,AEA,CE,Federal Contract Tower,0,12,27,0,39,0,4,6,0,10,0,16,33,0,49,20,0,20,69
09/16/2001,PKB,WV,AEA,CE,Federal Contract Tower,0,11,11,0,22,0,2,24,0,26,0,13,35,0,48,14,0,14,62
09/17/2001,PKB,WV,AEA,CE,Federal Contract Tower,0,13,15,0,28,0,3,20,0,23,0,16,35,0,51,28,0,28,79
09/18/2001,PKB,WV,AEA,CE,Federal Contract Tower,0,16,19,0,35,0,0,10,0,10,0,16,29,0,45,22,0,22,67
09/19/2001,PKB,WV,AEA,CE,Federal Contract Tower,0,21,10,7,38,0,0,2,1,3,0,21,12,8,41,12,36,48,89
09/20/2001,PKB,WV,AEA,CE,Federal Contract Tower,0,14,14,8,36,0,0,31,10,41,0,14,45,18,77,4,14,18,95
09/21/2001,PKB,WV,AEA,CE,Federal Contract Tower,0,13,23,3,39,0,0,37,2,39,0,13,60,5,78,2,2,4,82
09/22/2001,PKB,WV,AEA,CE,Federal Contract Tower,0,7,8,0,15,0,0,36,8,44,0,7,44,8,59,0,0,0,59
09/23/2001,PKB,WV,AEA,CE,Federal Contract Tower,0,4,18,2,24,0,0,62,7,69,0,4,80,9,93,12,22,34,127
09/24/2001,PKB,WV,AEA,CE,Federal Contract Tower,0,13,8,5,26,0,0,13,1,14,0,13,21,6,40,34,22,56,96
09/25/2001,PKB,WV,AEA,CE,Federal Contract Tower,0,18,15,4,37,0,0,38,2,40,0,18,53,6,77,32,2,34,111
09/26/2001,PKB,WV,AEA,CE,Federal Contract Tower,0,15,16,3,34,0,0,18,4,22,0,15,34,7,56,10,0,10,66
09/27/2001,PKB,WV,AEA,CE,Federal Contract Tower,0,21,9,12,42,0,0,53,10,63,0,21,62,22,105,16,144,160,265
09/28/2001,PKB,WV,AEA,CE,Federal Contract Tower,0,15,11,5,31,0,0,24,15,39,0,15,35,20,70,16,50,66,136
09/29/2001,PKB,WV,AEA,CE,Federal Contract Tower,0,3,9,7,19,0,0,57,7,64,0,3,66,14,83,44,42,86,169
09/30/2001,PKB,WV,AEA,CE,Federal Contract Tower,0,6,18,4,28,0,0,67,2,69,0,6,85,6,97,10,72,82,179
10/01/2001,PKB,WV,AEA,CE,Federal Contract Tower,0,13,4,1,18,0,0,45,2,47,0,13,49,3,65,20,2,22,87
10/02/2001,PKB,WV,AEA,CE,Federal Contract Tower,0,22,19,2,43,0,0,55,8,63,0,22,74,10,106,58,10,68,174
10/03/2001,PKB,WV,AEA,CE,Federal Contract Tower,0,16,14,3,33,0,1,44,4,49,0,17,58,7,82,46,10,56,138
10/04/2001,PKB,WV,AEA,CE,Federal Contract Tower,0,14,14,2,30,0,0,45,6,51,0,14,59,8,81,32,2,34,115
10/05/2001,PKB,WV,AEA,CE,Federal Contract Tower,0,15,8,0,23,0,0,24,6,30,0,15,32,6,53,16,4,20,73
10/06/2001,PKB,WV,AEA,CE,Federal Contract Tower,0,4,7,0,11,0,0,34,3,37,0,4,41,3,48,8,8,16,64
10/07/2001,PKB,WV,AEA,CE,Federal Contract Tower,0,8,17,0,25,0,0,48,0,48,0,8,65,0,73,14,0,14,87
10/08/2001,PKB,WV,AEA,CE,Federal Contract Tower,0,10,11,3,24,0,0,29,2,31,0,10,40,5,55,52,0,52,107
10/09/2001,PKB,WV,AEA,CE,Federal Contract Tower,0,19,25,1,45,0,0,67,7,74,0,19,92,8,119,46,14,60,179
10/10/2001,PKB,WV,AEA,CE,Federal Contract Tower,0,17,29,5,51,0,0,71,1,72,0,17,100,6,123,72,2,74,197
10/11/2001,PKB,WV,AEA,CE,Federal Contract Tower,0,24,10,2,36,0,0,59,3,62,0,24,69,5,98,46,26,72,170
10/12/2001,PKB,WV,AEA,CE,Federal Contract Tower,0,16,18,2,36,0,0,4,7,11,0,16,22,9,47,2,58,60,107
10/13/2001,PKB,WV,AEA,CE,Federal Contract Tower,0,7,5,15,27,0,0,50,12,62,0,7,55,27,89,4,36,40,129
10/14/2001,PKB,WV,AEA,CE,Federal Contract Tower,0,5,4,3,12,0,0,24,2,26,0,5,28,5,38,14,12,26,64
10/15/2001,PKB,WV,AEA,CE,Federal Contract Tower,0,13,13,0,26,0,0,55,0,55,0,13,68,0,81,22,0,22,103
10/16/2001,PKB,WV,AEA,CE,Federal Contract Tower,0,20,23,0,43,0,0,22,4,26,0,20,45,4,69,12,16,28,97
10/17/2001,PKB,WV,AEA,CE,Federal Contract Tower,0,19,16,1,36,0,0,23,12,35,0,19,39,13,71,18,30,48,119
10/18/2001,PKB,WV,AEA,CE,Federal Contract Tower,0,19,25,0,44,0,0,50,10,60,0,19,75,10,104,50,32,82,186
10/19/2001,PKB,WV,AEA,CE,Federal Contract Tower,0,21,18,9,48,0,0,51,24,75,0,21,69,33,123,54,120,174,297
10/20/2001,PKB,WV,AEA,CE,Federal Contract Tower,0,11,12,15,38,0,0,90,16,106,0,11,102,31,144,56,90,146,290
10/21/2001,PKB,WV,AEA,CE,Federal Contract Tower,0,5,16,0,21,0,1,68,2,71,0,6,84,2,92,22,18,40,132
10/22/2001,PKB,WV,AEA,CE,Federal Contract Tower,0,11,4,6,21,0,0,41,4,45,0,11,45,10,66,20,34,54,120
10/23/2001,PKB,WV,AEA,CE,Federal Contract Tower,0,20,21,2,43,0,7,43,0,50,0,27,64,2,93,38,8,46,139
10/24/2001,PKB,WV,AEA,CE,Federal Contract Tower,0,17,24,4,45,0,0,36,8,44,0,17,60,12,89,34,70,104,193
10/25/2001,PKB,WV,AEA,CE,Federal Contract Tower,0,17,10,1,28,0,0,40,8,48,0,17,50,9,76,12,8,20,96
10/26/2001,PKB,WV,AEA,CE,Federal Contract Tower,0,13,5,6,24,0,0,11,8,19,0,13,16,14,43,0,62,62,105
10/27/2001,PKB,WV,AEA,CE,Federal Contract Tower,0,7,7,9,23,0,0,10,10,20,0,7,17,19,43,0,60,60,103
10/28/2001,PKB,WV,AEA,CE,Federal Contract Tower,0,7,10,5,22,0,0,72,9,81,0,7,82,14,103,40,82,122,225
10/29/2001,PKB,WV,AEA,CE,Federal Contract Tower,0,14,14,3,31,0,0,39,0,39,0,14,53,3,70,44,18,62,132
10/30/2001,PKB,WV,AEA,CE,Federal Contract Tower,0,18,35,8,61,0,0,68,15,83,0,18,103,23,144,46,72,118,262
10/31/2001,PKB,WV,AEA,CE,Federal Contract Tower,0,15,13,3,31,0,0,46,1,47,0,15,59,4,78,44,4,48,126
11/01/2001,PKB,WV,AEA,CE,Federal Contract Tower,0,14,11,4,29,0,0,58,2,60,0,14,69,6,89,56,0,56,145
11/02/2001,PKB,WV,AEA,CE,Federal Contract Tower,0,16,11,3,30,0,0,24,27,51,0,16,35,30,81,8,82,90,171
11/03/2001,PKB,WV,AEA,CE,Federal Contract Tower,0,10,17,3,30,0,0,75,21,96,0,10,92,24,126,48,100,148,274
11/04/2001,PKB,WV,AEA,CE,Federal Contract Tower,0,10,12,6,28,0,0,35,21,56,0,10,47,27,84,0,52,52,136
11/05/2001,PKB,WV,AEA,CE,Federal Contract Tower,0,13,14,4,31,0,0,35,3,38,0,13,49,7,69,42,24,66,135
11/06/2001,PKB,WV,AEA,CE,Federal Contract Tower,0,19,19,6,44,0,0,51,14,65,0,19,70,20,109,44,86,130,239
11/07/2001,PKB,WV,AEA,CE,Federal Contract Tower,0,17,15,12,44,0,0,67,5,72,0,17,82,17,116,40,28,68,184
11/08/2001,PKB,WV,AEA,CE,Federal Contract Tower,0,26,19,1,46,0,0,73,10,83,0,26,92,11,129,44,8,52,181
11/09/2001,PKB,WV,AEA,CE,Federal Contract Tower,0,18,10,15,43,0,0,52,15,67,0,18,62,30,110,34,34,68,178
11/10/2001,PKB,WV,AEA,CE,Federal Contract Tower,0,6,2,3,11,0,0,30,14,44,0,6,32,17,55,20,76,96,151
11/11/2001,PKB,WV,AEA,CE,Federal Contract Tower,0,10,4,1,15,0,0,45,7,52,0,10,49,8,67,38,12,50,117
11/12/2001,PKB,WV,AEA,CE,Federal Contract Tower,0,15,7,0,22,0,0,55,3,58,0,15,62,3,80,32,0,32,112
11/13/2001,PKB,WV,AEA,CE,Federal Contract Tower,0,23,12,2,37,0,0,50,4,54,0,23,62,6,91,58,4,62,153
11/14/2001,PKB,WV,AEA,CE,Federal Contract Tower,0,19,13,10,42,0,0,64,4,68,0,19,77,14,110,48,52,100,210
11/15/2001,PKB,WV,AEA,CE,Federal Contract Tower,0,17,15,2,34,0,0,71,5,76,0,17,86,7,110,28,0,28,138
11/16/2001,PKB,WV,AEA,CE,Federal Contract Tower,0,18,6,9,33,0,0,53,35,88,0,18,59,44,121,70,72,142,263
11/17/2001,PKB,WV,AEA,CE,Federal Contract Tower,0,6,2,1,9,0,0,41,7,48,0,6,43,8,57,22,26,48,105
11/18/2001,PKB,WV,AEA,CE,Federal Contract Tower,0,6,8,0,14,0,0,56,2,58,0,6,64,2,72,6,28,34,106
11/19/2001,PKB,WV,AEA,CE,Federal Contract Tower,0,14,10,8,32,0,0,20,6,26,0,14,30,14,58,44,18,62,120
11/20/2001,PKB,WV,AEA,CE,Federal Contract Tower,0,20,22,5,47,0,0,44,14,58,0,20,66,19,105,34,60,94,199
11/21/2001,PKB,WV,AEA,CE,Federal Contract Tower,0,25,21,4,50,0,0,58,1,59,0,25,79,5,109,32,8,40,149
11/22/2001,PKB,WV,AEA,CE,Federal Contract Tower,0,4,9,0,13,0,0,44,0,44,0,4,53,0,57,10,0,10,67
11/23/2001,PKB,WV,AEA,CE,Federal Contract Tower,0,9,5,0,14,0,0,57,2,59,0,9,62,2,73,73,38,111,184
11/24/2001,PKB,WV,AEA,CE,Federal Contract Tower,0,6,3,0,9,0,0,51,0,51,0,6,54,0,60,42,0,42,102
11/25/2001,PKB,WV,AEA,CE,Federal Contract Tower,0,6,9,0,15,0,0,26,0,26,0,6,35,0,41,62,0,62,103
11/26/2001,PKB,WV,AEA,CE,Federal Contract Tower,0,15,9,2,26,0,1,25,5,31,0,16,34,7,57,40,0,40,97
11/27/2001,PKB,WV,AEA,CE,Federal Contract Tower,0,20,22,1,43,0,0,24,5,29,0,20,46,6,72,16,10,26,98
11/28/2001,PKB,WV,AEA,CE,Federal Contract Tower,0,18,10,6,34,0,0,7,9,16,0,18,17,15,50,6,80,86,136
11/29/2001,PKB,WV,AEA,CE,Federal Contract Tower,0,15,23,0,38,0,0,42,4,46,0,15,65,4,84,0,12,12,96
11/30/2001,PKB,WV,AEA,CE,Federal Contract Tower,0,21,6,1,28,0,0,14,20,34,0,21,20,21,62,14,64,78,140
12/01/2001,PKB,WV,AEA,CE,Federal Contract Tower,0,5,7,5,17,0,1,14,4,19,0,6,21,9,36,6,2,8,44
12/02/2001,PKB,WV,AEA,CE,Federal Contract Tower,0,6,5,2,13,0,1,60,0,61,0,7,65,2,74,54,0,54,128
12/03/2001,PKB,WV,AEA,CE,Federal Contract Tower,0,10,10,1,21,0,1,48,2,51,0,11,58,3,72,40,6,46,118
12/04/2001,PKB,WV,AEA,CE,Federal Contract Tower,0,17,16,4,37,0,0,61,12,73,0,17,77,16,110,32,18,50,160
12/05/2001,PKB,WV,AEA,CE,Federal Contract Tower,0,20,10,9,39,0,0,61,21,82,0,20,71,30,121,52,38,90,211
12/06/2001,PKB,WV,AEA,CE,Federal Contract Tower,0,20,14,7,41,0,0,27,10,37,0,20,41,17,78,24,40,64,142
12/07/2001,PKB,WV,AEA,CE,Federal Contract Tower,0,25,3,6,34,0,0,49,35,84,0,25,52,41,118,30,122,152,270
12/08/2001,PKB,WV,AEA,CE,Federal Contract Tower,0,10,5,7,22,0,0,1,16,17,0,10,6,23,39,0,240,240,279
12/09/2001,PKB,WV,AEA,CE,Federal Contract Tower,0,5,6,6,17,0,0,30,17,47,0,5,36,23,64,28,58,86,150
12/10/2001,PKB,WV,AEA,CE,Federal Contract Tower,0,11,4,0,15,0,0,26,0,26,0,11,30,0,41,68,0,68,109
12/11/2001,PKB,WV,AEA,CE,Federal Contract Tower,0,21,14,3,38,0,0,68,19,87,0,21,82,22,125,96,32,128,253
12/12/2001,PKB,WV,AEA,CE,Federal Contract Tower,0,19,14,0,33,0,0,50,19,69,0,19,64,19,102,20,38,58,160
12/13/2001,PKB,WV,AEA,CE,Federal Contract Tower,0,19,11,4,34,0,0,39,11,50,0,19,50,15,84,28,26,54,138
12/14/2001,PKB,WV,AEA,CE,Federal Contract Tower,0,16,9,2,27,0,2,12,0,14,0,18,21,2,41,20,0,20,61
12/15/2001,PKB,WV,AEA,CE,Federal Contract Tower,0,8,12,0,20,0,0,46,0,46,0,8,58,0,66,42,0,42,108
12/16/2001,PKB,WV,AEA,CE,Federal Contract Tower,0,7,12,0,19,0,0,26,3,29,0,7,38,3,48,48,0,48,96
12/17/2001,PKB,WV,AEA,CE,Federal Contract Tower,0,13,7,2,22,0,0,15,1,16,0,13,22,3,38,62,0,62,100
12/18/2001,PKB,WV,AEA,CE,Federal Contract Tower,0,19,26,0,45,0,0,42,7,49,0,19,68,7,94,36,12,48,142
12/19/2001,PKB,WV,AEA,CE,Federal Contract Tower,0,20,26,4,50,0,0,50,17,67,0,20,76,21,117,20,76,96,213
12/20/2001,PKB,WV,AEA,CE,Federal Contract Tower,0,21,13,3,37,0,0,42,11,53,0,21,55,14,90,16,8,24,114
12/21/2001,PKB,WV,AEA,CE,Federal Contract Tower,0,18,9,0,27,0,0,52,0,52,0,18,61,0,79,12,0,12,91
12/22/2001,PKB,WV,AEA,CE,Federal Contract Tower,0,12,15,0,27,0,0,57,2,59,0,12,72,2,86,24,0,24,110
12/23/2001,PKB,WV,AEA,CE,Federal Contract Tower,0,6,6,0,12,0,0,3,0,3,0,6,9,0,15,4,0,4,19
12/24/2001,PKB,WV,AEA,CE,Federal Contract Tower,0,5,1,0,6,0,0,11,0,11,0,5,12,0,17,72,0,72,89
12/25/2001,PKB,WV,AEA,CE,Federal Contract Tower,0,5,2,0,7,0,0,8,0,8,0,5,10,0,15,0,0,0,15
12/26/2001,PKB,WV,AEA,CE,Federal Contract Tower,0,15,9,0,24,0,0,31,4,35,0,15,40,4,59,34,4,38,97
12/27/2001,PKB,WV,AEA,CE,Federal Contract Tower,0,21,5,0,26,0,0,36,2,38,0,21,41,2,64,14,4,18,82
12/28/2001,PKB,WV,AEA,CE,Federal Contract Tower,0,15,4,0,19,0,0,19,4,23,0,15,23,4,42,22,8,30,72
12/29/2001,PKB,WV,AEA,CE,Federal Contract Tower,0,8,6,1,15,0,1,14,0,15,0,9,20,1,30,16,0,16,46
12/30/2001,PKB,WV,AEA,CE,Federal Contract Tower,0,5,15,0,20,0,0,15,0,15,0,5,30,0,35,42,0,42,77
12/31/2001,PKB,WV,AEA,CE,Federal Contract Tower,0,7,2,0,9,0,0,36,0,36,0,7,38,0,45,18,0,18,63
01/01/2002,PKB,WV,AEA,CE,Federal Contract Tower,0,6,3,0,9,0,0,27,0,27,0,6,30,0,36,14,0,14,50
01/02/2002,PKB,WV,AEA,CE,Federal Contract Tower,0,16,2,0,18,0,0,41,0,41,0,16,43,0,59,24,0,24,83
01/03/2002,PKB,WV,AEA,CE,Federal Contract Tower,0,17,6,0,23,0,0,59,0,59,0,17,65,0,82,24,0,24,106
01/04/2002,PKB,WV,AEA,CE,Federal Contract Tower,0,14,11,2,27,0,0,45,30,75,0,14,56,32,102,10,0,10,112
01/05/2002,PKB,WV,AEA,CE,Federal Contract Tower,0,9,3,8,20,0,0,58,33,91,0,9,61,41,111,44,64,108,219
01/06/2002,PKB,WV,AEA,CE,Federal Contract Tower,0,6,2,2,10,0,0,0,0,0,0,6,2,2,10,2,0,2,12
01/07/2002,PKB,WV,AEA,CE,Federal Contract Tower,0,13,6,0,19,0,0,7,0,7,0,13,13,0,26,0,0,0,26
01/08/2002,PKB,WV,AEA,CE,Federal Contract Tower,0,17,8,0,25,0,0,50,17,67,0,17,58,17,92,46,4,50,142
01/09/2002,PKB,WV,AEA,CE,Federal Contract Tower,0,15,12,2,29,0,0,34,9,43,0,15,46,11,72,22,24,46,118
01/10/2002,PKB,WV,AEA,CE,Federal Contract Tower,0,20,9,5,34,0,0,35,5,40,0,20,44,10,74,12,22,34,108
01/11/2002,PKB,WV,AEA,CE,Federal Contract Tower,0,14,8,3,25,0,0,35,29,64,0,14,43,32,89,26,82,108,197
01/12/2002,PKB,WV,AEA,CE,Federal Contract Tower,0,10,11,0,21,0,0,57,27,84,0,10,68,27,105,42,54,96,201
01/13/2002,PKB,WV,AEA,CE,Federal Contract Tower,0,7,7,6,20,0,0,25,13,38,0,7,32,19,58,12,32,44,102
01/14/2002,PKB,WV,AEA,CE,Federal Contract Tower,0,11,10,0,21,0,0,19,6,25,0,11,29,6,46,4,56,60,106
01/15/2002,PKB,WV,AEA,CE,Federal Contract Tower,0,20,13,1,34,0,0,36,17,53,0,20,49,18,87,14,74,88,175
01/16/2002,PKB,WV,AEA,CE,Federal Contract Tower,0,16,13,5,34,0,0,40,13,53,0,16,53,18,87,18,62,80,167
01/17/2002,PKB,WV,AEA,CE,Federal Contract Tower,0,18,4,3,25,0,0,41,7,48,0,18,45,10,73,18,8,26,99
01/18/2002,PKB,WV,AEA,CE,Federal Contract Tower,0,18,2,4,24,0,0,31,4,35,0,18,33,8,59,20,0,20,79
01/19/2002,PKB,WV,AEA,CE,Federal Contract Tower,0,8,7,0,15,0,0,20,0,20,0,8,27,0,35,36,0,36,71
01/20/2002,PKB,WV,AEA,CE,Federal Contract Tower,0,7,3,2,12,0,0,23,1,24,0,7,26,3,36,52,0,52,88
01/21/2002,PKB,WV,AEA,CE,Federal Contract Tower,0,11,9,0,20,0,0,2,0,2,0,11,11,0,22,2,0,2,24
01/22/2002,PKB,WV,AEA,CE,Federal Contract Tower,0,18,14,3,35,0,0,37,3,40,0,18,51,6,75,8,2,10,85
01/23/2002,PKB,WV,AEA,CE,Federal Contract Tower,0,15,15,3,33,0,0,15,9,24,0,15,30,12,57,0,34,34,91
01/24/2002,PKB,WV,AEA,CE,Federal Contract Tower,0,17,10,3,30,0,0,13,3,16,0,17,23,6,46,0,0,0,46
01/25/2002,PKB,WV,AEA,CE,Federal Contract Tower,0,14,5,3,22,0,2,60,11,73,0,16,65,14,95,26,54,80,175
01/26/2002,PKB,WV,AEA,CE,Federal Contract Tower,0,10,14,7,31,0,0,74,31,105,0,10,88,38,136,60,114,174,310
01/27/2002,PKB,WV,AEA,CE,Federal Contract Tower,0,7,4,6,17,0,0,79,18,97,0,7,83,24,114,58,44,102,216
01/28/2002,PKB,WV,AEA,CE,Federal Contract Tower,0,12,14,0,26,0,1,32,2,35,0,13,46,2,61,10,22,32,93
01/29/2002,PKB,WV,AEA,CE,Federal Contract Tower,0,24,23,7,54,0,0,43,12,55,0,24,66,19,109,44,68,112,221
01/30/2002,PKB,WV,AEA,CE,Federal Contract Tower,0,21,14,6,41,0,0,6,0,6,0,21,20,6,47,8,2,10,57
01/31/2002,PKB,WV,AEA,CE,Federal Contract Tower,0,21,17,6,44,0,0,34,6,40,0,21,51,12,84,18,46,64,148
02/01/2002,PKB,WV,AEA,CE,Federal Contract Tower,0,14,6,2,22,0,0,1,8,9,0,14,7,10,31,0,60,60,91
02/02/2002,PKB,WV,AEA,CE,Federal Contract Tower,0,7,30,10,47,0,0,47,14,61,0,7,77,24,108,38,58,96,204
02/03/2002,PKB,WV,AEA,CE,Federal Contract Tower,0,5,6,0,11,0,0,33,10,43,0,5,39,10,54,6,60,66,120
02/04/2002,PKB,WV,AEA,CE,Federal Contract Tower,0,11,3,2,16,0,0,13,4,17,0,11,16,6,33,10,18,28,61
02/05/2002,PKB,WV,AEA,CE,Federal Contract Tower,0,11,7,2,20,0,9,60,9,78,0,20,67,11,98,68,14,82,180
02/06/2002,PKB,WV,AEA,CE,Federal Contract Tower,0,17,9,10,36,0,0,36,7,43,0,17,45,17,79,22,36,58,137
02/07/2002,PKB,WV,AEA,CE,Federal Contract Tower,0,16,15,2,33,0,0,49,9,58,0,16,64,11,91,36,44,80,171
02/08/2002,PKB,WV,AEA,CE,Federal Contract Tower,0,15,20,7,42,0,0,29,12,41,0,15,49,19,83,8,26,34,117
02/09/2002,PKB,WV,AEA,CE,Federal Contract Tower,0,8,6,7,21,0,0,78,14,92,0,8,84,21,113,24,40,64,177
02/10/2002,PKB,WV,AEA,CE,Federal Contract Tower,0,8,1,6,15,0,0,7,12,19,0,8,8,18,34,0,16,16,50
02/11/2002,PKB,WV,AEA,CE,Federal Contract Tower,0,12,14,4,30,0,0,23,4,27,0,12,37,8,57,0,0,0,57
02/12/2002,PKB,WV,AEA,CE,Federal Contract Tower,0,18,10,10,38,0,0,39,10,49,0,18,49,20,87,10,20,30,117
02/13/2002,PKB,WV,AEA,CE,Federal Contract Tower,0,15,10,11,36,0,0,38,9,47,0,15,48,20,83,36,24,60,143
02/14/2002,PKB,WV,AEA,CE,Federal Contract Tower,0,17,9,0,26,0,0,60,17,77,0,17,69,17,103,34,50,84,187
02/15/2002,PKB,WV,AEA,CE,Federal Contract Tower,0,14,8,8,30,0,0,27,10,37,0,14,35,18,67,18,20,38,105
02/16/2002,PKB,WV,AEA,CE,Federal Contract Tower,0,9,2,1,12,0,0,24,0,24,0,9,26,1,36,16,0,16,52
02/17/2002,PKB,WV,AEA,CE,Federal Contract Tower,0,5,4,0,9,0,0,20,0,20,0,5,24,0,29,10,0,10,39
02/18/2002,PKB,WV,AEA,CE,Federal Contract Tower,0,11,18,0,29,0,0,47,0,47,0,11,65,0,76,32,0,32,108
02/19/2002,PKB,WV,AEA,CE,Federal Contract Tower,0,18,9,2,29,0,0,43,30,73,0,18,52,32,102,32,50,82,184
02/20/2002,PKB,WV,AEA,CE,Federal Contract Tower,0,15,12,4,31,0,0,20,9,29,0,15,32,13,60,18,44,62,122
02/21/2002,PKB,WV,AEA,CE,Federal Contract Tower,0,15,19,0,34,0,0,21,4,25,0,15,40,4,59,14,6,20,79
02/22/2002,PKB,WV,AEA,CE,Federal Contract Tower,0,15,2,8,25,0,0,24,12,36,0,15,26,20,61,2,62,64,125
02/23/2002,PKB,WV,AEA,CE,Federal Contract Tower,0,8,14,4,26,0,0,84,20,104,0,8,98,24,130,60,68,128,258
02/24/2002,PKB,WV,AEA,CE,Federal Contract Tower,0,5,8,0,13,0,0,58,0,58,0,5,66,0,71,0,92,92,163
02/25/2002,PKB,WV,AEA,CE,Federal Contract Tower,0,14,16,1,31,0,0,27,1,28,0,14,43,2,59,4,0,4,63
02/26/2002,PKB,WV,AEA,CE,Federal Contract Tower,0,14,10,0,24,0,0,9,0,9,0,14,19,0,33,0,0,0,33
02/27/2002,PKB,WV,AEA,CE,Federal Contract Tower,0,25,13,4,42,0,0,12,11,23,0,25,25,15,65,8,32,40,105
02/28/2002,PKB,WV,AEA,CE,Federal Contract Tower,0,20,24,6,50,0,0,44,7,51,0,20,68,13,101,38,22,60,161
03/01/2002,PKB,WV,AEA,CE,Federal Contract Tower,0,15,18,8,41,0,0,60,26,86,0,15,78,34,127,38,68,106,233
03/02/2002,PKB,WV,AEA,CE,Federal Contract Tower,0,5,11,4,20,0,0,24,8,32,0,5,35,12,52,18,58,76,128
03/03/2002,PKB,WV,AEA,CE,Federal Contract Tower,0,9,3,2,14,0,0,11,0,11,0,9,14,2,25,24,0,24,49
03/04/2002,PKB,WV,AEA,CE,Federal Contract Tower,0,11,12,2,25,0,0,15,0,15,0,11,27,2,40,2,2,4,44
03/05/2002,PKB,WV,AEA,CE,Federal Contract Tower,0,20,14,3,37,0,0,45,8,53,0,20,59,11,90,42,14,56,146
03/06/2002,PKB,WV,AEA,CE,Federal Contract Tower,0,21,14,2,37,0,0,43,13,56,0,21,57,15,93,20,54,74,167
03/07/2002,PKB,WV,AEA,CE,Federal Contract Tower,0,17,11,6,34,0,0,51,7,58,0,17,62,13,92,10,30,40,132
03/08/2002,PKB,WV,AEA,CE,Federal Contract Tower,0,15,8,2,25,0,0,51,12,63,0,15,59,14,88,20,10,30,118
03/09/2002,PKB,WV,AEA,CE,Federal Contract Tower,0,12,3,0,15,0,0,13,0,13,0,12,16,0,28,0,0,0,28
03/10/2002,PKB,WV,AEA,CE,Federal Contract Tower,0,4,2,0,6,0,1,20,2,23,0,5,22,2,29,8,12,20,49
03/11/2002,PKB,WV,AEA,CE,Federal Contract Tower,0,16,19,3,38,0,0,40,4,44,0,16,59,7,82,26,2,28,110
03/12/2002,PKB,WV,AEA,CE,Federal Contract Tower,0,18,13,3,34,0,0,26,9,35,0,18,39,12,69,26,16,42,111
03/13/2002,PKB,WV,AEA,CE,Federal Contract Tower,0,17,12,6,35,0,0,32,9,41,0,17,44,15,76,30,14,44,120
03/14/2002,PKB,WV,AEA,CE,Federal Contract Tower,0,23,11,4,38,0,0,66,7,73,0,23,77,11,111,48,12,60,171
03/15/2002,PKB,WV,AEA,CE,Federal Contract Tower,0,21,7,7,35,0,0,26,21,47,0,21,33,28,82,30,74,104,186
03/16/2002,PKB,WV,AEA,CE,Federal Contract Tower,0,8,12,9,29,0,0,14,10,24,0,8,26,19,53,12,144,156,209
03/17/2002,PKB,WV,AEA,CE,Federal Contract Tower,0,6,3,6,15,0,0,3,5,8,0,6,6,11,23,0,118,118,141
03/18/2002,PKB,WV,AEA,CE,Federal Contract Tower,0,11,9,0,20,0,0,21,2,23,0,11,30,2,43,2,0,2,45
03/19/2002,PKB,WV,AEA,CE,Federal Contract Tower,0,19,19,2,40,0,0,25,11,36,0,19,44,13,76,48,10,58,134
03/20/2002,PKB,WV,AEA,CE,Federal Contract Tower,0,24,11,2,37,0,0,20,0,20,0,24,31,2,57,12,10,22,79
03/21/2002,PKB,WV,AEA,CE,Federal Contract Tower,0,23,8,0,31,0,0,39,11,50,0,23,47,11,81,16,38,54,135
03/22/2002,PKB,WV,AEA,CE,Federal Contract Tower,0,14,9,3,26,0,0,21,13,34,0,14,30,16,60,4,14,18,78
03/23/2002,PKB,WV,AEA,CE,Federal Contract Tower,0,9,5,7,21,0,0,46,13,59,0,9,51,20,80,10,46,56,136
03/24/2002,PKB,WV,AEA,CE,Federal Contract Tower,0,5,15,0,20,0,0,55,11,66,0,5,70,11,86,46,20,66,152
03/25/2002,PKB,WV,AEA,CE,Federal Contract Tower,0,17,5,0,22,0,0,16,2,18,0,17,21,2,40,8,0,8,48
03/26/2002,PKB,WV,AEA,CE,Federal Contract Tower,0,19,7,0,26,0,0,10,0,10,0,19,17,0,36,6,0,6,42
03/27/2002,PKB,WV,AEA,CE,Federal Contract Tower,0,13,12,0,25,0,0,38,6,44,0,13,50,6,69,32,8,40,109
03/28/2002,PKB,WV,AEA,CE,Federal Contract Tower,0,21,14,0,35,0,0,75,14,89,0,21,89,14,124,40,26,66,190
03/29/2002,PKB,WV,AEA,CE,Federal Contract Tower,0,14,8,0,22,0,0,45,6,51,0,14,53,6,73,30,0,30,103
03/30/2002,PKB,WV,AEA,CE,Federal Contract Tower,0,12,23,0,35,0,0,86,5,91,0,12,109,5,126,82,10,92,218
03/31/2002,PKB,WV,AEA,CE,Federal Contract Tower,0,3,12,0,15,0,0,31,0,31,0,3,43,0,46,34,0,34,80
04/01/2002,PKB,WV,AEA,CE,Federal Contract Tower,0,12,13,2,27,0,1,38,1,40,0,13,51,3,67,16,0,16,83
04/02/2002,PKB,WV,AEA,CE,Federal Contract Tower,0,14,14,2,30,0,1,70,6,77,0,15,84,8,107,44,8,52,159
04/03/2002,PKB,WV,AEA,CE,Federal Contract Tower,0,16,9,3,28,0,1,27,9,37,0,17,36,12,65,28,18,46,111
04/04/2002,PKB,WV,AEA,CE,Federal Contract Tower,0,17,18,4,39,0,0,63,26,89,0,17,81,30,128,70,14,84,212
04/05/2002,PKB,WV,AEA,CE,Federal Contract Tower,0,15,13,8,36,0,1,46,27,74,0,16,59,35,110,28,80,108,218
04/06/2002,PKB,WV,AEA,CE,Federal Contract Tower,0,10,8,1,19,0,0,43,22,65,0,10,51,23,84,56,62,118,202
04/07/2002,PKB,WV,AEA,CE,Federal Contract Tower,0,5,14,0,19,0,0,60,10,70,0,5,74,10,89,40,26,66,155
04/08/2002,PKB,WV,AEA,CE,Federal Contract Tower,0,12,3,2,17,0,1,37,1,39,0,13,40,3,56,20,0,20,76
04/09/2002,PKB,WV,AEA,CE,Federal Contract Tower,0,20,13,6,39,0,0,24,0,24,0,20,37,6,63,44,8,52,115
04/10/2002,PKB,WV,AEA,CE,Federal Contract Tower,0,16,15,5,36,0,0,78,17,95,0,16,93,22,131,68,64,132,263
04/11/2002,PKB,WV,AEA,CE,Federal Contract Tower,0,15,25,8,48,0,0,79,9,88,0,15,104,17,136,46,70,116,252
04/12/2002,PKB,WV,AEA,CE,Federal Contract Tower,0,16,10,10,36,0,0,43,8,51,0,16,53,18,87,48,42,90,177
04/13/2002,PKB,WV,AEA,CE,Federal Contract Tower,0,10,14,4,28,0,0,32,11,43,0,10,46,15,71,64,72,136,207
04/14/2002,PKB,WV,AEA,CE,Federal Contract Tower,0,4,6,2,12,0,0,17,6,23,0,4,23,8,35,0,16,16,51
04/15/2002,PKB,WV,AEA,CE,Federal Contract Tower,0,15,16,6,37,0,0,33,2,35,0,15,49,8,72,22,6,28,100
04/16/2002,PKB,WV,AEA,CE,Federal Contract Tower,0,14,19,4,37,0,1,63,12,76,0,15,82,16,113,44,12,56,169
04/17/2002,PKB,WV,AEA,CE,Federal Contract Tower,0,19,23,0,42,0,0,55,9,64,0,19,78,9,106,40,22,62,168
04/18/2002,PKB,WV,AEA,CE,Federal Contract Tower,0,15,26,6,47,0,0,74,12,86,0,15,100,18,133,50,36,86,219
04/19/2002,PKB,WV,AEA,CE,Federal Contract Tower,0,12,7,6,25,0,0,37,4,41,0,12,44,10,66,14,12,26,92
04/20/2002,PKB,WV,AEA,CE,Federal Contract Tower,0,8,7,2,17,0,0,22,1,23,0,8,29,3,40,32,0,32,72
04/21/2002,PKB,WV,AEA,CE,Federal Contract Tower,0,7,5,0,12,0,0,22,0,22,0,7,27,0,34,14,0,14,48
04/22/2002,PKB,WV,AEA,CE,Federal Contract Tower,0,11,9,9,29,0,0,21,5,26,0,11,30,14,55,8,8,16,71
04/23/2002,PKB,WV,AEA,CE,Federal Contract Tower,0,17,20,3,40,0,0,77,19,96,0,17,97,22,136,118,106,224,360
04/24/2002,PKB,WV,AEA,CE,Federal Contract Tower,0,24,5,10,39,0,0,87,7,94,0,24,92,17,133,78,62,140,273
04/25/2002,PKB,WV,AEA,CE,Federal Contract Tower,0,14,15,8,37,0,0,43,8,51,0,14,58,16,88,12,62,74,162
04/26/2002,PKB,WV,AEA,CE,Federal Contract Tower,0,16,19,7,42,0,0,51,11,62,0,16,70,18,104,36,32,68,172
04/27/2002,PKB,WV,AEA,CE,Federal Contract Tower,0,8,5,3,16,0,0,40,15,55,0,8,45,18,71,8,0,8,79
04/28/2002,PKB,WV,AEA,CE,Federal Contract Tower,0,5,4,6,15,0,0,25,2,27,0,5,29,8,42,14,34,48,90
04/29/2002,PKB,WV,AEA,CE,Federal Contract Tower,0,18,9,3,30,0,0,6,7,13,0,18,15,10,43,0,22,22,65
04/30/2002,PKB,WV,AEA,CE,Federal Contract Tower,0,25,16,10,51,0,0,63,9,72,0,25,79,19,123,54,24,78,201
05/01/2002,PKB,WV,AEA,CE,Federal Contract Tower,0,15,17,4,36,0,0,76,14,90,0,15,93,18,126,76,6,82,208
05/02/2002,PKB,WV,AEA,CE,Federal Contract Tower,0,15,8,5,28,0,0,37,6,43,0,15,45,11,71,8,22,30,101
05/03/2002,PKB,WV,AEA,CE,Federal Contract Tower,0,16,6,2,24,0,0,38,15,53,0,16,44,17,77,30,16,46,123
05/04/2002,PKB,WV,AEA,CE,Federal Contract Tower,0,7,7,8,22,0,0,36,10,46,0,7,43,18,68,30,32,62,130
05/05/2002,PKB,WV,AEA,CE,Federal Contract Tower,0,7,6,0,13,0,0,48,3,51,0,7,54,3,64,54,0,54,118
05/06/2002,PKB,WV,AEA,CE,Federal Contract Tower,0,12,13,4,29,0,1,24,6,31,0,13,37,10,60,26,6,32,92
05/07/2002,PKB,WV,AEA,CE,Federal Contract Tower,0,14,10,0,24,0,0,31,4,35,0,14,41,4,59,8,0,8,67
05/08/2002,PKB,WV,AEA,CE,Federal Contract Tower,0,18,18,7,43,0,0,12,2,14,0,18,30,9,57,16,4,20,77
05/09/2002,PKB,WV,AEA,CE,Federal Contract Tower,0,19,8,0,27,0,0,30,7,37,0,19,38,7,64,20,16,36,100
05/10/2002,PKB,WV,AEA,CE,Federal Contract Tower,0,15,5,0,20,0,0,55,8,63,0,15,60,8,83,52,12,64,147
05/11/2002,PKB,WV,AEA,CE,Federal Contract Tower,0,8,7,0,15,0,0,64,10,74,0,8,71,10,89,40,8,48,137
05/12/2002,PKB,WV,AEA,CE,Federal Contract Tower,0,5,4,0,9,0,0,10,0,10,0,5,14,0,19,0,0,0,19
05/13/2002,PKB,WV,AEA,CE,Federal Contract Tower,0,11,2,0,13,0,0,5,0,5,0,11,7,0,18,0,0,0,18
05/14/2002,PKB,WV,AEA,CE,Federal Contract Tower,0,14,16,0,30,0,0,42,10,52,0,14,58,10,82,26,12,38,120
05/15/2002,PKB,WV,AEA,CE,Federal Contract Tower,0,19,17,4,40,0,0,69,5,74,0,19,86,9,114,86,10,96,210
05/16/2002,PKB,WV,AEA,CE,Federal Contract Tower,0,16,12,2,30,0,0,51,4,55,0,16,63,6,85,46,0,46,131
05/17/2002,PKB,WV,AEA,CE,Federal Contract Tower,0,12,12,9,33,0,0,5,9,14,0,12,17,18,47,2,32,34,81
05/18/2002,PKB,WV,AEA,CE,Federal Contract Tower,0,9,3,1,13,0,0,25,16,41,0,9,28,17,54,50,10,60,114
05/19/2002,PKB,WV,AEA,CE,Federal Contract Tower,0,5,8,0,13,0,0,27,8,35,0,5,35,8,48,20,0,20,68
05/20/2002,PKB,WV,AEA,CE,Federal Contract Tower,0,14,5,5,24,0,0,13,10,23,0,14,18,15,47,4,46,50,97
05/21/2002,PKB,WV,AEA,CE,Federal Contract Tower,0,17,30,0,47,0,0,43,17,60,0,17,73,17,107,70,78,148,255
05/22/2002,PKB,WV,AEA,CE,Federal Contract Tower,0,20,18,10,48,0,0,86,6,92,0,20,104,16,140,58,36,94,234
05/23/2002,PKB,WV,AEA,CE,Federal Contract Tower,0,21,14,7,42,0,0,72,9,81,0,21,86,16,123,72,58,130,253
05/24/2002,PKB,WV,AEA,CE,Federal Contract Tower,0,16,14,3,33,0,1,35,8,44,0,17,49,11,77,48,16,64,141
05/25/2002,PKB,WV,AEA,CE,Federal Contract Tower,0,10,12,1,23,0,0,37,1,38,0,10,49,2,61,56,10,66,127
05/26/2002,PKB,WV,AEA,CE,Federal Contract Tower,0,4,14,0,18,0,0,58,2,60,0,4,72,2,78,48,12,60,138
05/27/2002,PKB,WV,AEA,CE,Federal Contract Tower,0,7,8,0,15,0,0,69,0,69,0,7,77,0,84,46,0,46,130
05/28/2002,PKB,WV,AEA,CE,Federal Contract Tower,0,16,18,2,36,0,0,62,10,72,0,16,80,12,108,32,50,82,190
05/29/2002,PKB,WV,AEA,CE,Federal Contract Tower,0,15,20,8,43,0,0,43,13,56,0,15,63,21,99,42,56,98,197
05/30/2002,PKB,WV,AEA,CE,Federal Contract Tower,0,17,14,5,36,0,0,63,10,73,0,17,77,15,109,42,66,108,217
05/31/2002,PKB,WV,AEA,CE,Federal Contract Tower,0,16,12,4,32,0,0,33,7,40,0,16,45,11,72,30,6,36,108
06/01/2002,PKB,WV,AEA,CE,Federal Contract Tower,0,16,10,6,32,0,0,37,5,42,0,16,47,11,74,38,0,38,112
06/02/2002,PKB,WV,AEA,CE,Federal Contract Tower,0,6,12,0,18,0,0,61,8,69,0,6,73,8,87,42,0,42,129
06/03/2002,PKB,WV,AEA,CE,Federal Contract Tower,0,13,11,2,26,0,1,40,0,41,0,14,51,2,67,4,0,4,71
06/04/2002,PKB,WV,AEA,CE,Federal Contract Tower,0,20,11,2,33,0,0,46,14,60,0,20,57,16,93,34,12,46,139
06/05/2002,PKB,WV,AEA,CE,Federal Contract Tower,0,17,10,4,31,0,0,49,13,62,0,17,59,17,93,22,26,48,141
06/06/2002,PKB,WV,AEA,CE,Federal Contract Tower,0,14,15,0,29,0,0,14,0,14,0,14,29,0,43,4,0,4,47
06/07/2002,PKB,WV,AEA,CE,Federal Contract Tower,0,15,25,5,45,0,0,56,24,80,0,15,81,29,125,20,34,54,179
06/08/2002,PKB,WV,AEA,CE,Federal Contract Tower,0,5,11,4,20,0,0,85,7,92,0,5,96,11,112,28,0,28,140
06/09/2002,PKB,WV,AEA,CE,Federal Contract Tower,0,5,25,2,32,0,0,51,6,57,0,5,76,8,89,18,0,18,107
06/10/2002,PKB,WV,AEA,CE,Federal Contract Tower,0,11,5,8,24,0,0,21,8,29,0,11,26,16,53,2,4,6,59
06/11/2002,PKB,WV,AEA,CE,Federal Contract Tower,0,18,14,6,38,0,0,49,7,56,0,18,63,13,94,48,58,106,200
06/12/2002,PKB,WV,AEA,CE,Federal Contract Tower,0,19,11,0,30,0,0,56,12,68,0,19,67,12,98,68,30,98,196
06/13/2002,PKB,WV,AEA,CE,Federal Contract Tower,0,20,16,1,37,0,0,21,2,23,0,20,37,3,60,2,0,2,62
06/14/2002,PKB,WV,AEA,CE,Federal Contract Tower,0,16,7,8,31,0,0,28,19,47,0,16,35,27,78,22,108,130,208
06/15/2002,PKB,WV,AEA,CE,Federal Contract Tower,0,8,22,7,37,0,0,41,20,61,0,8,63,27,98,12,70,82,180
06/16/2002,PKB,WV,AEA,CE,Federal Contract Tower,0,7,13,0,20,0,0,51,0,51,0,7,64,0,71,46,0,46,117
06/17/2002,PKB,WV,AEA,CE,Federal Contract Tower,0,13,17,2,32,0,0,33,10,43,0,13,50,12,75,42,18,60,135
06/18/2002,PKB,WV,AEA,CE,Federal Contract Tower,0,17,23,0,40,0,0,87,12,99,0,17,110,12,139,68,18,86,225
06/19/2002,PKB,WV,AEA,CE,Federal Contract Tower,0,17,23,3,43,0,0,63,19,82,0,17,86,22,125,42,36,78,203
06/20/2002,PKB,WV,AEA,CE,Federal Contract Tower,0,15,9,2,26,0,0,57,5,62,0,15,66,7,88,64,8,72,160
06/21/2002,PKB,WV,AEA,CE,Federal Contract Tower,0,14,15,2,31,0,0,44,11,55,0,14,59,13,86,12,2,14,100
06/22/2002,PKB,WV,AEA,CE,Federal Contract Tower,0,8,15,1,24,0,0,52,1,53,0,8,67,2,77,52,0,52,129
06/23/2002,PKB,WV,AEA,CE,Federal Contract Tower,0,7,18,1,26,0,2,61,6,69,0,9,79,7,95,34,0,34,129
06/24/2002,PKB,WV,AEA,CE,Federal Contract Tower,0,13,15,6,34,0,0,25,6,31,0,13,40,12,65,4,4,8,73
06/25/2002,PKB,WV,AEA,CE,Federal Contract Tower,0,20,19,2,41,0,0,36,12,48,0,20,55,14,89,26,14,40,129
06/26/2002,PKB,WV,AEA,CE,Federal Contract Tower,0,16,16,2,34,0,0,29,14,43,0,16,45,16,77,16,71,87,164
06/27/2002,PKB,WV,AEA,CE,Federal Contract Tower,0,12,22,4,38,0,0,30,9,39,0,12,52,13,77,8,6,14,91
06/28/2002,PKB,WV,AEA,CE,Federal Contract Tower,0,14,14,5,33,0,0,29,21,50,0,14,43,26,83,4,50,54,137
06/29/2002,PKB,WV,AEA,CE,Federal Contract Tower,0,9,18,1,28,0,0,82,9,91,0,9,100,10,119,58,12,70,189
06/30/2002,PKB,WV,AEA,CE,Federal Contract Tower,0,5,16,0,21,0,0,48,5,53,0,5,64,5,74,14,10,24,98
07/01/2002,PKB,WV,AEA,CE,Federal Contract Tower,0,15,4,0,19,0,0,34,2,36,0,15,38,2,55,48,16,64,119
07/02/2002,PKB,WV,AEA,CE,Federal Contract Tower,0,19,28,0,47,0,0,59,9,68,0,19,87,9,115,86,0,86,201
07/03/2002,PKB,WV,AEA,CE,Federal Contract Tower,0,16,14,0,30,0,0,45,4,49,0,16,59,4,79,38,4,42,121
07/04/2002,PKB,WV,AEA,CE,Federal Contract Tower,0,6,8,0,14,0,0,37,0,37,0,6,45,0,51,39,0,39,90
07/05/2002,PKB,WV,AEA,CE,Federal Contract Tower,0,11,16,0,27,0,0,59,0,59,0,11,75,0,86,12,0,12,98
07/06/2002,PKB,WV,AEA,CE,Federal Contract Tower,0,10,8,0,18,0,0,75,0,75,0,10,83,0,93,8,0,8,101
07/07/2002,PKB,WV,AEA,CE,Federal Contract Tower,0,6,19,0,25,0,0,33,0,33,0,6,52,0,58,2,0,2,60
07/08/2002,PKB,WV,AEA,CE,Federal Contract Tower,0,12,17,0,29,0,0,67,8,75,0,12,84,8,104,36,10,46,150
07/09/2002,PKB,WV,AEA,CE,Federal Contract Tower,0,16,17,5,38,0,0,28,15,43,0,16,45,20,81,14,6,20,101
07/10/2002,PKB,WV,AEA,CE,Federal Contract Tower,0,15,20,2,37,0,0,28,4,32,0,15,48,6,69,18,10,28,97
07/11/2002,PKB,WV,AEA,CE,Federal Contract Tower,0,15,21,0,36,0,0,92,11,103,0,15,113,11,139,36,10,46,185
07/12/2002,PKB,WV,AEA,CE,Federal Contract Tower,0,14,10,2,26,0,0,63,16,79,0,14,73,18,105,32,88,120,225
07/13/2002,PKB,WV,AEA,CE,Federal Contract Tower,0,8,13,2,23,0,0,12,0,12,0,8,25,2,35,2,0,2,37
07/14/2002,PKB,WV,AEA,CE,Federal Contract Tower,0,7,13,3,23,0,0,32,11,43,0,7,45,14,66,32,8,40,106
07/15/2002,PKB,WV,AEA,CE,Federal Contract Tower,0,11,15,0,26,0,0,21,10,31,0,11,36,10,57,54,0,54,111
07/16/2002,PKB,WV,AEA,CE,Federal Contract Tower,0,21,21,4,46,0,0,65,14,79,0,21,86,18,125,52,20,72,197
07/17/2002,PKB,WV,AEA,CE,Federal Contract Tower,0,16,10,2,28,0,0,51,13,64,0,16,61,15,92,44,44,88,180
07/18/2002,PKB,WV,AEA,CE,Federal Contract Tower,0,16,21,3,40,0,0,41,6,47,0,16,62,9,87,26,8,34,121
07/19/2002,PKB,WV,AEA,CE,Federal Contract Tower,0,14,24,5,43,0,0,20,13,33,0,14,44,18,76,12,110,122,198
07/20/2002,PKB,WV,AEA,CE,Federal Contract Tower,0,9,26,2,37,0,0,12,11,23,0,9,38,13,60,4,64,68,128
07/21/2002,PKB,WV,AEA,CE,Federal Contract Tower,0,6,8,9,23,0,0,41,12,53,0,6,49,21,76,22,16,38,114
07/22/2002,PKB,WV,AEA,CE,Federal Contract Tower,0,10,25,0,35,0,0,30,3,33,0,10,55,3,68,20,26,46,114
07/23/2002,PKB,WV,AEA,CE,Federal Contract Tower,0,18,17,2,37,0,0,26,13,39,0,18,43,15,76,20,58,78,154
07/24/2002,PKB,WV,AEA,CE,Federal Contract Tower,0,16,46,6,68,0,0,55,15,70,0,16,101,21,138,56,90,146,284
07/25/2002,PKB,WV,AEA,CE,Federal Contract Tower,0,16,34,3,53,0,0,49,12,61,0,16,83,15,114,48,66,114,228
07/26/2002,PKB,WV,AEA,CE,Federal Contract Tower,0,14,6,5,25,0,0,24,19,43,0,14,30,24,68,16,70,86,154
07/27/2002,PKB,WV,AEA,CE,Federal Contract Tower,0,9,9,2,20,0,0,14,4,18,0,9,23,6,38,8,28,36,74
07/28/2002,PKB,WV,AEA,CE,Federal Contract Tower,0,8,20,4,32,0,0,33,9,42,0,8,53,13,74,12,14,26,100
07/29/2002,PKB,WV,AEA,CE,Federal Contract Tower,0,13,15,1,29,0,0,31,9,40,0,13,46,10,69,20,34,54,123
07/30/2002,PKB,WV,AEA,CE,Federal Contract Tower,0,19,26,3,48,0,0,45,18,63,0,19,71,21,111,52,64,116,227
07/31/2002,PKB,WV,AEA,CE,Federal Contract Tower,0,17,16,7,40,0,0,53,8,61,0,17,69,15,101,36,34,70,171
08/01/2002,PKB,WV,AEA,CE,Federal Contract Tower,0,16,18,1,35,0,0,69,11,80,0,16,87,12,115,84,32,116,231
08/02/2002,PKB,WV,AEA,CE,Federal Contract Tower,0,16,19,3,38,0,0,26,5,31,0,16,45,8,69,10,28,38,107
08/03/2002,PKB,WV,AEA,CE,Federal Contract Tower,0,10,26,2,38,0,0,52,9,61,0,10,78,11,99,60,18,78,177
08/04/2002,PKB,WV,AEA,CE,Federal Contract Tower,0,5,7,5,17,0,0,55,3,58,0,5,62,8,75,16,0,16,91
08/05/2002,PKB,WV,AEA,CE,Federal Contract Tower,0,13,18,5,36,0,0,30,6,36,0,13,48,11,72,4,4,8,80
08/06/2002,PKB,WV,AEA,CE,Federal Contract Tower,0,18,32,7,57,0,0,64,17,81,0,18,96,24,138,48,30,78,216
08/07/2002,PKB,WV,AEA,CE,Federal Contract Tower,0,17,13,1,31,0,0,57,16,73,0,17,70,17,104,50,42,92,196
08/08/2002,PKB,WV,AEA,CE,Federal Contract Tower,0,18,8,5,31,0,0,73,14,87,0,18,81,19,118,38,14,52,170
08/09/2002,PKB,WV,AEA,CE,Federal Contract Tower,0,18,9,2,29,0,0,92,15,107,0,18,101,17,136,58,6,64,200
08/10/2002,PKB,WV,AEA,CE,Federal Contract Tower,0,8,9,0,17,0,0,55,13,68,0,8,64,13,85,12,10,22,107
08/11/2002,PKB,WV,AEA,CE,Federal Contract Tower,0,7,12,0,19,0,0,40,1,41,0,7,52,1,60,2,0,2,62
08/12/2002,PKB,WV,AEA,CE,Federal Contract Tower,0,11,9,2,22,0,0,29,5,34,0,11,38,7,56,22,6,28,84
08/13/2002,PKB,WV,AEA,CE,Federal Contract Tower,0,17,12,5,34,0,0,38,9,47,0,17,50,14,81,46,16,62,143
08/14/2002,PKB,WV,AEA,CE,Federal Contract Tower,0,17,26,0,43,0,0,35,1,36,0,17,61,1,79,34,0,34,113
08/15/2002,PKB,WV,AEA,CE,Federal Contract Tower,0,22,19,8,49,0,0,55,0,55,0,22,74,8,104,52,10,62,166
08/16/2002,PKB,WV,AEA,CE,Federal Contract Tower,0,16,12,6,34,0,0,49,13,62,0,16,61,19,96,10,22,32,128
08/17/2002,PKB,WV,AEA,CE,Federal Contract Tower,0,8,4,6,18,0,0,24,17,41,0,8,28,23,59,12,52,64,123
08/18/2002,PKB,WV,AEA,CE,Federal Contract Tower,0,8,12,0,20,0,0,24,2,26,0,8,36,2,46,8,0,8,54
08/19/2002,PKB,WV,AEA,CE,Federal Contract Tower,0,13,7,2,22,0,0,17,17,34,0,13,24,19,56,0,4,4,60
08/20/2002,PKB,WV,AEA,CE,Federal Contract Tower,0,16,14,9,39,0,0,76,9,85,0,16,90,18,124,50,42,92,216
08/21/2002,PKB,WV,AEA,CE,Federal Contract Tower,0,16,11,12,39,0,0,63,14,77,0,16,74,26,116,24,96,120,236
08/22/2002,PKB,WV,AEA,CE,Federal Contract Tower,0,14,24,11,49,0,0,47,16,63,0,14,71,27,112,24,88,112,224
08/23/2002,PKB,WV,AEA,CE,Federal Contract Tower,0,14,4,5,23,0,0,36,21,57,0,14,40,26,80,4,74,78,158
08/24/2002,PKB,WV,AEA,CE,Federal Contract Tower,0,8,11,5,24,0,0,29,11,40,0,8,40,16,64,6,20,26,90
08/25/2002,PKB,WV,AEA,CE,Federal Contract Tower,0,5,18,3,26,0,0,59,8,67,0,5,77,11,93,30,18,48,141
08/26/2002,PKB,WV,AEA,CE,Federal Contract Tower,0,12,9,7,28,0,0,29,11,40,0,12,38,18,68,32,18,50,118
08/27/2002,PKB,WV,AEA,CE,Federal Contract Tower,0,17,21,10,48,0,0,40,15,55,0,17,61,25,103,38,20,58,161
08/28/2002,PKB,WV,AEA,CE,Federal Contract Tower,0,15,25,5,45,0,0,50,16,66,0,15,75,21,111,24,98,122,233
08/29/2002,PKB,WV,AEA,CE,Federal Contract Tower,0,16,14,9,39,0,0,56,15,71,0,16,70,24,110,30,80,110,220
08/30/2002,PKB,WV,AEA,CE,Federal Contract Tower,0,15,18,0,33,0,0,59,3,62,0,15,77,3,95,52,0,52,147
08/31/2002,PKB,WV,AEA,CE,Federal Contract Tower,0,9,12,0,21,0,0,49,0,49,0,9,61,0,70,22,0,22,92
09/01/2002,PKB,WV,AEA,CE,Federal Contract Tower,0,3,1,0,4,0,1,39,2,42,0,4,40,2,46,8,0,8,54
09/02/2002,PKB,WV,AEA,CE,Federal Contract Tower,0,4,15,0,19,0,1,46,0,47,0,5,61,0,66,6,0,6,72
09/03/2002,PKB,WV,AEA,CE,Federal Contract Tower,0,11,20,3,34,0,1,38,5,44,0,12,58,8,78,20,4,24,102
09/04/2002,PKB,WV,AEA,CE,Federal Contract Tower,0,15,16,5,36,0,0,62,18,80,0,15,78,23,116,38,90,128,244
09/05/2002,PKB,WV,AEA,CE,Federal Contract Tower,0,18,21,5,44,0,0,79,12,91,0,18,100,17,135,40,32,72,207
09/06/2002,PKB,WV,AEA,CE,Federal Contract Tower,0,14,14,3,31,0,0,48,16,64,0,14,62,19,95,14,34,48,143
09/07/2002,PKB,WV,AEA,CE,Federal Contract Tower,0,8,10,5,23,0,0,56,6,62,0,8,66,11,85,12,6,18,103
09/08/2002,PKB,WV,AEA,CE,Federal Contract Tower,0,5,17,1,23,0,0,55,8,63,0,5,72,9,86,16,4,20,106
09/09/2002,PKB,WV,AEA,CE,Federal Contract Tower,0,11,3,10,24,0,0,37,15,52,0,11,40,25,76,18,46,64,140
09/10/2002,PKB,WV,AEA,CE,Federal Contract Tower,0,17,10,5,32,0,0,49,29,78,0,17,59,34,110,64,38,102,212
09/11/2002,PKB,WV,AEA,CE,Federal Contract Tower,0,18,16,8,42,0,0,54,22,76,0,18,70,30,118,26,20,46,164
09/12/2002,PKB,WV,AEA,CE,Federal Contract Tower,0,19,16,2,37,0,0,70,28,98,0,19,86,30,135,36,80,116,251
09/13/2002,PKB,WV,AEA,CE,Federal Contract Tower,0,15,13,1,29,0,0,43,7,50,0,15,56,8,79,30,6,36,115
09/14/2002,PKB,WV,AEA,CE,Federal Contract Tower,0,0,0,0,0,0,8,37,14,59,0,8,37,14,59,6,4,10,69
09/15/2002,PKB,WV,AEA,CE,Federal Contract Tower,0,0,0,0,0,0,7,16,2,25,0,7,16,2,25,0,20,20,45
09/16/2002,PKB,WV,AEA,CE,Federal Contract Tower,0,11,23,7,41,0,0,13,5,18,0,11,36,12,59,6,2,8,67
09/17/2002,PKB,WV,AEA,CE,Federal Contract Tower,0,16,16,9,41,0,0,66,6,72,0,16,82,15,113,58,22,80,193
09/18/2002,PKB,WV,AEA,CE,Federal Contract Tower,0,19,16,4,39,0,0,43,12,55,0,19,59,16,94,32,6,38,132
09/19/2002,PKB,WV,AEA,CE,Federal Contract Tower,0,16,18,6,40,0,0,50,5,55,0,16,68,11,95,10,0,10,105
09/20/2002,PKB,WV,AEA,CE,Federal Contract Tower,0,17,12,5,34,0,0,24,8,32,0,17,36,13,66,2,2,4,70
09/21/2002,PKB,WV,AEA,CE,Federal Contract Tower,0,7,15,2,24,0,0,31,2,33,0,7,46,4,57,32,16,48,105
09/22/2002,PKB,WV,AEA,CE,Federal Contract Tower,0,5,15,1,21,0,0,46,11,57,0,5,61,12,78,22,70,92,170
09/23/2002,PKB,WV,AEA,CE,Federal Contract Tower,0,10,22,11,43,0,0,50,10,60,0,10,72,21,103,12,12,24,127
09/24/2002,PKB,WV,AEA,CE,Federal Contract Tower,0,24,20,10,54,0,0,58,4,62,0,24,78,14,116,38,22,60,176
09/25/2002,PKB,WV,AEA,CE,Federal Contract Tower,0,15,17,2,34,0,0,50,2,52,0,15,67,4,86,36,0,36,122
09/26/2002,PKB,WV,AEA,CE,Federal Contract Tower,0,19,5,0,24,0,0,11,4,15,0,19,16,4,39,8,36,44,83
09/27/2002,PKB,WV,AEA,CE,Federal Contract Tower,0,16,10,2,28,0,0,5,7,12,0,16,15,9,40,0,62,62,102
09/28/2002,PKB,WV,AEA,CE,Federal Contract Tower,0,7,10,2,19,0,0,48,10,58,0,7,58,12,77,16,22,38,115
09/29/2002,PKB,WV,AEA,CE,Federal Contract Tower,0,5,2,0,7,0,0,46,2,48,0,5,48,2,55,52,34,86,141
09/30/2002,PKB,WV,AEA,CE,Federal Contract Tower,0,12,17,1,30,0,0,22,13,35,0,12,39,14,65,31,92,123,188
10/01/2002,PKB,WV,AEA,CE,Federal Contract Tower,0,17,17,8,42,0,0,41,12,53,0,17,58,20,95,36,46,82,177
10/02/2002,PKB,WV,AEA,CE,Federal Contract Tower,0,15,20,1,36,0,0,41,11,52,0,15,61,12,88,52,18,70,158
10/03/2002,PKB,WV,AEA,CE,Federal Contract Tower,0,17,14,5,36,0,0,36,11,47,0,17,50,16,83,0,30,30,113
10/04/2002,PKB,WV,AEA,CE,Federal Contract Tower,0,18,4,1,23,0,0,24,4,28,0,18,28,5,51,16,18,34,85
10/05/2002,PKB,WV,AEA,CE,Federal Contract Tower,0,8,10,8,26,0,0,50,26,76,0,8,60,34,102,32,58,90,192
10/06/2002,PKB,WV,AEA,CE,Federal Contract Tower,0,6,14,4,24,0,0,64,8,72,0,6,78,12,96,16,40,56,152
10/07/2002,PKB,WV,AEA,CE,Federal Contract Tower,0,13,8,1,22,0,0,42,6,48,0,13,50,7,70,6,14,20,90
10/08/2002,PKB,WV,AEA,CE,Federal Contract Tower,0,16,12,6,34,0,0,45,14,59,0,16,57,20,93,62,50,112,205
10/09/2002,PKB,WV,AEA,CE,Federal Contract Tower,0,16,19,3,38,0,0,51,18,69,0,16,70,21,107,56,16,72,179
10/10/2002,PKB,WV,AEA,CE,Federal Contract Tower,0,18,18,0,36,0,0,7,0,7,0,18,25,0,43,6,0,6,49
10/11/2002,PKB,WV,AEA,CE,Federal Contract Tower,0,18,14,4,36,0,0,1,4,5,0,18,15,8,41,2,28,30,71
10/12/2002,PKB,WV,AEA,CE,Federal Contract Tower,0,8,17,0,25,0,0,12,1,13,0,8,29,1,38,18,0,18,56
10/13/2002,PKB,WV,AEA,CE,Federal Contract Tower,0,6,16,0,22,0,0,33,0,33,0,6,49,0,55,6,0,6,61
10/14/2002,PKB,WV,AEA,CE,Federal Contract Tower,0,16,15,0,31,0,0,34,0,34,0,16,49,0,65,10,0,10,75
10/15/2002,PKB,WV,AEA,CE,Federal Contract Tower,0,14,22,2,38,0,0,40,11,51,0,14,62,13,89,36,40,76,165
10/16/2002,PKB,WV,AEA,CE,Federal Contract Tower,0,16,13,1,30,0,0,0,0,0,0,16,13,1,30,8,0,8,38
10/17/2002,PKB,WV,AEA,CE,Federal Contract Tower,0,17,22,4,43,0,0,37,4,41,0,17,59,8,84,6,26,32,116
10/18/2002,PKB,WV,AEA,CE,Federal Contract Tower,0,17,18,3,38,0,0,50,8,58,0,17,68,11,96,6,32,38,134
10/19/2002,PKB,WV,AEA,CE,Federal Contract Tower,0,10,10,3,23,0,0,9,0,9,0,10,19,3,32,0,0,0,32
10/20/2002,PKB,WV,AEA,CE,Federal Contract Tower,0,8,18,0,26,0,0,52,4,56,0,8,70,4,82,6,0,6,88
10/21/2002,PKB,WV,AEA,CE,Federal Contract Tower,0,14,16,4,34,0,0,45,10,55,0,14,61,14,89,12,12,24,113
10/22/2002,PKB,WV,AEA,CE,Federal Contract Tower,0,14,24,0,38,0,0,49,2,51,0,14,73,2,89,32,44,76,165
10/23/2002,PKB,WV,AEA,CE,Federal Contract Tower,0,17,13,4,34,0,0,39,19,58,0,17,52,23,92,22,94,116,208
10/24/2002,PKB,WV,AEA,CE,Federal Contract Tower,0,18,33,6,57,0,0,54,16,70,0,18,87,22,127,72,24,96,223
10/25/2002,PKB,WV,AEA,CE,Federal Contract Tower,0,17,15,4,36,0,0,43,20,63,0,17,58,24,99,22,54,76,175
10/26/2002,PKB,WV,AEA,CE,Federal Contract Tower,0,9,6,11,26,0,0,19,12,31,0,9,25,23,57,2,72,74,131
10/27/2002,PKB,WV,AEA,CE,Federal Contract Tower,0,6,13,8,27,0,0,26,15,41,0,6,39,23,68,8,50,58,126
10/28/2002,PKB,WV,AEA,CE,Federal Contract Tower,0,12,11,1,24,0,0,22,1,23,0,12,33,2,47,6,50,56,103
10/29/2002,PKB,WV,AEA,CE,Federal Contract Tower,0,18,7,0,25,0,0,6,0,6,0,18,13,0,31,12,0,12,43
10/30/2002,PKB,WV,AEA,CE,Federal Contract Tower,0,26,9,10,45,0,0,2,3,5,0,26,11,13,50,8,30,38,88
10/31/2002,PKB,WV,AEA,CE,Federal Contract Tower,0,17,19,3,39,0,0,26,11,37,0,17,45,14,76,28,38,66,142
11/01/2002,PKB,WV,AEA,CE,Federal Contract Tower,0,15,7,10,32,0,0,28,32,60,0,15,35,42,92,20,88,108,200
11/02/2002,PKB,WV,AEA,CE,Federal Contract Tower,0,12,8,5,25,0,0,28,24,52,0,12,36,29,77,40,70,110,187
11/03/2002,PKB,WV,AEA,CE,Federal Contract Tower,0,6,15,4,25,0,0,72,23,95,0,6,87,27,120,8,52,60,180
11/04/2002,PKB,WV,AEA,CE,Federal Contract Tower,0,12,12,3,27,0,0,6,2,8,0,12,18,5,35,0,0,0,35
11/05/2002,PKB,WV,AEA,CE,Federal Contract Tower,0,24,20,7,51,0,0,32,0,32,0,24,52,7,83,38,0,38,121
11/06/2002,PKB,WV,AEA,CE,Federal Contract Tower,0,22,14,0,36,0,0,13,1,14,0,22,27,1,50,26,0,26,76
11/07/2002,PKB,WV,AEA,CE,Federal Contract Tower,0,21,23,12,56,0,0,59,20,79,0,21,82,32,135,48,64,112,247
11/08/2002,PKB,WV,AEA,CE,Federal Contract Tower,0,19,15,6,40,0,0,42,17,59,0,19,57,23,99,18,18,36,135
11/09/2002,PKB,WV,AEA,CE,Federal Contract Tower,0,8,9,0,17,0,1,13,0,14,0,9,22,0,31,10,0,10,41
11/10/2002,PKB,WV,AEA,CE,Federal Contract Tower,0,5,3,0,8,0,0,16,2,18,0,5,19,2,26,6,0,6,32
11/11/2002,PKB,WV,AEA,CE,Federal Contract Tower,0,19,10,6,35,0,2,21,3,26,0,21,31,9,61,22,10,32,93
11/12/2002,PKB,WV,AEA,CE,Federal Contract Tower,0,18,28,9,55,0,0,38,17,55,0,18,66,26,110,46,126,172,282
11/13/2002,PKB,WV,AEA,CE,Federal Contract Tower,0,19,18,9,46,0,0,54,10,64,0,19,72,19,110,56,36,92,202
11/14/2002,PKB,WV,AEA,CE,Federal Contract Tower,0,16,14,4,34,0,0,50,16,66,0,16,64,20,100,18,28,46,146
11/15/2002,PKB,WV,AEA,CE,Federal Contract Tower,0,15,6,6,27,0,1,31,7,39,0,16,37,13,66,10,30,40,106
11/16/2002,PKB,WV,AEA,CE,Federal Contract Tower,0,9,5,0,14,0,0,4,0,4,0,9,9,0,18,2,0,2,20
11/17/2002,PKB,WV,AEA,CE,Federal Contract Tower,0,6,0,0,6,0,0,10,0,10,0,6,10,0,16,0,0,0,16
11/18/2002,PKB,WV,AEA,CE,Federal Contract Tower,0,14,32,5,51,0,0,35,7,42,0,14,67,12,93,42,8,50,143
11/19/2002,PKB,WV,AEA,CE,Federal Contract Tower,0,16,12,6,34,0,0,34,6,40,0,16,46,12,74,22,2,24,98
11/20/2002,PKB,WV,AEA,CE,Federal Contract Tower,0,18,7,1,26,0,0,72,6,78,0,18,79,7,104,54,14,68,172
11/21/2002,PKB,WV,AEA,CE,Federal Contract Tower,0,22,13,4,39,0,0,44,4,48,0,22,57,8,87,58,6,64,151
11/22/2002,PKB,WV,AEA,CE,Federal Contract Tower,0,15,10,7,32,0,0,8,17,25,0,15,18,24,57,0,58,58,115
11/23/2002,PKB,WV,AEA,CE,Federal Contract Tower,0,8,22,11,41,0,0,35,20,55,0,8,57,31,96,38,68,106,202
11/24/2002,PKB,WV,AEA,CE,Federal Contract Tower,0,5,10,7,22,0,0,57,10,67,0,5,67,17,89,14,34,48,137
11/25/2002,PKB,WV,AEA,CE,Federal Contract Tower,0,17,17,0,34,0,0,29,1,30,0,17,46,1,64,63,0,63,127
11/26/2002,PKB,WV,AEA,CE,Federal Contract Tower,0,17,14,9,40,0,0,22,9,31,0,17,36,18,71,16,42,58,129
11/27/2002,PKB,WV,AEA,CE,Federal Contract Tower,0,19,12,2,33,0,0,9,4,13,0,19,21,6,46,6,0,6,52
11/28/2002,PKB,WV,AEA,CE,Federal Contract Tower,0,6,5,0,11,0,0,30,0,30,0,6,35,0,41,4,0,4,45
11/29/2002,PKB,WV,AEA,CE,Federal Contract Tower,0,13,5,0,18,0,0,16,0,16,0,13,21,0,34,0,0,0,34
11/30/2002,PKB,WV,AEA,CE,Federal Contract Tower,0,8,6,2,16,0,0,19,0,19,0,8,25,2,35,8,0,8,43
12/01/2002,PKB,WV,AEA,CE,Federal Contract Tower,0,7,13,1,21,0,0,14,7,21,0,7,27,8,42,12,0,12,54
12/02/2002,PKB,WV,AEA,CE,Federal Contract Tower,0,14,3,2,19,0,0,25,14,39,0,14,28,16,58,30,32,62,120
12/03/2002,PKB,WV,AEA,CE,Federal Contract Tower,0,19,21,2,42,0,0,39,12,51,0,19,60,14,93,30,72,102,195
12/04/2002,PKB,WV,AEA,CE,Federal Contract Tower,0,16,17,3,36,0,0,22,13,35,0,16,39,16,71,22,142,164,235
12/05/2002,PKB,WV,AEA,CE,Federal Contract Tower,0,19,7,2,28,0,0,27,0,27,0,19,34,2,55,0,0,0,55
12/06/2002,PKB,WV,AEA,CE,Federal Contract Tower,0,16,14,10,40,0,0,27,31,58,0,16,41,41,98,12,82,94,192
12/07/2002,PKB,WV,AEA,CE,Federal Contract Tower,0,8,12,12,32,0,0,32,17,49,0,8,44,29,81,18,58,76,157
12/08/2002,PKB,WV,AEA,CE,Federal Contract Tower,0,7,11,4,22,0,0,18,12,30,0,7,29,16,52,12,60,72,124
12/09/2002,PKB,WV,AEA,CE,Federal Contract Tower,0,16,10,2,28,0,0,31,8,39,0,16,41,10,67,16,18,34,101
12/10/2002,PKB,WV,AEA,CE,Federal Contract Tower,0,19,21,6,46,0,0,30,16,46,0,19,51,22,92,46,64,110,202
12/11/2002,PKB,WV,AEA,CE,Federal Contract Tower,0,13,9,0,22,0,0,19,0,19,0,13,28,0,41,24,0,24,65
12/12/2002,PKB,WV,AEA,CE,Federal Contract Tower,0,19,10,5,34,0,0,27,7,34,0,19,37,12,68,8,22,30,98
12/13/2002,PKB,WV,AEA,CE,Federal Contract Tower,0,17,9,1,27,0,0,15,12,27,0,17,24,13,54,34,62,96,150
12/14/2002,PKB,WV,AEA,CE,Federal Contract Tower,0,8,3,0,11,0,0,15,12,27,0,8,18,12,38,0,70,70,108
12/15/2002,PKB,WV,AEA,CE,Federal Contract Tower,0,6,4,5,15,0,0,27,15,42,0,6,31,20,57,26,18,44,101
12/16/2002,PKB,WV,AEA,CE,Federal Contract Tower,0,16,10,8,34,0,0,24,4,28,0,16,34,12,62,26,4,30,92
12/17/2002,PKB,WV,AEA,CE,Federal Contract Tower,0,26,23,0,49,0,0,52,6,58,0,26,75,6,107,66,18,84,191
12/18/2002,PKB,WV,AEA,CE,Federal Contract Tower,0,21,10,0,31,0,0,35,9,44,0,21,45,9,75,70,32,102,177
12/19/2002,PKB,WV,AEA,CE,Federal Contract Tower,0,22,10,0,32,0,0,48,8,56,0,22,58,8,88,14,26,40,128
12/20/2002,PKB,WV,AEA,CE,Federal Contract Tower,0,19,15,9,43,0,0,31,6,37,0,19,46,15,80,4,4,8,88
12/21/2002,PKB,WV,AEA,CE,Federal Contract Tower,0,9,7,0,16,0,0,26,0,26,0,9,33,0,42,4,0,4,46
12/22/2002,PKB,WV,AEA,CE,Federal Contract Tower,0,6,7,0,13,0,0,16,0,16,0,6,23,0,29,10,0,10,39
12/23/2002,PKB,WV,AEA,CE,Federal Contract Tower,0,13,8,0,21,0,0,34,4,38,0,13,42,4,59,16,0,16,75
12/24/2002,PKB,WV,AEA,CE,Federal Contract Tower,0,20,7,0,27,0,0,21,0,21,0,20,28,0,48,20,0,20,68
12/25/2002,PKB,WV,AEA,CE,Federal Contract Tower,0,1,0,0,1,0,0,0,0,0,0,1,0,0,1,0,0,0,1
12/26/2002,PKB,WV,AEA,CE,Federal Contract Tower,0,16,3,0,19,0,0,17,0,17,0,16,20,0,36,38,0,38,74
12/27/2002,PKB,WV,AEA,CE,Federal Contract Tower,0,14,10,0,24,0,0,30,0,30,0,14,40,0,54,12,0,12,66
12/28/2002,PKB,WV,AEA,CE,Federal Contract Tower,0,10,6,0,16,0,1,26,0,27,0,11,32,0,43,32,0,32,75
12/29/2002,PKB,WV,AEA,CE,Federal Contract Tower,0,6,9,0,15,0,1,35,0,36,0,7,44,0,51,28,0,28,79
12/30/2002,PKB,WV,AEA,CE,Federal Contract Tower,0,12,2,4,18,0,0,9,2,11,0,12,11,6,29,8,6,14,43
12/31/2002,PKB,WV,AEA,CE,Federal Contract Tower,0,17,4,0,21,0,0,26,0,26,0,17,30,0,47,12,0,12,59
01/01/2003,PKB,WV,AEA,CE,Federal Contract Tower,0,6,1,0,7,0,1,1,0,2,0,7,2,0,9,0,0,0,9
01/02/2003,PKB,WV,AEA,CE,Federal Contract Tower,0,17,10,0,27,0,1,0,0,1,0,18,10,0,28,2,0,2,30
01/03/2003,PKB,WV,AEA,CE,Federal Contract Tower,0,13,7,0,20,0,2,0,0,2,0,15,7,0,22,0,0,0,22
01/04/2003,PKB,WV,AEA,CE,Federal Contract Tower,0,8,4,2,14,0,1,14,4,19,0,9,18,6,33,14,4,18,51
01/05/2003,PKB,WV,AEA,CE,Federal Contract Tower,0,4,4,2,10,0,1,2,3,6,0,5,6,5,16,4,32,36,52
01/06/2003,PKB,WV,AEA,CE,Federal Contract Tower,0,13,1,3,17,0,1,4,0,5,0,14,5,3,22,0,2,2,24
01/07/2003,PKB,WV,AEA,CE,Federal Contract Tower,0,18,8,10,36,0,1,39,16,56,0,19,47,26,92,46,130,176,268
01/08/2003,PKB,WV,AEA,CE,Federal Contract Tower,0,16,8,4,28,0,1,31,13,45,0,17,39,17,73,14,100,114,187
01/09/2003,PKB,WV,AEA,CE,Federal Contract Tower,0,17,28,7,52,0,1,50,12,63,0,18,78,19,115,70,24,94,209
01/10/2003,PKB,WV,AEA,CE,Federal Contract Tower,0,12,13,2,27,0,0,8,13,21,0,12,21,15,48,0,16,16,64
01/11/2003,PKB,WV,AEA,CE,Federal Contract Tower,0,8,9,0,17,0,0,42,0,42,0,8,51,0,59,24,0,24,83
01/12/2003,PKB,WV,AEA,CE,Federal Contract Tower,0,8,6,0,14,0,0,58,0,58,0,8,64,0,72,8,0,8,80
01/13/2003,PKB,WV,AEA,CE,Federal Contract Tower,0,14,7,2,23,0,0,37,17,54,0,14,44,19,77,8,18,26,103
01/14/2003,PKB,WV,AEA,CE,Federal Contract Tower,0,16,15,0,31,0,0,7,0,7,0,16,22,0,38,14,0,14,52
01/15/2003,PKB,WV,AEA,CE,Federal Contract Tower,0,17,20,7,44,0,0,69,23,92,0,17,89,30,136,70,76,146,282
01/16/2003,PKB,WV,AEA,CE,Federal Contract Tower,0,16,15,11,42,0,0,33,6,39,0,16,48,17,81,52,32,84,165
01/17/2003,PKB,WV,AEA,CE,Federal Contract Tower,0,18,10,2,30,0,0,23,6,29,0,18,33,8,59,0,0,0,59
01/18/2003,PKB,WV,AEA,CE,Federal Contract Tower,0,8,17,2,27,0,0,42,3,45,0,8,59,5,72,58,6,64,136
01/19/2003,PKB,WV,AEA,CE,Federal Contract Tower,0,5,3,0,8,0,0,21,0,21,0,5,24,0,29,0,0,0,29
01/20/2003,PKB,WV,AEA,CE,Federal Contract Tower,0,15,6,0,21,0,0,25,0,25,0,15,31,0,46,18,0,18,64
01/21/2003,PKB,WV,AEA,CE,Federal Contract Tower,0,17,17,3,37,0,0,37,9,46,0,17,54,12,83,28,20,48,131
01/22/2003,PKB,WV,AEA,CE,Federal Contract Tower,0,17,13,13,43,0,0,42,11,53,0,17,55,24,96,50,18,68,164
01/23/2003,PKB,WV,AEA,CE,Federal Contract Tower,0,15,10,8,33,0,0,20,17,37,0,15,30,25,70,0,96,96,166
01/24/2003,PKB,WV,AEA,CE,Federal Contract Tower,0,15,15,15,45,0,0,23,36,59,0,15,38,51,104,22,140,162,266
01/25/2003,PKB,WV,AEA,CE,Federal Contract Tower,0,11,5,4,20,0,0,49,15,64,0,11,54,19,84,52,14,66,150
01/26/2003,PKB,WV,AEA,CE,Federal Contract Tower,0,4,2,0,6,0,0,0,0,0,0,4,2,0,6,0,44,44,50
01/27/2003,PKB,WV,AEA,CE,Federal Contract Tower,0,11,4,14,29,0,0,19,6,25,0,11,23,20,54,0,6,6,60
01/28/2003,PKB,WV,AEA,CE,Federal Contract Tower,0,20,24,9,53,0,0,42,8,50,0,20,66,17,103,60,34,94,197
01/29/2003,PKB,WV,AEA,CE,Federal Contract Tower,0,16,4,1,21,0,0,19,15,34,0,16,23,16,55,8,74,82,137
01/30/2003,PKB,WV,AEA,CE,Federal Contract Tower,0,20,17,0,37,0,0,44,18,62,0,20,61,18,99,64,130,194,293
01/31/2003,PKB,WV,AEA,CE,Federal Contract Tower,0,17,10,9,36,0,0,36,27,63,0,17,46,36,99,42,74,116,215
02/01/2003,PKB,WV,AEA,CE,Federal Contract Tower,0,8,0,10,18,0,0,3,9,12,0,8,3,19,30,0,154,154,184
02/02/2003,PKB,WV,AEA,CE,Federal Contract Tower,0,6,9,3,18,0,0,21,15,36,0,6,30,18,54,46,160,206,260
02/03/2003,PKB,WV,AEA,CE,Federal Contract Tower,0,12,5,8,25,0,0,20,7,27,0,12,25,15,52,22,6,28,80
02/04/2003,PKB,WV,AEA,CE,Federal Contract Tower,0,11,6,2,19,0,7,12,4,23,0,18,18,6,42,10,0,10,52
02/05/2003,PKB,WV,AEA,CE,Federal Contract Tower,0,18,16,13,47,0,0,45,10,55,0,18,61,23,102,44,16,60,162
02/06/2003,PKB,WV,AEA,CE,Federal Contract Tower,0,15,5,8,28,0,0,31,7,38,0,15,36,15,66,12,10,22,88
02/07/2003,PKB,WV,AEA,CE,Federal Contract Tower,0,18,2,5,25,0,0,6,6,12,0,18,8,11,37,0,26,26,63
02/08/2003,PKB,WV,AEA,CE,Federal Contract Tower,0,9,6,5,20,0,0,51,0,51,0,9,57,5,71,32,2,34,105
02/09/2003,PKB,WV,AEA,CE,Federal Contract Tower,0,6,7,0,13,0,0,39,2,41,0,6,46,2,54,30,0,30,84
02/10/2003,PKB,WV,AEA,CE,Federal Contract Tower,0,10,3,0,13,0,0,0,0,0,0,10,3,0,13,0,0,0,13
02/11/2003,PKB,WV,AEA,CE,Federal Contract Tower,0,14,18,2,34,0,0,14,0,14,0,14,32,2,48,18,2,20,68
02/12/2003,PKB,WV,AEA,CE,Federal Contract Tower,0,16,8,0,24,0,0,27,10,37,0,16,35,10,61,20,50,70,131
02/13/2003,PKB,WV,AEA,CE,Federal Contract Tower,0,16,12,0,28,0,0,57,7,64,0,16,69,7,92,42,20,62,154
02/14/2003,PKB,WV,AEA,CE,Federal Contract Tower,0,15,18,0,33,0,0,22,11,33,0,15,40,11,66,16,32,48,114
02/15/2003,PKB,WV,AEA,CE,Federal Contract Tower,0,7,1,2,10,0,0,0,0,0,0,7,1,2,10,0,0,0,10
02/16/2003,PKB,WV,AEA,CE,Federal Contract Tower,0,2,2,0,4,0,0,0,0,0,0,2,2,0,4,0,0,0,4
02/17/2003,PKB,WV,AEA,CE,Federal Contract Tower,0,8,3,0,11,0,0,0,0,0,0,8,3,0,11,0,0,0,11
02/18/2003,PKB,WV,AEA,CE,Federal Contract Tower,0,14,11,0,25,0,0,0,0,0,0,14,11,0,25,0,0,0,25
02/19/2003,PKB,WV,AEA,CE,Federal Contract Tower,0,17,7,3,27,0,0,9,5,14,0,17,16,8,41,0,6,6,47
02/20/2003,PKB,WV,AEA,CE,Federal Contract Tower,0,13,9,3,25,0,0,32,10,42,0,13,41,13,67,10,0,10,77
02/21/2003,PKB,WV,AEA,CE,Federal Contract Tower,0,10,7,1,18,0,0,8,3,11,0,10,15,4,29,8,8,16,45
02/22/2003,PKB,WV,AEA,CE,Federal Contract Tower,0,7,10,10,27,0,3,7,9,19,0,10,17,19,46,8,48,56,102
02/23/2003,PKB,WV,AEA,CE,Federal Contract Tower,0,6,2,4,12,0,0,9,9,18,0,6,11,13,30,2,36,38,68
02/24/2003,PKB,WV,AEA,CE,Federal Contract Tower,0,13,7,0,20,0,0,7,8,15,0,13,14,8,35,0,60,60,95
02/25/2003,PKB,WV,AEA,CE,Federal Contract Tower,0,20,20,2,42,0,0,41,18,59,0,20,61,20,101,24,26,50,151
02/26/2003,PKB,WV,AEA,CE,Federal Contract Tower,1,18,10,4,33,0,0,17,12,29,1,18,27,16,62,18,82,100,162
02/27/2003,PKB,WV,AEA,CE,Federal Contract Tower,0,14,14,2,30,0,0,29,9,38,0,14,43,11,68,22,62,84,152
02/28/2003,PKB,WV,AEA,CE,Federal Contract Tower,0,17,10,6,33,0,0,30,21,51,0,17,40,27,84,4,90,94,178
03/01/2003,PKB,WV,AEA,CE,Federal Contract Tower,0,11,8,4,23,0,1,8,22,31,0,12,16,26,54,2,90,92,146
03/02/2003,PKB,WV,AEA,CE,Federal Contract Tower,0,5,3,1,9,0,1,0,29,30,0,6,3,30,39,0,80,80,119
03/03/2003,PKB,WV,AEA,CE,Federal Contract Tower,0,11,40,3,54,0,1,34,12,47,0,12,74,15,101,72,4,76,177
03/04/2003,PKB,WV,AEA,CE,Federal Contract Tower,0,16,21,8,45,0,1,34,9,44,0,17,55,17,89,60,30,90,179
03/05/2003,PKB,WV,AEA,CE,Federal Contract Tower,0,19,14,13,46,0,1,32,14,47,0,20,46,27,93,32,80,112,205
03/06/2003,PKB,WV,AEA,CE,Federal Contract Tower,0,17,24,2,43,0,1,25,0,26,0,18,49,2,69,0,0,0,69
03/07/2003,PKB,WV,AEA,CE,Federal Contract Tower,0,16,32,6,54,0,0,25,13,38,0,16,57,19,92,54,14,68,160
03/08/2003,PKB,WV,AEA,CE,Federal Contract Tower,0,9,24,2,35,0,1,75,5,81,0,10,99,7,116,60,8,68,184
03/09/2003,PKB,WV,AEA,CE,Federal Contract Tower,0,8,0,0,8,0,0,36,2,38,0,8,36,2,46,28,0,28,74
03/10/2003,PKB,WV,AEA,CE,Federal Contract Tower,0,12,22,2,36,0,0,80,9,89,0,12,102,11,125,34,6,40,165
03/11/2003,PKB,WV,AEA,CE,Federal Contract Tower,0,20,12,2,34,0,0,52,12,64,0,20,64,14,98,68,10,78,176
03/12/2003,PKB,WV,AEA,CE,Federal Contract Tower,0,16,20,3,39,0,2,37,10,49,0,18,57,13,88,60,6,66,154
03/13/2003,PKB,WV,AEA,CE,Federal Contract Tower,0,16,18,0,34,0,0,24,2,26,0,16,42,2,60,16,0,16,76
03/14/2003,PKB,WV,AEA,CE,Federal Contract Tower,0,19,23,1,43,0,0,64,5,69,0,19,87,6,112,64,8,72,184
03/15/2003,PKB,WV,AEA,CE,Federal Contract Tower,0,8,11,0,19,0,2,107,4,113,0,10,118,4,132,54,0,54,186
03/16/2003,PKB,WV,AEA,CE,Federal Contract Tower,0,6,21,0,27,0,0,59,2,61,0,6,80,2,88,72,0,72,160
03/17/2003,PKB,WV,AEA,CE,Federal Contract Tower,0,15,10,5,30,0,0,41,6,47,0,15,51,11,77,10,0,10,87
03/18/2003,PKB,WV,AEA,CE,Federal Contract Tower,0,20,23,2,45,0,0,50,5,55,0,20,73,7,100,51,4,55,155
03/19/2003,PKB,WV,AEA,CE,Federal Contract Tower,0,22,19,0,41,0,0,36,8,44,0,22,55,8,85,32,12,44,129
03/20/2003,PKB,WV,AEA,CE,Federal Contract Tower,0,16,13,0,29,0,0,30,4,34,0,16,43,4,63,12,0,12,75
03/21/2003,PKB,WV,AEA,CE,Federal Contract Tower,0,15,18,8,41,0,0,31,20,51,0,15,49,28,92,6,26,32,124
03/22/2003,PKB,WV,AEA,CE,Federal Contract Tower,0,8,16,4,28,0,0,40,12,52,0,8,56,16,80,52,22,74,154
03/23/2003,PKB,WV,AEA,CE,Federal Contract Tower,0,6,8,3,17,0,0,27,2,29,0,6,35,5,46,12,0,12,58
03/24/2003,PKB,WV,AEA,CE,Federal Contract Tower,0,12,15,7,34,0,0,35,9,44,0,12,50,16,78,26,64,90,168
03/25/2003,PKB,WV,AEA,CE,Federal Contract Tower,0,16,15,4,35,0,0,46,21,67,0,16,61,25,102,38,68,106,208
03/26/2003,PKB,WV,AEA,CE,Federal Contract Tower,0,17,11,8,36,0,0,47,15,62,0,17,58,23,98,38,54,92,190
03/27/2003,PKB,WV,AEA,CE,Federal Contract Tower,0,18,20,3,41,0,0,73,14,87,0,18,93,17,128,34,16,50,178
03/28/2003,PKB,WV,AEA,CE,Federal Contract Tower,0,15,10,5,30,0,0,34,15,49,0,15,44,20,79,10,10,20,99
03/29/2003,PKB,WV,AEA,CE,Federal Contract Tower,0,8,10,0,18,0,0,9,1,10,0,8,19,1,28,6,0,6,34
03/30/2003,PKB,WV,AEA,CE,Federal Contract Tower,0,6,6,2,14,0,0,18,1,19,0,6,24,3,33,0,0,0,33
03/31/2003,PKB,WV,AEA,CE,Federal Contract Tower,0,12,9,0,21,0,0,37,9,46,0,12,46,9,67,32,36,68,135
04/01/2003,PKB,WV,AEA,CE,Federal Contract Tower,0,16,9,1,26,0,0,37,19,56,0,16,46,20,82,34,66,100,182
04/02/2003,PKB,WV,AEA,CE,Federal Contract Tower,0,18,16,2,36,0,0,50,17,67,0,18,66,19,103,42,46,88,191
04/03/2003,PKB,WV,AEA,CE,Federal Contract Tower,0,14,15,3,32,0,1,46,13,60,0,15,61,16,92,30,28,58,150
04/04/2003,PKB,WV,AEA,CE,Federal Contract Tower,0,14,12,8,34,0,0,18,21,39,0,14,30,29,73,6,100,106,179
04/05/2003,PKB,WV,AEA,CE,Federal Contract Tower,0,8,6,1,15,0,0,5,18,23,0,8,11,19,38,0,42,42,80
04/06/2003,PKB,WV,AEA,CE,Federal Contract Tower,0,6,18,2,26,0,0,26,8,34,0,6,44,10,60,34,10,44,104
04/07/2003,PKB,WV,AEA,CE,Federal Contract Tower,0,13,17,2,32,0,0,2,0,2,0,13,19,2,34,4,0,4,38
04/08/2003,PKB,WV,AEA,CE,Federal Contract Tower,0,16,32,17,65,0,0,32,11,43,0,16,64,28,108,32,46,78,186
04/09/2003,PKB,WV,AEA,CE,Federal Contract Tower,0,14,20,4,38,0,0,28,14,42,0,14,48,18,80,34,42,76,156
04/10/2003,PKB,WV,AEA,CE,Federal Contract Tower,0,25,16,8,49,0,0,48,7,55,0,25,64,15,104,32,30,62,166
04/11/2003,PKB,WV,AEA,CE,Federal Contract Tower,0,18,15,9,42,0,0,36,5,41,0,18,51,14,83,8,12,20,103
04/12/2003,PKB,WV,AEA,CE,Federal Contract Tower,0,10,17,0,27,0,0,77,4,81,0,10,94,4,108,50,2,52,160
04/13/2003,PKB,WV,AEA,CE,Federal Contract Tower,0,8,11,0,19,0,0,76,0,76,0,8,87,0,95,34,0,34,129
04/14/2003,PKB,WV,AEA,CE,Federal Contract Tower,0,13,15,3,31,0,0,57,9,66,0,13,72,12,97,2,12,14,111
04/15/2003,PKB,WV,AEA,CE,Federal Contract Tower,0,16,25,7,48,0,0,63,10,73,0,16,88,17,121,74,18,92,213
04/16/2003,PKB,WV,AEA,CE,Federal Contract Tower,0,16,8,14,38,0,0,43,13,56,0,16,51,27,94,32,66,98,192
04/17/2003,PKB,WV,AEA,CE,Federal Contract Tower,0,19,16,2,37,0,0,38,11,49,0,19,54,13,86,26,6,32,118
04/18/2003,PKB,WV,AEA,CE,Federal Contract Tower,0,14,30,2,46,0,0,27,7,34,0,14,57,9,80,48,4,52,132
04/19/2003,PKB,WV,AEA,CE,Federal Contract Tower,0,8,13,0,21,0,0,57,0,57,0,8,70,0,78,36,0,36,114
04/20/2003,PKB,WV,AEA,CE,Federal Contract Tower,0,4,7,0,11,0,0,21,0,21,0,4,28,0,32,24,0,24,56
04/21/2003,PKB,WV,AEA,CE,Federal Contract Tower,0,13,13,2,28,0,0,11,7,18,0,13,24,9,46,6,46,52,98
04/22/2003,PKB,WV,AEA,CE,Federal Contract Tower,0,16,21,3,40,0,0,30,18,48,0,16,51,21,88,52,16,68,156
04/23/2003,PKB,WV,AEA,CE,Federal Contract Tower,0,16,18,6,40,0,0,42,17,59,0,16,60,23,99,20,100,120,219
04/24/2003,PKB,WV,AEA,CE,Federal Contract Tower,0,20,13,2,35,0,0,80,7,87,0,20,93,9,122,74,50,124,246
04/25/2003,PKB,WV,AEA,CE,Federal Contract Tower,0,17,12,3,32,0,0,25,25,50,0,17,37,28,82,38,42,80,162
04/26/2003,PKB,WV,AEA,CE,Federal Contract Tower,0,7,11,8,26,0,0,19,12,31,0,7,30,20,57,4,6,10,67
04/27/2003,PKB,WV,AEA,CE,Federal Contract Tower,0,6,14,2,22,0,0,80,7,87,0,6,94,9,109,32,8,40,149
04/28/2003,PKB,WV,AEA,CE,Federal Contract Tower,0,16,14,0,30,0,0,50,5,55,0,16,64,5,85,24,0,24,109
04/29/2003,PKB,WV,AEA,CE,Federal Contract Tower,0,14,36,5,55,0,0,30,11,41,0,14,66,16,96,42,58,100,196
04/30/2003,PKB,WV,AEA,CE,Federal Contract Tower,0,15,28,4,47,0,0,46,32,78,0,15,74,36,125,30,48,78,203
05/01/2003,PKB,WV,AEA,CE,Federal Contract Tower,0,18,11,3,32,0,0,34,9,43,0,18,45,12,75,18,16,34,109
05/02/2003,PKB,WV,AEA,CE,Federal Contract Tower,0,19,18,4,41,0,0,23,26,49,0,19,41,30,90,14,62,76,166
05/03/2003,PKB,WV,AEA,CE,Federal Contract Tower,0,20,12,5,37,0,1,45,26,72,0,21,57,31,109,22,14,36,145
05/04/2003,PKB,WV,AEA,CE,Federal Contract Tower,0,6,21,4,31,0,0,27,13,40,0,6,48,17,71,10,16,26,97
05/05/2003,PKB,WV,AEA,CE,Federal Contract Tower,0,12,9,0,21,0,0,6,0,6,0,12,15,0,27,0,0,0,27
05/06/2003,PKB,WV,AEA,CE,Federal Contract Tower,0,16,20,2,38,0,0,38,21,59,0,16,58,23,97,40,38,78,175
05/07/2003,PKB,WV,AEA,CE,Federal Contract Tower,0,17,13,4,34,0,0,41,11,52,0,17,54,15,86,42,68,110,196
05/08/2003,PKB,WV,AEA,CE,Federal Contract Tower,0,16,21,2,39,0,0,51,6,57,0,16,72,8,96,38,24,62,158
05/09/2003,PKB,WV,AEA,CE,Federal Contract Tower,0,16,9,8,33,0,0,11,14,25,0,16,20,22,58,4,64,68,126
05/10/2003,PKB,WV,AEA,CE,Federal Contract Tower,0,12,3,4,19,0,0,12,12,24,0,12,15,16,43,4,24,28,71
05/11/2003,PKB,WV,AEA,CE,Federal Contract Tower,0,6,8,1,15,0,0,11,8,19,0,6,19,9,34,4,4,8,42
05/12/2003,PKB,WV,AEA,CE,Federal Contract Tower,0,12,6,2,20,0,0,10,2,12,0,12,16,4,32,10,30,40,72
05/13/2003,PKB,WV,AEA,CE,Federal Contract Tower,0,20,24,1,45,0,0,47,9,56,0,20,71,10,101,44,28,72,173
05/14/2003,PKB,WV,AEA,CE,Federal Contract Tower,0,16,61,7,84,0,0,25,23,48,0,16,86,30,132,28,82,110,242
05/15/2003,PKB,WV,AEA,CE,Federal Contract Tower,0,19,12,6,37,0,0,38,3,41,0,19,50,9,78,66,8,74,152
05/16/2003,PKB,WV,AEA,CE,Federal Contract Tower,0,15,13,5,33,0,0,30,13,43,0,15,43,18,76,60,52,112,188
05/17/2003,PKB,WV,AEA,CE,Federal Contract Tower,0,8,10,1,19,0,0,37,0,37,0,8,47,1,56,120,0,120,176
05/18/2003,PKB,WV,AEA,CE,Federal Contract Tower,0,7,11,0,18,0,0,3,0,3,0,7,14,0,21,42,0,42,63
05/19/2003,PKB,WV,AEA,CE,Federal Contract Tower,0,16,12,6,34,0,0,57,17,74,0,16,69,23,108,34,0,34,142
05/20/2003,PKB,WV,AEA,CE,Federal Contract Tower,0,20,22,3,45,0,0,25,4,29,0,20,47,7,74,22,0,22,96
05/21/2003,PKB,WV,AEA,CE,Federal Contract Tower,0,17,20,2,39,0,0,40,8,48,0,17,60,10,87,42,10,52,139
05/22/2003,PKB,WV,AEA,CE,Federal Contract Tower,0,14,21,1,36,0,0,53,36,89,0,14,74,37,125,88,42,130,255
05/23/2003,PKB,WV,AEA,CE,Federal Contract Tower,0,20,13,2,35,0,0,20,2,22,0,20,33,4,57,10,0,10,67
05/24/2003,PKB,WV,AEA,CE,Federal Contract Tower,0,8,20,0,28,0,0,55,0,55,0,8,75,0,83,68,0,68,151
05/25/2003,PKB,WV,AEA,CE,Federal Contract Tower,0,6,5,0,11,0,0,32,0,32,0,6,37,0,43,24,0,24,67
05/26/2003,PKB,WV,AEA,CE,Federal Contract Tower,0,6,5,0,11,0,0,26,2,28,0,6,31,2,39,0,0,0,39
05/27/2003,PKB,WV,AEA,CE,Federal Contract Tower,0,18,25,1,44,0,0,40,4,44,0,18,65,5,88,54,22,76,164
05/28/2003,PKB,WV,AEA,CE,Federal Contract Tower,0,16,24,1,41,0,0,47,16,63,0,16,71,17,104,74,86,160,264
05/29/2003,PKB,WV,AEA,CE,Federal Contract Tower,0,17,18,4,39,0,0,33,13,46,0,17,51,17,85,10,68,78,163
05/30/2003,PKB,WV,AEA,CE,Federal Contract Tower,0,18,31,1,50,0,0,28,19,47,0,18,59,20,97,36,74,110,207
05/31/2003,PKB,WV,AEA,CE,Federal Contract Tower,0,10,8,0,18,0,0,7,0,7,0,10,15,0,25,4,0,4,29
06/01/2003,PKB,WV,AEA,CE,Federal Contract Tower,0,8,12,0,20,0,0,41,0,41,0,8,53,0,61,24,0,24,85
06/02/2003,PKB,WV,AEA,CE,Federal Contract Tower,0,10,24,2,36,0,0,84,7,91,0,10,108,9,127,88,44,132,259
06/03/2003,PKB,WV,AEA,CE,Federal Contract Tower,0,22,9,6,37,0,0,3,1,4,0,22,12,7,41,12,30,42,83
06/04/2003,PKB,WV,AEA,CE,Federal Contract Tower,0,16,24,11,51,0,0,33,15,48,0,16,57,26,99,22,104,126,225
06/05/2003,PKB,WV,AEA,CE,Federal Contract Tower,0,19,10,7,36,0,0,66,15,81,0,19,76,22,117,50,66,116,233
06/06/2003,PKB,WV,AEA,CE,Federal Contract Tower,0,17,16,4,37,0,0,49,21,70,0,17,65,25,107,54,106,160,267
06/07/2003,PKB,WV,AEA,CE,Federal Contract Tower,0,8,7,8,23,0,0,5,27,32,0,8,12,35,55,4,88,92,147
06/08/2003,PKB,WV,AEA,CE,Federal Contract Tower,0,5,11,16,32,0,1,30,15,46,0,6,41,31,78,0,12,12,90
06/09/2003,PKB,WV,AEA,CE,Federal Contract Tower,0,11,6,0,17,0,3,35,14,52,0,14,41,14,69,42,24,66,135
06/10/2003,PKB,WV,AEA,CE,Federal Contract Tower,0,14,12,0,26,0,0,76,24,100,0,14,88,24,126,86,44,130,256
06/11/2003,PKB,WV,AEA,CE,Federal Contract Tower,0,13,10,0,23,0,4,32,30,66,0,17,42,30,89,16,62,78,167
06/12/2003,PKB,WV,AEA,CE,Federal Contract Tower,0,19,17,22,58,0,0,33,0,33,0,19,50,22,91,18,60,78,169
06/13/2003,PKB,WV,AEA,CE,Federal Contract Tower,0,15,15,3,33,0,0,13,4,17,0,15,28,7,50,2,6,8,58
06/14/2003,PKB,WV,AEA,CE,Federal Contract Tower,0,8,9,0,17,0,0,41,0,41,0,8,50,0,58,0,0,0,58
06/15/2003,PKB,WV,AEA,CE,Federal Contract Tower,0,6,7,1,14,0,0,5,3,8,0,6,12,4,22,0,0,0,22
06/16/2003,PKB,WV,AEA,CE,Federal Contract Tower,0,12,21,4,37,0,0,27,8,35,0,12,48,12,72,2,36,38,110
06/17/2003,PKB,WV,AEA,CE,Federal Contract Tower,0,21,17,5,43,0,0,13,12,25,0,21,30,17,68,8,36,44,112
06/18/2003,PKB,WV,AEA,CE,Federal Contract Tower,0,20,7,7,34,0,0,57,14,71,0,20,64,21,105,92,42,134,239
06/19/2003,PKB,WV,AEA,CE,Federal Contract Tower,0,19,20,7,46,0,0,31,9,40,0,19,51,16,86,12,6,18,104
06/20/2003,PKB,WV,AEA,CE,Federal Contract Tower,0,15,20,5,40,0,0,68,9,77,0,15,88,14,117,50,40,90,207
06/21/2003,PKB,WV,AEA,CE,Federal Contract Tower,0,8,14,0,22,0,0,41,0,41,0,8,55,0,63,32,0,32,95
06/22/2003,PKB,WV,AEA,CE,Federal Contract Tower,0,6,12,0,18,0,0,75,0,75,0,6,87,0,93,14,0,14,107
06/23/2003,PKB,WV,AEA,CE,Federal Contract Tower,0,16,18,0,34,0,0,52,6,58,0,16,70,6,92,6,0,6,98
06/24/2003,PKB,WV,AEA,CE,Federal Contract Tower,0,16,23,7,46,0,0,73,14,87,0,16,96,21,133,54,62,116,249
06/25/2003,PKB,WV,AEA,CE,Federal Contract Tower,0,22,12,7,41,0,0,42,13,55,0,22,54,20,96,48,24,72,168
06/26/2003,PKB,WV,AEA,CE,Federal Contract Tower,0,17,12,0,29,0,0,35,4,39,0,17,47,4,68,36,0,36,104
06/27/2003,PKB,WV,AEA,CE,Federal Contract Tower,0,16,21,7,44,0,0,48,16,64,0,16,69,23,108,36,42,78,186
06/28/2003,PKB,WV,AEA,CE,Federal Contract Tower,0,8,12,2,22,0,0,48,9,57,0,8,60,11,79,18,10,28,107
06/29/2003,PKB,WV,AEA,CE,Federal Contract Tower,0,6,14,6,26,0,0,49,9,58,0,6,63,15,84,14,10,24,108
06/30/2003,PKB,WV,AEA,CE,Federal Contract Tower,0,14,17,4,35,0,0,38,6,44,0,14,55,10,79,38,2,40,119
07/01/2003,PKB,WV,AEA,CE,Federal Contract Tower,0,16,16,2,34,0,0,21,13,34,0,16,37,15,68,44,12,56,124
07/02/2003,PKB,WV,AEA,CE,Federal Contract Tower,0,16,17,3,36,0,0,57,10,67,0,16,74,13,103,50,32,82,185
07/03/2003,PKB,WV,AEA,CE,Federal Contract Tower,0,15,13,0,28,0,0,49,6,55,0,15,62,6,83,20,0,20,103
07/04/2003,PKB,WV,AEA,CE,Federal Contract Tower,0,6,10,0,16,0,0,31,1,32,0,6,41,1,48,6,0,6,54
07/05/2003,PKB,WV,AEA,CE,Federal Contract Tower,0,11,6,0,17,0,1,36,0,37,0,12,42,0,54,2,0,2,56
07/06/2003,PKB,WV,AEA,CE,Federal Contract Tower,0,8,10,0,18,0,0,30,0,30,0,8,40,0,48,0,0,0,48
07/07/2003,PKB,WV,AEA,CE,Federal Contract Tower,0,12,8,2,22,0,0,12,4,16,0,12,20,6,38,4,0,4,42
07/08/2003,PKB,WV,AEA,CE,Federal Contract Tower,0,14,14,1,29,0,0,22,8,30,0,14,36,9,59,24,16,40,99
07/09/2003,PKB,WV,AEA,CE,Federal Contract Tower,0,16,14,3,33,0,0,39,17,56,0,16,53,20,89,26,70,96,185
07/10/2003,PKB,WV,AEA,CE,Federal Contract Tower,0,16,12,2,30,0,0,6,6,12,0,16,18,8,42,0,0,0,42
07/11/2003,PKB,WV,AEA,CE,Federal Contract Tower,0,17,9,4,30,0,0,30,25,55,0,17,39,29,85,18,80,98,183
07/12/2003,PKB,WV,AEA,CE,Federal Contract Tower,0,9,8,2,19,0,0,34,11,45,0,9,42,13,64,28,8,36,100
07/13/2003,PKB,WV,AEA,CE,Federal Contract Tower,0,7,10,4,21,0,0,77,11,88,0,7,87,15,109,34,52,86,195
07/14/2003,PKB,WV,AEA,CE,Federal Contract Tower,0,13,20,6,39,0,0,65,12,77,0,13,85,18,116,46,8,54,170
07/15/2003,PKB,WV,AEA,CE,Federal Contract Tower,0,20,16,2,38,0,0,36,8,44,0,20,52,10,82,48,8,56,138
07/16/2003,PKB,WV,AEA,CE,Federal Contract Tower,0,16,16,1,33,0,0,62,9,71,0,16,78,10,104,80,36,116,220
07/17/2003,PKB,WV,AEA,CE,Federal Contract Tower,0,17,19,4,40,0,0,62,7,69,0,17,81,11,109,50,22,72,181
07/18/2003,PKB,WV,AEA,CE,Federal Contract Tower,0,15,22,3,40,0,0,31,9,40,0,15,53,12,80,36,4,40,120
07/19/2003,PKB,WV,AEA,CE,Federal Contract Tower,0,8,8,0,16,0,0,57,9,66,0,8,65,9,82,42,12,54,136
07/20/2003,PKB,WV,AEA,CE,Federal Contract Tower,0,6,8,0,14,0,0,66,2,68,0,6,74,2,82,44,0,44,126
07/21/2003,PKB,WV,AEA,CE,Federal Contract Tower,0,15,10,0,25,0,0,14,2,16,0,15,24,2,41,6,0,6,47
07/22/2003,PKB,WV,AEA,CE,Federal Contract Tower,0,19,12,0,31,0,0,27,4,31,0,19,39,4,62,4,0,4,66
07/23/2003,PKB,WV,AEA,CE,Federal Contract Tower,0,16,18,0,34,0,0,3,10,13,0,16,21,10,47,10,10,20,67
07/24/2003,PKB,WV,AEA,CE,Federal Contract Tower,0,16,24,3,43,0,0,23,12,35,0,16,47,15,78,38,26,64,142
07/25/2003,PKB,WV,AEA,CE,Federal Contract Tower,0,16,23,1,40,0,0,53,13,66,0,16,76,14,106,50,32,82,188
07/26/2003,PKB,WV,AEA,CE,Federal Contract Tower,0,8,8,0,16,0,0,36,2,38,0,8,44,2,54,4,0,4,58
07/27/2003,PKB,WV,AEA,CE,Federal Contract Tower,0,5,9,2,16,0,0,36,0,36,0,5,45,2,52,6,0,6,58
07/28/2003,PKB,WV,AEA,CE,Federal Contract Tower,0,14,24,0,38,0,0,0,0,0,0,14,24,0,38,0,0,0,38
07/29/2003,PKB,WV,AEA,CE,Federal Contract Tower,0,18,36,0,54,0,0,49,4,53,0,18,85,4,107,82,0,82,189
07/30/2003,PKB,WV,AEA,CE,Federal Contract Tower,0,18,28,1,47,0,0,48,16,64,0,18,76,17,111,63,34,97,208
07/31/2003,PKB,WV,AEA,CE,Federal Contract Tower,0,20,16,2,38,0,0,45,10,55,0,20,61,12,93,36,12,48,141
08/01/2003,PKB,WV,AEA,CE,Federal Contract Tower,0,13,19,6,38,0,0,23,11,34,0,13,42,17,72,46,52,98,170
08/02/2003,PKB,WV,AEA,CE,Federal Contract Tower,0,10,4,0,14,0,0,36,26,62,0,10,40,26,76,56,38,94,170
08/03/2003,PKB,WV,AEA,CE,Federal Contract Tower,0,6,13,6,25,0,0,6,4,10,0,6,19,10,35,0,0,0,35
08/04/2003,PKB,WV,AEA,CE,Federal Contract Tower,0,14,11,3,28,0,0,16,1,17,0,14,27,4,45,22,0,22,67
08/05/2003,PKB,WV,AEA,CE,Federal Contract Tower,0,21,12,2,35,0,0,20,6,26,0,21,32,8,61,4,0,4,65
08/06/2003,PKB,WV,AEA,CE,Federal Contract Tower,0,16,11,2,29,0,0,36,8,44,0,16,47,10,73,74,36,110,183
08/07/2003,PKB,WV,AEA,CE,Federal Contract Tower,0,15,17,7,39,0,0,13,6,19,0,15,30,13,58,8,4,12,70
08/08/2003,PKB,WV,AEA,CE,Federal Contract Tower,0,13,11,5,29,0,0,17,6,23,0,13,28,11,52,2,4,6,58
08/09/2003,PKB,WV,AEA,CE,Federal Contract Tower,0,8,4,0,12,0,0,9,0,9,0,8,13,0,21,0,0,0,21
08/10/2003,PKB,WV,AEA,CE,Federal Contract Tower,0,9,6,0,15,0,0,15,0,15,0,9,21,0,30,6,0,6,36
08/11/2003,PKB,WV,AEA,CE,Federal Contract Tower,0,15,18,3,36,0,0,15,2,17,0,15,33,5,53,40,2,42,95
08/12/2003,PKB,WV,AEA,CE,Federal Contract Tower,0,19,14,7,40,0,0,44,14,58,0,19,58,21,98,64,30,94,192
08/13/2003,PKB,WV,AEA,CE,Federal Contract Tower,0,18,15,8,41,0,0,41,12,53,0,18,56,20,94,40,30,70,164
08/14/2003,PKB,WV,AEA,CE,Federal Contract Tower,0,14,26,2,42,0,0,49,15,64,0,14,75,17,106,96,6,102,208
08/15/2003,PKB,WV,AEA,CE,Federal Contract Tower,0,14,26,3,43,0,0,14,3,17,0,14,40,6,60,28,30,58,118
08/16/2003,PKB,WV,AEA,CE,Federal Contract Tower,0,9,11,0,20,0,0,21,0,21,0,9,32,0,41,16,0,16,57
08/17/2003,PKB,WV,AEA,CE,Federal Contract Tower,0,8,8,0,16,0,6,46,0,52,0,14,54,0,68,14,0,14,82
08/18/2003,PKB,WV,AEA,CE,Federal Contract Tower,0,12,25,1,38,0,0,60,17,77,0,12,85,18,115,42,26,68,183
08/19/2003,PKB,WV,AEA,CE,Federal Contract Tower,0,17,24,5,46,0,0,47,14,61,0,17,71,19,107,40,30,70,177
08/20/2003,PKB,WV,AEA,CE,Federal Contract Tower,0,16,27,4,47,0,0,57,14,71,0,16,84,18,118,42,32,74,192
08/21/2003,PKB,WV,AEA,CE,Federal Contract Tower,0,16,18,2,36,0,0,32,11,43,0,16,50,13,79,36,8,44,123
08/22/2003,PKB,WV,AEA,CE,Federal Contract Tower,0,14,21,6,41,0,0,19,11,30,0,14,40,17,71,16,70,86,157
08/23/2003,PKB,WV,AEA,CE,Federal Contract Tower,0,9,9,2,20,0,0,65,10,75,0,9,74,12,95,32,46,78,173
08/24/2003,PKB,WV,AEA,CE,Federal Contract Tower,0,6,8,2,16,0,0,72,5,77,0,6,80,7,93,18,10,28,121
08/25/2003,PKB,WV,AEA,CE,Federal Contract Tower,0,12,14,1,27,0,0,52,1,53,0,12,66,2,80,0,0,0,80
08/26/2003,PKB,WV,AEA,CE,Federal Contract Tower,0,16,17,1,34,0,0,49,11,60,0,16,66,12,94,28,12,40,134
08/27/2003,PKB,WV,AEA,CE,Federal Contract Tower,0,15,13,4,32,0,0,26,3,29,0,15,39,7,61,28,10,38,99
08/28/2003,PKB,WV,AEA,CE,Federal Contract Tower,0,19,25,3,47,0,0,39,7,46,0,19,64,10,93,34,8,42,135
08/29/2003,PKB,WV,AEA,CE,Federal Contract Tower,0,13,10,0,23,0,0,16,4,20,0,13,26,4,43,4,12,16,59
08/30/2003,PKB,WV,AEA,CE,Federal Contract Tower,0,6,6,0,12,0,0,28,7,35,0,6,34,7,47,12,0,12,59
08/31/2003,PKB,WV,AEA,CE,Federal Contract Tower,0,5,6,0,11,0,0,15,0,15,0,5,21,0,26,2,0,2,28
09/01/2003,PKB,WV,AEA,CE,Federal Contract Tower,0,8,6,0,14,0,0,5,3,8,0,8,11,3,22,6,0,6,28
09/02/2003,PKB,WV,AEA,CE,Federal Contract Tower,0,12,13,0,25,0,0,9,0,9,0,12,22,0,34,10,0,10,44
09/03/2003,PKB,WV,AEA,CE,Federal Contract Tower,0,14,15,4,33,0,0,21,7,28,0,14,36,11,61,26,34,60,121
09/04/2003,PKB,WV,AEA,CE,Federal Contract Tower,0,17,17,5,39,0,0,35,8,43,0,17,52,13,82,34,0,34,116
09/05/2003,PKB,WV,AEA,CE,Federal Contract Tower,0,14,18,10,42,0,0,66,17,83,0,14,84,27,125,54,54,108,233
09/06/2003,PKB,WV,AEA,CE,Federal Contract Tower,0,8,7,3,18,0,0,85,11,96,0,8,92,14,114,26,54,80,194
09/07/2003,PKB,WV,AEA,CE,Federal Contract Tower,0,6,5,7,18,0,0,51,10,61,0,6,56,17,79,6,36,42,121
09/08/2003,PKB,WV,AEA,CE,Federal Contract Tower,0,12,15,6,33,0,1,30,14,45,0,13,45,20,78,44,34,78,156
09/09/2003,PKB,WV,AEA,CE,Federal Contract Tower,0,12,21,5,38,0,0,36,17,53,0,12,57,22,91,50,18,68,159
09/10/2003,PKB,WV,AEA,CE,Federal Contract Tower,0,14,9,9,32,0,2,43,13,58,0,16,52,22,90,30,30,60,150
09/11/2003,PKB,WV,AEA,CE,Federal Contract Tower,0,14,28,2,44,0,0,37,12,49,0,14,65,14,93,38,8,46,139
09/12/2003,PKB,WV,AEA,CE,Federal Contract Tower,0,17,9,8,34,0,3,49,11,63,0,20,58,19,97,38,12,50,147
09/13/2003,PKB,WV,AEA,CE,Federal Contract Tower,0,8,11,5,24,0,0,37,7,44,0,8,48,12,68,50,14,64,132
09/14/2003,PKB,WV,AEA,CE,Federal Contract Tower,0,6,13,0,19,0,0,29,0,29,0,6,42,0,48,32,0,32,80
09/15/2003,PKB,WV,AEA,CE,Federal Contract Tower,0,15,7,4,26,0,0,2,2,4,0,15,9,6,30,0,0,0,30
09/16/2003,PKB,WV,AEA,CE,Federal Contract Tower,0,15,20,7,42,0,0,58,8,66,0,15,78,15,108,96,12,108,216
09/17/2003,PKB,WV,AEA,CE,Federal Contract Tower,0,14,19,13,46,0,0,60,40,100,0,14,79,53,146,50,86,136,282
09/18/2003,PKB,WV,AEA,CE,Federal Contract Tower,0,15,9,7,31,0,0,32,18,50,0,15,41,25,81,26,34,60,141
09/19/2003,PKB,WV,AEA,CE,Federal Contract Tower,0,12,4,11,27,0,0,7,12,19,0,12,11,23,46,0,0,0,46
09/20/2003,PKB,WV,AEA,CE,Federal Contract Tower,0,10,11,4,25,0,0,47,9,56,0,10,58,13,81,52,10,62,143
09/21/2003,PKB,WV,AEA,CE,Federal Contract Tower,0,6,10,2,18,0,0,44,1,45,0,6,54,3,63,78,18,96,159
09/22/2003,PKB,WV,AEA,CE,Federal Contract Tower,0,10,2,0,12,0,0,8,0,8,0,10,10,0,20,2,0,2,22
09/23/2003,PKB,WV,AEA,CE,Federal Contract Tower,0,17,14,13,44,0,0,47,13,60,0,17,61,26,104,46,26,72,176
09/24/2003,PKB,WV,AEA,CE,Federal Contract Tower,0,17,13,14,44,0,0,73,16,89,0,17,86,30,133,76,28,104,237
09/25/2003,PKB,WV,AEA,CE,Federal Contract Tower,0,19,21,10,50,0,0,53,6,59,0,19,74,16,109,24,20,44,153
09/26/2003,PKB,WV,AEA,CE,Federal Contract Tower,0,15,12,12,39,0,0,31,19,50,0,15,43,31,89,24,54,78,167
09/27/2003,PKB,WV,AEA,CE,Federal Contract Tower,0,8,8,0,16,0,0,7,4,11,0,8,15,4,27,10,32,42,69
09/28/2003,PKB,WV,AEA,CE,Federal Contract Tower,0,7,8,2,17,0,0,27,8,35,0,7,35,10,52,52,48,100,152
09/29/2003,PKB,WV,AEA,CE,Federal Contract Tower,0,16,14,7,37,0,0,33,18,51,0,16,47,25,88,6,18,24,112
09/30/2003,PKB,WV,AEA,CE,Federal Contract Tower,0,21,12,6,39,0,0,50,12,62,0,21,62,18,101,42,10,52,153
10/01/2003,PKB,WV,AEA,CE,Federal Contract Tower,0,17,19,0,36,0,0,53,12,65,0,17,72,12,101,32,14,46,147
10/02/2003,PKB,WV,AEA,CE,Federal Contract Tower,0,19,23,3,45,0,0,70,10,80,0,19,93,13,125,52,2,54,179
10/03/2003,PKB,WV,AEA,CE,Federal Contract Tower,0,15,14,1,30,0,2,49,7,58,0,17,63,8,88,52,6,58,146
10/04/2003,PKB,WV,AEA,CE,Federal Contract Tower,0,9,5,0,14,0,0,22,0,22,0,9,27,0,36,14,0,14,50
10/05/2003,PKB,WV,AEA,CE,Federal Contract Tower,0,7,11,0,18,0,11,65,3,79,0,18,76,3,97,78,0,78,175
10/06/2003,PKB,WV,AEA,CE,Federal Contract Tower,0,11,4,1,16,0,0,41,5,46,0,11,45,6,62,22,0,22,84
10/07/2003,PKB,WV,AEA,CE,Federal Contract Tower,0,13,20,2,35,0,0,60,10,70,0,13,80,12,105,88,2,90,195
10/08/2003,PKB,WV,AEA,CE,Federal Contract Tower,0,15,11,0,26,0,0,54,12,66,0,15,65,12,92,58,6,64,156
10/09/2003,PKB,WV,AEA,CE,Federal Contract Tower,0,21,27,2,50,0,0,56,5,61,0,21,83,7,111,50,0,50,161
10/10/2003,PKB,WV,AEA,CE,Federal Contract Tower,1,15,12,3,31,0,0,29,7,36,1,15,41,10,67,28,14,42,109
10/11/2003,PKB,WV,AEA,CE,Federal Contract Tower,1,8,4,0,13,0,0,53,0,53,1,8,57,0,66,20,0,20,86
10/12/2003,PKB,WV,AEA,CE,Federal Contract Tower,0,4,10,1,15,0,0,34,2,36,0,4,44,3,51,42,0,42,93
10/13/2003,PKB,WV,AEA,CE,Federal Contract Tower,0,14,11,2,27,0,1,54,0,55,0,15,65,2,82,16,0,16,98
10/14/2003,PKB,WV,AEA,CE,Federal Contract Tower,0,18,18,2,38,0,0,26,4,30,0,18,44,6,68,12,10,22,90
10/15/2003,PKB,WV,AEA,CE,Federal Contract Tower,0,16,21,4,41,0,0,39,20,59,0,16,60,24,100,34,98,132,232
10/16/2003,PKB,WV,AEA,CE,Federal Contract Tower,0,19,6,2,27,0,0,42,6,48,0,19,48,8,75,14,0,14,89
10/17/2003,PKB,WV,AEA,CE,Federal Contract Tower,0,19,10,2,31,0,0,8,1,9,0,19,18,3,40,6,0,6,46
10/18/2003,PKB,WV,AEA,CE,Federal Contract Tower,0,10,9,0,19,0,0,9,1,10,0,10,18,1,29,4,0,4,33
10/19/2003,PKB,WV,AEA,CE,Federal Contract Tower,0,8,25,0,33,0,0,78,0,78,0,8,103,0,111,48,0,48,159
10/20/2003,PKB,WV,AEA,CE,Federal Contract Tower,0,14,12,2,28,0,0,29,4,33,0,14,41,6,61,22,0,22,83
10/21/2003,PKB,WV,AEA,CE,Federal Contract Tower,0,19,16,2,37,0,0,40,8,48,0,19,56,10,85,32,22,54,139
10/22/2003,PKB,WV,AEA,CE,Federal Contract Tower,0,16,14,3,33,0,0,38,12,50,0,16,52,15,83,32,38,70,153
10/23/2003,PKB,WV,AEA,CE,Federal Contract Tower,0,18,22,3,43,0,0,59,12,71,0,18,81,15,114,94,10,104,218
10/24/2003,PKB,WV,AEA,CE,Federal Contract Tower,0,13,15,4,32,0,0,60,19,79,0,13,75,23,111,58,72,130,241
10/25/2003,PKB,WV,AEA,CE,Federal Contract Tower,0,11,10,3,24,0,0,43,16,59,0,11,53,19,83,16,24,40,123
10/26/2003,PKB,WV,AEA,CE,Federal Contract Tower,0,6,20,4,30,0,0,11,4,15,0,6,31,8,45,16,70,86,131
10/27/2003,PKB,WV,AEA,CE,Federal Contract Tower,0,13,22,4,39,0,0,12,7,19,0,13,34,11,58,20,2,22,80
10/28/2003,PKB,WV,AEA,CE,Federal Contract Tower,0,17,26,10,53,0,0,39,15,54,0,17,65,25,107,38,120,158,265
10/29/2003,PKB,WV,AEA,CE,Federal Contract Tower,0,17,15,4,36,0,0,42,11,53,0,17,57,15,89,70,80,150,239
10/30/2003,PKB,WV,AEA,CE,Federal Contract Tower,0,18,13,13,44,0,0,68,17,85,0,18,81,30,129,90,82,172,301
10/31/2003,PKB,WV,AEA,CE,Federal Contract Tower,0,14,18,6,38,0,0,66,7,73,0,14,84,13,111,88,32,120,231
11/01/2003,PKB,WV,AEA,CE,Federal Contract Tower,0,9,7,4,20,0,0,33,3,36,0,9,40,7,56,44,10,54,110
11/02/2003,PKB,WV,AEA,CE,Federal Contract Tower,0,6,11,0,17,0,0,100,4,104,0,6,111,4,121,58,0,58,179
11/03/2003,PKB,WV,AEA,CE,Federal Contract Tower,0,13,11,4,28,0,0,62,16,78,0,13,73,20,106,74,32,106,212
11/04/2003,PKB,WV,AEA,CE,Federal Contract Tower,0,16,12,6,34,0,0,70,8,78,0,16,82,14,112,48,28,76,188
11/05/2003,PKB,WV,AEA,CE,Federal Contract Tower,0,19,23,4,46,0,0,6,4,10,0,19,29,8,56,12,46,58,114
11/06/2003,PKB,WV,AEA,CE,Federal Contract Tower,0,17,14,2,33,0,0,7,0,7,0,17,21,2,40,0,0,0,40
11/07/2003,PKB,WV,AEA,CE,Federal Contract Tower,0,18,13,6,37,0,0,30,13,43,0,18,43,19,80,22,18,40,120
11/08/2003,PKB,WV,AEA,CE,Federal Contract Tower,0,8,8,3,19,0,0,92,13,105,0,8,100,16,124,40,54,94,218
11/09/2003,PKB,WV,AEA,CE,Federal Contract Tower,0,5,6,2,13,0,0,83,0,83,0,5,89,2,96,66,0,66,162
11/10/2003,PKB,WV,AEA,CE,Federal Contract Tower,0,12,12,3,27,0,0,29,5,34,0,12,41,8,61,48,24,72,133
11/11/2003,PKB,WV,AEA,CE,Federal Contract Tower,0,10,14,2,26,0,0,23,8,31,0,10,37,10,57,34,48,82,139
11/12/2003,PKB,WV,AEA,CE,Federal Contract Tower,0,16,11,5,32,0,0,16,7,23,0,16,27,12,55,4,66,70,125
11/13/2003,PKB,WV,AEA,CE,Federal Contract Tower,0,18,5,0,23,0,0,11,3,14,0,18,16,3,37,0,0,0,37
11/14/2003,PKB,WV,AEA,CE,Federal Contract Tower,0,21,12,0,33,0,0,34,5,39,0,21,46,5,72,18,0,18,90
11/15/2003,PKB,WV,AEA,CE,Federal Contract Tower,0,10,10,0,20,0,0,21,1,22,0,10,31,1,42,52,0,52,94
11/16/2003,PKB,WV,AEA,CE,Federal Contract Tower,0,7,19,0,26,0,0,9,0,9,0,7,28,0,35,54,0,54,89
11/17/2003,PKB,WV,AEA,CE,Federal Contract Tower,0,15,17,1,33,0,0,40,0,40,0,15,57,1,73,26,0,26,99
11/18/2003,PKB,WV,AEA,CE,Federal Contract Tower,0,18,15,4,37,0,0,27,3,30,0,18,42,7,67,30,6,36,103
11/19/2003,PKB,WV,AEA,CE,Federal Contract Tower,0,19,3,2,24,0,0,2,5,7,0,19,5,7,31,18,0,18,49
11/20/2003,PKB,WV,AEA,CE,Federal Contract Tower,0,18,27,2,47,0,0,52,9,61,0,18,79,11,108,46,38,84,192
11/21/2003,PKB,WV,AEA,CE,Federal Contract Tower,0,15,14,0,29,0,0,75,15,90,0,15,89,15,119,96,22,118,237
11/22/2003,PKB,WV,AEA,CE,Federal Contract Tower,0,7,14,0,21,0,0,107,2,109,0,7,121,2,130,82,0,82,212
11/23/2003,PKB,WV,AEA,CE,Federal Contract Tower,0,6,7,2,15,0,0,58,4,62,0,6,65,6,77,48,0,48,125
11/24/2003,PKB,WV,AEA,CE,Federal Contract Tower,0,13,7,0,20,0,0,13,0,13,0,13,20,0,33,6,0,6,39
11/25/2003,PKB,WV,AEA,CE,Federal Contract Tower,0,25,15,6,46,0,2,59,11,72,0,27,74,17,118,72,46,118,236
11/26/2003,PKB,WV,AEA,CE,Federal Contract Tower,0,23,15,0,38,0,0,56,3,59,0,23,71,3,97,84,0,84,181
11/27/2003,PKB,WV,AEA,CE,Federal Contract Tower,0,6,0,0,6,0,0,23,1,24,0,6,23,1,30,68,0,68,98
11/28/2003,PKB,WV,AEA,CE,Federal Contract Tower,0,11,4,0,15,0,0,2,0,2,0,11,6,0,17,24,0,24,41
11/29/2003,PKB,WV,AEA,CE,Federal Contract Tower,0,7,5,0,12,0,0,11,0,11,0,7,16,0,23,50,0,50,73
11/30/2003,PKB,WV,AEA,CE,Federal Contract Tower,0,11,16,0,27,0,0,39,0,39,0,11,55,0,66,32,0,32,98
12/01/2003,PKB,WV,AEA,CE,Federal Contract Tower,0,17,12,2,31,0,0,38,0,38,0,17,50,2,69,52,0,52,121
12/02/2003,PKB,WV,AEA,CE,Federal Contract Tower,0,16,24,1,41,0,0,52,2,54,0,16,76,3,95,62,14,76,171
12/03/2003,PKB,WV,AEA,CE,Federal Contract Tower,0,17,12,4,33,0,0,49,3,52,0,17,61,7,85,98,12,110,195
12/04/2003,PKB,WV,AEA,CE,Federal Contract Tower,0,15,15,0,30,0,0,23,0,23,0,15,38,0,53,26,0,26,79
12/05/2003,PKB,WV,AEA,CE,Federal Contract Tower,0,16,10,0,26,0,0,4,0,4,0,16,14,0,30,0,0,0,30
12/06/2003,PKB,WV,AEA,CE,Federal Contract Tower,0,8,4,0,12,0,0,5,8,13,0,8,9,8,25,6,2,8,33
12/07/2003,PKB,WV,AEA,CE,Federal Contract Tower,0,6,13,6,25,0,0,44,11,55,0,6,57,17,80,98,68,166,246
12/08/2003,PKB,WV,AEA,CE,Federal Contract Tower,0,16,16,2,34,0,0,30,5,35,0,16,46,7,69,26,2,28,97
12/09/2003,PKB,WV,AEA,CE,Federal Contract Tower,0,22,6,2,30,0,0,30,4,34,0,22,36,6,64,18,0,18,82
12/10/2003,PKB,WV,AEA,CE,Federal Contract Tower,0,17,12,2,31,0,0,19,10,29,0,17,31,12,60,16,68,84,144
12/11/2003,PKB,WV,AEA,CE,Federal Contract Tower,0,17,11,1,29,0,0,23,1,24,0,17,34,2,53,10,0,10,63
12/12/2003,PKB,WV,AEA,CE,Federal Contract Tower,0,17,15,9,41,0,0,40,18,58,0,17,55,27,99,20,44,64,163
12/13/2003,PKB,WV,AEA,CE,Federal Contract Tower,0,9,4,11,24,0,0,26,2,28,0,9,30,13,52,36,4,40,92
12/14/2003,PKB,WV,AEA,CE,Federal Contract Tower,0,2,7,0,9,0,0,0,0,0,0,2,7,0,9,4,0,4,13
12/15/2003,PKB,WV,AEA,CE,Federal Contract Tower,0,12,5,0,17,0,0,9,0,9,0,12,14,0,26,0,0,0,26
12/16/2003,PKB,WV,AEA,CE,Federal Contract Tower,0,20,23,1,44,0,0,54,10,64,0,20,77,11,108,90,0,90,198
12/17/2003,PKB,WV,AEA,CE,Federal Contract Tower,0,17,7,1,25,0,0,7,0,7,0,17,14,1,32,2,2,4,36
12/18/2003,PKB,WV,AEA,CE,Federal Contract Tower,0,17,10,1,28,0,0,25,0,25,0,17,35,1,53,6,0,6,59
12/19/2003,PKB,WV,AEA,CE,Federal Contract Tower,0,18,6,0,24,0,0,6,0,6,0,18,12,0,30,0,0,0,30
12/20/2003,PKB,WV,AEA,CE,Federal Contract Tower,0,10,10,0,20,0,0,21,0,21,0,10,31,0,41,52,0,52,93
12/21/2003,PKB,WV,AEA,CE,Federal Contract Tower,0,6,10,0,16,0,0,49,0,49,0,6,59,0,65,56,0,56,121
12/22/2003,PKB,WV,AEA,CE,Federal Contract Tower,0,14,14,2,30,0,0,22,3,25,0,14,36,5,55,4,0,4,59
12/23/2003,PKB,WV,AEA,CE,Federal Contract Tower,0,20,3,0,23,0,0,12,2,14,0,20,15,2,37,6,0,6,43
12/24/2003,PKB,WV,AEA,CE,Federal Contract Tower,0,13,3,0,16,0,0,5,0,5,0,13,8,0,21,0,0,0,21
12/25/2003,PKB,WV,AEA,CE,Federal Contract Tower,0,6,2,0,8,0,0,14,0,14,0,6,16,0,22,8,0,8,30
12/26/2003,PKB,WV,AEA,CE,Federal Contract Tower,0,16,10,0,26,0,0,39,0,39,0,16,49,0,65,36,0,36,101
12/27/2003,PKB,WV,AEA,CE,Federal Contract Tower,0,10,15,0,25,0,0,59,0,59,0,10,74,0,84,32,0,32,116
12/28/2003,PKB,WV,AEA,CE,Federal Contract Tower,0,8,11,0,19,0,0,66,2,68,0,8,77,2,87,54,0,54,141
12/29/2003,PKB,WV,AEA,CE,Federal Contract Tower,0,12,5,2,19,0,0,41,1,42,0,12,46,3,61,78,0,78,139
12/30/2003,PKB,WV,AEA,CE,Federal Contract Tower,0,16,9,0,25,0,0,48,9,57,0,16,57,9,82,54,2,56,138
12/31/2003,PKB,WV,AEA,CE,Federal Contract Tower,0,12,4,0,16,0,0,54,0,54,0,12,58,0,70,52,0,52,122
01/01/2004,PKB,WV,AEA,CE,Federal Contract Tower,0,5,3,0,8,0,0,55,0,55,0,5,58,0,63,20,0,20,83
01/02/2004,PKB,WV,AEA,CE,Federal Contract Tower,0,16,3,0,19,0,0,2,0,2,0,16,5,0,21,0,0,0,21
01/03/2004,PKB,WV,AEA,CE,Federal Contract Tower,0,13,11,0,24,0,0,23,0,23,0,13,34,0,47,28,0,28,75
01/04/2004,PKB,WV,AEA,CE,Federal Contract Tower,0,6,10,0,16,0,0,0,0,0,0,6,10,0,16,0,0,0,16
01/05/2004,PKB,WV,AEA,CE,Federal Contract Tower,0,12,2,0,14,0,0,20,0,20,0,12,22,0,34,4,0,4,38
01/06/2004,PKB,WV,AEA,CE,Federal Contract Tower,0,18,8,0,26,0,0,39,5,44,0,18,47,5,70,24,12,36,106
01/07/2004,PKB,WV,AEA,CE,Federal Contract Tower,0,18,30,3,51,0,0,46,6,52,0,18,76,9,103,44,42,86,189
01/08/2004,PKB,WV,AEA,CE,Federal Contract Tower,0,16,9,0,25,0,0,37,8,45,0,16,46,8,70,32,24,56,126
01/09/2004,PKB,WV,AEA,CE,Federal Contract Tower,0,16,7,2,25,0,0,26,21,47,0,16,33,23,72,10,28,38,110
01/10/2004,PKB,WV,AEA,CE,Federal Contract Tower,0,9,8,8,25,0,0,65,21,86,0,9,73,29,111,68,84,152,263
01/11/2004,PKB,WV,AEA,CE,Federal Contract Tower,0,7,8,0,15,0,0,19,10,29,0,7,27,10,44,30,16,46,90
01/12/2004,PKB,WV,AEA,CE,Federal Contract Tower,0,13,10,1,24,0,0,17,8,25,0,13,27,9,49,16,0,16,65
01/13/2004,PKB,WV,AEA,CE,Federal Contract Tower,0,16,14,1,31,0,0,44,6,50,0,16,58,7,81,62,16,78,159
01/14/2004,PKB,WV,AEA,CE,Federal Contract Tower,0,15,22,3,40,0,0,43,18,61,0,15,65,21,101,78,98,176,277
01/15/2004,PKB,WV,AEA,CE,Federal Contract Tower,0,17,16,4,37,0,0,38,9,47,0,17,54,13,84,63,20,83,167
01/16/2004,PKB,WV,AEA,CE,Federal Contract Tower,0,15,19,5,39,0,0,31,9,40,0,15,50,14,79,66,12,78,157
01/17/2004,PKB,WV,AEA,CE,Federal Contract Tower,0,8,2,0,10,0,0,1,0,1,0,8,3,0,11,0,0,0,11
01/18/2004,PKB,WV,AEA,CE,Federal Contract Tower,0,5,6,0,11,0,0,7,0,7,0,5,13,0,18,16,0,16,34
01/19/2004,PKB,WV,AEA,CE,Federal Contract Tower,0,12,14,0,26,0,0,8,0,8,0,12,22,0,34,0,0,0,34
01/20/2004,PKB,WV,AEA,CE,Federal Contract Tower,0,16,18,0,34,0,0,61,7,68,0,16,79,7,102,104,0,104,206
01/21/2004,PKB,WV,AEA,CE,Federal Contract Tower,0,17,8,9,34,0,0,35,10,45,0,17,43,19,79,48,98,146,225
01/22/2004,PKB,WV,AEA,CE,Federal Contract Tower,0,16,9,0,25,0,0,28,0,28,0,16,37,0,53,10,0,10,63
01/23/2004,PKB,WV,AEA,CE,Federal Contract Tower,0,15,8,7,30,0,0,17,12,29,0,15,25,19,59,4,54,58,117
01/24/2004,PKB,WV,AEA,CE,Federal Contract Tower,0,9,5,6,20,0,0,12,16,28,0,9,17,22,48,12,40,52,100
01/25/2004,PKB,WV,AEA,CE,Federal Contract Tower,0,6,4,3,13,0,0,14,10,24,0,6,18,13,37,20,38,58,95
01/26/2004,PKB,WV,AEA,CE,Federal Contract Tower,0,8,1,2,11,0,0,0,0,0,0,8,1,2,11,0,0,0,11
01/27/2004,PKB,WV,AEA,CE,Federal Contract Tower,0,15,9,0,24,0,0,20,0,20,0,15,29,0,44,46,0,46,90
01/28/2004,PKB,WV,AEA,CE,Federal Contract Tower,0,18,9,2,29,0,0,27,12,39,0,18,36,14,68,30,78,108,176
01/29/2004,PKB,WV,AEA,CE,Federal Contract Tower,0,16,7,7,30,0,0,18,9,27,0,16,25,16,57,10,36,46,103
01/30/2004,PKB,WV,AEA,CE,Federal Contract Tower,0,21,10,4,35,0,0,16,4,20,0,21,26,8,55,24,4,28,83
01/31/2004,PKB,WV,AEA,CE,Federal Contract Tower,0,7,11,0,18,0,0,32,0,32,0,7,43,0,50,30,0,30,80
02/01/2004,PKB,WV,AEA,CE,Federal Contract Tower,0,6,6,4,16,0,0,39,0,39,0,6,45,4,55,28,6,34,89
02/02/2004,PKB,WV,AEA,CE,Federal Contract Tower,0,12,3,3,18,0,0,19,0,19,0,12,22,3,37,34,2,36,73
02/03/2004,PKB,WV,AEA,CE,Federal Contract Tower,0,17,0,0,17,0,0,8,0,8,0,17,8,0,25,2,0,2,27
02/04/2004,PKB,WV,AEA,CE,Federal Contract Tower,0,16,17,10,43,0,0,37,10,47,0,16,54,20,90,34,50,84,174
02/05/2004,PKB,WV,AEA,CE,Federal Contract Tower,0,9,10,13,32,0,0,23,1,24,0,9,33,14,56,0,12,12,68
02/06/2004,PKB,WV,AEA,CE,Federal Contract Tower,0,17,21,6,44,0,0,11,1,12,0,17,32,7,56,16,22,38,94
02/07/2004,PKB,WV,AEA,CE,Federal Contract Tower,0,8,0,4,12,0,0,16,7,23,0,8,16,11,35,40,46,86,121
02/08/2004,PKB,WV,AEA,CE,Federal Contract Tower,0,7,15,16,38,0,0,44,23,67,0,7,59,39,105,30,8,38,143
02/09/2004,PKB,WV,AEA,CE,Federal Contract Tower,0,16,7,10,33,0,0,16,1,17,0,16,23,11,50,8,8,16,66
02/10/2004,PKB,WV,AEA,CE,Federal Contract Tower,0,17,28,10,55,0,0,42,13,55,0,17,70,23,110,84,34,118,228
02/11/2004,PKB,WV,AEA,CE,Federal Contract Tower,0,18,24,13,55,0,0,55,8,63,0,18,79,21,118,44,18,62,180
02/12/2004,PKB,WV,AEA,CE,Federal Contract Tower,0,15,12,7,34,0,0,36,6,42,0,15,48,13,76,34,12,46,122
02/13/2004,PKB,WV,AEA,CE,Federal Contract Tower,0,15,9,6,30,0,0,17,8,25,0,15,26,14,55,6,10,16,71
02/14/2004,PKB,WV,AEA,CE,Federal Contract Tower,0,8,7,0,15,0,0,45,0,45,0,8,52,0,60,24,0,24,84
02/15/2004,PKB,WV,AEA,CE,Federal Contract Tower,0,5,3,0,8,0,0,21,0,21,0,5,24,0,29,20,0,20,49
02/16/2004,PKB,WV,AEA,CE,Federal Contract Tower,0,13,14,0,27,0,0,29,0,29,0,13,43,0,56,0,0,0,56
02/17/2004,PKB,WV,AEA,CE,Federal Contract Tower,0,16,15,0,31,0,0,40,5,45,0,16,55,5,76,30,10,40,116
02/18/2004,PKB,WV,AEA,CE,Federal Contract Tower,0,16,20,7,43,0,0,72,10,82,0,16,92,17,125,94,40,134,259
02/19/2004,PKB,WV,AEA,CE,Federal Contract Tower,0,16,23,9,48,0,0,46,10,56,0,16,69,19,104,52,22,74,178
02/20/2004,PKB,WV,AEA,CE,Federal Contract Tower,0,19,8,8,35,0,0,24,26,50,0,19,32,34,85,4,38,42,127
02/21/2004,PKB,WV,AEA,CE,Federal Contract Tower,0,8,5,9,22,0,0,4,11,15,0,8,9,20,37,0,62,62,99
02/22/2004,PKB,WV,AEA,CE,Federal Contract Tower,0,6,15,4,25,0,0,40,10,50,0,6,55,14,75,18,34,52,127
02/23/2004,PKB,WV,AEA,CE,Federal Contract Tower,0,12,12,0,24,0,0,35,2,37,0,12,47,2,61,42,0,42,103
02/24/2004,PKB,WV,AEA,CE,Federal Contract Tower,0,15,12,0,27,0,0,20,7,27,0,15,32,7,54,26,12,38,92
02/25/2004,PKB,WV,AEA,CE,Federal Contract Tower,0,17,8,2,27,0,0,50,9,59,0,17,58,11,86,40,2,42,128
02/26/2004,PKB,WV,AEA,CE,Federal Contract Tower,0,26,23,1,50,0,0,48,4,52,0,26,71,5,102,54,14,68,170
02/27/2004,PKB,WV,AEA,CE,Federal Contract Tower,0,15,14,5,34,0,0,73,14,87,0,15,87,19,121,40,44,84,205
02/28/2004,PKB,WV,AEA,CE,Federal Contract Tower,0,13,10,0,23,0,0,85,2,87,0,13,95,2,110,58,0,58,168
02/29/2004,PKB,WV,AEA,CE,Federal Contract Tower,0,6,9,4,19,0,0,50,0,50,0,6,59,4,69,46,0,46,115
03/01/2004,PKB,WV,AEA,CE,Federal Contract Tower,0,14,16,0,30,0,0,8,0,8,0,14,24,0,38,10,0,10,48
03/02/2004,PKB,WV,AEA,CE,Federal Contract Tower,0,19,12,6,37,0,0,38,5,43,0,19,50,11,80,38,22,60,140
03/03/2004,PKB,WV,AEA,CE,Federal Contract Tower,0,21,7,0,28,0,0,43,0,43,0,21,50,0,71,16,0,16,87
03/04/2004,PKB,WV,AEA,CE,Federal Contract Tower,0,18,21,0,39,0,0,24,0,24,0,18,45,0,63,6,0,6,69
03/05/2004,PKB,WV,AEA,CE,Federal Contract Tower,0,15,10,0,25,0,0,17,6,23,0,15,27,6,48,6,0,6,54
03/06/2004,PKB,WV,AEA,CE,Federal Contract Tower,0,8,8,0,16,0,0,6,6,12,0,8,14,6,28,0,0,0,28
03/07/2004,PKB,WV,AEA,CE,Federal Contract Tower,0,7,4,1,12,0,0,16,7,23,0,7,20,8,35,8,10,18,53
03/08/2004,PKB,WV,AEA,CE,Federal Contract Tower,0,13,9,0,22,0,0,2,0,2,0,13,11,0,24,0,0,0,24
03/09/2004,PKB,WV,AEA,CE,Federal Contract Tower,0,19,20,2,41,0,0,38,6,44,0,19,58,8,85,78,10,88,173
03/10/2004,PKB,WV,AEA,CE,Federal Contract Tower,0,16,30,5,51,0,0,57,7,64,0,16,87,12,115,96,16,112,227
03/11/2004,PKB,WV,AEA,CE,Federal Contract Tower,0,16,10,7,33,0,0,26,7,33,0,16,36,14,66,30,10,40,106
03/12/2004,PKB,WV,AEA,CE,Federal Contract Tower,0,14,11,0,25,0,0,26,10,36,0,14,37,10,61,18,2,20,81
03/13/2004,PKB,WV,AEA,CE,Federal Contract Tower,0,10,10,0,20,0,0,105,10,115,0,10,115,10,135,32,28,60,195
03/14/2004,PKB,WV,AEA,CE,Federal Contract Tower,0,5,6,2,13,0,0,10,7,17,0,5,16,9,30,4,4,8,38
03/15/2004,PKB,WV,AEA,CE,Federal Contract Tower,0,11,15,3,29,0,0,55,2,57,0,11,70,5,86,74,2,76,162
03/16/2004,PKB,WV,AEA,CE,Federal Contract Tower,0,13,15,0,28,0,0,1,0,1,0,13,16,0,29,8,0,8,37
03/17/2004,PKB,WV,AEA,CE,Federal Contract Tower,0,14,7,1,22,0,0,24,14,38,0,14,31,15,60,14,56,70,130
03/18/2004,PKB,WV,AEA,CE,Federal Contract Tower,0,13,12,1,26,0,0,20,4,24,0,13,32,5,50,26,0,26,76
03/19/2004,PKB,WV,AEA,CE,Federal Contract Tower,0,19,8,9,36,0,0,30,11,41,0,19,38,20,77,40,36,76,153
03/20/2004,PKB,WV,AEA,CE,Federal Contract Tower,0,8,10,6,24,0,0,18,5,23,0,8,28,11,47,10,20,30,77
03/21/2004,PKB,WV,AEA,CE,Federal Contract Tower,0,7,6,0,13,0,0,11,12,23,0,7,17,12,36,18,14,32,68
03/22/2004,PKB,WV,AEA,CE,Federal Contract Tower,0,13,3,6,22,0,0,34,2,36,0,13,37,8,58,28,6,34,92
03/23/2004,PKB,WV,AEA,CE,Federal Contract Tower,0,17,14,0,31,0,0,51,8,59,0,17,65,8,90,56,0,56,146
03/24/2004,PKB,WV,AEA,CE,Federal Contract Tower,0,17,10,6,33,0,0,42,20,62,0,17,52,26,95,66,62,128,223
03/25/2004,PKB,WV,AEA,CE,Federal Contract Tower,0,17,10,4,31,0,0,41,7,48,0,17,51,11,79,16,10,26,105
03/26/2004,PKB,WV,AEA,CE,Federal Contract Tower,0,17,8,0,25,0,0,21,5,26,0,17,29,5,51,10,34,44,95
03/27/2004,PKB,WV,AEA,CE,Federal Contract Tower,0,7,22,1,30,0,0,29,1,30,0,7,51,2,60,28,0,28,88
03/28/2004,PKB,WV,AEA,CE,Federal Contract Tower,0,4,6,6,16,0,1,67,4,72,0,5,73,10,88,70,0,70,158
03/29/2004,PKB,WV,AEA,CE,Federal Contract Tower,0,14,10,0,24,0,0,27,9,36,0,14,37,9,60,14,2,16,76
03/30/2004,PKB,WV,AEA,CE,Federal Contract Tower,0,17,24,0,41,0,0,19,1,20,0,17,43,1,61,18,0,18,79
03/31/2004,PKB,WV,AEA,CE,Federal Contract Tower,0,16,11,6,33,0,0,7,0,7,0,16,18,6,40,12,8,20,60
04/01/2004,PKB,WV,AEA,CE,Federal Contract Tower,0,22,11,0,33,0,0,9,1,10,0,22,20,1,43,20,4,24,67
04/02/2004,PKB,WV,AEA,CE,Federal Contract Tower,0,18,16,5,39,0,0,12,1,13,0,18,28,6,52,0,34,34,86
04/03/2004,PKB,WV,AEA,CE,Federal Contract Tower,0,8,8,0,16,0,1,95,6,102,0,9,103,6,118,78,2,80,198
04/04/2004,PKB,WV,AEA,CE,Federal Contract Tower,0,8,2,0,10,0,0,35,7,42,0,8,37,7,52,28,0,28,80
04/05/2004,PKB,WV,AEA,CE,Federal Contract Tower,0,13,8,2,23,0,0,39,0,39,0,13,47,2,62,58,0,58,120
04/06/2004,PKB,WV,AEA,CE,Federal Contract Tower,0,17,18,3,38,0,0,57,12,69,0,17,75,15,107,102,4,106,213
04/07/2004,PKB,WV,AEA,CE,Federal Contract Tower,0,17,23,2,42,0,0,58,11,69,0,17,81,13,111,40,20,60,171
04/08/2004,PKB,WV,AEA,CE,Federal Contract Tower,0,16,16,4,36,0,0,39,5,44,0,16,55,9,80,52,14,66,146
04/09/2004,PKB,WV,AEA,CE,Federal Contract Tower,0,19,21,13,53,0,0,64,10,74,0,19,85,23,127,118,24,142,269
04/10/2004,PKB,WV,AEA,CE,Federal Contract Tower,0,9,12,0,21,0,0,70,0,70,0,9,82,0,91,34,0,34,125
04/11/2004,PKB,WV,AEA,CE,Federal Contract Tower,0,6,2,0,8,0,0,10,0,10,0,6,12,0,18,14,0,14,32
04/12/2004,PKB,WV,AEA,CE,Federal Contract Tower,0,11,12,0,23,0,0,15,0,15,0,11,27,0,38,10,0,10,48
04/13/2004,PKB,WV,AEA,CE,Federal Contract Tower,0,15,22,0,37,0,0,5,2,7,0,15,27,2,44,46,10,56,100
04/14/2004,PKB,WV,AEA,CE,Federal Contract Tower,0,17,15,18,50,0,0,22,5,27,0,17,37,23,77,28,76,104,181
04/15/2004,PKB,WV,AEA,CE,Federal Contract Tower,0,15,28,16,59,0,0,64,17,81,0,15,92,33,140,84,18,102,242
04/16/2004,PKB,WV,AEA,CE,Federal Contract Tower,0,15,22,8,45,0,0,60,19,79,0,15,82,27,124,48,112,160,284
04/17/2004,PKB,WV,AEA,CE,Federal Contract Tower,0,10,8,3,21,0,0,51,9,60,0,10,59,12,81,34,22,56,137
04/18/2004,PKB,WV,AEA,CE,Federal Contract Tower,0,6,12,6,24,0,0,52,11,63,0,6,64,17,87,36,24,60,147
04/19/2004,PKB,WV,AEA,CE,Federal Contract Tower,0,14,15,2,31,0,0,38,5,43,0,14,53,7,74,28,10,38,112
04/20/2004,PKB,WV,AEA,CE,Federal Contract Tower,0,15,19,4,38,0,0,35,31,66,0,15,54,35,104,58,52,110,214
04/21/2004,PKB,WV,AEA,CE,Federal Contract Tower,0,17,22,1,40,0,0,31,15,46,0,17,53,16,86,20,104,124,210
04/22/2004,PKB,WV,AEA,CE,Federal Contract Tower,0,16,21,5,42,0,0,17,0,17,0,16,38,5,59,8,2,10,69
04/23/2004,PKB,WV,AEA,CE,Federal Contract Tower,0,15,19,7,41,0,0,8,3,11,0,15,27,10,52,14,18,32,84
04/24/2004,PKB,WV,AEA,CE,Federal Contract Tower,0,8,10,0,18,0,0,64,1,65,0,8,74,1,83,46,0,46,129
04/25/2004,PKB,WV,AEA,CE,Federal Contract Tower,0,5,4,0,9,0,0,4,0,4,0,5,8,0,13,14,0,14,27
04/26/2004,PKB,WV,AEA,CE,Federal Contract Tower,0,14,9,2,25,0,0,17,6,23,0,14,26,8,48,24,10,34,82
04/27/2004,PKB,WV,AEA,CE,Federal Contract Tower,0,16,14,3,33,0,0,22,3,25,0,16,36,6,58,46,2,48,106
04/28/2004,PKB,WV,AEA,CE,Federal Contract Tower,0,17,24,4,45,0,0,67,9,76,0,17,91,13,121,64,18,82,203
04/29/2004,PKB,WV,AEA,CE,Federal Contract Tower,0,14,22,4,40,0,0,29,17,46,0,14,51,21,86,42,48,90,176
04/30/2004,PKB,WV,AEA,CE,Federal Contract Tower,0,16,23,2,41,0,0,26,8,34,0,16,49,10,75,36,80,116,191
05/01/2004,PKB,WV,AEA,CE,Federal Contract Tower,0,7,10,4,21,0,0,27,6,33,0,7,37,10,54,30,2,32,86
05/02/2004,PKB,WV,AEA,CE,Federal Contract Tower,0,6,6,2,14,0,0,12,0,12,0,6,18,2,26,8,4,12,38
05/03/2004,PKB,WV,AEA,CE,Federal Contract Tower,0,13,12,4,29,0,0,23,4,27,0,13,35,8,56,14,16,30,86
05/04/2004,PKB,WV,AEA,CE,Federal Contract Tower,0,17,17,2,36,0,0,53,13,66,0,17,70,15,102,72,36,108,210
05/05/2004,PKB,WV,AEA,CE,Federal Contract Tower,0,18,17,3,38,0,0,58,14,72,0,18,75,17,110,58,26,84,194
05/06/2004,PKB,WV,AEA,CE,Federal Contract Tower,0,18,29,0,47,0,0,75,6,81,0,18,104,6,128,64,22,86,214
05/07/2004,PKB,WV,AEA,CE,Federal Contract Tower,0,14,14,3,31,0,0,23,8,31,0,14,37,11,62,54,22,76,138
05/08/2004,PKB,WV,AEA,CE,Federal Contract Tower,0,12,21,1,34,0,0,41,4,45,0,12,62,5,79,28,0,28,107
05/09/2004,PKB,WV,AEA,CE,Federal Contract Tower,0,12,6,0,18,0,0,71,0,71,0,12,77,0,89,92,0,92,181
05/10/2004,PKB,WV,AEA,CE,Federal Contract Tower,0,13,26,0,39,0,0,46,2,48,0,13,72,2,87,40,10,50,137
05/11/2004,PKB,WV,AEA,CE,Federal Contract Tower,0,16,18,8,42,0,0,28,17,45,0,16,46,25,87,48,48,96,183
05/12/2004,PKB,WV,AEA,CE,Federal Contract Tower,0,18,19,1,38,0,0,29,3,32,0,18,48,4,70,44,30,74,144
05/13/2004,PKB,WV,AEA,CE,Federal Contract Tower,2,18,11,7,38,0,0,35,16,51,2,18,46,23,89,18,0,18,107
05/14/2004,PKB,WV,AEA,CE,Federal Contract Tower,0,15,14,3,32,0,0,31,11,42,0,15,45,14,74,40,20,60,134
05/15/2004,PKB,WV,AEA,CE,Federal Contract Tower,0,8,20,0,28,0,0,13,0,13,0,8,33,0,41,24,0,24,65
05/16/2004,PKB,WV,AEA,CE,Federal Contract Tower,0,13,17,2,32,0,0,36,7,43,0,13,53,9,75,22,32,54,129
05/17/2004,PKB,WV,AEA,CE,Federal Contract Tower,0,15,13,2,30,0,0,33,5,38,0,15,46,7,68,76,6,82,150
05/18/2004,PKB,WV,AEA,CE,Federal Contract Tower,0,17,17,0,34,0,0,32,10,42,0,17,49,10,76,18,6,24,100
05/19/2004,PKB,WV,AEA,CE,Federal Contract Tower,0,16,25,2,43,0,0,57,7,64,0,16,82,9,107,90,0,90,197
05/20/2004,PKB,WV,AEA,CE,Federal Contract Tower,0,16,22,1,39,0,0,51,9,60,0,16,73,10,99,46,32,78,177
05/21/2004,PKB,WV,AEA,CE,Federal Contract Tower,0,14,28,1,43,0,0,30,10,40,0,14,58,11,83,66,30,96,179
05/22/2004,PKB,WV,AEA,CE,Federal Contract Tower,0,8,12,2,22,0,0,54,5,59,0,8,66,7,81,38,16,54,135
05/23/2004,PKB,WV,AEA,CE,Federal Contract Tower,0,6,10,2,18,0,0,47,1,48,0,6,57,3,66,70,0,70,136
05/24/2004,PKB,WV,AEA,CE,Federal Contract Tower,0,12,16,0,28,0,0,33,12,45,0,12,49,12,73,16,8,24,97
05/25/2004,PKB,WV,AEA,CE,Federal Contract Tower,0,16,12,8,36,0,0,37,12,49,0,16,49,20,85,38,12,50,135
05/26/2004,PKB,WV,AEA,CE,Federal Contract Tower,0,15,16,7,38,0,0,35,7,42,0,15,51,14,80,38,42,80,160
05/27/2004,PKB,WV,AEA,CE,Federal Contract Tower,0,20,20,6,46,0,0,34,9,43,0,20,54,15,89,12,20,32,121
05/28/2004,PKB,WV,AEA,CE,Federal Contract Tower,0,16,14,0,30,0,0,8,0,8,0,16,22,0,38,14,0,14,52
05/29/2004,PKB,WV,AEA,CE,Federal Contract Tower,0,8,17,0,25,0,0,91,1,92,0,8,108,1,117,96,0,96,213
05/30/2004,PKB,WV,AEA,CE,Federal Contract Tower,0,4,5,0,9,0,0,11,0,11,0,4,16,0,20,6,0,6,26
05/31/2004,PKB,WV,AEA,CE,Federal Contract Tower,0,12,10,0,22,0,0,18,2,20,0,12,28,2,42,18,0,18,60
06/01/2004,PKB,WV,AEA,CE,Federal Contract Tower,0,12,20,2,34,0,0,50,12,62,0,12,70,14,96,32,4,36,132
06/02/2004,PKB,WV,AEA,CE,Federal Contract Tower,0,16,12,6,34,0,0,43,12,55,0,16,55,18,89,28,22,50,139
06/03/2004,PKB,WV,AEA,CE,Federal Contract Tower,0,18,22,0,40,0,0,72,11,83,0,18,94,11,123,52,28,80,203
06/04/2004,PKB,WV,AEA,CE,Federal Contract Tower,0,17,21,5,43,0,0,40,14,54,0,17,61,19,97,54,28,82,179
06/05/2004,PKB,WV,AEA,CE,Federal Contract Tower,0,8,10,1,19,0,0,14,4,18,0,8,24,5,37,18,4,22,59
06/06/2004,PKB,WV,AEA,CE,Federal Contract Tower,0,6,15,1,22,0,0,65,15,80,0,6,80,16,102,84,6,90,192
06/07/2004,PKB,WV,AEA,CE,Federal Contract Tower,0,12,21,9,42,0,0,48,11,59,0,12,69,20,101,48,16,64,165
06/08/2004,PKB,WV,AEA,CE,Federal Contract Tower,0,17,20,6,43,0,0,57,13,70,0,17,77,19,113,46,18,64,177
06/09/2004,PKB,WV,AEA,CE,Federal Contract Tower,0,18,17,4,39,0,0,51,10,61,0,18,68,14,100,84,28,112,212
06/10/2004,PKB,WV,AEA,CE,Federal Contract Tower,0,17,13,1,31,0,0,36,13,49,0,17,49,14,80,22,6,28,108
06/11/2004,PKB,WV,AEA,CE,Federal Contract Tower,0,18,7,16,41,0,0,24,3,27,0,18,31,19,68,14,28,42,110
06/12/2004,PKB,WV,AEA,CE,Federal Contract Tower,0,7,11,1,19,0,0,22,3,25,0,7,33,4,44,12,0,12,56
06/13/2004,PKB,WV,AEA,CE,Federal Contract Tower,0,5,12,6,23,0,0,49,5,54,0,5,61,11,77,40,34,74,151
06/14/2004,PKB,WV,AEA,CE,Federal Contract Tower,0,15,9,3,27,0,0,23,11,34,0,15,32,14,61,28,18,46,107
06/15/2004,PKB,WV,AEA,CE,Federal Contract Tower,0,19,22,0,41,0,0,35,12,47,0,19,57,12,88,28,4,32,120
06/16/2004,PKB,WV,AEA,CE,Federal Contract Tower,0,17,8,2,27,0,0,19,19,38,0,17,27,21,65,8,32,40,105
06/17/2004,PKB,WV,AEA,CE,Federal Contract Tower,0,15,16,2,33,0,0,52,40,92,0,15,68,42,125,16,70,86,211
06/18/2004,PKB,WV,AEA,CE,Federal Contract Tower,0,21,15,3,39,0,0,43,13,56,0,21,58,16,95,22,108,130,225
06/19/2004,PKB,WV,AEA,CE,Federal Contract Tower,0,7,14,1,22,0,0,51,12,63,0,7,65,13,85,114,100,214,299
06/20/2004,PKB,WV,AEA,CE,Federal Contract Tower,0,6,11,2,19,0,0,91,11,102,0,6,102,13,121,78,18,96,217
06/21/2004,PKB,WV,AEA,CE,Federal Contract Tower,0,14,11,6,31,0,0,37,5,42,0,14,48,11,73,12,32,44,117
06/22/2004,PKB,WV,AEA,CE,Federal Contract Tower,0,16,14,5,35,0,0,28,11,39,0,16,42,16,74,30,16,46,120
06/23/2004,PKB,WV,AEA,CE,Federal Contract Tower,0,18,19,4,41,0,0,45,5,50,0,18,64,9,91,52,12,64,155
06/24/2004,PKB,WV,AEA,CE,Federal Contract Tower,0,21,17,8,46,0,0,50,20,70,0,21,67,28,116,36,28,64,180
06/25/2004,PKB,WV,AEA,CE,Federal Contract Tower,0,15,25,0,40,0,0,30,6,36,0,15,55,6,76,12,0,12,88
06/26/2004,PKB,WV,AEA,CE,Federal Contract Tower,0,8,15,0,23,0,0,57,0,57,0,8,72,0,80,42,0,42,122
06/27/2004,PKB,WV,AEA,CE,Federal Contract Tower,0,6,16,0,22,0,2,102,2,106,0,8,118,2,128,94,0,94,222
06/28/2004,PKB,WV,AEA,CE,Federal Contract Tower,0,11,5,1,17,0,0,18,4,22,0,11,23,5,39,6,0,6,45
06/29/2004,PKB,WV,AEA,CE,Federal Contract Tower,0,18,24,1,43,0,0,55,12,67,0,18,79,13,110,58,84,142,252
06/30/2004,PKB,WV,AEA,CE,Federal Contract Tower,0,16,25,7,48,0,0,34,14,48,0,16,59,21,96,50,28,78,174
07/01/2004,PKB,WV,AEA,CE,Federal Contract Tower,0,18,23,0,41,0,0,48,11,59,0,18,71,11,100,76,8,84,184
07/02/2004,PKB,WV,AEA,CE,Federal Contract Tower,0,15,13,1,29,0,0,32,15,47,0,15,45,16,76,58,8,66,142
07/03/2004,PKB,WV,AEA,CE,Federal Contract Tower,0,9,11,0,20,0,0,39,5,44,0,9,50,5,64,64,6,70,134
07/04/2004,PKB,WV,AEA,CE,Federal Contract Tower,0,5,7,0,12,0,0,18,0,18,0,5,25,0,30,2,0,2,32
07/05/2004,PKB,WV,AEA,CE,Federal Contract Tower,0,7,8,2,17,0,0,34,3,37,0,7,42,5,54,0,2,2,56
07/06/2004,PKB,WV,AEA,CE,Federal Contract Tower,0,14,12,1,27,0,0,34,8,42,0,14,46,9,69,42,2,44,113
07/07/2004,PKB,WV,AEA,CE,Federal Contract Tower,0,17,8,3,28,0,0,44,11,55,0,17,52,14,83,48,16,64,147
07/08/2004,PKB,WV,AEA,CE,Federal Contract Tower,0,18,17,3,38,0,0,65,13,78,0,18,82,16,116,28,32,60,176
07/09/2004,PKB,WV,AEA,CE,Federal Contract Tower,0,15,25,3,43,0,0,62,18,80,0,15,87,21,123,54,30,84,207
07/10/2004,PKB,WV,AEA,CE,Federal Contract Tower,0,11,7,4,22,0,0,37,10,47,0,11,44,14,69,30,28,58,127
07/11/2004,PKB,WV,AEA,CE,Federal Contract Tower,0,6,14,5,25,0,0,28,10,38,0,6,42,15,63,26,18,44,107
07/12/2004,PKB,WV,AEA,CE,Federal Contract Tower,0,11,8,1,20,0,0,35,42,77,0,11,43,43,97,24,22,46,143
07/13/2004,PKB,WV,AEA,CE,Federal Contract Tower,0,18,15,3,36,0,0,57,12,69,0,18,72,15,105,26,6,32,137
07/14/2004,PKB,WV,AEA,CE,Federal Contract Tower,0,16,19,0,35,0,0,35,18,53,0,16,54,18,88,32,54,86,174
07/15/2004,PKB,WV,AEA,CE,Federal Contract Tower,0,18,25,0,43,0,0,64,8,72,0,18,89,8,115,52,10,62,177
07/16/2004,PKB,WV,AEA,CE,Federal Contract Tower,0,15,15,2,32,0,0,47,10,57,0,15,62,12,89,68,18,86,175
07/17/2004,PKB,WV,AEA,CE,Federal Contract Tower,0,8,11,0,19,0,0,23,8,31,0,8,34,8,50,24,34,58,108
07/18/2004,PKB,WV,AEA,CE,Federal Contract Tower,0,5,12,0,17,0,0,33,5,38,0,5,45,5,55,28,14,42,97
07/19/2004,PKB,WV,AEA,CE,Federal Contract Tower,0,13,10,1,24,0,0,14,3,17,0,13,24,4,41,52,0,52,93
07/20/2004,PKB,WV,AEA,CE,Federal Contract Tower,0,19,16,1,36,0,0,74,12,86,0,19,90,13,122,30,14,44,166
07/21/2004,PKB,WV,AEA,CE,Federal Contract Tower,0,22,10,6,38,0,1,39,6,46,0,23,49,12,84,48,18,66,150
07/22/2004,PKB,WV,AEA,CE,Federal Contract Tower,0,18,24,2,44,0,0,10,0,10,0,18,34,2,54,8,0,8,62
07/23/2004,PKB,WV,AEA,CE,Federal Contract Tower,0,15,21,0,36,0,0,14,0,14,0,15,35,0,50,20,0,20,70
07/24/2004,PKB,WV,AEA,CE,Federal Contract Tower,0,7,11,1,19,0,0,58,5,63,0,7,69,6,82,44,2,46,128
07/25/2004,PKB,WV,AEA,CE,Federal Contract Tower,0,6,10,2,18,0,0,43,0,43,0,6,53,2,61,28,6,34,95
07/26/2004,PKB,WV,AEA,CE,Federal Contract Tower,0,14,12,4,30,0,0,0,3,3,0,14,12,7,33,2,10,12,45
07/27/2004,PKB,WV,AEA,CE,Federal Contract Tower,0,16,20,5,41,0,0,8,3,11,0,16,28,8,52,18,36,54,106
07/28/2004,PKB,WV,AEA,CE,Federal Contract Tower,0,19,13,7,39,0,0,52,12,64,0,19,65,19,103,54,54,108,211
07/29/2004,PKB,WV,AEA,CE,Federal Contract Tower,0,16,25,6,47,0,0,86,16,102,0,16,111,22,149,90,36,126,275
07/30/2004,PKB,WV,AEA,CE,Federal Contract Tower,0,19,15,8,42,0,0,20,3,23,0,19,35,11,65,36,4,40,105
07/31/2004,PKB,WV,AEA,CE,Federal Contract Tower,0,3,17,0,20,0,0,9,0,9,0,3,26,0,29,16,0,16,45
08/01/2004,PKB,WV,AEA,CE,Federal Contract Tower,0,7,18,0,25,0,0,54,3,57,0,7,72,3,82,28,2,30,112
08/02/2004,PKB,WV,AEA,CE,Federal Contract Tower,0,15,11,2,28,0,0,54,2,56,0,15,65,4,84,44,0,44,128
08/03/2004,PKB,WV,AEA,CE,Federal Contract Tower,0,17,14,11,42,0,0,33,11,44,0,17,47,22,86,34,2,36,122
08/04/2004,PKB,WV,AEA,CE,Federal Contract Tower,0,17,20,2,39,0,0,28,4,32,0,17,48,6,71,30,2,32,103
08/05/2004,PKB,WV,AEA,CE,Federal Contract Tower,0,16,14,5,35,0,0,69,14,83,0,16,83,19,118,76,32,108,226
08/06/2004,PKB,WV,AEA,CE,Federal Contract Tower,0,16,20,0,36,0,0,66,6,72,0,16,86,6,108,68,4,72,180
08/07/2004,PKB,WV,AEA,CE,Federal Contract Tower,0,11,17,5,33,0,0,94,23,117,0,11,111,28,150,32,20,52,202
08/08/2004,PKB,WV,AEA,CE,Federal Contract Tower,0,9,41,6,56,0,0,23,15,38,0,9,64,21,94,60,44,104,198
08/09/2004,PKB,WV,AEA,CE,Federal Contract Tower,0,12,17,4,33,0,0,40,3,43,0,12,57,7,76,42,2,44,120
08/10/2004,PKB,WV,AEA,CE,Federal Contract Tower,0,17,16,3,36,0,0,13,6,19,0,17,29,9,55,8,2,10,65
08/11/2004,PKB,WV,AEA,CE,Federal Contract Tower,0,13,8,1,22,0,0,34,12,46,0,13,42,13,68,22,24,46,114
08/12/2004,PKB,WV,AEA,CE,Federal Contract Tower,0,17,21,10,48,0,0,20,4,24,0,17,41,14,72,10,8,18,90
08/13/2004,PKB,WV,AEA,CE,Federal Contract Tower,0,16,14,0,30,0,0,42,4,46,0,16,56,4,76,30,0,30,106
08/14/2004,PKB,WV,AEA,CE,Federal Contract Tower,0,8,8,4,20,0,0,109,4,113,0,8,117,8,133,50,0,50,183
08/15/2004,PKB,WV,AEA,CE,Federal Contract Tower,0,19,10,0,29,0,0,67,1,68,0,19,77,1,97,40,0,40,137
08/16/2004,PKB,WV,AEA,CE,Federal Contract Tower,0,13,13,9,35,0,0,28,3,31,0,13,41,12,66,2,2,4,70
08/17/2004,PKB,WV,AEA,CE,Federal Contract Tower,0,17,16,0,33,0,0,32,5,37,0,17,48,5,70,16,16,32,102
08/18/2004,PKB,WV,AEA,CE,Federal Contract Tower,0,20,18,5,43,0,0,35,5,40,0,20,53,10,83,26,14,40,123
08/19/2004,PKB,WV,AEA,CE,Federal Contract Tower,0,17,22,8,47,0,0,35,2,37,0,17,57,10,84,10,4,14,98
08/20/2004,PKB,WV,AEA,CE,Federal Contract Tower,0,19,23,2,44,0,0,30,1,31,0,19,53,3,75,20,4,24,99
08/21/2004,PKB,WV,AEA,CE,Federal Contract Tower,0,11,8,4,23,0,0,44,8,52,0,11,52,12,75,34,56,90,165
08/22/2004,PKB,WV,AEA,CE,Federal Contract Tower,0,8,11,2,21,0,0,83,5,88,0,8,94,7,109,64,14,78,187
08/23/2004,PKB,WV,AEA,CE,Federal Contract Tower,0,13,8,2,23,0,0,43,5,48,0,13,51,7,71,26,0,26,97
08/24/2004,PKB,WV,AEA,CE,Federal Contract Tower,0,17,26,0,43,0,0,45,2,47,0,17,71,2,90,44,12,56,146
08/25/2004,PKB,WV,AEA,CE,Federal Contract Tower,0,18,15,4,37,0,0,56,6,62,0,18,71,10,99,64,8,72,171
08/26/2004,PKB,WV,AEA,CE,Federal Contract Tower,0,16,19,3,38,0,0,53,9,62,0,16,72,12,100,74,12,86,186
08/27/2004,PKB,WV,AEA,CE,Federal Contract Tower,0,15,7,5,27,0,0,23,19,42,0,15,30,24,69,32,12,44,113
08/28/2004,PKB,WV,AEA,CE,Federal Contract Tower,0,8,12,2,22,0,0,36,12,48,0,8,48,14,70,24,6,30,100
08/29/2004,PKB,WV,AEA,CE,Federal Contract Tower,0,12,7,0,19,0,0,29,5,34,0,12,36,5,53,58,4,62,115
08/30/2004,PKB,WV,AEA,CE,Federal Contract Tower,0,12,13,3,28,0,0,0,0,0,0,12,13,3,28,4,0,4,32
08/31/2004,PKB,WV,AEA,CE,Federal Contract Tower,0,15,25,7,47,0,0,65,12,77,0,15,90,19,124,34,20,54,178
09/01/2004,PKB,WV,AEA,CE,Federal Contract Tower,0,16,17,5,38,0,0,55,15,70,0,16,72,20,108,50,28,78,186
09/02/2004,PKB,WV,AEA,CE,Federal Contract Tower,0,16,23,6,45,0,0,66,18,84,0,16,89,24,129,58,30,88,217
09/03/2004,PKB,WV,AEA,CE,Federal Contract Tower,0,17,16,0,33,0,0,37,9,46,0,17,53,9,79,52,14,66,145
09/04/2004,PKB,WV,AEA,CE,Federal Contract Tower,0,8,18,1,27,0,0,46,0,46,0,8,64,1,73,76,0,76,149
09/05/2004,PKB,WV,AEA,CE,Federal Contract Tower,0,6,13,3,22,0,0,22,0,22,0,6,35,3,44,0,0,0,44
09/06/2004,PKB,WV,AEA,CE,Federal Contract Tower,0,8,15,2,25,0,0,51,0,51,0,8,66,2,76,60,0,60,136
09/07/2004,PKB,WV,AEA,CE,Federal Contract Tower,0,16,13,3,32,0,0,38,5,43,0,16,51,8,75,22,0,22,97
09/08/2004,PKB,WV,AEA,CE,Federal Contract Tower,0,19,14,2,35,0,0,2,0,2,0,19,16,2,37,6,2,8,45
09/09/2004,PKB,WV,AEA,CE,Federal Contract Tower,0,17,27,0,44,0,0,47,8,55,0,17,74,8,99,38,10,48,147
09/10/2004,PKB,WV,AEA,CE,Federal Contract Tower,0,20,28,1,49,0,0,44,10,54,0,20,72,11,103,64,22,86,189
09/11/2004,PKB,WV,AEA,CE,Federal Contract Tower,0,7,16,6,29,0,0,67,16,83,0,7,83,22,112,80,62,142,254
09/12/2004,PKB,WV,AEA,CE,Federal Contract Tower,0,6,9,2,17,0,0,51,12,63,0,6,60,14,80,22,18,40,120
09/13/2004,PKB,WV,AEA,CE,Federal Contract Tower,0,12,12,2,26,0,0,30,5,35,0,12,42,7,61,10,0,10,71
09/14/2004,PKB,WV,AEA,CE,Federal Contract Tower,0,15,16,0,31,0,0,50,15,65,0,15,66,15,96,42,10,52,148
09/15/2004,PKB,WV,AEA,CE,Federal Contract Tower,0,19,18,17,54,0,0,60,20,80,0,19,78,37,134,42,58,100,234
09/16/2004,PKB,WV,AEA,CE,Federal Contract Tower,0,16,12,8,36,0,0,66,11,77,0,16,78,19,113,30,2,32,145
09/17/2004,PKB,WV,AEA,CE,Federal Contract Tower,0,18,4,7,29,0,0,1,0,1,0,18,5,7,30,2,2,4,34
09/18/2004,PKB,WV,AEA,CE,Federal Contract Tower,0,8,8,0,16,0,0,46,18,64,0,8,54,18,80,38,2,40,120
09/19/2004,PKB,WV,AEA,CE,Federal Contract Tower,0,9,6,0,15,0,0,114,5,119,0,9,120,5,134,92,4,96,230
09/20/2004,PKB,WV,AEA,CE,Federal Contract Tower,0,15,19,18,52,0,0,96,12,108,0,15,115,30,160,74,16,90,250
09/21/2004,PKB,WV,AEA,CE,Federal Contract Tower,0,17,28,5,50,0,0,69,29,98,0,17,97,34,148,94,58,152,300
09/22/2004,PKB,WV,AEA,CE,Federal Contract Tower,0,18,16,8,42,0,0,61,18,79,0,18,77,26,121,98,28,126,247
09/23/2004,PKB,WV,AEA,CE,Federal Contract Tower,0,15,25,8,48,0,0,60,6,66,0,15,85,14,114,64,16,80,194
09/24/2004,PKB,WV,AEA,CE,Federal Contract Tower,2,14,17,4,37,0,0,31,16,47,2,14,48,20,84,70,0,70,154
09/25/2004,PKB,WV,AEA,CE,Federal Contract Tower,1,7,11,3,22,0,0,109,2,111,1,7,120,5,133,98,0,98,231
09/26/2004,PKB,WV,AEA,CE,Federal Contract Tower,1,8,8,6,23,0,0,108,5,113,1,8,116,11,136,40,4,44,180
09/27/2004,PKB,WV,AEA,CE,Federal Contract Tower,0,13,12,1,26,0,0,47,11,58,0,13,59,12,84,44,20,64,148
09/28/2004,PKB,WV,AEA,CE,Federal Contract Tower,0,19,23,6,48,0,0,29,15,44,0,19,52,21,92,14,28,42,134
09/29/2004,PKB,WV,AEA,CE,Federal Contract Tower,0,20,24,4,48,0,0,55,17,72,0,20,79,21,120,50,38,88,208
09/30/2004,PKB,WV,AEA,CE,Federal Contract Tower,0,17,20,4,41,0,0,69,17,86,0,17,89,21,127,52,52,104,231
10/01/2004,PKB,WV,AEA,CE,Federal Contract Tower,0,14,24,0,38,0,0,39,3,42,0,14,63,3,80,86,0,86,166
10/02/2004,PKB,WV,AEA,CE,Federal Contract Tower,0,8,7,2,17,0,0,14,1,15,0,8,21,3,32,0,0,0,32
10/03/2004,PKB,WV,AEA,CE,Federal Contract Tower,0,6,13,2,21,0,0,65,8,73,0,6,78,10,94,52,10,62,156
10/04/2004,PKB,WV,AEA,CE,Federal Contract Tower,0,13,10,0,23,0,0,43,8,51,0,13,53,8,74,38,6,44,118
10/05/2004,PKB,WV,AEA,CE,Federal Contract Tower,0,18,18,0,36,0,0,44,14,58,0,18,62,14,94,42,26,68,162
10/06/2004,PKB,WV,AEA,CE,Federal Contract Tower,0,15,27,4,46,0,0,69,25,94,0,15,96,29,140,46,36,82,222
10/07/2004,PKB,WV,AEA,CE,Federal Contract Tower,0,15,32,1,48,0,0,49,8,57,0,15,81,9,105,32,18,50,155
10/08/2004,PKB,WV,AEA,CE,Federal Contract Tower,0,15,20,0,35,0,0,52,6,58,0,15,72,6,93,52,6,58,151
10/09/2004,PKB,WV,AEA,CE,Federal Contract Tower,0,8,6,0,14,0,0,51,1,52,0,8,57,1,66,28,0,28,94
10/10/2004,PKB,WV,AEA,CE,Federal Contract Tower,0,6,13,0,19,0,0,50,2,52,0,6,63,2,71,30,0,30,101
10/11/2004,PKB,WV,AEA,CE,Federal Contract Tower,0,13,14,0,27,0,0,45,2,47,0,13,59,2,74,64,0,64,138
10/12/2004,PKB,WV,AEA,CE,Federal Contract Tower,0,15,15,2,32,0,0,61,5,66,0,15,76,7,98,64,12,76,174
10/13/2004,PKB,WV,AEA,CE,Federal Contract Tower,0,18,10,2,30,0,0,34,0,34,0,18,44,2,64,18,0,18,82
10/14/2004,PKB,WV,AEA,CE,Federal Contract Tower,0,20,15,0,35,0,0,10,0,10,0,20,25,0,45,14,0,14,59
10/15/2004,PKB,WV,AEA,CE,Federal Contract Tower,0,15,14,0,29,0,0,9,4,13,0,15,23,4,42,0,0,0,42
10/16/2004,PKB,WV,AEA,CE,Federal Contract Tower,0,8,15,0,23,0,0,17,1,18,0,8,32,1,41,18,0,18,59
10/17/2004,PKB,WV,AEA,CE,Federal Contract Tower,0,9,8,0,17,0,0,36,3,39,0,9,44,3,56,14,0,14,70
10/18/2004,PKB,WV,AEA,CE,Federal Contract Tower,0,13,3,0,16,0,0,23,2,25,0,13,26,2,41,30,0,30,71
10/19/2004,PKB,WV,AEA,CE,Federal Contract Tower,0,16,20,0,36,0,0,2,0,2,0,16,22,0,38,10,0,10,48
10/20/2004,PKB,WV,AEA,CE,Federal Contract Tower,0,19,18,18,55,0,0,3,0,3,0,19,21,18,58,14,12,26,84
10/21/2004,PKB,WV,AEA,CE,Federal Contract Tower,0,20,23,2,45,0,0,16,4,20,0,20,39,6,65,20,0,20,85
10/22/2004,PKB,WV,AEA,CE,Federal Contract Tower,0,17,27,8,52,0,0,51,16,67,0,17,78,24,119,46,84,130,249
10/23/2004,PKB,WV,AEA,CE,Federal Contract Tower,0,12,8,0,20,0,0,70,12,82,0,12,78,12,102,92,40,132,234
10/24/2004,PKB,WV,AEA,CE,Federal Contract Tower,0,7,16,0,23,0,0,30,0,30,0,7,46,0,53,34,0,34,87
10/25/2004,PKB,WV,AEA,CE,Federal Contract Tower,0,12,10,0,22,0,0,51,2,53,0,12,61,2,75,48,0,48,123
10/26/2004,PKB,WV,AEA,CE,Federal Contract Tower,0,19,10,0,29,0,0,72,2,74,0,19,82,2,103,86,20,106,209
10/27/2004,PKB,WV,AEA,CE,Federal Contract Tower,0,16,25,2,43,0,0,9,4,13,0,16,34,6,56,10,84,94,150
10/28/2004,PKB,WV,AEA,CE,Federal Contract Tower,0,15,27,8,50,0,0,49,10,59,0,15,76,18,109,46,26,72,181
10/29/2004,PKB,WV,AEA,CE,Federal Contract Tower,0,17,17,8,42,0,0,9,3,12,0,17,26,11,54,0,8,8,62
10/30/2004,PKB,WV,AEA,CE,Federal Contract Tower,1,8,1,0,10,0,0,11,2,13,1,8,12,2,23,0,0,0,23
10/31/2004,PKB,WV,AEA,CE,Federal Contract Tower,0,6,9,0,15,0,0,42,0,42,0,6,51,0,57,26,0,26,83
11/01/2004,PKB,WV,AEA,CE,Federal Contract Tower,0,15,14,9,38,0,0,23,5,28,0,15,37,14,66,22,22,44,110
11/02/2004,PKB,WV,AEA,CE,Federal Contract Tower,0,17,21,2,40,0,0,30,11,41,0,17,51,13,81,28,42,70,151
11/03/2004,PKB,WV,AEA,CE,Federal Contract Tower,0,22,21,2,45,0,0,49,14,63,0,22,70,16,108,62,36,98,206
11/04/2004,PKB,WV,AEA,CE,Federal Contract Tower,0,18,20,0,38,0,0,25,0,25,0,18,45,0,63,4,0,4,67
11/05/2004,PKB,WV,AEA,CE,Federal Contract Tower,0,14,15,2,31,0,1,35,18,54,0,15,50,20,85,34,88,122,207
11/06/2004,PKB,WV,AEA,CE,Federal Contract Tower,0,8,9,0,17,0,0,44,8,52,0,8,53,8,69,64,22,86,155
11/07/2004,PKB,WV,AEA,CE,Federal Contract Tower,0,6,11,4,21,0,0,105,20,125,0,6,116,24,146,54,56,110,256
11/08/2004,PKB,WV,AEA,CE,Federal Contract Tower,0,13,18,6,37,0,0,35,4,39,0,13,53,10,76,54,26,80,156
11/09/2004,PKB,WV,AEA,CE,Federal Contract Tower,0,21,20,5,46,0,0,54,13,67,0,21,74,18,113,42,46,88,201
11/10/2004,PKB,WV,AEA,CE,Federal Contract Tower,0,17,11,9,37,0,0,61,27,88,0,17,72,36,125,38,42,80,205
11/11/2004,PKB,WV,AEA,CE,Federal Contract Tower,0,17,32,4,53,0,0,41,6,47,0,17,73,10,100,38,12,50,150
11/12/2004,PKB,WV,AEA,CE,Federal Contract Tower,0,18,11,4,33,0,0,2,0,2,0,18,13,4,35,2,2,4,39
11/13/2004,PKB,WV,AEA,CE,Federal Contract Tower,0,10,19,0,29,0,0,78,0,78,0,10,97,0,107,56,0,56,163
11/14/2004,PKB,WV,AEA,CE,Federal Contract Tower,0,6,14,1,21,0,0,74,3,77,0,6,88,4,98,68,0,68,166
11/15/2004,PKB,WV,AEA,CE,Federal Contract Tower,0,13,18,0,31,0,0,37,5,42,0,13,55,5,73,46,20,66,139
11/16/2004,PKB,WV,AEA,CE,Federal Contract Tower,0,17,20,2,39,0,0,58,8,66,0,17,78,10,105,102,0,102,207
11/17/2004,PKB,WV,AEA,CE,Federal Contract Tower,0,18,22,4,44,0,0,51,17,68,0,18,73,21,112,44,74,118,230
11/18/2004,PKB,WV,AEA,CE,Federal Contract Tower,0,23,16,0,39,0,0,10,0,10,0,23,26,0,49,4,0,4,53
11/19/2004,PKB,WV,AEA,CE,Federal Contract Tower,0,16,19,13,48,0,0,3,7,10,0,16,22,20,58,6,104,110,168
11/20/2004,PKB,WV,AEA,CE,Federal Contract Tower,0,6,15,14,35,0,0,40,10,50,0,6,55,24,85,24,60,84,169
11/21/2004,PKB,WV,AEA,CE,Federal Contract Tower,0,8,18,8,34,0,0,21,6,27,0,8,39,14,61,16,62,78,139
11/22/2004,PKB,WV,AEA,CE,Federal Contract Tower,0,15,14,0,29,0,0,9,0,9,0,15,23,0,38,4,0,4,42
11/23/2004,PKB,WV,AEA,CE,Federal Contract Tower,0,11,14,4,29,0,0,20,7,27,0,11,34,11,56,28,2,30,86
11/24/2004,PKB,WV,AEA,CE,Federal Contract Tower,0,16,9,0,25,0,0,19,0,19,0,16,28,0,44,6,0,6,50
11/25/2004,PKB,WV,AEA,CE,Federal Contract Tower,0,8,0,0,8,0,0,15,0,15,0,8,15,0,23,6,0,6,29
11/26/2004,PKB,WV,AEA,CE,Federal Contract Tower,0,10,11,0,21,0,0,38,0,38,0,10,49,0,59,40,0,40,99
11/27/2004,PKB,WV,AEA,CE,Federal Contract Tower,0,11,4,0,15,0,0,42,0,42,0,11,46,0,57,16,0,16,73
11/28/2004,PKB,WV,AEA,CE,Federal Contract Tower,0,7,14,0,21,0,0,24,2,26,0,7,38,2,47,38,0,38,85
11/29/2004,PKB,WV,AEA,CE,Federal Contract Tower,0,14,10,4,28,0,0,39,1,40,0,14,49,5,68,10,0,10,78
11/30/2004,PKB,WV,AEA,CE,Federal Contract Tower,0,18,17,1,36,0,0,40,5,45,0,18,57,6,81,50,0,50,131
12/01/2004,PKB,WV,AEA,CE,Federal Contract Tower,0,18,15,0,33,0,0,34,6,40,0,18,49,6,73,46,48,94,167
12/02/2004,PKB,WV,AEA,CE,Federal Contract Tower,0,17,23,1,41,0,0,51,7,58,0,17,74,8,99,46,4,50,149
12/03/2004,PKB,WV,AEA,CE,Federal Contract Tower,0,18,8,5,31,0,0,33,10,43,0,18,41,15,74,10,2,12,86
12/04/2004,PKB,WV,AEA,CE,Federal Contract Tower,0,8,8,0,16,0,0,31,12,43,0,8,39,12,59,42,44,86,145
12/05/2004,PKB,WV,AEA,CE,Federal Contract Tower,0,6,20,2,28,0,0,75,8,83,0,6,95,10,111,62,28,90,201
12/06/2004,PKB,WV,AEA,CE,Federal Contract Tower,0,15,12,0,27,0,0,4,2,6,0,15,16,2,33,0,0,0,33
12/07/2004,PKB,WV,AEA,CE,Federal Contract Tower,0,19,7,0,26,0,0,13,2,15,0,19,20,2,41,2,4,6,47
12/08/2004,PKB,WV,AEA,CE,Federal Contract Tower,0,20,16,0,36,0,0,52,9,61,0,20,68,9,97,52,0,52,149
12/09/2004,PKB,WV,AEA,CE,Federal Contract Tower,0,16,22,8,46,0,0,34,8,42,0,16,56,16,88,24,14,38,126
12/10/2004,PKB,WV,AEA,CE,Federal Contract Tower,0,22,14,2,38,0,0,7,3,10,0,22,21,5,48,10,0,10,58
12/11/2004,PKB,WV,AEA,CE,Federal Contract Tower,0,8,3,0,11,0,0,3,0,3,0,8,6,0,14,0,0,0,14
12/12/2004,PKB,WV,AEA,CE,Federal Contract Tower,0,8,6,0,14,0,0,6,0,6,0,8,12,0,20,2,0,2,22
12/13/2004,PKB,WV,AEA,CE,Federal Contract Tower,0,15,2,0,17,0,0,9,0,9,0,15,11,0,26,4,0,4,30
12/14/2004,PKB,WV,AEA,CE,Federal Contract Tower,0,19,6,3,28,0,0,16,2,18,0,19,22,5,46,0,4,4,50
12/15/2004,PKB,WV,AEA,CE,Federal Contract Tower,0,19,12,2,33,0,0,45,6,51,0,19,57,8,84,22,14,36,120
12/16/2004,PKB,WV,AEA,CE,Federal Contract Tower,0,21,15,3,39,0,0,46,9,55,0,21,61,12,94,44,16,60,154
12/17/2004,PKB,WV,AEA,CE,Federal Contract Tower,0,18,12,0,30,0,0,41,9,50,0,18,53,9,80,26,12,38,118
12/18/2004,PKB,WV,AEA,CE,Federal Contract Tower,0,7,11,0,18,0,0,37,0,37,0,7,48,0,55,18,0,18,73
12/19/2004,PKB,WV,AEA,CE,Federal Contract Tower,0,5,2,0,7,0,0,0,0,0,0,5,2,0,7,0,0,0,7
12/20/2004,PKB,WV,AEA,CE,Federal Contract Tower,0,10,5,4,19,0,0,25,14,39,0,10,30,18,58,14,0,14,72
12/21/2004,PKB,WV,AEA,CE,Federal Contract Tower,0,22,15,2,39,0,0,22,13,35,0,22,37,15,74,18,2,20,94
12/22/2004,PKB,WV,AEA,CE,Federal Contract Tower,0,26,14,0,40,0,0,34,5,39,0,26,48,5,79,40,2,42,121
12/23/2004,PKB,WV,AEA,CE,Federal Contract Tower,0,16,5,0,21,0,0,11,0,11,0,16,16,0,32,0,0,0,32
12/24/2004,PKB,WV,AEA,CE,Federal Contract Tower,0,21,9,0,30,0,0,13,0,13,0,21,22,0,43,2,0,2,45
12/25/2004,PKB,WV,AEA,CE,Federal Contract Tower,0,6,3,0,9,0,0,6,0,6,0,6,9,0,15,2,0,2,17
12/26/2004,PKB,WV,AEA,CE,Federal Contract Tower,0,6,8,0,14,0,0,12,0,12,0,6,20,0,26,4,0,4,30
12/27/2004,PKB,WV,AEA,CE,Federal Contract Tower,0,13,13,0,26,0,0,29,0,29,0,13,42,0,55,32,0,32,87
12/28/2004,PKB,WV,AEA,CE,Federal Contract Tower,0,17,13,0,30,0,0,44,1,45,0,17,57,1,75,42,0,42,117
12/29/2004,PKB,WV,AEA,CE,Federal Contract Tower,0,16,15,1,32,0,0,49,2,51,0,16,64,3,83,30,0,30,113
12/30/2004,PKB,WV,AEA,CE,Federal Contract Tower,0,18,13,0,31,0,0,51,0,51,0,18,64,0,82,34,0,34,116
12/31/2004,PKB,WV,AEA,CE,Federal Contract Tower,0,14,3,0,17,0,0,11,0,11,0,14,14,0,28,0,0,0,28
01/01/2005,PKB,WV,AEA,CE,Federal Contract Tower,0,6,6,0,12,0,0,3,0,3,0,6,9,0,15,4,0,4,19
01/02/2005,PKB,WV,AEA,CE,Federal Contract Tower,0,10,7,0,17,0,0,16,0,16,0,10,23,0,33,18,0,18,51
01/03/2005,PKB,WV,AEA,CE,Federal Contract Tower,0,15,4,0,19,0,0,3,0,3,0,15,7,0,22,2,0,2,24
01/04/2005,PKB,WV,AEA,CE,Federal Contract Tower,0,15,9,0,24,0,0,2,0,2,0,15,11,0,26,8,0,8,34
01/05/2005,PKB,WV,AEA,CE,Federal Contract Tower,0,16,10,0,26,0,0,4,1,5,0,16,14,1,31,6,28,34,65
01/06/2005,PKB,WV,AEA,CE,Federal Contract Tower,0,18,8,0,26,0,0,11,0,11,0,18,19,0,37,8,0,8,45
01/07/2005,PKB,WV,AEA,CE,Federal Contract Tower,0,17,8,0,25,0,0,38,11,49,0,17,46,11,74,22,20,42,116
01/08/2005,PKB,WV,AEA,CE,Federal Contract Tower,0,7,3,0,10,0,0,10,7,17,0,7,13,7,27,2,24,26,53
01/09/2005,PKB,WV,AEA,CE,Federal Contract Tower,0,6,9,0,15,0,0,71,7,78,0,6,80,7,93,16,0,16,109
01/10/2005,PKB,WV,AEA,CE,Federal Contract Tower,0,13,8,4,25,0,0,26,8,34,0,13,34,12,59,24,0,24,83
01/11/2005,PKB,WV,AEA,CE,Federal Contract Tower,0,15,12,0,27,0,0,15,0,15,0,15,27,0,42,2,0,2,44
01/12/2005,PKB,WV,AEA,CE,Federal Contract Tower,0,19,17,4,40,0,0,10,4,14,0,19,27,8,54,14,14,28,82
01/13/2005,PKB,WV,AEA,CE,Federal Contract Tower,0,16,12,2,30,0,0,10,5,15,0,16,22,7,45,4,8,12,57
01/14/2005,PKB,WV,AEA,CE,Federal Contract Tower,0,16,6,4,26,0,0,27,9,36,0,16,33,13,62,28,0,28,90
01/15/2005,PKB,WV,AEA,CE,Federal Contract Tower,0,6,6,2,14,0,0,65,5,70,0,6,71,7,84,4,0,4,88
01/16/2005,PKB,WV,AEA,CE,Federal Contract Tower,0,6,7,0,13,0,0,5,0,5,0,6,12,0,18,0,0,0,18
01/17/2005,PKB,WV,AEA,CE,Federal Contract Tower,0,13,5,0,18,0,0,27,3,30,0,13,32,3,48,16,16,32,80
01/18/2005,PKB,WV,AEA,CE,Federal Contract Tower,0,14,12,1,27,0,0,28,4,32,0,14,40,5,59,16,2,18,77
01/19/2005,PKB,WV,AEA,CE,Federal Contract Tower,0,13,6,3,22,0,0,10,0,10,0,13,16,3,32,0,0,0,32
01/20/2005,PKB,WV,AEA,CE,Federal Contract Tower,0,16,7,0,23,0,0,3,4,7,0,16,10,4,30,0,0,0,30
01/21/2005,PKB,WV,AEA,CE,Federal Contract Tower,0,14,7,3,24,0,0,33,3,36,0,14,40,6,60,0,4,4,64
01/22/2005,PKB,WV,AEA,CE,Federal Contract Tower,0,0,0,0,0,0,0,0,0,0,0,0,0,0,0,0,0,0,0
01/23/2005,PKB,WV,AEA,CE,Federal Contract Tower,0,6,4,4,14,0,0,8,7,15,0,6,12,11,29,0,42,42,71
01/24/2005,PKB,WV,AEA,CE,Federal Contract Tower,0,13,14,2,29,0,0,21,11,32,0,13,35,13,61,24,12,36,97
01/25/2005,PKB,WV,AEA,CE,Federal Contract Tower,0,15,15,14,44,0,0,50,11,61,0,15,65,25,105,40,30,70,175
01/26/2005,PKB,WV,AEA,CE,Federal Contract Tower,0,18,10,6,34,0,0,21,9,30,0,18,31,15,64,32,62,94,158
01/27/2005,PKB,WV,AEA,CE,Federal Contract Tower,0,16,5,0,21,0,0,32,2,34,0,16,37,2,55,4,0,4,59
01/28/2005,PKB,WV,AEA,CE,Federal Contract Tower,0,18,4,2,24,0,0,45,9,54,0,18,49,11,78,10,10,20,98
01/29/2005,PKB,WV,AEA,CE,Federal Contract Tower,0,5,11,0,16,0,0,19,0,19,0,5,30,0,35,10,0,10,45
01/30/2005,PKB,WV,AEA,CE,Federal Contract Tower,0,6,5,0,11,0,0,7,0,7,0,6,12,0,18,14,0,14,32
01/31/2005,PKB,WV,AEA,CE,Federal Contract Tower,0,12,7,2,21,0,0,27,6,33,0,12,34,8,54,42,12,54,108
02/01/2005,PKB,WV,AEA,CE,Federal Contract Tower,0,16,9,1,26,0,0,66,2,68,0,16,75,3,94,78,0,78,172
02/02/2005,PKB,WV,AEA,CE,Federal Contract Tower,0,18,7,7,32,0,0,32,12,44,0,18,39,19,76,18,62,80,156
02/03/2005,PKB,WV,AEA,CE,Federal Contract Tower,0,16,4,6,26,0,0,10,2,12,0,16,14,8,38,6,0,6,44
02/04/2005,PKB,WV,AEA,CE,Federal Contract Tower,0,11,12,3,26,0,0,41,9,50,0,11,53,12,76,24,130,154,230
02/05/2005,PKB,WV,AEA,CE,Federal Contract Tower,0,7,9,3,19,0,0,131,19,150,0,7,140,22,169,68,106,174,343
02/06/2005,PKB,WV,AEA,CE,Federal Contract Tower,0,6,13,3,22,0,0,53,7,60,0,6,66,10,82,20,32,52,134
02/07/2005,PKB,WV,AEA,CE,Federal Contract Tower,0,12,11,4,27,0,0,28,10,38,0,12,39,14,65,32,20,52,117
02/08/2005,PKB,WV,AEA,CE,Federal Contract Tower,0,19,32,20,71,0,0,22,0,22,0,19,54,20,93,4,8,12,105
02/09/2005,PKB,WV,AEA,CE,Federal Contract Tower,0,12,6,2,20,0,0,1,8,9,0,12,7,10,29,0,52,52,81
02/10/2005,PKB,WV,AEA,CE,Federal Contract Tower,0,16,10,2,28,0,0,14,4,18,0,16,24,6,46,6,26,32,78
02/11/2005,PKB,WV,AEA,CE,Federal Contract Tower,0,14,14,1,29,0,0,13,10,23,0,14,27,11,52,0,34,34,86
02/12/2005,PKB,WV,AEA,CE,Federal Contract Tower,0,8,14,8,30,0,0,29,7,36,0,8,43,15,66,22,4,26,92
02/13/2005,PKB,WV,AEA,CE,Federal Contract Tower,0,8,9,0,17,0,0,29,1,30,0,8,38,1,47,10,0,10,57
02/14/2005,PKB,WV,AEA,CE,Federal Contract Tower,0,13,8,0,21,0,0,6,0,6,0,13,14,0,27,4,0,4,31
02/15/2005,PKB,WV,AEA,CE,Federal Contract Tower,0,17,21,6,44,0,0,49,5,54,0,17,70,11,98,42,12,54,152
02/16/2005,PKB,WV,AEA,CE,Federal Contract Tower,0,17,10,4,31,0,0,30,4,34,0,17,40,8,65,18,6,24,89
02/17/2005,PKB,WV,AEA,CE,Federal Contract Tower,0,16,15,4,35,0,0,9,7,16,0,16,24,11,51,20,2,22,73
02/18/2005,PKB,WV,AEA,CE,Federal Contract Tower,0,16,9,1,26,0,0,13,4,17,0,16,22,5,43,8,10,18,61
02/19/2005,PKB,WV,AEA,CE,Federal Contract Tower,0,10,9,1,20,0,0,52,0,52,0,10,61,1,72,16,0,16,88
02/20/2005,PKB,WV,AEA,CE,Federal Contract Tower,0,7,2,1,10,0,0,2,0,2,0,7,4,1,12,0,0,0,12
02/21/2005,PKB,WV,AEA,CE,Federal Contract Tower,0,14,15,0,29,0,0,3,0,3,0,14,18,0,32,10,0,10,42
02/22/2005,PKB,WV,AEA,CE,Federal Contract Tower,0,15,16,2,33,0,0,39,1,40,0,15,55,3,73,16,0,16,89
02/23/2005,PKB,WV,AEA,CE,Federal Contract Tower,0,19,24,2,45,0,0,47,22,69,0,19,71,24,114,46,24,70,184
02/24/2005,PKB,WV,AEA,CE,Federal Contract Tower,0,15,7,1,23,0,0,5,0,5,0,15,12,1,28,0,0,0,28
02/25/2005,PKB,WV,AEA,CE,Federal Contract Tower,0,13,10,2,25,0,0,20,5,25,0,13,30,7,50,6,6,12,62
02/26/2005,PKB,WV,AEA,CE,Federal Contract Tower,0,7,13,3,23,0,0,36,4,40,0,7,49,7,63,24,20,44,107
02/27/2005,PKB,WV,AEA,CE,Federal Contract Tower,0,5,5,0,10,0,0,82,4,86,0,5,87,4,96,32,14,46,142
02/28/2005,PKB,WV,AEA,CE,Federal Contract Tower,0,15,1,0,16,0,0,5,0,5,0,15,6,0,21,0,0,0,21
03/01/2005,PKB,WV,AEA,CE,Federal Contract Tower,0,15,2,2,19,0,0,0,0,0,0,15,2,2,19,0,0,0,19
03/02/2005,PKB,WV,AEA,CE,Federal Contract Tower,0,13,9,4,26,0,0,32,10,42,0,13,41,14,68,8,8,16,84
03/03/2005,PKB,WV,AEA,CE,Federal Contract Tower,0,16,12,0,28,0,0,49,15,64,0,16,61,15,92,28,12,40,132
03/04/2005,PKB,WV,AEA,CE,Federal Contract Tower,0,17,10,6,33,0,0,15,0,15,0,17,25,6,48,6,20,26,74
03/05/2005,PKB,WV,AEA,CE,Federal Contract Tower,0,10,3,5,18,0,0,14,9,23,0,10,17,14,41,0,56,56,97
03/06/2005,PKB,WV,AEA,CE,Federal Contract Tower,0,6,9,2,17,0,0,22,5,27,0,6,31,7,44,28,8,36,80
03/07/2005,PKB,WV,AEA,CE,Federal Contract Tower,0,12,13,4,29,0,0,6,0,6,0,12,19,4,35,8,0,8,43
03/08/2005,PKB,WV,AEA,CE,Federal Contract Tower,0,15,9,1,25,0,0,38,2,40,0,15,47,3,65,20,0,20,85
03/09/2005,PKB,WV,AEA,CE,Federal Contract Tower,0,16,27,6,49,0,0,65,21,86,0,16,92,27,135,72,62,134,269
03/10/2005,PKB,WV,AEA,CE,Federal Contract Tower,0,18,9,2,29,0,0,36,5,41,0,18,45,7,70,14,4,18,88
03/11/2005,PKB,WV,AEA,CE,Federal Contract Tower,0,19,11,0,30,0,0,15,2,17,0,19,26,2,47,2,0,2,49
03/12/2005,PKB,WV,AEA,CE,Federal Contract Tower,0,8,8,0,16,0,0,13,0,13,0,8,21,0,29,8,0,8,37
03/13/2005,PKB,WV,AEA,CE,Federal Contract Tower,0,6,4,0,10,0,0,41,0,41,0,6,45,0,51,26,0,26,77
03/14/2005,PKB,WV,AEA,CE,Federal Contract Tower,0,13,7,2,22,0,0,43,6,49,0,13,50,8,71,12,14,26,97
03/15/2005,PKB,WV,AEA,CE,Federal Contract Tower,0,18,32,0,50,0,0,61,9,70,0,18,93,9,120,44,14,58,178
03/16/2005,PKB,WV,AEA,CE,Federal Contract Tower,0,18,11,6,35,0,0,67,11,78,0,18,78,17,113,54,12,66,179
03/17/2005,PKB,WV,AEA,CE,Federal Contract Tower,0,16,17,4,37,0,0,41,1,42,0,16,58,5,79,38,2,40,119
03/18/2005,PKB,WV,AEA,CE,Federal Contract Tower,0,13,8,2,23,0,0,56,11,67,0,13,64,13,90,18,6,24,114
03/19/2005,PKB,WV,AEA,CE,Federal Contract Tower,0,8,11,0,19,0,0,49,2,51,0,8,60,2,70,18,0,18,88
03/20/2005,PKB,WV,AEA,CE,Federal Contract Tower,0,8,3,0,11,0,0,19,0,19,0,8,22,0,30,26,0,26,56
03/21/2005,PKB,WV,AEA,CE,Federal Contract Tower,0,14,13,1,28,0,0,28,4,32,0,14,41,5,60,20,6,26,86
03/22/2005,PKB,WV,AEA,CE,Federal Contract Tower,0,15,31,1,47,0,0,61,11,72,0,15,92,12,119,30,16,46,165
03/23/2005,PKB,WV,AEA,CE,Federal Contract Tower,0,16,23,2,41,0,0,10,0,10,0,16,33,2,51,18,0,18,69
03/24/2005,PKB,WV,AEA,CE,Federal Contract Tower,0,18,19,2,39,0,0,13,5,18,0,18,32,7,57,0,6,6,63
03/25/2005,PKB,WV,AEA,CE,Federal Contract Tower,0,16,12,6,34,0,0,8,0,8,0,16,20,6,42,0,0,0,42
03/26/2005,PKB,WV,AEA,CE,Federal Contract Tower,0,7,17,0,24,0,0,43,0,43,0,7,60,0,67,24,0,24,91
03/27/2005,PKB,WV,AEA,CE,Federal Contract Tower,0,7,7,0,14,0,0,7,0,7,0,7,14,0,21,6,0,6,27
03/28/2005,PKB,WV,AEA,CE,Federal Contract Tower,0,14,4,0,18,0,0,0,0,0,0,14,4,0,18,0,0,0,18
03/29/2005,PKB,WV,AEA,CE,Federal Contract Tower,0,15,25,3,43,0,0,61,8,69,0,15,86,11,112,64,6,70,182
03/30/2005,PKB,WV,AEA,CE,Federal Contract Tower,0,16,15,7,38,0,0,83,7,90,0,16,98,14,128,56,22,78,206
03/31/2005,PKB,WV,AEA,CE,Federal Contract Tower,0,16,18,4,38,0,0,20,7,27,0,16,38,11,65,10,6,16,81
04/01/2005,PKB,WV,AEA,CE,Federal Contract Tower,0,16,17,7,40,0,0,50,13,63,0,16,67,20,103,40,44,84,187
04/02/2005,PKB,WV,AEA,CE,Federal Contract Tower,0,7,9,2,18,0,0,1,0,1,0,7,10,2,19,0,32,32,51
04/03/2005,PKB,WV,AEA,CE,Federal Contract Tower,0,6,9,5,20,0,0,29,18,47,0,6,38,23,67,28,52,80,147
04/04/2005,PKB,WV,AEA,CE,Federal Contract Tower,0,12,18,8,38,0,0,51,8,59,0,12,69,16,97,38,14,52,149
04/05/2005,PKB,WV,AEA,CE,Federal Contract Tower,2,16,12,4,34,0,0,35,4,39,2,16,47,8,73,30,0,30,103
04/06/2005,PKB,WV,AEA,CE,Federal Contract Tower,0,16,19,11,46,0,0,97,13,110,0,16,116,24,156,70,22,92,248
04/07/2005,PKB,WV,AEA,CE,Federal Contract Tower,0,16,23,7,46,0,0,23,9,32,0,16,46,16,78,18,14,32,110
04/08/2005,PKB,WV,AEA,CE,Federal Contract Tower,0,17,11,7,35,0,0,30,2,32,0,17,41,9,67,22,8,30,97
04/09/2005,PKB,WV,AEA,CE,Federal Contract Tower,0,6,8,0,14,0,0,123,8,131,0,6,131,8,145,128,0,128,273
04/10/2005,PKB,WV,AEA,CE,Federal Contract Tower,0,6,6,2,14,0,0,55,0,55,0,6,61,2,69,44,4,48,117
04/11/2005,PKB,WV,AEA,CE,Federal Contract Tower,0,15,15,4,34,0,0,43,7,50,0,15,58,11,84,50,12,62,146
04/12/2005,PKB,WV,AEA,CE,Federal Contract Tower,0,26,20,10,56,0,0,39,9,48,0,26,59,19,104,6,6,12,116
04/13/2005,PKB,WV,AEA,CE,Federal Contract Tower,0,23,17,2,42,0,0,42,11,53,0,23,59,13,95,24,14,38,133
04/14/2005,PKB,WV,AEA,CE,Federal Contract Tower,0,18,14,5,37,0,0,65,5,70,0,18,79,10,107,76,20,96,203
04/15/2005,PKB,WV,AEA,CE,Federal Contract Tower,0,14,18,6,38,0,0,53,21,74,0,14,71,27,112,18,40,58,170
04/16/2005,PKB,WV,AEA,CE,Federal Contract Tower,0,9,14,0,23,0,0,57,6,63,0,9,71,6,86,22,0,22,108
04/17/2005,PKB,WV,AEA,CE,Federal Contract Tower,0,6,11,1,18,0,0,44,3,47,0,6,55,4,65,36,0,36,101
04/18/2005,PKB,WV,AEA,CE,Federal Contract Tower,0,13,14,8,35,0,0,27,9,36,0,13,41,17,71,28,24,52,123
04/19/2005,PKB,WV,AEA,CE,Federal Contract Tower,0,16,18,0,34,0,0,55,8,63,0,16,73,8,97,44,6,50,147
04/20/2005,PKB,WV,AEA,CE,Federal Contract Tower,0,16,7,2,25,0,0,45,4,49,0,16,52,6,74,34,6,40,114
04/21/2005,PKB,WV,AEA,CE,Federal Contract Tower,0,16,20,4,40,0,0,23,6,29,0,16,43,10,69,66,0,66,135
04/22/2005,PKB,WV,AEA,CE,Federal Contract Tower,0,14,3,2,19,0,0,4,0,4,0,14,7,2,23,0,0,0,23
04/23/2005,PKB,WV,AEA,CE,Federal Contract Tower,0,8,3,0,11,0,0,13,0,13,0,8,16,0,24,18,0,18,42
04/24/2005,PKB,WV,AEA,CE,Federal Contract Tower,0,6,2,0,8,0,0,11,0,11,0,6,13,0,19,10,0,10,29
04/25/2005,PKB,WV,AEA,CE,Federal Contract Tower,0,16,19,2,37,0,0,28,9,37,0,16,47,11,74,44,12,56,130
04/26/2005,PKB,WV,AEA,CE,Federal Contract Tower,0,19,18,4,41,0,0,27,8,35,0,19,45,12,76,22,2,24,100
04/27/2005,PKB,WV,AEA,CE,Federal Contract Tower,0,16,23,3,42,0,0,44,3,47,0,16,67,6,89,42,0,42,131
04/28/2005,PKB,WV,AEA,CE,Federal Contract Tower,0,17,17,3,37,0,0,42,0,42,0,17,59,3,79,14,0,14,93
04/29/2005,PKB,WV,AEA,CE,Federal Contract Tower,0,14,11,3,28,0,1,11,0,12,0,15,22,3,40,0,2,2,42
04/30/2005,PKB,WV,AEA,CE,Federal Contract Tower,0,7,5,0,12,0,0,1,0,1,0,7,6,0,13,0,0,0,13
05/01/2005,PKB,WV,AEA,CE,Federal Contract Tower,0,8,7,2,17,0,0,42,2,44,0,8,49,4,61,28,0,28,89
05/02/2005,PKB,WV,AEA,CE,Federal Contract Tower,0,16,14,2,32,0,0,21,7,28,0,16,35,9,60,20,38,58,118
05/03/2005,PKB,WV,AEA,CE,Federal Contract Tower,0,16,28,2,46,0,0,56,10,66,0,16,84,12,112,60,10,70,182
05/04/2005,PKB,WV,AEA,CE,Federal Contract Tower,0,18,14,2,34,0,0,73,6,79,0,18,87,8,113,106,2,108,221
05/05/2005,PKB,WV,AEA,CE,Federal Contract Tower,0,18,18,0,36,0,0,54,8,62,0,18,72,8,98,36,26,62,160
05/06/2005,PKB,WV,AEA,CE,Federal Contract Tower,0,16,15,0,31,0,0,72,6,78,0,16,87,6,109,56,0,56,165
05/07/2005,PKB,WV,AEA,CE,Federal Contract Tower,0,7,3,0,10,0,0,57,12,69,0,7,60,12,79,58,0,58,137
05/08/2005,PKB,WV,AEA,CE,Federal Contract Tower,0,9,11,1,21,0,0,63,3,66,0,9,74,4,87,26,0,26,113
05/09/2005,PKB,WV,AEA,CE,Federal Contract Tower,0,18,15,2,35,0,0,59,5,64,0,18,74,7,99,54,0,54,153
05/10/2005,PKB,WV,AEA,CE,Federal Contract Tower,0,19,12,1,32,0,0,40,11,51,0,19,52,12,83,22,8,30,113
05/11/2005,PKB,WV,AEA,CE,Federal Contract Tower,0,17,23,0,40,0,0,48,9,57,0,17,71,9,97,66,18,84,181
05/12/2005,PKB,WV,AEA,CE,Federal Contract Tower,0,16,17,1,34,0,0,17,1,18,0,16,34,2,52,44,40,84,136
05/13/2005,PKB,WV,AEA,CE,Federal Contract Tower,0,12,14,6,32,0,0,45,15,60,0,12,59,21,92,80,50,130,222
05/14/2005,PKB,WV,AEA,CE,Federal Contract Tower,0,7,5,0,12,0,0,33,27,60,0,7,38,27,72,62,36,98,170
05/15/2005,PKB,WV,AEA,CE,Federal Contract Tower,0,10,17,1,28,0,0,36,18,54,0,10,53,19,82,44,78,122,204
05/16/2005,PKB,WV,AEA,CE,Federal Contract Tower,0,16,11,7,34,0,0,40,8,48,0,16,51,15,82,46,38,84,166
05/17/2005,PKB,WV,AEA,CE,Federal Contract Tower,0,17,18,3,38,0,0,53,13,66,0,17,71,16,104,82,8,90,194
05/18/2005,PKB,WV,AEA,CE,Federal Contract Tower,0,19,16,9,44,0,0,69,22,91,0,19,85,31,135,72,36,108,243
05/19/2005,PKB,WV,AEA,CE,Federal Contract Tower,0,20,10,2,32,0,0,31,9,40,0,20,41,11,72,38,42,80,152
05/20/2005,PKB,WV,AEA,CE,Federal Contract Tower,0,19,15,9,43,0,0,0,3,3,0,19,15,12,46,0,40,40,86
05/21/2005,PKB,WV,AEA,CE,Federal Contract Tower,0,5,13,3,21,0,0,73,7,80,0,5,86,10,101,20,0,20,121
05/22/2005,PKB,WV,AEA,CE,Federal Contract Tower,0,7,4,1,12,0,0,30,3,33,0,7,34,4,45,24,0,24,69
05/23/2005,PKB,WV,AEA,CE,Federal Contract Tower,0,14,11,7,32,0,0,10,10,20,0,14,21,17,52,14,74,88,140
05/24/2005,PKB,WV,AEA,CE,Federal Contract Tower,0,16,22,4,42,0,0,19,10,29,0,16,41,14,71,14,40,54,125
05/25/2005,PKB,WV,AEA,CE,Federal Contract Tower,0,17,21,2,40,0,0,47,16,63,0,17,68,18,103,32,102,134,237
05/26/2005,PKB,WV,AEA,CE,Federal Contract Tower,0,17,10,3,30,0,0,51,10,61,0,17,61,13,91,50,26,76,167
05/27/2005,PKB,WV,AEA,CE,Federal Contract Tower,0,17,13,0,30,0,0,44,5,49,0,17,57,5,79,42,0,42,121
05/28/2005,PKB,WV,AEA,CE,Federal Contract Tower,0,10,14,0,24,0,0,9,0,9,0,10,23,0,33,0,0,0,33
05/29/2005,PKB,WV,AEA,CE,Federal Contract Tower,0,4,7,0,11,0,0,29,0,29,0,4,36,0,40,8,0,8,48
05/30/2005,PKB,WV,AEA,CE,Federal Contract Tower,0,12,12,0,24,0,0,19,0,19,0,12,31,0,43,6,0,6,49
05/31/2005,PKB,WV,AEA,CE,Federal Contract Tower,0,15,17,3,35,0,0,62,17,79,0,15,79,20,114,54,46,100,214
06/01/2005,PKB,WV,AEA,CE,Federal Contract Tower,0,16,20,4,40,0,0,57,16,73,0,16,77,20,113,60,64,124,237
06/02/2005,PKB,WV,AEA,CE,Federal Contract Tower,0,16,32,1,49,0,0,11,13,24,0,16,43,14,73,18,22,40,113
06/03/2005,PKB,WV,AEA,CE,Federal Contract Tower,0,13,16,4,33,0,0,20,4,24,0,13,36,8,57,14,20,34,91
06/04/2005,PKB,WV,AEA,CE,Federal Contract Tower,0,7,18,2,27,0,0,46,7,53,0,7,64,9,80,44,8,52,132
06/05/2005,PKB,WV,AEA,CE,Federal Contract Tower,0,6,19,0,25,0,0,41,5,46,0,6,60,5,71,36,62,98,169
06/06/2005,PKB,WV,AEA,CE,Federal Contract Tower,0,14,14,3,31,0,0,25,6,31,0,14,39,9,62,32,34,66,128
06/07/2005,PKB,WV,AEA,CE,Federal Contract Tower,0,15,19,8,42,0,0,62,14,76,0,15,81,22,118,34,14,48,166
06/08/2005,PKB,WV,AEA,CE,Federal Contract Tower,0,16,7,0,23,0,0,48,6,54,0,16,55,6,77,58,4,62,139
06/09/2005,PKB,WV,AEA,CE,Federal Contract Tower,0,16,8,2,26,0,0,43,8,51,0,16,51,10,77,10,26,36,113
06/10/2005,PKB,WV,AEA,CE,Federal Contract Tower,0,14,13,1,28,0,0,35,3,38,0,14,48,4,66,22,4,26,92
06/11/2005,PKB,WV,AEA,CE,Federal Contract Tower,0,11,8,0,19,0,0,171,0,171,0,11,179,0,190,116,0,116,306
06/12/2005,PKB,WV,AEA,CE,Federal Contract Tower,0,6,15,0,21,0,0,65,0,65,0,6,80,0,86,74,0,74,160
06/13/2005,PKB,WV,AEA,CE,Federal Contract Tower,0,13,8,0,21,13,17,0,0,30,13,30,8,0,51,28,28,56,107
06/14/2005,PKB,WV,AEA,CE,Federal Contract Tower,0,21,16,6,43,0,0,37,11,48,0,21,53,17,91,12,30,42,133
06/15/2005,PKB,WV,AEA,CE,Federal Contract Tower,0,17,6,4,27,0,0,51,11,62,0,17,57,15,89,34,54,88,177
06/16/2005,PKB,WV,AEA,CE,Federal Contract Tower,0,21,10,6,37,0,0,22,5,27,0,21,32,11,64,26,50,76,140
06/17/2005,PKB,WV,AEA,CE,Federal Contract Tower,0,15,6,14,35,0,0,42,22,64,0,15,48,36,99,2,96,98,197
06/18/2005,PKB,WV,AEA,CE,Federal Contract Tower,0,8,22,3,33,0,0,77,11,88,0,8,99,14,121,28,88,116,237
06/19/2005,PKB,WV,AEA,CE,Federal Contract Tower,0,14,9,2,25,0,0,52,7,59,0,14,61,9,84,22,30,52,136
06/20/2005,PKB,WV,AEA,CE,Federal Contract Tower,0,14,10,0,24,0,0,35,4,39,0,14,45,4,63,42,8,50,113
06/21/2005,PKB,WV,AEA,CE,Federal Contract Tower,0,18,38,1,57,0,0,70,16,86,0,18,108,17,143,36,14,50,193
06/22/2005,PKB,WV,AEA,CE,Federal Contract Tower,0,18,10,11,39,0,0,48,24,72,0,18,58,35,111,38,150,188,299
06/23/2005,PKB,WV,AEA,CE,Federal Contract Tower,0,16,30,12,58,0,0,70,8,78,0,16,100,20,136,50,84,134,270
06/24/2005,PKB,WV,AEA,CE,Federal Contract Tower,0,16,14,7,37,0,0,42,14,56,0,16,56,21,93,20,36,56,149
06/25/2005,PKB,WV,AEA,CE,Federal Contract Tower,0,6,8,8,22,0,0,65,26,91,0,6,73,34,113,32,78,110,223
06/26/2005,PKB,WV,AEA,CE,Federal Contract Tower,0,6,21,3,30,0,0,52,5,57,0,6,73,8,87,32,16,48,135
06/27/2005,PKB,WV,AEA,CE,Federal Contract Tower,0,15,9,4,28,0,0,24,5,29,0,15,33,9,57,12,16,28,85
06/28/2005,PKB,WV,AEA,CE,Federal Contract Tower,0,15,26,2,43,0,0,39,12,51,0,15,65,14,94,26,2,28,122
06/29/2005,PKB,WV,AEA,CE,Federal Contract Tower,0,20,10,3,33,0,0,43,12,55,0,20,53,15,88,48,38,86,174
06/30/2005,PKB,WV,AEA,CE,Federal Contract Tower,0,20,13,4,37,0,0,25,5,30,0,20,38,9,67,10,6,16,83
07/01/2005,PKB,WV,AEA,CE,Federal Contract Tower,0,15,17,0,32,0,0,47,5,52,0,15,64,5,84,30,6,36,120
07/02/2005,PKB,WV,AEA,CE,Federal Contract Tower,0,6,9,0,15,0,0,67,0,67,0,6,76,0,82,46,0,46,128
07/03/2005,PKB,WV,AEA,CE,Federal Contract Tower,0,4,9,0,13,0,0,35,0,35,0,4,44,0,48,0,0,0,48
07/04/2005,PKB,WV,AEA,CE,Federal Contract Tower,0,8,8,0,16,0,0,39,0,39,0,8,47,0,55,46,0,46,101
07/05/2005,PKB,WV,AEA,CE,Federal Contract Tower,0,13,12,0,25,0,0,28,0,28,0,13,40,0,53,16,0,16,69
07/06/2005,PKB,WV,AEA,CE,Federal Contract Tower,0,16,9,0,25,0,0,54,10,64,0,16,63,10,89,52,30,82,171
07/07/2005,PKB,WV,AEA,CE,Federal Contract Tower,0,16,20,2,38,0,0,40,9,49,0,16,60,11,87,28,62,90,177
07/08/2005,PKB,WV,AEA,CE,Federal Contract Tower,0,17,21,4,42,0,0,43,21,64,0,17,64,25,106,46,72,118,224
07/09/2005,PKB,WV,AEA,CE,Federal Contract Tower,0,7,12,6,25,0,0,60,34,94,0,7,72,40,119,34,24,58,177
07/10/2005,PKB,WV,AEA,CE,Federal Contract Tower,0,6,11,5,22,0,0,48,7,55,0,6,59,12,77,80,6,86,163
07/11/2005,PKB,WV,AEA,CE,Federal Contract Tower,0,11,13,5,29,0,0,33,14,47,0,11,46,19,76,28,18,46,122
07/12/2005,PKB,WV,AEA,CE,Federal Contract Tower,0,17,26,2,45,0,0,42,5,47,0,17,68,7,92,100,0,100,192
07/13/2005,PKB,WV,AEA,CE,Federal Contract Tower,0,17,10,3,30,0,2,40,5,47,0,19,50,8,77,18,4,22,99
07/14/2005,PKB,WV,AEA,CE,Federal Contract Tower,0,16,25,6,47,0,0,18,0,18,0,16,43,6,65,16,0,16,81
07/15/2005,PKB,WV,AEA,CE,Federal Contract Tower,0,14,19,1,34,0,0,17,0,17,0,14,36,1,51,26,0,26,77
07/16/2005,PKB,WV,AEA,CE,Federal Contract Tower,0,9,5,1,15,0,0,15,5,20,0,9,20,6,35,4,0,4,39
07/17/2005,PKB,WV,AEA,CE,Federal Contract Tower,0,7,3,0,10,0,0,9,1,10,0,7,12,1,20,48,0,48,68
07/18/2005,PKB,WV,AEA,CE,Federal Contract Tower,0,15,19,0,34,0,0,11,1,12,0,15,30,1,46,14,0,14,60
07/19/2005,PKB,WV,AEA,CE,Federal Contract Tower,0,14,35,2,51,0,0,46,4,50,0,14,81,6,101,64,8,72,173
07/20/2005,PKB,WV,AEA,CE,Federal Contract Tower,0,21,13,0,34,0,1,53,0,54,0,22,66,0,88,52,0,52,140
07/21/2005,PKB,WV,AEA,CE,Federal Contract Tower,0,17,27,2,46,0,0,35,3,38,0,17,62,5,84,18,0,18,102
07/22/2005,PKB,WV,AEA,CE,Federal Contract Tower,0,16,18,3,37,0,0,26,3,29,0,16,44,6,66,46,4,50,116
07/23/2005,PKB,WV,AEA,CE,Federal Contract Tower,0,11,11,0,22,0,0,48,0,48,0,11,59,0,70,46,0,46,116
07/24/2005,PKB,WV,AEA,CE,Federal Contract Tower,0,10,10,0,20,0,0,39,0,39,0,10,49,0,59,64,0,64,123
07/25/2005,PKB,WV,AEA,CE,Federal Contract Tower,0,17,8,0,25,0,0,21,0,21,0,17,29,0,46,30,0,30,76
07/26/2005,PKB,WV,AEA,CE,Federal Contract Tower,0,27,29,0,56,0,0,60,0,60,0,27,89,0,116,86,0,86,202
07/27/2005,PKB,WV,AEA,CE,Federal Contract Tower,0,17,14,4,35,0,0,43,3,46,0,17,57,7,81,24,0,24,105
07/28/2005,PKB,WV,AEA,CE,Federal Contract Tower,0,24,24,2,50,0,0,51,3,54,0,24,75,5,104,28,4,32,136
07/29/2005,PKB,WV,AEA,CE,Federal Contract Tower,0,17,20,0,37,0,0,59,7,66,0,17,79,7,103,68,4,72,175
07/30/2005,PKB,WV,AEA,CE,Federal Contract Tower,0,10,8,0,18,0,0,59,2,61,0,10,67,2,79,34,0,34,113
07/31/2005,PKB,WV,AEA,CE,Federal Contract Tower,0,7,14,11,32,0,0,62,7,69,0,7,76,18,101,24,16,40,141
08/01/2005,PKB,WV,AEA,CE,Federal Contract Tower,0,14,0,0,14,0,1,50,9,60,0,15,50,9,74,18,14,32,106
08/02/2005,PKB,WV,AEA,CE,Federal Contract Tower,0,16,27,0,43,0,0,57,0,57,0,16,84,0,100,50,0,50,150
08/03/2005,PKB,WV,AEA,CE,Federal Contract Tower,0,18,8,2,28,0,0,71,3,74,0,18,79,5,102,38,4,42,144
08/04/2005,PKB,WV,AEA,CE,Federal Contract Tower,0,16,12,2,30,0,0,43,2,45,0,16,55,4,75,40,8,48,123
08/05/2005,PKB,WV,AEA,CE,Federal Contract Tower,0,15,12,4,31,0,0,14,12,26,0,15,26,16,57,32,68,100,157
08/06/2005,PKB,WV,AEA,CE,Federal Contract Tower,0,7,9,4,20,0,0,31,11,42,0,7,40,15,62,16,16,32,94
08/07/2005,PKB,WV,AEA,CE,Federal Contract Tower,0,6,13,0,19,0,0,50,2,52,0,6,63,2,71,32,32,64,135
08/08/2005,PKB,WV,AEA,CE,Federal Contract Tower,0,14,10,3,27,0,0,23,9,32,0,14,33,12,59,12,42,54,113
08/09/2005,PKB,WV,AEA,CE,Federal Contract Tower,0,16,23,5,44,0,0,54,22,76,0,16,77,27,120,64,8,72,192
08/10/2005,PKB,WV,AEA,CE,Federal Contract Tower,0,18,17,0,35,0,0,54,5,59,0,18,71,5,94,48,10,58,152
08/11/2005,PKB,WV,AEA,CE,Federal Contract Tower,0,16,12,0,28,0,0,30,1,31,0,16,42,1,59,18,0,18,77
08/12/2005,PKB,WV,AEA,CE,Federal Contract Tower,0,17,12,3,32,0,0,27,7,34,0,17,39,10,66,20,12,32,98
08/13/2005,PKB,WV,AEA,CE,Federal Contract Tower,0,9,12,1,22,0,0,43,2,45,0,9,55,3,67,44,0,44,111
08/14/2005,PKB,WV,AEA,CE,Federal Contract Tower,0,8,10,0,18,0,0,41,0,41,0,8,51,0,59,46,0,46,105
08/15/2005,PKB,WV,AEA,CE,Federal Contract Tower,0,13,16,9,38,0,0,33,9,42,0,13,49,18,80,18,18,36,116
08/16/2005,PKB,WV,AEA,CE,Federal Contract Tower,0,17,21,2,40,0,0,30,4,34,0,17,51,6,74,32,0,32,106
08/17/2005,PKB,WV,AEA,CE,Federal Contract Tower,0,20,17,2,39,0,0,74,9,83,0,20,91,11,122,100,84,184,306
08/18/2005,PKB,WV,AEA,CE,Federal Contract Tower,0,19,20,2,41,0,0,25,2,27,0,19,45,4,68,18,2,20,88
08/19/2005,PKB,WV,AEA,CE,Federal Contract Tower,0,15,16,0,31,0,0,29,1,30,0,15,45,1,61,18,0,18,79
08/20/2005,PKB,WV,AEA,CE,Federal Contract Tower,0,7,7,2,16,0,0,51,1,52,0,7,58,3,68,38,0,38,106
08/21/2005,PKB,WV,AEA,CE,Federal Contract Tower,0,6,14,0,20,0,0,43,4,47,0,6,57,4,67,58,0,58,125
08/22/2005,PKB,WV,AEA,CE,Federal Contract Tower,0,12,18,0,30,0,0,28,5,33,0,12,46,5,63,18,6,24,87
08/23/2005,PKB,WV,AEA,CE,Federal Contract Tower,0,16,23,0,39,0,0,64,11,75,0,16,87,11,114,28,4,32,146
08/24/2005,PKB,WV,AEA,CE,Federal Contract Tower,0,18,5,12,35,0,0,74,18,92,0,18,79,30,127,34,40,74,201
08/25/2005,PKB,WV,AEA,CE,Federal Contract Tower,0,15,21,0,36,0,0,47,5,52,0,15,68,5,88,16,0,16,104
08/26/2005,PKB,WV,AEA,CE,Federal Contract Tower,0,16,16,8,40,0,0,1,3,4,0,16,17,11,44,0,30,30,74
08/27/2005,PKB,WV,AEA,CE,Federal Contract Tower,0,7,10,6,23,0,0,1,4,5,0,7,11,10,28,4,74,78,106
08/28/2005,PKB,WV,AEA,CE,Federal Contract Tower,0,8,10,2,20,0,4,42,0,46,0,12,52,2,66,58,0,58,124
08/29/2005,PKB,WV,AEA,CE,Federal Contract Tower,0,15,20,0,35,0,0,4,0,4,0,15,24,0,39,22,0,22,61
08/30/2005,PKB,WV,AEA,CE,Federal Contract Tower,0,15,14,2,31,0,0,13,0,13,0,15,27,2,44,6,0,6,50
08/31/2005,PKB,WV,AEA,CE,Federal Contract Tower,0,14,12,0,26,0,1,23,13,37,0,15,35,13,63,8,46,54,117
09/01/2005,PKB,WV,AEA,CE,Federal Contract Tower,0,16,13,8,37,0,0,47,6,53,0,16,60,14,90,16,10,26,116
09/02/2005,PKB,WV,AEA,CE,Federal Contract Tower,0,15,19,3,37,0,0,74,6,80,0,15,93,9,117,8,0,8,125
09/03/2005,PKB,WV,AEA,CE,Federal Contract Tower,0,12,10,0,22,0,0,51,0,51,0,12,61,0,73,30,0,30,103
09/04/2005,PKB,WV,AEA,CE,Federal Contract Tower,0,4,10,0,14,0,0,43,0,43,0,4,53,0,57,28,0,28,85
09/05/2005,PKB,WV,AEA,CE,Federal Contract Tower,0,10,8,0,18,0,0,66,0,66,0,10,74,0,84,40,0,40,124
09/06/2005,PKB,WV,AEA,CE,Federal Contract Tower,0,13,9,0,22,0,0,51,5,56,0,13,60,5,78,22,4,26,104
09/07/2005,PKB,WV,AEA,CE,Federal Contract Tower,0,18,17,2,37,0,0,65,11,76,0,18,82,13,113,60,8,68,181
09/08/2005,PKB,WV,AEA,CE,Federal Contract Tower,0,19,25,5,49,0,0,49,18,67,0,19,74,23,116,36,14,50,166
09/09/2005,PKB,WV,AEA,CE,Federal Contract Tower,0,15,16,4,35,0,0,45,20,65,0,15,61,24,100,22,16,38,138
09/10/2005,PKB,WV,AEA,CE,Federal Contract Tower,0,9,16,4,29,0,0,90,28,118,0,9,106,32,147,22,16,38,185
09/11/2005,PKB,WV,AEA,CE,Federal Contract Tower,0,7,13,3,23,0,0,69,0,69,0,7,82,3,92,12,0,12,104
09/12/2005,PKB,WV,AEA,CE,Federal Contract Tower,0,14,11,1,26,0,0,19,12,31,0,14,30,13,57,6,6,12,69
09/13/2005,PKB,WV,AEA,CE,Federal Contract Tower,0,19,37,11,67,0,0,43,15,58,0,19,80,26,125,58,6,64,189
09/14/2005,PKB,WV,AEA,CE,Federal Contract Tower,0,18,11,3,32,0,1,43,10,54,0,19,54,13,86,44,0,44,130
09/15/2005,PKB,WV,AEA,CE,Federal Contract Tower,0,21,17,4,42,0,0,18,8,26,0,21,35,12,68,20,2,22,90
09/16/2005,PKB,WV,AEA,CE,Federal Contract Tower,0,12,14,2,28,0,0,28,10,38,0,12,42,12,66,36,86,122,188
09/17/2005,PKB,WV,AEA,CE,Federal Contract Tower,0,8,25,0,33,0,0,18,5,23,0,8,43,5,56,6,16,22,78
09/18/2005,PKB,WV,AEA,CE,Federal Contract Tower,0,6,9,0,15,0,0,37,0,37,0,6,46,0,52,66,0,66,118
09/19/2005,PKB,WV,AEA,CE,Federal Contract Tower,0,7,12,6,25,0,0,26,3,29,0,7,38,9,54,6,0,6,60
09/20/2005,PKB,WV,AEA,CE,Federal Contract Tower,0,17,10,11,38,0,0,55,21,76,0,17,65,32,114,28,30,58,172
09/21/2005,PKB,WV,AEA,CE,Federal Contract Tower,0,18,19,10,47,0,0,55,10,65,0,18,74,20,112,44,38,82,194
09/22/2005,PKB,WV,AEA,CE,Federal Contract Tower,0,16,23,8,47,0,0,41,14,55,0,16,64,22,102,34,16,50,152
09/23/2005,PKB,WV,AEA,CE,Federal Contract Tower,0,15,9,8,32,0,0,16,13,29,0,15,25,21,61,0,38,38,99
09/24/2005,PKB,WV,AEA,CE,Federal Contract Tower,0,6,9,0,15,0,0,31,0,31,0,6,40,0,46,20,0,20,66
09/25/2005,PKB,WV,AEA,CE,Federal Contract Tower,0,6,4,0,10,0,0,43,5,48,0,6,47,5,58,20,2,22,80
09/26/2005,PKB,WV,AEA,CE,Federal Contract Tower,0,15,2,0,17,15,7,0,0,22,15,22,2,0,39,22,6,28,67
09/27/2005,PKB,WV,AEA,CE,Federal Contract Tower,0,15,20,1,36,0,0,57,7,64,0,15,77,8,100,82,10,92,192
09/28/2005,PKB,WV,AEA,CE,Federal Contract Tower,0,15,17,2,34,0,0,62,7,69,0,15,79,9,103,40,4,44,147
09/29/2005,PKB,WV,AEA,CE,Federal Contract Tower,0,17,8,5,30,0,0,28,6,34,0,17,36,11,64,30,8,38,102
09/30/2005,PKB,WV,AEA,CE,Federal Contract Tower,0,17,13,2,32,0,0,75,10,85,0,17,88,12,117,32,14,46,163
10/01/2005,PKB,WV,AEA,CE,Federal Contract Tower,0,4,7,0,11,0,0,57,3,60,0,4,64,3,71,54,0,54,125
10/02/2005,PKB,WV,AEA,CE,Federal Contract Tower,0,8,7,0,15,0,0,49,0,49,0,8,56,0,64,52,0,52,116
10/03/2005,PKB,WV,AEA,CE,Federal Contract Tower,0,13,12,0,25,0,0,23,6,29,0,13,35,6,54,36,6,42,96
10/04/2005,PKB,WV,AEA,CE,Federal Contract Tower,0,16,23,5,44,0,0,40,8,48,0,16,63,13,92,46,20,66,158
10/05/2005,PKB,WV,AEA,CE,Federal Contract Tower,0,16,26,3,45,0,0,62,5,67,0,16,88,8,112,22,2,24,136
10/06/2005,PKB,WV,AEA,CE,Federal Contract Tower,0,19,6,2,27,0,0,37,6,43,0,19,43,8,70,6,42,48,118
10/07/2005,PKB,WV,AEA,CE,Federal Contract Tower,0,15,21,4,40,0,0,2,0,2,0,15,23,4,42,4,0,4,46
10/08/2005,PKB,WV,AEA,CE,Federal Contract Tower,0,7,36,1,44,0,0,0,1,1,0,7,36,2,45,0,0,0,45
10/09/2005,PKB,WV,AEA,CE,Federal Contract Tower,0,6,32,1,39,0,0,29,2,31,0,6,61,3,70,2,0,2,72
10/10/2005,PKB,WV,AEA,CE,Federal Contract Tower,0,13,25,0,38,0,0,25,0,25,0,13,50,0,63,28,0,28,91
10/11/2005,PKB,WV,AEA,CE,Federal Contract Tower,0,17,29,10,56,0,0,16,1,17,0,17,45,11,73,0,8,8,81
10/12/2005,PKB,WV,AEA,CE,Federal Contract Tower,0,18,20,1,39,0,0,34,6,40,0,18,54,7,79,24,36,60,139
10/13/2005,PKB,WV,AEA,CE,Federal Contract Tower,0,19,34,4,57,0,0,15,3,18,0,19,49,7,75,0,0,0,75
10/14/2005,PKB,WV,AEA,CE,Federal Contract Tower,0,13,21,3,37,0,0,24,10,34,0,13,45,13,71,0,34,34,105
10/15/2005,PKB,WV,AEA,CE,Federal Contract Tower,0,6,13,2,21,0,0,50,7,57,0,6,63,9,78,58,28,86,164
10/16/2005,PKB,WV,AEA,CE,Federal Contract Tower,0,6,13,3,22,0,0,26,7,33,0,6,39,10,55,0,34,34,89
10/17/2005,PKB,WV,AEA,CE,Federal Contract Tower,0,13,24,2,39,0,0,50,16,66,0,13,74,18,105,50,26,76,181
10/18/2005,PKB,WV,AEA,CE,Federal Contract Tower,0,16,20,2,38,0,0,55,12,67,0,16,75,14,105,22,58,80,185
10/19/2005,PKB,WV,AEA,CE,Federal Contract Tower,0,18,21,3,42,0,0,67,10,77,0,18,88,13,119,86,6,92,211
10/20/2005,PKB,WV,AEA,CE,Federal Contract Tower,0,20,15,6,41,0,0,40,6,46,0,20,55,12,87,34,6,40,127
10/21/2005,PKB,WV,AEA,CE,Federal Contract Tower,0,28,8,8,44,0,0,1,1,2,0,28,9,9,46,4,48,52,98
10/22/2005,PKB,WV,AEA,CE,Federal Contract Tower,0,10,3,0,13,0,0,4,0,4,0,10,7,0,17,8,0,8,25
10/23/2005,PKB,WV,AEA,CE,Federal Contract Tower,0,6,21,6,33,0,0,24,5,29,0,6,45,11,62,8,48,56,118
10/24/2005,PKB,WV,AEA,CE,Federal Contract Tower,0,12,1,1,14,0,0,13,0,13,0,12,14,1,27,10,0,10,37
10/25/2005,PKB,WV,AEA,CE,Federal Contract Tower,0,15,9,0,24,0,0,1,0,1,0,15,10,0,25,0,0,0,25
10/26/2005,PKB,WV,AEA,CE,Federal Contract Tower,0,19,23,6,48,0,0,43,6,49,0,19,66,12,97,46,2,48,145
10/27/2005,PKB,WV,AEA,CE,Federal Contract Tower,0,13,31,4,48,0,0,27,5,32,0,13,58,9,80,18,6,24,104
10/28/2005,PKB,WV,AEA,CE,Federal Contract Tower,0,14,26,1,41,0,0,47,5,52,0,14,73,6,93,20,0,20,113
10/29/2005,PKB,WV,AEA,CE,Federal Contract Tower,0,5,12,3,20,0,0,51,2,53,0,5,63,5,73,26,2,28,101
10/30/2005,PKB,WV,AEA,CE,Federal Contract Tower,0,8,18,2,28,0,0,95,4,99,0,8,113,6,127,38,8,46,173
10/31/2005,PKB,WV,AEA,CE,Federal Contract Tower,0,13,19,7,39,0,0,57,15,72,0,13,76,22,111,26,16,42,153
11/01/2005,PKB,WV,AEA,CE,Federal Contract Tower,0,16,18,4,38,0,0,16,0,16,0,16,34,4,54,18,0,18,72
11/02/2005,PKB,WV,AEA,CE,Federal Contract Tower,0,16,9,1,26,0,0,47,9,56,0,16,56,10,82,46,18,64,146
11/03/2005,PKB,WV,AEA,CE,Federal Contract Tower,0,16,17,0,33,0,0,32,15,47,0,16,49,15,80,28,26,54,134
11/04/2005,PKB,WV,AEA,CE,Federal Contract Tower,0,15,6,6,27,0,0,25,16,41,0,15,31,22,68,20,36,56,124
11/05/2005,PKB,WV,AEA,CE,Federal Contract Tower,0,5,8,5,18,0,0,31,19,50,0,5,39,24,68,18,68,86,154
11/06/2005,PKB,WV,AEA,CE,Federal Contract Tower,0,4,3,1,8,0,0,8,3,11,0,4,11,4,19,0,18,18,37
11/07/2005,PKB,WV,AEA,CE,Federal Contract Tower,0,17,10,2,29,0,0,50,6,56,0,17,60,8,85,60,8,68,153
11/08/2005,PKB,WV,AEA,CE,Federal Contract Tower,0,14,18,6,38,0,0,15,0,15,0,14,33,6,53,24,6,30,83
11/09/2005,PKB,WV,AEA,CE,Federal Contract Tower,0,17,5,3,25,0,0,26,5,31,0,17,31,8,56,14,12,26,82
11/10/2005,PKB,WV,AEA,CE,Federal Contract Tower,0,16,10,2,28,0,0,26,17,43,0,16,36,19,71,30,26,56,127
11/11/2005,PKB,WV,AEA,CE,Federal Contract Tower,0,12,15,2,29,0,0,49,5,54,0,12,64,7,83,2,8,10,93
11/12/2005,PKB,WV,AEA,CE,Federal Contract Tower,0,4,20,0,24,0,0,58,0,58,0,4,78,0,82,42,0,42,124
11/13/2005,PKB,WV,AEA,CE,Federal Contract Tower,0,6,2,1,9,0,0,2,0,2,0,6,4,1,11,0,0,0,11
11/14/2005,PKB,WV,AEA,CE,Federal Contract Tower,0,14,7,2,23,0,0,35,11,46,0,14,42,13,69,34,16,50,119
11/15/2005,PKB,WV,AEA,CE,Federal Contract Tower,0,17,13,0,30,0,0,26,18,44,0,17,39,18,74,42,24,66,140
11/16/2005,PKB,WV,AEA,CE,Federal Contract Tower,0,17,13,2,32,0,0,28,13,41,0,17,41,15,73,28,10,38,111
11/17/2005,PKB,WV,AEA,CE,Federal Contract Tower,0,16,15,1,32,0,0,44,8,52,0,16,59,9,84,34,12,46,130
11/18/2005,PKB,WV,AEA,CE,Federal Contract Tower,0,16,11,6,33,0,0,30,14,44,0,16,41,20,77,2,64,66,143
11/19/2005,PKB,WV,AEA,CE,Federal Contract Tower,0,9,10,6,25,0,0,59,13,72,0,9,69,19,97,32,34,66,163
11/20/2005,PKB,WV,AEA,CE,Federal Contract Tower,0,7,16,6,29,0,0,46,7,53,0,7,62,13,82,20,0,20,102
11/21/2005,PKB,WV,AEA,CE,Federal Contract Tower,0,18,24,3,45,0,0,35,12,47,0,18,59,15,92,60,12,72,164
11/22/2005,PKB,WV,AEA,CE,Federal Contract Tower,0,21,3,2,26,0,0,19,3,22,0,21,22,5,48,2,0,2,50
11/23/2005,PKB,WV,AEA,CE,Federal Contract Tower,0,19,20,0,39,0,0,16,5,21,0,19,36,5,60,16,6,22,82
11/24/2005,PKB,WV,AEA,CE,Federal Contract Tower,0,10,6,0,16,0,0,1,0,1,0,10,7,0,17,0,0,0,17
11/25/2005,PKB,WV,AEA,CE,Federal Contract Tower,0,12,7,0,19,0,0,19,0,19,0,12,26,0,38,6,0,6,44
11/26/2005,PKB,WV,AEA,CE,Federal Contract Tower,0,4,8,0,12,0,0,28,0,28,0,4,36,0,40,2,0,2,42
11/27/2005,PKB,WV,AEA,CE,Federal Contract Tower,0,6,20,0,26,0,0,20,0,20,0,6,40,0,46,24,0,24,70
11/28/2005,PKB,WV,AEA,CE,Federal Contract Tower,0,14,6,0,20,0,0,10,6,16,0,14,16,6,36,6,8,14,50
11/29/2005,PKB,WV,AEA,CE,Federal Contract Tower,0,15,13,0,28,0,0,21,6,27,0,15,34,6,55,6,54,60,115
11/30/2005,PKB,WV,AEA,CE,Federal Contract Tower,0,18,12,0,30,0,0,37,11,48,0,18,49,11,78,16,52,68,146
12/01/2005,PKB,WV,AEA,CE,Federal Contract Tower,0,17,17,0,34,0,0,15,5,20,0,17,32,5,54,8,4,12,66
12/02/2005,PKB,WV,AEA,CE,Federal Contract Tower,0,15,16,0,31,0,0,8,4,12,0,15,24,4,43,0,16,16,59
12/03/2005,PKB,WV,AEA,CE,Federal Contract Tower,0,7,8,2,17,0,0,29,9,38,0,7,37,11,55,10,34,44,99
12/04/2005,PKB,WV,AEA,CE,Federal Contract Tower,0,4,3,0,7,0,0,0,2,2,0,4,3,2,9,0,24,24,33
12/05/2005,PKB,WV,AEA,CE,Federal Contract Tower,0,11,9,1,21,0,0,5,3,8,0,11,14,4,29,0,0,0,29
12/06/2005,PKB,WV,AEA,CE,Federal Contract Tower,0,14,20,0,34,0,0,25,9,34,0,14,45,9,68,14,20,34,102
12/07/2005,PKB,WV,AEA,CE,Federal Contract Tower,0,15,19,0,34,0,0,38,0,38,0,15,57,0,72,30,0,30,102
12/08/2005,PKB,WV,AEA,CE,Federal Contract Tower,0,13,11,6,30,0,0,25,3,28,0,13,36,9,58,46,14,60,118
12/09/2005,PKB,WV,AEA,CE,Federal Contract Tower,0,13,11,0,24,0,0,2,2,4,0,13,13,2,28,0,48,48,76
12/10/2005,PKB,WV,AEA,CE,Federal Contract Tower,0,5,9,0,14,0,0,32,2,34,0,5,41,2,48,6,0,6,54
12/11/2005,PKB,WV,AEA,CE,Federal Contract Tower,0,4,4,0,8,0,0,0,0,0,0,4,4,0,8,0,0,0,8
12/12/2005,PKB,WV,AEA,CE,Federal Contract Tower,0,12,10,2,24,0,0,12,13,25,0,12,22,15,49,24,36,60,109
12/13/2005,PKB,WV,AEA,CE,Federal Contract Tower,0,17,17,1,35,0,0,34,7,41,0,17,51,8,76,112,24,136,212
12/14/2005,PKB,WV,AEA,CE,Federal Contract Tower,0,15,25,6,46,0,0,37,3,40,0,15,62,9,86,20,10,30,116
12/15/2005,PKB,WV,AEA,CE,Federal Contract Tower,0,17,10,0,27,0,0,6,0,6,0,17,16,0,33,0,0,0,33
12/16/2005,PKB,WV,AEA,CE,Federal Contract Tower,0,11,13,2,26,0,0,9,4,13,0,11,22,6,39,2,0,2,41
12/17/2005,PKB,WV,AEA,CE,Federal Contract Tower,0,8,16,0,24,0,0,34,0,34,0,8,50,0,58,14,0,14,72
12/18/2005,PKB,WV,AEA,CE,Federal Contract Tower,0,4,9,0,13,0,0,44,0,44,0,4,53,0,57,12,0,12,69
12/19/2005,PKB,WV,AEA,CE,Federal Contract Tower,0,10,9,2,21,0,0,18,7,25,0,10,27,9,46,60,12,72,118
12/20/2005,PKB,WV,AEA,CE,Federal Contract Tower,0,15,23,2,40,0,2,41,8,51,0,17,64,10,91,64,20,84,175
12/21/2005,PKB,WV,AEA,CE,Federal Contract Tower,0,19,15,2,36,0,0,42,8,50,0,19,57,10,86,34,38,72,158
12/22/2005,PKB,WV,AEA,CE,Federal Contract Tower,0,19,16,0,35,0,0,31,5,36,0,19,47,5,71,54,12,66,137
12/23/2005,PKB,WV,AEA,CE,Federal Contract Tower,0,14,8,1,23,0,0,31,3,34,0,14,39,4,57,20,4,24,81
12/24/2005,PKB,WV,AEA,CE,Federal Contract Tower,0,3,2,0,5,0,0,36,0,36,0,3,38,0,41,30,0,30,71
12/25/2005,PKB,WV,AEA,CE,Federal Contract Tower,0,10,0,0,10,0,0,0,0,0,0,10,0,0,10,0,0,0,10
12/26/2005,PKB,WV,AEA,CE,Federal Contract Tower,0,7,16,0,23,0,0,6,0,6,0,7,22,0,29,4,0,4,33
12/27/2005,PKB,WV,AEA,CE,Federal Contract Tower,0,11,9,0,20,0,0,23,0,23,0,11,32,0,43,42,0,42,85
12/28/2005,PKB,WV,AEA,CE,Federal Contract Tower,0,14,7,2,23,0,0,31,7,38,0,14,38,9,61,30,48,78,139
12/29/2005,PKB,WV,AEA,CE,Federal Contract Tower,0,12,7,0,19,0,0,6,0,6,0,12,13,0,25,0,0,0,25
12/30/2005,PKB,WV,AEA,CE,Federal Contract Tower,0,10,13,0,23,0,0,14,0,14,0,10,27,0,37,4,0,4,41
12/31/2005,PKB,WV,AEA,CE,Federal Contract Tower,0,2,6,0,8,0,0,13,0,13,0,2,19,0,21,0,0,0,21
01/01/2006,PKB,WV,AEA,CE,Federal Contract Tower,0,4,4,0,8,0,0,45,0,45,0,4,49,0,53,28,0,28,81
01/02/2006,PKB,WV,AEA,CE,Federal Contract Tower,0,5,4,0,9,0,0,2,0,2,0,5,6,0,11,0,0,0,11
01/03/2006,PKB,WV,AEA,CE,Federal Contract Tower,0,10,17,6,33,0,0,0,0,0,0,10,17,6,33,0,0,0,33
01/04/2006,PKB,WV,AEA,CE,Federal Contract Tower,0,13,24,0,37,0,0,29,2,31,0,13,53,2,68,16,0,16,84
01/05/2006,PKB,WV,AEA,CE,Federal Contract Tower,0,10,16,6,32,0,0,9,4,13,0,10,25,10,45,0,12,12,57
01/06/2006,PKB,WV,AEA,CE,Federal Contract Tower,0,12,10,2,24,0,0,3,2,5,0,12,13,4,29,0,58,58,87
01/07/2006,PKB,WV,AEA,CE,Federal Contract Tower,0,3,9,3,15,0,0,20,22,42,0,3,29,25,57,28,52,80,137
01/08/2006,PKB,WV,AEA,CE,Federal Contract Tower,0,12,5,6,23,0,0,42,13,55,0,12,47,19,78,6,58,64,142
01/09/2006,PKB,WV,AEA,CE,Federal Contract Tower,0,6,5,0,11,0,0,17,13,30,0,6,22,13,41,8,36,44,85
01/10/2006,PKB,WV,AEA,CE,Federal Contract Tower,0,14,21,3,38,0,0,47,13,60,0,14,68,16,98,42,16,58,156
01/11/2006,PKB,WV,AEA,CE,Federal Contract Tower,0,14,16,3,33,0,0,29,3,32,0,14,45,6,65,26,0,26,91
01/12/2006,PKB,WV,AEA,CE,Federal Contract Tower,0,12,23,0,35,0,0,64,6,70,0,12,87,6,105,54,10,64,169
01/13/2006,PKB,WV,AEA,CE,Federal Contract Tower,0,13,13,2,28,0,0,24,3,27,0,13,37,5,55,10,0,10,65
01/14/2006,PKB,WV,AEA,CE,Federal Contract Tower,0,4,4,0,8,0,0,6,0,6,0,4,10,0,14,0,0,0,14
01/15/2006,PKB,WV,AEA,CE,Federal Contract Tower,0,6,9,0,15,0,0,48,0,48,0,6,57,0,63,38,0,38,101
01/16/2006,PKB,WV,AEA,CE,Federal Contract Tower,0,9,18,0,27,0,0,42,0,42,0,9,60,0,69,66,0,66,135
01/17/2006,PKB,WV,AEA,CE,Federal Contract Tower,0,11,11,2,24,0,0,22,2,24,0,11,33,4,48,8,0,8,56
01/18/2006,PKB,WV,AEA,CE,Federal Contract Tower,0,16,13,0,29,0,0,23,0,23,0,16,36,0,52,12,0,12,64
01/19/2006,PKB,WV,AEA,CE,Federal Contract Tower,0,17,19,5,41,0,0,45,9,54,0,17,64,14,95,16,18,34,129
01/20/2006,PKB,WV,AEA,CE,Federal Contract Tower,0,9,13,6,28,0,0,44,11,55,0,9,57,17,83,18,50,68,151
01/21/2006,PKB,WV,AEA,CE,Federal Contract Tower,0,3,6,1,10,0,0,7,10,17,0,3,13,11,27,2,68,70,97
01/22/2006,PKB,WV,AEA,CE,Federal Contract Tower,0,4,11,5,20,0,0,33,4,37,0,4,44,9,57,22,6,28,85
01/23/2006,PKB,WV,AEA,CE,Federal Contract Tower,0,11,14,0,25,0,0,10,4,14,0,11,24,4,39,16,16,32,71
01/24/2006,PKB,WV,AEA,CE,Federal Contract Tower,0,15,20,6,41,0,0,25,5,30,0,15,45,11,71,22,4,26,97
01/25/2006,PKB,WV,AEA,CE,Federal Contract Tower,0,13,8,2,23,0,0,19,10,29,0,13,27,12,52,2,48,50,102
01/26/2006,PKB,WV,AEA,CE,Federal Contract Tower,0,12,12,5,29,0,0,51,10,61,0,12,63,15,90,32,0,32,122
01/27/2006,PKB,WV,AEA,CE,Federal Contract Tower,0,15,13,7,35,0,0,63,7,70,0,15,76,14,105,16,0,16,121
01/28/2006,PKB,WV,AEA,CE,Federal Contract Tower,0,4,13,0,17,0,0,50,4,54,0,4,63,4,71,48,0,48,119
01/29/2006,PKB,WV,AEA,CE,Federal Contract Tower,0,4,1,0,5,0,0,21,0,21,0,4,22,0,26,28,0,28,54
01/30/2006,PKB,WV,AEA,CE,Federal Contract Tower,0,9,17,6,32,0,0,29,12,41,0,9,46,18,73,50,26,76,149
01/31/2006,PKB,WV,AEA,CE,Federal Contract Tower,0,13,11,3,27,0,0,29,4,33,0,13,40,7,60,8,60,68,128
02/01/2006,PKB,WV,AEA,CE,Federal Contract Tower,0,15,7,4,26,0,0,47,19,66,0,15,54,23,92,12,40,52,144
02/02/2006,PKB,WV,AEA,CE,Federal Contract Tower,0,14,7,8,29,0,0,21,12,33,0,14,28,20,62,26,14,40,102
02/03/2006,PKB,WV,AEA,CE,Federal Contract Tower,0,9,21,6,36,0,0,12,2,14,0,9,33,8,50,0,6,6,56
02/04/2006,PKB,WV,AEA,CE,Federal Contract Tower,0,13,3,2,18,0,2,12,6,20,0,15,15,8,38,4,0,4,42
02/05/2006,PKB,WV,AEA,CE,Federal Contract Tower,0,5,7,0,12,0,0,0,0,0,0,5,7,0,12,0,0,0,12
02/06/2006,PKB,WV,AEA,CE,Federal Contract Tower,0,9,12,2,23,0,0,18,4,22,0,9,30,6,45,20,14,34,79
02/07/2006,PKB,WV,AEA,CE,Federal Contract Tower,0,12,24,5,41,0,0,53,11,64,0,12,77,16,105,30,32,62,167
02/08/2006,PKB,WV,AEA,CE,Federal Contract Tower,0,14,22,17,53,0,0,49,27,76,0,14,71,44,129,10,116,126,255
02/09/2006,PKB,WV,AEA,CE,Federal Contract Tower,0,12,16,16,44,0,0,33,21,54,0,12,49,37,98,28,82,110,208
02/10/2006,PKB,WV,AEA,CE,Federal Contract Tower,0,10,22,6,38,0,0,26,15,41,0,10,48,21,79,2,24,26,105
02/11/2006,PKB,WV,AEA,CE,Federal Contract Tower,0,3,0,12,15,0,0,3,1,4,0,3,3,13,19,0,74,74,93
02/12/2006,PKB,WV,AEA,CE,Federal Contract Tower,0,4,7,5,16,0,0,19,11,30,0,4,26,16,46,0,74,74,120
02/13/2006,PKB,WV,AEA,CE,Federal Contract Tower,0,9,8,3,20,0,0,19,5,24,0,9,27,8,44,30,20,50,94
02/14/2006,PKB,WV,AEA,CE,Federal Contract Tower,0,11,12,8,31,0,0,27,9,36,0,11,39,17,67,24,20,44,111
02/15/2006,PKB,WV,AEA,CE,Federal Contract Tower,0,10,17,7,34,0,0,46,9,55,0,10,63,16,89,46,20,66,155
02/16/2006,PKB,WV,AEA,CE,Federal Contract Tower,0,16,11,7,34,0,0,27,5,32,0,16,38,12,66,18,8,26,92
02/17/2006,PKB,WV,AEA,CE,Federal Contract Tower,0,10,10,2,22,0,0,6,2,8,0,10,16,4,30,0,0,0,30
02/18/2006,PKB,WV,AEA,CE,Federal Contract Tower,0,1,6,2,9,0,0,3,0,3,0,1,9,2,12,0,0,0,12
02/19/2006,PKB,WV,AEA,CE,Federal Contract Tower,0,4,9,0,13,0,0,44,0,44,0,4,53,0,57,36,0,36,93
02/20/2006,PKB,WV,AEA,CE,Federal Contract Tower,0,9,12,0,21,0,0,42,0,42,0,9,54,0,63,24,0,24,87
02/21/2006,PKB,WV,AEA,CE,Federal Contract Tower,0,17,15,4,36,0,0,38,4,42,0,17,53,8,78,2,2,4,82
02/22/2006,PKB,WV,AEA,CE,Federal Contract Tower,0,18,13,0,31,0,0,44,12,56,0,18,57,12,87,16,10,26,113
02/23/2006,PKB,WV,AEA,CE,Federal Contract Tower,0,12,8,2,22,0,0,26,7,33,0,12,34,9,55,42,26,68,123
02/24/2006,PKB,WV,AEA,CE,Federal Contract Tower,0,15,17,2,34,0,0,46,17,63,0,15,63,19,97,12,18,30,127
02/25/2006,PKB,WV,AEA,CE,Federal Contract Tower,0,3,4,4,11,0,0,13,12,25,0,3,17,16,36,0,0,0,36
02/26/2006,PKB,WV,AEA,CE,Federal Contract Tower,0,4,6,2,12,0,0,23,4,27,0,4,29,6,39,12,4,16,55
02/27/2006,PKB,WV,AEA,CE,Federal Contract Tower,0,9,8,2,19,0,0,4,1,5,0,9,12,3,24,0,0,0,24
02/28/2006,PKB,WV,AEA,CE,Federal Contract Tower,0,11,25,5,41,0,0,42,10,52,0,11,67,15,93,26,32,58,151
03/01/2006,PKB,WV,AEA,CE,Federal Contract Tower,0,12,12,6,30,0,0,57,16,73,0,12,69,22,103,48,28,76,179
03/02/2006,PKB,WV,AEA,CE,Federal Contract Tower,0,18,24,0,42,0,0,12,2,14,0,18,36,2,56,10,0,10,66
03/03/2006,PKB,WV,AEA,CE,Federal Contract Tower,0,11,10,4,25,0,0,21,13,34,0,11,31,17,59,18,30,48,107
03/04/2006,PKB,WV,AEA,CE,Federal Contract Tower,0,3,10,5,18,0,0,59,15,74,0,3,69,20,92,8,46,54,146
03/05/2006,PKB,WV,AEA,CE,Federal Contract Tower,0,4,18,1,23,0,0,50,8,58,0,4,68,9,81,32,26,58,139
03/06/2006,PKB,WV,AEA,CE,Federal Contract Tower,0,1,17,3,21,0,10,2,5,17,0,11,19,8,38,14,16,30,68
03/07/2006,PKB,WV,AEA,CE,Federal Contract Tower,0,12,27,5,44,0,0,60,16,76,0,12,87,21,120,24,32,56,176
03/08/2006,PKB,WV,AEA,CE,Federal Contract Tower,0,14,16,0,30,0,0,32,4,36,0,14,48,4,66,30,14,44,110
03/09/2006,PKB,WV,AEA,CE,Federal Contract Tower,0,12,13,4,29,0,0,7,12,19,0,12,20,16,48,0,44,44,92
03/10/2006,PKB,WV,AEA,CE,Federal Contract Tower,0,11,18,2,31,0,0,13,2,15,0,11,31,4,46,16,0,16,62
03/11/2006,PKB,WV,AEA,CE,Federal Contract Tower,0,3,8,0,11,0,0,17,0,17,0,3,25,0,28,0,0,0,28
03/12/2006,PKB,WV,AEA,CE,Federal Contract Tower,0,4,8,0,12,0,0,0,0,0,0,4,8,0,12,0,0,0,12
03/13/2006,PKB,WV,AEA,CE,Federal Contract Tower,0,8,2,0,10,0,0,1,2,3,0,8,3,2,13,0,0,0,13
03/14/2006,PKB,WV,AEA,CE,Federal Contract Tower,0,11,10,5,26,0,0,14,7,21,0,11,24,12,47,0,22,22,69
03/15/2006,PKB,WV,AEA,CE,Federal Contract Tower,0,14,8,0,22,0,0,38,11,49,0,14,46,11,71,36,14,50,121
03/16/2006,PKB,WV,AEA,CE,Federal Contract Tower,0,12,9,2,23,0,0,23,4,27,0,12,32,6,50,16,12,28,78
03/17/2006,PKB,WV,AEA,CE,Federal Contract Tower,0,10,20,3,33,0,0,16,14,30,0,10,36,17,63,4,20,24,87
03/18/2006,PKB,WV,AEA,CE,Federal Contract Tower,0,3,8,2,13,0,0,37,15,52,0,3,45,17,65,12,8,20,85
03/19/2006,PKB,WV,AEA,CE,Federal Contract Tower,0,4,11,1,16,0,0,43,4,47,0,4,54,5,63,24,0,24,87
03/20/2006,PKB,WV,AEA,CE,Federal Contract Tower,0,12,18,1,31,0,0,24,4,28,0,12,42,5,59,30,6,36,95
03/21/2006,PKB,WV,AEA,CE,Federal Contract Tower,0,9,12,0,21,0,0,6,0,6,0,9,18,0,27,20,0,20,47
03/22/2006,PKB,WV,AEA,CE,Federal Contract Tower,0,15,17,1,33,0,0,30,6,36,0,15,47,7,69,74,54,128,197
03/23/2006,PKB,WV,AEA,CE,Federal Contract Tower,0,13,16,3,32,0,0,23,4,27,0,13,39,7,59,12,0,12,71
03/24/2006,PKB,WV,AEA,CE,Federal Contract Tower,0,14,8,0,22,0,0,21,2,23,0,14,29,2,45,8,0,8,53
03/25/2006,PKB,WV,AEA,CE,Federal Contract Tower,0,3,8,1,12,0,0,18,0,18,0,3,26,1,30,10,0,10,40
03/26/2006,PKB,WV,AEA,CE,Federal Contract Tower,0,4,14,0,18,0,0,4,0,4,0,4,18,0,22,0,0,0,22
03/27/2006,PKB,WV,AEA,CE,Federal Contract Tower,0,10,10,5,25,0,0,36,3,39,0,10,46,8,64,22,0,22,86
03/28/2006,PKB,WV,AEA,CE,Federal Contract Tower,0,9,14,3,26,0,0,14,6,20,0,9,28,9,46,6,0,6,52
03/29/2006,PKB,WV,AEA,CE,Federal Contract Tower,0,14,14,7,35,0,0,42,9,51,0,14,56,16,86,32,12,44,130
03/30/2006,PKB,WV,AEA,CE,Federal Contract Tower,0,12,18,1,31,0,0,42,9,51,0,12,60,10,82,34,0,34,116
03/31/2006,PKB,WV,AEA,CE,Federal Contract Tower,0,12,23,0,35,0,0,19,6,25,0,12,42,6,60,2,58,60,120
04/01/2006,PKB,WV,AEA,CE,Federal Contract Tower,0,3,9,0,12,0,0,20,13,33,0,3,29,13,45,12,52,64,109
04/02/2006,PKB,WV,AEA,CE,Federal Contract Tower,0,6,9,4,19,0,0,40,8,48,0,6,49,12,67,34,12,46,113
04/03/2006,PKB,WV,AEA,CE,Federal Contract Tower,0,11,9,3,23,0,0,35,2,37,0,11,44,5,60,40,0,40,100
04/04/2006,PKB,WV,AEA,CE,Federal Contract Tower,0,18,16,4,38,0,0,33,9,42,0,18,49,13,80,18,2,20,100
04/05/2006,PKB,WV,AEA,CE,Federal Contract Tower,0,15,14,2,31,0,0,49,6,55,0,15,63,8,86,30,16,46,132
04/06/2006,PKB,WV,AEA,CE,Federal Contract Tower,0,15,14,0,29,0,0,44,5,49,0,15,58,5,78,36,2,38,116
04/07/2006,PKB,WV,AEA,CE,Federal Contract Tower,0,15,7,0,22,0,0,9,10,19,0,15,16,10,41,4,20,24,65
04/08/2006,PKB,WV,AEA,CE,Federal Contract Tower,0,3,4,0,7,0,0,47,0,47,0,3,51,0,54,50,0,50,104
04/09/2006,PKB,WV,AEA,CE,Federal Contract Tower,0,4,16,8,28,0,0,52,9,61,0,4,68,17,89,36,14,50,139
04/10/2006,PKB,WV,AEA,CE,Federal Contract Tower,0,13,9,8,30,0,0,61,2,63,0,13,70,10,93,44,18,62,155
04/11/2006,PKB,WV,AEA,CE,Federal Contract Tower,0,14,28,6,48,0,0,74,8,82,0,14,102,14,130,56,12,68,198
04/12/2006,PKB,WV,AEA,CE,Federal Contract Tower,0,13,13,8,34,0,0,18,5,23,0,13,31,13,57,18,22,40,97
04/13/2006,PKB,WV,AEA,CE,Federal Contract Tower,0,14,24,5,43,0,0,55,11,66,0,14,79,16,109,36,12,48,157
04/14/2006,PKB,WV,AEA,CE,Federal Contract Tower,0,12,17,0,29,0,0,14,5,19,0,12,31,5,48,0,0,0,48
04/15/2006,PKB,WV,AEA,CE,Federal Contract Tower,0,1,7,0,8,0,0,37,0,37,0,1,44,0,45,46,0,46,91
04/16/2006,PKB,WV,AEA,CE,Federal Contract Tower,0,4,16,0,20,0,0,30,2,32,0,4,46,2,52,50,0,50,102
04/17/2006,PKB,WV,AEA,CE,Federal Contract Tower,0,10,10,3,23,0,0,24,1,25,0,10,34,4,48,4,0,4,52
04/18/2006,PKB,WV,AEA,CE,Federal Contract Tower,0,13,20,4,37,0,0,54,7,61,0,13,74,11,98,44,14,58,156
04/19/2006,PKB,WV,AEA,CE,Federal Contract Tower,0,18,13,7,38,0,0,65,10,75,0,18,78,17,113,78,18,96,209
04/20/2006,PKB,WV,AEA,CE,Federal Contract Tower,0,12,18,4,34,0,0,55,8,63,0,12,73,12,97,34,66,100,197
04/21/2006,PKB,WV,AEA,CE,Federal Contract Tower,0,14,17,2,33,0,0,10,12,22,0,14,27,14,55,6,130,136,191
04/22/2006,PKB,WV,AEA,CE,Federal Contract Tower,0,4,10,7,21,0,0,12,9,21,0,4,22,16,42,34,36,70,112
04/23/2006,PKB,WV,AEA,CE,Federal Contract Tower,0,4,28,4,36,0,0,46,10,56,0,4,74,14,92,48,18,66,158
04/24/2006,PKB,WV,AEA,CE,Federal Contract Tower,0,9,25,7,41,0,0,35,5,40,0,9,60,12,81,32,2,34,115
04/25/2006,PKB,WV,AEA,CE,Federal Contract Tower,0,12,24,7,43,0,0,23,4,27,0,12,47,11,70,14,23,37,107
04/26/2006,PKB,WV,AEA,CE,Federal Contract Tower,0,12,21,5,38,0,0,87,12,99,0,12,108,17,137,46,40,86,223
04/27/2006,PKB,WV,AEA,CE,Federal Contract Tower,0,13,15,6,34,0,0,57,19,76,0,13,72,25,110,38,46,84,194
04/28/2006,PKB,WV,AEA,CE,Federal Contract Tower,0,16,17,5,38,0,0,109,11,120,0,16,126,16,158,112,0,112,270
04/29/2006,PKB,WV,AEA,CE,Federal Contract Tower,0,4,12,0,16,0,0,246,0,246,0,4,258,0,262,132,0,132,394
04/30/2006,PKB,WV,AEA,CE,Federal Contract Tower,0,3,8,0,11,0,0,62,0,62,0,3,70,0,73,28,0,28,101
05/01/2006,PKB,WV,AEA,CE,Federal Contract Tower,0,9,11,0,20,0,0,34,11,45,0,9,45,11,65,40,0,40,105
05/02/2006,PKB,WV,AEA,CE,Federal Contract Tower,0,12,14,5,31,0,0,36,3,39,0,12,50,8,70,44,0,44,114
05/03/2006,PKB,WV,AEA,CE,Federal Contract Tower,0,12,28,3,43,0,0,64,6,70,0,12,92,9,113,78,2,80,193
05/04/2006,PKB,WV,AEA,CE,Federal Contract Tower,0,13,18,5,36,0,0,46,13,59,0,13,64,18,95,62,14,76,171
05/05/2006,PKB,WV,AEA,CE,Federal Contract Tower,0,12,22,2,36,0,0,38,4,42,0,12,60,6,78,42,0,42,120
05/06/2006,PKB,WV,AEA,CE,Federal Contract Tower,0,3,14,0,17,0,0,38,1,39,0,3,52,1,56,38,0,38,94
05/07/2006,PKB,WV,AEA,CE,Federal Contract Tower,0,5,16,0,21,0,0,24,14,38,0,5,40,14,59,34,0,34,93
05/08/2006,PKB,WV,AEA,CE,Federal Contract Tower,0,10,17,0,27,0,0,8,13,21,0,10,25,13,48,4,42,46,94
05/09/2006,PKB,WV,AEA,CE,Federal Contract Tower,0,12,13,9,34,0,0,71,20,91,0,12,84,29,125,60,74,134,259
05/10/2006,PKB,WV,AEA,CE,Federal Contract Tower,0,14,15,9,38,0,0,47,19,66,0,14,62,28,104,26,112,138,242
05/11/2006,PKB,WV,AEA,CE,Federal Contract Tower,0,14,15,5,34,0,0,32,7,39,0,14,47,12,73,22,16,38,111
05/12/2006,PKB,WV,AEA,CE,Federal Contract Tower,0,13,11,5,29,0,0,19,10,29,0,13,30,15,58,22,90,112,170
05/13/2006,PKB,WV,AEA,CE,Federal Contract Tower,0,5,3,1,9,0,0,21,0,21,0,5,24,1,30,4,0,4,34
05/14/2006,PKB,WV,AEA,CE,Federal Contract Tower,0,4,8,0,12,0,0,4,0,4,0,4,12,0,16,8,0,8,24
05/15/2006,PKB,WV,AEA,CE,Federal Contract Tower,0,11,12,3,26,0,0,17,12,29,0,11,29,15,55,28,102,130,185
05/16/2006,PKB,WV,AEA,CE,Federal Contract Tower,0,12,23,6,41,0,0,12,10,22,0,12,35,16,63,0,48,48,111
05/17/2006,PKB,WV,AEA,CE,Federal Contract Tower,0,13,27,4,44,0,0,32,5,37,0,13,59,9,81,64,8,72,153
05/18/2006,PKB,WV,AEA,CE,Federal Contract Tower,0,13,10,2,25,0,0,26,15,41,0,13,36,17,66,20,28,48,114
05/19/2006,PKB,WV,AEA,CE,Federal Contract Tower,0,10,14,2,26,0,0,16,6,22,0,10,30,8,48,2,62,64,112
05/20/2006,PKB,WV,AEA,CE,Federal Contract Tower,0,5,10,2,17,0,0,68,14,82,0,5,78,16,99,30,2,32,131
05/21/2006,PKB,WV,AEA,CE,Federal Contract Tower,0,4,8,4,16,0,0,22,9,31,0,4,30,13,47,18,18,36,83
05/22/2006,PKB,WV,AEA,CE,Federal Contract Tower,0,7,19,2,28,0,0,40,11,51,0,7,59,13,79,42,12,54,133
05/23/2006,PKB,WV,AEA,CE,Federal Contract Tower,0,12,17,0,29,0,0,80,13,93,0,12,97,13,122,104,24,128,250
05/24/2006,PKB,WV,AEA,CE,Federal Contract Tower,0,9,25,0,34,0,0,77,18,95,0,9,102,18,129,68,20,88,217
05/25/2006,PKB,WV,AEA,CE,Federal Contract Tower,0,11,30,0,41,0,0,28,4,32,0,11,58,4,73,10,76,86,159
05/26/2006,PKB,WV,AEA,CE,Federal Contract Tower,0,5,14,0,19,0,0,5,4,9,0,5,19,4,28,0,0,0,28
05/27/2006,PKB,WV,AEA,CE,Federal Contract Tower,0,3,25,0,28,0,0,36,0,36,0,3,61,0,64,44,0,44,108
05/28/2006,PKB,WV,AEA,CE,Federal Contract Tower,0,4,4,0,8,0,0,32,0,32,0,4,36,0,40,14,0,14,54
05/29/2006,PKB,WV,AEA,CE,Federal Contract Tower,0,6,16,0,22,0,0,27,0,27,0,6,43,0,49,42,0,42,91
05/30/2006,PKB,WV,AEA,CE,Federal Contract Tower,0,7,12,4,23,0,0,46,23,69,0,7,58,27,92,22,28,50,142
05/31/2006,PKB,WV,AEA,CE,Federal Contract Tower,0,7,13,1,21,0,0,56,10,66,0,7,69,11,87,60,12,72,159
06/01/2006,PKB,WV,AEA,CE,Federal Contract Tower,0,10,14,0,24,0,0,22,11,33,0,10,36,11,57,20,0,20,77
06/02/2006,PKB,WV,AEA,CE,Federal Contract Tower,0,10,17,8,35,0,0,2,0,2,0,10,19,8,37,2,58,60,97
06/03/2006,PKB,WV,AEA,CE,Federal Contract Tower,0,3,9,2,14,0,0,54,18,72,0,3,63,20,86,28,64,92,178
06/04/2006,PKB,WV,AEA,CE,Federal Contract Tower,0,2,19,8,29,0,0,13,8,21,0,2,32,16,50,18,68,86,136
06/05/2006,PKB,WV,AEA,CE,Federal Contract Tower,0,4,10,2,16,0,0,29,2,31,0,4,39,4,47,24,0,24,71
06/06/2006,PKB,WV,AEA,CE,Federal Contract Tower,0,7,20,2,29,0,0,48,21,69,0,7,68,23,98,52,68,120,218
06/07/2006,PKB,WV,AEA,CE,Federal Contract Tower,0,8,9,4,21,0,0,65,22,87,0,8,74,26,108,58,22,80,188
06/08/2006,PKB,WV,AEA,CE,Federal Contract Tower,0,12,9,5,26,0,0,16,8,24,0,12,25,13,50,12,10,22,72
06/09/2006,PKB,WV,AEA,CE,Federal Contract Tower,0,10,10,10,30,0,0,29,20,49,0,10,39,30,79,2,14,16,95
06/10/2006,PKB,WV,AEA,CE,Federal Contract Tower,0,4,9,0,13,0,0,37,0,37,0,4,46,0,50,22,0,22,72
06/11/2006,PKB,WV,AEA,CE,Federal Contract Tower,0,4,10,0,14,0,0,37,0,37,0,4,47,0,51,38,0,38,89
06/12/2006,PKB,WV,AEA,CE,Federal Contract Tower,0,9,10,8,27,0,0,46,11,57,0,9,56,19,84,56,42,98,182
06/13/2006,PKB,WV,AEA,CE,Federal Contract Tower,0,12,17,1,30,0,0,49,12,61,0,12,66,13,91,56,12,68,159
06/14/2006,PKB,WV,AEA,CE,Federal Contract Tower,0,10,11,8,29,0,0,62,7,69,0,10,73,15,98,28,8,36,134
06/15/2006,PKB,WV,AEA,CE,Federal Contract Tower,0,9,18,10,37,0,0,41,11,52,0,9,59,21,89,34,18,52,141
06/16/2006,PKB,WV,AEA,CE,Federal Contract Tower,0,9,8,2,19,0,0,42,6,48,0,9,50,8,67,6,2,8,75
06/17/2006,PKB,WV,AEA,CE,Federal Contract Tower,0,4,7,2,13,0,0,53,6,59,0,4,60,8,72,22,0,22,94
06/18/2006,PKB,WV,AEA,CE,Federal Contract Tower,0,3,2,0,5,0,0,21,0,21,0,3,23,0,26,0,0,0,26
06/19/2006,PKB,WV,AEA,CE,Federal Contract Tower,0,3,11,2,16,0,0,28,1,29,0,3,39,3,45,12,6,18,63
06/20/2006,PKB,WV,AEA,CE,Federal Contract Tower,0,9,15,6,30,0,0,42,7,49,0,9,57,13,79,44,0,44,123
06/21/2006,PKB,WV,AEA,CE,Federal Contract Tower,0,9,12,7,28,0,0,40,10,50,0,9,52,17,78,14,52,66,144
06/22/2006,PKB,WV,AEA,CE,Federal Contract Tower,0,13,10,10,33,0,0,18,7,25,0,13,28,17,58,18,16,34,92
06/23/2006,PKB,WV,AEA,CE,Federal Contract Tower,0,10,14,0,24,0,0,24,0,24,0,10,38,0,48,54,0,54,102
06/24/2006,PKB,WV,AEA,CE,Federal Contract Tower,0,4,12,0,16,0,0,44,0,44,0,4,56,0,60,56,0,56,116
06/25/2006,PKB,WV,AEA,CE,Federal Contract Tower,0,2,13,0,15,0,0,3,0,3,0,2,16,0,18,0,0,0,18
06/26/2006,PKB,WV,AEA,CE,Federal Contract Tower,0,8,24,0,32,0,0,1,0,1,0,8,25,0,33,0,0,0,33
06/27/2006,PKB,WV,AEA,CE,Federal Contract Tower,0,14,12,1,27,0,0,28,2,30,0,14,40,3,57,32,0,32,89
06/28/2006,PKB,WV,AEA,CE,Federal Contract Tower,0,12,12,3,27,0,0,51,16,67,0,12,63,19,94,68,10,78,172
06/29/2006,PKB,WV,AEA,CE,Federal Contract Tower,0,14,20,2,36,0,0,33,17,50,0,14,53,19,86,50,12,62,148
06/30/2006,PKB,WV,AEA,CE,Federal Contract Tower,0,10,9,5,24,0,0,60,13,73,0,10,69,18,97,18,38,56,153
07/01/2006,PKB,WV,AEA,CE,Federal Contract Tower,0,3,12,0,15,0,0,47,0,47,0,3,59,0,62,14,0,14,76
07/02/2006,PKB,WV,AEA,CE,Federal Contract Tower,0,5,4,0,9,0,0,29,2,31,0,5,33,2,40,4,0,4,44
07/03/2006,PKB,WV,AEA,CE,Federal Contract Tower,0,9,3,0,12,0,0,6,1,7,0,9,9,1,19,18,4,22,41
07/04/2006,PKB,WV,AEA,CE,Federal Contract Tower,0,4,10,0,14,0,0,26,10,36,0,4,36,10,50,20,0,20,70
07/05/2006,PKB,WV,AEA,CE,Federal Contract Tower,0,13,12,2,27,0,0,36,4,40,0,13,48,6,67,20,12,32,99
07/06/2006,PKB,WV,AEA,CE,Federal Contract Tower,0,10,8,4,22,0,0,47,14,61,0,10,55,18,83,52,40,92,175
07/07/2006,PKB,WV,AEA,CE,Federal Contract Tower,0,10,24,3,37,0,0,62,11,73,0,10,86,14,110,42,22,64,174
07/08/2006,PKB,WV,AEA,CE,Federal Contract Tower,0,4,15,0,19,0,0,63,8,71,0,4,78,8,90,48,0,48,138
07/09/2006,PKB,WV,AEA,CE,Federal Contract Tower,0,4,15,0,19,0,0,45,4,49,0,4,60,4,68,64,0,64,132
07/10/2006,PKB,WV,AEA,CE,Federal Contract Tower,0,6,17,0,23,0,0,29,10,39,0,6,46,10,62,26,24,50,112
07/11/2006,PKB,WV,AEA,CE,Federal Contract Tower,0,9,26,4,39,0,0,32,6,38,0,9,58,10,77,52,14,66,143
07/12/2006,PKB,WV,AEA,CE,Federal Contract Tower,0,16,18,2,36,0,0,33,0,33,0,16,51,2,69,32,0,32,101
07/13/2006,PKB,WV,AEA,CE,Federal Contract Tower,0,17,11,8,36,0,0,3,0,3,0,17,14,8,39,0,0,0,39
07/14/2006,PKB,WV,AEA,CE,Federal Contract Tower,0,7,19,6,32,0,0,13,2,15,0,7,32,8,47,36,10,46,93
07/15/2006,PKB,WV,AEA,CE,Federal Contract Tower,0,3,17,0,20,0,0,24,0,24,0,3,41,0,44,2,0,2,46
07/16/2006,PKB,WV,AEA,CE,Federal Contract Tower,0,4,7,0,11,0,0,30,0,30,0,4,37,0,41,0,0,0,41
07/17/2006,PKB,WV,AEA,CE,Federal Contract Tower,0,9,28,1,38,0,0,52,5,57,0,9,80,6,95,46,0,46,141
07/18/2006,PKB,WV,AEA,CE,Federal Contract Tower,0,12,16,1,29,0,0,43,11,54,0,12,59,12,83,52,22,74,157
07/19/2006,PKB,WV,AEA,CE,Federal Contract Tower,0,14,18,4,36,0,0,56,6,62,0,14,74,10,98,96,12,108,206
07/20/2006,PKB,WV,AEA,CE,Federal Contract Tower,0,15,10,2,27,0,0,18,0,18,0,15,28,2,45,16,0,16,61
07/21/2006,PKB,WV,AEA,CE,Federal Contract Tower,0,14,23,2,39,0,0,25,7,32,0,14,48,9,71,10,2,12,83
07/22/2006,PKB,WV,AEA,CE,Federal Contract Tower,0,6,19,0,25,0,0,5,6,11,0,6,24,6,36,4,74,78,114
07/23/2006,PKB,WV,AEA,CE,Federal Contract Tower,0,5,13,0,18,0,2,39,0,41,0,7,52,0,59,0,0,0,59
07/24/2006,PKB,WV,AEA,CE,Federal Contract Tower,0,9,12,2,23,0,0,39,6,45,0,9,51,8,68,62,18,80,148
07/25/2006,PKB,WV,AEA,CE,Federal Contract Tower,0,8,17,6,31,0,0,44,0,44,0,8,61,6,75,32,0,32,107
07/26/2006,PKB,WV,AEA,CE,Federal Contract Tower,0,12,20,5,37,0,0,54,1,55,0,12,74,6,92,82,0,82,174
07/27/2006,PKB,WV,AEA,CE,Federal Contract Tower,0,10,12,3,25,0,0,26,8,34,0,10,38,11,59,44,2,46,105
07/28/2006,PKB,WV,AEA,CE,Federal Contract Tower,0,14,9,3,26,0,0,16,3,19,0,14,25,6,45,2,28,30,75
07/29/2006,PKB,WV,AEA,CE,Federal Contract Tower,0,4,3,0,7,0,0,21,0,21,0,4,24,0,28,14,0,14,42
07/30/2006,PKB,WV,AEA,CE,Federal Contract Tower,0,7,10,0,17,0,0,22,15,37,0,7,32,15,54,46,0,46,100
07/31/2006,PKB,WV,AEA,CE,Federal Contract Tower,0,7,9,1,17,0,2,31,3,36,0,9,40,4,53,22,2,24,77
08/01/2006,PKB,WV,AEA,CE,Federal Contract Tower,0,12,17,2,31,0,0,45,4,49,0,12,62,6,80,40,0,40,120
08/02/2006,PKB,WV,AEA,CE,Federal Contract Tower,0,12,9,8,29,0,0,48,9,57,0,12,57,17,86,38,10,48,134
08/03/2006,PKB,WV,AEA,CE,Federal Contract Tower,0,14,18,4,36,0,0,35,15,50,0,14,53,19,86,20,22,42,128
08/04/2006,PKB,WV,AEA,CE,Federal Contract Tower,0,11,15,4,30,0,0,23,9,32,0,11,38,13,62,28,62,90,152
08/05/2006,PKB,WV,AEA,CE,Federal Contract Tower,0,4,11,2,17,0,0,50,18,68,0,4,61,20,85,22,6,28,113
08/06/2006,PKB,WV,AEA,CE,Federal Contract Tower,0,4,9,1,14,0,2,51,8,61,0,6,60,9,75,22,0,22,97
08/07/2006,PKB,WV,AEA,CE,Federal Contract Tower,0,9,9,0,18,0,0,29,5,34,0,9,38,5,52,8,4,12,64
08/08/2006,PKB,WV,AEA,CE,Federal Contract Tower,0,6,21,0,27,0,0,47,3,50,0,6,68,3,77,46,0,46,123
08/09/2006,PKB,WV,AEA,CE,Federal Contract Tower,0,10,14,12,36,0,0,65,11,76,0,10,79,23,112,48,22,70,182
08/10/2006,PKB,WV,AEA,CE,Federal Contract Tower,0,11,18,11,40,0,0,26,7,33,0,11,44,18,73,28,24,52,125
08/11/2006,PKB,WV,AEA,CE,Federal Contract Tower,0,13,13,1,27,0,0,30,2,32,0,13,43,3,59,50,0,50,109
08/12/2006,PKB,WV,AEA,CE,Federal Contract Tower,0,4,13,0,17,0,0,76,0,76,0,4,89,0,93,20,0,20,113
08/13/2006,PKB,WV,AEA,CE,Federal Contract Tower,0,4,16,1,21,0,0,57,3,60,0,4,73,4,81,30,0,30,111
08/14/2006,PKB,WV,AEA,CE,Federal Contract Tower,0,9,19,2,30,0,0,34,6,40,0,9,53,8,70,60,2,62,132
08/15/2006,PKB,WV,AEA,CE,Federal Contract Tower,0,16,17,7,40,0,0,60,5,65,0,16,77,12,105,46,22,68,173
08/16/2006,PKB,WV,AEA,CE,Federal Contract Tower,0,12,15,2,29,0,0,64,15,79,0,12,79,17,108,75,26,101,209
08/17/2006,PKB,WV,AEA,CE,Federal Contract Tower,0,12,13,5,30,0,0,52,8,60,0,12,65,13,90,28,8,36,126
08/18/2006,PKB,WV,AEA,CE,Federal Contract Tower,0,11,16,6,33,0,0,40,10,50,0,11,56,16,83,40,0,40,123
08/19/2006,PKB,WV,AEA,CE,Federal Contract Tower,0,3,9,1,13,0,0,13,3,16,0,3,22,4,29,0,0,0,29
08/20/2006,PKB,WV,AEA,CE,Federal Contract Tower,0,4,9,0,13,0,0,39,2,41,0,4,48,2,54,30,0,30,84
08/21/2006,PKB,WV,AEA,CE,Federal Contract Tower,0,9,15,3,27,0,0,34,8,42,0,9,49,11,69,50,14,64,133
08/22/2006,PKB,WV,AEA,CE,Federal Contract Tower,0,12,23,2,37,0,0,66,6,72,0,12,89,8,109,54,18,72,181
08/23/2006,PKB,WV,AEA,CE,Federal Contract Tower,0,12,26,5,43,0,0,63,2,65,0,12,89,7,108,76,2,78,186
08/24/2006,PKB,WV,AEA,CE,Federal Contract Tower,0,12,20,3,35,0,0,54,11,65,0,12,74,14,100,20,0,20,120
08/25/2006,PKB,WV,AEA,CE,Federal Contract Tower,0,13,11,4,28,0,0,49,14,63,0,13,60,18,91,42,0,42,133
08/26/2006,PKB,WV,AEA,CE,Federal Contract Tower,0,4,7,0,11,0,0,37,19,56,0,4,44,19,67,16,42,58,125
08/27/2006,PKB,WV,AEA,CE,Federal Contract Tower,0,3,10,3,16,0,0,7,1,8,0,3,17,4,24,16,0,16,40
08/28/2006,PKB,WV,AEA,CE,Federal Contract Tower,0,7,10,0,17,0,0,0,6,6,0,7,10,6,23,0,0,0,23
08/29/2006,PKB,WV,AEA,CE,Federal Contract Tower,0,8,24,0,32,0,0,19,11,30,0,8,43,11,62,18,70,88,150
08/30/2006,PKB,WV,AEA,CE,Federal Contract Tower,0,16,9,3,28,0,0,24,7,31,0,16,33,10,59,24,0,24,83
08/31/2006,PKB,WV,AEA,CE,Federal Contract Tower,0,12,12,2,26,0,0,11,2,13,0,12,23,4,39,0,0,0,39
09/01/2006,PKB,WV,AEA,CE,Federal Contract Tower,0,11,7,2,20,0,0,16,3,19,0,11,23,5,39,0,0,0,39
09/02/2006,PKB,WV,AEA,CE,Federal Contract Tower,0,4,16,0,20,0,0,16,1,17,0,4,32,1,37,6,0,6,43
09/03/2006,PKB,WV,AEA,CE,Federal Contract Tower,0,4,7,0,11,0,0,26,0,26,0,4,33,0,37,22,0,22,59
09/04/2006,PKB,WV,AEA,CE,Federal Contract Tower,0,6,10,0,16,0,0,34,0,34,0,6,44,0,50,54,0,54,104
09/05/2006,PKB,WV,AEA,CE,Federal Contract Tower,0,9,14,3,26,0,0,16,8,24,0,9,30,11,50,0,0,0,50
09/06/2006,PKB,WV,AEA,CE,Federal Contract Tower,0,11,27,4,42,0,0,50,24,74,0,11,77,28,116,42,14,56,172
09/07/2006,PKB,WV,AEA,CE,Federal Contract Tower,0,14,19,6,39,0,0,47,15,62,0,14,66,21,101,48,58,106,207
09/08/2006,PKB,WV,AEA,CE,Federal Contract Tower,0,13,13,6,32,0,0,45,9,54,0,13,58,15,86,42,18,60,146
09/09/2006,PKB,WV,AEA,CE,Federal Contract Tower,0,5,11,0,16,0,0,67,20,87,0,5,78,20,103,28,42,70,173
09/10/2006,PKB,WV,AEA,CE,Federal Contract Tower,2,5,4,5,16,0,0,49,5,54,2,5,53,10,70,34,24,58,128
09/11/2006,PKB,WV,AEA,CE,Federal Contract Tower,0,11,8,0,19,0,0,23,17,40,0,11,31,17,59,20,18,38,97
09/12/2006,PKB,WV,AEA,CE,Federal Contract Tower,0,19,19,4,42,0,0,12,10,22,0,19,31,14,64,4,20,24,88
09/13/2006,PKB,WV,AEA,CE,Federal Contract Tower,0,18,11,3,32,0,0,26,5,31,0,18,37,8,63,20,20,40,103
09/14/2006,PKB,WV,AEA,CE,Federal Contract Tower,0,17,20,4,41,0,0,18,12,30,0,17,38,16,71,20,42,62,133
09/15/2006,PKB,WV,AEA,CE,Federal Contract Tower,0,22,31,0,53,0,0,28,0,28,0,22,59,0,81,18,0,18,99
09/16/2006,PKB,WV,AEA,CE,Federal Contract Tower,0,6,18,7,31,0,0,72,3,75,0,6,90,10,106,66,30,96,202
09/17/2006,PKB,WV,AEA,CE,Federal Contract Tower,0,4,7,1,12,0,0,86,5,91,0,4,93,6,103,106,62,168,271
09/18/2006,PKB,WV,AEA,CE,Federal Contract Tower,0,16,13,7,36,0,0,29,11,40,0,16,42,18,76,36,24,60,136
09/19/2006,PKB,WV,AEA,CE,Federal Contract Tower,0,17,16,2,35,0,0,47,9,56,0,17,63,11,91,38,26,64,155
09/20/2006,PKB,WV,AEA,CE,Federal Contract Tower,0,15,13,11,39,0,0,42,19,61,0,15,55,30,100,20,60,80,180
09/21/2006,PKB,WV,AEA,CE,Federal Contract Tower,0,14,21,16,51,0,2,32,15,49,0,16,53,31,100,28,30,58,158
09/22/2006,PKB,WV,AEA,CE,Federal Contract Tower,2,14,8,6,30,0,0,23,19,42,2,14,31,25,72,52,44,96,168
09/23/2006,PKB,WV,AEA,CE,Federal Contract Tower,2,4,0,6,12,0,0,9,6,15,2,4,9,12,27,2,12,14,41
09/24/2006,PKB,WV,AEA,CE,Federal Contract Tower,0,3,6,3,12,0,0,16,14,30,0,3,22,17,42,24,44,68,110
09/25/2006,PKB,WV,AEA,CE,Federal Contract Tower,0,8,17,3,28,0,2,41,13,56,0,10,58,16,84,28,76,104,188
09/26/2006,PKB,WV,AEA,CE,Federal Contract Tower,0,13,18,3,34,0,0,67,12,79,0,13,85,15,113,44,10,54,167
09/27/2006,PKB,WV,AEA,CE,Federal Contract Tower,0,14,14,8,36,0,0,55,17,72,0,14,69,25,108,50,32,82,190
09/28/2006,PKB,WV,AEA,CE,Federal Contract Tower,0,14,8,4,26,0,0,3,1,4,0,14,11,5,30,0,0,0,30
09/29/2006,PKB,WV,AEA,CE,Federal Contract Tower,0,19,19,0,38,0,0,33,0,33,0,19,52,0,71,16,0,16,87
09/30/2006,PKB,WV,AEA,CE,Federal Contract Tower,0,4,11,0,15,0,0,26,0,26,0,4,37,0,41,0,0,0,41
10/01/2006,PKB,WV,AEA,CE,Federal Contract Tower,0,4,9,0,13,0,0,47,0,47,0,4,56,0,60,50,0,50,110
10/02/2006,PKB,WV,AEA,CE,Federal Contract Tower,0,14,15,0,29,0,1,37,4,42,0,15,52,4,71,48,0,48,119
10/03/2006,PKB,WV,AEA,CE,Federal Contract Tower,0,16,15,0,31,0,0,51,0,51,0,16,66,0,82,54,0,54,136
10/04/2006,PKB,WV,AEA,CE,Federal Contract Tower,0,11,14,0,25,0,0,53,2,55,0,11,67,2,80,60,0,60,140
10/05/2006,PKB,WV,AEA,CE,Federal Contract Tower,0,16,12,6,34,0,0,1,2,3,0,16,13,8,37,2,0,2,39
10/06/2006,PKB,WV,AEA,CE,Federal Contract Tower,1,13,11,0,25,0,0,36,17,53,1,13,47,17,78,12,22,34,112
10/07/2006,PKB,WV,AEA,CE,Federal Contract Tower,1,5,13,0,19,0,0,66,3,69,1,5,79,3,88,28,0,28,116
10/08/2006,PKB,WV,AEA,CE,Federal Contract Tower,0,6,10,2,18,0,0,63,0,63,0,6,73,2,81,36,0,36,117
10/09/2006,PKB,WV,AEA,CE,Federal Contract Tower,0,12,10,1,23,0,0,31,0,31,0,12,41,1,54,36,0,36,90
10/10/2006,PKB,WV,AEA,CE,Federal Contract Tower,0,21,22,2,45,0,0,49,5,54,0,21,71,7,99,44,12,56,155
10/11/2006,PKB,WV,AEA,CE,Federal Contract Tower,0,15,6,0,21,0,0,28,0,28,0,15,34,0,49,6,0,6,55
10/12/2006,PKB,WV,AEA,CE,Federal Contract Tower,0,15,17,0,32,0,0,15,5,20,0,15,32,5,52,2,18,20,72
10/13/2006,PKB,WV,AEA,CE,Federal Contract Tower,0,16,13,0,29,0,0,30,10,40,0,16,43,10,69,16,20,36,105
10/14/2006,PKB,WV,AEA,CE,Federal Contract Tower,0,6,11,3,20,0,0,51,16,67,0,6,62,19,87,72,6,78,165
10/15/2006,PKB,WV,AEA,CE,Federal Contract Tower,0,4,15,2,21,0,0,60,15,75,0,4,75,17,96,38,66,104,200
10/16/2006,PKB,WV,AEA,CE,Federal Contract Tower,0,10,9,2,21,0,0,30,2,32,0,10,39,4,53,26,4,30,83
10/17/2006,PKB,WV,AEA,CE,Federal Contract Tower,0,14,12,0,26,0,0,23,0,23,0,14,35,0,49,12,0,12,61
10/18/2006,PKB,WV,AEA,CE,Federal Contract Tower,0,21,8,1,30,0,0,54,10,64,0,21,62,11,94,36,6,42,136
10/19/2006,PKB,WV,AEA,CE,Federal Contract Tower,0,14,10,0,24,0,0,18,0,18,0,14,28,0,42,0,0,0,42
10/20/2006,PKB,WV,AEA,CE,Federal Contract Tower,1,13,6,0,20,0,0,27,3,30,1,13,33,3,50,46,0,46,96
10/21/2006,PKB,WV,AEA,CE,Federal Contract Tower,1,6,21,0,28,0,0,74,7,81,1,6,95,7,109,50,0,50,159
10/22/2006,PKB,WV,AEA,CE,Federal Contract Tower,0,4,5,1,10,0,0,6,8,14,0,4,11,9,24,0,70,70,94
10/23/2006,PKB,WV,AEA,CE,Federal Contract Tower,0,9,7,0,16,0,0,11,3,14,0,9,18,3,30,12,0,12,42
10/24/2006,PKB,WV,AEA,CE,Federal Contract Tower,0,17,16,8,41,0,0,51,14,65,0,17,67,22,106,44,22,66,172
10/25/2006,PKB,WV,AEA,CE,Federal Contract Tower,0,16,10,2,28,0,0,53,19,72,0,16,63,21,100,42,68,110,210
10/26/2006,PKB,WV,AEA,CE,Federal Contract Tower,0,11,14,2,27,0,0,17,3,20,0,11,31,5,47,4,46,50,97
10/27/2006,PKB,WV,AEA,CE,Federal Contract Tower,0,13,10,4,27,0,0,8,1,9,0,13,18,5,36,0,6,6,42
10/28/2006,PKB,WV,AEA,CE,Federal Contract Tower,0,4,11,1,16,0,0,14,2,16,0,4,25,3,32,4,2,6,38
10/29/2006,PKB,WV,AEA,CE,Federal Contract Tower,0,6,9,0,15,0,0,28,0,28,0,6,37,0,43,12,0,12,55
10/30/2006,PKB,WV,AEA,CE,Federal Contract Tower,0,9,10,1,20,0,2,50,5,57,0,11,60,6,77,66,16,82,159
10/31/2006,PKB,WV,AEA,CE,Federal Contract Tower,0,15,16,2,33,0,0,46,5,51,0,15,62,7,84,46,28,74,158
11/01/2006,PKB,WV,AEA,CE,Federal Contract Tower,0,14,23,4,41,0,0,20,2,22,0,14,43,6,63,12,0,12,75
11/02/2006,PKB,WV,AEA,CE,Federal Contract Tower,0,15,4,4,23,0,0,33,5,38,0,15,37,9,61,34,4,38,99
11/03/2006,PKB,WV,AEA,CE,Federal Contract Tower,0,13,18,1,32,0,0,38,11,49,0,13,56,12,81,38,48,86,167
11/04/2006,PKB,WV,AEA,CE,Federal Contract Tower,0,3,12,2,17,0,0,65,17,82,0,3,77,19,99,32,30,62,161
11/05/2006,PKB,WV,AEA,CE,Federal Contract Tower,0,5,19,5,29,0,0,50,10,60,0,5,69,15,89,28,40,68,157
11/06/2006,PKB,WV,AEA,CE,Federal Contract Tower,0,11,14,4,29,0,0,38,7,45,0,11,52,11,74,48,26,74,148
11/07/2006,PKB,WV,AEA,CE,Federal Contract Tower,0,17,23,2,42,0,0,29,7,36,0,17,52,9,78,18,24,42,120
11/08/2006,PKB,WV,AEA,CE,Federal Contract Tower,0,16,12,7,35,0,0,22,9,31,0,16,34,16,66,22,72,94,160
11/09/2006,PKB,WV,AEA,CE,Federal Contract Tower,0,15,8,13,36,0,1,44,11,56,0,16,52,24,92,38,34,72,164
11/10/2006,PKB,WV,AEA,CE,Federal Contract Tower,0,13,22,12,47,0,0,36,2,38,0,13,58,14,85,28,28,56,141
11/11/2006,PKB,WV,AEA,CE,Federal Contract Tower,0,4,4,2,10,0,0,4,2,6,0,4,8,4,16,0,6,6,22
11/12/2006,PKB,WV,AEA,CE,Federal Contract Tower,0,4,1,0,5,0,0,10,0,10,0,4,11,0,15,12,0,12,27
11/13/2006,PKB,WV,AEA,CE,Federal Contract Tower,0,13,10,0,23,0,0,4,1,5,0,13,14,1,28,0,12,12,40
11/14/2006,PKB,WV,AEA,CE,Federal Contract Tower,0,16,24,14,54,0,0,34,6,40,0,16,58,20,94,46,14,60,154
11/15/2006,PKB,WV,AEA,CE,Federal Contract Tower,0,16,15,19,50,0,0,17,5,22,0,16,32,24,72,0,66,66,138
11/16/2006,PKB,WV,AEA,CE,Federal Contract Tower,0,19,13,2,34,0,0,24,1,25,0,19,37,3,59,6,0,6,65
11/17/2006,PKB,WV,AEA,CE,Federal Contract Tower,0,13,7,2,22,0,0,36,19,55,0,13,43,21,77,6,50,56,133
11/18/2006,PKB,WV,AEA,CE,Federal Contract Tower,0,6,10,7,23,0,0,38,10,48,0,6,48,17,71,32,12,44,115
11/19/2006,PKB,WV,AEA,CE,Federal Contract Tower,0,4,2,5,11,0,0,21,7,28,0,4,23,12,39,24,16,40,79
11/20/2006,PKB,WV,AEA,CE,Federal Contract Tower,0,14,9,2,25,0,0,26,2,28,0,14,35,4,53,14,2,16,69
11/21/2006,PKB,WV,AEA,CE,Federal Contract Tower,0,18,18,0,36,0,0,36,10,46,0,18,54,10,82,58,16,74,156
11/22/2006,PKB,WV,AEA,CE,Federal Contract Tower,0,17,9,3,29,0,0,63,3,66,0,17,72,6,95,62,6,68,163
11/23/2006,PKB,WV,AEA,CE,Federal Contract Tower,0,6,10,0,16,0,0,34,2,36,0,6,44,2,52,38,14,52,104
11/24/2006,PKB,WV,AEA,CE,Federal Contract Tower,0,16,10,0,26,0,0,47,0,47,0,16,57,0,73,58,0,58,131
11/25/2006,PKB,WV,AEA,CE,Federal Contract Tower,0,4,14,0,18,0,0,73,1,74,0,4,87,1,92,40,0,40,132
11/26/2006,PKB,WV,AEA,CE,Federal Contract Tower,0,4,10,0,14,0,0,68,0,68,0,4,78,0,82,36,0,36,118
11/27/2006,PKB,WV,AEA,CE,Federal Contract Tower,0,13,13,5,31,0,0,45,4,49,0,13,58,9,80,40,36,76,156
11/28/2006,PKB,WV,AEA,CE,Federal Contract Tower,0,16,22,8,46,0,0,55,9,64,0,16,77,17,110,50,52,102,212
11/29/2006,PKB,WV,AEA,CE,Federal Contract Tower,0,18,14,7,39,0,0,47,15,62,0,18,61,22,101,30,48,78,179
11/30/2006,PKB,WV,AEA,CE,Federal Contract Tower,0,16,6,3,25,0,0,18,10,28,0,16,24,13,53,0,10,10,63
12/01/2006,PKB,WV,AEA,CE,Federal Contract Tower,0,10,5,0,15,0,0,6,1,7,0,10,11,1,22,2,0,2,24
12/02/2006,PKB,WV,AEA,CE,Federal Contract Tower,0,3,8,4,15,0,0,36,8,44,0,3,44,12,59,40,2,42,101
12/03/2006,PKB,WV,AEA,CE,Federal Contract Tower,0,5,7,0,12,0,0,60,2,62,0,5,67,2,74,22,8,30,104
12/04/2006,PKB,WV,AEA,CE,Federal Contract Tower,0,15,10,6,31,0,0,42,6,48,0,15,52,12,79,24,34,58,137
12/05/2006,PKB,WV,AEA,CE,Federal Contract Tower,0,16,14,4,34,0,0,32,10,42,0,16,46,14,76,30,52,82,158
12/06/2006,PKB,WV,AEA,CE,Federal Contract Tower,0,17,12,6,35,0,0,45,9,54,0,17,57,15,89,24,32,56,145
12/07/2006,PKB,WV,AEA,CE,Federal Contract Tower,0,18,11,6,35,0,0,10,11,21,0,18,21,17,56,2,32,34,90
12/08/2006,PKB,WV,AEA,CE,Federal Contract Tower,0,14,9,6,29,0,0,15,10,25,0,14,24,16,54,18,34,52,106
12/09/2006,PKB,WV,AEA,CE,Federal Contract Tower,0,4,11,0,15,0,0,37,1,38,0,4,48,1,53,32,0,32,85
12/10/2006,PKB,WV,AEA,CE,Federal Contract Tower,0,8,7,2,17,0,0,43,0,43,0,8,50,2,60,38,0,38,98
12/11/2006,PKB,WV,AEA,CE,Federal Contract Tower,0,14,17,0,31,0,0,36,16,52,0,14,53,16,83,52,90,142,225
12/12/2006,PKB,WV,AEA,CE,Federal Contract Tower,0,18,22,0,40,0,0,36,23,59,0,18,58,23,99,22,72,94,193
12/13/2006,PKB,WV,AEA,CE,Federal Contract Tower,0,15,15,5,35,0,0,34,26,60,0,15,49,31,95,28,108,136,231
12/14/2006,PKB,WV,AEA,CE,Federal Contract Tower,0,16,15,4,35,0,0,25,12,37,0,16,40,16,72,28,138,166,238
12/15/2006,PKB,WV,AEA,CE,Federal Contract Tower,0,16,11,1,28,0,0,47,12,59,0,16,58,13,87,24,42,66,153
12/16/2006,PKB,WV,AEA,CE,Federal Contract Tower,0,5,8,4,17,0,0,39,13,52,0,5,47,17,69,30,14,44,113
12/17/2006,PKB,WV,AEA,CE,Federal Contract Tower,0,4,9,3,16,0,0,29,9,38,0,4,38,12,54,0,0,0,54
12/18/2006,PKB,WV,AEA,CE,Federal Contract Tower,0,11,12,2,25,0,0,16,2,18,0,11,28,4,43,20,68,88,131
12/19/2006,PKB,WV,AEA,CE,Federal Contract Tower,0,13,22,3,38,0,0,45,13,58,0,13,67,16,96,68,40,108,204
12/20/2006,PKB,WV,AEA,CE,Federal Contract Tower,0,18,17,3,38,0,0,48,13,61,0,18,65,16,99,42,18,60,159
12/21/2006,PKB,WV,AEA,CE,Federal Contract Tower,0,18,9,3,30,0,0,24,7,31,0,18,33,10,61,30,26,56,117
12/22/2006,PKB,WV,AEA,CE,Federal Contract Tower,0,19,9,2,30,0,0,14,6,20,0,19,23,8,50,6,14,20,70
12/23/2006,PKB,WV,AEA,CE,Federal Contract Tower,0,6,4,0,10,0,0,23,20,43,0,6,27,20,53,8,0,8,61
12/24/2006,PKB,WV,AEA,CE,Federal Contract Tower,0,4,2,0,6,0,0,13,0,13,0,4,15,0,19,4,0,4,23
12/25/2006,PKB,WV,AEA,CE,Federal Contract Tower,0,4,3,0,7,0,0,1,0,1,0,4,4,0,8,0,0,0,8
12/26/2006,PKB,WV,AEA,CE,Federal Contract Tower,0,9,0,0,9,0,0,13,0,13,0,9,13,0,22,0,0,0,22
12/27/2006,PKB,WV,AEA,CE,Federal Contract Tower,0,12,11,0,23,0,0,37,3,40,0,12,48,3,63,22,4,26,89
12/28/2006,PKB,WV,AEA,CE,Federal Contract Tower,0,12,3,0,15,0,0,36,2,38,0,12,39,2,53,12,0,12,65
12/29/2006,PKB,WV,AEA,CE,Federal Contract Tower,0,11,13,0,24,0,0,38,0,38,0,11,51,0,62,30,0,30,92
12/30/2006,PKB,WV,AEA,CE,Federal Contract Tower,0,5,7,0,12,0,0,57,0,57,0,5,64,0,69,14,0,14,83
12/31/2006,PKB,WV,AEA,CE,Federal Contract Tower,0,5,3,0,8,0,0,6,0,6,0,5,9,0,14,8,0,8,22
01/01/2007,PKB,WV,AEA,CE,Federal Contract Tower,0,6,0,0,6,0,0,2,0,2,0,6,2,0,8,0,0,0,8
01/02/2007,PKB,WV,AEA,CE,Federal Contract Tower,0,11,13,0,24,0,0,46,0,46,0,11,59,0,70,38,0,38,108
01/03/2007,PKB,WV,AEA,CE,Federal Contract Tower,0,11,11,0,22,0,0,62,13,75,0,11,73,13,97,28,4,32,129
01/04/2007,PKB,WV,AEA,CE,Federal Contract Tower,0,11,3,3,17,0,3,43,3,49,0,14,46,6,66,32,10,42,108
01/05/2007,PKB,WV,AEA,CE,Federal Contract Tower,0,11,5,5,21,0,0,15,16,31,0,11,20,21,52,10,82,92,144
01/06/2007,PKB,WV,AEA,CE,Federal Contract Tower,0,2,5,10,17,0,0,34,10,44,0,2,39,20,61,16,56,72,133
01/07/2007,PKB,WV,AEA,CE,Federal Contract Tower,0,4,5,2,11,0,0,20,19,39,0,4,25,21,50,0,46,46,96
01/08/2007,PKB,WV,AEA,CE,Federal Contract Tower,0,6,12,0,18,0,0,24,10,34,0,6,36,10,52,36,26,62,114
01/09/2007,PKB,WV,AEA,CE,Federal Contract Tower,0,13,14,1,28,0,0,41,2,43,0,13,55,3,71,6,46,52,123
01/10/2007,PKB,WV,AEA,CE,Federal Contract Tower,0,13,14,3,30,0,0,50,18,68,0,13,64,21,98,52,66,118,216
01/11/2007,PKB,WV,AEA,CE,Federal Contract Tower,0,13,12,2,27,0,0,33,12,45,0,13,45,14,72,28,0,28,100
01/12/2007,PKB,WV,AEA,CE,Federal Contract Tower,0,14,9,0,23,0,0,11,6,17,0,14,20,6,40,2,30,32,72
01/13/2007,PKB,WV,AEA,CE,Federal Contract Tower,0,9,14,0,23,0,0,12,0,12,0,9,26,0,35,6,0,6,41
01/14/2007,PKB,WV,AEA,CE,Federal Contract Tower,0,2,9,0,11,0,0,1,0,1,0,2,10,0,12,4,0,4,16
01/15/2007,PKB,WV,AEA,CE,Federal Contract Tower,0,12,9,0,21,0,0,2,0,2,0,12,11,0,23,6,0,6,29
01/16/2007,PKB,WV,AEA,CE,Federal Contract Tower,0,12,16,0,28,0,0,38,4,42,0,12,54,4,70,20,0,20,90
01/17/2007,PKB,WV,AEA,CE,Federal Contract Tower,0,18,15,0,33,0,0,61,13,74,0,18,76,13,107,50,34,84,191
01/18/2007,PKB,WV,AEA,CE,Federal Contract Tower,0,13,16,9,38,0,0,30,8,38,0,13,46,17,76,16,68,84,160
01/19/2007,PKB,WV,AEA,CE,Federal Contract Tower,0,11,6,0,17,0,0,12,0,12,0,11,18,0,29,0,0,0,29
01/20/2007,PKB,WV,AEA,CE,Federal Contract Tower,0,7,4,1,12,0,0,58,1,59,0,7,62,2,71,46,0,46,117
01/21/2007,PKB,WV,AEA,CE,Federal Contract Tower,0,0,2,0,2,0,0,0,0,0,0,0,2,0,2,0,0,0,2
01/22/2007,PKB,WV,AEA,CE,Federal Contract Tower,0,13,2,2,17,0,0,7,0,7,0,13,9,2,24,6,0,6,30
01/23/2007,PKB,WV,AEA,CE,Federal Contract Tower,0,14,11,0,25,0,0,34,3,37,0,14,45,3,62,20,4,24,86
01/24/2007,PKB,WV,AEA,CE,Federal Contract Tower,0,16,2,0,18,0,0,16,0,16,0,16,18,0,34,0,0,0,34
01/25/2007,PKB,WV,AEA,CE,Federal Contract Tower,0,14,10,0,24,0,0,5,0,5,0,14,15,0,29,16,0,16,45
01/26/2007,PKB,WV,AEA,CE,Federal Contract Tower,0,11,24,3,38,0,0,31,1,32,0,11,55,4,70,32,6,38,108
01/27/2007,PKB,WV,AEA,CE,Federal Contract Tower,0,6,4,0,10,0,0,22,4,26,0,6,26,4,36,18,0,18,54
01/28/2007,PKB,WV,AEA,CE,Federal Contract Tower,0,4,6,3,13,0,0,1,0,1,0,4,7,3,14,0,0,0,14
01/29/2007,PKB,WV,AEA,CE,Federal Contract Tower,0,13,13,0,26,0,0,21,0,21,0,13,34,0,47,14,0,14,61
01/30/2007,PKB,WV,AEA,CE,Federal Contract Tower,0,16,18,2,36,0,0,17,2,19,0,16,35,4,55,6,0,6,61
01/31/2007,PKB,WV,AEA,CE,Federal Contract Tower,0,13,10,5,28,0,0,55,8,63,0,13,65,13,91,36,54,90,181
02/01/2007,PKB,WV,AEA,CE,Federal Contract Tower,0,14,7,3,24,0,0,3,1,4,0,14,10,4,28,4,0,4,32
02/02/2007,PKB,WV,AEA,CE,Federal Contract Tower,0,9,7,2,18,0,0,0,0,0,0,9,7,2,18,0,0,0,18
02/03/2007,PKB,WV,AEA,CE,Federal Contract Tower,0,6,0,8,14,0,0,8,18,26,0,6,8,26,40,2,44,46,86
02/04/2007,PKB,WV,AEA,CE,Federal Contract Tower,0,4,1,4,9,0,0,11,9,20,0,4,12,13,29,2,4,6,35
02/05/2007,PKB,WV,AEA,CE,Federal Contract Tower,0,11,10,0,21,0,1,10,6,17,0,12,20,6,38,12,12,24,62
02/06/2007,PKB,WV,AEA,CE,Federal Contract Tower,0,9,11,7,27,0,0,8,6,14,0,9,19,13,41,4,46,50,91
02/07/2007,PKB,WV,AEA,CE,Federal Contract Tower,0,14,11,0,25,0,0,24,5,29,0,14,35,5,54,22,26,48,102
02/08/2007,PKB,WV,AEA,CE,Federal Contract Tower,0,18,18,5,41,0,0,22,13,35,0,18,40,18,76,12,8,20,96
02/09/2007,PKB,WV,AEA,CE,Federal Contract Tower,0,11,8,7,26,0,0,18,5,23,0,11,26,12,49,16,12,28,77
02/10/2007,PKB,WV,AEA,CE,Federal Contract Tower,0,9,12,0,21,0,0,20,4,24,0,9,32,4,45,4,0,4,49
02/11/2007,PKB,WV,AEA,CE,Federal Contract Tower,0,4,9,0,13,0,1,25,4,30,0,5,34,4,43,18,2,20,63
02/12/2007,PKB,WV,AEA,CE,Federal Contract Tower,0,11,14,2,27,0,0,15,4,19,0,11,29,6,46,32,8,40,86
02/13/2007,PKB,WV,AEA,CE,Federal Contract Tower,0,3,8,0,11,0,0,0,5,5,0,3,8,5,16,0,62,62,78
02/14/2007,PKB,WV,AEA,CE,Federal Contract Tower,0,4,7,1,12,0,0,3,14,17,0,4,10,15,29,0,82,82,111
02/15/2007,PKB,WV,AEA,CE,Federal Contract Tower,0,14,8,11,33,0,0,11,12,23,0,14,19,23,56,2,44,46,102
02/16/2007,PKB,WV,AEA,CE,Federal Contract Tower,0,13,13,0,26,0,0,30,0,30,0,13,43,0,56,16,0,16,72
02/17/2007,PKB,WV,AEA,CE,Federal Contract Tower,0,6,0,0,6,0,0,0,0,0,0,6,0,0,6,0,0,0,6
02/18/2007,PKB,WV,AEA,CE,Federal Contract Tower,0,2,6,0,8,0,0,1,0,1,0,2,7,0,9,0,0,0,9
02/19/2007,PKB,WV,AEA,CE,Federal Contract Tower,0,8,9,2,19,0,1,23,6,30,0,9,32,8,49,40,8,48,97
02/20/2007,PKB,WV,AEA,CE,Federal Contract Tower,0,16,14,2,32,0,0,21,7,28,0,16,35,9,60,24,50,74,134
02/21/2007,PKB,WV,AEA,CE,Federal Contract Tower,0,10,10,5,25,0,0,3,6,9,0,10,13,11,34,0,80,80,114
02/22/2007,PKB,WV,AEA,CE,Federal Contract Tower,0,13,11,1,25,0,0,10,9,19,0,13,21,10,44,0,20,20,64
02/23/2007,PKB,WV,AEA,CE,Federal Contract Tower,0,13,18,0,31,0,0,34,10,44,0,13,52,10,75,34,18,52,127
02/24/2007,PKB,WV,AEA,CE,Federal Contract Tower,0,6,14,7,27,0,0,56,6,62,0,6,70,13,89,42,6,48,137
02/25/2007,PKB,WV,AEA,CE,Federal Contract Tower,0,6,2,6,14,0,0,14,6,20,0,6,16,12,34,16,12,28,62
02/26/2007,PKB,WV,AEA,CE,Federal Contract Tower,0,11,9,2,22,0,0,14,6,20,0,11,23,8,42,26,2,28,70
02/27/2007,PKB,WV,AEA,CE,Federal Contract Tower,0,15,18,0,33,0,0,35,10,45,0,15,53,10,78,26,2,28,106
02/28/2007,PKB,WV,AEA,CE,Federal Contract Tower,0,15,11,6,32,0,0,56,11,67,0,15,67,17,99,48,4,52,151
03/01/2007,PKB,WV,AEA,CE,Federal Contract Tower,0,14,6,4,24,0,0,16,4,20,0,14,22,8,44,24,2,26,70
03/02/2007,PKB,WV,AEA,CE,Federal Contract Tower,0,15,4,0,19,0,0,18,3,21,0,15,22,3,40,10,36,46,86
03/03/2007,PKB,WV,AEA,CE,Federal Contract Tower,0,0,5,2,7,0,0,14,31,45,0,0,19,33,52,0,32,32,84
03/04/2007,PKB,WV,AEA,CE,Federal Contract Tower,0,0,4,12,16,0,0,16,8,24,0,0,20,20,40,20,8,28,68
03/05/2007,PKB,WV,AEA,CE,Federal Contract Tower,0,7,10,1,18,0,0,23,9,32,0,7,33,10,50,22,50,72,122
03/06/2007,PKB,WV,AEA,CE,Federal Contract Tower,0,14,17,3,34,0,0,58,7,65,0,14,75,10,99,36,8,44,143
03/07/2007,PKB,WV,AEA,CE,Federal Contract Tower,0,16,14,0,30,0,0,20,0,20,0,16,34,0,50,6,0,6,56
03/08/2007,PKB,WV,AEA,CE,Federal Contract Tower,0,14,14,3,31,0,0,40,11,51,0,14,54,14,82,44,18,62,144
03/09/2007,PKB,WV,AEA,CE,Federal Contract Tower,0,7,18,2,27,0,0,38,4,42,0,7,56,6,69,44,4,48,117
03/10/2007,PKB,WV,AEA,CE,Federal Contract Tower,0,2,8,1,11,0,0,18,0,18,0,2,26,1,29,14,0,14,43
03/11/2007,PKB,WV,AEA,CE,Federal Contract Tower,0,0,8,0,8,0,0,92,0,92,0,0,100,0,100,50,0,50,150
03/12/2007,PKB,WV,AEA,CE,Federal Contract Tower,0,3,9,3,15,0,0,31,3,34,0,3,40,6,49,26,8,34,83
03/13/2007,PKB,WV,AEA,CE,Federal Contract Tower,0,6,23,1,30,0,0,54,14,68,0,6,77,15,98,40,36,76,174
03/14/2007,PKB,WV,AEA,CE,Federal Contract Tower,0,6,18,1,25,0,0,36,6,42,0,6,54,7,67,16,12,28,95
03/15/2007,PKB,WV,AEA,CE,Federal Contract Tower,0,6,15,4,25,0,0,12,9,21,0,6,27,13,46,0,46,46,92
03/16/2007,PKB,WV,AEA,CE,Federal Contract Tower,0,6,4,0,10,0,0,2,1,3,0,6,6,1,13,0,92,92,105
03/17/2007,PKB,WV,AEA,CE,Federal Contract Tower,0,2,4,5,11,0,0,6,1,7,0,2,10,6,18,0,22,22,40
03/18/2007,PKB,WV,AEA,CE,Federal Contract Tower,0,0,14,4,18,0,0,34,4,38,0,0,48,8,56,8,14,22,78
03/19/2007,PKB,WV,AEA,CE,Federal Contract Tower,0,3,4,0,7,0,0,11,2,13,0,3,15,2,20,16,0,16,36
03/20/2007,PKB,WV,AEA,CE,Federal Contract Tower,0,8,26,4,38,0,0,46,10,56,0,8,72,14,94,48,4,52,146
03/21/2007,PKB,WV,AEA,CE,Federal Contract Tower,0,8,15,4,27,0,0,77,9,86,0,8,92,13,113,52,2,54,167
03/22/2007,PKB,WV,AEA,CE,Federal Contract Tower,0,8,9,4,21,0,0,17,4,21,0,8,26,8,42,4,54,58,100
03/23/2007,PKB,WV,AEA,CE,Federal Contract Tower,0,5,6,0,11,0,0,10,0,10,0,5,16,0,21,0,0,0,21
03/24/2007,PKB,WV,AEA,CE,Federal Contract Tower,0,2,6,0,8,0,0,22,0,22,0,2,28,0,30,16,0,16,46
03/25/2007,PKB,WV,AEA,CE,Federal Contract Tower,0,0,15,0,15,0,0,63,0,63,0,0,78,0,78,38,0,38,116
03/26/2007,PKB,WV,AEA,CE,Federal Contract Tower,0,5,9,0,14,0,0,45,3,48,0,5,54,3,62,0,0,0,62
03/27/2007,PKB,WV,AEA,CE,Federal Contract Tower,0,6,20,3,29,0,0,19,3,22,0,6,39,6,51,30,0,30,81
03/28/2007,PKB,WV,AEA,CE,Federal Contract Tower,0,8,14,1,23,0,0,40,6,46,0,8,54,7,69,18,2,20,89
03/29/2007,PKB,WV,AEA,CE,Federal Contract Tower,0,6,15,5,26,0,0,33,9,42,0,6,48,14,68,14,0,14,82
03/30/2007,PKB,WV,AEA,CE,Federal Contract Tower,0,8,20,2,30,0,1,50,4,55,0,9,70,6,85,12,6,18,103
03/31/2007,PKB,WV,AEA,CE,Federal Contract Tower,0,2,13,0,15,0,0,23,3,26,0,2,36,3,41,28,0,28,69
04/01/2007,PKB,WV,AEA,CE,Federal Contract Tower,0,0,5,0,5,0,0,22,0,22,0,0,27,0,27,22,0,22,49
04/02/2007,PKB,WV,AEA,CE,Federal Contract Tower,0,5,14,4,23,0,0,17,6,23,0,5,31,10,46,6,8,14,60
04/03/2007,PKB,WV,AEA,CE,Federal Contract Tower,0,6,17,14,37,0,0,58,10,68,0,6,75,24,105,38,18,56,161
04/04/2007,PKB,WV,AEA,CE,Federal Contract Tower,0,6,7,1,14,0,0,12,1,13,0,6,19,2,27,14,0,14,41
04/05/2007,PKB,WV,AEA,CE,Federal Contract Tower,0,8,12,4,24,0,0,24,4,28,0,8,36,8,52,0,2,2,54
04/06/2007,PKB,WV,AEA,CE,Federal Contract Tower,0,7,15,9,31,0,0,17,6,23,0,7,32,15,54,30,10,40,94
04/07/2007,PKB,WV,AEA,CE,Federal Contract Tower,0,2,5,0,7,0,0,5,0,5,0,2,10,0,12,8,0,8,20
04/08/2007,PKB,WV,AEA,CE,Federal Contract Tower,0,0,3,0,3,0,0,13,0,13,0,0,16,0,16,0,0,0,16
04/09/2007,PKB,WV,AEA,CE,Federal Contract Tower,0,3,17,7,27,0,0,24,0,24,0,3,41,7,51,24,0,24,75
04/10/2007,PKB,WV,AEA,CE,Federal Contract Tower,0,6,21,10,37,0,0,69,5,74,0,6,90,15,111,40,2,42,153
04/11/2007,PKB,WV,AEA,CE,Federal Contract Tower,0,6,18,8,32,0,0,36,7,43,0,6,54,15,75,34,8,42,117
04/12/2007,PKB,WV,AEA,CE,Federal Contract Tower,0,10,4,0,14,0,0,15,0,15,0,10,19,0,29,0,0,0,29
04/13/2007,PKB,WV,AEA,CE,Federal Contract Tower,0,7,5,1,13,0,0,18,10,28,0,7,23,11,41,10,78,88,129
04/14/2007,PKB,WV,AEA,CE,Federal Contract Tower,0,2,6,5,13,0,0,15,11,26,0,2,21,16,39,14,132,146,185
04/15/2007,PKB,WV,AEA,CE,Federal Contract Tower,0,0,2,0,2,0,0,1,4,5,0,0,3,4,7,0,72,72,79
04/16/2007,PKB,WV,AEA,CE,Federal Contract Tower,0,3,1,0,4,0,0,1,1,2,0,3,2,1,6,12,0,12,18
04/17/2007,PKB,WV,AEA,CE,Federal Contract Tower,0,6,16,3,25,0,0,45,15,60,0,6,61,18,85,10,10,20,105
04/18/2007,PKB,WV,AEA,CE,Federal Contract Tower,0,6,16,2,24,0,0,44,5,49,0,6,60,7,73,20,34,54,127
04/19/2007,PKB,WV,AEA,CE,Federal Contract Tower,0,6,14,2,22,0,0,59,8,67,0,6,73,10,89,18,0,18,107
04/20/2007,PKB,WV,AEA,CE,Federal Contract Tower,0,2,11,4,17,0,0,78,12,90,0,2,89,16,107,48,20,68,175
04/21/2007,PKB,WV,AEA,CE,Federal Contract Tower,0,2,10,1,13,0,0,93,9,102,0,2,103,10,115,52,36,88,203
04/22/2007,PKB,WV,AEA,CE,Federal Contract Tower,0,0,7,0,7,0,0,54,6,60,0,0,61,6,67,20,0,20,87
04/23/2007,PKB,WV,AEA,CE,Federal Contract Tower,0,3,13,4,20,0,0,17,8,25,0,3,30,12,45,2,4,6,51
04/24/2007,PKB,WV,AEA,CE,Federal Contract Tower,0,6,19,0,25,0,0,38,4,42,0,6,57,4,67,28,0,28,95
04/25/2007,PKB,WV,AEA,CE,Federal Contract Tower,0,6,12,4,22,0,0,44,0,44,0,6,56,4,66,18,8,26,92
04/26/2007,PKB,WV,AEA,CE,Federal Contract Tower,0,6,7,0,13,0,0,28,9,37,0,6,35,9,50,10,2,12,62
04/27/2007,PKB,WV,AEA,CE,Federal Contract Tower,0,5,12,1,18,0,0,19,1,20,0,5,31,2,38,0,4,4,42
04/28/2007,PKB,WV,AEA,CE,Federal Contract Tower,0,2,5,3,10,0,0,28,1,29,0,2,33,4,39,16,4,20,59
04/29/2007,PKB,WV,AEA,CE,Federal Contract Tower,0,0,6,1,7,0,0,53,0,53,0,0,59,1,60,36,0,36,96
04/30/2007,PKB,WV,AEA,CE,Federal Contract Tower,0,4,17,0,21,0,0,23,2,25,0,4,40,2,46,6,0,6,52
05/01/2007,PKB,WV,AEA,CE,Federal Contract Tower,0,12,19,10,41,0,0,41,10,51,0,12,60,20,92,12,12,24,116
05/02/2007,PKB,WV,AEA,CE,Federal Contract Tower,0,14,15,3,32,0,0,49,2,51,0,14,64,5,83,36,6,42,125
05/03/2007,PKB,WV,AEA,CE,Federal Contract Tower,0,15,10,2,27,0,0,40,5,45,0,15,50,7,72,56,26,82,154
05/04/2007,PKB,WV,AEA,CE,Federal Contract Tower,0,8,13,1,22,0,0,36,1,37,0,8,49,2,59,32,2,34,93
05/05/2007,PKB,WV,AEA,CE,Federal Contract Tower,0,6,9,0,15,0,0,32,0,32,0,6,41,0,47,30,0,30,77
05/06/2007,PKB,WV,AEA,CE,Federal Contract Tower,0,6,10,0,16,0,0,35,0,35,0,6,45,0,51,16,0,16,67
05/07/2007,PKB,WV,AEA,CE,Federal Contract Tower,0,13,4,1,18,0,0,47,8,55,0,13,51,9,73,26,4,30,103
05/08/2007,PKB,WV,AEA,CE,Federal Contract Tower,0,14,15,0,29,0,0,51,3,54,0,14,66,3,83,56,0,56,139
05/09/2007,PKB,WV,AEA,CE,Federal Contract Tower,0,18,16,0,34,0,0,61,6,67,0,18,77,6,101,86,16,102,203
05/10/2007,PKB,WV,AEA,CE,Federal Contract Tower,0,9,15,1,25,0,6,46,2,54,0,15,61,3,79,26,0,26,105
05/11/2007,PKB,WV,AEA,CE,Federal Contract Tower,0,12,9,0,21,0,0,82,7,89,0,12,91,7,110,161,0,161,271
05/12/2007,PKB,WV,AEA,CE,Federal Contract Tower,0,6,6,0,12,0,6,362,0,368,0,12,368,0,380,302,0,302,682
05/13/2007,PKB,WV,AEA,CE,Federal Contract Tower,0,7,22,0,29,0,0,98,0,98,0,7,120,0,127,202,0,202,329
05/14/2007,PKB,WV,AEA,CE,Federal Contract Tower,0,14,23,1,38,0,0,49,5,54,0,14,72,6,92,42,0,42,134
05/15/2007,PKB,WV,AEA,CE,Federal Contract Tower,0,14,13,2,29,0,0,34,8,42,0,14,47,10,71,6,8,14,85
05/16/2007,PKB,WV,AEA,CE,Federal Contract Tower,0,14,13,4,31,0,0,29,4,33,0,14,42,8,64,8,0,8,72
05/17/2007,PKB,WV,AEA,CE,Federal Contract Tower,0,13,15,2,30,0,0,27,14,41,0,13,42,16,71,26,8,34,105
05/18/2007,PKB,WV,AEA,CE,Federal Contract Tower,0,11,27,2,40,0,0,47,12,59,0,11,74,14,99,56,74,130,229
05/19/2007,PKB,WV,AEA,CE,Federal Contract Tower,0,12,20,0,32,0,0,74,21,95,0,12,94,21,127,16,42,58,185
05/20/2007,PKB,WV,AEA,CE,Federal Contract Tower,0,4,8,0,12,0,0,36,7,43,0,4,44,7,55,34,28,62,117
05/21/2007,PKB,WV,AEA,CE,Federal Contract Tower,0,11,12,4,27,0,0,34,6,40,0,11,46,10,67,42,32,74,141
05/22/2007,PKB,WV,AEA,CE,Federal Contract Tower,0,14,20,10,44,0,0,53,6,59,0,14,73,16,103,44,30,74,177
05/23/2007,PKB,WV,AEA,CE,Federal Contract Tower,0,13,23,4,40,0,0,51,6,57,0,13,74,10,97,66,12,78,175
05/24/2007,PKB,WV,AEA,CE,Federal Contract Tower,0,18,9,2,29,0,0,39,10,49,0,18,48,12,78,44,4,48,126
05/25/2007,PKB,WV,AEA,CE,Federal Contract Tower,0,11,19,0,30,0,0,28,1,29,0,11,47,1,59,0,0,0,59
05/26/2007,PKB,WV,AEA,CE,Federal Contract Tower,0,8,8,0,16,0,0,64,0,64,0,8,72,0,80,24,0,24,104
05/27/2007,PKB,WV,AEA,CE,Federal Contract Tower,0,4,11,0,15,0,0,26,0,26,0,4,37,0,41,20,0,20,61
05/28/2007,PKB,WV,AEA,CE,Federal Contract Tower,0,13,8,2,23,0,0,25,0,25,0,13,33,2,48,14,0,14,62
05/29/2007,PKB,WV,AEA,CE,Federal Contract Tower,0,10,26,2,38,0,1,27,5,33,0,11,53,7,71,34,6,40,111
05/30/2007,PKB,WV,AEA,CE,Federal Contract Tower,0,12,6,2,20,0,0,35,14,49,0,12,41,16,69,2,14,16,85
05/31/2007,PKB,WV,AEA,CE,Federal Contract Tower,0,10,22,0,32,0,0,26,14,40,0,10,48,14,72,30,0,30,102
06/01/2007,PKB,WV,AEA,CE,Federal Contract Tower,0,9,14,5,28,0,0,30,4,34,0,9,44,9,62,26,2,28,90
06/02/2007,PKB,WV,AEA,CE,Federal Contract Tower,0,6,9,11,26,0,0,43,3,46,0,6,52,14,72,14,6,20,92
06/03/2007,PKB,WV,AEA,CE,Federal Contract Tower,0,4,17,7,28,0,0,15,15,30,0,4,32,22,58,22,14,36,94
06/04/2007,PKB,WV,AEA,CE,Federal Contract Tower,0,8,22,3,33,0,0,11,5,16,0,8,33,8,49,18,0,18,67
06/05/2007,PKB,WV,AEA,CE,Federal Contract Tower,0,12,15,4,31,0,0,34,5,39,0,12,49,9,70,12,14,26,96
06/06/2007,PKB,WV,AEA,CE,Federal Contract Tower,0,18,19,4,41,0,0,67,9,76,0,18,86,13,117,70,18,88,205
06/07/2007,PKB,WV,AEA,CE,Federal Contract Tower,0,15,16,6,37,0,0,44,12,56,0,15,60,18,93,28,14,42,135
06/08/2007,PKB,WV,AEA,CE,Federal Contract Tower,0,9,4,5,18,0,0,27,15,42,0,9,31,20,60,34,38,72,132
06/09/2007,PKB,WV,AEA,CE,Federal Contract Tower,0,6,10,0,16,0,0,42,1,43,0,6,52,1,59,18,0,18,77
06/10/2007,PKB,WV,AEA,CE,Federal Contract Tower,0,6,9,4,19,0,0,39,8,47,0,6,48,12,66,34,26,60,126
06/11/2007,PKB,WV,AEA,CE,Federal Contract Tower,0,8,13,5,26,0,0,37,5,42,0,8,50,10,68,26,6,32,100
06/12/2007,PKB,WV,AEA,CE,Federal Contract Tower,0,15,10,2,27,0,0,59,5,64,0,15,69,7,91,70,0,70,161
06/13/2007,PKB,WV,AEA,CE,Federal Contract Tower,0,14,13,0,27,0,0,39,6,45,0,14,52,6,72,40,0,40,112
06/14/2007,PKB,WV,AEA,CE,Federal Contract Tower,0,12,13,7,32,0,0,44,28,72,0,12,57,35,104,40,62,102,206
06/15/2007,PKB,WV,AEA,CE,Federal Contract Tower,0,11,16,7,34,0,0,36,6,42,0,11,52,13,76,22,32,54,130
06/16/2007,PKB,WV,AEA,CE,Federal Contract Tower,0,6,15,0,21,0,0,42,1,43,0,6,57,1,64,50,0,50,114
06/17/2007,PKB,WV,AEA,CE,Federal Contract Tower,0,4,20,0,24,0,0,37,0,37,0,4,57,0,61,20,0,20,81
06/18/2007,PKB,WV,AEA,CE,Federal Contract Tower,0,8,16,1,25,0,0,27,2,29,0,8,43,3,54,44,0,44,98
06/19/2007,PKB,WV,AEA,CE,Federal Contract Tower,0,11,9,8,28,0,0,20,13,33,0,11,29,21,61,14,40,54,115
06/20/2007,PKB,WV,AEA,CE,Federal Contract Tower,0,13,19,4,36,0,0,53,26,79,0,13,72,30,115,60,98,158,273
06/21/2007,PKB,WV,AEA,CE,Federal Contract Tower,0,14,17,0,31,0,0,39,8,47,0,14,56,8,78,32,76,108,186
06/22/2007,PKB,WV,AEA,CE,Federal Contract Tower,0,13,20,0,33,0,0,46,10,56,0,13,66,10,89,40,50,90,179
06/23/2007,PKB,WV,AEA,CE,Federal Contract Tower,0,6,17,6,29,0,0,39,5,44,0,6,56,11,73,10,0,10,83
06/24/2007,PKB,WV,AEA,CE,Federal Contract Tower,0,4,14,0,18,0,0,34,0,34,0,4,48,0,52,68,0,68,120
06/25/2007,PKB,WV,AEA,CE,Federal Contract Tower,0,8,8,2,18,0,0,17,4,21,0,8,25,6,39,10,10,20,59
06/26/2007,PKB,WV,AEA,CE,Federal Contract Tower,0,14,21,4,39,0,0,33,7,40,0,14,54,11,79,24,10,34,113
06/27/2007,PKB,WV,AEA,CE,Federal Contract Tower,0,13,17,12,42,0,0,41,8,49,0,13,58,20,91,30,48,78,169
06/28/2007,PKB,WV,AEA,CE,Federal Contract Tower,0,12,23,0,35,0,0,23,9,32,0,12,46,9,67,12,0,12,79
06/29/2007,PKB,WV,AEA,CE,Federal Contract Tower,0,11,10,4,25,0,0,6,1,7,0,11,16,5,32,10,0,10,42
06/30/2007,PKB,WV,AEA,CE,Federal Contract Tower,0,5,16,0,21,0,0,49,2,51,0,5,65,2,72,42,0,42,114
07/01/2007,PKB,WV,AEA,CE,Federal Contract Tower,0,4,12,0,16,0,0,66,0,66,0,4,78,0,82,62,4,66,148
07/02/2007,PKB,WV,AEA,CE,Federal Contract Tower,0,11,7,2,20,0,0,30,7,37,0,11,37,9,57,20,26,46,103
07/03/2007,PKB,WV,AEA,CE,Federal Contract Tower,0,14,11,2,27,0,0,58,14,72,0,14,69,16,99,46,22,68,167
07/04/2007,PKB,WV,AEA,CE,Federal Contract Tower,0,6,9,1,16,0,0,28,4,32,0,6,37,5,48,20,4,24,72
07/05/2007,PKB,WV,AEA,CE,Federal Contract Tower,0,14,9,1,24,0,0,13,1,14,0,14,22,2,38,0,0,0,38
07/06/2007,PKB,WV,AEA,CE,Federal Contract Tower,0,12,11,4,27,0,0,25,9,34,0,12,36,13,61,14,0,14,75
07/07/2007,PKB,WV,AEA,CE,Federal Contract Tower,0,6,11,0,17,0,0,57,0,57,0,6,68,0,74,26,0,26,100
07/08/2007,PKB,WV,AEA,CE,Federal Contract Tower,0,4,8,0,12,0,0,45,0,45,0,4,53,0,57,36,0,36,93
07/09/2007,PKB,WV,AEA,CE,Federal Contract Tower,0,13,17,0,30,0,2,20,3,25,0,15,37,3,55,62,0,62,117
07/10/2007,PKB,WV,AEA,CE,Federal Contract Tower,0,12,26,2,40,0,0,36,0,36,0,12,62,2,76,0,0,0,76
07/11/2007,PKB,WV,AEA,CE,Federal Contract Tower,0,14,24,1,39,0,0,39,7,46,0,14,63,8,85,44,2,46,131
07/12/2007,PKB,WV,AEA,CE,Federal Contract Tower,0,12,29,6,47,0,0,53,4,57,0,12,82,10,104,46,2,48,152
07/13/2007,PKB,WV,AEA,CE,Federal Contract Tower,0,13,10,7,30,0,0,23,20,43,0,13,33,27,73,30,68,98,171
07/14/2007,PKB,WV,AEA,CE,Federal Contract Tower,0,7,22,2,31,0,0,51,12,63,0,7,73,14,94,26,0,26,120
07/15/2007,PKB,WV,AEA,CE,Federal Contract Tower,0,4,10,5,19,0,0,21,5,26,0,4,31,10,45,14,20,34,79
07/16/2007,PKB,WV,AEA,CE,Federal Contract Tower,0,10,15,3,28,0,0,33,6,39,0,10,48,9,67,68,18,86,153
07/17/2007,PKB,WV,AEA,CE,Federal Contract Tower,0,16,25,3,44,0,0,49,5,54,0,16,74,8,98,16,14,30,128
07/18/2007,PKB,WV,AEA,CE,Federal Contract Tower,0,17,9,2,28,0,0,33,1,34,0,17,42,3,62,32,2,34,96
07/19/2007,PKB,WV,AEA,CE,Federal Contract Tower,0,15,15,0,30,0,0,17,0,17,0,15,32,0,47,0,0,0,47
07/20/2007,PKB,WV,AEA,CE,Federal Contract Tower,0,19,16,5,40,0,0,15,7,22,0,19,31,12,62,10,50,60,122
07/21/2007,PKB,WV,AEA,CE,Federal Contract Tower,0,6,7,3,16,0,0,45,6,51,0,6,52,9,67,2,20,22,89
07/22/2007,PKB,WV,AEA,CE,Federal Contract Tower,0,4,14,5,23,0,0,46,4,50,0,4,60,9,73,38,22,60,133
07/23/2007,PKB,WV,AEA,CE,Federal Contract Tower,0,10,14,0,24,0,2,24,5,31,0,12,38,5,55,16,24,40,95
07/24/2007,PKB,WV,AEA,CE,Federal Contract Tower,0,12,26,1,39,0,0,43,4,47,0,12,69,5,86,96,12,108,194
07/25/2007,PKB,WV,AEA,CE,Federal Contract Tower,0,14,12,1,27,0,0,29,10,39,0,14,41,11,66,54,16,70,136
07/26/2007,PKB,WV,AEA,CE,Federal Contract Tower,0,12,6,3,21,0,0,39,10,49,0,12,45,13,70,46,8,54,124
07/27/2007,PKB,WV,AEA,CE,Federal Contract Tower,0,13,4,2,19,0,0,6,0,6,0,13,10,2,25,0,0,0,25
07/28/2007,PKB,WV,AEA,CE,Federal Contract Tower,0,9,10,0,19,0,0,10,0,10,0,9,20,0,29,4,0,4,33
07/29/2007,PKB,WV,AEA,CE,Federal Contract Tower,0,8,11,0,19,0,0,19,1,20,0,8,30,1,39,0,0,0,39
07/30/2007,PKB,WV,AEA,CE,Federal Contract Tower,0,9,11,0,20,0,0,33,0,33,0,9,44,0,53,30,0,30,83
07/31/2007,PKB,WV,AEA,CE,Federal Contract Tower,0,20,30,2,52,0,0,62,13,75,0,20,92,15,127,56,62,118,245
08/01/2007,PKB,WV,AEA,CE,Federal Contract Tower,0,13,9,2,24,0,0,44,10,54,0,13,53,12,78,44,114,158,236
08/02/2007,PKB,WV,AEA,CE,Federal Contract Tower,0,12,19,7,38,0,0,35,6,41,0,12,54,13,79,40,72,112,191
08/03/2007,PKB,WV,AEA,CE,Federal Contract Tower,0,8,12,2,22,0,0,29,8,37,0,8,41,10,59,36,4,40,99
08/04/2007,PKB,WV,AEA,CE,Federal Contract Tower,0,7,13,0,20,0,0,43,13,56,0,7,56,13,76,14,18,32,108
08/05/2007,PKB,WV,AEA,CE,Federal Contract Tower,0,9,12,6,27,0,0,2,0,2,0,9,14,6,29,0,0,0,29
08/06/2007,PKB,WV,AEA,CE,Federal Contract Tower,0,8,10,0,18,0,0,21,6,27,0,8,31,6,45,46,6,52,97
08/07/2007,PKB,WV,AEA,CE,Federal Contract Tower,0,13,11,6,30,0,0,61,4,65,0,13,72,10,95,54,10,64,159
08/08/2007,PKB,WV,AEA,CE,Federal Contract Tower,0,11,14,4,29,0,0,31,10,41,0,11,45,14,70,12,32,44,114
08/09/2007,PKB,WV,AEA,CE,Federal Contract Tower,0,8,17,0,25,0,0,17,3,20,0,8,34,3,45,26,0,26,71
08/10/2007,PKB,WV,AEA,CE,Federal Contract Tower,0,9,16,9,34,0,0,30,3,33,0,9,46,12,67,36,26,62,129
08/11/2007,PKB,WV,AEA,CE,Federal Contract Tower,0,5,6,0,11,0,0,68,7,75,0,5,74,7,86,26,0,26,112
08/12/2007,PKB,WV,AEA,CE,Federal Contract Tower,0,4,16,0,20,0,0,40,0,40,0,4,56,0,60,42,0,42,102
08/13/2007,PKB,WV,AEA,CE,Federal Contract Tower,0,7,8,0,15,0,0,33,2,35,0,7,41,2,50,46,2,48,98
08/14/2007,PKB,WV,AEA,CE,Federal Contract Tower,0,8,22,4,34,0,0,59,2,61,0,8,81,6,95,54,2,56,151
08/15/2007,PKB,WV,AEA,CE,Federal Contract Tower,0,9,14,9,32,0,0,53,15,68,0,9,67,24,100,22,30,52,152
08/16/2007,PKB,WV,AEA,CE,Federal Contract Tower,0,14,15,1,30,0,0,45,7,52,0,14,60,8,82,42,18,60,142
08/17/2007,PKB,WV,AEA,CE,Federal Contract Tower,0,8,6,2,16,0,0,19,8,27,0,8,25,10,43,16,48,64,107
08/18/2007,PKB,WV,AEA,CE,Federal Contract Tower,0,5,5,0,10,0,0,77,13,90,0,5,82,13,100,40,20,60,160
08/19/2007,PKB,WV,AEA,CE,Federal Contract Tower,0,4,16,2,22,0,0,29,4,33,0,4,45,6,55,34,10,44,99
08/20/2007,PKB,WV,AEA,CE,Federal Contract Tower,0,7,11,3,21,0,0,0,2,2,0,7,11,5,23,0,0,0,23
08/21/2007,PKB,WV,AEA,CE,Federal Contract Tower,0,7,23,4,34,0,0,20,3,23,0,7,43,7,57,14,8,22,79
08/22/2007,PKB,WV,AEA,CE,Federal Contract Tower,0,8,21,0,29,0,0,34,22,56,0,8,55,22,85,62,60,122,207
08/23/2007,PKB,WV,AEA,CE,Federal Contract Tower,0,8,20,2,30,0,0,34,7,41,0,8,54,9,71,42,4,46,117
08/24/2007,PKB,WV,AEA,CE,Federal Contract Tower,0,7,12,3,22,0,0,36,21,57,0,7,48,24,79,28,46,74,153
08/25/2007,PKB,WV,AEA,CE,Federal Contract Tower,0,5,6,0,11,0,0,22,5,27,0,5,28,5,38,20,0,20,58
08/26/2007,PKB,WV,AEA,CE,Federal Contract Tower,0,4,11,0,15,0,0,44,1,45,0,4,55,1,60,48,6,54,114
08/27/2007,PKB,WV,AEA,CE,Federal Contract Tower,0,9,8,2,19,0,0,23,5,28,0,9,31,7,47,28,0,28,75
08/28/2007,PKB,WV,AEA,CE,Federal Contract Tower,0,8,18,4,30,0,0,59,4,63,0,8,77,8,93,52,0,52,145
08/29/2007,PKB,WV,AEA,CE,Federal Contract Tower,0,7,3,6,16,0,0,44,11,55,0,7,47,17,71,47,12,59,130
08/30/2007,PKB,WV,AEA,CE,Federal Contract Tower,0,8,20,1,29,0,0,21,8,29,0,8,41,9,58,54,2,56,114
08/31/2007,PKB,WV,AEA,CE,Federal Contract Tower,0,8,18,0,26,0,1,21,2,24,0,9,39,2,50,10,0,10,60
09/01/2007,PKB,WV,AEA,CE,Federal Contract Tower,0,5,12,0,17,0,0,39,0,39,0,5,51,0,56,10,0,10,66
09/02/2007,PKB,WV,AEA,CE,Federal Contract Tower,0,4,13,0,17,0,0,57,2,59,0,4,70,2,76,36,0,36,112
09/03/2007,PKB,WV,AEA,CE,Federal Contract Tower,0,5,11,0,16,0,0,31,0,31,0,5,42,0,47,22,0,22,69
09/04/2007,PKB,WV,AEA,CE,Federal Contract Tower,0,11,14,6,31,0,0,48,10,58,0,11,62,16,89,36,6,42,131
09/05/2007,PKB,WV,AEA,CE,Federal Contract Tower,0,7,9,2,18,0,0,46,9,55,0,7,55,11,73,42,10,52,125
09/06/2007,PKB,WV,AEA,CE,Federal Contract Tower,0,12,18,4,34,0,0,30,13,43,0,12,48,17,77,24,12,36,113
09/07/2007,PKB,WV,AEA,CE,Federal Contract Tower,2,7,9,3,21,0,0,26,6,32,2,7,35,9,53,12,4,16,69
09/08/2007,PKB,WV,AEA,CE,Federal Contract Tower,0,5,11,0,16,0,0,49,0,49,0,5,60,0,65,18,0,18,83
09/09/2007,PKB,WV,AEA,CE,Federal Contract Tower,0,4,6,0,10,0,0,14,2,16,0,4,20,2,26,18,0,18,44
09/10/2007,PKB,WV,AEA,CE,Federal Contract Tower,0,9,19,4,32,0,0,26,11,37,0,9,45,15,69,18,34,52,121
09/11/2007,PKB,WV,AEA,CE,Federal Contract Tower,0,11,22,0,33,0,0,40,10,50,0,11,62,10,83,28,32,60,143
09/12/2007,PKB,WV,AEA,CE,Federal Contract Tower,0,8,17,4,29,0,0,72,14,86,0,8,89,18,115,54,46,100,215
09/13/2007,PKB,WV,AEA,CE,Federal Contract Tower,0,9,23,6,38,0,0,95,13,108,0,9,118,19,146,54,72,126,272
09/14/2007,PKB,WV,AEA,CE,Federal Contract Tower,0,8,14,1,23,0,0,24,13,37,0,8,38,14,60,16,68,84,144
09/15/2007,PKB,WV,AEA,CE,Federal Contract Tower,0,5,8,2,15,0,0,44,16,60,0,5,52,18,75,24,14,38,113
09/16/2007,PKB,WV,AEA,CE,Federal Contract Tower,0,5,10,4,19,0,0,56,12,68,0,5,66,16,87,40,22,62,149
09/17/2007,PKB,WV,AEA,CE,Federal Contract Tower,0,14,18,6,38,0,0,39,13,52,0,14,57,19,90,46,20,66,156
09/18/2007,PKB,WV,AEA,CE,Federal Contract Tower,0,12,13,14,39,0,0,53,17,70,0,12,66,31,109,22,68,90,199
09/19/2007,PKB,WV,AEA,CE,Federal Contract Tower,0,10,9,13,32,0,0,69,14,83,0,10,78,27,115,42,36,78,193
09/20/2007,PKB,WV,AEA,CE,Federal Contract Tower,0,10,10,4,24,0,0,59,16,75,0,10,69,20,99,36,20,56,155
09/21/2007,PKB,WV,AEA,CE,Federal Contract Tower,2,11,24,4,41,0,0,38,18,56,2,11,62,22,97,28,28,56,153
09/22/2007,PKB,WV,AEA,CE,Federal Contract Tower,2,6,13,5,26,0,0,38,7,45,2,6,51,12,71,34,8,42,113
09/23/2007,PKB,WV,AEA,CE,Federal Contract Tower,0,5,16,0,21,0,0,56,7,63,0,5,72,7,84,22,10,32,116
09/24/2007,PKB,WV,AEA,CE,Federal Contract Tower,0,12,11,13,36,0,0,46,12,58,0,12,57,25,94,30,6,36,130
09/25/2007,PKB,WV,AEA,CE,Federal Contract Tower,0,8,27,12,47,0,0,43,16,59,0,8,70,28,106,12,0,12,118
09/26/2007,PKB,WV,AEA,CE,Federal Contract Tower,0,8,15,0,23,0,0,42,14,56,0,8,57,14,79,38,6,44,123
09/27/2007,PKB,WV,AEA,CE,Federal Contract Tower,0,6,6,0,12,0,0,12,4,16,0,6,18,4,28,0,0,0,28
09/28/2007,PKB,WV,AEA,CE,Federal Contract Tower,0,7,22,1,30,0,0,31,13,44,0,7,53,14,74,30,60,90,164
09/29/2007,PKB,WV,AEA,CE,Federal Contract Tower,0,4,6,0,10,0,0,42,3,45,0,4,48,3,55,48,0,48,103
09/30/2007,PKB,WV,AEA,CE,Federal Contract Tower,0,4,14,0,18,0,0,41,1,42,0,4,55,1,60,0,0,0,60
10/01/2007,PKB,WV,AEA,CE,Federal Contract Tower,0,7,11,2,20,0,0,32,2,34,0,7,43,4,54,40,0,40,94
10/02/2007,PKB,WV,AEA,CE,Federal Contract Tower,0,8,15,0,23,0,2,51,4,57,0,10,66,4,80,32,2,34,114
10/03/2007,PKB,WV,AEA,CE,Federal Contract Tower,0,8,11,4,23,0,0,55,13,68,0,8,66,17,91,74,12,86,177
10/04/2007,PKB,WV,AEA,CE,Federal Contract Tower,0,7,21,2,30,0,0,44,0,44,0,7,65,2,74,6,0,6,80
10/05/2007,PKB,WV,AEA,CE,Federal Contract Tower,0,10,8,4,22,0,1,28,7,36,0,11,36,11,58,6,12,18,76
10/06/2007,PKB,WV,AEA,CE,Federal Contract Tower,0,9,7,1,17,0,0,44,1,45,0,9,51,2,62,30,0,30,92
10/07/2007,PKB,WV,AEA,CE,Federal Contract Tower,0,6,18,2,26,0,0,54,0,54,0,6,72,2,80,32,0,32,112
10/08/2007,PKB,WV,AEA,CE,Federal Contract Tower,0,8,11,0,19,0,4,32,0,36,0,12,43,0,55,14,0,14,69
10/09/2007,PKB,WV,AEA,CE,Federal Contract Tower,0,10,21,0,31,0,0,36,0,36,0,10,57,0,67,24,0,24,91
10/10/2007,PKB,WV,AEA,CE,Federal Contract Tower,0,9,14,5,28,0,0,51,8,59,0,9,65,13,87,24,32,56,143
10/11/2007,PKB,WV,AEA,CE,Federal Contract Tower,0,6,20,4,30,0,0,24,4,28,0,6,44,8,58,28,12,40,98
10/12/2007,PKB,WV,AEA,CE,Federal Contract Tower,0,11,14,0,25,0,0,25,0,25,0,11,39,0,50,18,0,18,68
10/13/2007,PKB,WV,AEA,CE,Federal Contract Tower,0,7,10,3,20,0,0,46,7,53,0,7,56,10,73,58,58,116,189
10/14/2007,PKB,WV,AEA,CE,Federal Contract Tower,0,5,18,0,23,0,0,73,9,82,0,5,91,9,105,50,60,110,215
10/15/2007,PKB,WV,AEA,CE,Federal Contract Tower,0,8,6,0,14,0,0,35,3,38,0,8,41,3,52,34,0,34,86
10/16/2007,PKB,WV,AEA,CE,Federal Contract Tower,0,7,16,0,23,0,0,51,4,55,0,7,67,4,78,40,28,68,146
10/17/2007,PKB,WV,AEA,CE,Federal Contract Tower,0,7,13,7,27,0,0,43,14,57,0,7,56,21,84,22,52,74,158
10/18/2007,PKB,WV,AEA,CE,Federal Contract Tower,0,12,16,7,35,0,0,33,10,43,0,12,49,17,78,28,24,52,130
10/19/2007,PKB,WV,AEA,CE,Federal Contract Tower,0,11,19,5,35,0,0,12,2,14,0,11,31,7,49,6,2,8,57
10/20/2007,PKB,WV,AEA,CE,Federal Contract Tower,0,5,11,0,16,0,0,42,1,43,0,5,53,1,59,16,6,22,81
10/21/2007,PKB,WV,AEA,CE,Federal Contract Tower,0,4,4,0,8,0,0,60,0,60,0,4,64,0,68,30,0,30,98
10/22/2007,PKB,WV,AEA,CE,Federal Contract Tower,0,7,10,5,22,0,0,18,12,30,0,7,28,17,52,4,20,24,76
10/23/2007,PKB,WV,AEA,CE,Federal Contract Tower,0,8,10,6,24,0,0,4,1,5,0,8,14,7,29,4,4,8,37
10/24/2007,PKB,WV,AEA,CE,Federal Contract Tower,0,8,16,2,26,0,0,9,12,21,0,8,25,14,47,2,148,150,197
10/25/2007,PKB,WV,AEA,CE,Federal Contract Tower,0,8,20,3,31,0,0,16,9,25,0,8,36,12,56,10,32,42,98
10/26/2007,PKB,WV,AEA,CE,Federal Contract Tower,0,7,8,9,24,0,0,7,3,10,0,7,15,12,34,0,58,58,92
10/27/2007,PKB,WV,AEA,CE,Federal Contract Tower,0,4,2,4,10,0,0,20,2,22,0,4,22,6,32,0,4,4,36
10/28/2007,PKB,WV,AEA,CE,Federal Contract Tower,0,4,13,2,19,0,0,70,3,73,0,4,83,5,92,50,8,58,150
10/29/2007,PKB,WV,AEA,CE,Federal Contract Tower,0,7,14,5,26,0,0,30,6,36,0,7,44,11,62,46,4,50,112
10/30/2007,PKB,WV,AEA,CE,Federal Contract Tower,0,10,16,2,28,0,0,43,4,47,0,10,59,6,75,40,16,56,131
10/31/2007,PKB,WV,AEA,CE,Federal Contract Tower,0,8,13,5,26,0,0,37,6,43,0,8,50,11,69,40,10,50,119
11/01/2007,PKB,WV,AEA,CE,Federal Contract Tower,0,14,26,2,42,0,0,31,4,35,0,14,57,6,77,26,0,26,103
11/02/2007,PKB,WV,AEA,CE,Federal Contract Tower,0,9,7,2,18,0,1,35,7,43,0,10,42,9,61,12,2,14,75
11/03/2007,PKB,WV,AEA,CE,Federal Contract Tower,0,5,11,9,25,0,0,78,12,90,0,5,89,21,115,52,38,90,205
11/04/2007,PKB,WV,AEA,CE,Federal Contract Tower,0,4,12,5,21,0,0,42,4,46,0,4,54,9,67,12,0,12,79
11/05/2007,PKB,WV,AEA,CE,Federal Contract Tower,0,5,7,5,17,0,0,16,1,17,0,5,23,6,34,24,0,24,58
11/06/2007,PKB,WV,AEA,CE,Federal Contract Tower,0,9,15,2,26,0,0,15,5,20,0,9,30,7,46,12,0,12,58
11/07/2007,PKB,WV,AEA,CE,Federal Contract Tower,0,7,17,9,33,0,0,33,15,48,0,7,50,24,81,8,58,66,147
11/08/2007,PKB,WV,AEA,CE,Federal Contract Tower,0,7,17,18,42,0,1,26,12,39,0,8,43,30,81,16,38,54,135
11/09/2007,PKB,WV,AEA,CE,Federal Contract Tower,0,8,17,14,39,0,0,28,7,35,0,8,45,21,74,8,12,20,94
11/10/2007,PKB,WV,AEA,CE,Federal Contract Tower,0,7,7,0,14,0,0,19,0,19,0,7,26,0,33,12,0,12,45
11/11/2007,PKB,WV,AEA,CE,Federal Contract Tower,0,4,15,2,21,0,0,16,0,16,0,4,31,2,37,4,0,4,41
11/12/2007,PKB,WV,AEA,CE,Federal Contract Tower,0,7,10,12,29,0,0,35,11,46,0,7,45,23,75,26,40,66,141
11/13/2007,PKB,WV,AEA,CE,Federal Contract Tower,0,11,23,10,44,0,0,0,3,3,0,11,23,13,47,2,8,10,57
11/14/2007,PKB,WV,AEA,CE,Federal Contract Tower,0,10,21,5,36,0,0,6,8,14,0,10,27,13,50,10,30,40,90
11/15/2007,PKB,WV,AEA,CE,Federal Contract Tower,0,10,26,4,40,0,0,18,0,18,0,10,44,4,58,48,0,48,106
11/16/2007,PKB,WV,AEA,CE,Federal Contract Tower,0,10,10,1,21,0,0,23,16,39,0,10,33,17,60,26,62,88,148
11/17/2007,PKB,WV,AEA,CE,Federal Contract Tower,0,5,11,4,20,0,0,19,22,41,0,5,30,26,61,14,64,78,139
11/18/2007,PKB,WV,AEA,CE,Federal Contract Tower,0,4,5,2,11,0,0,24,12,36,0,4,29,14,47,32,104,136,183
11/19/2007,PKB,WV,AEA,CE,Federal Contract Tower,0,10,13,2,25,0,0,31,3,34,0,10,44,5,59,40,0,40,99
11/20/2007,PKB,WV,AEA,CE,Federal Contract Tower,0,11,16,0,27,0,0,34,7,41,0,11,50,7,68,24,0,24,92
11/21/2007,PKB,WV,AEA,CE,Federal Contract Tower,0,12,17,1,30,0,0,32,2,34,0,12,49,3,64,46,0,46,110
11/22/2007,PKB,WV,AEA,CE,Federal Contract Tower,0,4,4,0,8,0,0,9,0,9,0,4,13,0,17,0,0,0,17
11/23/2007,PKB,WV,AEA,CE,Federal Contract Tower,0,5,3,0,8,0,0,26,0,26,0,5,29,0,34,2,0,2,36
11/24/2007,PKB,WV,AEA,CE,Federal Contract Tower,0,4,8,0,12,0,0,48,0,48,0,4,56,0,60,16,0,16,76
11/25/2007,PKB,WV,AEA,CE,Federal Contract Tower,0,7,14,0,21,0,0,37,0,37,0,7,51,0,58,34,0,34,92
11/26/2007,PKB,WV,AEA,CE,Federal Contract Tower,0,11,18,1,30,0,0,1,1,2,0,11,19,2,32,0,0,0,32
11/27/2007,PKB,WV,AEA,CE,Federal Contract Tower,0,12,16,1,29,0,0,11,2,13,0,12,27,3,42,22,0,22,64
11/28/2007,PKB,WV,AEA,CE,Federal Contract Tower,0,10,10,1,21,0,0,48,4,52,0,10,58,5,73,20,0,20,93
11/29/2007,PKB,WV,AEA,CE,Federal Contract Tower,0,10,17,2,29,0,0,36,2,38,0,10,53,4,67,14,2,16,83
11/30/2007,PKB,WV,AEA,CE,Federal Contract Tower,0,12,15,5,32,0,0,37,15,52,0,12,52,20,84,34,24,58,142
12/01/2007,PKB,WV,AEA,CE,Federal Contract Tower,0,5,10,2,17,0,0,42,0,42,0,5,52,2,59,6,0,6,65
12/02/2007,PKB,WV,AEA,CE,Federal Contract Tower,0,3,10,0,13,0,0,0,0,0,0,3,10,0,13,2,0,2,15
12/03/2007,PKB,WV,AEA,CE,Federal Contract Tower,0,9,5,0,14,0,0,3,0,3,0,9,8,0,17,0,0,0,17
12/04/2007,PKB,WV,AEA,CE,Federal Contract Tower,0,14,15,6,35,0,0,20,3,23,0,14,35,9,58,6,10,16,74
12/05/2007,PKB,WV,AEA,CE,Federal Contract Tower,0,14,5,0,19,0,0,6,0,6,0,14,11,0,25,0,0,0,25
12/06/2007,PKB,WV,AEA,CE,Federal Contract Tower,0,12,22,1,35,0,0,24,2,26,0,12,46,3,61,12,20,32,93
12/07/2007,PKB,WV,AEA,CE,Federal Contract Tower,0,10,2,0,12,0,0,3,3,6,0,10,5,3,18,0,0,0,18
12/08/2007,PKB,WV,AEA,CE,Federal Contract Tower,0,5,10,0,15,0,0,3,0,3,0,5,13,0,18,0,0,0,18
12/09/2007,PKB,WV,AEA,CE,Federal Contract Tower,0,3,3,7,13,0,0,0,0,0,0,3,3,7,13,0,0,0,13
12/10/2007,PKB,WV,AEA,CE,Federal Contract Tower,0,10,5,0,15,0,0,0,0,0,0,10,5,0,15,0,0,0,15
12/11/2007,PKB,WV,AEA,CE,Federal Contract Tower,0,12,20,11,43,0,0,29,1,30,0,12,49,12,73,22,14,36,109
12/12/2007,PKB,WV,AEA,CE,Federal Contract Tower,0,12,26,10,48,0,0,27,10,37,0,12,53,20,85,46,36,82,167
12/13/2007,PKB,WV,AEA,CE,Federal Contract Tower,0,12,16,3,31,0,0,5,2,7,0,12,21,5,38,0,2,2,40
12/14/2007,PKB,WV,AEA,CE,Federal Contract Tower,0,12,13,2,27,0,0,25,17,42,0,12,38,19,69,28,62,90,159
12/15/2007,PKB,WV,AEA,CE,Federal Contract Tower,0,5,1,9,15,0,0,9,9,18,0,5,10,18,33,0,60,60,93
12/16/2007,PKB,WV,AEA,CE,Federal Contract Tower,0,4,0,0,4,0,0,0,0,0,0,4,0,0,4,0,0,0,4
12/17/2007,PKB,WV,AEA,CE,Federal Contract Tower,0,12,7,1,20,0,0,12,11,23,0,12,19,12,43,10,32,42,85
12/18/2007,PKB,WV,AEA,CE,Federal Contract Tower,0,15,22,5,42,0,0,63,1,64,0,15,85,6,106,56,20,76,182
12/19/2007,PKB,WV,AEA,CE,Federal Contract Tower,0,12,20,2,34,0,0,41,5,46,0,12,61,7,80,10,8,18,98
12/20/2007,PKB,WV,AEA,CE,Federal Contract Tower,0,16,26,1,43,0,0,32,5,37,0,16,58,6,80,20,36,56,136
12/21/2007,PKB,WV,AEA,CE,Federal Contract Tower,0,13,11,0,24,0,0,21,8,29,0,13,32,8,53,6,6,12,65
12/22/2007,PKB,WV,AEA,CE,Federal Contract Tower,0,8,7,0,15,0,0,32,0,32,0,8,39,0,47,20,0,20,67
12/23/2007,PKB,WV,AEA,CE,Federal Contract Tower,0,7,10,2,19,0,0,0,0,0,0,7,10,2,19,0,0,0,19
12/24/2007,PKB,WV,AEA,CE,Federal Contract Tower,0,6,2,0,8,0,0,3,0,3,0,6,5,0,11,0,0,0,11
12/25/2007,PKB,WV,AEA,CE,Federal Contract Tower,0,5,2,0,7,0,0,15,0,15,0,5,17,0,22,20,0,20,42
12/26/2007,PKB,WV,AEA,CE,Federal Contract Tower,0,9,5,0,14,0,0,28,0,28,0,9,33,0,42,16,0,16,58
12/27/2007,PKB,WV,AEA,CE,Federal Contract Tower,0,8,7,0,15,0,0,12,0,12,0,8,19,0,27,8,0,8,35
12/28/2007,PKB,WV,AEA,CE,Federal Contract Tower,0,7,14,2,23,0,0,13,9,22,0,7,27,11,45,8,0,8,53
12/29/2007,PKB,WV,AEA,CE,Federal Contract Tower,0,5,5,0,10,0,0,47,0,47,0,5,52,0,57,20,0,20,77
12/30/2007,PKB,WV,AEA,CE,Federal Contract Tower,0,6,10,0,16,0,0,14,0,14,0,6,24,0,30,8,0,8,38
12/31/2007,PKB,WV,AEA,CE,Federal Contract Tower,0,5,5,0,10,0,0,19,0,19,0,5,24,0,29,16,0,16,45
01/01/2008,PKB,WV,AEA,CE,Federal Contract Tower,0,6,4,0,10,0,0,0,0,0,0,6,4,0,10,0,0,0,10
01/02/2008,PKB,WV,AEA,CE,Federal Contract Tower,0,8,1,0,9,0,0,2,2,4,0,8,3,2,13,0,0,0,13
01/03/2008,PKB,WV,AEA,CE,Federal Contract Tower,0,6,6,0,12,0,1,10,7,18,0,7,16,7,30,8,4,12,42
01/04/2008,PKB,WV,AEA,CE,Federal Contract Tower,0,10,10,0,20,0,0,31,26,57,0,10,41,26,77,22,14,36,113
01/05/2008,PKB,WV,AEA,CE,Federal Contract Tower,0,6,6,8,20,0,0,11,41,52,0,6,17,49,72,0,86,86,158
01/06/2008,PKB,WV,AEA,CE,Federal Contract Tower,0,5,8,8,21,0,0,18,7,25,0,5,26,15,46,32,24,56,102
01/07/2008,PKB,WV,AEA,CE,Federal Contract Tower,0,7,8,5,20,0,3,23,5,31,0,10,31,10,51,14,0,14,65
01/08/2008,PKB,WV,AEA,CE,Federal Contract Tower,0,9,17,1,27,0,0,38,4,42,0,9,55,5,69,10,2,12,81
01/09/2008,PKB,WV,AEA,CE,Federal Contract Tower,0,9,13,3,25,0,0,38,9,47,0,9,51,12,72,12,0,12,84
01/10/2008,PKB,WV,AEA,CE,Federal Contract Tower,0,14,13,1,28,0,0,24,4,28,0,14,37,5,56,32,4,36,92
01/11/2008,PKB,WV,AEA,CE,Federal Contract Tower,0,8,1,4,13,0,0,17,1,18,0,8,18,5,31,0,0,0,31
01/12/2008,PKB,WV,AEA,CE,Federal Contract Tower,0,4,17,0,21,0,0,55,0,55,0,4,72,0,76,30,0,30,106
01/13/2008,PKB,WV,AEA,CE,Federal Contract Tower,0,4,6,6,16,0,0,35,7,42,0,4,41,13,58,12,4,16,74
01/14/2008,PKB,WV,AEA,CE,Federal Contract Tower,0,8,7,0,15,0,0,0,3,3,0,8,7,3,18,0,30,30,48
01/15/2008,PKB,WV,AEA,CE,Federal Contract Tower,0,9,13,2,24,0,0,4,0,4,0,9,17,2,28,0,0,0,28
01/16/2008,PKB,WV,AEA,CE,Federal Contract Tower,0,8,17,1,26,0,0,43,9,52,0,8,60,10,78,32,2,34,112
01/17/2008,PKB,WV,AEA,CE,Federal Contract Tower,0,8,9,0,17,0,0,27,1,28,0,8,36,1,45,10,2,12,57
01/18/2008,PKB,WV,AEA,CE,Federal Contract Tower,0,13,8,3,24,0,0,22,1,23,0,13,30,4,47,16,2,18,65
01/19/2008,PKB,WV,AEA,CE,Federal Contract Tower,0,6,6,1,13,0,0,24,0,24,0,6,30,1,37,0,0,0,37
01/20/2008,PKB,WV,AEA,CE,Federal Contract Tower,0,4,5,0,9,0,0,10,0,10,0,4,15,0,19,0,0,0,19
01/21/2008,PKB,WV,AEA,CE,Federal Contract Tower,0,6,6,0,12,0,0,30,0,30,0,6,36,0,42,20,0,20,62
01/22/2008,PKB,WV,AEA,CE,Federal Contract Tower,0,10,15,0,25,0,0,25,0,25,0,10,40,0,50,6,0,6,56
01/23/2008,PKB,WV,AEA,CE,Federal Contract Tower,0,8,6,2,16,0,0,32,4,36,0,8,38,6,52,18,2,20,72
01/24/2008,PKB,WV,AEA,CE,Federal Contract Tower,0,8,9,2,19,0,0,3,1,4,0,8,12,3,23,0,18,18,41
01/25/2008,PKB,WV,AEA,CE,Federal Contract Tower,0,8,8,13,29,0,0,24,7,31,0,8,32,20,60,10,24,34,94
01/26/2008,PKB,WV,AEA,CE,Federal Contract Tower,0,4,2,3,9,0,0,24,16,40,0,4,26,19,49,8,62,70,119
01/27/2008,PKB,WV,AEA,CE,Federal Contract Tower,0,4,2,2,8,0,0,8,12,20,0,4,10,14,28,8,64,72,100
01/28/2008,PKB,WV,AEA,CE,Federal Contract Tower,0,8,7,14,29,0,0,36,2,38,0,8,43,16,67,36,18,54,121
01/29/2008,PKB,WV,AEA,CE,Federal Contract Tower,0,10,15,0,25,0,0,14,0,14,0,10,29,0,39,6,0,6,45
01/30/2008,PKB,WV,AEA,CE,Federal Contract Tower,0,8,8,0,16,0,0,31,2,33,0,8,39,2,49,14,4,18,67
01/31/2008,PKB,WV,AEA,CE,Federal Contract Tower,0,9,10,13,32,0,0,25,13,38,0,9,35,26,70,6,36,42,112
02/01/2008,PKB,WV,AEA,CE,Federal Contract Tower,0,10,1,4,15,0,0,0,11,11,0,10,1,15,26,0,148,148,174
02/02/2008,PKB,WV,AEA,CE,Federal Contract Tower,0,4,14,7,25,0,0,42,12,54,0,4,56,19,79,28,76,104,183
02/03/2008,PKB,WV,AEA,CE,Federal Contract Tower,0,4,5,4,13,0,0,49,6,55,0,4,54,10,68,48,20,68,136
02/04/2008,PKB,WV,AEA,CE,Federal Contract Tower,0,6,13,2,21,0,0,1,0,1,0,6,14,2,22,0,0,0,22
02/05/2008,PKB,WV,AEA,CE,Federal Contract Tower,0,8,25,4,37,0,0,23,0,23,0,8,48,4,60,14,6,20,80
02/06/2008,PKB,WV,AEA,CE,Federal Contract Tower,0,10,11,0,21,0,0,30,5,35,0,10,41,5,56,32,8,40,96
02/07/2008,PKB,WV,AEA,CE,Federal Contract Tower,0,8,9,0,17,0,0,16,8,24,0,8,25,8,41,0,4,4,45
02/08/2008,PKB,WV,AEA,CE,Federal Contract Tower,0,5,15,4,24,0,0,15,1,16,0,5,30,5,40,30,4,34,74
02/09/2008,PKB,WV,AEA,CE,Federal Contract Tower,0,4,2,0,6,0,0,20,3,23,0,4,22,3,29,18,6,24,53
02/10/2008,PKB,WV,AEA,CE,Federal Contract Tower,0,4,1,0,5,0,0,8,0,8,0,4,9,0,13,14,0,14,27
02/11/2008,PKB,WV,AEA,CE,Federal Contract Tower,0,14,9,4,27,0,0,19,1,20,0,14,28,5,47,8,0,8,55
02/12/2008,PKB,WV,AEA,CE,Federal Contract Tower,0,8,2,0,10,0,0,1,0,1,0,8,3,0,11,0,0,0,11
02/13/2008,PKB,WV,AEA,CE,Federal Contract Tower,0,7,3,0,10,0,0,15,0,15,0,7,18,0,25,12,0,12,37
02/14/2008,PKB,WV,AEA,CE,Federal Contract Tower,0,10,15,4,29,0,0,34,9,43,0,10,49,13,72,28,6,34,106
02/15/2008,PKB,WV,AEA,CE,Federal Contract Tower,0,5,8,2,15,0,0,22,1,23,0,5,30,3,38,2,0,2,40
02/16/2008,PKB,WV,AEA,CE,Federal Contract Tower,0,8,10,1,19,0,0,42,0,42,0,8,52,1,61,34,0,34,95
02/17/2008,PKB,WV,AEA,CE,Federal Contract Tower,0,6,6,0,12,0,0,25,0,25,0,6,31,0,37,24,0,24,61
02/18/2008,PKB,WV,AEA,CE,Federal Contract Tower,0,7,6,0,13,0,0,14,0,14,0,7,20,0,27,0,0,0,27
02/19/2008,PKB,WV,AEA,CE,Federal Contract Tower,0,3,7,0,10,0,0,13,2,15,0,3,20,2,25,30,0,30,55
02/20/2008,PKB,WV,AEA,CE,Federal Contract Tower,0,9,11,0,20,0,0,11,7,18,0,9,22,7,38,0,50,50,88
02/21/2008,PKB,WV,AEA,CE,Federal Contract Tower,0,7,10,3,20,0,0,19,5,24,0,7,29,8,44,16,12,28,72
02/22/2008,PKB,WV,AEA,CE,Federal Contract Tower,0,3,2,0,5,0,0,0,0,0,0,3,2,0,5,2,0,2,7
02/23/2008,PKB,WV,AEA,CE,Federal Contract Tower,0,7,0,1,8,0,0,1,19,20,0,7,1,20,28,0,100,100,128
02/24/2008,PKB,WV,AEA,CE,Federal Contract Tower,2,5,14,4,25,0,0,29,6,35,2,5,43,10,60,24,8,32,92
02/25/2008,PKB,WV,AEA,CE,Federal Contract Tower,0,7,10,2,19,0,0,5,0,5,0,7,15,2,24,2,0,2,26
02/26/2008,PKB,WV,AEA,CE,Federal Contract Tower,0,8,6,3,17,0,0,5,1,6,0,8,11,4,23,2,0,2,25
02/27/2008,PKB,WV,AEA,CE,Federal Contract Tower,0,12,9,1,22,0,0,5,12,17,0,12,14,13,39,0,13,13,52
02/28/2008,PKB,WV,AEA,CE,Federal Contract Tower,0,7,22,10,39,0,3,16,15,34,0,10,38,25,73,14,16,30,103
02/29/2008,PKB,WV,AEA,CE,Federal Contract Tower,0,9,2,0,11,0,0,5,0,5,0,9,7,0,16,0,0,0,16
03/01/2008,PKB,WV,AEA,CE,Federal Contract Tower,1,5,3,2,11,0,0,11,19,30,1,5,14,21,41,0,130,130,171
03/02/2008,PKB,WV,AEA,CE,Federal Contract Tower,0,4,12,3,19,0,0,92,6,98,0,4,104,9,117,42,30,72,189
03/03/2008,PKB,WV,AEA,CE,Federal Contract Tower,0,6,5,2,13,0,0,10,9,19,0,6,15,11,32,2,22,24,56
03/04/2008,PKB,WV,AEA,CE,Federal Contract Tower,0,8,12,2,22,0,0,24,0,24,0,8,36,2,46,0,18,18,64
03/05/2008,PKB,WV,AEA,CE,Federal Contract Tower,0,8,9,4,21,0,0,22,9,31,0,8,31,13,52,22,6,28,80
03/06/2008,PKB,WV,AEA,CE,Federal Contract Tower,0,9,10,4,23,0,0,23,10,33,0,9,33,14,56,4,28,32,88
03/07/2008,PKB,WV,AEA,CE,Federal Contract Tower,0,7,2,1,10,0,0,1,4,5,0,7,3,5,15,0,2,2,17
03/08/2008,PKB,WV,AEA,CE,Federal Contract Tower,0,0,3,0,3,0,0,0,0,0,0,0,3,0,3,0,0,0,3
03/09/2008,PKB,WV,AEA,CE,Federal Contract Tower,0,4,4,0,8,0,0,15,0,15,0,4,19,0,23,0,0,0,23
03/10/2008,PKB,WV,AEA,CE,Federal Contract Tower,0,7,11,4,22,0,0,11,2,13,0,7,22,6,35,6,6,12,47
03/11/2008,PKB,WV,AEA,CE,Federal Contract Tower,0,6,11,1,18,0,0,39,3,42,0,6,50,4,60,12,2,14,74
03/12/2008,PKB,WV,AEA,CE,Federal Contract Tower,0,8,10,2,20,0,0,52,10,62,0,8,62,12,82,34,8,42,124
03/13/2008,PKB,WV,AEA,CE,Federal Contract Tower,0,16,15,0,31,0,0,29,9,38,0,16,44,9,69,6,28,34,103
03/14/2008,PKB,WV,AEA,CE,Federal Contract Tower,0,6,9,2,17,0,3,11,7,21,0,9,20,9,38,0,54,54,92
03/15/2008,PKB,WV,AEA,CE,Federal Contract Tower,0,3,13,3,19,0,1,23,9,33,0,4,36,12,52,4,10,14,66
03/16/2008,PKB,WV,AEA,CE,Federal Contract Tower,0,3,9,0,12,0,0,28,5,33,0,3,37,5,45,4,16,20,65
03/17/2008,PKB,WV,AEA,CE,Federal Contract Tower,0,8,15,10,33,0,4,37,4,45,0,12,52,14,78,18,26,44,122
03/18/2008,PKB,WV,AEA,CE,Federal Contract Tower,0,6,7,1,14,0,0,11,2,13,0,6,18,3,27,0,18,18,45
03/19/2008,PKB,WV,AEA,CE,Federal Contract Tower,0,12,5,3,20,0,0,14,0,14,0,12,19,3,34,6,30,36,70
03/20/2008,PKB,WV,AEA,CE,Federal Contract Tower,0,5,13,0,18,0,0,13,10,23,0,5,26,10,41,0,24,24,65
03/21/2008,PKB,WV,AEA,CE,Federal Contract Tower,0,8,13,1,22,0,0,40,4,44,0,8,53,5,66,0,10,10,76
03/22/2008,PKB,WV,AEA,CE,Federal Contract Tower,0,3,4,0,7,0,0,11,0,11,0,3,15,0,18,8,0,8,26
03/23/2008,PKB,WV,AEA,CE,Federal Contract Tower,0,3,10,2,15,0,1,24,0,25,0,4,34,2,40,40,0,40,80
03/24/2008,PKB,WV,AEA,CE,Federal Contract Tower,0,5,2,0,7,0,1,25,2,28,0,6,27,2,35,18,0,18,53
03/25/2008,PKB,WV,AEA,CE,Federal Contract Tower,0,6,6,1,13,0,0,27,9,36,0,6,33,10,49,4,38,42,91
03/26/2008,PKB,WV,AEA,CE,Federal Contract Tower,0,7,8,1,16,0,0,26,20,46,0,7,34,21,62,6,48,54,116
03/27/2008,PKB,WV,AEA,CE,Federal Contract Tower,0,8,12,4,24,0,0,6,8,14,0,8,18,12,38,0,40,40,78
03/28/2008,PKB,WV,AEA,CE,Federal Contract Tower,0,11,9,4,24,0,0,8,10,18,0,11,17,14,42,0,82,82,124
03/29/2008,PKB,WV,AEA,CE,Federal Contract Tower,0,5,9,1,15,0,0,74,0,74,0,5,83,1,89,6,3,9,98
03/30/2008,PKB,WV,AEA,CE,Federal Contract Tower,0,7,9,4,20,0,0,23,1,24,0,7,32,5,44,16,0,16,60
03/31/2008,PKB,WV,AEA,CE,Federal Contract Tower,0,5,8,8,21,0,1,13,9,23,0,6,21,17,44,18,11,29,73
04/01/2008,PKB,WV,AEA,CE,Federal Contract Tower,0,8,10,5,23,0,0,19,10,29,0,8,29,15,52,6,18,24,76
04/02/2008,PKB,WV,AEA,CE,Federal Contract Tower,0,8,6,13,27,0,4,40,16,60,0,12,46,29,87,22,90,112,199
04/03/2008,PKB,WV,AEA,CE,Federal Contract Tower,0,8,13,13,34,0,0,39,6,45,0,8,52,19,79,28,32,60,139
04/04/2008,PKB,WV,AEA,CE,Federal Contract Tower,0,5,3,2,10,0,2,9,7,18,0,7,12,9,28,2,88,90,118
04/05/2008,PKB,WV,AEA,CE,Federal Contract Tower,0,5,9,3,17,0,0,40,8,48,0,5,49,11,65,10,12,22,87
04/06/2008,PKB,WV,AEA,CE,Federal Contract Tower,0,2,10,1,13,0,0,64,6,70,0,2,74,7,83,18,28,46,129
04/07/2008,PKB,WV,AEA,CE,Federal Contract Tower,0,9,6,4,19,0,0,50,8,58,0,9,56,12,77,29,26,55,132
04/08/2008,PKB,WV,AEA,CE,Federal Contract Tower,0,8,21,2,31,0,0,58,2,60,0,8,79,4,91,20,20,40,131
04/09/2008,PKB,WV,AEA,CE,Federal Contract Tower,0,10,8,2,20,0,0,16,2,18,0,10,24,4,38,14,20,34,72
04/10/2008,PKB,WV,AEA,CE,Federal Contract Tower,0,12,16,2,30,0,0,28,7,35,0,12,44,9,65,50,0,50,115
04/11/2008,PKB,WV,AEA,CE,Federal Contract Tower,0,12,10,3,25,0,0,6,0,6,0,12,16,3,31,0,0,0,31
04/12/2008,PKB,WV,AEA,CE,Federal Contract Tower,0,6,7,0,13,0,0,28,3,31,0,6,35,3,44,20,0,20,64
04/13/2008,PKB,WV,AEA,CE,Federal Contract Tower,1,4,4,0,9,0,0,4,0,4,1,4,8,0,13,0,0,0,13
04/14/2008,PKB,WV,AEA,CE,Federal Contract Tower,0,9,9,2,20,0,0,15,9,24,0,9,24,11,44,22,6,28,72
04/15/2008,PKB,WV,AEA,CE,Federal Contract Tower,0,9,13,4,26,0,0,56,18,74,0,9,69,22,100,32,12,44,144
04/16/2008,PKB,WV,AEA,CE,Federal Contract Tower,0,11,14,2,27,0,0,74,9,83,0,11,88,11,110,66,28,94,204
04/17/2008,PKB,WV,AEA,CE,Federal Contract Tower,0,9,18,4,31,0,0,31,6,37,0,9,49,10,68,20,10,30,98
04/18/2008,PKB,WV,AEA,CE,Federal Contract Tower,0,5,8,2,15,0,4,46,1,51,0,9,54,3,66,48,2,50,116
04/19/2008,PKB,WV,AEA,CE,Federal Contract Tower,0,5,4,0,9,0,0,23,1,24,0,5,27,1,33,18,0,18,51
04/20/2008,PKB,WV,AEA,CE,Federal Contract Tower,0,4,6,0,10,0,0,8,0,8,0,4,14,0,18,4,0,4,22
04/21/2008,PKB,WV,AEA,CE,Federal Contract Tower,0,8,10,1,19,0,10,25,0,35,0,18,35,1,54,12,0,12,66
04/22/2008,PKB,WV,AEA,CE,Federal Contract Tower,0,11,28,11,50,0,0,57,6,63,0,11,85,17,113,62,20,82,195
04/23/2008,PKB,WV,AEA,CE,Federal Contract Tower,0,9,21,6,36,0,0,62,12,74,0,9,83,18,110,90,10,100,210
04/24/2008,PKB,WV,AEA,CE,Federal Contract Tower,0,8,18,8,34,0,0,40,14,54,0,8,58,22,88,26,22,48,136
04/25/2008,PKB,WV,AEA,CE,Federal Contract Tower,0,9,9,5,23,0,1,14,1,16,0,10,23,6,39,102,6,108,147
04/26/2008,PKB,WV,AEA,CE,Federal Contract Tower,0,5,6,0,11,0,0,27,0,27,0,5,33,0,38,24,0,24,62
04/27/2008,PKB,WV,AEA,CE,Federal Contract Tower,0,5,12,0,17,0,0,58,0,58,0,5,70,0,75,34,0,34,109
04/28/2008,PKB,WV,AEA,CE,Federal Contract Tower,1,4,11,4,20,0,0,3,5,8,1,4,14,9,28,6,16,22,50
04/29/2008,PKB,WV,AEA,CE,Federal Contract Tower,1,11,18,6,36,0,0,33,6,39,1,11,51,12,75,22,10,32,107
04/30/2008,PKB,WV,AEA,CE,Federal Contract Tower,0,9,19,16,44,0,0,58,8,66,0,9,77,24,110,48,50,98,208
05/01/2008,PKB,WV,AEA,CE,Federal Contract Tower,0,7,15,9,31,0,0,56,8,64,0,7,71,17,95,44,8,52,147
05/02/2008,PKB,WV,AEA,CE,Federal Contract Tower,0,8,8,4,20,0,0,12,10,22,0,8,20,14,42,6,14,20,62
05/03/2008,PKB,WV,AEA,CE,Federal Contract Tower,0,5,7,0,12,0,0,23,7,30,0,5,30,7,42,50,8,58,100
05/04/2008,PKB,WV,AEA,CE,Federal Contract Tower,0,4,9,0,13,0,0,35,1,36,0,4,44,1,49,28,0,28,77
05/05/2008,PKB,WV,AEA,CE,Federal Contract Tower,0,7,13,9,29,0,1,30,1,32,0,8,43,10,61,32,2,34,95
05/06/2008,PKB,WV,AEA,CE,Federal Contract Tower,0,10,11,5,26,0,0,54,5,59,0,10,65,10,85,24,2,26,111
05/07/2008,PKB,WV,AEA,CE,Federal Contract Tower,0,11,13,4,28,0,0,49,3,52,0,11,62,7,80,30,0,30,110
05/08/2008,PKB,WV,AEA,CE,Federal Contract Tower,0,12,18,1,31,0,0,4,2,6,0,12,22,3,37,0,0,0,37
05/09/2008,PKB,WV,AEA,CE,Federal Contract Tower,1,9,18,4,32,0,0,8,10,18,1,9,26,14,50,16,0,16,66
05/10/2008,PKB,WV,AEA,CE,Federal Contract Tower,0,5,10,0,15,0,0,55,6,61,0,5,65,6,76,16,0,16,92
05/11/2008,PKB,WV,AEA,CE,Federal Contract Tower,0,7,3,2,12,0,0,0,1,1,0,7,3,3,13,0,0,0,13
05/12/2008,PKB,WV,AEA,CE,Federal Contract Tower,0,9,18,6,33,0,0,0,4,4,0,9,18,10,37,10,4,14,51
05/13/2008,PKB,WV,AEA,CE,Federal Contract Tower,0,14,18,2,34,0,0,54,17,71,0,14,72,19,105,52,8,60,165
05/14/2008,PKB,WV,AEA,CE,Federal Contract Tower,0,10,17,6,33,0,0,34,3,37,0,10,51,9,70,26,8,34,104
05/15/2008,PKB,WV,AEA,CE,Federal Contract Tower,0,13,15,1,29,0,0,26,7,33,0,13,41,8,62,18,2,20,82
05/16/2008,PKB,WV,AEA,CE,Federal Contract Tower,0,10,15,2,27,0,0,6,11,17,0,10,21,13,44,12,30,42,86
05/17/2008,PKB,WV,AEA,CE,Federal Contract Tower,0,4,19,0,23,0,0,15,7,22,0,4,34,7,45,14,4,18,63
05/18/2008,PKB,WV,AEA,CE,Federal Contract Tower,0,1,11,0,12,0,0,2,2,4,0,1,13,2,16,0,0,0,16
05/19/2008,PKB,WV,AEA,CE,Federal Contract Tower,0,10,11,3,24,0,0,31,5,36,0,10,42,8,60,46,4,50,110
05/20/2008,PKB,WV,AEA,CE,Federal Contract Tower,0,12,19,0,31,0,0,44,7,51,0,12,63,7,82,10,0,10,92
05/21/2008,PKB,WV,AEA,CE,Federal Contract Tower,0,11,12,1,24,0,0,49,9,58,0,11,61,10,82,34,16,50,132
05/22/2008,PKB,WV,AEA,CE,Federal Contract Tower,0,17,15,1,33,0,5,56,15,76,0,22,71,16,109,32,0,32,141
05/23/2008,PKB,WV,AEA,CE,Federal Contract Tower,0,6,7,2,15,0,0,50,10,60,0,6,57,12,75,50,0,50,125
05/24/2008,PKB,WV,AEA,CE,Federal Contract Tower,0,6,5,0,11,0,0,105,0,105,0,6,110,0,116,54,0,54,170
05/25/2008,PKB,WV,AEA,CE,Federal Contract Tower,0,4,3,0,7,0,0,42,0,42,0,4,45,0,49,24,0,24,73
05/26/2008,PKB,WV,AEA,CE,Federal Contract Tower,0,4,12,0,16,0,0,19,0,19,0,4,31,0,35,28,0,28,63
05/27/2008,PKB,WV,AEA,CE,Federal Contract Tower,0,8,17,0,25,0,0,27,0,27,0,8,44,0,52,66,0,66,118
05/28/2008,PKB,WV,AEA,CE,Federal Contract Tower,0,11,13,0,24,0,0,61,13,74,0,11,74,13,98,62,8,70,168
05/29/2008,PKB,WV,AEA,CE,Federal Contract Tower,0,8,11,3,22,0,2,46,9,57,0,10,57,12,79,30,4,34,113
05/30/2008,PKB,WV,AEA,CE,Federal Contract Tower,0,9,12,0,21,0,0,35,13,48,0,9,47,13,69,26,0,26,95
05/31/2008,PKB,WV,AEA,CE,Federal Contract Tower,0,4,4,2,10,0,0,11,2,13,0,4,15,4,23,0,0,0,23
06/01/2008,PKB,WV,AEA,CE,Federal Contract Tower,0,4,3,1,8,0,0,35,8,43,0,4,38,9,51,24,4,28,79
06/02/2008,PKB,WV,AEA,CE,Federal Contract Tower,0,9,6,3,18,0,2,35,8,45,0,11,41,11,63,38,23,61,124
06/03/2008,PKB,WV,AEA,CE,Federal Contract Tower,0,9,13,2,24,0,0,47,5,52,0,9,60,7,76,22,0,22,98
06/04/2008,PKB,WV,AEA,CE,Federal Contract Tower,0,7,9,0,16,0,0,33,0,33,0,7,42,0,49,14,0,14,63
06/05/2008,PKB,WV,AEA,CE,Federal Contract Tower,0,11,26,2,39,0,0,49,10,59,0,11,75,12,98,74,12,86,184
06/06/2008,PKB,WV,AEA,CE,Federal Contract Tower,0,10,11,1,22,0,0,26,13,39,0,10,37,14,61,48,8,56,117
06/07/2008,PKB,WV,AEA,CE,Federal Contract Tower,0,5,5,1,11,0,0,38,5,43,0,5,43,6,54,70,12,82,136
06/08/2008,PKB,WV,AEA,CE,Federal Contract Tower,0,3,3,0,6,0,0,59,1,60,0,3,62,1,66,50,0,50,116
06/09/2008,PKB,WV,AEA,CE,Federal Contract Tower,0,9,25,0,34,0,2,28,8,38,0,11,53,8,72,52,0,52,124
06/10/2008,PKB,WV,AEA,CE,Federal Contract Tower,0,10,15,0,25,0,0,46,4,50,0,10,61,4,75,18,22,40,115
06/11/2008,PKB,WV,AEA,CE,Federal Contract Tower,0,11,18,0,29,0,0,61,10,71,0,11,79,10,100,52,2,54,154
06/12/2008,PKB,WV,AEA,CE,Federal Contract Tower,0,10,9,1,20,0,2,64,9,75,0,12,73,10,95,54,0,54,149
06/13/2008,PKB,WV,AEA,CE,Federal Contract Tower,0,9,15,1,25,0,0,18,8,26,0,9,33,9,51,2,0,2,53
06/14/2008,PKB,WV,AEA,CE,Federal Contract Tower,0,6,11,0,17,0,1,23,4,28,0,7,34,4,45,32,12,44,89
06/15/2008,PKB,WV,AEA,CE,Federal Contract Tower,0,5,10,0,15,0,0,47,0,47,0,5,57,0,62,16,0,16,78
06/16/2008,PKB,WV,AEA,CE,Federal Contract Tower,0,10,10,0,20,0,0,15,5,20,0,10,25,5,40,24,0,24,64
06/17/2008,PKB,WV,AEA,CE,Federal Contract Tower,0,7,15,2,24,0,1,46,19,66,0,8,61,21,90,16,0,16,106
06/18/2008,PKB,WV,AEA,CE,Federal Contract Tower,0,7,21,0,28,0,0,19,9,28,0,7,40,9,56,41,10,51,107
06/19/2008,PKB,WV,AEA,CE,Federal Contract Tower,0,10,16,6,32,0,0,25,8,33,0,10,41,14,65,39,10,49,114
06/20/2008,PKB,WV,AEA,CE,Federal Contract Tower,0,6,15,2,23,0,0,24,14,38,0,6,39,16,61,24,14,38,99
06/21/2008,PKB,WV,AEA,CE,Federal Contract Tower,0,5,8,0,13,0,0,38,1,39,0,5,46,1,52,17,0,17,69
06/22/2008,PKB,WV,AEA,CE,Federal Contract Tower,0,3,11,1,15,0,0,30,1,31,0,3,41,2,46,68,4,72,118
06/23/2008,PKB,WV,AEA,CE,Federal Contract Tower,0,9,13,0,22,0,0,25,4,29,0,9,38,4,51,50,4,54,105
06/24/2008,PKB,WV,AEA,CE,Federal Contract Tower,0,8,20,0,28,0,0,54,9,63,0,8,74,9,91,22,14,36,127
06/25/2008,PKB,WV,AEA,CE,Federal Contract Tower,0,12,18,0,30,0,0,70,2,72,0,12,88,2,102,56,6,62,164
06/26/2008,PKB,WV,AEA,CE,Federal Contract Tower,0,7,17,9,33,0,2,29,11,42,0,9,46,20,75,18,14,32,107
06/27/2008,PKB,WV,AEA,CE,Federal Contract Tower,0,10,8,0,18,0,0,44,1,45,0,10,52,1,63,0,0,0,63
06/28/2008,PKB,WV,AEA,CE,Federal Contract Tower,0,4,2,0,6,0,0,14,0,14,0,4,16,0,20,6,0,6,26
06/29/2008,PKB,WV,AEA,CE,Federal Contract Tower,0,5,7,0,12,0,0,11,0,11,0,5,18,0,23,14,0,14,37
06/30/2008,PKB,WV,AEA,CE,Federal Contract Tower,0,8,9,0,17,0,0,9,0,9,0,8,18,0,26,8,0,8,34
07/01/2008,PKB,WV,AEA,CE,Federal Contract Tower,0,10,30,0,40,0,0,63,1,64,0,10,93,1,104,50,0,50,154
07/02/2008,PKB,WV,AEA,CE,Federal Contract Tower,0,10,23,1,34,0,0,69,19,88,0,10,92,20,122,76,12,88,210
07/03/2008,PKB,WV,AEA,CE,Federal Contract Tower,0,7,12,0,19,0,2,13,11,26,0,9,25,11,45,10,0,10,55
07/04/2008,PKB,WV,AEA,CE,Federal Contract Tower,0,6,12,0,18,0,0,42,0,42,0,6,54,0,60,46,0,46,106
07/05/2008,PKB,WV,AEA,CE,Federal Contract Tower,0,5,8,0,13,0,1,12,0,13,0,6,20,0,26,14,0,14,40
07/06/2008,PKB,WV,AEA,CE,Federal Contract Tower,0,2,14,0,16,0,0,30,0,30,0,2,44,0,46,10,0,10,56
07/07/2008,PKB,WV,AEA,CE,Federal Contract Tower,0,6,10,2,18,0,0,20,10,30,0,6,30,12,48,18,0,18,66
07/08/2008,PKB,WV,AEA,CE,Federal Contract Tower,0,9,19,0,28,0,0,30,0,30,0,9,49,0,58,6,0,6,64
07/09/2008,PKB,WV,AEA,CE,Federal Contract Tower,0,10,18,0,28,0,0,43,0,43,0,10,61,0,71,28,0,28,99
07/10/2008,PKB,WV,AEA,CE,Federal Contract Tower,0,7,15,0,22,0,1,68,6,75,0,8,83,6,97,42,0,42,139
07/11/2008,PKB,WV,AEA,CE,Federal Contract Tower,0,8,16,0,24,0,0,81,3,84,0,8,97,3,108,29,24,53,161
07/12/2008,PKB,WV,AEA,CE,Federal Contract Tower,0,5,10,2,17,0,0,37,5,42,0,5,47,7,59,10,0,10,69
07/13/2008,PKB,WV,AEA,CE,Federal Contract Tower,0,0,8,0,8,0,0,34,1,35,0,0,42,1,43,30,6,36,79
07/14/2008,PKB,WV,AEA,CE,Federal Contract Tower,0,4,6,0,10,0,2,27,1,30,0,6,33,1,40,30,0,30,70
07/15/2008,PKB,WV,AEA,CE,Federal Contract Tower,0,7,16,0,23,0,2,64,14,80,0,9,80,14,103,60,10,70,173
07/16/2008,PKB,WV,AEA,CE,Federal Contract Tower,0,6,21,6,33,0,0,79,28,107,0,6,100,34,140,80,14,94,234
07/17/2008,PKB,WV,AEA,CE,Federal Contract Tower,0,10,17,1,28,0,0,39,8,47,0,10,56,9,75,52,114,166,241
07/18/2008,PKB,WV,AEA,CE,Federal Contract Tower,0,9,11,2,22,0,0,58,55,113,0,9,69,57,135,29,126,155,290
07/19/2008,PKB,WV,AEA,CE,Federal Contract Tower,0,4,7,4,15,0,0,43,16,59,0,4,50,20,74,6,4,10,84
07/20/2008,PKB,WV,AEA,CE,Federal Contract Tower,0,2,7,0,9,0,0,20,18,38,0,2,27,18,47,14,0,14,61
07/21/2008,PKB,WV,AEA,CE,Federal Contract Tower,0,7,7,0,14,0,0,18,6,24,0,7,25,6,38,22,0,22,60
07/22/2008,PKB,WV,AEA,CE,Federal Contract Tower,0,8,15,12,35,0,0,49,6,55,0,8,64,18,90,30,20,50,140
07/23/2008,PKB,WV,AEA,CE,Federal Contract Tower,0,9,10,7,26,0,0,62,15,77,0,9,72,22,103,36,38,74,177
07/24/2008,PKB,WV,AEA,CE,Federal Contract Tower,0,9,31,10,50,0,0,65,20,85,0,9,96,30,135,38,36,74,209
07/25/2008,PKB,WV,AEA,CE,Federal Contract Tower,0,6,9,1,16,0,0,43,3,46,0,6,52,4,62,44,2,46,108
07/26/2008,PKB,WV,AEA,CE,Federal Contract Tower,0,2,9,2,13,0,0,32,7,39,0,2,41,9,52,20,48,68,120
07/27/2008,PKB,WV,AEA,CE,Federal Contract Tower,0,2,12,4,18,0,0,30,0,30,0,2,42,4,48,52,4,56,104
07/28/2008,PKB,WV,AEA,CE,Federal Contract Tower,0,7,15,4,26,0,0,26,11,37,0,7,41,15,63,52,32,84,147
07/29/2008,PKB,WV,AEA,CE,Federal Contract Tower,0,8,20,5,33,0,0,50,0,50,0,8,70,5,83,24,6,30,113
07/30/2008,PKB,WV,AEA,CE,Federal Contract Tower,0,8,12,7,27,0,0,41,16,57,0,8,53,23,84,16,62,78,162
07/31/2008,PKB,WV,AEA,CE,Federal Contract Tower,0,13,21,1,35,0,0,37,11,48,0,13,58,12,83,26,4,30,113
08/01/2008,PKB,WV,AEA,CE,Federal Contract Tower,0,8,17,2,27,0,0,19,7,26,0,8,36,9,53,0,62,62,115
08/02/2008,PKB,WV,AEA,CE,Federal Contract Tower,0,3,4,0,7,0,0,15,11,26,0,3,19,11,33,4,0,4,37
08/03/2008,PKB,WV,AEA,CE,Federal Contract Tower,0,4,11,1,16,0,0,48,6,54,0,4,59,7,70,40,10,50,120
08/04/2008,PKB,WV,AEA,CE,Federal Contract Tower,0,8,20,6,34,0,0,28,5,33,0,8,48,11,67,30,8,38,105
08/05/2008,PKB,WV,AEA,CE,Federal Contract Tower,0,11,22,7,40,0,0,19,7,26,0,11,41,14,66,0,0,0,66
08/06/2008,PKB,WV,AEA,CE,Federal Contract Tower,0,8,24,11,43,0,0,43,9,52,0,8,67,20,95,36,20,56,151
08/07/2008,PKB,WV,AEA,CE,Federal Contract Tower,0,9,20,0,29,0,0,31,7,38,0,9,51,7,67,20,0,20,87
08/08/2008,PKB,WV,AEA,CE,Federal Contract Tower,0,10,17,7,34,0,0,30,6,36,0,10,47,13,70,12,82,94,164
08/09/2008,PKB,WV,AEA,CE,Federal Contract Tower,0,5,21,1,27,0,2,39,11,52,0,7,60,12,79,16,16,32,111
08/10/2008,PKB,WV,AEA,CE,Federal Contract Tower,0,0,12,3,15,0,0,29,17,46,0,0,41,20,61,26,0,26,87
08/11/2008,PKB,WV,AEA,CE,Federal Contract Tower,0,7,13,0,20,0,0,18,2,20,0,7,31,2,40,4,15,19,59
08/12/2008,PKB,WV,AEA,CE,Federal Contract Tower,0,9,22,3,34,0,0,53,7,60,0,9,75,10,94,78,0,78,172
08/13/2008,PKB,WV,AEA,CE,Federal Contract Tower,0,9,21,1,31,0,0,61,7,68,0,9,82,8,99,56,24,80,179
08/14/2008,PKB,WV,AEA,CE,Federal Contract Tower,0,9,10,1,20,0,0,29,5,34,0,9,39,6,54,18,0,18,72
08/15/2008,PKB,WV,AEA,CE,Federal Contract Tower,0,10,12,0,22,0,0,25,10,35,0,10,37,10,57,30,12,42,99
08/16/2008,PKB,WV,AEA,CE,Federal Contract Tower,0,3,11,18,32,0,0,26,0,26,0,3,37,18,58,10,16,26,84
08/17/2008,PKB,WV,AEA,CE,Federal Contract Tower,0,2,8,0,10,0,0,35,0,35,0,2,43,0,45,20,0,20,65
08/18/2008,PKB,WV,AEA,CE,Federal Contract Tower,0,8,4,0,12,0,0,24,16,40,0,8,28,16,52,10,54,64,116
08/19/2008,PKB,WV,AEA,CE,Federal Contract Tower,0,8,21,6,35,0,0,33,16,49,0,8,54,22,84,28,60,88,172
08/20/2008,PKB,WV,AEA,CE,Federal Contract Tower,0,5,16,7,28,0,0,41,21,62,0,5,57,28,90,51,13,64,154
08/21/2008,PKB,WV,AEA,CE,Federal Contract Tower,0,7,8,7,22,0,0,39,12,51,0,7,47,19,73,18,16,34,107
08/22/2008,PKB,WV,AEA,CE,Federal Contract Tower,0,7,9,7,23,0,0,28,16,44,0,7,37,23,67,22,16,38,105
08/23/2008,PKB,WV,AEA,CE,Federal Contract Tower,0,4,7,1,12,0,0,29,7,36,0,4,36,8,48,14,6,20,68
08/24/2008,PKB,WV,AEA,CE,Federal Contract Tower,0,2,4,0,6,0,0,28,1,29,0,2,32,1,35,16,0,16,51
08/25/2008,PKB,WV,AEA,CE,Federal Contract Tower,0,6,11,8,25,0,1,22,10,33,0,7,33,18,58,26,104,130,188
08/26/2008,PKB,WV,AEA,CE,Federal Contract Tower,0,5,17,12,34,0,0,37,18,55,0,5,54,30,89,30,32,62,151
08/27/2008,PKB,WV,AEA,CE,Federal Contract Tower,0,8,13,2,23,0,0,1,0,1,0,8,14,2,24,0,0,0,24
08/28/2008,PKB,WV,AEA,CE,Federal Contract Tower,0,8,22,6,36,0,0,1,0,1,0,8,23,6,37,6,26,32,69
08/29/2008,PKB,WV,AEA,CE,Federal Contract Tower,0,7,10,6,23,0,0,7,2,9,0,7,17,8,32,38,2,40,72
08/30/2008,PKB,WV,AEA,CE,Federal Contract Tower,0,3,6,0,9,0,0,12,3,15,0,3,18,3,24,6,0,6,30
08/31/2008,PKB,WV,AEA,CE,Federal Contract Tower,0,4,15,0,19,0,2,38,0,40,0,6,53,0,59,34,0,34,93
09/01/2008,PKB,WV,AEA,CE,Federal Contract Tower,0,4,1,0,5,0,0,30,10,40,0,4,31,10,45,32,6,38,83
09/02/2008,PKB,WV,AEA,CE,Federal Contract Tower,0,7,16,3,26,0,0,32,8,40,0,7,48,11,66,18,2,20,86
09/03/2008,PKB,WV,AEA,CE,Federal Contract Tower,0,7,11,6,24,0,1,29,7,37,0,8,40,13,61,48,2,50,111
09/04/2008,PKB,WV,AEA,CE,Federal Contract Tower,0,8,13,6,27,0,0,27,3,30,0,8,40,9,57,36,2,38,95
09/05/2008,PKB,WV,AEA,CE,Federal Contract Tower,0,7,8,8,23,0,3,20,7,30,0,10,28,15,53,12,22,34,87
09/06/2008,PKB,WV,AEA,CE,Federal Contract Tower,0,3,3,7,13,0,0,14,5,19,0,3,17,12,32,16,0,16,48
09/07/2008,PKB,WV,AEA,CE,Federal Contract Tower,0,2,11,4,17,0,0,51,6,57,0,2,62,10,74,30,0,30,104
09/08/2008,PKB,WV,AEA,CE,Federal Contract Tower,0,6,4,1,11,0,1,21,11,33,0,7,25,12,44,12,32,44,88
09/09/2008,PKB,WV,AEA,CE,Federal Contract Tower,0,8,11,0,19,0,0,29,8,37,0,8,40,8,56,18,0,18,74
09/10/2008,PKB,WV,AEA,CE,Federal Contract Tower,0,10,25,7,42,0,0,64,14,78,0,10,89,21,120,46,30,76,196
09/11/2008,PKB,WV,AEA,CE,Federal Contract Tower,0,4,11,3,18,0,2,43,16,61,0,6,54,19,79,36,0,36,115
09/12/2008,PKB,WV,AEA,CE,Federal Contract Tower,0,10,5,0,15,0,0,14,3,17,0,10,19,3,32,8,0,8,40
09/13/2008,PKB,WV,AEA,CE,Federal Contract Tower,0,5,5,0,10,0,0,7,11,18,0,5,12,11,28,0,0,0,28
09/14/2008,PKB,WV,AEA,CE,Federal Contract Tower,0,4,5,2,11,0,0,9,1,10,0,4,14,3,21,0,0,0,21
09/15/2008,PKB,WV,AEA,CE,Federal Contract Tower,0,9,9,2,20,0,0,11,3,14,0,9,20,5,34,8,0,8,42
09/16/2008,PKB,WV,AEA,CE,Federal Contract Tower,0,10,20,2,32,0,0,34,12,46,0,10,54,14,78,18,12,30,108
09/17/2008,PKB,WV,AEA,CE,Federal Contract Tower,0,12,17,4,33,0,0,58,8,66,0,12,75,12,99,62,0,62,161
09/18/2008,PKB,WV,AEA,CE,Federal Contract Tower,0,10,26,10,46,0,4,54,13,71,0,14,80,23,117,24,20,44,161
09/19/2008,PKB,WV,AEA,CE,Federal Contract Tower,0,5,17,10,32,0,1,26,1,28,0,6,43,11,60,2,4,6,66
09/20/2008,PKB,WV,AEA,CE,Federal Contract Tower,0,6,9,3,18,0,0,36,4,40,0,6,45,7,58,16,0,16,74
09/21/2008,PKB,WV,AEA,CE,Federal Contract Tower,0,3,6,0,9,0,0,26,0,26,0,3,32,0,35,24,0,24,59
09/22/2008,PKB,WV,AEA,CE,Federal Contract Tower,0,7,12,8,27,0,0,22,7,29,0,7,34,15,56,12,2,14,70
09/23/2008,PKB,WV,AEA,CE,Federal Contract Tower,0,10,11,4,25,0,0,48,6,54,0,10,59,10,79,32,2,34,113
09/24/2008,PKB,WV,AEA,CE,Federal Contract Tower,0,8,26,6,40,0,0,52,7,59,0,8,78,13,99,38,8,46,145
09/25/2008,PKB,WV,AEA,CE,Federal Contract Tower,0,7,12,10,29,0,0,47,5,52,0,7,59,15,81,60,10,70,151
09/26/2008,PKB,WV,AEA,CE,Federal Contract Tower,0,9,8,6,23,0,1,9,3,13,0,10,17,9,36,0,0,0,36
09/27/2008,PKB,WV,AEA,CE,Federal Contract Tower,0,3,6,4,13,0,0,57,8,65,0,3,63,12,78,30,2,32,110
09/28/2008,PKB,WV,AEA,CE,Federal Contract Tower,0,2,9,6,17,0,0,30,10,40,0,2,39,16,57,84,28,112,169
09/29/2008,PKB,WV,AEA,CE,Federal Contract Tower,0,6,20,2,28,0,0,8,7,15,0,6,28,9,43,0,0,0,43
09/30/2008,PKB,WV,AEA,CE,Federal Contract Tower,0,8,14,2,24,0,0,36,6,42,0,8,50,8,66,20,2,22,88
10/01/2008,PKB,WV,AEA,CE,Federal Contract Tower,0,8,20,2,30,0,0,43,3,46,0,8,63,5,76,64,0,64,140
10/02/2008,PKB,WV,AEA,CE,Federal Contract Tower,0,8,10,6,24,0,0,27,14,41,0,8,37,20,65,18,12,30,95
10/03/2008,PKB,WV,AEA,CE,Federal Contract Tower,2,8,7,1,18,0,0,21,7,28,2,8,28,8,46,12,2,14,60
10/04/2008,PKB,WV,AEA,CE,Federal Contract Tower,2,3,7,0,12,0,0,41,4,45,2,3,48,4,57,4,0,4,61
10/05/2008,PKB,WV,AEA,CE,Federal Contract Tower,0,2,7,0,9,0,0,46,0,46,0,2,53,0,55,12,0,12,67
10/06/2008,PKB,WV,AEA,CE,Federal Contract Tower,0,7,9,1,17,0,2,27,10,39,0,9,36,11,56,28,24,52,108
10/07/2008,PKB,WV,AEA,CE,Federal Contract Tower,0,8,13,5,26,0,0,27,5,32,0,8,40,10,58,12,0,12,70
10/08/2008,PKB,WV,AEA,CE,Federal Contract Tower,0,10,13,0,23,0,0,0,0,0,0,10,13,0,23,4,0,4,27
10/09/2008,PKB,WV,AEA,CE,Federal Contract Tower,0,8,19,4,31,0,0,32,8,40,0,8,51,12,71,6,26,32,103
10/10/2008,PKB,WV,AEA,CE,Federal Contract Tower,0,10,15,2,27,0,0,32,23,55,0,10,47,25,82,10,2,12,94
10/11/2008,PKB,WV,AEA,CE,Federal Contract Tower,0,3,15,0,18,0,0,39,2,41,0,3,54,2,59,18,0,18,77
10/12/2008,PKB,WV,AEA,CE,Federal Contract Tower,0,4,11,0,15,0,0,52,0,52,0,4,63,0,67,16,0,16,83
10/13/2008,PKB,WV,AEA,CE,Federal Contract Tower,0,9,5,1,15,0,0,26,3,29,0,9,31,4,44,18,2,20,64
10/14/2008,PKB,WV,AEA,CE,Federal Contract Tower,0,8,15,11,34,0,0,35,3,38,0,8,50,14,72,0,10,10,82
10/15/2008,PKB,WV,AEA,CE,Federal Contract Tower,0,10,8,8,26,0,0,55,17,72,0,10,63,25,98,56,70,126,224
10/16/2008,PKB,WV,AEA,CE,Federal Contract Tower,0,8,19,6,33,0,0,2,5,7,0,8,21,11,40,34,0,34,74
10/17/2008,PKB,WV,AEA,CE,Federal Contract Tower,0,8,14,8,30,0,0,20,10,30,0,8,34,18,60,10,74,84,144
10/18/2008,PKB,WV,AEA,CE,Federal Contract Tower,0,2,11,11,24,0,0,35,5,40,0,2,46,16,64,0,4,4,68
10/19/2008,PKB,WV,AEA,CE,Federal Contract Tower,0,2,10,4,16,0,0,32,9,41,0,2,42,13,57,16,10,26,83
10/20/2008,PKB,WV,AEA,CE,Federal Contract Tower,0,9,9,2,20,0,0,11,0,11,0,9,20,2,31,0,0,0,31
10/21/2008,PKB,WV,AEA,CE,Federal Contract Tower,0,8,15,3,26,0,0,29,8,37,0,8,44,11,63,10,38,48,111
10/22/2008,PKB,WV,AEA,CE,Federal Contract Tower,0,8,5,12,25,0,0,42,20,62,0,8,47,32,87,64,78,142,229
10/23/2008,PKB,WV,AEA,CE,Federal Contract Tower,0,9,11,2,22,0,1,25,15,41,0,10,36,17,63,26,18,44,107
10/24/2008,PKB,WV,AEA,CE,Federal Contract Tower,0,8,9,3,20,0,0,16,2,18,0,8,25,5,38,6,134,140,178
10/25/2008,PKB,WV,AEA,CE,Federal Contract Tower,0,5,10,7,22,0,0,10,9,19,0,5,20,16,41,0,14,14,55
10/26/2008,PKB,WV,AEA,CE,Federal Contract Tower,0,6,11,6,23,0,0,19,9,28,0,6,30,15,51,16,18,34,85
10/27/2008,PKB,WV,AEA,CE,Federal Contract Tower,1,7,3,2,13,0,0,0,1,1,1,7,3,3,14,0,0,0,14
10/28/2008,PKB,WV,AEA,CE,Federal Contract Tower,0,8,5,0,13,0,0,5,7,12,0,8,10,7,25,0,16,16,41
10/29/2008,PKB,WV,AEA,CE,Federal Contract Tower,0,6,9,0,15,0,0,29,13,42,0,6,38,13,57,6,32,38,95
10/30/2008,PKB,WV,AEA,CE,Federal Contract Tower,0,8,17,4,29,0,0,27,17,44,0,8,44,21,73,12,0,12,85
10/31/2008,PKB,WV,AEA,CE,Federal Contract Tower,0,8,17,1,26,0,1,35,10,46,0,9,52,11,72,22,78,100,172
11/01/2008,PKB,WV,AEA,CE,Federal Contract Tower,0,3,7,0,10,0,0,35,7,42,0,3,42,7,52,6,22,28,80
11/02/2008,PKB,WV,AEA,CE,Federal Contract Tower,2,2,6,3,13,0,0,31,14,45,2,2,37,17,58,18,40,58,116
11/03/2008,PKB,WV,AEA,CE,Federal Contract Tower,0,8,2,8,18,0,0,15,10,25,0,8,17,18,43,0,38,38,81
11/04/2008,PKB,WV,AEA,CE,Federal Contract Tower,0,8,12,6,26,0,0,34,6,40,0,8,46,12,66,36,0,36,102
11/05/2008,PKB,WV,AEA,CE,Federal Contract Tower,0,6,18,10,34,0,2,44,7,53,0,8,62,17,87,44,16,60,147
11/06/2008,PKB,WV,AEA,CE,Federal Contract Tower,0,10,10,9,29,0,0,32,9,41,0,10,42,18,70,34,22,56,126
11/07/2008,PKB,WV,AEA,CE,Federal Contract Tower,0,10,9,1,20,0,0,15,1,16,0,10,24,2,36,12,2,14,50
11/08/2008,PKB,WV,AEA,CE,Federal Contract Tower,0,7,6,1,14,0,0,7,6,13,0,7,13,7,27,0,0,0,27
11/09/2008,PKB,WV,AEA,CE,Federal Contract Tower,0,1,3,0,4,0,0,8,0,8,0,1,11,0,12,6,0,6,18
11/10/2008,PKB,WV,AEA,CE,Federal Contract Tower,0,11,11,0,22,0,0,21,15,36,0,11,32,15,58,30,42,72,130
11/11/2008,PKB,WV,AEA,CE,Federal Contract Tower,0,9,26,2,37,0,2,33,7,42,0,11,59,9,79,26,8,34,113
11/12/2008,PKB,WV,AEA,CE,Federal Contract Tower,0,9,9,0,18,0,0,22,5,27,0,9,31,5,45,18,70,88,133
11/13/2008,PKB,WV,AEA,CE,Federal Contract Tower,0,8,7,4,19,0,0,6,5,11,0,8,13,9,30,0,94,94,124
11/14/2008,PKB,WV,AEA,CE,Federal Contract Tower,0,8,22,5,35,0,0,27,8,35,0,8,49,13,70,10,26,36,106
11/15/2008,PKB,WV,AEA,CE,Federal Contract Tower,0,6,1,0,7,0,0,1,0,1,0,6,2,0,8,0,0,0,8
11/16/2008,PKB,WV,AEA,CE,Federal Contract Tower,0,3,5,0,8,0,0,1,0,1,0,3,6,0,9,2,0,2,11
11/17/2008,PKB,WV,AEA,CE,Federal Contract Tower,0,4,2,3,9,0,0,0,6,6,0,4,2,9,15,0,79,79,94
11/18/2008,PKB,WV,AEA,CE,Federal Contract Tower,0,9,22,1,32,0,0,14,16,30,0,9,36,17,62,12,66,78,140
11/19/2008,PKB,WV,AEA,CE,Federal Contract Tower,0,10,18,1,29,0,0,34,28,62,0,10,52,29,91,32,92,124,215
11/20/2008,PKB,WV,AEA,CE,Federal Contract Tower,0,9,13,3,25,0,2,16,3,21,0,11,29,6,46,12,100,112,158
11/21/2008,PKB,WV,AEA,CE,Federal Contract Tower,0,7,4,4,15,0,0,16,9,25,0,7,20,13,40,54,8,62,102
11/22/2008,PKB,WV,AEA,CE,Federal Contract Tower,0,4,8,3,15,0,0,31,9,40,0,4,39,12,55,4,0,4,59
11/23/2008,PKB,WV,AEA,CE,Federal Contract Tower,0,2,5,3,10,0,0,37,3,40,0,2,42,6,50,16,12,28,78
11/24/2008,PKB,WV,AEA,CE,Federal Contract Tower,0,7,7,0,14,0,0,0,0,0,0,7,7,0,14,0,0,0,14
11/25/2008,PKB,WV,AEA,CE,Federal Contract Tower,0,11,3,0,14,0,0,7,1,8,0,11,10,1,22,4,0,4,26
11/26/2008,PKB,WV,AEA,CE,Federal Contract Tower,0,8,6,0,14,0,1,19,0,20,0,9,25,0,34,20,0,20,54
11/27/2008,PKB,WV,AEA,CE,Federal Contract Tower,0,1,8,0,9,0,0,14,0,14,0,1,22,0,23,12,0,12,35
11/28/2008,PKB,WV,AEA,CE,Federal Contract Tower,0,6,12,0,18,0,0,29,0,29,0,6,41,0,47,44,0,44,91
11/29/2008,PKB,WV,AEA,CE,Federal Contract Tower,0,7,13,0,20,0,0,41,0,41,0,7,54,0,61,8,0,8,69
11/30/2008,PKB,WV,AEA,CE,Federal Contract Tower,0,2,7,0,9,0,0,4,0,4,0,2,11,0,13,8,0,8,21
12/01/2008,PKB,WV,AEA,CE,Federal Contract Tower,0,8,6,4,18,0,0,0,2,2,0,8,6,6,20,0,26,26,46
12/02/2008,PKB,WV,AEA,CE,Federal Contract Tower,0,11,11,2,24,0,0,25,3,28,0,11,36,5,52,2,10,12,64
12/03/2008,PKB,WV,AEA,CE,Federal Contract Tower,1,13,9,8,31,0,0,59,21,80,1,13,68,29,111,36,32,68,179
12/04/2008,PKB,WV,AEA,CE,Federal Contract Tower,0,11,6,0,17,0,2,7,0,9,0,13,13,0,26,30,0,30,56
12/05/2008,PKB,WV,AEA,CE,Federal Contract Tower,0,9,12,6,27,0,2,1,12,15,0,11,13,18,42,0,70,70,112
12/06/2008,PKB,WV,AEA,CE,Federal Contract Tower,0,3,2,0,5,0,0,6,0,6,0,3,8,0,11,0,0,0,11
12/07/2008,PKB,WV,AEA,CE,Federal Contract Tower,0,1,5,0,6,0,0,9,0,9,0,1,14,0,15,8,0,8,23
12/08/2008,PKB,WV,AEA,CE,Federal Contract Tower,0,10,4,4,18,0,1,13,3,17,0,11,17,7,35,24,0,24,59
12/09/2008,PKB,WV,AEA,CE,Federal Contract Tower,0,12,14,4,30,0,0,24,10,34,0,12,38,14,64,48,6,54,118
12/10/2008,PKB,WV,AEA,CE,Federal Contract Tower,0,13,13,0,26,0,0,3,2,5,0,13,16,2,31,0,60,60,91
12/11/2008,PKB,WV,AEA,CE,Federal Contract Tower,0,9,8,1,18,0,0,0,0,0,0,9,8,1,18,8,0,8,26
12/12/2008,PKB,WV,AEA,CE,Federal Contract Tower,0,9,3,3,15,0,0,6,16,22,0,9,9,19,37,10,28,38,75
12/13/2008,PKB,WV,AEA,CE,Federal Contract Tower,0,8,9,0,17,0,3,35,0,38,0,11,44,0,55,22,0,22,77
12/14/2008,PKB,WV,AEA,CE,Federal Contract Tower,0,3,2,0,5,0,4,19,0,23,0,7,21,0,28,26,0,26,54
12/15/2008,PKB,WV,AEA,CE,Federal Contract Tower,0,10,2,2,14,0,0,0,3,3,0,10,2,5,17,0,0,0,17
12/16/2008,PKB,WV,AEA,CE,Federal Contract Tower,0,9,0,0,9,0,0,0,0,0,0,9,0,0,9,2,0,2,11
12/17/2008,PKB,WV,AEA,CE,Federal Contract Tower,0,8,6,2,16,0,0,15,6,21,0,8,21,8,37,0,108,108,145
12/18/2008,PKB,WV,AEA,CE,Federal Contract Tower,0,11,7,7,25,0,0,9,9,18,0,11,16,16,43,0,128,128,171
12/19/2008,PKB,WV,AEA,CE,Federal Contract Tower,0,10,4,0,14,0,0,0,0,0,0,10,4,0,14,2,12,14,28
12/20/2008,PKB,WV,AEA,CE,Federal Contract Tower,0,6,3,0,9,0,0,16,18,34,0,6,19,18,43,0,48,48,91
12/21/2008,PKB,WV,AEA,CE,Federal Contract Tower,0,1,4,0,5,0,0,6,6,12,0,1,10,6,17,0,2,2,19
12/22/2008,PKB,WV,AEA,CE,Federal Contract Tower,0,8,11,4,23,0,0,9,6,15,0,8,20,10,38,16,0,16,54
12/23/2008,PKB,WV,AEA,CE,Federal Contract Tower,0,9,10,0,19,0,0,27,4,31,0,9,37,4,50,0,0,0,50
12/24/2008,PKB,WV,AEA,CE,Federal Contract Tower,0,8,0,0,8,0,0,4,0,4,0,8,4,0,12,0,0,0,12
12/25/2008,PKB,WV,AEA,CE,Federal Contract Tower,0,5,3,0,8,0,0,17,0,17,0,5,20,0,25,8,0,8,33
12/26/2008,PKB,WV,AEA,CE,Federal Contract Tower,0,6,1,0,7,0,0,14,0,14,0,6,15,0,21,14,0,14,35
12/27/2008,PKB,WV,AEA,CE,Federal Contract Tower,0,5,3,0,8,0,1,37,0,38,0,6,40,0,46,4,0,4,50
12/28/2008,PKB,WV,AEA,CE,Federal Contract Tower,0,1,4,0,5,0,2,8,0,10,0,3,12,0,15,0,0,0,15
12/29/2008,PKB,WV,AEA,CE,Federal Contract Tower,0,8,4,0,12,0,0,26,4,30,0,8,30,4,42,10,2,12,54
12/30/2008,PKB,WV,AEA,CE,Federal Contract Tower,0,7,5,0,12,0,1,40,9,50,0,8,45,9,62,40,6,46,108
12/31/2008,PKB,WV,AEA,CE,Federal Contract Tower,0,7,7,0,14,0,0,37,4,41,0,7,44,4,55,10,10,20,75
01/01/2009,PKB,WV,AEA,CE,Federal Contract Tower,0,3,5,0,8,0,0,28,0,28,0,3,33,0,36,24,0,24,60
01/02/2009,PKB,WV,AEA,CE,Federal Contract Tower,0,7,1,0,8,0,5,7,0,12,0,12,8,0,20,24,0,24,44
01/03/2009,PKB,WV,AEA,CE,Federal Contract Tower,0,4,9,0,13,0,6,65,0,71,0,10,74,0,84,65,0,65,149
01/04/2009,PKB,WV,AEA,CE,Federal Contract Tower,0,1,3,0,4,0,0,2,0,2,0,1,5,0,6,0,0,0,6
01/05/2009,PKB,WV,AEA,CE,Federal Contract Tower,0,8,4,2,14,0,0,20,2,22,0,8,24,4,36,32,0,32,68
01/06/2009,PKB,WV,AEA,CE,Federal Contract Tower,0,10,1,2,13,0,0,0,0,0,0,10,1,2,13,0,0,0,13
01/07/2009,PKB,WV,AEA,CE,Federal Contract Tower,0,8,7,0,15,0,0,18,0,18,0,8,25,0,33,8,0,8,41
01/08/2009,PKB,WV,AEA,CE,Federal Contract Tower,0,9,19,0,28,0,3,19,6,28,0,12,38,6,56,20,22,42,98
01/09/2009,PKB,WV,AEA,CE,Federal Contract Tower,0,8,11,5,24,0,0,20,18,38,0,8,31,23,62,26,92,118,180
01/10/2009,PKB,WV,AEA,CE,Federal Contract Tower,0,3,0,0,3,0,0,12,4,16,0,3,12,4,19,6,52,58,77
01/11/2009,PKB,WV,AEA,CE,Federal Contract Tower,0,4,9,4,17,0,0,1,10,11,0,4,10,14,28,10,90,100,128
01/12/2009,PKB,WV,AEA,CE,Federal Contract Tower,0,7,5,0,12,0,2,0,2,4,0,9,5,2,16,0,0,0,16
01/13/2009,PKB,WV,AEA,CE,Federal Contract Tower,0,8,0,0,8,0,0,19,7,26,0,8,19,7,34,0,68,68,102
01/14/2009,PKB,WV,AEA,CE,Federal Contract Tower,0,8,4,0,12,0,0,16,5,21,0,8,20,5,33,0,54,54,87
01/15/2009,PKB,WV,AEA,CE,Federal Contract Tower,0,8,13,14,35,0,0,14,5,19,0,8,27,19,54,0,14,14,68
01/16/2009,PKB,WV,AEA,CE,Federal Contract Tower,0,8,11,0,19,0,0,10,2,12,0,8,21,2,31,12,0,12,43
01/17/2009,PKB,WV,AEA,CE,Federal Contract Tower,0,3,3,0,6,0,0,13,0,13,0,3,16,0,19,24,0,24,43
01/18/2009,PKB,WV,AEA,CE,Federal Contract Tower,0,0,1,0,1,0,0,2,2,4,0,0,3,2,5,0,8,8,13
01/19/2009,PKB,WV,AEA,CE,Federal Contract Tower,0,8,3,0,11,0,3,5,6,14,0,11,8,6,25,0,6,6,31
01/20/2009,PKB,WV,AEA,CE,Federal Contract Tower,0,7,7,9,23,0,0,16,2,18,0,7,23,11,41,2,2,4,45
01/21/2009,PKB,WV,AEA,CE,Federal Contract Tower,0,8,7,7,22,0,7,26,9,42,0,15,33,16,64,26,32,58,122
01/22/2009,PKB,WV,AEA,CE,Federal Contract Tower,0,8,15,1,24,0,0,53,32,85,0,8,68,33,109,38,44,82,191
01/23/2009,PKB,WV,AEA,CE,Federal Contract Tower,0,8,8,7,23,0,0,41,21,62,0,8,49,28,85,42,14,56,141
01/24/2009,PKB,WV,AEA,CE,Federal Contract Tower,0,3,3,2,8,0,0,17,10,27,0,3,20,12,35,0,6,6,41
01/25/2009,PKB,WV,AEA,CE,Federal Contract Tower,0,2,7,3,12,0,0,37,4,41,0,2,44,7,53,2,12,14,67
01/26/2009,PKB,WV,AEA,CE,Federal Contract Tower,0,9,12,14,35,0,0,15,2,17,0,9,27,16,52,16,26,42,94
01/27/2009,PKB,WV,AEA,CE,Federal Contract Tower,0,3,6,0,9,0,0,0,0,0,0,3,6,0,9,0,0,0,9
01/28/2009,PKB,WV,AEA,CE,Federal Contract Tower,0,2,0,0,2,0,0,0,0,0,0,2,0,0,2,0,0,0,2
01/29/2009,PKB,WV,AEA,CE,Federal Contract Tower,0,8,7,6,21,0,0,0,5,5,0,8,7,11,26,0,50,50,76
01/30/2009,PKB,WV,AEA,CE,Federal Contract Tower,0,8,1,1,10,0,1,1,0,2,0,9,2,1,12,0,0,0,12
01/31/2009,PKB,WV,AEA,CE,Federal Contract Tower,0,3,4,5,12,0,2,7,22,31,0,5,11,27,43,0,0,0,43
02/01/2009,PKB,WV,AEA,CE,Federal Contract Tower,0,2,6,2,10,0,1,25,0,26,0,3,31,2,36,34,0,34,70
02/02/2009,PKB,WV,AEA,CE,Federal Contract Tower,0,4,2,10,16,0,4,3,4,11,0,8,5,14,27,0,50,50,77
02/03/2009,PKB,WV,AEA,CE,Federal Contract Tower,0,8,5,7,20,0,0,19,12,31,0,8,24,19,51,0,54,54,105
02/04/2009,PKB,WV,AEA,CE,Federal Contract Tower,0,8,6,5,19,0,0,5,14,19,0,8,11,19,38,4,64,68,106
02/05/2009,PKB,WV,AEA,CE,Federal Contract Tower,0,8,8,6,22,0,3,26,13,42,0,11,34,19,64,18,30,48,112
02/06/2009,PKB,WV,AEA,CE,Federal Contract Tower,0,10,7,12,29,0,0,42,11,53,0,10,49,23,82,32,46,78,160
02/07/2009,PKB,WV,AEA,CE,Federal Contract Tower,0,3,6,9,18,0,0,24,18,42,0,3,30,27,60,10,46,56,116
02/08/2009,PKB,WV,AEA,CE,Federal Contract Tower,0,2,8,7,17,0,0,21,7,28,0,2,29,14,45,6,20,26,71
02/09/2009,PKB,WV,AEA,CE,Federal Contract Tower,0,7,11,10,28,0,0,25,17,42,0,7,36,27,70,26,20,46,116
02/10/2009,PKB,WV,AEA,CE,Federal Contract Tower,0,8,5,2,15,0,4,6,7,17,0,12,11,9,32,0,38,38,70
02/11/2009,PKB,WV,AEA,CE,Federal Contract Tower,0,5,13,3,21,0,1,18,6,25,0,6,31,9,46,6,12,18,64
02/12/2009,PKB,WV,AEA,CE,Federal Contract Tower,0,7,9,0,16,0,0,6,2,8,0,7,15,2,24,0,0,0,24
02/13/2009,PKB,WV,AEA,CE,Federal Contract Tower,0,8,6,1,15,0,13,27,9,49,0,21,33,10,64,12,10,22,86
02/14/2009,PKB,WV,AEA,CE,Federal Contract Tower,0,5,4,0,9,0,0,29,0,29,0,5,33,0,38,28,0,28,66
02/15/2009,PKB,WV,AEA,CE,Federal Contract Tower,0,2,7,0,9,0,0,21,0,21,0,2,28,0,30,26,0,26,56
02/16/2009,PKB,WV,AEA,CE,Federal Contract Tower,0,7,3,0,10,0,0,13,0,13,0,7,16,0,23,22,0,22,45
02/17/2009,PKB,WV,AEA,CE,Federal Contract Tower,0,8,14,4,26,0,1,49,11,61,0,9,63,15,87,24,22,46,133
02/18/2009,PKB,WV,AEA,CE,Federal Contract Tower,0,8,8,1,17,0,1,17,2,20,0,9,25,3,37,18,4,22,59
02/19/2009,PKB,WV,AEA,CE,Federal Contract Tower,0,8,4,0,12,0,0,0,0,0,0,8,4,0,12,0,0,0,12
02/20/2009,PKB,WV,AEA,CE,Federal Contract Tower,0,8,10,2,20,0,0,16,8,24,0,8,26,10,44,8,58,66,110
02/21/2009,PKB,WV,AEA,CE,Federal Contract Tower,0,5,7,1,13,0,0,17,1,18,0,5,24,2,31,2,0,2,33
02/22/2009,PKB,WV,AEA,CE,Federal Contract Tower,0,2,3,0,5,0,0,1,3,4,0,2,4,3,9,2,0,2,11
02/23/2009,PKB,WV,AEA,CE,Federal Contract Tower,0,8,11,4,23,0,3,16,9,28,0,11,27,13,51,16,0,16,67
02/24/2009,PKB,WV,AEA,CE,Federal Contract Tower,0,8,14,2,24,0,0,49,18,67,0,8,63,20,91,32,50,82,173
02/25/2009,PKB,WV,AEA,CE,Federal Contract Tower,0,10,16,8,34,0,2,44,22,68,0,12,60,30,102,56,34,90,192
02/26/2009,PKB,WV,AEA,CE,Federal Contract Tower,0,8,12,6,26,0,0,24,14,38,0,8,36,20,64,26,6,32,96
02/27/2009,PKB,WV,AEA,CE,Federal Contract Tower,0,6,3,2,11,0,0,8,0,8,0,6,11,2,19,0,0,0,19
02/28/2009,PKB,WV,AEA,CE,Federal Contract Tower,0,3,10,0,13,0,4,23,4,31,0,7,33,4,44,0,0,0,44
03/01/2009,PKB,WV,AEA,CE,Federal Contract Tower,0,2,6,1,9,0,2,18,1,21,0,4,24,2,30,4,0,4,34
03/02/2009,PKB,WV,AEA,CE,Federal Contract Tower,0,7,7,0,14,0,0,12,9,21,0,7,19,9,35,2,66,68,103
03/03/2009,PKB,WV,AEA,CE,Federal Contract Tower,0,11,11,8,30,0,0,35,15,50,0,11,46,23,80,20,60,80,160
03/04/2009,PKB,WV,AEA,CE,Federal Contract Tower,0,9,17,4,30,0,2,56,27,85,0,11,73,31,115,50,46,96,211
03/05/2009,PKB,WV,AEA,CE,Federal Contract Tower,0,12,16,4,32,0,1,38,5,44,0,13,54,9,76,24,4,28,104
03/06/2009,PKB,WV,AEA,CE,Federal Contract Tower,0,9,8,2,19,0,0,19,18,37,0,9,27,20,56,2,38,40,96
03/07/2009,PKB,WV,AEA,CE,Federal Contract Tower,0,3,5,4,12,0,0,26,28,54,0,3,31,32,66,0,38,38,104
03/08/2009,PKB,WV,AEA,CE,Federal Contract Tower,0,2,4,1,7,0,0,17,20,37,0,2,21,21,44,2,58,60,104
03/09/2009,PKB,WV,AEA,CE,Federal Contract Tower,0,9,5,1,15,0,4,19,0,23,0,13,24,1,38,14,0,14,52
03/10/2009,PKB,WV,AEA,CE,Federal Contract Tower,0,10,8,2,20,0,0,21,3,24,0,10,29,5,44,0,6,6,50
03/11/2009,PKB,WV,AEA,CE,Federal Contract Tower,0,15,5,0,20,0,2,24,2,28,0,17,29,2,48,6,2,8,56
03/12/2009,PKB,WV,AEA,CE,Federal Contract Tower,0,11,16,3,30,0,3,31,10,44,0,14,47,13,74,20,6,26,100
03/13/2009,PKB,WV,AEA,CE,Federal Contract Tower,0,10,11,4,25,0,1,16,8,25,0,11,27,12,50,16,16,32,82
03/14/2009,PKB,WV,AEA,CE,Federal Contract Tower,0,3,3,1,7,0,0,25,2,27,0,3,28,3,34,14,2,16,50
03/15/2009,PKB,WV,AEA,CE,Federal Contract Tower,0,2,6,0,8,0,2,6,0,8,0,4,12,0,16,10,0,10,26
03/16/2009,PKB,WV,AEA,CE,Federal Contract Tower,0,7,7,2,16,0,0,0,0,0,0,7,7,2,16,0,0,0,16
03/17/2009,PKB,WV,AEA,CE,Federal Contract Tower,0,8,7,0,15,0,0,42,3,45,0,8,49,3,60,18,1,19,79
03/18/2009,PKB,WV,AEA,CE,Federal Contract Tower,0,11,12,0,23,0,2,56,9,67,0,13,68,9,90,42,0,42,132
03/19/2009,PKB,WV,AEA,CE,Federal Contract Tower,0,8,4,9,21,0,4,13,4,21,0,12,17,13,42,6,18,24,66
03/20/2009,PKB,WV,AEA,CE,Federal Contract Tower,0,10,11,2,23,0,0,31,7,38,0,10,42,9,61,26,26,52,113
03/21/2009,PKB,WV,AEA,CE,Federal Contract Tower,0,4,6,0,10,0,0,34,8,42,0,4,40,8,52,34,18,52,104
03/22/2009,PKB,WV,AEA,CE,Federal Contract Tower,0,2,14,1,17,0,0,41,5,46,0,2,55,6,63,18,0,18,81
03/23/2009,PKB,WV,AEA,CE,Federal Contract Tower,0,7,9,6,22,0,1,30,2,33,0,8,39,8,55,12,0,12,67
03/24/2009,PKB,WV,AEA,CE,Federal Contract Tower,0,11,13,0,24,0,8,43,11,62,0,19,56,11,86,44,6,50,136
03/25/2009,PKB,WV,AEA,CE,Federal Contract Tower,0,10,13,4,27,0,0,13,7,20,0,10,26,11,47,10,26,36,83
03/26/2009,PKB,WV,AEA,CE,Federal Contract Tower,0,12,14,12,38,0,0,0,0,0,0,12,14,12,38,0,10,10,48
03/27/2009,PKB,WV,AEA,CE,Federal Contract Tower,0,7,13,1,21,0,6,12,2,20,0,13,25,3,41,18,6,24,65
03/28/2009,PKB,WV,AEA,CE,Federal Contract Tower,0,4,11,1,16,0,0,26,2,28,0,4,37,3,44,22,0,22,66
03/29/2009,PKB,WV,AEA,CE,Federal Contract Tower,0,2,4,0,6,0,6,0,0,6,0,8,4,0,12,8,0,8,20
03/30/2009,PKB,WV,AEA,CE,Federal Contract Tower,0,8,13,2,23,0,8,15,10,33,0,16,28,12,56,6,34,40,96
03/31/2009,PKB,WV,AEA,CE,Federal Contract Tower,0,11,6,2,19,0,1,35,10,46,0,12,41,12,65,34,18,52,117
04/01/2009,PKB,WV,AEA,CE,Federal Contract Tower,0,11,6,4,21,0,0,30,15,45,0,11,36,19,66,34,58,92,158
04/02/2009,PKB,WV,AEA,CE,Federal Contract Tower,0,11,13,1,25,0,4,29,8,41,0,15,42,9,66,20,8,28,94
04/03/2009,PKB,WV,AEA,CE,Federal Contract Tower,0,11,6,1,18,0,0,3,12,15,0,11,9,13,33,0,36,36,69
04/04/2009,PKB,WV,AEA,CE,Federal Contract Tower,0,3,17,7,27,0,3,42,13,58,0,6,59,20,85,30,26,56,141
04/05/2009,PKB,WV,AEA,CE,Federal Contract Tower,0,2,8,5,15,0,3,47,8,58,0,5,55,13,73,102,0,102,175
04/06/2009,PKB,WV,AEA,CE,Federal Contract Tower,0,7,2,0,9,0,0,3,9,12,0,7,5,9,21,26,76,102,123
04/07/2009,PKB,WV,AEA,CE,Federal Contract Tower,0,9,13,0,22,0,0,7,5,12,0,9,20,5,34,8,34,42,76
04/08/2009,PKB,WV,AEA,CE,Federal Contract Tower,0,11,13,10,34,0,0,37,13,50,0,11,50,23,84,38,54,92,176
04/09/2009,PKB,WV,AEA,CE,Federal Contract Tower,0,8,18,4,30,0,2,36,15,53,0,10,54,19,83,18,26,44,127
04/10/2009,PKB,WV,AEA,CE,Federal Contract Tower,0,11,7,3,21,0,1,5,8,14,0,12,12,11,35,2,16,18,53
04/11/2009,PKB,WV,AEA,CE,Federal Contract Tower,0,3,2,0,5,0,3,25,0,28,0,6,27,0,33,70,0,70,103
04/12/2009,PKB,WV,AEA,CE,Federal Contract Tower,0,2,3,0,5,0,2,41,0,43,0,4,44,0,48,12,0,12,60
04/13/2009,PKB,WV,AEA,CE,Federal Contract Tower,0,7,6,0,13,0,0,9,3,12,0,7,15,3,25,36,0,36,61
04/14/2009,PKB,WV,AEA,CE,Federal Contract Tower,0,8,20,1,29,0,2,8,0,10,0,10,28,1,39,24,0,24,63
04/15/2009,PKB,WV,AEA,CE,Federal Contract Tower,0,10,20,0,30,0,0,4,0,4,0,10,24,0,34,20,0,20,54
04/16/2009,PKB,WV,AEA,CE,Federal Contract Tower,0,10,22,6,38,0,0,48,9,57,0,10,70,15,95,38,6,44,139
04/17/2009,PKB,WV,AEA,CE,Federal Contract Tower,0,10,10,0,20,0,3,51,5,59,0,13,61,5,79,34,0,34,113
04/18/2009,PKB,WV,AEA,CE,Federal Contract Tower,0,3,9,0,12,0,2,43,0,45,0,5,52,0,57,50,0,50,107
04/19/2009,PKB,WV,AEA,CE,Federal Contract Tower,0,2,8,1,11,0,0,19,0,19,0,2,27,1,30,32,0,32,62
04/20/2009,PKB,WV,AEA,CE,Federal Contract Tower,0,7,0,4,11,0,2,1,0,3,0,9,1,4,14,20,0,20,34
04/21/2009,PKB,WV,AEA,CE,Federal Contract Tower,0,12,11,0,23,0,0,18,8,26,0,12,29,8,49,36,22,58,107
04/22/2009,PKB,WV,AEA,CE,Federal Contract Tower,0,11,4,11,26,0,1,24,8,33,0,12,28,19,59,22,16,38,97
04/23/2009,PKB,WV,AEA,CE,Federal Contract Tower,0,9,14,3,26,0,0,45,6,51,0,9,59,9,77,102,2,104,181
04/24/2009,PKB,WV,AEA,CE,Federal Contract Tower,0,10,9,2,21,0,0,14,0,14,0,10,23,2,35,8,0,8,43
04/25/2009,PKB,WV,AEA,CE,Federal Contract Tower,0,3,10,0,13,0,2,20,0,22,0,5,30,0,35,0,0,0,35
04/26/2009,PKB,WV,AEA,CE,Federal Contract Tower,0,5,5,1,11,0,4,60,1,65,0,9,65,2,76,54,0,54,130
04/27/2009,PKB,WV,AEA,CE,Federal Contract Tower,0,10,14,1,25,0,2,22,2,26,0,12,36,3,51,24,0,24,75
04/28/2009,PKB,WV,AEA,CE,Federal Contract Tower,0,9,15,1,25,0,2,16,3,21,0,11,31,4,46,26,0,26,72
04/29/2009,PKB,WV,AEA,CE,Federal Contract Tower,0,10,19,2,31,0,0,14,0,14,0,10,33,2,45,42,0,42,87
04/30/2009,PKB,WV,AEA,CE,Federal Contract Tower,0,10,6,0,16,0,7,11,1,19,0,17,17,1,35,32,0,32,67
05/01/2009,PKB,WV,AEA,CE,Federal Contract Tower,0,11,7,1,19,0,6,17,5,28,0,17,24,6,47,16,0,16,63
05/02/2009,PKB,WV,AEA,CE,Federal Contract Tower,0,3,8,0,11,0,0,14,3,17,0,3,22,3,28,22,0,22,50
05/03/2009,PKB,WV,AEA,CE,Federal Contract Tower,0,4,10,3,17,0,0,9,1,10,0,4,19,4,27,18,0,18,45
05/04/2009,PKB,WV,AEA,CE,Federal Contract Tower,0,7,3,1,11,0,2,6,0,8,0,9,9,1,19,0,0,0,19
05/05/2009,PKB,WV,AEA,CE,Federal Contract Tower,0,10,11,2,23,0,0,35,11,46,0,10,46,13,69,38,2,40,109
05/06/2009,PKB,WV,AEA,CE,Federal Contract Tower,0,7,13,2,22,0,0,2,0,2,0,7,15,2,24,2,0,2,26
05/07/2009,PKB,WV,AEA,CE,Federal Contract Tower,0,12,20,2,34,0,5,24,8,37,0,17,44,10,71,28,0,28,99
05/08/2009,PKB,WV,AEA,CE,Federal Contract Tower,0,10,8,0,18,0,2,21,0,23,0,12,29,0,41,12,0,12,53
05/09/2009,PKB,WV,AEA,CE,Federal Contract Tower,0,4,7,0,11,0,0,12,2,14,0,4,19,2,25,8,0,8,33
05/10/2009,PKB,WV,AEA,CE,Federal Contract Tower,0,2,8,0,10,0,4,28,2,34,0,6,36,2,44,6,0,6,50
05/11/2009,PKB,WV,AEA,CE,Federal Contract Tower,0,7,6,0,13,0,0,10,5,15,0,7,16,5,28,18,0,18,46
05/12/2009,PKB,WV,AEA,CE,Federal Contract Tower,0,9,14,0,23,0,0,58,10,68,0,9,72,10,91,40,0,40,131
05/13/2009,PKB,WV,AEA,CE,Federal Contract Tower,0,9,9,2,20,0,1,32,6,39,0,10,41,8,59,2,20,22,81
05/14/2009,PKB,WV,AEA,CE,Federal Contract Tower,0,10,7,0,17,0,2,24,9,35,0,12,31,9,52,12,12,24,76
05/15/2009,PKB,WV,AEA,CE,Federal Contract Tower,0,8,8,2,18,0,2,32,9,43,0,10,40,11,61,12,12,24,85
05/16/2009,PKB,WV,AEA,CE,Federal Contract Tower,0,3,4,2,9,0,1,16,7,24,0,4,20,9,33,2,14,16,49
05/17/2009,PKB,WV,AEA,CE,Federal Contract Tower,0,2,12,0,14,0,2,29,13,44,0,4,41,13,58,44,56,100,158
05/18/2009,PKB,WV,AEA,CE,Federal Contract Tower,0,12,11,2,25,0,5,44,13,62,0,17,55,15,87,42,26,68,155
05/19/2009,PKB,WV,AEA,CE,Federal Contract Tower,0,11,8,1,20,0,4,47,19,70,0,15,55,20,90,44,0,44,134
05/20/2009,PKB,WV,AEA,CE,Federal Contract Tower,0,9,22,0,31,0,7,60,22,89,0,16,82,22,120,64,72,136,256
05/21/2009,PKB,WV,AEA,CE,Federal Contract Tower,0,13,15,6,34,0,8,77,11,96,0,21,92,17,130,52,34,86,216
05/22/2009,PKB,WV,AEA,CE,Federal Contract Tower,0,14,10,2,26,0,7,50,2,59,0,21,60,4,85,50,2,52,137
05/23/2009,PKB,WV,AEA,CE,Federal Contract Tower,0,5,8,1,14,0,0,39,1,40,0,5,47,2,54,2,0,2,56
05/24/2009,PKB,WV,AEA,CE,Federal Contract Tower,0,4,3,0,7,0,2,22,7,31,0,6,25,7,38,0,4,4,42
05/25/2009,PKB,WV,AEA,CE,Federal Contract Tower,0,2,10,0,12,0,0,13,1,14,0,2,23,1,26,10,0,10,36
05/26/2009,PKB,WV,AEA,CE,Federal Contract Tower,0,5,8,2,15,0,0,15,7,22,0,5,23,9,37,8,0,8,45
05/27/2009,PKB,WV,AEA,CE,Federal Contract Tower,0,11,5,2,18,0,0,20,4,24,0,11,25,6,42,20,0,20,62
05/28/2009,PKB,WV,AEA,CE,Federal Contract Tower,0,10,4,0,14,0,0,9,7,16,0,10,13,7,30,0,0,0,30
05/29/2009,PKB,WV,AEA,CE,Federal Contract Tower,0,12,11,8,31,0,1,18,7,26,0,13,29,15,57,12,8,20,77
05/30/2009,PKB,WV,AEA,CE,Federal Contract Tower,0,3,3,0,6,0,2,44,4,50,0,5,47,4,56,40,0,40,96
05/31/2009,PKB,WV,AEA,CE,Federal Contract Tower,0,4,4,1,9,0,1,33,1,35,0,5,37,2,44,8,0,8,52
06/01/2009,PKB,WV,AEA,CE,Federal Contract Tower,0,5,13,0,18,0,4,16,7,27,0,9,29,7,45,8,0,8,53
06/02/2009,PKB,WV,AEA,CE,Federal Contract Tower,0,12,9,2,23,0,0,22,15,37,0,12,31,17,60,4,36,40,100
06/03/2009,PKB,WV,AEA,CE,Federal Contract Tower,0,10,15,4,29,0,0,5,0,5,0,10,20,4,34,0,4,4,38
06/04/2009,PKB,WV,AEA,CE,Federal Contract Tower,0,10,9,5,24,0,0,4,2,6,0,10,13,7,30,4,0,4,34
06/05/2009,PKB,WV,AEA,CE,Federal Contract Tower,0,9,8,11,28,0,0,31,15,46,0,9,39,26,74,34,84,118,192
06/06/2009,PKB,WV,AEA,CE,Federal Contract Tower,0,5,20,5,30,0,6,58,8,72,0,11,78,13,102,36,34,70,172
06/07/2009,PKB,WV,AEA,CE,Federal Contract Tower,0,2,3,5,10,0,4,37,8,49,0,6,40,13,59,44,12,56,115
06/08/2009,PKB,WV,AEA,CE,Federal Contract Tower,0,4,12,7,23,0,1,23,5,29,0,5,35,12,52,32,10,42,94
06/09/2009,PKB,WV,AEA,CE,Federal Contract Tower,0,9,13,9,31,0,0,13,15,28,0,9,26,24,59,0,26,26,85
06/10/2009,PKB,WV,AEA,CE,Federal Contract Tower,0,5,7,6,18,0,0,5,3,8,0,5,12,9,26,0,0,0,26
06/11/2009,PKB,WV,AEA,CE,Federal Contract Tower,0,12,9,0,21,0,3,6,2,11,0,15,15,2,32,54,0,54,86
06/12/2009,PKB,WV,AEA,CE,Federal Contract Tower,0,10,9,10,29,0,1,13,6,20,0,11,22,16,49,20,30,50,99
06/13/2009,PKB,WV,AEA,CE,Federal Contract Tower,0,3,12,0,15,0,3,20,10,33,0,6,32,10,48,36,0,36,84
06/14/2009,PKB,WV,AEA,CE,Federal Contract Tower,0,2,8,2,12,0,3,41,0,44,0,5,49,2,56,72,0,72,128
06/15/2009,PKB,WV,AEA,CE,Federal Contract Tower,0,5,8,3,16,0,5,23,5,33,0,10,31,8,49,24,0,24,73
06/16/2009,PKB,WV,AEA,CE,Federal Contract Tower,0,11,11,2,24,0,0,25,4,29,0,11,36,6,53,44,0,44,97
06/17/2009,PKB,WV,AEA,CE,Federal Contract Tower,0,11,13,1,25,0,3,25,7,35,0,14,38,8,60,0,0,0,60
06/18/2009,PKB,WV,AEA,CE,Federal Contract Tower,0,11,15,8,34,0,3,27,8,38,0,14,42,16,72,24,2,26,98
06/19/2009,PKB,WV,AEA,CE,Federal Contract Tower,0,9,7,0,16,0,3,13,2,18,0,12,20,2,34,26,0,26,60
06/20/2009,PKB,WV,AEA,CE,Federal Contract Tower,0,1,1,0,2,0,6,7,0,13,0,7,8,0,15,10,0,10,25
06/21/2009,PKB,WV,AEA,CE,Federal Contract Tower,0,2,8,0,10,0,2,30,2,34,0,4,38,2,44,4,0,4,48
06/22/2009,PKB,WV,AEA,CE,Federal Contract Tower,0,7,11,1,19,0,2,24,2,28,0,9,35,3,47,6,2,8,55
06/23/2009,PKB,WV,AEA,CE,Federal Contract Tower,0,11,16,2,29,0,1,51,2,54,0,12,67,4,83,38,4,42,125
06/24/2009,PKB,WV,AEA,CE,Federal Contract Tower,0,10,2,8,20,0,2,61,13,76,0,12,63,21,96,66,26,92,188
06/25/2009,PKB,WV,AEA,CE,Federal Contract Tower,0,10,7,3,20,0,7,34,13,54,0,17,41,16,74,42,2,44,118
06/26/2009,PKB,WV,AEA,CE,Federal Contract Tower,0,10,10,6,26,0,1,27,8,36,0,11,37,14,62,16,0,16,78
06/27/2009,PKB,WV,AEA,CE,Federal Contract Tower,0,3,14,0,17,0,2,48,0,50,0,5,62,0,67,56,0,56,123
06/28/2009,PKB,WV,AEA,CE,Federal Contract Tower,0,2,4,1,7,0,3,35,0,38,0,5,39,1,45,58,0,58,103
06/29/2009,PKB,WV,AEA,CE,Federal Contract Tower,0,7,6,3,16,0,3,30,11,44,0,10,36,14,60,54,0,54,114
06/30/2009,PKB,WV,AEA,CE,Federal Contract Tower,0,12,12,2,26,0,6,35,8,49,0,18,47,10,75,62,0,62,137
07/01/2009,PKB,WV,AEA,CE,Federal Contract Tower,0,10,10,8,28,0,0,42,28,70,0,10,52,36,98,30,26,56,154
07/02/2009,PKB,WV,AEA,CE,Federal Contract Tower,0,10,8,2,20,0,6,42,5,53,0,16,50,7,73,58,12,70,143
07/03/2009,PKB,WV,AEA,CE,Federal Contract Tower,0,6,14,0,20,0,12,21,2,35,0,18,35,2,55,8,0,8,63
07/04/2009,PKB,WV,AEA,CE,Federal Contract Tower,0,2,2,0,4,0,3,35,4,42,0,5,37,4,46,24,6,30,76
07/05/2009,PKB,WV,AEA,CE,Federal Contract Tower,0,2,18,0,20,0,0,25,1,26,0,2,43,1,46,26,0,26,72
07/06/2009,PKB,WV,AEA,CE,Federal Contract Tower,0,7,5,0,12,0,1,28,3,32,0,8,33,3,44,46,0,46,90
07/07/2009,PKB,WV,AEA,CE,Federal Contract Tower,0,13,15,0,28,0,0,45,5,50,0,13,60,5,78,52,0,52,130
07/08/2009,PKB,WV,AEA,CE,Federal Contract Tower,0,8,6,4,18,0,1,61,4,66,0,9,67,8,84,62,8,70,154
07/09/2009,PKB,WV,AEA,CE,Federal Contract Tower,0,8,8,4,20,0,3,32,4,39,0,11,40,8,59,40,8,48,107
07/10/2009,PKB,WV,AEA,CE,Federal Contract Tower,0,10,3,0,13,0,3,34,11,48,0,13,37,11,61,28,30,58,119
07/11/2009,PKB,WV,AEA,CE,Federal Contract Tower,0,2,7,0,9,0,0,12,9,21,0,2,19,9,30,0,24,24,54
07/12/2009,PKB,WV,AEA,CE,Federal Contract Tower,0,2,12,0,14,0,8,28,2,38,0,10,40,2,52,20,0,20,72
07/13/2009,PKB,WV,AEA,CE,Federal Contract Tower,0,5,4,2,11,0,5,37,4,46,0,10,41,6,57,18,12,30,87
07/14/2009,PKB,WV,AEA,CE,Federal Contract Tower,0,9,15,2,26,0,4,68,1,73,0,13,83,3,99,50,0,50,149
07/15/2009,PKB,WV,AEA,CE,Federal Contract Tower,0,9,5,2,16,0,2,35,3,40,0,11,40,5,56,12,2,14,70
07/16/2009,PKB,WV,AEA,CE,Federal Contract Tower,0,10,6,0,16,0,3,48,3,54,0,13,54,3,70,68,0,68,138
07/17/2009,PKB,WV,AEA,CE,Federal Contract Tower,0,9,5,1,15,0,0,24,4,28,0,9,29,5,43,24,16,40,83
07/18/2009,PKB,WV,AEA,CE,Federal Contract Tower,0,3,16,0,19,0,2,40,8,50,0,5,56,8,69,2,4,6,75
07/19/2009,PKB,WV,AEA,CE,Federal Contract Tower,0,2,7,0,9,0,2,24,3,29,0,4,31,3,38,6,50,56,94
07/20/2009,PKB,WV,AEA,CE,Federal Contract Tower,0,7,11,2,20,0,5,20,0,25,0,12,31,2,45,6,0,6,51
07/21/2009,PKB,WV,AEA,CE,Federal Contract Tower,0,8,10,0,18,0,3,42,6,51,0,11,52,6,69,26,0,26,95
07/22/2009,PKB,WV,AEA,CE,Federal Contract Tower,0,10,10,1,21,0,0,34,2,36,0,10,44,3,57,0,0,0,57
07/23/2009,PKB,WV,AEA,CE,Federal Contract Tower,0,10,13,5,28,0,2,14,2,18,0,12,27,7,46,0,0,0,46
07/24/2009,PKB,WV,AEA,CE,Federal Contract Tower,0,9,15,2,26,0,0,30,28,58,0,9,45,30,84,20,18,38,122
07/25/2009,PKB,WV,AEA,CE,Federal Contract Tower,0,3,3,0,6,0,0,23,0,23,0,3,26,0,29,20,0,20,49
07/26/2009,PKB,WV,AEA,CE,Federal Contract Tower,0,1,10,0,11,0,0,11,2,13,0,1,21,2,24,0,10,10,34
07/27/2009,PKB,WV,AEA,CE,Federal Contract Tower,0,6,8,0,14,0,4,24,8,36,0,10,32,8,50,18,6,24,74
07/28/2009,PKB,WV,AEA,CE,Federal Contract Tower,0,13,12,1,26,0,9,58,16,83,0,22,70,17,109,30,12,42,151
07/29/2009,PKB,WV,AEA,CE,Federal Contract Tower,0,10,16,6,32,0,7,11,1,19,0,17,27,7,51,14,0,14,65
07/30/2009,PKB,WV,AEA,CE,Federal Contract Tower,0,10,15,2,27,0,1,14,6,21,0,11,29,8,48,10,24,34,82
07/31/2009,PKB,WV,AEA,CE,Federal Contract Tower,0,11,6,0,17,0,0,20,15,35,0,11,26,15,52,10,42,52,104
08/01/2009,PKB,WV,AEA,CE,Federal Contract Tower,0,4,12,0,16,0,1,38,3,42,0,5,50,3,58,8,10,18,76
08/02/2009,PKB,WV,AEA,CE,Federal Contract Tower,0,4,12,6,22,0,2,16,2,20,0,6,28,8,42,0,10,10,52
08/03/2009,PKB,WV,AEA,CE,Federal Contract Tower,0,10,2,2,14,0,1,34,3,38,0,11,36,5,52,22,0,22,74
08/04/2009,PKB,WV,AEA,CE,Federal Contract Tower,0,11,6,2,19,0,3,34,1,38,0,14,40,3,57,20,0,20,77
08/05/2009,PKB,WV,AEA,CE,Federal Contract Tower,0,13,10,0,23,0,0,21,0,21,0,13,31,0,44,18,0,18,62
08/06/2009,PKB,WV,AEA,CE,Federal Contract Tower,0,10,16,9,35,0,0,65,0,65,0,10,81,9,100,65,12,77,177
08/07/2009,PKB,WV,AEA,CE,Federal Contract Tower,0,7,7,5,19,0,0,21,7,28,0,7,28,12,47,10,20,30,77
08/08/2009,PKB,WV,AEA,CE,Federal Contract Tower,1,3,7,0,11,0,2,44,2,48,1,5,51,2,59,50,0,50,109
08/09/2009,PKB,WV,AEA,CE,Federal Contract Tower,0,2,6,0,8,0,3,28,8,39,0,5,34,8,47,0,0,0,47
08/10/2009,PKB,WV,AEA,CE,Federal Contract Tower,0,7,4,3,14,0,3,12,0,15,0,10,16,3,29,14,0,14,43
08/11/2009,PKB,WV,AEA,CE,Federal Contract Tower,0,11,21,6,38,0,1,23,0,24,0,12,44,6,62,6,0,6,68
08/12/2009,PKB,WV,AEA,CE,Federal Contract Tower,0,9,5,9,23,0,6,27,9,42,0,15,32,18,65,20,38,58,123
08/13/2009,PKB,WV,AEA,CE,Federal Contract Tower,0,14,12,7,33,0,1,25,7,33,0,15,37,14,66,30,14,44,110
08/14/2009,PKB,WV,AEA,CE,Federal Contract Tower,0,8,6,5,19,0,1,30,10,41,0,9,36,15,60,0,4,4,64
08/15/2009,PKB,WV,AEA,CE,Federal Contract Tower,0,3,5,3,11,0,4,13,10,27,0,7,18,13,38,0,10,10,48
08/16/2009,PKB,WV,AEA,CE,Federal Contract Tower,0,2,7,1,10,0,2,36,5,43,0,4,43,6,53,16,0,16,69
08/17/2009,PKB,WV,AEA,CE,Federal Contract Tower,1,7,10,2,20,0,0,33,7,40,1,7,43,9,60,16,6,22,82
08/18/2009,PKB,WV,AEA,CE,Federal Contract Tower,3,11,9,2,25,0,2,29,2,33,3,13,38,4,58,18,0,18,76
08/19/2009,PKB,WV,AEA,CE,Federal Contract Tower,0,11,15,1,27,0,0,25,11,36,0,11,40,12,63,24,2,26,89
08/20/2009,PKB,WV,AEA,CE,Federal Contract Tower,0,10,9,6,25,0,0,33,11,44,0,10,42,17,69,46,4,50,119
08/21/2009,PKB,WV,AEA,CE,Federal Contract Tower,0,12,6,4,22,0,1,30,8,39,0,13,36,12,61,20,0,20,81
08/22/2009,PKB,WV,AEA,CE,Federal Contract Tower,0,3,6,0,9,0,0,39,8,47,0,3,45,8,56,44,0,44,100
08/23/2009,PKB,WV,AEA,CE,Federal Contract Tower,0,2,6,1,9,0,0,18,0,18,0,2,24,1,27,6,10,16,43
08/24/2009,PKB,WV,AEA,CE,Federal Contract Tower,0,6,6,3,15,0,0,33,3,36,0,6,39,6,51,32,0,32,83
08/25/2009,PKB,WV,AEA,CE,Federal Contract Tower,0,6,9,1,16,0,2,49,5,56,0,8,58,6,72,42,16,58,130
08/26/2009,PKB,WV,AEA,CE,Federal Contract Tower,0,9,9,1,19,0,5,53,3,61,0,14,62,4,80,54,0,54,134
08/27/2009,PKB,WV,AEA,CE,Federal Contract Tower,0,9,9,3,21,0,9,23,2,34,0,18,32,5,55,22,32,54,109
08/28/2009,PKB,WV,AEA,CE,Federal Contract Tower,0,8,7,0,15,0,0,27,4,31,0,8,34,4,46,28,0,28,74
08/29/2009,PKB,WV,AEA,CE,Federal Contract Tower,0,3,5,0,8,0,0,29,0,29,0,3,34,0,37,20,0,20,57
08/30/2009,PKB,WV,AEA,CE,Federal Contract Tower,0,2,7,0,9,0,2,21,2,25,0,4,28,2,34,6,0,6,40
08/31/2009,PKB,WV,AEA,CE,Federal Contract Tower,0,7,6,0,13,0,2,39,2,43,0,9,45,2,56,28,0,28,84
09/01/2009,PKB,WV,AEA,CE,Federal Contract Tower,0,10,11,4,25,0,0,58,7,65,0,10,69,11,90,36,0,36,126
09/02/2009,PKB,WV,AEA,CE,Federal Contract Tower,0,11,14,4,29,0,1,63,3,67,0,12,77,7,96,52,0,52,148
09/03/2009,PKB,WV,AEA,CE,Federal Contract Tower,0,8,16,2,26,0,0,59,0,59,0,8,75,2,85,96,0,96,181
09/04/2009,PKB,WV,AEA,CE,Federal Contract Tower,1,4,13,0,18,0,2,48,7,57,1,6,61,7,75,46,0,46,121
09/05/2009,PKB,WV,AEA,CE,Federal Contract Tower,0,3,23,0,26,0,0,40,1,41,0,3,63,1,67,32,0,32,99
09/06/2009,PKB,WV,AEA,CE,Federal Contract Tower,1,2,15,0,18,0,0,45,0,45,1,2,60,0,63,40,0,40,103
09/07/2009,PKB,WV,AEA,CE,Federal Contract Tower,0,4,11,0,15,0,0,15,3,18,0,4,26,3,33,16,0,16,49
09/08/2009,PKB,WV,AEA,CE,Federal Contract Tower,0,9,12,7,28,0,5,42,8,55,0,14,54,15,83,34,18,52,135
09/09/2009,PKB,WV,AEA,CE,Federal Contract Tower,0,12,13,9,34,0,4,46,5,55,0,16,59,14,89,16,34,50,139
09/10/2009,PKB,WV,AEA,CE,Federal Contract Tower,0,14,14,5,33,0,2,50,7,59,0,16,64,12,92,68,2,70,162
09/11/2009,PKB,WV,AEA,CE,Federal Contract Tower,2,10,5,0,17,0,3,47,16,66,2,13,52,16,83,46,48,94,177
09/12/2009,PKB,WV,AEA,CE,Federal Contract Tower,0,5,15,7,27,0,3,53,20,76,0,8,68,27,103,28,30,58,161
09/13/2009,PKB,WV,AEA,CE,Federal Contract Tower,2,3,12,3,20,0,0,31,4,35,2,3,43,7,55,60,4,64,119
09/14/2009,PKB,WV,AEA,CE,Federal Contract Tower,0,8,10,2,20,0,2,39,9,50,0,10,49,11,70,64,0,64,134
09/15/2009,PKB,WV,AEA,CE,Federal Contract Tower,0,10,16,5,31,0,0,48,8,56,0,10,64,13,87,30,10,40,127
09/16/2009,PKB,WV,AEA,CE,Federal Contract Tower,0,10,13,2,25,0,0,60,18,78,0,10,73,20,103,84,21,105,208
09/17/2009,PKB,WV,AEA,CE,Federal Contract Tower,0,10,18,4,32,0,4,46,9,59,0,14,64,13,91,58,0,58,149
09/18/2009,PKB,WV,AEA,CE,Federal Contract Tower,0,12,8,1,21,0,0,25,13,38,0,12,33,14,59,56,16,72,131
09/19/2009,PKB,WV,AEA,CE,Federal Contract Tower,0,3,15,1,19,0,0,54,8,62,0,3,69,9,81,36,16,52,133
09/20/2009,PKB,WV,AEA,CE,Federal Contract Tower,0,4,5,2,11,0,0,15,5,20,0,4,20,7,31,0,6,6,37
09/21/2009,PKB,WV,AEA,CE,Federal Contract Tower,0,9,14,5,28,0,0,1,4,5,0,9,15,9,33,4,0,4,37
09/22/2009,PKB,WV,AEA,CE,Federal Contract Tower,0,13,10,1,24,0,0,40,10,50,0,13,50,11,74,22,0,22,96
09/23/2009,PKB,WV,AEA,CE,Federal Contract Tower,0,12,10,0,22,0,1,49,19,69,0,13,59,19,91,34,10,44,135
09/24/2009,PKB,WV,AEA,CE,Federal Contract Tower,0,12,24,0,36,0,0,32,10,42,0,12,56,10,78,22,0,22,100
09/25/2009,PKB,WV,AEA,CE,Federal Contract Tower,2,9,14,0,25,0,5,31,7,43,2,14,45,7,68,26,4,30,98
09/26/2009,PKB,WV,AEA,CE,Federal Contract Tower,0,3,7,0,10,0,0,3,0,3,0,3,10,0,13,0,0,0,13
09/27/2009,PKB,WV,AEA,CE,Federal Contract Tower,0,2,11,0,13,0,0,11,3,14,0,2,22,3,27,0,0,0,27
09/28/2009,PKB,WV,AEA,CE,Federal Contract Tower,0,8,7,0,15,0,0,7,6,13,0,8,14,6,28,0,0,0,28
09/29/2009,PKB,WV,AEA,CE,Federal Contract Tower,0,13,8,7,28,0,2,24,8,34,0,15,32,15,62,14,18,32,94
09/30/2009,PKB,WV,AEA,CE,Federal Contract Tower,0,10,22,1,33,0,3,30,25,58,0,13,52,26,91,8,46,54,145
10/01/2009,PKB,WV,AEA,CE,Federal Contract Tower,0,5,23,0,28,0,2,61,8,71,0,7,84,8,99,32,0,32,131
10/02/2009,PKB,WV,AEA,CE,Federal Contract Tower,0,10,5,0,15,0,0,17,1,18,0,10,22,1,33,0,6,6,39
10/03/2009,PKB,WV,AEA,CE,Federal Contract Tower,0,3,8,0,11,0,2,22,0,24,0,5,30,0,35,52,0,52,87
10/04/2009,PKB,WV,AEA,CE,Federal Contract Tower,0,2,19,0,21,0,0,18,0,18,0,2,37,0,39,20,0,20,59
10/05/2009,PKB,WV,AEA,CE,Federal Contract Tower,0,7,9,0,16,0,1,24,2,27,0,8,33,2,43,30,10,40,83
10/06/2009,PKB,WV,AEA,CE,Federal Contract Tower,0,8,11,2,21,0,4,28,4,36,0,12,39,6,57,4,22,26,83
10/07/2009,PKB,WV,AEA,CE,Federal Contract Tower,0,10,6,2,18,0,3,24,5,32,0,13,30,7,50,10,4,14,64
10/08/2009,PKB,WV,AEA,CE,Federal Contract Tower,0,10,17,10,37,0,0,24,8,32,0,10,41,18,69,24,36,60,129
10/09/2009,PKB,WV,AEA,CE,Federal Contract Tower,0,10,10,0,20,0,0,4,0,4,0,10,14,0,24,0,0,0,24
10/10/2009,PKB,WV,AEA,CE,Federal Contract Tower,0,3,10,2,15,0,0,16,2,18,0,3,26,4,33,30,2,32,65
10/11/2009,PKB,WV,AEA,CE,Federal Contract Tower,0,2,8,0,10,0,1,28,0,29,0,3,36,0,39,18,0,18,57
10/12/2009,PKB,WV,AEA,CE,Federal Contract Tower,0,7,12,0,19,0,0,23,1,24,0,7,35,1,43,34,4,38,81
10/13/2009,PKB,WV,AEA,CE,Federal Contract Tower,0,10,13,4,27,0,0,38,2,40,0,10,51,6,67,32,0,32,99
10/14/2009,PKB,WV,AEA,CE,Federal Contract Tower,0,10,7,3,20,0,2,16,23,41,0,12,23,26,61,10,26,36,97
10/15/2009,PKB,WV,AEA,CE,Federal Contract Tower,0,10,10,15,35,0,0,0,0,0,0,10,10,15,35,0,38,38,73
10/16/2009,PKB,WV,AEA,CE,Federal Contract Tower,0,10,16,3,29,0,0,4,5,9,0,10,20,8,38,14,52,66,104
10/17/2009,PKB,WV,AEA,CE,Federal Contract Tower,0,3,10,32,45,0,0,6,12,18,0,3,16,44,63,24,82,106,169
10/18/2009,PKB,WV,AEA,CE,Federal Contract Tower,0,2,6,4,12,0,5,36,1,42,0,7,42,5,54,22,0,22,76
10/19/2009,PKB,WV,AEA,CE,Federal Contract Tower,0,9,11,1,21,0,0,32,1,33,0,9,43,2,54,32,0,32,86
10/20/2009,PKB,WV,AEA,CE,Federal Contract Tower,0,9,9,2,20,0,39,10,0,49,0,48,19,2,69,34,14,48,117
10/21/2009,PKB,WV,AEA,CE,Federal Contract Tower,0,10,16,8,34,0,2,64,10,76,0,12,80,18,110,72,16,88,198
10/22/2009,PKB,WV,AEA,CE,Federal Contract Tower,0,9,17,7,33,0,3,50,19,72,0,12,67,26,105,38,24,62,167
10/23/2009,PKB,WV,AEA,CE,Federal Contract Tower,0,7,20,5,32,0,0,10,3,13,0,7,30,8,45,2,22,24,69
10/24/2009,PKB,WV,AEA,CE,Federal Contract Tower,0,3,8,0,11,0,2,27,15,44,0,5,35,15,55,6,10,16,71
10/25/2009,PKB,WV,AEA,CE,Federal Contract Tower,0,2,18,0,20,0,2,49,8,59,0,4,67,8,79,44,18,62,141
10/26/2009,PKB,WV,AEA,CE,Federal Contract Tower,0,7,7,2,16,0,3,18,4,25,0,10,25,6,41,34,0,34,75
10/27/2009,PKB,WV,AEA,CE,Federal Contract Tower,0,10,4,3,17,0,1,34,13,48,0,11,38,16,65,38,24,62,127
10/28/2009,PKB,WV,AEA,CE,Federal Contract Tower,0,10,9,7,26,0,4,26,12,42,0,14,35,19,68,14,56,70,138
10/29/2009,PKB,WV,AEA,CE,Federal Contract Tower,0,9,21,5,35,0,0,20,9,29,0,9,41,14,64,34,40,74,138
10/30/2009,PKB,WV,AEA,CE,Federal Contract Tower,0,8,6,3,17,0,4,25,17,46,0,12,31,20,63,36,30,66,129
10/31/2009,PKB,WV,AEA,CE,Federal Contract Tower,0,3,3,0,6,0,0,4,0,4,0,3,7,0,10,0,0,0,10
11/01/2009,PKB,WV,AEA,CE,Federal Contract Tower,0,2,6,0,8,0,4,35,0,39,0,6,41,0,47,22,0,22,69
11/02/2009,PKB,WV,AEA,CE,Federal Contract Tower,0,7,3,3,13,0,0,30,2,32,0,7,33,5,45,50,0,50,95
11/03/2009,PKB,WV,AEA,CE,Federal Contract Tower,0,8,12,2,22,0,4,33,4,41,0,12,45,6,63,60,8,68,131
11/04/2009,PKB,WV,AEA,CE,Federal Contract Tower,0,10,11,1,22,0,0,29,11,40,0,10,40,12,62,52,60,112,174
11/05/2009,PKB,WV,AEA,CE,Federal Contract Tower,0,12,8,4,24,0,1,28,3,32,0,13,36,7,56,56,0,56,112
11/06/2009,PKB,WV,AEA,CE,Federal Contract Tower,0,13,11,0,24,0,8,49,13,70,0,21,60,13,94,34,32,66,160
11/07/2009,PKB,WV,AEA,CE,Federal Contract Tower,0,3,7,4,14,0,4,33,12,49,0,7,40,16,63,2,4,6,69
11/08/2009,PKB,WV,AEA,CE,Federal Contract Tower,0,2,10,7,19,0,4,58,17,79,0,6,68,24,98,66,24,90,188
11/09/2009,PKB,WV,AEA,CE,Federal Contract Tower,2,10,17,0,29,0,1,20,7,28,2,11,37,7,57,28,0,28,85
11/10/2009,PKB,WV,AEA,CE,Federal Contract Tower,0,11,21,13,45,0,3,21,1,25,0,14,42,14,70,36,12,48,118
11/11/2009,PKB,WV,AEA,CE,Federal Contract Tower,0,9,14,0,23,0,0,34,2,36,0,9,48,2,59,50,0,50,109
11/12/2009,PKB,WV,AEA,CE,Federal Contract Tower,0,11,8,3,22,0,6,32,16,54,0,17,40,19,76,54,48,102,178
11/13/2009,PKB,WV,AEA,CE,Federal Contract Tower,0,9,17,3,29,0,3,35,15,53,0,12,52,18,82,104,64,168,250
11/14/2009,PKB,WV,AEA,CE,Federal Contract Tower,0,3,13,2,18,0,0,40,7,47,0,3,53,9,65,46,4,50,115
11/15/2009,PKB,WV,AEA,CE,Federal Contract Tower,0,4,8,0,12,0,0,62,6,68,0,4,70,6,80,16,12,28,108
11/16/2009,PKB,WV,AEA,CE,Federal Contract Tower,0,7,4,4,15,0,6,14,1,21,0,13,18,5,36,28,0,28,64
11/17/2009,PKB,WV,AEA,CE,Federal Contract Tower,0,10,18,3,31,0,2,24,3,29,0,12,42,6,60,28,6,34,94
11/18/2009,PKB,WV,AEA,CE,Federal Contract Tower,0,10,12,7,29,0,0,19,8,27,0,10,31,15,56,24,18,42,98
11/19/2009,PKB,WV,AEA,CE,Federal Contract Tower,0,10,7,0,17,0,0,9,10,19,0,10,16,10,36,6,72,78,114
11/20/2009,PKB,WV,AEA,CE,Federal Contract Tower,2,13,10,6,31,0,3,22,7,32,2,16,32,13,63,0,0,0,63
11/21/2009,PKB,WV,AEA,CE,Federal Contract Tower,2,3,15,0,20,0,0,57,0,57,2,3,72,0,77,48,0,48,125
11/22/2009,PKB,WV,AEA,CE,Federal Contract Tower,0,2,10,0,12,0,0,15,3,18,0,2,25,3,30,2,0,2,32
11/23/2009,PKB,WV,AEA,CE,Federal Contract Tower,0,11,12,2,25,0,0,7,2,9,0,11,19,4,34,12,0,12,46
11/24/2009,PKB,WV,AEA,CE,Federal Contract Tower,0,11,9,4,24,0,6,16,0,22,0,17,25,4,46,28,0,28,74
11/25/2009,PKB,WV,AEA,CE,Federal Contract Tower,0,10,8,0,18,0,5,32,0,37,0,15,40,0,55,34,0,34,89
11/26/2009,PKB,WV,AEA,CE,Federal Contract Tower,1,5,7,0,13,0,2,9,0,11,1,7,16,0,24,16,0,16,40
11/27/2009,PKB,WV,AEA,CE,Federal Contract Tower,1,10,3,0,14,0,2,1,0,3,1,12,4,0,17,0,0,0,17
11/28/2009,PKB,WV,AEA,CE,Federal Contract Tower,0,3,13,0,16,0,3,39,0,42,0,6,52,0,58,26,0,26,84
11/29/2009,PKB,WV,AEA,CE,Federal Contract Tower,0,3,13,0,16,0,1,22,0,23,0,4,35,0,39,4,0,4,43
11/30/2009,PKB,WV,AEA,CE,Federal Contract Tower,0,10,5,2,17,0,2,0,0,2,0,12,5,2,19,0,0,0,19
12/01/2009,PKB,WV,AEA,CE,Federal Contract Tower,0,14,19,0,33,0,5,42,0,47,0,19,61,0,80,4,0,4,84
12/02/2009,PKB,WV,AEA,CE,Federal Contract Tower,0,16,6,0,22,0,1,12,0,13,0,17,18,0,35,10,0,10,45
12/03/2009,PKB,WV,AEA,CE,Federal Contract Tower,0,15,8,1,24,0,1,8,1,10,0,16,16,2,34,0,0,0,34
12/04/2009,PKB,WV,AEA,CE,Federal Contract Tower,0,12,8,5,25,0,2,23,10,35,0,14,31,15,60,22,150,172,232
12/05/2009,PKB,WV,AEA,CE,Federal Contract Tower,1,1,3,0,5,0,2,2,0,4,1,3,5,0,9,0,0,0,9
12/06/2009,PKB,WV,AEA,CE,Federal Contract Tower,1,2,15,2,20,0,2,26,7,35,1,4,41,9,55,0,24,24,79
12/07/2009,PKB,WV,AEA,CE,Federal Contract Tower,0,9,8,7,24,0,0,16,1,17,0,9,24,8,41,30,0,30,71
12/08/2009,PKB,WV,AEA,CE,Federal Contract Tower,0,14,9,2,25,0,0,10,2,12,0,14,19,4,37,18,6,24,61
12/09/2009,PKB,WV,AEA,CE,Federal Contract Tower,0,10,8,0,18,0,0,9,0,9,0,10,17,0,27,0,0,0,27
12/10/2009,PKB,WV,AEA,CE,Federal Contract Tower,0,14,6,0,20,0,0,2,0,2,0,14,8,0,22,0,0,0,22
12/11/2009,PKB,WV,AEA,CE,Federal Contract Tower,0,13,4,7,24,0,3,18,9,30,0,16,22,16,54,22,20,42,96
12/12/2009,PKB,WV,AEA,CE,Federal Contract Tower,0,3,12,0,15,0,0,32,0,32,0,3,44,0,47,26,0,26,73
12/13/2009,PKB,WV,AEA,CE,Federal Contract Tower,0,2,3,0,5,0,0,0,0,0,0,2,3,0,5,0,0,0,5
12/14/2009,PKB,WV,AEA,CE,Federal Contract Tower,0,10,4,0,14,0,4,18,5,27,0,14,22,5,41,10,0,10,51
12/15/2009,PKB,WV,AEA,CE,Federal Contract Tower,1,13,7,7,28,0,2,4,4,10,1,15,11,11,38,0,14,14,52
12/16/2009,PKB,WV,AEA,CE,Federal Contract Tower,0,13,11,0,24,0,4,20,7,31,0,17,31,7,55,4,28,32,87
12/17/2009,PKB,WV,AEA,CE,Federal Contract Tower,0,13,13,0,26,0,2,32,5,39,0,15,45,5,65,48,22,70,135
12/18/2009,PKB,WV,AEA,CE,Federal Contract Tower,0,13,9,7,29,0,0,33,8,41,0,13,42,15,70,44,32,76,146
12/19/2009,PKB,WV,AEA,CE,Federal Contract Tower,0,1,2,0,3,0,0,0,0,0,0,1,2,0,3,0,0,0,3
12/20/2009,PKB,WV,AEA,CE,Federal Contract Tower,0,2,2,0,4,0,0,13,6,19,0,2,15,6,23,0,0,0,23
12/21/2009,PKB,WV,AEA,CE,Federal Contract Tower,0,11,0,1,12,0,0,2,2,4,0,11,2,3,16,0,6,6,22
12/22/2009,PKB,WV,AEA,CE,Federal Contract Tower,0,12,2,0,14,0,2,6,12,20,0,14,8,12,34,0,0,0,34
12/23/2009,PKB,WV,AEA,CE,Federal Contract Tower,0,11,7,0,18,0,1,23,12,36,0,12,30,12,54,10,0,10,64
12/24/2009,PKB,WV,AEA,CE,Federal Contract Tower,0,9,3,0,12,0,0,17,2,19,0,9,20,2,31,8,0,8,39
12/25/2009,PKB,WV,AEA,CE,Federal Contract Tower,0,5,1,0,6,0,0,1,0,1,0,5,2,0,7,0,0,0,7
12/26/2009,PKB,WV,AEA,CE,Federal Contract Tower,0,4,5,0,9,0,0,29,0,29,0,4,34,0,38,12,0,12,50
12/27/2009,PKB,WV,AEA,CE,Federal Contract Tower,0,2,8,0,10,0,1,17,0,18,0,3,25,0,28,4,0,4,32
12/28/2009,PKB,WV,AEA,CE,Federal Contract Tower,0,7,1,0,8,0,7,3,0,10,0,14,4,0,18,0,0,0,18
12/29/2009,PKB,WV,AEA,CE,Federal Contract Tower,0,9,10,3,22,0,3,27,0,30,0,12,37,3,52,8,0,8,60
12/30/2009,PKB,WV,AEA,CE,Federal Contract Tower,0,10,5,0,15,0,0,36,12,48,0,10,41,12,63,2,0,2,65
12/31/2009,PKB,WV,AEA,CE,Federal Contract Tower,0,8,2,0,10,0,0,0,0,0,0,8,2,0,10,0,0,0,10
01/01/2010,PKB,WV,AEA,CE,Federal Contract Tower,0,4,2,0,6,0,6,0,2,8,0,10,2,2,14,0,0,0,14
01/02/2010,PKB,WV,AEA,CE,Federal Contract Tower,0,3,0,0,3,0,0,0,0,0,0,3,0,0,3,0,0,0,3
01/03/2010,PKB,WV,AEA,CE,Federal Contract Tower,0,2,8,0,10,0,1,4,0,5,0,3,12,0,15,4,0,4,19
01/04/2010,PKB,WV,AEA,CE,Federal Contract Tower,0,7,9,0,16,0,0,0,3,3,0,7,9,3,19,0,26,26,45
01/05/2010,PKB,WV,AEA,CE,Federal Contract Tower,0,9,5,0,14,0,0,0,0,0,0,9,5,0,14,0,0,0,14
01/06/2010,PKB,WV,AEA,CE,Federal Contract Tower,0,12,5,2,19,0,0,7,12,19,0,12,12,14,38,0,62,62,100
01/07/2010,PKB,WV,AEA,CE,Federal Contract Tower,0,10,2,3,15,0,1,3,5,9,0,11,5,8,24,0,66,66,90
01/08/2010,PKB,WV,AEA,CE,Federal Contract Tower,0,10,1,2,13,0,0,0,0,0,0,10,1,2,13,0,138,138,151
01/09/2010,PKB,WV,AEA,CE,Federal Contract Tower,0,3,0,5,8,0,0,1,4,5,0,3,1,9,13,0,64,64,77
01/10/2010,PKB,WV,AEA,CE,Federal Contract Tower,0,2,5,1,8,0,2,9,6,17,0,4,14,7,25,0,38,38,63
01/11/2010,PKB,WV,AEA,CE,Federal Contract Tower,0,7,2,2,11,0,0,4,2,6,0,7,6,4,17,0,24,24,41
01/12/2010,PKB,WV,AEA,CE,Federal Contract Tower,0,11,15,7,33,0,0,16,2,18,0,11,31,9,51,42,0,42,93
01/13/2010,PKB,WV,AEA,CE,Federal Contract Tower,0,9,17,6,32,0,0,55,9,64,0,9,72,15,96,60,4,64,160
01/14/2010,PKB,WV,AEA,CE,Federal Contract Tower,0,10,16,16,42,0,0,36,11,47,0,10,52,27,89,30,26,56,145
01/15/2010,PKB,WV,AEA,CE,Federal Contract Tower,0,11,16,6,33,0,1,3,3,7,0,12,19,9,40,4,4,8,48
01/16/2010,PKB,WV,AEA,CE,Federal Contract Tower,0,4,7,0,11,0,9,30,0,39,0,13,37,0,50,0,0,0,50
01/17/2010,PKB,WV,AEA,CE,Federal Contract Tower,0,2,4,0,6,0,0,0,0,0,0,2,4,0,6,0,0,0,6
01/18/2010,PKB,WV,AEA,CE,Federal Contract Tower,0,7,5,0,12,0,0,6,0,6,0,7,11,0,18,0,0,0,18
01/19/2010,PKB,WV,AEA,CE,Federal Contract Tower,0,14,5,8,27,0,0,0,8,8,0,14,5,16,35,10,64,74,109
01/20/2010,PKB,WV,AEA,CE,Federal Contract Tower,0,12,8,25,45,0,2,35,16,53,0,14,43,41,98,22,74,96,194
01/21/2010,PKB,WV,AEA,CE,Federal Contract Tower,0,12,2,8,22,0,6,12,6,24,0,18,14,14,46,10,24,34,80
01/22/2010,PKB,WV,AEA,CE,Federal Contract Tower,0,14,9,6,29,0,0,5,4,9,0,14,14,10,38,6,160,166,204
01/23/2010,PKB,WV,AEA,CE,Federal Contract Tower,0,4,11,6,21,0,2,14,10,26,0,6,25,16,47,24,26,50,97
01/24/2010,PKB,WV,AEA,CE,Federal Contract Tower,0,2,2,0,4,0,2,1,0,3,0,4,3,0,7,4,0,4,11
01/25/2010,PKB,WV,AEA,CE,Federal Contract Tower,0,8,9,9,26,0,2,8,0,10,0,10,17,9,36,2,68,70,106
01/26/2010,PKB,WV,AEA,CE,Federal Contract Tower,0,20,7,1,28,0,0,2,17,19,0,20,9,18,47,0,64,64,111
01/27/2010,PKB,WV,AEA,CE,Federal Contract Tower,0,13,14,16,43,0,0,22,8,30,0,13,36,24,73,12,28,40,113
01/28/2010,PKB,WV,AEA,CE,Federal Contract Tower,0,12,8,0,20,0,0,12,5,17,0,12,20,5,37,8,0,8,45
01/29/2010,PKB,WV,AEA,CE,Federal Contract Tower,0,10,3,7,20,0,1,13,4,18,0,11,16,11,38,0,0,0,38
01/30/2010,PKB,WV,AEA,CE,Federal Contract Tower,0,3,2,0,5,0,2,0,1,3,0,5,2,1,8,0,0,0,8
01/31/2010,PKB,WV,AEA,CE,Federal Contract Tower,0,2,4,14,20,0,3,26,2,31,0,5,30,16,51,14,0,14,65
02/01/2010,PKB,WV,AEA,CE,Federal Contract Tower,0,7,3,6,16,0,0,19,0,19,0,7,22,6,35,8,8,16,51
02/02/2010,PKB,WV,AEA,CE,Federal Contract Tower,0,11,11,18,40,0,1,33,9,43,0,12,44,27,83,28,2,30,113
02/03/2010,PKB,WV,AEA,CE,Federal Contract Tower,0,10,12,5,27,0,5,19,21,45,0,15,31,26,72,36,28,64,136
02/04/2010,PKB,WV,AEA,CE,Federal Contract Tower,0,14,11,18,43,0,0,48,8,56,0,14,59,26,99,72,26,98,197
02/05/2010,PKB,WV,AEA,CE,Federal Contract Tower,0,9,2,0,11,0,0,4,0,4,0,9,6,0,15,0,10,10,25
02/06/2010,PKB,WV,AEA,CE,Federal Contract Tower,0,0,1,0,1,0,5,0,0,5,0,5,1,0,6,0,0,0,6
02/07/2010,PKB,WV,AEA,CE,Federal Contract Tower,0,1,4,1,6,0,2,1,3,6,0,3,5,4,12,0,34,34,46
02/08/2010,PKB,WV,AEA,CE,Federal Contract Tower,0,6,6,2,14,0,0,12,4,16,0,6,18,6,30,18,0,18,48
02/09/2010,PKB,WV,AEA,CE,Federal Contract Tower,0,10,4,0,14,0,0,0,0,0,0,10,4,0,14,0,0,0,14
02/10/2010,PKB,WV,AEA,CE,Federal Contract Tower,0,6,2,0,8,0,0,0,0,0,0,6,2,0,8,0,0,0,8
02/11/2010,PKB,WV,AEA,CE,Federal Contract Tower,0,9,9,0,18,0,0,8,0,8,0,9,17,0,26,4,0,4,30
02/12/2010,PKB,WV,AEA,CE,Federal Contract Tower,0,12,5,7,24,0,1,16,4,21,0,13,21,11,45,10,2,12,57
02/13/2010,PKB,WV,AEA,CE,Federal Contract Tower,0,5,0,0,5,0,0,0,0,0,0,5,0,0,5,0,0,0,5
02/14/2010,PKB,WV,AEA,CE,Federal Contract Tower,0,2,2,0,4,0,0,2,0,2,0,2,4,0,6,8,0,8,14
02/15/2010,PKB,WV,AEA,CE,Federal Contract Tower,0,6,2,0,8,0,0,0,0,0,0,6,2,0,8,0,0,0,8
02/16/2010,PKB,WV,AEA,CE,Federal Contract Tower,0,12,3,0,15,0,0,2,0,2,0,12,5,0,17,0,0,0,17
02/17/2010,PKB,WV,AEA,CE,Federal Contract Tower,0,12,9,1,22,0,0,0,0,0,0,12,9,1,22,0,0,0,22
02/18/2010,PKB,WV,AEA,CE,Federal Contract Tower,0,12,4,2,18,0,0,3,3,6,0,12,7,5,24,0,2,2,26
02/19/2010,PKB,WV,AEA,CE,Federal Contract Tower,0,10,4,4,18,0,7,34,16,57,0,17,38,20,75,26,6,32,107
02/20/2010,PKB,WV,AEA,CE,Federal Contract Tower,0,5,9,0,14,0,3,33,1,37,0,8,42,1,51,62,0,62,113
02/21/2010,PKB,WV,AEA,CE,Federal Contract Tower,0,2,6,0,8,0,3,14,4,21,0,5,20,4,29,12,0,12,41
02/22/2010,PKB,WV,AEA,CE,Federal Contract Tower,0,8,3,6,17,0,3,0,2,5,0,11,3,8,22,0,0,0,22
02/23/2010,PKB,WV,AEA,CE,Federal Contract Tower,0,12,13,0,25,0,4,19,8,31,0,16,32,8,56,14,24,38,94
02/24/2010,PKB,WV,AEA,CE,Federal Contract Tower,0,11,12,2,25,0,0,6,4,10,0,11,18,6,35,0,0,0,35
02/25/2010,PKB,WV,AEA,CE,Federal Contract Tower,0,16,7,0,23,0,0,0,4,4,0,16,7,4,27,0,40,40,67
02/26/2010,PKB,WV,AEA,CE,Federal Contract Tower,0,13,2,0,15,0,0,2,5,7,0,13,4,5,22,4,6,10,32
02/27/2010,PKB,WV,AEA,CE,Federal Contract Tower,0,5,0,0,5,0,0,6,1,7,0,5,6,1,12,0,26,26,38
02/28/2010,PKB,WV,AEA,CE,Federal Contract Tower,0,2,5,0,7,0,0,5,0,5,0,2,10,0,12,0,0,0,12
03/01/2010,PKB,WV,AEA,CE,Federal Contract Tower,0,7,7,1,15,0,0,6,6,12,0,7,13,7,27,20,24,44,71
03/02/2010,PKB,WV,AEA,CE,Federal Contract Tower,0,12,1,7,20,0,2,23,8,33,0,14,24,15,53,10,45,55,108
03/03/2010,PKB,WV,AEA,CE,Federal Contract Tower,0,12,14,9,35,0,0,19,4,23,0,12,33,13,58,0,8,8,66
03/04/2010,PKB,WV,AEA,CE,Federal Contract Tower,0,12,14,9,35,0,4,30,8,42,0,16,44,17,77,32,56,88,165
03/05/2010,PKB,WV,AEA,CE,Federal Contract Tower,0,12,4,6,22,0,1,28,8,37,0,13,32,14,59,34,24,58,117
03/06/2010,PKB,WV,AEA,CE,Federal Contract Tower,0,3,14,2,19,0,2,101,3,106,0,5,115,5,125,58,0,58,183
03/07/2010,PKB,WV,AEA,CE,Federal Contract Tower,0,2,6,0,8,0,1,63,5,69,0,3,69,5,77,86,0,86,163
03/08/2010,PKB,WV,AEA,CE,Federal Contract Tower,0,7,9,12,28,0,3,36,0,39,0,10,45,12,67,54,2,56,123
03/09/2010,PKB,WV,AEA,CE,Federal Contract Tower,0,10,13,7,30,0,3,66,6,75,0,13,79,13,105,36,16,52,157
03/10/2010,PKB,WV,AEA,CE,Federal Contract Tower,0,12,9,14,35,0,4,33,12,49,0,16,42,26,84,32,53,85,169
03/11/2010,PKB,WV,AEA,CE,Federal Contract Tower,0,14,10,6,30,0,1,28,9,38,0,15,38,15,68,20,24,44,112
03/12/2010,PKB,WV,AEA,CE,Federal Contract Tower,0,18,8,3,29,0,0,22,11,33,0,18,30,14,62,50,20,70,132
03/13/2010,PKB,WV,AEA,CE,Federal Contract Tower,0,3,21,3,27,0,0,3,1,4,0,3,24,4,31,12,0,12,43
03/14/2010,PKB,WV,AEA,CE,Federal Contract Tower,0,2,16,0,18,0,7,2,2,11,0,9,18,2,29,6,0,6,35
03/15/2010,PKB,WV,AEA,CE,Federal Contract Tower,0,10,10,5,25,0,0,4,4,8,0,10,14,9,33,8,36,44,77
03/16/2010,PKB,WV,AEA,CE,Federal Contract Tower,3,14,20,5,42,0,2,36,15,53,3,16,56,20,95,78,70,148,243
03/17/2010,PKB,WV,AEA,CE,Federal Contract Tower,0,13,19,3,35,0,1,52,16,69,0,14,71,19,104,64,28,92,196
03/18/2010,PKB,WV,AEA,CE,Federal Contract Tower,0,15,10,4,29,0,2,72,17,91,0,17,82,21,120,46,42,88,208
03/19/2010,PKB,WV,AEA,CE,Federal Contract Tower,0,10,8,4,22,0,3,55,13,71,0,13,63,17,93,58,50,108,201
03/20/2010,PKB,WV,AEA,CE,Federal Contract Tower,0,3,5,3,11,0,3,85,0,88,0,6,90,3,99,2,0,2,101
03/21/2010,PKB,WV,AEA,CE,Federal Contract Tower,0,4,10,4,18,0,0,41,10,51,0,4,51,14,69,42,33,75,144
03/22/2010,PKB,WV,AEA,CE,Federal Contract Tower,0,9,8,6,23,0,0,10,1,11,0,9,18,7,34,6,0,6,40
03/23/2010,PKB,WV,AEA,CE,Federal Contract Tower,0,12,5,3,20,0,0,0,1,1,0,12,5,4,21,0,0,0,21
03/24/2010,PKB,WV,AEA,CE,Federal Contract Tower,0,13,8,3,24,0,1,35,13,49,0,14,43,16,73,30,34,64,137
03/25/2010,PKB,WV,AEA,CE,Federal Contract Tower,0,12,7,9,28,0,0,8,5,13,0,12,15,14,41,0,24,24,65
03/26/2010,PKB,WV,AEA,CE,Federal Contract Tower,0,12,8,9,29,0,0,8,4,12,0,12,16,13,41,0,0,0,41
03/27/2010,PKB,WV,AEA,CE,Federal Contract Tower,0,3,15,0,18,0,0,51,5,56,0,3,66,5,74,16,0,16,90
03/28/2010,PKB,WV,AEA,CE,Federal Contract Tower,0,2,5,0,7,0,0,6,4,10,0,2,11,4,17,14,0,14,31
03/29/2010,PKB,WV,AEA,CE,Federal Contract Tower,0,7,7,0,14,0,0,0,0,0,0,7,7,0,14,0,0,0,14
03/30/2010,PKB,WV,AEA,CE,Federal Contract Tower,0,12,9,4,25,0,2,39,8,49,0,14,48,12,74,64,0,64,138
03/31/2010,PKB,WV,AEA,CE,Federal Contract Tower,0,12,14,4,30,0,2,53,16,71,0,14,67,20,101,74,6,80,181
04/01/2010,PKB,WV,AEA,CE,Federal Contract Tower,0,9,3,0,12,0,3,34,7,44,0,12,37,7,56,12,0,12,68
04/02/2010,PKB,WV,AEA,CE,Federal Contract Tower,0,12,15,8,35,0,0,53,7,60,0,12,68,15,95,54,20,74,169
04/03/2010,PKB,WV,AEA,CE,Federal Contract Tower,0,4,9,0,13,0,0,34,0,34,0,4,43,0,47,28,0,28,75
04/04/2010,PKB,WV,AEA,CE,Federal Contract Tower,0,2,5,0,7,0,9,12,2,23,0,11,17,2,30,18,0,18,48
04/05/2010,PKB,WV,AEA,CE,Federal Contract Tower,0,7,13,2,22,0,3,14,2,19,0,10,27,4,41,12,2,14,55
04/06/2010,PKB,WV,AEA,CE,Federal Contract Tower,0,13,11,3,27,0,0,19,4,23,0,13,30,7,50,0,4,4,54
04/07/2010,PKB,WV,AEA,CE,Federal Contract Tower,0,12,11,7,30,0,0,30,3,33,0,12,41,10,63,36,4,40,103
04/08/2010,PKB,WV,AEA,CE,Federal Contract Tower,0,10,8,2,20,0,0,5,0,5,0,10,13,2,25,16,2,18,43
04/09/2010,PKB,WV,AEA,CE,Federal Contract Tower,0,12,11,16,39,0,2,25,25,52,0,14,36,41,91,20,78,98,189
04/10/2010,PKB,WV,AEA,CE,Federal Contract Tower,0,3,13,1,17,0,0,54,3,57,0,3,67,4,74,20,0,20,94
04/11/2010,PKB,WV,AEA,CE,Federal Contract Tower,0,2,13,0,15,0,1,38,7,46,0,3,51,7,61,10,0,10,71
04/12/2010,PKB,WV,AEA,CE,Federal Contract Tower,0,8,15,4,27,0,0,27,4,31,0,8,42,8,58,18,0,18,76
04/13/2010,PKB,WV,AEA,CE,Federal Contract Tower,0,12,13,1,26,0,3,36,2,41,0,15,49,3,67,10,16,26,93
04/14/2010,PKB,WV,AEA,CE,Federal Contract Tower,0,10,10,11,31,0,3,30,10,43,0,13,40,21,74,24,50,74,148
04/15/2010,PKB,WV,AEA,CE,Federal Contract Tower,0,12,6,7,25,0,5,40,17,62,0,17,46,24,87,38,50,88,175
04/16/2010,PKB,WV,AEA,CE,Federal Contract Tower,0,12,6,5,23,0,8,15,8,31,0,20,21,13,54,8,98,106,160
04/17/2010,PKB,WV,AEA,CE,Federal Contract Tower,0,3,3,1,7,0,4,22,1,27,0,7,25,2,34,12,0,12,46
04/18/2010,PKB,WV,AEA,CE,Federal Contract Tower,0,2,15,0,17,0,0,37,0,37,0,2,52,0,54,14,0,14,68
04/19/2010,PKB,WV,AEA,CE,Federal Contract Tower,0,7,10,6,23,0,0,26,6,32,0,7,36,12,55,48,58,106,161
04/20/2010,PKB,WV,AEA,CE,Federal Contract Tower,0,11,12,5,28,0,2,53,14,69,0,13,65,19,97,34,58,92,189
04/21/2010,PKB,WV,AEA,CE,Federal Contract Tower,0,12,15,11,38,0,5,54,19,78,0,17,69,30,116,40,74,114,230
04/22/2010,PKB,WV,AEA,CE,Federal Contract Tower,0,7,13,10,30,0,4,37,15,56,0,11,50,25,86,20,8,28,114
04/23/2010,PKB,WV,AEA,CE,Federal Contract Tower,0,12,7,1,20,0,7,34,12,53,0,19,41,13,73,28,44,72,145
04/24/2010,PKB,WV,AEA,CE,Federal Contract Tower,0,3,7,0,10,0,0,20,0,20,0,3,27,0,30,8,0,8,38
04/25/2010,PKB,WV,AEA,CE,Federal Contract Tower,0,3,10,0,13,0,2,10,0,12,0,5,20,0,25,0,0,0,25
04/26/2010,PKB,WV,AEA,CE,Federal Contract Tower,0,7,5,7,19,0,0,0,1,1,0,7,5,8,20,0,0,0,20
04/27/2010,PKB,WV,AEA,CE,Federal Contract Tower,0,12,15,0,27,0,8,20,8,36,0,20,35,8,63,38,30,68,131
04/28/2010,PKB,WV,AEA,CE,Federal Contract Tower,0,9,17,10,36,0,3,33,14,50,0,12,50,24,86,33,46,79,165
04/29/2010,PKB,WV,AEA,CE,Federal Contract Tower,0,14,23,9,46,0,3,35,12,50,0,17,58,21,96,22,36,58,154
04/30/2010,PKB,WV,AEA,CE,Federal Contract Tower,0,13,11,7,31,0,3,37,6,46,0,16,48,13,77,24,74,98,175
05/01/2010,PKB,WV,AEA,CE,Federal Contract Tower,0,3,6,3,12,0,3,27,3,33,0,6,33,6,45,18,14,32,77
05/02/2010,PKB,WV,AEA,CE,Federal Contract Tower,0,3,0,0,3,0,0,4,0,4,0,3,4,0,7,2,0,2,9
05/03/2010,PKB,WV,AEA,CE,Federal Contract Tower,0,13,19,10,42,0,0,35,4,39,0,13,54,14,81,12,22,34,115
05/04/2010,PKB,WV,AEA,CE,Federal Contract Tower,0,14,16,4,34,0,0,48,7,55,0,14,64,11,89,22,35,57,146
05/05/2010,PKB,WV,AEA,CE,Federal Contract Tower,0,15,5,13,33,0,4,55,3,62,0,19,60,16,95,8,16,24,119
05/06/2010,PKB,WV,AEA,CE,Federal Contract Tower,0,14,10,7,31,0,7,50,10,67,0,21,60,17,98,18,2,20,118
05/07/2010,PKB,WV,AEA,CE,Federal Contract Tower,0,18,10,4,32,0,6,30,7,43,0,24,40,11,75,26,30,56,131
05/08/2010,PKB,WV,AEA,CE,Federal Contract Tower,0,3,9,3,15,0,2,14,9,25,0,5,23,12,40,22,0,22,62
05/09/2010,PKB,WV,AEA,CE,Federal Contract Tower,0,2,9,0,11,0,4,15,2,21,0,6,24,2,32,12,0,12,44
05/10/2010,PKB,WV,AEA,CE,Federal Contract Tower,0,7,9,10,26,0,0,33,4,37,0,7,42,14,63,40,24,64,127
05/11/2010,PKB,WV,AEA,CE,Federal Contract Tower,0,16,5,3,24,0,2,4,3,9,0,18,9,6,33,0,0,0,33
05/12/2010,PKB,WV,AEA,CE,Federal Contract Tower,0,14,6,7,27,0,0,8,4,12,0,14,14,11,39,0,0,0,39
05/13/2010,PKB,WV,AEA,CE,Federal Contract Tower,0,14,11,7,32,0,3,5,3,11,0,17,16,10,43,0,10,10,53
05/14/2010,PKB,WV,AEA,CE,Federal Contract Tower,0,16,13,6,35,0,0,22,6,28,0,16,35,12,63,10,4,14,77
05/15/2010,PKB,WV,AEA,CE,Federal Contract Tower,0,3,16,0,19,0,0,72,0,72,0,3,88,0,91,22,0,22,113
05/16/2010,PKB,WV,AEA,CE,Federal Contract Tower,0,2,11,0,13,0,0,25,2,27,0,2,36,2,40,26,0,26,66
05/17/2010,PKB,WV,AEA,CE,Federal Contract Tower,0,9,9,1,19,0,0,0,0,0,0,9,9,1,19,0,0,0,19
05/18/2010,PKB,WV,AEA,CE,Federal Contract Tower,0,14,19,0,33,0,2,0,0,2,0,16,19,0,35,2,0,2,37
05/19/2010,PKB,WV,AEA,CE,Federal Contract Tower,0,14,13,4,31,0,0,7,3,10,0,14,20,7,41,4,0,4,45
05/20/2010,PKB,WV,AEA,CE,Federal Contract Tower,0,9,27,0,36,0,2,37,14,53,0,11,64,14,89,32,0,32,121
05/21/2010,PKB,WV,AEA,CE,Federal Contract Tower,0,14,19,1,34,0,3,52,12,67,0,17,71,13,101,42,34,76,177
05/22/2010,PKB,WV,AEA,CE,Federal Contract Tower,0,3,11,2,16,0,6,29,9,44,0,9,40,11,60,10,16,26,86
05/23/2010,PKB,WV,AEA,CE,Federal Contract Tower,0,2,14,0,16,0,0,25,4,29,0,2,39,4,45,28,4,32,77
05/24/2010,PKB,WV,AEA,CE,Federal Contract Tower,0,9,9,2,20,0,2,30,1,33,0,11,39,3,53,6,0,6,59
05/25/2010,PKB,WV,AEA,CE,Federal Contract Tower,0,16,33,4,53,0,6,62,12,80,0,22,95,16,133,34,0,34,167
05/26/2010,PKB,WV,AEA,CE,Federal Contract Tower,0,15,15,13,43,0,10,50,6,66,0,25,65,19,109,38,6,44,153
05/27/2010,PKB,WV,AEA,CE,Federal Contract Tower,0,14,13,8,35,0,10,41,4,55,0,24,54,12,90,20,20,40,130
05/28/2010,PKB,WV,AEA,CE,Federal Contract Tower,0,14,8,4,26,0,3,41,2,46,0,17,49,6,72,24,10,34,106
05/29/2010,PKB,WV,AEA,CE,Federal Contract Tower,0,4,7,0,11,0,6,51,0,57,0,10,58,0,68,6,0,6,74
05/30/2010,PKB,WV,AEA,CE,Federal Contract Tower,0,4,6,0,10,0,2,23,0,25,0,6,29,0,35,4,0,4,39
05/31/2010,PKB,WV,AEA,CE,Federal Contract Tower,0,4,2,0,6,0,0,22,0,22,0,4,24,0,28,0,0,0,28
06/01/2010,PKB,WV,AEA,CE,Federal Contract Tower,0,9,18,0,27,0,1,14,6,21,0,10,32,6,48,6,22,28,76
06/02/2010,PKB,WV,AEA,CE,Federal Contract Tower,0,14,6,3,23,0,1,46,13,60,0,15,52,16,83,36,14,50,133
06/03/2010,PKB,WV,AEA,CE,Federal Contract Tower,0,14,9,12,35,0,0,10,10,20,0,14,19,22,55,16,4,20,75
06/04/2010,PKB,WV,AEA,CE,Federal Contract Tower,0,13,14,10,37,0,2,43,11,56,0,15,57,21,93,46,36,82,175
06/05/2010,PKB,WV,AEA,CE,Federal Contract Tower,0,3,2,2,7,0,0,5,8,13,0,3,7,10,20,2,34,36,56
06/06/2010,PKB,WV,AEA,CE,Federal Contract Tower,0,2,5,0,7,0,10,15,0,25,0,12,20,0,32,8,0,8,40
06/07/2010,PKB,WV,AEA,CE,Federal Contract Tower,0,9,7,11,27,0,3,37,8,48,0,12,44,19,75,34,18,52,127
06/08/2010,PKB,WV,AEA,CE,Federal Contract Tower,0,12,17,9,38,0,1,65,7,73,0,13,82,16,111,40,4,44,155
06/09/2010,PKB,WV,AEA,CE,Federal Contract Tower,0,14,7,4,25,0,0,4,2,6,0,14,11,6,31,0,10,10,41
06/10/2010,PKB,WV,AEA,CE,Federal Contract Tower,0,12,6,0,18,0,0,27,9,36,0,12,33,9,54,4,8,12,66
06/11/2010,PKB,WV,AEA,CE,Federal Contract Tower,0,15,8,1,24,0,2,38,5,45,0,17,46,6,69,18,0,18,87
06/12/2010,PKB,WV,AEA,CE,Federal Contract Tower,0,4,7,0,11,0,1,20,3,24,0,5,27,3,35,10,0,10,45
06/13/2010,PKB,WV,AEA,CE,Federal Contract Tower,0,4,16,3,23,0,4,13,0,17,0,8,29,3,40,24,0,24,64
06/14/2010,PKB,WV,AEA,CE,Federal Contract Tower,0,12,6,8,26,0,3,9,17,29,0,15,15,25,55,10,32,42,97
06/15/2010,PKB,WV,AEA,CE,Federal Contract Tower,0,14,11,7,32,0,0,41,5,46,0,14,52,12,78,18,16,34,112
06/16/2010,PKB,WV,AEA,CE,Federal Contract Tower,0,17,9,4,30,0,1,50,16,67,0,18,59,20,97,36,24,60,157
06/17/2010,PKB,WV,AEA,CE,Federal Contract Tower,0,15,11,13,39,0,6,47,13,66,0,21,58,26,105,36,50,86,191
06/18/2010,PKB,WV,AEA,CE,Federal Contract Tower,0,10,18,5,33,0,3,41,1,45,0,13,59,6,78,36,0,36,114
06/19/2010,PKB,WV,AEA,CE,Federal Contract Tower,0,4,12,1,17,0,3,89,5,97,0,7,101,6,114,30,0,30,144
06/20/2010,PKB,WV,AEA,CE,Federal Contract Tower,0,2,15,0,17,0,4,35,0,39,0,6,50,0,56,20,0,20,76
06/21/2010,PKB,WV,AEA,CE,Federal Contract Tower,0,11,12,2,25,0,2,35,4,41,0,13,47,6,66,30,4,34,100
06/22/2010,PKB,WV,AEA,CE,Federal Contract Tower,0,10,11,4,25,0,0,57,7,64,0,10,68,11,89,24,9,33,122
06/23/2010,PKB,WV,AEA,CE,Federal Contract Tower,0,14,3,4,21,0,2,38,9,49,0,16,41,13,70,4,2,6,76
06/24/2010,PKB,WV,AEA,CE,Federal Contract Tower,0,13,6,7,26,0,1,78,8,87,0,14,84,15,113,160,16,176,289
06/25/2010,PKB,WV,AEA,CE,Federal Contract Tower,0,15,16,0,31,0,2,76,5,83,0,17,92,5,114,96,0,96,210
06/26/2010,PKB,WV,AEA,CE,Federal Contract Tower,0,3,11,2,16,0,0,42,0,42,0,3,53,2,58,10,0,10,68
06/27/2010,PKB,WV,AEA,CE,Federal Contract Tower,0,2,8,2,12,0,2,25,6,33,0,4,33,8,45,24,14,38,83
06/28/2010,PKB,WV,AEA,CE,Federal Contract Tower,0,9,4,2,15,0,2,15,5,22,0,11,19,7,37,6,0,6,43
06/29/2010,PKB,WV,AEA,CE,Federal Contract Tower,0,12,8,1,21,0,7,52,3,62,0,19,60,4,83,16,0,16,99
06/30/2010,PKB,WV,AEA,CE,Federal Contract Tower,0,15,19,1,35,0,5,34,2,41,0,20,53,3,76,30,0,30,106
07/01/2010,PKB,WV,AEA,CE,Federal Contract Tower,0,16,17,0,33,0,5,42,1,48,0,21,59,1,81,14,0,14,95
07/02/2010,PKB,WV,AEA,CE,Federal Contract Tower,0,15,15,0,30,0,2,46,1,49,0,17,61,1,79,36,0,36,115
07/03/2010,PKB,WV,AEA,CE,Federal Contract Tower,0,3,14,0,17,0,4,58,0,62,0,7,72,0,79,4,0,4,83
07/04/2010,PKB,WV,AEA,CE,Federal Contract Tower,0,2,2,0,4,0,0,32,0,32,0,2,34,0,36,62,0,62,98
07/05/2010,PKB,WV,AEA,CE,Federal Contract Tower,0,5,10,0,15,0,1,28,5,34,0,6,38,5,49,30,12,42,91
07/06/2010,PKB,WV,AEA,CE,Federal Contract Tower,0,8,12,4,24,0,13,18,5,36,0,21,30,9,60,14,0,14,74
07/07/2010,PKB,WV,AEA,CE,Federal Contract Tower,0,14,15,2,31,0,4,48,0,52,0,18,63,2,83,18,0,18,101
07/08/2010,PKB,WV,AEA,CE,Federal Contract Tower,0,12,9,12,33,0,2,21,2,25,0,14,30,14,58,34,12,46,104
07/09/2010,PKB,WV,AEA,CE,Federal Contract Tower,0,16,12,8,36,0,0,10,5,15,0,16,22,13,51,10,42,52,103
07/10/2010,PKB,WV,AEA,CE,Federal Contract Tower,0,3,12,1,16,0,3,41,13,57,0,6,53,14,73,34,0,34,107
07/11/2010,PKB,WV,AEA,CE,Federal Contract Tower,0,2,7,2,11,0,1,42,5,48,0,3,49,7,59,46,24,70,129
07/12/2010,PKB,WV,AEA,CE,Federal Contract Tower,0,9,19,2,30,0,2,11,3,16,0,11,30,5,46,8,26,34,80
07/13/2010,PKB,WV,AEA,CE,Federal Contract Tower,0,15,23,0,38,0,0,11,1,12,0,15,34,1,50,26,0,26,76
07/14/2010,PKB,WV,AEA,CE,Federal Contract Tower,0,11,17,0,28,0,1,26,12,39,0,12,43,12,67,22,6,28,95
07/15/2010,PKB,WV,AEA,CE,Federal Contract Tower,0,15,7,4,26,0,2,57,6,65,0,17,64,10,91,44,14,58,149
07/16/2010,PKB,WV,AEA,CE,Federal Contract Tower,0,15,14,3,32,0,0,30,2,32,0,15,44,5,64,18,0,18,82
07/17/2010,PKB,WV,AEA,CE,Federal Contract Tower,0,5,10,0,15,0,2,26,6,34,0,7,36,6,49,44,16,60,109
07/18/2010,PKB,WV,AEA,CE,Federal Contract Tower,0,4,12,0,16,0,0,33,0,33,0,4,45,0,49,28,0,28,77
07/19/2010,PKB,WV,AEA,CE,Federal Contract Tower,0,7,19,2,28,0,1,17,8,26,0,8,36,10,54,16,0,16,70
07/20/2010,PKB,WV,AEA,CE,Federal Contract Tower,0,16,8,2,26,0,0,4,0,4,0,16,12,2,30,8,0,8,38
07/21/2010,PKB,WV,AEA,CE,Federal Contract Tower,0,12,12,2,26,0,2,52,3,57,0,14,64,5,83,24,0,24,107
07/22/2010,PKB,WV,AEA,CE,Federal Contract Tower,0,11,20,2,33,0,8,44,0,52,0,19,64,2,85,30,0,30,115
07/23/2010,PKB,WV,AEA,CE,Federal Contract Tower,0,13,18,7,38,0,6,55,1,62,0,19,73,8,100,46,12,58,158
07/24/2010,PKB,WV,AEA,CE,Federal Contract Tower,0,3,14,0,17,0,6,41,0,47,0,9,55,0,64,18,0,18,82
07/25/2010,PKB,WV,AEA,CE,Federal Contract Tower,0,3,10,2,15,0,0,24,2,26,0,3,34,4,41,6,0,6,47
07/26/2010,PKB,WV,AEA,CE,Federal Contract Tower,0,11,11,0,22,0,3,23,0,26,0,14,34,0,48,26,0,26,74
07/27/2010,PKB,WV,AEA,CE,Federal Contract Tower,0,14,11,0,25,0,0,64,10,74,0,14,75,10,99,40,26,66,165
07/28/2010,PKB,WV,AEA,CE,Federal Contract Tower,0,13,10,2,25,0,0,41,7,48,0,13,51,9,73,10,42,52,125
07/29/2010,PKB,WV,AEA,CE,Federal Contract Tower,0,11,15,4,30,0,2,36,12,50,0,13,51,16,80,14,82,96,176
07/30/2010,PKB,WV,AEA,CE,Federal Contract Tower,0,10,15,3,28,0,0,26,1,27,0,10,41,4,55,16,62,78,133
07/31/2010,PKB,WV,AEA,CE,Federal Contract Tower,0,3,11,1,15,0,0,50,7,57,0,3,61,8,72,14,0,14,86
08/01/2010,PKB,WV,AEA,CE,Federal Contract Tower,0,2,19,0,21,0,2,22,7,31,0,4,41,7,52,40,0,40,92
08/02/2010,PKB,WV,AEA,CE,Federal Contract Tower,0,9,8,2,19,0,1,28,3,32,0,10,36,5,51,44,6,50,101
08/03/2010,PKB,WV,AEA,CE,Federal Contract Tower,0,12,6,2,20,0,2,49,3,54,0,14,55,5,74,28,0,28,102
08/04/2010,PKB,WV,AEA,CE,Federal Contract Tower,0,14,13,3,30,0,0,36,1,37,0,14,49,4,67,30,0,30,97
08/05/2010,PKB,WV,AEA,CE,Federal Contract Tower,0,10,16,4,30,0,7,12,2,21,0,17,28,6,51,14,0,14,65
08/06/2010,PKB,WV,AEA,CE,Federal Contract Tower,0,13,9,4,26,0,8,39,10,57,0,21,48,14,83,96,34,130,213
08/07/2010,PKB,WV,AEA,CE,Federal Contract Tower,0,3,5,4,12,0,3,37,3,43,0,6,42,7,55,32,18,50,105
08/08/2010,PKB,WV,AEA,CE,Federal Contract Tower,0,2,5,3,10,0,2,20,3,25,0,4,25,6,35,18,6,24,59
08/09/2010,PKB,WV,AEA,CE,Federal Contract Tower,0,9,9,9,27,0,3,31,4,38,0,12,40,13,65,76,0,76,141
08/10/2010,PKB,WV,AEA,CE,Federal Contract Tower,0,14,21,4,39,0,3,59,4,66,0,17,80,8,105,46,20,66,171
08/11/2010,PKB,WV,AEA,CE,Federal Contract Tower,0,14,9,4,27,0,0,38,8,46,0,14,47,12,73,12,57,69,142
08/12/2010,PKB,WV,AEA,CE,Federal Contract Tower,0,14,28,7,49,0,0,25,4,29,0,14,53,11,78,10,6,16,94
08/13/2010,PKB,WV,AEA,CE,Federal Contract Tower,0,8,11,1,20,0,0,36,0,36,0,8,47,1,56,22,0,22,78
08/14/2010,PKB,WV,AEA,CE,Federal Contract Tower,0,3,8,0,11,0,4,38,0,42,0,7,46,0,53,60,0,60,113
08/15/2010,PKB,WV,AEA,CE,Federal Contract Tower,0,2,5,0,7,0,4,8,0,12,0,6,13,0,19,20,0,20,39
08/16/2010,PKB,WV,AEA,CE,Federal Contract Tower,0,8,11,2,21,0,4,37,13,54,0,12,48,15,75,70,54,124,199
08/17/2010,PKB,WV,AEA,CE,Federal Contract Tower,0,12,6,5,23,0,2,70,4,76,0,14,76,9,99,56,2,58,157
08/18/2010,PKB,WV,AEA,CE,Federal Contract Tower,0,14,17,11,42,0,0,16,2,18,0,14,33,13,60,14,0,14,74
08/19/2010,PKB,WV,AEA,CE,Federal Contract Tower,0,11,8,15,34,0,6,39,8,53,0,17,47,23,87,32,24,56,143
08/20/2010,PKB,WV,AEA,CE,Federal Contract Tower,0,11,15,10,36,0,3,41,5,49,0,14,56,15,85,32,10,42,127
08/21/2010,PKB,WV,AEA,CE,Federal Contract Tower,0,2,10,0,12,0,5,27,6,38,0,7,37,6,50,38,0,38,88
08/22/2010,PKB,WV,AEA,CE,Federal Contract Tower,0,3,14,3,20,0,5,31,4,40,0,8,45,7,60,16,0,16,76
08/23/2010,PKB,WV,AEA,CE,Federal Contract Tower,0,10,7,9,26,0,0,12,2,14,0,10,19,11,40,52,0,52,92
08/24/2010,PKB,WV,AEA,CE,Federal Contract Tower,0,14,13,7,34,0,2,7,2,11,0,16,20,9,45,0,16,16,61
08/25/2010,PKB,WV,AEA,CE,Federal Contract Tower,0,17,9,3,29,0,1,48,7,56,0,18,57,10,85,52,36,88,173
08/26/2010,PKB,WV,AEA,CE,Federal Contract Tower,0,10,6,10,26,0,3,63,9,75,0,13,69,19,101,42,10,52,153
08/27/2010,PKB,WV,AEA,CE,Federal Contract Tower,0,12,9,7,28,0,7,60,1,68,0,19,69,8,96,48,8,56,152
08/28/2010,PKB,WV,AEA,CE,Federal Contract Tower,0,3,7,0,10,0,3,53,2,58,0,6,60,2,68,52,0,52,120
08/29/2010,PKB,WV,AEA,CE,Federal Contract Tower,0,2,18,1,21,0,0,30,0,30,0,2,48,1,51,42,0,42,93
08/30/2010,PKB,WV,AEA,CE,Federal Contract Tower,0,9,10,4,23,0,0,20,1,21,0,9,30,5,44,0,0,0,44
08/31/2010,PKB,WV,AEA,CE,Federal Contract Tower,0,12,8,8,28,0,1,54,5,60,0,13,62,13,88,24,0,24,112
09/01/2010,PKB,WV,AEA,CE,Federal Contract Tower,0,13,7,4,24,0,0,59,7,66,0,13,66,11,90,68,12,80,170
09/02/2010,PKB,WV,AEA,CE,Federal Contract Tower,0,15,5,10,30,0,0,36,6,42,0,15,41,16,72,20,10,30,102
09/03/2010,PKB,WV,AEA,CE,Federal Contract Tower,0,14,8,13,35,0,13,31,2,46,0,27,39,15,81,26,12,38,119
09/04/2010,PKB,WV,AEA,CE,Federal Contract Tower,0,4,10,0,14,0,2,32,2,36,0,6,42,2,50,26,0,26,76
09/05/2010,PKB,WV,AEA,CE,Federal Contract Tower,0,2,4,1,7,0,5,33,2,40,0,7,37,3,47,18,0,18,65
09/06/2010,PKB,WV,AEA,CE,Federal Contract Tower,0,4,8,0,12,0,0,45,0,45,0,4,53,0,57,30,0,30,87
09/07/2010,PKB,WV,AEA,CE,Federal Contract Tower,0,9,11,4,24,0,0,73,3,76,0,9,84,7,100,66,0,66,166
09/08/2010,PKB,WV,AEA,CE,Federal Contract Tower,0,15,8,3,26,0,0,71,10,81,0,15,79,13,107,28,2,30,137
09/09/2010,PKB,WV,AEA,CE,Federal Contract Tower,1,16,11,18,46,0,2,52,22,76,1,18,63,40,122,72,22,94,216
09/10/2010,PKB,WV,AEA,CE,Federal Contract Tower,0,15,15,4,34,0,0,68,16,84,0,15,83,20,118,86,70,156,274
09/11/2010,PKB,WV,AEA,CE,Federal Contract Tower,0,3,6,0,9,0,2,43,24,69,0,5,49,24,78,26,6,32,110
09/12/2010,PKB,WV,AEA,CE,Federal Contract Tower,0,4,13,0,17,0,2,25,1,28,0,6,38,1,45,42,8,50,95
09/13/2010,PKB,WV,AEA,CE,Federal Contract Tower,0,9,5,3,17,0,4,20,8,32,0,13,25,11,49,26,16,42,91
09/14/2010,PKB,WV,AEA,CE,Federal Contract Tower,0,12,11,1,24,0,2,76,10,88,0,14,87,11,112,82,2,84,196
09/15/2010,PKB,WV,AEA,CE,Federal Contract Tower,0,16,11,1,28,0,4,64,12,80,0,20,75,13,108,22,0,22,130
09/16/2010,PKB,WV,AEA,CE,Federal Contract Tower,0,16,8,2,26,0,0,10,7,17,0,16,18,9,43,0,0,0,43
09/17/2010,PKB,WV,AEA,CE,Federal Contract Tower,0,10,16,2,28,0,3,62,12,77,0,13,78,14,105,48,18,66,171
09/18/2010,PKB,WV,AEA,CE,Federal Contract Tower,0,4,7,2,13,0,5,58,14,77,0,9,65,16,90,42,12,54,144
09/19/2010,PKB,WV,AEA,CE,Federal Contract Tower,0,2,10,2,14,0,0,56,9,65,0,2,66,11,79,32,42,74,153
09/20/2010,PKB,WV,AEA,CE,Federal Contract Tower,0,10,6,3,19,0,2,21,10,33,0,12,27,13,52,26,0,26,78
09/21/2010,PKB,WV,AEA,CE,Federal Contract Tower,0,13,15,1,29,0,4,22,7,33,0,17,37,8,62,18,0,18,80
09/22/2010,PKB,WV,AEA,CE,Federal Contract Tower,0,14,28,2,44,0,2,26,4,32,0,16,54,6,76,8,2,10,86
09/23/2010,PKB,WV,AEA,CE,Federal Contract Tower,0,14,5,2,21,0,0,28,14,42,0,14,33,16,63,12,38,50,113
09/24/2010,PKB,WV,AEA,CE,Federal Contract Tower,0,10,1,1,12,0,2,40,17,59,0,12,41,18,71,36,18,54,125
09/25/2010,PKB,WV,AEA,CE,Federal Contract Tower,0,4,3,0,7,0,5,40,3,48,0,9,43,3,55,20,0,20,75
09/26/2010,PKB,WV,AEA,CE,Federal Contract Tower,0,2,14,0,16,0,4,22,0,26,0,6,36,0,42,6,0,6,48
09/27/2010,PKB,WV,AEA,CE,Federal Contract Tower,0,7,18,4,29,0,0,0,4,4,0,7,18,8,33,8,10,18,51
09/28/2010,PKB,WV,AEA,CE,Federal Contract Tower,0,14,20,0,34,0,0,42,5,47,0,14,62,5,81,12,0,12,93
09/29/2010,PKB,WV,AEA,CE,Federal Contract Tower,0,12,9,2,23,0,3,61,7,71,0,15,70,9,94,28,8,36,130
09/30/2010,PKB,WV,AEA,CE,Federal Contract Tower,0,16,9,14,39,0,1,25,12,38,0,17,34,26,77,12,78,90,167
10/01/2010,PKB,WV,AEA,CE,Federal Contract Tower,0,20,10,7,37,0,3,48,3,54,0,23,58,10,91,30,10,40,131
10/02/2010,PKB,WV,AEA,CE,Federal Contract Tower,0,7,0,5,12,0,0,28,0,28,0,7,28,5,40,6,0,6,46
10/03/2010,PKB,WV,AEA,CE,Federal Contract Tower,0,6,18,3,27,0,6,19,0,25,0,12,37,3,52,12,0,12,64
10/04/2010,PKB,WV,AEA,CE,Federal Contract Tower,0,13,7,5,25,0,0,6,2,8,0,13,13,7,33,18,12,30,63
10/05/2010,PKB,WV,AEA,CE,Federal Contract Tower,0,19,21,0,40,0,1,38,3,42,0,20,59,3,82,14,0,14,96
10/06/2010,PKB,WV,AEA,CE,Federal Contract Tower,0,17,14,1,32,0,2,40,9,51,0,19,54,10,83,34,18,52,135
10/07/2010,PKB,WV,AEA,CE,Federal Contract Tower,0,16,20,8,44,0,0,50,13,63,0,16,70,21,107,56,48,104,211
10/08/2010,PKB,WV,AEA,CE,Federal Contract Tower,0,20,10,1,31,0,3,56,6,65,0,23,66,7,96,32,0,32,128
10/09/2010,PKB,WV,AEA,CE,Federal Contract Tower,0,5,19,0,24,0,4,64,0,68,0,9,83,0,92,24,0,24,116
10/10/2010,PKB,WV,AEA,CE,Federal Contract Tower,0,4,15,0,19,0,3,40,0,43,0,7,55,0,62,20,0,20,82
10/11/2010,PKB,WV,AEA,CE,Federal Contract Tower,0,9,6,0,15,0,2,22,0,24,0,11,28,0,39,16,0,16,55
10/12/2010,PKB,WV,AEA,CE,Federal Contract Tower,0,18,19,1,38,0,0,73,1,74,0,18,92,2,112,72,4,76,188
10/13/2010,PKB,WV,AEA,CE,Federal Contract Tower,0,20,12,0,32,0,0,71,1,72,0,20,83,1,104,30,6,36,140
10/14/2010,PKB,WV,AEA,CE,Federal Contract Tower,0,22,17,5,44,0,3,33,6,42,0,25,50,11,86,20,60,80,166
10/15/2010,PKB,WV,AEA,CE,Federal Contract Tower,0,13,10,1,24,0,0,19,8,27,0,13,29,9,51,26,24,50,101
10/16/2010,PKB,WV,AEA,CE,Federal Contract Tower,0,7,4,0,11,0,0,83,7,90,0,7,87,7,101,94,34,128,229
10/17/2010,PKB,WV,AEA,CE,Federal Contract Tower,0,7,12,1,20,0,3,62,2,67,0,10,74,3,87,132,0,132,219
10/18/2010,PKB,WV,AEA,CE,Federal Contract Tower,0,13,6,6,25,0,0,16,5,21,0,13,22,11,46,36,4,40,86
10/19/2010,PKB,WV,AEA,CE,Federal Contract Tower,0,17,14,4,35,0,0,44,5,49,0,17,58,9,84,46,14,60,144
10/20/2010,PKB,WV,AEA,CE,Federal Contract Tower,0,18,12,2,32,0,2,49,7,58,0,20,61,9,90,36,4,40,130
10/21/2010,PKB,WV,AEA,CE,Federal Contract Tower,0,18,13,8,39,0,0,34,8,42,0,18,47,16,81,14,46,60,141
10/22/2010,PKB,WV,AEA,CE,Federal Contract Tower,0,17,15,8,40,0,0,58,15,73,0,17,73,23,113,14,86,100,213
10/23/2010,PKB,WV,AEA,CE,Federal Contract Tower,0,5,11,0,16,0,6,36,2,44,0,11,47,2,60,2,0,2,62
10/24/2010,PKB,WV,AEA,CE,Federal Contract Tower,0,6,12,1,19,0,2,37,4,43,0,8,49,5,62,14,0,14,76
10/25/2010,PKB,WV,AEA,CE,Federal Contract Tower,0,15,1,4,20,0,0,0,2,2,0,15,1,6,22,0,0,0,22
10/26/2010,PKB,WV,AEA,CE,Federal Contract Tower,0,16,5,8,29,0,1,9,10,20,0,17,14,18,49,18,24,42,91
10/27/2010,PKB,WV,AEA,CE,Federal Contract Tower,0,18,8,6,32,0,0,33,17,50,0,18,41,23,82,34,80,114,196
10/28/2010,PKB,WV,AEA,CE,Federal Contract Tower,0,16,8,8,32,0,6,19,16,41,0,22,27,24,73,2,36,38,111
10/29/2010,PKB,WV,AEA,CE,Federal Contract Tower,0,14,17,8,39,0,10,33,12,55,0,24,50,20,94,4,46,50,144
10/30/2010,PKB,WV,AEA,CE,Federal Contract Tower,0,5,10,2,17,0,6,47,5,58,0,11,57,7,75,52,0,52,127
10/31/2010,PKB,WV,AEA,CE,Federal Contract Tower,0,4,10,2,16,0,3,18,1,22,0,7,28,3,38,2,0,2,40
11/01/2010,PKB,WV,AEA,CE,Federal Contract Tower,0,15,3,6,24,0,2,31,2,35,0,17,34,8,59,46,0,46,105
11/02/2010,PKB,WV,AEA,CE,Federal Contract Tower,0,19,11,1,31,0,2,55,3,60,0,21,66,4,91,17,0,17,108
11/03/2010,PKB,WV,AEA,CE,Federal Contract Tower,1,19,17,3,40,0,0,41,6,47,1,19,58,9,87,34,40,74,161
11/04/2010,PKB,WV,AEA,CE,Federal Contract Tower,0,15,7,10,32,0,2,3,3,8,0,17,10,13,40,26,16,42,82
11/05/2010,PKB,WV,AEA,CE,Federal Contract Tower,1,18,9,4,32,0,0,8,13,21,1,18,17,17,53,22,80,102,155
11/06/2010,PKB,WV,AEA,CE,Federal Contract Tower,0,5,6,6,17,0,2,30,3,35,0,7,36,9,52,38,32,70,122
11/07/2010,PKB,WV,AEA,CE,Federal Contract Tower,0,4,6,1,11,0,0,51,7,58,0,4,57,8,69,64,12,76,145
11/08/2010,PKB,WV,AEA,CE,Federal Contract Tower,0,15,14,2,31,0,0,27,4,31,0,15,41,6,62,72,0,72,134
11/09/2010,PKB,WV,AEA,CE,Federal Contract Tower,0,20,9,0,29,0,0,41,2,43,0,20,50,2,72,6,0,6,78
11/10/2010,PKB,WV,AEA,CE,Federal Contract Tower,0,19,7,2,28,0,0,47,8,55,0,19,54,10,83,14,2,16,99
11/11/2010,PKB,WV,AEA,CE,Federal Contract Tower,0,15,18,0,33,0,2,38,2,42,0,17,56,2,75,22,0,22,97
11/12/2010,PKB,WV,AEA,CE,Federal Contract Tower,0,19,8,0,27,0,4,33,2,39,0,23,41,2,66,52,0,52,118
11/13/2010,PKB,WV,AEA,CE,Federal Contract Tower,0,5,11,0,16,0,0,52,0,52,0,5,63,0,68,36,0,36,104
11/14/2010,PKB,WV,AEA,CE,Federal Contract Tower,0,4,11,0,15,0,0,3,0,3,0,4,14,0,18,2,0,2,20
11/15/2010,PKB,WV,AEA,CE,Federal Contract Tower,2,12,7,5,26,0,0,1,0,1,2,12,8,5,27,0,0,0,27
11/16/2010,PKB,WV,AEA,CE,Federal Contract Tower,0,19,12,3,34,0,0,9,1,10,0,19,21,4,44,6,10,16,60
11/17/2010,PKB,WV,AEA,CE,Federal Contract Tower,0,18,11,8,37,0,2,23,6,31,0,20,34,14,68,30,36,66,134
11/18/2010,PKB,WV,AEA,CE,Federal Contract Tower,0,16,14,11,41,0,0,15,1,16,0,16,29,12,57,14,8,22,79
11/19/2010,PKB,WV,AEA,CE,Federal Contract Tower,0,15,12,7,34,0,7,19,8,34,0,22,31,15,68,10,34,44,112
11/20/2010,PKB,WV,AEA,CE,Federal Contract Tower,0,5,2,0,7,0,2,22,5,29,0,7,24,5,36,14,6,20,56
11/21/2010,PKB,WV,AEA,CE,Federal Contract Tower,0,4,3,1,8,0,0,29,7,36,0,4,32,8,44,54,0,54,98
11/22/2010,PKB,WV,AEA,CE,Federal Contract Tower,0,14,14,2,30,0,0,20,2,22,0,14,34,4,52,20,0,20,72
11/23/2010,PKB,WV,AEA,CE,Federal Contract Tower,0,18,17,0,35,0,2,31,1,34,0,20,48,1,69,2,8,10,79
11/24/2010,PKB,WV,AEA,CE,Federal Contract Tower,0,17,14,0,31,0,2,27,5,34,0,19,41,5,65,4,8,12,77
11/25/2010,PKB,WV,AEA,CE,Federal Contract Tower,0,8,2,0,10,0,1,4,0,5,0,9,6,0,15,4,0,4,19
11/26/2010,PKB,WV,AEA,CE,Federal Contract Tower,0,16,9,0,25,0,0,22,2,24,0,16,31,2,49,10,0,10,59
11/27/2010,PKB,WV,AEA,CE,Federal Contract Tower,0,5,3,0,8,0,0,15,0,15,0,5,18,0,23,32,0,32,55
11/28/2010,PKB,WV,AEA,CE,Federal Contract Tower,0,4,11,0,15,0,0,31,0,31,0,4,42,0,46,24,0,24,70
11/29/2010,PKB,WV,AEA,CE,Federal Contract Tower,0,15,5,0,20,0,4,10,2,16,0,19,15,2,36,12,0,12,48
11/30/2010,PKB,WV,AEA,CE,Federal Contract Tower,0,19,10,0,29,0,0,0,0,0,0,19,10,0,29,0,0,0,29
12/01/2010,PKB,WV,AEA,CE,Federal Contract Tower,0,20,9,0,29,0,0,0,0,0,0,20,9,0,29,4,0,4,33
12/02/2010,PKB,WV,AEA,CE,Federal Contract Tower,0,17,10,2,29,0,1,41,5,47,0,18,51,7,76,14,0,14,90
12/03/2010,PKB,WV,AEA,CE,Federal Contract Tower,0,17,8,7,32,0,0,25,13,38,0,17,33,20,70,0,64,64,134
12/04/2010,PKB,WV,AEA,CE,Federal Contract Tower,0,5,3,1,9,0,2,17,7,26,0,7,20,8,35,4,64,68,103
12/05/2010,PKB,WV,AEA,CE,Federal Contract Tower,0,4,4,2,10,0,5,5,0,10,0,9,9,2,20,2,0,2,22
12/06/2010,PKB,WV,AEA,CE,Federal Contract Tower,0,14,8,0,22,0,0,2,2,4,0,14,10,2,26,0,0,0,26
12/07/2010,PKB,WV,AEA,CE,Federal Contract Tower,0,18,5,2,25,0,0,0,0,0,0,18,5,2,25,0,0,0,25
12/08/2010,PKB,WV,AEA,CE,Federal Contract Tower,0,22,5,2,29,0,0,10,7,17,0,22,15,9,46,0,54,54,100
12/09/2010,PKB,WV,AEA,CE,Federal Contract Tower,0,13,5,8,26,0,5,25,2,32,0,18,30,10,58,24,2,26,84
12/10/2010,PKB,WV,AEA,CE,Federal Contract Tower,0,16,3,12,31,0,6,18,10,34,0,22,21,22,65,4,80,84,149
12/11/2010,PKB,WV,AEA,CE,Federal Contract Tower,0,5,14,1,20,0,4,40,7,51,0,9,54,8,71,20,0,20,91
12/12/2010,PKB,WV,AEA,CE,Federal Contract Tower,0,2,3,0,5,0,0,0,0,0,0,2,3,0,5,0,0,0,5
12/13/2010,PKB,WV,AEA,CE,Federal Contract Tower,0,6,3,8,17,0,0,0,0,0,0,6,3,8,17,0,0,0,17
12/14/2010,PKB,WV,AEA,CE,Federal Contract Tower,0,16,17,2,35,0,0,22,0,22,0,16,39,2,57,8,0,8,65
12/15/2010,PKB,WV,AEA,CE,Federal Contract Tower,0,20,6,5,31,0,5,14,2,21,0,25,20,7,52,18,0,18,70
12/16/2010,PKB,WV,AEA,CE,Federal Contract Tower,0,15,4,0,19,0,0,0,0,0,0,15,4,0,19,0,0,0,19
12/17/2010,PKB,WV,AEA,CE,Federal Contract Tower,0,16,9,3,28,0,0,3,11,14,0,16,12,14,42,0,26,26,68
12/18/2010,PKB,WV,AEA,CE,Federal Contract Tower,0,5,4,0,9,0,2,16,0,18,0,7,20,0,27,36,0,36,63
12/19/2010,PKB,WV,AEA,CE,Federal Contract Tower,0,4,6,0,10,0,0,16,0,16,0,4,22,0,26,18,0,18,44
12/20/2010,PKB,WV,AEA,CE,Federal Contract Tower,0,14,2,1,17,0,0,3,1,4,0,14,5,2,21,2,0,2,23
12/21/2010,PKB,WV,AEA,CE,Federal Contract Tower,0,19,2,0,21,0,0,10,4,14,0,19,12,4,35,0,6,6,41
12/22/2010,PKB,WV,AEA,CE,Federal Contract Tower,0,22,2,0,24,0,0,7,15,22,0,22,9,15,46,4,26,30,76
12/23/2010,PKB,WV,AEA,CE,Federal Contract Tower,0,19,2,2,23,0,0,12,5,17,0,19,14,7,40,0,32,32,72
12/24/2010,PKB,WV,AEA,CE,Federal Contract Tower,0,17,1,0,18,0,2,17,0,19,0,19,18,0,37,2,0,2,39
12/25/2010,PKB,WV,AEA,CE,Federal Contract Tower,0,4,1,0,5,0,0,1,0,1,0,4,2,0,6,0,0,0,6
12/26/2010,PKB,WV,AEA,CE,Federal Contract Tower,0,4,8,0,12,0,0,2,0,2,0,4,10,0,14,18,0,18,32
12/27/2010,PKB,WV,AEA,CE,Federal Contract Tower,0,14,6,0,20,0,5,12,3,20,0,19,18,3,40,6,0,6,46
12/28/2010,PKB,WV,AEA,CE,Federal Contract Tower,0,16,10,0,26,0,0,32,10,42,0,16,42,10,68,32,0,32,100
12/29/2010,PKB,WV,AEA,CE,Federal Contract Tower,0,16,8,0,24,0,6,33,9,48,0,22,41,9,72,10,18,28,100
12/30/2010,PKB,WV,AEA,CE,Federal Contract Tower,0,16,0,5,21,0,0,2,11,13,0,16,2,16,34,20,28,48,82
12/31/2010,PKB,WV,AEA,CE,Federal Contract Tower,0,13,7,0,20,0,5,32,1,38,0,18,39,1,58,34,0,34,92
01/01/2011,PKB,WV,AEA,CE,Federal Contract Tower,0,0,5,0,5,0,0,5,0,5,0,0,10,0,10,2,0,2,12
01/02/2011,PKB,WV,AEA,CE,Federal Contract Tower,0,4,14,2,20,0,2,31,0,33,0,6,45,2,53,6,0,6,59
01/03/2011,PKB,WV,AEA,CE,Federal Contract Tower,0,14,6,2,22,0,0,38,2,40,0,14,44,4,62,58,0,58,120
01/04/2011,PKB,WV,AEA,CE,Federal Contract Tower,0,17,11,1,29,0,0,46,6,52,0,17,57,7,81,20,8,28,109
01/05/2011,PKB,WV,AEA,CE,Federal Contract Tower,0,17,7,5,29,0,5,42,9,56,0,22,49,14,85,44,40,84,169
01/06/2011,PKB,WV,AEA,CE,Federal Contract Tower,0,19,12,4,35,0,0,25,7,32,0,19,37,11,67,20,34,54,121
01/07/2011,PKB,WV,AEA,CE,Federal Contract Tower,0,19,3,0,22,0,0,2,6,8,0,19,5,6,30,2,154,156,186
01/08/2011,PKB,WV,AEA,CE,Federal Contract Tower,0,8,7,6,21,0,0,0,12,12,0,8,7,18,33,0,56,56,89
01/09/2011,PKB,WV,AEA,CE,Federal Contract Tower,0,4,3,2,9,0,1,12,6,19,0,5,15,8,28,6,32,38,66
01/10/2011,PKB,WV,AEA,CE,Federal Contract Tower,0,13,3,3,19,0,0,11,4,15,0,13,14,7,34,22,4,26,60
01/11/2011,PKB,WV,AEA,CE,Federal Contract Tower,0,16,2,1,19,0,0,0,4,4,0,16,2,5,23,0,20,20,43
01/12/2011,PKB,WV,AEA,CE,Federal Contract Tower,0,10,2,0,12,0,0,5,0,5,0,10,7,0,17,0,0,0,17
01/13/2011,PKB,WV,AEA,CE,Federal Contract Tower,0,15,8,6,29,0,0,17,14,31,0,15,25,20,60,12,68,80,140
01/14/2011,PKB,WV,AEA,CE,Federal Contract Tower,0,19,5,1,25,0,8,26,6,40,0,27,31,7,65,18,2,20,85
01/15/2011,PKB,WV,AEA,CE,Federal Contract Tower,0,5,1,0,6,0,0,12,1,13,0,5,13,1,19,0,0,0,19
01/16/2011,PKB,WV,AEA,CE,Federal Contract Tower,0,4,3,1,8,0,0,9,0,9,0,4,12,1,17,6,0,6,23
01/17/2011,PKB,WV,AEA,CE,Federal Contract Tower,0,11,6,2,19,0,4,17,0,21,0,15,23,2,40,30,0,30,70
01/18/2011,PKB,WV,AEA,CE,Federal Contract Tower,0,16,4,10,30,0,2,5,4,11,0,18,9,14,41,6,16,22,63
01/19/2011,PKB,WV,AEA,CE,Federal Contract Tower,0,17,1,2,20,0,0,16,4,20,0,17,17,6,40,0,6,6,46
01/20/2011,PKB,WV,AEA,CE,Federal Contract Tower,0,20,9,12,41,0,0,9,0,9,0,20,18,12,50,2,12,14,64
01/21/2011,PKB,WV,AEA,CE,Federal Contract Tower,0,17,3,2,22,0,0,24,8,32,0,17,27,10,54,4,20,24,78
01/22/2011,PKB,WV,AEA,CE,Federal Contract Tower,0,6,9,0,15,0,4,18,14,36,0,10,27,14,51,8,14,22,73
01/23/2011,PKB,WV,AEA,CE,Federal Contract Tower,0,5,4,4,13,0,4,31,6,41,0,9,35,10,54,22,0,22,76
01/24/2011,PKB,WV,AEA,CE,Federal Contract Tower,0,14,8,11,33,0,0,5,6,11,0,14,13,17,44,2,14,16,60
01/25/2011,PKB,WV,AEA,CE,Federal Contract Tower,0,21,16,18,55,0,0,41,7,48,0,21,57,25,103,14,8,22,125
01/26/2011,PKB,WV,AEA,CE,Federal Contract Tower,0,20,1,0,21,0,0,18,0,18,0,20,19,0,39,0,0,0,39
01/27/2011,PKB,WV,AEA,CE,Federal Contract Tower,0,17,5,4,26,0,0,3,0,3,0,17,8,4,29,0,0,0,29
01/28/2011,PKB,WV,AEA,CE,Federal Contract Tower,0,19,9,15,43,0,0,6,2,8,0,19,15,17,51,0,16,16,67
01/29/2011,PKB,WV,AEA,CE,Federal Contract Tower,0,5,5,2,12,0,2,10,0,12,0,7,15,2,24,0,0,0,24
01/30/2011,PKB,WV,AEA,CE,Federal Contract Tower,0,4,5,1,10,0,2,26,0,28,0,6,31,1,38,32,0,32,70
01/31/2011,PKB,WV,AEA,CE,Federal Contract Tower,0,12,8,8,28,0,0,13,3,16,0,12,21,11,44,22,0,22,66
02/01/2011,PKB,WV,AEA,CE,Federal Contract Tower,0,11,1,0,12,0,0,12,0,12,0,11,13,0,24,4,0,4,28
02/02/2011,PKB,WV,AEA,CE,Federal Contract Tower,0,15,0,6,21,0,0,3,6,9,0,15,3,12,30,0,0,0,30
02/03/2011,PKB,WV,AEA,CE,Federal Contract Tower,0,18,11,8,37,0,1,39,11,51,0,19,50,19,88,34,8,42,130
02/04/2011,PKB,WV,AEA,CE,Federal Contract Tower,0,17,10,7,34,0,3,45,7,55,0,20,55,14,89,62,8,70,159
02/05/2011,PKB,WV,AEA,CE,Federal Contract Tower,0,7,0,3,10,0,0,0,0,0,0,7,0,3,10,2,0,2,12
02/06/2011,PKB,WV,AEA,CE,Federal Contract Tower,0,7,7,2,16,0,5,6,5,16,0,12,13,7,32,0,0,0,32
02/07/2011,PKB,WV,AEA,CE,Federal Contract Tower,0,13,0,9,22,0,0,8,0,8,0,13,8,9,30,6,2,8,38
02/08/2011,PKB,WV,AEA,CE,Federal Contract Tower,0,17,10,1,28,0,2,2,1,5,0,19,12,2,33,0,0,0,33
02/09/2011,PKB,WV,AEA,CE,Federal Contract Tower,0,19,4,5,28,0,1,39,8,48,0,20,43,13,76,22,10,32,108
02/10/2011,PKB,WV,AEA,CE,Federal Contract Tower,0,19,4,16,39,0,4,27,15,46,0,23,31,31,85,16,26,42,127
02/11/2011,PKB,WV,AEA,CE,Federal Contract Tower,0,18,7,10,35,0,3,40,7,50,0,21,47,17,85,26,8,34,119
02/12/2011,PKB,WV,AEA,CE,Federal Contract Tower,0,5,7,1,13,0,4,50,1,55,0,9,57,2,68,36,0,36,104
02/13/2011,PKB,WV,AEA,CE,Federal Contract Tower,0,5,9,2,16,0,1,28,2,31,0,6,37,4,47,20,0,20,67
02/14/2011,PKB,WV,AEA,CE,Federal Contract Tower,0,14,4,0,18,0,0,8,1,9,0,14,12,1,27,22,0,22,49
02/15/2011,PKB,WV,AEA,CE,Federal Contract Tower,0,20,13,0,33,0,2,37,7,46,0,22,50,7,79,22,0,22,101
02/16/2011,PKB,WV,AEA,CE,Federal Contract Tower,0,18,21,4,43,0,5,66,7,78,0,23,87,11,121,66,4,70,191
02/17/2011,PKB,WV,AEA,CE,Federal Contract Tower,0,18,3,3,24,0,2,30,1,33,0,20,33,4,57,50,2,52,109
02/18/2011,PKB,WV,AEA,CE,Federal Contract Tower,1,19,10,7,37,0,1,28,9,38,1,20,38,16,75,28,14,42,117
02/19/2011,PKB,WV,AEA,CE,Federal Contract Tower,0,5,1,2,8,0,2,30,0,32,0,7,31,2,40,14,2,16,56
02/20/2011,PKB,WV,AEA,CE,Federal Contract Tower,0,2,3,0,5,0,0,20,0,20,0,2,23,0,25,36,0,36,61
02/21/2011,PKB,WV,AEA,CE,Federal Contract Tower,0,3,7,0,10,0,0,0,0,0,0,3,7,0,10,0,0,0,10
02/22/2011,PKB,WV,AEA,CE,Federal Contract Tower,0,16,8,3,27,0,0,29,3,32,0,16,37,6,59,0,12,12,71
02/23/2011,PKB,WV,AEA,CE,Federal Contract Tower,0,18,15,3,36,0,0,37,11,48,0,18,52,14,84,10,2,12,96
02/24/2011,PKB,WV,AEA,CE,Federal Contract Tower,0,18,12,2,32,0,0,13,2,15,0,18,25,4,47,2,0,2,49
02/25/2011,PKB,WV,AEA,CE,Federal Contract Tower,0,12,3,4,19,0,0,0,4,4,0,12,3,8,23,0,22,22,45
02/26/2011,PKB,WV,AEA,CE,Federal Contract Tower,0,5,23,0,28,0,9,52,10,71,0,14,75,10,99,74,12,86,185
02/27/2011,PKB,WV,AEA,CE,Federal Contract Tower,0,4,7,4,15,0,0,28,8,36,0,4,35,12,51,26,14,40,91
02/28/2011,PKB,WV,AEA,CE,Federal Contract Tower,0,11,9,3,23,0,0,2,0,2,0,11,11,3,25,8,0,8,33
03/01/2011,PKB,WV,AEA,CE,Federal Contract Tower,0,17,11,7,35,0,2,34,9,45,0,19,45,16,80,74,2,76,156
03/02/2011,PKB,WV,AEA,CE,Federal Contract Tower,0,18,9,10,37,0,1,54,13,68,0,19,63,23,105,8,44,52,157
03/03/2011,PKB,WV,AEA,CE,Federal Contract Tower,0,16,15,10,41,0,4,40,12,56,0,20,55,22,97,30,34,64,161
03/04/2011,PKB,WV,AEA,CE,Federal Contract Tower,0,16,11,8,35,0,0,38,13,51,0,16,49,21,86,54,78,132,218
03/05/2011,PKB,WV,AEA,CE,Federal Contract Tower,0,6,9,3,18,0,0,5,0,5,0,6,14,3,23,12,0,12,35
03/06/2011,PKB,WV,AEA,CE,Federal Contract Tower,0,4,10,0,14,0,0,0,3,3,0,4,10,3,17,0,110,110,127
03/07/2011,PKB,WV,AEA,CE,Federal Contract Tower,0,13,11,6,30,0,3,19,0,22,0,16,30,6,52,8,0,8,60
03/08/2011,PKB,WV,AEA,CE,Federal Contract Tower,0,17,11,11,39,0,4,45,12,61,0,21,56,23,100,10,10,20,120
03/09/2011,PKB,WV,AEA,CE,Federal Contract Tower,0,14,11,7,32,0,0,6,4,10,0,14,17,11,42,0,0,0,42
03/10/2011,PKB,WV,AEA,CE,Federal Contract Tower,0,19,6,8,33,0,0,3,0,3,0,19,9,8,36,0,4,4,40
03/11/2011,PKB,WV,AEA,CE,Federal Contract Tower,0,7,0,4,11,0,1,5,0,6,0,8,5,4,17,0,2,2,19
03/12/2011,PKB,WV,AEA,CE,Federal Contract Tower,0,7,9,1,17,0,0,21,2,23,0,7,30,3,40,8,0,8,48
03/13/2011,PKB,WV,AEA,CE,Federal Contract Tower,0,4,6,0,10,0,0,37,2,39,0,4,43,2,49,24,0,24,73
03/14/2011,PKB,WV,AEA,CE,Federal Contract Tower,0,14,11,0,25,0,1,22,5,28,0,15,33,5,53,22,0,22,75
03/15/2011,PKB,WV,AEA,CE,Federal Contract Tower,0,14,1,7,22,0,0,14,9,23,0,14,15,16,45,10,8,18,63
03/16/2011,PKB,WV,AEA,CE,Federal Contract Tower,0,16,13,3,32,0,0,38,5,43,0,16,51,8,75,4,0,4,79
03/17/2011,PKB,WV,AEA,CE,Federal Contract Tower,0,13,11,6,30,0,5,41,5,51,0,18,52,11,81,26,0,26,107
03/18/2011,PKB,WV,AEA,CE,Federal Contract Tower,0,12,6,8,26,0,2,34,6,42,0,14,40,14,68,18,70,88,156
03/19/2011,PKB,WV,AEA,CE,Federal Contract Tower,0,5,10,0,15,0,2,48,9,59,0,7,58,9,74,50,0,50,124
03/20/2011,PKB,WV,AEA,CE,Federal Contract Tower,0,6,10,1,17,0,0,26,13,39,0,6,36,14,56,50,10,60,116
03/21/2011,PKB,WV,AEA,CE,Federal Contract Tower,0,13,5,0,18,0,0,4,3,7,0,13,9,3,25,0,48,48,73
03/22/2011,PKB,WV,AEA,CE,Federal Contract Tower,0,16,8,0,24,0,3,50,6,59,0,19,58,6,83,30,0,30,113
03/23/2011,PKB,WV,AEA,CE,Federal Contract Tower,0,12,9,0,21,0,0,12,5,17,0,12,21,5,38,16,6,22,60
03/24/2011,PKB,WV,AEA,CE,Federal Contract Tower,0,15,5,1,21,0,0,18,11,29,0,15,23,12,50,20,0,20,70
03/25/2011,PKB,WV,AEA,CE,Federal Contract Tower,0,16,4,8,28,0,6,43,10,59,0,22,47,18,87,8,16,24,111
03/26/2011,PKB,WV,AEA,CE,Federal Contract Tower,0,6,10,0,16,0,0,48,3,51,0,6,58,3,67,32,0,32,99
03/27/2011,PKB,WV,AEA,CE,Federal Contract Tower,0,4,8,0,12,0,2,13,0,15,0,6,21,0,27,18,0,18,45
03/28/2011,PKB,WV,AEA,CE,Federal Contract Tower,0,11,7,2,20,0,0,39,2,41,0,11,46,4,61,42,0,42,103
03/29/2011,PKB,WV,AEA,CE,Federal Contract Tower,0,19,11,0,30,0,0,54,1,55,0,19,65,1,85,24,0,24,109
03/30/2011,PKB,WV,AEA,CE,Federal Contract Tower,0,12,8,3,23,0,0,3,1,4,0,12,11,4,27,8,0,8,35
03/31/2011,PKB,WV,AEA,CE,Federal Contract Tower,0,14,13,21,48,0,0,21,6,27,0,14,34,27,75,22,48,70,145
04/01/2011,PKB,WV,AEA,CE,Federal Contract Tower,0,11,2,11,24,0,8,32,51,91,0,19,34,62,115,40,142,182,297
04/02/2011,PKB,WV,AEA,CE,Federal Contract Tower,0,5,2,0,7,0,2,6,2,10,0,7,8,2,17,0,0,0,17
04/03/2011,PKB,WV,AEA,CE,Federal Contract Tower,0,4,9,2,15,0,0,42,7,49,0,4,51,9,64,6,6,12,76
04/04/2011,PKB,WV,AEA,CE,Federal Contract Tower,0,13,2,5,20,0,0,7,1,8,0,13,9,6,28,8,8,16,44
04/05/2011,PKB,WV,AEA,CE,Federal Contract Tower,0,16,7,3,26,0,4,24,1,29,0,20,31,4,55,26,4,30,85
04/06/2011,PKB,WV,AEA,CE,Federal Contract Tower,0,14,16,16,46,0,1,44,9,54,0,15,60,25,100,34,38,72,172
04/07/2011,PKB,WV,AEA,CE,Federal Contract Tower,0,13,15,13,41,0,2,61,6,69,0,15,76,19,110,54,20,74,184
04/08/2011,PKB,WV,AEA,CE,Federal Contract Tower,0,15,12,8,35,0,0,30,11,41,0,15,42,19,76,42,12,54,130
04/09/2011,PKB,WV,AEA,CE,Federal Contract Tower,0,6,1,0,7,0,0,5,0,5,0,6,6,0,12,0,0,0,12
04/10/2011,PKB,WV,AEA,CE,Federal Contract Tower,0,4,5,0,9,0,2,19,0,21,0,6,24,0,30,18,0,18,48
04/11/2011,PKB,WV,AEA,CE,Federal Contract Tower,0,14,2,0,16,0,0,3,13,16,0,14,5,13,32,0,6,6,38
04/12/2011,PKB,WV,AEA,CE,Federal Contract Tower,0,12,21,0,33,0,0,20,0,20,0,12,41,0,53,16,0,16,69
04/13/2011,PKB,WV,AEA,CE,Federal Contract Tower,0,17,14,3,34,0,0,53,4,57,0,17,67,7,91,34,0,34,125
04/14/2011,PKB,WV,AEA,CE,Federal Contract Tower,0,11,6,6,23,0,7,74,10,91,0,18,80,16,114,50,14,64,178
04/15/2011,PKB,WV,AEA,CE,Federal Contract Tower,0,12,9,0,21,0,6,33,6,45,0,18,42,6,66,6,8,14,80
04/16/2011,PKB,WV,AEA,CE,Federal Contract Tower,0,10,3,1,14,0,0,5,3,8,0,10,8,4,22,0,12,12,34
04/17/2011,PKB,WV,AEA,CE,Federal Contract Tower,0,4,6,0,10,0,6,24,7,37,0,10,30,7,47,0,4,4,51
04/18/2011,PKB,WV,AEA,CE,Federal Contract Tower,0,11,5,1,17,0,0,16,2,18,0,11,21,3,35,8,0,8,43
04/19/2011,PKB,WV,AEA,CE,Federal Contract Tower,0,12,6,0,18,0,0,8,2,10,0,12,14,2,28,0,0,0,28
04/20/2011,PKB,WV,AEA,CE,Federal Contract Tower,0,12,4,3,19,0,0,40,6,46,0,12,44,9,65,8,0,8,73
04/21/2011,PKB,WV,AEA,CE,Federal Contract Tower,0,12,16,3,31,0,0,64,7,71,0,12,80,10,102,30,6,36,138
04/22/2011,PKB,WV,AEA,CE,Federal Contract Tower,0,13,1,0,14,0,0,6,1,7,0,13,7,1,21,8,0,8,29
04/23/2011,PKB,WV,AEA,CE,Federal Contract Tower,0,5,0,0,5,0,0,11,0,11,0,5,11,0,16,4,0,4,20
04/24/2011,PKB,WV,AEA,CE,Federal Contract Tower,0,4,5,0,9,0,0,8,0,8,0,4,13,0,17,12,0,12,29
04/25/2011,PKB,WV,AEA,CE,Federal Contract Tower,0,11,4,3,18,0,0,18,2,20,0,11,22,5,38,2,12,14,52
04/26/2011,PKB,WV,AEA,CE,Federal Contract Tower,0,11,11,1,23,0,0,17,4,21,0,11,28,5,44,30,0,30,74
04/27/2011,PKB,WV,AEA,CE,Federal Contract Tower,0,15,8,0,23,0,3,37,5,45,0,18,45,5,68,32,8,40,108
04/28/2011,PKB,WV,AEA,CE,Federal Contract Tower,0,12,10,6,28,0,4,33,3,40,0,16,43,9,68,30,6,36,104
04/29/2011,PKB,WV,AEA,CE,Federal Contract Tower,0,10,20,4,34,0,8,26,5,39,0,18,46,9,73,40,16,56,129
04/30/2011,PKB,WV,AEA,CE,Federal Contract Tower,0,12,11,0,23,0,0,62,0,62,0,12,73,0,85,24,0,24,109
05/01/2011,PKB,WV,AEA,CE,Federal Contract Tower,0,4,3,2,9,0,0,52,3,55,0,4,55,5,64,26,0,26,90
05/02/2011,PKB,WV,AEA,CE,Federal Contract Tower,0,16,13,10,39,0,2,5,4,11,0,18,18,14,50,6,20,26,76
05/03/2011,PKB,WV,AEA,CE,Federal Contract Tower,0,12,21,5,38,0,0,2,5,7,0,12,23,10,45,6,24,30,75
05/04/2011,PKB,WV,AEA,CE,Federal Contract Tower,0,13,8,2,23,0,1,42,2,45,0,14,50,4,68,42,0,42,110
05/05/2011,PKB,WV,AEA,CE,Federal Contract Tower,0,10,17,1,28,0,3,47,12,62,0,13,64,13,90,12,16,28,118
05/06/2011,PKB,WV,AEA,CE,Federal Contract Tower,0,13,9,0,22,0,4,35,3,42,0,17,44,3,64,22,6,28,92
05/07/2011,PKB,WV,AEA,CE,Federal Contract Tower,0,6,7,0,13,0,1,24,3,28,0,7,31,3,41,24,0,24,65
05/08/2011,PKB,WV,AEA,CE,Federal Contract Tower,0,7,14,1,22,0,2,14,0,16,0,9,28,1,38,20,0,20,58
05/09/2011,PKB,WV,AEA,CE,Federal Contract Tower,0,12,0,6,18,0,0,58,9,67,0,12,58,15,85,56,16,72,157
05/10/2011,PKB,WV,AEA,CE,Federal Contract Tower,0,13,7,1,21,0,1,60,11,72,0,14,67,12,93,42,8,50,143
05/11/2011,PKB,WV,AEA,CE,Federal Contract Tower,0,12,12,0,24,0,9,26,13,48,0,21,38,13,72,32,12,44,116
05/12/2011,PKB,WV,AEA,CE,Federal Contract Tower,0,16,10,11,37,0,5,22,10,37,0,21,32,21,74,12,18,30,104
05/13/2011,PKB,WV,AEA,CE,Federal Contract Tower,0,12,6,2,20,0,0,38,15,53,0,12,44,17,73,26,28,54,127
05/14/2011,PKB,WV,AEA,CE,Federal Contract Tower,0,5,9,4,18,0,4,26,13,43,0,9,35,17,61,14,16,30,91
05/15/2011,PKB,WV,AEA,CE,Federal Contract Tower,0,4,11,0,15,0,2,15,6,23,0,6,26,6,38,20,16,36,74
05/16/2011,PKB,WV,AEA,CE,Federal Contract Tower,0,14,16,5,35,0,0,0,3,3,0,14,16,8,38,0,16,16,54
05/17/2011,PKB,WV,AEA,CE,Federal Contract Tower,0,12,8,2,22,0,0,0,0,0,0,12,8,2,22,10,0,10,32
05/18/2011,PKB,WV,AEA,CE,Federal Contract Tower,0,11,1,1,13,0,0,40,5,45,0,11,41,6,58,10,10,20,78
05/19/2011,PKB,WV,AEA,CE,Federal Contract Tower,0,12,20,12,44,0,0,0,1,1,0,12,20,13,45,0,0,0,45
05/20/2011,PKB,WV,AEA,CE,Federal Contract Tower,0,11,11,6,28,0,5,31,9,45,0,16,42,15,73,6,88,94,167
05/21/2011,PKB,WV,AEA,CE,Federal Contract Tower,0,5,14,5,24,0,4,99,6,109,0,9,113,11,133,20,4,24,157
05/22/2011,PKB,WV,AEA,CE,Federal Contract Tower,0,5,6,0,11,0,7,29,2,38,0,12,35,2,49,4,0,4,53
05/23/2011,PKB,WV,AEA,CE,Federal Contract Tower,0,8,4,8,20,0,2,14,4,20,0,10,18,12,40,10,64,74,114
05/24/2011,PKB,WV,AEA,CE,Federal Contract Tower,0,11,9,5,25,0,1,44,9,54,0,12,53,14,79,8,0,8,87
05/25/2011,PKB,WV,AEA,CE,Federal Contract Tower,0,11,16,5,32,0,5,54,20,79,0,16,70,25,111,30,54,84,195
05/26/2011,PKB,WV,AEA,CE,Federal Contract Tower,0,13,8,4,25,0,2,26,2,30,0,15,34,6,55,44,6,50,105
05/27/2011,PKB,WV,AEA,CE,Federal Contract Tower,0,16,18,0,34,0,2,31,2,35,0,18,49,2,69,16,12,28,97
05/28/2011,PKB,WV,AEA,CE,Federal Contract Tower,0,4,7,0,11,0,3,49,1,53,0,7,56,1,64,26,0,26,90
05/29/2011,PKB,WV,AEA,CE,Federal Contract Tower,0,4,8,0,12,0,11,54,0,65,0,15,62,0,77,24,0,24,101
05/30/2011,PKB,WV,AEA,CE,Federal Contract Tower,0,9,3,0,12,0,5,32,0,37,0,14,35,0,49,8,0,8,57
05/31/2011,PKB,WV,AEA,CE,Federal Contract Tower,0,10,21,5,36,0,0,36,8,44,0,10,57,13,80,58,6,64,144
06/01/2011,PKB,WV,AEA,CE,Federal Contract Tower,0,16,20,7,43,0,0,53,14,67,0,16,73,21,110,108,16,124,234
06/02/2011,PKB,WV,AEA,CE,Federal Contract Tower,0,13,28,1,42,0,3,51,11,65,0,16,79,12,107,38,14,52,159
06/03/2011,PKB,WV,AEA,CE,Federal Contract Tower,0,10,6,1,17,0,6,47,5,58,0,16,53,6,75,30,106,136,211
06/04/2011,PKB,WV,AEA,CE,Federal Contract Tower,0,4,11,2,17,0,3,18,5,26,0,7,29,7,43,2,0,2,45
06/05/2011,PKB,WV,AEA,CE,Federal Contract Tower,0,5,12,5,22,0,0,26,21,47,0,5,38,26,69,44,52,96,165
06/06/2011,PKB,WV,AEA,CE,Federal Contract Tower,0,11,10,12,33,0,1,31,10,42,0,12,41,22,75,52,38,90,165
06/07/2011,PKB,WV,AEA,CE,Federal Contract Tower,0,11,13,3,27,0,2,40,6,48,0,13,53,9,75,22,16,38,113
06/08/2011,PKB,WV,AEA,CE,Federal Contract Tower,0,14,12,0,26,0,1,0,0,1,0,15,12,0,27,28,10,38,65
06/09/2011,PKB,WV,AEA,CE,Federal Contract Tower,0,15,17,1,33,0,8,46,10,64,0,23,63,11,97,40,20,60,157
06/10/2011,PKB,WV,AEA,CE,Federal Contract Tower,0,10,6,3,19,0,0,31,9,40,0,10,37,12,59,52,12,64,123
06/11/2011,PKB,WV,AEA,CE,Federal Contract Tower,0,7,0,1,8,0,4,19,1,24,0,11,19,2,32,28,2,30,62
06/12/2011,PKB,WV,AEA,CE,Federal Contract Tower,0,4,10,0,14,0,4,31,7,42,0,8,41,7,56,70,0,70,126
06/13/2011,PKB,WV,AEA,CE,Federal Contract Tower,0,12,9,0,21,0,1,29,11,41,0,13,38,11,62,50,12,62,124
06/14/2011,PKB,WV,AEA,CE,Federal Contract Tower,0,14,24,0,38,0,1,44,13,58,0,15,68,13,96,62,22,84,180
06/15/2011,PKB,WV,AEA,CE,Federal Contract Tower,0,12,3,4,19,0,0,50,13,63,0,12,53,17,82,14,16,30,112
06/16/2011,PKB,WV,AEA,CE,Federal Contract Tower,0,12,12,10,34,0,0,18,8,26,0,12,30,18,60,8,28,36,96
06/17/2011,PKB,WV,AEA,CE,Federal Contract Tower,0,9,12,2,23,0,0,38,7,45,0,9,50,9,68,58,12,70,138
06/18/2011,PKB,WV,AEA,CE,Federal Contract Tower,0,5,3,0,8,0,4,18,0,22,0,9,21,0,30,20,0,20,50
06/19/2011,PKB,WV,AEA,CE,Federal Contract Tower,0,4,7,0,11,0,2,19,4,25,0,6,26,4,36,4,10,14,50
06/20/2011,PKB,WV,AEA,CE,Federal Contract Tower,0,12,4,5,21,0,0,4,6,10,0,12,8,11,31,8,0,8,39
06/21/2011,PKB,WV,AEA,CE,Federal Contract Tower,0,13,10,5,28,0,1,24,6,31,0,14,34,11,59,12,6,18,77
06/22/2011,PKB,WV,AEA,CE,Federal Contract Tower,0,9,8,5,22,0,1,17,9,27,0,10,25,14,49,40,61,101,150
06/23/2011,PKB,WV,AEA,CE,Federal Contract Tower,0,13,9,3,25,0,6,11,15,32,0,19,20,18,57,8,26,34,91
06/24/2011,PKB,WV,AEA,CE,Federal Contract Tower,0,14,9,4,27,0,3,24,8,35,0,17,33,12,62,20,4,24,86
06/25/2011,PKB,WV,AEA,CE,Federal Contract Tower,0,5,11,2,18,0,6,20,7,33,0,11,31,9,51,2,4,6,57
06/26/2011,PKB,WV,AEA,CE,Federal Contract Tower,0,4,6,0,10,0,2,11,3,16,0,6,17,3,26,18,24,42,68
06/27/2011,PKB,WV,AEA,CE,Federal Contract Tower,0,11,22,6,39,0,2,37,4,43,0,13,59,10,82,36,20,56,138
06/28/2011,PKB,WV,AEA,CE,Federal Contract Tower,0,15,23,1,39,0,1,20,6,27,0,16,43,7,66,26,32,58,124
06/29/2011,PKB,WV,AEA,CE,Federal Contract Tower,0,13,22,5,40,0,0,33,6,39,0,13,55,11,79,30,14,44,123
06/30/2011,PKB,WV,AEA,CE,Federal Contract Tower,0,11,8,8,27,0,0,45,10,55,0,11,53,18,82,56,12,68,150
07/01/2011,PKB,WV,AEA,CE,Federal Contract Tower,0,15,14,2,31,0,5,52,2,59,0,20,66,4,90,112,2,114,204
07/02/2011,PKB,WV,AEA,CE,Federal Contract Tower,0,5,10,0,15,0,4,36,0,40,0,9,46,0,55,22,0,22,77
07/03/2011,PKB,WV,AEA,CE,Federal Contract Tower,0,4,1,0,5,0,1,13,0,14,0,5,14,0,19,18,0,18,37
07/04/2011,PKB,WV,AEA,CE,Federal Contract Tower,0,8,5,0,13,0,0,11,0,11,0,8,16,0,24,10,0,10,34
07/05/2011,PKB,WV,AEA,CE,Federal Contract Tower,0,11,10,0,21,0,2,30,4,36,0,13,40,4,57,64,0,64,121
07/06/2011,PKB,WV,AEA,CE,Federal Contract Tower,0,12,10,2,24,0,1,50,0,51,0,13,60,2,75,42,6,48,123
07/07/2011,PKB,WV,AEA,CE,Federal Contract Tower,0,16,8,12,36,0,12,36,5,53,0,28,44,17,89,66,4,70,159
07/08/2011,PKB,WV,AEA,CE,Federal Contract Tower,0,9,8,18,35,0,1,2,9,12,0,10,10,27,47,50,22,72,119
07/09/2011,PKB,WV,AEA,CE,Federal Contract Tower,0,5,19,0,24,0,1,37,1,39,0,6,56,1,63,68,0,68,131
07/10/2011,PKB,WV,AEA,CE,Federal Contract Tower,0,4,5,0,9,0,0,49,6,55,0,4,54,6,64,10,0,10,74
07/11/2011,PKB,WV,AEA,CE,Federal Contract Tower,0,11,10,1,22,0,0,23,6,29,0,11,33,7,51,34,0,34,85
07/12/2011,PKB,WV,AEA,CE,Federal Contract Tower,0,12,12,7,31,0,3,35,13,51,0,15,47,20,82,36,74,110,192
07/13/2011,PKB,WV,AEA,CE,Federal Contract Tower,0,15,5,4,24,0,5,46,8,59,0,20,51,12,83,48,18,66,149
07/14/2011,PKB,WV,AEA,CE,Federal Contract Tower,0,12,12,0,24,0,9,42,5,56,0,21,54,5,80,16,14,30,110
07/15/2011,PKB,WV,AEA,CE,Federal Contract Tower,0,12,8,1,21,0,2,48,3,53,0,14,56,4,74,32,0,32,106
07/16/2011,PKB,WV,AEA,CE,Federal Contract Tower,0,5,4,0,9,0,7,29,3,39,0,12,33,3,48,30,0,30,78
07/17/2011,PKB,WV,AEA,CE,Federal Contract Tower,0,4,10,0,14,0,0,31,0,31,0,4,41,0,45,10,0,10,55
07/18/2011,PKB,WV,AEA,CE,Federal Contract Tower,0,11,9,1,21,0,0,18,3,21,0,11,27,4,42,48,0,48,90
07/19/2011,PKB,WV,AEA,CE,Federal Contract Tower,0,14,7,1,22,0,0,15,6,21,0,14,22,7,43,14,30,44,87
07/20/2011,PKB,WV,AEA,CE,Federal Contract Tower,0,12,5,12,29,0,7,36,4,47,0,19,41,16,76,8,2,10,86
07/21/2011,PKB,WV,AEA,CE,Federal Contract Tower,0,14,9,8,31,0,6,38,13,57,0,20,47,21,88,4,6,10,98
07/22/2011,PKB,WV,AEA,CE,Federal Contract Tower,0,14,28,2,44,0,3,34,7,44,0,17,62,9,88,8,20,28,116
07/23/2011,PKB,WV,AEA,CE,Federal Contract Tower,0,5,4,0,9,0,2,16,2,20,0,7,20,2,29,2,0,2,31
07/24/2011,PKB,WV,AEA,CE,Federal Contract Tower,0,4,5,0,9,0,0,11,0,11,0,4,16,0,20,0,0,0,20
07/25/2011,PKB,WV,AEA,CE,Federal Contract Tower,0,12,12,3,27,0,0,9,4,13,0,12,21,7,40,10,0,10,50
07/26/2011,PKB,WV,AEA,CE,Federal Contract Tower,0,12,13,9,34,0,0,52,8,60,0,12,65,17,94,30,0,30,124
07/27/2011,PKB,WV,AEA,CE,Federal Contract Tower,0,13,5,5,23,0,2,46,13,61,0,15,51,18,84,36,22,58,142
07/28/2011,PKB,WV,AEA,CE,Federal Contract Tower,0,11,16,0,27,0,3,39,12,54,0,14,55,12,81,16,32,48,129
07/29/2011,PKB,WV,AEA,CE,Federal Contract Tower,0,9,7,5,21,0,0,34,9,43,0,9,41,14,64,12,4,16,80
07/30/2011,PKB,WV,AEA,CE,Federal Contract Tower,0,5,10,3,18,0,0,33,5,38,0,5,43,8,56,32,6,38,94
07/31/2011,PKB,WV,AEA,CE,Federal Contract Tower,0,4,10,0,14,0,4,44,8,56,0,8,54,8,70,16,10,26,96
08/01/2011,PKB,WV,AEA,CE,Federal Contract Tower,0,11,7,0,18,0,1,39,0,40,0,12,46,0,58,50,0,50,108
08/02/2011,PKB,WV,AEA,CE,Federal Contract Tower,0,13,8,5,26,0,0,51,0,51,0,13,59,5,77,40,4,44,121
08/03/2011,PKB,WV,AEA,CE,Federal Contract Tower,0,13,13,7,33,0,1,52,4,57,0,14,65,11,90,36,6,42,132
08/04/2011,PKB,WV,AEA,CE,Federal Contract Tower,0,15,14,7,36,0,1,34,19,54,0,16,48,26,90,4,56,60,150
08/05/2011,PKB,WV,AEA,CE,Federal Contract Tower,0,11,14,1,26,0,4,37,7,48,0,15,51,8,74,42,62,104,178
08/06/2011,PKB,WV,AEA,CE,Federal Contract Tower,0,9,13,2,24,0,2,1,1,4,0,11,14,3,28,20,0,20,48
08/07/2011,PKB,WV,AEA,CE,Federal Contract Tower,0,4,13,3,20,0,0,11,1,12,0,4,24,4,32,26,0,26,58
08/08/2011,PKB,WV,AEA,CE,Federal Contract Tower,0,13,12,0,25,0,1,21,0,22,0,14,33,0,47,30,0,30,77
08/09/2011,PKB,WV,AEA,CE,Federal Contract Tower,0,13,8,5,26,0,1,45,11,57,0,14,53,16,83,0,50,50,133
08/10/2011,PKB,WV,AEA,CE,Federal Contract Tower,0,12,11,17,40,0,3,73,9,85,0,15,84,26,125,22,14,36,161
08/11/2011,PKB,WV,AEA,CE,Federal Contract Tower,0,13,12,14,39,0,0,40,9,49,0,13,52,23,88,50,42,92,180
08/12/2011,PKB,WV,AEA,CE,Federal Contract Tower,0,15,6,5,26,0,1,56,1,58,0,16,62,6,84,40,2,42,126
08/13/2011,PKB,WV,AEA,CE,Federal Contract Tower,0,6,6,0,12,0,7,33,2,42,0,13,39,2,54,22,0,22,76
08/14/2011,PKB,WV,AEA,CE,Federal Contract Tower,0,4,2,0,6,0,2,19,0,21,0,6,21,0,27,42,0,42,69
08/15/2011,PKB,WV,AEA,CE,Federal Contract Tower,0,12,5,16,33,0,2,2,3,7,0,14,7,19,40,0,32,32,72
08/16/2011,PKB,WV,AEA,CE,Federal Contract Tower,0,13,6,5,24,0,5,28,12,45,0,18,34,17,69,30,34,64,133
08/17/2011,PKB,WV,AEA,CE,Federal Contract Tower,0,10,6,14,30,0,2,62,9,73,0,12,68,23,103,52,32,84,187
08/18/2011,PKB,WV,AEA,CE,Federal Contract Tower,0,10,4,8,22,0,2,37,14,53,0,12,41,22,75,8,18,26,101
08/19/2011,PKB,WV,AEA,CE,Federal Contract Tower,0,17,3,2,22,0,4,39,6,49,0,21,42,8,71,6,46,52,123
08/20/2011,PKB,WV,AEA,CE,Federal Contract Tower,0,6,2,1,9,0,10,49,11,70,0,16,51,12,79,2,8,10,89
08/21/2011,PKB,WV,AEA,CE,Federal Contract Tower,0,4,10,3,17,0,6,5,3,14,0,10,15,6,31,0,0,0,31
08/22/2011,PKB,WV,AEA,CE,Federal Contract Tower,0,14,13,4,31,0,0,29,5,34,0,14,42,9,65,40,26,66,131
08/23/2011,PKB,WV,AEA,CE,Federal Contract Tower,0,16,11,3,30,0,2,65,2,69,0,18,76,5,99,12,41,53,152
08/24/2011,PKB,WV,AEA,CE,Federal Contract Tower,0,15,10,7,32,0,2,60,15,77,0,17,70,22,109,40,54,94,203
08/25/2011,PKB,WV,AEA,CE,Federal Contract Tower,0,15,15,10,40,0,4,37,6,47,0,19,52,16,87,46,66,112,199
08/26/2011,PKB,WV,AEA,CE,Federal Contract Tower,0,10,12,4,26,0,1,48,8,57,0,11,60,12,83,50,8,58,141
08/27/2011,PKB,WV,AEA,CE,Federal Contract Tower,0,6,11,0,17,0,0,44,1,45,0,6,55,1,62,50,0,50,112
08/28/2011,PKB,WV,AEA,CE,Federal Contract Tower,0,4,2,0,6,0,0,9,0,9,0,4,11,0,15,34,0,34,49
08/29/2011,PKB,WV,AEA,CE,Federal Contract Tower,0,11,9,5,25,0,0,22,11,33,0,11,31,16,58,48,18,66,124
08/30/2011,PKB,WV,AEA,CE,Federal Contract Tower,0,9,7,7,23,2,4,68,24,98,2,13,75,31,121,28,0,28,149
08/31/2011,PKB,WV,AEA,CE,Federal Contract Tower,0,14,5,6,25,0,2,55,6,63,0,16,60,12,88,28,2,30,118
09/01/2011,PKB,WV,AEA,CE,Federal Contract Tower,0,14,12,4,30,0,4,36,13,53,0,18,48,17,83,20,10,30,113
09/02/2011,PKB,WV,AEA,CE,Federal Contract Tower,0,13,12,5,30,0,0,44,7,51,0,13,56,12,81,28,8,36,117
09/03/2011,PKB,WV,AEA,CE,Federal Contract Tower,0,6,11,0,17,0,8,35,3,46,0,14,46,3,63,64,0,64,127
09/04/2011,PKB,WV,AEA,CE,Federal Contract Tower,0,4,3,0,7,0,0,15,0,15,0,4,18,0,22,54,0,54,76
09/05/2011,PKB,WV,AEA,CE,Federal Contract Tower,0,9,5,0,14,0,2,2,0,4,0,11,7,0,18,0,0,0,18
09/06/2011,PKB,WV,AEA,CE,Federal Contract Tower,0,12,6,4,22,0,0,4,1,5,0,12,10,5,27,12,0,12,39
09/07/2011,PKB,WV,AEA,CE,Federal Contract Tower,0,14,9,20,43,0,0,33,10,43,0,14,42,30,86,28,34,62,148
09/08/2011,PKB,WV,AEA,CE,Federal Contract Tower,0,14,18,5,37,0,3,19,11,33,0,17,37,16,70,26,18,44,114
09/09/2011,PKB,WV,AEA,CE,Federal Contract Tower,0,9,12,12,33,0,0,46,25,71,0,9,58,37,104,44,78,122,226
09/10/2011,PKB,WV,AEA,CE,Federal Contract Tower,0,7,7,8,22,0,4,51,9,64,0,11,58,17,86,60,10,70,156
09/11/2011,PKB,WV,AEA,CE,Federal Contract Tower,0,4,7,2,13,0,0,28,0,28,0,4,35,2,41,6,0,6,47
09/12/2011,PKB,WV,AEA,CE,Federal Contract Tower,0,12,8,0,20,0,3,25,7,35,0,15,33,7,55,4,0,4,59
09/13/2011,PKB,WV,AEA,CE,Federal Contract Tower,0,13,14,0,27,0,6,12,7,25,0,19,26,7,52,10,0,10,62
09/14/2011,PKB,WV,AEA,CE,Federal Contract Tower,0,12,12,7,31,0,0,53,4,57,0,12,65,11,88,34,0,34,122
09/15/2011,PKB,WV,AEA,CE,Federal Contract Tower,0,13,3,3,19,0,2,6,6,14,0,15,9,9,33,0,8,8,41
09/16/2011,PKB,WV,AEA,CE,Federal Contract Tower,0,10,10,6,26,0,3,41,10,54,0,13,51,16,80,34,2,36,116
09/17/2011,PKB,WV,AEA,CE,Federal Contract Tower,0,8,7,0,15,0,4,71,4,79,0,12,78,4,94,20,0,20,114
09/18/2011,PKB,WV,AEA,CE,Federal Contract Tower,0,4,15,1,20,0,0,40,4,44,0,4,55,5,64,38,0,38,102
09/19/2011,PKB,WV,AEA,CE,Federal Contract Tower,0,10,13,2,25,0,2,10,0,12,0,12,23,2,37,4,0,4,41
09/20/2011,PKB,WV,AEA,CE,Federal Contract Tower,0,19,12,6,37,0,0,36,5,41,0,19,48,11,78,0,24,24,102
09/21/2011,PKB,WV,AEA,CE,Federal Contract Tower,0,11,11,5,27,0,2,39,0,41,0,13,50,5,68,36,10,46,114
09/22/2011,PKB,WV,AEA,CE,Federal Contract Tower,0,13,9,5,27,0,0,32,0,32,0,13,41,5,59,10,8,18,77
09/23/2011,PKB,WV,AEA,CE,Federal Contract Tower,0,15,16,1,32,0,0,0,0,0,0,15,16,1,32,0,0,0,32
09/24/2011,PKB,WV,AEA,CE,Federal Contract Tower,0,6,5,6,17,0,0,19,0,19,0,6,24,6,36,10,0,10,46
09/25/2011,PKB,WV,AEA,CE,Federal Contract Tower,0,4,15,0,19,0,6,39,0,45,0,10,54,0,64,36,0,36,100
09/26/2011,PKB,WV,AEA,CE,Federal Contract Tower,0,12,6,4,22,0,4,13,1,18,0,16,19,5,40,26,0,26,66
09/27/2011,PKB,WV,AEA,CE,Federal Contract Tower,0,14,10,5,29,0,2,31,0,33,0,16,41,5,62,16,4,20,82
09/28/2011,PKB,WV,AEA,CE,Federal Contract Tower,0,22,16,2,40,1,5,45,3,54,1,27,61,5,94,46,2,48,142
09/29/2011,PKB,WV,AEA,CE,Federal Contract Tower,0,14,12,6,32,0,0,28,4,32,0,14,40,10,64,30,14,44,108
09/30/2011,PKB,WV,AEA,CE,Federal Contract Tower,0,10,8,0,18,0,0,9,16,25,0,10,17,16,43,20,8,28,71
10/01/2011,PKB,WV,AEA,CE,Federal Contract Tower,0,7,2,0,9,0,2,0,0,2,0,9,2,0,11,0,0,0,11
10/02/2011,PKB,WV,AEA,CE,Federal Contract Tower,0,4,5,0,9,0,0,13,0,13,0,4,18,0,22,10,0,10,32
10/03/2011,PKB,WV,AEA,CE,Federal Contract Tower,0,13,6,1,20,0,2,0,0,2,0,15,6,1,22,2,0,2,24
10/04/2011,PKB,WV,AEA,CE,Federal Contract Tower,0,16,15,4,35,0,0,25,4,29,0,16,40,8,64,42,0,42,106
10/05/2011,PKB,WV,AEA,CE,Federal Contract Tower,0,14,16,1,31,0,4,49,9,62,0,18,65,10,93,22,30,52,145
10/06/2011,PKB,WV,AEA,CE,Federal Contract Tower,0,9,16,4,29,0,1,36,6,43,0,10,52,10,72,36,2,38,110
10/07/2011,PKB,WV,AEA,CE,Federal Contract Tower,0,11,19,3,33,0,1,48,5,54,0,12,67,8,87,28,2,30,117
10/08/2011,PKB,WV,AEA,CE,Federal Contract Tower,0,7,10,0,17,0,3,65,0,68,0,10,75,0,85,12,0,12,97
10/09/2011,PKB,WV,AEA,CE,Federal Contract Tower,0,4,9,0,13,0,2,45,0,47,0,6,54,0,60,30,0,30,90
10/10/2011,PKB,WV,AEA,CE,Federal Contract Tower,0,11,10,0,21,0,2,21,1,24,0,13,31,1,45,0,0,0,45
10/11/2011,PKB,WV,AEA,CE,Federal Contract Tower,0,14,8,7,29,0,1,37,17,55,0,15,45,24,84,14,20,34,118
10/12/2011,PKB,WV,AEA,CE,Federal Contract Tower,0,16,13,8,37,0,0,16,13,29,0,16,29,21,66,0,48,48,114
10/13/2011,PKB,WV,AEA,CE,Federal Contract Tower,0,14,10,2,26,0,0,2,8,10,0,14,12,10,36,4,32,36,72
10/14/2011,PKB,WV,AEA,CE,Federal Contract Tower,0,11,9,10,30,0,4,13,10,27,0,15,22,20,57,12,92,104,161
10/15/2011,PKB,WV,AEA,CE,Federal Contract Tower,0,8,4,6,18,0,2,27,22,51,0,10,31,28,69,10,36,46,115
10/16/2011,PKB,WV,AEA,CE,Federal Contract Tower,0,4,3,2,9,0,2,27,4,33,0,6,30,6,42,0,0,0,42
10/17/2011,PKB,WV,AEA,CE,Federal Contract Tower,0,10,3,2,15,0,3,12,2,17,0,13,15,4,32,16,10,26,58
10/18/2011,PKB,WV,AEA,CE,Federal Contract Tower,0,14,11,4,29,0,2,24,14,40,0,16,35,18,69,4,81,85,154
10/19/2011,PKB,WV,AEA,CE,Federal Contract Tower,0,11,4,5,20,0,0,10,0,10,0,11,14,5,30,12,0,12,42
10/20/2011,PKB,WV,AEA,CE,Federal Contract Tower,0,12,7,3,22,0,0,7,6,13,0,12,14,9,35,10,34,44,79
10/21/2011,PKB,WV,AEA,CE,Federal Contract Tower,0,13,10,2,25,0,1,10,6,17,0,14,20,8,42,8,16,24,66
10/22/2011,PKB,WV,AEA,CE,Federal Contract Tower,0,8,9,0,17,0,2,38,0,40,0,10,47,0,57,36,0,36,93
10/23/2011,PKB,WV,AEA,CE,Federal Contract Tower,0,4,5,0,9,0,5,30,0,35,0,9,35,0,44,8,0,8,52
10/24/2011,PKB,WV,AEA,CE,Federal Contract Tower,0,13,16,24,53,0,2,4,11,17,0,15,20,35,70,16,36,52,122
10/25/2011,PKB,WV,AEA,CE,Federal Contract Tower,0,8,13,2,23,0,2,50,16,68,0,10,63,18,91,8,36,44,135
10/26/2011,PKB,WV,AEA,CE,Federal Contract Tower,0,16,6,6,28,0,0,24,14,38,0,16,30,20,66,14,52,66,132
10/27/2011,PKB,WV,AEA,CE,Federal Contract Tower,0,12,6,8,26,0,6,3,0,9,0,18,9,8,35,4,4,8,43
10/28/2011,PKB,WV,AEA,CE,Federal Contract Tower,0,11,10,4,25,0,3,21,12,36,0,14,31,16,61,38,146,184,245
10/29/2011,PKB,WV,AEA,CE,Federal Contract Tower,0,6,6,2,14,0,0,9,11,20,0,6,15,13,34,24,54,78,112
10/30/2011,PKB,WV,AEA,CE,Federal Contract Tower,0,4,7,0,11,0,0,14,2,16,0,4,21,2,27,0,0,0,27
10/31/2011,PKB,WV,AEA,CE,Federal Contract Tower,0,11,7,4,22,0,2,7,2,11,0,13,14,6,33,6,0,6,39
11/01/2011,PKB,WV,AEA,CE,Federal Contract Tower,2,13,5,8,28,0,3,43,7,53,2,16,48,15,81,6,22,28,109
11/02/2011,PKB,WV,AEA,CE,Federal Contract Tower,0,9,7,6,22,0,2,50,2,54,0,11,57,8,76,10,0,10,86
11/03/2011,PKB,WV,AEA,CE,Federal Contract Tower,0,17,11,12,40,0,5,23,9,37,0,22,34,21,77,20,18,38,115
11/04/2011,PKB,WV,AEA,CE,Federal Contract Tower,0,14,5,2,21,0,2,19,14,35,0,16,24,16,56,32,100,132,188
11/05/2011,PKB,WV,AEA,CE,Federal Contract Tower,0,6,9,0,15,0,0,22,14,36,0,6,31,14,51,32,26,58,109
11/06/2011,PKB,WV,AEA,CE,Federal Contract Tower,0,6,6,0,12,0,0,41,9,50,0,6,47,9,62,24,32,56,118
11/07/2011,PKB,WV,AEA,CE,Federal Contract Tower,0,11,3,5,19,0,2,23,2,27,0,13,26,7,46,10,0,10,56
11/08/2011,PKB,WV,AEA,CE,Federal Contract Tower,0,12,6,6,24,0,1,37,20,58,0,13,43,26,82,32,70,102,184
11/09/2011,PKB,WV,AEA,CE,Federal Contract Tower,0,14,3,4,21,0,1,3,11,15,0,15,6,15,36,18,0,18,54
11/10/2011,PKB,WV,AEA,CE,Federal Contract Tower,0,14,6,0,20,0,10,15,2,27,0,24,21,2,47,12,4,16,63
11/11/2011,PKB,WV,AEA,CE,Federal Contract Tower,0,10,3,0,13,0,3,21,4,28,0,13,24,4,41,10,0,10,51
11/12/2011,PKB,WV,AEA,CE,Federal Contract Tower,0,6,9,0,15,0,0,19,1,20,0,6,28,1,35,14,0,14,49
11/13/2011,PKB,WV,AEA,CE,Federal Contract Tower,0,7,8,0,15,0,2,4,0,6,0,9,12,0,21,20,0,20,41
11/14/2011,PKB,WV,AEA,CE,Federal Contract Tower,0,10,3,0,13,0,0,6,14,20,0,10,9,14,33,0,0,0,33
11/15/2011,PKB,WV,AEA,CE,Federal Contract Tower,0,15,21,2,38,0,0,8,0,8,0,15,29,2,46,20,0,20,66
11/16/2011,PKB,WV,AEA,CE,Federal Contract Tower,0,12,6,0,18,0,0,0,0,0,0,12,6,0,18,4,0,4,22
11/17/2011,PKB,WV,AEA,CE,Federal Contract Tower,0,17,14,8,39,0,4,26,0,30,0,21,40,8,69,30,0,30,99
11/18/2011,PKB,WV,AEA,CE,Federal Contract Tower,0,13,15,9,37,0,3,35,18,56,0,16,50,27,93,28,50,78,171
11/19/2011,PKB,WV,AEA,CE,Federal Contract Tower,0,6,7,0,13,0,6,27,7,40,0,12,34,7,53,6,2,8,61
11/20/2011,PKB,WV,AEA,CE,Federal Contract Tower,0,5,5,2,12,0,0,13,7,20,0,5,18,9,32,0,46,46,78
11/21/2011,PKB,WV,AEA,CE,Federal Contract Tower,0,13,4,0,17,0,0,1,0,1,0,13,5,0,18,6,0,6,24
11/22/2011,PKB,WV,AEA,CE,Federal Contract Tower,0,12,2,0,14,0,0,9,0,9,0,12,11,0,23,0,0,0,23
11/23/2011,PKB,WV,AEA,CE,Federal Contract Tower,0,12,18,4,34,0,0,28,2,30,0,12,46,6,64,12,4,16,80
11/24/2011,PKB,WV,AEA,CE,Federal Contract Tower,0,11,2,0,13,0,1,5,0,6,0,12,7,0,19,0,0,0,19
11/25/2011,PKB,WV,AEA,CE,Federal Contract Tower,0,10,2,0,12,0,0,27,0,27,0,10,29,0,39,24,0,24,63
11/26/2011,PKB,WV,AEA,CE,Federal Contract Tower,0,6,7,0,13,0,6,33,0,39,0,12,40,0,52,24,0,24,76
11/27/2011,PKB,WV,AEA,CE,Federal Contract Tower,0,4,2,0,6,0,0,8,0,8,0,4,10,0,14,22,0,22,36
11/28/2011,PKB,WV,AEA,CE,Federal Contract Tower,0,10,5,6,21,0,0,0,2,2,0,10,5,8,23,0,2,2,25
11/29/2011,PKB,WV,AEA,CE,Federal Contract Tower,0,14,11,1,26,0,0,5,3,8,0,14,16,4,34,0,0,0,34
11/30/2011,PKB,WV,AEA,CE,Federal Contract Tower,0,12,7,4,23,0,0,3,8,11,0,12,10,12,34,0,24,24,58
12/01/2011,PKB,WV,AEA,CE,Federal Contract Tower,0,14,9,9,32,0,0,56,18,74,0,14,65,27,106,26,18,44,150
12/02/2011,PKB,WV,AEA,CE,Federal Contract Tower,0,13,14,7,34,0,2,41,19,62,0,15,55,26,96,24,70,94,190
12/03/2011,PKB,WV,AEA,CE,Federal Contract Tower,0,6,1,0,7,0,1,32,11,44,0,7,33,11,51,48,22,70,121
12/04/2011,PKB,WV,AEA,CE,Federal Contract Tower,0,6,1,1,8,0,4,16,2,22,0,10,17,3,30,28,54,82,112
12/05/2011,PKB,WV,AEA,CE,Federal Contract Tower,0,11,15,3,29,0,0,11,5,16,0,11,26,8,45,0,12,12,57
12/06/2011,PKB,WV,AEA,CE,Federal Contract Tower,0,11,4,1,16,0,0,0,0,0,0,11,4,1,16,2,0,2,18
12/07/2011,PKB,WV,AEA,CE,Federal Contract Tower,0,11,6,1,18,0,0,0,4,4,0,11,6,5,22,0,4,4,26
12/08/2011,PKB,WV,AEA,CE,Federal Contract Tower,0,7,21,18,46,0,5,36,8,49,0,12,57,26,95,20,14,34,129
12/09/2011,PKB,WV,AEA,CE,Federal Contract Tower,0,9,6,5,20,0,3,38,19,60,0,12,44,24,80,62,76,138,218
12/10/2011,PKB,WV,AEA,CE,Federal Contract Tower,0,8,8,1,17,0,0,43,6,49,0,8,51,7,66,70,12,82,148
12/11/2011,PKB,WV,AEA,CE,Federal Contract Tower,0,5,15,0,20,0,3,48,5,56,0,8,63,5,76,52,8,60,136
12/12/2011,PKB,WV,AEA,CE,Federal Contract Tower,0,13,16,5,34,0,2,13,6,21,0,15,29,11,55,30,0,30,85
12/13/2011,PKB,WV,AEA,CE,Federal Contract Tower,0,16,5,1,22,0,3,47,14,64,0,19,52,15,86,32,32,64,150
12/14/2011,PKB,WV,AEA,CE,Federal Contract Tower,0,17,8,6,31,0,1,47,2,50,0,18,55,8,81,14,0,14,95
12/15/2011,PKB,WV,AEA,CE,Federal Contract Tower,0,16,7,10,33,0,2,11,7,20,0,18,18,17,53,4,44,48,101
12/16/2011,PKB,WV,AEA,CE,Federal Contract Tower,0,12,8,5,25,0,3,25,6,34,0,15,33,11,59,18,28,46,105
12/17/2011,PKB,WV,AEA,CE,Federal Contract Tower,0,5,11,0,16,0,8,32,0,40,0,13,43,0,56,20,0,20,76
12/18/2011,PKB,WV,AEA,CE,Federal Contract Tower,0,5,6,0,11,0,0,24,0,24,0,5,30,0,35,70,0,70,105
12/19/2011,PKB,WV,AEA,CE,Federal Contract Tower,0,13,7,6,26,0,1,15,5,21,0,14,22,11,47,24,14,38,85
12/20/2011,PKB,WV,AEA,CE,Federal Contract Tower,0,18,9,8,35,0,2,34,3,39,0,20,43,11,74,34,22,56,130
12/21/2011,PKB,WV,AEA,CE,Federal Contract Tower,0,16,4,0,20,0,5,25,11,41,0,21,29,11,61,12,18,30,91
12/22/2011,PKB,WV,AEA,CE,Federal Contract Tower,0,16,20,0,36,0,0,34,12,46,0,16,54,12,82,42,36,78,160
12/23/2011,PKB,WV,AEA,CE,Federal Contract Tower,0,16,5,0,21,0,2,2,5,9,0,18,7,5,30,0,6,6,36
12/24/2011,PKB,WV,AEA,CE,Federal Contract Tower,0,6,2,0,8,0,0,26,0,26,0,6,28,0,34,18,0,18,52
12/25/2011,PKB,WV,AEA,CE,Federal Contract Tower,0,4,2,0,6,0,0,13,0,13,0,4,15,0,19,0,0,0,19
12/26/2011,PKB,WV,AEA,CE,Federal Contract Tower,0,10,17,0,27,0,0,54,0,54,0,10,71,0,81,10,0,10,91
12/27/2011,PKB,WV,AEA,CE,Federal Contract Tower,0,12,3,1,16,0,0,10,4,14,0,12,13,5,30,0,0,0,30
12/28/2011,PKB,WV,AEA,CE,Federal Contract Tower,0,14,9,0,23,0,5,29,6,40,0,19,38,6,63,24,2,26,89
12/29/2011,PKB,WV,AEA,CE,Federal Contract Tower,0,15,2,2,19,0,1,30,22,53,0,16,32,24,72,24,56,80,152
12/30/2011,PKB,WV,AEA,CE,Federal Contract Tower,0,10,9,3,22,0,1,27,4,32,0,11,36,7,54,26,40,66,120
12/31/2011,PKB,WV,AEA,CE,Federal Contract Tower,0,6,5,0,11,0,6,17,0,23,0,12,22,0,34,2,0,2,36
01/01/2012,PKB,WV,AEA,CE,Federal Contract Tower,0,4,2,0,6,0,2,1,0,3,0,6,3,0,9,0,0,0,9
01/02/2012,PKB,WV,AEA,CE,Federal Contract Tower,0,5,3,0,8,0,0,1,0,1,0,5,4,0,9,0,0,0,9
01/03/2012,PKB,WV,AEA,CE,Federal Contract Tower,0,8,12,0,20,0,1,22,8,31,0,9,34,8,51,0,4,4,55
01/04/2012,PKB,WV,AEA,CE,Federal Contract Tower,0,14,6,6,26,0,2,15,11,28,0,16,21,17,54,38,16,54,108
01/05/2012,PKB,WV,AEA,CE,Federal Contract Tower,0,15,12,3,30,0,0,32,18,50,0,15,44,21,80,16,82,98,178
01/06/2012,PKB,WV,AEA,CE,Federal Contract Tower,0,12,5,5,22,0,7,38,31,76,0,19,43,36,98,42,70,112,210
01/07/2012,PKB,WV,AEA,CE,Federal Contract Tower,0,6,3,0,9,0,0,49,20,69,0,6,52,20,78,32,16,48,126
01/08/2012,PKB,WV,AEA,CE,Federal Contract Tower,0,4,12,0,16,0,3,35,12,50,0,7,47,12,66,74,64,138,204
01/09/2012,PKB,WV,AEA,CE,Federal Contract Tower,0,13,7,0,20,0,4,28,3,35,0,17,35,3,55,22,0,22,77
01/10/2012,PKB,WV,AEA,CE,Federal Contract Tower,0,17,20,3,40,0,0,45,11,56,0,17,65,14,96,16,6,22,118
01/11/2012,PKB,WV,AEA,CE,Federal Contract Tower,0,14,6,4,24,0,0,2,8,10,0,14,8,12,34,0,66,66,100
01/12/2012,PKB,WV,AEA,CE,Federal Contract Tower,0,12,10,10,32,0,0,0,10,10,0,12,10,20,42,0,134,134,176
01/13/2012,PKB,WV,AEA,CE,Federal Contract Tower,0,11,2,0,13,0,0,0,0,0,0,11,2,0,13,0,0,0,13
01/14/2012,PKB,WV,AEA,CE,Federal Contract Tower,0,6,4,0,10,0,0,2,0,2,0,6,6,0,12,0,0,0,12
01/15/2012,PKB,WV,AEA,CE,Federal Contract Tower,0,4,7,0,11,0,0,29,0,29,0,4,36,0,40,14,0,14,54
01/16/2012,PKB,WV,AEA,CE,Federal Contract Tower,0,11,6,0,17,0,0,9,0,9,0,11,15,0,26,14,0,14,40
01/17/2012,PKB,WV,AEA,CE,Federal Contract Tower,0,12,6,0,18,0,0,19,7,26,0,12,25,7,44,0,44,44,88
01/18/2012,PKB,WV,AEA,CE,Federal Contract Tower,0,14,4,4,22,0,0,38,21,59,0,14,42,25,81,40,38,78,159
01/19/2012,PKB,WV,AEA,CE,Federal Contract Tower,0,13,12,12,37,0,0,21,11,32,0,13,33,23,69,34,32,66,135
01/20/2012,PKB,WV,AEA,CE,Federal Contract Tower,0,8,6,3,17,0,1,31,18,50,0,9,37,21,67,24,114,138,205
01/21/2012,PKB,WV,AEA,CE,Federal Contract Tower,0,0,0,5,5,0,0,0,5,5,0,0,0,10,10,0,36,36,46
01/22/2012,PKB,WV,AEA,CE,Federal Contract Tower,0,6,8,0,14,0,2,6,2,10,0,8,14,2,24,0,12,12,36
01/23/2012,PKB,WV,AEA,CE,Federal Contract Tower,0,13,2,7,22,0,1,5,3,9,0,14,7,10,31,0,0,0,31
01/24/2012,PKB,WV,AEA,CE,Federal Contract Tower,0,23,8,9,40,0,0,23,13,36,0,23,31,22,76,32,92,124,200
01/25/2012,PKB,WV,AEA,CE,Federal Contract Tower,0,15,9,7,31,0,3,49,17,69,0,18,58,24,100,32,112,144,244
01/26/2012,PKB,WV,AEA,CE,Federal Contract Tower,0,15,4,1,20,0,0,3,3,6,0,15,7,4,26,6,0,6,32
01/27/2012,PKB,WV,AEA,CE,Federal Contract Tower,0,9,1,2,12,0,1,0,3,4,0,10,1,5,16,0,26,26,42
01/28/2012,PKB,WV,AEA,CE,Federal Contract Tower,0,6,0,0,6,0,2,22,6,30,0,8,22,6,36,14,0,14,50
01/29/2012,PKB,WV,AEA,CE,Federal Contract Tower,0,4,6,3,13,0,3,5,0,8,0,7,11,3,21,0,0,0,21
01/30/2012,PKB,WV,AEA,CE,Federal Contract Tower,0,12,7,11,30,0,0,30,7,37,0,12,37,18,67,14,20,34,101
01/31/2012,PKB,WV,AEA,CE,Federal Contract Tower,0,17,4,5,26,0,5,32,14,51,0,22,36,19,77,32,24,56,133
02/01/2012,PKB,WV,AEA,CE,Federal Contract Tower,0,12,12,3,27,0,3,18,11,32,0,15,30,14,59,8,42,50,109
02/02/2012,PKB,WV,AEA,CE,Federal Contract Tower,0,17,5,10,32,0,1,49,13,63,0,18,54,23,95,62,36,98,193
02/03/2012,PKB,WV,AEA,CE,Federal Contract Tower,0,15,8,14,37,0,2,71,28,101,0,17,79,42,138,30,46,76,214
02/04/2012,PKB,WV,AEA,CE,Federal Contract Tower,0,6,5,11,22,0,4,29,22,55,0,10,34,33,77,24,84,108,185
02/05/2012,PKB,WV,AEA,CE,Federal Contract Tower,0,4,14,0,18,0,3,36,19,58,0,7,50,19,76,12,4,16,92
02/06/2012,PKB,WV,AEA,CE,Federal Contract Tower,0,11,5,16,32,0,7,27,4,38,0,18,32,20,70,12,20,32,102
02/07/2012,PKB,WV,AEA,CE,Federal Contract Tower,0,15,9,10,34,0,1,48,6,55,0,16,57,16,89,24,4,28,117
02/08/2012,PKB,WV,AEA,CE,Federal Contract Tower,0,15,2,7,24,0,0,4,15,19,0,15,6,22,43,0,0,0,43
02/09/2012,PKB,WV,AEA,CE,Federal Contract Tower,0,16,7,12,35,0,0,30,58,88,0,16,37,70,123,28,0,28,151
02/10/2012,PKB,WV,AEA,CE,Federal Contract Tower,0,14,5,6,25,0,0,16,10,26,0,14,21,16,51,4,38,42,93
02/11/2012,PKB,WV,AEA,CE,Federal Contract Tower,0,3,0,0,3,0,1,1,0,2,0,4,1,0,5,0,0,0,5
02/12/2012,PKB,WV,AEA,CE,Federal Contract Tower,0,4,4,0,8,0,3,3,0,6,0,7,7,0,14,8,0,8,22
02/13/2012,PKB,WV,AEA,CE,Federal Contract Tower,0,11,4,1,16,0,2,18,10,30,0,13,22,11,46,36,26,62,108
02/14/2012,PKB,WV,AEA,CE,Federal Contract Tower,0,14,4,2,20,0,0,2,2,4,0,14,6,4,24,4,0,4,28
02/15/2012,PKB,WV,AEA,CE,Federal Contract Tower,0,13,8,8,29,0,0,48,13,61,0,13,56,21,90,30,4,34,124
02/16/2012,PKB,WV,AEA,CE,Federal Contract Tower,0,13,14,3,30,0,2,13,12,27,0,15,27,15,57,4,46,50,107
02/17/2012,PKB,WV,AEA,CE,Federal Contract Tower,0,13,20,0,33,0,2,22,11,35,0,15,42,11,68,16,24,40,108
02/18/2012,PKB,WV,AEA,CE,Federal Contract Tower,0,8,15,2,25,0,0,65,7,72,0,8,80,9,97,40,6,46,143
02/19/2012,PKB,WV,AEA,CE,Federal Contract Tower,0,6,5,0,11,0,2,17,1,20,0,8,22,1,31,10,18,28,59
02/20/2012,PKB,WV,AEA,CE,Federal Contract Tower,0,15,11,0,26,0,2,34,8,44,0,17,45,8,70,28,0,28,98
02/21/2012,PKB,WV,AEA,CE,Federal Contract Tower,0,11,10,0,21,0,4,18,4,26,0,15,28,4,47,32,14,46,93
02/22/2012,PKB,WV,AEA,CE,Federal Contract Tower,0,12,7,2,21,0,0,38,10,48,0,12,45,12,69,4,14,18,87
02/23/2012,PKB,WV,AEA,CE,Federal Contract Tower,0,14,11,3,28,0,3,28,7,38,0,17,39,10,66,16,6,22,88
02/24/2012,PKB,WV,AEA,CE,Federal Contract Tower,0,6,2,2,10,0,1,0,4,5,0,7,2,6,15,0,14,14,29
02/25/2012,PKB,WV,AEA,CE,Federal Contract Tower,0,6,1,2,9,0,0,6,7,13,0,6,7,9,22,6,0,6,28
02/26/2012,PKB,WV,AEA,CE,Federal Contract Tower,0,4,8,0,12,0,0,46,5,51,0,4,54,5,63,18,0,18,81
02/27/2012,PKB,WV,AEA,CE,Federal Contract Tower,0,14,4,0,18,0,2,3,5,10,0,16,7,5,28,0,6,6,34
02/28/2012,PKB,WV,AEA,CE,Federal Contract Tower,0,14,12,3,29,0,2,33,11,46,0,16,45,14,75,60,16,76,151
02/29/2012,PKB,WV,AEA,CE,Federal Contract Tower,0,13,2,0,15,0,1,0,0,1,0,14,2,0,16,0,0,0,16
03/01/2012,PKB,WV,AEA,CE,Federal Contract Tower,0,13,12,15,40,0,5,38,20,63,0,18,50,35,103,20,62,82,185
03/02/2012,PKB,WV,AEA,CE,Federal Contract Tower,0,12,12,6,30,0,1,24,20,45,0,13,36,26,75,12,52,64,139
03/03/2012,PKB,WV,AEA,CE,Federal Contract Tower,0,7,3,3,13,0,0,12,23,35,0,7,15,26,48,22,22,44,92
03/04/2012,PKB,WV,AEA,CE,Federal Contract Tower,0,7,6,4,17,0,2,10,5,17,0,9,16,9,34,24,22,46,80
03/05/2012,PKB,WV,AEA,CE,Federal Contract Tower,0,9,6,6,21,0,0,5,1,6,0,9,11,7,27,14,0,14,41
03/06/2012,PKB,WV,AEA,CE,Federal Contract Tower,0,11,13,7,31,0,9,38,15,62,0,20,51,22,93,30,2,32,125
03/07/2012,PKB,WV,AEA,CE,Federal Contract Tower,0,10,12,12,34,0,6,37,3,46,0,16,49,15,80,44,14,58,138
03/08/2012,PKB,WV,AEA,CE,Federal Contract Tower,0,12,6,6,24,0,4,19,5,28,0,16,25,11,52,12,12,24,76
03/09/2012,PKB,WV,AEA,CE,Federal Contract Tower,0,9,6,2,17,0,0,25,10,35,0,9,31,12,52,10,2,12,64
03/10/2012,PKB,WV,AEA,CE,Federal Contract Tower,0,6,8,3,17,0,3,74,32,109,0,9,82,35,126,68,20,88,214
03/11/2012,PKB,WV,AEA,CE,Federal Contract Tower,0,7,6,4,17,0,2,49,0,51,0,9,55,4,68,46,0,46,114
03/12/2012,PKB,WV,AEA,CE,Federal Contract Tower,0,9,8,4,21,0,0,7,1,8,0,9,15,5,29,0,44,44,73
03/13/2012,PKB,WV,AEA,CE,Federal Contract Tower,0,12,18,10,40,0,0,55,15,70,0,12,73,25,110,26,76,102,212
03/14/2012,PKB,WV,AEA,CE,Federal Contract Tower,0,12,18,9,39,0,1,70,20,91,0,13,88,29,130,52,46,98,228
03/15/2012,PKB,WV,AEA,CE,Federal Contract Tower,0,13,5,0,18,0,0,9,4,13,0,13,14,4,31,30,0,30,61
03/16/2012,PKB,WV,AEA,CE,Federal Contract Tower,0,8,7,2,17,0,8,27,2,37,0,16,34,4,54,30,0,30,84
03/17/2012,PKB,WV,AEA,CE,Federal Contract Tower,0,8,6,0,14,0,2,37,7,46,0,10,43,7,60,68,58,126,186
03/18/2012,PKB,WV,AEA,CE,Federal Contract Tower,0,6,7,0,13,0,0,13,0,13,0,6,20,0,26,26,0,26,52
03/19/2012,PKB,WV,AEA,CE,Federal Contract Tower,0,12,7,2,21,0,4,20,7,31,0,16,27,9,52,14,30,44,96
03/20/2012,PKB,WV,AEA,CE,Federal Contract Tower,1,10,13,9,33,0,0,36,12,48,1,10,49,21,81,52,54,106,187
03/21/2012,PKB,WV,AEA,CE,Federal Contract Tower,0,10,6,3,19,0,0,59,16,75,0,10,65,19,94,30,58,88,182
03/22/2012,PKB,WV,AEA,CE,Federal Contract Tower,0,11,8,1,20,0,2,39,20,61,0,13,47,21,81,38,2,40,121
03/23/2012,PKB,WV,AEA,CE,Federal Contract Tower,0,9,6,2,17,0,4,22,0,26,0,13,28,2,43,20,0,20,63
03/24/2012,PKB,WV,AEA,CE,Federal Contract Tower,0,6,8,5,19,0,0,15,4,19,0,6,23,9,38,16,4,20,58
03/25/2012,PKB,WV,AEA,CE,Federal Contract Tower,0,4,7,0,11,0,2,15,1,18,0,6,22,1,29,18,0,18,47
03/26/2012,PKB,WV,AEA,CE,Federal Contract Tower,0,9,4,0,13,0,4,11,0,15,0,13,15,0,28,18,0,18,46
03/27/2012,PKB,WV,AEA,CE,Federal Contract Tower,0,14,9,0,23,0,0,34,10,44,0,14,43,10,67,42,32,74,141
03/28/2012,PKB,WV,AEA,CE,Federal Contract Tower,0,10,8,0,18,0,2,17,5,24,0,12,25,5,42,0,4,4,46
03/29/2012,PKB,WV,AEA,CE,Federal Contract Tower,0,10,14,2,26,0,3,46,28,77,0,13,60,30,103,36,4,40,143
03/30/2012,PKB,WV,AEA,CE,Federal Contract Tower,0,9,6,1,16,0,2,12,2,16,0,11,18,3,32,18,2,20,52
03/31/2012,PKB,WV,AEA,CE,Federal Contract Tower,0,5,8,0,13,0,1,20,0,21,0,6,28,0,34,36,0,36,70
04/01/2012,PKB,WV,AEA,CE,Federal Contract Tower,0,5,7,0,12,0,0,25,0,25,0,5,32,0,37,2,0,2,39
04/02/2012,PKB,WV,AEA,CE,Federal Contract Tower,0,9,4,1,14,0,4,34,12,50,0,13,38,13,64,28,0,28,92
04/03/2012,PKB,WV,AEA,CE,Federal Contract Tower,0,10,12,8,30,0,2,42,5,49,0,12,54,13,79,6,20,26,105
04/04/2012,PKB,WV,AEA,CE,Federal Contract Tower,0,13,9,5,27,0,2,49,10,61,0,15,58,15,88,0,12,12,100
04/05/2012,PKB,WV,AEA,CE,Federal Contract Tower,0,12,19,14,45,0,2,46,3,51,0,14,65,17,96,52,30,82,178
04/06/2012,PKB,WV,AEA,CE,Federal Contract Tower,0,10,15,2,27,0,1,41,2,44,0,11,56,4,71,26,4,30,101
04/07/2012,PKB,WV,AEA,CE,Federal Contract Tower,0,6,14,0,20,0,0,60,0,60,0,6,74,0,80,38,0,38,118
04/08/2012,PKB,WV,AEA,CE,Federal Contract Tower,0,4,8,0,12,0,0,15,0,15,0,4,23,0,27,4,0,4,31
04/09/2012,PKB,WV,AEA,CE,Federal Contract Tower,0,10,1,2,13,0,11,12,3,26,0,21,13,5,39,16,0,16,55
04/10/2012,PKB,WV,AEA,CE,Federal Contract Tower,10,7,5,0,22,0,2,32,9,43,10,9,37,9,65,2,6,8,73
04/11/2012,PKB,WV,AEA,CE,Federal Contract Tower,0,12,12,2,26,0,0,40,11,51,0,12,52,13,77,10,18,28,105
04/12/2012,PKB,WV,AEA,CE,Federal Contract Tower,0,14,14,10,38,0,3,45,9,57,0,17,59,19,95,50,20,70,165
04/13/2012,PKB,WV,AEA,CE,Federal Contract Tower,0,7,12,2,21,0,0,47,18,65,0,7,59,20,86,38,110,148,234
04/14/2012,PKB,WV,AEA,CE,Federal Contract Tower,0,6,9,7,22,0,3,21,11,35,0,9,30,18,57,26,6,32,89
04/15/2012,PKB,WV,AEA,CE,Federal Contract Tower,0,3,11,0,14,0,3,10,7,20,0,6,21,7,34,0,28,28,62
04/16/2012,PKB,WV,AEA,CE,Federal Contract Tower,0,9,4,5,18,0,1,6,3,10,0,10,10,8,28,0,24,24,52
04/17/2012,PKB,WV,AEA,CE,Federal Contract Tower,0,9,12,6,27,0,2,34,17,53,0,11,46,23,80,26,12,38,118
04/18/2012,PKB,WV,AEA,CE,Federal Contract Tower,0,10,5,6,21,0,0,52,14,66,0,10,57,20,87,32,0,32,119
04/19/2012,PKB,WV,AEA,CE,Federal Contract Tower,0,12,16,5,33,0,2,13,6,21,0,14,29,11,54,14,46,60,114
04/20/2012,PKB,WV,AEA,CE,Federal Contract Tower,0,7,4,0,11,0,2,34,11,47,0,9,38,11,58,10,4,14,72
04/21/2012,PKB,WV,AEA,CE,Federal Contract Tower,0,9,6,2,17,0,0,0,0,0,0,9,6,2,17,12,0,12,29
04/22/2012,PKB,WV,AEA,CE,Federal Contract Tower,0,4,6,0,10,0,0,12,0,12,0,4,18,0,22,8,0,8,30
04/23/2012,PKB,WV,AEA,CE,Federal Contract Tower,0,9,5,0,14,0,4,4,0,8,0,13,9,0,22,0,0,0,22
04/24/2012,PKB,WV,AEA,CE,Federal Contract Tower,0,8,17,4,29,0,4,24,8,36,0,12,41,12,65,26,12,38,103
04/25/2012,PKB,WV,AEA,CE,Federal Contract Tower,0,10,14,4,28,0,2,38,15,55,0,12,52,19,83,4,38,42,125
04/26/2012,PKB,WV,AEA,CE,Federal Contract Tower,0,10,9,6,25,0,0,22,2,24,0,10,31,8,49,0,6,6,55
04/27/2012,PKB,WV,AEA,CE,Federal Contract Tower,0,9,10,15,34,0,2,41,0,43,0,11,51,15,77,2,20,22,99
04/28/2012,PKB,WV,AEA,CE,Federal Contract Tower,0,6,2,2,10,0,1,33,11,45,0,7,35,13,55,20,0,20,75
04/29/2012,PKB,WV,AEA,CE,Federal Contract Tower,0,7,9,0,16,0,0,39,6,45,0,7,48,6,61,48,0,48,109
04/30/2012,PKB,WV,AEA,CE,Federal Contract Tower,0,10,3,4,17,0,0,21,5,26,0,10,24,9,43,0,8,8,51
05/01/2012,PKB,WV,AEA,CE,Federal Contract Tower,0,10,15,9,34,0,3,46,7,56,0,13,61,16,90,26,30,56,146
05/02/2012,PKB,WV,AEA,CE,Federal Contract Tower,0,12,7,11,30,0,0,41,2,43,0,12,48,13,73,36,14,50,123
05/03/2012,PKB,WV,AEA,CE,Federal Contract Tower,0,12,12,3,27,0,3,42,13,58,0,15,54,16,85,30,10,40,125
05/04/2012,PKB,WV,AEA,CE,Federal Contract Tower,0,13,12,4,29,0,2,15,32,49,0,15,27,36,78,10,18,28,106
05/05/2012,PKB,WV,AEA,CE,Federal Contract Tower,0,8,13,2,23,0,4,9,0,13,0,12,22,2,36,24,0,24,60
05/06/2012,PKB,WV,AEA,CE,Federal Contract Tower,0,4,16,4,24,0,1,55,7,63,0,5,71,11,87,32,0,32,119
05/07/2012,PKB,WV,AEA,CE,Federal Contract Tower,0,9,8,0,17,0,0,8,4,12,0,9,16,4,29,10,20,30,59
05/08/2012,PKB,WV,AEA,CE,Federal Contract Tower,0,10,6,10,26,0,7,5,5,17,0,17,11,15,43,0,0,0,43
05/09/2012,PKB,WV,AEA,CE,Federal Contract Tower,0,12,16,11,39,0,5,34,18,57,0,17,50,29,96,20,100,120,216
05/10/2012,PKB,WV,AEA,CE,Federal Contract Tower,0,12,7,6,25,0,4,42,24,70,0,16,49,30,95,12,32,44,139
05/11/2012,PKB,WV,AEA,CE,Federal Contract Tower,0,15,10,4,29,0,3,47,19,69,0,18,57,23,98,28,44,72,170
05/12/2012,PKB,WV,AEA,CE,Federal Contract Tower,0,5,8,1,14,0,9,49,8,66,0,14,57,9,80,30,0,30,110
05/13/2012,PKB,WV,AEA,CE,Federal Contract Tower,0,4,4,0,8,0,0,6,0,6,0,4,10,0,14,2,0,2,16
05/14/2012,PKB,WV,AEA,CE,Federal Contract Tower,0,10,11,4,25,0,2,11,0,13,0,12,22,4,38,12,0,12,50
05/15/2012,PKB,WV,AEA,CE,Federal Contract Tower,0,10,13,2,25,0,2,41,12,55,0,12,54,14,80,18,12,30,110
05/16/2012,PKB,WV,AEA,CE,Federal Contract Tower,0,11,7,5,23,0,0,33,17,50,0,11,40,22,73,0,50,50,123
05/17/2012,PKB,WV,AEA,CE,Federal Contract Tower,0,11,16,12,39,0,2,49,15,66,0,13,65,27,105,56,22,78,183
05/18/2012,PKB,WV,AEA,CE,Federal Contract Tower,0,11,26,1,38,0,3,53,13,69,0,14,79,14,107,29,26,55,162
05/19/2012,PKB,WV,AEA,CE,Federal Contract Tower,0,7,11,0,18,0,6,55,2,63,0,13,66,2,81,60,2,62,143
05/20/2012,PKB,WV,AEA,CE,Federal Contract Tower,0,5,7,1,13,0,3,47,3,53,0,8,54,4,66,10,0,10,76
05/21/2012,PKB,WV,AEA,CE,Federal Contract Tower,0,10,5,2,17,0,0,29,2,31,0,10,34,4,48,24,8,32,80
05/22/2012,PKB,WV,AEA,CE,Federal Contract Tower,0,9,19,5,33,0,1,5,5,11,0,10,24,10,44,0,32,32,76
05/23/2012,PKB,WV,AEA,CE,Federal Contract Tower,0,8,4,7,19,0,5,27,8,40,0,13,31,15,59,38,26,64,123
05/24/2012,PKB,WV,AEA,CE,Federal Contract Tower,0,7,17,6,30,0,0,38,12,50,0,7,55,18,80,18,36,54,134
05/25/2012,PKB,WV,AEA,CE,Federal Contract Tower,0,10,13,5,28,0,1,56,15,72,0,11,69,20,100,6,8,14,114
05/26/2012,PKB,WV,AEA,CE,Federal Contract Tower,0,6,8,0,14,0,1,43,0,44,0,7,51,0,58,10,0,10,68
05/27/2012,PKB,WV,AEA,CE,Federal Contract Tower,0,3,2,0,5,0,2,18,0,20,0,5,20,0,25,0,0,0,25
05/28/2012,PKB,WV,AEA,CE,Federal Contract Tower,0,7,10,0,17,0,5,30,0,35,0,12,40,0,52,4,0,4,56
05/29/2012,PKB,WV,AEA,CE,Federal Contract Tower,0,10,3,2,15,0,0,29,0,29,0,10,32,2,44,4,0,4,48
05/30/2012,PKB,WV,AEA,CE,Federal Contract Tower,0,11,25,7,43,0,4,70,15,89,0,15,95,22,132,36,32,68,200
05/31/2012,PKB,WV,AEA,CE,Federal Contract Tower,0,13,21,5,39,0,0,42,8,50,0,13,63,13,89,36,4,40,129
06/01/2012,PKB,WV,AEA,CE,Federal Contract Tower,0,12,1,0,13,0,0,5,16,21,0,12,6,16,34,2,94,96,130
06/02/2012,PKB,WV,AEA,CE,Federal Contract Tower,0,5,15,3,23,0,8,33,23,64,0,13,48,26,87,12,0,12,99
06/03/2012,PKB,WV,AEA,CE,Federal Contract Tower,0,4,13,2,19,0,2,50,11,63,0,6,63,13,82,20,2,22,104
06/04/2012,PKB,WV,AEA,CE,Federal Contract Tower,0,8,14,0,22,0,5,40,7,52,0,13,54,7,74,32,32,64,138
06/05/2012,PKB,WV,AEA,CE,Federal Contract Tower,0,14,9,7,30,0,3,21,13,37,0,17,30,20,67,24,12,36,103
06/06/2012,PKB,WV,AEA,CE,Federal Contract Tower,0,11,7,4,22,0,0,53,17,70,0,11,60,21,92,16,18,34,126
06/07/2012,PKB,WV,AEA,CE,Federal Contract Tower,0,7,14,3,24,0,2,35,4,41,0,9,49,7,65,16,48,64,129
06/08/2012,PKB,WV,AEA,CE,Federal Contract Tower,0,17,16,0,33,0,0,56,4,60,0,17,72,4,93,48,0,48,141
06/09/2012,PKB,WV,AEA,CE,Federal Contract Tower,0,5,6,0,11,0,2,67,0,69,0,7,73,0,80,44,0,44,124
06/10/2012,PKB,WV,AEA,CE,Federal Contract Tower,0,4,5,0,9,0,5,45,13,63,0,9,50,13,72,20,12,32,104
06/11/2012,PKB,WV,AEA,CE,Federal Contract Tower,0,14,3,7,24,0,3,13,11,27,0,17,16,18,51,14,70,84,135
06/12/2012,PKB,WV,AEA,CE,Federal Contract Tower,0,7,16,4,27,0,0,12,5,17,0,7,28,9,44,14,12,26,70
06/13/2012,PKB,WV,AEA,CE,Federal Contract Tower,0,12,10,5,27,0,0,62,22,84,0,12,72,27,111,38,30,68,179
06/14/2012,PKB,WV,AEA,CE,Federal Contract Tower,0,11,10,19,40,0,4,46,15,65,0,15,56,34,105,46,28,74,179
06/15/2012,PKB,WV,AEA,CE,Federal Contract Tower,0,11,11,6,28,0,4,50,23,77,0,15,61,29,105,4,44,48,153
06/16/2012,PKB,WV,AEA,CE,Federal Contract Tower,0,5,10,0,15,0,2,46,0,48,0,7,56,0,63,14,0,14,77
06/17/2012,PKB,WV,AEA,CE,Federal Contract Tower,0,6,11,0,17,0,0,16,0,16,0,6,27,0,33,0,0,0,33
06/18/2012,PKB,WV,AEA,CE,Federal Contract Tower,0,6,7,1,14,0,2,10,6,18,0,8,17,7,32,10,40,50,82
06/19/2012,PKB,WV,AEA,CE,Federal Contract Tower,0,10,9,1,20,0,4,46,12,62,0,14,55,13,82,12,14,26,108
06/20/2012,PKB,WV,AEA,CE,Federal Contract Tower,0,10,3,5,18,0,2,55,10,67,0,12,58,15,85,4,20,24,109
06/21/2012,PKB,WV,AEA,CE,Federal Contract Tower,0,11,2,1,14,0,5,40,10,55,0,16,42,11,69,10,10,20,89
06/22/2012,PKB,WV,AEA,CE,Federal Contract Tower,0,13,14,0,27,0,0,43,12,55,0,13,57,12,82,4,14,18,100
06/23/2012,PKB,WV,AEA,CE,Federal Contract Tower,0,6,7,0,13,0,8,43,9,60,0,14,50,9,73,48,0,48,121
06/24/2012,PKB,WV,AEA,CE,Federal Contract Tower,0,4,6,2,12,0,2,16,5,23,0,6,22,7,35,24,6,30,65
06/25/2012,PKB,WV,AEA,CE,Federal Contract Tower,0,11,14,0,25,0,2,5,5,12,0,13,19,5,37,10,0,10,47
06/26/2012,PKB,WV,AEA,CE,Federal Contract Tower,0,9,14,6,29,0,1,33,25,59,0,10,47,31,88,6,26,32,120
06/27/2012,PKB,WV,AEA,CE,Federal Contract Tower,0,11,10,2,23,0,1,55,17,73,0,12,65,19,96,8,8,16,112
06/28/2012,PKB,WV,AEA,CE,Federal Contract Tower,0,11,8,3,22,0,2,32,11,45,0,13,40,14,67,34,42,76,143
06/29/2012,PKB,WV,AEA,CE,Federal Contract Tower,0,9,14,2,25,0,2,38,17,57,0,11,52,19,82,26,18,44,126
06/30/2012,PKB,WV,AEA,CE,Federal Contract Tower,0,6,9,1,16,0,5,45,7,57,0,11,54,8,73,29,2,31,104
07/01/2012,PKB,WV,AEA,CE,Federal Contract Tower,0,0,0,0,0,0,0,0,0,0,0,0,0,0,0,0,0,0,0
07/02/2012,PKB,WV,AEA,CE,Federal Contract Tower,0,0,0,0,0,0,0,0,0,0,0,0,0,0,0,0,0,0,0
07/03/2012,PKB,WV,AEA,CE,Federal Contract Tower,0,1,0,0,1,0,0,2,0,2,0,1,2,0,3,0,0,0,3
07/04/2012,PKB,WV,AEA,CE,Federal Contract Tower,0,9,3,0,12,0,3,40,0,43,0,12,43,0,55,4,0,4,59
07/05/2012,PKB,WV,AEA,CE,Federal Contract Tower,0,10,11,0,21,0,0,31,12,43,0,10,42,12,64,26,0,26,90
07/06/2012,PKB,WV,AEA,CE,Federal Contract Tower,0,11,11,0,22,0,0,47,18,65,0,11,58,18,87,40,60,100,187
07/07/2012,PKB,WV,AEA,CE,Federal Contract Tower,0,5,7,2,14,0,1,24,16,41,0,6,31,18,55,16,14,30,85
07/08/2012,PKB,WV,AEA,CE,Federal Contract Tower,0,4,10,0,14,0,2,28,15,45,0,6,38,15,59,6,34,40,99
07/09/2012,PKB,WV,AEA,CE,Federal Contract Tower,0,9,4,2,15,0,6,13,7,26,0,15,17,9,41,0,22,22,63
07/10/2012,PKB,WV,AEA,CE,Federal Contract Tower,0,15,15,5,35,0,2,19,5,26,0,17,34,10,61,18,10,28,89
07/11/2012,PKB,WV,AEA,CE,Federal Contract Tower,0,12,6,1,19,0,3,42,5,50,0,15,48,6,69,0,0,0,69
07/12/2012,PKB,WV,AEA,CE,Federal Contract Tower,0,12,13,2,27,0,0,32,8,40,0,12,45,10,67,16,2,18,85
07/13/2012,PKB,WV,AEA,CE,Federal Contract Tower,0,11,10,3,24,0,5,36,3,44,0,16,46,6,68,8,0,8,76
07/14/2012,PKB,WV,AEA,CE,Federal Contract Tower,0,5,5,1,11,0,2,34,1,37,0,7,39,2,48,32,0,32,80
07/15/2012,PKB,WV,AEA,CE,Federal Contract Tower,0,4,7,6,17,0,0,20,2,22,0,4,27,8,39,8,10,18,57
07/16/2012,PKB,WV,AEA,CE,Federal Contract Tower,0,8,8,4,20,0,3,25,9,37,0,11,33,13,57,22,0,22,79
07/17/2012,PKB,WV,AEA,CE,Federal Contract Tower,0,13,11,1,25,0,2,15,5,22,0,15,26,6,47,18,10,28,75
07/18/2012,PKB,WV,AEA,CE,Federal Contract Tower,0,10,13,3,26,0,1,15,7,23,0,11,28,10,49,10,0,10,59
07/19/2012,PKB,WV,AEA,CE,Federal Contract Tower,0,13,8,11,32,0,2,23,4,29,0,15,31,15,61,0,26,26,87
07/20/2012,PKB,WV,AEA,CE,Federal Contract Tower,0,11,8,6,25,0,0,13,7,20,0,11,21,13,45,12,26,38,83
07/21/2012,PKB,WV,AEA,CE,Federal Contract Tower,0,5,9,0,14,0,3,17,3,23,0,8,26,3,37,10,0,10,47
07/22/2012,PKB,WV,AEA,CE,Federal Contract Tower,0,4,12,1,17,0,8,38,4,50,0,12,50,5,67,22,0,22,89
07/23/2012,PKB,WV,AEA,CE,Federal Contract Tower,0,10,3,1,14,0,4,33,6,43,0,14,36,7,57,28,16,44,101
07/24/2012,PKB,WV,AEA,CE,Federal Contract Tower,0,12,17,2,31,0,0,18,10,28,0,12,35,12,59,0,48,48,107
07/25/2012,PKB,WV,AEA,CE,Federal Contract Tower,0,17,11,4,32,0,0,24,8,32,0,17,35,12,64,24,2,26,90
07/26/2012,PKB,WV,AEA,CE,Federal Contract Tower,0,13,6,4,23,0,0,19,4,23,0,13,25,8,46,12,2,14,60
07/27/2012,PKB,WV,AEA,CE,Federal Contract Tower,0,10,13,2,25,0,6,15,5,26,0,16,28,7,51,20,42,62,113
07/28/2012,PKB,WV,AEA,CE,Federal Contract Tower,0,5,2,3,10,0,8,28,2,38,0,13,30,5,48,10,0,10,58
07/29/2012,PKB,WV,AEA,CE,Federal Contract Tower,0,4,28,0,32,0,0,29,2,31,0,4,57,2,63,22,6,28,91
07/30/2012,PKB,WV,AEA,CE,Federal Contract Tower,0,9,10,0,19,0,0,24,10,34,0,9,34,10,53,26,52,78,131
07/31/2012,PKB,WV,AEA,CE,Federal Contract Tower,0,10,9,4,23,0,1,46,6,53,0,11,55,10,76,56,4,60,136
08/01/2012,PKB,WV,AEA,CE,Federal Contract Tower,0,12,7,1,20,0,0,39,15,54,0,12,46,16,74,12,46,58,132
08/02/2012,PKB,WV,AEA,CE,Federal Contract Tower,0,17,16,0,33,0,4,23,4,31,0,21,39,4,64,18,10,28,92
08/03/2012,PKB,WV,AEA,CE,Federal Contract Tower,0,9,11,0,20,0,1,17,8,26,0,10,28,8,46,26,10,36,82
08/04/2012,PKB,WV,AEA,CE,Federal Contract Tower,0,7,12,1,20,0,11,10,11,32,0,18,22,12,52,6,0,6,58
08/05/2012,PKB,WV,AEA,CE,Federal Contract Tower,0,4,4,2,10,0,0,3,2,5,0,4,7,4,15,22,0,22,37
08/06/2012,PKB,WV,AEA,CE,Federal Contract Tower,0,9,8,7,24,0,0,28,8,36,0,9,36,15,60,46,14,60,120
08/07/2012,PKB,WV,AEA,CE,Federal Contract Tower,0,11,15,5,31,0,0,19,9,28,0,11,34,14,59,14,12,26,85
08/08/2012,PKB,WV,AEA,CE,Federal Contract Tower,0,12,10,4,26,0,2,43,11,56,0,14,53,15,82,20,13,33,115
08/09/2012,PKB,WV,AEA,CE,Federal Contract Tower,0,11,12,4,27,0,3,20,16,39,0,14,32,20,66,4,16,20,86
08/10/2012,PKB,WV,AEA,CE,Federal Contract Tower,0,11,15,5,31,0,4,25,8,37,0,15,40,13,68,8,14,22,90
08/11/2012,PKB,WV,AEA,CE,Federal Contract Tower,0,5,5,0,10,0,4,10,3,17,0,9,15,3,27,0,0,0,27
08/12/2012,PKB,WV,AEA,CE,Federal Contract Tower,0,4,7,0,11,0,4,25,0,29,0,8,32,0,40,18,0,18,58
08/13/2012,PKB,WV,AEA,CE,Federal Contract Tower,0,9,4,1,14,0,3,22,9,34,0,12,26,10,48,24,12,36,84
08/14/2012,PKB,WV,AEA,CE,Federal Contract Tower,0,12,9,8,29,0,0,41,5,46,0,12,50,13,75,20,18,38,113
08/15/2012,PKB,WV,AEA,CE,Federal Contract Tower,0,12,8,6,26,0,4,48,12,64,0,16,56,18,90,28,20,48,138
08/16/2012,PKB,WV,AEA,CE,Federal Contract Tower,0,12,8,8,28,0,1,48,13,62,0,13,56,21,90,34,18,52,142
08/17/2012,PKB,WV,AEA,CE,Federal Contract Tower,0,10,4,1,15,0,1,22,14,37,0,11,26,15,52,0,70,70,122
08/18/2012,PKB,WV,AEA,CE,Federal Contract Tower,0,5,8,0,13,0,2,43,15,60,0,7,51,15,73,12,6,18,91
08/19/2012,PKB,WV,AEA,CE,Federal Contract Tower,0,4,8,0,12,0,1,34,8,43,0,5,42,8,55,18,16,34,89
08/20/2012,PKB,WV,AEA,CE,Federal Contract Tower,0,8,15,6,29,0,0,35,14,49,0,8,50,20,78,22,8,30,108
08/21/2012,PKB,WV,AEA,CE,Federal Contract Tower,0,8,12,3,23,0,3,43,9,55,0,11,55,12,78,12,4,16,94
08/22/2012,PKB,WV,AEA,CE,Federal Contract Tower,0,7,10,2,19,0,1,39,7,47,0,8,49,9,66,24,6,30,96
08/23/2012,PKB,WV,AEA,CE,Federal Contract Tower,0,11,13,6,30,0,1,43,9,53,0,12,56,15,83,20,14,34,117
08/24/2012,PKB,WV,AEA,CE,Federal Contract Tower,0,13,8,2,23,0,5,34,4,43,0,18,42,6,66,15,12,27,93
08/25/2012,PKB,WV,AEA,CE,Federal Contract Tower,0,4,1,0,5,0,9,61,6,76,0,13,62,6,81,10,0,10,91
08/26/2012,PKB,WV,AEA,CE,Federal Contract Tower,0,4,5,0,9,0,4,39,2,45,0,8,44,2,54,14,0,14,68
08/27/2012,PKB,WV,AEA,CE,Federal Contract Tower,0,9,3,6,18,0,0,13,3,16,0,9,16,9,34,14,0,14,48
08/28/2012,PKB,WV,AEA,CE,Federal Contract Tower,0,10,10,9,29,0,7,43,15,65,0,17,53,24,94,36,10,46,140
08/29/2012,PKB,WV,AEA,CE,Federal Contract Tower,0,11,15,9,35,0,4,73,14,91,0,15,88,23,126,36,16,52,178
08/30/2012,PKB,WV,AEA,CE,Federal Contract Tower,0,10,13,8,31,0,6,40,14,60,0,16,53,22,91,28,38,66,157
08/31/2012,PKB,WV,AEA,CE,Federal Contract Tower,0,10,9,0,19,0,4,44,10,58,0,14,53,10,77,16,14,30,107
09/01/2012,PKB,WV,AEA,CE,Federal Contract Tower,0,5,0,0,5,0,6,17,0,23,0,11,17,0,28,14,0,14,42
09/02/2012,PKB,WV,AEA,CE,Federal Contract Tower,0,4,7,1,12,0,2,32,3,37,0,6,39,4,49,21,3,24,73
09/03/2012,PKB,WV,AEA,CE,Federal Contract Tower,0,8,1,0,9,0,0,10,0,10,0,8,11,0,19,16,0,16,35
09/04/2012,PKB,WV,AEA,CE,Federal Contract Tower,0,7,13,16,36,0,2,50,15,67,0,9,63,31,103,28,8,36,139
09/05/2012,PKB,WV,AEA,CE,Federal Contract Tower,0,12,10,5,27,0,3,60,18,81,0,15,70,23,108,24,10,34,142
09/06/2012,PKB,WV,AEA,CE,Federal Contract Tower,0,11,14,16,41,0,0,44,21,65,0,11,58,37,106,32,14,46,152
09/07/2012,PKB,WV,AEA,CE,Federal Contract Tower,1,10,14,15,40,0,7,46,16,69,1,17,60,31,109,22,70,92,201
09/08/2012,PKB,WV,AEA,CE,Federal Contract Tower,0,5,1,0,6,0,0,7,0,7,0,5,8,0,13,4,0,4,17
09/09/2012,PKB,WV,AEA,CE,Federal Contract Tower,1,7,8,0,16,0,0,45,3,48,1,7,53,3,64,24,2,26,90
09/10/2012,PKB,WV,AEA,CE,Federal Contract Tower,0,11,6,8,25,0,2,36,11,49,0,13,42,19,74,10,22,32,106
09/11/2012,PKB,WV,AEA,CE,Federal Contract Tower,0,10,17,11,38,0,1,60,14,75,0,11,77,25,113,24,34,58,171
09/12/2012,PKB,WV,AEA,CE,Federal Contract Tower,0,14,8,9,31,0,5,52,17,74,0,19,60,26,105,20,10,30,135
09/13/2012,PKB,WV,AEA,CE,Federal Contract Tower,0,16,5,6,27,0,4,35,13,52,0,20,40,19,79,16,28,44,123
09/14/2012,PKB,WV,AEA,CE,Federal Contract Tower,0,12,14,4,30,0,3,53,29,85,0,15,67,33,115,18,150,168,283
09/15/2012,PKB,WV,AEA,CE,Federal Contract Tower,0,5,6,5,16,0,7,16,15,38,0,12,22,20,54,0,6,6,60
09/16/2012,PKB,WV,AEA,CE,Federal Contract Tower,0,4,12,2,18,0,0,51,9,60,0,4,63,11,78,22,2,24,102
09/17/2012,PKB,WV,AEA,CE,Federal Contract Tower,0,9,5,4,18,0,0,17,12,29,0,9,22,16,47,28,12,40,87
09/18/2012,PKB,WV,AEA,CE,Federal Contract Tower,0,12,11,0,23,0,2,3,0,5,0,14,14,0,28,0,0,0,28
09/19/2012,PKB,WV,AEA,CE,Federal Contract Tower,0,13,10,9,32,0,2,61,26,89,0,15,71,35,121,56,80,136,257
09/20/2012,PKB,WV,AEA,CE,Federal Contract Tower,0,11,10,8,29,0,0,11,6,17,0,11,21,14,46,0,0,0,46
09/21/2012,PKB,WV,AEA,CE,Federal Contract Tower,0,12,14,4,30,0,6,71,22,99,0,18,85,26,129,26,64,90,219
09/22/2012,PKB,WV,AEA,CE,Federal Contract Tower,0,5,2,3,10,0,0,14,20,34,0,5,16,23,44,10,22,32,76
09/23/2012,PKB,WV,AEA,CE,Federal Contract Tower,0,4,7,1,12,0,0,42,2,44,0,4,49,3,56,48,0,48,104
09/24/2012,PKB,WV,AEA,CE,Federal Contract Tower,0,9,7,3,19,0,2,17,6,25,0,11,24,9,44,4,6,10,54
09/25/2012,PKB,WV,AEA,CE,Federal Contract Tower,0,12,7,3,22,0,3,58,9,70,0,15,65,12,92,12,2,14,106
09/26/2012,PKB,WV,AEA,CE,Federal Contract Tower,0,12,13,4,29,0,0,57,12,69,0,12,70,16,98,12,42,54,152
09/27/2012,PKB,WV,AEA,CE,Federal Contract Tower,0,18,4,4,26,0,1,21,6,28,0,19,25,10,54,2,0,2,56
09/28/2012,PKB,WV,AEA,CE,Federal Contract Tower,0,13,10,4,27,0,0,22,2,24,0,13,32,6,51,0,2,2,53
09/29/2012,PKB,WV,AEA,CE,Federal Contract Tower,0,7,10,0,17,0,2,23,2,27,0,9,33,2,44,6,0,6,50
09/30/2012,PKB,WV,AEA,CE,Federal Contract Tower,0,4,6,0,10,0,5,14,1,20,0,9,20,1,30,0,0,0,30
10/01/2012,PKB,WV,AEA,CE,Federal Contract Tower,0,9,4,0,13,0,0,16,2,18,0,9,20,2,31,20,22,42,73
10/02/2012,PKB,WV,AEA,CE,Federal Contract Tower,0,12,9,1,22,0,5,56,10,71,0,17,65,11,93,12,18,30,123
10/03/2012,PKB,WV,AEA,CE,Federal Contract Tower,0,17,6,0,23,0,4,51,10,65,0,21,57,10,88,18,10,28,116
10/04/2012,PKB,WV,AEA,CE,Federal Contract Tower,0,12,12,3,27,0,8,58,13,79,0,20,70,16,106,28,48,76,182
10/05/2012,PKB,WV,AEA,CE,Federal Contract Tower,0,14,13,0,27,0,4,45,12,61,0,18,58,12,88,18,6,24,112
10/06/2012,PKB,WV,AEA,CE,Federal Contract Tower,1,5,1,2,9,0,8,23,3,34,1,13,24,5,43,38,0,38,81
10/07/2012,PKB,WV,AEA,CE,Federal Contract Tower,0,6,9,0,15,0,1,27,0,28,0,7,36,0,43,10,0,10,53
10/08/2012,PKB,WV,AEA,CE,Federal Contract Tower,0,9,7,0,16,0,0,14,3,17,0,9,21,3,33,0,38,38,71
10/09/2012,PKB,WV,AEA,CE,Federal Contract Tower,0,11,10,10,31,0,0,1,0,1,0,11,11,10,32,6,14,20,52
10/10/2012,PKB,WV,AEA,CE,Federal Contract Tower,0,14,8,5,27,0,2,38,14,54,0,16,46,19,81,20,24,44,125
10/11/2012,PKB,WV,AEA,CE,Federal Contract Tower,0,12,12,2,26,0,5,58,16,79,0,17,70,18,105,40,6,46,151
10/12/2012,PKB,WV,AEA,CE,Federal Contract Tower,0,15,7,1,23,0,1,51,24,76,0,16,58,25,99,38,26,64,163
10/13/2012,PKB,WV,AEA,CE,Federal Contract Tower,0,5,3,0,8,0,3,111,6,120,0,8,114,6,128,80,0,80,208
10/14/2012,PKB,WV,AEA,CE,Federal Contract Tower,0,4,3,0,7,0,1,99,3,103,0,5,102,3,110,88,0,88,198
10/15/2012,PKB,WV,AEA,CE,Federal Contract Tower,0,9,10,0,19,0,1,29,8,38,0,10,39,8,57,24,14,38,95
10/16/2012,PKB,WV,AEA,CE,Federal Contract Tower,0,15,20,2,37,0,2,61,23,86,0,17,81,25,123,36,16,52,175
10/17/2012,PKB,WV,AEA,CE,Federal Contract Tower,2,12,11,9,34,0,1,44,22,67,2,13,55,31,101,22,14,36,137
10/18/2012,PKB,WV,AEA,CE,Federal Contract Tower,0,12,7,4,23,0,2,50,18,70,0,14,57,22,93,16,16,32,125
10/19/2012,PKB,WV,AEA,CE,Federal Contract Tower,0,14,7,4,25,0,2,36,25,63,0,16,43,29,88,16,10,26,114
10/20/2012,PKB,WV,AEA,CE,Federal Contract Tower,0,5,2,2,9,0,0,29,8,37,0,5,31,10,46,0,4,4,50
10/21/2012,PKB,WV,AEA,CE,Federal Contract Tower,0,3,5,0,8,0,3,44,0,47,0,6,49,0,55,10,0,10,65
10/22/2012,PKB,WV,AEA,CE,Federal Contract Tower,0,9,10,0,19,0,2,25,9,36,0,11,35,9,55,20,56,76,131
10/23/2012,PKB,WV,AEA,CE,Federal Contract Tower,0,12,7,5,24,0,0,28,9,37,0,12,35,14,61,48,2,50,111
10/24/2012,PKB,WV,AEA,CE,Federal Contract Tower,0,12,13,3,28,0,0,25,14,39,0,12,38,17,67,14,18,32,99
10/25/2012,PKB,WV,AEA,CE,Federal Contract Tower,0,12,10,8,30,0,1,45,24,70,0,13,55,32,100,18,68,86,186
10/26/2012,PKB,WV,AEA,CE,Federal Contract Tower,0,12,12,2,26,0,2,39,16,57,0,14,51,18,83,68,124,192,275
10/27/2012,PKB,WV,AEA,CE,Federal Contract Tower,0,6,4,3,13,0,0,0,3,3,0,6,4,6,16,0,10,10,26
10/28/2012,PKB,WV,AEA,CE,Federal Contract Tower,0,4,8,0,12,0,2,0,2,4,0,6,8,2,16,0,38,38,54
10/29/2012,PKB,WV,AEA,CE,Federal Contract Tower,0,6,2,0,8,0,0,0,0,0,0,6,2,0,8,0,0,0,8
10/30/2012,PKB,WV,AEA,CE,Federal Contract Tower,0,3,0,0,3,0,0,0,0,0,0,3,0,0,3,0,0,0,3
10/31/2012,PKB,WV,AEA,CE,Federal Contract Tower,0,16,2,2,20,0,0,2,0,2,0,16,4,2,22,0,0,0,22
11/01/2012,PKB,WV,AEA,CE,Federal Contract Tower,0,16,2,5,23,0,6,17,10,33,0,22,19,15,56,0,0,0,56
11/02/2012,PKB,WV,AEA,CE,Federal Contract Tower,0,16,14,6,36,0,6,28,32,66,0,22,42,38,102,6,106,112,214
11/03/2012,PKB,WV,AEA,CE,Federal Contract Tower,0,8,8,3,19,0,0,42,23,65,0,8,50,26,84,38,32,70,154
11/04/2012,PKB,WV,AEA,CE,Federal Contract Tower,0,4,6,1,11,0,5,32,11,48,0,9,38,12,59,0,0,0,59
11/05/2012,PKB,WV,AEA,CE,Federal Contract Tower,0,9,8,5,22,0,1,9,16,26,0,10,17,21,48,44,38,82,130
11/06/2012,PKB,WV,AEA,CE,Federal Contract Tower,0,13,5,11,29,0,32,4,0,36,0,45,9,11,65,6,2,8,73
11/07/2012,PKB,WV,AEA,CE,Federal Contract Tower,0,13,3,7,23,0,5,12,8,25,0,18,15,15,48,14,14,28,76
11/08/2012,PKB,WV,AEA,CE,Federal Contract Tower,0,12,1,15,28,0,3,26,18,47,0,15,27,33,75,12,14,26,101
11/09/2012,PKB,WV,AEA,CE,Federal Contract Tower,0,14,10,10,34,0,3,51,17,71,0,17,61,27,105,16,40,56,161
11/10/2012,PKB,WV,AEA,CE,Federal Contract Tower,0,5,5,0,10,0,0,54,5,59,0,5,59,5,69,50,0,50,119
11/11/2012,PKB,WV,AEA,CE,Federal Contract Tower,0,8,7,0,15,0,4,54,0,58,0,12,61,0,73,32,0,32,105
11/12/2012,PKB,WV,AEA,CE,Federal Contract Tower,0,7,4,0,11,0,1,0,0,1,0,8,4,0,12,0,0,0,12
11/13/2012,PKB,WV,AEA,CE,Federal Contract Tower,0,14,9,4,27,0,1,12,15,28,0,15,21,19,55,16,48,64,119
11/14/2012,PKB,WV,AEA,CE,Federal Contract Tower,0,11,6,7,24,0,2,29,17,48,0,13,35,24,72,14,40,54,126
11/15/2012,PKB,WV,AEA,CE,Federal Contract Tower,0,12,10,8,30,0,3,18,15,36,0,15,28,23,66,8,50,58,124
11/16/2012,PKB,WV,AEA,CE,Federal Contract Tower,0,12,20,2,34,0,0,66,28,94,0,12,86,30,128,42,128,170,298
11/17/2012,PKB,WV,AEA,CE,Federal Contract Tower,0,5,9,3,17,0,2,74,24,100,0,7,83,27,117,34,70,104,221
11/18/2012,PKB,WV,AEA,CE,Federal Contract Tower,0,4,6,1,11,0,0,26,4,30,0,4,32,5,41,50,10,60,101
11/19/2012,PKB,WV,AEA,CE,Federal Contract Tower,0,14,5,0,19,0,2,19,5,26,0,16,24,5,45,20,4,24,69
11/20/2012,PKB,WV,AEA,CE,Federal Contract Tower,0,12,17,3,32,0,0,56,30,86,0,12,73,33,118,22,34,56,174
11/21/2012,PKB,WV,AEA,CE,Federal Contract Tower,0,12,7,0,19,0,2,50,1,53,0,14,57,1,72,12,6,18,90
11/22/2012,PKB,WV,AEA,CE,Federal Contract Tower,0,10,1,0,11,0,0,18,0,18,0,10,19,0,29,0,0,0,29
11/23/2012,PKB,WV,AEA,CE,Federal Contract Tower,0,11,4,0,15,0,2,23,2,27,0,13,27,2,42,8,0,8,50
11/24/2012,PKB,WV,AEA,CE,Federal Contract Tower,0,6,4,0,10,0,2,11,0,13,0,8,15,0,23,12,0,12,35
11/25/2012,PKB,WV,AEA,CE,Federal Contract Tower,0,5,6,2,13,0,2,36,0,38,0,7,42,2,51,26,0,26,77
11/26/2012,PKB,WV,AEA,CE,Federal Contract Tower,0,9,3,2,14,0,2,12,2,16,0,11,15,4,30,6,0,6,36
11/27/2012,PKB,WV,AEA,CE,Federal Contract Tower,0,13,7,2,22,0,2,21,10,33,0,15,28,12,55,14,72,86,141
11/28/2012,PKB,WV,AEA,CE,Federal Contract Tower,1,12,5,9,27,0,0,61,15,76,1,12,66,24,103,32,74,106,209
11/29/2012,PKB,WV,AEA,CE,Federal Contract Tower,0,14,7,5,26,0,4,32,24,60,0,18,39,29,86,12,70,82,168
11/30/2012,PKB,WV,AEA,CE,Federal Contract Tower,0,14,9,0,23,0,3,39,23,65,0,17,48,23,88,24,36,60,148
12/01/2012,PKB,WV,AEA,CE,Federal Contract Tower,0,6,6,2,14,0,4,40,9,53,0,10,46,11,67,6,10,16,83
12/02/2012,PKB,WV,AEA,CE,Federal Contract Tower,0,6,5,4,15,0,0,6,6,12,0,6,11,10,27,8,12,20,47
12/03/2012,PKB,WV,AEA,CE,Federal Contract Tower,0,8,7,2,17,0,5,9,4,18,0,13,16,6,35,0,34,34,69
12/04/2012,PKB,WV,AEA,CE,Federal Contract Tower,0,12,5,1,18,0,0,35,15,50,0,12,40,16,68,0,50,50,118
12/05/2012,PKB,WV,AEA,CE,Federal Contract Tower,0,11,17,0,28,0,1,49,15,65,0,12,66,15,93,20,42,62,155
12/06/2012,PKB,WV,AEA,CE,Federal Contract Tower,0,17,14,2,33,0,0,37,11,48,0,17,51,13,81,10,6,16,97
12/07/2012,PKB,WV,AEA,CE,Federal Contract Tower,0,12,3,2,17,0,0,2,2,4,0,12,5,4,21,0,0,0,21
12/08/2012,PKB,WV,AEA,CE,Federal Contract Tower,0,6,8,2,16,0,0,0,5,5,0,6,8,7,21,2,44,46,67
12/09/2012,PKB,WV,AEA,CE,Federal Contract Tower,0,5,8,0,13,0,0,0,0,0,0,5,8,0,13,0,0,0,13
12/10/2012,PKB,WV,AEA,CE,Federal Contract Tower,0,11,2,0,13,0,0,0,0,0,0,11,2,0,13,0,0,0,13
12/11/2012,PKB,WV,AEA,CE,Federal Contract Tower,0,17,11,0,28,0,3,14,10,27,0,20,25,10,55,2,40,42,97
12/12/2012,PKB,WV,AEA,CE,Federal Contract Tower,0,14,7,4,25,0,3,39,21,63,0,17,46,25,88,0,38,38,126
12/13/2012,PKB,WV,AEA,CE,Federal Contract Tower,0,15,4,0,19,0,0,36,14,50,0,15,40,14,69,24,2,26,95
12/14/2012,PKB,WV,AEA,CE,Federal Contract Tower,0,13,4,0,17,0,4,44,13,61,0,17,48,13,78,16,8,24,102
12/15/2012,PKB,WV,AEA,CE,Federal Contract Tower,0,6,2,0,8,0,2,33,5,40,0,8,35,5,48,26,0,26,74
12/16/2012,PKB,WV,AEA,CE,Federal Contract Tower,0,6,0,0,6,0,0,10,0,10,0,6,10,0,16,30,0,30,46
12/17/2012,PKB,WV,AEA,CE,Federal Contract Tower,0,11,8,1,20,0,0,4,2,6,0,11,12,3,26,12,0,12,38
12/18/2012,PKB,WV,AEA,CE,Federal Contract Tower,0,16,3,0,19,0,5,29,6,40,0,21,32,6,59,2,6,8,67
12/19/2012,PKB,WV,AEA,CE,Federal Contract Tower,0,12,15,3,30,0,2,39,21,62,0,14,54,24,92,4,16,20,112
12/20/2012,PKB,WV,AEA,CE,Federal Contract Tower,0,13,9,3,25,0,1,2,2,5,0,14,11,5,30,0,0,0,30
12/21/2012,PKB,WV,AEA,CE,Federal Contract Tower,0,11,3,0,14,0,0,0,0,0,0,11,3,0,14,0,0,0,14
12/22/2012,PKB,WV,AEA,CE,Federal Contract Tower,0,7,3,0,10,0,5,0,0,5,0,12,3,0,15,0,0,0,15
12/23/2012,PKB,WV,AEA,CE,Federal Contract Tower,0,4,3,0,7,0,0,41,0,41,0,4,44,0,48,6,0,6,54
12/24/2012,PKB,WV,AEA,CE,Federal Contract Tower,0,3,0,0,3,0,0,1,0,1,0,3,1,0,4,0,0,0,4
12/25/2012,PKB,WV,AEA,CE,Federal Contract Tower,0,9,0,0,9,0,2,3,0,5,0,11,3,0,14,0,0,0,14
12/26/2012,PKB,WV,AEA,CE,Federal Contract Tower,0,3,1,0,4,0,0,0,0,0,0,3,1,0,4,0,0,0,4
12/27/2012,PKB,WV,AEA,CE,Federal Contract Tower,0,3,10,0,13,0,0,1,0,1,0,3,11,0,14,0,0,0,14
12/28/2012,PKB,WV,AEA,CE,Federal Contract Tower,0,9,11,0,20,0,2,21,15,38,0,11,32,15,58,0,12,12,70
12/29/2012,PKB,WV,AEA,CE,Federal Contract Tower,0,4,1,0,5,0,0,0,0,0,0,4,1,0,5,0,0,0,5
12/30/2012,PKB,WV,AEA,CE,Federal Contract Tower,0,5,1,0,6,0,0,7,0,7,0,5,8,0,13,10,0,10,23
12/31/2012,PKB,WV,AEA,CE,Federal Contract Tower,0,6,2,6,14,0,3,6,0,9,0,9,8,6,23,0,2,2,25
01/01/2013,PKB,WV,AEA,CE,Federal Contract Tower,0,10,0,0,10,0,0,0,0,0,0,10,0,0,10,0,0,0,10
01/02/2013,PKB,WV,AEA,CE,Federal Contract Tower,0,11,8,3,22,0,1,19,9,29,0,12,27,12,51,4,14,18,69
01/03/2013,PKB,WV,AEA,CE,Federal Contract Tower,0,11,7,2,20,0,2,21,16,39,0,13,28,18,59,2,20,22,81
01/04/2013,PKB,WV,AEA,CE,Federal Contract Tower,0,10,6,9,25,0,5,19,33,57,0,15,25,42,82,22,78,100,182
01/05/2013,PKB,WV,AEA,CE,Federal Contract Tower,0,5,1,3,9,0,0,26,17,43,0,5,27,20,52,8,30,38,90
01/06/2013,PKB,WV,AEA,CE,Federal Contract Tower,0,4,5,2,11,0,1,0,30,31,0,5,5,32,42,0,72,72,114
01/07/2013,PKB,WV,AEA,CE,Federal Contract Tower,0,7,3,6,16,0,2,6,9,17,0,9,9,15,33,0,20,20,53
01/08/2013,PKB,WV,AEA,CE,Federal Contract Tower,0,12,18,2,32,0,3,42,16,61,0,15,60,18,93,28,12,40,133
01/09/2013,PKB,WV,AEA,CE,Federal Contract Tower,0,12,12,8,32,0,2,2,6,10,0,14,14,14,42,0,10,10,52
01/10/2013,PKB,WV,AEA,CE,Federal Contract Tower,0,6,2,1,9,0,4,18,8,30,0,10,20,9,39,6,2,8,47
01/11/2013,PKB,WV,AEA,CE,Federal Contract Tower,0,12,6,3,21,0,4,7,9,20,0,16,13,12,41,4,48,52,93
01/12/2013,PKB,WV,AEA,CE,Federal Contract Tower,0,5,6,1,12,0,8,29,4,41,0,13,35,5,53,20,8,28,81
01/13/2013,PKB,WV,AEA,CE,Federal Contract Tower,0,4,9,0,13,0,1,26,5,32,0,5,35,5,45,36,2,38,83
01/14/2013,PKB,WV,AEA,CE,Federal Contract Tower,0,9,5,10,24,0,1,7,8,16,0,10,12,18,40,0,72,72,112
01/15/2013,PKB,WV,AEA,CE,Federal Contract Tower,0,8,5,9,22,0,2,2,8,12,0,10,7,17,34,0,38,38,72
01/16/2013,PKB,WV,AEA,CE,Federal Contract Tower,0,10,2,2,14,0,0,0,0,0,0,10,2,2,14,0,0,0,14
01/17/2013,PKB,WV,AEA,CE,Federal Contract Tower,0,14,6,14,34,0,4,18,13,35,0,18,24,27,69,0,44,44,113
01/18/2013,PKB,WV,AEA,CE,Federal Contract Tower,0,14,9,13,36,0,0,48,19,67,0,14,57,32,103,54,28,82,185
01/19/2013,PKB,WV,AEA,CE,Federal Contract Tower,0,5,10,0,15,0,2,28,6,36,0,7,38,6,51,16,0,16,67
01/20/2013,PKB,WV,AEA,CE,Federal Contract Tower,0,6,2,1,9,0,2,12,0,14,0,8,14,1,23,32,0,32,55
01/21/2013,PKB,WV,AEA,CE,Federal Contract Tower,0,7,7,2,16,0,0,4,0,4,0,7,11,2,20,6,0,6,26
01/22/2013,PKB,WV,AEA,CE,Federal Contract Tower,0,13,13,6,32,0,0,33,11,44,0,13,46,17,76,10,0,10,86
01/23/2013,PKB,WV,AEA,CE,Federal Contract Tower,0,12,8,8,28,0,0,19,9,28,0,12,27,17,56,8,6,14,70
01/24/2013,PKB,WV,AEA,CE,Federal Contract Tower,0,10,11,9,30,0,4,20,14,38,0,14,31,23,68,26,34,60,128
01/25/2013,PKB,WV,AEA,CE,Federal Contract Tower,0,11,7,5,23,0,2,0,2,4,0,13,7,7,27,0,10,10,37
01/26/2013,PKB,WV,AEA,CE,Federal Contract Tower,0,6,3,0,9,0,2,12,14,28,0,8,15,14,37,0,28,28,65
01/27/2013,PKB,WV,AEA,CE,Federal Contract Tower,0,5,16,0,21,0,2,23,6,31,0,7,39,6,52,46,4,50,102
01/28/2013,PKB,WV,AEA,CE,Federal Contract Tower,0,7,3,5,15,0,0,0,1,1,0,7,3,6,16,0,6,6,22
01/29/2013,PKB,WV,AEA,CE,Federal Contract Tower,0,11,7,3,21,0,2,22,7,31,0,13,29,10,52,6,8,14,66
01/30/2013,PKB,WV,AEA,CE,Federal Contract Tower,0,10,4,0,14,0,3,7,0,10,0,13,11,0,24,0,0,0,24
01/31/2013,PKB,WV,AEA,CE,Federal Contract Tower,0,12,3,4,19,0,0,6,28,34,0,12,9,32,53,2,124,126,179
02/01/2013,PKB,WV,AEA,CE,Federal Contract Tower,0,11,6,6,23,0,2,23,50,75,0,13,29,56,98,0,50,50,148
02/02/2013,PKB,WV,AEA,CE,Federal Contract Tower,0,2,0,2,4,0,0,5,6,11,0,2,5,8,15,0,0,0,15
02/03/2013,PKB,WV,AEA,CE,Federal Contract Tower,0,5,5,2,12,0,2,0,0,2,0,7,5,2,14,0,0,0,14
02/04/2013,PKB,WV,AEA,CE,Federal Contract Tower,0,9,7,4,20,0,0,2,0,2,0,9,9,4,22,0,20,20,42
02/05/2013,PKB,WV,AEA,CE,Federal Contract Tower,0,11,7,2,20,0,0,17,0,17,0,11,24,2,37,0,0,0,37
02/06/2013,PKB,WV,AEA,CE,Federal Contract Tower,0,12,9,8,29,0,6,33,1,40,0,18,42,9,69,0,0,0,69
02/07/2013,PKB,WV,AEA,CE,Federal Contract Tower,0,15,10,4,29,0,6,34,4,44,0,21,44,8,73,26,30,56,129
02/08/2013,PKB,WV,AEA,CE,Federal Contract Tower,0,14,2,2,18,0,4,8,2,14,0,18,10,4,32,14,0,14,46
02/09/2013,PKB,WV,AEA,CE,Federal Contract Tower,0,5,9,1,15,0,1,39,14,54,0,6,48,15,69,14,0,14,83
02/10/2013,PKB,WV,AEA,CE,Federal Contract Tower,0,4,6,2,12,0,0,34,4,38,0,4,40,6,50,30,2,32,82
02/11/2013,PKB,WV,AEA,CE,Federal Contract Tower,0,9,11,2,22,0,2,3,2,7,0,11,14,4,29,8,0,8,37
02/12/2013,PKB,WV,AEA,CE,Federal Contract Tower,0,12,12,4,28,0,1,50,16,67,0,13,62,20,95,12,6,18,113
02/13/2013,PKB,WV,AEA,CE,Federal Contract Tower,0,12,6,13,31,0,4,1,7,12,0,16,7,20,43,0,4,4,47
02/14/2013,PKB,WV,AEA,CE,Federal Contract Tower,0,12,7,13,32,0,0,22,9,31,0,12,29,22,63,2,20,22,85
02/15/2013,PKB,WV,AEA,CE,Federal Contract Tower,0,12,2,3,17,0,0,18,3,21,0,12,20,6,38,8,4,12,50
02/16/2013,PKB,WV,AEA,CE,Federal Contract Tower,0,5,7,1,13,0,7,20,2,29,0,12,27,3,42,16,0,16,58
02/17/2013,PKB,WV,AEA,CE,Federal Contract Tower,0,1,2,0,3,0,2,12,0,14,0,3,14,0,17,0,0,0,17
02/18/2013,PKB,WV,AEA,CE,Federal Contract Tower,0,8,9,0,17,0,3,18,0,21,0,11,27,0,38,2,0,2,40
02/19/2013,PKB,WV,AEA,CE,Federal Contract Tower,0,14,6,1,21,0,0,14,8,22,0,14,20,9,43,0,34,34,77
02/20/2013,PKB,WV,AEA,CE,Federal Contract Tower,0,12,10,0,22,0,0,16,18,34,0,12,26,18,56,0,26,26,82
02/21/2013,PKB,WV,AEA,CE,Federal Contract Tower,0,9,6,1,16,0,7,42,19,68,0,16,48,20,84,10,66,76,160
02/22/2013,PKB,WV,AEA,CE,Federal Contract Tower,0,5,1,0,6,0,2,12,7,21,0,7,13,7,27,0,60,60,87
02/23/2013,PKB,WV,AEA,CE,Federal Contract Tower,0,5,3,1,9,0,0,24,6,30,0,5,27,7,39,20,10,30,69
02/24/2013,PKB,WV,AEA,CE,Federal Contract Tower,0,4,10,0,14,0,3,8,3,14,0,7,18,3,28,6,0,6,34
02/25/2013,PKB,WV,AEA,CE,Federal Contract Tower,0,9,4,11,24,0,17,12,0,29,0,26,16,11,53,0,28,28,81
02/26/2013,PKB,WV,AEA,CE,Federal Contract Tower,0,17,4,2,23,0,0,38,2,40,0,17,42,4,63,12,24,36,99
02/27/2013,PKB,WV,AEA,CE,Federal Contract Tower,0,11,4,8,23,0,1,16,9,26,0,12,20,17,49,0,32,32,81
02/28/2013,PKB,WV,AEA,CE,Federal Contract Tower,0,12,4,4,20,0,0,7,6,13,0,12,11,10,33,0,40,40,73
03/01/2013,PKB,WV,AEA,CE,Federal Contract Tower,0,16,2,4,22,0,2,11,19,32,0,18,13,23,54,14,126,140,194
03/02/2013,PKB,WV,AEA,CE,Federal Contract Tower,0,6,0,0,6,0,2,7,9,18,0,8,7,9,24,2,70,72,96
03/03/2013,PKB,WV,AEA,CE,Federal Contract Tower,0,4,0,0,4,0,4,2,4,10,0,8,2,4,14,0,0,0,14
03/04/2013,PKB,WV,AEA,CE,Federal Contract Tower,0,9,2,2,13,0,4,16,2,22,0,13,18,4,35,50,0,50,85
03/05/2013,PKB,WV,AEA,CE,Federal Contract Tower,0,11,10,10,31,0,6,27,22,55,0,17,37,32,86,6,62,68,154
03/06/2013,PKB,WV,AEA,CE,Federal Contract Tower,0,12,4,0,16,0,1,25,10,36,0,13,29,10,52,0,56,56,108
03/07/2013,PKB,WV,AEA,CE,Federal Contract Tower,0,13,6,8,27,0,2,15,17,34,0,15,21,25,61,8,108,116,177
03/08/2013,PKB,WV,AEA,CE,Federal Contract Tower,0,13,8,8,29,0,0,42,26,68,0,13,50,34,97,18,88,106,203
03/09/2013,PKB,WV,AEA,CE,Federal Contract Tower,0,5,9,2,16,0,3,77,9,89,0,8,86,11,105,82,10,92,197
03/10/2013,PKB,WV,AEA,CE,Federal Contract Tower,0,4,7,0,11,0,1,28,0,29,0,5,35,0,40,36,0,36,76
03/11/2013,PKB,WV,AEA,CE,Federal Contract Tower,0,10,12,2,24,0,1,7,6,14,0,11,19,8,38,0,36,36,74
03/12/2013,PKB,WV,AEA,CE,Federal Contract Tower,0,11,7,3,21,0,2,38,23,63,0,13,45,26,84,2,70,72,156
03/13/2013,PKB,WV,AEA,CE,Federal Contract Tower,0,12,3,9,24,0,0,17,20,37,0,12,20,29,61,0,56,56,117
03/14/2013,PKB,WV,AEA,CE,Federal Contract Tower,0,12,10,12,34,0,5,37,20,62,0,17,47,32,96,20,28,48,144
03/15/2013,PKB,WV,AEA,CE,Federal Contract Tower,0,11,1,4,16,0,3,48,18,69,0,14,49,22,85,32,96,128,213
03/16/2013,PKB,WV,AEA,CE,Federal Contract Tower,0,5,3,0,8,0,3,21,0,24,0,8,24,0,32,6,0,6,38
03/17/2013,PKB,WV,AEA,CE,Federal Contract Tower,0,5,8,0,13,0,4,9,0,13,0,9,17,0,26,0,0,0,26
03/18/2013,PKB,WV,AEA,CE,Federal Contract Tower,0,9,3,1,13,0,0,0,1,1,0,9,3,2,14,0,0,0,14
03/19/2013,PKB,WV,AEA,CE,Federal Contract Tower,0,16,7,1,24,0,2,22,9,33,0,18,29,10,57,0,44,44,101
03/20/2013,PKB,WV,AEA,CE,Federal Contract Tower,0,17,9,0,26,0,1,48,17,66,0,18,57,17,92,20,66,86,178
03/21/2013,PKB,WV,AEA,CE,Federal Contract Tower,0,13,7,0,20,0,0,13,13,26,0,13,20,13,46,0,42,42,88
03/22/2013,PKB,WV,AEA,CE,Federal Contract Tower,0,12,5,2,19,0,7,35,32,74,0,19,40,34,93,42,86,128,221
03/23/2013,PKB,WV,AEA,CE,Federal Contract Tower,0,5,9,0,14,0,4,81,25,110,0,9,90,25,124,18,34,52,176
03/24/2013,PKB,WV,AEA,CE,Federal Contract Tower,0,4,8,6,18,0,0,10,8,18,0,4,18,14,36,8,40,48,84
03/25/2013,PKB,WV,AEA,CE,Federal Contract Tower,0,10,3,0,13,0,0,0,12,12,0,10,3,12,25,0,76,76,101
03/26/2013,PKB,WV,AEA,CE,Federal Contract Tower,0,12,7,2,21,0,2,37,18,57,0,14,44,20,78,4,78,82,160
03/27/2013,PKB,WV,AEA,CE,Federal Contract Tower,0,12,5,8,25,0,1,43,21,65,0,13,48,29,90,36,84,120,210
03/28/2013,PKB,WV,AEA,CE,Federal Contract Tower,0,13,2,4,19,0,5,39,20,64,0,18,41,24,83,34,16,50,133
03/29/2013,PKB,WV,AEA,CE,Federal Contract Tower,0,12,7,5,24,0,1,48,13,62,0,13,55,18,86,66,12,78,164
03/30/2013,PKB,WV,AEA,CE,Federal Contract Tower,0,5,8,0,13,0,1,60,1,62,0,6,68,1,75,38,0,38,113
03/31/2013,PKB,WV,AEA,CE,Federal Contract Tower,0,4,4,6,14,0,0,0,2,2,0,4,4,8,16,0,0,0,16
04/01/2013,PKB,WV,AEA,CE,Federal Contract Tower,0,10,8,0,18,0,1,16,5,22,0,11,24,5,40,8,56,64,104
04/02/2013,PKB,WV,AEA,CE,Federal Contract Tower,0,14,2,0,16,0,2,49,16,67,0,16,51,16,83,18,26,44,127
04/03/2013,PKB,WV,AEA,CE,Federal Contract Tower,0,12,8,11,31,0,4,54,19,77,0,16,62,30,108,38,80,118,226
04/04/2013,PKB,WV,AEA,CE,Federal Contract Tower,0,14,8,10,32,0,2,79,41,122,0,16,87,51,154,22,44,66,220
04/05/2013,PKB,WV,AEA,CE,Federal Contract Tower,0,12,11,7,30,0,4,49,12,65,0,16,60,19,95,16,44,60,155
04/06/2013,PKB,WV,AEA,CE,Federal Contract Tower,0,5,5,1,11,0,4,71,9,84,0,9,76,10,95,76,2,78,173
04/07/2013,PKB,WV,AEA,CE,Federal Contract Tower,0,4,7,0,11,0,4,7,12,23,0,8,14,12,34,0,40,40,74
04/08/2013,PKB,WV,AEA,CE,Federal Contract Tower,0,9,6,3,18,0,2,2,16,20,0,11,8,19,38,0,56,56,94
04/09/2013,PKB,WV,AEA,CE,Federal Contract Tower,0,13,11,1,25,0,4,68,15,87,0,17,79,16,112,26,14,40,152
04/10/2013,PKB,WV,AEA,CE,Federal Contract Tower,0,16,7,0,23,0,2,63,10,75,0,18,70,10,98,6,16,22,120
04/11/2013,PKB,WV,AEA,CE,Federal Contract Tower,0,16,8,6,30,0,5,24,16,45,0,21,32,22,75,8,30,38,113
04/12/2013,PKB,WV,AEA,CE,Federal Contract Tower,0,16,9,3,28,0,6,31,8,45,0,22,40,11,73,22,10,32,105
04/13/2013,PKB,WV,AEA,CE,Federal Contract Tower,0,7,12,1,20,0,0,24,3,27,0,7,36,4,47,48,0,48,95
04/14/2013,PKB,WV,AEA,CE,Federal Contract Tower,0,4,6,0,10,0,4,42,0,46,0,8,48,0,56,64,0,64,120
04/15/2013,PKB,WV,AEA,CE,Federal Contract Tower,0,10,4,2,16,0,4,11,5,20,0,14,15,7,36,26,0,26,62
04/16/2013,PKB,WV,AEA,CE,Federal Contract Tower,0,9,7,7,23,0,0,0,0,0,0,9,7,7,23,12,24,36,59
04/17/2013,PKB,WV,AEA,CE,Federal Contract Tower,0,12,18,4,34,0,1,46,21,68,0,13,64,25,102,44,52,96,198
04/18/2013,PKB,WV,AEA,CE,Federal Contract Tower,0,13,8,0,21,0,5,35,9,49,0,18,43,9,70,0,0,0,70
04/19/2013,PKB,WV,AEA,CE,Federal Contract Tower,0,13,3,0,16,0,4,0,0,4,0,17,3,0,20,0,0,0,20
04/20/2013,PKB,WV,AEA,CE,Federal Contract Tower,0,5,10,2,17,0,5,19,4,28,0,10,29,6,45,8,0,8,53
04/21/2013,PKB,WV,AEA,CE,Federal Contract Tower,0,4,6,0,10,0,7,65,1,73,0,11,71,1,83,52,0,52,135
04/22/2013,PKB,WV,AEA,CE,Federal Contract Tower,0,9,9,1,19,0,8,44,8,60,0,17,53,9,79,42,18,60,139
04/23/2013,PKB,WV,AEA,CE,Federal Contract Tower,0,12,15,2,29,0,29,64,11,104,0,41,79,13,133,46,24,70,203
04/24/2013,PKB,WV,AEA,CE,Federal Contract Tower,0,12,4,4,20,0,0,2,11,13,0,12,6,15,33,0,32,32,65
04/25/2013,PKB,WV,AEA,CE,Federal Contract Tower,0,13,9,10,32,0,4,37,13,54,0,17,46,23,86,10,20,30,116
04/26/2013,PKB,WV,AEA,CE,Federal Contract Tower,0,12,15,4,31,0,8,67,14,89,0,20,82,18,120,54,12,66,186
04/27/2013,PKB,WV,AEA,CE,Federal Contract Tower,0,5,4,0,9,0,2,64,30,96,0,7,68,30,105,30,28,58,163
04/28/2013,PKB,WV,AEA,CE,Federal Contract Tower,0,4,11,1,16,0,0,10,13,23,0,4,21,14,39,34,110,144,183
04/29/2013,PKB,WV,AEA,CE,Federal Contract Tower,0,9,6,4,19,0,2,7,7,16,0,11,13,11,35,0,56,56,91
04/30/2013,PKB,WV,AEA,CE,Federal Contract Tower,0,12,18,3,33,0,6,61,18,85,0,18,79,21,118,24,48,72,190
05/01/2013,PKB,WV,AEA,CE,Federal Contract Tower,0,14,4,6,24,0,5,63,25,93,0,19,67,31,117,30,24,54,171
05/02/2013,PKB,WV,AEA,CE,Federal Contract Tower,0,13,11,2,26,0,2,24,18,44,0,15,35,20,70,36,70,106,176
05/03/2013,PKB,WV,AEA,CE,Federal Contract Tower,1,17,9,3,30,0,3,44,22,69,1,20,53,25,99,28,120,148,247
05/04/2013,PKB,WV,AEA,CE,Federal Contract Tower,1,7,10,1,19,0,4,53,18,75,1,11,63,19,94,54,52,106,200
05/05/2013,PKB,WV,AEA,CE,Federal Contract Tower,0,4,3,2,9,0,4,14,6,24,0,8,17,8,33,0,34,34,67
05/06/2013,PKB,WV,AEA,CE,Federal Contract Tower,0,9,15,7,31,0,4,4,3,11,0,13,19,10,42,0,8,8,50
05/07/2013,PKB,WV,AEA,CE,Federal Contract Tower,0,11,7,3,21,0,0,44,25,69,0,11,51,28,90,10,0,10,100
05/08/2013,PKB,WV,AEA,CE,Federal Contract Tower,0,13,11,3,27,0,1,66,15,82,0,14,77,18,109,0,0,0,109
05/09/2013,PKB,WV,AEA,CE,Federal Contract Tower,0,12,5,1,18,0,0,38,16,54,0,12,43,17,72,36,10,46,118
05/10/2013,PKB,WV,AEA,CE,Federal Contract Tower,0,12,1,2,15,0,1,27,12,40,0,13,28,14,55,0,20,20,75
05/11/2013,PKB,WV,AEA,CE,Federal Contract Tower,0,5,14,1,20,0,0,10,1,11,0,5,24,2,31,0,0,0,31
05/12/2013,PKB,WV,AEA,CE,Federal Contract Tower,0,4,11,0,15,0,0,16,0,16,0,4,27,0,31,14,0,14,45
05/13/2013,PKB,WV,AEA,CE,Federal Contract Tower,0,10,4,2,16,0,3,18,0,21,0,13,22,2,37,6,0,6,43
05/14/2013,PKB,WV,AEA,CE,Federal Contract Tower,0,16,16,1,33,0,3,63,15,81,0,19,79,16,114,30,10,40,154
05/15/2013,PKB,WV,AEA,CE,Federal Contract Tower,0,14,9,7,30,0,2,58,3,63,0,16,67,10,93,12,10,22,115
05/16/2013,PKB,WV,AEA,CE,Federal Contract Tower,0,12,8,4,24,0,0,26,4,30,0,12,34,8,54,4,0,4,58
05/17/2013,PKB,WV,AEA,CE,Federal Contract Tower,0,13,19,9,41,0,1,28,1,30,0,14,47,10,71,16,4,20,91
05/18/2013,PKB,WV,AEA,CE,Federal Contract Tower,0,5,7,6,18,0,2,29,21,52,0,7,36,27,70,12,74,86,156
05/19/2013,PKB,WV,AEA,CE,Federal Contract Tower,0,4,13,3,20,0,0,4,18,22,0,4,17,21,42,2,28,30,72
05/20/2013,PKB,WV,AEA,CE,Federal Contract Tower,0,10,16,1,27,0,2,17,10,29,0,12,33,11,56,8,40,48,104
05/21/2013,PKB,WV,AEA,CE,Federal Contract Tower,0,12,9,1,22,0,3,33,19,55,0,15,42,20,77,54,138,192,269
05/22/2013,PKB,WV,AEA,CE,Federal Contract Tower,0,12,7,6,25,0,0,55,24,79,0,12,62,30,104,12,60,72,176
05/23/2013,PKB,WV,AEA,CE,Federal Contract Tower,0,14,7,4,25,0,5,15,19,39,0,19,22,23,64,6,118,124,188
05/24/2013,PKB,WV,AEA,CE,Federal Contract Tower,0,11,2,9,22,0,0,34,12,46,0,11,36,21,68,16,30,46,114
05/25/2013,PKB,WV,AEA,CE,Federal Contract Tower,0,4,9,0,13,0,2,47,3,52,0,6,56,3,65,36,0,36,101
05/26/2013,PKB,WV,AEA,CE,Federal Contract Tower,0,5,7,0,12,0,8,16,0,24,0,13,23,0,36,20,0,20,56
05/27/2013,PKB,WV,AEA,CE,Federal Contract Tower,0,8,5,0,13,0,25,1,0,26,0,33,6,0,39,46,0,46,85
05/28/2013,PKB,WV,AEA,CE,Federal Contract Tower,0,9,13,4,26,0,0,56,22,78,0,9,69,26,104,0,128,128,232
05/29/2013,PKB,WV,AEA,CE,Federal Contract Tower,0,12,16,5,33,0,2,49,17,68,0,14,65,22,101,11,102,113,214
05/30/2013,PKB,WV,AEA,CE,Federal Contract Tower,0,12,21,7,40,0,3,41,25,69,0,15,62,32,109,44,146,190,299
05/31/2013,PKB,WV,AEA,CE,Federal Contract Tower,0,14,9,1,24,0,2,25,12,39,0,16,34,13,63,8,14,22,85
06/01/2013,PKB,WV,AEA,CE,Federal Contract Tower,0,7,8,2,17,0,12,34,22,68,0,19,42,24,85,16,42,58,143
06/02/2013,PKB,WV,AEA,CE,Federal Contract Tower,0,4,11,2,17,0,4,2,10,16,0,8,13,12,33,0,40,40,73
06/03/2013,PKB,WV,AEA,CE,Federal Contract Tower,0,10,12,7,29,0,11,17,0,28,0,21,29,7,57,0,88,88,145
06/04/2013,PKB,WV,AEA,CE,Federal Contract Tower,0,14,19,0,33,0,4,63,17,84,0,18,82,17,117,30,24,54,171
06/05/2013,PKB,WV,AEA,CE,Federal Contract Tower,0,9,20,4,33,0,1,43,7,51,0,10,63,11,84,6,0,6,90
06/06/2013,PKB,WV,AEA,CE,Federal Contract Tower,0,15,9,8,32,0,0,22,35,57,0,15,31,43,89,10,108,118,207
06/07/2013,PKB,WV,AEA,CE,Federal Contract Tower,0,11,10,8,29,0,0,9,5,14,0,11,19,13,43,38,10,48,91
06/08/2013,PKB,WV,AEA,CE,Federal Contract Tower,0,5,8,3,16,0,7,91,0,98,0,12,99,3,114,6,0,6,120
06/09/2013,PKB,WV,AEA,CE,Federal Contract Tower,0,4,11,3,18,0,5,35,4,44,0,9,46,7,62,42,0,42,104
06/10/2013,PKB,WV,AEA,CE,Federal Contract Tower,0,11,8,2,21,0,3,0,5,8,0,14,8,7,29,0,90,90,119
06/11/2013,PKB,WV,AEA,CE,Federal Contract Tower,0,13,25,3,41,0,0,46,21,67,0,13,71,24,108,12,82,94,202
06/12/2013,PKB,WV,AEA,CE,Federal Contract Tower,0,11,8,13,32,0,3,44,17,64,0,14,52,30,96,26,66,92,188
06/13/2013,PKB,WV,AEA,CE,Federal Contract Tower,0,13,6,0,19,0,0,2,1,3,0,13,8,1,22,8,96,104,126
06/14/2013,PKB,WV,AEA,CE,Federal Contract Tower,0,12,10,12,34,0,3,36,8,47,0,15,46,20,81,54,20,74,155
06/15/2013,PKB,WV,AEA,CE,Federal Contract Tower,0,4,12,0,16,0,1,38,0,39,0,5,50,0,55,32,0,32,87
06/16/2013,PKB,WV,AEA,CE,Federal Contract Tower,0,4,9,0,13,0,0,6,0,6,0,4,15,0,19,0,0,0,19
06/17/2013,PKB,WV,AEA,CE,Federal Contract Tower,0,8,8,5,21,0,0,4,4,8,0,8,12,9,29,0,12,12,41
06/18/2013,PKB,WV,AEA,CE,Federal Contract Tower,0,12,11,4,27,0,5,48,2,55,0,17,59,6,82,4,6,10,92
06/19/2013,PKB,WV,AEA,CE,Federal Contract Tower,0,11,10,6,27,0,3,32,9,44,0,14,42,15,71,16,6,22,93
06/20/2013,PKB,WV,AEA,CE,Federal Contract Tower,0,15,12,3,30,0,0,33,10,43,0,15,45,13,73,18,0,18,91
06/21/2013,PKB,WV,AEA,CE,Federal Contract Tower,0,12,10,3,25,0,0,56,13,69,0,12,66,16,94,18,44,62,156
06/22/2013,PKB,WV,AEA,CE,Federal Contract Tower,0,5,15,0,20,0,6,53,10,69,0,11,68,10,89,18,2,20,109
06/23/2013,PKB,WV,AEA,CE,Federal Contract Tower,0,4,11,0,15,0,0,23,2,25,0,4,34,2,40,26,0,26,66
06/24/2013,PKB,WV,AEA,CE,Federal Contract Tower,0,9,9,7,25,0,0,22,4,26,0,9,31,11,51,22,18,40,91
06/25/2013,PKB,WV,AEA,CE,Federal Contract Tower,0,13,13,4,30,0,2,53,12,67,0,15,66,16,97,0,4,4,101
06/26/2013,PKB,WV,AEA,CE,Federal Contract Tower,0,13,13,8,34,0,0,51,11,62,0,13,64,19,96,24,30,54,150
06/27/2013,PKB,WV,AEA,CE,Federal Contract Tower,0,12,3,4,19,0,2,1,3,6,0,14,4,7,25,16,32,48,73
06/28/2013,PKB,WV,AEA,CE,Federal Contract Tower,0,14,13,3,30,0,0,27,21,48,0,14,40,24,78,14,24,38,116
06/29/2013,PKB,WV,AEA,CE,Federal Contract Tower,0,6,14,0,20,0,0,32,2,34,0,6,46,2,54,10,0,10,64
06/30/2013,PKB,WV,AEA,CE,Federal Contract Tower,0,4,6,0,10,0,6,15,0,21,0,10,21,0,31,14,0,14,45
07/01/2013,PKB,WV,AEA,CE,Federal Contract Tower,0,10,7,6,23,0,0,14,3,17,0,10,21,9,40,0,40,40,80
07/02/2013,PKB,WV,AEA,CE,Federal Contract Tower,0,12,16,2,30,0,3,50,12,65,0,15,66,14,95,24,34,58,153
07/03/2013,PKB,WV,AEA,CE,Federal Contract Tower,0,9,10,0,19,0,1,50,5,56,0,10,60,5,75,14,12,26,101
07/04/2013,PKB,WV,AEA,CE,Federal Contract Tower,0,6,10,0,16,0,0,20,3,23,0,6,30,3,39,4,0,4,43
07/05/2013,PKB,WV,AEA,CE,Federal Contract Tower,0,11,10,0,21,0,7,34,0,41,0,18,44,0,62,4,0,4,66
07/06/2013,PKB,WV,AEA,CE,Federal Contract Tower,0,4,7,0,11,0,1,31,1,33,0,5,38,1,44,20,0,20,64
07/07/2013,PKB,WV,AEA,CE,Federal Contract Tower,0,3,11,0,14,0,0,1,0,1,0,3,12,0,15,0,0,0,15
07/08/2013,PKB,WV,AEA,CE,Federal Contract Tower,0,9,7,1,17,0,3,5,5,13,0,12,12,6,30,8,0,8,38
07/09/2013,PKB,WV,AEA,CE,Federal Contract Tower,0,13,15,0,28,0,2,45,3,50,0,15,60,3,78,16,0,16,94
07/10/2013,PKB,WV,AEA,CE,Federal Contract Tower,0,11,8,0,19,0,0,12,6,18,0,11,20,6,37,0,0,0,37
07/11/2013,PKB,WV,AEA,CE,Federal Contract Tower,0,12,19,0,31,0,0,18,13,31,0,12,37,13,62,20,4,24,86
07/12/2013,PKB,WV,AEA,CE,Federal Contract Tower,0,14,11,7,32,0,1,45,16,62,0,15,56,23,94,24,26,50,144
07/13/2013,PKB,WV,AEA,CE,Federal Contract Tower,0,5,18,0,23,0,10,74,3,87,0,15,92,3,110,30,0,30,140
07/14/2013,PKB,WV,AEA,CE,Federal Contract Tower,0,4,7,0,11,0,0,13,14,27,0,4,20,14,38,8,4,12,50
07/15/2013,PKB,WV,AEA,CE,Federal Contract Tower,0,8,19,2,29,0,0,24,6,30,0,8,43,8,59,12,10,22,81
07/16/2013,PKB,WV,AEA,CE,Federal Contract Tower,0,13,8,5,26,0,7,49,18,74,0,20,57,23,100,8,26,34,134
07/17/2013,PKB,WV,AEA,CE,Federal Contract Tower,0,16,6,4,26,0,1,56,29,86,0,17,62,33,112,12,12,24,136
07/18/2013,PKB,WV,AEA,CE,Federal Contract Tower,0,12,10,4,26,0,8,47,7,62,0,20,57,11,88,28,8,36,124
07/19/2013,PKB,WV,AEA,CE,Federal Contract Tower,0,13,6,11,30,0,1,26,13,40,0,14,32,24,70,4,6,10,80
07/20/2013,PKB,WV,AEA,CE,Federal Contract Tower,0,8,5,3,16,0,0,31,10,41,0,8,36,13,57,10,10,20,77
07/21/2013,PKB,WV,AEA,CE,Federal Contract Tower,0,6,10,2,18,0,0,20,3,23,0,6,30,5,41,4,0,4,45
07/22/2013,PKB,WV,AEA,CE,Federal Contract Tower,0,9,5,2,16,0,0,4,2,6,0,9,9,4,22,4,0,4,26
07/23/2013,PKB,WV,AEA,CE,Federal Contract Tower,0,12,14,6,32,0,0,54,15,69,0,12,68,21,101,14,4,18,119
07/24/2013,PKB,WV,AEA,CE,Federal Contract Tower,0,12,17,4,33,0,0,55,31,86,0,12,72,35,119,14,14,28,147
07/25/2013,PKB,WV,AEA,CE,Federal Contract Tower,0,12,13,10,35,0,0,51,26,77,0,12,64,36,112,22,26,48,160
07/26/2013,PKB,WV,AEA,CE,Federal Contract Tower,0,11,18,0,29,0,2,57,11,70,0,13,75,11,99,66,0,66,165
07/27/2013,PKB,WV,AEA,CE,Federal Contract Tower,0,5,8,0,13,0,2,17,0,19,0,7,25,0,32,20,0,20,52
07/28/2013,PKB,WV,AEA,CE,Federal Contract Tower,0,4,12,0,16,0,0,28,0,28,0,4,40,0,44,8,0,8,52
07/29/2013,PKB,WV,AEA,CE,Federal Contract Tower,0,11,4,4,19,0,0,27,10,37,0,11,31,14,56,38,8,46,102
07/30/2013,PKB,WV,AEA,CE,Federal Contract Tower,0,18,6,2,26,0,3,59,12,74,0,21,65,14,100,34,12,46,146
07/31/2013,PKB,WV,AEA,CE,Federal Contract Tower,0,13,18,6,37,0,0,55,18,73,0,13,73,24,110,8,18,26,136
08/01/2013,PKB,WV,AEA,CE,Federal Contract Tower,0,19,7,4,30,0,2,29,9,40,0,21,36,13,70,16,22,38,108
08/02/2013,PKB,WV,AEA,CE,Federal Contract Tower,0,10,14,2,26,0,4,45,42,91,0,14,59,44,117,18,76,94,211
08/03/2013,PKB,WV,AEA,CE,Federal Contract Tower,0,4,27,4,35,0,0,22,15,37,0,4,49,19,72,18,50,68,140
08/04/2013,PKB,WV,AEA,CE,Federal Contract Tower,0,5,7,0,12,0,0,30,12,42,0,5,37,12,54,56,84,140,194
08/05/2013,PKB,WV,AEA,CE,Federal Contract Tower,0,7,0,2,9,0,2,18,9,29,0,9,18,11,38,12,24,36,74
08/06/2013,PKB,WV,AEA,CE,Federal Contract Tower,0,21,9,0,30,0,5,38,15,58,0,26,47,15,88,36,20,56,144
08/07/2013,PKB,WV,AEA,CE,Federal Contract Tower,0,20,6,6,32,0,2,9,13,24,0,22,15,19,56,0,54,54,110
08/08/2013,PKB,WV,AEA,CE,Federal Contract Tower,0,15,10,9,34,0,0,4,9,13,0,15,14,18,47,0,8,8,55
08/09/2013,PKB,WV,AEA,CE,Federal Contract Tower,0,12,7,13,32,0,0,4,5,9,0,12,11,18,41,0,18,18,59
08/10/2013,PKB,WV,AEA,CE,Federal Contract Tower,0,6,10,1,17,0,11,19,4,34,0,17,29,5,51,78,0,78,129
08/11/2013,PKB,WV,AEA,CE,Federal Contract Tower,0,3,4,3,10,0,3,20,2,25,0,6,24,5,35,52,0,52,87
08/12/2013,PKB,WV,AEA,CE,Federal Contract Tower,0,8,9,0,17,0,1,6,11,18,0,9,15,11,35,2,27,29,64
08/13/2013,PKB,WV,AEA,CE,Federal Contract Tower,0,14,7,0,21,0,0,45,4,49,0,14,52,4,70,0,0,0,70
08/14/2013,PKB,WV,AEA,CE,Federal Contract Tower,0,12,12,3,27,0,9,68,12,89,0,21,80,15,116,26,24,50,166
08/15/2013,PKB,WV,AEA,CE,Federal Contract Tower,0,10,14,0,24,0,5,49,10,64,0,15,63,10,88,88,6,94,182
08/16/2013,PKB,WV,AEA,CE,Federal Contract Tower,0,9,10,2,21,0,2,43,19,64,0,11,53,21,85,80,4,84,169
08/17/2013,PKB,WV,AEA,CE,Federal Contract Tower,0,6,13,3,22,0,13,42,5,60,0,19,55,8,82,38,10,48,130
08/18/2013,PKB,WV,AEA,CE,Federal Contract Tower,0,4,10,0,14,0,0,0,0,0,0,4,10,0,14,0,20,20,34
08/19/2013,PKB,WV,AEA,CE,Federal Contract Tower,0,8,16,2,26,0,3,7,0,10,0,11,23,2,36,4,10,14,50
08/20/2013,PKB,WV,AEA,CE,Federal Contract Tower,0,8,10,6,24,0,8,57,12,77,0,16,67,18,101,50,26,76,177
08/21/2013,PKB,WV,AEA,CE,Federal Contract Tower,0,14,3,2,19,0,3,43,2,48,0,17,46,4,67,8,14,22,89
08/22/2013,PKB,WV,AEA,CE,Federal Contract Tower,0,12,15,6,33,0,0,29,3,32,0,12,44,9,65,14,20,34,99
08/23/2013,PKB,WV,AEA,CE,Federal Contract Tower,0,12,12,4,28,0,0,33,11,44,0,12,45,15,72,14,24,38,110
08/24/2013,PKB,WV,AEA,CE,Federal Contract Tower,0,8,7,2,17,0,2,27,0,29,0,10,34,2,46,10,0,10,56
08/25/2013,PKB,WV,AEA,CE,Federal Contract Tower,0,4,12,0,16,0,2,35,1,38,0,6,47,1,54,18,0,18,72
08/26/2013,PKB,WV,AEA,CE,Federal Contract Tower,0,6,13,5,24,0,0,37,4,41,0,6,50,9,65,6,6,12,77
08/27/2013,PKB,WV,AEA,CE,Federal Contract Tower,0,17,13,10,40,0,1,51,9,61,0,18,64,19,101,68,26,94,195
08/28/2013,PKB,WV,AEA,CE,Federal Contract Tower,0,17,4,4,25,0,0,44,14,58,0,17,48,18,83,10,8,18,101
08/29/2013,PKB,WV,AEA,CE,Federal Contract Tower,0,14,6,13,33,0,3,63,18,84,0,17,69,31,117,38,26,64,181
08/30/2013,PKB,WV,AEA,CE,Federal Contract Tower,0,12,9,3,24,0,4,48,10,62,0,16,57,13,86,66,14,80,166
08/31/2013,PKB,WV,AEA,CE,Federal Contract Tower,0,6,4,0,10,0,4,18,0,22,0,10,22,0,32,34,0,34,66
09/01/2013,PKB,WV,AEA,CE,Federal Contract Tower,0,4,10,0,14,0,4,7,0,11,0,8,17,0,25,6,0,6,31
09/02/2013,PKB,WV,AEA,CE,Federal Contract Tower,0,8,4,0,12,0,0,4,0,4,0,8,8,0,16,2,0,2,18
09/03/2013,PKB,WV,AEA,CE,Federal Contract Tower,0,9,20,1,30,0,8,54,16,78,0,17,74,17,108,46,4,50,158
09/04/2013,PKB,WV,AEA,CE,Federal Contract Tower,0,12,10,3,25,0,3,50,13,66,0,15,60,16,91,14,14,28,119
09/05/2013,PKB,WV,AEA,CE,Federal Contract Tower,0,12,17,6,35,0,4,74,18,96,0,16,91,24,131,82,8,90,221
09/06/2013,PKB,WV,AEA,CE,Federal Contract Tower,0,13,10,3,26,0,4,63,16,83,0,17,73,19,109,48,4,52,161
09/07/2013,PKB,WV,AEA,CE,Federal Contract Tower,0,5,8,0,13,0,4,46,8,58,0,9,54,8,71,30,2,32,103
09/08/2013,PKB,WV,AEA,CE,Federal Contract Tower,0,4,6,0,10,0,0,14,4,18,0,4,20,4,28,12,0,12,40
09/09/2013,PKB,WV,AEA,CE,Federal Contract Tower,0,9,8,2,19,0,2,18,4,24,0,11,26,6,43,16,0,16,59
09/10/2013,PKB,WV,AEA,CE,Federal Contract Tower,0,14,14,6,34,0,2,52,6,60,0,16,66,12,94,46,4,50,144
09/11/2013,PKB,WV,AEA,CE,Federal Contract Tower,0,14,17,7,38,0,5,53,28,86,0,19,70,35,124,20,92,112,236
09/12/2013,PKB,WV,AEA,CE,Federal Contract Tower,0,15,29,6,50,0,0,6,2,8,0,15,35,8,58,6,6,12,70
09/13/2013,PKB,WV,AEA,CE,Federal Contract Tower,0,14,8,5,27,0,2,45,17,64,0,16,53,22,91,52,20,72,163
09/14/2013,PKB,WV,AEA,CE,Federal Contract Tower,0,5,8,0,13,0,6,43,5,54,0,11,51,5,67,36,0,36,103
09/15/2013,PKB,WV,AEA,CE,Federal Contract Tower,0,3,12,4,19,0,2,17,9,28,0,5,29,13,47,6,0,6,53
09/16/2013,PKB,WV,AEA,CE,Federal Contract Tower,0,9,16,2,27,0,0,6,9,15,0,9,22,11,42,32,15,47,89
09/17/2013,PKB,WV,AEA,CE,Federal Contract Tower,0,14,9,1,24,0,1,40,20,61,0,15,49,21,85,18,74,92,177
09/18/2013,PKB,WV,AEA,CE,Federal Contract Tower,0,14,16,9,39,0,3,37,13,53,0,17,53,22,92,14,10,24,116
09/19/2013,PKB,WV,AEA,CE,Federal Contract Tower,0,8,12,4,24,0,0,16,6,22,0,8,28,10,46,42,10,52,98
09/20/2013,PKB,WV,AEA,CE,Federal Contract Tower,0,13,8,0,21,0,0,26,0,26,0,13,34,0,47,12,0,12,59
09/21/2013,PKB,WV,AEA,CE,Federal Contract Tower,0,5,2,0,7,0,0,0,0,0,0,5,2,0,7,0,0,0,7
09/22/2013,PKB,WV,AEA,CE,Federal Contract Tower,0,2,14,0,16,0,1,11,0,12,0,3,25,0,28,16,0,16,44
09/23/2013,PKB,WV,AEA,CE,Federal Contract Tower,0,9,6,11,26,0,4,21,9,34,0,13,27,20,60,42,0,42,102
09/24/2013,PKB,WV,AEA,CE,Federal Contract Tower,0,10,10,5,25,0,5,26,12,43,0,15,36,17,68,50,0,50,118
09/25/2013,PKB,WV,AEA,CE,Federal Contract Tower,0,6,13,3,22,0,4,44,15,63,0,10,57,18,85,4,2,6,91
09/26/2013,PKB,WV,AEA,CE,Federal Contract Tower,0,9,8,0,17,0,4,19,2,25,0,13,27,2,42,38,0,38,80
09/27/2013,PKB,WV,AEA,CE,Federal Contract Tower,0,14,14,2,30,0,6,51,22,79,0,20,65,24,109,36,28,64,173
09/28/2013,PKB,WV,AEA,CE,Federal Contract Tower,0,5,3,0,8,0,2,52,6,60,0,7,55,6,68,42,0,42,110
09/29/2013,PKB,WV,AEA,CE,Federal Contract Tower,0,3,7,0,10,0,4,27,1,32,0,7,34,1,42,48,0,48,90
09/30/2013,PKB,WV,AEA,CE,Federal Contract Tower,0,11,8,1,20,0,1,18,2,21,0,12,26,3,41,8,0,8,49
10/01/2013,PKB,WV,AEA,CE,Federal Contract Tower,0,11,7,0,18,0,2,26,0,28,0,13,33,0,46,10,0,10,56
10/02/2013,PKB,WV,AEA,CE,Federal Contract Tower,0,14,13,0,27,0,4,12,0,16,0,18,25,0,43,30,0,30,73
10/03/2013,PKB,WV,AEA,CE,Federal Contract Tower,0,12,9,0,21,0,7,14,0,21,0,19,23,0,42,0,0,0,42
10/04/2013,PKB,WV,AEA,CE,Federal Contract Tower,0,12,10,0,22,0,14,23,0,37,0,26,33,0,59,32,0,32,91
10/05/2013,PKB,WV,AEA,CE,Federal Contract Tower,0,5,8,0,13,0,2,21,0,23,0,7,29,0,36,10,0,10,46
10/06/2013,PKB,WV,AEA,CE,Federal Contract Tower,0,5,7,0,12,0,0,20,0,20,0,5,27,0,32,16,0,16,48
10/07/2013,PKB,WV,AEA,CE,Federal Contract Tower,0,11,11,0,22,0,0,4,0,4,0,11,15,0,26,26,0,26,52
10/08/2013,PKB,WV,AEA,CE,Federal Contract Tower,0,14,8,0,22,0,8,51,0,59,0,22,59,0,81,20,0,20,101
10/09/2013,PKB,WV,AEA,CE,Federal Contract Tower,0,14,15,0,29,0,3,53,0,56,0,17,68,0,85,20,0,20,105
10/10/2013,PKB,WV,AEA,CE,Federal Contract Tower,0,11,16,0,27,0,1,61,2,64,0,12,77,2,91,36,0,36,127
10/11/2013,PKB,WV,AEA,CE,Federal Contract Tower,0,11,16,2,29,0,3,37,10,50,0,14,53,12,79,28,12,40,119
10/12/2013,PKB,WV,AEA,CE,Federal Contract Tower,0,7,7,3,17,0,6,14,4,24,0,13,21,7,41,10,28,38,79
10/13/2013,PKB,WV,AEA,CE,Federal Contract Tower,0,1,15,0,16,0,2,6,0,8,0,3,21,0,24,12,0,12,36
10/14/2013,PKB,WV,AEA,CE,Federal Contract Tower,0,5,9,4,18,0,0,5,0,5,0,5,14,4,23,16,0,16,39
10/15/2013,PKB,WV,AEA,CE,Federal Contract Tower,0,14,6,2,22,0,2,37,5,44,0,16,43,7,66,4,6,10,76
10/16/2013,PKB,WV,AEA,CE,Federal Contract Tower,0,15,3,2,20,0,0,3,0,3,0,15,6,2,23,16,0,16,39
10/17/2013,PKB,WV,AEA,CE,Federal Contract Tower,0,14,9,0,23,0,0,1,0,1,0,14,10,0,24,0,0,0,24
10/18/2013,PKB,WV,AEA,CE,Federal Contract Tower,2,13,15,3,33,0,4,37,3,44,2,17,52,6,77,52,0,52,129
10/19/2013,PKB,WV,AEA,CE,Federal Contract Tower,0,6,6,0,12,0,0,14,0,14,0,6,20,0,26,22,0,22,48
10/20/2013,PKB,WV,AEA,CE,Federal Contract Tower,2,8,6,0,16,0,2,39,0,41,2,10,45,0,57,14,0,14,71
10/21/2013,PKB,WV,AEA,CE,Federal Contract Tower,0,9,8,1,18,0,1,26,4,31,0,10,34,5,49,34,8,42,91
10/22/2013,PKB,WV,AEA,CE,Federal Contract Tower,0,11,3,0,14,0,3,50,19,72,0,14,53,19,86,54,82,136,222
10/23/2013,PKB,WV,AEA,CE,Federal Contract Tower,0,13,11,1,25,0,0,17,21,38,0,13,28,22,63,0,110,110,173
10/24/2013,PKB,WV,AEA,CE,Federal Contract Tower,0,15,5,6,26,0,0,16,13,29,0,15,21,19,55,0,56,56,111
10/25/2013,PKB,WV,AEA,CE,Federal Contract Tower,0,12,5,2,19,0,2,47,30,79,0,14,52,32,98,44,150,194,292
10/26/2013,PKB,WV,AEA,CE,Federal Contract Tower,0,7,4,4,15,0,2,17,18,37,0,9,21,22,52,0,26,26,78
10/27/2013,PKB,WV,AEA,CE,Federal Contract Tower,0,3,7,1,11,0,3,25,7,35,0,6,32,8,46,0,22,22,68
10/28/2013,PKB,WV,AEA,CE,Federal Contract Tower,0,8,12,1,21,0,4,27,5,36,0,12,39,6,57,44,0,44,101
10/29/2013,PKB,WV,AEA,CE,Federal Contract Tower,0,17,15,5,37,0,0,45,32,77,0,17,60,37,114,56,92,148,262
10/30/2013,PKB,WV,AEA,CE,Federal Contract Tower,0,14,6,3,23,0,0,0,15,15,0,14,6,18,38,4,64,68,106
10/31/2013,PKB,WV,AEA,CE,Federal Contract Tower,0,10,6,1,17,0,2,13,21,36,0,12,19,22,53,28,46,74,127
11/01/2013,PKB,WV,AEA,CE,Federal Contract Tower,0,12,3,5,20,0,2,25,22,49,0,14,28,27,69,18,188,206,275
11/02/2013,PKB,WV,AEA,CE,Federal Contract Tower,0,5,3,5,13,0,1,18,12,31,0,6,21,17,44,8,68,76,120
11/03/2013,PKB,WV,AEA,CE,Federal Contract Tower,0,3,7,1,11,0,1,58,15,74,0,4,65,16,85,48,2,50,135
11/04/2013,PKB,WV,AEA,CE,Federal Contract Tower,0,18,5,2,25,0,2,13,14,29,0,20,18,16,54,32,10,42,96
11/05/2013,PKB,WV,AEA,CE,Federal Contract Tower,0,13,9,19,41,0,8,14,17,39,0,21,23,36,80,47,34,81,161
11/06/2013,PKB,WV,AEA,CE,Federal Contract Tower,0,14,14,8,36,0,4,13,13,30,0,18,27,21,66,34,22,56,122
11/07/2013,PKB,WV,AEA,CE,Federal Contract Tower,0,15,6,1,22,0,2,31,7,40,0,17,37,8,62,20,64,84,146
11/08/2013,PKB,WV,AEA,CE,Federal Contract Tower,0,12,14,2,28,0,0,29,11,40,0,12,43,13,68,12,18,30,98
11/09/2013,PKB,WV,AEA,CE,Federal Contract Tower,0,5,7,0,12,0,2,23,2,27,0,7,30,2,39,4,0,4,43
11/10/2013,PKB,WV,AEA,CE,Federal Contract Tower,0,4,9,0,13,0,1,16,0,17,0,5,25,0,30,18,0,18,48
11/11/2013,PKB,WV,AEA,CE,Federal Contract Tower,0,9,14,0,23,0,5,8,0,13,0,14,22,0,36,14,0,14,50
11/12/2013,PKB,WV,AEA,CE,Federal Contract Tower,0,12,7,2,21,0,2,2,3,7,0,14,9,5,28,0,2,2,30
11/13/2013,PKB,WV,AEA,CE,Federal Contract Tower,0,15,5,5,25,0,3,15,21,39,0,18,20,26,64,14,48,62,126
11/14/2013,PKB,WV,AEA,CE,Federal Contract Tower,0,15,15,3,33,0,4,39,20,63,0,19,54,23,96,12,52,64,160
11/15/2013,PKB,WV,AEA,CE,Federal Contract Tower,0,10,8,4,22,0,0,39,31,70,0,10,47,35,92,0,76,76,168
11/16/2013,PKB,WV,AEA,CE,Federal Contract Tower,0,9,3,2,14,0,0,47,17,64,0,9,50,19,78,86,66,152,230
11/17/2013,PKB,WV,AEA,CE,Federal Contract Tower,0,2,10,3,15,0,0,0,3,3,0,2,10,6,18,0,12,12,30
11/18/2013,PKB,WV,AEA,CE,Federal Contract Tower,0,11,6,0,17,0,0,42,2,44,0,11,48,2,61,0,0,0,61
11/19/2013,PKB,WV,AEA,CE,Federal Contract Tower,0,16,15,0,31,0,11,33,13,57,0,27,48,13,88,70,56,126,214
11/20/2013,PKB,WV,AEA,CE,Federal Contract Tower,0,12,14,6,32,0,5,25,20,50,0,17,39,26,82,16,62,78,160
11/21/2013,PKB,WV,AEA,CE,Federal Contract Tower,0,12,2,0,14,0,4,24,21,49,0,16,26,21,63,42,78,120,183
11/22/2013,PKB,WV,AEA,CE,Federal Contract Tower,0,13,11,0,24,0,2,0,0,2,0,15,11,0,26,2,0,2,28
11/23/2013,PKB,WV,AEA,CE,Federal Contract Tower,0,4,6,0,10,0,0,29,7,36,0,4,35,7,46,6,0,6,52
11/24/2013,PKB,WV,AEA,CE,Federal Contract Tower,0,3,2,0,5,0,0,9,4,13,0,3,11,4,18,0,0,0,18
11/25/2013,PKB,WV,AEA,CE,Federal Contract Tower,0,11,2,6,19,0,4,30,20,54,0,15,32,26,73,18,90,108,181
11/26/2013,PKB,WV,AEA,CE,Federal Contract Tower,0,7,1,0,8,0,0,0,0,0,0,7,1,0,8,0,0,0,8
11/27/2013,PKB,WV,AEA,CE,Federal Contract Tower,0,11,4,0,15,0,0,19,0,19,0,11,23,0,34,10,0,10,44
11/28/2013,PKB,WV,AEA,CE,Federal Contract Tower,0,2,5,3,10,0,0,27,1,28,0,2,32,4,38,18,0,18,56
11/29/2013,PKB,WV,AEA,CE,Federal Contract Tower,0,14,8,0,22,0,2,42,0,44,0,16,50,0,66,26,0,26,92
11/30/2013,PKB,WV,AEA,CE,Federal Contract Tower,0,13,1,0,14,0,4,39,0,43,0,17,40,0,57,36,0,36,93
12/01/2013,PKB,WV,AEA,CE,Federal Contract Tower,0,4,3,0,7,0,1,6,0,7,0,5,9,0,14,10,0,10,24
12/02/2013,PKB,WV,AEA,CE,Federal Contract Tower,0,11,15,4,30,0,0,15,5,20,0,11,30,9,50,8,36,44,94
12/03/2013,PKB,WV,AEA,CE,Federal Contract Tower,0,14,9,1,24,0,2,39,17,58,0,16,48,18,82,18,30,48,130
12/04/2013,PKB,WV,AEA,CE,Federal Contract Tower,0,12,11,1,24,0,0,10,13,23,0,12,21,14,47,52,24,76,123
12/05/2013,PKB,WV,AEA,CE,Federal Contract Tower,0,13,10,2,25,0,0,3,6,9,0,13,13,8,34,0,68,68,102
12/06/2013,PKB,WV,AEA,CE,Federal Contract Tower,0,4,2,1,7,0,0,0,0,0,0,4,2,1,7,0,64,64,71
12/07/2013,PKB,WV,AEA,CE,Federal Contract Tower,0,5,3,1,9,0,0,17,8,25,0,5,20,9,34,32,0,32,66
12/08/2013,PKB,WV,AEA,CE,Federal Contract Tower,0,0,0,0,0,0,0,0,0,0,0,0,0,0,0,0,0,0,0
12/09/2013,PKB,WV,AEA,CE,Federal Contract Tower,0,11,3,17,31,0,2,0,15,17,0,13,3,32,48,0,74,74,122
12/10/2013,PKB,WV,AEA,CE,Federal Contract Tower,0,15,9,2,26,0,1,15,23,39,0,16,24,25,65,0,182,182,247
12/11/2013,PKB,WV,AEA,CE,Federal Contract Tower,0,15,6,4,25,0,5,54,21,80,0,20,60,25,105,42,48,90,195
12/12/2013,PKB,WV,AEA,CE,Federal Contract Tower,0,15,14,2,31,0,1,35,21,57,0,16,49,23,88,12,26,38,126
12/13/2013,PKB,WV,AEA,CE,Federal Contract Tower,0,13,10,3,26,0,6,36,25,67,0,19,46,28,93,22,12,34,127
12/14/2013,PKB,WV,AEA,CE,Federal Contract Tower,0,2,0,1,3,0,0,2,0,2,0,2,2,1,5,0,0,0,5
12/15/2013,PKB,WV,AEA,CE,Federal Contract Tower,0,7,5,1,13,0,2,0,0,2,0,9,5,1,15,2,0,2,17
12/16/2013,PKB,WV,AEA,CE,Federal Contract Tower,0,13,3,4,20,0,0,0,1,1,0,13,3,5,21,0,0,0,21
12/17/2013,PKB,WV,AEA,CE,Federal Contract Tower,0,14,0,0,14,0,1,25,23,49,0,15,25,23,63,18,88,106,169
12/18/2013,PKB,WV,AEA,CE,Federal Contract Tower,0,15,11,2,28,0,2,45,35,82,0,17,56,37,110,12,80,92,202
12/19/2013,PKB,WV,AEA,CE,Federal Contract Tower,0,15,3,0,18,0,4,45,14,63,0,19,48,14,81,4,6,10,91
12/20/2013,PKB,WV,AEA,CE,Federal Contract Tower,0,16,9,0,25,0,0,15,8,23,0,16,24,8,48,2,30,32,80
12/21/2013,PKB,WV,AEA,CE,Federal Contract Tower,0,7,5,0,12,0,0,18,0,18,0,7,23,0,30,24,0,24,54
12/22/2013,PKB,WV,AEA,CE,Federal Contract Tower,0,3,3,1,7,0,5,3,0,8,0,8,6,1,15,18,0,18,33
12/23/2013,PKB,WV,AEA,CE,Federal Contract Tower,0,12,8,0,20,0,2,1,0,3,0,14,9,0,23,0,0,0,23
12/24/2013,PKB,WV,AEA,CE,Federal Contract Tower,0,10,1,0,11,0,0,1,0,1,0,10,2,0,12,0,0,0,12
12/25/2013,PKB,WV,AEA,CE,Federal Contract Tower,0,4,4,0,8,0,2,9,0,11,0,6,13,0,19,4,0,4,23
12/26/2013,PKB,WV,AEA,CE,Federal Contract Tower,0,12,9,0,21,0,0,24,0,24,0,12,33,0,45,0,0,0,45
12/27/2013,PKB,WV,AEA,CE,Federal Contract Tower,2,11,5,0,18,0,2,31,6,39,2,13,36,6,57,28,0,28,85
12/28/2013,PKB,WV,AEA,CE,Federal Contract Tower,0,8,5,0,13,0,2,49,0,51,0,10,54,0,64,40,0,40,104
12/29/2013,PKB,WV,AEA,CE,Federal Contract Tower,0,4,4,0,8,0,0,0,0,0,0,4,4,0,8,0,0,0,8
12/30/2013,PKB,WV,AEA,CE,Federal Contract Tower,0,7,2,0,9,0,2,23,1,26,0,9,25,1,35,30,0,30,65
12/31/2013,PKB,WV,AEA,CE,Federal Contract Tower,0,8,4,0,12,0,0,3,0,3,0,8,7,0,15,0,0,0,15
01/01/2014,PKB,WV,AEA,CE,Federal Contract Tower,0,1,5,0,6,0,2,45,0,47,0,3,50,0,53,36,0,36,89
01/02/2014,PKB,WV,AEA,CE,Federal Contract Tower,0,3,0,0,3,0,0,13,0,13,0,3,13,0,16,10,0,10,26
01/03/2014,PKB,WV,AEA,CE,Federal Contract Tower,0,3,7,0,10,0,3,20,0,23,0,6,27,0,33,18,0,18,51
01/04/2014,PKB,WV,AEA,CE,Federal Contract Tower,0,4,11,0,15,0,2,23,0,25,0,6,34,0,40,78,0,78,118
01/05/2014,PKB,WV,AEA,CE,Federal Contract Tower,0,7,0,0,7,0,0,22,0,22,0,7,22,0,29,126,0,126,155
01/06/2014,PKB,WV,AEA,CE,Federal Contract Tower,0,0,3,0,3,0,0,2,0,2,0,0,5,0,5,0,0,0,5
01/07/2014,PKB,WV,AEA,CE,Federal Contract Tower,0,3,1,0,4,0,0,22,5,27,0,3,23,5,31,2,0,2,33
01/08/2014,PKB,WV,AEA,CE,Federal Contract Tower,0,8,3,1,12,0,1,24,18,43,0,9,27,19,55,4,88,92,147
01/09/2014,PKB,WV,AEA,CE,Federal Contract Tower,0,12,6,3,21,0,0,20,23,43,0,12,26,26,64,0,36,36,100
01/10/2014,PKB,WV,AEA,CE,Federal Contract Tower,0,10,14,16,40,0,2,17,29,48,0,12,31,45,88,12,142,154,242
01/11/2014,PKB,WV,AEA,CE,Federal Contract Tower,0,6,4,6,16,0,0,0,16,16,0,6,4,22,32,0,90,90,122
01/12/2014,PKB,WV,AEA,CE,Federal Contract Tower,0,6,7,1,14,0,3,19,18,40,0,9,26,19,54,42,74,116,170
01/13/2014,PKB,WV,AEA,CE,Federal Contract Tower,0,11,12,2,25,0,0,11,8,19,0,11,23,10,44,42,90,132,176
01/14/2014,PKB,WV,AEA,CE,Federal Contract Tower,0,13,9,2,24,0,1,35,27,63,0,14,44,29,87,20,100,120,207
01/15/2014,PKB,WV,AEA,CE,Federal Contract Tower,0,13,4,6,23,0,2,25,17,44,0,15,29,23,67,6,88,94,161
01/16/2014,PKB,WV,AEA,CE,Federal Contract Tower,0,13,11,6,30,0,1,30,23,54,0,14,41,29,84,20,8,28,112
01/17/2014,PKB,WV,AEA,CE,Federal Contract Tower,0,12,6,4,22,0,0,13,7,20,0,12,19,11,42,2,34,36,78
01/18/2014,PKB,WV,AEA,CE,Federal Contract Tower,0,7,3,0,10,0,0,5,0,5,0,7,8,0,15,0,0,0,15
01/19/2014,PKB,WV,AEA,CE,Federal Contract Tower,0,5,7,0,12,0,0,14,0,14,0,5,21,0,26,12,0,12,38
01/20/2014,PKB,WV,AEA,CE,Federal Contract Tower,0,7,11,0,18,0,2,14,0,16,0,9,25,0,34,10,0,10,44
01/21/2014,PKB,WV,AEA,CE,Federal Contract Tower,0,8,2,0,10,0,0,11,4,15,0,8,13,4,25,0,42,42,67
01/22/2014,PKB,WV,AEA,CE,Federal Contract Tower,0,12,11,2,25,0,2,6,9,17,0,14,17,11,42,0,94,94,136
01/23/2014,PKB,WV,AEA,CE,Federal Contract Tower,0,9,3,6,18,0,0,4,24,28,0,9,7,30,46,4,100,104,150
01/24/2014,PKB,WV,AEA,CE,Federal Contract Tower,0,9,3,3,15,0,2,5,18,25,0,11,8,21,40,0,52,52,92
01/25/2014,PKB,WV,AEA,CE,Federal Contract Tower,0,3,0,0,3,0,0,0,0,0,0,3,0,0,3,0,0,0,3
01/26/2014,PKB,WV,AEA,CE,Federal Contract Tower,0,4,2,2,8,0,0,0,0,0,0,4,2,2,8,0,36,36,44
01/27/2014,PKB,WV,AEA,CE,Federal Contract Tower,0,7,1,0,8,0,2,6,2,10,0,9,7,2,18,0,0,0,18
01/28/2014,PKB,WV,AEA,CE,Federal Contract Tower,0,4,11,5,20,0,0,20,17,37,0,4,31,22,57,2,32,34,91
01/29/2014,PKB,WV,AEA,CE,Federal Contract Tower,0,9,6,13,28,0,1,17,38,56,0,10,23,51,84,0,84,84,168
01/30/2014,PKB,WV,AEA,CE,Federal Contract Tower,0,12,9,12,33,0,1,25,21,47,0,13,34,33,80,16,54,70,150
01/31/2014,PKB,WV,AEA,CE,Federal Contract Tower,0,12,18,14,44,0,0,30,27,57,0,12,48,41,101,22,114,136,237
02/01/2014,PKB,WV,AEA,CE,Federal Contract Tower,0,6,5,7,18,0,4,34,20,58,0,10,39,27,76,74,92,166,242
02/02/2014,PKB,WV,AEA,CE,Federal Contract Tower,0,4,2,0,6,0,0,0,0,0,0,4,2,0,6,0,0,0,6
02/03/2014,PKB,WV,AEA,CE,Federal Contract Tower,0,4,4,0,8,0,0,4,0,4,0,4,8,0,12,0,0,0,12
02/04/2014,PKB,WV,AEA,CE,Federal Contract Tower,0,12,3,6,21,0,0,22,18,40,0,12,25,24,61,16,54,70,131
02/05/2014,PKB,WV,AEA,CE,Federal Contract Tower,0,2,4,3,9,0,0,0,7,7,0,2,4,10,16,0,58,58,74
02/06/2014,PKB,WV,AEA,CE,Federal Contract Tower,0,14,8,6,28,0,2,11,23,36,0,16,19,29,64,14,96,110,174
02/07/2014,PKB,WV,AEA,CE,Federal Contract Tower,0,11,9,8,28,0,6,20,17,43,0,17,29,25,71,20,54,74,145
02/08/2014,PKB,WV,AEA,CE,Federal Contract Tower,0,6,2,0,8,0,0,14,2,16,0,6,16,2,24,0,0,0,24
02/09/2014,PKB,WV,AEA,CE,Federal Contract Tower,0,3,1,0,4,0,0,1,0,1,0,3,2,0,5,0,0,0,5
02/10/2014,PKB,WV,AEA,CE,Federal Contract Tower,0,5,5,3,13,0,0,10,18,28,0,5,15,21,41,26,26,52,93
02/11/2014,PKB,WV,AEA,CE,Federal Contract Tower,0,11,23,5,39,0,1,15,10,26,0,12,38,15,65,0,40,40,105
02/12/2014,PKB,WV,AEA,CE,Federal Contract Tower,0,11,9,6,26,0,3,34,29,66,0,14,43,35,92,4,116,120,212
02/13/2014,PKB,WV,AEA,CE,Federal Contract Tower,0,8,4,4,16,0,0,0,12,12,0,8,4,16,28,0,70,70,98
02/14/2014,PKB,WV,AEA,CE,Federal Contract Tower,0,9,9,4,22,0,0,17,8,25,0,9,26,12,47,20,32,52,99
02/15/2014,PKB,WV,AEA,CE,Federal Contract Tower,0,4,0,0,4,0,8,0,0,8,0,12,0,0,12,0,0,0,12
02/16/2014,PKB,WV,AEA,CE,Federal Contract Tower,0,2,2,0,4,0,0,0,0,0,0,2,2,0,4,0,0,0,4
02/17/2014,PKB,WV,AEA,CE,Federal Contract Tower,0,5,6,0,11,0,0,18,0,18,0,5,24,0,29,0,0,0,29
02/18/2014,PKB,WV,AEA,CE,Federal Contract Tower,0,7,12,0,19,0,31,8,0,39,0,38,20,0,58,16,56,72,130
02/19/2014,PKB,WV,AEA,CE,Federal Contract Tower,0,13,10,3,26,0,2,35,6,43,0,15,45,9,69,12,0,12,81
02/20/2014,PKB,WV,AEA,CE,Federal Contract Tower,0,9,8,5,22,0,0,23,10,33,0,9,31,15,55,8,52,60,115
02/21/2014,PKB,WV,AEA,CE,Federal Contract Tower,0,9,2,3,14,0,2,30,11,43,0,11,32,14,57,0,68,68,125
02/22/2014,PKB,WV,AEA,CE,Federal Contract Tower,0,7,1,9,17,0,8,41,23,72,0,15,42,32,89,12,82,94,183
02/23/2014,PKB,WV,AEA,CE,Federal Contract Tower,0,4,11,2,17,0,0,8,6,14,0,4,19,8,31,0,18,18,49
02/24/2014,PKB,WV,AEA,CE,Federal Contract Tower,0,11,15,1,27,0,1,22,22,45,0,12,37,23,72,6,64,70,142
02/25/2014,PKB,WV,AEA,CE,Federal Contract Tower,0,13,11,24,48,0,1,16,17,34,0,14,27,41,82,6,86,92,174
02/26/2014,PKB,WV,AEA,CE,Federal Contract Tower,0,16,7,5,28,0,2,36,19,57,0,18,43,24,85,6,102,108,193
02/27/2014,PKB,WV,AEA,CE,Federal Contract Tower,0,11,11,2,24,0,7,13,11,31,0,18,24,13,55,6,0,6,61
02/28/2014,PKB,WV,AEA,CE,Federal Contract Tower,0,13,6,3,22,0,0,42,18,60,0,13,48,21,82,34,74,108,190
03/01/2014,PKB,WV,AEA,CE,Federal Contract Tower,0,4,1,3,8,0,2,21,26,49,0,6,22,29,57,8,84,92,149
03/02/2014,PKB,WV,AEA,CE,Federal Contract Tower,0,1,1,0,2,0,0,0,0,0,0,1,1,0,2,0,0,0,2
03/03/2014,PKB,WV,AEA,CE,Federal Contract Tower,0,6,0,0,6,0,0,0,0,0,0,6,0,0,6,0,0,0,6
03/04/2014,PKB,WV,AEA,CE,Federal Contract Tower,0,12,13,1,26,0,1,39,18,58,0,13,52,19,84,26,88,114,198
03/05/2014,PKB,WV,AEA,CE,Federal Contract Tower,0,9,4,1,14,0,0,31,17,48,0,9,35,18,62,18,52,70,132
03/06/2014,PKB,WV,AEA,CE,Federal Contract Tower,0,12,1,9,22,0,0,35,17,52,0,12,36,26,74,12,106,118,192
03/07/2014,PKB,WV,AEA,CE,Federal Contract Tower,0,15,8,7,30,0,0,36,15,51,0,15,44,22,81,26,60,86,167
03/08/2014,PKB,WV,AEA,CE,Federal Contract Tower,0,3,3,0,6,0,0,22,0,22,0,3,25,0,28,0,0,0,28
03/09/2014,PKB,WV,AEA,CE,Federal Contract Tower,0,4,5,0,9,0,2,26,3,31,0,6,31,3,40,42,10,52,92
03/10/2014,PKB,WV,AEA,CE,Federal Contract Tower,0,9,8,7,24,0,2,12,7,21,0,11,20,14,45,50,40,90,135
03/11/2014,PKB,WV,AEA,CE,Federal Contract Tower,0,13,20,8,41,0,0,51,15,66,0,13,71,23,107,24,20,44,151
03/12/2014,PKB,WV,AEA,CE,Federal Contract Tower,0,6,3,1,10,0,0,8,6,14,0,6,11,7,24,0,20,20,44
03/13/2014,PKB,WV,AEA,CE,Federal Contract Tower,0,13,9,7,29,0,4,37,17,58,0,17,46,24,87,6,44,50,137
03/14/2014,PKB,WV,AEA,CE,Federal Contract Tower,0,12,6,9,27,0,0,13,6,19,0,12,19,15,46,2,32,34,80
03/15/2014,PKB,WV,AEA,CE,Federal Contract Tower,0,8,6,0,14,0,6,26,2,34,0,14,32,2,48,6,0,6,54
03/16/2014,PKB,WV,AEA,CE,Federal Contract Tower,0,3,9,0,12,0,0,13,0,13,0,3,22,0,25,8,0,8,33
03/17/2014,PKB,WV,AEA,CE,Federal Contract Tower,0,6,4,3,13,0,0,10,2,12,0,6,14,5,25,2,22,24,49
03/18/2014,PKB,WV,AEA,CE,Federal Contract Tower,0,14,8,3,25,0,2,58,12,72,0,16,66,15,97,26,14,40,137
03/19/2014,PKB,WV,AEA,CE,Federal Contract Tower,0,11,14,4,29,0,0,42,14,56,0,11,56,18,85,6,86,92,177
03/20/2014,PKB,WV,AEA,CE,Federal Contract Tower,0,12,9,3,24,0,2,8,8,18,0,14,17,11,42,22,38,60,102
03/21/2014,PKB,WV,AEA,CE,Federal Contract Tower,0,13,6,3,22,0,0,30,24,54,0,13,36,27,76,20,192,212,288
03/22/2014,PKB,WV,AEA,CE,Federal Contract Tower,0,6,11,0,17,0,4,36,6,46,0,10,47,6,63,8,0,8,71
03/23/2014,PKB,WV,AEA,CE,Federal Contract Tower,0,6,8,0,14,0,2,13,11,26,0,8,21,11,40,12,42,54,94
03/24/2014,PKB,WV,AEA,CE,Federal Contract Tower,0,8,6,7,21,0,4,24,2,30,0,12,30,9,51,2,0,2,53
03/25/2014,PKB,WV,AEA,CE,Federal Contract Tower,0,8,6,4,18,0,0,20,11,31,0,8,26,15,49,0,34,34,83
03/26/2014,PKB,WV,AEA,CE,Federal Contract Tower,0,12,12,2,26,0,0,48,16,64,0,12,60,18,90,54,88,142,232
03/27/2014,PKB,WV,AEA,CE,Federal Contract Tower,0,11,4,3,18,0,7,29,10,46,0,18,33,13,64,10,0,10,74
03/28/2014,PKB,WV,AEA,CE,Federal Contract Tower,0,12,8,5,25,0,2,16,11,29,0,14,24,16,54,2,24,26,80
03/29/2014,PKB,WV,AEA,CE,Federal Contract Tower,0,4,3,0,7,0,2,9,1,12,0,6,12,1,19,0,0,0,19
03/30/2014,PKB,WV,AEA,CE,Federal Contract Tower,0,6,8,0,14,0,2,24,0,26,0,8,32,0,40,18,0,18,58
03/31/2014,PKB,WV,AEA,CE,Federal Contract Tower,0,9,11,3,23,0,2,34,6,42,0,11,45,9,65,0,56,56,121
04/01/2014,PKB,WV,AEA,CE,Federal Contract Tower,0,13,8,0,21,0,5,49,24,78,0,18,57,24,99,0,72,72,171
04/02/2014,PKB,WV,AEA,CE,Federal Contract Tower,0,14,21,3,38,0,6,27,20,53,0,20,48,23,91,14,44,58,149
04/03/2014,PKB,WV,AEA,CE,Federal Contract Tower,0,12,8,2,22,0,3,10,22,35,0,15,18,24,57,0,112,112,169
04/04/2014,PKB,WV,AEA,CE,Federal Contract Tower,0,12,3,1,16,0,1,7,11,19,0,13,10,12,35,6,38,44,79
04/05/2014,PKB,WV,AEA,CE,Federal Contract Tower,0,5,13,8,26,0,5,23,10,38,0,10,36,18,64,0,0,0,64
04/06/2014,PKB,WV,AEA,CE,Federal Contract Tower,0,4,8,6,18,0,7,57,4,68,0,11,65,10,86,18,4,22,108
04/07/2014,PKB,WV,AEA,CE,Federal Contract Tower,0,8,10,2,20,0,2,10,5,17,0,10,20,7,37,16,36,52,89
04/08/2014,PKB,WV,AEA,CE,Federal Contract Tower,0,13,11,4,28,0,0,25,6,31,0,13,36,10,59,0,12,12,71
04/09/2014,PKB,WV,AEA,CE,Federal Contract Tower,0,15,15,6,36,0,2,31,10,43,0,17,46,16,79,24,70,94,173
04/10/2014,PKB,WV,AEA,CE,Federal Contract Tower,0,18,7,4,29,0,6,29,15,50,0,24,36,19,79,8,40,48,127
04/11/2014,PKB,WV,AEA,CE,Federal Contract Tower,0,17,5,5,27,0,2,9,9,20,0,19,14,14,47,0,66,66,113
04/12/2014,PKB,WV,AEA,CE,Federal Contract Tower,0,8,8,0,16,0,4,47,0,51,0,12,55,0,67,16,0,16,83
04/13/2014,PKB,WV,AEA,CE,Federal Contract Tower,0,6,6,0,12,0,4,17,0,21,0,10,23,0,33,12,0,12,45
04/14/2014,PKB,WV,AEA,CE,Federal Contract Tower,0,9,3,19,31,0,0,5,5,10,0,9,8,24,41,0,76,76,117
04/15/2014,PKB,WV,AEA,CE,Federal Contract Tower,0,12,3,1,16,0,0,15,15,30,0,12,18,16,46,10,66,76,122
04/16/2014,PKB,WV,AEA,CE,Federal Contract Tower,0,11,4,14,29,0,3,57,25,85,0,14,61,39,114,52,48,100,214
04/17/2014,PKB,WV,AEA,CE,Federal Contract Tower,0,12,8,7,27,0,4,36,17,57,0,16,44,24,84,32,72,104,188
04/18/2014,PKB,WV,AEA,CE,Federal Contract Tower,0,12,9,5,26,0,0,68,10,78,0,12,77,15,104,20,30,50,154
04/19/2014,PKB,WV,AEA,CE,Federal Contract Tower,0,5,6,0,11,0,4,42,0,46,0,9,48,0,57,6,0,6,63
04/20/2014,PKB,WV,AEA,CE,Federal Contract Tower,0,3,7,0,10,0,1,32,0,33,0,4,39,0,43,12,0,12,55
04/21/2014,PKB,WV,AEA,CE,Federal Contract Tower,0,9,12,2,23,0,0,28,6,34,0,9,40,8,57,22,96,118,175
04/22/2014,PKB,WV,AEA,CE,Federal Contract Tower,0,13,22,8,43,0,0,40,15,55,0,13,62,23,98,2,84,86,184
04/23/2014,PKB,WV,AEA,CE,Federal Contract Tower,0,12,16,8,36,0,2,43,23,68,0,14,59,31,104,12,164,176,280
04/24/2014,PKB,WV,AEA,CE,Federal Contract Tower,0,14,11,5,30,0,6,34,14,54,0,20,45,19,84,6,44,50,134
04/25/2014,PKB,WV,AEA,CE,Federal Contract Tower,0,10,8,4,22,0,0,17,10,27,0,10,25,14,49,0,32,32,81
04/26/2014,PKB,WV,AEA,CE,Federal Contract Tower,0,5,2,0,7,0,8,20,8,36,0,13,22,8,43,26,22,48,91
04/27/2014,PKB,WV,AEA,CE,Federal Contract Tower,0,4,9,1,14,0,0,38,4,42,0,4,47,5,56,54,12,66,122
04/28/2014,PKB,WV,AEA,CE,Federal Contract Tower,0,11,3,5,19,0,2,1,4,7,0,13,4,9,26,24,0,24,50
04/29/2014,PKB,WV,AEA,CE,Federal Contract Tower,0,13,7,3,23,0,4,6,13,23,0,17,13,16,46,0,16,16,62
04/30/2014,PKB,WV,AEA,CE,Federal Contract Tower,0,15,7,6,28,0,0,1,14,15,0,15,8,20,43,0,140,140,183
05/01/2014,PKB,WV,AEA,CE,Federal Contract Tower,0,14,8,17,39,0,8,24,18,50,0,22,32,35,89,0,58,58,147
05/02/2014,PKB,WV,AEA,CE,Federal Contract Tower,0,12,11,1,24,0,4,20,9,33,0,16,31,10,57,24,68,92,149
05/03/2014,PKB,WV,AEA,CE,Federal Contract Tower,0,5,14,8,27,0,2,30,21,53,0,7,44,29,80,36,124,160,240
05/04/2014,PKB,WV,AEA,CE,Federal Contract Tower,0,6,6,1,13,0,2,5,22,29,0,8,11,23,42,10,46,56,98
05/05/2014,PKB,WV,AEA,CE,Federal Contract Tower,0,9,12,5,26,0,1,11,21,33,0,10,23,26,59,0,108,108,167
05/06/2014,PKB,WV,AEA,CE,Federal Contract Tower,0,13,13,7,33,0,1,48,23,72,0,14,61,30,105,12,60,72,177
05/07/2014,PKB,WV,AEA,CE,Federal Contract Tower,0,13,8,4,25,0,0,38,32,70,0,13,46,36,95,12,166,178,273
05/08/2014,PKB,WV,AEA,CE,Federal Contract Tower,0,13,8,0,21,0,4,44,16,64,0,17,52,16,85,10,34,44,129
05/09/2014,PKB,WV,AEA,CE,Federal Contract Tower,0,11,6,7,24,0,1,15,8,24,0,12,21,15,48,8,12,20,68
05/10/2014,PKB,WV,AEA,CE,Federal Contract Tower,0,5,6,0,11,0,0,0,0,0,0,5,6,0,11,0,0,0,11
05/11/2014,PKB,WV,AEA,CE,Federal Contract Tower,0,6,14,0,20,0,3,13,0,16,0,9,27,0,36,10,0,10,46
05/12/2014,PKB,WV,AEA,CE,Federal Contract Tower,0,12,5,0,17,0,10,19,10,39,0,22,24,10,56,70,38,108,164
05/13/2014,PKB,WV,AEA,CE,Federal Contract Tower,0,22,14,2,38,0,0,48,11,59,0,22,62,13,97,30,42,72,169
05/14/2014,PKB,WV,AEA,CE,Federal Contract Tower,0,12,14,4,30,0,0,39,7,46,0,12,53,11,76,0,82,82,158
05/15/2014,PKB,WV,AEA,CE,Federal Contract Tower,0,13,12,4,29,0,0,6,1,7,0,13,18,5,36,0,16,16,52
05/16/2014,PKB,WV,AEA,CE,Federal Contract Tower,0,13,3,5,21,0,0,37,18,55,0,13,40,23,76,16,112,128,204
05/17/2014,PKB,WV,AEA,CE,Federal Contract Tower,0,5,11,0,16,0,3,10,10,23,0,8,21,10,39,52,12,64,103
05/18/2014,PKB,WV,AEA,CE,Federal Contract Tower,0,6,13,1,20,0,3,32,4,39,0,9,45,5,59,8,30,38,97
05/19/2014,PKB,WV,AEA,CE,Federal Contract Tower,0,10,12,0,22,0,4,35,3,42,0,14,47,3,64,44,6,50,114
05/20/2014,PKB,WV,AEA,CE,Federal Contract Tower,0,12,5,2,19,0,5,42,15,62,0,17,47,17,81,14,82,96,177
05/21/2014,PKB,WV,AEA,CE,Federal Contract Tower,0,14,4,2,20,0,1,27,10,38,0,15,31,12,58,2,12,14,72
05/22/2014,PKB,WV,AEA,CE,Federal Contract Tower,0,16,9,3,28,0,10,20,6,36,0,26,29,9,64,18,2,20,84
05/23/2014,PKB,WV,AEA,CE,Federal Contract Tower,0,14,15,3,32,0,4,51,15,70,0,18,66,18,102,44,4,48,150
05/24/2014,PKB,WV,AEA,CE,Federal Contract Tower,0,5,8,0,13,0,4,56,5,65,0,9,64,5,78,26,0,26,104
05/25/2014,PKB,WV,AEA,CE,Federal Contract Tower,0,6,5,1,12,0,1,14,0,15,0,7,19,1,27,6,0,6,33
05/26/2014,PKB,WV,AEA,CE,Federal Contract Tower,0,9,9,0,18,0,3,37,0,40,0,12,46,0,58,16,0,16,74
05/27/2014,PKB,WV,AEA,CE,Federal Contract Tower,0,10,8,2,20,0,1,32,4,37,0,11,40,6,57,46,16,62,119
05/28/2014,PKB,WV,AEA,CE,Federal Contract Tower,0,14,11,1,26,0,0,36,20,56,0,14,47,21,82,16,22,38,120
05/29/2014,PKB,WV,AEA,CE,Federal Contract Tower,0,15,15,5,35,0,0,23,11,34,0,15,38,16,69,20,46,66,135
05/30/2014,PKB,WV,AEA,CE,Federal Contract Tower,0,12,5,2,19,0,2,39,20,61,0,14,44,22,80,26,40,66,146
05/31/2014,PKB,WV,AEA,CE,Federal Contract Tower,0,7,5,1,13,0,0,38,1,39,0,7,43,2,52,34,0,34,86
06/01/2014,PKB,WV,AEA,CE,Federal Contract Tower,0,4,10,0,14,0,0,31,0,31,0,4,41,0,45,6,0,6,51
06/02/2014,PKB,WV,AEA,CE,Federal Contract Tower,0,11,14,4,29,0,0,28,6,34,0,11,42,10,63,20,20,40,103
06/03/2014,PKB,WV,AEA,CE,Federal Contract Tower,0,12,8,0,20,0,0,7,3,10,0,12,15,3,30,24,6,30,60
06/04/2014,PKB,WV,AEA,CE,Federal Contract Tower,0,14,4,4,22,0,0,2,5,7,0,14,6,9,29,2,8,10,39
06/05/2014,PKB,WV,AEA,CE,Federal Contract Tower,0,12,8,9,29,0,6,39,17,62,0,18,47,26,91,10,56,66,157
06/06/2014,PKB,WV,AEA,CE,Federal Contract Tower,0,11,5,3,19,0,0,40,21,61,0,11,45,24,80,10,34,44,124
06/07/2014,PKB,WV,AEA,CE,Federal Contract Tower,0,5,12,2,19,0,1,43,21,65,0,6,55,23,84,4,44,48,132
06/08/2014,PKB,WV,AEA,CE,Federal Contract Tower,0,3,3,2,8,0,0,20,8,28,0,3,23,10,36,26,0,26,62
06/09/2014,PKB,WV,AEA,CE,Federal Contract Tower,0,8,4,5,17,0,1,1,2,4,0,9,5,7,21,2,34,36,57
06/10/2014,PKB,WV,AEA,CE,Federal Contract Tower,0,11,14,3,28,0,0,33,20,53,0,11,47,23,81,10,15,25,106
06/11/2014,PKB,WV,AEA,CE,Federal Contract Tower,0,16,3,1,20,0,2,0,19,21,0,18,3,20,41,0,0,0,41
06/12/2014,PKB,WV,AEA,CE,Federal Contract Tower,0,12,11,7,30,0,12,34,13,59,0,24,45,20,89,26,8,34,123
06/13/2014,PKB,WV,AEA,CE,Federal Contract Tower,0,13,7,3,23,0,6,23,26,55,0,19,30,29,78,32,28,60,138
06/14/2014,PKB,WV,AEA,CE,Federal Contract Tower,0,8,1,1,10,0,7,28,2,37,0,15,29,3,47,6,0,6,53
06/15/2014,PKB,WV,AEA,CE,Federal Contract Tower,0,4,17,0,21,0,0,43,1,44,0,4,60,1,65,4,0,4,69
06/16/2014,PKB,WV,AEA,CE,Federal Contract Tower,0,9,8,10,27,0,2,4,6,12,0,11,12,16,39,0,8,8,47
06/17/2014,PKB,WV,AEA,CE,Federal Contract Tower,0,13,17,4,34,0,6,43,18,67,0,19,60,22,101,26,54,80,181
06/18/2014,PKB,WV,AEA,CE,Federal Contract Tower,0,12,9,3,24,0,7,37,13,57,0,19,46,16,81,22,44,66,147
06/19/2014,PKB,WV,AEA,CE,Federal Contract Tower,0,12,12,2,26,0,2,25,10,37,0,14,37,12,63,16,16,32,95
06/20/2014,PKB,WV,AEA,CE,Federal Contract Tower,0,15,10,8,33,0,4,25,8,37,0,19,35,16,70,4,16,20,90
06/21/2014,PKB,WV,AEA,CE,Federal Contract Tower,0,9,17,0,26,0,2,13,18,33,0,11,30,18,59,6,12,18,77
06/22/2014,PKB,WV,AEA,CE,Federal Contract Tower,0,6,5,2,13,0,4,19,3,26,0,10,24,5,39,10,21,31,70
06/23/2014,PKB,WV,AEA,CE,Federal Contract Tower,0,9,15,2,26,0,9,23,9,41,0,18,38,11,67,18,8,26,93
06/24/2014,PKB,WV,AEA,CE,Federal Contract Tower,0,14,15,7,36,0,13,44,8,65,0,27,59,15,101,86,24,110,211
06/25/2014,PKB,WV,AEA,CE,Federal Contract Tower,0,15,17,6,38,0,1,8,10,19,0,16,25,16,57,52,14,66,123
06/26/2014,PKB,WV,AEA,CE,Federal Contract Tower,0,15,19,8,42,0,3,66,15,84,0,18,85,23,126,50,14,64,190
06/27/2014,PKB,WV,AEA,CE,Federal Contract Tower,0,13,16,2,31,0,4,40,6,50,0,17,56,8,81,12,2,14,95
06/28/2014,PKB,WV,AEA,CE,Federal Contract Tower,0,5,12,2,19,0,6,18,0,24,0,11,30,2,43,62,0,62,105
06/29/2014,PKB,WV,AEA,CE,Federal Contract Tower,0,4,14,0,18,0,0,38,0,38,0,4,52,0,56,40,0,40,96
06/30/2014,PKB,WV,AEA,CE,Federal Contract Tower,0,9,6,3,18,0,0,16,3,19,0,9,22,6,37,20,22,42,79
07/01/2014,PKB,WV,AEA,CE,Federal Contract Tower,0,11,17,6,34,0,2,40,7,49,0,13,57,13,83,46,20,66,149
07/02/2014,PKB,WV,AEA,CE,Federal Contract Tower,12,9,8,0,29,0,6,6,6,18,12,15,14,6,47,2,0,2,49
07/03/2014,PKB,WV,AEA,CE,Federal Contract Tower,0,11,11,0,22,0,0,33,2,35,0,11,44,2,57,14,0,14,71
07/04/2014,PKB,WV,AEA,CE,Federal Contract Tower,0,11,12,0,23,0,6,42,0,48,0,17,54,0,71,24,0,24,95
07/05/2014,PKB,WV,AEA,CE,Federal Contract Tower,0,5,11,0,16,0,4,34,0,38,0,9,45,0,54,54,0,54,108
07/06/2014,PKB,WV,AEA,CE,Federal Contract Tower,0,6,15,0,21,0,4,18,0,22,0,10,33,0,43,42,0,42,85
07/07/2014,PKB,WV,AEA,CE,Federal Contract Tower,0,11,7,0,18,0,0,8,6,14,0,11,15,6,32,52,6,58,90
07/08/2014,PKB,WV,AEA,CE,Federal Contract Tower,0,11,8,4,23,0,3,41,7,51,0,14,49,11,74,8,42,50,124
07/09/2014,PKB,WV,AEA,CE,Federal Contract Tower,0,11,10,5,26,0,4,49,17,70,0,15,59,22,96,100,60,160,256
07/10/2014,PKB,WV,AEA,CE,Federal Contract Tower,0,10,21,2,33,0,3,27,16,46,0,13,48,18,79,20,66,86,165
07/11/2014,PKB,WV,AEA,CE,Federal Contract Tower,0,12,8,2,22,0,1,51,17,69,0,13,59,19,91,14,70,84,175
07/12/2014,PKB,WV,AEA,CE,Federal Contract Tower,0,5,8,1,14,0,3,36,26,65,0,8,44,27,79,38,10,48,127
07/13/2014,PKB,WV,AEA,CE,Federal Contract Tower,0,4,6,0,10,0,1,9,10,20,0,5,15,10,30,42,0,42,72
07/14/2014,PKB,WV,AEA,CE,Federal Contract Tower,0,11,5,1,17,0,3,7,1,11,0,14,12,2,28,14,0,14,42
07/15/2014,PKB,WV,AEA,CE,Federal Contract Tower,0,13,16,4,33,0,1,42,17,60,0,14,58,21,93,4,20,24,117
07/16/2014,PKB,WV,AEA,CE,Federal Contract Tower,0,12,17,6,35,0,4,45,17,66,0,16,62,23,101,28,0,28,129
07/17/2014,PKB,WV,AEA,CE,Federal Contract Tower,0,17,15,7,39,0,1,39,8,48,0,18,54,15,87,48,8,56,143
07/18/2014,PKB,WV,AEA,CE,Federal Contract Tower,0,11,12,7,30,0,8,31,15,54,0,19,43,22,84,6,0,6,90
07/19/2014,PKB,WV,AEA,CE,Federal Contract Tower,0,6,7,2,15,0,0,2,2,4,0,6,9,4,19,8,0,8,27
07/20/2014,PKB,WV,AEA,CE,Federal Contract Tower,0,4,10,0,14,0,1,24,4,29,0,5,34,4,43,14,2,16,59
07/21/2014,PKB,WV,AEA,CE,Federal Contract Tower,0,10,6,12,28,0,2,10,21,33,0,12,16,33,61,28,0,28,89
07/22/2014,PKB,WV,AEA,CE,Federal Contract Tower,0,9,6,4,19,0,3,44,12,59,0,12,50,16,78,16,88,104,182
07/23/2014,PKB,WV,AEA,CE,Federal Contract Tower,0,15,13,4,32,0,2,4,21,27,0,17,17,25,59,0,112,112,171
07/24/2014,PKB,WV,AEA,CE,Federal Contract Tower,0,14,17,15,46,0,4,36,17,57,0,18,53,32,103,20,50,70,173
07/25/2014,PKB,WV,AEA,CE,Federal Contract Tower,0,12,10,9,31,0,2,44,14,60,0,14,54,23,91,30,48,78,169
07/26/2014,PKB,WV,AEA,CE,Federal Contract Tower,0,7,16,5,28,0,6,40,6,52,0,13,56,11,80,26,32,58,138
07/27/2014,PKB,WV,AEA,CE,Federal Contract Tower,0,4,9,1,14,0,0,4,5,9,0,4,13,6,23,0,84,84,107
07/28/2014,PKB,WV,AEA,CE,Federal Contract Tower,0,7,11,7,25,0,2,3,7,12,0,9,14,14,37,8,48,56,93
07/29/2014,PKB,WV,AEA,CE,Federal Contract Tower,0,16,13,6,35,0,4,52,24,80,0,20,65,30,115,38,22,60,175
07/30/2014,PKB,WV,AEA,CE,Federal Contract Tower,0,13,21,4,38,0,2,30,12,44,0,15,51,16,82,0,30,30,112
07/31/2014,PKB,WV,AEA,CE,Federal Contract Tower,0,14,10,5,29,0,2,31,19,52,0,16,41,24,81,18,2,20,101
08/01/2014,PKB,WV,AEA,CE,Federal Contract Tower,0,14,7,8,29,0,7,30,15,52,0,21,37,23,81,20,68,88,169
08/02/2014,PKB,WV,AEA,CE,Federal Contract Tower,0,6,14,6,26,0,0,20,8,28,0,6,34,14,54,24,36,60,114
08/03/2014,PKB,WV,AEA,CE,Federal Contract Tower,0,4,7,2,13,0,3,10,8,21,0,7,17,10,34,0,14,14,48
08/04/2014,PKB,WV,AEA,CE,Federal Contract Tower,0,9,9,6,24,0,2,25,15,42,0,11,34,21,66,34,68,102,168
08/05/2014,PKB,WV,AEA,CE,Federal Contract Tower,0,17,10,3,30,0,4,17,11,32,0,21,27,14,62,0,2,2,64
08/06/2014,PKB,WV,AEA,CE,Federal Contract Tower,0,16,8,3,27,0,4,8,11,23,0,20,16,14,50,14,20,34,84
08/07/2014,PKB,WV,AEA,CE,Federal Contract Tower,0,11,14,11,36,0,0,31,11,42,0,11,45,22,78,18,48,66,144
08/08/2014,PKB,WV,AEA,CE,Federal Contract Tower,0,11,2,10,23,0,0,27,4,31,0,11,29,14,54,12,4,16,70
08/09/2014,PKB,WV,AEA,CE,Federal Contract Tower,0,6,6,0,12,0,2,29,0,31,0,8,35,0,43,48,0,48,91
08/10/2014,PKB,WV,AEA,CE,Federal Contract Tower,0,4,15,0,19,0,3,38,0,41,0,7,53,0,60,44,0,44,104
08/11/2014,PKB,WV,AEA,CE,Federal Contract Tower,0,11,12,0,23,0,3,19,5,27,0,14,31,5,50,8,0,8,58
08/12/2014,PKB,WV,AEA,CE,Federal Contract Tower,0,12,5,2,19,0,0,38,23,61,0,12,43,25,80,20,6,26,106
08/13/2014,PKB,WV,AEA,CE,Federal Contract Tower,0,14,10,11,35,0,3,46,19,68,0,17,56,30,103,42,72,114,217
08/14/2014,PKB,WV,AEA,CE,Federal Contract Tower,0,12,9,6,27,0,7,46,12,65,0,19,55,18,92,12,22,34,126
08/15/2014,PKB,WV,AEA,CE,Federal Contract Tower,0,6,8,1,15,0,3,50,14,67,0,9,58,15,82,34,2,36,118
08/16/2014,PKB,WV,AEA,CE,Federal Contract Tower,0,5,6,0,11,0,6,31,9,46,0,11,37,9,57,24,0,24,81
08/17/2014,PKB,WV,AEA,CE,Federal Contract Tower,0,2,6,0,8,0,2,16,2,20,0,4,22,2,28,30,0,30,58
08/18/2014,PKB,WV,AEA,CE,Federal Contract Tower,0,9,12,8,29,0,4,10,6,20,0,13,22,14,49,0,94,94,143
08/19/2014,PKB,WV,AEA,CE,Federal Contract Tower,0,10,13,9,32,0,3,45,14,62,0,13,58,23,94,8,18,26,120
08/20/2014,PKB,WV,AEA,CE,Federal Contract Tower,0,12,17,10,39,0,1,43,25,69,0,13,60,35,108,0,116,116,224
08/21/2014,PKB,WV,AEA,CE,Federal Contract Tower,0,14,4,2,20,0,0,14,10,24,0,14,18,12,44,0,0,0,44
08/22/2014,PKB,WV,AEA,CE,Federal Contract Tower,0,11,4,2,17,0,0,26,18,44,0,11,30,20,61,16,98,114,175
08/23/2014,PKB,WV,AEA,CE,Federal Contract Tower,0,4,18,2,24,0,2,32,5,39,0,6,50,7,63,22,0,22,85
08/24/2014,PKB,WV,AEA,CE,Federal Contract Tower,0,4,18,0,22,0,2,35,2,39,0,6,53,2,61,44,0,44,105
08/25/2014,PKB,WV,AEA,CE,Federal Contract Tower,0,10,20,0,30,0,0,17,4,21,0,10,37,4,51,18,22,40,91
08/26/2014,PKB,WV,AEA,CE,Federal Contract Tower,0,13,6,0,19,0,4,54,14,72,0,17,60,14,91,14,28,42,133
08/27/2014,PKB,WV,AEA,CE,Federal Contract Tower,0,12,6,0,18,0,9,42,14,65,0,21,48,14,83,40,30,70,153
08/28/2014,PKB,WV,AEA,CE,Federal Contract Tower,0,9,6,1,16,0,6,34,7,47,0,15,40,8,63,6,6,12,75
08/29/2014,PKB,WV,AEA,CE,Federal Contract Tower,0,11,6,2,19,0,4,63,14,81,0,15,69,16,100,100,24,124,224
08/30/2014,PKB,WV,AEA,CE,Federal Contract Tower,0,5,2,0,7,0,2,33,11,46,0,7,35,11,53,22,4,26,79
08/31/2014,PKB,WV,AEA,CE,Federal Contract Tower,0,3,6,0,9,0,2,0,0,2,0,5,6,0,11,0,0,0,11
09/01/2014,PKB,WV,AEA,CE,Federal Contract Tower,0,8,7,0,15,0,3,6,0,9,0,11,13,0,24,8,0,8,32
09/02/2014,PKB,WV,AEA,CE,Federal Contract Tower,0,10,11,0,21,0,3,21,23,47,0,13,32,23,68,0,58,58,126
09/03/2014,PKB,WV,AEA,CE,Federal Contract Tower,0,14,11,1,26,0,6,33,13,52,0,20,44,14,78,30,36,66,144
09/04/2014,PKB,WV,AEA,CE,Federal Contract Tower,0,13,13,0,26,0,4,45,22,71,0,17,58,22,97,52,54,106,203
09/05/2014,PKB,WV,AEA,CE,Federal Contract Tower,0,12,6,2,20,0,0,36,18,54,0,12,42,20,74,24,30,54,128
09/06/2014,PKB,WV,AEA,CE,Federal Contract Tower,0,5,5,0,10,0,2,9,12,23,0,7,14,12,33,0,62,62,95
09/07/2014,PKB,WV,AEA,CE,Federal Contract Tower,0,7,10,0,17,0,6,37,8,51,0,13,47,8,68,2,12,14,82
09/08/2014,PKB,WV,AEA,CE,Federal Contract Tower,0,9,7,1,17,0,4,23,9,36,0,13,30,10,53,18,20,38,91
09/09/2014,PKB,WV,AEA,CE,Federal Contract Tower,0,10,15,1,26,0,6,28,22,56,0,16,43,23,82,6,16,22,104
09/10/2014,PKB,WV,AEA,CE,Federal Contract Tower,0,12,17,6,35,0,1,41,16,58,0,13,58,22,93,16,26,42,135
09/11/2014,PKB,WV,AEA,CE,Federal Contract Tower,0,15,3,2,20,0,0,16,1,17,0,15,19,3,37,0,6,6,43
09/12/2014,PKB,WV,AEA,CE,Federal Contract Tower,0,9,11,10,30,0,3,40,31,74,0,12,51,41,104,14,54,68,172
09/13/2014,PKB,WV,AEA,CE,Federal Contract Tower,0,8,12,3,23,0,4,31,2,37,0,12,43,5,60,12,6,18,78
09/14/2014,PKB,WV,AEA,CE,Federal Contract Tower,0,6,10,0,16,0,2,29,0,31,0,8,39,0,47,22,0,22,69
09/15/2014,PKB,WV,AEA,CE,Federal Contract Tower,0,10,15,6,31,0,3,28,7,38,0,13,43,13,69,0,10,10,79
09/16/2014,PKB,WV,AEA,CE,Federal Contract Tower,0,19,14,3,36,0,0,47,14,61,0,19,61,17,97,2,14,16,113
09/17/2014,PKB,WV,AEA,CE,Federal Contract Tower,0,8,12,1,21,0,0,43,21,64,0,8,55,22,85,6,4,10,95
09/18/2014,PKB,WV,AEA,CE,Federal Contract Tower,0,16,14,0,30,0,6,37,20,63,0,22,51,20,93,36,12,48,141
09/19/2014,PKB,WV,AEA,CE,Federal Contract Tower,1,18,2,0,21,0,8,40,9,57,1,26,42,9,78,6,14,20,98
09/20/2014,PKB,WV,AEA,CE,Federal Contract Tower,0,2,5,8,15,0,8,37,8,53,0,10,42,16,68,58,0,58,126
09/21/2014,PKB,WV,AEA,CE,Federal Contract Tower,1,3,9,0,13,0,7,10,1,18,1,10,19,1,31,4,0,4,35
09/22/2014,PKB,WV,AEA,CE,Federal Contract Tower,0,9,9,2,20,0,0,27,4,31,0,9,36,6,51,2,0,2,53
09/23/2014,PKB,WV,AEA,CE,Federal Contract Tower,0,13,13,5,31,0,2,52,5,59,0,15,65,10,90,12,0,12,102
09/24/2014,PKB,WV,AEA,CE,Federal Contract Tower,0,10,19,2,31,0,0,40,20,60,0,10,59,22,91,16,0,16,107
09/25/2014,PKB,WV,AEA,CE,Federal Contract Tower,0,12,11,2,25,0,2,43,17,62,0,14,54,19,87,62,0,62,149
09/26/2014,PKB,WV,AEA,CE,Federal Contract Tower,0,14,11,9,34,0,3,31,7,41,0,17,42,16,75,20,26,46,121
09/27/2014,PKB,WV,AEA,CE,Federal Contract Tower,0,5,6,0,11,0,7,58,2,67,0,12,64,2,78,8,0,8,86
09/28/2014,PKB,WV,AEA,CE,Federal Contract Tower,0,4,8,0,12,0,2,27,0,29,0,6,35,0,41,26,0,26,67
09/29/2014,PKB,WV,AEA,CE,Federal Contract Tower,0,9,9,5,23,0,0,13,4,17,0,9,22,9,40,8,4,12,52
09/30/2014,PKB,WV,AEA,CE,Federal Contract Tower,0,10,18,2,30,0,4,32,2,38,0,14,50,4,68,4,0,4,72
10/01/2014,PKB,WV,AEA,CE,Federal Contract Tower,0,9,10,3,22,0,4,32,2,38,0,13,42,5,60,12,0,12,72
10/02/2014,PKB,WV,AEA,CE,Federal Contract Tower,0,7,6,2,15,0,3,40,10,53,0,10,46,12,68,18,2,20,88
10/03/2014,PKB,WV,AEA,CE,Federal Contract Tower,0,12,9,1,22,0,0,0,0,0,0,12,9,1,22,0,0,0,22
10/04/2014,PKB,WV,AEA,CE,Federal Contract Tower,0,2,5,0,7,0,2,10,0,12,0,4,15,0,19,0,0,0,19
10/05/2014,PKB,WV,AEA,CE,Federal Contract Tower,0,4,10,0,14,0,0,22,0,22,0,4,32,0,36,0,0,0,36
10/06/2014,PKB,WV,AEA,CE,Federal Contract Tower,0,6,2,2,10,0,0,6,0,6,0,6,8,2,16,0,0,0,16
10/07/2014,PKB,WV,AEA,CE,Federal Contract Tower,0,10,10,0,20,0,15,2,0,17,0,25,12,0,37,4,0,4,41
10/08/2014,PKB,WV,AEA,CE,Federal Contract Tower,0,8,14,3,25,0,3,37,6,46,0,11,51,9,71,20,0,20,91
10/09/2014,PKB,WV,AEA,CE,Federal Contract Tower,0,11,19,0,30,0,6,19,9,34,0,17,38,9,64,6,8,14,78
10/10/2014,PKB,WV,AEA,CE,Federal Contract Tower,0,15,9,2,26,0,0,2,2,4,0,15,11,4,30,6,18,24,54
10/11/2014,PKB,WV,AEA,CE,Federal Contract Tower,0,6,4,0,10,0,6,25,7,38,0,12,29,7,48,0,0,0,48
10/12/2014,PKB,WV,AEA,CE,Federal Contract Tower,0,4,7,0,11,0,0,4,0,4,0,4,11,0,15,0,0,0,15
10/13/2014,PKB,WV,AEA,CE,Federal Contract Tower,0,7,3,0,10,0,0,15,0,15,0,7,18,0,25,8,0,8,33
10/14/2014,PKB,WV,AEA,CE,Federal Contract Tower,0,10,6,0,16,0,3,32,14,49,0,13,38,14,65,12,22,34,99
10/15/2014,PKB,WV,AEA,CE,Federal Contract Tower,0,13,11,2,26,0,2,28,10,40,0,15,39,12,66,4,12,16,82
10/16/2014,PKB,WV,AEA,CE,Federal Contract Tower,0,17,10,1,28,0,0,8,7,15,0,17,18,8,43,0,46,46,89
10/17/2014,PKB,WV,AEA,CE,Federal Contract Tower,0,9,5,2,16,0,0,39,31,70,0,9,44,33,86,22,154,176,262
10/18/2014,PKB,WV,AEA,CE,Federal Contract Tower,0,3,5,2,10,0,2,15,9,26,0,5,20,11,36,8,0,8,44
10/19/2014,PKB,WV,AEA,CE,Federal Contract Tower,0,7,11,7,25,0,1,32,8,41,0,8,43,15,66,12,56,68,134
10/20/2014,PKB,WV,AEA,CE,Federal Contract Tower,0,10,13,4,27,0,2,25,5,32,0,12,38,9,59,14,16,30,89
10/21/2014,PKB,WV,AEA,CE,Federal Contract Tower,0,6,13,8,27,0,0,30,8,38,0,6,43,16,65,0,98,98,163
10/22/2014,PKB,WV,AEA,CE,Federal Contract Tower,0,14,9,3,26,0,1,12,10,23,0,15,21,13,49,8,42,50,99
10/23/2014,PKB,WV,AEA,CE,Federal Contract Tower,0,12,26,10,48,0,10,34,24,68,0,22,60,34,116,38,72,110,226
10/24/2014,PKB,WV,AEA,CE,Federal Contract Tower,0,8,5,8,21,0,0,43,14,57,0,8,48,22,78,30,34,64,142
10/25/2014,PKB,WV,AEA,CE,Federal Contract Tower,0,4,12,6,22,0,0,23,16,39,0,4,35,22,61,8,58,66,127
10/26/2014,PKB,WV,AEA,CE,Federal Contract Tower,0,4,6,1,11,0,4,28,3,35,0,8,34,4,46,2,46,48,94
10/27/2014,PKB,WV,AEA,CE,Federal Contract Tower,0,9,11,2,22,0,10,27,3,40,0,19,38,5,62,20,6,26,88
10/28/2014,PKB,WV,AEA,CE,Federal Contract Tower,0,10,5,2,17,0,1,5,7,13,0,11,10,9,30,0,54,54,84
10/29/2014,PKB,WV,AEA,CE,Federal Contract Tower,0,9,5,6,20,0,1,10,4,15,0,10,15,10,35,4,0,4,39
10/30/2014,PKB,WV,AEA,CE,Federal Contract Tower,0,12,9,0,21,0,3,32,4,39,0,15,41,4,60,26,44,70,130
10/31/2014,PKB,WV,AEA,CE,Federal Contract Tower,0,11,7,6,24,0,2,24,16,42,0,13,31,22,66,0,68,68,134
11/01/2014,PKB,WV,AEA,CE,Federal Contract Tower,0,4,3,0,7,0,3,6,6,15,0,7,9,6,22,2,0,2,24
11/02/2014,PKB,WV,AEA,CE,Federal Contract Tower,0,5,9,0,14,0,2,23,0,25,0,7,32,0,39,10,0,10,49
11/03/2014,PKB,WV,AEA,CE,Federal Contract Tower,0,7,7,2,16,0,0,11,1,12,0,7,18,3,28,6,14,20,48
11/04/2014,PKB,WV,AEA,CE,Federal Contract Tower,2,13,12,5,32,0,4,16,21,41,2,17,28,26,73,16,72,88,161
11/05/2014,PKB,WV,AEA,CE,Federal Contract Tower,1,10,12,8,31,0,0,2,9,11,1,10,14,17,42,0,64,64,106
11/06/2014,PKB,WV,AEA,CE,Federal Contract Tower,1,12,14,2,29,0,0,9,2,11,1,12,23,4,40,2,12,14,54
11/07/2014,PKB,WV,AEA,CE,Federal Contract Tower,0,10,3,2,15,0,4,21,11,36,0,14,24,13,51,2,44,46,97
11/08/2014,PKB,WV,AEA,CE,Federal Contract Tower,0,5,6,2,13,0,2,31,2,35,0,7,37,4,48,8,0,8,56
11/09/2014,PKB,WV,AEA,CE,Federal Contract Tower,0,2,5,0,7,0,2,28,0,30,0,4,33,0,37,48,0,48,85
11/10/2014,PKB,WV,AEA,CE,Federal Contract Tower,0,7,5,0,12,0,2,42,2,46,0,9,47,2,58,18,0,18,76
11/11/2014,PKB,WV,AEA,CE,Federal Contract Tower,0,11,13,4,28,0,9,37,8,54,0,20,50,12,82,20,6,26,108
11/12/2014,PKB,WV,AEA,CE,Federal Contract Tower,0,9,2,6,17,0,9,28,9,46,0,18,30,15,63,12,32,44,107
11/13/2014,PKB,WV,AEA,CE,Federal Contract Tower,0,11,7,4,22,0,1,16,12,29,0,12,23,16,51,0,68,68,119
11/14/2014,PKB,WV,AEA,CE,Federal Contract Tower,0,10,14,13,37,0,6,37,18,61,0,16,51,31,98,22,68,90,188
11/15/2014,PKB,WV,AEA,CE,Federal Contract Tower,0,5,2,2,9,0,8,43,6,57,0,13,45,8,66,64,0,64,130
11/16/2014,PKB,WV,AEA,CE,Federal Contract Tower,0,4,7,0,11,0,1,12,2,15,0,5,19,2,26,0,28,28,54
11/17/2014,PKB,WV,AEA,CE,Federal Contract Tower,0,15,12,4,31,0,0,0,0,0,0,15,12,4,31,0,0,0,31
11/18/2014,PKB,WV,AEA,CE,Federal Contract Tower,0,15,7,7,29,0,3,4,8,15,0,18,11,15,44,0,66,66,110
11/19/2014,PKB,WV,AEA,CE,Federal Contract Tower,0,18,4,10,32,0,2,9,7,18,0,20,13,17,50,12,28,40,90
11/20/2014,PKB,WV,AEA,CE,Federal Contract Tower,0,10,5,4,19,0,2,14,5,21,0,12,19,9,40,0,8,8,48
11/21/2014,PKB,WV,AEA,CE,Federal Contract Tower,0,14,8,5,27,0,4,41,4,49,0,18,49,9,76,50,44,94,170
11/22/2014,PKB,WV,AEA,CE,Federal Contract Tower,0,6,4,4,14,0,4,22,3,29,0,10,26,7,43,32,12,44,87
11/23/2014,PKB,WV,AEA,CE,Federal Contract Tower,0,2,0,0,2,0,2,8,0,10,0,4,8,0,12,0,0,0,12
11/24/2014,PKB,WV,AEA,CE,Federal Contract Tower,0,7,1,1,9,0,0,3,0,3,0,7,4,1,12,0,0,0,12
11/25/2014,PKB,WV,AEA,CE,Federal Contract Tower,0,13,18,5,36,0,10,38,12,60,0,23,56,17,96,2,114,116,212
11/26/2014,PKB,WV,AEA,CE,Federal Contract Tower,0,4,6,5,15,0,3,11,0,14,0,7,17,5,29,2,4,6,35
11/27/2014,PKB,WV,AEA,CE,Federal Contract Tower,0,2,6,0,8,0,0,12,0,12,0,2,18,0,20,6,0,6,26
11/28/2014,PKB,WV,AEA,CE,Federal Contract Tower,0,13,2,0,15,0,2,22,0,24,0,15,24,0,39,34,0,34,73
11/29/2014,PKB,WV,AEA,CE,Federal Contract Tower,0,4,6,0,10,0,0,20,3,23,0,4,26,3,33,22,2,24,57
11/30/2014,PKB,WV,AEA,CE,Federal Contract Tower,0,4,15,0,19,0,1,18,0,19,0,5,33,0,38,28,0,28,66
12/01/2014,PKB,WV,AEA,CE,Federal Contract Tower,0,8,1,2,11,0,0,3,0,3,0,8,4,2,14,0,0,0,14
12/02/2014,PKB,WV,AEA,CE,Federal Contract Tower,0,5,6,0,11,0,1,22,0,23,0,6,28,0,34,0,0,0,34
12/03/2014,PKB,WV,AEA,CE,Federal Contract Tower,0,13,10,0,23,0,0,15,5,20,0,13,25,5,43,18,28,46,89
12/04/2014,PKB,WV,AEA,CE,Federal Contract Tower,0,12,7,0,19,0,2,23,7,32,0,14,30,7,51,88,2,90,141
12/05/2014,PKB,WV,AEA,CE,Federal Contract Tower,0,9,4,2,15,0,0,0,0,0,0,9,4,2,15,0,8,8,23
12/06/2014,PKB,WV,AEA,CE,Federal Contract Tower,0,3,5,0,8,0,0,0,0,0,0,3,5,0,8,0,0,0,8
12/07/2014,PKB,WV,AEA,CE,Federal Contract Tower,0,5,14,1,20,0,2,22,0,24,0,7,36,1,44,24,0,24,68
12/08/2014,PKB,WV,AEA,CE,Federal Contract Tower,0,12,10,0,22,0,0,12,1,13,0,12,22,1,35,8,0,8,43
12/09/2014,PKB,WV,AEA,CE,Federal Contract Tower,0,15,9,2,26,0,0,30,13,43,0,15,39,15,69,4,30,34,103
12/10/2014,PKB,WV,AEA,CE,Federal Contract Tower,0,18,8,0,26,0,0,16,11,27,0,18,24,11,53,0,20,20,73
12/11/2014,PKB,WV,AEA,CE,Federal Contract Tower,0,13,11,1,25,0,0,32,10,42,0,13,43,11,67,16,54,70,137
12/12/2014,PKB,WV,AEA,CE,Federal Contract Tower,0,10,9,2,21,0,14,33,6,53,0,24,42,8,74,52,2,54,128
12/13/2014,PKB,WV,AEA,CE,Federal Contract Tower,0,5,10,0,15,0,0,0,0,0,0,5,10,0,15,0,0,0,15
12/14/2014,PKB,WV,AEA,CE,Federal Contract Tower,0,4,8,0,12,0,0,2,0,2,0,4,10,0,14,0,0,0,14
12/15/2014,PKB,WV,AEA,CE,Federal Contract Tower,0,10,4,5,19,0,2,26,0,28,0,12,30,5,47,10,2,12,59
12/16/2014,PKB,WV,AEA,CE,Federal Contract Tower,0,10,9,0,19,0,1,17,7,25,0,11,26,7,44,10,142,152,196
12/17/2014,PKB,WV,AEA,CE,Federal Contract Tower,0,10,6,3,19,0,0,0,0,0,0,10,6,3,19,10,56,66,85
12/18/2014,PKB,WV,AEA,CE,Federal Contract Tower,0,11,9,0,20,0,0,23,10,33,0,11,32,10,53,14,48,62,115
12/19/2014,PKB,WV,AEA,CE,Federal Contract Tower,0,10,5,0,15,0,0,14,14,28,0,10,19,14,43,0,70,70,113
12/20/2014,PKB,WV,AEA,CE,Federal Contract Tower,0,5,4,0,9,0,2,16,0,18,0,7,20,0,27,12,0,12,39
12/21/2014,PKB,WV,AEA,CE,Federal Contract Tower,0,8,11,1,20,0,0,30,0,30,0,8,41,1,50,12,2,14,64
12/22/2014,PKB,WV,AEA,CE,Federal Contract Tower,0,5,8,1,14,0,2,18,2,22,0,7,26,3,36,12,30,42,78
12/23/2014,PKB,WV,AEA,CE,Federal Contract Tower,0,7,7,4,18,0,0,27,3,30,0,7,34,7,48,10,10,20,68
12/24/2014,PKB,WV,AEA,CE,Federal Contract Tower,0,8,2,0,10,0,0,0,0,0,0,8,2,0,10,0,0,0,10
12/25/2014,PKB,WV,AEA,CE,Federal Contract Tower,0,5,3,0,8,0,4,1,0,5,0,9,4,0,13,0,0,0,13
12/26/2014,PKB,WV,AEA,CE,Federal Contract Tower,0,10,2,0,12,0,4,29,0,33,0,14,31,0,45,26,0,26,71
12/27/2014,PKB,WV,AEA,CE,Federal Contract Tower,0,5,15,0,20,0,3,40,0,43,0,8,55,0,63,86,0,86,149
12/28/2014,PKB,WV,AEA,CE,Federal Contract Tower,0,6,3,0,9,0,0,0,0,0,0,6,3,0,9,0,0,0,9
12/29/2014,PKB,WV,AEA,CE,Federal Contract Tower,0,10,22,0,32,0,0,0,0,0,0,10,22,0,32,8,0,8,40
12/30/2014,PKB,WV,AEA,CE,Federal Contract Tower,0,10,5,2,17,0,4,25,4,33,0,14,30,6,50,4,6,10,60
12/31/2014,PKB,WV,AEA,CE,Federal Contract Tower,0,9,5,0,14,0,3,22,0,25,0,12,27,0,39,18,0,18,57
01/01/2015,PKB,WV,AEA,CE,Federal Contract Tower,0,9,2,2,13,0,9,22,2,33,0,18,24,4,46,12,0,12,58
01/02/2015,PKB,WV,AEA,CE,Federal Contract Tower,0,9,6,0,15,0,1,31,2,34,0,10,37,2,49,6,0,6,55
01/03/2015,PKB,WV,AEA,CE,Federal Contract Tower,0,4,7,0,11,0,0,0,0,0,0,4,7,0,11,0,0,0,11
01/04/2015,PKB,WV,AEA,CE,Federal Contract Tower,0,6,0,1,7,0,0,1,0,1,0,6,1,1,8,0,0,0,8
01/05/2015,PKB,WV,AEA,CE,Federal Contract Tower,0,7,10,4,21,0,0,17,4,21,0,7,27,8,42,0,2,2,44
01/06/2015,PKB,WV,AEA,CE,Federal Contract Tower,2,0,0,0,2,0,0,0,0,0,2,0,0,0,2,0,0,0,2
01/07/2015,PKB,WV,AEA,CE,Federal Contract Tower,0,13,6,0,19,0,4,14,0,18,0,17,20,0,37,4,0,4,41
01/08/2015,PKB,WV,AEA,CE,Federal Contract Tower,0,11,6,2,19,0,2,31,7,40,0,13,37,9,59,4,56,60,119
01/09/2015,PKB,WV,AEA,CE,Federal Contract Tower,0,8,4,2,14,0,4,14,28,46,0,12,18,30,60,4,164,168,228
01/10/2015,PKB,WV,AEA,CE,Federal Contract Tower,0,4,4,7,15,0,2,14,17,33,0,6,18,24,48,0,32,32,80
01/11/2015,PKB,WV,AEA,CE,Federal Contract Tower,0,4,6,2,12,0,0,8,21,29,0,4,14,23,41,40,96,136,177
01/12/2015,PKB,WV,AEA,CE,Federal Contract Tower,0,5,7,3,15,0,0,0,0,0,0,5,7,3,15,0,0,0,15
01/13/2015,PKB,WV,AEA,CE,Federal Contract Tower,0,13,13,7,33,0,5,23,10,38,0,18,36,17,71,16,56,72,143
01/14/2015,PKB,WV,AEA,CE,Federal Contract Tower,0,8,15,2,25,0,2,3,0,5,0,10,18,2,30,0,0,0,30
01/15/2015,PKB,WV,AEA,CE,Federal Contract Tower,0,12,12,4,28,0,34,1,0,35,0,46,13,4,63,32,8,40,103
01/16/2015,PKB,WV,AEA,CE,Federal Contract Tower,0,8,10,2,20,0,0,9,13,22,0,8,19,15,42,2,30,32,74
01/17/2015,PKB,WV,AEA,CE,Federal Contract Tower,0,3,10,0,13,0,6,51,0,57,0,9,61,0,70,32,0,32,102
01/18/2015,PKB,WV,AEA,CE,Federal Contract Tower,0,2,0,0,2,0,2,4,0,6,0,4,4,0,8,14,0,14,22
01/19/2015,PKB,WV,AEA,CE,Federal Contract Tower,0,9,16,0,25,0,4,28,0,32,0,13,44,0,57,74,0,74,131
01/20/2015,PKB,WV,AEA,CE,Federal Contract Tower,0,11,8,2,21,0,8,44,3,55,0,19,52,5,76,12,4,16,92
01/21/2015,PKB,WV,AEA,CE,Federal Contract Tower,0,10,4,6,20,0,8,18,2,28,0,18,22,8,48,2,24,26,74
01/22/2015,PKB,WV,AEA,CE,Federal Contract Tower,0,14,11,7,32,0,0,16,6,22,0,14,27,13,54,2,0,2,56
01/23/2015,PKB,WV,AEA,CE,Federal Contract Tower,0,11,17,2,30,0,1,19,16,36,0,12,36,18,66,6,58,64,130
01/24/2015,PKB,WV,AEA,CE,Federal Contract Tower,0,3,4,0,7,0,0,2,4,6,0,3,6,4,13,0,44,44,57
01/25/2015,PKB,WV,AEA,CE,Federal Contract Tower,0,6,4,0,10,0,0,3,0,3,0,6,7,0,13,0,0,0,13
01/26/2015,PKB,WV,AEA,CE,Federal Contract Tower,0,3,0,0,3,0,0,0,0,0,0,3,0,0,3,0,0,0,3
01/27/2015,PKB,WV,AEA,CE,Federal Contract Tower,0,11,6,5,22,0,1,8,0,9,0,12,14,5,31,0,0,0,31
01/28/2015,PKB,WV,AEA,CE,Federal Contract Tower,0,12,19,2,33,0,0,36,3,39,0,12,55,5,72,30,4,34,106
01/29/2015,PKB,WV,AEA,CE,Federal Contract Tower,0,12,6,3,21,0,0,13,2,15,0,12,19,5,36,0,18,18,54
01/30/2015,PKB,WV,AEA,CE,Federal Contract Tower,0,14,1,5,20,0,0,7,3,10,0,14,8,8,30,0,14,14,44
01/31/2015,PKB,WV,AEA,CE,Federal Contract Tower,0,5,8,0,13,0,4,21,8,33,0,9,29,8,46,28,20,48,94
02/01/2015,PKB,WV,AEA,CE,Federal Contract Tower,0,6,2,0,8,0,0,3,0,3,0,6,5,0,11,2,0,2,13
02/02/2015,PKB,WV,AEA,CE,Federal Contract Tower,0,7,3,0,10,0,0,3,0,3,0,7,6,0,13,0,0,0,13
02/03/2015,PKB,WV,AEA,CE,Federal Contract Tower,0,21,10,2,33,0,0,32,8,40,0,21,42,10,73,30,4,34,107
02/04/2015,PKB,WV,AEA,CE,Federal Contract Tower,0,12,4,3,19,0,1,38,9,48,0,13,42,12,67,28,0,28,95
02/05/2015,PKB,WV,AEA,CE,Federal Contract Tower,0,9,8,1,18,0,0,21,1,22,0,9,29,2,40,4,0,4,44
02/06/2015,PKB,WV,AEA,CE,Federal Contract Tower,0,11,10,2,23,0,0,26,31,57,0,11,36,33,80,2,66,68,148
02/07/2015,PKB,WV,AEA,CE,Federal Contract Tower,0,3,18,1,22,0,2,34,14,50,0,5,52,15,72,24,0,24,96
02/08/2015,PKB,WV,AEA,CE,Federal Contract Tower,0,4,3,2,9,0,0,4,7,11,0,4,7,9,20,0,36,36,56
02/09/2015,PKB,WV,AEA,CE,Federal Contract Tower,0,5,3,0,8,0,0,3,0,3,0,5,6,0,11,14,0,14,25
02/10/2015,PKB,WV,AEA,CE,Federal Contract Tower,0,12,5,2,19,0,2,24,5,31,0,14,29,7,50,2,10,12,62
02/11/2015,PKB,WV,AEA,CE,Federal Contract Tower,0,10,9,1,20,0,4,28,2,34,0,14,37,3,54,14,4,18,72
02/12/2015,PKB,WV,AEA,CE,Federal Contract Tower,0,8,7,2,17,0,0,11,2,13,0,8,18,4,30,0,36,36,66
02/13/2015,PKB,WV,AEA,CE,Federal Contract Tower,0,10,15,1,26,0,0,11,3,14,0,10,26,4,40,4,0,4,44
02/14/2015,PKB,WV,AEA,CE,Federal Contract Tower,0,6,2,0,8,0,0,0,0,0,0,6,2,0,8,0,0,0,8
02/15/2015,PKB,WV,AEA,CE,Federal Contract Tower,0,1,8,0,9,0,0,5,0,5,0,1,13,0,14,0,0,0,14
02/16/2015,PKB,WV,AEA,CE,Federal Contract Tower,0,2,2,0,4,0,0,0,0,0,0,2,2,0,4,0,0,0,4
02/17/2015,PKB,WV,AEA,CE,Federal Contract Tower,0,11,7,0,18,0,7,14,0,21,0,18,21,0,39,4,0,4,43
02/18/2015,PKB,WV,AEA,CE,Federal Contract Tower,0,7,2,2,11,0,0,4,0,4,0,7,6,2,15,0,4,4,19
02/19/2015,PKB,WV,AEA,CE,Federal Contract Tower,0,10,7,5,22,0,3,1,6,10,0,13,8,11,32,0,4,4,36
02/20/2015,PKB,WV,AEA,CE,Federal Contract Tower,0,8,4,1,13,0,6,7,12,25,0,14,11,13,38,8,30,38,76
02/21/2015,PKB,WV,AEA,CE,Federal Contract Tower,0,0,0,0,0,0,0,0,0,0,0,0,0,0,0,0,0,0,0
02/22/2015,PKB,WV,AEA,CE,Federal Contract Tower,0,2,0,0,2,0,0,2,0,2,0,2,2,0,4,0,0,0,4
02/23/2015,PKB,WV,AEA,CE,Federal Contract Tower,0,6,2,1,9,0,0,6,9,15,0,6,8,10,24,0,0,0,24
02/24/2015,PKB,WV,AEA,CE,Federal Contract Tower,0,11,16,0,27,0,2,17,7,26,0,13,33,7,53,0,40,40,93
02/25/2015,PKB,WV,AEA,CE,Federal Contract Tower,0,10,8,0,18,0,9,29,10,48,0,19,37,10,66,20,0,20,86
02/26/2015,PKB,WV,AEA,CE,Federal Contract Tower,0,14,10,0,24,0,0,25,4,29,0,14,35,4,53,14,0,14,67
02/27/2015,PKB,WV,AEA,CE,Federal Contract Tower,0,10,5,6,21,0,0,18,3,21,0,10,23,9,42,24,4,28,70
02/28/2015,PKB,WV,AEA,CE,Federal Contract Tower,0,3,1,6,10,0,0,28,2,30,0,3,29,8,40,24,4,28,68
03/01/2015,PKB,WV,AEA,CE,Federal Contract Tower,0,0,2,0,2,0,0,0,0,0,0,0,2,0,2,0,0,0,2
03/02/2015,PKB,WV,AEA,CE,Federal Contract Tower,0,5,4,9,18,0,4,12,6,22,0,9,16,15,40,26,24,50,90
03/03/2015,PKB,WV,AEA,CE,Federal Contract Tower,1,3,10,0,14,0,0,8,2,10,1,3,18,2,24,10,30,40,64
03/04/2015,PKB,WV,AEA,CE,Federal Contract Tower,0,5,8,0,13,0,0,6,0,6,0,5,14,0,19,20,0,20,39
03/05/2015,PKB,WV,AEA,CE,Federal Contract Tower,0,0,0,0,0,0,2,2,0,4,0,2,2,0,4,0,0,0,4
03/06/2015,PKB,WV,AEA,CE,Federal Contract Tower,0,6,7,4,17,0,1,22,27,50,0,7,29,31,67,8,178,186,253
03/07/2015,PKB,WV,AEA,CE,Federal Contract Tower,0,5,7,4,16,0,1,19,28,48,0,6,26,32,64,8,33,41,105
03/08/2015,PKB,WV,AEA,CE,Federal Contract Tower,0,4,8,1,13,0,2,23,7,32,0,6,31,8,45,42,0,42,87
03/09/2015,PKB,WV,AEA,CE,Federal Contract Tower,0,6,8,2,16,0,0,21,7,28,0,6,29,9,44,16,48,64,108
03/10/2015,PKB,WV,AEA,CE,Federal Contract Tower,0,7,6,0,13,0,0,1,1,2,0,7,7,1,15,2,18,20,35
03/11/2015,PKB,WV,AEA,CE,Federal Contract Tower,0,6,10,5,21,0,0,36,12,48,0,6,46,17,69,34,50,84,153
03/12/2015,PKB,WV,AEA,CE,Federal Contract Tower,0,8,10,0,18,0,0,35,22,57,0,8,45,22,75,16,44,60,135
03/13/2015,PKB,WV,AEA,CE,Federal Contract Tower,0,13,5,1,19,0,0,15,17,32,0,13,20,18,51,0,68,68,119
03/14/2015,PKB,WV,AEA,CE,Federal Contract Tower,0,7,4,2,13,0,0,2,0,2,0,7,6,2,15,0,0,0,15
03/15/2015,PKB,WV,AEA,CE,Federal Contract Tower,0,3,11,0,14,0,4,35,0,39,0,7,46,0,53,16,0,16,69
03/16/2015,PKB,WV,AEA,CE,Federal Contract Tower,0,9,4,2,15,0,4,20,2,26,0,13,24,4,41,0,140,140,181
03/17/2015,PKB,WV,AEA,CE,Federal Contract Tower,0,10,14,1,25,0,0,42,15,57,0,10,56,16,82,14,90,104,186
03/18/2015,PKB,WV,AEA,CE,Federal Contract Tower,0,13,10,1,24,0,3,46,15,64,0,16,56,16,88,26,88,114,202
03/19/2015,PKB,WV,AEA,CE,Federal Contract Tower,0,9,8,7,24,0,31,12,0,43,0,40,20,7,67,10,16,26,93
03/20/2015,PKB,WV,AEA,CE,Federal Contract Tower,0,5,13,0,18,0,0,2,7,9,0,5,15,7,27,0,44,44,71
03/21/2015,PKB,WV,AEA,CE,Federal Contract Tower,0,3,7,0,10,0,0,23,14,37,0,3,30,14,47,4,38,42,89
03/22/2015,PKB,WV,AEA,CE,Federal Contract Tower,0,3,12,0,15,0,0,40,5,45,0,3,52,5,60,34,42,76,136
03/23/2015,PKB,WV,AEA,CE,Federal Contract Tower,0,7,7,5,19,0,2,9,14,25,0,9,16,19,44,2,152,154,198
03/24/2015,PKB,WV,AEA,CE,Federal Contract Tower,0,8,14,5,27,0,2,30,15,47,0,10,44,20,74,36,86,122,196
03/26/2015,PKB,WV,AEA,CE,Federal Contract Tower,0,13,11,1,25,0,0,12,14,26,0,13,23,15,51,0,80,80,131
03/27/2015,PKB,WV,AEA,CE,Federal Contract Tower,0,10,8,1,19,0,0,25,10,35,0,10,33,11,54,4,36,40,94
03/28/2015,PKB,WV,AEA,CE,Federal Contract Tower,0,6,16,0,22,0,4,21,3,28,0,10,37,3,50,14,0,14,64
03/29/2015,PKB,WV,AEA,CE,Federal Contract Tower,0,5,7,0,12,0,5,7,1,13,0,10,14,1,25,26,0,26,51
03/30/2015,PKB,WV,AEA,CE,Federal Contract Tower,0,7,7,2,16,0,0,9,13,22,0,7,16,15,38,6,72,78,116
03/31/2015,PKB,WV,AEA,CE,Federal Contract Tower,0,6,6,1,13,0,6,15,10,31,0,12,21,11,44,12,50,62,106
04/02/2015,PKB,WV,AEA,CE,Federal Contract Tower,0,5,3,0,8,0,0,14,2,16,0,5,17,2,24,0,16,16,40
04/03/2015,PKB,WV,AEA,CE,Federal Contract Tower,0,8,6,2,16,0,0,3,3,6,0,8,9,5,22,24,0,24,46
04/04/2015,PKB,WV,AEA,CE,Federal Contract Tower,0,3,28,1,32,0,2,34,0,36,0,5,62,1,68,10,0,10,78
04/05/2015,PKB,WV,AEA,CE,Federal Contract Tower,0,4,14,0,18,0,0,13,0,13,0,4,27,0,31,10,0,10,41
04/06/2015,PKB,WV,AEA,CE,Federal Contract Tower,0,3,14,9,26,0,2,24,5,31,0,5,38,14,57,4,40,44,101
04/07/2015,PKB,WV,AEA,CE,Federal Contract Tower,0,12,11,0,23,0,0,12,0,12,0,12,23,0,35,0,0,0,35
04/08/2015,PKB,WV,AEA,CE,Federal Contract Tower,0,12,9,11,32,0,0,27,10,37,0,12,36,21,69,0,56,56,125
04/09/2015,PKB,WV,AEA,CE,Federal Contract Tower,0,12,12,4,28,0,2,13,11,26,0,14,25,15,54,0,6,6,60
04/10/2015,PKB,WV,AEA,CE,Federal Contract Tower,0,10,13,6,29,0,2,4,18,24,0,12,17,24,53,0,86,86,139
04/11/2015,PKB,WV,AEA,CE,Federal Contract Tower,0,4,6,3,13,0,10,43,1,54,0,14,49,4,67,14,4,18,85
04/12/2015,PKB,WV,AEA,CE,Federal Contract Tower,0,4,18,0,22,0,0,57,0,57,0,4,75,0,79,62,0,62,141
04/13/2015,PKB,WV,AEA,CE,Federal Contract Tower,0,7,10,6,23,0,0,22,6,28,0,7,32,12,51,30,80,110,161
04/14/2015,PKB,WV,AEA,CE,Federal Contract Tower,0,9,4,9,22,0,4,30,7,41,0,13,34,16,63,2,20,22,85
04/15/2015,PKB,WV,AEA,CE,Federal Contract Tower,0,6,10,6,22,0,4,28,14,46,0,10,38,20,68,54,68,122,190
04/16/2015,PKB,WV,AEA,CE,Federal Contract Tower,0,12,8,8,28,1,26,10,0,37,1,38,18,8,65,14,22,36,101
04/17/2015,PKB,WV,AEA,CE,Federal Contract Tower,0,10,8,6,24,0,0,12,8,20,0,10,20,14,44,4,16,20,64
04/18/2015,PKB,WV,AEA,CE,Federal Contract Tower,0,8,9,6,23,0,0,41,8,49,0,8,50,14,72,56,6,62,134
04/19/2015,PKB,WV,AEA,CE,Federal Contract Tower,0,6,11,0,17,0,0,8,0,8,0,6,19,0,25,0,0,0,25
04/20/2015,PKB,WV,AEA,CE,Federal Contract Tower,0,4,2,2,8,0,0,1,3,4,0,4,3,5,12,0,14,14,26
04/21/2015,PKB,WV,AEA,CE,Federal Contract Tower,0,7,16,7,30,0,0,27,19,46,0,7,43,26,76,28,38,66,142
04/22/2015,PKB,WV,AEA,CE,Federal Contract Tower,0,11,6,4,21,0,4,13,6,23,0,15,19,10,44,14,20,34,78
04/23/2015,PKB,WV,AEA,CE,Federal Contract Tower,0,12,10,10,32,0,0,18,8,26,0,12,28,18,58,20,48,68,126
04/24/2015,PKB,WV,AEA,CE,Federal Contract Tower,0,11,5,7,23,0,0,27,12,39,0,11,32,19,62,14,62,76,138
04/25/2015,PKB,WV,AEA,CE,Federal Contract Tower,0,3,1,13,17,0,0,8,6,14,0,3,9,19,31,36,56,92,123
04/26/2015,PKB,WV,AEA,CE,Federal Contract Tower,0,4,7,1,12,0,1,16,7,24,0,5,23,8,36,48,26,74,110
04/27/2015,PKB,WV,AEA,CE,Federal Contract Tower,0,7,7,9,23,0,4,10,8,22,0,11,17,17,45,0,62,62,107
04/28/2015,PKB,WV,AEA,CE,Federal Contract Tower,0,11,9,10,30,0,18,32,16,66,0,29,41,26,96,44,72,116,212
04/29/2015,PKB,WV,AEA,CE,Federal Contract Tower,0,10,15,7,32,0,4,50,15,69,0,14,65,22,101,30,20,50,151
04/30/2015,PKB,WV,AEA,CE,Federal Contract Tower,0,10,6,8,24,0,12,8,0,20,0,22,14,8,44,26,16,42,86
05/01/2015,PKB,WV,AEA,CE,Federal Contract Tower,0,10,6,7,23,0,0,14,23,37,0,10,20,30,60,2,90,92,152
05/02/2015,PKB,WV,AEA,CE,Federal Contract Tower,0,3,6,0,9,0,0,42,18,60,0,3,48,18,69,50,44,94,163
05/03/2015,PKB,WV,AEA,CE,Federal Contract Tower,0,6,8,0,14,0,2,31,0,33,0,8,39,0,47,48,0,48,95
05/04/2015,PKB,WV,AEA,CE,Federal Contract Tower,0,7,5,2,14,0,4,20,6,30,0,11,25,8,44,6,8,14,58
05/05/2015,PKB,WV,AEA,CE,Federal Contract Tower,0,17,9,4,30,0,1,32,18,51,0,18,41,22,81,12,16,28,109
05/06/2015,PKB,WV,AEA,CE,Federal Contract Tower,0,10,8,2,20,0,3,37,6,46,0,13,45,8,66,12,1,13,79
05/07/2015,PKB,WV,AEA,CE,Federal Contract Tower,0,10,2,2,14,0,0,17,4,21,0,10,19,6,35,42,0,42,77
05/08/2015,PKB,WV,AEA,CE,Federal Contract Tower,0,7,11,10,28,0,2,30,9,41,0,9,41,19,69,4,16,20,89
05/09/2015,PKB,WV,AEA,CE,Federal Contract Tower,0,3,7,0,10,0,0,28,0,28,0,3,35,0,38,12,0,12,50
05/10/2015,PKB,WV,AEA,CE,Federal Contract Tower,0,4,5,0,9,0,0,22,3,25,0,4,27,3,34,26,0,26,60
05/11/2015,PKB,WV,AEA,CE,Federal Contract Tower,0,6,11,6,23,0,0,3,17,20,0,6,14,23,43,34,45,79,122
05/13/2015,PKB,WV,AEA,CE,Federal Contract Tower,0,11,10,3,24,0,3,33,19,55,0,14,43,22,79,16,32,48,127
05/14/2015,PKB,WV,AEA,CE,Federal Contract Tower,0,10,15,1,26,0,0,55,22,77,0,10,70,23,103,36,40,76,179
05/16/2015,PKB,WV,AEA,CE,Federal Contract Tower,0,5,0,0,5,0,1,8,3,12,0,6,8,3,17,2,0,2,19
05/17/2015,PKB,WV,AEA,CE,Federal Contract Tower,0,2,8,1,11,0,0,2,0,2,0,2,10,1,13,0,0,0,13
05/18/2015,PKB,WV,AEA,CE,Federal Contract Tower,0,8,0,2,10,0,2,3,0,5,0,10,3,2,15,0,134,134,149
05/19/2015,PKB,WV,AEA,CE,Federal Contract Tower,0,14,6,5,25,0,0,32,14,46,0,14,38,19,71,8,100,108,179
05/20/2015,PKB,WV,AEA,CE,Federal Contract Tower,0,13,12,3,28,0,0,29,11,40,0,13,41,14,68,0,72,72,140
05/21/2015,PKB,WV,AEA,CE,Federal Contract Tower,0,14,16,0,30,0,1,15,1,17,0,15,31,1,47,50,36,86,133
05/22/2015,PKB,WV,AEA,CE,Federal Contract Tower,0,9,11,9,29,0,2,32,4,38,0,11,43,13,67,10,18,28,95
05/23/2015,PKB,WV,AEA,CE,Federal Contract Tower,0,3,6,0,9,0,3,30,5,38,0,6,36,5,47,18,0,18,65
05/24/2015,PKB,WV,AEA,CE,Federal Contract Tower,0,4,6,0,10,0,2,18,0,20,0,6,24,0,30,32,0,32,62
05/25/2015,PKB,WV,AEA,CE,Federal Contract Tower,0,7,8,0,15,0,6,16,0,22,0,13,24,0,37,14,0,14,51
05/26/2015,PKB,WV,AEA,CE,Federal Contract Tower,0,9,7,4,20,0,0,20,4,24,0,9,27,8,44,0,34,34,78
05/27/2015,PKB,WV,AEA,CE,Federal Contract Tower,0,12,9,7,28,0,2,26,8,36,0,14,35,15,64,0,32,32,96
05/28/2015,PKB,WV,AEA,CE,Federal Contract Tower,0,10,12,9,31,0,0,35,18,53,0,10,47,27,84,16,40,56,140
05/29/2015,PKB,WV,AEA,CE,Federal Contract Tower,0,10,7,13,30,0,2,30,3,35,0,12,37,16,65,28,32,60,125
05/30/2015,PKB,WV,AEA,CE,Federal Contract Tower,0,3,10,1,14,0,2,24,2,28,0,5,34,3,42,10,2,12,54
05/31/2015,PKB,WV,AEA,CE,Federal Contract Tower,0,4,11,1,16,0,0,6,2,8,0,4,17,3,24,8,0,8,32
06/01/2015,PKB,WV,AEA,CE,Federal Contract Tower,0,7,19,8,34,0,0,3,10,13,0,7,22,18,47,4,48,52,99
06/02/2015,PKB,WV,AEA,CE,Federal Contract Tower,0,10,2,7,19,0,0,4,7,11,0,10,6,14,30,0,12,12,42
06/03/2015,PKB,WV,AEA,CE,Federal Contract Tower,0,11,9,5,25,0,1,36,10,47,0,12,45,15,72,20,42,62,134
06/04/2015,PKB,WV,AEA,CE,Federal Contract Tower,0,10,15,4,29,0,1,17,14,32,0,11,32,18,61,20,24,44,105
06/05/2015,PKB,WV,AEA,CE,Federal Contract Tower,0,10,10,5,25,0,4,19,41,64,0,14,29,46,89,12,120,132,221
06/06/2015,PKB,WV,AEA,CE,Federal Contract Tower,0,3,8,6,17,0,5,13,2,20,0,8,21,8,37,14,0,14,51
06/07/2015,PKB,WV,AEA,CE,Federal Contract Tower,0,2,9,2,13,0,2,21,10,33,0,4,30,12,46,0,42,42,88
06/08/2015,PKB,WV,AEA,CE,Federal Contract Tower,0,7,8,2,17,0,0,1,7,8,0,7,9,9,25,8,24,32,57
06/09/2015,PKB,WV,AEA,CE,Federal Contract Tower,0,13,9,1,23,0,0,41,6,47,0,13,50,7,70,24,0,24,94
06/10/2015,PKB,WV,AEA,CE,Federal Contract Tower,0,12,17,6,35,0,0,38,8,46,0,12,55,14,81,32,10,42,123
06/11/2015,PKB,WV,AEA,CE,Federal Contract Tower,0,11,15,6,32,0,1,24,4,29,0,12,39,10,61,2,32,34,95
06/12/2015,PKB,WV,AEA,CE,Federal Contract Tower,0,10,28,11,49,0,1,35,10,46,0,11,63,21,95,7,30,37,132
06/13/2015,PKB,WV,AEA,CE,Federal Contract Tower,0,3,14,0,17,0,2,8,0,10,0,5,22,0,27,10,0,10,37
06/14/2015,PKB,WV,AEA,CE,Federal Contract Tower,0,4,15,0,19,0,2,16,0,18,0,6,31,0,37,2,0,2,39
06/15/2015,PKB,WV,AEA,CE,Federal Contract Tower,0,8,5,2,15,0,0,6,2,8,0,8,11,4,23,18,0,18,41
06/16/2015,PKB,WV,AEA,CE,Federal Contract Tower,0,9,6,6,21,0,0,18,8,26,0,9,24,14,47,18,0,18,65
06/17/2015,PKB,WV,AEA,CE,Federal Contract Tower,0,11,13,2,26,0,0,1,3,4,0,11,14,5,30,0,0,0,30
06/18/2015,PKB,WV,AEA,CE,Federal Contract Tower,0,9,9,6,24,0,1,21,10,32,0,10,30,16,56,20,14,34,90
06/19/2015,PKB,WV,AEA,CE,Federal Contract Tower,0,10,7,0,17,0,0,10,4,14,0,10,17,4,31,0,28,28,59
06/20/2015,PKB,WV,AEA,CE,Federal Contract Tower,0,3,2,0,5,0,0,1,0,1,0,3,3,0,6,0,0,0,6
06/21/2015,PKB,WV,AEA,CE,Federal Contract Tower,0,2,4,0,6,0,0,1,1,2,0,2,5,1,8,28,6,34,42
06/22/2015,PKB,WV,AEA,CE,Federal Contract Tower,0,7,8,7,22,0,0,32,5,37,0,7,40,12,59,8,26,34,93
06/23/2015,PKB,WV,AEA,CE,Federal Contract Tower,0,9,10,6,25,0,0,22,7,29,0,9,32,13,54,0,48,48,102
06/24/2015,PKB,WV,AEA,CE,Federal Contract Tower,0,11,12,8,31,0,1,114,15,130,0,12,126,23,161,66,28,94,255
06/25/2015,PKB,WV,AEA,CE,Federal Contract Tower,0,16,6,4,26,0,0,11,9,20,0,16,17,13,46,8,54,62,108
06/26/2015,PKB,WV,AEA,CE,Federal Contract Tower,0,9,6,10,25,0,1,14,10,25,0,10,20,20,50,12,106,118,168
06/27/2015,PKB,WV,AEA,CE,Federal Contract Tower,0,3,2,0,5,0,0,4,2,6,0,3,6,2,11,4,0,4,15
06/28/2015,PKB,WV,AEA,CE,Federal Contract Tower,0,4,15,0,19,0,0,6,0,6,0,4,21,0,25,14,0,14,39
06/29/2015,PKB,WV,AEA,CE,Federal Contract Tower,0,10,10,4,24,0,0,23,10,33,0,10,33,14,57,30,52,82,139
06/30/2015,PKB,WV,AEA,CE,Federal Contract Tower,0,9,17,4,30,0,0,12,4,16,0,9,29,8,46,0,22,22,68
07/01/2015,PKB,WV,AEA,CE,Federal Contract Tower,0,12,11,6,29,0,0,37,7,44,0,12,48,13,73,20,14,34,107
07/02/2015,PKB,WV,AEA,CE,Federal Contract Tower,0,12,16,8,36,0,2,30,10,42,0,14,46,18,78,56,36,92,170
07/03/2015,PKB,WV,AEA,CE,Federal Contract Tower,0,7,9,0,16,0,2,16,0,18,0,9,25,0,34,18,0,18,52
07/04/2015,PKB,WV,AEA,CE,Federal Contract Tower,0,2,14,0,16,0,1,11,0,12,0,3,25,0,28,12,0,12,40
07/05/2015,PKB,WV,AEA,CE,Federal Contract Tower,0,4,10,0,14,0,0,17,0,17,0,4,27,0,31,0,0,0,31
07/06/2015,PKB,WV,AEA,CE,Federal Contract Tower,0,9,5,4,18,0,0,23,12,35,0,9,28,16,53,28,112,140,193
07/07/2015,PKB,WV,AEA,CE,Federal Contract Tower,0,10,11,2,23,0,0,27,11,38,0,10,38,13,61,16,56,72,133
07/08/2015,PKB,WV,AEA,CE,Federal Contract Tower,0,10,4,4,18,0,0,8,3,11,0,10,12,7,29,0,30,30,59
07/09/2015,PKB,WV,AEA,CE,Federal Contract Tower,0,10,12,4,26,0,10,9,0,19,0,20,21,4,45,12,102,114,159
07/10/2015,PKB,WV,AEA,CE,Federal Contract Tower,0,11,11,4,26,0,0,4,38,42,0,11,15,42,68,34,180,214,282
07/11/2015,PKB,WV,AEA,CE,Federal Contract Tower,0,4,6,6,16,0,0,23,16,39,0,4,29,22,55,14,24,38,93
07/12/2015,PKB,WV,AEA,CE,Federal Contract Tower,0,4,7,2,13,0,3,13,5,21,0,7,20,7,34,44,0,44,78
07/13/2015,PKB,WV,AEA,CE,Federal Contract Tower,0,7,14,3,24,0,4,20,9,33,0,11,34,12,57,12,16,28,85
07/15/2015,PKB,WV,AEA,CE,Federal Contract Tower,0,11,17,11,39,0,0,34,23,57,0,11,51,34,96,48,22,70,166
07/16/2015,PKB,WV,AEA,CE,Federal Contract Tower,0,11,13,5,29,0,2,47,12,61,0,13,60,17,90,18,12,30,120
07/17/2015,PKB,WV,AEA,CE,Federal Contract Tower,0,9,16,4,29,0,0,47,10,57,0,9,63,14,86,44,16,60,146
07/18/2015,PKB,WV,AEA,CE,Federal Contract Tower,0,5,9,0,14,0,0,33,0,33,0,5,42,0,47,44,0,44,91
07/19/2015,PKB,WV,AEA,CE,Federal Contract Tower,0,4,15,0,19,0,2,21,2,25,0,6,36,2,44,0,0,0,44
07/20/2015,PKB,WV,AEA,CE,Federal Contract Tower,0,7,12,0,19,0,2,15,3,20,0,9,27,3,39,10,4,14,53
07/21/2015,PKB,WV,AEA,CE,Federal Contract Tower,0,11,16,8,35,0,2,31,7,40,0,13,47,15,75,2,0,2,77
07/22/2015,PKB,WV,AEA,CE,Federal Contract Tower,0,10,16,10,36,0,0,40,11,51,0,10,56,21,87,92,34,126,213
07/23/2015,PKB,WV,AEA,CE,Federal Contract Tower,0,11,9,3,23,0,2,30,10,42,0,13,39,13,65,34,26,60,125
07/24/2015,PKB,WV,AEA,CE,Federal Contract Tower,0,6,12,0,18,0,5,31,15,51,0,11,43,15,69,22,24,46,115
07/25/2015,PKB,WV,AEA,CE,Federal Contract Tower,0,3,10,4,17,0,0,30,3,33,0,3,40,7,50,48,22,70,120
07/26/2015,PKB,WV,AEA,CE,Federal Contract Tower,0,6,15,0,21,0,0,8,30,38,0,6,23,30,59,28,0,28,87
07/27/2015,PKB,WV,AEA,CE,Federal Contract Tower,0,7,8,6,21,0,0,15,7,22,0,7,23,13,43,56,12,68,111
07/28/2015,PKB,WV,AEA,CE,Federal Contract Tower,0,12,11,3,26,0,0,28,7,35,0,12,39,10,61,32,6,38,99
07/29/2015,PKB,WV,AEA,CE,Federal Contract Tower,0,7,15,5,27,0,0,35,10,45,0,7,50,15,72,26,8,34,106
07/30/2015,PKB,WV,AEA,CE,Federal Contract Tower,0,10,6,2,18,0,30,17,0,47,0,40,23,2,65,28,4,32,97
07/31/2015,PKB,WV,AEA,CE,Federal Contract Tower,0,12,13,4,29,0,0,56,7,63,0,12,69,11,92,28,0,28,120
08/01/2015,PKB,WV,AEA,CE,Federal Contract Tower,0,3,19,0,22,0,4,32,4,40,0,7,51,4,62,10,0,10,72
08/02/2015,PKB,WV,AEA,CE,Federal Contract Tower,0,4,4,0,8,0,0,46,17,63,0,4,50,17,71,22,38,60,131
08/03/2015,PKB,WV,AEA,CE,Federal Contract Tower,0,7,2,2,11,0,1,19,16,36,0,8,21,18,47,4,8,12,59
08/04/2015,PKB,WV,AEA,CE,Federal Contract Tower,0,8,8,8,24,0,0,31,5,36,0,8,39,13,60,14,18,32,92
08/05/2015,PKB,WV,AEA,CE,Federal Contract Tower,0,10,6,7,23,0,4,12,2,18,0,14,18,9,41,2,0,2,43
08/06/2015,PKB,WV,AEA,CE,Federal Contract Tower,0,12,26,6,44,0,0,4,0,4,0,12,30,6,48,0,0,0,48
08/07/2015,PKB,WV,AEA,CE,Federal Contract Tower,0,8,8,8,24,0,0,31,5,36,0,8,39,13,60,24,0,24,84
08/08/2015,PKB,WV,AEA,CE,Federal Contract Tower,0,3,3,0,6,0,0,21,7,28,0,3,24,7,34,30,0,30,64
08/09/2015,PKB,WV,AEA,CE,Federal Contract Tower,0,6,7,0,13,0,0,33,0,33,0,6,40,0,46,62,0,62,108
08/10/2015,PKB,WV,AEA,CE,Federal Contract Tower,0,6,8,12,26,0,0,15,2,17,0,6,23,14,43,0,32,32,75
08/11/2015,PKB,WV,AEA,CE,Federal Contract Tower,0,10,14,7,31,0,0,30,4,34,0,10,44,11,65,14,12,26,91
08/12/2015,PKB,WV,AEA,CE,Federal Contract Tower,0,11,9,6,26,0,0,39,11,50,0,11,48,17,76,36,4,40,116
08/13/2015,PKB,WV,AEA,CE,Federal Contract Tower,0,14,2,12,28,0,23,17,0,40,0,37,19,12,68,10,42,52,120
08/14/2015,PKB,WV,AEA,CE,Federal Contract Tower,0,9,15,13,37,0,1,33,8,42,0,10,48,21,79,6,30,36,115
08/15/2015,PKB,WV,AEA,CE,Federal Contract Tower,0,3,5,1,9,0,5,31,1,37,0,8,36,2,46,50,0,50,96
08/16/2015,PKB,WV,AEA,CE,Federal Contract Tower,0,4,6,0,10,0,0,28,2,30,0,4,34,2,40,30,4,34,74
08/17/2015,PKB,WV,AEA,CE,Federal Contract Tower,0,9,3,2,14,0,2,13,2,17,0,11,16,4,31,28,12,40,71
08/18/2015,PKB,WV,AEA,CE,Federal Contract Tower,0,10,5,3,18,0,0,15,7,22,0,10,20,10,40,6,46,52,92
08/19/2015,PKB,WV,AEA,CE,Federal Contract Tower,0,10,9,1,20,0,0,30,14,44,0,10,39,15,64,24,14,38,102
08/20/2015,PKB,WV,AEA,CE,Federal Contract Tower,0,10,7,1,18,0,0,23,8,31,0,10,30,9,49,24,48,72,121
08/21/2015,PKB,WV,AEA,CE,Federal Contract Tower,0,9,11,6,26,0,2,28,11,41,0,11,39,17,67,2,20,22,89
08/22/2015,PKB,WV,AEA,CE,Federal Contract Tower,0,3,5,0,8,0,0,33,0,33,0,3,38,0,41,18,0,18,59
08/23/2015,PKB,WV,AEA,CE,Federal Contract Tower,0,4,10,0,14,0,0,29,0,29,0,4,39,0,43,30,0,30,73
08/24/2015,PKB,WV,AEA,CE,Federal Contract Tower,0,9,5,4,18,0,0,13,8,21,0,9,18,12,39,40,34,74,113
08/25/2015,PKB,WV,AEA,CE,Federal Contract Tower,0,9,13,4,26,0,3,46,11,60,0,12,59,15,86,30,18,48,134
08/26/2015,PKB,WV,AEA,CE,Federal Contract Tower,0,10,10,4,24,0,0,36,18,54,0,10,46,22,78,4,60,64,142
08/27/2015,PKB,WV,AEA,CE,Federal Contract Tower,0,8,4,2,14,0,1,29,5,35,0,9,33,7,49,34,48,82,131
08/28/2015,PKB,WV,AEA,CE,Federal Contract Tower,0,6,7,6,19,0,2,25,13,40,0,8,32,19,59,20,44,64,123
08/29/2015,PKB,WV,AEA,CE,Federal Contract Tower,0,3,7,0,10,0,1,30,2,33,0,4,37,2,43,28,0,28,71
08/30/2015,PKB,WV,AEA,CE,Federal Contract Tower,0,4,7,0,11,0,2,18,2,22,0,6,25,2,33,36,0,36,69
08/31/2015,PKB,WV,AEA,CE,Federal Contract Tower,0,8,8,2,18,0,4,16,14,34,0,12,24,16,52,46,46,92,144
09/01/2015,PKB,WV,AEA,CE,Federal Contract Tower,0,10,8,3,21,0,0,37,13,50,0,10,45,16,71,36,34,70,141
09/03/2015,PKB,WV,AEA,CE,Federal Contract Tower,0,6,4,0,10,0,0,20,2,22,0,6,24,2,32,0,12,12,44
09/04/2015,PKB,WV,AEA,CE,Federal Contract Tower,0,7,12,0,19,0,2,16,8,26,0,9,28,8,45,2,44,46,91
09/05/2015,PKB,WV,AEA,CE,Federal Contract Tower,0,3,4,0,7,0,2,28,0,30,0,5,32,0,37,20,0,20,57
09/06/2015,PKB,WV,AEA,CE,Federal Contract Tower,0,2,7,0,9,0,0,25,0,25,0,2,32,0,34,14,0,14,48
09/07/2015,PKB,WV,AEA,CE,Federal Contract Tower,0,6,9,1,16,0,4,40,0,44,0,10,49,1,60,30,0,30,90
09/08/2015,PKB,WV,AEA,CE,Federal Contract Tower,4,7,12,0,23,0,0,46,18,64,4,7,58,18,87,14,10,24,111
09/09/2015,PKB,WV,AEA,CE,Federal Contract Tower,0,10,4,0,14,0,0,21,6,27,0,10,25,6,41,0,10,10,51
09/10/2015,PKB,WV,AEA,CE,Federal Contract Tower,0,10,6,7,23,0,1,6,0,7,0,11,12,7,30,2,0,2,32
09/11/2015,PKB,WV,AEA,CE,Federal Contract Tower,0,8,5,5,18,0,0,22,18,40,0,8,27,23,58,44,74,118,176
09/12/2015,PKB,WV,AEA,CE,Federal Contract Tower,0,4,18,2,24,0,0,3,0,3,0,4,21,2,27,16,8,24,51
09/13/2015,PKB,WV,AEA,CE,Federal Contract Tower,0,5,19,2,26,0,0,25,2,27,0,5,44,4,53,24,0,24,77
09/14/2015,PKB,WV,AEA,CE,Federal Contract Tower,0,9,10,4,23,0,0,40,7,47,0,9,50,11,70,34,14,48,118
09/15/2015,PKB,WV,AEA,CE,Federal Contract Tower,0,14,11,9,34,0,0,55,16,71,0,14,66,25,105,46,6,52,157
09/16/2015,PKB,WV,AEA,CE,Federal Contract Tower,0,6,14,8,28,0,0,51,9,60,0,6,65,17,88,18,20,38,126
09/17/2015,PKB,WV,AEA,CE,Federal Contract Tower,0,8,3,7,18,0,0,20,3,23,0,8,23,10,41,20,6,26,67
09/18/2015,PKB,WV,AEA,CE,Federal Contract Tower,1,6,10,6,23,0,0,25,7,32,1,6,35,13,55,17,6,23,78
09/19/2015,PKB,WV,AEA,CE,Federal Contract Tower,1,4,6,0,11,0,1,43,12,56,1,5,49,12,67,18,16,34,101
09/20/2015,PKB,WV,AEA,CE,Federal Contract Tower,0,4,11,2,17,0,0,28,0,28,0,4,39,2,45,12,0,12,57
09/21/2015,PKB,WV,AEA,CE,Federal Contract Tower,0,7,1,9,17,0,2,17,3,22,0,9,18,12,39,16,12,28,67
09/22/2015,PKB,WV,AEA,CE,Federal Contract Tower,0,9,7,2,18,0,0,28,6,34,0,9,35,8,52,18,0,18,70
09/23/2015,PKB,WV,AEA,CE,Federal Contract Tower,0,6,12,10,28,0,0,49,18,67,0,6,61,28,95,36,110,146,241
09/24/2015,PKB,WV,AEA,CE,Federal Contract Tower,0,10,18,7,35,0,43,13,0,56,0,53,31,7,91,36,10,46,137
09/25/2015,PKB,WV,AEA,CE,Federal Contract Tower,0,12,13,3,28,0,2,23,4,29,0,14,36,7,57,8,4,12,69
09/26/2015,PKB,WV,AEA,CE,Federal Contract Tower,0,3,10,0,13,0,0,14,8,22,0,3,24,8,35,2,0,2,37
09/27/2015,PKB,WV,AEA,CE,Federal Contract Tower,0,6,10,0,16,0,0,7,0,7,0,6,17,0,23,12,0,12,35
09/28/2015,PKB,WV,AEA,CE,Federal Contract Tower,2,9,4,10,25,0,0,29,16,45,2,9,33,26,70,8,44,52,122
09/29/2015,PKB,WV,AEA,CE,Federal Contract Tower,0,18,3,4,25,0,0,0,9,9,0,18,3,13,34,2,52,54,88
09/30/2015,PKB,WV,AEA,CE,Federal Contract Tower,0,10,6,10,26,0,2,2,3,7,0,12,8,13,33,2,52,54,87
10/01/2015,PKB,WV,AEA,CE,Federal Contract Tower,0,10,6,4,20,0,0,14,8,22,0,10,20,12,42,52,0,52,94
10/02/2015,PKB,WV,AEA,CE,Federal Contract Tower,0,10,6,2,18,0,0,9,9,18,0,10,15,11,36,0,26,26,62
10/03/2015,PKB,WV,AEA,CE,Federal Contract Tower,0,8,8,0,16,0,0,2,0,2,0,8,10,0,18,4,0,4,22
10/04/2015,PKB,WV,AEA,CE,Federal Contract Tower,0,4,14,0,18,0,0,14,0,14,0,4,28,0,32,6,0,6,38
10/05/2015,PKB,WV,AEA,CE,Federal Contract Tower,0,8,14,3,25,0,0,18,2,20,0,8,32,5,45,40,0,40,85
10/06/2015,PKB,WV,AEA,CE,Federal Contract Tower,0,9,17,2,28,0,3,61,1,65,0,12,78,3,93,52,0,52,145
10/07/2015,PKB,WV,AEA,CE,Federal Contract Tower,0,17,9,3,29,0,0,50,7,57,0,17,59,10,86,12,4,16,102
10/08/2015,PKB,WV,AEA,CE,Federal Contract Tower,0,8,28,1,37,0,0,30,5,35,0,8,58,6,72,10,0,10,82
10/09/2015,PKB,WV,AEA,CE,Federal Contract Tower,0,9,5,0,14,0,0,10,0,10,0,9,15,0,24,0,0,0,24
10/10/2015,PKB,WV,AEA,CE,Federal Contract Tower,0,5,10,0,15,0,0,26,0,26,0,5,36,0,41,2,0,2,43
10/11/2015,PKB,WV,AEA,CE,Federal Contract Tower,0,4,18,0,22,0,2,58,0,60,0,6,76,0,82,32,0,32,114
10/12/2015,PKB,WV,AEA,CE,Federal Contract Tower,0,10,4,2,16,0,0,7,0,7,0,10,11,2,23,18,0,18,41
10/13/2015,PKB,WV,AEA,CE,Federal Contract Tower,0,6,12,3,21,0,0,6,1,7,0,6,18,4,28,0,0,0,28
10/14/2015,PKB,WV,AEA,CE,Federal Contract Tower,0,12,15,0,27,0,0,27,11,38,0,12,42,11,65,12,30,42,107
10/15/2015,PKB,WV,AEA,CE,Federal Contract Tower,0,10,6,8,24,0,0,36,9,45,0,10,42,17,69,26,8,34,103
10/16/2015,PKB,WV,AEA,CE,Federal Contract Tower,0,10,16,1,27,0,0,26,10,36,0,10,42,11,63,44,56,100,163
10/17/2015,PKB,WV,AEA,CE,Federal Contract Tower,0,3,3,1,7,0,0,22,26,48,0,3,25,27,55,24,100,124,179
10/18/2015,PKB,WV,AEA,CE,Federal Contract Tower,0,8,13,0,21,0,2,21,0,23,0,10,34,0,44,2,0,2,46
10/19/2015,PKB,WV,AEA,CE,Federal Contract Tower,0,7,7,2,16,0,4,33,0,37,0,11,40,2,53,16,0,16,69
10/20/2015,PKB,WV,AEA,CE,Federal Contract Tower,0,9,14,1,24,0,0,15,2,17,0,9,29,3,41,112,4,116,157
10/21/2015,PKB,WV,AEA,CE,Federal Contract Tower,0,11,8,3,22,0,2,32,16,50,0,13,40,19,72,50,20,70,142
10/22/2015,PKB,WV,AEA,CE,Federal Contract Tower,0,11,19,5,35,0,0,34,15,49,0,11,53,20,84,20,22,42,126
10/23/2015,PKB,WV,AEA,CE,Federal Contract Tower,0,14,7,0,21,0,0,40,2,42,0,14,47,2,63,22,12,34,97
10/24/2015,PKB,WV,AEA,CE,Federal Contract Tower,0,3,5,1,9,0,3,21,2,26,0,6,26,3,35,30,0,30,65
10/25/2015,PKB,WV,AEA,CE,Federal Contract Tower,0,5,8,0,13,0,0,16,0,16,0,5,24,0,29,26,0,26,55
10/26/2015,PKB,WV,AEA,CE,Federal Contract Tower,0,8,8,3,19,0,0,16,9,25,0,8,24,12,44,40,72,112,156
10/27/2015,PKB,WV,AEA,CE,Federal Contract Tower,0,12,7,7,26,0,0,8,11,19,0,12,15,18,45,14,110,124,169
10/28/2015,PKB,WV,AEA,CE,Federal Contract Tower,0,9,6,10,25,0,0,10,6,16,0,9,16,16,41,6,24,30,71
10/29/2015,PKB,WV,AEA,CE,Federal Contract Tower,0,14,5,6,25,0,0,25,4,29,0,14,30,10,54,16,2,18,72
10/30/2015,PKB,WV,AEA,CE,Federal Contract Tower,0,14,10,1,25,0,0,48,7,55,0,14,58,8,80,68,0,68,148
10/31/2015,PKB,WV,AEA,CE,Federal Contract Tower,0,3,4,0,7,0,0,44,1,45,0,3,48,1,52,28,0,28,80
11/01/2015,PKB,WV,AEA,CE,Federal Contract Tower,0,4,6,4,14,0,0,2,0,2,0,4,8,4,16,0,0,0,16
11/02/2015,PKB,WV,AEA,CE,Federal Contract Tower,0,7,12,5,24,0,0,13,10,23,0,7,25,15,47,0,82,82,129
11/03/2015,PKB,WV,AEA,CE,Federal Contract Tower,0,14,12,2,28,0,0,30,9,39,0,14,42,11,67,10,104,114,181
11/04/2015,PKB,WV,AEA,CE,Federal Contract Tower,0,15,3,1,19,0,0,19,9,28,0,15,22,10,47,4,74,78,125
11/05/2015,PKB,WV,AEA,CE,Federal Contract Tower,0,14,14,1,29,0,0,42,5,47,0,14,56,6,76,52,42,94,170
11/06/2015,PKB,WV,AEA,CE,Federal Contract Tower,0,11,8,2,21,0,0,5,3,8,0,11,13,5,29,0,12,12,41
11/07/2015,PKB,WV,AEA,CE,Federal Contract Tower,0,3,8,0,11,0,0,15,0,15,0,3,23,0,26,6,0,6,32
11/08/2015,PKB,WV,AEA,CE,Federal Contract Tower,0,6,16,0,22,0,0,35,2,37,0,6,51,2,59,2,0,2,61
11/09/2015,PKB,WV,AEA,CE,Federal Contract Tower,0,6,8,5,19,0,0,17,7,24,0,6,25,12,43,18,0,18,61
11/10/2015,PKB,WV,AEA,CE,Federal Contract Tower,0,13,6,9,28,0,0,2,0,2,0,13,8,9,30,0,26,26,56
11/11/2015,PKB,WV,AEA,CE,Federal Contract Tower,0,11,10,0,21,0,0,26,2,28,0,11,36,2,49,8,0,8,57
11/12/2015,PKB,WV,AEA,CE,Federal Contract Tower,0,10,1,5,16,0,0,5,5,10,0,10,6,10,26,0,12,12,38
11/13/2015,PKB,WV,AEA,CE,Federal Contract Tower,0,12,6,0,18,0,0,17,22,39,0,12,23,22,57,44,26,70,127
11/14/2015,PKB,WV,AEA,CE,Federal Contract Tower,0,3,12,2,17,0,2,29,17,48,0,5,41,19,65,42,10,52,117
11/15/2015,PKB,WV,AEA,CE,Federal Contract Tower,0,4,10,0,14,0,2,44,4,50,0,6,54,4,64,36,0,36,100
11/16/2015,PKB,WV,AEA,CE,Federal Contract Tower,0,8,8,3,19,0,2,38,10,50,0,10,46,13,69,62,8,70,139
11/17/2015,PKB,WV,AEA,CE,Federal Contract Tower,0,10,15,4,29,0,0,20,4,24,0,10,35,8,53,22,50,72,125
11/18/2015,PKB,WV,AEA,CE,Federal Contract Tower,0,9,2,2,13,0,0,1,0,1,0,9,3,2,14,0,0,0,14
11/19/2015,PKB,WV,AEA,CE,Federal Contract Tower,0,12,25,2,39,0,0,38,11,49,0,12,63,13,88,10,48,58,146
11/20/2015,PKB,WV,AEA,CE,Federal Contract Tower,0,12,11,4,27,0,0,31,17,48,0,12,42,21,75,64,114,178,253
11/21/2015,PKB,WV,AEA,CE,Federal Contract Tower,0,6,0,2,8,0,0,22,2,24,0,6,22,4,32,6,12,18,50
11/22/2015,PKB,WV,AEA,CE,Federal Contract Tower,0,4,15,0,19,0,0,15,2,17,0,4,30,2,36,10,14,24,60
11/23/2015,PKB,WV,AEA,CE,Federal Contract Tower,0,8,8,0,16,0,0,9,0,9,0,8,17,0,25,12,0,12,37
11/25/2015,PKB,WV,AEA,CE,Federal Contract Tower,0,9,14,4,27,0,0,35,0,35,0,9,49,4,62,28,0,28,90
11/26/2015,PKB,WV,AEA,CE,Federal Contract Tower,0,7,1,0,8,0,0,8,0,8,0,7,9,0,16,4,0,4,20
11/27/2015,PKB,WV,AEA,CE,Federal Contract Tower,0,9,6,0,15,0,0,17,0,17,0,9,23,0,32,28,0,28,60
11/28/2015,PKB,WV,AEA,CE,Federal Contract Tower,0,4,3,0,7,0,0,2,0,2,0,4,5,0,9,0,0,0,9
11/29/2015,PKB,WV,AEA,CE,Federal Contract Tower,2,5,10,0,17,0,0,8,0,8,2,5,18,0,25,0,0,0,25
11/30/2015,PKB,WV,AEA,CE,Federal Contract Tower,0,6,9,0,15,0,0,6,0,6,0,6,15,0,21,12,0,12,33
12/01/2015,PKB,WV,AEA,CE,Federal Contract Tower,0,9,9,0,18,0,0,0,0,0,0,9,9,0,18,0,0,0,18
12/02/2015,PKB,WV,AEA,CE,Federal Contract Tower,0,12,8,16,36,0,2,13,13,28,0,14,21,29,64,14,92,106,170
12/03/2015,PKB,WV,AEA,CE,Federal Contract Tower,0,13,10,5,28,0,0,9,14,23,0,13,19,19,51,2,110,112,163
12/04/2015,PKB,WV,AEA,CE,Federal Contract Tower,0,10,7,1,18,0,0,54,4,58,0,10,61,5,76,34,16,50,126
12/05/2015,PKB,WV,AEA,CE,Federal Contract Tower,0,3,4,0,7,0,0,32,4,36,0,3,36,4,43,16,12,28,71
12/06/2015,PKB,WV,AEA,CE,Federal Contract Tower,0,6,13,1,20,0,0,23,2,25,0,6,36,3,45,42,12,54,99
12/07/2015,PKB,WV,AEA,CE,Federal Contract Tower,0,7,5,5,17,0,0,3,8,11,0,7,8,13,28,0,50,50,78
12/08/2015,PKB,WV,AEA,CE,Federal Contract Tower,0,8,4,6,18,0,2,8,9,19,0,10,12,15,37,16,102,118,155
12/09/2015,PKB,WV,AEA,CE,Federal Contract Tower,0,12,14,3,29,0,0,17,7,24,0,12,31,10,53,36,14,50,103
12/10/2015,PKB,WV,AEA,CE,Federal Contract Tower,0,10,20,6,36,0,1,22,8,31,0,11,42,14,67,6,32,38,105
12/11/2015,PKB,WV,AEA,CE,Federal Contract Tower,0,8,18,2,28,0,0,23,8,31,0,8,41,10,59,6,0,6,65
12/12/2015,PKB,WV,AEA,CE,Federal Contract Tower,0,3,4,1,8,0,0,18,0,18,0,3,22,1,26,4,0,4,30
12/13/2015,PKB,WV,AEA,CE,Federal Contract Tower,0,4,31,0,35,0,0,45,0,45,0,4,76,0,80,20,0,20,100
12/14/2015,PKB,WV,AEA,CE,Federal Contract Tower,0,7,4,1,12,0,0,1,0,1,0,7,5,1,13,24,0,24,37
12/15/2015,PKB,WV,AEA,CE,Federal Contract Tower,0,11,11,1,23,0,0,5,18,23,0,11,16,19,46,14,224,238,284
12/16/2015,PKB,WV,AEA,CE,Federal Contract Tower,0,13,2,5,20,0,2,43,7,52,0,15,45,12,72,24,70,94,166
12/17/2015,PKB,WV,AEA,CE,Federal Contract Tower,0,9,12,2,23,0,0,1,4,5,0,9,13,6,28,0,46,46,74
12/18/2015,PKB,WV,AEA,CE,Federal Contract Tower,0,8,1,0,9,0,0,3,2,5,0,8,4,2,14,0,0,0,14
12/19/2015,PKB,WV,AEA,CE,Federal Contract Tower,0,10,0,0,10,0,2,24,10,36,0,12,24,10,46,26,46,72,118
12/20/2015,PKB,WV,AEA,CE,Federal Contract Tower,0,4,4,0,8,0,0,28,0,28,0,4,32,0,36,10,0,10,46
12/21/2015,PKB,WV,AEA,CE,Federal Contract Tower,0,7,4,0,11,0,0,0,0,0,0,7,4,0,11,0,0,0,11
12/22/2015,PKB,WV,AEA,CE,Federal Contract Tower,0,10,5,2,17,0,0,10,0,10,0,10,15,2,27,0,0,0,27
12/23/2015,PKB,WV,AEA,CE,Federal Contract Tower,0,11,4,3,18,0,2,20,0,22,0,13,24,3,40,16,14,30,70
12/24/2015,PKB,WV,AEA,CE,Federal Contract Tower,0,9,1,0,10,0,0,4,0,4,0,9,5,0,14,0,0,0,14
12/25/2015,PKB,WV,AEA,CE,Federal Contract Tower,0,8,2,0,10,0,0,0,0,0,0,8,2,0,10,0,0,0,10
12/26/2015,PKB,WV,AEA,CE,Federal Contract Tower,0,5,8,0,13,0,0,0,0,0,0,5,8,0,13,0,0,0,13
12/27/2015,PKB,WV,AEA,CE,Federal Contract Tower,0,4,3,0,7,0,0,1,0,1,0,4,4,0,8,0,0,0,8
12/28/2015,PKB,WV,AEA,CE,Federal Contract Tower,0,7,0,0,7,0,0,0,0,0,0,7,0,0,7,0,0,0,7
12/29/2015,PKB,WV,AEA,CE,Federal Contract Tower,0,9,3,0,12,0,0,12,0,12,0,9,15,0,24,2,0,2,26
12/30/2015,PKB,WV,AEA,CE,Federal Contract Tower,0,12,5,2,19,0,0,0,0,0,0,12,5,2,19,22,14,36,55
12/31/2015,PKB,WV,AEA,CE,Federal Contract Tower,0,8,2,0,10,0,0,2,0,2,0,8,4,0,12,0,0,0,12
01/01/2016,PKB,WV,AEA,CE,Federal Contract Tower,0,8,1,0,9,0,2,6,0,8,0,10,7,0,17,18,0,18,35
01/02/2016,PKB,WV,AEA,CE,Federal Contract Tower,0,3,13,0,16,0,0,21,0,21,0,3,34,0,37,0,0,0,37
01/03/2016,PKB,WV,AEA,CE,Federal Contract Tower,0,7,13,0,20,0,0,9,0,9,0,7,22,0,29,26,0,26,55
01/04/2016,PKB,WV,AEA,CE,Federal Contract Tower,0,7,5,0,12,0,2,3,4,9,0,9,8,4,21,20,8,28,49
01/05/2016,PKB,WV,AEA,CE,Federal Contract Tower,0,15,14,1,30,0,4,22,7,33,0,19,36,8,63,44,0,44,107
01/06/2016,PKB,WV,AEA,CE,Federal Contract Tower,0,9,3,1,13,0,0,17,9,26,0,9,20,10,39,22,2,24,63
01/07/2016,PKB,WV,AEA,CE,Federal Contract Tower,0,10,14,0,24,0,3,21,9,33,0,13,35,9,57,70,34,104,161
01/08/2016,PKB,WV,AEA,CE,Federal Contract Tower,0,9,0,5,14,0,0,3,12,15,0,9,3,17,29,0,36,36,65
01/09/2016,PKB,WV,AEA,CE,Federal Contract Tower,0,3,3,2,8,0,3,15,9,27,0,6,18,11,35,6,2,8,43
01/10/2016,PKB,WV,AEA,CE,Federal Contract Tower,0,3,0,0,3,0,0,0,0,0,0,3,0,0,3,0,0,0,3
01/11/2016,PKB,WV,AEA,CE,Federal Contract Tower,0,6,3,1,10,0,2,4,11,17,0,8,7,12,27,0,38,38,65
01/12/2016,PKB,WV,AEA,CE,Federal Contract Tower,0,9,3,2,14,0,0,0,2,2,0,9,3,4,16,0,24,24,40
01/13/2016,PKB,WV,AEA,CE,Federal Contract Tower,0,8,7,0,15,0,0,15,10,25,0,8,22,10,40,12,0,12,52
01/14/2016,PKB,WV,AEA,CE,Federal Contract Tower,0,10,14,0,24,0,0,21,7,28,0,10,35,7,52,10,0,10,62
01/15/2016,PKB,WV,AEA,CE,Federal Contract Tower,0,11,4,0,15,0,0,21,6,27,0,11,25,6,42,12,22,34,76
01/16/2016,PKB,WV,AEA,CE,Federal Contract Tower,0,4,0,0,4,0,0,0,0,0,0,4,0,0,4,0,0,0,4
01/17/2016,PKB,WV,AEA,CE,Federal Contract Tower,0,3,1,0,4,0,0,2,0,2,0,3,3,0,6,0,0,0,6
01/18/2016,PKB,WV,AEA,CE,Federal Contract Tower,0,5,0,1,6,0,0,9,0,9,0,5,9,1,15,0,0,0,15
01/19/2016,PKB,WV,AEA,CE,Federal Contract Tower,0,9,9,12,30,0,0,24,13,37,0,9,33,25,67,4,24,28,95
01/20/2016,PKB,WV,AEA,CE,Federal Contract Tower,0,10,2,3,15,0,0,0,0,0,0,10,2,3,15,0,0,0,15
01/21/2016,PKB,WV,AEA,CE,Federal Contract Tower,0,12,6,15,33,0,1,6,1,8,0,13,12,16,41,0,0,0,41
01/22/2016,PKB,WV,AEA,CE,Federal Contract Tower,0,4,0,6,10,0,0,0,0,0,0,4,0,6,10,0,0,0,10
01/23/2016,PKB,WV,AEA,CE,Federal Contract Tower,0,0,0,0,0,0,0,0,0,0,0,0,0,0,0,0,0,0,0
01/24/2016,PKB,WV,AEA,CE,Federal Contract Tower,0,0,0,0,0,0,0,5,0,5,0,0,5,0,5,0,0,0,5
01/25/2016,PKB,WV,AEA,CE,Federal Contract Tower,0,1,8,4,13,0,0,13,4,17,0,1,21,8,30,0,12,12,42
01/26/2016,PKB,WV,AEA,CE,Federal Contract Tower,0,4,4,14,22,0,0,0,11,11,0,4,4,25,33,0,18,18,51
01/27/2016,PKB,WV,AEA,CE,Federal Contract Tower,0,4,2,10,16,0,0,13,5,18,0,4,15,15,34,0,42,42,76
01/29/2016,PKB,WV,AEA,CE,Federal Contract Tower,0,10,7,2,19,0,0,8,0,8,0,10,15,2,27,24,0,24,51
01/30/2016,PKB,WV,AEA,CE,Federal Contract Tower,0,5,3,0,8,0,2,14,0,16,0,7,17,0,24,24,0,24,48
01/31/2016,PKB,WV,AEA,CE,Federal Contract Tower,0,3,9,0,12,0,0,19,1,20,0,3,28,1,32,12,0,12,44
02/01/2016,PKB,WV,AEA,CE,Federal Contract Tower,0,6,2,11,19,0,6,5,4,15,0,12,7,15,34,0,0,0,34
02/02/2016,PKB,WV,AEA,CE,Federal Contract Tower,0,8,7,5,20,0,10,30,10,50,0,18,37,15,70,20,36,56,126
02/03/2016,PKB,WV,AEA,CE,Federal Contract Tower,0,8,2,6,16,0,0,16,11,27,0,8,18,17,43,0,58,58,101
02/04/2016,PKB,WV,AEA,CE,Federal Contract Tower,0,10,10,0,20,0,0,13,6,19,0,10,23,6,39,4,12,16,55
02/05/2016,PKB,WV,AEA,CE,Federal Contract Tower,0,12,7,10,29,0,0,40,11,51,0,12,47,21,80,34,2,36,116
02/06/2016,PKB,WV,AEA,CE,Federal Contract Tower,0,4,6,0,10,0,0,51,11,62,0,4,57,11,72,14,0,14,86
02/07/2016,PKB,WV,AEA,CE,Federal Contract Tower,0,3,4,1,8,0,0,28,1,29,0,3,32,2,37,50,2,52,89
02/08/2016,PKB,WV,AEA,CE,Federal Contract Tower,0,3,10,1,14,0,0,0,0,0,0,3,10,1,14,0,0,0,14
02/09/2016,PKB,WV,AEA,CE,Federal Contract Tower,0,4,1,0,5,0,0,0,0,0,0,4,1,0,5,0,0,0,5
02/10/2016,PKB,WV,AEA,CE,Federal Contract Tower,0,12,4,5,21,0,0,0,5,5,0,12,4,10,26,0,20,20,46
02/11/2016,PKB,WV,AEA,CE,Federal Contract Tower,0,6,18,3,27,0,0,19,15,34,0,6,37,18,61,12,66,78,139
02/12/2016,PKB,WV,AEA,CE,Federal Contract Tower,0,10,4,2,16,0,0,1,6,7,0,10,5,8,23,0,64,64,87
02/13/2016,PKB,WV,AEA,CE,Federal Contract Tower,0,6,1,0,7,0,0,2,0,2,0,6,3,0,9,0,0,0,9
02/14/2016,PKB,WV,AEA,CE,Federal Contract Tower,0,3,2,0,5,0,0,7,0,7,0,3,9,0,12,0,0,0,12
02/15/2016,PKB,WV,AEA,CE,Federal Contract Tower,0,2,2,0,4,0,0,0,0,0,0,2,2,0,4,0,0,0,4
02/16/2016,PKB,WV,AEA,CE,Federal Contract Tower,0,7,4,0,11,0,0,0,0,0,0,7,4,0,11,0,0,0,11
02/17/2016,PKB,WV,AEA,CE,Federal Contract Tower,0,11,7,0,18,0,0,16,4,20,0,11,23,4,38,0,6,6,44
02/18/2016,PKB,WV,AEA,CE,Federal Contract Tower,0,12,6,0,18,0,14,17,6,37,0,26,23,6,55,0,0,0,55
02/19/2016,PKB,WV,AEA,CE,Federal Contract Tower,0,13,8,0,21,0,0,8,15,23,0,13,16,15,44,0,20,20,64
02/20/2016,PKB,WV,AEA,CE,Federal Contract Tower,0,3,3,0,6,0,0,17,2,19,0,3,20,2,25,2,0,2,27
02/21/2016,PKB,WV,AEA,CE,Federal Contract Tower,0,4,7,2,13,0,0,3,0,3,0,4,10,2,16,0,0,0,16
02/22/2016,PKB,WV,AEA,CE,Federal Contract Tower,0,7,8,0,15,0,0,24,7,31,0,7,32,7,46,22,0,22,68
02/23/2016,PKB,WV,AEA,CE,Federal Contract Tower,0,9,17,2,28,0,0,43,9,52,0,9,60,11,80,48,4,52,132
02/24/2016,PKB,WV,AEA,CE,Federal Contract Tower,0,11,4,0,15,0,1,11,4,16,0,12,15,4,31,0,0,0,31
02/25/2016,PKB,WV,AEA,CE,Federal Contract Tower,0,7,10,2,19,0,0,0,0,0,0,7,10,2,19,0,8,8,27
02/26/2016,PKB,WV,AEA,CE,Federal Contract Tower,0,12,6,0,18,0,0,12,0,12,0,12,18,0,30,4,0,4,34
02/27/2016,PKB,WV,AEA,CE,Federal Contract Tower,0,8,6,0,14,0,1,21,0,22,0,9,27,0,36,0,0,0,36
02/28/2016,PKB,WV,AEA,CE,Federal Contract Tower,0,5,10,0,15,0,0,12,0,12,0,5,22,0,27,16,0,16,43
02/29/2016,PKB,WV,AEA,CE,Federal Contract Tower,0,9,10,2,21,0,7,2,8,17,0,16,12,10,38,0,22,22,60
03/01/2016,PKB,WV,AEA,CE,Federal Contract Tower,0,11,3,2,16,0,0,14,6,20,0,11,17,8,36,0,8,8,44
03/02/2016,PKB,WV,AEA,CE,Federal Contract Tower,0,9,9,4,22,0,0,22,12,34,0,9,31,16,56,0,78,78,134
03/03/2016,PKB,WV,AEA,CE,Federal Contract Tower,0,8,3,6,17,0,0,16,5,21,0,8,19,11,38,28,12,40,78
03/04/2016,PKB,WV,AEA,CE,Federal Contract Tower,0,8,7,11,26,0,0,3,14,17,0,8,10,25,43,0,86,86,129
03/05/2016,PKB,WV,AEA,CE,Federal Contract Tower,0,3,7,1,11,0,0,4,5,9,0,3,11,6,20,0,38,38,58
03/06/2016,PKB,WV,AEA,CE,Federal Contract Tower,0,4,6,1,11,0,0,16,15,31,0,4,22,16,42,40,44,84,126
03/07/2016,PKB,WV,AEA,CE,Federal Contract Tower,0,9,10,3,22,0,3,16,8,27,0,12,26,11,49,12,46,58,107
03/08/2016,PKB,WV,AEA,CE,Federal Contract Tower,0,9,12,2,23,0,0,38,12,50,0,9,50,14,73,24,8,32,105
03/09/2016,PKB,WV,AEA,CE,Federal Contract Tower,0,12,8,1,21,0,1,29,8,38,0,13,37,9,59,46,16,62,121
03/10/2016,PKB,WV,AEA,CE,Federal Contract Tower,0,10,12,2,24,0,0,18,11,29,0,10,30,13,53,0,0,0,53
03/11/2016,PKB,WV,AEA,CE,Federal Contract Tower,0,9,6,7,22,0,0,22,5,27,0,9,28,12,49,20,50,70,119
03/12/2016,PKB,WV,AEA,CE,Federal Contract Tower,0,3,6,0,9,0,0,13,0,13,0,3,19,0,22,8,0,8,30
03/13/2016,PKB,WV,AEA,CE,Federal Contract Tower,0,8,1,0,9,0,0,0,0,0,0,8,1,0,9,0,0,0,9
03/14/2016,PKB,WV,AEA,CE,Federal Contract Tower,0,5,9,6,20,0,0,5,11,16,0,5,14,17,36,14,40,54,90
03/15/2016,PKB,WV,AEA,CE,Federal Contract Tower,0,9,8,4,21,0,4,24,11,39,0,13,32,15,60,24,16,40,100
03/16/2016,PKB,WV,AEA,CE,Federal Contract Tower,0,12,3,1,16,0,2,9,0,11,0,14,12,1,27,0,0,0,27
03/17/2016,PKB,WV,AEA,CE,Federal Contract Tower,0,13,4,4,21,0,0,24,2,26,0,13,28,6,47,12,60,72,119
03/18/2016,PKB,WV,AEA,CE,Federal Contract Tower,0,11,14,0,25,0,0,35,3,38,0,11,49,3,63,6,0,6,69
03/19/2016,PKB,WV,AEA,CE,Federal Contract Tower,0,1,4,0,5,0,0,0,0,0,0,1,4,0,5,0,0,0,5
03/20/2016,PKB,WV,AEA,CE,Federal Contract Tower,0,2,6,0,8,0,0,11,0,11,0,2,17,0,19,10,0,10,29
03/21/2016,PKB,WV,AEA,CE,Federal Contract Tower,0,5,14,2,21,0,6,12,1,19,0,11,26,3,40,0,8,8,48
03/22/2016,PKB,WV,AEA,CE,Federal Contract Tower,0,8,7,2,17,0,2,35,14,51,0,10,42,16,68,10,38,48,116
03/23/2016,PKB,WV,AEA,CE,Federal Contract Tower,0,10,4,0,14,0,0,33,10,43,0,10,37,10,57,0,34,34,91
03/24/2016,PKB,WV,AEA,CE,Federal Contract Tower,0,12,8,5,25,0,2,13,3,18,0,14,21,8,43,12,2,14,57
03/26/2016,PKB,WV,AEA,CE,Federal Contract Tower,0,3,11,0,14,0,1,59,2,62,0,4,70,2,76,44,8,52,128
03/27/2016,PKB,WV,AEA,CE,Federal Contract Tower,0,6,9,0,15,0,2,39,0,41,0,8,48,0,56,22,0,22,78
03/28/2016,PKB,WV,AEA,CE,Federal Contract Tower,0,7,3,4,14,0,6,4,2,12,0,13,7,6,26,0,16,16,42
03/29/2016,PKB,WV,AEA,CE,Federal Contract Tower,0,9,13,1,23,0,2,45,2,49,0,11,58,3,72,22,0,22,94
03/30/2016,PKB,WV,AEA,CE,Federal Contract Tower,0,10,15,2,27,0,2,42,4,48,0,12,57,6,75,6,0,6,81
03/31/2016,PKB,WV,AEA,CE,Federal Contract Tower,0,10,3,0,13,0,0,6,5,11,0,10,9,5,24,32,12,44,68
04/01/2016,PKB,WV,AEA,CE,Federal Contract Tower,0,10,5,2,17,0,2,18,2,22,0,12,23,4,39,20,10,30,69
04/02/2016,PKB,WV,AEA,CE,Federal Contract Tower,0,3,1,0,4,0,0,12,1,13,0,3,13,1,17,20,0,20,37
04/03/2016,PKB,WV,AEA,CE,Federal Contract Tower,0,5,13,0,18,0,2,28,3,33,0,7,41,3,51,14,0,14,65
04/04/2016,PKB,WV,AEA,CE,Federal Contract Tower,0,7,6,8,21,0,0,7,16,23,0,7,13,24,44,4,36,40,84
04/05/2016,PKB,WV,AEA,CE,Federal Contract Tower,0,14,11,0,25,0,0,25,19,44,0,14,36,19,69,0,70,70,139
04/06/2016,PKB,WV,AEA,CE,Federal Contract Tower,0,13,14,7,34,0,0,17,18,35,0,13,31,25,69,2,64,66,135
04/07/2016,PKB,WV,AEA,CE,Federal Contract Tower,0,9,13,6,28,0,0,0,1,1,0,9,13,7,29,0,32,32,61
04/08/2016,PKB,WV,AEA,CE,Federal Contract Tower,0,11,5,0,16,0,0,18,12,30,0,11,23,12,46,6,26,32,78
04/09/2016,PKB,WV,AEA,CE,Federal Contract Tower,0,6,2,0,8,0,0,4,0,4,0,6,6,0,12,2,0,2,14
04/10/2016,PKB,WV,AEA,CE,Federal Contract Tower,0,4,6,1,11,0,2,30,1,33,0,6,36,2,44,10,0,10,54
04/11/2016,PKB,WV,AEA,CE,Federal Contract Tower,0,7,4,0,11,0,0,4,4,8,0,7,8,4,19,6,0,6,25
04/12/2016,PKB,WV,AEA,CE,Federal Contract Tower,0,9,7,2,18,0,0,28,8,36,0,9,35,10,54,32,16,48,102
04/13/2016,PKB,WV,AEA,CE,Federal Contract Tower,0,9,18,0,27,0,2,69,13,84,0,11,87,13,111,46,24,70,181
04/14/2016,PKB,WV,AEA,CE,Federal Contract Tower,0,10,16,4,30,0,4,41,9,54,0,14,57,13,84,32,2,34,118
04/15/2016,PKB,WV,AEA,CE,Federal Contract Tower,0,9,24,3,36,0,2,35,2,39,0,11,59,5,75,18,2,20,95
04/16/2016,PKB,WV,AEA,CE,Federal Contract Tower,0,4,9,0,13,0,0,82,0,82,0,4,91,0,95,16,0,16,111
04/17/2016,PKB,WV,AEA,CE,Federal Contract Tower,0,4,13,0,17,0,0,53,2,55,0,4,66,2,72,52,0,52,124
04/18/2016,PKB,WV,AEA,CE,Federal Contract Tower,0,8,8,3,19,0,6,23,8,37,0,14,31,11,56,10,8,18,74
04/19/2016,PKB,WV,AEA,CE,Federal Contract Tower,0,10,15,2,27,0,2,32,5,39,0,12,47,7,66,38,0,38,104
04/20/2016,PKB,WV,AEA,CE,Federal Contract Tower,0,12,6,2,20,0,3,33,6,42,0,15,39,8,62,12,0,12,74
04/21/2016,PKB,WV,AEA,CE,Federal Contract Tower,0,14,5,9,28,0,0,22,16,38,0,14,27,25,66,30,8,38,104
04/22/2016,PKB,WV,AEA,CE,Federal Contract Tower,0,9,5,3,17,0,0,15,6,21,0,9,20,9,38,68,12,80,118
04/23/2016,PKB,WV,AEA,CE,Federal Contract Tower,0,3,12,1,16,0,0,15,1,16,0,3,27,2,32,58,0,58,90
04/24/2016,PKB,WV,AEA,CE,Federal Contract Tower,0,4,13,0,17,0,2,47,1,50,0,6,60,1,67,60,0,60,127
04/25/2016,PKB,WV,AEA,CE,Federal Contract Tower,0,7,8,7,22,0,4,17,5,26,0,11,25,12,48,0,4,4,52
04/26/2016,PKB,WV,AEA,CE,Federal Contract Tower,0,12,5,0,17,0,0,2,2,4,0,12,7,2,21,14,0,14,35
04/27/2016,PKB,WV,AEA,CE,Federal Contract Tower,0,8,10,14,32,0,0,13,12,25,0,8,23,26,57,22,30,52,109
04/28/2016,PKB,WV,AEA,CE,Federal Contract Tower,0,10,1,10,21,0,0,8,5,13,0,10,9,15,34,0,22,22,56
04/29/2016,PKB,WV,AEA,CE,Federal Contract Tower,0,12,10,8,30,0,2,6,0,8,0,14,16,8,38,2,0,2,40
04/30/2016,PKB,WV,AEA,CE,Federal Contract Tower,0,2,13,1,16,0,0,20,0,20,0,2,33,1,36,104,0,104,140
05/01/2016,PKB,WV,AEA,CE,Federal Contract Tower,0,4,2,0,6,0,0,19,0,19,0,4,21,0,25,94,0,94,119
05/02/2016,PKB,WV,AEA,CE,Federal Contract Tower,0,9,12,4,25,0,0,9,6,15,0,9,21,10,40,6,16,22,62
05/03/2016,PKB,WV,AEA,CE,Federal Contract Tower,0,11,10,10,31,0,0,27,15,42,0,11,37,25,73,60,4,64,137
05/04/2016,PKB,WV,AEA,CE,Federal Contract Tower,0,10,7,0,17,0,0,19,0,19,0,10,26,0,36,30,42,72,108
05/05/2016,PKB,WV,AEA,CE,Federal Contract Tower,0,9,6,13,28,0,0,4,0,4,0,9,10,13,32,0,2,2,34
05/06/2016,PKB,WV,AEA,CE,Federal Contract Tower,0,13,3,6,22,0,2,23,3,28,0,15,26,9,50,28,4,32,82
05/07/2016,PKB,WV,AEA,CE,Federal Contract Tower,0,3,6,2,11,0,0,24,4,28,0,3,30,6,39,8,30,38,77
05/08/2016,PKB,WV,AEA,CE,Federal Contract Tower,0,4,9,2,15,0,0,41,1,42,0,4,50,3,57,0,0,0,57
05/09/2016,PKB,WV,AEA,CE,Federal Contract Tower,0,6,4,12,22,0,0,8,4,12,0,6,12,16,34,0,0,0,34
05/10/2016,PKB,WV,AEA,CE,Federal Contract Tower,0,12,11,11,34,0,1,21,12,34,0,13,32,23,68,14,40,54,122
05/11/2016,PKB,WV,AEA,CE,Federal Contract Tower,0,12,11,15,38,0,0,34,6,40,0,12,45,21,78,28,6,34,112
05/12/2016,PKB,WV,AEA,CE,Federal Contract Tower,0,11,11,12,34,0,2,25,14,41,0,13,36,26,75,4,48,52,127
05/13/2016,PKB,WV,AEA,CE,Federal Contract Tower,0,10,14,6,30,0,0,22,17,39,0,10,36,23,69,22,26,48,117
05/14/2016,PKB,WV,AEA,CE,Federal Contract Tower,0,1,6,2,9,0,0,1,0,1,0,1,7,2,10,0,2,2,12
05/15/2016,PKB,WV,AEA,CE,Federal Contract Tower,0,4,3,2,9,0,2,24,5,31,0,6,27,7,40,0,0,0,40
05/16/2016,PKB,WV,AEA,CE,Federal Contract Tower,0,9,15,0,24,0,0,44,6,50,0,9,59,6,74,22,4,26,100
05/17/2016,PKB,WV,AEA,CE,Federal Contract Tower,0,14,8,1,23,0,0,28,6,34,0,14,36,7,57,18,2,20,77
05/18/2016,PKB,WV,AEA,CE,Federal Contract Tower,0,17,7,8,32,0,0,29,16,45,0,17,36,24,77,18,12,30,107
05/19/2016,PKB,WV,AEA,CE,Federal Contract Tower,0,7,17,1,25,0,0,56,13,69,0,7,73,14,94,18,2,20,114
05/20/2016,PKB,WV,AEA,CE,Federal Contract Tower,0,10,11,0,21,0,0,19,9,28,0,10,30,9,49,10,0,10,59
05/21/2016,PKB,WV,AEA,CE,Federal Contract Tower,0,3,7,2,12,0,0,0,0,0,0,3,7,2,12,0,0,0,12
05/22/2016,PKB,WV,AEA,CE,Federal Contract Tower,0,3,7,0,10,0,2,16,0,18,0,5,23,0,28,54,0,54,82
05/23/2016,PKB,WV,AEA,CE,Federal Contract Tower,0,8,14,0,22,0,0,22,1,23,0,8,36,1,45,8,0,8,53
05/24/2016,PKB,WV,AEA,CE,Federal Contract Tower,0,13,16,0,29,0,0,39,6,45,0,13,55,6,74,6,22,28,102
05/25/2016,PKB,WV,AEA,CE,Federal Contract Tower,0,10,7,3,20,0,0,34,5,39,0,10,41,8,59,22,0,22,81
05/26/2016,PKB,WV,AEA,CE,Federal Contract Tower,0,14,8,1,23,0,0,19,10,29,0,14,27,11,52,8,2,10,62
05/27/2016,PKB,WV,AEA,CE,Federal Contract Tower,0,11,15,0,26,0,0,27,0,27,0,11,42,0,53,32,0,32,85
05/28/2016,PKB,WV,AEA,CE,Federal Contract Tower,0,4,6,0,10,0,0,25,1,26,0,4,31,1,36,2,0,2,38
05/29/2016,PKB,WV,AEA,CE,Federal Contract Tower,0,4,5,0,9,0,0,9,0,9,0,4,14,0,18,22,0,22,40
05/30/2016,PKB,WV,AEA,CE,Federal Contract Tower,0,6,14,1,21,0,2,25,1,28,0,8,39,2,49,48,0,48,97
05/31/2016,PKB,WV,AEA,CE,Federal Contract Tower,0,7,12,4,23,0,2,60,13,75,0,9,72,17,98,12,26,38,136
06/01/2016,PKB,WV,AEA,CE,Federal Contract Tower,0,13,14,10,37,0,0,40,4,44,0,13,54,14,81,18,16,34,115
06/02/2016,PKB,WV,AEA,CE,Federal Contract Tower,0,11,6,0,17,0,24,7,0,31,0,35,13,0,48,38,10,48,96
06/03/2016,PKB,WV,AEA,CE,Federal Contract Tower,0,16,13,0,29,0,2,16,2,20,0,18,29,2,49,52,0,52,101
06/04/2016,PKB,WV,AEA,CE,Federal Contract Tower,0,3,9,2,14,0,0,19,4,23,0,3,28,6,37,0,0,0,37
06/05/2016,PKB,WV,AEA,CE,Federal Contract Tower,0,4,9,0,13,0,0,5,1,6,0,4,14,1,19,2,0,2,21
06/06/2016,PKB,WV,AEA,CE,Federal Contract Tower,0,8,9,0,17,0,0,18,4,22,0,8,27,4,39,20,0,20,59
06/09/2016,PKB,WV,AEA,CE,Federal Contract Tower,2,11,15,11,39,0,0,53,2,55,2,11,68,13,94,32,10,42,136
06/10/2016,PKB,WV,AEA,CE,Federal Contract Tower,0,12,10,2,24,0,2,30,3,35,0,14,40,5,59,14,2,16,75
06/11/2016,PKB,WV,AEA,CE,Federal Contract Tower,0,3,11,0,14,0,0,28,0,28,0,3,39,0,42,16,0,16,58
06/12/2016,PKB,WV,AEA,CE,Federal Contract Tower,0,4,20,0,24,0,0,31,3,34,0,4,51,3,58,22,0,22,80
06/13/2016,PKB,WV,AEA,CE,Federal Contract Tower,0,7,22,17,46,0,0,46,16,62,0,7,68,33,108,14,62,76,184
06/15/2016,PKB,WV,AEA,CE,Federal Contract Tower,0,9,16,0,25,0,2,42,14,58,0,11,58,14,83,42,20,62,145
06/16/2016,PKB,WV,AEA,CE,Federal Contract Tower,0,13,11,4,28,0,0,33,8,41,0,13,44,12,69,10,2,12,81
06/17/2016,PKB,WV,AEA,CE,Federal Contract Tower,0,13,26,3,42,0,8,23,5,36,0,21,49,8,78,2,0,2,80
06/18/2016,PKB,WV,AEA,CE,Federal Contract Tower,0,1,10,0,11,0,0,48,3,51,0,1,58,3,62,14,12,26,88
06/19/2016,PKB,WV,AEA,CE,Federal Contract Tower,0,4,7,0,11,0,6,42,5,53,0,10,49,5,64,2,0,2,66
06/20/2016,PKB,WV,AEA,CE,Federal Contract Tower,0,9,9,0,18,0,4,45,3,52,0,13,54,3,70,16,8,24,94
06/21/2016,PKB,WV,AEA,CE,Federal Contract Tower,0,7,16,12,35,0,0,39,11,50,0,7,55,23,85,18,2,20,105
06/22/2016,PKB,WV,AEA,CE,Federal Contract Tower,0,11,13,9,33,0,6,29,4,39,0,17,42,13,72,20,18,38,110
06/23/2016,PKB,WV,AEA,CE,Federal Contract Tower,0,8,8,22,38,0,0,0,3,3,0,8,8,25,41,0,34,34,75
06/24/2016,PKB,WV,AEA,CE,Federal Contract Tower,0,12,13,11,36,0,0,15,15,30,0,12,28,26,66,38,28,66,132
06/25/2016,PKB,WV,AEA,CE,Federal Contract Tower,0,5,6,1,12,0,0,45,19,64,0,5,51,20,76,12,42,54,130
06/26/2016,PKB,WV,AEA,CE,Federal Contract Tower,0,4,10,0,14,0,0,34,16,50,0,4,44,16,64,16,54,70,134
06/27/2016,PKB,WV,AEA,CE,Federal Contract Tower,0,9,8,0,17,0,1,15,4,20,0,10,23,4,37,0,10,10,47
06/28/2016,PKB,WV,AEA,CE,Federal Contract Tower,0,12,19,2,33,0,2,53,10,65,0,14,72,12,98,50,0,50,148
06/29/2016,PKB,WV,AEA,CE,Federal Contract Tower,0,12,12,6,30,0,0,55,10,65,0,12,67,16,95,36,14,50,145
06/30/2016,PKB,WV,AEA,CE,Federal Contract Tower,0,11,21,1,33,0,0,56,7,63,0,11,77,8,96,58,0,58,154
07/01/2016,PKB,WV,AEA,CE,Federal Contract Tower,0,13,16,0,29,0,2,20,10,32,0,15,36,10,61,2,12,14,75
07/02/2016,PKB,WV,AEA,CE,Federal Contract Tower,0,3,2,0,5,0,0,29,0,29,0,3,31,0,34,12,0,12,46
07/03/2016,PKB,WV,AEA,CE,Federal Contract Tower,0,4,5,0,9,0,0,10,0,10,0,4,15,0,19,2,0,2,21
07/04/2016,PKB,WV,AEA,CE,Federal Contract Tower,0,11,3,0,14,0,0,1,0,1,0,11,4,0,15,0,0,0,15
07/05/2016,PKB,WV,AEA,CE,Federal Contract Tower,0,6,18,3,27,0,0,9,0,9,0,6,27,3,36,0,0,0,36
07/06/2016,PKB,WV,AEA,CE,Federal Contract Tower,0,11,8,2,21,0,0,47,9,56,0,11,55,11,77,14,10,24,101
07/07/2016,PKB,WV,AEA,CE,Federal Contract Tower,0,11,7,6,24,0,0,10,5,15,0,11,17,11,39,0,30,30,69
07/08/2016,PKB,WV,AEA,CE,Federal Contract Tower,0,9,1,2,12,0,0,15,9,24,0,9,16,11,36,4,0,4,40
07/09/2016,PKB,WV,AEA,CE,Federal Contract Tower,0,3,6,5,14,0,0,23,8,31,0,3,29,13,45,6,10,16,61
07/10/2016,PKB,WV,AEA,CE,Federal Contract Tower,0,4,11,0,15,0,0,29,0,29,0,4,40,0,44,6,0,6,50
07/11/2016,PKB,WV,AEA,CE,Federal Contract Tower,0,7,13,2,22,0,0,21,7,28,0,7,34,9,50,32,14,46,96
07/12/2016,PKB,WV,AEA,CE,Federal Contract Tower,0,11,10,4,25,0,4,30,4,38,0,15,40,8,63,28,16,44,107
07/13/2016,PKB,WV,AEA,CE,Federal Contract Tower,0,11,10,9,30,0,0,23,4,27,0,11,33,13,57,28,16,44,101
07/14/2016,PKB,WV,AEA,CE,Federal Contract Tower,0,13,7,0,20,0,2,21,3,26,0,15,28,3,46,56,16,72,118
07/15/2016,PKB,WV,AEA,CE,Federal Contract Tower,0,11,2,0,13,0,0,15,1,16,0,11,17,1,29,14,0,14,43
07/16/2016,PKB,WV,AEA,CE,Federal Contract Tower,0,4,12,0,16,0,0,28,0,28,0,4,40,0,44,52,0,52,96
07/17/2016,PKB,WV,AEA,CE,Federal Contract Tower,0,5,11,0,16,0,2,15,0,17,0,7,26,0,33,0,0,0,33
07/18/2016,PKB,WV,AEA,CE,Federal Contract Tower,0,7,4,0,11,0,0,9,3,12,0,7,13,3,23,14,0,14,37
07/19/2016,PKB,WV,AEA,CE,Federal Contract Tower,0,10,12,2,24,0,0,38,5,43,0,10,50,7,67,32,0,32,99
07/20/2016,PKB,WV,AEA,CE,Federal Contract Tower,0,9,11,3,23,0,0,43,14,57,0,9,54,17,80,72,0,72,152
07/21/2016,PKB,WV,AEA,CE,Federal Contract Tower,0,14,6,2,22,0,0,18,5,23,0,14,24,7,45,28,6,34,79
07/22/2016,PKB,WV,AEA,CE,Federal Contract Tower,0,12,15,0,27,0,0,25,5,30,0,12,40,5,57,28,0,28,85
07/23/2016,PKB,WV,AEA,CE,Federal Contract Tower,0,3,6,0,9,0,0,32,4,36,0,3,38,4,45,58,0,58,103
07/24/2016,PKB,WV,AEA,CE,Federal Contract Tower,0,6,18,0,24,0,0,11,1,12,0,6,29,1,36,18,0,18,54
07/25/2016,PKB,WV,AEA,CE,Federal Contract Tower,0,11,6,4,21,0,0,7,2,9,0,11,13,6,30,10,0,10,40
07/26/2016,PKB,WV,AEA,CE,Federal Contract Tower,0,12,6,2,20,0,0,13,5,18,0,12,19,7,38,8,2,10,48
07/27/2016,PKB,WV,AEA,CE,Federal Contract Tower,0,8,17,0,25,0,0,37,0,37,0,8,54,0,62,20,0,20,82
07/28/2016,PKB,WV,AEA,CE,Federal Contract Tower,0,13,10,1,24,0,0,3,3,6,0,13,13,4,30,0,0,0,30
07/29/2016,PKB,WV,AEA,CE,Federal Contract Tower,0,13,8,2,23,0,0,5,3,8,0,13,13,5,31,16,12,28,59
07/30/2016,PKB,WV,AEA,CE,Federal Contract Tower,0,6,9,0,15,0,0,20,0,20,0,6,29,0,35,30,0,30,65
07/31/2016,PKB,WV,AEA,CE,Federal Contract Tower,0,5,12,0,17,0,9,31,0,40,0,14,43,0,57,40,0,40,97
08/01/2016,PKB,WV,AEA,CE,Federal Contract Tower,0,9,15,1,25,0,2,11,1,14,0,11,26,2,39,12,0,12,51
08/02/2016,PKB,WV,AEA,CE,Federal Contract Tower,0,11,9,2,22,0,0,29,1,30,0,11,38,3,52,30,0,30,82
08/03/2016,PKB,WV,AEA,CE,Federal Contract Tower,0,11,8,1,20,0,0,35,7,42,0,11,43,8,62,64,0,64,126
08/04/2016,PKB,WV,AEA,CE,Federal Contract Tower,0,12,8,2,22,0,0,38,0,38,0,12,46,2,60,54,0,54,114
08/05/2016,PKB,WV,AEA,CE,Federal Contract Tower,0,12,11,9,32,0,0,24,17,41,0,12,35,26,73,2,48,50,123
08/06/2016,PKB,WV,AEA,CE,Federal Contract Tower,0,3,8,3,14,0,0,24,4,28,0,3,32,7,42,10,30,40,82
08/07/2016,PKB,WV,AEA,CE,Federal Contract Tower,0,6,5,2,13,0,0,2,39,41,0,6,7,41,54,22,0,22,76
08/08/2016,PKB,WV,AEA,CE,Federal Contract Tower,0,6,8,0,14,0,2,24,9,35,0,8,32,9,49,44,40,84,133
08/10/2016,PKB,WV,AEA,CE,Federal Contract Tower,0,14,4,6,24,0,0,38,13,51,0,14,42,19,75,4,0,4,79
08/11/2016,PKB,WV,AEA,CE,Federal Contract Tower,0,14,8,3,25,0,2,27,22,51,0,16,35,25,76,30,16,46,122
08/12/2016,PKB,WV,AEA,CE,Federal Contract Tower,0,11,8,0,19,0,0,19,13,32,0,11,27,13,51,0,10,10,61
08/13/2016,PKB,WV,AEA,CE,Federal Contract Tower,0,7,3,0,10,0,4,21,1,26,0,11,24,1,36,34,0,34,70
08/14/2016,PKB,WV,AEA,CE,Federal Contract Tower,0,4,4,2,10,0,2,9,3,14,0,6,13,5,24,2,30,32,56
08/15/2016,PKB,WV,AEA,CE,Federal Contract Tower,0,7,1,9,17,0,0,12,14,26,0,7,13,23,43,0,54,54,97
08/17/2016,PKB,WV,AEA,CE,Federal Contract Tower,0,11,5,0,16,0,0,6,4,10,0,11,11,4,26,4,0,4,30
08/18/2016,PKB,WV,AEA,CE,Federal Contract Tower,0,11,7,3,21,0,0,14,4,18,0,11,21,7,39,54,0,54,93
08/19/2016,PKB,WV,AEA,CE,Federal Contract Tower,0,12,9,3,24,0,0,12,4,16,0,12,21,7,40,16,0,16,56
08/20/2016,PKB,WV,AEA,CE,Federal Contract Tower,0,5,12,2,19,0,0,21,0,21,0,5,33,2,40,34,0,34,74
08/21/2016,PKB,WV,AEA,CE,Federal Contract Tower,0,4,12,0,16,0,0,32,0,32,0,4,44,0,48,38,0,38,86
08/22/2016,PKB,WV,AEA,CE,Federal Contract Tower,0,9,2,4,15,0,4,40,5,49,0,13,42,9,64,104,22,126,190
08/23/2016,PKB,WV,AEA,CE,Federal Contract Tower,0,14,3,6,23,0,0,26,9,35,0,14,29,15,58,42,16,58,116
08/24/2016,PKB,WV,AEA,CE,Federal Contract Tower,0,12,6,3,21,0,0,37,2,39,0,12,43,5,60,22,18,40,100
08/25/2016,PKB,WV,AEA,CE,Federal Contract Tower,0,14,8,0,22,0,2,22,5,29,0,16,30,5,51,14,6,20,71
08/26/2016,PKB,WV,AEA,CE,Federal Contract Tower,0,13,8,2,23,0,4,30,10,44,0,17,38,12,67,10,10,20,87
08/27/2016,PKB,WV,AEA,CE,Federal Contract Tower,0,3,16,3,22,0,2,36,0,38,0,5,52,3,60,10,0,10,70
08/28/2016,PKB,WV,AEA,CE,Federal Contract Tower,0,5,17,2,24,0,3,13,2,18,0,8,30,4,42,4,0,4,46
08/29/2016,PKB,WV,AEA,CE,Federal Contract Tower,0,11,14,2,27,0,0,18,7,25,0,11,32,9,52,34,0,34,86
08/30/2016,PKB,WV,AEA,CE,Federal Contract Tower,0,13,6,2,21,0,0,35,10,45,0,13,41,12,66,48,2,50,116
08/31/2016,PKB,WV,AEA,CE,Federal Contract Tower,0,12,2,0,14,0,2,36,6,44,0,14,38,6,58,6,18,24,82
09/01/2016,PKB,WV,AEA,CE,Federal Contract Tower,0,9,6,11,26,0,0,25,20,45,0,9,31,31,71,18,36,54,125
09/02/2016,PKB,WV,AEA,CE,Federal Contract Tower,0,9,13,2,24,0,0,40,5,45,0,9,53,7,69,0,0,0,69
09/03/2016,PKB,WV,AEA,CE,Federal Contract Tower,0,3,3,0,6,0,0,27,0,27,0,3,30,0,33,14,0,14,47
09/04/2016,PKB,WV,AEA,CE,Federal Contract Tower,0,4,18,0,22,0,5,34,1,40,0,9,52,1,62,10,0,10,72
09/05/2016,PKB,WV,AEA,CE,Federal Contract Tower,0,8,4,0,12,0,0,36,0,36,0,8,40,0,48,22,0,22,70
09/06/2016,PKB,WV,AEA,CE,Federal Contract Tower,0,11,9,5,25,0,0,31,11,42,0,11,40,16,67,6,14,20,87
09/07/2016,PKB,WV,AEA,CE,Federal Contract Tower,0,12,12,2,26,0,0,35,0,35,0,12,47,2,61,0,2,2,63
09/08/2016,PKB,WV,AEA,CE,Federal Contract Tower,0,15,8,1,24,0,0,28,15,43,0,15,36,16,67,4,2,6,73
09/09/2016,PKB,WV,AEA,CE,Federal Contract Tower,0,15,6,0,21,0,0,20,6,26,0,15,26,6,47,42,10,52,99
09/10/2016,PKB,WV,AEA,CE,Federal Contract Tower,0,3,12,2,17,0,0,13,12,25,0,3,25,14,42,34,26,60,102
09/11/2016,PKB,WV,AEA,CE,Federal Contract Tower,0,5,9,0,14,0,0,28,6,34,0,5,37,6,48,80,12,92,140
09/12/2016,PKB,WV,AEA,CE,Federal Contract Tower,0,10,2,6,18,0,4,15,2,21,0,14,17,8,39,24,0,24,63
09/13/2016,PKB,WV,AEA,CE,Federal Contract Tower,0,16,9,3,28,0,0,29,20,49,0,16,38,23,77,84,10,94,171
09/14/2016,PKB,WV,AEA,CE,Federal Contract Tower,0,10,10,2,22,0,0,3,0,3,0,10,13,2,25,32,10,42,67
09/15/2016,PKB,WV,AEA,CE,Federal Contract Tower,0,12,7,2,21,0,0,24,12,36,0,12,31,14,57,2,0,2,59
09/16/2016,PKB,WV,AEA,CE,Federal Contract Tower,0,14,4,0,18,0,4,43,1,48,0,18,47,1,66,80,0,80,146
09/17/2016,PKB,WV,AEA,CE,Federal Contract Tower,0,2,6,0,8,0,2,18,2,22,0,4,24,2,30,74,0,74,104
09/18/2016,PKB,WV,AEA,CE,Federal Contract Tower,0,5,15,0,20,0,0,0,0,0,0,5,15,0,20,0,0,0,20
09/19/2016,PKB,WV,AEA,CE,Federal Contract Tower,0,10,10,5,25,0,2,10,2,14,0,12,20,7,39,2,0,2,41
09/20/2016,PKB,WV,AEA,CE,Federal Contract Tower,0,8,20,1,29,0,0,51,13,64,0,8,71,14,93,20,0,20,113
09/21/2016,PKB,WV,AEA,CE,Federal Contract Tower,0,12,5,0,17,0,0,41,0,41,0,12,46,0,58,30,0,30,88
09/22/2016,PKB,WV,AEA,CE,Federal Contract Tower,0,8,10,6,24,0,0,23,5,28,0,8,33,11,52,52,22,74,126
09/23/2016,PKB,WV,AEA,CE,Federal Contract Tower,0,14,9,1,24,0,2,31,0,33,0,16,40,1,57,28,0,28,85
09/24/2016,PKB,WV,AEA,CE,Federal Contract Tower,0,3,10,0,13,0,0,34,5,39,0,3,44,5,52,54,0,54,106
09/25/2016,PKB,WV,AEA,CE,Federal Contract Tower,0,7,13,2,22,0,0,53,1,54,0,7,66,3,76,52,0,52,128
09/26/2016,PKB,WV,AEA,CE,Federal Contract Tower,0,8,6,0,14,0,0,3,0,3,0,8,9,0,17,0,0,0,17
09/27/2016,PKB,WV,AEA,CE,Federal Contract Tower,0,11,12,0,23,0,1,61,8,70,0,12,73,8,93,78,0,78,171
09/28/2016,PKB,WV,AEA,CE,Federal Contract Tower,0,17,11,4,32,0,0,40,3,43,0,17,51,7,75,34,46,80,155
09/29/2016,PKB,WV,AEA,CE,Federal Contract Tower,0,12,4,3,19,0,0,6,6,12,0,12,10,9,31,2,90,92,123
09/30/2016,PKB,WV,AEA,CE,Federal Contract Tower,0,13,1,0,14,0,0,2,0,2,0,13,3,0,16,0,0,0,16
10/01/2016,PKB,WV,AEA,CE,Federal Contract Tower,0,4,13,1,18,0,0,12,4,16,0,4,25,5,34,18,22,40,74
10/02/2016,PKB,WV,AEA,CE,Federal Contract Tower,0,3,3,0,6,0,4,26,0,30,0,7,29,0,36,30,0,30,66
10/03/2016,PKB,WV,AEA,CE,Federal Contract Tower,0,7,11,0,18,0,0,36,6,42,0,7,47,6,60,68,26,94,154
10/04/2016,PKB,WV,AEA,CE,Federal Contract Tower,0,10,2,0,12,0,4,47,5,56,0,14,49,5,68,16,28,44,112
10/05/2016,PKB,WV,AEA,CE,Federal Contract Tower,0,10,19,4,33,0,0,36,8,44,0,10,55,12,77,28,0,28,105
10/06/2016,PKB,WV,AEA,CE,Federal Contract Tower,0,10,5,6,21,0,0,37,21,58,0,10,42,27,79,60,98,158,237
10/07/2016,PKB,WV,AEA,CE,Federal Contract Tower,0,10,14,5,29,0,0,25,5,30,0,10,39,10,59,12,18,30,89
10/08/2016,PKB,WV,AEA,CE,Federal Contract Tower,0,3,15,0,18,0,0,14,0,14,0,3,29,0,32,24,0,24,56
10/09/2016,PKB,WV,AEA,CE,Federal Contract Tower,0,2,8,0,10,0,0,28,0,28,0,2,36,0,38,34,0,34,72
10/10/2016,PKB,WV,AEA,CE,Federal Contract Tower,0,10,16,0,26,0,4,50,2,56,0,14,66,2,82,28,0,28,110
10/11/2016,PKB,WV,AEA,CE,Federal Contract Tower,0,10,7,2,19,0,1,27,11,39,0,11,34,13,58,8,18,26,84
10/12/2016,PKB,WV,AEA,CE,Federal Contract Tower,0,12,11,3,26,0,4,37,16,57,0,16,48,19,83,22,92,114,197
10/13/2016,PKB,WV,AEA,CE,Federal Contract Tower,0,12,16,8,36,0,0,24,7,31,0,12,40,15,67,30,14,44,111
10/14/2016,PKB,WV,AEA,CE,Federal Contract Tower,0,19,3,2,24,0,0,38,10,48,0,19,41,12,72,20,22,42,114
10/15/2016,PKB,WV,AEA,CE,Federal Contract Tower,0,4,10,0,14,0,0,20,2,22,0,4,30,2,36,28,0,28,64
10/16/2016,PKB,WV,AEA,CE,Federal Contract Tower,0,2,11,0,13,0,4,22,0,26,0,6,33,0,39,96,0,96,135
10/17/2016,PKB,WV,AEA,CE,Federal Contract Tower,0,5,4,0,9,0,0,18,7,25,0,5,22,7,34,0,62,62,96
10/18/2016,PKB,WV,AEA,CE,Federal Contract Tower,0,11,12,9,32,0,0,0,0,0,0,11,12,9,32,2,70,72,104
10/19/2016,PKB,WV,AEA,CE,Federal Contract Tower,0,8,6,4,18,0,0,19,2,21,0,8,25,6,39,46,0,46,85
10/20/2016,PKB,WV,AEA,CE,Federal Contract Tower,0,10,3,2,15,0,0,18,12,30,0,10,21,14,45,4,20,24,69
10/21/2016,PKB,WV,AEA,CE,Federal Contract Tower,0,9,6,3,18,0,0,0,1,1,0,9,6,4,19,0,12,12,31
10/22/2016,PKB,WV,AEA,CE,Federal Contract Tower,0,3,6,0,9,0,2,6,8,16,0,5,12,8,25,0,10,10,35
10/23/2016,PKB,WV,AEA,CE,Federal Contract Tower,0,4,11,0,15,0,0,22,9,31,0,4,33,9,46,28,46,74,120
10/24/2016,PKB,WV,AEA,CE,Federal Contract Tower,2,8,19,2,31,0,0,20,1,21,2,8,39,3,52,16,4,20,72
10/25/2016,PKB,WV,AEA,CE,Federal Contract Tower,4,9,13,3,29,0,0,37,22,59,4,9,50,25,88,26,14,40,128
10/26/2016,PKB,WV,AEA,CE,Federal Contract Tower,0,3,7,13,23,0,0,33,5,38,0,3,40,18,61,38,10,48,109
10/27/2016,PKB,WV,AEA,CE,Federal Contract Tower,4,9,6,4,23,0,0,22,4,26,4,9,28,8,49,0,87,87,136
10/28/2016,PKB,WV,AEA,CE,Federal Contract Tower,0,12,9,4,25,0,0,19,17,36,0,12,28,21,61,34,30,64,125
10/29/2016,PKB,WV,AEA,CE,Federal Contract Tower,0,3,11,1,15,0,0,20,7,27,0,3,31,8,42,8,12,20,62
10/30/2016,PKB,WV,AEA,CE,Federal Contract Tower,2,0,4,2,8,0,0,9,1,10,2,0,13,3,18,30,0,30,48
10/31/2016,PKB,WV,AEA,CE,Federal Contract Tower,2,6,14,4,26,0,2,25,0,27,2,8,39,4,53,60,0,60,113
11/01/2016,PKB,WV,AEA,CE,Federal Contract Tower,2,8,10,2,22,0,0,39,6,45,2,8,49,8,67,24,0,24,91
11/02/2016,PKB,WV,AEA,CE,Federal Contract Tower,1,12,8,5,26,0,2,47,6,55,1,14,55,11,81,54,20,74,155
11/03/2016,PKB,WV,AEA,CE,Federal Contract Tower,1,10,9,1,21,0,0,15,1,16,1,10,24,2,37,44,6,50,87
11/04/2016,PKB,WV,AEA,CE,Federal Contract Tower,0,9,24,5,38,0,3,32,19,54,0,12,56,24,92,42,56,98,190
11/05/2016,PKB,WV,AEA,CE,Federal Contract Tower,0,4,3,2,9,0,2,27,6,35,0,6,30,8,44,2,10,12,56
11/06/2016,PKB,WV,AEA,CE,Federal Contract Tower,0,3,9,3,15,0,0,33,8,41,0,3,42,11,56,72,20,92,148
11/07/2016,PKB,WV,AEA,CE,Federal Contract Tower,0,4,12,1,17,0,1,17,0,18,0,5,29,1,35,42,0,42,77
11/08/2016,PKB,WV,AEA,CE,Federal Contract Tower,0,5,9,2,16,0,0,24,1,25,0,5,33,3,41,16,0,16,57
11/09/2016,PKB,WV,AEA,CE,Federal Contract Tower,0,9,3,2,14,0,0,6,7,13,0,9,9,9,27,20,42,62,89
11/10/2016,PKB,WV,AEA,CE,Federal Contract Tower,0,9,8,5,22,0,2,21,9,32,0,11,29,14,54,42,24,66,120
11/11/2016,PKB,WV,AEA,CE,Federal Contract Tower,0,10,11,0,21,0,0,14,1,15,0,10,25,1,36,0,0,0,36
11/12/2016,PKB,WV,AEA,CE,Federal Contract Tower,0,1,6,0,7,0,0,42,7,49,0,1,48,7,56,18,0,18,74
11/13/2016,PKB,WV,AEA,CE,Federal Contract Tower,0,1,4,0,5,0,0,25,0,25,0,1,29,0,30,54,0,54,84
11/14/2016,PKB,WV,AEA,CE,Federal Contract Tower,0,6,7,0,13,0,2,11,2,15,0,8,18,2,28,48,12,60,88
11/15/2016,PKB,WV,AEA,CE,Federal Contract Tower,0,13,9,2,24,0,0,32,3,35,0,13,41,5,59,62,36,98,157
11/16/2016,PKB,WV,AEA,CE,Federal Contract Tower,0,11,2,2,15,0,0,34,2,36,0,11,36,4,51,52,0,52,103
11/17/2016,PKB,WV,AEA,CE,Federal Contract Tower,0,8,18,1,27,0,1,25,5,31,0,9,43,6,58,16,12,28,86
11/18/2016,PKB,WV,AEA,CE,Federal Contract Tower,0,11,5,6,22,0,1,39,12,52,0,12,44,18,74,12,56,68,142
11/19/2016,PKB,WV,AEA,CE,Federal Contract Tower,0,1,1,2,4,0,0,0,2,2,0,1,1,4,6,0,40,40,46
11/20/2016,PKB,WV,AEA,CE,Federal Contract Tower,0,0,2,0,2,0,0,0,0,0,0,0,2,0,2,0,0,0,2
11/21/2016,PKB,WV,AEA,CE,Federal Contract Tower,0,7,5,2,14,0,2,21,2,25,0,9,26,4,39,8,2,10,49
11/22/2016,PKB,WV,AEA,CE,Federal Contract Tower,0,13,2,2,17,0,0,26,7,33,0,13,28,9,50,6,0,6,56
11/23/2016,PKB,WV,AEA,CE,Federal Contract Tower,0,12,9,0,21,0,0,19,0,19,0,12,28,0,40,2,0,2,42
11/24/2016,PKB,WV,AEA,CE,Federal Contract Tower,0,4,1,0,5,0,0,1,0,1,0,4,2,0,6,26,0,26,32
11/25/2016,PKB,WV,AEA,CE,Federal Contract Tower,0,12,11,0,23,0,0,4,0,4,0,12,15,0,27,10,0,10,37
11/26/2016,PKB,WV,AEA,CE,Federal Contract Tower,0,5,2,0,7,0,0,12,0,12,0,5,14,0,19,34,0,34,53
11/27/2016,PKB,WV,AEA,CE,Federal Contract Tower,0,2,13,0,15,0,2,32,3,37,0,4,45,3,52,40,0,40,92
11/28/2016,PKB,WV,AEA,CE,Federal Contract Tower,0,5,8,2,15,0,0,6,2,8,0,5,14,4,23,0,0,0,23
11/29/2016,PKB,WV,AEA,CE,Federal Contract Tower,0,12,7,5,24,0,0,30,11,41,0,12,37,16,65,14,32,46,111
11/30/2016,PKB,WV,AEA,CE,Federal Contract Tower,0,9,8,0,17,0,0,5,0,5,0,9,13,0,22,8,0,8,30
12/01/2016,PKB,WV,AEA,CE,Federal Contract Tower,0,9,1,2,12,0,0,4,9,13,0,9,5,11,25,4,16,20,45
12/02/2016,PKB,WV,AEA,CE,Federal Contract Tower,0,6,8,0,14,0,3,8,10,21,0,9,16,10,35,4,70,74,109
12/03/2016,PKB,WV,AEA,CE,Federal Contract Tower,0,5,5,1,11,0,0,20,4,24,0,5,25,5,35,20,0,20,55
12/04/2016,PKB,WV,AEA,CE,Federal Contract Tower,0,3,6,0,9,0,0,12,2,14,0,3,18,2,23,46,0,46,69
12/05/2016,PKB,WV,AEA,CE,Federal Contract Tower,0,6,4,3,13,0,0,15,7,22,0,6,19,10,35,18,0,18,53
12/06/2016,PKB,WV,AEA,CE,Federal Contract Tower,0,12,3,3,18,0,0,11,1,12,0,12,14,4,30,16,14,30,60
12/07/2016,PKB,WV,AEA,CE,Federal Contract Tower,0,11,3,8,22,0,0,18,3,21,0,11,21,11,43,18,26,44,87
12/08/2016,PKB,WV,AEA,CE,Federal Contract Tower,0,12,6,5,23,0,0,7,3,10,0,12,13,8,33,40,8,48,81
12/09/2016,PKB,WV,AEA,CE,Federal Contract Tower,0,14,11,5,30,0,0,8,12,20,0,14,19,17,50,38,12,50,100
12/10/2016,PKB,WV,AEA,CE,Federal Contract Tower,0,5,4,0,9,0,0,22,0,22,0,5,26,0,31,54,0,54,85
12/11/2016,PKB,WV,AEA,CE,Federal Contract Tower,0,2,8,0,10,0,0,10,0,10,0,2,18,0,20,32,0,32,52
12/12/2016,PKB,WV,AEA,CE,Federal Contract Tower,0,8,3,3,14,0,0,2,2,4,0,8,5,5,18,0,0,0,18
12/13/2016,PKB,WV,AEA,CE,Federal Contract Tower,0,9,7,6,22,0,0,3,6,9,0,9,10,12,31,0,14,14,45
12/14/2016,PKB,WV,AEA,CE,Federal Contract Tower,0,8,8,6,22,0,1,23,8,32,0,9,31,14,54,20,0,20,74
12/15/2016,PKB,WV,AEA,CE,Federal Contract Tower,0,15,5,6,26,0,0,7,4,11,0,15,12,10,37,24,36,60,97
12/16/2016,PKB,WV,AEA,CE,Federal Contract Tower,0,12,16,6,34,0,0,19,25,44,0,12,35,31,78,46,156,202,280
12/17/2016,PKB,WV,AEA,CE,Federal Contract Tower,0,6,0,0,6,0,0,0,0,0,0,6,0,0,6,0,0,0,6
12/18/2016,PKB,WV,AEA,CE,Federal Contract Tower,0,9,0,0,9,0,0,0,0,0,0,9,0,0,9,0,0,0,9
12/19/2016,PKB,WV,AEA,CE,Federal Contract Tower,0,7,8,8,23,0,0,22,2,24,0,7,30,10,47,16,6,22,69
12/20/2016,PKB,WV,AEA,CE,Federal Contract Tower,0,12,10,4,26,0,2,23,11,36,0,14,33,15,62,18,0,18,80
12/21/2016,PKB,WV,AEA,CE,Federal Contract Tower,0,12,1,1,14,0,1,26,13,40,0,13,27,14,54,10,14,24,78
12/22/2016,PKB,WV,AEA,CE,Federal Contract Tower,2,10,12,1,25,0,0,9,7,16,2,10,21,8,41,6,34,40,81
12/23/2016,PKB,WV,AEA,CE,Federal Contract Tower,0,10,8,0,18,0,0,30,1,31,0,10,38,1,49,2,2,4,53
12/24/2016,PKB,WV,AEA,CE,Federal Contract Tower,0,4,4,0,8,0,0,0,0,0,0,4,4,0,8,0,0,0,8
12/25/2016,PKB,WV,AEA,CE,Federal Contract Tower,0,2,2,0,4,0,0,2,0,2,0,2,4,0,6,0,0,0,6
12/26/2016,PKB,WV,AEA,CE,Federal Contract Tower,0,6,3,0,9,0,4,9,0,13,0,10,12,0,22,36,0,36,58
12/27/2016,PKB,WV,AEA,CE,Federal Contract Tower,0,7,9,0,16,0,0,25,1,26,0,7,34,1,42,6,0,6,48
12/28/2016,PKB,WV,AEA,CE,Federal Contract Tower,0,14,16,0,30,0,0,28,3,31,0,14,44,3,61,56,0,56,117
12/29/2016,PKB,WV,AEA,CE,Federal Contract Tower,0,10,2,0,12,0,0,2,0,2,0,10,4,0,14,0,0,0,14
12/30/2016,PKB,WV,AEA,CE,Federal Contract Tower,0,9,1,0,10,0,5,8,0,13,0,14,9,0,23,0,0,0,23
12/31/2016,PKB,WV,AEA,CE,Federal Contract Tower,0,3,0,0,3,0,0,1,0,1,0,3,1,0,4,18,0,18,22
01/01/2017,PKB,WV,AEA,CE,Federal Contract Tower,0,2,0,0,2,0,3,23,0,26,0,5,23,0,28,28,0,28,56
01/02/2017,PKB,WV,AEA,CE,Federal Contract Tower,0,4,3,0,7,0,0,0,0,0,0,4,3,0,7,0,0,0,7
01/04/2017,PKB,WV,AEA,CE,Federal Contract Tower,0,10,4,5,19,0,0,8,0,8,0,10,12,5,27,0,2,2,29
01/05/2017,PKB,WV,AEA,CE,Federal Contract Tower,0,11,4,0,15,0,0,0,0,0,0,11,4,0,15,0,0,0,15
01/06/2017,PKB,WV,AEA,CE,Federal Contract Tower,0,9,6,3,18,0,0,9,27,36,0,9,15,30,54,8,214,222,276
01/07/2017,PKB,WV,AEA,CE,Federal Contract Tower,0,3,3,5,11,0,2,22,8,32,0,5,25,13,43,0,2,2,45
01/08/2017,PKB,WV,AEA,CE,Federal Contract Tower,0,2,8,2,12,0,0,9,6,15,0,2,17,8,27,2,14,16,43
01/09/2017,PKB,WV,AEA,CE,Federal Contract Tower,0,7,8,4,19,0,0,11,14,25,0,7,19,18,44,6,18,24,68
01/10/2017,PKB,WV,AEA,CE,Federal Contract Tower,0,9,0,0,9,0,0,7,10,17,0,9,7,10,26,20,10,30,56
01/11/2017,PKB,WV,AEA,CE,Federal Contract Tower,0,8,0,5,13,0,0,11,12,23,0,8,11,17,36,0,76,76,112
01/12/2017,PKB,WV,AEA,CE,Federal Contract Tower,0,9,3,3,15,0,2,2,4,8,0,11,5,7,23,0,0,0,23
01/13/2017,PKB,WV,AEA,CE,Federal Contract Tower,0,6,8,4,18,0,0,21,17,38,0,6,29,21,56,50,56,106,162
01/14/2017,PKB,WV,AEA,CE,Federal Contract Tower,0,5,0,0,5,0,0,0,0,0,0,5,0,0,5,0,0,0,5
01/15/2017,PKB,WV,AEA,CE,Federal Contract Tower,0,2,2,0,4,0,0,0,0,0,0,2,2,0,4,2,0,2,6
01/16/2017,PKB,WV,AEA,CE,Federal Contract Tower,0,5,5,0,10,0,0,12,0,12,0,5,17,0,22,42,0,42,64
01/17/2017,PKB,WV,AEA,CE,Federal Contract Tower,0,10,8,3,21,0,0,8,8,16,0,10,16,11,37,0,12,12,49
01/18/2017,PKB,WV,AEA,CE,Federal Contract Tower,0,8,13,4,25,0,0,14,9,23,0,8,27,13,48,58,28,86,134
01/19/2017,PKB,WV,AEA,CE,Federal Contract Tower,0,10,12,12,34,0,0,10,6,16,0,10,22,18,50,8,84,92,142
01/20/2017,PKB,WV,AEA,CE,Federal Contract Tower,0,5,18,8,31,0,0,6,13,19,0,5,24,21,50,46,70,116,166
01/21/2017,PKB,WV,AEA,CE,Federal Contract Tower,0,9,16,1,26,0,0,41,9,50,0,9,57,10,76,36,92,128,204
01/22/2017,PKB,WV,AEA,CE,Federal Contract Tower,0,2,6,6,14,0,0,18,4,22,0,2,24,10,36,40,60,100,136
01/23/2017,PKB,WV,AEA,CE,Federal Contract Tower,0,7,9,9,25,0,0,0,0,0,0,7,9,9,25,0,0,0,25
01/24/2017,PKB,WV,AEA,CE,Federal Contract Tower,0,11,12,17,40,0,0,5,2,7,0,11,17,19,47,0,98,98,145
01/25/2017,PKB,WV,AEA,CE,Federal Contract Tower,0,12,8,15,35,0,2,14,12,28,0,14,22,27,63,8,30,38,101
01/26/2017,PKB,WV,AEA,CE,Federal Contract Tower,0,11,3,2,16,0,0,4,3,7,0,11,7,5,23,26,42,68,91
01/27/2017,PKB,WV,AEA,CE,Federal Contract Tower,0,9,1,1,11,0,0,1,2,3,0,9,2,3,14,0,94,94,108
01/28/2017,PKB,WV,AEA,CE,Federal Contract Tower,0,2,3,0,5,0,0,19,0,19,0,2,22,0,24,34,0,34,58
01/29/2017,PKB,WV,AEA,CE,Federal Contract Tower,0,2,26,0,28,0,0,2,0,2,0,2,28,0,30,0,16,16,46
01/30/2017,PKB,WV,AEA,CE,Federal Contract Tower,0,4,10,3,17,0,0,7,9,16,0,4,17,12,33,72,48,120,153
01/31/2017,PKB,WV,AEA,CE,Federal Contract Tower,0,6,5,3,14,0,0,17,6,23,0,6,22,9,37,0,56,56,93
02/01/2017,PKB,WV,AEA,CE,Federal Contract Tower,0,7,0,3,10,0,0,3,4,7,0,7,3,7,17,2,30,32,49
02/02/2017,PKB,WV,AEA,CE,Federal Contract Tower,0,5,9,3,17,0,2,17,10,29,0,7,26,13,46,32,8,40,86
02/03/2017,PKB,WV,AEA,CE,Federal Contract Tower,0,9,1,4,14,0,0,21,23,44,0,9,22,27,58,60,138,198,256
02/04/2017,PKB,WV,AEA,CE,Federal Contract Tower,0,4,6,3,13,0,0,38,16,54,0,4,44,19,67,62,40,102,169
02/05/2017,PKB,WV,AEA,CE,Federal Contract Tower,0,3,4,0,7,0,0,25,8,33,0,3,29,8,40,50,16,66,106
02/06/2017,PKB,WV,AEA,CE,Federal Contract Tower,0,7,5,5,17,0,0,21,11,32,0,7,26,16,49,24,14,38,87
02/07/2017,PKB,WV,AEA,CE,Federal Contract Tower,0,9,2,4,15,0,0,0,10,10,0,9,2,14,25,0,52,52,77
02/08/2017,PKB,WV,AEA,CE,Federal Contract Tower,0,12,7,2,21,0,0,8,9,17,0,12,15,11,38,86,0,86,124
02/09/2017,PKB,WV,AEA,CE,Federal Contract Tower,0,6,2,6,14,0,0,0,1,1,0,6,2,7,15,0,60,60,75
02/10/2017,PKB,WV,AEA,CE,Federal Contract Tower,0,11,8,3,22,0,2,19,9,30,0,13,27,12,52,30,20,50,102
02/11/2017,PKB,WV,AEA,CE,Federal Contract Tower,0,7,6,0,13,0,1,15,2,18,0,8,21,2,31,42,0,42,73
02/12/2017,PKB,WV,AEA,CE,Federal Contract Tower,0,3,12,0,15,0,0,2,3,5,0,3,14,3,20,6,12,18,38
02/13/2017,PKB,WV,AEA,CE,Federal Contract Tower,0,7,0,3,10,0,2,10,5,17,0,9,10,8,27,38,98,136,163
02/14/2017,PKB,WV,AEA,CE,Federal Contract Tower,0,11,4,0,15,0,4,23,20,47,0,15,27,20,62,22,72,94,156
02/15/2017,PKB,WV,AEA,CE,Federal Contract Tower,0,9,8,1,18,0,0,14,8,22,0,9,22,9,40,10,12,22,62
02/16/2017,PKB,WV,AEA,CE,Federal Contract Tower,0,6,17,8,31,0,0,18,13,31,0,6,35,21,62,64,70,134,196
02/17/2017,PKB,WV,AEA,CE,Federal Contract Tower,0,10,10,1,21,0,0,44,7,51,0,10,54,8,72,64,6,70,142
02/18/2017,PKB,WV,AEA,CE,Federal Contract Tower,0,6,8,0,14,0,0,31,0,31,0,6,39,0,45,70,0,70,115
02/19/2017,PKB,WV,AEA,CE,Federal Contract Tower,0,3,15,0,18,0,2,17,1,20,0,5,32,1,38,14,0,14,52
02/20/2017,PKB,WV,AEA,CE,Federal Contract Tower,0,5,4,0,9,0,0,29,0,29,0,5,33,0,38,26,0,26,64
02/21/2017,PKB,WV,AEA,CE,Federal Contract Tower,0,15,4,3,22,0,0,20,14,34,0,15,24,17,56,26,10,36,92
02/22/2017,PKB,WV,AEA,CE,Federal Contract Tower,0,12,5,0,17,0,0,16,4,20,0,12,21,4,37,34,0,34,71
02/23/2017,PKB,WV,AEA,CE,Federal Contract Tower,0,9,15,1,25,0,2,18,2,22,0,11,33,3,47,24,6,30,77
02/24/2017,PKB,WV,AEA,CE,Federal Contract Tower,0,12,10,2,24,0,0,32,8,40,0,12,42,10,64,10,38,48,112
02/25/2017,PKB,WV,AEA,CE,Federal Contract Tower,0,4,2,0,6,0,0,14,0,14,0,4,16,0,20,0,0,0,20
02/26/2017,PKB,WV,AEA,CE,Federal Contract Tower,0,2,12,0,14,0,4,34,0,38,0,6,46,0,52,50,0,50,102
02/27/2017,PKB,WV,AEA,CE,Federal Contract Tower,0,11,7,4,22,0,0,8,2,10,0,11,15,6,32,30,0,30,62
02/28/2017,PKB,WV,AEA,CE,Federal Contract Tower,0,5,2,0,7,0,0,6,0,6,0,5,8,0,13,16,0,16,29
03/01/2017,PKB,WV,AEA,CE,Federal Contract Tower,0,4,1,0,5,0,0,4,7,11,0,4,5,7,16,26,46,72,88
03/02/2017,PKB,WV,AEA,CE,Federal Contract Tower,0,9,12,0,21,0,0,12,16,28,0,9,24,16,49,2,62,64,113
03/03/2017,PKB,WV,AEA,CE,Federal Contract Tower,0,10,14,9,33,0,5,13,39,57,0,15,27,48,90,12,158,170,260
03/04/2017,PKB,WV,AEA,CE,Federal Contract Tower,0,3,10,2,15,0,2,30,29,61,0,5,40,31,76,10,218,228,304
03/05/2017,PKB,WV,AEA,CE,Federal Contract Tower,0,1,9,1,11,0,0,46,8,54,0,1,55,9,65,40,14,54,119
03/06/2017,PKB,WV,AEA,CE,Federal Contract Tower,0,8,3,1,12,0,1,1,3,5,0,9,4,4,17,2,42,44,61
03/07/2017,PKB,WV,AEA,CE,Federal Contract Tower,0,11,1,4,16,0,0,3,8,11,0,11,4,12,27,26,54,80,107
03/08/2017,PKB,WV,AEA,CE,Federal Contract Tower,0,14,4,1,19,0,0,5,5,10,0,14,9,6,29,0,0,0,29
03/09/2017,PKB,WV,AEA,CE,Federal Contract Tower,0,10,8,5,23,0,4,31,12,47,0,14,39,17,70,30,54,84,154
03/10/2017,PKB,WV,AEA,CE,Federal Contract Tower,0,11,3,0,14,0,0,7,4,11,0,11,10,4,25,30,0,30,55
03/11/2017,PKB,WV,AEA,CE,Federal Contract Tower,0,3,5,2,10,0,1,19,3,23,0,4,24,5,33,78,0,78,111
03/12/2017,PKB,WV,AEA,CE,Federal Contract Tower,0,6,4,0,10,0,0,13,0,13,0,6,17,0,23,36,0,36,59
03/13/2017,PKB,WV,AEA,CE,Federal Contract Tower,0,7,9,2,18,0,1,14,8,23,0,8,23,10,41,44,20,64,105
03/14/2017,PKB,WV,AEA,CE,Federal Contract Tower,0,9,1,0,10,0,0,0,8,8,0,9,1,8,18,0,10,10,28
03/15/2017,PKB,WV,AEA,CE,Federal Contract Tower,0,12,4,3,19,0,2,10,10,22,0,14,14,13,41,24,14,38,79
03/16/2017,PKB,WV,AEA,CE,Federal Contract Tower,0,10,9,0,19,0,0,29,9,38,0,10,38,9,57,0,0,0,57
03/17/2017,PKB,WV,AEA,CE,Federal Contract Tower,0,6,4,42,52,0,0,10,12,22,0,6,14,54,74,2,94,96,170
03/18/2017,PKB,WV,AEA,CE,Federal Contract Tower,0,4,5,0,9,0,0,3,4,7,0,4,8,4,16,2,18,20,36
03/19/2017,PKB,WV,AEA,CE,Federal Contract Tower,0,1,9,0,10,0,0,17,12,29,0,1,26,12,39,38,84,122,161
03/20/2017,PKB,WV,AEA,CE,Federal Contract Tower,0,6,1,5,12,0,0,20,7,27,0,6,21,12,39,58,0,58,97
03/21/2017,PKB,WV,AEA,CE,Federal Contract Tower,0,9,10,3,22,0,0,19,8,27,0,9,29,11,49,100,8,108,157
03/22/2017,PKB,WV,AEA,CE,Federal Contract Tower,0,11,4,3,18,0,4,37,15,56,0,15,41,18,74,42,8,50,124
03/23/2017,PKB,WV,AEA,CE,Federal Contract Tower,0,10,11,3,24,0,0,56,5,61,0,10,67,8,85,58,6,64,149
03/24/2017,PKB,WV,AEA,CE,Federal Contract Tower,0,10,11,4,25,0,0,28,0,28,0,10,39,4,53,20,0,20,73
03/25/2017,PKB,WV,AEA,CE,Federal Contract Tower,0,2,2,4,8,0,0,28,2,30,0,2,30,6,38,16,0,16,54
03/26/2017,PKB,WV,AEA,CE,Federal Contract Tower,0,3,1,2,6,0,0,11,0,11,0,3,12,2,17,38,0,38,55
03/27/2017,PKB,WV,AEA,CE,Federal Contract Tower,0,7,6,1,14,0,2,4,2,8,0,9,10,3,22,10,12,22,44
03/28/2017,PKB,WV,AEA,CE,Federal Contract Tower,0,9,10,7,26,0,0,9,3,12,0,9,19,10,38,8,16,24,62
03/29/2017,PKB,WV,AEA,CE,Federal Contract Tower,0,9,9,14,32,0,8,39,10,57,0,17,48,24,89,66,12,78,167
03/30/2017,PKB,WV,AEA,CE,Federal Contract Tower,0,9,13,5,27,0,0,28,7,35,0,9,41,12,62,18,8,26,88
03/31/2017,PKB,WV,AEA,CE,Federal Contract Tower,0,7,8,0,15,0,0,5,0,5,0,7,13,0,20,16,0,16,36
04/01/2017,PKB,WV,AEA,CE,Federal Contract Tower,0,4,8,0,12,0,0,7,1,8,0,4,15,1,20,24,0,24,44
04/02/2017,PKB,WV,AEA,CE,Federal Contract Tower,0,2,10,1,13,0,4,38,1,43,0,6,48,2,56,58,0,58,114
04/03/2017,PKB,WV,AEA,CE,Federal Contract Tower,0,7,2,2,11,0,0,14,4,18,0,7,16,6,29,50,0,50,79
04/04/2017,PKB,WV,AEA,CE,Federal Contract Tower,0,10,4,2,16,0,0,17,6,23,0,10,21,8,39,24,18,42,81
04/05/2017,PKB,WV,AEA,CE,Federal Contract Tower,0,10,6,4,20,0,0,17,8,25,0,10,23,12,45,56,32,88,133
04/06/2017,PKB,WV,AEA,CE,Federal Contract Tower,0,7,0,2,9,0,0,7,2,9,0,7,7,4,18,0,0,0,18
04/07/2017,PKB,WV,AEA,CE,Federal Contract Tower,0,14,0,2,16,0,2,2,22,26,0,16,2,24,42,0,96,96,138
04/08/2017,PKB,WV,AEA,CE,Federal Contract Tower,0,8,4,5,17,0,0,40,13,53,0,8,44,18,70,54,96,150,220
04/09/2017,PKB,WV,AEA,CE,Federal Contract Tower,0,2,8,3,13,0,2,35,8,45,0,4,43,11,58,30,50,80,138
04/10/2017,PKB,WV,AEA,CE,Federal Contract Tower,0,5,6,0,11,0,0,14,5,19,0,5,20,5,30,6,10,16,46
04/11/2017,PKB,WV,AEA,CE,Federal Contract Tower,0,7,4,1,12,0,0,12,3,15,0,7,16,4,27,18,0,18,45
04/12/2017,PKB,WV,AEA,CE,Federal Contract Tower,0,8,12,5,25,0,2,34,14,50,0,10,46,19,75,30,12,42,117
04/13/2017,PKB,WV,AEA,CE,Federal Contract Tower,0,9,16,0,25,0,2,36,3,41,0,11,52,3,66,20,0,20,86
04/14/2017,PKB,WV,AEA,CE,Federal Contract Tower,0,8,9,6,23,0,0,51,0,51,0,8,60,6,74,76,5,81,155
04/15/2017,PKB,WV,AEA,CE,Federal Contract Tower,0,5,9,0,14,0,0,36,0,36,0,5,45,0,50,16,0,16,66
04/16/2017,PKB,WV,AEA,CE,Federal Contract Tower,0,2,3,0,5,0,0,2,0,2,0,2,5,0,7,34,0,34,41
04/17/2017,PKB,WV,AEA,CE,Federal Contract Tower,0,8,7,2,17,0,2,29,6,37,0,10,36,8,54,4,22,26,80
04/18/2017,PKB,WV,AEA,CE,Federal Contract Tower,0,8,8,5,21,0,1,45,12,58,0,9,53,17,79,84,44,128,207
04/19/2017,PKB,WV,AEA,CE,Federal Contract Tower,0,11,9,5,25,0,2,20,9,31,0,13,29,14,56,40,15,55,111
04/20/2017,PKB,WV,AEA,CE,Federal Contract Tower,0,12,13,4,29,0,0,13,6,19,0,12,26,10,48,38,28,66,114
04/21/2017,PKB,WV,AEA,CE,Federal Contract Tower,0,13,13,4,30,0,0,20,6,26,0,13,33,10,56,0,24,24,80
04/22/2017,PKB,WV,AEA,CE,Federal Contract Tower,0,3,11,0,14,0,1,23,0,24,0,4,34,0,38,12,0,12,50
04/23/2017,PKB,WV,AEA,CE,Federal Contract Tower,0,2,17,1,20,0,0,19,3,22,0,2,36,4,42,52,18,70,112
04/24/2017,PKB,WV,AEA,CE,Federal Contract Tower,0,9,9,4,22,0,10,14,3,27,0,19,23,7,49,0,2,2,51
04/25/2017,PKB,WV,AEA,CE,Federal Contract Tower,0,11,9,6,26,0,0,42,6,48,0,11,51,12,74,26,0,26,100
04/26/2017,PKB,WV,AEA,CE,Federal Contract Tower,0,12,9,1,22,0,0,35,7,42,0,12,44,8,64,20,0,20,84
04/27/2017,PKB,WV,AEA,CE,Federal Contract Tower,0,12,2,2,16,0,0,13,9,22,0,12,15,11,38,70,18,88,126
04/28/2017,PKB,WV,AEA,CE,Federal Contract Tower,0,15,17,4,36,0,0,40,7,47,0,15,57,11,83,56,4,60,143
04/29/2017,PKB,WV,AEA,CE,Federal Contract Tower,0,3,6,0,9,0,0,8,0,8,0,3,14,0,17,8,0,8,25
04/30/2017,PKB,WV,AEA,CE,Federal Contract Tower,0,4,10,0,14,0,0,30,0,30,0,4,40,0,44,42,0,42,86
05/01/2017,PKB,WV,AEA,CE,Federal Contract Tower,0,6,5,0,11,0,0,4,1,5,0,6,9,1,16,0,0,0,16
05/02/2017,PKB,WV,AEA,CE,Federal Contract Tower,0,9,7,2,18,0,0,6,5,11,0,9,13,7,29,20,0,20,49
05/03/2017,PKB,WV,AEA,CE,Federal Contract Tower,0,11,14,0,25,0,2,37,7,46,0,13,51,7,71,66,14,80,151
05/04/2017,PKB,WV,AEA,CE,Federal Contract Tower,0,12,7,3,22,0,0,16,3,19,0,12,23,6,41,4,14,18,59
05/05/2017,PKB,WV,AEA,CE,Federal Contract Tower,0,11,2,1,14,0,0,0,10,10,0,11,2,11,24,0,62,62,86
05/06/2017,PKB,WV,AEA,CE,Federal Contract Tower,0,5,7,0,12,0,3,9,0,12,0,8,16,0,24,44,0,44,68
05/07/2017,PKB,WV,AEA,CE,Federal Contract Tower,0,3,7,0,10,0,0,11,5,16,0,3,18,5,26,12,0,12,38
05/08/2017,PKB,WV,AEA,CE,Federal Contract Tower,0,9,9,4,22,0,1,18,8,27,0,10,27,12,49,10,44,54,103
05/10/2017,PKB,WV,AEA,CE,Federal Contract Tower,0,7,13,0,20,0,2,27,6,35,0,9,40,6,55,0,12,12,67
05/11/2017,PKB,WV,AEA,CE,Federal Contract Tower,0,6,12,3,21,0,0,2,1,3,0,6,14,4,24,4,0,4,28
05/12/2017,PKB,WV,AEA,CE,Federal Contract Tower,0,10,14,3,27,0,0,7,0,7,0,10,21,3,34,40,0,40,74
05/13/2017,PKB,WV,AEA,CE,Federal Contract Tower,0,4,12,0,16,0,0,19,0,19,0,4,31,0,35,20,0,20,55
05/14/2017,PKB,WV,AEA,CE,Federal Contract Tower,0,0,3,0,3,0,0,13,0,13,0,0,16,0,16,10,0,10,26
05/15/2017,PKB,WV,AEA,CE,Federal Contract Tower,0,9,10,0,19,0,0,23,3,26,0,9,33,3,45,4,0,4,49
05/16/2017,PKB,WV,AEA,CE,Federal Contract Tower,0,11,3,6,20,0,0,36,10,46,0,11,39,16,66,26,4,30,96
05/17/2017,PKB,WV,AEA,CE,Federal Contract Tower,0,19,7,1,27,0,0,23,7,30,0,19,30,8,57,8,18,26,83
05/18/2017,PKB,WV,AEA,CE,Federal Contract Tower,0,14,9,0,23,0,0,24,10,34,0,14,33,10,57,10,26,36,93
05/19/2017,PKB,WV,AEA,CE,Federal Contract Tower,0,13,11,0,24,0,0,19,33,52,0,13,30,33,76,12,104,116,192
05/20/2017,PKB,WV,AEA,CE,Federal Contract Tower,0,11,7,1,19,0,2,27,8,37,0,13,34,9,56,30,18,48,104
05/21/2017,PKB,WV,AEA,CE,Federal Contract Tower,0,4,7,3,14,0,0,5,6,11,0,4,12,9,25,0,12,12,37
05/22/2017,PKB,WV,AEA,CE,Federal Contract Tower,0,9,11,0,20,0,6,23,12,41,0,15,34,12,61,64,44,108,169
05/23/2017,PKB,WV,AEA,CE,Federal Contract Tower,0,11,9,2,22,0,0,40,6,46,0,11,49,8,68,36,10,46,114
05/24/2017,PKB,WV,AEA,CE,Federal Contract Tower,0,12,9,8,29,0,0,11,9,20,0,12,20,17,49,10,46,56,105
05/25/2017,PKB,WV,AEA,CE,Federal Contract Tower,0,15,4,4,23,0,0,7,2,9,0,15,11,6,32,32,0,32,64
05/26/2017,PKB,WV,AEA,CE,Federal Contract Tower,0,11,15,0,26,0,0,43,2,45,0,11,58,2,71,62,26,88,159
05/27/2017,PKB,WV,AEA,CE,Federal Contract Tower,0,2,6,0,8,0,0,25,0,25,0,2,31,0,33,68,0,68,101
05/28/2017,PKB,WV,AEA,CE,Federal Contract Tower,0,2,9,0,11,0,0,3,0,3,0,2,12,0,14,12,0,12,26
05/29/2017,PKB,WV,AEA,CE,Federal Contract Tower,0,0,13,0,13,0,2,31,2,35,0,2,44,2,48,36,0,36,84
05/30/2017,PKB,WV,AEA,CE,Federal Contract Tower,0,7,12,0,19,0,3,55,6,64,0,10,67,6,83,28,46,74,157
05/31/2017,PKB,WV,AEA,CE,Federal Contract Tower,0,10,12,3,25,0,0,36,19,55,0,10,48,22,80,18,82,100,180
06/01/2017,PKB,WV,AEA,CE,Federal Contract Tower,0,14,9,0,23,0,0,55,9,64,0,14,64,9,87,38,28,66,153
06/02/2017,PKB,WV,AEA,CE,Federal Contract Tower,0,9,9,4,22,0,0,43,12,55,0,9,52,16,77,96,32,128,205
06/03/2017,PKB,WV,AEA,CE,Federal Contract Tower,0,4,11,0,15,0,0,52,9,61,0,4,63,9,76,36,8,44,120
06/04/2017,PKB,WV,AEA,CE,Federal Contract Tower,0,3,7,0,10,0,2,22,1,25,0,5,29,1,35,38,0,38,73
06/05/2017,PKB,WV,AEA,CE,Federal Contract Tower,0,8,0,0,8,0,3,0,0,3,0,11,0,0,11,0,0,0,11
06/06/2017,PKB,WV,AEA,CE,Federal Contract Tower,0,11,12,3,26,0,0,48,14,62,0,11,60,17,88,22,20,42,130
06/07/2017,PKB,WV,AEA,CE,Federal Contract Tower,0,11,5,7,23,0,0,34,13,47,0,11,39,20,70,56,54,110,180
06/08/2017,PKB,WV,AEA,CE,Federal Contract Tower,0,16,15,0,31,0,0,25,16,41,0,16,40,16,72,32,32,64,136
06/09/2017,PKB,WV,AEA,CE,Federal Contract Tower,0,4,11,3,18,0,0,31,28,59,0,4,42,31,77,62,126,188,265
06/10/2017,PKB,WV,AEA,CE,Federal Contract Tower,0,3,15,6,24,0,0,30,19,49,0,3,45,25,73,28,70,98,171
06/11/2017,PKB,WV,AEA,CE,Federal Contract Tower,0,3,12,0,15,0,0,27,4,31,0,3,39,4,46,18,0,18,64
06/12/2017,PKB,WV,AEA,CE,Federal Contract Tower,0,9,9,3,21,0,2,27,1,30,0,11,36,4,51,8,0,8,59
06/13/2017,PKB,WV,AEA,CE,Federal Contract Tower,0,14,9,1,24,0,0,15,8,23,0,14,24,9,47,20,2,22,69
06/14/2017,PKB,WV,AEA,CE,Federal Contract Tower,0,12,8,0,20,0,0,16,2,18,0,12,24,2,38,12,0,12,50
06/15/2017,PKB,WV,AEA,CE,Federal Contract Tower,0,12,11,1,24,0,0,24,8,32,0,12,35,9,56,50,20,70,126
06/16/2017,PKB,WV,AEA,CE,Federal Contract Tower,0,10,15,3,28,0,0,30,6,36,0,10,45,9,64,4,14,18,82
06/17/2017,PKB,WV,AEA,CE,Federal Contract Tower,0,6,10,0,16,0,0,35,0,35,0,6,45,0,51,26,0,26,77
06/18/2017,PKB,WV,AEA,CE,Federal Contract Tower,0,5,3,0,8,0,0,7,0,7,0,5,10,0,15,4,0,4,19
06/19/2017,PKB,WV,AEA,CE,Federal Contract Tower,0,6,7,6,19,0,0,13,13,26,0,6,20,19,45,24,98,122,167
06/20/2017,PKB,WV,AEA,CE,Federal Contract Tower,0,8,7,10,25,0,0,24,15,39,0,8,31,25,64,6,68,74,138
06/21/2017,PKB,WV,AEA,CE,Federal Contract Tower,0,10,0,0,10,0,0,19,14,33,0,10,19,14,43,6,20,26,69
06/22/2017,PKB,WV,AEA,CE,Federal Contract Tower,0,10,10,0,20,0,0,16,6,22,0,10,26,6,42,32,22,54,96
06/23/2017,PKB,WV,AEA,CE,Federal Contract Tower,0,8,2,3,13,0,0,5,0,5,0,8,7,3,18,14,6,20,38
06/24/2017,PKB,WV,AEA,CE,Federal Contract Tower,0,3,10,4,17,0,0,26,7,33,0,3,36,11,50,22,38,60,110
06/25/2017,PKB,WV,AEA,CE,Federal Contract Tower,0,1,8,3,12,0,0,29,6,35,0,1,37,9,47,14,42,56,103
06/26/2017,PKB,WV,AEA,CE,Federal Contract Tower,0,6,12,0,18,0,0,17,16,33,0,6,29,16,51,18,54,72,123
06/27/2017,PKB,WV,AEA,CE,Federal Contract Tower,0,6,13,0,19,0,1,45,14,60,0,7,58,14,79,42,44,86,165
06/28/2017,PKB,WV,AEA,CE,Federal Contract Tower,0,8,6,4,18,0,3,34,11,48,0,11,40,15,66,66,56,122,188
06/29/2017,PKB,WV,AEA,CE,Federal Contract Tower,0,9,12,6,27,0,0,38,15,53,0,9,50,21,80,4,18,22,102
06/30/2017,PKB,WV,AEA,CE,Federal Contract Tower,0,12,8,2,22,0,0,19,10,29,0,12,27,12,51,16,20,36,87
07/01/2017,PKB,WV,AEA,CE,Federal Contract Tower,0,3,4,0,7,0,0,3,0,3,0,3,7,0,10,0,0,0,10
07/02/2017,PKB,WV,AEA,CE,Federal Contract Tower,0,2,1,0,3,0,0,26,2,28,0,2,27,2,31,28,14,42,73
07/03/2017,PKB,WV,AEA,CE,Federal Contract Tower,0,6,5,0,11,0,0,20,0,20,0,6,25,0,31,10,0,10,41
07/05/2017,PKB,WV,AEA,CE,Federal Contract Tower,0,11,6,2,19,0,0,29,5,34,0,11,35,7,53,30,0,30,83
07/06/2017,PKB,WV,AEA,CE,Federal Contract Tower,0,10,11,0,21,0,0,0,0,0,0,10,11,0,21,0,0,0,21
07/07/2017,PKB,WV,AEA,CE,Federal Contract Tower,0,10,12,4,26,0,0,5,2,7,0,10,17,6,33,0,2,2,35
07/08/2017,PKB,WV,AEA,CE,Federal Contract Tower,0,4,7,3,14,0,0,13,0,13,0,4,20,3,27,2,0,2,29
07/09/2017,PKB,WV,AEA,CE,Federal Contract Tower,0,2,17,0,19,0,0,34,1,35,0,2,51,1,54,20,0,20,74
07/10/2017,PKB,WV,AEA,CE,Federal Contract Tower,0,7,7,0,14,0,0,14,5,19,0,7,21,5,33,44,52,96,129
07/11/2017,PKB,WV,AEA,CE,Federal Contract Tower,0,10,9,3,22,0,6,7,12,25,0,16,16,15,47,0,100,100,147
07/12/2017,PKB,WV,AEA,CE,Federal Contract Tower,0,13,10,2,25,0,4,23,9,36,0,17,33,11,61,24,92,116,177
07/13/2017,PKB,WV,AEA,CE,Federal Contract Tower,0,7,11,1,19,0,0,12,14,26,0,7,23,15,45,0,0,0,45
07/14/2017,PKB,WV,AEA,CE,Federal Contract Tower,0,9,14,9,32,0,0,13,18,31,0,9,27,27,63,20,8,28,91
07/15/2017,PKB,WV,AEA,CE,Federal Contract Tower,0,3,11,3,17,0,0,30,6,36,0,3,41,9,53,12,20,32,85
07/16/2017,PKB,WV,AEA,CE,Federal Contract Tower,0,4,15,0,19,0,0,29,8,37,0,4,44,8,56,8,8,16,72
07/17/2017,PKB,WV,AEA,CE,Federal Contract Tower,0,7,12,7,26,0,2,22,22,46,0,9,34,29,72,38,54,92,164
07/18/2017,PKB,WV,AEA,CE,Federal Contract Tower,0,8,4,7,19,0,0,38,19,57,0,8,42,26,76,62,38,100,176
07/19/2017,PKB,WV,AEA,CE,Federal Contract Tower,0,12,11,7,30,0,0,44,20,64,0,12,55,27,94,24,16,40,134
07/20/2017,PKB,WV,AEA,CE,Federal Contract Tower,0,9,8,4,21,0,0,19,14,33,0,9,27,18,54,14,20,34,88
07/21/2017,PKB,WV,AEA,CE,Federal Contract Tower,0,6,18,0,24,0,0,8,2,10,0,6,26,2,34,0,12,12,46
07/22/2017,PKB,WV,AEA,CE,Federal Contract Tower,0,3,4,0,7,0,0,0,0,0,0,3,4,0,7,0,0,0,7
07/23/2017,PKB,WV,AEA,CE,Federal Contract Tower,0,2,6,0,8,0,0,1,9,10,0,2,7,9,18,0,22,22,40
07/24/2017,PKB,WV,AEA,CE,Federal Contract Tower,0,6,7,5,18,0,5,13,11,29,0,11,20,16,47,0,10,10,57
07/25/2017,PKB,WV,AEA,CE,Federal Contract Tower,0,8,13,1,22,0,0,40,17,57,0,8,53,18,79,52,32,84,163
07/26/2017,PKB,WV,AEA,CE,Federal Contract Tower,0,2,9,0,11,0,0,35,24,59,0,2,44,24,70,64,20,84,154
07/27/2017,PKB,WV,AEA,CE,Federal Contract Tower,0,12,11,0,23,0,0,6,1,7,0,12,17,1,30,10,0,10,40
07/28/2017,PKB,WV,AEA,CE,Federal Contract Tower,0,8,8,2,18,0,0,3,0,3,0,8,11,2,21,0,0,0,21
07/29/2017,PKB,WV,AEA,CE,Federal Contract Tower,0,4,10,0,14,0,0,33,12,45,0,4,43,12,59,10,17,27,86
07/30/2017,PKB,WV,AEA,CE,Federal Contract Tower,0,3,21,0,24,0,0,30,1,31,0,3,51,1,55,40,0,40,95
07/31/2017,PKB,WV,AEA,CE,Federal Contract Tower,0,9,18,2,29,0,0,30,7,37,0,9,48,9,66,18,0,18,84
08/01/2017,PKB,WV,AEA,CE,Federal Contract Tower,0,13,9,0,22,0,6,18,18,42,0,19,27,18,64,70,6,76,140
08/02/2017,PKB,WV,AEA,CE,Federal Contract Tower,0,11,14,7,32,0,0,30,7,37,0,11,44,14,69,2,8,10,79
08/03/2017,PKB,WV,AEA,CE,Federal Contract Tower,0,9,15,4,28,0,0,32,5,37,0,9,47,9,65,26,0,26,91
08/04/2017,PKB,WV,AEA,CE,Federal Contract Tower,0,11,6,2,19,0,0,13,1,14,0,11,19,3,33,10,0,10,43
08/05/2017,PKB,WV,AEA,CE,Federal Contract Tower,0,3,17,2,22,0,0,26,0,26,0,3,43,2,48,0,0,0,48
08/06/2017,PKB,WV,AEA,CE,Federal Contract Tower,0,2,19,0,21,0,2,17,0,19,0,4,36,0,40,20,0,20,60
08/07/2017,PKB,WV,AEA,CE,Federal Contract Tower,0,7,8,6,21,0,0,4,0,4,0,7,12,6,25,0,0,0,25
08/08/2017,PKB,WV,AEA,CE,Federal Contract Tower,0,11,11,7,29,0,0,38,19,57,0,11,49,26,86,4,10,14,100
08/09/2017,PKB,WV,AEA,CE,Federal Contract Tower,0,17,10,4,31,0,0,56,27,83,0,17,66,31,114,8,26,34,148
08/10/2017,PKB,WV,AEA,CE,Federal Contract Tower,0,11,6,1,18,0,0,5,4,9,0,11,11,5,27,8,0,8,35
08/11/2017,PKB,WV,AEA,CE,Federal Contract Tower,0,7,34,0,41,0,0,22,4,26,0,7,56,4,67,20,0,20,87
08/12/2017,PKB,WV,AEA,CE,Federal Contract Tower,0,3,10,0,13,0,0,19,0,19,0,3,29,0,32,10,0,10,42
08/13/2017,PKB,WV,AEA,CE,Federal Contract Tower,0,0,12,2,14,0,0,29,1,30,0,0,41,3,44,18,0,18,62
08/14/2017,PKB,WV,AEA,CE,Federal Contract Tower,0,3,11,2,16,0,2,13,7,22,0,5,24,9,38,2,0,2,40
08/15/2017,PKB,WV,AEA,CE,Federal Contract Tower,0,11,16,0,27,0,0,29,18,47,0,11,45,18,74,24,8,32,106
08/16/2017,PKB,WV,AEA,CE,Federal Contract Tower,0,15,12,0,27,0,0,50,6,56,0,15,62,6,83,52,0,52,135
08/17/2017,PKB,WV,AEA,CE,Federal Contract Tower,0,10,8,1,19,0,0,16,2,18,0,10,24,3,37,10,0,10,47
08/18/2017,PKB,WV,AEA,CE,Federal Contract Tower,0,17,15,0,32,0,0,17,0,17,0,17,32,0,49,34,0,34,83
08/19/2017,PKB,WV,AEA,CE,Federal Contract Tower,0,6,3,0,9,0,0,24,5,29,0,6,27,5,38,20,0,20,58
08/20/2017,PKB,WV,AEA,CE,Federal Contract Tower,0,2,6,0,8,0,2,50,0,52,0,4,56,0,60,28,0,28,88
08/21/2017,PKB,WV,AEA,CE,Federal Contract Tower,0,8,10,1,19,0,0,19,6,25,0,8,29,7,44,2,4,6,50
08/22/2017,PKB,WV,AEA,CE,Federal Contract Tower,0,14,1,0,15,0,0,18,8,26,0,14,19,8,41,8,0,8,49
08/23/2017,PKB,WV,AEA,CE,Federal Contract Tower,0,11,5,0,16,0,0,33,11,44,0,11,38,11,60,18,32,50,110
08/24/2017,PKB,WV,AEA,CE,Federal Contract Tower,0,14,19,3,36,0,0,37,5,42,0,14,56,8,78,44,0,44,122
08/25/2017,PKB,WV,AEA,CE,Federal Contract Tower,0,9,24,1,34,0,0,43,11,54,0,9,67,12,88,54,48,102,190
08/26/2017,PKB,WV,AEA,CE,Federal Contract Tower,0,3,14,0,17,0,0,29,0,29,0,3,43,0,46,12,0,12,58
08/27/2017,PKB,WV,AEA,CE,Federal Contract Tower,0,4,13,0,17,0,0,36,1,37,0,4,49,1,54,20,0,20,74
08/28/2017,PKB,WV,AEA,CE,Federal Contract Tower,0,9,5,3,17,0,0,9,1,10,0,9,14,4,27,8,48,56,83
08/29/2017,PKB,WV,AEA,CE,Federal Contract Tower,0,12,10,1,23,0,2,25,11,38,0,14,35,12,61,28,42,70,131
08/30/2017,PKB,WV,AEA,CE,Federal Contract Tower,0,11,8,1,20,0,4,39,8,51,0,15,47,9,71,26,16,42,113
08/31/2017,PKB,WV,AEA,CE,Federal Contract Tower,0,12,15,2,29,0,0,39,5,44,0,12,54,7,73,66,30,96,169
09/01/2017,PKB,WV,AEA,CE,Federal Contract Tower,0,9,7,0,16,0,0,0,0,0,0,9,7,0,16,0,0,0,16
09/02/2017,PKB,WV,AEA,CE,Federal Contract Tower,0,8,4,0,12,0,0,0,0,0,0,8,4,0,12,0,0,0,12
09/03/2017,PKB,WV,AEA,CE,Federal Contract Tower,0,4,17,0,21,0,0,11,0,11,0,4,28,0,32,42,0,42,74
09/04/2017,PKB,WV,AEA,CE,Federal Contract Tower,0,7,10,2,19,0,0,32,0,32,0,7,42,2,51,8,0,8,59
09/05/2017,PKB,WV,AEA,CE,Federal Contract Tower,0,9,0,0,9,0,0,22,0,22,0,9,22,0,31,36,0,36,67
09/06/2017,PKB,WV,AEA,CE,Federal Contract Tower,0,5,20,8,33,0,2,30,16,48,0,7,50,24,81,80,8,88,169
09/07/2017,PKB,WV,AEA,CE,Federal Contract Tower,0,12,9,2,23,0,0,51,6,57,0,12,60,8,80,44,12,56,136
09/08/2017,PKB,WV,AEA,CE,Federal Contract Tower,0,10,12,5,27,0,5,52,18,75,0,15,64,23,102,36,76,112,214
09/09/2017,PKB,WV,AEA,CE,Federal Contract Tower,0,7,17,3,27,0,0,39,11,50,0,7,56,14,77,10,6,16,93
09/10/2017,PKB,WV,AEA,CE,Federal Contract Tower,0,3,5,0,8,0,2,42,5,49,0,5,47,5,57,34,0,34,91
09/11/2017,PKB,WV,AEA,CE,Federal Contract Tower,0,9,9,0,18,0,0,23,3,26,0,9,32,3,44,0,0,0,44
09/12/2017,PKB,WV,AEA,CE,Federal Contract Tower,0,10,8,3,21,0,0,32,4,36,0,10,40,7,57,6,20,26,83
09/13/2017,PKB,WV,AEA,CE,Federal Contract Tower,0,12,3,1,16,0,0,25,4,29,0,12,28,5,45,6,0,6,51
09/14/2017,PKB,WV,AEA,CE,Federal Contract Tower,0,11,16,5,32,0,0,5,2,7,0,11,21,7,39,20,0,20,59
09/15/2017,PKB,WV,AEA,CE,Federal Contract Tower,0,11,17,0,28,0,0,13,3,16,0,11,30,3,44,0,0,0,44
09/16/2017,PKB,WV,AEA,CE,Federal Contract Tower,0,5,5,2,12,0,0,18,4,22,0,5,23,6,34,0,4,4,38
09/17/2017,PKB,WV,AEA,CE,Federal Contract Tower,0,2,8,0,10,0,4,20,1,25,0,6,28,1,35,10,0,10,45
09/18/2017,PKB,WV,AEA,CE,Federal Contract Tower,0,6,8,9,23,0,0,17,1,18,0,6,25,10,41,64,22,86,127
09/19/2017,PKB,WV,AEA,CE,Federal Contract Tower,0,9,7,0,16,0,2,40,6,48,0,11,47,6,64,36,12,48,112
09/20/2017,PKB,WV,AEA,CE,Federal Contract Tower,0,12,11,0,23,0,0,35,4,39,0,12,46,4,62,40,6,46,108
09/21/2017,PKB,WV,AEA,CE,Federal Contract Tower,0,12,12,2,26,0,0,44,13,57,0,12,56,15,83,54,32,86,169
09/22/2017,PKB,WV,AEA,CE,Federal Contract Tower,0,12,16,1,29,0,0,28,6,34,0,12,44,7,63,40,14,54,117
09/23/2017,PKB,WV,AEA,CE,Federal Contract Tower,0,3,16,0,19,0,0,47,3,50,0,3,63,3,69,8,0,8,77
09/24/2017,PKB,WV,AEA,CE,Federal Contract Tower,0,2,11,0,13,0,0,30,2,32,0,2,41,2,45,10,0,10,55
09/25/2017,PKB,WV,AEA,CE,Federal Contract Tower,0,4,5,0,9,0,0,26,9,35,0,4,31,9,44,8,66,74,118
09/26/2017,PKB,WV,AEA,CE,Federal Contract Tower,0,8,14,0,22,0,0,41,7,48,0,8,55,7,70,56,10,66,136
09/27/2017,PKB,WV,AEA,CE,Federal Contract Tower,0,9,7,0,16,0,11,40,11,62,0,20,47,11,78,66,34,100,178
09/28/2017,PKB,WV,AEA,CE,Federal Contract Tower,0,7,4,0,11,0,0,23,6,29,0,7,27,6,40,18,18,36,76
09/29/2017,PKB,WV,AEA,CE,Federal Contract Tower,0,10,11,4,25,0,0,29,11,40,0,10,40,15,65,4,66,70,135
09/30/2017,PKB,WV,AEA,CE,Federal Contract Tower,0,7,4,0,11,0,0,31,0,31,0,7,35,0,42,18,0,18,60
10/01/2017,PKB,WV,AEA,CE,Federal Contract Tower,0,3,10,0,13,0,4,31,0,35,0,7,41,0,48,40,0,40,88
10/02/2017,PKB,WV,AEA,CE,Federal Contract Tower,0,7,4,1,12,0,8,17,6,31,0,15,21,7,43,10,6,16,59
10/03/2017,PKB,WV,AEA,CE,Federal Contract Tower,0,10,5,1,16,0,0,33,3,36,0,10,38,4,52,22,0,22,74
10/04/2017,PKB,WV,AEA,CE,Federal Contract Tower,0,10,18,2,30,0,0,61,1,62,0,10,79,3,92,76,2,78,170
10/05/2017,PKB,WV,AEA,CE,Federal Contract Tower,0,17,16,0,33,0,2,32,6,40,0,19,48,6,73,60,14,74,147
10/06/2017,PKB,WV,AEA,CE,Federal Contract Tower,0,6,7,0,13,0,0,21,4,25,0,6,28,4,38,8,8,16,54
10/07/2017,PKB,WV,AEA,CE,Federal Contract Tower,0,9,10,0,19,0,3,37,0,40,0,12,47,0,59,32,0,32,91
10/08/2017,PKB,WV,AEA,CE,Federal Contract Tower,0,3,7,0,10,0,0,1,0,1,0,3,8,0,11,0,0,0,11
10/09/2017,PKB,WV,AEA,CE,Federal Contract Tower,0,7,9,0,16,0,0,6,2,8,0,7,15,2,24,0,0,0,24
10/10/2017,PKB,WV,AEA,CE,Federal Contract Tower,0,2,11,2,15,0,0,27,5,32,0,2,38,7,47,18,6,24,71
10/11/2017,PKB,WV,AEA,CE,Federal Contract Tower,0,9,15,2,26,0,4,18,2,24,0,13,33,4,50,0,10,10,60
10/12/2017,PKB,WV,AEA,CE,Federal Contract Tower,0,6,7,0,13,0,0,13,2,15,0,6,20,2,28,12,0,12,40
10/13/2017,PKB,WV,AEA,CE,Federal Contract Tower,0,6,10,0,16,0,0,14,11,25,0,6,24,11,41,8,6,14,55
10/14/2017,PKB,WV,AEA,CE,Federal Contract Tower,0,3,4,2,9,0,0,34,0,34,0,3,38,2,43,32,0,32,75
10/15/2017,PKB,WV,AEA,CE,Federal Contract Tower,0,2,7,0,9,0,0,6,1,7,0,2,13,1,16,10,0,10,26
10/16/2017,PKB,WV,AEA,CE,Federal Contract Tower,0,5,10,6,21,0,0,10,9,19,0,5,20,15,40,32,26,58,98
10/17/2017,PKB,WV,AEA,CE,Federal Contract Tower,0,6,10,0,16,0,0,43,7,50,0,6,53,7,66,22,22,44,110
10/18/2017,PKB,WV,AEA,CE,Federal Contract Tower,0,4,9,0,13,0,0,40,1,41,0,4,49,1,54,46,0,46,100
10/19/2017,PKB,WV,AEA,CE,Federal Contract Tower,0,7,10,2,19,0,0,45,9,54,0,7,55,11,73,42,6,48,121
10/20/2017,PKB,WV,AEA,CE,Federal Contract Tower,0,4,8,8,20,0,0,39,18,57,0,4,47,26,77,18,94,112,189
10/21/2017,PKB,WV,AEA,CE,Federal Contract Tower,0,3,9,4,16,0,2,38,24,64,0,5,47,28,80,28,112,140,220
10/22/2017,PKB,WV,AEA,CE,Federal Contract Tower,0,0,14,2,16,0,0,36,21,57,0,0,50,23,73,30,78,108,181
10/23/2017,PKB,WV,AEA,CE,Federal Contract Tower,0,5,8,3,16,0,0,0,0,0,0,5,8,3,16,0,0,0,16
10/24/2017,PKB,WV,AEA,CE,Federal Contract Tower,0,9,10,3,22,0,0,11,3,14,0,9,21,6,36,0,0,0,36
10/25/2017,PKB,WV,AEA,CE,Federal Contract Tower,0,11,10,0,21,0,0,10,12,22,0,11,20,12,43,0,52,52,95
10/26/2017,PKB,WV,AEA,CE,Federal Contract Tower,0,7,7,12,26,0,1,26,18,45,0,8,33,30,71,12,98,110,181
10/27/2017,PKB,WV,AEA,CE,Federal Contract Tower,0,10,10,4,24,0,0,29,12,41,0,10,39,16,65,16,68,84,149
10/28/2017,PKB,WV,AEA,CE,Federal Contract Tower,0,4,3,2,9,0,0,0,0,0,0,4,3,2,9,0,0,0,9
10/29/2017,PKB,WV,AEA,CE,Federal Contract Tower,0,3,3,0,6,0,0,0,0,0,0,3,3,0,6,0,0,0,6
10/30/2017,PKB,WV,AEA,CE,Federal Contract Tower,0,7,7,0,14,0,0,5,1,6,0,7,12,1,20,0,0,0,20
10/31/2017,PKB,WV,AEA,CE,Federal Contract Tower,0,11,10,0,21,0,2,19,5,26,0,13,29,5,47,46,0,46,93
11/01/2017,PKB,WV,AEA,CE,Federal Contract Tower,0,9,2,4,15,0,0,6,2,8,0,9,8,6,23,0,32,32,55
11/02/2017,PKB,WV,AEA,CE,Federal Contract Tower,0,12,7,2,21,0,0,15,5,20,0,12,22,7,41,8,46,54,95
11/03/2017,PKB,WV,AEA,CE,Federal Contract Tower,0,12,13,5,30,0,0,2,13,15,0,12,15,18,45,10,162,172,217
11/04/2017,PKB,WV,AEA,CE,Federal Contract Tower,0,3,9,5,17,0,0,9,10,19,0,3,18,15,36,22,36,58,94
11/05/2017,PKB,WV,AEA,CE,Federal Contract Tower,0,2,21,17,40,0,0,17,15,32,0,2,38,32,72,68,48,116,188
11/06/2017,PKB,WV,AEA,CE,Federal Contract Tower,0,7,6,2,15,0,0,2,2,4,0,7,8,4,19,0,0,0,19
11/07/2017,PKB,WV,AEA,CE,Federal Contract Tower,0,12,10,4,26,0,0,17,4,21,0,12,27,8,47,0,14,14,61
11/08/2017,PKB,WV,AEA,CE,Federal Contract Tower,0,11,15,4,30,0,0,32,8,40,0,11,47,12,70,42,26,68,138
11/09/2017,PKB,WV,AEA,CE,Federal Contract Tower,0,14,13,8,35,0,2,45,15,62,0,16,58,23,97,32,78,110,207
11/10/2017,PKB,WV,AEA,CE,Federal Contract Tower,0,9,14,0,23,0,0,30,0,30,0,9,44,0,53,14,0,14,67
11/11/2017,PKB,WV,AEA,CE,Federal Contract Tower,0,5,8,0,13,0,0,36,2,38,0,5,44,2,51,46,18,64,115
11/12/2017,PKB,WV,AEA,CE,Federal Contract Tower,0,1,12,0,13,0,2,25,1,28,0,3,37,1,41,36,0,36,77
11/13/2017,PKB,WV,AEA,CE,Federal Contract Tower,0,9,3,3,15,0,0,0,2,2,0,9,3,5,17,0,8,8,25
11/14/2017,PKB,WV,AEA,CE,Federal Contract Tower,0,14,14,6,34,0,0,27,6,33,0,14,41,12,67,34,2,36,103
11/15/2017,PKB,WV,AEA,CE,Federal Contract Tower,0,12,7,0,19,0,0,14,5,19,0,12,21,5,38,14,0,14,52
11/16/2017,PKB,WV,AEA,CE,Federal Contract Tower,0,9,8,1,18,0,0,15,25,40,0,9,23,26,58,14,70,84,142
11/17/2017,PKB,WV,AEA,CE,Federal Contract Tower,0,8,7,3,18,0,0,32,11,43,0,8,39,14,61,128,58,186,247
11/18/2017,PKB,WV,AEA,CE,Federal Contract Tower,0,5,2,8,15,0,0,2,11,13,0,5,4,19,28,22,12,34,62
11/19/2017,PKB,WV,AEA,CE,Federal Contract Tower,0,4,10,2,16,0,4,23,10,37,0,8,33,12,53,34,20,54,107
11/20/2017,PKB,WV,AEA,CE,Federal Contract Tower,0,10,13,9,32,0,0,24,5,29,0,10,37,14,61,28,0,28,89
11/21/2017,PKB,WV,AEA,CE,Federal Contract Tower,0,12,11,0,23,0,4,14,0,18,0,16,25,0,41,6,0,6,47
11/22/2017,PKB,WV,AEA,CE,Federal Contract Tower,0,12,9,0,21,0,0,33,0,33,0,12,42,0,54,22,0,22,76
11/23/2017,PKB,WV,AEA,CE,Federal Contract Tower,0,4,1,0,5,0,0,23,0,23,0,4,24,0,28,10,0,10,38
11/24/2017,PKB,WV,AEA,CE,Federal Contract Tower,0,8,8,0,16,0,2,40,0,42,0,10,48,0,58,14,0,14,72
11/25/2017,PKB,WV,AEA,CE,Federal Contract Tower,0,3,9,0,12,0,0,24,0,24,0,3,33,0,36,14,0,14,50
11/26/2017,PKB,WV,AEA,CE,Federal Contract Tower,0,8,13,0,21,0,0,13,0,13,0,8,26,0,34,18,0,18,52
11/27/2017,PKB,WV,AEA,CE,Federal Contract Tower,0,8,7,0,15,0,8,16,5,29,0,16,23,5,44,28,22,50,94
11/28/2017,PKB,WV,AEA,CE,Federal Contract Tower,0,12,8,7,27,0,0,24,7,31,0,12,32,14,58,26,34,60,118
11/29/2017,PKB,WV,AEA,CE,Federal Contract Tower,0,13,8,3,24,0,0,40,4,44,0,13,48,7,68,36,18,54,122
11/30/2017,PKB,WV,AEA,CE,Federal Contract Tower,0,16,6,0,22,0,1,26,0,27,0,17,32,0,49,0,0,0,49
12/01/2017,PKB,WV,AEA,CE,Federal Contract Tower,0,9,7,7,23,0,0,17,2,19,0,9,24,9,42,22,2,24,66
12/02/2017,PKB,WV,AEA,CE,Federal Contract Tower,0,3,8,0,11,0,0,27,2,29,0,3,35,2,40,52,0,52,92
12/03/2017,PKB,WV,AEA,CE,Federal Contract Tower,0,4,11,0,15,0,2,22,1,25,0,6,33,1,40,44,0,44,84
12/04/2017,PKB,WV,AEA,CE,Federal Contract Tower,0,7,13,1,21,0,0,15,6,21,0,7,28,7,42,14,24,38,80
12/05/2017,PKB,WV,AEA,CE,Federal Contract Tower,0,13,7,2,22,0,0,1,0,1,0,13,8,2,23,0,0,0,23
12/06/2017,PKB,WV,AEA,CE,Federal Contract Tower,0,11,2,5,18,0,1,21,7,29,0,12,23,12,47,10,46,56,103
12/07/2017,PKB,WV,AEA,CE,Federal Contract Tower,0,13,8,1,22,0,1,20,10,31,0,14,28,11,53,24,42,66,119
12/08/2017,PKB,WV,AEA,CE,Federal Contract Tower,0,10,9,0,19,0,0,41,10,51,0,10,50,10,70,42,52,94,164
12/09/2017,PKB,WV,AEA,CE,Federal Contract Tower,0,5,3,0,8,0,0,14,0,14,0,5,17,0,22,0,0,0,22
12/10/2017,PKB,WV,AEA,CE,Federal Contract Tower,0,4,7,0,11,0,2,8,0,10,0,6,15,0,21,22,0,22,43
12/11/2017,PKB,WV,AEA,CE,Federal Contract Tower,0,7,10,5,22,0,0,16,13,29,0,7,26,18,51,26,66,92,143
12/12/2017,PKB,WV,AEA,CE,Federal Contract Tower,0,9,7,0,16,0,0,3,5,8,0,9,10,5,24,0,70,70,94
12/13/2017,PKB,WV,AEA,CE,Federal Contract Tower,0,13,3,3,19,0,4,16,17,37,0,17,19,20,56,16,0,16,72
12/14/2017,PKB,WV,AEA,CE,Federal Contract Tower,0,14,3,6,23,0,0,3,14,17,0,14,6,20,40,6,92,98,138
12/15/2017,PKB,WV,AEA,CE,Federal Contract Tower,0,13,6,5,24,0,1,17,31,49,0,14,23,36,73,0,96,96,169
12/16/2017,PKB,WV,AEA,CE,Federal Contract Tower,0,3,7,5,15,0,0,16,21,37,0,3,23,26,52,0,36,36,88
12/17/2017,PKB,WV,AEA,CE,Federal Contract Tower,0,2,2,10,14,0,0,7,7,14,0,2,9,17,28,0,2,2,30
12/18/2017,PKB,WV,AEA,CE,Federal Contract Tower,0,5,7,2,14,0,0,0,0,0,0,5,7,2,14,0,0,0,14
12/19/2017,PKB,WV,AEA,CE,Federal Contract Tower,0,9,12,3,24,0,0,7,6,13,0,9,19,9,37,0,0,0,37
12/20/2017,PKB,WV,AEA,CE,Federal Contract Tower,0,11,9,4,24,0,0,33,7,40,0,11,42,11,64,38,0,38,102
12/21/2017,PKB,WV,AEA,CE,Federal Contract Tower,0,10,16,0,26,0,2,39,10,51,0,12,55,10,77,110,50,160,237
12/22/2017,PKB,WV,AEA,CE,Federal Contract Tower,0,12,7,0,19,0,1,6,0,7,0,13,13,0,26,0,0,0,26
12/23/2017,PKB,WV,AEA,CE,Federal Contract Tower,0,7,3,0,10,0,0,0,0,0,0,7,3,0,10,0,0,0,10
12/24/2017,PKB,WV,AEA,CE,Federal Contract Tower,0,2,2,0,4,0,0,1,0,1,0,2,3,0,5,0,0,0,5
12/25/2017,PKB,WV,AEA,CE,Federal Contract Tower,0,4,1,0,5,0,0,0,0,0,0,4,1,0,5,0,0,0,5
12/26/2017,PKB,WV,AEA,CE,Federal Contract Tower,0,11,5,0,16,0,2,9,2,13,0,13,14,2,29,10,0,10,39
12/28/2017,PKB,WV,AEA,CE,Federal Contract Tower,0,9,13,0,22,0,0,20,3,23,0,9,33,3,45,0,20,20,65
12/29/2017,PKB,WV,AEA,CE,Federal Contract Tower,0,12,5,0,17,0,0,0,0,0,0,12,5,0,17,0,0,0,17
12/30/2017,PKB,WV,AEA,CE,Federal Contract Tower,0,3,0,0,3,0,0,1,0,1,0,3,1,0,4,2,0,2,6
12/31/2017,PKB,WV,AEA,CE,Federal Contract Tower,0,6,4,0,10,0,0,3,0,3,0,6,7,0,13,0,0,0,13
01/01/2018,PKB,WV,AEA,CE,Federal Contract Tower,0,2,5,0,7,0,0,0,0,0,0,2,5,0,7,0,0,0,7
01/02/2018,PKB,WV,AEA,CE,Federal Contract Tower,0,6,0,0,6,0,0,7,0,7,0,6,7,0,13,6,0,6,19
01/03/2018,PKB,WV,AEA,CE,Federal Contract Tower,0,13,2,3,18,0,0,23,8,31,0,13,25,11,49,28,44,72,121
01/04/2018,PKB,WV,AEA,CE,Federal Contract Tower,0,9,2,2,13,0,0,0,0,0,0,9,2,2,13,0,0,0,13
01/05/2018,PKB,WV,AEA,CE,Federal Contract Tower,0,7,3,3,13,0,2,3,22,27,0,9,6,25,40,0,148,148,188
01/06/2018,PKB,WV,AEA,CE,Federal Contract Tower,0,3,3,9,15,0,0,0,31,31,0,3,3,40,46,0,170,170,216
01/07/2018,PKB,WV,AEA,CE,Federal Contract Tower,0,3,8,3,14,0,0,3,9,12,0,3,11,12,26,22,6,28,54
01/08/2018,PKB,WV,AEA,CE,Federal Contract Tower,0,6,0,0,6,0,0,0,0,0,0,6,0,0,6,0,0,0,6
01/09/2018,PKB,WV,AEA,CE,Federal Contract Tower,0,9,2,3,14,0,2,7,9,18,0,11,9,12,32,0,20,20,52
01/11/2018,PKB,WV,AEA,CE,Federal Contract Tower,0,9,7,2,18,0,0,23,1,24,0,9,30,3,42,0,6,6,48
01/12/2018,PKB,WV,AEA,CE,Federal Contract Tower,0,7,4,10,21,0,0,10,1,11,0,7,14,11,32,0,2,2,34
01/13/2018,PKB,WV,AEA,CE,Federal Contract Tower,0,2,0,0,2,0,0,0,0,0,0,2,0,0,2,0,0,0,2
01/14/2018,PKB,WV,AEA,CE,Federal Contract Tower,0,2,5,0,7,0,0,7,0,7,0,2,12,0,14,0,0,0,14
01/15/2018,PKB,WV,AEA,CE,Federal Contract Tower,0,8,2,0,10,0,0,1,0,1,0,8,3,0,11,0,0,0,11
01/16/2018,PKB,WV,AEA,CE,Federal Contract Tower,0,11,0,0,11,0,0,0,0,0,0,11,0,0,11,0,0,0,11
01/17/2018,PKB,WV,AEA,CE,Federal Contract Tower,0,14,4,1,19,0,0,0,0,0,0,14,4,1,19,0,0,0,19
01/18/2018,PKB,WV,AEA,CE,Federal Contract Tower,0,14,5,7,26,0,0,25,15,40,0,14,30,22,66,16,94,110,176
01/19/2018,PKB,WV,AEA,CE,Federal Contract Tower,0,14,12,18,44,0,0,27,23,50,0,14,39,41,94,12,68,80,174
01/20/2018,PKB,WV,AEA,CE,Federal Contract Tower,0,7,10,3,20,0,0,18,3,21,0,7,28,6,41,4,8,12,53
01/21/2018,PKB,WV,AEA,CE,Federal Contract Tower,0,2,7,0,9,0,0,2,0,2,0,2,9,0,11,0,0,0,11
01/22/2018,PKB,WV,AEA,CE,Federal Contract Tower,0,8,3,0,11,0,0,4,0,4,0,8,7,0,15,6,0,6,21
01/23/2018,PKB,WV,AEA,CE,Federal Contract Tower,0,11,6,2,19,0,2,5,5,12,0,13,11,7,31,12,0,12,43
01/24/2018,PKB,WV,AEA,CE,Federal Contract Tower,0,13,4,4,21,0,0,5,6,11,0,13,9,10,32,0,16,16,48
01/25/2018,PKB,WV,AEA,CE,Federal Contract Tower,0,11,9,2,22,0,0,26,8,34,0,11,35,10,56,44,0,44,100
01/26/2018,PKB,WV,AEA,CE,Federal Contract Tower,0,9,16,5,30,0,2,48,12,62,0,11,64,17,92,34,24,58,150
01/27/2018,PKB,WV,AEA,CE,Federal Contract Tower,0,3,7,0,10,0,0,10,0,10,0,3,17,0,20,14,0,14,34
01/28/2018,PKB,WV,AEA,CE,Federal Contract Tower,0,2,5,0,7,0,0,17,0,17,0,2,22,0,24,14,0,14,38
01/29/2018,PKB,WV,AEA,CE,Federal Contract Tower,0,7,5,3,15,0,0,3,10,13,0,7,8,13,28,0,6,6,34
01/30/2018,PKB,WV,AEA,CE,Federal Contract Tower,0,10,9,4,23,0,0,22,8,30,0,10,31,12,53,34,30,64,117
01/31/2018,PKB,WV,AEA,CE,Federal Contract Tower,0,14,14,6,34,0,1,27,9,37,0,15,41,15,71,6,68,74,145
02/01/2018,PKB,WV,AEA,CE,Federal Contract Tower,0,12,0,8,20,0,0,7,7,14,0,12,7,15,34,0,28,28,62
02/02/2018,PKB,WV,AEA,CE,Federal Contract Tower,0,8,7,9,24,0,0,13,38,51,0,8,20,47,75,0,154,154,229
02/03/2018,PKB,WV,AEA,CE,Federal Contract Tower,0,3,2,6,11,0,0,23,12,35,0,3,25,18,46,6,36,42,88
02/04/2018,PKB,WV,AEA,CE,Federal Contract Tower,0,2,2,0,4,0,0,0,0,0,0,2,2,0,4,0,0,0,4
02/05/2018,PKB,WV,AEA,CE,Federal Contract Tower,0,6,6,5,17,0,0,7,7,14,0,6,13,12,31,2,24,26,57
02/06/2018,PKB,WV,AEA,CE,Federal Contract Tower,0,8,9,1,18,0,0,11,3,14,0,8,20,4,32,36,10,46,78
02/07/2018,PKB,WV,AEA,CE,Federal Contract Tower,0,11,2,0,13,0,0,0,0,0,0,11,2,0,13,0,0,0,13
02/08/2018,PKB,WV,AEA,CE,Federal Contract Tower,0,11,9,7,27,0,6,12,23,41,0,17,21,30,68,0,80,80,148
02/09/2018,PKB,WV,AEA,CE,Federal Contract Tower,0,10,7,1,18,0,2,29,17,48,0,12,36,18,66,14,12,26,92
02/10/2018,PKB,WV,AEA,CE,Federal Contract Tower,0,8,3,0,11,0,4,0,0,4,0,12,3,0,15,12,0,12,27
02/11/2018,PKB,WV,AEA,CE,Federal Contract Tower,0,4,3,0,7,0,0,0,0,0,0,4,3,0,7,0,0,0,7
02/12/2018,PKB,WV,AEA,CE,Federal Contract Tower,0,7,5,2,14,0,0,8,0,8,0,7,13,2,22,8,0,8,30
02/13/2018,PKB,WV,AEA,CE,Federal Contract Tower,0,11,10,6,27,0,7,22,4,33,0,18,32,10,60,10,2,12,72
02/14/2018,PKB,WV,AEA,CE,Federal Contract Tower,0,12,6,6,24,0,0,0,1,1,0,12,6,7,25,0,8,8,33
02/15/2018,PKB,WV,AEA,CE,Federal Contract Tower,0,11,5,6,22,0,0,0,0,0,0,11,5,6,22,0,2,2,24
02/16/2018,PKB,WV,AEA,CE,Federal Contract Tower,0,16,7,2,25,0,3,1,0,4,0,19,8,2,29,10,0,10,39
02/17/2018,PKB,WV,AEA,CE,Federal Contract Tower,0,3,10,0,13,0,0,10,1,11,0,3,20,1,24,6,0,6,30
02/18/2018,PKB,WV,AEA,CE,Federal Contract Tower,0,2,8,0,10,0,2,35,0,37,0,4,43,0,47,6,0,6,53
02/19/2018,PKB,WV,AEA,CE,Federal Contract Tower,0,9,1,0,10,0,0,3,0,3,0,9,4,0,13,14,0,14,27
02/20/2018,PKB,WV,AEA,CE,Federal Contract Tower,0,12,18,1,31,0,0,40,0,40,0,12,58,1,71,30,0,30,101
02/21/2018,PKB,WV,AEA,CE,Federal Contract Tower,0,13,5,5,23,0,0,15,7,22,0,13,20,12,45,0,16,16,61
02/22/2018,PKB,WV,AEA,CE,Federal Contract Tower,0,16,10,16,42,0,0,0,0,0,0,16,10,16,42,4,0,4,46
02/23/2018,PKB,WV,AEA,CE,Federal Contract Tower,0,14,2,9,25,0,0,7,21,28,0,14,9,30,53,0,98,98,151
02/24/2018,PKB,WV,AEA,CE,Federal Contract Tower,0,5,7,16,28,0,0,13,0,13,0,5,20,16,41,0,104,104,145
02/25/2018,PKB,WV,AEA,CE,Federal Contract Tower,0,2,4,0,6,0,0,6,9,15,0,2,10,9,21,0,42,42,63
02/26/2018,PKB,WV,AEA,CE,Federal Contract Tower,0,12,9,0,21,0,0,27,3,30,0,12,36,3,51,8,0,8,59
02/27/2018,PKB,WV,AEA,CE,Federal Contract Tower,0,11,15,0,26,0,2,42,6,50,0,13,57,6,76,54,12,66,142
02/28/2018,PKB,WV,AEA,CE,Federal Contract Tower,0,11,7,7,25,0,0,22,8,30,0,11,29,15,55,4,72,76,131
03/01/2018,PKB,WV,AEA,CE,Federal Contract Tower,0,9,15,0,24,0,0,0,8,8,0,9,15,8,32,0,22,22,54
03/02/2018,PKB,WV,AEA,CE,Federal Contract Tower,0,3,13,5,21,0,2,8,38,48,0,5,21,43,69,4,168,172,241
03/03/2018,PKB,WV,AEA,CE,Federal Contract Tower,0,6,15,1,22,0,0,28,30,58,0,6,43,31,80,26,104,130,210
03/04/2018,PKB,WV,AEA,CE,Federal Contract Tower,0,2,17,3,22,0,4,51,42,97,0,6,68,45,119,34,116,150,269
03/05/2018,PKB,WV,AEA,CE,Federal Contract Tower,0,9,10,1,20,0,0,29,8,37,0,9,39,9,57,26,10,36,93
03/06/2018,PKB,WV,AEA,CE,Federal Contract Tower,0,11,14,0,25,0,0,24,7,31,0,11,38,7,56,2,46,48,104
03/07/2018,PKB,WV,AEA,CE,Federal Contract Tower,0,9,5,0,14,0,0,13,3,16,0,9,18,3,30,0,12,12,42
03/08/2018,PKB,WV,AEA,CE,Federal Contract Tower,0,9,11,2,22,0,0,2,3,5,0,9,13,5,27,0,0,0,27
03/09/2018,PKB,WV,AEA,CE,Federal Contract Tower,0,12,13,1,26,0,0,9,8,17,0,12,22,9,43,8,32,40,83
03/10/2018,PKB,WV,AEA,CE,Federal Contract Tower,0,4,12,1,17,0,0,31,1,32,0,4,43,2,49,12,0,12,61
03/11/2018,PKB,WV,AEA,CE,Federal Contract Tower,0,2,15,0,17,0,0,19,0,19,0,2,34,0,36,16,0,16,52
03/12/2018,PKB,WV,AEA,CE,Federal Contract Tower,0,6,4,6,16,0,0,6,6,12,0,6,10,12,28,0,4,4,32
03/13/2018,PKB,WV,AEA,CE,Federal Contract Tower,0,13,2,2,17,0,0,9,5,14,0,13,11,7,31,0,0,0,31
03/14/2018,PKB,WV,AEA,CE,Federal Contract Tower,0,13,15,5,33,0,0,8,3,11,0,13,23,8,44,6,24,30,74
03/15/2018,PKB,WV,AEA,CE,Federal Contract Tower,0,10,5,3,18,0,1,7,19,27,0,11,12,22,45,2,60,62,107
03/16/2018,PKB,WV,AEA,CE,Federal Contract Tower,0,10,14,2,26,0,2,16,9,27,0,12,30,11,53,18,34,52,105
03/17/2018,PKB,WV,AEA,CE,Federal Contract Tower,0,4,4,1,9,0,0,3,9,12,0,4,7,10,21,0,56,56,77
03/18/2018,PKB,WV,AEA,CE,Federal Contract Tower,0,3,16,0,19,0,0,53,0,53,0,3,69,0,72,34,0,34,106
03/19/2018,PKB,WV,AEA,CE,Federal Contract Tower,0,7,5,1,13,0,0,26,2,28,0,7,31,3,41,2,24,26,67
03/20/2018,PKB,WV,AEA,CE,Federal Contract Tower,0,14,0,0,14,0,0,1,2,3,0,14,1,2,17,0,46,46,63
03/21/2018,PKB,WV,AEA,CE,Federal Contract Tower,0,13,1,0,14,0,0,0,0,0,0,13,1,0,14,0,0,0,14
03/22/2018,PKB,WV,AEA,CE,Federal Contract Tower,0,9,7,2,18,0,2,21,8,31,0,11,28,10,49,6,24,30,79
03/23/2018,PKB,WV,AEA,CE,Federal Contract Tower,0,11,23,1,35,0,0,35,8,43,0,11,58,9,78,12,30,42,120
03/24/2018,PKB,WV,AEA,CE,Federal Contract Tower,0,3,11,0,14,0,0,16,0,16,0,3,27,0,30,18,0,18,48
03/25/2018,PKB,WV,AEA,CE,Federal Contract Tower,0,2,7,0,9,0,0,15,2,17,0,2,22,2,26,2,8,10,36
03/26/2018,PKB,WV,AEA,CE,Federal Contract Tower,0,7,13,6,26,0,0,19,14,33,0,7,32,20,59,0,40,40,99
03/27/2018,PKB,WV,AEA,CE,Federal Contract Tower,0,11,3,10,24,0,0,14,8,22,0,11,17,18,46,32,24,56,102
03/28/2018,PKB,WV,AEA,CE,Federal Contract Tower,0,4,14,0,18,0,0,0,1,1,0,4,14,1,19,16,12,28,47
03/29/2018,PKB,WV,AEA,CE,Federal Contract Tower,0,9,10,3,22,0,0,5,5,10,0,9,15,8,32,2,54,56,88
03/30/2018,PKB,WV,AEA,CE,Federal Contract Tower,0,8,8,0,16,0,1,5,0,6,0,9,13,0,22,6,62,68,90
03/31/2018,PKB,WV,AEA,CE,Federal Contract Tower,0,5,12,0,17,0,0,21,0,21,0,5,33,0,38,0,0,0,38
04/01/2018,PKB,WV,AEA,CE,Federal Contract Tower,0,2,6,0,8,0,0,16,0,16,0,2,22,0,24,0,0,0,24
04/03/2018,PKB,WV,AEA,CE,Federal Contract Tower,0,8,9,2,19,0,0,1,0,1,0,8,10,2,20,8,0,8,28
04/04/2018,PKB,WV,AEA,CE,Federal Contract Tower,0,11,4,0,15,0,0,0,6,6,0,11,4,6,21,0,18,18,39
04/05/2018,PKB,WV,AEA,CE,Federal Contract Tower,0,8,16,3,27,0,0,39,7,46,0,8,55,10,73,22,0,22,95
04/06/2018,PKB,WV,AEA,CE,Federal Contract Tower,0,9,13,2,24,0,0,16,0,16,0,9,29,2,40,18,0,18,58
04/07/2018,PKB,WV,AEA,CE,Federal Contract Tower,0,7,14,0,21,0,0,28,0,28,0,7,42,0,49,10,0,10,59
04/08/2018,PKB,WV,AEA,CE,Federal Contract Tower,0,2,19,2,23,0,0,39,6,45,0,2,58,8,68,20,28,48,116
04/09/2018,PKB,WV,AEA,CE,Federal Contract Tower,0,7,2,0,9,0,0,0,8,8,0,7,2,8,17,0,48,48,65
04/10/2018,PKB,WV,AEA,CE,Federal Contract Tower,0,11,5,0,16,0,0,17,15,32,0,11,22,15,48,4,16,20,68
04/11/2018,PKB,WV,AEA,CE,Federal Contract Tower,0,9,16,4,29,0,0,25,19,44,0,9,41,23,73,18,6,24,97
04/12/2018,PKB,WV,AEA,CE,Federal Contract Tower,0,7,18,0,25,0,2,4,3,9,0,9,22,3,34,16,8,24,58
04/13/2018,PKB,WV,AEA,CE,Federal Contract Tower,0,10,11,1,22,0,1,24,2,27,0,11,35,3,49,8,0,8,57
04/14/2018,PKB,WV,AEA,CE,Federal Contract Tower,0,5,7,1,13,0,0,24,9,33,0,5,31,10,46,36,6,42,88
04/15/2018,PKB,WV,AEA,CE,Federal Contract Tower,0,2,5,0,7,0,0,5,0,5,0,2,10,0,12,40,0,40,52
04/16/2018,PKB,WV,AEA,CE,Federal Contract Tower,0,5,3,0,8,0,0,0,8,8,0,5,3,8,16,0,88,88,104
04/17/2018,PKB,WV,AEA,CE,Federal Contract Tower,0,6,10,3,19,0,0,19,9,28,0,6,29,12,47,0,50,50,97
04/18/2018,PKB,WV,AEA,CE,Federal Contract Tower,0,12,21,2,35,0,3,33,13,49,0,15,54,15,84,24,124,148,232
04/19/2018,PKB,WV,AEA,CE,Federal Contract Tower,0,7,5,5,17,0,0,0,12,12,0,7,5,17,29,0,68,68,97
04/20/2018,PKB,WV,AEA,CE,Federal Contract Tower,0,9,13,7,29,0,0,44,11,55,0,9,57,18,84,24,40,64,148
04/21/2018,PKB,WV,AEA,CE,Federal Contract Tower,0,5,10,1,16,0,0,22,9,31,0,5,32,10,47,4,38,42,89
04/22/2018,PKB,WV,AEA,CE,Federal Contract Tower,0,6,18,6,30,0,2,27,6,35,0,8,45,12,65,0,46,46,111
04/23/2018,PKB,WV,AEA,CE,Federal Contract Tower,0,8,10,1,19,0,0,17,7,24,0,8,27,8,43,10,16,26,69
04/24/2018,PKB,WV,AEA,CE,Federal Contract Tower,0,10,4,2,16,0,0,5,7,12,0,10,9,9,28,0,42,42,70
04/25/2018,PKB,WV,AEA,CE,Federal Contract Tower,0,10,15,9,34,0,0,12,8,20,0,10,27,17,54,19,18,37,91
04/26/2018,PKB,WV,AEA,CE,Federal Contract Tower,0,7,15,1,23,0,0,39,14,53,0,7,54,15,76,28,34,62,138
04/27/2018,PKB,WV,AEA,CE,Federal Contract Tower,0,13,12,0,25,0,0,33,0,33,0,13,45,0,58,10,0,10,68
04/28/2018,PKB,WV,AEA,CE,Federal Contract Tower,0,5,10,0,15,0,0,11,0,11,0,5,21,0,26,14,0,14,40
04/29/2018,PKB,WV,AEA,CE,Federal Contract Tower,0,3,14,3,20,0,0,27,3,30,0,3,41,6,50,0,4,4,54
04/30/2018,PKB,WV,AEA,CE,Federal Contract Tower,0,6,7,1,14,0,0,18,1,19,0,6,25,2,33,26,0,26,59
05/01/2018,PKB,WV,AEA,CE,Federal Contract Tower,0,9,12,3,24,0,0,50,6,56,0,9,62,9,80,44,6,50,130
05/02/2018,PKB,WV,AEA,CE,Federal Contract Tower,0,9,8,0,17,0,0,21,7,28,0,9,29,7,45,0,12,12,57
05/03/2018,PKB,WV,AEA,CE,Federal Contract Tower,0,6,11,5,22,0,0,30,8,38,0,6,41,13,60,46,50,96,156
05/04/2018,PKB,WV,AEA,CE,Federal Contract Tower,0,8,1,3,12,0,2,16,12,30,0,10,17,15,42,28,98,126,168
05/05/2018,PKB,WV,AEA,CE,Federal Contract Tower,0,5,14,2,21,0,0,7,11,18,0,5,21,13,39,12,78,90,129
05/06/2018,PKB,WV,AEA,CE,Federal Contract Tower,0,6,17,1,24,0,0,2,0,2,0,6,19,1,26,0,18,18,44
05/07/2018,PKB,WV,AEA,CE,Federal Contract Tower,0,7,17,3,27,0,4,17,5,26,0,11,34,8,53,4,4,8,61
05/08/2018,PKB,WV,AEA,CE,Federal Contract Tower,0,12,9,0,21,0,0,27,7,34,0,12,36,7,55,0,34,34,89
05/09/2018,PKB,WV,AEA,CE,Federal Contract Tower,0,12,12,3,27,0,0,52,8,60,0,12,64,11,87,44,6,50,137
05/10/2018,PKB,WV,AEA,CE,Federal Contract Tower,0,7,8,1,16,0,0,23,5,28,0,7,31,6,44,14,26,40,84
05/11/2018,PKB,WV,AEA,CE,Federal Contract Tower,0,10,22,7,39,0,0,20,3,23,0,10,42,10,62,16,0,16,78
05/12/2018,PKB,WV,AEA,CE,Federal Contract Tower,0,5,12,0,17,0,0,14,2,16,0,5,26,2,33,2,0,2,35
05/13/2018,PKB,WV,AEA,CE,Federal Contract Tower,0,2,5,0,7,0,0,3,0,3,0,2,8,0,10,8,0,8,18
05/14/2018,PKB,WV,AEA,CE,Federal Contract Tower,0,7,14,3,24,0,3,15,3,21,0,10,29,6,45,20,0,20,65
05/15/2018,PKB,WV,AEA,CE,Federal Contract Tower,0,12,12,3,27,0,0,15,7,22,0,12,27,10,49,12,10,22,71
05/16/2018,PKB,WV,AEA,CE,Federal Contract Tower,0,12,8,2,22,0,0,17,3,20,0,12,25,5,42,10,20,30,72
05/17/2018,PKB,WV,AEA,CE,Federal Contract Tower,0,13,8,2,23,0,0,27,2,29,0,13,35,4,52,16,12,28,80
05/18/2018,PKB,WV,AEA,CE,Federal Contract Tower,0,13,13,0,26,0,0,27,7,34,0,13,40,7,60,18,58,76,136
05/19/2018,PKB,WV,AEA,CE,Federal Contract Tower,0,5,7,1,13,0,0,34,5,39,0,5,41,6,52,0,36,36,88
05/20/2018,PKB,WV,AEA,CE,Federal Contract Tower,0,4,16,3,23,0,0,48,2,50,0,4,64,5,73,0,12,12,85
05/21/2018,PKB,WV,AEA,CE,Federal Contract Tower,0,8,11,1,20,0,0,14,8,22,0,8,25,9,42,36,64,100,142
05/22/2018,PKB,WV,AEA,CE,Federal Contract Tower,0,18,9,0,27,0,0,11,3,14,0,18,20,3,41,12,6,18,59
05/23/2018,PKB,WV,AEA,CE,Federal Contract Tower,0,14,20,1,35,0,0,17,12,29,0,14,37,13,64,6,206,212,276
05/24/2018,PKB,WV,AEA,CE,Federal Contract Tower,0,7,9,2,18,0,0,50,10,60,0,7,59,12,78,34,4,38,116
05/25/2018,PKB,WV,AEA,CE,Federal Contract Tower,0,3,22,2,27,0,49,0,0,49,0,52,22,2,76,32,0,32,108
05/26/2018,PKB,WV,AEA,CE,Federal Contract Tower,0,5,8,1,14,0,0,12,5,17,0,5,20,6,31,0,24,24,55
05/27/2018,PKB,WV,AEA,CE,Federal Contract Tower,0,6,8,0,14,0,0,10,2,12,0,6,18,2,26,32,0,32,58
05/28/2018,PKB,WV,AEA,CE,Federal Contract Tower,0,4,11,2,17,0,0,14,2,16,0,4,25,4,33,24,0,24,57
05/29/2018,PKB,WV,AEA,CE,Federal Contract Tower,0,8,13,0,21,0,0,43,12,55,0,8,56,12,76,28,72,100,176
05/30/2018,PKB,WV,AEA,CE,Federal Contract Tower,0,15,10,6,31,0,0,22,6,28,0,15,32,12,59,16,46,62,121
05/31/2018,PKB,WV,AEA,CE,Federal Contract Tower,0,10,9,5,24,0,0,21,11,32,0,10,30,16,56,8,50,58,114
06/01/2018,PKB,WV,AEA,CE,Federal Contract Tower,0,14,6,5,25,0,0,15,5,20,0,14,21,10,45,2,14,16,61
06/02/2018,PKB,WV,AEA,CE,Federal Contract Tower,0,5,7,6,18,0,0,7,9,16,0,5,14,15,34,0,50,50,84
06/03/2018,PKB,WV,AEA,CE,Federal Contract Tower,0,3,11,4,18,0,0,19,14,33,0,3,30,18,51,2,42,44,95
06/04/2018,PKB,WV,AEA,CE,Federal Contract Tower,0,7,9,4,20,0,2,19,10,31,0,9,28,14,51,18,50,68,119
06/06/2018,PKB,WV,AEA,CE,Federal Contract Tower,0,12,20,6,38,0,1,45,6,52,0,13,65,12,90,58,22,80,170
06/07/2018,PKB,WV,AEA,CE,Federal Contract Tower,0,16,11,7,34,0,0,37,11,48,0,16,48,18,82,26,20,46,128
06/08/2018,PKB,WV,AEA,CE,Federal Contract Tower,0,10,24,2,36,0,0,29,20,49,0,10,53,22,85,26,22,48,133
06/09/2018,PKB,WV,AEA,CE,Federal Contract Tower,0,5,16,0,21,0,0,28,6,34,0,5,44,6,55,12,0,12,67
06/10/2018,PKB,WV,AEA,CE,Federal Contract Tower,0,2,3,0,5,0,0,12,4,16,0,2,15,4,21,26,24,50,71
06/11/2018,PKB,WV,AEA,CE,Federal Contract Tower,0,7,4,6,17,0,2,0,0,2,0,9,4,6,19,0,0,0,19
06/12/2018,PKB,WV,AEA,CE,Federal Contract Tower,0,14,9,2,25,0,0,35,6,41,0,14,44,8,66,14,10,24,90
06/13/2018,PKB,WV,AEA,CE,Federal Contract Tower,0,13,7,1,21,0,0,15,12,27,0,13,22,13,48,0,4,4,52
06/14/2018,PKB,WV,AEA,CE,Federal Contract Tower,0,9,9,0,18,0,0,42,10,52,0,9,51,10,70,56,0,56,126
06/15/2018,PKB,WV,AEA,CE,Federal Contract Tower,0,10,13,2,25,0,0,32,4,36,0,10,45,6,61,48,0,48,109
06/16/2018,PKB,WV,AEA,CE,Federal Contract Tower,0,5,12,0,17,0,0,52,3,55,0,5,64,3,72,34,0,34,106
06/17/2018,PKB,WV,AEA,CE,Federal Contract Tower,0,4,16,0,20,0,0,23,0,23,0,4,39,0,43,26,0,26,69
06/18/2018,PKB,WV,AEA,CE,Federal Contract Tower,0,7,7,1,15,0,0,38,0,38,0,7,45,1,53,28,0,28,81
06/19/2018,PKB,WV,AEA,CE,Federal Contract Tower,0,10,11,0,21,0,2,27,0,29,0,12,38,0,50,12,0,12,62
06/20/2018,PKB,WV,AEA,CE,Federal Contract Tower,0,10,13,4,27,0,0,12,2,14,0,10,25,6,41,2,2,4,45
06/21/2018,PKB,WV,AEA,CE,Federal Contract Tower,0,8,15,14,37,0,0,1,0,1,0,8,16,14,38,0,0,0,38
06/22/2018,PKB,WV,AEA,CE,Federal Contract Tower,0,12,4,5,21,0,0,7,0,7,0,12,11,5,28,8,2,10,38
06/23/2018,PKB,WV,AEA,CE,Federal Contract Tower,0,5,28,2,35,0,0,16,0,16,0,5,44,2,51,14,0,14,65
06/24/2018,PKB,WV,AEA,CE,Federal Contract Tower,0,2,11,0,13,0,0,23,2,25,0,2,34,2,38,20,0,20,58
06/25/2018,PKB,WV,AEA,CE,Federal Contract Tower,0,9,10,7,26,0,0,20,2,22,0,9,30,9,48,24,0,24,72
06/26/2018,PKB,WV,AEA,CE,Federal Contract Tower,0,14,8,6,28,0,0,18,2,20,0,14,26,8,48,10,8,18,66
06/28/2018,PKB,WV,AEA,CE,Federal Contract Tower,0,7,17,7,31,0,0,34,1,35,0,7,51,8,66,42,20,62,128
06/29/2018,PKB,WV,AEA,CE,Federal Contract Tower,0,9,20,2,31,0,0,53,4,57,0,9,73,6,88,10,16,26,114
06/30/2018,PKB,WV,AEA,CE,Federal Contract Tower,0,8,11,0,19,0,0,53,1,54,0,8,64,1,73,32,0,32,105
07/01/2018,PKB,WV,AEA,CE,Federal Contract Tower,0,7,10,0,17,0,2,22,0,24,0,9,32,0,41,10,0,10,51
07/02/2018,PKB,WV,AEA,CE,Federal Contract Tower,0,7,2,1,10,0,1,22,1,24,0,8,24,2,34,24,0,24,58
07/03/2018,PKB,WV,AEA,CE,Federal Contract Tower,0,13,9,1,23,0,0,41,0,41,0,13,50,1,64,20,0,20,84
07/04/2018,PKB,WV,AEA,CE,Federal Contract Tower,0,4,5,0,9,0,2,40,0,42,0,6,45,0,51,0,0,0,51
07/05/2018,PKB,WV,AEA,CE,Federal Contract Tower,0,6,11,0,17,0,0,27,0,27,0,6,38,0,44,4,0,4,48
07/06/2018,PKB,WV,AEA,CE,Federal Contract Tower,0,9,17,0,26,0,0,17,0,17,0,9,34,0,43,8,0,8,51
07/07/2018,PKB,WV,AEA,CE,Federal Contract Tower,0,5,13,0,18,0,0,43,0,43,0,5,56,0,61,12,0,12,73
07/08/2018,PKB,WV,AEA,CE,Federal Contract Tower,0,9,14,0,23,0,0,34,2,36,0,9,48,2,59,10,10,20,79
07/09/2018,PKB,WV,AEA,CE,Federal Contract Tower,0,8,13,0,21,0,1,24,3,28,0,9,37,3,49,26,0,26,75
07/10/2018,PKB,WV,AEA,CE,Federal Contract Tower,0,12,16,2,30,0,0,49,10,59,0,12,65,12,89,18,10,28,117
07/11/2018,PKB,WV,AEA,CE,Federal Contract Tower,0,10,6,6,22,0,2,63,7,72,0,12,69,13,94,30,6,36,130
07/12/2018,PKB,WV,AEA,CE,Federal Contract Tower,0,8,14,0,22,0,0,70,6,76,0,8,84,6,98,40,10,50,148
07/13/2018,PKB,WV,AEA,CE,Federal Contract Tower,0,9,14,10,33,0,0,42,12,54,0,9,56,22,87,58,88,146,233
07/14/2018,PKB,WV,AEA,CE,Federal Contract Tower,0,8,12,3,23,0,0,35,4,39,0,8,47,7,62,6,10,16,78
07/15/2018,PKB,WV,AEA,CE,Federal Contract Tower,0,2,19,3,24,0,0,11,16,27,0,2,30,19,51,6,56,62,113
07/16/2018,PKB,WV,AEA,CE,Federal Contract Tower,0,7,6,1,14,0,0,7,1,8,0,7,13,2,22,8,0,8,30
07/17/2018,PKB,WV,AEA,CE,Federal Contract Tower,0,14,17,8,39,0,0,42,1,43,0,14,59,9,82,34,14,48,130
07/18/2018,PKB,WV,AEA,CE,Federal Contract Tower,0,10,5,11,26,0,0,60,13,73,0,10,65,24,99,26,24,50,149
07/19/2018,PKB,WV,AEA,CE,Federal Contract Tower,0,11,9,9,29,0,0,69,15,84,0,11,78,24,113,78,2,80,193
07/20/2018,PKB,WV,AEA,CE,Federal Contract Tower,0,11,11,3,25,0,0,28,0,28,0,11,39,3,53,20,2,22,75
07/21/2018,PKB,WV,AEA,CE,Federal Contract Tower,0,5,10,1,16,0,0,24,7,31,0,5,34,8,47,52,14,66,113
07/22/2018,PKB,WV,AEA,CE,Federal Contract Tower,0,3,25,2,30,0,0,0,0,0,0,3,25,2,30,0,0,0,30
07/23/2018,PKB,WV,AEA,CE,Federal Contract Tower,0,7,15,1,23,0,0,19,2,21,0,7,34,3,44,6,0,6,50
07/24/2018,PKB,WV,AEA,CE,Federal Contract Tower,0,10,17,0,27,0,0,29,5,34,0,10,46,5,61,66,0,66,127
07/25/2018,PKB,WV,AEA,CE,Federal Contract Tower,0,10,9,2,21,0,0,32,6,38,0,10,41,8,59,46,2,48,107
07/26/2018,PKB,WV,AEA,CE,Federal Contract Tower,0,9,11,5,25,0,0,82,18,100,0,9,93,23,125,90,52,142,267
07/27/2018,PKB,WV,AEA,CE,Federal Contract Tower,0,16,18,3,37,0,0,32,8,40,0,16,50,11,77,56,14,70,147
07/28/2018,PKB,WV,AEA,CE,Federal Contract Tower,0,7,13,4,24,0,0,46,14,60,0,7,59,18,84,28,18,46,130
07/29/2018,PKB,WV,AEA,CE,Federal Contract Tower,0,2,9,1,12,0,2,27,7,36,0,4,36,8,48,20,6,26,74
07/30/2018,PKB,WV,AEA,CE,Federal Contract Tower,0,8,7,6,21,0,0,6,0,6,0,8,13,6,27,70,0,70,97
07/31/2018,PKB,WV,AEA,CE,Federal Contract Tower,0,3,14,5,22,0,0,13,3,16,0,3,27,8,38,18,0,18,56
08/01/2018,PKB,WV,AEA,CE,Federal Contract Tower,0,7,10,8,25,0,0,17,2,19,0,7,27,10,44,80,0,80,124
08/02/2018,PKB,WV,AEA,CE,Federal Contract Tower,0,8,11,6,25,0,0,23,1,24,0,8,34,7,49,52,0,52,101
08/03/2018,PKB,WV,AEA,CE,Federal Contract Tower,0,10,6,4,20,0,1,7,8,16,0,11,13,12,36,0,104,104,140
08/04/2018,PKB,WV,AEA,CE,Federal Contract Tower,0,4,12,1,17,0,2,36,5,43,0,6,48,6,60,16,0,16,76
08/05/2018,PKB,WV,AEA,CE,Federal Contract Tower,0,4,16,4,24,0,0,25,8,33,0,4,41,12,57,28,40,68,125
08/06/2018,PKB,WV,AEA,CE,Federal Contract Tower,0,8,5,4,17,0,2,20,7,29,0,10,25,11,46,4,0,4,50
08/07/2018,PKB,WV,AEA,CE,Federal Contract Tower,0,9,5,2,16,0,0,33,7,40,0,9,38,9,56,70,10,80,136
08/08/2018,PKB,WV,AEA,CE,Federal Contract Tower,0,11,7,5,23,0,2,31,9,42,0,13,38,14,65,80,10,90,155
08/09/2018,PKB,WV,AEA,CE,Federal Contract Tower,0,9,16,4,29,0,0,66,19,85,0,9,82,23,114,44,30,74,188
08/10/2018,PKB,WV,AEA,CE,Federal Contract Tower,0,12,11,0,23,0,0,37,6,43,0,12,48,6,66,2,0,2,68
08/11/2018,PKB,WV,AEA,CE,Federal Contract Tower,0,16,8,0,24,0,1,25,0,26,0,17,33,0,50,62,0,62,112
08/12/2018,PKB,WV,AEA,CE,Federal Contract Tower,0,2,8,0,10,0,2,27,0,29,0,4,35,0,39,30,0,30,69
08/13/2018,PKB,WV,AEA,CE,Federal Contract Tower,0,7,6,2,15,0,0,33,6,39,0,7,39,8,54,24,14,38,92
08/14/2018,PKB,WV,AEA,CE,Federal Contract Tower,0,9,14,3,26,0,0,51,3,54,0,9,65,6,80,96,0,96,176
08/15/2018,PKB,WV,AEA,CE,Federal Contract Tower,0,7,12,2,21,0,2,36,4,42,0,9,48,6,63,38,4,42,105
08/16/2018,PKB,WV,AEA,CE,Federal Contract Tower,0,9,16,1,26,0,0,29,11,40,0,9,45,12,66,44,80,124,190
08/17/2018,PKB,WV,AEA,CE,Federal Contract Tower,0,11,17,0,28,0,0,24,9,33,0,11,41,9,61,42,94,136,197
08/18/2018,PKB,WV,AEA,CE,Federal Contract Tower,0,4,13,2,19,0,0,16,5,21,0,4,29,7,40,4,46,50,90
08/19/2018,PKB,WV,AEA,CE,Federal Contract Tower,0,4,10,0,14,0,0,16,0,16,0,4,26,0,30,26,0,26,56
08/20/2018,PKB,WV,AEA,CE,Federal Contract Tower,0,7,14,3,24,0,2,17,7,26,0,9,31,10,50,34,0,34,84
08/21/2018,PKB,WV,AEA,CE,Federal Contract Tower,0,10,6,1,17,0,0,7,2,9,0,10,13,3,26,36,26,62,88
08/22/2018,PKB,WV,AEA,CE,Federal Contract Tower,0,10,14,0,24,0,0,34,4,38,0,10,48,4,62,12,0,12,74
08/23/2018,PKB,WV,AEA,CE,Federal Contract Tower,0,10,12,6,28,0,0,29,1,30,0,10,41,7,58,80,0,80,138
08/24/2018,PKB,WV,AEA,CE,Federal Contract Tower,0,7,23,0,30,0,0,41,1,42,0,7,64,1,72,44,0,44,116
08/25/2018,PKB,WV,AEA,CE,Federal Contract Tower,0,5,9,0,14,0,0,37,2,39,0,5,46,2,53,24,0,24,77
08/26/2018,PKB,WV,AEA,CE,Federal Contract Tower,0,2,8,0,10,0,0,16,0,16,0,2,24,0,26,8,0,8,34
08/27/2018,PKB,WV,AEA,CE,Federal Contract Tower,0,8,5,0,13,0,0,16,5,21,0,8,21,5,34,16,0,16,50
08/28/2018,PKB,WV,AEA,CE,Federal Contract Tower,0,10,11,4,25,0,0,61,6,67,0,10,72,10,92,66,20,86,178
08/29/2018,PKB,WV,AEA,CE,Federal Contract Tower,0,10,8,4,22,0,0,48,2,50,0,10,56,6,72,16,0,16,88
08/30/2018,PKB,WV,AEA,CE,Federal Contract Tower,0,10,12,5,27,0,0,17,4,21,0,10,29,9,48,40,4,44,92
08/31/2018,PKB,WV,AEA,CE,Federal Contract Tower,0,6,23,2,31,0,0,12,2,14,0,6,35,4,45,38,0,38,83
09/01/2018,PKB,WV,AEA,CE,Federal Contract Tower,0,6,9,0,15,0,2,17,0,19,0,8,26,0,34,0,0,0,34
09/02/2018,PKB,WV,AEA,CE,Federal Contract Tower,0,3,5,0,8,0,2,37,0,39,0,5,42,0,47,18,0,18,65
09/03/2018,PKB,WV,AEA,CE,Federal Contract Tower,0,4,16,0,20,0,0,25,0,25,0,4,41,0,45,14,0,14,59
09/04/2018,PKB,WV,AEA,CE,Federal Contract Tower,0,6,9,5,20,0,2,30,12,44,0,8,39,17,64,12,8,20,84
09/05/2018,PKB,WV,AEA,CE,Federal Contract Tower,0,9,10,1,20,0,0,60,6,66,0,9,70,7,86,44,8,52,138
09/06/2018,PKB,WV,AEA,CE,Federal Contract Tower,0,10,10,4,24,0,0,34,11,45,0,10,44,15,69,0,8,8,77
09/07/2018,PKB,WV,AEA,CE,Federal Contract Tower,0,12,9,4,25,0,0,12,20,32,0,12,21,24,57,8,64,72,129
09/08/2018,PKB,WV,AEA,CE,Federal Contract Tower,0,7,6,3,16,0,0,7,6,13,0,7,13,9,29,0,42,42,71
09/09/2018,PKB,WV,AEA,CE,Federal Contract Tower,0,3,7,0,10,0,0,0,0,0,0,3,7,0,10,0,0,0,10
09/10/2018,PKB,WV,AEA,CE,Federal Contract Tower,0,6,12,0,18,0,0,4,2,6,0,6,16,2,24,0,0,0,24
09/11/2018,PKB,WV,AEA,CE,Federal Contract Tower,0,9,17,0,26,0,0,29,4,33,0,9,46,4,59,70,14,84,143
09/12/2018,PKB,WV,AEA,CE,Federal Contract Tower,0,10,20,6,36,0,0,44,6,50,0,10,64,12,86,8,6,14,100
09/13/2018,PKB,WV,AEA,CE,Federal Contract Tower,0,3,9,4,16,0,4,11,6,21,0,7,20,10,37,0,0,0,37
09/14/2018,PKB,WV,AEA,CE,Federal Contract Tower,0,5,12,1,18,0,0,28,9,37,0,5,40,10,55,8,18,26,81
09/15/2018,PKB,WV,AEA,CE,Federal Contract Tower,0,1,10,4,15,0,0,43,3,46,0,1,53,7,61,12,2,14,75
09/16/2018,PKB,WV,AEA,CE,Federal Contract Tower,0,0,2,0,2,0,0,8,0,8,0,0,10,0,10,0,0,0,10
09/17/2018,PKB,WV,AEA,CE,Federal Contract Tower,0,3,5,0,8,0,0,0,0,0,0,3,5,0,8,0,0,0,8
09/18/2018,PKB,WV,AEA,CE,Federal Contract Tower,0,10,10,1,21,0,0,0,0,0,0,10,10,1,21,44,68,112,133
09/19/2018,PKB,WV,AEA,CE,Federal Contract Tower,0,8,4,8,20,0,0,36,9,45,0,8,40,17,65,30,28,58,123
09/20/2018,PKB,WV,AEA,CE,Federal Contract Tower,0,5,13,2,20,0,0,38,5,43,0,5,51,7,63,50,0,50,113
09/21/2018,PKB,WV,AEA,CE,Federal Contract Tower,0,11,4,0,15,0,0,22,1,23,0,11,26,1,38,36,4,40,78
09/22/2018,PKB,WV,AEA,CE,Federal Contract Tower,0,4,11,2,17,0,0,32,3,35,0,4,43,5,52,28,2,30,82
09/23/2018,PKB,WV,AEA,CE,Federal Contract Tower,0,1,14,0,15,0,0,4,0,4,0,1,18,0,19,8,0,8,27
09/24/2018,PKB,WV,AEA,CE,Federal Contract Tower,0,6,8,11,25,0,0,0,0,0,0,6,8,11,25,0,86,86,111
09/25/2018,PKB,WV,AEA,CE,Federal Contract Tower,0,11,14,1,26,0,0,25,7,32,0,11,39,8,58,20,18,38,96
09/26/2018,PKB,WV,AEA,CE,Federal Contract Tower,0,10,16,2,28,0,0,12,2,14,0,10,28,4,42,26,0,26,68
09/27/2018,PKB,WV,AEA,CE,Federal Contract Tower,0,5,20,8,33,0,0,13,2,15,0,5,33,10,48,6,20,26,74
09/28/2018,PKB,WV,AEA,CE,Federal Contract Tower,0,10,12,6,28,0,0,18,4,22,0,10,30,10,50,48,14,62,112
09/29/2018,PKB,WV,AEA,CE,Federal Contract Tower,0,5,15,0,20,0,0,34,1,35,0,5,49,1,55,6,0,6,61
09/30/2018,PKB,WV,AEA,CE,Federal Contract Tower,0,2,26,0,28,0,1,45,1,47,0,3,71,1,75,20,0,20,95
10/01/2018,PKB,WV,AEA,CE,Federal Contract Tower,0,6,27,2,35,0,0,37,0,37,0,6,64,2,72,32,0,32,104
10/02/2018,PKB,WV,AEA,CE,Federal Contract Tower,0,7,14,0,21,0,0,38,6,44,0,7,52,6,65,14,8,22,87
10/03/2018,PKB,WV,AEA,CE,Federal Contract Tower,0,6,10,0,16,0,2,32,0,34,0,8,42,0,50,16,0,16,66
10/04/2018,PKB,WV,AEA,CE,Federal Contract Tower,0,7,13,0,20,0,0,12,0,12,0,7,25,0,32,0,0,0,32
10/05/2018,PKB,WV,AEA,CE,Federal Contract Tower,0,13,15,0,28,0,0,7,0,7,0,13,22,0,35,2,0,2,37
10/06/2018,PKB,WV,AEA,CE,Federal Contract Tower,0,5,8,0,13,0,0,36,0,36,0,5,44,0,49,34,0,34,83
10/07/2018,PKB,WV,AEA,CE,Federal Contract Tower,0,4,18,0,22,0,2,26,0,28,0,6,44,0,50,10,0,10,60
10/08/2018,PKB,WV,AEA,CE,Federal Contract Tower,0,6,4,0,10,0,0,25,0,25,0,6,29,0,35,48,0,48,83
10/09/2018,PKB,WV,AEA,CE,Federal Contract Tower,0,8,13,2,23,0,0,26,9,35,0,8,39,11,58,42,44,86,144
10/10/2018,PKB,WV,AEA,CE,Federal Contract Tower,0,13,9,1,23,0,0,17,7,24,0,13,26,8,47,0,20,20,67
10/11/2018,PKB,WV,AEA,CE,Federal Contract Tower,0,7,9,4,20,0,0,21,0,21,0,7,30,4,41,24,0,24,65
10/12/2018,PKB,WV,AEA,CE,Federal Contract Tower,0,8,16,1,25,0,0,36,0,36,0,8,52,1,61,50,0,50,111
10/13/2018,PKB,WV,AEA,CE,Federal Contract Tower,0,4,15,0,19,0,0,19,0,19,0,4,34,0,38,8,0,8,46
10/14/2018,PKB,WV,AEA,CE,Federal Contract Tower,0,5,25,0,30,0,0,3,2,5,0,5,28,2,35,24,0,24,59
10/15/2018,PKB,WV,AEA,CE,Federal Contract Tower,0,7,1,0,8,0,0,2,0,2,0,7,3,0,10,8,0,8,18
10/16/2018,PKB,WV,AEA,CE,Federal Contract Tower,0,9,16,1,26,0,0,29,9,38,0,9,45,10,64,14,36,50,114
10/17/2018,PKB,WV,AEA,CE,Federal Contract Tower,0,6,17,0,23,0,1,30,10,41,0,7,47,10,64,58,30,88,152
10/18/2018,PKB,WV,AEA,CE,Federal Contract Tower,0,9,10,0,19,0,0,38,19,57,0,9,48,19,76,30,118,148,224
10/19/2018,PKB,WV,AEA,CE,Federal Contract Tower,0,8,23,2,33,0,0,34,8,42,0,8,57,10,75,54,84,138,213
10/20/2018,PKB,WV,AEA,CE,Federal Contract Tower,0,4,11,4,19,0,0,2,5,7,0,4,13,9,26,6,0,6,32
10/21/2018,PKB,WV,AEA,CE,Federal Contract Tower,0,0,13,3,16,0,0,33,4,37,0,0,46,7,53,22,14,36,89
10/22/2018,PKB,WV,AEA,CE,Federal Contract Tower,0,4,24,3,31,0,6,26,4,36,0,10,50,7,67,6,46,52,119
10/23/2018,PKB,WV,AEA,CE,Federal Contract Tower,0,9,13,5,27,0,0,48,9,57,0,9,61,14,84,38,56,94,178
10/25/2018,PKB,WV,AEA,CE,Federal Contract Tower,0,5,5,8,18,0,0,33,19,52,0,5,38,27,70,26,60,86,156
10/26/2018,PKB,WV,AEA,CE,Federal Contract Tower,0,6,13,5,24,0,0,8,5,13,0,6,21,10,37,4,18,22,59
10/27/2018,PKB,WV,AEA,CE,Federal Contract Tower,0,2,17,0,19,0,0,0,0,0,0,2,17,0,19,6,0,6,25
10/28/2018,PKB,WV,AEA,CE,Federal Contract Tower,0,0,13,0,13,0,0,5,0,5,0,0,18,0,18,0,0,0,18
10/29/2018,PKB,WV,AEA,CE,Federal Contract Tower,0,6,7,8,21,0,0,6,7,13,0,6,13,15,34,14,84,98,132
10/30/2018,PKB,WV,AEA,CE,Federal Contract Tower,0,9,16,6,31,0,0,35,11,46,0,9,51,17,77,20,80,100,177
10/31/2018,PKB,WV,AEA,CE,Federal Contract Tower,0,10,11,4,25,0,0,9,4,13,0,10,20,8,38,2,36,38,76
11/01/2018,PKB,WV,AEA,CE,Federal Contract Tower,0,11,5,9,25,0,0,20,12,32,0,11,25,21,57,14,64,78,135
11/02/2018,PKB,WV,AEA,CE,Federal Contract Tower,0,8,5,11,24,0,0,20,11,31,0,8,25,22,55,24,78,102,157
11/03/2018,PKB,WV,AEA,CE,Federal Contract Tower,0,2,19,4,25,0,0,25,19,44,0,2,44,23,69,36,40,76,145
11/04/2018,PKB,WV,AEA,CE,Federal Contract Tower,0,0,14,5,19,0,2,40,5,47,0,2,54,10,66,54,10,64,130
11/05/2018,PKB,WV,AEA,CE,Federal Contract Tower,0,3,10,12,25,0,4,19,7,30,0,7,29,19,55,52,68,120,175
11/06/2018,PKB,WV,AEA,CE,Federal Contract Tower,0,8,7,5,20,0,0,0,8,8,0,8,7,13,28,32,110,142,170
11/07/2018,PKB,WV,AEA,CE,Federal Contract Tower,0,7,10,6,23,0,0,19,11,30,0,7,29,17,53,30,118,148,201
11/08/2018,PKB,WV,AEA,CE,Federal Contract Tower,0,7,17,6,30,0,0,27,14,41,0,7,44,20,71,26,74,100,171
11/09/2018,PKB,WV,AEA,CE,Federal Contract Tower,0,5,14,1,20,0,0,0,0,0,0,5,14,1,20,0,0,0,20
11/10/2018,PKB,WV,AEA,CE,Federal Contract Tower,0,1,7,0,8,0,0,93,0,93,0,1,100,0,101,6,0,6,107
11/11/2018,PKB,WV,AEA,CE,Federal Contract Tower,0,2,8,0,10,0,0,17,0,17,0,2,25,0,27,38,0,38,65
11/12/2018,PKB,WV,AEA,CE,Federal Contract Tower,0,4,12,0,16,0,0,15,2,17,0,4,27,2,33,32,12,44,77
11/13/2018,PKB,WV,AEA,CE,Federal Contract Tower,0,5,11,2,18,0,0,2,4,6,0,5,13,6,24,0,82,82,106
11/15/2018,PKB,WV,AEA,CE,Federal Contract Tower,0,2,2,0,4,0,0,0,0,0,0,2,2,0,4,0,0,0,4
11/16/2018,PKB,WV,AEA,CE,Federal Contract Tower,0,7,9,4,20,0,0,6,7,13,0,7,15,11,33,26,80,106,139
11/17/2018,PKB,WV,AEA,CE,Federal Contract Tower,0,1,9,0,10,0,0,28,1,29,0,1,37,1,39,48,0,48,87
11/18/2018,PKB,WV,AEA,CE,Federal Contract Tower,0,2,9,0,11,0,0,18,3,21,0,2,27,3,32,52,2,54,86
11/19/2018,PKB,WV,AEA,CE,Federal Contract Tower,0,3,0,0,3,0,0,8,0,8,0,3,8,0,11,60,0,60,71
11/20/2018,PKB,WV,AEA,CE,Federal Contract Tower,0,6,6,3,15,0,0,0,0,0,0,6,6,3,15,82,0,82,97
11/21/2018,PKB,WV,AEA,CE,Federal Contract Tower,0,5,4,0,9,0,2,4,0,6,0,7,8,0,15,14,0,14,29
11/22/2018,PKB,WV,AEA,CE,Federal Contract Tower,0,1,8,0,9,0,0,6,0,6,0,1,14,0,15,8,0,8,23
11/23/2018,PKB,WV,AEA,CE,Federal Contract Tower,0,9,17,0,26,0,0,50,0,50,0,9,67,0,76,24,0,24,100
11/24/2018,PKB,WV,AEA,CE,Federal Contract Tower,0,1,4,0,5,0,0,3,0,3,0,1,7,0,8,0,0,0,8
11/25/2018,PKB,WV,AEA,CE,Federal Contract Tower,0,2,10,0,12,0,0,8,0,8,0,2,18,0,20,26,0,26,46
11/26/2018,PKB,WV,AEA,CE,Federal Contract Tower,0,3,12,1,16,0,0,2,1,3,0,3,14,2,19,12,12,24,43
11/27/2018,PKB,WV,AEA,CE,Federal Contract Tower,0,9,4,0,13,0,0,4,4,8,0,9,8,4,21,0,4,4,25
11/28/2018,PKB,WV,AEA,CE,Federal Contract Tower,0,8,10,0,18,0,0,11,10,21,0,8,21,10,39,0,78,78,117
11/29/2018,PKB,WV,AEA,CE,Federal Contract Tower,0,6,4,4,14,0,0,24,15,39,0,6,28,19,53,14,74,88,141
11/30/2018,PKB,WV,AEA,CE,Federal Contract Tower,0,8,10,0,18,0,0,2,4,6,0,8,12,4,24,0,78,78,102
12/01/2018,PKB,WV,AEA,CE,Federal Contract Tower,0,3,3,0,6,0,0,0,0,0,0,3,3,0,6,0,0,0,6
12/02/2018,PKB,WV,AEA,CE,Federal Contract Tower,0,0,9,0,9,0,0,27,8,35,0,0,36,8,44,22,12,34,78
12/03/2018,PKB,WV,AEA,CE,Federal Contract Tower,0,4,1,0,5,0,0,6,2,8,0,4,7,2,13,30,20,50,63
12/04/2018,PKB,WV,AEA,CE,Federal Contract Tower,0,10,3,0,13,0,0,8,9,17,0,10,11,9,30,78,26,104,134
12/05/2018,PKB,WV,AEA,CE,Federal Contract Tower,0,11,10,5,26,0,0,6,0,6,0,11,16,5,32,16,0,16,48
12/06/2018,PKB,WV,AEA,CE,Federal Contract Tower,0,12,11,2,25,0,0,28,9,37,0,12,39,11,62,8,50,58,120
12/07/2018,PKB,WV,AEA,CE,Federal Contract Tower,0,13,6,4,23,0,3,30,7,40,0,16,36,11,63,26,2,28,91
12/08/2018,PKB,WV,AEA,CE,Federal Contract Tower,0,4,9,1,14,0,0,37,3,40,0,4,46,4,54,46,0,46,100
12/09/2018,PKB,WV,AEA,CE,Federal Contract Tower,0,2,7,0,9,0,0,28,0,28,0,2,35,0,37,2,0,2,39
12/10/2018,PKB,WV,AEA,CE,Federal Contract Tower,0,7,9,1,17,0,0,4,3,7,0,7,13,4,24,18,64,82,106
12/11/2018,PKB,WV,AEA,CE,Federal Contract Tower,0,12,8,6,26,0,1,24,6,31,0,13,32,12,57,20,28,48,105
12/12/2018,PKB,WV,AEA,CE,Federal Contract Tower,0,15,9,1,25,0,1,34,15,50,0,16,43,16,75,14,50,64,139
12/13/2018,PKB,WV,AEA,CE,Federal Contract Tower,0,10,4,1,15,0,0,34,14,48,0,10,38,15,63,32,86,118,181
12/14/2018,PKB,WV,AEA,CE,Federal Contract Tower,0,12,13,0,25,0,0,26,15,41,0,12,39,15,66,14,160,174,240
12/15/2018,PKB,WV,AEA,CE,Federal Contract Tower,0,4,6,0,10,0,0,4,15,19,0,4,10,15,29,0,158,158,187
12/16/2018,PKB,WV,AEA,CE,Federal Contract Tower,0,6,9,0,15,0,0,0,10,10,0,6,9,10,25,0,72,72,97
12/17/2018,PKB,WV,AEA,CE,Federal Contract Tower,0,7,5,4,16,0,2,15,4,21,0,9,20,8,37,12,144,156,193
12/18/2018,PKB,WV,AEA,CE,Federal Contract Tower,0,10,10,4,24,0,1,34,18,53,0,11,44,22,77,42,88,130,207
12/19/2018,PKB,WV,AEA,CE,Federal Contract Tower,0,13,12,6,31,0,1,45,12,58,0,14,57,18,89,66,78,144,233
12/20/2018,PKB,WV,AEA,CE,Federal Contract Tower,0,10,11,3,24,0,0,11,10,21,0,10,22,13,45,14,144,158,203
12/21/2018,PKB,WV,AEA,CE,Federal Contract Tower,0,15,3,1,19,0,0,1,0,1,0,15,4,1,20,0,10,10,30
12/22/2018,PKB,WV,AEA,CE,Federal Contract Tower,0,4,2,0,6,0,0,8,0,8,0,4,10,0,14,54,0,54,68
12/23/2018,PKB,WV,AEA,CE,Federal Contract Tower,0,4,7,0,11,0,0,20,0,20,0,4,27,0,31,64,0,64,95
12/24/2018,PKB,WV,AEA,CE,Federal Contract Tower,0,6,5,0,11,0,0,11,0,11,0,6,16,0,22,0,0,0,22
12/25/2018,PKB,WV,AEA,CE,Federal Contract Tower,0,0,2,0,2,0,2,1,0,3,0,2,3,0,5,0,0,0,5
12/26/2018,PKB,WV,AEA,CE,Federal Contract Tower,0,6,14,0,20,0,3,31,0,34,0,9,45,0,54,8,0,8,62
12/27/2018,PKB,WV,AEA,CE,Federal Contract Tower,0,10,9,2,21,0,0,31,0,31,0,10,40,2,52,90,0,90,142
12/28/2018,PKB,WV,AEA,CE,Federal Contract Tower,0,10,2,2,14,0,0,4,0,4,0,10,6,2,18,0,0,0,18
12/29/2018,PKB,WV,AEA,CE,Federal Contract Tower,0,5,2,0,7,0,0,0,0,0,0,5,2,0,7,0,0,0,7
12/30/2018,PKB,WV,AEA,CE,Federal Contract Tower,0,6,6,0,12,0,0,17,0,17,0,6,23,0,29,64,0,64,93
12/31/2018,PKB,WV,AEA,CE,Federal Contract Tower,0,7,3,0,10,0,0,0,0,0,0,7,3,0,10,0,0,0,10
01/01/2019,PKB,WV,AEA,CE,Federal Contract Tower,0,2,5,0,7,0,3,2,0,5,0,5,7,0,12,6,0,6,18
01/02/2019,PKB,WV,AEA,CE,Federal Contract Tower,0,6,15,0,21,0,2,11,0,13,0,8,26,0,34,0,0,0,34
01/03/2019,PKB,WV,AEA,CE,Federal Contract Tower,0,12,7,1,20,0,0,24,6,30,0,12,31,7,50,0,124,124,174
01/04/2019,PKB,WV,AEA,CE,Federal Contract Tower,0,10,10,1,21,0,2,17,19,38,0,12,27,20,59,72,152,224,283
01/05/2019,PKB,WV,AEA,CE,Federal Contract Tower,0,3,10,1,14,0,0,35,27,62,0,3,45,28,76,50,166,216,292
01/06/2019,PKB,WV,AEA,CE,Federal Contract Tower,0,6,11,0,17,0,0,31,8,39,0,6,42,8,56,106,16,122,178
01/07/2019,PKB,WV,AEA,CE,Federal Contract Tower,0,6,6,0,12,0,0,29,2,31,0,6,35,2,43,54,12,66,109
01/09/2019,PKB,WV,AEA,CE,Federal Contract Tower,0,9,6,0,15,0,0,0,1,1,0,9,6,1,16,0,0,0,16
01/10/2019,PKB,WV,AEA,CE,Federal Contract Tower,0,11,4,2,17,0,0,0,1,1,0,11,4,3,18,0,8,8,26
01/11/2019,PKB,WV,AEA,CE,Federal Contract Tower,0,11,14,1,26,0,0,35,7,42,0,11,49,8,68,48,4,52,120
01/12/2019,PKB,WV,AEA,CE,Federal Contract Tower,0,2,0,0,2,0,0,0,0,0,0,2,0,0,2,0,0,0,2
01/13/2019,PKB,WV,AEA,CE,Federal Contract Tower,0,4,7,0,11,0,0,0,0,0,0,4,7,0,11,0,0,0,11
01/14/2019,PKB,WV,AEA,CE,Federal Contract Tower,0,8,4,0,12,0,0,9,6,15,0,8,13,6,27,0,38,38,65
01/15/2019,PKB,WV,AEA,CE,Federal Contract Tower,0,10,4,1,15,0,0,24,5,29,0,10,28,6,44,42,64,106,150
01/16/2019,PKB,WV,AEA,CE,Federal Contract Tower,0,5,6,1,12,0,0,8,2,10,0,5,14,3,22,0,4,4,26
01/17/2019,PKB,WV,AEA,CE,Federal Contract Tower,0,10,3,5,18,0,0,0,4,4,0,10,3,9,22,0,52,52,74
01/18/2019,PKB,WV,AEA,CE,Federal Contract Tower,0,10,5,3,18,0,0,3,13,16,0,10,8,16,34,2,188,190,224
01/19/2019,PKB,WV,AEA,CE,Federal Contract Tower,0,3,0,0,3,0,0,0,12,12,0,3,0,12,15,0,102,102,117
01/20/2019,PKB,WV,AEA,CE,Federal Contract Tower,0,0,2,0,2,0,0,0,8,8,0,0,2,8,10,0,54,54,64
01/21/2019,PKB,WV,AEA,CE,Federal Contract Tower,0,7,8,0,15,0,1,6,1,8,0,8,14,1,23,0,0,0,23
01/22/2019,PKB,WV,AEA,CE,Federal Contract Tower,0,10,4,10,24,0,0,31,8,39,0,10,35,18,63,34,12,46,109
01/23/2019,PKB,WV,AEA,CE,Federal Contract Tower,0,8,0,0,8,0,0,4,6,10,0,8,4,6,18,0,54,54,72
01/24/2019,PKB,WV,AEA,CE,Federal Contract Tower,0,12,3,0,15,0,0,0,17,17,0,12,3,17,32,0,114,114,146
01/25/2019,PKB,WV,AEA,CE,Federal Contract Tower,0,10,10,10,30,0,0,30,11,41,0,10,40,21,71,30,86,116,187
01/26/2019,PKB,WV,AEA,CE,Federal Contract Tower,0,3,10,0,13,0,0,2,0,2,0,3,12,0,15,8,0,8,23
01/27/2019,PKB,WV,AEA,CE,Federal Contract Tower,0,4,1,4,9,0,0,2,1,3,0,4,3,5,12,0,0,0,12
01/28/2019,PKB,WV,AEA,CE,Federal Contract Tower,0,6,14,4,24,0,0,35,6,41,0,6,49,10,65,26,46,72,137
01/29/2019,PKB,WV,AEA,CE,Federal Contract Tower,0,12,9,2,23,0,0,3,8,11,0,12,12,10,34,0,88,88,122
01/30/2019,PKB,WV,AEA,CE,Federal Contract Tower,0,12,0,0,12,0,0,0,4,4,0,12,0,4,16,0,32,32,48
01/31/2019,PKB,WV,AEA,CE,Federal Contract Tower,0,17,2,3,22,0,1,33,6,40,0,18,35,9,62,0,6,6,68
02/01/2019,PKB,WV,AEA,CE,Federal Contract Tower,0,9,5,3,17,0,0,0,19,19,0,9,5,22,36,0,132,132,168
02/02/2019,PKB,WV,AEA,CE,Federal Contract Tower,0,3,5,2,10,0,0,11,17,28,0,3,16,19,38,6,76,82,120
02/03/2019,PKB,WV,AEA,CE,Federal Contract Tower,0,4,14,0,18,0,5,53,17,75,0,9,67,17,93,40,52,92,185
02/04/2019,PKB,WV,AEA,CE,Federal Contract Tower,0,5,6,2,13,0,0,18,2,20,0,5,24,4,33,12,32,44,77
02/05/2019,PKB,WV,AEA,CE,Federal Contract Tower,0,12,15,0,27,0,0,16,0,16,0,12,31,0,43,22,0,22,65
02/06/2019,PKB,WV,AEA,CE,Federal Contract Tower,0,5,10,0,15,0,0,1,0,1,0,5,11,0,16,4,0,4,20
02/08/2019,PKB,WV,AEA,CE,Federal Contract Tower,0,10,9,4,23,0,0,1,11,12,0,10,10,15,35,0,30,30,65
02/09/2019,PKB,WV,AEA,CE,Federal Contract Tower,0,3,11,0,14,0,2,55,3,60,0,5,66,3,74,32,0,32,106
02/10/2019,PKB,WV,AEA,CE,Federal Contract Tower,0,4,12,1,17,0,0,16,3,19,0,4,28,4,36,12,0,12,48
02/11/2019,PKB,WV,AEA,CE,Federal Contract Tower,0,5,3,0,8,0,0,0,0,0,0,5,3,0,8,0,0,0,8
02/12/2019,PKB,WV,AEA,CE,Federal Contract Tower,0,13,4,0,17,0,0,3,0,3,0,13,7,0,20,12,0,12,32
02/13/2019,PKB,WV,AEA,CE,Federal Contract Tower,0,9,7,2,18,0,2,11,1,14,0,11,18,3,32,20,0,20,52
02/14/2019,PKB,WV,AEA,CE,Federal Contract Tower,0,10,10,2,22,0,5,36,5,46,0,15,46,7,68,6,34,40,108
02/15/2019,PKB,WV,AEA,CE,Federal Contract Tower,0,7,4,2,13,0,0,26,14,40,0,7,30,16,53,28,74,102,155
02/16/2019,PKB,WV,AEA,CE,Federal Contract Tower,0,4,14,0,18,0,0,47,14,61,0,4,61,14,79,6,42,48,127
02/17/2019,PKB,WV,AEA,CE,Federal Contract Tower,0,5,2,0,7,0,0,5,3,8,0,5,7,3,15,2,8,10,25
02/18/2019,PKB,WV,AEA,CE,Federal Contract Tower,0,7,4,0,11,0,0,4,2,6,0,7,8,2,17,0,0,0,17
02/19/2019,PKB,WV,AEA,CE,Federal Contract Tower,0,10,18,4,32,0,0,43,2,45,0,10,61,6,77,26,0,26,103
02/20/2019,PKB,WV,AEA,CE,Federal Contract Tower,0,5,1,0,6,0,0,7,6,13,0,5,8,6,19,0,22,22,41
02/21/2019,PKB,WV,AEA,CE,Federal Contract Tower,0,11,10,10,31,0,0,33,6,39,0,11,43,16,70,20,12,32,102
02/22/2019,PKB,WV,AEA,CE,Federal Contract Tower,0,9,9,4,22,0,0,42,6,48,0,9,51,10,70,60,0,60,130
02/23/2019,PKB,WV,AEA,CE,Federal Contract Tower,0,3,4,0,7,0,0,8,0,8,0,3,12,0,15,12,0,12,27
02/24/2019,PKB,WV,AEA,CE,Federal Contract Tower,0,4,2,1,7,0,0,0,0,0,0,4,2,1,7,0,0,0,7
02/25/2019,PKB,WV,AEA,CE,Federal Contract Tower,0,6,5,0,11,0,3,15,5,23,0,9,20,5,34,12,0,12,46
02/26/2019,PKB,WV,AEA,CE,Federal Contract Tower,0,10,5,0,15,0,0,47,6,53,0,10,52,6,68,28,8,36,104
02/27/2019,PKB,WV,AEA,CE,Federal Contract Tower,0,8,3,3,14,0,1,35,12,48,0,9,38,15,62,4,56,60,122
02/28/2019,PKB,WV,AEA,CE,Federal Contract Tower,0,9,20,3,32,0,12,41,5,58,0,21,61,8,90,40,10,50,140
03/01/2019,PKB,WV,AEA,CE,Federal Contract Tower,0,14,9,4,27,0,0,13,17,30,0,14,22,21,57,26,208,234,291
03/02/2019,PKB,WV,AEA,CE,Federal Contract Tower,0,3,11,0,14,0,0,31,33,64,0,3,42,33,78,0,164,164,242
03/03/2019,PKB,WV,AEA,CE,Federal Contract Tower,0,7,2,0,9,0,0,1,0,1,0,7,3,0,10,0,0,0,10
03/04/2019,PKB,WV,AEA,CE,Federal Contract Tower,0,6,3,0,9,0,0,3,0,3,0,6,6,0,12,0,0,0,12
03/05/2019,PKB,WV,AEA,CE,Federal Contract Tower,0,10,9,4,23,0,0,9,1,10,0,10,18,5,33,0,10,10,43
03/06/2019,PKB,WV,AEA,CE,Federal Contract Tower,0,8,16,23,47,0,1,29,2,32,0,9,45,25,79,26,40,66,145
03/07/2019,PKB,WV,AEA,CE,Federal Contract Tower,0,12,11,2,25,0,0,26,10,36,0,12,37,12,61,8,24,32,93
03/08/2019,PKB,WV,AEA,CE,Federal Contract Tower,0,9,5,2,16,0,0,0,0,0,0,9,5,2,16,0,0,0,16
03/09/2019,PKB,WV,AEA,CE,Federal Contract Tower,0,6,4,0,10,0,0,14,3,17,0,6,18,3,27,0,0,0,27
03/10/2019,PKB,WV,AEA,CE,Federal Contract Tower,0,5,5,0,10,0,2,9,0,11,0,7,14,0,21,0,0,0,21
03/11/2019,PKB,WV,AEA,CE,Federal Contract Tower,0,7,15,7,29,0,0,29,2,31,0,7,44,9,60,2,10,12,72
03/12/2019,PKB,WV,AEA,CE,Federal Contract Tower,0,10,10,2,22,0,0,30,4,34,0,10,40,6,56,12,12,24,80
03/13/2019,PKB,WV,AEA,CE,Federal Contract Tower,0,9,10,6,25,0,0,34,5,39,0,9,44,11,64,18,24,42,106
03/14/2019,PKB,WV,AEA,CE,Federal Contract Tower,0,12,4,0,16,0,0,13,12,25,0,12,17,12,41,8,66,74,115
03/15/2019,PKB,WV,AEA,CE,Federal Contract Tower,0,10,6,10,26,0,0,15,21,36,0,10,21,31,62,0,40,40,102
03/16/2019,PKB,WV,AEA,CE,Federal Contract Tower,0,5,10,1,16,0,0,21,14,35,0,5,31,15,51,2,38,40,91
03/17/2019,PKB,WV,AEA,CE,Federal Contract Tower,0,4,12,0,16,0,0,32,8,40,0,4,44,8,56,52,16,68,124
03/18/2019,PKB,WV,AEA,CE,Federal Contract Tower,0,7,5,1,13,0,0,10,7,17,0,7,15,8,30,0,28,28,58
03/19/2019,PKB,WV,AEA,CE,Federal Contract Tower,0,12,10,1,23,0,0,31,6,37,0,12,41,7,60,24,0,24,84
03/20/2019,PKB,WV,AEA,CE,Federal Contract Tower,0,8,9,2,19,0,3,39,4,46,0,11,48,6,65,10,0,10,75
03/21/2019,PKB,WV,AEA,CE,Federal Contract Tower,0,10,10,0,20,0,0,0,0,0,0,10,10,0,20,0,0,0,20
03/22/2019,PKB,WV,AEA,CE,Federal Contract Tower,0,12,3,1,16,0,0,3,0,3,0,12,6,1,19,0,0,0,19
03/23/2019,PKB,WV,AEA,CE,Federal Contract Tower,0,3,11,1,15,0,45,0,0,45,0,48,11,1,60,20,0,20,80
03/24/2019,PKB,WV,AEA,CE,Federal Contract Tower,0,6,18,0,24,0,0,28,0,28,0,6,46,0,52,38,0,38,90
03/25/2019,PKB,WV,AEA,CE,Federal Contract Tower,0,8,5,0,13,0,0,2,0,2,0,8,7,0,15,0,0,0,15
03/26/2019,PKB,WV,AEA,CE,Federal Contract Tower,0,10,10,11,31,0,0,27,5,32,0,10,37,16,63,10,20,30,93
03/27/2019,PKB,WV,AEA,CE,Federal Contract Tower,0,8,14,6,28,0,0,47,9,56,0,8,61,15,84,62,32,94,178
03/28/2019,PKB,WV,AEA,CE,Federal Contract Tower,0,10,12,2,24,0,0,31,11,42,0,10,43,13,66,46,58,104,170
03/29/2019,PKB,WV,AEA,CE,Federal Contract Tower,0,10,23,1,34,0,0,13,9,22,0,10,36,10,56,0,54,54,110
03/30/2019,PKB,WV,AEA,CE,Federal Contract Tower,0,3,7,0,10,0,0,6,0,6,0,3,13,0,16,0,0,0,16
03/31/2019,PKB,WV,AEA,CE,Federal Contract Tower,0,7,9,0,16,0,0,4,1,5,0,7,13,1,21,10,0,10,31
04/01/2019,PKB,WV,AEA,CE,Federal Contract Tower,0,9,13,0,22,0,0,37,5,42,0,9,50,5,64,26,36,62,126
04/02/2019,PKB,WV,AEA,CE,Federal Contract Tower,0,14,15,3,32,0,0,46,7,53,0,14,61,10,85,44,34,78,163
04/03/2019,PKB,WV,AEA,CE,Federal Contract Tower,0,12,16,2,30,0,0,0,0,0,0,12,16,2,30,20,20,40,70
04/04/2019,PKB,WV,AEA,CE,Federal Contract Tower,0,8,13,10,31,0,0,34,5,39,0,8,47,15,70,8,74,82,152
04/05/2019,PKB,WV,AEA,CE,Federal Contract Tower,0,9,9,2,20,0,0,2,23,25,0,9,11,25,45,0,178,178,223
04/06/2019,PKB,WV,AEA,CE,Federal Contract Tower,0,5,15,5,25,0,0,21,21,42,0,5,36,26,67,26,96,122,189
04/07/2019,PKB,WV,AEA,CE,Federal Contract Tower,0,4,9,2,15,0,0,15,4,19,0,4,24,6,34,16,16,32,66
04/08/2019,PKB,WV,AEA,CE,Federal Contract Tower,0,7,3,7,17,0,2,4,2,8,0,9,7,9,25,0,82,82,107
04/09/2019,PKB,WV,AEA,CE,Federal Contract Tower,0,11,18,6,35,0,0,46,18,64,0,11,64,24,99,40,98,138,237
04/10/2019,PKB,WV,AEA,CE,Federal Contract Tower,0,7,16,8,31,0,0,32,16,48,0,7,48,24,79,36,32,68,147
04/11/2019,PKB,WV,AEA,CE,Federal Contract Tower,0,10,4,10,24,0,0,23,14,37,0,10,27,24,61,20,100,120,181
04/12/2019,PKB,WV,AEA,CE,Federal Contract Tower,0,8,13,5,26,0,0,3,19,22,0,8,16,24,48,10,156,166,214
04/13/2019,PKB,WV,AEA,CE,Federal Contract Tower,0,3,9,2,14,0,0,42,8,50,0,3,51,10,64,4,20,24,88
04/14/2019,PKB,WV,AEA,CE,Federal Contract Tower,0,6,1,2,9,0,0,9,21,30,0,6,10,23,39,0,72,72,111
04/15/2019,PKB,WV,AEA,CE,Federal Contract Tower,0,5,4,0,9,0,2,0,2,4,0,7,4,2,13,0,40,40,53
04/16/2019,PKB,WV,AEA,CE,Federal Contract Tower,0,9,18,9,36,0,0,41,11,52,0,9,59,20,88,54,52,106,194
04/17/2019,PKB,WV,AEA,CE,Federal Contract Tower,0,10,10,0,20,0,1,41,5,47,0,11,51,5,67,36,0,36,103
04/18/2019,PKB,WV,AEA,CE,Federal Contract Tower,0,8,13,2,23,0,0,30,3,33,0,8,43,5,56,10,12,22,78
04/19/2019,PKB,WV,AEA,CE,Federal Contract Tower,0,7,1,2,10,0,0,2,0,2,0,7,3,2,12,2,0,2,14
04/20/2019,PKB,WV,AEA,CE,Federal Contract Tower,0,3,9,0,12,0,0,11,0,11,0,3,20,0,23,26,0,26,49
04/21/2019,PKB,WV,AEA,CE,Federal Contract Tower,0,4,10,0,14,0,0,7,0,7,0,4,17,0,21,16,0,16,37
04/22/2019,PKB,WV,AEA,CE,Federal Contract Tower,0,7,14,2,23,0,0,30,3,33,0,7,44,5,56,38,0,38,94
04/23/2019,PKB,WV,AEA,CE,Federal Contract Tower,0,11,19,4,34,0,2,17,4,23,0,13,36,8,57,22,12,34,91
04/24/2019,PKB,WV,AEA,CE,Federal Contract Tower,0,11,19,3,33,2,2,32,12,48,2,13,51,15,81,40,10,50,131
04/25/2019,PKB,WV,AEA,CE,Federal Contract Tower,0,14,8,4,26,0,1,1,7,9,0,15,9,11,35,0,28,28,63
04/26/2019,PKB,WV,AEA,CE,Federal Contract Tower,0,11,5,1,17,0,0,0,6,6,0,11,5,7,23,0,74,74,97
04/27/2019,PKB,WV,AEA,CE,Federal Contract Tower,0,7,10,8,25,0,0,33,4,37,0,7,43,12,62,44,2,46,108
04/28/2019,PKB,WV,AEA,CE,Federal Contract Tower,0,3,16,0,19,0,2,10,0,12,0,5,26,0,31,0,0,0,31
04/29/2019,PKB,WV,AEA,CE,Federal Contract Tower,0,7,8,1,16,0,0,31,3,34,0,7,39,4,50,50,8,58,108
04/30/2019,PKB,WV,AEA,CE,Federal Contract Tower,0,15,10,3,28,0,0,29,6,35,0,15,39,9,63,16,60,76,139
05/01/2019,PKB,WV,AEA,CE,Federal Contract Tower,0,8,9,0,17,0,0,33,5,38,0,8,42,5,55,38,0,38,93
05/02/2019,PKB,WV,AEA,CE,Federal Contract Tower,0,15,3,0,18,0,0,23,10,33,0,15,26,10,51,2,18,20,71
05/03/2019,PKB,WV,AEA,CE,Federal Contract Tower,0,10,6,2,18,0,0,5,3,8,0,10,11,5,26,10,12,22,48
05/04/2019,PKB,WV,AEA,CE,Federal Contract Tower,0,7,22,1,30,0,0,9,1,10,0,7,31,2,40,36,0,36,76
05/05/2019,PKB,WV,AEA,CE,Federal Contract Tower,0,8,12,3,23,0,0,13,0,13,0,8,25,3,36,0,0,0,36
05/06/2019,PKB,WV,AEA,CE,Federal Contract Tower,0,7,18,2,27,0,0,20,1,21,0,7,38,3,48,16,0,16,64
05/07/2019,PKB,WV,AEA,CE,Federal Contract Tower,0,14,16,2,32,0,6,38,5,49,0,20,54,7,81,16,54,70,151
05/08/2019,PKB,WV,AEA,CE,Federal Contract Tower,0,6,11,2,19,0,0,34,7,41,0,6,45,9,60,74,0,74,134
05/09/2019,PKB,WV,AEA,CE,Federal Contract Tower,0,11,9,3,23,0,0,13,7,20,0,11,22,10,43,0,24,24,67
05/10/2019,PKB,WV,AEA,CE,Federal Contract Tower,0,10,7,1,18,0,0,2,0,2,0,10,9,1,20,0,0,0,20
05/11/2019,PKB,WV,AEA,CE,Federal Contract Tower,0,3,13,0,16,0,6,18,0,24,0,9,31,0,40,62,0,62,102
05/12/2019,PKB,WV,AEA,CE,Federal Contract Tower,0,6,7,0,13,0,2,0,0,2,0,8,7,0,15,0,0,0,15
05/13/2019,PKB,WV,AEA,CE,Federal Contract Tower,0,7,17,6,30,0,0,8,0,8,0,7,25,6,38,0,42,42,80
05/15/2019,PKB,WV,AEA,CE,Federal Contract Tower,0,10,5,3,18,0,0,35,9,44,0,10,40,12,62,6,6,12,74
05/16/2019,PKB,WV,AEA,CE,Federal Contract Tower,0,13,11,4,28,0,0,54,3,57,0,13,65,7,85,32,0,32,117
05/17/2019,PKB,WV,AEA,CE,Federal Contract Tower,0,9,5,2,16,0,0,3,2,5,0,9,8,4,21,10,58,68,89
05/18/2019,PKB,WV,AEA,CE,Federal Contract Tower,0,5,13,0,18,0,0,56,7,63,0,5,69,7,81,20,14,34,115
05/19/2019,PKB,WV,AEA,CE,Federal Contract Tower,0,5,8,2,15,0,2,12,2,16,0,7,20,4,31,0,0,0,31
05/20/2019,PKB,WV,AEA,CE,Federal Contract Tower,0,9,8,4,21,0,2,11,2,15,0,11,19,6,36,20,0,20,56
05/21/2019,PKB,WV,AEA,CE,Federal Contract Tower,0,13,13,4,30,0,2,47,5,54,0,15,60,9,84,34,0,34,118
05/22/2019,PKB,WV,AEA,CE,Federal Contract Tower,0,9,6,3,18,0,3,32,21,56,0,12,38,24,74,8,2,10,84
05/23/2019,PKB,WV,AEA,CE,Federal Contract Tower,0,10,10,0,20,0,1,19,3,23,0,11,29,3,43,1,40,41,84
05/24/2019,PKB,WV,AEA,CE,Federal Contract Tower,0,10,16,0,26,0,0,36,0,36,0,10,52,0,62,52,0,52,114
05/25/2019,PKB,WV,AEA,CE,Federal Contract Tower,0,3,2,0,5,0,0,8,0,8,0,3,10,0,13,0,0,0,13
05/26/2019,PKB,WV,AEA,CE,Federal Contract Tower,0,2,2,0,4,0,0,5,0,5,0,2,7,0,9,0,0,0,9
05/27/2019,PKB,WV,AEA,CE,Federal Contract Tower,0,3,19,0,22,0,0,24,0,24,0,3,43,0,46,20,0,20,66
05/28/2019,PKB,WV,AEA,CE,Federal Contract Tower,0,9,9,2,20,0,0,28,0,28,0,9,37,2,48,8,0,8,56
05/29/2019,PKB,WV,AEA,CE,Federal Contract Tower,0,8,6,2,16,0,1,17,2,20,0,9,23,4,36,8,0,8,44
05/30/2019,PKB,WV,AEA,CE,Federal Contract Tower,0,8,14,0,22,0,0,6,0,6,0,8,20,0,28,8,0,8,36
05/31/2019,PKB,WV,AEA,CE,Federal Contract Tower,0,9,25,2,36,0,4,17,23,44,0,13,42,25,80,6,188,194,274
06/01/2019,PKB,WV,AEA,CE,Federal Contract Tower,0,3,20,0,23,0,0,23,2,25,0,3,43,2,48,26,8,34,82
06/02/2019,PKB,WV,AEA,CE,Federal Contract Tower,0,6,7,0,13,0,0,27,7,34,0,6,34,7,47,24,78,102,149
06/03/2019,PKB,WV,AEA,CE,Federal Contract Tower,0,11,16,3,30,0,9,30,2,41,0,20,46,5,71,2,0,2,73
06/04/2019,PKB,WV,AEA,CE,Federal Contract Tower,0,12,18,4,34,0,0,43,8,51,0,12,61,12,85,16,34,50,135
06/05/2019,PKB,WV,AEA,CE,Federal Contract Tower,0,8,4,4,16,0,0,7,2,9,0,8,11,6,25,4,0,4,29
06/06/2019,PKB,WV,AEA,CE,Federal Contract Tower,0,7,9,6,22,0,0,26,15,41,0,7,35,21,63,44,54,98,161
06/07/2019,PKB,WV,AEA,CE,Federal Contract Tower,0,11,8,5,24,0,0,26,10,36,0,11,34,15,60,60,68,128,188
06/08/2019,PKB,WV,AEA,CE,Federal Contract Tower,0,4,13,4,21,0,0,23,0,23,0,4,36,4,44,20,2,22,66
06/09/2019,PKB,WV,AEA,CE,Federal Contract Tower,0,4,13,0,17,0,0,11,0,11,0,4,24,0,28,12,0,12,40
06/10/2019,PKB,WV,AEA,CE,Federal Contract Tower,0,9,7,4,20,0,0,2,5,7,0,9,9,9,27,2,6,8,35
06/11/2019,PKB,WV,AEA,CE,Federal Contract Tower,0,10,6,1,17,0,0,23,13,36,0,10,29,14,53,32,35,67,120
06/12/2019,PKB,WV,AEA,CE,Federal Contract Tower,0,10,9,12,31,0,2,17,4,23,0,12,26,16,54,20,36,56,110
06/13/2019,PKB,WV,AEA,CE,Federal Contract Tower,0,8,6,3,17,0,0,6,16,22,0,8,12,19,39,0,96,96,135
06/14/2019,PKB,WV,AEA,CE,Federal Contract Tower,0,15,15,1,31,0,0,53,11,64,0,15,68,12,95,28,32,60,155
06/15/2019,PKB,WV,AEA,CE,Federal Contract Tower,0,5,10,0,15,0,1,16,17,34,0,6,26,17,49,40,22,62,111
06/16/2019,PKB,WV,AEA,CE,Federal Contract Tower,0,4,2,0,6,0,0,4,0,4,0,4,6,0,10,0,0,0,10
06/17/2019,PKB,WV,AEA,CE,Federal Contract Tower,0,9,7,2,18,0,0,0,0,0,0,9,7,2,18,0,0,0,18
06/18/2019,PKB,WV,AEA,CE,Federal Contract Tower,0,12,24,2,38,0,0,5,0,5,0,12,29,2,43,20,42,62,105
06/19/2019,PKB,WV,AEA,CE,Federal Contract Tower,0,9,18,4,31,0,0,0,0,0,0,9,18,4,31,6,24,30,61
06/20/2019,PKB,WV,AEA,CE,Federal Contract Tower,0,11,8,2,21,0,1,8,3,12,0,12,16,5,33,0,36,36,69
06/21/2019,PKB,WV,AEA,CE,Federal Contract Tower,0,12,22,2,36,0,0,68,0,68,0,12,90,2,104,54,0,54,158
06/22/2019,PKB,WV,AEA,CE,Federal Contract Tower,0,3,17,0,20,0,45,2,0,47,0,48,19,0,67,6,6,12,79
06/23/2019,PKB,WV,AEA,CE,Federal Contract Tower,0,4,21,0,25,0,2,37,0,39,0,6,58,0,64,20,0,20,84
06/24/2019,PKB,WV,AEA,CE,Federal Contract Tower,0,4,10,1,15,0,6,14,7,27,0,10,24,8,42,8,50,58,100
06/25/2019,PKB,WV,AEA,CE,Federal Contract Tower,0,9,10,0,19,0,0,30,12,42,0,9,40,12,61,52,10,62,123
06/26/2019,PKB,WV,AEA,CE,Federal Contract Tower,0,12,11,0,23,0,1,43,8,52,0,13,54,8,75,32,34,66,141
06/27/2019,PKB,WV,AEA,CE,Federal Contract Tower,0,13,9,0,22,2,4,26,7,39,2,17,35,7,61,24,28,52,113
06/28/2019,PKB,WV,AEA,CE,Federal Contract Tower,0,9,20,0,29,0,0,44,12,56,0,9,64,12,85,64,90,154,239
06/29/2019,PKB,WV,AEA,CE,Federal Contract Tower,0,3,13,0,16,0,0,37,0,37,0,3,50,0,53,44,0,44,97
06/30/2019,PKB,WV,AEA,CE,Federal Contract Tower,0,6,14,0,20,0,0,32,0,32,0,6,46,0,52,50,0,50,102
07/01/2019,PKB,WV,AEA,CE,Federal Contract Tower,0,2,18,0,20,0,0,24,2,26,0,2,42,2,46,12,0,12,58
07/02/2019,PKB,WV,AEA,CE,Federal Contract Tower,0,11,2,2,15,0,0,15,8,23,0,11,17,10,38,12,24,36,74
07/03/2019,PKB,WV,AEA,CE,Federal Contract Tower,0,10,5,0,15,0,0,15,0,15,0,10,20,0,30,14,0,14,44
07/04/2019,PKB,WV,AEA,CE,Federal Contract Tower,0,6,15,0,21,0,0,9,0,9,0,6,24,0,30,0,0,0,30
07/05/2019,PKB,WV,AEA,CE,Federal Contract Tower,0,8,5,0,13,0,0,10,0,10,0,8,15,0,23,4,0,4,27
07/06/2019,PKB,WV,AEA,CE,Federal Contract Tower,0,3,8,2,13,0,0,10,0,10,0,3,18,2,23,22,0,22,45
07/07/2019,PKB,WV,AEA,CE,Federal Contract Tower,0,10,12,0,22,0,0,8,0,8,0,10,20,0,30,2,0,2,32
07/08/2019,PKB,WV,AEA,CE,Federal Contract Tower,0,11,14,2,27,0,0,9,4,13,0,11,23,6,40,0,120,120,160
07/09/2019,PKB,WV,AEA,CE,Federal Contract Tower,0,13,12,3,28,0,18,30,18,66,0,31,42,21,94,6,52,58,152
07/10/2019,PKB,WV,AEA,CE,Federal Contract Tower,0,10,22,0,32,0,3,40,7,50,0,13,62,7,82,2,62,64,146
07/11/2019,PKB,WV,AEA,CE,Federal Contract Tower,0,10,8,0,18,0,0,14,9,23,0,10,22,9,41,38,60,98,139
07/12/2019,PKB,WV,AEA,CE,Federal Contract Tower,0,14,13,1,28,0,0,12,5,17,0,14,25,6,45,8,48,56,101
07/13/2019,PKB,WV,AEA,CE,Federal Contract Tower,0,2,25,0,27,0,0,61,0,61,0,2,86,0,88,12,0,12,100
07/14/2019,PKB,WV,AEA,CE,Federal Contract Tower,0,4,19,0,23,0,0,37,0,37,0,4,56,0,60,32,0,32,92
07/15/2019,PKB,WV,AEA,CE,Federal Contract Tower,0,8,11,1,20,0,0,16,2,18,0,8,27,3,38,0,0,0,38
07/16/2019,PKB,WV,AEA,CE,Federal Contract Tower,0,10,2,2,14,0,1,37,7,45,0,11,39,9,59,28,32,60,119
07/18/2019,PKB,WV,AEA,CE,Federal Contract Tower,0,10,15,2,27,0,0,17,14,31,0,10,32,16,58,4,62,66,124
07/19/2019,PKB,WV,AEA,CE,Federal Contract Tower,0,9,14,4,27,0,0,28,32,60,0,9,42,36,87,28,134,162,249
07/20/2019,PKB,WV,AEA,CE,Federal Contract Tower,0,3,15,3,21,0,0,23,23,46,0,3,38,26,67,16,36,52,119
07/21/2019,PKB,WV,AEA,CE,Federal Contract Tower,0,4,6,4,14,0,0,12,12,24,0,4,18,16,38,0,150,150,188
07/22/2019,PKB,WV,AEA,CE,Federal Contract Tower,0,7,11,1,19,0,0,4,10,14,0,7,15,11,33,0,40,40,73
07/23/2019,PKB,WV,AEA,CE,Federal Contract Tower,0,17,27,0,44,0,3,40,16,59,0,20,67,16,103,6,28,34,137
07/24/2019,PKB,WV,AEA,CE,Federal Contract Tower,0,12,12,11,35,0,0,48,11,59,0,12,60,22,94,22,26,48,142
07/25/2019,PKB,WV,AEA,CE,Federal Contract Tower,0,8,12,4,24,0,2,38,13,53,0,10,50,17,77,50,10,60,137
07/26/2019,PKB,WV,AEA,CE,Federal Contract Tower,0,8,21,3,32,0,0,45,3,48,0,8,66,6,80,36,2,38,118
07/27/2019,PKB,WV,AEA,CE,Federal Contract Tower,0,5,3,1,9,0,0,26,8,34,0,5,29,9,43,4,0,4,47
07/28/2019,PKB,WV,AEA,CE,Federal Contract Tower,0,4,16,0,20,0,0,41,2,43,0,4,57,2,63,32,0,32,95
07/29/2019,PKB,WV,AEA,CE,Federal Contract Tower,0,4,6,6,16,0,0,19,4,23,0,4,25,10,39,10,8,18,57
07/30/2019,PKB,WV,AEA,CE,Federal Contract Tower,0,8,10,8,26,0,0,16,7,23,0,8,26,15,49,0,8,8,57
07/31/2019,PKB,WV,AEA,CE,Federal Contract Tower,0,6,7,2,15,0,2,17,24,43,0,8,24,26,58,52,42,94,152
08/01/2019,PKB,WV,AEA,CE,Federal Contract Tower,0,11,10,5,26,0,0,24,14,38,0,11,34,19,64,12,44,56,120
08/02/2019,PKB,WV,AEA,CE,Federal Contract Tower,0,10,4,8,22,0,0,27,19,46,0,10,31,27,68,4,23,27,95
08/03/2019,PKB,WV,AEA,CE,Federal Contract Tower,0,4,13,2,19,0,0,22,3,25,0,4,35,5,44,4,0,4,48
08/04/2019,PKB,WV,AEA,CE,Federal Contract Tower,0,4,10,0,14,0,2,17,0,19,0,6,27,0,33,4,0,4,37
08/05/2019,PKB,WV,AEA,CE,Federal Contract Tower,0,7,4,4,15,0,0,19,17,36,0,7,23,21,51,54,18,72,123
08/06/2019,PKB,WV,AEA,CE,Federal Contract Tower,0,10,4,2,16,0,0,13,0,13,0,10,17,2,29,32,0,32,61
08/07/2019,PKB,WV,AEA,CE,Federal Contract Tower,0,8,8,0,16,0,0,27,3,30,0,8,35,3,46,12,0,12,58
08/08/2019,PKB,WV,AEA,CE,Federal Contract Tower,0,11,9,2,22,0,0,21,1,22,0,11,30,3,44,0,10,10,54
08/09/2019,PKB,WV,AEA,CE,Federal Contract Tower,0,15,13,0,28,0,0,22,0,22,0,15,35,0,50,8,0,8,58
08/10/2019,PKB,WV,AEA,CE,Federal Contract Tower,0,3,10,0,13,0,0,34,0,34,0,3,44,0,47,2,0,2,49
08/11/2019,PKB,WV,AEA,CE,Federal Contract Tower,0,4,4,0,8,0,0,32,0,32,0,4,36,0,40,22,0,22,62
08/12/2019,PKB,WV,AEA,CE,Federal Contract Tower,0,7,5,2,14,0,4,23,2,29,0,11,28,4,43,18,0,18,61
08/13/2019,PKB,WV,AEA,CE,Federal Contract Tower,0,9,6,2,17,0,1,7,2,10,0,10,13,4,27,0,6,6,33
08/14/2019,PKB,WV,AEA,CE,Federal Contract Tower,0,8,10,2,20,0,0,23,1,24,0,8,33,3,44,8,8,16,60
08/15/2019,PKB,WV,AEA,CE,Federal Contract Tower,6,12,3,0,21,0,0,39,9,48,6,12,42,9,69,16,14,30,99
08/16/2019,PKB,WV,AEA,CE,Federal Contract Tower,0,9,11,5,25,0,0,40,7,47,0,9,51,12,72,34,74,108,180
08/17/2019,PKB,WV,AEA,CE,Federal Contract Tower,0,3,7,0,10,0,0,44,7,51,0,3,51,7,61,22,0,22,83
08/18/2019,PKB,WV,AEA,CE,Federal Contract Tower,0,4,16,2,22,0,0,15,1,16,0,4,31,3,38,16,6,22,60
08/19/2019,PKB,WV,AEA,CE,Federal Contract Tower,0,9,10,2,21,0,0,9,3,12,0,9,19,5,33,22,0,22,55
08/20/2019,PKB,WV,AEA,CE,Federal Contract Tower,0,14,15,2,31,0,0,37,0,37,0,14,52,2,68,0,4,4,72
08/21/2019,PKB,WV,AEA,CE,Federal Contract Tower,0,10,16,2,28,0,0,29,10,39,0,10,45,12,67,16,28,44,111
08/22/2019,PKB,WV,AEA,CE,Federal Contract Tower,0,15,16,2,33,0,0,23,9,32,0,15,39,11,65,0,10,10,75
08/23/2019,PKB,WV,AEA,CE,Federal Contract Tower,0,11,4,1,16,0,0,14,8,22,0,11,18,9,38,14,0,14,52
08/24/2019,PKB,WV,AEA,CE,Federal Contract Tower,0,2,23,0,25,0,0,53,2,55,0,2,76,2,80,62,0,62,142
08/25/2019,PKB,WV,AEA,CE,Federal Contract Tower,0,6,3,0,9,0,0,38,2,40,0,6,41,2,49,34,0,34,83
08/26/2019,PKB,WV,AEA,CE,Federal Contract Tower,0,4,5,5,14,0,2,8,1,11,0,6,13,6,25,10,2,12,37
08/27/2019,PKB,WV,AEA,CE,Federal Contract Tower,0,8,10,1,19,0,1,10,7,18,0,9,20,8,37,0,4,4,41
08/28/2019,PKB,WV,AEA,CE,Federal Contract Tower,0,6,13,4,23,0,0,29,4,33,0,6,42,8,56,4,2,6,62
08/29/2019,PKB,WV,AEA,CE,Federal Contract Tower,0,10,13,1,24,0,0,58,6,64,0,10,71,7,88,36,26,62,150
08/30/2019,PKB,WV,AEA,CE,Federal Contract Tower,2,11,14,4,31,0,0,35,1,36,2,11,49,5,67,20,16,36,103
08/31/2019,PKB,WV,AEA,CE,Federal Contract Tower,2,4,11,0,17,0,2,37,6,45,2,6,48,6,62,26,0,26,88
09/01/2019,PKB,WV,AEA,CE,Federal Contract Tower,0,4,6,0,10,0,0,15,0,15,0,4,21,0,25,16,0,16,41
09/02/2019,PKB,WV,AEA,CE,Federal Contract Tower,0,4,12,0,16,0,6,16,0,22,0,10,28,0,38,8,0,8,46
09/03/2019,PKB,WV,AEA,CE,Federal Contract Tower,0,10,8,2,20,0,0,17,1,18,0,10,25,3,38,2,10,12,50
09/04/2019,PKB,WV,AEA,CE,Federal Contract Tower,0,14,4,4,22,0,0,14,8,22,0,14,18,12,44,4,34,38,82
09/05/2019,PKB,WV,AEA,CE,Federal Contract Tower,0,12,5,4,21,0,8,26,21,55,0,20,31,25,76,14,118,132,208
09/06/2019,PKB,WV,AEA,CE,Federal Contract Tower,0,7,21,4,32,0,0,26,15,41,0,7,47,19,73,30,176,206,279
09/07/2019,PKB,WV,AEA,CE,Federal Contract Tower,0,3,12,4,19,0,0,24,3,27,0,3,36,7,46,12,23,35,81
09/08/2019,PKB,WV,AEA,CE,Federal Contract Tower,0,5,13,4,22,0,2,24,3,29,0,7,37,7,51,4,4,8,59
09/09/2019,PKB,WV,AEA,CE,Federal Contract Tower,0,7,5,2,14,0,0,21,4,25,0,7,26,6,39,54,66,120,159
09/10/2019,PKB,WV,AEA,CE,Federal Contract Tower,0,12,11,6,29,0,0,36,5,41,0,12,47,11,70,26,86,112,182
09/11/2019,PKB,WV,AEA,CE,Federal Contract Tower,0,8,18,4,30,0,4,26,8,38,0,12,44,12,68,22,24,46,114
09/12/2019,PKB,WV,AEA,CE,Federal Contract Tower,0,12,10,5,27,0,0,29,4,33,0,12,39,9,60,10,6,16,76
09/13/2019,PKB,WV,AEA,CE,Federal Contract Tower,0,10,8,1,19,0,2,20,12,34,0,12,28,13,53,16,56,72,125
09/14/2019,PKB,WV,AEA,CE,Federal Contract Tower,0,3,9,0,12,0,0,9,3,12,0,3,18,3,24,4,12,16,40
09/15/2019,PKB,WV,AEA,CE,Federal Contract Tower,0,4,4,0,8,0,0,41,3,44,0,4,45,3,52,56,6,62,114
09/16/2019,PKB,WV,AEA,CE,Federal Contract Tower,0,6,13,2,21,0,2,20,4,26,0,8,33,6,47,20,0,20,67
09/17/2019,PKB,WV,AEA,CE,Federal Contract Tower,0,13,12,2,27,0,0,38,2,40,0,13,50,4,67,14,56,70,137
09/18/2019,PKB,WV,AEA,CE,Federal Contract Tower,0,7,10,0,17,0,0,32,3,35,0,7,42,3,52,26,0,26,78
09/19/2019,PKB,WV,AEA,CE,Federal Contract Tower,0,12,12,3,27,0,0,38,5,43,0,12,50,8,70,26,4,30,100
09/20/2019,PKB,WV,AEA,CE,Federal Contract Tower,0,13,15,1,29,0,0,45,3,48,0,13,60,4,77,42,6,48,125
09/21/2019,PKB,WV,AEA,CE,Federal Contract Tower,0,4,5,2,11,0,0,43,0,43,0,4,48,2,54,10,0,10,64
09/22/2019,PKB,WV,AEA,CE,Federal Contract Tower,0,4,10,0,14,0,2,33,12,47,0,6,43,12,61,22,0,22,83
09/23/2019,PKB,WV,AEA,CE,Federal Contract Tower,0,7,9,6,22,0,0,8,1,9,0,7,17,7,31,14,0,14,45
09/24/2019,PKB,WV,AEA,CE,Federal Contract Tower,0,11,14,2,27,0,2,33,3,38,0,13,47,5,65,38,0,38,103
09/25/2019,PKB,WV,AEA,CE,Federal Contract Tower,0,8,6,0,14,0,0,46,3,49,0,8,52,3,63,52,0,52,115
09/26/2019,PKB,WV,AEA,CE,Federal Contract Tower,0,12,12,0,24,0,0,24,5,29,0,12,36,5,53,8,0,8,61
09/27/2019,PKB,WV,AEA,CE,Federal Contract Tower,0,11,14,2,27,0,0,50,2,52,0,11,64,4,79,0,10,10,89
09/28/2019,PKB,WV,AEA,CE,Federal Contract Tower,0,5,9,0,14,0,0,27,0,27,0,5,36,0,41,8,0,8,49
09/29/2019,PKB,WV,AEA,CE,Federal Contract Tower,0,4,26,0,30,0,0,33,2,35,0,4,59,2,65,36,0,36,101
09/30/2019,PKB,WV,AEA,CE,Federal Contract Tower,0,10,35,0,45,0,0,15,1,16,0,10,50,1,61,16,0,16,77
10/01/2019,PKB,WV,AEA,CE,Federal Contract Tower,0,10,11,3,24,0,0,61,1,62,0,10,72,4,86,12,6,18,104
10/02/2019,PKB,WV,AEA,CE,Federal Contract Tower,0,8,16,2,26,0,2,44,2,48,0,10,60,4,74,36,0,36,110
10/03/2019,PKB,WV,AEA,CE,Federal Contract Tower,0,12,11,1,24,0,0,29,6,35,0,12,40,7,59,10,8,18,77
10/04/2019,PKB,WV,AEA,CE,Federal Contract Tower,0,12,12,0,24,0,0,38,0,38,0,12,50,0,62,14,0,14,76
10/05/2019,PKB,WV,AEA,CE,Federal Contract Tower,0,4,10,0,14,0,0,38,2,40,0,4,48,2,54,40,0,40,94
10/06/2019,PKB,WV,AEA,CE,Federal Contract Tower,0,6,8,0,14,0,0,6,0,6,0,6,14,0,20,0,0,0,20
10/07/2019,PKB,WV,AEA,CE,Federal Contract Tower,0,6,13,0,19,0,0,1,6,7,0,6,14,6,26,0,104,104,130
10/08/2019,PKB,WV,AEA,CE,Federal Contract Tower,0,13,16,5,34,0,0,29,2,31,0,13,45,7,65,36,0,36,101
10/09/2019,PKB,WV,AEA,CE,Federal Contract Tower,0,12,14,4,30,0,2,27,4,33,0,14,41,8,63,16,0,16,79
10/10/2019,PKB,WV,AEA,CE,Federal Contract Tower,0,13,21,0,34,0,0,40,5,45,0,13,61,5,79,48,8,56,135
10/11/2019,PKB,WV,AEA,CE,Federal Contract Tower,0,16,9,1,26,0,0,24,1,25,0,16,33,2,51,20,0,20,71
10/12/2019,PKB,WV,AEA,CE,Federal Contract Tower,0,3,10,0,13,0,3,9,0,12,0,6,19,0,25,0,0,0,25
10/13/2019,PKB,WV,AEA,CE,Federal Contract Tower,0,6,18,0,24,0,0,31,0,31,0,6,49,0,55,32,0,32,87
10/14/2019,PKB,WV,AEA,CE,Federal Contract Tower,0,7,10,0,17,0,0,20,2,22,0,7,30,2,39,38,0,38,77
10/15/2019,PKB,WV,AEA,CE,Federal Contract Tower,0,14,10,0,24,0,0,22,2,24,0,14,32,2,48,56,0,56,104
10/16/2019,PKB,WV,AEA,CE,Federal Contract Tower,0,7,5,2,14,0,0,0,0,0,0,7,5,2,14,0,0,0,14
10/17/2019,PKB,WV,AEA,CE,Federal Contract Tower,0,12,15,5,32,0,0,14,26,40,0,12,29,31,72,0,122,122,194
10/18/2019,PKB,WV,AEA,CE,Federal Contract Tower,0,12,15,1,28,0,0,19,12,31,0,12,34,13,59,48,88,136,195
10/19/2019,PKB,WV,AEA,CE,Federal Contract Tower,0,3,12,0,15,0,0,42,14,56,0,3,54,14,71,6,49,55,126
10/20/2019,PKB,WV,AEA,CE,Federal Contract Tower,0,4,9,5,18,0,0,25,12,37,0,4,34,17,55,2,0,2,57
10/21/2019,PKB,WV,AEA,CE,Federal Contract Tower,0,9,7,1,17,0,0,1,6,7,0,9,8,7,24,0,246,246,270
10/22/2019,PKB,WV,AEA,CE,Federal Contract Tower,0,11,7,1,19,0,0,4,7,11,0,11,11,8,30,0,82,82,112
10/23/2019,PKB,WV,AEA,CE,Federal Contract Tower,0,11,5,0,16,0,1,27,10,38,0,12,32,10,54,4,72,76,130
10/24/2019,PKB,WV,AEA,CE,Federal Contract Tower,0,10,12,1,23,0,0,31,8,39,0,10,43,9,62,20,84,104,166
10/25/2019,PKB,WV,AEA,CE,Federal Contract Tower,0,8,15,1,24,0,2,27,11,40,0,10,42,12,64,8,32,40,104
10/26/2019,PKB,WV,AEA,CE,Federal Contract Tower,0,3,10,0,13,0,0,8,0,8,0,3,18,0,21,0,0,0,21
10/27/2019,PKB,WV,AEA,CE,Federal Contract Tower,0,8,10,0,18,0,5,8,0,13,0,13,18,0,31,12,0,12,43
10/28/2019,PKB,WV,AEA,CE,Federal Contract Tower,0,7,12,1,20,0,0,13,7,20,0,7,25,8,40,16,22,38,78
10/29/2019,PKB,WV,AEA,CE,Federal Contract Tower,0,10,5,1,16,0,0,39,3,42,0,10,44,4,58,60,0,60,118
10/30/2019,PKB,WV,AEA,CE,Federal Contract Tower,0,8,3,0,11,0,2,8,5,15,0,10,11,5,26,8,30,38,64
10/31/2019,PKB,WV,AEA,CE,Federal Contract Tower,0,12,3,2,17,0,0,0,6,6,0,12,3,8,23,0,34,34,57
11/01/2019,PKB,WV,AEA,CE,Federal Contract Tower,0,11,9,8,28,0,0,14,12,26,0,11,23,20,54,0,110,110,164
11/02/2019,PKB,WV,AEA,CE,Federal Contract Tower,0,3,11,0,14,0,6,34,20,60,0,9,45,20,74,26,52,78,152
11/03/2019,PKB,WV,AEA,CE,Federal Contract Tower,0,4,20,3,27,0,0,23,11,34,0,4,43,14,61,22,20,42,103
11/04/2019,PKB,WV,AEA,CE,Federal Contract Tower,0,12,2,7,21,0,0,12,6,18,0,12,14,13,39,0,16,16,55
11/05/2019,PKB,WV,AEA,CE,Federal Contract Tower,0,13,11,1,25,0,0,11,9,20,0,13,22,10,45,14,80,94,139
11/06/2019,PKB,WV,AEA,CE,Federal Contract Tower,0,9,9,7,25,0,0,45,8,53,0,9,54,15,78,46,0,46,124
11/07/2019,PKB,WV,AEA,CE,Federal Contract Tower,0,16,2,0,18,0,0,0,0,0,0,16,2,0,18,0,0,0,18
11/08/2019,PKB,WV,AEA,CE,Federal Contract Tower,0,12,17,4,33,0,0,19,1,20,0,12,36,5,53,18,6,24,77
11/09/2019,PKB,WV,AEA,CE,Federal Contract Tower,0,5,2,0,7,0,0,14,2,16,0,5,16,2,23,0,0,0,23
11/10/2019,PKB,WV,AEA,CE,Federal Contract Tower,0,7,13,0,20,0,0,18,0,18,0,7,31,0,38,4,0,4,42
11/11/2019,PKB,WV,AEA,CE,Federal Contract Tower,0,7,6,0,13,0,0,7,5,12,0,7,13,5,25,6,6,12,37
11/12/2019,PKB,WV,AEA,CE,Federal Contract Tower,0,12,7,0,19,0,0,3,0,3,0,12,10,0,22,0,0,0,22
11/13/2019,PKB,WV,AEA,CE,Federal Contract Tower,0,9,14,4,27,0,0,16,5,21,0,9,30,9,48,52,0,52,100
11/14/2019,PKB,WV,AEA,CE,Federal Contract Tower,0,11,8,4,23,0,2,11,7,20,0,13,19,11,43,2,4,6,49
11/15/2019,PKB,WV,AEA,CE,Federal Contract Tower,0,12,24,2,38,0,0,23,5,28,0,12,47,7,66,34,11,45,111
11/16/2019,PKB,WV,AEA,CE,Federal Contract Tower,0,5,11,0,16,0,0,17,2,19,0,5,28,2,35,6,0,6,41
11/17/2019,PKB,WV,AEA,CE,Federal Contract Tower,0,5,14,0,19,0,0,24,3,27,0,5,38,3,46,22,6,28,74
11/18/2019,PKB,WV,AEA,CE,Federal Contract Tower,0,9,17,4,30,0,6,16,5,27,0,15,33,9,57,48,0,48,105
11/20/2019,PKB,WV,AEA,CE,Federal Contract Tower,0,8,24,10,42,0,0,27,4,31,0,8,51,14,73,34,8,42,115
11/21/2019,PKB,WV,AEA,CE,Federal Contract Tower,0,13,9,8,30,0,0,18,4,22,0,13,27,12,52,8,2,10,62
11/22/2019,PKB,WV,AEA,CE,Federal Contract Tower,0,13,12,0,25,0,1,22,0,23,0,14,34,0,48,28,0,28,76
11/23/2019,PKB,WV,AEA,CE,Federal Contract Tower,0,6,5,0,11,0,0,8,2,10,0,6,13,2,21,26,10,36,57
11/24/2019,PKB,WV,AEA,CE,Federal Contract Tower,0,5,10,0,15,0,0,10,0,10,0,5,20,0,25,0,0,0,25
11/25/2019,PKB,WV,AEA,CE,Federal Contract Tower,0,12,6,5,23,0,1,11,4,16,0,13,17,9,39,16,78,94,133
11/26/2019,PKB,WV,AEA,CE,Federal Contract Tower,0,10,6,5,21,0,0,30,0,30,0,10,36,5,51,20,4,24,75
11/27/2019,PKB,WV,AEA,CE,Federal Contract Tower,0,5,3,0,8,0,0,0,0,0,0,5,3,0,8,0,0,0,8
11/28/2019,PKB,WV,AEA,CE,Federal Contract Tower,0,0,0,0,0,0,0,0,0,0,0,0,0,0,0,0,0,0,0
11/29/2019,PKB,WV,AEA,CE,Federal Contract Tower,0,8,9,0,17,0,0,0,0,0,0,8,9,0,17,22,0,22,39
11/30/2019,PKB,WV,AEA,CE,Federal Contract Tower,0,5,5,0,10,0,0,3,0,3,0,5,8,0,13,4,0,4,17
12/01/2019,PKB,WV,AEA,CE,Federal Contract Tower,0,8,7,0,15,0,0,1,0,1,0,8,8,0,16,0,0,0,16
12/02/2019,PKB,WV,AEA,CE,Federal Contract Tower,0,5,5,0,10,0,0,0,0,0,0,5,5,0,10,0,0,0,10
12/03/2019,PKB,WV,AEA,CE,Federal Contract Tower,0,12,12,3,27,0,0,10,3,13,0,12,22,6,40,2,8,10,50
12/04/2019,PKB,WV,AEA,CE,Federal Contract Tower,0,11,4,1,16,0,0,17,9,26,0,11,21,10,42,0,44,44,86
12/05/2019,PKB,WV,AEA,CE,Federal Contract Tower,0,10,4,0,14,0,4,34,19,57,0,14,38,19,71,8,32,40,111
12/06/2019,PKB,WV,AEA,CE,Federal Contract Tower,0,11,3,3,17,0,0,12,13,25,0,11,15,16,42,0,114,114,156
12/07/2019,PKB,WV,AEA,CE,Federal Contract Tower,0,4,18,4,26,0,0,26,7,33,0,4,44,11,59,6,46,52,111
12/08/2019,PKB,WV,AEA,CE,Federal Contract Tower,0,5,9,0,14,0,0,19,6,25,0,5,28,6,39,12,20,32,71
12/09/2019,PKB,WV,AEA,CE,Federal Contract Tower,0,8,3,0,11,0,0,2,2,4,0,8,5,2,15,0,0,0,15
12/10/2019,PKB,WV,AEA,CE,Federal Contract Tower,0,14,4,1,19,0,0,4,3,7,0,14,8,4,26,0,42,42,68
12/11/2019,PKB,WV,AEA,CE,Federal Contract Tower,0,10,11,2,23,0,0,33,6,39,0,10,44,8,62,8,20,28,90
12/12/2019,PKB,WV,AEA,CE,Federal Contract Tower,0,14,13,12,39,0,0,42,5,47,0,14,55,17,86,6,42,48,134
12/13/2019,PKB,WV,AEA,CE,Federal Contract Tower,0,12,0,0,12,0,0,2,0,2,0,12,2,0,14,0,0,0,14
12/14/2019,PKB,WV,AEA,CE,Federal Contract Tower,0,6,3,0,9,0,0,0,0,0,0,6,3,0,9,0,0,0,9
12/15/2019,PKB,WV,AEA,CE,Federal Contract Tower,0,4,4,0,8,0,0,7,0,7,0,4,11,0,15,0,0,0,15
12/16/2019,PKB,WV,AEA,CE,Federal Contract Tower,0,12,2,0,14,0,0,0,2,2,0,12,2,2,16,0,14,14,30
12/17/2019,PKB,WV,AEA,CE,Federal Contract Tower,0,14,9,0,23,0,0,0,4,4,0,14,9,4,27,0,10,10,37
12/18/2019,PKB,WV,AEA,CE,Federal Contract Tower,0,14,1,3,18,0,0,10,6,16,0,14,11,9,34,0,10,10,44
12/19/2019,PKB,WV,AEA,CE,Federal Contract Tower,0,12,6,5,23,0,4,26,4,34,0,16,32,9,57,20,22,42,99
12/20/2019,PKB,WV,AEA,CE,Federal Contract Tower,0,15,6,2,23,0,0,24,11,35,0,15,30,13,58,6,60,66,124
12/21/2019,PKB,WV,AEA,CE,Federal Contract Tower,0,7,11,0,18,0,0,30,0,30,0,7,41,0,48,6,0,6,54
12/22/2019,PKB,WV,AEA,CE,Federal Contract Tower,0,6,2,0,8,0,0,23,0,23,0,6,25,0,31,26,0,26,57
12/23/2019,PKB,WV,AEA,CE,Federal Contract Tower,0,6,9,0,15,0,2,22,0,24,0,8,31,0,39,14,0,14,53
12/24/2019,PKB,WV,AEA,CE,Federal Contract Tower,0,8,5,0,13,0,0,21,0,21,0,8,26,0,34,12,0,12,46
12/25/2019,PKB,WV,AEA,CE,Federal Contract Tower,0,0,4,0,4,0,0,19,0,19,0,0,23,0,23,4,0,4,27
12/26/2019,PKB,WV,AEA,CE,Federal Contract Tower,0,6,7,1,14,0,0,24,2,26,0,6,31,3,40,8,0,8,48
12/27/2019,PKB,WV,AEA,CE,Federal Contract Tower,0,10,16,6,32,0,0,17,7,24,0,10,33,13,56,0,48,48,104
12/28/2019,PKB,WV,AEA,CE,Federal Contract Tower,0,4,3,0,7,0,0,13,0,13,0,4,16,0,20,0,0,0,20
12/29/2019,PKB,WV,AEA,CE,Federal Contract Tower,0,4,4,0,8,0,0,2,0,2,0,4,6,0,10,0,0,0,10
12/30/2019,PKB,WV,AEA,CE,Federal Contract Tower,0,6,7,0,13,0,0,4,0,4,0,6,11,0,17,10,0,10,27
12/31/2019,PKB,WV,AEA,CE,Federal Contract Tower,0,7,3,0,10,0,0,1,0,1,0,7,4,0,11,0,0,0,11
01/01/2020,PKB,WV,AEA,CE,Federal Contract Tower,0,3,1,0,4,0,0,6,0,6,0,3,7,0,10,0,0,0,10
01/02/2020,PKB,WV,AEA,CE,Federal Contract Tower,0,9,13,1,23,0,0,10,16,26,0,9,23,17,49,0,68,68,117
01/03/2020,PKB,WV,AEA,CE,Federal Contract Tower,0,9,2,0,11,0,0,0,0,0,0,9,2,0,11,0,0,0,11
01/04/2020,PKB,WV,AEA,CE,Federal Contract Tower,0,5,3,0,8,0,0,0,0,0,0,5,3,0,8,0,0,0,8
01/05/2020,PKB,WV,AEA,CE,Federal Contract Tower,0,6,10,0,16,0,0,9,0,9,0,6,19,0,25,4,0,4,29
01/06/2020,PKB,WV,AEA,CE,Federal Contract Tower,0,5,6,3,14,0,0,15,6,21,0,5,21,9,35,4,6,10,45
01/07/2020,PKB,WV,AEA,CE,Federal Contract Tower,0,10,11,2,23,0,0,22,7,29,0,10,33,9,52,10,66,76,128
01/08/2020,PKB,WV,AEA,CE,Federal Contract Tower,0,5,4,3,12,0,0,20,16,36,0,5,24,19,48,6,78,84,132
01/09/2020,PKB,WV,AEA,CE,Federal Contract Tower,0,11,12,0,23,0,0,44,7,51,0,11,56,7,74,40,38,78,152
01/10/2020,PKB,WV,AEA,CE,Federal Contract Tower,0,11,13,3,27,0,0,15,10,25,0,11,28,13,52,8,98,106,158
01/11/2020,PKB,WV,AEA,CE,Federal Contract Tower,0,4,0,0,4,0,0,8,3,11,0,4,8,3,15,8,52,60,75
01/12/2020,PKB,WV,AEA,CE,Federal Contract Tower,0,3,10,1,14,0,0,14,3,17,0,3,24,4,31,18,60,78,109
01/13/2020,PKB,WV,AEA,CE,Federal Contract Tower,0,8,23,1,32,0,0,7,8,15,0,8,30,9,47,2,20,22,69
01/14/2020,PKB,WV,AEA,CE,Federal Contract Tower,0,8,6,2,16,0,0,17,6,23,0,8,23,8,39,4,36,40,79
01/15/2020,PKB,WV,AEA,CE,Federal Contract Tower,0,2,9,1,12,0,0,7,5,12,0,2,16,6,24,0,0,0,24
01/16/2020,PKB,WV,AEA,CE,Federal Contract Tower,0,7,8,5,20,0,0,21,29,50,0,7,29,34,70,24,130,154,224
01/17/2020,PKB,WV,AEA,CE,Federal Contract Tower,0,10,17,4,31,0,0,37,21,58,0,10,54,25,89,4,92,96,185
01/18/2020,PKB,WV,AEA,CE,Federal Contract Tower,0,3,0,0,3,0,0,1,0,1,0,3,1,0,4,0,0,0,4
01/19/2020,PKB,WV,AEA,CE,Federal Contract Tower,0,6,0,0,6,0,0,3,0,3,0,6,3,0,9,12,0,12,21
01/20/2020,PKB,WV,AEA,CE,Federal Contract Tower,0,6,3,0,9,0,0,3,0,3,0,6,6,0,12,12,0,12,24
01/21/2020,PKB,WV,AEA,CE,Federal Contract Tower,0,8,10,6,24,0,0,21,5,26,0,8,31,11,50,38,42,80,130
01/22/2020,PKB,WV,AEA,CE,Federal Contract Tower,0,7,16,6,29,0,0,48,3,51,0,7,64,9,80,20,40,60,140
01/23/2020,PKB,WV,AEA,CE,Federal Contract Tower,0,9,13,6,28,0,0,21,8,29,0,9,34,14,57,38,20,58,115
01/24/2020,PKB,WV,AEA,CE,Federal Contract Tower,0,12,1,0,13,0,0,0,2,2,0,12,1,2,15,0,12,12,27
01/25/2020,PKB,WV,AEA,CE,Federal Contract Tower,0,3,1,0,4,0,0,2,0,2,0,3,3,0,6,0,0,0,6
01/26/2020,PKB,WV,AEA,CE,Federal Contract Tower,0,4,1,0,5,0,0,0,0,0,0,4,1,0,5,0,0,0,5
01/27/2020,PKB,WV,AEA,CE,Federal Contract Tower,0,7,7,1,15,0,0,4,0,4,0,7,11,1,19,18,26,44,63
01/28/2020,PKB,WV,AEA,CE,Federal Contract Tower,0,8,2,3,13,0,0,11,2,13,0,8,13,5,26,16,0,16,42
01/29/2020,PKB,WV,AEA,CE,Federal Contract Tower,0,8,7,3,18,0,2,16,2,20,0,10,23,5,38,38,0,38,76
01/30/2020,PKB,WV,AEA,CE,Federal Contract Tower,0,12,9,3,24,0,0,31,21,52,0,12,40,24,76,46,82,128,204
01/31/2020,PKB,WV,AEA,CE,Federal Contract Tower,0,8,11,12,31,0,0,0,0,0,0,8,11,12,31,34,148,182,213
02/01/2020,PKB,WV,AEA,CE,Federal Contract Tower,0,5,1,3,9,0,0,0,9,9,0,5,1,12,18,0,0,0,18
02/02/2020,PKB,WV,AEA,CE,Federal Contract Tower,0,4,7,0,11,0,0,10,0,10,0,4,17,0,21,8,0,8,29
02/03/2020,PKB,WV,AEA,CE,Federal Contract Tower,0,6,16,0,22,0,0,54,19,73,0,6,70,19,95,54,76,130,225
02/04/2020,PKB,WV,AEA,CE,Federal Contract Tower,0,12,4,0,16,0,0,0,0,0,0,12,4,0,16,0,38,38,54
02/05/2020,PKB,WV,AEA,CE,Federal Contract Tower,0,5,1,18,24,0,2,0,13,15,0,7,1,31,39,0,50,50,89
02/06/2020,PKB,WV,AEA,CE,Federal Contract Tower,0,6,4,1,11,0,0,0,0,0,0,6,4,1,11,0,0,0,11
02/07/2020,PKB,WV,AEA,CE,Federal Contract Tower,0,9,3,0,12,0,0,0,1,1,0,9,3,1,13,0,0,0,13
02/08/2020,PKB,WV,AEA,CE,Federal Contract Tower,0,3,3,0,6,0,0,1,0,1,0,3,4,0,7,2,0,2,9
02/10/2020,PKB,WV,AEA,CE,Federal Contract Tower,0,6,7,2,15,0,0,0,0,0,0,6,7,2,15,0,0,0,15
02/11/2020,PKB,WV,AEA,CE,Federal Contract Tower,0,9,12,0,21,0,0,1,12,13,0,9,13,12,34,0,96,96,130
02/12/2020,PKB,WV,AEA,CE,Federal Contract Tower,0,6,5,2,13,0,2,5,10,17,0,8,10,12,30,0,82,82,112
02/13/2020,PKB,WV,AEA,CE,Federal Contract Tower,0,10,5,4,19,0,0,0,10,10,0,10,5,14,29,0,162,162,191
02/14/2020,PKB,WV,AEA,CE,Federal Contract Tower,0,10,6,4,20,0,0,10,2,12,0,10,16,6,32,0,50,50,82
02/15/2020,PKB,WV,AEA,CE,Federal Contract Tower,0,3,14,4,21,0,0,39,0,39,0,3,53,4,60,44,0,44,104
02/16/2020,PKB,WV,AEA,CE,Federal Contract Tower,0,6,25,0,31,0,0,25,0,25,0,6,50,0,56,72,0,72,128
02/17/2020,PKB,WV,AEA,CE,Federal Contract Tower,0,6,23,0,29,0,0,37,0,37,0,6,60,0,66,44,0,44,110
02/18/2020,PKB,WV,AEA,CE,Federal Contract Tower,0,8,18,0,26,0,0,0,0,0,0,8,18,0,26,6,0,6,32
02/19/2020,PKB,WV,AEA,CE,Federal Contract Tower,0,5,7,3,15,0,0,37,9,46,0,5,44,12,61,60,54,114,175
02/20/2020,PKB,WV,AEA,CE,Federal Contract Tower,0,8,27,6,41,0,1,14,6,21,0,9,41,12,62,48,54,102,164
02/21/2020,PKB,WV,AEA,CE,Federal Contract Tower,0,8,11,2,21,0,3,45,0,48,0,11,56,2,69,72,0,72,141
02/22/2020,PKB,WV,AEA,CE,Federal Contract Tower,0,4,26,1,31,0,2,40,0,42,0,6,66,1,73,58,0,58,131
02/23/2020,PKB,WV,AEA,CE,Federal Contract Tower,0,4,13,1,18,0,0,56,0,56,0,4,69,1,74,48,0,48,122
02/24/2020,PKB,WV,AEA,CE,Federal Contract Tower,0,8,15,6,29,0,0,13,0,13,0,8,28,6,42,90,0,90,132
02/25/2020,PKB,WV,AEA,CE,Federal Contract Tower,0,13,2,0,15,0,0,0,0,0,0,13,2,0,15,0,0,0,15
02/26/2020,PKB,WV,AEA,CE,Federal Contract Tower,0,9,7,3,19,0,0,0,7,7,0,9,7,10,26,2,50,52,78
02/27/2020,PKB,WV,AEA,CE,Federal Contract Tower,0,10,9,3,22,0,0,0,10,10,0,10,9,13,32,0,106,106,138
02/28/2020,PKB,WV,AEA,CE,Federal Contract Tower,0,11,15,3,29,0,0,10,10,20,0,11,25,13,49,0,28,28,77
02/29/2020,PKB,WV,AEA,CE,Federal Contract Tower,0,3,14,0,17,0,2,12,0,14,0,5,26,0,31,6,0,6,37
03/01/2020,PKB,WV,AEA,CE,Federal Contract Tower,0,6,8,0,14,0,1,32,0,33,0,7,40,0,47,0,0,0,47
03/02/2020,PKB,WV,AEA,CE,Federal Contract Tower,0,4,7,3,14,0,0,10,4,14,0,4,17,7,28,0,16,16,44
03/03/2020,PKB,WV,AEA,CE,Federal Contract Tower,0,10,10,3,23,0,0,0,3,3,0,10,10,6,26,0,50,50,76
03/04/2020,PKB,WV,AEA,CE,Federal Contract Tower,0,8,6,0,14,0,0,28,13,41,0,8,34,13,55,36,54,90,145
03/05/2020,PKB,WV,AEA,CE,Federal Contract Tower,0,10,9,0,19,0,4,52,14,70,0,14,61,14,89,132,24,156,245
03/06/2020,PKB,WV,AEA,CE,Federal Contract Tower,0,6,14,12,32,0,0,2,0,2,0,6,16,12,34,0,96,96,130
03/07/2020,PKB,WV,AEA,CE,Federal Contract Tower,0,6,8,0,14,0,0,23,15,38,0,6,31,15,52,54,4,58,110
03/08/2020,PKB,WV,AEA,CE,Federal Contract Tower,0,4,8,2,14,0,7,35,4,46,0,11,43,6,60,64,30,94,154
03/09/2020,PKB,WV,AEA,CE,Federal Contract Tower,0,4,10,9,23,0,5,21,1,27,0,9,31,10,50,2,0,2,52
03/10/2020,PKB,WV,AEA,CE,Federal Contract Tower,0,9,6,3,18,0,0,0,0,0,0,9,6,3,18,4,0,4,22
03/11/2020,PKB,WV,AEA,CE,Federal Contract Tower,0,5,12,9,26,0,0,0,8,8,0,5,12,17,34,0,28,28,62
03/12/2020,PKB,WV,AEA,CE,Federal Contract Tower,0,6,13,4,23,0,1,21,1,23,0,7,34,5,46,22,18,40,86
03/13/2020,PKB,WV,AEA,CE,Federal Contract Tower,0,6,19,2,27,0,1,9,3,13,0,7,28,5,40,4,0,4,44
03/14/2020,PKB,WV,AEA,CE,Federal Contract Tower,0,7,23,0,30,0,2,16,0,18,0,9,39,0,48,60,0,60,108
03/15/2020,PKB,WV,AEA,CE,Federal Contract Tower,0,3,8,1,12,0,0,37,0,37,0,3,45,1,49,52,0,52,101
03/16/2020,PKB,WV,AEA,CE,Federal Contract Tower,0,4,10,1,15,0,0,17,12,29,0,4,27,13,44,42,108,150,194
03/17/2020,PKB,WV,AEA,CE,Federal Contract Tower,0,8,5,2,15,0,0,23,10,33,0,8,28,12,48,0,142,142,190
03/18/2020,PKB,WV,AEA,CE,Federal Contract Tower,0,5,10,10,25,0,2,9,21,32,0,7,19,31,57,28,78,106,163
03/19/2020,PKB,WV,AEA,CE,Federal Contract Tower,0,6,9,4,19,0,0,3,17,20,0,6,12,21,39,0,10,10,49
03/20/2020,PKB,WV,AEA,CE,Federal Contract Tower,0,0,0,1,1,0,0,5,7,12,0,0,5,8,13,0,178,178,191
03/21/2020,PKB,WV,AEA,CE,Federal Contract Tower,0,0,0,0,0,0,0,5,0,5,0,0,5,0,5,0,0,0,5
03/22/2020,PKB,WV,AEA,CE,Federal Contract Tower,0,0,1,0,1,0,4,28,0,32,0,4,29,0,33,22,0,22,55
03/23/2020,PKB,WV,AEA,CE,Federal Contract Tower,0,0,0,0,0,0,0,1,0,1,0,0,1,0,1,0,0,0,1
03/24/2020,PKB,WV,AEA,CE,Federal Contract Tower,0,0,0,0,0,0,1,5,0,6,0,1,5,0,6,4,0,4,10
03/25/2020,PKB,WV,AEA,CE,Federal Contract Tower,0,0,0,2,2,0,0,8,2,10,0,0,8,4,12,2,4,6,18
03/26/2020,PKB,WV,AEA,CE,Federal Contract Tower,0,8,12,0,20,0,0,28,3,31,0,8,40,3,51,18,8,26,77
03/27/2020,PKB,WV,AEA,CE,Federal Contract Tower,0,6,3,0,9,0,0,0,0,0,0,6,3,0,9,0,0,0,9
03/28/2020,PKB,WV,AEA,CE,Federal Contract Tower,0,3,0,0,3,0,0,7,0,7,0,3,7,0,10,0,0,0,10
03/29/2020,PKB,WV,AEA,CE,Federal Contract Tower,0,4,1,0,5,0,0,6,0,6,0,4,7,0,11,0,0,0,11
03/30/2020,PKB,WV,AEA,CE,Federal Contract Tower,0,6,1,0,7,0,0,15,0,15,0,6,16,0,22,0,0,0,22
03/31/2020,PKB,WV,AEA,CE,Federal Contract Tower,0,8,2,2,12,0,0,11,2,13,0,8,13,4,25,18,2,20,45
04/01/2020,PKB,WV,AEA,CE,Federal Contract Tower,0,5,1,0,6,0,0,3,10,13,0,5,4,10,19,0,26,26,45
04/02/2020,PKB,WV,AEA,CE,Federal Contract Tower,0,7,10,2,19,0,2,21,7,30,0,9,31,9,49,6,28,34,83
04/03/2020,PKB,WV,AEA,CE,Federal Contract Tower,0,6,1,0,7,0,0,14,19,33,0,6,15,19,40,46,92,138,178
04/04/2020,PKB,WV,AEA,CE,Federal Contract Tower,0,3,1,0,4,0,4,29,9,42,0,7,30,9,46,26,24,50,96
04/05/2020,PKB,WV,AEA,CE,Federal Contract Tower,0,4,4,0,8,0,1,10,8,19,0,5,14,8,27,58,48,106,133
04/06/2020,PKB,WV,AEA,CE,Federal Contract Tower,0,5,1,0,6,0,0,15,0,15,0,5,16,0,21,0,0,0,21
04/07/2020,PKB,WV,AEA,CE,Federal Contract Tower,0,8,1,0,9,0,0,12,2,14,0,8,13,2,23,0,12,12,35
04/08/2020,PKB,WV,AEA,CE,Federal Contract Tower,0,6,0,3,9,0,2,6,2,10,0,8,6,5,19,0,6,6,25
04/09/2020,PKB,WV,AEA,CE,Federal Contract Tower,0,8,1,0,9,0,0,0,0,0,0,8,1,0,9,0,0,0,9
04/10/2020,PKB,WV,AEA,CE,Federal Contract Tower,0,7,1,4,12,0,0,8,1,9,0,7,9,5,21,0,0,0,21
04/11/2020,PKB,WV,AEA,CE,Federal Contract Tower,0,3,13,0,16,0,0,37,0,37,0,3,50,0,53,22,0,22,75
04/12/2020,PKB,WV,AEA,CE,Federal Contract Tower,0,3,1,0,4,0,3,3,0,6,0,6,4,0,10,14,0,14,24
04/13/2020,PKB,WV,AEA,CE,Federal Contract Tower,0,4,2,0,6,0,0,0,0,0,0,4,2,0,6,0,0,0,6
04/14/2020,PKB,WV,AEA,CE,Federal Contract Tower,0,8,2,2,12,0,0,2,0,2,0,8,4,2,14,4,4,8,22
04/15/2020,PKB,WV,AEA,CE,Federal Contract Tower,0,5,9,2,16,0,0,10,14,24,0,5,19,16,40,12,127,139,179
04/16/2020,PKB,WV,AEA,CE,Federal Contract Tower,0,6,12,5,23,0,0,13,20,33,0,6,25,25,56,8,64,72,128
04/17/2020,PKB,WV,AEA,CE,Federal Contract Tower,0,6,7,6,19,0,0,3,7,10,0,6,10,13,29,0,10,10,39
04/18/2020,PKB,WV,AEA,CE,Federal Contract Tower,0,3,11,1,15,0,0,9,1,10,0,3,20,2,25,24,0,24,49
04/19/2020,PKB,WV,AEA,CE,Federal Contract Tower,0,4,1,0,5,0,0,8,0,8,0,4,9,0,13,30,0,30,43
04/20/2020,PKB,WV,AEA,CE,Federal Contract Tower,0,4,0,0,4,0,0,12,0,12,0,4,12,0,16,10,0,10,26
04/21/2020,PKB,WV,AEA,CE,Federal Contract Tower,0,7,1,0,8,0,0,6,3,9,0,7,7,3,17,0,38,38,55
04/22/2020,PKB,WV,AEA,CE,Federal Contract Tower,0,5,11,7,23,0,0,14,23,37,0,5,25,30,60,4,104,108,168
04/23/2020,PKB,WV,AEA,CE,Federal Contract Tower,0,5,5,6,16,0,0,2,2,4,0,5,7,8,20,0,4,4,24
04/24/2020,PKB,WV,AEA,CE,Federal Contract Tower,0,7,3,4,14,0,0,1,0,1,0,7,4,4,15,0,14,14,29
04/25/2020,PKB,WV,AEA,CE,Federal Contract Tower,0,3,14,0,17,0,0,17,0,17,0,3,31,0,34,42,0,42,76
04/26/2020,PKB,WV,AEA,CE,Federal Contract Tower,0,4,0,0,4,0,0,0,0,0,0,4,0,0,4,0,0,0,4
04/27/2020,PKB,WV,AEA,CE,Federal Contract Tower,0,4,11,0,15,0,0,15,4,19,0,4,26,4,34,0,38,38,72
04/28/2020,PKB,WV,AEA,CE,Federal Contract Tower,0,9,2,5,16,0,0,10,10,20,0,9,12,15,36,32,100,132,168
04/29/2020,PKB,WV,AEA,CE,Federal Contract Tower,0,5,2,0,7,0,0,15,29,44,0,5,17,29,51,32,118,150,201
04/30/2020,PKB,WV,AEA,CE,Federal Contract Tower,0,6,5,9,20,0,2,4,15,21,0,8,9,24,41,2,70,72,113
05/01/2020,PKB,WV,AEA,CE,Federal Contract Tower,0,10,7,8,25,0,0,1,0,1,0,10,8,8,26,2,24,26,52
05/02/2020,PKB,WV,AEA,CE,Federal Contract Tower,0,3,19,0,22,0,3,43,0,46,0,6,62,0,68,106,0,106,174
05/03/2020,PKB,WV,AEA,CE,Federal Contract Tower,0,4,4,0,8,0,0,2,0,2,0,4,6,0,10,16,0,16,26
05/04/2020,PKB,WV,AEA,CE,Federal Contract Tower,0,4,18,6,28,0,0,19,18,37,0,4,37,24,65,68,114,182,247
05/05/2020,PKB,WV,AEA,CE,Federal Contract Tower,0,11,12,5,28,0,0,11,7,18,0,11,23,12,46,18,48,66,112
05/06/2020,PKB,WV,AEA,CE,Federal Contract Tower,0,8,9,5,22,0,2,20,11,33,0,10,29,16,55,24,52,76,131
05/07/2020,PKB,WV,AEA,CE,Federal Contract Tower,0,6,16,8,30,0,2,28,14,44,0,8,44,22,74,28,64,92,166
05/08/2020,PKB,WV,AEA,CE,Federal Contract Tower,0,9,11,1,21,0,0,1,2,3,0,9,12,3,24,0,14,14,38
05/09/2020,PKB,WV,AEA,CE,Federal Contract Tower,0,4,20,4,28,0,0,12,0,12,0,4,32,4,40,26,0,26,66
05/10/2020,PKB,WV,AEA,CE,Federal Contract Tower,0,4,10,0,14,0,0,26,0,26,0,4,36,0,40,46,0,46,86
05/11/2020,PKB,WV,AEA,CE,Federal Contract Tower,0,7,6,2,15,0,0,3,11,14,0,7,9,13,29,0,118,118,147
05/12/2020,PKB,WV,AEA,CE,Federal Contract Tower,0,10,12,8,30,0,0,28,34,62,0,10,40,42,92,48,206,254,346
05/13/2020,PKB,WV,AEA,CE,Federal Contract Tower,0,7,7,0,14,0,0,44,25,69,0,7,51,25,83,112,144,256,339
05/14/2020,PKB,WV,AEA,CE,Federal Contract Tower,0,6,12,2,20,0,0,21,9,30,0,6,33,11,50,40,126,166,216
05/15/2020,PKB,WV,AEA,CE,Federal Contract Tower,0,6,5,2,13,0,0,2,2,4,0,6,7,4,17,2,0,2,19
05/16/2020,PKB,WV,AEA,CE,Federal Contract Tower,0,2,11,4,17,0,0,17,12,29,0,2,28,16,46,38,84,122,168
05/17/2020,PKB,WV,AEA,CE,Federal Contract Tower,0,4,8,0,12,0,2,23,3,28,0,6,31,3,40,40,0,40,80
05/18/2020,PKB,WV,AEA,CE,Federal Contract Tower,0,3,6,0,9,0,0,3,10,13,0,3,9,10,22,0,48,48,70
05/19/2020,PKB,WV,AEA,CE,Federal Contract Tower,0,8,7,13,28,0,0,2,18,20,0,8,9,31,48,0,74,74,122
05/20/2020,PKB,WV,AEA,CE,Federal Contract Tower,0,5,7,5,17,0,0,0,8,8,0,5,7,13,25,0,8,8,33
05/21/2020,PKB,WV,AEA,CE,Federal Contract Tower,0,7,9,5,21,0,0,4,6,10,0,7,13,11,31,0,20,20,51
05/22/2020,PKB,WV,AEA,CE,Federal Contract Tower,0,6,16,0,22,0,0,4,2,6,0,6,20,2,28,0,0,0,28
05/23/2020,PKB,WV,AEA,CE,Federal Contract Tower,0,5,20,0,25,0,0,21,0,21,0,5,41,0,46,30,0,30,76
05/24/2020,PKB,WV,AEA,CE,Federal Contract Tower,0,6,12,0,18,0,0,26,0,26,0,6,38,0,44,60,0,60,104
05/25/2020,PKB,WV,AEA,CE,Federal Contract Tower,0,4,16,0,20,0,1,17,0,18,0,5,33,0,38,38,0,38,76
05/26/2020,PKB,WV,AEA,CE,Federal Contract Tower,0,4,6,0,10,0,0,25,7,32,0,4,31,7,42,26,18,44,86
05/27/2020,PKB,WV,AEA,CE,Federal Contract Tower,0,5,17,0,22,0,0,17,14,31,0,5,34,14,53,4,44,48,101
05/28/2020,PKB,WV,AEA,CE,Federal Contract Tower,0,15,13,0,28,0,0,8,0,8,0,15,21,0,36,14,0,14,50
05/29/2020,PKB,WV,AEA,CE,Federal Contract Tower,0,6,4,0,10,0,1,7,1,9,0,7,11,1,19,22,0,22,41
05/30/2020,PKB,WV,AEA,CE,Federal Contract Tower,0,3,12,0,15,0,2,35,2,39,0,5,47,2,54,48,0,48,102
05/31/2020,PKB,WV,AEA,CE,Federal Contract Tower,0,3,6,0,9,0,4,40,1,45,0,7,46,1,54,36,0,36,90
06/01/2020,PKB,WV,AEA,CE,Federal Contract Tower,0,1,4,2,7,0,4,28,10,42,0,5,32,12,49,36,16,52,101
06/02/2020,PKB,WV,AEA,CE,Federal Contract Tower,0,4,9,1,14,0,0,11,11,22,0,4,20,12,36,0,32,32,68
06/03/2020,PKB,WV,AEA,CE,Federal Contract Tower,0,4,6,1,11,0,0,17,10,27,0,4,23,11,38,14,0,14,52
06/04/2020,PKB,WV,AEA,CE,Federal Contract Tower,0,4,5,5,14,0,0,12,5,17,0,4,17,10,31,36,2,38,69
06/05/2020,PKB,WV,AEA,CE,Federal Contract Tower,0,4,6,0,10,0,0,8,5,13,0,4,14,5,23,60,2,62,85
06/06/2020,PKB,WV,AEA,CE,Federal Contract Tower,0,1,12,0,13,0,0,31,0,31,0,1,43,0,44,34,0,34,78
06/07/2020,PKB,WV,AEA,CE,Federal Contract Tower,0,0,6,0,6,0,0,31,0,31,0,0,37,0,37,44,0,44,81
06/08/2020,PKB,WV,AEA,CE,Federal Contract Tower,0,1,4,0,5,0,0,32,14,46,0,1,36,14,51,36,2,38,89
06/09/2020,PKB,WV,AEA,CE,Federal Contract Tower,0,4,6,0,10,0,0,36,9,45,0,4,42,9,55,0,2,2,57
06/10/2020,PKB,WV,AEA,CE,Federal Contract Tower,0,3,13,0,16,0,2,4,7,13,0,5,17,7,29,2,10,12,41
06/11/2020,PKB,WV,AEA,CE,Federal Contract Tower,0,3,5,3,11,0,0,26,3,29,0,3,31,6,40,60,18,78,118
06/12/2020,PKB,WV,AEA,CE,Federal Contract Tower,0,0,0,0,0,0,0,0,4,4,0,0,0,4,4,0,0,0,4
06/13/2020,PKB,WV,AEA,CE,Federal Contract Tower,0,0,2,1,3,0,3,0,2,5,0,3,2,3,8,0,0,0,8
06/14/2020,PKB,WV,AEA,CE,Federal Contract Tower,0,0,2,0,2,0,0,0,0,0,0,0,2,0,2,0,0,0,2
06/16/2020,PKB,WV,AEA,CE,Federal Contract Tower,0,0,0,0,0,0,0,2,41,43,0,0,2,41,43,0,22,22,65
06/17/2020,PKB,WV,AEA,CE,Federal Contract Tower,0,0,0,0,0,0,0,2,0,2,0,0,2,0,2,0,0,0,2
06/18/2020,PKB,WV,AEA,CE,Federal Contract Tower,0,0,0,0,0,0,0,0,7,7,0,0,0,7,7,0,0,0,7
06/19/2020,PKB,WV,AEA,CE,Federal Contract Tower,0,0,0,3,3,0,4,0,7,11,0,4,0,10,14,0,0,0,14
06/20/2020,PKB,WV,AEA,CE,Federal Contract Tower,0,0,0,0,0,0,0,4,0,4,0,0,4,0,4,0,0,0,4
06/21/2020,PKB,WV,AEA,CE,Federal Contract Tower,0,0,1,0,1,0,0,15,0,15,0,0,16,0,16,2,0,2,18
06/22/2020,PKB,WV,AEA,CE,Federal Contract Tower,0,4,8,3,15,0,0,16,2,18,0,4,24,5,33,36,0,36,69
06/23/2020,PKB,WV,AEA,CE,Federal Contract Tower,0,8,7,2,17,0,0,13,3,16,0,8,20,5,33,0,8,8,41
06/24/2020,PKB,WV,AEA,CE,Federal Contract Tower,5,13,0,0,18,0,7,37,4,48,5,20,37,4,66,6,0,6,72
06/25/2020,PKB,WV,AEA,CE,Federal Contract Tower,0,8,8,1,17,0,0,45,12,57,0,8,53,13,74,22,30,52,126
06/26/2020,PKB,WV,AEA,CE,Federal Contract Tower,0,8,14,0,22,0,0,22,0,22,0,8,36,0,44,0,0,0,44
06/27/2020,PKB,WV,AEA,CE,Federal Contract Tower,0,2,0,0,2,0,0,4,0,4,0,2,4,0,6,46,0,46,52
06/28/2020,PKB,WV,AEA,CE,Federal Contract Tower,0,6,1,2,9,0,0,23,0,23,0,6,24,2,32,0,0,0,32
06/29/2020,PKB,WV,AEA,CE,Federal Contract Tower,0,5,4,4,13,0,0,29,2,31,0,5,33,6,44,64,2,66,110
06/30/2020,PKB,WV,AEA,CE,Federal Contract Tower,0,9,13,0,22,0,0,33,3,36,0,9,46,3,58,68,18,86,144
07/01/2020,PKB,WV,AEA,CE,Federal Contract Tower,0,9,14,1,24,0,4,36,3,43,0,13,50,4,67,42,10,52,119
07/02/2020,PKB,WV,AEA,CE,Federal Contract Tower,0,7,6,0,13,0,3,27,6,36,0,10,33,6,49,24,10,34,83
07/03/2020,PKB,WV,AEA,CE,Federal Contract Tower,0,6,10,1,17,0,0,39,0,39,0,6,49,1,56,18,0,18,74
07/04/2020,PKB,WV,AEA,CE,Federal Contract Tower,0,2,6,1,9,0,2,17,8,27,0,4,23,9,36,0,12,12,48
07/05/2020,PKB,WV,AEA,CE,Federal Contract Tower,0,4,4,0,8,0,0,22,0,22,0,4,26,0,30,40,0,40,70
07/06/2020,PKB,WV,AEA,CE,Federal Contract Tower,0,5,7,0,12,0,0,23,2,25,0,5,30,2,37,28,0,28,65
07/07/2020,PKB,WV,AEA,CE,Federal Contract Tower,0,9,5,0,14,0,0,29,0,29,0,9,34,0,43,34,0,34,77
07/08/2020,PKB,WV,AEA,CE,Federal Contract Tower,0,6,6,4,16,0,0,27,8,35,0,6,33,12,51,30,8,38,89
07/09/2020,PKB,WV,AEA,CE,Federal Contract Tower,0,12,5,0,17,0,0,9,7,16,0,12,14,7,33,8,14,22,55
07/10/2020,PKB,WV,AEA,CE,Federal Contract Tower,0,9,6,2,17,0,2,12,7,21,0,11,18,9,38,2,0,2,40
07/11/2020,PKB,WV,AEA,CE,Federal Contract Tower,0,4,11,1,16,0,0,21,1,22,0,4,32,2,38,18,0,18,56
07/12/2020,PKB,WV,AEA,CE,Federal Contract Tower,0,3,13,0,16,0,1,12,0,13,0,4,25,0,29,46,0,46,75
07/13/2020,PKB,WV,AEA,CE,Federal Contract Tower,0,7,5,4,16,0,0,15,6,21,0,7,20,10,37,0,4,4,41
07/14/2020,PKB,WV,AEA,CE,Federal Contract Tower,0,14,16,2,32,0,2,33,3,38,0,16,49,5,70,0,0,0,70
07/15/2020,PKB,WV,AEA,CE,Federal Contract Tower,0,7,11,2,20,0,0,38,10,48,0,7,49,12,68,6,30,36,104
07/16/2020,PKB,WV,AEA,CE,Federal Contract Tower,0,8,2,4,14,0,1,12,0,13,0,9,14,4,27,2,4,6,33
07/17/2020,PKB,WV,AEA,CE,Federal Contract Tower,0,9,4,8,21,0,1,13,2,16,0,10,17,10,37,56,0,56,93
07/18/2020,PKB,WV,AEA,CE,Federal Contract Tower,0,5,9,0,14,0,0,24,0,24,0,5,33,0,38,0,0,0,38
07/19/2020,PKB,WV,AEA,CE,Federal Contract Tower,0,6,4,0,10,0,0,5,0,5,0,6,9,0,15,0,0,0,15
07/20/2020,PKB,WV,AEA,CE,Federal Contract Tower,0,7,13,2,22,0,0,23,9,32,0,7,36,11,54,10,56,66,120
07/21/2020,PKB,WV,AEA,CE,Federal Contract Tower,0,8,10,7,25,0,0,26,12,38,0,8,36,19,63,10,52,62,125
07/22/2020,PKB,WV,AEA,CE,Federal Contract Tower,0,6,5,6,17,0,0,16,3,19,0,6,21,9,36,22,0,22,58
07/23/2020,PKB,WV,AEA,CE,Federal Contract Tower,0,6,16,7,29,0,0,2,1,3,0,6,18,8,32,14,42,56,88
07/24/2020,PKB,WV,AEA,CE,Federal Contract Tower,0,11,16,6,33,0,3,23,1,27,0,14,39,7,60,0,0,0,60
07/25/2020,PKB,WV,AEA,CE,Federal Contract Tower,0,2,1,0,3,0,0,2,0,2,0,2,3,0,5,0,0,0,5
07/26/2020,PKB,WV,AEA,CE,Federal Contract Tower,0,5,12,0,17,0,0,24,0,24,0,5,36,0,41,14,0,14,55
07/27/2020,PKB,WV,AEA,CE,Federal Contract Tower,0,5,5,0,10,0,0,15,6,21,0,5,20,6,31,4,18,22,53
07/28/2020,PKB,WV,AEA,CE,Federal Contract Tower,0,7,7,1,15,0,0,26,2,28,0,7,33,3,43,42,0,42,85
07/29/2020,PKB,WV,AEA,CE,Federal Contract Tower,0,6,15,2,23,0,0,58,4,62,0,6,73,6,85,54,0,54,139
07/30/2020,PKB,WV,AEA,CE,Federal Contract Tower,0,8,19,2,29,0,0,21,2,23,0,8,40,4,52,8,0,8,60
07/31/2020,PKB,WV,AEA,CE,Federal Contract Tower,0,6,8,1,15,0,0,18,2,20,0,6,26,3,35,14,0,14,49
08/01/2020,PKB,WV,AEA,CE,Federal Contract Tower,0,7,19,0,26,0,5,2,0,7,0,12,21,0,33,0,0,0,33
08/02/2020,PKB,WV,AEA,CE,Federal Contract Tower,0,4,6,0,10,0,0,13,0,13,0,4,19,0,23,18,0,18,41
08/03/2020,PKB,WV,AEA,CE,Federal Contract Tower,0,5,4,0,9,0,0,18,8,26,0,5,22,8,35,86,0,86,121
08/04/2020,PKB,WV,AEA,CE,Federal Contract Tower,0,8,8,2,18,0,0,12,5,17,0,8,20,7,35,18,12,30,65
08/05/2020,PKB,WV,AEA,CE,Federal Contract Tower,0,2,8,5,15,0,0,18,13,31,0,2,26,18,46,4,20,24,70
08/06/2020,PKB,WV,AEA,CE,Federal Contract Tower,0,8,5,10,23,0,3,33,11,47,0,11,38,21,70,40,10,50,120
08/07/2020,PKB,WV,AEA,CE,Federal Contract Tower,0,6,15,3,24,0,0,37,11,48,0,6,52,14,72,64,20,84,156
08/08/2020,PKB,WV,AEA,CE,Federal Contract Tower,0,3,5,0,8,0,2,45,2,49,0,5,50,2,57,25,0,25,82
08/09/2020,PKB,WV,AEA,CE,Federal Contract Tower,0,6,3,0,9,0,2,32,0,34,0,8,35,0,43,38,0,38,81
08/10/2020,PKB,WV,AEA,CE,Federal Contract Tower,0,4,11,0,15,0,0,23,4,27,0,4,34,4,42,12,0,12,54
08/11/2020,PKB,WV,AEA,CE,Federal Contract Tower,0,7,27,5,39,0,0,35,12,47,0,7,62,17,86,44,24,68,154
08/12/2020,PKB,WV,AEA,CE,Federal Contract Tower,0,9,10,4,23,0,0,34,15,49,0,9,44,19,72,4,16,20,92
08/13/2020,PKB,WV,AEA,CE,Federal Contract Tower,0,9,10,1,20,0,0,22,9,31,0,9,32,10,51,2,0,2,53
08/14/2020,PKB,WV,AEA,CE,Federal Contract Tower,0,7,5,1,13,0,0,20,0,20,0,7,25,1,33,14,0,14,47
08/15/2020,PKB,WV,AEA,CE,Federal Contract Tower,0,3,9,0,12,0,0,4,0,4,0,3,13,0,16,0,0,0,16
08/16/2020,PKB,WV,AEA,CE,Federal Contract Tower,0,4,6,2,12,0,0,16,2,18,0,4,22,4,30,24,0,24,54
08/17/2020,PKB,WV,AEA,CE,Federal Contract Tower,0,5,2,5,12,0,0,17,1,18,0,5,19,6,30,0,0,0,30
08/18/2020,PKB,WV,AEA,CE,Federal Contract Tower,0,9,14,0,23,0,2,38,2,42,0,11,52,2,65,32,0,32,97
08/19/2020,PKB,WV,AEA,CE,Federal Contract Tower,0,7,5,8,20,0,0,39,15,54,0,7,44,23,74,26,90,116,190
08/20/2020,PKB,WV,AEA,CE,Federal Contract Tower,0,8,11,2,21,0,8,44,12,64,0,16,55,14,85,20,42,62,147
08/21/2020,PKB,WV,AEA,CE,Federal Contract Tower,0,7,8,2,17,0,0,17,3,20,0,7,25,5,37,6,0,6,43
08/22/2020,PKB,WV,AEA,CE,Federal Contract Tower,0,3,1,0,4,0,0,20,1,21,0,3,21,1,25,0,0,0,25
08/23/2020,PKB,WV,AEA,CE,Federal Contract Tower,0,4,5,0,9,0,1,21,0,22,0,5,26,0,31,32,0,32,63
08/24/2020,PKB,WV,AEA,CE,Federal Contract Tower,0,5,11,6,22,0,3,26,4,33,0,8,37,10,55,0,0,0,55
08/25/2020,PKB,WV,AEA,CE,Federal Contract Tower,0,8,6,10,24,0,2,19,8,29,0,10,25,18,53,18,22,40,93
08/26/2020,PKB,WV,AEA,CE,Federal Contract Tower,0,6,7,4,17,0,0,25,9,34,0,6,32,13,51,20,28,48,99
08/27/2020,PKB,WV,AEA,CE,Federal Contract Tower,0,6,6,2,14,0,0,17,7,24,0,6,23,9,38,0,46,46,84
08/28/2020,PKB,WV,AEA,CE,Federal Contract Tower,0,8,6,4,18,0,0,8,1,9,0,8,14,5,27,0,16,16,43
08/29/2020,PKB,WV,AEA,CE,Federal Contract Tower,0,3,20,0,23,0,0,6,0,6,0,3,26,0,29,18,0,18,47
08/30/2020,PKB,WV,AEA,CE,Federal Contract Tower,0,3,14,4,21,0,2,57,0,59,0,5,71,4,80,62,0,62,142
08/31/2020,PKB,WV,AEA,CE,Federal Contract Tower,0,5,8,3,16,0,0,3,1,4,0,5,11,4,20,24,0,24,44
09/01/2020,PKB,WV,AEA,CE,Federal Contract Tower,0,2,14,4,20,0,0,21,2,23,0,2,35,6,43,66,0,66,109
09/02/2020,PKB,WV,AEA,CE,Federal Contract Tower,0,6,13,2,21,0,0,5,1,6,0,6,18,3,27,12,0,12,39
09/03/2020,PKB,WV,AEA,CE,Federal Contract Tower,0,9,8,2,19,0,0,5,0,5,0,9,13,2,24,8,0,8,32
09/04/2020,PKB,WV,AEA,CE,Federal Contract Tower,0,9,16,5,30,0,5,39,3,47,0,14,55,8,77,64,2,66,143
09/05/2020,PKB,WV,AEA,CE,Federal Contract Tower,0,3,13,0,16,0,0,35,0,35,0,3,48,0,51,40,0,40,91
09/06/2020,PKB,WV,AEA,CE,Federal Contract Tower,0,5,6,0,11,0,0,34,0,34,0,5,40,0,45,28,0,28,73
09/07/2020,PKB,WV,AEA,CE,Federal Contract Tower,0,5,12,0,17,0,0,22,2,24,0,5,34,2,41,22,10,32,73
09/08/2020,PKB,WV,AEA,CE,Federal Contract Tower,0,8,10,0,18,0,2,23,8,33,0,10,33,8,51,60,0,60,111
09/09/2020,PKB,WV,AEA,CE,Federal Contract Tower,0,7,5,3,15,0,2,23,2,27,0,9,28,5,42,20,0,20,62
09/10/2020,PKB,WV,AEA,CE,Federal Contract Tower,0,3,25,1,29,0,0,41,2,43,0,3,66,3,72,8,0,8,80
09/11/2020,PKB,WV,AEA,CE,Federal Contract Tower,0,8,13,0,21,0,0,9,6,15,0,8,22,6,36,70,28,98,134
09/12/2020,PKB,WV,AEA,CE,Federal Contract Tower,0,3,14,0,17,0,0,22,9,31,0,3,36,9,48,0,0,0,48
09/13/2020,PKB,WV,AEA,CE,Federal Contract Tower,0,6,7,0,13,0,0,1,0,1,0,6,8,0,14,0,0,0,14
09/14/2020,PKB,WV,AEA,CE,Federal Contract Tower,0,5,4,5,14,0,0,29,1,30,0,5,33,6,44,44,0,44,88
09/15/2020,PKB,WV,AEA,CE,Federal Contract Tower,0,3,4,4,11,0,0,34,15,49,0,3,38,19,60,34,82,116,176
09/16/2020,PKB,WV,AEA,CE,Federal Contract Tower,0,2,16,11,29,0,0,35,6,41,0,2,51,17,70,60,4,64,134
09/17/2020,PKB,WV,AEA,CE,Federal Contract Tower,0,4,12,6,22,0,0,12,12,24,0,4,24,18,46,4,38,42,88
09/18/2020,PKB,WV,AEA,CE,Federal Contract Tower,0,6,5,3,14,0,0,9,6,15,0,6,14,9,29,0,10,10,39
09/19/2020,PKB,WV,AEA,CE,Federal Contract Tower,0,5,15,4,24,0,2,29,4,35,0,7,44,8,59,20,10,30,89
09/21/2020,PKB,WV,AEA,CE,Federal Contract Tower,0,6,8,2,16,0,0,54,7,61,0,6,62,9,77,24,10,34,111
09/22/2020,PKB,WV,AEA,CE,Federal Contract Tower,0,6,2,1,9,0,2,83,9,94,0,8,85,10,103,28,12,40,143
09/23/2020,PKB,WV,AEA,CE,Federal Contract Tower,0,5,11,6,22,0,0,18,8,26,0,5,29,14,48,14,6,20,68
09/24/2020,PKB,WV,AEA,CE,Federal Contract Tower,0,7,11,0,18,0,0,7,4,11,0,7,18,4,29,0,0,0,29
09/25/2020,PKB,WV,AEA,CE,Federal Contract Tower,0,4,8,3,15,0,0,15,1,16,0,4,23,4,31,12,0,12,43
09/26/2020,PKB,WV,AEA,CE,Federal Contract Tower,0,3,6,0,9,0,0,28,3,31,0,3,34,3,40,18,0,18,58
09/27/2020,PKB,WV,AEA,CE,Federal Contract Tower,0,4,15,0,19,0,0,28,0,28,0,4,43,0,47,106,0,106,153
09/28/2020,PKB,WV,AEA,CE,Federal Contract Tower,0,5,5,2,12,0,0,19,4,23,0,5,24,6,35,16,0,16,51
09/29/2020,PKB,WV,AEA,CE,Federal Contract Tower,0,14,10,6,30,0,2,12,1,15,0,16,22,7,45,42,0,42,87
09/30/2020,PKB,WV,AEA,CE,Federal Contract Tower,0,6,7,1,14,0,0,15,21,36,0,6,22,22,50,4,0,4,54
10/01/2020,PKB,WV,AEA,CE,Federal Contract Tower,0,6,6,0,12,0,0,15,4,19,0,6,21,4,31,36,0,36,67
10/02/2020,PKB,WV,AEA,CE,Federal Contract Tower,0,7,8,2,17,0,0,23,0,23,0,7,31,2,40,38,0,38,78
10/03/2020,PKB,WV,AEA,CE,Federal Contract Tower,0,3,6,0,9,0,1,29,1,31,0,4,35,1,40,46,0,46,86
10/04/2020,PKB,WV,AEA,CE,Federal Contract Tower,0,6,8,0,14,0,0,21,0,21,0,6,29,0,35,0,0,0,35
10/05/2020,PKB,WV,AEA,CE,Federal Contract Tower,0,5,9,0,14,0,0,9,0,9,0,5,18,0,23,10,0,10,33
10/06/2020,PKB,WV,AEA,CE,Federal Contract Tower,0,5,6,0,11,0,0,32,7,39,0,5,38,7,50,70,0,70,120
10/07/2020,PKB,WV,AEA,CE,Federal Contract Tower,0,5,7,4,16,0,0,21,0,21,0,5,28,4,37,20,0,20,57
10/08/2020,PKB,WV,AEA,CE,Federal Contract Tower,0,7,17,3,27,0,0,38,4,42,0,7,55,7,69,58,18,76,145
10/09/2020,PKB,WV,AEA,CE,Federal Contract Tower,0,6,10,2,18,0,0,31,0,31,0,6,41,2,49,18,0,18,67
10/10/2020,PKB,WV,AEA,CE,Federal Contract Tower,0,3,12,0,15,0,0,8,0,8,0,3,20,0,23,28,0,28,51
10/11/2020,PKB,WV,AEA,CE,Federal Contract Tower,0,4,7,0,11,0,0,7,0,7,0,4,14,0,18,4,0,4,22
10/12/2020,PKB,WV,AEA,CE,Federal Contract Tower,0,4,6,0,10,0,0,9,0,9,0,4,15,0,19,0,0,0,19
10/13/2020,PKB,WV,AEA,CE,Federal Contract Tower,0,7,2,0,9,0,2,55,5,62,0,9,57,5,71,12,18,30,101
10/14/2020,PKB,WV,AEA,CE,Federal Contract Tower,0,8,16,2,26,0,0,33,3,36,0,8,49,5,62,28,16,44,106
10/15/2020,PKB,WV,AEA,CE,Federal Contract Tower,0,7,3,0,10,0,0,15,2,17,0,7,18,2,27,18,0,18,45
10/16/2020,PKB,WV,AEA,CE,Federal Contract Tower,0,6,13,2,21,0,2,1,4,7,0,8,14,6,28,10,64,74,102
10/17/2020,PKB,WV,AEA,CE,Federal Contract Tower,0,6,10,0,16,0,0,57,9,66,0,6,67,9,82,28,8,36,118
10/18/2020,PKB,WV,AEA,CE,Federal Contract Tower,0,6,13,0,19,0,0,25,4,29,0,6,38,4,48,8,0,8,56
10/19/2020,PKB,WV,AEA,CE,Federal Contract Tower,0,9,5,0,14,0,0,6,0,6,0,9,11,0,20,18,0,18,38
10/20/2020,PKB,WV,AEA,CE,Federal Contract Tower,0,7,8,0,15,0,0,8,0,8,0,7,16,0,23,0,0,0,23
10/21/2020,PKB,WV,AEA,CE,Federal Contract Tower,0,5,8,0,13,0,0,18,0,18,0,5,26,0,31,18,0,18,49
10/22/2020,PKB,WV,AEA,CE,Federal Contract Tower,0,6,4,0,10,0,4,24,2,30,0,10,28,2,40,36,0,36,76
10/23/2020,PKB,WV,AEA,CE,Federal Contract Tower,0,8,8,1,17,0,0,26,5,31,0,8,34,6,48,12,0,12,60
10/24/2020,PKB,WV,AEA,CE,Federal Contract Tower,0,3,16,2,21,0,0,0,0,0,0,3,16,2,21,0,0,0,21
10/25/2020,PKB,WV,AEA,CE,Federal Contract Tower,0,6,12,0,18,0,1,1,0,2,0,7,13,0,20,0,0,0,20
10/26/2020,PKB,WV,AEA,CE,Federal Contract Tower,0,5,7,0,12,0,0,2,4,6,0,5,9,4,18,0,12,12,30
10/27/2020,PKB,WV,AEA,CE,Federal Contract Tower,0,15,11,2,28,0,0,7,9,16,0,15,18,11,44,30,90,120,164
10/28/2020,PKB,WV,AEA,CE,Federal Contract Tower,0,5,5,2,12,0,0,2,0,2,0,5,7,2,14,0,2,2,16
10/29/2020,PKB,WV,AEA,CE,Federal Contract Tower,9,13,0,0,22,0,0,0,0,0,9,13,0,0,22,2,0,2,24
10/30/2020,PKB,WV,AEA,CE,Federal Contract Tower,0,11,4,2,17,0,0,7,4,11,0,11,11,6,28,0,0,0,28
10/31/2020,PKB,WV,AEA,CE,Federal Contract Tower,0,3,21,0,24,0,2,54,0,56,0,5,75,0,80,102,0,102,182
11/01/2020,PKB,WV,AEA,CE,Federal Contract Tower,0,6,2,0,8,0,0,2,0,2,0,6,4,0,10,0,0,0,10
11/02/2020,PKB,WV,AEA,CE,Federal Contract Tower,0,6,4,2,12,0,0,12,0,12,0,6,16,2,24,6,0,6,30
11/03/2020,PKB,WV,AEA,CE,Federal Contract Tower,0,8,6,2,16,0,2,22,6,30,0,10,28,8,46,26,50,76,122
11/04/2020,PKB,WV,AEA,CE,Federal Contract Tower,0,6,9,6,21,0,0,45,9,54,0,6,54,15,75,18,36,54,129
11/05/2020,PKB,WV,AEA,CE,Federal Contract Tower,0,6,7,0,13,0,2,43,4,49,0,8,50,4,62,96,36,132,194
11/06/2020,PKB,WV,AEA,CE,Federal Contract Tower,0,7,7,6,20,0,1,40,7,48,0,8,47,13,68,52,0,52,120
11/07/2020,PKB,WV,AEA,CE,Federal Contract Tower,0,3,30,0,33,0,0,47,3,50,0,3,77,3,83,46,0,46,129
11/08/2020,PKB,WV,AEA,CE,Federal Contract Tower,0,4,15,0,19,0,4,41,6,51,0,8,56,6,70,16,0,16,86
11/09/2020,PKB,WV,AEA,CE,Federal Contract Tower,0,6,6,0,12,0,2,26,0,28,0,8,32,0,40,18,0,18,58
11/10/2020,PKB,WV,AEA,CE,Federal Contract Tower,0,10,10,1,21,0,0,25,0,25,0,10,35,1,46,2,2,4,50
11/11/2020,PKB,WV,AEA,CE,Federal Contract Tower,0,6,7,1,14,0,0,1,0,1,0,6,8,1,15,4,2,6,21
11/12/2020,PKB,WV,AEA,CE,Federal Contract Tower,0,8,4,14,26,0,2,13,0,15,0,10,17,14,41,0,0,0,41
11/13/2020,PKB,WV,AEA,CE,Federal Contract Tower,0,15,4,2,21,0,4,25,14,43,0,19,29,16,64,10,0,10,74
11/14/2020,PKB,WV,AEA,CE,Federal Contract Tower,0,3,8,0,11,0,0,8,0,8,0,3,16,0,19,50,0,50,69
11/15/2020,PKB,WV,AEA,CE,Federal Contract Tower,0,10,0,0,10,0,0,2,0,2,0,10,2,0,12,0,0,0,12
11/16/2020,PKB,WV,AEA,CE,Federal Contract Tower,0,3,11,0,14,0,2,12,0,14,0,5,23,0,28,34,0,34,62
11/17/2020,PKB,WV,AEA,CE,Federal Contract Tower,0,7,3,4,14,0,0,12,1,13,0,7,15,5,27,36,0,36,63
11/18/2020,PKB,WV,AEA,CE,Federal Contract Tower,0,8,15,0,23,0,2,24,0,26,0,10,39,0,49,12,0,12,61
11/19/2020,PKB,WV,AEA,CE,Federal Contract Tower,0,12,11,0,23,0,0,9,0,9,0,12,20,0,32,0,0,0,32
11/20/2020,PKB,WV,AEA,CE,Federal Contract Tower,0,8,8,0,16,0,0,18,0,18,0,8,26,0,34,24,0,24,58
11/21/2020,PKB,WV,AEA,CE,Federal Contract Tower,0,8,13,0,21,0,0,6,2,8,0,8,19,2,29,8,0,8,37
11/22/2020,PKB,WV,AEA,CE,Federal Contract Tower,0,4,3,0,7,0,0,3,0,3,0,4,6,0,10,6,0,6,16
11/23/2020,PKB,WV,AEA,CE,Federal Contract Tower,0,5,6,1,12,0,0,4,2,6,0,5,10,3,18,0,50,50,68
11/24/2020,PKB,WV,AEA,CE,Federal Contract Tower,0,7,9,1,17,0,0,17,0,17,0,7,26,1,34,0,0,0,34
11/25/2020,PKB,WV,AEA,CE,Federal Contract Tower,0,7,4,0,11,0,0,4,0,4,0,7,8,0,15,0,0,0,15
11/26/2020,PKB,WV,AEA,CE,Federal Contract Tower,0,1,0,0,1,0,0,2,0,2,0,1,2,0,3,24,0,24,27
11/27/2020,PKB,WV,AEA,CE,Federal Contract Tower,0,8,7,0,15,0,0,12,0,12,0,8,19,0,27,44,0,44,71
11/28/2020,PKB,WV,AEA,CE,Federal Contract Tower,0,4,5,0,9,0,0,31,0,31,0,4,36,0,40,86,0,86,126
11/29/2020,PKB,WV,AEA,CE,Federal Contract Tower,0,4,7,0,11,0,3,44,0,47,0,7,51,0,58,58,0,58,116
11/30/2020,PKB,WV,AEA,CE,Federal Contract Tower,0,4,6,0,10,0,0,0,0,0,0,4,6,0,10,0,0,0,10
12/01/2020,PKB,WV,AEA,CE,Federal Contract Tower,0,6,2,0,8,0,0,3,0,3,0,6,5,0,11,6,0,6,17
12/02/2020,PKB,WV,AEA,CE,Federal Contract Tower,0,5,10,0,15,0,0,34,4,38,0,5,44,4,53,8,28,36,89
12/03/2020,PKB,WV,AEA,CE,Federal Contract Tower,0,12,15,2,29,0,0,40,4,44,0,12,55,6,73,90,0,90,163
12/04/2020,PKB,WV,AEA,CE,Federal Contract Tower,0,11,0,0,11,0,0,2,0,2,0,11,2,0,13,14,0,14,27
12/05/2020,PKB,WV,AEA,CE,Federal Contract Tower,0,2,12,0,14,0,0,9,0,9,0,2,21,0,23,2,0,2,25
12/06/2020,PKB,WV,AEA,CE,Federal Contract Tower,0,4,6,0,10,0,3,29,0,32,0,7,35,0,42,102,2,104,146
12/07/2020,PKB,WV,AEA,CE,Federal Contract Tower,0,5,6,0,11,0,1,12,2,15,0,6,18,2,26,28,0,28,54
12/08/2020,PKB,WV,AEA,CE,Federal Contract Tower,0,9,11,1,21,0,0,19,3,22,0,9,30,4,43,12,0,12,55
12/09/2020,PKB,WV,AEA,CE,Federal Contract Tower,0,12,5,4,21,0,0,20,13,33,0,12,25,17,54,10,22,32,86
12/10/2020,PKB,WV,AEA,CE,Federal Contract Tower,0,9,9,0,18,0,3,39,5,47,0,12,48,5,65,60,6,66,131
12/11/2020,PKB,WV,AEA,CE,Federal Contract Tower,0,9,7,0,16,0,2,21,7,30,0,11,28,7,46,34,0,34,80
12/12/2020,PKB,WV,AEA,CE,Federal Contract Tower,0,4,7,0,11,0,0,4,0,4,0,4,11,0,15,10,0,10,25
12/13/2020,PKB,WV,AEA,CE,Federal Contract Tower,0,4,2,0,6,0,2,11,2,15,0,6,13,2,21,12,0,12,33
12/14/2020,PKB,WV,AEA,CE,Federal Contract Tower,0,5,3,3,11,0,0,14,8,22,0,5,17,11,33,0,40,40,73
12/15/2020,PKB,WV,AEA,CE,Federal Contract Tower,0,7,16,0,23,0,0,41,5,46,0,7,57,5,69,26,0,26,95
12/16/2020,PKB,WV,AEA,CE,Federal Contract Tower,0,9,1,0,10,0,0,0,0,0,0,9,1,0,10,0,0,0,10
12/17/2020,PKB,WV,AEA,CE,Federal Contract Tower,0,8,2,0,10,0,0,0,0,0,0,8,2,0,10,0,0,0,10
12/18/2020,PKB,WV,AEA,CE,Federal Contract Tower,0,10,0,0,10,0,0,0,0,0,0,10,0,0,10,0,0,0,10
12/19/2020,PKB,WV,AEA,CE,Federal Contract Tower,0,5,6,1,12,0,0,22,3,25,0,5,28,4,37,16,0,16,53
12/20/2020,PKB,WV,AEA,CE,Federal Contract Tower,0,7,0,0,7,0,0,0,0,0,0,7,0,0,7,0,0,0,7
12/21/2020,PKB,WV,AEA,CE,Federal Contract Tower,0,5,4,2,11,0,0,0,2,2,0,5,4,4,13,0,38,38,51
12/22/2020,PKB,WV,AEA,CE,Federal Contract Tower,0,10,5,1,16,0,0,17,1,18,0,10,22,2,34,88,18,106,140
12/23/2020,PKB,WV,AEA,CE,Federal Contract Tower,0,9,7,2,18,0,0,25,0,25,0,9,32,2,43,16,0,16,59
12/24/2020,PKB,WV,AEA,CE,Federal Contract Tower,0,5,0,0,5,0,0,0,0,0,0,5,0,0,5,0,0,0,5
12/25/2020,PKB,WV,AEA,CE,Federal Contract Tower,0,0,0,0,0,0,0,0,0,0,0,0,0,0,0,0,0,0,0
12/26/2020,PKB,WV,AEA,CE,Federal Contract Tower,0,1,11,0,12,0,0,2,0,2,0,1,13,0,14,0,0,0,14
12/27/2020,PKB,WV,AEA,CE,Federal Contract Tower,0,4,7,0,11,0,0,26,0,26,0,4,33,0,37,62,0,62,99
12/28/2020,PKB,WV,AEA,CE,Federal Contract Tower,0,7,3,0,10,0,0,3,0,3,0,7,6,0,13,0,0,0,13
12/29/2020,PKB,WV,AEA,CE,Federal Contract Tower,0,9,6,3,18,0,0,36,4,40,0,9,42,7,58,52,26,78,136
12/30/2020,PKB,WV,AEA,CE,Federal Contract Tower,0,11,7,0,18,0,0,3,0,3,0,11,10,0,21,6,0,6,27
12/31/2020,PKB,WV,AEA,CE,Federal Contract Tower,0,6,5,0,11,0,0,3,0,3,0,6,8,0,14,14,0,14,28
01/01/2021,PKB,WV,AEA,CE,Federal Contract Tower,0,2,0,0,2,0,0,2,0,2,0,2,2,0,4,6,0,6,10
01/02/2021,PKB,WV,AEA,CE,Federal Contract Tower,0,5,10,1,16,0,0,2,0,2,0,5,12,1,18,0,0,0,18
01/03/2021,PKB,WV,AEA,CE,Federal Contract Tower,0,6,2,0,8,0,0,1,0,1,0,6,3,0,9,30,0,30,39
01/04/2021,PKB,WV,AEA,CE,Federal Contract Tower,0,8,7,0,15,0,0,0,4,4,0,8,7,4,19,20,60,80,99
01/05/2021,PKB,WV,AEA,CE,Federal Contract Tower,0,8,10,5,23,0,0,9,4,13,0,8,19,9,36,36,42,78,114
01/06/2021,PKB,WV,AEA,CE,Federal Contract Tower,0,8,1,0,9,0,0,7,3,10,0,8,8,3,19,52,0,52,71
01/07/2021,PKB,WV,AEA,CE,Federal Contract Tower,0,7,8,6,21,0,0,9,11,20,0,7,17,17,41,16,54,70,111
01/08/2021,PKB,WV,AEA,CE,Federal Contract Tower,0,8,4,0,12,0,1,12,2,15,0,9,16,2,27,16,50,66,93
01/09/2021,PKB,WV,AEA,CE,Federal Contract Tower,0,3,18,0,21,0,0,29,2,31,0,3,47,2,52,36,0,36,88
01/10/2021,PKB,WV,AEA,CE,Federal Contract Tower,0,6,9,1,16,0,2,32,3,37,0,8,41,4,53,38,20,58,111
01/11/2021,PKB,WV,AEA,CE,Federal Contract Tower,0,5,6,0,11,0,0,10,10,20,0,5,16,10,31,30,68,98,129
01/12/2021,PKB,WV,AEA,CE,Federal Contract Tower,0,4,4,1,9,0,0,2,10,12,0,4,6,11,21,0,32,32,53
01/13/2021,PKB,WV,AEA,CE,Federal Contract Tower,0,8,11,0,19,0,0,29,8,37,0,8,40,8,56,54,30,84,140
01/14/2021,PKB,WV,AEA,CE,Federal Contract Tower,0,11,11,2,24,0,2,20,8,30,0,13,31,10,54,22,10,32,86
01/15/2021,PKB,WV,AEA,CE,Federal Contract Tower,0,8,1,4,13,0,0,0,0,0,0,8,1,4,13,0,0,0,13
01/16/2021,PKB,WV,AEA,CE,Federal Contract Tower,0,6,3,0,9,0,0,0,0,0,0,6,3,0,9,0,0,0,9
01/17/2021,PKB,WV,AEA,CE,Federal Contract Tower,0,4,4,0,8,0,0,0,0,0,0,4,4,0,8,0,0,0,8
01/18/2021,PKB,WV,AEA,CE,Federal Contract Tower,0,8,3,0,11,0,0,0,0,0,0,8,3,0,11,0,0,0,11
01/19/2021,PKB,WV,AEA,CE,Federal Contract Tower,0,6,9,1,16,0,0,13,0,13,0,6,22,1,29,38,2,40,69
01/20/2021,PKB,WV,AEA,CE,Federal Contract Tower,0,9,1,8,18,0,0,10,8,18,0,9,11,16,36,2,0,2,38
01/21/2021,PKB,WV,AEA,CE,Federal Contract Tower,0,8,12,0,20,0,0,13,4,17,0,8,25,4,37,20,0,20,57
01/22/2021,PKB,WV,AEA,CE,Federal Contract Tower,0,8,23,0,31,0,1,10,6,17,0,9,33,6,48,42,30,72,120
01/23/2021,PKB,WV,AEA,CE,Federal Contract Tower,0,4,15,0,19,0,0,20,0,20,0,4,35,0,39,112,0,112,151
01/24/2021,PKB,WV,AEA,CE,Federal Contract Tower,0,5,14,0,19,0,0,20,0,20,0,5,34,0,39,48,0,48,87
01/25/2021,PKB,WV,AEA,CE,Federal Contract Tower,0,5,9,3,17,0,0,0,0,0,0,5,9,3,17,0,28,28,45
01/26/2021,PKB,WV,AEA,CE,Federal Contract Tower,0,4,8,0,12,0,0,0,0,0,0,4,8,0,12,0,0,0,12
01/27/2021,PKB,WV,AEA,CE,Federal Contract Tower,0,9,8,0,17,0,0,16,2,18,0,9,24,2,35,10,0,10,45
01/28/2021,PKB,WV,AEA,CE,Federal Contract Tower,0,7,22,2,31,0,0,10,2,12,0,7,32,4,43,6,0,6,49
01/29/2021,PKB,WV,AEA,CE,Federal Contract Tower,0,6,8,5,19,0,0,25,1,26,0,6,33,6,45,78,0,78,123
01/30/2021,PKB,WV,AEA,CE,Federal Contract Tower,0,3,20,0,23,0,6,24,0,30,0,9,44,0,53,18,0,18,71
01/31/2021,PKB,WV,AEA,CE,Federal Contract Tower,0,5,1,0,6,0,0,0,0,0,0,5,1,0,6,0,0,0,6
02/01/2021,PKB,WV,AEA,CE,Federal Contract Tower,0,8,1,0,9,0,0,0,0,0,0,8,1,0,9,0,0,0,9
02/02/2021,PKB,WV,AEA,CE,Federal Contract Tower,0,2,0,4,6,0,0,2,0,2,0,2,2,4,8,0,4,4,12
02/03/2021,PKB,WV,AEA,CE,Federal Contract Tower,0,9,6,0,15,0,1,19,3,23,0,10,25,3,38,0,0,0,38
02/04/2021,PKB,WV,AEA,CE,Federal Contract Tower,0,8,11,0,19,0,2,21,3,26,0,10,32,3,45,6,0,6,51
02/05/2021,PKB,WV,AEA,CE,Federal Contract Tower,0,10,5,1,16,0,0,1,1,2,0,10,6,2,18,0,34,34,52
02/06/2021,PKB,WV,AEA,CE,Federal Contract Tower,0,3,11,5,19,0,0,16,16,32,0,3,27,21,51,6,38,44,95
02/07/2021,PKB,WV,AEA,CE,Federal Contract Tower,0,4,7,3,14,0,0,8,3,11,0,4,15,6,25,0,44,44,69
02/08/2021,PKB,WV,AEA,CE,Federal Contract Tower,0,4,8,7,19,0,0,28,3,31,0,4,36,10,50,26,42,68,118
02/09/2021,PKB,WV,AEA,CE,Federal Contract Tower,0,2,6,0,8,0,0,1,0,1,0,2,7,0,9,8,0,8,17
02/10/2021,PKB,WV,AEA,CE,Federal Contract Tower,0,9,5,0,14,0,0,0,4,4,0,9,5,4,18,0,0,0,18
02/11/2021,PKB,WV,AEA,CE,Federal Contract Tower,0,1,0,0,1,0,0,0,2,2,0,1,0,2,3,0,0,0,3
02/12/2021,PKB,WV,AEA,CE,Federal Contract Tower,0,11,2,0,13,0,0,3,0,3,0,11,5,0,16,8,0,8,24
02/13/2021,PKB,WV,AEA,CE,Federal Contract Tower,0,4,0,0,4,0,0,0,0,0,0,4,0,0,4,0,0,0,4
02/14/2021,PKB,WV,AEA,CE,Federal Contract Tower,0,7,4,0,11,0,0,0,0,0,0,7,4,0,11,0,0,0,11
02/15/2021,PKB,WV,AEA,CE,Federal Contract Tower,0,0,0,0,0,0,0,0,0,0,0,0,0,0,0,0,0,0,0
02/16/2021,PKB,WV,AEA,CE,Federal Contract Tower,0,0,0,0,0,0,0,0,0,0,0,0,0,0,0,0,0,0,0
02/17/2021,PKB,WV,AEA,CE,Federal Contract Tower,0,0,0,0,0,0,0,0,8,8,0,0,0,8,8,0,0,0,8
02/18/2021,PKB,WV,AEA,CE,Federal Contract Tower,0,2,0,0,2,0,0,0,0,0,0,2,0,0,2,0,0,0,2
02/19/2021,PKB,WV,AEA,CE,Federal Contract Tower,0,7,5,0,12,0,0,0,0,0,0,7,5,0,12,0,0,0,12
02/20/2021,PKB,WV,AEA,CE,Federal Contract Tower,0,3,3,0,6,0,0,10,0,10,0,3,13,0,16,38,0,38,54
02/21/2021,PKB,WV,AEA,CE,Federal Contract Tower,0,6,13,3,22,0,12,39,1,52,0,18,52,4,74,30,0,30,104
02/22/2021,PKB,WV,AEA,CE,Federal Contract Tower,0,6,1,0,7,0,0,2,0,2,0,6,3,0,9,0,0,0,9
02/23/2021,PKB,WV,AEA,CE,Federal Contract Tower,0,6,9,4,19,0,0,10,4,14,0,6,19,8,33,10,24,34,67
02/24/2021,PKB,WV,AEA,CE,Federal Contract Tower,0,7,6,2,15,0,0,22,11,33,0,7,28,13,48,16,20,36,84
02/25/2021,PKB,WV,AEA,CE,Federal Contract Tower,0,9,16,4,29,0,0,38,9,47,0,9,54,13,76,24,14,38,114
02/26/2021,PKB,WV,AEA,CE,Federal Contract Tower,0,7,11,0,18,0,0,25,2,27,0,7,36,2,45,32,0,32,77
02/27/2021,PKB,WV,AEA,CE,Federal Contract Tower,0,5,7,0,12,0,0,0,0,0,0,5,7,0,12,0,0,0,12
02/28/2021,PKB,WV,AEA,CE,Federal Contract Tower,0,6,4,0,10,0,0,2,0,2,0,6,6,0,12,0,0,0,12
03/01/2021,PKB,WV,AEA,CE,Federal Contract Tower,0,4,16,2,22,0,0,6,8,14,0,4,22,10,36,0,32,32,68
03/02/2021,PKB,WV,AEA,CE,Federal Contract Tower,0,6,13,1,20,0,1,31,6,38,0,7,44,7,58,38,20,58,116
03/03/2021,PKB,WV,AEA,CE,Federal Contract Tower,0,7,4,0,11,0,0,45,4,49,0,7,49,4,60,22,0,22,82
03/04/2021,PKB,WV,AEA,CE,Federal Contract Tower,0,8,2,4,14,0,2,4,2,8,0,10,6,6,22,2,4,6,28
03/05/2021,PKB,WV,AEA,CE,Federal Contract Tower,0,8,6,6,20,0,0,17,5,22,0,8,23,11,42,0,8,8,50
03/06/2021,PKB,WV,AEA,CE,Federal Contract Tower,0,7,6,0,13,0,0,30,1,31,0,7,36,1,44,6,0,6,50
03/07/2021,PKB,WV,AEA,CE,Federal Contract Tower,0,5,6,0,11,0,6,27,8,41,0,11,33,8,52,10,26,36,88
03/08/2021,PKB,WV,AEA,CE,Federal Contract Tower,0,4,8,0,12,0,0,29,2,31,0,4,37,2,43,38,0,38,81
03/09/2021,PKB,WV,AEA,CE,Federal Contract Tower,0,6,13,0,19,0,0,61,4,65,0,6,74,4,84,44,0,44,128
03/10/2021,PKB,WV,AEA,CE,Federal Contract Tower,0,10,11,6,27,0,0,14,2,16,0,10,25,8,43,0,6,6,49
03/11/2021,PKB,WV,AEA,CE,Federal Contract Tower,0,10,2,3,15,0,0,2,8,10,0,10,4,11,25,0,38,38,63
03/12/2021,PKB,WV,AEA,CE,Federal Contract Tower,0,8,5,2,15,0,0,4,0,4,0,8,9,2,19,0,0,0,19
03/13/2021,PKB,WV,AEA,CE,Federal Contract Tower,0,4,12,0,16,0,0,44,0,44,0,4,56,0,60,24,0,24,84
03/14/2021,PKB,WV,AEA,CE,Federal Contract Tower,0,4,9,0,13,0,10,35,0,45,0,14,44,0,58,12,0,12,70
03/15/2021,PKB,WV,AEA,CE,Federal Contract Tower,0,6,1,0,7,0,0,14,3,17,0,6,15,3,24,8,0,8,32
03/16/2021,PKB,WV,AEA,CE,Federal Contract Tower,0,6,7,0,13,0,0,23,2,25,0,6,30,2,38,32,0,32,70
03/17/2021,PKB,WV,AEA,CE,Federal Contract Tower,0,7,7,2,16,0,0,24,8,32,0,7,31,10,48,12,22,34,82
03/18/2021,PKB,WV,AEA,CE,Federal Contract Tower,0,8,8,8,24,0,0,4,2,6,0,8,12,10,30,2,8,10,40
03/19/2021,PKB,WV,AEA,CE,Federal Contract Tower,0,8,14,0,22,0,0,25,0,25,0,8,39,0,47,12,0,12,59
03/20/2021,PKB,WV,AEA,CE,Federal Contract Tower,0,3,11,0,14,0,0,52,0,52,0,3,63,0,66,24,0,24,90
03/21/2021,PKB,WV,AEA,CE,Federal Contract Tower,0,4,5,2,11,0,0,63,0,63,0,4,68,2,74,80,0,80,154
03/22/2021,PKB,WV,AEA,CE,Federal Contract Tower,0,5,8,0,13,0,0,47,0,47,0,5,55,0,60,50,0,50,110
03/23/2021,PKB,WV,AEA,CE,Federal Contract Tower,0,9,1,8,18,0,0,19,0,19,0,9,20,8,37,16,10,26,63
03/24/2021,PKB,WV,AEA,CE,Federal Contract Tower,0,11,8,5,24,0,0,27,7,34,0,11,35,12,58,24,10,34,92
03/25/2021,PKB,WV,AEA,CE,Federal Contract Tower,0,10,10,3,23,0,0,15,5,20,0,10,25,8,43,20,0,20,63
03/26/2021,PKB,WV,AEA,CE,Federal Contract Tower,0,8,3,2,13,0,0,5,0,5,0,8,8,2,18,0,0,0,18
03/27/2021,PKB,WV,AEA,CE,Federal Contract Tower,0,3,8,0,11,0,0,44,0,44,0,3,52,0,55,48,0,48,103
03/28/2021,PKB,WV,AEA,CE,Federal Contract Tower,0,5,4,0,9,0,0,0,0,0,0,5,4,0,9,0,0,0,9
03/29/2021,PKB,WV,AEA,CE,Federal Contract Tower,0,5,11,3,19,0,0,16,5,21,0,5,27,8,40,42,24,66,106
03/30/2021,PKB,WV,AEA,CE,Federal Contract Tower,0,6,10,0,16,0,0,26,6,32,0,6,36,6,48,4,6,10,58
03/31/2021,PKB,WV,AEA,CE,Federal Contract Tower,0,8,11,2,21,0,0,2,0,2,0,8,13,2,23,24,0,24,47
04/01/2021,PKB,WV,AEA,CE,Federal Contract Tower,0,8,12,0,20,0,0,2,5,7,0,8,14,5,27,0,30,30,57
04/02/2021,PKB,WV,AEA,CE,Federal Contract Tower,0,8,11,0,19,0,0,22,0,22,0,8,33,0,41,38,0,38,79
04/03/2021,PKB,WV,AEA,CE,Federal Contract Tower,0,5,20,0,25,0,0,45,4,49,0,5,65,4,74,68,58,126,200
04/04/2021,PKB,WV,AEA,CE,Federal Contract Tower,0,4,3,0,7,0,0,20,0,20,0,4,23,0,27,22,0,22,49
04/05/2021,PKB,WV,AEA,CE,Federal Contract Tower,0,4,9,0,13,0,0,30,3,33,0,4,39,3,46,76,48,124,170
04/06/2021,PKB,WV,AEA,CE,Federal Contract Tower,0,9,15,4,28,0,0,43,3,46,0,9,58,7,74,40,4,44,118
04/07/2021,PKB,WV,AEA,CE,Federal Contract Tower,0,9,11,0,20,0,0,32,3,35,0,9,43,3,55,66,0,66,121
04/08/2021,PKB,WV,AEA,CE,Federal Contract Tower,0,7,8,5,20,0,12,3,0,15,0,19,11,5,35,40,38,78,113
04/09/2021,PKB,WV,AEA,CE,Federal Contract Tower,0,8,6,4,18,0,0,21,12,33,0,8,27,16,51,50,20,70,121
04/10/2021,PKB,WV,AEA,CE,Federal Contract Tower,0,3,7,2,12,0,0,25,6,31,0,3,32,8,43,8,6,14,57
04/11/2021,PKB,WV,AEA,CE,Federal Contract Tower,0,4,6,8,18,0,0,18,6,24,0,4,24,14,42,0,40,40,82
04/12/2021,PKB,WV,AEA,CE,Federal Contract Tower,0,6,9,1,16,0,0,7,2,9,0,6,16,3,25,0,16,16,41
04/13/2021,PKB,WV,AEA,CE,Federal Contract Tower,0,5,5,3,13,0,1,44,3,48,0,6,49,6,61,102,0,102,163
04/14/2021,PKB,WV,AEA,CE,Federal Contract Tower,0,10,4,2,16,0,0,10,7,17,0,10,14,9,33,38,10,48,81
04/15/2021,PKB,WV,AEA,CE,Federal Contract Tower,0,9,7,8,24,0,0,19,6,25,0,9,26,14,49,28,6,34,83
04/16/2021,PKB,WV,AEA,CE,Federal Contract Tower,0,7,6,0,13,0,1,19,0,20,0,8,25,0,33,12,0,12,45
04/17/2021,PKB,WV,AEA,CE,Federal Contract Tower,0,3,14,0,17,0,0,30,0,30,0,3,44,0,47,116,0,116,163
04/18/2021,PKB,WV,AEA,CE,Federal Contract Tower,0,6,7,0,13,0,0,16,0,16,0,6,23,0,29,52,0,52,81
04/19/2021,PKB,WV,AEA,CE,Federal Contract Tower,0,7,23,2,32,0,0,65,2,67,0,7,88,4,99,58,2,60,159
04/20/2021,PKB,WV,AEA,CE,Federal Contract Tower,0,8,8,2,18,0,0,29,0,29,0,8,37,2,47,32,0,32,79
04/21/2021,PKB,WV,AEA,CE,Federal Contract Tower,0,9,3,0,12,0,0,1,0,1,0,9,4,0,13,0,0,0,13
04/22/2021,PKB,WV,AEA,CE,Federal Contract Tower,0,7,3,8,18,0,0,8,1,9,0,7,11,9,27,30,6,36,63
04/23/2021,PKB,WV,AEA,CE,Federal Contract Tower,0,6,20,2,28,0,0,32,0,32,0,6,52,2,60,10,0,10,70
04/24/2021,PKB,WV,AEA,CE,Federal Contract Tower,0,4,15,0,19,0,0,18,0,18,0,4,33,0,37,36,0,36,73
04/25/2021,PKB,WV,AEA,CE,Federal Contract Tower,0,6,9,0,15,0,0,19,0,19,0,6,28,0,34,106,0,106,140
04/26/2021,PKB,WV,AEA,CE,Federal Contract Tower,0,5,16,0,21,0,2,43,3,48,0,7,59,3,69,20,26,46,115
04/27/2021,PKB,WV,AEA,CE,Federal Contract Tower,0,6,12,6,24,0,0,20,7,27,0,6,32,13,51,26,0,26,77
04/28/2021,PKB,WV,AEA,CE,Federal Contract Tower,0,7,7,4,18,0,0,18,3,21,0,7,25,7,39,6,22,28,67
04/29/2021,PKB,WV,AEA,CE,Federal Contract Tower,0,7,5,0,12,0,0,0,4,4,0,7,5,4,16,0,0,0,16
04/30/2021,PKB,WV,AEA,CE,Federal Contract Tower,0,13,12,5,30,0,0,11,11,22,0,13,23,16,52,10,64,74,126
05/01/2021,PKB,WV,AEA,CE,Federal Contract Tower,0,5,21,2,28,0,0,42,4,46,0,5,63,6,74,84,0,84,158
05/02/2021,PKB,WV,AEA,CE,Federal Contract Tower,0,4,6,1,11,0,0,40,2,42,0,4,46,3,53,80,6,86,139
05/03/2021,PKB,WV,AEA,CE,Federal Contract Tower,0,4,1,5,10,0,0,11,0,11,0,4,12,5,21,42,0,42,63
05/04/2021,PKB,WV,AEA,CE,Federal Contract Tower,0,7,4,0,11,0,0,0,0,0,0,7,4,0,11,0,0,0,11
05/05/2021,PKB,WV,AEA,CE,Federal Contract Tower,0,7,10,10,27,0,0,7,17,24,0,7,17,27,51,26,82,108,159
05/06/2021,PKB,WV,AEA,CE,Federal Contract Tower,0,10,12,5,27,0,0,41,13,54,0,10,53,18,81,14,30,44,125
05/07/2021,PKB,WV,AEA,CE,Federal Contract Tower,0,7,9,4,20,0,6,20,1,27,0,13,29,5,47,40,24,64,111
05/08/2021,PKB,WV,AEA,CE,Federal Contract Tower,0,3,21,0,24,0,0,43,0,43,0,3,64,0,67,58,0,58,125
05/09/2021,PKB,WV,AEA,CE,Federal Contract Tower,0,4,0,0,4,0,0,4,0,4,0,4,4,0,8,0,0,0,8
05/10/2021,PKB,WV,AEA,CE,Federal Contract Tower,0,4,12,2,18,0,0,21,2,23,0,4,33,4,41,28,38,66,107
05/11/2021,PKB,WV,AEA,CE,Federal Contract Tower,0,6,5,2,13,0,0,24,2,26,0,6,29,4,39,22,0,22,61
05/12/2021,PKB,WV,AEA,CE,Federal Contract Tower,0,7,17,0,24,0,0,40,4,44,0,7,57,4,68,62,0,62,130
05/13/2021,PKB,WV,AEA,CE,Federal Contract Tower,0,7,10,2,19,0,0,46,12,58,0,7,56,14,77,74,0,74,151
05/14/2021,PKB,WV,AEA,CE,Federal Contract Tower,0,10,14,3,27,0,0,50,2,52,0,10,64,5,79,94,0,94,173
05/15/2021,PKB,WV,AEA,CE,Federal Contract Tower,0,3,10,0,13,0,2,55,0,57,0,5,65,0,70,90,0,90,160
05/16/2021,PKB,WV,AEA,CE,Federal Contract Tower,0,4,15,0,19,0,0,26,0,26,0,4,41,0,45,44,0,44,89
05/17/2021,PKB,WV,AEA,CE,Federal Contract Tower,0,4,12,0,16,0,0,4,6,10,0,4,16,6,26,6,30,36,62
05/18/2021,PKB,WV,AEA,CE,Federal Contract Tower,0,6,18,0,24,0,2,42,4,48,0,8,60,4,72,44,0,44,116
05/19/2021,PKB,WV,AEA,CE,Federal Contract Tower,0,7,10,0,17,0,0,44,3,47,0,7,54,3,64,22,38,60,124
05/20/2021,PKB,WV,AEA,CE,Federal Contract Tower,0,11,6,2,19,0,1,18,3,22,0,12,24,5,41,26,0,26,67
05/21/2021,PKB,WV,AEA,CE,Federal Contract Tower,0,8,18,4,30,0,0,28,3,31,0,8,46,7,61,10,0,10,71
05/22/2021,PKB,WV,AEA,CE,Federal Contract Tower,0,3,15,0,18,0,0,41,0,41,0,3,56,0,59,26,0,26,85
05/23/2021,PKB,WV,AEA,CE,Federal Contract Tower,0,4,14,0,18,0,1,30,0,31,0,5,44,0,49,18,0,18,67
05/24/2021,PKB,WV,AEA,CE,Federal Contract Tower,0,5,10,3,18,0,0,16,5,21,0,5,26,8,39,14,46,60,99
05/25/2021,PKB,WV,AEA,CE,Federal Contract Tower,0,7,10,1,18,0,0,39,1,40,0,7,49,2,58,36,0,36,94
05/26/2021,PKB,WV,AEA,CE,Federal Contract Tower,0,10,7,2,19,0,0,20,6,26,0,10,27,8,45,0,0,0,45
05/27/2021,PKB,WV,AEA,CE,Federal Contract Tower,0,7,13,3,23,0,0,33,1,34,0,7,46,4,57,16,0,16,73
05/28/2021,PKB,WV,AEA,CE,Federal Contract Tower,0,7,5,0,12,0,0,0,0,0,0,7,5,0,12,4,0,4,16
05/29/2021,PKB,WV,AEA,CE,Federal Contract Tower,0,4,6,0,10,0,0,0,0,0,0,4,6,0,10,0,0,0,10
05/30/2021,PKB,WV,AEA,CE,Federal Contract Tower,0,7,12,0,19,0,0,5,0,5,0,7,17,0,24,0,0,0,24
05/31/2021,PKB,WV,AEA,CE,Federal Contract Tower,0,5,13,0,18,0,0,48,0,48,0,5,61,0,66,108,0,108,174
06/01/2021,PKB,WV,AEA,CE,Federal Contract Tower,0,4,16,4,24,0,0,39,5,44,0,4,55,9,68,28,0,28,96
06/02/2021,PKB,WV,AEA,CE,Federal Contract Tower,0,7,25,4,36,0,0,16,2,18,0,7,41,6,54,4,0,4,58
06/03/2021,PKB,WV,AEA,CE,Federal Contract Tower,0,7,3,2,12,0,0,0,2,2,0,7,3,4,14,0,4,4,18
06/04/2021,PKB,WV,AEA,CE,Federal Contract Tower,0,9,7,1,17,0,0,17,2,19,0,9,24,3,36,16,16,32,68
06/05/2021,PKB,WV,AEA,CE,Federal Contract Tower,0,6,18,0,24,0,2,59,7,68,0,8,77,7,92,6,62,68,160
06/06/2021,PKB,WV,AEA,CE,Federal Contract Tower,0,6,6,3,15,0,0,27,2,29,0,6,33,5,44,54,0,54,98
06/07/2021,PKB,WV,AEA,CE,Federal Contract Tower,0,4,15,4,23,0,0,16,1,17,0,4,31,5,40,30,0,30,70
06/08/2021,PKB,WV,AEA,CE,Federal Contract Tower,0,6,13,5,24,0,0,12,3,15,0,6,25,8,39,14,0,14,53
06/09/2021,PKB,WV,AEA,CE,Federal Contract Tower,0,6,6,3,15,0,0,0,3,3,0,6,6,6,18,6,0,6,24
06/10/2021,PKB,WV,AEA,CE,Federal Contract Tower,0,10,13,2,25,0,0,6,2,8,0,10,19,4,33,12,0,12,45
06/11/2021,PKB,WV,AEA,CE,Federal Contract Tower,0,6,8,0,14,0,0,1,0,1,0,6,9,0,15,0,0,0,15
06/12/2021,PKB,WV,AEA,CE,Federal Contract Tower,0,5,20,0,25,0,2,21,2,25,0,7,41,2,50,46,8,54,104
06/13/2021,PKB,WV,AEA,CE,Federal Contract Tower,0,4,8,0,12,0,0,14,0,14,0,4,22,0,26,54,0,54,80
06/14/2021,PKB,WV,AEA,CE,Federal Contract Tower,0,7,13,0,20,0,0,20,0,20,0,7,33,0,40,10,0,10,50
06/15/2021,PKB,WV,AEA,CE,Federal Contract Tower,0,7,15,2,24,0,2,24,5,31,0,9,39,7,55,30,0,30,85
06/16/2021,PKB,WV,AEA,CE,Federal Contract Tower,0,7,17,0,24,0,0,51,4,55,0,7,68,4,79,34,0,34,113
06/17/2021,PKB,WV,AEA,CE,Federal Contract Tower,0,8,10,2,20,0,0,35,7,42,0,8,45,9,62,8,0,8,70
06/18/2021,PKB,WV,AEA,CE,Federal Contract Tower,0,10,6,2,18,0,0,12,7,19,0,10,18,9,37,54,6,60,97
06/19/2021,PKB,WV,AEA,CE,Federal Contract Tower,0,3,5,0,8,0,0,4,0,4,0,3,9,0,12,20,0,20,32
06/20/2021,PKB,WV,AEA,CE,Federal Contract Tower,0,4,4,0,8,0,0,15,0,15,0,4,19,0,23,18,0,18,41
06/21/2021,PKB,WV,AEA,CE,Federal Contract Tower,0,8,2,0,10,0,2,4,3,9,0,10,6,3,19,0,0,0,19
06/22/2021,PKB,WV,AEA,CE,Federal Contract Tower,0,10,5,2,17,0,0,11,2,13,0,10,16,4,30,8,12,20,50
06/23/2021,PKB,WV,AEA,CE,Federal Contract Tower,0,8,12,0,20,0,0,46,8,54,0,8,58,8,74,66,24,90,164
06/24/2021,PKB,WV,AEA,CE,Federal Contract Tower,0,11,13,0,24,0,2,18,2,22,0,13,31,2,46,8,0,8,54
06/25/2021,PKB,WV,AEA,CE,Federal Contract Tower,0,13,9,1,23,0,0,18,2,20,0,13,27,3,43,14,0,14,57
06/26/2021,PKB,WV,AEA,CE,Federal Contract Tower,0,4,9,0,13,0,0,36,6,42,0,4,45,6,55,4,0,4,59
06/27/2021,PKB,WV,AEA,CE,Federal Contract Tower,0,7,9,0,16,0,2,17,0,19,0,9,26,0,35,0,0,0,35
06/28/2021,PKB,WV,AEA,CE,Federal Contract Tower,0,6,11,2,19,0,0,55,4,59,0,6,66,6,78,28,0,28,106
06/29/2021,PKB,WV,AEA,CE,Federal Contract Tower,0,6,20,0,26,0,1,34,8,43,0,7,54,8,69,30,0,30,99
06/30/2021,PKB,WV,AEA,CE,Federal Contract Tower,0,8,14,5,27,0,0,22,1,23,0,8,36,6,50,36,12,48,98
07/01/2021,PKB,WV,AEA,CE,Federal Contract Tower,0,8,11,4,23,0,0,0,0,0,0,8,11,4,23,0,0,0,23
07/02/2021,PKB,WV,AEA,CE,Federal Contract Tower,0,9,14,0,23,0,0,37,2,39,0,9,51,2,62,84,0,84,146
07/03/2021,PKB,WV,AEA,CE,Federal Contract Tower,0,7,5,0,12,0,6,20,0,26,0,13,25,0,38,16,0,16,54
07/04/2021,PKB,WV,AEA,CE,Federal Contract Tower,0,4,5,0,9,0,0,18,0,18,0,4,23,0,27,0,0,0,27
07/05/2021,PKB,WV,AEA,CE,Federal Contract Tower,0,6,13,0,19,0,0,17,0,17,0,6,30,0,36,14,0,14,50
07/06/2021,PKB,WV,AEA,CE,Federal Contract Tower,0,4,9,2,15,0,2,22,3,27,0,6,31,5,42,12,0,12,54
07/07/2021,PKB,WV,AEA,CE,Federal Contract Tower,0,5,6,0,11,0,0,9,16,25,0,5,15,16,36,22,36,58,94
07/08/2021,PKB,WV,AEA,CE,Federal Contract Tower,0,8,8,1,17,0,0,16,4,20,0,8,24,5,37,4,0,4,41
07/09/2021,PKB,WV,AEA,CE,Federal Contract Tower,0,6,9,12,27,0,0,18,7,25,0,6,27,19,52,6,32,38,90
07/10/2021,PKB,WV,AEA,CE,Federal Contract Tower,0,7,9,3,19,0,3,32,2,37,0,10,41,5,56,2,0,2,58
07/11/2021,PKB,WV,AEA,CE,Federal Contract Tower,0,5,7,0,12,0,0,4,3,7,0,5,11,3,19,18,0,18,37
07/12/2021,PKB,WV,AEA,CE,Federal Contract Tower,0,6,15,3,24,0,0,18,4,22,0,6,33,7,46,52,42,94,140
07/13/2021,PKB,WV,AEA,CE,Federal Contract Tower,0,8,12,2,22,0,0,22,10,32,0,8,34,12,54,10,0,10,64
07/14/2021,PKB,WV,AEA,CE,Federal Contract Tower,0,8,9,3,20,0,0,39,1,40,0,8,48,4,60,92,2,94,154
07/15/2021,PKB,WV,AEA,CE,Federal Contract Tower,0,6,12,3,21,0,0,40,4,44,0,6,52,7,65,46,2,48,113
07/16/2021,PKB,WV,AEA,CE,Federal Contract Tower,0,7,24,2,33,0,0,24,3,27,0,7,48,5,60,8,0,8,68
07/17/2021,PKB,WV,AEA,CE,Federal Contract Tower,0,5,6,0,11,0,7,2,0,9,0,12,8,0,20,28,0,28,48
07/18/2021,PKB,WV,AEA,CE,Federal Contract Tower,0,5,20,0,25,0,0,56,0,56,0,5,76,0,81,96,0,96,177
07/20/2021,PKB,WV,AEA,CE,Federal Contract Tower,0,9,12,0,21,0,1,40,3,44,0,10,52,3,65,16,0,16,81
07/21/2021,PKB,WV,AEA,CE,Federal Contract Tower,0,6,15,3,24,0,0,44,0,44,0,6,59,3,68,40,6,46,114
07/22/2021,PKB,WV,AEA,CE,Federal Contract Tower,0,7,10,4,21,0,4,44,3,51,0,11,54,7,72,54,4,58,130
07/23/2021,PKB,WV,AEA,CE,Federal Contract Tower,0,6,13,2,21,0,0,22,0,22,0,6,35,2,43,56,0,56,99
07/24/2021,PKB,WV,AEA,CE,Federal Contract Tower,0,6,11,0,17,0,0,42,0,42,0,6,53,0,59,12,0,12,71
07/25/2021,PKB,WV,AEA,CE,Federal Contract Tower,0,4,19,0,23,0,0,10,0,10,0,4,29,0,33,14,0,14,47
07/27/2021,PKB,WV,AEA,CE,Federal Contract Tower,0,8,6,8,22,0,0,27,4,31,0,8,33,12,53,38,14,52,105
07/28/2021,PKB,WV,AEA,CE,Federal Contract Tower,0,8,9,9,26,0,0,31,6,37,0,8,40,15,63,16,8,24,87
07/29/2021,PKB,WV,AEA,CE,Federal Contract Tower,0,8,8,4,20,0,0,4,1,5,0,8,12,5,25,4,2,6,31
07/30/2021,PKB,WV,AEA,CE,Federal Contract Tower,0,13,13,0,26,0,0,19,7,26,0,13,32,7,52,10,4,14,66
07/31/2021,PKB,WV,AEA,CE,Federal Contract Tower,0,7,16,0,23,0,3,50,0,53,0,10,66,0,76,6,0,6,82
08/01/2021,PKB,WV,AEA,CE,Federal Contract Tower,0,6,13,0,19,0,0,26,0,26,0,6,39,0,45,0,0,0,45
08/03/2021,PKB,WV,AEA,CE,Federal Contract Tower,0,8,8,2,18,0,0,29,6,35,0,8,37,8,53,36,80,116,169
08/04/2021,PKB,WV,AEA,CE,Federal Contract Tower,0,9,11,3,23,0,1,49,4,54,0,10,60,7,77,12,0,12,89
08/05/2021,PKB,WV,AEA,CE,Federal Contract Tower,0,8,11,0,19,0,0,31,3,34,0,8,42,3,53,54,0,54,107
08/06/2021,PKB,WV,AEA,CE,Federal Contract Tower,0,8,10,0,18,0,0,23,3,26,0,8,33,3,44,36,0,36,80
08/07/2021,PKB,WV,AEA,CE,Federal Contract Tower,0,5,11,0,16,0,0,38,0,38,0,5,49,0,54,98,0,98,152
08/08/2021,PKB,WV,AEA,CE,Federal Contract Tower,0,4,19,0,23,0,0,24,0,24,0,4,43,0,47,56,0,56,103
08/09/2021,PKB,WV,AEA,CE,Federal Contract Tower,0,9,3,4,16,0,0,31,5,36,0,9,34,9,52,8,14,22,74
08/10/2021,PKB,WV,AEA,CE,Federal Contract Tower,0,8,6,1,15,0,0,23,10,33,0,8,29,11,48,0,122,122,170
08/11/2021,PKB,WV,AEA,CE,Federal Contract Tower,0,7,12,2,21,0,0,19,1,20,0,7,31,3,41,30,2,32,73
08/12/2021,PKB,WV,AEA,CE,Federal Contract Tower,0,6,8,0,14,0,0,12,5,17,0,6,20,5,31,0,0,0,31
08/13/2021,PKB,WV,AEA,CE,Federal Contract Tower,0,7,7,0,14,0,0,8,5,13,0,7,15,5,27,0,74,74,101
08/14/2021,PKB,WV,AEA,CE,Federal Contract Tower,0,7,15,0,22,0,4,19,2,25,0,11,34,2,47,10,8,18,65
08/15/2021,PKB,WV,AEA,CE,Federal Contract Tower,0,5,7,0,12,0,0,28,3,31,0,5,35,3,43,10,0,10,53
08/16/2021,PKB,WV,AEA,CE,Federal Contract Tower,0,4,13,0,17,0,0,9,0,9,0,4,22,0,26,10,0,10,36
08/17/2021,PKB,WV,AEA,CE,Federal Contract Tower,0,7,8,0,15,0,0,4,12,16,0,7,12,12,31,0,92,92,123
08/18/2021,PKB,WV,AEA,CE,Federal Contract Tower,0,7,7,2,16,0,0,11,6,17,0,7,18,8,33,0,32,32,65
08/20/2021,PKB,WV,AEA,CE,Federal Contract Tower,0,7,17,9,33,0,0,11,4,15,0,7,28,13,48,46,0,46,94
08/21/2021,PKB,WV,AEA,CE,Federal Contract Tower,0,6,23,0,29,0,0,32,0,32,0,6,55,0,61,78,0,78,139
08/22/2021,PKB,WV,AEA,CE,Federal Contract Tower,0,4,15,0,19,0,2,16,0,18,0,6,31,0,37,4,0,4,41
08/23/2021,PKB,WV,AEA,CE,Federal Contract Tower,0,7,5,6,18,0,2,17,5,24,0,9,22,11,42,0,60,60,102
08/24/2021,PKB,WV,AEA,CE,Federal Contract Tower,0,8,12,13,33,0,0,29,10,39,0,8,41,23,72,46,26,72,144
08/25/2021,PKB,WV,AEA,CE,Federal Contract Tower,0,5,6,11,22,0,0,15,13,28,0,5,21,24,50,24,22,46,96
08/26/2021,PKB,WV,AEA,CE,Federal Contract Tower,0,7,18,7,32,0,2,8,5,15,0,9,26,12,47,2,24,26,73
08/27/2021,PKB,WV,AEA,CE,Federal Contract Tower,0,11,9,6,26,0,0,11,4,15,0,11,20,10,41,36,14,50,91
08/28/2021,PKB,WV,AEA,CE,Federal Contract Tower,0,5,7,0,12,0,2,22,0,24,0,7,29,0,36,44,0,44,80
08/29/2021,PKB,WV,AEA,CE,Federal Contract Tower,0,5,5,0,10,0,4,31,3,38,0,9,36,3,48,18,0,18,66
08/30/2021,PKB,WV,AEA,CE,Federal Contract Tower,0,7,5,4,16,0,0,4,0,4,0,7,9,4,20,0,0,0,20
08/31/2021,PKB,WV,AEA,CE,Federal Contract Tower,0,6,4,2,12,0,0,0,0,0,0,6,4,2,12,0,0,0,12
09/01/2021,PKB,WV,AEA,CE,Federal Contract Tower,0,8,1,2,11,0,0,1,10,11,0,8,2,12,22,0,74,74,96
09/03/2021,PKB,WV,AEA,CE,Federal Contract Tower,0,8,14,10,32,0,2,45,0,47,0,10,59,10,79,36,0,36,115
09/04/2021,PKB,WV,AEA,CE,Federal Contract Tower,2,5,13,0,20,0,0,26,0,26,2,5,39,0,46,0,0,0,46
09/05/2021,PKB,WV,AEA,CE,Federal Contract Tower,0,9,14,0,23,0,0,0,0,0,0,9,14,0,23,0,0,0,23
09/06/2021,PKB,WV,AEA,CE,Federal Contract Tower,0,5,4,0,9,0,0,36,0,36,0,5,40,0,45,0,0,0,45
09/07/2021,PKB,WV,AEA,CE,Federal Contract Tower,0,7,10,4,21,0,0,24,10,34,0,7,34,14,55,20,64,84,139
09/08/2021,PKB,WV,AEA,CE,Federal Contract Tower,0,10,5,2,17,0,0,5,1,6,0,10,10,3,23,0,6,6,29
09/09/2021,PKB,WV,AEA,CE,Federal Contract Tower,0,9,4,3,16,0,2,9,8,19,0,11,13,11,35,4,6,10,45
09/10/2021,PKB,WV,AEA,CE,Federal Contract Tower,0,7,10,6,23,0,0,34,16,50,0,7,44,22,73,18,100,118,191
09/11/2021,PKB,WV,AEA,CE,Federal Contract Tower,0,6,12,0,18,0,1,34,2,37,0,7,46,2,55,56,0,56,111
09/12/2021,PKB,WV,AEA,CE,Federal Contract Tower,0,7,19,2,28,0,0,30,2,32,0,7,49,4,60,16,0,16,76
09/13/2021,PKB,WV,AEA,CE,Federal Contract Tower,0,7,12,1,20,0,0,29,6,35,0,7,41,7,55,8,78,86,141
09/14/2021,PKB,WV,AEA,CE,Federal Contract Tower,0,6,17,0,23,0,2,31,4,37,0,8,48,4,60,10,0,10,70
09/15/2021,PKB,WV,AEA,CE,Federal Contract Tower,0,7,10,1,18,0,0,0,0,0,0,7,10,1,18,2,0,2,20
09/16/2021,PKB,WV,AEA,CE,Federal Contract Tower,0,11,16,2,29,0,0,6,1,7,0,11,22,3,36,0,0,0,36
09/17/2021,PKB,WV,AEA,CE,Federal Contract Tower,0,13,10,3,26,0,1,25,4,30,0,14,35,7,56,0,10,10,66
09/18/2021,PKB,WV,AEA,CE,Federal Contract Tower,0,3,23,0,26,0,0,13,0,13,0,3,36,0,39,54,0,54,93
09/19/2021,PKB,WV,AEA,CE,Federal Contract Tower,0,8,19,0,27,0,0,30,0,30,0,8,49,0,57,32,0,32,89
09/20/2021,PKB,WV,AEA,CE,Federal Contract Tower,0,4,16,2,22,0,0,15,5,20,0,4,31,7,42,8,6,14,56
09/21/2021,PKB,WV,AEA,CE,Federal Contract Tower,0,6,11,8,25,0,0,8,14,22,0,6,19,22,47,0,58,58,105
09/22/2021,PKB,WV,AEA,CE,Federal Contract Tower,0,6,2,4,12,0,0,3,11,14,0,6,5,15,26,8,72,80,106
09/23/2021,PKB,WV,AEA,CE,Federal Contract Tower,0,9,7,5,21,0,0,11,1,12,0,9,18,6,33,0,14,14,47
09/24/2021,PKB,WV,AEA,CE,Federal Contract Tower,0,9,7,3,19,0,0,50,4,54,0,9,57,7,73,28,22,50,123
09/25/2021,PKB,WV,AEA,CE,Federal Contract Tower,0,4,6,0,10,0,1,17,1,19,0,5,23,1,29,0,0,0,29
09/26/2021,PKB,WV,AEA,CE,Federal Contract Tower,0,5,9,0,14,0,0,36,0,36,0,5,45,0,50,42,0,42,92
09/27/2021,PKB,WV,AEA,CE,Federal Contract Tower,0,12,3,2,17,0,0,23,13,36,0,12,26,15,53,12,44,56,109
09/28/2021,PKB,WV,AEA,CE,Federal Contract Tower,0,8,4,2,14,0,0,21,4,25,0,8,25,6,39,20,20,40,79
09/29/2021,PKB,WV,AEA,CE,Federal Contract Tower,0,11,13,1,25,0,0,44,5,49,0,11,57,6,74,26,10,36,110
09/30/2021,PKB,WV,AEA,CE,Federal Contract Tower,0,10,10,1,21,0,3,40,6,49,0,13,50,7,70,14,0,14,84
10/01/2021,PKB,WV,AEA,CE,Federal Contract Tower,0,10,6,3,19,0,0,27,1,28,0,10,33,4,47,28,0,28,75
10/02/2021,PKB,WV,AEA,CE,Federal Contract Tower,0,3,11,0,14,0,0,16,0,16,0,3,27,0,30,30,0,30,60
10/03/2021,PKB,WV,AEA,CE,Federal Contract Tower,0,6,10,1,17,0,0,2,0,2,0,6,12,1,19,0,0,0,19
10/04/2021,PKB,WV,AEA,CE,Federal Contract Tower,0,6,8,0,14,0,2,2,0,4,0,8,10,0,18,0,0,0,18
10/05/2021,PKB,WV,AEA,CE,Federal Contract Tower,0,5,9,0,14,0,0,14,0,14,0,5,23,0,28,6,0,6,34
10/06/2021,PKB,WV,AEA,CE,Federal Contract Tower,0,14,7,0,21,0,0,30,0,30,0,14,37,0,51,42,0,42,93
10/07/2021,PKB,WV,AEA,CE,Federal Contract Tower,0,12,6,0,18,0,0,23,0,23,0,12,29,0,41,42,0,42,83
10/08/2021,PKB,WV,AEA,CE,Federal Contract Tower,0,7,15,1,23,0,4,11,0,15,0,11,26,1,38,0,0,0,38
10/09/2021,PKB,WV,AEA,CE,Federal Contract Tower,0,7,5,0,12,0,2,5,0,7,0,9,10,0,19,32,0,32,51
10/10/2021,PKB,WV,AEA,CE,Federal Contract Tower,0,6,21,0,27,0,2,29,0,31,0,8,50,0,58,56,0,56,114
10/11/2021,PKB,WV,AEA,CE,Federal Contract Tower,0,5,12,0,17,0,0,22,0,22,0,5,34,0,39,34,0,34,73
10/12/2021,PKB,WV,AEA,CE,Federal Contract Tower,0,8,5,1,14,0,0,31,6,37,0,8,36,7,51,26,36,62,113
10/13/2021,PKB,WV,AEA,CE,Federal Contract Tower,0,10,10,1,21,0,2,60,6,68,0,12,70,7,89,23,18,41,130
10/14/2021,PKB,WV,AEA,CE,Federal Contract Tower,0,8,18,0,26,0,0,15,2,17,0,8,33,2,43,16,0,16,59
10/15/2021,PKB,WV,AEA,CE,Federal Contract Tower,0,8,4,7,19,0,0,9,18,27,0,8,13,25,46,20,120,140,186
10/16/2021,PKB,WV,AEA,CE,Federal Contract Tower,0,3,5,4,12,0,3,2,4,9,0,6,7,8,21,0,20,20,41
10/17/2021,PKB,WV,AEA,CE,Federal Contract Tower,0,4,12,0,16,0,0,30,5,35,0,4,42,5,51,8,0,8,59
10/18/2021,PKB,WV,AEA,CE,Federal Contract Tower,0,5,9,3,17,0,0,21,5,26,0,5,30,8,43,6,82,88,131
10/19/2021,PKB,WV,AEA,CE,Federal Contract Tower,0,10,13,4,27,0,0,33,17,50,0,10,46,21,77,50,74,124,201
10/20/2021,PKB,WV,AEA,CE,Federal Contract Tower,0,12,10,15,37,0,2,40,9,51,0,14,50,24,88,58,42,100,188
10/21/2021,PKB,WV,AEA,CE,Federal Contract Tower,0,8,13,2,23,0,0,11,7,18,0,8,24,9,41,2,18,20,61
10/22/2021,PKB,WV,AEA,CE,Federal Contract Tower,0,11,9,1,21,0,0,3,4,7,0,11,12,5,28,4,28,32,60
10/23/2021,PKB,WV,AEA,CE,Federal Contract Tower,0,5,13,0,18,0,0,12,1,13,0,5,25,1,31,42,0,42,73
10/24/2021,PKB,WV,AEA,CE,Federal Contract Tower,0,5,13,0,18,0,0,6,0,6,0,5,19,0,24,70,0,70,94
10/25/2021,PKB,WV,AEA,CE,Federal Contract Tower,0,7,2,1,10,0,0,7,1,8,0,7,9,2,18,4,8,12,30
10/26/2021,PKB,WV,AEA,CE,Federal Contract Tower,0,6,13,0,19,0,0,4,2,6,0,6,17,2,25,4,10,14,39
10/27/2021,PKB,WV,AEA,CE,Federal Contract Tower,0,8,14,1,23,0,0,26,2,28,0,8,40,3,51,60,0,60,111
10/28/2021,PKB,WV,AEA,CE,Federal Contract Tower,0,11,11,2,24,0,0,21,7,28,0,11,32,9,52,16,38,54,106
10/29/2021,PKB,WV,AEA,CE,Federal Contract Tower,0,9,3,2,14,0,0,6,0,6,0,9,9,2,20,22,0,22,42
10/30/2021,PKB,WV,AEA,CE,Federal Contract Tower,0,3,15,0,18,0,0,3,0,3,0,3,18,0,21,18,0,18,39
10/31/2021,PKB,WV,AEA,CE,Federal Contract Tower,0,6,10,0,16,0,0,2,0,2,0,6,12,0,18,0,0,0,18
11/01/2021,PKB,WV,AEA,CE,Federal Contract Tower,0,4,6,0,10,0,0,44,4,48,0,4,50,4,58,50,14,64,122
11/02/2021,PKB,WV,AEA,CE,Federal Contract Tower,0,8,15,2,25,0,0,30,3,33,0,8,45,5,58,52,0,52,110
11/03/2021,PKB,WV,AEA,CE,Federal Contract Tower,0,7,5,2,14,0,0,35,4,39,0,7,40,6,53,50,0,50,103
11/04/2021,PKB,WV,AEA,CE,Federal Contract Tower,0,7,4,6,17,0,0,22,9,31,0,7,26,15,48,32,68,100,148
11/05/2021,PKB,WV,AEA,CE,Federal Contract Tower,0,9,10,6,25,0,0,34,11,45,0,9,44,17,70,40,76,116,186
11/06/2021,PKB,WV,AEA,CE,Federal Contract Tower,0,3,6,1,10,0,0,29,12,41,0,3,35,13,51,42,60,102,153
11/07/2021,PKB,WV,AEA,CE,Federal Contract Tower,0,7,21,0,28,0,4,51,4,59,0,11,72,4,87,28,0,28,115
11/08/2021,PKB,WV,AEA,CE,Federal Contract Tower,0,10,12,2,24,0,0,9,4,13,0,10,21,6,37,14,0,14,51
11/09/2021,PKB,WV,AEA,CE,Federal Contract Tower,0,9,14,2,25,0,0,41,5,46,0,9,55,7,71,68,10,78,149
11/10/2021,PKB,WV,AEA,CE,Federal Contract Tower,0,8,12,7,27,0,2,32,9,43,0,10,44,16,70,60,36,96,166
11/11/2021,PKB,WV,AEA,CE,Federal Contract Tower,0,7,5,0,12,0,0,9,2,11,0,7,14,2,23,16,8,24,47
11/12/2021,PKB,WV,AEA,CE,Federal Contract Tower,0,6,18,0,24,0,0,7,2,9,0,6,25,2,33,10,0,10,43
11/13/2021,PKB,WV,AEA,CE,Federal Contract Tower,0,3,5,0,8,0,0,7,0,7,0,3,12,0,15,10,0,10,25
11/14/2021,PKB,WV,AEA,CE,Federal Contract Tower,0,4,12,0,16,0,0,0,0,0,0,4,12,0,16,0,0,0,16
11/15/2021,PKB,WV,AEA,CE,Federal Contract Tower,0,6,2,6,14,0,0,9,5,14,0,6,11,11,28,0,54,54,82
11/16/2021,PKB,WV,AEA,CE,Federal Contract Tower,0,4,10,2,16,0,0,34,3,37,0,4,44,5,53,44,30,74,127
11/17/2021,PKB,WV,AEA,CE,Federal Contract Tower,0,9,8,1,18,0,0,21,5,26,0,9,29,6,44,16,40,56,100
11/18/2021,PKB,WV,AEA,CE,Federal Contract Tower,0,9,9,3,21,0,0,0,12,12,0,9,9,15,33,0,86,86,119
11/19/2021,PKB,WV,AEA,CE,Federal Contract Tower,0,7,19,2,28,0,0,36,22,58,0,7,55,24,86,36,52,88,174
11/20/2021,PKB,WV,AEA,CE,Federal Contract Tower,0,3,17,2,22,0,2,43,3,48,0,5,60,5,70,34,6,40,110
11/21/2021,PKB,WV,AEA,CE,Federal Contract Tower,0,4,5,1,10,0,0,6,0,6,0,4,11,1,16,0,28,28,44
11/22/2021,PKB,WV,AEA,CE,Federal Contract Tower,0,5,3,1,9,0,2,18,1,21,0,7,21,2,30,18,0,18,48
11/23/2021,PKB,WV,AEA,CE,Federal Contract Tower,0,10,17,3,30,0,2,27,1,30,0,12,44,4,60,12,0,12,72
11/24/2021,PKB,WV,AEA,CE,Federal Contract Tower,0,8,11,0,19,0,0,19,2,21,0,8,30,2,40,0,0,0,40
11/25/2021,PKB,WV,AEA,CE,Federal Contract Tower,0,1,1,0,2,0,0,0,0,0,0,1,1,0,2,0,0,0,2
11/26/2021,PKB,WV,AEA,CE,Federal Contract Tower,0,8,3,0,11,0,0,1,0,1,0,8,4,0,12,0,0,0,12
11/27/2021,PKB,WV,AEA,CE,Federal Contract Tower,0,5,13,0,18,0,0,25,0,25,0,5,38,0,43,0,0,0,43
11/28/2021,PKB,WV,AEA,CE,Federal Contract Tower,0,6,8,0,14,0,0,2,0,2,0,6,10,0,16,0,0,0,16
11/29/2021,PKB,WV,AEA,CE,Federal Contract Tower,0,4,3,7,14,0,0,23,4,27,0,4,26,11,41,72,58,130,171
11/30/2021,PKB,WV,AEA,CE,Federal Contract Tower,0,8,8,2,18,0,2,19,19,40,0,10,27,21,58,18,62,80,138
12/01/2021,PKB,WV,AEA,CE,Federal Contract Tower,0,10,9,2,21,0,0,16,18,34,0,10,25,20,55,12,98,110,165
12/02/2021,PKB,WV,AEA,CE,Federal Contract Tower,0,9,16,1,26,0,0,7,4,11,0,9,23,5,37,0,22,22,59
12/03/2021,PKB,WV,AEA,CE,Federal Contract Tower,0,12,7,4,23,0,0,27,17,44,0,12,34,21,67,60,116,176,243
12/04/2021,PKB,WV,AEA,CE,Federal Contract Tower,0,7,8,2,17,0,2,38,7,47,0,9,46,9,64,80,82,162,226
12/05/2021,PKB,WV,AEA,CE,Federal Contract Tower,0,4,2,0,6,0,0,21,0,21,0,4,23,0,27,12,0,12,39
12/06/2021,PKB,WV,AEA,CE,Federal Contract Tower,0,5,7,1,13,0,0,2,6,8,0,5,9,7,21,0,92,92,113
12/07/2021,PKB,WV,AEA,CE,Federal Contract Tower,0,8,22,1,31,0,1,27,9,37,0,9,49,10,68,0,58,58,126
12/08/2021,PKB,WV,AEA,CE,Federal Contract Tower,0,14,12,0,26,0,0,8,9,17,0,14,20,9,43,66,34,100,143
12/09/2021,PKB,WV,AEA,CE,Federal Contract Tower,0,9,14,1,24,0,2,17,11,30,0,11,31,12,54,86,28,114,168
12/10/2021,PKB,WV,AEA,CE,Federal Contract Tower,0,9,10,3,22,0,0,10,6,16,0,9,20,9,38,28,30,58,96
12/11/2021,PKB,WV,AEA,CE,Federal Contract Tower,0,3,4,0,7,0,0,0,0,0,0,3,4,0,7,0,0,0,7
12/12/2021,PKB,WV,AEA,CE,Federal Contract Tower,0,4,8,0,12,0,0,35,4,39,0,4,43,4,51,48,0,48,99
12/13/2021,PKB,WV,AEA,CE,Federal Contract Tower,0,4,7,3,14,0,0,51,4,55,0,4,58,7,69,0,10,10,79
12/14/2021,PKB,WV,AEA,CE,Federal Contract Tower,0,7,10,3,20,0,0,29,8,37,0,7,39,11,57,40,36,76,133
12/15/2021,PKB,WV,AEA,CE,Federal Contract Tower,0,10,7,2,19,0,0,22,25,47,0,10,29,27,66,70,80,150,216
12/16/2021,PKB,WV,AEA,CE,Federal Contract Tower,0,11,8,4,23,0,0,3,7,10,0,11,11,11,33,0,28,28,61
12/17/2021,PKB,WV,AEA,CE,Federal Contract Tower,0,9,11,0,20,0,0,9,5,14,0,9,20,5,34,42,44,86,120
12/18/2021,PKB,WV,AEA,CE,Federal Contract Tower,0,8,3,1,12,0,0,2,4,6,0,8,5,5,18,4,14,18,36
12/20/2021,PKB,WV,AEA,CE,Federal Contract Tower,0,5,12,0,17,0,0,26,3,29,0,5,38,3,46,20,16,36,82
12/21/2021,PKB,WV,AEA,CE,Federal Contract Tower,0,8,15,0,23,0,0,31,2,33,0,8,46,2,56,54,0,54,110
12/22/2021,PKB,WV,AEA,CE,Federal Contract Tower,0,10,12,0,22,0,0,12,2,14,0,10,24,2,36,0,0,0,36
12/23/2021,PKB,WV,AEA,CE,Federal Contract Tower,0,10,13,0,23,0,0,32,0,32,0,10,45,0,55,78,0,78,133
12/24/2021,PKB,WV,AEA,CE,Federal Contract Tower,0,7,4,0,11,0,0,11,0,11,0,7,15,0,22,0,0,0,22
12/25/2021,PKB,WV,AEA,CE,Federal Contract Tower,0,2,1,0,3,0,0,0,0,0,0,2,1,0,3,0,0,0,3
12/26/2021,PKB,WV,AEA,CE,Federal Contract Tower,0,5,9,0,14,0,0,25,0,25,0,5,34,0,39,68,0,68,107
12/28/2021,PKB,WV,AEA,CE,Federal Contract Tower,0,8,9,0,17,0,0,8,0,8,0,8,17,0,25,38,0,38,63
12/29/2021,PKB,WV,AEA,CE,Federal Contract Tower,0,6,10,0,16,0,0,2,0,2,0,6,12,0,18,8,0,8,26
12/30/2021,PKB,WV,AEA,CE,Federal Contract Tower,0,6,3,0,9,0,0,0,0,0,0,6,3,0,9,0,0,0,9
12/31/2021,PKB,WV,AEA,CE,Federal Contract Tower,0,5,11,0,16,0,0,28,0,28,0,5,39,0,44,58,0,58,102
01/01/2022,PKB,WV,AEA,CE,Federal Contract Tower,0,1,0,0,1,0,0,0,0,0,0,1,0,0,1,0,0,0,1
01/02/2022,PKB,WV,AEA,CE,Federal Contract Tower,0,4,7,0,11,0,0,3,0,3,0,4,10,0,14,24,0,24,38
01/03/2022,PKB,WV,AEA,CE,Federal Contract Tower,0,5,6,0,11,0,0,14,2,16,0,5,20,2,27,6,44,50,77
01/04/2022,PKB,WV,AEA,CE,Federal Contract Tower,0,10,6,6,22,0,0,71,14,85,0,10,77,20,107,4,46,50,157
01/05/2022,PKB,WV,AEA,CE,Federal Contract Tower,0,6,4,2,12,0,0,14,10,24,0,6,18,12,36,0,60,60,96
01/06/2022,PKB,WV,AEA,CE,Federal Contract Tower,0,6,7,1,14,0,0,10,7,17,0,6,17,8,31,44,38,82,113
01/07/2022,PKB,WV,AEA,CE,Federal Contract Tower,0,2,7,1,10,0,0,0,12,12,0,2,7,13,22,0,90,90,112
01/08/2022,PKB,WV,AEA,CE,Federal Contract Tower,0,6,11,4,21,0,0,38,22,60,0,6,49,26,81,28,152,180,261
01/09/2022,PKB,WV,AEA,CE,Federal Contract Tower,0,5,2,0,7,0,0,0,0,0,0,5,2,0,7,0,0,0,7
01/10/2022,PKB,WV,AEA,CE,Federal Contract Tower,0,6,10,0,16,0,9,11,0,20,0,15,21,0,36,2,50,52,88
01/11/2022,PKB,WV,AEA,CE,Federal Contract Tower,0,10,9,7,26,0,0,13,6,19,0,10,22,13,45,6,38,44,89
01/12/2022,PKB,WV,AEA,CE,Federal Contract Tower,0,8,9,0,17,0,0,20,11,31,0,8,29,11,48,4,20,24,72
01/13/2022,PKB,WV,AEA,CE,Federal Contract Tower,0,8,11,0,19,0,0,7,7,14,0,8,18,7,33,0,14,14,47
01/14/2022,PKB,WV,AEA,CE,Federal Contract Tower,0,8,2,0,10,0,0,0,12,12,0,8,2,12,22,0,42,42,64
01/15/2022,PKB,WV,AEA,CE,Federal Contract Tower,0,3,4,1,8,0,0,8,0,8,0,3,12,1,16,14,0,14,30
01/16/2022,PKB,WV,AEA,CE,Federal Contract Tower,0,3,8,2,13,0,0,0,0,0,0,3,8,2,13,0,0,0,13
01/17/2022,PKB,WV,AEA,CE,Federal Contract Tower,0,0,0,0,0,0,0,0,0,0,0,0,0,0,0,0,0,0,0
01/18/2022,PKB,WV,AEA,CE,Federal Contract Tower,0,0,0,0,0,0,0,0,0,0,0,0,0,0,0,0,0,0,0
01/19/2022,PKB,WV,AEA,CE,Federal Contract Tower,0,8,1,0,9,0,0,2,2,4,0,8,3,2,13,8,0,8,21
01/20/2022,PKB,WV,AEA,CE,Federal Contract Tower,0,13,3,0,16,0,0,2,2,4,0,13,5,2,20,0,0,0,20
01/21/2022,PKB,WV,AEA,CE,Federal Contract Tower,0,8,4,1,13,0,0,3,7,10,0,8,7,8,23,0,46,46,69
01/22/2022,PKB,WV,AEA,CE,Federal Contract Tower,0,3,13,2,18,0,0,22,7,29,0,3,35,9,47,0,12,12,59
01/23/2022,PKB,WV,AEA,CE,Federal Contract Tower,0,5,4,2,11,0,0,0,2,2,0,5,4,4,13,0,36,36,49
01/24/2022,PKB,WV,AEA,CE,Federal Contract Tower,0,2,3,2,7,0,0,0,2,2,0,2,3,4,9,0,0,0,9
01/25/2022,PKB,WV,AEA,CE,Federal Contract Tower,0,2,5,3,10,0,0,0,10,10,0,2,5,13,20,0,44,44,64
01/26/2022,PKB,WV,AEA,CE,Federal Contract Tower,0,8,8,8,24,0,0,29,9,38,0,8,37,17,62,14,34,48,110
01/27/2022,PKB,WV,AEA,CE,Federal Contract Tower,0,7,5,1,13,0,0,14,11,25,0,7,19,12,38,0,94,94,132
01/28/2022,PKB,WV,AEA,CE,Federal Contract Tower,0,6,2,0,8,0,0,0,1,1,0,6,2,1,9,0,0,0,9
01/29/2022,PKB,WV,AEA,CE,Federal Contract Tower,0,4,6,0,10,0,0,15,2,17,0,4,21,2,27,0,0,0,27
01/30/2022,PKB,WV,AEA,CE,Federal Contract Tower,0,4,5,0,9,0,0,7,6,13,0,4,12,6,22,2,0,2,24
01/31/2022,PKB,WV,AEA,CE,Federal Contract Tower,0,5,9,5,19,0,0,8,4,12,0,5,17,9,31,0,10,10,41
02/01/2022,PKB,WV,AEA,CE,Federal Contract Tower,0,9,3,0,12,0,0,22,14,36,0,9,25,14,48,20,22,42,90
02/02/2022,PKB,WV,AEA,CE,Federal Contract Tower,0,12,9,6,27,0,0,8,12,20,0,12,17,18,47,30,12,42,89
02/03/2022,PKB,WV,AEA,CE,Federal Contract Tower,0,4,4,0,8,0,0,0,0,0,0,4,4,0,8,0,0,0,8
02/04/2022,PKB,WV,AEA,CE,Federal Contract Tower,0,0,0,0,0,0,0,0,4,4,0,0,0,4,4,0,56,56,60
02/05/2022,PKB,WV,AEA,CE,Federal Contract Tower,0,0,1,6,7,0,0,0,12,12,0,0,1,18,19,0,152,152,171
02/06/2022,PKB,WV,AEA,CE,Federal Contract Tower,0,2,14,0,16,0,0,12,0,12,0,2,26,0,28,18,0,18,46
02/07/2022,PKB,WV,AEA,CE,Federal Contract Tower,0,7,5,3,15,0,0,6,11,17,0,7,11,14,32,0,22,22,54
02/08/2022,PKB,WV,AEA,CE,Federal Contract Tower,0,7,8,2,17,0,0,19,3,22,0,7,27,5,39,16,22,38,77
02/09/2022,PKB,WV,AEA,CE,Federal Contract Tower,0,12,17,10,39,0,0,14,16,30,0,12,31,26,69,6,46,52,121
02/10/2022,PKB,WV,AEA,CE,Federal Contract Tower,0,9,7,1,17,0,0,7,22,29,0,9,14,23,46,0,54,54,100
02/11/2022,PKB,WV,AEA,CE,Federal Contract Tower,0,8,5,9,22,0,0,3,20,23,0,8,8,29,45,0,92,92,137
02/12/2022,PKB,WV,AEA,CE,Federal Contract Tower,0,3,4,0,7,0,0,3,9,12,0,3,7,9,19,6,16,22,41
02/13/2022,PKB,WV,AEA,CE,Federal Contract Tower,0,4,5,1,10,0,0,4,2,6,0,4,9,3,16,0,10,10,26
02/14/2022,PKB,WV,AEA,CE,Federal Contract Tower,0,8,6,0,14,0,2,1,0,3,0,10,7,0,17,0,0,0,17
02/15/2022,PKB,WV,AEA,CE,Federal Contract Tower,0,8,9,3,20,0,2,24,5,31,0,10,33,8,51,22,18,40,91
02/16/2022,PKB,WV,AEA,CE,Federal Contract Tower,0,5,7,0,12,0,0,8,5,13,0,5,15,5,25,4,34,38,63
02/17/2022,PKB,WV,AEA,CE,Federal Contract Tower,0,7,8,3,18,0,0,2,1,3,0,7,10,4,21,0,0,0,21
02/18/2022,PKB,WV,AEA,CE,Federal Contract Tower,0,8,13,0,21,0,0,7,0,7,0,8,20,0,28,2,0,2,30
02/19/2022,PKB,WV,AEA,CE,Federal Contract Tower,0,4,7,0,11,0,0,4,0,4,0,4,11,0,15,0,0,0,15
02/20/2022,PKB,WV,AEA,CE,Federal Contract Tower,0,5,10,0,15,0,0,20,4,24,0,5,30,4,39,4,0,4,43
02/21/2022,PKB,WV,AEA,CE,Federal Contract Tower,0,5,10,0,15,0,0,30,0,30,0,5,40,0,45,10,0,10,55
02/22/2022,PKB,WV,AEA,CE,Federal Contract Tower,0,5,1,0,6,0,0,2,0,2,0,5,3,0,8,2,28,30,38
02/23/2022,PKB,WV,AEA,CE,Federal Contract Tower,0,7,12,2,21,0,0,2,0,2,0,7,14,2,23,6,0,6,29
02/24/2022,PKB,WV,AEA,CE,Federal Contract Tower,0,4,3,3,10,0,0,0,17,17,0,4,3,20,27,0,149,149,176
02/25/2022,PKB,WV,AEA,CE,Federal Contract Tower,0,5,6,0,11,0,0,0,6,6,0,5,6,6,17,0,34,34,51
02/26/2022,PKB,WV,AEA,CE,Federal Contract Tower,0,5,18,2,25,0,0,19,0,19,0,5,37,2,44,22,0,22,66
02/27/2022,PKB,WV,AEA,CE,Federal Contract Tower,0,4,7,0,11,0,0,32,0,32,0,4,39,0,43,4,0,4,47
02/28/2022,PKB,WV,AEA,CE,Federal Contract Tower,0,5,6,0,11,0,0,25,6,31,0,5,31,6,42,20,2,22,64
03/01/2022,PKB,WV,AEA,CE,Federal Contract Tower,0,5,8,0,13,0,0,17,2,19,0,5,25,2,32,10,0,10,42
03/02/2022,PKB,WV,AEA,CE,Federal Contract Tower,0,8,5,0,13,0,4,15,11,30,0,12,20,11,43,12,0,12,55
03/03/2022,PKB,WV,AEA,CE,Federal Contract Tower,0,8,17,4,29,0,0,7,9,16,0,8,24,13,45,6,10,16,61
03/04/2022,PKB,WV,AEA,CE,Federal Contract Tower,0,8,8,3,19,0,0,31,13,44,0,8,39,16,63,14,92,106,169
03/05/2022,PKB,WV,AEA,CE,Federal Contract Tower,0,3,7,2,12,0,4,29,9,42,0,7,36,11,54,24,18,42,96
03/06/2022,PKB,WV,AEA,CE,Federal Contract Tower,0,7,5,0,12,0,0,7,3,10,0,7,12,3,22,26,34,60,82
03/07/2022,PKB,WV,AEA,CE,Federal Contract Tower,0,5,7,0,12,0,0,1,2,3,0,5,8,2,15,0,6,6,21
03/08/2022,PKB,WV,AEA,CE,Federal Contract Tower,0,8,10,5,23,0,2,31,4,37,0,10,41,9,60,18,2,20,80
03/09/2022,PKB,WV,AEA,CE,Federal Contract Tower,0,9,2,0,11,0,0,2,0,2,0,9,4,0,13,2,0,2,15
03/10/2022,PKB,WV,AEA,CE,Federal Contract Tower,0,10,13,3,26,0,2,9,9,20,0,12,22,12,46,4,8,12,58
03/11/2022,PKB,WV,AEA,CE,Federal Contract Tower,0,7,9,0,16,0,0,9,0,9,0,7,18,0,25,0,0,0,25
03/12/2022,PKB,WV,AEA,CE,Federal Contract Tower,0,0,0,0,0,0,0,0,0,0,0,0,0,0,0,0,0,0,0
03/13/2022,PKB,WV,AEA,CE,Federal Contract Tower,0,4,5,0,9,0,0,14,1,15,0,4,19,1,24,4,0,4,28
03/14/2022,PKB,WV,AEA,CE,Federal Contract Tower,0,4,6,3,13,0,0,27,4,31,0,4,33,7,44,9,52,61,105
03/15/2022,PKB,WV,AEA,CE,Federal Contract Tower,0,7,4,5,16,0,1,33,15,49,0,8,37,20,65,30,24,54,119
03/16/2022,PKB,WV,AEA,CE,Federal Contract Tower,0,8,13,7,28,0,1,69,27,97,0,9,82,34,125,22,22,44,169
03/17/2022,PKB,WV,AEA,CE,Federal Contract Tower,0,9,16,0,25,0,0,23,21,44,0,9,39,21,69,4,118,122,191
03/18/2022,PKB,WV,AEA,CE,Federal Contract Tower,0,8,0,0,8,0,0,21,10,31,0,8,21,10,39,0,58,58,97
03/19/2022,PKB,WV,AEA,CE,Federal Contract Tower,0,3,2,0,5,0,0,4,6,10,0,3,6,6,15,2,8,10,25
03/20/2022,PKB,WV,AEA,CE,Federal Contract Tower,0,4,15,0,19,0,0,9,6,15,0,4,24,6,34,10,8,18,52
03/21/2022,PKB,WV,AEA,CE,Federal Contract Tower,0,5,8,2,15,0,0,26,8,34,0,5,34,10,49,34,55,89,138
03/22/2022,PKB,WV,AEA,CE,Federal Contract Tower,0,6,12,3,21,0,0,21,4,25,0,6,33,7,46,42,12,54,100
03/23/2022,PKB,WV,AEA,CE,Federal Contract Tower,0,12,14,0,26,0,0,4,6,10,0,12,18,6,36,0,52,52,88
03/24/2022,PKB,WV,AEA,CE,Federal Contract Tower,0,7,9,5,21,0,0,42,19,61,0,7,51,24,82,18,59,77,159
03/25/2022,PKB,WV,AEA,CE,Federal Contract Tower,0,7,3,1,11,0,0,11,1,12,0,7,14,2,23,29,20,49,72
03/26/2022,PKB,WV,AEA,CE,Federal Contract Tower,0,3,5,0,8,0,0,2,2,4,0,3,7,2,12,0,0,0,12
03/27/2022,PKB,WV,AEA,CE,Federal Contract Tower,0,6,2,0,8,0,0,15,0,15,0,6,17,0,23,22,0,22,45
03/28/2022,PKB,WV,AEA,CE,Federal Contract Tower,0,3,9,0,12,0,0,17,3,20,0,3,26,3,32,12,0,12,44
03/29/2022,PKB,WV,AEA,CE,Federal Contract Tower,0,6,9,0,15,0,0,46,8,54,0,6,55,8,69,34,20,54,123
03/30/2022,PKB,WV,AEA,CE,Federal Contract Tower,0,7,15,0,22,0,1,14,19,34,0,8,29,19,56,0,80,80,136
03/31/2022,PKB,WV,AEA,CE,Federal Contract Tower,0,9,2,1,12,0,0,0,3,3,0,9,2,4,15,0,50,50,65
04/01/2022,PKB,WV,AEA,CE,Federal Contract Tower,0,7,15,0,22,0,0,0,6,6,0,7,15,6,28,0,90,90,118
04/02/2022,PKB,WV,AEA,CE,Federal Contract Tower,0,5,9,0,14,0,4,54,6,64,0,9,63,6,78,38,24,62,140
04/03/2022,PKB,WV,AEA,CE,Federal Contract Tower,0,4,11,2,17,0,0,16,5,21,0,4,27,7,38,0,24,24,62
04/04/2022,PKB,WV,AEA,CE,Federal Contract Tower,0,6,11,2,19,0,0,20,15,35,0,6,31,17,54,12,2,14,68
04/05/2022,PKB,WV,AEA,CE,Federal Contract Tower,0,9,2,0,11,0,0,1,7,8,0,9,3,7,19,0,22,22,41
04/06/2022,PKB,WV,AEA,CE,Federal Contract Tower,0,6,5,0,11,0,2,4,2,8,0,8,9,2,19,15,10,25,44
04/07/2022,PKB,WV,AEA,CE,Federal Contract Tower,0,10,7,1,18,0,0,4,13,17,0,10,11,14,35,4,15,19,54
04/08/2022,PKB,WV,AEA,CE,Federal Contract Tower,0,8,5,0,13,0,0,8,3,11,0,8,13,3,24,42,0,42,66
04/09/2022,PKB,WV,AEA,CE,Federal Contract Tower,0,7,6,0,13,0,0,4,4,8,0,7,10,4,21,24,0,24,45
04/10/2022,PKB,WV,AEA,CE,Federal Contract Tower,0,4,23,0,27,0,0,60,4,64,0,4,83,4,91,35,0,35,126
04/11/2022,PKB,WV,AEA,CE,Federal Contract Tower,0,4,7,0,11,0,0,4,7,11,0,4,11,7,22,0,0,0,22
04/12/2022,PKB,WV,AEA,CE,Federal Contract Tower,0,7,13,2,22,0,0,11,6,17,0,7,24,8,39,34,0,34,73
04/13/2022,PKB,WV,AEA,CE,Federal Contract Tower,0,9,11,4,24,0,0,3,3,6,0,9,14,7,30,0,0,0,30
04/14/2022,PKB,WV,AEA,CE,Federal Contract Tower,0,6,8,7,21,0,2,15,5,22,0,8,23,12,43,16,0,16,59
04/15/2022,PKB,WV,AEA,CE,Federal Contract Tower,0,7,6,6,19,0,0,22,0,22,0,7,28,6,41,0,0,0,41
04/16/2022,PKB,WV,AEA,CE,Federal Contract Tower,0,4,10,0,14,0,0,9,0,9,0,4,19,0,23,22,0,22,45
04/17/2022,PKB,WV,AEA,CE,Federal Contract Tower,0,4,16,0,20,0,3,27,0,30,0,7,43,0,50,30,0,30,80
04/18/2022,PKB,WV,AEA,CE,Federal Contract Tower,0,4,8,0,12,0,0,0,1,1,0,4,8,1,13,0,0,0,13
04/19/2022,PKB,WV,AEA,CE,Federal Contract Tower,0,8,11,2,21,0,2,8,0,10,0,10,19,2,31,0,0,0,31
04/20/2022,PKB,WV,AEA,CE,Federal Contract Tower,0,11,17,8,36,0,0,49,7,56,0,11,66,15,92,20,30,50,142
04/21/2022,PKB,WV,AEA,CE,Federal Contract Tower,0,8,9,0,17,0,0,4,19,23,0,8,13,19,40,0,46,46,86
04/22/2022,PKB,WV,AEA,CE,Federal Contract Tower,0,6,15,2,23,0,2,24,1,27,0,8,39,3,50,29,27,56,106
04/23/2022,PKB,WV,AEA,CE,Federal Contract Tower,0,3,13,0,16,0,0,20,0,20,0,3,33,0,36,10,0,10,46
04/24/2022,PKB,WV,AEA,CE,Federal Contract Tower,0,6,6,0,12,0,1,28,0,29,0,7,34,0,41,18,0,18,59
04/25/2022,PKB,WV,AEA,CE,Federal Contract Tower,0,4,4,2,10,0,4,22,3,29,0,8,26,5,39,22,0,22,61
04/26/2022,PKB,WV,AEA,CE,Federal Contract Tower,0,9,18,1,28,0,0,6,1,7,0,9,24,2,35,24,0,24,59
04/27/2022,PKB,WV,AEA,CE,Federal Contract Tower,0,7,7,9,23,0,0,5,3,8,0,7,12,12,31,10,26,36,67
04/28/2022,PKB,WV,AEA,CE,Federal Contract Tower,0,7,16,0,23,0,0,20,8,28,0,7,36,8,51,4,12,16,67
04/29/2022,PKB,WV,AEA,CE,Federal Contract Tower,0,6,8,1,15,0,0,25,4,29,0,6,33,5,44,26,0,26,70
04/30/2022,PKB,WV,AEA,CE,Federal Contract Tower,0,3,8,0,11,0,0,20,0,20,0,3,28,0,31,25,0,25,56
05/01/2022,PKB,WV,AEA,CE,Federal Contract Tower,0,5,7,0,12,0,0,4,0,4,0,5,11,0,16,8,0,8,24
05/02/2022,PKB,WV,AEA,CE,Federal Contract Tower,0,4,3,4,11,0,0,29,0,29,0,4,32,4,40,14,0,14,54
05/03/2022,PKB,WV,AEA,CE,Federal Contract Tower,0,7,5,8,20,0,0,16,0,16,0,7,21,8,36,0,0,0,36
05/04/2022,PKB,WV,AEA,CE,Federal Contract Tower,0,10,7,7,24,0,1,13,18,32,0,11,20,25,56,40,60,100,156
05/05/2022,PKB,WV,AEA,CE,Federal Contract Tower,0,11,16,3,30,0,0,20,20,40,0,11,36,23,70,26,36,62,132
05/06/2022,PKB,WV,AEA,CE,Federal Contract Tower,0,4,4,0,8,0,0,0,0,0,0,4,4,0,8,0,26,26,34
05/07/2022,PKB,WV,AEA,CE,Federal Contract Tower,0,5,3,0,8,0,0,2,3,5,0,5,5,3,13,6,0,6,19
05/08/2022,PKB,WV,AEA,CE,Federal Contract Tower,0,4,6,0,10,0,0,21,2,23,0,4,27,2,33,2,0,2,35
05/09/2022,PKB,WV,AEA,CE,Federal Contract Tower,0,4,8,3,15,0,1,42,2,45,0,5,50,5,60,16,36,52,112
05/10/2022,PKB,WV,AEA,CE,Federal Contract Tower,0,6,7,0,13,0,0,60,3,63,0,6,67,3,76,38,42,80,156
05/11/2022,PKB,WV,AEA,CE,Federal Contract Tower,0,9,13,2,24,0,0,41,8,49,0,9,54,10,73,10,22,32,105
05/12/2022,PKB,WV,AEA,CE,Federal Contract Tower,0,9,11,3,23,0,0,39,5,44,0,9,50,8,67,48,12,60,127
05/13/2022,PKB,WV,AEA,CE,Federal Contract Tower,0,10,12,2,24,0,0,11,16,27,0,10,23,18,51,14,50,64,115
05/14/2022,PKB,WV,AEA,CE,Federal Contract Tower,0,3,5,4,12,0,0,21,14,35,0,3,26,18,47,66,28,94,141
05/15/2022,PKB,WV,AEA,CE,Federal Contract Tower,0,6,8,0,14,0,30,11,0,41,0,36,19,0,55,38,66,104,159
05/16/2022,PKB,WV,AEA,CE,Federal Contract Tower,0,4,9,7,20,0,0,4,6,10,0,4,13,13,30,0,66,66,96
05/17/2022,PKB,WV,AEA,CE,Federal Contract Tower,0,8,7,3,18,0,0,27,5,32,0,8,34,8,50,14,8,22,72
05/18/2022,PKB,WV,AEA,CE,Federal Contract Tower,0,7,11,2,20,0,2,24,19,45,0,9,35,21,65,0,82,82,147
05/19/2022,PKB,WV,AEA,CE,Federal Contract Tower,0,11,13,3,27,0,0,12,14,26,0,11,25,17,53,6,78,84,137
05/20/2022,PKB,WV,AEA,CE,Federal Contract Tower,0,4,8,3,15,0,0,12,15,27,0,4,20,18,42,0,102,102,144
05/21/2022,PKB,WV,AEA,CE,Federal Contract Tower,0,5,2,0,7,0,0,25,0,25,0,5,27,0,32,38,0,38,70
05/22/2022,PKB,WV,AEA,CE,Federal Contract Tower,0,4,6,0,10,0,0,9,0,9,0,4,15,0,19,6,0,6,25
05/23/2022,PKB,WV,AEA,CE,Federal Contract Tower,0,3,8,1,12,0,0,26,7,33,0,3,34,8,45,28,20,48,93
05/24/2022,PKB,WV,AEA,CE,Federal Contract Tower,0,7,3,2,12,0,0,21,7,28,0,7,24,9,40,52,0,52,92
05/25/2022,PKB,WV,AEA,CE,Federal Contract Tower,0,7,3,5,15,0,0,29,12,41,0,7,32,17,56,40,14,54,110
05/26/2022,PKB,WV,AEA,CE,Federal Contract Tower,0,6,4,0,10,0,0,18,0,18,0,6,22,0,28,44,0,44,72
05/27/2022,PKB,WV,AEA,CE,Federal Contract Tower,0,6,9,0,15,0,0,0,0,0,0,6,9,0,15,0,0,0,15
05/28/2022,PKB,WV,AEA,CE,Federal Contract Tower,0,6,15,0,21,0,0,12,0,12,0,6,27,0,33,38,0,38,71
05/29/2022,PKB,WV,AEA,CE,Federal Contract Tower,0,4,10,0,14,0,0,42,0,42,0,4,52,0,56,28,0,28,84
05/30/2022,PKB,WV,AEA,CE,Federal Contract Tower,0,4,10,0,14,0,0,51,0,51,0,4,61,0,65,40,0,40,105
05/31/2022,PKB,WV,AEA,CE,Federal Contract Tower,0,3,20,0,23,0,2,47,2,51,0,5,67,2,74,20,0,20,94
06/01/2022,PKB,WV,AEA,CE,Federal Contract Tower,0,8,6,0,14,0,0,29,0,29,0,8,35,0,43,12,0,12,55
06/02/2022,PKB,WV,AEA,CE,Federal Contract Tower,0,7,3,2,12,0,0,0,5,5,0,7,3,7,17,0,28,28,45
06/03/2022,PKB,WV,AEA,CE,Federal Contract Tower,0,4,9,3,16,0,0,26,23,49,0,4,35,26,65,4,70,74,139
06/04/2022,PKB,WV,AEA,CE,Federal Contract Tower,0,7,7,0,14,0,0,46,7,53,0,7,53,7,67,30,48,78,145
06/05/2022,PKB,WV,AEA,CE,Federal Contract Tower,0,4,7,2,13,0,0,41,0,41,0,4,48,2,54,46,0,46,100
06/06/2022,PKB,WV,AEA,CE,Federal Contract Tower,0,3,5,2,10,0,0,16,0,16,0,3,21,2,26,0,0,0,26
06/07/2022,PKB,WV,AEA,CE,Federal Contract Tower,0,5,4,0,9,0,0,0,2,2,0,5,4,2,11,0,0,0,11
06/08/2022,PKB,WV,AEA,CE,Federal Contract Tower,0,5,9,2,16,0,5,28,24,57,0,10,37,26,73,10,54,64,137
06/09/2022,PKB,WV,AEA,CE,Federal Contract Tower,0,6,21,4,31,0,0,13,3,16,0,6,34,7,47,14,12,26,73
06/10/2022,PKB,WV,AEA,CE,Federal Contract Tower,0,8,14,0,22,0,0,24,0,24,0,8,38,0,46,26,0,26,72
06/11/2022,PKB,WV,AEA,CE,Federal Contract Tower,0,3,11,0,14,0,0,8,0,8,0,3,19,0,22,4,0,4,26
06/12/2022,PKB,WV,AEA,CE,Federal Contract Tower,0,4,8,0,12,0,2,15,0,17,0,6,23,0,29,6,0,6,35
06/13/2022,PKB,WV,AEA,CE,Federal Contract Tower,0,4,9,5,18,0,0,16,6,22,0,4,25,11,40,4,48,52,92
06/14/2022,PKB,WV,AEA,CE,Federal Contract Tower,0,5,10,0,15,0,0,15,11,26,0,5,25,11,41,22,66,88,129
06/15/2022,PKB,WV,AEA,CE,Federal Contract Tower,0,7,9,4,20,0,0,34,8,42,0,7,43,12,62,60,84,144,206
06/16/2022,PKB,WV,AEA,CE,Federal Contract Tower,0,6,5,0,11,0,0,40,5,45,0,6,45,5,56,10,0,10,66
06/17/2022,PKB,WV,AEA,CE,Federal Contract Tower,0,6,18,0,24,0,3,27,0,30,0,9,45,0,54,16,0,16,70
06/18/2022,PKB,WV,AEA,CE,Federal Contract Tower,0,4,5,0,9,0,1,17,0,18,0,5,22,0,27,4,0,4,31
06/19/2022,PKB,WV,AEA,CE,Federal Contract Tower,0,2,7,0,9,0,4,62,2,68,0,6,69,2,77,42,0,42,119
06/20/2022,PKB,WV,AEA,CE,Federal Contract Tower,0,4,3,0,7,0,2,30,0,32,0,6,33,0,39,30,0,30,69
06/21/2022,PKB,WV,AEA,CE,Federal Contract Tower,0,4,12,0,16,0,0,34,2,36,0,4,46,2,52,28,0,28,80
06/22/2022,PKB,WV,AEA,CE,Federal Contract Tower,0,6,9,0,15,0,0,24,3,27,0,6,33,3,42,8,42,50,92
06/23/2022,PKB,WV,AEA,CE,Federal Contract Tower,0,10,7,1,18,0,0,24,5,29,0,10,31,6,47,48,44,92,139
06/24/2022,PKB,WV,AEA,CE,Federal Contract Tower,0,6,9,0,15,0,0,31,5,36,0,6,40,5,51,32,14,46,97
06/25/2022,PKB,WV,AEA,CE,Federal Contract Tower,0,3,8,2,13,0,0,35,0,35,0,3,43,2,48,14,0,14,62
06/26/2022,PKB,WV,AEA,CE,Federal Contract Tower,0,4,2,0,6,0,0,14,0,14,0,4,16,0,20,62,0,62,82
06/27/2022,PKB,WV,AEA,CE,Federal Contract Tower,0,6,5,0,11,0,0,34,3,37,0,6,39,3,48,26,24,50,98
06/28/2022,PKB,WV,AEA,CE,Federal Contract Tower,0,9,6,0,15,0,0,37,2,39,0,9,43,2,54,32,0,32,86
06/29/2022,PKB,WV,AEA,CE,Federal Contract Tower,0,4,11,2,17,0,0,30,2,32,0,4,41,4,49,34,36,70,119
06/30/2022,PKB,WV,AEA,CE,Federal Contract Tower,0,18,13,0,31,0,0,34,2,36,0,18,47,2,67,28,0,28,95
07/01/2022,PKB,WV,AEA,CE,Federal Contract Tower,0,8,5,0,13,0,0,5,2,7,0,8,10,2,20,10,0,10,30
07/02/2022,PKB,WV,AEA,CE,Federal Contract Tower,0,6,6,0,12,0,0,20,0,20,0,6,26,0,32,40,0,40,72
07/03/2022,PKB,WV,AEA,CE,Federal Contract Tower,0,3,5,0,8,0,0,32,4,36,0,3,37,4,44,22,0,22,66
07/04/2022,PKB,WV,AEA,CE,Federal Contract Tower,0,4,16,0,20,0,0,33,0,33,0,4,49,0,53,24,0,24,77
07/05/2022,PKB,WV,AEA,CE,Federal Contract Tower,0,4,1,0,5,0,0,5,0,5,0,4,6,0,10,0,0,0,10
07/06/2022,PKB,WV,AEA,CE,Federal Contract Tower,0,4,7,0,11,0,0,4,2,6,0,4,11,2,17,6,30,36,53
07/07/2022,PKB,WV,AEA,CE,Federal Contract Tower,0,8,6,0,14,0,3,17,6,26,0,11,23,6,40,12,38,50,90
07/08/2022,PKB,WV,AEA,CE,Federal Contract Tower,0,10,9,1,20,0,2,12,2,16,0,12,21,3,36,20,2,22,58
07/09/2022,PKB,WV,AEA,CE,Federal Contract Tower,0,3,12,0,15,0,0,11,0,11,0,3,23,0,26,2,0,2,28
07/10/2022,PKB,WV,AEA,CE,Federal Contract Tower,0,4,10,0,14,0,0,47,0,47,0,4,57,0,61,52,0,52,113
07/11/2022,PKB,WV,AEA,CE,Federal Contract Tower,0,7,3,0,10,0,0,31,6,37,0,7,34,6,47,0,10,10,57
07/12/2022,PKB,WV,AEA,CE,Federal Contract Tower,0,8,19,0,27,0,0,3,11,14,0,8,22,11,41,0,80,80,121
07/13/2022,PKB,WV,AEA,CE,Federal Contract Tower,0,8,21,0,29,0,0,41,6,47,0,8,62,6,76,48,54,102,178
07/14/2022,PKB,WV,AEA,CE,Federal Contract Tower,0,10,9,1,20,0,3,26,23,52,0,13,35,24,72,46,56,102,174
07/15/2022,PKB,WV,AEA,CE,Federal Contract Tower,0,10,13,3,26,0,4,62,12,78,0,14,75,15,104,22,67,89,193
07/16/2022,PKB,WV,AEA,CE,Federal Contract Tower,0,3,5,0,8,0,2,12,0,14,0,5,17,0,22,14,0,14,36
07/17/2022,PKB,WV,AEA,CE,Federal Contract Tower,0,4,3,0,7,0,0,6,0,6,0,4,9,0,13,14,0,14,27
07/18/2022,PKB,WV,AEA,CE,Federal Contract Tower,0,8,3,0,11,0,11,26,0,37,0,19,29,0,48,8,92,100,148
07/19/2022,PKB,WV,AEA,CE,Federal Contract Tower,0,4,9,1,14,0,2,29,11,42,0,6,38,12,56,62,101,163,219
07/20/2022,PKB,WV,AEA,CE,Federal Contract Tower,0,10,12,2,24,0,0,26,8,34,0,10,38,10,58,22,38,60,118
07/21/2022,PKB,WV,AEA,CE,Federal Contract Tower,0,7,5,9,21,0,0,21,12,33,0,7,26,21,54,0,166,166,220
07/22/2022,PKB,WV,AEA,CE,Federal Contract Tower,0,12,8,0,20,0,0,23,4,27,0,12,31,4,47,26,12,38,85
07/23/2022,PKB,WV,AEA,CE,Federal Contract Tower,0,4,14,0,18,0,0,23,11,34,0,4,37,11,52,58,8,66,118
07/24/2022,PKB,WV,AEA,CE,Federal Contract Tower,0,4,8,2,14,0,0,47,0,47,0,4,55,2,61,12,0,12,73
07/25/2022,PKB,WV,AEA,CE,Federal Contract Tower,0,4,2,2,8,0,0,18,2,20,0,4,20,4,28,24,168,192,220
07/26/2022,PKB,WV,AEA,CE,Federal Contract Tower,0,9,12,2,23,0,0,10,5,15,0,9,22,7,38,0,12,12,50
07/27/2022,PKB,WV,AEA,CE,Federal Contract Tower,0,7,6,2,15,0,0,2,2,4,0,7,8,4,19,0,2,2,21
07/28/2022,PKB,WV,AEA,CE,Federal Contract Tower,0,12,5,4,21,0,0,10,9,19,0,12,15,13,40,4,10,14,54
07/29/2022,PKB,WV,AEA,CE,Federal Contract Tower,0,11,4,0,15,0,0,9,10,19,0,11,13,10,34,30,10,40,74
07/30/2022,PKB,WV,AEA,CE,Federal Contract Tower,0,3,8,0,11,0,0,43,2,45,0,3,51,2,56,18,28,46,102
07/31/2022,PKB,WV,AEA,CE,Federal Contract Tower,0,4,5,0,9,0,0,20,0,20,0,4,25,0,29,72,0,72,101
08/01/2022,PKB,WV,AEA,CE,Federal Contract Tower,0,4,5,2,11,0,4,12,0,16,0,8,17,2,27,36,0,36,63
08/02/2022,PKB,WV,AEA,CE,Federal Contract Tower,0,8,4,2,14,0,0,20,2,22,0,8,24,4,36,43,2,45,81
08/03/2022,PKB,WV,AEA,CE,Federal Contract Tower,0,9,7,7,23,0,2,34,13,49,0,11,41,20,72,35,32,67,139
08/04/2022,PKB,WV,AEA,CE,Federal Contract Tower,0,7,4,7,18,0,0,16,8,24,0,7,20,15,42,43,100,143,185
08/05/2022,PKB,WV,AEA,CE,Federal Contract Tower,0,9,9,1,19,0,0,6,1,7,0,9,15,2,26,14,22,36,62
08/06/2022,PKB,WV,AEA,CE,Federal Contract Tower,0,3,6,0,9,0,0,7,4,11,0,3,13,4,20,34,54,88,108
08/07/2022,PKB,WV,AEA,CE,Federal Contract Tower,0,5,12,0,17,0,0,14,0,14,0,5,26,0,31,38,0,38,69
08/08/2022,PKB,WV,AEA,CE,Federal Contract Tower,0,4,5,0,9,0,1,27,11,39,0,5,32,11,48,54,80,134,182
08/09/2022,PKB,WV,AEA,CE,Federal Contract Tower,0,6,5,0,11,0,0,13,5,18,0,6,18,5,29,52,96,148,177
08/10/2022,PKB,WV,AEA,CE,Federal Contract Tower,0,10,12,1,23,0,0,11,2,13,0,10,23,3,36,48,80,128,164
08/11/2022,PKB,WV,AEA,CE,Federal Contract Tower,0,8,10,3,21,0,0,21,11,32,0,8,31,14,53,24,14,38,91
08/12/2022,PKB,WV,AEA,CE,Federal Contract Tower,0,6,3,1,10,0,0,28,2,30,0,6,31,3,40,64,10,74,114
08/13/2022,PKB,WV,AEA,CE,Federal Contract Tower,0,3,6,0,9,0,0,51,0,51,0,3,57,0,60,14,0,14,74
08/14/2022,PKB,WV,AEA,CE,Federal Contract Tower,0,4,9,1,14,0,0,15,0,15,0,4,24,1,29,40,2,42,71
08/15/2022,PKB,WV,AEA,CE,Federal Contract Tower,0,4,6,12,22,0,0,23,20,43,0,4,29,32,65,75,46,121,186
08/16/2022,PKB,WV,AEA,CE,Federal Contract Tower,0,10,12,5,27,0,0,3,14,17,0,10,15,19,44,4,128,132,176
08/17/2022,PKB,WV,AEA,CE,Federal Contract Tower,0,14,6,4,24,0,0,15,13,28,0,14,21,17,52,78,30,108,160
08/18/2022,PKB,WV,AEA,CE,Federal Contract Tower,0,7,6,2,15,0,0,26,10,36,0,7,32,12,51,67,10,77,128
08/19/2022,PKB,WV,AEA,CE,Federal Contract Tower,0,3,10,2,15,0,0,28,5,33,0,3,38,7,48,50,20,70,118
08/20/2022,PKB,WV,AEA,CE,Federal Contract Tower,0,3,7,1,11,0,0,25,1,26,0,3,32,2,37,113,45,158,195
08/21/2022,PKB,WV,AEA,CE,Federal Contract Tower,0,4,2,0,6,0,0,17,0,17,0,4,19,0,23,60,0,60,83
08/22/2022,PKB,WV,AEA,CE,Federal Contract Tower,0,5,3,3,11,0,2,4,0,6,0,7,7,3,17,8,0,8,25
08/23/2022,PKB,WV,AEA,CE,Federal Contract Tower,0,3,7,7,17,0,0,18,13,31,0,3,25,20,48,26,26,52,100
08/24/2022,PKB,WV,AEA,CE,Federal Contract Tower,0,5,16,2,23,0,0,42,6,48,0,5,58,8,71,28,52,80,151
08/25/2022,PKB,WV,AEA,CE,Federal Contract Tower,0,5,8,3,16,0,0,32,11,43,0,5,40,14,59,95,20,115,174
08/26/2022,PKB,WV,AEA,CE,Federal Contract Tower,0,5,5,0,10,0,0,0,0,0,0,5,5,0,10,125,5,130,140
08/27/2022,PKB,WV,AEA,CE,Federal Contract Tower,0,4,21,1,26,0,0,26,1,27,0,4,47,2,53,46,0,46,99
08/28/2022,PKB,WV,AEA,CE,Federal Contract Tower,0,8,9,1,18,0,0,17,0,17,0,8,26,1,35,56,0,56,91
08/29/2022,PKB,WV,AEA,CE,Federal Contract Tower,0,7,8,2,17,0,0,16,3,19,0,7,24,5,36,16,0,16,52
08/30/2022,PKB,WV,AEA,CE,Federal Contract Tower,0,6,2,0,8,0,0,8,0,8,0,6,10,0,16,34,0,34,50
08/31/2022,PKB,WV,AEA,CE,Federal Contract Tower,0,7,8,4,19,0,0,36,10,46,0,7,44,14,65,40,34,74,139
09/01/2022,PKB,WV,AEA,CE,Federal Contract Tower,0,6,9,5,20,0,0,43,3,46,0,6,52,8,66,40,10,50,116
09/02/2022,PKB,WV,AEA,CE,Federal Contract Tower,0,7,0,3,10,0,0,26,2,28,0,7,26,5,38,6,0,6,44
09/03/2022,PKB,WV,AEA,CE,Federal Contract Tower,1,3,4,0,8,0,0,15,0,15,1,3,19,0,23,20,0,20,43
09/04/2022,PKB,WV,AEA,CE,Federal Contract Tower,0,4,4,0,8,0,0,17,0,17,0,4,21,0,25,62,0,62,87
09/05/2022,PKB,WV,AEA,CE,Federal Contract Tower,0,4,0,0,4,0,0,5,0,5,0,4,5,0,9,0,0,0,9
09/06/2022,PKB,WV,AEA,CE,Federal Contract Tower,0,3,12,0,15,0,0,19,0,19,0,3,31,0,34,0,0,0,34
09/07/2022,PKB,WV,AEA,CE,Federal Contract Tower,0,2,18,1,21,0,0,31,4,35,0,2,49,5,56,50,12,62,118
09/08/2022,PKB,WV,AEA,CE,Federal Contract Tower,0,11,6,1,18,0,0,17,16,33,0,11,23,17,51,4,42,46,97
09/09/2022,PKB,WV,AEA,CE,Federal Contract Tower,0,5,9,1,15,0,0,28,8,36,0,5,37,9,51,37,10,47,98
09/10/2022,PKB,WV,AEA,CE,Federal Contract Tower,0,9,6,0,15,0,0,21,4,25,0,9,27,4,40,29,15,44,84
09/11/2022,PKB,WV,AEA,CE,Federal Contract Tower,0,5,7,0,12,0,0,7,0,7,0,5,14,0,19,58,0,58,77
09/12/2022,PKB,WV,AEA,CE,Federal Contract Tower,0,7,9,2,18,0,0,14,3,17,0,7,23,5,35,20,10,30,65
09/13/2022,PKB,WV,AEA,CE,Federal Contract Tower,0,7,24,2,33,0,0,27,6,33,0,7,51,8,66,26,34,60,126
09/14/2022,PKB,WV,AEA,CE,Federal Contract Tower,0,7,5,2,14,0,0,42,4,46,0,7,47,6,60,30,26,56,116
09/15/2022,PKB,WV,AEA,CE,Federal Contract Tower,0,9,16,6,31,0,0,26,7,33,0,9,42,13,64,69,12,81,145
09/16/2022,PKB,WV,AEA,CE,Federal Contract Tower,0,6,8,2,16,0,0,31,0,31,0,6,39,2,47,40,0,40,87
09/17/2022,PKB,WV,AEA,CE,Federal Contract Tower,0,5,11,0,16,0,0,38,0,38,0,5,49,0,54,34,0,34,88
09/18/2022,PKB,WV,AEA,CE,Federal Contract Tower,0,9,6,0,15,0,0,36,0,36,0,9,42,0,51,17,0,17,68
09/19/2022,PKB,WV,AEA,CE,Federal Contract Tower,0,8,7,0,15,0,0,7,2,9,0,8,14,2,24,0,12,12,36
09/20/2022,PKB,WV,AEA,CE,Federal Contract Tower,0,10,12,7,29,0,0,29,3,32,0,10,41,10,61,28,34,62,123
09/21/2022,PKB,WV,AEA,CE,Federal Contract Tower,0,10,10,0,20,0,0,36,4,40,0,10,46,4,60,34,16,50,110
09/22/2022,PKB,WV,AEA,CE,Federal Contract Tower,0,7,8,0,15,0,0,17,5,22,0,7,25,5,37,6,11,17,54
09/23/2022,PKB,WV,AEA,CE,Federal Contract Tower,0,14,7,1,22,0,0,24,0,24,0,14,31,1,46,13,14,27,73
09/24/2022,PKB,WV,AEA,CE,Federal Contract Tower,0,3,5,0,8,0,0,27,3,30,0,3,32,3,38,35,10,45,83
09/25/2022,PKB,WV,AEA,CE,Federal Contract Tower,0,4,3,0,7,0,2,17,1,20,0,6,20,1,27,10,12,22,49
09/26/2022,PKB,WV,AEA,CE,Federal Contract Tower,0,7,1,1,9,0,0,14,4,18,0,7,15,5,27,0,0,0,27
09/27/2022,PKB,WV,AEA,CE,Federal Contract Tower,0,6,10,2,18,0,0,20,2,22,0,6,30,4,40,18,0,18,58
09/28/2022,PKB,WV,AEA,CE,Federal Contract Tower,0,7,12,4,23,0,0,7,1,8,0,7,19,5,31,12,0,12,43
09/29/2022,PKB,WV,AEA,CE,Federal Contract Tower,0,8,8,5,21,0,0,11,6,17,0,8,19,11,38,31,0,31,69
09/30/2022,PKB,WV,AEA,CE,Federal Contract Tower,0,7,7,0,14,0,0,29,0,29,0,7,36,0,43,4,0,4,47
10/01/2022,PKB,WV,AEA,CE,Federal Contract Tower,0,3,2,0,5,0,0,0,0,0,0,3,2,0,5,0,0,0,5
10/02/2022,PKB,WV,AEA,CE,Federal Contract Tower,0,5,7,0,12,0,0,1,0,1,0,5,8,0,13,0,0,0,13
10/03/2022,PKB,WV,AEA,CE,Federal Contract Tower,0,5,11,0,16,0,0,19,2,21,0,5,30,2,37,16,0,16,53
10/04/2022,PKB,WV,AEA,CE,Federal Contract Tower,0,6,5,7,18,0,2,53,2,57,0,8,58,9,75,6,0,6,81
10/05/2022,PKB,WV,AEA,CE,Federal Contract Tower,0,7,19,1,27,0,0,42,3,45,0,7,61,4,72,24,0,24,96
10/06/2022,PKB,WV,AEA,CE,Federal Contract Tower,0,5,1,0,6,0,0,34,11,45,0,5,35,11,51,45,42,87,138
10/07/2022,PKB,WV,AEA,CE,Federal Contract Tower,0,4,7,0,11,0,0,20,2,22,0,4,27,2,33,22,20,42,75
10/08/2022,PKB,WV,AEA,CE,Federal Contract Tower,0,3,7,0,10,0,0,25,0,25,0,3,32,0,35,38,0,38,73
10/09/2022,PKB,WV,AEA,CE,Federal Contract Tower,0,7,16,0,23,0,0,33,1,34,0,7,49,1,57,36,8,44,101
10/10/2022,PKB,WV,AEA,CE,Federal Contract Tower,0,5,5,0,10,0,0,22,1,23,0,5,27,1,33,14,0,14,47
10/11/2022,PKB,WV,AEA,CE,Federal Contract Tower,0,9,6,0,15,0,0,19,1,20,0,9,25,1,35,46,0,46,81
10/12/2022,PKB,WV,AEA,CE,Federal Contract Tower,0,14,10,0,24,0,0,24,3,27,0,14,34,3,51,30,0,30,81
10/13/2022,PKB,WV,AEA,CE,Federal Contract Tower,0,9,11,0,20,0,3,10,5,18,0,12,21,5,38,18,14,32,70
10/14/2022,PKB,WV,AEA,CE,Federal Contract Tower,0,8,9,0,17,0,2,29,4,35,0,10,38,4,52,40,26,66,118
10/15/2022,PKB,WV,AEA,CE,Federal Contract Tower,0,3,14,0,17,0,0,21,1,22,0,3,35,1,39,15,0,15,54
10/16/2022,PKB,WV,AEA,CE,Federal Contract Tower,0,4,13,0,17,0,0,52,1,53,0,4,65,1,70,14,0,14,84
10/17/2022,PKB,WV,AEA,CE,Federal Contract Tower,0,4,12,0,16,0,0,17,0,17,0,4,29,0,33,0,0,0,33
10/18/2022,PKB,WV,AEA,CE,Federal Contract Tower,0,6,6,0,12,0,0,3,9,12,0,6,9,9,24,0,44,44,68
10/19/2022,PKB,WV,AEA,CE,Federal Contract Tower,0,7,5,1,13,0,0,2,4,6,0,7,7,5,19,20,22,42,61
10/20/2022,PKB,WV,AEA,CE,Federal Contract Tower,0,11,14,2,27,0,0,15,7,22,0,11,29,9,49,17,71,88,137
10/21/2022,PKB,WV,AEA,CE,Federal Contract Tower,0,6,7,0,13,0,2,43,7,52,0,8,50,7,65,41,22,63,128
10/22/2022,PKB,WV,AEA,CE,Federal Contract Tower,0,4,6,4,14,0,0,57,7,64,0,4,63,11,78,61,26,87,165
10/23/2022,PKB,WV,AEA,CE,Federal Contract Tower,0,4,11,0,15,0,0,51,0,51,0,4,62,0,66,86,0,86,152
10/24/2022,PKB,WV,AEA,CE,Federal Contract Tower,0,8,7,4,19,0,2,37,2,41,0,10,44,6,60,44,10,54,114
10/25/2022,PKB,WV,AEA,CE,Federal Contract Tower,0,10,2,2,14,0,0,46,9,55,0,10,48,11,69,48,16,64,133
10/26/2022,PKB,WV,AEA,CE,Federal Contract Tower,0,7,11,0,18,0,0,0,9,9,0,7,11,9,27,2,36,38,65
10/27/2022,PKB,WV,AEA,CE,Federal Contract Tower,0,8,9,1,18,0,0,16,4,20,0,8,25,5,38,19,0,19,57
10/28/2022,PKB,WV,AEA,CE,Federal Contract Tower,0,5,8,0,13,0,2,44,2,48,0,7,52,2,61,52,0,52,113
10/29/2022,PKB,WV,AEA,CE,Federal Contract Tower,0,8,4,0,12,0,0,29,0,29,0,8,33,0,41,22,0,22,63
10/30/2022,PKB,WV,AEA,CE,Federal Contract Tower,0,6,8,0,14,0,0,21,0,21,0,6,29,0,35,29,0,29,64
10/31/2022,PKB,WV,AEA,CE,Federal Contract Tower,0,4,5,4,13,0,0,3,0,3,0,4,8,4,16,0,0,0,16
11/01/2022,PKB,WV,AEA,CE,Federal Contract Tower,0,7,9,3,19,0,0,10,10,20,0,7,19,13,39,0,64,64,103
11/02/2022,PKB,WV,AEA,CE,Federal Contract Tower,0,9,9,1,19,0,0,28,10,38,0,9,37,11,57,30,42,72,129
11/03/2022,PKB,WV,AEA,CE,Federal Contract Tower,0,6,12,4,22,0,0,24,10,34,0,6,36,14,56,97,109,206,262
11/04/2022,PKB,WV,AEA,CE,Federal Contract Tower,0,7,7,6,20,0,36,14,0,50,0,43,21,6,70,39,88,127,197
11/05/2022,PKB,WV,AEA,CE,Federal Contract Tower,0,3,8,4,15,0,0,4,11,15,0,3,12,15,30,22,23,45,75
11/06/2022,PKB,WV,AEA,CE,Federal Contract Tower,0,4,11,0,15,0,0,21,2,23,0,4,32,2,38,59,0,59,97
11/07/2022,PKB,WV,AEA,CE,Federal Contract Tower,0,3,12,4,19,0,2,38,6,46,0,5,50,10,65,42,70,112,177
11/08/2022,PKB,WV,AEA,CE,Federal Contract Tower,0,5,9,4,18,0,0,40,14,54,0,5,49,18,72,40,76,116,188
11/09/2022,PKB,WV,AEA,CE,Federal Contract Tower,0,10,9,14,33,0,0,32,10,42,0,10,41,24,75,28,79,107,182
11/10/2022,PKB,WV,AEA,CE,Federal Contract Tower,0,5,6,7,18,0,0,29,3,32,0,5,35,10,50,20,4,24,74
11/11/2022,PKB,WV,AEA,CE,Federal Contract Tower,0,6,2,0,8,0,0,0,0,0,0,6,2,0,8,0,0,0,8
11/12/2022,PKB,WV,AEA,CE,Federal Contract Tower,0,3,4,0,7,0,0,0,0,0,0,3,4,0,7,16,0,16,23
11/13/2022,PKB,WV,AEA,CE,Federal Contract Tower,0,4,3,0,7,0,0,3,0,3,0,4,6,0,10,0,0,0,10
11/14/2022,PKB,WV,AEA,CE,Federal Contract Tower,0,5,19,5,29,0,0,38,14,52,0,5,57,19,81,59,42,101,182
11/15/2022,PKB,WV,AEA,CE,Federal Contract Tower,0,7,3,0,10,0,0,0,0,0,0,7,3,0,10,10,44,54,64
11/16/2022,PKB,WV,AEA,CE,Federal Contract Tower,0,7,2,1,10,0,0,11,23,34,0,7,13,24,44,14,71,85,129
11/17/2022,PKB,WV,AEA,CE,Federal Contract Tower,0,8,6,1,15,0,0,1,15,16,0,8,7,16,31,26,82,108,139
11/18/2022,PKB,WV,AEA,CE,Federal Contract Tower,0,9,11,1,21,0,0,5,6,11,0,9,16,7,32,2,104,106,138
11/19/2022,PKB,WV,AEA,CE,Federal Contract Tower,0,3,3,1,7,0,0,34,1,35,0,3,37,2,42,36,8,44,86
11/20/2022,PKB,WV,AEA,CE,Federal Contract Tower,0,6,8,0,14,0,0,35,0,35,0,6,43,0,49,0,0,0,49
11/21/2022,PKB,WV,AEA,CE,Federal Contract Tower,0,4,18,1,23,0,0,24,1,25,0,4,42,2,48,40,0,40,88
11/22/2022,PKB,WV,AEA,CE,Federal Contract Tower,0,8,27,0,35,0,0,51,0,51,0,8,78,0,86,68,0,68,154
11/23/2022,PKB,WV,AEA,CE,Federal Contract Tower,0,9,11,0,20,0,0,51,0,51,0,9,62,0,71,88,0,88,159
11/24/2022,PKB,WV,AEA,CE,Federal Contract Tower,0,1,4,0,5,0,0,15,0,15,0,1,19,0,20,29,0,29,49
11/25/2022,PKB,WV,AEA,CE,Federal Contract Tower,0,9,10,0,19,0,0,8,0,8,0,9,18,0,27,2,0,2,29
11/26/2022,PKB,WV,AEA,CE,Federal Contract Tower,0,6,10,0,16,0,2,35,0,37,0,8,45,0,53,87,0,87,140
11/27/2022,PKB,WV,AEA,CE,Federal Contract Tower,0,4,7,0,11,0,0,0,0,0,0,4,7,0,11,0,0,0,11
11/28/2022,PKB,WV,AEA,CE,Federal Contract Tower,0,5,9,1,15,0,0,5,1,6,0,5,14,2,21,31,0,31,52
11/29/2022,PKB,WV,AEA,CE,Federal Contract Tower,0,8,7,0,15,0,0,45,11,56,0,8,52,11,71,46,38,84,155
11/30/2022,PKB,WV,AEA,CE,Federal Contract Tower,0,8,4,0,12,0,0,2,7,9,0,8,6,7,21,0,52,52,73
12/01/2022,PKB,WV,AEA,CE,Federal Contract Tower,0,12,13,1,26,0,0,44,18,62,0,12,57,19,88,56,62,118,206
12/02/2022,PKB,WV,AEA,CE,Federal Contract Tower,0,13,15,1,29,0,8,28,4,40,0,21,43,5,69,114,18,132,201
12/03/2022,PKB,WV,AEA,CE,Federal Contract Tower,0,7,0,1,8,0,4,3,1,8,0,11,3,2,16,0,0,0,16
12/04/2022,PKB,WV,AEA,CE,Federal Contract Tower,0,4,8,0,12,0,0,28,2,30,0,4,36,2,42,0,0,0,42
12/05/2022,PKB,WV,AEA,CE,Federal Contract Tower,0,5,8,0,13,0,3,16,8,27,0,8,24,8,40,18,92,110,150
12/06/2022,PKB,WV,AEA,CE,Federal Contract Tower,0,10,5,0,15,0,0,0,2,2,0,10,5,2,17,0,28,28,45
12/07/2022,PKB,WV,AEA,CE,Federal Contract Tower,0,8,5,6,19,0,0,1,7,8,0,8,6,13,27,6,50,56,83
12/08/2022,PKB,WV,AEA,CE,Federal Contract Tower,0,7,7,3,17,0,0,14,5,19,0,7,21,8,36,55,86,141,177
12/09/2022,PKB,WV,AEA,CE,Federal Contract Tower,0,10,5,0,15,0,0,18,3,21,0,10,23,3,36,73,70,143,179
12/10/2022,PKB,WV,AEA,CE,Federal Contract Tower,0,4,0,0,4,0,0,6,0,6,0,4,6,0,10,66,0,66,76
12/11/2022,PKB,WV,AEA,CE,Federal Contract Tower,0,4,8,0,12,0,0,14,0,14,0,4,22,0,26,53,0,53,79
12/12/2022,PKB,WV,AEA,CE,Federal Contract Tower,0,5,6,4,15,0,0,5,15,20,0,5,11,19,35,0,76,76,111
12/13/2022,PKB,WV,AEA,CE,Federal Contract Tower,0,9,9,8,26,0,0,33,9,42,0,9,42,17,68,72,62,134,202
12/14/2022,PKB,WV,AEA,CE,Federal Contract Tower,0,9,3,4,16,0,0,19,6,25,0,9,22,10,41,46,70,116,157
12/15/2022,PKB,WV,AEA,CE,Federal Contract Tower,0,7,9,2,18,0,0,0,1,1,0,7,9,3,19,2,72,74,93
12/16/2022,PKB,WV,AEA,CE,Federal Contract Tower,0,8,7,1,16,0,0,8,2,10,0,8,15,3,26,54,22,76,102
12/17/2022,PKB,WV,AEA,CE,Federal Contract Tower,0,7,0,0,7,0,0,7,0,7,0,7,7,0,14,38,0,38,52
12/18/2022,PKB,WV,AEA,CE,Federal Contract Tower,0,3,4,0,7,0,0,3,0,3,0,3,7,0,10,0,0,0,10
12/19/2022,PKB,WV,AEA,CE,Federal Contract Tower,0,7,12,4,23,0,2,21,2,25,0,9,33,6,48,38,14,52,100
12/20/2022,PKB,WV,AEA,CE,Federal Contract Tower,0,9,25,2,36,0,0,25,4,29,0,9,50,6,65,18,48,66,131
12/21/2022,PKB,WV,AEA,CE,Federal Contract Tower,0,9,22,2,33,0,0,34,1,35,0,9,56,3,68,86,0,86,154
12/22/2022,PKB,WV,AEA,CE,Federal Contract Tower,0,15,4,0,19,0,0,1,0,1,0,15,5,0,20,0,10,10,30
12/23/2022,PKB,WV,AEA,CE,Federal Contract Tower,0,0,0,0,0,0,0,0,0,0,0,0,0,0,0,0,0,0,0
12/24/2022,PKB,WV,AEA,CE,Federal Contract Tower,0,1,2,0,3,0,0,0,0,0,0,1,2,0,3,0,0,0,3
12/25/2022,PKB,WV,AEA,CE,Federal Contract Tower,0,3,0,0,3,0,0,0,0,0,0,3,0,0,3,0,0,0,3
12/26/2022,PKB,WV,AEA,CE,Federal Contract Tower,0,2,2,0,4,0,0,3,0,3,0,2,5,0,7,6,0,6,13
12/27/2022,PKB,WV,AEA,CE,Federal Contract Tower,0,4,13,0,17,0,0,3,0,3,0,4,16,0,20,36,0,36,56
12/28/2022,PKB,WV,AEA,CE,Federal Contract Tower,0,4,12,0,16,0,2,21,0,23,0,6,33,0,39,22,0,22,61
12/29/2022,PKB,WV,AEA,CE,Federal Contract Tower,0,7,5,0,12,0,0,32,0,32,0,7,37,0,44,26,0,26,70
12/30/2022,PKB,WV,AEA,CE,Federal Contract Tower,0,7,7,0,14,0,0,24,0,24,0,7,31,0,38,68,0,68,106
12/31/2022,PKB,WV,AEA,CE,Federal Contract Tower,0,3,2,0,5,0,0,0,0,0,0,3,2,0,5,0,0,0,5
01/01/2023,PKB,WV,AEA,CE,Federal Contract Tower,0,4,2,0,6,0,0,5,0,5,0,4,7,0,11,0,0,0,11
01/02/2023,PKB,WV,AEA,CE,Federal Contract Tower,0,2,16,0,18,0,2,16,0,18,0,4,32,0,36,108,0,108,144
01/03/2023,PKB,WV,AEA,CE,Federal Contract Tower,0,4,6,0,10,0,0,0,0,0,0,4,6,0,10,0,0,0,10
01/04/2023,PKB,WV,AEA,CE,Federal Contract Tower,0,6,7,0,13,0,0,11,0,11,0,6,18,0,24,30,0,30,54
01/05/2023,PKB,WV,AEA,CE,Federal Contract Tower,0,10,11,1,22,0,0,23,10,33,0,10,34,11,55,50,104,154,209
01/06/2023,PKB,WV,AEA,CE,Federal Contract Tower,0,6,5,1,12,0,0,3,20,23,0,6,8,21,35,74,190,264,299
01/07/2023,PKB,WV,AEA,CE,Federal Contract Tower,0,4,2,0,6,0,0,19,10,29,0,4,21,10,35,38,52,90,125
01/08/2023,PKB,WV,AEA,CE,Federal Contract Tower,0,5,8,0,13,0,0,18,1,19,0,5,26,1,32,16,26,42,74
01/09/2023,PKB,WV,AEA,CE,Federal Contract Tower,0,5,4,1,10,0,1,15,10,26,0,6,19,11,36,46,36,82,118
01/10/2023,PKB,WV,AEA,CE,Federal Contract Tower,0,6,17,0,23,0,0,37,0,37,0,6,54,0,60,28,0,28,88
01/11/2023,PKB,WV,AEA,CE,Federal Contract Tower,0,8,11,4,23,0,0,21,2,23,0,8,32,6,46,56,8,64,110
01/12/2023,PKB,WV,AEA,CE,Federal Contract Tower,0,5,4,0,9,0,0,1,0,1,0,5,5,0,10,6,0,6,16
01/13/2023,PKB,WV,AEA,CE,Federal Contract Tower,0,5,3,0,8,0,0,0,0,0,0,5,3,0,8,0,0,0,8
01/14/2023,PKB,WV,AEA,CE,Federal Contract Tower,0,3,5,0,8,0,0,16,0,16,0,3,21,0,24,4,0,4,28
01/15/2023,PKB,WV,AEA,CE,Federal Contract Tower,0,4,16,0,20,0,0,43,0,43,0,4,59,0,63,65,0,65,128
01/16/2023,PKB,WV,AEA,CE,Federal Contract Tower,0,5,4,0,9,0,0,26,0,26,0,5,30,0,35,73,0,73,108
01/17/2023,PKB,WV,AEA,CE,Federal Contract Tower,0,6,7,0,13,0,0,14,8,22,0,6,21,8,35,60,42,102,137
01/18/2023,PKB,WV,AEA,CE,Federal Contract Tower,0,9,11,3,23,0,0,12,9,21,0,9,23,12,44,54,46,100,144
01/19/2023,PKB,WV,AEA,CE,Federal Contract Tower,0,10,7,0,17,0,0,5,7,12,0,10,12,7,29,0,132,132,161
01/20/2023,PKB,WV,AEA,CE,Federal Contract Tower,0,12,2,2,16,0,0,3,2,5,0,12,5,4,21,0,66,66,87
01/21/2023,PKB,WV,AEA,CE,Federal Contract Tower,0,1,11,0,12,0,0,21,4,25,0,1,32,4,37,116,0,116,153
01/22/2023,PKB,WV,AEA,CE,Federal Contract Tower,0,8,2,0,10,0,0,0,0,0,0,8,2,0,10,5,0,5,15
01/23/2023,PKB,WV,AEA,CE,Federal Contract Tower,0,7,4,0,11,0,0,4,1,5,0,7,8,1,16,10,36,46,62
01/24/2023,PKB,WV,AEA,CE,Federal Contract Tower,0,9,19,0,28,0,0,17,7,24,0,9,36,7,52,60,20,80,132
01/25/2023,PKB,WV,AEA,CE,Federal Contract Tower,0,12,0,4,16,0,0,3,0,3,0,12,3,4,19,0,6,6,25
01/26/2023,PKB,WV,AEA,CE,Federal Contract Tower,0,9,2,0,11,0,0,0,3,3,0,9,2,3,14,0,30,30,44
01/27/2023,PKB,WV,AEA,CE,Federal Contract Tower,0,9,10,2,21,0,0,12,16,28,0,9,22,18,49,23,10,33,82
01/28/2023,PKB,WV,AEA,CE,Federal Contract Tower,0,3,9,0,12,0,0,36,5,41,0,3,45,5,53,104,0,104,157
01/29/2023,PKB,WV,AEA,CE,Federal Contract Tower,0,4,2,0,6,0,0,0,0,0,0,4,2,0,6,0,0,0,6
01/30/2023,PKB,WV,AEA,CE,Federal Contract Tower,0,7,5,0,12,0,0,0,2,2,0,7,5,2,14,0,26,26,40
01/31/2023,PKB,WV,AEA,CE,Federal Contract Tower,0,6,4,2,12,0,0,3,6,9,0,6,7,8,21,8,50,58,79
02/01/2023,PKB,WV,AEA,CE,Federal Contract Tower,0,8,5,2,15,0,0,34,5,39,0,8,39,7,54,52,36,88,142
02/02/2023,PKB,WV,AEA,CE,Federal Contract Tower,0,8,17,12,37,0,1,29,21,51,0,9,46,33,88,28,68,96,184
02/03/2023,PKB,WV,AEA,CE,Federal Contract Tower,0,10,8,4,22,0,0,14,17,31,0,10,22,21,53,38,86,124,177
02/04/2023,PKB,WV,AEA,CE,Federal Contract Tower,0,6,9,2,17,0,0,39,7,46,0,6,48,9,63,109,10,119,182
02/05/2023,PKB,WV,AEA,CE,Federal Contract Tower,0,6,1,2,9,0,0,7,2,9,0,6,8,4,18,33,0,33,51
02/06/2023,PKB,WV,AEA,CE,Federal Contract Tower,0,3,10,15,28,0,0,21,3,24,0,3,31,18,52,78,56,134,186
02/07/2023,PKB,WV,AEA,CE,Federal Contract Tower,0,9,15,9,33,0,3,27,11,41,0,12,42,20,74,8,74,82,156
02/08/2023,PKB,WV,AEA,CE,Federal Contract Tower,0,8,20,8,36,0,0,32,23,55,0,8,52,31,91,92,106,198,289
02/09/2023,PKB,WV,AEA,CE,Federal Contract Tower,0,5,2,2,9,0,0,0,9,9,0,5,2,11,18,8,38,46,64
02/10/2023,PKB,WV,AEA,CE,Federal Contract Tower,0,7,4,0,11,0,0,8,2,10,0,7,12,2,21,64,30,94,115
02/11/2023,PKB,WV,AEA,CE,Federal Contract Tower,0,4,6,0,10,0,0,50,0,50,0,4,56,0,60,94,0,94,154
02/12/2023,PKB,WV,AEA,CE,Federal Contract Tower,0,6,5,0,11,0,0,31,0,31,0,6,36,0,42,48,0,48,90
02/13/2023,PKB,WV,AEA,CE,Federal Contract Tower,0,8,8,8,24,0,0,39,13,52,0,8,47,21,76,14,16,30,106
02/14/2023,PKB,WV,AEA,CE,Federal Contract Tower,0,6,13,6,25,0,0,35,13,48,0,6,48,19,73,40,30,70,143
02/15/2023,PKB,WV,AEA,CE,Federal Contract Tower,0,8,5,1,14,0,0,13,6,19,0,8,18,7,33,4,10,14,47
02/16/2023,PKB,WV,AEA,CE,Federal Contract Tower,0,7,0,0,7,0,0,0,0,0,0,7,0,0,7,0,0,0,7
02/17/2023,PKB,WV,AEA,CE,Federal Contract Tower,0,10,2,1,13,0,0,2,0,2,0,10,4,1,15,4,0,4,19
02/18/2023,PKB,WV,AEA,CE,Federal Contract Tower,0,4,11,0,15,0,0,33,0,33,0,4,44,0,48,50,0,50,98
02/19/2023,PKB,WV,AEA,CE,Federal Contract Tower,0,3,5,0,8,0,0,20,0,20,0,3,25,0,28,14,0,14,42
02/20/2023,PKB,WV,AEA,CE,Federal Contract Tower,0,6,1,0,7,0,0,19,2,21,0,6,20,2,28,26,0,26,54
02/21/2023,PKB,WV,AEA,CE,Federal Contract Tower,0,9,3,1,13,0,0,7,1,8,0,9,10,2,21,14,0,14,35
02/23/2023,PKB,WV,AEA,CE,Federal Contract Tower,0,5,8,1,14,0,0,22,8,30,0,5,30,9,44,93,30,123,167
02/24/2023,PKB,WV,AEA,CE,Federal Contract Tower,0,8,10,0,18,0,0,21,4,25,0,8,31,4,43,108,45,153,196
02/25/2023,PKB,WV,AEA,CE,Federal Contract Tower,0,3,7,0,10,0,0,17,0,17,0,3,24,0,27,70,0,70,97
02/26/2023,PKB,WV,AEA,CE,Federal Contract Tower,0,3,9,0,12,0,2,24,0,26,0,5,33,0,38,40,0,40,78
02/27/2023,PKB,WV,AEA,CE,Federal Contract Tower,0,6,1,0,7,0,0,2,0,2,0,6,3,0,9,2,44,46,55
02/28/2023,PKB,WV,AEA,CE,Federal Contract Tower,0,7,15,0,22,0,0,17,3,20,0,7,32,3,42,66,16,82,124
03/01/2023,PKB,WV,AEA,CE,Federal Contract Tower,0,8,15,2,25,0,0,33,4,37,0,8,48,6,62,50,8,58,120
03/02/2023,PKB,WV,AEA,CE,Federal Contract Tower,0,7,6,2,15,0,0,28,15,43,0,7,34,17,58,74,102,176,234
03/03/2023,PKB,WV,AEA,CE,Federal Contract Tower,0,7,1,0,8,0,0,0,8,8,0,7,1,8,16,0,94,94,110
03/04/2023,PKB,WV,AEA,CE,Federal Contract Tower,0,4,1,1,6,0,2,11,12,25,0,6,12,13,31,98,30,128,159
03/05/2023,PKB,WV,AEA,CE,Federal Contract Tower,0,9,8,0,17,0,0,46,0,46,0,9,54,0,63,71,0,71,134
03/06/2023,PKB,WV,AEA,CE,Federal Contract Tower,0,4,14,5,23,0,0,25,11,36,0,4,39,16,59,66,64,130,189
03/07/2023,PKB,WV,AEA,CE,Federal Contract Tower,0,12,4,2,18,0,0,18,6,24,0,12,22,8,42,24,42,66,108
03/08/2023,PKB,WV,AEA,CE,Federal Contract Tower,0,10,11,2,23,0,0,64,7,71,0,10,75,9,94,82,42,124,218
03/09/2023,PKB,WV,AEA,CE,Federal Contract Tower,0,7,21,2,30,0,0,46,7,53,0,7,67,9,83,118,73,191,274
03/10/2023,PKB,WV,AEA,CE,Federal Contract Tower,0,12,11,0,23,0,0,0,2,2,0,12,11,2,25,0,0,0,25
03/11/2023,PKB,WV,AEA,CE,Federal Contract Tower,0,4,5,0,9,0,2,15,6,23,0,6,20,6,32,118,20,138,170
03/12/2023,PKB,WV,AEA,CE,Federal Contract Tower,0,7,1,0,8,0,0,1,0,1,0,7,2,0,9,0,0,0,9
03/13/2023,PKB,WV,AEA,CE,Federal Contract Tower,0,4,1,0,5,0,0,1,0,1,0,4,2,0,6,40,0,40,46
03/14/2023,PKB,WV,AEA,CE,Federal Contract Tower,0,6,8,0,14,0,0,4,5,9,0,6,12,5,23,12,42,54,77
03/15/2023,PKB,WV,AEA,CE,Federal Contract Tower,0,7,19,0,26,0,0,43,5,48,0,7,62,5,74,122,10,132,206
03/16/2023,PKB,WV,AEA,CE,Federal Contract Tower,0,8,11,2,21,0,0,44,6,50,0,8,55,8,71,66,20,86,157
03/17/2023,PKB,WV,AEA,CE,Federal Contract Tower,0,6,4,0,10,0,0,0,2,2,0,6,4,2,12,2,10,12,24
03/18/2023,PKB,WV,AEA,CE,Federal Contract Tower,0,3,7,0,10,0,0,2,1,3,0,3,9,1,13,28,0,28,41
03/19/2023,PKB,WV,AEA,CE,Federal Contract Tower,0,4,7,0,11,0,0,31,0,31,0,4,38,0,42,138,0,138,180
03/20/2023,PKB,WV,AEA,CE,Federal Contract Tower,0,4,3,3,10,0,2,31,3,36,0,6,34,6,46,147,0,147,193
03/21/2023,PKB,WV,AEA,CE,Federal Contract Tower,0,6,10,0,16,0,0,48,3,51,0,6,58,3,67,116,0,116,183
03/22/2023,PKB,WV,AEA,CE,Federal Contract Tower,0,8,11,6,25,0,0,14,5,19,0,8,25,11,44,26,18,44,88
03/23/2023,PKB,WV,AEA,CE,Federal Contract Tower,0,8,2,0,10,0,0,3,7,10,0,8,5,7,20,4,34,38,58
03/24/2023,PKB,WV,AEA,CE,Federal Contract Tower,0,6,6,2,14,0,0,0,0,0,0,6,6,2,14,0,0,0,14
03/25/2023,PKB,WV,AEA,CE,Federal Contract Tower,0,5,1,0,6,0,0,2,0,2,0,5,3,0,8,0,0,0,8
03/26/2023,PKB,WV,AEA,CE,Federal Contract Tower,0,5,16,0,21,0,0,50,0,50,0,5,66,0,71,154,0,154,225
03/27/2023,PKB,WV,AEA,CE,Federal Contract Tower,0,3,9,2,14,0,0,14,7,21,0,3,23,9,35,52,26,78,113
03/28/2023,PKB,WV,AEA,CE,Federal Contract Tower,0,5,16,2,23,0,0,14,1,15,0,5,30,3,38,118,2,120,158
03/29/2023,PKB,WV,AEA,CE,Federal Contract Tower,0,7,21,5,33,0,0,40,4,44,0,7,61,9,77,48,2,50,127
03/30/2023,PKB,WV,AEA,CE,Federal Contract Tower,0,8,17,5,30,0,0,47,8,55,0,8,64,13,85,62,14,76,161
03/31/2023,PKB,WV,AEA,CE,Federal Contract Tower,0,12,9,0,21,0,0,0,12,12,0,12,9,12,33,0,92,92,125
04/01/2023,PKB,WV,AEA,CE,Federal Contract Tower,0,3,3,0,6,0,0,0,2,2,0,3,3,2,8,0,0,0,8
04/02/2023,PKB,WV,AEA,CE,Federal Contract Tower,0,4,12,2,18,0,1,15,0,16,0,5,27,2,34,148,0,148,182
04/03/2023,PKB,WV,AEA,CE,Federal Contract Tower,0,4,4,0,8,0,0,22,0,22,0,4,26,0,30,128,0,128,158
04/04/2023,PKB,WV,AEA,CE,Federal Contract Tower,0,9,8,0,17,0,0,20,3,23,0,9,28,3,40,150,0,150,190
04/05/2023,PKB,WV,AEA,CE,Federal Contract Tower,0,11,5,2,18,0,0,5,4,9,0,11,10,6,27,0,38,38,65
04/06/2023,PKB,WV,AEA,CE,Federal Contract Tower,0,8,13,0,21,0,0,2,3,5,0,8,15,3,26,54,10,64,90
04/07/2023,PKB,WV,AEA,CE,Federal Contract Tower,0,6,8,0,14,0,0,35,0,35,0,6,43,0,49,194,0,194,243
04/08/2023,PKB,WV,AEA,CE,Federal Contract Tower,0,7,13,0,20,0,8,39,1,48,0,15,52,1,68,52,0,52,120
04/09/2023,PKB,WV,AEA,CE,Federal Contract Tower,0,5,5,0,10,0,2,26,0,28,0,7,31,0,38,76,0,76,114
04/10/2023,PKB,WV,AEA,CE,Federal Contract Tower,0,11,8,0,19,0,8,35,2,45,0,19,43,2,64,94,22,116,180
04/11/2023,PKB,WV,AEA,CE,Federal Contract Tower,0,7,13,0,20,0,0,44,9,53,0,7,57,9,73,38,4,42,115
04/12/2023,PKB,WV,AEA,CE,Federal Contract Tower,0,8,18,2,28,0,0,49,11,60,0,8,67,13,88,70,66,136,224
04/13/2023,PKB,WV,AEA,CE,Federal Contract Tower,0,11,8,3,22,0,2,32,6,40,0,13,40,9,62,116,8,124,186
04/14/2023,PKB,WV,AEA,CE,Federal Contract Tower,0,6,15,0,21,0,2,15,3,20,0,8,30,3,41,36,0,36,77
04/15/2023,PKB,WV,AEA,CE,Federal Contract Tower,0,2,13,0,15,0,0,3,0,3,0,2,16,0,18,46,0,46,64
04/16/2023,PKB,WV,AEA,CE,Federal Contract Tower,0,5,7,2,14,0,0,10,0,10,0,5,17,2,24,58,0,58,82
04/18/2023,PKB,WV,AEA,CE,Federal Contract Tower,0,7,13,2,22,0,0,21,9,30,0,7,34,11,52,42,102,144,196
04/19/2023,PKB,WV,AEA,CE,Federal Contract Tower,0,7,20,4,31,0,0,41,14,55,0,7,61,18,86,106,146,252,338
04/20/2023,PKB,WV,AEA,CE,Federal Contract Tower,0,7,9,8,24,0,0,22,5,27,0,7,31,13,51,22,138,160,211
04/21/2023,PKB,WV,AEA,CE,Federal Contract Tower,0,9,13,6,28,0,3,19,4,26,0,12,32,10,54,28,62,90,144
04/22/2023,PKB,WV,AEA,CE,Federal Contract Tower,0,3,8,2,13,0,0,4,1,5,0,3,12,3,18,20,1,21,39
04/23/2023,PKB,WV,AEA,CE,Federal Contract Tower,0,3,8,0,11,0,2,20,2,24,0,5,28,2,35,38,0,38,73
04/24/2023,PKB,WV,AEA,CE,Federal Contract Tower,0,4,7,2,13,0,2,20,0,22,0,6,27,2,35,132,2,134,169
04/25/2023,PKB,WV,AEA,CE,Federal Contract Tower,0,8,9,2,19,0,2,31,5,38,0,10,40,7,57,34,14,48,105
04/26/2023,PKB,WV,AEA,CE,Federal Contract Tower,0,7,10,8,25,0,0,41,0,41,0,7,51,8,66,72,0,72,138
04/27/2023,PKB,WV,AEA,CE,Federal Contract Tower,0,7,13,3,23,0,0,37,5,42,0,7,50,8,65,100,0,100,165
04/28/2023,PKB,WV,AEA,CE,Federal Contract Tower,0,11,7,0,18,0,0,0,0,0,0,11,7,0,18,0,0,0,18
04/29/2023,PKB,WV,AEA,CE,Federal Contract Tower,0,3,13,0,16,0,0,3,0,3,0,3,16,0,19,30,0,30,49
04/30/2023,PKB,WV,AEA,CE,Federal Contract Tower,0,6,4,0,10,0,0,9,0,9,0,6,13,0,19,28,0,28,47
05/01/2023,PKB,WV,AEA,CE,Federal Contract Tower,0,6,2,0,8,0,0,1,0,1,0,6,3,0,9,0,0,0,9
05/02/2023,PKB,WV,AEA,CE,Federal Contract Tower,0,8,5,0,13,0,0,0,0,0,0,8,5,0,13,4,0,4,17
05/03/2023,PKB,WV,AEA,CE,Federal Contract Tower,0,4,11,0,15,0,0,0,0,0,0,4,11,0,15,6,0,6,21
05/04/2023,PKB,WV,AEA,CE,Federal Contract Tower,0,8,12,0,20,0,0,24,0,24,0,8,36,0,44,74,0,74,118
05/05/2023,PKB,WV,AEA,CE,Federal Contract Tower,0,8,11,0,19,0,2,31,0,33,0,10,42,0,52,48,0,48,100
05/06/2023,PKB,WV,AEA,CE,Federal Contract Tower,0,3,12,0,15,0,2,53,0,55,0,5,65,0,70,24,0,24,94
05/07/2023,PKB,WV,AEA,CE,Federal Contract Tower,0,3,2,0,5,0,0,7,0,7,0,3,9,0,12,48,0,48,60
05/08/2023,PKB,WV,AEA,CE,Federal Contract Tower,0,4,12,3,19,0,0,12,7,19,0,4,24,10,38,36,80,116,154
05/09/2023,PKB,WV,AEA,CE,Federal Contract Tower,0,8,7,4,19,0,0,12,4,16,0,8,19,8,35,6,94,100,135
05/10/2023,PKB,WV,AEA,CE,Federal Contract Tower,0,10,8,8,26,0,0,45,7,52,0,10,53,15,78,92,150,242,320
05/11/2023,PKB,WV,AEA,CE,Federal Contract Tower,0,8,12,7,27,0,0,51,12,63,0,8,63,19,90,104,50,154,244
05/12/2023,PKB,WV,AEA,CE,Federal Contract Tower,0,7,4,4,15,0,0,21,2,23,0,7,25,6,38,4,16,20,58
05/13/2023,PKB,WV,AEA,CE,Federal Contract Tower,0,3,2,0,5,0,0,8,0,8,0,3,10,0,13,4,0,4,17
05/14/2023,PKB,WV,AEA,CE,Federal Contract Tower,0,4,7,0,11,0,2,29,1,32,0,6,36,1,43,52,0,52,95
05/15/2023,PKB,WV,AEA,CE,Federal Contract Tower,0,5,10,2,17,0,2,55,14,71,0,7,65,16,88,84,30,114,202
05/16/2023,PKB,WV,AEA,CE,Federal Contract Tower,0,6,7,7,20,0,0,18,10,28,0,6,25,17,48,6,75,81,129
05/17/2023,PKB,WV,AEA,CE,Federal Contract Tower,0,7,25,1,33,0,0,42,0,42,0,7,67,1,75,70,0,70,145
05/18/2023,PKB,WV,AEA,CE,Federal Contract Tower,0,8,28,1,37,0,0,56,5,61,0,8,84,6,98,82,20,102,200
05/19/2023,PKB,WV,AEA,CE,Federal Contract Tower,0,10,9,2,21,0,0,25,0,25,0,10,34,2,46,74,0,74,120
05/20/2023,PKB,WV,AEA,CE,Federal Contract Tower,0,3,6,0,9,0,0,6,0,6,0,3,12,0,15,6,0,6,21
05/21/2023,PKB,WV,AEA,CE,Federal Contract Tower,0,6,8,0,14,0,3,61,0,64,0,9,69,0,78,56,0,56,134
05/22/2023,PKB,WV,AEA,CE,Federal Contract Tower,0,4,16,1,21,0,2,31,1,34,0,6,47,2,55,22,0,22,77
05/23/2023,PKB,WV,AEA,CE,Federal Contract Tower,0,9,13,3,25,0,0,39,0,39,0,9,52,3,64,40,0,40,104
05/24/2023,PKB,WV,AEA,CE,Federal Contract Tower,0,11,13,1,25,0,0,44,4,48,0,11,57,5,73,54,44,98,171
05/25/2023,PKB,WV,AEA,CE,Federal Contract Tower,0,13,8,4,25,0,3,53,1,57,0,16,61,5,82,10,0,10,92
05/26/2023,PKB,WV,AEA,CE,Federal Contract Tower,0,5,12,0,17,0,2,26,0,28,0,7,38,0,45,80,0,80,125
05/27/2023,PKB,WV,AEA,CE,Federal Contract Tower,0,4,8,0,12,0,0,39,7,46,0,4,47,7,58,40,0,40,98
05/28/2023,PKB,WV,AEA,CE,Federal Contract Tower,0,7,5,4,16,0,0,21,0,21,0,7,26,4,37,54,0,54,91
05/29/2023,PKB,WV,AEA,CE,Federal Contract Tower,0,6,8,0,14,0,0,16,0,16,0,6,24,0,30,44,0,44,74
05/30/2023,PKB,WV,AEA,CE,Federal Contract Tower,0,2,13,4,19,0,0,26,4,30,0,2,39,8,49,58,0,58,107
05/31/2023,PKB,WV,AEA,CE,Federal Contract Tower,0,10,19,2,31,0,0,49,31,80,0,10,68,33,111,38,56,94,205
06/01/2023,PKB,WV,AEA,CE,Federal Contract Tower,0,9,13,2,24,0,0,45,11,56,0,9,58,13,80,62,50,112,192
06/02/2023,PKB,WV,AEA,CE,Federal Contract Tower,0,6,20,3,29,0,0,26,18,44,0,6,46,21,73,22,84,106,179
06/03/2023,PKB,WV,AEA,CE,Federal Contract Tower,0,3,6,0,9,0,0,37,8,45,0,3,43,8,54,48,16,64,118
06/04/2023,PKB,WV,AEA,CE,Federal Contract Tower,0,5,11,0,16,0,0,26,1,27,0,5,37,1,43,98,0,98,141
06/05/2023,PKB,WV,AEA,CE,Federal Contract Tower,0,6,21,1,28,0,0,35,2,37,0,6,56,3,65,68,0,68,133
06/06/2023,PKB,WV,AEA,CE,Federal Contract Tower,0,8,25,0,33,0,0,28,2,30,0,8,53,2,63,64,0,64,127
06/07/2023,PKB,WV,AEA,CE,Federal Contract Tower,0,9,21,0,30,0,5,57,6,68,0,14,78,6,98,126,0,126,224
06/08/2023,PKB,WV,AEA,CE,Federal Contract Tower,0,8,20,4,32,0,0,34,4,38,0,8,54,8,70,78,10,88,158
06/09/2023,PKB,WV,AEA,CE,Federal Contract Tower,0,8,15,0,23,0,0,33,0,33,0,8,48,0,56,130,0,130,186
06/10/2023,PKB,WV,AEA,CE,Federal Contract Tower,0,3,10,0,13,0,0,43,0,43,0,3,53,0,56,70,0,70,126
06/11/2023,PKB,WV,AEA,CE,Federal Contract Tower,0,5,10,0,15,0,1,15,0,16,0,6,25,0,31,40,0,40,71
06/12/2023,PKB,WV,AEA,CE,Federal Contract Tower,0,3,5,6,14,0,0,2,0,2,0,3,7,6,16,10,10,20,36
06/13/2023,PKB,WV,AEA,CE,Federal Contract Tower,0,6,11,6,23,0,0,20,3,23,0,6,31,9,46,42,26,68,114
06/14/2023,PKB,WV,AEA,CE,Federal Contract Tower,0,10,16,2,28,0,0,16,3,19,0,10,32,5,47,40,0,40,87
06/15/2023,PKB,WV,AEA,CE,Federal Contract Tower,0,8,8,5,21,0,0,29,5,34,0,8,37,10,55,110,10,120,175
06/16/2023,PKB,WV,AEA,CE,Federal Contract Tower,0,8,10,8,26,0,0,5,0,5,0,8,15,8,31,24,0,24,55
06/17/2023,PKB,WV,AEA,CE,Federal Contract Tower,0,3,4,0,7,0,7,27,0,34,0,10,31,0,41,58,0,58,99
06/18/2023,PKB,WV,AEA,CE,Federal Contract Tower,0,8,18,0,26,0,2,39,0,41,0,10,57,0,67,34,0,34,101
06/19/2023,PKB,WV,AEA,CE,Federal Contract Tower,0,5,9,0,14,0,0,15,0,15,0,5,24,0,29,44,0,44,73
06/20/2023,PKB,WV,AEA,CE,Federal Contract Tower,0,7,4,4,15,0,0,10,9,19,0,7,14,13,34,40,44,84,118
06/21/2023,PKB,WV,AEA,CE,Federal Contract Tower,0,11,9,2,22,0,0,17,11,28,0,11,26,13,50,4,30,34,84
06/22/2023,PKB,WV,AEA,CE,Federal Contract Tower,0,8,22,4,34,0,0,10,6,16,0,8,32,10,50,56,104,160,210
06/23/2023,PKB,WV,AEA,CE,Federal Contract Tower,0,8,9,2,19,0,0,12,5,17,0,8,21,7,36,56,32,88,124
06/24/2023,PKB,WV,AEA,CE,Federal Contract Tower,0,5,17,0,22,0,0,6,2,8,0,5,23,2,30,8,6,14,44
06/25/2023,PKB,WV,AEA,CE,Federal Contract Tower,0,4,11,0,15,0,0,31,0,31,0,4,42,0,46,78,0,78,124
06/26/2023,PKB,WV,AEA,CE,Federal Contract Tower,0,5,5,4,14,0,0,9,1,10,0,5,14,5,24,16,0,16,40
06/27/2023,PKB,WV,AEA,CE,Federal Contract Tower,0,8,12,3,23,0,0,7,1,8,0,8,19,4,31,28,8,36,67
06/28/2023,PKB,WV,AEA,CE,Federal Contract Tower,0,10,10,9,29,0,0,0,1,1,0,10,10,10,30,2,22,24,54
06/29/2023,PKB,WV,AEA,CE,Federal Contract Tower,0,9,22,4,35,0,0,6,0,6,0,9,28,4,41,74,8,82,123
06/30/2023,PKB,WV,AEA,CE,Federal Contract Tower,0,6,18,0,24,0,0,18,0,18,0,6,36,0,42,84,0,84,126
07/01/2023,PKB,WV,AEA,CE,Federal Contract Tower,0,6,6,0,12,0,0,9,0,9,0,6,15,0,21,8,0,8,29
07/02/2023,PKB,WV,AEA,CE,Federal Contract Tower,0,4,2,0,6,0,2,3,2,7,0,6,5,2,13,8,0,8,21
07/03/2023,PKB,WV,AEA,CE,Federal Contract Tower,0,4,0,0,4,0,0,3,0,3,0,4,3,0,7,22,0,22,29
07/04/2023,PKB,WV,AEA,CE,Federal Contract Tower,0,4,10,0,14,0,0,24,0,24,0,4,34,0,38,32,0,32,70
07/05/2023,PKB,WV,AEA,CE,Federal Contract Tower,0,7,7,0,14,0,0,49,1,50,0,7,56,1,64,66,0,66,130
07/06/2023,PKB,WV,AEA,CE,Federal Contract Tower,0,7,8,1,16,0,0,31,7,38,0,7,39,8,54,48,10,58,112
07/07/2023,PKB,WV,AEA,CE,Federal Contract Tower,0,12,16,3,31,0,0,10,2,12,0,12,26,5,43,0,6,6,49
07/08/2023,PKB,WV,AEA,CE,Federal Contract Tower,0,4,15,0,19,0,0,34,5,39,0,4,49,5,58,72,0,72,130
07/09/2023,PKB,WV,AEA,CE,Federal Contract Tower,0,5,2,5,12,0,0,10,1,11,0,5,12,6,23,22,14,36,59
07/10/2023,PKB,WV,AEA,CE,Federal Contract Tower,0,5,4,2,11,0,0,40,4,44,0,5,44,6,55,48,28,76,131
07/11/2023,PKB,WV,AEA,CE,Federal Contract Tower,0,6,6,0,12,0,0,39,8,47,0,6,45,8,59,108,16,124,183
07/12/2023,PKB,WV,AEA,CE,Federal Contract Tower,0,6,9,1,16,0,0,53,8,61,0,6,62,9,77,68,0,68,145
07/13/2023,PKB,WV,AEA,CE,Federal Contract Tower,0,17,4,1,22,0,0,10,9,19,0,17,14,10,41,56,10,66,107
07/14/2023,PKB,WV,AEA,CE,Federal Contract Tower,0,5,10,3,18,0,0,15,5,20,0,5,25,8,38,50,14,64,102
07/15/2023,PKB,WV,AEA,CE,Federal Contract Tower,0,7,6,0,13,0,0,9,11,20,0,7,15,11,33,50,46,96,129
07/16/2023,PKB,WV,AEA,CE,Federal Contract Tower,0,4,11,0,15,0,0,36,6,42,0,4,47,6,57,30,30,60,117
07/17/2023,PKB,WV,AEA,CE,Federal Contract Tower,0,4,9,2,15,0,0,10,14,24,0,4,19,16,39,4,106,110,149
07/18/2023,PKB,WV,AEA,CE,Federal Contract Tower,0,9,8,3,20,0,0,20,12,32,0,9,28,15,52,42,30,72,124
07/19/2023,PKB,WV,AEA,CE,Federal Contract Tower,0,8,10,5,23,0,0,18,4,22,0,8,28,9,45,20,46,66,111
07/20/2023,PKB,WV,AEA,CE,Federal Contract Tower,0,6,9,7,22,0,1,19,8,28,0,7,28,15,50,86,18,104,154
07/21/2023,PKB,WV,AEA,CE,Federal Contract Tower,0,17,12,2,31,0,2,13,14,29,0,19,25,16,60,6,6,12,72
07/22/2023,PKB,WV,AEA,CE,Federal Contract Tower,0,5,6,5,16,0,8,25,13,46,0,13,31,18,62,18,54,72,134
07/23/2023,PKB,WV,AEA,CE,Federal Contract Tower,0,4,16,0,20,0,0,33,10,43,0,4,49,10,63,38,0,38,101
07/24/2023,PKB,WV,AEA,CE,Federal Contract Tower,0,4,8,4,16,0,0,11,9,20,0,4,19,13,36,8,14,22,58
07/25/2023,PKB,WV,AEA,CE,Federal Contract Tower,0,8,17,2,27,0,0,28,5,33,0,8,45,7,60,20,0,20,80
07/26/2023,PKB,WV,AEA,CE,Federal Contract Tower,0,9,15,0,24,0,0,27,5,32,0,9,42,5,56,46,22,68,124
07/27/2023,PKB,WV,AEA,CE,Federal Contract Tower,0,6,10,7,23,0,0,9,14,23,0,6,19,21,46,18,103,121,167
07/28/2023,PKB,WV,AEA,CE,Federal Contract Tower,0,5,15,2,22,0,0,11,1,12,0,5,26,3,34,16,0,16,50
07/29/2023,PKB,WV,AEA,CE,Federal Contract Tower,0,6,10,4,20,0,0,16,11,27,0,6,26,15,47,34,10,44,91
07/30/2023,PKB,WV,AEA,CE,Federal Contract Tower,0,7,4,0,11,0,0,44,0,44,0,7,48,0,55,72,0,72,127
08/01/2023,PKB,WV,AEA,CE,Federal Contract Tower,0,10,8,2,20,0,0,44,10,54,0,10,52,12,74,58,0,58,132
08/02/2023,PKB,WV,AEA,CE,Federal Contract Tower,0,7,9,4,20,0,0,26,6,32,0,7,35,10,52,68,0,68,120
08/03/2023,PKB,WV,AEA,CE,Federal Contract Tower,0,6,4,6,16,0,0,35,5,40,0,6,39,11,56,66,10,76,132
08/04/2023,PKB,WV,AEA,CE,Federal Contract Tower,0,6,17,0,23,0,0,35,0,35,0,6,52,0,58,82,0,82,140
08/05/2023,PKB,WV,AEA,CE,Federal Contract Tower,0,14,15,1,30,0,4,36,0,40,0,18,51,1,70,52,0,52,122
08/06/2023,PKB,WV,AEA,CE,Federal Contract Tower,0,2,7,2,11,0,0,20,2,22,0,2,27,4,33,48,0,48,81
08/07/2023,PKB,WV,AEA,CE,Federal Contract Tower,0,1,2,0,3,0,0,0,0,0,0,1,2,0,3,0,0,0,3
08/08/2023,PKB,WV,AEA,CE,Federal Contract Tower,0,9,6,0,15,0,0,37,8,45,0,9,43,8,60,106,6,112,172
08/09/2023,PKB,WV,AEA,CE,Federal Contract Tower,0,6,8,2,16,0,0,27,10,37,0,6,35,12,53,40,8,48,101
08/10/2023,PKB,WV,AEA,CE,Federal Contract Tower,0,5,6,4,15,0,0,10,0,10,0,5,16,4,25,52,0,52,77
08/11/2023,PKB,WV,AEA,CE,Federal Contract Tower,0,6,9,0,15,0,0,36,5,41,0,6,45,5,56,56,0,56,112
08/12/2023,PKB,WV,AEA,CE,Federal Contract Tower,0,7,7,0,14,0,0,40,4,44,0,7,47,4,58,46,10,56,114
08/13/2023,PKB,WV,AEA,CE,Federal Contract Tower,0,5,14,0,19,0,0,47,4,51,0,5,61,4,70,112,0,112,182
08/14/2023,PKB,WV,AEA,CE,Federal Contract Tower,0,6,4,1,11,0,0,0,11,11,0,6,4,12,22,0,80,80,102
08/15/2023,PKB,WV,AEA,CE,Federal Contract Tower,0,8,9,14,31,0,0,6,23,29,0,8,15,37,60,40,160,200,260
08/16/2023,PKB,WV,AEA,CE,Federal Contract Tower,0,8,14,9,31,0,0,31,18,49,0,8,45,27,80,68,112,180,260
08/17/2023,PKB,WV,AEA,CE,Federal Contract Tower,0,10,13,3,26,0,0,33,10,43,0,10,46,13,69,52,54,106,175
08/18/2023,PKB,WV,AEA,CE,Federal Contract Tower,0,7,16,0,23,0,0,18,0,18,0,7,34,0,41,28,0,28,69
08/19/2023,PKB,WV,AEA,CE,Federal Contract Tower,0,10,10,2,22,0,2,60,0,62,0,12,70,2,84,46,0,46,130
08/20/2023,PKB,WV,AEA,CE,Federal Contract Tower,0,4,12,0,16,0,2,40,0,42,0,6,52,0,58,48,0,48,106
08/21/2023,PKB,WV,AEA,CE,Federal Contract Tower,0,5,11,0,16,0,0,23,3,26,0,5,34,3,42,30,0,30,72
08/22/2023,PKB,WV,AEA,CE,Federal Contract Tower,0,9,6,4,19,0,0,34,12,46,0,9,40,16,65,68,42,110,175
08/23/2023,PKB,WV,AEA,CE,Federal Contract Tower,0,8,6,3,17,0,0,30,5,35,0,8,36,8,52,40,32,72,124
08/24/2023,PKB,WV,AEA,CE,Federal Contract Tower,0,9,11,2,22,0,0,34,5,39,0,9,45,7,61,72,0,72,133
08/25/2023,PKB,WV,AEA,CE,Federal Contract Tower,0,10,16,3,29,0,0,6,0,6,0,10,22,3,35,2,0,2,37
08/26/2023,PKB,WV,AEA,CE,Federal Contract Tower,0,9,21,0,30,0,0,9,0,9,0,9,30,0,39,28,0,28,67
08/27/2023,PKB,WV,AEA,CE,Federal Contract Tower,0,4,12,0,16,0,0,21,1,22,0,4,33,1,38,62,0,62,100
08/28/2023,PKB,WV,AEA,CE,Federal Contract Tower,0,7,12,4,23,0,0,14,8,22,0,7,26,12,45,66,34,100,145
08/29/2023,PKB,WV,AEA,CE,Federal Contract Tower,0,10,16,6,32,0,1,33,20,54,0,11,49,26,86,28,80,108,194
08/30/2023,PKB,WV,AEA,CE,Federal Contract Tower,0,9,18,3,30,0,0,24,7,31,0,9,42,10,61,106,62,168,229
08/31/2023,PKB,WV,AEA,CE,Federal Contract Tower,0,6,8,4,18,0,6,41,0,47,0,12,49,4,65,100,22,122,187
