01/01/2000,PMD,CA,AWP,WE,Federal Contract Tower,0,0,0,0,0,0,0,4,0,4,0,0,4,0,4,4,0,4,8
01/02/2000,PMD,CA,AWP,WE,Federal Contract Tower,0,0,0,0,0,0,0,10,0,10,0,0,10,0,10,0,0,0,10
01/03/2000,PMD,CA,AWP,WE,Federal Contract Tower,0,0,2,3,5,0,0,9,3,12,0,0,11,6,17,0,0,0,17
01/04/2000,PMD,CA,AWP,WE,Federal Contract Tower,0,0,18,31,49,0,0,18,35,53,0,0,36,66,102,31,69,100,202
01/05/2000,PMD,CA,AWP,WE,Federal Contract Tower,0,0,12,18,30,0,0,2,40,42,0,0,14,58,72,8,78,86,158
01/06/2000,PMD,CA,AWP,WE,Federal Contract Tower,0,0,20,32,52,0,0,60,55,115,0,0,80,87,167,34,96,130,297
01/07/2000,PMD,CA,AWP,WE,Federal Contract Tower,0,0,10,17,27,0,0,41,23,64,0,0,51,40,91,8,12,20,111
01/08/2000,PMD,CA,AWP,WE,Federal Contract Tower,0,0,9,13,22,0,0,35,3,38,0,0,44,16,60,3,18,21,81
01/09/2000,PMD,CA,AWP,WE,Federal Contract Tower,0,0,7,10,17,0,0,29,31,60,0,0,36,41,77,0,27,27,104
01/10/2000,PMD,CA,AWP,WE,Federal Contract Tower,0,0,10,15,25,0,0,21,25,46,0,0,31,40,71,0,112,112,183
01/11/2000,PMD,CA,AWP,WE,Federal Contract Tower,0,0,14,22,36,0,0,81,85,166,0,0,95,107,202,13,121,134,336
01/12/2000,PMD,CA,AWP,WE,Federal Contract Tower,2,0,19,32,53,10,0,41,93,144,12,0,60,125,197,28,56,84,281
01/13/2000,PMD,CA,AWP,WE,Federal Contract Tower,0,0,21,34,55,0,0,39,72,111,0,0,60,106,166,0,56,56,222
01/14/2000,PMD,CA,AWP,WE,Federal Contract Tower,0,0,12,20,32,0,0,23,45,68,0,0,35,65,100,0,14,14,114
01/15/2000,PMD,CA,AWP,WE,Federal Contract Tower,0,0,2,2,4,0,0,10,0,10,0,0,12,2,14,0,0,0,14
01/16/2000,PMD,CA,AWP,WE,Federal Contract Tower,0,0,1,0,1,0,0,30,0,30,0,0,31,0,31,0,0,0,31
01/17/2000,PMD,CA,AWP,WE,Federal Contract Tower,0,0,7,4,11,0,0,22,0,22,0,0,29,4,33,0,0,0,33
01/18/2000,PMD,CA,AWP,WE,Federal Contract Tower,0,0,12,19,31,0,0,63,68,131,0,0,75,87,162,12,73,85,247
01/19/2000,PMD,CA,AWP,WE,Federal Contract Tower,0,0,15,24,39,70,0,29,35,134,70,0,44,59,173,0,79,79,252
01/20/2000,PMD,CA,AWP,WE,Federal Contract Tower,0,0,15,27,42,0,0,34,51,85,0,0,49,78,127,0,88,88,215
01/21/2000,PMD,CA,AWP,WE,Federal Contract Tower,0,0,15,24,39,0,0,41,30,71,0,0,56,54,110,4,18,22,132
01/22/2000,PMD,CA,AWP,WE,Federal Contract Tower,0,0,7,12,19,0,0,24,8,32,0,0,31,20,51,0,0,0,51
01/23/2000,PMD,CA,AWP,WE,Federal Contract Tower,0,0,5,2,7,0,0,33,0,33,0,0,38,2,40,0,0,0,40
01/24/2000,PMD,CA,AWP,WE,Federal Contract Tower,0,0,12,20,32,0,0,17,48,65,0,0,29,68,97,0,88,88,185
01/25/2000,PMD,CA,AWP,WE,Federal Contract Tower,0,0,31,52,83,0,0,32,84,116,0,0,63,136,199,23,38,61,260
01/26/2000,PMD,CA,AWP,WE,Federal Contract Tower,0,0,17,30,47,0,0,53,37,90,0,0,70,67,137,0,90,90,227
01/27/2000,PMD,CA,AWP,WE,Federal Contract Tower,0,0,16,27,43,0,0,46,69,115,0,0,62,96,158,24,128,152,310
01/28/2000,PMD,CA,AWP,WE,Federal Contract Tower,0,0,11,18,29,0,0,27,28,55,0,0,38,46,84,0,32,32,116
01/29/2000,PMD,CA,AWP,WE,Federal Contract Tower,0,0,1,3,4,0,0,9,2,11,0,0,10,5,15,16,18,34,49
01/30/2000,PMD,CA,AWP,WE,Federal Contract Tower,0,0,2,0,2,0,0,34,0,34,0,0,36,0,36,0,0,0,36
01/31/2000,PMD,CA,AWP,WE,Federal Contract Tower,0,0,9,15,24,0,0,20,27,47,0,0,29,42,71,0,8,8,79
02/01/2000,PMD,CA,AWP,WE,Federal Contract Tower,2,0,18,24,44,0,0,47,72,119,2,0,65,96,163,33,91,124,287
02/02/2000,PMD,CA,AWP,WE,Federal Contract Tower,0,0,9,11,20,0,0,28,45,73,0,0,37,56,93,16,32,48,141
02/03/2000,PMD,CA,AWP,WE,Federal Contract Tower,0,0,26,36,62,0,4,52,66,122,0,4,78,102,184,22,152,174,358
02/04/2000,PMD,CA,AWP,WE,Federal Contract Tower,2,0,17,23,42,0,0,21,35,56,2,0,38,58,98,0,54,54,152
02/05/2000,PMD,CA,AWP,WE,Federal Contract Tower,0,0,5,6,11,0,0,28,16,44,0,0,33,22,55,12,8,20,75
02/06/2000,PMD,CA,AWP,WE,Federal Contract Tower,0,0,7,10,17,0,0,48,21,69,0,0,55,31,86,11,17,28,114
02/07/2000,PMD,CA,AWP,WE,Federal Contract Tower,0,0,11,15,26,0,0,17,29,46,0,0,28,44,72,2,18,20,92
02/08/2000,PMD,CA,AWP,WE,Federal Contract Tower,0,0,25,35,60,0,0,53,45,98,0,0,78,80,158,46,58,104,262
02/09/2000,PMD,CA,AWP,WE,Federal Contract Tower,0,0,18,25,43,0,0,67,28,95,0,0,85,53,138,48,40,88,226
02/10/2000,PMD,CA,AWP,WE,Federal Contract Tower,5,0,22,31,58,15,0,25,47,87,20,0,47,78,145,28,50,78,223
02/11/2000,PMD,CA,AWP,WE,Federal Contract Tower,4,0,16,23,43,20,0,16,39,75,24,0,32,62,118,10,16,26,144
02/12/2000,PMD,CA,AWP,WE,Federal Contract Tower,1,0,3,3,7,5,0,19,16,40,6,0,22,19,47,43,27,70,117
02/13/2000,PMD,CA,AWP,WE,Federal Contract Tower,0,0,1,2,3,0,0,14,18,32,0,0,15,20,35,0,12,12,47
02/14/2000,PMD,CA,AWP,WE,Federal Contract Tower,0,0,14,18,32,0,0,28,44,72,0,0,42,62,104,0,60,60,164
02/15/2000,PMD,CA,AWP,WE,Federal Contract Tower,0,0,21,29,50,0,0,3,55,58,0,0,24,84,108,0,46,46,154
02/16/2000,PMD,CA,AWP,WE,Federal Contract Tower,0,0,21,29,50,0,0,39,40,79,0,0,60,69,129,12,36,48,177
02/17/2000,PMD,CA,AWP,WE,Federal Contract Tower,3,0,17,25,45,9,0,14,47,70,12,0,31,72,115,4,106,110,225
02/18/2000,PMD,CA,AWP,WE,Federal Contract Tower,4,0,25,35,64,22,0,79,31,132,26,0,104,66,196,30,58,88,284
02/19/2000,PMD,CA,AWP,WE,Federal Contract Tower,0,0,3,4,7,0,0,9,0,9,0,0,12,4,16,6,22,28,44
02/20/2000,PMD,CA,AWP,WE,Federal Contract Tower,0,0,21,0,21,0,0,18,0,18,0,0,39,0,39,17,0,17,56
02/21/2000,PMD,CA,AWP,WE,Federal Contract Tower,0,0,3,0,3,0,0,5,0,5,0,0,8,0,8,0,0,0,8
02/22/2000,PMD,CA,AWP,WE,Federal Contract Tower,0,0,19,28,47,0,0,21,42,63,0,0,40,70,110,0,46,46,156
02/23/2000,PMD,CA,AWP,WE,Federal Contract Tower,0,0,17,25,42,0,0,30,17,47,0,0,47,42,89,10,2,12,101
02/24/2000,PMD,CA,AWP,WE,Federal Contract Tower,0,0,17,25,42,0,0,33,30,63,0,0,50,55,105,14,60,74,179
02/25/2000,PMD,CA,AWP,WE,Federal Contract Tower,0,0,12,17,29,0,0,36,19,55,0,0,48,36,84,0,22,22,106
02/26/2000,PMD,CA,AWP,WE,Federal Contract Tower,0,0,3,4,7,0,0,38,2,40,0,0,41,6,47,9,4,13,60
02/27/2000,PMD,CA,AWP,WE,Federal Contract Tower,0,0,3,4,7,0,0,44,0,44,0,0,47,4,51,0,0,0,51
02/28/2000,PMD,CA,AWP,WE,Federal Contract Tower,0,0,11,15,26,0,0,39,4,43,0,0,50,19,69,0,18,18,87
02/29/2000,PMD,CA,AWP,WE,Federal Contract Tower,0,0,17,24,41,0,0,15,44,59,0,0,32,68,100,2,30,32,132
03/01/2000,PMD,CA,AWP,WE,Federal Contract Tower,0,0,20,34,54,0,0,42,66,108,0,0,62,100,162,0,48,48,210
03/02/2000,PMD,CA,AWP,WE,Federal Contract Tower,0,0,12,20,32,0,0,31,36,67,0,0,43,56,99,2,46,48,147
03/03/2000,PMD,CA,AWP,WE,Federal Contract Tower,0,0,13,21,34,0,0,34,12,46,0,0,47,33,80,2,20,22,102
03/04/2000,PMD,CA,AWP,WE,Federal Contract Tower,0,0,2,0,2,0,0,44,0,44,0,0,46,0,46,0,0,0,46
03/05/2000,PMD,CA,AWP,WE,Federal Contract Tower,0,0,0,0,0,0,0,9,0,9,0,0,9,0,9,0,0,0,9
03/06/2000,PMD,CA,AWP,WE,Federal Contract Tower,0,0,9,15,24,0,0,17,29,46,0,0,26,44,70,0,34,34,104
03/07/2000,PMD,CA,AWP,WE,Federal Contract Tower,0,0,9,15,24,0,0,8,33,41,0,0,17,48,65,0,36,36,101
03/08/2000,PMD,CA,AWP,WE,Federal Contract Tower,0,0,17,28,45,0,0,15,27,42,0,0,32,55,87,0,62,62,149
03/09/2000,PMD,CA,AWP,WE,Federal Contract Tower,0,1,24,41,66,0,1,0,49,50,0,2,24,90,116,2,78,80,196
03/10/2000,PMD,CA,AWP,WE,Federal Contract Tower,0,0,9,14,23,0,0,26,8,34,0,0,35,22,57,0,12,12,69
03/11/2000,PMD,CA,AWP,WE,Federal Contract Tower,0,0,5,2,7,0,0,46,0,46,0,0,51,2,53,6,0,6,59
03/12/2000,PMD,CA,AWP,WE,Federal Contract Tower,0,0,1,0,1,0,0,20,0,20,0,0,21,0,21,0,0,0,21
03/13/2000,PMD,CA,AWP,WE,Federal Contract Tower,0,0,19,31,50,0,6,23,45,74,0,6,42,76,124,0,60,60,184
03/14/2000,PMD,CA,AWP,WE,Federal Contract Tower,0,0,18,28,46,0,0,29,52,81,0,0,47,80,127,8,14,22,149
03/15/2000,PMD,CA,AWP,WE,Federal Contract Tower,0,0,17,27,44,2,4,43,31,80,2,4,60,58,124,4,64,68,192
03/16/2000,PMD,CA,AWP,WE,Federal Contract Tower,0,0,12,19,31,8,4,28,20,60,8,4,40,39,91,0,52,52,143
03/17/2000,PMD,CA,AWP,WE,Federal Contract Tower,0,0,9,15,24,0,0,27,8,35,0,0,36,23,59,2,16,18,77
03/18/2000,PMD,CA,AWP,WE,Federal Contract Tower,0,0,4,7,11,0,0,38,19,57,0,0,42,26,68,16,37,53,121
03/19/2000,PMD,CA,AWP,WE,Federal Contract Tower,0,0,3,0,3,0,0,17,0,17,0,0,20,0,20,0,0,0,20
03/20/2000,PMD,CA,AWP,WE,Federal Contract Tower,0,0,1,4,5,0,0,23,4,27,0,0,24,8,32,0,8,8,40
03/21/2000,PMD,CA,AWP,WE,Federal Contract Tower,0,0,10,18,28,0,0,23,29,52,0,0,33,47,80,39,32,71,151
03/22/2000,PMD,CA,AWP,WE,Federal Contract Tower,0,0,17,29,46,0,1,53,29,83,0,1,70,58,129,0,60,60,189
03/23/2000,PMD,CA,AWP,WE,Federal Contract Tower,0,0,9,17,26,0,0,21,37,58,0,0,30,54,84,2,36,38,122
03/24/2000,PMD,CA,AWP,WE,Federal Contract Tower,0,0,12,20,32,0,0,38,38,76,0,0,50,58,108,4,28,32,140
03/25/2000,PMD,CA,AWP,WE,Federal Contract Tower,0,0,7,12,19,0,0,7,18,25,0,0,14,30,44,2,0,2,46
03/26/2000,PMD,CA,AWP,WE,Federal Contract Tower,0,0,4,9,13,0,0,28,3,31,0,0,32,12,44,0,0,0,44
03/27/2000,PMD,CA,AWP,WE,Federal Contract Tower,0,0,13,24,37,0,0,19,44,63,0,0,32,68,100,6,48,54,154
03/28/2000,PMD,CA,AWP,WE,Federal Contract Tower,0,0,20,35,55,0,0,20,63,83,0,0,40,98,138,6,54,60,198
03/29/2000,PMD,CA,AWP,WE,Federal Contract Tower,0,0,15,26,41,0,0,32,45,77,0,0,47,71,118,2,49,51,169
03/30/2000,PMD,CA,AWP,WE,Federal Contract Tower,0,0,12,22,34,0,0,45,9,54,0,0,57,31,88,31,34,65,153
03/31/2000,PMD,CA,AWP,WE,Federal Contract Tower,0,0,3,6,9,0,0,31,0,31,0,0,34,6,40,0,6,6,46
04/01/2000,PMD,CA,AWP,WE,Federal Contract Tower,1,0,4,0,5,1,0,14,0,15,2,0,18,0,20,0,0,0,20
04/02/2000,PMD,CA,AWP,WE,Federal Contract Tower,1,0,2,3,6,1,0,32,3,36,2,0,34,6,42,0,0,0,42
04/03/2000,PMD,CA,AWP,WE,Federal Contract Tower,0,0,13,16,29,0,0,29,36,65,0,0,42,52,94,0,6,6,100
04/04/2000,PMD,CA,AWP,WE,Federal Contract Tower,0,0,14,16,30,0,0,32,24,56,0,0,46,40,86,1,54,55,141
04/05/2000,PMD,CA,AWP,WE,Federal Contract Tower,0,0,13,15,28,0,6,46,15,67,0,6,59,30,95,8,44,52,147
04/06/2000,PMD,CA,AWP,WE,Federal Contract Tower,0,0,22,26,48,0,4,44,28,76,0,4,66,54,124,4,33,37,161
04/07/2000,PMD,CA,AWP,WE,Federal Contract Tower,0,0,11,13,24,0,0,37,13,50,0,0,48,26,74,0,2,2,76
04/08/2000,PMD,CA,AWP,WE,Federal Contract Tower,0,0,5,0,5,0,0,21,0,21,0,0,26,0,26,0,0,0,26
04/09/2000,PMD,CA,AWP,WE,Federal Contract Tower,0,0,2,3,5,0,0,26,9,35,0,0,28,12,40,0,8,8,48
04/10/2000,PMD,CA,AWP,WE,Federal Contract Tower,0,0,8,10,18,0,0,32,10,42,0,0,40,20,60,0,0,0,60
04/11/2000,PMD,CA,AWP,WE,Federal Contract Tower,0,0,17,19,36,0,0,23,35,58,0,0,40,54,94,12,40,52,146
04/12/2000,PMD,CA,AWP,WE,Federal Contract Tower,0,0,18,22,40,6,0,32,32,70,6,0,50,54,110,0,38,38,148
04/13/2000,PMD,CA,AWP,WE,Federal Contract Tower,0,0,12,15,27,0,0,36,19,55,0,0,48,34,82,0,50,50,132
04/14/2000,PMD,CA,AWP,WE,Federal Contract Tower,0,0,12,14,26,0,0,24,10,34,0,0,36,24,60,0,7,7,67
04/15/2000,PMD,CA,AWP,WE,Federal Contract Tower,0,0,4,4,8,0,0,4,8,12,0,0,8,12,20,14,8,22,42
04/16/2000,PMD,CA,AWP,WE,Federal Contract Tower,0,0,6,7,13,0,0,20,5,25,0,0,26,12,38,0,6,6,44
04/17/2000,PMD,CA,AWP,WE,Federal Contract Tower,0,0,9,9,18,0,0,20,14,34,0,0,29,23,52,0,8,8,60
04/18/2000,PMD,CA,AWP,WE,Federal Contract Tower,0,0,23,28,51,0,0,6,40,46,0,0,29,68,97,12,41,53,150
04/19/2000,PMD,CA,AWP,WE,Federal Contract Tower,0,0,21,25,46,0,4,59,19,82,0,4,80,44,128,7,47,54,182
04/20/2000,PMD,CA,AWP,WE,Federal Contract Tower,0,0,14,18,32,0,0,34,22,56,0,0,48,40,88,2,30,32,120
04/21/2000,PMD,CA,AWP,WE,Federal Contract Tower,0,0,9,12,21,0,1,31,5,37,0,1,40,17,58,0,4,4,62
04/22/2000,PMD,CA,AWP,WE,Federal Contract Tower,0,0,5,0,5,0,0,20,0,20,0,0,25,0,25,0,0,0,25
04/23/2000,PMD,CA,AWP,WE,Federal Contract Tower,0,0,1,0,1,0,0,22,0,22,0,0,23,0,23,0,0,0,23
04/24/2000,PMD,CA,AWP,WE,Federal Contract Tower,0,0,23,29,52,0,0,29,67,96,0,0,52,96,148,0,50,50,198
04/25/2000,PMD,CA,AWP,WE,Federal Contract Tower,0,0,15,19,34,0,0,26,43,69,0,0,41,62,103,18,16,34,137
04/26/2000,PMD,CA,AWP,WE,Federal Contract Tower,0,0,15,19,34,0,0,16,46,62,0,0,31,65,96,10,42,52,148
04/27/2000,PMD,CA,AWP,WE,Federal Contract Tower,0,0,20,25,45,0,0,47,30,77,0,0,67,55,122,13,50,63,185
04/28/2000,PMD,CA,AWP,WE,Federal Contract Tower,0,0,23,27,50,4,2,45,34,85,4,2,68,61,135,19,48,67,202
04/29/2000,PMD,CA,AWP,WE,Federal Contract Tower,0,0,3,0,3,0,0,12,0,12,0,0,15,0,15,0,0,0,15
04/30/2000,PMD,CA,AWP,WE,Federal Contract Tower,0,0,0,0,0,0,0,25,0,25,0,0,25,0,25,0,0,0,25
05/01/2000,PMD,CA,AWP,WE,Federal Contract Tower,0,0,12,18,30,0,0,59,37,96,0,0,71,55,126,32,36,68,194
05/02/2000,PMD,CA,AWP,WE,Federal Contract Tower,0,0,11,16,27,0,0,73,76,149,0,0,84,92,176,0,62,62,238
05/03/2000,PMD,CA,AWP,WE,Federal Contract Tower,0,0,20,31,51,0,0,56,155,211,0,0,76,186,262,0,82,82,344
05/04/2000,PMD,CA,AWP,WE,Federal Contract Tower,0,0,23,38,61,0,0,45,58,103,0,0,68,96,164,20,56,76,240
05/05/2000,PMD,CA,AWP,WE,Federal Contract Tower,0,0,16,25,41,0,2,46,53,101,0,2,62,78,142,4,18,22,164
05/06/2000,PMD,CA,AWP,WE,Federal Contract Tower,0,0,5,8,13,0,0,27,2,29,0,0,32,10,42,20,12,32,74
05/07/2000,PMD,CA,AWP,WE,Federal Contract Tower,0,0,3,5,8,0,0,23,20,43,0,0,26,25,51,0,17,17,68
05/08/2000,PMD,CA,AWP,WE,Federal Contract Tower,0,0,10,16,26,0,0,35,56,91,0,0,45,72,117,23,57,80,197
05/09/2000,PMD,CA,AWP,WE,Federal Contract Tower,1,0,15,24,40,3,0,29,40,72,4,0,44,64,112,0,44,44,156
05/10/2000,PMD,CA,AWP,WE,Federal Contract Tower,0,0,16,26,42,0,4,45,43,92,0,4,61,69,134,10,30,40,174
05/11/2000,PMD,CA,AWP,WE,Federal Contract Tower,0,0,14,22,36,0,0,16,49,65,0,0,30,71,101,1,74,75,176
05/12/2000,PMD,CA,AWP,WE,Federal Contract Tower,0,0,8,12,20,0,2,34,14,50,0,2,42,26,70,10,17,27,97
05/13/2000,PMD,CA,AWP,WE,Federal Contract Tower,0,0,1,3,4,0,0,5,5,10,0,0,6,8,14,0,0,0,14
05/14/2000,PMD,CA,AWP,WE,Federal Contract Tower,0,0,2,0,2,0,0,14,0,14,0,0,16,0,16,0,0,0,16
05/15/2000,PMD,CA,AWP,WE,Federal Contract Tower,0,0,6,10,16,0,0,25,34,59,0,0,31,44,75,4,38,42,117
05/16/2000,PMD,CA,AWP,WE,Federal Contract Tower,0,0,11,17,28,0,0,40,49,89,0,0,51,66,117,20,48,68,185
05/17/2000,PMD,CA,AWP,WE,Federal Contract Tower,0,0,27,42,69,0,0,69,66,135,0,0,96,108,204,84,66,150,354
05/18/2000,PMD,CA,AWP,WE,Federal Contract Tower,0,0,11,18,29,0,0,20,20,40,0,0,31,38,69,0,40,40,109
05/19/2000,PMD,CA,AWP,WE,Federal Contract Tower,0,0,7,11,18,0,0,51,35,86,0,0,58,46,104,14,48,62,166
05/20/2000,PMD,CA,AWP,WE,Federal Contract Tower,0,0,1,0,1,0,0,9,0,9,0,0,10,0,10,0,0,0,10
05/21/2000,PMD,CA,AWP,WE,Federal Contract Tower,0,0,0,1,1,0,0,0,1,1,0,0,0,2,2,0,10,10,12
05/22/2000,PMD,CA,AWP,WE,Federal Contract Tower,0,0,9,16,25,0,0,44,55,99,0,0,53,71,124,0,55,55,179
05/23/2000,PMD,CA,AWP,WE,Federal Contract Tower,0,0,14,23,37,0,0,34,47,81,0,0,48,70,118,6,30,36,154
05/24/2000,PMD,CA,AWP,WE,Federal Contract Tower,0,0,20,32,52,0,0,55,96,151,0,0,75,128,203,26,108,134,337
05/25/2000,PMD,CA,AWP,WE,Federal Contract Tower,0,0,19,31,50,20,0,61,59,140,20,0,80,90,190,44,50,94,284
05/26/2000,PMD,CA,AWP,WE,Federal Contract Tower,0,0,7,11,18,0,0,41,13,54,0,0,48,24,72,8,6,14,86
05/27/2000,PMD,CA,AWP,WE,Federal Contract Tower,0,0,1,2,3,0,0,4,0,4,0,0,5,2,7,0,0,0,7
05/28/2000,PMD,CA,AWP,WE,Federal Contract Tower,0,0,2,5,7,0,0,1,7,8,0,0,3,12,15,6,16,22,37
05/29/2000,PMD,CA,AWP,WE,Federal Contract Tower,0,0,2,5,7,0,0,6,1,7,0,0,8,6,14,0,4,4,18
05/30/2000,PMD,CA,AWP,WE,Federal Contract Tower,0,0,15,25,40,12,0,51,64,127,12,0,66,89,167,36,52,88,255
05/31/2000,PMD,CA,AWP,WE,Federal Contract Tower,0,0,21,35,56,0,2,53,73,128,0,2,74,108,184,36,98,134,318
06/01/2000,PMD,CA,AWP,WE,Federal Contract Tower,0,0,15,29,44,0,0,34,41,75,0,0,49,70,119,8,80,88,207
06/02/2000,PMD,CA,AWP,WE,Federal Contract Tower,0,0,7,12,19,0,0,39,24,63,0,0,46,36,82,0,20,20,102
06/03/2000,PMD,CA,AWP,WE,Federal Contract Tower,0,0,3,3,6,0,0,12,0,12,0,0,15,3,18,0,0,0,18
06/04/2000,PMD,CA,AWP,WE,Federal Contract Tower,0,0,1,2,3,0,0,1,14,15,0,0,2,16,18,0,8,8,26
06/05/2000,PMD,CA,AWP,WE,Federal Contract Tower,0,0,6,11,17,0,0,41,22,63,0,0,47,33,80,0,16,16,96
06/06/2000,PMD,CA,AWP,WE,Federal Contract Tower,0,1,13,23,37,0,3,33,33,69,0,4,46,56,106,0,84,84,190
06/07/2000,PMD,CA,AWP,WE,Federal Contract Tower,0,0,14,26,40,0,0,28,68,96,0,0,42,94,136,12,100,112,248
06/08/2000,PMD,CA,AWP,WE,Federal Contract Tower,0,0,11,21,32,0,0,13,15,28,0,0,24,36,60,36,8,44,104
06/09/2000,PMD,CA,AWP,WE,Federal Contract Tower,0,0,13,23,36,0,0,19,5,24,0,0,32,28,60,12,10,22,82
06/10/2000,PMD,CA,AWP,WE,Federal Contract Tower,0,0,2,4,6,0,0,12,0,12,0,0,14,4,18,0,10,10,28
06/11/2000,PMD,CA,AWP,WE,Federal Contract Tower,0,0,1,0,1,0,0,9,0,9,0,0,10,0,10,0,0,0,10
06/12/2000,PMD,CA,AWP,WE,Federal Contract Tower,0,0,12,21,33,0,0,29,33,62,0,0,41,54,95,6,10,16,111
06/13/2000,PMD,CA,AWP,WE,Federal Contract Tower,0,0,13,24,37,0,0,50,43,93,0,0,63,67,130,16,71,87,217
06/14/2000,PMD,CA,AWP,WE,Federal Contract Tower,0,0,13,23,36,0,0,43,53,96,0,0,56,76,132,28,85,113,245
06/15/2000,PMD,CA,AWP,WE,Federal Contract Tower,0,0,14,26,40,0,0,23,28,51,0,0,37,54,91,0,96,96,187
06/16/2000,PMD,CA,AWP,WE,Federal Contract Tower,0,0,4,8,12,0,0,19,23,42,0,0,23,31,54,0,40,40,94
06/17/2000,PMD,CA,AWP,WE,Federal Contract Tower,0,0,2,0,2,0,0,12,0,12,0,0,14,0,14,0,0,0,14
06/18/2000,PMD,CA,AWP,WE,Federal Contract Tower,0,0,0,0,0,0,0,2,0,2,0,0,2,0,2,0,0,0,2
06/19/2000,PMD,CA,AWP,WE,Federal Contract Tower,0,0,12,22,34,0,0,42,24,66,0,0,54,46,100,6,62,68,168
06/20/2000,PMD,CA,AWP,WE,Federal Contract Tower,0,0,17,32,49,0,0,44,70,114,0,0,61,102,163,24,110,134,297
06/21/2000,PMD,CA,AWP,WE,Federal Contract Tower,0,0,11,20,31,0,2,41,51,94,0,2,52,71,125,26,65,91,216
06/22/2000,PMD,CA,AWP,WE,Federal Contract Tower,0,0,7,15,22,0,2,41,22,65,0,2,48,37,87,10,48,58,145
06/23/2000,PMD,CA,AWP,WE,Federal Contract Tower,0,0,11,20,31,3,2,19,33,57,3,2,30,53,88,21,61,82,170
06/24/2000,PMD,CA,AWP,WE,Federal Contract Tower,0,0,5,10,15,1,0,9,6,16,1,0,14,16,31,0,34,34,65
06/25/2000,PMD,CA,AWP,WE,Federal Contract Tower,0,0,2,10,12,0,0,0,22,22,0,0,2,32,34,0,46,46,80
06/26/2000,PMD,CA,AWP,WE,Federal Contract Tower,0,0,16,31,47,0,6,20,37,63,0,6,36,68,110,0,54,54,164
06/27/2000,PMD,CA,AWP,WE,Federal Contract Tower,0,0,9,18,27,0,0,39,27,66,0,0,48,45,93,4,76,80,173
06/28/2000,PMD,CA,AWP,WE,Federal Contract Tower,0,0,19,36,55,0,0,32,36,68,0,0,51,72,123,12,85,97,220
06/29/2000,PMD,CA,AWP,WE,Federal Contract Tower,0,0,15,28,43,0,0,22,33,55,0,0,37,61,98,4,89,93,191
06/30/2000,PMD,CA,AWP,WE,Federal Contract Tower,0,0,12,24,36,4,3,53,27,87,4,3,65,51,123,9,54,63,186
07/01/2000,PMD,CA,AWP,WE,Federal Contract Tower,0,0,0,0,0,0,0,0,1,1,0,0,0,1,1,0,0,0,1
07/02/2000,PMD,CA,AWP,WE,Federal Contract Tower,0,0,0,0,0,0,0,4,0,4,0,0,4,0,4,0,0,0,4
07/03/2000,PMD,CA,AWP,WE,Federal Contract Tower,0,0,0,0,0,0,6,0,0,6,0,6,0,0,6,0,0,0,6
07/04/2000,PMD,CA,AWP,WE,Federal Contract Tower,0,0,0,0,0,0,0,8,2,10,0,0,8,2,10,0,0,0,10
07/05/2000,PMD,CA,AWP,WE,Federal Contract Tower,0,0,12,20,32,0,0,56,34,90,0,0,68,54,122,12,33,45,167
07/06/2000,PMD,CA,AWP,WE,Federal Contract Tower,0,0,22,34,56,0,0,14,44,58,0,0,36,78,114,2,60,62,176
07/07/2000,PMD,CA,AWP,WE,Federal Contract Tower,0,0,11,18,29,0,0,40,29,69,0,0,51,47,98,21,71,92,190
07/08/2000,PMD,CA,AWP,WE,Federal Contract Tower,0,0,6,9,15,0,0,14,7,21,0,0,20,16,36,2,64,66,102
07/09/2000,PMD,CA,AWP,WE,Federal Contract Tower,0,0,7,11,18,0,0,23,5,28,0,0,30,16,46,1,18,19,65
07/10/2000,PMD,CA,AWP,WE,Federal Contract Tower,0,0,16,23,39,4,0,43,33,80,4,0,59,56,119,0,74,74,193
07/11/2000,PMD,CA,AWP,WE,Federal Contract Tower,0,0,20,31,51,0,0,39,47,86,0,0,59,78,137,12,93,105,242
07/12/2000,PMD,CA,AWP,WE,Federal Contract Tower,0,0,19,28,47,0,0,32,45,77,0,0,51,73,124,18,86,104,228
07/13/2000,PMD,CA,AWP,WE,Federal Contract Tower,0,0,17,26,43,0,0,64,27,91,0,0,81,53,134,10,28,38,172
07/14/2000,PMD,CA,AWP,WE,Federal Contract Tower,0,0,7,10,17,0,0,39,42,81,0,0,46,52,98,7,49,56,154
07/15/2000,PMD,CA,AWP,WE,Federal Contract Tower,0,0,5,7,12,0,0,22,3,25,0,0,27,10,37,2,22,24,61
07/16/2000,PMD,CA,AWP,WE,Federal Contract Tower,0,0,7,9,16,0,0,9,16,25,0,0,16,25,41,0,20,20,61
07/17/2000,PMD,CA,AWP,WE,Federal Contract Tower,0,0,11,19,30,0,0,26,26,52,0,0,37,45,82,0,44,44,126
07/18/2000,PMD,CA,AWP,WE,Federal Contract Tower,0,0,8,15,23,0,0,27,57,84,0,0,35,72,107,10,56,66,173
07/19/2000,PMD,CA,AWP,WE,Federal Contract Tower,0,0,14,23,37,0,0,39,42,81,0,0,53,65,118,6,51,57,175
07/20/2000,PMD,CA,AWP,WE,Federal Contract Tower,0,0,16,27,43,0,0,35,51,86,0,0,51,78,129,0,44,44,173
07/21/2000,PMD,CA,AWP,WE,Federal Contract Tower,0,0,14,24,38,0,0,18,61,79,0,0,32,85,117,12,64,76,193
07/22/2000,PMD,CA,AWP,WE,Federal Contract Tower,0,0,8,14,22,0,0,16,12,28,0,0,24,26,50,0,18,18,68
07/23/2000,PMD,CA,AWP,WE,Federal Contract Tower,0,0,0,0,0,0,0,2,0,2,0,0,2,0,2,0,0,0,2
07/24/2000,PMD,CA,AWP,WE,Federal Contract Tower,0,0,12,21,33,0,0,37,24,61,0,0,49,45,94,0,20,20,114
07/25/2000,PMD,CA,AWP,WE,Federal Contract Tower,0,0,14,23,37,0,0,29,40,69,0,0,43,63,106,0,68,68,174
07/26/2000,PMD,CA,AWP,WE,Federal Contract Tower,0,0,14,23,37,0,0,16,36,52,0,0,30,59,89,0,36,36,125
07/27/2000,PMD,CA,AWP,WE,Federal Contract Tower,0,0,16,25,41,0,2,28,11,41,0,2,44,36,82,2,68,70,152
07/28/2000,PMD,CA,AWP,WE,Federal Contract Tower,0,0,15,24,39,0,4,46,6,56,0,4,61,30,95,8,22,30,125
07/29/2000,PMD,CA,AWP,WE,Federal Contract Tower,0,0,0,0,0,0,37,0,0,37,0,37,0,0,37,0,0,0,37
07/30/2000,PMD,CA,AWP,WE,Federal Contract Tower,0,0,3,0,3,0,0,21,0,21,0,0,24,0,24,0,0,0,24
07/31/2000,PMD,CA,AWP,WE,Federal Contract Tower,0,0,11,19,30,0,0,13,11,24,0,0,24,30,54,0,8,8,62
08/01/2000,PMD,CA,AWP,WE,Federal Contract Tower,0,0,11,18,29,0,0,24,37,61,0,0,35,55,90,14,78,92,182
08/02/2000,PMD,CA,AWP,WE,Federal Contract Tower,0,0,12,20,32,0,0,28,35,63,0,0,40,55,95,2,52,54,149
08/03/2000,PMD,CA,AWP,WE,Federal Contract Tower,0,0,15,29,44,0,0,43,39,82,0,0,58,68,126,24,20,44,170
08/04/2000,PMD,CA,AWP,WE,Federal Contract Tower,0,0,11,20,31,0,0,23,37,60,0,0,34,57,91,0,106,106,197
08/05/2000,PMD,CA,AWP,WE,Federal Contract Tower,0,0,4,7,11,0,0,38,5,43,0,0,42,12,54,0,8,8,62
08/06/2000,PMD,CA,AWP,WE,Federal Contract Tower,0,1,0,1,2,0,1,34,9,44,0,2,34,10,46,0,10,10,56
08/07/2000,PMD,CA,AWP,WE,Federal Contract Tower,0,2,17,31,50,0,4,15,41,60,0,6,32,72,110,2,34,36,146
08/08/2000,PMD,CA,AWP,WE,Federal Contract Tower,0,0,22,41,63,6,0,26,47,79,6,0,48,88,142,36,74,110,252
08/09/2000,PMD,CA,AWP,WE,Federal Contract Tower,0,0,20,37,57,0,0,26,73,99,0,0,46,110,156,10,50,60,216
08/10/2000,PMD,CA,AWP,WE,Federal Contract Tower,0,1,6,12,19,0,1,18,37,56,0,2,24,49,75,2,60,62,137
08/11/2000,PMD,CA,AWP,WE,Federal Contract Tower,0,1,6,11,18,0,3,10,23,36,0,4,16,34,54,0,22,22,76
08/12/2000,PMD,CA,AWP,WE,Federal Contract Tower,0,0,4,6,10,0,0,8,8,16,0,0,12,14,26,0,22,22,48
08/13/2000,PMD,CA,AWP,WE,Federal Contract Tower,0,0,4,8,12,0,0,29,2,31,0,0,33,10,43,0,6,6,49
08/14/2000,PMD,CA,AWP,WE,Federal Contract Tower,0,0,6,12,18,0,0,35,5,40,0,0,41,17,58,0,14,14,72
08/15/2000,PMD,CA,AWP,WE,Federal Contract Tower,0,0,15,28,43,0,0,19,43,62,0,0,34,71,105,0,46,46,151
08/16/2000,PMD,CA,AWP,WE,Federal Contract Tower,0,1,13,23,37,0,3,30,15,48,0,4,43,38,85,0,40,40,125
08/17/2000,PMD,CA,AWP,WE,Federal Contract Tower,0,0,10,18,28,0,0,13,29,42,0,0,23,47,70,10,46,56,126
08/18/2000,PMD,CA,AWP,WE,Federal Contract Tower,0,0,13,21,34,0,0,31,27,58,0,0,44,48,92,0,20,20,112
08/19/2000,PMD,CA,AWP,WE,Federal Contract Tower,0,0,2,0,2,0,0,49,0,49,0,0,51,0,51,0,0,0,51
08/20/2000,PMD,CA,AWP,WE,Federal Contract Tower,0,0,2,0,2,0,0,40,0,40,0,0,42,0,42,4,0,4,46
08/21/2000,PMD,CA,AWP,WE,Federal Contract Tower,0,0,11,21,32,0,0,51,3,54,0,0,62,24,86,0,0,0,86
08/22/2000,PMD,CA,AWP,WE,Federal Contract Tower,0,0,11,19,30,0,0,5,41,46,0,0,16,60,76,0,54,54,130
08/23/2000,PMD,CA,AWP,WE,Federal Contract Tower,0,1,15,30,46,2,5,37,40,84,2,6,52,70,130,0,38,38,168
08/24/2000,PMD,CA,AWP,WE,Federal Contract Tower,0,1,16,30,47,0,7,18,23,48,0,8,34,53,95,0,28,28,123
08/25/2000,PMD,CA,AWP,WE,Federal Contract Tower,0,0,10,18,28,0,4,28,33,65,0,4,38,51,93,0,26,26,119
08/26/2000,PMD,CA,AWP,WE,Federal Contract Tower,0,0,1,4,5,0,0,3,4,7,0,0,4,8,12,0,4,4,16
08/27/2000,PMD,CA,AWP,WE,Federal Contract Tower,0,0,5,8,13,0,0,3,0,3,0,0,8,8,16,0,10,10,26
08/28/2000,PMD,CA,AWP,WE,Federal Contract Tower,0,0,8,15,23,0,0,19,17,36,0,0,27,32,59,2,28,30,89
08/29/2000,PMD,CA,AWP,WE,Federal Contract Tower,0,0,17,32,49,0,0,25,28,53,0,0,42,60,102,2,48,50,152
08/30/2000,PMD,CA,AWP,WE,Federal Contract Tower,0,0,14,26,40,0,4,46,10,60,0,4,60,36,100,2,42,44,144
08/31/2000,PMD,CA,AWP,WE,Federal Contract Tower,0,1,17,33,51,0,1,26,55,82,0,2,43,88,133,22,50,72,205
09/01/2000,PMD,CA,AWP,WE,Federal Contract Tower,0,0,4,12,16,0,6,29,0,35,0,6,33,12,51,0,0,0,51
09/02/2000,PMD,CA,AWP,WE,Federal Contract Tower,1,0,1,2,4,9,0,26,0,35,10,0,27,2,39,12,0,12,51
09/03/2000,PMD,CA,AWP,WE,Federal Contract Tower,0,0,0,0,0,0,0,33,0,33,0,0,33,0,33,4,0,4,37
09/04/2000,PMD,CA,AWP,WE,Federal Contract Tower,0,0,1,0,1,0,0,19,0,19,0,0,20,0,20,0,0,0,20
09/05/2000,PMD,CA,AWP,WE,Federal Contract Tower,0,0,4,9,13,0,0,50,0,50,0,0,54,9,63,0,0,0,63
09/06/2000,PMD,CA,AWP,WE,Federal Contract Tower,0,0,15,31,46,0,8,36,53,97,0,8,51,84,143,0,66,66,209
09/07/2000,PMD,CA,AWP,WE,Federal Contract Tower,0,0,11,22,33,0,4,27,28,59,0,4,38,50,92,0,50,50,142
09/08/2000,PMD,CA,AWP,WE,Federal Contract Tower,0,0,10,22,32,0,0,16,20,36,0,0,26,42,68,2,28,30,98
09/09/2000,PMD,CA,AWP,WE,Federal Contract Tower,0,0,4,8,12,0,0,14,7,21,0,0,18,15,33,0,14,14,47
09/10/2000,PMD,CA,AWP,WE,Federal Contract Tower,0,0,0,0,0,0,0,42,0,42,0,0,42,0,42,0,0,0,42
09/11/2000,PMD,CA,AWP,WE,Federal Contract Tower,0,0,11,24,35,0,0,19,29,48,0,0,30,53,83,0,78,78,161
09/12/2000,PMD,CA,AWP,WE,Federal Contract Tower,0,0,18,39,57,0,0,26,75,101,0,0,44,114,158,0,62,62,220
09/13/2000,PMD,CA,AWP,WE,Federal Contract Tower,0,0,13,27,40,0,0,40,44,84,0,0,53,71,124,0,58,58,182
09/14/2000,PMD,CA,AWP,WE,Federal Contract Tower,0,1,20,44,65,0,5,15,78,98,0,6,35,122,163,0,54,54,217
09/15/2000,PMD,CA,AWP,WE,Federal Contract Tower,0,0,7,16,23,0,0,37,40,77,0,0,44,56,100,0,22,22,122
09/16/2000,PMD,CA,AWP,WE,Federal Contract Tower,0,0,4,2,6,0,0,22,0,22,0,0,26,2,28,4,0,4,32
09/17/2000,PMD,CA,AWP,WE,Federal Contract Tower,0,0,2,0,2,0,0,46,0,46,0,0,48,0,48,0,0,0,48
09/18/2000,PMD,CA,AWP,WE,Federal Contract Tower,0,1,18,38,57,0,3,18,69,90,0,4,36,107,147,0,70,70,217
09/19/2000,PMD,CA,AWP,WE,Federal Contract Tower,0,0,13,28,41,0,0,33,67,100,0,0,46,95,141,0,96,96,237
09/20/2000,PMD,CA,AWP,WE,Federal Contract Tower,0,0,15,31,46,0,0,33,32,65,0,0,48,63,111,6,44,50,161
09/21/2000,PMD,CA,AWP,WE,Federal Contract Tower,0,0,15,32,47,0,0,24,58,82,0,0,39,90,129,0,80,80,209
09/22/2000,PMD,CA,AWP,WE,Federal Contract Tower,0,0,9,18,27,0,0,14,10,24,0,0,23,28,51,0,40,40,91
09/23/2000,PMD,CA,AWP,WE,Federal Contract Tower,0,0,2,2,4,6,0,8,0,14,6,0,10,2,18,8,0,8,26
09/24/2000,PMD,CA,AWP,WE,Federal Contract Tower,0,0,2,9,11,0,0,0,26,26,0,0,2,35,37,4,38,42,79
09/25/2000,PMD,CA,AWP,WE,Federal Contract Tower,0,0,14,31,45,0,0,28,55,83,0,0,42,86,128,24,40,64,192
09/26/2000,PMD,CA,AWP,WE,Federal Contract Tower,0,0,16,36,52,0,0,31,72,103,0,0,47,108,155,44,126,170,325
09/27/2000,PMD,CA,AWP,WE,Federal Contract Tower,0,0,16,37,53,0,0,26,35,61,0,0,42,72,114,24,68,92,206
09/28/2000,PMD,CA,AWP,WE,Federal Contract Tower,0,0,11,25,36,0,0,41,14,55,0,0,52,39,91,16,60,76,167
09/29/2000,PMD,CA,AWP,WE,Federal Contract Tower,0,0,8,17,25,0,0,34,13,47,0,0,42,30,72,0,40,40,112
09/30/2000,PMD,CA,AWP,WE,Federal Contract Tower,0,0,2,0,2,6,0,10,0,16,6,0,12,0,18,0,0,0,18
10/01/2000,PMD,CA,AWP,WE,Federal Contract Tower,0,0,1,1,2,0,0,30,0,30,0,0,31,1,32,0,0,0,32
10/02/2000,PMD,CA,AWP,WE,Federal Contract Tower,1,0,8,13,22,3,4,8,13,28,4,4,16,26,50,36,10,46,96
10/03/2000,PMD,CA,AWP,WE,Federal Contract Tower,0,0,15,25,40,0,0,26,60,86,0,0,41,85,126,0,76,76,202
10/04/2000,PMD,CA,AWP,WE,Federal Contract Tower,0,1,15,24,40,0,3,33,40,76,0,4,48,64,116,22,46,68,184
10/05/2000,PMD,CA,AWP,WE,Federal Contract Tower,0,0,16,25,41,0,0,21,45,66,0,0,37,70,107,2,74,76,183
10/06/2000,PMD,CA,AWP,WE,Federal Contract Tower,0,0,15,24,39,0,0,23,35,58,0,0,38,59,97,4,40,44,141
10/07/2000,PMD,CA,AWP,WE,Federal Contract Tower,0,0,3,3,6,0,0,9,0,9,0,0,12,3,15,0,0,0,15
10/08/2000,PMD,CA,AWP,WE,Federal Contract Tower,0,0,5,6,11,0,0,25,0,25,0,0,30,6,36,0,0,0,36
10/09/2000,PMD,CA,AWP,WE,Federal Contract Tower,0,0,5,0,5,0,0,35,0,35,0,0,40,0,40,0,0,0,40
10/10/2000,PMD,CA,AWP,WE,Federal Contract Tower,0,0,13,20,33,2,0,36,36,74,2,0,49,56,107,14,28,42,149
10/11/2000,PMD,CA,AWP,WE,Federal Contract Tower,0,2,25,40,67,0,0,15,104,119,0,2,40,144,186,28,108,136,322
10/12/2000,PMD,CA,AWP,WE,Federal Contract Tower,0,1,11,16,28,0,3,14,23,40,0,4,25,39,68,2,38,40,108
10/13/2000,PMD,CA,AWP,WE,Federal Contract Tower,0,0,9,14,23,0,0,32,23,55,0,0,41,37,78,2,10,12,90
10/14/2000,PMD,CA,AWP,WE,Federal Contract Tower,0,0,6,9,15,0,0,12,13,25,0,0,18,22,40,0,36,36,76
10/15/2000,PMD,CA,AWP,WE,Federal Contract Tower,0,0,3,5,8,0,0,17,1,18,0,0,20,6,26,0,6,6,32
10/16/2000,PMD,CA,AWP,WE,Federal Contract Tower,0,1,11,16,28,0,5,28,24,57,0,6,39,40,85,0,62,62,147
10/17/2000,PMD,CA,AWP,WE,Federal Contract Tower,0,2,18,29,49,0,8,32,43,83,0,10,50,72,132,0,104,104,236
10/18/2000,PMD,CA,AWP,WE,Federal Contract Tower,0,0,13,20,33,0,0,21,30,51,0,0,34,50,84,0,52,52,136
10/19/2000,PMD,CA,AWP,WE,Federal Contract Tower,0,0,12,20,32,0,0,54,10,64,0,0,66,30,96,0,31,31,127
10/20/2000,PMD,CA,AWP,WE,Federal Contract Tower,0,0,14,23,37,0,4,26,19,49,0,4,40,42,86,0,70,70,156
10/21/2000,PMD,CA,AWP,WE,Federal Contract Tower,0,0,2,4,6,0,0,2,2,4,0,0,4,6,10,12,8,20,30
10/22/2000,PMD,CA,AWP,WE,Federal Contract Tower,0,0,0,0,0,0,0,3,2,5,0,0,3,2,5,0,2,2,7
10/23/2000,PMD,CA,AWP,WE,Federal Contract Tower,0,0,10,17,27,2,0,18,9,29,2,0,28,26,56,0,30,30,86
10/24/2000,PMD,CA,AWP,WE,Federal Contract Tower,0,0,13,22,35,0,0,28,28,56,0,0,41,50,91,0,14,14,105
10/25/2000,PMD,CA,AWP,WE,Federal Contract Tower,0,0,5,10,15,0,0,25,15,40,0,0,30,25,55,0,26,26,81
10/26/2000,PMD,CA,AWP,WE,Federal Contract Tower,0,0,16,27,43,0,0,21,21,42,0,0,37,48,85,2,53,55,140
10/27/2000,PMD,CA,AWP,WE,Federal Contract Tower,0,0,12,19,31,0,4,14,35,53,0,4,26,54,84,0,49,49,133
10/28/2000,PMD,CA,AWP,WE,Federal Contract Tower,0,0,0,2,2,0,0,18,2,20,0,0,18,4,22,0,0,0,22
10/29/2000,PMD,CA,AWP,WE,Federal Contract Tower,0,0,2,0,2,2,0,8,0,10,2,0,10,0,12,2,0,2,14
10/30/2000,PMD,CA,AWP,WE,Federal Contract Tower,0,0,13,22,35,0,0,16,59,75,0,0,29,81,110,0,58,58,168
10/31/2000,PMD,CA,AWP,WE,Federal Contract Tower,0,1,20,34,55,0,3,16,38,57,0,4,36,72,112,0,43,43,155
11/01/2000,PMD,CA,AWP,WE,Federal Contract Tower,0,0,11,19,30,0,0,23,40,63,0,0,34,59,93,4,76,80,173
11/02/2000,PMD,CA,AWP,WE,Federal Contract Tower,0,0,15,26,41,0,0,41,52,93,0,0,56,78,134,0,24,24,158
11/03/2000,PMD,CA,AWP,WE,Federal Contract Tower,0,1,12,18,31,0,3,26,56,85,0,4,38,74,116,0,53,53,169
11/04/2000,PMD,CA,AWP,WE,Federal Contract Tower,0,0,3,5,8,0,0,24,3,27,0,0,27,8,35,12,0,12,47
11/05/2000,PMD,CA,AWP,WE,Federal Contract Tower,0,0,4,5,9,0,0,20,7,27,0,0,24,12,36,0,12,12,48
11/06/2000,PMD,CA,AWP,WE,Federal Contract Tower,0,0,11,17,28,0,0,20,19,39,0,0,31,36,67,0,6,6,73
11/07/2000,PMD,CA,AWP,WE,Federal Contract Tower,0,0,10,16,26,0,0,5,34,39,0,0,15,50,65,0,23,23,88
11/08/2000,PMD,CA,AWP,WE,Federal Contract Tower,0,0,19,29,48,0,0,55,58,113,0,0,74,87,161,0,64,64,225
11/09/2000,PMD,CA,AWP,WE,Federal Contract Tower,0,0,14,20,34,0,0,38,27,65,0,0,52,47,99,2,71,73,172
11/10/2000,PMD,CA,AWP,WE,Federal Contract Tower,0,0,3,4,7,0,0,21,13,34,0,0,24,17,41,0,0,0,41
11/11/2000,PMD,CA,AWP,WE,Federal Contract Tower,0,0,4,0,4,0,0,12,0,12,0,0,16,0,16,0,0,0,16
11/12/2000,PMD,CA,AWP,WE,Federal Contract Tower,0,0,6,2,8,0,0,32,0,32,0,0,38,2,40,0,0,0,40
11/13/2000,PMD,CA,AWP,WE,Federal Contract Tower,0,2,14,20,36,0,0,32,27,59,0,2,46,47,95,0,20,20,115
11/14/2000,PMD,CA,AWP,WE,Federal Contract Tower,0,3,20,31,54,0,3,23,67,93,0,6,43,98,147,18,38,56,203
11/15/2000,PMD,CA,AWP,WE,Federal Contract Tower,0,0,18,27,45,0,0,44,69,113,0,0,62,96,158,6,82,88,246
11/16/2000,PMD,CA,AWP,WE,Federal Contract Tower,0,0,21,31,52,0,0,40,84,124,0,0,61,115,176,10,102,112,288
11/17/2000,PMD,CA,AWP,WE,Federal Contract Tower,0,0,10,16,26,0,0,37,35,72,0,0,47,51,98,0,24,24,122
11/18/2000,PMD,CA,AWP,WE,Federal Contract Tower,0,0,3,4,7,0,0,27,0,27,0,0,30,4,34,0,0,0,34
11/19/2000,PMD,CA,AWP,WE,Federal Contract Tower,0,0,2,0,2,0,0,12,0,12,0,0,14,0,14,2,0,2,16
11/20/2000,PMD,CA,AWP,WE,Federal Contract Tower,0,2,20,30,52,8,28,18,30,84,8,30,38,60,136,12,54,66,202
11/21/2000,PMD,CA,AWP,WE,Federal Contract Tower,0,0,11,18,29,0,0,39,30,69,0,0,50,48,98,2,34,36,134
11/22/2000,PMD,CA,AWP,WE,Federal Contract Tower,0,0,9,14,23,0,0,40,7,47,0,0,49,21,70,0,66,66,136
11/23/2000,PMD,CA,AWP,WE,Federal Contract Tower,0,0,0,0,0,0,0,0,0,0,0,0,0,0,0,0,0,0,0
11/24/2000,PMD,CA,AWP,WE,Federal Contract Tower,0,0,2,0,2,0,0,15,0,15,0,0,17,0,17,0,0,0,17
11/25/2000,PMD,CA,AWP,WE,Federal Contract Tower,0,0,8,7,15,0,0,22,0,22,0,0,30,7,37,0,20,20,57
11/26/2000,PMD,CA,AWP,WE,Federal Contract Tower,0,0,2,0,2,0,0,18,0,18,0,0,20,0,20,0,0,0,20
11/27/2000,PMD,CA,AWP,WE,Federal Contract Tower,0,1,11,17,29,0,11,20,6,37,0,12,31,23,66,4,15,19,85
11/28/2000,PMD,CA,AWP,WE,Federal Contract Tower,0,2,17,26,45,0,4,39,28,71,0,6,56,54,116,10,20,30,146
11/29/2000,PMD,CA,AWP,WE,Federal Contract Tower,0,2,21,33,56,0,28,37,22,87,0,30,58,55,143,2,84,86,229
11/30/2000,PMD,CA,AWP,WE,Federal Contract Tower,0,2,19,29,50,0,0,32,77,109,0,2,51,106,159,0,115,115,274
12/01/2000,PMD,CA,AWP,WE,Federal Contract Tower,0,2,12,24,38,0,26,15,21,62,0,28,27,45,100,0,38,38,138
12/02/2000,PMD,CA,AWP,WE,Federal Contract Tower,0,0,8,17,25,0,0,26,8,34,0,0,34,25,59,0,40,40,99
12/03/2000,PMD,CA,AWP,WE,Federal Contract Tower,0,0,6,10,16,0,0,8,12,20,0,0,14,22,36,0,0,0,36
12/04/2000,PMD,CA,AWP,WE,Federal Contract Tower,0,0,6,12,18,0,0,30,2,32,0,0,36,14,50,0,30,30,80
12/05/2000,PMD,CA,AWP,WE,Federal Contract Tower,0,2,14,27,43,0,14,3,48,65,0,16,17,75,108,4,35,39,147
12/06/2000,PMD,CA,AWP,WE,Federal Contract Tower,0,2,10,19,31,0,6,24,34,64,0,8,34,53,95,2,36,38,133
12/07/2000,PMD,CA,AWP,WE,Federal Contract Tower,0,2,14,30,46,0,0,44,51,95,0,2,58,81,141,0,70,70,211
12/08/2000,PMD,CA,AWP,WE,Federal Contract Tower,0,3,16,34,53,0,1,21,46,68,0,4,37,80,121,4,40,44,165
12/09/2000,PMD,CA,AWP,WE,Federal Contract Tower,0,0,3,0,3,0,0,11,0,11,0,0,14,0,14,0,0,0,14
12/10/2000,PMD,CA,AWP,WE,Federal Contract Tower,0,0,4,8,12,0,0,22,8,30,0,0,26,16,42,0,14,14,56
12/11/2000,PMD,CA,AWP,WE,Federal Contract Tower,0,0,8,16,24,0,0,9,23,32,0,0,17,39,56,2,38,40,96
12/12/2000,PMD,CA,AWP,WE,Federal Contract Tower,0,0,12,24,36,0,0,21,21,42,0,0,33,45,78,0,50,50,128
12/13/2000,PMD,CA,AWP,WE,Federal Contract Tower,0,0,17,34,51,0,0,23,69,92,0,0,40,103,143,0,84,84,227
12/14/2000,PMD,CA,AWP,WE,Federal Contract Tower,0,0,19,38,57,0,0,35,45,80,0,0,54,83,137,0,91,91,228
12/15/2000,PMD,CA,AWP,WE,Federal Contract Tower,0,2,16,32,50,0,0,41,26,67,0,2,57,58,117,6,28,34,151
12/16/2000,PMD,CA,AWP,WE,Federal Contract Tower,0,0,4,5,9,0,0,9,7,16,0,0,13,12,25,4,10,14,39
12/17/2000,PMD,CA,AWP,WE,Federal Contract Tower,0,0,0,0,0,0,0,20,0,20,0,0,20,0,20,2,0,2,22
12/18/2000,PMD,CA,AWP,WE,Federal Contract Tower,0,1,11,23,35,0,5,10,15,30,0,6,21,38,65,32,42,74,139
12/19/2000,PMD,CA,AWP,WE,Federal Contract Tower,0,1,12,26,39,0,4,27,56,87,0,5,39,82,126,6,42,48,174
12/20/2000,PMD,CA,AWP,WE,Federal Contract Tower,0,0,15,32,47,0,0,21,38,59,0,0,36,70,106,6,82,88,194
12/21/2000,PMD,CA,AWP,WE,Federal Contract Tower,0,0,10,21,31,0,0,20,33,53,0,0,30,54,84,2,160,162,246
12/22/2000,PMD,CA,AWP,WE,Federal Contract Tower,0,0,9,19,28,0,0,28,33,61,0,0,37,52,89,2,10,12,101
12/23/2000,PMD,CA,AWP,WE,Federal Contract Tower,0,0,0,0,0,0,0,4,0,4,0,0,4,0,4,0,0,0,4
12/24/2000,PMD,CA,AWP,WE,Federal Contract Tower,0,0,2,0,2,0,0,12,0,12,0,0,14,0,14,0,0,0,14
12/25/2000,PMD,CA,AWP,WE,Federal Contract Tower,0,0,0,0,0,0,0,10,0,10,0,0,10,0,10,0,0,0,10
12/26/2000,PMD,CA,AWP,WE,Federal Contract Tower,0,0,0,0,0,0,0,4,0,4,0,0,4,0,4,0,0,0,4
12/27/2000,PMD,CA,AWP,WE,Federal Contract Tower,0,0,4,9,13,0,0,6,11,17,0,0,10,20,30,0,14,14,44
12/28/2000,PMD,CA,AWP,WE,Federal Contract Tower,0,0,4,8,12,0,0,7,30,37,0,0,11,38,49,0,67,67,116
12/29/2000,PMD,CA,AWP,WE,Federal Contract Tower,0,0,4,9,13,0,0,4,22,26,0,0,8,31,39,0,52,52,91
12/30/2000,PMD,CA,AWP,WE,Federal Contract Tower,0,0,2,0,2,0,0,14,0,14,0,0,16,0,16,0,0,0,16
12/31/2000,PMD,CA,AWP,WE,Federal Contract Tower,0,0,1,0,1,0,0,13,0,13,0,0,14,0,14,0,0,0,14
01/01/2001,PMD,CA,AWP,WE,Federal Contract Tower,0,0,0,0,0,0,0,6,0,6,0,0,6,0,6,0,0,0,6
01/02/2001,PMD,CA,AWP,WE,Federal Contract Tower,0,0,1,1,2,0,0,11,1,12,0,0,12,2,14,0,6,6,20
01/03/2001,PMD,CA,AWP,WE,Federal Contract Tower,0,0,9,15,24,0,2,15,24,41,0,2,24,39,65,2,36,38,103
01/04/2001,PMD,CA,AWP,WE,Federal Contract Tower,0,0,18,31,49,0,0,11,43,54,0,0,29,74,103,8,103,111,214
01/05/2001,PMD,CA,AWP,WE,Federal Contract Tower,0,0,14,25,39,0,0,29,43,72,0,0,43,68,111,0,52,52,163
01/06/2001,PMD,CA,AWP,WE,Federal Contract Tower,0,0,7,12,19,0,0,17,18,35,0,0,24,30,54,10,38,48,102
01/07/2001,PMD,CA,AWP,WE,Federal Contract Tower,0,0,10,17,27,0,0,4,29,33,0,0,14,46,60,0,28,28,88
01/08/2001,PMD,CA,AWP,WE,Federal Contract Tower,0,0,20,35,55,0,0,13,53,66,0,0,33,88,121,8,58,66,187
01/09/2001,PMD,CA,AWP,WE,Federal Contract Tower,0,0,15,26,41,0,0,21,22,43,0,0,36,48,84,40,54,94,178
01/10/2001,PMD,CA,AWP,WE,Federal Contract Tower,0,0,13,23,36,0,0,33,18,51,0,0,46,41,87,16,40,56,143
01/11/2001,PMD,CA,AWP,WE,Federal Contract Tower,0,0,8,13,21,0,0,17,23,40,0,0,25,36,61,0,21,21,82
01/12/2001,PMD,CA,AWP,WE,Federal Contract Tower,0,1,17,29,47,0,7,10,53,70,0,8,27,82,117,0,12,12,129
01/13/2001,PMD,CA,AWP,WE,Federal Contract Tower,0,0,1,0,1,0,0,9,0,9,0,0,10,0,10,0,0,0,10
01/14/2001,PMD,CA,AWP,WE,Federal Contract Tower,0,0,0,0,0,0,0,6,0,6,0,0,6,0,6,0,0,0,6
01/15/2001,PMD,CA,AWP,WE,Federal Contract Tower,0,0,1,0,1,1,0,19,0,20,1,0,20,0,21,0,0,0,21
01/16/2001,PMD,CA,AWP,WE,Federal Contract Tower,0,0,15,27,42,0,0,19,89,108,0,0,34,116,150,12,88,100,250
01/17/2001,PMD,CA,AWP,WE,Federal Contract Tower,0,0,12,22,34,0,0,20,60,80,0,0,32,82,114,20,160,180,294
01/18/2001,PMD,CA,AWP,WE,Federal Contract Tower,0,0,7,12,19,0,2,31,17,50,0,2,38,29,69,24,67,91,160
01/19/2001,PMD,CA,AWP,WE,Federal Contract Tower,0,0,8,15,23,0,0,23,28,51,0,0,31,43,74,15,60,75,149
01/20/2001,PMD,CA,AWP,WE,Federal Contract Tower,0,0,2,6,8,1,0,19,12,32,1,0,21,18,40,12,21,33,73
01/21/2001,PMD,CA,AWP,WE,Federal Contract Tower,0,0,2,4,6,0,0,8,2,10,0,0,10,6,16,0,14,14,30
01/22/2001,PMD,CA,AWP,WE,Federal Contract Tower,0,0,15,26,41,0,0,25,31,56,0,0,40,57,97,0,48,48,145
01/23/2001,PMD,CA,AWP,WE,Federal Contract Tower,0,0,18,32,50,0,6,24,34,64,0,6,42,66,114,3,114,117,231
01/24/2001,PMD,CA,AWP,WE,Federal Contract Tower,0,0,19,35,54,0,0,7,50,57,0,0,26,85,111,0,50,50,161
01/25/2001,PMD,CA,AWP,WE,Federal Contract Tower,0,0,13,23,36,0,0,35,44,79,0,0,48,67,115,8,43,51,166
01/26/2001,PMD,CA,AWP,WE,Federal Contract Tower,0,0,12,21,33,1,0,29,12,42,1,0,41,33,75,2,28,30,105
01/27/2001,PMD,CA,AWP,WE,Federal Contract Tower,0,0,1,0,1,0,0,15,0,15,0,0,16,0,16,0,0,0,16
01/28/2001,PMD,CA,AWP,WE,Federal Contract Tower,0,0,2,0,2,0,0,14,0,14,0,0,16,0,16,0,0,0,16
01/29/2001,PMD,CA,AWP,WE,Federal Contract Tower,0,0,12,22,34,0,4,11,35,50,0,4,23,57,84,0,32,32,116
01/30/2001,PMD,CA,AWP,WE,Federal Contract Tower,0,0,15,28,43,0,8,41,20,69,0,8,56,48,112,20,86,106,218
01/31/2001,PMD,CA,AWP,WE,Federal Contract Tower,0,0,8,16,24,0,2,25,27,54,0,2,33,43,78,0,48,48,126
02/01/2001,PMD,CA,AWP,WE,Federal Contract Tower,0,0,11,15,26,0,0,15,33,48,0,0,26,48,74,0,21,21,95
02/02/2001,PMD,CA,AWP,WE,Federal Contract Tower,0,0,13,18,31,0,2,22,9,33,0,2,35,27,64,6,73,79,143
02/03/2001,PMD,CA,AWP,WE,Federal Contract Tower,0,0,1,4,5,0,0,19,0,19,0,0,20,4,24,0,6,6,30
02/04/2001,PMD,CA,AWP,WE,Federal Contract Tower,0,0,2,2,4,0,0,10,0,10,0,0,12,2,14,0,0,0,14
02/05/2001,PMD,CA,AWP,WE,Federal Contract Tower,0,0,19,26,45,0,0,1,51,52,0,0,20,77,97,0,60,60,157
02/06/2001,PMD,CA,AWP,WE,Federal Contract Tower,0,0,10,12,22,0,0,8,28,36,0,0,18,40,58,0,36,36,94
02/07/2001,PMD,CA,AWP,WE,Federal Contract Tower,0,0,18,22,40,0,0,5,56,61,0,0,23,78,101,8,30,38,139
02/08/2001,PMD,CA,AWP,WE,Federal Contract Tower,0,0,22,27,49,0,0,35,46,81,0,0,57,73,130,6,76,82,212
02/09/2001,PMD,CA,AWP,WE,Federal Contract Tower,0,0,11,13,24,0,0,15,27,42,0,0,26,40,66,0,24,24,90
02/10/2001,PMD,CA,AWP,WE,Federal Contract Tower,0,0,0,1,1,0,0,0,1,1,0,0,0,2,2,0,8,8,10
02/11/2001,PMD,CA,AWP,WE,Federal Contract Tower,0,0,2,2,4,0,0,4,0,4,0,0,6,2,8,0,0,0,8
02/12/2001,PMD,CA,AWP,WE,Federal Contract Tower,0,0,12,8,20,0,0,25,0,25,0,0,37,8,45,0,0,0,45
02/13/2001,PMD,CA,AWP,WE,Federal Contract Tower,0,0,11,14,25,0,0,4,10,14,0,0,15,24,39,2,12,14,53
02/14/2001,PMD,CA,AWP,WE,Federal Contract Tower,0,0,18,23,41,0,0,7,47,54,0,0,25,70,95,0,78,78,173
02/15/2001,PMD,CA,AWP,WE,Federal Contract Tower,0,2,19,23,44,4,0,32,25,61,4,2,51,48,105,0,6,6,111
02/16/2001,PMD,CA,AWP,WE,Federal Contract Tower,0,0,12,14,26,0,0,9,30,39,0,0,21,44,65,0,23,23,88
02/17/2001,PMD,CA,AWP,WE,Federal Contract Tower,0,0,4,5,9,0,0,27,1,28,0,0,31,6,37,0,0,0,37
02/18/2001,PMD,CA,AWP,WE,Federal Contract Tower,0,0,4,1,5,0,0,12,0,12,0,0,16,1,17,0,0,0,17
02/19/2001,PMD,CA,AWP,WE,Federal Contract Tower,0,0,11,0,11,0,0,21,0,21,0,0,32,0,32,0,0,0,32
02/20/2001,PMD,CA,AWP,WE,Federal Contract Tower,0,1,24,30,55,0,5,21,47,73,0,6,45,77,128,6,84,90,218
02/21/2001,PMD,CA,AWP,WE,Federal Contract Tower,0,1,19,24,44,0,3,32,33,68,0,4,51,57,112,2,34,36,148
02/22/2001,PMD,CA,AWP,WE,Federal Contract Tower,0,1,21,27,49,4,7,43,44,98,4,8,64,71,147,17,80,97,244
02/23/2001,PMD,CA,AWP,WE,Federal Contract Tower,0,1,16,21,38,0,5,31,0,36,0,6,47,21,74,2,29,31,105
02/24/2001,PMD,CA,AWP,WE,Federal Contract Tower,0,0,2,2,4,0,0,5,0,5,0,0,7,2,9,2,0,2,11
02/25/2001,PMD,CA,AWP,WE,Federal Contract Tower,0,0,2,2,4,0,0,9,0,9,0,0,11,2,13,0,0,0,13
02/26/2001,PMD,CA,AWP,WE,Federal Contract Tower,0,0,16,21,37,0,0,13,1,14,0,0,29,22,51,0,56,56,107
02/27/2001,PMD,CA,AWP,WE,Federal Contract Tower,0,1,25,31,57,0,11,15,27,53,0,12,40,58,110,0,6,6,116
02/28/2001,PMD,CA,AWP,WE,Federal Contract Tower,0,1,19,24,44,0,7,18,36,61,0,8,37,60,105,0,68,68,173
03/01/2001,PMD,CA,AWP,WE,Federal Contract Tower,0,0,22,26,48,0,0,25,40,65,0,0,47,66,113,6,57,63,176
03/02/2001,PMD,CA,AWP,WE,Federal Contract Tower,0,0,1,4,5,0,0,29,28,57,0,0,30,32,62,21,6,27,89
03/03/2001,PMD,CA,AWP,WE,Federal Contract Tower,0,0,9,8,17,0,0,27,0,27,0,0,36,8,44,14,0,14,58
03/04/2001,PMD,CA,AWP,WE,Federal Contract Tower,1,0,2,5,8,3,0,1,7,11,4,0,3,12,19,0,6,6,25
03/05/2001,PMD,CA,AWP,WE,Federal Contract Tower,0,0,10,14,24,0,0,13,23,36,0,0,23,37,60,10,10,20,80
03/06/2001,PMD,CA,AWP,WE,Federal Contract Tower,1,0,23,29,53,0,0,0,2,2,1,0,23,31,55,5,18,23,78
03/07/2001,PMD,CA,AWP,WE,Federal Contract Tower,1,0,24,28,53,0,0,0,93,93,1,0,24,121,146,0,110,110,256
03/08/2001,PMD,CA,AWP,WE,Federal Contract Tower,0,2,21,24,47,0,0,43,62,105,0,2,64,86,152,4,71,75,227
03/09/2001,PMD,CA,AWP,WE,Federal Contract Tower,0,0,8,9,17,0,2,6,3,11,0,2,14,12,28,4,24,28,56
03/10/2001,PMD,CA,AWP,WE,Federal Contract Tower,0,0,0,0,0,0,0,3,0,3,0,0,3,0,3,0,0,0,3
03/11/2001,PMD,CA,AWP,WE,Federal Contract Tower,0,0,1,1,2,0,0,3,3,6,0,0,4,4,8,0,8,8,16
03/12/2001,PMD,CA,AWP,WE,Federal Contract Tower,0,1,21,23,45,0,1,48,2,51,0,2,69,25,96,0,40,40,136
03/13/2001,PMD,CA,AWP,WE,Federal Contract Tower,0,1,15,16,32,0,17,25,30,72,0,18,40,46,104,12,10,22,126
03/14/2001,PMD,CA,AWP,WE,Federal Contract Tower,0,3,29,33,65,0,9,31,47,87,0,12,60,80,152,0,44,44,196
03/15/2001,PMD,CA,AWP,WE,Federal Contract Tower,0,3,29,32,64,0,1,19,42,62,0,4,48,74,126,0,84,84,210
03/16/2001,PMD,CA,AWP,WE,Federal Contract Tower,0,1,9,9,19,0,1,14,27,42,0,2,23,36,61,0,44,44,105
03/17/2001,PMD,CA,AWP,WE,Federal Contract Tower,0,1,4,5,10,0,1,5,3,9,0,2,9,8,19,4,18,22,41
03/18/2001,PMD,CA,AWP,WE,Federal Contract Tower,0,0,5,5,10,6,0,4,6,16,6,0,9,11,26,0,24,24,50
03/19/2001,PMD,CA,AWP,WE,Federal Contract Tower,0,0,18,20,38,0,0,11,32,43,0,0,29,52,81,0,30,30,111
03/20/2001,PMD,CA,AWP,WE,Federal Contract Tower,0,2,14,15,31,0,0,26,21,47,0,2,40,36,78,0,50,50,128
03/21/2001,PMD,CA,AWP,WE,Federal Contract Tower,1,3,30,34,68,9,5,44,56,114,10,8,74,90,182,10,28,38,220
03/22/2001,PMD,CA,AWP,WE,Federal Contract Tower,0,3,22,24,49,0,3,10,37,50,0,6,32,61,99,0,54,54,153
03/23/2001,PMD,CA,AWP,WE,Federal Contract Tower,0,3,20,22,45,0,1,22,24,47,0,4,42,46,92,0,67,67,159
03/24/2001,PMD,CA,AWP,WE,Federal Contract Tower,0,1,4,0,5,0,9,5,0,14,0,10,9,0,19,0,0,0,19
03/25/2001,PMD,CA,AWP,WE,Federal Contract Tower,0,0,3,5,8,0,0,8,5,13,0,0,11,10,21,0,12,12,33
03/26/2001,PMD,CA,AWP,WE,Federal Contract Tower,0,1,11,14,26,1,9,11,17,38,1,10,22,31,64,2,12,14,78
03/27/2001,PMD,CA,AWP,WE,Federal Contract Tower,0,0,17,19,36,0,0,17,51,68,0,0,34,70,104,0,66,66,170
03/28/2001,PMD,CA,AWP,WE,Federal Contract Tower,0,0,17,20,37,1,0,25,33,59,1,0,42,53,96,26,30,56,152
03/29/2001,PMD,CA,AWP,WE,Federal Contract Tower,0,1,13,16,30,0,9,26,60,95,0,10,39,76,125,0,66,66,191
03/30/2001,PMD,CA,AWP,WE,Federal Contract Tower,0,0,15,17,32,0,0,18,34,52,0,0,33,51,84,0,41,41,125
03/31/2001,PMD,CA,AWP,WE,Federal Contract Tower,0,0,4,3,7,0,4,3,0,7,0,4,7,3,14,0,0,0,14
04/01/2001,PMD,CA,AWP,WE,Federal Contract Tower,0,0,3,0,3,0,0,3,0,3,0,0,6,0,6,0,0,0,6
04/02/2001,PMD,CA,AWP,WE,Federal Contract Tower,4,0,10,26,40,4,0,4,20,28,8,0,14,46,68,0,52,52,120
04/03/2001,PMD,CA,AWP,WE,Federal Contract Tower,2,5,17,13,37,0,3,21,17,41,2,8,38,30,78,0,30,30,108
04/04/2001,PMD,CA,AWP,WE,Federal Contract Tower,0,0,19,17,36,0,0,13,24,37,0,0,32,41,73,0,48,48,121
04/05/2001,PMD,CA,AWP,WE,Federal Contract Tower,0,1,15,36,52,0,1,42,44,87,0,2,57,80,139,0,65,65,204
04/06/2001,PMD,CA,AWP,WE,Federal Contract Tower,0,0,6,10,16,0,0,20,33,53,0,0,26,43,69,0,27,27,96
04/07/2001,PMD,CA,AWP,WE,Federal Contract Tower,0,0,1,11,12,0,0,1,13,14,0,0,2,24,26,0,6,6,32
04/08/2001,PMD,CA,AWP,WE,Federal Contract Tower,0,0,5,11,16,0,0,13,14,27,0,0,18,25,43,12,20,32,75
04/09/2001,PMD,CA,AWP,WE,Federal Contract Tower,0,0,19,23,42,0,0,11,35,46,0,0,30,58,88,0,10,10,98
04/10/2001,PMD,CA,AWP,WE,Federal Contract Tower,0,0,19,27,46,0,4,49,49,102,0,4,68,76,148,0,62,62,210
04/11/2001,PMD,CA,AWP,WE,Federal Contract Tower,0,0,20,26,46,0,0,18,25,43,0,0,38,51,89,0,28,28,117
04/12/2001,PMD,CA,AWP,WE,Federal Contract Tower,0,0,10,30,40,0,0,26,32,58,0,0,36,62,98,0,69,69,167
04/13/2001,PMD,CA,AWP,WE,Federal Contract Tower,0,2,5,12,19,0,2,18,35,55,0,4,23,47,74,0,39,39,113
04/14/2001,PMD,CA,AWP,WE,Federal Contract Tower,0,0,7,0,7,0,0,9,10,19,0,0,16,10,26,14,16,30,56
04/15/2001,PMD,CA,AWP,WE,Federal Contract Tower,0,0,6,0,6,0,0,6,0,6,0,0,12,0,12,0,0,0,12
04/16/2001,PMD,CA,AWP,WE,Federal Contract Tower,0,0,18,12,30,0,0,35,12,47,0,0,53,24,77,0,24,24,101
04/17/2001,PMD,CA,AWP,WE,Federal Contract Tower,0,0,15,25,40,0,0,33,56,89,0,0,48,81,129,0,78,78,207
04/18/2001,PMD,CA,AWP,WE,Federal Contract Tower,0,0,8,39,47,0,0,18,38,56,0,0,26,77,103,0,18,18,121
04/19/2001,PMD,CA,AWP,WE,Federal Contract Tower,0,2,4,25,31,0,2,9,36,47,0,4,13,61,78,0,52,52,130
04/20/2001,PMD,CA,AWP,WE,Federal Contract Tower,0,1,11,29,41,0,1,20,29,50,0,2,31,58,91,8,87,95,186
04/21/2001,PMD,CA,AWP,WE,Federal Contract Tower,0,0,13,2,15,0,0,13,2,15,0,0,26,4,30,0,10,10,40
04/22/2001,PMD,CA,AWP,WE,Federal Contract Tower,0,0,5,7,12,0,0,13,7,20,0,0,18,14,32,2,14,16,48
04/23/2001,PMD,CA,AWP,WE,Federal Contract Tower,0,0,16,9,25,0,0,19,23,42,0,0,35,32,67,4,14,18,85
04/24/2001,PMD,CA,AWP,WE,Federal Contract Tower,0,0,8,22,30,0,0,40,24,64,0,0,48,46,94,0,20,20,114
04/25/2001,PMD,CA,AWP,WE,Federal Contract Tower,0,0,14,29,43,0,0,29,26,55,0,0,43,55,98,18,82,100,198
04/26/2001,PMD,CA,AWP,WE,Federal Contract Tower,0,0,7,31,38,0,0,36,20,56,0,0,43,51,94,0,66,66,160
04/27/2001,PMD,CA,AWP,WE,Federal Contract Tower,2,0,11,13,26,2,0,19,28,49,4,0,30,41,75,0,40,40,115
04/28/2001,PMD,CA,AWP,WE,Federal Contract Tower,0,0,0,0,0,0,0,0,0,0,0,0,0,0,0,0,0,0,0
04/29/2001,PMD,CA,AWP,WE,Federal Contract Tower,0,0,5,1,6,0,0,5,1,6,0,0,10,2,12,0,2,2,14
04/30/2001,PMD,CA,AWP,WE,Federal Contract Tower,0,0,15,16,31,0,0,32,36,68,0,0,47,52,99,0,56,56,155
05/01/2001,PMD,CA,AWP,WE,Federal Contract Tower,0,3,8,12,23,0,3,7,10,20,0,6,15,22,43,0,50,50,93
05/02/2001,PMD,CA,AWP,WE,Federal Contract Tower,0,0,9,23,32,0,0,53,25,78,0,0,62,48,110,6,26,32,142
05/03/2001,PMD,CA,AWP,WE,Federal Contract Tower,0,0,2,14,16,0,0,15,29,44,0,0,17,43,60,0,19,19,79
05/04/2001,PMD,CA,AWP,WE,Federal Contract Tower,0,0,9,23,32,0,0,22,4,26,0,0,31,27,58,4,51,55,113
05/05/2001,PMD,CA,AWP,WE,Federal Contract Tower,0,0,4,8,12,0,0,15,6,21,0,0,19,14,33,2,24,26,59
05/06/2001,PMD,CA,AWP,WE,Federal Contract Tower,0,0,7,18,25,0,0,24,18,42,0,0,31,36,67,0,42,42,109
05/07/2001,PMD,CA,AWP,WE,Federal Contract Tower,0,0,10,20,30,0,0,23,16,39,0,0,33,36,69,6,46,52,121
05/08/2001,PMD,CA,AWP,WE,Federal Contract Tower,1,0,8,43,52,0,0,26,34,60,1,0,34,77,112,0,122,122,234
05/09/2001,PMD,CA,AWP,WE,Federal Contract Tower,1,0,5,25,31,1,0,24,32,57,2,0,29,57,88,0,36,36,124
05/10/2001,PMD,CA,AWP,WE,Federal Contract Tower,0,1,9,43,53,0,1,38,21,60,0,2,47,64,113,0,112,112,225
05/11/2001,PMD,CA,AWP,WE,Federal Contract Tower,0,0,18,20,38,0,0,23,16,39,0,0,41,36,77,12,58,70,147
05/12/2001,PMD,CA,AWP,WE,Federal Contract Tower,0,0,11,0,11,0,0,13,0,13,0,0,24,0,24,0,0,0,24
05/13/2001,PMD,CA,AWP,WE,Federal Contract Tower,0,0,4,1,5,0,0,4,1,5,0,0,8,2,10,0,0,0,10
05/14/2001,PMD,CA,AWP,WE,Federal Contract Tower,0,0,8,15,23,0,0,18,14,32,0,0,26,29,55,0,11,11,66
05/15/2001,PMD,CA,AWP,WE,Federal Contract Tower,0,0,14,17,31,0,0,12,47,59,0,0,26,64,90,0,58,58,148
05/16/2001,PMD,CA,AWP,WE,Federal Contract Tower,0,3,23,33,59,0,3,21,36,60,0,6,44,69,119,0,108,108,227
05/17/2001,PMD,CA,AWP,WE,Federal Contract Tower,0,0,22,24,46,0,0,29,54,83,0,0,51,78,129,7,83,90,219
05/18/2001,PMD,CA,AWP,WE,Federal Contract Tower,0,0,9,13,22,0,0,16,28,44,0,0,25,41,66,0,36,36,102
05/19/2001,PMD,CA,AWP,WE,Federal Contract Tower,0,0,4,7,11,0,0,17,11,28,0,0,21,18,39,0,20,20,59
05/20/2001,PMD,CA,AWP,WE,Federal Contract Tower,0,0,8,0,8,0,0,8,0,8,0,0,16,0,16,0,0,0,16
05/21/2001,PMD,CA,AWP,WE,Federal Contract Tower,0,1,14,15,30,0,1,15,7,23,0,2,29,22,53,2,4,6,59
05/22/2001,PMD,CA,AWP,WE,Federal Contract Tower,0,0,17,23,40,0,0,25,18,43,0,0,42,41,83,0,56,56,139
05/23/2001,PMD,CA,AWP,WE,Federal Contract Tower,0,0,18,11,29,0,0,36,25,61,0,0,54,36,90,0,24,24,114
05/24/2001,PMD,CA,AWP,WE,Federal Contract Tower,0,0,19,28,47,0,0,32,45,77,0,0,51,73,124,6,68,74,198
05/25/2001,PMD,CA,AWP,WE,Federal Contract Tower,1,0,14,11,26,0,0,17,0,17,1,0,31,11,43,0,15,15,58
05/26/2001,PMD,CA,AWP,WE,Federal Contract Tower,0,0,3,0,3,0,0,16,6,22,0,0,19,6,25,4,0,4,29
05/27/2001,PMD,CA,AWP,WE,Federal Contract Tower,5,0,0,0,5,5,0,0,0,5,10,0,0,0,10,16,0,16,26
05/28/2001,PMD,CA,AWP,WE,Federal Contract Tower,0,0,0,0,0,0,0,0,0,0,0,0,0,0,0,0,0,0,0
05/29/2001,PMD,CA,AWP,WE,Federal Contract Tower,0,0,5,18,23,0,0,9,15,24,0,0,14,33,47,4,2,6,53
05/30/2001,PMD,CA,AWP,WE,Federal Contract Tower,0,0,8,17,25,0,0,21,13,34,0,0,29,30,59,0,30,30,89
05/31/2001,PMD,CA,AWP,WE,Federal Contract Tower,0,0,6,42,48,0,0,25,44,69,0,0,31,86,117,0,106,106,223
06/01/2001,PMD,CA,AWP,WE,Federal Contract Tower,0,0,11,22,33,0,0,10,34,44,0,0,21,56,77,0,47,47,124
06/02/2001,PMD,CA,AWP,WE,Federal Contract Tower,2,0,3,6,11,0,0,7,0,7,2,0,10,6,18,0,0,0,18
06/03/2001,PMD,CA,AWP,WE,Federal Contract Tower,0,0,5,12,17,0,0,13,24,37,0,0,18,36,54,0,8,8,62
06/04/2001,PMD,CA,AWP,WE,Federal Contract Tower,0,0,15,31,46,0,0,31,27,58,0,0,46,58,104,10,22,32,136
06/05/2001,PMD,CA,AWP,WE,Federal Contract Tower,0,0,15,21,36,0,0,25,25,50,0,0,40,46,86,0,32,32,118
06/06/2001,PMD,CA,AWP,WE,Federal Contract Tower,0,0,9,22,31,0,4,21,27,52,0,4,30,49,83,0,26,26,109
06/07/2001,PMD,CA,AWP,WE,Federal Contract Tower,0,3,20,54,77,0,3,34,54,91,0,6,54,108,168,5,115,120,288
06/08/2001,PMD,CA,AWP,WE,Federal Contract Tower,1,0,11,24,36,0,0,26,34,60,1,0,37,58,96,0,46,46,142
06/09/2001,PMD,CA,AWP,WE,Federal Contract Tower,0,0,4,1,5,0,0,9,10,19,0,0,13,11,24,0,8,8,32
06/10/2001,PMD,CA,AWP,WE,Federal Contract Tower,0,0,2,1,3,0,0,8,1,9,0,0,10,2,12,0,0,0,12
06/11/2001,PMD,CA,AWP,WE,Federal Contract Tower,2,0,20,26,48,0,2,22,16,40,2,2,42,42,88,0,36,36,124
06/12/2001,PMD,CA,AWP,WE,Federal Contract Tower,0,0,13,23,36,0,0,6,39,45,0,0,19,62,81,0,32,32,113
06/13/2001,PMD,CA,AWP,WE,Federal Contract Tower,0,0,19,39,58,0,0,17,34,51,0,0,36,73,109,0,66,66,175
06/14/2001,PMD,CA,AWP,WE,Federal Contract Tower,0,0,19,30,49,0,0,27,29,56,0,0,46,59,105,0,74,74,179
06/15/2001,PMD,CA,AWP,WE,Federal Contract Tower,0,0,14,16,30,0,0,15,28,43,0,0,29,44,73,0,16,16,89
06/16/2001,PMD,CA,AWP,WE,Federal Contract Tower,0,0,2,0,2,0,0,0,0,0,0,0,2,0,2,0,0,0,2
06/17/2001,PMD,CA,AWP,WE,Federal Contract Tower,0,0,6,1,7,0,0,6,0,6,0,0,12,1,13,0,0,0,13
06/18/2001,PMD,CA,AWP,WE,Federal Contract Tower,0,0,9,28,37,0,0,16,26,42,0,0,25,54,79,6,53,59,138
06/19/2001,PMD,CA,AWP,WE,Federal Contract Tower,0,0,15,38,53,0,0,28,30,58,0,0,43,68,111,12,42,54,165
06/20/2001,PMD,CA,AWP,WE,Federal Contract Tower,1,1,11,14,27,0,1,21,54,76,1,2,32,68,103,0,56,56,159
06/21/2001,PMD,CA,AWP,WE,Federal Contract Tower,1,0,9,29,39,0,0,38,52,90,1,0,47,81,129,6,75,81,210
06/22/2001,PMD,CA,AWP,WE,Federal Contract Tower,0,0,1,24,25,0,0,13,38,51,0,0,14,62,76,0,37,37,113
06/23/2001,PMD,CA,AWP,WE,Federal Contract Tower,0,0,6,7,13,0,0,8,1,9,0,0,14,8,22,0,2,2,24
06/24/2001,PMD,CA,AWP,WE,Federal Contract Tower,0,0,3,8,11,0,0,4,3,7,0,0,7,11,18,0,6,6,24
06/25/2001,PMD,CA,AWP,WE,Federal Contract Tower,0,0,2,17,19,0,0,9,13,22,0,0,11,30,41,0,10,10,51
06/26/2001,PMD,CA,AWP,WE,Federal Contract Tower,0,0,6,30,36,0,0,24,48,72,0,0,30,78,108,4,46,50,158
06/27/2001,PMD,CA,AWP,WE,Federal Contract Tower,0,1,1,50,52,0,1,18,51,70,0,2,19,101,122,0,84,84,206
06/28/2001,PMD,CA,AWP,WE,Federal Contract Tower,0,0,1,39,40,1,0,45,55,101,1,0,46,94,141,3,39,42,183
06/29/2001,PMD,CA,AWP,WE,Federal Contract Tower,0,0,8,10,18,0,0,28,31,59,0,0,36,41,77,32,53,85,162
06/30/2001,PMD,CA,AWP,WE,Federal Contract Tower,0,0,3,0,3,0,0,7,4,11,0,0,10,4,14,4,0,4,18
07/01/2001,PMD,CA,AWP,WE,Federal Contract Tower,0,0,2,0,2,0,0,4,0,4,0,0,6,0,6,0,0,0,6
07/02/2001,PMD,CA,AWP,WE,Federal Contract Tower,0,0,8,16,24,0,0,20,14,34,0,0,28,30,58,14,38,52,110
07/03/2001,PMD,CA,AWP,WE,Federal Contract Tower,0,0,4,11,15,0,0,11,8,19,0,0,15,19,34,2,36,38,72
07/04/2001,PMD,CA,AWP,WE,Federal Contract Tower,0,0,2,0,2,0,0,6,0,6,0,0,8,0,8,0,0,0,8
07/05/2001,PMD,CA,AWP,WE,Federal Contract Tower,5,0,16,17,38,7,0,17,10,34,12,0,33,27,72,14,41,55,127
07/06/2001,PMD,CA,AWP,WE,Federal Contract Tower,0,0,1,21,22,0,0,5,31,36,0,0,6,52,58,0,10,10,68
07/07/2001,PMD,CA,AWP,WE,Federal Contract Tower,0,0,6,1,7,0,0,8,0,8,0,0,14,1,15,0,0,0,15
07/08/2001,PMD,CA,AWP,WE,Federal Contract Tower,6,0,4,4,14,0,0,5,0,5,6,0,9,4,19,0,2,2,21
07/09/2001,PMD,CA,AWP,WE,Federal Contract Tower,0,0,3,30,33,0,0,16,28,44,0,0,19,58,77,0,48,48,125
07/10/2001,PMD,CA,AWP,WE,Federal Contract Tower,3,0,12,27,42,3,0,26,41,70,6,0,38,68,112,2,10,12,124
07/11/2001,PMD,CA,AWP,WE,Federal Contract Tower,0,0,7,19,26,0,0,13,26,39,0,0,20,45,65,2,68,70,135
07/12/2001,PMD,CA,AWP,WE,Federal Contract Tower,0,0,9,49,58,0,0,44,42,86,0,0,53,91,144,0,105,105,249
07/13/2001,PMD,CA,AWP,WE,Federal Contract Tower,1,0,12,35,48,10,1,13,38,62,11,1,25,73,110,8,56,64,174
07/14/2001,PMD,CA,AWP,WE,Federal Contract Tower,2,0,4,1,7,0,0,0,15,15,2,0,4,16,22,0,16,16,38
07/15/2001,PMD,CA,AWP,WE,Federal Contract Tower,2,0,5,4,11,0,0,9,8,17,2,0,14,12,28,0,24,24,52
07/16/2001,PMD,CA,AWP,WE,Federal Contract Tower,0,0,8,27,35,0,0,6,39,45,0,0,14,66,80,0,28,28,108
07/17/2001,PMD,CA,AWP,WE,Federal Contract Tower,0,0,6,13,19,0,0,7,18,25,0,0,13,31,44,2,32,34,78
07/18/2001,PMD,CA,AWP,WE,Federal Contract Tower,0,0,3,35,38,0,0,11,38,49,0,0,14,73,87,0,116,116,203
07/19/2001,PMD,CA,AWP,WE,Federal Contract Tower,1,0,6,27,34,0,0,15,77,92,1,0,21,104,126,2,175,177,303
07/20/2001,PMD,CA,AWP,WE,Federal Contract Tower,0,0,12,29,41,0,0,31,50,81,0,0,43,79,122,6,81,87,209
07/21/2001,PMD,CA,AWP,WE,Federal Contract Tower,0,0,5,1,6,0,0,1,1,2,0,0,6,2,8,2,0,2,10
07/22/2001,PMD,CA,AWP,WE,Federal Contract Tower,0,0,1,4,5,0,0,1,2,3,0,0,2,6,8,0,20,20,28
07/23/2001,PMD,CA,AWP,WE,Federal Contract Tower,0,0,13,29,42,0,0,19,40,59,0,0,32,69,101,0,88,88,189
07/24/2001,PMD,CA,AWP,WE,Federal Contract Tower,0,1,10,38,49,0,1,16,41,58,0,2,26,79,107,0,104,104,211
07/25/2001,PMD,CA,AWP,WE,Federal Contract Tower,1,0,8,29,38,0,0,10,26,36,1,0,18,55,74,0,74,74,148
07/26/2001,PMD,CA,AWP,WE,Federal Contract Tower,1,2,14,37,54,0,0,42,124,166,1,2,56,161,220,16,152,168,388
07/27/2001,PMD,CA,AWP,WE,Federal Contract Tower,0,1,5,34,40,0,1,26,41,68,0,2,31,75,108,7,46,53,161
07/28/2001,PMD,CA,AWP,WE,Federal Contract Tower,0,0,1,4,5,0,0,5,6,11,0,0,6,10,16,0,12,12,28
07/29/2001,PMD,CA,AWP,WE,Federal Contract Tower,0,0,5,1,6,0,0,5,0,5,0,0,10,1,11,0,1,1,12
07/30/2001,PMD,CA,AWP,WE,Federal Contract Tower,0,0,6,15,21,0,0,18,27,45,0,0,24,42,66,0,52,52,118
07/31/2001,PMD,CA,AWP,WE,Federal Contract Tower,2,0,6,14,22,0,0,12,27,39,2,0,18,41,61,20,40,60,121
08/01/2001,PMD,CA,AWP,WE,Federal Contract Tower,0,0,10,21,31,0,4,0,23,27,0,4,10,44,58,12,72,84,142
08/02/2001,PMD,CA,AWP,WE,Federal Contract Tower,0,0,16,22,38,0,0,21,31,52,0,0,37,53,90,19,67,86,176
08/03/2001,PMD,CA,AWP,WE,Federal Contract Tower,0,0,2,22,24,0,0,9,25,34,0,0,11,47,58,0,87,87,145
08/04/2001,PMD,CA,AWP,WE,Federal Contract Tower,0,0,8,1,9,0,0,14,1,15,0,0,22,2,24,4,6,10,34
08/05/2001,PMD,CA,AWP,WE,Federal Contract Tower,0,0,0,2,2,0,0,14,2,16,0,0,14,4,18,6,4,10,28
08/06/2001,PMD,CA,AWP,WE,Federal Contract Tower,2,0,9,17,28,0,0,23,21,44,2,0,32,38,72,2,64,66,138
08/07/2001,PMD,CA,AWP,WE,Federal Contract Tower,0,0,9,15,24,0,0,8,35,43,0,0,17,50,67,0,54,54,121
08/08/2001,PMD,CA,AWP,WE,Federal Contract Tower,3,0,18,24,45,3,0,25,25,53,6,0,43,49,98,0,60,60,158
08/09/2001,PMD,CA,AWP,WE,Federal Contract Tower,0,1,15,29,45,0,1,40,52,93,0,2,55,81,138,12,97,109,247
08/10/2001,PMD,CA,AWP,WE,Federal Contract Tower,0,2,16,13,31,0,2,27,38,67,0,4,43,51,98,16,49,65,163
08/11/2001,PMD,CA,AWP,WE,Federal Contract Tower,0,2,3,0,5,0,2,5,0,7,0,4,8,0,12,0,0,0,12
08/12/2001,PMD,CA,AWP,WE,Federal Contract Tower,0,0,0,0,0,0,0,2,0,2,0,0,2,0,2,0,0,0,2
08/13/2001,PMD,CA,AWP,WE,Federal Contract Tower,1,0,0,9,10,0,0,10,15,25,1,0,10,24,35,4,14,18,53
08/14/2001,PMD,CA,AWP,WE,Federal Contract Tower,6,1,12,22,41,6,5,30,18,59,12,6,42,40,100,4,36,40,140
08/15/2001,PMD,CA,AWP,WE,Federal Contract Tower,1,2,14,32,49,0,2,36,24,62,1,4,50,56,111,2,48,50,161
08/16/2001,PMD,CA,AWP,WE,Federal Contract Tower,0,0,1,15,16,1,0,11,33,45,1,0,12,48,61,6,57,63,124
08/17/2001,PMD,CA,AWP,WE,Federal Contract Tower,0,0,11,14,25,0,0,24,27,51,0,0,35,41,76,0,31,31,107
08/18/2001,PMD,CA,AWP,WE,Federal Contract Tower,0,0,8,14,22,0,0,8,32,40,0,0,16,46,62,18,64,82,144
08/19/2001,PMD,CA,AWP,WE,Federal Contract Tower,1,0,1,7,9,0,0,1,7,8,1,0,2,14,17,0,12,12,29
08/20/2001,PMD,CA,AWP,WE,Federal Contract Tower,3,0,14,21,38,3,0,18,25,46,6,0,32,46,84,4,14,18,102
08/21/2001,PMD,CA,AWP,WE,Federal Contract Tower,1,1,7,17,26,1,3,17,20,41,2,4,24,37,67,0,22,22,89
08/22/2001,PMD,CA,AWP,WE,Federal Contract Tower,3,1,25,20,49,3,1,39,30,73,6,2,64,50,122,12,14,26,148
08/23/2001,PMD,CA,AWP,WE,Federal Contract Tower,2,1,4,9,16,2,1,9,5,17,4,2,13,14,33,2,0,2,35
08/24/2001,PMD,CA,AWP,WE,Federal Contract Tower,2,0,14,27,43,0,0,37,49,86,2,0,51,76,129,0,48,48,177
08/25/2001,PMD,CA,AWP,WE,Federal Contract Tower,0,0,0,1,1,0,0,0,0,0,0,0,0,1,1,0,0,0,1
08/26/2001,PMD,CA,AWP,WE,Federal Contract Tower,2,0,2,3,7,2,0,2,1,5,4,0,4,4,12,0,0,0,12
08/27/2001,PMD,CA,AWP,WE,Federal Contract Tower,1,0,25,28,54,0,0,29,33,62,1,0,54,61,116,40,68,108,224
08/28/2001,PMD,CA,AWP,WE,Federal Contract Tower,0,0,17,35,52,0,0,25,42,67,0,0,42,77,119,18,66,84,203
08/29/2001,PMD,CA,AWP,WE,Federal Contract Tower,1,0,14,21,36,0,0,8,39,47,1,0,22,60,83,2,14,16,99
08/30/2001,PMD,CA,AWP,WE,Federal Contract Tower,1,3,21,32,57,0,4,15,17,36,1,7,36,49,93,0,73,73,166
08/31/2001,PMD,CA,AWP,WE,Federal Contract Tower,0,0,22,15,37,0,0,7,23,30,0,0,29,38,67,10,47,57,124
09/01/2001,PMD,CA,AWP,WE,Federal Contract Tower,0,0,4,0,4,0,0,10,0,10,0,0,14,0,14,0,0,0,14
09/02/2001,PMD,CA,AWP,WE,Federal Contract Tower,1,0,2,4,7,0,0,14,0,14,1,0,16,4,21,0,8,8,29
09/03/2001,PMD,CA,AWP,WE,Federal Contract Tower,0,0,1,0,1,0,0,1,0,1,0,0,2,0,2,0,0,0,2
09/04/2001,PMD,CA,AWP,WE,Federal Contract Tower,2,1,19,23,45,0,1,42,24,67,2,2,61,47,112,0,98,98,210
09/05/2001,PMD,CA,AWP,WE,Federal Contract Tower,0,1,18,35,54,0,1,20,39,60,0,2,38,74,114,0,100,100,214
09/06/2001,PMD,CA,AWP,WE,Federal Contract Tower,4,4,18,54,80,0,4,28,51,83,4,8,46,105,163,12,113,125,288
09/07/2001,PMD,CA,AWP,WE,Federal Contract Tower,2,0,13,49,64,0,0,12,32,44,2,0,25,81,108,0,55,55,163
09/08/2001,PMD,CA,AWP,WE,Federal Contract Tower,0,0,4,5,9,0,0,6,8,14,0,0,10,13,23,0,36,36,59
09/09/2001,PMD,CA,AWP,WE,Federal Contract Tower,0,0,6,4,10,0,0,4,6,10,0,0,10,10,20,0,18,18,38
09/10/2001,PMD,CA,AWP,WE,Federal Contract Tower,15,0,15,5,35,13,0,16,7,36,28,0,31,12,71,0,8,8,79
09/11/2001,PMD,CA,AWP,WE,Federal Contract Tower,0,0,0,0,0,0,0,3,0,3,0,0,3,0,3,0,0,0,3
09/12/2001,PMD,CA,AWP,WE,Federal Contract Tower,0,0,0,2,2,0,0,0,0,0,0,0,0,2,2,0,0,0,2
09/13/2001,PMD,CA,AWP,WE,Federal Contract Tower,0,0,0,19,19,0,0,0,19,19,0,0,0,38,38,0,24,24,62
09/14/2001,PMD,CA,AWP,WE,Federal Contract Tower,0,0,0,29,29,0,0,2,28,30,0,0,2,57,59,0,66,66,125
09/15/2001,PMD,CA,AWP,WE,Federal Contract Tower,0,0,1,0,1,0,0,1,0,1,0,0,2,0,2,0,1,1,3
09/16/2001,PMD,CA,AWP,WE,Federal Contract Tower,1,0,2,0,3,0,0,2,0,2,1,0,4,0,5,0,0,0,5
09/17/2001,PMD,CA,AWP,WE,Federal Contract Tower,2,0,20,50,72,0,0,8,40,48,2,0,28,90,120,2,58,60,180
09/18/2001,PMD,CA,AWP,WE,Federal Contract Tower,0,0,14,38,52,0,0,0,38,38,0,0,14,76,90,0,36,36,126
09/19/2001,PMD,CA,AWP,WE,Federal Contract Tower,1,0,20,47,68,0,0,0,33,33,1,0,20,80,101,10,92,102,203
09/20/2001,PMD,CA,AWP,WE,Federal Contract Tower,0,0,15,38,53,0,0,13,39,52,0,0,28,77,105,7,113,120,225
09/21/2001,PMD,CA,AWP,WE,Federal Contract Tower,1,0,11,38,50,0,0,12,27,39,1,0,23,65,89,8,85,93,182
09/22/2001,PMD,CA,AWP,WE,Federal Contract Tower,0,0,8,10,18,0,0,17,13,30,0,0,25,23,48,0,27,27,75
09/23/2001,PMD,CA,AWP,WE,Federal Contract Tower,1,0,8,9,18,0,0,9,19,28,1,0,17,28,46,0,35,35,81
09/24/2001,PMD,CA,AWP,WE,Federal Contract Tower,0,0,8,22,30,0,0,16,38,54,0,0,24,60,84,0,53,53,137
09/25/2001,PMD,CA,AWP,WE,Federal Contract Tower,1,1,14,48,64,0,1,22,52,75,1,2,36,100,139,4,104,108,247
09/26/2001,PMD,CA,AWP,WE,Federal Contract Tower,2,0,17,35,54,0,0,13,28,41,2,0,30,63,95,22,150,172,267
09/27/2001,PMD,CA,AWP,WE,Federal Contract Tower,0,0,8,26,34,0,0,39,37,76,0,0,47,63,110,0,32,32,142
09/28/2001,PMD,CA,AWP,WE,Federal Contract Tower,1,0,12,8,21,0,0,11,11,22,1,0,23,19,43,0,15,15,58
09/29/2001,PMD,CA,AWP,WE,Federal Contract Tower,0,0,9,5,14,0,0,9,5,14,0,0,18,10,28,0,16,16,44
09/30/2001,PMD,CA,AWP,WE,Federal Contract Tower,0,0,2,0,2,6,0,6,0,12,6,0,8,0,14,0,0,0,14
10/01/2001,PMD,CA,AWP,WE,Federal Contract Tower,3,0,6,22,31,2,0,7,18,27,5,0,13,40,58,14,37,51,109
10/02/2001,PMD,CA,AWP,WE,Federal Contract Tower,0,6,11,38,55,0,12,5,34,51,0,18,16,72,106,0,102,102,208
10/03/2001,PMD,CA,AWP,WE,Federal Contract Tower,6,0,13,28,47,4,0,17,36,57,10,0,30,64,104,0,60,60,164
10/04/2001,PMD,CA,AWP,WE,Federal Contract Tower,3,0,17,65,85,0,0,18,71,89,3,0,35,136,174,2,54,56,230
10/05/2001,PMD,CA,AWP,WE,Federal Contract Tower,0,2,5,23,30,0,0,7,20,27,0,2,12,43,57,0,56,56,113
10/06/2001,PMD,CA,AWP,WE,Federal Contract Tower,0,0,0,1,1,0,0,0,3,3,0,0,0,4,4,0,18,18,22
10/07/2001,PMD,CA,AWP,WE,Federal Contract Tower,2,0,5,0,7,0,0,13,0,13,2,0,18,0,20,0,0,0,20
10/08/2001,PMD,CA,AWP,WE,Federal Contract Tower,1,0,13,2,16,0,0,18,1,19,1,0,31,3,35,4,0,4,39
10/09/2001,PMD,CA,AWP,WE,Federal Contract Tower,2,1,22,47,72,1,1,22,69,93,3,2,44,116,165,6,114,120,285
10/10/2001,PMD,CA,AWP,WE,Federal Contract Tower,0,0,20,51,71,0,0,17,60,77,0,0,37,111,148,2,128,130,278
10/11/2001,PMD,CA,AWP,WE,Federal Contract Tower,1,0,20,43,64,0,0,36,80,116,1,0,56,123,180,22,84,106,286
10/12/2001,PMD,CA,AWP,WE,Federal Contract Tower,1,0,13,20,34,0,0,15,24,39,1,0,28,44,73,21,37,58,131
10/13/2001,PMD,CA,AWP,WE,Federal Contract Tower,0,0,6,5,11,0,0,4,9,13,0,0,10,14,24,0,0,0,24
10/14/2001,PMD,CA,AWP,WE,Federal Contract Tower,1,0,5,8,14,0,1,5,3,9,1,1,10,11,23,0,20,20,43
10/15/2001,PMD,CA,AWP,WE,Federal Contract Tower,0,0,10,18,28,0,0,10,34,44,0,0,20,52,72,0,78,78,150
10/16/2001,PMD,CA,AWP,WE,Federal Contract Tower,4,3,15,42,64,3,3,13,35,54,7,6,28,77,118,0,86,86,204
10/17/2001,PMD,CA,AWP,WE,Federal Contract Tower,2,2,8,33,45,0,2,12,39,53,2,4,20,72,98,4,56,60,158
10/18/2001,PMD,CA,AWP,WE,Federal Contract Tower,2,2,18,35,57,0,0,13,50,63,2,2,31,85,120,0,78,78,198
10/19/2001,PMD,CA,AWP,WE,Federal Contract Tower,0,0,6,27,33,0,0,7,44,51,0,0,13,71,84,0,68,68,152
10/20/2001,PMD,CA,AWP,WE,Federal Contract Tower,1,0,5,6,12,0,0,5,5,10,1,0,10,11,22,6,8,14,36
10/21/2001,PMD,CA,AWP,WE,Federal Contract Tower,0,0,3,2,5,4,0,8,0,12,4,0,11,2,17,0,0,0,17
10/22/2001,PMD,CA,AWP,WE,Federal Contract Tower,0,0,15,23,38,0,0,20,27,47,0,0,35,50,85,0,66,66,151
10/23/2001,PMD,CA,AWP,WE,Federal Contract Tower,0,2,9,30,41,0,2,11,32,45,0,4,20,62,86,8,82,90,176
10/24/2001,PMD,CA,AWP,WE,Federal Contract Tower,1,2,10,27,40,0,2,15,35,52,1,4,25,62,92,0,64,64,156
10/25/2001,PMD,CA,AWP,WE,Federal Contract Tower,2,0,14,39,55,0,0,27,48,75,2,0,41,87,130,6,93,99,229
10/26/2001,PMD,CA,AWP,WE,Federal Contract Tower,0,0,16,1,17,0,0,17,11,28,0,0,33,12,45,6,15,21,66
10/27/2001,PMD,CA,AWP,WE,Federal Contract Tower,1,0,6,0,7,0,0,10,0,10,1,0,16,0,17,0,0,0,17
10/28/2001,PMD,CA,AWP,WE,Federal Contract Tower,0,0,1,0,1,2,0,5,0,7,2,0,6,0,8,0,0,0,8
10/29/2001,PMD,CA,AWP,WE,Federal Contract Tower,4,0,13,29,46,3,0,24,28,55,7,0,37,57,101,16,26,42,143
10/30/2001,PMD,CA,AWP,WE,Federal Contract Tower,0,3,16,45,64,0,3,18,47,68,0,6,34,92,132,0,38,38,170
10/31/2001,PMD,CA,AWP,WE,Federal Contract Tower,5,0,18,22,45,2,0,22,8,32,7,0,40,30,77,14,58,72,149
11/01/2001,PMD,CA,AWP,WE,Federal Contract Tower,1,3,11,38,53,0,3,9,32,44,1,6,20,70,97,2,50,52,149
11/02/2001,PMD,CA,AWP,WE,Federal Contract Tower,0,0,13,36,49,0,0,23,57,80,0,0,36,93,129,0,88,88,217
11/03/2001,PMD,CA,AWP,WE,Federal Contract Tower,0,0,2,1,3,0,0,22,7,29,0,0,24,8,32,0,0,0,32
11/04/2001,PMD,CA,AWP,WE,Federal Contract Tower,0,0,4,7,11,2,0,2,9,13,2,0,6,16,24,0,29,29,53
11/05/2001,PMD,CA,AWP,WE,Federal Contract Tower,0,1,5,20,26,0,1,13,12,26,0,2,18,32,52,6,28,34,86
11/06/2001,PMD,CA,AWP,WE,Federal Contract Tower,0,0,10,39,49,0,0,12,35,47,0,0,22,74,96,8,72,80,176
11/07/2001,PMD,CA,AWP,WE,Federal Contract Tower,8,0,20,40,68,8,0,20,34,62,16,0,40,74,130,6,66,72,202
11/08/2001,PMD,CA,AWP,WE,Federal Contract Tower,0,0,19,20,39,0,0,19,53,72,0,0,38,73,111,6,95,101,212
11/09/2001,PMD,CA,AWP,WE,Federal Contract Tower,2,1,11,21,35,2,1,14,14,31,4,2,25,35,66,2,31,33,99
11/10/2001,PMD,CA,AWP,WE,Federal Contract Tower,0,0,8,1,9,0,0,4,1,5,0,0,12,2,14,0,0,0,14
11/11/2001,PMD,CA,AWP,WE,Federal Contract Tower,1,0,2,0,3,0,0,0,0,0,1,0,2,0,3,2,0,2,5
11/12/2001,PMD,CA,AWP,WE,Federal Contract Tower,0,0,10,0,10,0,0,12,0,12,0,0,22,0,22,0,0,0,22
11/13/2001,PMD,CA,AWP,WE,Federal Contract Tower,2,1,22,12,37,0,1,16,14,31,2,2,38,26,68,0,12,12,80
11/14/2001,PMD,CA,AWP,WE,Federal Contract Tower,0,7,15,32,54,0,7,16,24,47,0,14,31,56,101,4,90,94,195
11/15/2001,PMD,CA,AWP,WE,Federal Contract Tower,0,3,12,33,48,0,1,42,71,114,0,4,54,104,162,14,116,130,292
11/16/2001,PMD,CA,AWP,WE,Federal Contract Tower,1,3,10,9,23,0,3,12,7,22,1,6,22,16,45,6,22,28,73
11/17/2001,PMD,CA,AWP,WE,Federal Contract Tower,0,0,5,6,11,0,0,7,8,15,0,0,12,14,26,0,14,14,40
11/18/2001,PMD,CA,AWP,WE,Federal Contract Tower,2,0,4,5,11,0,0,8,2,10,2,0,12,7,21,0,17,17,38
11/19/2001,PMD,CA,AWP,WE,Federal Contract Tower,3,0,6,21,30,1,0,14,24,39,4,0,20,45,69,0,26,26,95
11/20/2001,PMD,CA,AWP,WE,Federal Contract Tower,4,1,21,31,57,0,1,23,25,49,4,2,44,56,106,0,68,68,174
11/21/2001,PMD,CA,AWP,WE,Federal Contract Tower,6,1,3,11,21,4,1,8,11,24,10,2,11,22,45,0,8,8,53
11/22/2001,PMD,CA,AWP,WE,Federal Contract Tower,0,1,0,0,1,0,0,0,0,0,0,1,0,0,1,0,0,0,1
11/23/2001,PMD,CA,AWP,WE,Federal Contract Tower,0,1,3,0,4,0,1,3,0,4,0,2,6,0,8,0,0,0,8
11/24/2001,PMD,CA,AWP,WE,Federal Contract Tower,0,0,3,2,5,0,0,3,4,7,0,0,6,6,12,0,4,4,16
11/25/2001,PMD,CA,AWP,WE,Federal Contract Tower,0,0,3,0,3,0,0,9,6,15,0,0,12,6,18,0,4,4,22
11/26/2001,PMD,CA,AWP,WE,Federal Contract Tower,0,0,4,13,17,0,0,10,7,17,0,0,14,20,34,0,14,14,48
11/27/2001,PMD,CA,AWP,WE,Federal Contract Tower,0,0,14,24,38,0,0,22,5,27,0,0,36,29,65,9,80,89,154
11/28/2001,PMD,CA,AWP,WE,Federal Contract Tower,2,1,8,19,30,0,1,6,8,15,2,2,14,27,45,44,33,77,122
11/29/2001,PMD,CA,AWP,WE,Federal Contract Tower,0,0,5,29,34,0,0,4,27,31,0,0,9,56,65,0,75,75,140
11/30/2001,PMD,CA,AWP,WE,Federal Contract Tower,0,0,9,26,35,0,2,29,39,70,0,2,38,65,105,23,126,149,254
12/01/2001,PMD,CA,AWP,WE,Federal Contract Tower,1,0,10,1,12,0,0,14,22,36,1,0,24,23,48,0,22,22,70
12/02/2001,PMD,CA,AWP,WE,Federal Contract Tower,1,0,4,0,5,0,0,4,0,4,1,0,8,0,9,0,0,0,9
12/03/2001,PMD,CA,AWP,WE,Federal Contract Tower,1,0,4,18,23,0,0,0,12,12,1,0,4,30,35,0,60,60,95
12/04/2001,PMD,CA,AWP,WE,Federal Contract Tower,0,0,1,21,22,0,0,7,31,38,0,0,8,52,60,0,14,14,74
12/05/2001,PMD,CA,AWP,WE,Federal Contract Tower,2,1,10,26,39,0,1,16,30,47,2,2,26,56,86,8,32,40,126
12/06/2001,PMD,CA,AWP,WE,Federal Contract Tower,2,0,14,32,48,0,0,27,31,58,2,0,41,63,106,10,56,66,172
12/07/2001,PMD,CA,AWP,WE,Federal Contract Tower,1,0,8,18,27,0,0,28,26,54,1,0,36,44,81,0,39,39,120
12/08/2001,PMD,CA,AWP,WE,Federal Contract Tower,0,0,9,12,21,0,0,23,19,42,0,0,32,31,63,0,62,62,125
12/09/2001,PMD,CA,AWP,WE,Federal Contract Tower,0,0,1,0,1,1,0,5,0,6,1,0,6,0,7,0,0,0,7
12/10/2001,PMD,CA,AWP,WE,Federal Contract Tower,0,4,4,16,24,0,4,25,21,50,0,8,29,37,74,0,30,30,104
12/11/2001,PMD,CA,AWP,WE,Federal Contract Tower,0,2,9,33,44,0,2,22,45,69,0,4,31,78,113,0,36,36,149
12/12/2001,PMD,CA,AWP,WE,Federal Contract Tower,0,0,6,24,30,0,0,5,40,45,0,0,11,64,75,6,44,50,125
12/13/2001,PMD,CA,AWP,WE,Federal Contract Tower,0,0,6,36,42,0,0,25,60,85,0,0,31,96,127,12,108,120,247
12/14/2001,PMD,CA,AWP,WE,Federal Contract Tower,2,0,4,8,14,0,0,8,4,12,2,0,12,12,26,0,2,2,28
12/15/2001,PMD,CA,AWP,WE,Federal Contract Tower,3,0,4,1,8,4,0,31,21,56,7,0,35,22,64,0,42,42,106
12/16/2001,PMD,CA,AWP,WE,Federal Contract Tower,1,0,0,5,6,0,0,0,2,2,1,0,0,7,8,0,99,99,107
12/17/2001,PMD,CA,AWP,WE,Federal Contract Tower,2,0,8,38,48,0,0,18,44,62,2,0,26,82,110,0,70,70,180
12/18/2001,PMD,CA,AWP,WE,Federal Contract Tower,0,0,18,24,42,0,0,33,33,66,0,0,51,57,108,18,40,58,166
12/19/2001,PMD,CA,AWP,WE,Federal Contract Tower,1,0,14,26,41,1,0,36,18,55,2,0,50,44,96,30,58,88,184
12/20/2001,PMD,CA,AWP,WE,Federal Contract Tower,0,0,12,22,34,0,0,31,53,84,0,0,43,75,118,0,41,41,159
12/21/2001,PMD,CA,AWP,WE,Federal Contract Tower,3,0,8,7,18,3,0,15,24,42,6,0,23,31,60,10,34,44,104
12/22/2001,PMD,CA,AWP,WE,Federal Contract Tower,0,0,5,0,5,0,0,14,0,14,0,0,19,0,19,0,0,0,19
12/23/2001,PMD,CA,AWP,WE,Federal Contract Tower,1,0,1,0,2,0,0,1,0,1,1,0,2,0,3,0,0,0,3
12/24/2001,PMD,CA,AWP,WE,Federal Contract Tower,0,0,0,0,0,0,0,0,0,0,0,0,0,0,0,0,0,0,0
12/25/2001,PMD,CA,AWP,WE,Federal Contract Tower,0,0,0,0,0,0,0,4,0,4,0,0,4,0,4,0,0,0,4
12/26/2001,PMD,CA,AWP,WE,Federal Contract Tower,1,0,2,0,3,0,0,2,0,2,1,0,4,0,5,0,0,0,5
12/27/2001,PMD,CA,AWP,WE,Federal Contract Tower,2,0,1,4,7,0,0,13,19,32,2,0,14,23,39,10,46,56,95
12/28/2001,PMD,CA,AWP,WE,Federal Contract Tower,0,0,5,7,12,0,0,3,9,12,0,0,8,16,24,0,62,62,86
12/29/2001,PMD,CA,AWP,WE,Federal Contract Tower,1,0,1,1,3,0,0,1,0,1,1,0,2,1,4,0,12,12,16
12/30/2001,PMD,CA,AWP,WE,Federal Contract Tower,0,0,2,2,4,1,0,8,0,9,1,0,10,2,13,0,0,0,13
12/31/2001,PMD,CA,AWP,WE,Federal Contract Tower,0,0,2,3,5,0,0,2,3,5,0,0,4,6,10,0,8,8,18
01/01/2002,PMD,CA,AWP,WE,Federal Contract Tower,0,0,1,0,1,0,0,1,0,1,0,0,2,0,2,0,0,0,2
01/02/2002,PMD,CA,AWP,WE,Federal Contract Tower,1,0,8,2,11,0,0,12,2,14,1,0,20,4,25,8,12,20,45
01/03/2002,PMD,CA,AWP,WE,Federal Contract Tower,1,0,6,30,37,0,0,22,46,68,1,0,28,76,105,2,65,67,172
01/04/2002,PMD,CA,AWP,WE,Federal Contract Tower,1,0,16,21,38,0,0,22,43,65,1,0,38,64,103,0,94,94,197
01/05/2002,PMD,CA,AWP,WE,Federal Contract Tower,1,0,5,3,9,0,0,13,7,20,1,0,18,10,29,0,22,22,51
01/06/2002,PMD,CA,AWP,WE,Federal Contract Tower,1,0,5,3,9,0,0,3,6,9,1,0,8,9,18,0,14,14,32
01/07/2002,PMD,CA,AWP,WE,Federal Contract Tower,1,0,4,32,37,0,0,17,37,54,1,0,21,69,91,5,88,93,184
01/08/2002,PMD,CA,AWP,WE,Federal Contract Tower,0,2,6,42,50,0,2,18,45,65,0,4,24,87,115,0,58,58,173
01/09/2002,PMD,CA,AWP,WE,Federal Contract Tower,2,2,5,29,38,0,2,12,31,45,2,4,17,60,83,4,60,64,147
01/10/2002,PMD,CA,AWP,WE,Federal Contract Tower,0,1,4,25,30,0,1,25,39,65,0,2,29,64,95,2,88,90,185
01/11/2002,PMD,CA,AWP,WE,Federal Contract Tower,1,1,6,20,28,0,1,30,28,59,1,2,36,48,87,6,54,60,147
01/12/2002,PMD,CA,AWP,WE,Federal Contract Tower,0,0,8,5,13,0,0,4,5,9,0,0,12,10,22,0,22,22,44
01/13/2002,PMD,CA,AWP,WE,Federal Contract Tower,1,0,0,0,1,0,0,0,0,0,1,0,0,0,1,0,0,0,1
01/14/2002,PMD,CA,AWP,WE,Federal Contract Tower,0,0,6,16,22,0,2,11,27,40,0,2,17,43,62,3,28,31,93
01/15/2002,PMD,CA,AWP,WE,Federal Contract Tower,2,1,12,20,35,0,1,12,38,51,2,2,24,58,86,0,68,68,154
01/16/2002,PMD,CA,AWP,WE,Federal Contract Tower,2,1,12,24,39,0,1,16,19,36,2,2,28,43,75,30,84,114,189
01/17/2002,PMD,CA,AWP,WE,Federal Contract Tower,3,2,4,20,29,3,2,22,48,75,6,4,26,68,104,12,78,90,194
01/18/2002,PMD,CA,AWP,WE,Federal Contract Tower,1,0,8,23,32,0,0,30,59,89,1,0,38,82,121,16,82,98,219
01/19/2002,PMD,CA,AWP,WE,Federal Contract Tower,0,0,1,3,4,0,0,5,1,6,0,0,6,4,10,0,6,6,16
01/20/2002,PMD,CA,AWP,WE,Federal Contract Tower,1,0,2,0,3,0,0,2,0,2,1,0,4,0,5,0,3,3,8
01/21/2002,PMD,CA,AWP,WE,Federal Contract Tower,0,0,1,0,1,0,0,11,0,11,0,0,12,0,12,0,0,0,12
01/22/2002,PMD,CA,AWP,WE,Federal Contract Tower,3,2,4,21,30,1,4,8,17,30,4,6,12,38,60,0,38,38,98
01/23/2002,PMD,CA,AWP,WE,Federal Contract Tower,1,1,6,22,30,0,1,18,20,39,1,2,24,42,69,6,32,38,107
01/24/2002,PMD,CA,AWP,WE,Federal Contract Tower,0,2,3,27,32,0,2,18,21,41,0,4,21,48,73,4,76,80,153
01/25/2002,PMD,CA,AWP,WE,Federal Contract Tower,1,0,8,16,25,0,0,28,26,54,1,0,36,42,79,2,44,46,125
01/26/2002,PMD,CA,AWP,WE,Federal Contract Tower,1,0,15,9,25,1,0,23,11,35,2,0,38,20,60,12,34,46,106
01/27/2002,PMD,CA,AWP,WE,Federal Contract Tower,0,0,2,1,3,0,0,6,1,7,0,0,8,2,10,8,0,8,18
01/28/2002,PMD,CA,AWP,WE,Federal Contract Tower,0,0,19,30,49,0,0,24,32,56,0,0,43,62,105,0,44,44,149
01/29/2002,PMD,CA,AWP,WE,Federal Contract Tower,0,1,14,25,40,0,1,16,31,48,0,2,30,56,88,2,60,62,150
01/30/2002,PMD,CA,AWP,WE,Federal Contract Tower,0,2,11,30,43,0,2,19,13,34,0,4,30,43,77,2,64,66,143
01/31/2002,PMD,CA,AWP,WE,Federal Contract Tower,0,0,14,20,34,0,0,34,44,78,0,0,48,64,112,12,56,68,180
02/01/2002,PMD,CA,AWP,WE,Federal Contract Tower,0,0,18,7,25,0,0,27,21,48,0,0,45,28,73,0,44,44,117
02/02/2002,PMD,CA,AWP,WE,Federal Contract Tower,0,0,2,0,2,0,0,2,12,14,0,0,4,12,16,0,18,18,34
02/03/2002,PMD,CA,AWP,WE,Federal Contract Tower,0,0,1,1,2,0,0,1,3,4,0,0,2,4,6,0,0,0,6
02/04/2002,PMD,CA,AWP,WE,Federal Contract Tower,0,0,10,26,36,0,0,18,46,64,0,0,28,72,100,2,42,44,144
02/05/2002,PMD,CA,AWP,WE,Federal Contract Tower,3,1,27,25,56,1,1,30,48,80,4,2,57,73,136,12,42,54,190
02/06/2002,PMD,CA,AWP,WE,Federal Contract Tower,2,3,11,28,44,0,3,18,42,63,2,6,29,70,107,2,70,72,179
02/07/2002,PMD,CA,AWP,WE,Federal Contract Tower,0,0,8,21,29,0,0,28,33,61,0,0,36,54,90,0,48,48,138
02/08/2002,PMD,CA,AWP,WE,Federal Contract Tower,3,0,4,22,29,0,0,7,15,22,3,0,11,37,51,0,10,10,61
02/09/2002,PMD,CA,AWP,WE,Federal Contract Tower,0,0,1,5,6,0,0,1,4,5,0,0,2,9,11,0,16,16,27
02/10/2002,PMD,CA,AWP,WE,Federal Contract Tower,0,0,4,1,5,0,0,12,1,13,0,0,16,2,18,0,12,12,30
02/11/2002,PMD,CA,AWP,WE,Federal Contract Tower,0,0,8,24,32,0,0,20,28,48,0,0,28,52,80,0,32,32,112
02/12/2002,PMD,CA,AWP,WE,Federal Contract Tower,3,0,15,17,35,3,0,16,17,36,6,0,31,34,71,2,54,56,127
02/13/2002,PMD,CA,AWP,WE,Federal Contract Tower,0,0,17,18,35,0,0,28,20,48,0,0,45,38,83,10,18,28,111
02/14/2002,PMD,CA,AWP,WE,Federal Contract Tower,2,0,21,38,61,2,0,32,56,90,4,0,53,94,151,0,76,76,227
02/15/2002,PMD,CA,AWP,WE,Federal Contract Tower,0,0,17,6,23,0,0,29,18,47,0,0,46,24,70,0,22,22,92
02/16/2002,PMD,CA,AWP,WE,Federal Contract Tower,0,0,2,0,2,0,0,16,0,16,0,0,18,0,18,8,0,8,26
02/17/2002,PMD,CA,AWP,WE,Federal Contract Tower,0,0,2,4,6,0,0,4,2,6,0,0,6,6,12,2,8,10,22
02/18/2002,PMD,CA,AWP,WE,Federal Contract Tower,0,0,0,0,0,0,0,4,0,4,0,0,4,0,4,0,0,0,4
02/19/2002,PMD,CA,AWP,WE,Federal Contract Tower,0,1,15,23,39,0,1,23,30,54,0,2,38,53,93,16,32,48,141
02/20/2002,PMD,CA,AWP,WE,Federal Contract Tower,0,0,21,34,55,0,0,27,32,59,0,0,48,66,114,12,98,110,224
02/21/2002,PMD,CA,AWP,WE,Federal Contract Tower,0,0,28,23,51,0,0,10,37,47,0,0,38,60,98,4,44,48,146
02/22/2002,PMD,CA,AWP,WE,Federal Contract Tower,0,3,11,23,37,0,3,15,45,63,0,6,26,68,100,4,64,68,168
02/23/2002,PMD,CA,AWP,WE,Federal Contract Tower,0,0,8,0,8,0,0,20,0,20,0,0,28,0,28,0,0,0,28
02/24/2002,PMD,CA,AWP,WE,Federal Contract Tower,0,0,7,2,9,0,0,7,2,9,0,0,14,4,18,0,22,22,40
02/25/2002,PMD,CA,AWP,WE,Federal Contract Tower,0,0,5,36,41,0,0,12,34,46,0,0,17,70,87,0,68,68,155
02/26/2002,PMD,CA,AWP,WE,Federal Contract Tower,3,2,11,46,62,3,2,30,61,96,6,4,41,107,158,2,84,86,244
02/27/2002,PMD,CA,AWP,WE,Federal Contract Tower,0,1,15,43,59,0,1,20,41,62,0,2,35,84,121,0,70,70,191
02/28/2002,PMD,CA,AWP,WE,Federal Contract Tower,0,0,9,21,30,0,0,23,35,58,0,0,32,56,88,0,64,64,152
03/01/2002,PMD,CA,AWP,WE,Federal Contract Tower,0,0,7,22,29,0,0,21,24,45,0,0,28,46,74,2,64,66,140
03/02/2002,PMD,CA,AWP,WE,Federal Contract Tower,0,0,4,0,4,0,0,4,0,4,0,0,8,0,8,6,0,6,14
03/03/2002,PMD,CA,AWP,WE,Federal Contract Tower,0,0,7,0,7,0,0,28,0,28,0,0,35,0,35,0,0,0,35
03/04/2002,PMD,CA,AWP,WE,Federal Contract Tower,0,0,5,33,38,0,0,10,41,51,0,0,15,74,89,0,54,54,143
03/05/2002,PMD,CA,AWP,WE,Federal Contract Tower,0,0,15,16,31,0,0,22,26,48,0,0,37,42,79,4,32,36,115
03/06/2002,PMD,CA,AWP,WE,Federal Contract Tower,0,1,11,32,44,0,1,21,41,63,0,2,32,73,107,6,16,22,129
03/07/2002,PMD,CA,AWP,WE,Federal Contract Tower,2,0,5,23,30,2,0,23,29,54,4,0,28,52,84,8,34,42,126
03/08/2002,PMD,CA,AWP,WE,Federal Contract Tower,1,0,12,28,41,1,0,20,28,49,2,0,32,56,90,18,48,66,156
03/09/2002,PMD,CA,AWP,WE,Federal Contract Tower,0,0,1,0,1,0,0,1,0,1,0,0,2,0,2,6,0,6,8
03/10/2002,PMD,CA,AWP,WE,Federal Contract Tower,0,0,3,0,3,0,0,9,0,9,0,0,12,0,12,0,0,0,12
03/11/2002,PMD,CA,AWP,WE,Federal Contract Tower,0,0,3,16,19,0,0,20,26,46,0,0,23,42,65,0,76,76,141
03/12/2002,PMD,CA,AWP,WE,Federal Contract Tower,0,1,12,40,53,0,1,11,36,48,0,2,23,76,101,0,64,64,165
03/13/2002,PMD,CA,AWP,WE,Federal Contract Tower,0,2,3,15,20,0,2,9,15,26,0,4,12,30,46,0,22,22,68
03/14/2002,PMD,CA,AWP,WE,Federal Contract Tower,2,3,2,14,21,0,1,20,20,41,2,4,22,34,62,4,42,46,108
03/15/2002,PMD,CA,AWP,WE,Federal Contract Tower,0,1,0,21,22,0,1,10,23,34,0,2,10,44,56,0,36,36,92
03/16/2002,PMD,CA,AWP,WE,Federal Contract Tower,0,0,2,7,9,0,0,0,3,3,0,0,2,10,12,0,10,10,22
03/17/2002,PMD,CA,AWP,WE,Federal Contract Tower,0,0,5,6,11,0,0,9,6,15,0,0,14,12,26,0,22,22,48
03/18/2002,PMD,CA,AWP,WE,Federal Contract Tower,1,0,2,20,23,0,0,18,32,50,1,0,20,52,73,0,56,56,129
03/19/2002,PMD,CA,AWP,WE,Federal Contract Tower,0,1,16,34,51,0,1,17,26,44,0,2,33,60,95,6,80,86,181
03/20/2002,PMD,CA,AWP,WE,Federal Contract Tower,0,1,7,32,40,0,1,19,35,55,0,2,26,67,95,0,68,68,163
03/21/2002,PMD,CA,AWP,WE,Federal Contract Tower,0,0,9,22,31,0,0,15,13,28,0,0,24,35,59,0,36,36,95
03/22/2002,PMD,CA,AWP,WE,Federal Contract Tower,0,0,9,14,23,0,0,11,27,38,0,0,20,41,61,0,4,4,65
03/23/2002,PMD,CA,AWP,WE,Federal Contract Tower,0,0,0,0,0,0,0,0,0,0,0,0,0,0,0,0,0,0,0
03/24/2002,PMD,CA,AWP,WE,Federal Contract Tower,0,0,7,1,8,0,0,5,1,6,0,0,12,2,14,0,0,0,14
03/25/2002,PMD,CA,AWP,WE,Federal Contract Tower,3,3,1,32,39,3,3,25,29,60,6,6,26,61,99,2,67,69,168
03/26/2002,PMD,CA,AWP,WE,Federal Contract Tower,0,0,8,29,37,0,0,18,26,44,0,0,26,55,81,0,70,70,151
03/27/2002,PMD,CA,AWP,WE,Federal Contract Tower,0,1,5,13,19,0,1,17,15,33,0,2,22,28,52,0,74,74,126
03/28/2002,PMD,CA,AWP,WE,Federal Contract Tower,2,1,8,30,41,2,1,18,27,48,4,2,26,57,89,18,83,101,190
03/29/2002,PMD,CA,AWP,WE,Federal Contract Tower,0,0,11,10,21,0,0,13,27,40,0,0,24,37,61,6,48,54,115
03/30/2002,PMD,CA,AWP,WE,Federal Contract Tower,0,0,8,6,14,0,0,8,6,14,0,0,16,12,28,0,6,6,34
03/31/2002,PMD,CA,AWP,WE,Federal Contract Tower,0,0,4,1,5,0,0,6,5,11,0,0,10,6,16,0,6,6,22
04/01/2002,PMD,CA,AWP,WE,Federal Contract Tower,0,0,8,22,30,0,0,10,19,29,0,0,18,41,59,2,70,72,131
04/02/2002,PMD,CA,AWP,WE,Federal Contract Tower,0,2,21,29,52,0,2,14,31,47,0,4,35,60,99,2,50,52,151
04/03/2002,PMD,CA,AWP,WE,Federal Contract Tower,3,0,12,16,31,5,0,20,12,37,8,0,32,28,68,2,48,50,118
04/04/2002,PMD,CA,AWP,WE,Federal Contract Tower,5,0,6,25,36,3,0,27,31,61,8,0,33,56,97,0,46,46,143
04/05/2002,PMD,CA,AWP,WE,Federal Contract Tower,1,0,5,16,22,1,0,21,25,47,2,0,26,41,69,2,51,53,122
04/06/2002,PMD,CA,AWP,WE,Federal Contract Tower,0,0,4,6,10,0,0,6,2,8,0,0,10,8,18,0,4,4,22
04/07/2002,PMD,CA,AWP,WE,Federal Contract Tower,0,0,10,1,11,0,0,18,1,19,0,0,28,2,30,12,0,12,42
04/08/2002,PMD,CA,AWP,WE,Federal Contract Tower,0,0,13,27,40,0,0,18,16,34,0,0,31,43,74,8,38,46,120
04/09/2002,PMD,CA,AWP,WE,Federal Contract Tower,0,0,12,27,39,0,0,7,29,36,0,0,19,56,75,0,100,100,175
04/10/2002,PMD,CA,AWP,WE,Federal Contract Tower,0,0,4,27,31,0,0,16,23,39,0,0,20,50,70,0,40,40,110
04/11/2002,PMD,CA,AWP,WE,Federal Contract Tower,0,0,11,27,38,0,0,7,29,36,0,0,18,56,74,4,60,64,138
04/12/2002,PMD,CA,AWP,WE,Federal Contract Tower,0,0,8,17,25,0,0,14,1,15,0,0,22,18,40,0,12,12,52
04/13/2002,PMD,CA,AWP,WE,Federal Contract Tower,0,0,15,1,16,0,0,15,3,18,0,0,30,4,34,0,0,0,34
04/14/2002,PMD,CA,AWP,WE,Federal Contract Tower,0,0,10,1,11,0,0,13,1,14,0,0,23,2,25,0,0,0,25
04/15/2002,PMD,CA,AWP,WE,Federal Contract Tower,0,0,5,18,23,0,0,10,9,19,0,0,15,27,42,0,6,6,48
04/16/2002,PMD,CA,AWP,WE,Federal Contract Tower,0,0,8,17,25,0,0,2,28,30,0,0,10,45,55,0,28,28,83
04/17/2002,PMD,CA,AWP,WE,Federal Contract Tower,0,0,6,17,23,0,0,14,15,29,0,0,20,32,52,6,20,26,78
04/18/2002,PMD,CA,AWP,WE,Federal Contract Tower,0,0,3,16,19,0,0,15,26,41,0,0,18,42,60,0,16,16,76
04/19/2002,PMD,CA,AWP,WE,Federal Contract Tower,0,0,3,24,27,0,0,17,21,38,0,0,20,45,65,0,14,14,79
04/20/2002,PMD,CA,AWP,WE,Federal Contract Tower,0,0,0,0,0,0,0,18,0,18,0,0,18,0,18,6,0,6,24
04/21/2002,PMD,CA,AWP,WE,Federal Contract Tower,0,0,2,0,2,0,0,24,0,24,0,0,26,0,26,0,0,0,26
04/22/2002,PMD,CA,AWP,WE,Federal Contract Tower,0,0,6,26,32,0,0,13,26,39,0,0,19,52,71,0,54,54,125
04/23/2002,PMD,CA,AWP,WE,Federal Contract Tower,0,0,10,22,32,0,0,18,25,43,0,0,28,47,75,0,44,44,119
04/24/2002,PMD,CA,AWP,WE,Federal Contract Tower,0,0,7,17,24,0,0,10,28,38,0,0,17,45,62,0,40,40,102
04/25/2002,PMD,CA,AWP,WE,Federal Contract Tower,0,0,10,18,28,0,0,27,26,53,0,0,37,44,81,10,36,46,127
04/26/2002,PMD,CA,AWP,WE,Federal Contract Tower,0,0,5,13,18,0,0,6,14,20,0,0,11,27,38,0,12,12,50
04/27/2002,PMD,CA,AWP,WE,Federal Contract Tower,0,0,11,10,21,0,0,12,12,24,0,0,23,22,45,0,18,18,63
04/28/2002,PMD,CA,AWP,WE,Federal Contract Tower,0,0,9,0,9,0,0,11,0,11,0,0,20,0,20,2,0,2,22
04/29/2002,PMD,CA,AWP,WE,Federal Contract Tower,0,0,14,27,41,10,0,33,18,61,10,0,47,45,102,8,64,72,174
04/30/2002,PMD,CA,AWP,WE,Federal Contract Tower,0,0,14,28,42,0,0,12,26,38,0,0,26,54,80,0,70,70,150
05/01/2002,PMD,CA,AWP,WE,Federal Contract Tower,0,0,10,12,22,0,0,20,17,37,0,0,30,29,59,0,22,22,81
05/02/2002,PMD,CA,AWP,WE,Federal Contract Tower,0,1,3,13,17,0,1,17,6,24,0,2,20,19,41,4,19,23,64
05/03/2002,PMD,CA,AWP,WE,Federal Contract Tower,0,2,5,19,26,0,2,15,11,28,0,4,20,30,54,0,16,16,70
05/04/2002,PMD,CA,AWP,WE,Federal Contract Tower,0,0,5,4,9,0,0,7,30,37,0,0,12,34,46,0,0,0,46
05/05/2002,PMD,CA,AWP,WE,Federal Contract Tower,0,0,3,4,7,0,0,9,6,15,0,0,12,10,22,16,32,48,70
05/06/2002,PMD,CA,AWP,WE,Federal Contract Tower,0,0,13,11,24,0,0,17,16,33,0,0,30,27,57,0,14,14,71
05/07/2002,PMD,CA,AWP,WE,Federal Contract Tower,0,0,7,17,24,0,2,8,8,18,0,2,15,25,42,2,44,46,88
05/08/2002,PMD,CA,AWP,WE,Federal Contract Tower,3,0,9,30,42,3,0,12,16,31,6,0,21,46,73,0,80,80,153
05/09/2002,PMD,CA,AWP,WE,Federal Contract Tower,0,3,4,25,32,0,3,20,25,48,0,6,24,50,80,0,58,58,138
05/10/2002,PMD,CA,AWP,WE,Federal Contract Tower,0,0,10,7,17,0,0,14,7,21,0,0,24,14,38,6,10,16,54
05/11/2002,PMD,CA,AWP,WE,Federal Contract Tower,0,0,4,12,16,0,0,12,14,26,0,0,16,26,42,0,22,22,64
05/12/2002,PMD,CA,AWP,WE,Federal Contract Tower,0,0,4,11,15,0,0,16,6,22,0,0,20,17,37,0,30,30,67
05/13/2002,PMD,CA,AWP,WE,Federal Contract Tower,0,0,6,17,23,2,0,0,24,26,2,0,6,41,49,8,10,18,67
05/14/2002,PMD,CA,AWP,WE,Federal Contract Tower,0,0,9,23,32,0,0,17,15,32,0,0,26,38,64,1,18,19,83
05/15/2002,PMD,CA,AWP,WE,Federal Contract Tower,0,0,17,8,25,0,0,11,4,15,0,0,28,12,40,4,12,16,56
05/16/2002,PMD,CA,AWP,WE,Federal Contract Tower,0,0,5,20,25,0,0,9,22,31,0,0,14,42,56,0,56,56,112
05/17/2002,PMD,CA,AWP,WE,Federal Contract Tower,0,2,10,15,27,0,2,15,13,30,0,4,25,28,57,0,22,22,79
05/18/2002,PMD,CA,AWP,WE,Federal Contract Tower,0,0,4,23,27,0,0,10,31,41,0,0,14,54,68,8,10,18,86
05/19/2002,PMD,CA,AWP,WE,Federal Contract Tower,0,0,0,8,8,0,0,6,12,18,0,0,6,20,26,0,12,12,38
05/20/2002,PMD,CA,AWP,WE,Federal Contract Tower,0,0,13,27,40,6,0,3,48,57,6,0,16,75,97,0,38,38,135
05/21/2002,PMD,CA,AWP,WE,Federal Contract Tower,0,0,14,31,45,2,4,11,37,54,2,4,25,68,99,0,60,60,159
05/22/2002,PMD,CA,AWP,WE,Federal Contract Tower,1,1,14,25,41,1,1,18,28,48,2,2,32,53,89,12,38,50,139
05/23/2002,PMD,CA,AWP,WE,Federal Contract Tower,0,0,9,22,31,0,0,23,27,50,0,0,32,49,81,0,32,32,113
05/24/2002,PMD,CA,AWP,WE,Federal Contract Tower,0,0,8,3,11,0,0,18,5,23,0,0,26,8,34,0,0,0,34
05/25/2002,PMD,CA,AWP,WE,Federal Contract Tower,0,0,3,0,3,0,0,3,0,3,0,0,6,0,6,0,0,0,6
05/26/2002,PMD,CA,AWP,WE,Federal Contract Tower,2,0,2,0,4,2,0,2,0,4,4,0,4,0,8,0,0,0,8
05/27/2002,PMD,CA,AWP,WE,Federal Contract Tower,0,0,0,0,0,0,0,6,0,6,0,0,6,0,6,0,0,0,6
05/28/2002,PMD,CA,AWP,WE,Federal Contract Tower,0,0,10,23,33,0,0,8,35,43,0,0,18,58,76,0,28,28,104
05/29/2002,PMD,CA,AWP,WE,Federal Contract Tower,0,1,7,34,42,0,1,19,44,64,0,2,26,78,106,6,80,86,192
05/30/2002,PMD,CA,AWP,WE,Federal Contract Tower,0,0,3,18,21,0,0,7,21,28,0,0,10,39,49,0,81,81,130
05/31/2002,PMD,CA,AWP,WE,Federal Contract Tower,0,0,13,29,42,0,0,15,38,53,0,0,28,67,95,2,38,40,135
06/01/2002,PMD,CA,AWP,WE,Federal Contract Tower,0,0,17,38,55,0,0,5,2,7,0,0,22,40,62,0,48,48,110
06/02/2002,PMD,CA,AWP,WE,Federal Contract Tower,0,0,1,0,1,0,0,7,0,7,0,0,8,0,8,0,0,0,8
06/03/2002,PMD,CA,AWP,WE,Federal Contract Tower,0,0,7,14,21,0,0,1,28,29,0,0,8,42,50,0,63,63,113
06/04/2002,PMD,CA,AWP,WE,Federal Contract Tower,0,0,10,21,31,0,0,19,28,47,0,0,29,49,78,0,32,32,110
06/05/2002,PMD,CA,AWP,WE,Federal Contract Tower,0,3,11,24,38,0,1,15,22,38,0,4,26,46,76,6,82,88,164
06/06/2002,PMD,CA,AWP,WE,Federal Contract Tower,0,0,5,24,29,0,0,17,28,45,0,0,22,52,74,0,68,68,142
06/07/2002,PMD,CA,AWP,WE,Federal Contract Tower,0,2,6,16,24,0,2,14,16,32,0,4,20,32,56,6,44,50,106
06/08/2002,PMD,CA,AWP,WE,Federal Contract Tower,0,0,2,8,10,0,0,2,8,10,0,0,4,16,20,0,20,20,40
06/09/2002,PMD,CA,AWP,WE,Federal Contract Tower,0,0,2,0,2,0,0,12,0,12,0,0,14,0,14,0,0,0,14
06/10/2002,PMD,CA,AWP,WE,Federal Contract Tower,0,0,8,19,27,0,0,21,13,34,0,0,29,32,61,4,60,64,125
06/11/2002,PMD,CA,AWP,WE,Federal Contract Tower,0,0,16,33,49,0,0,20,16,36,0,0,36,49,85,0,74,74,159
06/12/2002,PMD,CA,AWP,WE,Federal Contract Tower,1,0,12,18,31,7,0,18,32,57,8,0,30,50,88,2,64,66,154
06/13/2002,PMD,CA,AWP,WE,Federal Contract Tower,0,0,13,41,54,0,0,17,53,70,0,0,30,94,124,16,76,92,216
06/14/2002,PMD,CA,AWP,WE,Federal Contract Tower,0,0,9,17,26,0,0,15,9,24,0,0,24,26,50,0,16,16,66
06/15/2002,PMD,CA,AWP,WE,Federal Contract Tower,0,0,4,4,8,0,0,4,4,8,0,0,8,8,16,0,6,6,22
06/16/2002,PMD,CA,AWP,WE,Federal Contract Tower,0,0,3,8,11,0,0,10,0,10,0,0,13,8,21,0,4,4,25
06/17/2002,PMD,CA,AWP,WE,Federal Contract Tower,0,0,5,12,17,0,0,10,12,22,0,0,15,24,39,0,24,24,63
06/18/2002,PMD,CA,AWP,WE,Federal Contract Tower,0,0,7,17,24,6,2,7,15,30,6,2,14,32,54,0,18,18,72
06/19/2002,PMD,CA,AWP,WE,Federal Contract Tower,0,2,10,9,21,0,2,20,9,31,0,4,30,18,52,0,30,30,82
06/20/2002,PMD,CA,AWP,WE,Federal Contract Tower,0,0,8,22,30,0,0,18,16,34,0,0,26,38,64,0,38,38,102
06/21/2002,PMD,CA,AWP,WE,Federal Contract Tower,0,0,6,11,17,0,0,6,11,17,0,0,12,22,34,0,18,18,52
06/22/2002,PMD,CA,AWP,WE,Federal Contract Tower,0,0,2,1,3,0,0,2,1,3,0,0,4,2,6,0,2,2,8
06/23/2002,PMD,CA,AWP,WE,Federal Contract Tower,0,0,0,3,3,0,0,2,0,2,0,0,2,3,5,0,6,6,11
06/24/2002,PMD,CA,AWP,WE,Federal Contract Tower,0,0,11,24,35,0,2,32,15,49,0,2,43,39,84,1,10,11,95
06/25/2002,PMD,CA,AWP,WE,Federal Contract Tower,0,0,15,32,47,0,2,12,40,54,0,2,27,72,101,0,58,58,159
06/26/2002,PMD,CA,AWP,WE,Federal Contract Tower,0,0,4,22,26,0,0,7,12,19,0,0,11,34,45,0,62,62,107
06/27/2002,PMD,CA,AWP,WE,Federal Contract Tower,0,1,16,25,42,0,1,18,23,42,0,2,34,48,84,6,62,68,152
06/28/2002,PMD,CA,AWP,WE,Federal Contract Tower,0,0,14,18,32,0,0,21,15,36,0,0,35,33,68,0,26,26,94
06/29/2002,PMD,CA,AWP,WE,Federal Contract Tower,0,0,6,5,11,0,0,6,5,11,0,0,12,10,22,0,10,10,32
06/30/2002,PMD,CA,AWP,WE,Federal Contract Tower,0,0,0,0,0,0,0,4,0,4,0,0,4,0,4,0,0,0,4
07/01/2002,PMD,CA,AWP,WE,Federal Contract Tower,0,0,8,15,23,0,2,10,10,22,0,2,18,25,45,6,70,76,121
07/02/2002,PMD,CA,AWP,WE,Federal Contract Tower,0,0,11,21,32,0,2,24,14,40,0,2,35,35,72,0,98,98,170
07/03/2002,PMD,CA,AWP,WE,Federal Contract Tower,0,0,13,23,36,0,0,11,19,30,0,0,24,42,66,6,50,56,122
07/04/2002,PMD,CA,AWP,WE,Federal Contract Tower,2,0,4,0,6,2,0,8,0,10,4,0,12,0,16,5,0,5,21
07/05/2002,PMD,CA,AWP,WE,Federal Contract Tower,0,0,2,0,2,0,0,2,0,2,0,0,4,0,4,0,0,0,4
07/06/2002,PMD,CA,AWP,WE,Federal Contract Tower,0,0,1,0,1,0,0,5,0,5,0,0,6,0,6,26,0,26,32
07/07/2002,PMD,CA,AWP,WE,Federal Contract Tower,0,0,2,0,2,0,0,6,0,6,0,0,8,0,8,0,0,0,8
07/08/2002,PMD,CA,AWP,WE,Federal Contract Tower,0,0,7,14,21,0,0,17,20,37,0,0,24,34,58,2,66,68,126
07/09/2002,PMD,CA,AWP,WE,Federal Contract Tower,0,0,9,18,27,0,0,18,64,82,0,0,27,82,109,0,88,88,197
07/10/2002,PMD,CA,AWP,WE,Federal Contract Tower,0,0,13,25,38,0,0,17,25,42,0,0,30,50,80,30,74,104,184
07/11/2002,PMD,CA,AWP,WE,Federal Contract Tower,3,0,8,17,28,3,0,24,25,52,6,0,32,42,80,0,68,68,148
07/12/2002,PMD,CA,AWP,WE,Federal Contract Tower,0,0,6,12,18,0,0,8,13,21,0,0,14,25,39,2,60,62,101
07/13/2002,PMD,CA,AWP,WE,Federal Contract Tower,0,0,3,6,9,0,0,9,6,15,0,0,12,12,24,0,12,12,36
07/14/2002,PMD,CA,AWP,WE,Federal Contract Tower,0,0,0,4,4,0,0,0,9,9,0,0,0,13,13,0,16,16,29
07/15/2002,PMD,CA,AWP,WE,Federal Contract Tower,0,0,7,15,22,0,0,7,2,9,0,0,14,17,31,0,72,72,103
07/16/2002,PMD,CA,AWP,WE,Federal Contract Tower,0,0,10,19,29,0,0,14,22,36,0,0,24,41,65,4,118,122,187
07/17/2002,PMD,CA,AWP,WE,Federal Contract Tower,0,0,13,24,37,0,4,10,24,38,0,4,23,48,75,2,92,94,169
07/18/2002,PMD,CA,AWP,WE,Federal Contract Tower,5,1,13,22,41,5,1,19,6,31,10,2,32,28,72,6,54,60,132
07/19/2002,PMD,CA,AWP,WE,Federal Contract Tower,0,0,7,11,18,0,0,22,0,22,0,0,29,11,40,0,42,42,82
07/20/2002,PMD,CA,AWP,WE,Federal Contract Tower,0,0,0,2,2,0,0,2,2,4,0,0,2,4,6,0,0,0,6
07/21/2002,PMD,CA,AWP,WE,Federal Contract Tower,0,0,1,2,3,0,0,3,0,3,0,0,4,2,6,0,0,0,6
07/22/2002,PMD,CA,AWP,WE,Federal Contract Tower,0,0,11,21,32,0,0,13,19,32,0,0,24,40,64,0,50,50,114
07/23/2002,PMD,CA,AWP,WE,Federal Contract Tower,0,0,13,24,37,0,0,5,28,33,0,0,18,52,70,2,70,72,142
07/24/2002,PMD,CA,AWP,WE,Federal Contract Tower,0,0,9,17,26,0,0,6,17,23,0,0,15,34,49,0,54,54,103
07/25/2002,PMD,CA,AWP,WE,Federal Contract Tower,0,0,13,26,39,0,0,23,15,38,0,0,36,41,77,6,73,79,156
07/26/2002,PMD,CA,AWP,WE,Federal Contract Tower,0,0,8,16,24,0,0,12,16,28,0,0,20,32,52,0,14,14,66
07/27/2002,PMD,CA,AWP,WE,Federal Contract Tower,0,0,1,0,1,0,0,5,0,5,0,0,6,0,6,0,0,0,6
07/28/2002,PMD,CA,AWP,WE,Federal Contract Tower,0,0,2,1,3,0,0,11,0,11,0,0,13,1,14,0,0,0,14
07/29/2002,PMD,CA,AWP,WE,Federal Contract Tower,0,0,15,29,44,0,0,15,23,38,0,0,30,52,82,0,54,54,136
07/30/2002,PMD,CA,AWP,WE,Federal Contract Tower,0,0,16,30,46,14,0,21,12,47,14,0,37,42,93,0,68,68,161
07/31/2002,PMD,CA,AWP,WE,Federal Contract Tower,0,0,11,21,32,0,0,3,35,38,0,0,14,56,70,0,80,80,150
08/01/2002,PMD,CA,AWP,WE,Federal Contract Tower,0,0,20,24,44,0,0,10,24,34,0,0,30,48,78,36,69,105,183
08/02/2002,PMD,CA,AWP,WE,Federal Contract Tower,0,0,5,9,14,0,2,11,5,18,0,2,16,14,32,0,10,10,42
08/03/2002,PMD,CA,AWP,WE,Federal Contract Tower,0,0,0,1,1,0,0,2,7,9,0,0,2,8,10,0,0,0,10
08/04/2002,PMD,CA,AWP,WE,Federal Contract Tower,0,0,0,4,4,0,0,0,10,10,0,0,0,14,14,0,10,10,24
08/05/2002,PMD,CA,AWP,WE,Federal Contract Tower,0,0,8,17,25,0,0,5,22,27,0,0,13,39,52,0,62,62,114
08/06/2002,PMD,CA,AWP,WE,Federal Contract Tower,1,0,14,30,45,5,0,15,16,36,6,0,29,46,81,0,51,51,132
08/07/2002,PMD,CA,AWP,WE,Federal Contract Tower,0,0,18,38,56,0,0,16,22,38,0,0,34,60,94,8,74,82,176
08/08/2002,PMD,CA,AWP,WE,Federal Contract Tower,0,0,2,33,35,0,0,12,19,31,0,0,14,52,66,7,76,83,149
08/09/2002,PMD,CA,AWP,WE,Federal Contract Tower,0,1,8,16,25,0,1,3,15,19,0,2,11,31,44,0,28,28,72
08/10/2002,PMD,CA,AWP,WE,Federal Contract Tower,0,0,3,4,7,0,0,13,0,13,0,0,16,4,20,0,24,24,44
08/11/2002,PMD,CA,AWP,WE,Federal Contract Tower,0,0,7,13,20,0,0,9,19,28,0,0,16,32,48,0,26,26,74
08/12/2002,PMD,CA,AWP,WE,Federal Contract Tower,0,0,10,22,32,0,0,10,24,34,0,0,20,46,66,26,40,66,132
08/13/2002,PMD,CA,AWP,WE,Federal Contract Tower,0,0,14,31,45,0,0,26,24,50,0,0,40,55,95,4,56,60,155
08/14/2002,PMD,CA,AWP,WE,Federal Contract Tower,0,2,16,35,53,0,4,0,28,32,0,6,16,63,85,0,64,64,149
08/15/2002,PMD,CA,AWP,WE,Federal Contract Tower,2,4,11,30,47,0,0,7,18,25,2,4,18,48,72,0,112,112,184
08/16/2002,PMD,CA,AWP,WE,Federal Contract Tower,0,1,7,15,23,0,5,0,19,24,0,6,7,34,47,0,22,22,69
08/17/2002,PMD,CA,AWP,WE,Federal Contract Tower,0,0,1,0,1,6,0,1,0,7,6,0,2,0,8,0,0,0,8
08/18/2002,PMD,CA,AWP,WE,Federal Contract Tower,0,0,1,0,1,0,0,7,0,7,0,0,8,0,8,0,0,0,8
08/19/2002,PMD,CA,AWP,WE,Federal Contract Tower,0,1,13,26,40,0,3,7,30,40,0,4,20,56,80,0,16,16,96
08/20/2002,PMD,CA,AWP,WE,Federal Contract Tower,0,0,17,37,54,0,0,10,64,74,0,0,27,101,128,6,64,70,198
08/21/2002,PMD,CA,AWP,WE,Federal Contract Tower,0,0,12,27,39,0,0,33,45,78,0,0,45,72,117,4,30,34,151
08/22/2002,PMD,CA,AWP,WE,Federal Contract Tower,0,0,11,23,34,0,0,9,18,27,0,0,20,41,61,12,82,94,155
08/23/2002,PMD,CA,AWP,WE,Federal Contract Tower,0,0,10,23,33,0,4,8,19,31,0,4,18,42,64,10,44,54,118
08/24/2002,PMD,CA,AWP,WE,Federal Contract Tower,0,0,2,5,7,0,0,0,7,7,0,0,2,12,14,4,16,20,34
08/25/2002,PMD,CA,AWP,WE,Federal Contract Tower,0,0,0,0,0,0,0,4,0,4,0,0,4,0,4,0,0,0,4
08/26/2002,PMD,CA,AWP,WE,Federal Contract Tower,0,0,5,10,15,0,4,12,25,41,0,4,17,35,56,0,65,65,121
08/27/2002,PMD,CA,AWP,WE,Federal Contract Tower,0,0,13,30,43,6,0,16,39,61,6,0,29,69,104,8,60,68,172
08/28/2002,PMD,CA,AWP,WE,Federal Contract Tower,0,1,21,44,66,2,1,3,0,6,2,2,24,44,72,0,47,47,119
08/29/2002,PMD,CA,AWP,WE,Federal Contract Tower,0,0,11,25,36,0,0,7,13,20,0,0,18,38,56,12,106,118,174
08/30/2002,PMD,CA,AWP,WE,Federal Contract Tower,0,0,2,4,6,0,0,8,0,8,0,0,10,4,14,0,36,36,50
08/31/2002,PMD,CA,AWP,WE,Federal Contract Tower,0,0,2,0,2,0,0,2,0,2,0,0,4,0,4,0,0,0,4
09/01/2002,PMD,CA,AWP,WE,Federal Contract Tower,0,0,1,2,3,0,0,11,0,11,0,0,12,2,14,0,2,2,16
09/02/2002,PMD,CA,AWP,WE,Federal Contract Tower,0,0,0,0,0,0,0,10,0,10,0,0,10,0,10,0,0,0,10
09/03/2002,PMD,CA,AWP,WE,Federal Contract Tower,0,0,12,26,38,0,0,7,16,23,0,0,19,42,61,14,25,39,100
09/04/2002,PMD,CA,AWP,WE,Federal Contract Tower,0,0,3,10,13,0,0,17,10,27,0,0,20,20,40,0,2,2,42
09/05/2002,PMD,CA,AWP,WE,Federal Contract Tower,0,0,14,28,42,0,0,16,10,26,0,0,30,38,68,6,68,74,142
09/06/2002,PMD,CA,AWP,WE,Federal Contract Tower,0,0,5,12,17,0,0,12,14,26,0,0,17,26,43,0,0,0,43
09/07/2002,PMD,CA,AWP,WE,Federal Contract Tower,0,0,6,14,20,0,0,7,14,21,0,0,13,28,41,2,32,34,75
09/08/2002,PMD,CA,AWP,WE,Federal Contract Tower,0,0,1,2,3,0,0,3,8,11,0,0,4,10,14,0,0,0,14
09/09/2002,PMD,CA,AWP,WE,Federal Contract Tower,0,0,16,31,47,0,0,0,35,35,0,0,16,66,82,0,64,64,146
09/10/2002,PMD,CA,AWP,WE,Federal Contract Tower,0,0,24,44,68,0,0,16,20,36,0,0,40,64,104,4,47,51,155
09/11/2002,PMD,CA,AWP,WE,Federal Contract Tower,0,0,21,38,59,0,0,11,17,28,0,0,32,55,87,4,45,49,136
09/12/2002,PMD,CA,AWP,WE,Federal Contract Tower,0,0,25,46,71,0,0,29,51,80,0,0,54,97,151,22,104,126,277
09/13/2002,PMD,CA,AWP,WE,Federal Contract Tower,0,0,8,16,24,0,0,9,24,33,0,0,17,40,57,0,42,42,99
09/14/2002,PMD,CA,AWP,WE,Federal Contract Tower,0,0,3,3,6,0,0,3,3,6,0,0,6,6,12,0,0,0,12
09/15/2002,PMD,CA,AWP,WE,Federal Contract Tower,0,0,0,0,0,0,0,0,0,0,0,0,0,0,0,0,0,0,0
09/16/2002,PMD,CA,AWP,WE,Federal Contract Tower,0,0,10,20,30,0,0,8,28,36,0,0,18,48,66,16,72,88,154
09/17/2002,PMD,CA,AWP,WE,Federal Contract Tower,0,0,27,49,76,0,0,5,37,42,0,0,32,86,118,2,67,69,187
09/18/2002,PMD,CA,AWP,WE,Federal Contract Tower,0,0,12,16,28,0,0,8,0,8,0,0,20,16,36,10,55,65,101
09/19/2002,PMD,CA,AWP,WE,Federal Contract Tower,0,0,7,14,21,0,0,5,20,25,0,0,12,34,46,2,42,44,90
09/20/2002,PMD,CA,AWP,WE,Federal Contract Tower,0,0,10,20,30,0,0,19,9,28,0,0,29,29,58,4,60,64,122
09/21/2002,PMD,CA,AWP,WE,Federal Contract Tower,0,0,13,1,14,0,0,11,1,12,0,0,24,2,26,0,14,14,40
09/22/2002,PMD,CA,AWP,WE,Federal Contract Tower,0,0,1,0,1,0,0,7,0,7,0,0,8,0,8,0,0,0,8
09/23/2002,PMD,CA,AWP,WE,Federal Contract Tower,0,0,16,30,46,0,0,11,36,47,0,0,27,66,93,4,42,46,139
09/24/2002,PMD,CA,AWP,WE,Federal Contract Tower,0,0,22,36,58,6,0,0,0,6,6,0,22,36,64,0,46,46,110
09/25/2002,PMD,CA,AWP,WE,Federal Contract Tower,0,0,14,27,41,0,4,13,12,29,0,4,27,39,70,4,23,27,97
09/26/2002,PMD,CA,AWP,WE,Federal Contract Tower,0,0,15,28,43,0,0,11,26,37,0,0,26,54,80,2,66,68,148
09/27/2002,PMD,CA,AWP,WE,Federal Contract Tower,0,0,11,22,33,0,2,18,10,30,0,2,29,32,63,4,12,16,79
09/28/2002,PMD,CA,AWP,WE,Federal Contract Tower,2,0,1,2,5,2,0,2,0,4,4,0,3,2,9,0,3,3,12
09/29/2002,PMD,CA,AWP,WE,Federal Contract Tower,0,0,1,0,1,0,0,13,0,13,0,0,14,0,14,0,0,0,14
09/30/2002,PMD,CA,AWP,WE,Federal Contract Tower,0,0,7,14,21,0,0,18,16,34,0,0,25,30,55,0,78,78,133
10/01/2002,PMD,CA,AWP,WE,Federal Contract Tower,0,0,20,39,59,0,0,6,7,13,0,0,26,46,72,0,53,53,125
10/02/2002,PMD,CA,AWP,WE,Federal Contract Tower,0,0,17,29,46,0,0,11,0,11,0,0,28,29,57,4,84,88,145
10/03/2002,PMD,CA,AWP,WE,Federal Contract Tower,0,0,7,15,22,0,0,6,15,21,0,0,13,30,43,0,24,24,67
10/04/2002,PMD,CA,AWP,WE,Federal Contract Tower,0,0,9,18,27,0,0,17,14,31,0,0,26,32,58,0,48,48,106
10/05/2002,PMD,CA,AWP,WE,Federal Contract Tower,0,0,2,2,4,0,0,4,2,6,0,0,6,4,10,0,0,0,10
10/06/2002,PMD,CA,AWP,WE,Federal Contract Tower,1,0,2,6,9,3,0,8,0,11,4,0,10,6,20,0,0,0,20
10/07/2002,PMD,CA,AWP,WE,Federal Contract Tower,0,0,11,23,34,0,0,11,30,41,0,0,22,53,75,8,46,54,129
10/08/2002,PMD,CA,AWP,WE,Federal Contract Tower,0,0,19,56,75,0,0,0,26,26,0,0,19,82,101,0,61,61,162
10/09/2002,PMD,CA,AWP,WE,Federal Contract Tower,0,0,13,25,38,0,0,16,2,18,0,0,29,27,56,0,28,28,84
10/10/2002,PMD,CA,AWP,WE,Federal Contract Tower,0,1,12,23,36,0,1,6,24,31,0,2,18,47,67,0,44,44,111
10/11/2002,PMD,CA,AWP,WE,Federal Contract Tower,0,1,8,17,26,0,3,29,4,36,0,4,37,21,62,0,0,0,62
10/12/2002,PMD,CA,AWP,WE,Federal Contract Tower,0,0,0,0,0,0,0,0,0,0,0,0,0,0,0,0,0,0,0
10/13/2002,PMD,CA,AWP,WE,Federal Contract Tower,0,0,0,0,0,0,0,6,0,6,0,0,6,0,6,0,0,0,6
10/14/2002,PMD,CA,AWP,WE,Federal Contract Tower,0,0,4,0,4,0,0,30,0,30,0,0,34,0,34,4,0,4,38
10/15/2002,PMD,CA,AWP,WE,Federal Contract Tower,0,0,19,37,56,0,0,10,6,16,0,0,29,43,72,4,36,40,112
10/16/2002,PMD,CA,AWP,WE,Federal Contract Tower,0,1,19,32,52,0,3,6,4,13,0,4,25,36,65,0,16,16,81
10/17/2002,PMD,CA,AWP,WE,Federal Contract Tower,0,0,13,23,36,0,0,28,0,28,0,0,41,23,64,10,2,12,76
10/18/2002,PMD,CA,AWP,WE,Federal Contract Tower,0,0,11,18,29,0,0,18,20,38,0,0,29,38,67,2,18,20,87
10/19/2002,PMD,CA,AWP,WE,Federal Contract Tower,0,0,12,0,12,0,0,10,2,12,0,0,22,2,24,0,0,0,24
10/20/2002,PMD,CA,AWP,WE,Federal Contract Tower,0,0,2,0,2,0,0,10,0,10,0,0,12,0,12,0,0,0,12
10/21/2002,PMD,CA,AWP,WE,Federal Contract Tower,0,0,8,14,22,0,0,7,7,14,0,0,15,21,36,0,30,30,66
10/22/2002,PMD,CA,AWP,WE,Federal Contract Tower,0,0,28,60,88,0,0,0,19,19,0,0,28,79,107,3,36,39,146
10/23/2002,PMD,CA,AWP,WE,Federal Contract Tower,0,0,9,18,27,0,0,14,11,25,0,0,23,29,52,0,81,81,133
10/24/2002,PMD,CA,AWP,WE,Federal Contract Tower,0,0,14,25,39,2,0,8,23,33,2,0,22,48,72,0,86,86,158
10/25/2002,PMD,CA,AWP,WE,Federal Contract Tower,0,0,15,27,42,0,2,18,19,39,0,2,33,46,81,0,28,28,109
10/26/2002,PMD,CA,AWP,WE,Federal Contract Tower,3,0,6,4,13,3,0,5,4,12,6,0,11,8,25,0,3,3,28
10/27/2002,PMD,CA,AWP,WE,Federal Contract Tower,0,0,5,2,7,0,0,25,0,25,0,0,30,2,32,0,22,22,54
10/28/2002,PMD,CA,AWP,WE,Federal Contract Tower,0,0,16,29,45,4,0,22,31,57,4,0,38,60,102,35,78,113,215
10/29/2002,PMD,CA,AWP,WE,Federal Contract Tower,0,0,25,65,90,0,0,0,29,29,0,0,25,94,119,6,45,51,170
10/30/2002,PMD,CA,AWP,WE,Federal Contract Tower,0,0,21,50,71,0,2,0,28,30,0,2,21,78,101,19,30,49,150
10/31/2002,PMD,CA,AWP,WE,Federal Contract Tower,0,0,17,31,48,4,2,13,21,40,4,2,30,52,88,0,82,82,170
11/01/2002,PMD,CA,AWP,WE,Federal Contract Tower,0,0,20,21,41,0,0,18,17,35,0,0,38,38,76,6,34,40,116
11/02/2002,PMD,CA,AWP,WE,Federal Contract Tower,0,0,10,1,11,0,0,12,1,13,0,0,22,2,24,4,0,4,28
11/03/2002,PMD,CA,AWP,WE,Federal Contract Tower,0,0,1,1,2,0,0,1,1,2,0,0,2,2,4,0,22,22,26
11/04/2002,PMD,CA,AWP,WE,Federal Contract Tower,0,0,17,29,46,0,0,19,31,50,0,0,36,60,96,0,52,52,148
11/05/2002,PMD,CA,AWP,WE,Federal Contract Tower,0,4,9,37,50,0,4,14,28,46,0,8,23,65,96,6,42,48,144
11/06/2002,PMD,CA,AWP,WE,Federal Contract Tower,0,0,6,49,55,0,0,8,24,32,0,0,14,73,87,0,52,52,139
11/07/2002,PMD,CA,AWP,WE,Federal Contract Tower,0,0,15,8,23,0,0,9,4,13,0,0,24,12,36,0,12,12,48
11/08/2002,PMD,CA,AWP,WE,Federal Contract Tower,0,0,7,11,18,0,0,1,9,10,0,0,8,20,28,0,6,6,34
11/09/2002,PMD,CA,AWP,WE,Federal Contract Tower,0,0,4,0,4,0,0,4,0,4,0,0,8,0,8,0,0,0,8
11/10/2002,PMD,CA,AWP,WE,Federal Contract Tower,1,0,6,7,14,3,0,2,8,13,4,0,8,15,27,0,12,12,39
11/11/2002,PMD,CA,AWP,WE,Federal Contract Tower,0,0,4,3,7,0,0,6,5,11,0,0,10,8,18,0,0,0,18
11/12/2002,PMD,CA,AWP,WE,Federal Contract Tower,0,0,0,25,25,0,0,11,34,45,0,0,11,59,70,4,49,53,123
11/13/2002,PMD,CA,AWP,WE,Federal Contract Tower,0,0,7,15,22,0,0,7,25,32,0,0,14,40,54,6,21,27,81
11/14/2002,PMD,CA,AWP,WE,Federal Contract Tower,0,4,10,23,37,0,4,23,15,42,0,8,33,38,79,26,48,74,153
11/15/2002,PMD,CA,AWP,WE,Federal Contract Tower,0,7,8,10,25,0,7,17,6,30,0,14,25,16,55,0,46,46,101
11/16/2002,PMD,CA,AWP,WE,Federal Contract Tower,0,0,14,6,20,0,0,14,2,16,0,0,28,8,36,0,2,2,38
11/17/2002,PMD,CA,AWP,WE,Federal Contract Tower,0,0,11,8,19,0,0,11,8,19,0,0,22,16,38,0,10,10,48
11/18/2002,PMD,CA,AWP,WE,Federal Contract Tower,0,0,4,31,35,0,0,12,31,43,0,0,16,62,78,0,50,50,128
11/19/2002,PMD,CA,AWP,WE,Federal Contract Tower,3,0,6,19,28,3,0,15,31,49,6,0,21,50,77,0,67,67,144
11/20/2002,PMD,CA,AWP,WE,Federal Contract Tower,1,1,13,23,38,1,1,13,12,27,2,2,26,35,65,0,112,112,177
11/21/2002,PMD,CA,AWP,WE,Federal Contract Tower,0,2,15,26,43,0,2,23,16,41,0,4,38,42,84,0,60,60,144
11/22/2002,PMD,CA,AWP,WE,Federal Contract Tower,0,0,2,17,19,0,0,7,11,18,0,0,9,28,37,0,24,24,61
11/23/2002,PMD,CA,AWP,WE,Federal Contract Tower,0,0,13,1,14,0,0,15,1,16,0,0,28,2,30,8,8,16,46
11/24/2002,PMD,CA,AWP,WE,Federal Contract Tower,0,0,5,0,5,0,0,5,0,5,0,0,10,0,10,0,0,0,10
11/25/2002,PMD,CA,AWP,WE,Federal Contract Tower,0,0,8,15,23,0,0,8,12,20,0,0,16,27,43,6,28,34,77
11/26/2002,PMD,CA,AWP,WE,Federal Contract Tower,0,0,3,20,23,0,0,10,16,26,0,0,13,36,49,0,58,58,107
11/27/2002,PMD,CA,AWP,WE,Federal Contract Tower,0,0,16,10,26,0,0,12,9,21,0,0,28,19,47,12,5,17,64
11/28/2002,PMD,CA,AWP,WE,Federal Contract Tower,0,0,1,0,1,0,0,1,0,1,0,0,2,0,2,0,0,0,2
11/29/2002,PMD,CA,AWP,WE,Federal Contract Tower,0,0,0,0,0,0,0,0,0,0,0,0,0,0,0,0,0,0,0
11/30/2002,PMD,CA,AWP,WE,Federal Contract Tower,0,0,5,1,6,0,0,5,1,6,0,0,10,2,12,0,0,0,12
12/01/2002,PMD,CA,AWP,WE,Federal Contract Tower,0,0,0,0,0,0,0,0,0,0,0,0,0,0,0,0,0,0,0
12/02/2002,PMD,CA,AWP,WE,Federal Contract Tower,0,0,9,17,26,0,0,3,22,25,0,0,12,39,51,0,18,18,69
12/03/2002,PMD,CA,AWP,WE,Federal Contract Tower,0,1,9,17,27,0,1,16,12,29,0,2,25,29,56,0,64,64,120
12/04/2002,PMD,CA,AWP,WE,Federal Contract Tower,0,0,13,6,19,0,0,16,15,31,0,0,29,21,50,0,34,34,84
12/05/2002,PMD,CA,AWP,WE,Federal Contract Tower,0,0,9,32,41,0,0,13,25,38,0,0,22,57,79,6,78,84,163
12/06/2002,PMD,CA,AWP,WE,Federal Contract Tower,0,0,8,19,27,0,0,14,11,25,0,0,22,30,52,0,28,28,80
12/07/2002,PMD,CA,AWP,WE,Federal Contract Tower,0,0,3,9,12,0,0,1,14,15,0,0,4,23,27,0,40,40,67
12/08/2002,PMD,CA,AWP,WE,Federal Contract Tower,0,0,4,0,4,0,0,4,0,4,0,0,8,0,8,0,0,0,8
12/09/2002,PMD,CA,AWP,WE,Federal Contract Tower,0,0,5,19,24,0,0,8,18,26,0,0,13,37,50,8,10,18,68
12/10/2002,PMD,CA,AWP,WE,Federal Contract Tower,0,0,14,31,45,0,0,17,14,31,0,0,31,45,76,6,33,39,115
12/11/2002,PMD,CA,AWP,WE,Federal Contract Tower,1,0,11,25,37,1,0,21,27,49,2,0,32,52,86,5,33,38,124
12/12/2002,PMD,CA,AWP,WE,Federal Contract Tower,0,0,9,20,29,0,0,13,14,27,0,0,22,34,56,2,36,38,94
12/13/2002,PMD,CA,AWP,WE,Federal Contract Tower,0,0,21,17,38,0,0,33,21,54,0,0,54,38,92,20,22,42,134
12/14/2002,PMD,CA,AWP,WE,Federal Contract Tower,0,0,2,2,4,0,0,8,0,8,0,0,10,2,12,0,0,0,12
12/15/2002,PMD,CA,AWP,WE,Federal Contract Tower,0,0,2,0,2,0,0,2,0,2,0,0,4,0,4,0,0,0,4
12/16/2002,PMD,CA,AWP,WE,Federal Contract Tower,0,0,8,3,11,0,0,8,1,9,0,0,16,4,20,0,0,0,20
12/17/2002,PMD,CA,AWP,WE,Federal Contract Tower,0,0,11,23,34,0,0,15,13,28,0,0,26,36,62,0,40,40,102
12/18/2002,PMD,CA,AWP,WE,Federal Contract Tower,0,0,14,26,40,4,0,23,4,31,4,0,37,30,71,12,36,48,119
12/19/2002,PMD,CA,AWP,WE,Federal Contract Tower,0,0,10,28,38,0,0,31,21,52,0,0,41,49,90,0,68,68,158
12/20/2002,PMD,CA,AWP,WE,Federal Contract Tower,0,0,7,11,18,0,0,4,11,15,0,0,11,22,33,0,0,0,33
12/21/2002,PMD,CA,AWP,WE,Federal Contract Tower,0,0,3,0,3,0,0,3,0,3,0,0,6,0,6,6,0,6,12
12/22/2002,PMD,CA,AWP,WE,Federal Contract Tower,0,0,2,2,4,0,0,2,2,4,0,0,4,4,8,0,0,0,8
12/23/2002,PMD,CA,AWP,WE,Federal Contract Tower,0,0,2,9,11,0,0,7,5,12,0,0,9,14,23,0,26,26,49
12/24/2002,PMD,CA,AWP,WE,Federal Contract Tower,0,0,0,5,5,0,0,0,3,3,0,0,0,8,8,0,0,0,8
12/25/2002,PMD,CA,AWP,WE,Federal Contract Tower,0,0,0,1,1,0,0,0,1,1,0,0,0,2,2,0,10,10,12
12/26/2002,PMD,CA,AWP,WE,Federal Contract Tower,0,0,4,0,4,0,0,4,0,4,0,0,8,0,8,0,0,0,8
12/27/2002,PMD,CA,AWP,WE,Federal Contract Tower,0,0,2,7,9,0,0,2,7,9,0,0,4,14,18,0,0,0,18
12/28/2002,PMD,CA,AWP,WE,Federal Contract Tower,0,0,2,8,10,0,0,10,4,14,0,0,12,12,24,4,10,14,38
12/29/2002,PMD,CA,AWP,WE,Federal Contract Tower,0,0,0,2,2,0,0,0,2,2,0,0,0,4,4,0,8,8,12
12/30/2002,PMD,CA,AWP,WE,Federal Contract Tower,0,1,0,13,14,0,1,0,13,14,0,2,0,26,28,0,12,12,40
12/31/2002,PMD,CA,AWP,WE,Federal Contract Tower,0,0,4,0,4,0,0,4,0,4,0,0,8,0,8,2,0,2,10
01/01/2003,PMD,CA,AWP,WE,Federal Contract Tower,0,0,3,6,9,0,0,7,2,9,0,0,10,8,18,0,4,4,22
01/02/2003,PMD,CA,AWP,WE,Federal Contract Tower,0,1,8,5,14,0,1,18,7,26,0,2,26,12,40,8,20,28,68
01/03/2003,PMD,CA,AWP,WE,Federal Contract Tower,0,0,1,16,17,0,0,12,12,24,0,0,13,28,41,6,38,44,85
01/04/2003,PMD,CA,AWP,WE,Federal Contract Tower,0,0,7,8,15,0,0,7,8,15,0,0,14,16,30,0,4,4,34
01/05/2003,PMD,CA,AWP,WE,Federal Contract Tower,1,0,6,4,11,1,0,8,4,13,2,0,14,8,24,0,16,16,40
01/06/2003,PMD,CA,AWP,WE,Federal Contract Tower,0,1,7,2,10,0,0,10,3,13,0,1,17,5,23,0,0,0,23
01/07/2003,PMD,CA,AWP,WE,Federal Contract Tower,0,0,2,17,19,0,0,14,17,31,0,0,16,34,50,12,6,18,68
01/08/2003,PMD,CA,AWP,WE,Federal Contract Tower,0,0,15,20,35,0,0,7,1,8,0,0,22,21,43,8,50,58,101
01/09/2003,PMD,CA,AWP,WE,Federal Contract Tower,0,0,12,41,53,0,0,11,30,41,0,0,23,71,94,4,66,70,164
01/10/2003,PMD,CA,AWP,WE,Federal Contract Tower,0,0,10,22,32,0,0,17,20,37,0,0,27,42,69,8,74,82,151
01/11/2003,PMD,CA,AWP,WE,Federal Contract Tower,0,0,15,7,22,0,0,15,11,26,0,0,30,18,48,0,16,16,64
01/12/2003,PMD,CA,AWP,WE,Federal Contract Tower,0,0,1,19,20,0,0,1,19,20,0,0,2,38,40,0,50,50,90
01/13/2003,PMD,CA,AWP,WE,Federal Contract Tower,0,0,3,42,45,0,0,12,58,70,0,0,15,100,115,0,49,49,164
01/14/2003,PMD,CA,AWP,WE,Federal Contract Tower,0,0,3,44,47,0,0,12,48,60,0,0,15,92,107,0,114,114,221
01/15/2003,PMD,CA,AWP,WE,Federal Contract Tower,0,0,11,28,39,0,0,20,31,51,0,0,31,59,90,4,56,60,150
01/16/2003,PMD,CA,AWP,WE,Federal Contract Tower,0,0,13,31,44,0,0,21,37,58,0,0,34,68,102,0,54,54,156
01/17/2003,PMD,CA,AWP,WE,Federal Contract Tower,0,0,9,23,32,0,0,24,15,39,0,0,33,38,71,0,38,38,109
01/18/2003,PMD,CA,AWP,WE,Federal Contract Tower,0,0,3,4,7,0,0,13,0,13,0,0,16,4,20,0,12,12,32
01/19/2003,PMD,CA,AWP,WE,Federal Contract Tower,0,0,4,11,15,0,0,20,3,23,0,0,24,14,38,0,12,12,50
01/20/2003,PMD,CA,AWP,WE,Federal Contract Tower,0,0,5,14,19,0,0,25,0,25,0,0,30,14,44,2,14,16,60
01/21/2003,PMD,CA,AWP,WE,Federal Contract Tower,0,0,12,29,41,0,0,11,29,40,0,0,23,58,81,16,40,56,137
01/22/2003,PMD,CA,AWP,WE,Federal Contract Tower,0,0,15,36,51,0,0,12,31,43,0,0,27,67,94,2,46,48,142
01/23/2003,PMD,CA,AWP,WE,Federal Contract Tower,0,0,18,44,62,0,0,14,40,54,0,0,32,84,116,14,64,78,194
01/24/2003,PMD,CA,AWP,WE,Federal Contract Tower,0,0,7,17,24,0,6,13,5,24,0,6,20,22,48,2,4,6,54
01/25/2003,PMD,CA,AWP,WE,Federal Contract Tower,0,0,3,8,11,0,0,13,0,13,0,0,16,8,24,0,4,4,28
01/26/2003,PMD,CA,AWP,WE,Federal Contract Tower,0,0,1,2,3,0,0,11,0,11,0,0,12,2,14,0,0,0,14
01/27/2003,PMD,CA,AWP,WE,Federal Contract Tower,0,0,9,21,30,0,0,11,25,36,0,0,20,46,66,16,52,68,134
01/28/2003,PMD,CA,AWP,WE,Federal Contract Tower,0,0,6,17,23,0,6,8,22,36,0,6,14,39,59,0,9,9,68
01/29/2003,PMD,CA,AWP,WE,Federal Contract Tower,0,0,12,29,41,0,10,26,39,75,0,10,38,68,116,6,86,92,208
01/30/2003,PMD,CA,AWP,WE,Federal Contract Tower,0,0,9,23,32,4,0,9,23,36,4,0,18,46,68,14,74,88,156
01/31/2003,PMD,CA,AWP,WE,Federal Contract Tower,0,2,19,16,37,0,4,23,13,40,0,6,42,29,77,0,30,30,107
02/01/2003,PMD,CA,AWP,WE,Federal Contract Tower,0,0,4,2,6,0,0,12,0,12,0,0,16,2,18,0,0,0,18
02/02/2003,PMD,CA,AWP,WE,Federal Contract Tower,0,0,2,0,2,0,0,4,0,4,0,0,6,0,6,0,0,0,6
02/03/2003,PMD,CA,AWP,WE,Federal Contract Tower,3,0,16,8,27,3,0,13,0,16,6,0,29,8,43,8,0,8,51
02/04/2003,PMD,CA,AWP,WE,Federal Contract Tower,0,0,12,28,40,0,0,14,33,47,0,0,26,61,87,0,44,44,131
02/05/2003,PMD,CA,AWP,WE,Federal Contract Tower,0,0,9,21,30,0,0,21,27,48,0,0,30,48,78,0,78,78,156
02/06/2003,PMD,CA,AWP,WE,Federal Contract Tower,0,0,7,18,25,0,0,16,14,30,0,0,23,32,55,2,32,34,89
02/07/2003,PMD,CA,AWP,WE,Federal Contract Tower,0,0,10,9,19,0,0,10,7,17,0,0,20,16,36,0,36,36,72
02/08/2003,PMD,CA,AWP,WE,Federal Contract Tower,0,0,15,1,16,0,0,11,1,12,0,0,26,2,28,0,8,8,36
02/09/2003,PMD,CA,AWP,WE,Federal Contract Tower,0,0,3,0,3,0,0,9,0,9,0,0,12,0,12,0,0,0,12
02/10/2003,PMD,CA,AWP,WE,Federal Contract Tower,0,0,17,28,45,0,0,15,32,47,0,0,32,60,92,0,40,40,132
02/11/2003,PMD,CA,AWP,WE,Federal Contract Tower,0,0,11,26,37,0,0,1,18,19,0,0,12,44,56,0,28,28,84
02/12/2003,PMD,CA,AWP,WE,Federal Contract Tower,0,0,22,42,64,0,0,1,2,3,0,0,23,44,67,0,0,0,67
02/13/2003,PMD,CA,AWP,WE,Federal Contract Tower,0,0,10,24,34,0,0,0,28,28,0,0,10,52,62,0,40,40,102
02/14/2003,PMD,CA,AWP,WE,Federal Contract Tower,0,0,16,7,23,0,0,14,0,14,0,0,30,7,37,10,0,10,47
02/15/2003,PMD,CA,AWP,WE,Federal Contract Tower,0,0,7,1,8,0,0,9,1,10,0,0,16,2,18,4,2,6,24
02/16/2003,PMD,CA,AWP,WE,Federal Contract Tower,0,0,1,0,1,0,0,7,0,7,0,0,8,0,8,0,0,0,8
02/17/2003,PMD,CA,AWP,WE,Federal Contract Tower,0,0,8,7,15,0,0,12,9,21,0,0,20,16,36,0,17,17,53
02/18/2003,PMD,CA,AWP,WE,Federal Contract Tower,0,0,18,22,40,0,0,23,24,47,0,0,41,46,87,0,22,22,109
02/19/2003,PMD,CA,AWP,WE,Federal Contract Tower,0,0,4,35,39,0,0,11,15,26,0,0,15,50,65,0,56,56,121
02/20/2003,PMD,CA,AWP,WE,Federal Contract Tower,0,0,14,37,51,0,0,10,25,35,0,0,24,62,86,8,54,62,148
02/21/2003,PMD,CA,AWP,WE,Federal Contract Tower,0,0,9,17,26,0,0,18,19,37,0,0,27,36,63,2,40,42,105
02/22/2003,PMD,CA,AWP,WE,Federal Contract Tower,0,0,9,3,12,0,0,11,1,12,0,0,20,4,24,0,0,0,24
02/23/2003,PMD,CA,AWP,WE,Federal Contract Tower,0,0,9,2,11,0,0,10,0,10,0,0,19,2,21,0,0,0,21
02/24/2003,PMD,CA,AWP,WE,Federal Contract Tower,0,3,12,30,45,0,3,21,44,68,0,6,33,74,113,0,98,98,211
02/25/2003,PMD,CA,AWP,WE,Federal Contract Tower,0,0,8,34,42,0,0,5,14,19,0,0,13,48,61,0,26,26,87
02/26/2003,PMD,CA,AWP,WE,Federal Contract Tower,0,0,12,32,44,0,0,7,30,37,0,0,19,62,81,0,52,52,133
02/27/2003,PMD,CA,AWP,WE,Federal Contract Tower,0,3,7,26,36,0,3,20,16,39,0,6,27,42,75,0,56,56,131
02/28/2003,PMD,CA,AWP,WE,Federal Contract Tower,0,0,9,16,25,0,0,15,16,31,0,0,24,32,56,2,20,22,78
03/01/2003,PMD,CA,AWP,WE,Federal Contract Tower,0,0,4,2,6,0,0,12,4,16,0,0,16,6,22,6,6,12,34
03/02/2003,PMD,CA,AWP,WE,Federal Contract Tower,0,0,11,6,17,0,0,11,6,17,0,0,22,12,34,0,8,8,42
03/03/2003,PMD,CA,AWP,WE,Federal Contract Tower,0,0,4,7,11,0,0,16,0,16,0,0,20,7,27,0,16,16,43
03/04/2003,PMD,CA,AWP,WE,Federal Contract Tower,2,0,9,26,37,0,0,14,18,32,2,0,23,44,69,0,32,32,101
03/05/2003,PMD,CA,AWP,WE,Federal Contract Tower,0,0,2,14,16,0,0,12,19,31,0,0,14,33,47,0,26,26,73
03/06/2003,PMD,CA,AWP,WE,Federal Contract Tower,0,0,6,25,31,0,0,14,11,25,0,0,20,36,56,0,70,70,126
03/07/2003,PMD,CA,AWP,WE,Federal Contract Tower,0,1,2,14,17,0,1,11,14,26,0,2,13,28,43,0,8,8,51
03/08/2003,PMD,CA,AWP,WE,Federal Contract Tower,0,0,5,6,11,0,0,9,3,12,0,0,14,9,23,0,14,14,37
03/09/2003,PMD,CA,AWP,WE,Federal Contract Tower,0,0,2,1,3,0,0,2,1,3,0,0,4,2,6,0,0,0,6
03/10/2003,PMD,CA,AWP,WE,Federal Contract Tower,0,0,11,22,33,0,0,10,21,31,0,0,21,43,64,13,88,101,165
03/11/2003,PMD,CA,AWP,WE,Federal Contract Tower,0,0,3,28,31,0,0,16,15,31,0,0,19,43,62,10,48,58,120
03/12/2003,PMD,CA,AWP,WE,Federal Contract Tower,0,0,9,14,23,0,0,27,14,41,0,0,36,28,64,19,60,79,143
03/13/2003,PMD,CA,AWP,WE,Federal Contract Tower,2,0,10,12,24,2,0,21,16,39,4,0,31,28,63,28,20,48,111
03/14/2003,PMD,CA,AWP,WE,Federal Contract Tower,2,0,11,10,23,0,0,13,12,25,2,0,24,22,48,52,28,80,128
03/15/2003,PMD,CA,AWP,WE,Federal Contract Tower,0,0,3,0,3,0,0,1,0,1,0,0,4,0,4,0,0,0,4
03/16/2003,PMD,CA,AWP,WE,Federal Contract Tower,0,0,3,0,3,0,0,5,0,5,0,0,8,0,8,0,0,0,8
03/17/2003,PMD,CA,AWP,WE,Federal Contract Tower,0,0,4,10,14,0,0,6,12,18,0,0,10,22,32,0,20,20,52
03/18/2003,PMD,CA,AWP,WE,Federal Contract Tower,1,0,12,18,31,1,0,16,19,36,2,0,28,37,67,18,20,38,105
03/19/2003,PMD,CA,AWP,WE,Federal Contract Tower,0,0,7,19,26,0,0,15,31,46,0,0,22,50,72,42,62,104,176
03/20/2003,PMD,CA,AWP,WE,Federal Contract Tower,0,0,7,25,32,0,0,14,25,39,0,0,21,50,71,0,46,46,117
03/21/2003,PMD,CA,AWP,WE,Federal Contract Tower,0,0,13,10,23,0,0,25,14,39,0,0,38,24,62,6,14,20,82
03/22/2003,PMD,CA,AWP,WE,Federal Contract Tower,0,0,2,0,2,0,0,4,0,4,0,0,6,0,6,0,0,0,6
03/23/2003,PMD,CA,AWP,WE,Federal Contract Tower,0,0,7,0,7,0,0,7,0,7,0,0,14,0,14,0,0,0,14
03/24/2003,PMD,CA,AWP,WE,Federal Contract Tower,0,0,3,17,20,0,0,9,28,37,0,0,12,45,57,0,32,32,89
03/25/2003,PMD,CA,AWP,WE,Federal Contract Tower,4,0,6,27,37,0,0,16,31,47,4,0,22,58,84,10,92,102,186
03/26/2003,PMD,CA,AWP,WE,Federal Contract Tower,0,0,5,5,10,0,0,8,8,16,0,0,13,13,26,0,30,30,56
03/27/2003,PMD,CA,AWP,WE,Federal Contract Tower,0,1,10,19,30,0,1,16,15,32,0,2,26,34,62,10,34,44,106
03/28/2003,PMD,CA,AWP,WE,Federal Contract Tower,0,0,1,7,8,0,0,4,5,9,0,0,5,12,17,0,12,12,29
03/29/2003,PMD,CA,AWP,WE,Federal Contract Tower,0,0,8,1,9,0,0,8,2,10,0,0,16,3,19,0,0,0,19
03/30/2003,PMD,CA,AWP,WE,Federal Contract Tower,0,0,0,0,0,0,0,0,0,0,0,0,0,0,0,0,0,0,0
03/31/2003,PMD,CA,AWP,WE,Federal Contract Tower,0,0,8,16,24,0,0,4,18,22,0,0,12,34,46,0,26,26,72
04/01/2003,PMD,CA,AWP,WE,Federal Contract Tower,0,1,4,17,22,0,1,15,11,27,0,2,19,28,49,12,48,60,109
04/02/2003,PMD,CA,AWP,WE,Federal Contract Tower,0,0,12,3,15,0,0,10,4,14,0,0,22,7,29,0,0,0,29
04/03/2003,PMD,CA,AWP,WE,Federal Contract Tower,0,0,9,19,28,0,0,5,15,20,0,0,14,34,48,0,34,34,82
04/04/2003,PMD,CA,AWP,WE,Federal Contract Tower,0,0,9,14,23,0,0,17,12,29,0,0,26,26,52,0,24,24,76
04/05/2003,PMD,CA,AWP,WE,Federal Contract Tower,0,0,2,5,7,0,0,2,5,7,0,0,4,10,14,0,0,0,14
04/06/2003,PMD,CA,AWP,WE,Federal Contract Tower,0,0,5,7,12,0,0,11,1,12,0,0,16,8,24,0,0,0,24
04/07/2003,PMD,CA,AWP,WE,Federal Contract Tower,0,0,3,5,8,0,0,14,9,23,0,0,17,14,31,0,6,6,37
04/08/2003,PMD,CA,AWP,WE,Federal Contract Tower,0,0,17,10,27,0,0,13,5,18,0,0,30,15,45,0,38,38,83
04/09/2003,PMD,CA,AWP,WE,Federal Contract Tower,0,0,15,20,35,0,0,33,42,75,0,0,48,62,110,0,18,18,128
04/10/2003,PMD,CA,AWP,WE,Federal Contract Tower,0,0,10,25,35,0,0,17,21,38,0,0,27,46,73,30,44,74,147
04/11/2003,PMD,CA,AWP,WE,Federal Contract Tower,3,0,10,13,26,3,0,14,7,24,6,0,24,20,50,0,46,46,96
04/12/2003,PMD,CA,AWP,WE,Federal Contract Tower,2,0,4,5,11,2,0,4,9,15,4,0,8,14,26,0,4,4,30
04/13/2003,PMD,CA,AWP,WE,Federal Contract Tower,1,0,0,1,2,5,0,0,1,6,6,0,0,2,8,0,4,4,12
04/14/2003,PMD,CA,AWP,WE,Federal Contract Tower,0,0,13,18,31,0,0,7,21,28,0,0,20,39,59,0,38,38,97
04/15/2003,PMD,CA,AWP,WE,Federal Contract Tower,1,0,4,15,20,1,0,16,21,38,2,0,20,36,58,2,30,32,90
04/16/2003,PMD,CA,AWP,WE,Federal Contract Tower,0,0,14,15,29,0,0,24,11,35,0,0,38,26,64,10,84,94,158
04/17/2003,PMD,CA,AWP,WE,Federal Contract Tower,0,1,4,25,30,0,1,4,15,20,0,2,8,40,50,0,88,88,138
04/18/2003,PMD,CA,AWP,WE,Federal Contract Tower,0,0,10,2,12,0,0,6,2,8,0,0,16,4,20,0,0,0,20
04/19/2003,PMD,CA,AWP,WE,Federal Contract Tower,0,0,7,0,7,0,0,7,1,8,0,0,14,1,15,0,0,0,15
04/20/2003,PMD,CA,AWP,WE,Federal Contract Tower,0,0,0,0,0,0,0,0,0,0,0,0,0,0,0,0,0,0,0
04/21/2003,PMD,CA,AWP,WE,Federal Contract Tower,0,1,9,14,24,8,1,8,19,36,8,2,17,33,60,0,38,38,98
04/22/2003,PMD,CA,AWP,WE,Federal Contract Tower,0,0,7,16,23,0,0,13,16,29,0,0,20,32,52,0,66,66,118
04/23/2003,PMD,CA,AWP,WE,Federal Contract Tower,0,1,6,15,22,0,1,13,30,44,0,2,19,45,66,0,61,61,127
04/24/2003,PMD,CA,AWP,WE,Federal Contract Tower,0,0,9,10,19,0,0,12,16,28,0,0,21,26,47,0,24,24,71
04/25/2003,PMD,CA,AWP,WE,Federal Contract Tower,0,1,6,6,13,0,1,6,6,13,0,2,12,12,26,0,6,6,32
04/26/2003,PMD,CA,AWP,WE,Federal Contract Tower,0,0,2,0,2,0,0,4,0,4,0,0,6,0,6,0,0,0,6
04/27/2003,PMD,CA,AWP,WE,Federal Contract Tower,0,0,1,0,1,0,0,5,0,5,0,0,6,0,6,0,0,0,6
04/28/2003,PMD,CA,AWP,WE,Federal Contract Tower,0,2,11,27,40,0,2,27,47,76,0,4,38,74,116,2,58,60,176
04/29/2003,PMD,CA,AWP,WE,Federal Contract Tower,0,0,18,18,36,0,0,28,22,50,0,0,46,40,86,8,84,92,178
04/30/2003,PMD,CA,AWP,WE,Federal Contract Tower,0,0,8,13,21,0,0,9,25,34,0,0,17,38,55,4,44,48,103
05/01/2003,PMD,CA,AWP,WE,Federal Contract Tower,0,2,11,13,26,0,2,17,18,37,0,4,28,31,63,0,72,72,135
05/02/2003,PMD,CA,AWP,WE,Federal Contract Tower,0,0,17,18,35,0,0,17,15,32,0,0,34,33,67,0,20,20,87
05/03/2003,PMD,CA,AWP,WE,Federal Contract Tower,0,0,0,0,0,0,0,0,0,0,0,0,0,0,0,0,0,0,0
05/04/2003,PMD,CA,AWP,WE,Federal Contract Tower,1,0,6,8,15,7,0,8,0,15,8,0,14,8,30,0,8,8,38
05/05/2003,PMD,CA,AWP,WE,Federal Contract Tower,2,1,11,24,38,0,1,29,32,62,2,2,40,56,100,2,80,82,182
05/06/2003,PMD,CA,AWP,WE,Federal Contract Tower,3,0,5,25,33,1,0,23,27,51,4,0,28,52,84,0,38,38,122
05/07/2003,PMD,CA,AWP,WE,Federal Contract Tower,0,1,15,45,61,0,1,7,37,45,0,2,22,82,106,6,64,70,176
05/08/2003,PMD,CA,AWP,WE,Federal Contract Tower,0,0,6,5,11,0,0,10,7,17,0,0,16,12,28,12,6,18,46
05/09/2003,PMD,CA,AWP,WE,Federal Contract Tower,0,0,18,9,27,0,0,22,13,35,0,0,40,22,62,0,16,16,78
05/10/2003,PMD,CA,AWP,WE,Federal Contract Tower,0,0,14,0,14,0,0,12,4,16,0,0,26,4,30,0,0,0,30
05/11/2003,PMD,CA,AWP,WE,Federal Contract Tower,0,0,4,0,4,0,0,12,0,12,0,0,16,0,16,0,0,0,16
05/12/2003,PMD,CA,AWP,WE,Federal Contract Tower,0,2,9,14,25,0,2,15,15,32,0,4,24,29,57,0,56,56,113
05/13/2003,PMD,CA,AWP,WE,Federal Contract Tower,0,1,18,30,49,0,1,20,42,63,0,2,38,72,112,22,80,102,214
05/14/2003,PMD,CA,AWP,WE,Federal Contract Tower,0,0,15,15,30,0,0,30,15,45,0,0,45,30,75,26,58,84,159
05/15/2003,PMD,CA,AWP,WE,Federal Contract Tower,0,1,8,10,19,0,1,16,37,54,0,2,24,47,73,66,18,84,157
05/16/2003,PMD,CA,AWP,WE,Federal Contract Tower,0,0,6,16,22,0,0,6,20,26,0,0,12,36,48,0,26,26,74
05/17/2003,PMD,CA,AWP,WE,Federal Contract Tower,0,0,6,0,6,6,0,16,0,22,6,0,22,0,28,0,0,0,28
05/18/2003,PMD,CA,AWP,WE,Federal Contract Tower,0,0,5,0,5,0,0,3,2,5,0,0,8,2,10,0,2,2,12
05/19/2003,PMD,CA,AWP,WE,Federal Contract Tower,0,1,6,7,14,0,1,12,8,21,0,2,18,15,35,0,16,16,51
05/20/2003,PMD,CA,AWP,WE,Federal Contract Tower,0,0,11,21,32,0,0,13,29,42,0,0,24,50,74,0,68,68,142
05/21/2003,PMD,CA,AWP,WE,Federal Contract Tower,0,1,11,25,37,0,1,16,25,42,0,2,27,50,79,0,98,98,177
05/22/2003,PMD,CA,AWP,WE,Federal Contract Tower,0,0,13,22,35,0,0,22,22,44,0,0,35,44,79,0,112,112,191
05/23/2003,PMD,CA,AWP,WE,Federal Contract Tower,0,0,10,0,10,0,0,10,0,10,0,0,20,0,20,0,0,0,20
05/24/2003,PMD,CA,AWP,WE,Federal Contract Tower,0,0,5,0,5,0,0,5,0,5,0,0,10,0,10,0,0,0,10
05/25/2003,PMD,CA,AWP,WE,Federal Contract Tower,0,0,0,0,0,0,0,2,0,2,0,0,2,0,2,0,0,0,2
05/26/2003,PMD,CA,AWP,WE,Federal Contract Tower,0,0,0,0,0,0,0,0,0,0,0,0,0,0,0,0,0,0,0
05/27/2003,PMD,CA,AWP,WE,Federal Contract Tower,0,0,8,8,16,0,0,22,10,32,0,0,30,18,48,10,26,36,84
05/28/2003,PMD,CA,AWP,WE,Federal Contract Tower,0,1,8,29,38,0,1,20,31,52,0,2,28,60,90,0,48,48,138
05/29/2003,PMD,CA,AWP,WE,Federal Contract Tower,0,1,8,30,39,0,1,10,24,35,0,2,18,54,74,0,108,108,182
05/30/2003,PMD,CA,AWP,WE,Federal Contract Tower,0,0,10,13,23,0,0,14,7,21,0,0,24,20,44,6,48,54,98
05/31/2003,PMD,CA,AWP,WE,Federal Contract Tower,0,0,12,1,13,0,0,13,1,14,0,0,25,2,27,16,0,16,43
06/01/2003,PMD,CA,AWP,WE,Federal Contract Tower,0,0,3,3,6,0,0,3,3,6,0,0,6,6,12,0,0,0,12
06/02/2003,PMD,CA,AWP,WE,Federal Contract Tower,6,4,12,11,33,0,0,17,19,36,6,4,29,30,69,2,92,94,163
06/03/2003,PMD,CA,AWP,WE,Federal Contract Tower,0,2,15,25,42,0,2,12,31,45,0,4,27,56,87,0,50,50,137
06/04/2003,PMD,CA,AWP,WE,Federal Contract Tower,0,0,9,15,24,0,0,16,21,37,0,0,25,36,61,0,40,40,101
06/05/2003,PMD,CA,AWP,WE,Federal Contract Tower,0,0,19,8,27,0,0,13,20,33,0,0,32,28,60,22,76,98,158
06/06/2003,PMD,CA,AWP,WE,Federal Contract Tower,0,1,13,9,23,0,1,14,10,25,0,2,27,19,48,0,30,30,78
06/07/2003,PMD,CA,AWP,WE,Federal Contract Tower,0,0,4,8,12,0,0,6,8,14,0,0,10,16,26,0,10,10,36
06/08/2003,PMD,CA,AWP,WE,Federal Contract Tower,0,0,1,2,3,0,0,1,2,3,0,0,2,4,6,0,0,0,6
06/09/2003,PMD,CA,AWP,WE,Federal Contract Tower,0,1,22,18,41,1,2,15,26,44,1,3,37,44,85,2,48,50,135
06/10/2003,PMD,CA,AWP,WE,Federal Contract Tower,0,0,10,27,37,0,0,16,39,55,0,0,26,66,92,0,54,54,146
06/11/2003,PMD,CA,AWP,WE,Federal Contract Tower,0,0,15,13,28,0,0,23,15,38,0,0,38,28,66,0,22,22,88
06/12/2003,PMD,CA,AWP,WE,Federal Contract Tower,0,1,10,18,29,0,1,13,12,26,0,2,23,30,55,0,36,36,91
06/13/2003,PMD,CA,AWP,WE,Federal Contract Tower,0,1,7,6,14,0,1,5,12,18,0,2,12,18,32,0,26,26,58
06/14/2003,PMD,CA,AWP,WE,Federal Contract Tower,0,0,5,0,5,0,0,7,0,7,0,0,12,0,12,0,0,0,12
06/15/2003,PMD,CA,AWP,WE,Federal Contract Tower,3,0,0,0,3,3,0,0,0,3,6,0,0,0,6,0,0,0,6
06/16/2003,PMD,CA,AWP,WE,Federal Contract Tower,0,0,9,14,23,0,0,13,10,23,0,0,22,24,46,8,54,62,108
06/17/2003,PMD,CA,AWP,WE,Federal Contract Tower,0,0,8,25,33,0,2,16,25,43,0,2,24,50,76,0,44,44,120
06/18/2003,PMD,CA,AWP,WE,Federal Contract Tower,2,0,9,21,32,2,0,9,35,46,4,0,18,56,78,4,92,96,174
06/19/2003,PMD,CA,AWP,WE,Federal Contract Tower,0,0,11,55,66,0,0,11,47,58,0,0,22,102,124,0,86,86,210
06/20/2003,PMD,CA,AWP,WE,Federal Contract Tower,0,0,3,3,6,0,0,5,3,8,0,0,8,6,14,0,6,6,20
06/21/2003,PMD,CA,AWP,WE,Federal Contract Tower,0,0,4,0,4,0,0,4,6,10,0,0,8,6,14,0,0,0,14
06/22/2003,PMD,CA,AWP,WE,Federal Contract Tower,0,0,12,0,12,0,0,12,0,12,0,0,24,0,24,0,0,0,24
06/23/2003,PMD,CA,AWP,WE,Federal Contract Tower,0,0,9,14,23,0,0,10,12,22,0,0,19,26,45,0,65,65,110
06/24/2003,PMD,CA,AWP,WE,Federal Contract Tower,0,0,7,20,27,0,0,9,38,47,0,0,16,58,74,8,66,74,148
06/25/2003,PMD,CA,AWP,WE,Federal Contract Tower,0,2,12,15,29,0,2,18,17,37,0,4,30,32,66,24,48,72,138
06/26/2003,PMD,CA,AWP,WE,Federal Contract Tower,0,0,9,24,33,0,0,19,32,51,0,0,28,56,84,2,42,44,128
06/27/2003,PMD,CA,AWP,WE,Federal Contract Tower,0,1,4,11,16,0,1,4,7,12,0,2,8,18,28,0,84,84,112
06/28/2003,PMD,CA,AWP,WE,Federal Contract Tower,0,0,0,0,0,0,0,0,0,0,0,0,0,0,0,0,0,0,0
06/29/2003,PMD,CA,AWP,WE,Federal Contract Tower,0,0,5,0,5,0,0,5,0,5,0,0,10,0,10,0,0,0,10
06/30/2003,PMD,CA,AWP,WE,Federal Contract Tower,0,2,4,25,31,0,0,6,19,25,0,2,10,44,56,0,36,36,92
07/01/2003,PMD,CA,AWP,WE,Federal Contract Tower,0,0,3,27,30,0,0,9,31,40,0,0,12,58,70,0,96,96,166
07/02/2003,PMD,CA,AWP,WE,Federal Contract Tower,0,0,19,19,38,0,0,25,25,50,0,0,44,44,88,4,28,32,120
07/03/2003,PMD,CA,AWP,WE,Federal Contract Tower,0,0,5,2,7,0,0,5,7,12,0,0,10,9,19,0,6,6,25
07/04/2003,PMD,CA,AWP,WE,Federal Contract Tower,0,0,3,0,3,0,0,3,0,3,0,0,6,0,6,0,0,0,6
07/05/2003,PMD,CA,AWP,WE,Federal Contract Tower,0,0,3,10,13,0,0,3,2,5,0,0,6,12,18,0,12,12,30
07/06/2003,PMD,CA,AWP,WE,Federal Contract Tower,0,0,0,2,2,0,0,0,0,0,0,0,0,2,2,0,2,2,4
07/07/2003,PMD,CA,AWP,WE,Federal Contract Tower,3,1,1,17,22,3,1,7,27,38,6,2,8,44,60,0,12,12,72
07/08/2003,PMD,CA,AWP,WE,Federal Contract Tower,0,0,16,30,46,0,0,26,48,74,0,0,42,78,120,0,44,44,164
07/09/2003,PMD,CA,AWP,WE,Federal Contract Tower,0,0,13,29,42,0,0,18,35,53,0,0,31,64,95,0,90,90,185
07/10/2003,PMD,CA,AWP,WE,Federal Contract Tower,0,0,9,34,43,0,0,11,42,53,0,0,20,76,96,0,98,98,194
07/11/2003,PMD,CA,AWP,WE,Federal Contract Tower,0,0,7,15,22,0,0,7,15,22,0,0,14,30,44,0,22,22,66
07/12/2003,PMD,CA,AWP,WE,Federal Contract Tower,0,0,3,9,12,0,0,3,3,6,0,0,6,12,18,0,38,38,56
07/13/2003,PMD,CA,AWP,WE,Federal Contract Tower,0,0,0,5,5,0,0,0,3,3,0,0,0,8,8,0,12,12,20
07/14/2003,PMD,CA,AWP,WE,Federal Contract Tower,0,0,12,11,23,0,0,28,12,40,0,0,40,23,63,2,4,6,69
07/15/2003,PMD,CA,AWP,WE,Federal Contract Tower,0,1,5,29,35,0,1,17,41,59,0,2,22,70,94,0,42,42,136
07/16/2003,PMD,CA,AWP,WE,Federal Contract Tower,0,1,11,17,29,0,1,21,17,39,0,2,32,34,68,4,98,102,170
07/17/2003,PMD,CA,AWP,WE,Federal Contract Tower,0,0,11,17,28,0,0,19,17,36,0,0,30,34,64,0,44,44,108
07/18/2003,PMD,CA,AWP,WE,Federal Contract Tower,0,0,13,8,21,0,0,16,16,32,0,0,29,24,53,12,4,16,69
07/19/2003,PMD,CA,AWP,WE,Federal Contract Tower,0,0,6,4,10,0,0,6,4,10,0,0,12,8,20,0,0,0,20
07/20/2003,PMD,CA,AWP,WE,Federal Contract Tower,0,0,1,0,1,0,0,1,0,1,0,0,2,0,2,0,0,0,2
07/21/2003,PMD,CA,AWP,WE,Federal Contract Tower,0,0,2,25,27,0,0,10,15,25,0,0,12,40,52,0,91,91,143
07/22/2003,PMD,CA,AWP,WE,Federal Contract Tower,0,0,5,20,25,0,0,11,6,17,0,0,16,26,42,0,84,84,126
07/23/2003,PMD,CA,AWP,WE,Federal Contract Tower,1,0,10,15,26,3,0,13,15,31,4,0,23,30,57,2,36,38,95
07/24/2003,PMD,CA,AWP,WE,Federal Contract Tower,0,2,15,40,57,0,2,12,72,86,0,4,27,112,143,0,164,164,307
07/25/2003,PMD,CA,AWP,WE,Federal Contract Tower,0,0,5,13,18,0,0,13,13,26,0,0,18,26,44,0,70,70,114
07/26/2003,PMD,CA,AWP,WE,Federal Contract Tower,0,0,2,0,2,0,0,0,0,0,0,0,2,0,2,0,0,0,2
07/27/2003,PMD,CA,AWP,WE,Federal Contract Tower,0,0,0,0,0,0,0,0,0,0,0,0,0,0,0,0,0,0,0
07/28/2003,PMD,CA,AWP,WE,Federal Contract Tower,0,0,2,15,17,0,0,10,13,23,0,0,12,28,40,6,26,32,72
07/29/2003,PMD,CA,AWP,WE,Federal Contract Tower,0,0,3,17,20,0,0,11,19,30,0,0,14,36,50,2,78,80,130
07/30/2003,PMD,CA,AWP,WE,Federal Contract Tower,0,1,15,18,34,0,1,20,12,33,0,2,35,30,67,0,74,74,141
07/31/2003,PMD,CA,AWP,WE,Federal Contract Tower,0,0,10,5,15,0,0,17,14,31,0,0,27,19,46,6,50,56,102
08/01/2003,PMD,CA,AWP,WE,Federal Contract Tower,5,0,10,10,25,0,0,12,10,22,5,0,22,20,47,0,8,8,55
08/02/2003,PMD,CA,AWP,WE,Federal Contract Tower,0,0,4,7,11,0,0,6,3,9,0,0,10,10,20,0,14,14,34
08/03/2003,PMD,CA,AWP,WE,Federal Contract Tower,0,0,2,2,4,0,0,4,2,6,0,0,6,4,10,0,4,4,14
08/04/2003,PMD,CA,AWP,WE,Federal Contract Tower,0,1,9,23,33,0,1,9,27,37,0,2,18,50,70,0,100,100,170
08/05/2003,PMD,CA,AWP,WE,Federal Contract Tower,0,0,3,15,18,0,0,15,23,38,0,0,18,38,56,0,64,64,120
08/06/2003,PMD,CA,AWP,WE,Federal Contract Tower,0,1,8,7,16,0,1,12,9,22,0,2,20,16,38,16,0,16,54
08/07/2003,PMD,CA,AWP,WE,Federal Contract Tower,0,2,13,16,31,0,2,29,14,45,0,4,42,30,76,0,32,32,108
08/08/2003,PMD,CA,AWP,WE,Federal Contract Tower,0,0,13,7,20,0,0,13,11,24,0,0,26,18,44,0,16,16,60
08/09/2003,PMD,CA,AWP,WE,Federal Contract Tower,0,0,2,5,7,0,0,4,3,7,0,0,6,8,14,0,0,0,14
08/10/2003,PMD,CA,AWP,WE,Federal Contract Tower,0,0,11,0,11,0,0,11,0,11,0,0,22,0,22,0,0,0,22
08/11/2003,PMD,CA,AWP,WE,Federal Contract Tower,0,10,14,9,33,6,2,11,17,36,6,12,25,26,69,10,46,56,125
08/12/2003,PMD,CA,AWP,WE,Federal Contract Tower,0,0,3,11,14,0,0,15,13,28,0,0,18,24,42,6,14,20,62
08/13/2003,PMD,CA,AWP,WE,Federal Contract Tower,0,0,4,13,17,0,0,11,17,28,0,0,15,30,45,8,26,34,79
08/14/2003,PMD,CA,AWP,WE,Federal Contract Tower,0,0,7,8,15,0,0,16,17,33,0,0,23,25,48,0,26,26,74
08/15/2003,PMD,CA,AWP,WE,Federal Contract Tower,0,0,6,9,15,0,0,11,13,24,0,0,17,22,39,0,23,23,62
08/16/2003,PMD,CA,AWP,WE,Federal Contract Tower,0,0,6,4,10,0,0,14,6,20,0,0,20,10,30,0,0,0,30
08/17/2003,PMD,CA,AWP,WE,Federal Contract Tower,0,0,2,0,2,0,0,2,0,2,0,0,4,0,4,0,0,0,4
08/18/2003,PMD,CA,AWP,WE,Federal Contract Tower,0,0,7,12,19,0,0,19,12,31,0,0,26,24,50,0,36,36,86
08/19/2003,PMD,CA,AWP,WE,Federal Contract Tower,0,0,6,26,32,0,0,14,26,40,0,0,20,52,72,6,38,44,116
08/20/2003,PMD,CA,AWP,WE,Federal Contract Tower,0,0,6,17,23,0,0,18,17,35,0,0,24,34,58,22,22,44,102
08/21/2003,PMD,CA,AWP,WE,Federal Contract Tower,0,1,6,23,30,0,1,15,42,58,0,2,21,65,88,8,96,104,192
08/22/2003,PMD,CA,AWP,WE,Federal Contract Tower,0,1,5,9,15,0,1,8,8,17,0,2,13,17,32,0,20,20,52
08/23/2003,PMD,CA,AWP,WE,Federal Contract Tower,0,0,4,0,4,0,0,2,0,2,0,0,6,0,6,0,0,0,6
08/24/2003,PMD,CA,AWP,WE,Federal Contract Tower,0,0,1,1,2,0,0,0,5,5,0,0,1,6,7,0,0,0,7
08/25/2003,PMD,CA,AWP,WE,Federal Contract Tower,0,1,11,20,32,0,1,6,38,45,0,2,17,58,77,28,60,88,165
08/26/2003,PMD,CA,AWP,WE,Federal Contract Tower,0,0,2,32,34,0,0,10,32,42,0,0,12,64,76,0,66,66,142
08/27/2003,PMD,CA,AWP,WE,Federal Contract Tower,0,2,9,26,37,0,2,23,26,51,0,4,32,52,88,14,42,56,144
08/28/2003,PMD,CA,AWP,WE,Federal Contract Tower,0,0,12,26,38,0,0,22,39,61,0,0,34,65,99,23,88,111,210
08/29/2003,PMD,CA,AWP,WE,Federal Contract Tower,0,0,1,6,7,0,0,2,16,18,0,0,3,22,25,0,8,8,33
08/30/2003,PMD,CA,AWP,WE,Federal Contract Tower,0,0,5,0,5,0,0,5,0,5,0,0,10,0,10,0,0,0,10
08/31/2003,PMD,CA,AWP,WE,Federal Contract Tower,2,0,0,0,2,2,0,0,0,2,4,0,0,0,4,0,0,0,4
09/01/2003,PMD,CA,AWP,WE,Federal Contract Tower,0,0,1,0,1,0,0,1,0,1,0,0,2,0,2,0,0,0,2
09/02/2003,PMD,CA,AWP,WE,Federal Contract Tower,0,0,6,38,44,0,0,9,36,45,0,0,15,74,89,0,102,102,191
09/03/2003,PMD,CA,AWP,WE,Federal Contract Tower,0,0,10,27,37,0,0,12,31,43,0,0,22,58,80,0,32,32,112
09/04/2003,PMD,CA,AWP,WE,Federal Contract Tower,0,0,11,16,27,0,0,11,8,19,0,0,22,24,46,10,20,30,76
09/05/2003,PMD,CA,AWP,WE,Federal Contract Tower,0,0,7,10,17,0,0,11,6,17,0,0,18,16,34,0,2,2,36
09/06/2003,PMD,CA,AWP,WE,Federal Contract Tower,0,0,7,3,10,0,0,7,7,14,0,0,14,10,24,0,4,4,28
09/07/2003,PMD,CA,AWP,WE,Federal Contract Tower,0,0,4,2,6,0,0,4,4,8,0,0,8,6,14,2,4,6,20
09/08/2003,PMD,CA,AWP,WE,Federal Contract Tower,0,0,7,10,17,0,0,9,10,19,0,0,16,20,36,0,20,20,56
09/09/2003,PMD,CA,AWP,WE,Federal Contract Tower,0,0,8,32,40,0,0,18,42,60,0,0,26,74,100,20,56,76,176
09/10/2003,PMD,CA,AWP,WE,Federal Contract Tower,0,1,3,27,31,0,1,13,27,41,0,2,16,54,72,0,78,78,150
09/11/2003,PMD,CA,AWP,WE,Federal Contract Tower,0,2,2,32,36,0,2,12,19,33,0,4,14,51,69,0,40,40,109
09/12/2003,PMD,CA,AWP,WE,Federal Contract Tower,0,0,4,10,14,0,0,15,14,29,0,0,19,24,43,20,22,42,85
09/13/2003,PMD,CA,AWP,WE,Federal Contract Tower,0,0,5,5,10,0,0,9,5,14,0,0,14,10,24,6,0,6,30
09/14/2003,PMD,CA,AWP,WE,Federal Contract Tower,0,0,6,0,6,0,0,6,0,6,0,0,12,0,12,0,0,0,12
09/15/2003,PMD,CA,AWP,WE,Federal Contract Tower,0,0,4,25,29,0,0,8,23,31,0,0,12,48,60,0,70,70,130
09/16/2003,PMD,CA,AWP,WE,Federal Contract Tower,0,0,12,36,48,0,0,15,44,59,0,0,27,80,107,4,130,134,241
09/17/2003,PMD,CA,AWP,WE,Federal Contract Tower,0,1,5,19,25,0,1,15,26,42,0,2,20,45,67,46,94,140,207
09/18/2003,PMD,CA,AWP,WE,Federal Contract Tower,0,2,17,26,45,0,0,19,24,43,0,2,36,50,88,2,90,92,180
09/19/2003,PMD,CA,AWP,WE,Federal Contract Tower,3,0,8,12,23,7,0,14,17,38,10,0,22,29,61,18,40,58,119
09/20/2003,PMD,CA,AWP,WE,Federal Contract Tower,1,0,5,4,10,1,0,8,1,10,2,0,13,5,20,0,0,0,20
09/21/2003,PMD,CA,AWP,WE,Federal Contract Tower,0,0,1,0,1,0,0,1,0,1,0,0,2,0,2,0,0,0,2
09/22/2003,PMD,CA,AWP,WE,Federal Contract Tower,0,0,4,6,10,0,0,10,18,28,0,0,14,24,38,8,20,28,66
09/23/2003,PMD,CA,AWP,WE,Federal Contract Tower,0,1,5,16,22,0,1,11,24,36,0,2,16,40,58,0,42,42,100
09/24/2003,PMD,CA,AWP,WE,Federal Contract Tower,0,0,6,17,23,0,0,19,19,38,0,0,25,36,61,0,52,52,113
09/25/2003,PMD,CA,AWP,WE,Federal Contract Tower,0,1,10,6,17,0,1,22,12,35,0,2,32,18,52,0,34,34,86
09/26/2003,PMD,CA,AWP,WE,Federal Contract Tower,0,0,13,10,23,0,0,25,16,41,0,0,38,26,64,2,10,12,76
09/27/2003,PMD,CA,AWP,WE,Federal Contract Tower,0,0,2,7,9,0,0,2,7,9,0,0,4,14,18,0,14,14,32
09/28/2003,PMD,CA,AWP,WE,Federal Contract Tower,0,0,6,0,6,0,0,6,0,6,0,0,12,0,12,0,0,0,12
09/29/2003,PMD,CA,AWP,WE,Federal Contract Tower,0,0,4,31,35,0,0,12,18,30,0,0,16,49,65,0,46,46,111
09/30/2003,PMD,CA,AWP,WE,Federal Contract Tower,0,0,4,31,35,0,0,26,43,69,0,0,30,74,104,0,102,102,206
10/01/2003,PMD,CA,AWP,WE,Federal Contract Tower,0,0,12,26,38,0,0,26,16,42,0,0,38,42,80,30,42,72,152
10/02/2003,PMD,CA,AWP,WE,Federal Contract Tower,0,0,8,18,26,0,0,38,35,73,0,0,46,53,99,2,42,44,143
10/03/2003,PMD,CA,AWP,WE,Federal Contract Tower,0,0,9,20,29,0,0,13,16,29,0,0,22,36,58,8,62,70,128
10/04/2003,PMD,CA,AWP,WE,Federal Contract Tower,0,0,0,2,2,0,0,0,0,0,0,0,0,2,2,0,8,8,10
10/05/2003,PMD,CA,AWP,WE,Federal Contract Tower,1,0,2,7,10,3,0,4,3,10,4,0,6,10,20,0,52,52,72
10/06/2003,PMD,CA,AWP,WE,Federal Contract Tower,0,0,7,17,24,0,0,37,9,46,0,0,44,26,70,12,37,49,119
10/07/2003,PMD,CA,AWP,WE,Federal Contract Tower,2,0,15,34,51,2,0,1,60,63,4,0,16,94,114,0,80,80,194
10/08/2003,PMD,CA,AWP,WE,Federal Contract Tower,0,0,13,28,41,0,0,29,28,57,0,0,42,56,98,22,128,150,248
10/09/2003,PMD,CA,AWP,WE,Federal Contract Tower,1,0,14,28,43,3,0,16,41,60,4,0,30,69,103,16,87,103,206
10/10/2003,PMD,CA,AWP,WE,Federal Contract Tower,0,0,5,9,14,0,0,11,8,19,0,0,16,17,33,4,20,24,57
10/11/2003,PMD,CA,AWP,WE,Federal Contract Tower,0,0,0,0,0,0,0,4,0,4,0,0,4,0,4,0,0,0,4
10/12/2003,PMD,CA,AWP,WE,Federal Contract Tower,0,0,6,11,17,0,0,16,5,21,0,0,22,16,38,10,6,16,54
10/13/2003,PMD,CA,AWP,WE,Federal Contract Tower,0,0,0,2,2,0,0,10,0,10,0,0,10,2,12,0,0,0,12
10/14/2003,PMD,CA,AWP,WE,Federal Contract Tower,0,0,12,23,35,0,2,31,37,70,0,2,43,60,105,16,70,86,191
10/15/2003,PMD,CA,AWP,WE,Federal Contract Tower,0,0,12,23,35,0,0,2,39,41,0,0,14,62,76,0,94,94,170
10/16/2003,PMD,CA,AWP,WE,Federal Contract Tower,0,0,10,19,29,0,0,3,28,31,0,0,13,47,60,10,44,54,114
10/17/2003,PMD,CA,AWP,WE,Federal Contract Tower,0,1,10,20,31,0,5,14,11,30,0,6,24,31,61,2,14,16,77
10/18/2003,PMD,CA,AWP,WE,Federal Contract Tower,0,0,6,10,16,0,0,12,8,20,0,0,18,18,36,18,0,18,54
10/19/2003,PMD,CA,AWP,WE,Federal Contract Tower,0,0,2,4,6,0,0,4,4,8,0,0,6,8,14,0,24,24,38
10/20/2003,PMD,CA,AWP,WE,Federal Contract Tower,0,0,11,22,33,6,0,1,28,35,6,0,12,50,68,10,30,40,108
10/21/2003,PMD,CA,AWP,WE,Federal Contract Tower,0,0,15,31,46,0,0,15,46,61,0,0,30,77,107,0,50,50,157
10/22/2003,PMD,CA,AWP,WE,Federal Contract Tower,0,0,11,20,31,0,0,9,30,39,0,0,20,50,70,10,32,42,112
10/23/2003,PMD,CA,AWP,WE,Federal Contract Tower,0,0,11,23,34,0,0,13,13,26,0,0,24,36,60,0,58,58,118
10/24/2003,PMD,CA,AWP,WE,Federal Contract Tower,0,0,9,16,25,0,0,34,0,34,0,0,43,16,59,2,34,36,95
10/25/2003,PMD,CA,AWP,WE,Federal Contract Tower,0,0,3,5,8,0,0,5,5,10,0,0,8,10,18,0,14,14,32
10/26/2003,PMD,CA,AWP,WE,Federal Contract Tower,0,0,0,0,0,0,0,2,3,5,0,0,2,3,5,0,0,0,5
10/27/2003,PMD,CA,AWP,WE,Federal Contract Tower,0,1,6,11,18,0,3,25,3,31,0,4,31,14,49,0,20,20,69
10/28/2003,PMD,CA,AWP,WE,Federal Contract Tower,0,1,7,14,22,2,11,11,13,37,2,12,18,27,59,18,34,52,111
10/29/2003,PMD,CA,AWP,WE,Federal Contract Tower,0,0,5,9,14,0,0,11,3,14,0,0,16,12,28,0,20,20,48
10/30/2003,PMD,CA,AWP,WE,Federal Contract Tower,0,0,10,19,29,8,4,0,19,31,8,4,10,38,60,0,58,58,118
10/31/2003,PMD,CA,AWP,WE,Federal Contract Tower,0,0,5,8,13,0,2,19,0,21,0,2,24,8,34,8,4,12,46
11/01/2003,PMD,CA,AWP,WE,Federal Contract Tower,1,0,3,0,4,3,0,9,0,12,4,0,12,0,16,6,0,6,22
11/02/2003,PMD,CA,AWP,WE,Federal Contract Tower,0,0,4,9,13,0,0,14,1,15,0,0,18,10,28,4,0,4,32
11/03/2003,PMD,CA,AWP,WE,Federal Contract Tower,0,0,4,9,13,0,0,9,6,15,0,0,13,15,28,0,12,12,40
11/04/2003,PMD,CA,AWP,WE,Federal Contract Tower,0,0,8,14,22,0,2,18,18,38,0,2,26,32,60,6,68,74,134
11/05/2003,PMD,CA,AWP,WE,Federal Contract Tower,0,0,11,22,33,0,0,4,34,38,0,0,15,56,71,0,62,62,133
11/06/2003,PMD,CA,AWP,WE,Federal Contract Tower,0,0,14,28,42,0,0,28,47,75,0,0,42,75,117,2,75,77,194
11/07/2003,PMD,CA,AWP,WE,Federal Contract Tower,0,0,7,14,21,0,0,25,9,34,0,0,32,23,55,4,42,46,101
11/08/2003,PMD,CA,AWP,WE,Federal Contract Tower,0,0,3,5,8,0,0,2,13,15,0,0,5,18,23,0,28,28,51
11/09/2003,PMD,CA,AWP,WE,Federal Contract Tower,0,0,0,0,0,0,0,0,4,4,0,0,0,4,4,0,0,0,4
11/10/2003,PMD,CA,AWP,WE,Federal Contract Tower,0,0,4,9,13,0,0,14,16,30,0,0,18,25,43,0,14,14,57
11/11/2003,PMD,CA,AWP,WE,Federal Contract Tower,0,0,1,0,1,0,0,21,0,21,0,0,22,0,22,0,0,0,22
11/12/2003,PMD,CA,AWP,WE,Federal Contract Tower,0,0,7,12,19,0,0,11,8,19,0,0,18,20,38,0,0,0,38
11/13/2003,PMD,CA,AWP,WE,Federal Contract Tower,0,0,6,12,18,6,0,1,19,26,6,0,7,31,44,0,12,12,56
11/14/2003,PMD,CA,AWP,WE,Federal Contract Tower,0,0,8,14,22,0,0,10,16,26,0,0,18,30,48,0,42,42,90
11/15/2003,PMD,CA,AWP,WE,Federal Contract Tower,0,0,1,3,4,0,0,2,3,5,0,0,3,6,9,0,6,6,15
11/16/2003,PMD,CA,AWP,WE,Federal Contract Tower,0,0,1,3,4,0,0,3,3,6,0,0,4,6,10,0,0,0,10
11/17/2003,PMD,CA,AWP,WE,Federal Contract Tower,0,1,7,12,20,2,3,3,25,33,2,4,10,37,53,0,32,32,85
11/18/2003,PMD,CA,AWP,WE,Federal Contract Tower,0,0,4,7,11,0,4,20,3,27,0,4,24,10,38,4,0,4,42
11/19/2003,PMD,CA,AWP,WE,Federal Contract Tower,0,0,6,11,17,0,4,10,11,25,0,4,16,22,42,0,2,2,44
11/20/2003,PMD,CA,AWP,WE,Federal Contract Tower,0,0,12,23,35,2,0,12,27,41,2,0,24,50,76,0,46,46,122
11/21/2003,PMD,CA,AWP,WE,Federal Contract Tower,0,0,11,21,32,0,2,13,17,32,0,2,24,38,64,0,39,39,103
11/22/2003,PMD,CA,AWP,WE,Federal Contract Tower,0,0,0,5,5,0,0,0,4,4,0,0,0,9,9,0,30,30,39
11/23/2003,PMD,CA,AWP,WE,Federal Contract Tower,0,0,2,2,4,0,0,5,0,5,0,0,7,2,9,0,18,18,27
11/24/2003,PMD,CA,AWP,WE,Federal Contract Tower,0,0,11,22,33,0,2,24,25,51,0,2,35,47,84,0,30,30,114
11/25/2003,PMD,CA,AWP,WE,Federal Contract Tower,0,0,14,27,41,0,0,24,31,55,0,0,38,58,96,0,60,60,156
11/26/2003,PMD,CA,AWP,WE,Federal Contract Tower,0,0,7,15,22,0,0,32,26,58,0,0,39,41,80,0,10,10,90
11/27/2003,PMD,CA,AWP,WE,Federal Contract Tower,0,0,0,0,0,0,0,0,0,0,0,0,0,0,0,0,0,0,0
11/28/2003,PMD,CA,AWP,WE,Federal Contract Tower,0,0,0,0,0,0,2,4,0,6,0,2,4,0,6,0,0,0,6
11/29/2003,PMD,CA,AWP,WE,Federal Contract Tower,0,0,1,0,1,0,0,9,0,9,0,0,10,0,10,0,0,0,10
11/30/2003,PMD,CA,AWP,WE,Federal Contract Tower,0,0,0,0,0,0,0,2,0,2,0,0,2,0,2,0,0,0,2
12/01/2003,PMD,CA,AWP,WE,Federal Contract Tower,0,0,6,14,20,0,0,26,7,33,0,0,32,21,53,0,10,10,63
12/02/2003,PMD,CA,AWP,WE,Federal Contract Tower,0,0,11,26,37,0,6,25,30,61,0,6,36,56,98,0,56,56,154
12/03/2003,PMD,CA,AWP,WE,Federal Contract Tower,0,1,14,34,49,0,1,9,47,57,0,2,23,81,106,0,56,56,162
12/04/2003,PMD,CA,AWP,WE,Federal Contract Tower,0,0,12,26,38,0,2,21,31,54,0,2,33,57,92,0,76,76,168
12/05/2003,PMD,CA,AWP,WE,Federal Contract Tower,0,1,7,15,23,0,5,12,5,22,0,6,19,20,45,0,40,40,85
12/06/2003,PMD,CA,AWP,WE,Federal Contract Tower,0,0,3,8,11,3,0,5,11,19,3,0,8,19,30,0,52,52,82
12/07/2003,PMD,CA,AWP,WE,Federal Contract Tower,0,0,0,3,3,0,0,0,11,11,0,0,0,14,14,0,14,14,28
12/08/2003,PMD,CA,AWP,WE,Federal Contract Tower,0,1,5,11,17,0,1,11,11,23,0,2,16,22,40,0,18,18,58
12/09/2003,PMD,CA,AWP,WE,Federal Contract Tower,0,1,10,24,35,0,9,21,20,50,0,10,31,44,85,6,24,30,115
12/10/2003,PMD,CA,AWP,WE,Federal Contract Tower,0,0,14,34,48,0,0,16,34,50,0,0,30,68,98,0,60,60,158
12/11/2003,PMD,CA,AWP,WE,Federal Contract Tower,0,1,11,25,37,0,3,14,17,34,0,4,25,42,71,2,40,42,113
12/12/2003,PMD,CA,AWP,WE,Federal Contract Tower,0,1,5,12,18,0,1,7,19,27,0,2,12,31,45,0,22,22,67
12/13/2003,PMD,CA,AWP,WE,Federal Contract Tower,0,0,0,0,0,0,0,0,2,2,0,0,0,2,2,0,10,10,12
12/14/2003,PMD,CA,AWP,WE,Federal Contract Tower,0,0,0,0,0,0,0,2,0,2,0,0,2,0,2,0,0,0,2
12/15/2003,PMD,CA,AWP,WE,Federal Contract Tower,0,0,10,23,33,0,0,5,31,36,0,0,15,54,69,0,68,68,137
12/16/2003,PMD,CA,AWP,WE,Federal Contract Tower,0,0,14,34,48,0,0,6,48,54,0,0,20,82,102,0,58,58,160
12/17/2003,PMD,CA,AWP,WE,Federal Contract Tower,0,0,11,25,36,0,0,15,33,48,0,0,26,58,84,0,56,56,140
12/18/2003,PMD,CA,AWP,WE,Federal Contract Tower,0,0,13,32,45,0,0,37,14,51,0,0,50,46,96,16,64,80,176
12/19/2003,PMD,CA,AWP,WE,Federal Contract Tower,0,0,3,9,12,0,0,10,7,17,0,0,13,16,29,2,6,8,37
12/20/2003,PMD,CA,AWP,WE,Federal Contract Tower,0,0,3,7,10,0,0,3,13,16,0,0,6,20,26,0,36,36,62
12/21/2003,PMD,CA,AWP,WE,Federal Contract Tower,0,0,1,0,1,0,0,9,0,9,0,0,10,0,10,0,0,0,10
12/22/2003,PMD,CA,AWP,WE,Federal Contract Tower,0,0,10,22,32,8,0,2,10,20,8,0,12,32,52,0,46,46,98
12/23/2003,PMD,CA,AWP,WE,Federal Contract Tower,0,0,10,23,33,0,0,0,35,35,0,0,10,58,68,0,54,54,122
12/24/2003,PMD,CA,AWP,WE,Federal Contract Tower,0,0,1,0,1,0,0,9,0,9,0,0,10,0,10,0,0,0,10
12/25/2003,PMD,CA,AWP,WE,Federal Contract Tower,0,0,0,0,0,0,0,0,0,0,0,0,0,0,0,0,0,0,0
12/26/2003,PMD,CA,AWP,WE,Federal Contract Tower,0,0,0,0,0,0,0,2,0,2,0,0,2,0,2,0,0,0,2
12/27/2003,PMD,CA,AWP,WE,Federal Contract Tower,0,0,0,0,0,0,0,6,0,6,0,0,6,0,6,0,0,0,6
12/28/2003,PMD,CA,AWP,WE,Federal Contract Tower,0,0,2,0,2,0,0,14,0,14,0,0,16,0,16,0,0,0,16
12/29/2003,PMD,CA,AWP,WE,Federal Contract Tower,0,0,6,15,21,0,0,8,13,21,0,0,14,28,42,2,18,20,62
12/30/2003,PMD,CA,AWP,WE,Federal Contract Tower,0,0,2,13,15,0,0,0,25,25,0,0,2,38,40,0,36,36,76
12/31/2003,PMD,CA,AWP,WE,Federal Contract Tower,0,0,1,0,1,0,0,9,0,9,0,0,10,0,10,0,0,0,10
01/01/2004,PMD,CA,AWP,WE,Federal Contract Tower,0,0,0,4,4,0,0,2,0,2,0,0,2,4,6,0,0,0,6
01/02/2004,PMD,CA,AWP,WE,Federal Contract Tower,0,0,2,5,7,0,0,4,5,9,0,0,6,10,16,0,0,0,16
01/03/2004,PMD,CA,AWP,WE,Federal Contract Tower,0,0,0,0,0,0,0,0,0,0,0,0,0,0,0,0,0,0,0
01/04/2004,PMD,CA,AWP,WE,Federal Contract Tower,0,0,0,0,0,0,0,10,0,10,0,0,10,0,10,0,0,0,10
01/05/2004,PMD,CA,AWP,WE,Federal Contract Tower,0,0,4,10,14,0,2,12,14,28,0,2,16,24,42,10,18,28,70
01/06/2004,PMD,CA,AWP,WE,Federal Contract Tower,0,0,4,10,14,0,0,6,14,20,0,0,10,24,34,0,40,40,74
01/07/2004,PMD,CA,AWP,WE,Federal Contract Tower,0,0,8,21,29,0,0,24,16,40,0,0,32,37,69,8,62,70,139
01/08/2004,PMD,CA,AWP,WE,Federal Contract Tower,0,1,8,22,31,0,1,10,36,47,0,2,18,58,78,4,62,66,144
01/09/2004,PMD,CA,AWP,WE,Federal Contract Tower,0,0,4,11,15,0,0,7,8,15,0,0,11,19,30,4,36,40,70
01/10/2004,PMD,CA,AWP,WE,Federal Contract Tower,0,0,3,9,12,0,0,17,3,20,0,0,20,12,32,0,14,14,46
01/11/2004,PMD,CA,AWP,WE,Federal Contract Tower,0,0,3,7,10,0,0,7,5,12,0,0,10,12,22,0,10,10,32
01/12/2004,PMD,CA,AWP,WE,Federal Contract Tower,0,0,13,36,49,0,0,5,52,57,0,0,18,88,106,0,74,74,180
01/13/2004,PMD,CA,AWP,WE,Federal Contract Tower,0,0,11,29,40,4,0,7,41,52,4,0,18,70,92,0,54,54,146
01/14/2004,PMD,CA,AWP,WE,Federal Contract Tower,0,0,13,36,49,0,0,39,24,63,0,0,52,60,112,24,96,120,232
01/15/2004,PMD,CA,AWP,WE,Federal Contract Tower,0,2,11,31,44,0,6,39,22,67,0,8,50,53,111,0,26,26,137
01/16/2004,PMD,CA,AWP,WE,Federal Contract Tower,0,0,2,4,6,0,0,8,6,14,0,0,10,10,20,0,20,20,40
01/17/2004,PMD,CA,AWP,WE,Federal Contract Tower,0,0,4,12,16,0,0,8,2,10,0,0,12,14,26,0,10,10,36
01/18/2004,PMD,CA,AWP,WE,Federal Contract Tower,0,0,1,4,5,0,0,5,2,7,0,0,6,6,12,0,10,10,22
01/19/2004,PMD,CA,AWP,WE,Federal Contract Tower,0,0,4,13,17,0,2,10,3,15,0,2,14,16,32,0,10,10,42
01/20/2004,PMD,CA,AWP,WE,Federal Contract Tower,0,0,9,23,32,0,4,17,9,30,0,4,26,32,62,0,104,104,166
01/21/2004,PMD,CA,AWP,WE,Federal Contract Tower,0,0,8,22,30,4,0,8,24,36,4,0,16,46,66,0,72,72,138
01/22/2004,PMD,CA,AWP,WE,Federal Contract Tower,0,1,17,47,65,2,9,14,37,62,2,10,31,84,127,0,156,156,283
01/23/2004,PMD,CA,AWP,WE,Federal Contract Tower,0,0,8,20,28,0,2,11,24,37,0,2,19,44,65,14,58,72,137
01/24/2004,PMD,CA,AWP,WE,Federal Contract Tower,0,0,2,7,9,0,0,0,13,13,0,0,2,20,22,0,12,12,34
01/25/2004,PMD,CA,AWP,WE,Federal Contract Tower,0,0,2,12,14,0,0,0,18,18,0,0,2,30,32,0,104,104,136
01/26/2004,PMD,CA,AWP,WE,Federal Contract Tower,0,0,11,29,40,0,4,7,41,52,0,4,18,70,92,2,70,72,164
01/27/2004,PMD,CA,AWP,WE,Federal Contract Tower,0,0,7,19,26,0,0,14,19,33,0,0,21,38,59,0,42,42,101
01/28/2004,PMD,CA,AWP,WE,Federal Contract Tower,0,0,11,32,43,0,0,17,28,45,0,0,28,60,88,20,68,88,176
01/29/2004,PMD,CA,AWP,WE,Federal Contract Tower,0,0,4,13,17,0,0,12,16,28,0,0,16,29,45,0,98,98,143
01/30/2004,PMD,CA,AWP,WE,Federal Contract Tower,0,0,4,10,14,0,0,7,14,21,0,0,11,24,35,0,36,36,71
01/31/2004,PMD,CA,AWP,WE,Federal Contract Tower,0,0,0,5,5,0,0,0,9,9,0,0,0,14,14,0,66,66,80
02/01/2004,PMD,CA,AWP,WE,Federal Contract Tower,0,0,1,0,1,0,0,7,0,7,0,0,8,0,8,0,0,0,8
02/02/2004,PMD,CA,AWP,WE,Federal Contract Tower,0,0,6,7,13,0,0,5,17,22,0,0,11,24,35,0,32,32,67
02/03/2004,PMD,CA,AWP,WE,Federal Contract Tower,0,0,10,13,23,0,0,0,33,33,0,0,10,46,56,0,88,88,144
02/04/2004,PMD,CA,AWP,WE,Federal Contract Tower,1,0,17,20,38,3,2,8,36,49,4,2,25,56,87,0,90,90,177
02/05/2004,PMD,CA,AWP,WE,Federal Contract Tower,1,0,8,9,18,5,0,10,6,21,6,0,18,15,39,0,56,56,95
02/06/2004,PMD,CA,AWP,WE,Federal Contract Tower,0,0,6,8,14,0,0,13,10,23,0,0,19,18,37,0,19,19,56
02/07/2004,PMD,CA,AWP,WE,Federal Contract Tower,0,0,6,8,14,0,0,0,12,12,0,0,6,20,26,0,22,22,48
02/08/2004,PMD,CA,AWP,WE,Federal Contract Tower,0,0,4,4,8,0,0,2,12,14,0,0,6,16,22,0,26,26,48
02/09/2004,PMD,CA,AWP,WE,Federal Contract Tower,0,0,6,8,14,0,0,12,8,20,0,0,18,16,34,0,10,10,44
02/10/2004,PMD,CA,AWP,WE,Federal Contract Tower,0,0,21,28,49,0,0,0,48,48,0,0,21,76,97,0,126,126,223
02/11/2004,PMD,CA,AWP,WE,Federal Contract Tower,0,1,26,32,59,0,7,48,16,71,0,8,74,48,130,36,86,122,252
02/12/2004,PMD,CA,AWP,WE,Federal Contract Tower,0,0,12,14,26,0,0,24,16,40,0,0,36,30,66,0,24,24,90
02/13/2004,PMD,CA,AWP,WE,Federal Contract Tower,0,0,13,15,28,0,0,23,15,38,0,0,36,30,66,0,12,12,78
02/14/2004,PMD,CA,AWP,WE,Federal Contract Tower,0,0,3,0,3,0,0,7,0,7,0,0,10,0,10,0,0,0,10
02/15/2004,PMD,CA,AWP,WE,Federal Contract Tower,0,0,6,0,6,0,0,30,0,30,0,0,36,0,36,0,0,0,36
02/16/2004,PMD,CA,AWP,WE,Federal Contract Tower,0,0,3,2,5,0,0,15,0,15,0,0,18,2,20,0,0,0,20
02/17/2004,PMD,CA,AWP,WE,Federal Contract Tower,0,0,15,18,33,0,2,15,24,41,0,2,30,42,74,4,74,78,152
02/18/2004,PMD,CA,AWP,WE,Federal Contract Tower,0,0,6,8,14,0,0,7,5,12,0,0,13,13,26,0,2,2,28
02/19/2004,PMD,CA,AWP,WE,Federal Contract Tower,0,0,15,18,33,0,0,19,10,29,0,0,34,28,62,0,98,98,160
02/20/2004,PMD,CA,AWP,WE,Federal Contract Tower,0,0,10,21,31,0,0,0,43,43,0,0,10,64,74,0,64,64,138
02/21/2004,PMD,CA,AWP,WE,Federal Contract Tower,0,0,7,8,15,0,0,13,0,13,0,0,20,8,28,0,0,0,28
02/22/2004,PMD,CA,AWP,WE,Federal Contract Tower,0,0,0,0,0,0,0,4,0,4,0,0,4,0,4,0,0,0,4
02/23/2004,PMD,CA,AWP,WE,Federal Contract Tower,0,0,18,22,40,0,0,15,23,38,0,0,33,45,78,0,22,22,100
02/24/2004,PMD,CA,AWP,WE,Federal Contract Tower,0,0,22,28,50,0,0,28,24,52,0,0,50,52,102,10,64,74,176
02/25/2004,PMD,CA,AWP,WE,Federal Contract Tower,0,0,19,24,43,0,0,23,12,35,0,0,42,36,78,20,34,54,132
02/26/2004,PMD,CA,AWP,WE,Federal Contract Tower,0,0,14,18,32,0,0,12,13,25,0,0,26,31,57,12,70,82,139
02/27/2004,PMD,CA,AWP,WE,Federal Contract Tower,0,0,4,5,9,0,0,14,1,15,0,0,18,6,24,0,4,4,28
02/28/2004,PMD,CA,AWP,WE,Federal Contract Tower,0,0,4,5,9,0,0,6,1,7,0,0,10,6,16,0,0,0,16
02/29/2004,PMD,CA,AWP,WE,Federal Contract Tower,0,0,2,0,2,0,0,10,0,10,0,0,12,0,12,0,0,0,12
03/01/2004,PMD,CA,AWP,WE,Federal Contract Tower,0,0,11,17,28,0,0,21,2,23,0,0,32,19,51,0,26,26,77
03/02/2004,PMD,CA,AWP,WE,Federal Contract Tower,0,0,9,15,24,0,0,14,3,17,0,0,23,18,41,0,6,6,47
03/03/2004,PMD,CA,AWP,WE,Federal Contract Tower,0,0,20,31,51,0,0,16,31,47,0,0,36,62,98,0,82,82,180
03/04/2004,PMD,CA,AWP,WE,Federal Contract Tower,1,0,16,25,42,0,4,28,7,39,1,4,44,32,81,0,80,80,161
03/05/2004,PMD,CA,AWP,WE,Federal Contract Tower,0,0,12,20,32,0,4,14,29,47,0,4,26,49,79,10,52,62,141
03/06/2004,PMD,CA,AWP,WE,Federal Contract Tower,0,0,5,8,13,0,0,9,8,17,0,0,14,16,30,6,12,18,48
03/07/2004,PMD,CA,AWP,WE,Federal Contract Tower,0,0,4,6,10,0,0,11,2,13,0,0,15,8,23,0,0,0,23
03/08/2004,PMD,CA,AWP,WE,Federal Contract Tower,0,0,21,33,54,0,0,9,42,51,0,0,30,75,105,6,82,88,193
03/09/2004,PMD,CA,AWP,WE,Federal Contract Tower,0,0,22,36,58,1,0,5,48,54,1,0,27,84,112,30,100,130,242
03/10/2004,PMD,CA,AWP,WE,Federal Contract Tower,0,0,13,21,34,0,0,9,13,22,0,0,22,34,56,22,24,46,102
03/11/2004,PMD,CA,AWP,WE,Federal Contract Tower,0,0,14,22,36,0,0,0,30,30,0,0,14,52,66,0,88,88,154
03/12/2004,PMD,CA,AWP,WE,Federal Contract Tower,0,0,10,16,26,0,0,11,33,44,0,0,21,49,70,14,64,78,148
03/13/2004,PMD,CA,AWP,WE,Federal Contract Tower,0,0,1,3,4,0,0,0,7,7,0,0,1,10,11,0,16,16,27
03/14/2004,PMD,CA,AWP,WE,Federal Contract Tower,0,0,0,1,1,0,0,0,1,1,0,0,0,2,2,0,0,0,2
03/15/2004,PMD,CA,AWP,WE,Federal Contract Tower,0,0,8,13,21,0,0,16,1,17,0,0,24,14,38,0,38,38,76
03/16/2004,PMD,CA,AWP,WE,Federal Contract Tower,0,0,14,24,38,2,0,24,12,38,2,0,38,36,76,0,28,28,104
03/17/2004,PMD,CA,AWP,WE,Federal Contract Tower,0,0,13,21,34,6,0,11,11,28,6,0,24,32,62,6,32,38,100
03/18/2004,PMD,CA,AWP,WE,Federal Contract Tower,0,0,17,29,46,0,0,15,48,63,0,0,32,77,109,0,116,116,225
03/19/2004,PMD,CA,AWP,WE,Federal Contract Tower,0,0,12,20,32,0,0,11,11,22,0,0,23,31,54,0,34,34,88
03/20/2004,PMD,CA,AWP,WE,Federal Contract Tower,0,0,4,0,4,6,0,14,0,20,6,0,18,0,24,0,0,0,24
03/21/2004,PMD,CA,AWP,WE,Federal Contract Tower,0,0,3,6,9,0,0,9,0,9,0,0,12,6,18,0,30,30,48
03/22/2004,PMD,CA,AWP,WE,Federal Contract Tower,0,0,6,12,18,0,0,22,7,29,0,0,28,19,47,0,30,30,77
03/23/2004,PMD,CA,AWP,WE,Federal Contract Tower,0,0,14,24,38,0,0,8,30,38,0,0,22,54,76,0,54,54,130
03/24/2004,PMD,CA,AWP,WE,Federal Contract Tower,0,0,12,21,33,0,0,11,24,35,0,0,23,45,68,0,50,50,118
03/25/2004,PMD,CA,AWP,WE,Federal Contract Tower,0,0,10,16,26,0,2,4,26,32,0,2,14,42,58,26,66,92,150
03/26/2004,PMD,CA,AWP,WE,Federal Contract Tower,0,0,5,9,14,0,0,10,14,24,0,0,15,23,38,0,25,25,63
03/27/2004,PMD,CA,AWP,WE,Federal Contract Tower,0,0,1,2,3,0,0,7,0,7,0,0,8,2,10,0,18,18,28
03/28/2004,PMD,CA,AWP,WE,Federal Contract Tower,0,0,1,0,1,0,0,5,0,5,0,0,6,0,6,0,0,0,6
03/29/2004,PMD,CA,AWP,WE,Federal Contract Tower,0,0,15,24,39,0,0,12,34,46,0,0,27,58,85,0,86,86,171
03/30/2004,PMD,CA,AWP,WE,Federal Contract Tower,0,0,20,32,52,0,0,11,52,63,0,0,31,84,115,0,92,92,207
03/31/2004,PMD,CA,AWP,WE,Federal Contract Tower,0,0,14,23,37,0,0,17,29,46,0,0,31,52,83,0,70,70,153
04/01/2004,PMD,CA,AWP,WE,Federal Contract Tower,0,0,6,11,17,0,0,16,4,20,0,0,22,15,37,9,28,37,74
04/02/2004,PMD,CA,AWP,WE,Federal Contract Tower,0,0,7,11,18,0,0,12,17,29,0,0,19,28,47,10,73,83,130
04/03/2004,PMD,CA,AWP,WE,Federal Contract Tower,0,0,1,2,3,0,0,5,2,7,0,0,6,4,10,4,18,22,32
04/04/2004,PMD,CA,AWP,WE,Federal Contract Tower,0,0,3,4,7,0,0,9,0,9,0,0,12,4,16,0,0,0,16
04/05/2004,PMD,CA,AWP,WE,Federal Contract Tower,0,0,12,17,29,0,6,12,19,37,0,6,24,36,66,0,64,64,130
04/06/2004,PMD,CA,AWP,WE,Federal Contract Tower,0,1,16,23,40,0,3,12,37,52,0,4,28,60,92,0,80,80,172
04/07/2004,PMD,CA,AWP,WE,Federal Contract Tower,0,0,13,19,32,0,0,5,31,36,0,0,18,50,68,0,78,78,146
04/08/2004,PMD,CA,AWP,WE,Federal Contract Tower,0,0,14,20,34,0,0,7,24,31,0,0,21,44,65,0,16,16,81
04/09/2004,PMD,CA,AWP,WE,Federal Contract Tower,0,1,7,11,19,0,3,10,2,15,0,4,17,13,34,0,106,106,140
04/10/2004,PMD,CA,AWP,WE,Federal Contract Tower,0,0,3,0,3,0,0,14,0,14,0,0,17,0,17,0,0,0,17
04/11/2004,PMD,CA,AWP,WE,Federal Contract Tower,0,0,1,0,1,0,0,5,0,5,0,0,6,0,6,0,0,0,6
04/12/2004,PMD,CA,AWP,WE,Federal Contract Tower,0,0,5,7,12,0,0,5,11,16,0,0,10,18,28,0,46,46,74
04/13/2004,PMD,CA,AWP,WE,Federal Contract Tower,0,1,10,15,26,0,3,8,30,41,0,4,18,45,67,0,52,52,119
04/14/2004,PMD,CA,AWP,WE,Federal Contract Tower,0,0,5,7,12,0,0,12,5,17,0,0,17,12,29,4,44,48,77
04/15/2004,PMD,CA,AWP,WE,Federal Contract Tower,0,0,9,13,22,0,0,14,16,30,0,0,23,29,52,0,36,36,88
04/16/2004,PMD,CA,AWP,WE,Federal Contract Tower,0,0,5,7,12,0,0,13,0,13,0,0,18,7,25,0,22,22,47
04/17/2004,PMD,CA,AWP,WE,Federal Contract Tower,0,0,0,0,0,0,0,0,2,2,0,0,0,2,2,0,20,20,22
04/18/2004,PMD,CA,AWP,WE,Federal Contract Tower,0,0,4,7,11,0,0,0,17,17,0,0,4,24,28,0,10,10,38
04/19/2004,PMD,CA,AWP,WE,Federal Contract Tower,0,0,3,6,9,0,2,8,2,12,0,2,11,8,21,0,40,40,61
04/20/2004,PMD,CA,AWP,WE,Federal Contract Tower,0,0,12,19,31,0,0,8,25,33,0,0,20,44,64,0,80,80,144
04/21/2004,PMD,CA,AWP,WE,Federal Contract Tower,0,0,6,9,15,0,0,12,11,23,0,0,18,20,38,0,20,20,58
04/22/2004,PMD,CA,AWP,WE,Federal Contract Tower,0,0,10,15,25,8,0,4,20,32,8,0,14,35,57,0,4,4,61
04/23/2004,PMD,CA,AWP,WE,Federal Contract Tower,0,0,7,11,18,0,2,18,6,26,0,2,25,17,44,0,16,16,60
04/24/2004,PMD,CA,AWP,WE,Federal Contract Tower,0,0,2,4,6,0,0,8,0,8,0,0,10,4,14,0,6,6,20
04/25/2004,PMD,CA,AWP,WE,Federal Contract Tower,0,0,5,8,13,0,0,9,4,13,0,0,14,12,26,0,20,20,46
04/26/2004,PMD,CA,AWP,WE,Federal Contract Tower,0,0,8,12,20,0,2,10,16,28,0,2,18,28,48,0,32,32,80
04/27/2004,PMD,CA,AWP,WE,Federal Contract Tower,0,0,10,16,26,0,0,18,10,28,0,0,28,26,54,0,32,32,86
04/28/2004,PMD,CA,AWP,WE,Federal Contract Tower,0,0,13,20,33,4,2,9,18,33,4,2,22,38,66,0,46,46,112
04/29/2004,PMD,CA,AWP,WE,Federal Contract Tower,0,0,11,17,28,0,0,11,1,12,0,0,22,18,40,0,16,16,56
04/30/2004,PMD,CA,AWP,WE,Federal Contract Tower,0,0,11,12,23,0,0,20,0,20,0,0,31,12,43,10,41,51,94
05/01/2004,PMD,CA,AWP,WE,Federal Contract Tower,0,0,3,2,5,0,0,15,0,15,0,0,18,2,20,0,0,0,20
05/02/2004,PMD,CA,AWP,WE,Federal Contract Tower,0,0,0,1,1,0,0,8,0,8,0,0,8,1,9,0,0,0,9
05/03/2004,PMD,CA,AWP,WE,Federal Contract Tower,0,0,8,17,25,0,0,7,23,30,0,0,15,40,55,0,60,60,115
05/04/2004,PMD,CA,AWP,WE,Federal Contract Tower,0,0,7,14,21,0,0,8,26,34,0,0,15,40,55,0,80,80,135
05/05/2004,PMD,CA,AWP,WE,Federal Contract Tower,0,0,13,25,38,0,2,5,36,43,0,2,18,61,81,0,50,50,131
05/06/2004,PMD,CA,AWP,WE,Federal Contract Tower,0,0,11,20,31,0,4,11,25,40,0,4,22,45,71,0,36,36,107
05/07/2004,PMD,CA,AWP,WE,Federal Contract Tower,0,0,9,14,23,0,0,10,22,32,0,0,19,36,55,11,24,35,90
05/08/2004,PMD,CA,AWP,WE,Federal Contract Tower,0,0,1,0,1,0,0,11,0,11,0,0,12,0,12,0,0,0,12
05/09/2004,PMD,CA,AWP,WE,Federal Contract Tower,0,0,0,0,0,0,0,0,0,0,0,0,0,0,0,0,0,0,0
05/10/2004,PMD,CA,AWP,WE,Federal Contract Tower,0,0,6,11,17,0,0,18,11,29,0,0,24,22,46,6,16,22,68
05/11/2004,PMD,CA,AWP,WE,Federal Contract Tower,0,0,10,16,26,0,0,14,25,39,0,0,24,41,65,0,30,30,95
05/12/2004,PMD,CA,AWP,WE,Federal Contract Tower,0,0,10,18,28,0,0,15,25,40,0,0,25,43,68,10,46,56,124
05/13/2004,PMD,CA,AWP,WE,Federal Contract Tower,0,0,10,16,26,0,0,17,20,37,0,0,27,36,63,0,36,36,99
05/14/2004,PMD,CA,AWP,WE,Federal Contract Tower,0,1,7,13,21,0,3,11,7,21,0,4,18,20,42,0,45,45,87
05/15/2004,PMD,CA,AWP,WE,Federal Contract Tower,0,0,2,4,6,0,0,8,14,22,0,0,10,18,28,0,32,32,60
05/16/2004,PMD,CA,AWP,WE,Federal Contract Tower,0,0,1,1,2,0,0,1,3,4,0,0,2,4,6,0,22,22,28
05/17/2004,PMD,CA,AWP,WE,Federal Contract Tower,0,1,7,13,21,0,3,5,11,19,0,4,12,24,40,14,30,44,84
05/18/2004,PMD,CA,AWP,WE,Federal Contract Tower,0,0,12,22,34,4,0,9,28,41,4,0,21,50,75,8,32,40,115
05/19/2004,PMD,CA,AWP,WE,Federal Contract Tower,0,1,9,14,24,0,3,9,24,36,0,4,18,38,60,4,26,30,90
05/20/2004,PMD,CA,AWP,WE,Federal Contract Tower,0,1,12,20,33,0,1,10,24,35,0,2,22,44,68,0,70,70,138
05/21/2004,PMD,CA,AWP,WE,Federal Contract Tower,0,0,7,12,19,0,0,17,10,27,0,0,24,22,46,0,0,0,46
05/22/2004,PMD,CA,AWP,WE,Federal Contract Tower,0,0,3,4,7,0,0,7,0,7,0,0,10,4,14,6,0,6,20
05/23/2004,PMD,CA,AWP,WE,Federal Contract Tower,0,0,2,5,7,0,0,6,1,7,0,0,8,6,14,0,2,2,16
05/24/2004,PMD,CA,AWP,WE,Federal Contract Tower,0,0,11,19,30,0,2,1,19,22,0,2,12,38,52,0,58,58,110
05/25/2004,PMD,CA,AWP,WE,Federal Contract Tower,0,0,10,19,29,0,0,17,19,36,0,0,27,38,65,0,20,20,85
05/26/2004,PMD,CA,AWP,WE,Federal Contract Tower,0,0,10,17,27,14,0,18,9,41,14,0,28,26,68,6,38,44,112
05/27/2004,PMD,CA,AWP,WE,Federal Contract Tower,0,0,13,25,38,0,0,21,6,27,0,0,34,31,65,6,76,82,147
05/28/2004,PMD,CA,AWP,WE,Federal Contract Tower,0,0,9,7,16,4,0,23,0,27,4,0,32,7,43,0,36,36,79
05/29/2004,PMD,CA,AWP,WE,Federal Contract Tower,0,0,4,6,10,0,0,22,0,22,0,0,26,6,32,4,6,10,42
05/30/2004,PMD,CA,AWP,WE,Federal Contract Tower,0,0,6,10,16,0,0,2,14,16,0,0,8,24,32,0,22,22,54
05/31/2004,PMD,CA,AWP,WE,Federal Contract Tower,0,0,1,0,1,6,0,1,0,7,6,0,2,0,8,0,0,0,8
06/01/2004,PMD,CA,AWP,WE,Federal Contract Tower,0,0,5,10,15,0,2,9,13,24,0,2,14,23,39,0,4,4,43
06/02/2004,PMD,CA,AWP,WE,Federal Contract Tower,0,0,8,14,22,0,2,19,20,41,0,2,27,34,63,0,28,28,91
06/03/2004,PMD,CA,AWP,WE,Federal Contract Tower,0,0,9,16,25,0,0,11,14,25,0,0,20,30,50,2,72,74,124
06/04/2004,PMD,CA,AWP,WE,Federal Contract Tower,0,0,10,20,30,0,0,12,36,48,0,0,22,56,78,22,18,40,118
06/05/2004,PMD,CA,AWP,WE,Federal Contract Tower,0,0,2,5,7,0,0,2,5,7,0,0,4,10,14,0,14,14,28
06/06/2004,PMD,CA,AWP,WE,Federal Contract Tower,0,0,6,12,18,0,0,8,12,20,0,0,14,24,38,0,28,28,66
06/07/2004,PMD,CA,AWP,WE,Federal Contract Tower,0,1,8,14,23,0,5,16,10,31,0,6,24,24,54,0,98,98,152
06/08/2004,PMD,CA,AWP,WE,Federal Contract Tower,0,2,10,19,31,0,4,14,9,27,0,6,24,28,58,6,72,78,136
06/09/2004,PMD,CA,AWP,WE,Federal Contract Tower,0,0,9,18,27,0,0,5,30,35,0,0,14,48,62,0,12,12,74
06/10/2004,PMD,CA,AWP,WE,Federal Contract Tower,0,1,7,12,20,0,1,7,10,18,0,2,14,22,38,0,24,24,62
06/11/2004,PMD,CA,AWP,WE,Federal Contract Tower,0,1,5,6,12,0,3,20,0,23,0,4,25,6,35,4,0,4,39
06/12/2004,PMD,CA,AWP,WE,Federal Contract Tower,0,0,0,0,0,0,0,4,0,4,0,0,4,0,4,0,0,0,4
06/13/2004,PMD,CA,AWP,WE,Federal Contract Tower,0,0,0,2,2,0,0,2,2,4,0,0,2,4,6,0,0,0,6
06/14/2004,PMD,CA,AWP,WE,Federal Contract Tower,0,0,9,18,27,0,0,5,32,37,0,0,14,50,64,0,76,76,140
06/15/2004,PMD,CA,AWP,WE,Federal Contract Tower,0,0,11,20,31,0,0,21,21,42,0,0,32,41,73,2,48,50,123
06/16/2004,PMD,CA,AWP,WE,Federal Contract Tower,0,0,17,31,48,0,0,16,39,55,0,0,33,70,103,0,61,61,164
06/17/2004,PMD,CA,AWP,WE,Federal Contract Tower,0,1,18,31,50,0,3,0,25,28,0,4,18,56,78,0,112,112,190
06/18/2004,PMD,CA,AWP,WE,Federal Contract Tower,0,1,10,17,28,0,7,28,0,35,0,8,38,17,63,2,20,22,85
06/19/2004,PMD,CA,AWP,WE,Federal Contract Tower,0,0,1,0,1,0,0,7,0,7,0,0,8,0,8,0,0,0,8
06/20/2004,PMD,CA,AWP,WE,Federal Contract Tower,0,0,1,0,1,0,0,7,0,7,0,0,8,0,8,0,0,0,8
06/21/2004,PMD,CA,AWP,WE,Federal Contract Tower,0,0,8,14,22,0,2,10,14,26,0,2,18,28,48,0,44,44,92
06/22/2004,PMD,CA,AWP,WE,Federal Contract Tower,0,1,12,23,36,0,1,8,21,30,0,2,20,44,66,0,27,27,93
06/23/2004,PMD,CA,AWP,WE,Federal Contract Tower,0,0,10,21,31,6,0,14,15,35,6,0,24,36,66,0,66,66,132
06/24/2004,PMD,CA,AWP,WE,Federal Contract Tower,0,1,13,25,39,0,3,7,38,48,0,4,20,63,87,0,26,26,113
06/25/2004,PMD,CA,AWP,WE,Federal Contract Tower,0,0,4,9,13,0,2,7,3,12,0,2,11,12,25,0,14,14,39
06/26/2004,PMD,CA,AWP,WE,Federal Contract Tower,0,0,1,0,1,0,4,3,0,7,0,4,4,0,8,0,0,0,8
06/27/2004,PMD,CA,AWP,WE,Federal Contract Tower,0,0,4,8,12,0,0,8,4,12,0,0,12,12,24,0,2,2,26
06/28/2004,PMD,CA,AWP,WE,Federal Contract Tower,0,0,13,26,39,0,0,14,30,44,0,0,27,56,83,0,48,48,131
06/29/2004,PMD,CA,AWP,WE,Federal Contract Tower,0,0,9,16,25,0,0,10,16,26,0,0,19,32,51,16,46,62,113
06/30/2004,PMD,CA,AWP,WE,Federal Contract Tower,0,1,16,32,49,0,1,11,26,38,0,2,27,58,87,0,58,58,145
07/01/2004,PMD,CA,AWP,WE,Federal Contract Tower,0,0,10,23,33,0,0,4,13,17,0,0,14,36,50,16,38,54,104
07/02/2004,PMD,CA,AWP,WE,Federal Contract Tower,0,0,1,3,4,0,0,7,0,7,0,0,8,3,11,0,0,0,11
07/03/2004,PMD,CA,AWP,WE,Federal Contract Tower,1,0,1,0,2,5,2,5,0,12,6,2,6,0,14,0,0,0,14
07/04/2004,PMD,CA,AWP,WE,Federal Contract Tower,0,0,0,0,0,0,0,0,0,0,0,0,0,0,0,0,0,0,0
07/05/2004,PMD,CA,AWP,WE,Federal Contract Tower,0,0,0,0,0,0,0,3,0,3,0,0,3,0,3,0,0,0,3
07/06/2004,PMD,CA,AWP,WE,Federal Contract Tower,0,0,10,23,33,0,4,18,13,35,0,4,28,36,68,6,48,54,122
07/07/2004,PMD,CA,AWP,WE,Federal Contract Tower,0,0,8,18,26,0,0,8,40,48,0,0,16,58,74,0,82,82,156
07/08/2004,PMD,CA,AWP,WE,Federal Contract Tower,0,0,11,26,37,0,0,9,36,45,0,0,20,62,82,2,40,42,124
07/09/2004,PMD,CA,AWP,WE,Federal Contract Tower,0,0,10,20,30,0,0,6,28,34,0,0,16,48,64,0,26,26,90
07/10/2004,PMD,CA,AWP,WE,Federal Contract Tower,1,0,5,8,14,9,0,5,0,14,10,0,10,8,28,24,8,32,60
07/11/2004,PMD,CA,AWP,WE,Federal Contract Tower,0,0,1,2,3,0,0,5,4,9,0,0,6,6,12,0,6,6,18
07/12/2004,PMD,CA,AWP,WE,Federal Contract Tower,0,0,7,13,20,0,2,5,19,26,0,2,12,32,46,0,44,44,90
07/13/2004,PMD,CA,AWP,WE,Federal Contract Tower,2,0,14,27,43,0,2,2,40,44,2,2,16,67,87,8,68,76,163
07/14/2004,PMD,CA,AWP,WE,Federal Contract Tower,0,0,8,14,22,0,0,5,13,18,0,0,13,27,40,0,24,24,64
07/15/2004,PMD,CA,AWP,WE,Federal Contract Tower,0,0,10,18,28,0,0,2,27,29,0,0,12,45,57,0,16,16,73
07/16/2004,PMD,CA,AWP,WE,Federal Contract Tower,1,0,9,18,28,5,2,16,9,32,6,2,25,27,60,0,10,10,70
07/17/2004,PMD,CA,AWP,WE,Federal Contract Tower,0,0,3,0,3,0,0,7,0,7,0,0,10,0,10,0,0,0,10
07/18/2004,PMD,CA,AWP,WE,Federal Contract Tower,0,0,2,4,6,10,0,8,2,20,10,0,10,6,26,0,22,22,48
07/19/2004,PMD,CA,AWP,WE,Federal Contract Tower,0,1,12,24,37,10,1,12,24,47,10,2,24,48,84,8,44,52,136
07/20/2004,PMD,CA,AWP,WE,Federal Contract Tower,0,0,10,20,30,0,0,20,29,49,0,0,30,49,79,0,40,40,119
07/21/2004,PMD,CA,AWP,WE,Federal Contract Tower,0,0,10,19,29,0,0,19,25,44,0,0,29,44,73,14,40,54,127
07/22/2004,PMD,CA,AWP,WE,Federal Contract Tower,0,0,12,26,38,0,0,70,45,115,0,0,82,71,153,2,62,64,217
07/23/2004,PMD,CA,AWP,WE,Federal Contract Tower,0,0,11,21,32,0,0,27,12,39,0,0,38,33,71,0,38,38,109
07/24/2004,PMD,CA,AWP,WE,Federal Contract Tower,0,0,0,0,0,0,0,4,0,4,0,0,4,0,4,0,0,0,4
07/25/2004,PMD,CA,AWP,WE,Federal Contract Tower,0,0,0,0,0,0,0,8,0,8,0,0,8,0,8,0,0,0,8
07/26/2004,PMD,CA,AWP,WE,Federal Contract Tower,0,0,12,26,38,0,0,19,28,47,0,0,31,54,85,0,30,30,115
07/27/2004,PMD,CA,AWP,WE,Federal Contract Tower,0,0,13,26,39,0,0,13,32,45,0,0,26,58,84,0,48,48,132
07/28/2004,PMD,CA,AWP,WE,Federal Contract Tower,0,0,10,20,30,8,2,19,19,48,8,2,29,39,78,8,48,56,134
07/29/2004,PMD,CA,AWP,WE,Federal Contract Tower,0,0,9,19,28,0,0,15,15,30,0,0,24,34,58,0,60,60,118
07/30/2004,PMD,CA,AWP,WE,Federal Contract Tower,0,0,10,19,29,0,0,32,0,32,0,0,42,19,61,4,16,20,81
07/31/2004,PMD,CA,AWP,WE,Federal Contract Tower,0,0,2,0,2,0,0,12,0,12,0,0,14,0,14,22,2,24,38
08/01/2004,PMD,CA,AWP,WE,Federal Contract Tower,0,0,1,0,1,0,0,1,0,1,0,0,2,0,2,0,0,0,2
08/02/2004,PMD,CA,AWP,WE,Federal Contract Tower,0,1,5,18,24,0,1,10,10,21,0,2,15,28,45,16,42,58,103
08/03/2004,PMD,CA,AWP,WE,Federal Contract Tower,0,0,7,10,17,0,0,7,9,16,0,0,14,19,33,4,18,22,55
08/04/2004,PMD,CA,AWP,WE,Federal Contract Tower,0,0,9,16,25,0,0,0,27,27,0,0,9,43,52,0,100,100,152
08/05/2004,PMD,CA,AWP,WE,Federal Contract Tower,1,1,17,11,30,3,1,17,15,36,4,2,34,26,66,10,42,52,118
08/06/2004,PMD,CA,AWP,WE,Federal Contract Tower,0,0,8,10,18,0,0,10,6,16,0,0,18,16,34,8,18,26,60
08/07/2004,PMD,CA,AWP,WE,Federal Contract Tower,0,0,1,4,5,0,0,1,4,5,0,0,2,8,10,0,10,10,20
08/08/2004,PMD,CA,AWP,WE,Federal Contract Tower,0,0,6,3,9,0,0,6,5,11,0,0,12,8,20,0,0,0,20
08/09/2004,PMD,CA,AWP,WE,Federal Contract Tower,0,0,13,9,22,0,0,15,19,34,0,0,28,28,56,0,58,58,114
08/10/2004,PMD,CA,AWP,WE,Federal Contract Tower,1,0,4,29,34,1,0,11,25,37,2,0,15,54,71,0,60,60,131
08/11/2004,PMD,CA,AWP,WE,Federal Contract Tower,0,2,12,22,36,0,2,28,16,46,0,4,40,38,82,16,30,46,128
08/12/2004,PMD,CA,AWP,WE,Federal Contract Tower,0,2,13,11,26,0,2,15,7,24,0,4,28,18,50,12,28,40,90
08/13/2004,PMD,CA,AWP,WE,Federal Contract Tower,0,0,9,13,22,0,0,7,19,26,0,0,16,32,48,0,38,38,86
08/14/2004,PMD,CA,AWP,WE,Federal Contract Tower,0,0,2,0,2,0,0,2,0,2,0,0,4,0,4,0,0,0,4
08/15/2004,PMD,CA,AWP,WE,Federal Contract Tower,0,0,4,0,4,0,0,4,0,4,0,0,8,0,8,0,0,0,8
08/16/2004,PMD,CA,AWP,WE,Federal Contract Tower,0,0,8,9,17,0,0,10,13,23,0,0,18,22,40,0,32,32,72
08/17/2004,PMD,CA,AWP,WE,Federal Contract Tower,0,1,12,12,25,0,1,21,10,32,0,2,33,22,57,2,34,36,93
08/18/2004,PMD,CA,AWP,WE,Federal Contract Tower,0,0,19,15,34,0,0,17,5,22,0,0,36,20,56,0,30,30,86
08/19/2004,PMD,CA,AWP,WE,Federal Contract Tower,3,0,6,23,32,5,0,12,35,52,8,0,18,58,84,10,108,118,202
08/20/2004,PMD,CA,AWP,WE,Federal Contract Tower,1,1,7,0,9,1,1,7,0,9,2,2,14,0,18,0,0,0,18
08/21/2004,PMD,CA,AWP,WE,Federal Contract Tower,0,0,2,2,4,0,0,2,2,4,0,0,4,4,8,0,2,2,10
08/22/2004,PMD,CA,AWP,WE,Federal Contract Tower,0,0,3,0,3,0,0,3,0,3,0,0,6,0,6,0,0,0,6
08/23/2004,PMD,CA,AWP,WE,Federal Contract Tower,0,0,6,19,25,0,0,14,11,25,0,0,20,30,50,0,72,72,122
08/24/2004,PMD,CA,AWP,WE,Federal Contract Tower,0,0,6,19,25,0,0,8,10,18,0,0,14,29,43,0,14,14,57
08/25/2004,PMD,CA,AWP,WE,Federal Contract Tower,0,0,4,16,20,0,0,12,4,16,0,0,16,20,36,4,36,40,76
08/26/2004,PMD,CA,AWP,WE,Federal Contract Tower,0,0,4,13,17,0,0,4,9,13,0,0,8,22,30,0,42,42,72
08/27/2004,PMD,CA,AWP,WE,Federal Contract Tower,0,0,7,4,11,0,0,9,8,17,0,0,16,12,28,20,0,20,48
08/28/2004,PMD,CA,AWP,WE,Federal Contract Tower,0,0,1,0,1,0,0,5,0,5,0,0,6,0,6,10,14,24,30
08/29/2004,PMD,CA,AWP,WE,Federal Contract Tower,0,0,1,0,1,0,0,1,0,1,0,0,2,0,2,0,0,0,2
08/30/2004,PMD,CA,AWP,WE,Federal Contract Tower,0,0,5,18,23,0,0,13,18,31,0,0,18,36,54,0,28,28,82
08/31/2004,PMD,CA,AWP,WE,Federal Contract Tower,0,2,5,12,19,0,2,11,12,25,0,4,16,24,44,0,10,10,54
09/01/2004,PMD,CA,AWP,WE,Federal Contract Tower,0,0,4,9,13,0,0,16,5,21,0,0,20,14,34,0,34,34,68
09/02/2004,PMD,CA,AWP,WE,Federal Contract Tower,0,0,11,20,31,0,0,7,17,24,0,0,18,37,55,0,64,64,119
09/03/2004,PMD,CA,AWP,WE,Federal Contract Tower,0,0,7,7,14,0,0,25,0,25,0,0,32,7,39,0,16,16,55
09/04/2004,PMD,CA,AWP,WE,Federal Contract Tower,0,0,0,0,0,0,0,4,0,4,0,0,4,0,4,2,0,2,6
09/05/2004,PMD,CA,AWP,WE,Federal Contract Tower,0,0,0,0,0,0,0,0,0,0,0,0,0,0,0,0,0,0,0
09/06/2004,PMD,CA,AWP,WE,Federal Contract Tower,0,0,0,0,0,0,0,6,0,6,0,0,6,0,6,0,0,0,6
09/07/2004,PMD,CA,AWP,WE,Federal Contract Tower,0,0,10,17,27,0,0,25,3,28,0,0,35,20,55,6,18,24,79
09/08/2004,PMD,CA,AWP,WE,Federal Contract Tower,0,0,14,24,38,0,0,13,41,54,0,0,27,65,92,0,48,48,140
09/09/2004,PMD,CA,AWP,WE,Federal Contract Tower,0,0,9,13,22,0,2,9,17,28,0,2,18,30,50,52,64,116,166
09/10/2004,PMD,CA,AWP,WE,Federal Contract Tower,0,0,4,6,10,0,0,10,20,30,0,0,14,26,40,0,44,44,84
09/11/2004,PMD,CA,AWP,WE,Federal Contract Tower,0,0,1,1,2,0,0,11,1,12,0,0,12,2,14,0,0,0,14
09/12/2004,PMD,CA,AWP,WE,Federal Contract Tower,0,0,4,6,10,0,0,2,10,12,0,0,6,16,22,0,22,22,44
09/13/2004,PMD,CA,AWP,WE,Federal Contract Tower,0,1,10,15,26,0,3,7,9,19,0,4,17,24,45,4,50,54,99
09/14/2004,PMD,CA,AWP,WE,Federal Contract Tower,0,0,8,11,19,0,0,10,21,31,0,0,18,32,50,0,40,40,90
09/15/2004,PMD,CA,AWP,WE,Federal Contract Tower,0,0,13,20,33,0,0,11,30,41,0,0,24,50,74,10,56,66,140
09/16/2004,PMD,CA,AWP,WE,Federal Contract Tower,0,1,9,14,24,2,1,17,2,22,2,2,26,16,46,16,54,70,116
09/17/2004,PMD,CA,AWP,WE,Federal Contract Tower,0,1,4,0,5,0,5,14,0,19,0,6,18,0,24,0,0,0,24
09/18/2004,PMD,CA,AWP,WE,Federal Contract Tower,0,0,0,0,0,0,0,4,0,4,0,0,4,0,4,0,0,0,4
09/19/2004,PMD,CA,AWP,WE,Federal Contract Tower,0,0,2,2,4,4,0,2,0,6,4,0,4,2,10,0,0,0,10
09/20/2004,PMD,CA,AWP,WE,Federal Contract Tower,0,0,12,19,31,0,0,16,29,45,0,0,28,48,76,30,82,112,188
09/21/2004,PMD,CA,AWP,WE,Federal Contract Tower,0,0,20,31,51,0,0,4,58,62,0,0,24,89,113,0,84,84,197
09/22/2004,PMD,CA,AWP,WE,Federal Contract Tower,0,0,13,21,34,0,0,14,25,39,0,0,27,46,73,0,106,106,179
09/23/2004,PMD,CA,AWP,WE,Federal Contract Tower,0,0,6,10,16,0,0,16,38,54,0,0,22,48,70,0,44,44,114
09/24/2004,PMD,CA,AWP,WE,Federal Contract Tower,0,0,6,11,17,0,0,12,9,21,0,0,18,20,38,0,76,76,114
09/25/2004,PMD,CA,AWP,WE,Federal Contract Tower,0,0,6,8,14,14,0,8,0,22,14,0,14,8,36,0,26,26,62
09/26/2004,PMD,CA,AWP,WE,Federal Contract Tower,0,0,6,10,16,0,0,0,14,14,0,0,6,24,30,0,26,26,56
09/27/2004,PMD,CA,AWP,WE,Federal Contract Tower,0,0,11,18,29,0,2,33,6,41,0,2,44,24,70,0,8,8,78
09/28/2004,PMD,CA,AWP,WE,Federal Contract Tower,0,0,12,20,32,0,0,11,32,43,0,0,23,52,75,0,58,58,133
09/29/2004,PMD,CA,AWP,WE,Federal Contract Tower,0,0,12,18,30,0,0,10,23,33,0,0,22,41,63,8,60,68,131
09/30/2004,PMD,CA,AWP,WE,Federal Contract Tower,0,0,9,15,24,0,2,19,25,46,0,2,28,40,70,6,40,46,116
10/01/2004,PMD,CA,AWP,WE,Federal Contract Tower,0,1,13,1,15,0,3,23,1,27,0,4,36,2,42,0,10,10,52
10/02/2004,PMD,CA,AWP,WE,Federal Contract Tower,0,0,6,0,6,0,0,6,1,7,0,0,12,1,13,0,0,0,13
10/03/2004,PMD,CA,AWP,WE,Federal Contract Tower,0,0,7,0,7,0,0,7,0,7,0,0,14,0,14,0,0,0,14
10/04/2004,PMD,CA,AWP,WE,Federal Contract Tower,0,0,7,10,17,0,0,9,14,23,0,0,16,24,40,0,60,60,100
10/05/2004,PMD,CA,AWP,WE,Federal Contract Tower,0,1,8,22,31,0,1,14,23,38,0,2,22,45,69,0,23,23,92
10/06/2004,PMD,CA,AWP,WE,Federal Contract Tower,0,0,12,14,26,0,0,22,21,43,0,0,34,35,69,0,80,80,149
10/07/2004,PMD,CA,AWP,WE,Federal Contract Tower,0,4,14,21,39,0,4,24,25,53,0,8,38,46,92,0,100,100,192
10/08/2004,PMD,CA,AWP,WE,Federal Contract Tower,0,4,14,13,31,0,4,18,12,34,0,8,32,25,65,0,26,26,91
10/10/2004,PMD,CA,AWP,WE,Federal Contract Tower,0,0,0,0,0,0,0,0,0,0,0,0,0,0,0,0,0,0,0
10/11/2004,PMD,CA,AWP,WE,Federal Contract Tower,0,7,3,1,11,0,7,10,23,40,0,14,13,24,51,0,0,0,51
10/12/2004,PMD,CA,AWP,WE,Federal Contract Tower,0,0,10,13,23,0,0,15,37,52,0,0,25,50,75,0,70,70,145
10/13/2004,PMD,CA,AWP,WE,Federal Contract Tower,0,0,12,30,42,0,0,20,14,34,0,0,32,44,76,2,88,90,166
10/14/2004,PMD,CA,AWP,WE,Federal Contract Tower,0,0,10,19,29,0,0,4,17,21,0,0,14,36,50,0,64,64,114
10/15/2004,PMD,CA,AWP,WE,Federal Contract Tower,0,0,13,26,39,0,0,11,12,23,0,0,24,38,62,0,40,40,102
10/16/2004,PMD,CA,AWP,WE,Federal Contract Tower,0,2,3,0,5,0,2,5,0,7,0,4,8,0,12,0,0,0,12
10/17/2004,PMD,CA,AWP,WE,Federal Contract Tower,0,0,0,3,3,0,0,0,1,1,0,0,0,4,4,0,10,10,14
10/18/2004,PMD,CA,AWP,WE,Federal Contract Tower,0,0,13,35,48,0,0,9,33,42,0,0,22,68,90,0,88,88,178
10/19/2004,PMD,CA,AWP,WE,Federal Contract Tower,0,0,15,28,43,0,0,4,33,37,0,0,19,61,80,2,42,44,124
10/20/2004,PMD,CA,AWP,WE,Federal Contract Tower,0,0,14,30,44,0,0,5,21,26,0,0,19,51,70,0,28,28,98
10/21/2004,PMD,CA,AWP,WE,Federal Contract Tower,0,2,11,45,58,0,2,11,15,28,0,4,22,60,86,0,74,74,160
10/22/2004,PMD,CA,AWP,WE,Federal Contract Tower,0,2,8,13,23,0,2,6,2,10,0,4,14,15,33,0,20,20,53
10/23/2004,PMD,CA,AWP,WE,Federal Contract Tower,0,0,2,0,2,0,0,4,0,4,0,0,6,0,6,6,0,6,12
10/24/2004,PMD,CA,AWP,WE,Federal Contract Tower,0,0,5,0,5,0,0,5,0,5,0,0,10,0,10,0,0,0,10
10/25/2004,PMD,CA,AWP,WE,Federal Contract Tower,0,2,12,22,36,0,2,26,22,50,0,4,38,44,86,2,24,26,112
10/26/2004,PMD,CA,AWP,WE,Federal Contract Tower,0,0,16,18,34,0,0,3,17,20,0,0,19,35,54,0,42,42,96
10/27/2004,PMD,CA,AWP,WE,Federal Contract Tower,0,0,16,19,35,0,0,3,31,34,0,0,19,50,69,0,20,20,89
10/28/2004,PMD,CA,AWP,WE,Federal Contract Tower,0,0,8,30,38,0,0,12,30,42,0,0,20,60,80,6,20,26,106
10/29/2004,PMD,CA,AWP,WE,Federal Contract Tower,0,2,12,7,21,0,6,18,5,29,0,8,30,12,50,0,0,0,50
10/30/2004,PMD,CA,AWP,WE,Federal Contract Tower,0,0,3,4,7,0,0,3,1,4,0,0,6,5,11,0,10,10,21
10/31/2004,PMD,CA,AWP,WE,Federal Contract Tower,2,0,1,0,3,0,0,1,0,1,2,0,2,0,4,0,0,0,4
11/01/2004,PMD,CA,AWP,WE,Federal Contract Tower,0,2,12,9,23,0,2,21,7,30,0,4,33,16,53,2,6,8,61
11/02/2004,PMD,CA,AWP,WE,Federal Contract Tower,0,2,14,20,36,0,2,23,21,46,0,4,37,41,82,0,15,15,97
11/03/2004,PMD,CA,AWP,WE,Federal Contract Tower,0,0,4,20,24,0,0,19,19,38,0,0,23,39,62,0,61,61,123
11/04/2004,PMD,CA,AWP,WE,Federal Contract Tower,2,0,7,23,32,0,0,7,9,16,2,0,14,32,48,0,42,42,90
11/05/2004,PMD,CA,AWP,WE,Federal Contract Tower,0,2,10,6,18,0,2,8,2,12,0,4,18,8,30,2,4,6,36
11/06/2004,PMD,CA,AWP,WE,Federal Contract Tower,0,2,2,6,10,0,2,0,2,4,0,4,2,8,14,0,4,4,18
11/07/2004,PMD,CA,AWP,WE,Federal Contract Tower,0,0,1,0,1,0,0,1,0,1,0,0,2,0,2,0,0,0,2
11/08/2004,PMD,CA,AWP,WE,Federal Contract Tower,1,1,11,27,40,1,1,5,35,42,2,2,16,62,82,0,46,46,128
11/09/2004,PMD,CA,AWP,WE,Federal Contract Tower,0,0,11,22,33,0,0,6,18,24,0,0,17,40,57,0,46,46,103
11/10/2004,PMD,CA,AWP,WE,Federal Contract Tower,0,3,17,24,44,0,3,26,38,67,0,6,43,62,111,0,24,24,135
11/11/2004,PMD,CA,AWP,WE,Federal Contract Tower,0,0,14,4,18,0,0,16,2,18,0,0,30,6,36,0,0,0,36
11/12/2004,PMD,CA,AWP,WE,Federal Contract Tower,0,0,2,7,9,0,0,10,5,15,0,0,12,12,24,2,2,4,28
11/13/2004,PMD,CA,AWP,WE,Federal Contract Tower,0,0,3,0,3,0,0,1,0,1,0,0,4,0,4,8,0,8,12
11/14/2004,PMD,CA,AWP,WE,Federal Contract Tower,0,0,5,0,5,0,0,5,0,5,0,0,10,0,10,0,0,0,10
11/15/2004,PMD,CA,AWP,WE,Federal Contract Tower,0,2,4,32,38,0,2,17,36,55,0,4,21,68,93,4,36,40,133
11/16/2004,PMD,CA,AWP,WE,Federal Contract Tower,0,1,7,30,38,0,1,13,36,50,0,2,20,66,88,0,74,74,162
11/17/2004,PMD,CA,AWP,WE,Federal Contract Tower,0,2,10,34,46,0,2,11,27,40,0,4,21,61,86,2,50,52,138
11/18/2004,PMD,CA,AWP,WE,Federal Contract Tower,0,0,6,28,34,0,0,12,18,30,0,0,18,46,64,0,56,56,120
11/19/2004,PMD,CA,AWP,WE,Federal Contract Tower,0,0,2,8,10,0,0,8,4,12,0,0,10,12,22,0,44,44,66
11/20/2004,PMD,CA,AWP,WE,Federal Contract Tower,0,0,12,0,12,0,0,10,0,10,0,0,22,0,22,0,0,0,22
11/21/2004,PMD,CA,AWP,WE,Federal Contract Tower,0,0,1,1,2,0,0,1,1,2,0,0,2,2,4,0,0,0,4
11/22/2004,PMD,CA,AWP,WE,Federal Contract Tower,0,0,30,12,42,0,0,17,18,35,0,0,47,30,77,28,44,72,149
11/23/2004,PMD,CA,AWP,WE,Federal Contract Tower,0,0,23,18,41,0,0,23,33,56,0,0,46,51,97,30,68,98,195
11/24/2004,PMD,CA,AWP,WE,Federal Contract Tower,0,3,3,15,21,0,3,9,12,24,0,6,12,27,45,0,44,44,89
11/25/2004,PMD,CA,AWP,WE,Federal Contract Tower,0,0,0,0,0,0,0,2,0,2,0,0,2,0,2,0,0,0,2
11/26/2004,PMD,CA,AWP,WE,Federal Contract Tower,0,0,0,0,0,0,0,6,0,6,0,0,6,0,6,0,0,0,6
11/27/2004,PMD,CA,AWP,WE,Federal Contract Tower,0,2,0,0,2,0,2,0,0,2,0,4,0,0,4,0,0,0,4
11/28/2004,PMD,CA,AWP,WE,Federal Contract Tower,0,0,5,0,5,0,0,5,0,5,0,0,10,0,10,0,0,0,10
11/29/2004,PMD,CA,AWP,WE,Federal Contract Tower,0,1,4,7,12,0,1,20,6,27,0,2,24,13,39,8,2,10,49
11/30/2004,PMD,CA,AWP,WE,Federal Contract Tower,0,1,12,16,29,0,1,30,32,63,0,2,42,48,92,8,16,24,116
12/01/2004,PMD,CA,AWP,WE,Federal Contract Tower,0,1,11,22,34,0,0,36,39,75,0,1,47,61,109,14,26,40,149
12/02/2004,PMD,CA,AWP,WE,Federal Contract Tower,0,1,11,29,41,0,1,17,41,59,0,2,28,70,100,20,60,80,180
12/03/2004,PMD,CA,AWP,WE,Federal Contract Tower,0,0,9,3,12,0,0,36,13,49,0,0,45,16,61,4,10,14,75
12/04/2004,PMD,CA,AWP,WE,Federal Contract Tower,0,0,12,0,12,0,0,42,6,48,0,0,54,6,60,0,4,4,64
12/05/2004,PMD,CA,AWP,WE,Federal Contract Tower,0,0,2,0,2,0,0,6,0,6,0,0,8,0,8,0,0,0,8
12/06/2004,PMD,CA,AWP,WE,Federal Contract Tower,0,0,11,7,18,0,0,19,9,28,0,0,30,16,46,0,32,32,78
12/07/2004,PMD,CA,AWP,WE,Federal Contract Tower,0,2,13,34,49,0,2,13,36,51,0,4,26,70,100,0,30,30,130
12/08/2004,PMD,CA,AWP,WE,Federal Contract Tower,0,1,15,24,40,0,1,8,18,27,0,2,23,42,67,26,86,112,179
12/09/2004,PMD,CA,AWP,WE,Federal Contract Tower,0,0,23,30,53,0,0,51,58,109,0,0,74,88,162,16,49,65,227
12/10/2004,PMD,CA,AWP,WE,Federal Contract Tower,0,4,17,31,52,0,4,42,52,98,0,8,59,83,150,8,48,56,206
12/11/2004,PMD,CA,AWP,WE,Federal Contract Tower,0,0,8,0,8,0,0,30,0,30,0,0,38,0,38,0,0,0,38
12/12/2004,PMD,CA,AWP,WE,Federal Contract Tower,0,0,6,0,6,0,0,21,0,21,0,0,27,0,27,0,0,0,27
12/13/2004,PMD,CA,AWP,WE,Federal Contract Tower,0,0,17,29,46,0,0,23,33,56,0,0,40,62,102,0,47,47,149
12/14/2004,PMD,CA,AWP,WE,Federal Contract Tower,0,1,7,39,47,0,1,33,40,74,0,2,40,79,121,12,82,94,215
12/15/2004,PMD,CA,AWP,WE,Federal Contract Tower,0,2,11,32,45,0,2,32,38,72,0,4,43,70,117,6,92,98,215
12/16/2004,PMD,CA,AWP,WE,Federal Contract Tower,0,1,5,12,18,0,1,38,24,63,0,2,43,36,81,0,18,18,99
12/17/2004,PMD,CA,AWP,WE,Federal Contract Tower,0,0,14,22,36,0,0,28,32,60,0,0,42,54,96,4,36,40,136
12/18/2004,PMD,CA,AWP,WE,Federal Contract Tower,0,0,9,0,9,0,0,34,0,34,0,0,43,0,43,4,0,4,47
12/19/2004,PMD,CA,AWP,WE,Federal Contract Tower,0,0,6,0,6,0,0,13,2,15,0,0,19,2,21,0,0,0,21
12/20/2004,PMD,CA,AWP,WE,Federal Contract Tower,3,0,18,27,48,11,0,29,30,70,14,0,47,57,118,6,58,64,182
12/21/2004,PMD,CA,AWP,WE,Federal Contract Tower,0,2,16,21,39,0,2,24,27,53,0,4,40,48,92,4,72,76,168
12/22/2004,PMD,CA,AWP,WE,Federal Contract Tower,0,0,10,15,25,0,0,8,19,27,0,0,18,34,52,8,98,106,158
12/23/2004,PMD,CA,AWP,WE,Federal Contract Tower,0,0,4,7,11,0,0,28,5,33,0,0,32,12,44,8,16,24,68
12/24/2004,PMD,CA,AWP,WE,Federal Contract Tower,0,0,0,0,0,0,0,4,0,4,0,0,4,0,4,0,0,0,4
12/25/2004,PMD,CA,AWP,WE,Federal Contract Tower,0,0,0,0,0,0,0,18,0,18,0,0,18,0,18,0,0,0,18
12/26/2004,PMD,CA,AWP,WE,Federal Contract Tower,0,0,0,0,0,0,0,10,0,10,0,0,10,0,10,0,0,0,10
12/27/2004,PMD,CA,AWP,WE,Federal Contract Tower,0,0,13,16,29,0,0,18,61,79,0,0,31,77,108,16,30,46,154
12/28/2004,PMD,CA,AWP,WE,Federal Contract Tower,0,0,0,2,2,0,0,2,2,4,0,0,2,4,6,0,14,14,20
12/29/2004,PMD,CA,AWP,WE,Federal Contract Tower,5,0,2,1,8,0,0,3,1,4,5,0,5,2,12,0,0,0,12
12/30/2004,PMD,CA,AWP,WE,Federal Contract Tower,1,5,1,10,17,9,3,19,11,42,10,8,20,21,59,6,44,50,109
12/31/2004,PMD,CA,AWP,WE,Federal Contract Tower,3,0,1,0,4,1,0,11,0,12,4,0,12,0,16,0,0,0,16
01/01/2005,PMD,CA,AWP,WE,Federal Contract Tower,0,2,1,0,3,0,6,33,0,39,0,8,34,0,42,6,0,6,48
01/02/2005,PMD,CA,AWP,WE,Federal Contract Tower,5,0,0,0,5,0,0,1,0,1,5,0,1,0,6,0,0,0,6
01/03/2005,PMD,CA,AWP,WE,Federal Contract Tower,4,0,8,0,12,1,0,7,0,8,5,0,15,0,20,0,0,0,20
01/04/2005,PMD,CA,AWP,WE,Federal Contract Tower,0,2,12,22,36,0,0,20,26,46,0,2,32,48,82,6,24,30,112
01/05/2005,PMD,CA,AWP,WE,Federal Contract Tower,0,2,23,11,36,0,0,27,19,46,0,2,50,30,82,0,24,24,106
01/06/2005,PMD,CA,AWP,WE,Federal Contract Tower,0,4,13,50,67,0,3,18,59,80,0,7,31,109,147,0,128,128,275
01/07/2005,PMD,CA,AWP,WE,Federal Contract Tower,0,1,14,6,21,0,0,8,6,14,0,1,22,12,35,0,0,0,35
01/08/2005,PMD,CA,AWP,WE,Federal Contract Tower,2,0,1,0,3,0,0,5,0,5,2,0,6,0,8,0,0,0,8
01/09/2005,PMD,CA,AWP,WE,Federal Contract Tower,0,5,0,0,5,0,0,6,0,6,0,5,6,0,11,0,0,0,11
01/10/2005,PMD,CA,AWP,WE,Federal Contract Tower,0,4,19,0,23,0,0,19,0,19,0,4,38,0,42,0,0,0,42
01/11/2005,PMD,CA,AWP,WE,Federal Contract Tower,0,3,12,17,32,0,1,24,23,48,0,4,36,40,80,0,20,20,100
01/12/2005,PMD,CA,AWP,WE,Federal Contract Tower,0,3,16,24,43,0,1,43,30,74,0,4,59,54,117,8,38,46,163
01/13/2005,PMD,CA,AWP,WE,Federal Contract Tower,0,5,28,17,50,0,1,24,19,44,0,6,52,36,94,8,74,82,176
01/14/2005,PMD,CA,AWP,WE,Federal Contract Tower,0,2,22,6,30,0,2,29,8,39,0,4,51,14,69,0,22,22,91
01/15/2005,PMD,CA,AWP,WE,Federal Contract Tower,0,2,10,0,12,0,2,22,0,24,0,4,32,0,36,0,0,0,36
01/16/2005,PMD,CA,AWP,WE,Federal Contract Tower,0,3,8,0,11,0,0,19,1,20,0,3,27,1,31,14,0,14,45
01/17/2005,PMD,CA,AWP,WE,Federal Contract Tower,0,7,24,0,31,0,3,35,0,38,0,10,59,0,69,0,0,0,69
01/18/2005,PMD,CA,AWP,WE,Federal Contract Tower,0,2,13,17,32,0,0,19,29,48,0,2,32,46,80,8,64,72,152
01/19/2005,PMD,CA,AWP,WE,Federal Contract Tower,0,2,11,18,31,0,0,22,22,44,0,2,33,40,75,4,40,44,119
01/20/2005,PMD,CA,AWP,WE,Federal Contract Tower,0,2,13,21,36,0,2,26,28,56,0,4,39,49,92,0,82,82,174
01/21/2005,PMD,CA,AWP,WE,Federal Contract Tower,0,4,16,9,29,0,3,58,19,80,0,7,74,28,109,8,14,22,131
01/22/2005,PMD,CA,AWP,WE,Federal Contract Tower,0,2,3,8,13,0,3,27,29,59,0,5,30,37,72,0,64,64,136
01/23/2005,PMD,CA,AWP,WE,Federal Contract Tower,0,2,1,5,8,0,1,7,5,13,0,3,8,10,21,10,26,36,57
01/24/2005,PMD,CA,AWP,WE,Federal Contract Tower,0,5,12,24,41,0,1,11,22,34,0,6,23,46,75,0,148,148,223
01/25/2005,PMD,CA,AWP,WE,Federal Contract Tower,0,4,16,29,49,0,2,14,27,43,0,6,30,56,92,2,50,52,144
01/26/2005,PMD,CA,AWP,WE,Federal Contract Tower,0,4,25,22,51,0,1,18,40,59,0,5,43,62,110,2,76,78,188
01/27/2005,PMD,CA,AWP,WE,Federal Contract Tower,0,5,25,36,66,0,2,21,60,83,0,7,46,96,149,6,96,102,251
01/28/2005,PMD,CA,AWP,WE,Federal Contract Tower,0,6,18,9,33,0,1,9,17,27,0,7,27,26,60,0,12,12,72
01/29/2005,PMD,CA,AWP,WE,Federal Contract Tower,0,1,5,0,6,0,2,15,4,21,0,3,20,4,27,0,0,0,27
01/30/2005,PMD,CA,AWP,WE,Federal Contract Tower,0,3,1,0,4,0,0,7,2,9,0,3,8,2,13,0,0,0,13
01/31/2005,PMD,CA,AWP,WE,Federal Contract Tower,0,6,10,22,38,0,4,30,16,50,0,10,40,38,88,0,78,78,166
02/01/2005,PMD,CA,AWP,WE,Federal Contract Tower,0,2,14,16,32,0,0,28,15,43,0,2,42,31,75,0,0,0,75
02/02/2005,PMD,CA,AWP,WE,Federal Contract Tower,0,3,8,25,36,0,3,20,27,50,0,6,28,52,86,0,40,40,126
02/03/2005,PMD,CA,AWP,WE,Federal Contract Tower,0,5,18,13,36,0,0,17,21,38,0,5,35,34,74,0,58,58,132
02/04/2005,PMD,CA,AWP,WE,Federal Contract Tower,0,1,15,2,18,0,1,26,5,32,0,2,41,7,50,0,11,11,61
02/05/2005,PMD,CA,AWP,WE,Federal Contract Tower,0,0,0,0,0,0,0,1,0,1,0,0,1,0,1,0,0,0,1
02/06/2005,PMD,CA,AWP,WE,Federal Contract Tower,0,4,1,0,5,0,1,1,0,2,0,5,2,0,7,0,0,0,7
02/07/2005,PMD,CA,AWP,WE,Federal Contract Tower,0,6,15,18,39,0,2,18,30,50,0,8,33,48,89,0,82,82,171
02/08/2005,PMD,CA,AWP,WE,Federal Contract Tower,0,3,17,29,49,0,2,17,19,38,0,5,34,48,87,2,100,102,189
02/09/2005,PMD,CA,AWP,WE,Federal Contract Tower,0,5,7,11,23,0,3,35,17,55,0,8,42,28,78,8,48,56,134
02/10/2005,PMD,CA,AWP,WE,Federal Contract Tower,0,3,11,22,36,0,2,24,30,56,0,5,35,52,92,0,104,104,196
02/11/2005,PMD,CA,AWP,WE,Federal Contract Tower,0,3,13,0,16,0,0,10,0,10,0,3,23,0,26,0,0,0,26
02/12/2005,PMD,CA,AWP,WE,Federal Contract Tower,0,1,0,0,1,0,1,7,20,28,0,2,7,20,29,0,20,20,49
02/13/2005,PMD,CA,AWP,WE,Federal Contract Tower,0,3,7,5,15,0,0,17,3,20,0,3,24,8,35,0,24,24,59
02/14/2005,PMD,CA,AWP,WE,Federal Contract Tower,0,4,24,12,40,0,0,22,8,30,0,4,46,20,70,2,62,64,134
02/15/2005,PMD,CA,AWP,WE,Federal Contract Tower,0,2,13,22,37,0,0,21,22,43,0,2,34,44,80,0,36,36,116
02/16/2005,PMD,CA,AWP,WE,Federal Contract Tower,0,2,17,15,34,0,0,27,10,37,0,2,44,25,71,22,20,42,113
02/17/2005,PMD,CA,AWP,WE,Federal Contract Tower,0,2,17,26,45,0,2,11,41,54,0,4,28,67,99,0,142,142,241
02/18/2005,PMD,CA,AWP,WE,Federal Contract Tower,0,3,10,2,15,0,0,0,4,4,0,3,10,6,19,0,10,10,29
02/19/2005,PMD,CA,AWP,WE,Federal Contract Tower,0,1,0,0,1,0,0,14,0,14,0,1,14,0,15,0,0,0,15
02/20/2005,PMD,CA,AWP,WE,Federal Contract Tower,0,2,0,0,2,0,0,0,0,0,0,2,0,0,2,0,0,0,2
02/21/2005,PMD,CA,AWP,WE,Federal Contract Tower,0,1,11,0,12,0,0,5,0,5,0,1,16,0,17,0,0,0,17
02/22/2005,PMD,CA,AWP,WE,Federal Contract Tower,0,2,24,2,28,0,0,6,3,9,0,2,30,5,37,2,0,2,39
02/23/2005,PMD,CA,AWP,WE,Federal Contract Tower,0,2,16,8,26,0,0,16,10,26,0,2,32,18,52,2,62,64,116
02/24/2005,PMD,CA,AWP,WE,Federal Contract Tower,0,3,26,20,49,0,2,28,12,42,0,5,54,32,91,0,95,95,186
02/25/2005,PMD,CA,AWP,WE,Federal Contract Tower,0,2,15,16,33,0,0,19,19,38,0,2,34,35,71,10,42,52,123
02/26/2005,PMD,CA,AWP,WE,Federal Contract Tower,0,4,12,0,16,0,4,23,0,27,0,8,35,0,43,4,0,4,47
02/27/2005,PMD,CA,AWP,WE,Federal Contract Tower,0,3,5,1,9,0,0,13,1,14,0,3,18,2,23,2,0,2,25
02/28/2005,PMD,CA,AWP,WE,Federal Contract Tower,0,5,17,14,36,0,1,12,29,42,0,6,29,43,78,0,22,22,100
03/01/2005,PMD,CA,AWP,WE,Federal Contract Tower,0,3,12,20,35,0,1,37,12,50,0,4,49,32,85,0,24,24,109
03/02/2005,PMD,CA,AWP,WE,Federal Contract Tower,0,4,23,12,39,0,2,15,10,27,0,6,38,22,66,0,12,12,78
03/03/2005,PMD,CA,AWP,WE,Federal Contract Tower,0,4,22,18,44,0,0,24,20,44,0,4,46,38,88,2,18,20,108
03/04/2005,PMD,CA,AWP,WE,Federal Contract Tower,0,2,13,18,33,0,0,13,27,40,0,2,26,45,73,0,22,22,95
03/05/2005,PMD,CA,AWP,WE,Federal Contract Tower,0,1,5,4,10,0,1,7,8,16,0,2,12,12,26,0,2,2,28
03/06/2005,PMD,CA,AWP,WE,Federal Contract Tower,0,2,10,7,19,0,1,19,13,33,0,3,29,20,52,0,6,6,58
03/07/2005,PMD,CA,AWP,WE,Federal Contract Tower,0,3,25,21,49,0,1,34,1,36,0,4,59,22,85,0,26,26,111
03/08/2005,PMD,CA,AWP,WE,Federal Contract Tower,0,3,14,34,51,0,1,23,34,58,0,4,37,68,109,2,76,78,187
03/09/2005,PMD,CA,AWP,WE,Federal Contract Tower,0,2,12,37,51,0,0,28,34,62,0,2,40,71,113,0,58,58,171
03/10/2005,PMD,CA,AWP,WE,Federal Contract Tower,0,3,14,36,53,4,1,26,38,69,4,4,40,74,122,14,106,120,242
03/11/2005,PMD,CA,AWP,WE,Federal Contract Tower,0,0,9,22,31,0,2,21,21,44,0,2,30,43,75,0,88,88,163
03/12/2005,PMD,CA,AWP,WE,Federal Contract Tower,0,2,10,1,13,0,4,20,5,29,0,6,30,6,42,0,0,0,42
03/13/2005,PMD,CA,AWP,WE,Federal Contract Tower,0,2,4,0,6,0,1,0,0,1,0,3,4,0,7,0,0,0,7
03/14/2005,PMD,CA,AWP,WE,Federal Contract Tower,0,2,10,13,25,0,2,10,17,29,0,4,20,30,54,0,10,10,64
03/15/2005,PMD,CA,AWP,WE,Federal Contract Tower,0,1,12,20,33,0,1,27,24,52,0,2,39,44,85,0,10,10,95
03/16/2005,PMD,CA,AWP,WE,Federal Contract Tower,0,2,10,15,27,0,3,25,34,62,0,5,35,49,89,18,68,86,175
03/17/2005,PMD,CA,AWP,WE,Federal Contract Tower,0,0,16,18,34,0,2,14,23,39,0,2,30,41,73,4,61,65,138
03/18/2005,PMD,CA,AWP,WE,Federal Contract Tower,0,2,13,11,26,0,0,7,13,20,0,2,20,24,46,0,32,32,78
03/19/2005,PMD,CA,AWP,WE,Federal Contract Tower,0,2,0,0,2,0,0,4,0,4,0,2,4,0,6,0,0,0,6
03/20/2005,PMD,CA,AWP,WE,Federal Contract Tower,0,1,8,1,10,0,2,27,1,30,0,3,35,2,40,0,30,30,70
03/21/2005,PMD,CA,AWP,WE,Federal Contract Tower,0,2,13,8,23,0,2,39,8,49,0,4,52,16,72,0,65,65,137
03/22/2005,PMD,CA,AWP,WE,Federal Contract Tower,0,2,15,14,31,0,0,7,16,23,0,2,22,30,54,0,26,26,80
03/23/2005,PMD,CA,AWP,WE,Federal Contract Tower,0,1,8,11,20,0,0,8,11,19,0,1,16,22,39,0,34,34,73
03/24/2005,PMD,CA,AWP,WE,Federal Contract Tower,0,1,20,2,23,0,3,15,6,24,0,4,35,8,47,0,20,20,67
03/25/2005,PMD,CA,AWP,WE,Federal Contract Tower,4,0,16,15,35,4,0,12,13,29,8,0,28,28,64,8,59,67,131
03/26/2005,PMD,CA,AWP,WE,Federal Contract Tower,1,2,6,5,14,1,3,36,5,45,2,5,42,10,59,2,0,2,61
03/27/2005,PMD,CA,AWP,WE,Federal Contract Tower,0,2,1,5,8,0,1,5,7,13,0,3,6,12,21,0,0,0,21
03/28/2005,PMD,CA,AWP,WE,Federal Contract Tower,0,3,9,10,22,0,1,0,6,7,0,4,9,16,29,0,8,8,37
03/29/2005,PMD,CA,AWP,WE,Federal Contract Tower,0,1,12,7,20,0,2,14,5,21,0,3,26,12,41,8,6,14,55
03/30/2005,PMD,CA,AWP,WE,Federal Contract Tower,0,2,11,7,20,0,1,28,19,48,0,3,39,26,68,8,8,16,84
03/31/2005,PMD,CA,AWP,WE,Federal Contract Tower,0,0,9,5,14,0,4,30,7,41,0,4,39,12,55,0,24,24,79
04/01/2005,PMD,CA,AWP,WE,Federal Contract Tower,0,4,12,4,20,0,3,8,10,21,0,7,20,14,41,14,20,34,75
04/02/2005,PMD,CA,AWP,WE,Federal Contract Tower,0,1,0,2,3,0,4,24,14,42,0,5,24,16,45,0,42,42,87
04/03/2005,PMD,CA,AWP,WE,Federal Contract Tower,0,3,3,1,7,0,0,5,3,8,0,3,8,4,15,0,20,20,35
04/04/2005,PMD,CA,AWP,WE,Federal Contract Tower,0,2,8,11,21,0,2,9,2,13,0,4,17,13,34,0,8,8,42
04/05/2005,PMD,CA,AWP,WE,Federal Contract Tower,0,0,15,44,59,0,1,18,50,69,0,1,33,94,128,8,60,68,196
04/06/2005,PMD,CA,AWP,WE,Federal Contract Tower,2,1,11,34,48,2,0,20,34,56,4,1,31,68,104,12,74,86,190
04/07/2005,PMD,CA,AWP,WE,Federal Contract Tower,0,3,17,18,38,0,6,10,12,28,0,9,27,30,66,6,28,34,100
04/08/2005,PMD,CA,AWP,WE,Federal Contract Tower,0,2,8,5,15,0,2,12,7,21,0,4,20,12,36,2,6,8,44
04/09/2005,PMD,CA,AWP,WE,Federal Contract Tower,0,1,0,2,3,0,0,0,0,0,0,1,0,2,3,0,0,0,3
04/10/2005,PMD,CA,AWP,WE,Federal Contract Tower,0,0,2,4,6,0,0,6,10,16,0,0,8,14,22,0,14,14,36
04/11/2005,PMD,CA,AWP,WE,Federal Contract Tower,0,1,9,15,25,0,3,25,27,55,0,4,34,42,80,0,52,52,132
04/12/2005,PMD,CA,AWP,WE,Federal Contract Tower,0,1,12,13,26,0,0,25,19,44,0,1,37,32,70,0,26,26,96
04/13/2005,PMD,CA,AWP,WE,Federal Contract Tower,0,2,11,23,36,0,3,10,42,55,0,5,21,65,91,0,36,36,127
04/14/2005,PMD,CA,AWP,WE,Federal Contract Tower,0,4,18,23,45,0,4,25,19,48,0,8,43,42,93,0,60,60,153
04/15/2005,PMD,CA,AWP,WE,Federal Contract Tower,0,2,21,6,29,0,1,25,10,36,0,3,46,16,65,2,8,10,75
04/16/2005,PMD,CA,AWP,WE,Federal Contract Tower,0,0,3,0,3,0,0,15,1,16,0,0,18,1,19,0,0,0,19
04/17/2005,PMD,CA,AWP,WE,Federal Contract Tower,3,2,4,1,10,3,1,20,1,25,6,3,24,2,35,0,0,0,35
04/18/2005,PMD,CA,AWP,WE,Federal Contract Tower,0,4,22,20,46,0,5,26,14,45,0,9,48,34,91,0,48,48,139
04/19/2005,PMD,CA,AWP,WE,Federal Contract Tower,6,3,23,22,54,6,0,26,23,55,12,3,49,45,109,0,78,78,187
04/20/2005,PMD,CA,AWP,WE,Federal Contract Tower,0,1,14,23,38,0,3,19,37,59,0,4,33,60,97,0,10,10,107
04/21/2005,PMD,CA,AWP,WE,Federal Contract Tower,2,4,18,22,46,4,8,30,8,50,6,12,48,30,96,0,14,14,110
04/22/2005,PMD,CA,AWP,WE,Federal Contract Tower,4,2,14,12,32,4,1,26,6,37,8,3,40,18,69,0,20,20,89
04/23/2005,PMD,CA,AWP,WE,Federal Contract Tower,0,1,4,0,5,0,1,22,0,23,0,2,26,0,28,0,0,0,28
04/24/2005,PMD,CA,AWP,WE,Federal Contract Tower,0,3,0,0,3,0,0,10,0,10,0,3,10,0,13,0,0,0,13
04/25/2005,PMD,CA,AWP,WE,Federal Contract Tower,0,47,143,0,190,0,4,623,0,627,0,51,766,0,817,474,0,474,1291
04/26/2005,PMD,CA,AWP,WE,Federal Contract Tower,3,0,14,16,33,3,2,17,17,39,6,2,31,33,72,0,32,32,104
04/27/2005,PMD,CA,AWP,WE,Federal Contract Tower,0,1,11,11,23,2,2,22,13,39,2,3,33,24,62,2,12,14,76
04/28/2005,PMD,CA,AWP,WE,Federal Contract Tower,0,4,14,21,39,0,3,9,43,55,0,7,23,64,94,0,10,10,104
04/29/2005,PMD,CA,AWP,WE,Federal Contract Tower,0,2,18,8,28,0,1,32,18,51,0,3,50,26,79,0,16,16,95
04/30/2005,PMD,CA,AWP,WE,Federal Contract Tower,0,0,4,0,4,0,0,32,4,36,0,0,36,4,40,0,4,4,44
05/01/2005,PMD,CA,AWP,WE,Federal Contract Tower,0,2,1,0,3,0,1,21,0,22,0,3,22,0,25,0,0,0,25
05/02/2005,PMD,CA,AWP,WE,Federal Contract Tower,0,3,18,3,24,0,2,14,5,21,0,5,32,8,45,0,0,0,45
05/03/2005,PMD,CA,AWP,WE,Federal Contract Tower,0,0,10,16,26,0,2,24,22,48,0,2,34,38,74,6,44,50,124
05/04/2005,PMD,CA,AWP,WE,Federal Contract Tower,0,0,21,10,31,0,1,29,19,49,0,1,50,29,80,0,54,54,134
05/05/2005,PMD,CA,AWP,WE,Federal Contract Tower,2,3,23,26,54,2,2,10,36,50,4,5,33,62,104,0,52,52,156
05/06/2005,PMD,CA,AWP,WE,Federal Contract Tower,0,2,37,13,52,0,2,21,39,62,0,4,58,52,114,0,30,30,144
05/07/2005,PMD,CA,AWP,WE,Federal Contract Tower,0,0,6,0,6,0,4,34,0,38,0,4,40,0,44,0,0,0,44
05/08/2005,PMD,CA,AWP,WE,Federal Contract Tower,0,2,6,0,8,0,1,9,0,10,0,3,15,0,18,0,0,0,18
05/09/2005,PMD,CA,AWP,WE,Federal Contract Tower,0,3,15,29,47,0,0,17,22,39,0,3,32,51,86,0,14,14,100
05/10/2005,PMD,CA,AWP,WE,Federal Contract Tower,0,0,8,13,21,0,1,18,14,33,0,1,26,27,54,2,18,20,74
05/11/2005,PMD,CA,AWP,WE,Federal Contract Tower,0,1,14,14,29,0,3,28,18,49,0,4,42,32,78,14,6,20,98
05/12/2005,PMD,CA,AWP,WE,Federal Contract Tower,0,0,15,20,35,0,2,43,17,62,0,2,58,37,97,0,40,40,137
05/13/2005,PMD,CA,AWP,WE,Federal Contract Tower,0,0,15,15,30,0,4,24,34,62,0,4,39,49,92,0,4,4,96
05/14/2005,PMD,CA,AWP,WE,Federal Contract Tower,0,0,3,0,3,0,1,3,0,4,0,1,6,0,7,0,0,0,7
05/15/2005,PMD,CA,AWP,WE,Federal Contract Tower,5,2,3,0,10,5,1,24,0,30,10,3,27,0,40,0,0,0,40
05/16/2005,PMD,CA,AWP,WE,Federal Contract Tower,0,3,14,16,33,0,2,15,19,36,0,5,29,35,69,0,6,6,75
05/17/2005,PMD,CA,AWP,WE,Federal Contract Tower,3,0,19,21,43,3,2,22,21,48,6,2,41,42,91,0,10,10,101
05/18/2005,PMD,CA,AWP,WE,Federal Contract Tower,6,0,18,23,47,6,2,18,31,57,12,2,36,54,104,0,60,60,164
05/19/2005,PMD,CA,AWP,WE,Federal Contract Tower,0,2,12,11,25,0,2,43,24,69,0,4,55,35,94,0,46,46,140
05/20/2005,PMD,CA,AWP,WE,Federal Contract Tower,0,2,11,3,16,0,4,39,32,75,0,6,50,35,91,0,4,4,95
05/21/2005,PMD,CA,AWP,WE,Federal Contract Tower,0,0,14,0,14,0,4,24,0,28,0,4,38,0,42,6,0,6,48
05/22/2005,PMD,CA,AWP,WE,Federal Contract Tower,0,2,0,0,2,1,1,10,0,12,1,3,10,0,14,0,0,0,14
05/23/2005,PMD,CA,AWP,WE,Federal Contract Tower,0,4,15,16,35,0,7,12,18,37,0,11,27,34,72,20,16,36,108
05/24/2005,PMD,CA,AWP,WE,Federal Contract Tower,0,2,9,23,34,0,1,9,25,35,0,3,18,48,69,0,42,42,111
05/25/2005,PMD,CA,AWP,WE,Federal Contract Tower,0,0,10,22,32,0,1,24,22,47,0,1,34,44,79,0,104,104,183
05/26/2005,PMD,CA,AWP,WE,Federal Contract Tower,0,6,26,21,53,0,3,29,14,46,0,9,55,35,99,18,88,106,205
05/27/2005,PMD,CA,AWP,WE,Federal Contract Tower,0,2,9,16,27,0,3,19,18,40,0,5,28,34,67,0,40,40,107
05/28/2005,PMD,CA,AWP,WE,Federal Contract Tower,0,2,5,0,7,0,2,21,0,23,0,4,26,0,30,2,0,2,32
05/29/2005,PMD,CA,AWP,WE,Federal Contract Tower,0,0,6,0,6,0,0,18,0,18,0,0,24,0,24,0,0,0,24
05/30/2005,PMD,CA,AWP,WE,Federal Contract Tower,0,1,2,0,3,0,2,4,0,6,0,3,6,0,9,0,0,0,9
05/31/2005,PMD,CA,AWP,WE,Federal Contract Tower,0,0,11,13,24,0,2,15,22,39,0,2,26,35,63,0,48,48,111
06/01/2005,PMD,CA,AWP,WE,Federal Contract Tower,0,3,27,22,52,0,5,27,24,56,0,8,54,46,108,6,76,82,190
06/02/2005,PMD,CA,AWP,WE,Federal Contract Tower,0,2,23,22,47,0,2,30,12,44,0,4,53,34,91,0,48,48,139
06/03/2005,PMD,CA,AWP,WE,Federal Contract Tower,0,1,12,2,15,0,1,36,3,40,0,2,48,5,55,0,6,6,61
06/04/2005,PMD,CA,AWP,WE,Federal Contract Tower,0,1,0,0,1,0,1,2,0,3,0,2,2,0,4,0,0,0,4
06/05/2005,PMD,CA,AWP,WE,Federal Contract Tower,0,0,0,6,6,0,4,10,17,31,0,4,10,23,37,0,42,42,79
06/06/2005,PMD,CA,AWP,WE,Federal Contract Tower,0,0,13,5,18,0,1,15,3,19,0,1,28,8,37,0,47,47,84
06/07/2005,PMD,CA,AWP,WE,Federal Contract Tower,0,1,19,20,40,0,1,39,26,66,0,2,58,46,106,10,86,96,202
06/08/2005,PMD,CA,AWP,WE,Federal Contract Tower,0,0,11,13,24,0,1,28,19,48,0,1,39,32,72,2,38,40,112
06/09/2005,PMD,CA,AWP,WE,Federal Contract Tower,0,2,21,22,45,0,2,43,21,66,0,4,64,43,111,4,56,60,171
06/10/2005,PMD,CA,AWP,WE,Federal Contract Tower,0,2,28,21,51,0,2,50,31,83,0,4,78,52,134,0,44,44,178
06/11/2005,PMD,CA,AWP,WE,Federal Contract Tower,0,0,1,0,1,0,2,17,4,23,0,2,18,4,24,0,0,0,24
06/12/2005,PMD,CA,AWP,WE,Federal Contract Tower,0,1,1,0,2,0,2,1,0,3,0,3,2,0,5,0,0,0,5
06/13/2005,PMD,CA,AWP,WE,Federal Contract Tower,0,3,11,11,25,0,1,7,11,19,0,4,18,22,44,4,90,94,138
06/14/2005,PMD,CA,AWP,WE,Federal Contract Tower,0,0,13,16,29,0,2,16,19,37,0,2,29,35,66,0,68,68,134
06/15/2005,PMD,CA,AWP,WE,Federal Contract Tower,0,2,19,17,38,0,4,25,19,48,0,6,44,36,86,2,42,44,130
06/16/2005,PMD,CA,AWP,WE,Federal Contract Tower,0,4,17,23,44,0,1,36,29,66,0,5,53,52,110,0,62,62,172
06/17/2005,PMD,CA,AWP,WE,Federal Contract Tower,0,2,10,10,22,0,0,27,23,50,0,2,37,33,72,0,32,32,104
06/18/2005,PMD,CA,AWP,WE,Federal Contract Tower,0,1,2,0,3,0,1,18,0,19,0,2,20,0,22,0,0,0,22
06/19/2005,PMD,CA,AWP,WE,Federal Contract Tower,3,1,6,3,13,3,1,8,3,15,6,2,14,6,28,0,22,22,50
06/20/2005,PMD,CA,AWP,WE,Federal Contract Tower,2,2,17,16,37,1,0,29,26,56,3,2,46,42,93,6,54,60,153
06/21/2005,PMD,CA,AWP,WE,Federal Contract Tower,0,0,21,25,46,0,2,41,45,88,0,2,62,70,134,4,66,70,204
06/22/2005,PMD,CA,AWP,WE,Federal Contract Tower,0,0,15,10,25,0,2,23,19,44,0,2,38,29,69,0,42,42,111
06/23/2005,PMD,CA,AWP,WE,Federal Contract Tower,0,1,11,16,28,0,3,25,10,38,0,4,36,26,66,0,112,112,178
06/24/2005,PMD,CA,AWP,WE,Federal Contract Tower,0,2,12,9,23,0,0,40,4,44,0,2,52,13,67,0,34,34,101
06/25/2005,PMD,CA,AWP,WE,Federal Contract Tower,0,0,2,0,2,0,0,14,0,14,0,0,16,0,16,0,0,0,16
06/26/2005,PMD,CA,AWP,WE,Federal Contract Tower,0,0,1,0,1,0,2,12,0,14,0,2,13,0,15,0,0,0,15
06/27/2005,PMD,CA,AWP,WE,Federal Contract Tower,0,2,12,13,27,0,0,16,17,33,0,2,28,30,60,0,20,20,80
06/28/2005,PMD,CA,AWP,WE,Federal Contract Tower,0,3,15,19,37,0,7,17,19,43,0,10,32,38,80,0,40,40,120
06/29/2005,PMD,CA,AWP,WE,Federal Contract Tower,0,2,12,17,31,0,0,34,18,52,0,2,46,35,83,6,56,62,145
06/30/2005,PMD,CA,AWP,WE,Federal Contract Tower,0,2,23,25,50,0,2,17,62,81,0,4,40,87,131,4,124,128,259
07/01/2005,PMD,CA,AWP,WE,Federal Contract Tower,0,4,8,1,13,0,0,26,2,28,0,4,34,3,41,0,0,0,41
07/02/2005,PMD,CA,AWP,WE,Federal Contract Tower,0,0,3,0,3,0,0,21,0,21,0,0,24,0,24,0,0,0,24
07/03/2005,PMD,CA,AWP,WE,Federal Contract Tower,0,3,0,0,3,0,1,4,0,5,0,4,4,0,8,0,0,0,8
07/04/2005,PMD,CA,AWP,WE,Federal Contract Tower,0,1,0,0,1,0,1,2,0,3,0,2,2,0,4,0,0,0,4
07/05/2005,PMD,CA,AWP,WE,Federal Contract Tower,0,0,11,11,22,0,0,28,23,51,0,0,39,34,73,4,44,48,121
07/06/2005,PMD,CA,AWP,WE,Federal Contract Tower,0,3,7,9,19,0,1,25,21,47,0,4,32,30,66,0,28,28,94
07/07/2005,PMD,CA,AWP,WE,Federal Contract Tower,0,4,17,23,44,0,4,39,17,60,0,8,56,40,104,0,76,76,180
07/08/2005,PMD,CA,AWP,WE,Federal Contract Tower,2,4,9,9,24,2,2,31,11,46,4,6,40,20,70,0,30,30,100
07/09/2005,PMD,CA,AWP,WE,Federal Contract Tower,4,0,2,4,10,6,0,14,16,36,10,0,16,20,46,0,38,38,84
07/10/2005,PMD,CA,AWP,WE,Federal Contract Tower,0,3,1,0,4,0,1,13,0,14,0,4,14,0,18,0,0,0,18
07/11/2005,PMD,CA,AWP,WE,Federal Contract Tower,0,2,13,10,25,0,0,25,10,35,0,2,38,20,60,0,14,14,74
07/12/2005,PMD,CA,AWP,WE,Federal Contract Tower,0,0,18,35,53,0,0,35,35,70,0,0,53,70,123,0,122,122,245
07/13/2005,PMD,CA,AWP,WE,Federal Contract Tower,0,3,15,11,29,0,0,32,9,41,0,3,47,20,70,6,20,26,96
07/14/2005,PMD,CA,AWP,WE,Federal Contract Tower,2,3,16,17,38,2,3,39,25,69,4,6,55,42,107,12,44,56,163
07/15/2005,PMD,CA,AWP,WE,Federal Contract Tower,3,0,10,17,30,3,0,24,16,43,6,0,34,33,73,0,36,36,109
07/16/2005,PMD,CA,AWP,WE,Federal Contract Tower,1,0,3,0,4,0,5,15,0,20,1,5,18,0,24,0,0,0,24
07/17/2005,PMD,CA,AWP,WE,Federal Contract Tower,0,1,5,0,6,0,1,15,1,17,0,2,20,1,23,0,0,0,23
07/18/2005,PMD,CA,AWP,WE,Federal Contract Tower,3,3,14,16,36,3,1,26,24,54,6,4,40,40,90,50,38,88,178
07/19/2005,PMD,CA,AWP,WE,Federal Contract Tower,0,1,13,22,36,0,1,23,26,50,0,2,36,48,86,174,42,216,302
07/20/2005,PMD,CA,AWP,WE,Federal Contract Tower,0,2,17,7,26,0,0,18,27,45,0,2,35,34,71,20,38,58,129
07/21/2005,PMD,CA,AWP,WE,Federal Contract Tower,2,3,9,23,37,2,1,39,19,61,4,4,48,42,98,0,74,74,172
07/22/2005,PMD,CA,AWP,WE,Federal Contract Tower,0,2,9,12,23,0,2,37,18,57,0,4,46,30,80,0,50,50,130
07/23/2005,PMD,CA,AWP,WE,Federal Contract Tower,0,1,3,0,4,0,1,27,0,28,0,2,30,0,32,0,0,0,32
07/24/2005,PMD,CA,AWP,WE,Federal Contract Tower,0,3,10,0,13,0,3,19,0,22,0,6,29,0,35,4,0,4,39
07/25/2005,PMD,CA,AWP,WE,Federal Contract Tower,0,2,13,15,30,0,2,10,13,25,0,4,23,28,55,6,12,18,73
07/26/2005,PMD,CA,AWP,WE,Federal Contract Tower,0,0,16,34,50,0,0,29,34,63,0,0,45,68,113,0,88,88,201
07/27/2005,PMD,CA,AWP,WE,Federal Contract Tower,0,3,9,12,24,2,1,23,27,53,2,4,32,39,77,0,120,120,197
07/28/2005,PMD,CA,AWP,WE,Federal Contract Tower,0,3,11,20,34,0,1,26,17,44,0,4,37,37,78,0,62,62,140
07/29/2005,PMD,CA,AWP,WE,Federal Contract Tower,4,1,9,10,24,4,1,29,27,61,8,2,38,37,85,6,36,42,127
07/30/2005,PMD,CA,AWP,WE,Federal Contract Tower,0,0,2,0,2,0,0,22,0,22,0,0,24,0,24,0,0,0,24
07/31/2005,PMD,CA,AWP,WE,Federal Contract Tower,0,2,1,0,3,0,0,3,0,3,0,2,4,0,6,14,0,14,20
08/01/2005,PMD,CA,AWP,WE,Federal Contract Tower,0,3,17,23,43,0,1,11,26,38,0,4,28,49,81,0,68,68,149
08/02/2005,PMD,CA,AWP,WE,Federal Contract Tower,0,1,10,23,34,0,3,14,26,43,0,4,24,49,77,0,80,80,157
08/03/2005,PMD,CA,AWP,WE,Federal Contract Tower,0,2,13,22,37,0,2,21,36,59,0,4,34,58,96,0,40,40,136
08/04/2005,PMD,CA,AWP,WE,Federal Contract Tower,0,3,15,34,52,2,1,11,34,48,2,4,26,68,100,0,84,84,184
08/05/2005,PMD,CA,AWP,WE,Federal Contract Tower,0,2,18,5,25,0,0,38,14,52,0,2,56,19,77,0,24,24,101
08/06/2005,PMD,CA,AWP,WE,Federal Contract Tower,0,0,0,0,0,0,0,4,0,4,0,0,4,0,4,0,0,0,4
08/07/2005,PMD,CA,AWP,WE,Federal Contract Tower,0,1,0,0,1,0,1,18,0,19,0,2,18,0,20,0,0,0,20
08/08/2005,PMD,CA,AWP,WE,Federal Contract Tower,0,2,15,2,19,0,0,39,2,41,0,2,54,4,60,0,0,0,60
08/09/2005,PMD,CA,AWP,WE,Federal Contract Tower,0,1,16,24,41,0,1,46,32,79,0,2,62,56,120,8,86,94,214
08/10/2005,PMD,CA,AWP,WE,Federal Contract Tower,0,2,18,35,55,0,0,60,57,117,0,2,78,92,172,72,76,148,320
08/11/2005,PMD,CA,AWP,WE,Federal Contract Tower,0,2,19,24,45,0,0,13,38,51,0,2,32,62,96,4,80,84,180
08/12/2005,PMD,CA,AWP,WE,Federal Contract Tower,0,2,9,6,17,0,0,21,14,35,0,2,30,20,52,0,48,48,100
08/13/2005,PMD,CA,AWP,WE,Federal Contract Tower,0,0,1,0,1,0,0,11,0,11,0,0,12,0,12,10,0,10,22
08/14/2005,PMD,CA,AWP,WE,Federal Contract Tower,3,2,0,0,5,3,2,6,0,11,6,4,6,0,16,0,0,0,16
08/15/2005,PMD,CA,AWP,WE,Federal Contract Tower,0,2,12,12,26,0,2,8,22,32,0,4,20,34,58,0,68,68,126
08/16/2005,PMD,CA,AWP,WE,Federal Contract Tower,2,0,16,24,42,2,0,28,52,82,4,0,44,76,124,6,70,76,200
08/17/2005,PMD,CA,AWP,WE,Federal Contract Tower,0,2,14,18,34,0,0,17,16,33,0,2,31,34,67,6,116,122,189
08/18/2005,PMD,CA,AWP,WE,Federal Contract Tower,0,2,16,25,43,0,0,21,28,49,0,2,37,53,92,6,82,88,180
08/19/2005,PMD,CA,AWP,WE,Federal Contract Tower,0,2,8,14,24,0,0,40,12,52,0,2,48,26,76,0,30,30,106
08/20/2005,PMD,CA,AWP,WE,Federal Contract Tower,3,0,8,3,14,3,0,4,3,10,6,0,12,6,24,0,6,6,30
08/21/2005,PMD,CA,AWP,WE,Federal Contract Tower,0,2,9,2,13,0,0,15,2,17,0,2,24,4,30,0,12,12,42
08/22/2005,PMD,CA,AWP,WE,Federal Contract Tower,0,2,10,16,28,0,0,7,6,13,0,2,17,22,41,0,48,48,89
08/23/2005,PMD,CA,AWP,WE,Federal Contract Tower,0,0,15,25,40,0,2,11,21,34,0,2,26,46,74,0,69,69,143
08/24/2005,PMD,CA,AWP,WE,Federal Contract Tower,0,2,19,28,49,0,0,27,34,61,0,2,46,62,110,0,44,44,154
08/25/2005,PMD,CA,AWP,WE,Federal Contract Tower,1,2,12,21,36,1,2,28,36,67,2,4,40,57,103,2,20,22,125
08/26/2005,PMD,CA,AWP,WE,Federal Contract Tower,0,2,10,10,22,0,0,26,12,38,0,2,36,22,60,0,12,12,72
08/27/2005,PMD,CA,AWP,WE,Federal Contract Tower,4,0,0,0,4,4,0,4,0,8,8,0,4,0,12,0,0,0,12
08/28/2005,PMD,CA,AWP,WE,Federal Contract Tower,2,1,1,0,4,4,0,1,1,6,6,1,2,1,10,0,0,0,10
08/29/2005,PMD,CA,AWP,WE,Federal Contract Tower,0,2,16,10,28,2,0,4,16,22,2,2,20,26,50,0,12,12,62
08/30/2005,PMD,CA,AWP,WE,Federal Contract Tower,0,0,14,22,36,0,0,6,24,30,0,0,20,46,66,0,64,64,130
08/31/2005,PMD,CA,AWP,WE,Federal Contract Tower,0,2,14,15,31,0,0,29,22,51,0,2,43,37,82,20,10,30,112
09/01/2005,PMD,CA,AWP,WE,Federal Contract Tower,0,2,24,4,30,0,0,25,12,37,0,2,49,16,67,12,16,28,95
09/02/2005,PMD,CA,AWP,WE,Federal Contract Tower,0,2,13,7,22,0,0,42,5,47,0,2,55,12,69,6,52,58,127
09/03/2005,PMD,CA,AWP,WE,Federal Contract Tower,0,0,0,0,0,0,0,4,0,4,0,0,4,0,4,0,0,0,4
09/04/2005,PMD,CA,AWP,WE,Federal Contract Tower,0,1,0,0,1,0,1,8,0,9,0,2,8,0,10,0,0,0,10
09/05/2005,PMD,CA,AWP,WE,Federal Contract Tower,0,2,0,0,2,0,0,8,0,8,0,2,8,0,10,0,0,0,10
09/06/2005,PMD,CA,AWP,WE,Federal Contract Tower,0,0,9,12,21,0,0,18,12,30,0,0,27,24,51,0,0,0,51
09/07/2005,PMD,CA,AWP,WE,Federal Contract Tower,0,0,23,17,40,0,1,31,15,47,0,1,54,32,87,36,26,62,149
09/08/2005,PMD,CA,AWP,WE,Federal Contract Tower,0,2,12,13,27,0,1,32,15,48,0,3,44,28,75,4,18,22,97
09/09/2005,PMD,CA,AWP,WE,Federal Contract Tower,0,2,11,3,16,0,0,14,3,17,0,2,25,6,33,0,0,0,33
09/10/2005,PMD,CA,AWP,WE,Federal Contract Tower,0,0,4,0,4,0,0,6,0,6,0,0,10,0,10,0,0,0,10
09/11/2005,PMD,CA,AWP,WE,Federal Contract Tower,0,0,4,0,4,0,2,4,0,6,0,2,8,0,10,0,0,0,10
09/12/2005,PMD,CA,AWP,WE,Federal Contract Tower,0,0,9,14,23,0,0,15,16,31,0,0,24,30,54,10,12,22,76
09/13/2005,PMD,CA,AWP,WE,Federal Contract Tower,0,0,17,23,40,0,0,28,35,63,0,0,45,58,103,0,62,62,165
09/14/2005,PMD,CA,AWP,WE,Federal Contract Tower,0,3,20,6,29,0,5,40,32,77,0,8,60,38,106,34,42,76,182
09/15/2005,PMD,CA,AWP,WE,Federal Contract Tower,0,0,14,17,31,0,2,40,17,59,0,2,54,34,90,0,64,64,154
09/16/2005,PMD,CA,AWP,WE,Federal Contract Tower,0,3,21,6,30,0,5,21,4,30,0,8,42,10,60,0,0,0,60
09/17/2005,PMD,CA,AWP,WE,Federal Contract Tower,0,1,4,10,15,0,1,22,4,27,0,2,26,14,42,12,8,20,62
09/18/2005,PMD,CA,AWP,WE,Federal Contract Tower,0,2,2,0,4,0,0,20,0,20,0,2,22,0,24,0,0,0,24
09/19/2005,PMD,CA,AWP,WE,Federal Contract Tower,0,2,19,28,49,0,4,23,13,40,0,6,42,41,89,6,68,74,163
09/20/2005,PMD,CA,AWP,WE,Federal Contract Tower,0,1,18,14,33,0,1,19,22,42,0,2,37,36,75,0,22,22,97
09/21/2005,PMD,CA,AWP,WE,Federal Contract Tower,0,2,23,32,57,0,2,26,19,47,0,4,49,51,104,0,36,36,140
09/22/2005,PMD,CA,AWP,WE,Federal Contract Tower,0,5,24,22,51,0,5,40,26,71,0,10,64,48,122,6,92,98,220
09/23/2005,PMD,CA,AWP,WE,Federal Contract Tower,0,3,24,11,38,0,1,29,5,35,0,4,53,16,73,0,30,30,103
09/24/2005,PMD,CA,AWP,WE,Federal Contract Tower,5,0,2,0,7,5,0,14,2,21,10,0,16,2,28,0,0,0,28
09/25/2005,PMD,CA,AWP,WE,Federal Contract Tower,0,2,8,0,10,0,0,16,0,16,0,2,24,0,26,0,0,0,26
09/26/2005,PMD,CA,AWP,WE,Federal Contract Tower,0,2,10,9,21,0,0,9,10,19,0,2,19,19,40,2,4,6,46
09/27/2005,PMD,CA,AWP,WE,Federal Contract Tower,0,0,9,19,28,0,0,18,14,32,0,0,27,33,60,0,20,20,80
09/28/2005,PMD,CA,AWP,WE,Federal Contract Tower,0,2,9,19,30,0,0,63,19,82,0,2,72,38,112,26,48,74,186
09/29/2005,PMD,CA,AWP,WE,Federal Contract Tower,0,5,18,14,37,0,3,24,25,52,0,8,42,39,89,2,96,98,187
09/30/2005,PMD,CA,AWP,WE,Federal Contract Tower,0,2,15,1,18,0,0,16,1,17,0,2,31,2,35,2,10,12,47
10/01/2005,PMD,CA,AWP,WE,Federal Contract Tower,0,0,2,4,6,0,0,24,4,28,0,0,26,8,34,2,22,24,58
10/02/2005,PMD,CA,AWP,WE,Federal Contract Tower,4,2,0,2,8,4,0,14,0,18,8,2,14,2,26,0,0,0,26
10/03/2005,PMD,CA,AWP,WE,Federal Contract Tower,0,3,19,10,32,0,1,19,26,46,0,4,38,36,78,0,18,18,96
10/04/2005,PMD,CA,AWP,WE,Federal Contract Tower,0,0,13,22,35,0,0,7,9,16,0,0,20,31,51,4,34,38,89
10/05/2005,PMD,CA,AWP,WE,Federal Contract Tower,0,0,10,9,19,0,2,16,12,30,0,2,26,21,49,0,42,42,91
10/06/2005,PMD,CA,AWP,WE,Federal Contract Tower,0,3,9,14,26,0,1,22,8,31,0,4,31,22,57,2,10,12,69
10/07/2005,PMD,CA,AWP,WE,Federal Contract Tower,0,1,8,3,12,0,1,25,2,28,0,2,33,5,40,4,2,6,46
10/08/2005,PMD,CA,AWP,WE,Federal Contract Tower,0,0,12,6,18,0,0,24,4,28,0,0,36,10,46,0,16,16,62
10/09/2005,PMD,CA,AWP,WE,Federal Contract Tower,5,3,6,1,15,5,3,22,1,31,10,6,28,2,46,0,0,0,46
10/10/2005,PMD,CA,AWP,WE,Federal Contract Tower,0,3,9,1,13,0,1,25,3,29,0,4,34,4,42,0,14,14,56
10/11/2005,PMD,CA,AWP,WE,Federal Contract Tower,0,1,18,13,32,0,1,13,15,29,0,2,31,28,61,0,52,52,113
10/12/2005,PMD,CA,AWP,WE,Federal Contract Tower,0,3,17,21,41,0,3,27,31,61,0,6,44,52,102,0,42,42,144
10/13/2005,PMD,CA,AWP,WE,Federal Contract Tower,0,4,19,28,51,0,2,25,18,45,0,6,44,46,96,0,24,24,120
10/14/2005,PMD,CA,AWP,WE,Federal Contract Tower,0,2,11,12,25,0,0,33,12,45,0,2,44,24,70,48,14,62,132
10/15/2005,PMD,CA,AWP,WE,Federal Contract Tower,0,0,6,0,6,0,0,16,0,16,0,0,22,0,22,0,0,0,22
10/16/2005,PMD,CA,AWP,WE,Federal Contract Tower,0,2,3,0,5,0,0,7,0,7,0,2,10,0,12,0,0,0,12
10/17/2005,PMD,CA,AWP,WE,Federal Contract Tower,0,2,15,3,20,0,0,18,3,21,0,2,33,6,41,0,2,2,43
10/18/2005,PMD,CA,AWP,WE,Federal Contract Tower,0,0,20,36,56,0,0,4,16,20,0,0,24,52,76,0,90,90,166
10/19/2005,PMD,CA,AWP,WE,Federal Contract Tower,0,0,16,20,36,0,0,20,30,50,0,0,36,50,86,0,146,146,232
10/20/2005,PMD,CA,AWP,WE,Federal Contract Tower,0,4,13,28,45,0,8,12,25,45,0,12,25,53,90,0,102,102,192
10/21/2005,PMD,CA,AWP,WE,Federal Contract Tower,0,4,10,12,26,0,2,16,8,26,0,6,26,20,52,6,76,82,134
10/22/2005,PMD,CA,AWP,WE,Federal Contract Tower,0,0,3,1,4,0,0,13,3,16,0,0,16,4,20,0,4,4,24
10/23/2005,PMD,CA,AWP,WE,Federal Contract Tower,0,0,1,5,6,0,2,23,5,30,0,2,24,10,36,0,16,16,52
10/24/2005,PMD,CA,AWP,WE,Federal Contract Tower,0,2,29,28,59,0,0,3,32,35,0,2,32,60,94,0,78,78,172
10/25/2005,PMD,CA,AWP,WE,Federal Contract Tower,0,0,14,14,28,0,0,12,14,26,0,0,26,28,54,2,46,48,102
10/26/2005,PMD,CA,AWP,WE,Federal Contract Tower,0,1,16,10,27,0,1,10,9,20,0,2,26,19,47,0,22,22,69
10/27/2005,PMD,CA,AWP,WE,Federal Contract Tower,0,1,10,20,31,0,0,33,32,65,0,1,43,52,96,0,16,16,112
10/28/2005,PMD,CA,AWP,WE,Federal Contract Tower,0,2,16,5,23,0,0,27,13,40,0,2,43,18,63,0,38,38,101
10/29/2005,PMD,CA,AWP,WE,Federal Contract Tower,0,0,7,0,7,0,0,21,0,21,0,0,28,0,28,0,0,0,28
10/30/2005,PMD,CA,AWP,WE,Federal Contract Tower,0,0,1,0,1,0,2,13,0,15,0,2,14,0,16,0,0,0,16
10/31/2005,PMD,CA,AWP,WE,Federal Contract Tower,0,2,10,3,15,0,0,31,9,40,0,2,41,12,55,2,0,2,57
11/01/2005,PMD,CA,AWP,WE,Federal Contract Tower,0,0,15,14,29,0,0,19,6,25,0,0,34,20,54,10,14,24,78
11/02/2005,PMD,CA,AWP,WE,Federal Contract Tower,0,2,12,15,29,0,0,25,15,40,0,2,37,30,69,0,10,10,79
11/03/2005,PMD,CA,AWP,WE,Federal Contract Tower,0,6,15,27,48,0,5,17,20,42,0,11,32,47,90,0,70,70,160
11/04/2005,PMD,CA,AWP,WE,Federal Contract Tower,0,1,13,3,17,0,1,26,4,31,0,2,39,7,48,0,8,8,56
11/05/2005,PMD,CA,AWP,WE,Federal Contract Tower,0,1,5,2,8,0,1,29,2,32,0,2,34,4,40,8,46,54,94
11/06/2005,PMD,CA,AWP,WE,Federal Contract Tower,4,1,2,3,10,4,1,14,3,22,8,2,16,6,32,28,32,60,92
11/07/2005,PMD,CA,AWP,WE,Federal Contract Tower,0,2,7,8,17,0,0,14,14,28,0,2,21,22,45,20,22,42,87
11/08/2005,PMD,CA,AWP,WE,Federal Contract Tower,0,0,17,7,24,0,0,15,18,33,0,0,32,25,57,0,12,12,69
11/09/2005,PMD,CA,AWP,WE,Federal Contract Tower,0,0,23,18,41,0,2,25,32,59,0,2,48,50,100,14,80,94,194
11/10/2005,PMD,CA,AWP,WE,Federal Contract Tower,3,0,19,20,42,3,4,23,24,54,6,4,42,44,96,0,30,30,126
11/11/2005,PMD,CA,AWP,WE,Federal Contract Tower,0,3,7,0,10,0,3,29,0,32,0,6,36,0,42,0,0,0,42
11/12/2005,PMD,CA,AWP,WE,Federal Contract Tower,3,0,3,0,6,3,0,13,0,16,6,0,16,0,22,0,0,0,22
11/13/2005,PMD,CA,AWP,WE,Federal Contract Tower,0,3,4,0,7,0,1,36,0,37,0,4,40,0,44,0,0,0,44
11/14/2005,PMD,CA,AWP,WE,Federal Contract Tower,0,1,19,17,37,0,1,16,24,41,0,2,35,41,78,0,56,56,134
11/15/2005,PMD,CA,AWP,WE,Federal Contract Tower,0,0,31,16,47,0,0,29,15,44,0,0,60,31,91,14,56,70,161
11/16/2005,PMD,CA,AWP,WE,Federal Contract Tower,0,2,17,30,49,0,0,28,37,65,0,2,45,67,114,0,64,64,178
11/17/2005,PMD,CA,AWP,WE,Federal Contract Tower,0,3,19,20,42,0,1,40,15,56,0,4,59,35,98,0,66,66,164
11/18/2005,PMD,CA,AWP,WE,Federal Contract Tower,0,2,17,7,26,0,0,28,6,34,0,2,45,13,60,4,28,32,92
11/19/2005,PMD,CA,AWP,WE,Federal Contract Tower,0,40,117,2,159,0,0,779,0,779,0,40,896,2,938,332,0,332,1270
11/20/2005,PMD,CA,AWP,WE,Federal Contract Tower,0,10,2,0,12,0,2,24,0,26,0,12,26,0,38,0,0,0,38
11/21/2005,PMD,CA,AWP,WE,Federal Contract Tower,0,3,9,15,27,0,3,21,9,33,0,6,30,24,60,4,32,36,96
11/22/2005,PMD,CA,AWP,WE,Federal Contract Tower,0,0,20,20,40,0,0,28,36,64,0,0,48,56,104,0,88,88,192
11/23/2005,PMD,CA,AWP,WE,Federal Contract Tower,0,2,17,20,39,0,0,47,20,67,0,2,64,40,106,0,68,68,174
11/24/2005,PMD,CA,AWP,WE,Federal Contract Tower,0,2,0,0,2,0,0,4,0,4,0,2,4,0,6,0,0,0,6
11/25/2005,PMD,CA,AWP,WE,Federal Contract Tower,0,1,0,0,1,0,3,8,0,11,0,4,8,0,12,4,0,4,16
11/26/2005,PMD,CA,AWP,WE,Federal Contract Tower,0,0,0,0,0,0,0,8,0,8,0,0,8,0,8,0,0,0,8
11/27/2005,PMD,CA,AWP,WE,Federal Contract Tower,0,0,2,0,2,0,2,16,0,18,0,2,18,0,20,0,0,0,20
11/28/2005,PMD,CA,AWP,WE,Federal Contract Tower,0,3,13,20,36,0,1,25,32,58,0,4,38,52,94,0,56,56,150
11/29/2005,PMD,CA,AWP,WE,Federal Contract Tower,0,0,9,37,46,0,0,24,58,82,0,0,33,95,128,0,134,134,262
11/30/2005,PMD,CA,AWP,WE,Federal Contract Tower,0,2,10,13,25,0,0,35,24,59,0,2,45,37,84,0,94,94,178
12/01/2005,PMD,CA,AWP,WE,Federal Contract Tower,0,2,16,32,50,0,0,42,49,91,0,2,58,81,141,6,104,110,251
12/02/2005,PMD,CA,AWP,WE,Federal Contract Tower,0,3,12,5,20,0,1,12,5,18,0,4,24,10,38,10,0,10,48
12/03/2005,PMD,CA,AWP,WE,Federal Contract Tower,0,0,1,4,5,0,0,19,11,30,0,0,20,15,35,0,46,46,81
12/04/2005,PMD,CA,AWP,WE,Federal Contract Tower,0,4,2,0,6,0,2,12,0,14,0,6,14,0,20,0,0,0,20
12/05/2005,PMD,CA,AWP,WE,Federal Contract Tower,0,3,16,15,34,0,1,13,19,33,0,4,29,34,67,6,24,30,97
12/06/2005,PMD,CA,AWP,WE,Federal Contract Tower,0,0,17,20,37,0,0,18,12,30,0,0,35,32,67,0,116,116,183
12/07/2005,PMD,CA,AWP,WE,Federal Contract Tower,0,1,17,32,50,0,1,26,48,75,0,2,43,80,125,0,66,66,191
12/08/2005,PMD,CA,AWP,WE,Federal Contract Tower,0,2,16,27,45,0,0,19,29,48,0,2,35,56,93,0,76,76,169
12/09/2005,PMD,CA,AWP,WE,Federal Contract Tower,0,2,9,16,27,0,0,21,18,39,0,2,30,34,66,0,66,66,132
12/10/2005,PMD,CA,AWP,WE,Federal Contract Tower,0,0,6,3,9,0,0,22,1,23,0,0,28,4,32,0,36,36,68
12/11/2005,PMD,CA,AWP,WE,Federal Contract Tower,0,2,6,4,12,0,0,18,4,22,0,2,24,8,34,0,8,8,42
12/12/2005,PMD,CA,AWP,WE,Federal Contract Tower,0,1,17,13,31,0,1,15,19,35,0,2,32,32,66,0,66,66,132
12/13/2005,PMD,CA,AWP,WE,Federal Contract Tower,0,10,19,26,55,0,10,12,43,65,0,20,31,69,120,6,118,124,244
12/14/2005,PMD,CA,AWP,WE,Federal Contract Tower,0,4,18,20,42,0,2,24,20,46,0,6,42,40,88,24,72,96,184
12/15/2005,PMD,CA,AWP,WE,Federal Contract Tower,0,1,16,16,33,0,1,20,17,38,0,2,36,33,71,14,62,76,147
12/16/2005,PMD,CA,AWP,WE,Federal Contract Tower,0,3,12,11,26,0,1,6,16,23,0,4,18,27,49,0,32,32,81
12/17/2005,PMD,CA,AWP,WE,Federal Contract Tower,0,0,3,0,3,0,0,17,0,17,0,0,20,0,20,0,0,0,20
12/18/2005,PMD,CA,AWP,WE,Federal Contract Tower,0,2,1,3,6,0,0,7,3,10,0,2,8,6,16,0,0,0,16
12/19/2005,PMD,CA,AWP,WE,Federal Contract Tower,0,3,12,22,37,0,3,21,23,47,0,6,33,45,84,6,6,12,96
12/20/2005,PMD,CA,AWP,WE,Federal Contract Tower,0,0,19,21,40,0,0,21,17,38,0,0,40,38,78,2,96,98,176
12/21/2005,PMD,CA,AWP,WE,Federal Contract Tower,0,0,23,14,37,0,2,35,19,56,0,2,58,33,93,0,88,88,181
12/22/2005,PMD,CA,AWP,WE,Federal Contract Tower,0,3,29,28,60,0,1,39,30,70,0,4,68,58,130,0,108,108,238
12/23/2005,PMD,CA,AWP,WE,Federal Contract Tower,0,2,9,0,11,0,0,12,0,12,0,2,21,0,23,0,0,0,23
12/24/2005,PMD,CA,AWP,WE,Federal Contract Tower,0,0,3,0,3,0,0,9,0,9,0,0,12,0,12,0,0,0,12
12/25/2005,PMD,CA,AWP,WE,Federal Contract Tower,0,2,2,0,4,0,0,6,0,6,0,2,8,0,10,0,0,0,10
12/26/2005,PMD,CA,AWP,WE,Federal Contract Tower,0,2,3,0,5,0,0,5,0,5,0,2,8,0,10,0,0,0,10
12/27/2005,PMD,CA,AWP,WE,Federal Contract Tower,0,1,5,3,9,0,1,5,3,9,0,2,10,6,18,0,0,0,18
12/28/2005,PMD,CA,AWP,WE,Federal Contract Tower,0,0,2,10,12,0,2,18,6,26,0,2,20,16,38,0,26,26,64
12/29/2005,PMD,CA,AWP,WE,Federal Contract Tower,0,2,4,6,12,0,0,17,6,23,0,2,21,12,35,0,30,30,65
12/30/2005,PMD,CA,AWP,WE,Federal Contract Tower,0,2,4,0,6,0,0,4,0,4,0,2,8,0,10,4,0,4,14
12/31/2005,PMD,CA,AWP,WE,Federal Contract Tower,0,0,0,0,0,0,0,6,0,6,0,0,6,0,6,0,0,0,6
01/01/2006,PMD,CA,AWP,WE,Federal Contract Tower,0,2,3,0,5,0,0,9,0,9,0,2,12,0,14,0,0,0,14
01/02/2006,PMD,CA,AWP,WE,Federal Contract Tower,0,1,0,0,1,0,1,0,0,1,0,2,0,0,2,0,0,0,2
01/03/2006,PMD,CA,AWP,WE,Federal Contract Tower,0,0,9,2,11,0,0,10,2,12,0,0,19,4,23,0,0,0,23
01/04/2006,PMD,CA,AWP,WE,Federal Contract Tower,0,1,13,27,41,0,1,20,20,41,0,2,33,47,82,6,88,94,176
01/05/2006,PMD,CA,AWP,WE,Federal Contract Tower,0,3,10,27,40,0,1,43,26,70,0,4,53,53,110,0,82,82,192
01/06/2006,PMD,CA,AWP,WE,Federal Contract Tower,0,0,9,12,21,0,0,25,22,47,0,0,34,34,68,0,80,80,148
01/07/2006,PMD,CA,AWP,WE,Federal Contract Tower,3,0,3,6,12,7,0,29,6,42,10,0,32,12,54,0,12,12,66
01/08/2006,PMD,CA,AWP,WE,Federal Contract Tower,0,0,3,0,3,0,0,13,0,13,0,0,16,0,16,0,0,0,16
01/09/2006,PMD,CA,AWP,WE,Federal Contract Tower,0,2,9,16,27,0,0,14,8,22,0,2,23,24,49,0,24,24,73
01/10/2006,PMD,CA,AWP,WE,Federal Contract Tower,0,0,16,27,43,0,0,20,41,61,0,0,36,68,104,0,68,68,172
01/11/2006,PMD,CA,AWP,WE,Federal Contract Tower,0,1,22,15,38,0,1,38,10,49,0,2,60,25,87,0,38,38,125
01/12/2006,PMD,CA,AWP,WE,Federal Contract Tower,0,2,11,28,41,0,0,29,17,46,0,2,40,45,87,2,50,52,139
01/13/2006,PMD,CA,AWP,WE,Federal Contract Tower,0,0,16,26,42,0,0,23,17,40,0,0,39,43,82,2,48,50,132
01/14/2006,PMD,CA,AWP,WE,Federal Contract Tower,0,0,3,0,3,0,0,5,0,5,0,0,8,0,8,0,0,0,8
01/15/2006,PMD,CA,AWP,WE,Federal Contract Tower,0,0,7,0,7,0,0,2,0,2,0,0,9,0,9,0,0,0,9
01/16/2006,PMD,CA,AWP,WE,Federal Contract Tower,0,0,14,0,14,0,0,14,0,14,0,0,28,0,28,0,0,0,28
01/17/2006,PMD,CA,AWP,WE,Federal Contract Tower,0,0,11,32,43,0,0,17,26,43,0,0,28,58,86,0,42,42,128
01/18/2006,PMD,CA,AWP,WE,Federal Contract Tower,0,0,12,19,31,0,0,36,19,55,0,0,48,38,86,0,64,64,150
01/19/2006,PMD,CA,AWP,WE,Federal Contract Tower,0,0,10,13,23,0,0,14,17,31,0,0,24,30,54,2,77,79,133
01/20/2006,PMD,CA,AWP,WE,Federal Contract Tower,0,0,18,13,31,0,0,35,28,63,0,0,53,41,94,18,44,62,156
01/21/2006,PMD,CA,AWP,WE,Federal Contract Tower,4,0,3,2,9,2,0,15,0,17,6,0,18,2,26,0,0,0,26
01/22/2006,PMD,CA,AWP,WE,Federal Contract Tower,0,1,8,0,9,0,1,18,0,19,0,2,26,0,28,0,0,0,28
01/23/2006,PMD,CA,AWP,WE,Federal Contract Tower,0,0,12,17,29,0,0,8,12,20,0,0,20,29,49,8,40,48,97
01/24/2006,PMD,CA,AWP,WE,Federal Contract Tower,0,1,16,25,42,0,1,17,18,36,0,2,33,43,78,4,68,72,150
01/25/2006,PMD,CA,AWP,WE,Federal Contract Tower,0,1,19,16,36,0,1,22,30,53,0,2,41,46,89,0,54,54,143
01/26/2006,PMD,CA,AWP,WE,Federal Contract Tower,0,0,21,27,48,0,0,27,24,51,0,0,48,51,99,0,76,76,175
01/27/2006,PMD,CA,AWP,WE,Federal Contract Tower,0,0,23,16,39,0,0,31,22,53,0,0,54,38,92,28,22,50,142
01/28/2006,PMD,CA,AWP,WE,Federal Contract Tower,0,0,4,0,4,0,0,16,0,16,0,0,20,0,20,0,0,0,20
01/29/2006,PMD,CA,AWP,WE,Federal Contract Tower,0,0,2,0,2,0,0,14,0,14,0,0,16,0,16,0,0,0,16
01/30/2006,PMD,CA,AWP,WE,Federal Contract Tower,0,0,20,23,43,0,0,29,15,44,0,0,49,38,87,2,100,102,189
01/31/2006,PMD,CA,AWP,WE,Federal Contract Tower,0,0,27,18,45,0,0,22,12,34,0,0,49,30,79,12,154,166,245
02/01/2006,PMD,CA,AWP,WE,Federal Contract Tower,0,0,14,20,34,0,0,14,22,36,0,0,28,42,70,8,40,48,118
02/02/2006,PMD,CA,AWP,WE,Federal Contract Tower,0,1,12,23,36,0,1,14,4,19,0,2,26,27,55,8,68,76,131
02/03/2006,PMD,CA,AWP,WE,Federal Contract Tower,0,1,20,12,33,0,1,34,25,60,0,2,54,37,93,0,60,60,153
02/04/2006,PMD,CA,AWP,WE,Federal Contract Tower,0,0,7,8,15,0,0,24,15,39,0,0,31,23,54,6,42,48,102
02/05/2006,PMD,CA,AWP,WE,Federal Contract Tower,2,0,3,0,5,2,0,13,0,15,4,0,16,0,20,0,0,0,20
02/06/2006,PMD,CA,AWP,WE,Federal Contract Tower,0,3,16,19,38,0,3,16,20,39,0,6,32,39,77,12,66,78,155
02/07/2006,PMD,CA,AWP,WE,Federal Contract Tower,0,0,20,44,64,0,0,26,60,86,0,0,46,104,150,8,132,140,290
02/08/2006,PMD,CA,AWP,WE,Federal Contract Tower,0,0,29,28,57,0,0,30,34,64,0,0,59,62,121,0,88,88,209
02/09/2006,PMD,CA,AWP,WE,Federal Contract Tower,0,0,16,24,40,0,0,38,22,60,0,0,54,46,100,2,96,98,198
02/10/2006,PMD,CA,AWP,WE,Federal Contract Tower,7,1,14,6,28,7,1,19,6,33,14,2,33,12,61,1,26,27,88
02/11/2006,PMD,CA,AWP,WE,Federal Contract Tower,0,1,5,1,7,0,1,13,0,14,0,2,18,1,21,0,0,0,21
02/12/2006,PMD,CA,AWP,WE,Federal Contract Tower,0,0,0,3,3,0,0,6,7,13,0,0,6,10,16,0,0,0,16
02/13/2006,PMD,CA,AWP,WE,Federal Contract Tower,0,0,19,12,31,0,0,17,22,39,0,0,36,34,70,0,56,56,126
02/14/2006,PMD,CA,AWP,WE,Federal Contract Tower,0,0,16,18,34,0,0,4,7,11,0,0,20,25,45,0,8,8,53
02/15/2006,PMD,CA,AWP,WE,Federal Contract Tower,0,0,16,13,29,0,0,13,9,22,0,0,29,22,51,0,8,8,59
02/16/2006,PMD,CA,AWP,WE,Federal Contract Tower,0,0,22,22,44,0,0,23,7,30,0,0,45,29,74,0,75,75,149
02/17/2006,PMD,CA,AWP,WE,Federal Contract Tower,0,0,10,13,23,0,0,17,19,36,0,0,27,32,59,0,48,48,107
02/18/2006,PMD,CA,AWP,WE,Federal Contract Tower,0,0,0,0,0,0,0,8,0,8,0,0,8,0,8,0,0,0,8
02/19/2006,PMD,CA,AWP,WE,Federal Contract Tower,0,32,106,0,138,0,0,431,0,431,0,32,537,0,569,178,0,178,747
02/20/2006,PMD,CA,AWP,WE,Federal Contract Tower,0,1,16,0,17,0,1,18,0,19,0,2,34,0,36,0,0,0,36
02/21/2006,PMD,CA,AWP,WE,Federal Contract Tower,2,1,29,26,58,2,3,19,14,38,4,4,48,40,96,0,60,60,156
02/22/2006,PMD,CA,AWP,WE,Federal Contract Tower,0,0,14,21,35,0,0,14,12,26,0,0,28,33,61,8,52,60,121
02/23/2006,PMD,CA,AWP,WE,Federal Contract Tower,0,2,24,15,41,0,2,42,19,63,0,4,66,34,104,6,56,62,166
02/24/2006,PMD,CA,AWP,WE,Federal Contract Tower,0,1,14,9,24,0,1,40,13,54,0,2,54,22,78,32,41,73,151
02/25/2006,PMD,CA,AWP,WE,Federal Contract Tower,0,1,5,0,6,0,1,11,0,12,0,2,16,0,18,0,0,0,18
02/26/2006,PMD,CA,AWP,WE,Federal Contract Tower,0,1,0,0,1,0,1,8,0,9,0,2,8,0,10,0,0,0,10
02/27/2006,PMD,CA,AWP,WE,Federal Contract Tower,0,1,20,18,39,0,1,13,26,40,0,2,33,44,79,8,34,42,121
02/28/2006,PMD,CA,AWP,WE,Federal Contract Tower,0,2,18,14,34,0,2,10,17,29,0,4,28,31,63,6,66,72,135
03/01/2006,PMD,CA,AWP,WE,Federal Contract Tower,0,0,19,16,35,0,0,20,14,34,0,0,39,30,69,4,60,64,133
03/02/2006,PMD,CA,AWP,WE,Federal Contract Tower,0,0,9,27,36,0,0,41,22,63,0,0,50,49,99,72,104,176,275
03/03/2006,PMD,CA,AWP,WE,Federal Contract Tower,0,0,19,7,26,0,0,12,7,19,0,0,31,14,45,0,20,20,65
03/04/2006,PMD,CA,AWP,WE,Federal Contract Tower,0,28,94,0,122,0,6,642,0,648,0,34,736,0,770,500,0,500,1270
03/05/2006,PMD,CA,AWP,WE,Federal Contract Tower,0,0,7,0,7,0,0,19,0,19,0,0,26,0,26,0,0,0,26
03/06/2006,PMD,CA,AWP,WE,Federal Contract Tower,0,3,15,15,33,0,3,16,23,42,0,6,31,38,75,2,16,18,93
03/07/2006,PMD,CA,AWP,WE,Federal Contract Tower,0,1,10,21,32,0,1,10,27,38,0,2,20,48,70,0,42,42,112
03/08/2006,PMD,CA,AWP,WE,Federal Contract Tower,0,1,6,17,24,0,1,20,21,42,0,2,26,38,66,0,48,48,114
03/09/2006,PMD,CA,AWP,WE,Federal Contract Tower,0,1,13,33,47,0,1,23,25,49,0,2,36,58,96,0,120,120,216
03/10/2006,PMD,CA,AWP,WE,Federal Contract Tower,0,4,5,3,12,0,4,15,3,22,0,8,20,6,34,0,0,0,34
03/11/2006,PMD,CA,AWP,WE,Federal Contract Tower,0,0,2,0,2,0,0,1,0,1,0,0,3,0,3,0,0,0,3
03/12/2006,PMD,CA,AWP,WE,Federal Contract Tower,0,0,1,0,1,0,0,13,0,13,0,0,14,0,14,0,0,0,14
03/13/2006,PMD,CA,AWP,WE,Federal Contract Tower,0,0,8,24,32,0,0,26,21,47,0,0,34,45,79,2,42,44,123
03/14/2006,PMD,CA,AWP,WE,Federal Contract Tower,3,1,21,26,51,3,1,15,11,30,6,2,36,37,81,4,56,60,141
03/15/2006,PMD,CA,AWP,WE,Federal Contract Tower,0,1,19,9,29,0,1,31,5,37,0,2,50,14,66,0,2,2,68
03/16/2006,PMD,CA,AWP,WE,Federal Contract Tower,3,0,15,14,32,3,0,19,21,43,6,0,34,35,75,23,8,31,106
03/17/2006,PMD,CA,AWP,WE,Federal Contract Tower,0,1,18,13,32,0,1,39,11,51,0,2,57,24,83,2,24,26,109
03/18/2006,PMD,CA,AWP,WE,Federal Contract Tower,0,1,2,0,3,0,3,18,0,21,0,4,20,0,24,0,0,0,24
03/19/2006,PMD,CA,AWP,WE,Federal Contract Tower,0,0,0,0,0,0,0,18,4,22,0,0,18,4,22,0,0,0,22
03/20/2006,PMD,CA,AWP,WE,Federal Contract Tower,0,0,15,23,38,0,0,13,25,38,0,0,28,48,76,0,30,30,106
03/21/2006,PMD,CA,AWP,WE,Federal Contract Tower,3,2,14,19,38,3,2,7,29,41,6,4,21,48,79,2,34,36,115
03/22/2006,PMD,CA,AWP,WE,Federal Contract Tower,2,0,13,31,46,0,0,25,25,50,2,0,38,56,96,0,62,62,158
03/23/2006,PMD,CA,AWP,WE,Federal Contract Tower,0,2,16,16,34,0,2,20,20,42,0,4,36,36,76,2,22,24,100
03/24/2006,PMD,CA,AWP,WE,Federal Contract Tower,2,0,7,12,21,0,0,31,12,43,2,0,38,24,64,0,16,16,80
03/25/2006,PMD,CA,AWP,WE,Federal Contract Tower,0,2,1,2,5,0,2,37,0,39,0,4,38,2,44,0,0,0,44
03/26/2006,PMD,CA,AWP,WE,Federal Contract Tower,0,0,2,0,2,0,0,18,0,18,0,0,20,0,20,0,0,0,20
03/27/2006,PMD,CA,AWP,WE,Federal Contract Tower,2,0,11,8,21,2,0,11,10,23,4,0,22,18,44,0,4,4,48
03/28/2006,PMD,CA,AWP,WE,Federal Contract Tower,0,0,22,41,63,0,0,13,34,47,0,0,35,75,110,6,10,16,126
03/29/2006,PMD,CA,AWP,WE,Federal Contract Tower,4,0,10,28,42,4,4,30,27,65,8,4,40,55,107,0,66,66,173
03/30/2006,PMD,CA,AWP,WE,Federal Contract Tower,1,0,19,34,54,1,0,10,40,51,2,0,29,74,105,0,38,38,143
03/31/2006,PMD,CA,AWP,WE,Federal Contract Tower,0,0,12,14,26,0,0,33,16,49,0,0,45,30,75,0,20,20,95
04/01/2006,PMD,CA,AWP,WE,Federal Contract Tower,0,2,3,6,11,0,2,5,8,15,0,4,8,14,26,0,26,26,52
04/02/2006,PMD,CA,AWP,WE,Federal Contract Tower,0,0,2,3,5,0,0,14,3,17,0,0,16,6,22,0,0,0,22
04/03/2006,PMD,CA,AWP,WE,Federal Contract Tower,0,1,11,12,24,0,1,19,26,46,0,2,30,38,70,0,0,0,70
04/04/2006,PMD,CA,AWP,WE,Federal Contract Tower,0,0,20,17,37,0,0,14,17,31,0,0,34,34,68,8,18,26,94
04/05/2006,PMD,CA,AWP,WE,Federal Contract Tower,0,0,16,8,24,0,0,17,9,26,0,0,33,17,50,0,87,87,137
04/06/2006,PMD,CA,AWP,WE,Federal Contract Tower,0,1,11,20,32,0,7,54,25,86,0,8,65,45,118,2,149,151,269
04/07/2006,PMD,CA,AWP,WE,Federal Contract Tower,1,0,4,2,7,5,0,34,3,42,6,0,38,5,49,8,10,18,67
04/08/2006,PMD,CA,AWP,WE,Federal Contract Tower,0,0,1,2,3,0,0,25,0,25,0,0,26,2,28,0,0,0,28
04/09/2006,PMD,CA,AWP,WE,Federal Contract Tower,0,1,2,0,3,0,1,12,0,13,0,2,14,0,16,0,0,0,16
04/10/2006,PMD,CA,AWP,WE,Federal Contract Tower,0,0,11,17,28,0,0,17,27,44,0,0,28,44,72,0,25,25,97
04/11/2006,PMD,CA,AWP,WE,Federal Contract Tower,0,1,20,24,45,0,1,24,14,39,0,2,44,38,84,0,65,65,149
04/12/2006,PMD,CA,AWP,WE,Federal Contract Tower,0,0,18,22,40,0,0,44,19,63,0,0,62,41,103,2,74,76,179
04/13/2006,PMD,CA,AWP,WE,Federal Contract Tower,0,2,10,24,36,0,6,47,34,87,0,8,57,58,123,4,38,42,165
04/14/2006,PMD,CA,AWP,WE,Federal Contract Tower,0,0,8,3,11,0,0,13,5,18,0,0,21,8,29,0,8,8,37
04/15/2006,PMD,CA,AWP,WE,Federal Contract Tower,0,0,7,2,9,0,0,25,2,27,0,0,32,4,36,2,2,4,40
04/16/2006,PMD,CA,AWP,WE,Federal Contract Tower,0,0,2,0,2,0,0,8,0,8,0,0,10,0,10,0,0,0,10
04/17/2006,PMD,CA,AWP,WE,Federal Contract Tower,0,0,13,2,15,0,2,28,0,30,0,2,41,2,45,0,0,0,45
04/18/2006,PMD,CA,AWP,WE,Federal Contract Tower,0,0,18,11,29,0,0,40,15,55,0,0,58,26,84,32,12,44,128
04/19/2006,PMD,CA,AWP,WE,Federal Contract Tower,0,0,17,13,30,0,0,40,17,57,0,0,57,30,87,2,18,20,107
04/20/2006,PMD,CA,AWP,WE,Federal Contract Tower,0,0,11,20,31,0,0,34,28,62,0,0,45,48,93,0,62,62,155
04/21/2006,PMD,CA,AWP,WE,Federal Contract Tower,0,0,11,13,24,0,0,39,19,58,0,0,50,32,82,0,24,24,106
04/22/2006,PMD,CA,AWP,WE,Federal Contract Tower,0,0,6,0,6,0,0,14,0,14,0,0,20,0,20,18,0,18,38
04/23/2006,PMD,CA,AWP,WE,Federal Contract Tower,0,35,235,0,270,0,1,545,0,546,0,36,780,0,816,408,0,408,1224
04/24/2006,PMD,CA,AWP,WE,Federal Contract Tower,0,2,18,32,52,0,4,11,13,28,0,6,29,45,80,3,60,63,143
04/25/2006,PMD,CA,AWP,WE,Federal Contract Tower,0,0,17,20,37,0,0,45,33,78,0,0,62,53,115,0,12,12,127
04/26/2006,PMD,CA,AWP,WE,Federal Contract Tower,4,3,22,25,54,4,3,32,25,64,8,6,54,50,118,14,20,34,152
04/27/2006,PMD,CA,AWP,WE,Federal Contract Tower,0,2,22,18,42,0,2,38,36,76,0,4,60,54,118,8,88,96,214
04/28/2006,PMD,CA,AWP,WE,Federal Contract Tower,0,0,29,11,40,0,0,15,14,29,0,0,44,25,69,12,57,69,138
04/29/2006,PMD,CA,AWP,WE,Federal Contract Tower,0,2,8,1,11,0,2,23,7,32,0,4,31,8,43,0,0,0,43
04/30/2006,PMD,CA,AWP,WE,Federal Contract Tower,0,49,151,0,200,0,0,646,0,646,0,49,797,0,846,508,0,508,1354
05/01/2006,PMD,CA,AWP,WE,Federal Contract Tower,3,0,24,19,46,5,0,35,37,77,8,0,59,56,123,0,35,35,158
05/02/2006,PMD,CA,AWP,WE,Federal Contract Tower,0,0,16,11,27,0,0,8,0,8,0,0,24,11,35,0,38,38,73
05/03/2006,PMD,CA,AWP,WE,Federal Contract Tower,0,2,14,18,34,0,2,29,31,62,0,4,43,49,96,0,48,48,144
05/04/2006,PMD,CA,AWP,WE,Federal Contract Tower,0,1,15,18,34,0,3,24,20,47,0,4,39,38,81,12,38,50,131
05/05/2006,PMD,CA,AWP,WE,Federal Contract Tower,0,0,6,9,15,0,0,28,21,49,0,0,34,30,64,2,10,12,76
05/06/2006,PMD,CA,AWP,WE,Federal Contract Tower,0,2,9,0,11,0,2,22,0,24,0,4,31,0,35,0,0,0,35
05/07/2006,PMD,CA,AWP,WE,Federal Contract Tower,0,0,3,1,4,0,0,15,2,17,0,0,18,3,21,0,0,0,21
05/08/2006,PMD,CA,AWP,WE,Federal Contract Tower,0,1,11,10,22,0,4,2,6,12,0,5,13,16,34,0,35,35,69
05/09/2006,PMD,CA,AWP,WE,Federal Contract Tower,0,2,17,16,35,0,6,17,15,38,0,8,34,31,73,22,50,72,145
05/10/2006,PMD,CA,AWP,WE,Federal Contract Tower,0,1,22,8,31,2,10,3,5,20,2,11,25,13,51,12,39,51,102
05/11/2006,PMD,CA,AWP,WE,Federal Contract Tower,0,0,18,10,28,0,0,18,12,30,0,0,36,22,58,12,30,42,100
05/12/2006,PMD,CA,AWP,WE,Federal Contract Tower,0,0,21,24,45,0,0,35,28,63,0,0,56,52,108,0,11,11,119
05/13/2006,PMD,CA,AWP,WE,Federal Contract Tower,0,0,2,0,2,0,0,44,0,44,0,0,46,0,46,0,0,0,46
05/14/2006,PMD,CA,AWP,WE,Federal Contract Tower,0,0,3,0,3,0,0,5,0,5,0,0,8,0,8,0,0,0,8
05/15/2006,PMD,CA,AWP,WE,Federal Contract Tower,0,1,16,11,28,0,1,17,17,35,0,2,33,28,63,14,6,20,83
05/16/2006,PMD,CA,AWP,WE,Federal Contract Tower,0,1,18,16,35,0,1,25,9,35,0,2,43,25,70,14,66,80,150
05/17/2006,PMD,CA,AWP,WE,Federal Contract Tower,0,3,26,22,51,0,3,27,25,55,0,6,53,47,106,14,34,48,154
05/18/2006,PMD,CA,AWP,WE,Federal Contract Tower,1,1,20,20,42,1,1,20,20,42,2,2,40,40,84,38,88,126,210
05/19/2006,PMD,CA,AWP,WE,Federal Contract Tower,0,0,17,10,27,0,0,29,16,45,0,0,46,26,72,7,3,10,82
05/20/2006,PMD,CA,AWP,WE,Federal Contract Tower,0,0,3,0,3,0,0,33,6,39,0,0,36,6,42,0,0,0,42
05/21/2006,PMD,CA,AWP,WE,Federal Contract Tower,0,0,0,0,0,0,0,12,0,12,0,0,12,0,12,0,0,0,12
05/22/2006,PMD,CA,AWP,WE,Federal Contract Tower,0,1,17,16,34,0,1,9,28,38,0,2,26,44,72,4,23,27,99
05/23/2006,PMD,CA,AWP,WE,Federal Contract Tower,4,1,19,11,35,4,1,17,5,27,8,2,36,16,62,26,44,70,132
05/24/2006,PMD,CA,AWP,WE,Federal Contract Tower,0,1,14,12,27,0,1,15,12,28,0,2,29,24,55,34,11,45,100
05/25/2006,PMD,CA,AWP,WE,Federal Contract Tower,0,0,22,13,35,0,0,24,25,49,0,0,46,38,84,16,22,38,122
05/26/2006,PMD,CA,AWP,WE,Federal Contract Tower,0,0,10,3,13,0,0,20,5,25,0,0,30,8,38,14,28,42,80
05/27/2006,PMD,CA,AWP,WE,Federal Contract Tower,0,1,1,0,2,0,1,14,0,15,0,2,15,0,17,0,0,0,17
05/28/2006,PMD,CA,AWP,WE,Federal Contract Tower,0,0,1,0,1,0,0,15,0,15,0,0,16,0,16,2,0,2,18
05/29/2006,PMD,CA,AWP,WE,Federal Contract Tower,0,2,8,0,10,0,4,14,0,18,0,6,22,0,28,3,2,5,33
05/30/2006,PMD,CA,AWP,WE,Federal Contract Tower,0,0,10,13,23,0,0,8,9,17,0,0,18,22,40,14,21,35,75
05/31/2006,PMD,CA,AWP,WE,Federal Contract Tower,0,1,23,21,45,0,1,38,29,68,0,2,61,50,113,22,44,66,179
06/01/2006,PMD,CA,AWP,WE,Federal Contract Tower,0,0,14,9,23,0,0,20,15,35,0,0,34,24,58,10,16,26,84
06/02/2006,PMD,CA,AWP,WE,Federal Contract Tower,0,0,13,0,13,0,0,14,0,14,0,0,27,0,27,6,0,6,33
06/03/2006,PMD,CA,AWP,WE,Federal Contract Tower,0,0,8,0,8,0,0,8,0,8,0,0,16,0,16,6,0,6,22
06/04/2006,PMD,CA,AWP,WE,Federal Contract Tower,0,0,1,0,1,0,0,11,0,11,0,0,12,0,12,10,0,10,22
06/05/2006,PMD,CA,AWP,WE,Federal Contract Tower,0,0,17,9,26,0,0,15,11,26,0,0,32,20,52,4,49,53,105
06/06/2006,PMD,CA,AWP,WE,Federal Contract Tower,0,0,22,21,43,0,0,14,18,32,0,0,36,39,75,0,90,90,165
06/07/2006,PMD,CA,AWP,WE,Federal Contract Tower,0,0,26,15,41,0,0,10,19,29,0,0,36,34,70,46,64,110,180
06/08/2006,PMD,CA,AWP,WE,Federal Contract Tower,0,0,24,13,37,0,2,33,24,59,0,2,57,37,96,32,52,84,180
06/09/2006,PMD,CA,AWP,WE,Federal Contract Tower,0,0,21,6,27,0,0,24,14,38,0,0,45,20,65,36,10,46,111
06/10/2006,PMD,CA,AWP,WE,Federal Contract Tower,0,0,7,1,8,0,0,15,1,16,0,0,22,2,24,2,0,2,26
06/11/2006,PMD,CA,AWP,WE,Federal Contract Tower,0,0,8,0,8,0,0,22,0,22,0,0,30,0,30,10,0,10,40
06/12/2006,PMD,CA,AWP,WE,Federal Contract Tower,0,0,27,9,36,0,0,22,11,33,0,0,49,20,69,18,76,94,163
06/13/2006,PMD,CA,AWP,WE,Federal Contract Tower,0,0,21,15,36,0,0,22,13,35,0,0,43,28,71,13,46,59,130
06/14/2006,PMD,CA,AWP,WE,Federal Contract Tower,0,0,10,15,25,0,0,37,24,61,0,0,47,39,86,4,86,90,176
06/15/2006,PMD,CA,AWP,WE,Federal Contract Tower,0,0,15,17,32,0,0,21,27,48,0,0,36,44,80,2,40,42,122
06/16/2006,PMD,CA,AWP,WE,Federal Contract Tower,0,0,11,10,21,0,0,19,21,40,0,0,30,31,61,20,20,40,101
06/17/2006,PMD,CA,AWP,WE,Federal Contract Tower,0,0,3,0,3,0,0,13,0,13,0,0,16,0,16,8,0,8,24
06/18/2006,PMD,CA,AWP,WE,Federal Contract Tower,0,0,3,0,3,0,0,11,0,11,0,0,14,0,14,0,0,0,14
06/19/2006,PMD,CA,AWP,WE,Federal Contract Tower,0,0,10,11,21,0,0,8,5,13,0,0,18,16,34,16,0,16,50
06/20/2006,PMD,CA,AWP,WE,Federal Contract Tower,0,0,21,21,42,0,0,16,2,18,0,0,37,23,60,24,59,83,143
06/21/2006,PMD,CA,AWP,WE,Federal Contract Tower,0,0,19,12,31,0,0,29,29,58,0,0,48,41,89,14,40,54,143
06/22/2006,PMD,CA,AWP,WE,Federal Contract Tower,0,2,19,18,39,0,2,29,19,50,0,4,48,37,89,14,76,90,179
06/23/2006,PMD,CA,AWP,WE,Federal Contract Tower,0,0,8,9,17,0,0,6,11,17,0,0,14,20,34,8,6,14,48
06/24/2006,PMD,CA,AWP,WE,Federal Contract Tower,0,0,9,1,10,0,0,20,2,22,0,0,29,3,32,6,0,6,38
06/25/2006,PMD,CA,AWP,WE,Federal Contract Tower,0,0,0,0,0,0,0,14,2,16,0,0,14,2,16,0,0,0,16
06/26/2006,PMD,CA,AWP,WE,Federal Contract Tower,0,0,17,9,26,0,0,7,7,14,0,0,24,16,40,34,34,68,108
06/27/2006,PMD,CA,AWP,WE,Federal Contract Tower,0,1,11,4,16,0,1,8,2,11,0,2,19,6,27,9,22,31,58
06/28/2006,PMD,CA,AWP,WE,Federal Contract Tower,0,0,16,11,27,0,0,11,17,28,0,0,27,28,55,18,16,34,89
06/29/2006,PMD,CA,AWP,WE,Federal Contract Tower,0,0,14,19,33,0,0,16,25,41,0,0,30,44,74,14,70,84,158
06/30/2006,PMD,CA,AWP,WE,Federal Contract Tower,0,0,2,8,10,0,0,13,10,23,0,0,15,18,33,12,0,12,45
07/01/2006,PMD,CA,AWP,WE,Federal Contract Tower,0,0,2,0,2,0,0,2,0,2,0,0,4,0,4,6,0,6,10
07/02/2006,PMD,CA,AWP,WE,Federal Contract Tower,0,0,0,0,0,0,0,14,0,14,0,0,14,0,14,2,0,2,16
07/03/2006,PMD,CA,AWP,WE,Federal Contract Tower,0,0,4,0,4,0,0,26,2,28,0,0,30,2,32,10,0,10,42
07/04/2006,PMD,CA,AWP,WE,Federal Contract Tower,0,0,2,0,2,0,0,4,2,6,0,0,6,2,8,2,0,2,10
07/05/2006,PMD,CA,AWP,WE,Federal Contract Tower,0,1,13,17,31,0,1,7,17,25,0,2,20,34,56,24,82,106,162
07/06/2006,PMD,CA,AWP,WE,Federal Contract Tower,0,1,17,23,41,0,1,19,12,32,0,2,36,35,73,20,34,54,127
07/07/2006,PMD,CA,AWP,WE,Federal Contract Tower,0,0,7,6,13,0,0,6,4,10,0,0,13,10,23,14,20,34,57
07/08/2006,PMD,CA,AWP,WE,Federal Contract Tower,0,0,1,0,1,0,0,13,0,13,0,0,14,0,14,8,0,8,22
07/09/2006,PMD,CA,AWP,WE,Federal Contract Tower,0,0,1,2,3,0,0,11,4,15,0,0,12,6,18,12,6,18,36
07/10/2006,PMD,CA,AWP,WE,Federal Contract Tower,0,2,22,12,36,0,2,31,16,49,0,4,53,28,85,4,40,44,129
07/11/2006,PMD,CA,AWP,WE,Federal Contract Tower,0,1,13,21,35,0,1,11,29,41,0,2,24,50,76,6,17,23,99
07/12/2006,PMD,CA,AWP,WE,Federal Contract Tower,0,1,14,31,46,0,1,14,33,48,0,2,28,64,94,7,57,64,158
07/13/2006,PMD,CA,AWP,WE,Federal Contract Tower,0,1,24,9,34,0,1,10,0,11,0,2,34,9,45,5,2,7,52
07/14/2006,PMD,CA,AWP,WE,Federal Contract Tower,0,1,6,11,18,0,1,17,5,23,0,2,23,16,41,28,14,42,83
07/15/2006,PMD,CA,AWP,WE,Federal Contract Tower,0,0,2,1,3,0,0,2,1,3,0,0,4,2,6,12,0,12,18
07/16/2006,PMD,CA,AWP,WE,Federal Contract Tower,0,0,2,2,4,0,0,14,0,14,0,0,16,2,18,2,0,2,20
07/17/2006,PMD,CA,AWP,WE,Federal Contract Tower,0,0,29,18,47,0,0,36,24,60,0,0,65,42,107,28,32,60,167
07/18/2006,PMD,CA,AWP,WE,Federal Contract Tower,2,0,9,18,29,4,0,12,17,33,6,0,21,35,62,13,24,37,99
07/19/2006,PMD,CA,AWP,WE,Federal Contract Tower,1,0,16,24,41,1,0,12,16,29,2,0,28,40,70,7,84,91,161
07/20/2006,PMD,CA,AWP,WE,Federal Contract Tower,0,0,10,23,33,0,0,14,31,45,0,0,24,54,78,34,28,62,140
07/22/2006,PMD,CA,AWP,WE,Federal Contract Tower,0,0,0,1,1,0,0,0,3,3,0,0,0,4,4,14,2,16,20
07/23/2006,PMD,CA,AWP,WE,Federal Contract Tower,0,0,2,0,2,0,0,16,0,16,0,0,18,0,18,4,0,4,22
07/24/2006,PMD,CA,AWP,WE,Federal Contract Tower,0,0,12,7,19,0,0,12,7,19,0,0,24,14,38,6,18,24,62
07/25/2006,PMD,CA,AWP,WE,Federal Contract Tower,0,0,13,18,31,0,0,24,14,38,0,0,37,32,69,10,44,54,123
07/26/2006,PMD,CA,AWP,WE,Federal Contract Tower,0,1,18,18,37,0,1,26,15,42,0,2,44,33,79,3,44,47,126
07/27/2006,PMD,CA,AWP,WE,Federal Contract Tower,0,0,16,11,27,0,0,12,9,21,0,0,28,20,48,6,46,52,100
07/28/2006,PMD,CA,AWP,WE,Federal Contract Tower,0,0,7,4,11,0,0,13,12,25,0,0,20,16,36,24,58,82,118
07/29/2006,PMD,CA,AWP,WE,Federal Contract Tower,0,0,5,0,5,0,0,9,0,9,0,0,14,0,14,4,0,4,18
07/30/2006,PMD,CA,AWP,WE,Federal Contract Tower,0,0,2,0,2,0,0,8,0,8,0,0,10,0,10,0,0,0,10
07/31/2006,PMD,CA,AWP,WE,Federal Contract Tower,0,2,15,14,31,0,2,32,17,51,0,4,47,31,82,0,12,12,94
08/01/2006,PMD,CA,AWP,WE,Federal Contract Tower,0,1,18,14,33,0,1,24,8,33,0,2,42,22,66,8,46,54,120
08/02/2006,PMD,CA,AWP,WE,Federal Contract Tower,0,0,19,21,40,0,0,37,28,65,0,0,56,49,105,21,82,103,208
08/03/2006,PMD,CA,AWP,WE,Federal Contract Tower,0,2,22,17,41,0,2,30,13,45,0,4,52,30,86,26,64,90,176
08/04/2006,PMD,CA,AWP,WE,Federal Contract Tower,0,0,9,1,10,0,2,11,9,22,0,2,20,10,32,16,52,68,100
08/05/2006,PMD,CA,AWP,WE,Federal Contract Tower,2,0,9,2,13,2,0,9,6,17,4,0,18,8,30,8,0,8,38
08/06/2006,PMD,CA,AWP,WE,Federal Contract Tower,0,0,2,0,2,0,0,4,0,4,0,0,6,0,6,6,0,6,12
08/07/2006,PMD,CA,AWP,WE,Federal Contract Tower,0,0,9,9,18,0,0,7,11,18,0,0,16,20,36,15,12,27,63
08/08/2006,PMD,CA,AWP,WE,Federal Contract Tower,0,0,18,11,29,0,0,19,12,31,0,0,37,23,60,29,28,57,117
08/09/2006,PMD,CA,AWP,WE,Federal Contract Tower,0,0,24,19,43,0,0,23,25,48,0,0,47,44,91,4,46,50,141
08/10/2006,PMD,CA,AWP,WE,Federal Contract Tower,0,0,13,15,28,0,0,12,10,22,0,0,25,25,50,10,36,46,96
08/11/2006,PMD,CA,AWP,WE,Federal Contract Tower,0,1,5,8,14,0,0,25,8,33,0,1,30,16,47,20,22,42,89
08/12/2006,PMD,CA,AWP,WE,Federal Contract Tower,0,0,7,0,7,0,0,27,0,27,0,0,34,0,34,4,0,4,38
08/13/2006,PMD,CA,AWP,WE,Federal Contract Tower,0,0,7,0,7,0,0,9,0,9,0,0,16,0,16,5,0,5,21
08/14/2006,PMD,CA,AWP,WE,Federal Contract Tower,0,0,12,11,23,0,0,35,13,48,0,0,47,24,71,0,48,48,119
08/15/2006,PMD,CA,AWP,WE,Federal Contract Tower,0,0,17,24,41,0,0,46,13,59,0,0,63,37,100,8,82,90,190
08/16/2006,PMD,CA,AWP,WE,Federal Contract Tower,0,0,12,20,32,0,0,24,9,33,0,0,36,29,65,7,94,101,166
08/17/2006,PMD,CA,AWP,WE,Federal Contract Tower,0,0,18,19,37,0,0,14,29,43,0,0,32,48,80,20,72,92,172
08/18/2006,PMD,CA,AWP,WE,Federal Contract Tower,0,0,7,13,20,0,0,35,13,48,0,0,42,26,68,18,18,36,104
08/19/2006,PMD,CA,AWP,WE,Federal Contract Tower,0,0,5,4,9,0,0,7,4,11,0,0,12,8,20,0,16,16,36
08/20/2006,PMD,CA,AWP,WE,Federal Contract Tower,0,0,4,0,4,0,0,4,0,4,0,0,8,0,8,0,0,0,8
08/21/2006,PMD,CA,AWP,WE,Federal Contract Tower,0,1,17,13,31,0,1,21,19,41,0,2,38,32,72,8,26,34,106
08/22/2006,PMD,CA,AWP,WE,Federal Contract Tower,0,0,15,24,39,0,0,30,33,63,0,0,45,57,102,4,112,116,218
08/23/2006,PMD,CA,AWP,WE,Federal Contract Tower,0,0,8,14,22,0,0,21,14,35,0,0,29,28,57,2,24,26,83
08/24/2006,PMD,CA,AWP,WE,Federal Contract Tower,0,0,16,8,24,0,0,11,12,23,0,0,27,20,47,0,38,38,85
08/25/2006,PMD,CA,AWP,WE,Federal Contract Tower,0,0,8,11,19,0,0,20,15,35,0,0,28,26,54,16,70,86,140
08/26/2006,PMD,CA,AWP,WE,Federal Contract Tower,0,0,1,1,2,0,0,1,1,2,0,0,2,2,4,0,10,10,14
08/27/2006,PMD,CA,AWP,WE,Federal Contract Tower,0,0,1,0,1,0,0,1,0,1,0,0,2,0,2,8,0,8,10
08/28/2006,PMD,CA,AWP,WE,Federal Contract Tower,0,0,12,11,23,0,0,29,5,34,0,0,41,16,57,6,38,44,101
08/29/2006,PMD,CA,AWP,WE,Federal Contract Tower,0,1,13,15,29,0,1,38,13,52,0,2,51,28,81,8,98,106,187
08/30/2006,PMD,CA,AWP,WE,Federal Contract Tower,0,0,9,11,20,0,0,20,8,28,0,0,29,19,48,10,24,34,82
08/31/2006,PMD,CA,AWP,WE,Federal Contract Tower,0,0,14,12,26,0,0,14,14,28,0,0,28,26,54,26,58,84,138
09/01/2006,PMD,CA,AWP,WE,Federal Contract Tower,0,0,3,2,5,0,0,11,6,17,0,0,14,8,22,16,12,28,50
09/02/2006,PMD,CA,AWP,WE,Federal Contract Tower,0,0,3,0,3,0,0,3,0,3,0,0,6,0,6,0,0,0,6
09/03/2006,PMD,CA,AWP,WE,Federal Contract Tower,0,0,1,0,1,0,0,0,8,8,0,0,1,8,9,2,0,2,11
09/04/2006,PMD,CA,AWP,WE,Federal Contract Tower,0,0,2,0,2,0,0,32,8,40,0,0,34,8,42,4,0,4,46
09/05/2006,PMD,CA,AWP,WE,Federal Contract Tower,0,0,1,13,14,0,0,28,25,53,0,0,29,38,67,20,26,46,113
09/06/2006,PMD,CA,AWP,WE,Federal Contract Tower,0,0,9,13,22,0,0,15,15,30,0,0,24,28,52,8,30,38,90
09/07/2006,PMD,CA,AWP,WE,Federal Contract Tower,0,0,15,19,34,0,0,25,27,52,0,0,40,46,86,14,58,72,158
09/08/2006,PMD,CA,AWP,WE,Federal Contract Tower,0,0,8,8,16,0,0,10,5,15,0,0,18,13,31,4,70,74,105
09/09/2006,PMD,CA,AWP,WE,Federal Contract Tower,0,0,4,3,7,0,0,6,3,9,0,0,10,6,16,6,22,28,44
09/10/2006,PMD,CA,AWP,WE,Federal Contract Tower,0,0,3,2,5,0,0,13,3,16,0,0,16,5,21,0,2,2,23
09/11/2006,PMD,CA,AWP,WE,Federal Contract Tower,0,0,18,17,35,0,0,22,25,47,0,0,40,42,82,2,38,40,122
09/12/2006,PMD,CA,AWP,WE,Federal Contract Tower,0,0,21,13,34,0,0,32,6,38,0,0,53,19,72,31,52,83,155
09/13/2006,PMD,CA,AWP,WE,Federal Contract Tower,0,1,17,26,44,0,1,13,16,30,0,2,30,42,74,10,120,130,204
09/14/2006,PMD,CA,AWP,WE,Federal Contract Tower,0,0,17,33,50,0,0,7,5,12,0,0,24,38,62,24,74,98,160
09/15/2006,PMD,CA,AWP,WE,Federal Contract Tower,0,0,11,3,14,0,0,17,15,32,0,0,28,18,46,8,16,24,70
09/16/2006,PMD,CA,AWP,WE,Federal Contract Tower,0,0,4,0,4,0,0,1,0,1,0,0,5,0,5,8,0,8,13
09/17/2006,PMD,CA,AWP,WE,Federal Contract Tower,0,0,3,0,3,0,0,3,0,3,0,0,6,0,6,6,0,6,12
09/18/2006,PMD,CA,AWP,WE,Federal Contract Tower,0,0,17,18,35,0,0,23,23,46,0,0,40,41,81,0,15,15,96
09/19/2006,PMD,CA,AWP,WE,Federal Contract Tower,0,0,13,8,21,0,0,25,2,27,0,0,38,10,48,26,63,89,137
09/20/2006,PMD,CA,AWP,WE,Federal Contract Tower,0,1,14,16,31,0,1,25,14,40,0,2,39,30,71,6,52,58,129
09/21/2006,PMD,CA,AWP,WE,Federal Contract Tower,0,0,24,11,35,0,0,16,5,21,0,0,40,16,56,0,12,12,68
09/22/2006,PMD,CA,AWP,WE,Federal Contract Tower,0,0,16,10,26,1,0,29,14,44,1,0,45,24,70,8,16,24,94
09/23/2006,PMD,CA,AWP,WE,Federal Contract Tower,0,0,2,0,2,0,0,2,0,2,0,0,4,0,4,0,0,0,4
09/24/2006,PMD,CA,AWP,WE,Federal Contract Tower,0,0,0,0,0,0,0,0,0,0,0,0,0,0,0,0,0,0,0
09/25/2006,PMD,CA,AWP,WE,Federal Contract Tower,0,0,16,13,29,0,0,14,29,43,0,0,30,42,72,0,6,6,78
09/26/2006,PMD,CA,AWP,WE,Federal Contract Tower,0,1,19,16,36,0,1,25,45,71,0,2,44,61,107,16,13,29,136
09/27/2006,PMD,CA,AWP,WE,Federal Contract Tower,0,0,9,12,21,0,0,11,7,18,0,0,20,19,39,8,44,52,91
09/28/2006,PMD,CA,AWP,WE,Federal Contract Tower,0,0,13,17,30,0,0,21,49,70,0,0,34,66,100,22,84,106,206
09/29/2006,PMD,CA,AWP,WE,Federal Contract Tower,0,0,6,8,14,0,0,10,10,20,0,0,16,18,34,14,26,40,74
09/30/2006,PMD,CA,AWP,WE,Federal Contract Tower,0,0,1,1,2,0,0,3,5,8,0,0,4,6,10,9,18,27,37
10/01/2006,PMD,CA,AWP,WE,Federal Contract Tower,0,0,5,0,5,0,0,5,0,5,0,0,10,0,10,10,0,10,20
10/02/2006,PMD,CA,AWP,WE,Federal Contract Tower,0,0,16,9,25,0,0,21,15,36,0,0,37,24,61,0,32,32,93
10/03/2006,PMD,CA,AWP,WE,Federal Contract Tower,0,2,14,19,35,0,2,20,13,35,0,4,34,32,70,2,48,50,120
10/04/2006,PMD,CA,AWP,WE,Federal Contract Tower,0,2,11,10,23,0,2,23,10,35,0,4,34,20,58,0,22,22,80
10/05/2006,PMD,CA,AWP,WE,Federal Contract Tower,0,2,15,19,36,0,0,13,21,34,0,2,28,40,70,18,70,88,158
10/06/2006,PMD,CA,AWP,WE,Federal Contract Tower,0,0,4,3,7,0,0,6,11,17,0,0,10,14,24,18,4,22,46
10/07/2006,PMD,CA,AWP,WE,Federal Contract Tower,0,0,1,0,1,0,0,3,0,3,0,0,4,0,4,0,0,0,4
10/08/2006,PMD,CA,AWP,WE,Federal Contract Tower,0,0,0,0,0,0,0,0,0,0,0,0,0,0,0,0,0,0,0
10/09/2006,PMD,CA,AWP,WE,Federal Contract Tower,0,0,15,0,15,0,0,8,1,9,0,0,23,1,24,7,0,7,31
10/10/2006,PMD,CA,AWP,WE,Federal Contract Tower,0,2,14,11,27,0,2,19,2,23,0,4,33,13,50,5,38,43,93
10/11/2006,PMD,CA,AWP,WE,Federal Contract Tower,0,0,14,21,35,0,0,22,18,40,0,0,36,39,75,17,31,48,123
10/12/2006,PMD,CA,AWP,WE,Federal Contract Tower,0,0,11,19,30,0,0,15,21,36,0,0,26,40,66,10,76,86,152
10/13/2006,PMD,CA,AWP,WE,Federal Contract Tower,0,0,11,3,14,0,0,25,15,40,0,0,36,18,54,16,26,42,96
10/14/2006,PMD,CA,AWP,WE,Federal Contract Tower,0,0,1,0,1,0,0,9,2,11,0,0,10,2,12,2,0,2,14
10/15/2006,PMD,CA,AWP,WE,Federal Contract Tower,0,0,1,1,2,0,0,3,1,4,0,0,4,2,6,2,6,8,14
10/16/2006,PMD,CA,AWP,WE,Federal Contract Tower,0,0,19,3,22,0,0,22,2,24,0,0,41,5,46,2,14,16,62
10/17/2006,PMD,CA,AWP,WE,Federal Contract Tower,0,0,19,21,40,0,0,20,23,43,0,0,39,44,83,6,41,47,130
10/18/2006,PMD,CA,AWP,WE,Federal Contract Tower,0,1,10,13,24,0,1,21,10,32,0,2,31,23,56,9,40,49,105
10/19/2006,PMD,CA,AWP,WE,Federal Contract Tower,0,1,9,13,23,0,1,20,4,25,0,2,29,17,48,10,66,76,124
10/20/2006,PMD,CA,AWP,WE,Federal Contract Tower,0,0,10,5,15,0,0,26,21,47,0,0,36,26,62,18,20,38,100
10/21/2006,PMD,CA,AWP,WE,Federal Contract Tower,0,0,1,0,1,0,0,1,0,1,0,0,2,0,2,2,0,2,4
10/22/2006,PMD,CA,AWP,WE,Federal Contract Tower,2,0,2,0,4,2,0,10,0,12,4,0,12,0,16,14,0,14,30
10/23/2006,PMD,CA,AWP,WE,Federal Contract Tower,0,0,16,7,23,0,0,22,8,30,0,0,38,15,53,8,42,50,103
10/24/2006,PMD,CA,AWP,WE,Federal Contract Tower,0,1,8,16,25,0,1,14,13,28,0,2,22,29,53,13,54,67,120
10/25/2006,PMD,CA,AWP,WE,Federal Contract Tower,0,0,13,14,27,0,0,24,9,33,0,0,37,23,60,4,66,70,130
10/26/2006,PMD,CA,AWP,WE,Federal Contract Tower,0,0,8,9,17,0,0,18,4,22,0,0,26,13,39,10,56,66,105
10/27/2006,PMD,CA,AWP,WE,Federal Contract Tower,0,0,4,7,11,0,0,26,19,45,0,0,30,26,56,24,52,76,132
10/28/2006,PMD,CA,AWP,WE,Federal Contract Tower,0,0,5,3,8,0,0,5,3,8,0,0,10,6,16,4,6,10,26
10/29/2006,PMD,CA,AWP,WE,Federal Contract Tower,0,0,0,4,4,0,0,10,10,20,0,0,10,14,24,0,14,14,38
10/30/2006,PMD,CA,AWP,WE,Federal Contract Tower,0,1,15,2,18,0,1,23,4,28,0,2,38,6,46,0,40,40,86
10/31/2006,PMD,CA,AWP,WE,Federal Contract Tower,0,0,18,12,30,0,0,27,6,33,0,0,45,18,63,8,33,41,104
11/01/2006,PMD,CA,AWP,WE,Federal Contract Tower,0,0,14,12,26,0,0,23,15,38,0,0,37,27,64,10,33,43,107
11/02/2006,PMD,CA,AWP,WE,Federal Contract Tower,0,0,14,11,25,0,0,34,19,53,0,0,48,30,78,22,74,96,174
11/03/2006,PMD,CA,AWP,WE,Federal Contract Tower,0,0,7,4,11,0,0,11,6,17,0,0,18,10,28,26,14,40,68
11/04/2006,PMD,CA,AWP,WE,Federal Contract Tower,0,0,1,2,3,0,0,5,4,9,0,0,6,6,12,4,6,10,22
11/05/2006,PMD,CA,AWP,WE,Federal Contract Tower,0,0,7,1,8,0,0,11,1,12,0,0,18,2,20,6,0,6,26
11/06/2006,PMD,CA,AWP,WE,Federal Contract Tower,0,0,14,20,34,0,0,28,22,50,0,0,42,42,84,16,59,75,159
11/07/2006,PMD,CA,AWP,WE,Federal Contract Tower,0,0,11,5,16,0,0,23,7,30,0,0,34,12,46,10,43,53,99
11/08/2006,PMD,CA,AWP,WE,Federal Contract Tower,0,0,10,10,20,0,0,21,14,35,0,0,31,24,55,8,38,46,101
11/09/2006,PMD,CA,AWP,WE,Federal Contract Tower,0,0,11,6,17,0,0,17,10,27,0,0,28,16,44,18,26,44,88
11/10/2006,PMD,CA,AWP,WE,Federal Contract Tower,0,0,7,1,8,0,0,29,17,46,0,0,36,18,54,20,38,58,112
11/11/2006,PMD,CA,AWP,WE,Federal Contract Tower,0,0,0,1,1,0,0,0,1,1,0,0,0,2,2,17,0,17,19
11/12/2006,PMD,CA,AWP,WE,Federal Contract Tower,0,0,6,0,6,0,0,8,2,10,0,0,14,2,16,18,0,18,34
11/13/2006,PMD,CA,AWP,WE,Federal Contract Tower,0,0,9,16,25,0,0,35,16,51,0,0,44,32,76,12,52,64,140
11/14/2006,PMD,CA,AWP,WE,Federal Contract Tower,0,0,14,18,32,0,0,26,18,44,0,0,40,36,76,10,68,78,154
11/15/2006,PMD,CA,AWP,WE,Federal Contract Tower,0,1,20,9,30,0,1,19,11,31,0,2,39,20,61,20,30,50,111
11/16/2006,PMD,CA,AWP,WE,Federal Contract Tower,0,0,11,15,26,0,0,20,6,26,0,0,31,21,52,10,96,106,158
11/17/2006,PMD,CA,AWP,WE,Federal Contract Tower,0,0,4,4,8,0,0,24,6,30,0,0,28,10,38,2,0,2,40
11/18/2006,PMD,CA,AWP,WE,Federal Contract Tower,0,0,1,0,1,0,0,8,0,8,0,0,9,0,9,0,0,0,9
11/19/2006,PMD,CA,AWP,WE,Federal Contract Tower,0,0,2,0,2,0,0,17,0,17,0,0,19,0,19,10,0,10,29
11/20/2006,PMD,CA,AWP,WE,Federal Contract Tower,0,0,8,7,15,0,0,36,17,53,0,0,44,24,68,28,54,82,150
11/21/2006,PMD,CA,AWP,WE,Federal Contract Tower,0,0,15,22,37,0,0,13,16,29,0,0,28,38,66,29,82,111,177
11/22/2006,PMD,CA,AWP,WE,Federal Contract Tower,0,0,14,11,25,0,0,11,13,24,0,0,25,24,49,36,48,84,133
11/23/2006,PMD,CA,AWP,WE,Federal Contract Tower,0,0,0,0,0,0,0,6,0,6,0,0,6,0,6,0,0,0,6
11/24/2006,PMD,CA,AWP,WE,Federal Contract Tower,0,2,1,0,3,0,2,9,0,11,0,4,10,0,14,4,0,4,18
11/25/2006,PMD,CA,AWP,WE,Federal Contract Tower,0,0,0,0,0,0,0,7,0,7,0,0,7,0,7,0,0,0,7
11/26/2006,PMD,CA,AWP,WE,Federal Contract Tower,0,1,1,0,2,0,1,3,0,4,0,2,4,0,6,0,0,0,6
11/27/2006,PMD,CA,AWP,WE,Federal Contract Tower,0,0,13,7,20,0,0,27,15,42,0,0,40,22,62,6,74,80,142
11/28/2006,PMD,CA,AWP,WE,Federal Contract Tower,0,0,7,17,24,0,0,16,11,27,0,0,23,28,51,14,28,42,93
11/29/2006,PMD,CA,AWP,WE,Federal Contract Tower,0,0,21,15,36,0,0,25,11,36,0,0,46,26,72,20,66,86,158
11/30/2006,PMD,CA,AWP,WE,Federal Contract Tower,0,0,12,11,23,0,0,25,7,32,0,0,37,18,55,16,66,82,137
12/01/2006,PMD,CA,AWP,WE,Federal Contract Tower,0,0,2,2,4,0,0,19,10,29,0,0,21,12,33,12,0,12,45
12/02/2006,PMD,CA,AWP,WE,Federal Contract Tower,0,0,4,0,4,0,0,10,4,14,0,0,14,4,18,2,14,16,34
12/03/2006,PMD,CA,AWP,WE,Federal Contract Tower,0,0,3,0,3,0,0,11,0,11,0,0,14,0,14,12,0,12,26
12/04/2006,PMD,CA,AWP,WE,Federal Contract Tower,0,1,7,12,20,0,1,41,16,58,0,2,48,28,78,14,56,70,148
12/05/2006,PMD,CA,AWP,WE,Federal Contract Tower,0,1,10,14,25,0,1,18,21,40,0,2,28,35,65,14,40,54,119
12/06/2006,PMD,CA,AWP,WE,Federal Contract Tower,0,0,13,22,35,0,0,28,28,56,0,0,41,50,91,12,74,86,177
12/07/2006,PMD,CA,AWP,WE,Federal Contract Tower,0,0,14,9,23,0,0,34,9,43,0,0,48,18,66,12,60,72,138
12/08/2006,PMD,CA,AWP,WE,Federal Contract Tower,0,0,2,6,8,0,0,24,5,29,0,0,26,11,37,8,23,31,68
12/09/2006,PMD,CA,AWP,WE,Federal Contract Tower,0,0,1,0,1,0,0,13,0,13,0,0,14,0,14,0,0,0,14
12/10/2006,PMD,CA,AWP,WE,Federal Contract Tower,0,0,3,0,3,0,0,7,2,9,0,0,10,2,12,14,0,14,26
12/11/2006,PMD,CA,AWP,WE,Federal Contract Tower,0,0,9,4,13,0,0,23,12,35,0,0,32,16,48,6,18,24,72
12/12/2006,PMD,CA,AWP,WE,Federal Contract Tower,0,0,12,23,35,0,0,24,31,55,0,0,36,54,90,14,45,59,149
12/13/2006,PMD,CA,AWP,WE,Federal Contract Tower,0,0,12,15,27,0,0,18,15,33,0,0,30,30,60,28,42,70,130
12/14/2006,PMD,CA,AWP,WE,Federal Contract Tower,0,0,17,7,24,0,0,23,6,29,0,0,40,13,53,10,16,26,79
12/15/2006,PMD,CA,AWP,WE,Federal Contract Tower,0,0,4,20,24,0,0,19,15,34,0,0,23,35,58,12,6,18,76
12/16/2006,PMD,CA,AWP,WE,Federal Contract Tower,0,0,1,1,2,0,0,1,1,2,0,0,2,2,4,0,0,0,4
12/17/2006,PMD,CA,AWP,WE,Federal Contract Tower,0,0,2,0,2,0,0,16,2,18,0,0,18,2,20,8,0,8,28
12/18/2006,PMD,CA,AWP,WE,Federal Contract Tower,0,0,12,7,19,0,0,22,9,31,0,0,34,16,50,6,26,32,82
12/19/2006,PMD,CA,AWP,WE,Federal Contract Tower,0,0,12,14,26,0,0,9,14,23,0,0,21,28,49,13,48,61,110
12/20/2006,PMD,CA,AWP,WE,Federal Contract Tower,0,0,11,10,21,0,0,43,8,51,0,0,54,18,72,10,28,38,110
12/21/2006,PMD,CA,AWP,WE,Federal Contract Tower,0,0,12,12,24,0,0,30,9,39,0,0,42,21,63,16,24,40,103
12/22/2006,PMD,CA,AWP,WE,Federal Contract Tower,0,0,0,0,0,0,0,19,0,19,0,0,19,0,19,2,0,2,21
12/23/2006,PMD,CA,AWP,WE,Federal Contract Tower,0,0,0,0,0,0,0,0,0,0,0,0,0,0,0,0,0,0,0
12/24/2006,PMD,CA,AWP,WE,Federal Contract Tower,0,0,6,0,6,0,0,12,0,12,0,0,18,0,18,8,0,8,26
12/25/2006,PMD,CA,AWP,WE,Federal Contract Tower,0,0,0,0,0,0,0,8,0,8,0,0,8,0,8,16,0,16,24
12/26/2006,PMD,CA,AWP,WE,Federal Contract Tower,0,0,2,0,2,0,0,22,0,22,0,0,24,0,24,10,0,10,34
12/27/2006,PMD,CA,AWP,WE,Federal Contract Tower,0,0,1,4,5,0,0,5,2,7,0,0,6,6,12,4,0,4,16
12/28/2006,PMD,CA,AWP,WE,Federal Contract Tower,0,0,1,6,7,0,0,14,14,28,0,0,15,20,35,12,24,36,71
12/29/2006,PMD,CA,AWP,WE,Federal Contract Tower,0,1,2,6,9,0,1,23,6,30,0,2,25,12,39,0,10,10,49
12/30/2006,PMD,CA,AWP,WE,Federal Contract Tower,0,0,0,0,0,0,0,16,0,16,0,0,16,0,16,0,0,0,16
12/31/2006,PMD,CA,AWP,WE,Federal Contract Tower,0,0,0,0,0,0,0,10,0,10,0,0,10,0,10,8,0,8,18
01/01/2007,PMD,CA,AWP,WE,Federal Contract Tower,0,0,0,0,0,0,0,2,0,2,0,0,2,0,2,8,0,8,10
01/02/2007,PMD,CA,AWP,WE,Federal Contract Tower,0,2,9,0,11,0,2,15,0,17,0,4,24,0,28,10,0,10,38
01/03/2007,PMD,CA,AWP,WE,Federal Contract Tower,0,0,8,17,25,0,0,29,27,56,0,0,37,44,81,10,33,43,124
01/04/2007,PMD,CA,AWP,WE,Federal Contract Tower,0,0,21,16,37,0,0,5,12,17,0,0,26,28,54,20,36,56,110
01/05/2007,PMD,CA,AWP,WE,Federal Contract Tower,0,0,4,12,16,0,0,32,10,42,0,0,36,22,58,10,38,48,106
01/06/2007,PMD,CA,AWP,WE,Federal Contract Tower,0,2,5,7,14,0,2,15,9,26,0,4,20,16,40,0,12,12,52
01/07/2007,PMD,CA,AWP,WE,Federal Contract Tower,0,1,3,2,6,0,1,19,8,28,0,2,22,10,34,0,6,6,40
01/08/2007,PMD,CA,AWP,WE,Federal Contract Tower,0,0,15,10,25,0,0,13,28,41,0,0,28,38,66,36,152,188,254
01/09/2007,PMD,CA,AWP,WE,Federal Contract Tower,0,2,19,12,33,0,2,21,0,23,0,4,40,12,56,2,134,136,192
01/10/2007,PMD,CA,AWP,WE,Federal Contract Tower,0,1,21,22,44,0,1,49,24,74,0,2,70,46,118,2,66,68,186
01/11/2007,PMD,CA,AWP,WE,Federal Contract Tower,0,0,24,17,41,0,0,21,15,36,0,0,45,32,77,0,82,82,159
01/12/2007,PMD,CA,AWP,WE,Federal Contract Tower,0,1,10,8,19,0,1,19,10,30,0,2,29,18,49,0,0,0,49
01/13/2007,PMD,CA,AWP,WE,Federal Contract Tower,0,0,1,0,1,0,2,17,0,19,0,2,18,0,20,0,0,0,20
01/14/2007,PMD,CA,AWP,WE,Federal Contract Tower,0,0,1,0,1,0,0,4,0,4,0,0,5,0,5,12,0,12,17
01/15/2007,PMD,CA,AWP,WE,Federal Contract Tower,0,4,10,0,14,0,2,15,2,19,0,6,25,2,33,32,4,36,69
01/16/2007,PMD,CA,AWP,WE,Federal Contract Tower,0,3,12,28,43,0,3,29,26,58,0,6,41,54,101,2,96,98,199
01/17/2007,PMD,CA,AWP,WE,Federal Contract Tower,0,0,20,39,59,0,0,12,46,58,0,0,32,85,117,22,77,99,216
01/18/2007,PMD,CA,AWP,WE,Federal Contract Tower,0,1,18,22,41,0,1,16,22,39,0,2,34,44,80,0,54,54,134
01/19/2007,PMD,CA,AWP,WE,Federal Contract Tower,0,0,12,15,27,0,0,32,12,44,0,0,44,27,71,4,18,22,93
01/20/2007,PMD,CA,AWP,WE,Federal Contract Tower,0,0,3,1,4,0,0,21,3,24,0,0,24,4,28,0,24,24,52
01/21/2007,PMD,CA,AWP,WE,Federal Contract Tower,0,0,5,2,7,0,0,15,2,17,0,0,20,4,24,18,6,24,48
01/22/2007,PMD,CA,AWP,WE,Federal Contract Tower,0,0,16,11,27,0,0,42,35,77,0,0,58,46,104,24,18,42,146
01/23/2007,PMD,CA,AWP,WE,Federal Contract Tower,0,0,21,31,52,0,0,25,3,28,0,0,46,34,80,6,56,62,142
01/24/2007,PMD,CA,AWP,WE,Federal Contract Tower,0,0,20,24,44,0,0,42,23,65,0,0,62,47,109,12,82,94,203
01/25/2007,PMD,CA,AWP,WE,Federal Contract Tower,0,0,16,24,40,0,0,38,20,58,0,0,54,44,98,10,130,140,238
01/26/2007,PMD,CA,AWP,WE,Federal Contract Tower,0,1,5,19,25,0,1,20,22,43,0,2,25,41,68,0,56,56,124
01/27/2007,PMD,CA,AWP,WE,Federal Contract Tower,0,0,5,2,7,0,0,19,2,21,0,0,24,4,28,0,0,0,28
01/28/2007,PMD,CA,AWP,WE,Federal Contract Tower,0,0,0,4,4,0,0,16,4,20,0,0,16,8,24,12,8,20,44
01/29/2007,PMD,CA,AWP,WE,Federal Contract Tower,0,0,20,8,28,0,0,16,14,30,0,0,36,22,58,46,66,112,170
01/30/2007,PMD,CA,AWP,WE,Federal Contract Tower,0,2,28,21,51,0,2,4,28,34,0,4,32,49,85,18,86,104,189
01/31/2007,PMD,CA,AWP,WE,Federal Contract Tower,3,2,22,22,49,3,2,31,39,75,6,4,53,61,124,0,86,86,210
02/01/2007,PMD,CA,AWP,WE,Federal Contract Tower,0,2,24,22,48,0,2,16,24,42,0,4,40,46,90,0,100,100,190
02/02/2007,PMD,CA,AWP,WE,Federal Contract Tower,2,0,17,12,31,2,0,38,17,57,4,0,55,29,88,0,58,58,146
02/03/2007,PMD,CA,AWP,WE,Federal Contract Tower,0,0,11,1,12,0,0,24,1,25,0,0,35,2,37,0,0,0,37
02/04/2007,PMD,CA,AWP,WE,Federal Contract Tower,0,0,2,0,2,0,0,11,0,11,0,0,13,0,13,10,0,10,23
02/05/2007,PMD,CA,AWP,WE,Federal Contract Tower,0,0,11,15,26,0,0,22,35,57,0,0,33,50,83,28,86,114,197
02/06/2007,PMD,CA,AWP,WE,Federal Contract Tower,0,0,16,39,55,0,0,26,21,47,0,0,42,60,102,2,82,84,186
02/07/2007,PMD,CA,AWP,WE,Federal Contract Tower,0,4,13,11,28,0,4,31,21,56,0,8,44,32,84,22,38,60,144
02/08/2007,PMD,CA,AWP,WE,Federal Contract Tower,0,1,21,32,54,0,1,4,19,24,0,2,25,51,78,12,92,104,182
02/09/2007,PMD,CA,AWP,WE,Federal Contract Tower,0,0,1,7,8,0,0,19,5,24,0,0,20,12,32,0,10,10,42
02/10/2007,PMD,CA,AWP,WE,Federal Contract Tower,0,0,5,0,5,0,0,19,0,19,0,0,24,0,24,0,0,0,24
02/11/2007,PMD,CA,AWP,WE,Federal Contract Tower,0,0,1,0,1,0,0,5,0,5,0,0,6,0,6,16,0,16,22
02/12/2007,PMD,CA,AWP,WE,Federal Contract Tower,0,2,19,21,42,0,2,17,33,52,0,4,36,54,94,20,28,48,142
02/13/2007,PMD,CA,AWP,WE,Federal Contract Tower,3,0,19,17,39,3,0,8,25,36,6,0,27,42,75,16,70,86,161
02/14/2007,PMD,CA,AWP,WE,Federal Contract Tower,0,0,17,25,42,0,0,37,39,76,0,0,54,64,118,21,70,91,209
02/15/2007,PMD,CA,AWP,WE,Federal Contract Tower,0,0,18,27,45,0,0,22,34,56,0,0,40,61,101,22,100,122,223
02/16/2007,PMD,CA,AWP,WE,Federal Contract Tower,0,0,12,1,13,0,0,35,5,40,0,0,47,6,53,14,2,16,69
02/17/2007,PMD,CA,AWP,WE,Federal Contract Tower,0,0,2,0,2,0,0,5,0,5,0,0,7,0,7,4,0,4,11
02/18/2007,PMD,CA,AWP,WE,Federal Contract Tower,0,0,6,0,6,0,0,13,0,13,0,0,19,0,19,0,0,0,19
02/19/2007,PMD,CA,AWP,WE,Federal Contract Tower,0,0,15,0,15,0,0,6,2,8,0,0,21,2,23,26,4,30,53
02/20/2007,PMD,CA,AWP,WE,Federal Contract Tower,0,0,21,32,53,0,0,24,33,57,0,0,45,65,110,0,70,70,180
02/21/2007,PMD,CA,AWP,WE,Federal Contract Tower,0,1,25,16,42,0,1,9,14,24,0,2,34,30,66,18,76,94,160
02/22/2007,PMD,CA,AWP,WE,Federal Contract Tower,0,0,22,16,38,0,0,10,20,30,0,0,32,36,68,10,44,54,122
02/23/2007,PMD,CA,AWP,WE,Federal Contract Tower,0,0,4,4,8,0,0,16,4,20,0,0,20,8,28,0,6,6,34
02/24/2007,PMD,CA,AWP,WE,Federal Contract Tower,0,0,2,0,2,0,0,6,0,6,0,0,8,0,8,0,0,0,8
02/25/2007,PMD,CA,AWP,WE,Federal Contract Tower,0,0,3,0,3,0,0,5,0,5,0,0,8,0,8,10,0,10,18
02/26/2007,PMD,CA,AWP,WE,Federal Contract Tower,0,0,14,14,28,0,0,14,24,38,0,0,28,38,66,20,58,78,144
02/27/2007,PMD,CA,AWP,WE,Federal Contract Tower,3,1,18,26,48,3,1,8,20,32,6,2,26,46,80,6,66,72,152
02/28/2007,PMD,CA,AWP,WE,Federal Contract Tower,0,0,21,26,47,0,0,19,15,34,0,0,40,41,81,20,74,94,175
03/01/2007,PMD,CA,AWP,WE,Federal Contract Tower,1,3,18,21,43,1,3,17,33,54,2,6,35,54,97,10,100,110,207
03/02/2007,PMD,CA,AWP,WE,Federal Contract Tower,0,2,3,4,9,0,2,30,4,36,0,4,33,8,45,2,12,14,59
03/03/2007,PMD,CA,AWP,WE,Federal Contract Tower,0,2,1,0,3,0,2,5,0,7,0,4,6,0,10,12,0,12,22
03/04/2007,PMD,CA,AWP,WE,Federal Contract Tower,0,0,1,0,1,0,0,3,0,3,0,0,4,0,4,12,0,12,16
03/05/2007,PMD,CA,AWP,WE,Federal Contract Tower,0,2,44,5,51,0,2,2,31,35,0,4,46,36,86,22,2,24,110
03/06/2007,PMD,CA,AWP,WE,Federal Contract Tower,0,0,20,29,49,0,0,30,27,57,0,0,50,56,106,20,68,88,194
03/07/2007,PMD,CA,AWP,WE,Federal Contract Tower,0,1,17,11,29,0,1,23,19,43,0,2,40,30,72,8,60,68,140
03/08/2007,PMD,CA,AWP,WE,Federal Contract Tower,0,1,22,11,34,0,1,20,12,33,0,2,42,23,67,12,60,72,139
03/09/2007,PMD,CA,AWP,WE,Federal Contract Tower,0,0,8,3,11,0,0,22,3,25,0,0,30,6,36,2,16,18,54
03/10/2007,PMD,CA,AWP,WE,Federal Contract Tower,0,0,10,0,10,0,0,21,0,21,0,0,31,0,31,0,0,0,31
03/11/2007,PMD,CA,AWP,WE,Federal Contract Tower,0,0,5,0,5,0,0,3,0,3,0,0,8,0,8,16,0,16,24
03/12/2007,PMD,CA,AWP,WE,Federal Contract Tower,0,0,9,7,16,0,0,24,35,59,0,0,33,42,75,16,30,46,121
03/13/2007,PMD,CA,AWP,WE,Federal Contract Tower,0,0,20,12,32,0,0,33,22,55,0,0,53,34,87,12,34,46,133
03/14/2007,PMD,CA,AWP,WE,Federal Contract Tower,0,0,11,26,37,0,0,23,30,53,0,0,34,56,90,16,146,162,252
03/15/2007,PMD,CA,AWP,WE,Federal Contract Tower,0,0,21,27,48,0,0,24,17,41,0,0,45,44,89,20,26,46,135
03/16/2007,PMD,CA,AWP,WE,Federal Contract Tower,0,0,8,9,17,0,0,21,7,28,0,0,29,16,45,10,16,26,71
03/17/2007,PMD,CA,AWP,WE,Federal Contract Tower,0,0,8,0,8,0,0,20,0,20,0,0,28,0,28,0,0,0,28
03/18/2007,PMD,CA,AWP,WE,Federal Contract Tower,0,0,5,0,5,0,0,13,0,13,0,0,18,0,18,16,0,16,34
03/19/2007,PMD,CA,AWP,WE,Federal Contract Tower,0,0,13,1,14,0,0,11,9,20,0,0,24,10,34,14,42,56,90
03/20/2007,PMD,CA,AWP,WE,Federal Contract Tower,0,0,17,11,28,0,0,15,14,29,0,0,32,25,57,12,28,40,97
03/21/2007,PMD,CA,AWP,WE,Federal Contract Tower,0,1,24,26,51,0,1,16,40,57,0,2,40,66,108,8,80,88,196
03/23/2007,PMD,CA,AWP,WE,Federal Contract Tower,0,0,4,8,12,0,0,10,8,18,0,0,14,16,30,14,22,36,66
03/24/2007,PMD,CA,AWP,WE,Federal Contract Tower,0,0,12,0,12,0,0,25,0,25,0,0,37,0,37,0,0,0,37
03/25/2007,PMD,CA,AWP,WE,Federal Contract Tower,0,0,5,0,5,0,0,9,0,9,0,0,14,0,14,14,0,14,28
03/26/2007,PMD,CA,AWP,WE,Federal Contract Tower,0,0,20,11,31,0,0,20,8,28,0,0,40,19,59,28,46,74,133
03/27/2007,PMD,CA,AWP,WE,Federal Contract Tower,0,0,12,5,17,0,0,20,5,25,0,0,32,10,42,0,26,26,68
03/28/2007,PMD,CA,AWP,WE,Federal Contract Tower,0,2,22,32,56,0,2,44,40,86,0,4,66,72,142,12,100,112,254
03/29/2007,PMD,CA,AWP,WE,Federal Contract Tower,0,1,18,11,30,0,1,28,12,41,0,2,46,23,71,4,36,40,111
03/30/2007,PMD,CA,AWP,WE,Federal Contract Tower,0,2,10,3,15,0,4,37,2,43,0,6,47,5,58,0,0,0,58
03/31/2007,PMD,CA,AWP,WE,Federal Contract Tower,0,0,4,1,5,0,0,16,1,17,0,0,20,2,22,0,0,0,22
04/01/2007,PMD,CA,AWP,WE,Federal Contract Tower,0,0,2,1,3,0,0,23,1,24,0,0,25,2,27,2,0,2,29
04/02/2007,PMD,CA,AWP,WE,Federal Contract Tower,0,0,9,10,19,0,0,21,12,33,0,0,30,22,52,4,6,10,62
04/03/2007,PMD,CA,AWP,WE,Federal Contract Tower,0,0,19,20,39,0,0,17,16,33,0,0,36,36,72,3,80,83,155
04/04/2007,PMD,CA,AWP,WE,Federal Contract Tower,0,0,20,15,35,0,0,14,13,27,0,0,34,28,62,0,68,68,130
04/05/2007,PMD,CA,AWP,WE,Federal Contract Tower,0,0,17,16,33,0,0,10,21,31,0,0,27,37,64,0,80,80,144
04/06/2007,PMD,CA,AWP,WE,Federal Contract Tower,0,1,5,8,14,0,1,19,8,28,0,2,24,16,42,0,6,6,48
04/07/2007,PMD,CA,AWP,WE,Federal Contract Tower,0,1,0,2,3,0,1,9,0,10,0,2,9,2,13,2,2,4,17
04/08/2007,PMD,CA,AWP,WE,Federal Contract Tower,0,0,0,0,0,0,0,4,0,4,0,0,4,0,4,4,0,4,8
04/09/2007,PMD,CA,AWP,WE,Federal Contract Tower,0,0,10,10,20,0,0,22,12,34,0,0,32,22,54,0,86,86,140
04/10/2007,PMD,CA,AWP,WE,Federal Contract Tower,0,0,23,33,56,0,0,9,27,36,0,0,32,60,92,14,78,92,184
04/11/2007,PMD,CA,AWP,WE,Federal Contract Tower,0,1,11,3,15,0,1,9,7,17,0,2,20,10,32,2,2,4,36
04/12/2007,PMD,CA,AWP,WE,Federal Contract Tower,0,0,14,1,15,0,0,3,1,4,0,0,17,2,19,0,0,0,19
04/13/2007,PMD,CA,AWP,WE,Federal Contract Tower,0,0,5,4,9,0,0,25,6,31,0,0,30,10,40,12,4,16,56
04/14/2007,PMD,CA,AWP,WE,Federal Contract Tower,0,0,6,5,11,0,0,11,9,20,0,0,17,14,31,0,22,22,53
04/15/2007,PMD,CA,AWP,WE,Federal Contract Tower,0,0,0,0,0,0,0,2,0,2,0,0,2,0,2,8,0,8,10
04/16/2007,PMD,CA,AWP,WE,Federal Contract Tower,0,0,14,13,27,0,0,22,7,29,0,0,36,20,56,12,62,74,130
04/17/2007,PMD,CA,AWP,WE,Federal Contract Tower,0,0,24,17,41,0,0,18,17,35,0,0,42,34,76,13,64,77,153
04/18/2007,PMD,CA,AWP,WE,Federal Contract Tower,0,0,12,5,17,0,0,35,4,39,0,0,47,9,56,0,6,6,62
04/19/2007,PMD,CA,AWP,WE,Federal Contract Tower,0,1,20,13,34,0,1,20,15,36,0,2,40,28,70,20,32,52,122
04/20/2007,PMD,CA,AWP,WE,Federal Contract Tower,0,2,9,3,14,0,0,11,5,16,0,2,20,8,30,2,36,38,68
04/21/2007,PMD,CA,AWP,WE,Federal Contract Tower,0,0,1,0,1,0,0,5,0,5,0,0,6,0,6,2,0,2,8
04/22/2007,PMD,CA,AWP,WE,Federal Contract Tower,0,0,0,1,1,0,0,2,1,3,0,0,2,2,4,10,0,10,14
04/23/2007,PMD,CA,AWP,WE,Federal Contract Tower,0,0,8,23,31,0,0,16,23,39,0,0,24,46,70,16,142,158,228
04/24/2007,PMD,CA,AWP,WE,Federal Contract Tower,0,0,15,20,35,0,0,39,42,81,0,0,54,62,116,2,12,14,130
04/25/2007,PMD,CA,AWP,WE,Federal Contract Tower,0,0,12,13,25,0,0,26,21,47,0,0,38,34,72,10,60,70,142
04/26/2007,PMD,CA,AWP,WE,Federal Contract Tower,0,0,15,11,26,0,0,19,8,27,0,0,34,19,53,4,12,16,69
04/27/2007,PMD,CA,AWP,WE,Federal Contract Tower,0,0,10,11,21,0,0,24,16,40,0,0,34,27,61,0,24,24,85
04/28/2007,PMD,CA,AWP,WE,Federal Contract Tower,0,0,8,2,10,0,0,16,0,16,0,0,24,2,26,0,6,6,32
04/29/2007,PMD,CA,AWP,WE,Federal Contract Tower,0,0,0,0,0,0,0,2,0,2,0,0,2,0,2,16,0,16,18
04/30/2007,PMD,CA,AWP,WE,Federal Contract Tower,0,0,11,4,15,0,0,7,10,17,0,0,18,14,32,16,56,72,104
05/01/2007,PMD,CA,AWP,WE,Federal Contract Tower,0,1,13,18,32,0,1,21,29,51,0,2,34,47,83,0,51,51,134
05/02/2007,PMD,CA,AWP,WE,Federal Contract Tower,0,2,11,19,32,0,2,29,33,64,0,4,40,52,96,0,79,79,175
05/03/2007,PMD,CA,AWP,WE,Federal Contract Tower,0,0,15,8,23,0,0,15,12,27,0,0,30,20,50,6,46,52,102
05/04/2007,PMD,CA,AWP,WE,Federal Contract Tower,0,0,3,6,9,0,0,16,6,22,0,0,19,12,31,0,2,2,33
05/05/2007,PMD,CA,AWP,WE,Federal Contract Tower,0,0,0,0,0,0,0,11,0,11,0,0,11,0,11,4,0,4,15
05/06/2007,PMD,CA,AWP,WE,Federal Contract Tower,0,0,1,0,1,0,0,17,0,17,0,0,18,0,18,6,0,6,24
05/07/2007,PMD,CA,AWP,WE,Federal Contract Tower,0,0,11,7,18,0,0,23,17,40,0,0,34,24,58,10,54,64,122
05/08/2007,PMD,CA,AWP,WE,Federal Contract Tower,0,2,15,30,47,0,2,23,26,51,0,4,38,56,98,0,100,100,198
05/09/2007,PMD,CA,AWP,WE,Federal Contract Tower,0,0,17,13,30,0,0,17,29,46,0,0,34,42,76,14,36,50,126
05/10/2007,PMD,CA,AWP,WE,Federal Contract Tower,0,0,27,16,43,0,0,14,22,36,0,0,41,38,79,10,76,86,165
05/11/2007,PMD,CA,AWP,WE,Federal Contract Tower,0,0,7,7,14,0,0,24,11,35,0,0,31,18,49,0,18,18,67
05/12/2007,PMD,CA,AWP,WE,Federal Contract Tower,0,0,6,0,6,0,0,17,0,17,0,0,23,0,23,0,0,0,23
05/13/2007,PMD,CA,AWP,WE,Federal Contract Tower,0,0,0,0,0,0,0,20,0,20,0,0,20,0,20,16,0,16,36
05/14/2007,PMD,CA,AWP,WE,Federal Contract Tower,0,0,14,33,47,0,0,40,49,89,0,0,54,82,136,22,156,178,314
05/15/2007,PMD,CA,AWP,WE,Federal Contract Tower,0,1,24,21,46,0,1,10,5,16,0,2,34,26,62,24,100,124,186
05/16/2007,PMD,CA,AWP,WE,Federal Contract Tower,0,0,29,24,53,0,0,43,40,83,0,0,72,64,136,28,80,108,244
05/17/2007,PMD,CA,AWP,WE,Federal Contract Tower,0,0,19,18,37,0,0,80,18,98,0,0,99,36,135,8,44,52,187
05/18/2007,PMD,CA,AWP,WE,Federal Contract Tower,0,0,4,14,18,0,0,14,21,35,0,0,18,35,53,0,58,58,111
05/19/2007,PMD,CA,AWP,WE,Federal Contract Tower,0,0,13,0,13,0,0,5,0,5,0,0,18,0,18,66,0,66,84
05/20/2007,PMD,CA,AWP,WE,Federal Contract Tower,0,0,0,0,0,0,0,16,1,17,0,0,16,1,17,14,0,14,31
05/21/2007,PMD,CA,AWP,WE,Federal Contract Tower,0,2,20,15,37,0,0,10,27,37,0,2,30,42,74,22,69,91,165
05/22/2007,PMD,CA,AWP,WE,Federal Contract Tower,0,0,12,18,30,0,0,18,10,28,0,0,30,28,58,0,92,92,150
05/23/2007,PMD,CA,AWP,WE,Federal Contract Tower,0,0,21,19,40,0,0,22,22,44,0,0,43,41,84,16,72,88,172
05/24/2007,PMD,CA,AWP,WE,Federal Contract Tower,0,0,23,9,32,0,0,11,2,13,0,0,34,11,45,2,60,62,107
05/25/2007,PMD,CA,AWP,WE,Federal Contract Tower,0,0,4,2,6,0,0,15,1,16,0,0,19,3,22,0,26,26,48
05/26/2007,PMD,CA,AWP,WE,Federal Contract Tower,0,0,1,1,2,0,0,15,1,16,0,0,16,2,18,0,0,0,18
05/27/2007,PMD,CA,AWP,WE,Federal Contract Tower,0,0,2,0,2,0,0,6,2,8,0,0,8,2,10,14,0,14,24
05/28/2007,PMD,CA,AWP,WE,Federal Contract Tower,0,0,5,0,5,0,0,7,0,7,0,0,12,0,12,16,0,16,28
05/29/2007,PMD,CA,AWP,WE,Federal Contract Tower,0,4,28,12,44,0,4,36,11,51,0,8,64,23,95,22,12,34,129
05/30/2007,PMD,CA,AWP,WE,Federal Contract Tower,0,0,19,18,37,0,0,27,13,40,0,0,46,31,77,14,16,30,107
05/31/2007,PMD,CA,AWP,WE,Federal Contract Tower,0,0,15,31,46,0,0,17,12,29,0,0,32,43,75,0,134,134,209
06/01/2007,PMD,CA,AWP,WE,Federal Contract Tower,0,2,6,11,19,0,2,21,4,27,0,4,27,15,46,0,56,56,102
06/02/2007,PMD,CA,AWP,WE,Federal Contract Tower,0,2,8,1,11,0,2,21,3,26,0,4,29,4,37,0,12,12,49
06/03/2007,PMD,CA,AWP,WE,Federal Contract Tower,0,0,3,4,7,0,0,13,4,17,0,0,16,8,24,12,30,42,66
06/04/2007,PMD,CA,AWP,WE,Federal Contract Tower,0,0,19,4,23,0,0,9,8,17,0,0,28,12,40,22,42,64,104
06/05/2007,PMD,CA,AWP,WE,Federal Contract Tower,3,1,14,13,31,3,1,16,11,31,6,2,30,24,62,0,58,58,120
06/06/2007,PMD,CA,AWP,WE,Federal Contract Tower,1,0,12,14,27,7,0,12,16,35,8,0,24,30,62,8,56,64,126
06/07/2007,PMD,CA,AWP,WE,Federal Contract Tower,0,4,18,14,36,0,0,38,20,58,0,4,56,34,94,8,72,80,174
06/08/2007,PMD,CA,AWP,WE,Federal Contract Tower,0,4,9,20,33,0,0,32,19,51,0,4,41,39,84,4,42,46,130
06/09/2007,PMD,CA,AWP,WE,Federal Contract Tower,0,4,3,0,7,0,0,12,0,12,0,4,15,0,19,0,0,0,19
06/10/2007,PMD,CA,AWP,WE,Federal Contract Tower,0,4,2,2,8,0,0,20,10,30,0,4,22,12,38,10,0,10,48
06/11/2007,PMD,CA,AWP,WE,Federal Contract Tower,1,8,21,21,51,3,2,21,25,51,4,10,42,46,102,8,44,52,154
06/12/2007,PMD,CA,AWP,WE,Federal Contract Tower,0,4,26,14,44,0,0,9,22,31,0,4,35,36,75,6,70,76,151
06/13/2007,PMD,CA,AWP,WE,Federal Contract Tower,0,4,25,15,44,0,0,24,14,38,0,4,49,29,82,5,58,63,145
06/14/2007,PMD,CA,AWP,WE,Federal Contract Tower,0,5,22,9,36,0,1,28,4,33,0,6,50,13,69,2,28,30,99
06/15/2007,PMD,CA,AWP,WE,Federal Contract Tower,0,5,4,19,28,0,1,16,16,33,0,6,20,35,61,28,52,80,141
06/16/2007,PMD,CA,AWP,WE,Federal Contract Tower,0,6,0,0,6,0,2,12,0,14,0,8,12,0,20,0,0,0,20
06/17/2007,PMD,CA,AWP,WE,Federal Contract Tower,0,4,0,1,5,0,0,6,1,7,0,4,6,2,12,8,4,12,24
06/18/2007,PMD,CA,AWP,WE,Federal Contract Tower,1,4,13,11,29,3,0,7,21,31,4,4,20,32,60,14,8,22,82
06/19/2007,PMD,CA,AWP,WE,Federal Contract Tower,0,6,14,11,31,0,2,12,5,19,0,8,26,16,50,26,32,58,108
06/20/2007,PMD,CA,AWP,WE,Federal Contract Tower,0,4,15,8,27,0,0,15,14,29,0,4,30,22,56,4,36,40,96
06/21/2007,PMD,CA,AWP,WE,Federal Contract Tower,0,3,10,17,30,0,1,27,18,46,0,4,37,35,76,2,42,44,120
06/22/2007,PMD,CA,AWP,WE,Federal Contract Tower,0,4,7,5,16,0,0,28,7,35,0,4,35,12,51,0,40,40,91
06/23/2007,PMD,CA,AWP,WE,Federal Contract Tower,0,4,4,0,8,0,0,16,0,16,0,4,20,0,24,0,0,0,24
06/24/2007,PMD,CA,AWP,WE,Federal Contract Tower,0,4,1,0,5,0,0,13,0,13,0,4,14,0,18,12,0,12,30
06/25/2007,PMD,CA,AWP,WE,Federal Contract Tower,0,5,11,5,21,0,0,30,5,35,0,5,41,10,56,14,16,30,86
06/26/2007,PMD,CA,AWP,WE,Federal Contract Tower,0,5,8,10,23,0,1,16,6,23,0,6,24,16,46,0,12,12,58
06/27/2007,PMD,CA,AWP,WE,Federal Contract Tower,0,4,16,22,42,0,0,14,24,38,0,4,30,46,80,18,70,88,168
06/28/2007,PMD,CA,AWP,WE,Federal Contract Tower,0,4,13,13,30,0,0,32,15,47,0,4,45,28,77,0,26,26,103
06/29/2007,PMD,CA,AWP,WE,Federal Contract Tower,0,4,6,3,13,0,0,14,2,16,0,4,20,5,29,0,0,0,29
06/30/2007,PMD,CA,AWP,WE,Federal Contract Tower,0,4,5,0,9,0,0,16,0,16,0,4,21,0,25,0,0,0,25
07/01/2007,PMD,CA,AWP,WE,Federal Contract Tower,0,4,1,0,5,0,0,5,0,5,0,4,6,0,10,8,0,8,18
07/02/2007,PMD,CA,AWP,WE,Federal Contract Tower,0,4,8,2,14,0,0,8,10,18,0,4,16,12,32,14,30,44,76
07/03/2007,PMD,CA,AWP,WE,Federal Contract Tower,2,4,10,13,29,2,2,22,17,43,4,6,32,30,72,14,16,30,102
07/04/2007,PMD,CA,AWP,WE,Federal Contract Tower,0,4,1,0,5,0,0,9,2,11,0,4,10,2,16,0,0,0,16
07/05/2007,PMD,CA,AWP,WE,Federal Contract Tower,0,5,17,17,39,0,1,34,22,57,0,6,51,39,96,2,138,140,236
07/06/2007,PMD,CA,AWP,WE,Federal Contract Tower,2,4,8,9,23,2,0,25,15,42,4,4,33,24,65,22,22,44,109
07/07/2007,PMD,CA,AWP,WE,Federal Contract Tower,0,2,3,4,9,0,0,20,10,30,0,2,23,14,39,0,70,70,109
07/08/2007,PMD,CA,AWP,WE,Federal Contract Tower,0,4,0,0,4,0,0,4,4,8,0,4,4,4,12,10,28,38,50
07/09/2007,PMD,CA,AWP,WE,Federal Contract Tower,0,5,10,0,15,0,0,14,0,14,0,5,24,0,29,0,2,2,31
07/10/2007,PMD,CA,AWP,WE,Federal Contract Tower,1,2,13,20,36,3,0,35,16,54,4,2,48,36,90,2,64,66,156
07/11/2007,PMD,CA,AWP,WE,Federal Contract Tower,0,4,12,5,21,0,0,12,9,21,0,4,24,14,42,0,36,36,78
07/12/2007,PMD,CA,AWP,WE,Federal Contract Tower,0,4,13,15,32,0,0,27,7,34,0,4,40,22,66,0,100,100,166
07/13/2007,PMD,CA,AWP,WE,Federal Contract Tower,0,5,6,4,15,0,1,26,10,37,0,6,32,14,52,6,82,88,140
07/14/2007,PMD,CA,AWP,WE,Federal Contract Tower,0,4,2,0,6,0,0,0,0,0,0,4,2,0,6,2,0,2,8
07/15/2007,PMD,CA,AWP,WE,Federal Contract Tower,0,4,0,0,4,0,0,8,0,8,0,4,8,0,12,12,0,12,24
07/16/2007,PMD,CA,AWP,WE,Federal Contract Tower,0,4,11,9,24,0,0,11,15,26,0,4,22,24,50,6,80,86,136
07/17/2007,PMD,CA,AWP,WE,Federal Contract Tower,0,4,13,13,30,0,0,17,27,44,0,4,30,40,74,0,66,66,140
07/18/2007,PMD,CA,AWP,WE,Federal Contract Tower,0,4,11,18,33,0,0,7,2,9,0,4,18,20,42,11,50,61,103
07/19/2007,PMD,CA,AWP,WE,Federal Contract Tower,0,4,15,21,40,0,0,30,21,51,0,4,45,42,91,4,46,50,141
07/20/2007,PMD,CA,AWP,WE,Federal Contract Tower,0,4,5,7,16,0,0,23,11,34,0,4,28,18,50,2,6,8,58
07/21/2007,PMD,CA,AWP,WE,Federal Contract Tower,0,4,4,0,8,0,0,16,0,16,0,4,20,0,24,0,0,0,24
07/22/2007,PMD,CA,AWP,WE,Federal Contract Tower,0,4,1,0,5,0,0,7,0,7,0,4,8,0,12,0,0,0,12
07/23/2007,PMD,CA,AWP,WE,Federal Contract Tower,0,6,15,9,30,0,2,37,10,49,0,8,52,19,79,0,14,14,93
07/24/2007,PMD,CA,AWP,WE,Federal Contract Tower,0,4,15,28,47,0,0,25,34,59,0,4,40,62,106,24,76,100,206
07/25/2007,PMD,CA,AWP,WE,Federal Contract Tower,0,4,27,13,44,0,2,13,23,38,0,6,40,36,82,22,64,86,168
07/26/2007,PMD,CA,AWP,WE,Federal Contract Tower,0,2,19,16,37,0,0,35,28,63,0,2,54,44,100,0,72,72,172
07/27/2007,PMD,CA,AWP,WE,Federal Contract Tower,0,4,7,1,12,0,0,19,1,20,0,4,26,2,32,0,14,14,46
07/28/2007,PMD,CA,AWP,WE,Federal Contract Tower,0,4,0,0,4,0,0,11,0,11,0,4,11,0,15,0,0,0,15
07/29/2007,PMD,CA,AWP,WE,Federal Contract Tower,0,4,0,0,4,0,0,18,0,18,0,4,18,0,22,0,0,0,22
07/30/2007,PMD,CA,AWP,WE,Federal Contract Tower,0,4,16,12,32,0,0,14,10,24,0,4,30,22,56,8,88,96,152
07/31/2007,PMD,CA,AWP,WE,Federal Contract Tower,0,5,13,8,26,0,1,19,8,28,0,6,32,16,54,0,40,40,94
08/01/2007,PMD,CA,AWP,WE,Federal Contract Tower,0,4,18,20,42,0,0,13,15,28,0,4,31,35,70,2,54,56,126
08/02/2007,PMD,CA,AWP,WE,Federal Contract Tower,0,4,14,9,27,0,0,34,13,47,0,4,48,22,74,12,28,40,114
08/03/2007,PMD,CA,AWP,WE,Federal Contract Tower,0,4,10,7,21,0,0,18,10,28,0,4,28,17,49,0,16,16,65
08/04/2007,PMD,CA,AWP,WE,Federal Contract Tower,0,2,3,0,5,0,0,17,0,17,0,2,20,0,22,0,0,0,22
08/05/2007,PMD,CA,AWP,WE,Federal Contract Tower,0,4,5,7,16,0,0,15,9,24,0,4,20,16,40,0,50,50,90
08/06/2007,PMD,CA,AWP,WE,Federal Contract Tower,0,4,14,4,22,0,0,34,4,38,0,4,48,8,60,0,4,4,64
08/07/2007,PMD,CA,AWP,WE,Federal Contract Tower,0,4,15,19,38,0,0,41,9,50,0,4,56,28,88,0,34,34,122
08/08/2007,PMD,CA,AWP,WE,Federal Contract Tower,0,4,19,11,34,0,0,43,31,74,0,4,62,42,108,42,48,90,198
08/09/2007,PMD,CA,AWP,WE,Federal Contract Tower,0,4,10,10,24,0,0,23,9,32,0,4,33,19,56,2,80,82,138
08/10/2007,PMD,CA,AWP,WE,Federal Contract Tower,0,4,5,14,23,0,0,30,13,43,0,4,35,27,66,0,16,16,82
08/11/2007,PMD,CA,AWP,WE,Federal Contract Tower,0,4,0,0,4,0,0,14,2,16,0,4,14,2,20,0,0,0,20
08/12/2007,PMD,CA,AWP,WE,Federal Contract Tower,0,4,1,1,6,0,0,11,1,12,0,4,12,2,18,2,0,2,20
08/13/2007,PMD,CA,AWP,WE,Federal Contract Tower,0,4,12,8,24,0,0,11,14,25,0,4,23,22,49,37,22,59,108
08/14/2007,PMD,CA,AWP,WE,Federal Contract Tower,0,4,23,18,45,0,0,45,21,66,0,4,68,39,111,10,86,96,207
08/15/2007,PMD,CA,AWP,WE,Federal Contract Tower,0,1,26,12,39,0,0,28,25,53,0,1,54,37,92,6,42,48,140
08/16/2007,PMD,CA,AWP,WE,Federal Contract Tower,0,3,8,0,11,0,0,46,20,66,0,3,54,20,77,14,32,46,123
08/17/2007,PMD,CA,AWP,WE,Federal Contract Tower,0,4,2,0,6,0,0,33,21,54,0,4,35,21,60,8,32,40,100
08/18/2007,PMD,CA,AWP,WE,Federal Contract Tower,0,2,0,0,2,0,0,32,0,32,0,2,32,0,34,0,0,0,34
08/19/2007,PMD,CA,AWP,WE,Federal Contract Tower,0,4,1,0,5,0,0,8,0,8,0,4,9,0,13,0,0,0,13
08/20/2007,PMD,CA,AWP,WE,Federal Contract Tower,0,4,12,23,39,0,0,32,0,32,0,4,44,23,71,0,94,94,165
08/21/2007,PMD,CA,AWP,WE,Federal Contract Tower,0,2,17,32,51,0,0,32,18,50,0,2,49,50,101,6,66,72,173
08/22/2007,PMD,CA,AWP,WE,Federal Contract Tower,0,4,18,9,31,0,0,39,12,51,0,4,57,21,82,0,34,34,116
08/23/2007,PMD,CA,AWP,WE,Federal Contract Tower,0,4,21,21,46,0,0,42,34,76,0,4,63,55,122,0,44,44,166
08/24/2007,PMD,CA,AWP,WE,Federal Contract Tower,0,4,2,5,11,0,0,41,10,51,0,4,43,15,62,0,12,12,74
08/25/2007,PMD,CA,AWP,WE,Federal Contract Tower,0,2,13,0,15,0,0,13,0,13,0,2,26,0,28,0,0,0,28
08/26/2007,PMD,CA,AWP,WE,Federal Contract Tower,0,4,2,0,6,0,0,20,0,20,0,4,22,0,26,0,0,0,26
08/27/2007,PMD,CA,AWP,WE,Federal Contract Tower,0,4,16,7,27,0,0,9,0,9,0,4,25,7,36,0,36,36,72
08/28/2007,PMD,CA,AWP,WE,Federal Contract Tower,0,4,16,21,41,0,2,44,30,76,0,6,60,51,117,2,110,112,229
08/29/2007,PMD,CA,AWP,WE,Federal Contract Tower,0,4,24,5,33,0,0,51,31,82,0,4,75,36,115,0,72,72,187
08/30/2007,PMD,CA,AWP,WE,Federal Contract Tower,0,6,20,23,49,0,0,51,22,73,0,6,71,45,122,0,34,34,156
08/31/2007,PMD,CA,AWP,WE,Federal Contract Tower,0,4,3,2,9,0,0,37,2,39,0,4,40,4,48,0,18,18,66
09/01/2007,PMD,CA,AWP,WE,Federal Contract Tower,0,2,0,0,2,0,2,34,0,36,0,4,34,0,38,0,0,0,38
09/02/2007,PMD,CA,AWP,WE,Federal Contract Tower,0,4,0,0,4,0,0,12,4,16,0,4,12,4,20,0,0,0,20
09/03/2007,PMD,CA,AWP,WE,Federal Contract Tower,0,4,2,0,6,0,0,56,0,56,0,4,58,0,62,0,0,0,62
09/04/2007,PMD,CA,AWP,WE,Federal Contract Tower,0,2,23,12,37,0,0,31,24,55,0,2,54,36,92,16,8,24,116
09/05/2007,PMD,CA,AWP,WE,Federal Contract Tower,0,4,22,15,41,0,0,30,20,50,0,4,52,35,91,0,20,20,111
09/06/2007,PMD,CA,AWP,WE,Federal Contract Tower,3,4,16,12,35,6,2,46,12,66,9,6,62,24,101,0,10,10,111
09/07/2007,PMD,CA,AWP,WE,Federal Contract Tower,0,5,6,7,18,0,0,30,29,59,0,5,36,36,77,0,14,14,91
09/08/2007,PMD,CA,AWP,WE,Federal Contract Tower,0,3,0,0,3,0,0,20,2,22,0,3,20,2,25,0,0,0,25
09/09/2007,PMD,CA,AWP,WE,Federal Contract Tower,0,3,0,8,11,0,0,20,18,38,0,3,20,26,49,0,4,4,53
09/10/2007,PMD,CA,AWP,WE,Federal Contract Tower,0,8,15,17,40,0,0,27,12,39,0,8,42,29,79,0,30,30,109
09/11/2007,PMD,CA,AWP,WE,Federal Contract Tower,0,4,14,19,37,0,0,49,15,64,0,4,63,34,101,0,34,34,135
09/14/2007,PMD,CA,AWP,WE,Federal Contract Tower,0,4,5,17,26,0,0,34,24,58,0,4,39,41,84,2,10,12,96
09/15/2007,PMD,CA,AWP,WE,Federal Contract Tower,0,3,5,0,8,0,0,41,0,41,0,3,46,0,49,0,0,0,49
09/16/2007,PMD,CA,AWP,WE,Federal Contract Tower,0,3,3,0,6,0,0,32,0,32,0,3,35,0,38,0,0,0,38
09/17/2007,PMD,CA,AWP,WE,Federal Contract Tower,0,10,26,26,62,0,0,63,15,78,0,10,89,41,140,24,58,82,222
09/18/2007,PMD,CA,AWP,WE,Federal Contract Tower,0,5,26,27,58,0,2,33,46,81,0,7,59,73,139,2,52,54,193
09/20/2007,PMD,CA,AWP,WE,Federal Contract Tower,0,6,16,19,41,0,2,19,17,38,0,8,35,36,79,0,18,18,97
09/21/2007,PMD,CA,AWP,WE,Federal Contract Tower,0,3,20,9,32,0,0,63,37,100,0,3,83,46,132,8,4,12,144
09/22/2007,PMD,CA,AWP,WE,Federal Contract Tower,0,3,2,0,5,0,0,22,0,22,0,3,24,0,27,0,0,0,27
09/23/2007,PMD,CA,AWP,WE,Federal Contract Tower,0,3,6,0,9,0,0,12,0,12,0,3,18,0,21,0,0,0,21
09/24/2007,PMD,CA,AWP,WE,Federal Contract Tower,0,4,12,4,20,0,0,23,3,26,0,4,35,7,46,0,0,0,46
09/27/2007,PMD,CA,AWP,WE,Federal Contract Tower,0,7,17,4,28,0,0,41,8,49,0,7,58,12,77,0,48,48,125
09/28/2007,PMD,CA,AWP,WE,Federal Contract Tower,0,4,6,13,23,0,2,44,18,64,0,6,50,31,87,0,14,14,101
09/29/2007,PMD,CA,AWP,WE,Federal Contract Tower,0,3,12,0,15,0,0,20,0,20,0,3,32,0,35,0,0,0,35
09/30/2007,PMD,CA,AWP,WE,Federal Contract Tower,0,3,9,0,12,0,0,19,0,19,0,3,28,0,31,0,0,0,31
10/01/2007,PMD,CA,AWP,WE,Federal Contract Tower,0,5,10,12,27,0,0,53,2,55,0,5,63,14,82,0,10,10,92
10/02/2007,PMD,CA,AWP,WE,Federal Contract Tower,0,8,17,30,55,0,5,24,10,39,0,13,41,40,94,4,52,56,150
10/03/2007,PMD,CA,AWP,WE,Federal Contract Tower,0,9,17,8,34,0,5,34,8,47,0,14,51,16,81,0,4,4,85
10/04/2007,PMD,CA,AWP,WE,Federal Contract Tower,0,4,10,8,22,0,1,26,18,45,0,5,36,26,67,0,32,32,99
10/05/2007,PMD,CA,AWP,WE,Federal Contract Tower,0,4,3,4,11,0,1,15,19,35,0,5,18,23,46,0,22,22,68
10/06/2007,PMD,CA,AWP,WE,Federal Contract Tower,0,3,8,0,11,0,1,22,0,23,0,4,30,0,34,0,0,0,34
10/07/2007,PMD,CA,AWP,WE,Federal Contract Tower,0,3,4,3,10,0,0,24,0,24,0,3,28,3,34,0,0,0,34
10/08/2007,PMD,CA,AWP,WE,Federal Contract Tower,0,4,11,3,18,0,0,37,0,37,0,4,48,3,55,0,4,4,59
10/09/2007,PMD,CA,AWP,WE,Federal Contract Tower,0,5,13,13,31,0,3,37,6,46,0,8,50,19,77,16,32,48,125
10/10/2007,PMD,CA,AWP,WE,Federal Contract Tower,0,4,26,12,42,0,1,21,15,37,0,5,47,27,79,6,26,32,111
10/11/2007,PMD,CA,AWP,WE,Federal Contract Tower,0,4,5,10,19,0,0,36,25,61,0,4,41,35,80,0,88,88,168
10/12/2007,PMD,CA,AWP,WE,Federal Contract Tower,0,5,7,5,17,0,1,67,16,84,0,6,74,21,101,0,40,40,141
10/13/2007,PMD,CA,AWP,WE,Federal Contract Tower,0,5,0,0,5,0,0,14,2,16,0,5,14,2,21,0,6,6,27
10/14/2007,PMD,CA,AWP,WE,Federal Contract Tower,0,2,2,0,4,0,0,26,0,26,0,2,28,0,30,0,0,0,30
10/15/2007,PMD,CA,AWP,WE,Federal Contract Tower,0,4,31,12,47,0,0,20,4,24,0,4,51,16,71,16,48,64,135
10/16/2007,PMD,CA,AWP,WE,Federal Contract Tower,0,4,11,10,25,0,1,36,22,59,0,5,47,32,84,0,40,40,124
10/17/2007,PMD,CA,AWP,WE,Federal Contract Tower,0,4,19,18,41,0,1,34,22,57,0,5,53,40,98,8,20,28,126
10/18/2007,PMD,CA,AWP,WE,Federal Contract Tower,0,3,8,12,23,0,0,39,35,74,0,3,47,47,97,0,46,46,143
10/19/2007,PMD,CA,AWP,WE,Federal Contract Tower,0,3,1,11,15,0,0,31,10,41,0,3,32,21,56,0,30,30,86
10/20/2007,PMD,CA,AWP,WE,Federal Contract Tower,0,3,3,6,12,0,0,19,0,19,0,3,22,6,31,0,0,0,31
10/21/2007,PMD,CA,AWP,WE,Federal Contract Tower,0,3,0,0,3,0,0,14,0,14,0,3,14,0,17,0,0,0,17
10/22/2007,PMD,CA,AWP,WE,Federal Contract Tower,0,4,8,7,19,0,0,41,1,42,0,4,49,8,61,0,2,2,63
10/23/2007,PMD,CA,AWP,WE,Federal Contract Tower,0,4,2,7,13,0,0,85,12,97,0,4,87,19,110,0,6,6,116
10/24/2007,PMD,CA,AWP,WE,Federal Contract Tower,0,6,13,17,36,0,1,77,23,101,0,7,90,40,137,6,30,36,173
10/25/2007,PMD,CA,AWP,WE,Federal Contract Tower,0,5,16,4,25,0,2,45,29,76,0,7,61,33,101,20,22,42,143
10/26/2007,PMD,CA,AWP,WE,Federal Contract Tower,0,5,9,1,15,0,1,53,4,58,0,6,62,5,73,0,50,50,123
10/27/2007,PMD,CA,AWP,WE,Federal Contract Tower,0,3,2,0,5,0,0,30,0,30,0,3,32,0,35,0,0,0,35
10/28/2007,PMD,CA,AWP,WE,Federal Contract Tower,0,2,6,0,8,0,0,60,0,60,0,2,66,0,68,0,0,0,68
10/29/2007,PMD,CA,AWP,WE,Federal Contract Tower,0,3,14,53,70,0,1,53,21,75,0,4,67,74,145,10,136,146,291
10/30/2007,PMD,CA,AWP,WE,Federal Contract Tower,0,9,17,37,63,0,0,10,10,20,0,9,27,47,83,24,92,116,199
10/31/2007,PMD,CA,AWP,WE,Federal Contract Tower,0,8,35,50,93,0,3,46,36,85,0,11,81,86,178,2,59,61,239
11/01/2007,PMD,CA,AWP,WE,Federal Contract Tower,6,4,23,23,56,0,1,54,25,80,6,5,77,48,136,2,33,35,171
11/02/2007,PMD,CA,AWP,WE,Federal Contract Tower,0,4,7,11,22,0,0,36,6,42,0,4,43,17,64,0,6,6,70
11/03/2007,PMD,CA,AWP,WE,Federal Contract Tower,0,3,11,7,21,0,0,20,4,24,0,3,31,11,45,0,6,6,51
11/04/2007,PMD,CA,AWP,WE,Federal Contract Tower,0,3,0,2,5,0,0,42,0,42,0,3,42,2,47,0,0,0,47
11/05/2007,PMD,CA,AWP,WE,Federal Contract Tower,0,4,19,21,44,0,2,25,5,32,0,6,44,26,76,0,32,32,108
11/06/2007,PMD,CA,AWP,WE,Federal Contract Tower,0,7,32,22,61,0,0,4,1,5,0,7,36,23,66,0,44,44,110
11/07/2007,PMD,CA,AWP,WE,Federal Contract Tower,0,4,21,17,42,0,0,31,6,37,0,4,52,23,79,0,56,56,135
11/08/2007,PMD,CA,AWP,WE,Federal Contract Tower,0,7,17,42,66,0,1,37,21,59,0,8,54,63,125,4,138,142,267
11/09/2007,PMD,CA,AWP,WE,Federal Contract Tower,0,4,7,20,31,0,1,11,0,12,0,5,18,20,43,0,0,0,43
11/10/2007,PMD,CA,AWP,WE,Federal Contract Tower,0,3,10,0,13,0,0,2,0,2,0,3,12,0,15,0,0,0,15
11/11/2007,PMD,CA,AWP,WE,Federal Contract Tower,0,3,8,0,11,0,0,6,0,6,0,3,14,0,17,0,0,0,17
11/12/2007,PMD,CA,AWP,WE,Federal Contract Tower,0,4,30,1,35,0,0,13,0,13,0,4,43,1,48,0,0,0,48
11/13/2007,PMD,CA,AWP,WE,Federal Contract Tower,0,8,49,24,81,0,0,25,3,28,0,8,74,27,109,28,48,76,185
11/14/2007,PMD,CA,AWP,WE,Federal Contract Tower,0,4,35,40,79,0,0,15,6,21,0,4,50,46,100,0,61,61,161
11/15/2007,PMD,CA,AWP,WE,Federal Contract Tower,0,4,27,13,44,0,0,24,18,42,0,4,51,31,86,0,48,48,134
11/16/2007,PMD,CA,AWP,WE,Federal Contract Tower,0,6,21,18,45,0,0,14,13,27,0,6,35,31,72,10,16,26,98
11/17/2007,PMD,CA,AWP,WE,Federal Contract Tower,0,3,18,0,21,0,0,8,0,8,0,3,26,0,29,0,0,0,29
11/18/2007,PMD,CA,AWP,WE,Federal Contract Tower,0,3,2,11,16,0,0,9,1,10,0,3,11,12,26,0,10,10,36
11/19/2007,PMD,CA,AWP,WE,Federal Contract Tower,0,7,25,31,63,0,0,9,14,23,0,7,34,45,86,0,71,71,157
11/20/2007,PMD,CA,AWP,WE,Federal Contract Tower,0,2,19,15,36,6,2,16,17,41,6,4,35,32,77,4,54,58,135
11/21/2007,PMD,CA,AWP,WE,Federal Contract Tower,0,6,22,10,38,0,0,8,2,10,0,6,30,12,48,0,4,4,52
11/22/2007,PMD,CA,AWP,WE,Federal Contract Tower,0,3,0,0,3,0,0,5,0,5,0,3,5,0,8,0,0,0,8
11/23/2007,PMD,CA,AWP,WE,Federal Contract Tower,0,6,0,0,6,0,0,6,0,6,0,6,6,0,12,0,0,0,12
11/24/2007,PMD,CA,AWP,WE,Federal Contract Tower,0,5,2,0,7,0,0,0,0,0,0,5,2,0,7,0,0,0,7
11/25/2007,PMD,CA,AWP,WE,Federal Contract Tower,0,4,4,2,10,0,0,2,0,2,0,4,6,2,12,4,4,8,20
11/26/2007,PMD,CA,AWP,WE,Federal Contract Tower,0,4,14,37,55,0,1,11,6,18,0,5,25,43,73,0,53,53,126
11/27/2007,PMD,CA,AWP,WE,Federal Contract Tower,0,4,28,27,59,0,0,11,12,23,0,4,39,39,82,0,30,30,112
11/28/2007,PMD,CA,AWP,WE,Federal Contract Tower,0,4,35,24,63,0,0,4,4,8,0,4,39,28,71,0,81,81,152
11/29/2007,PMD,CA,AWP,WE,Federal Contract Tower,0,3,37,19,59,0,0,21,4,25,0,3,58,23,84,16,20,36,120
11/30/2007,PMD,CA,AWP,WE,Federal Contract Tower,0,4,18,20,42,0,0,1,0,1,0,4,19,20,43,24,2,26,69
12/01/2007,PMD,CA,AWP,WE,Federal Contract Tower,0,3,8,6,17,0,0,0,4,4,0,3,8,10,21,0,4,4,25
12/02/2007,PMD,CA,AWP,WE,Federal Contract Tower,0,1,16,0,17,0,1,12,0,13,0,2,28,0,30,0,0,0,30
12/03/2007,PMD,CA,AWP,WE,Federal Contract Tower,1,4,20,25,50,0,0,8,15,23,1,4,28,40,73,0,71,71,144
12/04/2007,PMD,CA,AWP,WE,Federal Contract Tower,0,4,19,15,38,0,0,21,4,25,0,4,40,19,63,4,24,28,91
12/05/2007,PMD,CA,AWP,WE,Federal Contract Tower,0,3,18,5,26,0,1,9,5,15,0,4,27,10,41,0,0,0,41
12/06/2007,PMD,CA,AWP,WE,Federal Contract Tower,0,4,13,27,44,0,1,9,0,10,0,5,22,27,54,0,63,63,117
12/07/2007,PMD,CA,AWP,WE,Federal Contract Tower,0,4,7,0,11,0,0,10,0,10,0,4,17,0,21,0,0,0,21
12/08/2007,PMD,CA,AWP,WE,Federal Contract Tower,0,7,18,2,27,0,0,1,0,1,0,7,19,2,28,0,0,0,28
12/09/2007,PMD,CA,AWP,WE,Federal Contract Tower,0,2,1,6,9,0,0,5,9,14,0,2,6,15,23,0,0,0,23
12/10/2007,PMD,CA,AWP,WE,Federal Contract Tower,0,4,23,27,54,0,0,0,24,24,0,4,23,51,78,0,22,22,100
12/11/2007,PMD,CA,AWP,WE,Federal Contract Tower,0,4,25,18,47,0,0,21,2,23,0,4,46,20,70,0,28,28,98
12/12/2007,PMD,CA,AWP,WE,Federal Contract Tower,0,4,16,24,44,0,0,12,5,17,0,4,28,29,61,0,52,52,113
12/13/2007,PMD,CA,AWP,WE,Federal Contract Tower,0,5,24,32,61,0,0,10,3,13,0,5,34,35,74,0,34,34,108
12/14/2007,PMD,CA,AWP,WE,Federal Contract Tower,0,5,14,24,43,0,0,15,12,27,0,5,29,36,70,0,54,54,124
12/15/2007,PMD,CA,AWP,WE,Federal Contract Tower,0,3,4,0,7,0,0,24,0,24,0,3,28,0,31,0,18,18,49
12/16/2007,PMD,CA,AWP,WE,Federal Contract Tower,0,3,14,0,17,0,0,5,0,5,0,3,19,0,22,0,0,0,22
12/17/2007,PMD,CA,AWP,WE,Federal Contract Tower,0,5,17,54,76,0,0,4,8,12,0,5,21,62,88,0,86,86,174
12/18/2007,PMD,CA,AWP,WE,Federal Contract Tower,6,4,27,37,74,0,1,7,4,12,6,5,34,41,86,0,26,26,112
12/19/2007,PMD,CA,AWP,WE,Federal Contract Tower,0,4,26,38,68,0,0,6,2,8,0,4,32,40,76,0,99,99,175
12/20/2007,PMD,CA,AWP,WE,Federal Contract Tower,0,4,17,26,47,0,0,8,0,8,0,4,25,26,55,0,54,54,109
12/21/2007,PMD,CA,AWP,WE,Federal Contract Tower,0,3,12,10,25,0,5,9,10,24,0,8,21,20,49,4,30,34,83
12/22/2007,PMD,CA,AWP,WE,Federal Contract Tower,0,3,3,0,6,0,0,6,0,6,0,3,9,0,12,0,0,0,12
12/23/2007,PMD,CA,AWP,WE,Federal Contract Tower,0,3,1,0,4,0,0,6,0,6,0,3,7,0,10,0,0,0,10
12/24/2007,PMD,CA,AWP,WE,Federal Contract Tower,0,3,4,0,7,0,0,1,0,1,0,3,5,0,8,0,0,0,8
12/25/2007,PMD,CA,AWP,WE,Federal Contract Tower,0,3,0,0,3,0,0,2,0,2,0,3,2,0,5,0,0,0,5
12/26/2007,PMD,CA,AWP,WE,Federal Contract Tower,0,4,0,0,4,0,0,5,0,5,0,4,5,0,9,0,0,0,9
12/27/2007,PMD,CA,AWP,WE,Federal Contract Tower,0,4,0,0,4,0,0,3,0,3,0,4,3,0,7,0,0,0,7
12/28/2007,PMD,CA,AWP,WE,Federal Contract Tower,0,4,0,18,22,0,0,9,6,15,0,4,9,24,37,0,12,12,49
12/29/2007,PMD,CA,AWP,WE,Federal Contract Tower,0,4,16,0,20,0,0,2,0,2,0,4,18,0,22,0,0,0,22
12/30/2007,PMD,CA,AWP,WE,Federal Contract Tower,0,3,0,0,3,0,0,8,0,8,0,3,8,0,11,0,0,0,11
12/31/2007,PMD,CA,AWP,WE,Federal Contract Tower,0,4,3,0,7,0,0,5,0,5,0,4,8,0,12,0,0,0,12
01/01/2008,PMD,CA,AWP,WE,Federal Contract Tower,0,3,0,0,3,0,0,3,0,3,0,3,3,0,6,0,0,0,6
01/02/2008,PMD,CA,AWP,WE,Federal Contract Tower,0,6,12,10,28,0,0,12,0,12,0,6,24,10,40,0,0,0,40
01/03/2008,PMD,CA,AWP,WE,Federal Contract Tower,0,4,20,31,55,0,0,11,13,24,0,4,31,44,79,4,82,86,165
01/04/2008,PMD,CA,AWP,WE,Federal Contract Tower,0,4,6,40,50,0,0,3,2,5,0,4,9,42,55,0,24,24,79
01/05/2008,PMD,CA,AWP,WE,Federal Contract Tower,0,2,1,0,3,0,1,7,8,16,0,3,8,8,19,0,0,0,19
01/06/2008,PMD,CA,AWP,WE,Federal Contract Tower,0,3,3,6,12,0,0,0,6,6,0,3,3,12,18,0,6,6,24
01/07/2008,PMD,CA,AWP,WE,Federal Contract Tower,0,4,8,6,18,0,0,22,2,24,0,4,30,8,42,0,14,14,56
01/08/2008,PMD,CA,AWP,WE,Federal Contract Tower,0,4,38,20,62,0,0,0,49,49,0,4,38,69,111,0,134,134,245
01/09/2008,PMD,CA,AWP,WE,Federal Contract Tower,0,8,17,15,40,0,0,30,5,35,0,8,47,20,75,30,32,62,137
01/10/2008,PMD,CA,AWP,WE,Federal Contract Tower,0,4,22,20,46,0,0,27,12,39,0,4,49,32,85,50,96,146,231
01/11/2008,PMD,CA,AWP,WE,Federal Contract Tower,0,6,34,8,48,0,0,7,0,7,0,6,41,8,55,25,2,27,82
01/12/2008,PMD,CA,AWP,WE,Federal Contract Tower,0,3,4,8,15,0,0,15,0,15,0,3,19,8,30,20,10,30,60
01/13/2008,PMD,CA,AWP,WE,Federal Contract Tower,0,3,7,0,10,0,0,15,0,15,0,3,22,0,25,8,0,8,33
01/14/2008,PMD,CA,AWP,WE,Federal Contract Tower,0,3,15,29,47,0,0,19,2,21,0,3,34,31,68,17,30,47,115
01/15/2008,PMD,CA,AWP,WE,Federal Contract Tower,0,5,7,34,46,0,1,24,5,30,0,6,31,39,76,0,71,71,147
01/16/2008,PMD,CA,AWP,WE,Federal Contract Tower,0,4,22,25,51,0,0,20,0,20,0,4,42,25,71,40,24,64,135
01/17/2008,PMD,CA,AWP,WE,Federal Contract Tower,0,6,18,18,42,0,0,24,14,38,0,6,42,32,80,18,40,58,138
01/18/2008,PMD,CA,AWP,WE,Federal Contract Tower,0,4,18,7,29,0,0,21,2,23,0,4,39,9,52,4,2,6,58
01/19/2008,PMD,CA,AWP,WE,Federal Contract Tower,0,3,6,0,9,0,0,10,0,10,0,3,16,0,19,0,0,0,19
01/20/2008,PMD,CA,AWP,WE,Federal Contract Tower,0,3,1,0,4,0,0,3,0,3,0,3,4,0,7,0,0,0,7
01/21/2008,PMD,CA,AWP,WE,Federal Contract Tower,0,4,34,0,38,0,0,7,0,7,0,4,41,0,45,0,0,0,45
01/22/2008,PMD,CA,AWP,WE,Federal Contract Tower,0,4,38,14,56,0,0,13,3,16,0,4,51,17,72,33,6,39,111
01/23/2008,PMD,CA,AWP,WE,Federal Contract Tower,0,4,33,27,64,0,0,5,0,5,0,4,38,27,69,0,35,35,104
01/24/2008,PMD,CA,AWP,WE,Federal Contract Tower,0,3,21,41,65,0,0,8,5,13,0,3,29,46,78,0,52,52,130
01/25/2008,PMD,CA,AWP,WE,Federal Contract Tower,0,2,3,14,19,0,0,3,3,6,0,2,6,17,25,0,2,2,27
01/26/2008,PMD,CA,AWP,WE,Federal Contract Tower,0,1,10,1,12,0,0,12,3,15,0,1,22,4,27,0,0,0,27
01/27/2008,PMD,CA,AWP,WE,Federal Contract Tower,0,4,0,0,4,0,0,4,0,4,0,4,4,0,8,0,0,0,8
01/28/2008,PMD,CA,AWP,WE,Federal Contract Tower,0,3,12,36,51,0,0,9,4,13,0,3,21,40,64,6,58,64,128
01/29/2008,PMD,CA,AWP,WE,Federal Contract Tower,0,5,25,47,77,0,0,24,2,26,0,5,49,49,103,0,64,64,167
01/30/2008,PMD,CA,AWP,WE,Federal Contract Tower,2,6,15,9,32,0,0,21,19,40,2,6,36,28,72,0,16,16,88
01/31/2008,PMD,CA,AWP,WE,Federal Contract Tower,0,4,17,50,71,0,0,16,5,21,0,4,33,55,92,0,73,73,165
02/01/2008,PMD,CA,AWP,WE,Federal Contract Tower,0,8,5,12,25,0,0,22,0,22,0,8,27,12,47,0,0,0,47
02/02/2008,PMD,CA,AWP,WE,Federal Contract Tower,0,3,8,28,39,0,0,13,6,19,0,3,21,34,58,0,32,32,90
02/03/2008,PMD,CA,AWP,WE,Federal Contract Tower,0,3,0,0,3,0,0,8,0,8,0,3,8,0,11,0,0,0,11
02/04/2008,PMD,CA,AWP,WE,Federal Contract Tower,0,7,18,23,48,0,0,17,0,17,0,7,35,23,65,0,4,4,69
02/05/2008,PMD,CA,AWP,WE,Federal Contract Tower,0,4,35,38,77,0,0,20,0,20,0,4,55,38,97,4,106,110,207
02/06/2008,PMD,CA,AWP,WE,Federal Contract Tower,0,4,28,40,72,0,0,29,8,37,0,4,57,48,109,15,73,88,197
02/07/2008,PMD,CA,AWP,WE,Federal Contract Tower,0,4,27,32,63,0,2,22,6,30,0,6,49,38,93,0,62,62,155
02/08/2008,PMD,CA,AWP,WE,Federal Contract Tower,0,4,19,15,38,0,0,15,1,16,0,4,34,16,54,0,29,29,83
02/09/2008,PMD,CA,AWP,WE,Federal Contract Tower,0,3,10,1,14,0,0,16,0,16,0,3,26,1,30,0,0,0,30
02/10/2008,PMD,CA,AWP,WE,Federal Contract Tower,0,3,6,4,13,0,0,1,0,1,0,3,7,4,14,0,0,0,14
02/11/2008,PMD,CA,AWP,WE,Federal Contract Tower,0,5,31,20,56,0,0,14,6,20,0,5,45,26,76,0,48,48,124
02/12/2008,PMD,CA,AWP,WE,Federal Contract Tower,0,4,22,39,65,0,0,19,3,22,0,4,41,42,87,8,126,134,221
02/13/2008,PMD,CA,AWP,WE,Federal Contract Tower,0,4,16,29,49,0,0,11,4,15,0,4,27,33,64,0,82,82,146
02/14/2008,PMD,CA,AWP,WE,Federal Contract Tower,0,4,19,26,49,0,0,10,4,14,0,4,29,30,63,0,25,25,88
02/15/2008,PMD,CA,AWP,WE,Federal Contract Tower,0,3,7,4,14,0,0,10,16,26,0,3,17,20,40,0,0,0,40
02/16/2008,PMD,CA,AWP,WE,Federal Contract Tower,0,3,0,0,3,0,0,9,0,9,0,3,9,0,12,0,0,0,12
02/17/2008,PMD,CA,AWP,WE,Federal Contract Tower,0,3,2,2,7,0,0,4,49,53,0,3,6,51,60,0,0,0,60
02/18/2008,PMD,CA,AWP,WE,Federal Contract Tower,0,4,24,1,29,0,0,9,0,9,0,4,33,1,38,0,0,0,38
02/19/2008,PMD,CA,AWP,WE,Federal Contract Tower,0,4,31,24,59,0,0,14,2,16,0,4,45,26,75,0,30,30,105
02/20/2008,PMD,CA,AWP,WE,Federal Contract Tower,0,4,23,25,52,0,0,19,0,19,0,4,42,25,71,0,54,54,125
02/21/2008,PMD,CA,AWP,WE,Federal Contract Tower,0,4,32,25,61,0,0,0,8,8,0,4,32,33,69,4,42,46,115
02/22/2008,PMD,CA,AWP,WE,Federal Contract Tower,0,4,6,26,36,0,0,2,2,4,0,4,8,28,40,0,29,29,69
02/23/2008,PMD,CA,AWP,WE,Federal Contract Tower,0,3,2,0,5,0,0,14,0,14,0,3,16,0,19,0,0,0,19
02/24/2008,PMD,CA,AWP,WE,Federal Contract Tower,0,3,2,0,5,0,0,2,0,2,0,3,4,0,7,0,0,0,7
02/25/2008,PMD,CA,AWP,WE,Federal Contract Tower,0,4,24,8,36,0,0,15,4,19,0,4,39,12,55,4,10,14,69
02/26/2008,PMD,CA,AWP,WE,Federal Contract Tower,0,4,15,22,41,0,0,19,3,22,0,4,34,25,63,0,48,48,111
02/27/2008,PMD,CA,AWP,WE,Federal Contract Tower,0,4,22,10,36,0,0,11,2,13,0,4,33,12,49,2,76,78,127
02/28/2008,PMD,CA,AWP,WE,Federal Contract Tower,0,4,16,14,34,0,0,15,5,20,0,4,31,19,54,34,86,120,174
02/29/2008,PMD,CA,AWP,WE,Federal Contract Tower,0,4,27,6,37,0,0,13,0,13,0,4,40,6,50,21,56,77,127
03/01/2008,PMD,CA,AWP,WE,Federal Contract Tower,0,3,0,0,3,0,0,6,0,6,0,3,6,0,9,0,0,0,9
03/02/2008,PMD,CA,AWP,WE,Federal Contract Tower,0,3,1,0,4,0,0,8,0,8,0,3,9,0,12,0,0,0,12
03/03/2008,PMD,CA,AWP,WE,Federal Contract Tower,0,6,25,6,37,0,1,21,7,29,0,7,46,13,66,0,20,20,86
03/04/2008,PMD,CA,AWP,WE,Federal Contract Tower,0,4,17,31,52,0,0,25,65,90,0,4,42,96,142,8,58,66,208
03/05/2008,PMD,CA,AWP,WE,Federal Contract Tower,0,4,17,20,41,0,0,20,4,24,0,4,37,24,65,0,36,36,101
03/06/2008,PMD,CA,AWP,WE,Federal Contract Tower,0,4,19,24,47,0,0,14,2,16,0,4,33,26,63,0,98,98,161
03/07/2008,PMD,CA,AWP,WE,Federal Contract Tower,0,6,21,0,27,0,0,1,2,3,0,6,22,2,30,0,6,6,36
03/08/2008,PMD,CA,AWP,WE,Federal Contract Tower,0,3,4,0,7,0,0,13,0,13,0,3,17,0,20,0,0,0,20
03/09/2008,PMD,CA,AWP,WE,Federal Contract Tower,0,3,6,0,9,0,0,2,0,2,0,3,8,0,11,0,0,0,11
03/10/2008,PMD,CA,AWP,WE,Federal Contract Tower,0,4,22,2,28,0,0,19,2,21,0,4,41,4,49,0,0,0,49
03/11/2008,PMD,CA,AWP,WE,Federal Contract Tower,0,4,11,12,27,0,0,20,8,28,0,4,31,20,55,0,50,50,105
03/12/2008,PMD,CA,AWP,WE,Federal Contract Tower,0,4,12,7,23,0,0,15,3,18,0,4,27,10,41,24,26,50,91
03/13/2008,PMD,CA,AWP,WE,Federal Contract Tower,0,4,26,15,45,0,0,2,16,18,0,4,28,31,63,0,15,15,78
03/14/2008,PMD,CA,AWP,WE,Federal Contract Tower,0,4,5,6,15,0,0,7,1,8,0,4,12,7,23,0,0,0,23
03/15/2008,PMD,CA,AWP,WE,Federal Contract Tower,0,3,8,0,11,0,0,14,0,14,0,3,22,0,25,0,0,0,25
03/16/2008,PMD,CA,AWP,WE,Federal Contract Tower,0,3,0,0,3,0,0,0,0,0,0,3,0,0,3,0,0,0,3
03/17/2008,PMD,CA,AWP,WE,Federal Contract Tower,0,7,12,14,33,0,1,18,6,25,0,8,30,20,58,0,1,1,59
03/18/2008,PMD,CA,AWP,WE,Federal Contract Tower,0,4,29,41,74,0,0,36,1,37,0,4,65,42,111,6,70,76,187
03/19/2008,PMD,CA,AWP,WE,Federal Contract Tower,0,4,12,22,38,0,1,17,2,20,0,5,29,24,58,0,37,37,95
03/20/2008,PMD,CA,AWP,WE,Federal Contract Tower,0,4,16,31,51,0,0,18,2,20,0,4,34,33,71,0,0,0,71
03/21/2008,PMD,CA,AWP,WE,Federal Contract Tower,0,4,7,6,17,0,0,8,0,8,0,4,15,6,25,0,8,8,33
03/22/2008,PMD,CA,AWP,WE,Federal Contract Tower,0,3,6,0,9,0,0,6,0,6,0,3,12,0,15,0,0,0,15
03/23/2008,PMD,CA,AWP,WE,Federal Contract Tower,0,3,2,0,5,0,0,4,0,4,0,3,6,0,9,0,0,0,9
03/24/2008,PMD,CA,AWP,WE,Federal Contract Tower,0,12,20,4,36,0,0,9,14,23,0,12,29,18,59,16,26,42,101
03/25/2008,PMD,CA,AWP,WE,Federal Contract Tower,0,3,15,44,62,0,0,22,10,32,0,3,37,54,94,0,84,84,178
03/26/2008,PMD,CA,AWP,WE,Federal Contract Tower,0,6,28,2,36,0,0,14,11,25,0,6,42,13,61,36,11,47,108
03/27/2008,PMD,CA,AWP,WE,Federal Contract Tower,0,4,18,15,37,0,0,15,12,27,0,4,33,27,64,0,40,40,104
03/28/2008,PMD,CA,AWP,WE,Federal Contract Tower,0,4,11,29,44,0,0,14,5,19,0,4,25,34,63,0,6,6,69
03/29/2008,PMD,CA,AWP,WE,Federal Contract Tower,0,3,6,4,13,0,1,9,1,11,0,4,15,5,24,0,0,0,24
03/30/2008,PMD,CA,AWP,WE,Federal Contract Tower,0,3,1,1,5,0,0,7,0,7,0,3,8,1,12,0,0,0,12
03/31/2008,PMD,CA,AWP,WE,Federal Contract Tower,0,3,13,31,47,0,1,29,3,33,0,4,42,34,80,8,11,19,99
04/01/2008,PMD,CA,AWP,WE,Federal Contract Tower,0,5,27,30,62,0,0,14,3,17,0,5,41,33,79,0,11,11,90
04/02/2008,PMD,CA,AWP,WE,Federal Contract Tower,0,4,26,39,69,0,0,26,0,26,0,4,52,39,95,0,30,30,125
04/03/2008,PMD,CA,AWP,WE,Federal Contract Tower,0,4,43,22,69,0,0,15,3,18,0,4,58,25,87,0,82,82,169
04/04/2008,PMD,CA,AWP,WE,Federal Contract Tower,0,4,11,6,21,0,0,6,1,7,0,4,17,7,28,0,0,0,28
04/05/2008,PMD,CA,AWP,WE,Federal Contract Tower,0,3,11,4,18,0,0,8,0,8,0,3,19,4,26,0,2,2,28
04/06/2008,PMD,CA,AWP,WE,Federal Contract Tower,0,3,10,1,14,0,0,6,0,6,0,3,16,1,20,0,6,6,26
04/07/2008,PMD,CA,AWP,WE,Federal Contract Tower,0,5,15,26,46,0,35,9,69,113,0,40,24,95,159,0,96,96,255
04/08/2008,PMD,CA,AWP,WE,Federal Contract Tower,0,4,17,44,65,0,0,12,2,14,0,4,29,46,79,0,52,52,131
04/09/2008,PMD,CA,AWP,WE,Federal Contract Tower,0,4,15,30,49,0,0,24,10,34,0,4,39,40,83,0,94,94,177
04/10/2008,PMD,CA,AWP,WE,Federal Contract Tower,0,4,13,9,26,0,0,19,3,22,0,4,32,12,48,0,44,44,92
04/11/2008,PMD,CA,AWP,WE,Federal Contract Tower,0,4,7,2,13,0,0,18,0,18,0,4,25,2,31,0,0,0,31
04/12/2008,PMD,CA,AWP,WE,Federal Contract Tower,0,3,9,0,12,0,0,9,0,9,0,3,18,0,21,0,0,0,21
04/13/2008,PMD,CA,AWP,WE,Federal Contract Tower,0,3,7,0,10,0,0,17,0,17,0,3,24,0,27,2,0,2,29
04/14/2008,PMD,CA,AWP,WE,Federal Contract Tower,0,4,17,0,21,0,0,15,0,15,0,4,32,0,36,2,27,29,65
04/15/2008,PMD,CA,AWP,WE,Federal Contract Tower,0,4,12,20,36,0,0,17,0,17,0,4,29,20,53,0,38,38,91
04/16/2008,PMD,CA,AWP,WE,Federal Contract Tower,0,6,19,32,57,0,0,15,2,17,0,6,34,34,74,0,14,14,88
04/17/2008,PMD,CA,AWP,WE,Federal Contract Tower,0,6,24,9,39,0,0,18,0,18,0,6,42,9,57,5,36,41,98
04/18/2008,PMD,CA,AWP,WE,Federal Contract Tower,0,9,3,31,43,0,1,11,4,16,0,10,14,35,59,0,24,24,83
04/19/2008,PMD,CA,AWP,WE,Federal Contract Tower,0,2,3,1,6,0,0,5,0,5,0,2,8,1,11,0,0,0,11
04/20/2008,PMD,CA,AWP,WE,Federal Contract Tower,0,2,2,17,21,0,1,6,0,7,0,3,8,17,28,0,0,0,28
04/21/2008,PMD,CA,AWP,WE,Federal Contract Tower,0,4,13,31,48,0,0,16,7,23,0,4,29,38,71,0,16,16,87
04/22/2008,PMD,CA,AWP,WE,Federal Contract Tower,0,6,23,22,51,0,0,24,1,25,0,6,47,23,76,13,20,33,109
04/23/2008,PMD,CA,AWP,WE,Federal Contract Tower,0,8,35,0,43,0,0,14,10,24,0,8,49,10,67,6,14,20,87
04/24/2008,PMD,CA,AWP,WE,Federal Contract Tower,0,6,24,33,63,0,0,13,17,30,0,6,37,50,93,10,18,28,121
04/25/2008,PMD,CA,AWP,WE,Federal Contract Tower,0,4,16,6,26,0,0,14,1,15,0,4,30,7,41,2,6,8,49
04/26/2008,PMD,CA,AWP,WE,Federal Contract Tower,0,3,0,0,3,0,0,22,0,22,0,3,22,0,25,0,0,0,25
04/27/2008,PMD,CA,AWP,WE,Federal Contract Tower,0,1,18,0,19,0,2,0,0,2,0,3,18,0,21,0,0,0,21
04/28/2008,PMD,CA,AWP,WE,Federal Contract Tower,0,4,15,8,27,0,0,16,0,16,0,4,31,8,43,0,14,14,57
04/29/2008,PMD,CA,AWP,WE,Federal Contract Tower,0,4,10,22,36,0,0,18,18,36,0,4,28,40,72,0,85,85,157
04/30/2008,PMD,CA,AWP,WE,Federal Contract Tower,0,4,23,2,29,0,0,10,7,17,0,4,33,9,46,1,24,25,71
05/01/2008,PMD,CA,AWP,WE,Federal Contract Tower,0,6,26,14,46,0,0,20,6,26,0,6,46,20,72,8,0,8,80
05/02/2008,PMD,CA,AWP,WE,Federal Contract Tower,0,4,6,17,27,0,0,2,0,2,0,4,8,17,29,0,15,15,44
05/03/2008,PMD,CA,AWP,WE,Federal Contract Tower,0,3,2,4,9,0,0,6,0,6,0,3,8,4,15,0,6,6,21
05/04/2008,PMD,CA,AWP,WE,Federal Contract Tower,0,2,0,0,2,0,0,4,2,6,0,2,4,2,8,0,10,10,18
05/05/2008,PMD,CA,AWP,WE,Federal Contract Tower,0,4,21,32,57,0,0,6,0,6,0,4,27,32,63,0,29,29,92
05/06/2008,PMD,CA,AWP,WE,Federal Contract Tower,0,4,18,0,22,0,0,11,11,22,0,4,29,11,44,0,76,76,120
05/07/2008,PMD,CA,AWP,WE,Federal Contract Tower,0,4,18,9,31,0,0,8,0,8,0,4,26,9,39,4,38,42,81
05/08/2008,PMD,CA,AWP,WE,Federal Contract Tower,4,4,14,11,33,0,0,5,0,5,4,4,19,11,38,0,28,28,66
05/09/2008,PMD,CA,AWP,WE,Federal Contract Tower,0,4,22,5,31,0,0,6,0,6,0,4,28,5,37,6,54,60,97
05/10/2008,PMD,CA,AWP,WE,Federal Contract Tower,0,3,4,0,7,0,0,14,0,14,0,3,18,0,21,0,0,0,21
05/11/2008,PMD,CA,AWP,WE,Federal Contract Tower,0,3,0,0,3,0,0,0,0,0,0,3,0,0,3,0,0,0,3
05/12/2008,PMD,CA,AWP,WE,Federal Contract Tower,0,4,14,13,31,0,0,2,0,2,0,4,16,13,33,0,68,68,101
05/13/2008,PMD,CA,AWP,WE,Federal Contract Tower,0,3,6,17,26,0,0,13,0,13,0,3,19,17,39,9,38,47,86
05/14/2008,PMD,CA,AWP,WE,Federal Contract Tower,0,3,19,15,37,0,0,22,5,27,0,3,41,20,64,6,33,39,103
05/15/2008,PMD,CA,AWP,WE,Federal Contract Tower,0,4,5,18,27,0,0,17,0,17,0,4,22,18,44,0,92,92,136
05/16/2008,PMD,CA,AWP,WE,Federal Contract Tower,0,4,6,9,19,0,0,11,2,13,0,4,17,11,32,0,0,0,32
05/17/2008,PMD,CA,AWP,WE,Federal Contract Tower,0,3,0,0,3,0,0,13,4,17,0,3,13,4,20,0,0,0,20
05/18/2008,PMD,CA,AWP,WE,Federal Contract Tower,0,3,0,0,3,0,0,4,0,4,0,3,4,0,7,0,0,0,7
05/19/2008,PMD,CA,AWP,WE,Federal Contract Tower,0,4,13,11,28,0,0,11,3,14,0,4,24,14,42,0,8,8,50
05/20/2008,PMD,CA,AWP,WE,Federal Contract Tower,0,4,29,14,47,0,0,18,14,32,0,4,47,28,79,0,82,82,161
05/21/2008,PMD,CA,AWP,WE,Federal Contract Tower,0,4,17,6,27,0,0,7,1,8,0,4,24,7,35,0,0,0,35
05/22/2008,PMD,CA,AWP,WE,Federal Contract Tower,2,4,22,20,48,0,0,3,4,7,2,4,25,24,55,26,25,51,106
05/23/2008,PMD,CA,AWP,WE,Federal Contract Tower,0,4,17,3,24,0,0,0,0,0,0,4,17,3,24,0,4,4,28
05/24/2008,PMD,CA,AWP,WE,Federal Contract Tower,0,3,6,2,11,0,0,3,0,3,0,3,9,2,14,0,0,0,14
05/25/2008,PMD,CA,AWP,WE,Federal Contract Tower,0,2,1,0,3,0,0,9,0,9,0,2,10,0,12,0,0,0,12
05/26/2008,PMD,CA,AWP,WE,Federal Contract Tower,0,3,4,0,7,0,0,4,0,4,0,3,8,0,11,0,0,0,11
05/27/2008,PMD,CA,AWP,WE,Federal Contract Tower,0,4,15,23,42,0,0,19,0,19,0,4,34,23,61,8,30,38,99
05/28/2008,PMD,CA,AWP,WE,Federal Contract Tower,2,4,19,18,43,0,0,21,0,21,2,4,40,18,64,0,44,44,108
05/29/2008,PMD,CA,AWP,WE,Federal Contract Tower,0,4,20,14,38,0,0,19,14,33,0,4,39,28,71,0,51,51,122
05/30/2008,PMD,CA,AWP,WE,Federal Contract Tower,0,4,9,6,19,0,0,8,0,8,0,4,17,6,27,0,16,16,43
05/31/2008,PMD,CA,AWP,WE,Federal Contract Tower,0,3,2,2,7,0,0,8,0,8,0,3,10,2,15,0,8,8,23
06/01/2008,PMD,CA,AWP,WE,Federal Contract Tower,0,3,0,1,4,0,0,10,0,10,0,3,10,1,14,0,0,0,14
06/02/2008,PMD,CA,AWP,WE,Federal Contract Tower,0,4,16,28,48,0,0,18,4,22,0,4,34,32,70,0,40,40,110
06/03/2008,PMD,CA,AWP,WE,Federal Contract Tower,0,3,13,5,21,1,0,22,2,25,1,3,35,7,46,2,2,4,50
06/04/2008,PMD,CA,AWP,WE,Federal Contract Tower,0,3,10,1,14,0,0,15,1,16,0,3,25,2,30,0,0,0,30
06/05/2008,PMD,CA,AWP,WE,Federal Contract Tower,0,4,16,4,24,0,0,23,10,33,0,4,39,14,57,0,3,3,60
06/06/2008,PMD,CA,AWP,WE,Federal Contract Tower,0,4,5,6,15,0,0,29,0,29,0,4,34,6,44,0,4,4,48
06/07/2008,PMD,CA,AWP,WE,Federal Contract Tower,0,1,0,1,2,0,2,20,11,33,0,3,20,12,35,0,10,10,45
06/08/2008,PMD,CA,AWP,WE,Federal Contract Tower,0,3,0,1,4,0,0,8,1,9,0,3,8,2,13,0,0,0,13
06/09/2008,PMD,CA,AWP,WE,Federal Contract Tower,0,4,29,8,41,0,0,12,0,12,0,4,41,8,53,0,4,4,57
06/10/2008,PMD,CA,AWP,WE,Federal Contract Tower,0,4,9,7,20,0,0,21,3,24,0,4,30,10,44,0,41,41,85
06/11/2008,PMD,CA,AWP,WE,Federal Contract Tower,0,4,14,19,37,0,0,14,3,17,0,4,28,22,54,0,72,72,126
06/12/2008,PMD,CA,AWP,WE,Federal Contract Tower,0,4,7,4,15,0,0,23,0,23,0,4,30,4,38,0,6,6,44
06/13/2008,PMD,CA,AWP,WE,Federal Contract Tower,0,4,3,1,8,0,0,17,1,18,0,4,20,2,26,6,0,6,32
06/14/2008,PMD,CA,AWP,WE,Federal Contract Tower,0,3,0,0,3,0,0,9,0,9,0,3,9,0,12,0,0,0,12
06/15/2008,PMD,CA,AWP,WE,Federal Contract Tower,0,3,0,0,3,0,0,1,0,1,0,3,1,0,4,0,0,0,4
06/16/2008,PMD,CA,AWP,WE,Federal Contract Tower,0,4,13,2,19,0,0,22,0,22,0,4,35,2,41,0,0,0,41
06/17/2008,PMD,CA,AWP,WE,Federal Contract Tower,0,4,3,3,10,0,0,23,4,27,0,4,26,7,37,0,15,15,52
06/18/2008,PMD,CA,AWP,WE,Federal Contract Tower,0,4,11,5,20,0,0,21,3,24,0,4,32,8,44,4,23,27,71
06/19/2008,PMD,CA,AWP,WE,Federal Contract Tower,0,4,9,13,26,0,0,28,1,29,0,4,37,14,55,0,22,22,77
06/20/2008,PMD,CA,AWP,WE,Federal Contract Tower,0,3,7,3,13,0,1,35,2,38,0,4,42,5,51,22,12,34,85
06/21/2008,PMD,CA,AWP,WE,Federal Contract Tower,0,3,4,0,7,0,0,8,0,8,0,3,12,0,15,0,0,0,15
06/22/2008,PMD,CA,AWP,WE,Federal Contract Tower,0,3,0,2,5,1,0,6,0,7,1,3,6,2,12,0,0,0,12
06/23/2008,PMD,CA,AWP,WE,Federal Contract Tower,0,4,7,2,13,0,0,31,0,31,0,4,38,2,44,0,0,0,44
06/24/2008,PMD,CA,AWP,WE,Federal Contract Tower,0,4,8,7,19,0,0,17,0,17,0,4,25,7,36,1,71,72,108
06/25/2008,PMD,CA,AWP,WE,Federal Contract Tower,0,4,10,11,25,0,0,13,6,19,0,4,23,17,44,0,47,47,91
06/26/2008,PMD,CA,AWP,WE,Federal Contract Tower,0,3,18,5,26,0,0,11,5,16,0,3,29,10,42,0,7,7,49
06/27/2008,PMD,CA,AWP,WE,Federal Contract Tower,0,3,6,1,10,0,0,6,1,7,0,3,12,2,17,10,0,10,27
06/28/2008,PMD,CA,AWP,WE,Federal Contract Tower,0,2,4,0,6,0,0,10,0,10,0,2,14,0,16,0,0,0,16
06/29/2008,PMD,CA,AWP,WE,Federal Contract Tower,0,3,0,0,3,0,0,7,0,7,0,3,7,0,10,0,0,0,10
06/30/2008,PMD,CA,AWP,WE,Federal Contract Tower,0,4,13,11,28,0,0,30,3,33,0,4,43,14,61,0,12,12,73
07/01/2008,PMD,CA,AWP,WE,Federal Contract Tower,0,4,15,25,44,0,1,23,8,32,0,5,38,33,76,4,8,12,88
07/02/2008,PMD,CA,AWP,WE,Federal Contract Tower,0,4,16,32,52,0,0,10,14,24,0,4,26,46,76,12,32,44,120
07/03/2008,PMD,CA,AWP,WE,Federal Contract Tower,0,4,5,9,18,0,0,8,0,8,0,4,13,9,26,18,38,56,82
07/04/2008,PMD,CA,AWP,WE,Federal Contract Tower,0,3,4,0,7,0,0,1,0,1,0,3,5,0,8,0,0,0,8
07/05/2008,PMD,CA,AWP,WE,Federal Contract Tower,0,2,0,0,2,0,0,2,0,2,0,2,2,0,4,0,0,0,4
07/06/2008,PMD,CA,AWP,WE,Federal Contract Tower,0,3,0,0,3,0,0,7,0,7,0,3,7,0,10,0,0,0,10
07/07/2008,PMD,CA,AWP,WE,Federal Contract Tower,0,6,14,6,26,0,0,19,0,19,0,6,33,6,45,0,16,16,61
07/08/2008,PMD,CA,AWP,WE,Federal Contract Tower,4,4,21,14,43,0,0,27,2,29,4,4,48,16,72,13,26,39,111
07/09/2008,PMD,CA,AWP,WE,Federal Contract Tower,0,4,13,32,49,0,0,18,0,18,0,4,31,32,67,4,45,49,116
07/10/2008,PMD,CA,AWP,WE,Federal Contract Tower,0,4,17,23,44,0,0,12,1,13,0,4,29,24,57,0,78,78,135
07/11/2008,PMD,CA,AWP,WE,Federal Contract Tower,0,4,18,8,30,0,0,7,0,7,0,4,25,8,37,2,63,65,102
07/12/2008,PMD,CA,AWP,WE,Federal Contract Tower,0,3,8,1,12,0,0,10,0,10,0,3,18,1,22,0,14,14,36
07/13/2008,PMD,CA,AWP,WE,Federal Contract Tower,0,3,2,0,5,0,0,16,0,16,0,3,18,0,21,0,10,10,31
07/14/2008,PMD,CA,AWP,WE,Federal Contract Tower,0,4,7,22,33,0,0,26,1,27,0,4,33,23,60,0,22,22,82
07/15/2008,PMD,CA,AWP,WE,Federal Contract Tower,0,4,21,22,47,0,0,13,7,20,0,4,34,29,67,0,24,24,91
07/16/2008,PMD,CA,AWP,WE,Federal Contract Tower,0,4,10,51,65,0,0,33,5,38,0,4,43,56,103,8,44,52,155
07/17/2008,PMD,CA,AWP,WE,Federal Contract Tower,0,4,4,25,33,0,0,15,0,15,0,4,19,25,48,0,54,54,102
07/18/2008,PMD,CA,AWP,WE,Federal Contract Tower,0,4,13,18,35,0,0,20,0,20,0,4,33,18,55,0,40,40,95
07/19/2008,PMD,CA,AWP,WE,Federal Contract Tower,0,3,15,0,18,0,0,20,0,20,0,3,35,0,38,0,0,0,38
07/20/2008,PMD,CA,AWP,WE,Federal Contract Tower,0,3,0,0,3,0,0,2,0,2,0,3,2,0,5,0,0,0,5
07/21/2008,PMD,CA,AWP,WE,Federal Contract Tower,0,4,4,12,20,0,0,29,10,39,0,4,33,22,59,18,8,26,85
07/22/2008,PMD,CA,AWP,WE,Federal Contract Tower,0,4,10,12,26,0,0,25,7,32,0,4,35,19,58,0,45,45,103
07/23/2008,PMD,CA,AWP,WE,Federal Contract Tower,0,4,19,16,39,0,0,10,2,12,0,4,29,18,51,35,34,69,120
07/24/2008,PMD,CA,AWP,WE,Federal Contract Tower,0,4,16,31,51,0,0,13,0,13,0,4,29,31,64,22,49,71,135
07/25/2008,PMD,CA,AWP,WE,Federal Contract Tower,0,4,8,25,37,0,0,4,0,4,0,4,12,25,41,0,36,36,77
07/26/2008,PMD,CA,AWP,WE,Federal Contract Tower,4,3,0,2,9,0,0,2,0,2,4,3,2,2,11,0,6,6,17
07/27/2008,PMD,CA,AWP,WE,Federal Contract Tower,0,3,8,10,21,2,0,13,0,15,2,3,21,10,36,0,0,0,36
07/28/2008,PMD,CA,AWP,WE,Federal Contract Tower,0,4,24,17,45,0,0,20,17,37,0,4,44,34,82,20,22,42,124
07/29/2008,PMD,CA,AWP,WE,Federal Contract Tower,0,4,9,26,39,0,0,17,11,28,0,4,26,37,67,0,33,33,100
07/30/2008,PMD,CA,AWP,WE,Federal Contract Tower,0,4,25,20,49,0,0,31,6,37,0,4,56,26,86,2,65,67,153
07/31/2008,PMD,CA,AWP,WE,Federal Contract Tower,0,4,33,23,60,0,0,12,6,18,0,4,45,29,78,0,84,84,162
08/01/2008,PMD,CA,AWP,WE,Federal Contract Tower,0,4,12,8,24,0,0,18,0,18,0,4,30,8,42,2,17,19,61
08/02/2008,PMD,CA,AWP,WE,Federal Contract Tower,0,3,0,4,7,0,0,6,0,6,0,3,6,4,13,2,15,17,30
08/03/2008,PMD,CA,AWP,WE,Federal Contract Tower,0,3,6,0,9,0,0,21,0,21,0,3,27,0,30,0,0,0,30
08/04/2008,PMD,CA,AWP,WE,Federal Contract Tower,0,4,15,39,58,0,0,29,0,29,0,4,44,39,87,0,26,26,113
08/05/2008,PMD,CA,AWP,WE,Federal Contract Tower,0,4,12,26,42,0,0,26,0,26,0,4,38,26,68,0,19,19,87
08/06/2008,PMD,CA,AWP,WE,Federal Contract Tower,0,7,36,41,84,0,0,21,9,30,0,7,57,50,114,4,2,6,120
08/07/2008,PMD,CA,AWP,WE,Federal Contract Tower,0,4,19,52,75,0,0,17,5,22,0,4,36,57,97,0,56,56,153
08/08/2008,PMD,CA,AWP,WE,Federal Contract Tower,0,4,5,26,35,0,0,4,0,4,0,4,9,26,39,2,10,12,51
08/09/2008,PMD,CA,AWP,WE,Federal Contract Tower,0,3,22,0,25,0,0,4,0,4,0,3,26,0,29,0,0,0,29
08/10/2008,PMD,CA,AWP,WE,Federal Contract Tower,0,3,0,0,3,0,2,16,0,18,0,5,16,0,21,0,0,0,21
08/11/2008,PMD,CA,AWP,WE,Federal Contract Tower,0,4,10,18,32,0,0,22,3,25,0,4,32,21,57,0,36,36,93
08/12/2008,PMD,CA,AWP,WE,Federal Contract Tower,0,4,22,46,72,0,0,23,5,28,0,4,45,51,100,0,110,110,210
08/13/2008,PMD,CA,AWP,WE,Federal Contract Tower,0,4,29,33,66,0,0,19,2,21,0,4,48,35,87,0,68,68,155
08/14/2008,PMD,CA,AWP,WE,Federal Contract Tower,0,4,11,31,46,0,0,16,0,16,0,4,27,31,62,0,77,77,139
08/15/2008,PMD,CA,AWP,WE,Federal Contract Tower,0,5,7,10,22,0,2,17,0,19,0,7,24,10,41,0,22,22,63
08/16/2008,PMD,CA,AWP,WE,Federal Contract Tower,0,9,18,0,27,0,0,5,0,5,0,9,23,0,32,0,0,0,32
08/17/2008,PMD,CA,AWP,WE,Federal Contract Tower,2,3,0,0,5,0,0,11,0,11,2,3,11,0,16,0,0,0,16
08/18/2008,PMD,CA,AWP,WE,Federal Contract Tower,0,3,21,34,58,0,0,23,4,27,0,3,44,38,85,0,24,24,109
08/19/2008,PMD,CA,AWP,WE,Federal Contract Tower,0,2,14,40,56,0,0,17,0,17,0,2,31,40,73,0,76,76,149
08/20/2008,PMD,CA,AWP,WE,Federal Contract Tower,0,3,30,12,45,0,0,18,0,18,0,3,48,12,63,0,74,74,137
08/21/2008,PMD,CA,AWP,WE,Federal Contract Tower,0,4,21,14,39,0,0,15,1,16,0,4,36,15,55,1,38,39,94
08/22/2008,PMD,CA,AWP,WE,Federal Contract Tower,0,4,11,4,19,0,0,8,0,8,0,4,19,4,27,0,18,18,45
08/23/2008,PMD,CA,AWP,WE,Federal Contract Tower,0,3,9,0,12,0,0,4,0,4,0,3,13,0,16,0,0,0,16
08/24/2008,PMD,CA,AWP,WE,Federal Contract Tower,0,3,12,0,15,0,0,18,0,18,0,3,30,0,33,0,0,0,33
08/25/2008,PMD,CA,AWP,WE,Federal Contract Tower,4,4,11,15,34,0,0,30,7,37,4,4,41,22,71,0,28,28,99
08/26/2008,PMD,CA,AWP,WE,Federal Contract Tower,6,4,17,17,44,0,0,18,2,20,6,4,35,19,64,0,124,124,188
08/27/2008,PMD,CA,AWP,WE,Federal Contract Tower,0,4,15,39,58,0,0,20,5,25,0,4,35,44,83,6,48,54,137
08/28/2008,PMD,CA,AWP,WE,Federal Contract Tower,0,4,23,45,72,0,0,10,2,12,0,4,33,47,84,0,52,52,136
08/29/2008,PMD,CA,AWP,WE,Federal Contract Tower,0,4,10,1,15,0,0,8,0,8,0,4,18,1,23,0,0,0,23
08/30/2008,PMD,CA,AWP,WE,Federal Contract Tower,0,3,0,2,5,0,0,0,0,0,0,3,0,2,5,0,0,0,5
08/31/2008,PMD,CA,AWP,WE,Federal Contract Tower,0,3,0,0,3,0,0,3,0,3,0,3,3,0,6,0,0,0,6
09/01/2008,PMD,CA,AWP,WE,Federal Contract Tower,0,4,0,0,4,0,0,15,0,15,0,4,15,0,19,0,0,0,19
09/02/2008,PMD,CA,AWP,WE,Federal Contract Tower,0,8,6,26,40,0,0,20,1,21,0,8,26,27,61,2,34,36,97
09/03/2008,PMD,CA,AWP,WE,Federal Contract Tower,0,8,15,19,42,0,0,10,0,10,0,8,25,19,52,0,0,0,52
09/04/2008,PMD,CA,AWP,WE,Federal Contract Tower,0,9,10,66,85,0,1,12,4,17,0,10,22,70,102,0,43,43,145
09/05/2008,PMD,CA,AWP,WE,Federal Contract Tower,0,9,4,24,37,0,1,3,2,6,0,10,7,26,43,0,4,4,47
09/06/2008,PMD,CA,AWP,WE,Federal Contract Tower,0,5,4,14,23,0,0,0,4,4,0,5,4,18,27,0,24,24,51
09/07/2008,PMD,CA,AWP,WE,Federal Contract Tower,0,7,7,2,16,0,0,4,0,4,0,7,11,2,20,0,0,0,20
09/08/2008,PMD,CA,AWP,WE,Federal Contract Tower,0,9,22,8,39,0,0,30,0,30,0,9,52,8,69,3,12,15,84
09/09/2008,PMD,CA,AWP,WE,Federal Contract Tower,0,9,19,34,62,0,0,19,3,22,0,9,38,37,84,0,64,64,148
09/10/2008,PMD,CA,AWP,WE,Federal Contract Tower,0,8,14,54,76,0,0,18,6,24,0,8,32,60,100,0,54,54,154
09/11/2008,PMD,CA,AWP,WE,Federal Contract Tower,0,8,8,43,59,0,0,25,11,36,0,8,33,54,95,2,58,60,155
09/12/2008,PMD,CA,AWP,WE,Federal Contract Tower,0,8,32,40,80,0,0,11,6,17,0,8,43,46,97,0,23,23,120
09/13/2008,PMD,CA,AWP,WE,Federal Contract Tower,0,5,5,8,18,0,0,12,8,20,0,5,17,16,38,0,0,0,38
09/14/2008,PMD,CA,AWP,WE,Federal Contract Tower,0,7,0,3,10,0,0,6,51,57,0,7,6,54,67,0,0,0,67
09/15/2008,PMD,CA,AWP,WE,Federal Contract Tower,0,8,21,38,67,0,0,26,10,36,0,8,47,48,103,20,64,84,187
09/16/2008,PMD,CA,AWP,WE,Federal Contract Tower,0,8,10,51,69,0,0,26,8,34,0,8,36,59,103,0,30,30,133
09/17/2008,PMD,CA,AWP,WE,Federal Contract Tower,0,8,19,26,53,0,0,17,10,27,0,8,36,36,80,0,85,85,165
09/18/2008,PMD,CA,AWP,WE,Federal Contract Tower,0,8,15,35,58,0,0,19,0,19,0,8,34,35,77,4,12,16,93
09/19/2008,PMD,CA,AWP,WE,Federal Contract Tower,0,8,5,14,27,0,0,4,2,6,0,8,9,16,33,0,10,10,43
09/20/2008,PMD,CA,AWP,WE,Federal Contract Tower,0,5,0,2,7,0,0,6,0,6,0,5,6,2,13,6,0,6,19
09/21/2008,PMD,CA,AWP,WE,Federal Contract Tower,0,7,1,0,8,0,0,5,0,5,0,7,6,0,13,0,0,0,13
09/22/2008,PMD,CA,AWP,WE,Federal Contract Tower,0,8,34,29,71,0,0,28,2,30,0,8,62,31,101,4,81,85,186
09/23/2008,PMD,CA,AWP,WE,Federal Contract Tower,0,8,19,21,48,0,0,15,30,45,0,8,34,51,93,0,31,31,124
09/24/2008,PMD,CA,AWP,WE,Federal Contract Tower,0,7,14,19,40,0,0,58,7,65,0,7,72,26,105,0,44,44,149
09/25/2008,PMD,CA,AWP,WE,Federal Contract Tower,0,7,16,31,54,0,0,11,6,17,0,7,27,37,71,2,85,87,158
09/26/2008,PMD,CA,AWP,WE,Federal Contract Tower,0,8,20,5,33,0,0,28,1,29,0,8,48,6,62,2,8,10,72
09/27/2008,PMD,CA,AWP,WE,Federal Contract Tower,0,5,14,1,20,0,0,0,1,1,0,5,14,2,21,0,0,0,21
09/28/2008,PMD,CA,AWP,WE,Federal Contract Tower,0,7,0,4,11,0,0,8,0,8,0,7,8,4,19,0,0,0,19
09/29/2008,PMD,CA,AWP,WE,Federal Contract Tower,0,8,17,30,55,0,0,17,5,22,0,8,34,35,77,10,10,20,97
09/30/2008,PMD,CA,AWP,WE,Federal Contract Tower,0,8,20,22,50,0,0,21,2,23,0,8,41,24,73,8,10,18,91
10/01/2008,PMD,CA,AWP,WE,Federal Contract Tower,0,8,41,17,66,0,0,21,14,35,0,8,62,31,101,20,14,34,135
10/02/2008,PMD,CA,AWP,WE,Federal Contract Tower,0,8,11,22,41,0,0,15,4,19,0,8,26,26,60,6,46,52,112
10/03/2008,PMD,CA,AWP,WE,Federal Contract Tower,0,7,6,28,41,0,0,7,2,9,0,7,13,30,50,0,12,12,62
10/04/2008,PMD,CA,AWP,WE,Federal Contract Tower,0,4,0,9,13,0,0,4,0,4,0,4,4,9,17,0,4,4,21
10/05/2008,PMD,CA,AWP,WE,Federal Contract Tower,0,6,8,0,14,0,0,10,0,10,0,6,18,0,24,0,0,0,24
10/06/2008,PMD,CA,AWP,WE,Federal Contract Tower,0,7,18,60,85,0,0,21,1,22,0,7,39,61,107,2,62,64,171
10/07/2008,PMD,CA,AWP,WE,Federal Contract Tower,0,8,23,18,49,0,0,18,2,20,0,8,41,20,69,0,26,26,95
10/08/2008,PMD,CA,AWP,WE,Federal Contract Tower,0,8,15,52,75,0,0,17,1,18,0,8,32,53,93,2,31,33,126
10/09/2008,PMD,CA,AWP,WE,Federal Contract Tower,0,8,13,25,46,0,0,18,1,19,0,8,31,26,65,24,16,40,105
10/10/2008,PMD,CA,AWP,WE,Federal Contract Tower,0,8,16,7,31,0,0,12,0,12,0,8,28,7,43,0,6,6,49
10/11/2008,PMD,CA,AWP,WE,Federal Contract Tower,0,5,2,0,7,0,0,0,0,0,0,5,2,0,7,0,0,0,7
10/12/2008,PMD,CA,AWP,WE,Federal Contract Tower,0,5,4,0,9,0,0,7,0,7,0,5,11,0,16,0,0,0,16
10/13/2008,PMD,CA,AWP,WE,Federal Contract Tower,0,6,3,0,9,0,0,12,0,12,0,6,15,0,21,0,0,0,21
10/14/2008,PMD,CA,AWP,WE,Federal Contract Tower,0,6,14,18,38,0,0,16,0,16,0,6,30,18,54,0,2,2,56
10/15/2008,PMD,CA,AWP,WE,Federal Contract Tower,0,6,24,49,79,0,0,23,1,24,0,6,47,50,103,0,20,20,123
10/16/2008,PMD,CA,AWP,WE,Federal Contract Tower,4,6,17,40,67,12,6,36,43,97,16,12,53,83,164,8,39,47,211
10/17/2008,PMD,CA,AWP,WE,Federal Contract Tower,0,6,15,28,49,0,0,5,0,5,0,6,20,28,54,0,33,33,87
10/18/2008,PMD,CA,AWP,WE,Federal Contract Tower,0,5,6,0,11,0,0,2,0,2,0,5,8,0,13,0,0,0,13
10/19/2008,PMD,CA,AWP,WE,Federal Contract Tower,0,5,6,8,19,0,0,3,0,3,0,5,9,8,22,0,0,0,22
10/20/2008,PMD,CA,AWP,WE,Federal Contract Tower,0,6,11,8,25,0,0,22,6,28,0,6,33,14,53,0,2,2,55
10/21/2008,PMD,CA,AWP,WE,Federal Contract Tower,0,6,16,30,52,0,6,31,12,49,0,12,47,42,101,0,30,30,131
10/22/2008,PMD,CA,AWP,WE,Federal Contract Tower,0,6,6,35,47,0,0,21,4,25,0,6,27,39,72,0,32,32,104
10/23/2008,PMD,CA,AWP,WE,Federal Contract Tower,0,6,10,33,49,0,2,29,3,34,0,8,39,36,83,10,44,54,137
10/24/2008,PMD,CA,AWP,WE,Federal Contract Tower,0,6,17,7,30,0,4,8,1,13,0,10,25,8,43,0,0,0,43
10/25/2008,PMD,CA,AWP,WE,Federal Contract Tower,0,5,1,0,6,0,0,2,2,4,0,5,3,2,10,0,0,0,10
10/26/2008,PMD,CA,AWP,WE,Federal Contract Tower,0,5,0,0,5,0,0,10,0,10,0,5,10,0,15,0,0,0,15
10/27/2008,PMD,CA,AWP,WE,Federal Contract Tower,0,7,12,53,72,0,0,36,3,39,0,7,48,56,111,0,23,23,134
10/28/2008,PMD,CA,AWP,WE,Federal Contract Tower,0,6,13,25,44,0,0,18,0,18,0,6,31,25,62,0,5,5,67
10/29/2008,PMD,CA,AWP,WE,Federal Contract Tower,0,12,25,23,60,0,0,12,2,14,0,12,37,25,74,0,8,8,82
10/30/2008,PMD,CA,AWP,WE,Federal Contract Tower,6,6,8,22,42,0,0,17,0,17,6,6,25,22,59,0,17,17,76
10/31/2008,PMD,CA,AWP,WE,Federal Contract Tower,0,4,8,28,40,0,0,2,11,13,0,4,10,39,53,0,0,0,53
11/01/2008,PMD,CA,AWP,WE,Federal Contract Tower,0,5,10,0,15,0,0,2,0,2,0,5,12,0,17,0,0,0,17
11/02/2008,PMD,CA,AWP,WE,Federal Contract Tower,0,3,12,4,19,0,0,3,0,3,0,3,15,4,22,0,14,14,36
11/03/2008,PMD,CA,AWP,WE,Federal Contract Tower,0,4,25,29,58,0,0,17,1,18,0,4,42,30,76,0,10,10,86
11/04/2008,PMD,CA,AWP,WE,Federal Contract Tower,0,4,13,23,40,0,0,19,0,19,0,4,32,23,59,0,28,28,87
11/05/2008,PMD,CA,AWP,WE,Federal Contract Tower,0,4,12,56,72,0,0,20,0,20,0,4,32,56,92,0,10,10,102
11/06/2008,PMD,CA,AWP,WE,Federal Contract Tower,0,4,20,19,43,0,0,18,0,18,0,4,38,19,61,4,24,28,89
11/07/2008,PMD,CA,AWP,WE,Federal Contract Tower,0,8,24,4,36,0,0,12,0,12,0,8,36,4,48,0,0,0,48
11/08/2008,PMD,CA,AWP,WE,Federal Contract Tower,0,5,24,0,29,0,0,12,6,18,0,5,36,6,47,0,0,0,47
11/09/2008,PMD,CA,AWP,WE,Federal Contract Tower,0,3,0,0,3,0,0,6,0,6,0,3,6,0,9,0,0,0,9
11/10/2008,PMD,CA,AWP,WE,Federal Contract Tower,0,4,21,33,58,0,0,18,2,20,0,4,39,35,78,0,27,27,105
11/11/2008,PMD,CA,AWP,WE,Federal Contract Tower,0,4,17,0,21,0,0,17,2,19,0,4,34,2,40,0,0,0,40
11/12/2008,PMD,CA,AWP,WE,Federal Contract Tower,0,4,16,26,46,0,0,17,0,17,0,4,33,26,63,46,58,104,167
11/13/2008,PMD,CA,AWP,WE,Federal Contract Tower,0,4,16,44,64,0,0,18,2,20,0,4,34,46,84,26,104,130,214
11/14/2008,PMD,CA,AWP,WE,Federal Contract Tower,0,4,14,27,45,0,0,5,6,11,0,4,19,33,56,0,67,67,123
11/15/2008,PMD,CA,AWP,WE,Federal Contract Tower,0,5,10,3,18,0,0,3,0,3,0,5,13,3,21,0,32,32,53
11/16/2008,PMD,CA,AWP,WE,Federal Contract Tower,0,3,12,0,15,0,0,13,3,16,0,3,25,3,31,0,0,0,31
11/17/2008,PMD,CA,AWP,WE,Federal Contract Tower,0,5,40,8,53,0,0,17,0,17,0,5,57,8,70,26,22,48,118
11/18/2008,PMD,CA,AWP,WE,Federal Contract Tower,0,4,15,19,38,0,0,16,4,20,0,4,31,23,58,0,42,42,100
11/19/2008,PMD,CA,AWP,WE,Federal Contract Tower,0,15,15,47,77,0,0,14,2,16,0,15,29,49,93,0,64,64,157
11/20/2008,PMD,CA,AWP,WE,Federal Contract Tower,0,4,26,25,55,0,0,15,2,17,0,4,41,27,72,0,62,62,134
11/21/2008,PMD,CA,AWP,WE,Federal Contract Tower,0,6,39,33,78,0,0,17,2,19,0,6,56,35,97,18,40,58,155
11/22/2008,PMD,CA,AWP,WE,Federal Contract Tower,0,4,13,0,17,0,0,8,0,8,0,4,21,0,25,0,0,0,25
11/23/2008,PMD,CA,AWP,WE,Federal Contract Tower,0,3,10,0,13,0,0,10,0,10,0,3,20,0,23,8,0,8,31
11/24/2008,PMD,CA,AWP,WE,Federal Contract Tower,0,5,33,21,59,0,0,22,2,24,0,5,55,23,83,2,35,37,120
11/25/2008,PMD,CA,AWP,WE,Federal Contract Tower,0,3,47,41,91,0,0,15,1,16,0,3,62,42,107,18,22,40,147
11/26/2008,PMD,CA,AWP,WE,Federal Contract Tower,0,4,29,27,60,0,0,1,0,1,0,4,30,27,61,0,16,16,77
11/27/2008,PMD,CA,AWP,WE,Federal Contract Tower,0,2,4,0,6,0,0,0,0,0,0,2,4,0,6,0,0,0,6
11/28/2008,PMD,CA,AWP,WE,Federal Contract Tower,0,2,2,0,4,0,0,0,0,0,0,2,2,0,4,0,0,0,4
11/29/2008,PMD,CA,AWP,WE,Federal Contract Tower,0,7,2,0,9,0,0,15,0,15,0,7,17,0,24,0,0,0,24
11/30/2008,PMD,CA,AWP,WE,Federal Contract Tower,0,3,2,0,5,0,0,1,0,1,0,3,3,0,6,0,0,0,6
12/01/2008,PMD,CA,AWP,WE,Federal Contract Tower,0,4,13,23,40,0,0,19,4,23,0,4,32,27,63,0,37,37,100
12/02/2008,PMD,CA,AWP,WE,Federal Contract Tower,0,6,28,20,54,0,0,11,0,11,0,6,39,20,65,13,24,37,102
12/03/2008,PMD,CA,AWP,WE,Federal Contract Tower,0,2,40,25,67,0,0,26,6,32,0,2,66,31,99,0,72,72,171
12/04/2008,PMD,CA,AWP,WE,Federal Contract Tower,0,6,28,54,88,0,1,11,0,12,0,7,39,54,100,0,28,28,128
12/05/2008,PMD,CA,AWP,WE,Federal Contract Tower,0,4,22,6,32,0,0,23,0,23,0,4,45,6,55,2,0,2,57
12/06/2008,PMD,CA,AWP,WE,Federal Contract Tower,0,5,0,13,18,0,0,16,0,16,0,5,16,13,34,0,28,28,62
12/07/2008,PMD,CA,AWP,WE,Federal Contract Tower,0,0,16,0,16,0,0,2,0,2,0,0,18,0,18,0,0,0,18
12/08/2008,PMD,CA,AWP,WE,Federal Contract Tower,0,0,13,18,31,0,0,22,2,24,0,0,35,20,55,0,24,24,79
12/09/2008,PMD,CA,AWP,WE,Federal Contract Tower,0,0,25,20,45,0,0,13,4,17,0,0,38,24,62,6,34,40,102
12/10/2008,PMD,CA,AWP,WE,Federal Contract Tower,0,0,15,46,61,0,0,17,0,17,0,0,32,46,78,0,30,30,108
12/11/2008,PMD,CA,AWP,WE,Federal Contract Tower,0,0,8,51,59,0,0,11,4,15,0,0,19,55,74,0,52,52,126
12/12/2008,PMD,CA,AWP,WE,Federal Contract Tower,0,0,3,14,17,0,0,6,0,6,0,0,9,14,23,0,6,6,29
12/13/2008,PMD,CA,AWP,WE,Federal Contract Tower,0,0,12,0,12,0,0,0,0,0,0,0,12,0,12,0,0,0,12
12/14/2008,PMD,CA,AWP,WE,Federal Contract Tower,0,0,29,0,29,0,0,8,0,8,0,0,37,0,37,0,0,0,37
12/15/2008,PMD,CA,AWP,WE,Federal Contract Tower,0,4,7,0,11,0,0,1,0,1,0,4,8,0,12,0,0,0,12
12/16/2008,PMD,CA,AWP,WE,Federal Contract Tower,0,0,38,65,103,0,0,13,0,13,0,0,51,65,116,15,26,41,157
12/17/2008,PMD,CA,AWP,WE,Federal Contract Tower,0,0,8,1,9,0,0,0,0,0,0,0,8,1,9,0,0,0,9
12/18/2008,PMD,CA,AWP,WE,Federal Contract Tower,0,0,8,14,22,0,0,10,0,10,0,0,18,14,32,0,40,40,72
12/19/2008,PMD,CA,AWP,WE,Federal Contract Tower,0,0,13,8,21,0,0,9,2,11,0,0,22,10,32,0,10,10,42
12/20/2008,PMD,CA,AWP,WE,Federal Contract Tower,0,0,8,0,8,0,0,10,0,10,0,0,18,0,18,0,0,0,18
12/21/2008,PMD,CA,AWP,WE,Federal Contract Tower,0,0,4,0,4,0,0,6,0,6,0,0,10,0,10,0,0,0,10
12/22/2008,PMD,CA,AWP,WE,Federal Contract Tower,0,0,38,28,66,0,0,2,0,2,0,0,40,28,68,0,12,12,80
12/23/2008,PMD,CA,AWP,WE,Federal Contract Tower,0,0,12,32,44,0,0,10,2,12,0,0,22,34,56,0,66,66,122
12/24/2008,PMD,CA,AWP,WE,Federal Contract Tower,0,0,4,0,4,0,0,2,0,2,0,0,6,0,6,0,0,0,6
12/25/2008,PMD,CA,AWP,WE,Federal Contract Tower,0,0,0,0,0,0,0,0,0,0,0,0,0,0,0,0,0,0,0
12/26/2008,PMD,CA,AWP,WE,Federal Contract Tower,0,0,0,0,0,0,0,0,0,0,0,0,0,0,0,0,0,0,0
12/27/2008,PMD,CA,AWP,WE,Federal Contract Tower,0,0,8,0,8,0,0,7,0,7,0,0,15,0,15,0,0,0,15
12/28/2008,PMD,CA,AWP,WE,Federal Contract Tower,0,0,8,0,8,0,0,6,0,6,0,0,14,0,14,0,0,0,14
12/29/2008,PMD,CA,AWP,WE,Federal Contract Tower,0,0,40,18,58,0,0,1,0,1,0,0,41,18,59,18,30,48,107
12/30/2008,PMD,CA,AWP,WE,Federal Contract Tower,0,0,8,12,20,0,0,3,0,3,0,0,11,12,23,0,20,20,43
12/31/2008,PMD,CA,AWP,WE,Federal Contract Tower,8,0,14,0,22,0,0,7,0,7,8,0,21,0,29,0,0,0,29
01/01/2009,PMD,CA,AWP,WE,Federal Contract Tower,6,0,2,3,11,0,0,6,0,6,6,0,8,3,17,0,0,0,17
01/02/2009,PMD,CA,AWP,WE,Federal Contract Tower,0,0,6,1,7,0,0,1,0,1,0,0,7,1,8,0,0,0,8
01/03/2009,PMD,CA,AWP,WE,Federal Contract Tower,0,0,2,0,2,0,0,14,0,14,0,0,16,0,16,0,0,0,16
01/04/2009,PMD,CA,AWP,WE,Federal Contract Tower,0,0,6,0,6,0,0,15,0,15,0,0,21,0,21,0,0,0,21
01/05/2009,PMD,CA,AWP,WE,Federal Contract Tower,0,0,7,11,18,0,0,17,0,17,0,0,24,11,35,0,14,14,49
01/06/2009,PMD,CA,AWP,WE,Federal Contract Tower,0,6,26,52,84,0,0,31,0,31,0,6,57,52,115,0,31,31,146
01/07/2009,PMD,CA,AWP,WE,Federal Contract Tower,0,0,12,25,37,0,0,20,1,21,0,0,32,26,58,0,73,73,131
01/08/2009,PMD,CA,AWP,WE,Federal Contract Tower,0,0,29,48,77,0,0,16,9,25,0,0,45,57,102,0,134,134,236
01/09/2009,PMD,CA,AWP,WE,Federal Contract Tower,0,4,8,35,47,0,0,6,3,9,0,4,14,38,56,0,64,64,120
01/10/2009,PMD,CA,AWP,WE,Federal Contract Tower,0,0,1,21,22,0,0,1,0,1,0,0,2,21,23,0,16,16,39
01/11/2009,PMD,CA,AWP,WE,Federal Contract Tower,0,0,12,0,12,0,0,0,0,0,0,0,12,0,12,0,0,0,12
01/12/2009,PMD,CA,AWP,WE,Federal Contract Tower,0,0,21,20,41,0,0,16,0,16,0,0,37,20,57,0,8,8,65
01/13/2009,PMD,CA,AWP,WE,Federal Contract Tower,0,2,9,32,43,0,0,21,2,23,0,2,30,34,66,6,88,94,160
01/14/2009,PMD,CA,AWP,WE,Federal Contract Tower,0,0,15,34,49,0,0,22,5,27,0,0,37,39,76,0,49,49,125
01/15/2009,PMD,CA,AWP,WE,Federal Contract Tower,0,0,14,31,45,0,0,13,2,15,0,0,27,33,60,0,47,47,107
01/16/2009,PMD,CA,AWP,WE,Federal Contract Tower,0,0,29,16,45,0,0,15,3,18,0,0,44,19,63,17,0,17,80
01/17/2009,PMD,CA,AWP,WE,Federal Contract Tower,0,6,2,2,10,0,0,6,0,6,0,6,8,2,16,0,14,14,30
01/18/2009,PMD,CA,AWP,WE,Federal Contract Tower,0,0,12,0,12,0,0,4,0,4,0,0,16,0,16,0,0,0,16
01/19/2009,PMD,CA,AWP,WE,Federal Contract Tower,0,0,10,0,10,0,0,15,0,15,0,0,25,0,25,2,0,2,27
01/20/2009,PMD,CA,AWP,WE,Federal Contract Tower,0,4,33,59,96,0,0,28,0,28,0,4,61,59,124,4,54,58,182
01/21/2009,PMD,CA,AWP,WE,Federal Contract Tower,0,0,26,28,54,0,0,15,1,16,0,0,41,29,70,4,24,28,98
01/22/2009,PMD,CA,AWP,WE,Federal Contract Tower,0,0,25,46,71,0,0,6,0,6,0,0,31,46,77,0,10,10,87
01/23/2009,PMD,CA,AWP,WE,Federal Contract Tower,0,0,16,12,28,0,0,1,0,1,0,0,17,12,29,0,0,0,29
01/24/2009,PMD,CA,AWP,WE,Federal Contract Tower,0,0,0,3,3,0,0,2,0,2,0,0,2,3,5,6,0,6,11
01/25/2009,PMD,CA,AWP,WE,Federal Contract Tower,0,0,4,0,4,0,0,0,0,0,0,0,4,0,4,0,0,0,4
01/26/2009,PMD,CA,AWP,WE,Federal Contract Tower,0,0,18,32,50,0,0,6,3,9,0,0,24,35,59,0,64,64,123
01/27/2009,PMD,CA,AWP,WE,Federal Contract Tower,0,0,15,46,61,0,0,18,3,21,0,0,33,49,82,0,50,50,132
01/28/2009,PMD,CA,AWP,WE,Federal Contract Tower,6,0,22,23,51,0,0,24,2,26,6,0,46,25,77,0,38,38,115
01/29/2009,PMD,CA,AWP,WE,Federal Contract Tower,0,0,4,18,22,0,0,15,2,17,0,0,19,20,39,0,66,66,105
01/30/2009,PMD,CA,AWP,WE,Federal Contract Tower,0,0,17,34,51,0,0,15,8,23,0,0,32,42,74,0,56,56,130
01/31/2009,PMD,CA,AWP,WE,Federal Contract Tower,0,0,12,0,12,0,0,1,0,1,0,0,13,0,13,0,0,0,13
02/01/2009,PMD,CA,AWP,WE,Federal Contract Tower,0,0,16,0,16,0,0,4,0,4,0,0,20,0,20,0,0,0,20
02/02/2009,PMD,CA,AWP,WE,Federal Contract Tower,0,0,63,34,97,0,0,11,9,20,0,0,74,43,117,35,26,61,178
02/03/2009,PMD,CA,AWP,WE,Federal Contract Tower,0,0,14,42,56,0,0,29,2,31,0,0,43,44,87,4,100,104,191
02/04/2009,PMD,CA,AWP,WE,Federal Contract Tower,0,0,26,20,46,0,0,40,0,40,0,0,66,20,86,0,48,48,134
02/05/2009,PMD,CA,AWP,WE,Federal Contract Tower,0,0,26,28,54,0,0,9,2,11,0,0,35,30,65,2,90,92,157
02/06/2009,PMD,CA,AWP,WE,Federal Contract Tower,2,0,5,0,7,0,0,3,2,5,2,0,8,2,12,0,0,0,12
02/07/2009,PMD,CA,AWP,WE,Federal Contract Tower,0,0,4,0,4,0,0,1,0,1,0,0,5,0,5,0,0,0,5
02/08/2009,PMD,CA,AWP,WE,Federal Contract Tower,0,0,14,0,14,0,0,0,0,0,0,0,14,0,14,0,0,0,14
02/09/2009,PMD,CA,AWP,WE,Federal Contract Tower,0,0,44,4,48,0,0,1,0,1,0,0,45,4,49,0,0,0,49
02/10/2009,PMD,CA,AWP,WE,Federal Contract Tower,0,0,13,30,43,0,0,35,5,40,0,0,48,35,83,6,7,13,96
02/11/2009,PMD,CA,AWP,WE,Federal Contract Tower,6,2,33,34,75,0,0,25,2,27,6,2,58,36,102,8,34,42,144
02/12/2009,PMD,CA,AWP,WE,Federal Contract Tower,0,2,14,15,31,0,0,18,1,19,0,2,32,16,50,0,0,0,50
02/13/2009,PMD,CA,AWP,WE,Federal Contract Tower,0,0,20,0,20,0,0,2,0,2,0,0,22,0,22,0,0,0,22
02/14/2009,PMD,CA,AWP,WE,Federal Contract Tower,0,0,8,0,8,0,0,6,0,6,0,0,14,0,14,0,0,0,14
02/15/2009,PMD,CA,AWP,WE,Federal Contract Tower,0,0,16,0,16,0,0,0,0,0,0,0,16,0,16,0,0,0,16
02/16/2009,PMD,CA,AWP,WE,Federal Contract Tower,0,0,14,0,14,0,0,2,0,2,0,0,16,0,16,0,0,0,16
02/17/2009,PMD,CA,AWP,WE,Federal Contract Tower,0,0,19,39,58,0,0,19,0,19,0,0,38,39,77,0,66,66,143
02/18/2009,PMD,CA,AWP,WE,Federal Contract Tower,0,0,41,35,76,0,0,32,0,32,0,0,73,35,108,0,58,58,166
02/19/2009,PMD,CA,AWP,WE,Federal Contract Tower,0,4,27,21,52,0,0,13,1,14,0,4,40,22,66,0,60,60,126
02/20/2009,PMD,CA,AWP,WE,Federal Contract Tower,0,0,8,20,28,0,0,1,0,1,0,0,9,20,29,0,2,2,31
02/21/2009,PMD,CA,AWP,WE,Federal Contract Tower,0,0,6,0,6,0,0,4,0,4,0,0,10,0,10,0,0,0,10
02/22/2009,PMD,CA,AWP,WE,Federal Contract Tower,0,0,4,0,4,0,0,4,0,4,0,0,8,0,8,0,0,0,8
02/23/2009,PMD,CA,AWP,WE,Federal Contract Tower,0,0,14,18,32,0,0,19,0,19,0,0,33,18,51,0,14,14,65
02/24/2009,PMD,CA,AWP,WE,Federal Contract Tower,0,2,27,32,61,0,0,27,3,30,0,2,54,35,91,10,42,52,143
02/25/2009,PMD,CA,AWP,WE,Federal Contract Tower,2,4,9,35,50,0,0,28,0,28,2,4,37,35,78,0,52,52,130
02/26/2009,PMD,CA,AWP,WE,Federal Contract Tower,0,0,13,26,39,0,0,14,0,14,0,0,27,26,53,0,76,76,129
02/27/2009,PMD,CA,AWP,WE,Federal Contract Tower,0,0,46,18,64,0,0,1,0,1,0,0,47,18,65,24,46,70,135
02/28/2009,PMD,CA,AWP,WE,Federal Contract Tower,0,0,10,10,20,0,0,7,0,7,0,0,17,10,27,0,0,0,27
03/01/2009,PMD,CA,AWP,WE,Federal Contract Tower,0,0,4,0,4,0,0,6,0,6,0,0,10,0,10,0,0,0,10
03/02/2009,PMD,CA,AWP,WE,Federal Contract Tower,0,0,39,34,73,0,0,7,1,8,0,0,46,35,81,13,2,15,96
03/03/2009,PMD,CA,AWP,WE,Federal Contract Tower,4,0,15,37,56,0,0,23,0,23,4,0,38,37,79,8,32,40,119
03/04/2009,PMD,CA,AWP,WE,Federal Contract Tower,0,0,19,16,35,0,0,11,0,11,0,0,30,16,46,0,16,16,62
03/05/2009,PMD,CA,AWP,WE,Federal Contract Tower,0,0,20,28,48,0,0,14,4,18,0,0,34,32,66,0,72,72,138
03/06/2009,PMD,CA,AWP,WE,Federal Contract Tower,0,0,3,2,5,0,0,2,2,4,0,0,5,4,9,0,0,0,9
03/07/2009,PMD,CA,AWP,WE,Federal Contract Tower,0,0,10,16,26,0,0,1,0,1,0,0,11,16,27,0,0,0,27
03/08/2009,PMD,CA,AWP,WE,Federal Contract Tower,0,0,2,12,14,0,0,0,0,0,0,0,2,12,14,0,0,0,14
03/09/2009,PMD,CA,AWP,WE,Federal Contract Tower,0,0,38,16,54,0,0,13,0,13,0,0,51,16,67,21,0,21,88
03/10/2009,PMD,CA,AWP,WE,Federal Contract Tower,0,0,10,31,41,0,0,25,0,25,0,0,35,31,66,10,14,24,90
03/11/2009,PMD,CA,AWP,WE,Federal Contract Tower,0,0,41,32,73,0,0,14,0,14,0,0,55,32,87,0,14,14,101
03/12/2009,PMD,CA,AWP,WE,Federal Contract Tower,0,0,15,35,50,0,0,10,0,10,0,0,25,35,60,2,64,66,126
03/13/2009,PMD,CA,AWP,WE,Federal Contract Tower,0,0,14,13,27,0,0,16,2,18,0,0,30,15,45,0,26,26,71
03/14/2009,PMD,CA,AWP,WE,Federal Contract Tower,0,0,10,1,11,0,0,6,0,6,0,0,16,1,17,0,0,0,17
03/15/2009,PMD,CA,AWP,WE,Federal Contract Tower,2,0,4,0,6,0,0,1,0,1,2,0,5,0,7,0,0,0,7
03/16/2009,PMD,CA,AWP,WE,Federal Contract Tower,0,0,14,15,29,0,0,18,0,18,0,0,32,15,47,24,18,42,89
03/17/2009,PMD,CA,AWP,WE,Federal Contract Tower,0,0,21,32,53,0,0,25,3,28,0,0,46,35,81,18,70,88,169
03/18/2009,PMD,CA,AWP,WE,Federal Contract Tower,0,0,25,30,55,0,0,15,2,17,0,0,40,32,72,0,80,80,152
03/19/2009,PMD,CA,AWP,WE,Federal Contract Tower,0,0,10,34,44,0,0,11,2,13,0,0,21,36,57,0,54,54,111
03/20/2009,PMD,CA,AWP,WE,Federal Contract Tower,0,0,2,18,20,0,0,6,2,8,0,0,8,20,28,0,44,44,72
03/21/2009,PMD,CA,AWP,WE,Federal Contract Tower,0,0,0,27,27,0,0,2,0,2,0,0,2,27,29,0,40,40,69
03/22/2009,PMD,CA,AWP,WE,Federal Contract Tower,0,0,0,0,0,0,0,0,0,0,0,0,0,0,0,0,0,0,0
03/23/2009,PMD,CA,AWP,WE,Federal Contract Tower,0,0,7,8,15,0,0,27,0,27,0,0,34,8,42,0,18,18,60
03/24/2009,PMD,CA,AWP,WE,Federal Contract Tower,0,0,12,15,27,0,0,18,8,26,0,0,30,23,53,0,50,50,103
03/25/2009,PMD,CA,AWP,WE,Federal Contract Tower,0,0,28,20,48,0,0,18,4,22,0,0,46,24,70,0,66,66,136
03/26/2009,PMD,CA,AWP,WE,Federal Contract Tower,0,0,20,5,25,0,0,13,0,13,0,0,33,5,38,0,26,26,64
03/27/2009,PMD,CA,AWP,WE,Federal Contract Tower,0,0,33,7,40,0,0,15,1,16,0,0,48,8,56,19,2,21,77
03/28/2009,PMD,CA,AWP,WE,Federal Contract Tower,0,0,20,1,21,0,0,1,0,1,0,0,21,1,22,0,0,0,22
03/29/2009,PMD,CA,AWP,WE,Federal Contract Tower,0,0,12,0,12,0,0,0,0,0,0,0,12,0,12,0,0,0,12
03/30/2009,PMD,CA,AWP,WE,Federal Contract Tower,0,0,15,11,26,0,0,12,0,12,0,0,27,11,38,0,14,14,52
03/31/2009,PMD,CA,AWP,WE,Federal Contract Tower,0,0,10,23,33,0,0,11,3,14,0,0,21,26,47,2,4,6,53
04/01/2009,PMD,CA,AWP,WE,Federal Contract Tower,7,0,22,28,57,0,0,26,0,26,7,0,48,28,83,19,12,31,114
04/02/2009,PMD,CA,AWP,WE,Federal Contract Tower,0,0,35,4,39,0,0,10,0,10,0,0,45,4,49,0,8,8,57
04/03/2009,PMD,CA,AWP,WE,Federal Contract Tower,0,0,1,0,1,0,0,3,0,3,0,0,4,0,4,0,0,0,4
04/04/2009,PMD,CA,AWP,WE,Federal Contract Tower,0,0,2,0,2,0,0,3,0,3,0,0,5,0,5,0,0,0,5
04/05/2009,PMD,CA,AWP,WE,Federal Contract Tower,0,0,6,0,6,0,0,0,0,0,0,0,6,0,6,0,0,0,6
04/06/2009,PMD,CA,AWP,WE,Federal Contract Tower,0,0,18,11,29,0,0,23,3,26,0,0,41,14,55,7,8,15,70
04/07/2009,PMD,CA,AWP,WE,Federal Contract Tower,0,0,18,32,50,0,0,12,0,12,0,0,30,32,62,2,0,2,64
04/08/2009,PMD,CA,AWP,WE,Federal Contract Tower,0,0,15,30,45,0,0,9,1,10,0,0,24,31,55,0,12,12,67
04/09/2009,PMD,CA,AWP,WE,Federal Contract Tower,12,0,17,52,81,0,0,10,0,10,12,0,27,52,91,2,58,60,151
04/10/2009,PMD,CA,AWP,WE,Federal Contract Tower,0,5,17,3,25,0,0,7,0,7,0,5,24,3,32,0,10,10,42
04/11/2009,PMD,CA,AWP,WE,Federal Contract Tower,0,0,8,2,10,0,0,0,0,0,0,0,8,2,10,0,8,8,18
04/12/2009,PMD,CA,AWP,WE,Federal Contract Tower,0,0,14,0,14,0,0,0,0,0,0,0,14,0,14,0,0,0,14
04/13/2009,PMD,CA,AWP,WE,Federal Contract Tower,0,0,46,39,85,0,0,17,2,19,0,0,63,41,104,27,41,68,172
04/14/2009,PMD,CA,AWP,WE,Federal Contract Tower,2,0,9,19,30,0,0,14,4,18,2,0,23,23,48,0,46,46,94
04/15/2009,PMD,CA,AWP,WE,Federal Contract Tower,0,0,9,38,47,0,0,11,0,11,0,0,20,38,58,0,20,20,78
04/16/2009,PMD,CA,AWP,WE,Federal Contract Tower,0,1,12,34,47,0,0,21,2,23,0,1,33,36,70,2,82,84,154
04/17/2009,PMD,CA,AWP,WE,Federal Contract Tower,0,1,18,0,19,0,0,8,0,8,0,1,26,0,27,2,18,20,47
04/18/2009,PMD,CA,AWP,WE,Federal Contract Tower,0,0,0,0,0,0,0,1,0,1,0,0,1,0,1,0,0,0,1
04/19/2009,PMD,CA,AWP,WE,Federal Contract Tower,0,0,0,0,0,0,0,2,0,2,0,0,2,0,2,0,0,0,2
04/20/2009,PMD,CA,AWP,WE,Federal Contract Tower,0,0,18,28,46,0,0,24,2,26,0,0,42,30,72,14,86,100,172
04/21/2009,PMD,CA,AWP,WE,Federal Contract Tower,2,0,8,41,51,0,0,24,0,24,2,0,32,41,75,0,62,62,137
04/22/2009,PMD,CA,AWP,WE,Federal Contract Tower,2,0,13,44,59,0,0,14,1,15,2,0,27,45,74,0,76,76,150
04/23/2009,PMD,CA,AWP,WE,Federal Contract Tower,0,0,14,52,66,0,0,9,4,13,0,0,23,56,79,0,80,80,159
04/24/2009,PMD,CA,AWP,WE,Federal Contract Tower,0,0,13,29,42,0,0,15,5,20,0,0,28,34,62,0,20,20,82
04/25/2009,PMD,CA,AWP,WE,Federal Contract Tower,0,0,0,0,0,0,0,1,0,1,0,0,1,0,1,0,0,0,1
04/26/2009,PMD,CA,AWP,WE,Federal Contract Tower,0,0,2,2,4,0,0,2,2,4,0,0,4,4,8,0,0,0,8
04/27/2009,PMD,CA,AWP,WE,Federal Contract Tower,0,0,17,16,33,0,0,6,0,6,0,0,23,16,39,0,42,42,81
04/28/2009,PMD,CA,AWP,WE,Federal Contract Tower,0,0,14,29,43,0,0,19,2,21,0,0,33,31,64,0,32,32,96
04/29/2009,PMD,CA,AWP,WE,Federal Contract Tower,4,0,35,59,98,0,0,15,6,21,4,0,50,65,119,6,107,113,232
04/30/2009,PMD,CA,AWP,WE,Federal Contract Tower,0,0,11,44,55,0,0,17,2,19,0,0,28,46,74,0,54,54,128
05/01/2009,PMD,CA,AWP,WE,Federal Contract Tower,0,0,8,12,20,0,0,2,0,2,0,0,10,12,22,0,0,0,22
05/02/2009,PMD,CA,AWP,WE,Federal Contract Tower,0,0,4,0,4,0,0,2,0,2,0,0,6,0,6,0,0,0,6
05/03/2009,PMD,CA,AWP,WE,Federal Contract Tower,4,0,0,20,24,0,0,2,0,2,4,0,2,20,26,0,0,0,26
05/04/2009,PMD,CA,AWP,WE,Federal Contract Tower,0,0,13,6,19,0,0,15,0,15,0,0,28,6,34,0,18,18,52
05/05/2009,PMD,CA,AWP,WE,Federal Contract Tower,0,0,16,5,21,0,0,21,2,23,0,0,37,7,44,0,0,0,44
05/06/2009,PMD,CA,AWP,WE,Federal Contract Tower,0,0,19,29,48,0,0,16,2,18,0,0,35,31,66,10,32,42,108
05/07/2009,PMD,CA,AWP,WE,Federal Contract Tower,0,0,12,16,28,0,0,17,2,19,0,0,29,18,47,0,40,40,87
05/08/2009,PMD,CA,AWP,WE,Federal Contract Tower,6,0,41,2,49,0,0,14,0,14,6,0,55,2,63,25,0,25,88
05/09/2009,PMD,CA,AWP,WE,Federal Contract Tower,0,0,1,0,1,0,0,14,0,14,0,0,15,0,15,0,0,0,15
05/10/2009,PMD,CA,AWP,WE,Federal Contract Tower,0,0,2,0,2,0,0,0,0,0,0,0,2,0,2,0,0,0,2
05/11/2009,PMD,CA,AWP,WE,Federal Contract Tower,0,0,28,10,38,0,0,14,0,14,0,0,42,10,52,0,6,6,58
05/12/2009,PMD,CA,AWP,WE,Federal Contract Tower,0,0,21,43,64,0,0,12,4,16,0,0,33,47,80,6,38,44,124
05/13/2009,PMD,CA,AWP,WE,Federal Contract Tower,0,0,22,25,47,0,0,27,4,31,0,0,49,29,78,2,42,44,122
05/14/2009,PMD,CA,AWP,WE,Federal Contract Tower,0,0,23,46,69,0,0,15,5,20,0,0,38,51,89,3,74,77,166
05/15/2009,PMD,CA,AWP,WE,Federal Contract Tower,0,0,6,18,24,0,0,3,0,3,0,0,9,18,27,0,0,0,27
05/16/2009,PMD,CA,AWP,WE,Federal Contract Tower,4,0,12,0,16,0,0,0,0,0,4,0,12,0,16,0,0,0,16
05/17/2009,PMD,CA,AWP,WE,Federal Contract Tower,0,0,0,0,0,0,0,0,0,0,0,0,0,0,0,0,0,0,0
05/18/2009,PMD,CA,AWP,WE,Federal Contract Tower,0,0,21,21,42,0,0,14,0,14,0,0,35,21,56,0,100,100,156
05/19/2009,PMD,CA,AWP,WE,Federal Contract Tower,0,0,10,20,30,0,0,17,0,17,0,0,27,20,47,8,74,82,129
05/20/2009,PMD,CA,AWP,WE,Federal Contract Tower,0,0,25,30,55,0,0,18,0,18,0,0,43,30,73,2,66,68,141
05/21/2009,PMD,CA,AWP,WE,Federal Contract Tower,0,0,20,31,51,0,0,16,0,16,0,0,36,31,67,0,28,28,95
05/22/2009,PMD,CA,AWP,WE,Federal Contract Tower,2,0,8,0,10,0,0,6,0,6,2,0,14,0,16,2,0,2,18
05/23/2009,PMD,CA,AWP,WE,Federal Contract Tower,0,0,2,0,2,0,0,2,0,2,0,0,4,0,4,0,0,0,4
05/24/2009,PMD,CA,AWP,WE,Federal Contract Tower,0,0,12,0,12,0,0,0,0,0,0,0,12,0,12,0,0,0,12
05/25/2009,PMD,CA,AWP,WE,Federal Contract Tower,0,0,2,0,2,0,0,0,0,0,0,0,2,0,2,0,0,0,2
05/26/2009,PMD,CA,AWP,WE,Federal Contract Tower,0,0,27,4,31,0,0,19,0,19,0,0,46,4,50,9,28,37,87
05/27/2009,PMD,CA,AWP,WE,Federal Contract Tower,0,0,21,43,64,0,0,7,2,9,0,0,28,45,73,0,97,97,170
05/28/2009,PMD,CA,AWP,WE,Federal Contract Tower,0,0,20,15,35,0,0,11,2,13,0,0,31,17,48,4,34,38,86
05/29/2009,PMD,CA,AWP,WE,Federal Contract Tower,0,0,7,11,18,0,0,16,4,20,0,0,23,15,38,18,8,26,64
05/30/2009,PMD,CA,AWP,WE,Federal Contract Tower,4,4,0,0,8,0,0,1,0,1,4,4,1,0,9,0,0,0,9
05/31/2009,PMD,CA,AWP,WE,Federal Contract Tower,0,0,12,0,12,0,0,1,0,1,0,0,13,0,13,0,0,0,13
06/01/2009,PMD,CA,AWP,WE,Federal Contract Tower,0,0,21,6,27,0,0,7,0,7,0,0,28,6,34,4,46,50,84
06/02/2009,PMD,CA,AWP,WE,Federal Contract Tower,0,0,13,21,34,0,0,13,2,15,0,0,26,23,49,54,88,142,191
06/03/2009,PMD,CA,AWP,WE,Federal Contract Tower,0,0,16,9,25,0,0,12,0,12,0,0,28,9,37,0,12,12,49
06/04/2009,PMD,CA,AWP,WE,Federal Contract Tower,0,0,18,12,30,0,0,7,3,10,0,0,25,15,40,0,38,38,78
06/05/2009,PMD,CA,AWP,WE,Federal Contract Tower,0,0,13,3,16,0,0,5,0,5,0,0,18,3,21,0,24,24,45
06/06/2009,PMD,CA,AWP,WE,Federal Contract Tower,0,0,1,0,1,0,0,2,1,3,0,0,3,1,4,0,0,0,4
06/07/2009,PMD,CA,AWP,WE,Federal Contract Tower,2,0,0,0,2,4,0,0,0,4,6,0,0,0,6,0,0,0,6
06/08/2009,PMD,CA,AWP,WE,Federal Contract Tower,0,0,19,10,29,0,0,12,1,13,0,0,31,11,42,6,24,30,72
06/09/2009,PMD,CA,AWP,WE,Federal Contract Tower,0,0,13,5,18,0,0,10,0,10,0,0,23,5,28,0,18,18,46
06/10/2009,PMD,CA,AWP,WE,Federal Contract Tower,0,0,17,17,34,0,0,14,1,15,0,0,31,18,49,18,18,36,85
06/11/2009,PMD,CA,AWP,WE,Federal Contract Tower,0,0,10,24,34,0,0,19,0,19,0,0,29,24,53,0,50,50,103
06/12/2009,PMD,CA,AWP,WE,Federal Contract Tower,0,0,10,1,11,0,0,4,2,6,0,0,14,3,17,0,0,0,17
06/13/2009,PMD,CA,AWP,WE,Federal Contract Tower,0,0,8,4,12,0,0,4,0,4,0,0,12,4,16,0,0,0,16
06/14/2009,PMD,CA,AWP,WE,Federal Contract Tower,0,0,2,2,4,0,0,0,0,0,0,0,2,2,4,0,10,10,14
06/15/2009,PMD,CA,AWP,WE,Federal Contract Tower,0,0,12,5,17,0,0,9,1,10,0,0,21,6,27,0,2,2,29
06/16/2009,PMD,CA,AWP,WE,Federal Contract Tower,0,0,11,14,25,0,0,7,0,7,0,0,18,14,32,0,46,46,78
06/17/2009,PMD,CA,AWP,WE,Federal Contract Tower,0,0,15,34,49,0,0,23,0,23,0,0,38,34,72,12,70,82,154
06/18/2009,PMD,CA,AWP,WE,Federal Contract Tower,0,0,19,22,41,0,0,24,3,27,0,0,43,25,68,0,22,22,90
06/19/2009,PMD,CA,AWP,WE,Federal Contract Tower,0,0,22,6,28,0,0,22,0,22,0,0,44,6,50,0,0,0,50
06/20/2009,PMD,CA,AWP,WE,Federal Contract Tower,0,0,2,0,2,0,0,1,0,1,0,0,3,0,3,0,0,0,3
06/21/2009,PMD,CA,AWP,WE,Federal Contract Tower,0,0,3,0,3,0,0,0,0,0,0,0,3,0,3,0,0,0,3
06/22/2009,PMD,CA,AWP,WE,Federal Contract Tower,0,0,12,11,23,0,0,10,2,12,0,0,22,13,35,2,22,24,59
06/23/2009,PMD,CA,AWP,WE,Federal Contract Tower,0,0,12,32,44,0,0,12,0,12,0,0,24,32,56,0,90,90,146
06/24/2009,PMD,CA,AWP,WE,Federal Contract Tower,0,0,13,31,44,0,0,12,6,18,0,0,25,37,62,0,68,68,130
06/25/2009,PMD,CA,AWP,WE,Federal Contract Tower,0,0,18,21,39,0,0,15,1,16,0,0,33,22,55,4,22,26,81
06/26/2009,PMD,CA,AWP,WE,Federal Contract Tower,0,0,1,10,11,0,0,3,0,3,0,0,4,10,14,0,2,2,16
06/27/2009,PMD,CA,AWP,WE,Federal Contract Tower,0,0,3,0,3,0,0,0,0,0,0,0,3,0,3,0,0,0,3
06/28/2009,PMD,CA,AWP,WE,Federal Contract Tower,0,0,4,0,4,0,0,1,0,1,0,0,5,0,5,0,0,0,5
06/29/2009,PMD,CA,AWP,WE,Federal Contract Tower,0,0,11,18,29,0,0,12,3,15,0,0,23,21,44,0,40,40,84
06/30/2009,PMD,CA,AWP,WE,Federal Contract Tower,0,0,29,13,42,0,0,19,2,21,0,0,48,15,63,17,40,57,120
07/01/2009,PMD,CA,AWP,WE,Federal Contract Tower,0,0,21,26,47,0,0,21,0,21,0,0,42,26,68,6,70,76,144
07/02/2009,PMD,CA,AWP,WE,Federal Contract Tower,0,0,16,6,22,0,0,14,0,14,0,0,30,6,36,0,2,2,38
07/03/2009,PMD,CA,AWP,WE,Federal Contract Tower,0,0,0,0,0,0,0,9,0,9,0,0,9,0,9,0,0,0,9
07/04/2009,PMD,CA,AWP,WE,Federal Contract Tower,0,0,2,0,2,0,0,2,0,2,0,0,4,0,4,0,0,0,4
07/05/2009,PMD,CA,AWP,WE,Federal Contract Tower,0,0,10,2,12,0,0,1,0,1,0,0,11,2,13,0,8,8,21
07/06/2009,PMD,CA,AWP,WE,Federal Contract Tower,0,0,14,10,24,0,0,10,1,11,0,0,24,11,35,2,36,38,73
07/07/2009,PMD,CA,AWP,WE,Federal Contract Tower,0,0,20,27,47,0,0,12,2,14,0,0,32,29,61,0,22,22,83
07/08/2009,PMD,CA,AWP,WE,Federal Contract Tower,0,0,42,11,53,0,0,9,2,11,0,0,51,13,64,8,42,50,114
07/09/2009,PMD,CA,AWP,WE,Federal Contract Tower,6,0,11,32,49,0,0,9,1,10,6,0,20,33,59,3,69,72,131
07/10/2009,PMD,CA,AWP,WE,Federal Contract Tower,0,0,6,6,12,0,0,8,1,9,0,0,14,7,21,0,36,36,57
07/11/2009,PMD,CA,AWP,WE,Federal Contract Tower,0,0,9,6,15,0,0,8,0,8,0,0,17,6,23,0,22,22,45
07/12/2009,PMD,CA,AWP,WE,Federal Contract Tower,0,0,14,2,16,0,0,1,0,1,0,0,15,2,17,0,0,0,17
07/13/2009,PMD,CA,AWP,WE,Federal Contract Tower,0,0,21,13,34,0,1,14,2,17,0,1,35,15,51,4,26,30,81
07/14/2009,PMD,CA,AWP,WE,Federal Contract Tower,0,0,30,34,64,0,0,16,0,16,0,0,46,34,80,0,46,46,126
07/15/2009,PMD,CA,AWP,WE,Federal Contract Tower,0,0,30,27,57,0,0,11,1,12,0,0,41,28,69,22,56,78,147
07/16/2009,PMD,CA,AWP,WE,Federal Contract Tower,0,0,18,28,46,0,0,10,2,12,0,0,28,30,58,0,52,52,110
07/17/2009,PMD,CA,AWP,WE,Federal Contract Tower,0,0,12,27,39,0,0,18,0,18,0,0,30,27,57,6,20,26,83
07/18/2009,PMD,CA,AWP,WE,Federal Contract Tower,0,0,9,1,10,0,0,6,0,6,0,0,15,1,16,0,0,0,16
07/19/2009,PMD,CA,AWP,WE,Federal Contract Tower,0,0,0,12,12,0,0,1,0,1,0,0,1,12,13,0,0,0,13
07/20/2009,PMD,CA,AWP,WE,Federal Contract Tower,0,0,28,16,44,0,0,7,0,7,0,0,35,16,51,22,48,70,121
07/21/2009,PMD,CA,AWP,WE,Federal Contract Tower,0,0,16,18,34,0,0,18,4,22,0,0,34,22,56,2,56,58,114
07/22/2009,PMD,CA,AWP,WE,Federal Contract Tower,0,0,26,16,42,0,0,18,2,20,0,0,44,18,62,0,74,74,136
07/23/2009,PMD,CA,AWP,WE,Federal Contract Tower,0,0,24,3,27,0,0,15,0,15,0,0,39,3,42,0,60,60,102
07/24/2009,PMD,CA,AWP,WE,Federal Contract Tower,0,4,9,28,41,0,0,5,0,5,0,4,14,28,46,0,34,34,80
07/25/2009,PMD,CA,AWP,WE,Federal Contract Tower,0,0,6,0,6,0,0,2,0,2,0,0,8,0,8,0,0,0,8
07/26/2009,PMD,CA,AWP,WE,Federal Contract Tower,0,0,12,0,12,0,0,0,0,0,0,0,12,0,12,0,0,0,12
07/27/2009,PMD,CA,AWP,WE,Federal Contract Tower,6,0,20,16,42,0,0,10,1,11,6,0,30,17,53,4,44,48,101
07/28/2009,PMD,CA,AWP,WE,Federal Contract Tower,2,0,31,41,74,0,0,15,1,16,2,0,46,42,90,14,93,107,197
07/29/2009,PMD,CA,AWP,WE,Federal Contract Tower,0,0,25,11,36,0,0,15,0,15,0,0,40,11,51,2,69,71,122
07/30/2009,PMD,CA,AWP,WE,Federal Contract Tower,0,0,16,25,41,0,0,8,0,8,0,0,24,25,49,0,68,68,117
07/31/2009,PMD,CA,AWP,WE,Federal Contract Tower,0,0,25,16,41,0,0,15,0,15,0,0,40,16,56,0,26,26,82
08/01/2009,PMD,CA,AWP,WE,Federal Contract Tower,0,0,6,12,18,0,0,1,1,2,0,0,7,13,20,0,26,26,46
08/02/2009,PMD,CA,AWP,WE,Federal Contract Tower,0,0,4,0,4,0,0,2,0,2,0,0,6,0,6,0,0,0,6
08/03/2009,PMD,CA,AWP,WE,Federal Contract Tower,0,0,18,13,31,0,0,15,2,17,0,0,33,15,48,4,56,60,108
08/04/2009,PMD,CA,AWP,WE,Federal Contract Tower,0,0,21,24,45,0,0,12,4,16,0,0,33,28,61,1,96,97,158
08/05/2009,PMD,CA,AWP,WE,Federal Contract Tower,0,0,21,13,34,0,0,26,1,27,0,0,47,14,61,2,40,42,103
08/06/2009,PMD,CA,AWP,WE,Federal Contract Tower,0,0,20,33,53,0,0,15,0,15,0,0,35,33,68,0,78,78,146
08/07/2009,PMD,CA,AWP,WE,Federal Contract Tower,0,0,3,2,5,0,0,9,0,9,0,0,12,2,14,0,10,10,24
08/08/2009,PMD,CA,AWP,WE,Federal Contract Tower,0,0,10,0,10,0,0,3,0,3,0,0,13,0,13,0,0,0,13
08/09/2009,PMD,CA,AWP,WE,Federal Contract Tower,0,0,8,0,8,0,0,0,0,0,0,0,8,0,8,0,0,0,8
08/10/2009,PMD,CA,AWP,WE,Federal Contract Tower,0,0,26,15,41,0,0,13,0,13,0,0,39,15,54,0,43,43,97
08/11/2009,PMD,CA,AWP,WE,Federal Contract Tower,0,0,16,54,70,0,0,15,3,18,0,0,31,57,88,10,28,38,126
08/12/2009,PMD,CA,AWP,WE,Federal Contract Tower,0,0,15,22,37,0,0,17,0,17,0,0,32,22,54,0,30,30,84
08/13/2009,PMD,CA,AWP,WE,Federal Contract Tower,0,0,12,40,52,0,0,13,0,13,0,0,25,40,65,8,10,18,83
08/14/2009,PMD,CA,AWP,WE,Federal Contract Tower,0,0,20,29,49,0,0,18,4,22,0,0,38,33,71,8,10,18,89
08/15/2009,PMD,CA,AWP,WE,Federal Contract Tower,0,0,7,4,11,0,0,6,0,6,0,0,13,4,17,0,34,34,51
08/16/2009,PMD,CA,AWP,WE,Federal Contract Tower,0,0,8,0,8,0,0,2,0,2,0,0,10,0,10,0,0,0,10
08/17/2009,PMD,CA,AWP,WE,Federal Contract Tower,0,0,23,41,64,0,0,15,0,15,0,0,38,41,79,8,30,38,117
08/18/2009,PMD,CA,AWP,WE,Federal Contract Tower,0,0,19,31,50,0,0,12,0,12,0,0,31,31,62,0,62,62,124
08/19/2009,PMD,CA,AWP,WE,Federal Contract Tower,10,0,45,30,85,0,0,8,2,10,10,0,53,32,95,0,58,58,153
08/20/2009,PMD,CA,AWP,WE,Federal Contract Tower,0,0,26,36,62,0,0,16,5,21,0,0,42,41,83,0,101,101,184
08/21/2009,PMD,CA,AWP,WE,Federal Contract Tower,0,0,22,27,49,0,1,2,18,21,0,1,24,45,70,6,14,20,90
08/22/2009,PMD,CA,AWP,WE,Federal Contract Tower,0,0,10,1,11,0,0,1,0,1,0,0,11,1,12,0,0,0,12
08/23/2009,PMD,CA,AWP,WE,Federal Contract Tower,0,0,12,0,12,0,0,2,0,2,0,0,14,0,14,0,0,0,14
08/24/2009,PMD,CA,AWP,WE,Federal Contract Tower,0,2,22,12,36,0,0,5,1,6,0,2,27,13,42,0,26,26,68
08/25/2009,PMD,CA,AWP,WE,Federal Contract Tower,0,4,25,27,56,0,0,12,0,12,0,4,37,27,68,0,58,58,126
08/26/2009,PMD,CA,AWP,WE,Federal Contract Tower,0,0,18,21,39,0,0,14,1,15,0,0,32,22,54,0,54,54,108
08/27/2009,PMD,CA,AWP,WE,Federal Contract Tower,0,0,20,22,42,0,0,5,0,5,0,0,25,22,47,7,56,63,110
08/28/2009,PMD,CA,AWP,WE,Federal Contract Tower,0,0,16,24,40,0,0,13,0,13,0,0,29,24,53,4,14,18,71
08/29/2009,PMD,CA,AWP,WE,Federal Contract Tower,0,0,2,6,8,0,0,2,0,2,0,0,4,6,10,0,0,0,10
08/30/2009,PMD,CA,AWP,WE,Federal Contract Tower,0,0,23,0,23,0,0,0,0,0,0,0,23,0,23,0,0,0,23
08/31/2009,PMD,CA,AWP,WE,Federal Contract Tower,0,0,21,24,45,0,0,13,0,13,0,0,34,24,58,0,26,26,84
09/01/2009,PMD,CA,AWP,WE,Federal Contract Tower,0,0,27,25,52,0,0,10,1,11,0,0,37,26,63,0,72,72,135
09/02/2009,PMD,CA,AWP,WE,Federal Contract Tower,0,0,19,21,40,0,0,12,0,12,0,0,31,21,52,0,4,4,56
09/03/2009,PMD,CA,AWP,WE,Federal Contract Tower,0,0,16,26,42,0,0,11,7,18,0,0,27,33,60,0,107,107,167
09/04/2009,PMD,CA,AWP,WE,Federal Contract Tower,0,0,16,12,28,0,0,7,0,7,0,0,23,12,35,0,0,0,35
09/05/2009,PMD,CA,AWP,WE,Federal Contract Tower,0,0,8,0,8,0,0,0,0,0,0,0,8,0,8,0,0,0,8
09/06/2009,PMD,CA,AWP,WE,Federal Contract Tower,0,0,0,0,0,0,0,0,0,0,0,0,0,0,0,0,0,0,0
09/07/2009,PMD,CA,AWP,WE,Federal Contract Tower,0,0,8,0,8,0,0,0,0,0,0,0,8,0,8,0,0,0,8
09/08/2009,PMD,CA,AWP,WE,Federal Contract Tower,0,0,21,8,29,0,0,11,0,11,0,0,32,8,40,0,4,4,44
09/09/2009,PMD,CA,AWP,WE,Federal Contract Tower,0,0,32,14,46,0,0,17,1,18,0,0,49,15,64,0,28,28,92
09/10/2009,PMD,CA,AWP,WE,Federal Contract Tower,0,2,13,32,47,0,0,11,12,23,0,2,24,44,70,6,48,54,124
09/11/2009,PMD,CA,AWP,WE,Federal Contract Tower,0,0,38,22,60,0,0,11,3,14,0,0,49,25,74,0,34,34,108
09/12/2009,PMD,CA,AWP,WE,Federal Contract Tower,0,0,1,0,1,0,0,6,0,6,0,0,7,0,7,0,0,0,7
09/13/2009,PMD,CA,AWP,WE,Federal Contract Tower,4,0,13,7,24,0,0,0,0,0,4,0,13,7,24,2,10,12,36
09/14/2009,PMD,CA,AWP,WE,Federal Contract Tower,0,0,30,5,35,0,0,10,2,12,0,0,40,7,47,0,0,0,47
09/15/2009,PMD,CA,AWP,WE,Federal Contract Tower,0,0,8,32,40,0,0,13,1,14,0,0,21,33,54,0,52,52,106
09/16/2009,PMD,CA,AWP,WE,Federal Contract Tower,0,0,18,25,43,0,0,15,8,23,0,0,33,33,66,0,54,54,120
09/17/2009,PMD,CA,AWP,WE,Federal Contract Tower,0,0,27,23,50,0,0,36,1,37,0,0,63,24,87,4,34,38,125
09/18/2009,PMD,CA,AWP,WE,Federal Contract Tower,0,0,13,0,13,0,0,18,7,25,0,0,31,7,38,0,10,10,48
09/19/2009,PMD,CA,AWP,WE,Federal Contract Tower,0,0,12,1,13,0,0,3,1,4,0,0,15,2,17,0,2,2,19
09/20/2009,PMD,CA,AWP,WE,Federal Contract Tower,0,0,14,4,18,0,0,3,0,3,0,0,17,4,21,8,0,8,29
09/21/2009,PMD,CA,AWP,WE,Federal Contract Tower,0,0,27,12,39,0,0,14,1,15,0,0,41,13,54,0,0,0,54
09/22/2009,PMD,CA,AWP,WE,Federal Contract Tower,0,0,27,20,47,0,0,13,4,17,0,0,40,24,64,0,38,38,102
09/23/2009,PMD,CA,AWP,WE,Federal Contract Tower,0,0,20,14,34,0,0,14,1,15,0,0,34,15,49,0,22,22,71
09/24/2009,PMD,CA,AWP,WE,Federal Contract Tower,0,0,18,44,62,0,0,9,1,10,0,0,27,45,72,0,82,82,154
09/25/2009,PMD,CA,AWP,WE,Federal Contract Tower,4,0,24,4,32,0,0,6,0,6,4,0,30,4,38,2,0,2,40
09/26/2009,PMD,CA,AWP,WE,Federal Contract Tower,0,0,16,2,18,0,0,4,0,4,0,0,20,2,22,0,0,0,22
09/27/2009,PMD,CA,AWP,WE,Federal Contract Tower,0,0,0,2,2,0,0,0,0,0,0,0,0,2,2,0,0,0,2
09/28/2009,PMD,CA,AWP,WE,Federal Contract Tower,0,0,25,39,64,0,0,7,0,7,0,0,32,39,71,0,25,25,96
09/29/2009,PMD,CA,AWP,WE,Federal Contract Tower,0,0,22,77,99,0,0,6,1,7,0,0,28,78,106,0,112,112,218
09/30/2009,PMD,CA,AWP,WE,Federal Contract Tower,10,0,32,55,97,0,0,7,11,18,10,0,39,66,115,0,82,82,197
10/01/2009,PMD,CA,AWP,WE,Federal Contract Tower,0,0,25,17,42,0,0,10,0,10,0,0,35,17,52,0,30,30,82
10/02/2009,PMD,CA,AWP,WE,Federal Contract Tower,0,0,10,4,14,0,0,3,0,3,0,0,13,4,17,3,0,3,20
10/03/2009,PMD,CA,AWP,WE,Federal Contract Tower,0,0,10,0,10,0,0,1,0,1,0,0,11,0,11,0,0,0,11
10/04/2009,PMD,CA,AWP,WE,Federal Contract Tower,0,0,2,0,2,0,0,0,0,0,0,0,2,0,2,0,0,0,2
10/05/2009,PMD,CA,AWP,WE,Federal Contract Tower,0,0,31,21,52,0,0,7,0,7,0,0,38,21,59,21,36,57,116
10/06/2009,PMD,CA,AWP,WE,Federal Contract Tower,0,0,24,22,46,0,0,14,2,16,0,0,38,24,62,0,89,89,151
10/07/2009,PMD,CA,AWP,WE,Federal Contract Tower,0,0,24,46,70,0,0,11,0,11,0,0,35,46,81,13,93,106,187
10/08/2009,PMD,CA,AWP,WE,Federal Contract Tower,0,0,18,30,48,2,0,9,0,11,2,0,27,30,59,0,58,58,117
10/09/2009,PMD,CA,AWP,WE,Federal Contract Tower,8,0,13,24,45,0,0,6,0,6,8,0,19,24,51,0,0,0,51
10/10/2009,PMD,CA,AWP,WE,Federal Contract Tower,0,0,2,0,2,0,0,3,0,3,0,0,5,0,5,0,0,0,5
10/11/2009,PMD,CA,AWP,WE,Federal Contract Tower,0,0,4,0,4,1,0,0,0,1,1,0,4,0,5,0,0,0,5
10/12/2009,PMD,CA,AWP,WE,Federal Contract Tower,0,0,17,0,17,0,0,4,0,4,0,0,21,0,21,0,0,0,21
10/13/2009,PMD,CA,AWP,WE,Federal Contract Tower,0,0,22,49,71,0,0,5,0,5,0,0,27,49,76,6,2,8,84
10/14/2009,PMD,CA,AWP,WE,Federal Contract Tower,0,0,40,26,66,0,0,2,0,2,0,0,42,26,68,0,80,80,148
10/15/2009,PMD,CA,AWP,WE,Federal Contract Tower,0,0,23,21,44,2,0,13,0,15,2,0,36,21,59,0,35,35,94
10/16/2009,PMD,CA,AWP,WE,Federal Contract Tower,0,0,24,2,26,0,0,1,2,3,0,0,25,4,29,0,8,8,37
10/17/2009,PMD,CA,AWP,WE,Federal Contract Tower,0,0,6,0,6,0,0,1,0,1,0,0,7,0,7,0,0,0,7
10/18/2009,PMD,CA,AWP,WE,Federal Contract Tower,0,0,8,0,8,0,0,2,0,2,0,0,10,0,10,0,0,0,10
10/19/2009,PMD,CA,AWP,WE,Federal Contract Tower,0,0,19,17,36,0,0,4,0,4,0,0,23,17,40,0,42,42,82
10/20/2009,PMD,CA,AWP,WE,Federal Contract Tower,0,0,20,24,44,0,0,20,0,20,0,0,40,24,64,0,42,42,106
10/21/2009,PMD,CA,AWP,WE,Federal Contract Tower,0,0,19,8,27,0,0,19,0,19,0,0,38,8,46,0,38,38,84
10/22/2009,PMD,CA,AWP,WE,Federal Contract Tower,0,0,11,16,27,0,0,11,6,17,0,0,22,22,44,0,4,4,48
10/23/2009,PMD,CA,AWP,WE,Federal Contract Tower,0,0,17,2,19,0,0,5,2,7,0,0,22,4,26,0,12,12,38
10/24/2009,PMD,CA,AWP,WE,Federal Contract Tower,0,0,4,0,4,0,0,0,0,0,0,0,4,0,4,0,0,0,4
10/25/2009,PMD,CA,AWP,WE,Federal Contract Tower,0,0,8,0,8,0,0,0,0,0,0,0,8,0,8,0,0,0,8
10/26/2009,PMD,CA,AWP,WE,Federal Contract Tower,0,0,24,4,28,0,0,8,4,12,0,0,32,8,40,2,8,10,50
10/27/2009,PMD,CA,AWP,WE,Federal Contract Tower,0,0,0,0,0,0,0,2,0,2,0,0,2,0,2,0,0,0,2
10/28/2009,PMD,CA,AWP,WE,Federal Contract Tower,0,0,13,17,30,0,0,17,4,21,0,0,30,21,51,14,32,46,97
10/29/2009,PMD,CA,AWP,WE,Federal Contract Tower,0,0,19,36,55,0,0,11,2,13,0,0,30,38,68,26,66,92,160
10/30/2009,PMD,CA,AWP,WE,Federal Contract Tower,0,0,25,0,25,0,0,16,1,17,0,0,41,1,42,0,16,16,58
10/31/2009,PMD,CA,AWP,WE,Federal Contract Tower,0,0,16,2,18,0,0,1,0,1,0,0,17,2,19,0,0,0,19
11/01/2009,PMD,CA,AWP,WE,Federal Contract Tower,0,0,22,0,22,0,0,0,0,0,0,0,22,0,22,0,0,0,22
11/02/2009,PMD,CA,AWP,WE,Federal Contract Tower,0,0,28,4,32,0,0,11,0,11,0,0,39,4,43,0,20,20,63
11/03/2009,PMD,CA,AWP,WE,Federal Contract Tower,0,0,16,30,46,0,0,8,1,9,0,0,24,31,55,0,16,16,71
11/04/2009,PMD,CA,AWP,WE,Federal Contract Tower,0,0,25,16,41,0,0,12,2,14,0,0,37,18,55,0,30,30,85
11/05/2009,PMD,CA,AWP,WE,Federal Contract Tower,0,0,24,35,59,0,0,18,1,19,0,0,42,36,78,0,90,90,168
11/06/2009,PMD,CA,AWP,WE,Federal Contract Tower,0,0,28,18,46,0,0,17,0,17,0,0,45,18,63,2,32,34,97
11/07/2009,PMD,CA,AWP,WE,Federal Contract Tower,0,0,6,4,10,0,0,1,0,1,0,0,7,4,11,4,0,4,15
11/08/2009,PMD,CA,AWP,WE,Federal Contract Tower,0,0,10,0,10,0,0,0,0,0,0,0,10,0,10,0,0,0,10
11/09/2009,PMD,CA,AWP,WE,Federal Contract Tower,0,0,15,13,28,0,0,5,0,5,0,0,20,13,33,0,2,2,35
11/10/2009,PMD,CA,AWP,WE,Federal Contract Tower,0,0,12,15,27,0,0,13,0,13,0,0,25,15,40,0,32,32,72
11/11/2009,PMD,CA,AWP,WE,Federal Contract Tower,0,0,21,1,22,0,0,0,0,0,0,0,21,1,22,0,0,0,22
11/12/2009,PMD,CA,AWP,WE,Federal Contract Tower,0,0,15,20,35,0,0,14,6,20,0,0,29,26,55,0,56,56,111
11/13/2009,PMD,CA,AWP,WE,Federal Contract Tower,0,0,18,2,20,0,0,1,0,1,0,0,19,2,21,0,0,0,21
11/14/2009,PMD,CA,AWP,WE,Federal Contract Tower,0,0,16,0,16,0,0,3,0,3,0,0,19,0,19,0,0,0,19
11/15/2009,PMD,CA,AWP,WE,Federal Contract Tower,0,0,4,7,11,0,0,0,0,0,0,0,4,7,11,0,0,0,11
11/16/2009,PMD,CA,AWP,WE,Federal Contract Tower,0,0,13,20,33,0,0,4,0,4,0,0,17,20,37,14,14,28,65
11/17/2009,PMD,CA,AWP,WE,Federal Contract Tower,0,0,14,23,37,0,0,9,3,12,0,0,23,26,49,0,62,62,111
11/18/2009,PMD,CA,AWP,WE,Federal Contract Tower,0,6,13,17,36,0,0,16,1,17,0,6,29,18,53,0,14,14,67
11/19/2009,PMD,CA,AWP,WE,Federal Contract Tower,0,0,22,12,34,0,0,13,0,13,0,0,35,12,47,0,8,8,55
11/20/2009,PMD,CA,AWP,WE,Federal Contract Tower,0,0,14,20,34,0,0,6,2,8,0,0,20,22,42,0,27,27,69
11/21/2009,PMD,CA,AWP,WE,Federal Contract Tower,0,0,4,0,4,0,0,2,0,2,0,0,6,0,6,0,0,0,6
11/22/2009,PMD,CA,AWP,WE,Federal Contract Tower,0,0,15,1,16,0,0,0,0,0,0,0,15,1,16,0,0,0,16
11/23/2009,PMD,CA,AWP,WE,Federal Contract Tower,0,0,18,16,34,0,0,9,1,10,0,0,27,17,44,0,52,52,96
11/24/2009,PMD,CA,AWP,WE,Federal Contract Tower,0,0,13,19,32,0,0,7,5,12,0,0,20,24,44,0,66,66,110
11/25/2009,PMD,CA,AWP,WE,Federal Contract Tower,0,0,15,11,26,0,0,9,2,11,0,0,24,13,37,0,0,0,37
11/26/2009,PMD,CA,AWP,WE,Federal Contract Tower,0,0,0,0,0,0,0,0,0,0,0,0,0,0,0,0,0,0,0
11/27/2009,PMD,CA,AWP,WE,Federal Contract Tower,0,0,4,0,4,0,0,2,0,2,0,0,6,0,6,0,0,0,6
11/28/2009,PMD,CA,AWP,WE,Federal Contract Tower,0,0,0,0,0,0,0,1,0,1,0,0,1,0,1,0,0,0,1
11/29/2009,PMD,CA,AWP,WE,Federal Contract Tower,0,0,0,0,0,0,0,0,0,0,0,0,0,0,0,0,0,0,0
11/30/2009,PMD,CA,AWP,WE,Federal Contract Tower,0,0,28,8,36,0,0,9,0,9,0,0,37,8,45,4,17,21,66
12/01/2009,PMD,CA,AWP,WE,Federal Contract Tower,0,0,12,17,29,0,0,22,0,22,0,0,34,17,51,0,54,54,105
12/02/2009,PMD,CA,AWP,WE,Federal Contract Tower,0,0,14,19,33,0,0,19,5,24,0,0,33,24,57,0,38,38,95
12/03/2009,PMD,CA,AWP,WE,Federal Contract Tower,0,0,36,24,60,0,0,7,5,12,0,0,43,29,72,0,66,66,138
12/04/2009,PMD,CA,AWP,WE,Federal Contract Tower,0,0,28,22,50,0,0,5,0,5,0,0,33,22,55,18,30,48,103
12/05/2009,PMD,CA,AWP,WE,Federal Contract Tower,0,0,3,0,3,0,0,0,1,1,0,0,3,1,4,0,36,36,40
12/06/2009,PMD,CA,AWP,WE,Federal Contract Tower,0,0,0,2,2,0,0,0,0,0,0,0,0,2,2,0,0,0,2
12/07/2009,PMD,CA,AWP,WE,Federal Contract Tower,0,0,19,24,43,0,0,0,0,0,0,0,19,24,43,0,54,54,97
12/08/2009,PMD,CA,AWP,WE,Federal Contract Tower,0,4,12,22,38,0,0,16,2,18,0,4,28,24,56,0,76,76,132
12/09/2009,PMD,CA,AWP,WE,Federal Contract Tower,4,0,16,15,35,0,0,13,0,13,4,0,29,15,48,32,4,36,84
12/10/2009,PMD,CA,AWP,WE,Federal Contract Tower,0,2,20,49,71,0,0,12,2,14,0,2,32,51,85,10,72,82,167
12/11/2009,PMD,CA,AWP,WE,Federal Contract Tower,0,4,2,13,19,0,0,0,0,0,0,4,2,13,19,0,0,0,19
12/12/2009,PMD,CA,AWP,WE,Federal Contract Tower,0,0,2,1,3,0,0,0,0,0,0,0,2,1,3,0,0,0,3
12/13/2009,PMD,CA,AWP,WE,Federal Contract Tower,0,0,0,5,5,0,0,0,0,0,0,0,0,5,5,0,0,0,5
12/14/2009,PMD,CA,AWP,WE,Federal Contract Tower,0,0,46,11,57,0,0,7,1,8,0,0,53,12,65,2,12,14,79
12/15/2009,PMD,CA,AWP,WE,Federal Contract Tower,0,0,15,40,55,0,0,12,0,12,0,0,27,40,67,0,50,50,117
12/16/2009,PMD,CA,AWP,WE,Federal Contract Tower,0,0,27,14,41,0,0,8,4,12,0,0,35,18,53,0,28,28,81
12/17/2009,PMD,CA,AWP,WE,Federal Contract Tower,0,0,19,33,52,0,0,7,1,8,0,0,26,34,60,12,44,56,116
12/18/2009,PMD,CA,AWP,WE,Federal Contract Tower,0,0,36,27,63,0,0,14,2,16,0,0,50,29,79,0,24,24,103
12/19/2009,PMD,CA,AWP,WE,Federal Contract Tower,0,0,4,0,4,0,0,3,0,3,0,0,7,0,7,0,0,0,7
12/20/2009,PMD,CA,AWP,WE,Federal Contract Tower,0,0,8,0,8,0,0,2,0,2,0,0,10,0,10,0,0,0,10
12/21/2009,PMD,CA,AWP,WE,Federal Contract Tower,0,0,17,31,48,0,0,9,1,10,0,0,26,32,58,5,74,79,137
12/22/2009,PMD,CA,AWP,WE,Federal Contract Tower,0,0,12,18,30,0,0,7,1,8,0,0,19,19,38,0,0,0,38
12/23/2009,PMD,CA,AWP,WE,Federal Contract Tower,0,0,7,10,17,0,0,4,0,4,0,0,11,10,21,0,0,0,21
12/24/2009,PMD,CA,AWP,WE,Federal Contract Tower,0,0,0,0,0,0,4,0,0,4,0,4,0,0,4,0,0,0,4
12/25/2009,PMD,CA,AWP,WE,Federal Contract Tower,0,0,0,0,0,0,0,0,0,0,0,0,0,0,0,0,0,0,0
12/26/2009,PMD,CA,AWP,WE,Federal Contract Tower,0,0,0,0,0,0,0,1,0,1,0,0,1,0,1,0,0,0,1
12/27/2009,PMD,CA,AWP,WE,Federal Contract Tower,0,0,2,0,2,0,0,0,0,0,0,0,2,0,2,0,0,0,2
12/28/2009,PMD,CA,AWP,WE,Federal Contract Tower,0,0,4,10,14,0,0,0,0,0,0,0,4,10,14,0,14,14,28
12/29/2009,PMD,CA,AWP,WE,Federal Contract Tower,0,0,26,10,36,0,0,6,0,6,0,0,32,10,42,0,40,40,82
12/30/2009,PMD,CA,AWP,WE,Federal Contract Tower,0,4,0,0,4,0,0,4,0,4,0,4,4,0,8,0,0,0,8
12/31/2009,PMD,CA,AWP,WE,Federal Contract Tower,0,0,0,0,0,0,0,5,0,5,0,0,5,0,5,0,0,0,5
01/01/2010,PMD,CA,AWP,WE,Federal Contract Tower,0,0,2,0,2,0,0,2,0,2,0,0,4,0,4,0,0,0,4
01/02/2010,PMD,CA,AWP,WE,Federal Contract Tower,0,0,0,0,0,0,0,2,0,2,0,0,2,0,2,0,0,0,2
01/03/2010,PMD,CA,AWP,WE,Federal Contract Tower,0,0,2,0,2,0,0,2,0,2,0,0,4,0,4,0,0,0,4
01/04/2010,PMD,CA,AWP,WE,Federal Contract Tower,0,0,20,0,20,0,0,6,0,6,0,0,26,0,26,0,0,0,26
01/05/2010,PMD,CA,AWP,WE,Federal Contract Tower,0,0,19,16,35,0,0,18,3,21,0,0,37,19,56,0,31,31,87
01/06/2010,PMD,CA,AWP,WE,Federal Contract Tower,0,0,23,6,29,0,0,8,0,8,0,0,31,6,37,9,20,29,66
01/07/2010,PMD,CA,AWP,WE,Federal Contract Tower,0,0,22,47,69,0,0,0,0,0,0,0,22,47,69,4,32,36,105
01/08/2010,PMD,CA,AWP,WE,Federal Contract Tower,0,0,4,38,42,0,0,1,0,1,0,0,5,38,43,4,75,79,122
01/09/2010,PMD,CA,AWP,WE,Federal Contract Tower,0,0,17,7,24,0,0,5,0,5,0,0,22,7,29,0,2,2,31
01/10/2010,PMD,CA,AWP,WE,Federal Contract Tower,0,0,8,2,10,0,0,0,4,4,0,0,8,6,14,0,12,12,26
01/11/2010,PMD,CA,AWP,WE,Federal Contract Tower,0,0,23,35,58,0,0,13,2,15,0,0,36,37,73,22,55,77,150
01/12/2010,PMD,CA,AWP,WE,Federal Contract Tower,0,0,31,42,73,0,0,24,0,24,0,0,55,42,97,14,33,47,144
01/13/2010,PMD,CA,AWP,WE,Federal Contract Tower,0,0,24,22,46,0,0,12,0,12,0,0,36,22,58,2,93,95,153
01/14/2010,PMD,CA,AWP,WE,Federal Contract Tower,0,0,17,27,44,0,0,16,3,19,0,0,33,30,63,20,24,44,107
01/15/2010,PMD,CA,AWP,WE,Federal Contract Tower,0,0,14,30,44,0,0,7,11,18,0,0,21,41,62,0,6,6,68
01/16/2010,PMD,CA,AWP,WE,Federal Contract Tower,0,0,12,8,20,0,0,1,0,1,0,0,13,8,21,0,0,0,21
01/17/2010,PMD,CA,AWP,WE,Federal Contract Tower,0,0,0,1,1,0,0,2,0,2,0,0,2,1,3,0,0,0,3
01/18/2010,PMD,CA,AWP,WE,Federal Contract Tower,0,0,17,2,19,0,0,0,0,0,0,0,17,2,19,0,0,0,19
01/19/2010,PMD,CA,AWP,WE,Federal Contract Tower,0,0,19,39,58,0,0,6,4,10,0,0,25,43,68,0,32,32,100
01/20/2010,PMD,CA,AWP,WE,Federal Contract Tower,0,0,16,5,21,0,0,2,2,4,0,0,18,7,25,0,2,2,27
01/21/2010,PMD,CA,AWP,WE,Federal Contract Tower,0,0,14,11,25,0,0,1,0,1,0,0,15,11,26,0,0,0,26
01/22/2010,PMD,CA,AWP,WE,Federal Contract Tower,0,0,4,33,37,0,0,0,2,2,0,0,4,35,39,0,48,48,87
01/23/2010,PMD,CA,AWP,WE,Federal Contract Tower,0,0,2,12,14,0,0,1,2,3,0,0,3,14,17,0,32,32,49
01/24/2010,PMD,CA,AWP,WE,Federal Contract Tower,0,0,4,3,7,0,0,0,1,1,0,0,4,4,8,0,0,0,8
01/25/2010,PMD,CA,AWP,WE,Federal Contract Tower,0,0,25,19,44,0,0,11,0,11,0,0,36,19,55,2,46,48,103
01/26/2010,PMD,CA,AWP,WE,Federal Contract Tower,0,0,11,89,100,0,0,10,3,13,0,0,21,92,113,0,46,46,159
01/27/2010,PMD,CA,AWP,WE,Federal Contract Tower,6,0,33,45,84,0,0,5,0,5,6,0,38,45,89,2,103,105,194
01/28/2010,PMD,CA,AWP,WE,Federal Contract Tower,0,0,22,61,83,0,0,7,8,15,0,0,29,69,98,3,113,116,214
01/29/2010,PMD,CA,AWP,WE,Federal Contract Tower,0,0,23,4,27,1,2,3,0,6,1,2,26,4,33,14,26,40,73
01/30/2010,PMD,CA,AWP,WE,Federal Contract Tower,0,0,22,0,22,0,0,2,0,2,0,0,24,0,24,18,0,18,42
01/31/2010,PMD,CA,AWP,WE,Federal Contract Tower,0,0,6,3,9,0,0,0,0,0,0,0,6,3,9,0,0,0,9
02/01/2010,PMD,CA,AWP,WE,Federal Contract Tower,0,0,13,7,20,0,0,8,0,8,0,0,21,7,28,5,0,5,33
02/02/2010,PMD,CA,AWP,WE,Federal Contract Tower,0,6,23,26,55,0,0,4,2,6,0,6,27,28,61,6,39,45,106
02/03/2010,PMD,CA,AWP,WE,Federal Contract Tower,0,0,37,19,56,0,0,5,5,10,0,0,42,24,66,6,76,82,148
02/04/2010,PMD,CA,AWP,WE,Federal Contract Tower,0,0,29,50,79,0,0,7,2,9,0,0,36,52,88,14,74,88,176
02/05/2010,PMD,CA,AWP,WE,Federal Contract Tower,0,0,19,8,27,0,0,7,0,7,0,0,26,8,34,18,2,20,54
02/06/2010,PMD,CA,AWP,WE,Federal Contract Tower,0,0,0,9,9,0,0,1,2,3,0,0,1,11,12,0,6,6,18
02/07/2010,PMD,CA,AWP,WE,Federal Contract Tower,0,0,2,0,2,0,0,0,0,0,0,0,2,0,2,0,0,0,2
02/08/2010,PMD,CA,AWP,WE,Federal Contract Tower,0,0,21,14,35,0,0,4,0,4,0,0,25,14,39,5,69,74,113
02/09/2010,PMD,CA,AWP,WE,Federal Contract Tower,0,4,25,23,52,0,0,3,0,3,0,4,28,23,55,4,5,9,64
02/10/2010,PMD,CA,AWP,WE,Federal Contract Tower,0,4,24,20,48,0,0,4,0,4,0,4,28,20,52,0,23,23,75
02/11/2010,PMD,CA,AWP,WE,Federal Contract Tower,0,0,26,39,65,0,0,8,0,8,0,0,34,39,73,24,39,63,136
02/12/2010,PMD,CA,AWP,WE,Federal Contract Tower,0,0,23,11,34,0,0,8,1,9,0,0,31,12,43,8,8,16,59
02/13/2010,PMD,CA,AWP,WE,Federal Contract Tower,0,0,8,0,8,0,0,0,0,0,0,0,8,0,8,0,0,0,8
02/14/2010,PMD,CA,AWP,WE,Federal Contract Tower,0,0,10,0,10,0,0,0,0,0,0,0,10,0,10,0,0,0,10
02/15/2010,PMD,CA,AWP,WE,Federal Contract Tower,0,0,28,0,28,0,0,12,0,12,0,0,40,0,40,0,0,0,40
02/16/2010,PMD,CA,AWP,WE,Federal Contract Tower,0,4,19,15,38,0,0,16,4,20,0,4,35,19,58,2,72,74,132
02/17/2010,PMD,CA,AWP,WE,Federal Contract Tower,0,0,29,16,45,0,0,3,2,5,0,0,32,18,50,12,60,72,122
02/18/2010,PMD,CA,AWP,WE,Federal Contract Tower,0,0,28,28,56,0,0,6,0,6,0,0,34,28,62,12,26,38,100
02/19/2010,PMD,CA,AWP,WE,Federal Contract Tower,0,0,3,10,13,0,0,1,0,1,0,0,4,10,14,0,4,4,18
02/20/2010,PMD,CA,AWP,WE,Federal Contract Tower,0,0,0,0,0,0,0,0,0,0,0,0,0,0,0,0,0,0,0
02/21/2010,PMD,CA,AWP,WE,Federal Contract Tower,0,0,2,0,2,0,0,0,0,0,0,0,2,0,2,0,0,0,2
02/22/2010,PMD,CA,AWP,WE,Federal Contract Tower,0,0,15,10,25,0,0,4,0,4,0,0,19,10,29,0,0,0,29
02/23/2010,PMD,CA,AWP,WE,Federal Contract Tower,0,0,23,24,47,0,0,11,0,11,0,0,34,24,58,9,80,89,147
02/24/2010,PMD,CA,AWP,WE,Federal Contract Tower,0,0,30,29,59,0,0,4,0,4,0,0,34,29,63,20,45,65,128
02/25/2010,PMD,CA,AWP,WE,Federal Contract Tower,0,0,24,17,41,0,0,17,3,20,0,0,41,20,61,14,73,87,148
02/26/2010,PMD,CA,AWP,WE,Federal Contract Tower,0,0,20,9,29,0,0,11,2,13,0,0,31,11,42,0,28,28,70
02/27/2010,PMD,CA,AWP,WE,Federal Contract Tower,0,0,2,0,2,0,0,0,0,0,0,0,2,0,2,0,0,0,2
02/28/2010,PMD,CA,AWP,WE,Federal Contract Tower,0,0,6,0,6,0,0,0,0,0,0,0,6,0,6,0,0,0,6
03/01/2010,PMD,CA,AWP,WE,Federal Contract Tower,0,0,31,4,35,0,0,10,26,36,0,0,41,30,71,5,0,5,76
03/02/2010,PMD,CA,AWP,WE,Federal Contract Tower,0,0,31,39,70,0,0,9,4,13,0,0,40,43,83,8,49,57,140
03/03/2010,PMD,CA,AWP,WE,Federal Contract Tower,0,0,18,52,70,0,0,13,2,15,0,0,31,54,85,12,67,79,164
03/04/2010,PMD,CA,AWP,WE,Federal Contract Tower,0,0,20,36,56,0,0,21,0,21,0,0,41,36,77,4,14,18,95
03/05/2010,PMD,CA,AWP,WE,Federal Contract Tower,10,0,14,20,44,0,0,19,0,19,10,0,33,20,63,28,58,86,149
03/06/2010,PMD,CA,AWP,WE,Federal Contract Tower,0,0,6,0,6,0,0,9,0,9,0,0,15,0,15,0,0,0,15
03/07/2010,PMD,CA,AWP,WE,Federal Contract Tower,0,0,0,0,0,0,0,8,0,8,0,0,8,0,8,0,0,0,8
03/08/2010,PMD,CA,AWP,WE,Federal Contract Tower,0,0,16,39,55,0,0,8,2,10,0,0,24,41,65,8,86,94,159
03/09/2010,PMD,CA,AWP,WE,Federal Contract Tower,0,0,8,19,27,0,0,6,0,6,0,0,14,19,33,0,36,36,69
03/10/2010,PMD,CA,AWP,WE,Federal Contract Tower,0,0,19,13,32,0,0,10,0,10,0,0,29,13,42,0,30,30,72
03/11/2010,PMD,CA,AWP,WE,Federal Contract Tower,0,4,28,30,62,0,0,16,0,16,0,4,44,30,78,8,97,105,183
03/12/2010,PMD,CA,AWP,WE,Federal Contract Tower,0,0,20,18,38,0,0,20,0,20,0,0,40,18,58,6,72,78,136
03/13/2010,PMD,CA,AWP,WE,Federal Contract Tower,0,0,0,0,0,0,0,2,0,2,0,0,2,0,2,0,0,0,2
03/14/2010,PMD,CA,AWP,WE,Federal Contract Tower,0,0,2,2,4,0,0,4,0,4,0,0,6,2,8,0,0,0,8
03/15/2010,PMD,CA,AWP,WE,Federal Contract Tower,0,0,21,14,35,0,1,10,0,11,0,1,31,14,46,2,67,69,115
03/16/2010,PMD,CA,AWP,WE,Federal Contract Tower,0,0,11,23,34,0,0,10,2,12,0,0,21,25,46,0,10,10,56
03/17/2010,PMD,CA,AWP,WE,Federal Contract Tower,0,0,20,7,27,0,0,17,2,19,0,0,37,9,46,2,60,62,108
03/18/2010,PMD,CA,AWP,WE,Federal Contract Tower,0,0,11,16,27,0,0,12,2,14,0,0,23,18,41,0,26,26,67
03/19/2010,PMD,CA,AWP,WE,Federal Contract Tower,0,0,5,11,16,0,0,7,0,7,0,0,12,11,23,0,20,20,43
03/20/2010,PMD,CA,AWP,WE,Federal Contract Tower,0,0,2,0,2,0,0,4,0,4,0,0,6,0,6,4,0,4,10
03/21/2010,PMD,CA,AWP,WE,Federal Contract Tower,0,0,0,0,0,0,0,5,0,5,0,0,5,0,5,0,0,0,5
03/22/2010,PMD,CA,AWP,WE,Federal Contract Tower,0,0,18,24,42,0,0,7,8,15,0,0,25,32,57,0,24,24,81
03/23/2010,PMD,CA,AWP,WE,Federal Contract Tower,0,0,20,16,36,0,0,11,0,11,0,0,31,16,47,11,28,39,86
03/24/2010,PMD,CA,AWP,WE,Federal Contract Tower,0,0,19,24,43,0,0,8,0,8,0,0,27,24,51,4,20,24,75
03/25/2010,PMD,CA,AWP,WE,Federal Contract Tower,0,2,22,31,55,0,0,8,0,8,0,2,30,31,63,7,36,43,106
03/26/2010,PMD,CA,AWP,WE,Federal Contract Tower,0,0,15,8,23,0,0,7,2,9,0,0,22,10,32,20,0,20,52
03/27/2010,PMD,CA,AWP,WE,Federal Contract Tower,0,0,2,8,10,0,0,0,0,0,0,0,2,8,10,0,14,14,24
03/28/2010,PMD,CA,AWP,WE,Federal Contract Tower,0,0,4,8,12,0,0,4,0,4,0,0,8,8,16,0,0,0,16
03/29/2010,PMD,CA,AWP,WE,Federal Contract Tower,0,0,17,7,24,0,0,17,5,22,0,0,34,12,46,0,16,16,62
03/30/2010,PMD,CA,AWP,WE,Federal Contract Tower,0,0,10,24,34,0,0,8,2,10,0,0,18,26,44,2,14,16,60
03/31/2010,PMD,CA,AWP,WE,Federal Contract Tower,0,0,15,28,43,0,0,10,2,12,0,0,25,30,55,6,16,22,77
04/01/2010,PMD,CA,AWP,WE,Federal Contract Tower,0,0,10,24,34,0,0,17,0,17,0,0,27,24,51,0,22,22,73
04/02/2010,PMD,CA,AWP,WE,Federal Contract Tower,0,0,4,12,16,0,0,8,0,8,0,0,12,12,24,0,14,14,38
04/03/2010,PMD,CA,AWP,WE,Federal Contract Tower,0,0,0,0,0,0,0,8,0,8,0,0,8,0,8,0,0,0,8
04/04/2010,PMD,CA,AWP,WE,Federal Contract Tower,0,0,0,0,0,0,0,3,0,3,0,0,3,0,3,0,0,0,3
04/05/2010,PMD,CA,AWP,WE,Federal Contract Tower,0,0,13,7,20,0,0,3,0,3,0,0,16,7,23,0,38,38,61
04/06/2010,PMD,CA,AWP,WE,Federal Contract Tower,0,0,26,40,66,0,0,10,3,13,0,0,36,43,79,12,10,22,101
04/07/2010,PMD,CA,AWP,WE,Federal Contract Tower,0,0,17,52,69,0,0,7,4,11,0,0,24,56,80,0,70,70,150
04/08/2010,PMD,CA,AWP,WE,Federal Contract Tower,0,0,18,16,34,0,0,7,4,11,0,0,25,20,45,42,36,78,123
04/09/2010,PMD,CA,AWP,WE,Federal Contract Tower,0,0,25,18,43,0,0,12,0,12,0,0,37,18,55,2,10,12,67
04/10/2010,PMD,CA,AWP,WE,Federal Contract Tower,0,0,6,4,10,0,0,6,0,6,0,0,12,4,16,8,24,32,48
04/11/2010,PMD,CA,AWP,WE,Federal Contract Tower,0,0,0,0,0,0,0,2,0,2,0,0,2,0,2,0,0,0,2
04/12/2010,PMD,CA,AWP,WE,Federal Contract Tower,0,0,24,34,58,0,0,6,0,6,0,0,30,34,64,0,14,14,78
04/13/2010,PMD,CA,AWP,WE,Federal Contract Tower,0,4,16,41,61,0,0,15,0,15,0,4,31,41,76,6,2,8,84
04/14/2010,PMD,CA,AWP,WE,Federal Contract Tower,6,0,23,51,80,0,0,8,0,8,6,0,31,51,88,8,77,85,173
04/15/2010,PMD,CA,AWP,WE,Federal Contract Tower,0,0,44,22,66,0,0,9,8,17,0,0,53,30,83,20,82,102,185
04/16/2010,PMD,CA,AWP,WE,Federal Contract Tower,0,0,22,10,32,0,0,7,0,7,0,0,29,10,39,4,4,8,47
04/17/2010,PMD,CA,AWP,WE,Federal Contract Tower,0,0,12,0,12,0,0,4,0,4,0,0,16,0,16,0,0,0,16
04/18/2010,PMD,CA,AWP,WE,Federal Contract Tower,0,0,6,0,6,0,0,3,0,3,0,0,9,0,9,0,0,0,9
04/19/2010,PMD,CA,AWP,WE,Federal Contract Tower,0,2,15,6,23,0,0,22,0,22,0,2,37,6,45,0,14,14,59
04/20/2010,PMD,CA,AWP,WE,Federal Contract Tower,0,0,30,25,55,0,0,6,0,6,0,0,36,25,61,0,18,18,79
04/21/2010,PMD,CA,AWP,WE,Federal Contract Tower,0,0,18,23,41,0,0,4,0,4,0,0,22,23,45,0,55,55,100
04/22/2010,PMD,CA,AWP,WE,Federal Contract Tower,0,0,16,30,46,0,0,7,2,9,0,0,23,32,55,3,20,23,78
04/23/2010,PMD,CA,AWP,WE,Federal Contract Tower,0,0,20,26,46,0,0,8,1,9,0,0,28,27,55,2,14,16,71
04/24/2010,PMD,CA,AWP,WE,Federal Contract Tower,0,0,13,0,13,0,0,0,0,0,0,0,13,0,13,0,0,0,13
04/25/2010,PMD,CA,AWP,WE,Federal Contract Tower,0,0,4,0,4,0,0,2,0,2,0,0,6,0,6,0,0,0,6
04/26/2010,PMD,CA,AWP,WE,Federal Contract Tower,0,2,16,31,49,0,0,13,4,17,0,2,29,35,66,2,38,40,106
04/27/2010,PMD,CA,AWP,WE,Federal Contract Tower,0,0,20,16,36,0,0,5,2,7,0,0,25,18,43,2,10,12,55
04/28/2010,PMD,CA,AWP,WE,Federal Contract Tower,0,0,36,6,42,0,0,14,0,14,0,0,50,6,56,1,0,1,57
04/29/2010,PMD,CA,AWP,WE,Federal Contract Tower,0,0,18,12,30,0,0,8,1,9,0,0,26,13,39,0,52,52,91
04/30/2010,PMD,CA,AWP,WE,Federal Contract Tower,0,0,9,18,27,0,0,2,0,2,0,0,11,18,29,0,61,61,90
05/01/2010,PMD,CA,AWP,WE,Federal Contract Tower,0,0,15,0,15,0,0,10,0,10,0,0,25,0,25,0,0,0,25
05/02/2010,PMD,CA,AWP,WE,Federal Contract Tower,0,0,5,0,5,0,0,4,0,4,0,0,9,0,9,3,0,3,12
05/03/2010,PMD,CA,AWP,WE,Federal Contract Tower,0,8,24,16,48,0,0,9,0,9,0,8,33,16,57,0,16,16,73
05/04/2010,PMD,CA,AWP,WE,Federal Contract Tower,0,4,31,46,81,0,0,9,1,10,0,4,40,47,91,4,51,55,146
05/05/2010,PMD,CA,AWP,WE,Federal Contract Tower,0,4,19,13,36,0,0,16,0,16,0,4,35,13,52,0,32,32,84
05/06/2010,PMD,CA,AWP,WE,Federal Contract Tower,0,0,21,33,54,0,0,11,1,12,0,0,32,34,66,0,104,104,170
05/07/2010,PMD,CA,AWP,WE,Federal Contract Tower,0,0,15,33,48,0,0,13,0,13,0,0,28,33,61,0,16,16,77
05/08/2010,PMD,CA,AWP,WE,Federal Contract Tower,0,0,20,0,20,0,0,0,0,0,0,0,20,0,20,0,0,0,20
05/09/2010,PMD,CA,AWP,WE,Federal Contract Tower,0,0,1,0,1,0,0,5,0,5,0,0,6,0,6,0,0,0,6
05/10/2010,PMD,CA,AWP,WE,Federal Contract Tower,0,0,24,4,28,0,0,10,0,10,0,0,34,4,38,0,48,48,86
05/11/2010,PMD,CA,AWP,WE,Federal Contract Tower,0,0,28,28,56,0,0,10,0,10,0,0,38,28,66,0,72,72,138
05/12/2010,PMD,CA,AWP,WE,Federal Contract Tower,0,0,29,27,56,0,0,16,0,16,0,0,45,27,72,0,44,44,116
05/13/2010,PMD,CA,AWP,WE,Federal Contract Tower,0,0,14,16,30,0,0,14,1,15,0,0,28,17,45,2,12,14,59
05/14/2010,PMD,CA,AWP,WE,Federal Contract Tower,6,0,8,2,16,0,0,5,0,5,6,0,13,2,21,0,0,0,21
05/15/2010,PMD,CA,AWP,WE,Federal Contract Tower,0,0,20,6,26,0,0,10,0,10,0,0,30,6,36,0,32,32,68
05/16/2010,PMD,CA,AWP,WE,Federal Contract Tower,0,0,11,0,11,0,0,12,0,12,0,0,23,0,23,0,0,0,23
05/17/2010,PMD,CA,AWP,WE,Federal Contract Tower,0,0,22,22,44,0,0,4,2,6,0,0,26,24,50,0,48,48,98
05/18/2010,PMD,CA,AWP,WE,Federal Contract Tower,0,0,29,36,65,0,0,7,10,17,0,0,36,46,82,16,78,94,176
05/19/2010,PMD,CA,AWP,WE,Federal Contract Tower,0,0,42,30,72,0,0,11,1,12,0,0,53,31,84,0,68,68,152
05/20/2010,PMD,CA,AWP,WE,Federal Contract Tower,0,0,15,21,36,0,0,11,0,11,0,0,26,21,47,2,14,16,63
05/21/2010,PMD,CA,AWP,WE,Federal Contract Tower,0,0,26,6,32,0,0,11,0,11,0,0,37,6,43,4,0,4,47
05/22/2010,PMD,CA,AWP,WE,Federal Contract Tower,4,0,11,0,15,0,0,3,0,3,4,0,14,0,18,0,0,0,18
05/23/2010,PMD,CA,AWP,WE,Federal Contract Tower,0,0,3,0,3,0,0,2,0,2,0,0,5,0,5,2,0,2,7
05/24/2010,PMD,CA,AWP,WE,Federal Contract Tower,0,0,27,12,39,0,0,6,0,6,0,0,33,12,45,8,0,8,53
05/25/2010,PMD,CA,AWP,WE,Federal Contract Tower,0,4,34,6,44,0,0,14,0,14,0,4,48,6,58,2,0,2,60
05/26/2010,PMD,CA,AWP,WE,Federal Contract Tower,0,0,29,16,45,0,0,11,5,16,0,0,40,21,61,4,35,39,100
05/27/2010,PMD,CA,AWP,WE,Federal Contract Tower,0,0,30,20,50,0,0,2,0,2,0,0,32,20,52,0,24,24,76
05/28/2010,PMD,CA,AWP,WE,Federal Contract Tower,0,0,18,18,36,0,0,1,0,1,0,0,19,18,37,0,6,6,43
05/29/2010,PMD,CA,AWP,WE,Federal Contract Tower,0,0,10,0,10,0,0,0,0,0,0,0,10,0,10,0,0,0,10
05/30/2010,PMD,CA,AWP,WE,Federal Contract Tower,0,0,0,0,0,0,0,2,0,2,0,0,2,0,2,0,0,0,2
05/31/2010,PMD,CA,AWP,WE,Federal Contract Tower,0,0,6,0,6,0,0,4,0,4,0,0,10,0,10,0,0,0,10
06/01/2010,PMD,CA,AWP,WE,Federal Contract Tower,0,0,29,27,56,0,0,8,0,8,0,0,37,27,64,3,8,11,75
06/02/2010,PMD,CA,AWP,WE,Federal Contract Tower,0,0,16,7,23,0,0,13,2,15,0,0,29,9,38,10,12,22,60
06/03/2010,PMD,CA,AWP,WE,Federal Contract Tower,0,0,48,11,59,0,0,16,3,19,0,0,64,14,78,33,69,102,180
06/04/2010,PMD,CA,AWP,WE,Federal Contract Tower,0,0,18,2,20,0,0,6,1,7,0,0,24,3,27,0,0,0,27
06/05/2010,PMD,CA,AWP,WE,Federal Contract Tower,0,0,4,10,14,0,0,0,2,2,0,0,4,12,16,0,6,6,22
06/06/2010,PMD,CA,AWP,WE,Federal Contract Tower,0,0,7,2,9,0,0,2,0,2,0,0,9,2,11,0,0,0,11
06/07/2010,PMD,CA,AWP,WE,Federal Contract Tower,0,0,43,9,52,0,0,7,3,10,0,0,50,12,62,16,58,74,136
06/08/2010,PMD,CA,AWP,WE,Federal Contract Tower,0,0,23,20,43,0,0,3,4,7,0,0,26,24,50,8,22,30,80
06/09/2010,PMD,CA,AWP,WE,Federal Contract Tower,0,0,25,33,58,0,0,7,5,12,0,0,32,38,70,0,24,24,94
06/10/2010,PMD,CA,AWP,WE,Federal Contract Tower,0,0,13,38,51,0,0,8,4,12,0,0,21,42,63,4,76,80,143
06/11/2010,PMD,CA,AWP,WE,Federal Contract Tower,0,0,1,2,3,0,0,6,1,7,0,0,7,3,10,0,0,0,10
06/12/2010,PMD,CA,AWP,WE,Federal Contract Tower,0,0,2,0,2,0,0,0,0,0,0,0,2,0,2,0,0,0,2
06/13/2010,PMD,CA,AWP,WE,Federal Contract Tower,0,0,6,0,6,0,0,6,0,6,0,0,12,0,12,0,0,0,12
06/14/2010,PMD,CA,AWP,WE,Federal Contract Tower,0,0,17,11,28,0,0,11,0,11,0,0,28,11,39,0,22,22,61
06/15/2010,PMD,CA,AWP,WE,Federal Contract Tower,0,0,45,21,66,0,0,9,2,11,0,0,54,23,77,23,38,61,138
06/16/2010,PMD,CA,AWP,WE,Federal Contract Tower,0,0,16,14,30,0,0,16,10,26,0,0,32,24,56,8,98,106,162
06/17/2010,PMD,CA,AWP,WE,Federal Contract Tower,0,0,34,12,46,0,0,7,5,12,0,0,41,17,58,0,4,4,62
06/18/2010,PMD,CA,AWP,WE,Federal Contract Tower,0,18,20,0,38,0,0,4,0,4,0,18,24,0,42,0,6,6,48
06/19/2010,PMD,CA,AWP,WE,Federal Contract Tower,0,0,9,0,9,0,0,5,0,5,0,0,14,0,14,0,0,0,14
06/20/2010,PMD,CA,AWP,WE,Federal Contract Tower,4,2,0,0,6,0,0,0,0,0,4,2,0,0,6,0,0,0,6
06/21/2010,PMD,CA,AWP,WE,Federal Contract Tower,0,0,27,15,42,0,0,4,5,9,0,0,31,20,51,0,18,18,69
06/22/2010,PMD,CA,AWP,WE,Federal Contract Tower,0,0,12,35,47,0,0,10,0,10,0,0,22,35,57,22,40,62,119
06/23/2010,PMD,CA,AWP,WE,Federal Contract Tower,0,0,24,25,49,0,0,5,2,7,0,0,29,27,56,21,49,70,126
06/24/2010,PMD,CA,AWP,WE,Federal Contract Tower,0,0,16,1,17,0,0,5,11,16,0,0,21,12,33,0,34,34,67
06/25/2010,PMD,CA,AWP,WE,Federal Contract Tower,0,0,13,1,14,0,0,5,2,7,0,0,18,3,21,46,20,66,87
06/26/2010,PMD,CA,AWP,WE,Federal Contract Tower,0,0,7,0,7,0,0,0,0,0,0,0,7,0,7,51,0,51,58
06/27/2010,PMD,CA,AWP,WE,Federal Contract Tower,0,0,4,0,4,0,0,0,0,0,0,0,4,0,4,0,0,0,4
06/28/2010,PMD,CA,AWP,WE,Federal Contract Tower,0,0,21,22,43,0,0,10,0,10,0,0,31,22,53,7,16,23,76
06/29/2010,PMD,CA,AWP,WE,Federal Contract Tower,8,0,15,11,34,0,0,9,2,11,8,0,24,13,45,0,44,44,89
06/30/2010,PMD,CA,AWP,WE,Federal Contract Tower,2,0,17,23,42,0,0,14,12,26,2,0,31,35,68,2,28,30,98
07/01/2010,PMD,CA,AWP,WE,Federal Contract Tower,0,0,23,16,39,0,0,7,10,17,0,0,30,26,56,0,78,78,134
07/02/2010,PMD,CA,AWP,WE,Federal Contract Tower,0,0,14,0,14,0,0,11,0,11,0,0,25,0,25,0,0,0,25
07/03/2010,PMD,CA,AWP,WE,Federal Contract Tower,0,0,0,0,0,0,0,1,0,1,0,0,1,0,1,0,0,0,1
07/04/2010,PMD,CA,AWP,WE,Federal Contract Tower,0,0,4,0,4,0,0,2,0,2,0,0,6,0,6,0,0,0,6
07/05/2010,PMD,CA,AWP,WE,Federal Contract Tower,0,0,4,0,4,0,0,4,0,4,0,0,8,0,8,0,0,0,8
07/06/2010,PMD,CA,AWP,WE,Federal Contract Tower,0,0,21,9,30,0,0,8,0,8,0,0,29,9,38,0,26,26,64
07/07/2010,PMD,CA,AWP,WE,Federal Contract Tower,0,0,19,29,48,0,0,11,2,13,0,0,30,31,61,14,72,86,147
07/08/2010,PMD,CA,AWP,WE,Federal Contract Tower,0,0,15,23,38,0,1,15,10,26,0,1,30,33,64,0,46,46,110
07/09/2010,PMD,CA,AWP,WE,Federal Contract Tower,0,0,18,14,32,0,0,1,2,3,0,0,19,16,35,20,30,50,85
07/10/2010,PMD,CA,AWP,WE,Federal Contract Tower,0,0,6,2,8,0,0,0,2,2,0,0,6,4,10,0,6,6,16
07/11/2010,PMD,CA,AWP,WE,Federal Contract Tower,0,0,17,0,17,0,0,0,0,0,0,0,17,0,17,0,0,0,17
07/12/2010,PMD,CA,AWP,WE,Federal Contract Tower,0,0,14,8,22,0,0,10,0,10,0,0,24,8,32,0,32,32,64
07/13/2010,PMD,CA,AWP,WE,Federal Contract Tower,0,0,12,10,22,0,0,15,2,17,0,0,27,12,39,0,40,40,79
07/14/2010,PMD,CA,AWP,WE,Federal Contract Tower,0,0,17,32,49,0,2,17,0,19,0,2,34,32,68,12,26,38,106
07/15/2010,PMD,CA,AWP,WE,Federal Contract Tower,0,0,10,26,36,0,0,14,2,16,0,0,24,28,52,7,32,39,91
07/16/2010,PMD,CA,AWP,WE,Federal Contract Tower,0,0,23,18,41,0,0,4,0,4,0,0,27,18,45,22,16,38,83
07/17/2010,PMD,CA,AWP,WE,Federal Contract Tower,0,0,6,0,6,0,0,0,1,1,0,0,6,1,7,0,0,0,7
07/18/2010,PMD,CA,AWP,WE,Federal Contract Tower,0,0,2,0,2,0,0,0,0,0,0,0,2,0,2,0,0,0,2
07/19/2010,PMD,CA,AWP,WE,Federal Contract Tower,0,0,20,20,40,0,0,12,3,15,0,0,32,23,55,4,24,28,83
07/20/2010,PMD,CA,AWP,WE,Federal Contract Tower,0,4,14,44,62,0,0,10,10,20,0,4,24,54,82,2,120,122,204
07/21/2010,PMD,CA,AWP,WE,Federal Contract Tower,0,0,32,23,55,0,0,9,6,15,0,0,41,29,70,0,108,108,178
07/22/2010,PMD,CA,AWP,WE,Federal Contract Tower,0,0,23,51,74,0,0,4,6,10,0,0,27,57,84,0,88,88,172
07/23/2010,PMD,CA,AWP,WE,Federal Contract Tower,0,0,11,32,43,0,0,6,4,10,0,0,17,36,53,2,62,64,117
07/24/2010,PMD,CA,AWP,WE,Federal Contract Tower,0,0,16,0,16,0,0,3,0,3,0,0,19,0,19,1,0,1,20
07/25/2010,PMD,CA,AWP,WE,Federal Contract Tower,0,0,3,8,11,0,0,0,0,0,0,0,3,8,11,0,18,18,29
07/26/2010,PMD,CA,AWP,WE,Federal Contract Tower,0,0,25,13,38,0,0,18,2,20,0,0,43,15,58,1,44,45,103
07/27/2010,PMD,CA,AWP,WE,Federal Contract Tower,0,0,18,33,51,0,0,12,4,16,0,0,30,37,67,9,48,57,124
07/28/2010,PMD,CA,AWP,WE,Federal Contract Tower,0,0,50,18,68,0,0,11,2,13,0,0,61,20,81,16,77,93,174
07/29/2010,PMD,CA,AWP,WE,Federal Contract Tower,0,0,28,20,48,0,0,15,1,16,0,0,43,21,64,42,70,112,176
07/30/2010,PMD,CA,AWP,WE,Federal Contract Tower,0,0,13,5,18,0,0,2,0,2,0,0,15,5,20,0,6,6,26
07/31/2010,PMD,CA,AWP,WE,Federal Contract Tower,0,0,3,1,4,0,0,0,1,1,0,0,3,2,5,0,0,0,5
08/01/2010,PMD,CA,AWP,WE,Federal Contract Tower,0,0,3,0,3,0,0,0,0,0,0,0,3,0,3,0,0,0,3
08/02/2010,PMD,CA,AWP,WE,Federal Contract Tower,0,0,16,0,16,0,0,6,0,6,0,0,22,0,22,0,0,0,22
08/03/2010,PMD,CA,AWP,WE,Federal Contract Tower,0,0,18,11,29,0,0,14,1,15,0,0,32,12,44,0,62,62,106
08/04/2010,PMD,CA,AWP,WE,Federal Contract Tower,0,0,16,37,53,0,0,18,12,30,0,0,34,49,83,0,26,26,109
08/05/2010,PMD,CA,AWP,WE,Federal Contract Tower,0,0,26,28,54,0,0,6,8,14,0,0,32,36,68,8,71,79,147
08/06/2010,PMD,CA,AWP,WE,Federal Contract Tower,0,0,19,3,22,0,4,9,8,21,0,4,28,11,43,0,72,72,115
08/07/2010,PMD,CA,AWP,WE,Federal Contract Tower,0,0,7,2,9,0,0,7,0,7,0,0,14,2,16,0,0,0,16
08/08/2010,PMD,CA,AWP,WE,Federal Contract Tower,0,0,4,0,4,0,0,0,0,0,0,0,4,0,4,0,0,0,4
08/09/2010,PMD,CA,AWP,WE,Federal Contract Tower,0,0,21,13,34,0,0,14,4,18,0,0,35,17,52,14,101,115,167
08/10/2010,PMD,CA,AWP,WE,Federal Contract Tower,0,0,22,14,36,0,0,9,2,11,0,0,31,16,47,10,82,92,139
08/11/2010,PMD,CA,AWP,WE,Federal Contract Tower,0,0,23,25,48,0,0,9,7,16,0,0,32,32,64,12,44,56,120
08/12/2010,PMD,CA,AWP,WE,Federal Contract Tower,0,0,15,23,38,0,0,6,0,6,0,0,21,23,44,0,35,35,79
08/13/2010,PMD,CA,AWP,WE,Federal Contract Tower,0,0,23,11,34,0,0,6,0,6,0,0,29,11,40,0,18,18,58
08/14/2010,PMD,CA,AWP,WE,Federal Contract Tower,0,0,3,0,3,0,0,2,0,2,0,0,5,0,5,0,0,0,5
08/15/2010,PMD,CA,AWP,WE,Federal Contract Tower,0,0,8,0,8,0,0,1,0,1,0,0,9,0,9,0,0,0,9
08/16/2010,PMD,CA,AWP,WE,Federal Contract Tower,0,0,16,19,35,0,0,12,0,12,0,0,28,19,47,8,18,26,73
08/17/2010,PMD,CA,AWP,WE,Federal Contract Tower,0,0,28,25,53,0,2,4,10,16,0,2,32,35,69,0,26,26,95
08/18/2010,PMD,CA,AWP,WE,Federal Contract Tower,0,0,19,14,33,0,0,7,0,7,0,0,26,14,40,16,18,34,74
08/19/2010,PMD,CA,AWP,WE,Federal Contract Tower,0,2,22,24,48,0,0,8,0,8,0,2,30,24,56,0,56,56,112
08/20/2010,PMD,CA,AWP,WE,Federal Contract Tower,0,0,3,8,11,0,0,11,0,11,0,0,14,8,22,0,0,0,22
08/21/2010,PMD,CA,AWP,WE,Federal Contract Tower,0,0,8,0,8,0,0,8,0,8,0,0,16,0,16,0,0,0,16
08/22/2010,PMD,CA,AWP,WE,Federal Contract Tower,0,0,8,0,8,0,0,0,0,0,0,0,8,0,8,0,0,0,8
08/23/2010,PMD,CA,AWP,WE,Federal Contract Tower,0,0,37,16,53,0,0,7,13,20,0,0,44,29,73,0,36,36,109
08/24/2010,PMD,CA,AWP,WE,Federal Contract Tower,0,0,15,15,30,0,0,6,11,17,0,0,21,26,47,0,47,47,94
08/25/2010,PMD,CA,AWP,WE,Federal Contract Tower,0,0,17,24,41,0,0,30,0,30,0,0,47,24,71,2,115,117,188
08/26/2010,PMD,CA,AWP,WE,Federal Contract Tower,0,0,21,38,59,0,0,9,16,25,0,0,30,54,84,0,66,66,150
08/27/2010,PMD,CA,AWP,WE,Federal Contract Tower,0,0,21,7,28,0,0,11,4,15,0,0,32,11,43,0,18,18,61
08/28/2010,PMD,CA,AWP,WE,Federal Contract Tower,0,0,0,0,0,0,0,0,0,0,0,0,0,0,0,0,0,0,0
08/29/2010,PMD,CA,AWP,WE,Federal Contract Tower,0,0,0,0,0,0,0,2,0,2,0,0,2,0,2,0,0,0,2
08/30/2010,PMD,CA,AWP,WE,Federal Contract Tower,0,0,13,45,58,0,0,11,2,13,0,0,24,47,71,1,27,28,99
08/31/2010,PMD,CA,AWP,WE,Federal Contract Tower,6,0,12,33,51,0,0,7,4,11,6,0,19,37,62,0,63,63,125
09/01/2010,PMD,CA,AWP,WE,Federal Contract Tower,2,0,26,25,53,0,0,6,0,6,2,0,32,25,59,2,82,84,143
09/02/2010,PMD,CA,AWP,WE,Federal Contract Tower,0,0,23,28,51,0,0,10,1,11,0,0,33,29,62,8,60,68,130
09/03/2010,PMD,CA,AWP,WE,Federal Contract Tower,0,0,8,0,8,0,0,3,0,3,0,0,11,0,11,4,0,4,15
09/04/2010,PMD,CA,AWP,WE,Federal Contract Tower,0,0,0,0,0,0,0,0,0,0,0,0,0,0,0,0,0,0,0
09/05/2010,PMD,CA,AWP,WE,Federal Contract Tower,0,0,4,0,4,0,0,0,0,0,0,0,4,0,4,0,0,0,4
09/06/2010,PMD,CA,AWP,WE,Federal Contract Tower,0,0,0,0,0,0,0,0,0,0,0,0,0,0,0,0,0,0,0
09/07/2010,PMD,CA,AWP,WE,Federal Contract Tower,0,4,20,19,43,0,0,8,0,8,0,4,28,19,51,2,36,38,89
09/08/2010,PMD,CA,AWP,WE,Federal Contract Tower,6,0,26,38,70,0,0,9,0,9,6,0,35,38,79,4,68,72,151
09/09/2010,PMD,CA,AWP,WE,Federal Contract Tower,0,0,17,32,49,0,0,7,1,8,0,0,24,33,57,0,16,16,73
09/10/2010,PMD,CA,AWP,WE,Federal Contract Tower,0,0,31,6,37,0,0,7,0,7,0,0,38,6,44,24,10,34,78
09/11/2010,PMD,CA,AWP,WE,Federal Contract Tower,0,8,7,0,15,0,0,4,1,5,0,8,11,1,20,10,0,10,30
09/12/2010,PMD,CA,AWP,WE,Federal Contract Tower,0,0,4,0,4,0,0,5,0,5,0,0,9,0,9,0,0,0,9
09/13/2010,PMD,CA,AWP,WE,Federal Contract Tower,0,0,12,14,26,0,0,9,0,9,0,0,21,14,35,0,8,8,43
09/14/2010,PMD,CA,AWP,WE,Federal Contract Tower,0,0,32,20,52,0,0,11,0,11,0,0,43,20,63,10,26,36,99
09/15/2010,PMD,CA,AWP,WE,Federal Contract Tower,0,0,19,54,73,0,0,10,0,10,0,0,29,54,83,4,18,22,105
09/16/2010,PMD,CA,AWP,WE,Federal Contract Tower,0,0,20,24,44,0,0,12,4,16,0,0,32,28,60,16,36,52,112
09/17/2010,PMD,CA,AWP,WE,Federal Contract Tower,0,0,6,2,8,0,0,8,0,8,0,0,14,2,16,10,22,32,48
09/18/2010,PMD,CA,AWP,WE,Federal Contract Tower,0,0,4,1,5,0,0,0,1,1,0,0,4,2,6,0,22,22,28
09/19/2010,PMD,CA,AWP,WE,Federal Contract Tower,0,0,28,0,28,0,0,2,0,2,0,0,30,0,30,0,0,0,30
09/20/2010,PMD,CA,AWP,WE,Federal Contract Tower,0,0,29,26,55,0,0,7,0,7,0,0,36,26,62,18,14,32,94
09/21/2010,PMD,CA,AWP,WE,Federal Contract Tower,0,0,24,37,61,0,0,18,43,61,0,0,42,80,122,14,92,106,228
09/22/2010,PMD,CA,AWP,WE,Federal Contract Tower,0,17,32,49,98,0,0,10,3,13,0,17,42,52,111,9,122,131,242
09/23/2010,PMD,CA,AWP,WE,Federal Contract Tower,0,0,13,42,55,0,0,8,1,9,0,0,21,43,64,4,131,135,199
09/24/2010,PMD,CA,AWP,WE,Federal Contract Tower,0,0,11,1,12,0,0,19,7,26,0,0,30,8,38,12,2,14,52
09/25/2010,PMD,CA,AWP,WE,Federal Contract Tower,0,0,7,0,7,0,0,0,0,0,0,0,7,0,7,0,0,0,7
09/26/2010,PMD,CA,AWP,WE,Federal Contract Tower,0,0,0,0,0,0,0,0,0,0,0,0,0,0,0,0,0,0,0
09/27/2010,PMD,CA,AWP,WE,Federal Contract Tower,0,0,22,15,37,0,0,6,0,6,0,0,28,15,43,0,30,30,73
09/28/2010,PMD,CA,AWP,WE,Federal Contract Tower,0,0,26,22,48,0,0,14,2,16,0,0,40,24,64,2,76,78,142
09/29/2010,PMD,CA,AWP,WE,Federal Contract Tower,0,0,23,23,46,0,0,22,0,22,0,0,45,23,68,0,54,54,122
09/30/2010,PMD,CA,AWP,WE,Federal Contract Tower,0,0,22,33,55,0,0,14,0,14,0,0,36,33,69,0,57,57,126
10/01/2010,PMD,CA,AWP,WE,Federal Contract Tower,0,0,5,2,7,0,0,3,1,4,0,0,8,3,11,20,4,24,35
10/02/2010,PMD,CA,AWP,WE,Federal Contract Tower,0,0,5,2,7,0,0,0,0,0,0,0,5,2,7,0,0,0,7
10/03/2010,PMD,CA,AWP,WE,Federal Contract Tower,0,0,5,16,21,0,0,3,0,3,0,0,8,16,24,0,8,8,32
10/04/2010,PMD,CA,AWP,WE,Federal Contract Tower,0,0,26,1,27,0,0,17,0,17,0,0,43,1,44,0,36,36,80
10/05/2010,PMD,CA,AWP,WE,Federal Contract Tower,0,0,20,30,50,0,0,2,4,6,0,0,22,34,56,2,64,66,122
10/06/2010,PMD,CA,AWP,WE,Federal Contract Tower,0,0,26,48,74,0,0,15,14,29,0,0,41,62,103,0,40,40,143
10/07/2010,PMD,CA,AWP,WE,Federal Contract Tower,0,0,22,35,57,0,0,8,2,10,0,0,30,37,67,8,66,74,141
10/08/2010,PMD,CA,AWP,WE,Federal Contract Tower,0,0,21,6,27,0,0,10,0,10,0,0,31,6,37,0,0,0,37
10/09/2010,PMD,CA,AWP,WE,Federal Contract Tower,0,0,10,1,11,0,0,2,0,2,0,0,12,1,13,0,0,0,13
10/10/2010,PMD,CA,AWP,WE,Federal Contract Tower,0,6,10,0,16,0,0,2,0,2,0,6,12,0,18,0,0,0,18
10/11/2010,PMD,CA,AWP,WE,Federal Contract Tower,0,0,27,0,27,0,0,7,1,8,0,0,34,1,35,2,0,2,37
10/12/2010,PMD,CA,AWP,WE,Federal Contract Tower,6,0,21,0,27,0,0,5,0,5,6,0,26,0,32,0,0,0,32
10/13/2010,PMD,CA,AWP,WE,Federal Contract Tower,0,0,29,16,45,0,0,15,0,15,0,0,44,16,60,0,16,16,76
10/14/2010,PMD,CA,AWP,WE,Federal Contract Tower,0,0,13,22,35,0,0,14,4,18,0,0,27,26,53,6,42,48,101
10/15/2010,PMD,CA,AWP,WE,Federal Contract Tower,0,0,7,24,31,0,0,2,4,6,0,0,9,28,37,0,42,42,79
10/16/2010,PMD,CA,AWP,WE,Federal Contract Tower,0,0,1,4,5,0,0,8,0,8,0,0,9,4,13,0,0,0,13
10/17/2010,PMD,CA,AWP,WE,Federal Contract Tower,0,0,11,4,15,0,0,2,0,2,0,0,13,4,17,2,0,2,19
10/18/2010,PMD,CA,AWP,WE,Federal Contract Tower,0,0,29,31,60,0,0,9,3,12,0,0,38,34,72,12,14,26,98
10/19/2010,PMD,CA,AWP,WE,Federal Contract Tower,0,0,17,11,28,0,0,2,1,3,0,0,19,12,31,0,2,2,33
10/20/2010,PMD,CA,AWP,WE,Federal Contract Tower,0,0,19,4,23,0,0,6,0,6,0,0,25,4,29,0,54,54,83
10/21/2010,PMD,CA,AWP,WE,Federal Contract Tower,0,0,29,30,59,0,0,21,0,21,0,0,50,30,80,0,76,76,156
10/22/2010,PMD,CA,AWP,WE,Federal Contract Tower,0,0,27,8,35,0,0,16,3,19,0,0,43,11,54,6,23,29,83
10/23/2010,PMD,CA,AWP,WE,Federal Contract Tower,0,0,2,12,14,0,0,9,0,9,0,0,11,12,23,0,0,0,23
10/24/2010,PMD,CA,AWP,WE,Federal Contract Tower,0,0,2,0,2,0,0,15,0,15,0,0,17,0,17,0,0,0,17
10/25/2010,PMD,CA,AWP,WE,Federal Contract Tower,0,0,18,6,24,0,0,4,0,4,0,0,22,6,28,0,0,0,28
10/26/2010,PMD,CA,AWP,WE,Federal Contract Tower,0,0,24,28,52,0,0,28,10,38,0,0,52,38,90,0,44,44,134
10/27/2010,PMD,CA,AWP,WE,Federal Contract Tower,0,4,22,38,64,0,0,34,2,36,0,4,56,40,100,0,58,58,158
10/28/2010,PMD,CA,AWP,WE,Federal Contract Tower,0,0,15,44,59,0,0,19,2,21,0,0,34,46,80,8,94,102,182
10/29/2010,PMD,CA,AWP,WE,Federal Contract Tower,0,0,15,4,19,0,0,18,2,20,0,0,33,6,39,2,0,2,41
10/30/2010,PMD,CA,AWP,WE,Federal Contract Tower,0,0,14,0,14,0,0,0,0,0,0,0,14,0,14,6,0,6,20
10/31/2010,PMD,CA,AWP,WE,Federal Contract Tower,0,0,8,0,8,0,0,15,0,15,0,0,23,0,23,0,0,0,23
11/01/2010,PMD,CA,AWP,WE,Federal Contract Tower,0,0,18,1,19,0,0,24,2,26,0,0,42,3,45,0,1,1,46
11/02/2010,PMD,CA,AWP,WE,Federal Contract Tower,0,0,26,36,62,0,0,13,15,28,0,0,39,51,90,0,118,118,208
11/03/2010,PMD,CA,AWP,WE,Federal Contract Tower,0,0,28,38,66,0,0,28,4,32,0,0,56,42,98,0,72,72,170
11/04/2010,PMD,CA,AWP,WE,Federal Contract Tower,0,0,23,34,57,0,0,25,10,35,0,0,48,44,92,0,82,82,174
11/05/2010,PMD,CA,AWP,WE,Federal Contract Tower,8,0,30,27,65,0,0,5,0,5,8,0,35,27,70,0,62,62,132
11/06/2010,PMD,CA,AWP,WE,Federal Contract Tower,0,0,4,4,8,0,0,0,4,4,0,0,4,8,12,0,11,11,23
11/07/2010,PMD,CA,AWP,WE,Federal Contract Tower,0,0,5,0,5,0,0,4,0,4,0,0,9,0,9,0,0,0,9
11/08/2010,PMD,CA,AWP,WE,Federal Contract Tower,0,0,18,9,27,0,0,6,1,7,0,0,24,10,34,0,17,17,51
11/09/2010,PMD,CA,AWP,WE,Federal Contract Tower,6,0,64,2,72,0,0,8,0,8,6,0,72,2,80,6,4,10,90
11/10/2010,PMD,CA,AWP,WE,Federal Contract Tower,0,0,19,13,32,0,0,7,1,8,0,0,26,14,40,0,3,3,43
11/11/2010,PMD,CA,AWP,WE,Federal Contract Tower,0,0,16,4,20,0,0,9,1,10,0,0,25,5,30,0,0,0,30
11/12/2010,PMD,CA,AWP,WE,Federal Contract Tower,0,0,13,27,40,0,0,5,0,5,0,0,18,27,45,0,10,10,55
11/13/2010,PMD,CA,AWP,WE,Federal Contract Tower,0,0,14,0,14,0,0,1,0,1,0,0,15,0,15,0,0,0,15
11/14/2010,PMD,CA,AWP,WE,Federal Contract Tower,0,0,12,0,12,0,0,0,0,0,0,0,12,0,12,0,0,0,12
11/15/2010,PMD,CA,AWP,WE,Federal Contract Tower,0,0,19,16,35,0,0,11,0,11,0,0,30,16,46,0,22,22,68
11/16/2010,PMD,CA,AWP,WE,Federal Contract Tower,0,0,10,28,38,0,0,16,3,19,0,0,26,31,57,0,52,52,109
11/17/2010,PMD,CA,AWP,WE,Federal Contract Tower,0,0,22,47,69,0,0,10,1,11,0,0,32,48,80,0,56,56,136
11/18/2010,PMD,CA,AWP,WE,Federal Contract Tower,0,0,30,42,72,0,0,10,1,11,0,0,40,43,83,0,56,56,139
11/19/2010,PMD,CA,AWP,WE,Federal Contract Tower,0,0,21,16,37,0,0,8,0,8,0,0,29,16,45,2,0,2,47
11/20/2010,PMD,CA,AWP,WE,Federal Contract Tower,0,0,7,0,7,0,0,0,0,0,0,0,7,0,7,0,0,0,7
11/21/2010,PMD,CA,AWP,WE,Federal Contract Tower,0,0,6,0,6,0,0,0,0,0,0,0,6,0,6,0,0,0,6
11/22/2010,PMD,CA,AWP,WE,Federal Contract Tower,0,0,40,38,78,0,0,11,6,17,0,0,51,44,95,22,38,60,155
11/23/2010,PMD,CA,AWP,WE,Federal Contract Tower,0,0,24,39,63,0,2,16,6,24,0,2,40,45,87,24,56,80,167
11/24/2010,PMD,CA,AWP,WE,Federal Contract Tower,0,0,26,22,48,0,0,6,0,6,0,0,32,22,54,0,3,3,57
11/25/2010,PMD,CA,AWP,WE,Federal Contract Tower,0,0,8,0,8,0,0,0,0,0,0,0,8,0,8,0,0,0,8
11/26/2010,PMD,CA,AWP,WE,Federal Contract Tower,0,0,4,0,4,0,0,0,0,0,0,0,4,0,4,0,0,0,4
11/27/2010,PMD,CA,AWP,WE,Federal Contract Tower,0,0,10,0,10,0,0,0,0,0,0,0,10,0,10,0,0,0,10
11/28/2010,PMD,CA,AWP,WE,Federal Contract Tower,0,0,4,0,4,0,0,0,0,0,0,0,4,0,4,0,0,0,4
11/29/2010,PMD,CA,AWP,WE,Federal Contract Tower,0,0,22,17,39,0,0,7,12,19,0,0,29,29,58,0,0,0,58
11/30/2010,PMD,CA,AWP,WE,Federal Contract Tower,0,0,35,27,62,0,0,8,0,8,0,0,43,27,70,0,23,23,93
12/01/2010,PMD,CA,AWP,WE,Federal Contract Tower,0,0,28,14,42,0,0,10,4,14,0,0,38,18,56,0,19,19,75
12/02/2010,PMD,CA,AWP,WE,Federal Contract Tower,0,0,51,38,89,0,0,10,0,10,0,0,61,38,99,6,40,46,145
12/03/2010,PMD,CA,AWP,WE,Federal Contract Tower,0,0,22,5,27,0,0,5,0,5,0,0,27,5,32,0,0,0,32
12/04/2010,PMD,CA,AWP,WE,Federal Contract Tower,0,0,11,2,13,0,0,0,0,0,0,0,11,2,13,0,0,0,13
12/05/2010,PMD,CA,AWP,WE,Federal Contract Tower,0,0,10,2,12,0,0,0,2,2,0,0,10,4,14,0,2,2,16
12/06/2010,PMD,CA,AWP,WE,Federal Contract Tower,0,0,22,17,39,0,0,15,0,15,0,0,37,17,54,3,12,15,69
12/07/2010,PMD,CA,AWP,WE,Federal Contract Tower,0,0,25,30,55,0,0,10,3,13,0,0,35,33,68,0,58,58,126
12/08/2010,PMD,CA,AWP,WE,Federal Contract Tower,0,0,26,18,44,0,0,10,4,14,0,0,36,22,58,10,52,62,120
12/09/2010,PMD,CA,AWP,WE,Federal Contract Tower,0,0,29,27,56,0,0,13,0,13,0,0,42,27,69,0,22,22,91
12/10/2010,PMD,CA,AWP,WE,Federal Contract Tower,0,0,21,28,49,0,0,2,2,4,0,0,23,30,53,4,44,48,101
12/11/2010,PMD,CA,AWP,WE,Federal Contract Tower,0,0,10,4,14,0,0,0,0,0,0,0,10,4,14,0,6,6,20
12/12/2010,PMD,CA,AWP,WE,Federal Contract Tower,0,0,0,0,0,0,0,0,0,0,0,0,0,0,0,0,0,0,0
12/13/2010,PMD,CA,AWP,WE,Federal Contract Tower,0,0,45,21,66,0,0,10,1,11,0,0,55,22,77,3,10,13,90
12/14/2010,PMD,CA,AWP,WE,Federal Contract Tower,0,0,30,24,54,0,0,11,2,13,0,0,41,26,67,19,44,63,130
12/15/2010,PMD,CA,AWP,WE,Federal Contract Tower,0,0,21,43,64,0,0,6,0,6,0,0,27,43,70,0,18,18,88
12/16/2010,PMD,CA,AWP,WE,Federal Contract Tower,0,6,27,41,74,0,1,10,4,15,0,7,37,45,89,2,52,54,143
12/17/2010,PMD,CA,AWP,WE,Federal Contract Tower,0,0,19,15,34,0,0,4,0,4,0,0,23,15,38,0,0,0,38
12/18/2010,PMD,CA,AWP,WE,Federal Contract Tower,6,0,0,0,6,0,0,0,0,0,6,0,0,0,6,0,0,0,6
12/19/2010,PMD,CA,AWP,WE,Federal Contract Tower,0,0,2,0,2,0,0,0,0,0,0,0,2,0,2,0,0,0,2
12/20/2010,PMD,CA,AWP,WE,Federal Contract Tower,0,0,16,15,31,0,0,0,0,0,0,0,16,15,31,0,0,0,31
12/21/2010,PMD,CA,AWP,WE,Federal Contract Tower,0,0,22,21,43,0,0,1,0,1,0,0,23,21,44,0,0,0,44
12/22/2010,PMD,CA,AWP,WE,Federal Contract Tower,0,0,25,10,35,0,0,1,0,1,0,0,26,10,36,0,0,0,36
12/23/2010,PMD,CA,AWP,WE,Federal Contract Tower,0,0,4,0,4,0,0,0,0,0,0,0,4,0,4,0,0,0,4
12/24/2010,PMD,CA,AWP,WE,Federal Contract Tower,0,0,2,4,6,0,0,2,0,2,0,0,4,4,8,0,0,0,8
12/25/2010,PMD,CA,AWP,WE,Federal Contract Tower,0,0,11,0,11,0,0,0,0,0,0,0,11,0,11,0,0,0,11
12/26/2010,PMD,CA,AWP,WE,Federal Contract Tower,0,0,0,0,0,0,0,4,0,4,0,0,4,0,4,0,0,0,4
12/27/2010,PMD,CA,AWP,WE,Federal Contract Tower,0,0,6,15,21,0,0,2,0,2,0,0,8,15,23,0,14,14,37
12/28/2010,PMD,CA,AWP,WE,Federal Contract Tower,6,0,6,10,22,0,0,5,0,5,6,0,11,10,27,0,0,0,27
12/29/2010,PMD,CA,AWP,WE,Federal Contract Tower,0,0,6,0,6,0,0,1,0,1,0,0,7,0,7,0,0,0,7
12/30/2010,PMD,CA,AWP,WE,Federal Contract Tower,0,0,0,0,0,0,0,2,0,2,0,0,2,0,2,0,0,0,2
12/31/2010,PMD,CA,AWP,WE,Federal Contract Tower,0,0,0,0,0,0,0,1,0,1,0,0,1,0,1,0,0,0,1
01/01/2011,PMD,CA,AWP,WE,Federal Contract Tower,0,0,4,0,4,0,0,0,0,0,0,0,4,0,4,0,0,0,4
01/02/2011,PMD,CA,AWP,WE,Federal Contract Tower,0,0,0,0,0,0,0,0,0,0,0,0,0,0,0,0,0,0,0
01/03/2011,PMD,CA,AWP,WE,Federal Contract Tower,0,6,0,9,15,0,0,5,0,5,0,6,5,9,20,0,0,0,20
01/04/2011,PMD,CA,AWP,WE,Federal Contract Tower,0,0,19,21,40,0,0,9,0,9,0,0,28,21,49,0,6,6,55
01/05/2011,PMD,CA,AWP,WE,Federal Contract Tower,0,6,23,57,86,0,0,10,5,15,0,6,33,62,101,16,48,64,165
01/06/2011,PMD,CA,AWP,WE,Federal Contract Tower,0,4,25,32,61,0,0,8,9,17,0,4,33,41,78,6,50,56,134
01/07/2011,PMD,CA,AWP,WE,Federal Contract Tower,0,0,8,14,22,0,0,2,0,2,0,0,10,14,24,0,0,0,24
01/08/2011,PMD,CA,AWP,WE,Federal Contract Tower,0,0,38,9,47,0,0,0,4,4,0,0,38,13,51,17,22,39,90
01/09/2011,PMD,CA,AWP,WE,Federal Contract Tower,0,0,28,0,28,0,0,6,0,6,0,0,34,0,34,0,0,0,34
01/10/2011,PMD,CA,AWP,WE,Federal Contract Tower,0,0,21,13,34,0,0,12,0,12,0,0,33,13,46,1,26,27,73
01/11/2011,PMD,CA,AWP,WE,Federal Contract Tower,0,0,46,23,69,0,0,12,3,15,0,0,58,26,84,43,86,129,213
01/12/2011,PMD,CA,AWP,WE,Federal Contract Tower,0,0,20,15,35,0,0,11,10,21,0,0,31,25,56,4,8,12,68
01/13/2011,PMD,CA,AWP,WE,Federal Contract Tower,0,0,13,27,40,0,0,15,6,21,0,0,28,33,61,0,88,88,149
01/14/2011,PMD,CA,AWP,WE,Federal Contract Tower,0,0,32,12,44,0,0,9,1,10,0,0,41,13,54,4,8,12,66
01/15/2011,PMD,CA,AWP,WE,Federal Contract Tower,0,0,6,25,31,0,0,4,1,5,0,0,10,26,36,0,96,96,132
01/16/2011,PMD,CA,AWP,WE,Federal Contract Tower,0,0,10,18,28,0,0,3,0,3,0,0,13,18,31,0,24,24,55
01/17/2011,PMD,CA,AWP,WE,Federal Contract Tower,0,0,32,0,32,0,0,7,0,7,0,0,39,0,39,0,0,0,39
01/18/2011,PMD,CA,AWP,WE,Federal Contract Tower,0,0,27,31,58,0,0,17,3,20,0,0,44,34,78,0,18,18,96
01/19/2011,PMD,CA,AWP,WE,Federal Contract Tower,0,8,25,53,86,0,0,13,16,29,0,8,38,69,115,0,65,65,180
01/20/2011,PMD,CA,AWP,WE,Federal Contract Tower,0,0,21,22,43,0,0,11,8,19,0,0,32,30,62,0,66,66,128
01/21/2011,PMD,CA,AWP,WE,Federal Contract Tower,0,4,2,23,29,0,0,2,4,6,0,4,4,27,35,0,59,59,94
01/22/2011,PMD,CA,AWP,WE,Federal Contract Tower,0,0,24,0,24,0,0,0,0,0,0,0,24,0,24,26,0,26,50
01/23/2011,PMD,CA,AWP,WE,Federal Contract Tower,0,0,2,0,2,0,0,6,0,6,0,0,8,0,8,0,0,0,8
01/24/2011,PMD,CA,AWP,WE,Federal Contract Tower,0,0,27,28,55,0,0,12,9,21,0,0,39,37,76,0,94,94,170
01/25/2011,PMD,CA,AWP,WE,Federal Contract Tower,0,0,37,15,52,0,0,18,8,26,0,0,55,23,78,2,88,90,168
01/26/2011,PMD,CA,AWP,WE,Federal Contract Tower,0,0,49,31,80,0,0,24,11,35,0,0,73,42,115,10,50,60,175
01/27/2011,PMD,CA,AWP,WE,Federal Contract Tower,2,0,20,46,68,0,1,14,9,24,2,1,34,55,92,0,56,56,148
01/28/2011,PMD,CA,AWP,WE,Federal Contract Tower,4,0,25,41,70,0,0,10,1,11,4,0,35,42,81,0,28,28,109
01/29/2011,PMD,CA,AWP,WE,Federal Contract Tower,0,0,4,0,4,0,0,0,0,0,0,0,4,0,4,0,0,0,4
01/30/2011,PMD,CA,AWP,WE,Federal Contract Tower,0,0,5,0,5,0,0,4,0,4,0,0,9,0,9,0,0,0,9
01/31/2011,PMD,CA,AWP,WE,Federal Contract Tower,0,0,25,39,64,0,0,11,0,11,0,0,36,39,75,0,42,42,117
02/01/2011,PMD,CA,AWP,WE,Federal Contract Tower,0,0,22,21,43,0,0,6,3,9,0,0,28,24,52,0,46,46,98
02/02/2011,PMD,CA,AWP,WE,Federal Contract Tower,0,0,13,28,41,0,0,10,1,11,0,0,23,29,52,10,55,65,117
02/03/2011,PMD,CA,AWP,WE,Federal Contract Tower,0,0,11,33,44,0,0,11,6,17,0,0,22,39,61,0,48,48,109
02/04/2011,PMD,CA,AWP,WE,Federal Contract Tower,0,4,23,1,28,0,0,13,4,17,0,4,36,5,45,4,25,29,74
02/05/2011,PMD,CA,AWP,WE,Federal Contract Tower,0,0,6,4,10,0,0,9,0,9,0,0,15,4,19,0,0,0,19
02/06/2011,PMD,CA,AWP,WE,Federal Contract Tower,0,0,8,0,8,0,0,1,0,1,0,0,9,0,9,0,0,0,9
02/07/2011,PMD,CA,AWP,WE,Federal Contract Tower,0,0,15,1,16,0,0,6,2,8,0,0,21,3,24,6,6,12,36
02/08/2011,PMD,CA,AWP,WE,Federal Contract Tower,0,0,20,16,36,0,0,8,3,11,0,0,28,19,47,10,80,90,137
02/09/2011,PMD,CA,AWP,WE,Federal Contract Tower,0,4,24,20,48,0,0,11,3,14,0,4,35,23,62,9,47,56,118
02/10/2011,PMD,CA,AWP,WE,Federal Contract Tower,0,0,23,16,39,0,0,18,4,22,0,0,41,20,61,13,22,35,96
02/11/2011,PMD,CA,AWP,WE,Federal Contract Tower,0,0,24,30,54,0,0,8,4,12,0,0,32,34,66,0,50,50,116
02/12/2011,PMD,CA,AWP,WE,Federal Contract Tower,0,0,4,2,6,0,0,2,0,2,0,0,6,2,8,0,2,2,10
02/13/2011,PMD,CA,AWP,WE,Federal Contract Tower,0,0,4,1,5,0,0,1,0,1,0,0,5,1,6,0,0,0,6
02/14/2011,PMD,CA,AWP,WE,Federal Contract Tower,0,0,32,15,47,0,0,8,1,9,0,0,40,16,56,0,33,33,89
02/15/2011,PMD,CA,AWP,WE,Federal Contract Tower,0,0,19,45,64,0,0,9,5,14,0,0,28,50,78,0,84,84,162
02/16/2011,PMD,CA,AWP,WE,Federal Contract Tower,0,0,16,12,28,0,0,8,2,10,0,0,24,14,38,0,12,12,50
02/17/2011,PMD,CA,AWP,WE,Federal Contract Tower,0,4,10,36,50,0,0,21,2,23,0,4,31,38,73,0,25,25,98
02/18/2011,PMD,CA,AWP,WE,Federal Contract Tower,0,4,13,18,35,0,0,1,0,1,0,4,14,18,36,0,18,18,54
02/19/2011,PMD,CA,AWP,WE,Federal Contract Tower,0,0,2,0,2,0,0,0,0,0,0,0,2,0,2,0,0,0,2
02/20/2011,PMD,CA,AWP,WE,Federal Contract Tower,0,0,2,0,2,0,0,1,0,1,0,0,3,0,3,0,0,0,3
02/21/2011,PMD,CA,AWP,WE,Federal Contract Tower,0,0,16,0,16,0,0,8,0,8,0,0,24,0,24,0,0,0,24
02/22/2011,PMD,CA,AWP,WE,Federal Contract Tower,0,0,30,31,61,0,0,8,1,9,0,0,38,32,70,6,4,10,80
02/23/2011,PMD,CA,AWP,WE,Federal Contract Tower,0,0,28,34,62,0,0,8,1,9,0,0,36,35,71,0,48,48,119
02/24/2011,PMD,CA,AWP,WE,Federal Contract Tower,0,0,22,34,56,0,0,10,12,22,0,0,32,46,78,0,78,78,156
02/25/2011,PMD,CA,AWP,WE,Federal Contract Tower,0,0,24,19,43,0,0,3,0,3,0,0,27,19,46,7,32,39,85
02/26/2011,PMD,CA,AWP,WE,Federal Contract Tower,0,0,0,0,0,0,0,0,0,0,0,0,0,0,0,0,0,0,0
02/27/2011,PMD,CA,AWP,WE,Federal Contract Tower,0,0,6,0,6,0,0,1,0,1,0,0,7,0,7,0,0,0,7
02/28/2011,PMD,CA,AWP,WE,Federal Contract Tower,0,4,29,16,49,0,0,7,0,7,0,4,36,16,56,4,2,6,62
03/01/2011,PMD,CA,AWP,WE,Federal Contract Tower,0,0,28,18,46,0,0,4,1,5,0,0,32,19,51,34,50,84,135
03/02/2011,PMD,CA,AWP,WE,Federal Contract Tower,0,0,21,33,54,0,0,6,1,7,0,0,27,34,61,25,74,99,160
03/03/2011,PMD,CA,AWP,WE,Federal Contract Tower,0,0,21,28,49,0,0,12,0,12,0,0,33,28,61,4,30,34,95
03/04/2011,PMD,CA,AWP,WE,Federal Contract Tower,0,0,14,2,16,0,0,6,0,6,0,0,20,2,22,0,0,0,22
03/05/2011,PMD,CA,AWP,WE,Federal Contract Tower,0,0,9,10,19,0,0,2,2,4,0,0,11,12,23,0,12,12,35
03/06/2011,PMD,CA,AWP,WE,Federal Contract Tower,0,0,2,0,2,0,0,0,2,2,0,0,2,2,4,0,4,4,8
03/07/2011,PMD,CA,AWP,WE,Federal Contract Tower,0,0,14,14,28,0,0,7,0,7,0,0,21,14,35,0,0,0,35
03/08/2011,PMD,CA,AWP,WE,Federal Contract Tower,0,0,35,31,66,0,0,13,4,17,0,0,48,35,83,22,87,109,192
03/09/2011,PMD,CA,AWP,WE,Federal Contract Tower,0,0,25,40,65,0,0,8,4,12,0,0,33,44,77,6,71,77,154
03/10/2011,PMD,CA,AWP,WE,Federal Contract Tower,0,0,40,23,63,0,0,19,3,22,0,0,59,26,85,20,48,68,153
03/11/2011,PMD,CA,AWP,WE,Federal Contract Tower,0,0,16,10,26,0,0,11,0,11,0,0,27,10,37,2,4,6,43
03/12/2011,PMD,CA,AWP,WE,Federal Contract Tower,0,0,6,4,10,0,0,2,0,2,0,0,8,4,12,0,0,0,12
03/13/2011,PMD,CA,AWP,WE,Federal Contract Tower,0,0,4,0,4,0,0,3,0,3,0,0,7,0,7,0,0,0,7
03/14/2011,PMD,CA,AWP,WE,Federal Contract Tower,0,0,52,5,57,0,0,4,0,4,0,0,56,5,61,7,0,7,68
03/15/2011,PMD,CA,AWP,WE,Federal Contract Tower,0,0,36,45,81,0,0,9,3,12,0,0,45,48,93,0,49,49,142
03/16/2011,PMD,CA,AWP,WE,Federal Contract Tower,0,0,29,18,47,0,0,6,4,10,0,0,35,22,57,0,23,23,80
03/17/2011,PMD,CA,AWP,WE,Federal Contract Tower,0,0,29,38,67,0,0,17,6,23,0,0,46,44,90,20,62,82,172
03/18/2011,PMD,CA,AWP,WE,Federal Contract Tower,0,0,15,22,37,0,0,8,10,18,0,0,23,32,55,0,0,0,55
03/19/2011,PMD,CA,AWP,WE,Federal Contract Tower,0,0,2,0,2,0,0,0,0,0,0,0,2,0,2,0,0,0,2
03/20/2011,PMD,CA,AWP,WE,Federal Contract Tower,0,0,0,0,0,0,0,0,0,0,0,0,0,0,0,0,0,0,0
03/21/2011,PMD,CA,AWP,WE,Federal Contract Tower,0,0,32,10,42,0,0,2,0,2,0,0,34,10,44,0,2,2,46
03/22/2011,PMD,CA,AWP,WE,Federal Contract Tower,0,0,29,31,60,0,0,8,3,11,0,0,37,34,71,0,38,38,109
03/23/2011,PMD,CA,AWP,WE,Federal Contract Tower,0,0,22,26,48,0,0,8,2,10,0,0,30,28,58,2,45,47,105
03/24/2011,PMD,CA,AWP,WE,Federal Contract Tower,0,4,14,15,33,0,0,8,0,8,0,4,22,15,41,0,21,21,62
03/25/2011,PMD,CA,AWP,WE,Federal Contract Tower,0,0,15,18,33,0,0,3,0,3,0,0,18,18,36,0,0,0,36
03/26/2011,PMD,CA,AWP,WE,Federal Contract Tower,0,0,2,0,2,0,0,0,0,0,0,0,2,0,2,0,0,0,2
03/27/2011,PMD,CA,AWP,WE,Federal Contract Tower,6,0,8,1,15,0,0,0,0,0,6,0,8,1,15,0,0,0,15
03/28/2011,PMD,CA,AWP,WE,Federal Contract Tower,0,0,27,6,33,0,0,9,2,11,0,0,36,8,44,12,4,16,60
03/29/2011,PMD,CA,AWP,WE,Federal Contract Tower,0,0,29,12,41,0,0,11,2,13,0,0,40,14,54,0,8,8,62
03/30/2011,PMD,CA,AWP,WE,Federal Contract Tower,0,0,29,14,43,0,0,6,6,12,0,0,35,20,55,0,0,0,55
03/31/2011,PMD,CA,AWP,WE,Federal Contract Tower,0,0,32,43,75,0,0,10,2,12,0,0,42,45,87,0,69,69,156
04/01/2011,PMD,CA,AWP,WE,Federal Contract Tower,0,0,12,7,19,0,0,4,0,4,0,0,16,7,23,0,0,0,23
04/02/2011,PMD,CA,AWP,WE,Federal Contract Tower,0,0,10,6,16,0,0,21,12,33,0,0,31,18,49,0,29,29,78
04/03/2011,PMD,CA,AWP,WE,Federal Contract Tower,0,0,2,9,11,0,0,0,36,36,0,0,2,45,47,0,20,20,67
04/04/2011,PMD,CA,AWP,WE,Federal Contract Tower,0,0,31,8,39,0,0,4,0,4,0,0,35,8,43,3,3,6,49
04/05/2011,PMD,CA,AWP,WE,Federal Contract Tower,0,0,15,40,55,0,0,8,1,9,0,0,23,41,64,4,0,4,68
04/06/2011,PMD,CA,AWP,WE,Federal Contract Tower,0,0,19,35,54,0,0,18,0,18,0,0,37,35,72,0,31,31,103
04/07/2011,PMD,CA,AWP,WE,Federal Contract Tower,0,0,15,9,24,0,0,5,0,5,0,0,20,9,29,1,0,1,30
04/08/2011,PMD,CA,AWP,WE,Federal Contract Tower,0,0,19,17,36,0,0,4,3,7,0,0,23,20,43,4,0,4,47
04/09/2011,PMD,CA,AWP,WE,Federal Contract Tower,8,0,3,0,11,0,0,2,0,2,8,0,5,0,13,0,0,0,13
04/10/2011,PMD,CA,AWP,WE,Federal Contract Tower,0,0,4,2,6,0,0,4,0,4,0,0,8,2,10,0,0,0,10
04/11/2011,PMD,CA,AWP,WE,Federal Contract Tower,0,0,20,20,40,0,0,4,0,4,0,0,24,20,44,0,0,0,44
04/12/2011,PMD,CA,AWP,WE,Federal Contract Tower,0,0,19,58,77,0,0,9,3,12,0,0,28,61,89,0,64,64,153
04/13/2011,PMD,CA,AWP,WE,Federal Contract Tower,0,0,13,6,19,0,0,4,4,8,0,0,17,10,27,0,26,26,53
04/14/2011,PMD,CA,AWP,WE,Federal Contract Tower,0,0,19,20,39,0,0,6,1,7,0,0,25,21,46,16,38,54,100
04/15/2011,PMD,CA,AWP,WE,Federal Contract Tower,0,0,19,4,23,0,0,3,0,3,0,0,22,4,26,2,15,17,43
04/16/2011,PMD,CA,AWP,WE,Federal Contract Tower,0,0,6,8,14,0,0,3,0,3,0,0,9,8,17,0,0,0,17
04/17/2011,PMD,CA,AWP,WE,Federal Contract Tower,0,0,2,0,2,0,0,0,0,0,0,0,2,0,2,0,0,0,2
04/18/2011,PMD,CA,AWP,WE,Federal Contract Tower,0,0,22,18,40,0,0,3,0,3,0,0,25,18,43,0,9,9,52
04/19/2011,PMD,CA,AWP,WE,Federal Contract Tower,0,4,23,21,48,0,0,12,1,13,0,4,35,22,61,0,12,12,73
04/20/2011,PMD,CA,AWP,WE,Federal Contract Tower,0,0,33,12,45,0,0,9,4,13,0,0,42,16,58,3,46,49,107
04/21/2011,PMD,CA,AWP,WE,Federal Contract Tower,0,0,23,30,53,0,0,9,0,9,0,0,32,30,62,0,6,6,68
04/22/2011,PMD,CA,AWP,WE,Federal Contract Tower,0,0,22,10,32,0,0,14,0,14,0,0,36,10,46,2,20,22,68
04/23/2011,PMD,CA,AWP,WE,Federal Contract Tower,0,0,20,1,21,0,0,4,0,4,0,0,24,1,25,0,0,0,25
04/24/2011,PMD,CA,AWP,WE,Federal Contract Tower,0,0,0,0,0,0,0,0,0,0,0,0,0,0,0,0,0,0,0
04/25/2011,PMD,CA,AWP,WE,Federal Contract Tower,0,0,24,32,56,0,0,8,0,8,0,0,32,32,64,35,3,38,102
04/26/2011,PMD,CA,AWP,WE,Federal Contract Tower,4,0,26,16,46,0,0,7,0,7,4,0,33,16,53,0,24,24,77
04/27/2011,PMD,CA,AWP,WE,Federal Contract Tower,0,0,14,23,37,0,0,10,5,15,0,0,24,28,52,0,38,38,90
04/28/2011,PMD,CA,AWP,WE,Federal Contract Tower,0,0,14,32,46,0,0,10,0,10,0,0,24,32,56,4,18,22,78
04/29/2011,PMD,CA,AWP,WE,Federal Contract Tower,0,0,21,20,41,0,0,0,0,0,0,0,21,20,41,15,20,35,76
04/30/2011,PMD,CA,AWP,WE,Federal Contract Tower,0,0,10,0,10,0,0,13,0,13,0,0,23,0,23,0,0,0,23
05/01/2011,PMD,CA,AWP,WE,Federal Contract Tower,0,0,8,0,8,0,0,0,0,0,0,0,8,0,8,0,0,0,8
05/02/2011,PMD,CA,AWP,WE,Federal Contract Tower,0,0,27,39,66,0,0,10,4,14,0,0,37,43,80,0,70,70,150
05/03/2011,PMD,CA,AWP,WE,Federal Contract Tower,0,0,32,13,45,0,0,16,5,21,0,0,48,18,66,0,26,26,92
05/04/2011,PMD,CA,AWP,WE,Federal Contract Tower,0,0,24,31,55,0,0,11,5,16,0,0,35,36,71,0,44,44,115
05/05/2011,PMD,CA,AWP,WE,Federal Contract Tower,0,0,26,15,41,0,0,10,5,15,0,0,36,20,56,10,25,35,91
05/06/2011,PMD,CA,AWP,WE,Federal Contract Tower,0,0,22,17,39,0,0,9,4,13,0,0,31,21,52,13,20,33,85
05/07/2011,PMD,CA,AWP,WE,Federal Contract Tower,0,0,5,1,6,0,0,2,1,3,0,0,7,2,9,0,0,0,9
05/08/2011,PMD,CA,AWP,WE,Federal Contract Tower,0,0,2,0,2,0,0,0,0,0,0,0,2,0,2,0,0,0,2
05/09/2011,PMD,CA,AWP,WE,Federal Contract Tower,0,0,21,32,53,0,0,1,2,3,0,0,22,34,56,0,88,88,144
05/10/2011,PMD,CA,AWP,WE,Federal Contract Tower,0,0,18,32,50,0,0,12,9,21,0,0,30,41,71,0,82,82,153
05/11/2011,PMD,CA,AWP,WE,Federal Contract Tower,0,0,14,42,56,0,0,13,9,22,0,0,27,51,78,6,36,42,120
05/12/2011,PMD,CA,AWP,WE,Federal Contract Tower,0,0,22,43,65,0,0,18,14,32,0,0,40,57,97,24,14,38,135
05/13/2011,PMD,CA,AWP,WE,Federal Contract Tower,0,0,10,8,18,0,0,4,1,5,0,0,14,9,23,12,22,34,57
05/14/2011,PMD,CA,AWP,WE,Federal Contract Tower,0,0,8,1,9,0,0,3,1,4,0,0,11,2,13,0,0,0,13
05/15/2011,PMD,CA,AWP,WE,Federal Contract Tower,0,0,2,0,2,0,0,5,0,5,0,0,7,0,7,0,0,0,7
05/16/2011,PMD,CA,AWP,WE,Federal Contract Tower,0,0,15,27,42,0,0,10,3,13,0,0,25,30,55,0,14,14,69
05/17/2011,PMD,CA,AWP,WE,Federal Contract Tower,0,0,18,34,52,0,0,10,5,15,0,0,28,39,67,18,0,18,85
05/18/2011,PMD,CA,AWP,WE,Federal Contract Tower,8,0,22,28,58,0,0,9,4,13,8,0,31,32,71,2,36,38,109
05/19/2011,PMD,CA,AWP,WE,Federal Contract Tower,6,0,19,32,57,0,0,18,1,19,6,0,37,33,76,2,22,24,100
05/20/2011,PMD,CA,AWP,WE,Federal Contract Tower,0,0,27,25,52,0,0,8,0,8,0,0,35,25,60,0,44,44,104
05/21/2011,PMD,CA,AWP,WE,Federal Contract Tower,0,0,13,2,15,0,0,2,0,2,0,0,15,2,17,0,0,0,17
05/22/2011,PMD,CA,AWP,WE,Federal Contract Tower,0,0,2,2,4,0,0,2,0,2,0,0,4,2,6,0,0,0,6
05/23/2011,PMD,CA,AWP,WE,Federal Contract Tower,0,0,26,23,49,0,0,8,4,12,0,0,34,27,61,4,37,41,102
05/24/2011,PMD,CA,AWP,WE,Federal Contract Tower,0,0,11,30,41,0,0,8,15,23,0,0,19,45,64,0,84,84,148
05/25/2011,PMD,CA,AWP,WE,Federal Contract Tower,0,2,27,16,45,0,6,5,0,11,0,8,32,16,56,5,44,49,105
05/26/2011,PMD,CA,AWP,WE,Federal Contract Tower,0,0,12,18,30,0,0,15,16,31,0,0,27,34,61,2,4,6,67
05/27/2011,PMD,CA,AWP,WE,Federal Contract Tower,0,0,5,0,5,0,0,7,0,7,0,0,12,0,12,0,0,0,12
05/28/2011,PMD,CA,AWP,WE,Federal Contract Tower,0,0,0,0,0,0,0,0,0,0,0,0,0,0,0,0,0,0,0
05/29/2011,PMD,CA,AWP,WE,Federal Contract Tower,0,0,1,0,1,0,0,3,0,3,0,0,4,0,4,17,0,17,21
05/30/2011,PMD,CA,AWP,WE,Federal Contract Tower,0,0,8,0,8,0,0,0,2,2,0,0,8,2,10,6,8,14,24
05/31/2011,PMD,CA,AWP,WE,Federal Contract Tower,0,0,30,9,39,0,0,12,1,13,0,0,42,10,52,24,10,34,86
06/01/2011,PMD,CA,AWP,WE,Federal Contract Tower,0,0,27,16,43,0,0,12,6,18,0,0,39,22,61,7,96,103,164
06/02/2011,PMD,CA,AWP,WE,Federal Contract Tower,0,0,18,18,36,0,0,13,6,19,0,0,31,24,55,0,36,36,91
06/03/2011,PMD,CA,AWP,WE,Federal Contract Tower,0,0,29,12,41,0,0,7,0,7,0,0,36,12,48,5,12,17,65
06/04/2011,PMD,CA,AWP,WE,Federal Contract Tower,0,0,4,8,12,0,0,6,0,6,0,0,10,8,18,0,26,26,44
06/05/2011,PMD,CA,AWP,WE,Federal Contract Tower,0,0,2,2,4,0,0,0,0,0,0,0,2,2,4,0,0,0,4
06/06/2011,PMD,CA,AWP,WE,Federal Contract Tower,0,0,24,0,24,0,0,8,0,8,0,0,32,0,32,0,0,0,32
06/07/2011,PMD,CA,AWP,WE,Federal Contract Tower,0,0,25,41,66,0,0,14,2,16,0,0,39,43,82,0,48,48,130
06/08/2011,PMD,CA,AWP,WE,Federal Contract Tower,0,0,38,26,64,0,0,9,0,9,0,0,47,26,73,23,41,64,137
06/09/2011,PMD,CA,AWP,WE,Federal Contract Tower,0,0,26,38,64,0,0,19,0,19,0,0,45,38,83,0,18,18,101
06/10/2011,PMD,CA,AWP,WE,Federal Contract Tower,0,4,7,8,19,0,0,4,0,4,0,4,11,8,23,1,6,7,30
06/11/2011,PMD,CA,AWP,WE,Federal Contract Tower,0,0,15,5,20,0,0,1,0,1,0,0,16,5,21,0,0,0,21
06/12/2011,PMD,CA,AWP,WE,Federal Contract Tower,0,0,12,0,12,0,0,0,0,0,0,0,12,0,12,0,0,0,12
06/13/2011,PMD,CA,AWP,WE,Federal Contract Tower,0,8,36,9,53,0,0,12,2,14,0,8,48,11,67,6,7,13,80
06/14/2011,PMD,CA,AWP,WE,Federal Contract Tower,0,0,41,44,85,0,0,11,2,13,0,0,52,46,98,0,24,24,122
06/15/2011,PMD,CA,AWP,WE,Federal Contract Tower,0,0,29,21,50,0,0,12,4,16,0,0,41,25,66,16,68,84,150
06/16/2011,PMD,CA,AWP,WE,Federal Contract Tower,0,0,13,29,42,0,0,17,11,28,0,0,30,40,70,4,52,56,126
06/17/2011,PMD,CA,AWP,WE,Federal Contract Tower,0,0,19,7,26,0,0,5,0,5,0,0,24,7,31,4,2,6,37
06/18/2011,PMD,CA,AWP,WE,Federal Contract Tower,0,0,6,0,6,0,0,1,0,1,0,0,7,0,7,0,0,0,7
06/19/2011,PMD,CA,AWP,WE,Federal Contract Tower,0,0,10,0,10,0,0,0,0,0,0,0,10,0,10,0,0,0,10
06/20/2011,PMD,CA,AWP,WE,Federal Contract Tower,0,0,38,24,62,0,0,4,0,4,0,0,42,24,66,21,8,29,95
06/21/2011,PMD,CA,AWP,WE,Federal Contract Tower,0,0,25,30,55,0,0,10,0,10,0,0,35,30,65,2,56,58,123
06/22/2011,PMD,CA,AWP,WE,Federal Contract Tower,0,4,20,22,46,0,0,13,4,17,0,4,33,26,63,8,38,46,109
06/23/2011,PMD,CA,AWP,WE,Federal Contract Tower,0,0,17,55,72,0,0,18,5,23,0,0,35,60,95,0,62,62,157
06/24/2011,PMD,CA,AWP,WE,Federal Contract Tower,0,0,12,17,29,0,0,5,7,12,0,0,17,24,41,0,2,2,43
06/25/2011,PMD,CA,AWP,WE,Federal Contract Tower,0,0,7,0,7,0,0,2,0,2,0,0,9,0,9,0,0,0,9
06/26/2011,PMD,CA,AWP,WE,Federal Contract Tower,8,0,1,4,13,0,0,4,0,4,8,0,5,4,17,0,0,0,17
06/27/2011,PMD,CA,AWP,WE,Federal Contract Tower,0,0,22,7,29,0,0,6,1,7,0,0,28,8,36,12,28,40,76
06/28/2011,PMD,CA,AWP,WE,Federal Contract Tower,0,0,18,24,42,0,0,15,1,16,0,0,33,25,58,8,18,26,84
06/29/2011,PMD,CA,AWP,WE,Federal Contract Tower,0,0,22,8,30,0,0,7,2,9,0,0,29,10,39,14,56,70,109
06/30/2011,PMD,CA,AWP,WE,Federal Contract Tower,0,0,24,16,40,0,0,13,2,15,0,0,37,18,55,10,18,28,83
07/01/2011,PMD,CA,AWP,WE,Federal Contract Tower,0,0,12,4,16,0,0,0,1,1,0,0,12,5,17,0,29,29,46
07/02/2011,PMD,CA,AWP,WE,Federal Contract Tower,0,0,10,0,10,0,0,0,0,0,0,0,10,0,10,0,0,0,10
07/03/2011,PMD,CA,AWP,WE,Federal Contract Tower,0,0,4,0,4,0,0,0,0,0,0,0,4,0,4,0,0,0,4
07/04/2011,PMD,CA,AWP,WE,Federal Contract Tower,0,0,8,0,8,0,0,0,2,2,0,0,8,2,10,0,16,16,26
07/05/2011,PMD,CA,AWP,WE,Federal Contract Tower,0,0,30,14,44,0,0,9,0,9,0,0,39,14,53,0,0,0,53
07/06/2011,PMD,CA,AWP,WE,Federal Contract Tower,0,0,21,33,54,0,0,17,16,33,0,0,38,49,87,25,26,51,138
07/07/2011,PMD,CA,AWP,WE,Federal Contract Tower,0,0,22,30,52,0,0,10,4,14,0,0,32,34,66,18,54,72,138
07/08/2011,PMD,CA,AWP,WE,Federal Contract Tower,0,0,10,30,40,0,0,2,0,2,0,0,12,30,42,2,14,16,58
07/09/2011,PMD,CA,AWP,WE,Federal Contract Tower,0,0,9,4,13,0,0,12,0,12,0,0,21,4,25,0,12,12,37
07/10/2011,PMD,CA,AWP,WE,Federal Contract Tower,0,0,0,0,0,0,0,6,0,6,0,0,6,0,6,0,0,0,6
07/11/2011,PMD,CA,AWP,WE,Federal Contract Tower,0,0,12,6,18,0,0,7,2,9,0,0,19,8,27,0,12,12,39
07/12/2011,PMD,CA,AWP,WE,Federal Contract Tower,0,0,12,31,43,0,0,12,2,14,0,0,24,33,57,0,69,69,126
07/13/2011,PMD,CA,AWP,WE,Federal Contract Tower,0,0,25,44,69,0,0,10,7,17,0,0,35,51,86,0,97,97,183
07/14/2011,PMD,CA,AWP,WE,Federal Contract Tower,0,6,23,25,54,0,0,18,6,24,0,6,41,31,78,1,100,101,179
07/15/2011,PMD,CA,AWP,WE,Federal Contract Tower,0,0,20,16,36,0,0,8,2,10,0,0,28,18,46,0,8,8,54
07/16/2011,PMD,CA,AWP,WE,Federal Contract Tower,0,0,1,0,1,0,0,8,0,8,0,0,9,0,9,0,0,0,9
07/17/2011,PMD,CA,AWP,WE,Federal Contract Tower,0,0,5,0,5,0,0,6,0,6,0,0,11,0,11,0,0,0,11
07/18/2011,PMD,CA,AWP,WE,Federal Contract Tower,0,0,24,23,47,0,0,11,3,14,0,0,35,26,61,0,12,12,73
07/19/2011,PMD,CA,AWP,WE,Federal Contract Tower,0,0,21,38,59,0,0,12,8,20,0,0,33,46,79,0,48,48,127
07/20/2011,PMD,CA,AWP,WE,Federal Contract Tower,0,0,38,12,50,0,0,11,12,23,0,0,49,24,73,0,42,42,115
07/21/2011,PMD,CA,AWP,WE,Federal Contract Tower,0,0,20,26,46,0,0,13,7,20,0,0,33,33,66,8,106,114,180
07/22/2011,PMD,CA,AWP,WE,Federal Contract Tower,0,0,20,30,50,0,0,1,0,1,0,0,21,30,51,0,55,55,106
07/23/2011,PMD,CA,AWP,WE,Federal Contract Tower,0,0,12,0,12,0,0,5,0,5,0,0,17,0,17,0,0,0,17
07/24/2011,PMD,CA,AWP,WE,Federal Contract Tower,6,0,0,0,6,0,0,4,0,4,6,0,4,0,10,0,0,0,10
07/25/2011,PMD,CA,AWP,WE,Federal Contract Tower,0,0,14,27,41,0,0,14,2,16,0,0,28,29,57,2,76,78,135
07/26/2011,PMD,CA,AWP,WE,Federal Contract Tower,0,0,17,50,67,0,0,16,7,23,0,0,33,57,90,14,95,109,199
07/27/2011,PMD,CA,AWP,WE,Federal Contract Tower,0,0,17,21,38,0,0,15,8,23,0,0,32,29,61,0,73,73,134
07/28/2011,PMD,CA,AWP,WE,Federal Contract Tower,0,0,21,12,33,0,0,8,0,8,0,0,29,12,41,0,44,44,85
07/29/2011,PMD,CA,AWP,WE,Federal Contract Tower,6,0,18,16,40,0,0,6,2,8,6,0,24,18,48,8,17,25,73
07/30/2011,PMD,CA,AWP,WE,Federal Contract Tower,0,0,6,0,6,0,0,7,0,7,0,0,13,0,13,0,0,0,13
07/31/2011,PMD,CA,AWP,WE,Federal Contract Tower,0,0,12,0,12,0,0,6,0,6,0,0,18,0,18,0,0,0,18
08/01/2011,PMD,CA,AWP,WE,Federal Contract Tower,0,0,22,0,22,0,0,7,0,7,0,0,29,0,29,0,43,43,72
08/02/2011,PMD,CA,AWP,WE,Federal Contract Tower,0,0,26,12,38,0,0,17,4,21,0,0,43,16,59,34,34,68,127
08/03/2011,PMD,CA,AWP,WE,Federal Contract Tower,0,0,44,20,64,0,0,8,10,18,0,0,52,30,82,14,36,50,132
08/04/2011,PMD,CA,AWP,WE,Federal Contract Tower,0,0,19,18,37,0,0,12,4,16,0,0,31,22,53,10,42,52,105
08/05/2011,PMD,CA,AWP,WE,Federal Contract Tower,0,0,12,12,24,0,0,0,2,2,0,0,12,14,26,0,32,32,58
08/06/2011,PMD,CA,AWP,WE,Federal Contract Tower,0,0,6,2,8,0,0,5,12,17,0,0,11,14,25,0,38,38,63
08/07/2011,PMD,CA,AWP,WE,Federal Contract Tower,0,0,2,2,4,0,0,2,0,2,0,0,4,2,6,0,0,0,6
08/08/2011,PMD,CA,AWP,WE,Federal Contract Tower,0,1,35,19,55,0,0,6,2,8,0,1,41,21,63,0,50,50,113
08/09/2011,PMD,CA,AWP,WE,Federal Contract Tower,0,0,13,37,50,0,0,8,4,12,0,0,21,41,62,0,69,69,131
08/10/2011,PMD,CA,AWP,WE,Federal Contract Tower,0,0,23,43,66,0,0,7,18,25,0,0,30,61,91,0,66,66,157
08/11/2011,PMD,CA,AWP,WE,Federal Contract Tower,0,0,28,30,58,0,0,12,4,16,0,0,40,34,74,0,76,76,150
08/12/2011,PMD,CA,AWP,WE,Federal Contract Tower,0,2,13,10,25,0,0,6,2,8,0,2,19,12,33,2,18,20,53
08/13/2011,PMD,CA,AWP,WE,Federal Contract Tower,0,0,6,8,14,0,0,1,0,1,0,0,7,8,15,0,8,8,23
08/14/2011,PMD,CA,AWP,WE,Federal Contract Tower,0,0,0,0,0,0,0,4,0,4,0,0,4,0,4,0,0,0,4
08/15/2011,PMD,CA,AWP,WE,Federal Contract Tower,0,0,19,37,56,0,0,6,1,7,0,0,25,38,63,0,48,48,111
08/16/2011,PMD,CA,AWP,WE,Federal Contract Tower,0,0,13,21,34,0,0,8,0,8,0,0,21,21,42,0,42,42,84
08/17/2011,PMD,CA,AWP,WE,Federal Contract Tower,0,0,22,49,71,0,0,9,2,11,0,0,31,51,82,0,49,49,131
08/18/2011,PMD,CA,AWP,WE,Federal Contract Tower,0,0,24,18,42,0,0,10,1,11,0,0,34,19,53,0,65,65,118
08/19/2011,PMD,CA,AWP,WE,Federal Contract Tower,0,0,12,16,28,0,0,1,0,1,0,0,13,16,29,0,24,24,53
08/20/2011,PMD,CA,AWP,WE,Federal Contract Tower,0,0,9,2,11,0,0,4,0,4,0,0,13,2,15,0,4,4,19
08/21/2011,PMD,CA,AWP,WE,Federal Contract Tower,0,0,8,0,8,0,0,7,0,7,0,0,15,0,15,0,0,0,15
08/22/2011,PMD,CA,AWP,WE,Federal Contract Tower,0,0,19,26,45,0,0,8,0,8,0,0,27,26,53,10,23,33,86
08/23/2011,PMD,CA,AWP,WE,Federal Contract Tower,6,0,17,35,58,0,0,8,1,9,6,0,25,36,67,0,20,20,87
08/24/2011,PMD,CA,AWP,WE,Federal Contract Tower,0,8,15,24,47,0,0,12,2,14,0,8,27,26,61,2,58,60,121
08/25/2011,PMD,CA,AWP,WE,Federal Contract Tower,0,2,19,4,25,0,0,10,0,10,0,2,29,4,35,6,0,6,41
08/26/2011,PMD,CA,AWP,WE,Federal Contract Tower,0,0,19,9,28,0,0,5,0,5,0,0,24,9,33,20,17,37,70
08/27/2011,PMD,CA,AWP,WE,Federal Contract Tower,0,0,4,0,4,0,0,14,0,14,0,0,18,0,18,0,0,0,18
08/28/2011,PMD,CA,AWP,WE,Federal Contract Tower,0,0,0,4,4,0,0,2,0,2,0,0,2,4,6,0,12,12,18
08/29/2011,PMD,CA,AWP,WE,Federal Contract Tower,0,0,23,16,39,0,0,9,0,9,0,0,32,16,48,0,48,48,96
08/30/2011,PMD,CA,AWP,WE,Federal Contract Tower,6,0,22,20,48,0,0,11,4,15,6,0,33,24,63,15,74,89,152
08/31/2011,PMD,CA,AWP,WE,Federal Contract Tower,0,4,26,31,61,0,2,17,0,19,0,6,43,31,80,0,20,20,100
09/01/2011,PMD,CA,AWP,WE,Federal Contract Tower,0,0,25,12,37,0,0,6,4,10,0,0,31,16,47,2,65,67,114
09/02/2011,PMD,CA,AWP,WE,Federal Contract Tower,0,0,12,30,42,0,0,0,1,1,0,0,12,31,43,9,25,34,77
09/03/2011,PMD,CA,AWP,WE,Federal Contract Tower,0,0,2,0,2,0,0,6,0,6,0,0,8,0,8,0,0,0,8
09/04/2011,PMD,CA,AWP,WE,Federal Contract Tower,0,0,4,0,4,0,0,2,0,2,0,0,6,0,6,0,0,0,6
09/05/2011,PMD,CA,AWP,WE,Federal Contract Tower,0,0,2,0,2,0,0,2,0,2,0,0,4,0,4,0,0,0,4
09/06/2011,PMD,CA,AWP,WE,Federal Contract Tower,0,0,22,27,49,0,0,9,1,10,0,0,31,28,59,0,4,4,63
09/07/2011,PMD,CA,AWP,WE,Federal Contract Tower,0,0,35,32,67,0,0,16,2,18,0,0,51,34,85,4,32,36,121
09/08/2011,PMD,CA,AWP,WE,Federal Contract Tower,0,0,38,40,78,0,0,9,9,18,0,0,47,49,96,28,41,69,165
09/09/2011,PMD,CA,AWP,WE,Federal Contract Tower,0,8,25,24,57,0,3,8,1,12,0,11,33,25,69,0,17,17,86
09/10/2011,PMD,CA,AWP,WE,Federal Contract Tower,0,2,0,0,2,0,0,7,0,7,0,2,7,0,9,0,0,0,9
09/11/2011,PMD,CA,AWP,WE,Federal Contract Tower,0,0,8,0,8,0,0,3,0,3,0,0,11,0,11,0,0,0,11
09/12/2011,PMD,CA,AWP,WE,Federal Contract Tower,0,0,27,7,34,0,0,8,8,16,0,0,35,15,50,16,8,24,74
09/13/2011,PMD,CA,AWP,WE,Federal Contract Tower,0,0,19,3,22,0,0,11,0,11,0,0,30,3,33,0,4,4,37
09/14/2011,PMD,CA,AWP,WE,Federal Contract Tower,0,0,23,9,32,0,0,9,0,9,0,0,32,9,41,0,48,48,89
09/15/2011,PMD,CA,AWP,WE,Federal Contract Tower,0,0,18,24,42,0,0,10,0,10,0,0,28,24,52,0,61,61,113
09/16/2011,PMD,CA,AWP,WE,Federal Contract Tower,0,0,17,12,29,0,0,0,0,0,0,0,17,12,29,0,16,16,45
09/17/2011,PMD,CA,AWP,WE,Federal Contract Tower,0,0,0,0,0,0,0,0,0,0,0,0,0,0,0,0,0,0,0
09/18/2011,PMD,CA,AWP,WE,Federal Contract Tower,0,0,2,0,2,0,0,5,0,5,0,0,7,0,7,0,0,0,7
09/19/2011,PMD,CA,AWP,WE,Federal Contract Tower,0,0,23,15,38,0,0,9,0,9,0,0,32,15,47,1,28,29,76
09/20/2011,PMD,CA,AWP,WE,Federal Contract Tower,0,0,25,3,28,0,0,11,0,11,0,0,36,3,39,0,8,8,47
09/21/2011,PMD,CA,AWP,WE,Federal Contract Tower,0,0,22,13,35,0,0,13,5,18,0,0,35,18,53,3,59,62,115
09/22/2011,PMD,CA,AWP,WE,Federal Contract Tower,0,0,10,23,33,0,0,10,3,13,0,0,20,26,46,0,44,44,90
09/23/2011,PMD,CA,AWP,WE,Federal Contract Tower,0,0,20,5,25,0,0,18,0,18,0,0,38,5,43,0,14,14,57
09/24/2011,PMD,CA,AWP,WE,Federal Contract Tower,0,0,4,2,6,0,0,2,0,2,0,0,6,2,8,0,0,0,8
09/25/2011,PMD,CA,AWP,WE,Federal Contract Tower,0,0,0,0,0,0,0,4,0,4,0,0,4,0,4,1,0,1,5
09/26/2011,PMD,CA,AWP,WE,Federal Contract Tower,0,0,14,16,30,0,0,6,0,6,0,0,20,16,36,6,38,44,80
09/27/2011,PMD,CA,AWP,WE,Federal Contract Tower,0,0,29,30,59,0,0,10,0,10,0,0,39,30,69,0,62,62,131
09/28/2011,PMD,CA,AWP,WE,Federal Contract Tower,0,2,20,50,72,0,0,10,0,10,0,2,30,50,82,0,82,82,164
09/29/2011,PMD,CA,AWP,WE,Federal Contract Tower,0,0,20,14,34,0,0,5,2,7,0,0,25,16,41,2,28,30,71
09/30/2011,PMD,CA,AWP,WE,Federal Contract Tower,0,0,3,10,13,0,0,0,0,0,0,0,3,10,13,0,6,6,19
10/01/2011,PMD,CA,AWP,WE,Federal Contract Tower,0,0,8,0,8,0,0,2,0,2,0,0,10,0,10,0,0,0,10
10/02/2011,PMD,CA,AWP,WE,Federal Contract Tower,0,0,2,0,2,0,0,0,0,0,0,0,2,0,2,0,0,0,2
10/03/2011,PMD,CA,AWP,WE,Federal Contract Tower,0,0,29,12,41,0,0,11,0,11,0,0,40,12,52,27,60,87,139
10/04/2011,PMD,CA,AWP,WE,Federal Contract Tower,0,0,28,22,50,0,0,19,0,19,0,0,47,22,69,0,18,18,87
10/05/2011,PMD,CA,AWP,WE,Federal Contract Tower,0,0,21,17,38,0,0,7,1,8,0,0,28,18,46,3,14,17,63
10/06/2011,PMD,CA,AWP,WE,Federal Contract Tower,0,0,20,36,56,0,0,11,0,11,0,0,31,36,67,0,114,114,181
10/07/2011,PMD,CA,AWP,WE,Federal Contract Tower,0,0,23,50,73,0,0,4,0,4,0,0,27,50,77,8,38,46,123
10/08/2011,PMD,CA,AWP,WE,Federal Contract Tower,0,0,2,4,6,0,0,1,0,1,0,0,3,4,7,0,0,0,7
10/09/2011,PMD,CA,AWP,WE,Federal Contract Tower,0,0,7,4,11,0,0,2,0,2,0,0,9,4,13,0,0,0,13
10/10/2011,PMD,CA,AWP,WE,Federal Contract Tower,0,0,24,0,24,0,0,8,0,8,0,0,32,0,32,0,0,0,32
10/11/2011,PMD,CA,AWP,WE,Federal Contract Tower,0,0,17,35,52,0,0,14,1,15,0,0,31,36,67,13,54,67,134
10/12/2011,PMD,CA,AWP,WE,Federal Contract Tower,0,0,18,35,53,0,0,8,0,8,0,0,26,35,61,0,68,68,129
10/13/2011,PMD,CA,AWP,WE,Federal Contract Tower,0,2,31,25,58,0,0,13,1,14,0,2,44,26,72,18,86,104,176
10/14/2011,PMD,CA,AWP,WE,Federal Contract Tower,0,0,13,8,21,0,0,0,2,2,0,0,13,10,23,13,8,21,44
10/15/2011,PMD,CA,AWP,WE,Federal Contract Tower,0,2,1,0,3,0,0,1,0,1,0,2,2,0,4,0,0,0,4
10/16/2011,PMD,CA,AWP,WE,Federal Contract Tower,0,0,4,0,4,0,0,5,0,5,0,0,9,0,9,0,0,0,9
10/17/2011,PMD,CA,AWP,WE,Federal Contract Tower,0,0,17,11,28,0,0,9,0,9,0,0,26,11,37,0,32,32,69
10/18/2011,PMD,CA,AWP,WE,Federal Contract Tower,0,0,21,12,33,0,0,14,2,16,0,0,35,14,49,18,50,68,117
10/19/2011,PMD,CA,AWP,WE,Federal Contract Tower,0,0,29,31,60,0,0,14,2,16,0,0,43,33,76,42,100,142,218
10/20/2011,PMD,CA,AWP,WE,Federal Contract Tower,0,0,23,22,45,0,0,9,0,9,0,0,32,22,54,0,24,24,78
10/21/2011,PMD,CA,AWP,WE,Federal Contract Tower,0,4,28,3,35,0,0,5,0,5,0,4,33,3,40,14,4,18,58
10/22/2011,PMD,CA,AWP,WE,Federal Contract Tower,0,0,2,0,2,0,0,0,0,0,0,0,2,0,2,0,0,0,2
10/23/2011,PMD,CA,AWP,WE,Federal Contract Tower,0,0,4,0,4,0,0,6,0,6,0,0,10,0,10,0,0,0,10
10/24/2011,PMD,CA,AWP,WE,Federal Contract Tower,0,2,18,7,27,0,0,7,5,12,0,2,25,12,39,24,56,80,119
10/25/2011,PMD,CA,AWP,WE,Federal Contract Tower,0,0,18,48,66,0,0,5,2,7,0,0,23,50,73,8,124,132,205
10/26/2011,PMD,CA,AWP,WE,Federal Contract Tower,0,0,31,27,58,0,0,24,11,35,0,0,55,38,93,10,34,44,137
10/27/2011,PMD,CA,AWP,WE,Federal Contract Tower,0,0,22,27,49,0,0,12,1,13,0,0,34,28,62,8,16,24,86
10/28/2011,PMD,CA,AWP,WE,Federal Contract Tower,0,0,8,4,12,0,0,3,0,3,0,0,11,4,15,0,0,0,15
10/29/2011,PMD,CA,AWP,WE,Federal Contract Tower,0,0,7,0,7,0,0,0,0,0,0,0,7,0,7,0,0,0,7
10/30/2011,PMD,CA,AWP,WE,Federal Contract Tower,0,0,8,0,8,0,0,8,0,8,0,0,16,0,16,0,0,0,16
10/31/2011,PMD,CA,AWP,WE,Federal Contract Tower,0,0,25,2,27,0,0,8,0,8,0,0,33,2,35,0,4,4,39
11/01/2011,PMD,CA,AWP,WE,Federal Contract Tower,0,20,28,21,69,0,0,8,1,9,0,20,36,22,78,0,18,18,96
11/02/2011,PMD,CA,AWP,WE,Federal Contract Tower,0,18,20,16,54,0,0,11,0,11,0,18,31,16,65,0,26,26,91
11/03/2011,PMD,CA,AWP,WE,Federal Contract Tower,0,4,31,39,74,0,0,9,7,16,0,4,40,46,90,0,24,24,114
11/04/2011,PMD,CA,AWP,WE,Federal Contract Tower,0,0,18,2,20,0,0,0,0,0,0,0,18,2,20,0,0,0,20
11/05/2011,PMD,CA,AWP,WE,Federal Contract Tower,0,0,1,0,1,0,0,1,3,4,0,0,2,3,5,0,24,24,29
11/06/2011,PMD,CA,AWP,WE,Federal Contract Tower,0,0,9,4,13,0,0,3,0,3,0,0,12,4,16,0,0,0,16
11/07/2011,PMD,CA,AWP,WE,Federal Contract Tower,0,0,22,15,37,0,0,9,0,9,0,0,31,15,46,0,23,23,69
11/08/2011,PMD,CA,AWP,WE,Federal Contract Tower,0,0,22,34,56,0,0,8,4,12,0,0,30,38,68,0,38,38,106
11/09/2011,PMD,CA,AWP,WE,Federal Contract Tower,0,0,24,24,48,0,0,13,5,18,0,0,37,29,66,0,46,46,112
11/10/2011,PMD,CA,AWP,WE,Federal Contract Tower,0,4,34,3,41,0,0,8,2,10,0,4,42,5,51,0,0,0,51
11/11/2011,PMD,CA,AWP,WE,Federal Contract Tower,0,8,4,0,12,0,0,0,0,0,0,8,4,0,12,0,0,0,12
11/12/2011,PMD,CA,AWP,WE,Federal Contract Tower,0,4,2,4,10,0,0,0,0,0,0,4,2,4,10,0,0,0,10
11/13/2011,PMD,CA,AWP,WE,Federal Contract Tower,0,0,2,0,2,0,0,2,0,2,0,0,4,0,4,0,0,0,4
11/14/2011,PMD,CA,AWP,WE,Federal Contract Tower,0,0,26,12,38,0,0,14,0,14,0,0,40,12,52,4,2,6,58
11/15/2011,PMD,CA,AWP,WE,Federal Contract Tower,0,0,14,31,45,0,0,9,3,12,0,0,23,34,57,4,12,16,73
11/16/2011,PMD,CA,AWP,WE,Federal Contract Tower,0,0,30,30,60,0,0,7,2,9,0,0,37,32,69,0,32,32,101
11/17/2011,PMD,CA,AWP,WE,Federal Contract Tower,0,0,31,16,47,0,0,10,2,12,0,0,41,18,59,0,50,50,109
11/18/2011,PMD,CA,AWP,WE,Federal Contract Tower,0,0,14,21,35,0,0,5,2,7,0,0,19,23,42,0,21,21,63
11/19/2011,PMD,CA,AWP,WE,Federal Contract Tower,0,0,2,0,2,0,0,2,0,2,0,0,4,0,4,12,0,12,16
11/20/2011,PMD,CA,AWP,WE,Federal Contract Tower,0,0,14,0,14,0,0,2,0,2,0,0,16,0,16,0,0,0,16
11/21/2011,PMD,CA,AWP,WE,Federal Contract Tower,0,0,22,16,38,0,0,5,0,5,0,0,27,16,43,0,14,14,57
11/22/2011,PMD,CA,AWP,WE,Federal Contract Tower,0,0,15,12,27,0,0,6,0,6,0,0,21,12,33,0,22,22,55
11/23/2011,PMD,CA,AWP,WE,Federal Contract Tower,0,0,27,15,42,0,0,6,0,6,0,0,33,15,48,0,26,26,74
11/24/2011,PMD,CA,AWP,WE,Federal Contract Tower,0,0,0,0,0,0,0,0,0,0,0,0,0,0,0,0,0,0,0
11/25/2011,PMD,CA,AWP,WE,Federal Contract Tower,0,0,12,0,12,0,0,0,0,0,0,0,12,0,12,0,0,0,12
11/26/2011,PMD,CA,AWP,WE,Federal Contract Tower,0,0,10,0,10,0,0,0,0,0,0,0,10,0,10,0,0,0,10
11/27/2011,PMD,CA,AWP,WE,Federal Contract Tower,0,0,0,0,0,0,0,0,0,0,0,0,0,0,0,0,0,0,0
11/28/2011,PMD,CA,AWP,WE,Federal Contract Tower,0,10,16,31,57,0,0,7,0,7,0,10,23,31,64,0,34,34,98
11/29/2011,PMD,CA,AWP,WE,Federal Contract Tower,4,4,39,36,83,0,0,9,2,11,4,4,48,38,94,6,40,46,140
11/30/2011,PMD,CA,AWP,WE,Federal Contract Tower,0,0,27,22,49,0,0,9,0,9,0,0,36,22,58,17,50,67,125
12/01/2011,PMD,CA,AWP,WE,Federal Contract Tower,0,0,12,0,12,0,0,6,0,6,0,0,18,0,18,29,0,29,47
12/02/2011,PMD,CA,AWP,WE,Federal Contract Tower,0,0,29,23,52,0,0,5,10,15,0,0,34,33,67,0,61,61,128
12/03/2011,PMD,CA,AWP,WE,Federal Contract Tower,0,0,0,0,0,0,0,10,0,10,0,0,10,0,10,0,0,0,10
12/04/2011,PMD,CA,AWP,WE,Federal Contract Tower,0,0,14,0,14,0,0,2,0,2,0,0,16,0,16,0,0,0,16
12/05/2011,PMD,CA,AWP,WE,Federal Contract Tower,0,0,29,6,35,0,0,10,4,14,0,0,39,10,49,0,46,46,95
12/06/2011,PMD,CA,AWP,WE,Federal Contract Tower,0,0,22,29,51,0,0,8,1,9,0,0,30,30,60,4,34,38,98
12/07/2011,PMD,CA,AWP,WE,Federal Contract Tower,8,0,29,30,67,0,0,11,0,11,8,0,40,30,78,6,36,42,120
12/08/2011,PMD,CA,AWP,WE,Federal Contract Tower,0,0,23,46,69,0,0,9,6,15,0,0,32,52,84,0,30,30,114
12/09/2011,PMD,CA,AWP,WE,Federal Contract Tower,4,0,34,16,54,0,0,0,0,0,4,0,34,16,54,0,22,22,76
12/10/2011,PMD,CA,AWP,WE,Federal Contract Tower,0,0,5,0,5,0,0,0,0,0,0,0,5,0,5,0,0,0,5
12/11/2011,PMD,CA,AWP,WE,Federal Contract Tower,0,0,0,0,0,0,0,7,0,7,0,0,7,0,7,0,0,0,7
12/12/2011,PMD,CA,AWP,WE,Federal Contract Tower,0,0,21,38,59,0,0,9,0,9,0,0,30,38,68,12,40,52,120
12/13/2011,PMD,CA,AWP,WE,Federal Contract Tower,0,0,18,36,54,0,0,5,0,5,0,0,23,36,59,14,28,42,101
12/14/2011,PMD,CA,AWP,WE,Federal Contract Tower,0,0,39,40,79,0,0,8,2,10,0,0,47,42,89,10,46,56,145
12/15/2011,PMD,CA,AWP,WE,Federal Contract Tower,0,0,38,26,64,0,0,10,0,10,0,0,48,26,74,10,16,26,100
12/16/2011,PMD,CA,AWP,WE,Federal Contract Tower,0,0,12,6,18,0,0,5,1,6,0,0,17,7,24,36,2,38,62
12/17/2011,PMD,CA,AWP,WE,Federal Contract Tower,0,0,6,0,6,0,0,0,0,0,0,0,6,0,6,0,0,0,6
12/18/2011,PMD,CA,AWP,WE,Federal Contract Tower,0,0,2,0,2,0,0,4,0,4,0,0,6,0,6,0,0,0,6
12/19/2011,PMD,CA,AWP,WE,Federal Contract Tower,0,8,23,28,59,0,0,6,0,6,0,8,29,28,65,18,23,41,106
12/20/2011,PMD,CA,AWP,WE,Federal Contract Tower,2,0,34,18,54,0,0,5,1,6,2,0,39,19,60,34,9,43,103
12/21/2011,PMD,CA,AWP,WE,Federal Contract Tower,0,0,26,36,62,0,0,8,6,14,0,0,34,42,76,0,31,31,107
12/22/2011,PMD,CA,AWP,WE,Federal Contract Tower,0,0,11,6,17,0,0,4,0,4,0,0,15,6,21,0,2,2,23
12/23/2011,PMD,CA,AWP,WE,Federal Contract Tower,0,0,0,0,0,0,0,1,0,1,0,0,1,0,1,0,0,0,1
12/24/2011,PMD,CA,AWP,WE,Federal Contract Tower,0,0,0,0,0,0,0,0,0,0,0,0,0,0,0,8,0,8,8
12/25/2011,PMD,CA,AWP,WE,Federal Contract Tower,0,0,0,0,0,0,0,4,0,4,0,0,4,0,4,0,0,0,4
12/26/2011,PMD,CA,AWP,WE,Federal Contract Tower,0,0,0,0,0,0,0,1,0,1,0,0,1,0,1,0,0,0,1
12/27/2011,PMD,CA,AWP,WE,Federal Contract Tower,0,0,12,10,22,0,0,0,0,0,0,0,12,10,22,0,24,24,46
12/28/2011,PMD,CA,AWP,WE,Federal Contract Tower,0,0,8,0,8,0,0,0,0,0,0,0,8,0,8,0,10,10,18
12/29/2011,PMD,CA,AWP,WE,Federal Contract Tower,0,0,0,10,10,0,0,2,0,2,0,0,2,10,12,0,4,4,16
12/30/2011,PMD,CA,AWP,WE,Federal Contract Tower,0,0,6,0,6,0,0,0,0,0,0,0,6,0,6,0,0,0,6
12/31/2011,PMD,CA,AWP,WE,Federal Contract Tower,0,0,0,0,0,0,0,0,0,0,0,0,0,0,0,0,0,0,0
01/01/2012,PMD,CA,AWP,WE,Federal Contract Tower,0,0,6,0,6,0,0,3,0,3,0,0,9,0,9,0,0,0,9
01/02/2012,PMD,CA,AWP,WE,Federal Contract Tower,0,0,2,0,2,0,0,9,0,9,0,0,11,0,11,0,0,0,11
01/03/2012,PMD,CA,AWP,WE,Federal Contract Tower,0,0,15,6,21,0,0,6,0,6,0,0,21,6,27,0,0,0,27
01/04/2012,PMD,CA,AWP,WE,Federal Contract Tower,0,0,14,41,55,0,0,18,1,19,0,0,32,42,74,0,70,70,144
01/05/2012,PMD,CA,AWP,WE,Federal Contract Tower,0,0,36,72,108,0,0,13,1,14,0,0,49,73,122,17,125,142,264
01/06/2012,PMD,CA,AWP,WE,Federal Contract Tower,0,0,13,15,28,0,0,1,2,3,0,0,14,17,31,0,15,15,46
01/07/2012,PMD,CA,AWP,WE,Federal Contract Tower,0,0,3,5,8,0,0,0,4,4,0,0,3,9,12,0,34,34,46
01/08/2012,PMD,CA,AWP,WE,Federal Contract Tower,0,0,8,2,10,0,0,0,0,0,0,0,8,2,10,0,6,6,16
01/09/2012,PMD,CA,AWP,WE,Federal Contract Tower,0,0,24,16,40,0,0,8,3,11,0,0,32,19,51,0,30,30,81
01/10/2012,PMD,CA,AWP,WE,Federal Contract Tower,0,0,40,20,60,0,0,10,1,11,0,0,50,21,71,30,64,94,165
01/11/2012,PMD,CA,AWP,WE,Federal Contract Tower,0,0,46,26,72,0,0,7,6,13,0,0,53,32,85,6,112,118,203
01/12/2012,PMD,CA,AWP,WE,Federal Contract Tower,0,0,40,71,111,0,0,10,4,14,0,0,50,75,125,0,128,128,253
01/13/2012,PMD,CA,AWP,WE,Federal Contract Tower,0,0,16,12,28,0,0,6,4,10,0,0,22,16,38,0,8,8,46
01/14/2012,PMD,CA,AWP,WE,Federal Contract Tower,0,0,12,0,12,0,0,1,0,1,0,0,13,0,13,0,0,0,13
01/15/2012,PMD,CA,AWP,WE,Federal Contract Tower,0,0,2,0,2,0,0,6,0,6,0,0,8,0,8,0,0,0,8
01/16/2012,PMD,CA,AWP,WE,Federal Contract Tower,0,0,12,0,12,0,0,7,0,7,0,0,19,0,19,0,0,0,19
01/17/2012,PMD,CA,AWP,WE,Federal Contract Tower,0,0,26,10,36,0,0,7,2,9,0,0,33,12,45,0,34,34,79
01/18/2012,PMD,CA,AWP,WE,Federal Contract Tower,0,0,18,41,59,0,0,10,8,18,0,0,28,49,77,2,56,58,135
01/19/2012,PMD,CA,AWP,WE,Federal Contract Tower,0,0,25,31,56,0,0,12,6,18,0,0,37,37,74,4,66,70,144
01/20/2012,PMD,CA,AWP,WE,Federal Contract Tower,0,2,25,12,39,0,0,1,4,5,0,2,26,16,44,0,24,24,68
01/21/2012,PMD,CA,AWP,WE,Federal Contract Tower,0,0,2,0,2,0,0,0,0,0,0,0,2,0,2,0,0,0,2
01/22/2012,PMD,CA,AWP,WE,Federal Contract Tower,0,0,10,1,11,0,0,0,0,0,0,0,10,1,11,0,19,19,30
01/23/2012,PMD,CA,AWP,WE,Federal Contract Tower,0,0,22,23,45,0,0,1,2,3,0,0,23,25,48,0,26,26,74
01/24/2012,PMD,CA,AWP,WE,Federal Contract Tower,0,0,20,22,42,0,0,12,3,15,0,0,32,25,57,11,56,67,124
01/25/2012,PMD,CA,AWP,WE,Federal Contract Tower,0,0,32,14,46,0,0,7,12,19,0,0,39,26,65,10,80,90,155
01/26/2012,PMD,CA,AWP,WE,Federal Contract Tower,0,0,29,7,36,0,0,11,3,14,0,0,40,10,50,9,51,60,110
01/27/2012,PMD,CA,AWP,WE,Federal Contract Tower,0,4,12,24,40,0,0,9,4,13,0,4,21,28,53,0,86,86,139
01/28/2012,PMD,CA,AWP,WE,Federal Contract Tower,0,0,6,0,6,0,0,0,0,0,0,0,6,0,6,0,0,0,6
01/29/2012,PMD,CA,AWP,WE,Federal Contract Tower,0,0,18,0,18,0,0,5,2,7,0,0,23,2,25,0,6,6,31
01/30/2012,PMD,CA,AWP,WE,Federal Contract Tower,0,0,33,18,51,0,0,6,5,11,0,0,39,23,62,0,68,68,130
01/31/2012,PMD,CA,AWP,WE,Federal Contract Tower,0,0,36,40,76,0,0,8,2,10,0,0,44,42,86,2,140,142,228
02/01/2012,PMD,CA,AWP,WE,Federal Contract Tower,0,0,24,41,65,0,0,13,2,15,0,0,37,43,80,0,146,146,226
02/02/2012,PMD,CA,AWP,WE,Federal Contract Tower,0,0,37,26,63,0,0,12,9,21,0,0,49,35,84,0,92,92,176
02/03/2012,PMD,CA,AWP,WE,Federal Contract Tower,4,1,10,16,31,0,0,7,5,12,4,1,17,21,43,0,58,58,101
02/04/2012,PMD,CA,AWP,WE,Federal Contract Tower,0,0,18,0,18,0,0,2,0,2,0,0,20,0,20,0,0,0,20
02/05/2012,PMD,CA,AWP,WE,Federal Contract Tower,0,0,1,0,1,0,0,8,0,8,0,0,9,0,9,0,0,0,9
02/06/2012,PMD,CA,AWP,WE,Federal Contract Tower,0,6,31,15,52,0,0,13,0,13,0,6,44,15,65,12,28,40,105
02/07/2012,PMD,CA,AWP,WE,Federal Contract Tower,8,6,51,35,100,0,0,6,3,9,8,6,57,38,109,31,94,125,234
02/08/2012,PMD,CA,AWP,WE,Federal Contract Tower,0,0,19,35,54,0,0,19,2,21,0,0,38,37,75,27,58,85,160
02/09/2012,PMD,CA,AWP,WE,Federal Contract Tower,0,0,23,26,49,0,0,22,1,23,0,0,45,27,72,0,82,82,154
02/10/2012,PMD,CA,AWP,WE,Federal Contract Tower,0,12,33,26,71,0,0,14,5,19,0,12,47,31,90,0,50,50,140
02/11/2012,PMD,CA,AWP,WE,Federal Contract Tower,0,0,19,0,19,0,0,8,0,8,0,0,27,0,27,0,0,0,27
02/12/2012,PMD,CA,AWP,WE,Federal Contract Tower,0,0,2,0,2,0,0,16,0,16,0,0,18,0,18,2,0,2,20
02/13/2012,PMD,CA,AWP,WE,Federal Contract Tower,0,4,24,6,34,0,0,9,2,11,0,4,33,8,45,0,34,34,79
02/14/2012,PMD,CA,AWP,WE,Federal Contract Tower,0,0,30,6,36,0,0,20,2,22,0,0,50,8,58,0,50,50,108
02/15/2012,PMD,CA,AWP,WE,Federal Contract Tower,0,0,17,34,51,0,0,5,2,7,0,0,22,36,58,0,28,28,86
02/16/2012,PMD,CA,AWP,WE,Federal Contract Tower,0,0,18,11,29,0,0,4,2,6,0,0,22,13,35,0,12,12,47
02/17/2012,PMD,CA,AWP,WE,Federal Contract Tower,0,0,23,14,37,0,0,3,2,5,0,0,26,16,42,0,4,4,46
02/18/2012,PMD,CA,AWP,WE,Federal Contract Tower,0,0,1,2,3,0,0,0,0,0,0,0,1,2,3,0,2,2,5
02/19/2012,PMD,CA,AWP,WE,Federal Contract Tower,0,0,4,0,4,0,0,8,0,8,0,0,12,0,12,0,0,0,12
02/20/2012,PMD,CA,AWP,WE,Federal Contract Tower,0,0,25,2,27,0,0,9,0,9,0,0,34,2,36,0,0,0,36
02/21/2012,PMD,CA,AWP,WE,Federal Contract Tower,0,0,19,48,67,0,0,11,1,12,0,0,30,49,79,0,65,65,144
02/22/2012,PMD,CA,AWP,WE,Federal Contract Tower,0,0,23,32,55,0,0,9,0,9,0,0,32,32,64,4,64,68,132
02/23/2012,PMD,CA,AWP,WE,Federal Contract Tower,0,0,13,32,45,0,0,8,0,8,0,0,21,32,53,6,30,36,89
02/24/2012,PMD,CA,AWP,WE,Federal Contract Tower,0,0,38,10,48,0,0,11,2,13,0,0,49,12,61,0,8,8,69
02/25/2012,PMD,CA,AWP,WE,Federal Contract Tower,0,0,2,0,2,0,0,1,0,1,0,0,3,0,3,0,0,0,3
02/26/2012,PMD,CA,AWP,WE,Federal Contract Tower,0,0,6,0,6,0,0,8,0,8,0,0,14,0,14,0,0,0,14
02/27/2012,PMD,CA,AWP,WE,Federal Contract Tower,0,0,43,29,72,0,0,5,0,5,0,0,48,29,77,10,24,34,111
02/28/2012,PMD,CA,AWP,WE,Federal Contract Tower,0,0,27,45,72,0,0,11,4,15,0,0,38,49,87,0,80,80,167
02/29/2012,PMD,CA,AWP,WE,Federal Contract Tower,0,0,21,18,39,0,0,17,3,20,0,0,38,21,59,15,44,59,118
03/01/2012,PMD,CA,AWP,WE,Federal Contract Tower,0,0,13,4,17,0,0,10,0,10,0,0,23,4,27,0,0,0,27
03/02/2012,PMD,CA,AWP,WE,Federal Contract Tower,0,4,11,9,24,0,0,2,2,4,0,4,13,11,28,15,14,29,57
03/03/2012,PMD,CA,AWP,WE,Federal Contract Tower,0,0,11,0,11,0,0,9,0,9,0,0,20,0,20,0,0,0,20
03/04/2012,PMD,CA,AWP,WE,Federal Contract Tower,0,0,16,0,16,0,0,5,0,5,0,0,21,0,21,0,0,0,21
03/05/2012,PMD,CA,AWP,WE,Federal Contract Tower,0,0,16,4,20,0,0,9,1,10,0,0,25,5,30,11,8,19,49
03/06/2012,PMD,CA,AWP,WE,Federal Contract Tower,0,0,9,13,22,0,0,3,0,3,0,0,12,13,25,0,0,0,25
03/07/2012,PMD,CA,AWP,WE,Federal Contract Tower,0,2,32,9,43,0,0,9,2,11,0,2,41,11,54,19,18,37,91
03/08/2012,PMD,CA,AWP,WE,Federal Contract Tower,0,4,14,15,33,0,0,18,5,23,0,4,32,20,56,18,52,70,126
03/09/2012,PMD,CA,AWP,WE,Federal Contract Tower,0,0,23,9,32,0,0,13,0,13,0,0,36,9,45,6,24,30,75
03/10/2012,PMD,CA,AWP,WE,Federal Contract Tower,0,0,5,1,6,0,0,1,0,1,0,0,6,1,7,0,0,0,7
03/11/2012,PMD,CA,AWP,WE,Federal Contract Tower,14,0,0,2,16,0,0,2,0,2,14,0,2,2,18,0,0,0,18
03/12/2012,PMD,CA,AWP,WE,Federal Contract Tower,0,0,17,30,47,0,0,12,1,13,0,0,29,31,60,0,14,14,74
03/13/2012,PMD,CA,AWP,WE,Federal Contract Tower,6,0,35,37,78,0,0,5,1,6,6,0,40,38,84,8,32,40,124
03/14/2012,PMD,CA,AWP,WE,Federal Contract Tower,0,0,35,22,57,0,0,7,0,7,0,0,42,22,64,26,6,32,96
03/15/2012,PMD,CA,AWP,WE,Federal Contract Tower,0,0,17,28,45,0,0,16,6,22,0,0,33,34,67,0,49,49,116
03/16/2012,PMD,CA,AWP,WE,Federal Contract Tower,0,0,12,13,25,0,0,4,0,4,0,0,16,13,29,0,2,2,31
03/17/2012,PMD,CA,AWP,WE,Federal Contract Tower,0,0,0,0,0,0,0,0,0,0,0,0,0,0,0,0,0,0,0
03/18/2012,PMD,CA,AWP,WE,Federal Contract Tower,0,0,0,0,0,0,0,1,0,1,0,0,1,0,1,0,0,0,1
03/19/2012,PMD,CA,AWP,WE,Federal Contract Tower,0,2,15,13,30,0,0,8,0,8,0,2,23,13,38,0,40,40,78
03/20/2012,PMD,CA,AWP,WE,Federal Contract Tower,0,4,26,26,56,0,0,11,0,11,0,4,37,26,67,14,44,58,125
03/21/2012,PMD,CA,AWP,WE,Federal Contract Tower,2,0,23,21,46,0,0,6,0,6,2,0,29,21,52,8,6,14,66
03/22/2012,PMD,CA,AWP,WE,Federal Contract Tower,0,0,31,40,71,0,0,15,4,19,0,0,46,44,90,0,94,94,184
03/23/2012,PMD,CA,AWP,WE,Federal Contract Tower,0,0,33,28,61,0,0,23,1,24,0,0,56,29,85,8,18,26,111
03/24/2012,PMD,CA,AWP,WE,Federal Contract Tower,0,0,10,0,10,0,0,0,0,0,0,0,10,0,10,0,0,0,10
03/25/2012,PMD,CA,AWP,WE,Federal Contract Tower,0,0,4,0,4,0,0,3,0,3,0,0,7,0,7,0,0,0,7
03/26/2012,PMD,CA,AWP,WE,Federal Contract Tower,0,4,20,14,38,0,1,8,0,9,0,5,28,14,47,0,32,32,79
03/27/2012,PMD,CA,AWP,WE,Federal Contract Tower,0,0,33,46,79,0,0,12,2,14,0,0,45,48,93,0,62,62,155
03/28/2012,PMD,CA,AWP,WE,Federal Contract Tower,0,0,25,21,46,0,0,11,2,13,0,0,36,23,59,0,32,32,91
03/29/2012,PMD,CA,AWP,WE,Federal Contract Tower,0,0,38,49,87,0,0,11,5,16,0,0,49,54,103,20,88,108,211
03/30/2012,PMD,CA,AWP,WE,Federal Contract Tower,0,0,6,4,10,0,0,3,0,3,0,0,9,4,13,0,0,0,13
03/31/2012,PMD,CA,AWP,WE,Federal Contract Tower,0,0,2,0,2,0,0,0,0,0,0,0,2,0,2,0,0,0,2
04/01/2012,PMD,CA,AWP,WE,Federal Contract Tower,0,0,3,0,3,0,0,2,0,2,0,0,5,0,5,0,0,0,5
04/02/2012,PMD,CA,AWP,WE,Federal Contract Tower,0,0,20,8,28,0,0,9,0,9,0,0,29,8,37,26,28,54,91
04/03/2012,PMD,CA,AWP,WE,Federal Contract Tower,0,0,17,48,65,0,0,8,4,12,0,0,25,52,77,0,90,90,167
04/04/2012,PMD,CA,AWP,WE,Federal Contract Tower,0,0,17,23,40,0,0,9,4,13,0,0,26,27,53,0,56,56,109
04/05/2012,PMD,CA,AWP,WE,Federal Contract Tower,0,0,10,51,61,0,0,13,1,14,0,0,23,52,75,0,72,72,147
04/06/2012,PMD,CA,AWP,WE,Federal Contract Tower,0,0,37,14,51,0,0,8,2,10,0,0,45,16,61,4,32,36,97
04/07/2012,PMD,CA,AWP,WE,Federal Contract Tower,0,0,0,0,0,0,0,0,0,0,0,0,0,0,0,0,0,0,0
04/08/2012,PMD,CA,AWP,WE,Federal Contract Tower,0,0,8,0,8,0,0,4,0,4,0,0,12,0,12,0,0,0,12
04/09/2012,PMD,CA,AWP,WE,Federal Contract Tower,0,0,22,17,39,0,0,6,0,6,0,0,28,17,45,0,44,44,89
04/10/2012,PMD,CA,AWP,WE,Federal Contract Tower,0,0,42,23,65,0,0,10,2,12,0,0,52,25,77,28,57,85,162
04/11/2012,PMD,CA,AWP,WE,Federal Contract Tower,0,0,18,36,54,0,0,2,0,2,0,0,20,36,56,0,36,36,92
04/12/2012,PMD,CA,AWP,WE,Federal Contract Tower,0,0,25,38,63,0,0,6,0,6,0,0,31,38,69,0,34,34,103
04/13/2012,PMD,CA,AWP,WE,Federal Contract Tower,0,0,3,0,3,0,0,0,3,3,0,0,3,3,6,0,0,0,6
04/14/2012,PMD,CA,AWP,WE,Federal Contract Tower,6,0,0,0,6,0,0,0,0,0,6,0,0,0,6,0,0,0,6
04/15/2012,PMD,CA,AWP,WE,Federal Contract Tower,0,0,6,0,6,0,0,2,0,2,0,0,8,0,8,0,0,0,8
04/16/2012,PMD,CA,AWP,WE,Federal Contract Tower,0,0,17,13,30,0,0,8,2,10,0,0,25,15,40,0,40,40,80
04/17/2012,PMD,CA,AWP,WE,Federal Contract Tower,0,0,9,39,48,0,0,14,6,20,0,0,23,45,68,6,96,102,170
04/18/2012,PMD,CA,AWP,WE,Federal Contract Tower,0,0,27,68,95,0,0,6,7,13,0,0,33,75,108,0,108,108,216
04/19/2012,PMD,CA,AWP,WE,Federal Contract Tower,0,0,31,58,89,0,0,20,17,37,0,0,51,75,126,12,110,122,248
04/20/2012,PMD,CA,AWP,WE,Federal Contract Tower,0,0,13,22,35,0,0,19,2,21,0,0,32,24,56,12,30,42,98
04/21/2012,PMD,CA,AWP,WE,Federal Contract Tower,0,0,6,0,6,0,0,2,0,2,0,0,8,0,8,0,0,0,8
04/22/2012,PMD,CA,AWP,WE,Federal Contract Tower,6,0,4,0,10,0,0,1,0,1,6,0,5,0,11,0,0,0,11
04/23/2012,PMD,CA,AWP,WE,Federal Contract Tower,0,8,27,25,60,0,0,7,1,8,0,8,34,26,68,0,50,50,118
04/24/2012,PMD,CA,AWP,WE,Federal Contract Tower,0,0,16,50,66,0,0,9,4,13,0,0,25,54,79,0,72,72,151
04/25/2012,PMD,CA,AWP,WE,Federal Contract Tower,0,0,29,38,67,0,0,8,4,12,0,0,37,42,79,12,64,76,155
04/26/2012,PMD,CA,AWP,WE,Federal Contract Tower,0,0,31,45,76,0,0,7,0,7,0,0,38,45,83,10,60,70,153
04/27/2012,PMD,CA,AWP,WE,Federal Contract Tower,0,6,12,38,56,0,0,13,3,16,0,6,25,41,72,0,30,30,102
04/28/2012,PMD,CA,AWP,WE,Federal Contract Tower,0,0,0,0,0,0,0,0,0,0,0,0,0,0,0,0,0,0,0
04/29/2012,PMD,CA,AWP,WE,Federal Contract Tower,0,0,4,0,4,0,0,3,0,3,0,0,7,0,7,0,0,0,7
04/30/2012,PMD,CA,AWP,WE,Federal Contract Tower,0,4,32,10,46,0,0,8,0,8,0,4,40,10,54,12,44,56,110
05/01/2012,PMD,CA,AWP,WE,Federal Contract Tower,0,0,32,39,71,0,0,10,2,12,0,0,42,41,83,10,74,84,167
05/02/2012,PMD,CA,AWP,WE,Federal Contract Tower,0,0,36,51,87,0,0,13,2,15,0,0,49,53,102,0,52,52,154
05/03/2012,PMD,CA,AWP,WE,Federal Contract Tower,0,0,23,43,66,0,0,12,0,12,0,0,35,43,78,2,54,56,134
05/04/2012,PMD,CA,AWP,WE,Federal Contract Tower,0,0,20,28,48,0,0,8,0,8,0,0,28,28,56,0,25,25,81
05/05/2012,PMD,CA,AWP,WE,Federal Contract Tower,0,4,4,7,15,0,0,10,0,10,0,4,14,7,25,42,0,42,67
05/06/2012,PMD,CA,AWP,WE,Federal Contract Tower,0,0,6,2,8,0,0,4,4,8,0,0,10,6,16,0,22,22,38
05/07/2012,PMD,CA,AWP,WE,Federal Contract Tower,0,4,19,16,39,0,0,14,2,16,0,4,33,18,55,0,32,32,87
05/08/2012,PMD,CA,AWP,WE,Federal Contract Tower,0,0,25,44,69,0,0,12,0,12,0,0,37,44,81,0,106,106,187
05/09/2012,PMD,CA,AWP,WE,Federal Contract Tower,0,0,33,45,78,0,0,8,1,9,0,0,41,46,87,8,135,143,230
05/10/2012,PMD,CA,AWP,WE,Federal Contract Tower,0,0,35,43,78,0,0,13,1,14,0,0,48,44,92,0,96,96,188
05/11/2012,PMD,CA,AWP,WE,Federal Contract Tower,0,4,8,34,46,0,0,5,0,5,0,4,13,34,51,2,30,32,83
05/12/2012,PMD,CA,AWP,WE,Federal Contract Tower,0,0,6,0,6,0,0,5,0,5,0,0,11,0,11,0,0,0,11
05/13/2012,PMD,CA,AWP,WE,Federal Contract Tower,0,0,0,0,0,0,0,1,0,1,0,0,1,0,1,0,0,0,1
05/14/2012,PMD,CA,AWP,WE,Federal Contract Tower,0,4,26,16,46,0,0,13,0,13,0,4,39,16,59,4,24,28,87
05/15/2012,PMD,CA,AWP,WE,Federal Contract Tower,4,0,29,33,66,0,0,9,1,10,4,0,38,34,76,6,38,44,120
05/16/2012,PMD,CA,AWP,WE,Federal Contract Tower,2,0,31,28,61,0,0,9,0,9,2,0,40,28,70,0,50,50,120
05/17/2012,PMD,CA,AWP,WE,Federal Contract Tower,0,0,25,10,35,0,0,9,6,15,0,0,34,16,50,0,28,28,78
05/18/2012,PMD,CA,AWP,WE,Federal Contract Tower,0,0,29,8,37,0,0,12,1,13,0,0,41,9,50,0,8,8,58
05/19/2012,PMD,CA,AWP,WE,Federal Contract Tower,0,0,10,4,14,0,0,2,2,4,0,0,12,6,18,0,8,8,26
05/20/2012,PMD,CA,AWP,WE,Federal Contract Tower,0,0,9,8,17,0,0,2,8,10,0,0,11,16,27,0,26,26,53
05/21/2012,PMD,CA,AWP,WE,Federal Contract Tower,0,0,20,32,52,0,0,14,2,16,0,0,34,34,68,0,64,64,132
05/22/2012,PMD,CA,AWP,WE,Federal Contract Tower,0,4,19,10,33,0,0,10,0,10,0,4,29,10,43,12,16,28,71
05/23/2012,PMD,CA,AWP,WE,Federal Contract Tower,0,0,11,20,31,0,0,7,0,7,0,0,18,20,38,0,10,10,48
05/24/2012,PMD,CA,AWP,WE,Federal Contract Tower,0,2,26,24,52,0,0,14,0,14,0,2,40,24,66,8,28,36,102
05/25/2012,PMD,CA,AWP,WE,Federal Contract Tower,6,0,8,4,18,0,0,6,0,6,6,0,14,4,24,0,0,0,24
05/26/2012,PMD,CA,AWP,WE,Federal Contract Tower,0,0,0,1,1,0,0,0,1,1,0,0,0,2,2,0,0,0,2
05/27/2012,PMD,CA,AWP,WE,Federal Contract Tower,0,0,4,0,4,0,0,2,0,2,0,0,6,0,6,0,0,0,6
05/28/2012,PMD,CA,AWP,WE,Federal Contract Tower,0,0,2,0,2,0,0,2,0,2,0,0,4,0,4,0,0,0,4
05/29/2012,PMD,CA,AWP,WE,Federal Contract Tower,0,0,12,28,40,0,0,8,0,8,0,0,20,28,48,0,14,14,62
05/30/2012,PMD,CA,AWP,WE,Federal Contract Tower,0,0,12,44,56,0,0,8,0,8,0,0,20,44,64,0,106,106,170
05/31/2012,PMD,CA,AWP,WE,Federal Contract Tower,0,0,28,18,46,0,0,8,5,13,0,0,36,23,59,6,74,80,139
06/01/2012,PMD,CA,AWP,WE,Federal Contract Tower,0,0,28,13,41,0,0,7,0,7,0,0,35,13,48,9,23,32,80
06/02/2012,PMD,CA,AWP,WE,Federal Contract Tower,0,0,4,0,4,0,0,1,0,1,0,0,5,0,5,0,0,0,5
06/03/2012,PMD,CA,AWP,WE,Federal Contract Tower,0,0,12,0,12,0,0,1,0,1,0,0,13,0,13,0,0,0,13
06/04/2012,PMD,CA,AWP,WE,Federal Contract Tower,0,0,14,4,18,0,0,5,2,7,0,0,19,6,25,0,22,22,47
06/05/2012,PMD,CA,AWP,WE,Federal Contract Tower,0,0,20,6,26,0,0,6,0,6,0,0,26,6,32,0,38,38,70
06/06/2012,PMD,CA,AWP,WE,Federal Contract Tower,0,0,30,35,65,0,0,7,1,8,0,0,37,36,73,0,105,105,178
06/07/2012,PMD,CA,AWP,WE,Federal Contract Tower,0,0,34,66,100,0,0,20,5,25,0,0,54,71,125,0,96,96,221
06/08/2012,PMD,CA,AWP,WE,Federal Contract Tower,0,0,7,61,68,0,0,10,1,11,0,0,17,62,79,0,14,14,93
06/09/2012,PMD,CA,AWP,WE,Federal Contract Tower,0,4,4,28,36,0,0,1,0,1,0,4,5,28,37,0,18,18,55
06/10/2012,PMD,CA,AWP,WE,Federal Contract Tower,0,0,2,0,2,0,0,2,0,2,0,0,4,0,4,0,0,0,4
06/11/2012,PMD,CA,AWP,WE,Federal Contract Tower,0,0,25,26,51,0,0,11,0,11,0,0,36,26,62,0,24,24,86
06/12/2012,PMD,CA,AWP,WE,Federal Contract Tower,0,0,30,31,61,0,0,20,0,20,0,0,50,31,81,32,40,72,153
06/13/2012,PMD,CA,AWP,WE,Federal Contract Tower,0,0,27,16,43,0,0,13,3,16,0,0,40,19,59,0,52,52,111
06/14/2012,PMD,CA,AWP,WE,Federal Contract Tower,0,0,24,30,54,0,0,20,0,20,0,0,44,30,74,23,22,45,119
06/15/2012,PMD,CA,AWP,WE,Federal Contract Tower,0,0,10,6,16,0,0,13,0,13,0,0,23,6,29,6,12,18,47
06/16/2012,PMD,CA,AWP,WE,Federal Contract Tower,0,0,11,0,11,0,0,0,0,0,0,0,11,0,11,0,0,0,11
06/17/2012,PMD,CA,AWP,WE,Federal Contract Tower,0,0,2,0,2,0,0,0,0,0,0,0,2,0,2,0,0,0,2
06/18/2012,PMD,CA,AWP,WE,Federal Contract Tower,0,0,19,10,29,0,0,18,0,18,0,0,37,10,47,0,11,11,58
06/19/2012,PMD,CA,AWP,WE,Federal Contract Tower,0,0,12,17,29,0,0,10,0,10,0,0,22,17,39,6,0,6,45
06/20/2012,PMD,CA,AWP,WE,Federal Contract Tower,6,0,23,40,69,0,0,6,0,6,6,0,29,40,75,0,50,50,125
06/21/2012,PMD,CA,AWP,WE,Federal Contract Tower,0,0,34,12,46,0,0,17,0,17,0,0,51,12,63,8,16,24,87
06/22/2012,PMD,CA,AWP,WE,Federal Contract Tower,0,0,8,8,16,0,0,5,0,5,0,0,13,8,21,0,4,4,25
06/23/2012,PMD,CA,AWP,WE,Federal Contract Tower,0,0,5,0,5,0,0,4,0,4,0,0,9,0,9,0,0,0,9
06/24/2012,PMD,CA,AWP,WE,Federal Contract Tower,0,0,4,0,4,0,0,1,0,1,0,0,5,0,5,0,0,0,5
06/25/2012,PMD,CA,AWP,WE,Federal Contract Tower,0,0,33,8,41,0,0,11,0,11,0,0,44,8,52,0,32,32,84
06/26/2012,PMD,CA,AWP,WE,Federal Contract Tower,0,0,18,21,39,0,0,12,1,13,0,0,30,22,52,17,48,65,117
06/27/2012,PMD,CA,AWP,WE,Federal Contract Tower,0,0,17,16,33,0,0,10,0,10,0,0,27,16,43,0,46,46,89
06/28/2012,PMD,CA,AWP,WE,Federal Contract Tower,0,0,19,25,44,0,0,12,5,17,0,0,31,30,61,0,20,20,81
06/29/2012,PMD,CA,AWP,WE,Federal Contract Tower,0,0,16,6,22,0,0,5,1,6,0,0,21,7,28,12,0,12,40
06/30/2012,PMD,CA,AWP,WE,Federal Contract Tower,0,1,6,5,12,0,0,2,0,2,0,1,8,5,14,0,3,3,17
07/01/2012,PMD,CA,AWP,WE,Federal Contract Tower,0,0,0,0,0,0,0,2,0,2,0,0,2,0,2,0,0,0,2
07/02/2012,PMD,CA,AWP,WE,Federal Contract Tower,0,6,36,4,46,0,0,12,0,12,0,6,48,4,58,5,28,33,91
07/03/2012,PMD,CA,AWP,WE,Federal Contract Tower,0,4,11,30,45,0,0,8,0,8,0,4,19,30,53,4,45,49,102
07/04/2012,PMD,CA,AWP,WE,Federal Contract Tower,0,0,0,0,0,0,0,2,0,2,0,0,2,0,2,0,0,0,2
07/05/2012,PMD,CA,AWP,WE,Federal Contract Tower,0,4,10,18,32,0,0,4,0,4,0,4,14,18,36,2,24,26,62
07/06/2012,PMD,CA,AWP,WE,Federal Contract Tower,0,0,11,16,27,0,0,3,0,3,0,0,14,16,30,0,38,38,68
07/07/2012,PMD,CA,AWP,WE,Federal Contract Tower,0,4,6,8,18,0,0,1,0,1,0,4,7,8,19,0,0,0,19
07/08/2012,PMD,CA,AWP,WE,Federal Contract Tower,0,0,4,0,4,0,0,2,0,2,0,0,6,0,6,0,0,0,6
07/09/2012,PMD,CA,AWP,WE,Federal Contract Tower,0,0,16,44,60,0,0,8,6,14,0,0,24,50,74,13,28,41,115
07/10/2012,PMD,CA,AWP,WE,Federal Contract Tower,0,0,16,49,65,0,0,6,0,6,0,0,22,49,71,4,28,32,103
07/11/2012,PMD,CA,AWP,WE,Federal Contract Tower,0,0,14,43,57,0,0,14,6,20,0,0,28,49,77,0,80,80,157
07/12/2012,PMD,CA,AWP,WE,Federal Contract Tower,0,0,18,31,49,0,0,14,16,30,0,0,32,47,79,0,58,58,137
07/13/2012,PMD,CA,AWP,WE,Federal Contract Tower,0,0,14,24,38,0,0,6,0,6,0,0,20,24,44,0,22,22,66
07/14/2012,PMD,CA,AWP,WE,Federal Contract Tower,0,0,5,0,5,0,0,3,0,3,0,0,8,0,8,0,0,0,8
07/15/2012,PMD,CA,AWP,WE,Federal Contract Tower,4,0,4,0,8,0,0,3,0,3,4,0,7,0,11,0,0,0,11
07/16/2012,PMD,CA,AWP,WE,Federal Contract Tower,0,0,11,6,17,0,0,9,0,9,0,0,20,6,26,0,16,16,42
07/17/2012,PMD,CA,AWP,WE,Federal Contract Tower,0,0,13,22,35,0,0,8,2,10,0,0,21,24,45,0,11,11,56
07/18/2012,PMD,CA,AWP,WE,Federal Contract Tower,0,0,22,12,34,0,0,21,9,30,0,0,43,21,64,0,50,50,114
07/19/2012,PMD,CA,AWP,WE,Federal Contract Tower,0,0,16,26,42,0,0,8,0,8,0,0,24,26,50,0,37,37,87
07/20/2012,PMD,CA,AWP,WE,Federal Contract Tower,0,0,4,10,14,0,0,0,0,0,0,0,4,10,14,0,10,10,24
07/21/2012,PMD,CA,AWP,WE,Federal Contract Tower,0,0,12,0,12,0,0,3,0,3,0,0,15,0,15,0,0,0,15
07/22/2012,PMD,CA,AWP,WE,Federal Contract Tower,0,0,0,0,0,0,0,1,0,1,0,0,1,0,1,0,0,0,1
07/23/2012,PMD,CA,AWP,WE,Federal Contract Tower,0,0,9,48,57,0,0,8,0,8,0,0,17,48,65,0,40,40,105
07/24/2012,PMD,CA,AWP,WE,Federal Contract Tower,0,0,18,0,18,0,0,12,0,12,0,0,30,0,30,6,0,6,36
07/25/2012,PMD,CA,AWP,WE,Federal Contract Tower,0,0,17,9,26,0,0,13,3,16,0,0,30,12,42,0,14,14,56
07/26/2012,PMD,CA,AWP,WE,Federal Contract Tower,0,0,26,29,55,0,0,19,1,20,0,0,45,30,75,0,54,54,129
07/27/2012,PMD,CA,AWP,WE,Federal Contract Tower,0,0,20,12,32,0,0,4,0,4,0,0,24,12,36,2,35,37,73
07/28/2012,PMD,CA,AWP,WE,Federal Contract Tower,0,0,5,0,5,0,0,4,0,4,0,0,9,0,9,0,0,0,9
07/29/2012,PMD,CA,AWP,WE,Federal Contract Tower,0,0,7,0,7,0,0,3,0,3,0,0,10,0,10,0,0,0,10
07/30/2012,PMD,CA,AWP,WE,Federal Contract Tower,0,2,15,8,25,0,0,8,0,8,0,2,23,8,33,6,34,40,73
07/31/2012,PMD,CA,AWP,WE,Federal Contract Tower,0,0,16,38,54,0,0,10,8,18,0,0,26,46,72,0,63,63,135
08/01/2012,PMD,CA,AWP,WE,Federal Contract Tower,4,0,20,38,62,0,0,12,0,12,4,0,32,38,74,0,52,52,126
08/02/2012,PMD,CA,AWP,WE,Federal Contract Tower,0,0,22,37,59,0,0,12,2,14,0,0,34,39,73,0,88,88,161
08/03/2012,PMD,CA,AWP,WE,Federal Contract Tower,0,0,24,16,40,0,0,0,0,0,0,0,24,16,40,0,50,50,90
08/04/2012,PMD,CA,AWP,WE,Federal Contract Tower,0,0,4,1,5,0,0,0,1,1,0,0,4,2,6,0,0,0,6
08/05/2012,PMD,CA,AWP,WE,Federal Contract Tower,0,0,0,18,18,0,0,2,2,4,0,0,2,20,22,0,12,12,34
08/06/2012,PMD,CA,AWP,WE,Federal Contract Tower,0,4,14,4,22,0,0,8,0,8,0,4,22,4,30,9,8,17,47
08/07/2012,PMD,CA,AWP,WE,Federal Contract Tower,0,0,17,37,54,0,0,7,5,12,0,0,24,42,66,0,46,46,112
08/08/2012,PMD,CA,AWP,WE,Federal Contract Tower,0,0,16,6,22,0,0,7,4,11,0,0,23,10,33,0,44,44,77
08/09/2012,PMD,CA,AWP,WE,Federal Contract Tower,4,0,10,32,46,0,0,14,2,16,4,0,24,34,62,0,32,32,94
08/10/2012,PMD,CA,AWP,WE,Federal Contract Tower,0,0,13,10,23,0,0,8,0,8,0,0,21,10,31,0,50,50,81
08/11/2012,PMD,CA,AWP,WE,Federal Contract Tower,0,4,4,0,8,0,0,3,0,3,0,4,7,0,11,0,0,0,11
08/12/2012,PMD,CA,AWP,WE,Federal Contract Tower,0,0,4,0,4,0,0,3,0,3,0,0,7,0,7,0,0,0,7
08/13/2012,PMD,CA,AWP,WE,Federal Contract Tower,0,0,25,20,45,0,0,9,2,11,0,0,34,22,56,0,26,26,82
08/14/2012,PMD,CA,AWP,WE,Federal Contract Tower,0,0,19,28,47,0,0,8,5,13,0,0,27,33,60,0,36,36,96
08/15/2012,PMD,CA,AWP,WE,Federal Contract Tower,0,0,17,6,23,0,0,17,2,19,0,0,34,8,42,4,64,68,110
08/16/2012,PMD,CA,AWP,WE,Federal Contract Tower,0,0,39,10,49,0,0,13,0,13,0,0,52,10,62,0,50,50,112
08/17/2012,PMD,CA,AWP,WE,Federal Contract Tower,0,0,17,20,37,0,0,4,1,5,0,0,21,21,42,0,66,66,108
08/18/2012,PMD,CA,AWP,WE,Federal Contract Tower,0,0,10,0,10,0,0,5,0,5,0,0,15,0,15,4,42,46,61
08/19/2012,PMD,CA,AWP,WE,Federal Contract Tower,0,0,0,0,0,0,0,4,0,4,0,0,4,0,4,0,0,0,4
08/20/2012,PMD,CA,AWP,WE,Federal Contract Tower,0,0,26,29,55,0,0,14,0,14,0,0,40,29,69,0,46,46,115
08/21/2012,PMD,CA,AWP,WE,Federal Contract Tower,0,0,25,21,46,0,0,10,5,15,0,0,35,26,61,0,31,31,92
08/22/2012,PMD,CA,AWP,WE,Federal Contract Tower,0,0,24,18,42,0,0,14,3,17,0,0,38,21,59,0,47,47,106
08/23/2012,PMD,CA,AWP,WE,Federal Contract Tower,0,0,18,12,30,0,0,9,2,11,0,0,27,14,41,0,78,78,119
08/24/2012,PMD,CA,AWP,WE,Federal Contract Tower,0,0,20,15,35,0,0,8,0,8,0,0,28,15,43,0,32,32,75
08/25/2012,PMD,CA,AWP,WE,Federal Contract Tower,0,0,11,0,11,0,0,9,0,9,0,0,20,0,20,0,0,0,20
08/26/2012,PMD,CA,AWP,WE,Federal Contract Tower,0,0,20,2,22,0,0,3,0,3,0,0,23,2,25,0,0,0,25
08/27/2012,PMD,CA,AWP,WE,Federal Contract Tower,0,0,18,20,38,0,0,5,0,5,0,0,23,20,43,0,52,52,95
08/28/2012,PMD,CA,AWP,WE,Federal Contract Tower,0,0,30,35,65,0,0,21,4,25,0,0,51,39,90,6,58,64,154
08/29/2012,PMD,CA,AWP,WE,Federal Contract Tower,0,0,22,14,36,0,0,10,0,10,0,0,32,14,46,0,37,37,83
08/30/2012,PMD,CA,AWP,WE,Federal Contract Tower,0,0,24,34,58,0,0,8,1,9,0,0,32,35,67,0,52,52,119
08/31/2012,PMD,CA,AWP,WE,Federal Contract Tower,0,0,9,0,9,0,0,2,4,6,0,0,11,4,15,0,0,0,15
09/01/2012,PMD,CA,AWP,WE,Federal Contract Tower,0,0,0,0,0,0,0,1,0,1,0,0,1,0,1,0,0,0,1
09/02/2012,PMD,CA,AWP,WE,Federal Contract Tower,0,0,4,0,4,0,0,0,0,0,0,0,4,0,4,0,0,0,4
09/03/2012,PMD,CA,AWP,WE,Federal Contract Tower,0,0,0,0,0,0,0,2,0,2,0,0,2,0,2,0,0,0,2
09/04/2012,PMD,CA,AWP,WE,Federal Contract Tower,0,0,13,6,19,0,0,11,0,11,0,0,24,6,30,0,30,30,60
09/05/2012,PMD,CA,AWP,WE,Federal Contract Tower,0,0,36,14,50,0,0,15,0,15,0,0,51,14,65,8,52,60,125
09/06/2012,PMD,CA,AWP,WE,Federal Contract Tower,0,0,10,12,22,0,0,10,0,10,0,0,20,12,32,0,64,64,96
09/07/2012,PMD,CA,AWP,WE,Federal Contract Tower,0,0,19,9,28,0,0,9,0,9,0,0,28,9,37,0,66,66,103
09/08/2012,PMD,CA,AWP,WE,Federal Contract Tower,0,0,14,5,19,0,0,1,1,2,0,0,15,6,21,0,18,18,39
09/09/2012,PMD,CA,AWP,WE,Federal Contract Tower,0,0,0,0,0,0,0,1,0,1,0,0,1,0,1,0,0,0,1
09/10/2012,PMD,CA,AWP,WE,Federal Contract Tower,0,0,16,0,16,0,0,12,0,12,0,0,28,0,28,0,16,16,44
09/11/2012,PMD,CA,AWP,WE,Federal Contract Tower,0,0,19,39,58,0,0,14,2,16,0,0,33,41,74,0,44,44,118
09/12/2012,PMD,CA,AWP,WE,Federal Contract Tower,0,0,13,38,51,0,0,20,3,23,0,0,33,41,74,12,90,102,176
09/13/2012,PMD,CA,AWP,WE,Federal Contract Tower,0,0,22,14,36,0,0,16,0,16,0,0,38,14,52,0,22,22,74
09/14/2012,PMD,CA,AWP,WE,Federal Contract Tower,0,0,12,12,24,0,0,4,0,4,0,0,16,12,28,0,20,20,48
09/15/2012,PMD,CA,AWP,WE,Federal Contract Tower,0,2,2,8,12,0,0,4,0,4,0,2,6,8,16,0,34,34,50
09/16/2012,PMD,CA,AWP,WE,Federal Contract Tower,0,0,0,0,0,0,0,0,0,0,0,0,0,0,0,0,0,0,0
09/17/2012,PMD,CA,AWP,WE,Federal Contract Tower,0,0,27,14,41,0,0,8,2,10,0,0,35,16,51,0,38,38,89
09/18/2012,PMD,CA,AWP,WE,Federal Contract Tower,0,0,20,14,34,0,0,14,0,14,0,0,34,14,48,0,30,30,78
09/19/2012,PMD,CA,AWP,WE,Federal Contract Tower,0,0,35,23,58,0,0,18,1,19,0,0,53,24,77,13,18,31,108
09/20/2012,PMD,CA,AWP,WE,Federal Contract Tower,0,0,35,51,86,0,0,11,2,13,0,0,46,53,99,6,82,88,187
09/21/2012,PMD,CA,AWP,WE,Federal Contract Tower,0,0,20,14,34,0,0,6,2,8,0,0,26,16,42,4,8,12,54
09/22/2012,PMD,CA,AWP,WE,Federal Contract Tower,4,0,4,0,8,0,0,0,0,0,4,0,4,0,8,0,0,0,8
09/23/2012,PMD,CA,AWP,WE,Federal Contract Tower,0,0,4,0,4,0,0,0,0,0,0,0,4,0,4,0,0,0,4
09/24/2012,PMD,CA,AWP,WE,Federal Contract Tower,4,0,25,26,55,0,0,9,0,9,4,0,34,26,64,0,18,18,82
09/25/2012,PMD,CA,AWP,WE,Federal Contract Tower,0,0,15,39,54,0,0,11,5,16,0,0,26,44,70,0,42,42,112
09/26/2012,PMD,CA,AWP,WE,Federal Contract Tower,0,0,28,33,61,0,0,14,0,14,0,0,42,33,75,0,82,82,157
09/27/2012,PMD,CA,AWP,WE,Federal Contract Tower,0,0,17,6,23,0,0,10,0,10,0,0,27,6,33,0,28,28,61
09/28/2012,PMD,CA,AWP,WE,Federal Contract Tower,0,0,7,2,9,0,0,8,1,9,0,0,15,3,18,2,0,2,20
09/29/2012,PMD,CA,AWP,WE,Federal Contract Tower,0,0,3,0,3,0,0,2,0,2,0,0,5,0,5,0,0,0,5
09/30/2012,PMD,CA,AWP,WE,Federal Contract Tower,0,0,14,0,14,0,0,1,0,1,0,0,15,0,15,0,0,0,15
10/01/2012,PMD,CA,AWP,WE,Federal Contract Tower,0,0,24,6,30,0,0,6,0,6,0,0,30,6,36,70,32,102,138
10/02/2012,PMD,CA,AWP,WE,Federal Contract Tower,0,0,29,10,39,0,0,14,1,15,0,0,43,11,54,8,46,54,108
10/03/2012,PMD,CA,AWP,WE,Federal Contract Tower,0,0,23,29,52,0,0,56,5,61,0,0,79,34,113,0,74,74,187
10/04/2012,PMD,CA,AWP,WE,Federal Contract Tower,0,0,17,30,47,0,0,15,0,15,0,0,32,30,62,0,160,160,222
10/05/2012,PMD,CA,AWP,WE,Federal Contract Tower,0,0,25,8,33,0,0,10,0,10,0,0,35,8,43,0,42,42,85
10/06/2012,PMD,CA,AWP,WE,Federal Contract Tower,0,0,4,2,6,0,0,2,1,3,0,0,6,3,9,0,0,0,9
10/07/2012,PMD,CA,AWP,WE,Federal Contract Tower,0,0,0,0,0,0,0,0,0,0,0,0,0,0,0,0,0,0,0
10/08/2012,PMD,CA,AWP,WE,Federal Contract Tower,0,0,28,3,31,0,0,9,0,9,0,0,37,3,40,0,10,10,50
10/09/2012,PMD,CA,AWP,WE,Federal Contract Tower,0,0,22,25,47,0,0,12,1,13,0,0,34,26,60,0,58,58,118
10/10/2012,PMD,CA,AWP,WE,Federal Contract Tower,0,0,28,32,60,0,0,13,0,13,0,0,41,32,73,2,68,70,143
10/11/2012,PMD,CA,AWP,WE,Federal Contract Tower,0,0,43,24,67,0,0,10,0,10,0,0,53,24,77,0,57,57,134
10/12/2012,PMD,CA,AWP,WE,Federal Contract Tower,0,0,12,10,22,0,0,0,0,0,0,0,12,10,22,0,12,12,34
10/13/2012,PMD,CA,AWP,WE,Federal Contract Tower,0,0,13,0,13,0,0,5,0,5,0,0,18,0,18,0,0,0,18
10/14/2012,PMD,CA,AWP,WE,Federal Contract Tower,0,0,4,0,4,0,0,0,0,0,0,0,4,0,4,0,0,0,4
10/15/2012,PMD,CA,AWP,WE,Federal Contract Tower,0,0,23,5,28,0,0,8,3,11,0,0,31,8,39,2,6,8,47
10/16/2012,PMD,CA,AWP,WE,Federal Contract Tower,0,0,17,30,47,0,0,10,0,10,0,0,27,30,57,0,38,38,95
10/17/2012,PMD,CA,AWP,WE,Federal Contract Tower,0,0,21,41,62,0,4,10,2,16,0,4,31,43,78,0,60,60,138
10/18/2012,PMD,CA,AWP,WE,Federal Contract Tower,0,4,26,35,65,0,0,11,1,12,0,4,37,36,77,0,52,52,129
10/19/2012,PMD,CA,AWP,WE,Federal Contract Tower,0,0,15,10,25,0,0,8,0,8,0,0,23,10,33,0,0,0,33
10/20/2012,PMD,CA,AWP,WE,Federal Contract Tower,0,0,13,0,13,0,0,4,0,4,0,0,17,0,17,0,0,0,17
10/21/2012,PMD,CA,AWP,WE,Federal Contract Tower,0,0,0,0,0,0,0,0,2,2,0,0,0,2,2,0,22,22,24
10/22/2012,PMD,CA,AWP,WE,Federal Contract Tower,0,0,17,11,28,0,0,5,1,6,0,0,22,12,34,0,12,12,46
10/23/2012,PMD,CA,AWP,WE,Federal Contract Tower,4,4,30,53,91,0,0,12,5,17,4,4,42,58,108,0,176,176,284
10/24/2012,PMD,CA,AWP,WE,Federal Contract Tower,2,0,14,34,50,0,0,10,4,14,2,0,24,38,64,4,34,38,102
10/25/2012,PMD,CA,AWP,WE,Federal Contract Tower,0,2,23,40,65,0,0,15,5,20,0,2,38,45,85,4,58,62,147
10/26/2012,PMD,CA,AWP,WE,Federal Contract Tower,0,4,12,12,28,0,0,8,0,8,0,4,20,12,36,0,10,10,46
10/27/2012,PMD,CA,AWP,WE,Federal Contract Tower,0,0,1,3,4,0,0,5,1,6,0,0,6,4,10,0,0,0,10
10/28/2012,PMD,CA,AWP,WE,Federal Contract Tower,0,0,2,0,2,0,0,0,0,0,0,0,2,0,2,0,0,0,2
10/29/2012,PMD,CA,AWP,WE,Federal Contract Tower,0,0,35,16,51,0,0,9,0,9,0,0,44,16,60,0,14,14,74
10/30/2012,PMD,CA,AWP,WE,Federal Contract Tower,0,0,21,57,78,0,0,14,2,16,0,0,35,59,94,0,50,50,144
10/31/2012,PMD,CA,AWP,WE,Federal Contract Tower,0,0,26,18,44,0,0,22,1,23,0,0,48,19,67,5,16,21,88
11/01/2012,PMD,CA,AWP,WE,Federal Contract Tower,0,0,34,22,56,0,0,20,2,22,0,0,54,24,78,6,26,32,110
11/02/2012,PMD,CA,AWP,WE,Federal Contract Tower,0,0,24,30,54,0,0,22,0,22,0,0,46,30,76,0,24,24,100
11/03/2012,PMD,CA,AWP,WE,Federal Contract Tower,0,0,8,5,13,0,0,21,0,21,0,0,29,5,34,0,9,9,43
11/04/2012,PMD,CA,AWP,WE,Federal Contract Tower,0,0,6,0,6,0,0,14,2,16,0,0,20,2,22,0,0,0,22
11/05/2012,PMD,CA,AWP,WE,Federal Contract Tower,0,0,24,16,40,0,0,17,0,17,0,0,41,16,57,0,42,42,99
11/06/2012,PMD,CA,AWP,WE,Federal Contract Tower,10,0,16,44,70,2,0,32,0,34,12,0,48,44,104,2,34,36,140
11/07/2012,PMD,CA,AWP,WE,Federal Contract Tower,2,0,27,13,42,0,0,36,0,36,2,0,63,13,78,0,10,10,88
11/08/2012,PMD,CA,AWP,WE,Federal Contract Tower,0,2,19,35,56,0,0,22,0,22,0,2,41,35,78,12,52,64,142
11/09/2012,PMD,CA,AWP,WE,Federal Contract Tower,0,0,18,12,30,0,0,2,0,2,0,0,20,12,32,0,0,0,32
11/10/2012,PMD,CA,AWP,WE,Federal Contract Tower,0,0,3,0,3,0,0,4,0,4,0,0,7,0,7,0,0,0,7
11/11/2012,PMD,CA,AWP,WE,Federal Contract Tower,0,0,1,1,2,0,0,1,1,2,0,0,2,2,4,0,0,0,4
11/12/2012,PMD,CA,AWP,WE,Federal Contract Tower,0,4,17,0,21,0,0,6,0,6,0,4,23,0,27,0,0,0,27
11/13/2012,PMD,CA,AWP,WE,Federal Contract Tower,0,0,36,6,42,0,0,10,0,10,0,0,46,6,52,4,8,12,64
11/14/2012,PMD,CA,AWP,WE,Federal Contract Tower,0,0,31,61,92,0,0,9,1,10,0,0,40,62,102,4,68,72,174
11/15/2012,PMD,CA,AWP,WE,Federal Contract Tower,0,0,16,44,60,0,0,13,2,15,0,0,29,46,75,0,76,76,151
11/16/2012,PMD,CA,AWP,WE,Federal Contract Tower,6,0,40,25,71,0,0,3,1,4,6,0,43,26,75,0,30,30,105
11/17/2012,PMD,CA,AWP,WE,Federal Contract Tower,0,0,6,0,6,0,0,0,0,0,0,0,6,0,6,0,0,0,6
11/18/2012,PMD,CA,AWP,WE,Federal Contract Tower,0,0,8,36,44,0,0,1,0,1,0,0,9,36,45,0,18,18,63
11/19/2012,PMD,CA,AWP,WE,Federal Contract Tower,0,0,19,32,51,0,0,15,0,15,0,0,34,32,66,8,64,72,138
11/20/2012,PMD,CA,AWP,WE,Federal Contract Tower,0,0,24,46,70,0,0,8,1,9,0,0,32,47,79,31,87,118,197
11/21/2012,PMD,CA,AWP,WE,Federal Contract Tower,6,0,21,0,27,0,0,8,2,10,6,0,29,2,37,8,10,18,55
11/22/2012,PMD,CA,AWP,WE,Federal Contract Tower,0,0,0,0,0,0,0,0,0,0,0,0,0,0,0,0,0,0,0
11/23/2012,PMD,CA,AWP,WE,Federal Contract Tower,0,0,2,0,2,0,0,0,0,0,0,0,2,0,2,0,0,0,2
11/24/2012,PMD,CA,AWP,WE,Federal Contract Tower,0,0,6,0,6,0,0,1,0,1,0,0,7,0,7,0,0,0,7
11/25/2012,PMD,CA,AWP,WE,Federal Contract Tower,0,0,4,0,4,0,0,0,0,0,0,0,4,0,4,0,0,0,4
11/26/2012,PMD,CA,AWP,WE,Federal Contract Tower,6,0,33,36,75,0,0,10,0,10,6,0,43,36,85,27,46,73,158
11/27/2012,PMD,CA,AWP,WE,Federal Contract Tower,0,0,33,37,70,0,0,11,3,14,0,0,44,40,84,28,17,45,129
11/28/2012,PMD,CA,AWP,WE,Federal Contract Tower,0,0,38,50,88,0,0,7,3,10,0,0,45,53,98,0,54,54,152
11/29/2012,PMD,CA,AWP,WE,Federal Contract Tower,0,0,17,32,49,0,0,8,0,8,0,0,25,32,57,4,44,48,105
11/30/2012,PMD,CA,AWP,WE,Federal Contract Tower,0,4,52,22,78,0,0,2,0,2,0,4,54,22,80,0,12,12,92
12/01/2012,PMD,CA,AWP,WE,Federal Contract Tower,0,0,2,10,12,0,0,2,0,2,0,0,4,10,14,0,42,42,56
12/02/2012,PMD,CA,AWP,WE,Federal Contract Tower,0,0,2,0,2,0,0,2,0,2,0,0,4,0,4,0,0,0,4
12/03/2012,PMD,CA,AWP,WE,Federal Contract Tower,0,6,33,14,53,0,0,6,0,6,0,6,39,14,59,8,18,26,85
12/04/2012,PMD,CA,AWP,WE,Federal Contract Tower,0,0,44,55,99,0,0,9,0,9,0,0,53,55,108,2,47,49,157
12/05/2012,PMD,CA,AWP,WE,Federal Contract Tower,0,0,41,48,89,0,0,11,0,11,0,0,52,48,100,8,64,72,172
12/06/2012,PMD,CA,AWP,WE,Federal Contract Tower,0,0,26,33,59,0,0,24,0,24,0,0,50,33,83,8,84,92,175
12/07/2012,PMD,CA,AWP,WE,Federal Contract Tower,0,0,15,16,31,0,0,5,0,5,0,0,20,16,36,0,8,8,44
12/08/2012,PMD,CA,AWP,WE,Federal Contract Tower,0,0,12,0,12,0,0,0,0,0,0,0,12,0,12,2,0,2,14
12/09/2012,PMD,CA,AWP,WE,Federal Contract Tower,0,0,4,0,4,0,0,2,0,2,0,0,6,0,6,0,0,0,6
12/10/2012,PMD,CA,AWP,WE,Federal Contract Tower,0,0,15,8,23,0,0,8,0,8,0,0,23,8,31,0,0,0,31
12/11/2012,PMD,CA,AWP,WE,Federal Contract Tower,0,0,43,51,94,0,0,8,1,9,0,0,51,52,103,8,66,74,177
12/12/2012,PMD,CA,AWP,WE,Federal Contract Tower,8,0,18,36,62,0,0,8,0,8,8,0,26,36,70,3,42,45,115
12/13/2012,PMD,CA,AWP,WE,Federal Contract Tower,0,0,16,51,67,0,0,2,0,2,0,0,18,51,69,0,66,66,135
12/14/2012,PMD,CA,AWP,WE,Federal Contract Tower,0,4,23,10,37,0,0,4,2,6,0,4,27,12,43,0,6,6,49
12/15/2012,PMD,CA,AWP,WE,Federal Contract Tower,0,0,2,0,2,0,0,0,0,0,0,0,2,0,2,0,0,0,2
12/16/2012,PMD,CA,AWP,WE,Federal Contract Tower,0,0,2,0,2,0,0,0,0,0,0,0,2,0,2,0,0,0,2
12/17/2012,PMD,CA,AWP,WE,Federal Contract Tower,0,4,18,18,40,0,0,9,0,9,0,4,27,18,49,0,40,40,89
12/18/2012,PMD,CA,AWP,WE,Federal Contract Tower,0,0,43,17,60,0,0,5,1,6,0,0,48,18,66,12,36,48,114
12/19/2012,PMD,CA,AWP,WE,Federal Contract Tower,0,0,25,16,41,0,0,15,0,15,0,0,40,16,56,0,74,74,130
12/20/2012,PMD,CA,AWP,WE,Federal Contract Tower,0,0,18,10,28,0,0,10,0,10,0,0,28,10,38,0,18,18,56
12/21/2012,PMD,CA,AWP,WE,Federal Contract Tower,0,0,6,0,6,0,0,9,0,9,0,0,15,0,15,0,0,0,15
12/22/2012,PMD,CA,AWP,WE,Federal Contract Tower,0,0,0,0,0,0,0,0,0,0,0,0,0,0,0,2,0,2,2
12/23/2012,PMD,CA,AWP,WE,Federal Contract Tower,0,0,8,2,10,0,0,0,0,0,0,0,8,2,10,0,0,0,10
12/24/2012,PMD,CA,AWP,WE,Federal Contract Tower,0,0,8,0,8,0,0,0,0,0,0,0,8,0,8,0,0,0,8
12/25/2012,PMD,CA,AWP,WE,Federal Contract Tower,0,0,2,0,2,0,0,0,0,0,0,0,2,0,2,0,0,0,2
12/26/2012,PMD,CA,AWP,WE,Federal Contract Tower,0,0,2,1,3,0,0,8,0,8,0,0,10,1,11,0,22,22,33
12/27/2012,PMD,CA,AWP,WE,Federal Contract Tower,0,0,10,2,12,0,0,0,0,0,0,0,10,2,12,0,26,26,38
12/28/2012,PMD,CA,AWP,WE,Federal Contract Tower,0,2,10,10,22,0,0,1,0,1,0,2,11,10,23,0,0,0,23
12/29/2012,PMD,CA,AWP,WE,Federal Contract Tower,0,0,2,0,2,0,0,2,0,2,0,0,4,0,4,0,0,0,4
12/30/2012,PMD,CA,AWP,WE,Federal Contract Tower,0,0,8,0,8,0,0,0,0,0,0,0,8,0,8,0,0,0,8
12/31/2012,PMD,CA,AWP,WE,Federal Contract Tower,0,0,0,0,0,0,0,0,0,0,0,0,0,0,0,0,0,0,0
01/01/2013,PMD,CA,AWP,WE,Federal Contract Tower,0,0,8,0,8,0,0,3,0,3,0,0,11,0,11,0,0,0,11
01/02/2013,PMD,CA,AWP,WE,Federal Contract Tower,0,4,22,4,30,0,0,3,0,3,0,4,25,4,33,12,0,12,45
01/03/2013,PMD,CA,AWP,WE,Federal Contract Tower,0,4,20,34,58,0,0,14,0,14,0,4,34,34,72,22,22,44,116
01/04/2013,PMD,CA,AWP,WE,Federal Contract Tower,0,0,14,18,32,0,0,5,0,5,0,0,19,18,37,0,36,36,73
01/05/2013,PMD,CA,AWP,WE,Federal Contract Tower,0,0,4,0,4,0,0,2,0,2,0,0,6,0,6,0,0,0,6
01/06/2013,PMD,CA,AWP,WE,Federal Contract Tower,0,0,0,0,0,0,0,0,0,0,0,0,0,0,0,0,0,0,0
01/07/2013,PMD,CA,AWP,WE,Federal Contract Tower,0,0,16,2,18,0,0,5,0,5,0,0,21,2,23,0,0,0,23
01/08/2013,PMD,CA,AWP,WE,Federal Contract Tower,0,0,16,23,39,0,0,16,8,24,0,0,32,31,63,10,56,66,129
01/09/2013,PMD,CA,AWP,WE,Federal Contract Tower,0,0,22,31,53,0,0,20,10,30,0,0,42,41,83,0,72,72,155
01/10/2013,PMD,CA,AWP,WE,Federal Contract Tower,0,0,21,14,35,0,0,7,0,7,0,0,28,14,42,0,100,100,142
01/11/2013,PMD,CA,AWP,WE,Federal Contract Tower,0,0,23,35,58,0,0,14,0,14,0,0,37,35,72,22,40,62,134
01/12/2013,PMD,CA,AWP,WE,Federal Contract Tower,0,6,2,0,8,0,0,5,0,5,0,6,7,0,13,0,0,0,13
01/13/2013,PMD,CA,AWP,WE,Federal Contract Tower,0,0,10,6,16,0,0,0,0,0,0,0,10,6,16,0,8,8,24
01/14/2013,PMD,CA,AWP,WE,Federal Contract Tower,0,0,30,30,60,0,0,8,0,8,0,0,38,30,68,2,28,30,98
01/15/2013,PMD,CA,AWP,WE,Federal Contract Tower,0,0,27,55,82,0,0,11,9,20,0,0,38,64,102,19,60,79,181
01/16/2013,PMD,CA,AWP,WE,Federal Contract Tower,0,0,42,43,85,0,0,14,4,18,0,0,56,47,103,6,60,66,169
01/17/2013,PMD,CA,AWP,WE,Federal Contract Tower,0,0,20,32,52,0,0,13,4,17,0,0,33,36,69,8,62,70,139
01/18/2013,PMD,CA,AWP,WE,Federal Contract Tower,0,0,19,28,47,0,0,6,0,6,0,0,25,28,53,0,36,36,89
01/19/2013,PMD,CA,AWP,WE,Federal Contract Tower,0,0,1,4,5,0,0,1,0,1,0,0,2,4,6,0,0,0,6
01/20/2013,PMD,CA,AWP,WE,Federal Contract Tower,0,0,6,0,6,0,0,6,0,6,0,0,12,0,12,0,0,0,12
01/21/2013,PMD,CA,AWP,WE,Federal Contract Tower,0,0,29,0,29,0,0,7,0,7,0,0,36,0,36,0,0,0,36
01/22/2013,PMD,CA,AWP,WE,Federal Contract Tower,0,0,43,20,63,0,0,15,0,15,0,0,58,20,78,0,42,42,120
01/23/2013,PMD,CA,AWP,WE,Federal Contract Tower,0,0,19,30,49,0,0,11,0,11,0,0,30,30,60,0,44,44,104
01/24/2013,PMD,CA,AWP,WE,Federal Contract Tower,0,0,34,28,62,0,0,2,0,2,0,0,36,28,64,12,88,100,164
01/25/2013,PMD,CA,AWP,WE,Federal Contract Tower,0,0,32,62,94,0,0,3,0,3,0,0,35,62,97,0,36,36,133
01/26/2013,PMD,CA,AWP,WE,Federal Contract Tower,0,8,6,0,14,0,0,0,0,0,0,8,6,0,14,0,0,0,14
01/27/2013,PMD,CA,AWP,WE,Federal Contract Tower,0,4,0,0,4,0,0,0,0,0,0,4,0,0,4,0,0,0,4
01/28/2013,PMD,CA,AWP,WE,Federal Contract Tower,0,0,24,22,46,0,0,5,2,7,0,0,29,24,53,0,58,58,111
01/29/2013,PMD,CA,AWP,WE,Federal Contract Tower,0,6,14,44,64,0,0,11,1,12,0,6,25,45,76,0,106,106,182
01/30/2013,PMD,CA,AWP,WE,Federal Contract Tower,0,4,25,49,78,0,0,13,4,17,0,4,38,53,95,0,160,160,255
01/31/2013,PMD,CA,AWP,WE,Federal Contract Tower,0,4,23,54,81,0,0,16,1,17,0,4,39,55,98,0,143,143,241
02/01/2013,PMD,CA,AWP,WE,Federal Contract Tower,0,4,22,30,56,0,0,6,0,6,0,4,28,30,62,11,66,77,139
02/02/2013,PMD,CA,AWP,WE,Federal Contract Tower,0,0,6,6,12,0,0,1,0,1,0,0,7,6,13,0,0,0,13
02/03/2013,PMD,CA,AWP,WE,Federal Contract Tower,0,0,2,0,2,0,0,2,0,2,0,0,4,0,4,0,0,0,4
02/04/2013,PMD,CA,AWP,WE,Federal Contract Tower,0,4,28,12,44,0,0,10,0,10,0,4,38,12,54,2,26,28,82
02/05/2013,PMD,CA,AWP,WE,Federal Contract Tower,0,0,28,42,70,0,0,16,0,16,0,0,44,42,86,148,0,148,234
02/06/2013,PMD,CA,AWP,WE,Federal Contract Tower,4,0,31,50,85,0,0,14,6,20,4,0,45,56,105,0,94,94,199
02/07/2013,PMD,CA,AWP,WE,Federal Contract Tower,38,52,0,0,90,0,0,9,20,29,38,52,9,20,119,0,103,103,222
02/08/2013,PMD,CA,AWP,WE,Federal Contract Tower,0,0,32,20,52,0,0,9,1,10,0,0,41,21,62,25,52,77,139
02/09/2013,PMD,CA,AWP,WE,Federal Contract Tower,0,0,14,8,22,0,0,0,0,0,0,0,14,8,22,0,0,0,22
02/10/2013,PMD,CA,AWP,WE,Federal Contract Tower,0,0,4,0,4,0,0,0,2,2,0,0,4,2,6,0,2,2,8
02/11/2013,PMD,CA,AWP,WE,Federal Contract Tower,0,0,33,18,51,0,0,7,0,7,0,0,40,18,58,4,48,52,110
02/12/2013,PMD,CA,AWP,WE,Federal Contract Tower,0,0,19,36,55,0,0,7,0,7,0,0,26,36,62,0,102,102,164
02/13/2013,PMD,CA,AWP,WE,Federal Contract Tower,0,0,25,12,37,0,0,7,2,9,0,0,32,14,46,0,48,48,94
02/14/2013,PMD,CA,AWP,WE,Federal Contract Tower,0,0,16,25,41,0,0,15,0,15,0,0,31,25,56,2,40,42,98
02/15/2013,PMD,CA,AWP,WE,Federal Contract Tower,0,0,7,6,13,0,0,6,0,6,0,0,13,6,19,28,28,56,75
02/16/2013,PMD,CA,AWP,WE,Federal Contract Tower,0,0,6,0,6,0,0,2,0,2,0,0,8,0,8,0,0,0,8
02/17/2013,PMD,CA,AWP,WE,Federal Contract Tower,0,0,0,0,0,0,0,7,0,7,0,0,7,0,7,0,0,0,7
02/18/2013,PMD,CA,AWP,WE,Federal Contract Tower,0,0,19,0,19,0,0,4,0,4,0,0,23,0,23,0,0,0,23
02/19/2013,PMD,CA,AWP,WE,Federal Contract Tower,6,4,19,8,37,0,0,4,4,8,6,4,23,12,45,0,30,30,75
02/20/2013,PMD,CA,AWP,WE,Federal Contract Tower,0,0,16,18,34,0,0,7,0,7,0,0,23,18,41,6,14,20,61
02/21/2013,PMD,CA,AWP,WE,Federal Contract Tower,0,0,23,34,57,0,0,16,0,16,0,0,39,34,73,7,86,93,166
02/22/2013,PMD,CA,AWP,WE,Federal Contract Tower,0,0,30,30,60,0,0,9,0,9,0,0,39,30,69,35,68,103,172
02/23/2013,PMD,CA,AWP,WE,Federal Contract Tower,0,0,2,0,2,0,0,3,0,3,0,0,5,0,5,0,0,0,5
02/24/2013,PMD,CA,AWP,WE,Federal Contract Tower,0,0,4,0,4,0,0,0,0,0,0,0,4,0,4,0,0,0,4
02/25/2013,PMD,CA,AWP,WE,Federal Contract Tower,0,0,22,22,44,0,0,5,2,7,0,0,27,24,51,2,86,88,139
02/26/2013,PMD,CA,AWP,WE,Federal Contract Tower,0,0,28,51,79,0,0,14,0,14,0,0,42,51,93,21,64,85,178
02/27/2013,PMD,CA,AWP,WE,Federal Contract Tower,0,0,26,34,60,0,0,14,0,14,0,0,40,34,74,0,62,62,136
02/28/2013,PMD,CA,AWP,WE,Federal Contract Tower,0,0,24,34,58,0,0,10,1,11,0,0,34,35,69,0,22,22,91
03/01/2013,PMD,CA,AWP,WE,Federal Contract Tower,0,0,15,18,33,0,0,2,0,2,0,0,17,18,35,0,45,45,80
03/02/2013,PMD,CA,AWP,WE,Federal Contract Tower,0,0,0,0,0,0,0,1,0,1,0,0,1,0,1,0,0,0,1
03/03/2013,PMD,CA,AWP,WE,Federal Contract Tower,0,0,0,0,0,0,0,0,0,0,0,0,0,0,0,0,0,0,0
03/04/2013,PMD,CA,AWP,WE,Federal Contract Tower,0,0,17,13,30,0,0,8,0,8,0,0,25,13,38,6,71,77,115
03/05/2013,PMD,CA,AWP,WE,Federal Contract Tower,0,0,24,22,46,0,0,12,0,12,0,0,36,22,58,4,12,16,74
03/06/2013,PMD,CA,AWP,WE,Federal Contract Tower,0,0,25,24,49,0,0,11,0,11,0,0,36,24,60,11,28,39,99
03/07/2013,PMD,CA,AWP,WE,Federal Contract Tower,0,0,26,44,70,0,0,8,0,8,0,0,34,44,78,23,28,51,129
03/08/2013,PMD,CA,AWP,WE,Federal Contract Tower,0,0,23,4,27,0,0,5,0,5,0,0,28,4,32,10,0,10,42
03/09/2013,PMD,CA,AWP,WE,Federal Contract Tower,0,0,2,0,2,0,0,5,0,5,0,0,7,0,7,0,0,0,7
03/10/2013,PMD,CA,AWP,WE,Federal Contract Tower,0,0,16,0,16,0,0,0,0,0,0,0,16,0,16,0,0,0,16
03/11/2013,PMD,CA,AWP,WE,Federal Contract Tower,0,0,23,32,55,0,0,7,2,9,0,0,30,34,64,2,20,22,86
03/12/2013,PMD,CA,AWP,WE,Federal Contract Tower,0,0,9,37,46,0,0,13,0,13,0,0,22,37,59,0,50,50,109
03/13/2013,PMD,CA,AWP,WE,Federal Contract Tower,0,2,21,8,31,0,0,11,2,13,0,2,32,10,44,0,28,28,72
03/14/2013,PMD,CA,AWP,WE,Federal Contract Tower,0,4,17,5,26,0,0,8,0,8,0,4,25,5,34,0,5,5,39
03/15/2013,PMD,CA,AWP,WE,Federal Contract Tower,0,4,30,14,48,0,0,4,0,4,0,4,34,14,52,0,18,18,70
03/16/2013,PMD,CA,AWP,WE,Federal Contract Tower,0,4,5,0,9,0,0,5,0,5,0,4,10,0,14,0,0,0,14
03/17/2013,PMD,CA,AWP,WE,Federal Contract Tower,0,0,0,0,0,0,0,0,0,0,0,0,0,0,0,0,0,0,0
03/18/2013,PMD,CA,AWP,WE,Federal Contract Tower,0,0,21,26,47,0,0,5,0,5,0,0,26,26,52,0,10,10,62
03/19/2013,PMD,CA,AWP,WE,Federal Contract Tower,0,0,12,26,38,0,0,10,0,10,0,0,22,26,48,2,30,32,80
03/20/2013,PMD,CA,AWP,WE,Federal Contract Tower,0,0,12,8,20,0,0,7,4,11,0,0,19,12,31,0,52,52,83
03/21/2013,PMD,CA,AWP,WE,Federal Contract Tower,0,0,16,32,48,0,0,9,1,10,0,0,25,33,58,0,50,50,108
03/22/2013,PMD,CA,AWP,WE,Federal Contract Tower,0,4,19,18,41,0,0,9,0,9,0,4,28,18,50,0,60,60,110
03/23/2013,PMD,CA,AWP,WE,Federal Contract Tower,0,0,12,0,12,0,0,10,0,10,0,0,22,0,22,0,0,0,22
03/24/2013,PMD,CA,AWP,WE,Federal Contract Tower,0,0,8,10,18,0,0,1,0,1,0,0,9,10,19,0,6,6,25
03/25/2013,PMD,CA,AWP,WE,Federal Contract Tower,0,0,14,26,40,0,0,6,0,6,0,0,20,26,46,0,74,74,120
03/26/2013,PMD,CA,AWP,WE,Federal Contract Tower,0,0,23,24,47,0,0,12,2,14,0,0,35,26,61,28,57,85,146
03/27/2013,PMD,CA,AWP,WE,Federal Contract Tower,0,0,14,26,40,0,0,8,0,8,0,0,22,26,48,0,54,54,102
03/28/2013,PMD,CA,AWP,WE,Federal Contract Tower,0,0,16,50,66,0,0,6,1,7,0,0,22,51,73,0,68,68,141
03/29/2013,PMD,CA,AWP,WE,Federal Contract Tower,0,0,26,24,50,0,0,1,0,1,0,0,27,24,51,2,6,8,59
03/30/2013,PMD,CA,AWP,WE,Federal Contract Tower,0,0,10,0,10,0,0,0,0,0,0,0,10,0,10,0,0,0,10
03/31/2013,PMD,CA,AWP,WE,Federal Contract Tower,0,0,0,0,0,0,0,2,0,2,0,0,2,0,2,0,0,0,2
04/01/2013,PMD,CA,AWP,WE,Federal Contract Tower,0,0,20,20,40,0,0,6,0,6,0,0,26,20,46,0,52,52,98
04/02/2013,PMD,CA,AWP,WE,Federal Contract Tower,0,0,23,21,44,0,0,12,0,12,0,0,35,21,56,0,32,32,88
04/03/2013,PMD,CA,AWP,WE,Federal Contract Tower,0,0,20,25,45,0,0,6,1,7,0,0,26,26,52,25,48,73,125
04/04/2013,PMD,CA,AWP,WE,Federal Contract Tower,0,4,19,25,48,0,0,7,3,10,0,4,26,28,58,0,22,22,80
04/05/2013,PMD,CA,AWP,WE,Federal Contract Tower,0,0,18,56,74,0,0,7,0,7,0,0,25,56,81,0,34,34,115
04/06/2013,PMD,CA,AWP,WE,Federal Contract Tower,0,0,2,0,2,0,0,0,0,0,0,0,2,0,2,0,0,0,2
04/07/2013,PMD,CA,AWP,WE,Federal Contract Tower,0,0,2,0,2,0,0,0,0,0,0,0,2,0,2,0,0,0,2
04/08/2013,PMD,CA,AWP,WE,Federal Contract Tower,0,0,5,4,9,0,0,1,0,1,0,0,6,4,10,0,0,0,10
04/09/2013,PMD,CA,AWP,WE,Federal Contract Tower,0,0,14,45,59,0,0,9,0,9,0,0,23,45,68,0,36,36,104
04/10/2013,PMD,CA,AWP,WE,Federal Contract Tower,0,0,32,50,82,0,0,8,2,10,0,0,40,52,92,0,47,47,139
04/11/2013,PMD,CA,AWP,WE,Federal Contract Tower,0,0,21,17,38,0,0,15,0,15,0,0,36,17,53,0,39,39,92
04/12/2013,PMD,CA,AWP,WE,Federal Contract Tower,6,0,16,2,24,0,0,4,0,4,6,0,20,2,28,0,2,2,30
04/13/2013,PMD,CA,AWP,WE,Federal Contract Tower,0,0,10,0,10,0,0,0,0,0,0,0,10,0,10,0,0,0,10
04/14/2013,PMD,CA,AWP,WE,Federal Contract Tower,0,0,0,0,0,0,0,0,0,0,0,0,0,0,0,0,0,0,0
04/15/2013,PMD,CA,AWP,WE,Federal Contract Tower,0,0,3,3,6,0,0,1,0,1,0,0,4,3,7,0,0,0,7
04/16/2013,PMD,CA,AWP,WE,Federal Contract Tower,0,0,7,7,14,0,0,1,0,1,0,0,8,7,15,0,26,26,41
04/17/2013,PMD,CA,AWP,WE,Federal Contract Tower,0,4,16,40,60,0,0,15,9,24,0,4,31,49,84,3,61,64,148
04/18/2013,PMD,CA,AWP,WE,Federal Contract Tower,0,0,16,21,37,0,0,8,1,9,0,0,24,22,46,0,64,64,110
04/19/2013,PMD,CA,AWP,WE,Federal Contract Tower,0,4,38,12,54,0,0,7,0,7,0,4,45,12,61,7,8,15,76
04/20/2013,PMD,CA,AWP,WE,Federal Contract Tower,0,0,1,4,5,0,0,1,0,1,0,0,2,4,6,0,0,0,6
04/21/2013,PMD,CA,AWP,WE,Federal Contract Tower,0,0,6,0,6,0,0,0,0,0,0,0,6,0,6,0,0,0,6
04/22/2013,PMD,CA,AWP,WE,Federal Contract Tower,0,4,16,12,32,0,0,5,0,5,0,4,21,12,37,0,0,0,37
04/23/2013,PMD,CA,AWP,WE,Federal Contract Tower,0,8,20,26,54,0,0,9,2,11,0,8,29,28,65,0,64,64,129
04/24/2013,PMD,CA,AWP,WE,Federal Contract Tower,0,4,20,16,40,0,0,9,2,11,0,4,29,18,51,0,36,36,87
04/25/2013,PMD,CA,AWP,WE,Federal Contract Tower,0,4,24,28,56,0,0,12,0,12,0,4,36,28,68,0,58,58,126
04/26/2013,PMD,CA,AWP,WE,Federal Contract Tower,0,0,13,4,17,0,0,8,0,8,0,0,21,4,25,0,4,4,29
04/27/2013,PMD,CA,AWP,WE,Federal Contract Tower,4,0,12,0,16,0,0,1,0,1,4,0,13,0,17,0,0,0,17
04/28/2013,PMD,CA,AWP,WE,Federal Contract Tower,0,0,2,0,2,0,0,2,0,2,0,0,4,0,4,0,0,0,4
04/29/2013,PMD,CA,AWP,WE,Federal Contract Tower,0,0,15,35,50,0,0,7,0,7,0,0,22,35,57,0,52,52,109
04/30/2013,PMD,CA,AWP,WE,Federal Contract Tower,0,0,19,62,81,0,0,6,12,18,0,0,25,74,99,0,63,63,162
05/01/2013,PMD,CA,AWP,WE,Federal Contract Tower,0,0,24,20,44,0,0,12,0,12,0,0,36,20,56,2,87,89,145
05/02/2013,PMD,CA,AWP,WE,Federal Contract Tower,0,0,21,22,43,0,0,8,0,8,0,0,29,22,51,0,29,29,80
05/03/2013,PMD,CA,AWP,WE,Federal Contract Tower,0,2,25,8,35,0,0,8,0,8,0,2,33,8,43,0,8,8,51
05/04/2013,PMD,CA,AWP,WE,Federal Contract Tower,0,0,1,0,1,0,0,1,0,1,0,0,2,0,2,0,0,0,2
05/05/2013,PMD,CA,AWP,WE,Federal Contract Tower,0,0,0,0,0,0,0,0,0,0,0,0,0,0,0,0,0,0,0
05/06/2013,PMD,CA,AWP,WE,Federal Contract Tower,0,0,19,10,29,0,0,1,2,3,0,0,20,12,32,0,0,0,32
05/07/2013,PMD,CA,AWP,WE,Federal Contract Tower,0,0,21,36,57,0,0,9,1,10,0,0,30,37,67,5,18,23,90
05/08/2013,PMD,CA,AWP,WE,Federal Contract Tower,0,4,18,22,44,0,0,13,0,13,0,4,31,22,57,0,55,55,112
05/09/2013,PMD,CA,AWP,WE,Federal Contract Tower,0,0,18,26,44,0,0,12,0,12,0,0,30,26,56,0,56,56,112
05/10/2013,PMD,CA,AWP,WE,Federal Contract Tower,0,4,16,14,34,0,0,2,0,2,0,4,18,14,36,0,0,0,36
05/11/2013,PMD,CA,AWP,WE,Federal Contract Tower,0,0,0,0,0,0,0,0,0,0,0,0,0,0,0,0,0,0,0
05/12/2013,PMD,CA,AWP,WE,Federal Contract Tower,0,0,4,0,4,0,0,0,0,0,0,0,4,0,4,0,0,0,4
05/13/2013,PMD,CA,AWP,WE,Federal Contract Tower,0,4,17,36,57,0,0,4,0,4,0,4,21,36,61,0,0,0,61
05/14/2013,PMD,CA,AWP,WE,Federal Contract Tower,0,0,32,22,54,0,0,10,10,20,0,0,42,32,74,0,72,72,146
05/15/2013,PMD,CA,AWP,WE,Federal Contract Tower,0,0,25,12,37,0,0,8,2,10,0,0,33,14,47,0,2,2,49
05/16/2013,PMD,CA,AWP,WE,Federal Contract Tower,0,0,18,38,56,0,0,8,0,8,0,0,26,38,64,0,58,58,122
05/17/2013,PMD,CA,AWP,WE,Federal Contract Tower,0,0,14,4,18,0,0,7,0,7,0,0,21,4,25,0,6,6,31
05/18/2013,PMD,CA,AWP,WE,Federal Contract Tower,0,0,5,0,5,0,0,2,0,2,0,0,7,0,7,0,0,0,7
05/19/2013,PMD,CA,AWP,WE,Federal Contract Tower,0,0,2,0,2,0,0,0,0,0,0,0,2,0,2,0,0,0,2
05/20/2013,PMD,CA,AWP,WE,Federal Contract Tower,0,2,28,27,57,0,0,5,0,5,0,2,33,27,62,0,64,64,126
05/21/2013,PMD,CA,AWP,WE,Federal Contract Tower,0,0,29,34,63,0,0,8,6,14,0,0,37,40,77,0,103,103,180
05/22/2013,PMD,CA,AWP,WE,Federal Contract Tower,0,0,23,24,47,0,0,11,1,12,0,0,34,25,59,0,51,51,110
05/23/2013,PMD,CA,AWP,WE,Federal Contract Tower,0,0,24,11,35,0,0,11,2,13,0,0,35,13,48,0,4,4,52
05/24/2013,PMD,CA,AWP,WE,Federal Contract Tower,0,0,7,0,7,0,0,1,0,1,0,0,8,0,8,0,0,0,8
05/25/2013,PMD,CA,AWP,WE,Federal Contract Tower,0,0,2,0,2,0,0,0,0,0,0,0,2,0,2,0,0,0,2
05/26/2013,PMD,CA,AWP,WE,Federal Contract Tower,0,0,2,0,2,0,0,0,0,0,0,0,2,0,2,0,0,0,2
05/27/2013,PMD,CA,AWP,WE,Federal Contract Tower,0,0,2,0,2,0,0,0,0,0,0,0,2,0,2,0,0,0,2
05/28/2013,PMD,CA,AWP,WE,Federal Contract Tower,0,0,17,3,20,0,0,2,2,4,0,0,19,5,24,0,5,5,29
05/29/2013,PMD,CA,AWP,WE,Federal Contract Tower,0,0,3,12,15,0,0,4,0,4,0,0,7,12,19,0,26,26,45
05/30/2013,PMD,CA,AWP,WE,Federal Contract Tower,0,0,30,24,54,0,0,8,0,8,0,0,38,24,62,0,26,26,88
05/31/2013,PMD,CA,AWP,WE,Federal Contract Tower,0,0,38,23,61,0,0,4,0,4,0,0,42,23,65,0,22,22,87
06/01/2013,PMD,CA,AWP,WE,Federal Contract Tower,0,0,6,0,6,0,0,0,0,0,0,0,6,0,6,0,0,0,6
06/02/2013,PMD,CA,AWP,WE,Federal Contract Tower,0,0,6,4,10,0,0,0,4,4,0,0,6,8,14,0,12,12,26
06/03/2013,PMD,CA,AWP,WE,Federal Contract Tower,0,0,23,18,41,0,0,4,0,4,0,0,27,18,45,55,30,85,130
06/04/2013,PMD,CA,AWP,WE,Federal Contract Tower,0,0,22,52,74,0,0,7,0,7,0,0,29,52,81,0,129,129,210
06/05/2013,PMD,CA,AWP,WE,Federal Contract Tower,0,0,14,37,51,0,0,8,1,9,0,0,22,38,60,16,120,136,196
06/06/2013,PMD,CA,AWP,WE,Federal Contract Tower,0,0,19,38,57,0,0,19,0,19,0,0,38,38,76,0,38,38,114
06/07/2013,PMD,CA,AWP,WE,Federal Contract Tower,0,0,23,22,45,0,0,3,0,3,0,0,26,22,48,0,48,48,96
06/08/2013,PMD,CA,AWP,WE,Federal Contract Tower,0,0,5,0,5,0,0,1,0,1,0,0,6,0,6,0,0,0,6
06/09/2013,PMD,CA,AWP,WE,Federal Contract Tower,0,0,8,0,8,0,0,0,0,0,0,0,8,0,8,0,0,0,8
06/10/2013,PMD,CA,AWP,WE,Federal Contract Tower,0,0,31,25,56,0,0,6,0,6,0,0,37,25,62,0,24,24,86
06/11/2013,PMD,CA,AWP,WE,Federal Contract Tower,0,0,41,29,70,0,0,8,0,8,0,0,49,29,78,10,95,105,183
06/12/2013,PMD,CA,AWP,WE,Federal Contract Tower,4,0,18,21,43,0,0,12,8,20,4,0,30,29,63,0,47,47,110
06/13/2013,PMD,CA,AWP,WE,Federal Contract Tower,0,0,39,24,63,0,0,12,0,12,0,0,51,24,75,11,46,57,132
06/14/2013,PMD,CA,AWP,WE,Federal Contract Tower,0,0,24,6,30,0,0,9,0,9,0,0,33,6,39,0,26,26,65
06/15/2013,PMD,CA,AWP,WE,Federal Contract Tower,0,0,1,0,1,0,0,3,0,3,0,0,4,0,4,0,0,0,4
06/16/2013,PMD,CA,AWP,WE,Federal Contract Tower,0,0,2,0,2,0,0,0,0,0,0,0,2,0,2,0,0,0,2
06/17/2013,PMD,CA,AWP,WE,Federal Contract Tower,0,0,33,20,53,0,0,14,0,14,0,0,47,20,67,24,0,24,91
06/18/2013,PMD,CA,AWP,WE,Federal Contract Tower,6,0,18,26,50,0,0,13,2,15,6,0,31,28,65,12,24,36,101
06/19/2013,PMD,CA,AWP,WE,Federal Contract Tower,0,0,18,28,46,0,0,10,0,10,0,0,28,28,56,0,28,28,84
06/20/2013,PMD,CA,AWP,WE,Federal Contract Tower,0,0,32,8,40,0,0,8,0,8,0,0,40,8,48,0,24,24,72
06/21/2013,PMD,CA,AWP,WE,Federal Contract Tower,6,0,16,3,25,0,0,3,0,3,6,0,19,3,28,0,0,0,28
06/22/2013,PMD,CA,AWP,WE,Federal Contract Tower,0,0,6,6,12,0,0,0,0,0,0,0,6,6,12,0,0,0,12
06/23/2013,PMD,CA,AWP,WE,Federal Contract Tower,0,0,0,0,0,0,0,0,0,0,0,0,0,0,0,0,0,0,0
06/24/2013,PMD,CA,AWP,WE,Federal Contract Tower,0,0,13,15,28,0,0,5,1,6,0,0,18,16,34,0,54,54,88
06/25/2013,PMD,CA,AWP,WE,Federal Contract Tower,0,4,34,38,76,0,0,6,1,7,0,4,40,39,83,10,96,106,189
06/26/2013,PMD,CA,AWP,WE,Federal Contract Tower,0,4,31,19,54,0,0,9,0,9,0,4,40,19,63,0,23,23,86
06/27/2013,PMD,CA,AWP,WE,Federal Contract Tower,0,4,20,42,66,0,0,11,0,11,0,4,31,42,77,0,72,72,149
06/28/2013,PMD,CA,AWP,WE,Federal Contract Tower,0,0,30,10,40,0,0,6,1,7,0,0,36,11,47,0,29,29,76
06/29/2013,PMD,CA,AWP,WE,Federal Contract Tower,0,0,6,0,6,0,0,0,0,0,0,0,6,0,6,0,0,0,6
06/30/2013,PMD,CA,AWP,WE,Federal Contract Tower,0,0,4,0,4,0,0,0,0,0,0,0,4,0,4,0,0,0,4
07/01/2013,PMD,CA,AWP,WE,Federal Contract Tower,0,0,15,16,31,0,0,3,0,3,0,0,18,16,34,0,26,26,60
07/02/2013,PMD,CA,AWP,WE,Federal Contract Tower,0,0,7,19,26,0,0,4,0,4,0,0,11,19,30,4,65,69,99
07/03/2013,PMD,CA,AWP,WE,Federal Contract Tower,0,0,23,19,42,0,0,6,0,6,0,0,29,19,48,0,14,14,62
07/04/2013,PMD,CA,AWP,WE,Federal Contract Tower,0,0,2,0,2,0,0,0,0,0,0,0,2,0,2,0,0,0,2
07/05/2013,PMD,CA,AWP,WE,Federal Contract Tower,0,0,2,0,2,0,0,0,0,0,0,0,2,0,2,0,0,0,2
07/06/2013,PMD,CA,AWP,WE,Federal Contract Tower,0,0,4,0,4,0,0,0,0,0,0,0,4,0,4,0,0,0,4
07/07/2013,PMD,CA,AWP,WE,Federal Contract Tower,0,0,6,0,6,0,0,0,0,0,0,0,6,0,6,0,0,0,6
07/08/2013,PMD,CA,AWP,WE,Federal Contract Tower,0,0,22,31,53,0,0,5,0,5,0,0,27,31,58,0,38,38,96
07/09/2013,PMD,CA,AWP,WE,Federal Contract Tower,0,0,30,28,58,0,0,9,0,9,0,0,39,28,67,4,24,28,95
07/10/2013,PMD,CA,AWP,WE,Federal Contract Tower,0,0,23,41,64,0,0,9,0,9,0,0,32,41,73,0,73,73,146
07/11/2013,PMD,CA,AWP,WE,Federal Contract Tower,0,0,18,54,72,0,0,9,0,9,0,0,27,54,81,0,126,126,207
07/12/2013,PMD,CA,AWP,WE,Federal Contract Tower,0,0,18,2,20,0,0,4,1,5,0,0,22,3,25,0,0,0,25
07/13/2013,PMD,CA,AWP,WE,Federal Contract Tower,0,0,6,12,18,0,0,0,0,0,0,0,6,12,18,0,8,8,26
07/14/2013,PMD,CA,AWP,WE,Federal Contract Tower,0,0,4,16,20,0,0,0,0,0,0,0,4,16,20,0,8,8,28
07/15/2013,PMD,CA,AWP,WE,Federal Contract Tower,0,0,15,5,20,0,0,6,1,7,0,0,21,6,27,2,2,4,31
07/16/2013,PMD,CA,AWP,WE,Federal Contract Tower,0,0,13,44,57,0,0,13,1,14,0,0,26,45,71,0,116,116,187
07/17/2013,PMD,CA,AWP,WE,Federal Contract Tower,0,0,19,17,36,0,0,10,2,12,0,0,29,19,48,0,37,37,85
07/18/2013,PMD,CA,AWP,WE,Federal Contract Tower,0,0,16,13,29,0,0,10,1,11,0,0,26,14,40,4,46,50,90
07/19/2013,PMD,CA,AWP,WE,Federal Contract Tower,0,0,10,0,10,0,0,5,2,7,0,0,15,2,17,14,4,18,35
07/20/2013,PMD,CA,AWP,WE,Federal Contract Tower,0,4,0,0,4,0,0,0,0,0,0,4,0,0,4,0,0,0,4
07/21/2013,PMD,CA,AWP,WE,Federal Contract Tower,0,0,16,0,16,0,0,0,0,0,0,0,16,0,16,0,0,0,16
07/22/2013,PMD,CA,AWP,WE,Federal Contract Tower,0,0,21,34,55,0,0,7,0,7,0,0,28,34,62,0,98,98,160
07/23/2013,PMD,CA,AWP,WE,Federal Contract Tower,0,0,15,24,39,0,0,13,0,13,0,0,28,24,52,0,18,18,70
07/24/2013,PMD,CA,AWP,WE,Federal Contract Tower,0,0,17,29,46,0,0,6,7,13,0,0,23,36,59,14,50,64,123
07/25/2013,PMD,CA,AWP,WE,Federal Contract Tower,0,0,15,30,45,0,0,9,1,10,0,0,24,31,55,13,50,63,118
07/26/2013,PMD,CA,AWP,WE,Federal Contract Tower,0,0,25,4,29,0,0,4,0,4,0,0,29,4,33,34,0,34,67
07/27/2013,PMD,CA,AWP,WE,Federal Contract Tower,0,0,8,0,8,0,0,0,0,0,0,0,8,0,8,0,0,0,8
07/28/2013,PMD,CA,AWP,WE,Federal Contract Tower,0,0,0,0,0,0,0,0,0,0,0,0,0,0,0,0,0,0,0
07/29/2013,PMD,CA,AWP,WE,Federal Contract Tower,0,0,13,25,38,0,0,7,0,7,0,0,20,25,45,0,22,22,67
07/30/2013,PMD,CA,AWP,WE,Federal Contract Tower,0,2,21,38,61,0,0,16,8,24,0,2,37,46,85,0,91,91,176
07/31/2013,PMD,CA,AWP,WE,Federal Contract Tower,4,6,25,30,65,0,0,5,8,13,4,6,30,38,78,14,62,76,154
08/01/2013,PMD,CA,AWP,WE,Federal Contract Tower,0,0,16,41,57,0,0,14,9,23,0,0,30,50,80,26,93,119,199
08/02/2013,PMD,CA,AWP,WE,Federal Contract Tower,0,0,18,3,21,0,0,2,0,2,0,0,20,3,23,0,14,14,37
08/03/2013,PMD,CA,AWP,WE,Federal Contract Tower,0,0,4,0,4,0,0,0,4,4,0,0,4,4,8,0,6,6,14
08/04/2013,PMD,CA,AWP,WE,Federal Contract Tower,0,0,0,2,2,0,0,0,0,0,0,0,0,2,2,0,0,0,2
08/05/2013,PMD,CA,AWP,WE,Federal Contract Tower,0,0,14,0,14,0,0,4,0,4,0,0,18,0,18,0,0,0,18
08/06/2013,PMD,CA,AWP,WE,Federal Contract Tower,0,0,36,23,59,0,0,8,3,11,0,0,44,26,70,4,97,101,171
08/07/2013,PMD,CA,AWP,WE,Federal Contract Tower,0,0,25,43,68,0,0,8,7,15,0,0,33,50,83,0,113,113,196
08/08/2013,PMD,CA,AWP,WE,Federal Contract Tower,0,0,20,46,66,0,0,8,2,10,0,0,28,48,76,0,155,155,231
08/09/2013,PMD,CA,AWP,WE,Federal Contract Tower,0,6,15,6,27,0,0,4,0,4,0,6,19,6,31,0,2,2,33
08/10/2013,PMD,CA,AWP,WE,Federal Contract Tower,0,0,2,0,2,0,0,0,0,0,0,0,2,0,2,0,0,0,2
08/11/2013,PMD,CA,AWP,WE,Federal Contract Tower,0,0,4,0,4,0,0,0,0,0,0,0,4,0,4,0,0,0,4
08/12/2013,PMD,CA,AWP,WE,Federal Contract Tower,0,0,20,24,44,0,0,4,1,5,0,0,24,25,49,4,66,70,119
08/13/2013,PMD,CA,AWP,WE,Federal Contract Tower,0,0,42,24,66,0,0,9,6,15,0,0,51,30,81,0,100,100,181
08/14/2013,PMD,CA,AWP,WE,Federal Contract Tower,0,0,21,21,42,0,0,18,3,21,0,0,39,24,63,0,72,72,135
08/15/2013,PMD,CA,AWP,WE,Federal Contract Tower,0,0,21,43,64,0,0,10,4,14,0,0,31,47,78,0,84,84,162
08/16/2013,PMD,CA,AWP,WE,Federal Contract Tower,0,0,16,4,20,0,0,2,0,2,0,0,18,4,22,0,0,0,22
08/17/2013,PMD,CA,AWP,WE,Federal Contract Tower,0,0,2,0,2,0,0,0,0,0,0,0,2,0,2,0,0,0,2
08/18/2013,PMD,CA,AWP,WE,Federal Contract Tower,0,0,6,0,6,0,0,0,0,0,0,0,6,0,6,0,0,0,6
08/19/2013,PMD,CA,AWP,WE,Federal Contract Tower,0,0,25,20,45,0,0,5,0,5,0,0,30,20,50,0,58,58,108
08/20/2013,PMD,CA,AWP,WE,Federal Contract Tower,0,0,16,30,46,0,0,9,2,11,0,0,25,32,57,0,20,20,77
08/21/2013,PMD,CA,AWP,WE,Federal Contract Tower,0,0,31,18,49,0,0,11,9,20,0,0,42,27,69,3,42,45,114
08/22/2013,PMD,CA,AWP,WE,Federal Contract Tower,0,0,30,42,72,0,0,10,2,12,0,0,40,44,84,30,14,44,128
08/23/2013,PMD,CA,AWP,WE,Federal Contract Tower,0,0,29,9,38,0,0,5,0,5,0,0,34,9,43,0,0,0,43
08/24/2013,PMD,CA,AWP,WE,Federal Contract Tower,0,0,4,0,4,0,0,0,0,0,0,0,4,0,4,0,0,0,4
08/25/2013,PMD,CA,AWP,WE,Federal Contract Tower,0,0,10,2,12,0,0,0,0,0,0,0,10,2,12,0,0,0,12
08/26/2013,PMD,CA,AWP,WE,Federal Contract Tower,0,0,22,36,58,0,0,4,0,4,0,0,26,36,62,0,54,54,116
08/27/2013,PMD,CA,AWP,WE,Federal Contract Tower,0,0,23,38,61,0,0,8,0,8,0,0,31,38,69,2,108,110,179
08/28/2013,PMD,CA,AWP,WE,Federal Contract Tower,0,0,20,14,34,0,0,10,0,10,0,0,30,14,44,0,42,42,86
08/29/2013,PMD,CA,AWP,WE,Federal Contract Tower,0,0,23,20,43,0,0,3,4,7,0,0,26,24,50,0,24,24,74
08/30/2013,PMD,CA,AWP,WE,Federal Contract Tower,0,0,1,0,1,0,0,0,0,0,0,0,1,0,1,0,0,0,1
08/31/2013,PMD,CA,AWP,WE,Federal Contract Tower,0,0,6,0,6,0,0,0,0,0,0,0,6,0,6,0,0,0,6
09/01/2013,PMD,CA,AWP,WE,Federal Contract Tower,0,0,0,0,0,0,0,0,0,0,0,0,0,0,0,0,0,0,0
09/02/2013,PMD,CA,AWP,WE,Federal Contract Tower,0,0,0,0,0,0,0,0,0,0,0,0,0,0,0,0,0,0,0
09/03/2013,PMD,CA,AWP,WE,Federal Contract Tower,0,0,11,5,16,0,0,5,0,5,0,0,16,5,21,0,0,0,21
09/04/2013,PMD,CA,AWP,WE,Federal Contract Tower,0,0,17,17,34,0,0,11,0,11,0,0,28,17,45,2,12,14,59
09/05/2013,PMD,CA,AWP,WE,Federal Contract Tower,0,0,16,50,66,0,0,8,1,9,0,0,24,51,75,0,66,66,141
09/06/2013,PMD,CA,AWP,WE,Federal Contract Tower,0,0,19,20,39,0,0,2,2,4,0,0,21,22,43,0,2,2,45
09/07/2013,PMD,CA,AWP,WE,Federal Contract Tower,0,0,4,0,4,0,0,0,0,0,0,0,4,0,4,0,0,0,4
09/08/2013,PMD,CA,AWP,WE,Federal Contract Tower,0,0,6,2,8,0,0,0,0,0,0,0,6,2,8,2,0,2,10
09/09/2013,PMD,CA,AWP,WE,Federal Contract Tower,0,4,20,8,32,0,0,8,1,9,0,4,28,9,41,0,4,4,45
09/10/2013,PMD,CA,AWP,WE,Federal Contract Tower,0,0,21,36,57,0,0,10,3,13,0,0,31,39,70,0,58,58,128
09/11/2013,PMD,CA,AWP,WE,Federal Contract Tower,0,0,34,12,46,0,0,8,10,18,0,0,42,22,64,0,58,58,122
09/12/2013,PMD,CA,AWP,WE,Federal Contract Tower,0,4,24,40,68,0,0,9,5,14,0,4,33,45,82,0,96,96,178
09/13/2013,PMD,CA,AWP,WE,Federal Contract Tower,0,0,13,28,41,0,0,3,0,3,0,0,16,28,44,14,2,16,60
09/14/2013,PMD,CA,AWP,WE,Federal Contract Tower,0,0,0,4,4,0,0,0,0,0,0,0,0,4,4,0,0,0,4
09/15/2013,PMD,CA,AWP,WE,Federal Contract Tower,0,0,2,0,2,0,0,0,0,0,0,0,2,0,2,0,0,0,2
09/16/2013,PMD,CA,AWP,WE,Federal Contract Tower,0,4,22,6,32,0,0,7,0,7,0,4,29,6,39,0,0,0,39
09/17/2013,PMD,CA,AWP,WE,Federal Contract Tower,0,0,31,38,69,0,0,10,8,18,0,0,41,46,87,0,86,86,173
09/18/2013,PMD,CA,AWP,WE,Federal Contract Tower,0,0,26,24,50,0,0,12,4,16,0,0,38,28,66,0,66,66,132
09/19/2013,PMD,CA,AWP,WE,Federal Contract Tower,0,0,27,33,60,0,0,9,4,13,0,0,36,37,73,0,56,56,129
09/20/2013,PMD,CA,AWP,WE,Federal Contract Tower,0,0,31,4,35,0,0,8,0,8,0,0,39,4,43,0,0,0,43
09/21/2013,PMD,CA,AWP,WE,Federal Contract Tower,0,4,2,0,6,0,0,1,0,1,0,4,3,0,7,3,0,3,10
09/22/2013,PMD,CA,AWP,WE,Federal Contract Tower,0,0,4,0,4,0,0,0,0,0,0,0,4,0,4,0,0,0,4
09/23/2013,PMD,CA,AWP,WE,Federal Contract Tower,0,0,21,10,31,0,0,8,1,9,0,0,29,11,40,0,4,4,44
09/24/2013,PMD,CA,AWP,WE,Federal Contract Tower,0,0,18,24,42,0,0,8,4,12,0,0,26,28,54,2,40,42,96
09/25/2013,PMD,CA,AWP,WE,Federal Contract Tower,0,0,24,26,50,0,0,11,5,16,0,0,35,31,66,18,18,36,102
09/26/2013,PMD,CA,AWP,WE,Federal Contract Tower,0,0,19,18,37,0,0,8,4,12,0,0,27,22,49,0,35,35,84
09/27/2013,PMD,CA,AWP,WE,Federal Contract Tower,0,4,8,7,19,0,0,0,4,4,0,4,8,11,23,0,6,6,29
09/28/2013,PMD,CA,AWP,WE,Federal Contract Tower,0,0,4,0,4,0,0,0,0,0,0,0,4,0,4,0,0,0,4
09/29/2013,PMD,CA,AWP,WE,Federal Contract Tower,0,0,12,0,12,0,0,0,0,0,0,0,12,0,12,0,0,0,12
09/30/2013,PMD,CA,AWP,WE,Federal Contract Tower,0,0,28,12,40,0,0,6,8,14,0,0,34,20,54,2,24,26,80
10/01/2013,PMD,CA,AWP,WE,Federal Contract Tower,0,0,20,0,20,0,0,5,0,5,0,0,25,0,25,0,0,0,25
10/02/2013,PMD,CA,AWP,WE,Federal Contract Tower,0,0,25,6,31,0,2,20,0,22,0,2,45,6,53,0,36,36,89
10/03/2013,PMD,CA,AWP,WE,Federal Contract Tower,0,0,9,18,27,0,0,5,0,5,0,0,14,18,32,0,84,84,116
10/04/2013,PMD,CA,AWP,WE,Federal Contract Tower,0,4,15,6,25,0,0,4,0,4,0,4,19,6,29,0,0,0,29
10/05/2013,PMD,CA,AWP,WE,Federal Contract Tower,0,0,0,0,0,0,0,0,0,0,0,0,0,0,0,0,0,0,0
10/06/2013,PMD,CA,AWP,WE,Federal Contract Tower,0,0,6,0,6,0,0,0,0,0,0,0,6,0,6,0,0,0,6
10/07/2013,PMD,CA,AWP,WE,Federal Contract Tower,0,0,31,6,37,0,0,6,0,6,0,0,37,6,43,0,0,0,43
10/08/2013,PMD,CA,AWP,WE,Federal Contract Tower,0,0,15,36,51,0,0,6,0,6,0,0,21,36,57,4,30,34,91
10/09/2013,PMD,CA,AWP,WE,Federal Contract Tower,0,2,10,18,30,0,0,0,0,0,0,2,10,18,30,0,10,10,40
10/10/2013,PMD,CA,AWP,WE,Federal Contract Tower,0,0,27,29,56,0,0,9,0,9,0,0,36,29,65,0,25,25,90
10/11/2013,PMD,CA,AWP,WE,Federal Contract Tower,0,4,3,4,11,0,0,3,0,3,0,4,6,4,14,0,0,0,14
10/12/2013,PMD,CA,AWP,WE,Federal Contract Tower,0,0,22,0,22,0,0,0,0,0,0,0,22,0,22,0,0,0,22
10/13/2013,PMD,CA,AWP,WE,Federal Contract Tower,0,0,0,0,0,0,0,0,0,0,0,0,0,0,0,0,0,0,0
10/14/2013,PMD,CA,AWP,WE,Federal Contract Tower,0,0,13,0,13,0,0,3,0,3,0,0,16,0,16,0,0,0,16
10/15/2013,PMD,CA,AWP,WE,Federal Contract Tower,0,4,19,10,33,0,0,4,0,4,0,4,23,10,37,0,10,10,47
10/16/2013,PMD,CA,AWP,WE,Federal Contract Tower,0,0,23,31,54,0,0,7,0,7,0,0,30,31,61,0,65,65,126
10/17/2013,PMD,CA,AWP,WE,Federal Contract Tower,0,0,34,28,62,0,0,9,3,12,0,0,43,31,74,28,113,141,215
10/18/2013,PMD,CA,AWP,WE,Federal Contract Tower,0,0,27,26,53,0,0,10,3,13,0,0,37,29,66,0,23,23,89
10/19/2013,PMD,CA,AWP,WE,Federal Contract Tower,0,0,14,0,14,0,0,0,0,0,0,0,14,0,14,0,0,0,14
10/20/2013,PMD,CA,AWP,WE,Federal Contract Tower,0,0,10,0,10,0,0,0,0,0,0,0,10,0,10,0,0,0,10
10/21/2013,PMD,CA,AWP,WE,Federal Contract Tower,0,0,21,20,41,0,0,4,0,4,0,0,25,20,45,0,8,8,53
10/22/2013,PMD,CA,AWP,WE,Federal Contract Tower,0,0,18,8,26,0,0,10,2,12,0,0,28,10,38,16,18,34,72
10/23/2013,PMD,CA,AWP,WE,Federal Contract Tower,0,0,16,17,33,0,0,12,0,12,0,0,28,17,45,34,39,73,118
10/24/2013,PMD,CA,AWP,WE,Federal Contract Tower,0,0,28,63,91,0,0,10,0,10,0,0,38,63,101,0,82,82,183
10/25/2013,PMD,CA,AWP,WE,Federal Contract Tower,0,0,16,12,28,0,0,1,0,1,0,0,17,12,29,0,18,18,47
10/26/2013,PMD,CA,AWP,WE,Federal Contract Tower,0,0,10,0,10,0,0,0,0,0,0,0,10,0,10,0,0,0,10
10/27/2013,PMD,CA,AWP,WE,Federal Contract Tower,0,0,0,2,2,0,0,0,0,0,0,0,0,2,2,0,0,0,2
10/28/2013,PMD,CA,AWP,WE,Federal Contract Tower,0,0,28,17,45,0,0,0,0,0,0,0,28,17,45,0,16,16,61
10/29/2013,PMD,CA,AWP,WE,Federal Contract Tower,0,0,27,35,62,0,0,5,0,5,0,0,32,35,67,50,50,100,167
10/30/2013,PMD,CA,AWP,WE,Federal Contract Tower,0,2,30,9,41,0,0,13,0,13,0,2,43,9,54,16,48,64,118
10/31/2013,PMD,CA,AWP,WE,Federal Contract Tower,0,0,21,30,51,0,0,10,0,10,0,0,31,30,61,0,51,51,112
11/01/2013,PMD,CA,AWP,WE,Federal Contract Tower,0,4,22,21,47,0,0,6,0,6,0,4,28,21,53,0,32,32,85
11/02/2013,PMD,CA,AWP,WE,Federal Contract Tower,0,4,1,2,7,0,0,0,0,0,0,4,1,2,7,0,2,2,9
11/03/2013,PMD,CA,AWP,WE,Federal Contract Tower,0,0,2,3,5,0,0,0,3,3,0,0,2,6,8,0,4,4,12
11/04/2013,PMD,CA,AWP,WE,Federal Contract Tower,0,4,25,6,35,0,0,9,0,9,0,4,34,6,44,5,32,37,81
11/05/2013,PMD,CA,AWP,WE,Federal Contract Tower,0,0,22,23,45,0,0,12,2,14,0,0,34,25,59,10,14,24,83
11/06/2013,PMD,CA,AWP,WE,Federal Contract Tower,0,0,26,3,29,0,0,10,19,29,0,0,36,22,58,2,12,14,72
11/07/2013,PMD,CA,AWP,WE,Federal Contract Tower,0,4,24,26,54,0,0,13,0,13,0,4,37,26,67,8,51,59,126
11/08/2013,PMD,CA,AWP,WE,Federal Contract Tower,0,0,10,0,10,0,0,4,0,4,0,0,14,0,14,3,0,3,17
11/09/2013,PMD,CA,AWP,WE,Federal Contract Tower,0,0,2,0,2,0,0,0,0,0,0,0,2,0,2,0,0,0,2
11/10/2013,PMD,CA,AWP,WE,Federal Contract Tower,0,0,0,0,0,0,0,0,0,0,0,0,0,0,0,0,0,0,0
11/11/2013,PMD,CA,AWP,WE,Federal Contract Tower,0,0,18,0,18,0,0,4,0,4,0,0,22,0,22,0,0,0,22
11/12/2013,PMD,CA,AWP,WE,Federal Contract Tower,0,0,30,12,42,0,0,11,1,12,0,0,41,13,54,20,6,26,80
11/13/2013,PMD,CA,AWP,WE,Federal Contract Tower,0,0,24,24,48,0,0,8,12,20,0,0,32,36,68,14,38,52,120
11/14/2013,PMD,CA,AWP,WE,Federal Contract Tower,0,0,43,50,93,0,0,11,5,16,0,0,54,55,109,8,114,122,231
11/15/2013,PMD,CA,AWP,WE,Federal Contract Tower,0,0,17,26,43,0,0,8,3,11,0,0,25,29,54,0,10,10,64
11/16/2013,PMD,CA,AWP,WE,Federal Contract Tower,0,4,2,0,6,0,0,0,0,0,0,4,2,0,6,0,0,0,6
11/17/2013,PMD,CA,AWP,WE,Federal Contract Tower,0,0,18,0,18,0,0,3,0,3,0,0,21,0,21,0,0,0,21
11/18/2013,PMD,CA,AWP,WE,Federal Contract Tower,0,0,20,32,52,0,0,12,4,16,0,0,32,36,68,0,30,30,98
11/19/2013,PMD,CA,AWP,WE,Federal Contract Tower,0,0,12,32,44,0,0,10,15,25,0,0,22,47,69,0,46,46,115
11/20/2013,PMD,CA,AWP,WE,Federal Contract Tower,0,0,20,52,72,0,0,9,1,10,0,0,29,53,82,5,71,76,158
11/21/2013,PMD,CA,AWP,WE,Federal Contract Tower,0,4,20,30,54,0,0,2,0,2,0,4,22,30,56,0,10,10,66
11/22/2013,PMD,CA,AWP,WE,Federal Contract Tower,0,4,5,8,17,0,0,1,0,1,0,4,6,8,18,0,0,0,18
11/23/2013,PMD,CA,AWP,WE,Federal Contract Tower,0,0,0,0,0,0,0,0,0,0,0,0,0,0,0,0,0,0,0
11/24/2013,PMD,CA,AWP,WE,Federal Contract Tower,0,0,2,3,5,0,0,0,5,5,0,0,2,8,10,0,2,2,12
11/25/2013,PMD,CA,AWP,WE,Federal Contract Tower,0,0,28,33,61,0,0,6,2,8,0,0,34,35,69,1,36,37,106
11/26/2013,PMD,CA,AWP,WE,Federal Contract Tower,0,0,27,28,55,0,0,7,0,7,0,0,34,28,62,35,32,67,129
11/27/2013,PMD,CA,AWP,WE,Federal Contract Tower,0,0,15,14,29,0,0,4,0,4,0,0,19,14,33,0,6,6,39
11/28/2013,PMD,CA,AWP,WE,Federal Contract Tower,0,0,0,0,0,0,0,0,0,0,0,0,0,0,0,0,0,0,0
11/29/2013,PMD,CA,AWP,WE,Federal Contract Tower,0,4,4,0,8,0,0,0,0,0,0,4,4,0,8,0,0,0,8
11/30/2013,PMD,CA,AWP,WE,Federal Contract Tower,0,0,0,0,0,0,0,0,0,0,0,0,0,0,0,12,0,12,12
12/01/2013,PMD,CA,AWP,WE,Federal Contract Tower,0,0,0,0,0,0,0,4,0,4,0,0,4,0,4,0,0,0,4
12/02/2013,PMD,CA,AWP,WE,Federal Contract Tower,0,0,18,6,24,0,0,10,2,12,0,0,28,8,36,18,12,30,66
12/03/2013,PMD,CA,AWP,WE,Federal Contract Tower,0,0,10,22,32,0,0,7,2,9,0,0,17,24,41,0,100,100,141
12/04/2013,PMD,CA,AWP,WE,Federal Contract Tower,0,0,36,21,57,0,0,7,1,8,0,0,43,22,65,14,64,78,143
12/05/2013,PMD,CA,AWP,WE,Federal Contract Tower,0,0,17,10,27,0,0,9,4,13,0,0,26,14,40,0,18,18,58
12/06/2013,PMD,CA,AWP,WE,Federal Contract Tower,0,0,16,16,32,0,0,8,0,8,0,0,24,16,40,0,2,2,42
12/07/2013,PMD,CA,AWP,WE,Federal Contract Tower,0,0,0,2,2,0,0,0,0,0,0,0,0,2,2,0,0,0,2
12/08/2013,PMD,CA,AWP,WE,Federal Contract Tower,0,0,0,0,0,0,0,0,0,0,0,0,0,0,0,0,0,0,0
12/09/2013,PMD,CA,AWP,WE,Federal Contract Tower,0,0,15,12,27,0,0,4,4,8,0,0,19,16,35,0,80,80,115
12/10/2013,PMD,CA,AWP,WE,Federal Contract Tower,0,0,31,13,44,0,0,8,0,8,0,0,39,13,52,0,18,18,70
12/11/2013,PMD,CA,AWP,WE,Federal Contract Tower,0,0,30,23,53,0,0,12,11,23,0,0,42,34,76,16,30,46,122
12/12/2013,PMD,CA,AWP,WE,Federal Contract Tower,0,4,16,29,49,0,0,10,0,10,0,4,26,29,59,0,37,37,96
12/13/2013,PMD,CA,AWP,WE,Federal Contract Tower,0,4,19,8,31,0,0,6,1,7,0,4,25,9,38,0,0,0,38
12/14/2013,PMD,CA,AWP,WE,Federal Contract Tower,2,0,9,2,13,0,0,1,0,1,2,0,10,2,14,0,10,10,24
12/15/2013,PMD,CA,AWP,WE,Federal Contract Tower,0,0,1,0,1,0,0,0,0,0,0,0,1,0,1,0,0,0,1
12/16/2013,PMD,CA,AWP,WE,Federal Contract Tower,0,0,17,20,37,0,0,7,2,9,0,0,24,22,46,0,40,40,86
12/17/2013,PMD,CA,AWP,WE,Federal Contract Tower,4,0,21,43,68,0,0,13,3,16,4,0,34,46,84,6,77,83,167
12/18/2013,PMD,CA,AWP,WE,Federal Contract Tower,6,0,29,13,48,0,0,7,12,19,6,0,36,25,67,2,20,22,89
12/19/2013,PMD,CA,AWP,WE,Federal Contract Tower,0,0,18,32,50,0,0,6,3,9,0,0,24,35,59,0,28,28,87
12/20/2013,PMD,CA,AWP,WE,Federal Contract Tower,0,0,24,7,31,0,0,11,1,12,0,0,35,8,43,10,8,18,61
12/21/2013,PMD,CA,AWP,WE,Federal Contract Tower,0,0,13,0,13,0,0,0,0,0,0,0,13,0,13,0,0,0,13
12/22/2013,PMD,CA,AWP,WE,Federal Contract Tower,0,0,4,0,4,0,0,0,0,0,0,0,4,0,4,0,0,0,4
12/23/2013,PMD,CA,AWP,WE,Federal Contract Tower,0,0,17,10,27,0,0,2,0,2,0,0,19,10,29,0,6,6,35
12/24/2013,PMD,CA,AWP,WE,Federal Contract Tower,0,0,0,0,0,0,0,0,0,0,0,0,0,0,0,0,0,0,0
12/25/2013,PMD,CA,AWP,WE,Federal Contract Tower,0,0,0,0,0,0,0,0,0,0,0,0,0,0,0,0,0,0,0
12/26/2013,PMD,CA,AWP,WE,Federal Contract Tower,0,0,2,2,4,0,0,0,0,0,0,0,2,2,4,0,0,0,4
12/27/2013,PMD,CA,AWP,WE,Federal Contract Tower,0,0,4,18,22,0,0,0,0,0,0,0,4,18,22,0,0,0,22
12/28/2013,PMD,CA,AWP,WE,Federal Contract Tower,0,0,2,0,2,0,0,0,0,0,0,0,2,0,2,0,0,0,2
12/29/2013,PMD,CA,AWP,WE,Federal Contract Tower,0,0,4,0,4,0,0,0,0,0,0,0,4,0,4,0,0,0,4
12/30/2013,PMD,CA,AWP,WE,Federal Contract Tower,0,0,10,10,20,0,0,0,0,0,0,0,10,10,20,2,0,2,22
12/31/2013,PMD,CA,AWP,WE,Federal Contract Tower,0,0,6,1,7,0,0,0,0,0,0,0,6,1,7,0,8,8,15
01/01/2014,PMD,CA,AWP,WE,Federal Contract Tower,0,0,0,0,0,0,0,0,0,0,0,0,0,0,0,0,0,0,0
01/02/2014,PMD,CA,AWP,WE,Federal Contract Tower,0,0,2,4,6,0,0,0,0,0,0,0,2,4,6,0,0,0,6
01/03/2014,PMD,CA,AWP,WE,Federal Contract Tower,0,4,10,19,33,0,0,0,1,1,0,4,10,20,34,0,33,33,67
01/04/2014,PMD,CA,AWP,WE,Federal Contract Tower,0,0,6,0,6,0,0,0,0,0,0,0,6,0,6,0,0,0,6
01/05/2014,PMD,CA,AWP,WE,Federal Contract Tower,0,0,12,0,12,0,0,0,0,0,0,0,12,0,12,0,0,0,12
01/06/2014,PMD,CA,AWP,WE,Federal Contract Tower,0,0,26,18,44,0,0,11,0,11,0,0,37,18,55,0,10,10,65
01/07/2014,PMD,CA,AWP,WE,Federal Contract Tower,0,0,49,30,79,0,0,12,0,12,0,0,61,30,91,0,20,20,111
01/08/2014,PMD,CA,AWP,WE,Federal Contract Tower,0,0,19,25,44,0,0,19,4,23,0,0,38,29,67,4,60,64,131
01/09/2014,PMD,CA,AWP,WE,Federal Contract Tower,0,0,13,31,44,0,0,6,0,6,0,0,19,31,50,0,76,76,126
01/10/2014,PMD,CA,AWP,WE,Federal Contract Tower,0,0,42,20,62,0,0,7,1,8,0,0,49,21,70,22,20,42,112
01/11/2014,PMD,CA,AWP,WE,Federal Contract Tower,0,0,9,0,9,0,0,3,0,3,0,0,12,0,12,0,0,0,12
01/12/2014,PMD,CA,AWP,WE,Federal Contract Tower,0,0,14,0,14,0,0,0,0,0,0,0,14,0,14,12,0,12,26
01/13/2014,PMD,CA,AWP,WE,Federal Contract Tower,0,0,29,19,48,0,0,10,1,11,0,0,39,20,59,30,60,90,149
01/14/2014,PMD,CA,AWP,WE,Federal Contract Tower,0,0,13,16,29,0,0,11,1,12,0,0,24,17,41,21,52,73,114
01/15/2014,PMD,CA,AWP,WE,Federal Contract Tower,0,0,18,26,44,0,0,9,6,15,0,0,27,32,59,0,58,58,117
01/16/2014,PMD,CA,AWP,WE,Federal Contract Tower,0,0,22,40,62,0,0,10,0,10,0,0,32,40,72,2,62,64,136
01/17/2014,PMD,CA,AWP,WE,Federal Contract Tower,0,0,6,17,23,0,0,3,1,4,0,0,9,18,27,0,14,14,41
01/18/2014,PMD,CA,AWP,WE,Federal Contract Tower,0,0,6,0,6,0,0,0,0,0,0,0,6,0,6,0,0,0,6
01/19/2014,PMD,CA,AWP,WE,Federal Contract Tower,0,0,2,0,2,0,0,0,0,0,0,0,2,0,2,0,0,0,2
01/20/2014,PMD,CA,AWP,WE,Federal Contract Tower,0,0,12,0,12,0,0,4,0,4,0,0,16,0,16,0,0,0,16
01/21/2014,PMD,CA,AWP,WE,Federal Contract Tower,0,0,19,5,24,0,0,8,2,10,0,0,27,7,34,0,0,0,34
01/22/2014,PMD,CA,AWP,WE,Federal Contract Tower,0,4,34,24,62,0,0,13,6,19,0,4,47,30,81,0,28,28,109
01/23/2014,PMD,CA,AWP,WE,Federal Contract Tower,0,0,28,28,56,0,0,11,13,24,0,0,39,41,80,12,116,128,208
01/24/2014,PMD,CA,AWP,WE,Federal Contract Tower,0,4,19,14,37,0,0,11,11,22,0,4,30,25,59,0,50,50,109
01/25/2014,PMD,CA,AWP,WE,Federal Contract Tower,0,0,11,0,11,0,0,0,0,0,0,0,11,0,11,5,0,5,16
01/26/2014,PMD,CA,AWP,WE,Federal Contract Tower,0,0,0,0,0,0,0,0,0,0,0,0,0,0,0,0,0,0,0
01/27/2014,PMD,CA,AWP,WE,Federal Contract Tower,0,0,15,16,31,0,0,5,1,6,0,0,20,17,37,0,62,62,99
01/28/2014,PMD,CA,AWP,WE,Federal Contract Tower,0,0,35,38,73,0,0,8,4,12,0,0,43,42,85,2,70,72,157
01/29/2014,PMD,CA,AWP,WE,Federal Contract Tower,0,0,22,19,41,0,0,15,22,37,0,0,37,41,78,16,79,95,173
01/30/2014,PMD,CA,AWP,WE,Federal Contract Tower,0,0,26,54,80,0,0,7,7,14,0,0,33,61,94,0,109,109,203
01/31/2014,PMD,CA,AWP,WE,Federal Contract Tower,0,0,12,7,19,0,0,0,2,2,0,0,12,9,21,0,0,0,21
02/01/2014,PMD,CA,AWP,WE,Federal Contract Tower,0,0,17,2,19,0,0,1,1,2,0,0,18,3,21,0,0,0,21
02/02/2014,PMD,CA,AWP,WE,Federal Contract Tower,0,0,6,0,6,0,0,0,0,0,0,0,6,0,6,0,0,0,6
02/03/2014,PMD,CA,AWP,WE,Federal Contract Tower,0,0,21,14,35,0,0,5,0,5,0,0,26,14,40,0,24,24,64
02/04/2014,PMD,CA,AWP,WE,Federal Contract Tower,0,0,33,26,59,0,0,12,16,28,0,0,45,42,87,20,47,67,154
02/05/2014,PMD,CA,AWP,WE,Federal Contract Tower,4,0,41,27,72,0,0,15,14,29,4,0,56,41,101,2,26,28,129
02/06/2014,PMD,CA,AWP,WE,Federal Contract Tower,2,0,31,29,62,0,0,7,5,12,2,0,38,34,74,14,71,85,159
02/07/2014,PMD,CA,AWP,WE,Federal Contract Tower,0,2,19,5,26,0,0,8,3,11,0,2,27,8,37,12,3,15,52
02/08/2014,PMD,CA,AWP,WE,Federal Contract Tower,0,0,18,2,20,0,0,2,0,2,0,0,20,2,22,0,0,0,22
02/09/2014,PMD,CA,AWP,WE,Federal Contract Tower,0,0,24,0,24,0,0,0,0,0,0,0,24,0,24,0,0,0,24
02/10/2014,PMD,CA,AWP,WE,Federal Contract Tower,0,0,22,25,47,0,0,3,6,9,0,0,25,31,56,2,18,20,76
02/11/2014,PMD,CA,AWP,WE,Federal Contract Tower,0,0,22,22,44,0,0,13,2,15,0,0,35,24,59,5,36,41,100
02/12/2014,PMD,CA,AWP,WE,Federal Contract Tower,0,0,30,15,45,0,0,13,6,19,0,0,43,21,64,2,51,53,117
02/13/2014,PMD,CA,AWP,WE,Federal Contract Tower,0,0,19,33,52,0,0,10,5,15,0,0,29,38,67,0,41,41,108
02/14/2014,PMD,CA,AWP,WE,Federal Contract Tower,0,0,26,0,26,0,0,0,1,1,0,0,26,1,27,0,0,0,27
02/15/2014,PMD,CA,AWP,WE,Federal Contract Tower,0,0,11,0,11,0,0,2,0,2,0,0,13,0,13,0,0,0,13
02/16/2014,PMD,CA,AWP,WE,Federal Contract Tower,0,0,2,0,2,0,0,0,0,0,0,0,2,0,2,0,0,0,2
02/17/2014,PMD,CA,AWP,WE,Federal Contract Tower,0,0,25,0,25,0,0,3,0,3,0,0,28,0,28,0,0,0,28
02/18/2014,PMD,CA,AWP,WE,Federal Contract Tower,0,0,41,24,65,0,0,10,5,15,0,0,51,29,80,4,71,75,155
02/19/2014,PMD,CA,AWP,WE,Federal Contract Tower,0,0,12,27,39,0,0,9,0,9,0,0,21,27,48,0,24,24,72
02/20/2014,PMD,CA,AWP,WE,Federal Contract Tower,0,2,23,20,45,0,0,14,0,14,0,2,37,20,59,34,72,106,165
02/21/2014,PMD,CA,AWP,WE,Federal Contract Tower,0,0,22,21,43,0,0,8,2,10,0,0,30,23,53,0,12,12,65
02/22/2014,PMD,CA,AWP,WE,Federal Contract Tower,0,0,12,0,12,0,0,0,0,0,0,0,12,0,12,0,0,0,12
02/23/2014,PMD,CA,AWP,WE,Federal Contract Tower,0,0,8,0,8,0,0,0,0,0,0,0,8,0,8,0,0,0,8
02/24/2014,PMD,CA,AWP,WE,Federal Contract Tower,0,0,34,33,67,0,0,4,3,7,0,0,38,36,74,2,48,50,124
02/25/2014,PMD,CA,AWP,WE,Federal Contract Tower,0,0,18,28,46,0,0,23,4,27,0,0,41,32,73,18,93,111,184
02/26/2014,PMD,CA,AWP,WE,Federal Contract Tower,0,0,16,15,31,0,0,9,0,9,0,0,25,15,40,0,92,92,132
02/27/2014,PMD,CA,AWP,WE,Federal Contract Tower,0,0,15,29,44,0,0,6,4,10,0,0,21,33,54,0,78,78,132
02/28/2014,PMD,CA,AWP,WE,Federal Contract Tower,0,0,4,0,4,0,0,0,0,0,0,0,4,0,4,0,0,0,4
03/01/2014,PMD,CA,AWP,WE,Federal Contract Tower,0,0,1,0,1,0,0,0,0,0,0,0,1,0,1,0,0,0,1
03/02/2014,PMD,CA,AWP,WE,Federal Contract Tower,0,0,12,0,12,0,0,0,0,0,0,0,12,0,12,2,0,2,14
03/03/2014,PMD,CA,AWP,WE,Federal Contract Tower,0,0,14,2,16,0,0,9,0,9,0,0,23,2,25,0,14,14,39
03/04/2014,PMD,CA,AWP,WE,Federal Contract Tower,0,0,15,64,79,0,0,8,6,14,0,0,23,70,93,0,45,45,138
03/05/2014,PMD,CA,AWP,WE,Federal Contract Tower,0,0,30,58,88,0,0,9,2,11,0,0,39,60,99,0,106,106,205
03/06/2014,PMD,CA,AWP,WE,Federal Contract Tower,0,6,16,11,33,0,0,8,0,8,0,6,24,11,41,0,8,8,49
03/07/2014,PMD,CA,AWP,WE,Federal Contract Tower,0,0,31,26,57,0,0,1,4,5,0,0,32,30,62,0,36,36,98
03/08/2014,PMD,CA,AWP,WE,Federal Contract Tower,0,0,5,4,9,0,0,0,0,0,0,0,5,4,9,0,0,0,9
03/09/2014,PMD,CA,AWP,WE,Federal Contract Tower,0,0,4,0,4,0,0,0,0,0,0,0,4,0,4,0,0,0,4
03/10/2014,PMD,CA,AWP,WE,Federal Contract Tower,0,0,23,9,32,0,0,5,0,5,0,0,28,9,37,0,2,2,39
03/11/2014,PMD,CA,AWP,WE,Federal Contract Tower,4,0,31,20,55,0,0,10,1,11,4,0,41,21,66,13,22,35,101
03/12/2014,PMD,CA,AWP,WE,Federal Contract Tower,0,0,32,18,50,0,0,11,2,13,0,0,43,20,63,9,26,35,98
03/13/2014,PMD,CA,AWP,WE,Federal Contract Tower,0,6,22,27,55,0,0,8,0,8,0,6,30,27,63,0,18,18,81
03/14/2014,PMD,CA,AWP,WE,Federal Contract Tower,4,0,11,8,23,0,0,5,2,7,4,0,16,10,30,2,6,8,38
03/15/2014,PMD,CA,AWP,WE,Federal Contract Tower,0,0,14,0,14,0,0,0,0,0,0,0,14,0,14,0,0,0,14
03/16/2014,PMD,CA,AWP,WE,Federal Contract Tower,0,0,6,0,6,0,0,0,0,0,0,0,6,0,6,0,0,0,6
03/17/2014,PMD,CA,AWP,WE,Federal Contract Tower,0,0,2,2,4,0,0,0,0,0,0,0,2,2,4,0,0,0,4
03/18/2014,PMD,CA,AWP,WE,Federal Contract Tower,0,0,32,38,70,0,0,10,9,19,0,0,42,47,89,20,76,96,185
03/19/2014,PMD,CA,AWP,WE,Federal Contract Tower,0,0,34,8,42,0,0,13,2,15,0,0,47,10,57,0,54,54,111
03/20/2014,PMD,CA,AWP,WE,Federal Contract Tower,0,0,35,12,47,0,0,12,1,13,0,0,47,13,60,0,16,16,76
03/21/2014,PMD,CA,AWP,WE,Federal Contract Tower,0,0,18,24,42,0,0,10,3,13,0,0,28,27,55,2,34,36,91
03/22/2014,PMD,CA,AWP,WE,Federal Contract Tower,0,0,1,0,1,0,0,2,0,2,0,0,3,0,3,3,0,3,6
03/23/2014,PMD,CA,AWP,WE,Federal Contract Tower,0,0,13,14,27,0,0,0,0,0,0,0,13,14,27,0,0,0,27
03/24/2014,PMD,CA,AWP,WE,Federal Contract Tower,0,0,15,16,31,0,0,10,8,18,0,0,25,24,49,0,39,39,88
03/25/2014,PMD,CA,AWP,WE,Federal Contract Tower,0,0,22,8,30,0,0,15,5,20,0,0,37,13,50,20,26,46,96
03/26/2014,PMD,CA,AWP,WE,Federal Contract Tower,0,0,17,26,43,0,0,13,4,17,0,0,30,30,60,6,25,31,91
03/27/2014,PMD,CA,AWP,WE,Federal Contract Tower,0,0,29,12,41,0,0,9,0,9,0,0,38,12,50,22,13,35,85
03/28/2014,PMD,CA,AWP,WE,Federal Contract Tower,0,0,13,13,26,0,0,0,2,2,0,0,13,15,28,0,8,8,36
03/29/2014,PMD,CA,AWP,WE,Federal Contract Tower,0,0,5,2,7,0,0,0,0,0,0,0,5,2,7,0,0,0,7
03/30/2014,PMD,CA,AWP,WE,Federal Contract Tower,0,0,0,0,0,0,0,0,0,0,0,0,0,0,0,0,0,0,0
03/31/2014,PMD,CA,AWP,WE,Federal Contract Tower,0,0,26,8,34,0,0,12,0,12,0,0,38,8,46,0,0,0,46
04/01/2014,PMD,CA,AWP,WE,Federal Contract Tower,0,0,15,32,47,0,0,13,1,14,0,0,28,33,61,0,52,52,113
04/02/2014,PMD,CA,AWP,WE,Federal Contract Tower,0,0,22,8,30,0,0,11,0,11,0,0,33,8,41,0,2,2,43
04/03/2014,PMD,CA,AWP,WE,Federal Contract Tower,0,0,44,28,72,0,0,12,3,15,0,0,56,31,87,6,32,38,125
04/04/2014,PMD,CA,AWP,WE,Federal Contract Tower,0,0,19,6,25,0,0,8,1,9,0,0,27,7,34,0,15,15,49
04/05/2014,PMD,CA,AWP,WE,Federal Contract Tower,0,0,8,0,8,0,0,2,0,2,0,0,10,0,10,0,0,0,10
04/06/2014,PMD,CA,AWP,WE,Federal Contract Tower,0,0,6,0,6,0,0,0,0,0,0,0,6,0,6,0,0,0,6
04/07/2014,PMD,CA,AWP,WE,Federal Contract Tower,4,0,15,6,25,0,0,7,0,7,4,0,22,6,32,0,0,0,32
04/08/2014,PMD,CA,AWP,WE,Federal Contract Tower,0,0,15,38,53,0,0,9,0,9,0,0,24,38,62,0,48,48,110
04/09/2014,PMD,CA,AWP,WE,Federal Contract Tower,0,0,19,26,45,0,0,15,3,18,0,0,34,29,63,0,20,20,83
04/10/2014,PMD,CA,AWP,WE,Federal Contract Tower,0,0,18,17,35,0,0,13,0,13,0,0,31,17,48,0,30,30,78
04/11/2014,PMD,CA,AWP,WE,Federal Contract Tower,0,4,13,25,42,0,0,0,1,1,0,4,13,26,43,2,28,30,73
04/12/2014,PMD,CA,AWP,WE,Federal Contract Tower,0,0,0,0,0,0,0,2,0,2,0,0,2,0,2,0,0,0,2
04/13/2014,PMD,CA,AWP,WE,Federal Contract Tower,0,0,8,0,8,0,0,0,0,0,0,0,8,0,8,0,0,0,8
04/14/2014,PMD,CA,AWP,WE,Federal Contract Tower,0,0,14,11,25,0,0,9,2,11,0,0,23,13,36,0,9,9,45
04/15/2014,PMD,CA,AWP,WE,Federal Contract Tower,0,0,12,19,31,0,0,9,4,13,0,0,21,23,44,0,31,31,75
04/16/2014,PMD,CA,AWP,WE,Federal Contract Tower,0,0,16,6,22,0,0,12,0,12,0,0,28,6,34,0,16,16,50
04/17/2014,PMD,CA,AWP,WE,Federal Contract Tower,0,4,12,12,28,0,0,12,1,13,0,4,24,13,41,0,22,22,63
04/18/2014,PMD,CA,AWP,WE,Federal Contract Tower,0,4,21,13,38,0,0,10,2,12,0,4,31,15,50,0,2,2,52
04/19/2014,PMD,CA,AWP,WE,Federal Contract Tower,0,0,3,0,3,0,0,1,0,1,0,0,4,0,4,0,0,0,4
04/20/2014,PMD,CA,AWP,WE,Federal Contract Tower,0,0,0,0,0,0,0,0,0,0,0,0,0,0,0,0,0,0,0
04/21/2014,PMD,CA,AWP,WE,Federal Contract Tower,0,0,38,12,50,0,0,14,2,16,0,0,52,14,66,17,15,32,98
04/22/2014,PMD,CA,AWP,WE,Federal Contract Tower,0,0,13,52,65,0,0,9,0,9,0,0,22,52,74,4,44,48,122
04/23/2014,PMD,CA,AWP,WE,Federal Contract Tower,0,0,32,50,82,0,0,14,1,15,0,0,46,51,97,8,83,91,188
04/24/2014,PMD,CA,AWP,WE,Federal Contract Tower,0,6,35,40,81,0,0,12,2,14,0,6,47,42,95,10,42,52,147
04/25/2014,PMD,CA,AWP,WE,Federal Contract Tower,0,8,8,19,35,0,0,2,5,7,0,8,10,24,42,0,8,8,50
04/26/2014,PMD,CA,AWP,WE,Federal Contract Tower,0,0,1,0,1,0,0,0,0,0,0,0,1,0,1,0,0,0,1
04/27/2014,PMD,CA,AWP,WE,Federal Contract Tower,0,0,0,8,8,0,0,0,0,0,0,0,0,8,8,0,0,0,8
04/28/2014,PMD,CA,AWP,WE,Federal Contract Tower,0,0,32,29,61,0,0,12,4,16,0,0,44,33,77,7,61,68,145
04/29/2014,PMD,CA,AWP,WE,Federal Contract Tower,0,0,17,30,47,0,0,17,2,19,0,0,34,32,66,14,24,38,104
04/30/2014,PMD,CA,AWP,WE,Federal Contract Tower,0,4,21,8,33,0,0,10,0,10,0,4,31,8,43,0,4,4,47
05/01/2014,PMD,CA,AWP,WE,Federal Contract Tower,0,0,13,12,25,0,0,12,5,17,0,0,25,17,42,0,4,4,46
05/02/2014,PMD,CA,AWP,WE,Federal Contract Tower,0,6,15,16,37,0,0,9,0,9,0,6,24,16,46,0,14,14,60
05/03/2014,PMD,CA,AWP,WE,Federal Contract Tower,0,0,6,0,6,0,0,2,0,2,0,0,8,0,8,0,0,0,8
05/04/2014,PMD,CA,AWP,WE,Federal Contract Tower,0,0,10,2,12,0,0,0,0,0,0,0,10,2,12,0,3,3,15
05/05/2014,PMD,CA,AWP,WE,Federal Contract Tower,0,0,14,4,18,0,0,7,0,7,0,0,21,4,25,10,0,10,35
05/06/2014,PMD,CA,AWP,WE,Federal Contract Tower,0,2,6,24,32,0,0,7,0,7,0,2,13,24,39,0,8,8,47
05/07/2014,PMD,CA,AWP,WE,Federal Contract Tower,0,0,26,21,47,0,0,16,2,18,0,0,42,23,65,8,38,46,111
05/08/2014,PMD,CA,AWP,WE,Federal Contract Tower,0,0,16,23,39,0,0,16,3,19,0,0,32,26,58,0,30,30,88
05/09/2014,PMD,CA,AWP,WE,Federal Contract Tower,0,0,5,13,18,0,0,6,0,6,0,0,11,13,24,0,14,14,38
05/10/2014,PMD,CA,AWP,WE,Federal Contract Tower,0,0,5,0,5,0,0,7,0,7,0,0,12,0,12,0,0,0,12
05/11/2014,PMD,CA,AWP,WE,Federal Contract Tower,0,0,0,0,0,0,0,0,0,0,0,0,0,0,0,0,0,0,0
05/12/2014,PMD,CA,AWP,WE,Federal Contract Tower,0,0,19,10,29,0,0,12,2,14,0,0,31,12,43,22,2,24,67
05/13/2014,PMD,CA,AWP,WE,Federal Contract Tower,0,0,27,10,37,0,0,13,0,13,0,0,40,10,50,0,6,6,56
05/14/2014,PMD,CA,AWP,WE,Federal Contract Tower,0,2,29,12,43,0,0,7,1,8,0,2,36,13,51,10,1,11,62
05/15/2014,PMD,CA,AWP,WE,Federal Contract Tower,0,0,16,23,39,0,0,14,0,14,0,0,30,23,53,0,22,22,75
05/16/2014,PMD,CA,AWP,WE,Federal Contract Tower,0,0,21,2,23,0,0,10,4,14,0,0,31,6,37,0,1,1,38
05/17/2014,PMD,CA,AWP,WE,Federal Contract Tower,0,0,6,1,7,0,0,1,1,2,0,0,7,2,9,0,0,0,9
05/18/2014,PMD,CA,AWP,WE,Federal Contract Tower,0,0,0,0,0,0,0,0,0,0,0,0,0,0,0,0,0,0,0
05/19/2014,PMD,CA,AWP,WE,Federal Contract Tower,0,8,33,26,67,0,0,7,2,9,0,8,40,28,76,8,2,10,86
05/20/2014,PMD,CA,AWP,WE,Federal Contract Tower,0,0,19,14,33,0,0,8,2,10,0,0,27,16,43,0,33,33,76
05/21/2014,PMD,CA,AWP,WE,Federal Contract Tower,0,0,18,19,37,0,0,10,6,16,0,0,28,25,53,28,24,52,105
05/22/2014,PMD,CA,AWP,WE,Federal Contract Tower,0,0,16,28,44,0,0,10,1,11,0,0,26,29,55,14,35,49,104
05/23/2014,PMD,CA,AWP,WE,Federal Contract Tower,0,0,4,4,8,0,0,2,0,2,0,0,6,4,10,20,0,20,30
05/24/2014,PMD,CA,AWP,WE,Federal Contract Tower,0,0,0,0,0,0,0,0,0,0,0,0,0,0,0,0,0,0,0
05/25/2014,PMD,CA,AWP,WE,Federal Contract Tower,0,0,2,0,2,0,0,0,0,0,0,0,2,0,2,0,0,0,2
05/26/2014,PMD,CA,AWP,WE,Federal Contract Tower,0,0,6,0,6,0,0,0,0,0,0,0,6,0,6,0,0,0,6
05/27/2014,PMD,CA,AWP,WE,Federal Contract Tower,0,4,18,5,27,0,0,8,4,12,0,4,26,9,39,4,2,6,45
05/28/2014,PMD,CA,AWP,WE,Federal Contract Tower,0,0,23,12,35,0,0,9,0,9,0,0,32,12,44,0,23,23,67
05/29/2014,PMD,CA,AWP,WE,Federal Contract Tower,0,0,33,11,44,0,0,14,0,14,0,0,47,11,58,8,7,15,73
05/30/2014,PMD,CA,AWP,WE,Federal Contract Tower,0,0,23,9,32,0,0,13,3,16,0,0,36,12,48,14,6,20,68
05/31/2014,PMD,CA,AWP,WE,Federal Contract Tower,0,0,2,0,2,0,0,1,0,1,0,0,3,0,3,0,0,0,3
06/01/2014,PMD,CA,AWP,WE,Federal Contract Tower,0,0,14,0,14,0,0,0,0,0,0,0,14,0,14,0,0,0,14
06/02/2014,PMD,CA,AWP,WE,Federal Contract Tower,0,0,25,3,28,0,0,8,1,9,0,0,33,4,37,6,10,16,53
06/03/2014,PMD,CA,AWP,WE,Federal Contract Tower,0,0,12,14,26,0,0,9,3,12,0,0,21,17,38,0,26,26,64
06/04/2014,PMD,CA,AWP,WE,Federal Contract Tower,0,0,26,30,56,0,0,9,0,9,0,0,35,30,65,16,28,44,109
06/05/2014,PMD,CA,AWP,WE,Federal Contract Tower,0,0,15,29,44,0,0,9,1,10,0,0,24,30,54,2,103,105,159
06/06/2014,PMD,CA,AWP,WE,Federal Contract Tower,0,0,5,17,22,0,0,1,2,3,0,0,6,19,25,0,5,5,30
06/07/2014,PMD,CA,AWP,WE,Federal Contract Tower,0,0,0,0,0,0,0,0,0,0,0,0,0,0,0,0,0,0,0
06/08/2014,PMD,CA,AWP,WE,Federal Contract Tower,0,0,0,4,4,0,0,0,0,0,0,0,0,4,4,0,6,6,10
06/09/2014,PMD,CA,AWP,WE,Federal Contract Tower,0,0,18,24,42,0,0,3,1,4,0,0,21,25,46,9,42,51,97
06/10/2014,PMD,CA,AWP,WE,Federal Contract Tower,0,0,13,26,39,0,0,2,6,8,0,0,15,32,47,0,29,29,76
06/11/2014,PMD,CA,AWP,WE,Federal Contract Tower,0,0,16,15,31,0,0,9,4,13,0,0,25,19,44,0,24,24,68
06/12/2014,PMD,CA,AWP,WE,Federal Contract Tower,0,0,16,26,42,0,2,10,4,16,0,2,26,30,58,0,58,58,116
06/13/2014,PMD,CA,AWP,WE,Federal Contract Tower,4,0,26,17,47,0,0,8,2,10,4,0,34,19,57,0,17,17,74
06/14/2014,PMD,CA,AWP,WE,Federal Contract Tower,0,0,2,0,2,0,0,1,0,1,0,0,3,0,3,0,0,0,3
06/15/2014,PMD,CA,AWP,WE,Federal Contract Tower,0,0,0,0,0,0,0,0,0,0,0,0,0,0,0,0,0,0,0
06/16/2014,PMD,CA,AWP,WE,Federal Contract Tower,0,0,21,16,37,0,0,5,0,5,0,0,26,16,42,0,10,10,52
06/17/2014,PMD,CA,AWP,WE,Federal Contract Tower,0,0,27,34,61,0,0,9,1,10,0,0,36,35,71,0,25,25,96
06/18/2014,PMD,CA,AWP,WE,Federal Contract Tower,0,0,34,6,40,0,0,7,1,8,0,0,41,7,48,0,18,18,66
06/19/2014,PMD,CA,AWP,WE,Federal Contract Tower,2,0,17,7,26,0,0,21,2,23,2,0,38,9,49,26,24,50,99
06/20/2014,PMD,CA,AWP,WE,Federal Contract Tower,0,0,7,0,7,0,0,16,4,20,0,0,23,4,27,16,20,36,63
06/21/2014,PMD,CA,AWP,WE,Federal Contract Tower,0,0,5,0,5,0,0,11,0,11,0,0,16,0,16,0,0,0,16
06/22/2014,PMD,CA,AWP,WE,Federal Contract Tower,0,0,12,0,12,0,0,8,0,8,0,0,20,0,20,0,0,0,20
06/23/2014,PMD,CA,AWP,WE,Federal Contract Tower,0,0,31,8,39,0,0,15,0,15,0,0,46,8,54,0,10,10,64
06/24/2014,PMD,CA,AWP,WE,Federal Contract Tower,0,0,21,16,37,0,0,23,1,24,0,0,44,17,61,0,8,8,69
06/25/2014,PMD,CA,AWP,WE,Federal Contract Tower,0,0,18,18,36,0,0,18,2,20,0,0,36,20,56,0,30,30,86
06/26/2014,PMD,CA,AWP,WE,Federal Contract Tower,0,0,11,20,31,0,0,18,2,20,0,0,29,22,51,0,21,21,72
06/27/2014,PMD,CA,AWP,WE,Federal Contract Tower,0,0,19,16,35,0,0,18,0,18,0,0,37,16,53,10,19,29,82
06/28/2014,PMD,CA,AWP,WE,Federal Contract Tower,0,0,15,0,15,0,0,7,0,7,0,0,22,0,22,0,0,0,22
06/29/2014,PMD,CA,AWP,WE,Federal Contract Tower,0,0,6,0,6,0,0,0,0,0,0,0,6,0,6,0,0,0,6
06/30/2014,PMD,CA,AWP,WE,Federal Contract Tower,0,0,10,13,23,0,0,5,3,8,0,0,15,16,31,0,1,1,32
07/01/2014,PMD,CA,AWP,WE,Federal Contract Tower,0,0,20,15,35,0,0,10,1,11,0,0,30,16,46,0,33,33,79
07/02/2014,PMD,CA,AWP,WE,Federal Contract Tower,0,0,16,25,41,0,0,10,1,11,0,0,26,26,52,0,22,22,74
07/03/2014,PMD,CA,AWP,WE,Federal Contract Tower,0,0,16,0,16,0,0,6,0,6,0,0,22,0,22,0,0,0,22
07/04/2014,PMD,CA,AWP,WE,Federal Contract Tower,0,0,0,0,0,0,0,0,0,0,0,0,0,0,0,0,0,0,0
07/05/2014,PMD,CA,AWP,WE,Federal Contract Tower,0,0,6,0,6,0,0,0,0,0,0,0,6,0,6,0,0,0,6
07/06/2014,PMD,CA,AWP,WE,Federal Contract Tower,0,0,6,0,6,0,0,0,0,0,0,0,6,0,6,0,0,0,6
07/07/2014,PMD,CA,AWP,WE,Federal Contract Tower,0,0,9,4,13,0,0,5,0,5,0,0,14,4,18,0,6,6,24
07/08/2014,PMD,CA,AWP,WE,Federal Contract Tower,0,0,10,23,33,0,0,11,0,11,0,0,21,23,44,0,17,17,61
07/09/2014,PMD,CA,AWP,WE,Federal Contract Tower,0,0,13,24,37,0,0,9,5,14,0,0,22,29,51,0,37,37,88
07/10/2014,PMD,CA,AWP,WE,Federal Contract Tower,2,0,11,10,23,0,0,10,4,14,2,0,21,14,37,0,13,13,50
07/11/2014,PMD,CA,AWP,WE,Federal Contract Tower,0,6,8,14,28,0,0,10,1,11,0,6,18,15,39,0,10,10,49
07/12/2014,PMD,CA,AWP,WE,Federal Contract Tower,0,4,8,2,14,0,0,1,1,2,0,4,9,3,16,0,7,7,23
07/13/2014,PMD,CA,AWP,WE,Federal Contract Tower,0,0,2,18,20,0,0,0,0,0,0,0,2,18,20,0,0,0,20
07/14/2014,PMD,CA,AWP,WE,Federal Contract Tower,0,0,21,10,31,0,0,3,3,6,0,0,24,13,37,0,20,20,57
07/15/2014,PMD,CA,AWP,WE,Federal Contract Tower,0,0,9,30,39,0,0,8,7,15,0,0,17,37,54,0,77,77,131
07/16/2014,PMD,CA,AWP,WE,Federal Contract Tower,0,0,18,23,41,0,0,11,5,16,0,0,29,28,57,0,48,48,105
07/17/2014,PMD,CA,AWP,WE,Federal Contract Tower,0,0,24,22,46,0,0,8,2,10,0,0,32,24,56,0,39,39,95
07/18/2014,PMD,CA,AWP,WE,Federal Contract Tower,0,0,15,8,23,0,0,0,2,2,0,0,15,10,25,0,40,40,65
07/19/2014,PMD,CA,AWP,WE,Federal Contract Tower,0,0,8,2,10,0,0,0,1,1,0,0,8,3,11,0,5,5,16
07/20/2014,PMD,CA,AWP,WE,Federal Contract Tower,0,0,4,0,4,0,0,0,0,0,0,0,4,0,4,0,0,0,4
07/21/2014,PMD,CA,AWP,WE,Federal Contract Tower,0,0,13,28,41,0,0,7,3,10,0,0,20,31,51,0,40,40,91
07/22/2014,PMD,CA,AWP,WE,Federal Contract Tower,0,0,14,35,49,0,0,15,1,16,0,0,29,36,65,0,70,70,135
07/23/2014,PMD,CA,AWP,WE,Federal Contract Tower,0,0,18,36,54,0,0,17,3,20,0,0,35,39,74,2,103,105,179
07/24/2014,PMD,CA,AWP,WE,Federal Contract Tower,0,0,17,23,40,0,0,12,3,15,0,0,29,26,55,27,40,67,122
07/25/2014,PMD,CA,AWP,WE,Federal Contract Tower,0,0,22,17,39,0,0,5,0,5,0,0,27,17,44,6,22,28,72
07/26/2014,PMD,CA,AWP,WE,Federal Contract Tower,0,0,16,6,22,0,0,0,0,0,0,0,16,6,22,0,0,0,22
07/27/2014,PMD,CA,AWP,WE,Federal Contract Tower,0,0,3,0,3,0,0,0,0,0,0,0,3,0,3,0,0,0,3
07/28/2014,PMD,CA,AWP,WE,Federal Contract Tower,0,6,14,16,36,0,0,7,0,7,0,6,21,16,43,0,24,24,67
07/29/2014,PMD,CA,AWP,WE,Federal Contract Tower,0,0,11,10,21,0,0,12,3,15,0,0,23,13,36,0,60,60,96
07/30/2014,PMD,CA,AWP,WE,Federal Contract Tower,0,0,20,37,57,0,0,9,6,15,0,0,29,43,72,1,62,63,135
07/31/2014,PMD,CA,AWP,WE,Federal Contract Tower,0,2,22,22,46,0,0,9,12,21,0,2,31,34,67,0,61,61,128
08/01/2014,PMD,CA,AWP,WE,Federal Contract Tower,0,0,18,16,34,0,0,1,0,1,0,0,19,16,35,6,28,34,69
08/02/2014,PMD,CA,AWP,WE,Federal Contract Tower,0,0,0,0,0,0,0,2,0,2,0,0,2,0,2,0,0,0,2
08/03/2014,PMD,CA,AWP,WE,Federal Contract Tower,0,0,0,0,0,0,0,0,0,0,0,0,0,0,0,0,0,0,0
08/04/2014,PMD,CA,AWP,WE,Federal Contract Tower,0,0,18,12,30,0,0,7,0,7,0,0,25,12,37,2,4,6,43
08/05/2014,PMD,CA,AWP,WE,Federal Contract Tower,0,0,15,18,33,0,1,12,1,14,0,1,27,19,47,0,56,56,103
08/06/2014,PMD,CA,AWP,WE,Federal Contract Tower,0,0,19,20,39,0,0,8,3,11,0,0,27,23,50,0,16,16,66
08/07/2014,PMD,CA,AWP,WE,Federal Contract Tower,0,0,23,13,36,0,0,9,5,14,0,0,32,18,50,0,39,39,89
08/08/2014,PMD,CA,AWP,WE,Federal Contract Tower,0,0,13,27,40,0,0,5,8,13,0,0,18,35,53,0,44,44,97
08/09/2014,PMD,CA,AWP,WE,Federal Contract Tower,0,0,1,2,3,0,0,1,2,3,0,0,2,4,6,0,0,0,6
08/10/2014,PMD,CA,AWP,WE,Federal Contract Tower,0,0,4,0,4,0,0,0,0,0,0,0,4,0,4,0,0,0,4
08/11/2014,PMD,CA,AWP,WE,Federal Contract Tower,0,0,32,9,41,0,0,8,1,9,0,0,40,10,50,20,80,100,150
08/12/2014,PMD,CA,AWP,WE,Federal Contract Tower,0,0,32,14,46,0,0,14,10,24,0,0,46,24,70,0,57,57,127
08/13/2014,PMD,CA,AWP,WE,Federal Contract Tower,0,4,39,19,62,0,0,10,4,14,0,4,49,23,76,10,70,80,156
08/14/2014,PMD,CA,AWP,WE,Federal Contract Tower,0,0,25,13,38,0,0,8,4,12,0,0,33,17,50,0,80,80,130
08/15/2014,PMD,CA,AWP,WE,Federal Contract Tower,0,4,7,2,13,0,0,4,2,6,0,4,11,4,19,0,0,0,19
08/16/2014,PMD,CA,AWP,WE,Federal Contract Tower,0,0,1,2,3,0,0,1,0,1,0,0,2,2,4,0,0,0,4
08/17/2014,PMD,CA,AWP,WE,Federal Contract Tower,0,0,7,0,7,0,0,1,0,1,0,0,8,0,8,0,0,0,8
08/18/2014,PMD,CA,AWP,WE,Federal Contract Tower,0,0,24,8,32,0,0,15,2,17,0,0,39,10,49,23,16,39,88
08/19/2014,PMD,CA,AWP,WE,Federal Contract Tower,0,4,14,27,45,0,0,15,6,21,0,4,29,33,66,10,20,30,96
08/20/2014,PMD,CA,AWP,WE,Federal Contract Tower,6,4,25,17,52,0,0,12,0,12,6,4,37,17,64,4,52,56,120
08/21/2014,PMD,CA,AWP,WE,Federal Contract Tower,0,0,24,31,55,0,0,9,6,15,0,0,33,37,70,0,47,47,117
08/22/2014,PMD,CA,AWP,WE,Federal Contract Tower,4,0,25,18,47,0,0,7,0,7,4,0,32,18,54,0,0,0,54
08/23/2014,PMD,CA,AWP,WE,Federal Contract Tower,4,0,8,0,12,0,0,3,0,3,4,0,11,0,15,2,0,2,17
08/24/2014,PMD,CA,AWP,WE,Federal Contract Tower,0,0,2,0,2,0,0,0,0,0,0,0,2,0,2,0,0,0,2
08/25/2014,PMD,CA,AWP,WE,Federal Contract Tower,0,0,17,10,27,0,0,8,5,13,0,0,25,15,40,0,10,10,50
08/26/2014,PMD,CA,AWP,WE,Federal Contract Tower,0,0,20,6,26,0,0,12,1,13,0,0,32,7,39,0,0,0,39
08/27/2014,PMD,CA,AWP,WE,Federal Contract Tower,0,0,27,22,49,0,0,11,6,17,0,0,38,28,66,12,25,37,103
08/28/2014,PMD,CA,AWP,WE,Federal Contract Tower,0,0,19,21,40,0,0,11,4,15,0,0,30,25,55,0,43,43,98
08/29/2014,PMD,CA,AWP,WE,Federal Contract Tower,0,0,18,0,18,0,0,2,0,2,0,0,20,0,20,0,0,0,20
08/30/2014,PMD,CA,AWP,WE,Federal Contract Tower,0,0,4,0,4,0,0,0,0,0,0,0,4,0,4,0,0,0,4
08/31/2014,PMD,CA,AWP,WE,Federal Contract Tower,0,0,13,0,13,0,0,0,0,0,0,0,13,0,13,0,0,0,13
09/01/2014,PMD,CA,AWP,WE,Federal Contract Tower,0,0,14,0,14,0,0,0,0,0,0,0,14,0,14,0,0,0,14
09/02/2014,PMD,CA,AWP,WE,Federal Contract Tower,0,0,14,14,28,0,0,10,0,10,0,0,24,14,38,0,47,47,85
09/03/2014,PMD,CA,AWP,WE,Federal Contract Tower,0,0,28,59,87,0,0,8,0,8,0,0,36,59,95,0,84,84,179
09/04/2014,PMD,CA,AWP,WE,Federal Contract Tower,0,0,19,47,66,0,0,17,4,21,0,0,36,51,87,37,54,91,178
09/05/2014,PMD,CA,AWP,WE,Federal Contract Tower,0,0,18,35,53,0,0,11,0,11,0,0,29,35,64,28,30,58,122
09/06/2014,PMD,CA,AWP,WE,Federal Contract Tower,0,0,0,16,16,0,0,0,0,0,0,0,0,16,16,0,0,0,16
09/07/2014,PMD,CA,AWP,WE,Federal Contract Tower,0,0,2,4,6,0,0,0,0,0,0,0,2,4,6,0,10,10,16
09/08/2014,PMD,CA,AWP,WE,Federal Contract Tower,0,0,22,0,22,0,0,5,0,5,0,0,27,0,27,2,0,2,29
09/09/2014,PMD,CA,AWP,WE,Federal Contract Tower,0,0,17,52,69,0,0,12,4,16,0,0,29,56,85,0,42,42,127
09/10/2014,PMD,CA,AWP,WE,Federal Contract Tower,4,0,17,45,66,0,0,16,0,16,4,0,33,45,82,0,54,54,136
09/11/2014,PMD,CA,AWP,WE,Federal Contract Tower,0,4,17,20,41,0,0,11,3,14,0,4,28,23,55,11,40,51,106
09/12/2014,PMD,CA,AWP,WE,Federal Contract Tower,0,4,9,18,31,0,0,6,0,6,0,4,15,18,37,0,6,6,43
09/13/2014,PMD,CA,AWP,WE,Federal Contract Tower,0,0,4,6,10,0,0,2,0,2,0,0,6,6,12,2,0,2,14
09/14/2014,PMD,CA,AWP,WE,Federal Contract Tower,0,0,6,0,6,0,0,0,0,0,0,0,6,0,6,0,0,0,6
09/15/2014,PMD,CA,AWP,WE,Federal Contract Tower,0,0,7,10,17,0,0,4,0,4,0,0,11,10,21,0,4,4,25
09/16/2014,PMD,CA,AWP,WE,Federal Contract Tower,0,0,17,5,22,0,0,11,0,11,0,0,28,5,33,10,16,26,59
09/17/2014,PMD,CA,AWP,WE,Federal Contract Tower,0,0,23,20,43,0,0,8,1,9,0,0,31,21,52,0,48,48,100
09/18/2014,PMD,CA,AWP,WE,Federal Contract Tower,0,0,17,26,43,0,0,9,0,9,0,0,26,26,52,0,96,96,148
09/19/2014,PMD,CA,AWP,WE,Federal Contract Tower,6,0,37,2,45,0,0,7,6,13,6,0,44,8,58,3,12,15,73
09/20/2014,PMD,CA,AWP,WE,Federal Contract Tower,0,0,8,0,8,0,0,0,0,0,0,0,8,0,8,0,0,0,8
09/21/2014,PMD,CA,AWP,WE,Federal Contract Tower,0,0,4,0,4,0,0,0,0,0,0,0,4,0,4,0,0,0,4
09/22/2014,PMD,CA,AWP,WE,Federal Contract Tower,0,0,34,8,42,0,0,6,0,6,0,0,40,8,48,4,2,6,54
09/23/2014,PMD,CA,AWP,WE,Federal Contract Tower,0,4,17,22,43,0,0,8,0,8,0,4,25,22,51,13,50,63,114
09/24/2014,PMD,CA,AWP,WE,Federal Contract Tower,0,4,19,12,35,0,0,11,0,11,0,4,30,12,46,4,28,32,78
09/25/2014,PMD,CA,AWP,WE,Federal Contract Tower,0,0,25,21,46,0,0,12,1,13,0,0,37,22,59,0,20,20,79
09/26/2014,PMD,CA,AWP,WE,Federal Contract Tower,0,0,2,14,16,0,0,2,0,2,0,0,4,14,18,0,0,0,18
09/27/2014,PMD,CA,AWP,WE,Federal Contract Tower,0,0,0,0,0,0,0,0,0,0,0,0,0,0,0,0,0,0,0
09/28/2014,PMD,CA,AWP,WE,Federal Contract Tower,0,0,2,0,2,0,0,0,0,0,0,0,2,0,2,0,0,0,2
09/29/2014,PMD,CA,AWP,WE,Federal Contract Tower,0,0,27,4,31,0,0,3,0,3,0,0,30,4,34,0,0,0,34
09/30/2014,PMD,CA,AWP,WE,Federal Contract Tower,0,0,29,38,67,0,0,20,0,20,0,0,49,38,87,13,88,101,188
10/01/2014,PMD,CA,AWP,WE,Federal Contract Tower,0,0,20,14,34,0,0,35,4,39,0,0,55,18,73,6,24,30,103
10/02/2014,PMD,CA,AWP,WE,Federal Contract Tower,0,0,32,40,72,0,0,13,0,13,0,0,45,40,85,0,52,52,137
10/03/2014,PMD,CA,AWP,WE,Federal Contract Tower,0,0,14,23,37,0,0,8,0,8,0,0,22,23,45,0,22,22,67
10/04/2014,PMD,CA,AWP,WE,Federal Contract Tower,0,0,3,4,7,0,0,1,8,9,0,0,4,12,16,0,0,0,16
10/05/2014,PMD,CA,AWP,WE,Federal Contract Tower,0,0,6,0,6,0,0,0,0,0,0,0,6,0,6,4,0,4,10
10/06/2014,PMD,CA,AWP,WE,Federal Contract Tower,0,0,27,6,33,0,0,10,0,10,0,0,37,6,43,39,4,43,86
10/07/2014,PMD,CA,AWP,WE,Federal Contract Tower,0,0,31,18,49,0,0,15,0,15,0,0,46,18,64,0,36,36,100
10/08/2014,PMD,CA,AWP,WE,Federal Contract Tower,0,0,38,30,68,0,0,10,0,10,0,0,48,30,78,25,32,57,135
10/09/2014,PMD,CA,AWP,WE,Federal Contract Tower,0,0,26,46,72,0,0,7,2,9,0,0,33,48,81,0,89,89,170
10/10/2014,PMD,CA,AWP,WE,Federal Contract Tower,0,0,16,11,27,0,0,0,0,0,0,0,16,11,27,2,6,8,35
10/11/2014,PMD,CA,AWP,WE,Federal Contract Tower,0,0,8,0,8,0,0,0,0,0,0,0,8,0,8,0,0,0,8
10/12/2014,PMD,CA,AWP,WE,Federal Contract Tower,0,0,5,0,5,0,0,0,0,0,0,0,5,0,5,0,0,0,5
10/13/2014,PMD,CA,AWP,WE,Federal Contract Tower,0,0,28,0,28,0,0,7,0,7,0,0,35,0,35,0,0,0,35
10/14/2014,PMD,CA,AWP,WE,Federal Contract Tower,0,0,22,30,52,0,0,10,0,10,0,0,32,30,62,0,18,18,80
10/15/2014,PMD,CA,AWP,WE,Federal Contract Tower,0,0,15,8,23,0,0,10,12,22,0,0,25,20,45,0,48,48,93
10/16/2014,PMD,CA,AWP,WE,Federal Contract Tower,0,0,27,25,52,0,0,9,0,9,0,0,36,25,61,4,59,63,124
10/17/2014,PMD,CA,AWP,WE,Federal Contract Tower,0,0,21,15,36,0,0,7,0,7,0,0,28,15,43,0,10,10,53
10/18/2014,PMD,CA,AWP,WE,Federal Contract Tower,0,0,4,0,4,0,0,0,0,0,0,0,4,0,4,0,0,0,4
10/19/2014,PMD,CA,AWP,WE,Federal Contract Tower,2,0,5,8,15,0,0,0,0,0,2,0,5,8,15,0,0,0,15
10/20/2014,PMD,CA,AWP,WE,Federal Contract Tower,0,0,20,12,32,0,0,14,3,17,0,0,34,15,49,0,0,0,49
10/21/2014,PMD,CA,AWP,WE,Federal Contract Tower,0,0,21,25,46,0,0,9,0,9,0,0,30,25,55,4,21,25,80
10/22/2014,PMD,CA,AWP,WE,Federal Contract Tower,0,0,23,15,38,0,0,12,0,12,0,0,35,15,50,22,33,55,105
10/23/2014,PMD,CA,AWP,WE,Federal Contract Tower,0,0,22,21,43,0,0,15,0,15,0,0,37,21,58,2,76,78,136
10/24/2014,PMD,CA,AWP,WE,Federal Contract Tower,0,0,3,4,7,0,0,2,0,2,0,0,5,4,9,0,0,0,9
10/25/2014,PMD,CA,AWP,WE,Federal Contract Tower,2,0,10,0,12,0,0,0,0,0,2,0,10,0,12,0,0,0,12
10/26/2014,PMD,CA,AWP,WE,Federal Contract Tower,0,0,10,0,10,0,0,0,0,0,0,0,10,0,10,0,0,0,10
10/27/2014,PMD,CA,AWP,WE,Federal Contract Tower,0,0,16,14,30,0,0,8,0,8,0,0,24,14,38,1,0,1,39
10/28/2014,PMD,CA,AWP,WE,Federal Contract Tower,0,0,8,26,34,0,0,7,7,14,0,0,15,33,48,0,22,22,70
10/29/2014,PMD,CA,AWP,WE,Federal Contract Tower,0,0,19,30,49,0,0,9,0,9,0,0,28,30,58,4,28,32,90
10/30/2014,PMD,CA,AWP,WE,Federal Contract Tower,0,0,16,55,71,0,0,12,3,15,0,0,28,58,86,0,78,78,164
10/31/2014,PMD,CA,AWP,WE,Federal Contract Tower,0,0,21,3,24,0,0,10,1,11,0,0,31,4,35,0,0,0,35
11/01/2014,PMD,CA,AWP,WE,Federal Contract Tower,0,0,4,4,8,0,0,0,0,0,0,0,4,4,8,0,10,10,18
11/02/2014,PMD,CA,AWP,WE,Federal Contract Tower,0,0,8,10,18,0,0,0,0,0,0,0,8,10,18,0,10,10,28
11/03/2014,PMD,CA,AWP,WE,Federal Contract Tower,0,0,20,5,25,0,0,7,0,7,0,0,27,5,32,0,8,8,40
11/04/2014,PMD,CA,AWP,WE,Federal Contract Tower,0,0,14,19,33,0,0,13,1,14,0,0,27,20,47,2,51,53,100
11/05/2014,PMD,CA,AWP,WE,Federal Contract Tower,0,0,25,17,42,0,0,9,2,11,0,0,34,19,53,0,27,27,80
11/06/2014,PMD,CA,AWP,WE,Federal Contract Tower,0,0,13,27,40,0,0,15,5,20,0,0,28,32,60,0,66,66,126
11/07/2014,PMD,CA,AWP,WE,Federal Contract Tower,0,0,7,0,7,0,0,3,0,3,0,0,10,0,10,0,0,0,10
11/08/2014,PMD,CA,AWP,WE,Federal Contract Tower,0,0,5,0,5,0,0,3,0,3,0,0,8,0,8,0,0,0,8
11/09/2014,PMD,CA,AWP,WE,Federal Contract Tower,0,0,6,0,6,0,0,2,0,2,0,0,8,0,8,0,0,0,8
11/10/2014,PMD,CA,AWP,WE,Federal Contract Tower,0,0,16,24,40,0,0,6,0,6,0,0,22,24,46,2,8,10,56
11/11/2014,PMD,CA,AWP,WE,Federal Contract Tower,4,0,27,0,31,0,0,6,0,6,4,0,33,0,37,2,0,2,39
11/12/2014,PMD,CA,AWP,WE,Federal Contract Tower,0,0,17,26,43,0,0,20,0,20,0,0,37,26,63,2,42,44,107
11/13/2014,PMD,CA,AWP,WE,Federal Contract Tower,0,0,28,51,79,0,0,8,13,21,0,0,36,64,100,2,58,60,160
11/14/2014,PMD,CA,AWP,WE,Federal Contract Tower,0,0,17,22,39,0,0,9,0,9,0,0,26,22,48,0,4,4,52
11/15/2014,PMD,CA,AWP,WE,Federal Contract Tower,0,0,1,0,1,0,0,1,0,1,0,0,2,0,2,0,0,0,2
11/16/2014,PMD,CA,AWP,WE,Federal Contract Tower,0,0,0,8,8,0,0,0,0,0,0,0,0,8,8,0,4,4,12
11/17/2014,PMD,CA,AWP,WE,Federal Contract Tower,0,0,20,25,45,0,0,11,1,12,0,0,31,26,57,8,37,45,102
11/18/2014,PMD,CA,AWP,WE,Federal Contract Tower,0,0,17,31,48,0,0,12,2,14,0,0,29,33,62,4,66,70,132
11/19/2014,PMD,CA,AWP,WE,Federal Contract Tower,0,0,12,73,85,0,0,16,5,21,0,0,28,78,106,23,107,130,236
11/20/2014,PMD,CA,AWP,WE,Federal Contract Tower,0,0,13,60,73,0,0,8,2,10,0,0,21,62,83,23,90,113,196
11/21/2014,PMD,CA,AWP,WE,Federal Contract Tower,0,0,3,0,3,0,0,3,0,3,0,0,6,0,6,0,0,0,6
11/22/2014,PMD,CA,AWP,WE,Federal Contract Tower,0,0,1,0,1,0,0,1,0,1,0,0,2,0,2,0,0,0,2
11/23/2014,PMD,CA,AWP,WE,Federal Contract Tower,2,0,8,0,10,0,0,0,0,0,2,0,8,0,10,0,0,0,10
11/24/2014,PMD,CA,AWP,WE,Federal Contract Tower,0,0,14,9,23,0,0,5,1,6,0,0,19,10,29,0,6,6,35
11/25/2014,PMD,CA,AWP,WE,Federal Contract Tower,0,0,20,30,50,0,0,17,4,21,0,0,37,34,71,28,44,72,143
11/26/2014,PMD,CA,AWP,WE,Federal Contract Tower,0,0,21,26,47,0,0,4,0,4,0,0,25,26,51,2,0,2,53
11/27/2014,PMD,CA,AWP,WE,Federal Contract Tower,0,0,2,0,2,0,0,0,0,0,0,0,2,0,2,0,0,0,2
11/28/2014,PMD,CA,AWP,WE,Federal Contract Tower,0,0,11,0,11,0,0,0,0,0,0,0,11,0,11,0,0,0,11
11/29/2014,PMD,CA,AWP,WE,Federal Contract Tower,0,0,0,0,0,0,0,0,0,0,0,0,0,0,0,0,0,0,0
11/30/2014,PMD,CA,AWP,WE,Federal Contract Tower,0,0,2,0,2,0,0,0,0,0,0,0,2,0,2,0,0,0,2
12/01/2014,PMD,CA,AWP,WE,Federal Contract Tower,0,0,27,6,33,0,0,4,0,4,0,0,31,6,37,22,46,68,105
12/02/2014,PMD,CA,AWP,WE,Federal Contract Tower,0,0,19,20,39,0,0,3,0,3,0,0,22,20,42,0,0,0,42
12/03/2014,PMD,CA,AWP,WE,Federal Contract Tower,0,0,18,38,56,0,0,0,0,0,0,0,18,38,56,0,0,0,56
12/04/2014,PMD,CA,AWP,WE,Federal Contract Tower,0,0,9,67,76,0,0,6,6,12,0,0,15,73,88,10,43,53,141
12/05/2014,PMD,CA,AWP,WE,Federal Contract Tower,0,0,9,14,23,0,0,0,2,2,0,0,9,16,25,0,19,19,44
12/06/2014,PMD,CA,AWP,WE,Federal Contract Tower,0,0,10,2,12,0,0,2,1,3,0,0,12,3,15,0,2,2,17
12/07/2014,PMD,CA,AWP,WE,Federal Contract Tower,0,0,6,4,10,0,0,0,0,0,0,0,6,4,10,0,4,4,14
12/08/2014,PMD,CA,AWP,WE,Federal Contract Tower,0,0,21,34,55,0,0,7,0,7,0,0,28,34,62,0,16,16,78
12/09/2014,PMD,CA,AWP,WE,Federal Contract Tower,0,0,10,32,42,0,0,9,5,14,0,0,19,37,56,0,19,19,75
12/10/2014,PMD,CA,AWP,WE,Federal Contract Tower,0,0,27,27,54,0,0,13,0,13,0,0,40,27,67,0,14,14,81
12/11/2014,PMD,CA,AWP,WE,Federal Contract Tower,0,0,9,51,60,0,0,10,3,13,0,0,19,54,73,0,50,50,123
12/12/2014,PMD,CA,AWP,WE,Federal Contract Tower,0,0,14,0,14,0,0,2,0,2,0,0,16,0,16,0,0,0,16
12/13/2014,PMD,CA,AWP,WE,Federal Contract Tower,0,0,14,2,16,0,0,0,0,0,0,0,14,2,16,0,0,0,16
12/14/2014,PMD,CA,AWP,WE,Federal Contract Tower,0,0,16,0,16,0,0,2,0,2,0,0,18,0,18,0,0,0,18
12/15/2014,PMD,CA,AWP,WE,Federal Contract Tower,0,0,38,38,76,0,0,12,2,14,0,0,50,40,90,15,34,49,139
12/16/2014,PMD,CA,AWP,WE,Federal Contract Tower,0,0,18,53,71,0,0,10,1,11,0,0,28,54,82,4,18,22,104
12/17/2014,PMD,CA,AWP,WE,Federal Contract Tower,0,0,19,26,45,0,0,7,0,7,0,0,26,26,52,10,30,40,92
12/18/2014,PMD,CA,AWP,WE,Federal Contract Tower,0,0,16,51,67,0,0,11,3,14,0,0,27,54,81,0,48,48,129
12/19/2014,PMD,CA,AWP,WE,Federal Contract Tower,4,0,10,31,45,0,0,3,2,5,4,0,13,33,50,9,7,16,66
12/20/2014,PMD,CA,AWP,WE,Federal Contract Tower,0,0,10,0,10,0,0,0,0,0,0,0,10,0,10,0,0,0,10
12/21/2014,PMD,CA,AWP,WE,Federal Contract Tower,0,0,0,0,0,0,0,0,0,0,0,0,0,0,0,0,0,0,0
12/22/2014,PMD,CA,AWP,WE,Federal Contract Tower,0,0,12,4,16,0,0,4,0,4,0,0,16,4,20,0,2,2,22
12/23/2014,PMD,CA,AWP,WE,Federal Contract Tower,0,0,21,4,25,0,0,5,0,5,0,0,26,4,30,0,0,0,30
12/24/2014,PMD,CA,AWP,WE,Federal Contract Tower,0,0,6,0,6,0,0,0,0,0,0,0,6,0,6,0,0,0,6
12/25/2014,PMD,CA,AWP,WE,Federal Contract Tower,0,0,0,0,0,0,0,0,0,0,0,0,0,0,0,0,0,0,0
12/26/2014,PMD,CA,AWP,WE,Federal Contract Tower,0,0,5,0,5,0,0,0,0,0,0,0,5,0,5,0,0,0,5
12/27/2014,PMD,CA,AWP,WE,Federal Contract Tower,0,0,2,0,2,0,0,0,0,0,0,0,2,0,2,0,0,0,2
12/28/2014,PMD,CA,AWP,WE,Federal Contract Tower,0,0,0,0,0,0,0,0,0,0,0,0,0,0,0,0,0,0,0
12/29/2014,PMD,CA,AWP,WE,Federal Contract Tower,0,0,8,20,28,0,0,0,0,0,0,0,8,20,28,0,20,20,48
12/30/2014,PMD,CA,AWP,WE,Federal Contract Tower,0,0,6,6,12,0,0,0,0,0,0,0,6,6,12,0,26,26,38
12/31/2014,PMD,CA,AWP,WE,Federal Contract Tower,0,0,0,6,6,0,0,0,0,0,0,0,0,6,6,0,0,0,6
01/01/2015,PMD,CA,AWP,WE,Federal Contract Tower,0,0,6,0,6,0,0,0,0,0,0,0,6,0,6,0,0,0,6
01/02/2015,PMD,CA,AWP,WE,Federal Contract Tower,0,0,8,0,8,0,0,0,0,0,0,0,8,0,8,0,0,0,8
01/03/2015,PMD,CA,AWP,WE,Federal Contract Tower,0,0,4,0,4,0,0,0,0,0,0,0,4,0,4,0,2,2,6
01/04/2015,PMD,CA,AWP,WE,Federal Contract Tower,0,0,4,0,4,0,0,0,0,0,0,0,4,0,4,0,0,0,4
01/05/2015,PMD,CA,AWP,WE,Federal Contract Tower,0,0,13,2,15,0,0,1,0,1,0,0,14,2,16,16,10,26,42
01/06/2015,PMD,CA,AWP,WE,Federal Contract Tower,0,0,28,12,40,0,0,11,0,11,0,0,39,12,51,4,28,32,83
01/07/2015,PMD,CA,AWP,WE,Federal Contract Tower,0,0,22,35,57,0,0,9,0,9,0,0,31,35,66,33,47,80,146
01/08/2015,PMD,CA,AWP,WE,Federal Contract Tower,0,0,13,36,49,0,0,14,3,17,0,0,27,39,66,25,102,127,193
01/09/2015,PMD,CA,AWP,WE,Federal Contract Tower,0,0,18,16,34,0,0,6,3,9,0,0,24,19,43,0,3,3,46
01/10/2015,PMD,CA,AWP,WE,Federal Contract Tower,0,0,2,6,8,0,0,0,0,0,0,0,2,6,8,0,6,6,14
01/11/2015,PMD,CA,AWP,WE,Federal Contract Tower,0,0,2,2,4,0,0,0,0,0,0,0,2,2,4,0,0,0,4
01/12/2015,PMD,CA,AWP,WE,Federal Contract Tower,0,0,18,34,52,0,0,5,1,6,0,0,23,35,58,0,25,25,83
01/13/2015,PMD,CA,AWP,WE,Federal Contract Tower,0,0,11,40,51,0,0,12,3,15,0,0,23,43,66,0,24,24,90
01/14/2015,PMD,CA,AWP,WE,Federal Contract Tower,0,0,27,34,61,0,0,10,0,10,0,0,37,34,71,0,12,12,83
01/15/2015,PMD,CA,AWP,WE,Federal Contract Tower,0,0,17,45,62,0,0,8,1,9,0,0,25,46,71,0,82,82,153
01/16/2015,PMD,CA,AWP,WE,Federal Contract Tower,0,0,14,19,33,0,0,2,2,4,0,0,16,21,37,0,14,14,51
01/17/2015,PMD,CA,AWP,WE,Federal Contract Tower,4,0,4,4,12,0,0,0,0,0,4,0,4,4,12,0,20,20,32
01/18/2015,PMD,CA,AWP,WE,Federal Contract Tower,0,0,5,0,5,0,0,23,0,23,0,0,28,0,28,0,0,0,28
01/19/2015,PMD,CA,AWP,WE,Federal Contract Tower,0,0,12,2,14,0,0,3,1,4,0,0,15,3,18,0,14,14,32
01/20/2015,PMD,CA,AWP,WE,Federal Contract Tower,0,0,28,24,52,0,0,10,0,10,0,0,38,24,62,2,58,60,122
01/21/2015,PMD,CA,AWP,WE,Federal Contract Tower,0,0,24,66,90,0,0,13,0,13,0,0,37,66,103,2,92,94,197
01/22/2015,PMD,CA,AWP,WE,Federal Contract Tower,0,0,25,14,39,0,0,11,0,11,0,0,36,14,50,6,72,78,128
01/23/2015,PMD,CA,AWP,WE,Federal Contract Tower,0,0,23,22,45,0,0,6,0,6,0,0,29,22,51,8,42,50,101
01/24/2015,PMD,CA,AWP,WE,Federal Contract Tower,0,0,1,0,1,0,0,1,0,1,0,0,2,0,2,0,0,0,2
01/25/2015,PMD,CA,AWP,WE,Federal Contract Tower,0,0,6,0,6,0,0,0,0,0,0,0,6,0,6,0,0,0,6
01/26/2015,PMD,CA,AWP,WE,Federal Contract Tower,0,0,24,13,37,0,0,6,1,7,0,0,30,14,44,0,37,37,81
01/27/2015,PMD,CA,AWP,WE,Federal Contract Tower,0,0,35,16,51,0,0,11,0,11,0,0,46,16,62,4,26,30,92
01/28/2015,PMD,CA,AWP,WE,Federal Contract Tower,0,0,47,26,73,0,0,4,0,4,0,0,51,26,77,0,38,38,115
01/29/2015,PMD,CA,AWP,WE,Federal Contract Tower,4,0,25,22,51,0,0,12,6,18,4,0,37,28,69,0,126,126,195
01/30/2015,PMD,CA,AWP,WE,Federal Contract Tower,0,6,38,16,60,0,0,0,0,0,0,6,38,16,60,0,60,60,120
01/31/2015,PMD,CA,AWP,WE,Federal Contract Tower,0,0,13,0,13,0,0,1,0,1,0,0,14,0,14,0,0,0,14
02/01/2015,PMD,CA,AWP,WE,Federal Contract Tower,0,0,18,0,18,0,0,0,0,0,0,0,18,0,18,0,0,0,18
02/02/2015,PMD,CA,AWP,WE,Federal Contract Tower,0,0,19,26,45,0,0,7,0,7,0,0,26,26,52,0,71,71,123
02/03/2015,PMD,CA,AWP,WE,Federal Contract Tower,0,0,18,20,38,0,0,8,0,8,0,0,26,20,46,23,46,69,115
02/04/2015,PMD,CA,AWP,WE,Federal Contract Tower,0,0,24,44,68,0,0,11,3,14,0,0,35,47,82,0,106,106,188
02/05/2015,PMD,CA,AWP,WE,Federal Contract Tower,0,0,23,40,63,0,0,9,0,9,0,0,32,40,72,0,123,123,195
02/06/2015,PMD,CA,AWP,WE,Federal Contract Tower,0,0,29,16,45,0,0,8,0,8,0,0,37,16,53,2,38,40,93
02/07/2015,PMD,CA,AWP,WE,Federal Contract Tower,0,0,1,2,3,0,0,1,2,3,0,0,2,4,6,0,0,0,6
02/08/2015,PMD,CA,AWP,WE,Federal Contract Tower,0,0,22,10,32,0,0,2,0,2,0,0,24,10,34,0,0,0,34
02/09/2015,PMD,CA,AWP,WE,Federal Contract Tower,0,0,34,18,52,0,0,7,0,7,0,0,41,18,59,3,30,33,92
02/10/2015,PMD,CA,AWP,WE,Federal Contract Tower,0,0,17,9,26,0,0,18,1,19,0,0,35,10,45,0,28,28,73
02/11/2015,PMD,CA,AWP,WE,Federal Contract Tower,0,0,14,28,42,0,0,14,5,19,0,0,28,33,61,0,68,68,129
02/12/2015,PMD,CA,AWP,WE,Federal Contract Tower,0,0,43,24,67,0,0,9,2,11,0,0,52,26,78,10,52,62,140
02/13/2015,PMD,CA,AWP,WE,Federal Contract Tower,0,0,21,8,29,0,0,3,0,3,0,0,24,8,32,0,0,0,32
02/14/2015,PMD,CA,AWP,WE,Federal Contract Tower,0,0,18,4,22,0,0,2,0,2,0,0,20,4,24,0,0,0,24
02/15/2015,PMD,CA,AWP,WE,Federal Contract Tower,0,0,10,0,10,0,0,0,0,0,0,0,10,0,10,0,0,0,10
02/16/2015,PMD,CA,AWP,WE,Federal Contract Tower,0,0,34,0,34,0,0,6,0,6,0,0,40,0,40,0,0,0,40
02/17/2015,PMD,CA,AWP,WE,Federal Contract Tower,0,4,12,35,51,0,0,9,0,9,0,4,21,35,60,0,21,21,81
02/18/2015,PMD,CA,AWP,WE,Federal Contract Tower,0,0,16,12,28,0,0,12,8,20,0,0,28,20,48,19,22,41,89
02/19/2015,PMD,CA,AWP,WE,Federal Contract Tower,6,0,17,32,55,0,0,8,3,11,6,0,25,35,66,0,76,76,142
02/20/2015,PMD,CA,AWP,WE,Federal Contract Tower,0,0,16,6,22,0,0,7,2,9,0,0,23,8,31,0,0,0,31
02/21/2015,PMD,CA,AWP,WE,Federal Contract Tower,0,0,9,1,10,0,0,5,0,5,0,0,14,1,15,0,3,3,18
02/22/2015,PMD,CA,AWP,WE,Federal Contract Tower,0,0,0,0,0,0,0,0,0,0,0,0,0,0,0,0,0,0,0
02/23/2015,PMD,CA,AWP,WE,Federal Contract Tower,0,0,20,8,28,0,0,6,0,6,0,0,26,8,34,0,53,53,87
02/24/2015,PMD,CA,AWP,WE,Federal Contract Tower,0,0,19,12,31,0,0,9,18,27,0,0,28,30,58,0,29,29,87
02/25/2015,PMD,CA,AWP,WE,Federal Contract Tower,0,0,11,10,21,0,0,15,0,15,0,0,26,10,36,2,32,34,70
02/26/2015,PMD,CA,AWP,WE,Federal Contract Tower,0,0,12,26,38,0,0,12,10,22,0,0,24,36,60,6,28,34,94
02/27/2015,PMD,CA,AWP,WE,Federal Contract Tower,0,0,14,6,20,0,0,2,8,10,0,0,16,14,30,0,18,18,48
02/28/2015,PMD,CA,AWP,WE,Federal Contract Tower,0,0,11,6,17,0,0,0,0,0,0,0,11,6,17,0,20,20,37
03/01/2015,PMD,CA,AWP,WE,Federal Contract Tower,0,0,4,4,8,0,0,0,0,0,0,0,4,4,8,0,0,0,8
03/02/2015,PMD,CA,AWP,WE,Federal Contract Tower,0,0,17,24,41,0,0,5,0,5,0,0,22,24,46,5,14,19,65
03/03/2015,PMD,CA,AWP,WE,Federal Contract Tower,0,0,14,23,37,0,0,9,2,11,0,0,23,25,48,0,52,52,100
03/04/2015,PMD,CA,AWP,WE,Federal Contract Tower,0,0,17,16,33,0,0,8,0,8,0,0,25,16,41,0,18,18,59
03/05/2015,PMD,CA,AWP,WE,Federal Contract Tower,0,0,22,48,70,0,0,11,0,11,0,0,33,48,81,12,34,46,127
03/06/2015,PMD,CA,AWP,WE,Federal Contract Tower,0,0,23,26,49,0,0,7,0,7,0,0,30,26,56,2,40,42,98
03/07/2015,PMD,CA,AWP,WE,Federal Contract Tower,0,0,4,0,4,0,0,0,0,0,0,0,4,0,4,0,0,0,4
03/08/2015,PMD,CA,AWP,WE,Federal Contract Tower,0,0,4,6,10,0,0,0,0,0,0,0,4,6,10,0,0,0,10
03/09/2015,PMD,CA,AWP,WE,Federal Contract Tower,0,0,31,32,63,0,0,8,0,8,0,0,39,32,71,0,44,44,115
03/10/2015,PMD,CA,AWP,WE,Federal Contract Tower,0,0,23,24,47,0,0,3,5,8,0,0,26,29,55,0,37,37,92
03/11/2015,PMD,CA,AWP,WE,Federal Contract Tower,0,0,25,36,61,0,0,11,0,11,0,0,36,36,72,10,84,94,166
03/12/2015,PMD,CA,AWP,WE,Federal Contract Tower,0,0,19,32,51,0,0,8,1,9,0,0,27,33,60,0,42,42,102
03/13/2015,PMD,CA,AWP,WE,Federal Contract Tower,0,0,8,20,28,0,0,2,2,4,0,0,10,22,32,0,38,38,70
03/14/2015,PMD,CA,AWP,WE,Federal Contract Tower,0,0,4,0,4,0,0,0,0,0,0,0,4,0,4,0,0,0,4
03/15/2015,PMD,CA,AWP,WE,Federal Contract Tower,0,0,0,0,0,0,0,0,0,0,0,0,0,0,0,0,0,0,0
03/16/2015,PMD,CA,AWP,WE,Federal Contract Tower,0,0,25,15,40,0,0,6,1,7,0,0,31,16,47,0,0,0,47
03/17/2015,PMD,CA,AWP,WE,Federal Contract Tower,0,0,22,10,32,0,0,7,2,9,0,0,29,12,41,0,24,24,65
03/18/2015,PMD,CA,AWP,WE,Federal Contract Tower,0,0,42,24,66,0,0,8,4,12,0,0,50,28,78,24,35,59,137
03/19/2015,PMD,CA,AWP,WE,Federal Contract Tower,0,0,23,44,67,0,0,9,2,11,0,0,32,46,78,0,58,58,136
03/20/2015,PMD,CA,AWP,WE,Federal Contract Tower,0,0,22,2,24,0,0,5,7,12,0,0,27,9,36,8,39,47,83
03/21/2015,PMD,CA,AWP,WE,Federal Contract Tower,0,0,1,1,2,0,0,3,7,10,0,0,4,8,12,0,6,6,18
03/22/2015,PMD,CA,AWP,WE,Federal Contract Tower,0,0,0,0,0,0,0,2,0,2,0,0,2,0,2,6,0,6,8
03/23/2015,PMD,CA,AWP,WE,Federal Contract Tower,2,0,12,33,47,0,0,7,2,9,2,0,19,35,56,0,33,33,89
03/24/2015,PMD,CA,AWP,WE,Federal Contract Tower,0,0,24,46,70,0,0,11,21,32,0,0,35,67,102,6,109,115,217
03/25/2015,PMD,CA,AWP,WE,Federal Contract Tower,0,0,25,28,53,0,0,10,11,21,0,0,35,39,74,0,62,62,136
03/26/2015,PMD,CA,AWP,WE,Federal Contract Tower,0,0,14,28,42,0,0,12,4,16,0,0,26,32,58,8,38,46,104
03/27/2015,PMD,CA,AWP,WE,Federal Contract Tower,0,0,19,6,25,0,0,1,0,1,0,0,20,6,26,0,9,9,35
03/28/2015,PMD,CA,AWP,WE,Federal Contract Tower,0,0,0,0,0,0,0,0,0,0,0,0,0,0,0,0,0,0,0
03/29/2015,PMD,CA,AWP,WE,Federal Contract Tower,0,0,4,0,4,0,0,0,0,0,0,0,4,0,4,0,0,0,4
03/30/2015,PMD,CA,AWP,WE,Federal Contract Tower,0,0,23,4,27,0,0,4,3,7,0,0,27,7,34,0,0,0,34
03/31/2015,PMD,CA,AWP,WE,Federal Contract Tower,0,0,10,29,39,0,0,12,5,17,0,0,22,34,56,14,36,50,106
04/01/2015,PMD,CA,AWP,WE,Federal Contract Tower,0,0,15,24,39,0,0,8,10,18,0,0,23,34,57,0,94,94,151
04/02/2015,PMD,CA,AWP,WE,Federal Contract Tower,0,0,25,28,53,0,0,10,6,16,0,0,35,34,69,0,25,25,94
04/03/2015,PMD,CA,AWP,WE,Federal Contract Tower,0,0,29,22,51,0,0,4,3,7,0,0,33,25,58,0,14,14,72
04/04/2015,PMD,CA,AWP,WE,Federal Contract Tower,0,0,0,0,0,0,0,8,0,8,0,0,8,0,8,0,0,0,8
04/05/2015,PMD,CA,AWP,WE,Federal Contract Tower,0,0,0,0,0,0,0,0,0,0,0,0,0,0,0,0,0,0,0
04/06/2015,PMD,CA,AWP,WE,Federal Contract Tower,0,0,15,4,19,0,0,5,0,5,0,0,20,4,24,0,0,0,24
04/07/2015,PMD,CA,AWP,WE,Federal Contract Tower,0,0,12,24,36,0,0,5,0,5,0,0,17,24,41,0,38,38,79
04/08/2015,PMD,CA,AWP,WE,Federal Contract Tower,0,0,18,17,35,0,0,9,2,11,0,0,27,19,46,0,49,49,95
04/09/2015,PMD,CA,AWP,WE,Federal Contract Tower,0,0,15,9,24,0,0,5,0,5,0,0,20,9,29,0,8,8,37
04/10/2015,PMD,CA,AWP,WE,Federal Contract Tower,0,0,16,6,22,0,0,0,5,5,0,0,16,11,27,0,12,12,39
04/11/2015,PMD,CA,AWP,WE,Federal Contract Tower,0,0,1,2,3,0,0,1,0,1,0,0,2,2,4,0,0,0,4
04/12/2015,PMD,CA,AWP,WE,Federal Contract Tower,0,0,1,0,1,0,0,0,0,0,0,0,1,0,1,0,0,0,1
04/13/2015,PMD,CA,AWP,WE,Federal Contract Tower,0,0,17,14,31,0,0,5,0,5,0,0,22,14,36,0,72,72,108
04/14/2015,PMD,CA,AWP,WE,Federal Contract Tower,0,0,11,12,23,0,0,6,3,9,0,0,17,15,32,0,24,24,56
04/15/2015,PMD,CA,AWP,WE,Federal Contract Tower,0,0,14,37,51,0,0,10,7,17,0,0,24,44,68,0,34,34,102
04/16/2015,PMD,CA,AWP,WE,Federal Contract Tower,0,0,16,33,49,0,0,10,2,12,0,0,26,35,61,10,62,72,133
04/17/2015,PMD,CA,AWP,WE,Federal Contract Tower,0,0,24,23,47,0,0,10,0,10,0,0,34,23,57,1,31,32,89
04/18/2015,PMD,CA,AWP,WE,Federal Contract Tower,0,0,12,0,12,0,0,0,0,0,0,0,12,0,12,0,0,0,12
04/19/2015,PMD,CA,AWP,WE,Federal Contract Tower,0,0,4,2,6,0,0,2,0,2,0,0,6,2,8,0,12,12,20
04/20/2015,PMD,CA,AWP,WE,Federal Contract Tower,0,0,20,21,41,0,0,6,1,7,0,0,26,22,48,0,18,18,66
04/21/2015,PMD,CA,AWP,WE,Federal Contract Tower,0,0,18,51,69,0,0,7,6,13,0,0,25,57,82,2,62,64,146
04/22/2015,PMD,CA,AWP,WE,Federal Contract Tower,0,0,15,28,43,0,0,9,0,9,0,0,24,28,52,0,35,35,87
04/23/2015,PMD,CA,AWP,WE,Federal Contract Tower,0,0,20,20,40,0,0,6,2,8,0,0,26,22,48,6,40,46,94
04/24/2015,PMD,CA,AWP,WE,Federal Contract Tower,0,0,3,0,3,0,0,0,0,0,0,0,3,0,3,0,0,0,3
04/25/2015,PMD,CA,AWP,WE,Federal Contract Tower,0,0,2,0,2,0,0,0,0,0,0,0,2,0,2,0,0,0,2
04/26/2015,PMD,CA,AWP,WE,Federal Contract Tower,0,0,11,0,11,0,0,0,0,0,0,0,11,0,11,0,0,0,11
04/27/2015,PMD,CA,AWP,WE,Federal Contract Tower,0,0,18,1,19,0,0,6,2,8,0,0,24,3,27,2,0,2,29
04/28/2015,PMD,CA,AWP,WE,Federal Contract Tower,0,0,19,32,51,0,0,12,0,12,0,0,31,32,63,0,73,73,136
04/29/2015,PMD,CA,AWP,WE,Federal Contract Tower,0,0,39,23,62,0,0,9,5,14,0,0,48,28,76,0,58,58,134
04/30/2015,PMD,CA,AWP,WE,Federal Contract Tower,0,0,18,23,41,0,0,15,4,19,0,0,33,27,60,0,65,65,125
05/01/2015,PMD,CA,AWP,WE,Federal Contract Tower,0,0,17,12,29,0,0,13,1,14,0,0,30,13,43,3,16,19,62
05/02/2015,PMD,CA,AWP,WE,Federal Contract Tower,0,0,10,0,10,0,0,0,0,0,0,0,10,0,10,0,12,12,22
05/03/2015,PMD,CA,AWP,WE,Federal Contract Tower,0,0,0,0,0,0,0,0,0,0,0,0,0,0,0,0,0,0,0
05/04/2015,PMD,CA,AWP,WE,Federal Contract Tower,0,0,21,10,31,0,0,7,0,7,0,0,28,10,38,2,12,14,52
05/05/2015,PMD,CA,AWP,WE,Federal Contract Tower,0,0,12,14,26,0,0,13,2,15,0,0,25,16,41,12,12,24,65
05/06/2015,PMD,CA,AWP,WE,Federal Contract Tower,0,0,16,4,20,0,0,10,1,11,0,0,26,5,31,0,41,41,72
05/07/2015,PMD,CA,AWP,WE,Federal Contract Tower,0,0,12,17,29,0,0,9,1,10,0,0,21,18,39,0,22,22,61
05/08/2015,PMD,CA,AWP,WE,Federal Contract Tower,0,0,10,17,27,0,0,0,0,0,0,0,10,17,27,0,10,10,37
05/09/2015,PMD,CA,AWP,WE,Federal Contract Tower,0,0,2,1,3,0,0,2,1,3,0,0,4,2,6,0,0,0,6
05/10/2015,PMD,CA,AWP,WE,Federal Contract Tower,0,0,10,6,16,0,0,0,0,0,0,0,10,6,16,0,0,0,16
05/11/2015,PMD,CA,AWP,WE,Federal Contract Tower,0,0,21,9,30,0,0,11,2,13,0,0,32,11,43,15,0,15,58
05/12/2015,PMD,CA,AWP,WE,Federal Contract Tower,0,0,28,28,56,0,0,10,0,10,0,0,38,28,66,4,40,44,110
05/13/2015,PMD,CA,AWP,WE,Federal Contract Tower,0,0,18,13,31,0,0,14,2,16,0,0,32,15,47,0,24,24,71
05/14/2015,PMD,CA,AWP,WE,Federal Contract Tower,0,0,19,16,35,0,0,9,0,9,0,0,28,16,44,12,63,75,119
05/15/2015,PMD,CA,AWP,WE,Federal Contract Tower,0,0,22,9,31,0,0,2,1,3,0,0,24,10,34,14,4,18,52
05/16/2015,PMD,CA,AWP,WE,Federal Contract Tower,0,0,8,0,8,0,0,0,0,0,0,0,8,0,8,0,0,0,8
05/17/2015,PMD,CA,AWP,WE,Federal Contract Tower,0,0,4,4,8,0,0,0,0,0,0,0,4,4,8,0,0,0,8
05/18/2015,PMD,CA,AWP,WE,Federal Contract Tower,0,0,19,25,44,0,0,9,0,9,0,0,28,25,53,4,22,26,79
05/19/2015,PMD,CA,AWP,WE,Federal Contract Tower,0,0,19,40,59,0,0,9,1,10,0,0,28,41,69,0,84,84,153
05/20/2015,PMD,CA,AWP,WE,Federal Contract Tower,4,0,25,43,72,0,0,8,4,12,4,0,33,47,84,2,62,64,148
05/21/2015,PMD,CA,AWP,WE,Federal Contract Tower,0,0,19,35,54,0,0,7,6,13,0,0,26,41,67,10,56,66,133
05/22/2015,PMD,CA,AWP,WE,Federal Contract Tower,0,0,13,0,13,0,0,6,0,6,0,0,19,0,19,0,0,0,19
05/23/2015,PMD,CA,AWP,WE,Federal Contract Tower,0,0,2,0,2,0,0,0,0,0,0,0,2,0,2,0,0,0,2
05/24/2015,PMD,CA,AWP,WE,Federal Contract Tower,0,0,2,0,2,0,0,0,0,0,0,0,2,0,2,0,0,0,2
05/25/2015,PMD,CA,AWP,WE,Federal Contract Tower,0,0,10,0,10,0,0,2,0,2,0,0,12,0,12,0,0,0,12
05/26/2015,PMD,CA,AWP,WE,Federal Contract Tower,0,0,27,32,59,0,0,6,0,6,0,0,33,32,65,0,16,16,81
05/27/2015,PMD,CA,AWP,WE,Federal Contract Tower,0,0,30,58,88,0,0,10,2,12,0,0,40,60,100,4,45,49,149
05/28/2015,PMD,CA,AWP,WE,Federal Contract Tower,0,0,21,22,43,0,0,10,13,23,0,0,31,35,66,0,68,68,134
05/29/2015,PMD,CA,AWP,WE,Federal Contract Tower,0,0,27,8,35,0,0,6,1,7,0,0,33,9,42,0,19,19,61
05/30/2015,PMD,CA,AWP,WE,Federal Contract Tower,0,0,18,0,18,0,0,1,0,1,0,0,19,0,19,0,0,0,19
05/31/2015,PMD,CA,AWP,WE,Federal Contract Tower,0,0,0,0,0,0,0,4,0,4,0,0,4,0,4,0,0,0,4
06/01/2015,PMD,CA,AWP,WE,Federal Contract Tower,0,0,28,4,32,0,0,9,0,9,0,0,37,4,41,0,0,0,41
06/02/2015,PMD,CA,AWP,WE,Federal Contract Tower,0,0,21,53,74,0,0,9,5,14,0,0,30,58,88,0,64,64,152
06/03/2015,PMD,CA,AWP,WE,Federal Contract Tower,0,0,28,33,61,0,0,9,5,14,0,0,37,38,75,0,31,31,106
06/04/2015,PMD,CA,AWP,WE,Federal Contract Tower,0,0,15,28,43,0,0,7,2,9,0,0,22,30,52,0,50,50,102
06/05/2015,PMD,CA,AWP,WE,Federal Contract Tower,0,0,17,17,34,0,0,1,0,1,0,0,18,17,35,0,70,70,105
06/06/2015,PMD,CA,AWP,WE,Federal Contract Tower,4,0,14,6,24,0,0,0,6,6,4,0,14,12,30,0,0,0,30
06/07/2015,PMD,CA,AWP,WE,Federal Contract Tower,0,0,0,0,0,0,0,4,0,4,0,0,4,0,4,0,0,0,4
06/08/2015,PMD,CA,AWP,WE,Federal Contract Tower,0,0,26,41,67,0,0,5,2,7,0,0,31,43,74,0,67,67,141
06/09/2015,PMD,CA,AWP,WE,Federal Contract Tower,0,0,4,35,39,0,0,6,6,12,0,0,10,41,51,4,58,62,113
06/10/2015,PMD,CA,AWP,WE,Federal Contract Tower,0,0,30,34,64,0,0,6,6,12,0,0,36,40,76,0,62,62,138
06/11/2015,PMD,CA,AWP,WE,Federal Contract Tower,0,0,23,21,44,0,0,8,5,13,0,0,31,26,57,0,62,62,119
06/12/2015,PMD,CA,AWP,WE,Federal Contract Tower,0,0,16,24,40,0,0,5,2,7,0,0,21,26,47,0,6,6,53
06/13/2015,PMD,CA,AWP,WE,Federal Contract Tower,0,0,4,0,4,0,0,0,0,0,0,0,4,0,4,0,0,0,4
06/14/2015,PMD,CA,AWP,WE,Federal Contract Tower,0,0,4,0,4,0,0,1,0,1,0,0,5,0,5,0,0,0,5
06/15/2015,PMD,CA,AWP,WE,Federal Contract Tower,0,0,19,17,36,0,0,6,1,7,0,0,25,18,43,0,32,32,75
06/16/2015,PMD,CA,AWP,WE,Federal Contract Tower,0,0,42,32,74,0,0,7,2,9,0,0,49,34,83,0,94,94,177
06/17/2015,PMD,CA,AWP,WE,Federal Contract Tower,0,0,38,34,72,0,0,11,2,13,0,0,49,36,85,0,128,128,213
06/18/2015,PMD,CA,AWP,WE,Federal Contract Tower,0,0,22,27,49,0,0,10,0,10,0,0,32,27,59,0,63,63,122
06/19/2015,PMD,CA,AWP,WE,Federal Contract Tower,0,0,6,3,9,0,0,0,1,1,0,0,6,4,10,0,2,2,12
06/20/2015,PMD,CA,AWP,WE,Federal Contract Tower,0,0,8,0,8,0,0,0,0,0,0,0,8,0,8,0,0,0,8
06/21/2015,PMD,CA,AWP,WE,Federal Contract Tower,0,0,0,0,0,0,0,0,0,0,0,0,0,0,0,0,0,0,0
06/22/2015,PMD,CA,AWP,WE,Federal Contract Tower,0,0,35,0,35,0,0,6,0,6,0,0,41,0,41,9,0,9,50
06/23/2015,PMD,CA,AWP,WE,Federal Contract Tower,6,0,23,15,44,0,0,8,3,11,6,0,31,18,55,0,64,64,119
06/24/2015,PMD,CA,AWP,WE,Federal Contract Tower,10,0,21,23,54,0,0,13,4,17,10,0,34,27,71,14,40,54,125
06/25/2015,PMD,CA,AWP,WE,Federal Contract Tower,0,0,17,25,42,0,0,8,2,10,0,0,25,27,52,0,62,62,114
06/26/2015,PMD,CA,AWP,WE,Federal Contract Tower,0,0,14,14,28,0,0,5,3,8,0,0,19,17,36,0,5,5,41
06/27/2015,PMD,CA,AWP,WE,Federal Contract Tower,0,0,12,0,12,0,0,0,0,0,0,0,12,0,12,0,0,0,12
06/28/2015,PMD,CA,AWP,WE,Federal Contract Tower,0,0,17,0,17,0,0,0,0,0,0,0,17,0,17,0,0,0,17
06/29/2015,PMD,CA,AWP,WE,Federal Contract Tower,0,0,20,9,29,0,0,11,1,12,0,0,31,10,41,0,26,26,67
06/30/2015,PMD,CA,AWP,WE,Federal Contract Tower,0,0,18,45,63,0,0,7,3,10,0,0,25,48,73,20,58,78,151
07/01/2015,PMD,CA,AWP,WE,Federal Contract Tower,0,0,12,34,46,0,0,5,4,9,0,0,17,38,55,8,94,102,157
07/02/2015,PMD,CA,AWP,WE,Federal Contract Tower,0,0,11,17,28,0,0,5,1,6,0,0,16,18,34,0,26,26,60
07/03/2015,PMD,CA,AWP,WE,Federal Contract Tower,0,0,8,0,8,0,0,0,0,0,0,0,8,0,8,0,0,0,8
07/04/2015,PMD,CA,AWP,WE,Federal Contract Tower,0,0,4,0,4,0,0,0,0,0,0,0,4,0,4,0,0,0,4
07/05/2015,PMD,CA,AWP,WE,Federal Contract Tower,0,0,4,0,4,0,0,0,0,0,0,0,4,0,4,0,0,0,4
07/06/2015,PMD,CA,AWP,WE,Federal Contract Tower,0,0,28,14,42,0,0,7,0,7,0,0,35,14,49,0,0,0,49
07/07/2015,PMD,CA,AWP,WE,Federal Contract Tower,0,0,15,36,51,0,0,9,0,9,0,0,24,36,60,0,58,58,118
07/08/2015,PMD,CA,AWP,WE,Federal Contract Tower,0,0,26,61,87,0,0,7,0,7,0,0,33,61,94,0,98,98,192
07/09/2015,PMD,CA,AWP,WE,Federal Contract Tower,0,0,18,68,86,0,0,7,2,9,0,0,25,70,95,0,64,64,159
07/10/2015,PMD,CA,AWP,WE,Federal Contract Tower,0,0,22,8,30,0,0,6,0,6,0,0,28,8,36,22,4,26,62
07/11/2015,PMD,CA,AWP,WE,Federal Contract Tower,0,0,2,2,4,0,0,0,0,0,0,0,2,2,4,0,0,0,4
07/12/2015,PMD,CA,AWP,WE,Federal Contract Tower,0,0,2,0,2,0,0,0,0,0,0,0,2,0,2,0,0,0,2
07/13/2015,PMD,CA,AWP,WE,Federal Contract Tower,0,0,15,41,56,0,0,5,0,5,0,0,20,41,61,0,17,17,78
07/14/2015,PMD,CA,AWP,WE,Federal Contract Tower,0,19,27,0,46,0,0,12,2,14,0,19,39,2,60,8,18,26,86
07/15/2015,PMD,CA,AWP,WE,Federal Contract Tower,0,0,14,22,36,0,0,8,5,13,0,0,22,27,49,0,62,62,111
07/16/2015,PMD,CA,AWP,WE,Federal Contract Tower,0,0,21,18,39,0,0,12,7,19,0,0,33,25,58,0,26,26,84
07/17/2015,PMD,CA,AWP,WE,Federal Contract Tower,0,0,3,10,13,0,0,2,0,2,0,0,5,10,15,0,0,0,15
07/18/2015,PMD,CA,AWP,WE,Federal Contract Tower,0,0,0,0,0,0,0,0,0,0,0,0,0,0,0,0,0,0,0
07/19/2015,PMD,CA,AWP,WE,Federal Contract Tower,0,0,4,0,4,0,0,0,0,0,0,0,4,0,4,0,0,0,4
07/20/2015,PMD,CA,AWP,WE,Federal Contract Tower,0,0,17,23,40,0,0,7,0,7,0,0,24,23,47,3,12,15,62
07/21/2015,PMD,CA,AWP,WE,Federal Contract Tower,0,0,13,13,26,0,0,10,1,11,0,0,23,14,37,3,26,29,66
07/22/2015,PMD,CA,AWP,WE,Federal Contract Tower,0,0,26,27,53,0,0,11,5,16,0,0,37,32,69,4,27,31,100
07/23/2015,PMD,CA,AWP,WE,Federal Contract Tower,0,0,21,37,58,0,0,8,3,11,0,0,29,40,69,0,65,65,134
07/24/2015,PMD,CA,AWP,WE,Federal Contract Tower,0,0,24,38,62,0,0,8,5,13,0,0,32,43,75,9,59,68,143
07/25/2015,PMD,CA,AWP,WE,Federal Contract Tower,0,0,2,0,2,0,0,0,0,0,0,0,2,0,2,0,0,0,2
07/26/2015,PMD,CA,AWP,WE,Federal Contract Tower,0,0,0,2,2,0,0,0,0,0,0,0,0,2,2,0,0,0,2
07/27/2015,PMD,CA,AWP,WE,Federal Contract Tower,0,0,23,18,41,0,0,6,6,12,0,0,29,24,53,0,68,68,121
07/28/2015,PMD,CA,AWP,WE,Federal Contract Tower,0,0,34,18,52,0,0,10,2,12,0,0,44,20,64,0,72,72,136
07/29/2015,PMD,CA,AWP,WE,Federal Contract Tower,0,0,18,20,38,0,0,9,4,13,0,0,27,24,51,14,44,58,109
07/30/2015,PMD,CA,AWP,WE,Federal Contract Tower,0,0,14,4,18,0,0,10,2,12,0,0,24,6,30,16,33,49,79
07/31/2015,PMD,CA,AWP,WE,Federal Contract Tower,0,0,9,14,23,0,0,2,4,6,0,0,11,18,29,0,26,26,55
08/01/2015,PMD,CA,AWP,WE,Federal Contract Tower,0,0,4,2,6,0,0,0,6,6,0,0,4,8,12,0,4,4,16
08/02/2015,PMD,CA,AWP,WE,Federal Contract Tower,0,0,0,0,0,0,0,0,0,0,0,0,0,0,0,0,0,0,0
08/03/2015,PMD,CA,AWP,WE,Federal Contract Tower,0,0,16,5,21,0,0,5,2,7,0,0,21,7,28,10,1,11,39
08/04/2015,PMD,CA,AWP,WE,Federal Contract Tower,0,0,19,20,39,0,0,10,3,13,0,0,29,23,52,5,37,42,94
08/05/2015,PMD,CA,AWP,WE,Federal Contract Tower,0,0,13,4,17,0,0,10,8,18,0,0,23,12,35,0,74,74,109
08/06/2015,PMD,CA,AWP,WE,Federal Contract Tower,0,0,21,59,80,0,0,18,3,21,0,0,39,62,101,16,76,92,193
08/07/2015,PMD,CA,AWP,WE,Federal Contract Tower,0,0,12,3,15,0,0,8,0,8,0,0,20,3,23,0,0,0,23
08/08/2015,PMD,CA,AWP,WE,Federal Contract Tower,0,0,6,5,11,0,0,1,1,2,0,0,7,6,13,0,0,0,13
08/09/2015,PMD,CA,AWP,WE,Federal Contract Tower,0,0,0,2,2,0,0,0,0,0,0,0,0,2,2,0,0,0,2
08/10/2015,PMD,CA,AWP,WE,Federal Contract Tower,0,0,9,38,47,0,0,5,4,9,0,0,14,42,56,0,33,33,89
08/11/2015,PMD,CA,AWP,WE,Federal Contract Tower,0,0,14,35,49,0,0,12,0,12,0,0,26,35,61,0,76,76,137
08/12/2015,PMD,CA,AWP,WE,Federal Contract Tower,0,0,24,40,64,0,0,11,2,13,0,0,35,42,77,0,96,96,173
08/13/2015,PMD,CA,AWP,WE,Federal Contract Tower,0,0,37,33,70,0,0,9,8,17,0,0,46,41,87,8,125,133,220
08/14/2015,PMD,CA,AWP,WE,Federal Contract Tower,0,0,8,10,18,0,0,1,0,1,0,0,9,10,19,0,24,24,43
08/15/2015,PMD,CA,AWP,WE,Federal Contract Tower,0,0,2,0,2,0,0,2,0,2,0,0,4,0,4,0,0,0,4
08/16/2015,PMD,CA,AWP,WE,Federal Contract Tower,0,0,0,0,0,0,0,0,0,0,0,0,0,0,0,0,0,0,0
08/17/2015,PMD,CA,AWP,WE,Federal Contract Tower,0,0,17,40,57,0,0,8,0,8,0,0,25,40,65,0,56,56,121
08/18/2015,PMD,CA,AWP,WE,Federal Contract Tower,0,0,27,19,46,0,0,11,3,14,0,0,38,22,60,0,32,32,92
08/19/2015,PMD,CA,AWP,WE,Federal Contract Tower,0,0,28,15,43,0,0,11,0,11,0,0,39,15,54,0,62,62,116
08/20/2015,PMD,CA,AWP,WE,Federal Contract Tower,0,0,21,17,38,0,0,9,3,12,0,0,30,20,50,10,63,73,123
08/21/2015,PMD,CA,AWP,WE,Federal Contract Tower,0,0,22,8,30,0,0,2,0,2,0,0,24,8,32,0,30,30,62
08/22/2015,PMD,CA,AWP,WE,Federal Contract Tower,0,0,2,0,2,0,0,2,0,2,0,0,4,0,4,0,0,0,4
08/23/2015,PMD,CA,AWP,WE,Federal Contract Tower,0,0,10,0,10,0,0,0,0,0,0,0,10,0,10,0,0,0,10
08/24/2015,PMD,CA,AWP,WE,Federal Contract Tower,0,0,28,12,40,0,0,9,0,9,0,0,37,12,49,0,24,24,73
08/25/2015,PMD,CA,AWP,WE,Federal Contract Tower,0,0,25,7,32,0,0,13,2,15,0,0,38,9,47,0,49,49,96
08/26/2015,PMD,CA,AWP,WE,Federal Contract Tower,0,0,32,30,62,0,0,8,2,10,0,0,40,32,72,0,38,38,110
08/27/2015,PMD,CA,AWP,WE,Federal Contract Tower,0,0,28,14,42,0,0,9,7,16,0,0,37,21,58,0,64,64,122
08/28/2015,PMD,CA,AWP,WE,Federal Contract Tower,0,0,5,6,11,0,0,0,2,2,0,0,5,8,13,0,2,2,15
08/29/2015,PMD,CA,AWP,WE,Federal Contract Tower,0,0,2,0,2,0,0,0,0,0,0,0,2,0,2,0,0,0,2
08/30/2015,PMD,CA,AWP,WE,Federal Contract Tower,0,0,5,0,5,0,0,0,0,0,0,0,5,0,5,0,0,0,5
08/31/2015,PMD,CA,AWP,WE,Federal Contract Tower,0,0,16,14,30,0,0,6,2,8,0,0,22,16,38,0,28,28,66
09/01/2015,PMD,CA,AWP,WE,Federal Contract Tower,0,0,23,18,41,0,0,11,4,15,0,0,34,22,56,0,29,29,85
09/02/2015,PMD,CA,AWP,WE,Federal Contract Tower,0,0,17,10,27,0,0,11,0,11,0,0,28,10,38,10,48,58,96
09/03/2015,PMD,CA,AWP,WE,Federal Contract Tower,0,0,15,19,34,0,0,5,8,13,0,0,20,27,47,0,46,46,93
09/04/2015,PMD,CA,AWP,WE,Federal Contract Tower,0,0,15,0,15,0,0,4,2,6,0,0,19,2,21,0,24,24,45
09/05/2015,PMD,CA,AWP,WE,Federal Contract Tower,0,0,4,0,4,0,0,0,0,0,0,0,4,0,4,0,0,0,4
09/06/2015,PMD,CA,AWP,WE,Federal Contract Tower,0,0,12,0,12,0,0,0,0,0,0,0,12,0,12,0,0,0,12
09/07/2015,PMD,CA,AWP,WE,Federal Contract Tower,0,0,4,0,4,0,0,0,0,0,0,0,4,0,4,0,0,0,4
09/08/2015,PMD,CA,AWP,WE,Federal Contract Tower,0,0,24,4,28,0,0,3,1,4,0,0,27,5,32,0,34,34,66
09/09/2015,PMD,CA,AWP,WE,Federal Contract Tower,0,0,21,25,46,0,0,12,1,13,0,0,33,26,59,0,18,18,77
09/10/2015,PMD,CA,AWP,WE,Federal Contract Tower,4,0,30,28,62,0,0,10,8,18,4,0,40,36,80,0,79,79,159
09/11/2015,PMD,CA,AWP,WE,Federal Contract Tower,0,0,9,10,19,0,0,4,4,8,0,0,13,14,27,0,23,23,50
09/12/2015,PMD,CA,AWP,WE,Federal Contract Tower,0,0,0,0,0,0,0,0,0,0,0,0,0,0,0,0,0,0,0
09/13/2015,PMD,CA,AWP,WE,Federal Contract Tower,0,0,3,0,3,0,0,6,0,6,0,0,9,0,9,0,0,0,9
09/14/2015,PMD,CA,AWP,WE,Federal Contract Tower,0,0,12,0,12,0,0,7,0,7,0,0,19,0,19,0,0,0,19
09/15/2015,PMD,CA,AWP,WE,Federal Contract Tower,0,0,14,14,28,0,0,7,9,16,0,0,21,23,44,0,0,0,44
09/16/2015,PMD,CA,AWP,WE,Federal Contract Tower,0,0,20,34,54,0,0,11,1,12,0,0,31,35,66,2,32,34,100
09/17/2015,PMD,CA,AWP,WE,Federal Contract Tower,0,0,24,5,29,0,0,14,1,15,0,0,38,6,44,0,2,2,46
09/18/2015,PMD,CA,AWP,WE,Federal Contract Tower,0,0,21,10,31,0,0,18,2,20,0,0,39,12,51,0,64,64,115
09/19/2015,PMD,CA,AWP,WE,Federal Contract Tower,0,0,20,0,20,0,0,9,0,9,0,0,29,0,29,0,0,0,29
09/20/2015,PMD,CA,AWP,WE,Federal Contract Tower,0,0,0,2,2,0,0,9,0,9,0,0,9,2,11,0,0,0,11
09/21/2015,PMD,CA,AWP,WE,Federal Contract Tower,0,0,24,2,26,0,0,15,4,19,0,0,39,6,45,4,0,4,49
09/22/2015,PMD,CA,AWP,WE,Federal Contract Tower,0,0,21,8,29,0,0,10,1,11,0,0,31,9,40,0,20,20,60
09/23/2015,PMD,CA,AWP,WE,Federal Contract Tower,0,0,15,12,27,0,0,6,2,8,0,0,21,14,35,0,52,52,87
09/24/2015,PMD,CA,AWP,WE,Federal Contract Tower,0,0,20,0,20,0,0,8,0,8,0,0,28,0,28,0,0,0,28
09/25/2015,PMD,CA,AWP,WE,Federal Contract Tower,0,0,4,10,14,0,0,0,0,0,0,0,4,10,14,0,10,10,24
09/26/2015,PMD,CA,AWP,WE,Federal Contract Tower,0,0,12,2,14,0,0,0,0,0,0,0,12,2,14,0,0,0,14
09/27/2015,PMD,CA,AWP,WE,Federal Contract Tower,0,0,2,0,2,0,0,0,0,0,0,0,2,0,2,0,0,0,2
09/28/2015,PMD,CA,AWP,WE,Federal Contract Tower,0,0,16,40,56,0,0,5,0,5,0,0,21,40,61,0,72,72,133
09/29/2015,PMD,CA,AWP,WE,Federal Contract Tower,0,0,29,32,61,0,0,7,1,8,0,0,36,33,69,26,54,80,149
09/30/2015,PMD,CA,AWP,WE,Federal Contract Tower,0,0,27,0,27,0,0,6,0,6,0,0,33,0,33,0,0,0,33
10/01/2015,PMD,CA,AWP,WE,Federal Contract Tower,0,0,19,19,38,0,0,8,0,8,0,0,27,19,46,0,54,54,100
10/02/2015,PMD,CA,AWP,WE,Federal Contract Tower,0,0,19,28,47,0,0,32,0,32,0,0,51,28,79,0,34,34,113
10/03/2015,PMD,CA,AWP,WE,Federal Contract Tower,0,0,6,6,12,0,0,1,8,9,0,0,7,14,21,0,2,2,23
10/04/2015,PMD,CA,AWP,WE,Federal Contract Tower,0,0,6,0,6,0,0,0,0,0,0,0,6,0,6,0,0,0,6
10/05/2015,PMD,CA,AWP,WE,Federal Contract Tower,0,0,24,4,28,0,0,10,0,10,0,0,34,4,38,0,26,26,64
10/06/2015,PMD,CA,AWP,WE,Federal Contract Tower,0,0,29,18,47,0,0,12,4,16,0,0,41,22,63,2,10,12,75
10/07/2015,PMD,CA,AWP,WE,Federal Contract Tower,0,0,21,22,43,0,0,16,2,18,0,0,37,24,61,4,54,58,119
10/08/2015,PMD,CA,AWP,WE,Federal Contract Tower,0,0,20,18,38,0,0,13,2,15,0,0,33,20,53,0,62,62,115
10/09/2015,PMD,CA,AWP,WE,Federal Contract Tower,0,0,13,31,44,0,0,5,1,6,0,0,18,32,50,12,36,48,98
10/10/2015,PMD,CA,AWP,WE,Federal Contract Tower,0,0,6,0,6,0,0,0,0,0,0,0,6,0,6,0,0,0,6
10/11/2015,PMD,CA,AWP,WE,Federal Contract Tower,0,0,0,0,0,0,0,0,0,0,0,0,0,0,0,0,0,0,0
10/12/2015,PMD,CA,AWP,WE,Federal Contract Tower,0,0,14,0,14,0,0,8,0,8,0,0,22,0,22,0,0,0,22
10/13/2015,PMD,CA,AWP,WE,Federal Contract Tower,0,0,25,9,34,0,0,10,0,10,0,0,35,9,44,0,0,0,44
10/14/2015,PMD,CA,AWP,WE,Federal Contract Tower,0,0,25,51,76,0,0,13,0,13,0,0,38,51,89,22,34,56,145
10/15/2015,PMD,CA,AWP,WE,Federal Contract Tower,0,0,17,21,38,0,0,8,2,10,0,0,25,23,48,0,6,6,54
10/16/2015,PMD,CA,AWP,WE,Federal Contract Tower,0,0,16,3,19,0,0,2,0,2,0,0,18,3,21,0,0,0,21
10/17/2015,PMD,CA,AWP,WE,Federal Contract Tower,0,0,12,0,12,0,0,0,0,0,0,0,12,0,12,0,0,0,12
10/18/2015,PMD,CA,AWP,WE,Federal Contract Tower,0,0,0,6,6,0,0,0,0,0,0,0,0,6,6,0,0,0,6
10/19/2015,PMD,CA,AWP,WE,Federal Contract Tower,0,0,10,33,43,0,0,10,3,13,0,0,20,36,56,0,58,58,114
10/20/2015,PMD,CA,AWP,WE,Federal Contract Tower,0,0,21,10,31,0,0,8,5,13,0,0,29,15,44,0,0,0,44
10/21/2015,PMD,CA,AWP,WE,Federal Contract Tower,0,0,16,20,36,0,0,10,2,12,0,0,26,22,48,0,66,66,114
10/22/2015,PMD,CA,AWP,WE,Federal Contract Tower,0,0,29,33,62,0,0,11,0,11,0,0,40,33,73,0,30,30,103
10/23/2015,PMD,CA,AWP,WE,Federal Contract Tower,0,0,11,12,23,0,0,0,0,0,0,0,11,12,23,0,8,8,31
10/24/2015,PMD,CA,AWP,WE,Federal Contract Tower,0,0,16,0,16,0,0,0,0,0,0,0,16,0,16,0,0,0,16
10/25/2015,PMD,CA,AWP,WE,Federal Contract Tower,0,0,4,0,4,0,0,0,0,0,0,0,4,0,4,0,0,0,4
10/26/2015,PMD,CA,AWP,WE,Federal Contract Tower,0,0,25,15,40,0,0,3,1,4,0,0,28,16,44,4,1,5,49
10/27/2015,PMD,CA,AWP,WE,Federal Contract Tower,0,0,27,31,58,0,0,5,8,13,0,0,32,39,71,0,38,38,109
10/28/2015,PMD,CA,AWP,WE,Federal Contract Tower,0,0,18,22,40,0,0,10,3,13,0,0,28,25,53,0,6,6,59
10/29/2015,PMD,CA,AWP,WE,Federal Contract Tower,0,0,18,10,28,0,0,4,13,17,0,0,22,23,45,2,30,32,77
10/30/2015,PMD,CA,AWP,WE,Federal Contract Tower,0,0,13,10,23,0,0,8,2,10,0,0,21,12,33,0,10,10,43
10/31/2015,PMD,CA,AWP,WE,Federal Contract Tower,0,0,10,0,10,0,0,0,0,0,0,0,10,0,10,0,0,0,10
11/01/2015,PMD,CA,AWP,WE,Federal Contract Tower,0,0,8,0,8,0,0,0,0,0,0,0,8,0,8,0,0,0,8
11/02/2015,PMD,CA,AWP,WE,Federal Contract Tower,0,0,20,7,27,0,0,6,0,6,0,0,26,7,33,0,10,10,43
11/03/2015,PMD,CA,AWP,WE,Federal Contract Tower,0,0,18,21,39,0,0,7,2,9,0,0,25,23,48,0,64,64,112
11/04/2015,PMD,CA,AWP,WE,Federal Contract Tower,0,0,14,17,31,0,0,8,2,10,0,0,22,19,41,14,52,66,107
11/05/2015,PMD,CA,AWP,WE,Federal Contract Tower,0,0,36,17,53,0,0,6,2,8,0,0,42,19,61,10,84,94,155
11/06/2015,PMD,CA,AWP,WE,Federal Contract Tower,0,0,20,8,28,0,0,2,2,4,0,0,22,10,32,0,10,10,42
11/07/2015,PMD,CA,AWP,WE,Federal Contract Tower,0,0,4,5,9,0,0,0,2,2,0,0,4,7,11,0,15,15,26
11/08/2015,PMD,CA,AWP,WE,Federal Contract Tower,0,0,10,0,10,0,0,2,0,2,0,0,12,0,12,0,0,0,12
11/09/2015,PMD,CA,AWP,WE,Federal Contract Tower,0,0,18,32,50,0,0,1,2,3,0,0,19,34,53,10,48,58,111
11/10/2015,PMD,CA,AWP,WE,Federal Contract Tower,0,0,44,9,53,0,0,5,2,7,0,0,49,11,60,52,45,97,157
11/11/2015,PMD,CA,AWP,WE,Federal Contract Tower,4,0,29,0,33,0,0,4,0,4,4,0,33,0,37,4,0,4,41
11/12/2015,PMD,CA,AWP,WE,Federal Contract Tower,0,0,23,56,79,0,0,10,4,14,0,0,33,60,93,0,124,124,217
11/13/2015,PMD,CA,AWP,WE,Federal Contract Tower,0,0,20,6,26,0,0,7,3,10,0,0,27,9,36,0,21,21,57
11/14/2015,PMD,CA,AWP,WE,Federal Contract Tower,0,0,41,1,42,0,0,0,0,0,0,0,41,1,42,0,0,0,42
11/15/2015,PMD,CA,AWP,WE,Federal Contract Tower,0,0,0,0,0,0,0,0,0,0,0,0,0,0,0,0,0,0,0
11/16/2015,PMD,CA,AWP,WE,Federal Contract Tower,0,0,0,16,16,0,0,1,0,1,0,0,1,16,17,0,22,22,39
11/17/2015,PMD,CA,AWP,WE,Federal Contract Tower,0,0,25,38,63,0,0,0,0,0,0,0,25,38,63,0,38,38,101
11/18/2015,PMD,CA,AWP,WE,Federal Contract Tower,0,0,13,57,70,0,0,9,6,15,0,0,22,63,85,0,53,53,138
11/19/2015,PMD,CA,AWP,WE,Federal Contract Tower,0,0,16,12,28,0,0,27,0,27,0,0,43,12,55,0,30,30,85
11/20/2015,PMD,CA,AWP,WE,Federal Contract Tower,0,0,7,14,21,0,0,2,1,3,0,0,9,15,24,0,11,11,35
11/21/2015,PMD,CA,AWP,WE,Federal Contract Tower,0,0,15,0,15,0,0,1,0,1,0,0,16,0,16,0,0,0,16
11/22/2015,PMD,CA,AWP,WE,Federal Contract Tower,0,0,4,0,4,0,0,0,0,0,0,0,4,0,4,0,0,0,4
11/23/2015,PMD,CA,AWP,WE,Federal Contract Tower,0,0,11,8,19,0,0,10,18,28,0,0,21,26,47,0,32,32,79
11/24/2015,PMD,CA,AWP,WE,Federal Contract Tower,0,0,28,20,48,0,0,7,0,7,0,0,35,20,55,19,37,56,111
11/25/2015,PMD,CA,AWP,WE,Federal Contract Tower,0,0,12,30,42,0,0,3,0,3,0,0,15,30,45,0,30,30,75
11/26/2015,PMD,CA,AWP,WE,Federal Contract Tower,0,0,0,0,0,0,0,0,0,0,0,0,0,0,0,0,0,0,0
11/27/2015,PMD,CA,AWP,WE,Federal Contract Tower,0,0,0,0,0,0,0,0,0,0,0,0,0,0,0,0,0,0,0
11/28/2015,PMD,CA,AWP,WE,Federal Contract Tower,0,0,6,0,6,0,0,2,0,2,0,0,8,0,8,2,0,2,10
11/29/2015,PMD,CA,AWP,WE,Federal Contract Tower,0,0,6,0,6,0,0,2,0,2,0,0,8,0,8,0,0,0,8
11/30/2015,PMD,CA,AWP,WE,Federal Contract Tower,0,0,31,0,31,0,0,6,0,6,0,0,37,0,37,0,22,22,59
12/01/2015,PMD,CA,AWP,WE,Federal Contract Tower,0,0,18,33,51,0,0,8,7,15,0,0,26,40,66,0,82,82,148
12/02/2015,PMD,CA,AWP,WE,Federal Contract Tower,0,0,27,34,61,0,0,7,1,8,0,0,34,35,69,0,47,47,116
12/03/2015,PMD,CA,AWP,WE,Federal Contract Tower,0,0,15,22,37,0,0,8,1,9,0,0,23,23,46,0,26,26,72
12/04/2015,PMD,CA,AWP,WE,Federal Contract Tower,0,0,7,14,21,0,0,0,0,0,0,0,7,14,21,0,2,2,23
12/05/2015,PMD,CA,AWP,WE,Federal Contract Tower,0,0,10,4,14,0,0,0,0,0,0,0,10,4,14,0,4,4,18
12/06/2015,PMD,CA,AWP,WE,Federal Contract Tower,0,0,0,2,2,0,0,0,0,0,0,0,0,2,2,0,0,0,2
12/07/2015,PMD,CA,AWP,WE,Federal Contract Tower,0,0,16,35,51,0,0,6,0,6,0,0,22,35,57,14,38,52,109
12/08/2015,PMD,CA,AWP,WE,Federal Contract Tower,0,0,10,18,28,0,0,14,0,14,0,0,24,18,42,16,46,62,104
12/09/2015,PMD,CA,AWP,WE,Federal Contract Tower,0,0,22,34,56,0,0,6,4,10,0,0,28,38,66,21,56,77,143
12/10/2015,PMD,CA,AWP,WE,Federal Contract Tower,0,0,22,20,42,0,0,8,5,13,0,0,30,25,55,0,56,56,111
12/11/2015,PMD,CA,AWP,WE,Federal Contract Tower,0,0,17,4,21,0,0,3,0,3,0,0,20,4,24,2,80,82,106
12/12/2015,PMD,CA,AWP,WE,Federal Contract Tower,0,0,2,4,6,0,0,0,0,0,0,0,2,4,6,0,0,0,6
12/13/2015,PMD,CA,AWP,WE,Federal Contract Tower,0,0,6,0,6,0,0,2,0,2,0,0,8,0,8,0,0,0,8
12/14/2015,PMD,CA,AWP,WE,Federal Contract Tower,0,0,13,0,13,0,0,5,2,7,0,0,18,2,20,0,10,10,30
12/15/2015,PMD,CA,AWP,WE,Federal Contract Tower,0,0,30,8,38,0,0,9,3,12,0,0,39,11,50,0,16,16,66
12/16/2015,PMD,CA,AWP,WE,Federal Contract Tower,0,0,11,19,30,0,0,7,5,12,0,0,18,24,42,0,52,52,94
12/17/2015,PMD,CA,AWP,WE,Federal Contract Tower,0,0,11,40,51,0,0,3,8,11,0,0,14,48,62,0,42,42,104
12/18/2015,PMD,CA,AWP,WE,Federal Contract Tower,0,0,16,8,24,0,0,5,0,5,0,0,21,8,29,0,20,20,49
12/19/2015,PMD,CA,AWP,WE,Federal Contract Tower,0,0,5,0,5,0,0,0,0,0,0,0,5,0,5,0,0,0,5
12/20/2015,PMD,CA,AWP,WE,Federal Contract Tower,0,0,2,0,2,0,0,0,0,0,0,0,2,0,2,0,0,0,2
12/21/2015,PMD,CA,AWP,WE,Federal Contract Tower,0,0,10,12,22,0,0,4,3,7,0,0,14,15,29,0,16,16,45
12/22/2015,PMD,CA,AWP,WE,Federal Contract Tower,0,0,9,0,9,0,0,1,0,1,0,0,10,0,10,0,0,0,10
12/23/2015,PMD,CA,AWP,WE,Federal Contract Tower,0,0,1,6,7,0,0,1,1,2,0,0,2,7,9,0,14,14,23
12/24/2015,PMD,CA,AWP,WE,Federal Contract Tower,0,0,5,0,5,0,0,0,0,0,0,0,5,0,5,0,0,0,5
12/25/2015,PMD,CA,AWP,WE,Federal Contract Tower,0,0,0,0,0,0,0,0,0,0,0,0,0,0,0,0,0,0,0
12/26/2015,PMD,CA,AWP,WE,Federal Contract Tower,0,0,0,0,0,0,0,0,0,0,0,0,0,0,0,0,0,0,0
12/27/2015,PMD,CA,AWP,WE,Federal Contract Tower,0,0,0,0,0,0,0,0,0,0,0,0,0,0,0,0,0,0,0
12/28/2015,PMD,CA,AWP,WE,Federal Contract Tower,0,0,10,6,16,0,0,0,0,0,0,0,10,6,16,4,0,4,20
12/29/2015,PMD,CA,AWP,WE,Federal Contract Tower,0,0,4,14,18,0,0,0,0,0,0,0,4,14,18,0,0,0,18
12/30/2015,PMD,CA,AWP,WE,Federal Contract Tower,0,0,10,4,14,0,0,0,0,0,0,0,10,4,14,0,6,6,20
12/31/2015,PMD,CA,AWP,WE,Federal Contract Tower,0,0,6,0,6,0,0,0,0,0,0,0,6,0,6,0,0,0,6
01/01/2016,PMD,CA,AWP,WE,Federal Contract Tower,0,0,4,0,4,0,0,0,0,0,0,0,4,0,4,0,0,0,4
01/02/2016,PMD,CA,AWP,WE,Federal Contract Tower,0,0,0,0,0,0,0,0,0,0,0,0,0,0,0,0,0,0,0
01/03/2016,PMD,CA,AWP,WE,Federal Contract Tower,0,0,0,0,0,0,0,0,0,0,0,0,0,0,0,0,0,0,0
01/04/2016,PMD,CA,AWP,WE,Federal Contract Tower,0,0,11,0,11,0,0,2,0,2,0,0,13,0,13,0,0,0,13
01/05/2016,PMD,CA,AWP,WE,Federal Contract Tower,0,0,18,0,18,0,0,1,0,1,0,0,19,0,19,0,16,16,35
01/06/2016,PMD,CA,AWP,WE,Federal Contract Tower,0,0,16,6,22,0,0,3,0,3,0,0,19,6,25,0,28,28,53
01/07/2016,PMD,CA,AWP,WE,Federal Contract Tower,0,0,22,16,38,0,0,3,2,5,0,0,25,18,43,0,18,18,61
01/08/2016,PMD,CA,AWP,WE,Federal Contract Tower,0,0,23,19,42,0,0,0,2,2,0,0,23,21,44,0,0,0,44
01/09/2016,PMD,CA,AWP,WE,Federal Contract Tower,0,0,4,0,4,0,0,4,0,4,0,0,8,0,8,0,0,0,8
01/10/2016,PMD,CA,AWP,WE,Federal Contract Tower,0,0,0,0,0,0,0,0,1,1,0,0,0,1,1,0,0,0,1
01/11/2016,PMD,CA,AWP,WE,Federal Contract Tower,0,0,26,16,42,0,0,2,0,2,0,0,28,16,44,14,18,32,76
01/12/2016,PMD,CA,AWP,WE,Federal Contract Tower,0,0,19,13,32,0,0,7,1,8,0,0,26,14,40,0,97,97,137
01/13/2016,PMD,CA,AWP,WE,Federal Contract Tower,0,0,14,41,55,0,0,4,0,4,0,0,18,41,59,10,69,79,138
01/14/2016,PMD,CA,AWP,WE,Federal Contract Tower,0,0,33,48,81,0,0,10,3,13,0,0,43,51,94,18,72,90,184
01/15/2016,PMD,CA,AWP,WE,Federal Contract Tower,0,0,6,5,11,0,0,0,0,0,0,0,6,5,11,0,4,4,15
01/16/2016,PMD,CA,AWP,WE,Federal Contract Tower,0,0,4,0,4,0,0,0,0,0,0,0,4,0,4,0,0,0,4
01/17/2016,PMD,CA,AWP,WE,Federal Contract Tower,0,0,2,0,2,0,0,0,0,0,0,0,2,0,2,0,0,0,2
01/18/2016,PMD,CA,AWP,WE,Federal Contract Tower,0,0,13,0,13,0,0,3,0,3,0,0,16,0,16,0,0,0,16
01/19/2016,PMD,CA,AWP,WE,Federal Contract Tower,0,0,23,32,55,0,0,4,0,4,0,0,27,32,59,0,42,42,101
01/20/2016,PMD,CA,AWP,WE,Federal Contract Tower,0,0,29,46,75,0,0,7,0,7,0,0,36,46,82,4,74,78,160
01/21/2016,PMD,CA,AWP,WE,Federal Contract Tower,0,0,46,21,67,0,0,12,2,14,0,0,58,23,81,18,58,76,157
01/22/2016,PMD,CA,AWP,WE,Federal Contract Tower,0,0,31,14,45,0,0,10,0,10,0,0,41,14,55,0,44,44,99
01/23/2016,PMD,CA,AWP,WE,Federal Contract Tower,0,0,4,5,9,0,0,0,0,0,0,0,4,5,9,0,4,4,13
01/24/2016,PMD,CA,AWP,WE,Federal Contract Tower,0,0,18,0,18,0,0,0,0,0,0,0,18,0,18,0,0,0,18
01/25/2016,PMD,CA,AWP,WE,Federal Contract Tower,0,0,17,8,25,0,0,6,2,8,0,0,23,10,33,0,22,22,55
01/26/2016,PMD,CA,AWP,WE,Federal Contract Tower,0,0,46,28,74,0,0,9,2,11,0,0,55,30,85,22,126,148,233
01/27/2016,PMD,CA,AWP,WE,Federal Contract Tower,0,0,27,41,68,0,0,11,0,11,0,0,38,41,79,0,116,116,195
01/28/2016,PMD,CA,AWP,WE,Federal Contract Tower,0,0,30,31,61,0,0,11,0,11,0,0,41,31,72,0,66,66,138
01/29/2016,PMD,CA,AWP,WE,Federal Contract Tower,0,0,23,10,33,0,0,23,10,33,0,0,46,20,66,0,6,6,72
01/30/2016,PMD,CA,AWP,WE,Federal Contract Tower,0,0,2,0,2,0,0,0,0,0,0,0,2,0,2,0,0,0,2
01/31/2016,PMD,CA,AWP,WE,Federal Contract Tower,0,0,1,0,1,0,0,0,0,0,0,0,1,0,1,0,0,0,1
02/01/2016,PMD,CA,AWP,WE,Federal Contract Tower,0,0,5,6,11,0,0,5,0,5,0,0,10,6,16,0,0,0,16
02/02/2016,PMD,CA,AWP,WE,Federal Contract Tower,0,0,13,16,29,0,0,11,0,11,0,0,24,16,40,0,56,56,96
02/03/2016,PMD,CA,AWP,WE,Federal Contract Tower,0,0,20,42,62,0,0,5,0,5,0,0,25,42,67,0,90,90,157
02/04/2016,PMD,CA,AWP,WE,Federal Contract Tower,0,0,17,26,43,0,0,11,0,11,0,0,28,26,54,7,82,89,143
02/05/2016,PMD,CA,AWP,WE,Federal Contract Tower,0,0,22,5,27,0,0,3,21,24,0,0,25,26,51,17,30,47,98
02/06/2016,PMD,CA,AWP,WE,Federal Contract Tower,0,0,7,2,9,0,0,0,0,0,0,0,7,2,9,0,0,0,9
02/07/2016,PMD,CA,AWP,WE,Federal Contract Tower,0,0,2,0,2,0,0,0,0,0,0,0,2,0,2,0,0,0,2
02/08/2016,PMD,CA,AWP,WE,Federal Contract Tower,0,0,15,10,25,0,0,0,0,0,0,0,15,10,25,30,68,98,123
02/09/2016,PMD,CA,AWP,WE,Federal Contract Tower,0,0,36,46,82,0,0,9,0,9,0,0,45,46,91,11,136,147,238
02/10/2016,PMD,CA,AWP,WE,Federal Contract Tower,0,0,45,29,74,0,0,5,0,5,0,0,50,29,79,20,86,106,185
02/11/2016,PMD,CA,AWP,WE,Federal Contract Tower,0,0,20,26,46,0,1,7,0,8,0,1,27,26,54,0,70,70,124
02/12/2016,PMD,CA,AWP,WE,Federal Contract Tower,0,0,34,4,38,0,0,0,0,0,0,0,34,4,38,0,46,46,84
02/13/2016,PMD,CA,AWP,WE,Federal Contract Tower,0,0,10,0,10,0,0,0,0,0,0,0,10,0,10,0,0,0,10
02/14/2016,PMD,CA,AWP,WE,Federal Contract Tower,0,0,8,0,8,0,0,0,0,0,0,0,8,0,8,0,0,0,8
02/15/2016,PMD,CA,AWP,WE,Federal Contract Tower,0,0,19,0,19,0,0,5,0,5,0,0,24,0,24,0,0,0,24
02/16/2016,PMD,CA,AWP,WE,Federal Contract Tower,0,0,28,12,40,0,0,5,2,7,0,0,33,14,47,3,62,65,112
02/17/2016,PMD,CA,AWP,WE,Federal Contract Tower,0,0,23,35,58,0,0,9,2,11,0,0,32,37,69,2,65,67,136
02/18/2016,PMD,CA,AWP,WE,Federal Contract Tower,0,0,18,26,44,0,0,5,0,5,0,0,23,26,49,0,108,108,157
02/19/2016,PMD,CA,AWP,WE,Federal Contract Tower,0,0,23,2,25,0,0,3,2,5,0,0,26,4,30,10,0,10,40
02/20/2016,PMD,CA,AWP,WE,Federal Contract Tower,0,0,11,0,11,0,0,0,0,0,0,0,11,0,11,0,0,0,11
02/21/2016,PMD,CA,AWP,WE,Federal Contract Tower,0,0,10,0,10,0,0,0,0,0,0,0,10,0,10,0,0,0,10
02/22/2016,PMD,CA,AWP,WE,Federal Contract Tower,0,0,20,8,28,0,0,8,1,9,0,0,28,9,37,6,26,32,69
02/23/2016,PMD,CA,AWP,WE,Federal Contract Tower,0,0,36,23,59,0,0,10,2,12,0,0,46,25,71,0,44,44,115
02/24/2016,PMD,CA,AWP,WE,Federal Contract Tower,0,0,28,46,74,0,0,10,2,12,0,0,38,48,86,0,132,132,218
02/25/2016,PMD,CA,AWP,WE,Federal Contract Tower,0,0,14,41,55,0,0,5,6,11,0,0,19,47,66,0,130,130,196
02/26/2016,PMD,CA,AWP,WE,Federal Contract Tower,0,0,17,17,34,0,0,0,0,0,0,0,17,17,34,12,30,42,76
02/27/2016,PMD,CA,AWP,WE,Federal Contract Tower,0,0,9,2,11,0,0,0,0,0,0,0,9,2,11,0,20,20,31
02/28/2016,PMD,CA,AWP,WE,Federal Contract Tower,0,0,1,2,3,0,0,0,0,0,0,0,1,2,3,0,10,10,13
02/29/2016,PMD,CA,AWP,WE,Federal Contract Tower,0,0,18,16,34,0,0,5,1,6,0,0,23,17,40,0,46,46,86
03/01/2016,PMD,CA,AWP,WE,Federal Contract Tower,0,0,15,9,24,0,0,10,1,11,0,0,25,10,35,2,24,26,61
03/02/2016,PMD,CA,AWP,WE,Federal Contract Tower,0,0,15,9,24,0,0,12,1,13,0,0,27,10,37,0,37,37,74
03/03/2016,PMD,CA,AWP,WE,Federal Contract Tower,0,0,19,15,34,0,0,9,4,13,0,0,28,19,47,0,10,10,57
03/04/2016,PMD,CA,AWP,WE,Federal Contract Tower,0,0,25,0,25,0,0,5,0,5,0,0,30,0,30,0,22,22,52
03/05/2016,PMD,CA,AWP,WE,Federal Contract Tower,0,0,0,0,0,0,0,0,0,0,0,0,0,0,0,0,0,0,0
03/06/2016,PMD,CA,AWP,WE,Federal Contract Tower,0,0,0,0,0,0,0,0,0,0,0,0,0,0,0,0,0,0,0
03/07/2016,PMD,CA,AWP,WE,Federal Contract Tower,0,0,20,0,20,0,0,0,0,0,0,0,20,0,20,0,0,0,20
03/08/2016,PMD,CA,AWP,WE,Federal Contract Tower,0,0,16,8,24,0,0,6,0,6,0,0,22,8,30,0,19,19,49
03/09/2016,PMD,CA,AWP,WE,Federal Contract Tower,0,0,16,4,20,0,0,12,2,14,0,0,28,6,34,0,65,65,99
03/10/2016,PMD,CA,AWP,WE,Federal Contract Tower,0,0,14,4,18,0,0,12,2,14,0,0,26,6,32,18,28,46,78
03/11/2016,PMD,CA,AWP,WE,Federal Contract Tower,0,0,6,0,6,0,0,0,0,0,0,0,6,0,6,0,0,0,6
03/12/2016,PMD,CA,AWP,WE,Federal Contract Tower,0,0,2,0,2,0,0,0,0,0,0,0,2,0,2,0,0,0,2
03/13/2016,PMD,CA,AWP,WE,Federal Contract Tower,0,0,2,2,4,0,0,1,0,1,0,0,3,2,5,0,0,0,5
03/14/2016,PMD,CA,AWP,WE,Federal Contract Tower,0,0,18,0,18,0,0,6,0,6,0,0,24,0,24,0,16,16,40
03/15/2016,PMD,CA,AWP,WE,Federal Contract Tower,0,0,10,6,16,0,0,8,3,11,0,0,18,9,27,0,42,42,69
03/16/2016,PMD,CA,AWP,WE,Federal Contract Tower,0,0,12,8,20,0,0,6,1,7,0,0,18,9,27,0,12,12,39
03/17/2016,PMD,CA,AWP,WE,Federal Contract Tower,0,0,13,6,19,0,0,11,3,14,0,0,24,9,33,0,14,14,47
03/18/2016,PMD,CA,AWP,WE,Federal Contract Tower,0,0,16,2,18,0,0,6,0,6,0,0,22,2,24,0,0,0,24
03/19/2016,PMD,CA,AWP,WE,Federal Contract Tower,0,0,1,0,1,0,0,3,0,3,0,0,4,0,4,6,0,6,10
03/20/2016,PMD,CA,AWP,WE,Federal Contract Tower,0,0,2,0,2,0,0,2,4,6,0,0,4,4,8,4,0,4,12
03/21/2016,PMD,CA,AWP,WE,Federal Contract Tower,0,0,15,2,17,0,0,4,1,5,0,0,19,3,22,0,22,22,44
03/22/2016,PMD,CA,AWP,WE,Federal Contract Tower,0,0,8,8,16,0,0,6,0,6,0,0,14,8,22,0,18,18,40
03/23/2016,PMD,CA,AWP,WE,Federal Contract Tower,0,0,15,18,33,0,0,13,8,21,0,0,28,26,54,12,83,95,149
03/24/2016,PMD,CA,AWP,WE,Federal Contract Tower,0,0,22,10,32,0,0,7,10,17,0,0,29,20,49,0,22,22,71
03/25/2016,PMD,CA,AWP,WE,Federal Contract Tower,0,0,10,0,10,0,0,0,0,0,0,0,10,0,10,0,0,0,10
03/26/2016,PMD,CA,AWP,WE,Federal Contract Tower,0,0,8,0,8,0,0,2,0,2,0,0,10,0,10,4,0,4,14
03/27/2016,PMD,CA,AWP,WE,Federal Contract Tower,0,0,0,0,0,0,0,0,0,0,0,0,0,0,0,0,0,0,0
03/28/2016,PMD,CA,AWP,WE,Federal Contract Tower,0,0,15,23,38,0,0,4,0,4,0,0,19,23,42,0,18,18,60
03/29/2016,PMD,CA,AWP,WE,Federal Contract Tower,0,0,22,28,50,0,0,6,0,6,0,0,28,28,56,0,86,86,142
03/30/2016,PMD,CA,AWP,WE,Federal Contract Tower,6,0,17,46,69,0,0,5,2,7,6,0,22,48,76,0,102,102,178
03/31/2016,PMD,CA,AWP,WE,Federal Contract Tower,0,0,36,30,66,0,0,8,5,13,0,0,44,35,79,10,94,104,183
04/01/2016,PMD,CA,AWP,WE,Federal Contract Tower,0,0,20,26,46,0,0,7,0,7,0,0,27,26,53,0,70,70,123
04/02/2016,PMD,CA,AWP,WE,Federal Contract Tower,0,0,13,6,19,0,0,0,0,0,0,0,13,6,19,0,6,6,25
04/03/2016,PMD,CA,AWP,WE,Federal Contract Tower,0,0,8,0,8,0,0,0,0,0,0,0,8,0,8,0,0,0,8
04/04/2016,PMD,CA,AWP,WE,Federal Contract Tower,0,0,26,16,42,0,0,12,0,12,0,0,38,16,54,4,24,28,82
04/05/2016,PMD,CA,AWP,WE,Federal Contract Tower,0,0,21,9,30,0,0,12,2,14,0,0,33,11,44,8,20,28,72
04/06/2016,PMD,CA,AWP,WE,Federal Contract Tower,0,0,22,27,49,0,0,9,4,13,0,0,31,31,62,0,40,40,102
04/07/2016,PMD,CA,AWP,WE,Federal Contract Tower,0,0,13,21,34,0,0,12,2,14,0,0,25,23,48,0,16,16,64
04/08/2016,PMD,CA,AWP,WE,Federal Contract Tower,0,0,14,2,16,0,0,4,0,4,0,0,18,2,20,0,0,0,20
04/09/2016,PMD,CA,AWP,WE,Federal Contract Tower,0,0,6,0,6,0,0,0,0,0,0,0,6,0,6,0,0,0,6
04/10/2016,PMD,CA,AWP,WE,Federal Contract Tower,0,0,4,0,4,0,0,0,0,0,0,0,4,0,4,0,0,0,4
04/11/2016,PMD,CA,AWP,WE,Federal Contract Tower,0,0,22,20,42,0,0,0,0,0,0,0,22,20,42,0,16,16,58
04/12/2016,PMD,CA,AWP,WE,Federal Contract Tower,0,0,13,22,35,0,0,6,2,8,0,0,19,24,43,46,108,154,197
04/13/2016,PMD,CA,AWP,WE,Federal Contract Tower,0,0,22,17,39,0,0,12,2,14,0,0,34,19,53,2,80,82,135
04/14/2016,PMD,CA,AWP,WE,Federal Contract Tower,0,0,12,25,37,0,0,10,0,10,0,0,22,25,47,0,42,42,89
04/15/2016,PMD,CA,AWP,WE,Federal Contract Tower,0,0,17,26,43,0,0,4,2,6,0,0,21,28,49,23,48,71,120
04/16/2016,PMD,CA,AWP,WE,Federal Contract Tower,0,0,23,0,23,0,0,1,0,1,0,0,24,0,24,0,0,0,24
04/17/2016,PMD,CA,AWP,WE,Federal Contract Tower,0,0,12,0,12,0,0,2,0,2,0,0,14,0,14,0,0,0,14
04/18/2016,PMD,CA,AWP,WE,Federal Contract Tower,0,0,34,7,41,0,0,10,0,10,0,0,44,7,51,14,30,44,95
04/19/2016,PMD,CA,AWP,WE,Federal Contract Tower,0,0,21,12,33,0,0,7,0,7,0,0,28,12,40,32,0,32,72
04/20/2016,PMD,CA,AWP,WE,Federal Contract Tower,0,0,16,23,39,0,0,9,4,13,0,0,25,27,52,0,108,108,160
04/21/2016,PMD,CA,AWP,WE,Federal Contract Tower,0,0,13,8,21,0,0,7,2,9,0,0,20,10,30,14,18,32,62
04/22/2016,PMD,CA,AWP,WE,Federal Contract Tower,0,0,17,32,49,0,0,0,3,3,0,0,17,35,52,0,32,32,84
04/23/2016,PMD,CA,AWP,WE,Federal Contract Tower,0,0,2,1,3,0,0,0,1,1,0,0,2,2,4,0,6,6,10
04/24/2016,PMD,CA,AWP,WE,Federal Contract Tower,0,0,0,0,0,0,0,2,0,2,0,0,2,0,2,0,0,0,2
04/25/2016,PMD,CA,AWP,WE,Federal Contract Tower,0,0,13,10,23,0,0,4,0,4,0,0,17,10,27,0,0,0,27
04/26/2016,PMD,CA,AWP,WE,Federal Contract Tower,0,0,19,23,42,0,0,7,1,8,0,0,26,24,50,8,52,60,110
04/27/2016,PMD,CA,AWP,WE,Federal Contract Tower,0,0,14,11,25,0,0,3,4,7,0,0,17,15,32,0,0,0,32
04/28/2016,PMD,CA,AWP,WE,Federal Contract Tower,0,0,29,15,44,0,0,5,1,6,0,0,34,16,50,10,100,110,160
04/29/2016,PMD,CA,AWP,WE,Federal Contract Tower,0,0,23,14,37,0,0,6,0,6,0,0,29,14,43,0,40,40,83
04/30/2016,PMD,CA,AWP,WE,Federal Contract Tower,0,0,6,0,6,0,0,0,0,0,0,0,6,0,6,0,0,0,6
05/01/2016,PMD,CA,AWP,WE,Federal Contract Tower,0,0,0,0,0,0,0,0,0,0,0,0,0,0,0,0,0,0,0
05/02/2016,PMD,CA,AWP,WE,Federal Contract Tower,0,0,18,16,34,0,0,9,2,11,0,0,27,18,45,0,67,67,112
05/03/2016,PMD,CA,AWP,WE,Federal Contract Tower,0,0,15,41,56,0,0,6,4,10,0,0,21,45,66,0,108,108,174
05/04/2016,PMD,CA,AWP,WE,Federal Contract Tower,0,0,21,31,52,0,0,8,3,11,0,0,29,34,63,0,68,68,131
05/05/2016,PMD,CA,AWP,WE,Federal Contract Tower,0,0,16,32,48,0,0,5,4,9,0,0,21,36,57,0,36,36,93
05/06/2016,PMD,CA,AWP,WE,Federal Contract Tower,0,0,7,14,21,0,0,0,0,0,0,0,7,14,21,0,8,8,29
05/07/2016,PMD,CA,AWP,WE,Federal Contract Tower,0,0,0,0,0,0,0,0,0,0,0,0,0,0,0,0,0,0,0
05/08/2016,PMD,CA,AWP,WE,Federal Contract Tower,0,0,8,0,8,0,0,0,0,0,0,0,8,0,8,0,0,0,8
05/09/2016,PMD,CA,AWP,WE,Federal Contract Tower,0,0,22,11,33,0,0,6,1,7,0,0,28,12,40,0,0,0,40
05/10/2016,PMD,CA,AWP,WE,Federal Contract Tower,0,0,18,11,29,0,0,8,6,14,0,0,26,17,43,0,34,34,77
05/11/2016,PMD,CA,AWP,WE,Federal Contract Tower,0,0,20,26,46,0,0,7,0,7,0,0,27,26,53,4,90,94,147
05/12/2016,PMD,CA,AWP,WE,Federal Contract Tower,0,0,43,18,61,0,0,13,33,46,0,0,56,51,107,0,10,10,117
05/13/2016,PMD,CA,AWP,WE,Federal Contract Tower,0,0,24,22,46,0,0,4,0,4,0,0,28,22,50,0,54,54,104
05/14/2016,PMD,CA,AWP,WE,Federal Contract Tower,0,0,6,0,6,0,0,0,0,0,0,0,6,0,6,0,0,0,6
05/15/2016,PMD,CA,AWP,WE,Federal Contract Tower,0,0,0,0,0,0,0,0,0,0,0,0,0,0,0,0,0,0,0
05/16/2016,PMD,CA,AWP,WE,Federal Contract Tower,0,0,11,16,27,0,0,3,2,5,0,0,14,18,32,0,46,46,78
05/17/2016,PMD,CA,AWP,WE,Federal Contract Tower,0,0,15,16,31,0,0,7,3,10,0,0,22,19,41,0,36,36,77
05/18/2016,PMD,CA,AWP,WE,Federal Contract Tower,0,0,22,27,49,0,0,6,4,10,0,0,28,31,59,0,50,50,109
05/19/2016,PMD,CA,AWP,WE,Federal Contract Tower,0,0,27,24,51,0,0,9,2,11,0,0,36,26,62,24,44,68,130
05/20/2016,PMD,CA,AWP,WE,Federal Contract Tower,0,0,13,6,19,0,0,1,0,1,0,0,14,6,20,0,2,2,22
05/21/2016,PMD,CA,AWP,WE,Federal Contract Tower,0,0,6,1,7,0,0,0,1,1,0,0,6,2,8,0,0,0,8
05/22/2016,PMD,CA,AWP,WE,Federal Contract Tower,0,0,18,0,18,0,0,0,0,0,0,0,18,0,18,0,0,0,18
05/23/2016,PMD,CA,AWP,WE,Federal Contract Tower,0,0,17,10,27,0,0,5,0,5,0,0,22,10,32,23,0,23,55
05/24/2016,PMD,CA,AWP,WE,Federal Contract Tower,0,0,30,36,66,0,0,10,3,13,0,0,40,39,79,18,56,74,153
05/25/2016,PMD,CA,AWP,WE,Federal Contract Tower,0,0,35,40,75,0,0,7,0,7,0,0,42,40,82,20,75,95,177
05/26/2016,PMD,CA,AWP,WE,Federal Contract Tower,0,0,32,25,57,0,0,10,3,13,0,0,42,28,70,8,84,92,162
05/27/2016,PMD,CA,AWP,WE,Federal Contract Tower,0,0,29,10,39,0,0,2,0,2,0,0,31,10,41,4,62,66,107
05/28/2016,PMD,CA,AWP,WE,Federal Contract Tower,0,0,12,8,20,0,0,0,0,0,0,0,12,8,20,0,26,26,46
05/29/2016,PMD,CA,AWP,WE,Federal Contract Tower,0,0,4,0,4,0,0,0,0,0,0,0,4,0,4,0,0,0,4
05/30/2016,PMD,CA,AWP,WE,Federal Contract Tower,0,0,8,8,16,0,0,0,1,1,0,0,8,9,17,0,16,16,33
05/31/2016,PMD,CA,AWP,WE,Federal Contract Tower,0,0,15,42,57,0,0,9,4,13,0,0,24,46,70,0,86,86,156
06/01/2016,PMD,CA,AWP,WE,Federal Contract Tower,0,0,20,48,68,0,0,8,0,8,0,0,28,48,76,0,170,170,246
06/02/2016,PMD,CA,AWP,WE,Federal Contract Tower,0,0,25,29,54,0,0,9,6,15,0,0,34,35,69,0,42,42,111
06/03/2016,PMD,CA,AWP,WE,Federal Contract Tower,0,0,5,12,17,0,0,1,1,2,0,0,6,13,19,0,26,26,45
06/04/2016,PMD,CA,AWP,WE,Federal Contract Tower,0,0,6,8,14,0,0,0,0,0,0,0,6,8,14,0,0,0,14
06/05/2016,PMD,CA,AWP,WE,Federal Contract Tower,0,0,12,0,12,0,0,0,0,0,0,0,12,0,12,6,0,6,18
06/06/2016,PMD,CA,AWP,WE,Federal Contract Tower,0,0,18,12,30,0,0,8,0,8,0,0,26,12,38,4,10,14,52
06/07/2016,PMD,CA,AWP,WE,Federal Contract Tower,0,0,14,32,46,0,0,12,0,12,0,0,26,32,58,8,36,44,102
06/08/2016,PMD,CA,AWP,WE,Federal Contract Tower,0,0,39,31,70,0,0,8,4,12,0,0,47,35,82,8,64,72,154
06/09/2016,PMD,CA,AWP,WE,Federal Contract Tower,0,0,22,13,35,0,0,10,3,13,0,0,32,16,48,0,65,65,113
06/10/2016,PMD,CA,AWP,WE,Federal Contract Tower,0,0,24,2,26,0,0,5,1,6,0,0,29,3,32,4,26,30,62
06/11/2016,PMD,CA,AWP,WE,Federal Contract Tower,0,0,12,0,12,0,0,0,0,0,0,0,12,0,12,0,0,0,12
06/12/2016,PMD,CA,AWP,WE,Federal Contract Tower,0,0,14,0,14,0,0,0,0,0,0,0,14,0,14,0,0,0,14
06/13/2016,PMD,CA,AWP,WE,Federal Contract Tower,0,0,16,19,35,0,0,2,1,3,0,0,18,20,38,0,28,28,66
06/14/2016,PMD,CA,AWP,WE,Federal Contract Tower,0,0,19,19,38,0,0,6,0,6,0,0,25,19,44,4,43,47,91
06/15/2016,PMD,CA,AWP,WE,Federal Contract Tower,0,0,18,19,37,0,0,10,1,11,0,0,28,20,48,0,34,34,82
06/16/2016,PMD,CA,AWP,WE,Federal Contract Tower,0,0,29,14,43,0,0,10,2,12,0,0,39,16,55,2,36,38,93
06/17/2016,PMD,CA,AWP,WE,Federal Contract Tower,0,0,7,14,21,0,0,2,0,2,0,0,9,14,23,8,8,16,39
06/18/2016,PMD,CA,AWP,WE,Federal Contract Tower,0,0,2,1,3,0,0,1,0,1,0,0,3,1,4,8,16,24,28
06/19/2016,PMD,CA,AWP,WE,Federal Contract Tower,0,0,4,0,4,0,0,0,0,0,0,0,4,0,4,0,0,0,4
06/20/2016,PMD,CA,AWP,WE,Federal Contract Tower,0,0,14,13,27,0,0,4,1,5,0,0,18,14,32,0,14,14,46
06/21/2016,PMD,CA,AWP,WE,Federal Contract Tower,0,0,34,2,36,0,0,13,0,13,0,0,47,2,49,1,6,7,56
06/22/2016,PMD,CA,AWP,WE,Federal Contract Tower,0,0,38,43,81,0,0,6,0,6,0,0,44,43,87,2,6,8,95
06/23/2016,PMD,CA,AWP,WE,Federal Contract Tower,0,0,15,27,42,0,0,12,0,12,0,0,27,27,54,0,32,32,86
06/24/2016,PMD,CA,AWP,WE,Federal Contract Tower,0,0,22,34,56,0,0,5,1,6,0,0,27,35,62,0,34,34,96
06/25/2016,PMD,CA,AWP,WE,Federal Contract Tower,0,0,0,0,0,0,0,0,0,0,0,0,0,0,0,0,0,0,0
06/26/2016,PMD,CA,AWP,WE,Federal Contract Tower,0,0,10,0,10,0,0,0,0,0,0,0,10,0,10,0,0,0,10
06/27/2016,PMD,CA,AWP,WE,Federal Contract Tower,0,0,17,8,25,0,0,6,1,7,0,0,23,9,32,2,14,16,48
06/28/2016,PMD,CA,AWP,WE,Federal Contract Tower,0,0,35,11,46,0,0,6,3,9,0,0,41,14,55,2,38,40,95
06/29/2016,PMD,CA,AWP,WE,Federal Contract Tower,0,0,18,31,49,0,0,11,3,14,0,0,29,34,63,0,59,59,122
06/30/2016,PMD,CA,AWP,WE,Federal Contract Tower,0,0,49,25,74,0,0,5,2,7,0,0,54,27,81,20,48,68,149
07/01/2016,PMD,CA,AWP,WE,Federal Contract Tower,8,0,26,2,36,0,0,3,3,6,8,0,29,5,42,0,16,16,58
07/02/2016,PMD,CA,AWP,WE,Federal Contract Tower,0,0,2,0,2,0,0,0,0,0,0,0,2,0,2,0,0,0,2
07/03/2016,PMD,CA,AWP,WE,Federal Contract Tower,0,0,0,0,0,0,0,0,0,0,0,0,0,0,0,0,0,0,0
07/04/2016,PMD,CA,AWP,WE,Federal Contract Tower,0,0,4,0,4,0,0,0,0,0,0,0,4,0,4,0,0,0,4
07/05/2016,PMD,CA,AWP,WE,Federal Contract Tower,0,0,11,0,11,0,0,9,0,9,0,0,20,0,20,0,0,0,20
07/06/2016,PMD,CA,AWP,WE,Federal Contract Tower,0,0,21,24,45,0,0,6,2,8,0,0,27,26,53,0,56,56,109
07/07/2016,PMD,CA,AWP,WE,Federal Contract Tower,0,0,20,48,68,0,0,4,4,8,0,0,24,52,76,14,20,34,110
07/08/2016,PMD,CA,AWP,WE,Federal Contract Tower,0,0,21,18,39,0,0,7,2,9,0,0,28,20,48,14,10,24,72
07/09/2016,PMD,CA,AWP,WE,Federal Contract Tower,0,0,0,2,2,0,0,0,0,0,0,0,0,2,2,0,0,0,2
07/10/2016,PMD,CA,AWP,WE,Federal Contract Tower,0,0,0,0,0,0,0,0,0,0,0,0,0,0,0,0,0,0,0
07/11/2016,PMD,CA,AWP,WE,Federal Contract Tower,0,0,19,7,26,0,0,9,0,9,0,0,28,7,35,4,10,14,49
07/12/2016,PMD,CA,AWP,WE,Federal Contract Tower,0,0,20,2,22,0,0,11,0,11,0,0,31,2,33,36,0,36,69
07/13/2016,PMD,CA,AWP,WE,Federal Contract Tower,0,0,42,15,57,0,0,11,1,12,0,0,53,16,69,33,11,44,113
07/14/2016,PMD,CA,AWP,WE,Federal Contract Tower,0,0,21,28,49,0,0,9,3,12,0,0,30,31,61,0,49,49,110
07/15/2016,PMD,CA,AWP,WE,Federal Contract Tower,0,0,9,2,11,0,0,0,2,2,0,0,9,4,13,2,0,2,15
07/16/2016,PMD,CA,AWP,WE,Federal Contract Tower,0,0,10,0,10,0,0,0,0,0,0,0,10,0,10,0,0,0,10
07/17/2016,PMD,CA,AWP,WE,Federal Contract Tower,0,0,4,0,4,0,0,0,0,0,0,0,4,0,4,0,0,0,4
07/18/2016,PMD,CA,AWP,WE,Federal Contract Tower,0,0,21,19,40,0,0,5,0,5,0,0,26,19,45,0,32,32,77
07/19/2016,PMD,CA,AWP,WE,Federal Contract Tower,0,0,12,38,50,0,0,12,10,22,0,0,24,48,72,0,71,71,143
07/20/2016,PMD,CA,AWP,WE,Federal Contract Tower,0,0,21,14,35,0,0,8,3,11,0,0,29,17,46,2,16,18,64
07/21/2016,PMD,CA,AWP,WE,Federal Contract Tower,0,0,14,8,22,0,0,10,0,10,0,0,24,8,32,0,0,0,32
07/22/2016,PMD,CA,AWP,WE,Federal Contract Tower,0,0,17,22,39,0,0,3,4,7,0,0,20,26,46,0,36,36,82
07/23/2016,PMD,CA,AWP,WE,Federal Contract Tower,0,0,0,0,0,0,0,0,0,0,0,0,0,0,0,0,0,0,0
07/24/2016,PMD,CA,AWP,WE,Federal Contract Tower,0,0,0,0,0,0,0,0,0,0,0,0,0,0,0,0,0,0,0
07/25/2016,PMD,CA,AWP,WE,Federal Contract Tower,0,0,15,13,28,0,0,3,0,3,0,0,18,13,31,0,38,38,69
07/26/2016,PMD,CA,AWP,WE,Federal Contract Tower,0,0,20,14,34,0,0,7,2,9,0,0,27,16,43,0,25,25,68
07/27/2016,PMD,CA,AWP,WE,Federal Contract Tower,0,0,22,25,47,0,0,27,2,29,0,0,49,27,76,0,61,61,137
07/28/2016,PMD,CA,AWP,WE,Federal Contract Tower,0,0,21,17,38,0,0,11,2,13,0,0,32,19,51,0,32,32,83
07/29/2016,PMD,CA,AWP,WE,Federal Contract Tower,0,0,13,15,28,0,0,2,0,2,0,0,15,15,30,0,40,40,70
07/30/2016,PMD,CA,AWP,WE,Federal Contract Tower,0,0,0,2,2,0,0,2,1,3,0,0,2,3,5,0,0,0,5
07/31/2016,PMD,CA,AWP,WE,Federal Contract Tower,0,0,0,0,0,0,0,0,0,0,0,0,0,0,0,0,0,0,0
08/01/2016,PMD,CA,AWP,WE,Federal Contract Tower,0,0,14,5,19,0,0,8,0,8,0,0,22,5,27,0,18,18,45
08/02/2016,PMD,CA,AWP,WE,Federal Contract Tower,0,0,15,11,26,0,0,5,1,6,0,0,20,12,32,30,54,84,116
08/03/2016,PMD,CA,AWP,WE,Federal Contract Tower,0,0,14,12,26,0,0,4,0,4,0,0,18,12,30,8,88,96,126
08/04/2016,PMD,CA,AWP,WE,Federal Contract Tower,0,0,9,5,14,0,0,3,2,5,0,0,12,7,19,0,48,48,67
08/05/2016,PMD,CA,AWP,WE,Federal Contract Tower,0,0,17,10,27,0,0,7,3,10,0,0,24,13,37,0,12,12,49
08/06/2016,PMD,CA,AWP,WE,Federal Contract Tower,0,0,0,12,12,0,0,4,1,5,0,0,4,13,17,0,18,18,35
08/07/2016,PMD,CA,AWP,WE,Federal Contract Tower,0,0,0,0,0,0,0,0,0,0,0,0,0,0,0,0,0,0,0
08/08/2016,PMD,CA,AWP,WE,Federal Contract Tower,0,0,18,2,20,0,0,6,3,9,0,0,24,5,29,0,20,20,49
08/09/2016,PMD,CA,AWP,WE,Federal Contract Tower,0,0,21,7,28,0,0,12,1,13,0,0,33,8,41,0,28,28,69
08/10/2016,PMD,CA,AWP,WE,Federal Contract Tower,0,0,19,2,21,0,0,6,4,10,0,0,25,6,31,30,46,76,107
08/11/2016,PMD,CA,AWP,WE,Federal Contract Tower,0,0,12,14,26,0,0,11,0,11,0,0,23,14,37,34,90,124,161
08/12/2016,PMD,CA,AWP,WE,Federal Contract Tower,0,0,3,8,11,0,0,1,2,3,0,0,4,10,14,2,14,16,30
08/13/2016,PMD,CA,AWP,WE,Federal Contract Tower,0,0,3,2,5,0,0,0,0,0,0,0,3,2,5,0,0,0,5
08/14/2016,PMD,CA,AWP,WE,Federal Contract Tower,0,0,6,0,6,0,0,0,0,0,0,0,6,0,6,0,0,0,6
08/15/2016,PMD,CA,AWP,WE,Federal Contract Tower,0,0,34,16,50,0,0,4,4,8,0,0,38,20,58,0,26,26,84
08/16/2016,PMD,CA,AWP,WE,Federal Contract Tower,0,0,15,10,25,0,0,13,2,15,0,0,28,12,40,2,28,30,70
08/17/2016,PMD,CA,AWP,WE,Federal Contract Tower,0,0,13,12,25,0,0,7,5,12,0,0,20,17,37,14,77,91,128
08/18/2016,PMD,CA,AWP,WE,Federal Contract Tower,0,0,10,3,13,0,0,5,3,8,0,0,15,6,21,0,24,24,45
08/19/2016,PMD,CA,AWP,WE,Federal Contract Tower,0,0,11,1,12,0,0,3,4,7,0,0,14,5,19,10,3,13,32
08/20/2016,PMD,CA,AWP,WE,Federal Contract Tower,0,0,4,0,4,0,0,0,0,0,0,0,4,0,4,0,0,0,4
08/21/2016,PMD,CA,AWP,WE,Federal Contract Tower,0,0,11,0,11,0,0,0,0,0,0,0,11,0,11,0,0,0,11
08/22/2016,PMD,CA,AWP,WE,Federal Contract Tower,0,0,12,10,22,0,0,7,1,8,0,0,19,11,30,0,42,42,72
08/23/2016,PMD,CA,AWP,WE,Federal Contract Tower,0,0,12,1,13,0,0,12,6,18,0,0,24,7,31,0,2,2,33
08/24/2016,PMD,CA,AWP,WE,Federal Contract Tower,0,0,20,8,28,0,0,9,1,10,0,0,29,9,38,20,0,20,58
08/25/2016,PMD,CA,AWP,WE,Federal Contract Tower,0,0,12,19,31,0,0,10,4,14,0,0,22,23,45,0,30,30,75
08/26/2016,PMD,CA,AWP,WE,Federal Contract Tower,0,0,11,18,29,0,0,0,2,2,0,0,11,20,31,8,12,20,51
08/27/2016,PMD,CA,AWP,WE,Federal Contract Tower,0,0,6,0,6,0,0,2,0,2,0,0,8,0,8,0,0,0,8
08/28/2016,PMD,CA,AWP,WE,Federal Contract Tower,0,0,4,0,4,0,0,0,0,0,0,0,4,0,4,0,0,0,4
08/29/2016,PMD,CA,AWP,WE,Federal Contract Tower,0,0,13,13,26,0,0,6,1,7,0,0,19,14,33,14,18,32,65
08/30/2016,PMD,CA,AWP,WE,Federal Contract Tower,0,0,28,4,32,0,0,11,2,13,0,0,39,6,45,0,4,4,49
08/31/2016,PMD,CA,AWP,WE,Federal Contract Tower,0,0,24,10,34,0,0,11,0,11,0,0,35,10,45,0,20,20,65
09/01/2016,PMD,CA,AWP,WE,Federal Contract Tower,0,0,14,19,33,0,0,4,1,5,0,0,18,20,38,0,20,20,58
09/02/2016,PMD,CA,AWP,WE,Federal Contract Tower,0,0,10,1,11,0,0,16,1,17,0,0,26,2,28,2,0,2,30
09/03/2016,PMD,CA,AWP,WE,Federal Contract Tower,0,0,0,0,0,0,0,0,0,0,0,0,0,0,0,2,0,2,2
09/04/2016,PMD,CA,AWP,WE,Federal Contract Tower,0,0,0,0,0,0,0,0,0,0,0,0,0,0,0,0,0,0,0
09/05/2016,PMD,CA,AWP,WE,Federal Contract Tower,0,0,0,0,0,0,0,0,0,0,0,0,0,0,0,0,0,0,0
09/06/2016,PMD,CA,AWP,WE,Federal Contract Tower,0,0,20,11,31,0,0,7,0,7,0,0,27,11,38,12,10,22,60
09/07/2016,PMD,CA,AWP,WE,Federal Contract Tower,0,0,16,13,29,0,0,7,7,14,0,0,23,20,43,0,112,112,155
09/08/2016,PMD,CA,AWP,WE,Federal Contract Tower,0,0,20,27,47,0,0,9,2,11,0,0,29,29,58,38,40,78,136
09/09/2016,PMD,CA,AWP,WE,Federal Contract Tower,0,0,6,26,32,0,0,3,1,4,0,0,9,27,36,4,70,74,110
09/10/2016,PMD,CA,AWP,WE,Federal Contract Tower,0,0,0,2,2,0,0,0,0,0,0,0,0,2,2,0,0,0,2
09/11/2016,PMD,CA,AWP,WE,Federal Contract Tower,0,0,2,0,2,0,0,0,0,0,0,0,2,0,2,0,0,0,2
09/12/2016,PMD,CA,AWP,WE,Federal Contract Tower,0,0,14,33,47,0,0,5,3,8,0,0,19,36,55,14,32,46,101
09/13/2016,PMD,CA,AWP,WE,Federal Contract Tower,0,0,16,27,43,0,0,8,3,11,0,0,24,30,54,2,56,58,112
09/14/2016,PMD,CA,AWP,WE,Federal Contract Tower,0,0,16,8,24,0,0,12,1,13,0,0,28,9,37,0,0,0,37
09/15/2016,PMD,CA,AWP,WE,Federal Contract Tower,0,0,27,8,35,0,0,8,0,8,0,0,35,8,43,14,10,24,67
09/16/2016,PMD,CA,AWP,WE,Federal Contract Tower,0,0,26,5,31,0,0,10,1,11,0,0,36,6,42,0,0,0,42
09/17/2016,PMD,CA,AWP,WE,Federal Contract Tower,0,0,3,2,5,0,0,0,0,0,0,0,3,2,5,0,0,0,5
09/18/2016,PMD,CA,AWP,WE,Federal Contract Tower,0,0,2,0,2,0,0,0,0,0,0,0,2,0,2,0,0,0,2
09/19/2016,PMD,CA,AWP,WE,Federal Contract Tower,0,0,16,27,43,0,0,6,0,6,0,0,22,27,49,0,34,34,83
09/20/2016,PMD,CA,AWP,WE,Federal Contract Tower,0,0,32,22,54,0,0,11,0,11,0,0,43,22,65,8,36,44,109
09/21/2016,PMD,CA,AWP,WE,Federal Contract Tower,0,0,26,16,42,0,0,8,2,10,0,0,34,18,52,0,12,12,64
09/22/2016,PMD,CA,AWP,WE,Federal Contract Tower,0,0,15,17,32,0,0,12,5,17,0,0,27,22,49,0,46,46,95
09/23/2016,PMD,CA,AWP,WE,Federal Contract Tower,0,0,12,6,18,0,1,1,0,2,0,1,13,6,20,0,18,18,38
09/24/2016,PMD,CA,AWP,WE,Federal Contract Tower,2,0,9,0,11,0,0,1,0,1,2,0,10,0,12,0,0,0,12
09/25/2016,PMD,CA,AWP,WE,Federal Contract Tower,0,0,0,0,0,0,0,0,0,0,0,0,0,0,0,0,0,0,0
09/26/2016,PMD,CA,AWP,WE,Federal Contract Tower,0,0,16,31,47,0,0,7,2,9,0,0,23,33,56,0,50,50,106
09/27/2016,PMD,CA,AWP,WE,Federal Contract Tower,0,0,18,11,29,0,0,6,2,8,0,0,24,13,37,0,2,2,39
09/29/2016,PMD,CA,AWP,WE,Federal Contract Tower,0,0,23,52,75,0,0,10,5,15,0,0,33,57,90,136,0,136,226
09/30/2016,PMD,CA,AWP,WE,Federal Contract Tower,0,0,23,10,33,0,0,28,0,28,0,0,51,10,61,10,0,10,71
10/01/2016,PMD,CA,AWP,WE,Federal Contract Tower,0,0,9,4,13,0,0,1,4,5,0,0,10,8,18,0,12,12,30
10/02/2016,PMD,CA,AWP,WE,Federal Contract Tower,0,0,0,0,0,0,0,0,0,0,0,0,0,0,0,0,0,0,0
10/03/2016,PMD,CA,AWP,WE,Federal Contract Tower,0,0,15,14,29,0,0,5,0,5,0,0,20,14,34,14,22,36,70
10/04/2016,PMD,CA,AWP,WE,Federal Contract Tower,0,0,24,29,53,0,0,10,3,13,0,0,34,32,66,0,60,60,126
10/05/2016,PMD,CA,AWP,WE,Federal Contract Tower,0,0,30,24,54,0,0,17,0,17,0,0,47,24,71,28,24,52,123
10/06/2016,PMD,CA,AWP,WE,Federal Contract Tower,0,0,19,18,37,0,0,10,0,10,0,0,29,18,47,0,62,62,109
10/07/2016,PMD,CA,AWP,WE,Federal Contract Tower,0,0,10,15,25,0,0,3,1,4,0,0,13,16,29,0,0,0,29
10/08/2016,PMD,CA,AWP,WE,Federal Contract Tower,0,0,3,0,3,0,0,0,0,0,0,0,3,0,3,0,0,0,3
10/09/2016,PMD,CA,AWP,WE,Federal Contract Tower,0,0,10,0,10,0,0,2,0,2,0,0,12,0,12,0,0,0,12
10/10/2016,PMD,CA,AWP,WE,Federal Contract Tower,0,0,15,0,15,0,0,6,0,6,0,0,21,0,21,0,0,0,21
10/11/2016,PMD,CA,AWP,WE,Federal Contract Tower,0,0,17,28,45,0,0,6,2,8,0,0,23,30,53,10,50,60,113
10/12/2016,PMD,CA,AWP,WE,Federal Contract Tower,0,0,19,27,46,0,0,6,6,12,0,0,25,33,58,0,35,35,93
10/13/2016,PMD,CA,AWP,WE,Federal Contract Tower,0,0,14,14,28,0,0,8,21,29,0,0,22,35,57,0,17,17,74
10/14/2016,PMD,CA,AWP,WE,Federal Contract Tower,0,0,28,8,36,0,0,3,0,3,0,0,31,8,39,6,22,28,67
10/15/2016,PMD,CA,AWP,WE,Federal Contract Tower,0,0,1,0,1,0,0,0,4,4,0,0,1,4,5,0,0,0,5
10/16/2016,PMD,CA,AWP,WE,Federal Contract Tower,0,0,2,0,2,0,0,0,0,0,0,0,2,0,2,0,0,0,2
10/17/2016,PMD,CA,AWP,WE,Federal Contract Tower,0,0,22,23,45,0,0,6,0,6,0,0,28,23,51,0,46,46,97
10/18/2016,PMD,CA,AWP,WE,Federal Contract Tower,0,0,13,22,35,0,0,9,2,11,0,0,22,24,46,6,11,17,63
10/19/2016,PMD,CA,AWP,WE,Federal Contract Tower,0,0,24,23,47,0,0,10,2,12,0,0,34,25,59,12,36,48,107
10/20/2016,PMD,CA,AWP,WE,Federal Contract Tower,0,0,25,38,63,0,0,12,7,19,0,0,37,45,82,0,56,56,138
10/21/2016,PMD,CA,AWP,WE,Federal Contract Tower,0,0,13,1,14,0,0,3,1,4,0,0,16,2,18,0,4,4,22
10/22/2016,PMD,CA,AWP,WE,Federal Contract Tower,0,0,8,0,8,0,0,0,0,0,0,0,8,0,8,0,0,0,8
10/23/2016,PMD,CA,AWP,WE,Federal Contract Tower,0,0,0,0,0,0,0,0,0,0,0,0,0,0,0,0,0,0,0
10/24/2016,PMD,CA,AWP,WE,Federal Contract Tower,0,0,23,12,35,0,0,5,2,7,0,0,28,14,42,0,24,24,66
10/25/2016,PMD,CA,AWP,WE,Federal Contract Tower,0,0,25,38,63,0,0,10,1,11,0,0,35,39,74,32,101,133,207
10/26/2016,PMD,CA,AWP,WE,Federal Contract Tower,0,0,28,40,68,0,0,11,2,13,0,0,39,42,81,34,78,112,193
10/27/2016,PMD,CA,AWP,WE,Federal Contract Tower,0,0,33,47,80,0,0,11,0,11,0,0,44,47,91,0,62,62,153
10/28/2016,PMD,CA,AWP,WE,Federal Contract Tower,0,0,16,8,24,0,0,13,0,13,0,0,29,8,37,18,10,28,65
10/29/2016,PMD,CA,AWP,WE,Federal Contract Tower,0,0,11,0,11,0,0,1,0,1,0,0,12,0,12,0,0,0,12
10/30/2016,PMD,CA,AWP,WE,Federal Contract Tower,0,0,4,0,4,0,0,0,0,0,0,0,4,0,4,0,0,0,4
10/31/2016,PMD,CA,AWP,WE,Federal Contract Tower,0,0,19,21,40,0,0,8,2,10,0,0,27,23,50,4,20,24,74
11/01/2016,PMD,CA,AWP,WE,Federal Contract Tower,0,0,15,21,36,0,0,9,2,11,0,0,24,23,47,0,26,26,73
11/02/2016,PMD,CA,AWP,WE,Federal Contract Tower,0,0,29,13,42,0,0,10,2,12,0,0,39,15,54,0,40,40,94
11/03/2016,PMD,CA,AWP,WE,Federal Contract Tower,0,0,19,0,19,0,0,11,6,17,0,0,30,6,36,0,25,25,61
11/04/2016,PMD,CA,AWP,WE,Federal Contract Tower,0,0,22,17,39,0,0,4,0,4,0,0,26,17,43,0,4,4,47
11/05/2016,PMD,CA,AWP,WE,Federal Contract Tower,0,0,14,0,14,0,0,0,0,0,0,0,14,0,14,0,0,0,14
11/06/2016,PMD,CA,AWP,WE,Federal Contract Tower,0,0,5,0,5,0,0,0,0,0,0,0,5,0,5,0,0,0,5
11/07/2016,PMD,CA,AWP,WE,Federal Contract Tower,0,0,23,9,32,0,0,10,0,10,0,0,33,9,42,20,6,26,68
11/08/2016,PMD,CA,AWP,WE,Federal Contract Tower,0,0,29,24,53,0,0,10,0,10,0,0,39,24,63,0,32,32,95
11/09/2016,PMD,CA,AWP,WE,Federal Contract Tower,0,0,18,26,44,0,0,8,1,9,0,0,26,27,53,0,76,76,129
11/10/2016,PMD,CA,AWP,WE,Federal Contract Tower,0,0,13,27,40,0,0,8,0,8,0,0,21,27,48,0,6,6,54
11/11/2016,PMD,CA,AWP,WE,Federal Contract Tower,0,0,10,0,10,0,0,8,1,9,0,0,18,1,19,0,0,0,19
11/12/2016,PMD,CA,AWP,WE,Federal Contract Tower,0,0,8,0,8,0,0,0,0,0,0,0,8,0,8,0,0,0,8
11/13/2016,PMD,CA,AWP,WE,Federal Contract Tower,0,0,0,0,0,0,0,0,0,0,0,0,0,0,0,0,0,0,0
11/14/2016,PMD,CA,AWP,WE,Federal Contract Tower,0,0,18,16,34,0,0,12,2,14,0,0,30,18,48,0,42,42,90
11/15/2016,PMD,CA,AWP,WE,Federal Contract Tower,0,0,19,15,34,0,0,9,1,10,0,0,28,16,44,0,4,4,48
11/16/2016,PMD,CA,AWP,WE,Federal Contract Tower,0,0,15,21,36,0,0,11,3,14,0,0,26,24,50,0,4,4,54
11/17/2016,PMD,CA,AWP,WE,Federal Contract Tower,0,0,35,15,50,0,0,10,1,11,0,0,45,16,61,6,36,42,103
11/18/2016,PMD,CA,AWP,WE,Federal Contract Tower,0,0,12,12,24,0,0,0,0,0,0,0,12,12,24,0,22,22,46
11/19/2016,PMD,CA,AWP,WE,Federal Contract Tower,0,0,15,0,15,0,0,1,0,1,0,0,16,0,16,0,0,0,16
11/20/2016,PMD,CA,AWP,WE,Federal Contract Tower,0,0,6,1,7,0,0,0,0,0,0,0,6,1,7,0,0,0,7
11/21/2016,PMD,CA,AWP,WE,Federal Contract Tower,0,0,21,12,33,0,0,7,0,7,0,0,28,12,40,8,30,38,78
11/22/2016,PMD,CA,AWP,WE,Federal Contract Tower,0,0,27,19,46,0,0,8,0,8,0,0,35,19,54,10,8,18,72
11/23/2016,PMD,CA,AWP,WE,Federal Contract Tower,0,0,14,0,14,0,0,7,0,7,0,0,21,0,21,0,0,0,21
11/24/2016,PMD,CA,AWP,WE,Federal Contract Tower,0,0,0,0,0,0,0,0,0,0,0,0,0,0,0,0,0,0,0
11/25/2016,PMD,CA,AWP,WE,Federal Contract Tower,0,0,6,0,6,0,0,0,0,0,0,0,6,0,6,0,0,0,6
11/26/2016,PMD,CA,AWP,WE,Federal Contract Tower,0,0,2,0,2,0,0,0,0,0,0,0,2,0,2,0,0,0,2
11/27/2016,PMD,CA,AWP,WE,Federal Contract Tower,0,0,0,0,0,0,0,0,0,0,0,0,0,0,0,0,0,0,0
11/28/2016,PMD,CA,AWP,WE,Federal Contract Tower,0,0,14,10,24,0,0,9,0,9,0,0,23,10,33,4,20,24,57
11/29/2016,PMD,CA,AWP,WE,Federal Contract Tower,0,0,10,32,42,0,0,8,1,9,0,0,18,33,51,0,42,42,93
11/30/2016,PMD,CA,AWP,WE,Federal Contract Tower,0,0,39,9,48,0,0,7,1,8,0,0,46,10,56,23,6,29,85
12/01/2016,PMD,CA,AWP,WE,Federal Contract Tower,0,0,16,22,38,0,0,7,2,9,0,0,23,24,47,4,68,72,119
12/02/2016,PMD,CA,AWP,WE,Federal Contract Tower,0,0,5,7,12,0,0,2,1,3,0,0,7,8,15,0,35,35,50
12/03/2016,PMD,CA,AWP,WE,Federal Contract Tower,0,0,2,0,2,0,0,2,0,2,0,0,4,0,4,0,4,4,8
12/04/2016,PMD,CA,AWP,WE,Federal Contract Tower,0,0,3,0,3,0,0,1,0,1,0,0,4,0,4,0,0,0,4
12/05/2016,PMD,CA,AWP,WE,Federal Contract Tower,6,0,13,3,22,0,0,9,0,9,6,0,22,3,31,6,0,6,37
12/06/2016,PMD,CA,AWP,WE,Federal Contract Tower,0,0,18,18,36,0,0,10,3,13,0,0,28,21,49,26,24,50,99
12/07/2016,PMD,CA,AWP,WE,Federal Contract Tower,0,0,18,6,24,0,0,9,6,15,0,0,27,12,39,0,16,16,55
12/08/2016,PMD,CA,AWP,WE,Federal Contract Tower,0,0,20,54,74,0,0,9,0,9,0,0,29,54,83,2,52,54,137
12/09/2016,PMD,CA,AWP,WE,Federal Contract Tower,0,0,16,1,17,0,0,5,1,6,0,0,21,2,23,0,0,0,23
12/10/2016,PMD,CA,AWP,WE,Federal Contract Tower,0,0,5,2,7,0,0,3,0,3,0,0,8,2,10,0,0,0,10
12/11/2016,PMD,CA,AWP,WE,Federal Contract Tower,0,0,0,1,1,0,0,1,0,1,0,0,1,1,2,0,0,0,2
12/12/2016,PMD,CA,AWP,WE,Federal Contract Tower,0,0,19,7,26,0,0,0,4,4,0,0,19,11,30,0,30,30,60
12/13/2016,PMD,CA,AWP,WE,Federal Contract Tower,0,0,30,22,52,0,0,7,3,10,0,0,37,25,62,0,41,41,103
12/14/2016,PMD,CA,AWP,WE,Federal Contract Tower,0,0,38,18,56,0,0,9,2,11,0,0,47,20,67,6,20,26,93
12/15/2016,PMD,CA,AWP,WE,Federal Contract Tower,0,0,15,17,32,0,0,7,6,13,0,0,22,23,45,4,44,48,93
12/16/2016,PMD,CA,AWP,WE,Federal Contract Tower,0,0,0,4,4,0,0,0,2,2,0,0,0,6,6,0,0,0,6
12/17/2016,PMD,CA,AWP,WE,Federal Contract Tower,0,0,12,0,12,0,0,0,0,0,0,0,12,0,12,0,0,0,12
12/18/2016,PMD,CA,AWP,WE,Federal Contract Tower,0,0,6,2,8,0,0,0,0,0,0,0,6,2,8,0,0,0,8
12/19/2016,PMD,CA,AWP,WE,Federal Contract Tower,0,0,15,3,18,0,0,5,1,6,0,0,20,4,24,0,10,10,34
12/20/2016,PMD,CA,AWP,WE,Federal Contract Tower,0,0,11,20,31,0,0,7,0,7,0,0,18,20,38,0,24,24,62
12/21/2016,PMD,CA,AWP,WE,Federal Contract Tower,0,0,18,24,42,0,0,2,7,9,0,0,20,31,51,0,52,52,103
12/22/2016,PMD,CA,AWP,WE,Federal Contract Tower,0,0,10,12,22,0,0,0,0,0,0,0,10,12,22,0,8,8,30
12/23/2016,PMD,CA,AWP,WE,Federal Contract Tower,0,0,7,2,9,0,0,1,0,1,0,0,8,2,10,0,24,24,34
12/24/2016,PMD,CA,AWP,WE,Federal Contract Tower,0,0,0,0,0,0,0,0,0,0,0,0,0,0,0,0,0,0,0
12/25/2016,PMD,CA,AWP,WE,Federal Contract Tower,0,0,0,0,0,0,0,0,0,0,0,0,0,0,0,0,0,0,0
12/26/2016,PMD,CA,AWP,WE,Federal Contract Tower,0,0,2,0,2,0,0,0,0,0,0,0,2,0,2,0,0,0,2
12/27/2016,PMD,CA,AWP,WE,Federal Contract Tower,0,0,8,8,16,0,0,0,0,0,0,0,8,8,16,0,0,0,16
12/28/2016,PMD,CA,AWP,WE,Federal Contract Tower,0,0,4,12,16,0,0,0,0,0,0,0,4,12,16,16,10,26,42
12/29/2016,PMD,CA,AWP,WE,Federal Contract Tower,0,0,20,16,36,0,0,0,0,0,0,0,20,16,36,38,49,87,123
12/30/2016,PMD,CA,AWP,WE,Federal Contract Tower,0,0,0,6,6,0,0,0,0,0,0,0,0,6,6,0,2,2,8
12/31/2016,PMD,CA,AWP,WE,Federal Contract Tower,0,0,0,0,0,0,0,0,0,0,0,0,0,0,0,0,0,0,0
01/01/2017,PMD,CA,AWP,WE,Federal Contract Tower,0,0,4,0,4,0,0,0,0,0,0,0,4,0,4,0,0,0,4
01/02/2017,PMD,CA,AWP,WE,Federal Contract Tower,0,0,0,0,0,0,0,0,0,0,0,0,0,0,0,0,0,0,0
01/03/2017,PMD,CA,AWP,WE,Federal Contract Tower,0,0,16,0,16,0,0,5,0,5,0,0,21,0,21,0,0,0,21
01/04/2017,PMD,CA,AWP,WE,Federal Contract Tower,0,0,19,51,70,0,0,4,1,5,0,0,23,52,75,4,84,88,163
01/05/2017,PMD,CA,AWP,WE,Federal Contract Tower,0,0,24,44,68,0,0,2,0,2,0,0,26,44,70,18,72,90,160
01/06/2017,PMD,CA,AWP,WE,Federal Contract Tower,0,0,18,30,48,0,0,4,1,5,0,0,22,31,53,0,47,47,100
01/07/2017,PMD,CA,AWP,WE,Federal Contract Tower,0,0,6,4,10,0,0,0,4,4,0,0,6,8,14,0,2,2,16
01/08/2017,PMD,CA,AWP,WE,Federal Contract Tower,0,0,2,0,2,0,0,0,0,0,0,0,2,0,2,0,0,0,2
01/09/2017,PMD,CA,AWP,WE,Federal Contract Tower,0,0,15,20,35,0,0,3,0,3,0,0,18,20,38,0,12,12,50
01/10/2017,PMD,CA,AWP,WE,Federal Contract Tower,0,0,13,37,50,0,0,8,2,10,0,0,21,39,60,0,68,68,128
01/11/2017,PMD,CA,AWP,WE,Federal Contract Tower,0,0,24,32,56,0,0,1,8,9,0,0,25,40,65,0,26,26,91
01/12/2017,PMD,CA,AWP,WE,Federal Contract Tower,0,0,32,38,70,0,0,0,0,0,0,0,32,38,70,0,24,24,94
01/13/2017,PMD,CA,AWP,WE,Federal Contract Tower,0,0,8,20,28,0,0,0,0,0,0,0,8,20,28,0,2,2,30
01/14/2017,PMD,CA,AWP,WE,Federal Contract Tower,0,0,2,1,3,0,0,2,0,2,0,0,4,1,5,0,0,0,5
01/15/2017,PMD,CA,AWP,WE,Federal Contract Tower,0,0,9,1,10,0,0,3,0,3,0,0,12,1,13,0,0,0,13
01/16/2017,PMD,CA,AWP,WE,Federal Contract Tower,4,0,17,0,21,0,0,4,0,4,4,0,21,0,25,0,0,0,25
01/17/2017,PMD,CA,AWP,WE,Federal Contract Tower,0,0,13,10,23,0,0,6,3,9,0,0,19,13,32,14,6,20,52
01/18/2017,PMD,CA,AWP,WE,Federal Contract Tower,0,0,21,31,52,0,0,6,4,10,0,0,27,35,62,12,74,86,148
01/19/2017,PMD,CA,AWP,WE,Federal Contract Tower,0,0,17,34,51,0,0,3,2,5,0,0,20,36,56,0,104,104,160
01/20/2017,PMD,CA,AWP,WE,Federal Contract Tower,0,0,15,5,20,0,0,0,0,0,0,0,15,5,20,0,10,10,30
01/21/2017,PMD,CA,AWP,WE,Federal Contract Tower,0,0,5,17,22,0,0,0,0,0,0,0,5,17,22,4,18,22,44
01/22/2017,PMD,CA,AWP,WE,Federal Contract Tower,0,0,0,0,0,0,0,0,0,0,0,0,0,0,0,0,0,0,0
01/23/2017,PMD,CA,AWP,WE,Federal Contract Tower,0,0,18,6,24,0,0,0,0,0,0,0,18,6,24,0,2,2,26
01/24/2017,PMD,CA,AWP,WE,Federal Contract Tower,0,0,25,42,67,0,0,10,4,14,0,0,35,46,81,0,18,18,99
01/25/2017,PMD,CA,AWP,WE,Federal Contract Tower,0,0,27,16,43,0,0,9,3,12,0,0,36,19,55,8,54,62,117
01/26/2017,PMD,CA,AWP,WE,Federal Contract Tower,4,0,26,32,62,0,0,8,4,12,4,0,34,36,74,0,28,28,102
01/27/2017,PMD,CA,AWP,WE,Federal Contract Tower,0,0,8,2,10,0,0,6,0,6,0,0,14,2,16,6,14,20,36
01/28/2017,PMD,CA,AWP,WE,Federal Contract Tower,0,0,10,2,12,0,0,0,0,0,0,0,10,2,12,0,0,0,12
01/29/2017,PMD,CA,AWP,WE,Federal Contract Tower,0,0,9,0,9,0,0,0,0,0,0,0,9,0,9,0,0,0,9
01/30/2017,PMD,CA,AWP,WE,Federal Contract Tower,0,0,19,12,31,0,0,6,3,9,0,0,25,15,40,0,18,18,58
01/31/2017,PMD,CA,AWP,WE,Federal Contract Tower,0,0,23,38,61,0,0,7,0,7,0,0,30,38,68,10,49,59,127
02/01/2017,PMD,CA,AWP,WE,Federal Contract Tower,0,0,21,27,48,0,0,7,0,7,0,0,28,27,55,0,95,95,150
02/02/2017,PMD,CA,AWP,WE,Federal Contract Tower,0,0,27,34,61,0,0,5,0,5,0,0,32,34,66,4,92,96,162
02/03/2017,PMD,CA,AWP,WE,Federal Contract Tower,0,0,26,17,43,0,0,2,0,2,0,0,28,17,45,25,18,43,88
02/04/2017,PMD,CA,AWP,WE,Federal Contract Tower,0,0,14,0,14,0,0,2,0,2,0,0,16,0,16,0,0,0,16
02/05/2017,PMD,CA,AWP,WE,Federal Contract Tower,0,0,10,0,10,0,0,0,0,0,0,0,10,0,10,0,0,0,10
02/06/2017,PMD,CA,AWP,WE,Federal Contract Tower,0,0,16,4,20,0,0,0,0,0,0,0,16,4,20,0,0,0,20
02/07/2017,PMD,CA,AWP,WE,Federal Contract Tower,0,0,16,23,39,0,0,5,1,6,0,0,21,24,45,0,14,14,59
02/08/2017,PMD,CA,AWP,WE,Federal Contract Tower,0,0,22,19,41,0,0,11,1,12,0,0,33,20,53,6,20,26,79
02/09/2017,PMD,CA,AWP,WE,Federal Contract Tower,0,0,22,27,49,0,0,6,0,6,0,0,28,27,55,12,73,85,140
02/10/2017,PMD,CA,AWP,WE,Federal Contract Tower,0,0,11,3,14,0,0,3,2,5,0,0,14,5,19,2,26,28,47
02/11/2017,PMD,CA,AWP,WE,Federal Contract Tower,0,0,2,0,2,0,0,0,0,0,0,0,2,0,2,12,0,12,14
02/12/2017,PMD,CA,AWP,WE,Federal Contract Tower,0,0,4,0,4,0,0,0,0,0,0,0,4,0,4,0,2,2,6
02/13/2017,PMD,CA,AWP,WE,Federal Contract Tower,0,0,28,13,41,0,0,12,4,16,0,0,40,17,57,0,12,12,69
02/14/2017,PMD,CA,AWP,WE,Federal Contract Tower,0,0,24,22,46,0,0,11,1,12,0,0,35,23,58,0,6,6,64
02/15/2017,PMD,CA,AWP,WE,Federal Contract Tower,0,0,27,20,47,0,0,15,3,18,0,0,42,23,65,42,122,164,229
02/16/2017,PMD,CA,AWP,WE,Federal Contract Tower,0,0,26,36,62,0,0,11,0,11,0,0,37,36,73,0,74,74,147
02/17/2017,PMD,CA,AWP,WE,Federal Contract Tower,0,0,4,6,10,0,0,0,0,0,0,0,4,6,10,0,0,0,10
02/18/2017,PMD,CA,AWP,WE,Federal Contract Tower,0,0,4,6,10,0,0,2,0,2,0,0,6,6,12,0,4,4,16
02/19/2017,PMD,CA,AWP,WE,Federal Contract Tower,0,0,0,0,0,0,0,0,0,0,0,0,0,0,0,0,0,0,0
02/20/2017,PMD,CA,AWP,WE,Federal Contract Tower,6,0,20,0,26,0,0,0,0,0,6,0,20,0,26,0,0,0,26
02/21/2017,PMD,CA,AWP,WE,Federal Contract Tower,0,0,12,12,24,0,0,5,4,9,0,0,17,16,33,7,6,13,46
02/22/2017,PMD,CA,AWP,WE,Federal Contract Tower,0,0,9,23,32,0,0,7,3,10,0,0,16,26,42,0,44,44,86
02/23/2017,PMD,CA,AWP,WE,Federal Contract Tower,0,0,16,10,26,0,0,3,0,3,0,0,19,10,29,0,31,31,60
02/24/2017,PMD,CA,AWP,WE,Federal Contract Tower,0,0,18,14,32,0,0,3,0,3,0,0,21,14,35,0,16,16,51
02/25/2017,PMD,CA,AWP,WE,Federal Contract Tower,0,0,5,0,5,0,0,1,0,1,0,0,6,0,6,0,0,0,6
02/26/2017,PMD,CA,AWP,WE,Federal Contract Tower,0,0,2,2,4,0,0,0,0,0,0,0,2,2,4,0,0,0,4
02/27/2017,PMD,CA,AWP,WE,Federal Contract Tower,0,0,30,16,46,0,0,5,1,6,0,0,35,17,52,8,18,26,78
02/28/2017,PMD,CA,AWP,WE,Federal Contract Tower,0,0,23,38,61,0,0,8,2,10,0,0,31,40,71,0,94,94,165
03/01/2017,PMD,CA,AWP,WE,Federal Contract Tower,0,0,14,21,35,0,0,7,4,11,0,0,21,25,46,3,70,73,119
03/02/2017,PMD,CA,AWP,WE,Federal Contract Tower,0,0,10,11,21,0,0,11,1,12,0,0,21,12,33,20,33,53,86
03/03/2017,PMD,CA,AWP,WE,Federal Contract Tower,0,0,18,9,27,0,0,3,2,5,0,0,21,11,32,8,36,44,76
03/04/2017,PMD,CA,AWP,WE,Federal Contract Tower,0,0,2,2,4,0,0,2,0,2,0,0,4,2,6,4,6,10,16
03/05/2017,PMD,CA,AWP,WE,Federal Contract Tower,0,0,0,0,0,0,0,0,0,0,0,0,0,0,0,0,0,0,0
03/06/2017,PMD,CA,AWP,WE,Federal Contract Tower,0,0,17,15,32,0,0,3,0,3,0,0,20,15,35,12,36,48,83
03/07/2017,PMD,CA,AWP,WE,Federal Contract Tower,0,0,20,54,74,0,0,6,0,6,0,0,26,54,80,0,46,46,126
03/08/2017,PMD,CA,AWP,WE,Federal Contract Tower,0,0,24,43,67,0,0,13,5,18,0,0,37,48,85,6,54,60,145
03/09/2017,PMD,CA,AWP,WE,Federal Contract Tower,0,0,28,40,68,0,0,4,0,4,0,0,32,40,72,26,34,60,132
03/10/2017,PMD,CA,AWP,WE,Federal Contract Tower,0,0,30,26,56,0,0,4,0,4,0,0,34,26,60,0,16,16,76
03/11/2017,PMD,CA,AWP,WE,Federal Contract Tower,0,0,4,4,8,0,0,1,0,1,0,0,5,4,9,0,0,0,9
03/12/2017,PMD,CA,AWP,WE,Federal Contract Tower,0,0,10,0,10,0,0,0,0,0,0,0,10,0,10,0,0,0,10
03/13/2017,PMD,CA,AWP,WE,Federal Contract Tower,0,0,22,22,44,0,0,7,1,8,0,0,29,23,52,22,24,46,98
03/14/2017,PMD,CA,AWP,WE,Federal Contract Tower,0,0,17,11,28,0,0,4,0,4,0,0,21,11,32,0,32,32,64
03/15/2017,PMD,CA,AWP,WE,Federal Contract Tower,0,0,24,18,42,0,0,8,2,10,0,0,32,20,52,0,45,45,97
03/16/2017,PMD,CA,AWP,WE,Federal Contract Tower,0,0,28,40,68,0,0,12,2,14,0,0,40,42,82,2,36,38,120
03/17/2017,PMD,CA,AWP,WE,Federal Contract Tower,6,0,18,10,34,0,0,1,2,3,6,0,19,12,37,0,19,19,56
03/18/2017,PMD,CA,AWP,WE,Federal Contract Tower,0,0,6,0,6,0,0,0,0,0,0,0,6,0,6,0,0,0,6
03/19/2017,PMD,CA,AWP,WE,Federal Contract Tower,0,0,2,0,2,0,0,0,0,0,0,0,2,0,2,0,0,0,2
03/20/2017,PMD,CA,AWP,WE,Federal Contract Tower,0,0,24,20,44,0,0,7,1,8,0,0,31,21,52,8,54,62,114
03/21/2017,PMD,CA,AWP,WE,Federal Contract Tower,0,0,22,55,77,0,0,7,2,9,0,0,29,57,86,0,75,75,161
03/22/2017,PMD,CA,AWP,WE,Federal Contract Tower,0,0,18,24,42,0,0,3,2,5,0,0,21,26,47,0,36,36,83
03/23/2017,PMD,CA,AWP,WE,Federal Contract Tower,0,0,21,14,35,0,0,11,6,17,0,0,32,20,52,8,60,68,120
03/24/2017,PMD,CA,AWP,WE,Federal Contract Tower,0,0,13,8,21,0,0,1,1,2,0,0,14,9,23,10,21,31,54
03/25/2017,PMD,CA,AWP,WE,Federal Contract Tower,0,0,7,0,7,0,0,2,0,2,0,0,9,0,9,10,0,10,19
03/26/2017,PMD,CA,AWP,WE,Federal Contract Tower,0,0,4,0,4,0,0,1,0,1,0,0,5,0,5,4,0,4,9
03/27/2017,PMD,CA,AWP,WE,Federal Contract Tower,0,0,18,4,22,0,0,5,0,5,0,0,23,4,27,0,0,0,27
03/28/2017,PMD,CA,AWP,WE,Federal Contract Tower,0,0,34,28,62,0,0,7,5,12,0,0,41,33,74,0,56,56,130
03/29/2017,PMD,CA,AWP,WE,Federal Contract Tower,0,0,23,49,72,0,0,9,3,12,0,0,32,52,84,0,81,81,165
03/30/2017,PMD,CA,AWP,WE,Federal Contract Tower,0,0,9,3,12,0,0,7,1,8,0,0,16,4,20,0,2,2,22
03/31/2017,PMD,CA,AWP,WE,Federal Contract Tower,0,0,29,8,37,0,0,3,1,4,0,0,32,9,41,5,0,5,46
04/01/2017,PMD,CA,AWP,WE,Federal Contract Tower,0,0,0,4,4,0,0,0,0,0,0,0,0,4,4,0,36,36,40
04/02/2017,PMD,CA,AWP,WE,Federal Contract Tower,0,0,4,0,4,0,0,0,0,0,0,0,4,0,4,0,0,0,4
04/03/2017,PMD,CA,AWP,WE,Federal Contract Tower,0,0,26,2,28,0,0,4,0,4,0,0,30,2,32,6,0,6,38
04/04/2017,PMD,CA,AWP,WE,Federal Contract Tower,0,0,15,42,57,0,0,7,0,7,0,0,22,42,64,30,40,70,134
04/05/2017,PMD,CA,AWP,WE,Federal Contract Tower,0,0,18,34,52,0,0,10,3,13,0,0,28,37,65,2,34,36,101
04/06/2017,PMD,CA,AWP,WE,Federal Contract Tower,0,0,21,41,62,0,0,14,6,20,0,0,35,47,82,0,67,67,149
04/07/2017,PMD,CA,AWP,WE,Federal Contract Tower,0,0,4,26,30,0,0,0,4,4,0,0,4,30,34,0,18,18,52
04/08/2017,PMD,CA,AWP,WE,Federal Contract Tower,0,0,0,0,0,0,0,0,2,2,0,0,0,2,2,0,4,4,6
04/09/2017,PMD,CA,AWP,WE,Federal Contract Tower,0,0,6,6,12,0,0,0,0,0,0,0,6,6,12,0,0,0,12
04/10/2017,PMD,CA,AWP,WE,Federal Contract Tower,0,0,19,17,36,0,0,9,0,9,0,0,28,17,45,0,20,20,65
04/11/2017,PMD,CA,AWP,WE,Federal Contract Tower,0,0,35,12,47,0,0,7,0,7,0,0,42,12,54,0,40,40,94
04/12/2017,PMD,CA,AWP,WE,Federal Contract Tower,0,0,25,19,44,0,0,4,1,5,0,0,29,20,49,6,61,67,116
04/13/2017,PMD,CA,AWP,WE,Federal Contract Tower,0,0,11,22,33,0,0,3,6,9,0,0,14,28,42,2,36,38,80
04/14/2017,PMD,CA,AWP,WE,Federal Contract Tower,0,0,26,15,41,0,0,2,0,2,0,0,28,15,43,0,6,6,49
04/15/2017,PMD,CA,AWP,WE,Federal Contract Tower,0,0,13,0,13,0,0,2,0,2,0,0,15,0,15,0,0,0,15
04/16/2017,PMD,CA,AWP,WE,Federal Contract Tower,0,0,2,0,2,0,0,0,0,0,0,0,2,0,2,0,0,0,2
04/17/2017,PMD,CA,AWP,WE,Federal Contract Tower,0,0,28,9,37,0,0,8,1,9,0,0,36,10,46,0,4,4,50
04/18/2017,PMD,CA,AWP,WE,Federal Contract Tower,4,0,24,6,34,0,0,5,1,6,4,0,29,7,40,0,0,0,40
04/19/2017,PMD,CA,AWP,WE,Federal Contract Tower,0,0,21,16,37,0,0,10,0,10,0,0,31,16,47,0,30,30,77
04/20/2017,PMD,CA,AWP,WE,Federal Contract Tower,0,0,12,6,18,0,0,7,0,7,0,0,19,6,25,0,12,12,37
04/21/2017,PMD,CA,AWP,WE,Federal Contract Tower,0,0,10,14,24,0,0,0,0,0,0,0,10,14,24,0,31,31,55
04/22/2017,PMD,CA,AWP,WE,Federal Contract Tower,0,0,5,2,7,0,0,1,6,7,0,0,6,8,14,0,0,0,14
04/23/2017,PMD,CA,AWP,WE,Federal Contract Tower,0,0,2,0,2,0,0,1,0,1,0,0,3,0,3,0,0,0,3
04/24/2017,PMD,CA,AWP,WE,Federal Contract Tower,0,0,25,13,38,0,0,5,1,6,0,0,30,14,44,0,18,18,62
04/25/2017,PMD,CA,AWP,WE,Federal Contract Tower,0,0,7,4,11,0,0,5,1,6,0,0,12,5,17,0,14,14,31
04/26/2017,PMD,CA,AWP,WE,Federal Contract Tower,0,0,23,3,26,0,0,11,4,15,0,0,34,7,41,0,0,0,41
04/27/2017,PMD,CA,AWP,WE,Federal Contract Tower,0,0,14,5,19,0,0,6,1,7,0,0,20,6,26,0,4,4,30
04/28/2017,PMD,CA,AWP,WE,Federal Contract Tower,0,0,31,7,38,0,0,11,1,12,0,0,42,8,50,44,0,44,94
04/29/2017,PMD,CA,AWP,WE,Federal Contract Tower,0,0,15,1,16,0,0,4,1,5,0,0,19,2,21,25,0,25,46
04/30/2017,PMD,CA,AWP,WE,Federal Contract Tower,0,0,2,0,2,0,0,0,0,0,0,0,2,0,2,0,0,0,2
05/01/2017,PMD,CA,AWP,WE,Federal Contract Tower,0,0,23,20,43,0,0,7,0,7,0,0,30,20,50,4,36,40,90
05/02/2017,PMD,CA,AWP,WE,Federal Contract Tower,0,0,25,29,54,0,0,5,3,8,0,0,30,32,62,0,40,40,102
05/03/2017,PMD,CA,AWP,WE,Federal Contract Tower,4,0,18,38,60,0,0,8,2,10,4,0,26,40,70,0,80,80,150
05/04/2017,PMD,CA,AWP,WE,Federal Contract Tower,0,0,15,38,53,0,0,12,0,12,0,0,27,38,65,0,84,84,149
05/05/2017,PMD,CA,AWP,WE,Federal Contract Tower,0,0,10,8,18,0,0,0,2,2,0,0,10,10,20,2,2,4,24
05/06/2017,PMD,CA,AWP,WE,Federal Contract Tower,0,0,1,4,5,0,0,0,4,4,0,0,1,8,9,0,4,4,13
05/07/2017,PMD,CA,AWP,WE,Federal Contract Tower,0,0,6,0,6,0,0,0,0,0,0,0,6,0,6,0,0,0,6
05/08/2017,PMD,CA,AWP,WE,Federal Contract Tower,0,0,22,10,32,0,0,5,1,6,0,0,27,11,38,0,30,30,68
05/09/2017,PMD,CA,AWP,WE,Federal Contract Tower,0,0,24,9,33,0,0,8,1,9,0,0,32,10,42,0,20,20,62
05/10/2017,PMD,CA,AWP,WE,Federal Contract Tower,0,0,19,27,46,0,0,10,0,10,0,0,29,27,56,0,77,77,133
05/11/2017,PMD,CA,AWP,WE,Federal Contract Tower,0,0,18,12,30,0,0,11,1,12,0,0,29,13,42,0,26,26,68
05/12/2017,PMD,CA,AWP,WE,Federal Contract Tower,0,0,24,19,43,0,0,7,1,8,0,0,31,20,51,0,17,17,68
05/13/2017,PMD,CA,AWP,WE,Federal Contract Tower,0,0,8,0,8,0,0,0,0,0,0,0,8,0,8,0,0,0,8
05/14/2017,PMD,CA,AWP,WE,Federal Contract Tower,0,0,4,0,4,0,0,0,0,0,0,0,4,0,4,0,0,0,4
05/15/2017,PMD,CA,AWP,WE,Federal Contract Tower,0,0,29,24,53,0,0,4,1,5,0,0,33,25,58,0,52,52,110
05/16/2017,PMD,CA,AWP,WE,Federal Contract Tower,0,0,39,22,61,0,0,9,3,12,0,0,48,25,73,21,59,80,153
05/17/2017,PMD,CA,AWP,WE,Federal Contract Tower,0,0,21,12,33,0,0,7,0,7,0,0,28,12,40,0,40,40,80
05/18/2017,PMD,CA,AWP,WE,Federal Contract Tower,0,0,8,16,24,0,0,20,0,20,0,0,28,16,44,52,78,130,174
05/19/2017,PMD,CA,AWP,WE,Federal Contract Tower,0,0,19,10,29,0,0,0,1,1,0,0,19,11,30,0,25,25,55
05/20/2017,PMD,CA,AWP,WE,Federal Contract Tower,0,0,4,0,4,0,0,0,0,0,0,0,4,0,4,0,0,0,4
05/21/2017,PMD,CA,AWP,WE,Federal Contract Tower,0,0,6,0,6,0,0,0,0,0,0,0,6,0,6,0,0,0,6
05/22/2017,PMD,CA,AWP,WE,Federal Contract Tower,0,0,29,9,38,0,0,6,8,14,0,0,35,17,52,20,16,36,88
05/23/2017,PMD,CA,AWP,WE,Federal Contract Tower,0,0,23,37,60,0,0,9,1,10,0,0,32,38,70,0,46,46,116
05/24/2017,PMD,CA,AWP,WE,Federal Contract Tower,4,0,25,16,45,0,0,7,6,13,4,0,32,22,58,16,24,40,98
05/25/2017,PMD,CA,AWP,WE,Federal Contract Tower,0,0,18,9,27,0,0,13,7,20,0,0,31,16,47,32,72,104,151
05/26/2017,PMD,CA,AWP,WE,Federal Contract Tower,0,0,6,2,8,0,0,4,0,4,0,0,10,2,12,0,16,16,28
05/27/2017,PMD,CA,AWP,WE,Federal Contract Tower,0,0,0,0,0,0,0,4,0,4,0,0,4,0,4,0,0,0,4
05/28/2017,PMD,CA,AWP,WE,Federal Contract Tower,0,0,2,8,10,0,0,0,0,0,0,0,2,8,10,0,0,0,10
05/29/2017,PMD,CA,AWP,WE,Federal Contract Tower,0,0,8,0,8,0,0,0,0,0,0,0,8,0,8,0,0,0,8
05/30/2017,PMD,CA,AWP,WE,Federal Contract Tower,0,0,32,27,59,0,0,8,0,8,0,0,40,27,67,14,54,68,135
05/31/2017,PMD,CA,AWP,WE,Federal Contract Tower,0,0,46,34,80,0,0,11,0,11,0,0,57,34,91,24,96,120,211
06/01/2017,PMD,CA,AWP,WE,Federal Contract Tower,0,0,20,52,72,0,0,9,2,11,0,0,29,54,83,26,70,96,179
06/03/2017,PMD,CA,AWP,WE,Federal Contract Tower,0,0,0,2,2,0,0,0,2,2,0,0,0,4,4,0,18,18,22
06/04/2017,PMD,CA,AWP,WE,Federal Contract Tower,0,0,4,0,4,0,0,0,0,0,0,0,4,0,4,0,0,0,4
06/05/2017,PMD,CA,AWP,WE,Federal Contract Tower,0,0,15,14,29,0,0,14,0,14,0,0,29,14,43,20,22,42,85
06/06/2017,PMD,CA,AWP,WE,Federal Contract Tower,0,0,14,32,46,0,0,10,1,11,0,0,24,33,57,0,93,93,150
06/07/2017,PMD,CA,AWP,WE,Federal Contract Tower,0,0,20,23,43,0,0,9,0,9,0,0,29,23,52,0,66,66,118
06/08/2017,PMD,CA,AWP,WE,Federal Contract Tower,0,0,18,25,43,0,0,5,6,11,0,0,23,31,54,14,53,67,121
06/09/2017,PMD,CA,AWP,WE,Federal Contract Tower,0,0,29,7,36,0,0,10,2,12,0,0,39,9,48,0,24,24,72
06/10/2017,PMD,CA,AWP,WE,Federal Contract Tower,0,0,7,0,7,0,0,2,0,2,0,0,9,0,9,0,0,0,9
06/11/2017,PMD,CA,AWP,WE,Federal Contract Tower,0,0,2,0,2,0,0,0,0,0,0,0,2,0,2,0,0,0,2
06/12/2017,PMD,CA,AWP,WE,Federal Contract Tower,0,0,18,20,38,0,0,10,2,12,0,0,28,22,50,0,18,18,68
06/13/2017,PMD,CA,AWP,WE,Federal Contract Tower,0,0,21,24,45,0,0,9,2,11,0,0,30,26,56,10,25,35,91
06/14/2017,PMD,CA,AWP,WE,Federal Contract Tower,0,0,40,9,49,0,0,7,2,9,0,0,47,11,58,0,32,32,90
06/15/2017,PMD,CA,AWP,WE,Federal Contract Tower,0,0,19,16,35,0,0,6,5,11,0,0,25,21,46,0,18,18,64
06/16/2017,PMD,CA,AWP,WE,Federal Contract Tower,0,0,4,18,22,0,0,2,1,3,0,0,6,19,25,0,18,18,43
06/17/2017,PMD,CA,AWP,WE,Federal Contract Tower,0,0,4,0,4,0,0,0,0,0,0,0,4,0,4,0,0,0,4
06/18/2017,PMD,CA,AWP,WE,Federal Contract Tower,0,0,2,0,2,0,0,0,0,0,0,0,2,0,2,0,0,0,2
06/19/2017,PMD,CA,AWP,WE,Federal Contract Tower,0,0,23,31,54,0,0,4,13,17,0,0,27,44,71,16,28,44,115
06/20/2017,PMD,CA,AWP,WE,Federal Contract Tower,0,0,19,19,38,0,0,9,2,11,0,0,28,21,49,0,7,7,56
06/21/2017,PMD,CA,AWP,WE,Federal Contract Tower,0,0,16,9,25,0,0,7,0,7,0,0,23,9,32,0,50,50,82
06/22/2017,PMD,CA,AWP,WE,Federal Contract Tower,0,0,22,7,29,0,0,13,2,15,0,0,35,9,44,4,70,74,118
06/23/2017,PMD,CA,AWP,WE,Federal Contract Tower,0,0,12,2,14,0,0,0,1,1,0,0,12,3,15,0,22,22,37
06/24/2017,PMD,CA,AWP,WE,Federal Contract Tower,0,0,9,0,9,0,0,1,0,1,0,0,10,0,10,10,0,10,20
06/25/2017,PMD,CA,AWP,WE,Federal Contract Tower,0,0,14,0,14,0,0,0,0,0,0,0,14,0,14,0,0,0,14
06/26/2017,PMD,CA,AWP,WE,Federal Contract Tower,0,0,20,4,24,0,0,7,1,8,0,0,27,5,32,10,4,14,46
06/27/2017,PMD,CA,AWP,WE,Federal Contract Tower,0,0,16,22,38,0,0,11,3,14,0,0,27,25,52,0,34,34,86
06/28/2017,PMD,CA,AWP,WE,Federal Contract Tower,0,0,23,27,50,0,0,8,1,9,0,0,31,28,59,0,80,80,139
06/29/2017,PMD,CA,AWP,WE,Federal Contract Tower,0,0,17,8,25,0,0,5,2,7,0,0,22,10,32,2,12,14,46
06/30/2017,PMD,CA,AWP,WE,Federal Contract Tower,0,0,2,12,14,0,0,2,0,2,0,0,4,12,16,12,44,56,72
07/01/2017,PMD,CA,AWP,WE,Federal Contract Tower,0,0,2,0,2,0,0,0,0,0,0,0,2,0,2,0,0,0,2
07/02/2017,PMD,CA,AWP,WE,Federal Contract Tower,0,0,4,0,4,0,0,0,0,0,0,0,4,0,4,0,0,0,4
07/03/2017,PMD,CA,AWP,WE,Federal Contract Tower,0,0,6,0,6,0,0,0,0,0,0,0,6,0,6,0,0,0,6
07/04/2017,PMD,CA,AWP,WE,Federal Contract Tower,0,0,2,0,2,0,0,0,0,0,0,0,2,0,2,0,0,0,2
07/05/2017,PMD,CA,AWP,WE,Federal Contract Tower,0,0,17,46,63,0,0,4,1,5,0,0,21,47,68,0,50,50,118
07/06/2017,PMD,CA,AWP,WE,Federal Contract Tower,0,0,10,42,52,0,0,11,0,11,0,0,21,42,63,8,80,88,151
07/07/2017,PMD,CA,AWP,WE,Federal Contract Tower,0,0,20,22,42,0,0,8,1,9,0,0,28,23,51,14,26,40,91
07/08/2017,PMD,CA,AWP,WE,Federal Contract Tower,0,0,12,0,12,0,0,0,0,0,0,0,12,0,12,0,0,0,12
07/09/2017,PMD,CA,AWP,WE,Federal Contract Tower,0,0,0,0,0,0,0,0,0,0,0,0,0,0,0,0,0,0,0
07/10/2017,PMD,CA,AWP,WE,Federal Contract Tower,0,0,30,16,46,0,0,6,0,6,0,0,36,16,52,18,36,54,106
07/11/2017,PMD,CA,AWP,WE,Federal Contract Tower,0,0,25,11,36,0,0,10,0,10,0,0,35,11,46,0,36,36,82
07/12/2017,PMD,CA,AWP,WE,Federal Contract Tower,0,0,32,10,42,0,0,11,3,14,0,0,43,13,56,0,8,8,64
07/13/2017,PMD,CA,AWP,WE,Federal Contract Tower,0,0,11,21,32,0,0,9,2,11,0,0,20,23,43,0,9,9,52
07/14/2017,PMD,CA,AWP,WE,Federal Contract Tower,0,0,12,12,24,0,0,2,0,2,0,0,14,12,26,4,16,20,46
07/15/2017,PMD,CA,AWP,WE,Federal Contract Tower,0,0,11,0,11,0,0,1,0,1,0,0,12,0,12,0,0,0,12
07/16/2017,PMD,CA,AWP,WE,Federal Contract Tower,0,0,2,0,2,0,0,0,0,0,0,0,2,0,2,0,0,0,2
07/17/2017,PMD,CA,AWP,WE,Federal Contract Tower,0,0,19,4,23,0,0,3,1,4,0,0,22,5,27,0,2,2,29
07/18/2017,PMD,CA,AWP,WE,Federal Contract Tower,0,0,20,3,23,0,0,10,1,11,0,0,30,4,34,0,0,0,34
07/19/2017,PMD,CA,AWP,WE,Federal Contract Tower,0,0,28,12,40,0,0,11,5,16,0,0,39,17,56,24,10,34,90
07/20/2017,PMD,CA,AWP,WE,Federal Contract Tower,0,0,27,32,59,0,0,10,2,12,0,0,37,34,71,0,45,45,116
07/21/2017,PMD,CA,AWP,WE,Federal Contract Tower,0,0,30,13,43,0,0,3,3,6,0,0,33,16,49,0,22,22,71
07/22/2017,PMD,CA,AWP,WE,Federal Contract Tower,0,0,14,0,14,0,0,0,0,0,0,0,14,0,14,0,0,0,14
07/23/2017,PMD,CA,AWP,WE,Federal Contract Tower,0,0,3,0,3,0,0,0,0,0,0,0,3,0,3,0,0,0,3
07/24/2017,PMD,CA,AWP,WE,Federal Contract Tower,0,0,23,9,32,0,0,9,0,9,0,0,32,9,41,28,58,86,127
07/25/2017,PMD,CA,AWP,WE,Federal Contract Tower,0,0,20,16,36,0,0,4,0,4,0,0,24,16,40,20,32,52,92
07/26/2017,PMD,CA,AWP,WE,Federal Contract Tower,0,0,24,8,32,0,0,9,1,10,0,0,33,9,42,8,10,18,60
07/27/2017,PMD,CA,AWP,WE,Federal Contract Tower,0,0,23,13,36,0,0,8,1,9,0,0,31,14,45,0,30,30,75
07/28/2017,PMD,CA,AWP,WE,Federal Contract Tower,0,0,13,6,19,0,0,0,0,0,0,0,13,6,19,0,12,12,31
07/29/2017,PMD,CA,AWP,WE,Federal Contract Tower,0,0,2,1,3,0,0,1,0,1,0,0,3,1,4,0,20,20,24
07/30/2017,PMD,CA,AWP,WE,Federal Contract Tower,0,0,6,0,6,0,0,2,0,2,0,0,8,0,8,0,0,0,8
07/31/2017,PMD,CA,AWP,WE,Federal Contract Tower,0,0,33,20,53,0,0,6,5,11,0,0,39,25,64,0,94,94,158
08/01/2017,PMD,CA,AWP,WE,Federal Contract Tower,0,0,20,10,30,0,0,7,4,11,0,0,27,14,41,8,78,86,127
08/02/2017,PMD,CA,AWP,WE,Federal Contract Tower,0,0,26,20,46,0,0,8,20,28,0,0,34,40,74,16,36,52,126
08/03/2017,PMD,CA,AWP,WE,Federal Contract Tower,0,0,28,48,76,0,0,14,1,15,0,0,42,49,91,14,88,102,193
08/04/2017,PMD,CA,AWP,WE,Federal Contract Tower,0,0,21,25,46,0,0,7,3,10,0,0,28,28,56,0,57,57,113
08/05/2017,PMD,CA,AWP,WE,Federal Contract Tower,0,0,3,10,13,0,0,1,4,5,0,0,4,14,18,0,12,12,30
08/06/2017,PMD,CA,AWP,WE,Federal Contract Tower,0,0,2,0,2,0,0,2,0,2,0,0,4,0,4,0,0,0,4
08/07/2017,PMD,CA,AWP,WE,Federal Contract Tower,0,0,23,2,25,0,0,5,1,6,0,0,28,3,31,12,5,17,48
08/08/2017,PMD,CA,AWP,WE,Federal Contract Tower,0,0,18,31,49,0,0,10,1,11,0,0,28,32,60,0,106,106,166
08/09/2017,PMD,CA,AWP,WE,Federal Contract Tower,0,0,14,45,59,0,0,8,2,10,0,0,22,47,69,0,62,62,131
08/10/2017,PMD,CA,AWP,WE,Federal Contract Tower,0,0,18,13,31,0,0,10,4,14,0,0,28,17,45,0,69,69,114
08/11/2017,PMD,CA,AWP,WE,Federal Contract Tower,0,0,4,17,21,0,0,0,0,0,0,0,4,17,21,0,42,42,63
08/12/2017,PMD,CA,AWP,WE,Federal Contract Tower,0,0,13,0,13,0,0,1,0,1,0,0,14,0,14,0,0,0,14
08/13/2017,PMD,CA,AWP,WE,Federal Contract Tower,0,0,5,0,5,0,0,0,0,0,0,0,5,0,5,0,0,0,5
08/14/2017,PMD,CA,AWP,WE,Federal Contract Tower,0,0,16,11,27,0,0,4,0,4,0,0,20,11,31,0,22,22,53
08/15/2017,PMD,CA,AWP,WE,Federal Contract Tower,0,0,7,2,9,0,0,10,2,12,0,0,17,4,21,0,47,47,68
08/16/2017,PMD,CA,AWP,WE,Federal Contract Tower,0,0,15,10,25,0,0,6,4,10,0,0,21,14,35,0,42,42,77
08/17/2017,PMD,CA,AWP,WE,Federal Contract Tower,0,0,13,7,20,0,0,7,0,7,0,0,20,7,27,10,56,66,93
08/18/2017,PMD,CA,AWP,WE,Federal Contract Tower,0,0,23,23,46,0,0,7,7,14,0,0,30,30,60,4,40,44,104
08/19/2017,PMD,CA,AWP,WE,Federal Contract Tower,0,0,4,0,4,0,0,0,0,0,0,0,4,0,4,0,0,0,4
08/20/2017,PMD,CA,AWP,WE,Federal Contract Tower,0,0,1,0,1,0,0,0,0,0,0,0,1,0,1,0,0,0,1
08/21/2017,PMD,CA,AWP,WE,Federal Contract Tower,0,0,15,35,50,0,0,6,1,7,0,0,21,36,57,0,20,20,77
08/22/2017,PMD,CA,AWP,WE,Federal Contract Tower,0,0,13,10,23,0,0,9,0,9,0,0,22,10,32,0,44,44,76
08/23/2017,PMD,CA,AWP,WE,Federal Contract Tower,0,0,12,21,33,0,0,7,1,8,0,0,19,22,41,0,56,56,97
08/24/2017,PMD,CA,AWP,WE,Federal Contract Tower,0,0,14,28,42,0,0,3,0,3,0,0,17,28,45,0,36,36,81
08/25/2017,PMD,CA,AWP,WE,Federal Contract Tower,0,0,1,19,20,0,0,4,3,7,0,0,5,22,27,0,32,32,59
08/26/2017,PMD,CA,AWP,WE,Federal Contract Tower,0,0,2,0,2,2,0,0,0,2,2,0,2,0,4,4,0,4,8
08/27/2017,PMD,CA,AWP,WE,Federal Contract Tower,0,0,4,0,4,0,0,0,0,0,0,0,4,0,4,0,0,0,4
08/28/2017,PMD,CA,AWP,WE,Federal Contract Tower,0,0,23,26,49,0,0,6,2,8,0,0,29,28,57,0,28,28,85
08/29/2017,PMD,CA,AWP,WE,Federal Contract Tower,0,0,19,8,27,0,0,8,0,8,0,0,27,8,35,0,8,8,43
08/30/2017,PMD,CA,AWP,WE,Federal Contract Tower,0,0,20,16,36,0,0,14,4,18,0,0,34,20,54,0,12,12,66
08/31/2017,PMD,CA,AWP,WE,Federal Contract Tower,0,0,12,10,22,0,0,4,6,10,0,0,16,16,32,0,77,77,109
09/01/2017,PMD,CA,AWP,WE,Federal Contract Tower,0,0,19,4,23,0,0,4,1,5,0,0,23,5,28,9,0,9,37
09/02/2017,PMD,CA,AWP,WE,Federal Contract Tower,0,0,12,0,12,0,0,1,0,1,0,0,13,0,13,0,26,26,39
09/03/2017,PMD,CA,AWP,WE,Federal Contract Tower,0,0,0,4,4,0,0,0,0,0,0,0,0,4,4,0,0,0,4
09/04/2017,PMD,CA,AWP,WE,Federal Contract Tower,0,0,4,0,4,0,0,0,0,0,0,0,4,0,4,0,0,0,4
09/05/2017,PMD,CA,AWP,WE,Federal Contract Tower,0,0,28,17,45,0,0,7,1,8,0,0,35,18,53,40,30,70,123
09/06/2017,PMD,CA,AWP,WE,Federal Contract Tower,0,0,30,11,41,0,0,9,0,9,0,0,39,11,50,12,10,22,72
09/07/2017,PMD,CA,AWP,WE,Federal Contract Tower,0,0,17,27,44,0,0,10,2,12,0,0,27,29,56,0,32,32,88
09/08/2017,PMD,CA,AWP,WE,Federal Contract Tower,0,0,12,26,38,0,0,2,2,4,0,0,14,28,42,0,32,32,74
09/09/2017,PMD,CA,AWP,WE,Federal Contract Tower,0,0,6,0,6,0,0,0,0,0,0,0,6,0,6,0,0,0,6
09/10/2017,PMD,CA,AWP,WE,Federal Contract Tower,0,0,10,0,10,0,0,0,0,0,0,0,10,0,10,0,0,0,10
09/11/2017,PMD,CA,AWP,WE,Federal Contract Tower,0,0,17,18,35,0,0,3,0,3,0,0,20,18,38,8,12,20,58
09/12/2017,PMD,CA,AWP,WE,Federal Contract Tower,0,0,20,9,29,0,0,5,0,5,0,0,25,9,34,46,14,60,94
09/13/2017,PMD,CA,AWP,WE,Federal Contract Tower,0,0,24,21,45,0,0,14,2,16,0,0,38,23,61,0,8,8,69
09/14/2017,PMD,CA,AWP,WE,Federal Contract Tower,0,0,25,17,42,0,0,12,1,13,0,0,37,18,55,0,20,20,75
09/15/2017,PMD,CA,AWP,WE,Federal Contract Tower,0,0,20,19,39,0,0,8,2,10,0,0,28,21,49,18,44,62,111
09/16/2017,PMD,CA,AWP,WE,Federal Contract Tower,0,0,7,0,7,0,0,1,0,1,0,0,8,0,8,0,0,0,8
09/17/2017,PMD,CA,AWP,WE,Federal Contract Tower,0,0,8,0,8,0,0,0,0,0,0,0,8,0,8,0,0,0,8
09/18/2017,PMD,CA,AWP,WE,Federal Contract Tower,0,0,23,14,37,0,0,4,0,4,0,0,27,14,41,13,51,64,105
09/19/2017,PMD,CA,AWP,WE,Federal Contract Tower,0,0,10,6,16,0,0,7,5,12,0,0,17,11,28,0,98,98,126
09/20/2017,PMD,CA,AWP,WE,Federal Contract Tower,0,0,16,17,33,0,0,12,4,16,0,0,28,21,49,0,40,40,89
09/21/2017,PMD,CA,AWP,WE,Federal Contract Tower,0,0,14,31,45,0,0,5,8,13,0,0,19,39,58,0,114,114,172
09/22/2017,PMD,CA,AWP,WE,Federal Contract Tower,0,0,7,10,17,0,0,4,0,4,0,0,11,10,21,0,14,14,35
09/23/2017,PMD,CA,AWP,WE,Federal Contract Tower,0,0,19,0,19,0,0,0,0,0,0,0,19,0,19,0,0,0,19
09/24/2017,PMD,CA,AWP,WE,Federal Contract Tower,0,0,4,0,4,0,0,0,0,0,0,0,4,0,4,0,0,0,4
09/25/2017,PMD,CA,AWP,WE,Federal Contract Tower,0,0,21,1,22,0,0,8,1,9,0,0,29,2,31,4,6,10,41
09/26/2017,PMD,CA,AWP,WE,Federal Contract Tower,0,0,17,8,25,0,0,7,4,11,0,0,24,12,36,0,22,22,58
09/27/2017,PMD,CA,AWP,WE,Federal Contract Tower,0,0,18,12,30,0,0,6,1,7,0,0,24,13,37,3,40,43,80
09/28/2017,PMD,CA,AWP,WE,Federal Contract Tower,0,0,14,17,31,0,0,29,2,31,0,0,43,19,62,28,16,44,106
09/29/2017,PMD,CA,AWP,WE,Federal Contract Tower,0,0,19,8,27,0,0,5,6,11,0,0,24,14,38,20,27,47,85
09/30/2017,PMD,CA,AWP,WE,Federal Contract Tower,0,0,2,0,2,0,0,0,0,0,0,0,2,0,2,0,0,0,2
10/01/2017,PMD,CA,AWP,WE,Federal Contract Tower,0,0,3,0,3,0,0,0,0,0,0,0,3,0,3,0,0,0,3
10/02/2017,PMD,CA,AWP,WE,Federal Contract Tower,0,0,18,17,35,0,0,4,0,4,0,0,22,17,39,0,0,0,39
10/03/2017,PMD,CA,AWP,WE,Federal Contract Tower,0,0,14,8,22,0,0,6,4,10,0,0,20,12,32,0,26,26,58
10/04/2017,PMD,CA,AWP,WE,Federal Contract Tower,0,0,15,9,24,0,0,2,6,8,0,0,17,15,32,0,46,46,78
10/05/2017,PMD,CA,AWP,WE,Federal Contract Tower,0,0,13,9,22,0,0,8,3,11,0,0,21,12,33,0,28,28,61
10/06/2017,PMD,CA,AWP,WE,Federal Contract Tower,0,3,11,0,14,0,0,0,4,4,0,3,11,4,18,0,38,38,56
10/07/2017,PMD,CA,AWP,WE,Federal Contract Tower,0,0,0,0,0,0,0,0,0,0,0,0,0,0,0,0,0,0,0
10/08/2017,PMD,CA,AWP,WE,Federal Contract Tower,0,0,0,0,0,0,0,0,0,0,0,0,0,0,0,0,0,0,0
10/09/2017,PMD,CA,AWP,WE,Federal Contract Tower,0,0,11,0,11,0,0,4,0,4,0,0,15,0,15,0,0,0,15
10/10/2017,PMD,CA,AWP,WE,Federal Contract Tower,0,0,12,5,17,0,0,8,0,8,0,0,20,5,25,2,6,8,33
10/11/2017,PMD,CA,AWP,WE,Federal Contract Tower,0,0,15,6,21,0,0,8,2,10,0,0,23,8,31,0,0,0,31
10/12/2017,PMD,CA,AWP,WE,Federal Contract Tower,0,0,12,8,20,0,0,7,3,10,0,0,19,11,30,0,42,42,72
10/13/2017,PMD,CA,AWP,WE,Federal Contract Tower,0,0,13,0,13,0,0,6,2,8,0,0,19,2,21,2,14,16,37
10/14/2017,PMD,CA,AWP,WE,Federal Contract Tower,0,0,2,0,2,0,0,0,0,0,0,0,2,0,2,0,0,0,2
10/15/2017,PMD,CA,AWP,WE,Federal Contract Tower,0,0,2,0,2,0,0,0,0,0,0,0,2,0,2,0,0,0,2
10/16/2017,PMD,CA,AWP,WE,Federal Contract Tower,0,0,19,6,25,0,0,5,0,5,0,0,24,6,30,0,0,0,30
10/17/2017,PMD,CA,AWP,WE,Federal Contract Tower,0,0,20,10,30,0,0,9,6,15,0,0,29,16,45,0,17,17,62
10/18/2017,PMD,CA,AWP,WE,Federal Contract Tower,0,0,19,3,22,0,0,10,2,12,0,0,29,5,34,0,0,0,34
10/19/2017,PMD,CA,AWP,WE,Federal Contract Tower,0,0,16,11,27,0,0,7,1,8,0,0,23,12,35,0,8,8,43
10/20/2017,PMD,CA,AWP,WE,Federal Contract Tower,0,0,2,0,2,0,0,0,0,0,0,0,2,0,2,0,2,2,4
10/21/2017,PMD,CA,AWP,WE,Federal Contract Tower,0,0,1,0,1,0,0,1,0,1,0,0,2,0,2,0,0,0,2
10/22/2017,PMD,CA,AWP,WE,Federal Contract Tower,0,0,0,0,0,0,0,0,0,0,0,0,0,0,0,0,0,0,0
10/23/2017,PMD,CA,AWP,WE,Federal Contract Tower,0,0,15,9,24,0,0,6,3,9,0,0,21,12,33,0,10,10,43
10/24/2017,PMD,CA,AWP,WE,Federal Contract Tower,0,0,9,4,13,0,0,7,0,7,0,0,16,4,20,0,22,22,42
10/25/2017,PMD,CA,AWP,WE,Federal Contract Tower,0,0,13,15,28,0,0,10,2,12,0,0,23,17,40,6,99,105,145
10/26/2017,PMD,CA,AWP,WE,Federal Contract Tower,0,0,15,22,37,0,0,13,8,21,0,0,28,30,58,2,36,38,96
10/27/2017,PMD,CA,AWP,WE,Federal Contract Tower,0,0,15,12,27,0,0,9,4,13,0,0,24,16,40,2,50,52,92
10/28/2017,PMD,CA,AWP,WE,Federal Contract Tower,0,0,1,0,1,0,0,1,0,1,0,0,2,0,2,0,0,0,2
10/29/2017,PMD,CA,AWP,WE,Federal Contract Tower,0,0,2,0,2,0,0,0,0,0,0,0,2,0,2,0,0,0,2
10/30/2017,PMD,CA,AWP,WE,Federal Contract Tower,0,0,26,10,36,0,0,9,1,10,0,0,35,11,46,0,28,28,74
10/31/2017,PMD,CA,AWP,WE,Federal Contract Tower,0,0,15,14,29,0,0,6,4,10,0,0,21,18,39,0,50,50,89
11/01/2017,PMD,CA,AWP,WE,Federal Contract Tower,0,0,20,7,27,0,0,15,1,16,0,0,35,8,43,0,32,32,75
11/02/2017,PMD,CA,AWP,WE,Federal Contract Tower,0,0,16,32,48,0,0,4,10,14,0,0,20,42,62,0,104,104,166
11/03/2017,PMD,CA,AWP,WE,Federal Contract Tower,0,0,5,8,13,0,0,3,2,5,0,0,8,10,18,50,8,58,76
11/04/2017,PMD,CA,AWP,WE,Federal Contract Tower,0,0,9,0,9,0,0,1,0,1,0,0,10,0,10,0,0,0,10
11/05/2017,PMD,CA,AWP,WE,Federal Contract Tower,0,0,0,0,0,0,0,0,4,4,0,0,0,4,4,0,12,12,16
11/06/2017,PMD,CA,AWP,WE,Federal Contract Tower,0,0,13,4,17,0,0,4,0,4,0,0,17,4,21,0,4,4,25
11/07/2017,PMD,CA,AWP,WE,Federal Contract Tower,0,0,19,17,36,0,0,11,0,11,0,0,30,17,47,0,28,28,75
11/08/2017,PMD,CA,AWP,WE,Federal Contract Tower,0,0,15,14,29,0,0,6,3,9,0,0,21,17,38,0,66,66,104
11/09/2017,PMD,CA,AWP,WE,Federal Contract Tower,0,0,17,7,24,0,0,11,2,13,0,0,28,9,37,0,32,32,69
11/10/2017,PMD,CA,AWP,WE,Federal Contract Tower,0,0,11,0,11,0,0,8,0,8,0,0,19,0,19,0,0,0,19
11/11/2017,PMD,CA,AWP,WE,Federal Contract Tower,0,0,2,0,2,0,0,0,0,0,0,0,2,0,2,0,0,0,2
11/12/2017,PMD,CA,AWP,WE,Federal Contract Tower,0,0,0,0,0,0,0,1,0,1,0,0,1,0,1,0,0,0,1
11/13/2017,PMD,CA,AWP,WE,Federal Contract Tower,0,0,15,1,16,0,0,9,2,11,0,0,24,3,27,0,0,0,27
11/14/2017,PMD,CA,AWP,WE,Federal Contract Tower,1,0,13,8,22,0,0,11,0,11,1,0,24,8,33,0,36,36,69
11/15/2017,PMD,CA,AWP,WE,Federal Contract Tower,0,0,19,3,22,0,0,8,3,11,0,0,27,6,33,2,92,94,127
11/16/2017,PMD,CA,AWP,WE,Federal Contract Tower,0,0,17,8,25,0,0,10,10,20,0,0,27,18,45,0,30,30,75
11/17/2017,PMD,CA,AWP,WE,Federal Contract Tower,0,0,6,2,8,0,0,2,0,2,0,0,8,2,10,0,10,10,20
11/18/2017,PMD,CA,AWP,WE,Federal Contract Tower,0,0,0,0,0,0,0,0,0,0,0,0,0,0,0,0,0,0,0
11/19/2017,PMD,CA,AWP,WE,Federal Contract Tower,0,0,3,0,3,0,0,0,0,0,0,0,3,0,3,0,0,0,3
11/20/2017,PMD,CA,AWP,WE,Federal Contract Tower,0,0,20,9,29,0,0,6,1,7,0,0,26,10,36,0,4,4,40
11/21/2017,PMD,CA,AWP,WE,Federal Contract Tower,0,0,17,4,21,0,0,6,0,6,0,0,23,4,27,0,4,4,31
11/22/2017,PMD,CA,AWP,WE,Federal Contract Tower,0,0,16,3,19,0,0,11,0,11,0,0,27,3,30,10,0,10,40
11/23/2017,PMD,CA,AWP,WE,Federal Contract Tower,0,0,2,0,2,0,0,4,0,4,0,0,6,0,6,0,0,0,6
11/24/2017,PMD,CA,AWP,WE,Federal Contract Tower,0,0,0,0,0,0,0,0,0,0,0,0,0,0,0,0,0,0,0
11/26/2017,PMD,CA,AWP,WE,Federal Contract Tower,0,0,0,0,0,0,0,0,0,0,0,0,0,0,0,0,0,0,0
11/27/2017,PMD,CA,AWP,WE,Federal Contract Tower,0,0,14,0,14,0,0,5,0,5,0,0,19,0,19,0,0,0,19
11/28/2017,PMD,CA,AWP,WE,Federal Contract Tower,0,0,19,10,29,0,0,7,0,7,0,0,26,10,36,0,44,44,80
11/29/2017,PMD,CA,AWP,WE,Federal Contract Tower,0,0,23,8,31,0,0,3,10,13,0,0,26,18,44,0,38,38,82
11/30/2017,PMD,CA,AWP,WE,Federal Contract Tower,0,0,29,31,60,0,0,7,6,13,0,0,36,37,73,0,30,30,103
12/01/2017,PMD,CA,AWP,WE,Federal Contract Tower,0,0,9,8,17,0,0,1,4,5,0,0,10,12,22,18,14,32,54
12/02/2017,PMD,CA,AWP,WE,Federal Contract Tower,0,0,1,0,1,0,0,5,0,5,0,0,6,0,6,0,0,0,6
12/03/2017,PMD,CA,AWP,WE,Federal Contract Tower,0,0,10,0,10,0,0,0,0,0,0,0,10,0,10,0,0,0,10
12/04/2017,PMD,CA,AWP,WE,Federal Contract Tower,0,0,18,4,22,0,0,9,1,10,0,0,27,5,32,8,6,14,46
12/05/2017,PMD,CA,AWP,WE,Federal Contract Tower,0,0,17,7,24,0,0,11,3,14,0,0,28,10,38,8,8,16,54
12/06/2017,PMD,CA,AWP,WE,Federal Contract Tower,0,0,26,14,40,0,0,10,2,12,0,0,36,16,52,0,34,34,86
12/07/2017,PMD,CA,AWP,WE,Federal Contract Tower,0,0,21,6,27,0,0,8,0,8,0,0,29,6,35,0,0,0,35
12/08/2017,PMD,CA,AWP,WE,Federal Contract Tower,0,4,17,10,31,0,0,4,0,4,0,4,21,10,35,0,10,10,45
12/09/2017,PMD,CA,AWP,WE,Federal Contract Tower,0,0,7,2,9,0,0,1,0,1,0,0,8,2,10,0,4,4,14
12/10/2017,PMD,CA,AWP,WE,Federal Contract Tower,0,0,2,0,2,0,0,0,0,0,0,0,2,0,2,0,0,0,2
12/11/2017,PMD,CA,AWP,WE,Federal Contract Tower,0,0,17,11,28,0,0,5,1,6,0,0,22,12,34,0,20,20,54
12/12/2017,PMD,CA,AWP,WE,Federal Contract Tower,0,0,20,32,52,0,0,7,1,8,0,0,27,33,60,0,50,50,110
12/13/2017,PMD,CA,AWP,WE,Federal Contract Tower,0,0,29,20,49,0,0,15,5,20,0,0,44,25,69,0,16,16,85
12/14/2017,PMD,CA,AWP,WE,Federal Contract Tower,0,0,14,4,18,0,0,8,4,12,0,0,22,8,30,0,7,7,37
12/15/2017,PMD,CA,AWP,WE,Federal Contract Tower,0,0,8,4,12,0,0,2,0,2,0,0,10,4,14,8,12,20,34
12/16/2017,PMD,CA,AWP,WE,Federal Contract Tower,0,0,2,0,2,0,0,0,0,0,0,0,2,0,2,0,0,0,2
12/17/2017,PMD,CA,AWP,WE,Federal Contract Tower,0,0,0,0,0,0,0,0,0,0,0,0,0,0,0,0,0,0,0
12/18/2017,PMD,CA,AWP,WE,Federal Contract Tower,0,0,12,16,28,0,0,5,1,6,0,0,17,17,34,8,42,50,84
12/19/2017,PMD,CA,AWP,WE,Federal Contract Tower,0,0,18,22,40,0,0,5,0,5,0,0,23,22,45,40,60,100,145
12/20/2017,PMD,CA,AWP,WE,Federal Contract Tower,0,0,11,6,17,0,0,5,0,5,0,0,16,6,22,0,8,8,30
12/21/2017,PMD,CA,AWP,WE,Federal Contract Tower,0,0,21,1,22,0,0,10,2,12,0,0,31,3,34,30,16,46,80
12/22/2017,PMD,CA,AWP,WE,Federal Contract Tower,0,0,7,11,18,0,0,1,0,1,0,0,8,11,19,0,0,0,19
12/23/2017,PMD,CA,AWP,WE,Federal Contract Tower,0,0,8,0,8,0,0,2,0,2,0,0,10,0,10,0,0,0,10
12/24/2017,PMD,CA,AWP,WE,Federal Contract Tower,0,0,10,0,10,0,0,0,0,0,0,0,10,0,10,0,0,0,10
12/25/2017,PMD,CA,AWP,WE,Federal Contract Tower,0,0,0,0,0,0,0,0,0,0,0,0,0,0,0,0,0,0,0
12/26/2017,PMD,CA,AWP,WE,Federal Contract Tower,0,0,6,0,6,0,0,0,0,0,0,0,6,0,6,0,0,0,6
12/27/2017,PMD,CA,AWP,WE,Federal Contract Tower,0,0,8,4,12,0,0,0,0,0,0,0,8,4,12,0,12,12,24
12/28/2017,PMD,CA,AWP,WE,Federal Contract Tower,0,0,18,22,40,0,0,0,0,0,0,0,18,22,40,36,16,52,92
12/29/2017,PMD,CA,AWP,WE,Federal Contract Tower,0,0,8,2,10,0,0,0,0,0,0,0,8,2,10,0,0,0,10
12/30/2017,PMD,CA,AWP,WE,Federal Contract Tower,0,0,2,0,2,0,0,0,0,0,0,0,2,0,2,0,0,0,2
12/31/2017,PMD,CA,AWP,WE,Federal Contract Tower,0,0,8,0,8,0,0,0,0,0,0,0,8,0,8,0,0,0,8
01/01/2018,PMD,CA,AWP,WE,Federal Contract Tower,0,0,4,0,4,0,0,0,0,0,0,0,4,0,4,0,0,0,4
01/02/2018,PMD,CA,AWP,WE,Federal Contract Tower,0,0,11,0,11,0,0,4,0,4,0,0,15,0,15,0,0,0,15
01/03/2018,PMD,CA,AWP,WE,Federal Contract Tower,0,0,16,42,58,0,0,7,2,9,0,0,23,44,67,28,68,96,163
01/04/2018,PMD,CA,AWP,WE,Federal Contract Tower,0,0,17,24,41,0,0,6,0,6,0,0,23,24,47,16,76,92,139
01/05/2018,PMD,CA,AWP,WE,Federal Contract Tower,0,0,21,17,38,0,0,4,0,4,0,0,25,17,42,0,16,16,58
01/06/2018,PMD,CA,AWP,WE,Federal Contract Tower,0,0,10,4,14,0,0,0,10,10,0,0,10,14,24,0,6,6,30
01/07/2018,PMD,CA,AWP,WE,Federal Contract Tower,0,0,2,0,2,0,0,0,0,0,0,0,2,0,2,0,0,0,2
01/08/2018,PMD,CA,AWP,WE,Federal Contract Tower,0,0,16,27,43,0,0,0,2,2,0,0,16,29,45,0,22,22,67
01/09/2018,PMD,CA,AWP,WE,Federal Contract Tower,0,0,8,4,12,0,0,2,0,2,0,0,10,4,14,0,0,0,14
01/10/2018,PMD,CA,AWP,WE,Federal Contract Tower,0,0,17,5,22,0,0,7,10,17,0,0,24,15,39,0,14,14,53
01/11/2018,PMD,CA,AWP,WE,Federal Contract Tower,0,0,25,25,50,0,0,7,12,19,0,0,32,37,69,0,34,34,103
01/12/2018,PMD,CA,AWP,WE,Federal Contract Tower,0,0,23,6,29,0,0,1,0,1,0,0,24,6,30,22,10,32,62
01/13/2018,PMD,CA,AWP,WE,Federal Contract Tower,0,0,15,0,15,0,0,0,0,0,0,0,15,0,15,0,0,0,15
01/14/2018,PMD,CA,AWP,WE,Federal Contract Tower,0,0,2,0,2,0,0,0,0,0,0,0,2,0,2,0,0,0,2
01/15/2018,PMD,CA,AWP,WE,Federal Contract Tower,0,0,19,0,19,0,0,6,0,6,0,0,25,0,25,0,0,0,25
01/16/2018,PMD,CA,AWP,WE,Federal Contract Tower,0,0,14,28,42,0,0,2,0,2,0,0,16,28,44,0,78,78,122
01/17/2018,PMD,CA,AWP,WE,Federal Contract Tower,0,0,24,31,55,0,0,8,12,20,0,0,32,43,75,6,98,104,179
01/18/2018,PMD,CA,AWP,WE,Federal Contract Tower,0,0,29,21,50,0,0,9,13,22,0,0,38,34,72,0,63,63,135
01/19/2018,PMD,CA,AWP,WE,Federal Contract Tower,0,0,21,10,31,0,0,3,0,3,0,0,24,10,34,0,16,16,50
01/20/2018,PMD,CA,AWP,WE,Federal Contract Tower,0,0,6,0,6,0,0,0,0,0,0,0,6,0,6,0,0,0,6
01/21/2018,PMD,CA,AWP,WE,Federal Contract Tower,0,0,10,4,14,0,0,0,0,0,0,0,10,4,14,0,0,0,14
01/22/2018,PMD,CA,AWP,WE,Federal Contract Tower,0,0,18,2,20,0,0,7,0,7,0,0,25,2,27,0,0,0,27
01/23/2018,PMD,CA,AWP,WE,Federal Contract Tower,0,0,33,4,37,0,0,11,4,15,0,0,44,8,52,0,30,30,82
01/24/2018,PMD,CA,AWP,WE,Federal Contract Tower,0,0,28,11,39,0,0,10,5,15,0,0,38,16,54,0,56,56,110
01/25/2018,PMD,CA,AWP,WE,Federal Contract Tower,0,0,18,16,34,0,0,15,19,34,0,0,33,35,68,2,16,18,86
01/26/2018,PMD,CA,AWP,WE,Federal Contract Tower,0,0,18,7,25,0,0,2,1,3,0,0,20,8,28,0,6,6,34
01/27/2018,PMD,CA,AWP,WE,Federal Contract Tower,0,0,1,0,1,0,0,1,0,1,0,0,2,0,2,0,0,0,2
01/28/2018,PMD,CA,AWP,WE,Federal Contract Tower,0,0,8,0,8,0,0,0,0,0,0,0,8,0,8,0,0,0,8
01/29/2018,PMD,CA,AWP,WE,Federal Contract Tower,0,0,21,15,36,0,0,7,0,7,0,0,28,15,43,0,14,14,57
01/30/2018,PMD,CA,AWP,WE,Federal Contract Tower,0,0,46,35,81,0,0,9,3,12,0,0,55,38,93,0,104,104,197
01/31/2018,PMD,CA,AWP,WE,Federal Contract Tower,0,0,19,45,64,0,0,10,4,14,0,0,29,49,78,0,92,92,170
02/01/2018,PMD,CA,AWP,WE,Federal Contract Tower,0,0,31,32,63,0,0,11,1,12,0,0,42,33,75,2,90,92,167
02/02/2018,PMD,CA,AWP,WE,Federal Contract Tower,0,0,19,36,55,0,0,5,2,7,0,0,24,38,62,0,48,48,110
02/04/2018,PMD,CA,AWP,WE,Federal Contract Tower,0,0,5,0,5,0,0,0,0,0,0,0,5,0,5,0,0,0,5
02/05/2018,PMD,CA,AWP,WE,Federal Contract Tower,0,0,17,12,29,0,0,6,0,6,0,0,23,12,35,0,26,26,61
02/06/2018,PMD,CA,AWP,WE,Federal Contract Tower,0,0,14,19,33,0,0,13,4,17,0,0,27,23,50,0,116,116,166
02/07/2018,PMD,CA,AWP,WE,Federal Contract Tower,0,0,23,21,44,0,0,11,5,16,0,0,34,26,60,4,76,80,140
02/08/2018,PMD,CA,AWP,WE,Federal Contract Tower,0,0,19,17,36,0,0,12,1,13,0,0,31,18,49,0,96,96,145
02/09/2018,PMD,CA,AWP,WE,Federal Contract Tower,0,0,8,25,33,0,0,2,0,2,0,0,10,25,35,0,1,1,36
02/10/2018,PMD,CA,AWP,WE,Federal Contract Tower,0,0,16,0,16,0,0,2,0,2,0,0,18,0,18,0,38,38,56
02/11/2018,PMD,CA,AWP,WE,Federal Contract Tower,0,0,11,0,11,0,0,1,0,1,0,0,12,0,12,0,0,0,12
02/12/2018,PMD,CA,AWP,WE,Federal Contract Tower,0,0,21,2,23,0,0,6,4,10,0,0,27,6,33,0,34,34,67
02/13/2018,PMD,CA,AWP,WE,Federal Contract Tower,0,0,32,23,55,0,0,12,6,18,0,0,44,29,73,0,73,73,146
02/14/2018,PMD,CA,AWP,WE,Federal Contract Tower,0,0,30,28,58,0,0,4,2,6,0,0,34,30,64,0,78,78,142
02/15/2018,PMD,CA,AWP,WE,Federal Contract Tower,0,0,39,12,51,0,0,6,5,11,0,0,45,17,62,0,95,95,157
02/16/2018,PMD,CA,AWP,WE,Federal Contract Tower,0,0,15,0,15,0,0,4,0,4,0,0,19,0,19,0,0,0,19
02/17/2018,PMD,CA,AWP,WE,Federal Contract Tower,0,0,6,0,6,0,0,0,0,0,0,0,6,0,6,0,0,0,6
02/18/2018,PMD,CA,AWP,WE,Federal Contract Tower,0,0,0,0,0,0,0,0,0,0,0,0,0,0,0,0,0,0,0
02/19/2018,PMD,CA,AWP,WE,Federal Contract Tower,0,0,11,0,11,0,0,3,0,3,0,0,14,0,14,0,0,0,14
02/20/2018,PMD,CA,AWP,WE,Federal Contract Tower,0,0,30,14,44,0,0,5,0,5,0,0,35,14,49,0,63,63,112
02/21/2018,PMD,CA,AWP,WE,Federal Contract Tower,0,0,16,36,52,0,0,8,9,17,0,0,24,45,69,0,116,116,185
02/22/2018,PMD,CA,AWP,WE,Federal Contract Tower,0,0,15,13,28,0,0,14,8,22,0,0,29,21,50,4,94,98,148
02/23/2018,PMD,CA,AWP,WE,Federal Contract Tower,0,0,4,7,11,0,0,3,0,3,0,0,7,7,14,0,12,12,26
02/24/2018,PMD,CA,AWP,WE,Federal Contract Tower,0,0,11,0,11,0,0,1,0,1,0,0,12,0,12,0,0,0,12
02/25/2018,PMD,CA,AWP,WE,Federal Contract Tower,0,0,0,0,0,0,0,0,0,0,0,0,0,0,0,0,0,0,0
02/26/2018,PMD,CA,AWP,WE,Federal Contract Tower,0,0,14,9,23,0,0,6,2,8,0,0,20,11,31,2,6,8,39
02/27/2018,PMD,CA,AWP,WE,Federal Contract Tower,0,0,19,29,48,0,0,2,3,5,0,0,21,32,53,0,58,58,111
02/28/2018,PMD,CA,AWP,WE,Federal Contract Tower,0,0,21,44,65,0,0,11,4,15,0,0,32,48,80,6,52,58,138
03/01/2018,PMD,CA,AWP,WE,Federal Contract Tower,0,0,14,34,48,0,0,9,16,25,0,0,23,50,73,0,20,20,93
03/02/2018,PMD,CA,AWP,WE,Federal Contract Tower,0,0,18,25,43,0,0,1,3,4,0,0,19,28,47,0,18,18,65
03/03/2018,PMD,CA,AWP,WE,Federal Contract Tower,0,0,0,0,0,0,0,0,0,0,0,0,0,0,0,0,0,0,0
03/04/2018,PMD,CA,AWP,WE,Federal Contract Tower,0,0,0,6,6,0,0,0,0,0,0,0,0,6,6,0,0,0,6
03/05/2018,PMD,CA,AWP,WE,Federal Contract Tower,0,0,25,4,29,0,0,7,2,9,0,0,32,6,38,0,26,26,64
03/06/2018,PMD,CA,AWP,WE,Federal Contract Tower,0,0,22,15,37,0,0,7,0,7,0,0,29,15,44,0,66,66,110
03/07/2018,PMD,CA,AWP,WE,Federal Contract Tower,0,0,20,40,60,0,0,8,3,11,0,0,28,43,71,2,58,60,131
03/08/2018,PMD,CA,AWP,WE,Federal Contract Tower,0,0,12,32,44,0,0,18,5,23,0,0,30,37,67,0,91,91,158
03/09/2018,PMD,CA,AWP,WE,Federal Contract Tower,0,0,11,20,31,0,3,4,0,7,0,3,15,20,38,12,34,46,84
03/10/2018,PMD,CA,AWP,WE,Federal Contract Tower,0,0,6,0,6,0,0,0,0,0,0,0,6,0,6,0,0,0,6
03/11/2018,PMD,CA,AWP,WE,Federal Contract Tower,0,0,0,0,0,0,0,0,0,0,0,0,0,0,0,0,0,0,0
03/12/2018,PMD,CA,AWP,WE,Federal Contract Tower,0,0,17,17,34,0,0,7,1,8,0,0,24,18,42,28,14,42,84
03/13/2018,PMD,CA,AWP,WE,Federal Contract Tower,0,0,22,9,31,0,0,4,2,6,0,0,26,11,37,8,34,42,79
03/14/2018,PMD,CA,AWP,WE,Federal Contract Tower,0,0,19,25,44,0,0,2,0,2,0,0,21,25,46,0,18,18,64
03/15/2018,PMD,CA,AWP,WE,Federal Contract Tower,0,0,14,30,44,0,0,1,0,1,0,0,15,30,45,4,92,96,141
03/16/2018,PMD,CA,AWP,WE,Federal Contract Tower,0,0,15,22,37,0,0,5,2,7,0,0,20,24,44,0,20,20,64
03/17/2018,PMD,CA,AWP,WE,Federal Contract Tower,0,0,8,0,8,0,0,0,0,0,0,0,8,0,8,0,0,0,8
03/18/2018,PMD,CA,AWP,WE,Federal Contract Tower,0,0,3,0,3,0,0,0,0,0,0,0,3,0,3,0,0,0,3
03/19/2018,PMD,CA,AWP,WE,Federal Contract Tower,0,0,31,15,46,0,0,4,2,6,0,0,35,17,52,0,32,32,84
03/20/2018,PMD,CA,AWP,WE,Federal Contract Tower,0,0,14,25,39,0,0,6,0,6,0,0,20,25,45,2,42,44,89
03/21/2018,PMD,CA,AWP,WE,Federal Contract Tower,0,0,22,22,44,0,0,0,1,1,0,0,22,23,45,0,2,2,47
03/22/2018,PMD,CA,AWP,WE,Federal Contract Tower,0,0,12,12,24,0,0,0,0,0,0,0,12,12,24,0,0,0,24
03/23/2018,PMD,CA,AWP,WE,Federal Contract Tower,0,0,7,11,18,0,0,2,0,2,0,0,9,11,20,0,6,6,26
03/24/2018,PMD,CA,AWP,WE,Federal Contract Tower,0,0,2,0,2,0,0,3,0,3,0,0,5,0,5,4,0,4,9
03/25/2018,PMD,CA,AWP,WE,Federal Contract Tower,0,0,4,0,4,0,0,0,0,0,0,0,4,0,4,0,0,0,4
03/26/2018,PMD,CA,AWP,WE,Federal Contract Tower,0,0,20,7,27,0,0,4,5,9,0,0,24,12,36,0,4,4,40
03/27/2018,PMD,CA,AWP,WE,Federal Contract Tower,0,0,35,31,66,0,0,7,3,10,0,0,42,34,76,8,32,40,116
03/28/2018,PMD,CA,AWP,WE,Federal Contract Tower,0,0,25,11,36,0,0,10,0,10,0,0,35,11,46,10,32,42,88
03/29/2018,PMD,CA,AWP,WE,Federal Contract Tower,0,0,48,32,80,0,0,11,4,15,0,0,59,36,95,0,44,44,139
03/30/2018,PMD,CA,AWP,WE,Federal Contract Tower,0,0,32,32,64,0,0,7,0,7,0,0,39,32,71,12,58,70,141
03/31/2018,PMD,CA,AWP,WE,Federal Contract Tower,0,0,8,0,8,0,0,0,0,0,0,0,8,0,8,0,0,0,8
04/01/2018,PMD,CA,AWP,WE,Federal Contract Tower,0,0,0,0,0,0,0,0,0,0,0,0,0,0,0,0,0,0,0
04/02/2018,PMD,CA,AWP,WE,Federal Contract Tower,0,0,16,23,39,0,0,4,1,5,0,0,20,24,44,0,30,30,74
04/03/2018,PMD,CA,AWP,WE,Federal Contract Tower,0,0,21,38,59,0,0,11,0,11,0,0,32,38,70,0,52,52,122
04/04/2018,PMD,CA,AWP,WE,Federal Contract Tower,0,0,19,36,55,0,0,6,2,8,0,0,25,38,63,0,88,88,151
04/05/2018,PMD,CA,AWP,WE,Federal Contract Tower,0,0,20,38,58,0,0,9,4,13,0,0,29,42,71,4,63,67,138
04/06/2018,PMD,CA,AWP,WE,Federal Contract Tower,0,0,3,9,12,0,0,4,1,5,0,0,7,10,17,0,18,18,35
04/07/2018,PMD,CA,AWP,WE,Federal Contract Tower,0,0,0,0,0,0,0,2,0,2,0,0,2,0,2,0,0,0,2
04/08/2018,PMD,CA,AWP,WE,Federal Contract Tower,0,0,20,2,22,0,0,0,0,0,0,0,20,2,22,0,0,0,22
04/09/2018,PMD,CA,AWP,WE,Federal Contract Tower,0,0,41,12,53,0,0,12,0,12,0,0,53,12,65,44,24,68,133
04/10/2018,PMD,CA,AWP,WE,Federal Contract Tower,0,0,32,10,42,0,0,8,1,9,0,0,40,11,51,0,18,18,69
04/11/2018,PMD,CA,AWP,WE,Federal Contract Tower,0,0,22,16,38,0,0,7,1,8,0,0,29,17,46,0,4,4,50
04/12/2018,PMD,CA,AWP,WE,Federal Contract Tower,0,0,8,8,16,0,0,7,3,10,0,0,15,11,26,16,35,51,77
04/13/2018,PMD,CA,AWP,WE,Federal Contract Tower,0,0,14,5,19,0,0,9,5,14,0,0,23,10,33,0,49,49,82
04/14/2018,PMD,CA,AWP,WE,Federal Contract Tower,0,0,10,0,10,0,0,0,0,0,0,0,10,0,10,0,0,0,10
04/15/2018,PMD,CA,AWP,WE,Federal Contract Tower,0,0,2,0,2,0,0,0,0,0,0,0,2,0,2,0,0,0,2
04/16/2018,PMD,CA,AWP,WE,Federal Contract Tower,0,0,13,2,15,0,0,6,0,6,0,0,19,2,21,20,0,20,41
04/17/2018,PMD,CA,AWP,WE,Federal Contract Tower,0,0,10,20,30,0,0,5,10,15,0,0,15,30,45,0,62,62,107
04/18/2018,PMD,CA,AWP,WE,Federal Contract Tower,0,0,17,18,35,0,0,13,5,18,0,0,30,23,53,22,36,58,111
04/19/2018,PMD,CA,AWP,WE,Federal Contract Tower,0,0,22,7,29,0,0,19,0,19,0,0,41,7,48,0,0,0,48
04/20/2018,PMD,CA,AWP,WE,Federal Contract Tower,0,0,5,15,20,0,0,0,2,2,0,0,5,17,22,0,26,26,48
04/21/2018,PMD,CA,AWP,WE,Federal Contract Tower,0,0,16,0,16,0,0,2,0,2,0,0,18,0,18,0,0,0,18
04/22/2018,PMD,CA,AWP,WE,Federal Contract Tower,0,0,6,20,26,0,0,0,0,0,0,0,6,20,26,0,0,0,26
04/23/2018,PMD,CA,AWP,WE,Federal Contract Tower,0,0,31,11,42,0,0,5,0,5,0,0,36,11,47,0,0,0,47
04/24/2018,PMD,CA,AWP,WE,Federal Contract Tower,0,0,25,20,45,0,0,10,0,10,0,0,35,20,55,0,18,18,73
04/25/2018,PMD,CA,AWP,WE,Federal Contract Tower,0,0,31,12,43,0,0,9,3,12,0,0,40,15,55,0,8,8,63
04/26/2018,PMD,CA,AWP,WE,Federal Contract Tower,0,0,22,15,37,0,0,8,0,8,0,0,30,15,45,2,102,104,149
04/27/2018,PMD,CA,AWP,WE,Federal Contract Tower,4,0,25,4,33,0,0,6,0,6,4,0,31,4,39,6,16,22,61
04/28/2018,PMD,CA,AWP,WE,Federal Contract Tower,0,0,1,0,1,0,0,1,0,1,0,0,2,0,2,0,0,0,2
04/29/2018,PMD,CA,AWP,WE,Federal Contract Tower,0,0,0,0,0,0,0,0,0,0,0,0,0,0,0,0,0,0,0
04/30/2018,PMD,CA,AWP,WE,Federal Contract Tower,0,0,25,33,58,0,0,3,0,3,0,0,28,33,61,0,30,30,91
05/01/2018,PMD,CA,AWP,WE,Federal Contract Tower,0,0,15,38,53,0,0,2,0,2,0,0,17,38,55,4,87,91,146
05/02/2018,PMD,CA,AWP,WE,Federal Contract Tower,0,0,22,40,62,0,0,10,0,10,0,0,32,40,72,0,20,20,92
05/03/2018,PMD,CA,AWP,WE,Federal Contract Tower,0,0,22,26,48,0,0,7,3,10,0,0,29,29,58,0,52,52,110
05/04/2018,PMD,CA,AWP,WE,Federal Contract Tower,0,0,20,15,35,0,0,2,1,3,0,0,22,16,38,0,42,42,80
05/05/2018,PMD,CA,AWP,WE,Federal Contract Tower,0,0,2,0,2,0,0,0,0,0,0,0,2,0,2,0,78,78,80
05/06/2018,PMD,CA,AWP,WE,Federal Contract Tower,0,0,0,0,0,0,0,0,0,0,0,0,0,0,0,0,0,0,0
05/07/2018,PMD,CA,AWP,WE,Federal Contract Tower,0,0,17,2,19,0,0,6,0,6,0,0,23,2,25,20,20,40,65
05/08/2018,PMD,CA,AWP,WE,Federal Contract Tower,0,0,23,22,45,0,0,9,0,9,0,0,32,22,54,0,6,6,60
05/09/2018,PMD,CA,AWP,WE,Federal Contract Tower,0,0,23,30,53,0,0,11,10,21,0,0,34,40,74,0,88,88,162
05/10/2018,PMD,CA,AWP,WE,Federal Contract Tower,0,0,16,8,24,0,0,6,1,7,0,0,22,9,31,0,99,99,130
05/11/2018,PMD,CA,AWP,WE,Federal Contract Tower,0,0,16,0,16,0,0,8,0,8,0,0,24,0,24,0,0,0,24
05/12/2018,PMD,CA,AWP,WE,Federal Contract Tower,0,0,2,0,2,0,0,0,0,0,0,0,2,0,2,0,0,0,2
05/13/2018,PMD,CA,AWP,WE,Federal Contract Tower,0,0,4,0,4,0,0,0,0,0,0,0,4,0,4,0,0,0,4
05/14/2018,PMD,CA,AWP,WE,Federal Contract Tower,0,0,18,10,28,0,0,3,3,6,0,0,21,13,34,6,56,62,96
05/15/2018,PMD,CA,AWP,WE,Federal Contract Tower,0,0,18,20,38,0,0,11,13,24,0,0,29,33,62,0,68,68,130
05/16/2018,PMD,CA,AWP,WE,Federal Contract Tower,0,0,14,31,45,0,0,9,5,14,0,0,23,36,59,0,82,82,141
05/17/2018,PMD,CA,AWP,WE,Federal Contract Tower,0,0,21,24,45,0,0,10,4,14,0,0,31,28,59,0,20,20,79
05/18/2018,PMD,CA,AWP,WE,Federal Contract Tower,0,0,14,8,22,0,0,3,0,3,0,0,17,8,25,0,8,8,33
05/19/2018,PMD,CA,AWP,WE,Federal Contract Tower,0,0,0,8,8,0,0,0,0,0,0,0,0,8,8,10,20,30,38
05/20/2018,PMD,CA,AWP,WE,Federal Contract Tower,0,0,4,0,4,0,0,0,0,0,0,0,4,0,4,0,0,0,4
05/21/2018,PMD,CA,AWP,WE,Federal Contract Tower,0,0,13,0,13,0,0,5,0,5,0,0,18,0,18,2,0,2,20
05/22/2018,PMD,CA,AWP,WE,Federal Contract Tower,0,0,14,14,28,0,0,11,0,11,0,0,25,14,39,4,22,26,65
05/23/2018,PMD,CA,AWP,WE,Federal Contract Tower,0,0,28,30,58,0,0,6,4,10,0,0,34,34,68,6,58,64,132
05/24/2018,PMD,CA,AWP,WE,Federal Contract Tower,0,0,21,15,36,0,0,12,1,13,0,0,33,16,49,2,32,34,83
05/25/2018,PMD,CA,AWP,WE,Federal Contract Tower,0,0,17,6,23,0,0,5,0,5,0,0,22,6,28,0,0,0,28
05/26/2018,PMD,CA,AWP,WE,Federal Contract Tower,0,0,2,0,2,0,0,0,0,0,0,0,2,0,2,0,0,0,2
05/27/2018,PMD,CA,AWP,WE,Federal Contract Tower,0,0,4,0,4,0,0,0,0,0,0,0,4,0,4,0,0,0,4
05/28/2018,PMD,CA,AWP,WE,Federal Contract Tower,0,0,8,0,8,0,0,0,0,0,0,0,8,0,8,0,0,0,8
05/29/2018,PMD,CA,AWP,WE,Federal Contract Tower,0,0,25,39,64,0,0,7,2,9,0,0,32,41,73,2,98,100,173
05/30/2018,PMD,CA,AWP,WE,Federal Contract Tower,0,0,27,37,64,0,0,6,11,17,0,0,33,48,81,6,48,54,135
05/31/2018,PMD,CA,AWP,WE,Federal Contract Tower,0,0,21,21,42,0,0,8,3,11,0,0,29,24,53,0,62,62,115
06/01/2018,PMD,CA,AWP,WE,Federal Contract Tower,0,0,19,12,31,0,0,2,0,2,0,0,21,12,33,0,10,10,43
06/02/2018,PMD,CA,AWP,WE,Federal Contract Tower,0,0,5,4,9,0,0,2,10,12,0,0,7,14,21,14,2,16,37
06/03/2018,PMD,CA,AWP,WE,Federal Contract Tower,0,0,2,0,2,0,0,0,0,0,0,0,2,0,2,0,0,0,2
06/04/2018,PMD,CA,AWP,WE,Federal Contract Tower,0,0,19,19,38,0,0,8,0,8,0,0,27,19,46,0,8,8,54
06/05/2018,PMD,CA,AWP,WE,Federal Contract Tower,0,0,19,23,42,0,0,9,5,14,0,0,28,28,56,0,30,30,86
06/06/2018,PMD,CA,AWP,WE,Federal Contract Tower,0,0,33,21,54,0,0,16,0,16,0,0,49,21,70,10,64,74,144
06/07/2018,PMD,CA,AWP,WE,Federal Contract Tower,0,0,47,33,80,0,0,10,13,23,0,0,57,46,103,11,56,67,170
06/08/2018,PMD,CA,AWP,WE,Federal Contract Tower,0,0,27,5,32,0,0,11,3,14,0,0,38,8,46,16,18,34,80
06/09/2018,PMD,CA,AWP,WE,Federal Contract Tower,0,0,1,0,1,0,0,1,0,1,0,0,2,0,2,22,0,22,24
06/10/2018,PMD,CA,AWP,WE,Federal Contract Tower,0,0,0,0,0,0,0,0,0,0,0,0,0,0,0,0,0,0,0
06/11/2018,PMD,CA,AWP,WE,Federal Contract Tower,0,0,15,14,29,0,0,6,0,6,0,0,21,14,35,0,12,12,47
06/12/2018,PMD,CA,AWP,WE,Federal Contract Tower,0,0,26,22,48,0,0,10,2,12,0,0,36,24,60,10,36,46,106
06/13/2018,PMD,CA,AWP,WE,Federal Contract Tower,0,0,24,19,43,0,0,8,3,11,0,0,32,22,54,18,72,90,144
06/14/2018,PMD,CA,AWP,WE,Federal Contract Tower,0,0,24,30,54,0,0,9,5,14,0,0,33,35,68,6,32,38,106
06/15/2018,PMD,CA,AWP,WE,Federal Contract Tower,0,0,16,5,21,0,0,2,0,2,0,0,18,5,23,38,20,58,81
06/16/2018,PMD,CA,AWP,WE,Federal Contract Tower,0,0,8,0,8,0,0,0,0,0,0,0,8,0,8,14,0,14,22
06/17/2018,PMD,CA,AWP,WE,Federal Contract Tower,0,0,0,0,0,0,0,0,0,0,0,0,0,0,0,0,0,0,0
06/18/2018,PMD,CA,AWP,WE,Federal Contract Tower,0,0,21,18,39,0,0,10,0,10,0,0,31,18,49,0,12,12,61
06/19/2018,PMD,CA,AWP,WE,Federal Contract Tower,0,0,14,33,47,0,0,6,9,15,0,0,20,42,62,0,38,38,100
06/20/2018,PMD,CA,AWP,WE,Federal Contract Tower,0,0,19,34,53,0,0,8,8,16,0,0,27,42,69,0,30,30,99
06/21/2018,PMD,CA,AWP,WE,Federal Contract Tower,0,0,35,13,48,0,0,12,3,15,0,0,47,16,63,0,12,12,75
06/22/2018,PMD,CA,AWP,WE,Federal Contract Tower,0,0,28,20,48,0,0,11,2,13,0,0,39,22,61,18,10,28,89
06/24/2018,PMD,CA,AWP,WE,Federal Contract Tower,0,0,10,0,10,0,0,0,0,0,0,0,10,0,10,0,0,0,10
06/25/2018,PMD,CA,AWP,WE,Federal Contract Tower,0,0,22,13,35,0,0,17,1,18,0,0,39,14,53,0,20,20,73
06/26/2018,PMD,CA,AWP,WE,Federal Contract Tower,0,0,24,29,53,0,0,8,2,10,0,0,32,31,63,0,33,33,96
06/27/2018,PMD,CA,AWP,WE,Federal Contract Tower,0,0,14,24,38,0,0,11,2,13,0,0,25,26,51,18,52,70,121
06/28/2018,PMD,CA,AWP,WE,Federal Contract Tower,0,0,29,51,80,0,0,12,5,17,0,0,41,56,97,0,98,98,195
06/29/2018,PMD,CA,AWP,WE,Federal Contract Tower,0,0,12,21,33,0,0,2,0,2,0,0,14,21,35,0,36,36,71
06/30/2018,PMD,CA,AWP,WE,Federal Contract Tower,0,0,2,0,2,0,0,0,0,0,0,0,2,0,2,0,0,0,2
07/01/2018,PMD,CA,AWP,WE,Federal Contract Tower,0,0,2,0,2,0,0,0,0,0,0,0,2,0,2,0,0,0,2
07/02/2018,PMD,CA,AWP,WE,Federal Contract Tower,0,0,26,8,34,0,0,9,2,11,0,0,35,10,45,0,8,8,53
07/03/2018,PMD,CA,AWP,WE,Federal Contract Tower,0,0,18,14,32,0,0,9,5,14,0,0,27,19,46,0,24,24,70
07/04/2018,PMD,CA,AWP,WE,Federal Contract Tower,0,0,6,0,6,0,0,0,0,0,0,0,6,0,6,0,0,0,6
07/05/2018,PMD,CA,AWP,WE,Federal Contract Tower,0,0,13,0,13,0,0,11,0,11,0,0,24,0,24,2,0,2,26
07/06/2018,PMD,CA,AWP,WE,Federal Contract Tower,0,0,20,20,40,0,0,7,11,18,0,0,27,31,58,10,50,60,118
07/07/2018,PMD,CA,AWP,WE,Federal Contract Tower,0,0,4,0,4,0,0,3,3,6,0,0,7,3,10,16,22,38,48
07/08/2018,PMD,CA,AWP,WE,Federal Contract Tower,0,0,0,0,0,0,0,0,5,5,0,0,0,5,5,0,2,2,7
07/09/2018,PMD,CA,AWP,WE,Federal Contract Tower,0,0,16,2,18,0,0,8,4,12,0,0,24,6,30,0,10,10,40
07/10/2018,PMD,CA,AWP,WE,Federal Contract Tower,0,0,20,35,55,0,0,9,10,19,0,0,29,45,74,0,94,94,168
07/11/2018,PMD,CA,AWP,WE,Federal Contract Tower,0,0,18,2,20,0,0,17,10,27,0,0,35,12,47,20,35,55,102
07/12/2018,PMD,CA,AWP,WE,Federal Contract Tower,0,0,21,12,33,0,0,7,6,13,0,0,28,18,46,0,8,8,54
07/13/2018,PMD,CA,AWP,WE,Federal Contract Tower,4,0,11,20,35,0,0,3,1,4,4,0,14,21,39,0,28,28,67
07/14/2018,PMD,CA,AWP,WE,Federal Contract Tower,0,0,6,0,6,0,0,0,0,0,0,0,6,0,6,0,0,0,6
07/15/2018,PMD,CA,AWP,WE,Federal Contract Tower,0,0,0,0,0,0,0,0,4,4,0,0,0,4,4,0,0,0,4
07/16/2018,PMD,CA,AWP,WE,Federal Contract Tower,0,0,14,23,37,0,0,7,3,10,0,0,21,26,47,0,8,8,55
07/17/2018,PMD,CA,AWP,WE,Federal Contract Tower,0,0,18,22,40,0,0,6,5,11,0,0,24,27,51,18,64,82,133
07/18/2018,PMD,CA,AWP,WE,Federal Contract Tower,0,0,22,19,41,0,0,9,14,23,0,0,31,33,64,34,112,146,210
07/19/2018,PMD,CA,AWP,WE,Federal Contract Tower,0,0,19,21,40,0,0,9,3,12,0,0,28,24,52,0,108,108,160
07/20/2018,PMD,CA,AWP,WE,Federal Contract Tower,0,0,19,20,39,0,0,9,6,15,0,0,28,26,54,10,30,40,94
07/21/2018,PMD,CA,AWP,WE,Federal Contract Tower,0,0,2,0,2,0,0,4,2,6,0,0,6,2,8,2,0,2,10
07/22/2018,PMD,CA,AWP,WE,Federal Contract Tower,0,0,0,2,2,0,0,4,4,8,0,0,4,6,10,0,0,0,10
07/23/2018,PMD,CA,AWP,WE,Federal Contract Tower,0,0,18,25,43,0,0,12,4,16,0,0,30,29,59,0,64,64,123
07/24/2018,PMD,CA,AWP,WE,Federal Contract Tower,0,0,12,13,25,0,0,12,5,17,0,0,24,18,42,34,62,96,138
07/25/2018,PMD,CA,AWP,WE,Federal Contract Tower,0,0,27,12,39,0,0,11,0,11,0,0,38,12,50,16,58,74,124
07/26/2018,PMD,CA,AWP,WE,Federal Contract Tower,0,0,22,8,30,0,0,6,1,7,0,0,28,9,37,14,20,34,71
07/27/2018,PMD,CA,AWP,WE,Federal Contract Tower,0,0,13,21,34,0,0,0,2,2,0,0,13,23,36,4,32,36,72
07/28/2018,PMD,CA,AWP,WE,Federal Contract Tower,0,0,4,0,4,0,0,0,0,0,0,0,4,0,4,2,0,2,6
07/29/2018,PMD,CA,AWP,WE,Federal Contract Tower,0,0,2,0,2,0,0,0,0,0,0,0,2,0,2,0,0,0,2
07/30/2018,PMD,CA,AWP,WE,Federal Contract Tower,0,0,16,23,39,0,0,14,1,15,0,0,30,24,54,26,62,88,142
07/31/2018,PMD,CA,AWP,WE,Federal Contract Tower,0,0,14,7,21,0,0,12,7,19,0,0,26,14,40,2,60,62,102
08/01/2018,PMD,CA,AWP,WE,Federal Contract Tower,0,0,15,8,23,0,0,9,4,13,0,0,24,12,36,0,46,46,82
08/02/2018,PMD,CA,AWP,WE,Federal Contract Tower,0,0,15,31,46,0,0,7,9,16,0,0,22,40,62,2,46,48,110
08/03/2018,PMD,CA,AWP,WE,Federal Contract Tower,0,0,23,36,59,0,0,8,5,13,0,0,31,41,72,2,84,86,158
08/04/2018,PMD,CA,AWP,WE,Federal Contract Tower,0,0,14,10,24,0,0,2,0,2,0,0,16,10,26,0,36,36,62
08/05/2018,PMD,CA,AWP,WE,Federal Contract Tower,0,0,10,0,10,0,0,4,0,4,0,0,14,0,14,0,0,0,14
08/06/2018,PMD,CA,AWP,WE,Federal Contract Tower,0,0,14,10,24,0,0,7,2,9,0,0,21,12,33,0,16,16,49
08/07/2018,PMD,CA,AWP,WE,Federal Contract Tower,0,0,12,24,36,0,0,3,0,3,0,0,15,24,39,0,82,82,121
08/08/2018,PMD,CA,AWP,WE,Federal Contract Tower,0,0,40,42,82,0,0,16,2,18,0,0,56,44,100,4,70,74,174
08/09/2018,PMD,CA,AWP,WE,Federal Contract Tower,0,0,23,20,43,0,0,11,11,22,0,0,34,31,65,0,74,74,139
08/10/2018,PMD,CA,AWP,WE,Federal Contract Tower,0,0,12,31,43,0,0,1,4,5,0,0,13,35,48,2,40,42,90
08/11/2018,PMD,CA,AWP,WE,Federal Contract Tower,0,0,8,0,8,0,0,0,1,1,0,0,8,1,9,0,0,0,9
08/12/2018,PMD,CA,AWP,WE,Federal Contract Tower,0,0,2,2,4,0,0,4,3,7,0,0,6,5,11,0,0,0,11
08/13/2018,PMD,CA,AWP,WE,Federal Contract Tower,0,0,27,4,31,0,0,8,5,13,0,0,35,9,44,0,53,53,97
08/14/2018,PMD,CA,AWP,WE,Federal Contract Tower,0,0,25,19,44,0,0,10,11,21,0,0,35,30,65,0,70,70,135
08/15/2018,PMD,CA,AWP,WE,Federal Contract Tower,0,0,24,40,64,0,1,13,18,32,0,1,37,58,96,14,88,102,198
08/16/2018,PMD,CA,AWP,WE,Federal Contract Tower,0,0,19,15,34,0,0,9,3,12,0,0,28,18,46,78,0,78,124
08/17/2018,PMD,CA,AWP,WE,Federal Contract Tower,0,0,23,26,49,0,0,5,0,5,0,0,28,26,54,0,52,52,106
08/18/2018,PMD,CA,AWP,WE,Federal Contract Tower,0,0,8,1,9,0,0,1,0,1,0,0,9,1,10,0,0,0,10
08/19/2018,PMD,CA,AWP,WE,Federal Contract Tower,0,0,4,0,4,0,0,0,0,0,0,0,4,0,4,0,0,0,4
08/20/2018,PMD,CA,AWP,WE,Federal Contract Tower,0,0,17,18,35,0,0,6,1,7,0,0,23,19,42,0,84,84,126
08/21/2018,PMD,CA,AWP,WE,Federal Contract Tower,0,0,20,14,34,0,0,11,1,12,0,0,31,15,46,0,52,52,98
08/22/2018,PMD,CA,AWP,WE,Federal Contract Tower,0,0,16,52,68,0,0,11,2,13,0,0,27,54,81,0,60,60,141
08/23/2018,PMD,CA,AWP,WE,Federal Contract Tower,0,0,13,14,27,0,0,12,2,14,0,0,25,16,41,0,49,49,90
08/24/2018,PMD,CA,AWP,WE,Federal Contract Tower,0,0,7,28,35,0,0,3,0,3,0,0,10,28,38,2,14,16,54
08/25/2018,PMD,CA,AWP,WE,Federal Contract Tower,0,0,9,12,21,0,0,2,0,2,0,0,11,12,23,0,10,10,33
08/26/2018,PMD,CA,AWP,WE,Federal Contract Tower,0,0,2,4,6,0,0,0,0,0,0,0,2,4,6,0,16,16,22
08/27/2018,PMD,CA,AWP,WE,Federal Contract Tower,0,0,23,5,28,0,0,5,1,6,0,0,28,6,34,0,38,38,72
08/28/2018,PMD,CA,AWP,WE,Federal Contract Tower,0,0,13,27,40,0,0,8,0,8,0,0,21,27,48,6,59,65,113
08/29/2018,PMD,CA,AWP,WE,Federal Contract Tower,0,0,35,36,71,0,0,11,8,19,0,0,46,44,90,18,102,120,210
08/30/2018,PMD,CA,AWP,WE,Federal Contract Tower,0,0,32,21,53,0,0,5,7,12,0,0,37,28,65,0,42,42,107
08/31/2018,PMD,CA,AWP,WE,Federal Contract Tower,0,0,10,4,14,0,0,4,0,4,0,0,14,4,18,0,0,0,18
09/01/2018,PMD,CA,AWP,WE,Federal Contract Tower,0,0,10,2,12,0,0,0,0,0,0,0,10,2,12,0,0,0,12
09/02/2018,PMD,CA,AWP,WE,Federal Contract Tower,0,0,3,4,7,0,0,0,0,0,0,0,3,4,7,0,0,0,7
09/03/2018,PMD,CA,AWP,WE,Federal Contract Tower,0,0,2,0,2,0,0,0,0,0,0,0,2,0,2,0,0,0,2
09/04/2018,PMD,CA,AWP,WE,Federal Contract Tower,0,0,15,4,19,0,0,8,0,8,0,0,23,4,27,0,20,20,47
09/05/2018,PMD,CA,AWP,WE,Federal Contract Tower,0,0,22,46,68,0,0,10,6,16,0,0,32,52,84,0,60,60,144
09/06/2018,PMD,CA,AWP,WE,Federal Contract Tower,0,0,26,25,51,0,0,11,1,12,0,0,37,26,63,0,122,122,185
09/07/2018,PMD,CA,AWP,WE,Federal Contract Tower,0,0,13,22,35,0,0,1,2,3,0,0,14,24,38,0,84,84,122
09/08/2018,PMD,CA,AWP,WE,Federal Contract Tower,0,0,15,6,21,0,0,0,0,0,0,0,15,6,21,0,16,16,37
09/09/2018,PMD,CA,AWP,WE,Federal Contract Tower,0,0,12,0,12,0,0,1,0,1,0,0,13,0,13,0,0,0,13
09/10/2018,PMD,CA,AWP,WE,Federal Contract Tower,0,0,14,18,32,0,0,6,0,6,0,0,20,18,38,0,8,8,46
09/11/2018,PMD,CA,AWP,WE,Federal Contract Tower,0,2,13,20,35,0,0,11,28,39,0,2,24,48,74,10,42,52,126
09/12/2018,PMD,CA,AWP,WE,Federal Contract Tower,0,0,19,36,55,0,0,10,18,28,0,0,29,54,83,28,58,86,169
09/13/2018,PMD,CA,AWP,WE,Federal Contract Tower,0,0,29,36,65,0,0,8,0,8,0,0,37,36,73,18,90,108,181
09/14/2018,PMD,CA,AWP,WE,Federal Contract Tower,0,0,23,10,33,0,0,11,0,11,0,0,34,10,44,34,22,56,100
09/15/2018,PMD,CA,AWP,WE,Federal Contract Tower,0,0,11,0,11,0,0,1,0,1,0,0,12,0,12,0,0,0,12
09/16/2018,PMD,CA,AWP,WE,Federal Contract Tower,0,0,7,2,9,0,0,0,0,0,0,0,7,2,9,0,14,14,23
09/17/2018,PMD,CA,AWP,WE,Federal Contract Tower,0,0,12,18,30,0,0,9,2,11,0,0,21,20,41,0,28,28,69
09/18/2018,PMD,CA,AWP,WE,Federal Contract Tower,0,0,18,39,57,0,0,8,3,11,0,0,26,42,68,2,65,67,135
09/19/2018,PMD,CA,AWP,WE,Federal Contract Tower,0,0,24,30,54,0,0,11,1,12,0,0,35,31,66,24,94,118,184
09/20/2018,PMD,CA,AWP,WE,Federal Contract Tower,0,0,19,16,35,0,0,4,1,5,0,0,23,17,40,0,68,68,108
09/21/2018,PMD,CA,AWP,WE,Federal Contract Tower,0,0,8,30,38,0,0,0,0,0,0,0,8,30,38,0,10,10,48
09/23/2018,PMD,CA,AWP,WE,Federal Contract Tower,0,0,0,0,0,0,0,0,0,0,0,0,0,0,0,0,0,0,0
09/24/2018,PMD,CA,AWP,WE,Federal Contract Tower,0,0,26,6,32,0,0,5,1,6,0,0,31,7,38,0,8,8,46
09/25/2018,PMD,CA,AWP,WE,Federal Contract Tower,0,0,31,42,73,0,0,9,12,21,0,0,40,54,94,40,102,142,236
09/26/2018,PMD,CA,AWP,WE,Federal Contract Tower,0,0,20,52,72,0,0,18,2,20,0,0,38,54,92,0,56,56,148
09/27/2018,PMD,CA,AWP,WE,Federal Contract Tower,0,0,29,57,86,0,0,10,1,11,0,0,39,58,97,0,122,122,219
09/28/2018,PMD,CA,AWP,WE,Federal Contract Tower,0,0,24,16,40,0,0,7,2,9,0,0,31,18,49,0,12,12,61
09/29/2018,PMD,CA,AWP,WE,Federal Contract Tower,0,0,10,0,10,0,0,0,0,0,0,0,10,0,10,0,0,0,10
09/30/2018,PMD,CA,AWP,WE,Federal Contract Tower,0,0,2,0,2,0,0,0,0,0,0,0,2,0,2,0,0,0,2
10/01/2018,PMD,CA,AWP,WE,Federal Contract Tower,0,0,25,22,47,0,0,7,0,7,0,0,32,22,54,0,34,34,88
10/02/2018,PMD,CA,AWP,WE,Federal Contract Tower,0,0,32,34,66,0,0,4,2,6,0,0,36,36,72,14,75,89,161
10/03/2018,PMD,CA,AWP,WE,Federal Contract Tower,0,0,43,49,92,0,0,5,0,5,0,0,48,49,97,16,86,102,199
10/04/2018,PMD,CA,AWP,WE,Federal Contract Tower,0,0,18,52,70,0,0,3,0,3,0,0,21,52,73,0,130,130,203
10/05/2018,PMD,CA,AWP,WE,Federal Contract Tower,0,0,10,8,18,0,0,0,0,0,0,0,10,8,18,8,12,20,38
10/06/2018,PMD,CA,AWP,WE,Federal Contract Tower,0,0,12,0,12,0,0,0,0,0,0,0,12,0,12,0,0,0,12
10/07/2018,PMD,CA,AWP,WE,Federal Contract Tower,0,0,11,0,11,0,0,0,0,0,0,0,11,0,11,0,0,0,11
10/08/2018,PMD,CA,AWP,WE,Federal Contract Tower,0,0,11,8,19,0,0,6,0,6,0,0,17,8,25,0,12,12,37
10/09/2018,PMD,CA,AWP,WE,Federal Contract Tower,0,0,23,30,53,0,0,4,0,4,0,0,27,30,57,0,87,87,144
10/10/2018,PMD,CA,AWP,WE,Federal Contract Tower,0,0,19,39,58,0,0,9,1,10,0,0,28,40,68,0,34,34,102
10/11/2018,PMD,CA,AWP,WE,Federal Contract Tower,0,0,16,27,43,0,0,5,4,9,0,0,21,31,52,0,56,56,108
10/12/2018,PMD,CA,AWP,WE,Federal Contract Tower,0,0,29,12,41,0,0,7,0,7,0,0,36,12,48,0,24,24,72
10/13/2018,PMD,CA,AWP,WE,Federal Contract Tower,0,0,0,15,15,0,0,0,2,2,0,0,0,17,17,0,28,28,45
10/14/2018,PMD,CA,AWP,WE,Federal Contract Tower,0,0,0,4,4,0,0,2,0,2,0,0,2,4,6,0,6,6,12
10/15/2018,PMD,CA,AWP,WE,Federal Contract Tower,0,0,15,12,27,0,0,5,0,5,0,0,20,12,32,0,18,18,50
10/16/2018,PMD,CA,AWP,WE,Federal Contract Tower,0,0,11,20,31,0,0,10,1,11,0,0,21,21,42,0,66,66,108
10/17/2018,PMD,CA,AWP,WE,Federal Contract Tower,0,0,56,18,74,0,0,8,2,10,0,0,64,20,84,2,26,28,112
10/18/2018,PMD,CA,AWP,WE,Federal Contract Tower,0,0,17,0,17,0,0,9,0,9,0,0,26,0,26,2,6,8,34
10/19/2018,PMD,CA,AWP,WE,Federal Contract Tower,0,0,4,20,24,0,0,1,8,9,0,0,5,28,33,0,38,38,71
10/20/2018,PMD,CA,AWP,WE,Federal Contract Tower,0,0,16,0,16,0,0,0,0,0,0,0,16,0,16,0,22,22,38
10/21/2018,PMD,CA,AWP,WE,Federal Contract Tower,0,0,8,0,8,0,0,0,0,0,0,0,8,0,8,0,0,0,8
10/22/2018,PMD,CA,AWP,WE,Federal Contract Tower,0,0,19,3,22,0,0,9,1,10,0,0,28,4,32,0,0,0,32
10/23/2018,PMD,CA,AWP,WE,Federal Contract Tower,0,0,20,23,43,0,0,8,1,9,0,0,28,24,52,0,45,45,97
10/24/2018,PMD,CA,AWP,WE,Federal Contract Tower,0,0,15,25,40,0,0,10,0,10,0,0,25,25,50,0,44,44,94
10/25/2018,PMD,CA,AWP,WE,Federal Contract Tower,0,0,29,11,40,0,0,7,3,10,0,0,36,14,50,0,16,16,66
10/26/2018,PMD,CA,AWP,WE,Federal Contract Tower,0,0,33,0,33,0,0,5,0,5,0,0,38,0,38,0,0,0,38
10/27/2018,PMD,CA,AWP,WE,Federal Contract Tower,0,0,11,0,11,0,0,0,0,0,0,0,11,0,11,0,0,0,11
10/28/2018,PMD,CA,AWP,WE,Federal Contract Tower,0,0,0,0,0,0,0,1,0,1,0,0,1,0,1,4,0,4,5
10/29/2018,PMD,CA,AWP,WE,Federal Contract Tower,0,0,27,30,57,0,0,7,1,8,0,0,34,31,65,6,4,10,75
10/30/2018,PMD,CA,AWP,WE,Federal Contract Tower,0,0,26,17,43,0,0,7,0,7,0,0,33,17,50,14,40,54,104
10/31/2018,PMD,CA,AWP,WE,Federal Contract Tower,0,0,28,10,38,0,0,14,3,17,0,0,42,13,55,0,50,50,105
11/01/2018,PMD,CA,AWP,WE,Federal Contract Tower,0,0,20,35,55,0,0,15,0,15,0,0,35,35,70,0,138,138,208
11/02/2018,PMD,CA,AWP,WE,Federal Contract Tower,0,0,7,21,28,0,0,4,0,4,0,0,11,21,32,16,0,16,48
11/03/2018,PMD,CA,AWP,WE,Federal Contract Tower,0,0,5,0,5,0,0,1,4,5,0,0,6,4,10,0,8,8,18
11/04/2018,PMD,CA,AWP,WE,Federal Contract Tower,0,0,8,4,12,0,0,0,0,0,0,0,8,4,12,0,18,18,30
11/05/2018,PMD,CA,AWP,WE,Federal Contract Tower,0,0,12,19,31,0,0,7,0,7,0,0,19,19,38,0,8,8,46
11/06/2018,PMD,CA,AWP,WE,Federal Contract Tower,0,0,30,25,55,0,0,8,1,9,0,0,38,26,64,4,120,124,188
11/07/2018,PMD,CA,AWP,WE,Federal Contract Tower,0,0,32,31,63,0,0,16,10,26,0,0,48,41,89,0,58,58,147
11/08/2018,PMD,CA,AWP,WE,Federal Contract Tower,0,0,13,30,43,0,0,13,1,14,0,0,26,31,57,2,79,81,138
11/09/2018,PMD,CA,AWP,WE,Federal Contract Tower,0,0,16,24,40,0,0,6,0,6,0,0,22,24,46,0,8,8,54
11/10/2018,PMD,CA,AWP,WE,Federal Contract Tower,0,0,7,1,8,0,0,2,0,2,0,0,9,1,10,0,0,0,10
11/11/2018,PMD,CA,AWP,WE,Federal Contract Tower,0,0,0,0,0,0,0,2,0,2,0,0,2,0,2,0,0,0,2
11/12/2018,PMD,CA,AWP,WE,Federal Contract Tower,0,0,19,0,19,0,0,5,1,6,0,0,24,1,25,0,0,0,25
11/13/2018,PMD,CA,AWP,WE,Federal Contract Tower,0,0,26,5,31,0,0,6,1,7,0,0,32,6,38,18,24,42,80
11/14/2018,PMD,CA,AWP,WE,Federal Contract Tower,0,0,18,20,38,0,0,11,1,12,0,0,29,21,50,4,29,33,83
11/15/2018,PMD,CA,AWP,WE,Federal Contract Tower,0,0,25,32,57,0,0,9,13,22,0,0,34,45,79,6,10,16,95
11/16/2018,PMD,CA,AWP,WE,Federal Contract Tower,0,0,9,0,9,0,0,0,0,0,0,0,9,0,9,0,0,0,9
11/17/2018,PMD,CA,AWP,WE,Federal Contract Tower,0,0,6,0,6,0,0,0,0,0,0,0,6,0,6,0,0,0,6
11/18/2018,PMD,CA,AWP,WE,Federal Contract Tower,0,0,14,0,14,0,0,0,0,0,0,0,14,0,14,0,0,0,14
11/19/2018,PMD,CA,AWP,WE,Federal Contract Tower,0,0,41,24,65,0,0,7,0,7,0,0,48,24,72,0,0,0,72
11/20/2018,PMD,CA,AWP,WE,Federal Contract Tower,0,0,37,27,64,0,0,10,2,12,0,0,47,29,76,8,24,32,108
11/21/2018,PMD,CA,AWP,WE,Federal Contract Tower,0,0,32,12,44,0,0,1,0,1,0,0,33,12,45,8,12,20,65
11/22/2018,PMD,CA,AWP,WE,Federal Contract Tower,0,0,0,0,0,0,0,0,0,0,0,0,0,0,0,0,0,0,0
11/23/2018,PMD,CA,AWP,WE,Federal Contract Tower,0,0,0,0,0,0,0,0,0,0,0,0,0,0,0,0,0,0,0
11/24/2018,PMD,CA,AWP,WE,Federal Contract Tower,0,0,4,0,4,0,0,0,0,0,0,0,4,0,4,0,0,0,4
11/25/2018,PMD,CA,AWP,WE,Federal Contract Tower,0,0,14,0,14,0,0,0,0,0,0,0,14,0,14,0,0,0,14
11/26/2018,PMD,CA,AWP,WE,Federal Contract Tower,0,0,22,15,37,0,0,8,0,8,0,0,30,15,45,18,30,48,93
11/27/2018,PMD,CA,AWP,WE,Federal Contract Tower,0,0,64,33,97,0,0,16,1,17,0,0,80,34,114,6,68,74,188
11/28/2018,PMD,CA,AWP,WE,Federal Contract Tower,0,0,31,37,68,0,0,10,5,15,0,0,41,42,83,0,54,54,137
11/29/2018,PMD,CA,AWP,WE,Federal Contract Tower,0,0,23,5,28,0,0,2,0,2,0,0,25,5,30,0,4,4,34
11/30/2018,PMD,CA,AWP,WE,Federal Contract Tower,0,0,23,12,35,0,0,0,0,0,0,0,23,12,35,6,4,10,45
12/02/2018,PMD,CA,AWP,WE,Federal Contract Tower,0,0,11,0,11,0,0,0,0,0,0,0,11,0,11,0,0,0,11
12/03/2018,PMD,CA,AWP,WE,Federal Contract Tower,0,0,25,26,51,0,0,9,0,9,0,0,34,26,60,0,56,56,116
12/04/2018,PMD,CA,AWP,WE,Federal Contract Tower,0,0,26,11,37,0,0,11,2,13,0,0,37,13,50,0,6,6,56
12/05/2018,PMD,CA,AWP,WE,Federal Contract Tower,0,0,20,0,20,0,0,0,0,0,0,0,20,0,20,0,0,0,20
12/06/2018,PMD,CA,AWP,WE,Federal Contract Tower,0,0,17,8,25,0,0,0,0,0,0,0,17,8,25,0,2,2,27
12/07/2018,PMD,CA,AWP,WE,Federal Contract Tower,0,0,31,21,52,0,0,3,2,5,0,0,34,23,57,0,10,10,67
12/08/2018,PMD,CA,AWP,WE,Federal Contract Tower,0,0,10,0,10,0,0,0,0,0,0,0,10,0,10,0,0,0,10
12/09/2018,PMD,CA,AWP,WE,Federal Contract Tower,0,0,2,0,2,0,0,0,0,0,0,0,2,0,2,0,0,0,2
12/10/2018,PMD,CA,AWP,WE,Federal Contract Tower,0,0,26,1,27,0,0,6,1,7,0,0,32,2,34,8,6,14,48
12/11/2018,PMD,CA,AWP,WE,Federal Contract Tower,0,0,40,44,84,0,0,10,0,10,0,0,50,44,94,2,44,46,140
12/12/2018,PMD,CA,AWP,WE,Federal Contract Tower,0,0,18,35,53,0,0,7,2,9,0,0,25,37,62,0,56,56,118
12/13/2018,PMD,CA,AWP,WE,Federal Contract Tower,0,0,45,10,55,0,0,13,1,14,0,0,58,11,69,4,16,20,89
12/14/2018,PMD,CA,AWP,WE,Federal Contract Tower,0,0,6,6,12,0,0,2,2,4,0,0,8,8,16,10,0,10,26
12/15/2018,PMD,CA,AWP,WE,Federal Contract Tower,0,0,10,0,10,0,0,0,0,0,0,0,10,0,10,0,0,0,10
12/16/2018,PMD,CA,AWP,WE,Federal Contract Tower,0,0,17,0,17,0,0,0,0,0,0,0,17,0,17,0,0,0,17
12/17/2018,PMD,CA,AWP,WE,Federal Contract Tower,0,0,28,10,38,0,0,4,8,12,0,0,32,18,50,0,12,12,62
12/18/2018,PMD,CA,AWP,WE,Federal Contract Tower,0,0,24,13,37,0,0,7,1,8,0,0,31,14,45,0,16,16,61
12/19/2018,PMD,CA,AWP,WE,Federal Contract Tower,0,0,28,2,30,0,0,4,0,4,0,0,32,2,34,0,0,0,34
12/20/2018,PMD,CA,AWP,WE,Federal Contract Tower,0,0,11,21,32,0,0,13,1,14,0,0,24,22,46,0,8,8,54
12/21/2018,PMD,CA,AWP,WE,Federal Contract Tower,0,0,4,9,13,0,0,0,0,0,0,0,4,9,13,0,2,2,15
12/22/2018,PMD,CA,AWP,WE,Federal Contract Tower,0,0,14,0,14,0,0,0,0,0,0,0,14,0,14,0,0,0,14
12/23/2018,PMD,CA,AWP,WE,Federal Contract Tower,0,0,8,0,8,0,0,0,0,0,0,0,8,0,8,0,0,0,8
12/24/2018,PMD,CA,AWP,WE,Federal Contract Tower,0,0,8,0,8,0,0,0,0,0,0,0,8,0,8,0,0,0,8
12/25/2018,PMD,CA,AWP,WE,Federal Contract Tower,0,0,0,0,0,0,0,4,0,4,0,0,4,0,4,0,0,0,4
12/26/2018,PMD,CA,AWP,WE,Federal Contract Tower,0,0,4,0,4,0,0,0,0,0,0,0,4,0,4,0,0,0,4
12/27/2018,PMD,CA,AWP,WE,Federal Contract Tower,0,0,0,2,2,0,0,0,0,0,0,0,0,2,2,0,0,0,2
12/28/2018,PMD,CA,AWP,WE,Federal Contract Tower,0,0,6,4,10,0,0,0,0,0,0,0,6,4,10,0,8,8,18
12/29/2018,PMD,CA,AWP,WE,Federal Contract Tower,0,0,2,0,2,0,0,0,0,0,0,0,2,0,2,0,0,0,2
12/30/2018,PMD,CA,AWP,WE,Federal Contract Tower,0,0,2,0,2,0,0,0,0,0,0,0,2,0,2,0,0,0,2
12/31/2018,PMD,CA,AWP,WE,Federal Contract Tower,0,0,0,0,0,0,0,0,0,0,0,0,0,0,0,0,0,0,0
01/01/2019,PMD,CA,AWP,WE,Federal Contract Tower,0,0,4,0,4,0,0,0,0,0,0,0,4,0,4,0,0,0,4
01/02/2019,PMD,CA,AWP,WE,Federal Contract Tower,0,0,7,4,11,0,0,7,0,7,0,0,14,4,18,0,20,20,38
01/03/2019,PMD,CA,AWP,WE,Federal Contract Tower,0,0,21,14,35,0,0,2,0,2,0,0,23,14,37,19,58,77,114
01/04/2019,PMD,CA,AWP,WE,Federal Contract Tower,0,0,19,50,69,0,0,5,0,5,0,0,24,50,74,0,26,26,100
01/06/2019,PMD,CA,AWP,WE,Federal Contract Tower,0,0,6,0,6,0,0,0,0,0,0,0,6,0,6,0,0,0,6
01/07/2019,PMD,CA,AWP,WE,Federal Contract Tower,0,0,18,15,33,0,0,4,0,4,0,0,22,15,37,0,22,22,59
01/08/2019,PMD,CA,AWP,WE,Federal Contract Tower,0,0,16,36,52,0,0,5,0,5,0,0,21,36,57,0,68,68,125
01/09/2019,PMD,CA,AWP,WE,Federal Contract Tower,0,0,34,28,62,0,0,15,5,20,0,0,49,33,82,0,84,84,166
01/10/2019,PMD,CA,AWP,WE,Federal Contract Tower,0,0,27,54,81,0,0,10,1,11,0,0,37,55,92,0,88,88,180
01/11/2019,PMD,CA,AWP,WE,Federal Contract Tower,0,0,8,46,54,0,0,2,0,2,0,0,10,46,56,0,40,40,96
01/12/2019,PMD,CA,AWP,WE,Federal Contract Tower,0,0,4,4,8,0,0,0,0,0,0,0,4,4,8,0,0,0,8
01/13/2019,PMD,CA,AWP,WE,Federal Contract Tower,0,0,8,0,8,0,0,0,0,0,0,0,8,0,8,0,0,0,8
01/14/2019,PMD,CA,AWP,WE,Federal Contract Tower,0,0,18,24,42,0,0,0,0,0,0,0,18,24,42,6,6,12,54
01/15/2019,PMD,CA,AWP,WE,Federal Contract Tower,0,0,23,30,53,0,0,0,0,0,0,0,23,30,53,0,0,0,53
01/16/2019,PMD,CA,AWP,WE,Federal Contract Tower,0,0,29,17,46,0,0,5,0,5,0,0,34,17,51,0,60,60,111
01/17/2019,PMD,CA,AWP,WE,Federal Contract Tower,0,0,15,28,43,0,0,2,2,4,0,0,17,30,47,0,52,52,99
01/18/2019,PMD,CA,AWP,WE,Federal Contract Tower,0,0,24,0,24,0,0,5,2,7,0,0,29,2,31,0,61,61,92
01/19/2019,PMD,CA,AWP,WE,Federal Contract Tower,0,0,15,6,21,0,0,0,0,0,0,0,15,6,21,10,22,32,53
01/20/2019,PMD,CA,AWP,WE,Federal Contract Tower,0,0,6,2,8,0,0,0,0,0,0,0,6,2,8,0,0,0,8
01/21/2019,PMD,CA,AWP,WE,Federal Contract Tower,0,0,13,0,13,0,0,5,0,5,0,0,18,0,18,0,0,0,18
01/22/2019,PMD,CA,AWP,WE,Federal Contract Tower,0,0,21,15,36,0,0,6,7,13,0,0,27,22,49,0,32,32,81
01/23/2019,PMD,CA,AWP,WE,Federal Contract Tower,0,0,25,18,43,0,0,9,3,12,0,0,34,21,55,32,76,108,163
01/24/2019,PMD,CA,AWP,WE,Federal Contract Tower,0,0,16,62,78,0,0,10,0,10,0,0,26,62,88,0,64,64,152
01/25/2019,PMD,CA,AWP,WE,Federal Contract Tower,0,0,17,14,31,0,0,1,2,3,0,0,18,16,34,0,24,24,58
01/26/2019,PMD,CA,AWP,WE,Federal Contract Tower,0,0,14,2,16,0,0,6,0,6,0,0,20,2,22,2,0,2,24
01/27/2019,PMD,CA,AWP,WE,Federal Contract Tower,0,0,8,0,8,0,0,0,0,0,0,0,8,0,8,0,0,0,8
01/28/2019,PMD,CA,AWP,WE,Federal Contract Tower,0,0,17,12,29,0,0,10,0,10,0,0,27,12,39,0,8,8,47
01/29/2019,PMD,CA,AWP,WE,Federal Contract Tower,0,0,24,44,68,0,0,12,6,18,0,0,36,50,86,0,46,46,132
01/30/2019,PMD,CA,AWP,WE,Federal Contract Tower,0,0,20,18,38,0,0,11,0,11,0,0,31,18,49,0,54,54,103
01/31/2019,PMD,CA,AWP,WE,Federal Contract Tower,0,0,52,54,106,0,0,2,8,10,0,0,54,62,116,0,38,38,154
02/01/2019,PMD,CA,AWP,WE,Federal Contract Tower,0,0,15,0,15,0,0,3,0,3,0,0,18,0,18,3,0,3,21
02/02/2019,PMD,CA,AWP,WE,Federal Contract Tower,0,0,4,4,8,0,0,0,0,0,0,0,4,4,8,0,0,0,8
02/03/2019,PMD,CA,AWP,WE,Federal Contract Tower,0,0,4,0,4,0,0,0,0,0,0,0,4,0,4,0,0,0,4
02/04/2019,PMD,CA,AWP,WE,Federal Contract Tower,0,0,24,20,44,0,0,0,2,2,0,0,24,22,46,0,58,58,104
02/05/2019,PMD,CA,AWP,WE,Federal Contract Tower,0,0,26,31,57,0,0,2,3,5,0,0,28,34,62,0,104,104,166
02/06/2019,PMD,CA,AWP,WE,Federal Contract Tower,0,0,22,29,51,0,0,12,10,22,0,0,34,39,73,10,106,116,189
02/07/2019,PMD,CA,AWP,WE,Federal Contract Tower,0,0,54,28,82,0,0,16,4,20,0,0,70,32,102,28,52,80,182
02/08/2019,PMD,CA,AWP,WE,Federal Contract Tower,0,0,3,10,13,0,0,1,0,1,0,0,4,10,14,0,14,14,28
02/09/2019,PMD,CA,AWP,WE,Federal Contract Tower,0,0,6,0,6,0,0,0,0,0,0,0,6,0,6,0,20,20,26
02/10/2019,PMD,CA,AWP,WE,Federal Contract Tower,0,0,0,3,3,0,0,0,0,0,0,0,0,3,3,0,16,16,19
02/11/2019,PMD,CA,AWP,WE,Federal Contract Tower,0,0,46,42,88,0,0,7,12,19,0,0,53,54,107,4,72,76,183
02/12/2019,PMD,CA,AWP,WE,Federal Contract Tower,0,0,22,14,36,0,0,11,2,13,0,0,33,16,49,0,62,62,111
02/13/2019,PMD,CA,AWP,WE,Federal Contract Tower,0,0,25,67,92,0,0,3,4,7,0,0,28,71,99,0,70,70,169
02/14/2019,PMD,CA,AWP,WE,Federal Contract Tower,0,0,14,6,20,0,0,0,0,0,0,0,14,6,20,0,6,6,26
02/15/2019,PMD,CA,AWP,WE,Federal Contract Tower,0,0,17,15,32,0,0,1,3,4,0,0,18,18,36,0,52,52,88
02/16/2019,PMD,CA,AWP,WE,Federal Contract Tower,0,0,2,0,2,0,0,0,0,0,0,0,2,0,2,0,0,0,2
02/17/2019,PMD,CA,AWP,WE,Federal Contract Tower,0,0,0,0,0,0,0,0,0,0,0,0,0,0,0,0,0,0,0
02/18/2019,PMD,CA,AWP,WE,Federal Contract Tower,0,0,21,0,21,0,0,10,0,10,0,0,31,0,31,0,0,0,31
02/19/2019,PMD,CA,AWP,WE,Federal Contract Tower,0,0,23,10,33,0,0,8,3,11,0,0,31,13,44,0,52,52,96
02/20/2019,PMD,CA,AWP,WE,Federal Contract Tower,0,0,11,10,21,0,0,6,0,6,0,0,17,10,27,0,38,38,65
02/21/2019,PMD,CA,AWP,WE,Federal Contract Tower,0,0,17,4,21,0,0,1,0,1,0,0,18,4,22,0,16,16,38
02/22/2019,PMD,CA,AWP,WE,Federal Contract Tower,0,0,13,19,32,0,0,1,0,1,0,0,14,19,33,0,18,18,51
02/23/2019,PMD,CA,AWP,WE,Federal Contract Tower,0,0,18,0,18,0,0,0,0,0,0,0,18,0,18,0,0,0,18
02/24/2019,PMD,CA,AWP,WE,Federal Contract Tower,0,0,4,0,4,0,0,0,0,0,0,0,4,0,4,0,0,0,4
02/25/2019,PMD,CA,AWP,WE,Federal Contract Tower,0,0,24,20,44,0,0,11,2,13,0,0,35,22,57,8,48,56,113
02/26/2019,PMD,CA,AWP,WE,Federal Contract Tower,0,0,41,10,51,0,0,10,4,14,0,0,51,14,65,24,46,70,135
02/27/2019,PMD,CA,AWP,WE,Federal Contract Tower,0,0,19,10,29,0,0,6,0,6,0,0,25,10,35,6,24,30,65
02/28/2019,PMD,CA,AWP,WE,Federal Contract Tower,0,0,24,58,82,0,0,7,1,8,0,0,31,59,90,4,92,96,186
03/01/2019,PMD,CA,AWP,WE,Federal Contract Tower,0,0,21,16,37,0,0,25,0,25,0,0,46,16,62,0,44,44,106
03/02/2019,PMD,CA,AWP,WE,Federal Contract Tower,0,0,6,3,9,0,0,2,1,3,0,0,8,4,12,0,8,8,20
03/03/2019,PMD,CA,AWP,WE,Federal Contract Tower,0,0,0,0,0,0,0,0,0,0,0,0,0,0,0,0,0,0,0
03/04/2019,PMD,CA,AWP,WE,Federal Contract Tower,0,0,21,2,23,0,0,10,1,11,0,0,31,3,34,0,0,0,34
03/05/2019,PMD,CA,AWP,WE,Federal Contract Tower,0,0,30,10,40,0,0,10,0,10,0,0,40,10,50,41,6,47,97
03/06/2019,PMD,CA,AWP,WE,Federal Contract Tower,0,0,16,10,26,0,0,0,0,0,0,0,16,10,26,12,10,22,48
03/07/2019,PMD,CA,AWP,WE,Federal Contract Tower,0,0,20,47,67,0,0,11,0,11,0,0,31,47,78,13,70,83,161
03/08/2019,PMD,CA,AWP,WE,Federal Contract Tower,0,0,7,16,23,0,0,6,0,6,0,0,13,16,29,8,18,26,55
03/09/2019,PMD,CA,AWP,WE,Federal Contract Tower,0,0,8,0,8,0,0,0,0,0,0,0,8,0,8,0,0,0,8
03/10/2019,PMD,CA,AWP,WE,Federal Contract Tower,0,0,7,2,9,0,0,2,0,2,0,0,9,2,11,0,0,0,11
03/11/2019,PMD,CA,AWP,WE,Federal Contract Tower,0,0,19,36,55,0,0,1,10,11,0,0,20,46,66,0,62,62,128
03/12/2019,PMD,CA,AWP,WE,Federal Contract Tower,0,0,13,37,50,0,0,5,1,6,0,0,18,38,56,0,96,96,152
03/13/2019,PMD,CA,AWP,WE,Federal Contract Tower,0,0,28,13,41,0,0,8,0,8,0,0,36,13,49,6,33,39,88
03/14/2019,PMD,CA,AWP,WE,Federal Contract Tower,0,0,27,26,53,0,0,8,3,11,0,0,35,29,64,7,34,41,105
03/15/2019,PMD,CA,AWP,WE,Federal Contract Tower,0,0,15,4,19,0,0,9,0,9,0,0,24,4,28,2,0,2,30
03/16/2019,PMD,CA,AWP,WE,Federal Contract Tower,0,0,8,2,10,0,0,1,0,1,0,0,9,2,11,0,0,0,11
03/17/2019,PMD,CA,AWP,WE,Federal Contract Tower,0,0,9,0,9,0,0,0,0,0,0,0,9,0,9,0,0,0,9
03/18/2019,PMD,CA,AWP,WE,Federal Contract Tower,0,0,23,23,46,0,0,5,1,6,0,0,28,24,52,0,36,36,88
03/19/2019,PMD,CA,AWP,WE,Federal Contract Tower,0,0,27,34,61,0,0,9,2,11,0,0,36,36,72,9,82,91,163
03/20/2019,PMD,CA,AWP,WE,Federal Contract Tower,0,0,24,11,35,0,0,8,3,11,0,0,32,14,46,0,8,8,54
03/21/2019,PMD,CA,AWP,WE,Federal Contract Tower,0,0,29,17,46,0,0,7,1,8,0,0,36,18,54,0,18,18,72
03/22/2019,PMD,CA,AWP,WE,Federal Contract Tower,0,0,9,2,11,0,0,4,0,4,0,0,13,2,15,0,12,12,27
03/23/2019,PMD,CA,AWP,WE,Federal Contract Tower,0,0,10,2,12,0,0,0,0,0,0,0,10,2,12,0,0,0,12
03/24/2019,PMD,CA,AWP,WE,Federal Contract Tower,0,0,28,0,28,0,0,2,0,2,0,0,30,0,30,0,0,0,30
03/25/2019,PMD,CA,AWP,WE,Federal Contract Tower,0,0,15,11,26,0,0,5,1,6,0,0,20,12,32,0,24,24,56
03/26/2019,PMD,CA,AWP,WE,Federal Contract Tower,0,0,19,22,41,0,0,8,1,9,0,0,27,23,50,0,23,23,73
03/27/2019,PMD,CA,AWP,WE,Federal Contract Tower,0,0,12,42,54,0,0,8,4,12,0,0,20,46,66,0,74,74,140
03/28/2019,PMD,CA,AWP,WE,Federal Contract Tower,0,0,17,21,38,0,0,10,6,16,0,0,27,27,54,0,56,56,110
03/29/2019,PMD,CA,AWP,WE,Federal Contract Tower,0,0,12,17,29,0,0,4,1,5,0,0,16,18,34,0,6,6,40
03/30/2019,PMD,CA,AWP,WE,Federal Contract Tower,0,0,0,0,0,0,0,0,0,0,0,0,0,0,0,0,0,0,0
03/31/2019,PMD,CA,AWP,WE,Federal Contract Tower,0,0,6,0,6,0,0,0,0,0,0,0,6,0,6,0,0,0,6
04/01/2019,PMD,CA,AWP,WE,Federal Contract Tower,0,0,22,21,43,0,0,4,0,4,0,0,26,21,47,0,28,28,75
04/02/2019,PMD,CA,AWP,WE,Federal Contract Tower,0,0,10,30,40,0,0,8,1,9,0,0,18,31,49,0,30,30,79
04/03/2019,PMD,CA,AWP,WE,Federal Contract Tower,0,0,8,31,39,0,0,9,1,10,0,0,17,32,49,0,34,34,83
04/04/2019,PMD,CA,AWP,WE,Federal Contract Tower,0,0,17,23,40,0,0,8,0,8,0,0,25,23,48,10,41,51,99
04/05/2019,PMD,CA,AWP,WE,Federal Contract Tower,0,0,10,20,30,0,0,0,0,0,0,0,10,20,30,0,18,18,48
04/06/2019,PMD,CA,AWP,WE,Federal Contract Tower,0,0,4,0,4,0,0,0,0,0,0,0,4,0,4,0,0,0,4
04/07/2019,PMD,CA,AWP,WE,Federal Contract Tower,0,0,4,0,4,0,0,0,0,0,0,0,4,0,4,0,0,0,4
04/08/2019,PMD,CA,AWP,WE,Federal Contract Tower,0,0,26,22,48,0,0,9,0,9,0,0,35,22,57,0,12,12,69
04/09/2019,PMD,CA,AWP,WE,Federal Contract Tower,0,0,7,0,7,0,0,7,1,8,0,0,14,1,15,0,0,0,15
04/10/2019,PMD,CA,AWP,WE,Federal Contract Tower,0,0,30,20,50,0,0,12,4,16,0,0,42,24,66,0,26,26,92
04/11/2019,PMD,CA,AWP,WE,Federal Contract Tower,0,0,14,33,47,0,0,11,4,15,0,0,25,37,62,0,68,68,130
04/12/2019,PMD,CA,AWP,WE,Federal Contract Tower,0,0,27,9,36,0,0,7,0,7,0,0,34,9,43,50,3,53,96
04/13/2019,PMD,CA,AWP,WE,Federal Contract Tower,0,0,10,0,10,0,0,0,0,0,0,0,10,0,10,0,0,0,10
04/14/2019,PMD,CA,AWP,WE,Federal Contract Tower,0,0,21,2,23,0,0,0,0,0,0,0,21,2,23,0,14,14,37
04/15/2019,PMD,CA,AWP,WE,Federal Contract Tower,0,0,16,12,28,0,0,2,1,3,0,0,18,13,31,0,18,18,49
04/16/2019,PMD,CA,AWP,WE,Federal Contract Tower,0,0,47,21,68,0,0,3,2,5,0,0,50,23,73,13,62,75,148
04/17/2019,PMD,CA,AWP,WE,Federal Contract Tower,0,0,22,20,42,0,0,2,0,2,0,0,24,20,44,0,28,28,72
04/18/2019,PMD,CA,AWP,WE,Federal Contract Tower,0,0,21,14,35,0,0,8,0,8,0,0,29,14,43,0,63,63,106
04/19/2019,PMD,CA,AWP,WE,Federal Contract Tower,0,10,29,0,39,0,0,1,0,1,0,10,30,0,40,0,48,48,88
04/20/2019,PMD,CA,AWP,WE,Federal Contract Tower,0,0,0,0,0,0,0,0,0,0,0,0,0,0,0,0,0,0,0
04/21/2019,PMD,CA,AWP,WE,Federal Contract Tower,0,0,4,0,4,0,0,0,0,0,0,0,4,0,4,0,0,0,4
04/22/2019,PMD,CA,AWP,WE,Federal Contract Tower,0,0,22,6,28,0,0,0,1,1,0,0,22,7,29,0,24,24,53
04/23/2019,PMD,CA,AWP,WE,Federal Contract Tower,0,0,27,2,29,0,0,4,4,8,0,0,31,6,37,12,26,38,75
04/24/2019,PMD,CA,AWP,WE,Federal Contract Tower,0,0,26,32,58,0,0,5,0,5,0,0,31,32,63,18,42,60,123
04/25/2019,PMD,CA,AWP,WE,Federal Contract Tower,0,0,37,42,79,0,0,6,3,9,0,0,43,45,88,3,30,33,121
04/26/2019,PMD,CA,AWP,WE,Federal Contract Tower,0,0,27,8,35,0,0,0,0,0,0,0,27,8,35,10,2,12,47
04/27/2019,PMD,CA,AWP,WE,Federal Contract Tower,0,0,10,0,10,0,0,0,0,0,0,0,10,0,10,2,0,2,12
04/28/2019,PMD,CA,AWP,WE,Federal Contract Tower,0,0,4,0,4,0,0,0,0,0,0,0,4,0,4,0,0,0,4
04/29/2019,PMD,CA,AWP,WE,Federal Contract Tower,0,0,22,27,49,0,0,0,1,1,0,0,22,28,50,0,56,56,106
04/30/2019,PMD,CA,AWP,WE,Federal Contract Tower,0,0,20,12,32,0,0,10,0,10,0,0,30,12,42,12,40,52,94
05/01/2019,PMD,CA,AWP,WE,Federal Contract Tower,0,0,18,26,44,0,0,4,0,4,0,0,22,26,48,0,16,16,64
05/02/2019,PMD,CA,AWP,WE,Federal Contract Tower,0,0,21,16,37,0,0,5,1,6,0,0,26,17,43,0,17,17,60
05/03/2019,PMD,CA,AWP,WE,Federal Contract Tower,0,0,34,14,48,0,0,0,0,0,0,0,34,14,48,0,20,20,68
05/05/2019,PMD,CA,AWP,WE,Federal Contract Tower,0,0,3,1,4,0,0,0,0,0,0,0,3,1,4,0,0,0,4
05/06/2019,PMD,CA,AWP,WE,Federal Contract Tower,0,0,30,15,45,0,0,1,0,1,0,0,31,15,46,0,10,10,56
05/07/2019,PMD,CA,AWP,WE,Federal Contract Tower,0,0,37,22,59,0,0,3,0,3,0,0,40,22,62,2,23,25,87
05/08/2019,PMD,CA,AWP,WE,Federal Contract Tower,0,0,28,10,38,0,0,4,2,6,0,0,32,12,44,18,20,38,82
05/09/2019,PMD,CA,AWP,WE,Federal Contract Tower,0,0,35,32,67,0,0,3,3,6,0,0,38,35,73,4,49,53,126
05/10/2019,PMD,CA,AWP,WE,Federal Contract Tower,0,0,22,40,62,0,0,0,0,0,0,0,22,40,62,13,0,13,75
05/11/2019,PMD,CA,AWP,WE,Federal Contract Tower,0,0,0,0,0,0,0,0,0,0,0,0,0,0,0,0,0,0,0
05/12/2019,PMD,CA,AWP,WE,Federal Contract Tower,0,0,6,0,6,0,0,0,0,0,0,0,6,0,6,0,0,0,6
05/13/2019,PMD,CA,AWP,WE,Federal Contract Tower,0,0,34,14,48,0,0,0,0,0,0,0,34,14,48,0,8,8,56
05/14/2019,PMD,CA,AWP,WE,Federal Contract Tower,0,0,29,6,35,0,0,7,1,8,0,0,36,7,43,36,5,41,84
05/15/2019,PMD,CA,AWP,WE,Federal Contract Tower,0,0,33,30,63,0,0,6,0,6,0,0,39,30,69,0,82,82,151
05/16/2019,PMD,CA,AWP,WE,Federal Contract Tower,0,0,27,30,57,0,0,5,1,6,0,0,32,31,63,12,7,19,82
05/17/2019,PMD,CA,AWP,WE,Federal Contract Tower,0,0,13,12,25,0,0,0,0,0,0,0,13,12,25,0,6,6,31
05/18/2019,PMD,CA,AWP,WE,Federal Contract Tower,0,0,4,0,4,0,0,0,0,0,0,0,4,0,4,0,0,0,4
05/19/2019,PMD,CA,AWP,WE,Federal Contract Tower,0,0,0,0,0,0,0,0,0,0,0,0,0,0,0,0,0,0,0
05/20/2019,PMD,CA,AWP,WE,Federal Contract Tower,0,0,26,21,47,0,0,0,0,0,0,0,26,21,47,0,18,18,65
05/21/2019,PMD,CA,AWP,WE,Federal Contract Tower,0,0,16,13,29,0,0,1,0,1,0,0,17,13,30,0,4,4,34
05/22/2019,PMD,CA,AWP,WE,Federal Contract Tower,0,0,27,16,43,0,0,4,0,4,0,0,31,16,47,4,0,4,51
05/23/2019,PMD,CA,AWP,WE,Federal Contract Tower,0,0,28,12,40,0,0,0,0,0,0,0,28,12,40,0,44,44,84
05/24/2019,PMD,CA,AWP,WE,Federal Contract Tower,0,0,39,3,42,0,0,4,1,5,0,0,43,4,47,28,2,30,77
05/25/2019,PMD,CA,AWP,WE,Federal Contract Tower,0,0,2,0,2,0,0,0,0,0,0,0,2,0,2,0,0,0,2
05/26/2019,PMD,CA,AWP,WE,Federal Contract Tower,0,0,0,0,0,0,0,0,0,0,0,0,0,0,0,0,0,0,0
05/27/2019,PMD,CA,AWP,WE,Federal Contract Tower,0,0,0,0,0,0,0,0,0,0,0,0,0,0,0,0,0,0,0
05/28/2019,PMD,CA,AWP,WE,Federal Contract Tower,0,0,25,20,45,0,0,0,0,0,0,0,25,20,45,0,48,48,93
05/29/2019,PMD,CA,AWP,WE,Federal Contract Tower,0,0,30,46,76,0,0,3,1,4,0,0,33,47,80,0,46,46,126
05/30/2019,PMD,CA,AWP,WE,Federal Contract Tower,0,0,30,39,69,0,0,4,6,10,0,0,34,45,79,0,48,48,127
05/31/2019,PMD,CA,AWP,WE,Federal Contract Tower,0,0,5,26,31,0,0,0,0,0,0,0,5,26,31,0,26,26,57
06/01/2019,PMD,CA,AWP,WE,Federal Contract Tower,0,0,7,14,21,0,0,0,0,0,0,0,7,14,21,0,50,50,71
06/02/2019,PMD,CA,AWP,WE,Federal Contract Tower,0,0,8,2,10,0,0,0,0,0,0,0,8,2,10,0,0,0,10
06/03/2019,PMD,CA,AWP,WE,Federal Contract Tower,0,0,26,24,50,0,0,6,0,6,0,0,32,24,56,0,16,16,72
06/04/2019,PMD,CA,AWP,WE,Federal Contract Tower,0,0,23,14,37,0,0,3,4,7,0,0,26,18,44,0,24,24,68
06/05/2019,PMD,CA,AWP,WE,Federal Contract Tower,0,0,31,16,47,0,0,7,10,17,0,0,38,26,64,0,60,60,124
06/06/2019,PMD,CA,AWP,WE,Federal Contract Tower,0,0,21,11,32,0,0,3,1,4,0,0,24,12,36,10,23,33,69
06/07/2019,PMD,CA,AWP,WE,Federal Contract Tower,0,0,22,4,26,0,0,1,0,1,0,0,23,4,27,6,6,12,39
06/08/2019,PMD,CA,AWP,WE,Federal Contract Tower,0,0,2,0,2,0,0,0,0,0,0,0,2,0,2,0,0,0,2
06/09/2019,PMD,CA,AWP,WE,Federal Contract Tower,0,0,6,6,12,0,0,0,0,0,0,0,6,6,12,0,22,22,34
06/10/2019,PMD,CA,AWP,WE,Federal Contract Tower,0,0,27,9,36,0,0,0,1,1,0,0,27,10,37,0,22,22,59
06/11/2019,PMD,CA,AWP,WE,Federal Contract Tower,0,0,13,24,37,0,0,3,1,4,0,0,16,25,41,0,64,64,105
06/12/2019,PMD,CA,AWP,WE,Federal Contract Tower,0,0,18,12,30,0,0,7,3,10,0,0,25,15,40,0,0,0,40
06/13/2019,PMD,CA,AWP,WE,Federal Contract Tower,0,0,19,16,35,0,0,4,0,4,0,0,23,16,39,6,31,37,76
06/14/2019,PMD,CA,AWP,WE,Federal Contract Tower,0,0,3,4,7,0,0,0,0,0,0,0,3,4,7,0,2,2,9
06/15/2019,PMD,CA,AWP,WE,Federal Contract Tower,0,0,10,0,10,0,0,0,0,0,0,0,10,0,10,0,0,0,10
06/16/2019,PMD,CA,AWP,WE,Federal Contract Tower,0,0,2,0,2,0,0,0,0,0,0,0,2,0,2,0,0,0,2
06/17/2019,PMD,CA,AWP,WE,Federal Contract Tower,0,0,31,21,52,0,0,1,1,2,0,0,32,22,54,0,50,50,104
06/18/2019,PMD,CA,AWP,WE,Federal Contract Tower,0,0,22,22,44,0,0,3,0,3,0,0,25,22,47,0,8,8,55
06/19/2019,PMD,CA,AWP,WE,Federal Contract Tower,0,0,32,7,39,0,0,6,2,8,0,0,38,9,47,0,0,0,47
06/20/2019,PMD,CA,AWP,WE,Federal Contract Tower,0,0,19,11,30,0,0,3,2,5,0,0,22,13,35,0,35,35,70
06/21/2019,PMD,CA,AWP,WE,Federal Contract Tower,0,0,21,8,29,0,0,1,1,2,0,0,22,9,31,0,16,16,47
06/22/2019,PMD,CA,AWP,WE,Federal Contract Tower,0,0,5,0,5,0,0,2,0,2,0,0,7,0,7,0,0,0,7
06/23/2019,PMD,CA,AWP,WE,Federal Contract Tower,0,0,8,0,8,0,0,0,0,0,0,0,8,0,8,0,0,0,8
06/24/2019,PMD,CA,AWP,WE,Federal Contract Tower,0,0,30,15,45,0,0,7,0,7,0,0,37,15,52,0,0,0,52
06/25/2019,PMD,CA,AWP,WE,Federal Contract Tower,0,0,31,12,43,0,0,11,0,11,0,0,42,12,54,8,54,62,116
06/26/2019,PMD,CA,AWP,WE,Federal Contract Tower,0,0,23,17,40,0,0,3,3,6,0,0,26,20,46,0,64,64,110
06/27/2019,PMD,CA,AWP,WE,Federal Contract Tower,0,0,23,10,33,0,0,4,4,8,0,0,27,14,41,8,36,44,85
06/28/2019,PMD,CA,AWP,WE,Federal Contract Tower,0,0,17,18,35,0,0,3,0,3,0,0,20,18,38,0,40,40,78
06/29/2019,PMD,CA,AWP,WE,Federal Contract Tower,0,0,5,0,5,0,0,0,0,0,0,0,5,0,5,0,0,0,5
06/30/2019,PMD,CA,AWP,WE,Federal Contract Tower,0,0,6,0,6,0,0,8,0,8,0,0,14,0,14,0,0,0,14
07/01/2019,PMD,CA,AWP,WE,Federal Contract Tower,0,0,10,12,22,0,0,3,2,5,0,0,13,14,27,0,6,6,33
07/02/2019,PMD,CA,AWP,WE,Federal Contract Tower,0,0,12,12,24,0,0,7,2,9,0,0,19,14,33,0,30,30,63
07/03/2019,PMD,CA,AWP,WE,Federal Contract Tower,0,0,17,4,21,0,0,3,0,3,0,0,20,4,24,8,6,14,38
07/04/2019,PMD,CA,AWP,WE,Federal Contract Tower,0,0,2,0,2,0,0,0,0,0,0,0,2,0,2,0,0,0,2
07/05/2019,PMD,CA,AWP,WE,Federal Contract Tower,0,0,0,0,0,0,0,0,0,0,0,0,0,0,0,0,0,0,0
07/06/2019,PMD,CA,AWP,WE,Federal Contract Tower,0,0,0,0,0,0,0,0,0,0,0,0,0,0,0,0,0,0,0
07/07/2019,PMD,CA,AWP,WE,Federal Contract Tower,0,0,0,0,0,0,0,0,0,0,0,0,0,0,0,0,0,0,0
07/08/2019,PMD,CA,AWP,WE,Federal Contract Tower,0,0,9,1,10,0,0,1,1,2,0,0,10,2,12,0,0,0,12
07/09/2019,PMD,CA,AWP,WE,Federal Contract Tower,0,0,18,0,18,0,0,5,0,5,0,0,23,0,23,0,0,0,23
07/10/2019,PMD,CA,AWP,WE,Federal Contract Tower,0,0,17,1,18,0,0,3,1,4,0,0,20,2,22,0,0,0,22
07/11/2019,PMD,CA,AWP,WE,Federal Contract Tower,0,0,14,0,14,0,0,4,0,4,0,0,18,0,18,0,0,0,18
07/12/2019,PMD,CA,AWP,WE,Federal Contract Tower,0,0,2,0,2,0,0,0,0,0,0,0,2,0,2,0,0,0,2
07/13/2019,PMD,CA,AWP,WE,Federal Contract Tower,0,0,1,0,1,0,0,1,0,1,0,0,2,0,2,0,0,0,2
07/14/2019,PMD,CA,AWP,WE,Federal Contract Tower,0,0,0,0,0,0,0,14,0,14,0,0,14,0,14,0,0,0,14
07/15/2019,PMD,CA,AWP,WE,Federal Contract Tower,0,0,22,2,24,0,0,4,0,4,0,0,26,2,28,0,0,0,28
07/16/2019,PMD,CA,AWP,WE,Federal Contract Tower,0,0,17,2,19,0,0,1,0,1,0,0,18,2,20,0,0,0,20
07/17/2019,PMD,CA,AWP,WE,Federal Contract Tower,0,0,17,1,18,0,0,4,1,5,0,0,21,2,23,0,0,0,23
07/18/2019,PMD,CA,AWP,WE,Federal Contract Tower,0,0,16,3,19,0,0,8,5,13,0,0,24,8,32,0,44,44,76
07/19/2019,PMD,CA,AWP,WE,Federal Contract Tower,0,0,19,8,27,0,0,1,0,1,0,0,20,8,28,4,0,4,32
07/20/2019,PMD,CA,AWP,WE,Federal Contract Tower,0,0,0,0,0,0,0,2,0,2,0,0,2,0,2,0,0,0,2
07/21/2019,PMD,CA,AWP,WE,Federal Contract Tower,0,0,0,0,0,0,0,0,0,0,0,0,0,0,0,0,0,0,0
07/22/2019,PMD,CA,AWP,WE,Federal Contract Tower,0,0,14,3,17,0,0,6,0,6,0,0,20,3,23,0,14,14,37
07/23/2019,PMD,CA,AWP,WE,Federal Contract Tower,0,0,14,6,20,0,0,3,6,9,0,0,17,12,29,0,34,34,63
07/24/2019,PMD,CA,AWP,WE,Federal Contract Tower,0,0,19,8,27,0,0,3,0,3,0,0,22,8,30,6,30,36,66
07/25/2019,PMD,CA,AWP,WE,Federal Contract Tower,0,0,15,3,18,0,0,4,1,5,0,0,19,4,23,24,8,32,55
07/26/2019,PMD,CA,AWP,WE,Federal Contract Tower,0,0,1,2,3,0,0,1,0,1,0,0,2,2,4,19,2,21,25
07/28/2019,PMD,CA,AWP,WE,Federal Contract Tower,0,0,1,0,1,0,0,0,0,0,0,0,1,0,1,0,0,0,1
07/29/2019,PMD,CA,AWP,WE,Federal Contract Tower,0,0,22,6,28,0,0,10,3,13,0,0,32,9,41,10,26,36,77
07/30/2019,PMD,CA,AWP,WE,Federal Contract Tower,0,0,14,5,19,0,0,4,0,4,0,0,18,5,23,0,27,27,50
07/31/2019,PMD,CA,AWP,WE,Federal Contract Tower,0,0,10,1,11,0,0,2,3,5,0,0,12,4,16,0,0,0,16
08/01/2019,PMD,CA,AWP,WE,Federal Contract Tower,0,0,10,5,15,0,0,9,0,9,0,0,19,5,24,0,4,4,28
08/02/2019,PMD,CA,AWP,WE,Federal Contract Tower,0,0,15,1,16,0,0,3,0,3,0,0,18,1,19,0,5,5,24
08/03/2019,PMD,CA,AWP,WE,Federal Contract Tower,0,0,2,0,2,0,0,0,0,0,0,0,2,0,2,0,0,0,2
08/04/2019,PMD,CA,AWP,WE,Federal Contract Tower,0,0,4,0,4,0,0,1,0,1,0,0,5,0,5,2,0,2,7
08/05/2019,PMD,CA,AWP,WE,Federal Contract Tower,0,0,15,0,15,0,0,3,0,3,0,0,18,0,18,6,0,6,24
08/06/2019,PMD,CA,AWP,WE,Federal Contract Tower,0,0,15,4,19,0,0,15,0,15,0,0,30,4,34,0,0,0,34
08/07/2019,PMD,CA,AWP,WE,Federal Contract Tower,0,0,20,7,27,0,0,4,1,5,0,0,24,8,32,0,2,2,34
08/08/2019,PMD,CA,AWP,WE,Federal Contract Tower,0,0,14,8,22,0,0,4,0,4,0,0,18,8,26,0,4,4,30
08/09/2019,PMD,CA,AWP,WE,Federal Contract Tower,0,0,3,7,10,0,0,0,0,0,0,0,3,7,10,0,0,0,10
08/10/2019,PMD,CA,AWP,WE,Federal Contract Tower,0,0,0,1,1,0,0,2,1,3,0,0,2,2,4,0,0,0,4
08/11/2019,PMD,CA,AWP,WE,Federal Contract Tower,0,0,0,0,0,0,0,0,4,4,0,0,0,4,4,0,0,0,4
08/12/2019,PMD,CA,AWP,WE,Federal Contract Tower,0,0,19,0,19,0,0,3,0,3,0,0,22,0,22,0,0,0,22
08/13/2019,PMD,CA,AWP,WE,Federal Contract Tower,0,0,19,11,30,0,0,3,4,7,0,0,22,15,37,2,0,2,39
08/14/2019,PMD,CA,AWP,WE,Federal Contract Tower,0,0,19,7,26,0,0,2,8,10,0,0,21,15,36,0,22,22,58
08/15/2019,PMD,CA,AWP,WE,Federal Contract Tower,0,0,16,0,16,0,0,7,1,8,0,0,23,1,24,0,14,14,38
08/16/2019,PMD,CA,AWP,WE,Federal Contract Tower,0,0,22,5,27,0,0,1,0,1,0,0,23,5,28,0,6,6,34
08/18/2019,PMD,CA,AWP,WE,Federal Contract Tower,0,0,0,0,0,0,0,0,0,0,0,0,0,0,0,0,0,0,0
08/19/2019,PMD,CA,AWP,WE,Federal Contract Tower,0,0,21,11,32,0,0,5,0,5,0,0,26,11,37,0,28,28,65
08/20/2019,PMD,CA,AWP,WE,Federal Contract Tower,0,0,12,9,21,0,0,8,0,8,0,0,20,9,29,0,34,34,63
08/21/2019,PMD,CA,AWP,WE,Federal Contract Tower,0,0,19,6,25,0,0,3,5,8,0,0,22,11,33,2,12,14,47
08/22/2019,PMD,CA,AWP,WE,Federal Contract Tower,0,0,11,5,16,0,0,5,5,10,0,0,16,10,26,0,6,6,32
08/23/2019,PMD,CA,AWP,WE,Federal Contract Tower,0,0,2,5,7,0,0,0,0,0,0,0,2,5,7,0,0,0,7
08/24/2019,PMD,CA,AWP,WE,Federal Contract Tower,0,0,7,0,7,0,0,0,0,0,0,0,7,0,7,30,0,30,37
08/25/2019,PMD,CA,AWP,WE,Federal Contract Tower,0,0,0,0,0,0,0,0,0,0,0,0,0,0,0,0,0,0,0
08/26/2019,PMD,CA,AWP,WE,Federal Contract Tower,0,0,13,3,16,0,0,5,0,5,0,0,18,3,21,0,8,8,29
08/27/2019,PMD,CA,AWP,WE,Federal Contract Tower,0,0,18,9,27,0,0,9,1,10,0,0,27,10,37,28,0,28,65
08/28/2019,PMD,CA,AWP,WE,Federal Contract Tower,0,0,12,4,16,0,0,5,0,5,0,0,17,4,21,0,0,0,21
08/29/2019,PMD,CA,AWP,WE,Federal Contract Tower,0,0,15,6,21,0,0,0,1,1,0,0,15,7,22,0,6,6,28
08/30/2019,PMD,CA,AWP,WE,Federal Contract Tower,0,0,11,1,12,0,0,1,0,1,0,0,12,1,13,0,0,0,13
08/31/2019,PMD,CA,AWP,WE,Federal Contract Tower,0,0,0,0,0,0,0,0,0,0,0,0,0,0,0,0,0,0,0
09/01/2019,PMD,CA,AWP,WE,Federal Contract Tower,0,0,0,0,0,0,0,0,0,0,0,0,0,0,0,0,0,0,0
09/02/2019,PMD,CA,AWP,WE,Federal Contract Tower,0,0,2,0,2,0,0,0,0,0,0,0,2,0,2,0,0,0,2
09/03/2019,PMD,CA,AWP,WE,Federal Contract Tower,0,0,11,0,11,0,0,5,0,5,0,0,16,0,16,6,0,6,22
09/04/2019,PMD,CA,AWP,WE,Federal Contract Tower,0,0,8,7,15,0,0,6,0,6,0,0,14,7,21,22,24,46,67
09/05/2019,PMD,CA,AWP,WE,Federal Contract Tower,0,0,19,8,27,0,0,9,4,13,0,0,28,12,40,26,8,34,74
09/06/2019,PMD,CA,AWP,WE,Federal Contract Tower,0,0,12,3,15,0,0,0,0,0,0,0,12,3,15,0,14,14,29
09/07/2019,PMD,CA,AWP,WE,Federal Contract Tower,0,0,5,0,5,0,0,0,0,0,0,0,5,0,5,0,50,50,55
09/08/2019,PMD,CA,AWP,WE,Federal Contract Tower,0,0,0,0,0,0,0,0,0,0,0,0,0,0,0,0,0,0,0
09/09/2019,PMD,CA,AWP,WE,Federal Contract Tower,0,0,12,4,16,0,0,2,0,2,0,0,14,4,18,0,0,0,18
09/10/2019,PMD,CA,AWP,WE,Federal Contract Tower,0,0,7,16,23,0,0,4,0,4,0,0,11,16,27,0,28,28,55
09/11/2019,PMD,CA,AWP,WE,Federal Contract Tower,0,0,15,12,27,0,0,15,4,19,0,0,30,16,46,6,28,34,80
09/12/2019,PMD,CA,AWP,WE,Federal Contract Tower,0,0,4,20,24,0,0,2,3,5,0,0,6,23,29,0,102,102,131
09/13/2019,PMD,CA,AWP,WE,Federal Contract Tower,0,0,13,6,19,0,0,6,0,6,0,0,19,6,25,0,16,16,41
09/14/2019,PMD,CA,AWP,WE,Federal Contract Tower,0,0,1,0,1,0,0,6,1,7,0,0,7,1,8,0,0,0,8
09/15/2019,PMD,CA,AWP,WE,Federal Contract Tower,0,0,1,0,1,0,0,0,0,0,0,0,1,0,1,0,0,0,1
09/16/2019,PMD,CA,AWP,WE,Federal Contract Tower,0,0,10,11,21,0,0,3,1,4,0,0,13,12,25,0,32,32,57
09/17/2019,PMD,CA,AWP,WE,Federal Contract Tower,0,0,13,16,29,0,0,6,0,6,0,0,19,16,35,0,20,20,55
09/18/2019,PMD,CA,AWP,WE,Federal Contract Tower,0,0,15,10,25,0,0,8,11,19,0,0,23,21,44,0,58,58,102
09/19/2019,PMD,CA,AWP,WE,Federal Contract Tower,0,0,24,7,31,0,0,2,0,2,0,0,26,7,33,16,22,38,71
09/20/2019,PMD,CA,AWP,WE,Federal Contract Tower,0,0,9,5,14,0,0,1,0,1,0,0,10,5,15,22,30,52,67
09/21/2019,PMD,CA,AWP,WE,Federal Contract Tower,0,0,6,1,7,0,0,0,0,0,0,0,6,1,7,0,0,0,7
09/22/2019,PMD,CA,AWP,WE,Federal Contract Tower,0,0,0,0,0,0,0,0,0,0,0,0,0,0,0,0,0,0,0
09/23/2019,PMD,CA,AWP,WE,Federal Contract Tower,0,0,20,0,20,0,0,2,0,2,0,0,22,0,22,22,0,22,44
09/24/2019,PMD,CA,AWP,WE,Federal Contract Tower,0,0,25,10,35,0,0,3,0,3,0,0,28,10,38,0,46,46,84
09/25/2019,PMD,CA,AWP,WE,Federal Contract Tower,0,0,22,16,38,0,0,6,4,10,0,0,28,20,48,0,80,80,128
09/26/2019,PMD,CA,AWP,WE,Federal Contract Tower,0,0,18,2,20,0,0,2,0,2,0,0,20,2,22,0,42,42,64
09/27/2019,PMD,CA,AWP,WE,Federal Contract Tower,0,0,19,0,19,0,0,1,2,3,0,0,20,2,22,2,0,2,24
09/28/2019,PMD,CA,AWP,WE,Federal Contract Tower,0,0,0,0,0,0,0,0,0,0,0,0,0,0,0,0,0,0,0
09/29/2019,PMD,CA,AWP,WE,Federal Contract Tower,0,0,0,0,0,0,0,4,0,4,0,0,4,0,4,0,0,0,4
09/30/2019,PMD,CA,AWP,WE,Federal Contract Tower,0,0,17,2,19,0,0,2,0,2,0,0,19,2,21,6,0,6,27
10/01/2019,PMD,CA,AWP,WE,Federal Contract Tower,0,0,24,14,38,0,0,8,3,11,0,0,32,17,49,11,20,31,80
10/02/2019,PMD,CA,AWP,WE,Federal Contract Tower,0,0,19,0,19,0,0,8,8,16,0,0,27,8,35,0,42,42,77
10/03/2019,PMD,CA,AWP,WE,Federal Contract Tower,0,0,12,15,27,0,0,5,13,18,0,0,17,28,45,0,39,39,84
10/04/2019,PMD,CA,AWP,WE,Federal Contract Tower,0,0,8,0,8,0,0,4,0,4,0,0,12,0,12,0,0,0,12
10/05/2019,PMD,CA,AWP,WE,Federal Contract Tower,0,0,0,0,0,0,0,0,10,10,0,0,0,10,10,0,18,18,28
10/06/2019,PMD,CA,AWP,WE,Federal Contract Tower,0,0,2,0,2,0,0,0,0,0,0,0,2,0,2,0,0,0,2
10/07/2019,PMD,CA,AWP,WE,Federal Contract Tower,0,0,21,4,25,0,0,1,0,1,0,0,22,4,26,42,6,48,74
10/08/2019,PMD,CA,AWP,WE,Federal Contract Tower,0,0,12,24,36,0,0,8,6,14,0,0,20,30,50,14,98,112,162
10/09/2019,PMD,CA,AWP,WE,Federal Contract Tower,0,0,17,8,25,0,0,7,9,16,0,0,24,17,41,0,66,66,107
10/10/2019,PMD,CA,AWP,WE,Federal Contract Tower,0,0,21,9,30,0,0,7,0,7,0,0,28,9,37,6,10,16,53
10/11/2019,PMD,CA,AWP,WE,Federal Contract Tower,0,0,18,4,22,0,0,0,0,0,0,0,18,4,22,0,24,24,46
10/12/2019,PMD,CA,AWP,WE,Federal Contract Tower,0,0,4,0,4,0,0,0,0,0,0,0,4,0,4,0,0,0,4
10/13/2019,PMD,CA,AWP,WE,Federal Contract Tower,0,0,2,0,2,0,0,0,0,0,0,0,2,0,2,0,0,0,2
10/14/2019,PMD,CA,AWP,WE,Federal Contract Tower,0,0,22,2,24,0,0,0,0,0,0,0,22,2,24,0,18,18,42
10/15/2019,PMD,CA,AWP,WE,Federal Contract Tower,0,0,16,2,18,0,0,8,0,8,0,0,24,2,26,0,8,8,34
10/16/2019,PMD,CA,AWP,WE,Federal Contract Tower,0,0,16,19,35,0,0,13,7,20,0,0,29,26,55,0,24,24,79
10/17/2019,PMD,CA,AWP,WE,Federal Contract Tower,0,0,12,3,15,0,0,5,0,5,0,0,17,3,20,0,17,17,37
10/18/2019,PMD,CA,AWP,WE,Federal Contract Tower,0,0,4,4,8,0,0,0,0,0,0,0,4,4,8,0,0,0,8
10/19/2019,PMD,CA,AWP,WE,Federal Contract Tower,0,0,1,0,1,0,0,0,0,0,0,0,1,0,1,0,0,0,1
10/20/2019,PMD,CA,AWP,WE,Federal Contract Tower,0,0,1,0,1,0,0,0,0,0,0,0,1,0,1,0,0,0,1
10/21/2019,PMD,CA,AWP,WE,Federal Contract Tower,0,0,20,2,22,0,0,0,0,0,0,0,20,2,22,4,2,6,28
10/22/2019,PMD,CA,AWP,WE,Federal Contract Tower,0,0,14,2,16,0,0,6,2,8,0,0,20,4,24,0,50,50,74
10/23/2019,PMD,CA,AWP,WE,Federal Contract Tower,0,0,18,14,32,0,0,9,11,20,0,0,27,25,52,4,96,100,152
10/24/2019,PMD,CA,AWP,WE,Federal Contract Tower,0,0,14,16,30,0,0,10,1,11,0,0,24,17,41,0,18,18,59
10/25/2019,PMD,CA,AWP,WE,Federal Contract Tower,0,0,13,1,14,0,0,5,0,5,0,0,18,1,19,24,20,44,63
10/26/2019,PMD,CA,AWP,WE,Federal Contract Tower,0,0,0,0,0,0,0,0,0,0,0,0,0,0,0,0,0,0,0
10/27/2019,PMD,CA,AWP,WE,Federal Contract Tower,0,0,0,0,0,0,0,0,0,0,0,0,0,0,0,0,0,0,0
10/28/2019,PMD,CA,AWP,WE,Federal Contract Tower,0,0,14,2,16,0,0,5,2,7,0,0,19,4,23,0,28,28,51
10/29/2019,PMD,CA,AWP,WE,Federal Contract Tower,0,0,16,8,24,0,0,5,1,6,0,0,21,9,30,0,39,39,69
10/30/2019,PMD,CA,AWP,WE,Federal Contract Tower,0,0,24,0,24,0,0,4,0,4,0,0,28,0,28,0,20,20,48
10/31/2019,PMD,CA,AWP,WE,Federal Contract Tower,0,0,16,7,23,0,0,7,1,8,0,0,23,8,31,0,15,15,46
11/01/2019,PMD,CA,AWP,WE,Federal Contract Tower,0,0,7,6,13,0,0,2,1,3,0,0,9,7,16,16,12,28,44
11/02/2019,PMD,CA,AWP,WE,Federal Contract Tower,0,0,8,0,8,0,0,4,0,4,0,0,12,0,12,0,0,0,12
11/03/2019,PMD,CA,AWP,WE,Federal Contract Tower,0,0,2,0,2,0,0,0,0,0,0,0,2,0,2,0,0,0,2
11/04/2019,PMD,CA,AWP,WE,Federal Contract Tower,0,0,18,4,22,0,0,3,0,3,0,0,21,4,25,0,22,22,47
11/05/2019,PMD,CA,AWP,WE,Federal Contract Tower,0,0,14,14,28,0,0,3,3,6,0,0,17,17,34,0,34,34,68
11/06/2019,PMD,CA,AWP,WE,Federal Contract Tower,0,0,13,15,28,0,0,5,0,5,0,0,18,15,33,24,42,66,99
11/07/2019,PMD,CA,AWP,WE,Federal Contract Tower,0,0,16,22,38,0,0,8,2,10,0,0,24,24,48,0,74,74,122
11/08/2019,PMD,CA,AWP,WE,Federal Contract Tower,0,0,7,2,9,0,0,0,0,0,0,0,7,2,9,0,12,12,21
11/10/2019,PMD,CA,AWP,WE,Federal Contract Tower,0,0,0,0,0,0,0,0,0,0,0,0,0,0,0,0,0,0,0
11/11/2019,PMD,CA,AWP,WE,Federal Contract Tower,0,0,17,0,17,0,0,8,0,8,0,0,25,0,25,0,0,0,25
11/12/2019,PMD,CA,AWP,WE,Federal Contract Tower,0,0,10,6,16,0,0,3,0,3,0,0,13,6,19,0,0,0,19
11/13/2019,PMD,CA,AWP,WE,Federal Contract Tower,0,0,18,12,30,0,0,5,0,5,0,0,23,12,35,6,38,44,79
11/14/2019,PMD,CA,AWP,WE,Federal Contract Tower,0,0,11,0,11,0,0,8,0,8,0,0,19,0,19,0,0,0,19
11/15/2019,PMD,CA,AWP,WE,Federal Contract Tower,0,0,2,8,10,0,0,0,0,0,0,0,2,8,10,0,6,6,16
11/16/2019,PMD,CA,AWP,WE,Federal Contract Tower,0,0,3,6,9,0,0,2,2,4,0,0,5,8,13,0,10,10,23
11/17/2019,PMD,CA,AWP,WE,Federal Contract Tower,0,0,0,0,0,0,0,0,0,0,0,0,0,0,0,0,0,0,0
11/18/2019,PMD,CA,AWP,WE,Federal Contract Tower,0,0,13,9,22,0,0,5,1,6,0,0,18,10,28,0,8,8,36
11/19/2019,PMD,CA,AWP,WE,Federal Contract Tower,0,0,14,4,18,0,0,6,4,10,0,0,20,8,28,36,46,82,110
11/20/2019,PMD,CA,AWP,WE,Federal Contract Tower,0,0,14,4,18,0,0,0,0,0,0,0,14,4,18,0,40,40,58
11/21/2019,PMD,CA,AWP,WE,Federal Contract Tower,0,0,23,22,45,0,0,1,2,3,0,0,24,24,48,8,105,113,161
11/22/2019,PMD,CA,AWP,WE,Federal Contract Tower,0,0,13,8,21,0,0,5,0,5,0,0,18,8,26,10,6,16,42
11/23/2019,PMD,CA,AWP,WE,Federal Contract Tower,0,0,1,0,1,0,0,1,0,1,0,0,2,0,2,0,0,0,2
11/24/2019,PMD,CA,AWP,WE,Federal Contract Tower,0,0,2,0,2,0,0,0,0,0,0,0,2,0,2,0,0,0,2
11/25/2019,PMD,CA,AWP,WE,Federal Contract Tower,0,0,8,9,17,0,0,11,1,12,0,0,19,10,29,8,0,8,37
11/26/2019,PMD,CA,AWP,WE,Federal Contract Tower,0,0,18,15,33,0,0,10,2,12,0,0,28,17,45,12,46,58,103
11/27/2019,PMD,CA,AWP,WE,Federal Contract Tower,0,0,5,0,5,0,0,1,0,1,0,0,6,0,6,0,0,0,6
11/28/2019,PMD,CA,AWP,WE,Federal Contract Tower,0,0,0,0,0,0,0,0,0,0,0,0,0,0,0,0,0,0,0
11/29/2019,PMD,CA,AWP,WE,Federal Contract Tower,0,0,0,0,0,0,0,0,0,0,0,0,0,0,0,0,0,0,0
11/30/2019,PMD,CA,AWP,WE,Federal Contract Tower,0,0,0,0,0,0,0,2,0,2,0,0,2,0,2,0,0,0,2
12/01/2019,PMD,CA,AWP,WE,Federal Contract Tower,0,0,0,0,0,0,0,0,0,0,0,0,0,0,0,0,0,0,0
12/02/2019,PMD,CA,AWP,WE,Federal Contract Tower,0,0,13,8,21,0,0,2,12,14,0,0,15,20,35,6,6,12,47
12/03/2019,PMD,CA,AWP,WE,Federal Contract Tower,0,0,22,20,42,0,0,7,0,7,0,0,29,20,49,8,46,54,103
12/04/2019,PMD,CA,AWP,WE,Federal Contract Tower,0,0,8,20,28,0,0,0,2,2,0,0,8,22,30,0,10,10,40
12/05/2019,PMD,CA,AWP,WE,Federal Contract Tower,0,0,17,11,28,0,0,9,21,30,0,0,26,32,58,0,64,64,122
12/06/2019,PMD,CA,AWP,WE,Federal Contract Tower,0,0,10,16,26,0,0,0,0,0,0,0,10,16,26,0,4,4,30
12/07/2019,PMD,CA,AWP,WE,Federal Contract Tower,0,0,4,0,4,0,0,0,0,0,0,0,4,0,4,0,0,0,4
12/08/2019,PMD,CA,AWP,WE,Federal Contract Tower,0,0,0,0,0,0,0,0,0,0,0,0,0,0,0,0,0,0,0
12/09/2019,PMD,CA,AWP,WE,Federal Contract Tower,0,0,22,8,30,0,0,5,1,6,0,0,27,9,36,0,3,3,39
12/10/2019,PMD,CA,AWP,WE,Federal Contract Tower,0,0,25,8,33,0,0,8,1,9,0,0,33,9,42,28,32,60,102
12/11/2019,PMD,CA,AWP,WE,Federal Contract Tower,0,0,15,15,30,0,0,7,5,12,0,0,22,20,42,0,30,30,72
12/12/2019,PMD,CA,AWP,WE,Federal Contract Tower,0,0,27,8,35,0,0,7,1,8,0,0,34,9,43,10,12,22,65
12/13/2019,PMD,CA,AWP,WE,Federal Contract Tower,0,0,4,16,20,0,0,2,0,2,0,0,6,16,22,0,44,44,66
12/14/2019,PMD,CA,AWP,WE,Federal Contract Tower,0,0,2,0,2,0,0,0,4,4,0,0,2,4,6,5,34,39,45
12/15/2019,PMD,CA,AWP,WE,Federal Contract Tower,0,0,4,0,4,0,0,0,0,0,0,0,4,0,4,0,0,0,4
12/16/2019,PMD,CA,AWP,WE,Federal Contract Tower,0,0,11,10,21,0,0,7,9,16,0,0,18,19,37,4,4,8,45
12/17/2019,PMD,CA,AWP,WE,Federal Contract Tower,0,0,14,18,32,0,0,10,1,11,0,0,24,19,43,32,15,47,90
12/18/2019,PMD,CA,AWP,WE,Federal Contract Tower,0,0,18,55,73,0,0,3,5,8,0,0,21,60,81,0,72,72,153
12/19/2019,PMD,CA,AWP,WE,Federal Contract Tower,0,0,16,44,60,0,0,0,1,1,0,0,16,45,61,1,41,42,103
12/20/2019,PMD,CA,AWP,WE,Federal Contract Tower,0,0,15,9,24,0,0,8,1,9,0,0,23,10,33,0,2,2,35
12/21/2019,PMD,CA,AWP,WE,Federal Contract Tower,0,0,3,0,3,0,0,2,0,2,0,0,5,0,5,0,0,0,5
12/22/2019,PMD,CA,AWP,WE,Federal Contract Tower,0,0,16,0,16,0,0,0,0,0,0,0,16,0,16,0,0,0,16
12/23/2019,PMD,CA,AWP,WE,Federal Contract Tower,0,0,0,0,0,0,0,0,0,0,0,0,0,0,0,0,0,0,0
12/24/2019,PMD,CA,AWP,WE,Federal Contract Tower,0,0,4,0,4,0,0,0,0,0,0,0,4,0,4,0,0,0,4
12/25/2019,PMD,CA,AWP,WE,Federal Contract Tower,0,0,0,0,0,0,0,0,0,0,0,0,0,0,0,0,0,0,0
12/26/2019,PMD,CA,AWP,WE,Federal Contract Tower,0,0,2,0,2,0,0,0,0,0,0,0,2,0,2,0,0,0,2
12/27/2019,PMD,CA,AWP,WE,Federal Contract Tower,0,0,6,0,6,0,0,2,0,2,0,0,8,0,8,0,0,0,8
12/28/2019,PMD,CA,AWP,WE,Federal Contract Tower,0,0,0,0,0,0,0,0,0,0,0,0,0,0,0,0,0,0,0
12/29/2019,PMD,CA,AWP,WE,Federal Contract Tower,0,0,12,0,12,0,0,0,0,0,0,0,12,0,12,0,0,0,12
12/30/2019,PMD,CA,AWP,WE,Federal Contract Tower,0,0,0,7,7,0,0,2,0,2,0,0,2,7,9,0,28,28,37
12/31/2019,PMD,CA,AWP,WE,Federal Contract Tower,0,0,8,0,8,0,0,0,0,0,0,0,8,0,8,0,0,0,8
01/01/2020,PMD,CA,AWP,WE,Federal Contract Tower,0,0,0,0,0,0,0,0,0,0,0,0,0,0,0,0,0,0,0
01/02/2020,PMD,CA,AWP,WE,Federal Contract Tower,0,0,4,0,4,0,0,0,0,0,0,0,4,0,4,0,0,0,4
01/03/2020,PMD,CA,AWP,WE,Federal Contract Tower,0,0,8,2,10,0,0,0,0,0,0,0,8,2,10,8,0,8,18
01/04/2020,PMD,CA,AWP,WE,Federal Contract Tower,0,0,6,0,6,0,0,2,0,2,0,0,8,0,8,0,12,12,20
01/05/2020,PMD,CA,AWP,WE,Federal Contract Tower,0,0,12,0,12,0,0,0,0,0,0,0,12,0,12,0,0,0,12
01/06/2020,PMD,CA,AWP,WE,Federal Contract Tower,0,0,9,6,15,0,0,4,3,7,0,0,13,9,22,0,48,48,70
01/07/2020,PMD,CA,AWP,WE,Federal Contract Tower,0,0,14,38,52,0,0,5,4,9,0,0,19,42,61,0,186,186,247
01/08/2020,PMD,CA,AWP,WE,Federal Contract Tower,0,0,27,15,42,0,0,4,9,13,0,0,31,24,55,0,72,72,127
01/09/2020,PMD,CA,AWP,WE,Federal Contract Tower,0,0,13,23,36,0,0,4,1,5,0,0,17,24,41,10,112,122,163
01/10/2020,PMD,CA,AWP,WE,Federal Contract Tower,0,0,13,22,35,0,0,6,4,10,0,0,19,26,45,2,22,24,69
01/11/2020,PMD,CA,AWP,WE,Federal Contract Tower,0,0,10,7,17,0,0,0,2,2,0,0,10,9,19,0,6,6,25
01/12/2020,PMD,CA,AWP,WE,Federal Contract Tower,0,0,16,0,16,0,0,0,0,0,0,0,16,0,16,0,0,0,16
01/13/2020,PMD,CA,AWP,WE,Federal Contract Tower,0,0,17,14,31,0,0,3,0,3,0,0,20,14,34,10,40,50,84
01/14/2020,PMD,CA,AWP,WE,Federal Contract Tower,0,0,41,23,64,0,0,6,2,8,0,0,47,25,72,2,54,56,128
01/15/2020,PMD,CA,AWP,WE,Federal Contract Tower,0,0,14,51,65,0,0,9,1,10,0,0,23,52,75,0,106,106,181
01/16/2020,PMD,CA,AWP,WE,Federal Contract Tower,0,0,22,17,39,0,0,6,0,6,0,0,28,17,45,26,37,63,108
01/17/2020,PMD,CA,AWP,WE,Federal Contract Tower,0,0,16,7,23,0,0,5,4,9,0,0,21,11,32,0,4,4,36
01/18/2020,PMD,CA,AWP,WE,Federal Contract Tower,0,0,8,0,8,0,0,0,0,0,0,0,8,0,8,0,0,0,8
01/19/2020,PMD,CA,AWP,WE,Federal Contract Tower,0,0,2,0,2,0,0,0,0,0,0,0,2,0,2,0,0,0,2
01/20/2020,PMD,CA,AWP,WE,Federal Contract Tower,0,0,26,0,26,0,0,12,0,12,0,0,38,0,38,0,0,0,38
01/21/2020,PMD,CA,AWP,WE,Federal Contract Tower,0,0,26,28,54,0,0,8,2,10,0,0,34,30,64,2,57,59,123
01/22/2020,PMD,CA,AWP,WE,Federal Contract Tower,0,0,21,31,52,0,0,9,14,23,0,0,30,45,75,0,66,66,141
01/23/2020,PMD,CA,AWP,WE,Federal Contract Tower,0,0,20,22,42,0,0,4,2,6,0,0,24,24,48,0,110,110,158
01/24/2020,PMD,CA,AWP,WE,Federal Contract Tower,0,0,13,14,27,0,0,0,2,2,0,0,13,16,29,4,28,32,61
01/25/2020,PMD,CA,AWP,WE,Federal Contract Tower,0,0,8,0,8,0,0,2,0,2,0,0,10,0,10,0,12,12,22
01/26/2020,PMD,CA,AWP,WE,Federal Contract Tower,0,0,6,0,6,0,0,0,0,0,0,0,6,0,6,0,0,0,6
01/27/2020,PMD,CA,AWP,WE,Federal Contract Tower,0,0,18,18,36,0,0,2,0,2,0,0,20,18,38,0,35,35,73
01/28/2020,PMD,CA,AWP,WE,Federal Contract Tower,0,0,20,19,39,0,0,5,5,10,0,0,25,24,49,2,62,64,113
01/29/2020,PMD,CA,AWP,WE,Federal Contract Tower,0,0,22,17,39,0,0,9,1,10,0,0,31,18,49,0,96,96,145
01/30/2020,PMD,CA,AWP,WE,Federal Contract Tower,0,0,29,28,57,0,0,4,0,4,0,0,33,28,61,32,40,72,133
01/31/2020,PMD,CA,AWP,WE,Federal Contract Tower,0,0,36,17,53,0,0,2,2,4,0,0,38,19,57,16,30,46,103
02/01/2020,PMD,CA,AWP,WE,Federal Contract Tower,0,0,5,2,7,0,0,3,0,3,0,0,8,2,10,0,6,6,16
02/02/2020,PMD,CA,AWP,WE,Federal Contract Tower,0,0,4,1,5,0,0,0,0,0,0,0,4,1,5,0,0,0,5
02/03/2020,PMD,CA,AWP,WE,Federal Contract Tower,0,0,12,10,22,0,0,0,1,1,0,0,12,11,23,0,48,48,71
02/04/2020,PMD,CA,AWP,WE,Federal Contract Tower,0,0,16,0,16,0,0,7,2,9,0,0,23,2,25,0,28,28,53
02/05/2020,PMD,CA,AWP,WE,Federal Contract Tower,0,0,30,11,41,0,0,12,7,19,0,0,42,18,60,2,64,66,126
02/06/2020,PMD,CA,AWP,WE,Federal Contract Tower,0,0,17,14,31,0,0,6,1,7,0,0,23,15,38,0,77,77,115
02/07/2020,PMD,CA,AWP,WE,Federal Contract Tower,0,0,9,4,13,0,0,3,2,5,0,0,12,6,18,0,40,40,58
02/08/2020,PMD,CA,AWP,WE,Federal Contract Tower,0,0,2,0,2,0,0,0,0,0,0,0,2,0,2,0,0,0,2
02/09/2020,PMD,CA,AWP,WE,Federal Contract Tower,0,0,0,0,0,0,0,0,0,0,0,0,0,0,0,0,0,0,0
02/10/2020,PMD,CA,AWP,WE,Federal Contract Tower,0,0,17,4,21,0,0,0,1,1,0,0,17,5,22,0,0,0,22
02/11/2020,PMD,CA,AWP,WE,Federal Contract Tower,0,6,16,16,38,0,0,6,0,6,0,6,22,16,44,2,50,52,96
02/12/2020,PMD,CA,AWP,WE,Federal Contract Tower,0,0,22,6,28,0,0,6,0,6,0,0,28,6,34,0,36,36,70
02/13/2020,PMD,CA,AWP,WE,Federal Contract Tower,0,0,17,10,27,0,0,8,8,16,0,0,25,18,43,0,100,100,143
02/14/2020,PMD,CA,AWP,WE,Federal Contract Tower,0,0,11,0,11,0,0,4,0,4,0,0,15,0,15,0,18,18,33
02/15/2020,PMD,CA,AWP,WE,Federal Contract Tower,0,0,0,0,0,0,0,0,0,0,0,0,0,0,0,2,0,2,2
02/16/2020,PMD,CA,AWP,WE,Federal Contract Tower,0,0,0,0,0,0,0,0,0,0,0,0,0,0,0,0,0,0,0
02/17/2020,PMD,CA,AWP,WE,Federal Contract Tower,0,0,10,2,12,0,0,7,0,7,0,0,17,2,19,0,0,0,19
02/18/2020,PMD,CA,AWP,WE,Federal Contract Tower,0,0,16,18,34,0,0,4,3,7,0,0,20,21,41,0,30,30,71
02/19/2020,PMD,CA,AWP,WE,Federal Contract Tower,0,0,13,20,33,0,0,9,18,27,0,0,22,38,60,0,72,72,132
02/20/2020,PMD,CA,AWP,WE,Federal Contract Tower,0,0,11,2,13,0,0,3,5,8,0,0,14,7,21,0,30,30,51
02/21/2020,PMD,CA,AWP,WE,Federal Contract Tower,0,0,6,0,6,0,0,1,0,1,0,0,7,0,7,4,12,16,23
02/22/2020,PMD,CA,AWP,WE,Federal Contract Tower,0,0,2,12,14,0,0,0,0,0,0,0,2,12,14,0,0,0,14
02/23/2020,PMD,CA,AWP,WE,Federal Contract Tower,0,0,12,0,12,0,0,0,0,0,0,0,12,0,12,0,0,0,12
02/24/2020,PMD,CA,AWP,WE,Federal Contract Tower,0,0,21,16,37,0,0,4,0,4,0,0,25,16,41,0,44,44,85
02/25/2020,PMD,CA,AWP,WE,Federal Contract Tower,0,0,14,27,41,0,0,8,1,9,0,0,22,28,50,0,34,34,84
02/26/2020,PMD,CA,AWP,WE,Federal Contract Tower,0,0,13,8,21,0,0,16,11,27,0,0,29,19,48,4,128,132,180
02/27/2020,PMD,CA,AWP,WE,Federal Contract Tower,0,0,19,18,37,0,0,5,7,12,0,0,24,25,49,0,93,93,142
02/28/2020,PMD,CA,AWP,WE,Federal Contract Tower,0,0,29,9,38,0,0,3,12,15,0,0,32,21,53,10,34,44,97
02/29/2020,PMD,CA,AWP,WE,Federal Contract Tower,0,0,1,0,1,0,0,1,0,1,0,0,2,0,2,0,0,0,2
03/01/2020,PMD,CA,AWP,WE,Federal Contract Tower,0,0,0,0,0,0,0,0,0,0,0,0,0,0,0,0,0,0,0
03/02/2020,PMD,CA,AWP,WE,Federal Contract Tower,0,0,17,5,22,0,0,2,4,6,0,0,19,9,28,4,20,24,52
03/03/2020,PMD,CA,AWP,WE,Federal Contract Tower,0,0,31,16,47,0,0,3,4,7,0,0,34,20,54,4,114,118,172
03/04/2020,PMD,CA,AWP,WE,Federal Contract Tower,0,0,22,21,43,0,0,7,7,14,0,0,29,28,57,4,90,94,151
03/05/2020,PMD,CA,AWP,WE,Federal Contract Tower,0,0,38,23,61,0,0,5,18,23,0,0,43,41,84,0,91,91,175
03/06/2020,PMD,CA,AWP,WE,Federal Contract Tower,0,0,12,2,14,0,0,0,0,0,0,0,12,2,14,0,0,0,14
03/07/2020,PMD,CA,AWP,WE,Federal Contract Tower,0,0,5,0,5,0,0,2,0,2,0,0,7,0,7,0,12,12,19
03/08/2020,PMD,CA,AWP,WE,Federal Contract Tower,0,0,10,0,10,0,0,0,0,0,0,0,10,0,10,0,0,0,10
03/09/2020,PMD,CA,AWP,WE,Federal Contract Tower,0,0,31,4,35,0,0,1,2,3,0,0,32,6,38,6,4,10,48
03/10/2020,PMD,CA,AWP,WE,Federal Contract Tower,0,0,17,36,53,0,0,3,0,3,0,0,20,36,56,0,0,0,56
03/11/2020,PMD,CA,AWP,WE,Federal Contract Tower,0,0,19,34,53,0,0,1,0,1,0,0,20,34,54,0,50,50,104
03/12/2020,PMD,CA,AWP,WE,Federal Contract Tower,0,0,17,0,17,0,0,4,0,4,0,0,21,0,21,0,2,2,23
03/13/2020,PMD,CA,AWP,WE,Federal Contract Tower,0,0,15,20,35,0,0,0,0,0,0,0,15,20,35,0,20,20,55
03/14/2020,PMD,CA,AWP,WE,Federal Contract Tower,0,0,2,2,4,0,0,0,0,0,0,0,2,2,4,0,0,0,4
03/15/2020,PMD,CA,AWP,WE,Federal Contract Tower,0,0,0,0,0,0,0,0,0,0,0,0,0,0,0,0,0,0,0
03/16/2020,PMD,CA,AWP,WE,Federal Contract Tower,0,0,14,22,36,0,0,5,0,5,0,0,19,22,41,0,28,28,69
03/17/2020,PMD,CA,AWP,WE,Federal Contract Tower,0,0,19,4,23,0,0,0,1,1,0,0,19,5,24,0,16,16,40
03/18/2020,PMD,CA,AWP,WE,Federal Contract Tower,0,0,12,17,29,0,0,0,13,13,0,0,12,30,42,0,78,78,120
03/19/2020,PMD,CA,AWP,WE,Federal Contract Tower,0,0,3,17,20,0,0,1,0,1,0,0,4,17,21,0,52,52,73
03/20/2020,PMD,CA,AWP,WE,Federal Contract Tower,0,0,0,2,2,0,0,0,0,0,0,0,0,2,2,0,4,4,6
03/22/2020,PMD,CA,AWP,WE,Federal Contract Tower,0,0,0,0,0,0,0,0,0,0,0,0,0,0,0,0,0,0,0
03/23/2020,PMD,CA,AWP,WE,Federal Contract Tower,0,0,4,5,9,0,0,1,2,3,0,0,5,7,12,2,16,18,30
03/24/2020,PMD,CA,AWP,WE,Federal Contract Tower,0,0,7,1,8,0,0,0,1,1,0,0,7,2,9,4,0,4,13
03/25/2020,PMD,CA,AWP,WE,Federal Contract Tower,0,0,2,7,9,0,0,0,1,1,0,0,2,8,10,0,14,14,24
03/26/2020,PMD,CA,AWP,WE,Federal Contract Tower,0,0,2,15,17,0,0,0,1,1,0,0,2,16,18,0,7,7,25
03/27/2020,PMD,CA,AWP,WE,Federal Contract Tower,0,0,4,6,10,0,0,0,4,4,0,0,4,10,14,0,8,8,22
03/28/2020,PMD,CA,AWP,WE,Federal Contract Tower,0,0,5,0,5,0,0,1,0,1,0,0,6,0,6,0,0,0,6
03/29/2020,PMD,CA,AWP,WE,Federal Contract Tower,0,0,0,0,0,0,0,0,0,0,0,0,0,0,0,0,0,0,0
03/30/2020,PMD,CA,AWP,WE,Federal Contract Tower,0,0,6,0,6,0,0,0,0,0,0,0,6,0,6,0,0,0,6
03/31/2020,PMD,CA,AWP,WE,Federal Contract Tower,0,0,12,15,27,0,0,0,0,0,0,0,12,15,27,15,32,47,74
04/01/2020,PMD,CA,AWP,WE,Federal Contract Tower,0,0,10,10,20,0,0,3,4,7,0,0,13,14,27,0,20,20,47
04/02/2020,PMD,CA,AWP,WE,Federal Contract Tower,0,0,9,19,28,0,0,2,0,2,0,0,11,19,30,0,46,46,76
04/03/2020,PMD,CA,AWP,WE,Federal Contract Tower,0,0,2,4,6,0,0,0,0,0,0,0,2,4,6,8,0,8,14
04/04/2020,PMD,CA,AWP,WE,Federal Contract Tower,0,0,3,0,3,0,0,1,0,1,0,0,4,0,4,0,0,0,4
04/05/2020,PMD,CA,AWP,WE,Federal Contract Tower,0,0,0,0,0,0,0,0,0,0,0,0,0,0,0,0,0,0,0
04/06/2020,PMD,CA,AWP,WE,Federal Contract Tower,0,0,6,0,6,0,0,0,0,0,0,0,6,0,6,0,0,0,6
04/07/2020,PMD,CA,AWP,WE,Federal Contract Tower,0,0,2,1,3,0,0,0,0,0,0,0,2,1,3,0,0,0,3
04/08/2020,PMD,CA,AWP,WE,Federal Contract Tower,0,0,16,20,36,0,0,0,2,2,0,0,16,22,38,0,28,28,66
04/09/2020,PMD,CA,AWP,WE,Federal Contract Tower,0,0,9,36,45,0,0,1,0,1,0,0,10,36,46,22,0,22,68
04/10/2020,PMD,CA,AWP,WE,Federal Contract Tower,0,0,0,7,7,0,0,1,0,1,0,0,1,7,8,0,4,4,12
04/11/2020,PMD,CA,AWP,WE,Federal Contract Tower,0,0,4,0,4,0,0,0,0,0,0,0,4,0,4,0,0,0,4
04/12/2020,PMD,CA,AWP,WE,Federal Contract Tower,0,0,2,0,2,0,0,0,0,0,0,0,2,0,2,0,0,0,2
04/13/2020,PMD,CA,AWP,WE,Federal Contract Tower,0,0,9,18,27,0,0,2,2,4,0,0,11,20,31,0,24,24,55
04/14/2020,PMD,CA,AWP,WE,Federal Contract Tower,0,0,15,14,29,0,0,3,0,3,0,0,18,14,32,6,18,24,56
04/15/2020,PMD,CA,AWP,WE,Federal Contract Tower,0,0,10,14,24,0,0,0,0,0,0,0,10,14,24,0,60,60,84
04/16/2020,PMD,CA,AWP,WE,Federal Contract Tower,0,0,13,11,24,0,0,2,8,10,0,0,15,19,34,2,34,36,70
04/17/2020,PMD,CA,AWP,WE,Federal Contract Tower,0,0,10,10,20,0,0,1,1,2,0,0,11,11,22,6,30,36,58
04/18/2020,PMD,CA,AWP,WE,Federal Contract Tower,0,0,0,0,0,0,0,0,0,0,0,0,0,0,0,0,0,0,0
04/19/2020,PMD,CA,AWP,WE,Federal Contract Tower,0,0,8,0,8,0,0,0,0,0,0,0,8,0,8,0,0,0,8
04/20/2020,PMD,CA,AWP,WE,Federal Contract Tower,0,0,6,16,22,0,0,0,0,0,0,0,6,16,22,0,40,40,62
04/21/2020,PMD,CA,AWP,WE,Federal Contract Tower,0,0,17,18,35,0,0,1,0,1,0,0,18,18,36,4,20,24,60
04/22/2020,PMD,CA,AWP,WE,Federal Contract Tower,0,0,8,34,42,0,0,3,3,6,0,0,11,37,48,0,62,62,110
04/23/2020,PMD,CA,AWP,WE,Federal Contract Tower,0,0,2,14,16,0,0,4,2,6,0,0,6,16,22,0,70,70,92
04/24/2020,PMD,CA,AWP,WE,Federal Contract Tower,0,0,2,0,2,0,0,0,0,0,0,0,2,0,2,0,0,0,2
04/25/2020,PMD,CA,AWP,WE,Federal Contract Tower,0,0,4,0,4,0,0,2,0,2,0,0,6,0,6,0,0,0,6
04/26/2020,PMD,CA,AWP,WE,Federal Contract Tower,0,0,5,10,15,0,0,1,2,3,0,0,6,12,18,0,0,0,18
04/27/2020,PMD,CA,AWP,WE,Federal Contract Tower,0,0,10,10,20,0,0,0,0,0,0,0,10,10,20,0,30,30,50
04/28/2020,PMD,CA,AWP,WE,Federal Contract Tower,0,0,5,9,14,0,0,6,0,6,0,0,11,9,20,14,0,14,34
04/29/2020,PMD,CA,AWP,WE,Federal Contract Tower,0,0,11,34,45,0,0,8,2,10,0,0,19,36,55,0,96,96,151
04/30/2020,PMD,CA,AWP,WE,Federal Contract Tower,0,0,13,38,51,0,0,1,6,7,0,0,14,44,58,14,66,80,138
05/01/2020,PMD,CA,AWP,WE,Federal Contract Tower,0,0,6,16,22,0,0,0,0,0,0,0,6,16,22,0,56,56,78
05/02/2020,PMD,CA,AWP,WE,Federal Contract Tower,0,0,0,0,0,0,0,0,24,24,0,0,0,24,24,0,0,0,24
05/03/2020,PMD,CA,AWP,WE,Federal Contract Tower,0,0,0,0,0,0,0,0,0,0,0,0,0,0,0,0,0,0,0
05/04/2020,PMD,CA,AWP,WE,Federal Contract Tower,0,0,9,2,11,0,0,1,2,3,0,0,10,4,14,8,12,20,34
05/05/2020,PMD,CA,AWP,WE,Federal Contract Tower,0,0,7,28,35,0,0,8,7,15,0,0,15,35,50,10,49,59,109
05/06/2020,PMD,CA,AWP,WE,Federal Contract Tower,0,0,2,12,14,0,0,1,0,1,0,0,3,12,15,0,30,30,45
05/07/2020,PMD,CA,AWP,WE,Federal Contract Tower,0,0,4,24,28,0,0,1,4,5,0,0,5,28,33,0,70,70,103
05/08/2020,PMD,CA,AWP,WE,Federal Contract Tower,0,0,2,24,26,0,0,0,0,0,0,0,2,24,26,0,28,28,54
05/09/2020,PMD,CA,AWP,WE,Federal Contract Tower,0,0,8,0,8,0,0,0,0,0,0,0,8,0,8,0,0,0,8
05/10/2020,PMD,CA,AWP,WE,Federal Contract Tower,0,0,7,0,7,0,0,0,0,0,0,0,7,0,7,0,0,0,7
05/11/2020,PMD,CA,AWP,WE,Federal Contract Tower,0,0,5,6,11,0,0,0,0,0,0,0,5,6,11,0,0,0,11
05/12/2020,PMD,CA,AWP,WE,Federal Contract Tower,0,0,18,14,32,0,0,3,0,3,0,0,21,14,35,0,50,50,85
05/13/2020,PMD,CA,AWP,WE,Federal Contract Tower,0,0,11,37,48,0,0,3,1,4,0,0,14,38,52,2,55,57,109
05/14/2020,PMD,CA,AWP,WE,Federal Contract Tower,0,0,16,7,23,0,0,2,11,13,0,0,18,18,36,0,55,55,91
05/15/2020,PMD,CA,AWP,WE,Federal Contract Tower,0,0,14,0,14,0,0,0,0,0,0,0,14,0,14,0,62,62,76
05/16/2020,PMD,CA,AWP,WE,Federal Contract Tower,0,0,8,0,8,0,0,0,0,0,0,0,8,0,8,0,0,0,8
05/17/2020,PMD,CA,AWP,WE,Federal Contract Tower,0,0,0,0,0,0,0,1,0,1,0,0,1,0,1,0,0,0,1
05/18/2020,PMD,CA,AWP,WE,Federal Contract Tower,0,0,12,10,22,0,0,0,0,0,0,0,12,10,22,0,66,66,88
05/19/2020,PMD,CA,AWP,WE,Federal Contract Tower,0,0,11,14,25,0,0,2,0,2,0,0,13,14,27,0,42,42,69
05/20/2020,PMD,CA,AWP,WE,Federal Contract Tower,0,0,17,22,39,0,0,4,0,4,0,0,21,22,43,22,32,54,97
05/21/2020,PMD,CA,AWP,WE,Federal Contract Tower,0,0,11,7,18,0,0,5,7,12,0,0,16,14,30,0,60,60,90
05/22/2020,PMD,CA,AWP,WE,Federal Contract Tower,0,0,8,2,10,0,0,0,0,0,0,0,8,2,10,0,10,10,20
05/23/2020,PMD,CA,AWP,WE,Federal Contract Tower,0,0,1,0,1,0,0,0,0,0,0,0,1,0,1,0,0,0,1
05/24/2020,PMD,CA,AWP,WE,Federal Contract Tower,0,0,0,0,0,0,0,0,0,0,0,0,0,0,0,0,0,0,0
05/25/2020,PMD,CA,AWP,WE,Federal Contract Tower,0,0,0,0,0,0,0,4,0,4,0,0,4,0,4,0,0,0,4
05/26/2020,PMD,CA,AWP,WE,Federal Contract Tower,0,0,10,14,24,0,0,5,0,5,0,0,15,14,29,0,8,8,37
05/27/2020,PMD,CA,AWP,WE,Federal Contract Tower,0,0,32,27,59,0,0,5,1,6,0,0,37,28,65,20,10,30,95
05/28/2020,PMD,CA,AWP,WE,Federal Contract Tower,0,0,8,13,21,0,0,2,0,2,0,0,10,13,23,0,38,38,61
05/29/2020,PMD,CA,AWP,WE,Federal Contract Tower,0,0,1,18,19,0,0,2,3,5,0,0,3,21,24,2,74,76,100
05/30/2020,PMD,CA,AWP,WE,Federal Contract Tower,0,0,0,0,0,0,0,0,0,0,0,0,0,0,0,0,0,0,0
05/31/2020,PMD,CA,AWP,WE,Federal Contract Tower,0,0,0,0,0,0,0,0,0,0,0,0,0,0,0,0,0,0,0
06/01/2020,PMD,CA,AWP,WE,Federal Contract Tower,0,0,12,0,12,0,0,3,0,3,0,0,15,0,15,2,0,2,17
06/02/2020,PMD,CA,AWP,WE,Federal Contract Tower,0,0,9,6,15,0,0,5,0,5,0,0,14,6,20,4,10,14,34
06/03/2020,PMD,CA,AWP,WE,Federal Contract Tower,0,0,6,19,25,0,0,8,1,9,0,0,14,20,34,0,6,6,40
06/04/2020,PMD,CA,AWP,WE,Federal Contract Tower,0,0,7,15,22,0,0,9,0,9,0,0,16,15,31,0,16,16,47
06/05/2020,PMD,CA,AWP,WE,Federal Contract Tower,0,0,8,14,22,0,0,3,0,3,0,0,11,14,25,0,26,26,51
06/06/2020,PMD,CA,AWP,WE,Federal Contract Tower,0,0,0,0,0,0,0,0,0,0,0,0,0,0,0,0,0,0,0
06/07/2020,PMD,CA,AWP,WE,Federal Contract Tower,0,0,0,0,0,0,0,0,0,0,0,0,0,0,0,0,0,0,0
06/08/2020,PMD,CA,AWP,WE,Federal Contract Tower,0,0,9,11,20,0,0,3,2,5,0,0,12,13,25,0,22,22,47
06/09/2020,PMD,CA,AWP,WE,Federal Contract Tower,0,0,10,18,28,0,0,3,1,4,0,0,13,19,32,0,81,81,113
06/10/2020,PMD,CA,AWP,WE,Federal Contract Tower,0,0,9,17,26,0,0,7,1,8,0,0,16,18,34,0,28,28,62
06/11/2020,PMD,CA,AWP,WE,Federal Contract Tower,0,0,6,38,44,0,0,8,2,10,0,0,14,40,54,10,28,38,92
06/12/2020,PMD,CA,AWP,WE,Federal Contract Tower,0,0,1,0,1,0,0,2,1,3,0,0,3,1,4,0,10,10,14
06/13/2020,PMD,CA,AWP,WE,Federal Contract Tower,0,0,0,0,0,0,0,0,0,0,0,0,0,0,0,0,0,0,0
06/14/2020,PMD,CA,AWP,WE,Federal Contract Tower,0,0,0,0,0,0,0,0,0,0,0,0,0,0,0,0,0,0,0
06/15/2020,PMD,CA,AWP,WE,Federal Contract Tower,0,0,13,23,36,0,0,10,0,10,0,0,23,23,46,0,38,38,84
06/16/2020,PMD,CA,AWP,WE,Federal Contract Tower,0,0,11,8,19,0,0,5,1,6,0,0,16,9,25,4,16,20,45
06/17/2020,PMD,CA,AWP,WE,Federal Contract Tower,0,0,15,3,18,0,0,6,1,7,0,0,21,4,25,0,2,2,27
06/18/2020,PMD,CA,AWP,WE,Federal Contract Tower,0,0,17,6,23,0,0,6,0,6,0,0,23,6,29,0,26,26,55
06/19/2020,PMD,CA,AWP,WE,Federal Contract Tower,0,0,9,12,21,0,0,3,0,3,0,0,12,12,24,0,0,0,24
06/20/2020,PMD,CA,AWP,WE,Federal Contract Tower,0,0,0,0,0,0,0,0,0,0,0,0,0,0,0,0,0,0,0
06/21/2020,PMD,CA,AWP,WE,Federal Contract Tower,0,0,0,0,0,0,0,0,0,0,0,0,0,0,0,0,0,0,0
06/22/2020,PMD,CA,AWP,WE,Federal Contract Tower,0,0,12,8,20,0,0,7,0,7,0,0,19,8,27,0,8,8,35
06/23/2020,PMD,CA,AWP,WE,Federal Contract Tower,0,0,9,39,48,0,0,11,3,14,0,0,20,42,62,6,90,96,158
06/24/2020,PMD,CA,AWP,WE,Federal Contract Tower,0,0,9,14,23,0,0,4,2,6,0,0,13,16,29,0,16,16,45
06/25/2020,PMD,CA,AWP,WE,Federal Contract Tower,0,0,16,42,58,0,0,5,6,11,0,0,21,48,69,0,146,146,215
06/26/2020,PMD,CA,AWP,WE,Federal Contract Tower,0,0,3,10,13,0,0,4,0,4,0,0,7,10,17,0,98,98,115
06/27/2020,PMD,CA,AWP,WE,Federal Contract Tower,0,0,0,0,0,0,0,0,2,2,0,0,0,2,2,0,8,8,10
06/28/2020,PMD,CA,AWP,WE,Federal Contract Tower,0,0,0,0,0,0,0,0,0,0,0,0,0,0,0,0,0,0,0
06/29/2020,PMD,CA,AWP,WE,Federal Contract Tower,0,0,8,10,18,0,0,3,0,3,0,0,11,10,21,0,28,28,49
06/30/2020,PMD,CA,AWP,WE,Federal Contract Tower,0,0,13,22,35,0,0,5,0,5,0,0,18,22,40,2,36,38,78
07/01/2020,PMD,CA,AWP,WE,Federal Contract Tower,0,0,16,25,41,0,0,4,7,11,0,0,20,32,52,0,68,68,120
07/02/2020,PMD,CA,AWP,WE,Federal Contract Tower,0,0,10,7,17,0,0,5,7,12,0,0,15,14,29,0,2,2,31
07/03/2020,PMD,CA,AWP,WE,Federal Contract Tower,0,0,0,0,0,0,0,0,0,0,0,0,0,0,0,0,0,0,0
07/04/2020,PMD,CA,AWP,WE,Federal Contract Tower,0,0,0,0,0,0,0,0,0,0,0,0,0,0,0,0,0,0,0
07/05/2020,PMD,CA,AWP,WE,Federal Contract Tower,0,0,0,0,0,0,0,0,0,0,0,0,0,0,0,0,0,0,0
07/06/2020,PMD,CA,AWP,WE,Federal Contract Tower,0,0,15,0,15,0,0,3,0,3,0,0,18,0,18,8,0,8,26
07/07/2020,PMD,CA,AWP,WE,Federal Contract Tower,0,0,20,32,52,0,0,3,0,3,0,0,23,32,55,6,70,76,131
07/08/2020,PMD,CA,AWP,WE,Federal Contract Tower,0,0,18,4,22,0,0,4,0,4,0,0,22,4,26,0,6,6,32
07/09/2020,PMD,CA,AWP,WE,Federal Contract Tower,0,0,10,20,30,0,0,6,0,6,0,0,16,20,36,5,50,55,91
07/10/2020,PMD,CA,AWP,WE,Federal Contract Tower,0,0,17,0,17,0,0,1,1,2,0,0,18,1,19,0,4,4,23
07/11/2020,PMD,CA,AWP,WE,Federal Contract Tower,0,0,0,0,0,0,0,0,8,8,0,0,0,8,8,0,0,0,8
07/12/2020,PMD,CA,AWP,WE,Federal Contract Tower,0,0,0,0,0,0,0,0,0,0,0,0,0,0,0,0,0,0,0
07/13/2020,PMD,CA,AWP,WE,Federal Contract Tower,0,0,9,15,24,0,0,6,1,7,0,0,15,16,31,2,4,6,37
07/14/2020,PMD,CA,AWP,WE,Federal Contract Tower,0,0,16,17,33,0,0,5,1,6,0,0,21,18,39,4,43,47,86
07/15/2020,PMD,CA,AWP,WE,Federal Contract Tower,0,0,17,23,40,0,0,6,2,8,0,0,23,25,48,0,18,18,66
07/16/2020,PMD,CA,AWP,WE,Federal Contract Tower,0,0,10,19,29,0,0,7,17,24,0,0,17,36,53,0,62,62,115
07/17/2020,PMD,CA,AWP,WE,Federal Contract Tower,0,0,4,0,4,0,0,6,0,6,0,0,10,0,10,0,0,0,10
07/18/2020,PMD,CA,AWP,WE,Federal Contract Tower,0,0,0,2,2,0,0,0,0,0,0,0,0,2,2,0,0,0,2
07/19/2020,PMD,CA,AWP,WE,Federal Contract Tower,0,0,0,0,0,0,0,0,0,0,0,0,0,0,0,0,0,0,0
07/20/2020,PMD,CA,AWP,WE,Federal Contract Tower,0,0,8,21,29,0,0,5,1,6,0,0,13,22,35,6,24,30,65
07/21/2020,PMD,CA,AWP,WE,Federal Contract Tower,0,0,7,21,28,0,0,9,1,10,0,0,16,22,38,8,72,80,118
07/22/2020,PMD,CA,AWP,WE,Federal Contract Tower,0,0,11,13,24,0,0,7,0,7,0,0,18,13,31,4,54,58,89
07/23/2020,PMD,CA,AWP,WE,Federal Contract Tower,0,0,16,4,20,0,0,6,2,8,0,0,22,6,28,0,27,27,55
07/24/2020,PMD,CA,AWP,WE,Federal Contract Tower,0,0,2,12,14,0,0,0,0,0,0,0,2,12,14,0,34,34,48
07/25/2020,PMD,CA,AWP,WE,Federal Contract Tower,0,0,5,2,7,0,0,2,0,2,0,0,7,2,9,0,0,0,9
07/26/2020,PMD,CA,AWP,WE,Federal Contract Tower,0,0,2,0,2,0,0,0,0,0,0,0,2,0,2,0,0,0,2
07/27/2020,PMD,CA,AWP,WE,Federal Contract Tower,0,0,8,8,16,0,0,5,4,9,0,0,13,12,25,4,68,72,97
07/28/2020,PMD,CA,AWP,WE,Federal Contract Tower,0,0,14,25,39,0,0,9,3,12,0,0,23,28,51,6,101,107,158
07/29/2020,PMD,CA,AWP,WE,Federal Contract Tower,0,0,19,21,40,0,0,4,2,6,0,0,23,23,46,10,40,50,96
07/30/2020,PMD,CA,AWP,WE,Federal Contract Tower,0,0,16,23,39,0,0,8,8,16,0,0,24,31,55,0,103,103,158
07/31/2020,PMD,CA,AWP,WE,Federal Contract Tower,0,0,9,13,22,0,0,4,1,5,0,0,13,14,27,25,42,67,94
08/01/2020,PMD,CA,AWP,WE,Federal Contract Tower,0,0,1,0,1,0,0,0,0,0,0,0,1,0,1,0,0,0,1
08/02/2020,PMD,CA,AWP,WE,Federal Contract Tower,0,0,0,0,0,0,0,0,0,0,0,0,0,0,0,0,0,0,0
08/03/2020,PMD,CA,AWP,WE,Federal Contract Tower,0,0,10,8,18,0,0,2,2,4,0,0,12,10,22,0,26,26,48
08/04/2020,PMD,CA,AWP,WE,Federal Contract Tower,0,0,24,25,49,0,0,4,1,5,0,0,28,26,54,2,82,84,138
08/05/2020,PMD,CA,AWP,WE,Federal Contract Tower,0,0,13,2,15,0,0,2,0,2,0,0,15,2,17,0,48,48,65
08/06/2020,PMD,CA,AWP,WE,Federal Contract Tower,0,0,13,46,59,0,0,2,8,10,0,0,15,54,69,0,163,163,232
08/07/2020,PMD,CA,AWP,WE,Federal Contract Tower,0,0,10,19,29,0,0,1,1,2,0,0,11,20,31,0,92,92,123
08/08/2020,PMD,CA,AWP,WE,Federal Contract Tower,0,0,0,0,0,0,0,0,0,0,0,0,0,0,0,0,0,0,0
08/09/2020,PMD,CA,AWP,WE,Federal Contract Tower,0,0,1,2,3,0,0,0,0,0,0,0,1,2,3,0,0,0,3
08/10/2020,PMD,CA,AWP,WE,Federal Contract Tower,0,0,21,18,39,0,0,1,3,4,0,0,22,21,43,0,88,88,131
08/11/2020,PMD,CA,AWP,WE,Federal Contract Tower,0,0,19,34,53,0,0,1,4,5,0,0,20,38,58,0,86,86,144
08/12/2020,PMD,CA,AWP,WE,Federal Contract Tower,0,0,15,29,44,0,0,7,0,7,0,0,22,29,51,0,29,29,80
08/13/2020,PMD,CA,AWP,WE,Federal Contract Tower,0,0,15,48,63,0,0,6,3,9,0,0,21,51,72,0,86,86,158
08/14/2020,PMD,CA,AWP,WE,Federal Contract Tower,0,0,12,10,22,0,0,2,1,3,0,0,14,11,25,2,28,30,55
08/15/2020,PMD,CA,AWP,WE,Federal Contract Tower,0,0,0,0,0,0,0,0,0,0,0,0,0,0,0,0,0,0,0
08/16/2020,PMD,CA,AWP,WE,Federal Contract Tower,0,0,0,2,2,0,0,0,0,0,0,0,0,2,2,0,4,4,6
08/17/2020,PMD,CA,AWP,WE,Federal Contract Tower,0,0,23,22,45,0,0,3,0,3,0,0,26,22,48,8,84,92,140
08/18/2020,PMD,CA,AWP,WE,Federal Contract Tower,0,0,7,8,15,0,0,9,0,9,0,0,16,8,24,2,62,64,88
08/19/2020,PMD,CA,AWP,WE,Federal Contract Tower,0,0,11,2,13,0,0,5,1,6,0,0,16,3,19,0,49,49,68
08/20/2020,PMD,CA,AWP,WE,Federal Contract Tower,0,0,15,35,50,0,0,5,2,7,0,0,20,37,57,0,76,76,133
08/21/2020,PMD,CA,AWP,WE,Federal Contract Tower,0,0,11,0,11,0,0,1,0,1,0,0,12,0,12,0,44,44,56
08/22/2020,PMD,CA,AWP,WE,Federal Contract Tower,0,0,0,0,0,0,0,0,0,0,0,0,0,0,0,0,0,0,0
08/23/2020,PMD,CA,AWP,WE,Federal Contract Tower,0,0,0,0,0,0,0,0,0,0,0,0,0,0,0,0,0,0,0
08/24/2020,PMD,CA,AWP,WE,Federal Contract Tower,0,0,12,17,29,0,0,2,0,2,0,0,14,17,31,0,14,14,45
08/25/2020,PMD,CA,AWP,WE,Federal Contract Tower,0,0,24,35,59,0,0,9,0,9,0,0,33,35,68,36,86,122,190
08/26/2020,PMD,CA,AWP,WE,Federal Contract Tower,0,0,12,20,32,0,0,8,11,19,0,0,20,31,51,0,33,33,84
08/27/2020,PMD,CA,AWP,WE,Federal Contract Tower,0,0,11,31,42,0,0,10,4,14,0,0,21,35,56,41,96,137,193
08/28/2020,PMD,CA,AWP,WE,Federal Contract Tower,0,0,13,8,21,0,0,1,0,1,0,0,14,8,22,0,4,4,26
08/29/2020,PMD,CA,AWP,WE,Federal Contract Tower,0,0,0,0,0,0,0,0,0,0,0,0,0,0,0,0,0,0,0
08/30/2020,PMD,CA,AWP,WE,Federal Contract Tower,0,0,0,0,0,0,0,0,0,0,0,0,0,0,0,0,0,0,0
08/31/2020,PMD,CA,AWP,WE,Federal Contract Tower,0,0,10,22,32,0,0,5,0,5,0,0,15,22,37,0,30,30,67
09/01/2020,PMD,CA,AWP,WE,Federal Contract Tower,0,0,19,19,38,0,0,6,0,6,0,0,25,19,44,20,96,116,160
09/02/2020,PMD,CA,AWP,WE,Federal Contract Tower,0,0,10,30,40,0,0,9,0,9,0,0,19,30,49,8,21,29,78
09/03/2020,PMD,CA,AWP,WE,Federal Contract Tower,0,0,25,22,47,0,0,5,1,6,0,0,30,23,53,6,50,56,109
09/04/2020,PMD,CA,AWP,WE,Federal Contract Tower,0,0,1,0,1,0,0,0,0,0,0,0,1,0,1,0,0,0,1
09/05/2020,PMD,CA,AWP,WE,Federal Contract Tower,0,0,0,0,0,0,0,0,0,0,0,0,0,0,0,0,0,0,0
09/06/2020,PMD,CA,AWP,WE,Federal Contract Tower,0,0,0,0,0,0,0,0,0,0,0,0,0,0,0,0,0,0,0
09/07/2020,PMD,CA,AWP,WE,Federal Contract Tower,0,0,6,4,10,0,0,0,0,0,0,0,6,4,10,0,0,0,10
09/08/2020,PMD,CA,AWP,WE,Federal Contract Tower,0,0,13,21,34,0,0,2,0,2,0,0,15,21,36,0,55,55,91
09/09/2020,PMD,CA,AWP,WE,Federal Contract Tower,0,0,15,21,36,0,0,4,0,4,0,0,19,21,40,6,18,24,64
09/10/2020,PMD,CA,AWP,WE,Federal Contract Tower,0,0,22,26,48,0,0,2,6,8,0,0,24,32,56,0,88,88,144
09/11/2020,PMD,CA,AWP,WE,Federal Contract Tower,0,0,7,27,34,0,0,2,3,5,0,0,9,30,39,0,58,58,97
09/12/2020,PMD,CA,AWP,WE,Federal Contract Tower,0,0,3,3,6,0,0,4,0,4,0,0,7,3,10,6,8,14,24
09/13/2020,PMD,CA,AWP,WE,Federal Contract Tower,0,0,2,0,2,0,0,0,0,0,0,0,2,0,2,0,0,0,2
09/14/2020,PMD,CA,AWP,WE,Federal Contract Tower,0,0,13,39,52,0,0,1,0,1,0,0,14,39,53,0,12,12,65
09/15/2020,PMD,CA,AWP,WE,Federal Contract Tower,0,0,17,39,56,0,0,5,0,5,0,0,22,39,61,4,84,88,149
09/16/2020,PMD,CA,AWP,WE,Federal Contract Tower,0,0,12,19,31,0,0,3,0,3,0,0,15,19,34,0,20,20,54
09/17/2020,PMD,CA,AWP,WE,Federal Contract Tower,0,0,14,10,24,0,0,6,2,8,0,0,20,12,32,0,2,2,34
09/18/2020,PMD,CA,AWP,WE,Federal Contract Tower,0,0,3,6,9,0,0,1,0,1,0,0,4,6,10,0,0,0,10
09/19/2020,PMD,CA,AWP,WE,Federal Contract Tower,0,0,4,0,4,0,0,0,0,0,0,0,4,0,4,0,0,0,4
09/20/2020,PMD,CA,AWP,WE,Federal Contract Tower,0,0,0,0,0,0,0,0,0,0,0,0,0,0,0,0,0,0,0
09/21/2020,PMD,CA,AWP,WE,Federal Contract Tower,0,0,13,6,19,0,0,2,0,2,0,0,15,6,21,0,0,0,21
09/22/2020,PMD,CA,AWP,WE,Federal Contract Tower,0,0,17,9,26,0,0,1,1,2,0,0,18,10,28,0,26,26,54
09/23/2020,PMD,CA,AWP,WE,Federal Contract Tower,0,0,17,17,34,0,0,2,0,2,0,0,19,17,36,2,26,28,64
09/24/2020,PMD,CA,AWP,WE,Federal Contract Tower,0,0,21,12,33,0,0,2,5,7,0,0,23,17,40,0,48,48,88
09/25/2020,PMD,CA,AWP,WE,Federal Contract Tower,0,0,10,8,18,0,0,2,0,2,0,0,12,8,20,2,14,16,36
09/26/2020,PMD,CA,AWP,WE,Federal Contract Tower,0,0,0,0,0,0,0,0,0,0,0,0,0,0,0,0,0,0,0
09/27/2020,PMD,CA,AWP,WE,Federal Contract Tower,0,0,0,0,0,0,0,0,0,0,0,0,0,0,0,0,0,0,0
09/28/2020,PMD,CA,AWP,WE,Federal Contract Tower,0,0,13,14,27,0,0,5,1,6,0,0,18,15,33,4,12,16,49
09/29/2020,PMD,CA,AWP,WE,Federal Contract Tower,0,0,12,4,16,0,0,6,0,6,0,0,18,4,22,0,30,30,52
09/30/2020,PMD,CA,AWP,WE,Federal Contract Tower,0,0,14,5,19,0,0,4,0,4,0,0,18,5,23,0,4,4,27
10/01/2020,PMD,CA,AWP,WE,Federal Contract Tower,0,0,12,9,21,0,0,4,1,5,0,0,16,10,26,0,16,16,42
10/02/2020,PMD,CA,AWP,WE,Federal Contract Tower,0,0,0,12,12,0,0,0,1,1,0,0,0,13,13,0,6,6,19
10/03/2020,PMD,CA,AWP,WE,Federal Contract Tower,0,0,0,0,0,0,0,0,0,0,0,0,0,0,0,0,0,0,0
10/04/2020,PMD,CA,AWP,WE,Federal Contract Tower,0,0,0,0,0,0,0,0,0,0,0,0,0,0,0,0,0,0,0
10/05/2020,PMD,CA,AWP,WE,Federal Contract Tower,0,0,13,12,25,0,0,3,0,3,0,0,16,12,28,0,36,36,64
10/06/2020,PMD,CA,AWP,WE,Federal Contract Tower,0,0,25,40,65,0,0,6,1,7,0,0,31,41,72,10,113,123,195
10/07/2020,PMD,CA,AWP,WE,Federal Contract Tower,0,0,23,34,57,0,0,6,0,6,0,0,29,34,63,0,34,34,97
10/08/2020,PMD,CA,AWP,WE,Federal Contract Tower,0,0,12,20,32,0,0,3,1,4,0,0,15,21,36,0,38,38,74
10/09/2020,PMD,CA,AWP,WE,Federal Contract Tower,0,0,14,9,23,0,0,2,1,3,0,0,16,10,26,8,20,28,54
10/10/2020,PMD,CA,AWP,WE,Federal Contract Tower,0,0,2,0,2,0,0,2,0,2,0,0,4,0,4,12,0,12,16
10/11/2020,PMD,CA,AWP,WE,Federal Contract Tower,0,0,0,0,0,0,0,0,0,0,0,0,0,0,0,0,0,0,0
10/12/2020,PMD,CA,AWP,WE,Federal Contract Tower,0,0,11,0,11,0,0,3,0,3,0,0,14,0,14,0,0,0,14
10/13/2020,PMD,CA,AWP,WE,Federal Contract Tower,0,0,21,22,43,0,0,6,0,6,0,0,27,22,49,6,8,14,63
10/14/2020,PMD,CA,AWP,WE,Federal Contract Tower,0,0,9,10,19,0,8,0,0,8,0,8,9,10,27,0,16,16,43
10/15/2020,PMD,CA,AWP,WE,Federal Contract Tower,0,0,17,31,48,0,0,8,3,11,0,0,25,34,59,0,44,44,103
10/16/2020,PMD,CA,AWP,WE,Federal Contract Tower,0,0,3,12,15,0,0,2,1,3,0,0,5,13,18,8,28,36,54
10/17/2020,PMD,CA,AWP,WE,Federal Contract Tower,0,0,5,6,11,0,0,7,0,7,0,0,12,6,18,0,4,4,22
10/18/2020,PMD,CA,AWP,WE,Federal Contract Tower,0,0,0,2,2,0,0,0,0,0,0,0,0,2,2,0,22,22,24
10/19/2020,PMD,CA,AWP,WE,Federal Contract Tower,0,0,6,10,16,0,0,4,0,4,0,0,10,10,20,0,0,0,20
10/20/2020,PMD,CA,AWP,WE,Federal Contract Tower,0,0,21,21,42,0,0,5,4,9,0,0,26,25,51,34,45,79,130
10/21/2020,PMD,CA,AWP,WE,Federal Contract Tower,0,0,12,21,33,0,0,7,1,8,0,0,19,22,41,20,4,24,65
10/22/2020,PMD,CA,AWP,WE,Federal Contract Tower,0,0,17,32,49,0,0,6,18,24,0,0,23,50,73,36,75,111,184
10/23/2020,PMD,CA,AWP,WE,Federal Contract Tower,0,0,7,4,11,0,0,6,0,6,0,0,13,4,17,0,0,0,17
10/24/2020,PMD,CA,AWP,WE,Federal Contract Tower,0,0,0,10,10,0,0,0,0,0,0,0,0,10,10,0,28,28,38
10/25/2020,PMD,CA,AWP,WE,Federal Contract Tower,0,0,0,0,0,0,0,0,0,0,0,0,0,0,0,0,0,0,0
10/26/2020,PMD,CA,AWP,WE,Federal Contract Tower,0,0,4,14,18,0,0,2,0,2,0,0,6,14,20,0,0,0,20
10/27/2020,PMD,CA,AWP,WE,Federal Contract Tower,0,0,14,26,40,0,0,6,5,11,0,0,20,31,51,0,57,57,108
10/29/2020,PMD,CA,AWP,WE,Federal Contract Tower,0,0,9,16,25,0,0,7,16,23,0,0,16,32,48,0,46,46,94
10/30/2020,PMD,CA,AWP,WE,Federal Contract Tower,0,0,4,9,13,0,0,0,0,0,0,0,4,9,13,0,2,2,15
10/31/2020,PMD,CA,AWP,WE,Federal Contract Tower,0,0,0,6,6,0,0,0,0,0,0,0,0,6,6,0,26,26,32
11/01/2020,PMD,CA,AWP,WE,Federal Contract Tower,0,0,0,0,0,0,0,0,0,0,0,0,0,0,0,0,0,0,0
11/02/2020,PMD,CA,AWP,WE,Federal Contract Tower,0,0,6,10,16,0,0,2,0,2,0,0,8,10,18,0,0,0,18
11/03/2020,PMD,CA,AWP,WE,Federal Contract Tower,0,0,14,25,39,0,0,8,0,8,0,0,22,25,47,15,96,111,158
11/04/2020,PMD,CA,AWP,WE,Federal Contract Tower,0,0,7,21,28,0,0,7,0,7,0,0,14,21,35,0,55,55,90
11/05/2020,PMD,CA,AWP,WE,Federal Contract Tower,0,0,13,35,48,0,0,4,4,8,0,0,17,39,56,0,117,117,173
11/06/2020,PMD,CA,AWP,WE,Federal Contract Tower,0,0,12,0,12,0,0,2,0,2,0,0,14,0,14,0,29,29,43
11/07/2020,PMD,CA,AWP,WE,Federal Contract Tower,0,0,0,2,2,0,0,4,1,5,0,0,4,3,7,0,0,0,7
11/08/2020,PMD,CA,AWP,WE,Federal Contract Tower,0,0,0,0,0,0,0,4,0,4,0,0,4,0,4,0,0,0,4
11/09/2020,PMD,CA,AWP,WE,Federal Contract Tower,0,0,14,29,43,0,0,2,2,4,0,0,16,31,47,0,58,58,105
11/10/2020,PMD,CA,AWP,WE,Federal Contract Tower,0,0,20,12,32,0,0,8,4,12,0,0,28,16,44,26,32,58,102
11/11/2020,PMD,CA,AWP,WE,Federal Contract Tower,0,0,12,1,13,0,0,0,0,0,0,0,12,1,13,2,0,2,15
11/12/2020,PMD,CA,AWP,WE,Federal Contract Tower,0,0,12,26,38,0,0,5,6,11,0,0,17,32,49,0,45,45,94
11/13/2020,PMD,CA,AWP,WE,Federal Contract Tower,0,0,3,22,25,0,0,5,2,7,0,0,8,24,32,0,32,32,64
11/14/2020,PMD,CA,AWP,WE,Federal Contract Tower,0,0,0,20,20,0,0,0,0,0,0,0,0,20,20,0,36,36,56
11/15/2020,PMD,CA,AWP,WE,Federal Contract Tower,0,0,0,1,1,0,0,0,0,0,0,0,0,1,1,0,0,0,1
11/16/2020,PMD,CA,AWP,WE,Federal Contract Tower,0,0,14,20,34,0,0,4,3,7,0,0,18,23,41,2,78,80,121
11/17/2020,PMD,CA,AWP,WE,Federal Contract Tower,0,0,12,33,45,0,0,7,3,10,0,0,19,36,55,8,56,64,119
11/18/2020,PMD,CA,AWP,WE,Federal Contract Tower,0,0,10,20,30,0,0,5,5,10,0,0,15,25,40,0,74,74,114
11/19/2020,PMD,CA,AWP,WE,Federal Contract Tower,0,0,8,24,32,0,0,8,2,10,0,0,16,26,42,0,54,54,96
11/20/2020,PMD,CA,AWP,WE,Federal Contract Tower,0,0,8,5,13,0,0,3,2,5,0,0,11,7,18,0,1,1,19
11/21/2020,PMD,CA,AWP,WE,Federal Contract Tower,0,0,6,4,10,0,0,0,0,0,0,0,6,4,10,10,18,28,38
11/22/2020,PMD,CA,AWP,WE,Federal Contract Tower,0,0,0,0,0,0,0,0,0,0,0,0,0,0,0,0,0,0,0
11/23/2020,PMD,CA,AWP,WE,Federal Contract Tower,0,0,11,18,29,0,0,2,5,7,0,0,13,23,36,8,28,36,72
11/24/2020,PMD,CA,AWP,WE,Federal Contract Tower,0,0,16,17,33,0,0,9,1,10,0,0,25,18,43,72,47,119,162
11/25/2020,PMD,CA,AWP,WE,Federal Contract Tower,0,0,13,6,19,0,0,2,0,2,0,0,15,6,21,30,8,38,59
11/26/2020,PMD,CA,AWP,WE,Federal Contract Tower,0,0,0,0,0,0,0,0,0,0,0,0,0,0,0,0,0,0,0
11/27/2020,PMD,CA,AWP,WE,Federal Contract Tower,0,0,0,0,0,0,0,0,0,0,0,0,0,0,0,0,0,0,0
11/28/2020,PMD,CA,AWP,WE,Federal Contract Tower,0,0,0,0,0,0,0,0,0,0,0,0,0,0,0,0,0,0,0
11/29/2020,PMD,CA,AWP,WE,Federal Contract Tower,0,0,0,0,0,0,0,0,0,0,0,0,0,0,0,0,0,0,0
11/30/2020,PMD,CA,AWP,WE,Federal Contract Tower,0,0,12,18,30,0,0,2,6,8,0,0,14,24,38,0,18,18,56
12/01/2020,PMD,CA,AWP,WE,Federal Contract Tower,0,0,23,18,41,0,0,13,3,16,0,0,36,21,57,6,64,70,127
12/02/2020,PMD,CA,AWP,WE,Federal Contract Tower,0,0,13,9,22,0,0,5,1,6,0,0,18,10,28,0,12,12,40
12/03/2020,PMD,CA,AWP,WE,Federal Contract Tower,0,0,11,1,12,0,0,9,5,14,0,0,20,6,26,6,40,46,72
12/04/2020,PMD,CA,AWP,WE,Federal Contract Tower,0,0,15,8,23,0,0,3,0,3,0,0,18,8,26,2,2,4,30
12/05/2020,PMD,CA,AWP,WE,Federal Contract Tower,0,0,0,0,0,0,0,0,0,0,0,0,0,0,0,0,0,0,0
12/07/2020,PMD,CA,AWP,WE,Federal Contract Tower,0,0,7,2,9,0,0,5,0,5,0,0,12,2,14,20,0,20,34
12/08/2020,PMD,CA,AWP,WE,Federal Contract Tower,0,0,17,9,26,0,0,5,2,7,0,0,22,11,33,30,90,120,153
12/09/2020,PMD,CA,AWP,WE,Federal Contract Tower,0,0,13,28,41,0,0,4,3,7,0,0,17,31,48,0,59,59,107
12/10/2020,PMD,CA,AWP,WE,Federal Contract Tower,0,0,15,27,42,0,0,8,1,9,0,0,23,28,51,30,67,97,148
12/11/2020,PMD,CA,AWP,WE,Federal Contract Tower,0,0,4,11,15,0,0,1,0,1,0,0,5,11,16,0,58,58,74
12/12/2020,PMD,CA,AWP,WE,Federal Contract Tower,0,0,0,0,0,0,0,0,0,0,0,0,0,0,0,0,0,0,0
12/13/2020,PMD,CA,AWP,WE,Federal Contract Tower,0,0,0,0,0,0,0,0,0,0,0,0,0,0,0,0,0,0,0
12/14/2020,PMD,CA,AWP,WE,Federal Contract Tower,0,0,7,14,21,0,0,6,0,6,0,0,13,14,27,0,34,34,61
12/15/2020,PMD,CA,AWP,WE,Federal Contract Tower,0,0,7,2,9,0,0,6,1,7,0,0,13,3,16,0,0,0,16
12/16/2020,PMD,CA,AWP,WE,Federal Contract Tower,0,0,8,2,10,0,0,9,0,9,0,0,17,2,19,0,0,0,19
12/17/2020,PMD,CA,AWP,WE,Federal Contract Tower,0,0,14,15,29,0,0,2,1,3,0,0,16,16,32,0,63,63,95
12/18/2020,PMD,CA,AWP,WE,Federal Contract Tower,0,0,11,9,20,0,0,1,1,2,0,0,12,10,22,0,22,22,44
12/19/2020,PMD,CA,AWP,WE,Federal Contract Tower,0,0,0,0,0,0,0,0,0,0,0,0,0,0,0,0,0,0,0
12/20/2020,PMD,CA,AWP,WE,Federal Contract Tower,0,0,0,0,0,0,0,0,0,0,0,0,0,0,0,0,0,0,0
12/21/2020,PMD,CA,AWP,WE,Federal Contract Tower,0,0,4,0,4,0,0,2,0,2,0,0,6,0,6,0,0,0,6
12/22/2020,PMD,CA,AWP,WE,Federal Contract Tower,0,0,1,0,1,0,0,2,0,2,0,0,3,0,3,0,0,0,3
12/23/2020,PMD,CA,AWP,WE,Federal Contract Tower,0,0,4,0,4,0,0,0,0,0,0,0,4,0,4,0,2,2,6
12/24/2020,PMD,CA,AWP,WE,Federal Contract Tower,0,0,0,0,0,0,0,0,0,0,0,0,0,0,0,0,0,0,0
12/25/2020,PMD,CA,AWP,WE,Federal Contract Tower,0,0,0,0,0,0,0,0,0,0,0,0,0,0,0,0,0,0,0
12/26/2020,PMD,CA,AWP,WE,Federal Contract Tower,0,0,0,0,0,0,0,0,0,0,0,0,0,0,0,0,0,0,0
12/27/2020,PMD,CA,AWP,WE,Federal Contract Tower,0,0,0,0,0,0,0,0,0,0,0,0,0,0,0,0,0,0,0
12/28/2020,PMD,CA,AWP,WE,Federal Contract Tower,0,0,0,0,0,0,0,0,0,0,0,0,0,0,0,0,0,0,0
12/29/2020,PMD,CA,AWP,WE,Federal Contract Tower,0,0,0,8,8,0,0,0,0,0,0,0,0,8,8,0,0,0,8
12/30/2020,PMD,CA,AWP,WE,Federal Contract Tower,0,0,0,0,0,0,0,0,0,0,0,0,0,0,0,0,0,0,0
12/31/2020,PMD,CA,AWP,WE,Federal Contract Tower,0,0,0,0,0,0,0,0,0,0,0,0,0,0,0,0,0,0,0
01/01/2021,PMD,CA,AWP,WE,Federal Contract Tower,0,0,0,0,0,0,0,0,0,0,0,0,0,0,0,0,0,0,0
01/02/2021,PMD,CA,AWP,WE,Federal Contract Tower,0,0,0,0,0,0,0,0,0,0,0,0,0,0,0,0,0,0,0
01/03/2021,PMD,CA,AWP,WE,Federal Contract Tower,0,0,0,0,0,0,0,0,0,0,0,0,0,0,0,0,0,0,0
01/04/2021,PMD,CA,AWP,WE,Federal Contract Tower,0,0,9,0,9,0,0,7,0,7,0,0,16,0,16,0,0,0,16
01/05/2021,PMD,CA,AWP,WE,Federal Contract Tower,0,0,11,17,28,0,0,1,1,2,0,0,12,18,30,4,36,40,70
01/06/2021,PMD,CA,AWP,WE,Federal Contract Tower,0,0,15,11,26,0,0,8,1,9,0,0,23,12,35,4,18,22,57
01/07/2021,PMD,CA,AWP,WE,Federal Contract Tower,0,0,13,6,19,0,0,3,1,4,0,0,16,7,23,16,24,40,63
01/08/2021,PMD,CA,AWP,WE,Federal Contract Tower,0,0,2,4,6,0,0,2,0,2,0,0,4,4,8,8,0,8,16
01/09/2021,PMD,CA,AWP,WE,Federal Contract Tower,0,0,0,0,0,0,0,0,0,0,0,0,0,0,0,0,0,0,0
01/10/2021,PMD,CA,AWP,WE,Federal Contract Tower,0,0,0,0,0,0,0,0,0,0,0,0,0,0,0,0,0,0,0
01/11/2021,PMD,CA,AWP,WE,Federal Contract Tower,0,0,10,13,23,0,0,5,0,5,0,0,15,13,28,0,0,0,28
01/12/2021,PMD,CA,AWP,WE,Federal Contract Tower,0,0,7,14,21,0,0,8,1,9,0,0,15,15,30,0,28,28,58
01/13/2021,PMD,CA,AWP,WE,Federal Contract Tower,0,0,14,9,23,0,0,6,1,7,0,0,20,10,30,2,0,2,32
01/14/2021,PMD,CA,AWP,WE,Federal Contract Tower,0,0,14,9,23,0,0,4,0,4,0,0,18,9,27,0,10,10,37
01/15/2021,PMD,CA,AWP,WE,Federal Contract Tower,0,0,10,0,10,0,0,3,0,3,0,0,13,0,13,10,0,10,23
01/16/2021,PMD,CA,AWP,WE,Federal Contract Tower,0,0,0,0,0,0,0,0,0,0,0,0,0,0,0,0,0,0,0
01/17/2021,PMD,CA,AWP,WE,Federal Contract Tower,0,0,0,0,0,0,0,0,0,0,0,0,0,0,0,0,0,0,0
01/18/2021,PMD,CA,AWP,WE,Federal Contract Tower,0,0,17,0,17,0,0,5,0,5,0,0,22,0,22,16,0,16,38
01/19/2021,PMD,CA,AWP,WE,Federal Contract Tower,0,0,8,10,18,0,0,3,0,3,0,0,11,10,21,0,56,56,77
01/20/2021,PMD,CA,AWP,WE,Federal Contract Tower,0,0,10,9,19,0,0,4,6,10,0,0,14,15,29,0,30,30,59
01/21/2021,PMD,CA,AWP,WE,Federal Contract Tower,0,0,13,13,26,0,0,6,11,17,0,0,19,24,43,8,100,108,151
01/22/2021,PMD,CA,AWP,WE,Federal Contract Tower,0,0,6,6,12,0,0,0,2,2,0,0,6,8,14,4,22,26,40
01/23/2021,PMD,CA,AWP,WE,Federal Contract Tower,0,0,0,0,0,0,0,0,0,0,0,0,0,0,0,0,0,0,0
01/24/2021,PMD,CA,AWP,WE,Federal Contract Tower,0,0,0,0,0,0,0,0,0,0,0,0,0,0,0,0,0,0,0
01/25/2021,PMD,CA,AWP,WE,Federal Contract Tower,0,0,9,0,9,0,0,1,2,3,0,0,10,2,12,0,8,8,20
01/26/2021,PMD,CA,AWP,WE,Federal Contract Tower,0,0,12,28,40,0,0,4,10,14,0,0,16,38,54,0,88,88,142
01/27/2021,PMD,CA,AWP,WE,Federal Contract Tower,0,0,14,46,60,0,0,6,0,6,0,0,20,46,66,0,56,56,122
01/28/2021,PMD,CA,AWP,WE,Federal Contract Tower,0,0,19,24,43,0,0,3,0,3,0,0,22,24,46,0,70,70,116
01/29/2021,PMD,CA,AWP,WE,Federal Contract Tower,0,0,12,14,26,0,0,1,4,5,0,0,13,18,31,0,26,26,57
01/30/2021,PMD,CA,AWP,WE,Federal Contract Tower,0,0,0,0,0,0,0,0,0,0,0,0,0,0,0,0,0,0,0
01/31/2021,PMD,CA,AWP,WE,Federal Contract Tower,0,0,0,0,0,0,0,0,0,0,0,0,0,0,0,0,0,0,0
02/01/2021,PMD,CA,AWP,WE,Federal Contract Tower,0,0,14,10,24,0,0,6,3,9,0,0,20,13,33,16,44,60,93
02/02/2021,PMD,CA,AWP,WE,Federal Contract Tower,0,0,20,24,44,0,0,5,1,6,0,0,25,25,50,10,86,96,146
02/03/2021,PMD,CA,AWP,WE,Federal Contract Tower,0,0,11,35,46,0,0,7,1,8,0,0,18,36,54,0,24,24,78
02/04/2021,PMD,CA,AWP,WE,Federal Contract Tower,0,0,6,18,24,0,0,11,3,14,0,0,17,21,38,0,133,133,171
02/05/2021,PMD,CA,AWP,WE,Federal Contract Tower,0,0,2,8,10,0,0,1,1,2,0,0,3,9,12,0,16,16,28
02/06/2021,PMD,CA,AWP,WE,Federal Contract Tower,0,0,4,6,10,0,0,0,0,0,0,0,4,6,10,0,36,36,46
02/07/2021,PMD,CA,AWP,WE,Federal Contract Tower,0,0,1,0,1,0,0,0,0,0,0,0,1,0,1,0,0,0,1
02/08/2021,PMD,CA,AWP,WE,Federal Contract Tower,0,0,5,12,17,0,0,1,0,1,0,0,6,12,18,0,46,46,64
02/09/2021,PMD,CA,AWP,WE,Federal Contract Tower,0,0,14,20,34,0,0,6,1,7,0,0,20,21,41,4,110,114,155
02/10/2021,PMD,CA,AWP,WE,Federal Contract Tower,0,0,11,23,34,0,0,11,1,12,0,0,22,24,46,0,56,56,102
02/11/2021,PMD,CA,AWP,WE,Federal Contract Tower,0,0,12,35,47,0,0,4,2,6,0,0,16,37,53,16,76,92,145
02/12/2021,PMD,CA,AWP,WE,Federal Contract Tower,0,0,9,0,9,0,0,0,0,0,0,0,9,0,9,8,0,8,17
02/13/2021,PMD,CA,AWP,WE,Federal Contract Tower,0,0,1,0,1,0,0,0,0,0,0,0,1,0,1,0,0,0,1
02/14/2021,PMD,CA,AWP,WE,Federal Contract Tower,0,0,5,0,5,0,0,0,0,0,0,0,5,0,5,0,0,0,5
02/15/2021,PMD,CA,AWP,WE,Federal Contract Tower,0,0,10,4,14,0,0,2,2,4,0,0,12,6,18,0,0,0,18
02/16/2021,PMD,CA,AWP,WE,Federal Contract Tower,0,0,12,12,24,0,0,2,0,2,0,0,14,12,26,0,28,28,54
02/17/2021,PMD,CA,AWP,WE,Federal Contract Tower,0,0,19,23,42,0,0,9,1,10,0,0,28,24,52,0,22,22,74
02/18/2021,PMD,CA,AWP,WE,Federal Contract Tower,0,0,11,10,21,0,0,11,0,11,0,0,22,10,32,10,22,32,64
02/19/2021,PMD,CA,AWP,WE,Federal Contract Tower,0,0,17,30,47,0,0,3,2,5,0,0,20,32,52,0,56,56,108
02/20/2021,PMD,CA,AWP,WE,Federal Contract Tower,0,0,1,0,1,0,0,0,0,0,0,0,1,0,1,0,0,0,1
02/21/2021,PMD,CA,AWP,WE,Federal Contract Tower,0,0,0,0,0,0,0,0,0,0,0,0,0,0,0,0,0,0,0
02/22/2021,PMD,CA,AWP,WE,Federal Contract Tower,0,0,5,27,32,0,0,2,3,5,0,0,7,30,37,0,30,30,67
02/23/2021,PMD,CA,AWP,WE,Federal Contract Tower,0,0,14,23,37,0,0,5,0,5,0,0,19,23,42,0,102,102,144
02/24/2021,PMD,CA,AWP,WE,Federal Contract Tower,0,0,23,26,49,0,0,0,0,0,0,0,23,26,49,0,64,64,113
02/25/2021,PMD,CA,AWP,WE,Federal Contract Tower,0,0,6,8,14,0,0,3,1,4,0,0,9,9,18,6,26,32,50
02/26/2021,PMD,CA,AWP,WE,Federal Contract Tower,0,0,4,20,24,0,0,2,4,6,0,0,6,24,30,0,53,53,83
02/27/2021,PMD,CA,AWP,WE,Federal Contract Tower,0,0,6,0,6,0,0,0,0,0,0,0,6,0,6,0,0,0,6
02/28/2021,PMD,CA,AWP,WE,Federal Contract Tower,0,0,0,0,0,0,0,0,0,0,0,0,0,0,0,0,0,0,0
03/01/2021,PMD,CA,AWP,WE,Federal Contract Tower,0,0,11,6,17,0,0,4,0,4,0,0,15,6,21,8,4,12,33
03/02/2021,PMD,CA,AWP,WE,Federal Contract Tower,0,0,14,16,30,0,0,8,2,10,0,0,22,18,40,7,58,65,105
03/03/2021,PMD,CA,AWP,WE,Federal Contract Tower,0,0,13,8,21,0,0,5,0,5,0,0,18,8,26,0,4,4,30
03/04/2021,PMD,CA,AWP,WE,Federal Contract Tower,0,0,24,21,45,0,0,8,8,16,0,0,32,29,61,0,82,82,143
03/05/2021,PMD,CA,AWP,WE,Federal Contract Tower,0,0,6,8,14,0,0,0,0,0,0,0,6,8,14,2,81,83,97
03/06/2021,PMD,CA,AWP,WE,Federal Contract Tower,0,0,0,6,6,0,0,0,2,2,0,0,0,8,8,4,64,68,76
03/07/2021,PMD,CA,AWP,WE,Federal Contract Tower,0,0,1,2,3,0,0,0,2,2,0,0,1,4,5,0,0,0,5
03/08/2021,PMD,CA,AWP,WE,Federal Contract Tower,0,0,25,22,47,0,0,1,1,2,0,0,26,23,49,8,34,42,91
03/09/2021,PMD,CA,AWP,WE,Federal Contract Tower,0,0,12,6,18,0,0,5,0,5,0,0,17,6,23,10,42,52,75
03/10/2021,PMD,CA,AWP,WE,Federal Contract Tower,0,0,11,6,17,0,0,2,0,2,0,0,13,6,19,0,18,18,37
03/11/2021,PMD,CA,AWP,WE,Federal Contract Tower,0,0,12,41,53,0,0,3,4,7,0,0,15,45,60,0,87,87,147
03/12/2021,PMD,CA,AWP,WE,Federal Contract Tower,0,0,9,11,20,0,0,1,1,2,0,0,10,12,22,0,4,4,26
03/13/2021,PMD,CA,AWP,WE,Federal Contract Tower,0,0,0,0,0,0,0,0,2,2,0,0,0,2,2,0,8,8,10
03/14/2021,PMD,CA,AWP,WE,Federal Contract Tower,0,0,0,0,0,0,0,2,0,2,0,0,2,0,2,0,0,0,2
03/15/2021,PMD,CA,AWP,WE,Federal Contract Tower,0,0,13,0,13,0,0,0,2,2,0,0,13,2,15,0,14,14,29
03/16/2021,PMD,CA,AWP,WE,Federal Contract Tower,0,0,13,11,24,0,0,7,1,8,0,0,20,12,32,0,46,46,78
03/17/2021,PMD,CA,AWP,WE,Federal Contract Tower,0,0,21,8,29,0,0,8,0,8,0,0,29,8,37,21,16,37,74
03/18/2021,PMD,CA,AWP,WE,Federal Contract Tower,0,0,7,13,20,0,0,8,1,9,0,0,15,14,29,0,42,42,71
03/20/2021,PMD,CA,AWP,WE,Federal Contract Tower,0,0,0,0,0,0,0,0,0,0,0,0,0,0,0,0,0,0,0
03/21/2021,PMD,CA,AWP,WE,Federal Contract Tower,0,0,1,0,1,0,0,0,0,0,0,0,1,0,1,0,0,0,1
03/22/2021,PMD,CA,AWP,WE,Federal Contract Tower,0,0,16,21,37,0,0,7,1,8,0,0,23,22,45,5,24,29,74
03/23/2021,PMD,CA,AWP,WE,Federal Contract Tower,0,0,11,6,17,0,0,3,0,3,0,0,14,6,20,0,58,58,78
03/24/2021,PMD,CA,AWP,WE,Federal Contract Tower,0,0,8,16,24,0,0,8,0,8,0,0,16,16,32,0,4,4,36
03/25/2021,PMD,CA,AWP,WE,Federal Contract Tower,0,0,13,32,45,0,0,3,0,3,0,0,16,32,48,0,98,98,146
03/26/2021,PMD,CA,AWP,WE,Federal Contract Tower,0,0,15,9,24,0,0,5,2,7,0,0,20,11,31,0,28,28,59
03/27/2021,PMD,CA,AWP,WE,Federal Contract Tower,0,0,0,2,2,0,0,0,0,0,0,0,0,2,2,0,0,0,2
03/28/2021,PMD,CA,AWP,WE,Federal Contract Tower,0,0,0,0,0,0,0,0,0,0,0,0,0,0,0,0,0,0,0
03/29/2021,PMD,CA,AWP,WE,Federal Contract Tower,4,0,13,8,25,0,0,5,0,5,4,0,18,8,30,0,18,18,48
03/30/2021,PMD,CA,AWP,WE,Federal Contract Tower,0,0,13,19,32,0,0,8,0,8,0,0,21,19,40,0,56,56,96
03/31/2021,PMD,CA,AWP,WE,Federal Contract Tower,0,0,9,9,18,0,0,6,1,7,0,0,15,10,25,0,66,66,91
04/01/2021,PMD,CA,AWP,WE,Federal Contract Tower,0,0,18,36,54,0,0,5,1,6,0,0,23,37,60,28,108,136,196
04/02/2021,PMD,CA,AWP,WE,Federal Contract Tower,0,0,8,0,8,0,0,0,2,2,0,0,8,2,10,4,5,9,19
04/03/2021,PMD,CA,AWP,WE,Federal Contract Tower,0,0,0,0,0,0,0,0,0,0,0,0,0,0,0,0,0,0,0
04/04/2021,PMD,CA,AWP,WE,Federal Contract Tower,0,0,0,0,0,0,0,0,0,0,0,0,0,0,0,0,0,0,0
04/05/2021,PMD,CA,AWP,WE,Federal Contract Tower,0,0,12,20,32,0,0,2,1,3,0,0,14,21,35,0,14,14,49
04/06/2021,PMD,CA,AWP,WE,Federal Contract Tower,0,0,11,28,39,0,0,7,2,9,0,0,18,30,48,9,61,70,118
04/07/2021,PMD,CA,AWP,WE,Federal Contract Tower,0,0,18,16,34,0,0,6,0,6,0,0,24,16,40,0,20,20,60
04/08/2021,PMD,CA,AWP,WE,Federal Contract Tower,0,0,13,18,31,0,0,8,0,8,0,0,21,18,39,18,86,104,143
04/09/2021,PMD,CA,AWP,WE,Federal Contract Tower,0,0,12,6,18,0,0,7,1,8,0,0,19,7,26,0,17,17,43
04/10/2021,PMD,CA,AWP,WE,Federal Contract Tower,0,0,1,2,3,0,0,0,1,1,0,0,1,3,4,2,10,12,16
04/11/2021,PMD,CA,AWP,WE,Federal Contract Tower,0,0,0,2,2,0,0,0,2,2,0,0,0,4,4,0,26,26,30
04/12/2021,PMD,CA,AWP,WE,Federal Contract Tower,0,0,11,4,15,0,0,2,6,8,0,0,13,10,23,0,0,0,23
04/13/2021,PMD,CA,AWP,WE,Federal Contract Tower,0,0,20,18,38,0,0,7,0,7,0,0,27,18,45,8,32,40,85
04/14/2021,PMD,CA,AWP,WE,Federal Contract Tower,0,0,15,17,32,0,0,7,4,11,0,0,22,21,43,6,24,30,73
04/15/2021,PMD,CA,AWP,WE,Federal Contract Tower,0,0,12,13,25,0,0,12,4,16,0,0,24,17,41,0,9,9,50
04/16/2021,PMD,CA,AWP,WE,Federal Contract Tower,0,0,11,22,33,0,0,2,7,9,0,0,13,29,42,0,10,10,52
04/17/2021,PMD,CA,AWP,WE,Federal Contract Tower,0,0,0,0,0,0,0,0,0,0,0,0,0,0,0,0,0,0,0
04/18/2021,PMD,CA,AWP,WE,Federal Contract Tower,0,0,2,4,6,0,0,0,0,0,0,0,2,4,6,2,4,6,12
04/19/2021,PMD,CA,AWP,WE,Federal Contract Tower,0,0,10,10,20,0,0,9,1,10,0,0,19,11,30,6,10,16,46
04/20/2021,PMD,CA,AWP,WE,Federal Contract Tower,0,0,11,29,40,0,0,12,1,13,0,0,23,30,53,7,50,57,110
04/21/2021,PMD,CA,AWP,WE,Federal Contract Tower,0,0,13,0,13,0,0,15,0,15,0,0,28,0,28,2,6,8,36
04/22/2021,PMD,CA,AWP,WE,Federal Contract Tower,0,0,15,29,44,0,0,8,0,8,0,0,23,29,52,8,104,112,164
04/23/2021,PMD,CA,AWP,WE,Federal Contract Tower,0,0,7,10,17,0,0,5,0,5,0,0,12,10,22,16,6,22,44
04/24/2021,PMD,CA,AWP,WE,Federal Contract Tower,0,0,0,0,0,0,0,16,0,16,0,0,16,0,16,4,0,4,20
04/25/2021,PMD,CA,AWP,WE,Federal Contract Tower,0,0,2,0,2,0,0,0,0,0,0,0,2,0,2,0,0,0,2
04/26/2021,PMD,CA,AWP,WE,Federal Contract Tower,0,0,16,10,26,0,0,6,0,6,0,0,22,10,32,6,20,26,58
04/27/2021,PMD,CA,AWP,WE,Federal Contract Tower,0,0,15,12,27,0,0,2,0,2,0,0,17,12,29,20,38,58,87
04/28/2021,PMD,CA,AWP,WE,Federal Contract Tower,0,0,16,12,28,0,0,9,0,9,0,0,25,12,37,31,0,31,68
04/29/2021,PMD,CA,AWP,WE,Federal Contract Tower,0,0,7,27,34,0,0,10,0,10,0,0,17,27,44,0,42,42,86
04/30/2021,PMD,CA,AWP,WE,Federal Contract Tower,0,0,9,0,9,0,0,4,6,10,0,0,13,6,19,0,17,17,36
05/01/2021,PMD,CA,AWP,WE,Federal Contract Tower,0,0,0,0,0,0,0,0,0,0,0,0,0,0,0,0,0,0,0
05/02/2021,PMD,CA,AWP,WE,Federal Contract Tower,0,0,0,2,2,0,0,0,0,0,0,0,0,2,2,0,0,0,2
05/03/2021,PMD,CA,AWP,WE,Federal Contract Tower,0,0,14,28,42,0,0,3,0,3,0,0,17,28,45,0,32,32,77
05/04/2021,PMD,CA,AWP,WE,Federal Contract Tower,0,0,13,29,42,0,0,8,1,9,0,0,21,30,51,4,76,80,131
05/05/2021,PMD,CA,AWP,WE,Federal Contract Tower,0,0,16,26,42,0,0,10,4,14,0,0,26,30,56,3,55,58,114
05/06/2021,PMD,CA,AWP,WE,Federal Contract Tower,0,0,18,69,87,0,0,7,0,7,0,0,25,69,94,4,74,78,172
05/07/2021,PMD,CA,AWP,WE,Federal Contract Tower,0,0,7,36,43,0,0,5,3,8,0,0,12,39,51,0,22,22,73
05/08/2021,PMD,CA,AWP,WE,Federal Contract Tower,0,0,1,0,1,0,0,0,0,0,0,0,1,0,1,0,0,0,1
05/09/2021,PMD,CA,AWP,WE,Federal Contract Tower,0,0,0,0,0,0,0,0,0,0,0,0,0,0,0,0,0,0,0
05/10/2021,PMD,CA,AWP,WE,Federal Contract Tower,0,0,8,13,21,0,0,5,0,5,0,0,13,13,26,0,24,24,50
05/11/2021,PMD,CA,AWP,WE,Federal Contract Tower,0,0,19,14,33,0,0,9,3,12,0,0,28,17,45,6,52,58,103
05/12/2021,PMD,CA,AWP,WE,Federal Contract Tower,0,0,11,8,19,0,0,7,0,7,0,0,18,8,26,0,26,26,52
05/13/2021,PMD,CA,AWP,WE,Federal Contract Tower,0,0,13,10,23,0,0,9,2,11,0,0,22,12,34,4,54,58,92
05/14/2021,PMD,CA,AWP,WE,Federal Contract Tower,0,0,2,8,10,0,0,1,0,1,0,0,3,8,11,0,62,62,73
05/15/2021,PMD,CA,AWP,WE,Federal Contract Tower,0,0,0,0,0,0,0,0,0,0,0,0,0,0,0,0,0,0,0
05/16/2021,PMD,CA,AWP,WE,Federal Contract Tower,0,0,0,0,0,0,0,0,0,0,0,0,0,0,0,0,0,0,0
05/17/2021,PMD,CA,AWP,WE,Federal Contract Tower,0,0,11,6,17,0,0,4,0,4,0,0,15,6,21,0,14,14,35
05/18/2021,PMD,CA,AWP,WE,Federal Contract Tower,0,0,16,18,34,0,0,8,1,9,0,0,24,19,43,0,76,76,119
05/19/2021,PMD,CA,AWP,WE,Federal Contract Tower,0,0,10,7,17,0,0,13,0,13,0,0,23,7,30,0,35,35,65
05/20/2021,PMD,CA,AWP,WE,Federal Contract Tower,0,0,15,23,38,0,0,7,1,8,0,0,22,24,46,0,86,86,132
05/21/2021,PMD,CA,AWP,WE,Federal Contract Tower,0,0,8,7,15,0,0,2,1,3,0,0,10,8,18,0,16,16,34
05/22/2021,PMD,CA,AWP,WE,Federal Contract Tower,0,0,2,1,3,0,0,0,0,0,0,0,2,1,3,0,6,6,9
05/23/2021,PMD,CA,AWP,WE,Federal Contract Tower,0,0,1,6,7,0,0,0,0,0,0,0,1,6,7,0,8,8,15
05/24/2021,PMD,CA,AWP,WE,Federal Contract Tower,0,0,12,20,32,0,0,5,0,5,0,0,17,20,37,6,22,28,65
05/25/2021,PMD,CA,AWP,WE,Federal Contract Tower,0,0,13,37,50,0,0,11,1,12,0,0,24,38,62,8,118,126,188
05/26/2021,PMD,CA,AWP,WE,Federal Contract Tower,0,0,21,23,44,0,0,12,1,13,0,0,33,24,57,0,54,54,111
05/27/2021,PMD,CA,AWP,WE,Federal Contract Tower,0,0,21,8,29,0,0,4,4,8,0,0,25,12,37,0,24,24,61
05/28/2021,PMD,CA,AWP,WE,Federal Contract Tower,0,0,0,1,1,0,0,0,0,0,0,0,0,1,1,0,8,8,9
05/29/2021,PMD,CA,AWP,WE,Federal Contract Tower,0,0,0,0,0,0,0,0,0,0,0,0,0,0,0,0,0,0,0
05/30/2021,PMD,CA,AWP,WE,Federal Contract Tower,0,0,0,0,0,0,0,0,0,0,0,0,0,0,0,0,0,0,0
05/31/2021,PMD,CA,AWP,WE,Federal Contract Tower,0,0,2,0,2,0,0,0,0,0,0,0,2,0,2,0,0,0,2
06/01/2021,PMD,CA,AWP,WE,Federal Contract Tower,0,0,4,38,42,0,0,2,2,4,0,0,6,40,46,0,70,70,116
06/02/2021,PMD,CA,AWP,WE,Federal Contract Tower,0,0,15,30,45,0,0,5,5,10,0,0,20,35,55,0,50,50,105
06/03/2021,PMD,CA,AWP,WE,Federal Contract Tower,0,0,14,35,49,0,0,6,2,8,0,0,20,37,57,0,74,74,131
06/04/2021,PMD,CA,AWP,WE,Federal Contract Tower,0,0,8,13,21,0,0,4,3,7,0,0,12,16,28,0,16,16,44
06/05/2021,PMD,CA,AWP,WE,Federal Contract Tower,0,0,0,5,5,0,0,0,6,6,0,0,0,11,11,0,52,52,63
06/06/2021,PMD,CA,AWP,WE,Federal Contract Tower,0,0,0,6,6,0,0,0,2,2,0,0,0,8,8,0,26,26,34
06/07/2021,PMD,CA,AWP,WE,Federal Contract Tower,0,0,13,14,27,0,0,8,2,10,0,0,21,16,37,6,14,20,57
06/08/2021,PMD,CA,AWP,WE,Federal Contract Tower,0,0,16,14,30,0,0,10,0,10,0,0,26,14,40,0,40,40,80
06/09/2021,PMD,CA,AWP,WE,Federal Contract Tower,0,0,9,19,28,0,0,10,2,12,0,0,19,21,40,0,2,2,42
06/10/2021,PMD,CA,AWP,WE,Federal Contract Tower,0,0,14,43,57,0,0,7,4,11,0,0,21,47,68,0,26,26,94
06/11/2021,PMD,CA,AWP,WE,Federal Contract Tower,0,0,16,0,16,0,0,0,3,3,0,0,16,3,19,0,24,24,43
06/12/2021,PMD,CA,AWP,WE,Federal Contract Tower,0,0,0,0,0,0,0,0,0,0,0,0,0,0,0,0,0,0,0
06/13/2021,PMD,CA,AWP,WE,Federal Contract Tower,0,0,8,0,8,0,0,0,0,0,0,0,8,0,8,0,0,0,8
06/14/2021,PMD,CA,AWP,WE,Federal Contract Tower,0,0,15,4,19,0,0,5,2,7,0,0,20,6,26,9,27,36,62
06/15/2021,PMD,CA,AWP,WE,Federal Contract Tower,0,0,13,24,37,0,0,12,1,13,0,0,25,25,50,6,61,67,117
06/16/2021,PMD,CA,AWP,WE,Federal Contract Tower,0,0,8,16,24,0,0,11,2,13,0,0,19,18,37,0,6,6,43
06/17/2021,PMD,CA,AWP,WE,Federal Contract Tower,0,0,13,9,22,0,0,11,1,12,0,0,24,10,34,1,62,63,97
06/18/2021,PMD,CA,AWP,WE,Federal Contract Tower,0,0,5,8,13,0,0,6,1,7,0,0,11,9,20,0,9,9,29
06/19/2021,PMD,CA,AWP,WE,Federal Contract Tower,0,0,0,1,1,0,0,0,1,1,0,0,0,2,2,0,0,0,2
06/20/2021,PMD,CA,AWP,WE,Federal Contract Tower,0,0,0,0,0,0,0,0,0,0,0,0,0,0,0,0,0,0,0
06/21/2021,PMD,CA,AWP,WE,Federal Contract Tower,0,0,9,7,16,0,0,4,1,5,0,0,13,8,21,0,12,12,33
06/22/2021,PMD,CA,AWP,WE,Federal Contract Tower,0,0,16,15,31,0,0,14,1,15,0,0,30,16,46,0,19,19,65
06/23/2021,PMD,CA,AWP,WE,Federal Contract Tower,0,0,19,17,36,0,0,7,0,7,0,0,26,17,43,18,30,48,91
06/24/2021,PMD,CA,AWP,WE,Federal Contract Tower,0,0,12,30,42,0,0,16,3,19,0,0,28,33,61,0,96,96,157
06/25/2021,PMD,CA,AWP,WE,Federal Contract Tower,0,0,1,0,1,0,0,0,0,0,0,0,1,0,1,0,0,0,1
06/26/2021,PMD,CA,AWP,WE,Federal Contract Tower,0,0,0,0,0,0,0,2,0,2,0,0,2,0,2,0,0,0,2
06/27/2021,PMD,CA,AWP,WE,Federal Contract Tower,0,0,2,0,2,0,0,2,0,2,0,0,4,0,4,10,0,10,14
06/28/2021,PMD,CA,AWP,WE,Federal Contract Tower,0,0,31,21,52,0,0,3,0,3,0,0,34,21,55,16,8,24,79
06/29/2021,PMD,CA,AWP,WE,Federal Contract Tower,0,0,12,21,33,0,0,14,2,16,0,0,26,23,49,14,26,40,89
06/30/2021,PMD,CA,AWP,WE,Federal Contract Tower,0,0,17,16,33,0,0,11,0,11,0,0,28,16,44,22,30,52,96
07/01/2021,PMD,CA,AWP,WE,Federal Contract Tower,0,0,8,21,29,0,0,6,0,6,0,0,14,21,35,20,72,92,127
07/02/2021,PMD,CA,AWP,WE,Federal Contract Tower,0,0,6,1,7,0,0,4,0,4,0,0,10,1,11,0,0,0,11
07/03/2021,PMD,CA,AWP,WE,Federal Contract Tower,0,0,4,0,4,0,0,0,0,0,0,0,4,0,4,0,0,0,4
07/04/2021,PMD,CA,AWP,WE,Federal Contract Tower,0,0,0,0,0,0,0,0,0,0,0,0,0,0,0,0,0,0,0
07/05/2021,PMD,CA,AWP,WE,Federal Contract Tower,0,0,0,0,0,0,0,0,0,0,0,0,0,0,0,0,0,0,0
07/06/2021,PMD,CA,AWP,WE,Federal Contract Tower,0,0,13,28,41,0,0,3,1,4,0,0,16,29,45,0,67,67,112
07/07/2021,PMD,CA,AWP,WE,Federal Contract Tower,0,0,11,45,56,0,0,8,0,8,0,0,19,45,64,0,66,66,130
07/08/2021,PMD,CA,AWP,WE,Federal Contract Tower,0,0,6,29,35,0,0,4,0,4,0,0,10,29,39,0,64,64,103
07/09/2021,PMD,CA,AWP,WE,Federal Contract Tower,0,0,1,8,9,0,0,1,1,2,0,0,2,9,11,0,12,12,23
07/10/2021,PMD,CA,AWP,WE,Federal Contract Tower,0,0,0,0,0,0,0,0,0,0,0,0,0,0,0,0,0,0,0
07/11/2021,PMD,CA,AWP,WE,Federal Contract Tower,0,0,0,0,0,0,0,0,0,0,0,0,0,0,0,0,0,0,0
07/12/2021,PMD,CA,AWP,WE,Federal Contract Tower,0,0,15,37,52,0,0,5,0,5,0,0,20,37,57,0,60,60,117
07/13/2021,PMD,CA,AWP,WE,Federal Contract Tower,0,0,18,18,36,0,0,7,2,9,0,0,25,20,45,10,105,115,160
07/14/2021,PMD,CA,AWP,WE,Federal Contract Tower,0,0,13,32,45,0,0,8,0,8,0,0,21,32,53,6,67,73,126
07/15/2021,PMD,CA,AWP,WE,Federal Contract Tower,0,0,18,12,30,0,0,9,6,15,0,0,27,18,45,38,59,97,142
07/16/2021,PMD,CA,AWP,WE,Federal Contract Tower,0,0,10,16,26,0,0,9,1,10,0,0,19,17,36,0,22,22,58
07/17/2021,PMD,CA,AWP,WE,Federal Contract Tower,0,0,0,4,4,0,0,0,0,0,0,0,0,4,4,0,0,0,4
07/18/2021,PMD,CA,AWP,WE,Federal Contract Tower,0,0,0,0,0,0,0,0,0,0,0,0,0,0,0,0,0,0,0
07/19/2021,PMD,CA,AWP,WE,Federal Contract Tower,0,0,12,57,69,0,0,8,2,10,0,0,20,59,79,4,122,126,205
07/20/2021,PMD,CA,AWP,WE,Federal Contract Tower,0,0,12,16,28,0,0,4,1,5,0,0,16,17,33,0,12,12,45
07/21/2021,PMD,CA,AWP,WE,Federal Contract Tower,0,0,15,6,21,0,0,7,0,7,0,0,22,6,28,5,21,26,54
07/22/2021,PMD,CA,AWP,WE,Federal Contract Tower,0,0,9,22,31,0,0,4,9,13,0,0,13,31,44,0,96,96,140
07/23/2021,PMD,CA,AWP,WE,Federal Contract Tower,0,0,1,28,29,0,0,1,0,1,0,0,2,28,30,0,35,35,65
07/24/2021,PMD,CA,AWP,WE,Federal Contract Tower,0,0,0,0,0,0,0,0,4,4,0,0,0,4,4,0,12,12,16
07/25/2021,PMD,CA,AWP,WE,Federal Contract Tower,0,0,1,0,1,0,0,0,0,0,0,0,1,0,1,0,0,0,1
07/26/2021,PMD,CA,AWP,WE,Federal Contract Tower,0,0,16,35,51,0,0,2,2,4,0,0,18,37,55,6,34,40,95
07/27/2021,PMD,CA,AWP,WE,Federal Contract Tower,0,0,19,42,61,0,0,6,0,6,0,0,25,42,67,6,54,60,127
07/28/2021,PMD,CA,AWP,WE,Federal Contract Tower,0,0,7,21,28,0,0,9,0,9,0,0,16,21,37,6,64,70,107
07/29/2021,PMD,CA,AWP,WE,Federal Contract Tower,0,0,6,26,32,0,0,4,4,8,0,0,10,30,40,0,68,68,108
07/30/2021,PMD,CA,AWP,WE,Federal Contract Tower,0,0,16,22,38,0,0,3,0,3,0,0,19,22,41,18,68,86,127
07/31/2021,PMD,CA,AWP,WE,Federal Contract Tower,0,0,0,9,9,0,0,0,4,4,0,0,0,13,13,0,22,22,35
08/01/2021,PMD,CA,AWP,WE,Federal Contract Tower,0,0,1,0,1,0,0,0,0,0,0,0,1,0,1,0,0,0,1
08/02/2021,PMD,CA,AWP,WE,Federal Contract Tower,0,0,11,12,23,0,0,4,0,4,0,0,15,12,27,0,52,52,79
08/03/2021,PMD,CA,AWP,WE,Federal Contract Tower,0,0,13,33,46,0,0,3,0,3,0,0,16,33,49,6,107,113,162
08/05/2021,PMD,CA,AWP,WE,Federal Contract Tower,0,0,26,27,53,0,0,9,3,12,0,0,35,30,65,12,78,90,155
08/06/2021,PMD,CA,AWP,WE,Federal Contract Tower,0,0,14,20,34,0,0,0,1,1,0,0,14,21,35,8,110,118,153
08/07/2021,PMD,CA,AWP,WE,Federal Contract Tower,0,0,0,10,10,0,0,0,0,0,0,0,0,10,10,0,72,72,82
08/08/2021,PMD,CA,AWP,WE,Federal Contract Tower,0,0,0,0,0,0,0,0,0,0,0,0,0,0,0,0,0,0,0
08/09/2021,PMD,CA,AWP,WE,Federal Contract Tower,0,0,16,48,64,0,0,3,2,5,0,0,19,50,69,2,142,144,213
08/10/2021,PMD,CA,AWP,WE,Federal Contract Tower,0,0,19,25,44,0,0,6,0,6,0,0,25,25,50,0,110,110,160
08/11/2021,PMD,CA,AWP,WE,Federal Contract Tower,0,0,14,39,53,0,0,7,2,9,0,0,21,41,62,8,84,92,154
08/12/2021,PMD,CA,AWP,WE,Federal Contract Tower,0,0,19,47,66,0,0,9,6,15,0,0,28,53,81,0,132,132,213
08/13/2021,PMD,CA,AWP,WE,Federal Contract Tower,0,0,10,32,42,0,0,5,2,7,0,0,15,34,49,0,67,67,116
08/14/2021,PMD,CA,AWP,WE,Federal Contract Tower,0,0,0,0,0,0,0,0,1,1,0,0,0,1,1,0,0,0,1
08/15/2021,PMD,CA,AWP,WE,Federal Contract Tower,0,0,1,0,1,0,0,0,0,0,0,0,1,0,1,0,0,0,1
08/16/2021,PMD,CA,AWP,WE,Federal Contract Tower,0,0,13,28,41,0,0,3,3,6,0,0,16,31,47,0,20,20,67
08/17/2021,PMD,CA,AWP,WE,Federal Contract Tower,0,0,10,34,44,0,0,8,0,8,0,0,18,34,52,0,44,44,96
08/18/2021,PMD,CA,AWP,WE,Federal Contract Tower,0,0,9,19,28,0,0,6,4,10,0,0,15,23,38,0,20,20,58
08/19/2021,PMD,CA,AWP,WE,Federal Contract Tower,0,0,7,22,29,0,0,4,4,8,0,0,11,26,37,0,52,52,89
08/20/2021,PMD,CA,AWP,WE,Federal Contract Tower,0,0,14,28,42,0,0,0,2,2,0,0,14,30,44,4,88,92,136
08/21/2021,PMD,CA,AWP,WE,Federal Contract Tower,0,0,0,0,0,0,0,0,0,0,0,0,0,0,0,0,0,0,0
08/22/2021,PMD,CA,AWP,WE,Federal Contract Tower,0,0,2,0,2,0,0,0,0,0,0,0,2,0,2,0,0,0,2
08/23/2021,PMD,CA,AWP,WE,Federal Contract Tower,0,0,17,21,38,0,0,7,4,11,0,0,24,25,49,4,58,62,111
08/24/2021,PMD,CA,AWP,WE,Federal Contract Tower,0,0,19,11,30,0,0,8,1,9,0,0,27,12,39,0,36,36,75
08/25/2021,PMD,CA,AWP,WE,Federal Contract Tower,0,0,14,13,27,0,0,15,2,17,0,0,29,15,44,16,8,24,68
08/26/2021,PMD,CA,AWP,WE,Federal Contract Tower,0,0,10,11,21,0,0,7,2,9,0,0,17,13,30,0,3,3,33
08/27/2021,PMD,CA,AWP,WE,Federal Contract Tower,0,0,16,12,28,0,0,3,0,3,0,0,19,12,31,0,57,57,88
08/28/2021,PMD,CA,AWP,WE,Federal Contract Tower,0,0,2,4,6,0,0,0,0,0,0,0,2,4,6,0,0,0,6
08/29/2021,PMD,CA,AWP,WE,Federal Contract Tower,0,0,0,0,0,0,0,0,0,0,0,0,0,0,0,0,0,0,0
08/30/2021,PMD,CA,AWP,WE,Federal Contract Tower,0,0,12,24,36,0,0,5,0,5,0,0,17,24,41,4,24,28,69
09/01/2021,PMD,CA,AWP,WE,Federal Contract Tower,0,0,13,31,44,0,0,13,1,14,0,0,26,32,58,2,84,86,144
09/02/2021,PMD,CA,AWP,WE,Federal Contract Tower,0,0,6,29,35,0,0,6,10,16,0,0,12,39,51,8,114,122,173
09/03/2021,PMD,CA,AWP,WE,Federal Contract Tower,0,0,1,0,1,0,0,0,0,0,0,0,1,0,1,0,0,0,1
09/04/2021,PMD,CA,AWP,WE,Federal Contract Tower,0,0,0,0,0,0,0,0,0,0,0,0,0,0,0,0,0,0,0
09/05/2021,PMD,CA,AWP,WE,Federal Contract Tower,0,0,0,0,0,0,0,0,0,0,0,0,0,0,0,0,0,0,0
09/06/2021,PMD,CA,AWP,WE,Federal Contract Tower,0,0,0,0,0,0,0,0,0,0,0,0,0,0,0,0,0,0,0
09/07/2021,PMD,CA,AWP,WE,Federal Contract Tower,0,0,19,20,39,0,0,9,2,11,0,0,28,22,50,13,30,43,93
09/08/2021,PMD,CA,AWP,WE,Federal Contract Tower,0,0,19,27,46,0,0,11,1,12,0,0,30,28,58,8,76,84,142
09/09/2021,PMD,CA,AWP,WE,Federal Contract Tower,0,0,13,25,38,0,0,7,1,8,0,0,20,26,46,0,16,16,62
09/10/2021,PMD,CA,AWP,WE,Federal Contract Tower,0,0,10,17,27,0,0,5,2,7,0,0,15,19,34,0,28,28,62
09/11/2021,PMD,CA,AWP,WE,Federal Contract Tower,0,0,2,10,12,0,0,0,0,0,0,0,2,10,12,0,24,24,36
09/12/2021,PMD,CA,AWP,WE,Federal Contract Tower,0,0,0,14,14,0,0,0,2,2,0,0,0,16,16,0,4,4,20
09/13/2021,PMD,CA,AWP,WE,Federal Contract Tower,0,0,14,23,37,0,0,5,0,5,0,0,19,23,42,4,50,54,96
09/14/2021,PMD,CA,AWP,WE,Federal Contract Tower,0,0,13,12,25,0,0,5,1,6,0,0,18,13,31,2,44,46,77
09/15/2021,PMD,CA,AWP,WE,Federal Contract Tower,0,0,7,16,23,0,0,7,0,7,0,0,14,16,30,0,24,24,54
09/16/2021,PMD,CA,AWP,WE,Federal Contract Tower,0,0,9,30,39,0,0,5,1,6,0,0,14,31,45,0,99,99,144
09/17/2021,PMD,CA,AWP,WE,Federal Contract Tower,0,0,3,22,25,0,0,0,0,0,0,0,3,22,25,0,28,28,53
09/18/2021,PMD,CA,AWP,WE,Federal Contract Tower,0,0,0,1,1,0,0,0,0,0,0,0,0,1,1,0,0,0,1
09/19/2021,PMD,CA,AWP,WE,Federal Contract Tower,0,0,0,0,0,0,0,2,0,2,0,0,2,0,2,0,0,0,2
09/20/2021,PMD,CA,AWP,WE,Federal Contract Tower,0,0,13,6,19,0,0,4,0,4,0,0,17,6,23,2,6,8,31
09/21/2021,PMD,CA,AWP,WE,Federal Contract Tower,0,0,8,13,21,0,0,10,0,10,0,0,18,13,31,0,30,30,61
09/22/2021,PMD,CA,AWP,WE,Federal Contract Tower,0,8,12,0,20,0,0,9,0,9,0,8,21,0,29,0,0,0,29
09/23/2021,PMD,CA,AWP,WE,Federal Contract Tower,0,0,10,16,26,0,0,2,0,2,0,0,12,16,28,0,2,2,30
09/24/2021,PMD,CA,AWP,WE,Federal Contract Tower,0,0,12,6,18,0,0,4,0,4,0,0,16,6,22,0,0,0,22
09/25/2021,PMD,CA,AWP,WE,Federal Contract Tower,0,0,0,4,4,0,0,0,0,0,0,0,0,4,4,0,0,0,4
09/26/2021,PMD,CA,AWP,WE,Federal Contract Tower,0,0,2,0,2,0,0,0,0,0,0,0,2,0,2,0,0,0,2
09/27/2021,PMD,CA,AWP,WE,Federal Contract Tower,0,0,26,14,40,0,0,3,0,3,0,0,29,14,43,4,18,22,65
09/28/2021,PMD,CA,AWP,WE,Federal Contract Tower,0,0,13,20,33,0,0,8,0,8,0,0,21,20,41,0,66,66,107
09/29/2021,PMD,CA,AWP,WE,Federal Contract Tower,0,0,9,9,18,0,0,9,2,11,0,0,18,11,29,0,8,8,37
09/30/2021,PMD,CA,AWP,WE,Federal Contract Tower,0,0,10,19,29,0,0,9,0,9,0,0,19,19,38,0,20,20,58
10/01/2021,PMD,CA,AWP,WE,Federal Contract Tower,0,0,0,23,23,0,0,2,0,2,0,0,2,23,25,0,22,22,47
10/02/2021,PMD,CA,AWP,WE,Federal Contract Tower,0,0,0,22,22,0,0,0,0,0,0,0,0,22,22,0,0,0,22
10/03/2021,PMD,CA,AWP,WE,Federal Contract Tower,0,0,1,22,23,0,0,0,0,0,0,0,1,22,23,0,6,6,29
10/04/2021,PMD,CA,AWP,WE,Federal Contract Tower,0,0,15,13,28,0,0,6,0,6,0,0,21,13,34,4,70,74,108
10/05/2021,PMD,CA,AWP,WE,Federal Contract Tower,0,0,21,21,42,0,0,8,2,10,0,0,29,23,52,0,115,115,167
10/06/2021,PMD,CA,AWP,WE,Federal Contract Tower,0,0,20,16,36,0,0,17,0,17,0,0,37,16,53,0,16,16,69
10/07/2021,PMD,CA,AWP,WE,Federal Contract Tower,0,0,12,34,46,0,0,5,3,8,0,0,17,37,54,0,74,74,128
10/08/2021,PMD,CA,AWP,WE,Federal Contract Tower,0,0,12,0,12,0,0,8,0,8,0,0,20,0,20,4,0,4,24
10/09/2021,PMD,CA,AWP,WE,Federal Contract Tower,0,0,0,2,2,0,0,0,0,0,0,0,0,2,2,0,6,6,8
10/10/2021,PMD,CA,AWP,WE,Federal Contract Tower,0,0,1,0,1,0,0,0,0,0,0,0,1,0,1,0,0,0,1
10/11/2021,PMD,CA,AWP,WE,Federal Contract Tower,0,0,6,0,6,0,0,0,0,0,0,0,6,0,6,0,0,0,6
10/12/2021,PMD,CA,AWP,WE,Federal Contract Tower,0,0,14,34,48,0,0,4,0,4,0,0,18,34,52,0,78,78,130
10/13/2021,PMD,CA,AWP,WE,Federal Contract Tower,0,0,15,10,25,0,0,9,0,9,0,0,24,10,34,5,16,21,55
10/14/2021,PMD,CA,AWP,WE,Federal Contract Tower,0,0,13,19,32,0,0,10,3,13,0,0,23,22,45,0,54,54,99
10/15/2021,PMD,CA,AWP,WE,Federal Contract Tower,0,0,5,8,13,0,0,1,0,1,0,0,6,8,14,2,4,6,20
10/16/2021,PMD,CA,AWP,WE,Federal Contract Tower,0,0,2,9,11,0,0,1,0,1,0,0,3,9,12,0,26,26,38
10/17/2021,PMD,CA,AWP,WE,Federal Contract Tower,0,0,0,0,0,0,0,0,0,0,0,0,0,0,0,0,0,0,0
10/18/2021,PMD,CA,AWP,WE,Federal Contract Tower,0,0,13,0,13,0,0,3,0,3,0,0,16,0,16,4,0,4,20
10/19/2021,PMD,CA,AWP,WE,Federal Contract Tower,0,0,13,12,25,0,0,15,2,17,0,0,28,14,42,0,44,44,86
10/20/2021,PMD,CA,AWP,WE,Federal Contract Tower,0,0,6,11,17,0,0,8,1,9,0,0,14,12,26,0,38,38,64
10/21/2021,PMD,CA,AWP,WE,Federal Contract Tower,0,0,10,20,30,0,0,10,15,25,0,0,20,35,55,0,92,92,147
10/22/2021,PMD,CA,AWP,WE,Federal Contract Tower,0,0,16,10,26,0,0,7,0,7,0,0,23,10,33,6,26,32,65
10/23/2021,PMD,CA,AWP,WE,Federal Contract Tower,0,0,0,2,2,0,0,0,0,0,0,0,0,2,2,0,0,0,2
10/24/2021,PMD,CA,AWP,WE,Federal Contract Tower,0,0,0,0,0,0,0,0,0,0,0,0,0,0,0,0,0,0,0
10/25/2021,PMD,CA,AWP,WE,Federal Contract Tower,0,0,13,6,19,0,0,1,0,1,0,0,14,6,20,0,2,2,22
10/26/2021,PMD,CA,AWP,WE,Federal Contract Tower,0,0,14,12,26,0,0,21,6,27,0,0,35,18,53,54,58,112,165
10/27/2021,PMD,CA,AWP,WE,Federal Contract Tower,0,0,10,10,20,0,0,11,2,13,0,0,21,12,33,15,58,73,106
10/28/2021,PMD,CA,AWP,WE,Federal Contract Tower,0,0,14,18,32,0,0,11,3,14,0,0,25,21,46,4,109,113,159
10/29/2021,PMD,CA,AWP,WE,Federal Contract Tower,0,0,5,5,10,0,0,1,1,2,0,0,6,6,12,0,0,0,12
10/30/2021,PMD,CA,AWP,WE,Federal Contract Tower,0,0,1,0,1,0,0,0,0,0,0,0,1,0,1,0,0,0,1
10/31/2021,PMD,CA,AWP,WE,Federal Contract Tower,0,0,2,0,2,0,0,0,0,0,0,0,2,0,2,0,0,0,2
11/01/2021,PMD,CA,AWP,WE,Federal Contract Tower,0,0,12,42,54,0,0,6,2,8,0,0,18,44,62,32,67,99,161
11/02/2021,PMD,CA,AWP,WE,Federal Contract Tower,0,0,9,34,43,0,0,12,1,13,0,0,21,35,56,19,96,115,171
11/04/2021,PMD,CA,AWP,WE,Federal Contract Tower,0,0,11,18,29,0,0,13,1,14,0,0,24,19,43,14,36,50,93
11/05/2021,PMD,CA,AWP,WE,Federal Contract Tower,0,0,19,0,19,0,0,1,0,1,0,0,20,0,20,10,0,10,30
11/06/2021,PMD,CA,AWP,WE,Federal Contract Tower,0,0,0,6,6,0,0,0,1,1,0,0,0,7,7,0,18,18,25
11/07/2021,PMD,CA,AWP,WE,Federal Contract Tower,0,0,1,0,1,0,0,1,0,1,0,0,2,0,2,0,0,0,2
11/08/2021,PMD,CA,AWP,WE,Federal Contract Tower,0,0,11,33,44,0,0,4,1,5,0,0,15,34,49,0,26,26,75
11/09/2021,PMD,CA,AWP,WE,Federal Contract Tower,0,0,8,16,24,0,0,11,3,14,0,0,19,19,38,0,102,102,140
11/11/2021,PMD,CA,AWP,WE,Federal Contract Tower,0,0,6,2,8,0,0,6,4,10,0,0,12,6,18,0,25,25,43
11/12/2021,PMD,CA,AWP,WE,Federal Contract Tower,0,0,3,0,3,0,0,11,0,11,0,0,14,0,14,0,0,0,14
11/13/2021,PMD,CA,AWP,WE,Federal Contract Tower,0,0,1,0,1,0,0,0,0,0,0,0,1,0,1,0,0,0,1
11/14/2021,PMD,CA,AWP,WE,Federal Contract Tower,0,0,0,0,0,0,0,0,0,0,0,0,0,0,0,0,0,0,0
11/15/2021,PMD,CA,AWP,WE,Federal Contract Tower,0,0,11,17,28,0,0,2,1,3,0,0,13,18,31,0,20,20,51
11/16/2021,PMD,CA,AWP,WE,Federal Contract Tower,0,0,15,9,24,0,0,15,0,15,0,0,30,9,39,6,48,54,93
11/17/2021,PMD,CA,AWP,WE,Federal Contract Tower,0,0,16,2,18,0,0,7,2,9,0,0,23,4,27,4,0,4,31
11/18/2021,PMD,CA,AWP,WE,Federal Contract Tower,0,0,11,16,27,0,0,7,0,7,0,0,18,16,34,0,30,30,64
11/19/2021,PMD,CA,AWP,WE,Federal Contract Tower,0,0,10,10,20,0,0,5,2,7,0,0,15,12,27,0,14,14,41
11/20/2021,PMD,CA,AWP,WE,Federal Contract Tower,0,0,0,0,0,0,0,0,0,0,0,0,0,0,0,0,0,0,0
11/21/2021,PMD,CA,AWP,WE,Federal Contract Tower,0,0,0,0,0,0,0,0,0,0,0,0,0,0,0,0,0,0,0
11/22/2021,PMD,CA,AWP,WE,Federal Contract Tower,0,0,15,24,39,0,0,3,4,7,0,0,18,28,46,0,52,52,98
11/23/2021,PMD,CA,AWP,WE,Federal Contract Tower,0,0,10,15,25,0,0,16,1,17,0,0,26,16,42,0,106,106,148
11/25/2021,PMD,CA,AWP,WE,Federal Contract Tower,0,0,0,0,0,0,0,0,0,0,0,0,0,0,0,0,0,0,0
11/26/2021,PMD,CA,AWP,WE,Federal Contract Tower,0,0,0,0,0,0,0,0,0,0,0,0,0,0,0,0,0,0,0
11/27/2021,PMD,CA,AWP,WE,Federal Contract Tower,0,0,0,0,0,0,0,0,0,0,0,0,0,0,0,0,0,0,0
11/28/2021,PMD,CA,AWP,WE,Federal Contract Tower,0,0,0,0,0,0,0,0,0,0,0,0,0,0,0,0,0,0,0
11/29/2021,PMD,CA,AWP,WE,Federal Contract Tower,0,0,13,8,21,0,0,3,0,3,0,0,16,8,24,10,0,10,34
11/30/2021,PMD,CA,AWP,WE,Federal Contract Tower,0,0,15,26,41,0,0,10,1,11,0,0,25,27,52,0,94,94,146
12/02/2021,PMD,CA,AWP,WE,Federal Contract Tower,0,0,9,23,32,0,0,16,3,19,0,0,25,26,51,5,45,50,101
12/03/2021,PMD,CA,AWP,WE,Federal Contract Tower,0,0,19,12,31,0,0,8,0,8,0,0,27,12,39,2,10,12,51
12/04/2021,PMD,CA,AWP,WE,Federal Contract Tower,0,0,4,0,4,0,0,0,0,0,0,0,4,0,4,0,0,0,4
12/05/2021,PMD,CA,AWP,WE,Federal Contract Tower,0,0,5,0,5,0,0,0,0,0,0,0,5,0,5,0,0,0,5
12/06/2021,PMD,CA,AWP,WE,Federal Contract Tower,0,0,17,12,29,0,0,3,0,3,0,0,20,12,32,0,14,14,46
12/07/2021,PMD,CA,AWP,WE,Federal Contract Tower,0,0,15,20,35,0,0,14,0,14,0,0,29,20,49,0,84,84,133
12/08/2021,PMD,CA,AWP,WE,Federal Contract Tower,0,0,13,28,41,0,0,8,1,9,0,0,21,29,50,0,10,10,60
12/09/2021,PMD,CA,AWP,WE,Federal Contract Tower,0,0,6,0,6,0,0,0,0,0,0,0,6,0,6,0,0,0,6
12/10/2021,PMD,CA,AWP,WE,Federal Contract Tower,0,0,6,42,48,0,0,2,0,2,0,0,8,42,50,0,24,24,74
12/11/2021,PMD,CA,AWP,WE,Federal Contract Tower,0,0,2,4,6,0,0,0,1,1,0,0,2,5,7,0,26,26,33
12/12/2021,PMD,CA,AWP,WE,Federal Contract Tower,0,0,1,0,1,0,0,0,0,0,0,0,1,0,1,0,0,0,1
12/13/2021,PMD,CA,AWP,WE,Federal Contract Tower,0,0,16,37,53,0,0,4,1,5,0,0,20,38,58,0,36,36,94
12/14/2021,PMD,CA,AWP,WE,Federal Contract Tower,0,0,10,0,10,0,0,0,0,0,0,0,10,0,10,0,0,0,10
12/15/2021,PMD,CA,AWP,WE,Federal Contract Tower,0,0,13,44,57,0,0,13,3,16,0,0,26,47,73,11,66,77,150
12/16/2021,PMD,CA,AWP,WE,Federal Contract Tower,0,0,18,7,25,0,0,24,11,35,0,0,42,18,60,31,6,37,97
12/17/2021,PMD,CA,AWP,WE,Federal Contract Tower,0,0,8,7,15,0,0,5,0,5,0,0,13,7,20,14,0,14,34
12/18/2021,PMD,CA,AWP,WE,Federal Contract Tower,0,0,0,0,0,0,0,0,0,0,0,0,0,0,0,0,0,0,0
12/19/2021,PMD,CA,AWP,WE,Federal Contract Tower,0,0,0,0,0,0,0,2,0,2,0,0,2,0,2,16,0,16,18
12/20/2021,PMD,CA,AWP,WE,Federal Contract Tower,0,0,10,2,12,0,0,19,2,21,0,0,29,4,33,14,30,44,77
12/21/2021,PMD,CA,AWP,WE,Federal Contract Tower,0,0,12,6,18,0,0,6,3,9,0,0,18,9,27,0,32,32,59
12/22/2021,PMD,CA,AWP,WE,Federal Contract Tower,0,0,10,24,34,0,0,3,0,3,0,0,13,24,37,29,54,83,120
12/23/2021,PMD,CA,AWP,WE,Federal Contract Tower,0,0,1,0,1,0,0,0,0,0,0,0,1,0,1,0,0,0,1
12/24/2021,PMD,CA,AWP,WE,Federal Contract Tower,0,0,0,0,0,0,0,2,0,2,0,0,2,0,2,0,0,0,2
12/25/2021,PMD,CA,AWP,WE,Federal Contract Tower,0,0,0,0,0,0,0,0,0,0,0,0,0,0,0,0,0,0,0
12/26/2021,PMD,CA,AWP,WE,Federal Contract Tower,0,0,0,0,0,0,0,0,0,0,0,0,0,0,0,0,0,0,0
12/27/2021,PMD,CA,AWP,WE,Federal Contract Tower,0,0,0,10,10,0,0,0,0,0,0,0,0,10,10,0,0,0,10
12/28/2021,PMD,CA,AWP,WE,Federal Contract Tower,0,0,0,8,8,0,0,0,0,0,0,0,0,8,8,0,40,40,48
12/29/2021,PMD,CA,AWP,WE,Federal Contract Tower,0,0,14,0,14,0,0,0,0,0,0,0,14,0,14,0,0,0,14
12/30/2021,PMD,CA,AWP,WE,Federal Contract Tower,0,0,0,0,0,0,0,0,0,0,0,0,0,0,0,0,0,0,0
12/31/2021,PMD,CA,AWP,WE,Federal Contract Tower,0,0,0,0,0,0,0,0,0,0,0,0,0,0,0,0,0,0,0
01/01/2022,PMD,CA,AWP,WE,Federal Contract Tower,0,0,0,0,0,0,0,0,0,0,0,0,0,0,0,0,0,0,0
01/02/2022,PMD,CA,AWP,WE,Federal Contract Tower,0,0,0,0,0,0,0,0,0,0,0,0,0,0,0,0,0,0,0
01/03/2022,PMD,CA,AWP,WE,Federal Contract Tower,0,0,0,0,0,0,0,0,0,0,0,0,0,0,0,0,0,0,0
01/04/2022,PMD,CA,AWP,WE,Federal Contract Tower,0,0,7,14,21,0,0,3,0,3,0,0,10,14,24,0,68,68,92
01/05/2022,PMD,CA,AWP,WE,Federal Contract Tower,0,0,7,53,60,0,0,6,3,9,0,0,13,56,69,26,68,94,163
01/06/2022,PMD,CA,AWP,WE,Federal Contract Tower,0,0,13,24,37,0,0,12,9,21,0,0,25,33,58,20,98,118,176
01/07/2022,PMD,CA,AWP,WE,Federal Contract Tower,0,0,13,12,25,0,0,1,0,1,0,0,14,12,26,16,2,18,44
01/08/2022,PMD,CA,AWP,WE,Federal Contract Tower,0,0,1,0,1,0,0,0,0,0,0,0,1,0,1,0,0,0,1
01/09/2022,PMD,CA,AWP,WE,Federal Contract Tower,0,0,0,0,0,0,0,0,0,0,0,0,0,0,0,0,0,0,0
01/10/2022,PMD,CA,AWP,WE,Federal Contract Tower,0,0,14,22,36,0,0,3,0,3,0,0,17,22,39,0,24,24,63
01/11/2022,PMD,CA,AWP,WE,Federal Contract Tower,0,0,8,44,52,0,0,8,0,8,0,0,16,44,60,0,105,105,165
01/12/2022,PMD,CA,AWP,WE,Federal Contract Tower,0,0,9,87,96,0,0,6,2,8,0,0,15,89,104,0,116,116,220
01/13/2022,PMD,CA,AWP,WE,Federal Contract Tower,0,0,14,42,56,0,0,7,6,13,0,0,21,48,69,6,82,88,157
01/14/2022,PMD,CA,AWP,WE,Federal Contract Tower,0,0,9,13,22,0,0,5,0,5,0,0,14,13,27,0,12,12,39
01/15/2022,PMD,CA,AWP,WE,Federal Contract Tower,0,0,0,0,0,0,0,0,0,0,0,0,0,0,0,0,0,0,0
01/16/2022,PMD,CA,AWP,WE,Federal Contract Tower,0,0,0,0,0,0,0,0,0,0,0,0,0,0,0,0,0,0,0
01/17/2022,PMD,CA,AWP,WE,Federal Contract Tower,0,0,17,0,17,0,0,0,0,0,0,0,17,0,17,6,0,6,23
01/18/2022,PMD,CA,AWP,WE,Federal Contract Tower,0,0,10,24,34,0,0,8,0,8,0,0,18,24,42,2,16,18,60
01/19/2022,PMD,CA,AWP,WE,Federal Contract Tower,0,0,31,25,56,0,0,12,1,13,0,0,43,26,69,14,48,62,131
01/20/2022,PMD,CA,AWP,WE,Federal Contract Tower,0,0,18,10,28,0,0,12,6,18,0,0,30,16,46,0,34,34,80
01/21/2022,PMD,CA,AWP,WE,Federal Contract Tower,0,0,8,22,30,0,0,3,1,4,0,0,11,23,34,0,32,32,66
01/22/2022,PMD,CA,AWP,WE,Federal Contract Tower,0,0,0,0,0,0,0,0,0,0,0,0,0,0,0,0,0,0,0
01/23/2022,PMD,CA,AWP,WE,Federal Contract Tower,0,0,0,0,0,0,0,0,0,0,0,0,0,0,0,0,0,0,0
01/24/2022,PMD,CA,AWP,WE,Federal Contract Tower,0,0,11,12,23,0,0,6,0,6,0,0,17,12,29,0,22,22,51
01/25/2022,PMD,CA,AWP,WE,Federal Contract Tower,0,0,11,30,41,0,0,8,1,9,0,0,19,31,50,0,110,110,160
01/26/2022,PMD,CA,AWP,WE,Federal Contract Tower,0,0,18,28,46,0,0,5,0,5,0,0,23,28,51,0,104,104,155
01/27/2022,PMD,CA,AWP,WE,Federal Contract Tower,0,0,10,31,41,0,0,9,3,12,0,0,19,34,53,0,87,87,140
01/28/2022,PMD,CA,AWP,WE,Federal Contract Tower,0,0,10,1,11,0,0,5,0,5,0,0,15,1,16,0,14,14,30
01/29/2022,PMD,CA,AWP,WE,Federal Contract Tower,0,0,0,3,3,0,0,0,0,0,0,0,0,3,3,0,12,12,15
01/30/2022,PMD,CA,AWP,WE,Federal Contract Tower,0,0,0,0,0,0,0,0,0,0,0,0,0,0,0,0,0,0,0
01/31/2022,PMD,CA,AWP,WE,Federal Contract Tower,0,0,19,12,31,0,0,4,1,5,0,0,23,13,36,18,46,64,100
02/01/2022,PMD,CA,AWP,WE,Federal Contract Tower,0,0,13,44,57,0,0,11,1,12,0,0,24,45,69,0,132,132,201
02/02/2022,PMD,CA,AWP,WE,Federal Contract Tower,0,0,10,24,34,0,0,5,4,9,0,0,15,28,43,0,82,82,125
02/03/2022,PMD,CA,AWP,WE,Federal Contract Tower,0,0,14,30,44,0,0,8,6,14,0,0,22,36,58,2,140,142,200
02/04/2022,PMD,CA,AWP,WE,Federal Contract Tower,0,0,11,12,23,0,0,0,1,1,0,0,11,13,24,4,24,28,52
02/05/2022,PMD,CA,AWP,WE,Federal Contract Tower,0,0,0,0,0,0,0,0,0,0,0,0,0,0,0,0,0,0,0
02/06/2022,PMD,CA,AWP,WE,Federal Contract Tower,0,0,2,0,2,0,0,0,0,0,0,0,2,0,2,0,0,0,2
02/07/2022,PMD,CA,AWP,WE,Federal Contract Tower,0,0,16,23,39,0,0,6,0,6,0,0,22,23,45,2,72,74,119
02/08/2022,PMD,CA,AWP,WE,Federal Contract Tower,0,0,27,33,60,0,0,10,2,12,0,0,37,35,72,8,36,44,116
02/09/2022,PMD,CA,AWP,WE,Federal Contract Tower,0,0,22,8,30,0,0,8,1,9,0,0,30,9,39,0,16,16,55
02/10/2022,PMD,CA,AWP,WE,Federal Contract Tower,0,0,20,7,27,0,0,7,1,8,0,0,27,8,35,0,34,34,69
02/11/2022,PMD,CA,AWP,WE,Federal Contract Tower,0,0,10,9,19,0,0,4,4,8,0,0,14,13,27,0,38,38,65
02/12/2022,PMD,CA,AWP,WE,Federal Contract Tower,0,0,0,14,14,0,0,0,0,0,0,0,0,14,14,0,8,8,22
02/13/2022,PMD,CA,AWP,WE,Federal Contract Tower,0,0,2,2,4,0,0,0,0,0,0,0,2,2,4,0,4,4,8
02/14/2022,PMD,CA,AWP,WE,Federal Contract Tower,0,0,36,16,52,0,0,6,0,6,0,0,42,16,58,2,40,42,100
02/15/2022,PMD,CA,AWP,WE,Federal Contract Tower,0,0,16,10,26,0,0,1,0,1,0,0,17,10,27,0,12,12,39
02/16/2022,PMD,CA,AWP,WE,Federal Contract Tower,0,0,45,9,54,0,0,11,3,14,0,0,56,12,68,2,69,71,139
02/17/2022,PMD,CA,AWP,WE,Federal Contract Tower,0,0,10,9,19,0,0,9,9,18,0,0,19,18,37,2,84,86,123
02/18/2022,PMD,CA,AWP,WE,Federal Contract Tower,0,0,4,1,5,0,0,1,0,1,0,0,5,1,6,6,0,6,12
02/19/2022,PMD,CA,AWP,WE,Federal Contract Tower,0,0,1,4,5,0,0,1,0,1,0,0,2,4,6,0,16,16,22
02/20/2022,PMD,CA,AWP,WE,Federal Contract Tower,0,0,0,0,0,0,0,0,0,0,0,0,0,0,0,0,0,0,0
02/21/2022,PMD,CA,AWP,WE,Federal Contract Tower,0,0,9,0,9,0,0,2,0,2,0,0,11,0,11,0,0,0,11
02/22/2022,PMD,CA,AWP,WE,Federal Contract Tower,0,0,15,2,17,0,0,3,0,3,0,0,18,2,20,4,10,14,34
02/23/2022,PMD,CA,AWP,WE,Federal Contract Tower,0,0,11,20,31,0,0,9,0,9,0,0,20,20,40,0,17,17,57
02/24/2022,PMD,CA,AWP,WE,Federal Contract Tower,0,0,17,5,22,0,0,11,3,14,0,0,28,8,36,2,58,60,96
02/25/2022,PMD,CA,AWP,WE,Federal Contract Tower,0,0,9,16,25,0,0,3,0,3,0,0,12,16,28,0,10,10,38
02/26/2022,PMD,CA,AWP,WE,Federal Contract Tower,0,0,1,6,7,0,0,26,0,26,0,0,27,6,33,0,20,20,53
02/27/2022,PMD,CA,AWP,WE,Federal Contract Tower,0,0,0,0,0,0,0,0,0,0,0,0,0,0,0,0,0,0,0
02/28/2022,PMD,CA,AWP,WE,Federal Contract Tower,0,0,19,10,29,0,0,9,1,10,0,0,28,11,39,4,90,94,133
03/01/2022,PMD,CA,AWP,WE,Federal Contract Tower,0,0,10,52,62,0,0,10,3,13,0,0,20,55,75,0,144,144,219
03/02/2022,PMD,CA,AWP,WE,Federal Contract Tower,0,0,14,36,50,0,0,6,0,6,0,0,20,36,56,6,18,24,80
03/03/2022,PMD,CA,AWP,WE,Federal Contract Tower,0,0,14,30,44,0,0,9,3,12,0,0,23,33,56,0,26,26,82
03/04/2022,PMD,CA,AWP,WE,Federal Contract Tower,0,0,5,20,25,0,0,0,2,2,0,0,5,22,27,0,38,38,65
03/05/2022,PMD,CA,AWP,WE,Federal Contract Tower,0,0,1,0,1,0,0,0,0,0,0,0,1,0,1,2,0,2,3
03/06/2022,PMD,CA,AWP,WE,Federal Contract Tower,0,0,0,0,0,0,0,0,0,0,0,0,0,0,0,0,0,0,0
03/07/2022,PMD,CA,AWP,WE,Federal Contract Tower,0,0,12,14,26,0,0,5,0,5,0,0,17,14,31,9,38,47,78
03/08/2022,PMD,CA,AWP,WE,Federal Contract Tower,0,0,16,19,35,0,0,7,1,8,0,0,23,20,43,0,38,38,81
03/09/2022,PMD,CA,AWP,WE,Federal Contract Tower,0,0,8,33,41,0,0,11,1,12,0,0,19,34,53,0,39,39,92
03/10/2022,PMD,CA,AWP,WE,Federal Contract Tower,0,0,11,14,25,0,0,8,3,11,0,0,19,17,36,0,7,7,43
03/11/2022,PMD,CA,AWP,WE,Federal Contract Tower,0,0,8,6,14,0,0,4,0,4,0,0,12,6,18,0,24,24,42
03/12/2022,PMD,CA,AWP,WE,Federal Contract Tower,0,0,1,12,13,0,0,0,0,0,0,0,1,12,13,0,32,32,45
03/13/2022,PMD,CA,AWP,WE,Federal Contract Tower,0,0,0,0,0,0,0,0,0,0,0,0,0,0,0,0,0,0,0
03/14/2022,PMD,CA,AWP,WE,Federal Contract Tower,0,0,13,16,29,0,0,5,0,5,0,0,18,16,34,0,30,30,64
03/15/2022,PMD,CA,AWP,WE,Federal Contract Tower,0,0,10,35,45,0,0,7,0,7,0,0,17,35,52,0,44,44,96
03/16/2022,PMD,CA,AWP,WE,Federal Contract Tower,0,0,10,30,40,0,0,0,0,0,0,0,10,30,40,0,28,28,68
03/17/2022,PMD,CA,AWP,WE,Federal Contract Tower,0,0,16,35,51,0,0,8,2,10,0,0,24,37,61,0,12,12,73
03/18/2022,PMD,CA,AWP,WE,Federal Contract Tower,0,0,14,18,32,0,0,0,1,1,0,0,14,19,33,6,4,10,43
03/19/2022,PMD,CA,AWP,WE,Federal Contract Tower,0,0,2,0,2,0,0,0,0,0,0,0,2,0,2,0,2,2,4
03/20/2022,PMD,CA,AWP,WE,Federal Contract Tower,0,0,2,0,2,0,0,0,0,0,0,0,2,0,2,0,0,0,2
03/21/2022,PMD,CA,AWP,WE,Federal Contract Tower,0,0,10,8,18,0,0,6,0,6,0,0,16,8,24,0,0,0,24
03/22/2022,PMD,CA,AWP,WE,Federal Contract Tower,0,0,12,16,28,0,0,8,0,8,0,0,20,16,36,0,28,28,64
03/23/2022,PMD,CA,AWP,WE,Federal Contract Tower,0,0,9,6,15,0,0,7,0,7,0,0,16,6,22,2,6,8,30
03/24/2022,PMD,CA,AWP,WE,Federal Contract Tower,0,0,8,7,15,0,0,10,1,11,0,0,18,8,26,6,56,62,88
03/25/2022,PMD,CA,AWP,WE,Federal Contract Tower,0,0,14,13,27,0,0,5,1,6,0,0,19,14,33,0,34,34,67
03/26/2022,PMD,CA,AWP,WE,Federal Contract Tower,0,0,3,0,3,0,0,2,0,2,0,0,5,0,5,0,0,0,5
03/27/2022,PMD,CA,AWP,WE,Federal Contract Tower,0,0,1,0,1,0,0,24,4,28,0,0,25,4,29,0,0,0,29
03/28/2022,PMD,CA,AWP,WE,Federal Contract Tower,0,0,12,8,20,0,0,2,0,2,0,0,14,8,22,0,0,0,22
03/29/2022,PMD,CA,AWP,WE,Federal Contract Tower,0,0,15,10,25,0,0,13,3,16,0,0,28,13,41,0,48,48,89
03/30/2022,PMD,CA,AWP,WE,Federal Contract Tower,0,0,22,4,26,0,0,12,1,13,0,0,34,5,39,8,4,12,51
03/31/2022,PMD,CA,AWP,WE,Federal Contract Tower,0,0,10,0,10,0,0,9,4,13,0,0,19,4,23,0,116,116,139
04/01/2022,PMD,CA,AWP,WE,Federal Contract Tower,0,0,5,29,34,0,0,1,0,1,0,0,6,29,35,0,49,49,84
04/02/2022,PMD,CA,AWP,WE,Federal Contract Tower,0,0,0,0,0,0,0,2,0,2,0,0,2,0,2,0,0,0,2
04/03/2022,PMD,CA,AWP,WE,Federal Contract Tower,0,0,2,2,4,0,0,0,2,2,0,0,2,4,6,0,4,4,10
04/04/2022,PMD,CA,AWP,WE,Federal Contract Tower,0,0,9,2,11,0,0,5,0,5,0,0,14,2,16,4,0,4,20
04/05/2022,PMD,CA,AWP,WE,Federal Contract Tower,0,0,12,6,18,0,0,7,0,7,0,0,19,6,25,8,16,24,49
04/06/2022,PMD,CA,AWP,WE,Federal Contract Tower,0,0,16,1,17,0,0,12,1,13,0,0,28,2,30,16,6,22,52
04/07/2022,PMD,CA,AWP,WE,Federal Contract Tower,0,0,20,10,30,0,0,11,0,11,0,0,31,10,41,16,9,25,66
04/08/2022,PMD,CA,AWP,WE,Federal Contract Tower,0,0,11,8,19,0,0,4,1,5,0,0,15,9,24,4,60,64,88
04/09/2022,PMD,CA,AWP,WE,Federal Contract Tower,0,0,1,0,1,0,0,0,0,0,0,0,1,0,1,0,0,0,1
04/10/2022,PMD,CA,AWP,WE,Federal Contract Tower,0,0,0,0,0,0,0,4,0,4,0,0,4,0,4,0,0,0,4
04/11/2022,PMD,CA,AWP,WE,Federal Contract Tower,0,0,10,6,16,0,0,1,6,7,0,0,11,12,23,6,38,44,67
04/12/2022,PMD,CA,AWP,WE,Federal Contract Tower,0,0,8,9,17,0,0,13,1,14,0,0,21,10,31,0,4,4,35
04/13/2022,PMD,CA,AWP,WE,Federal Contract Tower,0,0,11,1,12,0,0,7,0,7,0,0,18,1,19,4,0,4,23
04/14/2022,PMD,CA,AWP,WE,Federal Contract Tower,0,0,7,3,10,0,0,9,3,12,0,0,16,6,22,24,69,93,115
04/15/2022,PMD,CA,AWP,WE,Federal Contract Tower,0,0,4,4,8,0,0,2,0,2,0,0,6,4,10,4,0,4,14
04/16/2022,PMD,CA,AWP,WE,Federal Contract Tower,0,0,0,0,0,0,0,0,0,0,0,0,0,0,0,0,0,0,0
04/17/2022,PMD,CA,AWP,WE,Federal Contract Tower,0,0,0,0,0,0,0,0,0,0,0,0,0,0,0,0,0,0,0
04/18/2022,PMD,CA,AWP,WE,Federal Contract Tower,0,0,18,22,40,0,0,4,0,4,0,0,22,22,44,0,67,67,111
04/19/2022,PMD,CA,AWP,WE,Federal Contract Tower,0,0,16,12,28,0,0,4,6,10,0,0,20,18,38,5,42,47,85
04/20/2022,PMD,CA,AWP,WE,Federal Contract Tower,0,0,17,11,28,0,0,8,3,11,0,0,25,14,39,8,13,21,60
04/21/2022,PMD,CA,AWP,WE,Federal Contract Tower,0,0,8,14,22,0,0,4,2,6,0,0,12,16,28,4,10,14,42
04/22/2022,PMD,CA,AWP,WE,Federal Contract Tower,0,0,14,2,16,0,0,4,0,4,0,0,18,2,20,0,0,0,20
04/23/2022,PMD,CA,AWP,WE,Federal Contract Tower,0,0,1,0,1,0,0,0,4,4,0,0,1,4,5,0,24,24,29
04/24/2022,PMD,CA,AWP,WE,Federal Contract Tower,0,0,0,0,0,0,0,1,0,1,0,0,1,0,1,0,0,0,1
04/25/2022,PMD,CA,AWP,WE,Federal Contract Tower,0,0,8,9,17,0,0,4,0,4,0,0,12,9,21,2,8,10,31
04/26/2022,PMD,CA,AWP,WE,Federal Contract Tower,0,0,15,20,35,0,0,11,2,13,0,0,26,22,48,4,62,66,114
04/27/2022,PMD,CA,AWP,WE,Federal Contract Tower,0,0,18,19,37,0,0,8,0,8,0,0,26,19,45,19,26,45,90
04/28/2022,PMD,CA,AWP,WE,Federal Contract Tower,0,0,12,7,19,0,0,13,2,15,0,0,25,9,34,2,28,30,64
04/29/2022,PMD,CA,AWP,WE,Federal Contract Tower,0,0,2,23,25,0,0,0,0,0,0,0,2,23,25,39,46,85,110
04/30/2022,PMD,CA,AWP,WE,Federal Contract Tower,0,0,0,0,0,0,0,0,0,0,0,0,0,0,0,0,0,0,0
05/01/2022,PMD,CA,AWP,WE,Federal Contract Tower,0,0,0,0,0,0,0,0,0,0,0,0,0,0,0,0,0,0,0
05/02/2022,PMD,CA,AWP,WE,Federal Contract Tower,0,0,15,33,48,0,0,3,3,6,0,0,18,36,54,2,56,58,112
05/03/2022,PMD,CA,AWP,WE,Federal Contract Tower,0,0,19,14,33,0,0,17,2,19,0,0,36,16,52,4,15,19,71
05/04/2022,PMD,CA,AWP,WE,Federal Contract Tower,0,0,16,8,24,0,0,7,1,8,0,0,23,9,32,2,12,14,46
05/05/2022,PMD,CA,AWP,WE,Federal Contract Tower,0,0,15,6,21,0,0,23,7,30,0,0,38,13,51,0,66,66,117
05/06/2022,PMD,CA,AWP,WE,Federal Contract Tower,0,0,10,15,25,0,0,3,1,4,0,0,13,16,29,0,10,10,39
05/07/2022,PMD,CA,AWP,WE,Federal Contract Tower,0,0,7,0,7,0,0,0,0,0,0,0,7,0,7,20,0,20,27
05/08/2022,PMD,CA,AWP,WE,Federal Contract Tower,0,0,3,0,3,0,0,0,0,0,0,0,3,0,3,0,0,0,3
05/09/2022,PMD,CA,AWP,WE,Federal Contract Tower,0,0,11,14,25,0,0,3,2,5,0,0,14,16,30,20,2,22,52
05/10/2022,PMD,CA,AWP,WE,Federal Contract Tower,0,0,24,13,37,0,0,7,1,8,0,0,31,14,45,10,22,32,77
05/11/2022,PMD,CA,AWP,WE,Federal Contract Tower,0,0,13,7,20,0,0,9,2,11,0,0,22,9,31,34,27,61,92
05/12/2022,PMD,CA,AWP,WE,Federal Contract Tower,0,0,16,22,38,0,0,4,0,4,0,0,20,22,42,77,46,123,165
05/13/2022,PMD,CA,AWP,WE,Federal Contract Tower,0,0,9,0,9,0,0,3,0,3,0,0,12,0,12,54,0,54,66
05/14/2022,PMD,CA,AWP,WE,Federal Contract Tower,0,0,7,1,8,0,0,2,0,2,0,0,9,1,10,22,0,22,32
05/15/2022,PMD,CA,AWP,WE,Federal Contract Tower,0,0,0,0,0,0,0,2,0,2,0,0,2,0,2,0,0,0,2
05/16/2022,PMD,CA,AWP,WE,Federal Contract Tower,0,0,12,2,14,0,0,3,0,3,0,0,15,2,17,15,0,15,32
05/17/2022,PMD,CA,AWP,WE,Federal Contract Tower,0,0,21,12,33,0,0,8,1,9,0,0,29,13,42,6,14,20,62
05/18/2022,PMD,CA,AWP,WE,Federal Contract Tower,0,0,14,18,32,0,0,7,0,7,0,0,21,18,39,10,14,24,63
05/19/2022,PMD,CA,AWP,WE,Federal Contract Tower,0,0,10,10,20,0,0,6,1,7,0,0,16,11,27,0,26,26,53
05/20/2022,PMD,CA,AWP,WE,Federal Contract Tower,0,0,9,12,21,0,0,3,2,5,0,0,12,14,26,6,26,32,58
05/21/2022,PMD,CA,AWP,WE,Federal Contract Tower,0,0,1,1,2,0,0,0,0,0,0,0,1,1,2,0,0,0,2
05/22/2022,PMD,CA,AWP,WE,Federal Contract Tower,0,0,10,0,10,0,0,0,0,0,0,0,10,0,10,0,0,0,10
05/23/2022,PMD,CA,AWP,WE,Federal Contract Tower,0,0,17,9,26,0,0,4,12,16,0,0,21,21,42,2,38,40,82
05/24/2022,PMD,CA,AWP,WE,Federal Contract Tower,0,0,15,25,40,0,0,8,2,10,0,0,23,27,50,0,135,135,185
05/25/2022,PMD,CA,AWP,WE,Federal Contract Tower,0,0,18,11,29,0,0,11,5,16,0,0,29,16,45,17,18,35,80
05/26/2022,PMD,CA,AWP,WE,Federal Contract Tower,0,0,22,38,60,0,0,3,2,5,0,0,25,40,65,10,45,55,120
05/27/2022,PMD,CA,AWP,WE,Federal Contract Tower,0,0,1,9,10,0,0,1,0,1,0,0,2,9,11,2,8,10,21
05/28/2022,PMD,CA,AWP,WE,Federal Contract Tower,0,0,0,0,0,0,0,0,0,0,0,0,0,0,0,0,0,0,0
05/29/2022,PMD,CA,AWP,WE,Federal Contract Tower,0,0,0,0,0,0,0,0,0,0,0,0,0,0,0,0,0,0,0
05/30/2022,PMD,CA,AWP,WE,Federal Contract Tower,0,0,0,0,0,0,0,0,0,0,0,0,0,0,0,0,0,0,0
05/31/2022,PMD,CA,AWP,WE,Federal Contract Tower,0,0,13,38,51,0,0,3,0,3,0,0,16,38,54,3,29,32,86
06/01/2022,PMD,CA,AWP,WE,Federal Contract Tower,0,0,8,32,40,0,0,4,0,4,0,0,12,32,44,7,32,39,83
06/02/2022,PMD,CA,AWP,WE,Federal Contract Tower,0,0,10,28,38,0,0,9,4,13,0,0,19,32,51,0,68,68,119
06/03/2022,PMD,CA,AWP,WE,Federal Contract Tower,0,0,12,6,18,0,0,1,0,1,0,0,13,6,19,10,28,38,57
06/04/2022,PMD,CA,AWP,WE,Federal Contract Tower,0,0,0,0,0,0,0,0,0,0,0,0,0,0,0,0,0,0,0
06/05/2022,PMD,CA,AWP,WE,Federal Contract Tower,0,0,0,0,0,0,0,0,0,0,0,0,0,0,0,2,0,2,2
06/06/2022,PMD,CA,AWP,WE,Federal Contract Tower,0,0,15,1,16,0,0,6,1,7,0,0,21,2,23,2,22,24,47
06/07/2022,PMD,CA,AWP,WE,Federal Contract Tower,0,0,14,33,47,0,0,15,0,15,0,0,29,33,62,0,33,33,95
06/08/2022,PMD,CA,AWP,WE,Federal Contract Tower,0,0,21,24,45,0,0,7,5,12,0,0,28,29,57,2,20,22,79
06/09/2022,PMD,CA,AWP,WE,Federal Contract Tower,0,0,25,22,47,0,0,8,6,14,0,0,33,28,61,30,46,76,137
06/10/2022,PMD,CA,AWP,WE,Federal Contract Tower,0,0,1,9,10,0,0,2,0,2,0,0,3,9,12,63,0,63,75
06/11/2022,PMD,CA,AWP,WE,Federal Contract Tower,0,0,0,0,0,0,0,12,0,12,0,0,12,0,12,0,0,0,12
06/12/2022,PMD,CA,AWP,WE,Federal Contract Tower,0,0,1,0,1,0,0,0,0,0,0,0,1,0,1,3,0,3,4
06/13/2022,PMD,CA,AWP,WE,Federal Contract Tower,0,0,10,4,14,0,0,0,0,0,0,0,10,4,14,29,8,37,51
06/14/2022,PMD,CA,AWP,WE,Federal Contract Tower,0,0,12,6,18,0,0,10,0,10,0,0,22,6,28,18,38,56,84
06/15/2022,PMD,CA,AWP,WE,Federal Contract Tower,0,0,12,17,29,0,0,8,0,8,0,0,20,17,37,17,23,40,77
06/16/2022,PMD,CA,AWP,WE,Federal Contract Tower,0,0,8,20,28,0,0,1,1,2,0,0,9,21,30,0,29,29,59
06/17/2022,PMD,CA,AWP,WE,Federal Contract Tower,0,0,7,4,11,0,0,2,0,2,0,0,9,4,13,0,18,18,31
06/18/2022,PMD,CA,AWP,WE,Federal Contract Tower,0,0,0,0,0,0,0,0,0,0,0,0,0,0,0,0,0,0,0
06/19/2022,PMD,CA,AWP,WE,Federal Contract Tower,0,0,0,0,0,0,0,0,0,0,0,0,0,0,0,0,0,0,0
06/20/2022,PMD,CA,AWP,WE,Federal Contract Tower,0,0,4,2,6,0,0,2,0,2,0,0,6,2,8,10,0,10,18
06/21/2022,PMD,CA,AWP,WE,Federal Contract Tower,0,0,22,8,30,0,0,7,3,10,0,0,29,11,40,16,20,36,76
06/22/2022,PMD,CA,AWP,WE,Federal Contract Tower,0,0,8,0,8,0,0,6,0,6,0,0,14,0,14,0,0,0,14
06/23/2022,PMD,CA,AWP,WE,Federal Contract Tower,0,0,12,10,22,0,0,17,2,19,0,0,29,12,41,0,48,48,89
06/24/2022,PMD,CA,AWP,WE,Federal Contract Tower,0,0,5,22,27,0,0,0,2,2,0,0,5,24,29,0,78,78,107
06/25/2022,PMD,CA,AWP,WE,Federal Contract Tower,0,0,0,0,0,0,0,0,0,0,0,0,0,0,0,0,0,0,0
06/26/2022,PMD,CA,AWP,WE,Federal Contract Tower,0,0,2,0,2,0,0,0,0,0,0,0,2,0,2,0,0,0,2
06/27/2022,PMD,CA,AWP,WE,Federal Contract Tower,0,0,9,18,27,0,0,5,0,5,0,0,14,18,32,11,18,29,61
06/28/2022,PMD,CA,AWP,WE,Federal Contract Tower,0,0,19,37,56,0,0,6,1,7,0,0,25,38,63,4,96,100,163
06/29/2022,PMD,CA,AWP,WE,Federal Contract Tower,0,0,13,28,41,0,0,6,2,8,0,0,19,30,49,2,12,14,63
06/30/2022,PMD,CA,AWP,WE,Federal Contract Tower,0,0,8,2,10,0,0,11,0,11,0,0,19,2,21,2,8,10,31
07/01/2022,PMD,CA,AWP,WE,Federal Contract Tower,0,0,1,0,1,0,0,1,0,1,0,0,2,0,2,2,0,2,4
07/02/2022,PMD,CA,AWP,WE,Federal Contract Tower,0,0,0,0,0,0,0,0,0,0,0,0,0,0,0,0,0,0,0
07/03/2022,PMD,CA,AWP,WE,Federal Contract Tower,0,0,0,0,0,0,0,2,0,2,0,0,2,0,2,0,0,0,2
07/04/2022,PMD,CA,AWP,WE,Federal Contract Tower,0,0,0,0,0,0,0,0,0,0,0,0,0,0,0,0,0,0,0
07/05/2022,PMD,CA,AWP,WE,Federal Contract Tower,0,0,8,4,12,0,0,7,0,7,0,0,15,4,19,0,8,8,27
07/06/2022,PMD,CA,AWP,WE,Federal Contract Tower,0,0,18,19,37,0,0,11,0,11,0,0,29,19,48,0,24,24,72
07/07/2022,PMD,CA,AWP,WE,Federal Contract Tower,0,0,9,8,17,0,0,7,2,9,0,0,16,10,26,0,20,20,46
07/08/2022,PMD,CA,AWP,WE,Federal Contract Tower,0,0,0,4,4,0,0,1,0,1,0,0,1,4,5,2,4,6,11
07/09/2022,PMD,CA,AWP,WE,Federal Contract Tower,0,0,0,2,2,0,0,0,0,0,0,0,0,2,2,0,2,2,4
07/10/2022,PMD,CA,AWP,WE,Federal Contract Tower,0,0,0,4,4,0,0,0,0,0,0,0,0,4,4,0,4,4,8
07/11/2022,PMD,CA,AWP,WE,Federal Contract Tower,0,0,7,20,27,0,0,8,0,8,0,0,15,20,35,7,10,17,52
07/12/2022,PMD,CA,AWP,WE,Federal Contract Tower,0,0,14,42,56,0,0,9,3,12,0,0,23,45,68,0,94,94,162
07/13/2022,PMD,CA,AWP,WE,Federal Contract Tower,0,0,12,32,44,0,0,10,2,12,0,0,22,34,56,2,40,42,98
07/14/2022,PMD,CA,AWP,WE,Federal Contract Tower,0,0,19,14,33,0,0,12,7,19,0,0,31,21,52,0,58,58,110
07/15/2022,PMD,CA,AWP,WE,Federal Contract Tower,0,0,11,12,23,0,0,3,0,3,0,0,14,12,26,0,0,0,26
07/16/2022,PMD,CA,AWP,WE,Federal Contract Tower,0,0,0,0,0,0,0,0,0,0,0,0,0,0,0,0,0,0,0
07/17/2022,PMD,CA,AWP,WE,Federal Contract Tower,0,0,4,0,4,0,0,0,0,0,0,0,4,0,4,0,0,0,4
07/18/2022,PMD,CA,AWP,WE,Federal Contract Tower,0,0,16,14,30,0,0,5,0,5,0,0,21,14,35,8,16,24,59
07/19/2022,PMD,CA,AWP,WE,Federal Contract Tower,0,0,5,15,20,0,0,8,0,8,0,0,13,15,28,0,44,44,72
07/20/2022,PMD,CA,AWP,WE,Federal Contract Tower,0,0,10,8,18,0,0,6,0,6,0,0,16,8,24,4,18,22,46
07/21/2022,PMD,CA,AWP,WE,Federal Contract Tower,0,0,6,16,22,0,0,8,6,14,0,0,14,22,36,2,72,74,110
07/22/2022,PMD,CA,AWP,WE,Federal Contract Tower,0,0,1,6,7,0,0,1,0,1,0,0,2,6,8,0,38,38,46
07/23/2022,PMD,CA,AWP,WE,Federal Contract Tower,0,0,0,0,0,0,0,0,0,0,0,0,0,0,0,0,0,0,0
07/24/2022,PMD,CA,AWP,WE,Federal Contract Tower,0,0,0,0,0,0,0,0,0,0,0,0,0,0,0,0,0,0,0
07/25/2022,PMD,CA,AWP,WE,Federal Contract Tower,0,0,12,8,20,0,0,4,0,4,0,0,16,8,24,0,18,18,42
07/26/2022,PMD,CA,AWP,WE,Federal Contract Tower,0,0,10,30,40,0,0,6,5,11,0,0,16,35,51,4,150,154,205
07/27/2022,PMD,CA,AWP,WE,Federal Contract Tower,0,0,6,11,17,0,0,2,0,2,0,0,8,11,19,7,106,113,132
07/28/2022,PMD,CA,AWP,WE,Federal Contract Tower,0,0,13,12,25,0,0,5,2,7,0,0,18,14,32,6,91,97,129
07/29/2022,PMD,CA,AWP,WE,Federal Contract Tower,0,0,10,6,16,0,0,4,0,4,0,0,14,6,20,0,14,14,34
07/30/2022,PMD,CA,AWP,WE,Federal Contract Tower,0,0,4,0,4,0,0,0,0,0,0,0,4,0,4,0,0,0,4
07/31/2022,PMD,CA,AWP,WE,Federal Contract Tower,0,0,0,0,0,0,0,0,0,0,0,0,0,0,0,0,0,0,0
08/01/2022,PMD,CA,AWP,WE,Federal Contract Tower,0,0,15,27,42,0,0,4,0,4,0,0,19,27,46,0,34,34,80
08/02/2022,PMD,CA,AWP,WE,Federal Contract Tower,0,0,23,12,35,0,0,5,5,10,0,0,28,17,45,14,100,114,159
08/03/2022,PMD,CA,AWP,WE,Federal Contract Tower,0,0,19,9,28,0,0,10,0,10,0,0,29,9,38,0,19,19,57
08/04/2022,PMD,CA,AWP,WE,Federal Contract Tower,0,0,22,41,63,0,0,4,3,7,0,0,26,44,70,6,80,86,156
08/05/2022,PMD,CA,AWP,WE,Federal Contract Tower,0,0,4,44,48,0,0,0,1,1,0,0,4,45,49,0,40,40,89
08/06/2022,PMD,CA,AWP,WE,Federal Contract Tower,0,0,2,5,7,0,0,0,1,1,0,0,2,6,8,0,0,0,8
08/07/2022,PMD,CA,AWP,WE,Federal Contract Tower,0,0,0,0,0,0,0,0,0,0,0,0,0,0,0,0,0,0,0
08/08/2022,PMD,CA,AWP,WE,Federal Contract Tower,0,0,6,18,24,0,0,5,4,9,0,0,11,22,33,0,26,26,59
08/09/2022,PMD,CA,AWP,WE,Federal Contract Tower,0,0,17,25,42,0,0,5,1,6,0,0,22,26,48,4,41,45,93
08/10/2022,PMD,CA,AWP,WE,Federal Contract Tower,0,0,12,30,42,0,0,6,3,9,0,0,18,33,51,2,34,36,87
08/11/2022,PMD,CA,AWP,WE,Federal Contract Tower,0,0,16,28,44,0,0,10,2,12,0,0,26,30,56,2,44,46,102
08/12/2022,PMD,CA,AWP,WE,Federal Contract Tower,0,0,13,9,22,0,0,7,6,13,0,0,20,15,35,0,40,40,75
08/13/2022,PMD,CA,AWP,WE,Federal Contract Tower,0,0,4,0,4,0,0,0,0,0,0,0,4,0,4,0,0,0,4
08/14/2022,PMD,CA,AWP,WE,Federal Contract Tower,0,0,0,22,22,0,0,0,0,0,0,0,0,22,22,0,14,14,36
08/15/2022,PMD,CA,AWP,WE,Federal Contract Tower,0,0,10,14,24,0,0,5,3,8,0,0,15,17,32,4,42,46,78
08/16/2022,PMD,CA,AWP,WE,Federal Contract Tower,0,0,21,11,32,0,0,8,1,9,0,0,29,12,41,10,36,46,87
08/17/2022,PMD,CA,AWP,WE,Federal Contract Tower,0,0,11,16,27,0,0,6,0,6,0,0,17,16,33,0,28,28,61
08/18/2022,PMD,CA,AWP,WE,Federal Contract Tower,0,0,11,20,31,0,0,5,2,7,0,0,16,22,38,0,28,28,66
08/19/2022,PMD,CA,AWP,WE,Federal Contract Tower,0,0,1,4,5,0,0,1,2,3,0,0,2,6,8,0,20,20,28
08/20/2022,PMD,CA,AWP,WE,Federal Contract Tower,0,0,0,0,0,0,0,0,0,0,0,0,0,0,0,0,0,0,0
08/21/2022,PMD,CA,AWP,WE,Federal Contract Tower,0,0,0,1,1,0,0,0,1,1,0,0,0,2,2,0,0,0,2
08/22/2022,PMD,CA,AWP,WE,Federal Contract Tower,0,0,8,34,42,0,0,5,4,9,0,0,13,38,51,0,78,78,129
08/23/2022,PMD,CA,AWP,WE,Federal Contract Tower,0,0,9,16,25,0,0,7,0,7,0,0,16,16,32,0,33,33,65
08/24/2022,PMD,CA,AWP,WE,Federal Contract Tower,0,0,15,18,33,0,0,7,0,7,0,0,22,18,40,0,32,32,72
08/25/2022,PMD,CA,AWP,WE,Federal Contract Tower,0,0,27,28,55,0,0,9,2,11,0,0,36,30,66,49,90,139,205
08/26/2022,PMD,CA,AWP,WE,Federal Contract Tower,0,0,11,17,28,0,0,6,5,11,0,0,17,22,39,13,82,95,134
08/27/2022,PMD,CA,AWP,WE,Federal Contract Tower,0,0,0,0,0,0,0,4,0,4,0,0,4,0,4,0,0,0,4
08/28/2022,PMD,CA,AWP,WE,Federal Contract Tower,0,0,0,1,1,0,0,2,1,3,0,0,2,2,4,0,0,0,4
08/29/2022,PMD,CA,AWP,WE,Federal Contract Tower,0,0,11,18,29,0,0,5,0,5,0,0,16,18,34,16,14,30,64
08/30/2022,PMD,CA,AWP,WE,Federal Contract Tower,0,0,13,32,45,0,0,6,2,8,0,0,19,34,53,0,99,99,152
08/31/2022,PMD,CA,AWP,WE,Federal Contract Tower,0,0,13,16,29,0,0,12,3,15,0,0,25,19,44,0,65,65,109
09/01/2022,PMD,CA,AWP,WE,Federal Contract Tower,0,0,13,42,55,0,0,5,10,15,0,0,18,52,70,0,66,66,136
09/02/2022,PMD,CA,AWP,WE,Federal Contract Tower,0,0,3,0,3,0,0,0,0,0,0,0,3,0,3,0,0,0,3
09/03/2022,PMD,CA,AWP,WE,Federal Contract Tower,0,0,0,0,0,0,0,0,0,0,0,0,0,0,0,0,0,0,0
09/04/2022,PMD,CA,AWP,WE,Federal Contract Tower,0,0,0,0,0,0,0,0,0,0,0,0,0,0,0,0,0,0,0
09/05/2022,PMD,CA,AWP,WE,Federal Contract Tower,0,0,1,0,1,0,0,1,0,1,0,0,2,0,2,0,0,0,2
09/06/2022,PMD,CA,AWP,WE,Federal Contract Tower,0,0,13,16,29,0,0,4,0,4,0,0,17,16,33,0,50,50,83
09/07/2022,PMD,CA,AWP,WE,Federal Contract Tower,0,0,9,6,15,0,0,21,1,22,0,0,30,7,37,0,30,30,67
09/08/2022,PMD,CA,AWP,WE,Federal Contract Tower,0,0,15,8,23,0,0,13,1,14,0,0,28,9,37,4,58,62,99
09/09/2022,PMD,CA,AWP,WE,Federal Contract Tower,0,0,11,0,11,0,0,2,1,3,0,0,13,1,14,0,13,13,27
09/10/2022,PMD,CA,AWP,WE,Federal Contract Tower,0,0,0,0,0,0,0,0,0,0,0,0,0,0,0,0,0,0,0
09/11/2022,PMD,CA,AWP,WE,Federal Contract Tower,0,0,1,2,3,0,0,0,0,0,0,0,1,2,3,0,0,0,3
09/12/2022,PMD,CA,AWP,WE,Federal Contract Tower,0,0,18,7,25,0,0,8,1,9,0,0,26,8,34,28,0,28,62
09/13/2022,PMD,CA,AWP,WE,Federal Contract Tower,0,0,17,16,33,0,0,5,0,5,0,0,22,16,38,26,26,52,90
09/14/2022,PMD,CA,AWP,WE,Federal Contract Tower,0,0,12,18,30,0,0,15,1,16,0,0,27,19,46,2,42,44,90
09/17/2022,PMD,CA,AWP,WE,Federal Contract Tower,0,0,3,0,3,0,0,0,0,0,0,0,3,0,3,0,0,0,3
09/18/2022,PMD,CA,AWP,WE,Federal Contract Tower,0,0,0,0,0,0,0,0,0,0,0,0,0,0,0,0,0,0,0
09/19/2022,PMD,CA,AWP,WE,Federal Contract Tower,0,0,14,9,23,0,0,10,0,10,0,0,24,9,33,0,22,22,55
09/20/2022,PMD,CA,AWP,WE,Federal Contract Tower,0,0,13,21,34,0,0,7,6,13,0,0,20,27,47,0,74,74,121
09/23/2022,PMD,CA,AWP,WE,Federal Contract Tower,0,0,14,4,18,0,0,5,0,5,0,0,19,4,23,2,2,4,27
09/24/2022,PMD,CA,AWP,WE,Federal Contract Tower,0,0,0,0,0,0,0,0,0,0,0,0,0,0,0,0,0,0,0
09/25/2022,PMD,CA,AWP,WE,Federal Contract Tower,0,0,0,0,0,0,0,2,8,10,0,0,2,8,10,0,0,0,10
09/26/2022,PMD,CA,AWP,WE,Federal Contract Tower,0,0,12,8,20,0,0,5,0,5,0,0,17,8,25,0,0,0,25
09/27/2022,PMD,CA,AWP,WE,Federal Contract Tower,0,0,19,27,46,0,0,8,4,12,0,0,27,31,58,2,76,78,136
09/28/2022,PMD,CA,AWP,WE,Federal Contract Tower,0,0,15,23,38,0,0,5,0,5,0,0,20,23,43,2,10,12,55
09/29/2022,PMD,CA,AWP,WE,Federal Contract Tower,0,0,22,28,50,0,0,6,0,6,0,0,28,28,56,0,24,24,80
09/30/2022,PMD,CA,AWP,WE,Federal Contract Tower,0,0,5,6,11,0,0,0,1,1,0,0,5,7,12,0,1,1,13
10/02/2022,PMD,CA,AWP,WE,Federal Contract Tower,0,0,0,2,2,0,0,0,0,0,0,0,0,2,2,0,6,6,8
10/03/2022,PMD,CA,AWP,WE,Federal Contract Tower,0,0,14,10,24,0,0,4,0,4,0,0,18,10,28,6,12,18,46
10/04/2022,PMD,CA,AWP,WE,Federal Contract Tower,0,0,13,17,30,0,0,14,0,14,0,0,27,17,44,0,16,16,60
10/05/2022,PMD,CA,AWP,WE,Federal Contract Tower,0,0,8,34,42,0,0,1,1,2,0,0,9,35,44,2,38,40,84
10/06/2022,PMD,CA,AWP,WE,Federal Contract Tower,0,0,7,32,39,0,0,1,3,4,0,0,8,35,43,0,58,58,101
10/08/2022,PMD,CA,AWP,WE,Federal Contract Tower,0,0,0,0,0,0,0,0,0,0,0,0,0,0,0,0,0,0,0
10/09/2022,PMD,CA,AWP,WE,Federal Contract Tower,0,0,0,0,0,0,0,0,0,0,0,0,0,0,0,0,0,0,0
10/10/2022,PMD,CA,AWP,WE,Federal Contract Tower,0,0,11,0,11,0,0,3,0,3,0,0,14,0,14,0,0,0,14
10/11/2022,PMD,CA,AWP,WE,Federal Contract Tower,0,0,9,22,31,0,0,3,4,7,0,0,12,26,38,0,42,42,80
10/12/2022,PMD,CA,AWP,WE,Federal Contract Tower,0,0,13,1,14,0,0,15,3,18,0,0,28,4,32,6,19,25,57
10/13/2022,PMD,CA,AWP,WE,Federal Contract Tower,0,0,7,38,45,0,0,3,2,5,0,0,10,40,50,0,46,46,96
10/14/2022,PMD,CA,AWP,WE,Federal Contract Tower,0,0,2,4,6,0,0,4,1,5,0,0,6,5,11,6,5,11,22
10/15/2022,PMD,CA,AWP,WE,Federal Contract Tower,0,0,0,0,0,0,0,2,3,5,0,0,2,3,5,6,0,6,11
10/16/2022,PMD,CA,AWP,WE,Federal Contract Tower,0,0,1,3,4,0,0,2,0,2,0,0,3,3,6,12,0,12,18
10/17/2022,PMD,CA,AWP,WE,Federal Contract Tower,0,0,14,0,14,0,0,2,0,2,0,0,16,0,16,0,0,0,16
10/18/2022,PMD,CA,AWP,WE,Federal Contract Tower,0,0,9,17,26,0,0,5,1,6,0,0,14,18,32,0,53,53,85
10/19/2022,PMD,CA,AWP,WE,Federal Contract Tower,0,0,20,20,40,0,0,6,0,6,0,0,26,20,46,28,14,42,88
10/20/2022,PMD,CA,AWP,WE,Federal Contract Tower,0,0,18,26,44,0,0,7,9,16,0,0,25,35,60,4,118,122,182
10/21/2022,PMD,CA,AWP,WE,Federal Contract Tower,0,0,9,18,27,0,0,6,3,9,0,0,15,21,36,0,12,12,48
10/22/2022,PMD,CA,AWP,WE,Federal Contract Tower,0,0,0,0,0,0,0,0,0,0,0,0,0,0,0,0,0,0,0
10/23/2022,PMD,CA,AWP,WE,Federal Contract Tower,0,0,0,0,0,0,0,0,0,0,0,0,0,0,0,0,0,0,0
10/24/2022,PMD,CA,AWP,WE,Federal Contract Tower,0,0,5,6,11,0,0,9,0,9,0,0,14,6,20,8,14,22,42
10/25/2022,PMD,CA,AWP,WE,Federal Contract Tower,0,0,23,5,28,0,0,6,2,8,0,0,29,7,36,8,11,19,55
10/26/2022,PMD,CA,AWP,WE,Federal Contract Tower,0,0,17,25,42,0,0,8,7,15,0,0,25,32,57,2,9,11,68
10/27/2022,PMD,CA,AWP,WE,Federal Contract Tower,0,0,37,13,50,0,0,6,1,7,0,0,43,14,57,2,6,8,65
10/28/2022,PMD,CA,AWP,WE,Federal Contract Tower,0,0,9,16,25,0,0,2,3,5,0,0,11,19,30,30,31,61,91
10/29/2022,PMD,CA,AWP,WE,Federal Contract Tower,0,0,0,0,0,0,0,0,0,0,0,0,0,0,0,0,0,0,0
10/30/2022,PMD,CA,AWP,WE,Federal Contract Tower,0,0,2,0,2,0,0,0,1,1,0,0,2,1,3,0,0,0,3
10/31/2022,PMD,CA,AWP,WE,Federal Contract Tower,0,0,16,6,22,0,0,5,0,5,0,0,21,6,27,2,6,8,35
11/01/2022,PMD,CA,AWP,WE,Federal Contract Tower,0,0,12,38,50,0,0,6,0,6,0,0,18,38,56,6,54,60,116
11/02/2022,PMD,CA,AWP,WE,Federal Contract Tower,0,0,12,4,16,0,0,10,3,13,0,0,22,7,29,0,3,3,32
11/03/2022,PMD,CA,AWP,WE,Federal Contract Tower,0,0,16,9,25,0,0,4,2,6,0,0,20,11,31,7,0,7,38
11/04/2022,PMD,CA,AWP,WE,Federal Contract Tower,0,0,3,2,5,0,0,1,3,4,0,0,4,5,9,0,17,17,26
11/05/2022,PMD,CA,AWP,WE,Federal Contract Tower,0,0,2,0,2,0,0,0,0,0,0,0,2,0,2,0,0,0,2
11/06/2022,PMD,CA,AWP,WE,Federal Contract Tower,0,0,0,6,6,0,0,2,0,2,0,0,2,6,8,0,0,0,8
11/07/2022,PMD,CA,AWP,WE,Federal Contract Tower,0,0,13,45,58,0,0,0,0,0,0,0,13,45,58,4,14,18,76
11/08/2022,PMD,CA,AWP,WE,Federal Contract Tower,0,0,11,0,11,0,0,0,0,0,0,0,11,0,11,0,0,0,11
11/09/2022,PMD,CA,AWP,WE,Federal Contract Tower,0,0,12,45,57,0,0,5,5,10,0,0,17,50,67,12,134,146,213
11/10/2022,PMD,CA,AWP,WE,Federal Contract Tower,0,0,11,1,12,0,0,6,1,7,0,0,17,2,19,0,0,0,19
11/11/2022,PMD,CA,AWP,WE,Federal Contract Tower,0,0,4,4,8,0,0,0,4,4,0,0,4,8,12,0,0,0,12
11/12/2022,PMD,CA,AWP,WE,Federal Contract Tower,0,0,0,0,0,0,0,0,0,0,0,0,0,0,0,0,0,0,0
11/13/2022,PMD,CA,AWP,WE,Federal Contract Tower,0,0,1,0,1,0,0,0,0,0,0,0,1,0,1,0,0,0,1
11/14/2022,PMD,CA,AWP,WE,Federal Contract Tower,0,0,22,18,40,0,0,9,2,11,0,0,31,20,51,0,38,38,89
11/15/2022,PMD,CA,AWP,WE,Federal Contract Tower,0,0,23,9,32,0,0,9,2,11,0,0,32,11,43,46,32,78,121
11/16/2022,PMD,CA,AWP,WE,Federal Contract Tower,0,0,18,6,24,0,0,6,0,6,0,0,24,6,30,18,12,30,60
11/17/2022,PMD,CA,AWP,WE,Federal Contract Tower,0,0,16,24,40,0,0,11,6,17,0,0,27,30,57,12,80,92,149
11/18/2022,PMD,CA,AWP,WE,Federal Contract Tower,0,0,9,6,15,0,0,5,1,6,0,0,14,7,21,0,3,3,24
11/19/2022,PMD,CA,AWP,WE,Federal Contract Tower,0,0,0,0,0,0,0,0,0,0,0,0,0,0,0,0,0,0,0
11/20/2022,PMD,CA,AWP,WE,Federal Contract Tower,0,0,0,0,0,0,0,0,4,4,0,0,0,4,4,0,22,22,26
11/21/2022,PMD,CA,AWP,WE,Federal Contract Tower,0,0,8,14,22,0,0,15,0,15,0,0,23,14,37,0,58,58,95
11/22/2022,PMD,CA,AWP,WE,Federal Contract Tower,0,0,19,8,27,0,0,10,0,10,0,0,29,8,37,28,0,28,65
11/23/2022,PMD,CA,AWP,WE,Federal Contract Tower,0,0,4,8,12,0,0,2,0,2,0,0,6,8,14,0,0,0,14
11/24/2022,PMD,CA,AWP,WE,Federal Contract Tower,0,0,0,0,0,0,0,0,0,0,0,0,0,0,0,0,0,0,0
11/25/2022,PMD,CA,AWP,WE,Federal Contract Tower,0,0,0,0,0,0,0,0,0,0,0,0,0,0,0,0,0,0,0
11/26/2022,PMD,CA,AWP,WE,Federal Contract Tower,0,0,0,0,0,0,0,0,0,0,0,0,0,0,0,0,0,0,0
11/27/2022,PMD,CA,AWP,WE,Federal Contract Tower,0,0,0,0,0,0,0,0,0,0,0,0,0,0,0,0,0,0,0
11/28/2022,PMD,CA,AWP,WE,Federal Contract Tower,0,0,9,15,24,0,0,8,2,10,0,0,17,17,34,0,38,38,72
11/29/2022,PMD,CA,AWP,WE,Federal Contract Tower,0,0,10,0,10,0,0,12,0,12,0,0,22,0,22,0,8,8,30
11/30/2022,PMD,CA,AWP,WE,Federal Contract Tower,0,0,15,28,43,0,0,6,0,6,0,0,21,28,49,37,62,99,148
12/01/2022,PMD,CA,AWP,WE,Federal Contract Tower,0,0,18,16,34,0,0,5,0,5,0,0,23,16,39,14,12,26,65
12/02/2022,PMD,CA,AWP,WE,Federal Contract Tower,0,0,39,13,52,0,0,0,0,0,0,0,39,13,52,26,3,29,81
12/03/2022,PMD,CA,AWP,WE,Federal Contract Tower,0,0,6,2,8,0,0,1,1,2,0,0,7,3,10,2,0,2,12
12/04/2022,PMD,CA,AWP,WE,Federal Contract Tower,0,0,0,4,4,0,0,4,0,4,0,0,4,4,8,0,0,0,8
12/05/2022,PMD,CA,AWP,WE,Federal Contract Tower,0,0,12,4,16,0,0,12,0,12,0,0,24,4,28,36,12,48,76
12/06/2022,PMD,CA,AWP,WE,Federal Contract Tower,0,0,12,26,38,0,0,8,0,8,0,0,20,26,46,4,38,42,88
12/07/2022,PMD,CA,AWP,WE,Federal Contract Tower,0,0,26,10,36,0,0,5,0,5,0,0,31,10,41,4,4,8,49
12/08/2022,PMD,CA,AWP,WE,Federal Contract Tower,0,0,11,21,32,0,0,7,2,9,0,0,18,23,41,4,26,30,71
12/09/2022,PMD,CA,AWP,WE,Federal Contract Tower,0,0,12,8,20,0,0,1,0,1,0,0,13,8,21,0,6,6,27
12/10/2022,PMD,CA,AWP,WE,Federal Contract Tower,0,0,0,2,2,0,0,0,0,0,0,0,0,2,2,0,10,10,12
12/11/2022,PMD,CA,AWP,WE,Federal Contract Tower,0,0,0,0,0,0,0,1,0,1,0,0,1,0,1,0,0,0,1
12/12/2022,PMD,CA,AWP,WE,Federal Contract Tower,0,0,11,50,61,0,0,4,0,4,0,0,15,50,65,0,34,34,99
12/13/2022,PMD,CA,AWP,WE,Federal Contract Tower,0,0,14,18,32,0,0,8,0,8,0,0,22,18,40,4,23,27,67
12/14/2022,PMD,CA,AWP,WE,Federal Contract Tower,0,0,7,23,30,0,0,12,3,15,0,0,19,26,45,12,20,32,77
12/15/2022,PMD,CA,AWP,WE,Federal Contract Tower,0,0,17,23,40,0,0,7,1,8,0,0,24,24,48,0,8,8,56
12/16/2022,PMD,CA,AWP,WE,Federal Contract Tower,0,0,13,13,26,0,0,4,2,6,0,0,17,15,32,0,12,12,44
12/17/2022,PMD,CA,AWP,WE,Federal Contract Tower,0,0,1,0,1,0,0,0,0,0,0,0,1,0,1,0,0,0,1
12/18/2022,PMD,CA,AWP,WE,Federal Contract Tower,0,0,0,0,0,0,0,0,0,0,0,0,0,0,0,0,0,0,0
12/19/2022,PMD,CA,AWP,WE,Federal Contract Tower,0,0,8,6,14,0,0,9,0,9,0,0,17,6,23,18,26,44,67
12/20/2022,PMD,CA,AWP,WE,Federal Contract Tower,0,0,23,37,60,0,0,5,1,6,0,0,28,38,66,70,24,94,160
12/21/2022,PMD,CA,AWP,WE,Federal Contract Tower,0,0,10,10,20,0,0,6,0,6,0,0,16,10,26,0,22,22,48
12/22/2022,PMD,CA,AWP,WE,Federal Contract Tower,0,0,2,3,5,0,0,3,0,3,0,0,5,3,8,0,0,0,8
12/23/2022,PMD,CA,AWP,WE,Federal Contract Tower,0,0,2,0,2,0,0,0,0,0,0,0,2,0,2,0,0,0,2
12/24/2022,PMD,CA,AWP,WE,Federal Contract Tower,0,0,0,0,0,0,0,0,0,0,0,0,0,0,0,0,0,0,0
12/25/2022,PMD,CA,AWP,WE,Federal Contract Tower,0,0,0,0,0,0,0,0,0,0,0,0,0,0,0,0,0,0,0
12/26/2022,PMD,CA,AWP,WE,Federal Contract Tower,0,0,0,0,0,0,0,0,0,0,0,0,0,0,0,0,0,0,0
12/27/2022,PMD,CA,AWP,WE,Federal Contract Tower,0,0,0,12,12,0,0,0,1,1,0,0,0,13,13,0,0,0,13
12/29/2022,PMD,CA,AWP,WE,Federal Contract Tower,0,0,2,0,2,0,0,0,0,0,0,0,2,0,2,0,42,42,44
12/30/2022,PMD,CA,AWP,WE,Federal Contract Tower,0,0,0,0,0,0,0,0,0,0,0,0,0,0,0,0,0,0,0
12/31/2022,PMD,CA,AWP,WE,Federal Contract Tower,0,0,0,0,0,0,0,0,0,0,0,0,0,0,0,0,0,0,0
01/01/2023,PMD,CA,AWP,WE,Federal Contract Tower,0,0,0,0,0,0,0,0,0,0,0,0,0,0,0,0,0,0,0
01/02/2023,PMD,CA,AWP,WE,Federal Contract Tower,0,0,0,0,0,0,0,0,0,0,0,0,0,0,0,0,0,0,0
01/03/2023,PMD,CA,AWP,WE,Federal Contract Tower,0,0,2,8,10,0,0,0,0,0,0,0,2,8,10,0,0,0,10
01/04/2023,PMD,CA,AWP,WE,Federal Contract Tower,0,0,16,32,48,0,0,1,0,1,0,0,17,32,49,0,14,14,63
01/05/2023,PMD,CA,AWP,WE,Federal Contract Tower,0,0,7,26,33,0,0,0,2,2,0,0,7,28,35,0,30,30,65
01/06/2023,PMD,CA,AWP,WE,Federal Contract Tower,0,0,2,21,23,0,0,0,4,4,0,0,2,25,27,0,76,76,103
01/07/2023,PMD,CA,AWP,WE,Federal Contract Tower,0,0,4,12,16,0,0,0,0,0,0,0,4,12,16,0,0,0,16
01/08/2023,PMD,CA,AWP,WE,Federal Contract Tower,0,0,4,0,4,0,0,0,0,0,0,0,4,0,4,0,0,0,4
01/09/2023,PMD,CA,AWP,WE,Federal Contract Tower,0,0,12,8,20,0,0,0,1,1,0,0,12,9,21,0,18,18,39
01/10/2023,PMD,CA,AWP,WE,Federal Contract Tower,0,0,17,18,35,0,0,0,0,0,0,0,17,18,35,0,2,2,37
01/11/2023,PMD,CA,AWP,WE,Federal Contract Tower,0,0,19,45,64,0,0,5,2,7,0,0,24,47,71,21,109,130,201
01/12/2023,PMD,CA,AWP,WE,Federal Contract Tower,0,0,15,28,43,0,0,7,1,8,0,0,22,29,51,12,48,60,111
01/13/2023,PMD,CA,AWP,WE,Federal Contract Tower,0,0,7,5,12,0,0,5,1,6,0,0,12,6,18,0,0,0,18
01/14/2023,PMD,CA,AWP,WE,Federal Contract Tower,0,0,0,0,0,0,0,0,0,0,0,0,0,0,0,0,0,0,0
01/15/2023,PMD,CA,AWP,WE,Federal Contract Tower,0,0,0,0,0,0,0,0,0,0,0,0,0,0,0,0,0,0,0
01/16/2023,PMD,CA,AWP,WE,Federal Contract Tower,0,0,0,0,0,0,0,0,0,0,0,0,0,0,0,0,0,0,0
01/17/2023,PMD,CA,AWP,WE,Federal Contract Tower,0,0,16,20,36,0,0,14,0,14,0,0,30,20,50,0,34,34,84
01/18/2023,PMD,CA,AWP,WE,Federal Contract Tower,0,0,60,14,74,0,0,6,0,6,0,0,66,14,80,14,18,32,112
01/19/2023,PMD,CA,AWP,WE,Federal Contract Tower,0,0,43,16,59,0,0,5,1,6,0,0,48,17,65,10,60,70,135
01/20/2023,PMD,CA,AWP,WE,Federal Contract Tower,0,0,18,12,30,0,0,0,1,1,0,0,18,13,31,20,28,48,79
01/21/2023,PMD,CA,AWP,WE,Federal Contract Tower,0,0,0,0,0,0,0,0,0,0,0,0,0,0,0,0,0,0,0
01/22/2023,PMD,CA,AWP,WE,Federal Contract Tower,0,0,0,0,0,0,0,0,0,0,0,0,0,0,0,0,0,0,0
01/23/2023,PMD,CA,AWP,WE,Federal Contract Tower,0,0,20,2,22,0,0,4,1,5,0,0,24,3,27,6,10,16,43
01/24/2023,PMD,CA,AWP,WE,Federal Contract Tower,0,0,17,24,41,0,0,8,0,8,0,0,25,24,49,16,94,110,159
01/25/2023,PMD,CA,AWP,WE,Federal Contract Tower,0,0,15,14,29,0,0,8,1,9,0,0,23,15,38,6,32,38,76
01/26/2023,PMD,CA,AWP,WE,Federal Contract Tower,0,0,14,28,42,0,0,7,2,9,0,0,21,30,51,0,49,49,100
01/27/2023,PMD,CA,AWP,WE,Federal Contract Tower,0,0,6,4,10,0,0,3,6,9,0,0,9,10,19,0,83,83,102
01/28/2023,PMD,CA,AWP,WE,Federal Contract Tower,0,0,2,0,2,0,0,0,0,0,0,0,2,0,2,0,0,0,2
01/29/2023,PMD,CA,AWP,WE,Federal Contract Tower,0,0,0,0,0,0,0,0,0,0,0,0,0,0,0,0,0,0,0
01/30/2023,PMD,CA,AWP,WE,Federal Contract Tower,0,0,15,20,35,0,0,5,2,7,0,0,20,22,42,0,54,54,96
01/31/2023,PMD,CA,AWP,WE,Federal Contract Tower,0,0,15,2,17,0,0,7,2,9,0,0,22,4,26,0,38,38,64
02/01/2023,PMD,CA,AWP,WE,Federal Contract Tower,0,0,15,14,29,0,0,9,1,10,0,0,24,15,39,8,48,56,95
02/02/2023,PMD,CA,AWP,WE,Federal Contract Tower,0,0,17,10,27,0,0,7,5,12,0,0,24,15,39,4,84,88,127
02/03/2023,PMD,CA,AWP,WE,Federal Contract Tower,0,0,4,2,6,0,0,0,6,6,0,0,4,8,12,0,0,0,12
02/04/2023,PMD,CA,AWP,WE,Federal Contract Tower,0,0,2,4,6,0,0,0,2,2,0,0,2,6,8,0,4,4,12
02/05/2023,PMD,CA,AWP,WE,Federal Contract Tower,0,0,0,0,0,0,0,0,0,0,0,0,0,0,0,0,0,0,0
02/07/2023,PMD,CA,AWP,WE,Federal Contract Tower,0,0,13,0,13,0,0,5,0,5,0,0,18,0,18,8,0,8,26
02/08/2023,PMD,CA,AWP,WE,Federal Contract Tower,0,0,18,2,20,0,0,8,1,9,0,0,26,3,29,6,4,10,39
02/09/2023,PMD,CA,AWP,WE,Federal Contract Tower,0,0,18,16,34,0,0,6,10,16,0,0,24,26,50,0,70,70,120
02/10/2023,PMD,CA,AWP,WE,Federal Contract Tower,0,0,16,4,20,0,0,1,2,3,0,0,17,6,23,0,31,31,54
02/11/2023,PMD,CA,AWP,WE,Federal Contract Tower,0,0,7,0,7,0,0,0,0,0,0,0,7,0,7,0,0,0,7
02/12/2023,PMD,CA,AWP,WE,Federal Contract Tower,0,0,0,0,0,0,0,0,0,0,0,0,0,0,0,0,0,0,0
02/13/2023,PMD,CA,AWP,WE,Federal Contract Tower,0,0,14,10,24,0,0,2,0,2,0,0,16,10,26,0,42,42,68
02/14/2023,PMD,CA,AWP,WE,Federal Contract Tower,0,0,4,4,8,0,0,2,4,6,0,0,6,8,14,0,38,38,52
02/15/2023,PMD,CA,AWP,WE,Federal Contract Tower,0,0,8,14,22,0,0,4,4,8,0,0,12,18,30,6,64,70,100
02/16/2023,PMD,CA,AWP,WE,Federal Contract Tower,0,0,15,12,27,0,0,12,0,12,0,0,27,12,39,2,36,38,77
02/17/2023,PMD,CA,AWP,WE,Federal Contract Tower,0,0,11,0,11,0,0,7,0,7,0,0,18,0,18,8,0,8,26
02/18/2023,PMD,CA,AWP,WE,Federal Contract Tower,0,0,4,0,4,0,0,0,0,0,0,0,4,0,4,0,0,0,4
02/19/2023,PMD,CA,AWP,WE,Federal Contract Tower,0,0,1,0,1,0,0,0,0,0,0,0,1,0,1,0,0,0,1
02/20/2023,PMD,CA,AWP,WE,Federal Contract Tower,0,0,7,0,7,0,0,6,0,6,0,0,13,0,13,0,0,0,13
02/21/2023,PMD,CA,AWP,WE,Federal Contract Tower,0,0,13,6,19,0,0,8,1,9,0,0,21,7,28,18,36,54,82
02/22/2023,PMD,CA,AWP,WE,Federal Contract Tower,0,0,16,18,34,0,0,3,0,3,0,0,19,18,37,2,14,16,53
02/23/2023,PMD,CA,AWP,WE,Federal Contract Tower,0,0,25,8,33,0,0,1,0,1,0,0,26,8,34,4,8,12,46
02/24/2023,PMD,CA,AWP,WE,Federal Contract Tower,0,0,1,4,5,0,0,0,0,0,0,0,1,4,5,0,0,0,5
02/25/2023,PMD,CA,AWP,WE,Federal Contract Tower,0,0,0,0,0,0,0,0,0,0,0,0,0,0,0,0,0,0,0
02/26/2023,PMD,CA,AWP,WE,Federal Contract Tower,0,0,0,0,0,0,0,0,0,0,0,0,0,0,0,0,0,0,0
02/27/2023,PMD,CA,AWP,WE,Federal Contract Tower,0,0,13,10,23,0,0,5,0,5,0,0,18,10,28,0,22,22,50
02/28/2023,PMD,CA,AWP,WE,Federal Contract Tower,0,0,13,10,23,0,2,0,2,4,0,2,13,12,27,0,8,8,35
03/01/2023,PMD,CA,AWP,WE,Federal Contract Tower,0,0,12,0,12,0,0,0,0,0,0,0,12,0,12,0,0,0,12
03/02/2023,PMD,CA,AWP,WE,Federal Contract Tower,0,0,21,17,38,0,0,14,3,17,0,0,35,20,55,0,23,23,78
03/03/2023,PMD,CA,AWP,WE,Federal Contract Tower,0,0,2,4,6,0,0,2,3,5,0,0,4,7,11,0,17,17,28
03/04/2023,PMD,CA,AWP,WE,Federal Contract Tower,0,0,0,2,2,0,0,0,0,0,0,0,0,2,2,0,8,8,10
03/05/2023,PMD,CA,AWP,WE,Federal Contract Tower,0,0,0,0,0,0,0,0,0,0,0,0,0,0,0,0,0,0,0
03/06/2023,PMD,CA,AWP,WE,Federal Contract Tower,0,0,11,4,15,0,0,4,0,4,0,0,15,4,19,0,0,0,19
03/07/2023,PMD,CA,AWP,WE,Federal Contract Tower,0,0,9,24,33,0,0,7,4,11,0,0,16,28,44,0,26,26,70
03/08/2023,PMD,CA,AWP,WE,Federal Contract Tower,0,0,7,24,31,0,0,4,0,4,0,0,11,24,35,0,18,18,53
03/09/2023,PMD,CA,AWP,WE,Federal Contract Tower,0,0,10,23,33,0,0,6,2,8,0,0,16,25,41,4,35,39,80
03/10/2023,PMD,CA,AWP,WE,Federal Contract Tower,0,0,12,7,19,0,0,1,0,1,0,0,13,7,20,0,0,0,20
03/11/2023,PMD,CA,AWP,WE,Federal Contract Tower,0,0,0,0,0,0,0,0,0,0,0,0,0,0,0,0,0,0,0
03/12/2023,PMD,CA,AWP,WE,Federal Contract Tower,0,0,4,4,8,0,0,0,0,0,0,0,4,4,8,0,0,0,8
03/13/2023,PMD,CA,AWP,WE,Federal Contract Tower,0,0,5,19,24,0,1,4,0,5,0,1,9,19,29,14,20,34,63
03/14/2023,PMD,CA,AWP,WE,Federal Contract Tower,0,0,2,10,12,0,0,1,0,1,0,0,3,10,13,0,0,0,13
03/15/2023,PMD,CA,AWP,WE,Federal Contract Tower,0,0,16,8,24,0,0,3,0,3,0,0,19,8,27,0,48,48,75
03/16/2023,PMD,CA,AWP,WE,Federal Contract Tower,0,0,9,21,30,0,0,5,2,7,0,0,14,23,37,2,38,40,77
03/17/2023,PMD,CA,AWP,WE,Federal Contract Tower,0,0,0,14,14,0,0,0,0,0,0,0,0,14,14,0,2,2,16
03/18/2023,PMD,CA,AWP,WE,Federal Contract Tower,0,0,0,0,0,0,0,0,0,0,0,0,0,0,0,0,0,0,0
03/19/2023,PMD,CA,AWP,WE,Federal Contract Tower,0,0,0,0,0,0,0,0,0,0,0,0,0,0,0,0,0,0,0
03/20/2023,PMD,CA,AWP,WE,Federal Contract Tower,0,0,12,10,22,0,0,2,0,2,0,0,14,10,24,0,8,8,32
03/21/2023,PMD,CA,AWP,WE,Federal Contract Tower,0,0,8,0,8,0,0,0,0,0,0,0,8,0,8,0,0,0,8
03/22/2023,PMD,CA,AWP,WE,Federal Contract Tower,0,0,22,27,49,0,0,4,0,4,0,0,26,27,53,8,99,107,160
03/23/2023,PMD,CA,AWP,WE,Federal Contract Tower,0,0,20,37,57,0,0,12,1,13,0,0,32,38,70,20,43,63,133
03/24/2023,PMD,CA,AWP,WE,Federal Contract Tower,0,0,6,12,18,0,0,4,1,5,0,0,10,13,23,16,11,27,50
03/25/2023,PMD,CA,AWP,WE,Federal Contract Tower,0,0,0,0,0,0,0,0,0,0,0,0,0,0,0,0,0,0,0
03/26/2023,PMD,CA,AWP,WE,Federal Contract Tower,0,0,0,0,0,0,0,0,0,0,0,0,0,0,0,0,0,0,0
03/27/2023,PMD,CA,AWP,WE,Federal Contract Tower,0,0,10,7,17,0,0,6,2,8,0,0,16,9,25,0,34,34,59
03/28/2023,PMD,CA,AWP,WE,Federal Contract Tower,0,0,10,22,32,0,0,12,0,12,0,0,22,22,44,13,32,45,89
03/29/2023,PMD,CA,AWP,WE,Federal Contract Tower,0,0,7,6,13,0,0,0,0,0,0,0,7,6,13,6,4,10,23
03/30/2023,PMD,CA,AWP,WE,Federal Contract Tower,0,0,31,33,64,0,0,2,0,2,0,0,33,33,66,12,26,38,104
03/31/2023,PMD,CA,AWP,WE,Federal Contract Tower,0,0,12,24,36,0,0,1,5,6,0,0,13,29,42,0,23,23,65
04/01/2023,PMD,CA,AWP,WE,Federal Contract Tower,0,0,0,0,0,0,0,0,0,0,0,0,0,0,0,0,0,0,0
04/02/2023,PMD,CA,AWP,WE,Federal Contract Tower,0,0,12,4,16,0,0,0,0,0,0,0,12,4,16,0,0,0,16
04/03/2023,PMD,CA,AWP,WE,Federal Contract Tower,0,0,4,0,4,0,0,0,0,0,0,0,4,0,4,0,12,12,16
04/04/2023,PMD,CA,AWP,WE,Federal Contract Tower,0,0,16,15,31,0,0,17,1,18,0,0,33,16,49,6,85,91,140
04/05/2023,PMD,CA,AWP,WE,Federal Contract Tower,0,0,19,20,39,0,0,9,0,9,0,0,28,20,48,0,26,26,74
04/06/2023,PMD,CA,AWP,WE,Federal Contract Tower,0,0,9,26,35,0,2,8,1,11,0,2,17,27,46,0,47,47,93
04/07/2023,PMD,CA,AWP,WE,Federal Contract Tower,0,0,8,12,20,0,0,2,0,2,0,0,10,12,22,0,14,14,36
04/08/2023,PMD,CA,AWP,WE,Federal Contract Tower,0,0,2,4,6,0,0,0,0,0,0,0,2,4,6,0,6,6,12
04/09/2023,PMD,CA,AWP,WE,Federal Contract Tower,0,0,0,0,0,0,0,0,2,2,0,0,0,2,2,0,0,0,2
04/10/2023,PMD,CA,AWP,WE,Federal Contract Tower,0,0,5,6,11,0,0,2,0,2,0,0,7,6,13,2,0,2,15
04/11/2023,PMD,CA,AWP,WE,Federal Contract Tower,0,0,19,18,37,0,0,6,0,6,0,0,25,18,43,22,89,111,154
04/12/2023,PMD,CA,AWP,WE,Federal Contract Tower,0,0,14,14,28,0,0,4,1,5,0,0,18,15,33,0,22,22,55
04/13/2023,PMD,CA,AWP,WE,Federal Contract Tower,0,0,18,20,38,0,0,8,5,13,0,0,26,25,51,0,66,66,117
04/14/2023,PMD,CA,AWP,WE,Federal Contract Tower,0,0,5,10,15,0,0,1,6,7,0,0,6,16,22,11,26,37,59
04/15/2023,PMD,CA,AWP,WE,Federal Contract Tower,0,0,14,0,14,0,0,0,0,0,0,0,14,0,14,0,0,0,14
04/16/2023,PMD,CA,AWP,WE,Federal Contract Tower,0,0,0,0,0,0,0,0,0,0,0,0,0,0,0,0,0,0,0
04/17/2023,PMD,CA,AWP,WE,Federal Contract Tower,0,0,8,9,17,0,0,6,0,6,0,0,14,9,23,8,112,120,143
04/18/2023,PMD,CA,AWP,WE,Federal Contract Tower,0,0,14,18,32,0,0,8,0,8,0,0,22,18,40,0,46,46,86
04/19/2023,PMD,CA,AWP,WE,Federal Contract Tower,0,0,13,22,35,0,0,11,0,11,0,0,24,22,46,0,12,12,58
04/20/2023,PMD,CA,AWP,WE,Federal Contract Tower,0,0,14,16,30,0,0,16,3,19,0,0,30,19,49,2,39,41,90
04/21/2023,PMD,CA,AWP,WE,Federal Contract Tower,0,0,14,26,40,0,0,3,4,7,0,0,17,30,47,0,52,52,99
04/22/2023,PMD,CA,AWP,WE,Federal Contract Tower,0,0,4,0,4,0,0,0,0,0,0,0,4,0,4,0,0,0,4
04/23/2023,PMD,CA,AWP,WE,Federal Contract Tower,0,0,0,0,0,0,0,0,0,0,0,0,0,0,0,0,0,0,0
04/24/2023,PMD,CA,AWP,WE,Federal Contract Tower,0,0,10,4,14,0,0,6,0,6,0,0,16,4,20,0,10,10,30
04/25/2023,PMD,CA,AWP,WE,Federal Contract Tower,0,0,16,22,38,0,0,5,0,5,0,0,21,22,43,2,76,78,121
04/26/2023,PMD,CA,AWP,WE,Federal Contract Tower,0,0,6,28,34,0,0,7,0,7,0,0,13,28,41,0,43,43,84
04/27/2023,PMD,CA,AWP,WE,Federal Contract Tower,0,0,20,36,56,0,0,8,1,9,0,0,28,37,65,12,56,68,133
04/28/2023,PMD,CA,AWP,WE,Federal Contract Tower,0,0,8,4,12,0,0,2,0,2,0,0,10,4,14,0,0,0,14
04/29/2023,PMD,CA,AWP,WE,Federal Contract Tower,0,0,0,0,0,0,0,0,0,0,0,0,0,0,0,2,0,2,2
04/30/2023,PMD,CA,AWP,WE,Federal Contract Tower,0,0,0,0,0,0,0,0,0,0,0,0,0,0,0,0,0,0,0
05/01/2023,PMD,CA,AWP,WE,Federal Contract Tower,0,0,15,2,17,0,0,4,0,4,0,0,19,2,21,2,8,10,31
05/02/2023,PMD,CA,AWP,WE,Federal Contract Tower,0,0,30,24,54,0,0,9,0,9,0,0,39,24,63,28,51,79,142
05/03/2023,PMD,CA,AWP,WE,Federal Contract Tower,0,0,9,14,23,0,0,6,2,8,0,0,15,16,31,30,68,98,129
05/04/2023,PMD,CA,AWP,WE,Federal Contract Tower,0,0,14,8,22,0,0,5,0,5,0,0,19,8,27,2,0,2,29
05/05/2023,PMD,CA,AWP,WE,Federal Contract Tower,0,0,1,4,5,0,0,0,0,0,0,0,1,4,5,0,0,0,5
05/06/2023,PMD,CA,AWP,WE,Federal Contract Tower,0,0,0,0,0,0,0,0,0,0,0,0,0,0,0,0,0,0,0
05/07/2023,PMD,CA,AWP,WE,Federal Contract Tower,0,0,0,0,0,0,0,0,0,0,0,0,0,0,0,0,0,0,0
05/08/2023,PMD,CA,AWP,WE,Federal Contract Tower,0,0,5,12,17,0,0,3,4,7,0,0,8,16,24,0,10,10,34
05/09/2023,PMD,CA,AWP,WE,Federal Contract Tower,0,0,12,20,32,0,0,6,0,6,0,0,18,20,38,6,50,56,94
05/10/2023,PMD,CA,AWP,WE,Federal Contract Tower,0,0,8,6,14,0,0,3,16,19,0,0,11,22,33,31,12,43,76
05/11/2023,PMD,CA,AWP,WE,Federal Contract Tower,0,0,10,23,33,0,0,11,3,14,0,0,21,26,47,44,30,74,121
05/13/2023,PMD,CA,AWP,WE,Federal Contract Tower,0,0,4,0,4,0,0,0,2,2,0,0,4,2,6,0,6,6,12
05/14/2023,PMD,CA,AWP,WE,Federal Contract Tower,0,0,0,0,0,0,0,0,0,0,0,0,0,0,0,0,0,0,0
05/15/2023,PMD,CA,AWP,WE,Federal Contract Tower,0,0,3,10,13,0,0,1,0,1,0,0,4,10,14,2,4,6,20
05/16/2023,PMD,CA,AWP,WE,Federal Contract Tower,0,0,19,37,56,0,0,7,1,8,0,0,26,38,64,7,75,82,146
05/17/2023,PMD,CA,AWP,WE,Federal Contract Tower,0,0,7,28,35,0,0,6,1,7,0,0,13,29,42,23,53,76,118
05/18/2023,PMD,CA,AWP,WE,Federal Contract Tower,0,0,14,34,48,0,0,13,3,16,0,0,27,37,64,16,66,82,146
05/19/2023,PMD,CA,AWP,WE,Federal Contract Tower,0,0,12,20,32,0,0,4,1,5,0,0,16,21,37,12,34,46,83
05/20/2023,PMD,CA,AWP,WE,Federal Contract Tower,0,0,0,0,0,0,0,0,0,0,0,0,0,0,0,2,0,2,2
05/21/2023,PMD,CA,AWP,WE,Federal Contract Tower,0,0,0,0,0,0,0,0,0,0,0,0,0,0,0,0,0,0,0
05/22/2023,PMD,CA,AWP,WE,Federal Contract Tower,0,0,5,10,15,0,0,6,0,6,0,0,11,10,21,0,12,12,33
05/23/2023,PMD,CA,AWP,WE,Federal Contract Tower,0,0,13,7,20,0,0,7,2,9,0,0,20,9,29,12,48,60,89
05/24/2023,PMD,CA,AWP,WE,Federal Contract Tower,0,0,7,28,35,0,0,9,1,10,0,0,16,29,45,18,24,42,87
05/25/2023,PMD,CA,AWP,WE,Federal Contract Tower,0,0,26,14,40,0,0,6,1,7,0,0,32,15,47,29,12,41,88
05/26/2023,PMD,CA,AWP,WE,Federal Contract Tower,0,0,8,0,8,0,0,0,0,0,0,0,8,0,8,13,0,13,21
05/27/2023,PMD,CA,AWP,WE,Federal Contract Tower,0,0,0,0,0,0,0,4,0,4,0,0,4,0,4,0,0,0,4
05/28/2023,PMD,CA,AWP,WE,Federal Contract Tower,0,0,0,0,0,0,0,0,0,0,0,0,0,0,0,0,0,0,0
05/29/2023,PMD,CA,AWP,WE,Federal Contract Tower,0,0,0,0,0,0,0,2,0,2,0,0,2,0,2,0,0,0,2
05/30/2023,PMD,CA,AWP,WE,Federal Contract Tower,0,0,17,30,47,0,0,3,0,3,0,0,20,30,50,6,36,42,92
05/31/2023,PMD,CA,AWP,WE,Federal Contract Tower,0,0,4,10,14,0,0,3,0,3,0,0,7,10,17,0,10,10,27
06/01/2023,PMD,CA,AWP,WE,Federal Contract Tower,0,0,16,10,26,0,0,10,13,23,0,0,26,23,49,4,29,33,82
06/02/2023,PMD,CA,AWP,WE,Federal Contract Tower,0,0,5,0,5,0,0,3,1,4,0,0,8,1,9,0,0,0,9
06/03/2023,PMD,CA,AWP,WE,Federal Contract Tower,0,0,4,8,12,0,0,0,1,1,0,0,4,9,13,1,26,27,40
06/04/2023,PMD,CA,AWP,WE,Federal Contract Tower,0,0,0,0,0,0,0,0,10,10,0,0,0,10,10,0,4,4,14
06/05/2023,PMD,CA,AWP,WE,Federal Contract Tower,0,0,9,8,17,0,0,15,0,15,0,0,24,8,32,0,28,28,60
06/06/2023,PMD,CA,AWP,WE,Federal Contract Tower,0,0,9,26,35,0,0,3,4,7,0,0,12,30,42,2,32,34,76
06/07/2023,PMD,CA,AWP,WE,Federal Contract Tower,0,0,11,18,29,0,0,7,0,7,0,0,18,18,36,12,18,30,66
06/08/2023,PMD,CA,AWP,WE,Federal Contract Tower,0,0,21,16,37,0,0,17,11,28,0,0,38,27,65,2,38,40,105
06/09/2023,PMD,CA,AWP,WE,Federal Contract Tower,0,0,6,1,7,0,0,5,1,6,0,0,11,2,13,12,4,16,29
06/10/2023,PMD,CA,AWP,WE,Federal Contract Tower,0,0,0,0,0,0,0,1,0,1,0,0,1,0,1,0,0,0,1
06/11/2023,PMD,CA,AWP,WE,Federal Contract Tower,0,0,0,1,1,0,0,2,0,2,0,0,2,1,3,0,0,0,3
06/12/2023,PMD,CA,AWP,WE,Federal Contract Tower,0,0,12,6,18,0,0,4,4,8,0,0,16,10,26,0,58,58,84
06/13/2023,PMD,CA,AWP,WE,Federal Contract Tower,0,0,20,25,45,0,0,3,0,3,0,0,23,25,48,18,32,50,98
06/14/2023,PMD,CA,AWP,WE,Federal Contract Tower,0,0,15,18,33,0,0,11,1,12,0,0,26,19,45,0,21,21,66
06/15/2023,PMD,CA,AWP,WE,Federal Contract Tower,0,0,18,14,32,0,0,0,0,0,0,0,18,14,32,0,12,12,44
06/16/2023,PMD,CA,AWP,WE,Federal Contract Tower,0,0,15,2,17,0,0,1,1,2,0,0,16,3,19,22,5,27,46
06/17/2023,PMD,CA,AWP,WE,Federal Contract Tower,0,0,0,0,0,0,0,0,0,0,0,0,0,0,0,0,0,0,0
06/18/2023,PMD,CA,AWP,WE,Federal Contract Tower,0,0,0,0,0,0,0,0,0,0,0,0,0,0,0,0,0,0,0
06/19/2023,PMD,CA,AWP,WE,Federal Contract Tower,0,0,13,2,15,0,0,5,0,5,0,0,18,2,20,0,0,0,20
06/20/2023,PMD,CA,AWP,WE,Federal Contract Tower,0,0,10,40,50,0,0,7,0,7,0,0,17,40,57,21,48,69,126
06/21/2023,PMD,CA,AWP,WE,Federal Contract Tower,0,0,28,15,43,0,0,4,0,4,0,0,32,15,47,8,106,114,161
06/22/2023,PMD,CA,AWP,WE,Federal Contract Tower,0,0,20,25,45,0,0,6,12,18,0,0,26,37,63,0,91,91,154
06/23/2023,PMD,CA,AWP,WE,Federal Contract Tower,0,0,7,40,47,0,0,3,3,6,0,0,10,43,53,4,64,68,121
06/24/2023,PMD,CA,AWP,WE,Federal Contract Tower,0,0,4,0,4,0,0,4,0,4,0,0,8,0,8,0,0,0,8
06/25/2023,PMD,CA,AWP,WE,Federal Contract Tower,0,0,0,4,4,0,0,2,0,2,0,0,2,4,6,0,6,6,12
06/26/2023,PMD,CA,AWP,WE,Federal Contract Tower,0,0,17,12,29,0,0,15,1,16,0,0,32,13,45,0,6,6,51
06/27/2023,PMD,CA,AWP,WE,Federal Contract Tower,0,0,17,35,52,0,0,13,6,19,0,0,30,41,71,8,62,70,141
06/28/2023,PMD,CA,AWP,WE,Federal Contract Tower,0,0,21,36,57,0,0,15,4,19,0,0,36,40,76,0,36,36,112
06/29/2023,PMD,CA,AWP,WE,Federal Contract Tower,0,0,17,16,33,0,0,12,1,13,0,0,29,17,46,4,56,60,106
06/30/2023,PMD,CA,AWP,WE,Federal Contract Tower,0,0,5,13,18,0,0,3,1,4,0,0,8,14,22,4,7,11,33
07/01/2023,PMD,CA,AWP,WE,Federal Contract Tower,0,0,0,0,0,0,0,0,0,0,0,0,0,0,0,0,0,0,0
07/02/2023,PMD,CA,AWP,WE,Federal Contract Tower,0,0,0,0,0,0,0,0,0,0,0,0,0,0,0,0,0,0,0
07/03/2023,PMD,CA,AWP,WE,Federal Contract Tower,0,0,0,0,0,0,0,2,0,2,0,0,2,0,2,0,0,0,2
07/04/2023,PMD,CA,AWP,WE,Federal Contract Tower,0,0,0,0,0,0,0,0,0,0,0,0,0,0,0,0,0,0,0
07/05/2023,PMD,CA,AWP,WE,Federal Contract Tower,0,0,6,0,6,0,0,8,0,8,0,0,14,0,14,0,0,0,14
07/06/2023,PMD,CA,AWP,WE,Federal Contract Tower,0,0,10,38,48,0,0,4,1,5,0,0,14,39,53,2,78,80,133
07/07/2023,PMD,CA,AWP,WE,Federal Contract Tower,0,0,1,27,28,0,0,5,1,6,0,0,6,28,34,6,16,22,56
07/08/2023,PMD,CA,AWP,WE,Federal Contract Tower,0,0,0,0,0,0,0,0,0,0,0,0,0,0,0,0,0,0,0
07/09/2023,PMD,CA,AWP,WE,Federal Contract Tower,0,0,0,0,0,0,0,0,0,0,0,0,0,0,0,0,0,0,0
07/10/2023,PMD,CA,AWP,WE,Federal Contract Tower,0,0,22,6,28,0,0,8,4,12,0,0,30,10,40,0,22,22,62
07/11/2023,PMD,CA,AWP,WE,Federal Contract Tower,0,0,20,6,26,0,0,9,2,11,0,0,29,8,37,15,56,71,108
07/12/2023,PMD,CA,AWP,WE,Federal Contract Tower,0,0,12,4,16,0,0,9,1,10,0,0,21,5,26,0,30,30,56
07/13/2023,PMD,CA,AWP,WE,Federal Contract Tower,0,0,9,23,32,0,0,11,9,20,0,0,20,32,52,0,46,46,98
07/14/2023,PMD,CA,AWP,WE,Federal Contract Tower,0,0,4,16,20,0,0,4,1,5,0,0,8,17,25,2,4,6,31
07/15/2023,PMD,CA,AWP,WE,Federal Contract Tower,0,0,0,0,0,0,0,0,0,0,0,0,0,0,0,0,0,0,0
07/16/2023,PMD,CA,AWP,WE,Federal Contract Tower,0,0,0,0,0,0,0,0,0,0,0,0,0,0,0,0,0,0,0
07/17/2023,PMD,CA,AWP,WE,Federal Contract Tower,0,0,14,12,26,0,0,6,0,6,0,0,20,12,32,8,8,16,48
07/18/2023,PMD,CA,AWP,WE,Federal Contract Tower,0,0,17,14,31,0,0,12,1,13,0,0,29,15,44,2,26,28,72
07/19/2023,PMD,CA,AWP,WE,Federal Contract Tower,0,0,25,8,33,0,0,7,0,7,0,0,32,8,40,43,12,55,95
07/20/2023,PMD,CA,AWP,WE,Federal Contract Tower,0,0,11,14,25,0,0,7,3,10,0,0,18,17,35,2,53,55,90
07/21/2023,PMD,CA,AWP,WE,Federal Contract Tower,0,0,3,0,3,0,0,2,0,2,0,0,5,0,5,0,0,0,5
07/22/2023,PMD,CA,AWP,WE,Federal Contract Tower,0,0,10,0,10,0,0,0,0,0,0,0,10,0,10,0,0,0,10
07/23/2023,PMD,CA,AWP,WE,Federal Contract Tower,0,0,0,0,0,0,0,0,8,8,0,0,0,8,8,0,0,0,8
07/24/2023,PMD,CA,AWP,WE,Federal Contract Tower,0,0,12,4,16,0,0,5,4,9,0,0,17,8,25,0,62,62,87
07/25/2023,PMD,CA,AWP,WE,Federal Contract Tower,0,0,19,9,28,0,0,11,2,13,0,0,30,11,41,0,36,36,77
07/26/2023,PMD,CA,AWP,WE,Federal Contract Tower,0,0,11,17,28,0,0,10,3,13,0,0,21,20,41,0,44,44,85
07/27/2023,PMD,CA,AWP,WE,Federal Contract Tower,0,0,11,36,47,0,0,9,5,14,0,0,20,41,61,0,114,114,175
07/28/2023,PMD,CA,AWP,WE,Federal Contract Tower,0,0,15,9,24,0,0,6,2,8,0,0,21,11,32,0,36,36,68
07/29/2023,PMD,CA,AWP,WE,Federal Contract Tower,0,0,4,0,4,0,0,0,0,0,0,0,4,0,4,0,0,0,4
07/30/2023,PMD,CA,AWP,WE,Federal Contract Tower,0,0,0,0,0,0,0,0,0,0,0,0,0,0,0,0,0,0,0
07/31/2023,PMD,CA,AWP,WE,Federal Contract Tower,0,0,11,4,15,0,0,5,4,9,0,0,16,8,24,8,56,64,88
08/01/2023,PMD,CA,AWP,WE,Federal Contract Tower,0,0,16,32,48,0,0,7,2,9,0,0,23,34,57,16,102,118,175
08/02/2023,PMD,CA,AWP,WE,Federal Contract Tower,0,0,25,13,38,0,0,8,1,9,0,0,33,14,47,24,30,54,101
08/03/2023,PMD,CA,AWP,WE,Federal Contract Tower,0,0,16,24,40,0,0,17,7,24,0,0,33,31,64,2,92,94,158
08/04/2023,PMD,CA,AWP,WE,Federal Contract Tower,0,0,6,20,26,0,0,2,2,4,0,0,8,22,30,0,20,20,50
08/05/2023,PMD,CA,AWP,WE,Federal Contract Tower,0,0,0,0,0,0,0,0,0,0,0,0,0,0,0,0,0,0,0
08/06/2023,PMD,CA,AWP,WE,Federal Contract Tower,0,0,0,4,4,0,0,0,0,0,0,0,0,4,4,0,0,0,4
08/07/2023,PMD,CA,AWP,WE,Federal Contract Tower,0,0,16,14,30,0,0,6,1,7,0,0,22,15,37,8,18,26,63
08/08/2023,PMD,CA,AWP,WE,Federal Contract Tower,0,0,17,39,56,0,0,13,1,14,0,0,30,40,70,4,94,98,168
08/09/2023,PMD,CA,AWP,WE,Federal Contract Tower,0,4,16,25,45,0,0,18,24,42,0,4,34,49,87,18,24,42,129
08/10/2023,PMD,CA,AWP,WE,Federal Contract Tower,0,0,26,32,58,0,0,6,1,7,0,0,32,33,65,33,28,61,126
08/11/2023,PMD,CA,AWP,WE,Federal Contract Tower,0,0,22,25,47,0,0,2,0,2,0,0,24,25,49,0,16,16,65
08/12/2023,PMD,CA,AWP,WE,Federal Contract Tower,0,0,2,0,2,0,0,0,0,0,0,0,2,0,2,0,0,0,2
08/13/2023,PMD,CA,AWP,WE,Federal Contract Tower,0,0,0,0,0,0,0,0,0,0,0,0,0,0,0,0,0,0,0
08/14/2023,PMD,CA,AWP,WE,Federal Contract Tower,0,0,18,9,27,0,0,8,3,11,0,0,26,12,38,20,48,68,106
08/15/2023,PMD,CA,AWP,WE,Federal Contract Tower,0,0,27,18,45,0,0,8,2,10,0,0,35,20,55,34,70,104,159
08/16/2023,PMD,CA,AWP,WE,Federal Contract Tower,0,0,16,10,26,0,0,6,0,6,0,0,22,10,32,30,14,44,76
08/17/2023,PMD,CA,AWP,WE,Federal Contract Tower,0,0,15,34,49,0,0,12,14,26,0,0,27,48,75,8,87,95,170
08/18/2023,PMD,CA,AWP,WE,Federal Contract Tower,0,0,12,4,16,0,0,3,2,5,0,0,15,6,21,3,13,16,37
08/19/2023,PMD,CA,AWP,WE,Federal Contract Tower,0,0,4,0,4,0,0,0,0,0,0,0,4,0,4,0,0,0,4
08/20/2023,PMD,CA,AWP,WE,Federal Contract Tower,0,0,0,0,0,0,0,0,0,0,0,0,0,0,0,0,0,0,0
08/21/2023,PMD,CA,AWP,WE,Federal Contract Tower,0,0,0,0,0,0,0,0,0,0,0,0,0,0,0,0,0,0,0
08/22/2023,PMD,CA,AWP,WE,Federal Contract Tower,0,0,17,12,29,0,0,12,2,14,0,0,29,14,43,4,35,39,82
08/23/2023,PMD,CA,AWP,WE,Federal Contract Tower,0,0,15,4,19,0,0,9,2,11,0,0,24,6,30,0,10,10,40
08/24/2023,PMD,CA,AWP,WE,Federal Contract Tower,0,0,16,19,35,0,0,9,6,15,0,0,25,25,50,0,38,38,88
08/25/2023,PMD,CA,AWP,WE,Federal Contract Tower,0,0,21,13,34,0,0,5,2,7,0,0,26,15,41,0,20,20,61
08/26/2023,PMD,CA,AWP,WE,Federal Contract Tower,0,0,5,0,5,0,0,1,2,3,0,0,6,2,8,0,70,70,78
08/27/2023,PMD,CA,AWP,WE,Federal Contract Tower,0,0,1,0,1,0,0,0,0,0,0,0,1,0,1,0,0,0,1
08/29/2023,PMD,CA,AWP,WE,Federal Contract Tower,0,0,11,17,28,0,0,13,3,16,0,0,24,20,44,2,43,45,89
08/30/2023,PMD,CA,AWP,WE,Federal Contract Tower,0,0,12,21,33,0,0,10,2,12,0,0,22,23,45,0,49,49,94
08/31/2023,PMD,CA,AWP,WE,Federal Contract Tower,0,0,10,28,38,0,0,6,3,9,0,0,16,31,47,0,40,40,87
