01/01/2000,PNS,FL,ASO,ES,Combined TRACON& Tower with Radar,12,17,14,0,43,14,9,0,0,23,26,26,14,0,66,2,0,2,68
01/02/2000,PNS,FL,ASO,ES,Combined TRACON& Tower with Radar,27,33,37,1,98,6,0,32,0,38,33,33,69,1,136,0,0,0,136
01/03/2000,PNS,FL,ASO,ES,Combined TRACON& Tower with Radar,36,59,47,47,189,0,0,0,18,18,36,59,47,65,207,2,10,12,219
01/04/2000,PNS,FL,ASO,ES,Combined TRACON& Tower with Radar,35,53,49,43,180,1,11,11,3,26,36,64,60,46,206,8,88,96,302
01/05/2000,PNS,FL,ASO,ES,Combined TRACON& Tower with Radar,38,55,51,44,188,2,4,23,33,62,40,59,74,77,250,72,70,142,392
01/06/2000,PNS,FL,ASO,ES,Combined TRACON& Tower with Radar,34,56,52,29,171,0,7,62,0,69,34,63,114,29,240,126,0,126,366
01/07/2000,PNS,FL,ASO,ES,Combined TRACON& Tower with Radar,33,49,46,41,169,4,18,25,1,48,37,67,71,42,217,24,20,44,261
01/08/2000,PNS,FL,ASO,ES,Combined TRACON& Tower with Radar,22,33,31,11,97,13,6,30,0,49,35,39,61,11,146,88,0,88,234
01/09/2000,PNS,FL,ASO,ES,Combined TRACON& Tower with Radar,22,33,31,4,90,17,2,10,0,29,39,35,41,4,119,0,0,0,119
01/10/2000,PNS,FL,ASO,ES,Combined TRACON& Tower with Radar,37,61,57,50,205,0,5,18,22,45,37,66,75,72,250,36,24,60,310
01/11/2000,PNS,FL,ASO,ES,Combined TRACON& Tower with Radar,38,51,70,61,220,0,0,23,51,74,38,51,93,112,294,76,60,136,430
01/12/2000,PNS,FL,ASO,ES,Combined TRACON& Tower with Radar,39,72,98,87,296,0,0,42,70,112,39,72,140,157,408,72,32,104,512
01/13/2000,PNS,FL,ASO,ES,Combined TRACON& Tower with Radar,36,65,63,55,219,0,0,27,8,35,36,65,90,63,254,42,54,96,350
01/14/2000,PNS,FL,ASO,ES,Combined TRACON& Tower with Radar,40,62,57,51,210,1,6,45,8,60,41,68,102,59,270,40,36,76,346
01/15/2000,PNS,FL,ASO,ES,Combined TRACON& Tower with Radar,23,36,33,9,101,11,11,69,0,91,34,47,102,9,192,46,0,46,238
01/16/2000,PNS,FL,ASO,ES,Combined TRACON& Tower with Radar,23,35,33,0,91,15,2,60,0,77,38,37,93,0,168,44,0,44,212
01/17/2000,PNS,FL,ASO,ES,Combined TRACON& Tower with Radar,25,38,35,9,107,10,8,76,0,94,35,46,111,9,201,120,2,122,323
01/18/2000,PNS,FL,ASO,ES,Combined TRACON& Tower with Radar,39,59,55,36,189,1,14,29,0,44,40,73,84,36,233,46,0,46,279
01/19/2000,PNS,FL,ASO,ES,Combined TRACON& Tower with Radar,35,63,61,68,227,0,0,0,49,49,35,63,61,117,276,14,12,26,302
01/20/2000,PNS,FL,ASO,ES,Combined TRACON& Tower with Radar,33,50,47,41,171,1,10,34,12,57,34,60,81,53,228,18,10,28,256
01/21/2000,PNS,FL,ASO,ES,Combined TRACON& Tower with Radar,35,57,58,48,198,0,0,72,0,72,35,57,130,48,270,158,0,158,428
01/22/2000,PNS,FL,ASO,ES,Combined TRACON& Tower with Radar,31,34,45,28,138,0,0,90,0,90,31,34,135,28,228,64,0,64,292
01/23/2000,PNS,FL,ASO,ES,Combined TRACON& Tower with Radar,21,29,30,3,83,7,0,28,0,35,28,29,58,3,118,10,0,10,128
01/24/2000,PNS,FL,ASO,ES,Combined TRACON& Tower with Radar,37,56,46,46,185,1,1,0,28,30,38,57,46,74,215,14,64,78,293
01/25/2000,PNS,FL,ASO,ES,Combined TRACON& Tower with Radar,39,82,76,67,264,0,9,10,59,78,39,91,86,126,342,16,46,62,404
01/26/2000,PNS,FL,ASO,ES,Combined TRACON& Tower with Radar,39,66,64,57,226,0,0,34,31,65,39,66,98,88,291,38,94,132,423
01/27/2000,PNS,FL,ASO,ES,Combined TRACON& Tower with Radar,33,64,59,53,209,0,0,9,32,41,33,64,68,85,250,44,34,78,328
01/28/2000,PNS,FL,ASO,ES,Combined TRACON& Tower with Radar,26,40,36,0,102,1,21,10,0,32,27,61,46,0,134,16,0,16,150
01/29/2000,PNS,FL,ASO,ES,Combined TRACON& Tower with Radar,17,27,18,2,64,9,18,0,0,27,26,45,18,2,91,0,0,0,91
01/30/2000,PNS,FL,ASO,ES,Combined TRACON& Tower with Radar,19,30,28,1,78,4,3,21,0,28,23,33,49,1,106,14,0,14,120
01/31/2000,PNS,FL,ASO,ES,Combined TRACON& Tower with Radar,37,67,37,45,186,0,1,42,2,45,37,68,79,47,231,84,30,114,345
02/01/2000,PNS,FL,ASO,ES,Combined TRACON& Tower with Radar,38,64,60,100,262,0,2,36,8,46,38,66,96,108,308,72,40,112,420
02/02/2000,PNS,FL,ASO,ES,Combined TRACON& Tower with Radar,40,55,38,68,201,0,4,26,5,35,40,59,64,73,236,90,20,110,346
02/03/2000,PNS,FL,ASO,ES,Combined TRACON& Tower with Radar,42,62,76,77,257,0,0,26,28,54,42,62,102,105,311,30,52,82,393
02/04/2000,PNS,FL,ASO,ES,Combined TRACON& Tower with Radar,39,61,69,68,237,0,1,43,17,61,39,62,112,85,298,54,88,142,440
02/05/2000,PNS,FL,ASO,ES,Combined TRACON& Tower with Radar,22,33,39,4,98,16,11,86,0,113,38,44,125,4,211,124,0,124,335
02/06/2000,PNS,FL,ASO,ES,Combined TRACON& Tower with Radar,38,34,50,14,136,0,1,51,5,57,38,35,101,19,193,80,0,80,273
02/07/2000,PNS,FL,ASO,ES,Combined TRACON& Tower with Radar,54,58,51,94,257,0,5,22,12,39,54,63,73,106,296,38,40,78,374
02/08/2000,PNS,FL,ASO,ES,Combined TRACON& Tower with Radar,31,68,78,102,279,0,5,23,8,36,31,73,101,110,315,30,20,50,365
02/09/2000,PNS,FL,ASO,ES,Combined TRACON& Tower with Radar,37,67,51,66,221,0,9,40,17,66,37,76,91,83,287,64,0,64,351
02/10/2000,PNS,FL,ASO,ES,Combined TRACON& Tower with Radar,37,59,71,97,264,0,4,66,19,89,37,63,137,116,353,36,28,64,417
02/11/2000,PNS,FL,ASO,ES,Combined TRACON& Tower with Radar,32,53,48,67,200,0,0,30,12,42,32,53,78,79,242,24,12,36,278
02/12/2000,PNS,FL,ASO,ES,Combined TRACON& Tower with Radar,33,33,68,8,142,0,0,20,4,24,33,33,88,12,166,48,0,48,214
02/13/2000,PNS,FL,ASO,ES,Combined TRACON& Tower with Radar,25,37,42,7,111,5,2,40,0,47,30,39,82,7,158,14,0,14,172
02/14/2000,PNS,FL,ASO,ES,Combined TRACON& Tower with Radar,38,55,60,65,218,0,2,28,12,42,38,57,88,77,260,39,68,107,367
02/15/2000,PNS,FL,ASO,ES,Combined TRACON& Tower with Radar,37,56,67,92,252,0,4,38,8,50,37,60,105,100,302,67,38,105,407
02/16/2000,PNS,FL,ASO,ES,Combined TRACON& Tower with Radar,27,46,59,77,209,0,4,9,4,17,27,50,68,81,226,32,0,32,258
02/17/2000,PNS,FL,ASO,ES,Combined TRACON& Tower with Radar,33,70,75,86,264,0,0,4,5,9,33,70,79,91,273,0,0,0,273
02/18/2000,PNS,FL,ASO,ES,Combined TRACON& Tower with Radar,37,60,76,94,267,0,2,33,9,44,37,62,109,103,311,44,22,66,377
02/19/2000,PNS,FL,ASO,ES,Combined TRACON& Tower with Radar,39,36,63,5,143,0,0,49,4,53,39,36,112,9,196,42,8,50,246
02/20/2000,PNS,FL,ASO,ES,Combined TRACON& Tower with Radar,33,37,41,12,123,0,0,77,8,85,33,37,118,20,208,100,0,100,308
02/21/2000,PNS,FL,ASO,ES,Combined TRACON& Tower with Radar,33,45,58,7,143,0,0,88,8,96,33,45,146,15,239,84,2,86,325
02/22/2000,PNS,FL,ASO,ES,Combined TRACON& Tower with Radar,40,59,59,63,221,0,3,54,17,74,40,62,113,80,295,52,58,110,405
02/23/2000,PNS,FL,ASO,ES,Combined TRACON& Tower with Radar,31,68,74,111,284,0,2,29,13,44,31,70,103,124,328,10,26,36,364
02/24/2000,PNS,FL,ASO,ES,Combined TRACON& Tower with Radar,36,61,73,74,244,0,0,30,39,69,36,61,103,113,313,30,46,76,389
02/25/2000,PNS,FL,ASO,ES,Combined TRACON& Tower with Radar,31,55,61,86,233,0,6,50,15,71,31,61,111,101,304,74,10,84,388
02/26/2000,PNS,FL,ASO,ES,Combined TRACON& Tower with Radar,35,39,59,20,153,1,0,54,0,55,36,39,113,20,208,6,0,6,214
02/27/2000,PNS,FL,ASO,ES,Combined TRACON& Tower with Radar,23,33,39,11,106,15,5,61,0,81,38,38,100,11,187,52,0,52,239
02/28/2000,PNS,FL,ASO,ES,Combined TRACON& Tower with Radar,30,91,58,54,233,0,5,42,21,68,30,96,100,75,301,72,40,112,413
02/29/2000,PNS,FL,ASO,ES,Combined TRACON& Tower with Radar,29,58,54,112,253,0,7,59,32,98,29,65,113,144,351,86,70,156,507
03/01/2000,PNS,FL,ASO,ES,Combined TRACON& Tower with Radar,36,60,80,83,259,1,5,40,16,62,37,65,120,99,321,36,34,70,391
03/02/2000,PNS,FL,ASO,ES,Combined TRACON& Tower with Radar,38,63,53,98,252,1,3,52,11,67,39,66,105,109,319,90,20,110,429
03/03/2000,PNS,FL,ASO,ES,Combined TRACON& Tower with Radar,39,66,64,70,239,0,0,41,39,80,39,66,105,109,319,90,20,110,429
03/04/2000,PNS,FL,ASO,ES,Combined TRACON& Tower with Radar,35,44,51,23,153,1,0,75,7,83,36,44,126,30,236,100,6,106,342
03/05/2000,PNS,FL,ASO,ES,Combined TRACON& Tower with Radar,32,37,52,8,129,1,2,95,7,105,33,39,147,15,234,92,8,100,334
03/06/2000,PNS,FL,ASO,ES,Combined TRACON& Tower with Radar,36,50,45,47,178,0,9,56,12,77,36,59,101,59,255,34,8,42,297
03/07/2000,PNS,FL,ASO,ES,Combined TRACON& Tower with Radar,37,56,50,56,199,0,11,38,22,71,37,67,88,78,270,32,26,58,328
03/08/2000,PNS,FL,ASO,ES,Combined TRACON& Tower with Radar,39,51,36,86,212,0,4,58,9,71,39,55,94,95,283,108,20,128,411
03/09/2000,PNS,FL,ASO,ES,Combined TRACON& Tower with Radar,41,54,58,36,189,0,1,39,1,41,41,55,97,37,230,46,0,46,276
03/10/2000,PNS,FL,ASO,ES,Combined TRACON& Tower with Radar,36,68,47,53,204,0,3,44,0,47,36,71,91,53,251,78,0,78,329
03/11/2000,PNS,FL,ASO,ES,Combined TRACON& Tower with Radar,28,37,23,3,91,0,1,16,0,17,28,38,39,3,108,30,0,30,138
03/12/2000,PNS,FL,ASO,ES,Combined TRACON& Tower with Radar,23,35,32,16,106,12,2,89,0,103,35,37,121,16,209,112,8,120,329
03/13/2000,PNS,FL,ASO,ES,Combined TRACON& Tower with Radar,35,64,23,48,170,0,7,49,10,66,35,71,72,58,236,51,12,63,299
03/14/2000,PNS,FL,ASO,ES,Combined TRACON& Tower with Radar,36,52,34,55,177,1,7,53,8,69,37,59,87,63,246,38,60,98,344
03/15/2000,PNS,FL,ASO,ES,Combined TRACON& Tower with Radar,36,66,39,72,213,0,1,4,12,17,36,67,43,84,230,26,18,44,274
03/16/2000,PNS,FL,ASO,ES,Combined TRACON& Tower with Radar,40,57,45,28,170,0,1,3,0,4,40,58,48,28,174,0,0,0,174
03/17/2000,PNS,FL,ASO,ES,Combined TRACON& Tower with Radar,40,81,69,46,236,0,2,65,6,73,40,83,134,52,309,146,0,146,455
03/18/2000,PNS,FL,ASO,ES,Combined TRACON& Tower with Radar,37,34,50,3,124,0,1,55,0,56,37,35,105,3,180,76,0,76,256
03/19/2000,PNS,FL,ASO,ES,Combined TRACON& Tower with Radar,36,37,29,5,107,0,1,4,0,5,36,38,33,5,112,0,0,0,112
03/20/2000,PNS,FL,ASO,ES,Combined TRACON& Tower with Radar,31,46,52,49,178,0,5,48,20,73,31,51,100,69,251,59,50,109,360
03/21/2000,PNS,FL,ASO,ES,Combined TRACON& Tower with Radar,38,61,56,108,263,0,8,56,42,106,38,69,112,150,369,52,74,126,495
03/22/2000,PNS,FL,ASO,ES,Combined TRACON& Tower with Radar,37,66,63,68,234,0,0,54,52,106,37,66,117,120,340,38,64,102,442
03/23/2000,PNS,FL,ASO,ES,Combined TRACON& Tower with Radar,36,60,65,72,233,0,1,76,15,92,36,61,141,87,325,90,30,120,445
03/24/2000,PNS,FL,ASO,ES,Combined TRACON& Tower with Radar,31,63,51,101,246,0,3,55,8,66,31,66,106,109,312,74,0,74,386
03/25/2000,PNS,FL,ASO,ES,Combined TRACON& Tower with Radar,33,46,35,3,117,0,3,71,5,79,33,49,106,8,196,104,0,104,300
03/26/2000,PNS,FL,ASO,ES,Combined TRACON& Tower with Radar,38,40,65,3,146,0,2,7,0,9,38,42,72,3,155,0,0,0,155
03/27/2000,PNS,FL,ASO,ES,Combined TRACON& Tower with Radar,38,56,31,45,170,0,3,30,10,43,38,59,61,55,213,40,22,62,275
03/28/2000,PNS,FL,ASO,ES,Combined TRACON& Tower with Radar,33,56,42,54,185,0,5,47,26,78,33,61,89,80,263,54,42,96,359
03/29/2000,PNS,FL,ASO,ES,Combined TRACON& Tower with Radar,38,53,57,48,196,0,3,35,3,41,38,56,92,51,237,29,0,29,266
03/30/2000,PNS,FL,ASO,ES,Combined TRACON& Tower with Radar,35,64,75,99,273,0,2,32,10,44,35,66,107,109,317,54,18,72,389
03/31/2000,PNS,FL,ASO,ES,Combined TRACON& Tower with Radar,43,62,54,72,231,0,5,52,7,64,43,67,106,79,295,96,16,112,407
04/01/2000,PNS,FL,ASO,ES,Combined TRACON& Tower with Radar,33,43,38,1,115,0,0,40,4,44,33,43,78,5,159,75,0,75,234
04/02/2000,PNS,FL,ASO,ES,Combined TRACON& Tower with Radar,25,38,36,14,113,9,5,0,0,14,34,43,36,14,127,0,0,0,127
04/03/2000,PNS,FL,ASO,ES,Combined TRACON& Tower with Radar,31,60,28,25,144,0,0,0,5,5,31,60,28,30,149,0,0,0,149
04/04/2000,PNS,FL,ASO,ES,Combined TRACON& Tower with Radar,26,58,49,39,172,0,3,33,15,51,26,61,82,54,223,26,34,60,283
04/05/2000,PNS,FL,ASO,ES,Combined TRACON& Tower with Radar,41,64,80,46,231,0,1,78,18,97,41,65,158,64,328,80,26,106,434
04/06/2000,PNS,FL,ASO,ES,Combined TRACON& Tower with Radar,38,61,65,62,226,0,6,66,18,90,38,67,131,80,316,90,16,106,422
04/07/2000,PNS,FL,ASO,ES,Combined TRACON& Tower with Radar,31,68,71,55,225,0,6,75,7,88,31,74,146,62,313,54,0,54,367
04/08/2000,PNS,FL,ASO,ES,Combined TRACON& Tower with Radar,19,27,29,3,78,15,5,16,0,36,34,32,45,3,114,2,0,2,116
04/09/2000,PNS,FL,ASO,ES,Combined TRACON& Tower with Radar,23,33,36,15,107,10,0,82,0,92,33,33,118,15,199,72,2,74,273
04/10/2000,PNS,FL,ASO,ES,Combined TRACON& Tower with Radar,29,45,44,76,194,0,10,49,27,86,29,55,93,103,280,76,36,112,392
04/11/2000,PNS,FL,ASO,ES,Combined TRACON& Tower with Radar,34,53,56,22,165,0,19,48,0,67,34,72,104,22,232,48,16,64,296
04/12/2000,PNS,FL,ASO,ES,Combined TRACON& Tower with Radar,37,61,54,87,239,0,1,27,19,47,37,62,81,106,286,54,24,78,364
04/13/2000,PNS,FL,ASO,ES,Combined TRACON& Tower with Radar,32,62,66,51,211,0,0,25,24,49,32,62,91,75,260,86,18,104,364
04/14/2000,PNS,FL,ASO,ES,Combined TRACON& Tower with Radar,40,57,56,48,201,0,2,11,5,18,40,59,67,53,219,34,0,34,253
04/15/2000,PNS,FL,ASO,ES,Combined TRACON& Tower with Radar,36,39,51,0,126,0,0,26,4,30,36,39,77,4,156,30,0,30,186
04/16/2000,PNS,FL,ASO,ES,Combined TRACON& Tower with Radar,31,41,41,9,122,0,0,30,4,34,31,41,71,13,156,58,0,58,214
04/17/2000,PNS,FL,ASO,ES,Combined TRACON& Tower with Radar,32,55,46,4,137,0,5,24,4,33,32,60,70,8,170,70,22,92,262
04/18/2000,PNS,FL,ASO,ES,Combined TRACON& Tower with Radar,33,65,70,56,224,0,0,40,49,89,33,65,110,105,313,132,16,148,461
04/19/2000,PNS,FL,ASO,ES,Combined TRACON& Tower with Radar,37,73,105,75,290,0,3,77,22,102,37,76,182,97,392,55,56,111,503
04/20/2000,PNS,FL,ASO,ES,Combined TRACON& Tower with Radar,30,61,88,107,286,0,6,70,17,93,30,67,158,124,379,46,20,66,445
04/21/2000,PNS,FL,ASO,ES,Combined TRACON& Tower with Radar,38,56,66,42,202,0,15,58,10,83,38,71,124,52,285,46,0,46,331
04/22/2000,PNS,FL,ASO,ES,Combined TRACON& Tower with Radar,21,30,32,16,99,10,5,80,0,95,31,35,112,16,194,118,0,118,312
04/23/2000,PNS,FL,ASO,ES,Combined TRACON& Tower with Radar,24,34,36,14,108,11,1,54,0,66,35,35,90,14,174,76,8,84,258
04/24/2000,PNS,FL,ASO,ES,Combined TRACON& Tower with Radar,35,59,37,57,188,0,4,12,7,23,35,63,49,64,211,0,34,34,245
04/25/2000,PNS,FL,ASO,ES,Combined TRACON& Tower with Radar,33,60,49,83,225,0,6,51,27,84,33,66,100,110,309,58,0,58,367
04/26/2000,PNS,FL,ASO,ES,Combined TRACON& Tower with Radar,35,56,69,96,256,0,2,40,22,64,35,58,109,118,320,92,12,104,424
04/27/2000,PNS,FL,ASO,ES,Combined TRACON& Tower with Radar,33,65,56,77,231,0,2,101,26,129,33,67,157,103,360,46,4,50,410
04/28/2000,PNS,FL,ASO,ES,Combined TRACON& Tower with Radar,33,58,54,53,198,0,3,38,5,46,33,61,92,58,244,26,14,40,284
04/29/2000,PNS,FL,ASO,ES,Combined TRACON& Tower with Radar,23,33,38,12,106,8,0,115,0,123,31,33,153,12,229,93,8,101,330
04/30/2000,PNS,FL,ASO,ES,Combined TRACON& Tower with Radar,28,35,44,23,130,7,0,74,0,81,35,35,118,23,211,72,0,72,283
05/01/2000,PNS,FL,ASO,ES,Combined TRACON& Tower with Radar,32,60,66,74,232,0,1,37,18,56,32,61,103,92,288,76,22,98,386
05/02/2000,PNS,FL,ASO,ES,Combined TRACON& Tower with Radar,39,59,85,87,270,0,1,51,12,64,39,60,136,99,334,86,10,96,430
05/03/2000,PNS,FL,ASO,ES,Combined TRACON& Tower with Radar,33,68,70,58,229,0,0,56,23,79,33,68,126,81,308,72,14,86,394
05/04/2000,PNS,FL,ASO,ES,Combined TRACON& Tower with Radar,32,73,109,79,293,0,1,20,13,34,32,74,129,92,327,38,18,56,383
05/05/2000,PNS,FL,ASO,ES,Combined TRACON& Tower with Radar,31,57,91,69,248,0,1,43,18,62,31,58,134,87,310,62,0,62,372
05/06/2000,PNS,FL,ASO,ES,Combined TRACON& Tower with Radar,23,35,40,7,105,11,26,83,0,120,34,61,123,7,225,42,0,42,267
05/07/2000,PNS,FL,ASO,ES,Combined TRACON& Tower with Radar,25,36,42,15,118,11,1,53,0,65,36,37,95,15,183,32,0,32,215
05/08/2000,PNS,FL,ASO,ES,Combined TRACON& Tower with Radar,35,56,37,58,186,0,3,35,28,66,35,59,72,86,252,126,6,132,384
05/09/2000,PNS,FL,ASO,ES,Combined TRACON& Tower with Radar,34,61,39,126,260,0,6,39,16,61,34,67,78,142,321,38,30,68,389
05/10/2000,PNS,FL,ASO,ES,Combined TRACON& Tower with Radar,40,78,61,80,259,0,9,45,14,68,40,87,106,94,327,106,60,166,493
05/11/2000,PNS,FL,ASO,ES,Combined TRACON& Tower with Radar,33,66,69,57,225,0,2,66,16,84,33,68,135,73,309,88,38,126,435
05/12/2000,PNS,FL,ASO,ES,Combined TRACON& Tower with Radar,34,68,73,85,260,0,1,47,26,74,34,69,120,111,334,38,0,38,372
05/13/2000,PNS,FL,ASO,ES,Combined TRACON& Tower with Radar,35,33,24,0,92,0,1,24,4,29,35,34,48,4,121,70,0,70,191
05/14/2000,PNS,FL,ASO,ES,Combined TRACON& Tower with Radar,20,29,35,26,110,12,3,38,0,53,32,32,73,26,163,30,0,30,193
05/15/2000,PNS,FL,ASO,ES,Combined TRACON& Tower with Radar,30,54,64,57,205,0,14,54,13,81,30,68,118,70,286,112,34,146,432
05/16/2000,PNS,FL,ASO,ES,Combined TRACON& Tower with Radar,33,61,68,47,209,0,6,26,17,49,33,67,94,64,258,20,30,50,308
05/17/2000,PNS,FL,ASO,ES,Combined TRACON& Tower with Radar,36,66,84,88,274,0,10,29,18,57,36,76,113,106,331,29,32,61,392
05/18/2000,PNS,FL,ASO,ES,Combined TRACON& Tower with Radar,34,59,77,89,259,0,7,18,6,31,34,66,95,95,290,94,12,106,396
05/19/2000,PNS,FL,ASO,ES,Combined TRACON& Tower with Radar,37,63,74,59,233,0,2,38,12,52,37,65,112,71,285,44,26,70,355
05/20/2000,PNS,FL,ASO,ES,Combined TRACON& Tower with Radar,23,35,43,10,111,11,10,53,0,74,34,45,96,10,185,192,2,194,379
05/21/2000,PNS,FL,ASO,ES,Combined TRACON& Tower with Radar,24,30,44,13,111,10,0,41,0,51,34,30,85,13,162,24,0,24,186
05/22/2000,PNS,FL,ASO,ES,Combined TRACON& Tower with Radar,38,62,66,73,239,0,1,53,12,66,38,63,119,85,305,114,10,124,429
05/23/2000,PNS,FL,ASO,ES,Combined TRACON& Tower with Radar,35,51,78,91,255,0,1,54,17,72,35,52,132,108,327,61,28,89,416
05/24/2000,PNS,FL,ASO,ES,Combined TRACON& Tower with Radar,37,58,101,102,298,0,2,53,15,70,37,60,154,117,368,32,18,50,418
05/25/2000,PNS,FL,ASO,ES,Combined TRACON& Tower with Radar,38,61,68,134,301,0,0,62,35,97,38,61,130,169,398,74,22,96,494
05/26/2000,PNS,FL,ASO,ES,Combined TRACON& Tower with Radar,35,60,98,24,217,0,0,52,11,63,35,60,150,35,280,56,20,76,356
05/27/2000,PNS,FL,ASO,ES,Combined TRACON& Tower with Radar,23,34,41,8,106,13,2,83,0,98,36,36,124,8,204,18,0,18,222
05/28/2000,PNS,FL,ASO,ES,Combined TRACON& Tower with Radar,31,30,26,0,87,0,0,27,5,32,31,30,53,5,119,62,0,62,181
05/29/2000,PNS,FL,ASO,ES,Combined TRACON& Tower with Radar,36,74,53,6,169,0,0,71,10,81,36,74,124,16,250,46,8,54,304
05/30/2000,PNS,FL,ASO,ES,Combined TRACON& Tower with Radar,33,55,52,104,244,0,4,58,21,83,33,59,110,125,327,34,20,54,381
05/31/2000,PNS,FL,ASO,ES,Combined TRACON& Tower with Radar,36,67,54,135,292,0,2,43,16,61,36,69,97,151,353,38,30,68,421
06/01/2000,PNS,FL,ASO,ES,Combined TRACON& Tower with Radar,36,62,49,102,249,0,6,67,25,98,36,68,116,127,347,112,16,128,475
06/02/2000,PNS,FL,ASO,ES,Combined TRACON& Tower with Radar,35,60,63,34,192,0,0,68,13,81,35,60,131,47,273,40,12,52,325
06/03/2000,PNS,FL,ASO,ES,Combined TRACON& Tower with Radar,34,42,32,0,108,0,1,70,4,75,34,43,102,4,183,66,0,66,249
06/04/2000,PNS,FL,ASO,ES,Combined TRACON& Tower with Radar,18,25,27,10,80,15,13,19,0,47,33,38,46,10,127,44,18,62,189
06/05/2000,PNS,FL,ASO,ES,Combined TRACON& Tower with Radar,29,65,67,59,220,0,6,0,55,61,29,71,67,114,281,20,6,26,307
06/06/2000,PNS,FL,ASO,ES,Combined TRACON& Tower with Radar,36,65,48,0,149,0,2,51,7,60,36,67,99,7,209,72,0,72,281
06/07/2000,PNS,FL,ASO,ES,Combined TRACON& Tower with Radar,35,56,82,81,254,0,6,64,22,92,35,62,146,103,346,134,14,148,494
06/08/2000,PNS,FL,ASO,ES,Combined TRACON& Tower with Radar,45,64,94,54,257,0,11,44,12,67,45,75,138,66,324,72,32,104,428
06/09/2000,PNS,FL,ASO,ES,Combined TRACON& Tower with Radar,39,65,55,92,251,0,2,52,13,67,39,67,107,105,318,62,12,74,392
06/10/2000,PNS,FL,ASO,ES,Combined TRACON& Tower with Radar,32,37,52,5,126,0,0,46,0,46,32,37,98,5,172,94,4,98,270
06/11/2000,PNS,FL,ASO,ES,Combined TRACON& Tower with Radar,26,35,43,23,127,10,0,48,0,58,36,35,91,23,185,62,0,62,247
06/12/2000,PNS,FL,ASO,ES,Combined TRACON& Tower with Radar,34,52,55,88,229,0,3,50,19,72,34,55,105,107,301,56,22,78,379
06/13/2000,PNS,FL,ASO,ES,Combined TRACON& Tower with Radar,39,60,75,131,305,0,1,51,15,67,39,61,126,146,372,38,4,42,414
06/14/2000,PNS,FL,ASO,ES,Combined TRACON& Tower with Radar,37,73,78,81,269,0,2,44,11,57,37,75,122,92,326,46,52,98,424
06/15/2000,PNS,FL,ASO,ES,Combined TRACON& Tower with Radar,36,63,58,13,170,0,6,11,7,24,36,69,69,20,194,20,0,20,214
06/16/2000,PNS,FL,ASO,ES,Combined TRACON& Tower with Radar,31,57,44,21,153,0,0,10,8,18,31,57,54,29,171,36,0,36,207
06/17/2000,PNS,FL,ASO,ES,Combined TRACON& Tower with Radar,23,31,34,6,94,13,11,8,0,32,36,42,42,6,126,18,0,18,144
06/18/2000,PNS,FL,ASO,ES,Combined TRACON& Tower with Radar,29,37,46,7,119,6,0,45,0,51,35,37,91,7,170,34,0,34,204
06/19/2000,PNS,FL,ASO,ES,Combined TRACON& Tower with Radar,36,52,85,81,254,0,0,45,9,54,36,52,130,90,308,46,20,66,374
06/20/2000,PNS,FL,ASO,ES,Combined TRACON& Tower with Radar,35,62,68,115,280,0,0,54,12,66,35,62,122,127,346,44,24,68,414
06/21/2000,PNS,FL,ASO,ES,Combined TRACON& Tower with Radar,31,64,65,96,256,0,6,41,16,63,31,70,106,112,319,56,46,102,421
06/22/2000,PNS,FL,ASO,ES,Combined TRACON& Tower with Radar,36,64,41,40,181,0,1,36,10,47,36,65,77,50,228,54,8,62,290
06/23/2000,PNS,FL,ASO,ES,Combined TRACON& Tower with Radar,35,36,69,48,188,0,0,30,11,41,35,36,99,59,229,44,2,46,275
06/24/2000,PNS,FL,ASO,ES,Combined TRACON& Tower with Radar,23,34,37,4,98,14,0,78,0,92,37,34,115,4,190,124,6,130,320
06/25/2000,PNS,FL,ASO,ES,Combined TRACON& Tower with Radar,21,32,34,10,97,12,3,25,0,40,33,35,59,10,137,46,0,46,183
06/26/2000,PNS,FL,ASO,ES,Combined TRACON& Tower with Radar,29,55,57,47,188,0,0,17,29,46,29,55,74,76,234,58,34,92,326
06/27/2000,PNS,FL,ASO,ES,Combined TRACON& Tower with Radar,31,65,67,121,284,0,0,61,16,77,31,65,128,137,361,68,6,74,435
06/28/2000,PNS,FL,ASO,ES,Combined TRACON& Tower with Radar,35,63,85,121,304,0,3,39,10,52,35,66,124,131,356,66,6,72,428
06/29/2000,PNS,FL,ASO,ES,Combined TRACON& Tower with Radar,34,62,52,14,162,0,0,9,6,15,34,62,61,20,177,58,0,58,235
06/30/2000,PNS,FL,ASO,ES,Combined TRACON& Tower with Radar,37,59,72,26,194,0,0,62,5,67,37,59,134,31,261,44,0,44,305
07/01/2000,PNS,FL,ASO,ES,Combined TRACON& Tower with Radar,40,51,53,1,145,0,0,59,3,62,40,51,112,4,207,54,0,54,261
07/02/2000,PNS,FL,ASO,ES,Combined TRACON& Tower with Radar,27,34,43,6,110,0,0,54,1,55,27,34,97,7,165,56,0,56,221
07/03/2000,PNS,FL,ASO,ES,Combined TRACON& Tower with Radar,21,32,28,9,90,1,16,53,0,70,22,48,81,9,160,56,0,56,216
07/04/2000,PNS,FL,ASO,ES,Combined TRACON& Tower with Radar,24,42,17,0,83,0,0,55,0,55,24,42,72,0,138,46,0,46,184
07/05/2000,PNS,FL,ASO,ES,Combined TRACON& Tower with Radar,34,62,48,92,236,0,2,56,8,66,34,64,104,100,302,86,18,104,406
07/06/2000,PNS,FL,ASO,ES,Combined TRACON& Tower with Radar,36,64,69,52,221,0,2,70,10,82,36,66,139,62,303,98,22,120,423
07/07/2000,PNS,FL,ASO,ES,Combined TRACON& Tower with Radar,36,62,73,37,208,0,1,73,2,76,36,63,146,39,284,68,8,76,360
07/08/2000,PNS,FL,ASO,ES,Combined TRACON& Tower with Radar,24,34,32,8,98,8,0,79,0,87,32,34,111,8,185,118,0,118,303
07/09/2000,PNS,FL,ASO,ES,Combined TRACON& Tower with Radar,23,34,31,9,97,13,10,20,0,43,36,44,51,9,140,34,0,34,174
07/10/2000,PNS,FL,ASO,ES,Combined TRACON& Tower with Radar,33,68,48,57,206,0,3,37,21,61,33,71,85,78,267,58,8,66,333
07/11/2000,PNS,FL,ASO,ES,Combined TRACON& Tower with Radar,36,77,56,51,220,0,2,50,10,62,36,79,106,61,282,60,18,78,360
07/12/2000,PNS,FL,ASO,ES,Combined TRACON& Tower with Radar,40,71,47,44,202,0,13,47,16,76,40,84,94,60,278,122,34,156,434
07/13/2000,PNS,FL,ASO,ES,Combined TRACON& Tower with Radar,36,56,53,15,160,0,7,97,12,116,36,63,150,27,276,114,0,114,390
07/14/2000,PNS,FL,ASO,ES,Combined TRACON& Tower with Radar,31,54,49,7,141,0,1,53,13,67,31,55,102,20,208,60,14,74,282
07/15/2000,PNS,FL,ASO,ES,Combined TRACON& Tower with Radar,39,33,62,21,155,0,0,71,11,82,39,33,133,32,237,86,14,100,337
07/16/2000,PNS,FL,ASO,ES,Combined TRACON& Tower with Radar,33,31,50,17,131,0,0,64,8,72,33,31,114,25,203,66,6,72,275
07/17/2000,PNS,FL,ASO,ES,Combined TRACON& Tower with Radar,36,63,86,75,260,0,3,28,12,43,36,66,114,87,303,52,18,70,373
07/18/2000,PNS,FL,ASO,ES,Combined TRACON& Tower with Radar,37,61,55,52,205,0,2,48,28,78,37,63,103,80,283,30,54,84,367
07/19/2000,PNS,FL,ASO,ES,Combined TRACON& Tower with Radar,31,58,47,91,227,0,6,53,16,75,31,64,100,107,302,80,50,130,432
07/20/2000,PNS,FL,ASO,ES,Combined TRACON& Tower with Radar,40,68,66,88,262,0,0,1,1,2,40,68,67,89,264,100,30,130,394
07/21/2000,PNS,FL,ASO,ES,Combined TRACON& Tower with Radar,37,63,79,78,257,0,0,13,3,16,37,63,92,81,273,18,0,18,291
07/22/2000,PNS,FL,ASO,ES,Combined TRACON& Tower with Radar,24,32,33,11,100,12,0,89,0,101,36,32,122,11,201,128,0,128,329
07/23/2000,PNS,FL,ASO,ES,Combined TRACON& Tower with Radar,32,42,46,8,128,0,0,55,11,66,32,42,101,19,194,84,4,88,282
07/24/2000,PNS,FL,ASO,ES,Combined TRACON& Tower with Radar,36,62,58,56,212,0,0,27,37,64,36,62,85,93,276,54,16,70,346
07/25/2000,PNS,FL,ASO,ES,Combined TRACON& Tower with Radar,39,66,40,116,261,0,0,1,0,1,39,66,41,116,262,64,28,92,354
07/26/2000,PNS,FL,ASO,ES,Combined TRACON& Tower with Radar,38,67,75,62,242,0,1,76,2,79,38,68,151,64,321,34,20,54,375
07/27/2000,PNS,FL,ASO,ES,Combined TRACON& Tower with Radar,34,66,41,99,240,0,2,58,5,65,34,68,99,104,305,34,14,48,353
07/28/2000,PNS,FL,ASO,ES,Combined TRACON& Tower with Radar,35,67,65,61,228,0,0,49,49,98,35,67,114,110,326,50,0,50,376
07/29/2000,PNS,FL,ASO,ES,Combined TRACON& Tower with Radar,29,39,36,38,142,4,0,0,6,10,33,39,36,44,152,56,0,56,208
07/30/2000,PNS,FL,ASO,ES,Combined TRACON& Tower with Radar,20,30,28,13,91,15,5,34,0,54,35,35,62,13,145,48,0,48,193
07/31/2000,PNS,FL,ASO,ES,Combined TRACON& Tower with Radar,27,64,24,102,217,0,1,19,23,43,27,65,43,125,260,30,16,46,306
08/01/2000,PNS,FL,ASO,ES,Combined TRACON& Tower with Radar,36,68,59,69,232,0,4,9,46,59,36,72,68,115,291,44,28,72,363
08/02/2000,PNS,FL,ASO,ES,Combined TRACON& Tower with Radar,38,60,51,61,210,0,0,7,27,34,38,60,58,88,244,90,46,136,380
08/03/2000,PNS,FL,ASO,ES,Combined TRACON& Tower with Radar,34,63,48,86,231,0,2,44,4,50,34,65,92,90,281,68,70,138,419
08/04/2000,PNS,FL,ASO,ES,Combined TRACON& Tower with Radar,32,64,54,96,246,0,2,70,23,95,32,66,124,119,341,70,6,76,417
08/05/2000,PNS,FL,ASO,ES,Combined TRACON& Tower with Radar,26,40,33,33,132,15,31,63,0,109,41,71,96,33,241,78,2,80,321
08/06/2000,PNS,FL,ASO,ES,Combined TRACON& Tower with Radar,35,40,35,17,127,0,0,73,15,88,35,40,108,32,215,68,8,76,291
08/07/2000,PNS,FL,ASO,ES,Combined TRACON& Tower with Radar,35,56,38,54,183,0,0,56,20,76,35,56,94,74,259,42,20,62,321
08/08/2000,PNS,FL,ASO,ES,Combined TRACON& Tower with Radar,30,65,97,132,324,0,0,5,3,8,30,65,102,135,332,70,46,116,448
08/09/2000,PNS,FL,ASO,ES,Combined TRACON& Tower with Radar,43,63,49,85,240,0,0,56,13,69,43,63,105,98,309,60,54,114,423
08/10/2000,PNS,FL,ASO,ES,Combined TRACON& Tower with Radar,34,61,44,38,177,0,0,44,9,53,34,61,88,47,230,52,8,60,290
08/11/2000,PNS,FL,ASO,ES,Combined TRACON& Tower with Radar,35,63,75,79,252,0,0,56,0,56,35,63,131,79,308,82,16,98,406
08/12/2000,PNS,FL,ASO,ES,Combined TRACON& Tower with Radar,36,39,55,7,137,0,0,99,7,106,36,39,154,14,243,116,0,116,359
08/13/2000,PNS,FL,ASO,ES,Combined TRACON& Tower with Radar,37,39,46,0,122,0,0,65,9,74,37,39,111,9,196,90,4,94,290
08/14/2000,PNS,FL,ASO,ES,Combined TRACON& Tower with Radar,37,60,49,60,206,0,3,50,17,70,37,63,99,77,276,86,38,124,400
08/15/2000,PNS,FL,ASO,ES,Combined TRACON& Tower with Radar,37,57,49,58,201,0,4,80,4,88,37,61,129,62,289,54,38,92,381
08/16/2000,PNS,FL,ASO,ES,Combined TRACON& Tower with Radar,39,62,30,39,170,0,1,63,10,74,39,63,93,49,244,102,4,106,350
08/17/2000,PNS,FL,ASO,ES,Combined TRACON& Tower with Radar,36,59,23,27,145,0,0,57,4,61,36,59,80,31,206,70,18,88,294
08/18/2000,PNS,FL,ASO,ES,Combined TRACON& Tower with Radar,37,60,67,65,229,0,0,72,16,88,37,60,139,81,317,62,18,80,397
08/19/2000,PNS,FL,ASO,ES,Combined TRACON& Tower with Radar,22,33,27,14,96,19,8,56,0,83,41,41,83,14,179,32,0,32,211
08/20/2000,PNS,FL,ASO,ES,Combined TRACON& Tower with Radar,19,28,23,11,81,16,9,25,0,50,35,37,48,11,131,10,0,10,141
08/21/2000,PNS,FL,ASO,ES,Combined TRACON& Tower with Radar,40,61,72,37,210,0,3,57,7,67,40,64,129,44,277,82,8,90,367
08/22/2000,PNS,FL,ASO,ES,Combined TRACON& Tower with Radar,48,60,66,137,311,0,0,3,4,7,48,60,69,141,318,64,0,64,382
08/23/2000,PNS,FL,ASO,ES,Combined TRACON& Tower with Radar,37,55,85,95,272,0,2,56,13,71,37,57,141,108,343,86,64,150,493
08/24/2000,PNS,FL,ASO,ES,Combined TRACON& Tower with Radar,33,64,98,129,324,0,1,64,7,72,33,65,162,136,396,58,44,102,498
08/25/2000,PNS,FL,ASO,ES,Combined TRACON& Tower with Radar,29,60,64,97,250,0,1,48,9,58,29,61,112,106,308,72,18,90,398
08/26/2000,PNS,FL,ASO,ES,Combined TRACON& Tower with Radar,36,38,56,0,130,0,2,66,14,82,36,40,122,14,212,112,0,112,324
08/27/2000,PNS,FL,ASO,ES,Combined TRACON& Tower with Radar,35,38,33,2,108,0,1,26,8,35,35,39,59,10,143,16,0,16,159
08/28/2000,PNS,FL,ASO,ES,Combined TRACON& Tower with Radar,31,79,34,52,196,0,1,43,15,59,31,80,77,67,255,82,16,98,353
08/29/2000,PNS,FL,ASO,ES,Combined TRACON& Tower with Radar,46,68,91,111,316,0,0,3,4,7,46,68,94,115,323,40,36,76,399
08/30/2000,PNS,FL,ASO,ES,Combined TRACON& Tower with Radar,41,66,39,101,247,0,0,45,16,61,41,66,84,117,308,86,40,126,434
08/31/2000,PNS,FL,ASO,ES,Combined TRACON& Tower with Radar,37,65,59,50,211,0,0,47,4,51,37,65,106,54,262,46,80,126,388
09/01/2000,PNS,FL,ASO,ES,Combined TRACON& Tower with Radar,38,59,45,18,160,0,2,24,6,32,38,61,69,24,192,4,10,14,206
09/02/2000,PNS,FL,ASO,ES,Combined TRACON& Tower with Radar,30,38,37,0,105,0,1,15,0,16,30,39,52,0,121,64,0,64,185
09/03/2000,PNS,FL,ASO,ES,Combined TRACON& Tower with Radar,19,24,25,11,79,9,0,40,0,49,28,24,65,11,128,84,46,130,258
09/04/2000,PNS,FL,ASO,ES,Combined TRACON& Tower with Radar,27,34,35,22,118,5,0,71,0,76,32,34,106,22,194,74,4,78,272
09/05/2000,PNS,FL,ASO,ES,Combined TRACON& Tower with Radar,31,53,50,46,180,0,16,18,28,62,31,69,68,74,242,52,20,72,314
09/06/2000,PNS,FL,ASO,ES,Combined TRACON& Tower with Radar,35,62,38,62,197,0,1,4,1,6,35,63,42,63,203,8,2,10,213
09/07/2000,PNS,FL,ASO,ES,Combined TRACON& Tower with Radar,40,61,28,9,138,0,1,0,1,2,40,62,28,10,140,0,0,0,140
09/08/2000,PNS,FL,ASO,ES,Combined TRACON& Tower with Radar,37,57,39,19,152,0,1,0,1,2,37,58,39,20,154,4,0,4,158
09/09/2000,PNS,FL,ASO,ES,Combined TRACON& Tower with Radar,28,39,39,9,115,2,1,51,0,54,30,40,90,9,169,98,14,112,281
09/10/2000,PNS,FL,ASO,ES,Combined TRACON& Tower with Radar,36,52,64,13,165,0,0,31,6,37,36,52,95,19,202,58,0,58,260
09/11/2000,PNS,FL,ASO,ES,Combined TRACON& Tower with Radar,37,58,55,108,258,0,0,30,5,35,37,58,85,113,293,96,20,116,409
09/12/2000,PNS,FL,ASO,ES,Combined TRACON& Tower with Radar,34,58,53,48,193,0,6,40,16,62,34,64,93,64,255,108,34,142,397
09/13/2000,PNS,FL,ASO,ES,Combined TRACON& Tower with Radar,38,58,55,49,200,0,0,40,21,61,38,58,95,70,261,140,54,194,455
09/14/2000,PNS,FL,ASO,ES,Combined TRACON& Tower with Radar,34,70,51,75,230,0,31,31,3,65,34,101,82,78,295,70,8,78,373
09/15/2000,PNS,FL,ASO,ES,Combined TRACON& Tower with Radar,38,65,62,41,206,0,2,45,11,58,38,67,107,52,264,132,6,138,402
09/16/2000,PNS,FL,ASO,ES,Combined TRACON& Tower with Radar,23,33,31,15,102,13,12,60,0,85,36,45,91,15,187,156,20,176,363
09/17/2000,PNS,FL,ASO,ES,Combined TRACON& Tower with Radar,21,15,28,20,84,13,0,57,0,70,34,15,85,20,154,128,8,136,290
09/18/2000,PNS,FL,ASO,ES,Combined TRACON& Tower with Radar,32,69,57,63,221,0,8,42,11,61,32,77,99,74,282,46,32,78,360
09/19/2000,PNS,FL,ASO,ES,Combined TRACON& Tower with Radar,40,67,80,73,260,0,0,56,64,120,40,67,136,137,380,96,54,150,530
09/20/2000,PNS,FL,ASO,ES,Combined TRACON& Tower with Radar,37,67,59,108,271,0,2,38,7,47,37,69,97,115,318,40,46,86,404
09/21/2000,PNS,FL,ASO,ES,Combined TRACON& Tower with Radar,31,52,40,42,165,0,0,16,3,19,31,52,56,45,184,42,14,56,240
09/22/2000,PNS,FL,ASO,ES,Combined TRACON& Tower with Radar,18,26,25,8,77,21,11,15,0,47,39,37,40,8,124,44,0,44,168
09/23/2000,PNS,FL,ASO,ES,Combined TRACON& Tower with Radar,37,33,43,2,115,0,0,27,2,29,37,33,70,4,144,72,2,74,218
09/24/2000,PNS,FL,ASO,ES,Combined TRACON& Tower with Radar,35,40,63,14,152,0,1,48,6,55,35,41,111,20,207,98,2,100,307
09/25/2000,PNS,FL,ASO,ES,Combined TRACON& Tower with Radar,29,63,52,98,242,0,6,18,3,27,29,69,70,101,269,54,8,62,331
09/26/2000,PNS,FL,ASO,ES,Combined TRACON& Tower with Radar,38,58,60,56,212,0,0,19,42,61,38,58,79,98,273,32,36,68,341
09/27/2000,PNS,FL,ASO,ES,Combined TRACON& Tower with Radar,56,60,76,67,259,5,0,63,12,80,61,60,139,79,339,120,32,152,491
09/28/2000,PNS,FL,ASO,ES,Combined TRACON& Tower with Radar,43,58,62,107,270,0,0,45,9,54,43,58,107,116,324,52,16,68,392
09/29/2000,PNS,FL,ASO,ES,Combined TRACON& Tower with Radar,32,50,60,52,194,0,3,48,9,60,32,53,108,61,254,20,12,32,286
09/30/2000,PNS,FL,ASO,ES,Combined TRACON& Tower with Radar,26,37,34,3,100,6,13,73,0,92,32,50,107,3,192,68,0,68,260
10/01/2000,PNS,FL,ASO,ES,Combined TRACON& Tower with Radar,20,32,35,11,98,18,2,60,0,80,38,34,95,11,178,78,0,78,256
10/02/2000,PNS,FL,ASO,ES,Combined TRACON& Tower with Radar,31,67,28,81,207,1,2,39,8,50,32,69,67,89,257,92,0,92,349
10/03/2000,PNS,FL,ASO,ES,Combined TRACON& Tower with Radar,45,61,74,73,253,1,0,42,43,86,46,61,116,116,339,54,20,74,413
10/04/2000,PNS,FL,ASO,ES,Combined TRACON& Tower with Radar,36,61,66,65,228,0,15,43,15,73,36,76,109,80,301,104,36,140,441
10/05/2000,PNS,FL,ASO,ES,Combined TRACON& Tower with Radar,32,58,81,55,226,1,0,63,4,68,33,58,144,59,294,76,2,78,372
10/06/2000,PNS,FL,ASO,ES,Combined TRACON& Tower with Radar,34,53,56,33,176,1,12,17,0,30,35,65,73,33,206,6,0,6,212
10/07/2000,PNS,FL,ASO,ES,Combined TRACON& Tower with Radar,35,37,29,5,106,1,2,43,0,46,36,39,72,5,152,62,0,62,214
10/08/2000,PNS,FL,ASO,ES,Combined TRACON& Tower with Radar,17,27,30,9,83,16,4,33,0,53,33,31,63,9,136,10,2,12,148
10/09/2000,PNS,FL,ASO,ES,Combined TRACON& Tower with Radar,31,48,49,10,138,1,3,56,3,63,32,51,105,13,201,52,0,52,253
10/10/2000,PNS,FL,ASO,ES,Combined TRACON& Tower with Radar,37,51,73,73,234,0,0,51,47,98,37,51,124,120,332,98,18,116,448
10/11/2000,PNS,FL,ASO,ES,Combined TRACON& Tower with Radar,42,65,57,92,256,1,3,52,6,62,43,68,109,98,318,150,68,218,536
10/12/2000,PNS,FL,ASO,ES,Combined TRACON& Tower with Radar,33,52,47,40,172,1,2,57,1,61,34,54,104,41,233,64,6,70,303
10/13/2000,PNS,FL,ASO,ES,Combined TRACON& Tower with Radar,31,53,61,36,181,1,10,74,6,91,32,63,135,42,272,42,0,42,314
10/14/2000,PNS,FL,ASO,ES,Combined TRACON& Tower with Radar,33,37,63,2,135,1,1,73,6,81,34,38,136,8,216,98,0,98,314
10/15/2000,PNS,FL,ASO,ES,Combined TRACON& Tower with Radar,30,30,58,21,139,0,1,40,0,41,30,31,98,21,180,70,0,70,250
10/16/2000,PNS,FL,ASO,ES,Combined TRACON& Tower with Radar,32,55,63,83,233,1,5,31,7,44,33,60,94,90,277,50,0,50,327
10/17/2000,PNS,FL,ASO,ES,Combined TRACON& Tower with Radar,34,56,63,61,214,0,0,72,0,72,34,56,135,61,286,86,26,112,398
10/18/2000,PNS,FL,ASO,ES,Combined TRACON& Tower with Radar,39,61,43,91,234,1,3,47,6,57,40,64,90,97,291,146,64,210,501
10/19/2000,PNS,FL,ASO,ES,Combined TRACON& Tower with Radar,37,59,66,62,224,1,1,63,8,73,38,60,129,70,297,152,10,162,459
10/20/2000,PNS,FL,ASO,ES,Combined TRACON& Tower with Radar,31,58,50,75,214,1,2,46,2,51,32,60,96,77,265,60,18,78,343
10/21/2000,PNS,FL,ASO,ES,Combined TRACON& Tower with Radar,24,37,40,12,113,10,3,78,0,91,34,40,118,12,204,128,0,128,332
10/22/2000,PNS,FL,ASO,ES,Combined TRACON& Tower with Radar,27,43,46,32,148,4,0,68,0,72,31,43,114,32,220,70,16,86,306
10/23/2000,PNS,FL,ASO,ES,Combined TRACON& Tower with Radar,31,58,36,106,231,1,1,42,12,56,32,59,78,118,287,48,44,92,379
10/24/2000,PNS,FL,ASO,ES,Combined TRACON& Tower with Radar,35,65,76,76,252,0,0,39,32,71,35,65,115,108,323,58,28,86,409
10/25/2000,PNS,FL,ASO,ES,Combined TRACON& Tower with Radar,32,65,63,73,233,1,3,45,4,53,33,68,108,77,286,64,54,118,404
10/26/2000,PNS,FL,ASO,ES,Combined TRACON& Tower with Radar,37,63,66,66,232,0,0,24,23,47,37,63,90,89,279,64,24,88,367
10/27/2000,PNS,FL,ASO,ES,Combined TRACON& Tower with Radar,37,66,63,87,253,1,2,56,17,76,38,68,119,104,329,70,6,76,405
10/28/2000,PNS,FL,ASO,ES,Combined TRACON& Tower with Radar,34,38,39,1,112,1,2,59,1,63,35,40,98,2,175,128,0,128,303
10/29/2000,PNS,FL,ASO,ES,Combined TRACON& Tower with Radar,31,34,79,20,164,1,1,63,1,66,32,35,142,21,230,80,0,80,310
10/30/2000,PNS,FL,ASO,ES,Combined TRACON& Tower with Radar,36,62,67,66,231,0,0,30,27,57,36,62,97,93,288,42,26,68,356
10/31/2000,PNS,FL,ASO,ES,Combined TRACON& Tower with Radar,33,57,43,67,200,1,4,41,10,56,34,61,84,77,256,50,52,102,358
11/01/2000,PNS,FL,ASO,ES,Combined TRACON& Tower with Radar,34,52,55,44,185,0,7,24,2,33,34,59,79,46,218,46,36,82,300
11/02/2000,PNS,FL,ASO,ES,Combined TRACON& Tower with Radar,36,65,119,39,259,0,2,46,16,64,36,67,165,55,323,48,10,58,381
11/03/2000,PNS,FL,ASO,ES,Combined TRACON& Tower with Radar,38,57,59,49,203,2,7,50,5,64,40,64,109,54,267,86,22,108,375
11/04/2000,PNS,FL,ASO,ES,Combined TRACON& Tower with Radar,38,32,40,14,124,0,1,44,9,54,38,33,84,23,178,62,16,78,256
11/05/2000,PNS,FL,ASO,ES,Combined TRACON& Tower with Radar,27,30,42,25,124,2,0,35,0,37,29,30,77,25,161,20,0,20,181
11/06/2000,PNS,FL,ASO,ES,Combined TRACON& Tower with Radar,36,61,23,41,161,0,1,0,7,8,36,62,23,48,169,12,0,12,181
11/07/2000,PNS,FL,ASO,ES,Combined TRACON& Tower with Radar,36,70,37,131,274,0,1,12,13,26,36,71,49,144,300,56,76,132,432
11/08/2000,PNS,FL,ASO,ES,Combined TRACON& Tower with Radar,40,98,36,69,243,0,1,2,6,9,40,99,38,75,252,8,0,8,260
11/09/2000,PNS,FL,ASO,ES,Combined TRACON& Tower with Radar,32,50,68,72,222,0,6,15,10,31,32,56,83,82,253,104,32,136,389
11/10/2000,PNS,FL,ASO,ES,Combined TRACON& Tower with Radar,34,57,59,14,164,0,8,113,0,121,34,65,172,14,285,88,0,88,373
11/11/2000,PNS,FL,ASO,ES,Combined TRACON& Tower with Radar,28,37,43,10,118,7,0,102,0,109,35,37,145,10,227,48,0,48,275
11/12/2000,PNS,FL,ASO,ES,Combined TRACON& Tower with Radar,32,32,49,24,137,1,0,113,0,114,33,32,162,24,251,128,4,132,383
11/13/2000,PNS,FL,ASO,ES,Combined TRACON& Tower with Radar,35,66,52,67,220,0,1,0,9,10,35,67,52,76,230,24,24,48,278
11/14/2000,PNS,FL,ASO,ES,Combined TRACON& Tower with Radar,33,60,61,54,208,0,3,47,18,68,33,63,108,72,276,72,30,102,378
11/15/2000,PNS,FL,ASO,ES,Combined TRACON& Tower with Radar,42,57,65,86,250,0,4,54,22,80,42,61,119,108,330,116,38,154,484
11/16/2000,PNS,FL,ASO,ES,Combined TRACON& Tower with Radar,34,61,56,62,213,0,2,0,10,12,34,63,56,72,225,44,2,46,271
11/17/2000,PNS,FL,ASO,ES,Combined TRACON& Tower with Radar,42,59,58,104,263,0,0,1,6,7,42,59,59,110,270,4,0,4,274
11/18/2000,PNS,FL,ASO,ES,Combined TRACON& Tower with Radar,19,26,21,6,72,10,15,0,0,25,29,41,21,6,97,0,0,0,97
11/19/2000,PNS,FL,ASO,ES,Combined TRACON& Tower with Radar,21,29,18,20,88,10,10,0,0,20,31,39,18,20,108,0,0,0,108
11/20/2000,PNS,FL,ASO,ES,Combined TRACON& Tower with Radar,32,59,42,26,159,0,3,44,9,56,32,62,86,35,215,82,10,92,307
11/21/2000,PNS,FL,ASO,ES,Combined TRACON& Tower with Radar,37,61,62,52,212,0,5,39,44,88,37,66,101,96,300,90,22,112,412
11/22/2000,PNS,FL,ASO,ES,Combined TRACON& Tower with Radar,31,60,64,78,233,0,1,65,16,82,31,61,129,94,315,68,0,68,383
11/23/2000,PNS,FL,ASO,ES,Combined TRACON& Tower with Radar,25,39,25,0,89,0,0,24,0,24,25,39,49,0,113,28,0,28,141
11/24/2000,PNS,FL,ASO,ES,Combined TRACON& Tower with Radar,28,34,18,0,80,0,0,1,0,1,28,34,19,0,81,0,0,0,81
11/25/2000,PNS,FL,ASO,ES,Combined TRACON& Tower with Radar,22,29,35,9,95,9,0,65,0,74,31,29,100,9,169,100,0,100,269
11/26/2000,PNS,FL,ASO,ES,Combined TRACON& Tower with Radar,32,39,50,6,127,5,0,98,0,103,37,39,148,6,230,58,0,58,288
11/27/2000,PNS,FL,ASO,ES,Combined TRACON& Tower with Radar,28,62,54,48,192,0,0,39,23,62,28,62,93,71,254,32,34,66,320
11/28/2000,PNS,FL,ASO,ES,Combined TRACON& Tower with Radar,40,58,67,57,222,0,0,27,65,92,40,58,94,122,314,74,40,114,428
11/29/2000,PNS,FL,ASO,ES,Combined TRACON& Tower with Radar,40,63,37,122,262,0,1,61,18,80,40,64,98,140,342,118,90,208,550
11/30/2000,PNS,FL,ASO,ES,Combined TRACON& Tower with Radar,36,55,51,86,228,0,1,41,20,62,36,56,92,106,290,54,26,80,370
12/01/2000,PNS,FL,ASO,ES,Combined TRACON& Tower with Radar,38,68,53,97,256,0,2,68,6,76,38,70,121,103,332,110,6,116,448
12/02/2000,PNS,FL,ASO,ES,Combined TRACON& Tower with Radar,31,35,49,20,135,0,1,31,2,34,31,36,80,22,169,54,0,54,223
12/03/2000,PNS,FL,ASO,ES,Combined TRACON& Tower with Radar,36,33,29,30,128,0,1,39,22,62,36,34,68,52,190,66,32,98,288
12/04/2000,PNS,FL,ASO,ES,Combined TRACON& Tower with Radar,37,59,64,79,239,0,3,50,8,61,37,62,114,87,300,90,40,130,430
12/05/2000,PNS,FL,ASO,ES,Combined TRACON& Tower with Radar,33,52,53,46,184,0,16,34,17,67,33,68,87,63,251,76,32,108,359
12/06/2000,PNS,FL,ASO,ES,Combined TRACON& Tower with Radar,36,62,65,55,218,0,0,19,32,51,36,62,84,87,269,44,56,100,369
12/07/2000,PNS,FL,ASO,ES,Combined TRACON& Tower with Radar,38,59,51,73,221,0,1,52,1,54,38,60,103,74,275,48,16,64,339
12/08/2000,PNS,FL,ASO,ES,Combined TRACON& Tower with Radar,33,64,69,49,215,0,0,28,1,29,33,64,97,50,244,44,16,60,304
12/09/2000,PNS,FL,ASO,ES,Combined TRACON& Tower with Radar,32,37,72,11,152,0,0,54,0,54,32,37,126,11,206,126,0,126,332
12/10/2000,PNS,FL,ASO,ES,Combined TRACON& Tower with Radar,33,29,67,11,140,0,0,23,0,23,33,29,90,11,163,70,0,70,233
12/11/2000,PNS,FL,ASO,ES,Combined TRACON& Tower with Radar,35,60,66,40,201,0,0,2,0,2,35,60,68,40,203,0,0,0,203
12/12/2000,PNS,FL,ASO,ES,Combined TRACON& Tower with Radar,33,58,60,51,202,0,0,33,35,68,33,58,93,86,270,70,42,112,382
12/13/2000,PNS,FL,ASO,ES,Combined TRACON& Tower with Radar,25,66,65,124,280,0,0,5,0,5,25,66,70,124,285,28,44,72,357
12/14/2000,PNS,FL,ASO,ES,Combined TRACON& Tower with Radar,31,61,51,61,204,0,0,0,43,43,31,61,51,104,247,4,14,18,265
12/15/2000,PNS,FL,ASO,ES,Combined TRACON& Tower with Radar,27,48,50,4,129,0,0,2,0,2,27,48,52,4,131,0,0,0,131
12/16/2000,PNS,FL,ASO,ES,Combined TRACON& Tower with Radar,17,26,25,1,69,10,14,12,0,36,27,40,37,1,105,2,0,2,107
12/17/2000,PNS,FL,ASO,ES,Combined TRACON& Tower with Radar,33,29,40,13,115,0,0,37,3,40,33,29,77,16,155,102,0,102,257
12/18/2000,PNS,FL,ASO,ES,Combined TRACON& Tower with Radar,33,61,103,129,326,0,1,50,4,55,33,62,153,133,381,72,22,94,475
12/19/2000,PNS,FL,ASO,ES,Combined TRACON& Tower with Radar,35,59,61,51,206,0,2,3,28,33,35,61,64,79,239,30,38,68,307
12/20/2000,PNS,FL,ASO,ES,Combined TRACON& Tower with Radar,38,58,81,84,261,0,0,57,2,59,38,58,138,86,320,74,28,102,422
12/21/2000,PNS,FL,ASO,ES,Combined TRACON& Tower with Radar,37,60,43,72,212,0,0,27,6,33,37,60,70,78,245,46,30,76,321
12/22/2000,PNS,FL,ASO,ES,Combined TRACON& Tower with Radar,42,55,56,50,203,0,0,50,1,51,42,55,106,51,254,48,0,48,302
12/23/2000,PNS,FL,ASO,ES,Combined TRACON& Tower with Radar,21,33,33,0,87,10,4,74,0,88,31,37,107,0,175,48,0,48,223
12/24/2000,PNS,FL,ASO,ES,Combined TRACON& Tower with Radar,12,21,20,0,53,16,1,25,0,42,28,22,45,0,95,16,0,16,111
12/25/2000,PNS,FL,ASO,ES,Combined TRACON& Tower with Radar,26,21,9,0,56,0,0,19,0,19,26,21,28,0,75,16,0,16,91
12/26/2000,PNS,FL,ASO,ES,Combined TRACON& Tower with Radar,27,44,43,30,144,4,18,29,0,51,31,62,72,30,195,98,22,120,315
12/27/2000,PNS,FL,ASO,ES,Combined TRACON& Tower with Radar,40,64,30,0,134,0,0,1,0,1,40,64,31,0,135,0,0,0,135
12/28/2000,PNS,FL,ASO,ES,Combined TRACON& Tower with Radar,26,41,35,2,104,12,25,0,0,37,38,66,35,2,141,0,0,0,141
12/29/2000,PNS,FL,ASO,ES,Combined TRACON& Tower with Radar,33,67,57,35,192,0,10,57,2,69,33,77,114,37,261,98,28,126,387
12/30/2000,PNS,FL,ASO,ES,Combined TRACON& Tower with Radar,28,34,43,0,105,0,0,70,0,70,28,34,113,0,175,72,4,76,251
12/31/2000,PNS,FL,ASO,ES,Combined TRACON& Tower with Radar,24,23,40,1,88,0,0,52,0,52,24,23,92,1,140,46,0,46,186
01/01/2001,PNS,FL,ASO,ES,Combined TRACON& Tower with Radar,27,38,40,0,105,2,0,20,0,22,29,38,60,0,127,24,0,24,151
01/02/2001,PNS,FL,ASO,ES,Combined TRACON& Tower with Radar,29,48,46,42,165,6,13,48,0,67,35,61,94,42,232,56,40,96,328
01/03/2001,PNS,FL,ASO,ES,Combined TRACON& Tower with Radar,36,70,54,69,229,1,0,50,2,53,37,70,104,71,282,62,48,110,392
01/04/2001,PNS,FL,ASO,ES,Combined TRACON& Tower with Radar,36,60,49,86,231,1,3,64,0,68,37,63,113,86,299,26,30,56,355
01/05/2001,PNS,FL,ASO,ES,Combined TRACON& Tower with Radar,33,59,49,39,180,1,1,45,0,47,34,60,94,39,227,46,40,86,313
01/06/2001,PNS,FL,ASO,ES,Combined TRACON& Tower with Radar,38,33,51,23,145,1,1,88,6,96,39,34,139,29,241,168,24,192,433
01/07/2001,PNS,FL,ASO,ES,Combined TRACON& Tower with Radar,30,31,47,10,118,1,1,48,0,50,31,32,95,10,168,78,0,78,246
01/08/2001,PNS,FL,ASO,ES,Combined TRACON& Tower with Radar,30,56,44,34,164,1,10,39,0,50,31,66,83,34,214,88,22,110,324
01/09/2001,PNS,FL,ASO,ES,Combined TRACON& Tower with Radar,36,56,55,64,211,2,6,21,7,36,38,62,76,71,247,12,28,40,287
01/10/2001,PNS,FL,ASO,ES,Combined TRACON& Tower with Radar,37,69,74,83,263,0,0,44,34,78,37,69,118,117,341,64,34,98,439
01/11/2001,PNS,FL,ASO,ES,Combined TRACON& Tower with Radar,34,67,48,25,174,1,0,9,0,10,35,67,57,25,184,6,0,6,190
01/12/2001,PNS,FL,ASO,ES,Combined TRACON& Tower with Radar,41,52,50,98,241,1,2,19,4,26,42,54,69,102,267,16,22,38,305
01/13/2001,PNS,FL,ASO,ES,Combined TRACON& Tower with Radar,37,31,75,23,166,1,1,88,9,99,38,32,163,32,265,112,46,158,423
01/14/2001,PNS,FL,ASO,ES,Combined TRACON& Tower with Radar,33,31,79,20,163,1,1,28,3,33,34,32,107,23,196,128,8,136,332
01/15/2001,PNS,FL,ASO,ES,Combined TRACON& Tower with Radar,40,44,51,11,146,1,1,6,0,8,41,45,57,11,154,10,0,10,164
01/16/2001,PNS,FL,ASO,ES,Combined TRACON& Tower with Radar,38,64,55,76,233,0,0,0,27,27,38,64,55,103,260,14,44,58,318
01/17/2001,PNS,FL,ASO,ES,Combined TRACON& Tower with Radar,32,63,67,114,276,1,0,8,0,9,33,63,75,114,285,30,0,30,315
01/18/2001,PNS,FL,ASO,ES,Combined TRACON& Tower with Radar,27,46,49,53,175,0,0,13,0,13,27,46,62,53,188,12,8,20,208
01/19/2001,PNS,FL,ASO,ES,Combined TRACON& Tower with Radar,26,41,24,48,139,4,12,0,2,18,30,53,24,50,157,0,2,2,159
01/20/2001,PNS,FL,ASO,ES,Combined TRACON& Tower with Radar,35,46,34,21,136,1,1,43,22,67,36,47,77,43,203,64,8,72,275
01/21/2001,PNS,FL,ASO,ES,Combined TRACON& Tower with Radar,25,31,39,46,141,9,0,70,5,84,34,31,109,51,225,78,40,118,343
01/22/2001,PNS,FL,ASO,ES,Combined TRACON& Tower with Radar,36,55,56,63,210,0,7,41,16,64,36,62,97,79,274,52,60,112,386
01/23/2001,PNS,FL,ASO,ES,Combined TRACON& Tower with Radar,36,54,56,62,208,2,16,46,10,74,38,70,102,72,282,132,116,248,530
01/24/2001,PNS,FL,ASO,ES,Combined TRACON& Tower with Radar,36,56,62,70,224,0,0,52,29,81,36,56,114,99,305,116,92,208,513
01/25/2001,PNS,FL,ASO,ES,Combined TRACON& Tower with Radar,31,68,44,66,209,1,3,69,1,74,32,71,113,67,283,120,62,182,465
01/26/2001,PNS,FL,ASO,ES,Combined TRACON& Tower with Radar,28,55,53,59,195,1,3,76,9,89,29,58,129,68,284,138,120,258,542
01/27/2001,PNS,FL,ASO,ES,Combined TRACON& Tower with Radar,31,34,69,28,162,1,0,38,0,39,32,34,107,28,201,116,4,120,321
01/28/2001,PNS,FL,ASO,ES,Combined TRACON& Tower with Radar,30,31,39,44,144,1,0,52,10,63,31,31,91,54,207,50,14,64,271
01/29/2001,PNS,FL,ASO,ES,Combined TRACON& Tower with Radar,33,67,31,93,224,1,0,17,0,18,34,67,48,93,242,14,0,14,256
01/30/2001,PNS,FL,ASO,ES,Combined TRACON& Tower with Radar,37,51,68,75,231,0,0,44,56,100,37,51,112,131,331,86,4,90,421
01/31/2001,PNS,FL,ASO,ES,Combined TRACON& Tower with Radar,35,60,69,76,240,0,0,49,52,101,35,60,118,128,341,50,76,126,467
02/01/2001,PNS,FL,ASO,ES,Combined TRACON& Tower with Radar,41,64,91,88,284,0,7,34,10,51,41,71,125,98,335,52,164,216,551
02/02/2001,PNS,FL,ASO,ES,Combined TRACON& Tower with Radar,37,64,79,38,218,0,8,37,11,56,37,72,116,49,274,110,34,144,418
02/03/2001,PNS,FL,ASO,ES,Combined TRACON& Tower with Radar,32,40,45,32,149,0,0,66,23,89,32,40,111,55,238,120,64,184,422
02/04/2001,PNS,FL,ASO,ES,Combined TRACON& Tower with Radar,26,28,41,34,129,6,0,60,10,76,32,28,101,44,205,62,12,74,279
02/05/2001,PNS,FL,ASO,ES,Combined TRACON& Tower with Radar,35,52,57,48,192,3,12,36,16,67,38,64,93,64,259,114,40,154,413
02/06/2001,PNS,FL,ASO,ES,Combined TRACON& Tower with Radar,36,62,68,58,224,0,10,60,16,86,36,72,128,74,310,124,16,140,450
02/07/2001,PNS,FL,ASO,ES,Combined TRACON& Tower with Radar,35,60,66,57,218,0,3,107,3,113,35,63,173,60,331,118,60,178,509
02/08/2001,PNS,FL,ASO,ES,Combined TRACON& Tower with Radar,35,60,86,46,227,0,1,51,10,62,35,61,137,56,289,92,70,162,451
02/09/2001,PNS,FL,ASO,ES,Combined TRACON& Tower with Radar,31,65,67,91,254,0,0,14,4,18,31,65,81,95,272,6,0,6,278
02/10/2001,PNS,FL,ASO,ES,Combined TRACON& Tower with Radar,23,36,38,12,109,15,1,34,0,50,38,37,72,12,159,84,0,84,243
02/11/2001,PNS,FL,ASO,ES,Combined TRACON& Tower with Radar,38,34,49,20,141,0,0,63,10,73,38,34,112,30,214,150,0,150,364
02/12/2001,PNS,FL,ASO,ES,Combined TRACON& Tower with Radar,27,41,44,7,119,7,20,3,0,30,34,61,47,7,149,0,0,0,149
02/13/2001,PNS,FL,ASO,ES,Combined TRACON& Tower with Radar,32,41,22,1,96,0,0,0,3,3,32,41,22,4,99,0,0,0,99
02/14/2001,PNS,FL,ASO,ES,Combined TRACON& Tower with Radar,17,35,35,32,119,0,0,0,12,12,17,35,35,44,131,0,0,0,131
02/15/2001,PNS,FL,ASO,ES,Combined TRACON& Tower with Radar,32,48,68,57,205,0,0,10,3,13,32,48,78,60,218,12,0,12,230
02/16/2001,PNS,FL,ASO,ES,Combined TRACON& Tower with Radar,32,50,41,56,179,0,0,5,3,8,32,50,46,59,187,8,0,8,195
02/17/2001,PNS,FL,ASO,ES,Combined TRACON& Tower with Radar,33,40,58,0,131,0,0,46,18,64,33,40,104,18,195,64,2,66,261
02/18/2001,PNS,FL,ASO,ES,Combined TRACON& Tower with Radar,29,33,47,38,147,10,0,95,0,105,39,33,142,38,252,78,0,78,330
02/19/2001,PNS,FL,ASO,ES,Combined TRACON& Tower with Radar,36,57,104,29,226,0,0,56,21,77,36,57,160,50,303,60,36,96,399
02/20/2001,PNS,FL,ASO,ES,Combined TRACON& Tower with Radar,34,65,67,43,209,0,0,54,13,67,34,65,121,56,276,126,84,210,486
02/21/2001,PNS,FL,ASO,ES,Combined TRACON& Tower with Radar,28,43,41,19,131,8,19,0,0,27,36,62,41,19,158,0,18,18,176
02/22/2001,PNS,FL,ASO,ES,Combined TRACON& Tower with Radar,38,59,73,87,257,0,0,26,8,34,38,59,99,95,291,68,22,90,381
02/23/2001,PNS,FL,ASO,ES,Combined TRACON& Tower with Radar,36,61,75,132,304,0,1,38,26,65,36,62,113,158,369,68,70,138,507
02/24/2001,PNS,FL,ASO,ES,Combined TRACON& Tower with Radar,37,44,29,6,116,0,0,0,3,3,37,44,29,9,119,0,0,0,119
02/25/2001,PNS,FL,ASO,ES,Combined TRACON& Tower with Radar,40,32,50,60,182,0,0,0,2,2,40,32,50,62,184,0,0,0,184
02/26/2001,PNS,FL,ASO,ES,Combined TRACON& Tower with Radar,43,79,91,80,293,0,0,6,55,61,43,79,97,135,354,84,42,126,480
02/27/2001,PNS,FL,ASO,ES,Combined TRACON& Tower with Radar,35,67,36,162,300,0,0,40,8,48,35,67,76,170,348,128,50,178,526
02/28/2001,PNS,FL,ASO,ES,Combined TRACON& Tower with Radar,39,68,60,73,240,0,0,11,2,13,39,68,71,75,253,22,36,58,311
03/01/2001,PNS,FL,ASO,ES,Combined TRACON& Tower with Radar,37,86,62,172,357,0,0,27,12,39,37,86,89,184,396,60,12,72,468
03/02/2001,PNS,FL,ASO,ES,Combined TRACON& Tower with Radar,36,67,74,89,266,0,0,23,11,34,36,67,97,100,300,20,0,20,320
03/03/2001,PNS,FL,ASO,ES,Combined TRACON& Tower with Radar,14,18,11,1,44,23,8,0,0,31,37,26,11,1,75,0,0,0,75
03/04/2001,PNS,FL,ASO,ES,Combined TRACON& Tower with Radar,30,39,44,51,164,13,0,49,3,65,43,39,93,54,229,36,30,66,295
03/05/2001,PNS,FL,ASO,ES,Combined TRACON& Tower with Radar,37,51,55,65,208,3,13,43,13,72,40,64,98,78,280,78,56,134,414
03/06/2001,PNS,FL,ASO,ES,Combined TRACON& Tower with Radar,35,54,46,100,235,0,4,64,20,88,35,58,110,120,323,46,54,100,423
03/07/2001,PNS,FL,ASO,ES,Combined TRACON& Tower with Radar,40,59,75,86,260,0,0,112,13,125,40,59,187,99,385,124,38,162,547
03/08/2001,PNS,FL,ASO,ES,Combined TRACON& Tower with Radar,36,62,79,104,281,0,2,98,13,113,36,64,177,117,394,78,24,102,496
03/09/2001,PNS,FL,ASO,ES,Combined TRACON& Tower with Radar,35,53,60,70,218,0,8,6,12,26,35,61,66,82,244,16,28,44,288
03/10/2001,PNS,FL,ASO,ES,Combined TRACON& Tower with Radar,31,41,46,28,146,6,6,114,0,126,37,47,160,28,272,98,24,122,394
03/11/2001,PNS,FL,ASO,ES,Combined TRACON& Tower with Radar,39,34,58,70,201,3,0,77,40,120,42,34,135,110,321,42,36,78,399
03/12/2001,PNS,FL,ASO,ES,Combined TRACON& Tower with Radar,19,24,16,2,61,19,18,0,0,37,38,42,16,2,98,0,0,0,98
03/13/2001,PNS,FL,ASO,ES,Combined TRACON& Tower with Radar,44,67,60,128,299,0,3,69,15,87,44,70,129,143,386,82,52,134,520
03/14/2001,PNS,FL,ASO,ES,Combined TRACON& Tower with Radar,39,49,59,67,214,0,3,46,11,60,39,52,105,78,274,80,14,94,368
03/15/2001,PNS,FL,ASO,ES,Combined TRACON& Tower with Radar,37,55,64,73,229,0,2,38,5,45,37,57,102,78,274,88,14,102,376
03/16/2001,PNS,FL,ASO,ES,Combined TRACON& Tower with Radar,33,57,61,67,218,0,5,100,0,105,33,62,161,67,323,124,20,144,467
03/17/2001,PNS,FL,ASO,ES,Combined TRACON& Tower with Radar,20,28,30,25,103,15,9,19,0,43,35,37,49,25,146,90,10,100,246
03/18/2001,PNS,FL,ASO,ES,Combined TRACON& Tower with Radar,31,41,48,57,177,8,0,57,13,78,39,41,105,70,255,76,18,94,349
03/19/2001,PNS,FL,ASO,ES,Combined TRACON& Tower with Radar,37,68,37,47,189,0,0,5,8,13,37,68,42,55,202,16,30,46,248
03/20/2001,PNS,FL,ASO,ES,Combined TRACON& Tower with Radar,35,51,39,9,134,0,0,1,3,4,35,51,40,12,138,0,0,0,138
03/21/2001,PNS,FL,ASO,ES,Combined TRACON& Tower with Radar,40,64,68,82,254,0,1,5,27,33,40,65,73,109,287,58,54,112,399
03/22/2001,PNS,FL,ASO,ES,Combined TRACON& Tower with Radar,39,64,84,100,287,0,5,76,17,98,39,69,160,117,385,94,38,132,517
03/23/2001,PNS,FL,ASO,ES,Combined TRACON& Tower with Radar,35,64,70,85,254,0,4,69,17,90,35,68,139,102,344,114,16,130,474
03/24/2001,PNS,FL,ASO,ES,Combined TRACON& Tower with Radar,34,36,54,20,144,0,0,76,16,92,34,36,130,36,236,82,0,82,318
03/25/2001,PNS,FL,ASO,ES,Combined TRACON& Tower with Radar,34,33,56,10,133,0,0,49,12,61,34,33,105,22,194,82,30,112,306
03/26/2001,PNS,FL,ASO,ES,Combined TRACON& Tower with Radar,32,50,55,66,203,0,9,39,23,71,32,59,94,89,274,94,42,136,410
03/27/2001,PNS,FL,ASO,ES,Combined TRACON& Tower with Radar,33,45,61,123,262,0,3,55,22,80,33,48,116,145,342,106,42,148,490
03/28/2001,PNS,FL,ASO,ES,Combined TRACON& Tower with Radar,38,62,81,99,280,0,0,5,46,51,38,62,86,145,331,18,10,28,359
03/29/2001,PNS,FL,ASO,ES,Combined TRACON& Tower with Radar,35,49,55,72,211,0,0,0,31,31,35,49,55,103,242,22,28,50,292
03/30/2001,PNS,FL,ASO,ES,Combined TRACON& Tower with Radar,38,60,83,111,292,0,9,37,8,54,38,69,120,119,346,86,60,146,492
03/31/2001,PNS,FL,ASO,ES,Combined TRACON& Tower with Radar,26,31,38,12,107,8,0,113,0,121,34,31,151,12,228,74,0,74,302
04/01/2001,PNS,FL,ASO,ES,Combined TRACON& Tower with Radar,27,34,47,44,152,12,0,68,8,88,39,34,115,52,240,88,0,88,328
04/02/2001,PNS,FL,ASO,ES,Combined TRACON& Tower with Radar,35,55,52,70,212,0,4,0,60,64,35,59,52,130,276,32,2,34,310
04/03/2001,PNS,FL,ASO,ES,Combined TRACON& Tower with Radar,30,51,77,83,241,0,0,37,5,42,30,51,114,88,283,30,10,40,323
04/04/2001,PNS,FL,ASO,ES,Combined TRACON& Tower with Radar,25,31,42,19,117,8,22,15,0,45,33,53,57,19,162,24,0,24,186
04/05/2001,PNS,FL,ASO,ES,Combined TRACON& Tower with Radar,39,55,91,81,266,0,1,28,2,31,39,56,119,83,297,40,10,50,347
04/06/2001,PNS,FL,ASO,ES,Combined TRACON& Tower with Radar,32,59,105,53,249,0,0,3,2,5,32,59,108,55,254,0,0,0,254
04/07/2001,PNS,FL,ASO,ES,Combined TRACON& Tower with Radar,27,29,46,17,119,4,0,77,0,81,31,29,123,17,200,54,0,54,254
04/08/2001,PNS,FL,ASO,ES,Combined TRACON& Tower with Radar,37,32,135,37,241,0,0,2,2,4,37,32,137,39,245,44,0,44,289
04/09/2001,PNS,FL,ASO,ES,Combined TRACON& Tower with Radar,38,53,37,95,223,0,0,51,7,58,38,53,88,102,281,36,42,78,359
04/10/2001,PNS,FL,ASO,ES,Combined TRACON& Tower with Radar,34,49,55,61,199,0,1,67,3,71,34,50,122,64,270,94,44,138,408
04/11/2001,PNS,FL,ASO,ES,Combined TRACON& Tower with Radar,41,51,84,81,257,0,0,38,46,84,41,51,122,127,341,64,0,64,405
04/12/2001,PNS,FL,ASO,ES,Combined TRACON& Tower with Radar,37,54,98,95,284,0,0,32,20,52,37,54,130,115,336,30,0,30,366
04/13/2001,PNS,FL,ASO,ES,Combined TRACON& Tower with Radar,25,48,65,57,195,0,10,47,0,57,25,58,112,57,252,58,0,58,310
04/14/2001,PNS,FL,ASO,ES,Combined TRACON& Tower with Radar,25,30,41,11,107,12,1,41,0,54,37,31,82,11,161,86,0,86,247
04/15/2001,PNS,FL,ASO,ES,Combined TRACON& Tower with Radar,20,23,32,5,80,8,9,33,0,50,28,32,65,5,130,22,0,22,152
04/16/2001,PNS,FL,ASO,ES,Combined TRACON& Tower with Radar,32,47,56,55,190,0,1,76,18,95,32,48,132,73,285,50,20,70,355
04/17/2001,PNS,FL,ASO,ES,Combined TRACON& Tower with Radar,32,39,55,52,178,0,16,28,20,64,32,55,83,72,242,22,20,42,284
04/18/2001,PNS,FL,ASO,ES,Combined TRACON& Tower with Radar,32,39,55,53,179,3,6,59,12,80,35,45,114,65,259,82,34,116,375
04/19/2001,PNS,FL,ASO,ES,Combined TRACON& Tower with Radar,33,39,59,106,237,0,1,67,20,88,33,40,126,126,325,80,34,114,439
04/20/2001,PNS,FL,ASO,ES,Combined TRACON& Tower with Radar,32,48,46,40,166,0,0,55,17,72,32,48,101,57,238,30,0,30,268
04/21/2001,PNS,FL,ASO,ES,Combined TRACON& Tower with Radar,26,31,46,38,141,7,0,77,0,84,33,31,123,38,225,90,2,92,317
04/22/2001,PNS,FL,ASO,ES,Combined TRACON& Tower with Radar,20,26,34,33,113,15,0,60,7,82,35,26,94,40,195,48,2,50,245
04/23/2001,PNS,FL,ASO,ES,Combined TRACON& Tower with Radar,34,57,60,65,216,0,0,24,10,34,34,57,84,75,250,44,0,44,294
04/24/2001,PNS,FL,ASO,ES,Combined TRACON& Tower with Radar,26,50,49,91,216,0,0,8,5,13,26,50,57,96,229,22,0,22,251
04/25/2001,PNS,FL,ASO,ES,Combined TRACON& Tower with Radar,31,50,68,64,213,0,4,27,26,57,31,54,95,90,270,100,52,152,422
04/26/2001,PNS,FL,ASO,ES,Combined TRACON& Tower with Radar,35,44,76,66,221,0,4,76,10,90,35,48,152,76,311,96,30,126,437
04/27/2001,PNS,FL,ASO,ES,Combined TRACON& Tower with Radar,40,42,79,72,233,0,0,63,14,77,40,42,142,86,310,82,0,82,392
04/28/2001,PNS,FL,ASO,ES,Combined TRACON& Tower with Radar,28,36,50,46,160,11,0,52,9,72,39,36,102,55,232,66,28,94,326
04/29/2001,PNS,FL,ASO,ES,Combined TRACON& Tower with Radar,30,36,54,49,169,4,0,66,5,75,34,36,120,54,244,64,14,78,322
04/30/2001,PNS,FL,ASO,ES,Combined TRACON& Tower with Radar,28,58,79,73,238,0,2,25,35,62,28,60,104,108,300,94,56,150,450
05/01/2001,PNS,FL,ASO,ES,Combined TRACON& Tower with Radar,32,55,58,111,256,0,7,65,9,81,32,62,123,120,337,118,0,118,455
05/02/2001,PNS,FL,ASO,ES,Combined TRACON& Tower with Radar,34,49,61,74,218,0,0,62,2,64,34,49,123,76,282,92,2,94,376
05/03/2001,PNS,FL,ASO,ES,Combined TRACON& Tower with Radar,32,51,52,70,205,0,3,94,22,119,32,54,146,92,324,140,4,144,468
05/04/2001,PNS,FL,ASO,ES,Combined TRACON& Tower with Radar,34,43,80,58,215,0,3,76,8,87,34,46,156,66,302,90,16,106,408
05/05/2001,PNS,FL,ASO,ES,Combined TRACON& Tower with Radar,22,25,31,7,85,12,0,67,0,79,34,25,98,7,164,46,0,46,210
05/06/2001,PNS,FL,ASO,ES,Combined TRACON& Tower with Radar,36,27,51,18,132,0,0,46,13,59,36,27,97,31,191,26,8,34,225
05/07/2001,PNS,FL,ASO,ES,Combined TRACON& Tower with Radar,30,45,28,44,147,0,0,34,13,47,30,45,62,57,194,80,2,82,276
05/08/2001,PNS,FL,ASO,ES,Combined TRACON& Tower with Radar,37,52,54,151,294,0,0,48,9,57,37,52,102,160,351,64,8,72,423
05/09/2001,PNS,FL,ASO,ES,Combined TRACON& Tower with Radar,30,54,65,80,229,0,0,9,53,62,30,54,74,133,291,54,6,60,351
05/10/2001,PNS,FL,ASO,ES,Combined TRACON& Tower with Radar,36,48,50,100,234,0,2,82,10,94,36,50,132,110,328,80,14,94,422
05/11/2001,PNS,FL,ASO,ES,Combined TRACON& Tower with Radar,36,53,73,74,236,0,1,64,5,70,36,54,137,79,306,76,4,80,386
05/12/2001,PNS,FL,ASO,ES,Combined TRACON& Tower with Radar,21,24,30,21,96,10,5,59,0,74,31,29,89,21,170,110,4,114,284
05/13/2001,PNS,FL,ASO,ES,Combined TRACON& Tower with Radar,22,26,31,31,110,11,6,40,0,57,33,32,71,31,167,74,0,74,241
05/14/2001,PNS,FL,ASO,ES,Combined TRACON& Tower with Radar,30,49,34,0,113,0,0,43,4,47,30,49,77,4,160,44,0,44,204
05/15/2001,PNS,FL,ASO,ES,Combined TRACON& Tower with Radar,35,46,54,64,199,4,0,41,15,60,39,46,95,79,259,48,40,88,347
05/16/2001,PNS,FL,ASO,ES,Combined TRACON& Tower with Radar,39,45,59,72,215,0,0,49,19,68,39,45,108,91,283,106,20,126,409
05/17/2001,PNS,FL,ASO,ES,Combined TRACON& Tower with Radar,31,51,51,66,199,0,0,65,6,71,31,51,116,72,270,52,0,52,322
05/18/2001,PNS,FL,ASO,ES,Combined TRACON& Tower with Radar,41,49,71,56,217,0,0,69,13,82,41,49,140,69,299,128,10,138,437
05/19/2001,PNS,FL,ASO,ES,Combined TRACON& Tower with Radar,20,25,29,33,107,14,0,39,0,53,34,25,68,33,160,46,4,50,210
05/20/2001,PNS,FL,ASO,ES,Combined TRACON& Tower with Radar,21,24,31,34,110,6,0,51,0,57,27,24,82,34,167,90,0,90,257
05/21/2001,PNS,FL,ASO,ES,Combined TRACON& Tower with Radar,29,54,64,77,224,0,5,7,45,57,29,59,71,122,281,28,36,64,345
05/22/2001,PNS,FL,ASO,ES,Combined TRACON& Tower with Radar,26,43,43,104,216,0,0,31,3,34,26,43,74,107,250,48,10,58,308
05/23/2001,PNS,FL,ASO,ES,Combined TRACON& Tower with Radar,36,42,62,76,216,0,0,91,22,113,36,42,153,98,329,80,22,102,431
05/24/2001,PNS,FL,ASO,ES,Combined TRACON& Tower with Radar,33,50,66,60,209,0,3,68,8,79,33,53,134,68,288,64,0,64,352
05/25/2001,PNS,FL,ASO,ES,Combined TRACON& Tower with Radar,27,54,62,68,211,0,7,59,8,74,27,61,121,76,285,42,8,50,335
05/26/2001,PNS,FL,ASO,ES,Combined TRACON& Tower with Radar,24,30,37,31,122,4,8,71,0,83,28,38,108,31,205,58,0,58,263
05/27/2001,PNS,FL,ASO,ES,Combined TRACON& Tower with Radar,17,20,25,26,88,7,0,45,0,52,24,20,70,26,140,32,0,32,172
05/28/2001,PNS,FL,ASO,ES,Combined TRACON& Tower with Radar,22,26,33,38,119,10,3,31,1,45,32,29,64,39,164,50,0,50,214
05/29/2001,PNS,FL,ASO,ES,Combined TRACON& Tower with Radar,30,54,60,103,247,0,1,21,15,37,30,55,81,118,284,76,4,80,364
05/30/2001,PNS,FL,ASO,ES,Combined TRACON& Tower with Radar,33,41,51,42,167,1,13,24,0,38,34,54,75,42,205,14,4,18,223
05/31/2001,PNS,FL,ASO,ES,Combined TRACON& Tower with Radar,29,45,72,108,254,0,1,36,5,42,29,46,108,113,296,90,0,90,386
06/01/2001,PNS,FL,ASO,ES,Combined TRACON& Tower with Radar,25,46,76,91,238,0,0,0,0,0,25,46,76,91,238,52,22,74,312
06/02/2001,PNS,FL,ASO,ES,Combined TRACON& Tower with Radar,24,18,23,13,78,5,7,72,0,84,29,25,95,13,162,118,0,118,280
06/03/2001,PNS,FL,ASO,ES,Combined TRACON& Tower with Radar,31,26,32,22,111,0,2,65,0,67,31,28,97,22,178,78,0,78,256
06/04/2001,PNS,FL,ASO,ES,Combined TRACON& Tower with Radar,34,51,33,86,204,0,2,35,6,43,34,53,68,92,247,44,14,58,305
06/05/2001,PNS,FL,ASO,ES,Combined TRACON& Tower with Radar,33,41,69,91,234,0,1,84,6,91,33,42,153,97,325,78,10,88,413
06/06/2001,PNS,FL,ASO,ES,Combined TRACON& Tower with Radar,37,48,58,67,210,0,4,30,7,41,37,52,88,74,251,84,16,100,351
06/07/2001,PNS,FL,ASO,ES,Combined TRACON& Tower with Radar,33,42,74,95,244,0,3,40,4,47,33,45,114,99,291,58,24,82,373
06/08/2001,PNS,FL,ASO,ES,Combined TRACON& Tower with Radar,28,42,56,61,187,0,1,18,6,25,28,43,74,67,212,30,0,30,242
06/09/2001,PNS,FL,ASO,ES,Combined TRACON& Tower with Radar,21,15,20,12,68,5,8,18,0,31,26,23,38,12,99,44,0,44,143
06/10/2001,PNS,FL,ASO,ES,Combined TRACON& Tower with Radar,28,23,29,13,93,10,6,14,0,30,38,29,43,13,123,10,0,10,133
06/11/2001,PNS,FL,ASO,ES,Combined TRACON& Tower with Radar,32,27,29,38,126,2,2,0,6,10,34,29,29,44,136,0,0,0,136
06/12/2001,PNS,FL,ASO,ES,Combined TRACON& Tower with Radar,31,38,47,54,170,0,8,20,26,54,31,46,67,80,224,74,0,74,298
06/13/2001,PNS,FL,ASO,ES,Combined TRACON& Tower with Radar,40,52,45,60,197,0,2,34,5,41,40,54,79,65,238,80,14,94,332
06/14/2001,PNS,FL,ASO,ES,Combined TRACON& Tower with Radar,32,42,59,73,206,0,2,19,7,28,32,44,78,80,234,44,12,56,290
06/15/2001,PNS,FL,ASO,ES,Combined TRACON& Tower with Radar,30,47,39,48,164,0,2,40,13,55,30,49,79,61,219,48,0,48,267
06/16/2001,PNS,FL,ASO,ES,Combined TRACON& Tower with Radar,40,27,52,15,134,0,1,57,16,74,40,28,109,31,208,98,0,98,306
06/17/2001,PNS,FL,ASO,ES,Combined TRACON& Tower with Radar,28,23,28,20,99,8,4,67,0,79,36,27,95,20,178,114,0,114,292
06/18/2001,PNS,FL,ASO,ES,Combined TRACON& Tower with Radar,35,42,51,59,187,0,6,22,21,49,35,48,73,80,236,92,0,92,328
06/19/2001,PNS,FL,ASO,ES,Combined TRACON& Tower with Radar,36,58,54,75,223,0,1,35,12,48,36,59,89,87,271,114,14,128,399
06/20/2001,PNS,FL,ASO,ES,Combined TRACON& Tower with Radar,34,55,76,85,250,0,0,50,55,105,34,55,126,140,355,116,24,140,495
06/21/2001,PNS,FL,ASO,ES,Combined TRACON& Tower with Radar,31,45,74,71,221,0,5,55,8,68,31,50,129,79,289,32,0,32,321
06/22/2001,PNS,FL,ASO,ES,Combined TRACON& Tower with Radar,31,43,50,56,180,0,2,22,13,37,31,45,72,69,217,62,0,62,279
06/23/2001,PNS,FL,ASO,ES,Combined TRACON& Tower with Radar,33,27,34,37,131,6,0,84,0,90,39,27,118,37,221,106,10,116,337
06/24/2001,PNS,FL,ASO,ES,Combined TRACON& Tower with Radar,32,29,35,39,135,0,1,73,6,80,32,30,108,45,215,82,0,82,297
06/25/2001,PNS,FL,ASO,ES,Combined TRACON& Tower with Radar,28,47,57,65,197,0,5,41,18,64,28,52,98,83,261,56,14,70,331
06/26/2001,PNS,FL,ASO,ES,Combined TRACON& Tower with Radar,39,52,52,71,214,0,1,47,15,63,39,53,99,86,277,54,20,74,351
06/27/2001,PNS,FL,ASO,ES,Combined TRACON& Tower with Radar,29,48,58,67,202,0,5,57,38,100,29,53,115,105,302,92,14,106,408
06/28/2001,PNS,FL,ASO,ES,Combined TRACON& Tower with Radar,31,50,52,73,206,0,0,55,6,61,31,50,107,79,267,116,6,122,389
06/29/2001,PNS,FL,ASO,ES,Combined TRACON& Tower with Radar,35,48,59,68,210,0,0,43,28,71,35,48,102,96,281,116,22,138,419
06/30/2001,PNS,FL,ASO,ES,Combined TRACON& Tower with Radar,27,23,28,26,104,4,1,12,0,17,31,24,40,26,121,0,0,0,121
07/01/2001,PNS,FL,ASO,ES,Combined TRACON& Tower with Radar,22,26,34,22,104,8,3,62,0,73,30,29,96,22,177,104,0,104,281
07/02/2001,PNS,FL,ASO,ES,Combined TRACON& Tower with Radar,31,60,40,29,160,0,1,33,7,41,31,61,73,36,201,78,0,78,279
07/03/2001,PNS,FL,ASO,ES,Combined TRACON& Tower with Radar,34,54,74,87,249,0,2,54,3,59,34,56,128,90,308,68,24,92,400
07/04/2001,PNS,FL,ASO,ES,Combined TRACON& Tower with Radar,18,22,29,2,71,10,3,21,0,34,28,25,50,2,105,36,0,36,141
07/05/2001,PNS,FL,ASO,ES,Combined TRACON& Tower with Radar,28,35,44,29,136,2,20,30,0,52,30,55,74,29,188,64,16,80,268
07/06/2001,PNS,FL,ASO,ES,Combined TRACON& Tower with Radar,35,44,54,43,176,1,5,50,15,71,36,49,104,58,247,56,0,56,303
07/07/2001,PNS,FL,ASO,ES,Combined TRACON& Tower with Radar,31,29,48,35,143,0,0,88,0,88,31,29,136,35,231,104,8,112,343
07/08/2001,PNS,FL,ASO,ES,Combined TRACON& Tower with Radar,30,36,46,24,136,3,0,63,0,66,33,36,109,24,202,50,0,50,252
07/09/2001,PNS,FL,ASO,ES,Combined TRACON& Tower with Radar,38,43,60,45,186,1,0,36,0,37,39,43,96,45,223,24,0,24,247
07/10/2001,PNS,FL,ASO,ES,Combined TRACON& Tower with Radar,33,46,61,83,223,0,2,32,14,48,33,48,93,97,271,26,26,52,323
07/11/2001,PNS,FL,ASO,ES,Combined TRACON& Tower with Radar,33,49,59,47,188,0,4,18,13,35,33,53,77,60,223,32,6,38,261
07/12/2001,PNS,FL,ASO,ES,Combined TRACON& Tower with Radar,36,42,61,49,188,0,0,77,13,90,36,42,138,62,278,88,0,88,366
07/13/2001,PNS,FL,ASO,ES,Combined TRACON& Tower with Radar,34,60,35,16,145,0,1,70,7,78,34,61,105,23,223,122,30,152,375
07/14/2001,PNS,FL,ASO,ES,Combined TRACON& Tower with Radar,36,26,46,3,111,0,2,78,17,97,36,28,124,20,208,92,16,108,316
07/15/2001,PNS,FL,ASO,ES,Combined TRACON& Tower with Radar,27,29,42,19,117,3,0,82,0,85,30,29,124,19,202,52,4,56,258
07/16/2001,PNS,FL,ASO,ES,Combined TRACON& Tower with Radar,42,50,65,85,242,0,1,44,58,103,42,51,109,143,345,114,2,116,461
07/17/2001,PNS,FL,ASO,ES,Combined TRACON& Tower with Radar,31,45,70,57,203,0,0,8,59,67,31,45,78,116,270,72,0,72,342
07/18/2001,PNS,FL,ASO,ES,Combined TRACON& Tower with Radar,35,48,72,59,214,0,0,37,51,88,35,48,109,110,302,80,32,112,414
07/19/2001,PNS,FL,ASO,ES,Combined TRACON& Tower with Radar,37,44,73,84,238,0,4,93,12,109,37,48,166,96,347,106,0,106,453
07/20/2001,PNS,FL,ASO,ES,Combined TRACON& Tower with Radar,32,46,55,45,178,0,1,39,18,58,32,47,94,63,236,78,6,84,320
07/21/2001,PNS,FL,ASO,ES,Combined TRACON& Tower with Radar,19,25,32,23,99,15,2,17,0,34,34,27,49,23,133,38,2,40,173
07/22/2001,PNS,FL,ASO,ES,Combined TRACON& Tower with Radar,28,33,45,33,139,3,0,67,15,85,31,33,112,48,224,92,14,106,330
07/23/2001,PNS,FL,ASO,ES,Combined TRACON& Tower with Radar,26,53,50,27,156,0,0,40,10,50,26,53,90,37,206,86,42,128,334
07/24/2001,PNS,FL,ASO,ES,Combined TRACON& Tower with Radar,32,43,51,31,157,4,11,26,0,41,36,54,77,31,198,44,0,44,242
07/25/2001,PNS,FL,ASO,ES,Combined TRACON& Tower with Radar,34,63,74,61,232,0,0,0,21,21,34,63,74,82,253,30,0,30,283
07/26/2001,PNS,FL,ASO,ES,Combined TRACON& Tower with Radar,31,59,73,98,261,0,4,31,5,40,31,63,104,103,301,150,0,150,451
07/27/2001,PNS,FL,ASO,ES,Combined TRACON& Tower with Radar,30,57,39,75,201,0,2,31,27,60,30,59,70,102,261,124,10,134,395
07/28/2001,PNS,FL,ASO,ES,Combined TRACON& Tower with Radar,24,32,39,30,125,9,9,41,7,66,33,41,80,37,191,90,0,90,281
07/29/2001,PNS,FL,ASO,ES,Combined TRACON& Tower with Radar,22,29,36,26,113,8,9,46,16,79,30,38,82,42,192,46,14,60,252
07/30/2001,PNS,FL,ASO,ES,Combined TRACON& Tower with Radar,30,57,45,43,175,0,0,76,4,80,30,57,121,47,255,66,0,66,321
07/31/2001,PNS,FL,ASO,ES,Combined TRACON& Tower with Radar,30,49,35,18,132,0,1,18,15,34,30,50,53,33,166,52,40,92,258
08/01/2001,PNS,FL,ASO,ES,Combined TRACON& Tower with Radar,35,50,52,67,204,0,5,22,14,41,35,55,74,81,245,42,28,70,315
08/02/2001,PNS,FL,ASO,ES,Combined TRACON& Tower with Radar,35,65,49,113,262,0,1,38,16,55,35,66,87,129,317,52,0,52,369
08/03/2001,PNS,FL,ASO,ES,Combined TRACON& Tower with Radar,33,56,48,119,256,0,0,60,14,74,33,56,108,133,330,86,30,116,446
08/04/2001,PNS,FL,ASO,ES,Combined TRACON& Tower with Radar,23,33,35,26,117,7,5,114,0,126,30,38,149,26,243,114,0,114,357
08/05/2001,PNS,FL,ASO,ES,Combined TRACON& Tower with Radar,15,15,23,11,64,10,0,22,0,32,25,15,45,11,96,0,0,0,96
08/06/2001,PNS,FL,ASO,ES,Combined TRACON& Tower with Radar,21,32,32,30,115,6,14,34,0,54,27,46,66,30,169,54,0,54,223
08/07/2001,PNS,FL,ASO,ES,Combined TRACON& Tower with Radar,35,58,68,70,231,0,2,15,6,23,35,60,83,76,254,42,20,62,316
08/08/2001,PNS,FL,ASO,ES,Combined TRACON& Tower with Radar,36,63,64,84,247,0,0,32,7,39,36,63,96,91,286,66,42,108,394
08/09/2001,PNS,FL,ASO,ES,Combined TRACON& Tower with Radar,33,55,58,93,239,0,0,52,10,62,33,55,110,103,301,88,22,110,411
08/10/2001,PNS,FL,ASO,ES,Combined TRACON& Tower with Radar,30,48,30,52,160,0,3,38,23,64,30,51,68,75,224,74,26,100,324
08/11/2001,PNS,FL,ASO,ES,Combined TRACON& Tower with Radar,26,35,42,37,140,0,0,49,0,49,26,35,91,37,189,38,0,38,227
08/12/2001,PNS,FL,ASO,ES,Combined TRACON& Tower with Radar,26,28,42,51,147,1,0,12,24,37,27,28,54,75,184,52,0,52,236
08/13/2001,PNS,FL,ASO,ES,Combined TRACON& Tower with Radar,28,56,26,105,215,0,0,28,13,41,28,56,54,118,256,126,54,180,436
08/14/2001,PNS,FL,ASO,ES,Combined TRACON& Tower with Radar,40,45,52,87,224,0,0,13,11,24,40,45,65,98,248,40,16,56,304
08/15/2001,PNS,FL,ASO,ES,Combined TRACON& Tower with Radar,31,57,62,80,230,0,0,90,11,101,31,57,152,91,331,156,10,166,497
08/16/2001,PNS,FL,ASO,ES,Combined TRACON& Tower with Radar,35,57,64,95,251,0,3,42,7,52,35,60,106,102,303,96,8,104,407
08/17/2001,PNS,FL,ASO,ES,Combined TRACON& Tower with Radar,43,43,63,8,157,0,1,29,6,36,43,44,92,14,193,18,0,18,211
08/18/2001,PNS,FL,ASO,ES,Combined TRACON& Tower with Radar,20,30,32,8,90,20,5,49,0,74,40,35,81,8,164,128,0,128,292
08/19/2001,PNS,FL,ASO,ES,Combined TRACON& Tower with Radar,26,28,40,51,145,9,0,21,36,66,35,28,61,87,211,90,0,90,301
08/20/2001,PNS,FL,ASO,ES,Combined TRACON& Tower with Radar,35,60,39,93,227,0,1,36,21,58,35,61,75,114,285,84,18,102,387
08/21/2001,PNS,FL,ASO,ES,Combined TRACON& Tower with Radar,32,61,73,96,262,0,0,83,7,90,32,61,156,103,352,112,28,140,492
08/22/2001,PNS,FL,ASO,ES,Combined TRACON& Tower with Radar,34,58,59,79,230,0,3,49,15,67,34,61,108,94,297,94,16,110,407
08/23/2001,PNS,FL,ASO,ES,Combined TRACON& Tower with Radar,34,71,72,97,274,0,16,90,5,111,34,87,162,102,385,198,34,232,617
08/24/2001,PNS,FL,ASO,ES,Combined TRACON& Tower with Radar,34,55,57,72,218,0,13,57,0,70,34,68,114,72,288,106,4,110,398
08/25/2001,PNS,FL,ASO,ES,Combined TRACON& Tower with Radar,18,27,29,33,107,14,4,74,0,92,32,31,103,33,199,80,6,86,285
08/26/2001,PNS,FL,ASO,ES,Combined TRACON& Tower with Radar,19,28,30,30,107,14,5,50,0,69,33,33,80,30,176,72,14,86,262
08/27/2001,PNS,FL,ASO,ES,Combined TRACON& Tower with Radar,32,49,51,67,199,0,4,24,4,32,32,53,75,71,231,64,18,82,313
08/28/2001,PNS,FL,ASO,ES,Combined TRACON& Tower with Radar,32,55,57,75,219,0,6,22,14,42,32,61,79,89,261,58,40,98,359
08/29/2001,PNS,FL,ASO,ES,Combined TRACON& Tower with Radar,31,53,57,74,215,0,0,42,24,66,31,53,99,98,281,80,12,92,373
08/30/2001,PNS,FL,ASO,ES,Combined TRACON& Tower with Radar,33,56,67,90,246,0,0,13,33,46,33,56,80,123,292,38,32,70,362
08/31/2001,PNS,FL,ASO,ES,Combined TRACON& Tower with Radar,28,51,58,76,213,0,0,2,33,35,28,51,60,109,248,52,4,56,304
09/01/2001,PNS,FL,ASO,ES,Combined TRACON& Tower with Radar,21,31,32,23,107,7,4,65,0,76,28,35,97,23,183,110,0,110,293
09/02/2001,PNS,FL,ASO,ES,Combined TRACON& Tower with Radar,15,21,22,6,64,12,2,46,0,60,27,23,68,6,124,94,0,94,218
09/03/2001,PNS,FL,ASO,ES,Combined TRACON& Tower with Radar,18,26,27,26,97,11,6,24,0,41,29,32,51,26,138,28,4,32,170
09/04/2001,PNS,FL,ASO,ES,Combined TRACON& Tower with Radar,43,57,65,77,242,0,0,18,31,49,43,57,83,108,291,46,40,86,377
09/05/2001,PNS,FL,ASO,ES,Combined TRACON& Tower with Radar,30,59,66,78,233,0,0,38,37,75,30,59,104,115,308,66,24,90,398
09/06/2001,PNS,FL,ASO,ES,Combined TRACON& Tower with Radar,42,67,70,83,262,0,0,46,12,58,42,67,116,95,320,98,46,144,464
09/07/2001,PNS,FL,ASO,ES,Combined TRACON& Tower with Radar,34,50,51,52,187,1,7,40,0,48,35,57,91,52,235,96,40,136,371
09/08/2001,PNS,FL,ASO,ES,Combined TRACON& Tower with Radar,24,33,35,28,120,8,0,75,0,83,32,33,110,28,203,144,0,144,347
09/09/2001,PNS,FL,ASO,ES,Combined TRACON& Tower with Radar,27,29,41,46,143,5,0,62,0,67,32,29,103,46,210,72,34,106,316
09/10/2001,PNS,FL,ASO,ES,Combined TRACON& Tower with Radar,33,58,61,72,224,0,0,18,27,45,33,58,79,99,269,74,20,94,363
09/11/2001,PNS,FL,ASO,ES,Combined TRACON& Tower with Radar,3,4,3,0,10,2,5,3,0,10,5,9,6,0,20,0,0,0,20
09/12/2001,PNS,FL,ASO,ES,Combined TRACON& Tower with Radar,0,0,0,1,1,0,0,0,2,2,0,0,0,3,3,0,0,0,3
09/13/2001,PNS,FL,ASO,ES,Combined TRACON& Tower with Radar,0,12,4,15,31,0,2,0,15,17,0,14,4,30,48,0,0,0,48
09/14/2001,PNS,FL,ASO,ES,Combined TRACON& Tower with Radar,15,37,11,45,108,0,11,0,25,36,15,48,11,70,144,0,0,0,144
09/15/2001,PNS,FL,ASO,ES,Combined TRACON& Tower with Radar,12,19,20,4,55,4,9,5,0,18,16,28,25,4,73,0,0,0,73
09/16/2001,PNS,FL,ASO,ES,Combined TRACON& Tower with Radar,16,26,26,8,76,12,4,5,0,21,28,30,31,8,97,0,0,0,97
09/17/2001,PNS,FL,ASO,ES,Combined TRACON& Tower with Radar,32,60,62,82,236,0,0,0,37,37,32,60,62,119,273,6,6,12,285
09/18/2001,PNS,FL,ASO,ES,Combined TRACON& Tower with Radar,30,67,73,84,254,0,0,2,20,22,30,67,75,104,276,0,16,16,292
09/19/2001,PNS,FL,ASO,ES,Combined TRACON& Tower with Radar,32,53,46,69,200,0,0,0,26,26,32,53,46,95,226,0,38,38,264
09/20/2001,PNS,FL,ASO,ES,Combined TRACON& Tower with Radar,34,52,54,58,198,3,5,14,0,22,37,57,68,58,220,0,36,36,256
09/21/2001,PNS,FL,ASO,ES,Combined TRACON& Tower with Radar,33,50,53,52,188,2,15,38,0,55,35,65,91,52,243,0,0,0,243
09/22/2001,PNS,FL,ASO,ES,Combined TRACON& Tower with Radar,15,24,25,1,65,18,2,59,0,79,33,26,84,1,144,52,0,52,196
09/23/2001,PNS,FL,ASO,ES,Combined TRACON& Tower with Radar,26,28,41,39,134,6,0,50,0,56,32,28,91,39,190,32,0,32,222
09/24/2001,PNS,FL,ASO,ES,Combined TRACON& Tower with Radar,33,63,68,78,242,0,0,7,21,28,33,63,75,99,270,32,40,72,342
09/25/2001,PNS,FL,ASO,ES,Combined TRACON& Tower with Radar,35,59,63,72,229,0,0,38,21,59,35,59,101,93,288,64,18,82,370
09/26/2001,PNS,FL,ASO,ES,Combined TRACON& Tower with Radar,30,51,70,80,231,0,0,34,53,87,30,51,104,133,318,52,32,84,402
09/27/2001,PNS,FL,ASO,ES,Combined TRACON& Tower with Radar,27,52,55,63,197,0,7,35,16,58,27,59,90,79,255,76,26,102,357
09/28/2001,PNS,FL,ASO,ES,Combined TRACON& Tower with Radar,30,45,47,48,170,3,13,56,0,72,33,58,103,48,242,132,34,166,408
09/29/2001,PNS,FL,ASO,ES,Combined TRACON& Tower with Radar,18,28,29,4,79,13,6,64,0,83,31,34,93,4,162,54,0,54,216
09/30/2001,PNS,FL,ASO,ES,Combined TRACON& Tower with Radar,18,28,30,11,87,13,0,69,0,82,31,28,99,11,169,62,4,66,235
10/01/2001,PNS,FL,ASO,ES,Combined TRACON& Tower with Radar,29,49,46,66,190,4,7,16,11,38,33,56,62,77,228,122,28,150,378
10/02/2001,PNS,FL,ASO,ES,Combined TRACON& Tower with Radar,28,52,49,70,199,0,1,63,19,83,28,53,112,89,282,104,20,124,406
10/03/2001,PNS,FL,ASO,ES,Combined TRACON& Tower with Radar,29,58,55,67,209,0,8,61,0,69,29,66,116,67,278,90,30,120,398
10/04/2001,PNS,FL,ASO,ES,Combined TRACON& Tower with Radar,33,56,53,76,218,1,2,42,5,50,34,58,95,81,268,54,12,66,334
10/05/2001,PNS,FL,ASO,ES,Combined TRACON& Tower with Radar,34,52,54,75,215,1,0,39,0,40,35,52,93,75,255,58,66,124,379
10/06/2001,PNS,FL,ASO,ES,Combined TRACON& Tower with Radar,15,24,23,8,70,15,5,28,0,48,30,29,51,8,118,74,0,74,192
10/07/2001,PNS,FL,ASO,ES,Combined TRACON& Tower with Radar,19,31,30,9,89,5,5,83,0,93,24,36,113,9,182,72,0,72,254
10/08/2001,PNS,FL,ASO,ES,Combined TRACON& Tower with Radar,21,35,33,21,110,7,14,54,0,75,28,49,87,21,185,88,10,98,283
10/09/2001,PNS,FL,ASO,ES,Combined TRACON& Tower with Radar,35,58,56,80,229,0,1,36,19,56,35,59,92,99,285,58,26,84,369
10/10/2001,PNS,FL,ASO,ES,Combined TRACON& Tower with Radar,30,59,56,81,226,0,9,41,3,53,30,68,97,84,279,52,84,136,415
10/11/2001,PNS,FL,ASO,ES,Combined TRACON& Tower with Radar,27,51,49,59,186,0,5,25,0,30,27,56,74,59,216,24,16,40,256
10/12/2001,PNS,FL,ASO,ES,Combined TRACON& Tower with Radar,25,50,47,52,174,0,2,29,0,31,25,52,76,52,205,40,24,64,269
10/13/2001,PNS,FL,ASO,ES,Combined TRACON& Tower with Radar,11,17,17,2,47,14,6,8,0,28,25,23,25,2,75,0,0,0,75
10/14/2001,PNS,FL,ASO,ES,Combined TRACON& Tower with Radar,17,28,26,18,89,9,8,43,0,60,26,36,69,18,149,30,0,30,179
10/15/2001,PNS,FL,ASO,ES,Combined TRACON& Tower with Radar,28,47,45,65,185,1,4,27,15,47,29,51,72,80,232,86,30,116,348
10/16/2001,PNS,FL,ASO,ES,Combined TRACON& Tower with Radar,27,49,48,69,193,0,0,28,13,41,27,49,76,82,234,18,36,54,288
10/17/2001,PNS,FL,ASO,ES,Combined TRACON& Tower with Radar,25,66,65,95,251,0,0,46,65,111,25,66,111,160,362,58,28,86,448
10/18/2001,PNS,FL,ASO,ES,Combined TRACON& Tower with Radar,29,60,56,84,229,0,0,44,20,64,29,60,100,104,293,102,0,102,395
10/19/2001,PNS,FL,ASO,ES,Combined TRACON& Tower with Radar,30,53,47,71,201,0,0,25,21,46,30,53,72,92,247,36,10,46,293
10/20/2001,PNS,FL,ASO,ES,Combined TRACON& Tower with Radar,20,34,32,45,131,5,0,68,0,73,25,34,100,45,204,70,0,70,274
10/21/2001,PNS,FL,ASO,ES,Combined TRACON& Tower with Radar,15,27,23,16,81,9,3,73,0,85,24,30,96,16,166,58,4,62,228
10/22/2001,PNS,FL,ASO,ES,Combined TRACON& Tower with Radar,30,52,63,92,237,0,0,46,60,106,30,52,109,152,343,56,22,78,421
10/23/2001,PNS,FL,ASO,ES,Combined TRACON& Tower with Radar,30,54,61,90,235,0,0,34,39,73,30,54,95,129,308,58,24,82,390
10/24/2001,PNS,FL,ASO,ES,Combined TRACON& Tower with Radar,25,55,68,98,246,0,0,16,43,59,25,55,84,141,305,24,6,30,335
10/25/2001,PNS,FL,ASO,ES,Combined TRACON& Tower with Radar,34,55,63,91,243,0,0,34,34,68,34,55,97,125,311,86,32,118,429
10/26/2001,PNS,FL,ASO,ES,Combined TRACON& Tower with Radar,28,51,46,52,177,3,4,51,0,58,31,55,97,52,235,34,18,52,287
10/27/2001,PNS,FL,ASO,ES,Combined TRACON& Tower with Radar,11,22,19,6,58,14,15,56,0,85,25,37,75,6,143,48,0,48,191
10/28/2001,PNS,FL,ASO,ES,Combined TRACON& Tower with Radar,16,30,26,21,93,9,1,55,0,65,25,31,81,21,158,42,0,42,200
10/29/2001,PNS,FL,ASO,ES,Combined TRACON& Tower with Radar,28,51,46,66,191,2,8,27,7,44,30,59,73,73,235,26,4,30,265
10/30/2001,PNS,FL,ASO,ES,Combined TRACON& Tower with Radar,28,63,60,87,238,0,0,29,29,58,28,63,89,116,296,62,30,92,388
10/31/2001,PNS,FL,ASO,ES,Combined TRACON& Tower with Radar,28,56,53,76,213,0,0,39,29,68,28,56,92,105,281,50,24,74,355
11/01/2001,PNS,FL,ASO,ES,Combined TRACON& Tower with Radar,24,56,84,73,237,0,0,59,70,129,24,56,143,143,366,52,70,122,488
11/02/2001,PNS,FL,ASO,ES,Combined TRACON& Tower with Radar,21,50,53,43,167,0,4,30,27,61,21,54,83,70,228,134,58,192,420
11/03/2001,PNS,FL,ASO,ES,Combined TRACON& Tower with Radar,20,33,37,15,105,6,7,59,0,72,26,40,96,15,177,78,0,78,255
11/04/2001,PNS,FL,ASO,ES,Combined TRACON& Tower with Radar,24,39,42,10,115,3,3,72,0,78,27,42,114,10,193,74,0,74,267
11/05/2001,PNS,FL,ASO,ES,Combined TRACON& Tower with Radar,28,54,41,13,136,0,0,45,9,54,28,54,86,22,190,36,2,38,228
11/06/2001,PNS,FL,ASO,ES,Combined TRACON& Tower with Radar,27,51,42,55,175,0,1,39,8,48,27,52,81,63,223,110,24,134,357
11/07/2001,PNS,FL,ASO,ES,Combined TRACON& Tower with Radar,31,58,67,56,212,0,0,64,26,90,31,58,131,82,302,74,20,94,396
11/08/2001,PNS,FL,ASO,ES,Combined TRACON& Tower with Radar,33,54,74,91,252,0,2,51,13,66,33,56,125,104,318,46,6,52,370
11/09/2001,PNS,FL,ASO,ES,Combined TRACON& Tower with Radar,39,53,60,81,233,0,10,54,13,77,39,63,114,94,310,84,6,90,400
11/10/2001,PNS,FL,ASO,ES,Combined TRACON& Tower with Radar,21,35,38,7,101,8,5,57,0,70,29,40,95,7,171,84,0,84,255
11/11/2001,PNS,FL,ASO,ES,Combined TRACON& Tower with Radar,23,33,41,29,126,8,0,70,5,83,31,33,111,34,209,80,24,104,313
11/12/2001,PNS,FL,ASO,ES,Combined TRACON& Tower with Radar,26,43,45,34,148,4,6,64,11,85,30,49,109,45,233,44,0,44,277
11/13/2001,PNS,FL,ASO,ES,Combined TRACON& Tower with Radar,25,42,44,34,145,8,27,40,32,107,33,69,84,66,252,50,12,62,314
11/14/2001,PNS,FL,ASO,ES,Combined TRACON& Tower with Radar,28,62,70,59,219,0,0,39,42,81,28,62,109,101,300,94,26,120,420
11/15/2001,PNS,FL,ASO,ES,Combined TRACON& Tower with Radar,33,61,65,78,237,0,2,51,6,59,33,63,116,84,296,94,34,128,424
11/16/2001,PNS,FL,ASO,ES,Combined TRACON& Tower with Radar,28,52,55,74,209,0,0,31,19,50,28,52,86,93,259,36,10,46,305
11/17/2001,PNS,FL,ASO,ES,Combined TRACON& Tower with Radar,22,34,38,19,113,5,0,62,0,67,27,34,100,19,180,110,0,110,290
11/18/2001,PNS,FL,ASO,ES,Combined TRACON& Tower with Radar,22,28,38,28,116,7,0,65,8,80,29,28,103,36,196,78,16,94,290
11/19/2001,PNS,FL,ASO,ES,Combined TRACON& Tower with Radar,34,57,59,51,201,0,19,20,17,56,34,76,79,68,257,68,4,72,329
11/20/2001,PNS,FL,ASO,ES,Combined TRACON& Tower with Radar,34,55,57,45,191,1,9,21,0,31,35,64,78,45,222,24,20,44,266
11/21/2001,PNS,FL,ASO,ES,Combined TRACON& Tower with Radar,30,48,51,3,132,3,14,69,0,86,33,62,120,3,218,50,8,58,276
11/22/2001,PNS,FL,ASO,ES,Combined TRACON& Tower with Radar,13,22,24,0,59,9,9,29,0,47,22,31,53,0,106,34,0,34,140
11/23/2001,PNS,FL,ASO,ES,Combined TRACON& Tower with Radar,29,44,40,0,113,0,0,25,9,34,29,44,65,9,147,0,0,0,147
11/24/2001,PNS,FL,ASO,ES,Combined TRACON& Tower with Radar,18,30,32,4,84,4,7,30,0,41,22,37,62,4,125,44,0,44,169
11/25/2001,PNS,FL,ASO,ES,Combined TRACON& Tower with Radar,33,33,65,5,136,0,0,53,6,59,33,33,118,11,195,50,0,50,245
11/26/2001,PNS,FL,ASO,ES,Combined TRACON& Tower with Radar,30,61,63,111,265,0,0,12,10,22,30,61,75,121,287,6,14,20,307
11/27/2001,PNS,FL,ASO,ES,Combined TRACON& Tower with Radar,44,65,38,109,256,0,1,12,27,40,44,66,50,136,296,72,34,106,402
11/28/2001,PNS,FL,ASO,ES,Combined TRACON& Tower with Radar,36,60,41,97,234,0,0,14,9,23,36,60,55,106,257,56,28,84,341
11/29/2001,PNS,FL,ASO,ES,Combined TRACON& Tower with Radar,35,55,29,2,121,0,0,8,21,29,35,55,37,23,150,14,6,20,170
11/30/2001,PNS,FL,ASO,ES,Combined TRACON& Tower with Radar,38,51,48,103,240,0,3,41,13,57,38,54,89,116,297,54,16,70,367
12/01/2001,PNS,FL,ASO,ES,Combined TRACON& Tower with Radar,25,35,30,16,106,14,7,52,0,73,39,42,82,16,179,128,0,128,307
12/02/2001,PNS,FL,ASO,ES,Combined TRACON& Tower with Radar,27,37,31,21,116,7,5,62,0,74,34,42,93,21,190,58,0,58,248
12/03/2001,PNS,FL,ASO,ES,Combined TRACON& Tower with Radar,33,54,48,74,209,0,0,45,21,66,33,54,93,95,275,60,34,94,369
12/04/2001,PNS,FL,ASO,ES,Combined TRACON& Tower with Radar,38,54,60,99,251,0,0,66,14,80,38,54,126,113,331,114,4,118,449
12/05/2001,PNS,FL,ASO,ES,Combined TRACON& Tower with Radar,37,76,61,120,294,0,0,20,14,34,37,76,81,134,328,28,12,40,368
12/06/2001,PNS,FL,ASO,ES,Combined TRACON& Tower with Radar,37,69,75,106,287,0,3,62,16,81,37,72,137,122,368,38,32,70,438
12/07/2001,PNS,FL,ASO,ES,Combined TRACON& Tower with Radar,36,63,53,65,217,0,0,29,28,57,36,63,82,93,274,70,32,102,376
12/08/2001,PNS,FL,ASO,ES,Combined TRACON& Tower with Radar,28,38,32,29,127,0,0,75,0,75,28,38,107,29,202,76,0,76,278
12/09/2001,PNS,FL,ASO,ES,Combined TRACON& Tower with Radar,37,46,44,47,174,0,0,49,18,67,37,46,93,65,241,22,30,52,293
12/10/2001,PNS,FL,ASO,ES,Combined TRACON& Tower with Radar,32,69,64,56,221,0,0,1,10,11,32,69,65,66,232,0,0,0,232
12/11/2001,PNS,FL,ASO,ES,Combined TRACON& Tower with Radar,30,67,84,123,304,0,0,2,9,11,30,67,86,132,315,0,0,0,315
12/12/2001,PNS,FL,ASO,ES,Combined TRACON& Tower with Radar,34,46,41,42,163,0,0,5,0,5,34,46,46,42,168,0,0,0,168
12/13/2001,PNS,FL,ASO,ES,Combined TRACON& Tower with Radar,36,60,45,140,281,0,0,4,10,14,36,60,49,150,295,8,0,8,303
12/14/2001,PNS,FL,ASO,ES,Combined TRACON& Tower with Radar,28,51,68,76,223,0,0,24,22,46,28,51,92,98,269,46,62,108,377
12/15/2001,PNS,FL,ASO,ES,Combined TRACON& Tower with Radar,31,37,36,37,141,3,0,82,23,108,34,37,118,60,249,176,24,200,449
12/16/2001,PNS,FL,ASO,ES,Combined TRACON& Tower with Radar,40,34,48,53,175,4,0,8,21,33,44,34,56,74,208,0,12,12,220
12/17/2001,PNS,FL,ASO,ES,Combined TRACON& Tower with Radar,32,56,40,53,181,0,0,17,16,33,32,56,57,69,214,6,14,20,234
12/18/2001,PNS,FL,ASO,ES,Combined TRACON& Tower with Radar,41,56,41,71,209,0,0,57,14,71,41,56,98,85,280,110,36,146,426
12/19/2001,PNS,FL,ASO,ES,Combined TRACON& Tower with Radar,40,59,58,67,224,0,0,54,37,91,40,59,112,104,315,122,52,174,489
12/20/2001,PNS,FL,ASO,ES,Combined TRACON& Tower with Radar,36,58,47,115,256,0,0,63,0,63,36,58,110,115,319,76,10,86,405
12/21/2001,PNS,FL,ASO,ES,Combined TRACON& Tower with Radar,44,58,27,99,228,0,0,73,15,88,44,58,100,114,316,60,0,60,376
12/22/2001,PNS,FL,ASO,ES,Combined TRACON& Tower with Radar,24,33,29,3,89,4,8,56,0,68,28,41,85,3,157,58,0,58,215
12/23/2001,PNS,FL,ASO,ES,Combined TRACON& Tower with Radar,39,35,45,0,119,0,0,0,1,1,39,35,45,1,120,0,0,0,120
12/24/2001,PNS,FL,ASO,ES,Combined TRACON& Tower with Radar,21,28,24,0,73,8,28,9,0,45,29,56,33,0,118,40,0,40,158
12/25/2001,PNS,FL,ASO,ES,Combined TRACON& Tower with Radar,19,26,22,0,67,15,9,1,0,25,34,35,23,0,92,0,0,0,92
12/26/2001,PNS,FL,ASO,ES,Combined TRACON& Tower with Radar,31,43,36,28,138,3,16,36,0,55,34,59,72,28,193,66,6,72,265
12/27/2001,PNS,FL,ASO,ES,Combined TRACON& Tower with Radar,26,39,32,18,115,0,9,71,0,80,26,48,103,18,195,54,0,54,249
12/28/2001,PNS,FL,ASO,ES,Combined TRACON& Tower with Radar,35,49,41,45,170,0,11,32,2,45,35,60,73,47,215,54,0,54,269
12/29/2001,PNS,FL,ASO,ES,Combined TRACON& Tower with Radar,24,33,29,0,86,9,0,60,0,69,33,33,89,0,155,102,0,102,257
12/30/2001,PNS,FL,ASO,ES,Combined TRACON& Tower with Radar,20,27,23,2,72,12,8,56,0,76,32,35,79,2,148,64,0,64,212
12/31/2001,PNS,FL,ASO,ES,Combined TRACON& Tower with Radar,34,52,39,16,141,0,0,33,9,42,34,52,72,25,183,52,0,52,235
01/01/2002,PNS,FL,ASO,ES,Combined TRACON& Tower with Radar,32,38,23,0,93,0,1,4,0,5,32,39,27,0,98,0,0,0,98
01/02/2002,PNS,FL,ASO,ES,Combined TRACON& Tower with Radar,19,32,27,0,78,4,26,0,0,30,23,58,27,0,108,0,0,0,108
01/03/2002,PNS,FL,ASO,ES,Combined TRACON& Tower with Radar,24,58,22,2,106,0,1,46,0,47,24,59,68,2,153,86,0,86,239
01/04/2002,PNS,FL,ASO,ES,Combined TRACON& Tower with Radar,27,44,41,63,175,0,1,59,3,63,27,45,100,66,238,128,30,158,396
01/05/2002,PNS,FL,ASO,ES,Combined TRACON& Tower with Radar,16,28,22,16,82,9,6,28,0,43,25,34,50,16,125,58,0,58,183
01/06/2002,PNS,FL,ASO,ES,Combined TRACON& Tower with Radar,26,42,18,41,127,11,0,0,19,30,37,42,18,60,157,20,0,20,177
01/07/2002,PNS,FL,ASO,ES,Combined TRACON& Tower with Radar,31,53,43,48,175,0,10,15,0,25,31,63,58,48,200,18,64,82,282
01/08/2002,PNS,FL,ASO,ES,Combined TRACON& Tower with Radar,33,67,52,91,243,0,3,60,8,71,33,70,112,99,314,112,2,114,428
01/09/2002,PNS,FL,ASO,ES,Combined TRACON& Tower with Radar,28,68,69,76,241,0,0,52,56,108,28,68,121,132,349,154,14,168,517
01/10/2002,PNS,FL,ASO,ES,Combined TRACON& Tower with Radar,30,71,57,65,223,0,1,55,28,84,30,72,112,93,307,82,20,102,409
01/11/2002,PNS,FL,ASO,ES,Combined TRACON& Tower with Radar,34,55,50,51,190,0,1,59,11,71,34,56,109,62,261,164,10,174,435
01/12/2002,PNS,FL,ASO,ES,Combined TRACON& Tower with Radar,22,37,31,34,124,12,8,3,7,30,34,45,34,41,154,80,0,80,234
01/13/2002,PNS,FL,ASO,ES,Combined TRACON& Tower with Radar,28,39,23,17,107,0,1,72,23,96,28,40,95,40,203,114,22,136,339
01/14/2002,PNS,FL,ASO,ES,Combined TRACON& Tower with Radar,26,44,24,19,113,8,26,0,0,34,34,70,24,19,147,0,0,0,147
01/15/2002,PNS,FL,ASO,ES,Combined TRACON& Tower with Radar,30,55,46,51,182,0,0,75,18,93,30,55,121,69,275,184,6,190,465
01/16/2002,PNS,FL,ASO,ES,Combined TRACON& Tower with Radar,32,64,43,38,177,0,4,81,13,98,32,68,124,51,275,242,56,298,573
01/17/2002,PNS,FL,ASO,ES,Combined TRACON& Tower with Radar,36,59,53,59,207,0,0,76,5,81,36,59,129,64,288,240,18,258,546
01/18/2002,PNS,FL,ASO,ES,Combined TRACON& Tower with Radar,31,45,47,49,172,0,2,35,1,38,31,47,82,50,210,228,54,282,492
01/19/2002,PNS,FL,ASO,ES,Combined TRACON& Tower with Radar,24,40,33,12,109,0,1,7,0,8,24,41,40,12,117,10,0,10,127
01/20/2002,PNS,FL,ASO,ES,Combined TRACON& Tower with Radar,26,41,43,20,130,0,0,83,0,83,26,41,126,20,213,48,16,64,277
01/21/2002,PNS,FL,ASO,ES,Combined TRACON& Tower with Radar,24,44,36,29,133,0,12,58,0,70,24,56,94,29,203,122,2,124,327
01/22/2002,PNS,FL,ASO,ES,Combined TRACON& Tower with Radar,32,68,58,55,213,0,1,28,0,29,32,69,86,55,242,88,0,88,330
01/23/2002,PNS,FL,ASO,ES,Combined TRACON& Tower with Radar,36,72,87,112,307,0,1,0,0,1,36,73,87,112,308,0,0,0,308
01/24/2002,PNS,FL,ASO,ES,Combined TRACON& Tower with Radar,30,65,41,80,216,0,0,11,0,11,30,65,52,80,227,6,0,6,233
01/25/2002,PNS,FL,ASO,ES,Combined TRACON& Tower with Radar,31,56,44,44,175,1,10,48,0,59,32,66,92,44,234,208,8,216,450
01/26/2002,PNS,FL,ASO,ES,Combined TRACON& Tower with Radar,24,43,38,4,109,0,0,84,17,101,24,43,122,21,210,226,0,226,436
01/27/2002,PNS,FL,ASO,ES,Combined TRACON& Tower with Radar,23,25,33,16,97,18,0,12,0,30,41,25,45,16,127,0,0,0,127
01/28/2002,PNS,FL,ASO,ES,Combined TRACON& Tower with Radar,36,70,69,78,253,0,0,13,28,41,36,70,82,106,294,14,0,14,308
01/29/2002,PNS,FL,ASO,ES,Combined TRACON& Tower with Radar,33,46,54,60,193,0,0,30,35,65,33,46,84,95,258,192,2,194,452
01/30/2002,PNS,FL,ASO,ES,Combined TRACON& Tower with Radar,27,53,46,45,171,0,1,11,0,12,27,54,57,45,183,46,0,46,229
01/31/2002,PNS,FL,ASO,ES,Combined TRACON& Tower with Radar,37,62,53,93,245,0,0,0,0,0,37,62,53,93,245,0,0,0,245
02/01/2002,PNS,FL,ASO,ES,Combined TRACON& Tower with Radar,27,51,40,53,171,1,6,24,11,42,28,57,64,64,213,100,12,112,325
02/02/2002,PNS,FL,ASO,ES,Combined TRACON& Tower with Radar,21,36,46,6,109,0,0,86,21,107,21,36,132,27,216,202,10,212,428
02/03/2002,PNS,FL,ASO,ES,Combined TRACON& Tower with Radar,22,41,32,26,121,8,10,68,0,86,30,51,100,26,207,176,6,182,389
02/04/2002,PNS,FL,ASO,ES,Combined TRACON& Tower with Radar,29,72,55,85,241,0,2,75,2,79,29,74,130,87,320,86,14,100,420
02/05/2002,PNS,FL,ASO,ES,Combined TRACON& Tower with Radar,30,60,39,50,179,0,0,48,0,48,30,60,87,50,227,146,14,160,387
02/06/2002,PNS,FL,ASO,ES,Combined TRACON& Tower with Radar,25,56,15,0,96,1,0,0,0,1,26,56,15,0,97,0,0,0,97
02/07/2002,PNS,FL,ASO,ES,Combined TRACON& Tower with Radar,31,62,65,80,238,0,0,21,5,26,31,62,86,85,264,40,56,96,360
02/08/2002,PNS,FL,ASO,ES,Combined TRACON& Tower with Radar,32,62,37,59,190,0,2,80,14,96,32,64,117,73,286,180,8,188,474
02/09/2002,PNS,FL,ASO,ES,Combined TRACON& Tower with Radar,26,43,49,11,129,0,0,79,5,84,26,43,128,16,213,166,0,166,379
02/10/2002,PNS,FL,ASO,ES,Combined TRACON& Tower with Radar,35,39,41,40,155,0,0,57,4,61,35,39,98,44,216,138,0,138,354
02/11/2002,PNS,FL,ASO,ES,Combined TRACON& Tower with Radar,32,69,40,128,269,0,5,70,8,83,32,74,110,136,352,164,42,206,558
02/12/2002,PNS,FL,ASO,ES,Combined TRACON& Tower with Radar,30,70,48,87,235,0,1,90,5,96,30,71,138,92,331,150,26,176,507
02/13/2002,PNS,FL,ASO,ES,Combined TRACON& Tower with Radar,30,69,61,143,303,0,0,75,6,81,30,69,136,149,384,136,6,142,526
02/14/2002,PNS,FL,ASO,ES,Combined TRACON& Tower with Radar,32,61,61,55,209,0,4,74,9,87,32,65,135,64,296,170,52,222,518
02/15/2002,PNS,FL,ASO,ES,Combined TRACON& Tower with Radar,36,39,45,70,190,0,0,79,8,87,36,39,124,78,277,208,0,208,485
02/16/2002,PNS,FL,ASO,ES,Combined TRACON& Tower with Radar,29,46,52,7,134,0,1,101,19,121,29,47,153,26,255,170,30,200,455
02/17/2002,PNS,FL,ASO,ES,Combined TRACON& Tower with Radar,33,45,52,8,138,0,0,108,13,121,33,45,160,21,259,158,0,158,417
02/18/2002,PNS,FL,ASO,ES,Combined TRACON& Tower with Radar,41,60,59,23,183,0,2,120,19,141,41,62,179,42,324,164,0,164,488
02/19/2002,PNS,FL,ASO,ES,Combined TRACON& Tower with Radar,37,64,58,125,284,0,7,47,2,56,37,71,105,127,340,26,28,54,394
02/20/2002,PNS,FL,ASO,ES,Combined TRACON& Tower with Radar,31,68,55,72,226,0,5,17,9,31,31,73,72,81,257,130,36,166,423
02/21/2002,PNS,FL,ASO,ES,Combined TRACON& Tower with Radar,31,60,55,63,209,0,3,59,2,64,31,63,114,65,273,258,44,302,575
02/22/2002,PNS,FL,ASO,ES,Combined TRACON& Tower with Radar,34,56,50,65,205,1,0,63,25,89,35,56,113,90,294,198,10,208,502
02/23/2002,PNS,FL,ASO,ES,Combined TRACON& Tower with Radar,28,34,28,10,100,0,4,71,44,119,28,38,99,54,219,128,6,134,353
02/24/2002,PNS,FL,ASO,ES,Combined TRACON& Tower with Radar,34,34,31,10,109,0,0,112,36,148,34,34,143,46,257,196,0,196,453
02/25/2002,PNS,FL,ASO,ES,Combined TRACON& Tower with Radar,27,61,46,93,227,0,1,84,7,92,27,62,130,100,319,214,0,214,533
02/26/2002,PNS,FL,ASO,ES,Combined TRACON& Tower with Radar,36,65,40,109,250,0,2,39,2,43,36,67,79,111,293,66,30,96,389
02/27/2002,PNS,FL,ASO,ES,Combined TRACON& Tower with Radar,41,63,46,118,268,0,3,82,3,88,41,66,128,121,356,160,36,196,552
02/28/2002,PNS,FL,ASO,ES,Combined TRACON& Tower with Radar,36,64,53,67,220,0,4,99,2,105,36,68,152,69,325,224,32,256,581
03/01/2002,PNS,FL,ASO,ES,Combined TRACON& Tower with Radar,31,52,40,85,208,0,3,24,1,28,31,55,64,86,236,120,16,136,372
03/02/2002,PNS,FL,ASO,ES,Combined TRACON& Tower with Radar,27,46,26,1,100,1,0,1,0,2,28,46,27,1,102,0,0,0,102
03/03/2002,PNS,FL,ASO,ES,Combined TRACON& Tower with Radar,32,44,45,14,135,1,0,10,1,12,33,44,55,15,147,26,0,26,173
03/04/2002,PNS,FL,ASO,ES,Combined TRACON& Tower with Radar,29,72,34,144,279,1,6,56,0,63,30,78,90,144,342,156,30,186,528
03/05/2002,PNS,FL,ASO,ES,Combined TRACON& Tower with Radar,36,58,51,88,233,1,2,97,2,102,37,60,148,90,335,264,26,290,625
03/06/2002,PNS,FL,ASO,ES,Combined TRACON& Tower with Radar,35,69,59,139,302,1,5,106,2,114,36,74,165,141,416,234,28,262,678
03/07/2002,PNS,FL,ASO,ES,Combined TRACON& Tower with Radar,42,62,74,123,301,1,5,78,0,84,43,67,152,123,385,174,46,220,605
03/08/2002,PNS,FL,ASO,ES,Combined TRACON& Tower with Radar,31,59,83,49,222,1,6,105,4,116,32,65,188,53,338,168,32,200,538
03/09/2002,PNS,FL,ASO,ES,Combined TRACON& Tower with Radar,35,37,33,3,108,1,1,50,4,56,36,38,83,7,164,112,18,130,294
03/10/2002,PNS,FL,ASO,ES,Combined TRACON& Tower with Radar,37,40,35,40,152,1,1,59,7,68,38,41,94,47,220,30,0,30,250
03/11/2002,PNS,FL,ASO,ES,Combined TRACON& Tower with Radar,30,66,68,85,249,1,5,99,2,107,31,71,167,87,356,176,12,188,544
03/12/2002,PNS,FL,ASO,ES,Combined TRACON& Tower with Radar,31,71,27,40,169,1,1,5,0,7,32,72,32,40,176,0,2,2,178
03/13/2002,PNS,FL,ASO,ES,Combined TRACON& Tower with Radar,39,72,80,61,252,1,3,72,4,80,40,75,152,65,332,144,8,152,484
03/14/2002,PNS,FL,ASO,ES,Combined TRACON& Tower with Radar,42,61,85,89,277,1,2,55,3,61,43,63,140,92,338,134,46,180,518
03/15/2002,PNS,FL,ASO,ES,Combined TRACON& Tower with Radar,36,59,72,20,187,1,1,0,0,2,37,60,72,20,189,0,0,0,189
03/16/2002,PNS,FL,ASO,ES,Combined TRACON& Tower with Radar,28,40,36,5,109,1,1,0,0,2,29,41,36,5,111,0,0,0,111
03/17/2002,PNS,FL,ASO,ES,Combined TRACON& Tower with Radar,32,44,53,30,159,5,0,36,0,41,37,44,89,30,200,0,0,0,200
03/18/2002,PNS,FL,ASO,ES,Combined TRACON& Tower with Radar,37,67,62,67,233,0,3,17,0,20,37,70,79,67,253,18,0,18,271
03/19/2002,PNS,FL,ASO,ES,Combined TRACON& Tower with Radar,39,59,33,113,244,1,3,32,2,38,40,62,65,115,282,104,10,114,396
03/20/2002,PNS,FL,ASO,ES,Combined TRACON& Tower with Radar,32,75,61,97,265,0,0,0,83,83,32,75,61,180,348,0,0,0,348
03/21/2002,PNS,FL,ASO,ES,Combined TRACON& Tower with Radar,37,61,62,66,226,1,2,79,5,87,38,63,141,71,313,88,24,112,425
03/22/2002,PNS,FL,ASO,ES,Combined TRACON& Tower with Radar,40,62,59,72,233,1,1,79,9,90,41,63,138,81,323,46,10,56,379
03/23/2002,PNS,FL,ASO,ES,Combined TRACON& Tower with Radar,30,44,56,6,136,1,5,107,9,122,31,49,163,15,258,294,6,300,558
03/24/2002,PNS,FL,ASO,ES,Combined TRACON& Tower with Radar,33,48,33,8,122,1,0,98,4,103,34,48,131,12,225,202,10,212,437
03/25/2002,PNS,FL,ASO,ES,Combined TRACON& Tower with Radar,36,70,58,77,241,1,2,30,0,33,37,72,88,77,274,90,0,90,364
03/26/2002,PNS,FL,ASO,ES,Combined TRACON& Tower with Radar,38,67,62,69,236,0,11,3,7,21,38,78,65,76,257,40,20,60,317
03/27/2002,PNS,FL,ASO,ES,Combined TRACON& Tower with Radar,35,72,53,34,194,1,2,90,0,93,36,74,143,34,287,202,20,222,509
03/28/2002,PNS,FL,ASO,ES,Combined TRACON& Tower with Radar,36,72,74,22,204,0,2,88,0,90,36,74,162,22,294,314,18,332,626
03/29/2002,PNS,FL,ASO,ES,Combined TRACON& Tower with Radar,37,59,61,128,285,0,5,82,1,88,37,64,143,129,373,200,0,200,573
03/30/2002,PNS,FL,ASO,ES,Combined TRACON& Tower with Radar,37,40,44,3,124,0,1,21,0,22,37,41,65,3,146,46,0,46,192
03/31/2002,PNS,FL,ASO,ES,Combined TRACON& Tower with Radar,34,54,60,5,153,0,1,4,0,5,34,55,64,5,158,0,0,0,158
04/01/2002,PNS,FL,ASO,ES,Combined TRACON& Tower with Radar,37,71,53,75,236,0,2,54,7,63,37,73,107,82,299,210,26,236,535
04/02/2002,PNS,FL,ASO,ES,Combined TRACON& Tower with Radar,29,70,73,128,300,0,4,92,7,103,29,74,165,135,403,166,8,174,577
04/03/2002,PNS,FL,ASO,ES,Combined TRACON& Tower with Radar,35,62,52,82,231,0,8,42,7,57,35,70,94,89,288,102,22,124,412
04/04/2002,PNS,FL,ASO,ES,Combined TRACON& Tower with Radar,36,57,54,111,258,0,0,98,15,113,36,57,152,126,371,106,32,138,509
04/05/2002,PNS,FL,ASO,ES,Combined TRACON& Tower with Radar,26,45,46,27,144,9,20,105,0,134,35,65,151,27,278,146,2,148,426
04/06/2002,PNS,FL,ASO,ES,Combined TRACON& Tower with Radar,25,43,45,17,130,9,1,123,0,133,34,44,168,17,263,88,0,88,351
04/07/2002,PNS,FL,ASO,ES,Combined TRACON& Tower with Radar,20,34,35,19,108,16,7,45,0,68,36,41,80,19,176,36,18,54,230
04/08/2002,PNS,FL,ASO,ES,Combined TRACON& Tower with Radar,38,66,40,37,181,0,0,11,5,16,38,66,51,42,197,10,0,10,207
04/09/2002,PNS,FL,ASO,ES,Combined TRACON& Tower with Radar,34,71,79,72,256,0,0,17,5,22,34,71,96,77,278,0,12,12,290
04/10/2002,PNS,FL,ASO,ES,Combined TRACON& Tower with Radar,30,72,73,68,243,0,9,33,0,42,30,81,106,68,285,100,4,104,389
04/11/2002,PNS,FL,ASO,ES,Combined TRACON& Tower with Radar,33,56,54,51,194,0,8,0,0,8,33,64,54,51,202,0,0,0,202
04/12/2002,PNS,FL,ASO,ES,Combined TRACON& Tower with Radar,34,59,39,35,167,0,0,0,3,3,34,59,39,38,170,0,0,0,170
04/13/2002,PNS,FL,ASO,ES,Combined TRACON& Tower with Radar,18,31,32,25,106,8,12,13,0,33,26,43,45,25,139,76,0,76,215
04/14/2002,PNS,FL,ASO,ES,Combined TRACON& Tower with Radar,27,45,46,16,134,9,0,50,0,59,36,45,96,16,193,94,0,94,287
04/15/2002,PNS,FL,ASO,ES,Combined TRACON& Tower with Radar,34,69,82,82,267,0,0,26,41,67,34,69,108,123,334,150,8,158,492
04/16/2002,PNS,FL,ASO,ES,Combined TRACON& Tower with Radar,33,71,85,85,274,0,0,57,33,90,33,71,142,118,364,148,18,166,530
04/17/2002,PNS,FL,ASO,ES,Combined TRACON& Tower with Radar,40,71,73,72,256,0,2,98,23,123,40,73,171,95,379,242,26,268,647
04/18/2002,PNS,FL,ASO,ES,Combined TRACON& Tower with Radar,34,63,76,75,248,0,0,76,37,113,34,63,152,112,361,182,2,184,545
04/19/2002,PNS,FL,ASO,ES,Combined TRACON& Tower with Radar,32,58,60,57,207,0,7,49,13,69,32,65,109,70,276,126,0,126,402
04/20/2002,PNS,FL,ASO,ES,Combined TRACON& Tower with Radar,22,35,38,13,108,9,0,109,0,118,31,35,147,13,226,166,20,186,412
04/21/2002,PNS,FL,ASO,ES,Combined TRACON& Tower with Radar,22,38,40,31,131,13,0,59,0,72,35,38,99,31,203,170,0,170,373
04/22/2002,PNS,FL,ASO,ES,Combined TRACON& Tower with Radar,30,57,59,56,202,0,0,61,11,72,30,57,120,67,274,154,20,174,448
04/23/2002,PNS,FL,ASO,ES,Combined TRACON& Tower with Radar,30,64,76,75,245,0,0,78,42,120,30,64,154,117,365,236,28,264,629
04/24/2002,PNS,FL,ASO,ES,Combined TRACON& Tower with Radar,35,61,62,60,218,0,12,47,21,80,35,73,109,81,298,228,28,256,554
04/25/2002,PNS,FL,ASO,ES,Combined TRACON& Tower with Radar,35,60,62,59,216,1,4,35,16,56,36,64,97,75,272,186,20,206,478
04/26/2002,PNS,FL,ASO,ES,Combined TRACON& Tower with Radar,33,57,59,56,205,0,6,42,20,68,33,63,101,76,273,170,24,194,467
04/27/2002,PNS,FL,ASO,ES,Combined TRACON& Tower with Radar,21,32,40,7,100,12,0,31,0,43,33,32,71,7,143,8,4,12,155
04/28/2002,PNS,FL,ASO,ES,Combined TRACON& Tower with Radar,26,41,46,26,139,9,0,87,0,96,35,41,133,26,235,110,0,110,345
04/29/2002,PNS,FL,ASO,ES,Combined TRACON& Tower with Radar,37,64,66,64,231,1,0,52,18,71,38,64,118,82,302,156,2,158,460
04/30/2002,PNS,FL,ASO,ES,Combined TRACON& Tower with Radar,35,74,83,83,275,0,0,46,24,70,35,74,129,107,345,64,26,90,435
05/01/2002,PNS,FL,ASO,ES,Combined TRACON& Tower with Radar,39,68,58,108,273,0,6,62,5,73,39,74,120,113,346,54,0,54,400
05/02/2002,PNS,FL,ASO,ES,Combined TRACON& Tower with Radar,34,56,58,139,287,1,4,56,0,61,35,60,114,139,348,88,0,88,436
05/03/2002,PNS,FL,ASO,ES,Combined TRACON& Tower with Radar,33,57,68,82,240,1,0,55,0,56,34,57,123,82,296,166,8,174,470
05/04/2002,PNS,FL,ASO,ES,Combined TRACON& Tower with Radar,25,40,43,5,113,1,3,67,17,88,26,43,110,22,201,64,14,78,279
05/05/2002,PNS,FL,ASO,ES,Combined TRACON& Tower with Radar,30,40,57,41,168,1,0,55,7,63,31,40,112,48,231,130,0,130,361
05/06/2002,PNS,FL,ASO,ES,Combined TRACON& Tower with Radar,31,63,67,96,257,0,0,0,45,45,31,63,67,141,302,48,0,48,350
05/07/2002,PNS,FL,ASO,ES,Combined TRACON& Tower with Radar,31,59,59,89,238,1,1,52,0,54,32,60,111,89,292,182,10,192,484
05/08/2002,PNS,FL,ASO,ES,Combined TRACON& Tower with Radar,36,62,62,91,251,1,1,87,4,93,37,63,149,95,344,110,0,110,454
05/09/2002,PNS,FL,ASO,ES,Combined TRACON& Tower with Radar,40,58,63,85,246,1,5,76,11,93,41,63,139,96,339,148,34,182,521
05/10/2002,PNS,FL,ASO,ES,Combined TRACON& Tower with Radar,31,53,48,108,240,1,4,70,6,81,32,57,118,114,321,200,12,212,533
05/11/2002,PNS,FL,ASO,ES,Combined TRACON& Tower with Radar,23,49,32,0,104,1,4,60,0,65,24,53,92,0,169,106,0,106,275
05/12/2002,PNS,FL,ASO,ES,Combined TRACON& Tower with Radar,30,37,42,7,116,1,0,27,2,30,31,37,69,9,146,24,0,24,170
05/13/2002,PNS,FL,ASO,ES,Combined TRACON& Tower with Radar,30,60,44,11,145,1,8,20,0,29,31,68,64,11,174,56,0,56,230
05/14/2002,PNS,FL,ASO,ES,Combined TRACON& Tower with Radar,34,54,45,91,224,1,5,90,0,96,35,59,135,91,320,154,8,162,482
05/15/2002,PNS,FL,ASO,ES,Combined TRACON& Tower with Radar,33,63,69,84,249,0,14,98,0,112,33,77,167,84,361,208,0,208,569
05/16/2002,PNS,FL,ASO,ES,Combined TRACON& Tower with Radar,34,64,50,115,263,0,4,48,9,61,34,68,98,124,324,146,28,174,498
05/17/2002,PNS,FL,ASO,ES,Combined TRACON& Tower with Radar,32,51,96,85,264,0,1,26,0,27,32,52,122,85,291,34,12,46,337
05/18/2002,PNS,FL,ASO,ES,Combined TRACON& Tower with Radar,29,47,55,1,132,0,0,3,2,5,29,47,58,3,137,0,0,0,137
05/19/2002,PNS,FL,ASO,ES,Combined TRACON& Tower with Radar,36,36,35,13,120,0,1,45,8,54,36,37,80,21,174,42,0,42,216
05/20/2002,PNS,FL,ASO,ES,Combined TRACON& Tower with Radar,28,53,53,71,205,0,4,87,1,92,28,57,140,72,297,260,6,266,563
05/21/2002,PNS,FL,ASO,ES,Combined TRACON& Tower with Radar,33,62,113,90,298,0,6,70,4,80,33,68,183,94,378,208,38,246,624
05/22/2002,PNS,FL,ASO,ES,Combined TRACON& Tower with Radar,33,61,65,103,262,0,7,92,4,103,33,68,157,107,365,138,8,146,511
05/23/2002,PNS,FL,ASO,ES,Combined TRACON& Tower with Radar,37,64,62,125,288,0,3,103,9,115,37,67,165,134,403,226,2,228,631
05/24/2002,PNS,FL,ASO,ES,Combined TRACON& Tower with Radar,31,58,90,53,232,0,5,90,0,95,31,63,180,53,327,204,0,204,531
05/25/2002,PNS,FL,ASO,ES,Combined TRACON& Tower with Radar,26,40,37,3,106,0,1,77,0,78,26,41,114,3,184,152,0,152,336
05/26/2002,PNS,FL,ASO,ES,Combined TRACON& Tower with Radar,31,34,26,20,111,0,1,63,1,65,31,35,89,21,176,76,0,76,252
05/27/2002,PNS,FL,ASO,ES,Combined TRACON& Tower with Radar,31,37,55,6,129,0,0,93,1,94,31,37,148,7,223,116,0,116,339
05/28/2002,PNS,FL,ASO,ES,Combined TRACON& Tower with Radar,32,62,53,81,228,0,4,59,5,68,32,66,112,86,296,160,106,266,562
05/29/2002,PNS,FL,ASO,ES,Combined TRACON& Tower with Radar,36,65,61,96,258,0,1,51,1,53,36,66,112,97,311,64,22,86,397
05/30/2002,PNS,FL,ASO,ES,Combined TRACON& Tower with Radar,34,60,55,130,279,0,4,56,0,60,34,64,111,130,339,150,0,150,489
05/31/2002,PNS,FL,ASO,ES,Combined TRACON& Tower with Radar,34,57,48,97,236,0,0,88,3,91,34,57,136,100,327,214,4,218,545
06/01/2002,PNS,FL,ASO,ES,Combined TRACON& Tower with Radar,27,46,57,4,134,0,0,98,0,98,27,46,155,4,232,154,10,164,396
06/02/2002,PNS,FL,ASO,ES,Combined TRACON& Tower with Radar,30,37,41,6,114,0,1,94,6,101,30,38,135,12,215,138,4,142,357
06/03/2002,PNS,FL,ASO,ES,Combined TRACON& Tower with Radar,26,56,46,55,183,0,3,72,1,76,26,59,118,56,259,234,28,262,521
06/04/2002,PNS,FL,ASO,ES,Combined TRACON& Tower with Radar,32,62,64,73,231,0,0,65,40,105,32,62,129,113,336,130,12,142,478
06/05/2002,PNS,FL,ASO,ES,Combined TRACON& Tower with Radar,31,68,71,79,249,0,0,77,23,100,31,68,148,102,349,138,20,158,507
06/06/2002,PNS,FL,ASO,ES,Combined TRACON& Tower with Radar,27,60,54,51,192,0,15,40,0,55,27,75,94,51,247,60,6,66,313
06/07/2002,PNS,FL,ASO,ES,Combined TRACON& Tower with Radar,29,51,45,42,167,2,15,48,0,65,31,66,93,42,232,60,24,84,316
06/08/2002,PNS,FL,ASO,ES,Combined TRACON& Tower with Radar,20,35,31,1,87,7,15,60,0,82,27,50,91,1,169,40,0,40,209
06/09/2002,PNS,FL,ASO,ES,Combined TRACON& Tower with Radar,22,39,35,15,111,12,0,67,0,79,34,39,102,15,190,68,0,68,258
06/10/2002,PNS,FL,ASO,ES,Combined TRACON& Tower with Radar,27,48,43,21,139,5,23,81,0,109,32,71,124,21,248,106,4,110,358
06/11/2002,PNS,FL,ASO,ES,Combined TRACON& Tower with Radar,33,64,58,66,221,0,10,50,9,69,33,74,108,75,290,114,8,122,412
06/12/2002,PNS,FL,ASO,ES,Combined TRACON& Tower with Radar,33,63,56,64,216,0,7,91,3,101,33,70,147,67,317,144,8,152,469
06/13/2002,PNS,FL,ASO,ES,Combined TRACON& Tower with Radar,35,65,59,66,225,0,5,79,15,99,35,70,138,81,324,84,22,106,430
06/14/2002,PNS,FL,ASO,ES,Combined TRACON& Tower with Radar,23,41,36,17,117,14,20,45,0,79,37,61,81,17,196,64,0,64,260
06/15/2002,PNS,FL,ASO,ES,Combined TRACON& Tower with Radar,20,35,31,19,105,6,6,87,0,99,26,41,118,19,204,74,0,74,278
06/16/2002,PNS,FL,ASO,ES,Combined TRACON& Tower with Radar,22,39,34,26,121,8,1,72,0,81,30,40,106,26,202,106,14,120,322
06/17/2002,PNS,FL,ASO,ES,Combined TRACON& Tower with Radar,34,66,60,67,227,0,2,69,6,77,34,68,129,73,304,108,8,116,420
06/18/2002,PNS,FL,ASO,ES,Combined TRACON& Tower with Radar,30,64,58,66,218,0,0,39,23,62,30,64,97,89,280,98,32,130,410
06/19/2002,PNS,FL,ASO,ES,Combined TRACON& Tower with Radar,32,58,53,59,202,0,4,39,5,48,32,62,92,64,250,62,8,70,320
06/20/2002,PNS,FL,ASO,ES,Combined TRACON& Tower with Radar,35,62,56,58,211,1,9,58,0,68,36,71,114,58,279,58,6,64,343
06/21/2002,PNS,FL,ASO,ES,Combined TRACON& Tower with Radar,27,50,43,49,169,4,15,45,1,65,31,65,88,50,234,32,0,32,266
06/22/2002,PNS,FL,ASO,ES,Combined TRACON& Tower with Radar,18,33,30,32,113,13,10,55,0,78,31,43,85,32,191,126,6,132,323
06/23/2002,PNS,FL,ASO,ES,Combined TRACON& Tower with Radar,22,39,34,30,125,6,2,32,0,40,28,41,66,30,165,14,14,28,193
06/24/2002,PNS,FL,ASO,ES,Combined TRACON& Tower with Radar,29,67,70,77,243,0,0,46,53,99,29,67,116,130,342,88,42,130,472
06/25/2002,PNS,FL,ASO,ES,Combined TRACON& Tower with Radar,32,70,73,80,255,0,0,30,45,75,32,70,103,125,330,100,8,108,438
06/26/2002,PNS,FL,ASO,ES,Combined TRACON& Tower with Radar,35,59,70,78,242,0,0,40,52,92,35,59,110,130,334,146,10,156,490
06/27/2002,PNS,FL,ASO,ES,Combined TRACON& Tower with Radar,36,63,77,84,260,0,0,10,77,87,36,63,87,161,347,148,60,208,555
06/28/2002,PNS,FL,ASO,ES,Combined TRACON& Tower with Radar,38,59,67,72,236,0,0,79,19,98,38,59,146,91,334,162,26,188,522
06/29/2002,PNS,FL,ASO,ES,Combined TRACON& Tower with Radar,21,38,35,15,109,8,0,72,0,80,29,38,107,15,189,136,0,136,325
06/30/2002,PNS,FL,ASO,ES,Combined TRACON& Tower with Radar,22,37,34,28,121,7,0,66,0,73,29,37,100,28,194,76,0,76,270
07/01/2002,PNS,FL,ASO,ES,Combined TRACON& Tower with Radar,31,67,38,73,209,0,0,39,20,59,31,67,77,93,268,86,36,122,390
07/02/2002,PNS,FL,ASO,ES,Combined TRACON& Tower with Radar,27,66,29,92,214,0,5,70,6,81,27,71,99,98,295,122,6,128,423
07/03/2002,PNS,FL,ASO,ES,Combined TRACON& Tower with Radar,31,78,44,34,187,0,1,39,4,44,31,79,83,38,231,72,0,72,303
07/04/2002,PNS,FL,ASO,ES,Combined TRACON& Tower with Radar,29,46,34,4,113,0,0,35,3,38,29,46,69,7,151,76,0,76,227
07/05/2002,PNS,FL,ASO,ES,Combined TRACON& Tower with Radar,28,65,55,2,150,0,3,49,6,58,28,68,104,8,208,82,0,82,290
07/06/2002,PNS,FL,ASO,ES,Combined TRACON& Tower with Radar,30,47,54,0,131,0,0,63,4,67,30,47,117,4,198,96,0,96,294
07/07/2002,PNS,FL,ASO,ES,Combined TRACON& Tower with Radar,30,41,79,3,153,0,0,70,4,74,30,41,149,7,227,88,0,88,315
07/08/2002,PNS,FL,ASO,ES,Combined TRACON& Tower with Radar,30,63,38,63,194,0,0,41,11,52,30,63,79,74,246,116,0,116,362
07/09/2002,PNS,FL,ASO,ES,Combined TRACON& Tower with Radar,30,62,57,61,210,0,3,63,9,75,30,65,120,70,285,62,16,78,363
07/10/2002,PNS,FL,ASO,ES,Combined TRACON& Tower with Radar,31,61,55,46,193,0,5,66,8,79,31,66,121,54,272,72,16,88,360
07/11/2002,PNS,FL,ASO,ES,Combined TRACON& Tower with Radar,32,65,47,78,222,0,2,74,3,79,32,67,121,81,301,112,0,112,413
07/12/2002,PNS,FL,ASO,ES,Combined TRACON& Tower with Radar,31,66,55,37,189,0,4,69,23,96,31,70,124,60,285,110,4,114,399
07/13/2002,PNS,FL,ASO,ES,Combined TRACON& Tower with Radar,29,40,26,0,95,0,3,29,5,37,29,43,55,5,132,36,2,38,170
07/14/2002,PNS,FL,ASO,ES,Combined TRACON& Tower with Radar,21,39,35,15,110,7,5,43,0,55,28,44,78,15,165,64,0,64,229
07/15/2002,PNS,FL,ASO,ES,Combined TRACON& Tower with Radar,30,62,46,45,183,0,3,51,4,58,30,65,97,49,241,108,20,128,369
07/16/2002,PNS,FL,ASO,ES,Combined TRACON& Tower with Radar,29,66,55,92,242,0,5,72,11,88,29,71,127,103,330,114,12,126,456
07/17/2002,PNS,FL,ASO,ES,Combined TRACON& Tower with Radar,33,65,72,67,237,0,2,85,9,96,33,67,157,76,333,196,16,212,545
07/18/2002,PNS,FL,ASO,ES,Combined TRACON& Tower with Radar,33,69,70,60,232,0,0,101,16,117,33,69,171,76,349,64,10,74,423
07/19/2002,PNS,FL,ASO,ES,Combined TRACON& Tower with Radar,31,62,83,39,215,0,3,90,8,101,31,65,173,47,316,120,0,120,436
07/20/2002,PNS,FL,ASO,ES,Combined TRACON& Tower with Radar,21,41,37,9,108,8,6,62,0,76,29,47,99,9,184,82,0,82,266
07/21/2002,PNS,FL,ASO,ES,Combined TRACON& Tower with Radar,30,43,41,17,131,0,0,19,9,28,30,43,60,26,159,84,20,104,263
07/22/2002,PNS,FL,ASO,ES,Combined TRACON& Tower with Radar,29,60,53,45,187,1,12,41,15,69,30,72,94,60,256,102,12,114,370
07/23/2002,PNS,FL,ASO,ES,Combined TRACON& Tower with Radar,33,72,57,94,256,0,0,40,8,48,33,72,97,102,304,82,0,82,386
07/24/2002,PNS,FL,ASO,ES,Combined TRACON& Tower with Radar,33,66,39,39,177,0,0,38,2,40,33,66,77,41,217,66,0,66,283
07/25/2002,PNS,FL,ASO,ES,Combined TRACON& Tower with Radar,32,73,71,164,340,0,0,34,12,46,32,73,105,176,386,90,12,102,488
07/26/2002,PNS,FL,ASO,ES,Combined TRACON& Tower with Radar,34,66,61,1,162,0,0,51,2,53,34,66,112,3,215,108,0,108,323
07/27/2002,PNS,FL,ASO,ES,Combined TRACON& Tower with Radar,21,44,37,4,106,8,0,87,0,95,29,44,124,4,201,60,0,60,261
07/28/2002,PNS,FL,ASO,ES,Combined TRACON& Tower with Radar,30,44,63,15,152,0,0,52,4,56,30,44,115,19,208,98,2,100,308
07/29/2002,PNS,FL,ASO,ES,Combined TRACON& Tower with Radar,30,66,47,81,224,0,2,29,7,38,30,68,76,88,262,98,14,112,374
07/30/2002,PNS,FL,ASO,ES,Combined TRACON& Tower with Radar,30,69,73,85,257,0,2,45,6,53,30,71,118,91,310,38,4,42,352
07/31/2002,PNS,FL,ASO,ES,Combined TRACON& Tower with Radar,28,63,68,22,181,0,4,79,12,95,28,67,147,34,276,40,2,42,318
08/01/2002,PNS,FL,ASO,ES,Combined TRACON& Tower with Radar,28,52,51,33,164,10,18,59,0,87,38,70,110,33,251,106,0,106,357
08/02/2002,PNS,FL,ASO,ES,Combined TRACON& Tower with Radar,32,64,63,59,218,0,3,44,26,73,32,67,107,85,291,101,0,101,392
08/03/2002,PNS,FL,ASO,ES,Combined TRACON& Tower with Radar,25,47,44,32,148,4,5,85,0,94,29,52,129,32,242,146,0,146,388
08/04/2002,PNS,FL,ASO,ES,Combined TRACON& Tower with Radar,29,41,33,17,120,0,0,24,6,30,29,41,57,23,150,16,2,18,168
08/05/2002,PNS,FL,ASO,ES,Combined TRACON& Tower with Radar,25,47,44,16,132,5,21,7,0,33,30,68,51,16,165,0,0,0,165
08/06/2002,PNS,FL,ASO,ES,Combined TRACON& Tower with Radar,30,66,48,88,232,0,5,75,14,94,30,71,123,102,326,80,16,96,422
08/07/2002,PNS,FL,ASO,ES,Combined TRACON& Tower with Radar,31,69,42,93,235,0,6,51,8,65,31,75,93,101,300,26,0,26,326
08/08/2002,PNS,FL,ASO,ES,Combined TRACON& Tower with Radar,32,69,82,78,261,0,0,71,50,121,32,69,153,128,382,74,4,78,460
08/09/2002,PNS,FL,ASO,ES,Combined TRACON& Tower with Radar,32,70,67,63,232,0,1,72,22,95,32,71,139,85,327,112,0,112,439
08/10/2002,PNS,FL,ASO,ES,Combined TRACON& Tower with Radar,29,46,69,21,165,0,3,97,11,111,29,49,166,32,276,132,0,132,408
08/11/2002,PNS,FL,ASO,ES,Combined TRACON& Tower with Radar,28,44,74,14,160,0,0,35,12,47,28,44,109,26,207,56,0,56,263
08/12/2002,PNS,FL,ASO,ES,Combined TRACON& Tower with Radar,31,62,54,84,231,0,3,52,1,56,31,65,106,85,287,68,4,72,359
08/13/2002,PNS,FL,ASO,ES,Combined TRACON& Tower with Radar,30,68,52,87,237,0,1,66,5,72,30,69,118,92,309,60,28,88,397
08/14/2002,PNS,FL,ASO,ES,Combined TRACON& Tower with Radar,31,66,77,107,281,0,4,84,3,91,31,70,161,110,372,100,6,106,478
08/15/2002,PNS,FL,ASO,ES,Combined TRACON& Tower with Radar,33,63,62,54,212,0,3,50,13,66,33,66,112,67,278,76,46,122,400
08/16/2002,PNS,FL,ASO,ES,Combined TRACON& Tower with Radar,30,61,71,68,230,0,4,41,11,56,30,65,112,79,286,56,8,64,350
08/17/2002,PNS,FL,ASO,ES,Combined TRACON& Tower with Radar,22,42,40,3,107,7,4,87,0,98,29,46,127,3,205,82,0,82,287
08/18/2002,PNS,FL,ASO,ES,Combined TRACON& Tower with Radar,29,40,44,15,128,0,0,38,9,47,29,40,82,24,175,56,0,56,231
08/19/2002,PNS,FL,ASO,ES,Combined TRACON& Tower with Radar,26,55,51,41,173,0,3,54,5,62,26,58,105,46,235,88,0,88,323
08/20/2002,PNS,FL,ASO,ES,Combined TRACON& Tower with Radar,30,64,64,66,224,0,1,90,12,103,30,65,154,78,327,40,8,48,375
08/21/2002,PNS,FL,ASO,ES,Combined TRACON& Tower with Radar,32,65,65,64,226,0,1,66,6,73,32,66,131,70,299,76,12,88,387
08/22/2002,PNS,FL,ASO,ES,Combined TRACON& Tower with Radar,32,60,61,51,204,2,0,87,0,89,34,60,148,51,293,112,0,112,405
08/23/2002,PNS,FL,ASO,ES,Combined TRACON& Tower with Radar,31,60,58,53,202,3,10,70,2,85,34,70,128,55,287,48,16,64,351
08/24/2002,PNS,FL,ASO,ES,Combined TRACON& Tower with Radar,29,50,32,2,113,0,4,93,3,100,29,54,125,5,213,161,0,161,374
08/25/2002,PNS,FL,ASO,ES,Combined TRACON& Tower with Radar,19,37,36,16,108,11,4,37,0,52,30,41,73,16,160,46,0,46,206
08/26/2002,PNS,FL,ASO,ES,Combined TRACON& Tower with Radar,31,56,43,69,199,0,3,66,6,75,31,59,109,75,274,118,26,144,418
08/27/2002,PNS,FL,ASO,ES,Combined TRACON& Tower with Radar,31,71,70,70,242,0,0,0,50,50,31,71,70,120,292,124,28,152,444
08/28/2002,PNS,FL,ASO,ES,Combined TRACON& Tower with Radar,30,59,48,60,197,0,6,67,6,79,30,65,115,66,276,84,8,92,368
08/29/2002,PNS,FL,ASO,ES,Combined TRACON& Tower with Radar,31,71,57,69,228,0,8,56,2,66,31,79,113,71,294,110,0,110,404
08/30/2002,PNS,FL,ASO,ES,Combined TRACON& Tower with Radar,32,64,87,40,223,0,4,26,6,36,32,68,113,46,259,32,0,32,291
08/31/2002,PNS,FL,ASO,ES,Combined TRACON& Tower with Radar,26,55,54,9,144,0,1,20,2,23,26,56,74,11,167,52,2,54,221
09/01/2002,PNS,FL,ASO,ES,Combined TRACON& Tower with Radar,13,25,19,2,59,14,6,27,0,47,27,31,46,2,106,94,0,94,200
09/02/2002,PNS,FL,ASO,ES,Combined TRACON& Tower with Radar,30,40,56,19,145,0,5,62,1,68,30,45,118,20,213,106,14,120,333
09/03/2002,PNS,FL,ASO,ES,Combined TRACON& Tower with Radar,30,62,31,47,170,0,2,48,5,55,30,64,79,52,225,64,6,70,295
09/04/2002,PNS,FL,ASO,ES,Combined TRACON& Tower with Radar,29,63,53,88,233,0,5,74,19,98,29,68,127,107,331,88,40,128,459
09/05/2002,PNS,FL,ASO,ES,Combined TRACON& Tower with Radar,30,58,51,51,190,1,2,49,26,78,31,60,100,77,268,160,32,192,460
09/06/2002,PNS,FL,ASO,ES,Combined TRACON& Tower with Radar,29,64,54,70,217,0,4,51,7,62,29,68,105,77,279,84,0,84,363
09/07/2002,PNS,FL,ASO,ES,Combined TRACON& Tower with Radar,23,44,37,5,109,0,0,33,2,35,23,44,70,7,144,48,0,48,192
09/08/2002,PNS,FL,ASO,ES,Combined TRACON& Tower with Radar,28,43,52,17,140,0,0,70,5,75,28,43,122,22,215,100,0,100,315
09/09/2002,PNS,FL,ASO,ES,Combined TRACON& Tower with Radar,29,66,60,99,254,0,4,79,5,88,29,70,139,104,342,132,24,156,498
09/10/2002,PNS,FL,ASO,ES,Combined TRACON& Tower with Radar,25,64,54,109,252,0,2,75,7,84,25,66,129,116,336,90,26,116,452
09/11/2002,PNS,FL,ASO,ES,Combined TRACON& Tower with Radar,23,47,84,58,212,0,6,85,16,107,23,53,169,74,319,194,54,248,567
09/12/2002,PNS,FL,ASO,ES,Combined TRACON& Tower with Radar,27,58,55,88,228,0,2,101,15,118,27,60,156,103,346,122,20,142,488
09/13/2002,PNS,FL,ASO,ES,Combined TRACON& Tower with Radar,28,64,30,1,123,0,0,11,1,12,28,64,41,2,135,6,0,6,141
09/14/2002,PNS,FL,ASO,ES,Combined TRACON& Tower with Radar,16,22,8,0,46,0,0,5,2,7,16,22,13,2,53,2,0,2,55
09/15/2002,PNS,FL,ASO,ES,Combined TRACON& Tower with Radar,28,43,41,5,117,0,0,47,3,50,28,43,88,8,167,76,4,80,247
09/16/2002,PNS,FL,ASO,ES,Combined TRACON& Tower with Radar,26,66,64,57,213,0,0,33,5,38,26,66,97,62,251,116,16,132,383
09/17/2002,PNS,FL,ASO,ES,Combined TRACON& Tower with Radar,30,55,59,101,245,0,1,82,3,86,30,56,141,104,331,96,42,138,469
09/18/2002,PNS,FL,ASO,ES,Combined TRACON& Tower with Radar,29,63,62,64,218,0,1,41,2,44,29,64,103,66,262,82,10,92,354
09/19/2002,PNS,FL,ASO,ES,Combined TRACON& Tower with Radar,39,63,89,104,295,0,2,90,9,101,39,65,179,113,396,96,28,124,520
09/20/2002,PNS,FL,ASO,ES,Combined TRACON& Tower with Radar,29,67,63,64,223,0,0,27,36,63,29,67,90,100,286,126,12,138,424
09/21/2002,PNS,FL,ASO,ES,Combined TRACON& Tower with Radar,24,44,61,4,133,0,0,39,6,45,24,44,100,10,178,122,0,122,300
09/22/2002,PNS,FL,ASO,ES,Combined TRACON& Tower with Radar,17,33,27,15,92,10,4,53,0,67,27,37,80,15,159,60,0,60,219
09/23/2002,PNS,FL,ASO,ES,Combined TRACON& Tower with Radar,26,54,46,47,173,0,4,46,23,73,26,58,92,70,246,140,12,152,398
09/24/2002,PNS,FL,ASO,ES,Combined TRACON& Tower with Radar,27,59,37,50,173,0,1,0,20,21,27,60,37,70,194,16,2,18,212
09/25/2002,PNS,FL,ASO,ES,Combined TRACON& Tower with Radar,11,22,8,10,51,8,16,0,0,24,19,38,8,10,75,0,0,0,75
09/26/2002,PNS,FL,ASO,ES,Combined TRACON& Tower with Radar,11,23,10,10,54,4,20,0,0,24,15,43,10,10,78,0,0,0,78
09/27/2002,PNS,FL,ASO,ES,Combined TRACON& Tower with Radar,27,59,50,50,186,0,8,56,0,64,27,67,106,50,250,110,24,134,384
09/28/2002,PNS,FL,ASO,ES,Combined TRACON& Tower with Radar,21,42,35,28,126,2,5,84,0,91,23,47,119,28,217,76,22,98,315
09/29/2002,PNS,FL,ASO,ES,Combined TRACON& Tower with Radar,22,35,36,32,125,5,0,74,0,79,27,35,110,32,204,60,0,60,264
09/30/2002,PNS,FL,ASO,ES,Combined TRACON& Tower with Radar,27,61,58,59,205,0,0,28,25,53,27,61,86,84,258,84,46,130,388
10/01/2002,PNS,FL,ASO,ES,Combined TRACON& Tower with Radar,27,59,60,83,229,0,2,56,1,59,27,61,116,84,288,108,12,120,408
10/02/2002,PNS,FL,ASO,ES,Combined TRACON& Tower with Radar,28,58,44,54,184,0,4,47,0,51,28,62,91,54,235,38,16,54,289
10/03/2002,PNS,FL,ASO,ES,Combined TRACON& Tower with Radar,25,59,16,52,152,0,0,4,0,4,25,59,20,52,156,0,6,6,162
10/04/2002,PNS,FL,ASO,ES,Combined TRACON& Tower with Radar,28,58,54,59,199,0,4,3,20,27,28,62,57,79,226,52,6,58,284
10/05/2002,PNS,FL,ASO,ES,Combined TRACON& Tower with Radar,26,42,28,4,100,0,0,30,5,35,26,42,58,9,135,66,0,66,201
10/06/2002,PNS,FL,ASO,ES,Combined TRACON& Tower with Radar,29,33,44,27,133,0,2,41,4,47,29,35,85,31,180,70,0,70,250
10/07/2002,PNS,FL,ASO,ES,Combined TRACON& Tower with Radar,29,53,49,55,186,0,2,23,14,39,29,55,72,69,225,62,36,98,323
10/08/2002,PNS,FL,ASO,ES,Combined TRACON& Tower with Radar,30,57,37,125,249,0,2,56,1,59,30,59,93,126,308,176,136,312,620
10/09/2002,PNS,FL,ASO,ES,Combined TRACON& Tower with Radar,29,64,104,128,325,0,0,25,0,25,29,64,129,128,350,42,50,92,442
10/10/2002,PNS,FL,ASO,ES,Combined TRACON& Tower with Radar,28,60,66,84,238,0,0,12,0,12,28,60,78,84,250,4,16,20,270
10/11/2002,PNS,FL,ASO,ES,Combined TRACON& Tower with Radar,29,63,67,123,282,0,2,33,4,39,29,65,100,127,321,68,24,92,413
10/12/2002,PNS,FL,ASO,ES,Combined TRACON& Tower with Radar,27,42,51,12,132,0,0,61,7,68,27,42,112,19,200,124,22,146,346
10/13/2002,PNS,FL,ASO,ES,Combined TRACON& Tower with Radar,28,40,48,8,124,0,1,52,6,59,28,41,100,14,183,128,2,130,313
10/14/2002,PNS,FL,ASO,ES,Combined TRACON& Tower with Radar,28,52,28,13,121,0,0,30,3,33,28,52,58,16,154,144,0,144,298
10/15/2002,PNS,FL,ASO,ES,Combined TRACON& Tower with Radar,28,61,34,44,167,0,0,1,1,2,28,61,35,45,169,0,0,0,169
10/16/2002,PNS,FL,ASO,ES,Combined TRACON& Tower with Radar,30,62,67,27,186,0,0,78,13,91,30,62,145,40,277,116,22,138,415
10/17/2002,PNS,FL,ASO,ES,Combined TRACON& Tower with Radar,30,59,43,20,152,0,1,77,9,87,30,60,120,29,239,150,36,186,425
10/18/2002,PNS,FL,ASO,ES,Combined TRACON& Tower with Radar,31,58,42,84,215,0,0,85,7,92,31,58,127,91,307,100,0,100,407
10/19/2002,PNS,FL,ASO,ES,Combined TRACON& Tower with Radar,33,44,50,16,143,0,0,97,5,102,33,44,147,21,245,122,0,122,367
10/20/2002,PNS,FL,ASO,ES,Combined TRACON& Tower with Radar,28,35,56,50,169,0,0,45,5,50,28,35,101,55,219,42,0,42,261
10/21/2002,PNS,FL,ASO,ES,Combined TRACON& Tower with Radar,29,54,51,77,211,0,2,33,4,39,29,56,84,81,250,98,50,148,398
10/22/2002,PNS,FL,ASO,ES,Combined TRACON& Tower with Radar,30,66,54,40,190,0,0,52,5,57,30,66,106,45,247,122,22,144,391
10/23/2002,PNS,FL,ASO,ES,Combined TRACON& Tower with Radar,29,68,72,120,289,0,0,13,1,14,29,68,85,121,303,14,0,14,317
10/24/2002,PNS,FL,ASO,ES,Combined TRACON& Tower with Radar,28,63,54,91,236,0,0,9,3,12,28,63,63,94,248,58,30,88,336
10/25/2002,PNS,FL,ASO,ES,Combined TRACON& Tower with Radar,30,65,83,58,236,0,1,27,4,32,30,66,110,62,268,114,8,122,390
10/26/2002,PNS,FL,ASO,ES,Combined TRACON& Tower with Radar,26,39,44,0,109,0,0,4,1,5,26,39,48,1,114,4,0,4,118
10/27/2002,PNS,FL,ASO,ES,Combined TRACON& Tower with Radar,17,33,31,26,107,10,0,14,0,24,27,33,45,26,131,14,8,22,153
10/28/2002,PNS,FL,ASO,ES,Combined TRACON& Tower with Radar,27,56,38,68,189,0,1,26,3,30,27,57,64,71,219,80,30,110,329
10/29/2002,PNS,FL,ASO,ES,Combined TRACON& Tower with Radar,28,53,50,31,162,2,15,14,0,31,30,68,64,31,193,20,54,74,267
10/30/2002,PNS,FL,ASO,ES,Combined TRACON& Tower with Radar,29,69,63,59,220,0,3,49,1,53,29,72,112,60,273,98,0,98,371
10/31/2002,PNS,FL,ASO,ES,Combined TRACON& Tower with Radar,31,54,63,43,191,0,1,68,13,82,31,55,131,56,273,88,12,100,373
11/01/2002,PNS,FL,ASO,ES,Combined TRACON& Tower with Radar,30,69,59,58,216,0,0,89,12,101,30,69,148,70,317,154,22,176,493
11/02/2002,PNS,FL,ASO,ES,Combined TRACON& Tower with Radar,28,44,52,9,133,0,1,85,14,100,28,45,137,23,233,150,6,156,389
11/03/2002,PNS,FL,ASO,ES,Combined TRACON& Tower with Radar,30,38,47,27,142,0,0,37,10,47,30,38,84,37,189,112,4,116,305
11/04/2002,PNS,FL,ASO,ES,Combined TRACON& Tower with Radar,29,49,45,67,190,0,1,5,3,9,29,50,50,70,199,84,22,106,305
11/05/2002,PNS,FL,ASO,ES,Combined TRACON& Tower with Radar,19,33,16,31,99,9,21,0,0,30,28,54,16,31,129,0,0,0,129
11/06/2002,PNS,FL,ASO,ES,Combined TRACON& Tower with Radar,31,49,51,64,195,0,1,39,9,49,31,50,90,73,244,47,14,61,305
11/07/2002,PNS,FL,ASO,ES,Combined TRACON& Tower with Radar,30,57,89,113,289,0,2,100,32,134,30,59,189,145,423,46,18,64,487
11/08/2002,PNS,FL,ASO,ES,Combined TRACON& Tower with Radar,29,49,52,61,191,1,5,125,10,141,30,54,177,71,332,92,42,134,466
11/09/2002,PNS,FL,ASO,ES,Combined TRACON& Tower with Radar,27,37,56,17,137,0,0,52,12,64,27,37,108,29,201,64,16,80,281
11/10/2002,PNS,FL,ASO,ES,Combined TRACON& Tower with Radar,27,33,49,28,137,1,0,78,0,79,28,33,127,28,216,4,0,4,220
11/11/2002,PNS,FL,ASO,ES,Combined TRACON& Tower with Radar,28,36,14,6,84,0,1,0,2,3,28,37,14,8,87,0,0,0,87
11/12/2002,PNS,FL,ASO,ES,Combined TRACON& Tower with Radar,30,56,33,135,254,0,2,22,8,32,30,58,55,143,286,66,52,118,404
11/13/2002,PNS,FL,ASO,ES,Combined TRACON& Tower with Radar,30,56,58,69,213,0,2,72,3,77,30,58,130,72,290,24,40,64,354
11/14/2002,PNS,FL,ASO,ES,Combined TRACON& Tower with Radar,29,51,77,96,253,0,2,70,15,87,29,53,147,111,340,129,2,131,471
11/15/2002,PNS,FL,ASO,ES,Combined TRACON& Tower with Radar,28,52,53,63,196,2,5,1,7,15,30,57,54,70,211,14,0,14,225
11/16/2002,PNS,FL,ASO,ES,Combined TRACON& Tower with Radar,28,36,28,8,100,0,0,2,2,4,28,36,30,10,104,24,0,24,128
11/17/2002,PNS,FL,ASO,ES,Combined TRACON& Tower with Radar,29,33,39,38,139,0,0,69,17,86,29,33,108,55,225,86,0,86,311
11/18/2002,PNS,FL,ASO,ES,Combined TRACON& Tower with Radar,27,52,60,112,251,0,1,70,3,74,27,53,130,115,325,92,20,112,437
11/19/2002,PNS,FL,ASO,ES,Combined TRACON& Tower with Radar,30,52,61,126,269,0,0,53,2,55,30,52,114,128,324,124,44,168,492
11/20/2002,PNS,FL,ASO,ES,Combined TRACON& Tower with Radar,25,56,43,162,286,0,5,51,6,62,25,61,94,168,348,116,26,142,490
11/21/2002,PNS,FL,ASO,ES,Combined TRACON& Tower with Radar,17,35,53,62,167,0,0,35,35,70,17,35,88,97,237,72,6,78,315
11/22/2002,PNS,FL,ASO,ES,Combined TRACON& Tower with Radar,28,54,83,64,229,0,2,59,14,75,28,56,142,78,304,82,22,104,408
11/23/2002,PNS,FL,ASO,ES,Combined TRACON& Tower with Radar,25,40,36,15,116,0,1,101,2,104,25,41,137,17,220,164,0,164,384
11/24/2002,PNS,FL,ASO,ES,Combined TRACON& Tower with Radar,21,35,40,46,142,5,0,48,14,67,26,35,88,60,209,132,2,134,343
11/25/2002,PNS,FL,ASO,ES,Combined TRACON& Tower with Radar,27,53,49,60,189,0,1,56,2,59,27,54,105,62,248,148,56,204,452
11/26/2002,PNS,FL,ASO,ES,Combined TRACON& Tower with Radar,27,52,73,126,278,0,1,56,3,60,27,53,129,129,338,136,4,140,478
11/27/2002,PNS,FL,ASO,ES,Combined TRACON& Tower with Radar,28,72,52,79,231,0,0,30,3,33,28,72,82,82,264,36,12,48,312
11/28/2002,PNS,FL,ASO,ES,Combined TRACON& Tower with Radar,16,35,20,0,71,0,0,22,0,22,16,35,42,0,93,18,0,18,111
11/29/2002,PNS,FL,ASO,ES,Combined TRACON& Tower with Radar,27,46,32,9,114,0,1,52,2,55,27,47,84,11,169,84,2,86,255
11/30/2002,PNS,FL,ASO,ES,Combined TRACON& Tower with Radar,16,31,30,9,86,5,13,28,0,46,21,44,58,9,132,56,0,56,188
12/01/2002,PNS,FL,ASO,ES,Combined TRACON& Tower with Radar,28,37,36,1,102,0,1,44,4,49,28,38,80,5,151,54,0,54,205
12/02/2002,PNS,FL,ASO,ES,Combined TRACON& Tower with Radar,28,49,58,65,200,0,0,70,36,106,28,49,128,101,306,68,2,70,376
12/03/2002,PNS,FL,ASO,ES,Combined TRACON& Tower with Radar,26,57,40,112,235,0,4,34,4,42,26,61,74,116,277,68,32,100,377
12/04/2002,PNS,FL,ASO,ES,Combined TRACON& Tower with Radar,24,48,55,103,230,0,5,27,4,36,24,53,82,107,266,36,4,40,306
12/05/2002,PNS,FL,ASO,ES,Combined TRACON& Tower with Radar,28,54,39,15,136,0,1,2,0,3,28,55,41,15,139,0,0,0,139
12/06/2002,PNS,FL,ASO,ES,Combined TRACON& Tower with Radar,28,50,59,27,164,0,3,53,23,79,28,53,112,50,243,70,26,96,339
12/07/2002,PNS,FL,ASO,ES,Combined TRACON& Tower with Radar,21,37,32,35,125,10,6,84,0,100,31,43,116,35,225,144,4,148,373
12/08/2002,PNS,FL,ASO,ES,Combined TRACON& Tower with Radar,25,32,39,43,139,2,0,66,20,88,27,32,105,63,227,144,0,144,371
12/09/2002,PNS,FL,ASO,ES,Combined TRACON& Tower with Radar,27,49,45,76,197,0,0,15,6,21,27,49,60,82,218,60,12,72,290
12/10/2002,PNS,FL,ASO,ES,Combined TRACON& Tower with Radar,23,52,39,17,131,0,0,0,1,1,23,52,39,18,132,0,0,0,132
12/11/2002,PNS,FL,ASO,ES,Combined TRACON& Tower with Radar,25,52,60,110,247,0,0,47,5,52,25,52,107,115,299,68,20,88,387
12/12/2002,PNS,FL,ASO,ES,Combined TRACON& Tower with Radar,29,48,57,105,239,0,3,42,2,47,29,51,99,107,286,86,8,94,380
12/13/2002,PNS,FL,ASO,ES,Combined TRACON& Tower with Radar,26,57,49,66,198,0,1,27,11,39,26,58,76,77,237,0,10,10,247
12/14/2002,PNS,FL,ASO,ES,Combined TRACON& Tower with Radar,21,40,36,0,97,0,1,41,31,73,21,41,77,31,170,134,2,136,306
12/15/2002,PNS,FL,ASO,ES,Combined TRACON& Tower with Radar,27,38,39,11,115,0,2,65,32,99,27,40,104,43,214,134,10,144,358
12/16/2002,PNS,FL,ASO,ES,Combined TRACON& Tower with Radar,30,49,35,50,164,0,4,59,8,71,30,53,94,58,235,14,18,32,267
12/17/2002,PNS,FL,ASO,ES,Combined TRACON& Tower with Radar,25,52,69,143,289,0,2,59,7,68,25,54,128,150,357,150,24,174,531
12/18/2002,PNS,FL,ASO,ES,Combined TRACON& Tower with Radar,30,46,57,149,282,0,2,42,1,45,30,48,99,150,327,76,6,82,409
12/19/2002,PNS,FL,ASO,ES,Combined TRACON& Tower with Radar,27,49,35,20,131,0,2,3,2,7,27,51,38,22,138,10,0,10,148
12/20/2002,PNS,FL,ASO,ES,Combined TRACON& Tower with Radar,33,49,57,101,240,0,2,58,3,63,33,51,115,104,303,120,0,120,423
12/21/2002,PNS,FL,ASO,ES,Combined TRACON& Tower with Radar,21,40,45,0,106,0,2,80,0,82,21,42,125,0,188,186,0,186,374
12/22/2002,PNS,FL,ASO,ES,Combined TRACON& Tower with Radar,27,39,34,1,101,0,0,62,1,63,27,39,96,2,164,96,0,96,260
12/23/2002,PNS,FL,ASO,ES,Combined TRACON& Tower with Radar,29,53,32,45,159,0,3,14,17,34,29,56,46,62,193,8,0,8,201
12/24/2002,PNS,FL,ASO,ES,Combined TRACON& Tower with Radar,25,45,6,0,76,0,0,7,0,7,25,45,13,0,83,6,0,6,89
12/25/2002,PNS,FL,ASO,ES,Combined TRACON& Tower with Radar,9,18,16,0,43,11,15,11,0,37,20,33,27,0,80,14,0,14,94
12/26/2002,PNS,FL,ASO,ES,Combined TRACON& Tower with Radar,28,51,50,15,144,0,2,39,2,43,28,53,89,17,187,64,0,64,251
12/27/2002,PNS,FL,ASO,ES,Combined TRACON& Tower with Radar,29,51,18,32,130,0,1,39,1,41,29,52,57,33,171,28,0,28,199
12/28/2002,PNS,FL,ASO,ES,Combined TRACON& Tower with Radar,16,29,26,1,72,5,17,53,0,75,21,46,79,1,147,64,0,64,211
12/29/2002,PNS,FL,ASO,ES,Combined TRACON& Tower with Radar,26,36,38,0,100,0,0,53,0,53,26,36,91,0,153,22,0,22,175
12/30/2002,PNS,FL,ASO,ES,Combined TRACON& Tower with Radar,25,46,50,55,176,0,0,63,16,79,25,46,113,71,255,64,10,74,329
12/31/2002,PNS,FL,ASO,ES,Combined TRACON& Tower with Radar,24,50,12,0,86,0,0,0,0,0,24,50,12,0,86,0,0,0,86
01/01/2003,PNS,FL,ASO,ES,Combined TRACON& Tower with Radar,20,32,31,0,83,0,0,21,0,21,20,32,52,0,104,30,0,30,134
01/02/2003,PNS,FL,ASO,ES,Combined TRACON& Tower with Radar,31,54,46,58,189,8,0,43,0,51,39,54,89,58,240,26,24,50,290
01/03/2003,PNS,FL,ASO,ES,Combined TRACON& Tower with Radar,28,50,47,71,196,0,2,47,3,52,28,52,94,74,248,74,0,74,322
01/04/2003,PNS,FL,ASO,ES,Combined TRACON& Tower with Radar,23,39,28,19,109,0,0,82,4,86,23,39,110,23,195,114,6,120,315
01/05/2003,PNS,FL,ASO,ES,Combined TRACON& Tower with Radar,25,46,29,6,106,0,1,62,0,63,25,47,91,6,169,46,0,46,215
01/06/2003,PNS,FL,ASO,ES,Combined TRACON& Tower with Radar,27,47,47,72,193,0,0,8,46,54,27,47,55,118,247,152,30,182,429
01/07/2003,PNS,FL,ASO,ES,Combined TRACON& Tower with Radar,28,54,51,93,226,0,0,65,3,68,28,54,116,96,294,152,48,200,494
01/08/2003,PNS,FL,ASO,ES,Combined TRACON& Tower with Radar,34,40,50,145,269,0,0,79,4,83,34,40,129,149,352,130,28,158,510
01/09/2003,PNS,FL,ASO,ES,Combined TRACON& Tower with Radar,32,54,51,137,274,0,1,58,11,70,32,55,109,148,344,72,22,94,438
01/10/2003,PNS,FL,ASO,ES,Combined TRACON& Tower with Radar,28,49,44,65,186,0,0,64,0,64,28,49,108,65,250,40,4,44,294
01/11/2003,PNS,FL,ASO,ES,Combined TRACON& Tower with Radar,22,40,42,20,124,0,0,92,13,105,22,40,134,33,229,42,6,48,277
01/12/2003,PNS,FL,ASO,ES,Combined TRACON& Tower with Radar,15,26,20,18,79,9,14,18,0,41,24,40,38,18,120,62,0,62,182
01/13/2003,PNS,FL,ASO,ES,Combined TRACON& Tower with Radar,29,47,42,70,188,0,0,43,35,78,29,47,85,105,266,182,16,198,464
01/14/2003,PNS,FL,ASO,ES,Combined TRACON& Tower with Radar,27,44,37,52,160,0,4,61,4,69,27,48,98,56,229,110,24,134,363
01/15/2003,PNS,FL,ASO,ES,Combined TRACON& Tower with Radar,29,50,54,80,213,0,0,36,35,71,29,50,90,115,284,121,0,121,405
01/16/2003,PNS,FL,ASO,ES,Combined TRACON& Tower with Radar,27,50,47,93,217,0,0,30,5,35,27,50,77,98,252,82,24,106,358
01/17/2003,PNS,FL,ASO,ES,Combined TRACON& Tower with Radar,25,54,32,56,167,0,1,57,14,72,25,55,89,70,239,56,18,74,313
01/18/2003,PNS,FL,ASO,ES,Combined TRACON& Tower with Radar,24,37,32,8,101,0,0,81,18,99,24,37,113,26,200,132,0,132,332
01/19/2003,PNS,FL,ASO,ES,Combined TRACON& Tower with Radar,14,25,20,20,79,8,20,36,0,64,22,45,56,20,143,53,34,87,230
01/20/2003,PNS,FL,ASO,ES,Combined TRACON& Tower with Radar,18,31,26,39,114,6,19,25,12,62,24,50,51,51,176,156,37,193,369
01/21/2003,PNS,FL,ASO,ES,Combined TRACON& Tower with Radar,26,49,81,91,247,0,2,36,1,39,26,51,117,92,286,78,40,118,404
01/22/2003,PNS,FL,ASO,ES,Combined TRACON& Tower with Radar,26,52,68,95,241,0,4,18,1,23,26,56,86,96,264,0,0,0,264
01/23/2003,PNS,FL,ASO,ES,Combined TRACON& Tower with Radar,27,48,26,41,142,0,3,19,3,25,27,51,45,44,167,26,20,46,213
01/24/2003,PNS,FL,ASO,ES,Combined TRACON& Tower with Radar,28,55,53,45,181,0,3,63,14,80,28,58,116,59,261,144,14,158,419
01/25/2003,PNS,FL,ASO,ES,Combined TRACON& Tower with Radar,20,37,17,15,89,0,1,67,11,79,20,38,84,26,168,182,8,190,358
01/26/2003,PNS,FL,ASO,ES,Combined TRACON& Tower with Radar,26,34,28,27,115,0,0,57,16,73,26,34,85,43,188,178,0,178,366
01/27/2003,PNS,FL,ASO,ES,Combined TRACON& Tower with Radar,27,48,41,84,200,0,5,73,9,87,27,53,114,93,287,173,26,199,486
01/28/2003,PNS,FL,ASO,ES,Combined TRACON& Tower with Radar,26,56,55,109,246,0,1,77,14,92,26,57,132,123,338,126,34,160,498
01/29/2003,PNS,FL,ASO,ES,Combined TRACON& Tower with Radar,29,50,48,80,207,0,0,41,7,48,29,50,89,87,255,171,26,197,452
01/30/2003,PNS,FL,ASO,ES,Combined TRACON& Tower with Radar,28,52,46,106,232,0,0,9,2,11,28,52,55,108,243,22,0,22,265
01/31/2003,PNS,FL,ASO,ES,Combined TRACON& Tower with Radar,28,48,66,68,210,0,0,3,5,8,28,48,69,73,218,10,10,20,238
02/01/2003,PNS,FL,ASO,ES,Combined TRACON& Tower with Radar,23,35,20,27,105,0,4,71,15,90,23,39,91,42,195,114,28,142,337
02/02/2003,PNS,FL,ASO,ES,Combined TRACON& Tower with Radar,15,24,24,33,96,8,16,55,0,79,23,40,79,33,175,80,20,100,275
02/03/2003,PNS,FL,ASO,ES,Combined TRACON& Tower with Radar,27,50,52,122,251,0,2,37,11,50,27,52,89,133,301,86,84,170,471
02/04/2003,PNS,FL,ASO,ES,Combined TRACON& Tower with Radar,26,50,44,76,196,0,2,47,8,57,26,52,91,84,253,42,0,42,295
02/05/2003,PNS,FL,ASO,ES,Combined TRACON& Tower with Radar,30,48,41,57,176,0,6,48,9,63,30,54,89,66,239,120,32,152,391
02/06/2003,PNS,FL,ASO,ES,Combined TRACON& Tower with Radar,29,50,42,86,207,0,0,4,1,5,29,50,46,87,212,74,0,74,286
02/07/2003,PNS,FL,ASO,ES,Combined TRACON& Tower with Radar,26,45,44,72,187,0,10,9,5,24,26,55,53,77,211,10,8,18,229
02/08/2003,PNS,FL,ASO,ES,Combined TRACON& Tower with Radar,23,37,37,11,108,0,1,55,6,62,23,38,92,17,170,248,8,256,426
02/09/2003,PNS,FL,ASO,ES,Combined TRACON& Tower with Radar,28,39,18,4,89,0,3,37,11,51,28,42,55,15,140,92,0,92,232
02/10/2003,PNS,FL,ASO,ES,Combined TRACON& Tower with Radar,29,47,34,89,199,1,4,60,7,72,30,51,94,96,271,0,0,0,271
02/11/2003,PNS,FL,ASO,ES,Combined TRACON& Tower with Radar,29,45,28,163,265,1,6,72,6,85,30,51,100,169,350,110,44,154,504
02/12/2003,PNS,FL,ASO,ES,Combined TRACON& Tower with Radar,29,49,27,136,241,1,5,68,6,80,30,54,95,142,321,104,12,116,437
02/13/2003,PNS,FL,ASO,ES,Combined TRACON& Tower with Radar,29,55,57,132,273,0,2,77,15,94,29,57,134,147,367,168,24,192,559
02/14/2003,PNS,FL,ASO,ES,Combined TRACON& Tower with Radar,29,59,60,99,247,0,0,49,26,75,29,59,109,125,322,116,18,134,456
02/15/2003,PNS,FL,ASO,ES,Combined TRACON& Tower with Radar,30,33,32,23,118,0,0,23,5,28,30,33,55,28,146,72,4,76,222
02/16/2003,PNS,FL,ASO,ES,Combined TRACON& Tower with Radar,13,23,22,12,70,11,10,7,0,28,24,33,29,12,98,12,0,12,110
02/17/2003,PNS,FL,ASO,ES,Combined TRACON& Tower with Radar,30,40,72,9,151,0,0,37,5,42,30,40,109,14,193,70,4,74,267
02/18/2003,PNS,FL,ASO,ES,Combined TRACON& Tower with Radar,29,46,58,110,243,0,4,64,17,85,29,50,122,127,328,56,18,74,402
02/19/2003,PNS,FL,ASO,ES,Combined TRACON& Tower with Radar,32,48,55,132,267,0,1,66,5,72,32,49,121,137,339,26,10,36,375
02/20/2003,PNS,FL,ASO,ES,Combined TRACON& Tower with Radar,32,46,66,148,292,0,0,72,6,78,32,46,138,154,370,112,6,118,488
02/21/2003,PNS,FL,ASO,ES,Combined TRACON& Tower with Radar,35,49,31,30,145,0,0,11,2,13,35,49,42,32,158,66,10,76,234
02/22/2003,PNS,FL,ASO,ES,Combined TRACON& Tower with Radar,25,35,35,21,116,0,0,3,7,10,25,35,38,28,126,4,0,4,130
02/23/2003,PNS,FL,ASO,ES,Combined TRACON& Tower with Radar,28,35,35,6,104,0,2,67,14,83,28,37,102,20,187,104,20,124,311
02/24/2003,PNS,FL,ASO,ES,Combined TRACON& Tower with Radar,28,50,35,107,220,0,3,60,7,70,28,53,95,114,290,162,18,180,470
02/25/2003,PNS,FL,ASO,ES,Combined TRACON& Tower with Radar,29,40,60,81,210,0,4,82,10,96,29,44,142,91,306,178,22,200,506
02/26/2003,PNS,FL,ASO,ES,Combined TRACON& Tower with Radar,28,47,59,24,158,0,1,8,1,10,28,48,67,25,168,2,0,2,170
02/27/2003,PNS,FL,ASO,ES,Combined TRACON& Tower with Radar,27,56,72,91,246,0,0,9,6,15,27,56,81,97,261,70,14,84,345
02/28/2003,PNS,FL,ASO,ES,Combined TRACON& Tower with Radar,34,60,70,116,280,0,0,37,11,48,34,60,107,127,328,88,0,88,416
03/01/2003,PNS,FL,ASO,ES,Combined TRACON& Tower with Radar,29,32,42,4,107,0,1,1,0,2,29,33,43,4,109,0,0,0,109
03/02/2003,PNS,FL,ASO,ES,Combined TRACON& Tower with Radar,24,41,36,63,164,1,4,52,7,64,25,45,88,70,228,148,4,152,380
03/03/2003,PNS,FL,ASO,ES,Combined TRACON& Tower with Radar,26,54,48,91,219,0,1,39,0,40,26,55,87,91,259,136,10,146,405
03/04/2003,PNS,FL,ASO,ES,Combined TRACON& Tower with Radar,27,56,31,36,150,0,0,1,0,1,27,56,32,36,151,0,0,0,151
03/05/2003,PNS,FL,ASO,ES,Combined TRACON& Tower with Radar,26,49,39,61,175,0,1,9,0,10,26,50,48,61,185,8,0,8,193
03/06/2003,PNS,FL,ASO,ES,Combined TRACON& Tower with Radar,30,54,66,95,245,0,1,24,5,30,30,55,90,100,275,82,20,102,377
03/07/2003,PNS,FL,ASO,ES,Combined TRACON& Tower with Radar,31,55,52,139,277,0,0,47,2,49,31,55,99,141,326,92,20,112,438
03/08/2003,PNS,FL,ASO,ES,Combined TRACON& Tower with Radar,25,40,35,4,104,0,0,3,0,3,25,40,38,4,107,0,0,0,107
03/09/2003,PNS,FL,ASO,ES,Combined TRACON& Tower with Radar,31,34,28,10,103,0,2,51,10,63,31,36,79,20,166,88,0,88,254
03/10/2003,PNS,FL,ASO,ES,Combined TRACON& Tower with Radar,30,50,50,65,195,0,7,80,6,93,30,57,130,71,288,72,0,72,360
03/11/2003,PNS,FL,ASO,ES,Combined TRACON& Tower with Radar,30,55,64,160,309,0,1,76,3,80,30,56,140,163,389,96,28,124,513
03/12/2003,PNS,FL,ASO,ES,Combined TRACON& Tower with Radar,35,49,71,75,230,0,3,38,0,41,35,52,109,75,271,130,6,136,407
03/13/2003,PNS,FL,ASO,ES,Combined TRACON& Tower with Radar,35,52,40,132,259,0,2,42,0,44,35,54,82,132,303,104,4,108,411
03/14/2003,PNS,FL,ASO,ES,Combined TRACON& Tower with Radar,31,58,40,72,201,0,2,28,8,38,31,60,68,80,239,140,10,150,389
03/15/2003,PNS,FL,ASO,ES,Combined TRACON& Tower with Radar,26,45,28,10,109,0,6,48,11,65,26,51,76,21,174,170,2,172,346
03/16/2003,PNS,FL,ASO,ES,Combined TRACON& Tower with Radar,22,39,33,42,136,11,2,3,0,16,33,41,36,42,152,0,0,0,152
03/17/2003,PNS,FL,ASO,ES,Combined TRACON& Tower with Radar,32,52,48,165,297,0,0,10,2,12,32,52,58,167,309,24,18,42,351
03/18/2003,PNS,FL,ASO,ES,Combined TRACON& Tower with Radar,28,65,42,91,226,0,3,72,3,78,28,68,114,94,304,200,0,200,504
03/19/2003,PNS,FL,ASO,ES,Combined TRACON& Tower with Radar,26,53,52,102,233,0,0,62,16,78,26,53,114,118,311,68,18,86,397
03/20/2003,PNS,FL,ASO,ES,Combined TRACON& Tower with Radar,32,65,36,106,239,0,1,73,2,76,32,66,109,108,315,93,36,129,444
03/21/2003,PNS,FL,ASO,ES,Combined TRACON& Tower with Radar,34,57,56,72,219,0,5,78,7,90,34,62,134,79,309,98,16,114,423
03/22/2003,PNS,FL,ASO,ES,Combined TRACON& Tower with Radar,27,42,38,12,119,0,2,103,12,117,27,44,141,24,236,174,36,210,446
03/23/2003,PNS,FL,ASO,ES,Combined TRACON& Tower with Radar,26,44,51,32,153,0,2,50,9,61,26,46,101,41,214,170,8,178,392
03/24/2003,PNS,FL,ASO,ES,Combined TRACON& Tower with Radar,29,57,50,87,223,0,3,48,31,82,29,60,98,118,305,102,49,151,456
03/25/2003,PNS,FL,ASO,ES,Combined TRACON& Tower with Radar,32,57,68,111,268,0,4,80,4,88,32,61,148,115,356,128,0,128,484
03/26/2003,PNS,FL,ASO,ES,Combined TRACON& Tower with Radar,32,51,47,182,312,0,11,56,5,72,32,62,103,187,384,114,0,114,498
03/27/2003,PNS,FL,ASO,ES,Combined TRACON& Tower with Radar,28,49,56,94,227,0,3,46,6,55,28,52,102,100,282,78,24,102,384
03/28/2003,PNS,FL,ASO,ES,Combined TRACON& Tower with Radar,32,55,56,87,230,0,4,34,10,48,32,59,90,97,278,104,36,140,418
03/29/2003,PNS,FL,ASO,ES,Combined TRACON& Tower with Radar,28,47,24,9,108,0,3,18,0,21,28,50,42,9,129,12,0,12,141
03/30/2003,PNS,FL,ASO,ES,Combined TRACON& Tower with Radar,29,37,33,15,114,0,0,33,3,36,29,37,66,18,150,34,14,48,198
03/31/2003,PNS,FL,ASO,ES,Combined TRACON& Tower with Radar,27,56,50,85,218,0,2,54,35,91,27,58,104,120,309,102,6,108,417
04/01/2003,PNS,FL,ASO,ES,Combined TRACON& Tower with Radar,30,54,61,63,208,0,2,84,2,88,30,56,145,65,296,136,36,172,468
04/02/2003,PNS,FL,ASO,ES,Combined TRACON& Tower with Radar,28,52,40,72,192,0,3,90,16,109,28,55,130,88,301,84,30,114,415
04/03/2003,PNS,FL,ASO,ES,Combined TRACON& Tower with Radar,30,49,69,60,208,0,2,92,8,102,30,51,161,68,310,94,12,106,416
04/04/2003,PNS,FL,ASO,ES,Combined TRACON& Tower with Radar,28,61,55,89,233,0,1,32,2,35,28,62,87,91,268,66,4,70,338
04/05/2003,PNS,FL,ASO,ES,Combined TRACON& Tower with Radar,23,38,34,27,122,0,1,36,6,43,23,39,70,33,165,60,0,60,225
04/06/2003,PNS,FL,ASO,ES,Combined TRACON& Tower with Radar,27,39,33,35,134,0,0,6,2,8,27,39,39,37,142,8,0,8,150
04/07/2003,PNS,FL,ASO,ES,Combined TRACON& Tower with Radar,28,56,57,43,184,0,0,0,3,3,28,56,57,46,187,0,0,0,187
04/08/2003,PNS,FL,ASO,ES,Combined TRACON& Tower with Radar,30,45,38,20,133,0,0,7,2,9,30,45,45,22,142,22,0,22,164
04/09/2003,PNS,FL,ASO,ES,Combined TRACON& Tower with Radar,32,51,73,72,228,0,1,25,2,28,32,52,98,74,256,36,0,36,292
04/10/2003,PNS,FL,ASO,ES,Combined TRACON& Tower with Radar,30,60,59,69,218,0,1,25,20,46,30,61,84,89,264,22,28,50,314
04/11/2003,PNS,FL,ASO,ES,Combined TRACON& Tower with Radar,31,50,47,61,189,0,3,52,15,70,31,53,99,76,259,50,14,64,323
04/12/2003,PNS,FL,ASO,ES,Combined TRACON& Tower with Radar,26,37,49,5,117,0,1,64,8,73,26,38,113,13,190,122,6,128,318
04/13/2003,PNS,FL,ASO,ES,Combined TRACON& Tower with Radar,33,32,58,13,136,0,2,67,7,76,33,34,125,20,212,110,6,116,328
04/14/2003,PNS,FL,ASO,ES,Combined TRACON& Tower with Radar,28,59,42,115,244,0,5,59,9,73,28,64,101,124,317,68,14,82,399
04/15/2003,PNS,FL,ASO,ES,Combined TRACON& Tower with Radar,27,48,46,45,166,2,13,64,0,79,29,61,110,45,245,106,0,106,351
04/16/2003,PNS,FL,ASO,ES,Combined TRACON& Tower with Radar,31,60,58,32,181,0,1,55,5,61,31,61,113,37,242,144,4,148,390
04/17/2003,PNS,FL,ASO,ES,Combined TRACON& Tower with Radar,32,59,50,138,279,0,4,45,8,57,32,63,95,146,336,32,8,40,376
04/18/2003,PNS,FL,ASO,ES,Combined TRACON& Tower with Radar,30,57,52,106,245,0,2,82,3,87,30,59,134,109,332,94,8,102,434
04/19/2003,PNS,FL,ASO,ES,Combined TRACON& Tower with Radar,16,30,28,15,89,12,17,52,0,81,28,47,80,15,170,104,0,104,274
04/20/2003,PNS,FL,ASO,ES,Combined TRACON& Tower with Radar,31,56,48,12,147,0,0,9,2,11,31,56,57,14,158,12,0,12,170
04/21/2003,PNS,FL,ASO,ES,Combined TRACON& Tower with Radar,28,52,52,42,174,0,2,19,2,23,28,54,71,44,197,4,4,8,205
04/22/2003,PNS,FL,ASO,ES,Combined TRACON& Tower with Radar,31,52,48,68,199,0,1,88,3,92,31,53,136,71,291,200,30,230,521
04/23/2003,PNS,FL,ASO,ES,Combined TRACON& Tower with Radar,28,48,52,90,218,0,7,59,7,73,28,55,111,97,291,178,52,230,521
04/24/2003,PNS,FL,ASO,ES,Combined TRACON& Tower with Radar,28,62,45,145,280,0,2,33,1,36,28,64,78,146,316,28,2,30,346
04/25/2003,PNS,FL,ASO,ES,Combined TRACON& Tower with Radar,31,58,44,97,230,0,0,30,6,36,31,58,74,103,266,26,10,36,302
04/26/2003,PNS,FL,ASO,ES,Combined TRACON& Tower with Radar,27,69,52,15,163,0,1,65,10,76,27,70,117,25,239,130,16,146,385
04/27/2003,PNS,FL,ASO,ES,Combined TRACON& Tower with Radar,30,33,38,27,128,0,0,60,10,70,30,33,98,37,198,162,0,162,360
04/28/2003,PNS,FL,ASO,ES,Combined TRACON& Tower with Radar,30,55,53,64,202,1,4,62,11,78,31,59,115,75,280,140,40,180,460
04/29/2003,PNS,FL,ASO,ES,Combined TRACON& Tower with Radar,31,47,49,83,210,0,0,102,4,106,31,47,151,87,316,150,74,224,540
04/30/2003,PNS,FL,ASO,ES,Combined TRACON& Tower with Radar,29,53,63,98,243,0,1,67,3,71,29,54,130,101,314,88,2,90,404
05/01/2003,PNS,FL,ASO,ES,Combined TRACON& Tower with Radar,29,58,53,123,263,0,1,48,5,54,29,59,101,128,317,56,40,96,413
05/02/2003,PNS,FL,ASO,ES,Combined TRACON& Tower with Radar,27,60,49,41,177,0,1,26,7,34,27,61,75,48,211,76,0,76,287
05/03/2003,PNS,FL,ASO,ES,Combined TRACON& Tower with Radar,26,46,18,21,111,0,0,26,2,28,26,46,44,23,139,44,6,50,189
05/04/2003,PNS,FL,ASO,ES,Combined TRACON& Tower with Radar,29,37,49,32,147,0,0,42,10,52,29,37,91,42,199,66,0,66,265
05/05/2003,PNS,FL,ASO,ES,Combined TRACON& Tower with Radar,28,46,56,98,228,0,0,5,0,5,28,46,61,98,233,0,0,0,233
05/06/2003,PNS,FL,ASO,ES,Combined TRACON& Tower with Radar,28,58,65,79,230,0,1,4,0,5,28,59,69,79,235,6,0,6,241
05/07/2003,PNS,FL,ASO,ES,Combined TRACON& Tower with Radar,29,59,86,89,263,0,0,8,0,8,29,59,94,89,271,16,0,16,287
05/08/2003,PNS,FL,ASO,ES,Combined TRACON& Tower with Radar,29,64,53,129,275,0,4,40,4,48,29,68,93,133,323,88,32,120,443
05/09/2003,PNS,FL,ASO,ES,Combined TRACON& Tower with Radar,31,64,55,103,253,0,3,60,7,70,31,67,115,110,323,136,10,146,469
05/10/2003,PNS,FL,ASO,ES,Combined TRACON& Tower with Radar,25,43,31,14,113,0,3,27,6,36,25,46,58,20,149,10,0,10,159
05/11/2003,PNS,FL,ASO,ES,Combined TRACON& Tower with Radar,30,38,33,8,109,0,1,22,8,31,30,39,55,16,140,28,2,30,170
05/12/2003,PNS,FL,ASO,ES,Combined TRACON& Tower with Radar,29,53,35,91,208,0,4,56,2,62,29,57,91,93,270,176,60,236,506
05/13/2003,PNS,FL,ASO,ES,Combined TRACON& Tower with Radar,30,56,70,109,265,0,2,60,2,64,30,58,130,111,329,158,34,192,521
05/14/2003,PNS,FL,ASO,ES,Combined TRACON& Tower with Radar,32,53,52,101,238,0,3,68,1,72,32,56,120,102,310,154,6,160,470
05/15/2003,PNS,FL,ASO,ES,Combined TRACON& Tower with Radar,32,54,95,44,225,0,4,38,6,48,32,58,133,50,273,82,10,92,365
05/16/2003,PNS,FL,ASO,ES,Combined TRACON& Tower with Radar,29,50,97,55,231,0,7,76,4,87,29,57,173,59,318,190,52,242,560
05/17/2003,PNS,FL,ASO,ES,Combined TRACON& Tower with Radar,27,39,83,44,193,0,2,54,15,71,27,41,137,59,264,114,22,136,400
05/18/2003,PNS,FL,ASO,ES,Combined TRACON& Tower with Radar,25,38,27,0,90,0,0,1,1,2,25,38,28,1,92,6,0,6,98
05/19/2003,PNS,FL,ASO,ES,Combined TRACON& Tower with Radar,27,58,36,33,154,0,1,47,18,66,27,59,83,51,220,166,4,170,390
05/20/2003,PNS,FL,ASO,ES,Combined TRACON& Tower with Radar,29,58,73,93,253,0,2,32,1,35,29,60,105,94,288,50,2,52,340
05/21/2003,PNS,FL,ASO,ES,Combined TRACON& Tower with Radar,28,55,38,43,164,0,0,16,7,23,28,55,54,50,187,16,4,20,207
05/22/2003,PNS,FL,ASO,ES,Combined TRACON& Tower with Radar,30,52,63,66,211,0,0,31,2,33,30,52,94,68,244,29,32,61,305
05/23/2003,PNS,FL,ASO,ES,Combined TRACON& Tower with Radar,32,53,72,40,197,0,7,74,2,83,32,60,146,42,280,110,0,110,390
05/24/2003,PNS,FL,ASO,ES,Combined TRACON& Tower with Radar,28,38,33,8,107,0,6,63,11,80,28,44,96,19,187,216,0,216,403
05/25/2003,PNS,FL,ASO,ES,Combined TRACON& Tower with Radar,27,38,26,9,100,0,2,37,13,52,27,40,63,22,152,62,0,62,214
05/26/2003,PNS,FL,ASO,ES,Combined TRACON& Tower with Radar,27,38,44,13,122,0,3,43,8,54,27,41,87,21,176,188,4,192,368
05/27/2003,PNS,FL,ASO,ES,Combined TRACON& Tower with Radar,27,56,49,118,250,0,0,46,25,71,27,56,95,143,321,130,2,132,453
05/28/2003,PNS,FL,ASO,ES,Combined TRACON& Tower with Radar,29,51,31,136,247,0,4,68,7,79,29,55,99,143,326,84,22,106,432
05/29/2003,PNS,FL,ASO,ES,Combined TRACON& Tower with Radar,29,55,57,128,269,0,3,75,3,81,29,58,132,131,350,100,14,114,464
05/30/2003,PNS,FL,ASO,ES,Combined TRACON& Tower with Radar,30,59,38,115,242,0,2,60,15,77,30,61,98,130,319,128,14,142,461
05/31/2003,PNS,FL,ASO,ES,Combined TRACON& Tower with Radar,25,47,29,10,111,0,2,45,10,57,25,49,74,20,168,68,0,68,236
06/01/2003,PNS,FL,ASO,ES,Combined TRACON& Tower with Radar,31,46,42,29,148,0,0,31,22,53,31,46,73,51,201,128,14,142,343
06/02/2003,PNS,FL,ASO,ES,Combined TRACON& Tower with Radar,31,45,49,97,222,0,3,38,4,45,31,48,87,101,267,136,18,154,421
06/03/2003,PNS,FL,ASO,ES,Combined TRACON& Tower with Radar,27,54,51,142,274,0,2,45,2,49,27,56,96,144,323,120,18,138,461
06/04/2003,PNS,FL,ASO,ES,Combined TRACON& Tower with Radar,33,54,75,102,264,0,0,54,33,87,33,54,129,135,351,116,26,142,493
06/05/2003,PNS,FL,ASO,ES,Combined TRACON& Tower with Radar,31,54,59,119,263,0,1,58,4,63,31,55,117,123,326,114,28,142,468
06/06/2003,PNS,FL,ASO,ES,Combined TRACON& Tower with Radar,18,27,30,2,77,13,21,2,0,36,31,48,32,2,113,0,0,0,113
06/07/2003,PNS,FL,ASO,ES,Combined TRACON& Tower with Radar,28,48,34,9,119,0,0,7,2,9,28,48,41,11,128,6,0,6,134
06/08/2003,PNS,FL,ASO,ES,Combined TRACON& Tower with Radar,20,32,34,30,116,13,5,42,0,60,33,37,76,30,176,76,0,76,252
06/09/2003,PNS,FL,ASO,ES,Combined TRACON& Tower with Radar,33,49,76,139,297,0,4,48,2,54,33,53,124,141,351,110,0,110,461
06/10/2003,PNS,FL,ASO,ES,Combined TRACON& Tower with Radar,32,49,68,111,260,0,2,62,9,73,32,51,130,120,333,72,0,72,405
06/11/2003,PNS,FL,ASO,ES,Combined TRACON& Tower with Radar,33,56,56,43,188,0,6,23,3,32,33,62,79,46,220,26,14,40,260
06/12/2003,PNS,FL,ASO,ES,Combined TRACON& Tower with Radar,30,51,74,98,253,0,1,44,5,50,30,52,118,103,303,72,10,82,385
06/13/2003,PNS,FL,ASO,ES,Combined TRACON& Tower with Radar,27,56,49,41,173,0,1,22,6,29,27,57,71,47,202,60,2,62,264
06/14/2003,PNS,FL,ASO,ES,Combined TRACON& Tower with Radar,28,46,26,23,123,0,2,48,15,65,28,48,74,38,188,56,0,56,244
06/15/2003,PNS,FL,ASO,ES,Combined TRACON& Tower with Radar,19,29,31,29,108,11,7,41,0,59,30,36,72,29,167,56,10,66,233
06/16/2003,PNS,FL,ASO,ES,Combined TRACON& Tower with Radar,32,49,66,116,263,0,1,51,8,60,32,50,117,124,323,88,20,108,431
06/17/2003,PNS,FL,ASO,ES,Combined TRACON& Tower with Radar,32,55,70,102,259,0,0,14,4,18,32,55,84,106,277,10,36,46,323
06/18/2003,PNS,FL,ASO,ES,Combined TRACON& Tower with Radar,33,52,61,112,258,0,1,45,17,63,33,53,106,129,321,80,14,94,415
06/19/2003,PNS,FL,ASO,ES,Combined TRACON& Tower with Radar,32,65,56,53,206,0,3,38,2,43,32,68,94,55,249,66,0,66,315
06/20/2003,PNS,FL,ASO,ES,Combined TRACON& Tower with Radar,31,56,67,78,232,0,0,30,6,36,31,56,97,84,268,40,4,44,312
06/21/2003,PNS,FL,ASO,ES,Combined TRACON& Tower with Radar,28,40,30,15,113,0,1,15,5,21,28,41,45,20,134,70,0,70,204
06/22/2003,PNS,FL,ASO,ES,Combined TRACON& Tower with Radar,29,42,69,13,153,0,0,24,12,36,29,42,93,25,189,38,0,38,227
06/23/2003,PNS,FL,ASO,ES,Combined TRACON& Tower with Radar,34,57,58,112,261,0,1,48,9,58,34,58,106,121,319,108,0,108,427
06/24/2003,PNS,FL,ASO,ES,Combined TRACON& Tower with Radar,34,55,64,135,288,0,0,54,1,55,34,55,118,136,343,70,12,82,425
06/25/2003,PNS,FL,ASO,ES,Combined TRACON& Tower with Radar,33,62,63,96,254,0,0,83,10,93,33,62,146,106,347,114,10,124,471
06/26/2003,PNS,FL,ASO,ES,Combined TRACON& Tower with Radar,31,59,60,81,231,0,5,65,9,79,31,64,125,90,310,90,0,90,400
06/27/2003,PNS,FL,ASO,ES,Combined TRACON& Tower with Radar,32,60,28,100,220,0,10,58,13,81,32,70,86,113,301,60,4,64,365
06/28/2003,PNS,FL,ASO,ES,Combined TRACON& Tower with Radar,28,43,35,12,118,0,1,29,15,45,28,44,64,27,163,28,6,34,197
06/29/2003,PNS,FL,ASO,ES,Combined TRACON& Tower with Radar,32,44,28,7,111,0,0,15,8,23,32,44,43,15,134,22,0,22,156
06/30/2003,PNS,FL,ASO,ES,Combined TRACON& Tower with Radar,32,45,12,0,89,0,0,0,0,0,32,45,12,0,89,0,0,0,89
07/01/2003,PNS,FL,ASO,ES,Combined TRACON& Tower with Radar,28,42,42,39,151,6,11,17,0,34,34,53,59,39,185,18,6,24,209
07/02/2003,PNS,FL,ASO,ES,Combined TRACON& Tower with Radar,36,64,62,64,226,0,0,45,4,49,36,64,107,68,275,20,10,30,305
07/03/2003,PNS,FL,ASO,ES,Combined TRACON& Tower with Radar,33,57,66,42,198,0,0,39,3,42,33,57,105,45,240,44,0,44,284
07/04/2003,PNS,FL,ASO,ES,Combined TRACON& Tower with Radar,29,36,25,0,90,0,0,8,0,8,29,36,33,0,98,6,0,6,104
07/05/2003,PNS,FL,ASO,ES,Combined TRACON& Tower with Radar,28,39,61,3,131,0,1,16,5,22,28,40,77,8,153,52,0,52,205
07/06/2003,PNS,FL,ASO,ES,Combined TRACON& Tower with Radar,20,30,30,6,86,11,8,57,0,76,31,38,87,6,162,42,0,42,204
07/07/2003,PNS,FL,ASO,ES,Combined TRACON& Tower with Radar,33,56,71,111,271,0,1,38,4,43,33,57,109,115,314,68,10,78,392
07/08/2003,PNS,FL,ASO,ES,Combined TRACON& Tower with Radar,32,55,54,126,267,0,0,65,12,77,32,55,119,138,344,68,0,68,412
07/09/2003,PNS,FL,ASO,ES,Combined TRACON& Tower with Radar,34,64,73,85,256,0,0,38,49,87,34,64,111,134,343,60,10,70,413
07/10/2003,PNS,FL,ASO,ES,Combined TRACON& Tower with Radar,27,59,50,65,201,0,3,71,8,82,27,62,121,73,283,132,10,142,425
07/11/2003,PNS,FL,ASO,ES,Combined TRACON& Tower with Radar,31,60,73,29,193,0,3,63,14,80,31,63,136,43,273,90,0,90,363
07/12/2003,PNS,FL,ASO,ES,Combined TRACON& Tower with Radar,28,47,47,11,133,0,0,55,9,64,28,47,102,20,197,32,0,32,229
07/13/2003,PNS,FL,ASO,ES,Combined TRACON& Tower with Radar,23,38,39,42,142,9,2,44,0,55,32,40,83,42,197,98,0,98,295
07/14/2003,PNS,FL,ASO,ES,Combined TRACON& Tower with Radar,30,63,59,58,210,0,3,29,2,34,30,66,88,60,244,122,14,136,380
07/15/2003,PNS,FL,ASO,ES,Combined TRACON& Tower with Radar,32,62,31,97,222,0,4,55,6,65,32,66,86,103,287,166,20,186,473
07/16/2003,PNS,FL,ASO,ES,Combined TRACON& Tower with Radar,30,59,57,139,285,0,1,66,8,75,30,60,123,147,360,190,38,228,588
07/17/2003,PNS,FL,ASO,ES,Combined TRACON& Tower with Radar,31,53,69,94,247,0,1,51,3,55,31,54,120,97,302,132,0,132,434
07/18/2003,PNS,FL,ASO,ES,Combined TRACON& Tower with Radar,32,59,78,92,261,0,0,46,40,86,32,59,124,132,347,90,14,104,451
07/19/2003,PNS,FL,ASO,ES,Combined TRACON& Tower with Radar,22,37,37,29,125,11,9,32,0,52,33,46,69,29,177,92,2,94,271
07/20/2003,PNS,FL,ASO,ES,Combined TRACON& Tower with Radar,32,36,49,27,144,0,0,58,8,66,32,36,107,35,210,90,0,90,300
07/21/2003,PNS,FL,ASO,ES,Combined TRACON& Tower with Radar,31,54,56,65,206,0,0,15,14,29,31,54,71,79,235,42,26,68,303
07/22/2003,PNS,FL,ASO,ES,Combined TRACON& Tower with Radar,28,51,63,76,218,0,1,32,10,43,28,52,95,86,261,66,14,80,341
07/23/2003,PNS,FL,ASO,ES,Combined TRACON& Tower with Radar,30,57,39,68,194,0,1,8,1,10,30,58,47,69,204,28,0,28,232
07/24/2003,PNS,FL,ASO,ES,Combined TRACON& Tower with Radar,31,57,88,79,255,0,2,32,1,35,31,59,120,80,290,102,0,102,392
07/25/2003,PNS,FL,ASO,ES,Combined TRACON& Tower with Radar,35,55,43,100,233,0,2,41,9,52,35,57,84,109,285,136,2,138,423
07/26/2003,PNS,FL,ASO,ES,Combined TRACON& Tower with Radar,29,52,40,13,134,0,0,51,9,60,29,52,91,22,194,42,6,48,242
07/27/2003,PNS,FL,ASO,ES,Combined TRACON& Tower with Radar,18,29,29,13,89,14,5,58,0,77,32,34,87,13,166,80,20,100,266
07/28/2003,PNS,FL,ASO,ES,Combined TRACON& Tower with Radar,34,57,44,63,198,0,0,38,4,42,34,57,82,67,240,54,22,76,316
07/29/2003,PNS,FL,ASO,ES,Combined TRACON& Tower with Radar,30,55,40,60,185,0,1,24,1,26,30,56,64,61,211,84,30,114,325
07/30/2003,PNS,FL,ASO,ES,Combined TRACON& Tower with Radar,32,57,42,104,235,0,0,53,6,59,32,57,95,110,294,146,22,168,462
07/31/2003,PNS,FL,ASO,ES,Combined TRACON& Tower with Radar,28,58,67,68,221,0,0,44,3,47,28,58,111,71,268,100,2,102,370
08/01/2003,PNS,FL,ASO,ES,Combined TRACON& Tower with Radar,30,58,63,155,306,1,6,46,1,54,31,64,109,156,360,124,0,124,484
08/02/2003,PNS,FL,ASO,ES,Combined TRACON& Tower with Radar,27,41,59,7,134,1,1,68,12,82,28,42,127,19,216,70,4,74,290
08/03/2003,PNS,FL,ASO,ES,Combined TRACON& Tower with Radar,28,42,26,23,119,1,1,48,2,52,29,43,74,25,171,84,0,84,255
08/04/2003,PNS,FL,ASO,ES,Combined TRACON& Tower with Radar,28,55,34,70,187,1,3,16,0,20,29,58,50,70,207,44,32,76,283
08/05/2003,PNS,FL,ASO,ES,Combined TRACON& Tower with Radar,29,59,43,103,234,1,1,56,0,58,30,60,99,103,292,88,14,102,394
08/06/2003,PNS,FL,ASO,ES,Combined TRACON& Tower with Radar,31,61,62,20,174,1,2,58,0,61,32,63,120,20,235,116,2,118,353
08/07/2003,PNS,FL,ASO,ES,Combined TRACON& Tower with Radar,29,63,49,145,286,1,3,26,0,30,30,66,75,145,316,60,14,74,390
08/08/2003,PNS,FL,ASO,ES,Combined TRACON& Tower with Radar,30,60,49,91,230,1,1,59,5,66,31,61,108,96,296,154,2,156,452
08/09/2003,PNS,FL,ASO,ES,Combined TRACON& Tower with Radar,25,42,34,13,114,1,4,74,9,88,26,46,108,22,202,196,0,196,398
08/10/2003,PNS,FL,ASO,ES,Combined TRACON& Tower with Radar,27,43,41,21,132,1,1,63,9,74,28,44,104,30,206,158,0,158,364
08/11/2003,PNS,FL,ASO,ES,Combined TRACON& Tower with Radar,28,55,74,155,312,1,2,48,4,55,29,57,122,159,367,108,42,150,517
08/12/2003,PNS,FL,ASO,ES,Combined TRACON& Tower with Radar,30,62,34,122,248,0,2,11,0,13,30,64,45,122,261,40,18,58,319
08/13/2003,PNS,FL,ASO,ES,Combined TRACON& Tower with Radar,31,58,92,115,296,0,4,26,5,35,31,62,118,120,331,64,0,64,395
08/14/2003,PNS,FL,ASO,ES,Combined TRACON& Tower with Radar,29,68,52,116,265,1,2,77,4,84,30,70,129,120,349,106,0,106,455
08/15/2003,PNS,FL,ASO,ES,Combined TRACON& Tower with Radar,29,63,53,77,222,1,2,91,6,100,30,65,144,83,322,120,2,122,444
08/16/2003,PNS,FL,ASO,ES,Combined TRACON& Tower with Radar,25,49,62,15,151,1,1,42,0,44,26,50,104,15,195,112,12,124,319
08/17/2003,PNS,FL,ASO,ES,Combined TRACON& Tower with Radar,28,34,37,17,116,1,1,38,20,60,29,35,75,37,176,84,12,96,272
08/18/2003,PNS,FL,ASO,ES,Combined TRACON& Tower with Radar,30,56,56,98,240,1,3,53,7,64,31,59,109,105,304,144,14,158,462
08/19/2003,PNS,FL,ASO,ES,Combined TRACON& Tower with Radar,32,60,71,96,259,0,0,48,8,56,32,60,119,104,315,152,34,186,501
08/20/2003,PNS,FL,ASO,ES,Combined TRACON& Tower with Radar,29,60,64,54,207,1,1,43,2,47,30,61,107,56,254,132,24,156,410
08/21/2003,PNS,FL,ASO,ES,Combined TRACON& Tower with Radar,28,61,73,141,303,1,1,39,0,41,29,62,112,141,344,90,4,94,438
08/22/2003,PNS,FL,ASO,ES,Combined TRACON& Tower with Radar,30,59,91,81,261,1,2,22,7,32,31,61,113,88,293,30,30,60,353
08/23/2003,PNS,FL,ASO,ES,Combined TRACON& Tower with Radar,24,45,49,21,139,1,4,50,17,72,25,49,99,38,211,150,20,170,381
08/24/2003,PNS,FL,ASO,ES,Combined TRACON& Tower with Radar,28,44,53,22,147,1,1,66,15,83,29,45,119,37,230,98,0,98,328
08/25/2003,PNS,FL,ASO,ES,Combined TRACON& Tower with Radar,30,54,55,132,271,1,2,46,6,55,31,56,101,138,326,130,6,136,462
08/26/2003,PNS,FL,ASO,ES,Combined TRACON& Tower with Radar,29,64,85,115,293,0,0,37,60,97,29,64,122,175,390,60,22,82,472
08/27/2003,PNS,FL,ASO,ES,Combined TRACON& Tower with Radar,30,60,88,118,296,0,0,71,36,107,30,60,159,154,403,114,29,143,546
08/28/2003,PNS,FL,ASO,ES,Combined TRACON& Tower with Radar,30,54,91,110,285,0,5,70,6,81,30,59,161,116,366,124,32,156,522
08/29/2003,PNS,FL,ASO,ES,Combined TRACON& Tower with Radar,25,46,51,52,174,7,20,20,0,47,32,66,71,52,221,44,4,48,269
08/30/2003,PNS,FL,ASO,ES,Combined TRACON& Tower with Radar,26,39,45,3,113,0,2,28,8,38,26,41,73,11,151,74,0,74,225
08/31/2003,PNS,FL,ASO,ES,Combined TRACON& Tower with Radar,26,37,23,6,92,0,2,46,8,56,26,39,69,14,148,70,0,70,218
09/01/2003,PNS,FL,ASO,ES,Combined TRACON& Tower with Radar,26,45,55,14,140,1,2,59,10,72,27,47,114,24,212,72,8,80,292
09/02/2003,PNS,FL,ASO,ES,Combined TRACON& Tower with Radar,24,61,44,96,225,1,3,70,0,74,25,64,114,96,299,182,4,186,485
09/03/2003,PNS,FL,ASO,ES,Combined TRACON& Tower with Radar,25,64,48,101,238,1,4,43,2,50,26,68,91,103,288,214,12,226,514
09/04/2003,PNS,FL,ASO,ES,Combined TRACON& Tower with Radar,27,65,36,83,211,1,0,46,13,60,28,65,82,96,271,138,34,172,443
09/05/2003,PNS,FL,ASO,ES,Combined TRACON& Tower with Radar,26,59,31,47,163,1,5,25,0,31,27,64,56,47,194,108,28,136,330
09/06/2003,PNS,FL,ASO,ES,Combined TRACON& Tower with Radar,16,38,35,35,124,7,11,14,0,32,23,49,49,35,156,56,0,56,212
09/07/2003,PNS,FL,ASO,ES,Combined TRACON& Tower with Radar,24,46,37,37,144,1,4,66,10,81,25,50,103,47,225,128,18,146,371
09/08/2003,PNS,FL,ASO,ES,Combined TRACON& Tower with Radar,27,55,76,88,246,1,3,82,1,87,28,58,158,89,333,146,14,160,493
09/09/2003,PNS,FL,ASO,ES,Combined TRACON& Tower with Radar,29,60,83,140,312,1,2,59,7,69,30,62,142,147,381,188,82,270,651
09/10/2003,PNS,FL,ASO,ES,Combined TRACON& Tower with Radar,29,66,68,90,253,0,0,86,18,104,29,66,154,108,357,134,32,166,523
09/11/2003,PNS,FL,ASO,ES,Combined TRACON& Tower with Radar,25,68,68,95,256,1,1,81,7,90,26,69,149,102,346,102,34,136,482
09/12/2003,PNS,FL,ASO,ES,Combined TRACON& Tower with Radar,28,70,67,80,245,0,0,93,0,93,28,70,160,80,338,100,10,110,448
09/13/2003,PNS,FL,ASO,ES,Combined TRACON& Tower with Radar,20,48,31,13,112,1,1,67,3,72,21,49,98,16,184,94,0,94,278
09/14/2003,PNS,FL,ASO,ES,Combined TRACON& Tower with Radar,25,45,31,40,141,1,3,29,6,39,26,48,60,46,180,22,0,22,202
09/15/2003,PNS,FL,ASO,ES,Combined TRACON& Tower with Radar,26,66,59,104,255,1,3,76,0,80,27,69,135,104,335,74,6,80,415
09/16/2003,PNS,FL,ASO,ES,Combined TRACON& Tower with Radar,28,61,55,90,234,1,2,56,2,61,29,63,111,92,295,64,30,94,389
09/17/2003,PNS,FL,ASO,ES,Combined TRACON& Tower with Radar,26,70,78,99,273,1,3,67,3,74,27,73,145,102,347,62,62,124,471
09/18/2003,PNS,FL,ASO,ES,Combined TRACON& Tower with Radar,29,62,44,111,246,1,4,59,3,67,30,66,103,114,313,60,22,82,395
09/19/2003,PNS,FL,ASO,ES,Combined TRACON& Tower with Radar,27,58,53,82,220,1,4,46,10,61,28,62,99,92,281,72,18,90,371
09/20/2003,PNS,FL,ASO,ES,Combined TRACON& Tower with Radar,23,45,35,8,111,1,2,49,4,56,24,47,84,12,167,50,8,58,225
09/21/2003,PNS,FL,ASO,ES,Combined TRACON& Tower with Radar,25,46,30,4,105,1,1,4,0,6,26,47,34,4,111,0,0,0,111
09/22/2003,PNS,FL,ASO,ES,Combined TRACON& Tower with Radar,32,76,47,103,258,0,0,0,51,51,32,76,47,154,309,12,16,28,337
09/23/2003,PNS,FL,ASO,ES,Combined TRACON& Tower with Radar,27,64,49,112,252,0,0,70,0,70,27,64,119,112,322,114,2,116,438
09/24/2003,PNS,FL,ASO,ES,Combined TRACON& Tower with Radar,29,70,97,107,303,0,5,75,0,80,29,75,172,107,383,154,18,172,555
09/25/2003,PNS,FL,ASO,ES,Combined TRACON& Tower with Radar,27,65,82,107,281,0,0,58,39,97,27,65,140,146,378,112,12,124,502
09/26/2003,PNS,FL,ASO,ES,Combined TRACON& Tower with Radar,26,61,67,58,212,0,5,54,9,68,26,66,121,67,280,80,12,92,372
09/27/2003,PNS,FL,ASO,ES,Combined TRACON& Tower with Radar,21,47,33,12,113,0,4,40,0,44,21,51,73,12,157,98,0,98,255
09/28/2003,PNS,FL,ASO,ES,Combined TRACON& Tower with Radar,26,43,44,6,119,0,3,56,0,59,26,46,100,6,178,74,0,74,252
09/29/2003,PNS,FL,ASO,ES,Combined TRACON& Tower with Radar,26,60,55,68,209,0,5,49,3,57,26,65,104,71,266,82,0,82,348
09/30/2003,PNS,FL,ASO,ES,Combined TRACON& Tower with Radar,31,74,61,20,186,0,2,79,0,81,31,76,140,20,267,140,0,140,407
10/01/2003,PNS,FL,ASO,ES,Combined TRACON& Tower with Radar,28,66,69,83,246,0,0,83,29,112,28,66,152,112,358,124,12,136,494
10/02/2003,PNS,FL,ASO,ES,Combined TRACON& Tower with Radar,28,69,56,64,217,2,5,68,0,75,30,74,124,64,292,70,34,104,396
10/03/2003,PNS,FL,ASO,ES,Combined TRACON& Tower with Radar,26,68,61,73,228,0,0,66,4,70,26,68,127,77,298,106,14,120,418
10/04/2003,PNS,FL,ASO,ES,Combined TRACON& Tower with Radar,16,37,30,27,110,5,19,62,0,86,21,56,92,27,196,120,0,120,316
10/05/2003,PNS,FL,ASO,ES,Combined TRACON& Tower with Radar,17,40,33,13,103,6,12,78,0,96,23,52,111,13,199,74,0,74,273
10/06/2003,PNS,FL,ASO,ES,Combined TRACON& Tower with Radar,25,62,51,62,200,0,6,36,19,61,25,68,87,81,261,148,6,154,415
10/07/2003,PNS,FL,ASO,ES,Combined TRACON& Tower with Radar,27,64,66,80,237,0,0,62,21,83,27,64,128,101,320,80,68,148,468
10/08/2003,PNS,FL,ASO,ES,Combined TRACON& Tower with Radar,24,60,49,28,161,0,14,46,0,60,24,74,95,28,221,16,0,16,237
10/09/2003,PNS,FL,ASO,ES,Combined TRACON& Tower with Radar,26,65,54,56,201,0,5,40,0,45,26,70,94,56,246,110,36,146,392
10/10/2003,PNS,FL,ASO,ES,Combined TRACON& Tower with Radar,26,72,60,77,235,0,0,0,25,25,26,72,60,102,260,6,0,6,266
10/11/2003,PNS,FL,ASO,ES,Combined TRACON& Tower with Radar,16,39,32,22,109,5,10,2,0,17,21,49,34,22,126,0,0,0,126
10/12/2003,PNS,FL,ASO,ES,Combined TRACON& Tower with Radar,21,50,43,23,137,3,0,41,0,44,24,50,84,23,181,52,18,70,251
10/13/2003,PNS,FL,ASO,ES,Combined TRACON& Tower with Radar,23,57,47,29,156,3,7,52,0,62,26,64,99,29,218,110,2,112,330
10/14/2003,PNS,FL,ASO,ES,Combined TRACON& Tower with Radar,26,64,52,63,205,0,3,34,14,51,26,67,86,77,256,84,20,104,360
10/15/2003,PNS,FL,ASO,ES,Combined TRACON& Tower with Radar,25,70,57,69,221,0,7,47,16,70,25,77,104,85,291,104,12,116,407
10/16/2003,PNS,FL,ASO,ES,Combined TRACON& Tower with Radar,28,66,57,69,220,0,0,54,15,69,28,66,111,84,289,122,38,160,449
10/17/2003,PNS,FL,ASO,ES,Combined TRACON& Tower with Radar,26,70,60,71,227,0,0,69,28,97,26,70,129,99,324,72,36,108,432
10/18/2003,PNS,FL,ASO,ES,Combined TRACON& Tower with Radar,13,36,29,0,78,8,18,86,0,112,21,54,115,0,190,56,0,56,246
10/19/2003,PNS,FL,ASO,ES,Combined TRACON& Tower with Radar,16,42,35,16,109,6,12,78,0,96,22,54,113,16,205,100,0,100,305
10/20/2003,PNS,FL,ASO,ES,Combined TRACON& Tower with Radar,25,67,68,79,239,0,0,29,51,80,25,67,97,130,319,164,48,212,531
10/21/2003,PNS,FL,ASO,ES,Combined TRACON& Tower with Radar,26,76,64,75,241,0,0,28,26,54,26,76,92,101,295,54,66,120,415
10/22/2003,PNS,FL,ASO,ES,Combined TRACON& Tower with Radar,25,70,58,68,221,0,4,8,18,30,25,74,66,86,251,108,28,136,387
10/23/2003,PNS,FL,ASO,ES,Combined TRACON& Tower with Radar,26,74,66,78,244,0,0,60,32,92,26,74,126,110,336,102,16,118,454
10/24/2003,PNS,FL,ASO,ES,Combined TRACON& Tower with Radar,31,73,64,76,244,1,0,52,20,73,32,73,116,96,317,66,10,76,393
10/25/2003,PNS,FL,ASO,ES,Combined TRACON& Tower with Radar,17,45,37,7,106,6,10,58,0,74,23,55,95,7,180,60,4,64,244
10/26/2003,PNS,FL,ASO,ES,Combined TRACON& Tower with Radar,15,38,31,13,97,11,13,16,0,40,26,51,47,13,137,36,0,36,173
10/27/2003,PNS,FL,ASO,ES,Combined TRACON& Tower with Radar,21,55,34,53,163,2,8,0,5,15,23,63,34,58,178,0,54,54,232
10/28/2003,PNS,FL,ASO,ES,Combined TRACON& Tower with Radar,26,70,62,74,232,0,0,25,35,60,26,70,87,109,292,60,12,72,364
10/29/2003,PNS,FL,ASO,ES,Combined TRACON& Tower with Radar,25,68,65,77,235,0,0,44,32,76,25,68,109,109,311,56,36,92,403
10/30/2003,PNS,FL,ASO,ES,Combined TRACON& Tower with Radar,28,70,62,73,233,0,0,57,25,82,28,70,119,98,315,42,14,56,371
10/31/2003,PNS,FL,ASO,ES,Combined TRACON& Tower with Radar,21,55,43,43,162,5,18,48,0,71,26,73,91,43,233,46,18,64,297
11/01/2003,PNS,FL,ASO,ES,Combined TRACON& Tower with Radar,15,38,30,13,96,8,10,75,0,93,23,48,105,13,189,82,0,82,271
11/02/2003,PNS,FL,ASO,ES,Combined TRACON& Tower with Radar,13,35,27,15,90,6,21,61,0,88,19,56,88,15,178,0,0,0,178
11/03/2003,PNS,FL,ASO,ES,Combined TRACON& Tower with Radar,24,67,65,91,247,0,0,24,63,87,24,67,89,154,334,38,26,64,398
11/04/2003,PNS,FL,ASO,ES,Combined TRACON& Tower with Radar,25,68,73,102,268,0,0,12,38,50,25,68,85,140,318,8,42,50,368
11/05/2003,PNS,FL,ASO,ES,Combined TRACON& Tower with Radar,23,71,66,93,253,0,0,31,32,63,23,71,97,125,316,96,28,124,440
11/06/2003,PNS,FL,ASO,ES,Combined TRACON& Tower with Radar,24,73,63,87,247,0,0,57,7,64,24,73,120,94,311,126,12,138,449
11/07/2003,PNS,FL,ASO,ES,Combined TRACON& Tower with Radar,24,68,60,85,237,0,0,53,31,84,24,68,113,116,321,92,26,118,439
11/08/2003,PNS,FL,ASO,ES,Combined TRACON& Tower with Radar,17,49,39,26,131,0,9,79,0,88,17,58,118,26,219,78,4,82,301
11/09/2003,PNS,FL,ASO,ES,Combined TRACON& Tower with Radar,21,56,46,39,162,0,0,43,0,43,21,56,89,39,205,38,42,80,285
11/10/2003,PNS,FL,ASO,ES,Combined TRACON& Tower with Radar,23,62,50,70,205,0,6,41,32,79,23,68,91,102,284,56,36,92,376
11/11/2003,PNS,FL,ASO,ES,Combined TRACON& Tower with Radar,18,47,37,15,117,6,14,94,0,114,24,61,131,15,231,142,2,144,375
11/12/2003,PNS,FL,ASO,ES,Combined TRACON& Tower with Radar,25,69,59,82,235,0,0,51,30,81,25,69,110,112,316,88,14,102,418
11/13/2003,PNS,FL,ASO,ES,Combined TRACON& Tower with Radar,22,60,47,63,192,1,5,39,0,45,23,65,86,63,237,56,32,88,325
11/14/2003,PNS,FL,ASO,ES,Combined TRACON& Tower with Radar,23,67,52,62,204,0,7,77,0,84,23,74,129,62,288,126,2,128,416
11/15/2003,PNS,FL,ASO,ES,Combined TRACON& Tower with Radar,15,42,32,23,112,2,11,83,0,96,17,53,115,23,208,102,10,112,320
11/16/2003,PNS,FL,ASO,ES,Combined TRACON& Tower with Radar,16,42,32,35,125,4,5,76,0,85,20,47,108,35,210,72,12,84,294
11/17/2003,PNS,FL,ASO,ES,Combined TRACON& Tower with Radar,26,66,82,113,287,0,0,37,77,114,26,66,119,190,401,46,10,56,457
11/18/2003,PNS,FL,ASO,ES,Combined TRACON& Tower with Radar,19,55,25,59,158,4,15,0,0,19,23,70,25,59,177,14,0,14,191
11/19/2003,PNS,FL,ASO,ES,Combined TRACON& Tower with Radar,21,79,63,86,249,0,0,9,32,41,21,79,72,118,290,26,50,76,366
11/20/2003,PNS,FL,ASO,ES,Combined TRACON& Tower with Radar,24,72,59,79,234,0,0,87,6,93,24,72,146,85,327,100,28,128,455
11/21/2003,PNS,FL,ASO,ES,Combined TRACON& Tower with Radar,27,84,72,97,280,0,0,53,51,104,27,84,125,148,384,46,38,84,468
11/22/2003,PNS,FL,ASO,ES,Combined TRACON& Tower with Radar,12,36,29,30,107,5,15,62,0,82,17,51,91,30,189,76,4,80,269
11/23/2003,PNS,FL,ASO,ES,Combined TRACON& Tower with Radar,15,44,36,47,142,6,6,19,7,38,21,50,55,54,180,64,0,64,244
11/24/2003,PNS,FL,ASO,ES,Combined TRACON& Tower with Radar,23,76,55,93,247,0,0,0,51,51,23,76,55,144,298,38,0,38,336
11/25/2003,PNS,FL,ASO,ES,Combined TRACON& Tower with Radar,23,72,73,98,266,0,0,72,66,138,23,72,145,164,404,100,2,102,506
11/26/2003,PNS,FL,ASO,ES,Combined TRACON& Tower with Radar,28,73,64,89,254,0,0,48,8,56,28,73,112,97,310,64,0,64,374
11/27/2003,PNS,FL,ASO,ES,Combined TRACON& Tower with Radar,8,24,11,0,43,16,21,0,0,37,24,45,11,0,80,0,0,0,80
11/28/2003,PNS,FL,ASO,ES,Combined TRACON& Tower with Radar,11,33,25,2,71,13,31,4,0,48,24,64,29,2,119,14,0,14,133
11/29/2003,PNS,FL,ASO,ES,Combined TRACON& Tower with Radar,11,33,25,2,71,6,26,46,0,78,17,59,71,2,149,42,0,42,191
11/30/2003,PNS,FL,ASO,ES,Combined TRACON& Tower with Radar,15,42,32,7,96,8,15,71,0,94,23,57,103,7,190,58,0,58,248
12/01/2003,PNS,FL,ASO,ES,Combined TRACON& Tower with Radar,24,61,59,65,209,0,8,16,35,59,24,69,75,100,268,62,10,72,340
12/02/2003,PNS,FL,ASO,ES,Combined TRACON& Tower with Radar,24,71,71,78,244,0,0,26,32,58,24,71,97,110,302,36,32,68,370
12/03/2003,PNS,FL,ASO,ES,Combined TRACON& Tower with Radar,24,65,86,93,268,0,0,34,45,79,24,65,120,138,347,24,0,24,371
12/04/2003,PNS,FL,ASO,ES,Combined TRACON& Tower with Radar,22,81,82,96,281,0,0,0,63,63,22,81,82,159,344,68,42,110,454
12/05/2003,PNS,FL,ASO,ES,Combined TRACON& Tower with Radar,20,50,49,44,163,4,19,43,0,66,24,69,92,44,229,58,0,58,287
12/06/2003,PNS,FL,ASO,ES,Combined TRACON& Tower with Radar,15,39,38,18,110,7,15,46,0,68,22,54,84,18,178,92,14,106,284
12/07/2003,PNS,FL,ASO,ES,Combined TRACON& Tower with Radar,15,37,35,24,111,8,15,38,0,61,23,52,73,24,172,54,0,54,226
12/08/2003,PNS,FL,ASO,ES,Combined TRACON& Tower with Radar,26,61,190,125,402,0,0,301,0,301,26,61,491,125,703,122,24,146,849
12/09/2003,PNS,FL,ASO,ES,Combined TRACON& Tower with Radar,24,70,86,99,279,0,0,0,61,61,24,70,86,160,340,20,22,42,382
12/10/2003,PNS,FL,ASO,ES,Combined TRACON& Tower with Radar,23,62,74,81,240,0,0,7,35,42,23,62,81,116,282,28,8,36,318
12/11/2003,PNS,FL,ASO,ES,Combined TRACON& Tower with Radar,25,64,63,68,220,0,7,53,21,81,25,71,116,89,301,122,38,160,461
12/12/2003,PNS,FL,ASO,ES,Combined TRACON& Tower with Radar,25,69,70,75,239,0,0,52,30,82,25,69,122,105,321,182,6,188,509
12/13/2003,PNS,FL,ASO,ES,Combined TRACON& Tower with Radar,17,51,49,51,168,0,6,10,0,16,17,57,59,51,184,56,6,62,246
12/14/2003,PNS,FL,ASO,ES,Combined TRACON& Tower with Radar,18,47,44,28,137,4,9,29,0,42,22,56,73,28,179,32,0,32,211
12/15/2003,PNS,FL,ASO,ES,Combined TRACON& Tower with Radar,23,69,70,74,236,0,0,51,30,81,23,69,121,104,317,156,8,164,481
12/16/2003,PNS,FL,ASO,ES,Combined TRACON& Tower with Radar,26,70,90,96,282,0,0,41,44,85,26,70,131,140,367,124,20,144,511
12/17/2003,PNS,FL,ASO,ES,Combined TRACON& Tower with Radar,24,70,77,82,253,0,0,16,48,64,24,70,93,130,317,76,40,116,433
12/18/2003,PNS,FL,ASO,ES,Combined TRACON& Tower with Radar,24,66,64,67,221,2,7,68,12,89,26,73,132,79,310,102,12,114,424
12/19/2003,PNS,FL,ASO,ES,Combined TRACON& Tower with Radar,25,66,64,68,223,1,8,53,15,77,26,74,117,83,300,102,0,102,402
12/20/2003,PNS,FL,ASO,ES,Combined TRACON& Tower with Radar,13,37,36,5,91,6,22,97,0,125,19,59,133,5,216,82,2,84,300
12/21/2003,PNS,FL,ASO,ES,Combined TRACON& Tower with Radar,17,44,44,22,127,8,14,66,0,88,25,58,110,22,215,80,0,80,295
12/22/2003,PNS,FL,ASO,ES,Combined TRACON& Tower with Radar,22,61,59,62,204,4,5,30,19,58,26,66,89,81,262,10,12,22,284
12/23/2003,PNS,FL,ASO,ES,Combined TRACON& Tower with Radar,19,50,49,38,156,8,21,7,0,36,27,71,56,38,192,20,0,20,212
12/24/2003,PNS,FL,ASO,ES,Combined TRACON& Tower with Radar,12,34,31,8,85,13,26,35,0,74,25,60,66,8,159,16,0,16,175
12/25/2003,PNS,FL,ASO,ES,Combined TRACON& Tower with Radar,9,25,23,0,57,9,23,0,0,32,18,48,23,0,89,0,0,0,89
12/26/2003,PNS,FL,ASO,ES,Combined TRACON& Tower with Radar,13,37,35,0,85,10,35,49,0,94,23,72,84,0,179,22,0,22,201
12/27/2003,PNS,FL,ASO,ES,Combined TRACON& Tower with Radar,12,34,32,0,78,12,28,57,0,97,24,62,89,0,175,78,0,78,253
12/28/2003,PNS,FL,ASO,ES,Combined TRACON& Tower with Radar,13,35,33,0,81,12,23,62,0,97,25,58,95,0,178,46,0,46,224
12/29/2003,PNS,FL,ASO,ES,Combined TRACON& Tower with Radar,20,54,40,56,170,5,15,0,3,23,25,69,40,59,193,10,14,24,217
12/30/2003,PNS,FL,ASO,ES,Combined TRACON& Tower with Radar,26,70,68,74,238,2,0,6,24,32,28,70,74,98,270,8,0,8,278
12/31/2003,PNS,FL,ASO,ES,Combined TRACON& Tower with Radar,16,43,41,10,110,10,22,73,0,105,26,65,114,10,215,66,0,66,281
01/01/2004,PNS,FL,ASO,ES,Combined TRACON& Tower with Radar,9,26,18,0,53,14,27,29,0,70,23,53,47,0,123,40,0,40,163
01/02/2004,PNS,FL,ASO,ES,Combined TRACON& Tower with Radar,22,62,44,50,178,2,5,17,0,24,24,67,61,50,202,14,0,14,216
01/03/2004,PNS,FL,ASO,ES,Combined TRACON& Tower with Radar,12,33,25,0,70,16,18,7,0,41,28,51,32,0,111,0,0,0,111
01/04/2004,PNS,FL,ASO,ES,Combined TRACON& Tower with Radar,15,40,29,7,91,13,6,21,0,40,28,46,50,7,131,0,0,0,131
01/05/2004,PNS,FL,ASO,ES,Combined TRACON& Tower with Radar,21,59,31,69,180,4,8,0,0,12,25,67,31,69,192,0,0,0,192
01/06/2004,PNS,FL,ASO,ES,Combined TRACON& Tower with Radar,23,63,47,75,208,0,6,39,11,56,23,69,86,86,264,96,6,102,366
01/07/2004,PNS,FL,ASO,ES,Combined TRACON& Tower with Radar,23,64,48,76,211,1,15,57,13,86,24,79,105,89,297,160,38,198,495
01/08/2004,PNS,FL,ASO,ES,Combined TRACON& Tower with Radar,21,72,55,88,236,0,0,21,30,51,21,72,76,118,287,62,36,98,385
01/09/2004,PNS,FL,ASO,ES,Combined TRACON& Tower with Radar,20,65,49,75,209,0,13,8,0,21,20,78,57,75,230,8,0,8,238
01/10/2004,PNS,FL,ASO,ES,Combined TRACON& Tower with Radar,15,41,30,32,118,4,10,59,0,73,19,51,89,32,191,150,0,150,341
01/11/2004,PNS,FL,ASO,ES,Combined TRACON& Tower with Radar,17,46,34,55,152,3,12,72,5,92,20,58,106,60,244,66,0,66,310
01/12/2004,PNS,FL,ASO,ES,Combined TRACON& Tower with Radar,27,74,60,94,255,0,0,69,11,80,27,74,129,105,335,186,6,192,527
01/13/2004,PNS,FL,ASO,ES,Combined TRACON& Tower with Radar,22,76,63,99,260,0,0,52,38,90,22,76,115,137,350,188,2,190,540
01/14/2004,PNS,FL,ASO,ES,Combined TRACON& Tower with Radar,23,72,62,99,256,0,0,25,58,83,23,72,87,157,339,146,16,162,501
01/15/2004,PNS,FL,ASO,ES,Combined TRACON& Tower with Radar,22,67,59,94,242,0,0,63,20,83,22,67,122,114,325,128,36,164,489
01/16/2004,PNS,FL,ASO,ES,Combined TRACON& Tower with Radar,21,72,60,97,250,0,0,64,34,98,21,72,124,131,348,154,18,172,520
01/17/2004,PNS,FL,ASO,ES,Combined TRACON& Tower with Radar,15,44,23,46,128,4,8,0,0,12,19,52,23,46,140,0,0,0,140
01/18/2004,PNS,FL,ASO,ES,Combined TRACON& Tower with Radar,19,55,41,46,161,1,0,38,0,39,20,55,79,46,200,80,0,80,280
01/19/2004,PNS,FL,ASO,ES,Combined TRACON& Tower with Radar,18,54,38,40,150,3,11,47,0,61,21,65,85,40,211,44,6,50,261
01/20/2004,PNS,FL,ASO,ES,Combined TRACON& Tower with Radar,22,70,52,81,225,0,0,54,14,68,22,70,106,95,293,130,46,176,469
01/21/2004,PNS,FL,ASO,ES,Combined TRACON& Tower with Radar,21,69,56,88,234,0,0,31,56,87,21,69,87,144,321,86,56,142,463
01/22/2004,PNS,FL,ASO,ES,Combined TRACON& Tower with Radar,22,67,48,75,212,0,8,54,13,75,22,75,102,88,287,120,22,142,429
01/23/2004,PNS,FL,ASO,ES,Combined TRACON& Tower with Radar,21,67,49,76,213,0,3,53,25,81,21,70,102,101,294,84,36,120,414
01/24/2004,PNS,FL,ASO,ES,Combined TRACON& Tower with Radar,12,37,25,33,107,6,14,65,0,85,18,51,90,33,192,68,14,82,274
01/25/2004,PNS,FL,ASO,ES,Combined TRACON& Tower with Radar,14,43,30,32,119,5,2,32,0,39,19,45,62,32,158,14,22,36,194
01/26/2004,PNS,FL,ASO,ES,Combined TRACON& Tower with Radar,15,47,33,42,137,3,13,6,0,22,18,60,39,42,159,24,0,24,183
01/27/2004,PNS,FL,ASO,ES,Combined TRACON& Tower with Radar,22,74,58,92,246,0,0,59,23,82,22,74,117,115,328,90,34,124,452
01/28/2004,PNS,FL,ASO,ES,Combined TRACON& Tower with Radar,25,72,54,86,237,0,0,84,5,89,25,72,138,91,326,92,38,130,456
01/29/2004,PNS,FL,ASO,ES,Combined TRACON& Tower with Radar,22,74,78,122,296,0,0,76,67,143,22,74,154,189,439,140,28,168,607
01/30/2004,PNS,FL,ASO,ES,Combined TRACON& Tower with Radar,22,70,66,104,262,0,0,13,27,40,22,70,79,131,302,32,0,32,334
01/31/2004,PNS,FL,ASO,ES,Combined TRACON& Tower with Radar,15,46,32,17,110,4,10,86,0,100,19,56,118,17,210,182,6,188,398
02/01/2004,PNS,FL,ASO,ES,Combined TRACON& Tower with Radar,16,49,37,28,130,8,4,7,0,19,24,53,44,28,149,0,0,0,149
02/02/2004,PNS,FL,ASO,ES,Combined TRACON& Tower with Radar,18,66,57,74,215,0,0,1,18,19,18,66,58,92,234,0,0,0,234
02/03/2004,PNS,FL,ASO,ES,Combined TRACON& Tower with Radar,24,71,53,69,217,0,0,73,1,74,24,71,126,70,291,238,4,242,533
02/04/2004,PNS,FL,ASO,ES,Combined TRACON& Tower with Radar,26,78,66,83,253,0,0,51,21,72,26,78,117,104,325,184,0,184,509
02/05/2004,PNS,FL,ASO,ES,Combined TRACON& Tower with Radar,20,65,40,62,187,0,2,0,8,10,20,67,40,70,197,0,0,0,197
02/06/2004,PNS,FL,ASO,ES,Combined TRACON& Tower with Radar,22,65,50,64,201,0,0,8,17,25,22,65,58,81,226,12,34,46,272
02/07/2004,PNS,FL,ASO,ES,Combined TRACON& Tower with Radar,13,37,28,36,114,5,12,58,19,94,18,49,86,55,208,52,0,52,260
02/08/2004,PNS,FL,ASO,ES,Combined TRACON& Tower with Radar,17,51,39,49,156,4,0,71,24,99,21,51,110,73,255,160,16,176,431
02/09/2004,PNS,FL,ASO,ES,Combined TRACON& Tower with Radar,24,77,64,81,246,0,0,38,35,73,24,77,102,116,319,194,30,224,543
02/10/2004,PNS,FL,ASO,ES,Combined TRACON& Tower with Radar,19,69,53,66,207,0,4,0,2,6,19,73,53,68,213,10,0,10,223
02/11/2004,PNS,FL,ASO,ES,Combined TRACON& Tower with Radar,22,66,49,44,181,1,14,5,0,20,23,80,54,44,201,0,0,0,201
02/12/2004,PNS,FL,ASO,ES,Combined TRACON& Tower with Radar,20,75,55,71,221,0,3,0,4,7,20,78,55,75,228,0,0,0,228
02/13/2004,PNS,FL,ASO,ES,Combined TRACON& Tower with Radar,23,69,53,66,211,2,4,17,27,50,25,73,70,93,261,180,19,199,460
02/14/2004,PNS,FL,ASO,ES,Combined TRACON& Tower with Radar,10,29,16,1,56,7,26,0,0,33,17,55,16,1,89,0,0,0,89
02/15/2004,PNS,FL,ASO,ES,Combined TRACON& Tower with Radar,14,44,33,12,103,7,12,36,0,55,21,56,69,12,158,30,8,38,196
02/16/2004,PNS,FL,ASO,ES,Combined TRACON& Tower with Radar,17,54,42,41,154,5,16,11,0,32,22,70,53,41,186,54,26,80,266
02/17/2004,PNS,FL,ASO,ES,Combined TRACON& Tower with Radar,23,89,71,87,270,0,0,28,34,62,23,89,99,121,332,138,28,166,498
02/18/2004,PNS,FL,ASO,ES,Combined TRACON& Tower with Radar,23,75,61,77,236,0,0,82,29,111,23,75,143,106,347,134,52,186,533
02/19/2004,PNS,FL,ASO,ES,Combined TRACON& Tower with Radar,22,78,62,79,241,0,0,53,49,102,22,78,115,128,343,140,24,164,507
02/20/2004,PNS,FL,ASO,ES,Combined TRACON& Tower with Radar,21,74,68,85,248,0,0,47,47,94,21,74,115,132,342,46,24,70,412
02/21/2004,PNS,FL,ASO,ES,Combined TRACON& Tower with Radar,14,47,33,30,124,5,6,81,0,92,19,53,114,30,216,98,16,114,330
02/22/2004,PNS,FL,ASO,ES,Combined TRACON& Tower with Radar,14,48,34,38,134,7,10,91,0,108,21,58,125,38,242,74,18,92,334
02/23/2004,PNS,FL,ASO,ES,Combined TRACON& Tower with Radar,17,56,40,26,139,9,16,14,0,39,26,72,54,26,178,26,0,26,204
02/24/2004,PNS,FL,ASO,ES,Combined TRACON& Tower with Radar,12,38,26,2,78,9,26,0,0,35,21,64,26,2,113,0,0,0,113
02/25/2004,PNS,FL,ASO,ES,Combined TRACON& Tower with Radar,16,52,38,8,114,7,22,12,0,41,23,74,50,8,155,0,0,0,155
02/26/2004,PNS,FL,ASO,ES,Combined TRACON& Tower with Radar,21,74,65,47,207,0,0,55,0,55,21,74,120,47,262,6,0,6,268
02/27/2004,PNS,FL,ASO,ES,Combined TRACON& Tower with Radar,21,82,72,90,265,0,0,83,21,104,21,82,155,111,369,114,0,114,483
02/28/2004,PNS,FL,ASO,ES,Combined TRACON& Tower with Radar,18,57,46,59,180,0,0,90,55,145,18,57,136,114,325,150,10,160,485
02/29/2004,PNS,FL,ASO,ES,Combined TRACON& Tower with Radar,21,58,73,92,244,0,0,39,92,131,21,58,112,184,375,34,0,34,409
03/01/2004,PNS,FL,ASO,ES,Combined TRACON& Tower with Radar,22,85,83,115,305,0,0,45,44,89,22,85,128,159,394,68,40,108,502
03/02/2004,PNS,FL,ASO,ES,Combined TRACON& Tower with Radar,23,74,72,100,269,0,0,52,34,86,23,74,124,134,355,102,20,122,477
03/03/2004,PNS,FL,ASO,ES,Combined TRACON& Tower with Radar,26,78,70,97,271,0,0,66,20,86,26,78,136,117,357,156,40,196,553
03/04/2004,PNS,FL,ASO,ES,Combined TRACON& Tower with Radar,25,71,71,99,266,0,0,1,44,45,25,71,72,143,311,86,10,96,407
03/05/2004,PNS,FL,ASO,ES,Combined TRACON& Tower with Radar,28,69,66,89,252,0,0,14,0,14,28,69,80,89,266,0,0,0,266
03/06/2004,PNS,FL,ASO,ES,Combined TRACON& Tower with Radar,15,42,36,16,109,4,12,79,0,95,19,54,115,16,204,144,6,150,354
03/07/2004,PNS,FL,ASO,ES,Combined TRACON& Tower with Radar,17,46,40,56,159,6,11,74,2,93,23,57,114,58,252,130,26,156,408
03/08/2004,PNS,FL,ASO,ES,Combined TRACON& Tower with Radar,23,66,57,62,208,1,10,107,0,118,24,76,164,62,326,162,8,170,496
03/09/2004,PNS,FL,ASO,ES,Combined TRACON& Tower with Radar,18,50,42,45,155,6,21,41,0,68,24,71,83,45,223,46,16,62,285
03/10/2004,PNS,FL,ASO,ES,Combined TRACON& Tower with Radar,24,74,66,92,256,0,0,52,28,80,24,74,118,120,336,170,6,176,512
03/11/2004,PNS,FL,ASO,ES,Combined TRACON& Tower with Radar,24,70,59,78,231,0,5,75,0,80,24,75,134,78,311,134,24,158,469
03/12/2004,PNS,FL,ASO,ES,Combined TRACON& Tower with Radar,21,59,49,60,189,4,17,79,0,100,25,76,128,60,289,123,42,165,454
03/13/2004,PNS,FL,ASO,ES,Combined TRACON& Tower with Radar,16,46,39,37,138,3,10,88,0,101,19,56,127,37,239,112,0,112,351
03/14/2004,PNS,FL,ASO,ES,Combined TRACON& Tower with Radar,15,43,36,35,129,9,12,42,0,63,24,55,78,35,192,66,10,76,268
03/15/2004,PNS,FL,ASO,ES,Combined TRACON& Tower with Radar,20,61,52,69,202,4,15,9,0,28,24,76,61,69,230,48,38,86,316
03/16/2004,PNS,FL,ASO,ES,Combined TRACON& Tower with Radar,22,67,56,77,222,3,4,51,2,60,25,71,107,79,282,86,32,118,400
03/17/2004,PNS,FL,ASO,ES,Combined TRACON& Tower with Radar,23,69,59,67,218,1,12,84,0,97,24,81,143,67,315,70,8,78,393
03/18/2004,PNS,FL,ASO,ES,Combined TRACON& Tower with Radar,25,73,62,85,245,0,1,80,5,86,25,74,142,90,331,60,0,60,391
03/19/2004,PNS,FL,ASO,ES,Combined TRACON& Tower with Radar,25,73,63,85,246,0,0,67,11,78,25,73,130,96,324,88,0,88,412
03/20/2004,PNS,FL,ASO,ES,Combined TRACON& Tower with Radar,14,42,35,14,105,5,18,89,0,112,19,60,124,14,217,130,2,132,349
03/21/2004,PNS,FL,ASO,ES,Combined TRACON& Tower with Radar,13,38,32,20,103,9,16,57,0,82,22,54,89,20,185,92,0,92,277
03/22/2004,PNS,FL,ASO,ES,Combined TRACON& Tower with Radar,22,66,56,76,220,2,12,43,12,69,24,78,99,88,289,16,0,16,305
03/23/2004,PNS,FL,ASO,ES,Combined TRACON& Tower with Radar,25,85,81,110,301,0,0,89,7,96,25,85,170,117,397,88,56,144,541
03/24/2004,PNS,FL,ASO,ES,Combined TRACON& Tower with Radar,25,68,69,94,256,0,0,38,38,76,25,68,107,132,332,50,12,62,394
03/25/2004,PNS,FL,ASO,ES,Combined TRACON& Tower with Radar,26,77,74,102,279,0,0,81,31,112,26,77,155,133,391,86,6,92,483
03/26/2004,PNS,FL,ASO,ES,Combined TRACON& Tower with Radar,25,76,92,127,320,0,0,26,87,113,25,76,118,214,433,104,24,128,561
03/27/2004,PNS,FL,ASO,ES,Combined TRACON& Tower with Radar,15,45,37,24,121,5,13,79,0,97,20,58,116,24,218,142,0,142,360
03/28/2004,PNS,FL,ASO,ES,Combined TRACON& Tower with Radar,16,47,40,40,143,7,14,69,0,90,23,61,109,40,233,58,0,58,291
03/29/2004,PNS,FL,ASO,ES,Combined TRACON& Tower with Radar,24,81,81,113,299,0,0,9,56,65,24,81,90,169,364,48,8,56,420
03/30/2004,PNS,FL,ASO,ES,Combined TRACON& Tower with Radar,24,71,72,101,268,0,0,66,24,90,24,71,138,125,358,78,38,116,474
03/31/2004,PNS,FL,ASO,ES,Combined TRACON& Tower with Radar,21,63,52,67,203,2,10,58,0,70,23,73,110,67,273,74,22,96,369
04/01/2004,PNS,FL,ASO,ES,Combined TRACON& Tower with Radar,29,77,65,74,245,0,0,54,10,64,29,77,119,84,309,108,0,108,417
04/02/2004,PNS,FL,ASO,ES,Combined TRACON& Tower with Radar,25,60,49,56,190,2,10,52,0,64,27,70,101,56,254,90,2,92,346
04/03/2004,PNS,FL,ASO,ES,Combined TRACON& Tower with Radar,19,45,36,39,139,1,12,54,0,67,20,57,90,39,206,80,6,86,292
04/04/2004,PNS,FL,ASO,ES,Combined TRACON& Tower with Radar,20,49,40,44,153,8,9,49,0,66,28,58,89,44,219,28,0,28,247
04/05/2004,PNS,FL,ASO,ES,Combined TRACON& Tower with Radar,28,73,68,78,247,0,0,60,36,96,28,73,128,114,343,128,6,134,477
04/06/2004,PNS,FL,ASO,ES,Combined TRACON& Tower with Radar,29,78,77,88,272,0,0,60,36,96,29,78,137,124,368,182,26,208,576
04/07/2004,PNS,FL,ASO,ES,Combined TRACON& Tower with Radar,30,73,59,62,224,0,5,7,0,12,30,78,66,62,236,0,0,0,236
04/08/2004,PNS,FL,ASO,ES,Combined TRACON& Tower with Radar,28,74,61,69,232,0,0,34,10,44,28,74,95,79,276,98,10,108,384
04/09/2004,PNS,FL,ASO,ES,Combined TRACON& Tower with Radar,23,55,45,25,148,4,19,83,0,106,27,74,128,25,254,174,0,174,428
04/10/2004,PNS,FL,ASO,ES,Combined TRACON& Tower with Radar,17,40,33,21,111,5,15,42,0,62,22,55,75,21,173,48,0,48,221
04/11/2004,PNS,FL,ASO,ES,Combined TRACON& Tower with Radar,15,36,30,6,87,9,19,7,0,35,24,55,37,6,122,12,0,12,134
04/12/2004,PNS,FL,ASO,ES,Combined TRACON& Tower with Radar,26,73,63,71,233,0,0,7,25,32,26,73,70,96,265,60,0,60,325
04/13/2004,PNS,FL,ASO,ES,Combined TRACON& Tower with Radar,27,86,70,80,263,0,2,34,15,51,27,88,104,95,314,60,22,82,396
04/14/2004,PNS,FL,ASO,ES,Combined TRACON& Tower with Radar,28,87,76,87,278,0,0,82,35,117,28,87,158,122,395,100,26,126,521
04/15/2004,PNS,FL,ASO,ES,Combined TRACON& Tower with Radar,33,69,76,88,266,0,0,125,22,147,33,69,201,110,413,132,6,138,551
04/16/2004,PNS,FL,ASO,ES,Combined TRACON& Tower with Radar,26,63,52,57,198,0,17,71,0,88,26,80,123,57,286,92,8,100,386
04/17/2004,PNS,FL,ASO,ES,Combined TRACON& Tower with Radar,15,34,28,13,90,7,24,63,0,94,22,58,91,13,184,62,0,62,246
04/18/2004,PNS,FL,ASO,ES,Combined TRACON& Tower with Radar,23,56,46,31,156,7,22,72,0,101,30,78,118,31,257,66,0,66,323
04/19/2004,PNS,FL,ASO,ES,Combined TRACON& Tower with Radar,27,76,73,83,259,0,0,104,7,111,27,76,177,90,370,138,38,176,546
04/20/2004,PNS,FL,ASO,ES,Combined TRACON& Tower with Radar,30,73,77,87,267,0,0,46,53,99,30,73,123,140,366,142,32,174,540
04/21/2004,PNS,FL,ASO,ES,Combined TRACON& Tower with Radar,29,78,71,79,257,0,0,60,6,66,29,78,131,85,323,96,22,118,441
04/22/2004,PNS,FL,ASO,ES,Combined TRACON& Tower with Radar,29,85,74,83,271,0,0,71,7,78,29,85,145,90,349,120,2,122,471
04/23/2004,PNS,FL,ASO,ES,Combined TRACON& Tower with Radar,32,74,67,75,248,0,0,65,19,84,32,74,132,94,332,60,0,60,392
04/24/2004,PNS,FL,ASO,ES,Combined TRACON& Tower with Radar,13,35,29,10,87,13,14,49,0,76,26,49,78,10,163,46,0,46,209
04/25/2004,PNS,FL,ASO,ES,Combined TRACON& Tower with Radar,18,48,39,39,144,12,3,41,0,56,30,51,80,39,200,62,2,64,264
04/26/2004,PNS,FL,ASO,ES,Combined TRACON& Tower with Radar,29,67,61,68,225,1,0,1,26,28,30,67,62,94,253,60,0,60,313
04/27/2004,PNS,FL,ASO,ES,Combined TRACON& Tower with Radar,30,67,63,70,230,2,0,66,15,83,32,67,129,85,313,100,36,136,449
04/28/2004,PNS,FL,ASO,ES,Combined TRACON& Tower with Radar,31,71,66,73,241,0,0,53,35,88,31,71,119,108,329,74,0,74,403
04/29/2004,PNS,FL,ASO,ES,Combined TRACON& Tower with Radar,29,74,61,43,207,0,3,44,0,47,29,77,105,43,254,14,0,14,268
04/30/2004,PNS,FL,ASO,ES,Combined TRACON& Tower with Radar,20,52,43,13,128,9,24,2,0,35,29,76,45,13,163,12,0,12,175
05/01/2004,PNS,FL,ASO,ES,Combined TRACON& Tower with Radar,21,43,34,16,114,4,3,34,0,41,25,46,68,16,155,0,0,0,155
05/02/2004,PNS,FL,ASO,ES,Combined TRACON& Tower with Radar,16,32,26,22,96,10,17,7,0,34,26,49,33,22,130,110,16,126,256
05/03/2004,PNS,FL,ASO,ES,Combined TRACON& Tower with Radar,30,63,56,89,238,0,0,48,32,80,30,63,104,121,318,82,10,92,410
05/04/2004,PNS,FL,ASO,ES,Combined TRACON& Tower with Radar,32,71,63,98,264,0,0,70,24,94,32,71,133,122,358,126,62,188,546
05/05/2004,PNS,FL,ASO,ES,Combined TRACON& Tower with Radar,28,72,59,91,250,0,3,71,10,84,28,75,130,101,334,160,13,173,507
05/06/2004,PNS,FL,ASO,ES,Combined TRACON& Tower with Radar,30,67,54,85,236,0,5,59,1,65,30,72,113,86,301,238,2,240,541
05/07/2004,PNS,FL,ASO,ES,Combined TRACON& Tower with Radar,28,60,48,56,192,3,15,73,0,91,31,75,121,56,283,66,20,86,369
05/08/2004,PNS,FL,ASO,ES,Combined TRACON& Tower with Radar,17,35,28,11,91,8,25,73,0,106,25,60,101,11,197,112,0,112,309
05/09/2004,PNS,FL,ASO,ES,Combined TRACON& Tower with Radar,18,37,29,16,100,9,13,72,0,94,27,50,101,16,194,70,2,72,266
05/10/2004,PNS,FL,ASO,ES,Combined TRACON& Tower with Radar,30,65,55,85,235,0,0,34,26,60,30,65,89,111,295,136,22,158,453
05/11/2004,PNS,FL,ASO,ES,Combined TRACON& Tower with Radar,35,79,86,133,333,0,0,25,71,96,35,79,111,204,429,129,16,145,574
05/12/2004,PNS,FL,ASO,ES,Combined TRACON& Tower with Radar,27,70,58,89,244,0,0,20,21,41,27,70,78,110,285,62,10,72,357
05/13/2004,PNS,FL,ASO,ES,Combined TRACON& Tower with Radar,33,65,71,108,277,0,0,21,32,53,33,65,92,140,330,32,12,44,374
05/14/2004,PNS,FL,ASO,ES,Combined TRACON& Tower with Radar,31,75,68,104,278,0,0,29,34,63,31,75,97,138,341,66,18,84,425
05/15/2004,PNS,FL,ASO,ES,Combined TRACON& Tower with Radar,21,46,37,8,112,5,11,56,0,72,26,57,93,8,184,90,0,90,274
05/16/2004,PNS,FL,ASO,ES,Combined TRACON& Tower with Radar,19,41,34,29,123,8,11,50,0,69,27,52,84,29,192,78,0,78,270
05/17/2004,PNS,FL,ASO,ES,Combined TRACON& Tower with Radar,28,68,58,88,242,0,0,56,26,82,28,68,114,114,324,114,6,120,444
05/18/2004,PNS,FL,ASO,ES,Combined TRACON& Tower with Radar,28,79,64,97,268,0,0,22,34,56,28,79,86,131,324,138,0,138,462
05/19/2004,PNS,FL,ASO,ES,Combined TRACON& Tower with Radar,30,70,60,90,250,0,0,51,15,66,30,70,111,105,316,186,0,186,502
05/20/2004,PNS,FL,ASO,ES,Combined TRACON& Tower with Radar,29,75,70,107,281,0,0,83,31,114,29,75,153,138,395,242,6,248,643
05/21/2004,PNS,FL,ASO,ES,Combined TRACON& Tower with Radar,29,67,54,81,231,0,9,63,0,72,29,76,117,81,303,208,16,224,527
05/22/2004,PNS,FL,ASO,ES,Combined TRACON& Tower with Radar,16,35,28,23,102,9,14,63,0,86,25,49,91,23,188,114,0,114,302
05/23/2004,PNS,FL,ASO,ES,Combined TRACON& Tower with Radar,19,41,33,41,134,11,14,48,0,73,30,55,81,41,207,16,14,30,237
05/24/2004,PNS,FL,ASO,ES,Combined TRACON& Tower with Radar,30,67,57,88,242,0,0,55,31,86,30,67,112,119,328,200,12,212,540
05/25/2004,PNS,FL,ASO,ES,Combined TRACON& Tower with Radar,34,72,59,92,257,0,0,65,23,88,34,72,124,115,345,142,8,150,495
05/26/2004,PNS,FL,ASO,ES,Combined TRACON& Tower with Radar,28,69,72,113,282,0,0,43,68,111,28,69,115,181,393,132,42,174,567
05/27/2004,PNS,FL,ASO,ES,Combined TRACON& Tower with Radar,32,65,55,86,238,0,0,55,24,79,32,65,110,110,317,116,18,134,451
05/28/2004,PNS,FL,ASO,ES,Combined TRACON& Tower with Radar,30,65,51,60,206,2,7,81,0,90,32,72,132,60,296,124,0,124,420
05/29/2004,PNS,FL,ASO,ES,Combined TRACON& Tower with Radar,17,37,29,6,89,8,17,50,0,75,25,54,79,6,164,102,0,102,266
05/30/2004,PNS,FL,ASO,ES,Combined TRACON& Tower with Radar,15,34,26,9,84,14,8,29,0,51,29,42,55,9,135,34,0,34,169
05/31/2004,PNS,FL,ASO,ES,Combined TRACON& Tower with Radar,17,37,29,9,92,13,13,37,0,63,30,50,66,9,155,70,0,70,225
06/01/2004,PNS,FL,ASO,ES,Combined TRACON& Tower with Radar,19,37,33,12,101,13,27,6,0,46,32,64,39,12,147,32,0,32,179
06/02/2004,PNS,FL,ASO,ES,Combined TRACON& Tower with Radar,28,56,49,34,167,2,13,67,0,82,30,69,116,34,249,176,0,176,425
06/03/2004,PNS,FL,ASO,ES,Combined TRACON& Tower with Radar,33,73,61,105,272,0,0,0,44,44,33,73,61,149,316,82,12,94,410
06/04/2004,PNS,FL,ASO,ES,Combined TRACON& Tower with Radar,30,75,68,103,276,0,0,53,38,91,30,75,121,141,367,260,22,282,649
06/05/2004,PNS,FL,ASO,ES,Combined TRACON& Tower with Radar,17,33,29,19,98,14,18,54,0,86,31,51,83,19,184,114,0,114,298
06/06/2004,PNS,FL,ASO,ES,Combined TRACON& Tower with Radar,17,33,29,25,104,12,18,38,0,68,29,51,67,25,172,164,0,164,336
06/07/2004,PNS,FL,ASO,ES,Combined TRACON& Tower with Radar,32,63,59,89,243,0,0,36,22,58,32,63,95,111,301,136,22,158,459
06/08/2004,PNS,FL,ASO,ES,Combined TRACON& Tower with Radar,33,64,79,119,295,0,0,51,59,110,33,64,130,178,405,150,16,166,571
06/09/2004,PNS,FL,ASO,ES,Combined TRACON& Tower with Radar,34,61,62,93,250,0,0,34,21,55,34,61,96,114,305,114,10,124,429
06/10/2004,PNS,FL,ASO,ES,Combined TRACON& Tower with Radar,32,69,68,103,272,0,0,51,31,82,32,69,119,134,354,122,20,142,496
06/11/2004,PNS,FL,ASO,ES,Combined TRACON& Tower with Radar,27,56,48,54,185,1,10,44,0,55,28,66,92,54,240,70,0,70,310
06/12/2004,PNS,FL,ASO,ES,Combined TRACON& Tower with Radar,19,39,33,14,105,13,10,75,0,98,32,49,108,14,203,96,0,96,299
06/13/2004,PNS,FL,ASO,ES,Combined TRACON& Tower with Radar,17,35,29,34,115,10,8,31,0,49,27,43,60,34,164,48,8,56,220
06/14/2004,PNS,FL,ASO,ES,Combined TRACON& Tower with Radar,18,36,31,1,86,11,28,8,0,47,29,64,39,1,133,0,0,0,133
06/15/2004,PNS,FL,ASO,ES,Combined TRACON& Tower with Radar,26,75,67,111,279,0,0,0,55,55,26,75,67,166,334,48,0,48,382
06/16/2004,PNS,FL,ASO,ES,Combined TRACON& Tower with Radar,34,66,81,121,302,0,0,88,36,124,34,66,169,157,426,130,0,130,556
06/17/2004,PNS,FL,ASO,ES,Combined TRACON& Tower with Radar,28,79,84,125,316,0,0,52,45,97,28,79,136,170,413,106,1,107,520
06/18/2004,PNS,FL,ASO,ES,Combined TRACON& Tower with Radar,30,67,58,81,236,0,6,48,0,54,30,73,106,81,290,72,0,72,362
06/19/2004,PNS,FL,ASO,ES,Combined TRACON& Tower with Radar,17,37,32,26,112,16,9,73,0,98,33,46,105,26,210,90,0,90,300
06/20/2004,PNS,FL,ASO,ES,Combined TRACON& Tower with Radar,16,36,31,18,101,13,21,32,0,66,29,57,63,18,167,68,6,74,241
06/21/2004,PNS,FL,ASO,ES,Combined TRACON& Tower with Radar,24,59,52,75,210,0,12,33,2,47,24,71,85,77,257,58,10,68,325
06/22/2004,PNS,FL,ASO,ES,Combined TRACON& Tower with Radar,23,50,44,41,158,8,17,13,0,38,31,67,57,41,196,37,0,37,233
06/23/2004,PNS,FL,ASO,ES,Combined TRACON& Tower with Radar,29,63,52,72,216,2,13,11,0,26,31,76,63,72,242,100,0,100,342
06/24/2004,PNS,FL,ASO,ES,Combined TRACON& Tower with Radar,28,60,51,51,190,4,9,47,0,60,32,69,98,51,250,53,0,53,303
06/25/2004,PNS,FL,ASO,ES,Combined TRACON& Tower with Radar,27,67,56,85,235,0,11,23,16,50,27,78,79,101,285,20,6,26,311
06/26/2004,PNS,FL,ASO,ES,Combined TRACON& Tower with Radar,21,46,40,24,131,12,3,89,0,104,33,49,129,24,235,114,16,130,365
06/27/2004,PNS,FL,ASO,ES,Combined TRACON& Tower with Radar,18,40,33,51,142,7,4,33,2,46,25,44,66,53,188,32,4,36,224
06/28/2004,PNS,FL,ASO,ES,Combined TRACON& Tower with Radar,27,60,50,77,214,0,5,15,7,27,27,65,65,84,241,16,0,16,257
06/29/2004,PNS,FL,ASO,ES,Combined TRACON& Tower with Radar,26,73,85,135,319,0,0,0,94,94,26,73,85,229,413,90,38,128,541
06/30/2004,PNS,FL,ASO,ES,Combined TRACON& Tower with Radar,29,68,89,135,321,0,0,16,87,103,29,68,105,222,424,100,12,112,536
07/01/2004,PNS,FL,ASO,ES,Combined TRACON& Tower with Radar,33,69,61,119,282,0,0,57,45,102,33,69,118,164,384,52,30,82,466
07/02/2004,PNS,FL,ASO,ES,Combined TRACON& Tower with Radar,27,42,34,22,125,8,22,49,0,79,35,64,83,22,204,32,2,34,238
07/03/2004,PNS,FL,ASO,ES,Combined TRACON& Tower with Radar,18,28,23,13,82,21,11,26,0,58,39,39,49,13,140,78,0,78,218
07/04/2004,PNS,FL,ASO,ES,Combined TRACON& Tower with Radar,15,23,18,11,67,13,13,38,0,64,28,36,56,11,131,24,0,24,155
07/05/2004,PNS,FL,ASO,ES,Combined TRACON& Tower with Radar,27,42,34,57,160,7,6,43,0,56,34,48,77,57,216,34,0,34,250
07/06/2004,PNS,FL,ASO,ES,Combined TRACON& Tower with Radar,36,59,60,116,271,0,0,57,52,109,36,59,117,168,380,34,2,36,416
07/07/2004,PNS,FL,ASO,ES,Combined TRACON& Tower with Radar,36,59,58,112,265,0,0,53,42,95,36,59,111,154,360,110,0,110,470
07/08/2004,PNS,FL,ASO,ES,Combined TRACON& Tower with Radar,38,62,55,107,262,0,0,63,38,101,38,62,118,145,363,102,4,106,469
07/09/2004,PNS,FL,ASO,ES,Combined TRACON& Tower with Radar,37,56,52,100,245,0,0,78,36,114,37,56,130,136,359,68,34,102,461
07/10/2004,PNS,FL,ASO,ES,Combined TRACON& Tower with Radar,22,33,28,32,115,13,12,101,0,126,35,45,129,32,241,52,4,56,297
07/11/2004,PNS,FL,ASO,ES,Combined TRACON& Tower with Radar,26,39,32,49,146,8,2,79,0,89,34,41,111,49,235,52,0,52,287
07/12/2004,PNS,FL,ASO,ES,Combined TRACON& Tower with Radar,35,62,53,101,251,0,0,45,9,54,35,62,98,110,305,88,0,88,393
07/13/2004,PNS,FL,ASO,ES,Combined TRACON& Tower with Radar,34,54,43,83,214,0,19,13,0,32,34,73,56,83,246,74,10,84,330
07/14/2004,PNS,FL,ASO,ES,Combined TRACON& Tower with Radar,34,65,64,123,286,0,0,32,49,81,34,65,96,172,367,68,0,68,435
07/15/2004,PNS,FL,ASO,ES,Combined TRACON& Tower with Radar,35,70,57,108,270,0,1,49,13,63,35,71,106,121,333,88,4,92,425
07/16/2004,PNS,FL,ASO,ES,Combined TRACON& Tower with Radar,36,59,48,90,233,0,5,54,1,60,36,64,102,91,293,76,18,94,387
07/17/2004,PNS,FL,ASO,ES,Combined TRACON& Tower with Radar,17,28,20,20,85,17,18,0,0,35,34,46,20,20,120,20,4,24,144
07/18/2004,PNS,FL,ASO,ES,Combined TRACON& Tower with Radar,18,30,24,25,97,16,19,23,0,58,34,49,47,25,155,10,6,16,171
07/19/2004,PNS,FL,ASO,ES,Combined TRACON& Tower with Radar,37,61,62,116,276,0,0,59,51,110,37,61,121,167,386,112,14,126,512
07/20/2004,PNS,FL,ASO,ES,Combined TRACON& Tower with Radar,36,65,55,103,259,0,0,43,20,63,36,65,98,123,322,132,4,136,458
07/21/2004,PNS,FL,ASO,ES,Combined TRACON& Tower with Radar,37,64,62,118,281,0,0,51,34,85,37,64,113,152,366,158,0,158,524
07/22/2004,PNS,FL,ASO,ES,Combined TRACON& Tower with Radar,37,70,63,117,287,0,0,27,33,60,37,70,90,150,347,56,0,56,403
07/23/2004,PNS,FL,ASO,ES,Combined TRACON& Tower with Radar,29,48,38,73,188,6,18,54,7,85,35,66,92,80,273,72,14,86,359
07/24/2004,PNS,FL,ASO,ES,Combined TRACON& Tower with Radar,28,47,37,71,183,6,1,71,2,80,34,48,108,73,263,52,6,58,321
07/25/2004,PNS,FL,ASO,ES,Combined TRACON& Tower with Radar,27,42,35,68,172,7,0,46,29,82,34,42,81,97,254,36,18,54,308
07/26/2004,PNS,FL,ASO,ES,Combined TRACON& Tower with Radar,34,56,45,77,212,0,15,8,0,23,34,71,53,77,235,32,0,32,267
07/27/2004,PNS,FL,ASO,ES,Combined TRACON& Tower with Radar,35,63,52,97,247,0,1,16,22,39,35,64,68,119,286,28,24,52,338
07/28/2004,PNS,FL,ASO,ES,Combined TRACON& Tower with Radar,35,59,53,102,249,0,0,61,22,83,35,59,114,124,332,62,30,92,424
07/29/2004,PNS,FL,ASO,ES,Combined TRACON& Tower with Radar,34,66,54,103,257,0,1,80,25,106,34,67,134,128,363,90,2,92,455
07/30/2004,PNS,FL,ASO,ES,Combined TRACON& Tower with Radar,32,51,41,55,179,4,13,41,0,58,36,64,82,55,237,44,30,74,311
07/31/2004,PNS,FL,ASO,ES,Combined TRACON& Tower with Radar,25,40,32,37,134,10,6,75,0,91,35,46,107,37,225,64,0,64,289
08/01/2004,PNS,FL,ASO,ES,Combined TRACON& Tower with Radar,24,35,35,46,140,8,11,33,9,61,32,46,68,55,201,14,10,24,225
08/02/2004,PNS,FL,ASO,ES,Combined TRACON& Tower with Radar,35,53,58,79,225,0,0,18,38,56,35,53,76,117,281,50,10,60,341
08/03/2004,PNS,FL,ASO,ES,Combined TRACON& Tower with Radar,37,56,75,101,269,0,0,53,48,101,37,56,128,149,370,109,0,109,479
08/04/2004,PNS,FL,ASO,ES,Combined TRACON& Tower with Radar,34,57,57,75,223,0,0,49,13,62,34,57,106,88,285,148,0,148,433
08/05/2004,PNS,FL,ASO,ES,Combined TRACON& Tower with Radar,39,60,58,78,235,0,3,72,5,80,39,63,130,83,315,214,2,216,531
08/06/2004,PNS,FL,ASO,ES,Combined TRACON& Tower with Radar,37,62,63,73,235,0,0,70,0,70,37,62,133,73,305,24,0,24,329
08/07/2004,PNS,FL,ASO,ES,Combined TRACON& Tower with Radar,23,33,32,11,99,11,11,82,0,104,34,44,114,11,203,46,0,46,249
08/08/2004,PNS,FL,ASO,ES,Combined TRACON& Tower with Radar,27,39,38,28,132,7,10,59,0,76,34,49,97,28,208,64,0,64,272
08/09/2004,PNS,FL,ASO,ES,Combined TRACON& Tower with Radar,34,62,63,101,260,0,0,0,60,60,34,62,63,161,320,42,0,42,362
08/10/2004,PNS,FL,ASO,ES,Combined TRACON& Tower with Radar,31,45,43,40,159,4,21,0,0,25,35,66,43,40,184,84,0,84,268
08/11/2004,PNS,FL,ASO,ES,Combined TRACON& Tower with Radar,32,47,45,15,139,3,20,44,0,67,35,67,89,15,206,88,0,88,294
08/12/2004,PNS,FL,ASO,ES,Combined TRACON& Tower with Radar,17,25,24,4,70,16,24,3,0,43,33,49,27,4,113,26,0,26,139
08/13/2004,PNS,FL,ASO,ES,Combined TRACON& Tower with Radar,25,39,38,27,129,15,5,85,0,105,40,44,123,27,234,216,4,220,454
08/14/2004,PNS,FL,ASO,ES,Combined TRACON& Tower with Radar,24,37,35,25,121,11,6,72,0,89,35,43,107,25,210,200,0,200,410
08/15/2004,PNS,FL,ASO,ES,Combined TRACON& Tower with Radar,22,35,32,28,117,11,8,44,0,63,33,43,76,28,180,106,0,106,286
08/16/2004,PNS,FL,ASO,ES,Combined TRACON& Tower with Radar,35,56,52,69,212,0,4,42,36,82,35,60,94,105,294,214,0,214,508
08/17/2004,PNS,FL,ASO,ES,Combined TRACON& Tower with Radar,36,59,57,77,229,0,0,68,24,92,36,59,125,101,321,276,28,304,625
08/18/2004,PNS,FL,ASO,ES,Combined TRACON& Tower with Radar,36,60,74,98,268,0,0,64,41,105,36,60,138,139,373,168,0,168,541
08/19/2004,PNS,FL,ASO,ES,Combined TRACON& Tower with Radar,36,61,80,107,284,0,0,70,62,132,36,61,150,169,416,284,24,308,724
08/20/2004,PNS,FL,ASO,ES,Combined TRACON& Tower with Radar,36,55,52,68,211,0,8,54,0,62,36,63,106,68,273,68,4,72,345
08/21/2004,PNS,FL,ASO,ES,Combined TRACON& Tower with Radar,27,41,40,23,131,8,8,66,0,82,35,49,106,23,213,72,14,86,299
08/22/2004,PNS,FL,ASO,ES,Combined TRACON& Tower with Radar,25,38,36,48,147,11,1,51,10,73,36,39,87,58,220,96,0,96,316
08/23/2004,PNS,FL,ASO,ES,Combined TRACON& Tower with Radar,31,48,46,55,180,7,56,21,0,84,38,104,67,55,264,60,0,60,324
08/24/2004,PNS,FL,ASO,ES,Combined TRACON& Tower with Radar,36,65,70,94,265,0,0,24,43,67,36,65,94,137,332,160,36,196,528
08/25/2004,PNS,FL,ASO,ES,Combined TRACON& Tower with Radar,34,59,70,94,257,0,0,49,40,89,34,59,119,134,346,148,42,190,536
08/26/2004,PNS,FL,ASO,ES,Combined TRACON& Tower with Radar,37,58,72,95,262,0,0,30,53,83,37,58,102,148,345,168,16,184,529
08/27/2004,PNS,FL,ASO,ES,Combined TRACON& Tower with Radar,35,59,56,75,225,0,2,71,20,93,35,61,127,95,318,136,8,144,462
08/28/2004,PNS,FL,ASO,ES,Combined TRACON& Tower with Radar,21,32,30,31,114,14,13,36,0,63,35,45,66,31,177,78,12,90,267
08/29/2004,PNS,FL,ASO,ES,Combined TRACON& Tower with Radar,19,30,28,38,115,15,11,21,1,48,34,41,49,39,163,47,2,49,212
08/30/2004,PNS,FL,ASO,ES,Combined TRACON& Tower with Radar,31,48,45,61,185,3,11,13,0,27,34,59,58,61,212,74,8,82,294
08/31/2004,PNS,FL,ASO,ES,Combined TRACON& Tower with Radar,37,60,62,84,243,0,0,7,17,24,37,60,69,101,267,0,10,10,277
09/01/2004,PNS,FL,ASO,ES,Combined TRACON& Tower with Radar,37,59,89,45,230,0,0,60,49,109,37,59,149,94,339,118,12,130,469
09/02/2004,PNS,FL,ASO,ES,Combined TRACON& Tower with Radar,38,60,79,40,217,0,0,77,53,130,38,60,156,93,347,58,0,58,405
09/03/2004,PNS,FL,ASO,ES,Combined TRACON& Tower with Radar,31,48,55,27,161,4,11,59,0,74,35,59,114,27,235,70,0,70,305
09/04/2004,PNS,FL,ASO,ES,Combined TRACON& Tower with Radar,19,28,32,0,79,13,10,57,0,80,32,38,89,0,159,94,0,94,253
09/05/2004,PNS,FL,ASO,ES,Combined TRACON& Tower with Radar,17,22,30,4,73,18,0,33,0,51,35,22,63,4,124,18,0,18,142
09/06/2004,PNS,FL,ASO,ES,Combined TRACON& Tower with Radar,8,9,11,0,28,10,0,0,0,10,18,9,11,0,38,0,0,0,38
09/07/2004,PNS,FL,ASO,ES,Combined TRACON& Tower with Radar,32,51,52,29,164,0,6,0,24,30,32,57,52,53,194,0,20,20,214
09/08/2004,PNS,FL,ASO,ES,Combined TRACON& Tower with Radar,34,64,79,41,218,0,0,53,64,117,34,64,132,105,335,102,0,102,437
09/09/2004,PNS,FL,ASO,ES,Combined TRACON& Tower with Radar,34,63,79,41,217,0,0,47,51,98,34,63,126,92,315,162,20,182,497
09/10/2004,PNS,FL,ASO,ES,Combined TRACON& Tower with Radar,33,59,76,40,208,0,0,56,54,110,33,59,132,94,318,89,18,107,425
09/11/2004,PNS,FL,ASO,ES,Combined TRACON& Tower with Radar,24,40,46,13,123,7,5,24,0,36,31,45,70,13,159,68,0,68,227
09/12/2004,PNS,FL,ASO,ES,Combined TRACON& Tower with Radar,26,39,47,25,137,7,0,40,9,56,33,39,87,34,193,146,0,146,339
09/13/2004,PNS,FL,ASO,ES,Combined TRACON& Tower with Radar,27,45,49,11,132,6,16,25,0,47,33,61,74,11,179,0,0,0,179
09/14/2004,PNS,FL,ASO,ES,Combined TRACON& Tower with Radar,25,49,53,8,135,0,7,34,0,41,25,56,87,8,176,0,0,0,176
09/15/2004,PNS,FL,ASO,ES,Combined TRACON& Tower with Radar,0,0,0,0,0,1,0,0,0,1,1,0,0,0,1,0,0,0,1
09/16/2004,PNS,FL,ASO,ES,Combined TRACON& Tower with Radar,0,0,0,0,0,0,0,0,0,0,0,0,0,0,0,0,0,0,0
09/17/2004,PNS,FL,ASO,ES,Combined TRACON& Tower with Radar,0,0,0,0,0,0,0,0,0,0,0,0,0,0,0,0,0,0,0
09/18/2004,PNS,FL,ASO,ES,Combined TRACON& Tower with Radar,0,8,9,6,23,0,0,81,17,98,0,8,90,23,121,0,0,0,121
09/19/2004,PNS,FL,ASO,ES,Combined TRACON& Tower with Radar,0,7,6,4,17,0,1,36,11,48,0,8,42,15,65,0,0,0,65
09/20/2004,PNS,FL,ASO,ES,Combined TRACON& Tower with Radar,0,20,22,12,54,0,43,68,32,143,0,63,90,44,197,0,0,0,197
09/21/2004,PNS,FL,ASO,ES,Combined TRACON& Tower with Radar,0,11,19,11,41,0,0,97,35,132,0,11,116,46,173,0,0,0,173
09/22/2004,PNS,FL,ASO,ES,Combined TRACON& Tower with Radar,1,15,20,10,46,0,0,56,20,76,1,15,76,30,122,0,0,0,122
09/23/2004,PNS,FL,ASO,ES,Combined TRACON& Tower with Radar,0,18,17,8,43,0,3,83,0,86,0,21,100,8,129,0,0,0,129
09/24/2004,PNS,FL,ASO,ES,Combined TRACON& Tower with Radar,28,46,50,5,129,0,18,68,0,86,28,64,118,5,215,8,0,8,223
09/25/2004,PNS,FL,ASO,ES,Combined TRACON& Tower with Radar,15,25,26,3,69,9,9,51,0,69,24,34,77,3,138,18,0,18,156
09/26/2004,PNS,FL,ASO,ES,Combined TRACON& Tower with Radar,15,24,27,12,78,11,4,31,0,46,26,28,58,12,124,0,0,0,124
09/27/2004,PNS,FL,ASO,ES,Combined TRACON& Tower with Radar,20,40,43,2,105,0,21,49,0,70,20,61,92,2,175,8,0,8,183
09/28/2004,PNS,FL,ASO,ES,Combined TRACON& Tower with Radar,25,43,48,16,132,7,18,61,0,86,32,61,109,16,218,96,14,110,328
09/29/2004,PNS,FL,ASO,ES,Combined TRACON& Tower with Radar,33,56,62,3,154,4,11,61,0,76,37,67,123,3,230,78,0,78,308
09/30/2004,PNS,FL,ASO,ES,Combined TRACON& Tower with Radar,25,42,47,0,114,8,26,65,0,99,33,68,112,0,213,107,4,111,324
10/01/2004,PNS,FL,ASO,ES,Combined TRACON& Tower with Radar,35,54,40,6,135,0,8,44,2,54,35,62,84,8,189,118,0,118,307
10/02/2004,PNS,FL,ASO,ES,Combined TRACON& Tower with Radar,33,41,24,0,98,0,0,55,0,55,33,41,79,0,153,82,0,82,235
10/03/2004,PNS,FL,ASO,ES,Combined TRACON& Tower with Radar,30,38,36,0,104,0,2,39,0,41,30,40,75,0,145,51,0,51,196
10/04/2004,PNS,FL,ASO,ES,Combined TRACON& Tower with Radar,34,48,44,2,128,0,6,64,4,74,34,54,108,6,202,170,0,170,372
10/05/2004,PNS,FL,ASO,ES,Combined TRACON& Tower with Radar,29,60,128,10,227,0,4,0,0,4,29,64,128,10,231,130,26,156,387
10/06/2004,PNS,FL,ASO,ES,Combined TRACON& Tower with Radar,34,60,57,44,195,0,7,78,0,85,34,67,135,44,280,138,0,138,418
10/07/2004,PNS,FL,ASO,ES,Combined TRACON& Tower with Radar,34,53,49,69,205,0,3,35,22,60,34,56,84,91,265,42,0,42,307
10/08/2004,PNS,FL,ASO,ES,Combined TRACON& Tower with Radar,34,56,68,15,173,0,2,31,6,39,34,58,99,21,212,106,0,106,318
10/09/2004,PNS,FL,ASO,ES,Combined TRACON& Tower with Radar,32,40,21,1,94,0,0,2,0,2,32,40,23,1,96,0,0,0,96
10/10/2004,PNS,FL,ASO,ES,Combined TRACON& Tower with Radar,31,42,9,1,83,0,0,0,0,0,31,42,9,1,83,0,0,0,83
10/11/2004,PNS,FL,ASO,ES,Combined TRACON& Tower with Radar,31,51,30,2,114,0,1,7,0,8,31,52,37,2,122,4,0,4,126
10/12/2004,PNS,FL,ASO,ES,Combined TRACON& Tower with Radar,31,60,120,148,359,0,0,0,0,0,31,60,120,148,359,238,16,254,613
10/13/2004,PNS,FL,ASO,ES,Combined TRACON& Tower with Radar,34,59,70,124,287,0,4,70,1,75,34,63,140,125,362,88,0,88,450
10/14/2004,PNS,FL,ASO,ES,Combined TRACON& Tower with Radar,33,57,48,117,255,0,1,37,9,47,33,58,85,126,302,184,6,190,492
10/15/2004,PNS,FL,ASO,ES,Combined TRACON& Tower with Radar,34,53,64,73,224,0,2,70,3,75,34,55,134,76,299,72,48,120,419
10/16/2004,PNS,FL,ASO,ES,Combined TRACON& Tower with Radar,31,36,29,4,100,0,0,66,9,75,31,36,95,13,175,118,6,124,299
10/17/2004,PNS,FL,ASO,ES,Combined TRACON& Tower with Radar,30,41,38,11,120,0,0,52,9,61,30,41,90,20,181,40,0,40,221
10/18/2004,PNS,FL,ASO,ES,Combined TRACON& Tower with Radar,31,54,42,94,221,0,0,43,1,44,31,54,85,95,265,138,22,160,425
10/19/2004,PNS,FL,ASO,ES,Combined TRACON& Tower with Radar,31,61,39,72,203,0,2,9,0,11,31,63,48,72,214,80,0,80,294
10/20/2004,PNS,FL,ASO,ES,Combined TRACON& Tower with Radar,35,58,61,102,256,0,1,47,11,59,35,59,108,113,315,134,34,168,483
10/21/2004,PNS,FL,ASO,ES,Combined TRACON& Tower with Radar,32,60,93,59,244,0,0,15,0,15,32,60,108,59,259,28,0,28,287
10/22/2004,PNS,FL,ASO,ES,Combined TRACON& Tower with Radar,35,56,63,166,320,0,1,36,3,40,35,57,99,169,360,188,14,202,562
10/23/2004,PNS,FL,ASO,ES,Combined TRACON& Tower with Radar,32,35,40,11,118,0,6,33,7,46,32,41,73,18,164,174,14,188,352
10/24/2004,PNS,FL,ASO,ES,Combined TRACON& Tower with Radar,30,40,28,24,122,0,0,28,9,37,30,40,56,33,159,140,0,140,299
10/25/2004,PNS,FL,ASO,ES,Combined TRACON& Tower with Radar,33,55,34,129,251,0,2,21,0,23,33,57,55,129,274,92,0,92,366
10/26/2004,PNS,FL,ASO,ES,Combined TRACON& Tower with Radar,35,55,38,125,253,0,3,42,4,49,35,58,80,129,302,118,0,118,420
10/27/2004,PNS,FL,ASO,ES,Combined TRACON& Tower with Radar,35,60,60,161,316,0,2,63,1,66,35,62,123,162,382,148,0,148,530
10/28/2004,PNS,FL,ASO,ES,Combined TRACON& Tower with Radar,37,50,61,142,290,0,0,67,2,69,37,50,128,144,359,130,16,146,505
10/29/2004,PNS,FL,ASO,ES,Combined TRACON& Tower with Radar,33,60,73,94,260,0,1,64,4,69,33,61,137,98,329,134,2,136,465
10/30/2004,PNS,FL,ASO,ES,Combined TRACON& Tower with Radar,29,37,56,30,152,0,0,39,20,59,29,37,95,50,211,148,32,180,391
10/31/2004,PNS,FL,ASO,ES,Combined TRACON& Tower with Radar,33,38,57,13,141,0,2,32,11,45,33,40,89,24,186,14,0,14,200
11/01/2004,PNS,FL,ASO,ES,Towers with Radar,39,67,46,161,313,0,1,31,9,41,39,68,77,170,354,46,30,76,430
11/02/2004,PNS,FL,ASO,ES,Towers with Radar,34,67,36,78,215,0,0,16,0,16,34,67,52,78,231,8,0,8,239
11/03/2004,PNS,FL,ASO,ES,Towers with Radar,29,67,62,68,226,0,1,11,2,14,29,68,73,70,240,67,0,67,307
11/04/2004,PNS,FL,ASO,ES,Towers with Radar,32,69,47,117,265,0,2,39,0,41,32,71,86,117,306,46,0,46,352
11/05/2004,PNS,FL,ASO,ES,Towers with Radar,34,64,55,44,197,0,2,58,17,77,34,66,113,61,274,140,12,152,426
11/06/2004,PNS,FL,ASO,ES,Towers with Radar,31,43,23,13,110,0,0,69,10,79,31,43,92,23,189,106,0,106,295
11/07/2004,PNS,FL,ASO,ES,Towers with Radar,33,46,19,28,126,0,0,56,9,65,33,46,75,37,191,102,8,110,301
11/08/2004,PNS,FL,ASO,ES,Towers with Radar,31,69,42,98,240,0,8,70,2,80,31,77,112,100,320,96,6,102,422
11/09/2004,PNS,FL,ASO,ES,Towers with Radar,27,77,37,105,246,0,10,65,3,78,27,87,102,108,324,98,18,116,440
11/10/2004,PNS,FL,ASO,ES,Towers with Radar,31,81,70,118,300,0,2,52,33,87,31,83,122,151,387,42,32,74,461
11/11/2004,PNS,FL,ASO,ES,Towers with Radar,33,64,61,10,168,0,0,0,0,0,33,64,61,10,168,0,0,0,168
11/12/2004,PNS,FL,ASO,ES,Towers with Radar,30,72,83,40,225,0,1,31,12,44,30,73,114,52,269,76,32,108,377
11/13/2004,PNS,FL,ASO,ES,Towers with Radar,21,52,58,11,142,0,0,4,0,4,21,52,62,11,146,32,4,36,182
11/14/2004,PNS,FL,ASO,ES,Towers with Radar,28,57,42,48,175,0,2,39,0,41,28,59,81,48,216,38,12,50,266
11/15/2004,PNS,FL,ASO,ES,Towers with Radar,31,62,56,112,261,0,8,61,7,76,31,70,117,119,337,136,10,146,483
11/16/2004,PNS,FL,ASO,ES,Towers with Radar,30,74,52,61,217,0,9,59,1,69,30,83,111,62,286,158,0,158,444
11/17/2004,PNS,FL,ASO,ES,Towers with Radar,33,64,55,66,218,0,6,66,0,72,33,70,121,66,290,162,32,194,484
11/18/2004,PNS,FL,ASO,ES,Towers with Radar,32,61,62,82,237,0,11,70,1,82,32,72,132,83,319,150,22,172,491
11/19/2004,PNS,FL,ASO,ES,Towers with Radar,35,65,42,92,234,0,3,35,6,44,35,68,77,98,278,78,22,100,378
11/20/2004,PNS,FL,ASO,ES,Towers with Radar,32,48,19,49,148,0,0,3,0,3,32,48,22,49,151,8,0,8,159
11/21/2004,PNS,FL,ASO,ES,Towers with Radar,35,41,31,34,141,0,0,42,20,62,35,41,73,54,203,76,22,98,301
11/22/2004,PNS,FL,ASO,ES,Towers with Radar,35,52,78,102,267,0,1,9,44,54,35,53,87,146,321,10,0,10,331
11/23/2004,PNS,FL,ASO,ES,Towers with Radar,44,64,40,155,303,0,0,30,1,31,44,64,70,156,334,68,22,90,424
11/24/2004,PNS,FL,ASO,ES,Towers with Radar,37,59,60,4,160,0,0,0,0,0,37,59,60,4,160,0,6,6,166
11/25/2004,PNS,FL,ASO,ES,Towers with Radar,27,36,19,2,84,0,9,31,0,40,27,45,50,2,124,6,0,6,130
11/26/2004,PNS,FL,ASO,ES,Towers with Radar,30,62,32,0,124,0,3,67,2,72,30,65,99,2,196,64,0,64,260
11/27/2004,PNS,FL,ASO,ES,Towers with Radar,32,43,29,1,105,0,0,16,1,17,32,43,45,2,122,22,0,22,144
11/28/2004,PNS,FL,ASO,ES,Towers with Radar,37,50,64,13,164,0,0,56,1,57,37,50,120,14,221,92,0,92,313
11/29/2004,PNS,FL,ASO,ES,Towers with Radar,36,65,51,104,256,0,2,48,4,54,36,67,99,108,310,82,12,94,404
11/30/2004,PNS,FL,ASO,ES,Towers with Radar,39,63,62,121,285,0,3,38,0,41,39,66,100,121,326,116,28,144,470
12/01/2004,PNS,FL,ASO,ES,Towers with Radar,35,61,47,89,232,0,0,54,3,57,35,61,101,92,289,140,18,158,447
12/02/2004,PNS,FL,ASO,ES,Towers with Radar,35,62,58,63,218,0,8,67,1,76,35,70,125,64,294,202,36,238,532
12/03/2004,PNS,FL,ASO,ES,Towers with Radar,34,68,58,34,194,0,4,73,11,88,34,72,131,45,282,158,0,158,440
12/04/2004,PNS,FL,ASO,ES,Towers with Radar,31,38,40,22,131,0,2,57,6,65,31,40,97,28,196,104,0,104,300
12/05/2004,PNS,FL,ASO,ES,Towers with Radar,36,41,23,14,114,0,0,1,0,1,36,41,24,14,115,0,0,0,115
12/06/2004,PNS,FL,ASO,ES,Towers with Radar,38,61,47,114,260,0,0,2,0,2,38,61,49,114,262,0,0,0,262
12/07/2004,PNS,FL,ASO,ES,Towers with Radar,38,63,34,73,208,0,1,9,2,12,38,64,43,75,220,58,0,58,278
12/08/2004,PNS,FL,ASO,ES,Towers with Radar,38,60,97,93,288,0,0,0,0,0,38,60,97,93,288,234,28,262,550
12/09/2004,PNS,FL,ASO,ES,Towers with Radar,32,60,55,95,242,0,2,2,0,4,32,62,57,95,246,14,10,24,270
12/10/2004,PNS,FL,ASO,ES,Towers with Radar,34,60,45,92,231,0,9,64,27,100,34,69,109,119,331,38,12,50,381
12/11/2004,PNS,FL,ASO,ES,Towers with Radar,28,41,28,19,116,0,1,61,9,71,28,42,89,28,187,46,2,48,235
12/12/2004,PNS,FL,ASO,ES,Towers with Radar,35,40,21,29,125,0,0,68,12,80,35,40,89,41,205,152,16,168,373
12/13/2004,PNS,FL,ASO,ES,Towers with Radar,36,60,38,47,181,0,5,57,6,68,36,65,95,53,249,110,18,128,377
12/14/2004,PNS,FL,ASO,ES,Towers with Radar,40,54,42,71,207,0,9,65,4,78,40,63,107,75,285,162,36,198,483
12/15/2004,PNS,FL,ASO,ES,Towers with Radar,35,59,49,59,202,0,7,61,0,68,35,66,110,59,270,118,76,194,464
12/16/2004,PNS,FL,ASO,ES,Towers with Radar,33,71,65,103,272,0,6,59,8,73,33,77,124,111,345,118,28,146,491
12/17/2004,PNS,FL,ASO,ES,Towers with Radar,34,70,47,70,221,0,3,65,13,81,34,73,112,83,302,120,20,140,442
12/18/2004,PNS,FL,ASO,ES,Towers with Radar,36,47,33,9,125,0,1,39,18,58,36,48,72,27,183,98,32,130,313
12/19/2004,PNS,FL,ASO,ES,Towers with Radar,34,44,33,12,123,0,0,36,14,50,34,44,69,26,173,20,36,56,229
12/20/2004,PNS,FL,ASO,ES,Towers with Radar,39,56,37,73,205,0,3,67,3,73,39,59,104,76,278,114,70,184,462
12/21/2004,PNS,FL,ASO,ES,Towers with Radar,38,62,54,73,227,0,4,50,11,65,38,66,104,84,292,167,34,201,493
12/22/2004,PNS,FL,ASO,ES,Towers with Radar,36,62,21,10,129,0,0,0,0,0,36,62,21,10,129,0,0,0,129
12/23/2004,PNS,FL,ASO,ES,Towers with Radar,28,69,31,4,132,0,2,9,0,11,28,71,40,4,143,6,0,6,149
12/24/2004,PNS,FL,ASO,ES,Towers with Radar,26,55,10,0,91,0,2,5,0,7,26,57,15,0,98,8,0,8,106
12/25/2004,PNS,FL,ASO,ES,Towers with Radar,27,38,7,0,72,0,0,1,0,1,27,38,8,0,73,0,0,0,73
12/26/2004,PNS,FL,ASO,ES,Towers with Radar,32,46,16,0,94,0,0,25,0,25,32,46,41,0,119,16,0,16,135
12/27/2004,PNS,FL,ASO,ES,Towers with Radar,37,75,48,5,165,0,2,30,1,33,37,77,78,6,198,40,18,58,256
12/28/2004,PNS,FL,ASO,ES,Towers with Radar,41,60,33,39,173,0,4,47,1,52,41,64,80,40,225,34,8,42,267
12/29/2004,PNS,FL,ASO,ES,Towers with Radar,36,64,38,40,178,0,8,50,1,59,36,72,88,41,237,52,0,52,289
12/30/2004,PNS,FL,ASO,ES,Towers with Radar,38,68,39,22,167,0,3,39,0,42,38,71,78,22,209,94,6,100,309
12/31/2004,PNS,FL,ASO,ES,Towers with Radar,31,62,27,0,120,0,2,33,0,35,31,64,60,0,155,22,0,22,177
01/01/2005,PNS,FL,ASO,ES,Towers with Radar,31,47,19,0,97,0,4,14,0,18,31,51,33,0,115,6,0,6,121
01/02/2005,PNS,FL,ASO,ES,Towers with Radar,45,53,32,1,131,0,3,30,1,34,45,56,62,2,165,38,0,38,203
01/03/2005,PNS,FL,ASO,ES,Towers with Radar,36,67,33,26,162,0,1,31,3,35,36,68,64,29,197,118,46,164,361
01/04/2005,PNS,FL,ASO,ES,Towers with Radar,43,61,44,139,287,0,3,65,0,68,43,64,109,139,355,170,20,190,545
01/05/2005,PNS,FL,ASO,ES,Towers with Radar,39,68,83,97,287,0,0,0,0,0,39,68,83,97,287,117,0,117,404
01/06/2005,PNS,FL,ASO,ES,Towers with Radar,34,71,53,102,260,0,2,11,0,13,34,73,64,102,273,16,0,16,289
01/07/2005,PNS,FL,ASO,ES,Towers with Radar,32,80,91,144,347,0,0,0,3,3,32,80,91,147,350,0,0,0,350
01/08/2005,PNS,FL,ASO,ES,Towers with Radar,30,47,55,29,161,0,0,11,3,14,30,47,66,32,175,0,0,0,175
01/09/2005,PNS,FL,ASO,ES,Towers with Radar,30,43,40,50,163,0,0,10,5,15,30,43,50,55,178,66,2,68,246
01/10/2005,PNS,FL,ASO,ES,Towers with Radar,30,60,54,125,269,0,2,64,5,71,30,62,118,130,340,124,0,124,464
01/11/2005,PNS,FL,ASO,ES,Towers with Radar,35,58,63,105,261,0,2,14,0,16,35,60,77,105,277,124,0,124,401
01/12/2005,PNS,FL,ASO,ES,Towers with Radar,34,60,92,149,335,0,0,0,0,0,34,60,92,149,335,18,8,26,361
01/13/2005,PNS,FL,ASO,ES,Towers with Radar,25,62,33,14,134,0,0,3,0,3,25,62,36,14,137,0,0,0,137
01/14/2005,PNS,FL,ASO,ES,Towers with Radar,32,64,58,73,227,0,2,25,10,37,32,66,83,83,264,84,8,92,356
01/15/2005,PNS,FL,ASO,ES,Towers with Radar,25,47,25,24,121,0,0,62,13,75,25,47,87,37,196,194,20,214,410
01/16/2005,PNS,FL,ASO,ES,Towers with Radar,32,40,33,30,135,0,3,49,7,59,32,43,82,37,194,52,14,66,260
01/17/2005,PNS,FL,ASO,ES,Towers with Radar,34,56,36,17,143,0,0,56,14,70,34,56,92,31,213,158,24,182,395
01/18/2005,PNS,FL,ASO,ES,Towers with Radar,37,58,36,67,198,0,4,52,2,58,37,62,88,69,256,152,44,196,452
01/19/2005,PNS,FL,ASO,ES,Towers with Radar,33,66,66,74,239,0,6,64,0,70,33,72,130,74,309,182,14,196,505
01/20/2005,PNS,FL,ASO,ES,Towers with Radar,30,71,69,82,252,0,5,45,8,58,30,76,114,90,310,124,16,140,450
01/21/2005,PNS,FL,ASO,ES,Towers with Radar,30,69,52,130,281,0,2,38,7,47,30,71,90,137,328,122,46,168,496
01/22/2005,PNS,FL,ASO,ES,Towers with Radar,22,52,44,22,140,0,4,15,2,21,22,56,59,24,161,18,2,20,181
01/23/2005,PNS,FL,ASO,ES,Towers with Radar,34,47,35,6,122,0,1,17,12,30,34,48,52,18,152,8,12,20,172
01/24/2005,PNS,FL,ASO,ES,Towers with Radar,34,59,37,66,196,0,8,63,13,84,34,67,100,79,280,148,30,178,458
01/25/2005,PNS,FL,ASO,ES,Towers with Radar,35,63,53,102,253,0,4,70,3,77,35,67,123,105,330,100,8,108,438
01/26/2005,PNS,FL,ASO,ES,Towers with Radar,35,69,135,88,327,0,0,0,0,0,35,69,135,88,327,48,30,78,405
01/27/2005,PNS,FL,ASO,ES,Towers with Radar,35,69,57,76,237,0,1,67,1,69,35,70,124,77,306,168,0,168,474
01/28/2005,PNS,FL,ASO,ES,Towers with Radar,31,66,28,92,217,0,2,2,1,5,31,68,30,93,222,0,0,0,222
01/29/2005,PNS,FL,ASO,ES,Towers with Radar,10,52,15,2,79,0,0,0,0,0,10,52,15,2,79,0,0,0,79
01/30/2005,PNS,FL,ASO,ES,Towers with Radar,22,52,39,24,137,0,1,64,14,79,22,53,103,38,216,126,22,148,364
01/31/2005,PNS,FL,ASO,ES,Towers with Radar,28,76,48,78,230,0,1,36,3,40,28,77,84,81,270,68,18,86,356
02/01/2005,PNS,FL,ASO,ES,Towers with Radar,32,82,39,16,169,0,0,1,0,1,32,82,40,16,170,0,0,0,170
02/02/2005,PNS,FL,ASO,ES,Towers with Radar,28,83,40,0,151,0,0,0,0,0,28,83,40,0,151,0,0,0,151
02/03/2005,PNS,FL,ASO,ES,Towers with Radar,32,77,51,76,236,0,3,21,4,28,32,80,72,80,264,16,48,64,328
02/04/2005,PNS,FL,ASO,ES,Towers with Radar,32,90,67,89,278,0,7,50,27,84,32,97,117,116,362,92,22,114,476
02/05/2005,PNS,FL,ASO,ES,Towers with Radar,28,63,38,18,147,0,2,93,9,104,28,65,131,27,251,120,0,120,371
02/06/2005,PNS,FL,ASO,ES,Towers with Radar,30,62,49,17,158,0,5,46,14,65,30,67,95,31,223,52,0,52,275
02/07/2005,PNS,FL,ASO,ES,Towers with Radar,32,80,47,84,243,0,3,36,0,39,32,83,83,84,282,54,26,80,362
02/08/2005,PNS,FL,ASO,ES,Towers with Radar,29,81,87,117,314,0,4,22,0,26,29,85,109,117,340,44,20,64,404
02/09/2005,PNS,FL,ASO,ES,Towers with Radar,28,82,56,62,228,0,3,14,0,17,28,85,70,62,245,28,0,28,273
02/10/2005,PNS,FL,ASO,ES,Towers with Radar,30,80,58,79,247,0,2,54,1,57,30,82,112,80,304,42,12,54,358
02/11/2005,PNS,FL,ASO,ES,Towers with Radar,33,73,62,71,239,0,9,86,11,106,33,82,148,82,345,52,16,68,413
02/12/2005,PNS,FL,ASO,ES,Towers with Radar,28,61,34,19,142,0,3,68,15,86,28,64,102,34,228,78,2,80,308
02/13/2005,PNS,FL,ASO,ES,Towers with Radar,32,60,33,19,144,0,0,41,12,53,32,60,74,31,197,42,8,50,247
02/14/2005,PNS,FL,ASO,ES,Towers with Radar,30,73,59,91,253,0,1,39,6,46,30,74,98,97,299,52,0,52,351
02/15/2005,PNS,FL,ASO,ES,Towers with Radar,29,81,88,66,264,0,2,4,0,6,29,83,92,66,270,0,0,0,270
02/16/2005,PNS,FL,ASO,ES,Towers with Radar,33,84,115,131,363,0,0,0,0,0,33,84,115,131,363,62,4,66,429
02/17/2005,PNS,FL,ASO,ES,Towers with Radar,36,85,60,61,242,0,3,59,10,72,36,88,119,71,314,66,24,90,404
02/18/2005,PNS,FL,ASO,ES,Towers with Radar,38,77,46,78,239,0,5,70,11,86,38,82,116,89,325,42,12,54,379
02/19/2005,PNS,FL,ASO,ES,Towers with Radar,33,66,39,14,152,0,1,83,9,93,33,67,122,23,245,130,0,130,375
02/20/2005,PNS,FL,ASO,ES,Towers with Radar,33,64,51,21,169,0,0,52,6,58,33,64,103,27,227,122,14,136,363
02/21/2005,PNS,FL,ASO,ES,Towers with Radar,34,74,90,32,230,0,1,28,14,43,34,75,118,46,273,48,12,60,333
02/22/2005,PNS,FL,ASO,ES,Towers with Radar,37,82,55,95,269,0,1,29,7,37,37,83,84,102,306,64,44,108,414
02/23/2005,PNS,FL,ASO,ES,Towers with Radar,37,79,44,20,180,0,1,0,0,1,37,80,44,20,181,0,0,0,181
02/24/2005,PNS,FL,ASO,ES,Towers with Radar,33,80,54,62,229,0,1,13,1,15,33,81,67,63,244,8,20,28,272
02/25/2005,PNS,FL,ASO,ES,Towers with Radar,36,80,59,68,243,0,7,50,15,72,36,87,109,83,315,104,16,120,435
02/26/2005,PNS,FL,ASO,ES,Towers with Radar,36,65,43,24,168,0,0,67,26,93,36,65,110,50,261,150,10,160,421
02/27/2005,PNS,FL,ASO,ES,Towers with Radar,30,67,39,23,159,0,0,0,0,0,30,67,39,23,159,0,0,0,159
02/28/2005,PNS,FL,ASO,ES,Towers with Radar,33,77,68,68,246,0,3,28,2,33,33,80,96,70,279,48,0,48,327
03/01/2005,PNS,FL,ASO,ES,Towers with Radar,36,77,57,117,287,0,6,65,9,80,36,83,122,126,367,76,16,92,459
03/02/2005,PNS,FL,ASO,ES,Towers with Radar,34,90,145,91,360,0,0,0,0,0,34,90,145,91,360,102,20,122,482
03/03/2005,PNS,FL,ASO,ES,Towers with Radar,33,83,50,34,200,0,3,1,0,4,33,86,51,34,204,2,4,6,210
03/04/2005,PNS,FL,ASO,ES,Towers with Radar,36,81,63,140,320,0,5,53,6,64,36,86,116,146,384,84,12,96,480
03/05/2005,PNS,FL,ASO,ES,Towers with Radar,31,73,30,10,144,0,4,71,8,83,31,77,101,18,227,96,24,120,347
03/06/2005,PNS,FL,ASO,ES,Towers with Radar,33,71,53,27,184,0,0,40,8,48,33,71,93,35,232,118,0,118,350
03/07/2005,PNS,FL,ASO,ES,Towers with Radar,34,77,47,80,238,0,1,40,2,43,34,78,87,82,281,12,0,12,293
03/08/2005,PNS,FL,ASO,ES,Towers with Radar,37,75,48,99,259,0,3,27,1,31,37,78,75,100,290,64,8,72,362
03/09/2005,PNS,FL,ASO,ES,Towers with Radar,31,76,44,125,276,0,3,67,4,74,31,79,111,129,350,96,10,106,456
03/10/2005,PNS,FL,ASO,ES,Towers with Radar,39,84,54,186,363,0,2,73,6,81,39,86,127,192,444,164,20,184,628
03/11/2005,PNS,FL,ASO,ES,Towers with Radar,37,85,55,84,261,0,2,30,6,38,37,87,85,90,299,32,22,54,353
03/12/2005,PNS,FL,ASO,ES,Towers with Radar,34,68,34,14,150,0,2,33,3,38,34,70,67,17,188,22,2,24,212
03/13/2005,PNS,FL,ASO,ES,Towers with Radar,33,63,40,16,152,0,1,44,12,57,33,64,84,28,209,28,6,34,243
03/14/2005,PNS,FL,ASO,ES,Towers with Radar,38,81,45,98,262,0,3,10,2,15,38,84,55,100,277,24,4,28,305
03/15/2005,PNS,FL,ASO,ES,Towers with Radar,39,81,38,100,258,0,3,27,4,34,39,84,65,104,292,44,0,44,336
03/16/2005,PNS,FL,ASO,ES,Towers with Radar,36,78,49,95,258,0,1,4,0,5,36,79,53,95,263,0,0,0,263
03/17/2005,PNS,FL,ASO,ES,Towers with Radar,37,81,74,31,223,0,0,8,1,9,37,81,82,32,232,12,0,12,244
03/18/2005,PNS,FL,ASO,ES,Towers with Radar,39,82,52,35,208,0,1,42,3,46,39,83,94,38,254,48,6,54,308
03/19/2005,PNS,FL,ASO,ES,Towers with Radar,35,68,42,16,161,0,2,65,8,75,35,70,107,24,236,112,0,112,348
03/20/2005,PNS,FL,ASO,ES,Towers with Radar,33,63,33,23,152,0,0,18,3,21,33,63,51,26,173,28,0,28,201
03/21/2005,PNS,FL,ASO,ES,Towers with Radar,33,85,55,114,287,0,7,36,3,46,33,92,91,117,333,40,8,48,381
03/22/2005,PNS,FL,ASO,ES,Towers with Radar,32,80,22,30,164,0,0,20,2,22,32,80,42,32,186,27,22,49,235
03/23/2005,PNS,FL,ASO,ES,Towers with Radar,38,82,57,133,310,0,6,87,4,97,38,88,144,137,407,74,36,110,517
03/24/2005,PNS,FL,ASO,ES,Towers with Radar,39,85,82,95,301,0,2,75,1,78,39,87,157,96,379,172,6,178,557
03/25/2005,PNS,FL,ASO,ES,Towers with Radar,33,72,52,19,176,0,4,47,0,51,33,76,99,19,227,94,10,104,331
03/26/2005,PNS,FL,ASO,ES,Towers with Radar,36,66,17,0,119,0,0,0,0,0,36,66,17,0,119,0,0,0,119
03/27/2005,PNS,FL,ASO,ES,Towers with Radar,29,68,18,0,115,0,0,7,0,7,29,68,25,0,122,4,0,4,126
03/28/2005,PNS,FL,ASO,ES,Towers with Radar,32,90,51,32,205,0,2,35,5,42,32,92,86,37,247,80,4,84,331
03/29/2005,PNS,FL,ASO,ES,Towers with Radar,39,83,72,63,257,0,4,73,6,83,39,87,145,69,340,173,38,211,551
03/30/2005,PNS,FL,ASO,ES,Towers with Radar,39,89,91,76,295,0,0,0,0,0,39,89,91,76,295,4,45,49,344
03/31/2005,PNS,FL,ASO,ES,Towers with Radar,36,87,34,1,158,0,0,0,0,0,36,87,34,1,158,0,0,0,158
04/01/2005,PNS,FL,ASO,ES,Towers with Radar,28,72,1,0,101,0,0,27,1,28,28,72,28,1,129,0,0,0,129
04/02/2005,PNS,FL,ASO,ES,Towers with Radar,33,68,24,2,127,0,2,40,0,42,33,70,64,2,169,26,0,26,195
04/03/2005,PNS,FL,ASO,ES,Towers with Radar,32,56,47,8,143,0,1,64,7,72,32,57,111,15,215,92,12,104,319
04/04/2005,PNS,FL,ASO,ES,Towers with Radar,35,86,72,89,282,0,3,59,0,62,35,89,131,89,344,196,0,196,540
04/05/2005,PNS,FL,ASO,ES,Towers with Radar,37,77,91,0,205,0,4,0,99,103,37,81,91,99,308,100,28,128,436
04/06/2005,PNS,FL,ASO,ES,Towers with Radar,28,68,29,20,145,0,0,3,0,3,28,68,32,20,148,0,0,0,148
04/07/2005,PNS,FL,ASO,ES,Towers with Radar,30,83,48,127,288,0,1,31,5,37,30,84,79,132,325,34,12,46,371
04/08/2005,PNS,FL,ASO,ES,Towers with Radar,39,82,50,98,269,0,2,42,12,56,39,84,92,110,325,130,0,130,455
04/09/2005,PNS,FL,ASO,ES,Towers with Radar,36,66,27,12,141,0,1,72,11,84,36,67,99,23,225,88,0,88,313
04/10/2005,PNS,FL,ASO,ES,Towers with Radar,32,64,44,57,197,0,3,31,8,42,32,67,75,65,239,42,0,42,281
04/11/2005,PNS,FL,ASO,ES,Towers with Radar,34,83,42,93,252,0,0,6,0,6,34,83,48,93,258,14,0,14,272
04/12/2005,PNS,FL,ASO,ES,Towers with Radar,33,84,48,100,265,0,3,25,0,28,33,87,73,100,293,60,0,60,353
04/13/2005,PNS,FL,ASO,ES,Towers with Radar,32,86,46,131,295,0,3,64,2,69,32,89,110,133,364,92,0,92,456
04/14/2005,PNS,FL,ASO,ES,Towers with Radar,35,89,77,88,289,0,4,64,0,68,35,93,141,88,357,100,10,110,467
04/15/2005,PNS,FL,ASO,ES,Towers with Radar,33,92,70,118,313,0,3,83,7,93,33,95,153,125,406,81,0,81,487
04/16/2005,PNS,FL,ASO,ES,Towers with Radar,32,75,32,19,158,0,0,44,7,51,32,75,76,26,209,88,0,88,297
04/17/2005,PNS,FL,ASO,ES,Towers with Radar,36,62,30,67,195,0,0,47,11,58,36,62,77,78,253,122,16,138,391
04/18/2005,PNS,FL,ASO,ES,Towers with Radar,33,85,51,123,292,0,3,58,0,61,33,88,109,123,353,114,18,132,485
04/19/2005,PNS,FL,ASO,ES,Towers with Radar,36,83,42,138,299,0,4,45,12,61,36,87,87,150,360,80,34,114,474
04/20/2005,PNS,FL,ASO,ES,Towers with Radar,32,91,91,141,355,0,0,0,0,0,32,91,91,141,355,98,15,113,468
04/21/2005,PNS,FL,ASO,ES,Towers with Radar,43,84,43,87,257,0,8,43,3,54,43,92,86,90,311,68,2,70,381
04/22/2005,PNS,FL,ASO,ES,Towers with Radar,31,82,50,80,243,0,3,20,10,33,31,85,70,90,276,20,8,28,304
04/23/2005,PNS,FL,ASO,ES,Towers with Radar,29,77,19,4,129,0,2,18,5,25,29,79,37,9,154,8,12,20,174
04/24/2005,PNS,FL,ASO,ES,Towers with Radar,34,62,31,41,168,0,0,66,10,76,34,62,97,51,244,80,10,90,334
04/25/2005,PNS,FL,ASO,ES,Towers with Radar,36,83,57,135,311,0,4,40,13,57,36,87,97,148,368,92,8,100,468
04/26/2005,PNS,FL,ASO,ES,Towers with Radar,37,85,46,69,237,0,4,5,3,12,37,89,51,72,249,0,6,6,255
04/27/2005,PNS,FL,ASO,ES,Towers with Radar,32,86,49,173,340,0,2,54,3,59,32,88,103,176,399,39,14,53,452
04/28/2005,PNS,FL,ASO,ES,Towers with Radar,37,78,43,110,268,0,10,69,6,85,37,88,112,116,353,86,4,90,443
04/29/2005,PNS,FL,ASO,ES,Towers with Radar,36,83,60,77,256,0,3,21,8,32,36,86,81,85,288,18,0,18,306
04/30/2005,PNS,FL,ASO,ES,Towers with Radar,20,76,11,17,124,0,0,0,0,0,20,76,11,17,124,0,0,0,124
05/01/2005,PNS,FL,ASO,ES,Towers with Radar,32,68,36,55,191,0,1,40,10,51,32,69,76,65,242,45,2,47,289
05/02/2005,PNS,FL,ASO,ES,Towers with Radar,33,84,38,68,223,0,5,56,1,62,33,89,94,69,285,106,4,110,395
05/03/2005,PNS,FL,ASO,ES,Towers with Radar,36,86,55,89,266,0,2,64,11,77,36,88,119,100,343,122,16,138,481
05/04/2005,PNS,FL,ASO,ES,Towers with Radar,37,96,101,118,352,0,0,0,0,0,37,96,101,118,352,136,14,150,502
05/05/2005,PNS,FL,ASO,ES,Towers with Radar,34,87,55,89,265,0,1,27,5,33,34,88,82,94,298,36,4,40,338
05/06/2005,PNS,FL,ASO,ES,Towers with Radar,37,78,52,104,271,0,5,55,12,72,37,83,107,116,343,100,10,110,453
05/07/2005,PNS,FL,ASO,ES,Towers with Radar,31,74,39,20,164,0,4,45,11,60,31,78,84,31,224,20,20,40,264
05/08/2005,PNS,FL,ASO,ES,Towers with Radar,38,71,42,12,163,0,0,54,5,59,38,71,96,17,222,44,0,44,266
05/09/2005,PNS,FL,ASO,ES,Towers with Radar,38,82,40,70,230,0,1,40,17,58,38,83,80,87,288,42,16,58,346
05/10/2005,PNS,FL,ASO,ES,Towers with Radar,38,105,90,103,336,0,5,32,1,38,38,110,122,104,374,82,12,94,468
05/11/2005,PNS,FL,ASO,ES,Towers with Radar,55,94,69,8,226,0,6,63,0,69,55,100,132,8,295,139,0,139,434
05/12/2005,PNS,FL,ASO,ES,Towers with Radar,36,96,89,126,347,0,0,52,0,52,36,96,141,126,399,68,14,82,481
05/13/2005,PNS,FL,ASO,ES,Towers with Radar,36,85,86,73,280,0,1,82,5,88,36,86,168,78,368,59,14,73,441
05/14/2005,PNS,FL,ASO,ES,Towers with Radar,38,76,39,29,182,0,4,43,7,54,38,80,82,36,236,70,10,80,316
05/15/2005,PNS,FL,ASO,ES,Towers with Radar,34,94,43,15,186,0,0,16,9,25,34,94,59,24,211,20,6,26,237
05/16/2005,PNS,FL,ASO,ES,Towers with Radar,34,92,28,116,270,0,2,42,6,50,34,94,70,122,320,26,4,30,350
05/17/2005,PNS,FL,ASO,ES,Towers with Radar,33,83,58,82,256,0,0,74,0,74,33,83,132,82,330,48,14,62,392
05/18/2005,PNS,FL,ASO,ES,Towers with Radar,33,85,57,161,336,0,3,65,8,76,33,88,122,169,412,68,6,74,486
05/19/2005,PNS,FL,ASO,ES,Towers with Radar,35,87,61,88,271,0,4,65,9,78,35,91,126,97,349,140,6,146,495
05/20/2005,PNS,FL,ASO,ES,Towers with Radar,37,86,49,88,260,0,7,61,5,73,37,93,110,93,333,68,8,76,409
05/21/2005,PNS,FL,ASO,ES,Towers with Radar,29,71,38,19,157,0,5,56,15,76,29,76,94,34,233,48,0,48,281
05/22/2005,PNS,FL,ASO,ES,Towers with Radar,34,64,35,53,186,0,2,38,17,57,34,66,73,70,243,56,6,62,305
05/23/2005,PNS,FL,ASO,ES,Towers with Radar,38,88,59,73,258,0,3,30,3,36,38,91,89,76,294,76,14,90,384
05/24/2005,PNS,FL,ASO,ES,Towers with Radar,33,90,71,107,301,0,4,48,2,54,33,94,119,109,355,82,12,94,449
05/25/2005,PNS,FL,ASO,ES,Towers with Radar,33,85,70,88,276,0,6,51,0,57,33,91,121,88,333,94,24,118,451
05/26/2005,PNS,FL,ASO,ES,Towers with Radar,35,94,69,46,244,0,2,56,10,68,35,96,125,56,312,78,14,92,404
05/27/2005,PNS,FL,ASO,ES,Towers with Radar,34,88,64,9,195,0,3,56,10,69,34,91,120,19,264,70,0,70,334
05/28/2005,PNS,FL,ASO,ES,Towers with Radar,29,71,34,18,152,0,0,58,11,69,29,71,92,29,221,56,12,68,289
05/29/2005,PNS,FL,ASO,ES,Towers with Radar,34,68,19,2,123,0,1,16,3,20,34,69,35,5,143,2,0,2,145
05/30/2005,PNS,FL,ASO,ES,Towers with Radar,33,67,27,22,149,0,0,25,5,30,33,67,52,27,179,42,0,42,221
05/31/2005,PNS,FL,ASO,ES,Towers with Radar,37,78,28,70,213,0,1,0,0,1,37,79,28,70,214,0,0,0,214
06/01/2005,PNS,FL,ASO,ES,Towers with Radar,31,90,55,121,297,0,4,17,0,21,31,94,72,121,318,6,0,6,324
06/02/2005,PNS,FL,ASO,ES,Towers with Radar,33,90,36,29,188,0,5,15,4,24,33,95,51,33,212,40,10,50,262
06/03/2005,PNS,FL,ASO,ES,Towers with Radar,32,88,76,106,302,0,5,42,13,60,32,93,118,119,362,140,18,158,520
06/04/2005,PNS,FL,ASO,ES,Towers with Radar,30,69,27,19,145,0,0,31,10,41,30,69,58,29,186,72,0,72,258
06/05/2005,PNS,FL,ASO,ES,Towers with Radar,30,63,36,44,173,0,2,27,12,41,30,65,63,56,214,18,6,24,238
06/06/2005,PNS,FL,ASO,ES,Towers with Radar,33,93,68,36,230,0,0,11,5,16,33,93,79,41,246,26,0,26,272
06/07/2005,PNS,FL,ASO,ES,Towers with Radar,33,85,42,177,337,0,0,47,6,53,33,85,89,183,390,128,0,128,518
06/08/2005,PNS,FL,ASO,ES,Towers with Radar,33,86,106,85,310,0,0,0,0,0,33,86,106,85,310,86,4,90,400
06/09/2005,PNS,FL,ASO,ES,Towers with Radar,36,88,59,125,308,0,5,53,5,63,36,93,112,130,371,70,14,84,455
06/10/2005,PNS,FL,ASO,ES,Towers with Radar,33,84,53,26,196,0,0,3,1,4,33,84,56,27,200,6,0,6,206
06/11/2005,PNS,FL,ASO,ES,Towers with Radar,6,16,2,0,24,0,0,0,0,0,6,16,2,0,24,0,0,0,24
06/12/2005,PNS,FL,ASO,ES,Towers with Radar,34,58,26,29,147,0,1,36,3,40,34,59,62,32,187,46,0,46,233
06/13/2005,PNS,FL,ASO,ES,Towers with Radar,32,89,64,56,241,0,0,55,9,64,32,89,119,65,305,82,12,94,399
06/14/2005,PNS,FL,ASO,ES,Towers with Radar,33,94,64,94,285,0,6,68,3,77,33,100,132,97,362,142,18,160,522
06/15/2005,PNS,FL,ASO,ES,Towers with Radar,37,92,57,79,265,0,4,52,4,60,37,96,109,83,325,105,0,105,430
06/16/2005,PNS,FL,ASO,ES,Towers with Radar,34,90,66,83,273,0,9,94,13,116,34,99,160,96,389,180,0,180,569
06/17/2005,PNS,FL,ASO,ES,Towers with Radar,44,86,49,57,236,0,2,41,14,57,44,88,90,71,293,68,0,68,361
06/18/2005,PNS,FL,ASO,ES,Towers with Radar,30,73,21,23,147,0,4,50,16,70,30,77,71,39,217,52,28,80,297
06/19/2005,PNS,FL,ASO,ES,Towers with Radar,34,62,53,24,173,0,1,44,21,66,34,63,97,45,239,14,5,19,258
06/20/2005,PNS,FL,ASO,ES,Towers with Radar,32,83,59,111,285,0,6,39,8,53,32,89,98,119,338,50,10,60,398
06/21/2005,PNS,FL,ASO,ES,Towers with Radar,34,90,57,85,266,0,4,73,6,83,34,94,130,91,349,191,8,199,548
06/22/2005,PNS,FL,ASO,ES,Towers with Radar,34,89,59,117,299,0,4,64,4,72,34,93,123,121,371,168,12,180,551
06/23/2005,PNS,FL,ASO,ES,Towers with Radar,32,91,47,119,289,0,1,65,7,73,32,92,112,126,362,142,32,174,536
06/24/2005,PNS,FL,ASO,ES,Towers with Radar,34,80,65,75,254,0,1,31,10,42,34,81,96,85,296,80,2,82,378
06/25/2005,PNS,FL,ASO,ES,Towers with Radar,28,72,78,8,186,0,0,91,18,109,28,72,169,26,295,42,0,42,337
06/26/2005,PNS,FL,ASO,ES,Towers with Radar,29,68,74,23,194,0,4,33,9,46,29,72,107,32,240,50,0,50,290
06/27/2005,PNS,FL,ASO,ES,Towers with Radar,33,87,73,36,229,0,6,56,2,64,33,93,129,38,293,170,4,174,467
06/28/2005,PNS,FL,ASO,ES,Towers with Radar,27,86,81,107,301,0,3,19,3,25,27,89,100,110,326,80,0,80,406
06/29/2005,PNS,FL,ASO,ES,Towers with Radar,29,94,55,85,263,0,2,4,2,8,29,96,59,87,271,42,14,56,327
06/30/2005,PNS,FL,ASO,ES,Towers with Radar,33,85,66,62,246,0,1,35,5,41,33,86,101,67,287,160,26,186,473
07/01/2005,PNS,FL,ASO,ES,Towers with Radar,30,82,72,23,207,0,2,55,4,61,30,84,127,27,268,58,0,58,326
07/02/2005,PNS,FL,ASO,ES,Towers with Radar,24,72,36,1,133,0,0,52,2,54,24,72,88,3,187,50,0,50,237
07/03/2005,PNS,FL,ASO,ES,Towers with Radar,31,62,27,12,132,0,3,49,7,59,31,65,76,19,191,44,0,44,235
07/04/2005,PNS,FL,ASO,ES,Towers with Radar,29,68,28,2,127,0,1,21,0,22,29,69,49,2,149,26,0,26,175
07/05/2005,PNS,FL,ASO,ES,Towers with Radar,31,76,63,70,240,0,0,35,5,40,31,76,98,75,280,146,0,146,426
07/06/2005,PNS,FL,ASO,ES,Towers with Radar,30,80,15,8,133,0,0,2,0,2,30,80,17,8,135,0,0,0,135
07/07/2005,PNS,FL,ASO,ES,Towers with Radar,32,87,119,100,338,0,0,0,0,0,32,87,119,100,338,170,2,172,510
07/08/2005,PNS,FL,ASO,ES,Towers with Radar,34,94,79,8,215,0,3,54,3,60,34,97,133,11,275,14,0,14,289
07/09/2005,PNS,FL,ASO,ES,Towers with Radar,29,52,26,0,107,0,2,12,0,14,29,54,38,0,121,0,0,0,121
07/10/2005,PNS,FL,ASO,ES,Towers with Radar,0,0,0,0,0,0,0,0,0,0,0,0,0,0,0,0,0,0,0
07/11/2005,PNS,FL,ASO,ES,Towers with Radar,0,2,19,2,23,0,1,49,7,57,0,3,68,9,80,0,0,0,80
07/12/2005,PNS,FL,ASO,ES,Towers with Radar,20,68,42,4,134,0,8,35,5,48,20,76,77,9,182,0,0,0,182
07/13/2005,PNS,FL,ASO,ES,Towers with Radar,33,89,28,6,156,0,11,41,12,64,33,100,69,18,220,4,0,4,224
07/14/2005,PNS,FL,ASO,ES,Towers with Radar,33,85,37,6,161,0,2,25,7,34,33,87,62,13,195,68,0,68,263
07/15/2005,PNS,FL,ASO,ES,Towers with Radar,28,86,36,16,166,0,0,26,6,32,28,86,62,22,198,78,4,82,280
07/16/2005,PNS,FL,ASO,ES,Towers with Radar,25,69,26,40,160,0,2,67,8,77,25,71,93,48,237,158,0,158,395
07/17/2005,PNS,FL,ASO,ES,Towers with Radar,29,67,30,22,148,0,5,31,14,50,29,72,61,36,198,96,0,96,294
07/18/2005,PNS,FL,ASO,ES,Towers with Radar,37,71,41,62,211,0,4,46,4,54,37,75,87,66,265,124,0,124,389
07/19/2005,PNS,FL,ASO,ES,Towers with Radar,29,93,36,121,279,0,2,64,7,73,29,95,100,128,352,176,2,178,530
07/20/2005,PNS,FL,ASO,ES,Towers with Radar,32,86,57,88,263,0,4,41,0,45,32,90,98,88,308,160,0,160,468
07/21/2005,PNS,FL,ASO,ES,Towers with Radar,33,88,42,95,258,0,3,38,2,43,33,91,80,97,301,62,0,62,363
07/22/2005,PNS,FL,ASO,ES,Towers with Radar,33,91,45,77,246,0,2,43,5,50,33,93,88,82,296,132,8,140,436
07/23/2005,PNS,FL,ASO,ES,Towers with Radar,26,70,19,13,128,0,2,65,7,74,26,72,84,20,202,122,8,130,332
07/24/2005,PNS,FL,ASO,ES,Towers with Radar,31,69,27,22,149,0,6,70,10,86,31,75,97,32,235,64,2,66,301
07/25/2005,PNS,FL,ASO,ES,Towers with Radar,29,85,54,84,252,0,6,33,4,43,29,91,87,88,295,197,0,197,492
07/26/2005,PNS,FL,ASO,ES,Towers with Radar,35,100,60,82,277,0,6,53,1,60,35,106,113,83,337,194,34,228,565
07/27/2005,PNS,FL,ASO,ES,Towers with Radar,30,82,55,103,270,0,5,47,12,64,30,87,102,115,334,160,18,178,512
07/28/2005,PNS,FL,ASO,ES,Towers with Radar,32,80,50,84,246,0,5,45,1,51,32,85,95,85,297,96,6,102,399
07/29/2005,PNS,FL,ASO,ES,Towers with Radar,30,93,42,51,216,0,1,40,11,52,30,94,82,62,268,124,0,124,392
07/30/2005,PNS,FL,ASO,ES,Towers with Radar,26,81,49,6,162,0,1,21,10,32,26,82,70,16,194,64,0,64,258
07/31/2005,PNS,FL,ASO,ES,Towers with Radar,30,67,37,38,172,0,0,24,11,35,30,67,61,49,207,54,0,54,261
08/01/2005,PNS,FL,ASO,ES,Towers with Radar,32,85,37,40,194,0,2,29,2,33,32,87,66,42,227,96,0,96,323
08/02/2005,PNS,FL,ASO,ES,Towers with Radar,27,97,71,35,230,0,0,7,0,7,27,97,78,35,237,28,4,32,269
08/03/2005,PNS,FL,ASO,ES,Towers with Radar,33,90,54,87,264,0,0,34,3,37,33,90,88,90,301,110,0,110,411
08/04/2005,PNS,FL,ASO,ES,Towers with Radar,28,88,49,57,222,0,0,36,16,52,28,88,85,73,274,110,20,130,404
08/05/2005,PNS,FL,ASO,ES,Towers with Radar,31,86,59,98,274,0,0,27,3,30,31,86,86,101,304,22,0,22,326
08/06/2005,PNS,FL,ASO,ES,Towers with Radar,26,82,36,46,190,0,0,19,12,31,26,82,55,58,221,150,4,154,375
08/07/2005,PNS,FL,ASO,ES,Towers with Radar,25,66,66,90,247,0,0,0,0,0,25,66,66,90,247,110,0,110,357
08/08/2005,PNS,FL,ASO,ES,Towers with Radar,29,84,59,45,217,0,1,52,4,57,29,85,111,49,274,208,0,208,482
08/09/2005,PNS,FL,ASO,ES,Towers with Radar,28,89,42,59,218,0,3,66,5,74,28,92,108,64,292,66,0,66,358
08/10/2005,PNS,FL,ASO,ES,Towers with Radar,34,89,45,116,284,0,1,50,0,51,34,90,95,116,335,120,0,120,455
08/11/2005,PNS,FL,ASO,ES,Towers with Radar,29,92,71,116,308,0,4,65,5,74,29,96,136,121,382,180,0,180,562
08/12/2005,PNS,FL,ASO,ES,Towers with Radar,30,92,47,76,245,0,2,41,16,59,30,94,88,92,304,102,2,104,408
08/13/2005,PNS,FL,ASO,ES,Towers with Radar,27,78,27,24,156,0,2,54,22,78,27,80,81,46,234,102,0,102,336
08/14/2005,PNS,FL,ASO,ES,Towers with Radar,28,71,23,35,157,0,0,40,31,71,28,71,63,66,228,110,0,110,338
08/15/2005,PNS,FL,ASO,ES,Towers with Radar,30,76,38,50,194,0,1,30,5,36,30,77,68,55,230,64,10,74,304
08/16/2005,PNS,FL,ASO,ES,Towers with Radar,28,87,43,56,214,0,0,53,8,61,28,87,96,64,275,182,2,184,459
08/17/2005,PNS,FL,ASO,ES,Towers with Radar,30,95,50,98,273,0,2,79,3,84,30,97,129,101,357,118,6,124,481
08/18/2005,PNS,FL,ASO,ES,Towers with Radar,29,93,56,154,332,0,2,64,0,66,29,95,120,154,398,218,0,218,616
08/19/2005,PNS,FL,ASO,ES,Towers with Radar,32,84,35,71,222,0,3,88,20,111,32,87,123,91,333,174,14,188,521
08/20/2005,PNS,FL,ASO,ES,Towers with Radar,21,89,46,19,175,0,5,43,20,68,21,94,89,39,243,36,18,54,297
08/21/2005,PNS,FL,ASO,ES,Towers with Radar,23,71,31,50,175,0,0,27,26,53,23,71,58,76,228,22,8,30,258
08/22/2005,PNS,FL,ASO,ES,Towers with Radar,26,89,40,86,241,0,1,32,4,37,26,90,72,90,278,72,12,84,362
08/23/2005,PNS,FL,ASO,ES,Towers with Radar,31,81,54,131,297,0,6,38,2,46,31,87,92,133,343,188,0,188,531
08/24/2005,PNS,FL,ASO,ES,Towers with Radar,28,86,62,110,286,0,1,47,0,48,28,87,109,110,334,192,6,198,532
08/25/2005,PNS,FL,ASO,ES,Towers with Radar,24,93,46,90,253,0,3,58,12,73,24,96,104,102,326,226,12,238,564
08/26/2005,PNS,FL,ASO,ES,Towers with Radar,28,87,46,47,208,0,2,57,19,78,28,89,103,66,286,114,24,138,424
08/27/2005,PNS,FL,ASO,ES,Towers with Radar,25,78,27,3,133,0,0,30,12,42,25,78,57,15,175,64,0,64,239
08/28/2005,PNS,FL,ASO,ES,Towers with Radar,25,62,18,3,108,0,0,3,0,3,25,62,21,3,111,2,0,2,113
08/29/2005,PNS,FL,ASO,ES,Towers with Radar,0,0,0,0,0,0,0,0,0,0,0,0,0,0,0,0,0,0,0
08/30/2005,PNS,FL,ASO,ES,Towers with Radar,12,48,42,12,114,0,1,53,14,68,12,49,95,26,182,30,10,40,222
08/31/2005,PNS,FL,ASO,ES,Towers with Radar,32,95,94,50,271,0,11,106,13,130,32,106,200,63,401,138,2,140,541
09/01/2005,PNS,FL,ASO,ES,Towers with Radar,29,100,73,51,253,0,6,109,14,129,29,106,182,65,382,194,6,200,582
09/02/2005,PNS,FL,ASO,ES,Towers with Radar,21,93,62,9,185,0,12,107,5,124,21,105,169,14,309,108,0,108,417
09/03/2005,PNS,FL,ASO,ES,Towers with Radar,22,72,32,2,128,0,3,87,8,98,22,75,119,10,226,140,0,140,366
09/04/2005,PNS,FL,ASO,ES,Towers with Radar,24,65,37,5,131,0,0,39,7,46,24,65,76,12,177,50,4,54,231
09/05/2005,PNS,FL,ASO,ES,Towers with Radar,23,73,36,23,155,0,1,54,9,64,23,74,90,32,219,66,0,66,285
09/06/2005,PNS,FL,ASO,ES,Towers with Radar,24,94,51,85,254,0,7,69,12,88,24,101,120,97,342,126,22,148,490
09/07/2005,PNS,FL,ASO,ES,Towers with Radar,29,95,60,87,271,0,8,79,0,87,29,103,139,87,358,153,18,171,529
09/08/2005,PNS,FL,ASO,ES,Towers with Radar,22,98,50,99,269,0,4,73,2,79,22,102,123,101,348,216,18,234,582
09/09/2005,PNS,FL,ASO,ES,Towers with Radar,22,106,53,85,266,0,4,88,6,98,22,110,141,91,364,254,2,256,620
09/10/2005,PNS,FL,ASO,ES,Towers with Radar,19,62,35,49,165,0,3,59,14,76,19,65,94,63,241,148,6,154,395
09/11/2005,PNS,FL,ASO,ES,Towers with Radar,26,72,35,64,197,0,3,54,18,75,26,75,89,82,272,108,0,108,380
09/12/2005,PNS,FL,ASO,ES,Towers with Radar,23,92,51,90,256,0,1,52,7,60,23,93,103,97,316,258,22,280,596
09/13/2005,PNS,FL,ASO,ES,Towers with Radar,27,91,39,108,265,0,1,84,3,88,27,92,123,111,353,274,18,292,645
09/14/2005,PNS,FL,ASO,ES,Towers with Radar,25,102,61,86,274,0,3,76,2,81,25,105,137,88,355,212,42,254,609
09/15/2005,PNS,FL,ASO,ES,Towers with Radar,24,86,57,99,266,0,2,89,4,95,24,88,146,103,361,176,0,176,537
09/16/2005,PNS,FL,ASO,ES,Towers with Radar,23,87,52,73,235,0,3,64,8,75,23,90,116,81,310,124,0,124,434
09/17/2005,PNS,FL,ASO,ES,Towers with Radar,19,66,34,22,141,0,2,36,13,51,19,68,70,35,192,152,0,152,344
09/18/2005,PNS,FL,ASO,ES,Towers with Radar,25,76,18,32,151,0,1,29,13,43,25,77,47,45,194,70,0,70,264
09/19/2005,PNS,FL,ASO,ES,Towers with Radar,24,91,44,68,227,0,3,40,2,45,24,94,84,70,272,230,34,264,536
09/20/2005,PNS,FL,ASO,ES,Towers with Radar,24,90,50,136,300,0,5,69,4,78,24,95,119,140,378,186,100,286,664
09/21/2005,PNS,FL,ASO,ES,Towers with Radar,23,91,54,87,255,0,8,55,7,70,23,99,109,94,325,192,26,218,543
09/22/2005,PNS,FL,ASO,ES,Towers with Radar,26,81,60,74,241,0,3,13,3,19,26,84,73,77,260,0,0,0,260
09/23/2005,PNS,FL,ASO,ES,Towers with Radar,21,80,32,30,163,0,7,6,2,15,21,87,38,32,178,0,0,0,178
09/24/2005,PNS,FL,ASO,ES,Towers with Radar,21,55,11,9,96,0,3,7,3,13,21,58,18,12,109,0,0,0,109
09/25/2005,PNS,FL,ASO,ES,Towers with Radar,24,62,36,6,128,0,4,12,11,27,24,66,48,17,155,6,0,6,161
09/26/2005,PNS,FL,ASO,ES,Towers with Radar,26,83,32,80,221,0,0,8,2,10,26,83,40,82,231,34,0,34,265
09/27/2005,PNS,FL,ASO,ES,Towers with Radar,24,94,45,66,229,0,0,54,16,70,24,94,99,82,299,260,36,296,595
09/28/2005,PNS,FL,ASO,ES,Towers with Radar,24,92,55,58,229,0,4,38,1,43,24,96,93,59,272,140,32,172,444
09/29/2005,PNS,FL,ASO,ES,Towers with Radar,24,90,57,51,222,0,3,68,13,84,24,93,125,64,306,246,30,276,582
09/30/2005,PNS,FL,ASO,ES,Towers with Radar,24,87,53,24,188,0,1,68,0,69,24,88,121,24,257,200,0,200,457
10/01/2005,PNS,FL,ASO,ES,Towers with Radar,23,63,31,15,132,0,1,34,3,38,23,64,65,18,170,62,0,62,232
10/02/2005,PNS,FL,ASO,ES,Towers with Radar,22,64,60,1,147,0,0,0,0,0,22,64,60,1,147,40,0,40,187
10/03/2005,PNS,FL,ASO,ES,Towers with Radar,23,91,32,84,230,0,4,39,4,47,23,95,71,88,277,68,16,84,361
10/04/2005,PNS,FL,ASO,ES,Towers with Radar,27,81,67,78,253,0,2,73,0,75,27,83,140,78,328,222,20,242,570
10/05/2005,PNS,FL,ASO,ES,Towers with Radar,24,88,60,79,251,0,10,48,3,61,24,98,108,82,312,126,10,136,448
10/06/2005,PNS,FL,ASO,ES,Towers with Radar,25,94,46,63,228,0,0,3,2,5,25,94,49,65,233,12,0,12,245
10/07/2005,PNS,FL,ASO,ES,Towers with Radar,24,90,56,29,199,0,4,1,0,5,24,94,57,29,204,20,0,20,224
10/08/2005,PNS,FL,ASO,ES,Towers with Radar,24,62,33,5,124,0,2,80,5,87,24,64,113,10,211,82,0,82,293
10/09/2005,PNS,FL,ASO,ES,Towers with Radar,26,65,48,11,150,0,0,47,9,56,26,65,95,20,206,52,32,84,290
10/10/2005,PNS,FL,ASO,ES,Towers with Radar,26,79,51,13,169,0,0,54,23,77,26,79,105,36,246,152,10,162,408
10/11/2005,PNS,FL,ASO,ES,Towers with Radar,24,89,58,63,234,0,1,54,10,65,24,90,112,73,299,224,10,234,533
10/12/2005,PNS,FL,ASO,ES,Towers with Radar,22,96,51,66,235,0,1,44,1,46,22,97,95,67,281,146,72,218,499
10/13/2005,PNS,FL,ASO,ES,Towers with Radar,25,86,47,118,276,0,3,54,2,59,25,89,101,120,335,268,10,278,613
10/14/2005,PNS,FL,ASO,ES,Towers with Radar,24,89,31,73,217,0,1,73,23,97,24,90,104,96,314,198,0,198,512
10/15/2005,PNS,FL,ASO,ES,Towers with Radar,21,62,36,17,136,0,3,71,8,82,21,65,107,25,218,198,4,202,420
10/16/2005,PNS,FL,ASO,ES,Towers with Radar,21,68,28,33,150,0,4,33,8,45,21,72,61,41,195,86,6,92,287
10/17/2005,PNS,FL,ASO,ES,Towers with Radar,26,86,23,53,188,0,2,73,2,77,26,88,96,55,265,246,22,268,533
10/18/2005,PNS,FL,ASO,ES,Towers with Radar,23,92,28,86,229,0,1,54,3,58,23,93,82,89,287,248,34,282,569
10/19/2005,PNS,FL,ASO,ES,Towers with Radar,22,92,57,87,258,0,3,57,2,62,22,95,114,89,320,158,46,204,524
10/20/2005,PNS,FL,ASO,ES,Towers with Radar,22,86,49,81,238,0,4,96,2,102,22,90,145,83,340,190,40,230,570
10/21/2005,PNS,FL,ASO,ES,Towers with Radar,25,90,35,71,221,0,10,68,5,83,25,100,103,76,304,152,6,158,462
10/22/2005,PNS,FL,ASO,ES,Towers with Radar,21,61,26,5,113,0,4,59,12,75,21,65,85,17,188,70,8,78,266
10/23/2005,PNS,FL,ASO,ES,Towers with Radar,22,66,27,9,124,0,3,54,24,81,22,69,81,33,205,52,30,82,287
10/24/2005,PNS,FL,ASO,ES,Towers with Radar,23,71,32,43,169,0,4,15,4,23,23,75,47,47,192,24,2,26,218
10/25/2005,PNS,FL,ASO,ES,Towers with Radar,22,81,34,34,171,0,5,43,0,48,22,86,77,34,219,72,0,72,291
10/26/2005,PNS,FL,ASO,ES,Towers with Radar,22,88,50,41,201,0,9,74,2,85,22,97,124,43,286,178,58,236,522
10/27/2005,PNS,FL,ASO,ES,Towers with Radar,24,84,53,22,183,0,2,58,4,64,24,86,111,26,247,66,30,96,343
10/28/2005,PNS,FL,ASO,ES,Towers with Radar,23,94,50,111,278,0,2,51,11,64,23,96,101,122,342,56,0,56,398
10/29/2005,PNS,FL,ASO,ES,Towers with Radar,27,55,15,2,99,0,0,46,5,51,27,55,61,7,150,54,10,64,214
10/30/2005,PNS,FL,ASO,ES,Towers with Radar,22,68,21,64,175,0,0,53,13,66,22,68,74,77,241,66,22,88,329
10/31/2005,PNS,FL,ASO,ES,Towers with Radar,26,85,43,88,242,0,0,0,0,0,26,85,43,88,242,160,0,160,402
11/01/2005,PNS,FL,ASO,ES,Towers with Radar,21,83,31,57,192,0,2,9,0,11,21,85,40,57,203,16,0,16,219
11/02/2005,PNS,FL,ASO,ES,Towers with Radar,21,91,50,62,224,0,2,58,4,64,21,93,108,66,288,236,18,254,542
11/03/2005,PNS,FL,ASO,ES,Towers with Radar,24,84,40,68,216,0,5,82,11,98,24,89,122,79,314,174,22,196,510
11/04/2005,PNS,FL,ASO,ES,Towers with Radar,23,82,47,40,192,0,2,50,18,70,23,84,97,58,262,124,14,138,400
11/05/2005,PNS,FL,ASO,ES,Towers with Radar,18,61,25,49,153,0,2,36,17,55,18,63,61,66,208,64,26,90,298
11/06/2005,PNS,FL,ASO,ES,Towers with Radar,20,60,43,40,163,0,0,28,13,41,20,60,71,53,204,44,0,44,248
11/07/2005,PNS,FL,ASO,ES,Towers with Radar,20,89,52,63,224,0,2,51,9,62,20,91,103,72,286,146,0,146,432
11/08/2005,PNS,FL,ASO,ES,Towers with Radar,20,86,39,64,209,0,6,68,15,89,20,92,107,79,298,156,12,168,466
11/09/2005,PNS,FL,ASO,ES,Towers with Radar,23,85,59,99,266,0,8,66,13,87,23,93,125,112,353,84,28,112,465
11/10/2005,PNS,FL,ASO,ES,Towers with Radar,23,83,56,97,259,0,8,49,28,85,23,91,105,125,344,142,36,178,522
11/11/2005,PNS,FL,ASO,ES,Towers with Radar,21,89,43,42,195,0,1,60,12,73,21,90,103,54,268,204,10,214,482
11/12/2005,PNS,FL,ASO,ES,Towers with Radar,20,68,44,28,160,0,9,30,6,45,20,77,74,34,205,66,0,66,271
11/13/2005,PNS,FL,ASO,ES,Towers with Radar,21,68,64,38,191,0,1,31,9,41,21,69,95,47,232,110,0,110,342
11/14/2005,PNS,FL,ASO,ES,Towers with Radar,27,83,33,114,257,0,1,35,2,38,27,84,68,116,295,65,24,89,384
11/15/2005,PNS,FL,ASO,ES,Towers with Radar,21,75,44,86,226,0,1,38,4,43,21,76,82,90,269,150,24,174,443
11/16/2005,PNS,FL,ASO,ES,Towers with Radar,23,78,35,81,217,0,4,42,3,49,23,82,77,84,266,50,0,50,316
11/17/2005,PNS,FL,ASO,ES,Towers with Radar,26,91,47,39,203,0,2,65,3,70,26,93,112,42,273,162,10,172,445
11/18/2005,PNS,FL,ASO,ES,Towers with Radar,22,99,32,26,179,0,7,61,4,72,22,106,93,30,251,140,0,140,391
11/19/2005,PNS,FL,ASO,ES,Towers with Radar,18,62,24,23,127,0,1,58,14,73,18,63,82,37,200,104,4,108,308
11/20/2005,PNS,FL,ASO,ES,Towers with Radar,21,70,37,37,165,0,0,26,15,41,21,70,63,52,206,60,0,60,266
11/21/2005,PNS,FL,ASO,ES,Towers with Radar,19,87,46,37,189,0,2,5,1,8,19,89,51,38,197,14,0,14,211
11/22/2005,PNS,FL,ASO,ES,Towers with Radar,23,90,60,74,247,0,3,62,2,67,23,93,122,76,314,66,12,78,392
11/23/2005,PNS,FL,ASO,ES,Towers with Radar,24,90,43,54,211,0,3,57,2,62,24,93,100,56,273,52,0,52,325
11/24/2005,PNS,FL,ASO,ES,Towers with Radar,20,57,9,0,86,0,0,32,0,32,20,57,41,0,118,22,0,22,140
11/25/2005,PNS,FL,ASO,ES,Towers with Radar,23,72,23,2,120,0,16,45,0,61,23,88,68,2,181,50,0,50,231
11/26/2005,PNS,FL,ASO,ES,Towers with Radar,20,67,33,2,122,0,2,42,1,45,20,69,75,3,167,64,0,64,231
11/27/2005,PNS,FL,ASO,ES,Towers with Radar,20,76,61,0,157,0,2,6,0,8,20,78,67,0,165,6,0,6,171
11/28/2005,PNS,FL,ASO,ES,Towers with Radar,19,90,27,4,140,0,0,10,0,10,19,90,37,4,150,16,0,16,166
11/29/2005,PNS,FL,ASO,ES,Towers with Radar,20,91,54,71,236,0,0,65,3,68,20,91,119,74,304,134,38,172,476
11/30/2005,PNS,FL,ASO,ES,Towers with Radar,23,89,59,97,268,0,1,73,1,75,23,90,132,98,343,112,33,145,488
12/01/2005,PNS,FL,ASO,ES,Towers with Radar,25,83,39,59,206,0,1,68,0,69,25,84,107,59,275,132,0,132,407
12/02/2005,PNS,FL,ASO,ES,Towers with Radar,23,76,46,67,212,0,1,69,5,75,23,77,115,72,287,64,8,72,359
12/03/2005,PNS,FL,ASO,ES,Towers with Radar,21,50,31,20,122,0,0,16,6,22,21,50,47,26,144,70,10,80,224
12/04/2005,PNS,FL,ASO,ES,Towers with Radar,21,69,40,31,161,0,0,14,6,20,21,69,54,37,181,0,28,28,209
12/05/2005,PNS,FL,ASO,ES,Towers with Radar,20,96,51,28,195,0,0,2,0,2,20,96,53,28,197,0,0,0,197
12/06/2005,PNS,FL,ASO,ES,Towers with Radar,22,70,50,54,196,0,4,86,10,100,22,74,136,64,296,114,0,114,410
12/07/2005,PNS,FL,ASO,ES,Towers with Radar,19,83,49,67,218,0,7,57,4,68,19,90,106,71,286,74,6,80,366
12/08/2005,PNS,FL,ASO,ES,Towers with Radar,21,84,51,104,260,0,3,4,2,9,21,87,55,106,269,0,0,0,269
12/09/2005,PNS,FL,ASO,ES,Towers with Radar,22,74,59,27,182,0,2,54,12,68,22,76,113,39,250,82,0,82,332
12/10/2005,PNS,FL,ASO,ES,Towers with Radar,21,50,25,15,111,0,5,61,16,82,21,55,86,31,193,70,30,100,293
12/11/2005,PNS,FL,ASO,ES,Towers with Radar,23,64,34,40,161,0,5,51,15,71,23,69,85,55,232,104,38,142,374
12/12/2005,PNS,FL,ASO,ES,Towers with Radar,21,82,37,60,200,0,3,59,2,64,21,85,96,62,264,122,2,124,388
12/13/2005,PNS,FL,ASO,ES,Towers with Radar,19,82,40,61,202,0,9,42,2,53,19,91,82,63,255,96,72,168,423
12/14/2005,PNS,FL,ASO,ES,Towers with Radar,19,85,54,58,216,0,10,22,2,34,19,95,76,60,250,46,16,62,312
12/15/2005,PNS,FL,ASO,ES,Towers with Radar,27,84,39,48,198,0,2,8,6,16,27,86,47,54,214,26,30,56,270
12/16/2005,PNS,FL,ASO,ES,Towers with Radar,25,85,42,31,183,0,6,59,18,83,25,91,101,49,266,90,0,90,356
12/17/2005,PNS,FL,ASO,ES,Towers with Radar,23,57,18,15,113,0,0,11,12,23,23,57,29,27,136,8,20,28,164
12/18/2005,PNS,FL,ASO,ES,Towers with Radar,23,63,29,40,155,0,0,13,12,25,23,63,42,52,180,12,14,26,206
12/19/2005,PNS,FL,ASO,ES,Towers with Radar,22,78,33,49,182,0,3,46,15,64,22,81,79,64,246,52,87,139,385
12/20/2005,PNS,FL,ASO,ES,Towers with Radar,23,79,44,35,181,0,4,40,6,50,23,83,84,41,231,86,42,128,359
12/21/2005,PNS,FL,ASO,ES,Towers with Radar,29,80,41,54,204,0,3,37,6,46,29,83,78,60,250,56,18,74,324
12/22/2005,PNS,FL,ASO,ES,Towers with Radar,30,82,31,20,163,0,2,39,1,42,30,84,70,21,205,26,0,26,231
12/23/2005,PNS,FL,ASO,ES,Towers with Radar,28,80,21,15,144,0,5,34,0,39,28,85,55,15,183,46,2,48,231
12/24/2005,PNS,FL,ASO,ES,Towers with Radar,25,54,7,0,86,0,4,4,0,8,25,58,11,0,94,0,0,0,94
12/25/2005,PNS,FL,ASO,ES,Towers with Radar,22,55,10,0,87,0,1,4,0,5,22,56,14,0,92,0,0,0,92
12/26/2005,PNS,FL,ASO,ES,Towers with Radar,30,60,33,0,123,0,2,15,0,17,30,62,48,0,140,16,0,16,156
12/27/2005,PNS,FL,ASO,ES,Towers with Radar,26,90,44,30,190,0,6,30,2,38,26,96,74,32,228,10,16,26,254
12/28/2005,PNS,FL,ASO,ES,Towers with Radar,21,62,38,20,141,0,8,3,0,11,21,70,41,20,152,6,60,66,218
12/29/2005,PNS,FL,ASO,ES,Towers with Radar,28,73,34,24,159,0,4,31,8,43,28,77,65,32,202,76,16,92,294
12/30/2005,PNS,FL,ASO,ES,Towers with Radar,26,81,40,6,153,0,9,45,4,58,26,90,85,10,211,16,0,16,227
12/31/2005,PNS,FL,ASO,ES,Towers with Radar,22,58,35,1,116,0,0,8,0,8,22,58,43,1,124,6,0,6,130
01/01/2006,PNS,FL,ASO,ES,Towers with Radar,21,50,25,0,96,0,0,0,0,0,21,50,25,0,96,0,0,0,96
01/02/2006,PNS,FL,ASO,ES,Towers with Radar,20,71,23,0,114,0,0,4,1,5,20,71,27,1,119,0,0,0,119
01/03/2006,PNS,FL,ASO,ES,Towers with Radar,24,84,27,2,137,0,3,28,5,36,24,87,55,7,173,34,0,34,207
01/04/2006,PNS,FL,ASO,ES,Towers with Radar,20,88,44,84,236,0,1,47,2,50,20,89,91,86,286,58,26,84,370
01/05/2006,PNS,FL,ASO,ES,Towers with Radar,23,85,34,59,201,0,2,43,2,47,23,87,77,61,248,90,24,114,362
01/06/2006,PNS,FL,ASO,ES,Towers with Radar,22,90,46,49,207,0,1,23,3,27,22,91,69,52,234,40,0,40,274
01/07/2006,PNS,FL,ASO,ES,Towers with Radar,22,52,44,8,126,0,0,58,4,62,22,52,102,12,188,48,0,48,236
01/08/2006,PNS,FL,ASO,ES,Towers with Radar,23,63,34,50,170,0,10,49,3,62,23,73,83,53,232,26,10,36,268
01/09/2006,PNS,FL,ASO,ES,Towers with Radar,21,79,32,54,186,0,2,32,4,38,21,81,64,58,224,104,46,150,374
01/10/2006,PNS,FL,ASO,ES,Towers with Radar,23,77,60,126,286,0,1,30,0,31,23,78,90,126,317,53,12,65,382
01/11/2006,PNS,FL,ASO,ES,Towers with Radar,22,87,65,75,249,0,5,16,3,24,22,92,81,78,273,88,17,105,378
01/12/2006,PNS,FL,ASO,ES,Towers with Radar,26,80,64,66,236,0,2,48,6,56,26,82,112,72,292,128,6,134,426
01/13/2006,PNS,FL,ASO,ES,Towers with Radar,24,84,33,27,168,0,1,13,8,22,24,85,46,35,190,6,0,6,196
01/14/2006,PNS,FL,ASO,ES,Towers with Radar,22,50,36,31,139,0,4,34,7,45,22,54,70,38,184,24,0,24,208
01/15/2006,PNS,FL,ASO,ES,Towers with Radar,24,59,30,10,123,0,2,66,6,74,24,61,96,16,197,106,0,106,303
01/16/2006,PNS,FL,ASO,ES,Towers with Radar,23,70,64,55,212,0,1,47,3,51,23,71,111,58,263,82,28,110,373
01/17/2006,PNS,FL,ASO,ES,Towers with Radar,20,79,21,12,132,0,1,1,0,2,20,80,22,12,134,0,0,0,134
01/18/2006,PNS,FL,ASO,ES,Towers with Radar,25,86,69,81,261,0,0,58,17,75,25,86,127,98,336,110,32,142,478
01/19/2006,PNS,FL,ASO,ES,Towers with Radar,26,88,50,71,235,0,7,69,3,79,26,95,119,74,314,120,28,148,462
01/20/2006,PNS,FL,ASO,ES,Towers with Radar,24,79,65,128,296,0,3,21,0,24,24,82,86,128,320,18,0,18,338
01/21/2006,PNS,FL,ASO,ES,Towers with Radar,21,41,20,1,83,0,0,0,0,0,21,41,20,1,83,0,0,0,83
01/22/2006,PNS,FL,ASO,ES,Towers with Radar,22,66,51,54,193,0,0,7,9,16,22,66,58,63,209,18,22,40,249
01/23/2006,PNS,FL,ASO,ES,Towers with Radar,21,89,38,69,217,0,0,6,1,7,21,89,44,70,224,0,0,0,224
01/24/2006,PNS,FL,ASO,ES,Towers with Radar,20,83,50,51,204,0,0,31,3,34,20,83,81,54,238,46,24,70,308
01/25/2006,PNS,FL,ASO,ES,Towers with Radar,23,86,50,36,195,0,0,52,3,55,23,86,102,39,250,56,36,92,342
01/26/2006,PNS,FL,ASO,ES,Towers with Radar,29,80,57,52,218,0,7,59,10,76,29,87,116,62,294,38,2,40,334
01/27/2006,PNS,FL,ASO,ES,Towers with Radar,25,79,58,74,236,0,5,62,3,70,25,84,120,77,306,40,2,42,348
01/28/2006,PNS,FL,ASO,ES,Towers with Radar,22,46,31,13,112,0,7,14,1,22,22,53,45,14,134,0,10,10,144
01/29/2006,PNS,FL,ASO,ES,Towers with Radar,23,66,31,31,151,0,2,2,0,4,23,68,33,31,155,0,0,0,155
01/30/2006,PNS,FL,ASO,ES,Towers with Radar,26,91,44,52,213,0,0,32,3,35,26,91,76,55,248,28,16,44,292
01/31/2006,PNS,FL,ASO,ES,Towers with Radar,23,77,48,34,182,0,2,70,0,72,23,79,118,34,254,94,0,94,348
02/01/2006,PNS,FL,ASO,ES,Towers with Radar,22,80,80,83,265,0,4,60,6,70,22,84,140,89,335,88,2,90,425
02/02/2006,PNS,FL,ASO,ES,Towers with Radar,25,69,19,25,138,0,2,8,4,14,25,71,27,29,152,8,20,28,180
02/03/2006,PNS,FL,ASO,ES,Towers with Radar,21,51,51,49,172,0,0,0,0,0,21,51,51,49,172,0,0,0,172
02/04/2006,PNS,FL,ASO,ES,Towers with Radar,24,51,22,12,109,0,2,47,10,59,24,53,69,22,168,24,14,38,206
02/05/2006,PNS,FL,ASO,ES,Towers with Radar,21,61,33,23,138,0,0,66,6,72,21,61,99,29,210,64,0,64,274
02/06/2006,PNS,FL,ASO,ES,Towers with Radar,21,84,59,96,260,0,2,27,13,42,21,86,86,109,302,48,24,72,374
02/07/2006,PNS,FL,ASO,ES,Towers with Radar,25,78,38,63,204,0,1,55,1,57,25,79,93,64,261,44,0,44,305
02/08/2006,PNS,FL,ASO,ES,Towers with Radar,21,85,50,83,239,0,3,62,0,65,21,88,112,83,304,170,12,182,486
02/09/2006,PNS,FL,ASO,ES,Towers with Radar,23,88,47,42,200,0,4,48,2,54,23,92,95,44,254,142,2,144,398
02/10/2006,PNS,FL,ASO,ES,Towers with Radar,27,77,58,76,238,0,1,53,15,69,27,78,111,91,307,100,2,102,409
02/11/2006,PNS,FL,ASO,ES,Towers with Radar,21,46,5,3,75,0,8,16,10,34,21,54,21,13,109,4,10,14,123
02/12/2006,PNS,FL,ASO,ES,Towers with Radar,27,60,36,17,140,0,2,39,19,60,27,62,75,36,200,40,22,62,262
02/13/2006,PNS,FL,ASO,ES,Towers with Radar,25,85,45,47,202,0,0,52,1,53,25,85,97,48,255,136,14,150,405
02/14/2006,PNS,FL,ASO,ES,Towers with Radar,25,77,55,80,237,0,1,37,2,40,25,78,92,82,277,80,0,80,357
02/15/2006,PNS,FL,ASO,ES,Towers with Radar,27,82,44,100,253,0,1,37,6,44,27,83,81,106,297,186,20,206,503
02/16/2006,PNS,FL,ASO,ES,Towers with Radar,28,82,59,89,258,0,3,63,7,73,28,85,122,96,331,164,10,174,505
02/17/2006,PNS,FL,ASO,ES,Towers with Radar,28,85,75,70,258,0,0,43,13,56,28,85,118,83,314,72,6,78,392
02/18/2006,PNS,FL,ASO,ES,Towers with Radar,27,43,33,26,129,0,0,2,0,2,27,43,35,26,131,0,0,0,131
02/19/2006,PNS,FL,ASO,ES,Towers with Radar,27,59,38,19,143,0,1,14,9,24,27,60,52,28,167,54,34,88,255
02/20/2006,PNS,FL,ASO,ES,Towers with Radar,27,61,48,44,180,0,0,0,0,0,27,61,48,44,180,0,0,0,180
02/21/2006,PNS,FL,ASO,ES,Towers with Radar,25,83,27,45,180,0,0,2,0,2,25,83,29,45,182,0,0,0,182
02/22/2006,PNS,FL,ASO,ES,Towers with Radar,25,83,60,35,203,0,0,4,0,4,25,83,64,35,207,0,0,0,207
02/23/2006,PNS,FL,ASO,ES,Towers with Radar,28,79,57,47,211,0,2,13,7,22,28,81,70,54,233,110,46,156,389
02/24/2006,PNS,FL,ASO,ES,Towers with Radar,32,78,78,35,223,0,1,72,9,82,32,79,150,44,305,114,64,178,483
02/25/2006,PNS,FL,ASO,ES,Towers with Radar,25,53,33,4,115,0,0,0,0,0,25,53,33,4,115,0,0,0,115
02/26/2006,PNS,FL,ASO,ES,Towers with Radar,29,58,43,10,140,0,0,54,24,78,29,58,97,34,218,80,44,124,342
02/27/2006,PNS,FL,ASO,ES,Towers with Radar,28,77,42,68,215,0,2,64,3,69,28,79,106,71,284,112,34,146,430
02/28/2006,PNS,FL,ASO,ES,Towers with Radar,25,84,36,95,240,0,4,85,0,89,25,88,121,95,329,96,0,96,425
03/01/2006,PNS,FL,ASO,ES,Towers with Radar,25,86,58,83,252,0,1,61,4,66,25,87,119,87,318,115,20,135,453
03/02/2006,PNS,FL,ASO,ES,Towers with Radar,28,90,50,37,205,0,3,35,2,40,28,93,85,39,245,82,18,100,345
03/03/2006,PNS,FL,ASO,ES,Towers with Radar,27,86,50,23,186,0,2,78,3,83,27,88,128,26,269,157,0,157,426
03/04/2006,PNS,FL,ASO,ES,Towers with Radar,25,51,30,13,119,0,0,76,16,92,25,51,106,29,211,140,0,140,351
03/05/2006,PNS,FL,ASO,ES,Towers with Radar,25,68,39,22,154,0,1,61,5,67,25,69,100,27,221,144,0,144,365
03/06/2006,PNS,FL,ASO,ES,Towers with Radar,25,75,27,37,164,0,6,50,4,60,25,81,77,41,224,170,2,172,396
03/07/2006,PNS,FL,ASO,ES,Towers with Radar,29,75,42,34,180,0,2,65,6,73,29,77,107,40,253,62,24,86,339
03/08/2006,PNS,FL,ASO,ES,Towers with Radar,32,77,40,65,214,0,5,42,0,47,32,82,82,65,261,158,20,178,439
03/09/2006,PNS,FL,ASO,ES,Towers with Radar,27,89,47,52,215,0,0,0,0,0,27,89,47,52,215,0,4,4,219
03/10/2006,PNS,FL,ASO,ES,Towers with Radar,27,82,57,5,171,0,2,14,9,25,27,84,71,14,196,40,22,62,258
03/11/2006,PNS,FL,ASO,ES,Towers with Radar,20,64,38,17,139,0,2,39,6,47,20,66,77,23,186,44,0,44,230
03/12/2006,PNS,FL,ASO,ES,Towers with Radar,26,65,42,34,167,0,0,12,1,13,26,65,54,35,180,22,0,22,202
03/13/2006,PNS,FL,ASO,ES,Towers with Radar,29,81,40,72,222,0,0,2,1,3,29,81,42,73,225,0,0,0,225
03/14/2006,PNS,FL,ASO,ES,Towers with Radar,26,81,50,28,185,0,2,56,5,63,26,83,106,33,248,220,42,262,510
03/15/2006,PNS,FL,ASO,ES,Towers with Radar,30,81,49,46,206,0,1,82,6,89,30,82,131,52,295,282,28,310,605
03/16/2006,PNS,FL,ASO,ES,Towers with Radar,32,84,33,86,235,0,0,66,2,68,32,84,99,88,303,256,34,290,593
03/17/2006,PNS,FL,ASO,ES,Towers with Radar,30,84,67,26,207,0,0,37,14,51,30,84,104,40,258,87,0,87,345
03/18/2006,PNS,FL,ASO,ES,Towers with Radar,22,63,36,21,142,0,2,53,17,72,22,65,89,38,214,114,12,126,340
03/19/2006,PNS,FL,ASO,ES,Towers with Radar,30,56,39,46,171,0,6,36,18,60,30,62,75,64,231,108,0,108,339
03/20/2006,PNS,FL,ASO,ES,Towers with Radar,29,84,36,54,203,0,4,4,0,8,29,88,40,54,211,0,0,0,211
03/21/2006,PNS,FL,ASO,ES,Towers with Radar,29,77,31,35,172,0,2,52,0,54,29,79,83,35,226,92,0,92,318
03/22/2006,PNS,FL,ASO,ES,Towers with Radar,27,77,47,52,203,0,3,55,0,58,27,80,102,52,261,162,28,190,451
03/23/2006,PNS,FL,ASO,ES,Towers with Radar,30,80,44,38,192,0,5,54,0,59,30,85,98,38,251,108,2,110,361
03/24/2006,PNS,FL,ASO,ES,Towers with Radar,32,78,52,22,184,0,2,38,7,47,32,80,90,29,231,34,0,34,265
03/25/2006,PNS,FL,ASO,ES,Towers with Radar,25,60,37,15,137,0,2,76,16,94,25,62,113,31,231,80,0,80,311
03/26/2006,PNS,FL,ASO,ES,Towers with Radar,26,66,42,21,155,0,0,48,20,68,26,66,90,41,223,68,90,158,381
03/27/2006,PNS,FL,ASO,ES,Towers with Radar,28,85,47,40,200,0,2,46,4,52,28,87,93,44,252,142,22,164,416
03/28/2006,PNS,FL,ASO,ES,Towers with Radar,24,76,50,58,208,0,3,0,0,3,24,79,50,58,211,96,24,120,331
03/29/2006,PNS,FL,ASO,ES,Towers with Radar,27,80,48,56,211,0,2,48,4,54,27,82,96,60,265,138,10,148,413
03/30/2006,PNS,FL,ASO,ES,Towers with Radar,29,89,128,59,305,0,0,0,0,0,29,89,128,59,305,122,14,136,441
03/31/2006,PNS,FL,ASO,ES,Towers with Radar,32,86,52,62,232,0,3,54,8,65,32,89,106,70,297,58,0,58,355
04/01/2006,PNS,FL,ASO,ES,Towers with Radar,20,60,35,35,150,0,0,31,18,49,20,60,66,53,199,32,20,52,251
04/02/2006,PNS,FL,ASO,ES,Towers with Radar,27,60,57,9,153,0,1,26,5,32,27,61,83,14,185,24,0,24,209
04/03/2006,PNS,FL,ASO,ES,Towers with Radar,27,83,33,31,174,0,1,31,0,32,27,84,64,31,206,8,18,26,232
04/04/2006,PNS,FL,ASO,ES,Towers with Radar,26,72,103,28,229,0,0,0,0,0,26,72,103,28,229,76,10,86,315
04/05/2006,PNS,FL,ASO,ES,Towers with Radar,26,81,49,6,162,0,0,63,4,67,26,81,112,10,229,168,40,208,437
04/06/2006,PNS,FL,ASO,ES,Towers with Radar,30,81,52,9,172,0,8,68,4,80,30,89,120,13,252,86,2,88,340
04/07/2006,PNS,FL,ASO,ES,Towers with Radar,28,81,59,36,204,0,1,11,1,13,28,82,70,37,217,22,0,22,239
04/08/2006,PNS,FL,ASO,ES,Towers with Radar,23,70,44,10,147,0,2,7,10,19,23,72,51,20,166,40,0,40,206
04/09/2006,PNS,FL,ASO,ES,Towers with Radar,29,64,44,9,146,0,1,46,14,61,29,65,90,23,207,52,16,68,275
04/10/2006,PNS,FL,ASO,ES,Towers with Radar,29,78,30,10,147,0,5,41,3,49,29,83,71,13,196,102,12,114,310
04/11/2006,PNS,FL,ASO,ES,Towers with Radar,27,78,31,32,168,0,3,31,1,35,27,81,62,33,203,66,36,102,305
04/12/2006,PNS,FL,ASO,ES,Towers with Radar,27,90,73,11,201,0,3,50,8,61,27,93,123,19,262,104,36,140,402
04/13/2006,PNS,FL,ASO,ES,Towers with Radar,29,77,59,20,185,0,5,63,15,83,29,82,122,35,268,80,26,106,374
04/14/2006,PNS,FL,ASO,ES,Towers with Radar,26,82,55,6,169,0,6,47,10,63,26,88,102,16,232,70,8,78,310
04/15/2006,PNS,FL,ASO,ES,Towers with Radar,23,61,28,9,121,0,2,43,10,55,23,63,71,19,176,54,0,54,230
04/16/2006,PNS,FL,ASO,ES,Towers with Radar,31,60,20,5,116,0,0,19,9,28,31,60,39,14,144,0,6,6,150
04/17/2006,PNS,FL,ASO,ES,Towers with Radar,27,82,59,13,181,0,1,21,6,28,27,83,80,19,209,60,18,78,287
04/18/2006,PNS,FL,ASO,ES,Towers with Radar,21,83,38,35,177,0,0,38,5,43,21,83,76,40,220,118,42,160,380
04/19/2006,PNS,FL,ASO,ES,Towers with Radar,28,80,57,4,169,0,3,29,6,38,28,83,86,10,207,76,22,98,305
04/20/2006,PNS,FL,ASO,ES,Towers with Radar,27,88,62,18,195,0,2,36,1,39,27,90,98,19,234,70,22,92,326
04/21/2006,PNS,FL,ASO,ES,Towers with Radar,30,76,37,23,166,0,2,31,9,42,30,78,68,32,208,20,0,20,228
04/22/2006,PNS,FL,ASO,ES,Towers with Radar,22,63,31,12,128,0,1,25,13,39,22,64,56,25,167,36,0,36,203
04/23/2006,PNS,FL,ASO,ES,Towers with Radar,26,57,29,21,133,0,6,28,12,46,26,63,57,33,179,54,0,54,233
04/24/2006,PNS,FL,ASO,ES,Towers with Radar,23,90,26,35,174,0,3,37,0,40,23,93,63,35,214,66,12,78,292
04/25/2006,PNS,FL,ASO,ES,Towers with Radar,27,86,49,13,175,0,0,32,4,36,27,86,81,17,211,46,14,60,271
04/26/2006,PNS,FL,ASO,ES,Towers with Radar,26,77,43,2,148,0,7,5,0,12,26,84,48,2,160,12,0,12,172
04/27/2006,PNS,FL,ASO,ES,Towers with Radar,30,84,52,26,192,0,4,69,1,74,30,88,121,27,266,56,0,56,322
04/28/2006,PNS,FL,ASO,ES,Towers with Radar,28,75,36,31,170,0,3,68,15,86,28,78,104,46,256,114,6,120,376
04/29/2006,PNS,FL,ASO,ES,Towers with Radar,23,58,23,13,117,0,3,15,12,30,23,61,38,25,147,6,0,6,153
04/30/2006,PNS,FL,ASO,ES,Towers with Radar,27,65,16,24,132,0,0,3,7,10,27,65,19,31,142,0,4,4,146
05/01/2006,PNS,FL,ASO,ES,Towers with Radar,26,79,35,39,179,0,2,28,0,30,26,81,63,39,209,52,2,54,263
05/02/2006,PNS,FL,ASO,ES,Towers with Radar,24,84,22,24,154,0,1,25,2,28,24,85,47,26,182,22,16,38,220
05/03/2006,PNS,FL,ASO,ES,Towers with Radar,30,68,65,18,181,0,4,45,0,49,30,72,110,18,230,106,22,128,358
05/04/2006,PNS,FL,ASO,ES,Towers with Radar,27,87,58,21,193,0,1,47,4,52,27,88,105,25,245,200,10,210,455
05/05/2006,PNS,FL,ASO,ES,Towers with Radar,27,81,43,6,157,0,1,16,13,30,27,82,59,19,187,74,0,74,261
05/06/2006,PNS,FL,ASO,ES,Towers with Radar,21,65,10,8,104,0,0,24,10,34,21,65,34,18,138,58,0,58,196
05/07/2006,PNS,FL,ASO,ES,Towers with Radar,24,68,35,13,140,0,0,9,13,22,24,68,44,26,162,0,4,4,166
05/08/2006,PNS,FL,ASO,ES,Towers with Radar,29,83,31,20,163,0,0,16,2,18,29,83,47,22,181,62,0,62,243
05/09/2006,PNS,FL,ASO,ES,Towers with Radar,31,73,46,0,150,0,2,10,1,13,31,75,56,1,163,6,0,6,169
05/10/2006,PNS,FL,ASO,ES,Towers with Radar,29,85,43,14,171,0,1,0,0,1,29,86,43,14,172,0,0,0,172
05/11/2006,PNS,FL,ASO,ES,Towers with Radar,29,81,50,39,199,0,3,58,5,66,29,84,108,44,265,4,0,4,269
05/12/2006,PNS,FL,ASO,ES,Towers with Radar,29,80,64,15,188,0,2,94,6,102,29,82,158,21,290,106,0,106,396
05/13/2006,PNS,FL,ASO,ES,Towers with Radar,26,62,28,6,122,0,0,54,10,64,26,62,82,16,186,68,22,90,276
05/14/2006,PNS,FL,ASO,ES,Towers with Radar,25,56,34,6,121,0,0,22,15,37,25,56,56,21,158,0,6,6,164
05/15/2006,PNS,FL,ASO,ES,Towers with Radar,24,84,43,19,170,0,3,45,2,50,24,87,88,21,220,72,12,84,304
05/16/2006,PNS,FL,ASO,ES,Towers with Radar,29,80,38,37,184,0,1,62,6,69,29,81,100,43,253,102,18,120,373
05/17/2006,PNS,FL,ASO,ES,Towers with Radar,30,81,53,48,212,0,0,65,2,67,30,81,118,50,279,108,12,120,399
05/18/2006,PNS,FL,ASO,ES,Towers with Radar,30,81,63,18,192,0,3,42,4,49,30,84,105,22,241,112,18,130,371
05/19/2006,PNS,FL,ASO,ES,Towers with Radar,30,79,57,37,203,0,1,58,20,79,30,80,115,57,282,68,26,94,376
05/20/2006,PNS,FL,ASO,ES,Towers with Radar,24,66,38,11,139,0,1,45,17,63,24,67,83,28,202,60,0,60,262
05/21/2006,PNS,FL,ASO,ES,Towers with Radar,27,63,43,11,144,0,1,35,21,57,27,64,78,32,201,44,8,52,253
05/22/2006,PNS,FL,ASO,ES,Towers with Radar,27,81,37,30,175,0,2,49,2,53,27,83,86,32,228,142,0,142,370
05/23/2006,PNS,FL,ASO,ES,Towers with Radar,28,81,47,19,175,0,2,48,5,55,28,83,95,24,230,154,16,170,400
05/24/2006,PNS,FL,ASO,ES,Towers with Radar,28,86,31,27,172,0,3,38,14,55,28,89,69,41,227,83,14,97,324
05/25/2006,PNS,FL,ASO,ES,Towers with Radar,30,83,66,19,198,0,0,58,12,70,30,83,124,31,268,166,4,170,438
05/26/2006,PNS,FL,ASO,ES,Towers with Radar,31,78,43,13,165,0,0,51,11,62,31,78,94,24,227,74,0,74,301
05/27/2006,PNS,FL,ASO,ES,Towers with Radar,27,61,18,5,111,0,4,36,9,49,27,65,54,14,160,96,0,96,256
05/28/2006,PNS,FL,ASO,ES,Towers with Radar,26,58,17,10,111,0,2,41,9,52,26,60,58,19,163,14,0,14,177
05/29/2006,PNS,FL,ASO,ES,Towers with Radar,27,57,34,12,130,0,1,34,7,42,27,58,68,19,172,22,0,22,194
05/30/2006,PNS,FL,ASO,ES,Towers with Radar,26,83,42,15,166,0,0,33,5,38,26,83,75,20,204,144,4,148,352
05/31/2006,PNS,FL,ASO,ES,Towers with Radar,27,78,51,7,163,0,0,38,7,45,27,78,89,14,208,108,0,108,316
06/01/2006,PNS,FL,ASO,ES,Towers with Radar,28,85,56,24,193,0,0,32,4,36,28,85,88,28,229,86,14,100,329
06/02/2006,PNS,FL,ASO,ES,Towers with Radar,29,88,66,25,208,0,7,47,12,66,29,95,113,37,274,73,0,73,347
06/03/2006,PNS,FL,ASO,ES,Towers with Radar,27,62,35,7,131,0,2,52,10,64,27,64,87,17,195,44,0,44,239
06/04/2006,PNS,FL,ASO,ES,Towers with Radar,28,59,29,8,124,0,0,44,10,54,28,59,73,18,178,50,0,50,228
06/05/2006,PNS,FL,ASO,ES,Towers with Radar,28,82,36,22,168,0,1,36,2,39,28,83,72,24,207,12,0,12,219
06/06/2006,PNS,FL,ASO,ES,Towers with Radar,27,89,46,28,190,0,2,55,1,58,27,91,101,29,248,116,18,134,382
06/07/2006,PNS,FL,ASO,ES,Towers with Radar,28,86,44,38,196,0,0,49,0,49,28,86,93,38,245,59,12,71,316
06/08/2006,PNS,FL,ASO,ES,Towers with Radar,32,91,41,54,218,0,4,43,2,49,32,95,84,56,267,40,0,40,307
06/09/2006,PNS,FL,ASO,ES,Towers with Radar,38,87,37,31,193,0,2,44,5,51,38,89,81,36,244,74,4,78,322
06/10/2006,PNS,FL,ASO,ES,Towers with Radar,33,64,27,19,143,0,0,38,15,53,33,64,65,34,196,34,4,38,234
06/11/2006,PNS,FL,ASO,ES,Towers with Radar,30,66,29,9,134,0,0,30,15,45,30,66,59,24,179,6,10,16,195
06/12/2006,PNS,FL,ASO,ES,Towers with Radar,28,81,18,8,135,0,0,24,6,30,28,81,42,14,165,54,0,54,219
06/13/2006,PNS,FL,ASO,ES,Towers with Radar,29,87,25,37,178,0,6,12,1,19,29,93,37,38,197,20,0,20,217
06/14/2006,PNS,FL,ASO,ES,Towers with Radar,29,79,49,15,172,0,1,50,0,51,29,80,99,15,223,18,10,28,251
06/15/2006,PNS,FL,ASO,ES,Towers with Radar,44,79,48,32,203,0,2,55,1,58,44,81,103,33,261,120,0,120,381
06/16/2006,PNS,FL,ASO,ES,Towers with Radar,30,81,36,20,167,0,0,36,9,45,30,81,72,29,212,16,6,22,234
06/17/2006,PNS,FL,ASO,ES,Towers with Radar,28,62,30,10,130,0,0,39,23,62,28,62,69,33,192,70,20,90,282
06/18/2006,PNS,FL,ASO,ES,Towers with Radar,29,57,26,15,127,0,0,23,17,40,29,57,49,32,167,14,8,22,189
06/19/2006,PNS,FL,ASO,ES,Towers with Radar,34,73,30,12,149,0,1,39,12,52,34,74,69,24,201,70,20,90,291
06/20/2006,PNS,FL,ASO,ES,Towers with Radar,31,74,47,29,181,0,0,61,3,64,31,74,108,32,245,94,20,114,359
06/21/2006,PNS,FL,ASO,ES,Towers with Radar,27,81,64,45,217,0,2,59,0,61,27,83,123,45,278,48,26,74,352
06/22/2006,PNS,FL,ASO,ES,Towers with Radar,33,87,60,24,204,0,6,55,3,64,33,93,115,27,268,124,14,138,406
06/23/2006,PNS,FL,ASO,ES,Towers with Radar,29,76,49,16,170,0,2,56,4,62,29,78,105,20,232,44,16,60,292
06/24/2006,PNS,FL,ASO,ES,Towers with Radar,27,60,33,17,137,0,0,46,7,53,27,60,79,24,190,60,12,72,262
06/25/2006,PNS,FL,ASO,ES,Towers with Radar,24,59,33,19,135,0,0,19,12,31,24,59,52,31,166,14,4,18,184
06/26/2006,PNS,FL,ASO,ES,Towers with Radar,26,87,39,25,177,0,0,53,4,57,26,87,92,29,234,48,0,48,282
06/27/2006,PNS,FL,ASO,ES,Towers with Radar,31,89,55,32,207,0,0,44,2,46,31,89,99,34,253,70,28,98,351
06/28/2006,PNS,FL,ASO,ES,Towers with Radar,31,79,49,21,180,0,2,45,3,50,31,81,94,24,230,106,2,108,338
06/29/2006,PNS,FL,ASO,ES,Towers with Radar,26,93,49,3,171,0,4,51,0,55,26,97,100,3,226,160,2,162,388
06/30/2006,PNS,FL,ASO,ES,Towers with Radar,34,88,55,0,177,0,0,43,0,43,34,88,98,0,220,108,0,108,328
07/01/2006,PNS,FL,ASO,ES,Towers with Radar,28,63,28,1,120,0,1,42,2,45,28,64,70,3,165,30,0,30,195
07/02/2006,PNS,FL,ASO,ES,Towers with Radar,33,61,15,0,109,0,0,25,4,29,33,61,40,4,138,0,0,0,138
07/03/2006,PNS,FL,ASO,ES,Towers with Radar,23,76,14,2,115,0,0,40,5,45,23,76,54,7,160,48,0,48,208
07/04/2006,PNS,FL,ASO,ES,Towers with Radar,22,47,13,2,84,0,0,22,1,23,22,47,35,3,107,14,0,14,121
07/05/2006,PNS,FL,ASO,ES,Towers with Radar,30,70,32,19,151,0,1,51,4,56,30,71,83,23,207,108,4,112,319
07/06/2006,PNS,FL,ASO,ES,Towers with Radar,25,72,38,15,150,0,5,14,0,19,25,77,52,15,169,64,0,64,233
07/07/2006,PNS,FL,ASO,ES,Towers with Radar,27,74,53,15,169,2,2,29,7,40,29,76,82,22,209,140,2,142,351
07/08/2006,PNS,FL,ASO,ES,Towers with Radar,29,68,15,12,124,0,2,37,18,57,29,70,52,30,181,56,0,56,237
07/09/2006,PNS,FL,ASO,ES,Towers with Radar,28,67,36,12,143,0,0,33,8,41,28,67,69,20,184,22,0,22,206
07/10/2006,PNS,FL,ASO,ES,Towers with Radar,24,79,21,30,154,0,1,66,11,78,24,80,87,41,232,124,0,124,356
07/11/2006,PNS,FL,ASO,ES,Towers with Radar,25,81,27,18,151,0,1,65,0,66,25,82,92,18,217,170,6,176,393
07/12/2006,PNS,FL,ASO,ES,Towers with Radar,28,75,32,24,159,0,12,59,0,71,28,87,91,24,230,164,2,166,396
07/13/2006,PNS,FL,ASO,ES,Towers with Radar,31,85,35,24,175,0,1,80,16,97,31,86,115,40,272,156,6,162,434
07/14/2006,PNS,FL,ASO,ES,Towers with Radar,37,83,62,23,205,0,0,73,5,78,37,83,135,28,283,130,0,130,413
07/15/2006,PNS,FL,ASO,ES,Towers with Radar,27,65,38,3,133,0,29,52,4,85,27,94,90,7,218,70,0,70,288
07/16/2006,PNS,FL,ASO,ES,Towers with Radar,28,66,25,8,127,0,3,49,12,64,28,69,74,20,191,88,0,88,279
07/17/2006,PNS,FL,ASO,ES,Towers with Radar,27,88,34,14,163,0,1,51,5,57,27,89,85,19,220,114,6,120,340
07/18/2006,PNS,FL,ASO,ES,Towers with Radar,25,83,41,20,169,0,0,57,0,57,25,83,98,20,226,218,0,218,444
07/19/2006,PNS,FL,ASO,ES,Towers with Radar,35,86,36,22,179,0,2,68,4,74,35,88,104,26,253,150,0,150,403
07/20/2006,PNS,FL,ASO,ES,Towers with Radar,33,79,40,19,171,0,3,57,1,61,33,82,97,20,232,181,6,187,419
07/21/2006,PNS,FL,ASO,ES,Towers with Radar,29,92,66,8,195,0,0,65,12,77,29,92,131,20,272,218,0,218,490
07/22/2006,PNS,FL,ASO,ES,Towers with Radar,28,74,17,8,127,0,0,43,6,49,28,74,60,14,176,96,0,96,272
07/23/2006,PNS,FL,ASO,ES,Towers with Radar,30,66,34,8,138,0,6,28,13,47,30,72,62,21,185,76,10,86,271
07/24/2006,PNS,FL,ASO,ES,Towers with Radar,33,86,26,9,154,0,3,14,3,20,33,89,40,12,174,82,0,82,256
07/25/2006,PNS,FL,ASO,ES,Towers with Radar,29,83,44,17,173,0,1,45,0,46,29,84,89,17,219,240,32,272,491
07/26/2006,PNS,FL,ASO,ES,Towers with Radar,29,75,47,39,190,0,0,58,3,61,29,75,105,42,251,162,8,170,421
07/27/2006,PNS,FL,ASO,ES,Towers with Radar,31,80,56,32,199,0,1,67,2,70,31,81,123,34,269,154,10,164,433
07/28/2006,PNS,FL,ASO,ES,Towers with Radar,26,81,28,5,140,0,1,71,4,76,26,82,99,9,216,138,6,144,360
07/29/2006,PNS,FL,ASO,ES,Towers with Radar,27,64,8,2,101,0,0,0,0,0,27,64,8,2,101,76,8,84,185
07/30/2006,PNS,FL,ASO,ES,Towers with Radar,26,68,28,4,126,0,0,19,8,27,26,68,47,12,153,26,10,36,189
07/31/2006,PNS,FL,ASO,ES,Towers with Radar,24,77,21,24,146,0,0,30,5,35,24,77,51,29,181,92,16,108,289
08/01/2006,PNS,FL,ASO,ES,Towers with Radar,30,82,39,22,173,0,0,35,2,37,30,82,74,24,210,154,10,164,374
08/02/2006,PNS,FL,ASO,ES,Towers with Radar,27,72,32,17,148,0,1,54,0,55,27,73,86,17,203,186,10,196,399
08/03/2006,PNS,FL,ASO,ES,Towers with Radar,28,82,37,22,169,0,2,40,4,46,28,84,77,26,215,76,0,76,291
08/04/2006,PNS,FL,ASO,ES,Towers with Radar,33,92,32,24,181,0,2,36,4,42,33,94,68,28,223,112,17,129,352
08/05/2006,PNS,FL,ASO,ES,Towers with Radar,26,75,29,17,147,0,0,46,10,56,26,75,75,27,203,112,0,112,315
08/06/2006,PNS,FL,ASO,ES,Towers with Radar,29,68,24,22,143,0,0,35,5,40,29,68,59,27,183,94,0,94,277
08/07/2006,PNS,FL,ASO,ES,Towers with Radar,28,82,21,12,143,0,0,0,0,0,28,82,21,12,143,146,22,168,311
08/08/2006,PNS,FL,ASO,ES,Towers with Radar,29,86,40,24,179,0,2,53,5,60,29,88,93,29,239,132,0,132,371
08/09/2006,PNS,FL,ASO,ES,Towers with Radar,29,81,40,22,172,0,2,35,3,40,29,83,75,25,212,116,4,120,332
08/10/2006,PNS,FL,ASO,ES,Towers with Radar,18,88,53,34,193,0,0,73,0,73,18,88,126,34,266,160,20,180,446
08/11/2006,PNS,FL,ASO,ES,Towers with Radar,31,90,38,51,210,0,0,48,10,58,31,90,86,61,268,142,8,150,418
08/12/2006,PNS,FL,ASO,ES,Towers with Radar,28,64,20,20,132,0,4,48,19,71,28,68,68,39,203,80,0,80,283
08/13/2006,PNS,FL,ASO,ES,Towers with Radar,31,74,26,25,156,0,0,44,14,58,31,74,70,39,214,44,0,44,258
08/14/2006,PNS,FL,ASO,ES,Towers with Radar,23,79,22,6,130,0,0,37,3,40,23,79,59,9,170,82,0,82,252
08/15/2006,PNS,FL,ASO,ES,Towers with Radar,31,88,23,5,147,0,1,31,0,32,31,89,54,5,179,86,0,86,265
08/16/2006,PNS,FL,ASO,ES,Towers with Radar,30,87,46,20,183,0,2,43,0,45,30,89,89,20,228,166,12,178,406
08/17/2006,PNS,FL,ASO,ES,Towers with Radar,26,88,58,18,190,0,10,65,2,77,26,98,123,20,267,76,0,76,343
08/18/2006,PNS,FL,ASO,ES,Towers with Radar,35,96,46,31,208,0,0,53,14,67,35,96,99,45,275,44,0,44,319
08/19/2006,PNS,FL,ASO,ES,Towers with Radar,30,80,23,14,147,0,4,45,20,69,30,84,68,34,216,130,0,130,346
08/20/2006,PNS,FL,ASO,ES,Towers with Radar,26,68,39,17,150,0,1,33,15,49,26,69,72,32,199,30,0,30,229
08/21/2006,PNS,FL,ASO,ES,Towers with Radar,23,75,26,4,128,0,1,21,2,24,23,76,47,6,152,34,2,36,188
08/22/2006,PNS,FL,ASO,ES,Towers with Radar,24,77,50,9,160,0,0,27,2,29,24,77,77,11,189,92,12,104,293
08/23/2006,PNS,FL,ASO,ES,Towers with Radar,26,87,36,31,180,0,1,30,8,39,26,88,66,39,219,100,40,140,359
08/24/2006,PNS,FL,ASO,ES,Towers with Radar,27,90,44,6,167,0,0,37,1,38,27,90,81,7,205,65,0,65,270
08/25/2006,PNS,FL,ASO,ES,Towers with Radar,27,83,36,36,182,0,0,33,15,48,27,83,69,51,230,68,8,76,306
08/26/2006,PNS,FL,ASO,ES,Towers with Radar,34,76,16,13,139,0,0,27,15,42,34,76,43,28,181,38,4,42,223
08/27/2006,PNS,FL,ASO,ES,Towers with Radar,26,71,25,12,134,0,1,26,18,45,26,72,51,30,179,45,18,63,242
08/28/2006,PNS,FL,ASO,ES,Towers with Radar,25,80,35,50,190,0,0,39,1,40,25,80,74,51,230,70,32,102,332
08/29/2006,PNS,FL,ASO,ES,Towers with Radar,25,95,38,30,188,0,0,42,5,47,25,95,80,35,235,54,14,68,303
08/30/2006,PNS,FL,ASO,ES,Towers with Radar,30,95,37,12,174,0,1,43,1,45,30,96,80,13,219,90,0,90,309
08/31/2006,PNS,FL,ASO,ES,Towers with Radar,23,95,41,25,184,0,3,37,9,49,23,98,78,34,233,90,20,110,343
09/01/2006,PNS,FL,ASO,ES,Towers with Radar,28,83,55,29,195,0,0,68,12,80,28,83,123,41,275,72,0,72,347
09/02/2006,PNS,FL,ASO,ES,Towers with Radar,28,57,20,3,108,0,0,45,8,53,28,57,65,11,161,86,14,100,261
09/03/2006,PNS,FL,ASO,ES,Towers with Radar,28,46,25,9,108,0,9,36,14,59,28,55,61,23,167,66,32,98,265
09/04/2006,PNS,FL,ASO,ES,Towers with Radar,22,72,32,12,138,0,1,42,4,47,22,73,74,16,185,86,0,86,271
09/05/2006,PNS,FL,ASO,ES,Towers with Radar,26,79,27,29,161,0,2,26,14,42,26,81,53,43,203,170,28,198,401
09/06/2006,PNS,FL,ASO,ES,Towers with Radar,29,75,32,8,144,0,1,28,0,29,29,76,60,8,173,66,0,66,239
09/07/2006,PNS,FL,ASO,ES,Towers with Radar,35,81,28,34,178,0,0,35,2,37,35,81,63,36,215,28,30,58,273
09/08/2006,PNS,FL,ASO,ES,Towers with Radar,33,90,52,29,204,0,1,50,11,62,33,91,102,40,266,66,12,78,344
09/09/2006,PNS,FL,ASO,ES,Towers with Radar,26,51,31,15,123,0,2,44,12,58,26,53,75,27,181,140,0,140,321
09/10/2006,PNS,FL,ASO,ES,Towers with Radar,30,64,19,8,121,0,0,28,15,43,30,64,47,23,164,82,18,100,264
09/11/2006,PNS,FL,ASO,ES,Towers with Radar,27,86,24,18,155,0,1,3,2,6,27,87,27,20,161,8,30,38,199
09/12/2006,PNS,FL,ASO,ES,Towers with Radar,28,81,32,20,161,0,1,1,0,2,28,82,33,20,163,0,0,0,163
09/13/2006,PNS,FL,ASO,ES,Towers with Radar,28,83,36,42,189,0,0,30,6,36,28,83,66,48,225,96,22,118,343
09/14/2006,PNS,FL,ASO,ES,Towers with Radar,34,80,34,22,170,0,3,86,2,91,34,83,120,24,261,192,0,192,453
09/15/2006,PNS,FL,ASO,ES,Towers with Radar,29,78,44,21,172,0,3,71,14,88,29,81,115,35,260,112,6,118,378
09/16/2006,PNS,FL,ASO,ES,Towers with Radar,29,53,20,16,118,0,1,64,21,86,29,54,84,37,204,60,0,60,264
09/17/2006,PNS,FL,ASO,ES,Towers with Radar,28,59,29,10,126,0,2,54,13,69,28,61,83,23,195,46,0,46,241
09/18/2006,PNS,FL,ASO,ES,Towers with Radar,27,71,14,0,112,0,0,12,2,14,27,71,26,2,126,0,0,0,126
09/19/2006,PNS,FL,ASO,ES,Towers with Radar,28,85,44,45,202,0,0,0,0,0,28,85,44,45,202,140,0,140,342
09/20/2006,PNS,FL,ASO,ES,Towers with Radar,30,72,29,24,155,0,2,78,1,81,30,74,107,25,236,178,24,202,438
09/21/2006,PNS,FL,ASO,ES,Towers with Radar,29,87,46,17,179,0,0,68,4,72,29,87,114,21,251,156,16,172,423
09/22/2006,PNS,FL,ASO,ES,Towers with Radar,25,90,39,16,170,0,0,10,9,19,25,90,49,25,189,2,6,8,197
09/23/2006,PNS,FL,ASO,ES,Towers with Radar,29,48,21,8,106,0,0,65,17,82,29,48,86,25,188,90,12,102,290
09/24/2006,PNS,FL,ASO,ES,Towers with Radar,32,72,47,3,154,0,0,13,15,28,32,72,60,18,182,38,0,38,220
09/25/2006,PNS,FL,ASO,ES,Towers with Radar,27,80,40,16,163,0,0,54,8,62,27,80,94,24,225,152,16,168,393
09/26/2006,PNS,FL,ASO,ES,Towers with Radar,29,77,40,14,160,0,0,56,1,57,29,77,96,15,217,298,0,298,515
09/27/2006,PNS,FL,ASO,ES,Towers with Radar,29,71,38,19,157,0,0,77,0,77,29,71,115,19,234,280,0,280,514
09/28/2006,PNS,FL,ASO,ES,Towers with Radar,32,88,49,6,175,0,0,66,2,68,32,88,115,8,243,182,8,190,433
09/29/2006,PNS,FL,ASO,ES,Towers with Radar,29,86,60,3,178,0,3,82,6,91,29,89,142,9,269,96,0,96,365
09/30/2006,PNS,FL,ASO,ES,Towers with Radar,30,62,30,0,122,0,0,44,0,44,30,62,74,0,166,12,0,12,178
10/01/2006,PNS,FL,ASO,ES,Towers with Radar,30,61,27,0,118,0,0,37,1,38,30,61,64,1,156,96,14,110,266
10/02/2006,PNS,FL,ASO,ES,Towers with Radar,30,79,33,20,162,0,2,50,0,52,30,81,83,20,214,210,0,210,424
10/03/2006,PNS,FL,ASO,ES,Towers with Radar,31,73,38,27,169,0,0,42,1,43,31,73,80,28,212,118,0,118,330
10/04/2006,PNS,FL,ASO,ES,Towers with Radar,31,75,35,13,154,0,0,48,2,50,31,75,83,15,204,114,64,178,382
10/05/2006,PNS,FL,ASO,ES,Towers with Radar,33,87,40,10,170,0,0,68,4,72,33,87,108,14,242,130,4,134,376
10/06/2006,PNS,FL,ASO,ES,Towers with Radar,34,100,43,38,215,0,1,58,0,59,34,101,101,38,274,118,0,118,392
10/07/2006,PNS,FL,ASO,ES,Towers with Radar,29,62,34,7,132,0,0,65,10,75,29,62,99,17,207,60,4,64,271
10/08/2006,PNS,FL,ASO,ES,Towers with Radar,30,62,43,13,148,0,1,52,4,57,30,63,95,17,205,38,0,38,243
10/09/2006,PNS,FL,ASO,ES,Towers with Radar,25,72,40,19,156,0,0,42,13,55,25,72,82,32,211,98,10,108,319
10/10/2006,PNS,FL,ASO,ES,Towers with Radar,30,74,42,20,166,0,2,52,2,56,30,76,94,22,222,110,0,110,332
10/11/2006,PNS,FL,ASO,ES,Towers with Radar,30,88,38,10,166,0,4,43,7,54,30,92,81,17,220,44,6,50,270
10/12/2006,PNS,FL,ASO,ES,Towers with Radar,33,79,56,2,170,0,6,49,11,66,33,85,105,13,236,72,30,102,338
10/13/2006,PNS,FL,ASO,ES,Towers with Radar,32,81,49,18,180,0,8,43,1,52,32,89,92,19,232,36,4,40,272
10/14/2006,PNS,FL,ASO,ES,Towers with Radar,31,57,21,2,111,0,4,57,13,74,31,61,78,15,185,80,12,92,277
10/15/2006,PNS,FL,ASO,ES,Towers with Radar,27,64,31,10,132,0,3,29,14,46,27,67,60,24,178,50,26,76,254
10/16/2006,PNS,FL,ASO,ES,Towers with Radar,33,88,31,13,165,0,0,0,0,0,33,88,31,13,165,0,0,0,165
10/17/2006,PNS,FL,ASO,ES,Towers with Radar,32,86,20,7,145,0,0,7,2,9,32,86,27,9,154,14,0,14,168
10/18/2006,PNS,FL,ASO,ES,Towers with Radar,32,97,57,23,209,0,0,52,0,52,32,97,109,23,261,100,8,108,369
10/19/2006,PNS,FL,ASO,ES,Towers with Radar,35,95,55,14,199,0,0,25,0,25,35,95,80,14,224,38,0,38,262
10/20/2006,PNS,FL,ASO,ES,Towers with Radar,40,102,63,29,234,0,0,53,5,58,40,102,116,34,292,18,14,32,324
10/21/2006,PNS,FL,ASO,ES,Towers with Radar,33,57,29,7,126,0,1,56,10,67,33,58,85,17,193,66,0,66,259
10/22/2006,PNS,FL,ASO,ES,Towers with Radar,28,71,31,12,142,0,0,29,9,38,28,71,60,21,180,12,0,12,192
10/23/2006,PNS,FL,ASO,ES,Towers with Radar,29,83,25,17,154,0,1,22,4,27,29,84,47,21,181,4,0,4,185
10/24/2006,PNS,FL,ASO,ES,Towers with Radar,29,80,48,11,168,0,1,49,5,55,29,81,97,16,223,120,16,136,359
10/25/2006,PNS,FL,ASO,ES,Towers with Radar,40,91,49,38,218,0,0,54,1,55,40,91,103,39,273,124,28,152,425
10/26/2006,PNS,FL,ASO,ES,Towers with Radar,38,84,40,20,182,0,0,43,8,51,38,84,83,28,233,88,0,88,321
10/27/2006,PNS,FL,ASO,ES,Towers with Radar,26,88,16,7,137,0,0,2,19,21,26,88,18,26,158,0,0,0,158
10/28/2006,PNS,FL,ASO,ES,Towers with Radar,32,56,30,19,137,0,8,32,7,47,32,64,62,26,184,2,4,6,190
10/29/2006,PNS,FL,ASO,ES,Towers with Radar,29,61,13,16,119,0,0,56,15,71,29,61,69,31,190,24,0,24,214
10/30/2006,PNS,FL,ASO,ES,Towers with Radar,27,72,24,23,146,0,0,53,8,61,27,72,77,31,207,116,38,154,361
10/31/2006,PNS,FL,ASO,ES,Towers with Radar,30,84,58,23,195,0,0,65,3,68,30,84,123,26,263,111,12,123,386
11/01/2006,PNS,FL,ASO,ES,Towers with Radar,30,94,42,5,171,0,0,69,6,75,30,94,111,11,246,122,36,158,404
11/02/2006,PNS,FL,ASO,ES,Towers with Radar,35,78,63,26,202,0,0,23,0,23,35,78,86,26,225,46,34,80,305
11/03/2006,PNS,FL,ASO,ES,Towers with Radar,36,91,61,26,214,0,3,63,16,82,36,94,124,42,296,30,12,42,338
11/04/2006,PNS,FL,ASO,ES,Towers with Radar,30,49,16,3,98,0,0,63,9,72,30,49,79,12,170,94,0,94,264
11/05/2006,PNS,FL,ASO,ES,Towers with Radar,33,65,40,23,161,0,0,51,6,57,33,65,91,29,218,60,4,64,282
11/06/2006,PNS,FL,ASO,ES,Towers with Radar,30,82,31,6,149,0,0,7,1,8,30,82,38,7,157,2,0,2,159
11/07/2006,PNS,FL,ASO,ES,Towers with Radar,29,86,31,37,183,0,0,0,0,0,29,86,31,37,183,92,20,112,295
11/08/2006,PNS,FL,ASO,ES,Towers with Radar,34,83,52,31,200,0,1,63,5,69,34,84,115,36,269,152,28,180,449
11/09/2006,PNS,FL,ASO,ES,Towers with Radar,36,85,50,37,208,0,2,71,29,102,36,87,121,66,310,92,4,96,406
11/10/2006,PNS,FL,ASO,ES,Towers with Radar,32,91,56,43,222,0,0,49,13,62,32,91,105,56,284,96,0,96,380
11/11/2006,PNS,FL,ASO,ES,Towers with Radar,30,72,39,34,175,0,0,18,4,22,30,72,57,38,197,36,0,36,233
11/12/2006,PNS,FL,ASO,ES,Towers with Radar,31,59,44,35,169,0,2,55,14,71,31,61,99,49,240,94,2,96,336
11/13/2006,PNS,FL,ASO,ES,Towers with Radar,26,77,21,29,153,0,1,51,2,54,26,78,72,31,207,224,8,232,439
11/14/2006,PNS,FL,ASO,ES,Towers with Radar,35,87,40,15,177,0,0,46,1,47,35,87,86,16,224,218,24,242,466
11/15/2006,PNS,FL,ASO,ES,Towers with Radar,37,58,21,2,118,0,0,1,0,1,37,58,22,2,119,0,0,0,119
11/16/2006,PNS,FL,ASO,ES,Towers with Radar,37,88,46,18,189,0,0,39,9,48,37,88,85,27,237,102,10,112,349
11/17/2006,PNS,FL,ASO,ES,Towers with Radar,30,84,41,39,194,0,0,77,15,92,30,84,118,54,286,216,10,226,512
11/18/2006,PNS,FL,ASO,ES,Towers with Radar,28,64,21,12,125,0,2,42,27,71,28,66,63,39,196,190,10,200,396
11/19/2006,PNS,FL,ASO,ES,Towers with Radar,34,59,32,13,138,0,2,13,20,35,34,61,45,33,173,22,40,62,235
11/20/2006,PNS,FL,ASO,ES,Towers with Radar,33,71,32,25,161,0,0,0,0,0,33,71,32,25,161,10,0,10,171
11/21/2006,PNS,FL,ASO,ES,Towers with Radar,34,86,55,26,201,0,1,43,2,46,34,87,98,28,247,20,8,28,275
11/22/2006,PNS,FL,ASO,ES,Towers with Radar,33,93,78,4,208,0,2,30,0,32,33,95,108,4,240,22,10,32,272
11/23/2006,PNS,FL,ASO,ES,Towers with Radar,30,41,28,0,99,0,2,42,0,44,30,43,70,0,143,6,0,6,149
11/24/2006,PNS,FL,ASO,ES,Towers with Radar,27,66,18,3,114,0,0,48,0,48,27,66,66,3,162,104,0,104,266
11/25/2006,PNS,FL,ASO,ES,Towers with Radar,29,70,26,0,125,0,0,89,0,89,29,70,115,0,214,82,0,82,296
11/26/2006,PNS,FL,ASO,ES,Towers with Radar,36,66,63,0,165,0,4,61,0,65,36,70,124,0,230,92,0,92,322
11/27/2006,PNS,FL,ASO,ES,Towers with Radar,33,91,33,35,192,0,2,41,0,43,33,93,74,35,235,198,32,230,465
11/28/2006,PNS,FL,ASO,ES,Towers with Radar,31,91,50,42,214,0,1,25,0,26,31,92,75,42,240,64,0,64,304
11/29/2006,PNS,FL,ASO,ES,Towers with Radar,44,107,50,48,249,0,0,9,0,9,44,107,59,48,258,28,10,38,296
11/30/2006,PNS,FL,ASO,ES,Towers with Radar,33,90,37,42,202,0,0,0,1,1,33,90,37,43,203,0,0,0,203
12/01/2006,PNS,FL,ASO,ES,Towers with Radar,36,73,44,34,187,0,2,51,12,65,36,75,95,46,252,54,12,66,318
12/02/2006,PNS,FL,ASO,ES,Towers with Radar,32,56,24,8,120,0,1,68,35,104,32,57,92,43,224,178,16,194,418
12/03/2006,PNS,FL,ASO,ES,Towers with Radar,31,67,45,31,174,0,0,79,23,102,31,67,124,54,276,114,0,114,390
12/04/2006,PNS,FL,ASO,ES,Towers with Radar,32,92,38,26,188,0,6,47,5,58,32,98,85,31,246,40,4,44,290
12/05/2006,PNS,FL,ASO,ES,Towers with Radar,36,75,40,28,179,0,0,83,5,88,36,75,123,33,267,138,8,146,413
12/06/2006,PNS,FL,ASO,ES,Towers with Radar,36,85,32,44,197,0,4,75,19,98,36,89,107,63,295,164,30,194,489
12/07/2006,PNS,FL,ASO,ES,Towers with Radar,36,96,57,82,271,0,4,47,6,57,36,100,104,88,328,54,4,58,386
12/08/2006,PNS,FL,ASO,ES,Towers with Radar,33,78,32,29,172,0,0,33,22,55,33,78,65,51,227,50,1,51,278
12/09/2006,PNS,FL,ASO,ES,Towers with Radar,30,52,20,9,111,0,2,73,16,91,30,54,93,25,202,174,8,182,384
12/10/2006,PNS,FL,ASO,ES,Towers with Radar,30,63,32,8,133,0,4,64,18,86,30,67,96,26,219,72,0,72,291
12/11/2006,PNS,FL,ASO,ES,Towers with Radar,28,80,109,52,269,0,0,0,0,0,28,80,109,52,269,166,42,208,477
12/12/2006,PNS,FL,ASO,ES,Towers with Radar,31,85,54,51,221,0,1,18,2,21,31,86,72,53,242,0,14,14,256
12/13/2006,PNS,FL,ASO,ES,Towers with Radar,32,102,34,47,215,0,0,44,17,61,32,102,78,64,276,138,56,194,470
12/14/2006,PNS,FL,ASO,ES,Towers with Radar,27,91,45,39,202,0,0,39,4,43,27,91,84,43,245,72,4,76,321
12/15/2006,PNS,FL,ASO,ES,Towers with Radar,27,82,55,64,228,0,2,58,11,71,27,84,113,75,299,48,8,56,355
12/16/2006,PNS,FL,ASO,ES,Towers with Radar,33,55,31,24,143,0,0,76,38,114,33,55,107,62,257,86,36,122,379
12/17/2006,PNS,FL,ASO,ES,Towers with Radar,32,59,21,23,135,0,3,76,15,94,32,62,97,38,229,138,0,138,367
12/18/2006,PNS,FL,ASO,ES,Towers with Radar,32,87,36,28,183,0,0,50,3,53,32,87,86,31,236,92,24,116,352
12/19/2006,PNS,FL,ASO,ES,Towers with Radar,28,85,57,54,224,0,1,41,6,48,28,86,98,60,272,80,14,94,366
12/20/2006,PNS,FL,ASO,ES,Towers with Radar,33,93,37,33,196,0,1,45,1,47,33,94,82,34,243,76,12,88,331
12/21/2006,PNS,FL,ASO,ES,Towers with Radar,28,92,39,32,191,0,5,1,0,6,28,97,40,32,197,0,0,0,197
12/22/2006,PNS,FL,ASO,ES,Towers with Radar,26,91,24,14,155,0,0,5,2,7,26,91,29,16,162,0,0,0,162
12/23/2006,PNS,FL,ASO,ES,Towers with Radar,27,60,26,0,113,0,0,18,0,18,27,60,44,0,131,12,0,12,143
12/24/2006,PNS,FL,ASO,ES,Towers with Radar,26,61,6,0,93,0,0,3,0,3,26,61,9,0,96,2,0,2,98
12/25/2006,PNS,FL,ASO,ES,Towers with Radar,23,60,5,0,88,0,0,0,0,0,23,60,5,0,88,0,0,0,88
12/26/2006,PNS,FL,ASO,ES,Towers with Radar,24,79,27,0,130,0,2,10,0,12,24,81,37,0,142,38,0,38,180
12/27/2006,PNS,FL,ASO,ES,Towers with Radar,26,86,41,2,155,0,1,34,0,35,26,87,75,2,190,19,0,19,209
12/28/2006,PNS,FL,ASO,ES,Towers with Radar,29,93,42,2,166,0,4,22,0,26,29,97,64,2,192,48,0,48,240
12/29/2006,PNS,FL,ASO,ES,Towers with Radar,24,74,35,2,135,0,2,24,0,26,24,76,59,2,161,26,0,26,187
12/30/2006,PNS,FL,ASO,ES,Towers with Radar,30,71,8,0,109,0,1,0,0,1,30,72,8,0,110,0,0,0,110
12/31/2006,PNS,FL,ASO,ES,Towers with Radar,22,65,14,0,101,0,0,2,0,2,22,65,16,0,103,0,0,0,103
01/01/2007,PNS,FL,ASO,ES,Towers with Radar,18,67,16,0,101,0,2,26,0,28,18,69,42,0,129,6,0,6,135
01/02/2007,PNS,FL,ASO,ES,Towers with Radar,32,82,22,1,137,0,0,41,0,41,32,82,63,1,178,59,0,59,237
01/03/2007,PNS,FL,ASO,ES,Towers with Radar,34,107,32,26,199,0,0,23,0,23,34,107,55,26,222,44,0,44,266
01/04/2007,PNS,FL,ASO,ES,Towers with Radar,9,42,8,0,59,0,0,0,0,0,9,42,8,0,59,0,0,0,59
01/05/2007,PNS,FL,ASO,ES,Towers with Radar,31,76,39,41,187,0,0,0,0,0,31,76,39,41,187,52,0,52,239
01/06/2007,PNS,FL,ASO,ES,Towers with Radar,17,62,30,2,111,0,0,1,1,2,17,62,31,3,113,10,0,10,123
01/07/2007,PNS,FL,ASO,ES,Towers with Radar,7,9,4,2,22,0,0,0,0,0,7,9,4,2,22,0,0,0,22
01/08/2007,PNS,FL,ASO,ES,Towers with Radar,24,87,44,30,185,0,1,46,8,55,24,88,90,38,240,48,0,48,288
01/09/2007,PNS,FL,ASO,ES,Towers with Radar,28,78,34,31,171,0,0,0,0,0,28,78,34,31,171,90,24,114,285
01/10/2007,PNS,FL,ASO,ES,Towers with Radar,24,80,27,27,158,0,1,55,2,58,24,81,82,29,216,154,36,190,406
01/11/2007,PNS,FL,ASO,ES,Towers with Radar,30,87,50,70,237,0,0,20,0,20,30,87,70,70,257,30,8,38,295
01/12/2007,PNS,FL,ASO,ES,Towers with Radar,27,86,49,45,207,0,0,23,11,34,27,86,72,56,241,116,14,130,371
01/13/2007,PNS,FL,ASO,ES,Towers with Radar,25,46,34,9,114,0,0,65,14,79,25,46,99,23,193,50,0,50,243
01/14/2007,PNS,FL,ASO,ES,Towers with Radar,21,41,31,19,112,0,0,9,4,13,21,41,40,23,125,42,0,42,167
01/15/2007,PNS,FL,ASO,ES,Towers with Radar,31,66,28,23,148,0,0,0,5,5,31,66,28,28,153,0,4,4,157
01/16/2007,PNS,FL,ASO,ES,Towers with Radar,27,80,21,7,135,0,0,0,1,1,27,80,21,8,136,0,0,0,136
01/17/2007,PNS,FL,ASO,ES,Towers with Radar,26,72,46,51,195,0,1,36,3,40,26,73,82,54,235,62,16,78,313
01/18/2007,PNS,FL,ASO,ES,Towers with Radar,24,80,37,67,208,0,0,34,2,36,24,80,71,69,244,74,18,92,336
01/19/2007,PNS,FL,ASO,ES,Towers with Radar,31,91,48,57,227,0,1,18,8,27,31,92,66,65,254,14,16,30,284
01/20/2007,PNS,FL,ASO,ES,Towers with Radar,25,50,36,28,139,0,0,80,36,116,25,50,116,64,255,92,48,140,395
01/21/2007,PNS,FL,ASO,ES,Towers with Radar,29,57,21,18,125,0,5,0,1,6,29,62,21,19,131,0,0,0,131
01/22/2007,PNS,FL,ASO,ES,Towers with Radar,25,83,30,27,165,0,0,1,3,4,25,83,31,30,169,4,0,4,173
01/23/2007,PNS,FL,ASO,ES,Towers with Radar,30,78,44,37,189,0,0,56,5,61,30,78,100,42,250,84,24,108,358
01/24/2007,PNS,FL,ASO,ES,Towers with Radar,26,82,44,31,183,0,1,38,0,39,26,83,82,31,222,60,0,60,282
01/25/2007,PNS,FL,ASO,ES,Towers with Radar,27,77,35,30,169,0,1,58,3,62,27,78,93,33,231,46,20,66,297
01/26/2007,PNS,FL,ASO,ES,Towers with Radar,24,75,35,25,159,0,2,71,13,86,24,77,106,38,245,64,2,66,311
01/27/2007,PNS,FL,ASO,ES,Towers with Radar,20,54,21,13,108,0,0,31,7,38,20,54,52,20,146,42,0,42,188
01/28/2007,PNS,FL,ASO,ES,Towers with Radar,25,57,22,15,119,0,0,28,31,59,25,57,50,46,178,10,0,10,188
01/29/2007,PNS,FL,ASO,ES,Towers with Radar,24,77,41,21,163,0,2,59,6,67,24,79,100,27,230,37,10,47,277
01/30/2007,PNS,FL,ASO,ES,Towers with Radar,26,72,63,39,200,0,1,41,0,42,26,73,104,39,242,110,0,110,352
01/31/2007,PNS,FL,ASO,ES,Towers with Radar,23,76,41,16,156,0,0,44,1,45,23,76,85,17,201,86,4,90,291
02/01/2007,PNS,FL,ASO,ES,Towers with Radar,27,73,9,0,109,0,0,1,0,1,27,73,10,0,110,0,0,0,110
02/02/2007,PNS,FL,ASO,ES,Towers with Radar,23,66,38,18,145,0,0,2,3,5,23,66,40,21,150,4,8,12,162
02/03/2007,PNS,FL,ASO,ES,Towers with Radar,29,50,29,3,111,0,0,50,10,60,29,50,79,13,171,60,12,72,243
02/04/2007,PNS,FL,ASO,ES,Towers with Radar,22,60,28,18,128,0,2,43,13,58,22,62,71,31,186,54,0,54,240
02/05/2007,PNS,FL,ASO,ES,Towers with Radar,20,81,41,14,156,0,2,55,4,61,20,83,96,18,217,68,16,84,301
02/06/2007,PNS,FL,ASO,ES,Towers with Radar,24,76,31,34,165,0,3,54,2,59,24,79,85,36,224,124,0,124,348
02/07/2007,PNS,FL,ASO,ES,Towers with Radar,29,79,31,38,177,0,0,51,6,57,29,79,82,44,234,80,10,90,324
02/08/2007,PNS,FL,ASO,ES,Towers with Radar,29,87,47,55,218,0,4,72,6,82,29,91,119,61,300,66,28,94,394
02/09/2007,PNS,FL,ASO,ES,Towers with Radar,29,77,36,53,195,0,0,50,19,69,29,77,86,72,264,96,18,114,378
02/10/2007,PNS,FL,ASO,ES,Towers with Radar,24,52,23,18,117,0,19,47,14,80,24,71,70,32,197,78,10,88,285
02/11/2007,PNS,FL,ASO,ES,Towers with Radar,24,55,33,21,133,0,0,45,21,66,24,55,78,42,199,66,22,88,287
02/12/2007,PNS,FL,ASO,ES,Towers with Radar,22,78,26,27,153,0,2,46,0,48,22,80,72,27,201,90,0,90,291
02/13/2007,PNS,FL,ASO,ES,Towers with Radar,28,68,11,12,119,0,0,2,5,7,28,68,13,17,126,0,26,26,152
02/14/2007,PNS,FL,ASO,ES,Towers with Radar,29,74,39,28,170,0,0,15,0,15,29,74,54,28,185,0,10,10,195
02/15/2007,PNS,FL,ASO,ES,Towers with Radar,30,78,54,16,178,0,0,34,0,34,30,78,88,16,212,78,6,84,296
02/16/2007,PNS,FL,ASO,ES,Towers with Radar,27,72,45,10,154,0,2,41,5,48,27,74,86,15,202,30,8,38,240
02/17/2007,PNS,FL,ASO,ES,Towers with Radar,25,42,16,17,100,0,5,35,6,46,25,47,51,23,146,60,6,66,212
02/18/2007,PNS,FL,ASO,ES,Towers with Radar,30,56,25,7,118,0,0,36,9,45,30,56,61,16,163,8,2,10,173
02/19/2007,PNS,FL,ASO,ES,Towers with Radar,27,71,45,4,147,0,0,47,19,66,27,71,92,23,213,68,4,72,285
02/20/2007,PNS,FL,ASO,ES,Towers with Radar,29,72,29,29,159,0,0,49,5,54,29,72,78,34,213,96,6,102,315
02/21/2007,PNS,FL,ASO,ES,Towers with Radar,33,65,50,44,192,0,0,30,12,42,33,65,80,56,234,66,0,66,300
02/22/2007,PNS,FL,ASO,ES,Towers with Radar,33,77,59,14,183,0,1,77,4,82,33,78,136,18,265,168,28,196,461
02/23/2007,PNS,FL,ASO,ES,Towers with Radar,31,71,54,30,186,0,1,62,12,75,31,72,116,42,261,118,34,152,413
02/24/2007,PNS,FL,ASO,ES,Towers with Radar,30,42,24,16,112,0,0,22,8,30,30,42,46,24,142,30,0,30,172
02/25/2007,PNS,FL,ASO,ES,Towers with Radar,27,46,25,13,111,0,0,33,16,49,27,46,58,29,160,78,0,78,238
02/26/2007,PNS,FL,ASO,ES,Towers with Radar,24,80,30,35,169,0,0,68,12,80,24,80,98,47,249,172,20,192,441
02/27/2007,PNS,FL,ASO,ES,Towers with Radar,32,72,43,46,193,0,0,52,0,52,32,72,95,46,245,96,48,144,389
02/28/2007,PNS,FL,ASO,ES,Towers with Radar,23,76,34,52,185,0,0,59,0,59,23,76,93,52,244,144,64,208,452
03/01/2007,PNS,FL,ASO,ES,Towers with Radar,34,73,12,0,119,0,0,0,0,0,34,73,12,0,119,0,0,0,119
03/02/2007,PNS,FL,ASO,ES,Towers with Radar,36,86,52,21,195,0,0,96,8,104,36,86,148,29,299,122,0,122,421
03/03/2007,PNS,FL,ASO,ES,Towers with Radar,26,57,7,4,94,0,0,74,16,90,26,57,81,20,184,88,8,96,280
03/04/2007,PNS,FL,ASO,ES,Towers with Radar,32,48,35,13,128,0,0,41,11,52,32,48,76,24,180,12,0,12,192
03/05/2007,PNS,FL,ASO,ES,Towers with Radar,26,72,30,30,158,0,0,55,6,61,26,72,85,36,219,76,36,112,331
03/06/2007,PNS,FL,ASO,ES,Towers with Radar,27,76,18,22,143,0,0,66,0,66,27,76,84,22,209,140,44,184,393
03/07/2007,PNS,FL,ASO,ES,Towers with Radar,28,75,35,15,153,0,0,48,0,48,28,75,83,15,201,120,4,124,325
03/08/2007,PNS,FL,ASO,ES,Towers with Radar,36,89,50,16,191,0,0,58,6,64,36,89,108,22,255,90,58,148,403
03/09/2007,PNS,FL,ASO,ES,Towers with Radar,29,69,53,36,187,0,4,53,6,63,29,73,106,42,250,84,0,84,334
03/10/2007,PNS,FL,ASO,ES,Towers with Radar,30,50,21,6,107,0,2,61,6,69,30,52,82,12,176,98,14,112,288
03/11/2007,PNS,FL,ASO,ES,Towers with Radar,30,60,34,14,138,0,0,67,4,71,30,60,101,18,209,46,4,50,259
03/12/2007,PNS,FL,ASO,ES,Towers with Radar,32,71,27,43,173,0,0,62,5,67,32,71,89,48,240,136,6,142,382
03/13/2007,PNS,FL,ASO,ES,Towers with Radar,33,81,40,22,176,0,1,50,5,56,33,82,90,27,232,99,22,121,353
03/14/2007,PNS,FL,ASO,ES,Towers with Radar,35,87,36,34,192,0,4,18,3,25,35,91,54,37,217,60,0,60,277
03/15/2007,PNS,FL,ASO,ES,Towers with Radar,29,80,37,32,178,0,0,5,0,5,29,80,42,32,183,18,0,18,201
03/16/2007,PNS,FL,ASO,ES,Towers with Radar,31,81,36,49,197,0,0,8,7,15,31,81,44,56,212,0,2,2,214
03/17/2007,PNS,FL,ASO,ES,Towers with Radar,26,54,15,10,105,0,2,59,4,65,26,56,74,14,170,18,0,18,188
03/18/2007,PNS,FL,ASO,ES,Towers with Radar,26,51,28,8,113,0,4,44,8,56,26,55,72,16,169,70,0,70,239
03/19/2007,PNS,FL,ASO,ES,Towers with Radar,28,89,33,6,156,0,0,48,6,54,28,89,81,12,210,112,44,156,366
03/20/2007,PNS,FL,ASO,ES,Towers with Radar,28,75,38,25,166,0,0,60,4,64,28,75,98,29,230,142,40,182,412
03/21/2007,PNS,FL,ASO,ES,Towers with Radar,27,86,28,20,161,0,0,52,3,55,27,86,80,23,216,120,10,130,346
03/22/2007,PNS,FL,ASO,ES,Towers with Radar,27,78,33,41,179,0,2,51,6,59,27,80,84,47,238,152,28,180,418
03/23/2007,PNS,FL,ASO,ES,Towers with Radar,34,89,33,36,192,0,0,64,14,78,34,89,97,50,270,122,14,136,406
03/24/2007,PNS,FL,ASO,ES,Towers with Radar,26,50,25,20,121,0,0,49,23,72,26,50,74,43,193,56,14,70,263
03/25/2007,PNS,FL,ASO,ES,Towers with Radar,24,67,43,16,150,0,0,36,19,55,24,67,79,35,205,46,12,58,263
03/26/2007,PNS,FL,ASO,ES,Towers with Radar,28,85,43,44,200,0,1,45,5,51,28,86,88,49,251,58,10,68,319
03/27/2007,PNS,FL,ASO,ES,Towers with Radar,30,89,35,26,180,0,3,45,2,50,30,92,80,28,230,129,0,129,359
03/28/2007,PNS,FL,ASO,ES,Towers with Radar,28,87,70,47,232,0,0,31,0,31,28,87,101,47,263,90,22,112,375
03/29/2007,PNS,FL,ASO,ES,Towers with Radar,34,74,37,32,177,0,0,54,8,62,34,74,91,40,239,148,18,166,405
03/30/2007,PNS,FL,ASO,ES,Towers with Radar,34,82,34,41,191,0,3,31,7,41,34,85,65,48,232,72,0,72,304
03/31/2007,PNS,FL,ASO,ES,Towers with Radar,27,55,24,13,119,0,0,2,2,4,27,55,26,15,123,0,0,0,123
04/01/2007,PNS,FL,ASO,ES,Towers with Radar,28,54,34,20,136,0,0,8,11,19,28,54,42,31,155,12,16,28,183
04/02/2007,PNS,FL,ASO,ES,Towers with Radar,29,78,26,32,165,0,0,24,1,25,29,78,50,33,190,26,0,26,216
04/03/2007,PNS,FL,ASO,ES,Towers with Radar,24,85,45,36,190,0,0,39,0,39,24,85,84,36,229,128,4,132,361
04/04/2007,PNS,FL,ASO,ES,Towers with Radar,32,77,31,29,169,0,2,60,0,62,32,79,91,29,231,140,10,150,381
04/05/2007,PNS,FL,ASO,ES,Towers with Radar,28,81,47,25,181,0,0,52,4,56,28,81,99,29,237,24,14,38,275
04/06/2007,PNS,FL,ASO,ES,Towers with Radar,31,76,50,39,196,0,2,53,3,58,31,78,103,42,254,64,0,64,318
04/07/2007,PNS,FL,ASO,ES,Towers with Radar,31,45,17,5,98,0,0,30,0,30,31,45,47,5,128,4,14,18,146
04/08/2007,PNS,FL,ASO,ES,Towers with Radar,26,56,44,2,128,0,0,14,0,14,26,56,58,2,142,14,0,14,156
04/09/2007,PNS,FL,ASO,ES,Towers with Radar,29,82,50,35,196,0,2,47,2,51,29,84,97,37,247,110,20,130,377
04/10/2007,PNS,FL,ASO,ES,Towers with Radar,27,90,33,36,186,0,2,19,0,21,27,92,52,36,207,78,0,78,285
04/11/2007,PNS,FL,ASO,ES,Towers with Radar,28,94,51,54,227,0,1,11,0,12,28,95,62,54,239,62,22,84,323
04/12/2007,PNS,FL,ASO,ES,Towers with Radar,31,73,121,21,246,0,0,0,0,0,31,73,121,21,246,94,0,94,340
04/13/2007,PNS,FL,ASO,ES,Towers with Radar,32,76,45,27,180,0,8,63,14,85,32,84,108,41,265,192,0,192,457
04/14/2007,PNS,FL,ASO,ES,Towers with Radar,25,55,7,1,88,0,0,2,0,2,25,55,9,1,90,0,0,0,90
04/15/2007,PNS,FL,ASO,ES,Towers with Radar,27,55,34,10,126,0,0,4,7,11,27,55,38,17,137,6,0,6,143
04/16/2007,PNS,FL,ASO,ES,Towers with Radar,26,82,32,29,169,0,1,65,6,72,26,83,97,35,241,90,0,90,331
04/17/2007,PNS,FL,ASO,ES,Towers with Radar,30,74,41,50,195,0,1,71,27,99,30,75,112,77,294,156,28,184,478
04/18/2007,PNS,FL,ASO,ES,Towers with Radar,30,79,38,12,159,0,1,39,2,42,30,80,77,14,201,56,0,56,257
04/19/2007,PNS,FL,ASO,ES,Towers with Radar,33,72,55,48,208,0,0,93,3,96,33,72,148,51,304,158,28,186,490
04/20/2007,PNS,FL,ASO,ES,Towers with Radar,33,78,49,38,198,0,1,84,9,94,33,79,133,47,292,108,8,116,408
04/21/2007,PNS,FL,ASO,ES,Towers with Radar,30,57,25,22,134,0,2,69,15,86,30,59,94,37,220,102,0,102,322
04/22/2007,PNS,FL,ASO,ES,Towers with Radar,29,58,40,12,139,0,2,63,9,74,29,60,103,21,213,68,0,68,281
04/23/2007,PNS,FL,ASO,ES,Towers with Radar,36,79,44,17,176,0,0,64,0,64,36,79,108,17,240,164,2,166,406
04/24/2007,PNS,FL,ASO,ES,Towers with Radar,30,73,51,47,201,0,1,63,1,65,30,74,114,48,266,112,8,120,386
04/25/2007,PNS,FL,ASO,ES,Towers with Radar,35,85,56,76,252,0,1,47,1,49,35,86,103,77,301,136,16,152,453
04/26/2007,PNS,FL,ASO,ES,Towers with Radar,32,85,49,30,196,0,2,6,4,12,32,87,55,34,208,6,18,24,232
04/27/2007,PNS,FL,ASO,ES,Towers with Radar,37,82,54,41,214,0,1,72,11,84,37,83,126,52,298,170,0,170,468
04/28/2007,PNS,FL,ASO,ES,Towers with Radar,24,46,29,13,112,0,0,42,14,56,24,46,71,27,168,40,4,44,212
04/29/2007,PNS,FL,ASO,ES,Towers with Radar,30,58,23,16,127,0,3,53,11,67,30,61,76,27,194,92,0,92,286
04/30/2007,PNS,FL,ASO,ES,Towers with Radar,37,81,37,35,190,0,0,70,4,74,37,81,107,39,264,136,0,136,400
05/01/2007,PNS,FL,ASO,ES,Towers with Radar,30,81,27,38,176,0,2,69,2,73,30,83,96,40,249,150,0,150,399
05/02/2007,PNS,FL,ASO,ES,Towers with Radar,31,92,111,30,264,0,0,0,0,0,31,92,111,30,264,116,10,126,390
05/03/2007,PNS,FL,ASO,ES,Towers with Radar,34,65,34,32,165,0,0,63,2,65,34,65,97,34,230,174,38,212,442
05/04/2007,PNS,FL,ASO,ES,Towers with Radar,31,73,40,57,201,0,0,11,11,22,31,73,51,68,223,60,0,60,283
05/05/2007,PNS,FL,ASO,ES,Towers with Radar,28,58,13,14,113,0,0,33,15,48,28,58,46,29,161,114,0,114,275
05/06/2007,PNS,FL,ASO,ES,Towers with Radar,36,58,36,32,162,0,0,41,14,55,36,58,77,46,217,64,0,64,281
05/07/2007,PNS,FL,ASO,ES,Towers with Radar,29,85,21,30,165,0,1,45,6,52,29,86,66,36,217,130,8,138,355
05/08/2007,PNS,FL,ASO,ES,Towers with Radar,36,80,43,48,207,0,3,52,5,60,36,83,95,53,267,78,6,84,351
05/09/2007,PNS,FL,ASO,ES,Towers with Radar,40,89,49,5,183,0,3,66,0,69,40,92,115,5,252,150,2,152,404
05/10/2007,PNS,FL,ASO,ES,Towers with Radar,32,81,52,27,192,0,1,50,7,58,32,82,102,34,250,152,26,178,428
05/11/2007,PNS,FL,ASO,ES,Towers with Radar,33,85,40,63,221,0,3,54,6,63,33,88,94,69,284,204,0,204,488
05/12/2007,PNS,FL,ASO,ES,Towers with Radar,37,49,25,2,113,0,4,33,13,50,37,53,58,15,163,32,0,32,195
05/13/2007,PNS,FL,ASO,ES,Towers with Radar,32,61,15,22,130,0,0,19,18,37,32,61,34,40,167,42,0,42,209
05/14/2007,PNS,FL,ASO,ES,Towers with Radar,34,77,33,37,181,0,0,11,2,13,34,77,44,39,194,12,20,32,226
05/15/2007,PNS,FL,ASO,ES,Towers with Radar,36,75,41,36,188,0,3,21,3,27,36,78,62,39,215,92,36,128,343
05/16/2007,PNS,FL,ASO,ES,Towers with Radar,38,80,40,10,168,0,0,10,0,10,38,80,50,10,178,44,10,54,232
05/17/2007,PNS,FL,ASO,ES,Towers with Radar,34,85,39,30,188,0,4,51,0,55,34,89,90,30,243,32,22,54,297
05/18/2007,PNS,FL,ASO,ES,Towers with Radar,39,81,47,39,206,0,2,51,9,62,39,83,98,48,268,52,0,52,320
05/19/2007,PNS,FL,ASO,ES,Towers with Radar,36,45,31,14,126,0,0,42,24,66,36,45,73,38,192,32,0,32,224
05/20/2007,PNS,FL,ASO,ES,Towers with Radar,35,55,38,16,144,0,9,66,12,87,35,64,104,28,231,46,2,48,279
05/21/2007,PNS,FL,ASO,ES,Towers with Radar,34,86,32,25,177,0,1,43,2,46,34,87,75,27,223,68,22,90,313
05/22/2007,PNS,FL,ASO,ES,Towers with Radar,32,79,37,33,181,0,0,38,0,38,32,79,75,33,219,46,8,54,273
05/23/2007,PNS,FL,ASO,ES,Towers with Radar,30,86,57,37,210,0,12,43,4,59,30,98,100,41,269,116,34,150,419
05/24/2007,PNS,FL,ASO,ES,Towers with Radar,36,71,48,37,192,0,0,32,5,37,36,71,80,42,229,154,22,176,405
05/25/2007,PNS,FL,ASO,ES,Towers with Radar,33,73,55,37,198,0,0,40,14,54,33,73,95,51,252,134,14,148,400
05/26/2007,PNS,FL,ASO,ES,Towers with Radar,31,44,23,14,112,0,3,55,7,65,31,47,78,21,177,80,0,80,257
05/27/2007,PNS,FL,ASO,ES,Towers with Radar,29,43,25,11,108,0,11,46,2,59,29,54,71,13,167,76,6,82,249
05/28/2007,PNS,FL,ASO,ES,Towers with Radar,29,65,39,5,138,0,5,43,8,56,29,70,82,13,194,22,0,22,216
05/29/2007,PNS,FL,ASO,ES,Towers with Radar,29,74,37,60,200,0,7,18,8,33,29,81,55,68,233,0,0,0,233
05/30/2007,PNS,FL,ASO,ES,Towers with Radar,41,77,43,12,173,0,0,9,0,9,41,77,52,12,182,25,0,25,207
05/31/2007,PNS,FL,ASO,ES,Towers with Radar,34,81,32,35,182,0,2,29,8,39,34,83,61,43,221,78,0,78,299
06/01/2007,PNS,FL,ASO,ES,Towers with Radar,36,76,46,56,214,0,3,41,13,57,36,79,87,69,271,36,12,48,319
06/02/2007,PNS,FL,ASO,ES,Towers with Radar,34,52,24,17,127,0,4,15,23,42,34,56,39,40,169,22,10,32,201
06/03/2007,PNS,FL,ASO,ES,Towers with Radar,28,58,31,13,130,0,1,20,9,30,28,59,51,22,160,40,4,44,204
06/04/2007,PNS,FL,ASO,ES,Towers with Radar,31,83,22,8,144,0,2,9,3,14,31,85,31,11,158,16,0,16,174
06/05/2007,PNS,FL,ASO,ES,Towers with Radar,34,81,38,50,203,0,0,38,0,38,34,81,76,50,241,48,0,48,289
06/06/2007,PNS,FL,ASO,ES,Towers with Radar,37,92,43,28,200,0,0,23,5,28,37,92,66,33,228,10,0,10,238
06/07/2007,PNS,FL,ASO,ES,Towers with Radar,34,80,39,44,197,0,0,11,2,13,34,80,50,46,210,6,0,6,216
06/08/2007,PNS,FL,ASO,ES,Towers with Radar,39,79,27,13,158,0,4,15,12,31,39,83,42,25,189,44,0,44,233
06/09/2007,PNS,FL,ASO,ES,Towers with Radar,35,55,29,6,125,0,4,23,7,34,35,59,52,13,159,14,4,18,177
06/10/2007,PNS,FL,ASO,ES,Towers with Radar,34,65,47,24,170,0,0,40,15,55,34,65,87,39,225,14,0,14,239
06/11/2007,PNS,FL,ASO,ES,Towers with Radar,31,82,32,46,191,0,6,32,0,38,31,88,64,46,229,2,0,2,231
06/12/2007,PNS,FL,ASO,ES,Towers with Radar,28,92,30,40,190,0,1,28,2,31,28,93,58,42,221,8,6,14,235
06/13/2007,PNS,FL,ASO,ES,Towers with Radar,35,80,53,24,192,0,1,35,1,37,35,81,88,25,229,24,20,44,273
06/14/2007,PNS,FL,ASO,ES,Towers with Radar,31,79,39,41,190,0,0,46,0,46,31,79,85,41,236,44,4,48,284
06/15/2007,PNS,FL,ASO,ES,Towers with Radar,36,73,51,40,200,0,1,38,3,42,36,74,89,43,242,34,0,34,276
06/16/2007,PNS,FL,ASO,ES,Towers with Radar,32,55,23,6,116,0,2,33,5,40,32,57,56,11,156,24,0,24,180
06/17/2007,PNS,FL,ASO,ES,Towers with Radar,33,53,27,6,119,0,4,25,7,36,33,57,52,13,155,14,0,14,169
06/18/2007,PNS,FL,ASO,ES,Towers with Radar,32,81,16,6,135,0,3,13,1,17,32,84,29,7,152,0,0,0,152
06/19/2007,PNS,FL,ASO,ES,Towers with Radar,31,85,29,19,164,0,0,11,0,11,31,85,40,19,175,8,0,8,183
06/20/2007,PNS,FL,ASO,ES,Towers with Radar,34,88,58,52,232,0,0,39,0,39,34,88,97,52,271,64,0,64,335
06/21/2007,PNS,FL,ASO,ES,Towers with Radar,37,79,36,25,177,0,2,77,3,82,37,81,113,28,259,70,18,88,347
06/22/2007,PNS,FL,ASO,ES,Towers with Radar,34,78,62,48,222,0,0,54,3,57,34,78,116,51,279,60,0,60,339
06/23/2007,PNS,FL,ASO,ES,Towers with Radar,35,54,26,8,123,0,1,62,24,87,35,55,88,32,210,20,0,20,230
06/24/2007,PNS,FL,ASO,ES,Towers with Radar,38,58,33,21,150,0,3,48,14,65,38,61,81,35,215,58,0,58,273
06/25/2007,PNS,FL,ASO,ES,Towers with Radar,27,68,26,27,148,0,1,41,3,45,27,69,67,30,193,88,0,88,281
06/26/2007,PNS,FL,ASO,ES,Towers with Radar,31,77,38,14,160,0,0,59,0,59,31,77,97,14,219,108,4,112,331
06/27/2007,PNS,FL,ASO,ES,Towers with Radar,32,82,63,19,196,0,5,46,6,57,32,87,109,25,253,100,26,126,379
06/28/2007,PNS,FL,ASO,ES,Towers with Radar,30,77,35,39,181,0,0,51,10,61,30,77,86,49,242,186,0,186,428
06/29/2007,PNS,FL,ASO,ES,Towers with Radar,40,75,60,55,230,0,4,64,5,73,40,79,124,60,303,190,30,220,523
06/30/2007,PNS,FL,ASO,ES,Towers with Radar,34,55,37,7,133,0,3,59,4,66,34,58,96,11,199,90,0,90,289
07/01/2007,PNS,FL,ASO,ES,Towers with Radar,32,44,24,20,120,0,0,41,9,50,32,44,65,29,170,64,0,64,234
07/02/2007,PNS,FL,ASO,ES,Towers with Radar,26,74,38,12,150,0,0,36,3,39,26,74,74,15,189,88,0,88,277
07/03/2007,PNS,FL,ASO,ES,Towers with Radar,25,68,19,12,124,0,0,40,0,40,25,68,59,12,164,66,0,66,230
07/04/2007,PNS,FL,ASO,ES,Towers with Radar,31,70,10,1,112,0,0,25,0,25,31,70,35,1,137,28,0,28,165
07/05/2007,PNS,FL,ASO,ES,Towers with Radar,33,84,36,18,171,0,5,24,0,29,33,89,60,18,200,48,0,48,248
07/06/2007,PNS,FL,ASO,ES,Towers with Radar,30,71,92,58,251,0,0,0,0,0,30,71,92,58,251,160,22,182,433
07/07/2007,PNS,FL,ASO,ES,Towers with Radar,31,51,24,8,114,0,0,58,4,62,31,51,82,12,176,80,0,80,256
07/08/2007,PNS,FL,ASO,ES,Towers with Radar,36,55,24,4,119,0,4,35,11,50,36,59,59,15,169,20,0,20,189
07/09/2007,PNS,FL,ASO,ES,Towers with Radar,30,88,26,29,173,0,1,57,6,64,30,89,83,35,237,116,20,136,373
07/10/2007,PNS,FL,ASO,ES,Towers with Radar,31,74,46,40,191,0,1,63,0,64,31,75,109,40,255,114,2,116,371
07/11/2007,PNS,FL,ASO,ES,Towers with Radar,32,91,48,29,200,0,1,51,1,53,32,92,99,30,253,120,0,120,373
07/12/2007,PNS,FL,ASO,ES,Towers with Radar,35,80,32,45,192,0,1,57,1,59,35,81,89,46,251,98,0,98,349
07/13/2007,PNS,FL,ASO,ES,Towers with Radar,35,81,39,48,203,0,2,43,17,62,35,83,82,65,265,92,0,92,357
07/14/2007,PNS,FL,ASO,ES,Towers with Radar,31,57,14,22,124,0,0,38,7,45,31,57,52,29,169,84,0,84,253
07/15/2007,PNS,FL,ASO,ES,Towers with Radar,33,48,33,14,128,0,6,16,9,31,33,54,49,23,159,18,0,18,177
07/16/2007,PNS,FL,ASO,ES,Towers with Radar,33,79,33,22,167,0,0,53,1,54,33,79,86,23,221,158,0,158,379
07/17/2007,PNS,FL,ASO,ES,Towers with Radar,33,88,28,35,184,0,1,57,0,58,33,89,85,35,242,174,8,182,424
07/18/2007,PNS,FL,ASO,ES,Towers with Radar,34,84,50,44,212,0,0,73,0,73,34,84,123,44,285,106,0,106,391
07/19/2007,PNS,FL,ASO,ES,Towers with Radar,36,86,48,30,200,0,3,77,11,91,36,89,125,41,291,180,6,186,477
07/20/2007,PNS,FL,ASO,ES,Towers with Radar,38,74,43,40,195,0,2,69,7,78,38,76,112,47,273,188,6,194,467
07/21/2007,PNS,FL,ASO,ES,Towers with Radar,38,58,32,14,142,0,5,39,12,56,38,63,71,26,198,62,0,62,260
07/22/2007,PNS,FL,ASO,ES,Towers with Radar,35,65,37,6,143,0,2,40,5,47,35,67,77,11,190,28,24,52,242
07/23/2007,PNS,FL,ASO,ES,Towers with Radar,32,76,24,12,144,0,0,39,1,40,32,76,63,13,184,78,20,98,282
07/24/2007,PNS,FL,ASO,ES,Towers with Radar,31,85,39,46,201,0,0,40,4,44,31,85,79,50,245,186,30,216,461
07/25/2007,PNS,FL,ASO,ES,Towers with Radar,34,78,36,22,170,0,0,68,0,68,34,78,104,22,238,138,6,144,382
07/26/2007,PNS,FL,ASO,ES,Towers with Radar,38,94,44,29,205,0,2,87,0,89,38,96,131,29,294,193,0,193,487
07/27/2007,PNS,FL,ASO,ES,Towers with Radar,34,82,29,14,159,0,2,45,17,64,34,84,74,31,223,211,4,215,438
07/28/2007,PNS,FL,ASO,ES,Towers with Radar,36,57,25,6,124,0,5,43,14,62,36,62,68,20,186,78,14,92,278
07/29/2007,PNS,FL,ASO,ES,Towers with Radar,26,55,28,8,117,0,9,58,26,93,26,64,86,34,210,90,10,100,310
07/30/2007,PNS,FL,ASO,ES,Towers with Radar,30,75,37,31,173,0,0,24,10,34,30,75,61,41,207,92,24,116,323
07/31/2007,PNS,FL,ASO,ES,Towers with Radar,32,79,33,4,148,0,0,31,2,33,32,79,64,6,181,64,4,68,249
08/01/2007,PNS,FL,ASO,ES,Towers with Radar,35,72,26,45,178,0,2,41,0,43,35,74,67,45,221,102,0,102,323
08/02/2007,PNS,FL,ASO,ES,Towers with Radar,34,76,46,27,183,0,4,40,2,46,34,80,86,29,229,106,0,106,335
08/03/2007,PNS,FL,ASO,ES,Towers with Radar,28,83,48,15,174,0,3,51,6,60,28,86,99,21,234,144,0,144,378
08/04/2007,PNS,FL,ASO,ES,Towers with Radar,30,58,31,7,126,0,2,59,7,68,30,60,90,14,194,84,0,84,278
08/05/2007,PNS,FL,ASO,ES,Towers with Radar,27,60,40,8,135,0,13,40,12,65,27,73,80,20,200,84,10,94,294
08/06/2007,PNS,FL,ASO,ES,Towers with Radar,28,79,74,37,218,0,0,0,0,0,28,79,74,37,218,92,6,98,316
08/07/2007,PNS,FL,ASO,ES,Towers with Radar,34,82,28,36,180,0,0,52,2,54,34,82,80,38,234,74,4,78,312
08/08/2007,PNS,FL,ASO,ES,Towers with Radar,36,92,56,23,207,0,0,0,0,0,36,92,56,23,207,96,10,106,313
08/09/2007,PNS,FL,ASO,ES,Towers with Radar,35,93,51,21,200,0,0,37,2,39,35,93,88,23,239,68,8,76,315
08/10/2007,PNS,FL,ASO,ES,Towers with Radar,41,78,48,52,219,0,0,42,8,50,41,78,90,60,269,102,10,112,381
08/11/2007,PNS,FL,ASO,ES,Towers with Radar,38,49,40,3,130,0,6,47,12,65,38,55,87,15,195,68,0,68,263
08/12/2007,PNS,FL,ASO,ES,Towers with Radar,30,63,31,12,136,0,4,19,15,38,30,67,50,27,174,24,0,24,198
08/13/2007,PNS,FL,ASO,ES,Towers with Radar,32,77,34,25,168,0,1,44,0,45,32,78,78,25,213,106,0,106,319
08/14/2007,PNS,FL,ASO,ES,Towers with Radar,35,76,54,24,189,0,0,59,2,61,35,76,113,26,250,142,16,158,408
08/15/2007,PNS,FL,ASO,ES,Towers with Radar,34,83,31,16,164,0,0,54,0,54,34,83,85,16,218,126,4,130,348
08/16/2007,PNS,FL,ASO,ES,Towers with Radar,39,83,44,36,202,0,0,51,18,69,39,83,95,54,271,90,4,94,365
08/17/2007,PNS,FL,ASO,ES,Towers with Radar,29,78,44,6,157,0,6,48,2,56,29,84,92,8,213,80,0,80,293
08/18/2007,PNS,FL,ASO,ES,Towers with Radar,38,56,87,39,220,0,0,0,0,0,38,56,87,39,220,94,22,116,336
08/19/2007,PNS,FL,ASO,ES,Towers with Radar,32,59,24,6,121,0,0,44,16,60,32,59,68,22,181,56,2,58,239
08/20/2007,PNS,FL,ASO,ES,Towers with Radar,30,81,31,23,165,0,0,40,4,44,30,81,71,27,209,78,24,102,311
08/21/2007,PNS,FL,ASO,ES,Towers with Radar,34,83,44,23,184,0,1,26,0,27,34,84,70,23,211,132,16,148,359
08/22/2007,PNS,FL,ASO,ES,Towers with Radar,37,92,26,18,173,0,1,39,6,46,37,93,65,24,219,108,16,124,343
08/23/2007,PNS,FL,ASO,ES,Towers with Radar,29,82,34,28,173,0,1,29,0,30,29,83,63,28,203,166,6,172,375
08/24/2007,PNS,FL,ASO,ES,Towers with Radar,29,74,25,33,161,0,4,41,16,61,29,78,66,49,222,110,10,120,342
08/25/2007,PNS,FL,ASO,ES,Towers with Radar,31,54,28,7,120,0,1,42,24,67,31,55,70,31,187,158,0,158,345
08/26/2007,PNS,FL,ASO,ES,Towers with Radar,27,60,26,14,127,0,2,25,24,51,27,62,51,38,178,86,0,86,264
08/27/2007,PNS,FL,ASO,ES,Towers with Radar,32,80,21,20,153,0,3,19,3,25,32,83,40,23,178,76,2,78,256
08/28/2007,PNS,FL,ASO,ES,Towers with Radar,27,73,35,12,147,0,0,19,7,26,27,73,54,19,173,56,30,86,259
08/29/2007,PNS,FL,ASO,ES,Towers with Radar,28,68,42,9,147,0,2,74,5,81,28,70,116,14,228,232,8,240,468
08/30/2007,PNS,FL,ASO,ES,Towers with Radar,30,84,37,49,200,0,4,59,0,63,30,88,96,49,263,172,0,172,435
08/31/2007,PNS,FL,ASO,ES,Towers with Radar,36,85,62,31,214,0,0,20,2,22,36,85,82,33,236,28,6,34,270
09/01/2007,PNS,FL,ASO,ES,Towers with Radar,30,48,19,8,105,0,0,29,4,33,30,48,48,12,138,42,0,42,180
09/02/2007,PNS,FL,ASO,ES,Towers with Radar,24,43,24,3,94,0,0,0,0,0,24,43,24,3,94,24,0,24,118
09/03/2007,PNS,FL,ASO,ES,Towers with Radar,21,53,30,11,115,0,0,21,0,21,21,53,51,11,136,44,0,44,180
09/04/2007,PNS,FL,ASO,ES,Towers with Radar,32,75,24,7,138,0,10,74,11,95,32,85,98,18,233,102,0,102,335
09/05/2007,PNS,FL,ASO,ES,Towers with Radar,36,83,23,25,167,0,0,73,2,75,36,83,96,27,242,108,14,122,364
09/06/2007,PNS,FL,ASO,ES,Towers with Radar,33,88,55,32,208,0,0,42,0,42,33,88,97,32,250,84,40,124,374
09/07/2007,PNS,FL,ASO,ES,Towers with Radar,39,80,39,40,198,0,4,13,8,25,39,84,52,48,223,24,0,24,247
09/08/2007,PNS,FL,ASO,ES,Towers with Radar,35,51,14,15,115,0,1,41,14,56,35,52,55,29,171,50,26,76,247
09/09/2007,PNS,FL,ASO,ES,Towers with Radar,30,50,32,13,125,0,0,60,15,75,30,50,92,28,200,50,0,50,250
09/10/2007,PNS,FL,ASO,ES,Towers with Radar,30,73,20,18,141,0,0,62,6,68,30,73,82,24,209,86,38,124,333
09/11/2007,PNS,FL,ASO,ES,Towers with Radar,32,79,25,29,165,0,6,27,1,34,32,85,52,30,199,46,30,76,275
09/12/2007,PNS,FL,ASO,ES,Towers with Radar,32,80,41,11,164,0,2,58,0,60,32,82,99,11,224,76,0,76,300
09/13/2007,PNS,FL,ASO,ES,Towers with Radar,30,75,32,34,171,0,0,23,0,23,30,75,55,34,194,136,0,136,330
09/14/2007,PNS,FL,ASO,ES,Towers with Radar,25,77,26,31,159,0,1,26,10,37,25,78,52,41,196,44,0,44,240
09/15/2007,PNS,FL,ASO,ES,Towers with Radar,30,45,28,11,114,0,4,62,24,90,30,49,90,35,204,78,4,82,286
09/16/2007,PNS,FL,ASO,ES,Towers with Radar,33,51,25,11,120,0,6,66,15,87,33,57,91,26,207,64,14,78,285
09/17/2007,PNS,FL,ASO,ES,Towers with Radar,33,72,24,40,169,0,1,58,3,62,33,73,82,43,231,86,10,96,327
09/18/2007,PNS,FL,ASO,ES,Towers with Radar,36,83,41,37,197,0,0,55,0,55,36,83,96,37,252,78,10,88,340
09/19/2007,PNS,FL,ASO,ES,Towers with Radar,33,71,94,31,229,0,0,0,0,0,33,71,94,31,229,144,20,164,393
09/20/2007,PNS,FL,ASO,ES,Towers with Radar,34,81,40,24,179,0,0,0,0,0,34,81,40,24,179,80,0,80,259
09/21/2007,PNS,FL,ASO,ES,Towers with Radar,38,77,23,1,139,0,0,3,0,3,38,77,26,1,142,0,0,0,142
09/22/2007,PNS,FL,ASO,ES,Towers with Radar,30,41,16,10,97,0,0,6,0,6,30,41,22,10,103,10,0,10,113
09/23/2007,PNS,FL,ASO,ES,Towers with Radar,35,50,21,8,114,0,0,2,15,17,35,50,23,23,131,12,0,12,143
09/24/2007,PNS,FL,ASO,ES,Towers with Radar,28,81,31,27,167,0,2,51,20,73,28,83,82,47,240,116,0,116,356
09/25/2007,PNS,FL,ASO,ES,Towers with Radar,30,78,48,23,179,0,2,59,0,61,30,80,107,23,240,123,0,123,363
09/26/2007,PNS,FL,ASO,ES,Towers with Radar,29,70,42,39,180,0,0,66,0,66,29,70,108,39,246,116,0,116,362
09/27/2007,PNS,FL,ASO,ES,Towers with Radar,34,74,29,46,183,0,6,59,2,67,34,80,88,48,250,148,0,148,398
09/28/2007,PNS,FL,ASO,ES,Towers with Radar,33,76,52,26,187,0,0,63,4,67,33,76,115,30,254,186,0,186,440
09/29/2007,PNS,FL,ASO,ES,Towers with Radar,40,44,25,7,116,0,3,45,12,60,40,47,70,19,176,80,0,80,256
09/30/2007,PNS,FL,ASO,ES,Towers with Radar,32,53,30,11,126,0,1,52,8,61,32,54,82,19,187,66,12,78,265
10/01/2007,PNS,FL,ASO,ES,Towers with Radar,26,79,27,25,157,0,4,41,6,51,26,98,68,31,223,144,6,150,375
10/02/2007,PNS,FL,ASO,ES,Towers with Radar,33,68,35,29,165,0,0,49,4,53,33,70,84,33,220,232,6,238,459
10/03/2007,PNS,FL,ASO,ES,Towers with Radar,28,85,43,26,182,0,0,2,0,2,28,87,45,26,186,70,4,74,262
10/04/2007,PNS,FL,ASO,ES,Towers with Radar,36,92,45,34,207,0,1,18,3,22,36,97,63,37,233,94,10,104,340
10/05/2007,PNS,FL,ASO,ES,Towers with Radar,32,79,45,42,198,0,0,27,9,36,32,104,72,51,259,108,18,126,390
10/06/2007,PNS,FL,ASO,ES,Towers with Radar,34,42,20,5,101,0,0,18,7,25,34,52,38,12,136,68,0,68,205
10/07/2007,PNS,FL,ASO,ES,Towers with Radar,29,50,23,8,110,0,0,23,7,30,29,81,46,15,171,36,0,36,212
10/08/2007,PNS,FL,ASO,ES,Towers with Radar,33,58,23,27,141,0,0,57,14,71,33,72,80,41,226,122,0,122,352
10/09/2007,PNS,FL,ASO,ES,Towers with Radar,29,86,43,25,183,0,0,62,7,69,29,95,105,32,261,204,10,214,476
10/10/2007,PNS,FL,ASO,ES,Towers with Radar,41,78,45,20,184,0,0,74,1,75,41,88,119,21,269,128,106,234,513
10/11/2007,PNS,FL,ASO,ES,Towers with Radar,30,85,47,27,189,0,1,54,3,58,30,86,101,30,247,102,20,122,378
10/12/2007,PNS,FL,ASO,ES,Towers with Radar,37,87,35,40,199,0,4,57,10,71,37,110,92,50,289,116,0,116,405
10/13/2007,PNS,FL,ASO,ES,Towers with Radar,36,45,24,27,132,0,1,64,10,75,36,66,88,37,227,112,0,112,340
10/14/2007,PNS,FL,ASO,ES,Towers with Radar,34,54,34,27,149,0,7,61,25,93,34,78,95,52,259,66,10,76,335
10/15/2007,PNS,FL,ASO,ES,Towers with Radar,29,76,42,4,151,0,0,46,4,50,29,87,88,8,212,146,2,148,373
10/16/2007,PNS,FL,ASO,ES,Towers with Radar,37,70,24,53,184,0,1,11,0,12,37,85,35,53,210,116,4,120,332
10/17/2007,PNS,FL,ASO,ES,Towers with Radar,35,79,53,19,186,0,0,22,1,23,35,79,75,20,209,100,10,110,319
10/18/2007,PNS,FL,ASO,ES,Towers with Radar,39,72,16,0,127,0,0,1,0,1,39,72,17,0,128,0,0,0,128
10/19/2007,PNS,FL,ASO,ES,Towers with Radar,32,82,22,49,185,0,5,23,17,45,32,105,45,66,248,124,14,138,396
10/20/2007,PNS,FL,ASO,ES,Towers with Radar,33,43,33,17,126,0,1,54,20,75,33,48,87,37,205,212,28,240,445
10/21/2007,PNS,FL,ASO,ES,Towers with Radar,31,61,31,20,143,0,4,34,7,45,31,74,65,27,197,22,0,22,219
10/22/2007,PNS,FL,ASO,ES,Towers with Radar,40,66,12,2,120,0,0,2,1,3,40,66,14,3,123,0,0,0,123
10/23/2007,PNS,FL,ASO,ES,Towers with Radar,35,80,25,49,189,0,0,8,0,8,35,82,33,49,199,46,0,46,246
10/24/2007,PNS,FL,ASO,ES,Towers with Radar,40,82,57,88,267,0,2,84,0,86,40,87,141,88,356,236,28,264,621
10/25/2007,PNS,FL,ASO,ES,Towers with Radar,31,74,47,31,183,0,0,49,1,50,31,92,96,32,251,136,30,166,422
10/26/2007,PNS,FL,ASO,ES,Towers with Radar,39,86,48,28,201,0,0,0,0,0,39,121,48,28,236,110,32,142,383
10/27/2007,PNS,FL,ASO,ES,Towers with Radar,31,55,24,22,132,0,0,34,34,68,31,66,58,56,211,74,0,74,287
10/28/2007,PNS,FL,ASO,ES,Towers with Radar,31,49,28,12,120,0,1,56,31,88,31,60,84,43,218,70,38,108,329
10/29/2007,PNS,FL,ASO,ES,Towers with Radar,36,78,38,36,188,0,3,84,2,89,36,89,122,38,285,188,0,188,483
10/30/2007,PNS,FL,ASO,ES,Towers with Radar,31,77,42,44,194,0,1,81,4,86,31,82,123,48,284,146,8,154,441
10/31/2007,PNS,FL,ASO,ES,Towers with Radar,30,70,45,23,168,0,0,44,6,50,30,79,89,29,227,89,22,111,340
11/01/2007,PNS,FL,ASO,ES,Towers with Radar,34,80,44,34,192,0,0,41,6,47,34,89,85,40,248,58,10,68,320
11/02/2007,PNS,FL,ASO,ES,Towers with Radar,31,80,43,36,190,0,1,64,17,82,31,116,107,53,307,70,20,90,401
11/03/2007,PNS,FL,ASO,ES,Towers with Radar,31,44,22,17,114,0,0,54,20,74,31,63,76,37,207,134,2,136,350
11/04/2007,PNS,FL,ASO,ES,Towers with Radar,30,52,38,35,155,0,6,44,26,76,30,83,82,61,256,64,2,66,328
11/05/2007,PNS,FL,ASO,ES,Towers with Radar,29,79,35,40,183,0,2,49,3,54,29,93,84,43,249,176,22,198,451
11/06/2007,PNS,FL,ASO,ES,Towers with Radar,33,78,47,21,179,0,0,35,2,37,33,110,82,23,248,134,20,154,411
11/07/2007,PNS,FL,ASO,ES,Towers with Radar,33,89,36,65,223,0,0,46,20,66,33,94,82,85,294,102,4,106,406
11/08/2007,PNS,FL,ASO,ES,Towers with Radar,44,92,49,86,271,0,2,61,7,70,44,106,110,93,353,84,0,84,440
11/09/2007,PNS,FL,ASO,ES,Towers with Radar,37,75,69,60,241,0,0,56,23,79,37,92,125,83,337,72,2,74,415
11/10/2007,PNS,FL,ASO,ES,Towers with Radar,35,46,18,53,152,0,8,29,30,67,35,84,47,83,249,92,6,98,347
11/11/2007,PNS,FL,ASO,ES,Towers with Radar,33,61,58,26,178,0,2,68,36,106,33,68,126,62,289,60,6,66,356
11/12/2007,PNS,FL,ASO,ES,Towers with Radar,29,62,33,13,137,0,0,60,19,79,29,77,93,32,231,152,0,152,387
11/13/2007,PNS,FL,ASO,ES,Towers with Radar,29,71,22,53,175,0,0,42,9,51,29,84,64,62,239,200,12,212,453
11/14/2007,PNS,FL,ASO,ES,Towers with Radar,28,89,39,58,214,0,0,39,2,41,28,97,78,60,263,110,24,134,405
11/15/2007,PNS,FL,ASO,ES,Towers with Radar,42,83,30,26,181,0,0,42,2,44,42,107,72,28,249,14,24,38,292
11/16/2007,PNS,FL,ASO,ES,Towers with Radar,30,85,45,67,227,0,0,61,12,73,30,99,106,79,314,236,6,242,561
11/17/2007,PNS,FL,ASO,ES,Towers with Radar,37,42,37,21,137,0,2,53,31,86,37,68,90,52,247,236,6,242,490
11/18/2007,PNS,FL,ASO,ES,Towers with Radar,35,56,34,24,149,0,4,39,30,73,35,91,73,54,253,66,14,80,334
11/19/2007,PNS,FL,ASO,ES,Towers with Radar,28,78,48,41,195,0,0,67,1,68,28,80,115,42,265,182,4,186,463
11/20/2007,PNS,FL,ASO,ES,Towers with Radar,34,81,61,32,208,0,1,42,3,46,34,89,103,35,261,199,26,225,492
11/21/2007,PNS,FL,ASO,ES,Towers with Radar,33,93,39,6,171,0,0,0,0,0,33,99,39,6,177,60,0,60,237
11/22/2007,PNS,FL,ASO,ES,Towers with Radar,20,33,16,0,69,0,0,12,0,12,20,61,28,0,109,0,0,0,109
11/23/2007,PNS,FL,ASO,ES,Towers with Radar,29,65,37,5,136,0,1,40,0,41,29,75,77,5,186,34,2,36,225
11/24/2007,PNS,FL,ASO,ES,Towers with Radar,45,57,41,0,143,0,4,24,0,28,45,75,65,0,185,34,0,34,220
11/25/2007,PNS,FL,ASO,ES,Towers with Radar,35,57,33,3,128,0,0,0,0,0,35,57,33,3,128,0,0,0,128
11/26/2007,PNS,FL,ASO,ES,Towers with Radar,30,76,22,45,173,0,0,28,0,28,30,84,50,45,209,122,0,122,332
11/27/2007,PNS,FL,ASO,ES,Towers with Radar,29,81,46,41,197,0,1,52,1,54,29,87,98,42,256,116,12,128,387
11/28/2007,PNS,FL,ASO,ES,Towers with Radar,35,67,39,50,191,0,2,58,1,61,35,73,97,51,256,173,32,205,521
11/29/2007,PNS,FL,ASO,ES,Towers with Radar,40,92,35,42,209,0,0,57,0,57,40,96,92,42,270,174,0,174,444
11/30/2007,PNS,FL,ASO,ES,Towers with Radar,39,78,46,67,230,0,3,62,14,79,39,94,108,81,322,132,8,140,468
12/01/2007,PNS,FL,ASO,ES,Towers with Radar,37,44,37,13,131,0,0,48,21,69,37,59,85,34,215,122,6,128,346
12/02/2007,PNS,FL,ASO,ES,Towers with Radar,27,47,46,45,165,0,0,11,9,20,27,51,57,54,189,28,6,34,223
12/03/2007,PNS,FL,ASO,ES,Towers with Radar,32,79,31,27,169,0,4,46,13,63,32,97,77,40,246,94,38,132,381
12/04/2007,PNS,FL,ASO,ES,Towers with Radar,34,73,21,30,158,0,0,77,1,78,34,83,98,31,246,132,30,162,415
12/05/2007,PNS,FL,ASO,ES,Towers with Radar,38,69,37,33,177,0,11,62,3,76,38,87,99,36,260,130,28,158,419
12/06/2007,PNS,FL,ASO,ES,Towers with Radar,37,72,53,44,206,0,1,54,4,59,37,87,107,48,279,110,46,156,439
12/07/2007,PNS,FL,ASO,ES,Towers with Radar,30,80,43,47,200,0,2,29,2,33,30,82,72,49,233,114,0,114,347
12/08/2007,PNS,FL,ASO,ES,Towers with Radar,30,53,23,7,113,0,0,0,1,1,30,53,23,8,114,0,0,0,114
12/09/2007,PNS,FL,ASO,ES,Towers with Radar,24,55,35,22,136,0,0,6,6,12,24,55,41,28,148,0,0,0,150
12/10/2007,PNS,FL,ASO,ES,Towers with Radar,26,76,53,38,193,0,4,23,4,31,26,80,76,42,224,30,2,32,258
12/11/2007,PNS,FL,ASO,ES,Towers with Radar,31,70,56,78,235,0,1,16,0,17,31,72,72,78,253,28,0,28,282
12/12/2007,PNS,FL,ASO,ES,Towers with Radar,35,88,65,108,296,0,2,39,4,45,35,90,104,112,341,66,8,74,421
12/13/2007,PNS,FL,ASO,ES,Towers with Radar,33,93,49,64,239,0,0,37,6,43,33,122,86,70,311,150,26,176,487
12/14/2007,PNS,FL,ASO,ES,Towers with Radar,32,85,55,58,230,0,0,46,12,58,32,98,101,70,301,92,16,108,412
12/15/2007,PNS,FL,ASO,ES,Towers with Radar,35,50,10,7,102,0,0,0,2,2,35,52,10,9,106,0,0,0,107
12/16/2007,PNS,FL,ASO,ES,Towers with Radar,27,51,27,10,115,0,3,32,11,46,27,61,59,21,168,58,0,58,226
12/17/2007,PNS,FL,ASO,ES,Towers with Radar,28,70,29,31,158,0,2,58,11,71,28,87,87,42,244,198,24,222,475
12/18/2007,PNS,FL,ASO,ES,Towers with Radar,32,84,26,30,172,0,1,50,4,55,32,92,76,34,234,175,14,189,427
12/19/2007,PNS,FL,ASO,ES,Towers with Radar,34,63,35,60,192,0,2,55,1,58,34,65,90,61,250,168,26,194,447
12/20/2007,PNS,FL,ASO,ES,Towers with Radar,34,68,31,26,159,0,0,16,1,17,34,72,47,27,180,130,2,132,314
12/21/2007,PNS,FL,ASO,ES,Towers with Radar,37,82,57,26,202,0,3,54,0,57,37,104,111,26,278,86,0,86,370
12/22/2007,PNS,FL,ASO,ES,Towers with Radar,30,74,45,2,151,0,0,0,0,0,30,74,45,2,151,0,0,0,152
12/23/2007,PNS,FL,ASO,ES,Towers with Radar,30,60,33,0,123,0,0,22,0,22,30,82,55,0,167,30,0,30,197
12/24/2007,PNS,FL,ASO,ES,Towers with Radar,22,52,17,2,93,0,7,18,0,25,44,59,35,2,140,38,0,38,179
12/25/2007,PNS,FL,ASO,ES,Towers with Radar,23,44,8,0,75,0,1,6,0,7,23,56,14,0,93,0,0,0,93
12/26/2007,PNS,FL,ASO,ES,Towers with Radar,40,74,26,8,148,0,3,16,0,19,40,86,42,8,176,20,0,20,199
12/27/2007,PNS,FL,ASO,ES,Towers with Radar,34,86,29,14,163,0,0,12,0,12,34,88,41,14,177,16,12,28,205
12/28/2007,PNS,FL,ASO,ES,Towers with Radar,30,91,20,3,144,0,1,0,1,2,30,92,20,4,146,0,0,0,146
12/29/2007,PNS,FL,ASO,ES,Towers with Radar,30,60,29,1,120,0,1,2,0,3,30,68,31,1,130,20,0,20,150
12/30/2007,PNS,FL,ASO,ES,Towers with Radar,28,66,13,0,107,0,1,2,0,3,28,70,15,0,113,0,0,0,114
12/31/2007,PNS,FL,ASO,ES,Towers with Radar,27,70,39,0,136,0,4,47,0,51,27,93,86,0,206,82,0,82,291
01/01/2008,PNS,FL,ASO,ES,Towers with Radar,33,59,16,0,108,0,1,8,0,9,33,69,24,0,126,24,0,24,150
01/02/2008,PNS,FL,ASO,ES,Towers with Radar,29,77,33,0,139,0,0,30,0,30,29,80,63,0,172,24,0,24,198
01/03/2008,PNS,FL,ASO,ES,Towers with Radar,34,84,28,8,154,0,0,40,2,42,34,104,68,10,216,120,16,136,354
01/04/2008,PNS,FL,ASO,ES,Towers with Radar,34,77,22,49,182,0,5,61,7,73,34,106,83,56,279,104,0,104,388
01/05/2008,PNS,FL,ASO,ES,Towers with Radar,33,48,12,7,100,0,3,38,22,63,33,60,50,29,172,84,0,84,258
01/06/2008,PNS,FL,ASO,ES,Towers with Radar,29,59,37,18,143,0,0,11,2,13,29,59,48,20,156,48,0,48,205
01/07/2008,PNS,FL,ASO,ES,Towers with Radar,27,70,23,51,171,0,2,29,3,34,27,72,52,54,205,16,0,16,225
01/08/2008,PNS,FL,ASO,ES,Towers with Radar,25,74,53,48,200,0,0,21,0,21,25,76,74,48,223,52,2,54,282
01/09/2008,PNS,FL,ASO,ES,Towers with Radar,27,70,40,59,196,0,0,14,9,23,27,83,54,68,232,100,38,138,373
01/10/2008,PNS,FL,ASO,ES,Towers with Radar,25,81,26,85,217,0,1,10,3,14,25,86,36,88,235,88,14,102,338
01/11/2008,PNS,FL,ASO,ES,Towers with Radar,26,79,32,26,163,0,0,42,19,61,26,93,74,45,238,114,36,150,397
01/12/2008,PNS,FL,ASO,ES,Towers with Radar,30,44,28,7,109,0,1,81,25,107,30,71,109,32,242,132,18,150,397
01/13/2008,PNS,FL,ASO,ES,Towers with Radar,31,52,20,13,116,0,2,45,16,63,31,85,65,29,210,92,0,92,304
01/14/2008,PNS,FL,ASO,ES,Towers with Radar,24,76,30,36,166,0,0,47,10,57,24,80,77,46,227,108,38,146,376
01/15/2008,PNS,FL,ASO,ES,Towers with Radar,30,74,32,71,207,0,0,45,2,47,30,75,77,73,255,129,6,135,396
01/16/2008,PNS,FL,ASO,ES,Towers with Radar,28,74,22,2,126,0,0,4,0,4,28,74,26,2,130,8,0,8,138
01/17/2008,PNS,FL,ASO,ES,Towers with Radar,23,78,26,42,169,0,0,29,1,30,23,88,55,43,209,46,8,54,263
01/18/2008,PNS,FL,ASO,ES,Towers with Radar,26,75,40,77,218,0,0,51,9,60,26,87,91,86,290,138,0,138,437
01/19/2008,PNS,FL,ASO,ES,Towers with Radar,17,50,6,4,77,0,0,0,0,0,17,50,6,4,77,0,0,0,79
01/20/2008,PNS,FL,ASO,ES,Towers with Radar,31,52,11,23,117,0,3,48,33,84,31,69,59,56,215,88,52,140,356
01/21/2008,PNS,FL,ASO,ES,Towers with Radar,21,58,27,31,137,0,3,50,22,75,21,77,77,53,228,132,33,165,394
01/22/2008,PNS,FL,ASO,ES,Towers with Radar,22,64,33,50,169,0,0,0,0,0,22,64,33,50,169,0,0,0,169
01/23/2008,PNS,FL,ASO,ES,Towers with Radar,23,65,42,60,190,0,0,1,3,4,23,71,43,63,200,28,26,54,256
01/24/2008,PNS,FL,ASO,ES,Towers with Radar,29,71,32,52,184,0,4,7,1,12,29,75,39,53,196,8,18,26,222
01/25/2008,PNS,FL,ASO,ES,Towers with Radar,29,83,21,61,194,0,3,90,6,99,29,111,111,67,318,138,4,142,468
01/26/2008,PNS,FL,ASO,ES,Towers with Radar,25,49,9,0,83,0,0,0,0,0,25,49,9,0,83,0,0,0,83
01/27/2008,PNS,FL,ASO,ES,Towers with Radar,32,47,24,21,124,0,1,51,35,87,32,61,75,56,224,108,28,136,360
01/28/2008,PNS,FL,ASO,ES,Towers with Radar,23,71,27,26,147,0,2,62,4,68,23,92,89,30,234,54,10,64,302
01/29/2008,PNS,FL,ASO,ES,Towers with Radar,25,58,31,82,196,0,4,39,3,46,25,72,70,85,252,10,4,14,267
01/30/2008,PNS,FL,ASO,ES,Towers with Radar,28,73,21,26,148,0,1,55,4,60,28,78,76,30,212,38,4,42,260
01/31/2008,PNS,FL,ASO,ES,Towers with Radar,32,62,42,40,176,0,0,4,0,4,32,64,46,40,182,10,0,10,192
02/01/2008,PNS,FL,ASO,ES,Towers with Radar,29,73,116,82,300,0,4,0,17,21,29,87,116,99,331,62,20,82,414
02/02/2008,PNS,FL,ASO,ES,Towers with Radar,21,48,35,37,141,0,2,46,20,68,21,57,81,57,216,118,18,136,353
02/03/2008,PNS,FL,ASO,ES,Towers with Radar,30,57,39,51,177,0,0,22,11,33,30,63,61,62,216,44,4,48,265
02/04/2008,PNS,FL,ASO,ES,Towers with Radar,24,74,56,37,191,0,0,9,1,10,24,80,65,38,207,34,0,34,245
02/05/2008,PNS,FL,ASO,ES,Towers with Radar,22,62,26,43,153,0,0,0,0,0,22,62,26,43,153,0,0,0,153
02/06/2008,PNS,FL,ASO,ES,Towers with Radar,33,64,30,52,179,0,1,38,1,40,33,67,68,53,221,124,0,124,346
02/07/2008,PNS,FL,ASO,ES,Towers with Radar,31,77,31,44,183,0,4,71,0,75,31,98,102,44,275,189,0,189,475
02/08/2008,PNS,FL,ASO,ES,Towers with Radar,30,76,63,48,217,0,4,67,15,86,30,106,130,63,329,118,36,154,488
02/09/2008,PNS,FL,ASO,ES,Towers with Radar,25,44,43,23,135,0,1,74,24,99,25,50,117,47,239,128,2,130,370
02/10/2008,PNS,FL,ASO,ES,Towers with Radar,35,65,38,28,166,0,0,52,25,77,35,70,90,53,248,78,36,114,366
02/11/2008,PNS,FL,ASO,ES,Towers with Radar,22,71,45,23,161,0,2,46,3,51,22,100,91,26,239,162,36,198,449
02/12/2008,PNS,FL,ASO,ES,Towers with Radar,24,70,38,14,146,0,0,11,4,15,24,84,49,18,175,92,0,92,270
02/13/2008,PNS,FL,ASO,ES,Towers with Radar,23,82,36,22,163,0,1,26,9,36,23,98,62,31,214,46,26,72,293
02/14/2008,PNS,FL,ASO,ES,Towers with Radar,25,94,53,61,233,0,7,40,3,50,25,104,93,64,286,230,0,230,524
02/15/2008,PNS,FL,ASO,ES,Towers with Radar,26,82,43,63,214,0,2,65,10,77,26,96,108,73,303,238,0,238,550
02/16/2008,PNS,FL,ASO,ES,Towers with Radar,32,44,29,33,138,0,2,64,16,82,32,58,93,49,232,166,16,182,415
02/17/2008,PNS,FL,ASO,ES,Towers with Radar,21,58,19,12,110,2,0,0,2,4,23,63,19,14,119,0,0,0,119
02/18/2008,PNS,FL,ASO,ES,Towers with Radar,21,67,37,11,136,0,0,38,22,60,21,90,75,33,219,128,8,136,355
02/19/2008,PNS,FL,ASO,ES,Towers with Radar,25,74,43,61,203,0,1,55,6,62,25,83,98,67,273,180,24,204,477
02/20/2008,PNS,FL,ASO,ES,Towers with Radar,27,85,48,44,204,0,6,54,11,71,27,102,102,55,286,218,26,244,535
02/21/2008,PNS,FL,ASO,ES,Towers with Radar,26,94,32,0,152,0,0,0,0,0,26,94,32,0,152,0,0,0,152
02/22/2008,PNS,FL,ASO,ES,Towers with Radar,30,85,41,19,175,0,0,1,10,11,30,88,42,29,189,22,0,22,212
02/23/2008,PNS,FL,ASO,ES,Towers with Radar,25,56,34,31,146,0,2,40,18,60,25,74,74,49,222,116,0,116,339
02/24/2008,PNS,FL,ASO,ES,Towers with Radar,23,62,25,16,126,0,0,59,19,78,23,70,84,35,212,92,2,94,307
02/25/2008,PNS,FL,ASO,ES,Towers with Radar,23,73,39,31,166,0,0,40,0,40,23,89,79,31,222,112,0,112,337
02/26/2008,PNS,FL,ASO,ES,Towers with Radar,23,79,18,15,135,0,1,11,1,13,23,87,29,16,155,4,14,18,173
02/27/2008,PNS,FL,ASO,ES,Towers with Radar,22,83,33,8,146,0,3,56,6,65,22,112,89,14,237,166,12,178,418
02/28/2008,PNS,FL,ASO,ES,Towers with Radar,30,77,30,31,168,0,2,76,0,78,30,94,106,31,261,174,18,192,454
02/29/2008,PNS,FL,ASO,ES,Towers with Radar,25,92,51,14,182,0,0,54,12,66,25,99,105,26,255,54,12,66,325
03/01/2008,PNS,FL,ASO,ES,Towers with Radar,26,46,20,6,98,0,0,46,28,74,26,60,66,34,186,114,2,116,303
03/02/2008,PNS,FL,ASO,ES,Towers with Radar,29,54,40,11,134,0,0,39,17,56,29,68,79,28,204,54,0,54,260
03/03/2008,PNS,FL,ASO,ES,Towers with Radar,32,63,39,21,155,0,0,5,1,6,32,83,44,22,181,34,28,62,245
03/04/2008,PNS,FL,ASO,ES,Towers with Radar,35,71,11,28,145,0,0,32,1,33,35,81,43,29,188,46,8,54,242
03/05/2008,PNS,FL,ASO,ES,Towers with Radar,41,75,124,34,274,0,0,0,0,0,41,82,124,34,281,178,70,248,531
03/06/2008,PNS,FL,ASO,ES,Towers with Radar,34,62,57,35,188,0,0,47,1,48,34,73,104,36,247,214,6,220,473
03/07/2008,PNS,FL,ASO,ES,Towers with Radar,36,65,31,59,191,0,0,26,14,40,36,80,57,73,246,86,24,110,357
03/08/2008,PNS,FL,ASO,ES,Towers with Radar,29,39,33,10,111,0,3,37,67,107,29,52,70,77,228,76,16,92,321
03/09/2008,PNS,FL,ASO,ES,Towers with Radar,29,49,37,24,139,0,2,37,52,91,29,57,74,76,236,58,40,98,334
03/10/2008,PNS,FL,ASO,ES,Towers with Radar,30,75,34,26,165,0,0,55,1,56,30,79,89,27,225,118,6,124,355
03/11/2008,PNS,FL,ASO,ES,Towers with Radar,35,78,31,21,165,0,0,28,7,35,35,83,59,28,205,142,27,169,375
03/12/2008,PNS,FL,ASO,ES,Towers with Radar,29,70,31,30,160,0,3,72,1,76,29,83,103,31,246,150,22,172,418
03/13/2008,PNS,FL,ASO,ES,Towers with Radar,33,89,48,36,206,0,0,52,0,52,33,105,100,36,274,140,0,140,419
03/14/2008,PNS,FL,ASO,ES,Towers with Radar,33,93,50,70,246,0,0,8,0,8,33,96,58,70,257,0,2,2,259
03/15/2008,PNS,FL,ASO,ES,Towers with Radar,25,51,20,3,99,0,0,6,0,6,25,54,26,3,108,0,0,0,108
03/16/2008,PNS,FL,ASO,ES,Towers with Radar,29,56,53,19,157,0,8,53,14,75,29,104,106,33,272,98,0,98,374
03/17/2008,PNS,FL,ASO,ES,Towers with Radar,34,69,50,8,161,0,0,45,0,45,34,89,95,8,226,74,6,80,309
03/18/2008,PNS,FL,ASO,ES,Towers with Radar,31,52,28,20,131,0,0,2,0,2,31,67,30,20,148,0,0,0,148
03/19/2008,PNS,FL,ASO,ES,Towers with Radar,27,79,24,36,166,0,0,4,0,4,27,81,28,36,172,0,18,18,190
03/20/2008,PNS,FL,ASO,ES,Towers with Radar,30,88,53,16,187,0,1,61,1,63,30,103,114,17,264,178,4,182,449
03/21/2008,PNS,FL,ASO,ES,Towers with Radar,29,78,51,46,204,0,3,61,4,68,29,96,112,50,287,198,2,200,493
03/22/2008,PNS,FL,ASO,ES,Towers with Radar,31,44,39,0,114,0,2,41,5,48,31,85,80,5,201,62,6,68,273
03/23/2008,PNS,FL,ASO,ES,Towers with Radar,26,50,44,8,128,0,6,32,3,41,26,72,76,11,185,0,0,0,186
03/24/2008,PNS,FL,ASO,ES,Towers with Radar,31,83,38,26,178,0,8,38,3,49,31,103,76,29,239,64,0,64,305
03/25/2008,PNS,FL,ASO,ES,Towers with Radar,29,70,55,35,189,0,14,36,5,55,29,96,91,40,256,116,0,116,372
03/26/2008,PNS,FL,ASO,ES,Towers with Radar,34,86,35,48,203,0,7,62,1,70,34,95,97,49,275,177,6,183,458
03/27/2008,PNS,FL,ASO,ES,Towers with Radar,26,79,46,24,175,0,0,46,0,46,26,83,92,24,225,130,0,130,355
03/28/2008,PNS,FL,ASO,ES,Towers with Radar,35,78,45,38,196,0,2,51,5,58,35,87,96,43,261,189,2,191,452
03/29/2008,PNS,FL,ASO,ES,Towers with Radar,29,46,24,15,114,0,0,15,2,17,29,51,39,17,136,30,0,30,166
03/30/2008,PNS,FL,ASO,ES,Towers with Radar,30,58,23,35,146,0,1,25,9,35,30,78,48,44,200,6,0,6,209
03/31/2008,PNS,FL,ASO,ES,Towers with Radar,32,109,33,43,217,0,1,3,1,5,32,115,36,44,227,0,0,0,232
04/01/2008,PNS,FL,ASO,ES,Towers with Radar,31,73,24,62,190,0,2,3,0,5,31,80,27,62,200,6,0,6,208
04/02/2008,PNS,FL,ASO,ES,Towers with Radar,32,77,39,29,177,0,0,16,1,17,32,77,55,30,194,12,6,18,214
04/03/2008,PNS,FL,ASO,ES,Towers with Radar,30,65,40,57,192,0,0,15,0,15,30,70,55,57,212,57,0,57,270
04/04/2008,PNS,FL,ASO,ES,Towers with Radar,30,75,39,34,178,0,0,0,0,0,30,75,39,34,178,0,0,0,178
04/05/2008,PNS,FL,ASO,ES,Towers with Radar,32,40,7,5,84,0,0,0,0,0,32,42,7,5,86,0,0,0,86
04/06/2008,PNS,FL,ASO,ES,Towers with Radar,31,56,39,19,145,0,1,1,0,2,31,63,40,19,153,2,0,2,155
04/07/2008,PNS,FL,ASO,ES,Towers with Radar,37,80,51,28,196,0,0,42,1,43,37,90,93,29,249,130,0,130,383
04/08/2008,PNS,FL,ASO,ES,Towers with Radar,29,84,72,38,223,0,0,0,0,0,29,96,72,38,235,188,0,188,427
04/09/2008,PNS,FL,ASO,ES,Towers with Radar,43,95,64,53,255,0,0,7,1,8,43,99,71,54,267,16,4,20,291
04/10/2008,PNS,FL,ASO,ES,Towers with Radar,34,84,52,83,253,0,0,7,2,9,34,92,59,85,270,0,0,0,271
04/11/2008,PNS,FL,ASO,ES,Towers with Radar,32,86,29,54,201,0,0,0,0,0,32,93,29,54,208,4,0,4,212
04/12/2008,PNS,FL,ASO,ES,Towers with Radar,39,42,18,7,106,0,0,42,6,48,39,50,60,13,162,74,2,76,238
04/13/2008,PNS,FL,ASO,ES,Towers with Radar,36,58,35,6,135,0,0,35,17,52,36,69,70,23,198,36,0,36,236
04/14/2008,PNS,FL,ASO,ES,Towers with Radar,33,78,36,18,165,0,3,43,1,47,33,88,79,19,219,82,8,90,315
04/15/2008,PNS,FL,ASO,ES,Towers with Radar,32,73,42,20,167,0,7,43,5,55,32,91,85,25,233,118,2,120,361
04/16/2008,PNS,FL,ASO,ES,Towers with Radar,34,75,33,60,202,0,0,54,5,59,34,88,87,65,274,153,16,169,446
04/17/2008,PNS,FL,ASO,ES,Towers with Radar,39,75,51,48,213,0,0,48,0,48,39,113,99,48,299,94,10,104,412
04/18/2008,PNS,FL,ASO,ES,Towers with Radar,37,79,30,70,216,0,3,29,1,33,37,98,59,71,265,84,16,100,371
04/19/2008,PNS,FL,ASO,ES,Towers with Radar,37,41,26,14,118,0,0,22,7,29,37,41,48,21,147,14,12,26,175
04/20/2008,PNS,FL,ASO,ES,Towers with Radar,35,55,27,8,125,0,2,29,15,46,35,69,56,23,183,70,14,84,271
04/21/2008,PNS,FL,ASO,ES,Towers with Radar,29,81,42,47,199,0,0,52,5,57,29,99,94,52,274,138,12,150,430
04/22/2008,PNS,FL,ASO,ES,Towers with Radar,31,75,38,40,184,0,2,44,9,55,31,97,82,49,259,128,14,142,402
04/23/2008,PNS,FL,ASO,ES,Towers with Radar,30,78,37,34,179,0,5,57,0,62,30,95,94,34,253,79,22,101,355
04/24/2008,PNS,FL,ASO,ES,Towers with Radar,34,76,66,52,228,0,1,43,0,44,34,90,109,52,285,139,14,153,440
04/25/2008,PNS,FL,ASO,ES,Towers with Radar,33,71,41,55,200,0,0,19,2,21,33,91,60,57,241,77,0,77,320
04/26/2008,PNS,FL,ASO,ES,Towers with Radar,34,42,10,2,88,0,4,41,4,49,34,56,51,6,147,24,0,24,174
04/27/2008,PNS,FL,ASO,ES,Towers with Radar,31,61,40,18,150,0,0,6,2,8,31,72,46,20,169,26,0,26,195
04/28/2008,PNS,FL,ASO,ES,Towers with Radar,28,77,22,27,154,0,1,26,8,35,28,81,48,35,192,78,18,96,289
04/29/2008,PNS,FL,ASO,ES,Towers with Radar,26,72,32,25,155,0,1,36,2,39,26,81,68,27,202,118,4,122,326
04/30/2008,PNS,FL,ASO,ES,Towers with Radar,37,75,46,46,204,0,4,52,9,65,37,88,98,55,278,128,8,136,420
05/01/2008,PNS,FL,ASO,ES,Towers with Radar,33,83,49,20,185,0,1,31,2,34,33,100,80,22,235,106,0,106,345
05/02/2008,PNS,FL,ASO,ES,Towers with Radar,35,80,40,30,185,0,4,10,1,15,35,108,50,31,224,8,12,20,248
05/03/2008,PNS,FL,ASO,ES,Towers with Radar,33,49,10,3,95,0,0,4,3,7,33,64,14,6,117,8,0,8,126
05/04/2008,PNS,FL,ASO,ES,Towers with Radar,34,58,34,7,133,0,3,26,8,37,34,80,60,15,189,54,10,64,253
05/05/2008,PNS,FL,ASO,ES,Towers with Radar,35,71,39,22,167,0,3,42,3,48,35,95,81,25,236,220,12,232,475
05/06/2008,PNS,FL,ASO,ES,Towers with Radar,36,66,42,19,163,0,2,51,2,55,36,81,93,21,231,84,0,84,319
05/07/2008,PNS,FL,ASO,ES,Towers with Radar,32,65,46,16,159,0,2,60,6,68,32,81,106,22,241,172,2,174,421
05/08/2008,PNS,FL,ASO,ES,Towers with Radar,36,74,59,44,213,0,2,14,0,16,36,94,73,44,247,28,0,28,283
05/09/2008,PNS,FL,ASO,ES,Towers with Radar,43,70,37,24,174,0,0,39,4,43,43,80,76,28,227,124,0,124,353
05/10/2008,PNS,FL,ASO,ES,Towers with Radar,31,47,40,14,132,0,0,19,6,25,31,58,59,20,168,10,0,10,179
05/11/2008,PNS,FL,ASO,ES,Towers with Radar,35,53,18,17,123,0,11,12,7,30,35,86,30,24,175,0,0,0,176
05/12/2008,PNS,FL,ASO,ES,Towers with Radar,35,73,35,19,162,0,2,44,7,53,35,87,79,26,227,182,0,182,409
05/13/2008,PNS,FL,ASO,ES,Towers with Radar,35,78,40,30,183,0,1,51,5,57,35,89,91,35,250,136,2,138,389
05/14/2008,PNS,FL,ASO,ES,Towers with Radar,34,80,44,45,203,0,3,21,2,26,34,85,65,47,231,60,6,66,303
05/15/2008,PNS,FL,ASO,ES,Towers with Radar,35,74,28,5,142,0,1,6,0,7,35,92,34,5,166,10,0,10,183
05/16/2008,PNS,FL,ASO,ES,Towers with Radar,35,74,23,22,154,0,0,1,0,1,35,75,24,22,156,0,0,0,158
05/17/2008,PNS,FL,ASO,ES,Towers with Radar,32,46,37,19,134,0,7,59,23,89,32,66,96,42,236,50,2,52,293
05/18/2008,PNS,FL,ASO,ES,Towers with Radar,34,57,31,16,138,0,0,46,14,60,34,76,77,30,217,70,6,76,297
05/19/2008,PNS,FL,ASO,ES,Towers with Radar,30,67,34,34,165,0,2,47,8,57,30,83,81,42,236,104,2,106,353
05/20/2008,PNS,FL,ASO,ES,Towers with Radar,26,78,47,24,175,0,2,46,10,58,26,87,93,34,240,120,11,131,373
05/21/2008,PNS,FL,ASO,ES,Towers with Radar,27,79,42,40,188,0,2,37,0,39,27,87,79,40,233,116,0,116,351
05/22/2008,PNS,FL,ASO,ES,Towers with Radar,34,83,33,73,223,0,0,16,2,18,34,86,49,75,244,60,0,60,310
05/23/2008,PNS,FL,ASO,ES,Towers with Radar,38,72,40,18,168,0,6,24,9,39,38,82,64,27,211,62,0,62,274
05/24/2008,PNS,FL,ASO,ES,Towers with Radar,32,39,24,18,113,0,1,32,10,43,32,59,56,28,175,98,2,100,280
05/25/2008,PNS,FL,ASO,ES,Towers with Radar,29,45,33,19,126,0,0,13,10,23,29,46,46,29,150,12,0,12,163
05/26/2008,PNS,FL,ASO,ES,Towers with Radar,30,57,31,2,120,0,0,21,0,21,30,71,52,2,155,26,0,26,184
05/27/2008,PNS,FL,ASO,ES,Towers with Radar,35,69,50,29,183,0,2,57,23,82,35,71,107,52,265,102,0,102,367
05/28/2008,PNS,FL,ASO,ES,Towers with Radar,31,81,35,37,184,0,0,43,1,44,31,94,78,38,241,88,26,114,358
05/29/2008,PNS,FL,ASO,ES,Towers with Radar,34,89,45,48,216,0,0,39,7,46,34,101,84,55,274,56,6,62,343
05/30/2008,PNS,FL,ASO,ES,Towers with Radar,44,86,47,73,250,0,3,58,12,73,44,103,105,85,337,102,6,108,453
05/31/2008,PNS,FL,ASO,ES,Towers with Radar,32,43,15,1,91,0,0,37,12,49,32,51,52,13,148,78,0,78,243
06/01/2008,PNS,FL,ASO,ES,Towers with Radar,31,54,29,7,121,0,4,18,9,31,31,58,47,16,152,24,0,24,182
06/02/2008,PNS,FL,ASO,ES,Towers with Radar,39,61,36,26,162,0,7,33,1,41,39,84,69,27,219,78,22,100,327
06/03/2008,PNS,FL,ASO,ES,Towers with Radar,33,65,44,43,185,0,5,47,4,56,33,74,91,47,245,48,2,50,298
06/04/2008,PNS,FL,ASO,ES,Towers with Radar,28,79,29,59,195,0,0,25,1,26,28,91,54,60,233,16,0,16,251
06/05/2008,PNS,FL,ASO,ES,Towers with Radar,32,80,38,90,240,0,0,23,0,23,32,103,61,90,286,60,0,60,350
06/06/2008,PNS,FL,ASO,ES,Towers with Radar,39,73,53,47,212,0,0,50,16,66,39,94,103,63,299,70,52,122,433
06/07/2008,PNS,FL,ASO,ES,Towers with Radar,33,47,21,10,111,0,2,36,4,42,33,76,57,14,180,32,0,32,216
06/08/2008,PNS,FL,ASO,ES,Towers with Radar,35,48,24,4,111,0,0,28,5,33,35,62,52,9,158,52,0,52,210
06/09/2008,PNS,FL,ASO,ES,Towers with Radar,34,66,24,42,166,0,0,28,2,30,34,74,52,44,204,52,0,52,257
06/10/2008,PNS,FL,ASO,ES,Towers with Radar,30,65,26,12,133,0,0,23,0,23,30,69,49,12,160,86,20,106,267
06/11/2008,PNS,FL,ASO,ES,Towers with Radar,33,73,38,60,204,0,0,28,5,33,33,93,66,65,257,86,0,86,347
06/12/2008,PNS,FL,ASO,ES,Towers with Radar,36,81,36,42,195,0,1,30,2,33,36,109,66,44,255,72,6,78,340
06/13/2008,PNS,FL,ASO,ES,Towers with Radar,38,78,38,58,212,0,1,31,20,52,38,101,69,78,286,78,0,78,370
06/14/2008,PNS,FL,ASO,ES,Towers with Radar,36,49,24,17,126,0,0,28,1,29,36,57,52,18,163,24,8,32,197
06/15/2008,PNS,FL,ASO,ES,Towers with Radar,36,60,38,16,150,0,0,12,12,24,36,76,50,28,190,10,0,10,201
06/16/2008,PNS,FL,ASO,ES,Towers with Radar,36,66,31,66,199,0,1,33,5,39,36,70,64,71,241,66,6,72,316
06/17/2008,PNS,FL,ASO,ES,Towers with Radar,33,74,29,76,212,0,0,34,8,42,33,80,63,84,260,64,18,82,345
06/18/2008,PNS,FL,ASO,ES,Towers with Radar,39,77,43,90,249,0,1,38,4,43,39,86,81,94,300,162,18,180,481
06/19/2008,PNS,FL,ASO,ES,Towers with Radar,36,84,55,36,211,0,6,33,0,39,36,108,88,36,268,72,0,72,344
06/20/2008,PNS,FL,ASO,ES,Towers with Radar,48,66,43,33,190,0,2,20,9,31,48,89,63,42,242,4,14,18,263
06/21/2008,PNS,FL,ASO,ES,Towers with Radar,37,55,18,11,121,0,0,8,15,23,37,64,26,26,153,10,0,10,164
06/22/2008,PNS,FL,ASO,ES,Towers with Radar,34,48,20,8,110,0,0,19,14,33,34,68,39,22,163,6,0,6,169
06/23/2008,PNS,FL,ASO,ES,Towers with Radar,33,77,47,19,176,0,1,28,2,31,33,82,75,21,211,40,0,40,252
06/24/2008,PNS,FL,ASO,ES,Towers with Radar,38,81,46,65,230,0,7,39,7,53,38,89,85,72,284,123,14,137,421
06/25/2008,PNS,FL,ASO,ES,Towers with Radar,35,71,30,89,225,0,2,38,6,46,35,76,68,95,274,82,22,104,382
06/26/2008,PNS,FL,ASO,ES,Towers with Radar,44,59,53,80,236,0,0,29,4,33,44,61,82,84,271,50,0,50,329
06/27/2008,PNS,FL,ASO,ES,Towers with Radar,35,78,51,57,221,0,0,39,7,46,35,90,90,64,279,54,0,54,336
06/28/2008,PNS,FL,ASO,ES,Towers with Radar,37,45,23,9,114,0,0,32,12,44,37,61,55,21,174,20,10,30,211
06/29/2008,PNS,FL,ASO,ES,Towers with Radar,36,49,26,10,121,0,0,13,13,26,36,52,39,23,150,20,0,20,172
06/30/2008,PNS,FL,ASO,ES,Towers with Radar,36,63,39,13,151,0,0,13,3,16,36,68,52,16,172,8,0,8,181
07/01/2008,PNS,FL,ASO,ES,Towers with Radar,32,74,94,68,268,0,1,52,6,59,32,75,146,74,327,38,38,76,403
07/02/2008,PNS,FL,ASO,ES,Towers with Radar,30,79,78,59,246,0,2,41,8,51,30,81,119,67,297,38,0,38,335
07/03/2008,PNS,FL,ASO,ES,Towers with Radar,35,73,59,32,199,0,0,28,4,32,35,73,87,36,231,84,0,84,315
07/04/2008,PNS,FL,ASO,ES,Towers with Radar,30,42,8,2,82,0,0,26,2,28,30,42,34,4,110,18,0,18,128
07/05/2008,PNS,FL,ASO,ES,Towers with Radar,34,47,46,8,135,0,0,25,2,27,34,47,71,10,162,68,0,68,230
07/06/2008,PNS,FL,ASO,ES,Towers with Radar,30,40,17,10,97,0,2,21,1,24,30,42,38,11,121,2,4,6,127
07/07/2008,PNS,FL,ASO,ES,Towers with Radar,32,66,39,60,197,0,3,41,7,51,32,69,80,67,248,82,14,96,344
07/08/2008,PNS,FL,ASO,ES,Towers with Radar,32,62,59,59,212,0,1,21,5,27,32,63,80,64,239,122,2,124,363
07/09/2008,PNS,FL,ASO,ES,Towers with Radar,29,81,93,64,267,0,0,57,0,57,29,81,150,64,324,148,10,158,482
07/10/2008,PNS,FL,ASO,ES,Towers with Radar,36,83,83,82,284,0,0,50,2,52,36,83,133,84,336,104,18,122,458
07/11/2008,PNS,FL,ASO,ES,Towers with Radar,35,65,41,13,154,0,4,30,13,47,35,69,71,26,201,86,0,86,287
07/12/2008,PNS,FL,ASO,ES,Towers with Radar,33,49,19,5,106,0,11,22,4,37,33,60,41,9,143,20,2,22,165
07/13/2008,PNS,FL,ASO,ES,Towers with Radar,27,60,86,34,207,0,0,48,19,67,27,60,134,53,274,16,0,16,290
07/14/2008,PNS,FL,ASO,ES,Towers with Radar,29,71,67,61,228,0,0,39,13,52,29,71,106,74,280,118,16,134,414
07/15/2008,PNS,FL,ASO,ES,Towers with Radar,35,75,80,59,249,0,0,40,0,40,35,75,120,59,289,88,0,88,377
07/16/2008,PNS,FL,ASO,ES,Towers with Radar,36,76,40,42,194,0,1,35,0,36,36,77,75,42,230,126,6,132,362
07/17/2008,PNS,FL,ASO,ES,Towers with Radar,32,84,68,30,214,0,2,34,0,36,32,86,102,30,250,84,0,84,334
07/18/2008,PNS,FL,ASO,ES,Towers with Radar,27,73,38,26,164,0,12,48,17,77,27,85,86,43,241,68,12,80,321
07/19/2008,PNS,FL,ASO,ES,Towers with Radar,36,47,73,32,188,0,2,43,18,63,36,49,116,50,251,62,0,62,313
07/20/2008,PNS,FL,ASO,ES,Towers with Radar,35,50,76,44,205,0,0,37,17,54,35,50,113,61,259,78,0,78,337
07/21/2008,PNS,FL,ASO,ES,Towers with Radar,30,72,69,41,212,0,1,37,6,44,30,73,106,47,256,78,8,86,342
07/22/2008,PNS,FL,ASO,ES,Towers with Radar,34,86,57,60,237,0,2,27,3,32,34,88,84,63,269,74,0,74,343
07/23/2008,PNS,FL,ASO,ES,Towers with Radar,35,69,21,8,133,0,0,25,3,28,35,69,46,11,161,42,0,42,203
07/24/2008,PNS,FL,ASO,ES,Towers with Radar,31,82,63,60,236,0,6,21,6,33,31,88,84,66,269,48,6,54,323
07/25/2008,PNS,FL,ASO,ES,Towers with Radar,38,80,36,86,240,0,5,44,7,56,38,85,80,93,296,114,16,130,426
07/26/2008,PNS,FL,ASO,ES,Towers with Radar,33,46,45,25,149,0,1,19,5,25,33,47,64,30,174,34,0,34,208
07/27/2008,PNS,FL,ASO,ES,Towers with Radar,39,57,48,66,210,0,0,23,50,73,39,57,71,116,283,4,0,4,287
07/28/2008,PNS,FL,ASO,ES,Towers with Radar,32,78,86,65,261,0,1,40,11,52,32,79,126,76,313,56,38,94,407
07/29/2008,PNS,FL,ASO,ES,Towers with Radar,39,75,69,85,268,0,0,37,3,40,39,75,106,88,308,38,6,44,352
07/30/2008,PNS,FL,ASO,ES,Towers with Radar,38,79,58,53,228,0,4,18,3,25,38,83,76,56,253,42,26,68,321
07/31/2008,PNS,FL,ASO,ES,Towers with Radar,42,74,66,7,189,0,0,24,1,25,42,74,90,8,214,66,6,72,286
08/01/2008,PNS,FL,ASO,ES,Towers with Radar,31,80,31,60,202,0,1,17,10,28,31,81,48,70,230,50,8,58,288
08/02/2008,PNS,FL,ASO,ES,Towers with Radar,35,51,26,21,133,0,0,21,17,38,35,51,47,38,171,20,8,28,199
08/03/2008,PNS,FL,ASO,ES,Towers with Radar,29,59,29,22,139,0,9,29,21,59,29,68,58,43,198,26,10,36,234
08/04/2008,PNS,FL,ASO,ES,Towers with Radar,32,71,49,52,204,0,1,26,7,34,32,72,75,59,238,76,14,90,328
08/05/2008,PNS,FL,ASO,ES,Towers with Radar,37,69,68,72,246,0,4,38,8,50,37,73,106,80,296,88,24,112,408
08/06/2008,PNS,FL,ASO,ES,Towers with Radar,33,80,74,48,235,0,0,43,2,45,33,80,117,50,280,94,0,94,374
08/07/2008,PNS,FL,ASO,ES,Towers with Radar,32,76,63,24,195,0,2,22,0,24,32,78,85,24,219,38,0,38,257
08/08/2008,PNS,FL,ASO,ES,Towers with Radar,35,78,32,56,201,0,4,32,12,48,35,82,64,68,249,60,0,60,309
08/09/2008,PNS,FL,ASO,ES,Towers with Radar,35,44,21,16,116,0,0,26,16,42,35,44,47,32,158,56,0,56,214
08/10/2008,PNS,FL,ASO,ES,Towers with Radar,29,50,20,15,114,0,0,23,13,36,29,50,43,28,150,46,0,46,196
08/11/2008,PNS,FL,ASO,ES,Towers with Radar,27,67,45,27,166,0,1,14,1,16,27,68,59,28,182,62,0,62,244
08/12/2008,PNS,FL,ASO,ES,Towers with Radar,35,81,44,16,176,0,5,8,0,13,35,86,52,16,189,28,0,28,217
08/13/2008,PNS,FL,ASO,ES,Towers with Radar,37,74,30,24,165,0,1,11,0,12,37,75,41,24,177,8,0,8,185
08/14/2008,PNS,FL,ASO,ES,Towers with Radar,40,74,78,82,274,0,1,37,2,40,40,75,115,84,314,92,24,116,430
08/15/2008,PNS,FL,ASO,ES,Towers with Radar,29,70,86,52,237,0,0,43,16,59,29,70,129,68,296,58,28,86,382
08/16/2008,PNS,FL,ASO,ES,Towers with Radar,34,44,35,43,156,0,0,11,20,31,34,44,46,63,187,16,4,20,207
08/17/2008,PNS,FL,ASO,ES,Towers with Radar,30,62,40,35,167,0,2,20,21,43,30,64,60,56,210,36,0,36,246
08/18/2008,PNS,FL,ASO,ES,Towers with Radar,34,85,56,57,232,0,0,34,7,41,34,85,90,64,273,44,14,58,331
08/19/2008,PNS,FL,ASO,ES,Towers with Radar,29,61,72,108,270,0,1,43,3,47,29,62,115,111,317,66,60,126,443
08/20/2008,PNS,FL,ASO,ES,Towers with Radar,45,46,80,78,249,0,0,41,8,49,45,46,121,86,298,46,8,54,352
08/21/2008,PNS,FL,ASO,ES,Towers with Radar,34,68,70,107,279,0,5,35,5,45,34,73,105,112,324,60,6,66,390
08/22/2008,PNS,FL,ASO,ES,Towers with Radar,30,58,16,39,143,0,2,19,1,22,30,60,35,40,165,62,4,66,231
08/23/2008,PNS,FL,ASO,ES,Towers with Radar,27,33,0,0,60,0,0,0,0,0,27,33,0,0,60,0,0,0,60
08/24/2008,PNS,FL,ASO,ES,Towers with Radar,29,44,13,4,90,0,2,8,1,11,29,46,21,5,101,4,0,4,105
08/25/2008,PNS,FL,ASO,ES,Towers with Radar,28,65,6,0,99,0,0,0,0,0,28,65,6,0,99,0,0,0,99
08/26/2008,PNS,FL,ASO,ES,Towers with Radar,26,64,58,76,224,0,2,32,13,47,26,66,90,89,271,76,12,88,359
08/27/2008,PNS,FL,ASO,ES,Towers with Radar,36,60,27,37,160,0,1,29,1,31,36,61,56,38,191,54,20,74,265
08/28/2008,PNS,FL,ASO,ES,Towers with Radar,47,74,94,55,270,0,3,54,4,61,47,77,148,59,331,142,2,144,475
08/29/2008,PNS,FL,ASO,ES,Towers with Radar,35,72,46,6,159,0,2,50,3,55,35,74,96,9,214,58,0,58,272
08/30/2008,PNS,FL,ASO,ES,Towers with Radar,31,38,10,1,80,0,3,35,2,40,31,41,45,3,120,76,0,76,196
08/31/2008,PNS,FL,ASO,ES,Towers with Radar,28,48,60,2,138,0,0,23,0,23,28,48,83,2,161,22,0,22,183
09/01/2008,PNS,FL,ASO,ES,Towers with Radar,16,27,5,1,49,0,0,1,0,1,16,27,6,1,50,0,0,0,50
09/02/2008,PNS,FL,ASO,ES,Towers with Radar,35,59,39,0,133,0,0,18,0,18,35,59,57,0,151,0,0,0,151
09/03/2008,PNS,FL,ASO,ES,Towers with Radar,32,63,34,48,177,0,0,13,4,17,32,63,47,52,194,6,22,28,222
09/04/2008,PNS,FL,ASO,ES,Towers with Radar,28,65,50,39,182,0,1,16,3,20,28,66,66,42,202,8,0,8,210
09/05/2008,PNS,FL,ASO,ES,Towers with Radar,27,68,22,50,167,0,1,36,10,47,27,69,58,60,214,44,10,54,268
09/06/2008,PNS,FL,ASO,ES,Towers with Radar,23,36,55,21,135,0,1,37,14,52,23,37,92,35,187,44,0,44,231
09/07/2008,PNS,FL,ASO,ES,Towers with Radar,31,35,44,23,133,0,0,30,11,41,31,35,74,34,174,46,0,46,220
09/08/2008,PNS,FL,ASO,ES,Towers with Radar,27,61,56,45,189,0,1,18,6,25,27,62,74,51,214,94,0,94,308
09/09/2008,PNS,FL,ASO,ES,Towers with Radar,28,59,64,24,175,0,5,23,6,34,28,64,87,30,209,76,0,76,285
09/10/2008,PNS,FL,ASO,ES,Towers with Radar,28,61,17,102,208,0,3,19,17,39,28,64,36,119,247,56,30,86,333
09/11/2008,PNS,FL,ASO,ES,Towers with Radar,27,72,24,38,161,0,0,5,2,7,27,72,29,40,168,6,0,6,174
09/12/2008,PNS,FL,ASO,ES,Towers with Radar,29,54,23,82,188,0,0,0,3,3,29,54,23,85,191,6,0,6,197
09/13/2008,PNS,FL,ASO,ES,Towers with Radar,23,31,45,40,139,0,0,22,11,33,23,31,67,51,172,36,0,36,208
09/14/2008,PNS,FL,ASO,ES,Towers with Radar,31,43,45,54,173,0,0,24,18,42,31,43,69,72,215,42,0,42,257
09/15/2008,PNS,FL,ASO,ES,Towers with Radar,32,57,33,22,144,0,0,14,5,19,32,57,47,27,163,44,0,44,207
09/16/2008,PNS,FL,ASO,ES,Towers with Radar,28,55,75,75,233,0,0,28,8,36,28,55,103,83,269,98,30,128,397
09/17/2008,PNS,FL,ASO,ES,Towers with Radar,28,67,104,62,261,0,0,67,12,79,28,67,171,74,340,110,64,174,514
09/18/2008,PNS,FL,ASO,ES,Towers with Radar,35,67,48,86,236,0,0,10,0,10,35,67,58,86,246,34,10,44,290
09/19/2008,PNS,FL,ASO,ES,Towers with Radar,28,61,59,55,203,0,0,24,7,31,28,61,83,62,234,38,42,80,314
09/20/2008,PNS,FL,ASO,ES,Towers with Radar,24,35,20,23,102,0,0,45,22,67,24,35,65,45,169,42,52,94,263
09/21/2008,PNS,FL,ASO,ES,Towers with Radar,32,40,25,23,120,0,0,33,17,50,32,40,58,40,170,42,2,44,214
09/22/2008,PNS,FL,ASO,ES,Towers with Radar,32,62,32,61,187,0,0,13,4,17,32,62,45,65,204,102,22,124,328
09/23/2008,PNS,FL,ASO,ES,Towers with Radar,29,58,85,34,206,0,0,48,2,50,29,58,133,36,256,68,0,68,324
09/24/2008,PNS,FL,ASO,ES,Towers with Radar,29,52,24,60,165,0,0,34,4,38,29,52,58,64,203,28,22,50,253
09/25/2008,PNS,FL,ASO,ES,Towers with Radar,38,60,65,37,200,0,2,29,3,34,38,62,94,40,234,30,0,30,264
09/26/2008,PNS,FL,ASO,ES,Towers with Radar,35,63,109,50,257,0,1,54,15,70,35,64,163,65,327,66,0,66,393
09/27/2008,PNS,FL,ASO,ES,Towers with Radar,26,29,67,45,167,0,0,50,18,68,26,29,117,63,235,28,0,28,263
09/28/2008,PNS,FL,ASO,ES,Towers with Radar,38,36,77,38,189,0,0,39,19,58,38,36,116,57,247,54,10,64,311
09/29/2008,PNS,FL,ASO,ES,Towers with Radar,33,52,45,41,171,0,1,33,2,36,33,53,78,43,207,56,18,74,281
09/30/2008,PNS,FL,ASO,ES,Towers with Radar,28,58,61,44,191,0,0,33,3,36,28,58,94,47,227,50,0,50,277
10/01/2008,PNS,FL,ASO,ES,Towers with Radar,31,50,77,34,192,0,1,36,2,39,31,51,113,36,231,40,8,48,279
10/02/2008,PNS,FL,ASO,ES,Towers with Radar,29,60,61,56,206,0,1,28,6,35,29,61,89,62,241,32,14,46,287
10/03/2008,PNS,FL,ASO,ES,Towers with Radar,30,55,52,37,174,0,0,41,10,51,30,55,93,47,225,48,21,69,294
10/04/2008,PNS,FL,ASO,ES,Towers with Radar,24,33,12,26,95,0,0,37,8,45,24,33,49,34,140,16,18,34,174
10/05/2008,PNS,FL,ASO,ES,Towers with Radar,31,31,27,31,120,0,0,37,16,53,31,31,64,47,173,4,14,18,191
10/06/2008,PNS,FL,ASO,ES,Towers with Radar,36,44,32,44,156,0,0,34,4,38,36,44,66,48,194,41,14,55,249
10/07/2008,PNS,FL,ASO,ES,Towers with Radar,29,49,19,2,99,0,0,0,0,0,29,49,19,2,99,0,0,0,99
10/08/2008,PNS,FL,ASO,ES,Towers with Radar,30,49,38,47,164,0,0,9,0,9,30,49,47,47,173,0,0,0,173
10/09/2008,PNS,FL,ASO,ES,Towers with Radar,31,60,62,48,201,0,0,23,5,28,31,60,85,53,229,42,18,60,289
10/10/2008,PNS,FL,ASO,ES,Towers with Radar,33,60,33,42,168,0,0,37,16,53,33,60,70,58,221,56,0,56,277
10/11/2008,PNS,FL,ASO,ES,Towers with Radar,26,33,49,20,128,0,1,23,9,33,26,34,72,29,161,50,12,62,223
10/12/2008,PNS,FL,ASO,ES,Towers with Radar,35,35,55,23,148,0,0,16,10,26,35,35,71,33,174,34,20,54,228
10/13/2008,PNS,FL,ASO,ES,Towers with Radar,32,45,24,9,110,0,0,20,0,20,32,45,44,9,130,40,0,40,170
10/14/2008,PNS,FL,ASO,ES,Towers with Radar,32,43,69,43,187,0,0,34,3,37,32,43,103,46,224,48,14,62,286
10/15/2008,PNS,FL,ASO,ES,Towers with Radar,38,43,66,106,253,0,0,32,2,34,38,43,98,108,287,90,0,90,377
10/16/2008,PNS,FL,ASO,ES,Towers with Radar,30,53,73,78,234,0,0,39,8,47,30,53,112,86,281,58,0,58,339
10/17/2008,PNS,FL,ASO,ES,Towers with Radar,31,54,37,53,175,0,0,22,4,26,31,54,59,57,201,26,8,34,235
10/18/2008,PNS,FL,ASO,ES,Towers with Radar,27,36,20,6,89,0,0,36,16,52,27,36,56,22,141,72,58,130,271
10/19/2008,PNS,FL,ASO,ES,Towers with Radar,33,32,17,13,95,0,0,31,15,46,33,32,48,28,141,32,10,42,183
10/20/2008,PNS,FL,ASO,ES,Towers with Radar,33,47,30,60,170,0,0,31,1,32,33,47,61,61,202,56,28,84,286
10/21/2008,PNS,FL,ASO,ES,Towers with Radar,28,56,60,65,209,0,0,44,14,58,28,56,104,79,267,60,42,102,369
10/22/2008,PNS,FL,ASO,ES,Towers with Radar,30,46,24,38,138,0,1,34,5,40,30,47,58,43,178,92,32,124,302
10/23/2008,PNS,FL,ASO,ES,Towers with Radar,33,47,28,10,118,0,0,10,0,10,33,47,38,10,128,16,0,16,144
10/24/2008,PNS,FL,ASO,ES,Towers with Radar,32,58,45,47,182,0,0,0,1,1,32,58,45,48,183,6,0,6,189
10/25/2008,PNS,FL,ASO,ES,Towers with Radar,28,53,58,44,183,0,14,43,32,89,28,67,101,76,272,90,56,146,418
10/26/2008,PNS,FL,ASO,ES,Towers with Radar,31,34,68,33,166,0,0,44,11,55,31,34,112,44,221,76,30,106,327
10/27/2008,PNS,FL,ASO,ES,Towers with Radar,34,56,56,45,191,0,0,34,2,36,34,56,90,47,227,12,16,28,255
10/28/2008,PNS,FL,ASO,ES,Towers with Radar,29,50,26,48,153,0,1,32,4,37,29,51,58,52,190,10,24,34,224
10/29/2008,PNS,FL,ASO,ES,Towers with Radar,33,53,71,60,217,0,1,34,1,36,33,54,105,61,253,64,20,84,337
10/30/2008,PNS,FL,ASO,ES,Towers with Radar,36,52,94,44,226,0,0,50,2,52,36,52,144,46,278,72,52,124,402
10/31/2008,PNS,FL,ASO,ES,Towers with Radar,33,49,41,45,168,0,0,39,7,46,33,49,80,52,214,42,14,56,270
11/01/2008,PNS,FL,ASO,ES,Towers with Radar,27,35,25,8,95,0,11,39,7,57,27,46,64,15,152,10,0,10,162
11/02/2008,PNS,FL,ASO,ES,Towers with Radar,29,43,25,8,105,0,0,37,10,47,29,43,62,18,152,18,0,18,170
11/03/2008,PNS,FL,ASO,ES,Towers with Radar,32,58,32,26,148,0,2,20,4,26,32,60,52,30,174,26,42,68,242
11/04/2008,PNS,FL,ASO,ES,Towers with Radar,32,57,40,51,180,0,2,13,5,20,32,59,53,56,200,8,34,42,242
11/05/2008,PNS,FL,ASO,ES,Towers with Radar,29,44,25,33,131,0,0,41,0,41,29,44,66,33,172,20,0,20,192
11/06/2008,PNS,FL,ASO,ES,Towers with Radar,36,53,64,88,241,0,0,30,0,30,36,53,94,88,271,68,16,84,355
11/07/2008,PNS,FL,ASO,ES,Towers with Radar,35,66,47,26,174,0,0,24,0,24,35,66,71,26,198,50,0,50,248
11/08/2008,PNS,FL,ASO,ES,Towers with Radar,30,44,57,14,145,0,6,41,6,53,30,50,98,20,198,28,10,38,236
11/09/2008,PNS,FL,ASO,ES,Towers with Radar,34,46,23,6,109,0,3,28,7,38,34,49,51,13,147,22,8,30,177
11/10/2008,PNS,FL,ASO,ES,Towers with Radar,29,53,20,47,149,0,0,35,1,36,29,53,55,48,185,20,0,20,205
11/11/2008,PNS,FL,ASO,ES,Towers with Radar,32,52,70,24,178,0,3,43,11,57,32,55,113,35,235,74,0,74,309
11/12/2008,PNS,FL,ASO,ES,Towers with Radar,36,58,49,98,241,0,0,2,0,2,36,58,51,98,243,6,0,6,249
11/13/2008,PNS,FL,ASO,ES,Towers with Radar,40,55,66,101,262,0,0,18,4,22,40,55,84,105,284,52,36,88,372
11/14/2008,PNS,FL,ASO,ES,Towers with Radar,33,52,44,119,248,0,0,21,10,31,33,52,65,129,279,32,22,54,333
11/15/2008,PNS,FL,ASO,ES,Towers with Radar,25,31,62,66,184,0,0,31,37,68,25,31,93,103,252,8,18,26,278
11/16/2008,PNS,FL,ASO,ES,Towers with Radar,33,38,88,79,238,0,0,49,29,78,33,38,137,108,316,66,8,74,390
11/17/2008,PNS,FL,ASO,ES,Towers with Radar,29,53,18,35,135,0,0,30,7,37,29,53,48,42,172,50,40,90,262
11/18/2008,PNS,FL,ASO,ES,Towers with Radar,37,55,36,37,165,0,2,41,7,50,37,57,77,44,215,62,80,142,357
11/19/2008,PNS,FL,ASO,ES,Towers with Radar,30,57,38,48,173,0,0,36,9,45,30,57,74,57,218,84,22,106,324
11/20/2008,PNS,FL,ASO,ES,Towers with Radar,38,58,57,62,215,0,3,27,5,35,38,61,84,67,250,138,28,166,416
11/21/2008,PNS,FL,ASO,ES,Towers with Radar,39,60,70,69,238,0,0,45,16,61,39,60,115,85,299,10,46,56,355
11/22/2008,PNS,FL,ASO,ES,Towers with Radar,23,37,67,50,177,0,1,44,23,68,23,38,111,73,245,76,16,92,337
11/23/2008,PNS,FL,ASO,ES,Towers with Radar,31,36,73,49,189,0,1,40,27,68,31,37,113,76,257,34,82,116,373
11/24/2008,PNS,FL,ASO,ES,Towers with Radar,30,58,20,42,150,0,0,44,11,55,30,58,64,53,205,38,6,44,249
11/25/2008,PNS,FL,ASO,ES,Towers with Radar,32,52,48,49,181,0,1,13,4,18,32,53,61,53,199,28,44,72,271
11/26/2008,PNS,FL,ASO,ES,Towers with Radar,34,57,98,13,202,0,0,58,0,58,34,57,156,13,260,54,0,54,314
11/27/2008,PNS,FL,ASO,ES,Towers with Radar,23,26,31,0,80,0,0,25,0,25,23,26,56,0,105,0,0,0,105
11/28/2008,PNS,FL,ASO,ES,Towers with Radar,27,44,18,0,89,0,0,17,0,17,27,44,35,0,106,20,0,20,126
11/29/2008,PNS,FL,ASO,ES,Towers with Radar,31,38,18,0,87,0,0,15,0,15,31,38,33,0,102,20,0,20,122
11/30/2008,PNS,FL,ASO,ES,Towers with Radar,28,40,31,1,100,0,1,23,0,24,28,41,54,1,124,12,0,12,136
12/01/2008,PNS,FL,ASO,ES,Towers with Radar,36,55,31,34,156,0,0,31,10,41,36,55,62,44,197,28,14,42,239
12/02/2008,PNS,FL,ASO,ES,Towers with Radar,31,50,67,59,207,0,0,38,1,39,31,50,105,60,246,90,26,116,362
12/03/2008,PNS,FL,ASO,ES,Towers with Radar,33,52,38,48,171,0,2,39,7,48,33,54,77,55,219,40,0,40,259
12/04/2008,PNS,FL,ASO,ES,Towers with Radar,30,67,38,51,186,0,2,9,0,11,30,69,47,51,197,18,0,18,215
12/05/2008,PNS,FL,ASO,ES,Towers with Radar,37,61,64,74,236,0,0,27,11,38,37,61,91,85,274,42,6,48,322
12/06/2008,PNS,FL,ASO,ES,Towers with Radar,19,38,18,17,92,0,0,44,21,65,19,38,62,38,157,32,14,46,203
12/07/2008,PNS,FL,ASO,ES,Towers with Radar,28,36,22,11,97,0,3,32,17,52,28,39,54,28,149,42,26,68,217
12/08/2008,PNS,FL,ASO,ES,Towers with Radar,31,53,33,47,164,0,2,40,4,46,31,55,73,51,210,26,44,70,280
12/09/2008,PNS,FL,ASO,ES,Towers with Radar,28,54,63,49,194,0,1,28,1,30,28,55,91,50,224,16,0,16,240
12/10/2008,PNS,FL,ASO,ES,Towers with Radar,26,38,6,0,70,0,0,0,0,0,26,38,6,0,70,0,0,0,70
12/11/2008,PNS,FL,ASO,ES,Towers with Radar,31,51,19,3,104,0,0,0,0,0,31,51,19,3,104,0,0,0,104
12/12/2008,PNS,FL,ASO,ES,Towers with Radar,32,54,34,51,171,0,5,42,12,59,32,59,76,63,230,40,10,50,280
12/13/2008,PNS,FL,ASO,ES,Towers with Radar,22,29,24,36,111,0,1,39,27,67,22,30,63,63,178,38,32,70,248
12/14/2008,PNS,FL,ASO,ES,Towers with Radar,27,35,24,61,147,0,1,18,15,34,27,36,42,76,181,12,16,28,209
12/15/2008,PNS,FL,ASO,ES,Towers with Radar,30,51,40,42,163,0,0,0,0,0,30,51,40,42,163,0,0,0,163
12/16/2008,PNS,FL,ASO,ES,Towers with Radar,35,47,23,26,131,0,0,2,0,2,35,47,25,26,133,14,0,14,147
12/17/2008,PNS,FL,ASO,ES,Towers with Radar,33,50,38,44,165,0,0,6,0,6,33,50,44,44,171,16,12,28,199
12/18/2008,PNS,FL,ASO,ES,Towers with Radar,24,50,51,65,190,0,0,13,2,15,24,50,64,67,205,28,44,72,277
12/19/2008,PNS,FL,ASO,ES,Towers with Radar,35,56,40,28,159,0,1,22,14,37,35,57,62,42,196,26,2,28,224
12/20/2008,PNS,FL,ASO,ES,Towers with Radar,28,30,40,39,137,0,11,0,1,12,28,41,40,40,149,32,12,44,193
12/21/2008,PNS,FL,ASO,ES,Towers with Radar,33,48,7,36,124,0,0,9,19,28,33,48,16,55,152,4,0,4,156
12/22/2008,PNS,FL,ASO,ES,Towers with Radar,25,54,18,38,135,0,2,19,4,25,25,56,37,42,160,24,2,26,186
12/23/2008,PNS,FL,ASO,ES,Towers with Radar,29,50,69,22,170,0,2,10,0,12,29,52,79,22,182,8,2,10,192
12/24/2008,PNS,FL,ASO,ES,Towers with Radar,21,52,10,4,87,0,0,3,0,3,21,52,13,4,90,0,0,0,90
12/25/2008,PNS,FL,ASO,ES,Towers with Radar,21,29,9,0,59,0,0,0,0,0,21,29,9,0,59,0,0,0,59
12/26/2008,PNS,FL,ASO,ES,Towers with Radar,21,44,23,0,88,0,0,1,0,1,21,44,24,0,89,0,0,0,89
12/27/2008,PNS,FL,ASO,ES,Towers with Radar,25,34,13,0,72,0,0,9,0,9,25,34,22,0,81,6,0,6,87
12/28/2008,PNS,FL,ASO,ES,Towers with Radar,38,35,22,0,95,0,0,7,0,7,38,35,29,0,102,34,0,34,136
12/29/2008,PNS,FL,ASO,ES,Towers with Radar,30,50,25,11,116,0,0,19,0,19,30,50,44,11,135,26,4,30,165
12/30/2008,PNS,FL,ASO,ES,Towers with Radar,29,54,81,26,190,0,3,46,0,49,29,57,127,26,239,50,22,72,311
12/31/2008,PNS,FL,ASO,ES,Towers with Radar,28,54,28,14,124,0,3,29,0,32,28,57,57,14,156,18,0,18,174
01/01/2009,PNS,FL,ASO,ES,Towers with Radar,21,37,25,0,83,0,0,11,0,11,21,37,36,0,94,54,0,54,148
01/02/2009,PNS,FL,ASO,ES,Towers with Radar,29,44,68,8,149,0,0,27,0,27,29,44,95,8,176,44,0,44,220
01/03/2009,PNS,FL,ASO,ES,Towers with Radar,28,30,26,0,84,0,0,7,0,7,28,30,33,0,91,46,0,46,137
01/04/2009,PNS,FL,ASO,ES,Towers with Radar,26,44,28,2,100,0,3,22,0,25,26,47,50,2,125,46,0,46,171
01/05/2009,PNS,FL,ASO,ES,Towers with Radar,23,60,31,14,128,0,2,7,0,9,23,62,38,14,137,48,6,54,191
01/06/2009,PNS,FL,ASO,ES,Towers with Radar,30,52,33,58,173,0,0,5,2,7,30,52,38,60,180,12,14,26,206
01/07/2009,PNS,FL,ASO,ES,Towers with Radar,27,52,35,52,166,0,2,24,1,27,27,54,59,53,193,40,24,64,257
01/08/2009,PNS,FL,ASO,ES,Towers with Radar,31,61,66,111,269,0,2,31,9,42,31,63,97,120,311,88,78,166,477
01/09/2009,PNS,FL,ASO,ES,Towers with Radar,30,62,61,78,231,0,0,28,13,41,30,62,89,91,272,48,27,75,347
01/10/2009,PNS,FL,ASO,ES,Towers with Radar,21,33,14,31,99,0,0,3,1,4,21,33,17,32,103,14,0,14,117
01/11/2009,PNS,FL,ASO,ES,Towers with Radar,26,43,27,39,135,0,4,18,20,42,26,47,45,59,177,4,48,52,229
01/12/2009,PNS,FL,ASO,ES,Towers with Radar,22,54,19,25,120,0,1,38,6,45,22,55,57,31,165,40,54,94,259
01/13/2009,PNS,FL,ASO,ES,Towers with Radar,22,60,51,29,162,0,2,18,4,24,22,62,69,33,186,78,30,108,294
01/14/2009,PNS,FL,ASO,ES,Towers with Radar,21,61,63,46,191,0,4,33,4,41,21,65,96,50,232,136,38,174,406
01/15/2009,PNS,FL,ASO,ES,Towers with Radar,31,62,76,42,211,0,0,40,0,40,31,62,116,42,251,80,38,118,369
01/16/2009,PNS,FL,ASO,ES,Towers with Radar,27,63,31,64,185,0,0,33,11,44,27,63,64,75,229,92,42,134,363
01/17/2009,PNS,FL,ASO,ES,Towers with Radar,25,21,32,28,106,0,0,40,26,66,25,21,72,54,172,58,22,80,252
01/18/2009,PNS,FL,ASO,ES,Towers with Radar,25,35,27,12,99,0,0,30,19,49,25,35,57,31,148,12,32,44,192
01/19/2009,PNS,FL,ASO,ES,Towers with Radar,19,58,48,8,133,0,1,22,3,26,19,59,70,11,159,22,0,22,181
01/20/2009,PNS,FL,ASO,ES,Towers with Radar,28,57,15,35,135,0,1,18,2,21,28,58,33,37,156,38,48,86,242
01/21/2009,PNS,FL,ASO,ES,Towers with Radar,26,58,71,42,197,0,1,33,0,34,26,59,104,42,231,36,12,48,279
01/22/2009,PNS,FL,ASO,ES,Towers with Radar,36,62,35,52,185,0,0,26,2,28,36,62,61,54,213,24,28,52,265
01/23/2009,PNS,FL,ASO,ES,Towers with Radar,26,63,65,103,257,0,0,34,34,68,26,63,99,137,325,42,68,110,435
01/24/2009,PNS,FL,ASO,ES,Towers with Radar,23,34,13,36,106,0,0,13,20,33,23,34,26,56,139,36,4,40,179
01/25/2009,PNS,FL,ASO,ES,Towers with Radar,24,35,23,62,144,0,0,0,0,0,24,35,23,62,144,0,0,0,144
01/26/2009,PNS,FL,ASO,ES,Towers with Radar,23,55,29,65,172,0,1,12,20,33,23,56,41,85,205,54,16,70,275
01/27/2009,PNS,FL,ASO,ES,Towers with Radar,20,55,27,72,174,0,1,22,2,25,20,56,49,74,199,84,6,90,289
01/28/2009,PNS,FL,ASO,ES,Towers with Radar,21,54,14,36,125,0,1,6,0,7,21,55,20,36,132,0,20,20,152
01/29/2009,PNS,FL,ASO,ES,Towers with Radar,26,59,62,35,182,0,0,38,3,41,26,59,100,38,223,56,30,86,309
01/30/2009,PNS,FL,ASO,ES,Towers with Radar,29,74,40,62,205,0,0,38,18,56,29,74,78,80,261,92,22,114,375
01/31/2009,PNS,FL,ASO,ES,Towers with Radar,20,30,26,11,87,0,0,68,22,90,20,30,94,33,177,108,10,118,295
02/01/2009,PNS,FL,ASO,ES,Towers with Radar,20,43,24,11,98,0,4,49,15,68,20,47,73,26,166,30,16,46,212
02/02/2009,PNS,FL,ASO,ES,Towers with Radar,25,61,35,24,145,0,0,16,0,16,25,61,51,24,161,6,0,6,167
02/03/2009,PNS,FL,ASO,ES,Towers with Radar,23,57,24,57,161,0,3,42,1,46,23,60,66,58,207,50,4,54,261
02/04/2009,PNS,FL,ASO,ES,Towers with Radar,26,62,19,34,141,0,1,36,5,42,26,63,55,39,183,20,62,82,265
02/05/2009,PNS,FL,ASO,ES,Towers with Radar,33,64,84,37,218,0,0,48,4,52,33,64,132,41,270,14,0,14,284
02/06/2009,PNS,FL,ASO,ES,Towers with Radar,28,57,31,77,193,0,0,36,10,46,28,57,67,87,239,18,56,74,313
02/07/2009,PNS,FL,ASO,ES,Towers with Radar,23,32,15,21,91,0,2,38,43,83,23,34,53,64,174,6,62,68,242
02/08/2009,PNS,FL,ASO,ES,Towers with Radar,25,41,19,30,115,0,2,51,27,80,25,43,70,57,195,46,24,70,265
02/09/2009,PNS,FL,ASO,ES,Towers with Radar,25,51,62,63,201,0,1,32,6,39,25,52,94,69,240,42,30,72,312
02/10/2009,PNS,FL,ASO,ES,Towers with Radar,24,54,27,76,181,0,0,17,1,18,24,54,44,77,199,106,16,122,321
02/11/2009,PNS,FL,ASO,ES,Towers with Radar,23,55,26,34,138,0,0,7,9,16,23,55,33,43,154,28,30,58,212
02/12/2009,PNS,FL,ASO,ES,Towers with Radar,31,66,105,32,234,4,8,51,2,65,35,74,156,34,299,74,30,104,403
02/13/2009,PNS,FL,ASO,ES,Towers with Radar,31,56,30,76,193,0,0,15,3,18,31,56,45,79,211,82,12,94,305
02/14/2009,PNS,FL,ASO,ES,Towers with Radar,25,28,18,29,100,0,0,1,2,3,25,28,19,31,103,0,0,0,103
02/15/2009,PNS,FL,ASO,ES,Towers with Radar,25,37,29,26,117,0,0,19,14,33,25,37,48,40,150,56,12,68,218
02/16/2009,PNS,FL,ASO,ES,Towers with Radar,31,46,84,15,176,0,1,47,2,50,31,47,131,17,226,70,0,70,296
02/17/2009,PNS,FL,ASO,ES,Towers with Radar,25,55,30,76,186,0,1,19,4,24,25,56,49,80,210,102,56,158,368
02/18/2009,PNS,FL,ASO,ES,Towers with Radar,23,55,23,49,150,0,1,6,0,7,23,56,29,49,157,32,0,32,189
02/19/2009,PNS,FL,ASO,ES,Towers with Radar,31,49,77,53,210,0,0,46,11,57,31,49,123,64,267,38,60,98,365
02/20/2009,PNS,FL,ASO,ES,Towers with Radar,27,57,49,46,179,0,0,48,26,74,27,57,97,72,253,59,10,69,322
02/21/2009,PNS,FL,ASO,ES,Towers with Radar,28,28,23,26,105,0,14,54,27,95,28,42,77,53,200,70,54,124,324
02/22/2009,PNS,FL,ASO,ES,Towers with Radar,33,35,14,22,104,0,0,24,24,48,33,35,38,46,152,14,0,14,166
02/23/2009,PNS,FL,ASO,ES,Towers with Radar,32,51,21,43,147,0,2,31,5,38,32,53,52,48,185,26,20,46,231
02/24/2009,PNS,FL,ASO,ES,Towers with Radar,27,55,77,30,189,0,1,43,3,47,27,56,120,33,236,44,12,56,292
02/25/2009,PNS,FL,ASO,ES,Towers with Radar,25,55,24,50,154,0,0,25,1,26,25,55,49,51,180,42,34,76,256
02/26/2009,PNS,FL,ASO,ES,Towers with Radar,32,54,57,78,221,0,0,29,2,31,32,54,86,80,252,36,50,86,338
02/27/2009,PNS,FL,ASO,ES,Towers with Radar,25,54,36,70,185,0,0,17,5,22,25,54,53,75,207,72,0,72,279
02/28/2009,PNS,FL,ASO,ES,Towers with Radar,25,33,7,9,74,0,0,2,5,7,25,33,9,14,81,0,0,0,81
03/01/2009,PNS,FL,ASO,ES,Towers with Radar,13,34,14,20,81,0,0,15,29,44,13,34,29,49,125,4,28,32,157
03/02/2009,PNS,FL,ASO,ES,Towers with Radar,25,59,57,21,162,0,1,35,2,38,25,60,92,23,200,38,2,40,240
03/03/2009,PNS,FL,ASO,ES,Towers with Radar,24,53,32,40,149,0,0,40,1,41,24,53,72,41,190,94,0,94,284
03/04/2009,PNS,FL,ASO,ES,Towers with Radar,25,52,32,67,176,0,1,33,4,38,25,53,65,71,214,18,28,46,260
03/05/2009,PNS,FL,ASO,ES,Towers with Radar,30,51,30,20,131,0,4,34,4,42,30,55,64,24,173,70,12,82,255
03/06/2009,PNS,FL,ASO,ES,Towers with Radar,27,56,35,67,185,0,0,25,8,33,27,56,60,75,218,32,12,44,262
03/07/2009,PNS,FL,ASO,ES,Towers with Radar,21,33,31,17,102,0,0,12,16,28,21,33,43,33,130,36,20,56,186
03/08/2009,PNS,FL,ASO,ES,Towers with Radar,28,31,21,39,119,0,1,37,16,54,28,32,58,55,173,18,0,18,191
03/09/2009,PNS,FL,ASO,ES,Towers with Radar,27,47,16,31,121,0,0,17,2,19,27,47,33,33,140,22,40,62,202
03/10/2009,PNS,FL,ASO,ES,Towers with Radar,22,56,22,64,164,0,0,31,2,33,22,56,53,66,197,60,28,88,285
03/11/2009,PNS,FL,ASO,ES,Towers with Radar,33,51,36,58,178,0,1,48,6,55,33,52,84,64,233,74,24,98,331
03/12/2009,PNS,FL,ASO,ES,Towers with Radar,30,63,71,55,219,0,2,40,1,43,30,65,111,56,262,88,16,104,366
03/13/2009,PNS,FL,ASO,ES,Towers with Radar,29,55,37,95,216,0,0,33,1,34,29,55,70,96,250,61,38,99,349
03/14/2009,PNS,FL,ASO,ES,Towers with Radar,27,28,19,25,99,0,0,12,4,16,27,28,31,29,115,4,14,18,133
03/15/2009,PNS,FL,ASO,ES,Towers with Radar,23,36,26,29,114,0,0,3,11,14,23,36,29,40,128,0,14,14,142
03/16/2009,PNS,FL,ASO,ES,Towers with Radar,25,46,13,6,90,0,0,0,0,0,25,46,13,6,90,0,0,0,90
03/17/2009,PNS,FL,ASO,ES,Towers with Radar,29,60,34,47,170,0,0,29,2,31,29,60,63,49,201,42,26,68,269
03/18/2009,PNS,FL,ASO,ES,Towers with Radar,26,57,52,34,169,0,0,36,1,37,26,57,88,35,206,108,2,110,316
03/19/2009,PNS,FL,ASO,ES,Towers with Radar,27,59,84,105,275,0,1,35,2,38,27,60,119,107,313,32,22,54,367
03/20/2009,PNS,FL,ASO,ES,Towers with Radar,26,58,34,50,168,0,1,58,18,77,26,59,92,68,245,24,16,40,285
03/21/2009,PNS,FL,ASO,ES,Towers with Radar,22,35,21,26,104,0,2,38,29,69,22,37,59,55,173,6,8,14,187
03/22/2009,PNS,FL,ASO,ES,Towers with Radar,27,39,37,34,137,0,2,23,19,44,27,41,60,53,181,26,0,26,207
03/23/2009,PNS,FL,ASO,ES,Towers with Radar,25,53,51,73,202,0,0,24,3,27,25,53,75,76,229,26,0,26,255
03/24/2009,PNS,FL,ASO,ES,Towers with Radar,24,58,43,57,182,0,0,15,2,17,24,58,58,59,199,16,28,44,243
03/25/2009,PNS,FL,ASO,ES,Towers with Radar,23,47,20,45,135,0,0,9,0,9,23,47,29,45,144,0,4,4,148
03/26/2009,PNS,FL,ASO,ES,Towers with Radar,29,56,17,10,112,0,0,2,0,2,29,56,19,10,114,4,0,4,118
03/27/2009,PNS,FL,ASO,ES,Towers with Radar,32,48,16,24,120,0,0,1,1,2,32,48,17,25,122,0,0,0,122
03/28/2009,PNS,FL,ASO,ES,Towers with Radar,22,31,12,7,72,0,0,19,9,28,22,31,31,16,100,10,8,18,118
03/29/2009,PNS,FL,ASO,ES,Towers with Radar,28,43,25,10,106,0,0,63,28,91,28,43,88,38,197,106,6,112,309
03/30/2009,PNS,FL,ASO,ES,Towers with Radar,28,56,81,80,245,0,0,42,7,49,28,56,123,87,294,62,26,88,382
03/31/2009,PNS,FL,ASO,ES,Towers with Radar,28,54,4,22,108,0,0,1,0,1,28,54,5,22,109,0,0,0,109
04/01/2009,PNS,FL,ASO,ES,Towers with Radar,27,51,21,60,159,0,0,4,0,4,27,51,25,60,163,0,0,0,163
04/02/2009,PNS,FL,ASO,ES,Towers with Radar,29,46,22,2,99,0,0,5,0,5,29,46,27,2,104,0,0,0,104
04/03/2009,PNS,FL,ASO,ES,Towers with Radar,30,53,66,66,215,0,4,46,8,58,30,57,112,74,273,134,28,162,435
04/04/2009,PNS,FL,ASO,ES,Towers with Radar,27,26,29,54,136,0,0,55,22,77,27,26,84,76,213,56,12,68,281
04/05/2009,PNS,FL,ASO,ES,Towers with Radar,30,41,22,77,170,0,0,0,0,0,30,41,22,77,170,0,0,0,170
04/06/2009,PNS,FL,ASO,ES,Towers with Radar,31,47,18,42,138,0,0,6,2,8,31,47,24,44,146,20,34,54,200
04/07/2009,PNS,FL,ASO,ES,Towers with Radar,27,49,32,47,155,0,1,39,2,42,27,50,71,49,197,28,6,34,231
04/08/2009,PNS,FL,ASO,ES,Towers with Radar,30,49,28,78,185,0,1,34,4,39,30,50,62,82,224,42,46,88,312
04/09/2009,PNS,FL,ASO,ES,Towers with Radar,32,48,43,42,165,0,0,31,2,33,32,48,74,44,198,40,0,40,238
04/10/2009,PNS,FL,ASO,ES,Towers with Radar,24,50,36,66,176,0,0,14,1,15,24,50,50,67,191,22,2,24,215
04/11/2009,PNS,FL,ASO,ES,Towers with Radar,22,32,23,17,94,0,0,39,25,64,22,32,62,42,158,38,0,38,196
04/12/2009,PNS,FL,ASO,ES,Towers with Radar,33,39,30,42,144,0,0,16,11,27,33,39,46,53,171,0,4,4,175
04/13/2009,PNS,FL,ASO,ES,Towers with Radar,25,45,13,21,104,0,0,0,0,0,25,45,13,21,104,0,2,2,106
04/14/2009,PNS,FL,ASO,ES,Towers with Radar,26,57,68,25,176,0,2,34,5,41,26,59,102,30,217,54,28,82,299
04/15/2009,PNS,FL,ASO,ES,Towers with Radar,30,52,29,72,183,0,2,41,1,44,30,54,70,73,227,36,0,36,263
04/16/2009,PNS,FL,ASO,ES,Towers with Radar,34,61,62,58,215,0,1,38,2,41,34,62,100,60,256,14,2,16,272
04/17/2009,PNS,FL,ASO,ES,Towers with Radar,31,43,74,80,228,0,0,33,13,46,31,43,107,93,274,16,0,16,290
04/18/2009,PNS,FL,ASO,ES,Towers with Radar,26,33,27,33,119,0,2,10,11,23,26,35,37,44,142,20,44,64,206
04/19/2009,PNS,FL,ASO,ES,Towers with Radar,25,40,30,56,151,0,0,9,17,26,25,40,39,73,177,0,0,0,177
04/20/2009,PNS,FL,ASO,ES,Towers with Radar,29,56,34,56,175,0,0,23,5,28,29,56,57,61,203,16,30,46,249
04/21/2009,PNS,FL,ASO,ES,Towers with Radar,34,53,24,44,155,0,0,33,4,37,34,53,57,48,192,36,12,48,240
04/22/2009,PNS,FL,ASO,ES,Towers with Radar,30,49,20,47,146,0,2,40,2,44,30,51,60,49,190,56,0,56,246
04/23/2009,PNS,FL,ASO,ES,Towers with Radar,29,53,86,54,222,0,0,39,2,41,29,53,125,56,263,60,16,76,339
04/24/2009,PNS,FL,ASO,ES,Towers with Radar,29,51,37,69,186,0,0,43,12,55,29,51,80,81,241,24,6,30,271
04/25/2009,PNS,FL,ASO,ES,Towers with Radar,27,28,19,9,83,0,0,44,9,53,27,28,63,18,136,38,0,38,174
04/26/2009,PNS,FL,ASO,ES,Towers with Radar,32,35,33,56,156,0,0,14,15,29,32,35,47,71,185,13,10,23,208
04/27/2009,PNS,FL,ASO,ES,Towers with Radar,29,49,64,53,195,0,0,19,3,22,29,49,83,56,217,24,4,28,245
04/28/2009,PNS,FL,ASO,ES,Towers with Radar,28,50,55,91,224,0,0,23,1,24,28,50,78,92,248,14,14,28,276
04/29/2009,PNS,FL,ASO,ES,Towers with Radar,28,48,41,81,198,0,2,27,2,31,28,50,68,83,229,18,18,36,265
04/30/2009,PNS,FL,ASO,ES,Towers with Radar,31,54,59,52,196,0,0,25,1,26,31,54,84,53,222,28,2,30,252
05/01/2009,PNS,FL,ASO,ES,Towers with Radar,28,59,46,78,211,0,0,34,3,37,28,59,80,81,248,48,6,54,302
05/02/2009,PNS,FL,ASO,ES,Towers with Radar,27,33,24,27,111,0,0,16,13,29,27,33,40,40,140,32,12,44,184
05/03/2009,PNS,FL,ASO,ES,Towers with Radar,29,38,32,37,136,0,0,20,23,43,29,38,52,60,179,0,0,0,179
05/04/2009,PNS,FL,ASO,ES,Towers with Radar,29,51,18,5,103,0,0,2,1,3,29,51,20,6,106,0,0,0,106
05/05/2009,PNS,FL,ASO,ES,Towers with Radar,28,52,25,42,147,0,0,39,0,39,28,52,64,42,186,6,0,6,192
05/06/2009,PNS,FL,ASO,ES,Towers with Radar,25,51,34,57,167,0,4,21,2,27,25,55,55,59,194,24,22,46,240
05/07/2009,PNS,FL,ASO,ES,Towers with Radar,31,54,55,69,209,0,0,17,1,18,31,54,72,70,227,62,2,64,291
05/08/2009,PNS,FL,ASO,ES,Towers with Radar,28,52,39,49,168,0,0,23,8,31,28,52,62,57,199,60,10,70,269
05/09/2009,PNS,FL,ASO,ES,Towers with Radar,22,30,18,16,86,0,0,31,21,52,22,30,49,37,138,48,6,54,192
05/10/2009,PNS,FL,ASO,ES,Towers with Radar,27,35,26,18,106,0,0,21,21,42,27,35,47,39,148,10,26,36,184
05/11/2009,PNS,FL,ASO,ES,Towers with Radar,31,52,41,27,151,0,0,21,7,28,31,52,62,34,179,56,68,124,303
05/12/2009,PNS,FL,ASO,ES,Towers with Radar,30,49,21,65,165,0,0,21,5,26,30,49,42,70,191,32,14,46,237
05/13/2009,PNS,FL,ASO,ES,Towers with Radar,26,50,27,52,155,0,0,24,0,24,26,50,51,52,179,6,24,30,209
05/14/2009,PNS,FL,ASO,ES,Towers with Radar,31,54,43,108,236,0,0,26,20,46,31,54,69,128,282,4,38,42,324
05/15/2009,PNS,FL,ASO,ES,Towers with Radar,31,49,32,35,147,0,0,17,25,42,31,49,49,60,189,28,14,42,231
05/16/2009,PNS,FL,ASO,ES,Towers with Radar,26,31,12,26,95,0,0,19,18,37,26,31,31,44,132,58,0,58,190
05/17/2009,PNS,FL,ASO,ES,Towers with Radar,30,41,17,19,107,0,0,4,9,13,30,41,21,28,120,0,0,0,120
05/18/2009,PNS,FL,ASO,ES,Towers with Radar,28,52,27,42,149,0,1,10,8,19,28,53,37,50,168,18,6,24,192
05/19/2009,PNS,FL,ASO,ES,Towers with Radar,28,45,18,46,137,0,1,34,3,38,28,46,52,49,175,42,26,68,243
05/20/2009,PNS,FL,ASO,ES,Towers with Radar,29,55,20,57,161,0,0,25,2,27,29,55,45,59,188,0,14,14,202
05/21/2009,PNS,FL,ASO,ES,Towers with Radar,32,59,35,74,200,0,0,6,1,7,32,59,41,75,207,18,22,40,247
05/22/2009,PNS,FL,ASO,ES,Towers with Radar,33,49,39,41,162,0,0,10,9,19,33,49,49,50,181,8,6,14,195
05/23/2009,PNS,FL,ASO,ES,Towers with Radar,28,35,17,18,98,0,0,1,0,1,28,35,18,18,99,0,16,16,115
05/24/2009,PNS,FL,ASO,ES,Towers with Radar,25,33,13,19,90,0,2,17,31,50,25,35,30,50,140,34,44,78,218
05/25/2009,PNS,FL,ASO,ES,Towers with Radar,33,45,22,12,112,0,0,7,4,11,33,45,29,16,123,14,0,14,137
05/26/2009,PNS,FL,ASO,ES,Towers with Radar,29,48,29,66,172,0,5,21,19,45,29,53,50,85,217,72,14,86,303
05/27/2009,PNS,FL,ASO,ES,Towers with Radar,32,59,32,46,169,0,0,24,1,25,32,59,56,47,194,68,12,80,274
05/28/2009,PNS,FL,ASO,ES,Towers with Radar,36,63,55,103,257,0,1,19,3,23,36,64,74,106,280,74,0,74,354
05/29/2009,PNS,FL,ASO,ES,Towers with Radar,28,53,29,46,156,0,2,27,10,39,28,55,56,56,195,46,0,46,241
05/30/2009,PNS,FL,ASO,ES,Towers with Radar,31,29,33,15,108,0,2,52,24,78,31,31,85,39,186,74,2,76,262
05/31/2009,PNS,FL,ASO,ES,Towers with Radar,34,35,26,35,130,0,0,0,0,0,34,35,26,35,130,71,0,71,201
06/01/2009,PNS,FL,ASO,ES,Towers with Radar,36,54,43,67,200,0,1,34,3,38,36,55,77,70,238,42,30,72,310
06/02/2009,PNS,FL,ASO,ES,Towers with Radar,24,56,26,50,156,0,2,31,2,35,24,58,57,52,191,28,18,46,237
06/03/2009,PNS,FL,ASO,ES,Towers with Radar,34,58,17,36,145,0,0,11,2,13,34,58,28,38,158,38,24,62,220
06/04/2009,PNS,FL,ASO,ES,Towers with Radar,32,65,33,30,160,0,7,9,0,16,32,72,42,30,176,0,38,38,214
06/05/2009,PNS,FL,ASO,ES,Towers with Radar,33,51,24,101,209,0,0,19,6,25,33,51,43,107,234,6,12,18,252
06/06/2009,PNS,FL,ASO,ES,Towers with Radar,37,33,23,37,130,0,0,47,26,73,37,33,70,63,203,58,12,70,273
06/07/2009,PNS,FL,ASO,ES,Towers with Radar,34,38,21,20,113,0,0,0,0,0,34,38,21,20,113,64,2,66,179
06/08/2009,PNS,FL,ASO,ES,Towers with Radar,33,58,61,67,219,0,1,34,1,36,33,59,95,68,255,10,32,42,297
06/09/2009,PNS,FL,ASO,ES,Towers with Radar,31,60,39,61,191,0,3,29,1,33,31,63,68,62,224,10,12,22,246
06/10/2009,PNS,FL,ASO,ES,Towers with Radar,30,48,18,81,177,0,1,39,5,45,30,49,57,86,222,48,4,52,274
06/11/2009,PNS,FL,ASO,ES,Towers with Radar,30,52,22,54,158,0,2,22,0,24,30,54,44,54,182,28,16,44,226
06/12/2009,PNS,FL,ASO,ES,Towers with Radar,31,54,22,64,171,0,0,0,0,0,31,54,22,64,171,42,0,42,213
06/13/2009,PNS,FL,ASO,ES,Towers with Radar,31,37,16,24,108,0,0,24,27,51,31,37,40,51,159,14,2,16,175
06/14/2009,PNS,FL,ASO,ES,Towers with Radar,36,35,21,49,141,0,0,26,16,42,36,35,47,65,183,16,0,16,199
06/15/2009,PNS,FL,ASO,ES,Towers with Radar,33,59,10,41,143,0,1,33,2,36,33,60,43,43,179,20,8,28,207
06/16/2009,PNS,FL,ASO,ES,Towers with Radar,30,59,33,73,195,0,0,22,3,25,30,59,55,76,220,40,18,58,278
06/17/2009,PNS,FL,ASO,ES,Towers with Radar,29,53,25,62,169,0,0,36,0,36,29,53,61,62,205,64,0,64,269
06/18/2009,PNS,FL,ASO,ES,Towers with Radar,33,58,74,80,245,0,0,35,1,36,33,58,109,81,281,36,0,36,317
06/19/2009,PNS,FL,ASO,ES,Towers with Radar,38,57,32,34,161,0,0,34,10,44,38,57,66,44,205,22,0,22,227
06/20/2009,PNS,FL,ASO,ES,Towers with Radar,31,39,19,15,104,0,0,40,12,52,31,39,59,27,156,20,0,20,176
06/21/2009,PNS,FL,ASO,ES,Towers with Radar,32,37,18,18,105,0,3,26,9,38,32,40,44,27,143,58,34,92,235
06/22/2009,PNS,FL,ASO,ES,Towers with Radar,26,54,56,23,159,0,0,24,1,25,26,54,80,24,184,28,2,30,214
06/23/2009,PNS,FL,ASO,ES,Towers with Radar,30,58,29,13,130,0,0,19,1,20,30,58,48,14,150,56,0,56,206
06/24/2009,PNS,FL,ASO,ES,Towers with Radar,31,55,23,58,167,0,2,38,0,40,31,57,61,58,207,48,0,48,255
06/25/2009,PNS,FL,ASO,ES,Towers with Radar,37,50,62,72,221,0,1,33,1,35,37,51,95,73,256,30,0,30,286
06/26/2009,PNS,FL,ASO,ES,Towers with Radar,31,54,63,101,249,0,0,32,15,47,31,54,95,116,296,26,2,28,324
06/27/2009,PNS,FL,ASO,ES,Towers with Radar,34,31,19,9,93,0,2,46,37,85,34,33,65,46,178,32,70,102,280
06/28/2009,PNS,FL,ASO,ES,Towers with Radar,29,43,32,25,129,0,2,34,20,56,29,45,66,45,185,16,6,22,207
06/29/2009,PNS,FL,ASO,ES,Towers with Radar,30,57,17,38,142,0,0,13,2,15,30,57,30,40,157,14,12,26,183
06/30/2009,PNS,FL,ASO,ES,Towers with Radar,29,59,30,60,178,0,1,20,7,28,29,60,50,67,206,22,14,36,242
07/01/2009,PNS,FL,ASO,ES,Towers with Radar,35,58,43,49,185,0,0,32,1,33,35,58,75,50,218,62,20,82,300
07/02/2009,PNS,FL,ASO,ES,Towers with Radar,35,52,45,15,147,0,0,43,3,46,35,52,88,18,193,28,2,30,223
07/03/2009,PNS,FL,ASO,ES,Towers with Radar,32,45,18,1,96,0,3,41,0,44,32,48,59,1,140,45,0,45,185
07/04/2009,PNS,FL,ASO,ES,Towers with Radar,26,32,9,0,67,0,0,46,2,48,26,32,55,2,115,16,0,16,131
07/05/2009,PNS,FL,ASO,ES,Towers with Radar,36,40,27,3,106,0,4,20,7,31,36,44,47,10,137,28,0,28,165
07/06/2009,PNS,FL,ASO,ES,Towers with Radar,38,54,22,20,134,0,0,8,5,13,38,54,30,25,147,0,16,16,163
07/07/2009,PNS,FL,ASO,ES,Towers with Radar,34,53,16,25,128,0,0,7,1,8,34,53,23,26,136,8,0,8,144
07/08/2009,PNS,FL,ASO,ES,Towers with Radar,32,53,40,45,170,0,0,14,5,19,32,53,54,50,189,34,10,44,233
07/09/2009,PNS,FL,ASO,ES,Towers with Radar,37,63,87,47,234,0,0,46,1,47,37,63,133,48,281,38,4,42,323
07/10/2009,PNS,FL,ASO,ES,Towers with Radar,37,56,73,83,249,0,1,28,17,46,37,57,101,100,295,82,0,82,377
07/11/2009,PNS,FL,ASO,ES,Towers with Radar,33,35,21,13,102,0,2,33,14,49,33,37,54,27,151,14,0,14,165
07/12/2009,PNS,FL,ASO,ES,Towers with Radar,35,39,32,22,128,0,0,25,23,48,35,39,57,45,176,24,12,36,212
07/13/2009,PNS,FL,ASO,ES,Towers with Radar,34,51,20,38,143,0,1,7,9,17,34,52,27,47,160,28,20,48,208
07/14/2009,PNS,FL,ASO,ES,Towers with Radar,29,60,65,76,230,0,0,35,2,37,29,60,100,78,267,47,16,63,330
07/15/2009,PNS,FL,ASO,ES,Towers with Radar,34,60,41,39,174,0,1,33,2,36,34,61,74,41,210,56,38,94,304
07/16/2009,PNS,FL,ASO,ES,Towers with Radar,35,56,52,36,179,0,1,23,0,24,35,57,75,36,203,20,2,22,225
07/17/2009,PNS,FL,ASO,ES,Towers with Radar,35,50,39,61,185,0,0,0,0,0,35,50,39,61,185,20,0,20,205
07/18/2009,PNS,FL,ASO,ES,Towers with Radar,38,33,12,16,99,0,0,53,16,69,38,33,65,32,168,78,2,80,248
07/19/2009,PNS,FL,ASO,ES,Towers with Radar,32,37,31,36,136,0,1,46,13,60,32,38,77,49,196,116,26,142,338
07/20/2009,PNS,FL,ASO,ES,Towers with Radar,34,67,66,97,264,0,0,0,0,0,34,67,66,97,264,58,8,66,330
07/21/2009,PNS,FL,ASO,ES,Towers with Radar,34,54,90,105,283,0,0,62,2,64,34,54,152,107,347,60,18,78,425
07/22/2009,PNS,FL,ASO,ES,Towers with Radar,30,57,38,62,187,0,0,54,2,56,30,57,92,64,243,96,28,124,367
07/23/2009,PNS,FL,ASO,ES,Towers with Radar,35,57,63,33,188,0,0,25,1,26,35,57,88,34,214,144,18,162,376
07/24/2009,PNS,FL,ASO,ES,Towers with Radar,30,48,29,69,176,0,0,68,10,78,30,48,97,79,254,106,0,106,360
07/25/2009,PNS,FL,ASO,ES,Towers with Radar,37,25,11,6,79,0,0,60,14,74,37,25,71,20,153,158,6,164,317
07/26/2009,PNS,FL,ASO,ES,Towers with Radar,36,39,18,45,138,0,0,44,35,79,36,39,62,80,217,88,28,116,333
07/27/2009,PNS,FL,ASO,ES,Towers with Radar,28,47,21,67,163,0,1,56,2,59,28,48,77,69,222,180,32,212,434
07/28/2009,PNS,FL,ASO,ES,Towers with Radar,33,54,14,34,135,0,0,20,1,21,33,54,34,35,156,150,0,150,306
07/29/2009,PNS,FL,ASO,ES,Towers with Radar,36,66,33,90,225,0,0,33,2,35,36,66,66,92,260,200,6,206,466
07/30/2009,PNS,FL,ASO,ES,Towers with Radar,31,58,68,55,212,0,0,38,2,40,31,58,106,57,252,188,8,196,448
07/31/2009,PNS,FL,ASO,ES,Towers with Radar,34,57,25,13,129,0,1,11,10,22,34,58,36,23,151,58,0,58,209
08/01/2009,PNS,FL,ASO,ES,Towers with Radar,33,38,15,21,107,0,0,49,17,66,33,38,64,38,173,178,8,186,359
08/02/2009,PNS,FL,ASO,ES,Towers with Radar,31,39,17,34,121,0,0,41,17,58,31,39,58,51,179,120,22,142,321
08/03/2009,PNS,FL,ASO,ES,Towers with Radar,35,60,69,31,195,0,1,48,7,56,35,61,117,38,251,116,8,124,375
08/04/2009,PNS,FL,ASO,ES,Towers with Radar,34,52,20,47,153,0,4,27,1,32,34,56,47,48,185,102,2,104,289
08/05/2009,PNS,FL,ASO,ES,Towers with Radar,37,62,30,9,138,0,0,30,1,31,37,62,60,10,169,94,0,94,263
08/06/2009,PNS,FL,ASO,ES,Towers with Radar,33,55,87,77,252,0,1,57,3,61,33,56,144,80,313,64,4,68,381
08/07/2009,PNS,FL,ASO,ES,Towers with Radar,36,54,36,56,182,0,1,68,17,86,36,55,104,73,268,128,6,134,402
08/08/2009,PNS,FL,ASO,ES,Towers with Radar,38,34,21,17,110,0,0,64,20,84,38,34,85,37,194,76,12,88,282
08/09/2009,PNS,FL,ASO,ES,Towers with Radar,31,36,29,23,119,0,0,43,30,73,31,36,72,53,192,78,0,78,270
08/10/2009,PNS,FL,ASO,ES,Towers with Radar,36,43,30,39,148,0,1,55,2,58,36,44,85,41,206,148,4,152,358
08/11/2009,PNS,FL,ASO,ES,Towers with Radar,27,55,20,58,160,0,1,46,6,53,27,56,66,64,213,64,12,76,289
08/12/2009,PNS,FL,ASO,ES,Towers with Radar,34,53,25,20,132,0,2,18,4,24,34,55,43,24,156,100,4,104,260
08/13/2009,PNS,FL,ASO,ES,Towers with Radar,28,63,71,76,238,0,0,49,1,50,28,63,120,77,288,262,10,272,560
08/14/2009,PNS,FL,ASO,ES,Towers with Radar,33,53,39,60,185,0,0,49,22,71,33,53,88,82,256,290,18,308,564
08/15/2009,PNS,FL,ASO,ES,Towers with Radar,33,31,29,16,109,0,0,30,36,66,33,31,59,52,175,148,8,156,331
08/16/2009,PNS,FL,ASO,ES,Towers with Radar,31,36,26,25,118,0,0,6,8,14,31,36,32,33,132,0,8,8,140
08/17/2009,PNS,FL,ASO,ES,Towers with Radar,28,53,19,41,141,0,0,7,2,9,28,53,26,43,150,14,8,22,172
08/18/2009,PNS,FL,ASO,ES,Towers with Radar,28,58,25,50,161,0,1,48,2,51,28,59,73,52,212,140,18,158,370
08/19/2009,PNS,FL,ASO,ES,Towers with Radar,39,63,23,58,183,0,0,21,0,21,39,63,44,58,204,102,2,104,308
08/20/2009,PNS,FL,ASO,ES,Towers with Radar,30,57,51,48,186,0,0,25,2,27,30,57,76,50,213,134,16,150,363
08/21/2009,PNS,FL,ASO,ES,Towers with Radar,33,51,42,54,180,0,0,25,13,38,33,51,67,67,218,64,4,68,286
08/22/2009,PNS,FL,ASO,ES,Towers with Radar,29,42,20,20,111,0,0,68,30,98,29,42,88,50,209,88,42,130,339
08/23/2009,PNS,FL,ASO,ES,Towers with Radar,32,39,13,16,100,0,2,80,36,118,32,41,93,52,218,158,2,160,378
08/24/2009,PNS,FL,ASO,ES,Towers with Radar,34,50,30,52,166,0,2,56,1,59,34,52,86,53,225,116,10,126,351
08/25/2009,PNS,FL,ASO,ES,Towers with Radar,28,56,34,77,195,0,2,68,1,71,28,58,102,78,266,170,32,202,468
08/26/2009,PNS,FL,ASO,ES,Towers with Radar,28,57,35,83,203,0,2,63,3,68,28,59,98,86,271,184,14,198,469
08/27/2009,PNS,FL,ASO,ES,Towers with Radar,30,58,27,62,177,0,0,18,4,22,30,58,45,66,199,118,46,164,363
08/28/2009,PNS,FL,ASO,ES,Towers with Radar,36,59,35,74,204,0,0,53,32,85,36,59,88,106,289,148,26,174,463
08/29/2009,PNS,FL,ASO,ES,Towers with Radar,29,34,8,20,91,0,1,50,42,93,29,35,58,62,184,118,44,162,346
08/30/2009,PNS,FL,ASO,ES,Towers with Radar,32,37,5,15,89,0,0,27,26,53,32,37,32,41,142,54,28,82,224
08/31/2009,PNS,FL,ASO,ES,Towers with Radar,35,51,40,50,176,0,0,28,11,39,35,51,68,61,215,66,26,92,307
09/01/2009,PNS,FL,ASO,ES,Towers with Radar,30,52,13,55,150,0,0,60,3,63,30,52,73,58,213,200,16,216,429
09/02/2009,PNS,FL,ASO,ES,Towers with Radar,28,58,16,73,175,0,5,25,1,31,28,63,41,74,206,118,22,140,346
09/03/2009,PNS,FL,ASO,ES,Towers with Radar,35,55,42,52,184,0,2,53,4,59,35,57,95,56,243,156,30,186,429
09/04/2009,PNS,FL,ASO,ES,Towers with Radar,32,58,102,65,257,0,0,62,14,76,32,58,164,79,333,186,8,194,527
09/05/2009,PNS,FL,ASO,ES,Towers with Radar,23,23,21,16,83,0,0,54,21,75,23,23,75,37,158,178,24,202,360
09/06/2009,PNS,FL,ASO,ES,Towers with Radar,25,33,21,16,95,0,2,43,20,65,25,35,64,36,160,196,42,238,398
09/07/2009,PNS,FL,ASO,ES,Towers with Radar,35,39,30,21,125,0,0,43,17,60,35,39,73,38,185,148,0,148,333
09/08/2009,PNS,FL,ASO,ES,Towers with Radar,30,48,19,61,158,0,0,61,41,102,30,48,80,102,260,176,6,182,442
09/09/2009,PNS,FL,ASO,ES,Towers with Radar,28,57,24,70,179,0,1,54,0,55,28,58,78,70,234,190,18,208,442
09/10/2009,PNS,FL,ASO,ES,Towers with Radar,35,53,73,56,217,0,1,51,0,52,35,54,124,56,269,224,28,252,521
09/11/2009,PNS,FL,ASO,ES,Towers with Radar,29,52,23,82,186,0,0,28,20,48,29,52,51,102,234,166,14,180,414
09/12/2009,PNS,FL,ASO,ES,Towers with Radar,30,29,37,21,117,0,0,3,4,7,30,29,40,25,124,24,0,24,148
09/13/2009,PNS,FL,ASO,ES,Towers with Radar,31,31,13,27,102,0,0,28,25,53,31,31,41,52,155,86,0,86,241
09/14/2009,PNS,FL,ASO,ES,Towers with Radar,27,47,24,11,109,0,0,14,0,14,27,47,38,11,123,34,2,36,159
09/15/2009,PNS,FL,ASO,ES,Towers with Radar,26,47,16,60,149,0,0,41,6,47,26,47,57,66,196,218,16,234,430
09/16/2009,PNS,FL,ASO,ES,Towers with Radar,31,54,64,68,217,0,0,37,4,41,31,54,101,72,258,242,24,266,524
09/17/2009,PNS,FL,ASO,ES,Towers with Radar,34,54,40,30,158,0,0,16,0,16,34,54,56,30,174,50,0,50,224
09/18/2009,PNS,FL,ASO,ES,Towers with Radar,33,52,69,51,205,0,0,40,16,56,33,52,109,67,261,144,0,144,405
09/19/2009,PNS,FL,ASO,ES,Towers with Radar,28,27,9,21,85,0,0,45,20,65,28,27,54,41,150,202,24,226,376
09/20/2009,PNS,FL,ASO,ES,Towers with Radar,29,33,13,16,91,0,0,33,40,73,29,33,46,56,164,188,40,228,392
09/21/2009,PNS,FL,ASO,ES,Towers with Radar,20,45,55,74,194,0,2,27,1,30,20,47,82,75,224,182,60,242,466
09/22/2009,PNS,FL,ASO,ES,Towers with Radar,27,45,59,44,175,0,1,27,1,29,27,46,86,45,204,136,56,192,396
09/23/2009,PNS,FL,ASO,ES,Towers with Radar,27,49,36,52,164,0,1,60,4,65,27,50,96,56,229,262,26,288,517
09/24/2009,PNS,FL,ASO,ES,Towers with Radar,31,58,100,45,234,0,0,54,1,55,31,58,154,46,289,234,8,242,531
09/25/2009,PNS,FL,ASO,ES,Towers with Radar,29,45,49,29,152,0,2,34,8,44,29,47,83,37,196,18,14,32,228
09/26/2009,PNS,FL,ASO,ES,Towers with Radar,24,29,20,5,78,0,0,45,12,57,24,29,65,17,135,90,32,122,257
09/27/2009,PNS,FL,ASO,ES,Towers with Radar,36,31,22,28,117,0,2,41,23,66,36,33,63,51,183,116,40,156,339
09/28/2009,PNS,FL,ASO,ES,Towers with Radar,29,49,61,45,184,0,2,36,2,40,29,51,97,47,224,176,28,204,428
09/29/2009,PNS,FL,ASO,ES,Towers with Radar,25,49,32,50,156,0,2,64,5,71,25,51,96,55,227,214,22,236,463
09/30/2009,PNS,FL,ASO,ES,Towers with Radar,32,51,92,53,228,0,3,61,2,66,32,54,153,55,294,204,22,226,520
10/01/2009,PNS,FL,ASO,ES,Towers with Radar,32,53,110,68,263,0,2,76,2,80,32,55,186,70,343,246,12,258,601
10/02/2009,PNS,FL,ASO,ES,Towers with Radar,32,51,91,48,222,0,0,59,11,70,32,51,150,59,292,170,8,178,470
10/03/2009,PNS,FL,ASO,ES,Towers with Radar,28,27,19,13,87,0,0,68,26,94,28,27,87,39,181,124,36,160,341
10/04/2009,PNS,FL,ASO,ES,Towers with Radar,32,45,30,49,156,0,0,16,5,21,32,45,46,54,177,85,0,85,262
10/05/2009,PNS,FL,ASO,ES,Towers with Radar,36,28,15,45,124,0,2,55,2,59,36,30,70,47,183,212,8,220,403
10/06/2009,PNS,FL,ASO,ES,Towers with Radar,33,46,25,53,157,0,6,50,5,61,33,52,75,58,218,168,48,216,434
10/07/2009,PNS,FL,ASO,ES,Towers with Radar,33,58,26,19,136,0,0,39,4,43,33,58,65,23,179,152,0,152,331
10/08/2009,PNS,FL,ASO,ES,Towers with Radar,36,56,103,62,257,0,2,49,0,51,36,58,152,62,308,184,0,184,492
10/09/2009,PNS,FL,ASO,ES,Towers with Radar,34,53,33,31,151,0,0,39,3,42,34,53,72,34,193,154,20,174,367
10/10/2009,PNS,FL,ASO,ES,Towers with Radar,29,32,17,0,78,0,0,42,5,47,29,32,59,5,125,140,0,140,265
10/11/2009,PNS,FL,ASO,ES,Towers with Radar,35,39,25,0,99,0,0,72,2,74,35,39,97,2,173,218,0,218,391
10/12/2009,PNS,FL,ASO,ES,Towers with Radar,34,49,65,5,153,0,0,48,1,49,34,49,113,6,202,208,2,210,412
10/13/2009,PNS,FL,ASO,ES,Towers with Radar,33,52,21,27,133,0,0,2,1,3,33,52,23,28,136,64,4,68,204
10/14/2009,PNS,FL,ASO,ES,Towers with Radar,31,48,12,18,109,0,2,36,7,45,31,50,48,25,154,154,10,164,318
10/15/2009,PNS,FL,ASO,ES,Towers with Radar,33,55,53,62,203,0,0,34,4,38,33,55,87,66,241,174,62,236,477
10/16/2009,PNS,FL,ASO,ES,Towers with Radar,37,61,69,83,250,0,0,52,19,71,37,61,121,102,321,110,4,114,435
10/17/2009,PNS,FL,ASO,ES,Towers with Radar,34,30,94,64,222,0,0,78,40,118,34,30,172,104,340,202,34,236,576
10/18/2009,PNS,FL,ASO,ES,Towers with Radar,34,38,12,16,100,0,0,74,46,120,34,38,86,62,220,178,28,206,426
10/19/2009,PNS,FL,ASO,ES,Towers with Radar,30,52,49,21,152,0,4,52,30,86,30,56,101,51,238,186,12,198,436
10/20/2009,PNS,FL,ASO,ES,Towers with Radar,34,49,33,51,167,0,2,70,6,78,34,51,103,57,245,188,50,238,483
10/21/2009,PNS,FL,ASO,ES,Towers with Radar,30,51,41,47,169,0,0,72,8,80,30,51,113,55,249,214,48,262,511
10/22/2009,PNS,FL,ASO,ES,Towers with Radar,32,52,38,38,160,0,1,16,1,18,32,53,54,39,178,88,30,118,296
10/23/2009,PNS,FL,ASO,ES,Towers with Radar,35,45,44,11,135,0,2,48,13,63,35,47,92,24,198,22,0,22,220
10/24/2009,PNS,FL,ASO,ES,Towers with Radar,30,28,15,11,84,0,2,73,22,97,30,30,88,33,181,66,20,86,267
10/25/2009,PNS,FL,ASO,ES,Towers with Radar,34,33,20,13,100,0,0,76,20,96,34,33,96,33,196,242,36,278,474
10/26/2009,PNS,FL,ASO,ES,Towers with Radar,32,49,70,21,172,0,0,54,4,58,32,49,124,25,230,132,2,134,364
10/27/2009,PNS,FL,ASO,ES,Towers with Radar,30,66,15,32,143,0,3,9,0,12,30,69,24,32,155,68,14,82,237
10/28/2009,PNS,FL,ASO,ES,Towers with Radar,35,57,43,35,170,0,1,68,0,69,35,58,111,35,239,160,0,160,399
10/29/2009,PNS,FL,ASO,ES,Towers with Radar,30,56,47,44,177,0,1,20,0,21,30,57,67,44,198,56,0,56,254
10/30/2009,PNS,FL,ASO,ES,Towers with Radar,30,51,28,44,153,0,0,0,0,0,30,51,28,44,153,0,0,0,153
10/31/2009,PNS,FL,ASO,ES,Towers with Radar,32,33,4,14,83,0,0,13,2,15,32,33,17,16,98,24,0,24,122
11/01/2009,PNS,FL,ASO,ES,Towers with Radar,34,40,20,12,106,0,0,80,19,99,34,40,100,31,205,172,0,172,377
11/02/2009,PNS,FL,ASO,ES,Towers with Radar,33,52,92,17,194,0,4,78,8,90,33,56,170,25,284,144,28,172,456
11/03/2009,PNS,FL,ASO,ES,Towers with Radar,30,50,25,27,132,0,3,70,4,77,30,53,95,31,209,136,30,166,375
11/04/2009,PNS,FL,ASO,ES,Towers with Radar,37,49,24,6,116,0,2,62,5,69,37,51,86,11,185,222,48,270,455
11/05/2009,PNS,FL,ASO,ES,Towers with Radar,35,60,91,68,254,0,1,72,18,91,35,61,163,86,345,148,12,160,505
11/06/2009,PNS,FL,ASO,ES,Towers with Radar,36,54,31,51,172,0,1,75,17,93,36,55,106,68,265,168,18,186,451
11/07/2009,PNS,FL,ASO,ES,Towers with Radar,30,30,17,22,99,0,0,62,27,89,30,30,79,49,188,178,10,188,376
11/08/2009,PNS,FL,ASO,ES,Towers with Radar,33,34,17,23,107,0,0,65,25,90,33,34,82,48,197,120,16,136,333
11/09/2009,PNS,FL,ASO,ES,Towers with Radar,31,47,24,3,105,0,0,0,0,0,31,47,24,3,105,0,0,0,105
11/10/2009,PNS,FL,ASO,ES,Towers with Radar,28,44,4,16,92,0,0,0,0,0,28,44,4,16,92,0,0,0,92
11/11/2009,PNS,FL,ASO,ES,Towers with Radar,29,56,20,72,177,0,0,26,33,59,29,56,46,105,236,44,10,54,290
11/12/2009,PNS,FL,ASO,ES,Towers with Radar,37,57,121,137,352,0,0,88,43,131,37,57,209,180,483,126,16,142,625
11/13/2009,PNS,FL,ASO,ES,Towers with Radar,32,53,150,103,338,0,1,93,26,120,32,54,243,129,458,128,60,188,646
11/14/2009,PNS,FL,ASO,ES,Towers with Radar,32,38,18,33,121,0,0,93,42,135,32,38,111,75,256,124,6,130,386
11/15/2009,PNS,FL,ASO,ES,Towers with Radar,39,33,49,34,155,0,2,107,41,150,39,35,156,75,305,292,6,298,603
11/16/2009,PNS,FL,ASO,ES,Towers with Radar,34,47,33,76,190,0,1,53,18,72,34,48,86,94,262,200,46,246,508
11/17/2009,PNS,FL,ASO,ES,Towers with Radar,32,53,38,54,177,0,0,24,1,25,32,53,62,55,202,124,22,146,348
11/18/2009,PNS,FL,ASO,ES,Towers with Radar,37,50,23,26,136,0,1,59,0,60,37,51,82,26,196,234,10,244,440
11/19/2009,PNS,FL,ASO,ES,Towers with Radar,34,54,110,61,259,0,0,72,13,85,34,54,182,74,344,260,0,260,604
11/20/2009,PNS,FL,ASO,ES,Towers with Radar,34,48,30,46,158,0,2,71,17,90,34,50,101,63,248,304,14,318,566
11/21/2009,PNS,FL,ASO,ES,Towers with Radar,34,28,9,32,103,0,0,44,27,71,34,28,53,59,174,152,40,192,366
11/22/2009,PNS,FL,ASO,ES,Towers with Radar,34,35,13,40,122,0,0,14,6,20,34,35,27,46,142,76,0,76,218
11/23/2009,PNS,FL,ASO,ES,Towers with Radar,33,44,46,51,174,0,0,29,2,31,33,44,75,53,205,90,0,90,295
11/24/2009,PNS,FL,ASO,ES,Towers with Radar,36,53,31,48,168,0,1,65,3,69,36,54,96,51,237,226,30,256,493
11/25/2009,PNS,FL,ASO,ES,Towers with Radar,36,61,40,17,154,0,0,59,9,68,36,61,99,26,222,194,0,194,416
11/26/2009,PNS,FL,ASO,ES,Towers with Radar,24,26,23,0,73,0,0,14,0,14,24,26,37,0,87,4,0,4,91
11/27/2009,PNS,FL,ASO,ES,Towers with Radar,28,41,31,16,116,0,1,47,13,61,28,42,78,29,177,52,0,52,229
11/28/2009,PNS,FL,ASO,ES,Towers with Radar,36,33,18,20,107,0,0,84,14,98,36,33,102,34,205,220,0,220,425
11/29/2009,PNS,FL,ASO,ES,Towers with Radar,34,38,36,6,114,0,0,90,3,93,34,38,126,9,207,210,0,210,417
11/30/2009,PNS,FL,ASO,ES,Towers with Radar,32,53,35,43,163,0,2,16,9,27,32,55,51,52,190,50,2,52,242
12/01/2009,PNS,FL,ASO,ES,Towers with Radar,36,62,28,54,180,0,0,13,0,13,36,62,41,54,193,4,0,4,197
12/02/2009,PNS,FL,ASO,ES,Towers with Radar,29,39,10,58,136,0,0,23,6,29,29,39,33,64,165,60,8,68,233
12/03/2009,PNS,FL,ASO,ES,Towers with Radar,33,63,44,35,175,0,0,83,1,84,33,63,127,36,259,214,6,220,479
12/04/2009,PNS,FL,ASO,ES,Towers with Radar,30,53,76,109,268,0,0,43,63,106,30,53,119,172,374,228,6,234,608
12/05/2009,PNS,FL,ASO,ES,Towers with Radar,32,24,25,35,116,0,0,55,56,111,32,24,80,91,227,72,40,112,339
12/06/2009,PNS,FL,ASO,ES,Towers with Radar,31,38,29,46,144,0,0,63,113,176,31,38,92,159,320,88,18,106,426
12/07/2009,PNS,FL,ASO,ES,Towers with Radar,32,52,68,75,227,0,0,46,3,49,32,52,114,78,276,196,20,216,492
12/08/2009,PNS,FL,ASO,ES,Towers with Radar,29,58,16,4,107,0,0,0,0,0,29,58,16,4,107,0,0,0,107
12/09/2009,PNS,FL,ASO,ES,Towers with Radar,31,51,24,101,207,0,2,21,2,25,31,53,45,103,232,16,18,34,266
12/10/2009,PNS,FL,ASO,ES,Towers with Radar,33,60,98,70,261,0,0,66,16,82,33,60,164,86,343,118,22,140,483
12/11/2009,PNS,FL,ASO,ES,Towers with Radar,32,55,12,56,155,0,1,64,10,75,32,56,76,66,230,150,0,150,380
12/12/2009,PNS,FL,ASO,ES,Towers with Radar,28,34,10,2,74,0,0,0,0,0,28,34,10,2,74,0,0,0,74
12/13/2009,PNS,FL,ASO,ES,Towers with Radar,30,32,11,23,96,0,0,0,0,0,30,32,11,23,96,4,0,4,100
12/14/2009,PNS,FL,ASO,ES,Towers with Radar,14,38,16,4,72,0,0,0,0,0,14,38,16,4,72,0,0,0,72
12/15/2009,PNS,FL,ASO,ES,Towers with Radar,26,54,21,49,150,0,1,9,0,10,26,55,30,49,160,62,4,66,226
12/16/2009,PNS,FL,ASO,ES,Towers with Radar,31,54,31,22,138,0,0,69,21,90,31,54,100,43,228,172,10,182,410
12/17/2009,PNS,FL,ASO,ES,Towers with Radar,33,55,31,78,197,0,1,51,1,53,33,56,82,79,250,272,0,272,522
12/18/2009,PNS,FL,ASO,ES,Towers with Radar,29,54,26,41,150,0,0,5,9,14,29,54,31,50,164,6,0,6,170
12/19/2009,PNS,FL,ASO,ES,Towers with Radar,28,36,9,23,96,0,0,69,29,98,28,36,78,52,194,128,4,132,326
12/20/2009,PNS,FL,ASO,ES,Towers with Radar,34,35,24,33,126,0,1,51,16,68,34,36,75,49,194,220,10,230,424
12/21/2009,PNS,FL,ASO,ES,Towers with Radar,28,44,78,55,205,0,0,47,2,49,28,44,125,57,254,145,0,145,399
12/22/2009,PNS,FL,ASO,ES,Towers with Radar,23,56,69,36,184,0,4,32,2,38,23,60,101,38,222,62,12,74,296
12/23/2009,PNS,FL,ASO,ES,Towers with Radar,31,52,30,51,164,0,0,13,0,13,31,52,43,51,177,32,0,32,209
12/24/2009,PNS,FL,ASO,ES,Towers with Radar,21,52,5,0,78,0,0,1,0,1,21,52,6,0,79,0,0,0,79
12/25/2009,PNS,FL,ASO,ES,Towers with Radar,29,44,5,0,78,0,0,0,0,0,29,44,5,0,78,4,0,4,82
12/26/2009,PNS,FL,ASO,ES,Towers with Radar,27,37,6,0,70,0,0,33,0,33,27,37,39,0,103,18,0,18,121
12/27/2009,PNS,FL,ASO,ES,Towers with Radar,33,33,21,0,87,0,0,36,0,36,33,33,57,0,123,22,0,22,145
12/28/2009,PNS,FL,ASO,ES,Towers with Radar,28,52,47,25,152,0,4,36,1,41,28,56,83,26,193,60,6,66,259
12/29/2009,PNS,FL,ASO,ES,Towers with Radar,31,50,66,17,164,0,3,45,0,48,31,53,111,17,212,84,0,84,296
12/30/2009,PNS,FL,ASO,ES,Towers with Radar,31,49,14,40,134,0,4,19,0,23,31,53,33,40,157,94,0,94,251
12/31/2009,PNS,FL,ASO,ES,Towers with Radar,24,45,17,0,86,0,0,18,0,18,24,45,35,0,104,16,0,16,120
01/01/2010,PNS,FL,ASO,ES,Towers with Radar,22,45,30,0,97,0,0,10,0,10,22,45,40,0,107,6,0,6,113
01/02/2010,PNS,FL,ASO,ES,Towers with Radar,31,31,28,0,90,0,0,65,0,65,31,31,93,0,155,140,0,140,295
01/03/2010,PNS,FL,ASO,ES,Towers with Radar,37,36,16,0,89,0,2,58,0,60,37,38,74,0,149,142,0,142,291
01/04/2010,PNS,FL,ASO,ES,Towers with Radar,38,53,5,17,113,0,2,59,2,63,38,55,64,19,176,122,2,124,300
01/05/2010,PNS,FL,ASO,ES,Towers with Radar,27,42,11,37,117,0,2,55,63,120,27,44,66,100,237,98,20,118,355
01/06/2010,PNS,FL,ASO,ES,Towers with Radar,29,50,13,42,134,0,2,50,198,250,29,52,63,240,384,108,40,148,532
01/07/2010,PNS,FL,ASO,ES,Towers with Radar,26,48,61,239,374,0,2,50,141,193,26,50,111,380,567,120,18,138,705
01/08/2010,PNS,FL,ASO,ES,Towers with Radar,27,53,16,44,140,0,1,50,119,170,27,54,66,163,310,134,2,136,446
01/09/2010,PNS,FL,ASO,ES,Towers with Radar,31,20,1,19,71,0,0,54,32,86,31,20,55,51,157,104,14,118,275
01/10/2010,PNS,FL,ASO,ES,Towers with Radar,28,35,4,27,94,0,0,55,20,75,28,35,59,47,169,80,10,90,259
01/11/2010,PNS,FL,ASO,ES,Towers with Radar,35,48,18,22,123,0,5,64,2,71,35,53,82,24,194,152,12,164,358
01/12/2010,PNS,FL,ASO,ES,Towers with Radar,28,39,14,43,124,0,4,81,4,89,28,43,95,47,213,148,8,156,369
01/13/2010,PNS,FL,ASO,ES,Towers with Radar,31,47,32,45,155,0,4,66,1,71,31,51,98,46,226,98,10,108,334
01/14/2010,PNS,FL,ASO,ES,Towers with Radar,30,52,34,28,144,0,3,71,14,88,30,55,105,42,232,0,0,0,232
01/15/2010,PNS,FL,ASO,ES,Towers with Radar,30,53,30,58,171,0,3,55,23,81,30,56,85,81,252,146,20,166,418
01/16/2010,PNS,FL,ASO,ES,Towers with Radar,28,31,9,1,69,0,0,0,0,0,28,31,9,1,69,0,0,0,69
01/17/2010,PNS,FL,ASO,ES,Towers with Radar,34,33,35,41,143,0,0,22,2,24,34,33,57,43,167,72,0,72,239
01/18/2010,PNS,FL,ASO,ES,Towers with Radar,42,56,29,23,150,0,4,62,5,71,42,60,91,28,221,208,0,208,429
01/19/2010,PNS,FL,ASO,ES,Towers with Radar,30,47,37,41,155,0,2,58,0,60,30,49,95,41,215,190,0,190,405
01/20/2010,PNS,FL,ASO,ES,Towers with Radar,26,51,21,15,113,0,0,26,0,26,26,51,47,15,139,22,0,22,161
01/21/2010,PNS,FL,ASO,ES,Towers with Radar,35,44,40,34,153,0,0,16,0,16,35,44,56,34,169,2,0,2,171
01/22/2010,PNS,FL,ASO,ES,Towers with Radar,27,49,34,57,167,0,0,72,31,103,27,49,106,88,270,124,22,146,416
01/23/2010,PNS,FL,ASO,ES,Towers with Radar,28,27,19,41,115,0,0,10,4,14,28,27,29,45,129,32,0,32,161
01/24/2010,PNS,FL,ASO,ES,Towers with Radar,21,34,11,3,69,0,0,0,8,8,21,34,11,11,77,0,0,0,77
01/25/2010,PNS,FL,ASO,ES,Towers with Radar,37,49,19,41,146,0,3,88,9,100,37,52,107,50,246,178,4,182,428
01/26/2010,PNS,FL,ASO,ES,Towers with Radar,27,53,17,50,147,0,5,75,10,90,27,58,92,60,237,272,22,294,531
01/27/2010,PNS,FL,ASO,ES,Towers with Radar,32,53,34,97,216,0,1,77,0,78,32,54,111,97,294,224,20,244,538
01/28/2010,PNS,FL,ASO,ES,Towers with Radar,28,47,105,67,247,0,0,71,3,74,28,47,176,70,321,178,22,200,521
01/29/2010,PNS,FL,ASO,ES,Towers with Radar,25,57,18,77,177,0,0,37,1,38,25,57,55,78,215,168,0,168,383
01/30/2010,PNS,FL,ASO,ES,Towers with Radar,27,27,24,17,95,0,0,12,2,14,27,27,36,19,109,8,50,58,167
01/31/2010,PNS,FL,ASO,ES,Towers with Radar,30,37,38,23,128,0,2,64,37,103,30,39,102,60,231,196,72,268,499
02/01/2010,PNS,FL,ASO,ES,Towers with Radar,29,45,26,38,138,0,0,40,5,45,29,45,66,43,183,116,2,118,301
02/02/2010,PNS,FL,ASO,ES,Towers with Radar,29,46,14,31,120,0,0,56,0,56,29,46,70,31,176,120,0,120,296
02/03/2010,PNS,FL,ASO,ES,Towers with Radar,28,48,18,35,129,0,1,71,0,72,28,49,89,35,201,126,6,132,333
02/04/2010,PNS,FL,ASO,ES,Towers with Radar,34,55,45,19,153,0,0,20,0,20,34,55,65,19,173,40,0,40,213
02/05/2010,PNS,FL,ASO,ES,Towers with Radar,23,50,15,54,142,0,0,10,3,13,23,50,25,57,155,48,42,90,245
02/06/2010,PNS,FL,ASO,ES,Towers with Radar,32,25,32,42,131,0,0,38,33,71,32,25,70,75,202,118,38,156,358
02/07/2010,PNS,FL,ASO,ES,Towers with Radar,27,31,26,18,102,0,3,49,30,82,27,34,75,48,184,192,0,192,376
02/08/2010,PNS,FL,ASO,ES,Towers with Radar,31,45,38,38,152,0,3,36,3,42,31,48,74,41,194,146,6,152,346
02/09/2010,PNS,FL,ASO,ES,Towers with Radar,29,50,19,16,114,0,1,15,0,16,29,51,34,16,130,44,0,44,174
02/10/2010,PNS,FL,ASO,ES,Towers with Radar,28,47,36,18,129,0,5,45,0,50,28,52,81,18,179,164,24,188,367
02/11/2010,PNS,FL,ASO,ES,Towers with Radar,26,51,61,29,167,0,1,30,9,40,26,52,91,38,207,236,0,236,443
02/12/2010,PNS,FL,ASO,ES,Towers with Radar,13,49,9,2,73,0,0,0,0,0,13,49,9,2,73,0,0,0,73
02/13/2010,PNS,FL,ASO,ES,Towers with Radar,21,46,27,16,110,0,0,74,21,95,21,46,101,37,205,230,0,230,435
02/14/2010,PNS,FL,ASO,ES,Towers with Radar,27,41,11,10,89,0,3,75,19,97,27,44,86,29,186,158,0,158,344
02/15/2010,PNS,FL,ASO,ES,Towers with Radar,34,55,24,8,121,0,0,50,5,55,34,55,74,13,176,50,28,78,254
02/16/2010,PNS,FL,ASO,ES,Towers with Radar,25,58,31,23,137,0,1,59,10,70,25,59,90,33,207,182,22,204,411
02/17/2010,PNS,FL,ASO,ES,Towers with Radar,29,65,31,41,166,0,0,59,1,60,29,65,90,42,226,90,2,92,318
02/18/2010,PNS,FL,ASO,ES,Towers with Radar,35,67,100,38,240,0,0,61,4,65,35,67,161,42,305,194,76,270,575
02/19/2010,PNS,FL,ASO,ES,Towers with Radar,41,59,31,59,190,0,0,82,22,104,41,59,113,81,294,208,38,246,540
02/20/2010,PNS,FL,ASO,ES,Towers with Radar,32,38,17,39,126,0,2,93,42,137,32,40,110,81,263,202,80,282,545
02/21/2010,PNS,FL,ASO,ES,Towers with Radar,29,44,25,74,172,0,0,41,28,69,29,44,66,102,241,118,82,200,441
02/22/2010,PNS,FL,ASO,ES,Towers with Radar,31,55,27,54,167,0,2,18,1,21,31,57,45,55,188,116,16,132,320
02/23/2010,PNS,FL,ASO,ES,Towers with Radar,24,58,30,34,146,0,0,32,0,32,24,58,62,34,178,114,20,134,312
02/24/2010,PNS,FL,ASO,ES,Towers with Radar,25,63,53,22,163,0,2,25,2,29,25,65,78,24,192,194,18,212,404
02/25/2010,PNS,FL,ASO,ES,Towers with Radar,32,65,98,43,238,0,1,52,0,53,32,66,150,43,291,212,0,212,503
02/26/2010,PNS,FL,ASO,ES,Towers with Radar,37,64,30,58,189,0,0,31,18,49,37,64,61,76,238,176,12,188,426
02/27/2010,PNS,FL,ASO,ES,Towers with Radar,23,42,14,8,87,0,0,43,31,74,23,42,57,39,161,108,16,124,285
02/28/2010,PNS,FL,ASO,ES,Towers with Radar,28,40,30,18,116,0,0,92,31,123,28,40,122,49,239,166,18,184,423
03/01/2010,PNS,FL,ASO,ES,Towers with Radar,32,59,23,34,148,0,0,33,1,34,32,59,56,35,182,116,4,120,302
03/02/2010,PNS,FL,ASO,ES,Towers with Radar,23,57,10,0,90,0,0,4,0,4,23,57,14,0,94,28,0,28,122
03/03/2010,PNS,FL,ASO,ES,Towers with Radar,24,61,33,42,160,0,0,60,11,71,24,61,93,53,231,180,4,184,415
03/04/2010,PNS,FL,ASO,ES,Towers with Radar,29,60,96,39,224,0,1,65,6,72,29,61,161,45,296,268,12,280,576
03/05/2010,PNS,FL,ASO,ES,Towers with Radar,41,63,36,49,189,0,3,76,5,84,41,66,112,54,273,178,12,190,463
03/06/2010,PNS,FL,ASO,ES,Towers with Radar,33,36,34,13,116,0,2,70,4,76,33,38,104,17,192,294,0,294,486
03/07/2010,PNS,FL,ASO,ES,Towers with Radar,27,52,16,17,112,0,0,56,1,57,27,52,72,18,169,202,0,202,371
03/08/2010,PNS,FL,ASO,ES,Towers with Radar,29,57,24,64,174,0,2,56,6,64,29,59,80,70,238,238,26,264,502
03/09/2010,PNS,FL,ASO,ES,Towers with Radar,26,56,29,54,165,0,3,21,0,24,26,59,50,54,189,148,12,160,349
03/10/2010,PNS,FL,ASO,ES,Towers with Radar,26,60,33,88,207,0,0,3,0,3,26,60,36,88,210,6,0,6,216
03/11/2010,PNS,FL,ASO,ES,Towers with Radar,31,54,70,83,238,0,0,51,2,53,31,54,121,85,291,182,12,194,485
03/12/2010,PNS,FL,ASO,ES,Towers with Radar,28,62,24,42,156,0,2,38,6,46,28,64,62,48,202,152,0,152,354
03/13/2010,PNS,FL,ASO,ES,Towers with Radar,27,44,20,62,153,0,1,57,24,82,27,45,77,86,235,158,28,186,421
03/14/2010,PNS,FL,ASO,ES,Towers with Radar,25,52,19,36,132,0,1,52,22,75,25,53,71,58,207,132,18,150,357
03/15/2010,PNS,FL,ASO,ES,Towers with Radar,23,61,26,50,160,0,3,57,6,66,23,64,83,56,226,96,10,106,332
03/16/2010,PNS,FL,ASO,ES,Towers with Radar,32,55,21,42,150,0,3,50,0,53,32,58,71,42,203,124,46,170,373
03/17/2010,PNS,FL,ASO,ES,Towers with Radar,31,63,15,29,138,0,4,10,1,15,31,67,25,30,153,92,18,110,263
03/18/2010,PNS,FL,ASO,ES,Towers with Radar,32,57,73,29,191,0,1,39,0,40,32,58,112,29,231,214,0,214,445
03/19/2010,PNS,FL,ASO,ES,Towers with Radar,43,60,119,85,307,0,2,82,20,104,43,62,201,105,411,130,24,154,565
03/20/2010,PNS,FL,ASO,ES,Towers with Radar,27,41,25,38,131,0,3,71,29,103,27,44,96,67,234,159,22,181,415
03/21/2010,PNS,FL,ASO,ES,Towers with Radar,30,39,21,17,107,0,2,16,17,35,30,41,37,34,142,130,44,174,316
03/22/2010,PNS,FL,ASO,ES,Towers with Radar,30,51,10,37,128,0,4,45,2,51,30,55,55,39,179,132,58,190,369
03/23/2010,PNS,FL,ASO,ES,Towers with Radar,33,61,44,37,175,0,3,34,7,44,33,64,78,44,219,54,34,88,307
03/24/2010,PNS,FL,ASO,ES,Towers with Radar,28,68,35,84,215,0,2,50,2,54,28,70,85,86,269,88,18,106,375
03/25/2010,PNS,FL,ASO,ES,Towers with Radar,27,63,44,18,152,0,0,15,0,15,27,63,59,18,167,36,0,36,203
03/26/2010,PNS,FL,ASO,ES,Towers with Radar,28,56,36,95,215,0,1,72,6,79,28,57,108,101,294,196,32,228,522
03/27/2010,PNS,FL,ASO,ES,Towers with Radar,34,40,41,41,156,0,0,59,36,95,34,40,100,77,251,74,30,104,355
03/28/2010,PNS,FL,ASO,ES,Towers with Radar,28,44,44,55,171,0,1,26,15,42,28,45,70,70,213,50,8,58,271
03/29/2010,PNS,FL,ASO,ES,Towers with Radar,29,56,37,39,161,0,6,38,7,51,29,62,75,46,212,64,22,86,298
03/30/2010,PNS,FL,ASO,ES,Towers with Radar,27,55,18,33,133,0,1,61,1,63,27,56,79,34,196,122,6,128,324
03/31/2010,PNS,FL,ASO,ES,Towers with Radar,25,52,45,90,212,0,0,65,5,70,25,52,110,95,282,134,32,166,448
04/01/2010,PNS,FL,ASO,ES,Towers with Radar,28,59,30,37,154,0,2,73,2,77,28,61,103,39,231,118,12,130,361
04/02/2010,PNS,FL,ASO,ES,Towers with Radar,26,68,17,36,147,0,1,57,10,68,26,69,74,46,215,142,0,142,357
04/03/2010,PNS,FL,ASO,ES,Towers with Radar,24,43,15,30,112,0,2,17,11,30,24,45,32,41,142,42,8,50,192
04/04/2010,PNS,FL,ASO,ES,Towers with Radar,22,49,22,33,126,0,1,20,19,40,22,50,42,52,166,26,6,32,198
04/05/2010,PNS,FL,ASO,ES,Towers with Radar,27,61,36,68,192,0,1,47,18,66,27,62,83,86,258,128,8,136,394
04/06/2010,PNS,FL,ASO,ES,Towers with Radar,30,57,22,69,178,0,1,45,12,58,30,58,67,81,236,86,14,100,336
04/07/2010,PNS,FL,ASO,ES,Towers with Radar,30,62,33,67,192,0,4,49,5,58,30,66,82,72,250,119,8,127,377
04/08/2010,PNS,FL,ASO,ES,Towers with Radar,27,63,19,42,151,0,4,6,4,14,27,67,25,46,165,6,0,6,171
04/09/2010,PNS,FL,ASO,ES,Towers with Radar,30,63,44,80,217,0,4,65,39,108,30,67,109,119,325,204,4,208,533
04/10/2010,PNS,FL,ASO,ES,Towers with Radar,29,47,19,45,140,0,3,72,34,109,29,50,91,79,249,142,46,188,437
04/11/2010,PNS,FL,ASO,ES,Towers with Radar,30,49,27,18,124,0,0,52,29,81,30,49,79,47,205,210,10,220,425
04/12/2010,PNS,FL,ASO,ES,Towers with Radar,32,63,32,51,178,0,2,63,6,71,32,65,95,57,249,162,18,180,429
04/13/2010,PNS,FL,ASO,ES,Towers with Radar,30,55,37,76,198,0,4,77,20,101,30,59,114,96,299,62,12,74,373
04/14/2010,PNS,FL,ASO,ES,Towers with Radar,36,59,38,41,174,0,6,59,11,76,36,65,97,52,250,112,18,130,380
04/15/2010,PNS,FL,ASO,ES,Towers with Radar,30,63,34,31,158,0,7,47,9,63,30,70,81,40,221,188,56,244,465
04/16/2010,PNS,FL,ASO,ES,Towers with Radar,30,63,42,75,210,0,4,60,41,105,30,67,102,116,315,114,34,148,463
04/17/2010,PNS,FL,ASO,ES,Towers with Radar,30,50,20,62,162,0,1,65,98,164,30,51,85,160,326,110,48,158,484
04/18/2010,PNS,FL,ASO,ES,Towers with Radar,30,48,32,60,170,0,0,53,23,76,30,48,85,83,246,100,0,100,346
04/19/2010,PNS,FL,ASO,ES,Towers with Radar,32,64,10,37,143,0,1,47,13,61,32,65,57,50,204,208,16,224,428
04/20/2010,PNS,FL,ASO,ES,Towers with Radar,30,61,27,56,174,0,2,37,10,49,30,63,64,66,223,98,0,98,321
04/21/2010,PNS,FL,ASO,ES,Towers with Radar,30,62,23,42,157,0,3,55,12,70,30,65,78,54,227,66,0,66,293
04/22/2010,PNS,FL,ASO,ES,Towers with Radar,29,62,41,46,178,0,2,42,10,54,29,64,83,56,232,38,24,62,294
04/23/2010,PNS,FL,ASO,ES,Towers with Radar,29,65,34,46,174,0,1,27,8,36,29,66,61,54,210,30,12,42,252
04/24/2010,PNS,FL,ASO,ES,Towers with Radar,31,42,11,1,85,0,0,1,0,1,31,42,12,1,86,0,0,0,86
04/25/2010,PNS,FL,ASO,ES,Towers with Radar,29,45,30,16,120,0,3,68,31,102,29,48,98,47,222,182,10,192,414
04/26/2010,PNS,FL,ASO,ES,Towers with Radar,29,58,30,49,166,0,3,41,15,59,29,61,71,64,225,78,12,90,315
04/27/2010,PNS,FL,ASO,ES,Towers with Radar,30,63,24,58,175,0,3,46,12,61,30,66,70,70,236,146,40,186,422
04/28/2010,PNS,FL,ASO,ES,Towers with Radar,30,62,33,61,186,0,3,81,21,105,30,65,114,82,291,106,22,128,419
04/29/2010,PNS,FL,ASO,ES,Towers with Radar,30,64,30,39,163,0,0,62,6,68,30,64,92,45,231,112,42,154,385
04/30/2010,PNS,FL,ASO,ES,Towers with Radar,30,66,30,20,146,0,2,24,12,38,30,68,54,32,184,76,0,76,260
05/01/2010,PNS,FL,ASO,ES,Towers with Radar,35,42,25,8,110,0,0,1,0,1,35,42,26,8,111,0,0,0,111
05/02/2010,PNS,FL,ASO,ES,Towers with Radar,28,48,24,8,108,0,0,1,0,1,28,48,25,8,109,0,0,0,109
05/03/2010,PNS,FL,ASO,ES,Towers with Radar,31,67,7,3,108,0,0,3,0,3,31,67,10,3,111,0,0,0,111
05/04/2010,PNS,FL,ASO,ES,Towers with Radar,30,55,16,72,173,0,3,53,25,81,30,58,69,97,254,162,18,180,434
05/05/2010,PNS,FL,ASO,ES,Towers with Radar,30,57,35,59,181,0,5,57,25,87,30,62,92,84,268,148,32,180,448
05/06/2010,PNS,FL,ASO,ES,Towers with Radar,30,58,56,54,198,0,1,75,23,99,30,59,131,77,297,206,4,210,507
05/07/2010,PNS,FL,ASO,ES,Towers with Radar,30,63,27,84,204,0,4,50,15,69,30,67,77,99,273,178,8,186,459
05/08/2010,PNS,FL,ASO,ES,Towers with Radar,29,46,19,18,112,0,0,68,25,93,29,46,87,43,205,220,44,264,469
05/09/2010,PNS,FL,ASO,ES,Towers with Radar,31,46,33,34,144,0,1,66,19,86,31,47,99,53,230,188,0,188,418
05/10/2010,PNS,FL,ASO,ES,Towers with Radar,30,59,42,44,175,0,2,54,14,70,30,61,96,58,245,56,12,68,313
05/11/2010,PNS,FL,ASO,ES,Towers with Radar,30,63,20,72,185,0,2,9,9,20,30,65,29,81,205,0,0,0,205
05/12/2010,PNS,FL,ASO,ES,Towers with Radar,30,64,36,87,217,0,4,29,5,38,30,68,65,92,255,42,2,44,299
05/13/2010,PNS,FL,ASO,ES,Towers with Radar,32,68,49,37,186,0,2,67,4,73,32,70,116,41,259,148,10,158,417
05/14/2010,PNS,FL,ASO,ES,Towers with Radar,29,52,27,28,136,0,1,48,22,71,29,53,75,50,207,80,10,90,297
05/15/2010,PNS,FL,ASO,ES,Towers with Radar,32,43,18,13,106,0,0,49,17,66,32,43,67,30,172,106,0,106,278
05/16/2010,PNS,FL,ASO,ES,Towers with Radar,32,46,6,19,103,0,0,0,5,5,32,46,6,24,108,0,0,0,108
05/17/2010,PNS,FL,ASO,ES,Towers with Radar,29,65,27,32,153,0,6,63,18,87,29,71,90,50,240,136,8,144,384
05/18/2010,PNS,FL,ASO,ES,Towers with Radar,30,59,24,36,149,0,7,43,9,59,30,66,67,45,208,96,0,96,304
05/19/2010,PNS,FL,ASO,ES,Towers with Radar,29,60,20,72,181,0,3,67,20,90,29,63,87,92,271,222,22,244,515
05/20/2010,PNS,FL,ASO,ES,Towers with Radar,29,69,34,88,220,0,4,64,28,96,29,73,98,116,316,166,78,244,560
05/21/2010,PNS,FL,ASO,ES,Towers with Radar,27,67,39,78,211,0,1,57,26,84,27,68,96,104,295,148,12,160,455
05/22/2010,PNS,FL,ASO,ES,Towers with Radar,32,46,23,32,133,0,2,74,18,94,32,48,97,50,227,106,4,110,337
05/23/2010,PNS,FL,ASO,ES,Towers with Radar,30,49,20,32,131,0,0,63,35,98,30,49,83,67,229,122,12,134,363
05/24/2010,PNS,FL,ASO,ES,Towers with Radar,29,62,9,28,128,0,1,50,34,85,29,63,59,62,213,96,24,120,333
05/25/2010,PNS,FL,ASO,ES,Towers with Radar,30,61,24,21,136,0,3,37,11,51,30,64,61,32,187,72,18,90,277
05/26/2010,PNS,FL,ASO,ES,Towers with Radar,29,55,43,34,161,0,2,61,6,69,29,57,104,40,230,90,12,102,332
05/27/2010,PNS,FL,ASO,ES,Towers with Radar,29,59,25,51,164,0,4,63,12,79,29,63,88,63,243,96,16,112,355
05/28/2010,PNS,FL,ASO,ES,Towers with Radar,26,59,42,10,137,0,4,67,15,86,26,63,109,25,223,106,2,108,331
05/29/2010,PNS,FL,ASO,ES,Towers with Radar,36,46,20,2,104,0,1,36,2,39,36,47,56,4,143,140,0,140,283
05/30/2010,PNS,FL,ASO,ES,Towers with Radar,29,44,9,5,87,0,1,9,4,14,29,45,18,9,101,8,0,8,109
05/31/2010,PNS,FL,ASO,ES,Towers with Radar,31,49,30,4,114,0,2,16,0,18,31,51,46,4,132,18,0,18,150
06/01/2010,PNS,FL,ASO,ES,Towers with Radar,29,59,25,27,140,0,4,27,15,46,29,63,52,42,186,94,14,108,294
06/02/2010,PNS,FL,ASO,ES,Towers with Radar,27,59,26,37,149,0,4,51,7,62,27,63,77,44,211,184,8,192,403
06/03/2010,PNS,FL,ASO,ES,Towers with Radar,27,67,28,49,171,0,2,9,14,25,27,69,37,63,196,112,6,118,314
06/04/2010,PNS,FL,ASO,ES,Towers with Radar,30,63,31,89,213,0,2,49,4,55,30,65,80,93,268,194,10,204,472
06/05/2010,PNS,FL,ASO,ES,Towers with Radar,30,44,20,23,117,0,0,40,11,51,30,44,60,34,168,52,0,52,220
06/06/2010,PNS,FL,ASO,ES,Towers with Radar,28,50,29,29,136,0,0,48,17,65,28,50,77,46,201,158,6,164,365
06/07/2010,PNS,FL,ASO,ES,Towers with Radar,31,56,35,71,193,0,4,60,30,94,31,60,95,101,287,180,12,192,479
06/08/2010,PNS,FL,ASO,ES,Towers with Radar,30,62,39,95,226,0,3,69,20,92,30,65,108,115,318,128,10,138,456
06/09/2010,PNS,FL,ASO,ES,Towers with Radar,30,55,33,70,188,0,2,77,16,95,30,57,110,86,283,64,24,88,371
06/10/2010,PNS,FL,ASO,ES,Towers with Radar,28,65,44,54,191,0,4,82,18,104,28,69,126,72,295,176,0,176,471
06/11/2010,PNS,FL,ASO,ES,Towers with Radar,28,59,34,64,185,0,4,76,20,100,28,63,110,84,285,154,2,156,441
06/12/2010,PNS,FL,ASO,ES,Towers with Radar,27,51,22,26,126,0,2,107,42,151,27,53,129,68,277,154,20,174,451
06/13/2010,PNS,FL,ASO,ES,Towers with Radar,26,54,29,26,135,0,4,90,33,127,26,58,119,59,262,144,0,144,406
06/14/2010,PNS,FL,ASO,ES,Towers with Radar,27,64,24,6,121,0,1,48,33,82,27,65,72,39,203,134,0,134,337
06/15/2010,PNS,FL,ASO,ES,Towers with Radar,25,59,25,34,143,0,2,40,20,62,25,61,65,54,205,120,12,132,337
06/16/2010,PNS,FL,ASO,ES,Towers with Radar,27,60,28,34,149,0,4,55,17,76,27,64,83,51,225,138,0,138,363
06/17/2010,PNS,FL,ASO,ES,Towers with Radar,29,64,28,54,175,0,12,54,16,82,29,76,82,70,257,152,6,158,415
06/18/2010,PNS,FL,ASO,ES,Towers with Radar,27,65,36,35,163,0,3,44,22,69,27,68,80,57,232,86,24,110,342
06/19/2010,PNS,FL,ASO,ES,Towers with Radar,27,48,19,3,97,0,0,72,20,92,27,48,91,23,189,102,0,102,291
06/20/2010,PNS,FL,ASO,ES,Towers with Radar,28,49,21,17,115,0,3,50,10,63,28,52,71,27,178,62,0,62,240
06/21/2010,PNS,FL,ASO,ES,Towers with Radar,28,68,20,46,162,0,5,55,22,82,28,73,75,68,244,150,0,150,394
06/22/2010,PNS,FL,ASO,ES,Towers with Radar,28,67,18,52,165,0,5,28,22,55,28,72,46,74,220,50,6,56,276
06/23/2010,PNS,FL,ASO,ES,Towers with Radar,27,62,36,64,189,0,7,51,20,78,27,69,87,84,267,104,36,140,407
06/24/2010,PNS,FL,ASO,ES,Towers with Radar,27,57,37,61,182,0,10,57,23,90,27,67,94,84,272,44,0,44,316
06/25/2010,PNS,FL,ASO,ES,Towers with Radar,27,58,22,79,186,0,8,62,32,102,27,66,84,111,288,44,0,44,332
06/26/2010,PNS,FL,ASO,ES,Towers with Radar,28,50,10,22,110,0,0,77,39,116,28,50,87,61,226,92,12,104,330
06/27/2010,PNS,FL,ASO,ES,Towers with Radar,25,52,28,29,134,0,1,68,41,110,25,53,96,70,244,140,0,140,384
06/28/2010,PNS,FL,ASO,ES,Towers with Radar,27,57,16,46,146,0,3,17,22,42,27,60,33,68,188,60,16,76,264
06/29/2010,PNS,FL,ASO,ES,Towers with Radar,29,61,25,69,184,0,2,43,16,61,29,63,68,85,245,160,10,170,415
06/30/2010,PNS,FL,ASO,ES,Towers with Radar,30,61,35,22,148,0,0,36,7,43,30,61,71,29,191,94,12,106,297
07/01/2010,PNS,FL,ASO,ES,Towers with Radar,30,66,52,16,164,0,3,25,6,34,30,69,77,22,198,8,18,26,224
07/02/2010,PNS,FL,ASO,ES,Towers with Radar,28,57,31,36,152,0,4,53,22,79,28,61,84,58,231,192,0,192,423
07/03/2010,PNS,FL,ASO,ES,Towers with Radar,28,46,20,3,97,0,2,81,23,106,28,48,101,26,203,162,0,162,365
07/04/2010,PNS,FL,ASO,ES,Towers with Radar,24,41,20,1,86,0,0,47,4,51,24,41,67,5,137,40,0,40,177
07/05/2010,PNS,FL,ASO,ES,Towers with Radar,27,46,35,1,109,0,0,4,1,5,27,46,39,2,114,26,0,26,140
07/06/2010,PNS,FL,ASO,ES,Towers with Radar,30,61,44,75,210,0,2,17,14,33,30,63,61,89,243,28,12,40,283
07/07/2010,PNS,FL,ASO,ES,Towers with Radar,26,57,33,70,186,0,5,70,19,94,26,62,103,89,280,118,44,162,442
07/08/2010,PNS,FL,ASO,ES,Towers with Radar,27,66,43,53,189,0,1,76,18,95,27,67,119,71,284,76,20,96,380
07/09/2010,PNS,FL,ASO,ES,Towers with Radar,25,57,48,50,180,0,4,88,40,132,25,61,136,90,312,102,0,102,414
07/10/2010,PNS,FL,ASO,ES,Towers with Radar,28,45,16,30,119,0,2,69,42,113,28,47,85,72,232,88,16,104,336
07/11/2010,PNS,FL,ASO,ES,Towers with Radar,28,55,33,48,164,0,1,63,44,108,28,56,96,92,272,138,28,166,438
07/12/2010,PNS,FL,ASO,ES,Towers with Radar,31,63,36,77,207,0,1,74,41,116,31,64,110,118,323,114,34,148,471
07/13/2010,PNS,FL,ASO,ES,Towers with Radar,21,67,40,51,179,0,2,60,12,74,21,69,100,63,253,142,0,142,395
07/14/2010,PNS,FL,ASO,ES,Towers with Radar,26,64,32,51,173,0,1,68,13,82,26,65,100,64,255,106,0,106,361
07/15/2010,PNS,FL,ASO,ES,Towers with Radar,26,65,31,43,165,0,3,56,16,75,26,68,87,59,240,158,16,174,414
07/16/2010,PNS,FL,ASO,ES,Towers with Radar,25,60,24,69,178,0,2,57,21,80,25,62,81,90,258,172,4,176,434
07/17/2010,PNS,FL,ASO,ES,Towers with Radar,23,49,16,19,107,0,0,76,38,114,23,49,92,57,221,194,18,212,433
07/18/2010,PNS,FL,ASO,ES,Towers with Radar,25,49,29,32,135,0,1,38,36,75,25,50,67,68,210,156,0,156,366
07/19/2010,PNS,FL,ASO,ES,Towers with Radar,25,63,34,62,184,0,3,74,31,108,25,66,108,93,292,112,12,124,416
07/20/2010,PNS,FL,ASO,ES,Towers with Radar,26,64,27,35,152,0,4,54,34,92,26,68,81,69,244,104,30,134,378
07/21/2010,PNS,FL,ASO,ES,Towers with Radar,26,62,28,78,194,0,2,46,28,76,26,64,74,106,270,58,0,58,328
07/22/2010,PNS,FL,ASO,ES,Towers with Radar,26,64,42,25,157,0,1,63,22,86,26,65,105,47,243,126,2,128,371
07/23/2010,PNS,FL,ASO,ES,Towers with Radar,25,61,43,17,146,0,5,49,22,76,25,66,92,39,222,130,0,130,352
07/24/2010,PNS,FL,ASO,ES,Towers with Radar,25,51,21,0,97,0,4,58,0,62,25,55,79,0,159,208,0,208,367
07/25/2010,PNS,FL,ASO,ES,Towers with Radar,23,51,18,2,94,0,1,26,2,29,23,52,44,4,123,132,2,134,257
07/26/2010,PNS,FL,ASO,ES,Towers with Radar,24,65,27,49,165,0,2,50,9,61,24,67,77,58,226,158,6,164,390
07/27/2010,PNS,FL,ASO,ES,Towers with Radar,24,61,23,68,176,0,2,42,22,66,24,63,65,90,242,110,28,138,380
07/28/2010,PNS,FL,ASO,ES,Towers with Radar,26,63,19,30,138,0,4,41,11,56,26,67,60,41,194,88,6,94,288
07/29/2010,PNS,FL,ASO,ES,Towers with Radar,25,63,27,31,146,0,5,51,8,64,25,68,78,39,210,112,6,118,328
07/30/2010,PNS,FL,ASO,ES,Towers with Radar,26,62,34,53,175,0,2,60,8,70,26,64,94,61,245,110,0,110,355
07/31/2010,PNS,FL,ASO,ES,Towers with Radar,25,50,20,16,111,0,2,68,12,82,25,52,88,28,193,96,0,96,289
08/01/2010,PNS,FL,ASO,ES,Towers with Radar,24,51,10,29,114,0,3,68,31,102,24,54,78,60,216,94,2,96,312
08/02/2010,PNS,FL,ASO,ES,Towers with Radar,26,60,20,23,129,0,6,47,18,71,26,66,67,41,200,68,54,122,322
08/03/2010,PNS,FL,ASO,ES,Towers with Radar,26,60,27,48,161,0,2,56,13,71,26,62,83,61,232,136,20,156,388
08/04/2010,PNS,FL,ASO,ES,Towers with Radar,26,61,26,21,134,0,2,41,13,56,26,63,67,34,190,72,0,72,262
08/05/2010,PNS,FL,ASO,ES,Towers with Radar,25,63,42,33,163,0,3,40,14,57,25,66,82,47,220,80,0,80,300
08/06/2010,PNS,FL,ASO,ES,Towers with Radar,22,58,33,42,155,0,3,54,27,84,22,61,87,69,239,136,16,152,391
08/07/2010,PNS,FL,ASO,ES,Towers with Radar,24,41,12,21,98,0,0,75,41,116,24,41,87,62,214,182,10,192,406
08/08/2010,PNS,FL,ASO,ES,Towers with Radar,25,52,21,18,116,0,0,49,23,72,25,52,70,41,188,76,0,76,264
08/09/2010,PNS,FL,ASO,ES,Towers with Radar,28,67,24,28,147,0,2,62,18,82,28,69,86,46,229,108,0,108,337
08/10/2010,PNS,FL,ASO,ES,Towers with Radar,26,64,32,52,174,0,3,43,5,51,26,67,75,57,225,110,0,110,335
08/11/2010,PNS,FL,ASO,ES,Towers with Radar,25,68,24,33,150,0,0,24,5,29,25,68,48,38,179,168,8,176,355
08/12/2010,PNS,FL,ASO,ES,Towers with Radar,26,65,21,26,138,0,1,13,5,19,26,66,34,31,157,58,12,70,227
08/13/2010,PNS,FL,ASO,ES,Towers with Radar,25,63,23,21,132,0,1,37,22,60,25,64,60,43,192,52,12,64,256
08/14/2010,PNS,FL,ASO,ES,Towers with Radar,25,43,9,13,90,0,1,26,17,44,25,44,35,30,134,108,0,108,242
08/15/2010,PNS,FL,ASO,ES,Towers with Radar,25,53,20,13,111,0,0,26,5,31,25,53,46,18,142,80,0,80,222
08/16/2010,PNS,FL,ASO,ES,Towers with Radar,27,66,13,33,139,0,4,31,9,44,27,70,44,42,183,22,4,26,209
08/17/2010,PNS,FL,ASO,ES,Towers with Radar,24,62,25,54,165,0,7,48,15,70,24,69,73,69,235,58,0,58,293
08/18/2010,PNS,FL,ASO,ES,Towers with Radar,26,63,37,65,191,0,2,41,5,48,26,65,78,70,239,106,0,106,345
08/19/2010,PNS,FL,ASO,ES,Towers with Radar,23,68,32,58,181,0,0,36,8,44,23,68,68,66,225,120,0,120,345
08/20/2010,PNS,FL,ASO,ES,Towers with Radar,24,62,25,52,163,0,4,32,21,57,24,66,57,73,220,98,0,98,318
08/21/2010,PNS,FL,ASO,ES,Towers with Radar,26,48,17,8,99,0,0,49,42,91,26,48,66,50,190,74,0,74,264
08/22/2010,PNS,FL,ASO,ES,Towers with Radar,25,53,23,14,115,0,2,52,21,75,25,55,75,35,190,126,14,140,330
08/23/2010,PNS,FL,ASO,ES,Towers with Radar,25,66,18,30,139,0,2,56,13,71,25,68,74,43,210,180,14,194,404
08/24/2010,PNS,FL,ASO,ES,Towers with Radar,25,62,20,33,140,0,1,42,12,55,25,63,62,45,195,158,30,188,383
08/25/2010,PNS,FL,ASO,ES,Towers with Radar,26,58,31,40,155,0,1,52,6,59,26,59,83,46,214,152,12,164,378
08/26/2010,PNS,FL,ASO,ES,Towers with Radar,25,64,22,16,127,0,2,36,3,41,25,66,58,19,168,142,32,174,342
08/27/2010,PNS,FL,ASO,ES,Towers with Radar,26,64,13,16,119,0,1,7,1,9,26,65,20,17,128,10,0,10,138
08/28/2010,PNS,FL,ASO,ES,Towers with Radar,26,49,8,7,90,0,0,1,2,3,26,49,9,9,93,4,0,4,97
08/29/2010,PNS,FL,ASO,ES,Towers with Radar,26,52,13,16,107,0,0,2,0,2,26,52,15,16,109,0,0,0,109
08/30/2010,PNS,FL,ASO,ES,Towers with Radar,26,60,15,24,125,0,1,40,5,46,26,61,55,29,171,76,0,76,247
08/31/2010,PNS,FL,ASO,ES,Towers with Radar,26,61,38,39,164,0,2,69,12,83,26,63,107,51,247,136,0,136,383
09/01/2010,PNS,FL,ASO,ES,Towers with Radar,25,58,28,46,157,0,3,50,14,67,25,61,78,60,224,80,8,88,312
09/02/2010,PNS,FL,ASO,ES,Towers with Radar,27,64,32,36,159,0,1,58,12,71,27,65,90,48,230,74,38,112,342
09/03/2010,PNS,FL,ASO,ES,Towers with Radar,28,60,48,32,168,0,5,68,22,95,28,65,116,54,263,142,10,152,415
09/04/2010,PNS,FL,ASO,ES,Towers with Radar,24,48,15,37,124,0,3,59,27,89,24,51,74,64,213,68,0,68,281
09/05/2010,PNS,FL,ASO,ES,Towers with Radar,22,40,17,28,107,0,0,68,29,97,22,40,85,57,204,156,10,166,370
09/06/2010,PNS,FL,ASO,ES,Towers with Radar,26,48,35,4,113,0,0,67,2,69,26,48,102,6,182,64,0,64,246
09/07/2010,PNS,FL,ASO,ES,Towers with Radar,26,55,37,38,156,0,1,38,18,57,26,56,75,56,213,82,0,82,295
09/08/2010,PNS,FL,ASO,ES,Towers with Radar,25,61,28,59,173,0,1,51,7,59,25,62,79,66,232,134,0,134,366
09/09/2010,PNS,FL,ASO,ES,Towers with Radar,25,58,21,27,131,0,3,32,14,49,25,61,53,41,180,192,24,216,396
09/10/2010,PNS,FL,ASO,ES,Towers with Radar,26,59,15,50,150,0,3,44,27,74,26,62,59,77,224,118,6,124,348
09/11/2010,PNS,FL,ASO,ES,Towers with Radar,24,43,19,20,106,0,0,55,49,104,24,43,74,69,210,212,16,228,438
09/12/2010,PNS,FL,ASO,ES,Towers with Radar,25,48,24,19,116,0,0,60,49,109,25,48,84,68,225,110,34,144,369
09/13/2010,PNS,FL,ASO,ES,Towers with Radar,26,59,25,29,139,0,3,47,6,56,26,62,72,35,195,36,0,36,231
09/14/2010,PNS,FL,ASO,ES,Towers with Radar,25,67,29,23,144,0,3,55,9,67,25,70,84,32,211,98,6,104,315
09/15/2010,PNS,FL,ASO,ES,Towers with Radar,25,58,42,32,157,0,2,68,20,90,25,60,110,52,247,100,24,124,371
09/16/2010,PNS,FL,ASO,ES,Towers with Radar,26,62,33,45,166,0,2,51,12,65,26,64,84,57,231,122,0,122,353
09/17/2010,PNS,FL,ASO,ES,Towers with Radar,27,63,33,60,183,0,2,74,33,109,27,65,107,93,292,150,0,150,442
09/18/2010,PNS,FL,ASO,ES,Towers with Radar,23,45,19,21,108,0,1,57,68,126,23,46,76,89,234,156,32,188,422
09/19/2010,PNS,FL,ASO,ES,Towers with Radar,26,47,19,27,119,0,7,87,32,126,26,54,106,59,245,254,0,254,499
09/20/2010,PNS,FL,ASO,ES,Towers with Radar,26,62,18,30,136,0,2,49,10,61,26,64,67,40,197,151,10,161,358
09/21/2010,PNS,FL,ASO,ES,Towers with Radar,26,59,21,42,148,0,3,49,17,69,26,62,70,59,217,178,0,178,395
09/22/2010,PNS,FL,ASO,ES,Towers with Radar,24,59,35,14,132,0,4,39,5,48,24,63,74,19,180,126,20,146,326
09/23/2010,PNS,FL,ASO,ES,Towers with Radar,26,65,16,48,155,0,1,51,10,62,26,66,67,58,217,234,34,268,485
09/24/2010,PNS,FL,ASO,ES,Towers with Radar,25,59,39,37,160,0,1,60,27,88,25,60,99,64,248,176,10,186,434
09/25/2010,PNS,FL,ASO,ES,Towers with Radar,24,40,10,21,95,0,0,55,33,88,24,40,65,54,183,96,6,102,285
09/26/2010,PNS,FL,ASO,ES,Towers with Radar,23,47,14,11,95,0,0,34,15,49,23,47,48,26,144,98,0,98,242
09/27/2010,PNS,FL,ASO,ES,Towers with Radar,24,60,14,22,120,0,1,46,44,91,24,61,60,66,211,52,22,74,285
09/28/2010,PNS,FL,ASO,ES,Towers with Radar,25,58,20,39,142,0,2,50,9,61,25,60,70,48,203,30,0,30,233
09/29/2010,PNS,FL,ASO,ES,Towers with Radar,25,59,24,32,140,0,2,72,11,85,25,61,96,43,225,138,14,152,377
09/30/2010,PNS,FL,ASO,ES,Towers with Radar,25,65,28,35,153,0,3,57,6,66,25,68,85,41,219,94,30,124,343
10/01/2010,PNS,FL,ASO,ES,Towers with Radar,26,62,21,9,118,0,6,63,13,82,26,68,84,22,200,170,0,170,370
10/02/2010,PNS,FL,ASO,ES,Towers with Radar,23,47,20,21,111,0,0,68,28,96,23,47,88,49,207,164,10,174,381
10/03/2010,PNS,FL,ASO,ES,Towers with Radar,25,48,27,18,118,0,3,74,13,90,25,51,101,31,208,134,6,140,348
10/04/2010,PNS,FL,ASO,ES,Towers with Radar,25,61,23,11,120,0,2,57,6,65,25,63,80,17,185,144,0,144,329
10/05/2010,PNS,FL,ASO,ES,Towers with Radar,25,60,28,12,125,0,2,50,6,58,25,62,78,18,183,178,0,178,361
10/06/2010,PNS,FL,ASO,ES,Towers with Radar,27,63,47,24,161,0,2,41,4,47,27,65,88,28,208,174,0,174,382
10/07/2010,PNS,FL,ASO,ES,Towers with Radar,29,65,31,38,163,0,3,42,11,56,29,68,73,49,219,166,18,184,403
10/08/2010,PNS,FL,ASO,ES,Towers with Radar,25,63,34,44,166,0,4,62,17,83,25,67,96,61,249,46,0,46,295
10/09/2010,PNS,FL,ASO,ES,Towers with Radar,21,48,19,37,125,0,0,69,17,86,21,48,88,54,211,120,0,120,331
10/10/2010,PNS,FL,ASO,ES,Towers with Radar,25,44,33,24,126,0,1,55,19,75,25,45,88,43,201,86,0,86,287
10/11/2010,PNS,FL,ASO,ES,Towers with Radar,25,61,29,18,133,0,0,43,3,46,25,61,72,21,179,88,0,88,267
10/12/2010,PNS,FL,ASO,ES,Towers with Radar,25,54,21,59,159,0,1,31,5,37,25,55,52,64,196,56,0,56,252
10/13/2010,PNS,FL,ASO,ES,Towers with Radar,25,62,24,58,169,0,1,62,19,82,25,63,86,77,251,102,30,132,383
10/14/2010,PNS,FL,ASO,ES,Towers with Radar,25,65,25,45,160,0,2,47,11,60,25,67,72,56,220,66,6,72,292
10/15/2010,PNS,FL,ASO,ES,Towers with Radar,26,67,29,38,160,0,1,47,22,70,26,68,76,60,230,100,26,126,356
10/16/2010,PNS,FL,ASO,ES,Towers with Radar,24,47,25,16,112,0,1,91,39,131,24,48,116,55,243,142,22,164,407
10/17/2010,PNS,FL,ASO,ES,Towers with Radar,25,45,17,35,122,0,1,70,30,101,25,46,87,65,223,138,20,158,381
10/18/2010,PNS,FL,ASO,ES,Towers with Radar,25,61,33,42,161,0,4,57,7,68,25,65,90,49,229,128,4,132,361
10/19/2010,PNS,FL,ASO,ES,Towers with Radar,25,59,18,68,170,0,2,63,18,83,25,61,81,86,253,164,56,220,473
10/20/2010,PNS,FL,ASO,ES,Towers with Radar,26,59,20,26,131,0,1,52,10,63,26,60,72,36,194,190,64,254,448
10/21/2010,PNS,FL,ASO,ES,Towers with Radar,24,69,26,22,141,0,4,60,14,78,24,73,86,36,219,232,38,270,489
10/22/2010,PNS,FL,ASO,ES,Towers with Radar,25,62,20,42,149,0,4,59,23,86,25,66,79,65,235,138,16,154,389
10/23/2010,PNS,FL,ASO,ES,Towers with Radar,24,46,16,52,138,0,3,70,17,90,24,49,86,69,228,152,0,152,380
10/24/2010,PNS,FL,ASO,ES,Towers with Radar,25,47,32,22,126,0,0,40,3,43,25,47,72,25,169,74,0,74,243
10/25/2010,PNS,FL,ASO,ES,Towers with Radar,25,65,10,64,164,0,0,28,7,35,25,65,38,71,199,142,0,142,341
10/26/2010,PNS,FL,ASO,ES,Towers with Radar,24,60,41,75,200,0,2,22,3,27,24,62,63,78,227,44,10,54,281
10/27/2010,PNS,FL,ASO,ES,Towers with Radar,23,63,49,70,205,0,0,19,0,19,23,63,68,70,224,48,2,50,274
10/28/2010,PNS,FL,ASO,ES,Towers with Radar,22,65,25,46,158,0,0,21,12,33,22,65,46,58,191,70,22,92,283
10/29/2010,PNS,FL,ASO,ES,Towers with Radar,26,61,35,20,142,0,3,67,32,102,26,64,102,52,244,142,0,142,386
10/30/2010,PNS,FL,ASO,ES,Towers with Radar,23,48,12,23,106,0,1,66,41,108,23,49,78,64,214,212,40,252,466
10/31/2010,PNS,FL,ASO,ES,Towers with Radar,26,45,19,19,109,0,1,84,37,122,26,46,103,56,231,100,10,110,341
11/01/2010,PNS,FL,ASO,ES,Towers with Radar,27,68,29,54,178,0,0,63,15,78,27,68,92,69,256,80,44,124,380
11/02/2010,PNS,FL,ASO,ES,Towers with Radar,27,62,30,33,152,0,2,52,4,58,27,64,82,37,210,98,4,102,312
11/03/2010,PNS,FL,ASO,ES,Towers with Radar,30,64,16,6,116,0,0,0,0,0,30,64,16,6,116,0,0,0,116
11/04/2010,PNS,FL,ASO,ES,Towers with Radar,27,68,18,23,136,0,1,29,11,41,27,69,47,34,177,64,0,64,241
11/05/2010,PNS,FL,ASO,ES,Towers with Radar,26,68,33,43,170,0,1,51,18,70,26,69,84,61,240,62,0,62,302
11/06/2010,PNS,FL,ASO,ES,Towers with Radar,26,45,18,19,108,0,0,77,32,109,26,45,95,51,217,126,20,146,363
11/07/2010,PNS,FL,ASO,ES,Towers with Radar,27,51,29,29,136,0,0,59,54,113,27,51,88,83,249,138,72,210,459
11/08/2010,PNS,FL,ASO,ES,Towers with Radar,27,67,36,59,189,0,1,60,17,78,27,68,96,76,267,128,26,154,421
11/09/2010,PNS,FL,ASO,ES,Towers with Radar,30,63,29,46,168,0,2,90,29,121,30,65,119,75,289,200,16,216,505
11/10/2010,PNS,FL,ASO,ES,Towers with Radar,28,61,40,59,188,0,3,82,23,108,28,64,122,82,296,180,38,218,514
11/11/2010,PNS,FL,ASO,ES,Towers with Radar,27,63,33,22,145,0,4,69,19,92,27,67,102,41,237,110,0,110,347
11/12/2010,PNS,FL,ASO,ES,Towers with Radar,30,63,54,78,225,0,6,72,26,104,30,69,126,104,329,164,14,178,507
11/13/2010,PNS,FL,ASO,ES,Towers with Radar,25,45,23,62,155,0,3,61,44,108,25,48,84,106,263,142,14,156,419
11/14/2010,PNS,FL,ASO,ES,Towers with Radar,27,49,51,53,180,0,1,74,36,111,27,50,125,89,291,124,68,192,483
11/15/2010,PNS,FL,ASO,ES,Towers with Radar,26,64,12,36,138,0,3,43,28,74,26,67,55,64,212,158,0,158,370
11/16/2010,PNS,FL,ASO,ES,Towers with Radar,27,60,27,34,148,0,3,23,16,42,27,63,50,50,190,62,6,68,258
11/17/2010,PNS,FL,ASO,ES,Towers with Radar,27,64,35,28,154,0,2,54,14,70,27,66,89,42,224,112,44,156,380
11/18/2010,PNS,FL,ASO,ES,Towers with Radar,30,62,38,42,172,0,2,52,2,56,30,64,90,44,228,166,2,168,396
11/19/2010,PNS,FL,ASO,ES,Towers with Radar,26,63,32,56,177,0,2,51,22,75,26,65,83,78,252,134,28,162,414
11/20/2010,PNS,FL,ASO,ES,Towers with Radar,26,38,26,36,126,0,0,79,23,102,26,38,105,59,228,130,12,142,370
11/21/2010,PNS,FL,ASO,ES,Towers with Radar,26,50,17,31,124,0,0,52,25,77,26,50,69,56,201,122,0,122,323
11/22/2010,PNS,FL,ASO,ES,Towers with Radar,28,64,30,29,151,0,1,32,2,35,28,65,62,31,186,68,0,68,254
11/23/2010,PNS,FL,ASO,ES,Towers with Radar,28,66,26,50,170,0,2,35,11,48,28,68,61,61,218,140,22,162,380
11/24/2010,PNS,FL,ASO,ES,Towers with Radar,26,71,34,14,145,0,0,59,2,61,26,71,93,16,206,138,0,138,344
11/25/2010,PNS,FL,ASO,ES,Towers with Radar,17,39,6,0,62,0,1,14,0,15,17,40,20,0,77,0,0,0,77
11/26/2010,PNS,FL,ASO,ES,Towers with Radar,22,56,13,0,91,0,0,1,0,1,22,56,14,0,92,0,0,0,92
11/27/2010,PNS,FL,ASO,ES,Towers with Radar,27,43,24,0,94,0,3,59,2,64,27,46,83,2,158,248,0,248,406
11/28/2010,PNS,FL,ASO,ES,Towers with Radar,26,51,34,0,111,0,0,65,0,65,26,51,99,0,176,162,0,162,338
11/29/2010,PNS,FL,ASO,ES,Towers with Radar,24,69,24,44,161,0,0,4,0,4,24,69,28,44,165,20,0,20,185
11/30/2010,PNS,FL,ASO,ES,Towers with Radar,20,59,13,16,108,0,0,6,0,6,20,59,19,16,114,40,0,40,154
12/01/2010,PNS,FL,ASO,ES,Towers with Radar,27,56,29,39,151,0,6,53,8,67,27,62,82,47,218,114,0,114,332
12/02/2010,PNS,FL,ASO,ES,Towers with Radar,25,60,29,51,165,0,3,59,11,73,25,63,88,62,238,82,0,82,320
12/03/2010,PNS,FL,ASO,ES,Towers with Radar,27,59,33,77,196,0,2,57,15,74,27,61,90,92,270,120,32,152,422
12/04/2010,PNS,FL,ASO,ES,Towers with Radar,26,45,17,51,139,0,1,81,25,107,26,46,98,76,246,208,24,232,478
12/05/2010,PNS,FL,ASO,ES,Towers with Radar,27,45,40,14,126,0,0,58,21,79,27,45,98,35,205,112,0,112,317
12/06/2010,PNS,FL,ASO,ES,Towers with Radar,28,63,27,26,144,0,1,55,10,66,28,64,82,36,210,88,2,90,300
12/07/2010,PNS,FL,ASO,ES,Towers with Radar,26,48,30,57,161,0,6,56,26,88,26,54,86,83,249,82,62,144,393
12/08/2010,PNS,FL,ASO,ES,Towers with Radar,25,55,23,42,145,0,3,48,12,63,25,58,71,54,208,108,30,138,346
12/09/2010,PNS,FL,ASO,ES,Towers with Radar,29,59,32,48,168,0,2,39,9,50,29,61,71,57,218,142,0,142,360
12/10/2010,PNS,FL,ASO,ES,Towers with Radar,26,59,25,62,172,0,11,72,16,99,26,70,97,78,271,218,4,222,493
12/11/2010,PNS,FL,ASO,ES,Towers with Radar,26,38,19,56,139,0,1,55,16,72,26,39,74,72,211,236,0,236,447
12/12/2010,PNS,FL,ASO,ES,Towers with Radar,22,46,13,17,98,0,2,40,18,60,22,48,53,35,158,84,0,84,242
12/13/2010,PNS,FL,ASO,ES,Towers with Radar,26,68,21,43,158,0,6,35,7,48,26,74,56,50,206,114,0,114,320
12/14/2010,PNS,FL,ASO,ES,Towers with Radar,25,55,13,35,128,0,6,49,18,73,25,61,62,53,201,194,38,232,433
12/15/2010,PNS,FL,ASO,ES,Towers with Radar,20,58,29,74,181,0,6,51,14,71,20,64,80,88,252,148,22,170,422
12/16/2010,PNS,FL,ASO,ES,Towers with Radar,26,63,32,84,205,0,0,24,2,26,26,63,56,86,231,50,2,52,283
12/17/2010,PNS,FL,ASO,ES,Towers with Radar,30,64,25,40,159,0,0,0,0,0,30,64,25,40,159,0,0,0,159
12/18/2010,PNS,FL,ASO,ES,Towers with Radar,29,47,15,24,115,0,1,9,15,25,29,48,24,39,140,0,0,0,140
12/19/2010,PNS,FL,ASO,ES,Towers with Radar,26,46,21,28,121,0,0,37,31,68,26,46,58,59,189,24,10,34,223
12/20/2010,PNS,FL,ASO,ES,Towers with Radar,27,57,23,73,180,0,4,43,39,86,27,61,66,112,266,44,8,52,318
12/21/2010,PNS,FL,ASO,ES,Towers with Radar,27,58,27,35,147,0,5,53,6,64,27,63,80,41,211,66,0,66,277
12/22/2010,PNS,FL,ASO,ES,Towers with Radar,26,59,29,64,178,0,4,24,9,37,26,63,53,73,215,90,24,114,329
12/23/2010,PNS,FL,ASO,ES,Towers with Radar,27,62,14,22,125,0,3,43,18,64,27,65,57,40,189,44,36,80,269
12/24/2010,PNS,FL,ASO,ES,Towers with Radar,22,46,18,0,86,0,4,26,0,30,22,50,44,0,116,32,0,32,148
12/25/2010,PNS,FL,ASO,ES,Towers with Radar,14,41,2,0,57,0,0,0,0,0,14,41,2,0,57,0,0,0,57
12/26/2010,PNS,FL,ASO,ES,Towers with Radar,24,45,16,0,85,0,3,4,0,7,24,48,20,0,92,0,0,0,92
12/27/2010,PNS,FL,ASO,ES,Towers with Radar,27,65,24,10,126,0,3,19,7,29,27,68,43,17,155,30,8,38,193
12/28/2010,PNS,FL,ASO,ES,Towers with Radar,25,65,26,25,141,0,2,51,14,67,25,67,77,39,208,86,0,86,294
12/29/2010,PNS,FL,ASO,ES,Towers with Radar,27,64,19,42,152,0,6,24,2,32,27,70,43,44,184,54,0,54,238
12/30/2010,PNS,FL,ASO,ES,Towers with Radar,27,69,30,13,139,0,1,12,0,13,27,70,42,13,152,20,0,20,172
12/31/2010,PNS,FL,ASO,ES,Towers with Radar,24,50,11,0,85,0,0,2,0,2,24,50,13,0,87,0,0,0,87
01/01/2011,PNS,FL,ASO,ES,Towers with Radar,28,43,12,0,83,0,0,0,0,0,28,43,12,0,83,0,0,0,83
01/02/2011,PNS,FL,ASO,ES,Towers with Radar,25,48,17,1,91,0,0,19,2,21,25,48,36,3,112,0,0,0,112
01/03/2011,PNS,FL,ASO,ES,Towers with Radar,27,59,16,44,146,0,5,58,4,67,27,64,74,48,213,124,0,124,337
01/04/2011,PNS,FL,ASO,ES,Towers with Radar,27,54,28,37,146,0,7,62,27,96,27,61,90,64,242,178,16,194,436
01/05/2011,PNS,FL,ASO,ES,Towers with Radar,27,60,20,31,138,0,0,0,2,2,27,60,20,33,140,0,0,0,140
01/06/2011,PNS,FL,ASO,ES,Towers with Radar,27,58,17,82,184,0,4,55,16,75,27,62,72,98,259,246,34,280,539
01/07/2011,PNS,FL,ASO,ES,Towers with Radar,25,54,23,69,171,0,5,82,25,112,25,59,105,94,283,150,76,226,509
01/08/2011,PNS,FL,ASO,ES,Towers with Radar,22,40,15,38,115,0,0,76,40,116,22,40,91,78,231,270,46,316,547
01/09/2011,PNS,FL,ASO,ES,Towers with Radar,20,38,16,56,130,0,1,44,18,63,20,39,60,74,193,186,16,202,395
01/10/2011,PNS,FL,ASO,ES,Towers with Radar,6,56,12,2,76,0,0,1,0,1,6,56,13,2,77,0,0,0,77
01/11/2011,PNS,FL,ASO,ES,Towers with Radar,6,59,23,42,130,0,0,25,38,63,6,59,48,80,193,40,0,40,233
01/12/2011,PNS,FL,ASO,ES,Towers with Radar,19,57,28,52,156,0,7,54,19,80,19,64,82,71,236,134,14,148,384
01/13/2011,PNS,FL,ASO,ES,Towers with Radar,24,60,24,50,158,0,6,66,24,96,24,66,90,74,254,284,14,298,552
01/14/2011,PNS,FL,ASO,ES,Towers with Radar,26,56,33,55,170,0,6,62,25,93,26,62,95,80,263,190,20,210,473
01/15/2011,PNS,FL,ASO,ES,Towers with Radar,23,41,11,27,102,0,2,90,34,126,23,43,101,61,228,300,42,342,570
01/16/2011,PNS,FL,ASO,ES,Towers with Radar,22,43,20,34,119,0,0,51,31,82,22,43,71,65,201,194,18,212,413
01/17/2011,PNS,FL,ASO,ES,Towers with Radar,26,51,21,10,108,0,0,33,2,35,26,51,54,12,143,22,0,22,165
01/18/2011,PNS,FL,ASO,ES,Towers with Radar,28,57,31,67,183,0,3,35,8,46,28,60,66,75,229,82,0,82,311
01/19/2011,PNS,FL,ASO,ES,Towers with Radar,28,55,32,37,152,0,4,51,10,65,28,59,83,47,217,98,0,98,315
01/20/2011,PNS,FL,ASO,ES,Towers with Radar,27,63,33,83,206,0,4,22,2,28,27,67,55,85,234,62,0,62,296
01/21/2011,PNS,FL,ASO,ES,Towers with Radar,26,58,35,58,177,0,6,50,27,83,26,64,85,85,260,80,4,84,344
01/22/2011,PNS,FL,ASO,ES,Towers with Radar,23,40,11,38,112,0,4,74,25,103,23,44,85,63,215,154,34,188,403
01/23/2011,PNS,FL,ASO,ES,Towers with Radar,24,45,12,38,119,0,3,73,38,114,24,48,85,76,233,118,36,154,387
01/24/2011,PNS,FL,ASO,ES,Towers with Radar,24,59,23,41,147,0,5,33,9,47,24,64,56,50,194,36,18,54,248
01/25/2011,PNS,FL,ASO,ES,Towers with Radar,25,51,26,45,147,0,1,1,1,3,25,52,27,46,150,0,0,0,150
01/26/2011,PNS,FL,ASO,ES,Towers with Radar,23,55,21,53,152,0,3,41,16,60,23,58,62,69,212,122,6,128,340
01/27/2011,PNS,FL,ASO,ES,Towers with Radar,26,52,33,50,161,0,2,51,24,77,26,54,84,74,238,102,0,102,340
01/28/2011,PNS,FL,ASO,ES,Towers with Radar,27,49,24,54,154,0,7,57,19,83,27,56,81,73,237,214,20,234,471
01/29/2011,PNS,FL,ASO,ES,Towers with Radar,23,44,17,36,120,0,0,90,42,132,23,44,107,78,252,326,6,332,584
01/30/2011,PNS,FL,ASO,ES,Towers with Radar,25,45,23,40,133,0,0,51,24,75,25,45,74,64,208,196,6,202,410
01/31/2011,PNS,FL,ASO,ES,Towers with Radar,27,66,30,64,187,0,0,17,0,17,27,66,47,64,204,74,0,74,278
02/01/2011,PNS,FL,ASO,ES,Towers with Radar,26,49,9,1,85,0,0,0,0,0,26,49,9,1,85,0,0,0,85
02/02/2011,PNS,FL,ASO,ES,Towers with Radar,26,51,38,62,177,0,4,55,8,67,26,55,93,70,244,256,0,256,500
02/03/2011,PNS,FL,ASO,ES,Towers with Radar,24,56,22,40,142,0,0,27,2,29,24,56,49,42,171,102,0,102,273
02/04/2011,PNS,FL,ASO,ES,Towers with Radar,26,46,19,2,93,0,0,0,0,0,26,46,19,2,93,0,0,0,93
02/05/2011,PNS,FL,ASO,ES,Towers with Radar,23,40,9,45,117,0,5,42,12,59,23,45,51,57,176,188,0,188,364
02/06/2011,PNS,FL,ASO,ES,Towers with Radar,24,45,13,41,123,0,0,63,25,88,24,45,76,66,211,60,0,60,271
02/07/2011,PNS,FL,ASO,ES,Towers with Radar,26,61,21,71,179,0,0,13,8,21,26,61,34,79,200,22,0,22,222
02/08/2011,PNS,FL,ASO,ES,Towers with Radar,25,56,31,41,153,0,5,45,21,71,25,61,76,62,224,108,0,108,332
02/09/2011,PNS,FL,ASO,ES,Towers with Radar,28,49,30,67,174,0,2,45,9,56,28,51,75,76,230,86,0,86,316
02/10/2011,PNS,FL,ASO,ES,Towers with Radar,28,65,29,8,130,0,2,27,3,32,28,67,56,11,162,118,4,122,284
02/11/2011,PNS,FL,ASO,ES,Towers with Radar,27,55,30,48,160,0,5,58,26,89,27,60,88,74,249,232,12,244,493
02/12/2011,PNS,FL,ASO,ES,Towers with Radar,23,42,30,33,128,0,0,71,16,87,23,42,101,49,215,284,16,300,515
02/13/2011,PNS,FL,ASO,ES,Towers with Radar,24,42,18,37,121,0,4,91,32,127,24,46,109,69,248,174,28,202,450
02/14/2011,PNS,FL,ASO,ES,Towers with Radar,24,56,17,41,138,0,3,57,34,94,24,59,74,75,232,184,12,196,428
02/15/2011,PNS,FL,ASO,ES,Towers with Radar,25,55,21,79,180,0,4,54,17,75,25,59,75,96,255,122,8,130,385
02/16/2011,PNS,FL,ASO,ES,Towers with Radar,25,57,46,25,153,0,3,45,7,55,25,60,91,32,208,88,26,114,322
02/17/2011,PNS,FL,ASO,ES,Towers with Radar,24,60,48,82,214,0,2,61,24,87,24,62,109,106,301,70,16,86,387
02/18/2011,PNS,FL,ASO,ES,Towers with Radar,27,62,37,61,187,0,6,68,31,105,27,68,105,92,292,86,32,118,410
02/19/2011,PNS,FL,ASO,ES,Towers with Radar,21,42,29,26,118,0,5,74,29,108,21,47,103,55,226,128,22,150,376
02/20/2011,PNS,FL,ASO,ES,Towers with Radar,23,46,41,23,133,0,3,99,23,125,23,49,140,46,258,208,18,226,484
02/21/2011,PNS,FL,ASO,ES,Towers with Radar,25,63,33,29,150,0,1,38,6,45,25,64,71,35,195,40,0,40,235
02/22/2011,PNS,FL,ASO,ES,Towers with Radar,27,66,32,65,190,0,7,40,25,72,27,73,72,90,262,150,28,178,440
02/23/2011,PNS,FL,ASO,ES,Towers with Radar,27,60,21,65,173,0,3,49,7,59,27,63,70,72,232,94,18,112,344
02/24/2011,PNS,FL,ASO,ES,Towers with Radar,27,55,49,40,171,0,0,0,0,0,27,55,49,40,171,0,0,0,171
02/25/2011,PNS,FL,ASO,ES,Towers with Radar,28,52,36,57,173,0,7,66,23,96,28,59,102,80,269,218,0,218,487
02/26/2011,PNS,FL,ASO,ES,Towers with Radar,22,43,17,19,101,0,0,63,23,86,22,43,80,42,187,282,0,282,469
02/27/2011,PNS,FL,ASO,ES,Towers with Radar,27,49,22,32,130,0,0,10,3,13,27,49,32,35,143,20,0,20,163
02/28/2011,PNS,FL,ASO,ES,Towers with Radar,24,62,16,9,111,0,0,4,0,4,24,62,20,9,115,0,0,0,115
03/01/2011,PNS,FL,ASO,ES,Towers with Radar,28,58,22,33,141,0,6,65,9,80,28,64,87,42,221,214,2,216,437
03/02/2011,PNS,FL,ASO,ES,Towers with Radar,26,56,26,73,181,0,6,58,15,79,26,62,84,88,260,128,12,140,400
03/03/2011,PNS,FL,ASO,ES,Towers with Radar,27,71,37,83,218,0,6,41,17,64,27,77,78,100,282,50,0,50,332
03/04/2011,PNS,FL,ASO,ES,Towers with Radar,27,58,34,64,183,0,7,35,7,49,27,65,69,71,232,86,0,86,318
03/05/2011,PNS,FL,ASO,ES,Towers with Radar,26,44,7,12,89,0,0,0,0,0,26,44,7,12,89,0,0,0,89
03/06/2011,PNS,FL,ASO,ES,Towers with Radar,27,46,15,38,126,0,2,26,12,40,27,48,41,50,166,60,0,60,226
03/07/2011,PNS,FL,ASO,ES,Towers with Radar,29,62,20,65,176,0,6,42,16,64,29,68,62,81,240,134,16,150,390
03/08/2011,PNS,FL,ASO,ES,Towers with Radar,25,59,30,62,176,0,1,4,2,7,25,60,34,64,183,8,0,8,191
03/09/2011,PNS,FL,ASO,ES,Towers with Radar,25,45,13,0,83,0,0,0,0,0,25,45,13,0,83,0,0,0,83
03/10/2011,PNS,FL,ASO,ES,Towers with Radar,26,61,29,50,166,0,1,59,16,76,26,62,88,66,242,112,34,146,388
03/11/2011,PNS,FL,ASO,ES,Towers with Radar,26,60,21,95,202,0,5,62,15,82,26,65,83,110,284,112,0,112,396
03/12/2011,PNS,FL,ASO,ES,Towers with Radar,21,48,28,63,160,0,0,64,19,83,21,48,92,82,243,162,12,174,417
03/13/2011,PNS,FL,ASO,ES,Towers with Radar,27,46,29,34,136,0,3,54,28,85,27,49,83,62,221,150,0,150,371
03/14/2011,PNS,FL,ASO,ES,Towers with Radar,25,64,34,60,183,0,3,26,26,55,25,67,60,86,238,182,90,272,510
03/15/2011,PNS,FL,ASO,ES,Towers with Radar,23,60,22,45,150,0,3,38,13,54,23,63,60,58,204,80,0,80,284
03/16/2011,PNS,FL,ASO,ES,Towers with Radar,25,59,31,71,186,0,4,62,14,80,25,63,93,85,266,160,34,194,460
03/17/2011,PNS,FL,ASO,ES,Towers with Radar,26,59,47,68,200,0,4,55,20,79,26,63,102,88,279,130,0,130,409
03/18/2011,PNS,FL,ASO,ES,Towers with Radar,24,64,31,63,182,0,5,49,23,77,24,69,80,86,259,126,16,142,401
03/19/2011,PNS,FL,ASO,ES,Towers with Radar,22,49,16,60,147,0,0,48,32,80,22,49,64,92,227,140,12,152,379
03/20/2011,PNS,FL,ASO,ES,Towers with Radar,27,46,15,44,132,0,0,59,34,93,27,46,74,78,225,122,8,130,355
03/21/2011,PNS,FL,ASO,ES,Towers with Radar,25,66,39,66,196,0,2,43,4,49,25,68,82,70,245,90,0,90,335
03/22/2011,PNS,FL,ASO,ES,Towers with Radar,25,60,40,45,170,0,3,40,13,56,25,63,80,58,226,108,0,108,334
03/23/2011,PNS,FL,ASO,ES,Towers with Radar,25,62,38,70,195,0,3,39,13,55,25,65,77,83,250,72,26,98,348
03/24/2011,PNS,FL,ASO,ES,Towers with Radar,26,60,44,48,178,0,1,52,11,64,26,61,96,59,242,216,8,224,466
03/25/2011,PNS,FL,ASO,ES,Towers with Radar,26,64,51,77,218,0,5,43,21,69,26,69,94,98,287,112,14,126,413
03/26/2011,PNS,FL,ASO,ES,Towers with Radar,20,47,30,82,179,0,0,7,7,14,20,47,37,89,193,20,30,50,243
03/27/2011,PNS,FL,ASO,ES,Towers with Radar,28,50,44,61,183,0,0,31,17,48,28,50,75,78,231,78,14,92,323
03/28/2011,PNS,FL,ASO,ES,Towers with Radar,25,60,35,68,188,0,1,21,14,36,25,61,56,82,224,56,6,62,286
03/29/2011,PNS,FL,ASO,ES,Towers with Radar,25,59,26,64,174,0,0,4,3,7,25,59,30,67,181,30,0,30,211
03/30/2011,PNS,FL,ASO,ES,Towers with Radar,25,55,25,41,146,0,2,14,11,27,25,57,39,52,173,54,60,114,287
03/31/2011,PNS,FL,ASO,ES,Towers with Radar,25,53,21,19,118,0,1,50,9,60,25,54,71,28,178,128,6,134,312
04/01/2011,PNS,FL,ASO,ES,Towers with Radar,28,54,28,35,145,0,5,43,28,76,28,59,71,63,221,192,0,192,413
04/02/2011,PNS,FL,ASO,ES,Towers with Radar,24,47,14,32,117,0,0,65,44,109,24,47,79,76,226,170,0,170,396
04/03/2011,PNS,FL,ASO,ES,Towers with Radar,28,45,21,27,121,0,0,33,16,49,28,45,54,43,170,52,50,102,272
04/04/2011,PNS,FL,ASO,ES,Towers with Radar,27,67,24,68,186,0,0,22,23,45,27,67,46,91,231,110,14,124,355
04/05/2011,PNS,FL,ASO,ES,Towers with Radar,28,58,28,31,145,0,5,41,11,57,28,63,69,42,202,104,16,120,322
04/06/2011,PNS,FL,ASO,ES,Towers with Radar,27,69,34,39,169,0,3,60,39,102,27,72,94,78,271,130,30,160,431
04/07/2011,PNS,FL,ASO,ES,Towers with Radar,28,67,50,53,198,0,1,38,3,42,28,68,88,56,240,36,0,36,276
04/08/2011,PNS,FL,ASO,ES,Towers with Radar,31,65,21,65,182,0,0,4,4,8,31,65,25,69,190,26,0,26,216
04/09/2011,PNS,FL,ASO,ES,Towers with Radar,23,46,32,35,136,0,0,31,6,37,23,46,63,41,173,76,0,76,249
04/10/2011,PNS,FL,ASO,ES,Towers with Radar,26,48,41,54,169,0,0,0,3,3,26,48,41,57,172,0,0,0,172
04/11/2011,PNS,FL,ASO,ES,Towers with Radar,25,69,29,82,205,0,2,16,0,18,25,71,45,82,223,60,0,60,283
04/12/2011,PNS,FL,ASO,ES,Towers with Radar,31,65,29,22,147,0,8,32,9,49,31,73,61,31,196,118,0,118,314
04/13/2011,PNS,FL,ASO,ES,Towers with Radar,28,62,29,43,162,0,6,53,20,79,28,68,82,63,241,100,20,120,361
04/14/2011,PNS,FL,ASO,ES,Towers with Radar,26,70,32,60,188,0,5,45,20,70,26,75,77,80,258,108,0,108,366
04/15/2011,PNS,FL,ASO,ES,Towers with Radar,27,59,40,34,160,0,3,22,14,39,27,62,62,48,199,116,0,116,315
04/16/2011,PNS,FL,ASO,ES,Towers with Radar,24,46,20,13,103,0,0,55,16,71,24,46,75,29,174,190,0,190,364
04/17/2011,PNS,FL,ASO,ES,Towers with Radar,27,49,33,30,139,0,2,36,27,65,27,51,69,57,204,60,20,80,284
04/18/2011,PNS,FL,ASO,ES,Towers with Radar,27,65,22,36,150,0,3,29,14,46,27,68,51,50,196,128,0,128,324
04/19/2011,PNS,FL,ASO,ES,Towers with Radar,28,60,37,63,188,0,2,13,8,23,28,62,50,71,211,112,0,112,323
04/20/2011,PNS,FL,ASO,ES,Towers with Radar,27,60,33,80,200,0,1,17,4,22,27,61,50,84,222,60,0,60,282
04/21/2011,PNS,FL,ASO,ES,Towers with Radar,28,64,38,60,190,0,2,32,8,42,28,66,70,68,232,98,16,114,346
04/22/2011,PNS,FL,ASO,ES,Towers with Radar,28,62,43,35,168,0,4,32,3,39,28,66,75,38,207,88,0,88,295
04/23/2011,PNS,FL,ASO,ES,Towers with Radar,25,48,21,16,110,0,0,52,2,54,25,48,73,18,164,84,8,92,256
04/24/2011,PNS,FL,ASO,ES,Towers with Radar,27,51,17,23,118,0,0,15,5,20,27,51,32,28,138,12,0,12,150
04/25/2011,PNS,FL,ASO,ES,Towers with Radar,27,70,39,62,198,0,5,19,12,36,27,75,58,74,234,100,24,124,358
04/26/2011,PNS,FL,ASO,ES,Towers with Radar,27,63,20,89,199,0,3,21,8,32,27,66,41,97,231,58,14,72,303
04/27/2011,PNS,FL,ASO,ES,Towers with Radar,25,66,24,44,159,0,2,7,1,10,25,68,31,45,169,12,0,12,181
04/28/2011,PNS,FL,ASO,ES,Towers with Radar,26,63,37,45,171,0,4,45,11,60,26,67,82,56,231,134,12,146,377
04/29/2011,PNS,FL,ASO,ES,Towers with Radar,29,60,29,57,175,0,5,46,24,75,29,65,75,81,250,112,4,116,366
04/30/2011,PNS,FL,ASO,ES,Towers with Radar,30,46,10,31,117,0,1,42,19,62,30,47,52,50,179,30,12,42,221
05/01/2011,PNS,FL,ASO,ES,Towers with Radar,29,45,30,40,144,0,0,28,8,36,29,45,58,48,180,44,14,58,238
05/02/2011,PNS,FL,ASO,ES,Towers with Radar,28,66,26,45,165,0,1,34,14,49,28,67,60,59,214,84,14,98,312
05/03/2011,PNS,FL,ASO,ES,Towers with Radar,29,63,30,102,224,0,1,21,1,23,29,64,51,103,247,92,24,116,363
05/04/2011,PNS,FL,ASO,ES,Towers with Radar,31,61,35,57,184,0,7,35,24,66,31,68,70,81,250,78,2,80,330
05/05/2011,PNS,FL,ASO,ES,Towers with Radar,33,62,31,51,177,0,4,37,12,53,33,66,68,63,230,100,0,100,330
05/06/2011,PNS,FL,ASO,ES,Towers with Radar,31,59,29,40,159,0,4,45,26,75,31,63,74,66,234,68,0,68,302
05/07/2011,PNS,FL,ASO,ES,Towers with Radar,24,47,17,35,123,0,0,35,24,59,24,47,52,59,182,20,0,20,202
05/08/2011,PNS,FL,ASO,ES,Towers with Radar,31,48,30,33,142,0,1,29,23,53,31,49,59,56,195,62,0,62,257
05/09/2011,PNS,FL,ASO,ES,Towers with Radar,32,64,23,66,185,0,1,34,35,70,32,65,57,101,255,110,18,128,383
05/10/2011,PNS,FL,ASO,ES,Towers with Radar,32,59,33,66,190,0,3,41,13,57,32,62,74,79,247,98,4,102,349
05/11/2011,PNS,FL,ASO,ES,Towers with Radar,32,51,34,65,182,0,3,42,19,64,32,54,76,84,246,66,4,70,316
05/12/2011,PNS,FL,ASO,ES,Towers with Radar,32,65,39,72,208,0,3,39,15,57,32,68,78,87,265,64,2,66,331
05/13/2011,PNS,FL,ASO,ES,Towers with Radar,33,62,20,55,170,0,1,25,5,31,33,63,45,60,201,84,20,104,305
05/14/2011,PNS,FL,ASO,ES,Towers with Radar,25,52,21,26,124,0,2,30,20,52,25,54,51,46,176,34,0,34,210
05/15/2011,PNS,FL,ASO,ES,Towers with Radar,31,47,19,24,121,0,1,34,12,47,31,48,53,36,168,102,0,102,270
05/16/2011,PNS,FL,ASO,ES,Towers with Radar,31,59,32,59,181,0,1,55,20,76,31,60,87,79,257,64,32,96,353
05/17/2011,PNS,FL,ASO,ES,Towers with Radar,31,59,38,46,174,0,5,36,25,66,31,64,74,71,240,50,14,64,304
05/18/2011,PNS,FL,ASO,ES,Towers with Radar,31,57,33,57,178,0,2,57,14,73,31,59,90,71,251,272,14,286,537
05/19/2011,PNS,FL,ASO,ES,Towers with Radar,31,68,22,70,191,0,1,49,14,64,31,69,71,84,255,174,0,174,429
05/20/2011,PNS,FL,ASO,ES,Towers with Radar,32,52,32,72,188,0,5,42,9,56,32,57,74,81,244,84,0,84,328
05/21/2011,PNS,FL,ASO,ES,Towers with Radar,24,46,27,45,142,0,2,53,14,69,24,48,80,59,211,80,12,92,303
05/22/2011,PNS,FL,ASO,ES,Towers with Radar,33,46,28,46,153,0,0,45,30,75,33,46,73,76,228,40,6,46,274
05/23/2011,PNS,FL,ASO,ES,Towers with Radar,32,67,32,42,173,0,1,48,25,74,32,68,80,67,247,46,10,56,303
05/24/2011,PNS,FL,ASO,ES,Towers with Radar,32,62,30,82,206,0,4,45,15,64,32,66,75,97,270,22,6,28,298
05/25/2011,PNS,FL,ASO,ES,Towers with Radar,31,60,46,60,197,0,6,32,7,45,31,66,78,67,242,74,0,74,316
05/26/2011,PNS,FL,ASO,ES,Towers with Radar,25,60,35,23,143,0,3,22,0,25,25,63,57,23,168,26,6,32,200
05/27/2011,PNS,FL,ASO,ES,Towers with Radar,26,61,40,21,148,0,2,36,8,46,26,63,76,29,194,50,0,50,244
05/28/2011,PNS,FL,ASO,ES,Towers with Radar,25,44,21,13,103,0,1,54,2,57,25,45,75,15,160,56,0,56,216
05/29/2011,PNS,FL,ASO,ES,Towers with Radar,28,38,10,27,103,0,0,36,13,49,28,38,46,40,152,46,0,46,198
05/30/2011,PNS,FL,ASO,ES,Towers with Radar,30,51,26,6,113,0,0,32,1,33,30,51,58,7,146,4,0,4,150
05/31/2011,PNS,FL,ASO,ES,Towers with Radar,31,65,42,84,222,0,2,54,17,73,31,67,96,101,295,46,0,46,341
06/01/2011,PNS,FL,ASO,ES,Towers with Radar,31,60,32,31,154,0,4,46,9,59,31,64,78,40,213,112,12,124,337
06/02/2011,PNS,FL,ASO,ES,Towers with Radar,31,61,36,52,180,0,3,46,23,72,31,64,82,75,252,104,14,118,370
06/03/2011,PNS,FL,ASO,ES,Towers with Radar,30,56,26,45,157,0,2,49,27,78,30,58,75,72,235,124,2,126,361
06/04/2011,PNS,FL,ASO,ES,Towers with Radar,27,40,13,18,98,0,0,52,33,85,27,40,65,51,183,20,0,20,203
06/05/2011,PNS,FL,ASO,ES,Towers with Radar,29,51,41,37,158,0,0,30,33,63,29,51,71,70,221,56,26,82,303
06/06/2011,PNS,FL,ASO,ES,Towers with Radar,32,62,20,64,178,0,1,25,16,42,32,63,45,80,220,24,14,38,258
06/07/2011,PNS,FL,ASO,ES,Towers with Radar,31,63,31,26,151,0,3,33,16,52,31,66,64,42,203,50,30,80,283
06/08/2011,PNS,FL,ASO,ES,Towers with Radar,32,55,43,31,161,0,2,13,7,22,32,57,56,38,183,0,4,4,187
06/09/2011,PNS,FL,ASO,ES,Towers with Radar,31,65,35,70,201,0,2,48,10,60,31,67,83,80,261,70,20,90,351
06/10/2011,PNS,FL,ASO,ES,Towers with Radar,28,59,34,31,152,0,2,29,5,36,28,61,63,36,188,72,0,72,260
06/11/2011,PNS,FL,ASO,ES,Towers with Radar,22,46,13,34,115,0,0,60,16,76,22,46,73,50,191,128,16,144,335
06/12/2011,PNS,FL,ASO,ES,Towers with Radar,25,50,22,36,133,0,0,26,23,49,25,50,48,59,182,58,32,90,272
06/13/2011,PNS,FL,ASO,ES,Towers with Radar,28,55,21,43,147,0,2,36,22,60,28,57,57,65,207,64,0,64,271
06/14/2011,PNS,FL,ASO,ES,Towers with Radar,28,55,31,56,170,0,4,37,8,49,28,59,68,64,219,76,0,76,295
06/15/2011,PNS,FL,ASO,ES,Towers with Radar,34,59,24,52,169,0,5,48,3,56,34,64,72,55,225,142,0,142,367
06/16/2011,PNS,FL,ASO,ES,Towers with Radar,28,58,33,23,142,0,6,23,5,34,28,64,56,28,176,90,0,90,266
06/17/2011,PNS,FL,ASO,ES,Towers with Radar,28,57,34,37,156,0,2,40,20,62,28,59,74,57,218,134,0,134,352
06/18/2011,PNS,FL,ASO,ES,Towers with Radar,25,47,36,23,131,0,2,44,21,67,25,49,80,44,198,82,0,82,280
06/19/2011,PNS,FL,ASO,ES,Towers with Radar,26,51,30,23,130,0,4,48,7,59,26,55,78,30,189,80,0,80,269
06/20/2011,PNS,FL,ASO,ES,Towers with Radar,28,65,29,38,160,0,1,33,15,49,28,66,62,53,209,70,0,70,279
06/21/2011,PNS,FL,ASO,ES,Towers with Radar,25,58,30,59,172,0,3,56,24,83,25,61,86,83,255,134,10,144,399
06/22/2011,PNS,FL,ASO,ES,Towers with Radar,27,53,24,48,152,0,3,20,8,31,27,56,44,56,183,44,0,44,227
06/23/2011,PNS,FL,ASO,ES,Towers with Radar,27,59,33,41,160,0,0,15,8,23,27,59,48,49,183,36,0,36,219
06/24/2011,PNS,FL,ASO,ES,Towers with Radar,28,59,24,59,170,0,2,45,22,69,28,61,69,81,239,90,12,102,341
06/25/2011,PNS,FL,ASO,ES,Towers with Radar,25,42,21,10,98,0,1,31,21,53,25,43,52,31,151,10,0,10,161
06/26/2011,PNS,FL,ASO,ES,Towers with Radar,25,52,28,17,122,0,0,34,17,51,25,52,62,34,173,108,14,122,295
06/27/2011,PNS,FL,ASO,ES,Towers with Radar,28,56,20,36,140,0,5,39,6,50,28,61,59,42,190,92,0,92,282
06/28/2011,PNS,FL,ASO,ES,Towers with Radar,27,57,26,34,144,0,2,36,7,45,27,59,62,41,189,94,0,94,283
06/29/2011,PNS,FL,ASO,ES,Towers with Radar,29,59,41,31,160,0,4,29,8,41,29,63,70,39,201,130,0,130,331
06/30/2011,PNS,FL,ASO,ES,Towers with Radar,28,55,41,46,170,0,5,30,12,47,28,60,71,58,217,84,0,84,301
07/01/2011,PNS,FL,ASO,ES,Towers with Radar,27,56,30,9,122,0,2,46,4,52,27,58,76,13,174,184,0,184,358
07/02/2011,PNS,FL,ASO,ES,Towers with Radar,26,47,28,7,108,0,0,34,2,36,26,47,62,9,144,86,0,86,230
07/03/2011,PNS,FL,ASO,ES,Towers with Radar,21,41,9,3,74,0,1,29,0,30,21,42,38,3,104,156,0,156,260
07/04/2011,PNS,FL,ASO,ES,Towers with Radar,24,44,21,0,89,0,4,14,2,20,24,48,35,2,109,10,0,10,119
07/05/2011,PNS,FL,ASO,ES,Towers with Radar,27,59,33,71,190,0,2,46,17,65,27,61,79,88,255,58,12,70,325
07/06/2011,PNS,FL,ASO,ES,Towers with Radar,28,60,35,53,176,0,2,38,10,50,28,62,73,63,226,116,18,134,360
07/07/2011,PNS,FL,ASO,ES,Towers with Radar,27,59,35,45,166,0,3,59,16,78,27,62,94,61,244,76,0,76,320
07/08/2011,PNS,FL,ASO,ES,Towers with Radar,27,56,32,68,183,0,3,62,19,84,27,59,94,87,267,70,0,70,337
07/09/2011,PNS,FL,ASO,ES,Towers with Radar,25,42,18,20,105,0,0,62,26,88,25,42,80,46,193,60,6,66,259
07/10/2011,PNS,FL,ASO,ES,Towers with Radar,26,56,41,19,142,0,1,53,26,80,26,57,94,45,222,98,0,98,320
07/11/2011,PNS,FL,ASO,ES,Towers with Radar,28,61,34,43,166,0,2,20,5,27,28,63,54,48,193,108,0,108,301
07/12/2011,PNS,FL,ASO,ES,Towers with Radar,27,58,37,55,177,0,4,34,13,51,27,62,71,68,228,140,24,164,392
07/13/2011,PNS,FL,ASO,ES,Towers with Radar,26,55,26,51,158,0,5,41,19,65,26,60,67,70,223,100,4,104,327
07/14/2011,PNS,FL,ASO,ES,Towers with Radar,26,59,18,61,164,0,2,51,31,84,26,61,69,92,248,166,24,190,438
07/15/2011,PNS,FL,ASO,ES,Towers with Radar,29,60,13,25,127,0,0,18,47,65,29,60,31,72,192,76,20,96,288
07/16/2011,PNS,FL,ASO,ES,Towers with Radar,25,41,11,17,94,0,0,0,4,4,25,41,11,21,98,4,0,4,102
07/17/2011,PNS,FL,ASO,ES,Towers with Radar,29,46,12,68,155,0,0,3,20,23,29,46,15,88,178,0,52,52,230
07/18/2011,PNS,FL,ASO,ES,Towers with Radar,28,60,30,82,200,0,3,38,9,50,28,63,68,91,250,126,40,166,416
07/19/2011,PNS,FL,ASO,ES,Towers with Radar,27,60,18,110,215,0,1,38,36,75,27,61,56,146,290,156,24,180,470
07/20/2011,PNS,FL,ASO,ES,Towers with Radar,29,56,21,67,173,0,2,36,5,43,29,58,57,72,216,60,0,60,276
07/21/2011,PNS,FL,ASO,ES,Towers with Radar,29,59,31,54,173,0,4,31,32,67,29,63,62,86,240,108,20,128,368
07/22/2011,PNS,FL,ASO,ES,Towers with Radar,32,52,21,71,176,0,1,20,11,32,32,53,41,82,208,8,16,24,232
07/23/2011,PNS,FL,ASO,ES,Towers with Radar,25,45,11,9,90,1,1,40,37,79,26,46,51,46,169,90,26,116,285
07/24/2011,PNS,FL,ASO,ES,Towers with Radar,26,56,27,10,119,0,2,42,35,79,26,58,69,45,198,98,0,98,296
07/25/2011,PNS,FL,ASO,ES,Towers with Radar,26,61,27,60,174,0,1,36,11,48,26,62,63,71,222,106,6,112,334
07/26/2011,PNS,FL,ASO,ES,Towers with Radar,27,59,34,81,201,0,4,31,6,41,27,63,65,87,242,142,0,142,384
07/27/2011,PNS,FL,ASO,ES,Towers with Radar,29,56,29,50,164,0,1,7,4,12,29,57,36,54,176,88,0,88,264
07/28/2011,PNS,FL,ASO,ES,Towers with Radar,31,66,35,10,142,0,2,26,10,38,31,68,61,20,180,88,0,88,268
07/29/2011,PNS,FL,ASO,ES,Towers with Radar,29,56,25,58,168,0,3,39,38,80,29,59,64,96,248,148,2,150,398
07/30/2011,PNS,FL,ASO,ES,Towers with Radar,25,44,16,22,107,0,1,63,38,102,25,45,79,60,209,116,14,130,339
07/31/2011,PNS,FL,ASO,ES,Towers with Radar,26,53,18,17,114,0,0,41,41,82,26,53,59,58,196,118,10,128,324
08/01/2011,PNS,FL,ASO,ES,Towers with Radar,27,59,24,48,158,0,0,39,17,56,27,59,63,65,214,18,20,38,252
08/02/2011,PNS,FL,ASO,ES,Towers with Radar,31,56,31,50,168,0,3,47,8,58,31,59,78,58,226,76,8,84,310
08/03/2011,PNS,FL,ASO,ES,Towers with Radar,28,59,25,93,205,0,0,55,15,70,28,59,80,108,275,78,38,116,391
08/04/2011,PNS,FL,ASO,ES,Towers with Radar,28,57,29,57,171,0,2,57,8,67,28,59,86,65,238,78,14,92,330
08/05/2011,PNS,FL,ASO,ES,Towers with Radar,27,55,37,71,190,0,3,36,17,56,27,58,73,88,246,64,22,86,332
08/06/2011,PNS,FL,ASO,ES,Towers with Radar,24,49,10,48,131,0,2,41,41,84,24,51,51,89,215,84,0,84,299
08/07/2011,PNS,FL,ASO,ES,Towers with Radar,25,47,34,64,170,0,0,46,24,70,25,47,80,88,240,130,46,176,416
08/08/2011,PNS,FL,ASO,ES,Towers with Radar,36,58,26,56,176,0,2,32,16,50,36,60,58,72,226,158,0,158,384
08/09/2011,PNS,FL,ASO,ES,Towers with Radar,28,53,31,54,166,0,3,30,3,36,28,56,61,57,202,160,0,160,362
08/10/2011,PNS,FL,ASO,ES,Towers with Radar,29,59,25,49,162,0,1,34,10,45,29,60,59,59,207,128,20,148,355
08/11/2011,PNS,FL,ASO,ES,Towers with Radar,28,60,25,22,135,0,3,31,12,46,28,63,56,34,181,76,30,106,287
08/12/2011,PNS,FL,ASO,ES,Towers with Radar,28,58,23,31,140,0,2,34,16,52,28,60,57,47,192,80,0,80,272
08/13/2011,PNS,FL,ASO,ES,Towers with Radar,26,41,19,8,94,0,0,56,26,82,26,41,75,34,176,154,0,154,330
08/14/2011,PNS,FL,ASO,ES,Towers with Radar,26,49,24,44,143,0,0,49,33,82,26,49,73,77,225,92,18,110,335
08/15/2011,PNS,FL,ASO,ES,Towers with Radar,26,60,22,46,154,0,3,43,18,64,26,63,65,64,218,80,20,100,318
08/16/2011,PNS,FL,ASO,ES,Towers with Radar,26,63,33,40,162,0,4,41,31,76,26,67,74,71,238,74,38,112,350
08/17/2011,PNS,FL,ASO,ES,Towers with Radar,24,63,31,35,153,0,1,61,25,87,24,64,92,60,240,120,2,122,362
08/18/2011,PNS,FL,ASO,ES,Towers with Radar,26,65,34,63,188,0,1,48,15,64,26,66,82,78,252,74,6,80,332
08/19/2011,PNS,FL,ASO,ES,Towers with Radar,24,68,34,41,167,0,4,48,22,74,24,72,82,63,241,102,8,110,351
08/20/2011,PNS,FL,ASO,ES,Towers with Radar,21,38,17,18,94,0,0,47,37,84,21,38,64,55,178,92,16,108,286
08/21/2011,PNS,FL,ASO,ES,Towers with Radar,24,44,21,39,128,0,0,37,29,66,24,44,58,68,194,66,18,84,278
08/22/2011,PNS,FL,ASO,ES,Towers with Radar,26,57,20,35,138,0,2,41,11,54,26,59,61,46,192,76,12,88,280
08/23/2011,PNS,FL,ASO,ES,Towers with Radar,26,54,24,60,164,0,2,49,4,55,26,56,73,64,219,240,4,244,463
08/24/2011,PNS,FL,ASO,ES,Towers with Radar,27,58,39,32,156,0,1,42,11,54,27,59,81,43,210,202,28,230,440
08/25/2011,PNS,FL,ASO,ES,Towers with Radar,24,55,25,48,152,0,2,47,15,64,24,57,72,63,216,232,24,256,472
08/26/2011,PNS,FL,ASO,ES,Towers with Radar,25,52,22,67,166,0,2,39,20,61,25,54,61,87,227,178,24,202,429
08/27/2011,PNS,FL,ASO,ES,Towers with Radar,22,36,16,21,95,0,1,41,39,81,22,37,57,60,176,160,34,194,370
08/28/2011,PNS,FL,ASO,ES,Towers with Radar,25,47,20,29,121,0,2,48,26,76,25,49,68,55,197,66,40,106,303
08/29/2011,PNS,FL,ASO,ES,Towers with Radar,26,52,21,36,135,0,2,24,12,38,26,54,45,48,173,128,26,154,327
08/30/2011,PNS,FL,ASO,ES,Towers with Radar,26,48,28,57,159,0,3,35,11,49,26,51,63,68,208,134,0,134,342
08/31/2011,PNS,FL,ASO,ES,Towers with Radar,25,52,33,50,160,0,1,34,6,41,25,53,67,56,201,70,0,70,271
09/01/2011,PNS,FL,ASO,ES,Towers with Radar,25,52,25,32,134,0,2,32,5,39,25,54,57,37,173,84,0,84,257
09/02/2011,PNS,FL,ASO,ES,Towers with Radar,25,51,27,17,120,0,2,18,3,23,25,53,45,20,143,36,0,36,179
09/03/2011,PNS,FL,ASO,ES,Towers with Radar,19,37,7,0,63,0,0,0,0,0,19,37,7,0,63,0,0,0,63
09/04/2011,PNS,FL,ASO,ES,Towers with Radar,21,27,1,0,49,0,0,2,0,2,21,27,3,0,51,0,0,0,51
09/05/2011,PNS,FL,ASO,ES,Towers with Radar,25,46,6,1,78,0,0,0,0,0,25,46,6,1,78,0,0,0,78
09/06/2011,PNS,FL,ASO,ES,Towers with Radar,26,53,24,75,178,0,1,49,21,71,26,54,73,96,249,136,0,136,385
09/07/2011,PNS,FL,ASO,ES,Towers with Radar,26,54,29,45,154,0,3,35,20,58,26,57,64,65,212,126,26,152,364
09/08/2011,PNS,FL,ASO,ES,Towers with Radar,25,49,26,59,159,0,2,45,25,72,25,51,71,84,231,118,0,118,349
09/09/2011,PNS,FL,ASO,ES,Towers with Radar,25,51,30,44,150,0,1,43,26,70,25,52,73,70,220,178,10,188,408
09/10/2011,PNS,FL,ASO,ES,Towers with Radar,22,34,23,39,118,0,0,58,32,90,22,34,81,71,208,186,0,186,394
09/11/2011,PNS,FL,ASO,ES,Towers with Radar,24,39,10,31,104,0,0,61,39,100,24,39,71,70,204,164,0,164,368
09/12/2011,PNS,FL,ASO,ES,Towers with Radar,26,54,16,55,151,0,9,54,9,72,26,63,70,64,223,74,18,92,315
09/13/2011,PNS,FL,ASO,ES,Towers with Radar,26,40,23,42,131,0,5,42,14,61,26,45,65,56,192,92,2,94,286
09/14/2011,PNS,FL,ASO,ES,Towers with Radar,26,51,18,53,148,0,2,37,8,47,26,53,55,61,195,108,0,108,303
09/15/2011,PNS,FL,ASO,ES,Towers with Radar,25,53,32,24,134,0,2,31,7,40,25,55,63,31,174,102,0,102,276
09/16/2011,PNS,FL,ASO,ES,Towers with Radar,25,46,17,53,141,0,6,39,21,66,25,52,56,74,207,78,34,112,319
09/17/2011,PNS,FL,ASO,ES,Towers with Radar,23,32,23,28,106,0,0,49,20,69,23,32,72,48,175,166,6,172,347
09/18/2011,PNS,FL,ASO,ES,Towers with Radar,24,42,28,23,117,0,1,37,27,65,24,43,65,50,182,230,16,246,428
09/19/2011,PNS,FL,ASO,ES,Towers with Radar,26,49,22,35,132,0,2,40,15,57,26,51,62,50,189,104,0,104,293
09/20/2011,PNS,FL,ASO,ES,Towers with Radar,26,48,32,49,155,0,0,37,6,43,26,48,69,55,198,118,18,136,334
09/21/2011,PNS,FL,ASO,ES,Towers with Radar,26,48,34,39,147,0,0,46,14,60,26,48,80,53,207,152,4,156,363
09/22/2011,PNS,FL,ASO,ES,Towers with Radar,24,53,23,22,122,0,1,22,6,29,24,54,45,28,151,145,0,145,296
09/23/2011,PNS,FL,ASO,ES,Towers with Radar,25,58,28,78,189,0,2,25,27,54,25,60,53,105,243,146,4,150,393
09/24/2011,PNS,FL,ASO,ES,Towers with Radar,23,33,29,24,109,0,4,52,22,78,23,37,81,46,187,176,10,186,373
09/25/2011,PNS,FL,ASO,ES,Towers with Radar,22,40,26,32,120,0,1,35,16,52,22,41,61,48,172,162,0,162,334
09/26/2011,PNS,FL,ASO,ES,Towers with Radar,26,52,21,55,154,0,2,51,10,63,26,54,72,65,217,60,0,60,277
09/27/2011,PNS,FL,ASO,ES,Towers with Radar,26,47,29,46,148,0,0,36,14,50,26,47,65,60,198,96,0,96,294
09/28/2011,PNS,FL,ASO,ES,Towers with Radar,26,44,16,5,91,0,2,18,6,26,26,46,34,11,117,56,0,56,173
09/29/2011,PNS,FL,ASO,ES,Towers with Radar,25,49,42,52,168,0,0,51,5,56,25,49,93,57,224,100,0,100,324
09/30/2011,PNS,FL,ASO,ES,Towers with Radar,25,50,41,26,142,0,0,53,6,59,25,50,94,32,201,130,4,134,335
10/01/2011,PNS,FL,ASO,ES,Towers with Radar,23,30,16,6,75,0,0,55,2,57,23,30,71,8,132,170,0,170,302
10/02/2011,PNS,FL,ASO,ES,Towers with Radar,24,39,24,15,102,0,0,55,8,63,24,39,79,23,165,162,0,162,327
10/03/2011,PNS,FL,ASO,ES,Towers with Radar,25,52,27,48,152,0,0,48,2,50,25,52,75,50,202,118,12,130,332
10/04/2011,PNS,FL,ASO,ES,Towers with Radar,26,48,14,53,141,0,0,45,4,49,26,48,59,57,190,134,6,140,330
10/05/2011,PNS,FL,ASO,ES,Towers with Radar,25,48,29,61,163,0,0,45,7,52,25,48,74,68,215,162,10,172,387
10/06/2011,PNS,FL,ASO,ES,Towers with Radar,25,56,35,54,170,0,4,55,21,80,25,60,90,75,250,210,14,224,474
10/07/2011,PNS,FL,ASO,ES,Towers with Radar,25,49,29,16,119,0,4,39,5,48,25,53,68,21,167,152,0,152,319
10/08/2011,PNS,FL,ASO,ES,Towers with Radar,23,34,18,12,87,0,6,52,1,59,23,40,70,13,146,182,40,222,368
10/09/2011,PNS,FL,ASO,ES,Towers with Radar,24,38,22,16,100,0,2,41,3,46,24,40,63,19,146,184,0,184,330
10/10/2011,PNS,FL,ASO,ES,Towers with Radar,26,56,15,1,98,0,3,8,0,11,26,59,23,1,109,28,0,28,137
10/11/2011,PNS,FL,ASO,ES,Towers with Radar,28,46,46,60,180,0,0,14,3,17,28,46,60,63,197,96,0,96,293
10/12/2011,PNS,FL,ASO,ES,Towers with Radar,25,53,36,51,165,0,3,38,4,45,25,56,74,55,210,136,0,136,346
10/13/2011,PNS,FL,ASO,ES,Towers with Radar,25,47,14,70,156,0,0,42,12,54,25,47,56,82,210,180,14,194,404
10/14/2011,PNS,FL,ASO,ES,Towers with Radar,27,48,26,38,139,0,3,52,24,79,27,51,78,62,218,130,22,152,370
10/15/2011,PNS,FL,ASO,ES,Towers with Radar,22,31,29,27,109,0,0,51,39,90,22,31,80,66,199,110,26,136,335
10/16/2011,PNS,FL,ASO,ES,Towers with Radar,23,40,23,25,111,0,2,57,26,85,23,42,80,51,196,128,18,146,342
10/17/2011,PNS,FL,ASO,ES,Towers with Radar,27,48,23,45,143,0,0,54,15,69,27,48,77,60,212,110,18,128,340
10/18/2011,PNS,FL,ASO,ES,Towers with Radar,26,47,17,64,154,0,1,31,8,40,26,48,48,72,194,102,2,104,298
10/19/2011,PNS,FL,ASO,ES,Towers with Radar,25,46,25,16,112,0,0,18,1,19,25,46,43,17,131,108,6,114,245
10/20/2011,PNS,FL,ASO,ES,Towers with Radar,24,51,35,6,116,0,1,39,3,43,24,52,74,9,159,196,0,196,355
10/21/2011,PNS,FL,ASO,ES,Towers with Radar,25,53,25,52,155,0,1,48,23,72,25,54,73,75,227,94,0,94,321
10/22/2011,PNS,FL,ASO,ES,Towers with Radar,23,33,13,29,98,0,1,54,23,78,23,34,67,52,176,128,48,176,352
10/23/2011,PNS,FL,ASO,ES,Towers with Radar,24,37,30,28,119,0,0,41,14,55,24,37,71,42,174,214,0,214,388
10/24/2011,PNS,FL,ASO,ES,Towers with Radar,26,40,27,38,131,0,2,41,10,53,26,42,68,48,184,98,0,98,282
10/25/2011,PNS,FL,ASO,ES,Towers with Radar,29,47,28,61,165,0,1,54,4,59,29,48,82,65,224,98,0,98,322
10/26/2011,PNS,FL,ASO,ES,Towers with Radar,25,48,48,51,172,0,1,46,6,53,25,49,94,57,225,102,0,102,327
10/27/2011,PNS,FL,ASO,ES,Towers with Radar,25,48,40,47,160,0,2,21,9,32,25,50,61,56,192,60,0,60,252
10/28/2011,PNS,FL,ASO,ES,Towers with Radar,24,57,31,65,177,0,1,27,17,45,24,58,58,82,222,144,6,150,372
10/29/2011,PNS,FL,ASO,ES,Towers with Radar,24,32,7,22,85,0,3,23,11,37,24,35,30,33,122,112,30,142,264
10/30/2011,PNS,FL,ASO,ES,Towers with Radar,25,37,24,26,112,0,3,59,15,77,25,40,83,41,189,170,24,194,383
10/31/2011,PNS,FL,ASO,ES,Towers with Radar,26,47,20,46,139,0,1,34,11,46,26,48,54,57,185,106,0,106,291
11/01/2011,PNS,FL,ASO,ES,Towers with Radar,26,47,24,61,158,0,0,50,8,58,26,47,74,69,216,100,0,100,316
11/02/2011,PNS,FL,ASO,ES,Towers with Radar,28,48,30,54,160,0,0,46,5,51,28,48,76,59,211,92,12,104,315
11/03/2011,PNS,FL,ASO,ES,Towers with Radar,27,54,28,56,165,0,1,16,5,22,27,55,44,61,187,70,2,72,259
11/04/2011,PNS,FL,ASO,ES,Towers with Radar,30,53,41,49,173,0,5,38,12,55,30,58,79,61,228,106,0,106,334
11/05/2011,PNS,FL,ASO,ES,Towers with Radar,24,36,15,6,81,0,0,78,23,101,24,36,93,29,182,170,36,206,388
11/06/2011,PNS,FL,ASO,ES,Towers with Radar,26,43,23,33,125,0,1,46,14,61,26,44,69,47,186,232,0,232,418
11/07/2011,PNS,FL,ASO,ES,Towers with Radar,28,53,15,57,153,0,5,58,6,69,28,58,73,63,222,100,0,100,322
11/08/2011,PNS,FL,ASO,ES,Towers with Radar,27,51,36,44,158,0,0,61,11,72,27,51,97,55,230,174,28,202,432
11/09/2011,PNS,FL,ASO,ES,Towers with Radar,27,52,45,89,213,0,2,38,6,46,27,54,83,95,259,104,0,104,363
11/10/2011,PNS,FL,ASO,ES,Towers with Radar,29,54,28,41,152,0,3,45,18,66,29,57,73,59,218,36,34,70,288
11/11/2011,PNS,FL,ASO,ES,Towers with Radar,28,57,50,13,148,0,0,60,9,69,28,57,110,22,217,58,18,76,293
11/12/2011,PNS,FL,ASO,ES,Towers with Radar,24,40,26,7,97,0,0,86,3,89,24,40,112,10,186,110,0,110,296
11/13/2011,PNS,FL,ASO,ES,Towers with Radar,26,45,31,32,134,0,0,60,11,71,26,45,91,43,205,98,0,98,303
11/14/2011,PNS,FL,ASO,ES,Towers with Radar,29,55,21,61,166,0,1,44,10,55,29,56,65,71,221,210,22,232,453
11/15/2011,PNS,FL,ASO,ES,Towers with Radar,27,49,23,48,147,0,0,1,0,1,27,49,24,48,148,0,0,0,148
11/16/2011,PNS,FL,ASO,ES,Towers with Radar,26,50,24,40,140,0,0,6,13,19,26,50,30,53,159,6,50,56,215
11/17/2011,PNS,FL,ASO,ES,Towers with Radar,29,60,37,31,157,0,3,39,20,62,29,63,76,51,219,114,18,132,351
11/18/2011,PNS,FL,ASO,ES,Towers with Radar,28,60,30,58,176,0,1,46,22,69,28,61,76,80,245,142,12,154,399
11/19/2011,PNS,FL,ASO,ES,Towers with Radar,29,40,18,49,136,0,0,5,2,7,29,40,23,51,143,22,0,22,165
11/20/2011,PNS,FL,ASO,ES,Towers with Radar,25,43,29,80,177,0,0,23,14,37,25,43,52,94,214,106,0,106,320
11/21/2011,PNS,FL,ASO,ES,Towers with Radar,29,52,31,58,170,0,2,36,12,50,29,54,67,70,220,186,8,194,414
11/22/2011,PNS,FL,ASO,ES,Towers with Radar,29,49,24,37,139,0,0,27,1,28,29,49,51,38,167,216,0,216,383
11/23/2011,PNS,FL,ASO,ES,Towers with Radar,30,54,37,40,161,0,0,37,1,38,30,54,74,41,199,138,0,138,337
11/24/2011,PNS,FL,ASO,ES,Towers with Radar,19,29,9,0,57,0,3,17,2,22,19,32,26,2,79,22,0,22,101
11/25/2011,PNS,FL,ASO,ES,Towers with Radar,23,45,21,0,89,0,3,44,0,47,23,48,65,0,136,82,0,82,218
11/26/2011,PNS,FL,ASO,ES,Towers with Radar,28,43,22,2,95,0,0,41,0,41,28,43,63,2,136,80,0,80,216
11/27/2011,PNS,FL,ASO,ES,Towers with Radar,27,46,31,0,104,0,0,2,0,2,27,46,33,0,106,46,0,46,152
11/28/2011,PNS,FL,ASO,ES,Towers with Radar,27,53,19,24,123,0,0,31,7,38,27,53,50,31,161,152,0,152,313
11/29/2011,PNS,FL,ASO,ES,Towers with Radar,30,50,30,61,171,0,2,41,9,52,30,52,71,70,223,120,0,120,343
11/30/2011,PNS,FL,ASO,ES,Towers with Radar,27,52,19,46,144,0,1,40,5,46,27,53,59,51,190,88,34,122,312
12/01/2011,PNS,FL,ASO,ES,Towers with Radar,28,52,16,68,164,0,2,44,11,57,28,54,60,79,221,70,2,72,293
12/02/2011,PNS,FL,ASO,ES,Towers with Radar,28,52,29,42,151,0,5,24,25,54,28,57,53,67,205,38,0,38,243
12/03/2011,PNS,FL,ASO,ES,Towers with Radar,23,33,13,15,84,0,0,59,49,108,23,33,72,64,192,124,8,132,324
12/04/2011,PNS,FL,ASO,ES,Towers with Radar,24,43,28,34,129,0,0,46,26,72,24,43,74,60,201,118,0,118,319
12/05/2011,PNS,FL,ASO,ES,Towers with Radar,27,52,12,51,142,0,0,21,1,22,27,52,33,52,164,98,2,100,264
12/06/2011,PNS,FL,ASO,ES,Towers with Radar,30,46,31,28,135,0,0,12,0,12,30,46,43,28,147,16,0,16,163
12/07/2011,PNS,FL,ASO,ES,Towers with Radar,25,54,33,14,126,0,5,22,2,29,25,59,55,16,155,50,0,50,205
12/08/2011,PNS,FL,ASO,ES,Towers with Radar,28,50,18,67,163,0,3,43,13,59,28,53,61,80,222,166,20,186,408
12/09/2011,PNS,FL,ASO,ES,Towers with Radar,30,58,21,71,180,0,3,45,16,64,30,61,66,87,244,144,6,150,394
12/10/2011,PNS,FL,ASO,ES,Towers with Radar,23,36,14,30,103,0,0,45,27,72,23,36,59,57,175,148,2,150,325
12/11/2011,PNS,FL,ASO,ES,Towers with Radar,22,40,15,40,117,0,2,27,16,45,22,42,42,56,162,132,0,132,294
12/12/2011,PNS,FL,ASO,ES,Towers with Radar,27,52,14,68,161,0,0,11,2,13,27,52,25,70,174,94,0,94,268
12/13/2011,PNS,FL,ASO,ES,Towers with Radar,28,53,25,61,167,0,2,26,8,36,28,55,51,69,203,244,22,266,469
12/14/2011,PNS,FL,ASO,ES,Towers with Radar,28,53,20,77,178,0,1,25,6,32,28,54,45,83,210,152,0,152,362
12/15/2011,PNS,FL,ASO,ES,Towers with Radar,28,60,32,56,176,0,0,23,4,27,28,60,55,60,203,108,8,116,319
12/16/2011,PNS,FL,ASO,ES,Towers with Radar,29,60,24,26,139,0,4,35,12,51,29,64,59,38,190,118,0,118,308
12/17/2011,PNS,FL,ASO,ES,Towers with Radar,25,41,21,44,131,0,2,38,24,64,25,43,59,68,195,54,4,58,253
12/18/2011,PNS,FL,ASO,ES,Towers with Radar,23,48,24,20,115,0,4,55,15,74,23,52,79,35,189,34,0,34,223
12/19/2011,PNS,FL,ASO,ES,Towers with Radar,29,60,23,42,154,0,3,24,9,36,29,63,47,51,190,54,0,54,244
12/20/2011,PNS,FL,ASO,ES,Towers with Radar,36,61,15,30,142,0,0,4,0,4,36,61,19,30,146,0,0,0,146
12/21/2011,PNS,FL,ASO,ES,Towers with Radar,30,49,11,31,121,0,0,10,2,12,30,49,21,33,133,0,0,0,133
12/22/2011,PNS,FL,ASO,ES,Towers with Radar,32,59,18,2,111,0,1,3,0,4,32,60,21,2,115,0,0,0,115
12/23/2011,PNS,FL,ASO,ES,Towers with Radar,30,63,18,16,127,0,0,9,0,9,30,63,27,16,136,12,0,12,148
12/24/2011,PNS,FL,ASO,ES,Towers with Radar,24,35,10,0,69,0,1,18,0,19,24,36,28,0,88,6,0,6,94
12/25/2011,PNS,FL,ASO,ES,Towers with Radar,22,38,4,0,64,0,0,0,0,0,22,38,4,0,64,0,0,0,64
12/26/2011,PNS,FL,ASO,ES,Towers with Radar,28,58,17,0,103,0,1,3,0,4,28,59,20,0,107,0,0,0,107
12/27/2011,PNS,FL,ASO,ES,Towers with Radar,30,58,20,30,138,0,1,31,3,35,30,59,51,33,173,78,10,88,261
12/28/2011,PNS,FL,ASO,ES,Towers with Radar,30,69,15,36,150,0,0,45,10,55,30,69,60,46,205,78,18,96,301
12/29/2011,PNS,FL,ASO,ES,Towers with Radar,29,60,36,49,174,0,1,33,13,47,29,61,69,62,221,78,14,92,313
12/30/2011,PNS,FL,ASO,ES,Towers with Radar,29,62,16,37,144,0,1,34,2,37,29,63,50,39,181,70,12,82,263
12/31/2011,PNS,FL,ASO,ES,Towers with Radar,29,35,17,0,81,0,0,23,0,23,29,35,40,0,104,44,0,44,148
01/01/2012,PNS,FL,ASO,ES,Towers with Radar,18,41,13,0,72,0,0,14,0,14,18,41,27,0,86,14,0,14,100
01/02/2012,PNS,FL,ASO,ES,Towers with Radar,28,53,15,0,96,0,0,18,0,18,28,53,33,0,114,14,0,14,128
01/03/2012,PNS,FL,ASO,ES,Towers with Radar,29,51,22,6,108,0,1,42,1,44,29,52,64,7,152,62,0,62,214
01/04/2012,PNS,FL,ASO,ES,Towers with Radar,27,53,13,65,158,0,2,52,6,60,27,55,65,71,218,102,10,112,330
01/05/2012,PNS,FL,ASO,ES,Towers with Radar,27,52,26,44,149,0,2,40,11,53,27,54,66,55,202,126,18,144,346
01/06/2012,PNS,FL,ASO,ES,Towers with Radar,27,55,24,55,161,0,0,30,11,41,27,55,54,66,202,106,54,160,362
01/07/2012,PNS,FL,ASO,ES,Towers with Radar,19,41,2,32,94,0,0,26,14,40,19,41,28,46,134,78,28,106,240
01/08/2012,PNS,FL,ASO,ES,Towers with Radar,23,40,6,62,131,0,0,29,16,45,23,40,35,78,176,66,0,66,242
01/09/2012,PNS,FL,ASO,ES,Towers with Radar,27,49,9,55,140,0,2,20,7,29,27,51,29,62,169,76,0,76,245
01/10/2012,PNS,FL,ASO,ES,Towers with Radar,26,50,21,1,98,0,0,0,1,1,26,50,21,2,99,0,0,0,99
01/11/2012,PNS,FL,ASO,ES,Towers with Radar,27,52,20,56,155,0,2,28,9,39,27,54,48,65,194,90,20,110,304
01/12/2012,PNS,FL,ASO,ES,Towers with Radar,27,50,17,31,125,0,0,33,10,43,27,50,50,41,168,118,8,126,294
01/13/2012,PNS,FL,ASO,ES,Towers with Radar,27,51,29,49,156,0,2,61,24,87,27,53,90,73,243,152,0,152,395
01/14/2012,PNS,FL,ASO,ES,Towers with Radar,22,37,19,12,90,0,2,50,42,94,22,39,69,54,184,180,54,234,418
01/15/2012,PNS,FL,ASO,ES,Towers with Radar,19,44,20,23,106,0,0,52,31,83,19,44,72,54,189,88,8,96,285
01/16/2012,PNS,FL,ASO,ES,Towers with Radar,25,54,18,6,103,0,0,38,0,38,25,54,56,6,141,110,0,110,251
01/17/2012,PNS,FL,ASO,ES,Towers with Radar,28,54,18,72,172,0,0,25,7,32,28,54,43,79,204,68,10,78,282
01/18/2012,PNS,FL,ASO,ES,Towers with Radar,27,50,18,49,144,0,2,29,5,36,27,52,47,54,180,74,16,90,270
01/19/2012,PNS,FL,ASO,ES,Towers with Radar,26,51,38,36,151,0,3,33,18,54,26,54,71,54,205,82,22,104,309
01/20/2012,PNS,FL,ASO,ES,Towers with Radar,27,53,28,44,152,0,1,23,5,29,27,54,51,49,181,88,0,88,269
01/21/2012,PNS,FL,ASO,ES,Towers with Radar,26,36,22,26,110,0,0,21,7,28,26,36,43,33,138,120,18,138,276
01/22/2012,PNS,FL,ASO,ES,Towers with Radar,23,43,19,11,96,0,0,1,0,1,23,43,20,11,97,0,0,0,97
01/23/2012,PNS,FL,ASO,ES,Towers with Radar,26,46,21,39,132,0,0,1,6,7,26,46,22,45,139,80,24,104,243
01/24/2012,PNS,FL,ASO,ES,Towers with Radar,28,46,33,54,161,0,0,35,12,47,28,46,68,66,208,22,40,62,270
01/25/2012,PNS,FL,ASO,ES,Towers with Radar,27,49,28,58,162,0,1,35,7,43,27,50,63,65,205,76,10,86,291
01/26/2012,PNS,FL,ASO,ES,Towers with Radar,27,52,27,7,113,0,0,1,0,1,27,52,28,7,114,0,0,0,114
01/27/2012,PNS,FL,ASO,ES,Towers with Radar,28,56,36,19,139,0,0,77,34,111,28,56,113,53,250,170,18,188,438
01/28/2012,PNS,FL,ASO,ES,Towers with Radar,23,36,21,28,108,0,5,80,48,133,23,41,101,76,241,210,14,224,465
01/29/2012,PNS,FL,ASO,ES,Towers with Radar,23,41,31,25,120,0,3,64,25,92,23,44,95,50,212,194,2,196,408
01/30/2012,PNS,FL,ASO,ES,Towers with Radar,27,55,35,23,140,0,2,39,8,49,27,57,74,31,189,112,0,112,301
01/31/2012,PNS,FL,ASO,ES,Towers with Radar,28,46,44,43,161,0,0,24,9,33,28,46,68,52,194,168,30,198,392
02/01/2012,PNS,FL,ASO,ES,Towers with Radar,27,49,17,42,135,0,0,12,1,13,27,49,29,43,148,64,0,64,212
02/02/2012,PNS,FL,ASO,ES,Towers with Radar,29,54,28,64,175,0,1,28,7,36,29,55,56,71,211,116,18,134,345
02/03/2012,PNS,FL,ASO,ES,Towers with Radar,27,52,39,57,175,0,0,45,11,56,27,52,84,68,231,134,16,150,381
02/04/2012,PNS,FL,ASO,ES,Towers with Radar,22,38,3,25,88,0,1,2,4,7,22,39,5,29,95,4,0,4,99
02/05/2012,PNS,FL,ASO,ES,Towers with Radar,23,37,22,25,107,0,1,12,6,19,23,38,34,31,126,100,0,100,226
02/06/2012,PNS,FL,ASO,ES,Towers with Radar,27,50,19,40,136,0,2,45,22,69,27,52,64,62,205,154,52,206,411
02/07/2012,PNS,FL,ASO,ES,Towers with Radar,28,53,20,46,147,0,2,38,9,49,28,55,58,55,196,72,26,98,294
02/08/2012,PNS,FL,ASO,ES,Towers with Radar,27,50,21,33,131,0,1,56,4,61,27,51,77,37,192,194,0,194,386
02/09/2012,PNS,FL,ASO,ES,Towers with Radar,27,55,29,29,140,0,1,38,7,46,27,56,67,36,186,122,0,122,308
02/10/2012,PNS,FL,ASO,ES,Towers with Radar,27,58,24,46,155,0,2,35,23,60,27,60,59,69,215,94,28,122,337
02/11/2012,PNS,FL,ASO,ES,Towers with Radar,21,37,14,30,102,0,3,26,25,54,21,40,40,55,156,64,24,88,244
02/12/2012,PNS,FL,ASO,ES,Towers with Radar,23,40,16,29,108,0,3,39,12,54,23,43,55,41,162,88,0,88,250
02/13/2012,PNS,FL,ASO,ES,Towers with Radar,27,48,21,37,133,0,3,47,12,62,27,51,68,49,195,168,28,196,391
02/14/2012,PNS,FL,ASO,ES,Towers with Radar,27,48,24,14,113,0,0,17,0,17,27,48,41,14,130,50,0,50,180
02/15/2012,PNS,FL,ASO,ES,Towers with Radar,25,47,38,16,126,0,0,18,0,18,25,47,56,16,144,46,0,46,190
02/16/2012,PNS,FL,ASO,ES,Towers with Radar,28,55,33,14,130,0,0,12,0,12,28,55,45,14,142,18,0,18,160
02/17/2012,PNS,FL,ASO,ES,Towers with Radar,27,56,28,18,129,0,0,35,13,48,27,56,63,31,177,62,4,66,243
02/18/2012,PNS,FL,ASO,ES,Towers with Radar,21,38,4,7,70,0,0,0,1,1,21,38,4,8,71,0,0,0,71
02/19/2012,PNS,FL,ASO,ES,Towers with Radar,23,42,12,21,98,0,0,35,9,44,23,42,47,30,142,92,6,98,240
02/20/2012,PNS,FL,ASO,ES,Towers with Radar,25,51,43,9,128,0,0,73,2,75,25,51,116,11,203,120,16,136,339
02/21/2012,PNS,FL,ASO,ES,Towers with Radar,27,53,28,16,124,0,2,39,18,59,27,55,67,34,183,126,10,136,319
02/22/2012,PNS,FL,ASO,ES,Towers with Radar,27,58,36,15,136,0,0,21,1,22,27,58,57,16,158,114,0,114,272
02/23/2012,PNS,FL,ASO,ES,Towers with Radar,29,57,28,13,127,0,0,0,0,0,29,57,28,13,127,4,0,4,131
02/24/2012,PNS,FL,ASO,ES,Towers with Radar,28,62,28,13,131,0,0,12,16,28,28,62,40,29,159,4,0,4,163
02/25/2012,PNS,FL,ASO,ES,Towers with Radar,22,37,26,14,99,0,3,80,40,123,22,40,106,54,222,240,12,252,474
02/26/2012,PNS,FL,ASO,ES,Towers with Radar,23,43,28,25,119,0,1,51,12,64,23,44,79,37,183,192,0,192,375
02/27/2012,PNS,FL,ASO,ES,Towers with Radar,27,53,17,12,109,0,0,0,0,0,27,53,17,12,109,0,0,0,109
02/28/2012,PNS,FL,ASO,ES,Towers with Radar,27,46,20,11,104,0,0,0,0,0,27,46,20,11,104,20,0,20,124
02/29/2012,PNS,FL,ASO,ES,Towers with Radar,26,53,23,59,161,0,0,3,0,3,26,53,26,59,164,0,0,0,164
03/01/2012,PNS,FL,ASO,ES,Towers with Radar,27,61,27,65,180,0,0,21,2,23,27,61,48,67,203,88,0,88,291
03/02/2012,PNS,FL,ASO,ES,Towers with Radar,32,53,23,46,154,0,0,12,6,18,32,53,35,52,172,38,10,48,220
03/03/2012,PNS,FL,ASO,ES,Towers with Radar,25,37,4,5,71,0,0,2,3,5,25,37,6,8,76,0,0,0,76
03/04/2012,PNS,FL,ASO,ES,Towers with Radar,27,37,23,23,110,0,0,33,33,66,27,37,56,56,176,112,16,128,304
03/05/2012,PNS,FL,ASO,ES,Towers with Radar,29,52,21,35,137,0,1,48,15,64,29,53,69,50,201,170,18,188,389
03/06/2012,PNS,FL,ASO,ES,Towers with Radar,28,52,42,82,204,0,1,55,14,70,28,53,97,96,274,166,0,166,440
03/07/2012,PNS,FL,ASO,ES,Towers with Radar,29,59,22,81,191,0,1,41,6,48,29,60,63,87,239,62,0,62,301
03/08/2012,PNS,FL,ASO,ES,Towers with Radar,29,61,35,93,218,0,1,0,3,4,29,62,35,96,222,4,10,14,236
03/09/2012,PNS,FL,ASO,ES,Towers with Radar,30,57,17,79,183,0,0,4,1,5,30,57,21,80,188,102,4,106,294
03/10/2012,PNS,FL,ASO,ES,Towers with Radar,26,38,15,34,113,0,3,27,41,71,26,41,42,75,184,60,68,128,312
03/11/2012,PNS,FL,ASO,ES,Towers with Radar,27,35,24,39,125,0,1,10,3,14,27,36,34,42,139,70,10,80,219
03/12/2012,PNS,FL,ASO,ES,Towers with Radar,29,58,28,5,120,0,0,7,0,7,29,58,35,5,127,0,0,0,127
03/13/2012,PNS,FL,ASO,ES,Towers with Radar,28,56,26,66,176,0,1,13,2,16,28,57,39,68,192,32,0,32,224
03/14/2012,PNS,FL,ASO,ES,Towers with Radar,29,58,37,56,180,0,0,24,13,37,29,58,61,69,217,108,0,108,325
03/15/2012,PNS,FL,ASO,ES,Towers with Radar,32,57,34,78,201,0,0,42,10,52,32,57,76,88,253,122,0,122,375
03/16/2012,PNS,FL,ASO,ES,Towers with Radar,29,56,43,83,211,0,1,36,10,47,29,57,79,93,258,40,10,50,308
03/17/2012,PNS,FL,ASO,ES,Towers with Radar,29,37,30,48,144,0,0,16,30,46,29,37,46,78,190,30,20,50,240
03/18/2012,PNS,FL,ASO,ES,Towers with Radar,29,39,35,35,138,0,0,26,15,41,29,39,61,50,179,58,12,70,249
03/19/2012,PNS,FL,ASO,ES,Towers with Radar,29,53,24,69,175,0,3,20,12,35,29,56,44,81,210,28,0,28,238
03/20/2012,PNS,FL,ASO,ES,Towers with Radar,28,58,30,79,195,0,2,33,3,38,28,60,63,82,233,56,0,56,289
03/21/2012,PNS,FL,ASO,ES,Towers with Radar,27,56,17,64,164,0,0,21,3,24,27,56,38,67,188,98,0,98,286
03/22/2012,PNS,FL,ASO,ES,Towers with Radar,30,56,18,51,155,0,0,0,2,2,30,56,18,53,157,0,0,0,157
03/23/2012,PNS,FL,ASO,ES,Towers with Radar,29,59,17,20,125,0,0,4,11,15,29,59,21,31,140,0,20,20,160
03/24/2012,PNS,FL,ASO,ES,Towers with Radar,27,36,11,29,103,0,2,57,19,78,27,38,68,48,181,86,4,90,271
03/25/2012,PNS,FL,ASO,ES,Towers with Radar,26,44,33,28,131,0,1,67,16,84,26,45,100,44,215,114,18,132,347
03/26/2012,PNS,FL,ASO,ES,Towers with Radar,30,62,39,55,186,0,0,56,10,66,30,62,95,65,252,228,0,228,480
03/27/2012,PNS,FL,ASO,ES,Towers with Radar,27,63,36,102,228,0,1,47,6,54,27,64,83,108,282,118,16,134,416
03/28/2012,PNS,FL,ASO,ES,Towers with Radar,29,64,37,50,180,0,1,34,10,45,29,65,71,60,225,208,28,236,461
03/29/2012,PNS,FL,ASO,ES,Towers with Radar,31,59,38,66,194,0,2,36,8,46,31,61,74,74,240,114,6,120,360
03/30/2012,PNS,FL,ASO,ES,Towers with Radar,28,60,38,14,140,0,3,23,8,34,28,63,61,22,174,86,0,86,260
03/31/2012,PNS,FL,ASO,ES,Towers with Radar,25,44,13,29,111,0,2,26,15,43,25,46,39,44,154,82,16,98,252
04/01/2012,PNS,FL,ASO,ES,Towers with Radar,27,43,32,14,116,0,2,29,10,41,27,45,61,24,157,160,0,160,317
04/02/2012,PNS,FL,ASO,ES,Towers with Radar,26,59,18,57,160,0,0,50,3,53,26,59,68,60,213,176,0,176,389
04/03/2012,PNS,FL,ASO,ES,Towers with Radar,28,53,23,51,155,0,0,27,0,27,28,53,50,51,182,144,20,164,346
04/04/2012,PNS,FL,ASO,ES,Towers with Radar,27,64,27,25,143,0,1,25,1,27,27,65,52,26,170,76,0,76,246
04/05/2012,PNS,FL,ASO,ES,Towers with Radar,29,72,24,23,148,0,1,14,1,16,29,73,38,24,164,120,0,120,284
04/06/2012,PNS,FL,ASO,ES,Towers with Radar,30,72,30,32,164,0,0,53,10,63,30,72,83,42,227,124,0,124,351
04/07/2012,PNS,FL,ASO,ES,Towers with Radar,26,45,12,7,90,0,0,36,13,49,26,45,48,20,139,170,0,170,309
04/08/2012,PNS,FL,ASO,ES,Towers with Radar,29,50,20,10,109,0,0,36,4,40,29,50,56,14,149,58,14,72,221
04/09/2012,PNS,FL,ASO,ES,Towers with Radar,28,66,20,68,182,0,0,47,19,66,28,66,67,87,248,100,16,116,364
04/10/2012,PNS,FL,ASO,ES,Towers with Radar,27,66,30,29,152,0,1,37,15,53,27,67,67,44,205,152,16,168,373
04/11/2012,PNS,FL,ASO,ES,Towers with Radar,29,70,41,38,178,0,0,48,11,59,29,70,89,49,237,52,6,58,295
04/12/2012,PNS,FL,ASO,ES,Towers with Radar,28,63,25,61,177,0,1,35,10,46,28,64,60,71,223,110,6,116,339
04/13/2012,PNS,FL,ASO,ES,Towers with Radar,28,74,27,59,188,0,0,46,17,63,28,74,73,76,251,44,0,44,295
04/14/2012,PNS,FL,ASO,ES,Towers with Radar,21,47,29,52,149,0,7,38,21,66,21,54,67,73,215,116,0,116,331
04/15/2012,PNS,FL,ASO,ES,Towers with Radar,25,44,21,48,138,0,0,14,6,20,25,44,35,54,158,74,0,74,232
04/16/2012,PNS,FL,ASO,ES,Towers with Radar,29,62,25,63,179,0,3,51,8,62,29,65,76,71,241,152,26,178,419
04/17/2012,PNS,FL,ASO,ES,Towers with Radar,27,65,26,52,170,0,0,22,4,26,27,65,48,56,196,178,12,190,386
04/18/2012,PNS,FL,ASO,ES,Towers with Radar,28,66,23,71,188,0,2,32,1,35,28,68,55,72,223,78,0,78,301
04/19/2012,PNS,FL,ASO,ES,Towers with Radar,30,72,34,35,171,0,2,40,9,51,30,74,74,44,222,214,0,214,436
04/20/2012,PNS,FL,ASO,ES,Towers with Radar,29,61,33,60,183,0,0,26,14,40,29,61,59,74,223,134,20,154,377
04/21/2012,PNS,FL,ASO,ES,Towers with Radar,21,49,15,15,100,0,1,15,4,20,21,50,30,19,120,64,12,76,196
04/22/2012,PNS,FL,ASO,ES,Towers with Radar,23,47,17,36,123,0,1,14,32,47,23,48,31,68,170,12,12,24,194
04/23/2012,PNS,FL,ASO,ES,Towers with Radar,28,65,27,38,158,0,2,16,2,20,28,67,43,40,178,42,0,42,220
04/24/2012,PNS,FL,ASO,ES,Towers with Radar,27,62,32,45,166,0,0,25,6,31,27,62,57,51,197,72,14,86,283
04/25/2012,PNS,FL,ASO,ES,Towers with Radar,24,62,39,60,185,0,1,19,3,23,24,63,58,63,208,40,0,40,248
04/26/2012,PNS,FL,ASO,ES,Towers with Radar,27,67,34,47,175,0,0,35,5,40,27,67,69,52,215,72,2,74,289
04/27/2012,PNS,FL,ASO,ES,Towers with Radar,30,63,38,46,177,0,0,41,11,52,30,63,79,57,229,126,16,142,371
04/28/2012,PNS,FL,ASO,ES,Towers with Radar,22,48,19,24,113,0,3,40,25,68,22,51,59,49,181,80,0,80,261
04/29/2012,PNS,FL,ASO,ES,Towers with Radar,25,51,33,36,145,0,4,32,15,51,25,55,65,51,196,58,4,62,258
04/30/2012,PNS,FL,ASO,ES,Towers with Radar,31,63,31,80,205,0,2,26,11,39,31,65,57,91,244,64,0,64,308
05/01/2012,PNS,FL,ASO,ES,Towers with Radar,30,68,38,51,187,0,0,28,5,33,30,68,66,56,220,32,16,48,268
05/02/2012,PNS,FL,ASO,ES,Towers with Radar,29,65,36,21,151,0,0,3,4,7,29,65,39,25,158,0,0,0,158
05/03/2012,PNS,FL,ASO,ES,Towers with Radar,30,64,23,63,180,0,4,8,4,16,30,68,31,67,196,6,8,14,210
05/04/2012,PNS,FL,ASO,ES,Towers with Radar,30,65,32,49,176,0,0,6,6,12,30,65,38,55,188,12,2,14,202
05/05/2012,PNS,FL,ASO,ES,Towers with Radar,25,48,20,26,119,0,0,20,14,34,25,48,40,40,153,30,0,30,183
05/06/2012,PNS,FL,ASO,ES,Towers with Radar,25,46,10,2,83,0,3,26,10,39,25,49,36,12,122,42,0,42,164
05/07/2012,PNS,FL,ASO,ES,Towers with Radar,29,65,17,70,181,0,0,25,15,40,29,65,42,85,221,32,24,56,277
05/08/2012,PNS,FL,ASO,ES,Towers with Radar,29,59,21,65,174,0,5,20,3,28,29,64,41,68,202,20,0,20,222
05/09/2012,PNS,FL,ASO,ES,Towers with Radar,29,65,28,57,179,0,4,18,5,27,29,69,46,62,206,22,0,22,228
05/10/2012,PNS,FL,ASO,ES,Towers with Radar,28,69,23,27,147,0,2,27,1,30,28,71,50,28,177,30,0,30,207
05/11/2012,PNS,FL,ASO,ES,Towers with Radar,29,68,47,45,189,0,4,32,21,57,29,72,79,66,246,72,0,72,318
05/12/2012,PNS,FL,ASO,ES,Towers with Radar,25,45,28,23,121,0,0,13,17,30,25,45,41,40,151,36,0,36,187
05/13/2012,PNS,FL,ASO,ES,Towers with Radar,27,50,29,38,144,0,2,19,17,38,27,52,48,55,182,30,0,30,212
05/14/2012,PNS,FL,ASO,ES,Towers with Radar,28,67,29,44,168,0,0,21,6,27,28,67,50,50,195,90,10,100,295
05/15/2012,PNS,FL,ASO,ES,Towers with Radar,29,70,32,39,170,0,1,19,9,29,29,71,51,48,199,30,8,38,237
05/16/2012,PNS,FL,ASO,ES,Towers with Radar,29,70,24,53,176,0,9,32,2,43,29,79,56,55,219,54,0,54,273
05/17/2012,PNS,FL,ASO,ES,Towers with Radar,30,74,26,60,190,0,7,35,9,51,30,81,61,69,241,64,12,76,317
05/18/2012,PNS,FL,ASO,ES,Towers with Radar,30,70,27,104,231,0,7,46,15,68,30,77,73,119,299,62,18,80,379
05/19/2012,PNS,FL,ASO,ES,Towers with Radar,26,44,16,19,105,0,0,35,17,52,26,44,51,36,157,66,0,66,223
05/20/2012,PNS,FL,ASO,ES,Towers with Radar,23,51,19,58,151,0,1,29,14,44,23,52,48,72,195,28,0,28,223
05/21/2012,PNS,FL,ASO,ES,Towers with Radar,27,65,25,45,162,0,0,25,4,29,27,65,50,49,191,12,0,12,203
05/22/2012,PNS,FL,ASO,ES,Towers with Radar,29,67,27,59,182,0,0,40,3,43,29,67,67,62,225,46,0,46,271
05/23/2012,PNS,FL,ASO,ES,Towers with Radar,30,63,25,62,180,0,3,19,9,31,30,66,44,71,211,48,0,48,259
05/24/2012,PNS,FL,ASO,ES,Towers with Radar,31,63,35,30,159,0,3,33,3,39,31,66,68,33,198,74,0,74,272
05/25/2012,PNS,FL,ASO,ES,Towers with Radar,30,68,34,16,148,0,0,31,9,40,30,68,65,25,188,56,0,56,244
05/26/2012,PNS,FL,ASO,ES,Towers with Radar,25,46,20,13,104,0,0,28,8,36,25,46,48,21,140,50,28,78,218
05/27/2012,PNS,FL,ASO,ES,Towers with Radar,26,44,15,14,99,0,0,27,9,36,26,44,42,23,135,36,8,44,179
05/28/2012,PNS,FL,ASO,ES,Towers with Radar,28,60,15,1,104,0,0,22,3,25,28,60,37,4,129,16,24,40,169
05/29/2012,PNS,FL,ASO,ES,Towers with Radar,28,70,24,38,160,0,2,21,21,44,28,72,45,59,204,8,0,8,212
05/30/2012,PNS,FL,ASO,ES,Towers with Radar,32,64,18,51,165,0,1,35,17,53,32,65,53,68,218,70,4,74,292
05/31/2012,PNS,FL,ASO,ES,Towers with Radar,29,68,19,78,194,0,5,23,12,40,29,73,42,90,234,32,0,32,266
06/01/2012,PNS,FL,ASO,ES,Towers with Radar,28,63,25,38,154,0,0,18,20,38,28,63,43,58,192,38,0,38,230
06/02/2012,PNS,FL,ASO,ES,Towers with Radar,25,45,20,39,129,0,1,33,25,59,25,46,53,64,188,50,6,56,244
06/03/2012,PNS,FL,ASO,ES,Towers with Radar,25,47,29,33,134,0,5,38,12,55,25,52,67,45,189,68,16,84,273
06/04/2012,PNS,FL,ASO,ES,Towers with Radar,29,68,20,55,172,0,2,26,9,37,29,70,46,64,209,68,0,68,277
06/05/2012,PNS,FL,ASO,ES,Towers with Radar,29,62,35,45,171,0,0,29,3,32,29,62,64,48,203,56,0,56,259
06/06/2012,PNS,FL,ASO,ES,Towers with Radar,30,58,29,43,160,0,1,17,4,22,30,59,46,47,182,66,0,66,248
06/07/2012,PNS,FL,ASO,ES,Towers with Radar,29,64,24,22,139,0,0,12,1,13,29,64,36,23,152,32,0,32,184
06/08/2012,PNS,FL,ASO,ES,Towers with Radar,29,65,38,50,182,0,1,15,9,25,29,66,53,59,207,68,0,68,275
06/09/2012,PNS,FL,ASO,ES,Towers with Radar,26,44,8,4,82,0,0,0,4,4,26,44,8,8,86,0,0,0,86
06/10/2012,PNS,FL,ASO,ES,Towers with Radar,22,50,11,23,106,0,0,1,4,5,22,50,12,27,111,0,0,0,111
06/11/2012,PNS,FL,ASO,ES,Towers with Radar,29,64,15,12,120,0,0,21,5,26,29,64,36,17,146,36,0,36,182
06/12/2012,PNS,FL,ASO,ES,Towers with Radar,29,57,25,42,153,0,1,18,12,31,29,58,43,54,184,130,6,136,320
06/13/2012,PNS,FL,ASO,ES,Towers with Radar,25,64,41,70,200,0,1,21,15,37,25,65,62,85,237,50,20,70,307
06/14/2012,PNS,FL,ASO,ES,Towers with Radar,28,69,35,49,181,0,10,28,9,47,28,79,63,58,228,78,0,78,306
06/15/2012,PNS,FL,ASO,ES,Towers with Radar,28,65,30,50,173,0,0,17,17,34,28,65,47,67,207,34,26,60,267
06/16/2012,PNS,FL,ASO,ES,Towers with Radar,26,46,24,37,133,0,8,47,16,71,26,54,71,53,204,88,0,88,292
06/17/2012,PNS,FL,ASO,ES,Towers with Radar,26,48,17,41,132,0,1,44,20,65,26,49,61,61,197,58,0,58,255
06/18/2012,PNS,FL,ASO,ES,Towers with Radar,28,66,21,63,178,0,0,39,9,48,28,66,60,72,226,60,2,62,288
06/19/2012,PNS,FL,ASO,ES,Towers with Radar,30,67,34,36,167,0,1,33,10,44,30,68,67,46,211,52,0,52,263
06/20/2012,PNS,FL,ASO,ES,Towers with Radar,29,71,33,103,236,0,0,26,8,34,29,71,59,111,270,138,8,146,416
06/21/2012,PNS,FL,ASO,ES,Towers with Radar,29,68,30,30,157,0,3,31,9,43,29,71,61,39,200,56,0,56,256
06/22/2012,PNS,FL,ASO,ES,Towers with Radar,30,65,24,47,166,0,1,26,21,48,30,66,50,68,214,18,4,22,236
06/23/2012,PNS,FL,ASO,ES,Towers with Radar,26,45,19,26,116,0,1,35,23,59,26,46,54,49,175,16,28,44,219
06/24/2012,PNS,FL,ASO,ES,Towers with Radar,27,47,29,8,111,0,1,8,9,18,27,48,37,17,129,72,6,78,207
06/25/2012,PNS,FL,ASO,ES,Towers with Radar,28,65,14,30,137,0,2,15,13,30,28,67,29,43,167,0,0,0,167
06/26/2012,PNS,FL,ASO,ES,Towers with Radar,30,63,8,44,145,0,3,23,7,33,30,66,31,51,178,44,0,44,222
06/27/2012,PNS,FL,ASO,ES,Towers with Radar,30,68,22,50,170,0,2,33,13,48,30,70,55,63,218,100,0,100,318
06/28/2012,PNS,FL,ASO,ES,Towers with Radar,29,67,25,38,159,0,1,49,12,62,29,68,74,50,221,60,8,68,289
06/29/2012,PNS,FL,ASO,ES,Towers with Radar,27,63,23,28,141,0,4,41,5,50,27,67,64,33,191,172,0,172,363
06/30/2012,PNS,FL,ASO,ES,Towers with Radar,26,47,25,2,100,0,0,42,5,47,26,47,67,7,147,74,0,74,221
07/01/2012,PNS,FL,ASO,ES,Towers with Radar,25,45,24,24,118,0,0,32,8,40,25,45,56,32,158,86,0,86,244
07/02/2012,PNS,FL,ASO,ES,Towers with Radar,29,61,23,14,127,0,1,31,5,37,29,62,54,19,164,152,0,152,316
07/03/2012,PNS,FL,ASO,ES,Towers with Radar,24,62,28,17,131,0,0,33,5,38,24,62,61,22,169,54,0,54,223
07/04/2012,PNS,FL,ASO,ES,Towers with Radar,23,55,15,0,93,0,0,24,0,24,23,55,39,0,117,44,0,44,161
07/05/2012,PNS,FL,ASO,ES,Towers with Radar,25,59,19,13,116,0,3,39,5,47,25,62,58,18,163,32,0,32,195
07/06/2012,PNS,FL,ASO,ES,Towers with Radar,27,66,12,31,136,0,0,21,4,25,27,66,33,35,161,30,6,36,197
07/07/2012,PNS,FL,ASO,ES,Towers with Radar,26,46,30,12,114,0,6,45,5,56,26,52,75,17,170,122,0,122,292
07/08/2012,PNS,FL,ASO,ES,Towers with Radar,27,46,29,20,122,0,0,43,6,49,27,46,72,26,171,124,0,124,295
07/09/2012,PNS,FL,ASO,ES,Towers with Radar,27,58,22,42,149,0,1,35,10,46,27,59,57,52,195,152,0,152,347
07/10/2012,PNS,FL,ASO,ES,Towers with Radar,29,65,23,16,133,0,0,23,2,25,29,65,46,18,158,110,0,110,268
07/11/2012,PNS,FL,ASO,ES,Towers with Radar,27,70,23,77,197,0,1,33,13,47,27,71,56,90,244,180,12,192,436
07/12/2012,PNS,FL,ASO,ES,Towers with Radar,28,67,36,57,188,0,2,47,18,67,28,69,83,75,255,132,32,164,419
07/13/2012,PNS,FL,ASO,ES,Towers with Radar,27,67,28,57,179,2,1,40,21,64,29,68,68,78,243,26,2,28,271
07/14/2012,PNS,FL,ASO,ES,Towers with Radar,27,48,9,15,99,0,5,12,13,30,27,53,21,28,129,30,0,30,159
07/15/2012,PNS,FL,ASO,ES,Towers with Radar,31,48,47,50,176,0,1,69,14,84,31,49,116,64,260,126,0,126,386
07/16/2012,PNS,FL,ASO,ES,Towers with Radar,26,61,52,43,182,1,5,48,6,60,27,66,100,49,242,90,0,90,332
07/17/2012,PNS,FL,ASO,ES,Towers with Radar,30,68,43,29,170,0,1,49,3,53,30,69,92,32,223,146,0,146,369
07/18/2012,PNS,FL,ASO,ES,Towers with Radar,28,66,22,53,169,0,0,32,5,37,28,66,54,58,206,164,2,166,372
07/19/2012,PNS,FL,ASO,ES,Towers with Radar,28,60,21,36,145,0,3,18,2,23,28,63,39,38,168,178,0,178,346
07/20/2012,PNS,FL,ASO,ES,Towers with Radar,29,63,25,78,195,0,0,41,11,52,29,63,66,89,247,174,16,190,437
07/21/2012,PNS,FL,ASO,ES,Towers with Radar,26,51,23,28,128,0,1,30,22,53,26,52,53,50,181,180,6,186,367
07/22/2012,PNS,FL,ASO,ES,Towers with Radar,27,52,29,26,134,0,3,36,14,53,27,55,65,40,187,72,8,80,267
07/23/2012,PNS,FL,ASO,ES,Towers with Radar,30,63,15,58,166,0,0,36,5,41,30,63,51,63,207,108,0,108,315
07/24/2012,PNS,FL,ASO,ES,Towers with Radar,28,62,32,56,178,0,0,33,10,43,28,62,65,66,221,160,16,176,397
07/25/2012,PNS,FL,ASO,ES,Towers with Radar,31,66,19,43,159,0,2,36,1,39,31,68,55,44,198,128,0,128,326
07/26/2012,PNS,FL,ASO,ES,Towers with Radar,27,66,31,33,157,0,0,45,9,54,27,66,76,42,211,70,12,82,293
07/27/2012,PNS,FL,ASO,ES,Towers with Radar,28,64,32,92,216,0,1,36,15,52,28,65,68,107,268,155,0,155,423
07/28/2012,PNS,FL,ASO,ES,Towers with Radar,27,50,22,36,135,0,1,41,32,74,27,51,63,68,209,82,26,108,317
07/29/2012,PNS,FL,ASO,ES,Towers with Radar,26,47,34,45,152,1,2,42,19,64,27,49,76,64,216,114,0,114,330
07/30/2012,PNS,FL,ASO,ES,Towers with Radar,30,58,20,24,132,0,0,36,2,38,30,58,56,26,170,74,0,74,244
07/31/2012,PNS,FL,ASO,ES,Towers with Radar,28,68,27,23,146,0,0,14,3,17,28,68,41,26,163,72,20,92,255
08/01/2012,PNS,FL,ASO,ES,Towers with Radar,28,61,25,83,197,0,2,36,13,51,28,63,61,96,248,88,0,88,336
08/02/2012,PNS,FL,ASO,ES,Towers with Radar,28,62,29,36,155,0,2,24,2,28,28,64,53,38,183,64,0,64,247
08/03/2012,PNS,FL,ASO,ES,Towers with Radar,29,69,26,40,164,0,0,18,22,40,29,69,44,62,204,94,6,100,304
08/04/2012,PNS,FL,ASO,ES,Towers with Radar,26,51,12,19,108,0,5,38,26,69,26,56,50,45,177,72,0,72,249
08/05/2012,PNS,FL,ASO,ES,Towers with Radar,27,46,22,48,143,0,3,24,17,44,27,49,46,65,187,150,2,152,339
08/06/2012,PNS,FL,ASO,ES,Towers with Radar,26,60,29,41,156,0,0,43,5,48,26,60,72,46,204,74,12,86,290
08/07/2012,PNS,FL,ASO,ES,Towers with Radar,28,64,14,36,142,0,0,51,4,55,28,64,65,40,197,110,12,122,319
08/08/2012,PNS,FL,ASO,ES,Towers with Radar,28,62,21,48,159,0,4,42,12,58,28,66,63,60,217,156,28,184,401
08/09/2012,PNS,FL,ASO,ES,Towers with Radar,26,61,34,53,174,0,0,35,4,39,26,61,69,57,213,88,0,88,301
08/10/2012,PNS,FL,ASO,ES,Towers with Radar,27,55,26,29,137,0,1,21,15,37,27,56,47,44,174,22,0,22,196
08/11/2012,PNS,FL,ASO,ES,Towers with Radar,26,51,8,18,103,0,1,35,27,63,26,52,43,45,166,86,0,86,252
08/12/2012,PNS,FL,ASO,ES,Towers with Radar,26,44,30,39,139,0,0,40,19,59,26,44,70,58,198,156,2,158,356
08/13/2012,PNS,FL,ASO,ES,Towers with Radar,27,64,15,74,180,0,0,36,18,54,27,64,51,92,234,122,42,164,398
08/14/2012,PNS,FL,ASO,ES,Towers with Radar,28,59,22,32,141,0,0,20,9,29,28,59,42,41,170,212,0,212,382
08/15/2012,PNS,FL,ASO,ES,Towers with Radar,27,58,21,31,137,0,0,41,1,42,27,58,62,32,179,252,0,252,431
08/16/2012,PNS,FL,ASO,ES,Towers with Radar,26,59,23,34,142,0,0,29,1,30,26,59,52,35,172,102,0,102,274
08/17/2012,PNS,FL,ASO,ES,Towers with Radar,30,60,33,53,176,0,1,37,15,53,30,61,70,68,229,84,8,92,321
08/18/2012,PNS,FL,ASO,ES,Towers with Radar,24,42,11,61,138,0,1,34,31,66,24,43,45,92,204,112,4,116,320
08/19/2012,PNS,FL,ASO,ES,Towers with Radar,26,42,16,44,128,0,0,22,21,43,26,42,38,65,171,62,6,68,239
08/20/2012,PNS,FL,ASO,ES,Towers with Radar,27,58,23,48,156,0,0,19,4,23,27,58,42,52,179,42,6,48,227
08/21/2012,PNS,FL,ASO,ES,Towers with Radar,27,54,25,37,143,1,1,26,2,30,28,55,51,39,173,80,0,80,253
08/22/2012,PNS,FL,ASO,ES,Towers with Radar,27,57,32,40,156,0,4,73,3,80,27,61,105,43,236,146,0,146,382
08/23/2012,PNS,FL,ASO,ES,Towers with Radar,28,57,34,21,140,0,2,61,6,69,28,59,95,27,209,182,0,182,391
08/24/2012,PNS,FL,ASO,ES,Towers with Radar,29,57,26,44,156,0,0,55,20,75,29,57,81,64,231,140,28,168,399
08/25/2012,PNS,FL,ASO,ES,Towers with Radar,24,46,24,19,113,0,5,43,24,72,24,51,67,43,185,170,30,200,385
08/26/2012,PNS,FL,ASO,ES,Towers with Radar,25,39,25,25,114,0,0,53,26,79,25,39,78,51,193,88,0,88,281
08/27/2012,PNS,FL,ASO,ES,Towers with Radar,28,54,10,2,94,0,0,26,4,30,28,54,36,6,124,36,0,36,160
08/28/2012,PNS,FL,ASO,ES,Towers with Radar,0,0,0,0,0,0,0,0,0,0,0,0,0,0,0,0,0,0,0
08/29/2012,PNS,FL,ASO,ES,Towers with Radar,21,42,4,0,67,0,2,1,0,3,21,44,5,0,70,0,0,0,70
08/30/2012,PNS,FL,ASO,ES,Towers with Radar,27,53,13,2,95,0,0,8,1,9,27,53,21,3,104,0,0,0,104
08/31/2012,PNS,FL,ASO,ES,Towers with Radar,32,54,24,4,114,0,0,27,0,27,32,54,51,4,141,154,0,154,295
09/01/2012,PNS,FL,ASO,ES,Towers with Radar,27,39,16,0,82,0,0,33,0,33,27,39,49,0,115,32,0,32,147
09/02/2012,PNS,FL,ASO,ES,Towers with Radar,23,31,21,6,81,0,1,36,0,37,23,32,57,6,118,102,0,102,220
09/03/2012,PNS,FL,ASO,ES,Towers with Radar,28,46,29,2,105,0,10,31,0,41,28,56,60,2,146,66,0,66,212
09/04/2012,PNS,FL,ASO,ES,Towers with Radar,27,55,16,25,123,0,1,32,6,39,27,56,48,31,162,126,4,130,292
09/05/2012,PNS,FL,ASO,ES,Towers with Radar,28,65,30,83,206,0,5,24,5,34,28,70,54,88,240,120,0,120,360
09/06/2012,PNS,FL,ASO,ES,Towers with Radar,30,59,36,51,176,0,1,52,9,62,30,60,88,60,238,218,8,226,464
09/07/2012,PNS,FL,ASO,ES,Towers with Radar,30,55,31,58,174,0,5,68,23,96,30,60,99,81,270,188,20,208,478
09/08/2012,PNS,FL,ASO,ES,Towers with Radar,26,44,14,75,159,0,0,30,35,65,26,44,44,110,224,160,48,208,432
09/09/2012,PNS,FL,ASO,ES,Towers with Radar,25,44,16,19,104,0,1,49,30,80,25,45,65,49,184,194,6,200,384
09/10/2012,PNS,FL,ASO,ES,Towers with Radar,26,61,16,41,144,0,1,40,12,53,26,62,56,53,197,250,24,274,471
09/11/2012,PNS,FL,ASO,ES,Towers with Radar,28,60,35,48,171,0,4,54,12,70,28,64,89,60,241,180,2,182,423
09/12/2012,PNS,FL,ASO,ES,Towers with Radar,27,53,24,56,160,0,0,49,7,56,27,53,73,63,216,182,8,190,406
09/13/2012,PNS,FL,ASO,ES,Towers with Radar,30,59,23,37,149,0,0,44,10,54,30,59,67,47,203,210,22,232,435
09/14/2012,PNS,FL,ASO,ES,Towers with Radar,30,59,34,54,177,0,1,33,20,54,30,60,67,74,231,86,0,86,317
09/15/2012,PNS,FL,ASO,ES,Towers with Radar,26,39,14,20,99,0,1,50,21,72,26,40,64,41,171,170,0,170,341
09/16/2012,PNS,FL,ASO,ES,Towers with Radar,26,41,19,35,121,0,4,40,20,64,26,45,59,55,185,82,0,82,267
09/17/2012,PNS,FL,ASO,ES,Towers with Radar,27,53,13,12,105,0,0,15,1,16,27,53,28,13,121,90,12,102,223
09/18/2012,PNS,FL,ASO,ES,Towers with Radar,27,55,24,51,157,0,1,45,11,57,27,56,69,62,214,169,30,199,413
09/19/2012,PNS,FL,ASO,ES,Towers with Radar,28,57,31,28,144,0,6,50,10,66,28,63,81,38,210,192,0,192,402
09/20/2012,PNS,FL,ASO,ES,Towers with Radar,30,56,25,54,165,0,5,26,9,40,30,61,51,63,205,184,0,184,389
09/21/2012,PNS,FL,ASO,ES,Towers with Radar,30,55,32,30,147,0,0,42,15,57,30,55,74,45,204,158,32,190,394
09/22/2012,PNS,FL,ASO,ES,Towers with Radar,26,42,15,16,99,0,2,61,13,76,26,44,76,29,175,118,0,118,293
09/23/2012,PNS,FL,ASO,ES,Towers with Radar,27,44,28,17,116,0,2,26,12,40,27,46,54,29,156,86,14,100,256
09/24/2012,PNS,FL,ASO,ES,Towers with Radar,28,63,14,59,164,0,5,46,12,63,28,68,60,71,227,162,50,212,439
09/25/2012,PNS,FL,ASO,ES,Towers with Radar,28,54,32,55,169,0,4,63,10,77,28,58,95,65,246,176,0,176,422
09/26/2012,PNS,FL,ASO,ES,Towers with Radar,28,55,21,44,148,0,1,40,2,43,28,56,61,46,191,134,0,134,325
09/27/2012,PNS,FL,ASO,ES,Towers with Radar,30,60,17,41,148,0,7,51,9,67,30,67,68,50,215,216,14,230,445
09/28/2012,PNS,FL,ASO,ES,Towers with Radar,31,54,20,28,133,0,0,47,8,55,31,54,67,36,188,150,4,154,342
09/29/2012,PNS,FL,ASO,ES,Towers with Radar,26,41,12,16,95,0,0,31,2,33,26,41,43,18,128,220,0,220,348
09/30/2012,PNS,FL,ASO,ES,Towers with Radar,25,40,14,16,95,0,0,12,0,12,25,40,26,16,107,48,0,48,155
10/01/2012,PNS,FL,ASO,ES,Towers with Radar,27,50,13,55,145,0,1,36,3,40,27,51,49,58,185,176,0,176,361
10/02/2012,PNS,FL,ASO,ES,Towers with Radar,28,50,29,26,133,0,0,42,6,48,28,50,71,32,181,172,10,182,363
10/03/2012,PNS,FL,ASO,ES,Towers with Radar,27,53,27,39,146,0,2,41,9,52,27,55,68,48,198,158,0,158,356
10/04/2012,PNS,FL,ASO,ES,Towers with Radar,29,61,42,27,159,0,0,51,5,56,29,61,93,32,215,120,0,120,335
10/05/2012,PNS,FL,ASO,ES,Towers with Radar,28,62,25,24,139,0,1,34,7,42,28,63,59,31,181,148,2,150,331
10/06/2012,PNS,FL,ASO,ES,Towers with Radar,24,39,16,32,111,0,2,51,21,74,24,41,67,53,185,142,0,142,327
10/07/2012,PNS,FL,ASO,ES,Towers with Radar,25,43,13,26,107,0,0,19,7,26,25,43,32,33,133,110,0,110,243
10/08/2012,PNS,FL,ASO,ES,Towers with Radar,26,57,15,9,107,0,0,42,3,45,26,57,57,12,152,128,0,128,280
10/09/2012,PNS,FL,ASO,ES,Towers with Radar,28,60,32,36,156,0,0,37,10,47,28,60,69,46,203,164,0,164,367
10/10/2012,PNS,FL,ASO,ES,Towers with Radar,30,53,29,34,146,0,0,50,4,54,30,53,79,38,200,204,12,216,416
10/11/2012,PNS,FL,ASO,ES,Towers with Radar,28,54,23,21,126,0,1,71,11,83,28,55,94,32,209,190,0,190,399
10/12/2012,PNS,FL,ASO,ES,Towers with Radar,28,55,28,33,144,0,2,50,17,69,28,57,78,50,213,138,0,138,351
10/13/2012,PNS,FL,ASO,ES,Towers with Radar,24,44,22,26,116,0,8,52,15,75,24,52,74,41,191,126,2,128,319
10/14/2012,PNS,FL,ASO,ES,Towers with Radar,25,40,29,19,113,0,7,27,15,49,25,47,56,34,162,130,0,130,292
10/15/2012,PNS,FL,ASO,ES,Towers with Radar,27,56,18,45,146,0,2,40,1,43,27,58,58,46,189,96,0,96,285
10/16/2012,PNS,FL,ASO,ES,Towers with Radar,28,51,15,30,124,0,1,33,2,36,28,52,48,32,160,126,0,126,286
10/17/2012,PNS,FL,ASO,ES,Towers with Radar,28,53,22,30,133,0,3,51,16,70,28,56,73,46,203,178,28,206,409
10/18/2012,PNS,FL,ASO,ES,Towers with Radar,28,57,29,44,158,0,0,23,4,27,28,57,52,48,185,74,24,98,283
10/19/2012,PNS,FL,ASO,ES,Towers with Radar,28,51,30,37,146,0,1,49,16,66,28,52,79,53,212,154,20,174,386
10/20/2012,PNS,FL,ASO,ES,Towers with Radar,22,45,17,21,105,0,5,53,14,72,22,50,70,35,177,108,2,110,287
10/21/2012,PNS,FL,ASO,ES,Towers with Radar,25,40,23,26,114,0,0,41,11,52,25,40,64,37,166,108,0,108,274
10/22/2012,PNS,FL,ASO,ES,Towers with Radar,27,55,23,26,131,0,2,31,5,38,27,57,54,31,169,106,0,106,275
10/23/2012,PNS,FL,ASO,ES,Towers with Radar,28,55,26,51,160,0,1,34,7,42,28,56,60,58,202,90,0,90,292
10/24/2012,PNS,FL,ASO,ES,Towers with Radar,28,62,20,21,131,0,6,35,5,46,28,68,55,26,177,116,0,116,293
10/25/2012,PNS,FL,ASO,ES,Towers with Radar,28,54,32,18,132,0,0,30,6,36,28,54,62,24,168,96,0,96,264
10/26/2012,PNS,FL,ASO,ES,Towers with Radar,28,50,34,41,153,0,1,42,15,58,28,51,76,56,211,82,2,84,295
10/27/2012,PNS,FL,ASO,ES,Towers with Radar,23,51,11,23,108,0,5,21,17,43,23,56,32,40,151,60,0,60,211
10/28/2012,PNS,FL,ASO,ES,Towers with Radar,24,41,23,19,107,0,2,34,19,55,24,43,57,38,162,70,0,70,232
10/29/2012,PNS,FL,ASO,ES,Towers with Radar,27,44,17,33,121,0,0,34,15,49,27,44,51,48,170,86,10,96,266
10/30/2012,PNS,FL,ASO,ES,Towers with Radar,28,51,20,21,120,0,0,48,6,54,28,51,68,27,174,142,0,142,316
10/31/2012,PNS,FL,ASO,ES,Towers with Radar,25,50,16,67,158,0,23,41,5,69,25,73,57,72,227,126,6,132,359
11/01/2012,PNS,FL,ASO,ES,Towers with Radar,27,53,40,44,164,0,0,53,6,59,27,53,93,50,223,72,0,72,295
11/02/2012,PNS,FL,ASO,ES,Towers with Radar,25,73,26,38,162,0,1,51,7,59,25,74,77,45,221,82,0,82,303
11/03/2012,PNS,FL,ASO,ES,Towers with Radar,22,42,11,12,87,0,0,72,13,85,22,42,83,25,172,138,4,142,314
11/04/2012,PNS,FL,ASO,ES,Towers with Radar,27,43,29,63,162,0,1,47,16,64,27,44,76,79,226,70,8,78,304
11/05/2012,PNS,FL,ASO,ES,Towers with Radar,29,58,12,66,165,0,6,32,10,48,29,64,44,76,213,74,0,74,287
11/06/2012,PNS,FL,ASO,ES,Towers with Radar,30,52,30,47,159,0,2,36,4,42,30,54,66,51,201,114,8,122,323
11/07/2012,PNS,FL,ASO,ES,Towers with Radar,30,54,22,32,138,0,1,30,6,37,30,55,52,38,175,104,22,126,301
11/08/2012,PNS,FL,ASO,ES,Towers with Radar,30,62,31,46,169,0,5,49,5,59,30,67,80,51,228,124,0,124,352
11/09/2012,PNS,FL,ASO,ES,Towers with Radar,31,60,24,44,159,0,5,37,12,54,31,65,61,56,213,108,12,120,333
11/10/2012,PNS,FL,ASO,ES,Towers with Radar,23,43,15,20,101,0,1,36,16,53,23,44,51,36,154,102,0,102,256
11/11/2012,PNS,FL,ASO,ES,Towers with Radar,28,41,17,43,129,0,3,31,14,48,28,44,48,57,177,76,0,76,253
11/12/2012,PNS,FL,ASO,ES,Towers with Radar,28,49,14,2,93,0,0,13,0,13,28,49,27,2,106,18,0,18,124
11/13/2012,PNS,FL,ASO,ES,Towers with Radar,30,55,13,46,144,0,1,32,12,45,30,56,45,58,189,124,74,198,387
11/14/2012,PNS,FL,ASO,ES,Towers with Radar,30,53,17,26,126,0,0,37,4,41,30,53,54,30,167,210,0,210,377
11/15/2012,PNS,FL,ASO,ES,Towers with Radar,30,52,21,27,130,0,0,31,0,31,30,52,52,27,161,82,0,82,243
11/16/2012,PNS,FL,ASO,ES,Towers with Radar,30,50,30,57,167,0,2,12,5,19,30,52,42,62,186,0,0,0,186
11/17/2012,PNS,FL,ASO,ES,Towers with Radar,23,43,21,28,115,0,1,61,19,81,23,44,82,47,196,120,18,138,334
11/18/2012,PNS,FL,ASO,ES,Towers with Radar,26,39,19,37,121,0,2,59,16,77,26,41,78,53,198,140,0,140,338
11/19/2012,PNS,FL,ASO,ES,Towers with Radar,26,52,21,55,154,0,1,45,8,54,26,53,66,63,208,164,16,180,388
11/20/2012,PNS,FL,ASO,ES,Towers with Radar,31,53,28,44,156,0,4,43,9,56,31,57,71,53,212,106,8,114,326
11/21/2012,PNS,FL,ASO,ES,Towers with Radar,30,52,32,12,126,0,2,53,0,55,30,54,85,12,181,68,0,68,249
11/22/2012,PNS,FL,ASO,ES,Towers with Radar,18,26,9,0,53,1,3,24,0,28,19,29,33,0,81,20,0,20,101
11/23/2012,PNS,FL,ASO,ES,Towers with Radar,22,39,26,0,87,0,3,42,0,45,22,42,68,0,132,84,0,84,216
11/24/2012,PNS,FL,ASO,ES,Towers with Radar,24,44,16,0,84,0,4,46,1,51,24,48,62,1,135,118,0,118,253
11/25/2012,PNS,FL,ASO,ES,Towers with Radar,31,38,37,0,106,0,1,40,0,41,31,39,77,0,147,76,0,76,223
11/26/2012,PNS,FL,ASO,ES,Towers with Radar,29,48,18,59,154,0,0,36,9,45,29,48,54,68,199,130,0,130,329
11/27/2012,PNS,FL,ASO,ES,Towers with Radar,27,51,28,30,136,0,0,17,0,17,27,51,45,30,153,76,0,76,229
11/28/2012,PNS,FL,ASO,ES,Towers with Radar,28,48,27,33,136,0,0,44,5,49,28,48,71,38,185,144,0,144,329
11/29/2012,PNS,FL,ASO,ES,Towers with Radar,28,51,24,39,142,0,0,45,6,51,28,51,69,45,193,186,20,206,399
11/30/2012,PNS,FL,ASO,ES,Towers with Radar,30,50,58,26,164,0,1,40,12,53,30,51,98,38,217,120,0,120,337
12/01/2012,PNS,FL,ASO,ES,Towers with Radar,23,39,34,34,130,0,0,51,21,72,23,39,85,55,202,116,0,116,318
12/02/2012,PNS,FL,ASO,ES,Towers with Radar,26,38,31,51,146,0,4,35,10,49,26,42,66,61,195,94,0,94,289
12/03/2012,PNS,FL,ASO,ES,Towers with Radar,27,49,16,52,144,0,0,39,13,52,27,49,55,65,196,82,0,82,278
12/04/2012,PNS,FL,ASO,ES,Towers with Radar,30,54,33,82,199,0,0,30,10,40,30,54,63,92,239,144,36,180,419
12/05/2012,PNS,FL,ASO,ES,Towers with Radar,27,49,19,64,159,0,5,40,6,51,27,54,59,70,210,158,18,176,386
12/06/2012,PNS,FL,ASO,ES,Towers with Radar,27,54,21,48,150,0,0,45,11,56,27,54,66,59,206,152,0,152,358
12/07/2012,PNS,FL,ASO,ES,Towers with Radar,28,52,22,82,184,0,0,9,2,11,28,52,31,84,195,20,0,20,215
12/08/2012,PNS,FL,ASO,ES,Towers with Radar,23,35,6,29,93,0,1,31,25,57,23,36,37,54,150,74,6,80,230
12/09/2012,PNS,FL,ASO,ES,Towers with Radar,28,34,27,37,126,0,1,40,14,55,28,35,67,51,181,200,0,200,381
12/10/2012,PNS,FL,ASO,ES,Towers with Radar,27,52,9,53,141,0,0,13,3,16,27,52,22,56,157,66,0,66,223
12/11/2012,PNS,FL,ASO,ES,Towers with Radar,30,49,40,51,170,0,0,34,6,40,30,49,74,57,210,218,10,228,438
12/12/2012,PNS,FL,ASO,ES,Towers with Radar,28,55,14,58,155,0,2,38,3,43,28,57,52,61,198,164,10,174,372
12/13/2012,PNS,FL,ASO,ES,Towers with Radar,28,50,23,44,145,0,1,43,11,55,28,51,66,55,200,102,0,102,302
12/14/2012,PNS,FL,ASO,ES,Towers with Radar,28,51,31,28,138,0,0,4,0,4,28,51,35,28,142,66,0,66,208
12/15/2012,PNS,FL,ASO,ES,Towers with Radar,22,37,27,24,110,0,2,31,16,49,22,39,58,40,159,82,8,90,249
12/16/2012,PNS,FL,ASO,ES,Towers with Radar,26,35,10,54,125,0,2,24,8,34,26,37,34,62,159,84,2,86,245
12/17/2012,PNS,FL,ASO,ES,Towers with Radar,26,52,30,75,183,0,2,13,5,20,26,54,43,80,203,66,12,78,281
12/18/2012,PNS,FL,ASO,ES,Towers with Radar,29,51,24,65,169,0,1,74,9,84,29,52,98,74,253,154,0,154,407
12/19/2012,PNS,FL,ASO,ES,Towers with Radar,30,55,16,56,157,0,3,51,8,62,30,58,67,64,219,98,0,98,317
12/20/2012,PNS,FL,ASO,ES,Towers with Radar,30,52,13,7,102,0,0,9,1,10,30,52,22,8,112,0,0,0,112
12/21/2012,PNS,FL,ASO,ES,Towers with Radar,31,54,24,20,129,0,6,35,4,45,31,60,59,24,174,32,0,32,206
12/22/2012,PNS,FL,ASO,ES,Towers with Radar,25,47,23,0,95,0,1,45,2,48,25,48,68,2,143,52,0,52,195
12/23/2012,PNS,FL,ASO,ES,Towers with Radar,24,48,9,0,81,0,1,16,0,17,24,49,25,0,98,30,0,30,128
12/24/2012,PNS,FL,ASO,ES,Towers with Radar,23,39,1,0,63,0,0,3,0,3,23,39,4,0,66,0,0,0,66
12/25/2012,PNS,FL,ASO,ES,Towers with Radar,19,30,0,0,49,0,0,2,0,2,19,30,2,0,51,0,0,0,51
12/26/2012,PNS,FL,ASO,ES,Towers with Radar,27,48,6,7,88,0,0,8,5,13,27,48,14,12,101,10,0,10,111
12/27/2012,PNS,FL,ASO,ES,Towers with Radar,27,57,30,10,124,0,0,25,2,27,27,57,55,12,151,52,0,52,203
12/28/2012,PNS,FL,ASO,ES,Towers with Radar,28,65,15,26,134,0,0,23,1,24,28,65,38,27,158,46,0,46,204
12/29/2012,PNS,FL,ASO,ES,Towers with Radar,19,53,14,0,86,0,0,11,0,11,19,53,25,0,97,12,0,12,109
12/30/2012,PNS,FL,ASO,ES,Towers with Radar,24,38,20,0,82,0,1,34,0,35,24,39,54,0,117,76,0,76,193
12/31/2012,PNS,FL,ASO,ES,Towers with Radar,25,40,6,0,71,0,1,10,0,11,25,41,16,0,82,42,0,42,124
01/01/2013,PNS,FL,ASO,ES,Towers with Radar,20,42,15,0,77,4,0,9,0,13,24,42,24,0,90,10,0,10,100
01/02/2013,PNS,FL,ASO,ES,Towers with Radar,28,59,17,28,132,0,0,18,3,21,28,59,35,31,153,94,32,126,279
01/03/2013,PNS,FL,ASO,ES,Towers with Radar,27,50,15,17,109,0,0,15,12,27,27,50,30,29,136,42,12,54,190
01/04/2013,PNS,FL,ASO,ES,Towers with Radar,28,49,11,38,126,0,4,40,14,58,28,53,51,52,184,112,14,126,310
01/05/2013,PNS,FL,ASO,ES,Towers with Radar,19,41,13,10,83,0,2,29,0,31,19,43,42,10,114,90,0,90,204
01/06/2013,PNS,FL,ASO,ES,Towers with Radar,26,38,13,6,83,2,1,40,1,44,28,39,53,7,127,151,0,151,278
01/07/2013,PNS,FL,ASO,ES,Towers with Radar,27,49,13,13,102,0,1,34,5,40,27,50,47,18,142,56,16,72,214
01/08/2013,PNS,FL,ASO,ES,Towers with Radar,28,52,25,107,212,0,4,20,1,25,28,56,45,108,237,120,6,126,363
01/09/2013,PNS,FL,ASO,ES,Towers with Radar,28,49,20,15,112,0,0,0,0,0,28,49,20,15,112,0,0,0,112
01/10/2013,PNS,FL,ASO,ES,Towers with Radar,31,49,10,14,104,0,0,1,0,1,31,49,11,14,105,0,0,0,105
01/11/2013,PNS,FL,ASO,ES,Towers with Radar,28,52,18,85,183,0,3,14,3,20,28,55,32,88,203,40,0,40,243
01/12/2013,PNS,FL,ASO,ES,Towers with Radar,24,39,23,41,127,0,0,27,10,37,24,39,50,51,164,62,4,66,230
01/13/2013,PNS,FL,ASO,ES,Towers with Radar,26,38,19,92,175,0,0,0,6,6,26,38,19,98,181,0,0,0,181
01/14/2013,PNS,FL,ASO,ES,Towers with Radar,28,50,24,132,234,0,0,14,0,14,28,50,38,132,248,36,0,36,284
01/15/2013,PNS,FL,ASO,ES,Towers with Radar,28,53,33,99,213,0,0,0,0,0,28,53,33,99,213,0,0,0,213
01/16/2013,PNS,FL,ASO,ES,Towers with Radar,30,55,24,2,111,0,0,0,0,0,30,55,24,2,111,0,0,0,111
01/17/2013,PNS,FL,ASO,ES,Towers with Radar,26,49,25,26,126,0,1,20,3,24,26,50,45,29,150,36,16,52,202
01/18/2013,PNS,FL,ASO,ES,Towers with Radar,28,51,25,44,148,0,1,72,36,109,28,52,97,80,257,150,50,200,457
01/19/2013,PNS,FL,ASO,ES,Towers with Radar,23,38,31,41,133,0,1,62,46,109,23,39,93,87,242,184,44,228,470
01/20/2013,PNS,FL,ASO,ES,Towers with Radar,22,41,21,30,114,6,4,70,39,119,28,45,91,69,233,132,18,150,383
01/21/2013,PNS,FL,ASO,ES,Towers with Radar,25,52,15,35,127,0,0,62,11,73,25,52,77,46,200,106,8,114,314
01/22/2013,PNS,FL,ASO,ES,Towers with Radar,28,52,30,65,175,0,0,46,18,64,28,52,76,83,239,98,0,98,337
01/23/2013,PNS,FL,ASO,ES,Towers with Radar,28,52,32,55,167,0,0,34,5,39,28,52,66,60,206,84,18,102,308
01/24/2013,PNS,FL,ASO,ES,Towers with Radar,28,49,28,62,167,0,1,60,10,71,28,50,88,72,238,114,2,116,354
01/25/2013,PNS,FL,ASO,ES,Towers with Radar,28,50,18,66,162,0,0,23,21,44,28,50,41,87,206,64,20,84,290
01/26/2013,PNS,FL,ASO,ES,Towers with Radar,23,33,18,40,114,0,0,27,27,54,23,33,45,67,168,120,0,120,288
01/27/2013,PNS,FL,ASO,ES,Towers with Radar,26,39,21,49,135,0,0,42,21,63,26,39,63,70,198,82,12,94,292
01/28/2013,PNS,FL,ASO,ES,Towers with Radar,27,49,24,65,165,0,3,14,0,17,27,52,38,65,182,40,0,40,222
01/29/2013,PNS,FL,ASO,ES,Towers with Radar,28,45,24,52,149,0,0,1,2,3,28,45,25,54,152,0,0,0,152
01/30/2013,PNS,FL,ASO,ES,Towers with Radar,26,51,13,4,94,0,0,0,0,0,26,51,13,4,94,0,0,0,94
01/31/2013,PNS,FL,ASO,ES,Towers with Radar,28,48,35,41,152,0,2,42,6,50,28,50,77,47,202,102,0,102,304
02/01/2013,PNS,FL,ASO,ES,Towers with Radar,27,49,13,52,141,0,5,59,16,80,27,54,72,68,221,132,4,136,357
02/02/2013,PNS,FL,ASO,ES,Towers with Radar,23,35,23,30,111,0,2,69,15,86,23,37,92,45,197,156,0,156,353
02/03/2013,PNS,FL,ASO,ES,Towers with Radar,24,39,25,6,94,0,2,65,12,79,24,41,90,18,173,116,0,116,289
02/04/2013,PNS,FL,ASO,ES,Towers with Radar,25,47,22,55,149,0,7,39,4,50,25,54,61,59,199,104,4,108,307
02/05/2013,PNS,FL,ASO,ES,Towers with Radar,28,52,30,66,176,0,0,22,3,25,28,52,52,69,201,150,12,162,363
02/06/2013,PNS,FL,ASO,ES,Towers with Radar,30,43,26,45,144,0,2,16,3,21,30,45,42,48,165,46,14,60,225
02/07/2013,PNS,FL,ASO,ES,Towers with Radar,30,51,32,25,138,0,1,23,3,27,30,52,55,28,165,68,14,82,247
02/08/2013,PNS,FL,ASO,ES,Towers with Radar,30,53,25,41,149,0,4,28,9,41,30,57,53,50,190,112,0,112,302
02/09/2013,PNS,FL,ASO,ES,Towers with Radar,23,41,19,15,98,0,2,54,14,70,23,43,73,29,168,84,0,84,252
02/10/2013,PNS,FL,ASO,ES,Towers with Radar,28,43,18,32,121,0,1,1,15,17,28,44,19,47,138,0,0,0,138
02/11/2013,PNS,FL,ASO,ES,Towers with Radar,28,51,18,0,97,0,0,0,2,2,28,51,18,2,99,0,0,0,99
02/12/2013,PNS,FL,ASO,ES,Towers with Radar,28,51,19,33,131,0,0,0,1,1,28,51,19,34,132,0,0,0,132
02/13/2013,PNS,FL,ASO,ES,Towers with Radar,28,54,28,53,163,0,2,14,6,22,28,56,42,59,185,24,8,32,217
02/14/2013,PNS,FL,ASO,ES,Towers with Radar,29,57,35,32,153,0,4,33,10,47,29,61,68,42,200,172,20,192,392
02/15/2013,PNS,FL,ASO,ES,Towers with Radar,30,55,29,51,165,0,5,43,24,72,30,60,72,75,237,60,0,60,297
02/16/2013,PNS,FL,ASO,ES,Towers with Radar,21,36,10,30,97,0,1,19,29,49,21,37,29,59,146,26,0,26,172
02/17/2013,PNS,FL,ASO,ES,Towers with Radar,21,37,22,31,111,0,4,42,32,78,21,41,64,63,189,26,2,28,217
02/18/2013,PNS,FL,ASO,ES,Towers with Radar,26,54,24,0,104,0,0,37,0,37,26,54,61,0,141,32,0,32,173
02/19/2013,PNS,FL,ASO,ES,Towers with Radar,28,50,30,42,150,0,2,10,3,15,28,52,40,45,165,4,18,22,187
02/20/2013,PNS,FL,ASO,ES,Towers with Radar,28,50,34,41,153,0,0,27,5,32,28,50,61,46,185,14,12,26,211
02/21/2013,PNS,FL,ASO,ES,Towers with Radar,26,56,23,29,134,0,3,9,7,19,26,59,32,36,153,16,0,16,169
02/22/2013,PNS,FL,ASO,ES,Towers with Radar,26,55,18,4,103,0,0,0,1,1,26,55,18,5,104,0,0,0,104
02/23/2013,PNS,FL,ASO,ES,Towers with Radar,23,37,10,9,79,0,0,0,1,1,23,37,10,10,80,0,0,0,80
02/24/2013,PNS,FL,ASO,ES,Towers with Radar,25,39,25,8,97,0,0,31,11,42,25,39,56,19,139,36,0,36,175
02/25/2013,PNS,FL,ASO,ES,Towers with Radar,25,42,14,10,91,0,0,3,0,3,25,42,17,10,94,4,0,4,98
02/26/2013,PNS,FL,ASO,ES,Towers with Radar,28,53,18,51,150,0,2,24,15,41,28,55,42,66,191,20,0,20,211
02/27/2013,PNS,FL,ASO,ES,Towers with Radar,30,50,33,62,175,0,0,41,8,49,30,50,74,70,224,16,0,16,240
02/28/2013,PNS,FL,ASO,ES,Towers with Radar,28,54,29,33,144,0,2,26,5,33,28,56,55,38,177,36,0,36,213
03/01/2013,PNS,FL,ASO,ES,Towers with Radar,28,59,17,30,134,0,0,32,12,44,28,59,49,42,178,134,8,142,320
03/02/2013,PNS,FL,ASO,ES,Towers with Radar,23,39,14,21,97,0,2,39,26,67,23,41,53,47,164,78,4,82,246
03/03/2013,PNS,FL,ASO,ES,Towers with Radar,26,41,24,8,99,0,1,27,18,46,26,42,51,26,145,46,28,74,219
03/04/2013,PNS,FL,ASO,ES,Towers with Radar,27,56,23,40,146,0,14,47,8,69,27,70,70,48,215,50,0,50,265
03/05/2013,PNS,FL,ASO,ES,Towers with Radar,28,51,10,57,146,0,1,9,2,12,28,52,19,59,158,10,0,10,168
03/06/2013,PNS,FL,ASO,ES,Towers with Radar,28,59,30,47,164,0,2,33,5,40,28,61,63,52,204,64,0,64,268
03/07/2013,PNS,FL,ASO,ES,Towers with Radar,28,59,27,31,145,0,1,31,3,35,28,60,58,34,180,96,0,96,276
03/08/2013,PNS,FL,ASO,ES,Towers with Radar,28,53,28,31,140,0,1,42,11,54,28,54,70,42,194,66,0,66,260
03/09/2013,PNS,FL,ASO,ES,Towers with Radar,25,40,22,12,99,0,0,43,19,62,25,40,65,31,161,52,2,54,215
03/10/2013,PNS,FL,ASO,ES,Towers with Radar,26,41,21,45,133,0,1,13,7,21,26,42,34,52,154,0,0,0,154
03/11/2013,PNS,FL,ASO,ES,Towers with Radar,27,57,21,34,139,0,0,6,1,7,27,57,27,35,146,8,0,8,154
03/12/2013,PNS,FL,ASO,ES,Towers with Radar,30,56,17,77,180,0,3,24,5,32,30,59,41,82,212,32,4,36,248
03/13/2013,PNS,FL,ASO,ES,Towers with Radar,29,57,36,60,182,0,4,48,3,55,29,61,84,63,237,22,0,22,259
03/14/2013,PNS,FL,ASO,ES,Towers with Radar,27,58,41,56,182,0,0,37,8,45,27,58,78,64,227,62,20,82,309
03/15/2013,PNS,FL,ASO,ES,Towers with Radar,28,58,39,76,201,0,0,40,6,46,28,58,79,82,247,8,0,8,255
03/16/2013,PNS,FL,ASO,ES,Towers with Radar,29,43,27,27,126,0,0,52,12,64,29,43,79,39,190,60,0,60,250
03/17/2013,PNS,FL,ASO,ES,Towers with Radar,26,43,27,22,118,0,2,30,2,34,26,45,57,24,152,144,0,144,296
03/18/2013,PNS,FL,ASO,ES,Towers with Radar,28,66,15,85,194,0,1,6,4,11,28,67,21,89,205,20,0,20,225
03/19/2013,PNS,FL,ASO,ES,Towers with Radar,28,56,31,57,172,0,2,24,8,34,28,58,55,65,206,74,0,74,280
03/20/2013,PNS,FL,ASO,ES,Towers with Radar,30,57,24,54,165,0,0,24,4,28,30,57,48,58,193,26,0,26,219
03/21/2013,PNS,FL,ASO,ES,Towers with Radar,28,61,24,45,158,0,0,35,0,35,28,61,59,45,193,34,0,34,227
03/22/2013,PNS,FL,ASO,ES,Towers with Radar,28,54,29,38,149,0,6,48,4,58,28,60,77,42,207,28,0,28,235
03/23/2013,PNS,FL,ASO,ES,Towers with Radar,25,44,6,2,77,0,0,0,0,0,25,44,6,2,77,0,0,0,77
03/24/2013,PNS,FL,ASO,ES,Towers with Radar,24,44,34,16,118,0,2,35,22,59,24,46,69,38,177,20,2,22,199
03/25/2013,PNS,FL,ASO,ES,Towers with Radar,26,56,20,50,152,0,2,27,13,42,26,58,47,63,194,48,8,56,250
03/26/2013,PNS,FL,ASO,ES,Towers with Radar,30,54,17,29,130,0,2,32,5,39,30,56,49,34,169,50,0,50,219
03/27/2013,PNS,FL,ASO,ES,Towers with Radar,30,54,31,46,161,0,0,38,5,43,30,54,69,51,204,30,0,30,234
03/28/2013,PNS,FL,ASO,ES,Towers with Radar,28,60,34,30,152,0,3,42,3,48,28,63,76,33,200,56,0,56,256
03/29/2013,PNS,FL,ASO,ES,Towers with Radar,28,61,32,41,162,0,0,47,8,55,28,61,79,49,217,94,0,94,311
03/30/2013,PNS,FL,ASO,ES,Towers with Radar,25,41,20,9,95,0,2,56,7,65,25,43,76,16,160,68,0,68,228
03/31/2013,PNS,FL,ASO,ES,Towers with Radar,25,40,14,2,81,0,0,7,5,12,25,40,21,7,93,12,0,12,105
04/01/2013,PNS,FL,ASO,ES,Towers with Radar,27,54,34,31,146,2,1,8,11,22,29,55,42,42,168,2,4,6,174
04/02/2013,PNS,FL,ASO,ES,Towers with Radar,30,56,23,44,153,0,2,27,10,39,30,58,50,54,192,46,2,48,240
04/03/2013,PNS,FL,ASO,ES,Towers with Radar,34,62,23,0,119,0,0,0,4,4,34,62,23,4,123,0,12,12,135
04/04/2013,PNS,FL,ASO,ES,Towers with Radar,28,58,19,36,141,0,0,7,0,7,28,58,26,36,148,0,0,0,148
04/05/2013,PNS,FL,ASO,ES,Towers with Radar,28,58,34,33,153,0,0,21,6,27,28,58,55,39,180,14,14,28,208
04/06/2013,PNS,FL,ASO,ES,Towers with Radar,25,46,21,19,111,0,0,56,14,70,25,46,77,33,181,38,22,60,241
04/07/2013,PNS,FL,ASO,ES,Towers with Radar,26,45,37,38,146,0,0,18,11,29,26,45,55,49,175,44,0,44,219
04/08/2013,PNS,FL,ASO,ES,Towers with Radar,29,58,24,52,163,0,0,36,5,41,29,58,60,57,204,14,0,14,218
04/09/2013,PNS,FL,ASO,ES,Towers with Radar,33,56,27,68,184,0,1,27,8,36,33,57,54,76,220,40,0,40,260
04/10/2013,PNS,FL,ASO,ES,Towers with Radar,32,56,26,48,162,0,3,33,5,41,32,59,59,53,203,38,0,38,241
04/11/2013,PNS,FL,ASO,ES,Towers with Radar,29,47,19,21,116,0,0,0,0,0,29,47,19,21,116,0,0,0,116
04/12/2013,PNS,FL,ASO,ES,Towers with Radar,29,58,45,31,163,0,0,39,8,47,29,58,84,39,210,58,10,68,278
04/13/2013,PNS,FL,ASO,ES,Towers with Radar,25,42,30,25,122,0,0,49,18,67,25,42,79,43,189,44,18,62,251
04/14/2013,PNS,FL,ASO,ES,Towers with Radar,30,47,20,13,110,0,0,1,2,3,30,47,21,15,113,0,0,0,113
04/15/2013,PNS,FL,ASO,ES,Towers with Radar,29,53,20,66,168,0,1,9,3,13,29,54,29,69,181,24,12,36,217
04/16/2013,PNS,FL,ASO,ES,Towers with Radar,31,41,27,62,161,2,1,30,12,45,33,42,57,74,206,48,0,48,254
04/17/2013,PNS,FL,ASO,ES,Towers with Radar,29,54,11,57,151,0,6,26,12,44,29,60,37,69,195,84,42,126,321
04/18/2013,PNS,FL,ASO,ES,Towers with Radar,29,53,23,42,147,0,1,12,0,13,29,54,35,42,160,6,0,6,166
04/19/2013,PNS,FL,ASO,ES,Towers with Radar,30,54,18,6,108,0,0,0,4,4,30,54,18,10,112,0,0,0,112
04/20/2013,PNS,FL,ASO,ES,Towers with Radar,25,39,18,18,100,0,1,32,21,54,25,40,50,39,154,48,2,50,204
04/21/2013,PNS,FL,ASO,ES,Towers with Radar,26,46,20,29,121,0,0,34,16,50,26,46,54,45,171,62,0,62,233
04/22/2013,PNS,FL,ASO,ES,Towers with Radar,29,54,27,56,166,0,0,10,6,16,29,54,37,62,182,48,24,72,254
04/23/2013,PNS,FL,ASO,ES,Towers with Radar,30,52,25,55,162,0,2,23,5,30,30,54,48,60,192,34,20,54,246
04/24/2013,PNS,FL,ASO,ES,Towers with Radar,30,53,17,30,130,0,1,10,1,12,30,54,27,31,142,46,8,54,196
04/25/2013,PNS,FL,ASO,ES,Towers with Radar,29,57,22,47,155,0,1,34,1,36,29,58,56,48,191,70,0,70,261
04/26/2013,PNS,FL,ASO,ES,Towers with Radar,29,54,31,50,164,0,8,46,3,57,29,62,77,53,221,72,2,74,295
04/27/2013,PNS,FL,ASO,ES,Towers with Radar,25,43,26,24,118,0,0,33,12,45,25,43,59,36,163,34,0,34,197
04/28/2013,PNS,FL,ASO,ES,Towers with Radar,27,43,13,64,147,0,0,17,51,68,27,43,30,115,215,46,88,134,349
04/29/2013,PNS,FL,ASO,ES,Towers with Radar,29,64,21,62,176,0,3,11,5,19,29,67,32,67,195,24,0,24,219
04/30/2013,PNS,FL,ASO,ES,Towers with Radar,30,52,21,69,172,0,1,17,11,29,30,53,38,80,201,46,16,62,263
05/01/2013,PNS,FL,ASO,ES,Towers with Radar,29,61,19,39,148,0,1,2,4,7,29,62,21,43,155,50,0,50,205
05/02/2013,PNS,FL,ASO,ES,Towers with Radar,30,50,12,57,149,0,0,16,0,16,30,50,28,57,165,56,0,56,221
05/03/2013,PNS,FL,ASO,ES,Towers with Radar,34,55,14,45,148,0,0,12,0,12,34,55,26,45,160,96,0,96,256
05/04/2013,PNS,FL,ASO,ES,Towers with Radar,29,43,5,28,105,0,0,9,17,26,29,43,14,45,131,32,0,32,163
05/05/2013,PNS,FL,ASO,ES,Towers with Radar,27,43,22,13,105,0,0,27,7,34,27,43,49,20,139,58,0,58,197
05/06/2013,PNS,FL,ASO,ES,Towers with Radar,27,55,36,35,153,0,1,21,5,27,27,56,57,40,180,60,0,60,240
05/07/2013,PNS,FL,ASO,ES,Towers with Radar,32,51,31,41,155,0,3,25,7,35,32,54,56,48,190,16,6,22,212
05/08/2013,PNS,FL,ASO,ES,Towers with Radar,30,67,45,63,205,0,2,36,10,48,30,69,81,73,253,18,10,28,281
05/09/2013,PNS,FL,ASO,ES,Towers with Radar,30,56,48,38,172,0,1,37,2,40,30,57,85,40,212,22,0,22,234
05/10/2013,PNS,FL,ASO,ES,Towers with Radar,30,51,20,38,139,0,1,9,2,12,30,52,29,40,151,60,0,60,211
05/11/2013,PNS,FL,ASO,ES,Towers with Radar,27,40,16,9,92,0,1,2,9,12,27,41,18,18,104,18,0,18,122
05/12/2013,PNS,FL,ASO,ES,Towers with Radar,26,47,16,17,106,2,2,32,14,50,28,49,48,31,156,30,6,36,192
05/13/2013,PNS,FL,ASO,ES,Towers with Radar,29,56,22,29,136,0,2,49,1,52,29,58,71,30,188,88,0,88,276
05/14/2013,PNS,FL,ASO,ES,Towers with Radar,30,54,15,32,131,0,2,50,6,58,30,56,65,38,189,56,0,56,245
05/15/2013,PNS,FL,ASO,ES,Towers with Radar,30,50,27,49,156,0,0,53,11,64,30,50,80,60,220,94,0,94,314
05/16/2013,PNS,FL,ASO,ES,Towers with Radar,30,59,25,40,154,0,2,44,4,50,30,61,69,44,204,146,0,146,350
05/17/2013,PNS,FL,ASO,ES,Towers with Radar,30,54,38,37,159,0,3,45,11,59,30,57,83,48,218,140,0,140,358
05/18/2013,PNS,FL,ASO,ES,Towers with Radar,29,41,14,22,106,0,2,47,16,65,29,43,61,38,171,202,0,202,373
05/19/2013,PNS,FL,ASO,ES,Towers with Radar,29,44,31,34,138,0,1,48,23,72,29,45,79,57,210,184,0,184,394
05/20/2013,PNS,FL,ASO,ES,Towers with Radar,28,60,30,50,168,0,9,52,3,64,28,69,82,53,232,118,0,118,350
05/21/2013,PNS,FL,ASO,ES,Towers with Radar,30,51,24,45,150,0,0,66,6,72,30,51,90,51,222,170,10,180,402
05/22/2013,PNS,FL,ASO,ES,Towers with Radar,30,54,33,71,188,0,0,44,3,47,30,54,77,74,235,202,0,202,437
05/23/2013,PNS,FL,ASO,ES,Towers with Radar,30,53,38,41,162,0,4,36,14,54,30,57,74,55,216,76,0,76,292
05/24/2013,PNS,FL,ASO,ES,Towers with Radar,28,50,30,13,121,0,4,63,3,70,28,54,93,16,191,170,0,170,361
05/25/2013,PNS,FL,ASO,ES,Towers with Radar,25,46,17,2,90,0,1,69,1,71,25,47,86,3,161,248,0,248,409
05/26/2013,PNS,FL,ASO,ES,Towers with Radar,24,41,11,3,79,0,1,74,2,77,24,42,85,5,156,242,0,242,398
05/27/2013,PNS,FL,ASO,ES,Towers with Radar,27,53,34,3,117,0,0,43,0,43,27,53,77,3,160,46,0,46,206
05/28/2013,PNS,FL,ASO,ES,Towers with Radar,30,60,15,43,148,0,2,47,3,52,30,62,62,46,200,154,0,154,354
05/29/2013,PNS,FL,ASO,ES,Towers with Radar,29,53,16,90,188,0,0,40,4,44,29,53,56,94,232,162,8,170,402
05/30/2013,PNS,FL,ASO,ES,Towers with Radar,30,54,24,36,144,0,3,39,8,50,30,57,63,44,194,92,8,100,294
05/31/2013,PNS,FL,ASO,ES,Towers with Radar,30,54,44,54,182,0,1,32,10,43,30,55,76,64,225,76,4,80,305
06/01/2013,PNS,FL,ASO,ES,Towers with Radar,26,40,21,28,115,0,0,43,10,53,26,40,64,38,168,192,0,192,360
06/02/2013,PNS,FL,ASO,ES,Towers with Radar,26,39,21,65,151,0,0,50,13,63,26,39,71,78,214,274,0,274,488
06/03/2013,PNS,FL,ASO,ES,Towers with Radar,27,52,16,56,151,0,3,29,12,44,27,55,45,68,195,98,0,98,293
06/04/2013,PNS,FL,ASO,ES,Towers with Radar,30,55,17,82,184,0,0,41,4,45,30,55,58,86,229,160,0,160,389
06/05/2013,PNS,FL,ASO,ES,Towers with Radar,27,53,24,85,189,0,1,41,8,50,27,54,65,93,239,120,0,120,359
06/06/2013,PNS,FL,ASO,ES,Towers with Radar,29,56,17,80,182,0,0,31,10,41,29,56,48,90,223,226,0,226,449
06/07/2013,PNS,FL,ASO,ES,Towers with Radar,29,57,25,55,166,0,0,44,15,59,29,57,69,70,225,158,38,196,421
06/08/2013,PNS,FL,ASO,ES,Towers with Radar,27,41,30,49,147,0,2,59,29,90,27,43,89,78,237,150,62,212,449
06/09/2013,PNS,FL,ASO,ES,Towers with Radar,28,34,19,44,125,0,1,0,3,4,28,35,19,47,129,0,0,0,129
06/10/2013,PNS,FL,ASO,ES,Towers with Radar,28,53,19,52,152,0,0,9,9,18,28,53,28,61,170,136,0,136,306
06/11/2013,PNS,FL,ASO,ES,Towers with Radar,31,56,27,90,204,0,4,43,11,58,31,60,70,101,262,194,0,194,456
06/12/2013,PNS,FL,ASO,ES,Towers with Radar,31,57,40,67,195,0,4,67,8,79,31,61,107,75,274,166,0,166,440
06/13/2013,PNS,FL,ASO,ES,Towers with Radar,28,63,39,37,167,0,14,55,9,78,28,77,94,46,245,86,0,86,331
06/14/2013,PNS,FL,ASO,ES,Towers with Radar,29,56,36,29,150,0,2,61,7,70,29,58,97,36,220,210,48,258,478
06/15/2013,PNS,FL,ASO,ES,Towers with Radar,27,51,27,7,112,0,0,65,17,82,27,51,92,24,194,194,4,198,392
06/16/2013,PNS,FL,ASO,ES,Towers with Radar,28,44,30,28,130,0,2,64,9,75,28,46,94,37,205,192,0,192,397
06/17/2013,PNS,FL,ASO,ES,Towers with Radar,27,56,33,46,162,0,2,47,4,53,27,58,80,50,215,210,0,210,425
06/18/2013,PNS,FL,ASO,ES,Towers with Radar,26,54,18,31,129,0,0,53,8,61,26,54,71,39,190,186,46,232,422
06/19/2013,PNS,FL,ASO,ES,Towers with Radar,32,64,12,43,151,0,3,44,6,53,32,67,56,49,204,180,10,190,394
06/20/2013,PNS,FL,ASO,ES,Towers with Radar,30,65,30,21,146,0,0,48,8,56,30,65,78,29,202,208,0,208,410
06/21/2013,PNS,FL,ASO,ES,Towers with Radar,30,57,25,22,134,0,0,42,19,61,30,57,67,41,195,232,14,246,441
06/22/2013,PNS,FL,ASO,ES,Towers with Radar,27,46,14,28,115,0,0,69,31,100,27,46,83,59,215,200,0,200,415
06/23/2013,PNS,FL,ASO,ES,Towers with Radar,28,48,15,41,132,0,1,43,27,71,28,49,58,68,203,138,20,158,361
06/24/2013,PNS,FL,ASO,ES,Towers with Radar,30,54,19,71,174,0,4,54,10,68,30,58,73,81,242,162,16,178,420
06/25/2013,PNS,FL,ASO,ES,Towers with Radar,31,54,18,36,139,0,0,48,6,54,31,54,66,42,193,176,0,176,369
06/26/2013,PNS,FL,ASO,ES,Towers with Radar,30,57,27,66,180,0,0,44,2,46,30,57,71,68,226,164,0,164,390
06/27/2013,PNS,FL,ASO,ES,Towers with Radar,27,56,29,59,171,0,1,42,4,47,27,57,71,63,218,194,0,194,412
06/28/2013,PNS,FL,ASO,ES,Towers with Radar,29,57,23,5,114,0,1,43,16,60,29,58,66,21,174,194,6,200,374
06/29/2013,PNS,FL,ASO,ES,Towers with Radar,26,47,11,8,92,0,0,47,28,75,26,47,58,36,167,160,18,178,345
06/30/2013,PNS,FL,ASO,ES,Towers with Radar,27,43,31,29,130,0,0,57,26,83,27,43,88,55,213,88,14,102,315
07/01/2013,PNS,FL,ASO,ES,Towers with Radar,29,57,14,49,149,0,2,39,10,51,29,59,53,59,200,146,10,156,356
07/02/2013,PNS,FL,ASO,ES,Towers with Radar,28,58,11,27,124,0,0,53,5,58,28,58,64,32,182,180,0,180,362
07/03/2013,PNS,FL,ASO,ES,Towers with Radar,30,61,22,74,187,0,0,13,0,13,30,61,35,74,200,68,0,68,268
07/04/2013,PNS,FL,ASO,ES,Towers with Radar,26,43,13,0,82,0,0,1,0,1,26,43,14,0,83,0,0,0,83
07/05/2013,PNS,FL,ASO,ES,Towers with Radar,31,57,9,0,97,0,0,4,0,4,31,57,13,0,101,2,0,2,103
07/06/2013,PNS,FL,ASO,ES,Towers with Radar,26,44,8,1,79,0,0,11,0,11,26,44,19,1,90,10,0,10,100
07/07/2013,PNS,FL,ASO,ES,Towers with Radar,28,43,27,1,99,0,0,10,0,10,28,43,37,1,109,36,0,36,145
07/08/2013,PNS,FL,ASO,ES,Towers with Radar,28,60,19,106,213,0,2,41,4,47,28,62,60,110,260,108,14,122,382
07/09/2013,PNS,FL,ASO,ES,Towers with Radar,29,56,14,58,157,0,1,49,4,54,29,57,63,62,211,164,16,180,391
07/10/2013,PNS,FL,ASO,ES,Towers with Radar,29,57,22,19,127,0,2,32,1,35,29,59,54,20,162,82,0,82,244
07/11/2013,PNS,FL,ASO,ES,Towers with Radar,30,59,28,20,137,0,2,19,0,21,30,61,47,20,158,60,0,60,218
07/12/2013,PNS,FL,ASO,ES,Towers with Radar,26,58,44,54,182,0,3,79,22,104,26,61,123,76,286,158,66,224,510
07/13/2013,PNS,FL,ASO,ES,Towers with Radar,31,43,30,27,131,0,3,57,26,86,31,46,87,53,217,120,18,138,355
07/14/2013,PNS,FL,ASO,ES,Towers with Radar,27,42,39,39,147,0,0,58,16,74,27,42,97,55,221,176,14,190,411
07/15/2013,PNS,FL,ASO,ES,Towers with Radar,31,63,23,60,177,0,0,29,8,37,31,63,52,68,214,148,16,164,378
07/16/2013,PNS,FL,ASO,ES,Towers with Radar,29,63,43,36,171,0,1,51,5,57,29,64,94,41,228,134,0,134,362
07/17/2013,PNS,FL,ASO,ES,Towers with Radar,24,58,43,52,177,0,0,61,3,64,24,58,104,55,241,246,0,246,487
07/18/2013,PNS,FL,ASO,ES,Towers with Radar,32,54,28,92,206,0,0,50,7,57,32,54,78,99,263,190,14,204,467
07/19/2013,PNS,FL,ASO,ES,Towers with Radar,29,57,26,51,163,0,2,55,24,81,29,59,81,75,244,170,32,202,446
07/20/2013,PNS,FL,ASO,ES,Towers with Radar,26,48,21,13,108,0,0,31,27,58,26,48,52,40,166,126,12,138,304
07/21/2013,PNS,FL,ASO,ES,Towers with Radar,26,50,34,41,151,0,0,51,43,94,26,50,85,84,245,212,0,212,457
07/22/2013,PNS,FL,ASO,ES,Towers with Radar,29,53,22,16,120,0,0,39,3,42,29,53,61,19,162,136,0,136,298
07/23/2013,PNS,FL,ASO,ES,Towers with Radar,30,54,32,42,158,0,2,43,5,50,30,56,75,47,208,158,2,160,368
07/24/2013,PNS,FL,ASO,ES,Towers with Radar,29,56,23,100,208,0,1,46,7,54,29,57,69,107,262,152,0,152,414
07/25/2013,PNS,FL,ASO,ES,Towers with Radar,29,57,40,42,168,0,1,62,5,68,29,58,102,47,236,222,0,222,458
07/26/2013,PNS,FL,ASO,ES,Towers with Radar,30,54,44,35,163,0,0,57,8,65,30,54,101,43,228,184,22,206,434
07/27/2013,PNS,FL,ASO,ES,Towers with Radar,27,49,20,41,137,0,0,49,13,62,27,49,69,54,199,198,16,214,413
07/28/2013,PNS,FL,ASO,ES,Towers with Radar,28,43,38,28,137,0,0,67,13,80,28,43,105,41,217,154,0,154,371
07/29/2013,PNS,FL,ASO,ES,Towers with Radar,29,59,28,42,158,0,0,44,9,53,29,59,72,51,211,157,26,183,394
07/30/2013,PNS,FL,ASO,ES,Towers with Radar,30,61,23,49,163,0,1,52,7,60,30,62,75,56,223,96,0,96,319
07/31/2013,PNS,FL,ASO,ES,Towers with Radar,29,55,31,38,153,0,0,51,4,55,29,55,82,42,208,180,4,184,392
08/01/2013,PNS,FL,ASO,ES,Towers with Radar,31,60,37,44,172,0,0,29,6,35,31,60,66,50,207,0,0,0,207
08/02/2013,PNS,FL,ASO,ES,Towers with Radar,30,57,30,85,202,0,0,43,13,56,30,57,73,98,258,0,0,0,258
08/03/2013,PNS,FL,ASO,ES,Towers with Radar,27,44,21,17,109,0,0,51,19,70,27,44,72,36,179,0,0,0,179
08/04/2013,PNS,FL,ASO,ES,Towers with Radar,28,42,27,28,125,0,0,55,18,73,28,42,82,46,198,0,0,0,198
08/05/2013,PNS,FL,ASO,ES,Towers with Radar,28,53,20,39,140,0,0,46,1,47,28,53,66,40,187,0,0,0,187
08/06/2013,PNS,FL,ASO,ES,Towers with Radar,30,55,27,20,132,0,1,44,3,48,30,56,71,23,180,0,0,0,180
08/07/2013,PNS,FL,ASO,ES,Towers with Radar,30,54,28,69,181,0,1,59,11,71,30,55,87,80,252,0,0,0,252
08/08/2013,PNS,FL,ASO,ES,Towers with Radar,30,58,35,73,196,0,0,49,9,58,30,58,84,82,254,0,0,0,254
08/09/2013,PNS,FL,ASO,ES,Towers with Radar,30,57,31,76,194,0,0,38,17,55,30,57,69,93,249,0,0,0,249
08/10/2013,PNS,FL,ASO,ES,Towers with Radar,27,44,24,11,106,0,2,44,37,83,27,46,68,48,189,0,0,0,189
08/11/2013,PNS,FL,ASO,ES,Towers with Radar,28,51,23,40,142,0,0,52,20,72,28,51,75,60,214,0,0,0,214
08/12/2013,PNS,FL,ASO,ES,Towers with Radar,27,59,22,70,178,0,0,29,8,37,27,59,51,78,215,0,0,0,215
08/13/2013,PNS,FL,ASO,ES,Towers with Radar,30,53,26,43,152,0,0,30,7,37,30,53,56,50,189,0,0,0,189
08/14/2013,PNS,FL,ASO,ES,Towers with Radar,32,56,21,97,206,0,0,68,17,85,32,56,89,114,291,0,0,0,291
08/15/2013,PNS,FL,ASO,ES,Towers with Radar,30,54,22,29,135,0,1,42,8,51,30,55,64,37,186,0,0,0,186
08/16/2013,PNS,FL,ASO,ES,Towers with Radar,30,56,20,42,148,0,0,2,7,9,30,56,22,49,157,0,0,0,157
08/17/2013,PNS,FL,ASO,ES,Towers with Radar,27,44,5,4,80,0,0,0,2,2,27,44,5,6,82,0,0,0,82
08/18/2013,PNS,FL,ASO,ES,Towers with Radar,29,46,9,35,119,0,0,2,6,8,29,46,11,41,127,0,0,0,127
08/19/2013,PNS,FL,ASO,ES,Towers with Radar,29,58,22,74,183,0,2,61,14,77,29,60,83,88,260,0,0,0,260
08/20/2013,PNS,FL,ASO,ES,Towers with Radar,28,55,16,38,137,0,0,35,7,42,28,55,51,45,179,0,0,0,179
08/21/2013,PNS,FL,ASO,ES,Towers with Radar,28,51,25,30,134,0,0,42,13,55,28,51,67,43,189,0,0,0,189
08/22/2013,PNS,FL,ASO,ES,Towers with Radar,28,50,28,56,162,0,0,59,6,65,28,50,87,62,227,0,0,0,227
08/23/2013,PNS,FL,ASO,ES,Towers with Radar,28,53,34,42,157,0,0,11,18,29,28,53,45,60,186,0,0,0,186
08/24/2013,PNS,FL,ASO,ES,Towers with Radar,23,40,8,20,91,0,0,26,29,55,23,40,34,49,146,0,0,0,146
08/25/2013,PNS,FL,ASO,ES,Towers with Radar,26,39,25,30,120,0,0,36,24,60,26,39,61,54,180,0,0,0,180
08/26/2013,PNS,FL,ASO,ES,Towers with Radar,27,53,24,86,190,0,2,43,9,54,27,55,67,95,244,0,0,0,244
08/27/2013,PNS,FL,ASO,ES,Towers with Radar,28,49,33,38,148,0,2,53,4,59,28,51,86,42,207,0,0,0,207
08/28/2013,PNS,FL,ASO,ES,Towers with Radar,27,44,21,30,122,0,2,71,11,84,27,46,92,41,206,130,0,130,336
08/29/2013,PNS,FL,ASO,ES,Towers with Radar,28,53,31,46,158,0,2,70,14,86,28,55,101,60,244,156,0,156,400
08/30/2013,PNS,FL,ASO,ES,Towers with Radar,28,50,43,28,149,0,1,54,6,61,28,51,97,34,210,136,20,156,366
08/31/2013,PNS,FL,ASO,ES,Towers with Radar,22,41,28,3,94,0,1,59,10,70,22,42,87,13,164,122,10,132,296
09/01/2013,PNS,FL,ASO,ES,Towers with Radar,23,32,12,1,68,0,0,33,0,33,23,32,45,1,101,144,0,144,245
09/02/2013,PNS,FL,ASO,ES,Towers with Radar,27,45,28,7,107,0,0,35,0,35,27,45,63,7,142,80,0,80,222
09/03/2013,PNS,FL,ASO,ES,Towers with Radar,32,50,24,28,134,0,2,33,4,39,32,52,57,32,173,164,10,174,347
09/04/2013,PNS,FL,ASO,ES,Towers with Radar,28,46,28,75,177,0,1,58,9,68,28,47,86,84,245,182,0,182,427
09/05/2013,PNS,FL,ASO,ES,Towers with Radar,28,51,20,61,160,0,0,46,10,56,28,51,66,71,216,234,0,234,450
09/06/2013,PNS,FL,ASO,ES,Towers with Radar,28,51,15,45,139,0,4,52,13,69,28,55,67,58,208,146,0,146,354
09/07/2013,PNS,FL,ASO,ES,Towers with Radar,23,32,12,13,80,0,0,45,22,67,23,32,57,35,147,182,20,202,349
09/08/2013,PNS,FL,ASO,ES,Towers with Radar,26,32,19,55,132,0,1,41,27,69,26,33,60,82,201,142,16,158,359
09/09/2013,PNS,FL,ASO,ES,Towers with Radar,26,50,18,31,125,0,2,44,8,54,26,52,62,39,179,126,12,138,317
09/10/2013,PNS,FL,ASO,ES,Towers with Radar,26,46,34,61,167,0,1,50,8,59,26,47,84,69,226,106,4,110,336
09/11/2013,PNS,FL,ASO,ES,Towers with Radar,28,53,22,61,164,0,0,65,8,73,28,53,87,69,237,192,18,210,447
09/12/2013,PNS,FL,ASO,ES,Towers with Radar,28,44,23,24,119,0,0,59,6,65,28,44,82,30,184,188,0,188,372
09/13/2013,PNS,FL,ASO,ES,Towers with Radar,27,54,21,79,181,0,1,58,29,88,27,55,79,108,269,186,0,186,455
09/14/2013,PNS,FL,ASO,ES,Towers with Radar,24,31,8,29,92,0,1,51,40,92,24,32,59,69,184,170,20,190,374
09/15/2013,PNS,FL,ASO,ES,Towers with Radar,26,38,23,48,135,0,1,38,30,69,26,39,61,78,204,66,0,66,270
09/16/2013,PNS,FL,ASO,ES,Towers with Radar,28,55,14,38,135,0,1,44,2,47,28,56,58,40,182,100,0,100,282
09/17/2013,PNS,FL,ASO,ES,Towers with Radar,29,50,27,30,136,0,0,53,8,61,29,50,80,38,197,194,12,206,403
09/18/2013,PNS,FL,ASO,ES,Towers with Radar,28,44,26,52,150,0,0,45,5,50,28,44,71,57,200,164,18,182,382
09/19/2013,PNS,FL,ASO,ES,Towers with Radar,28,52,33,64,177,0,4,56,2,62,28,56,89,66,239,224,0,224,463
09/20/2013,PNS,FL,ASO,ES,Towers with Radar,28,50,24,84,186,0,1,50,20,71,28,51,74,104,257,178,26,204,461
09/21/2013,PNS,FL,ASO,ES,Towers with Radar,23,30,12,24,89,0,4,6,5,15,23,34,18,29,104,14,0,14,118
09/22/2013,PNS,FL,ASO,ES,Towers with Radar,26,37,28,58,149,0,0,0,11,11,26,37,28,69,160,0,0,0,160
09/23/2013,PNS,FL,ASO,ES,Towers with Radar,27,51,14,39,131,0,2,44,3,49,27,53,58,42,180,195,0,195,375
09/24/2013,PNS,FL,ASO,ES,Towers with Radar,28,47,31,32,138,0,0,0,0,0,28,47,31,32,138,0,0,0,138
09/25/2013,PNS,FL,ASO,ES,Towers with Radar,27,50,39,69,185,0,2,44,7,53,27,52,83,76,238,64,0,64,302
09/26/2013,PNS,FL,ASO,ES,Towers with Radar,29,54,30,70,183,0,1,54,9,64,29,55,84,79,247,272,14,286,533
09/27/2013,PNS,FL,ASO,ES,Towers with Radar,28,50,29,65,172,0,0,58,12,70,28,50,87,77,242,124,4,128,370
09/28/2013,PNS,FL,ASO,ES,Towers with Radar,23,31,14,13,81,0,0,56,25,81,23,31,70,38,162,132,30,162,324
09/29/2013,PNS,FL,ASO,ES,Towers with Radar,26,39,21,34,120,0,1,36,24,61,26,40,57,58,181,102,0,102,283
09/30/2013,PNS,FL,ASO,ES,Towers with Radar,27,52,34,65,178,0,0,48,14,62,27,52,82,79,240,106,28,134,374
10/01/2013,PNS,FL,ASO,ES,Towers with Radar,27,49,18,54,148,0,0,29,0,29,27,49,47,54,177,116,0,116,293
10/02/2013,PNS,FL,ASO,ES,Towers with Radar,28,55,23,48,154,0,1,5,1,7,28,56,28,49,161,12,0,12,173
10/03/2013,PNS,FL,ASO,ES,Towers with Radar,28,60,33,56,177,0,1,50,1,52,28,61,83,57,229,176,0,176,405
10/04/2013,PNS,FL,ASO,ES,Towers with Radar,28,49,19,0,96,0,0,52,1,53,28,49,71,1,149,166,0,166,315
10/05/2013,PNS,FL,ASO,ES,Towers with Radar,27,34,13,0,74,0,3,17,0,20,27,37,30,0,94,74,0,74,168
10/06/2013,PNS,FL,ASO,ES,Towers with Radar,25,26,8,0,59,0,1,14,0,15,25,27,22,0,74,110,0,110,184
10/07/2013,PNS,FL,ASO,ES,Towers with Radar,29,50,16,27,122,0,0,39,10,49,29,50,55,37,171,92,52,144,315
10/08/2013,PNS,FL,ASO,ES,Towers with Radar,30,53,29,39,151,0,0,63,9,72,30,53,92,48,223,198,0,198,421
10/09/2013,PNS,FL,ASO,ES,Towers with Radar,26,46,33,40,145,0,0,40,2,42,26,46,73,42,187,144,0,144,331
10/10/2013,PNS,FL,ASO,ES,Towers with Radar,28,60,33,34,155,2,4,66,2,74,30,64,99,36,229,202,0,202,431
10/11/2013,PNS,FL,ASO,ES,Towers with Radar,28,54,34,23,139,0,0,87,0,87,28,54,121,23,226,198,0,198,424
10/12/2013,PNS,FL,ASO,ES,Towers with Radar,23,33,22,0,78,0,1,65,0,66,23,34,87,0,144,198,0,198,342
10/13/2013,PNS,FL,ASO,ES,Towers with Radar,26,39,26,0,91,0,0,52,1,53,26,39,78,1,144,150,0,150,294
10/14/2013,PNS,FL,ASO,ES,Towers with Radar,27,55,39,0,121,0,1,54,0,55,27,56,93,0,176,174,0,174,350
10/15/2013,PNS,FL,ASO,ES,Towers with Radar,28,49,27,21,125,0,0,64,1,65,28,49,91,22,190,234,0,234,424
10/16/2013,PNS,FL,ASO,ES,Towers with Radar,27,52,36,68,183,0,0,48,9,57,27,52,84,77,240,136,2,138,378
10/17/2013,PNS,FL,ASO,ES,Towers with Radar,28,52,31,40,151,0,0,36,4,40,28,52,67,44,191,184,8,192,383
10/18/2013,PNS,FL,ASO,ES,Towers with Radar,30,53,44,43,170,0,0,44,16,60,30,53,88,59,230,160,8,168,398
10/19/2013,PNS,FL,ASO,ES,Towers with Radar,23,33,18,37,111,0,0,16,25,41,23,33,34,62,152,96,10,106,258
10/20/2013,PNS,FL,ASO,ES,Towers with Radar,23,38,44,12,117,0,3,52,15,70,23,41,96,27,187,114,6,120,307
10/21/2013,PNS,FL,ASO,ES,Towers with Radar,27,50,20,23,120,0,0,41,2,43,27,50,61,25,163,80,0,80,243
10/22/2013,PNS,FL,ASO,ES,Towers with Radar,28,50,15,27,120,0,18,41,3,62,28,68,56,30,182,192,0,192,374
10/23/2013,PNS,FL,ASO,ES,Towers with Radar,28,54,34,10,126,0,1,56,4,61,28,55,90,14,187,108,0,108,295
10/24/2013,PNS,FL,ASO,ES,Towers with Radar,28,52,30,24,134,0,7,56,2,65,28,59,86,26,199,116,0,116,315
10/25/2013,PNS,FL,ASO,ES,Towers with Radar,28,56,37,67,188,0,4,68,8,80,28,60,105,75,268,110,0,110,378
10/26/2013,PNS,FL,ASO,ES,Towers with Radar,23,34,21,16,94,0,2,57,18,77,23,36,78,34,171,162,6,168,339
10/27/2013,PNS,FL,ASO,ES,Towers with Radar,27,35,26,28,116,0,2,65,11,78,27,37,91,39,194,88,0,88,282
10/28/2013,PNS,FL,ASO,ES,Towers with Radar,27,50,21,38,136,0,0,31,3,34,27,50,52,41,170,64,0,64,234
10/29/2013,PNS,FL,ASO,ES,Towers with Radar,28,51,18,67,164,0,2,57,15,74,28,53,75,82,238,110,30,140,378
10/30/2013,PNS,FL,ASO,ES,Towers with Radar,28,49,34,26,137,0,0,47,4,51,28,49,81,30,188,186,0,186,374
10/31/2013,PNS,FL,ASO,ES,Towers with Radar,27,55,23,48,153,0,0,49,8,57,27,55,72,56,210,138,4,142,352
11/01/2013,PNS,FL,ASO,ES,Towers with Radar,27,54,13,47,141,0,0,1,3,4,27,54,14,50,145,0,0,0,145
11/02/2013,PNS,FL,ASO,ES,Towers with Radar,22,32,20,17,91,0,2,62,14,78,22,34,82,31,169,164,12,176,345
11/03/2013,PNS,FL,ASO,ES,Towers with Radar,24,43,29,33,129,0,0,60,13,73,24,43,89,46,202,94,12,106,308
11/04/2013,PNS,FL,ASO,ES,Towers with Radar,27,52,26,45,150,0,0,57,18,75,27,52,83,63,225,144,28,172,397
11/05/2013,PNS,FL,ASO,ES,Towers with Radar,27,53,23,30,133,0,2,44,4,50,27,55,67,34,183,126,0,126,309
11/06/2013,PNS,FL,ASO,ES,Towers with Radar,28,51,26,62,167,0,0,34,5,39,28,51,60,67,206,147,0,147,353
11/07/2013,PNS,FL,ASO,ES,Towers with Radar,27,60,26,58,171,0,3,13,4,20,27,63,39,62,191,34,4,38,229
11/08/2013,PNS,FL,ASO,ES,Towers with Radar,28,51,30,45,154,0,0,60,4,64,28,51,90,49,218,183,0,183,401
11/09/2013,PNS,FL,ASO,ES,Towers with Radar,23,39,15,7,84,0,0,53,7,60,23,39,68,14,144,126,0,126,270
11/10/2013,PNS,FL,ASO,ES,Towers with Radar,26,40,23,18,107,0,0,64,4,68,26,40,87,22,175,80,2,82,257
11/11/2013,PNS,FL,ASO,ES,Towers with Radar,27,53,25,1,106,0,0,59,0,59,27,53,84,1,165,104,0,104,269
11/12/2013,PNS,FL,ASO,ES,Towers with Radar,28,50,26,26,130,0,4,48,9,61,28,54,74,35,191,100,0,100,291
11/13/2013,PNS,FL,ASO,ES,Towers with Radar,26,49,21,39,135,0,0,43,15,58,26,49,64,54,193,122,44,166,359
11/14/2013,PNS,FL,ASO,ES,Towers with Radar,28,56,42,37,163,0,0,65,3,68,28,56,107,40,231,132,0,132,363
11/15/2013,PNS,FL,ASO,ES,Towers with Radar,28,50,30,50,158,0,0,0,5,5,28,50,30,55,163,0,0,0,163
11/16/2013,PNS,FL,ASO,ES,Towers with Radar,31,39,23,52,145,0,0,6,9,15,31,39,29,61,160,18,12,30,190
11/17/2013,PNS,FL,ASO,ES,Towers with Radar,24,35,25,79,163,0,0,5,6,11,24,35,30,85,174,0,0,0,174
11/18/2013,PNS,FL,ASO,ES,Towers with Radar,29,54,11,51,145,0,0,17,3,20,29,54,28,54,165,91,24,115,280
11/19/2013,PNS,FL,ASO,ES,Towers with Radar,28,46,24,60,158,0,3,68,9,80,28,49,92,69,238,218,0,218,456
11/20/2013,PNS,FL,ASO,ES,Towers with Radar,28,46,40,64,178,0,0,70,9,79,28,46,110,73,257,186,16,202,459
11/21/2013,PNS,FL,ASO,ES,Towers with Radar,28,48,32,98,206,0,0,12,1,13,28,48,44,99,219,156,0,156,375
11/22/2013,PNS,FL,ASO,ES,Towers with Radar,30,52,22,99,203,0,0,2,2,4,30,52,24,101,207,0,0,0,207
11/23/2013,PNS,FL,ASO,ES,Towers with Radar,25,34,10,24,93,0,0,3,5,8,25,34,13,29,101,0,0,0,101
11/24/2013,PNS,FL,ASO,ES,Towers with Radar,24,26,9,33,92,0,0,51,14,65,24,26,60,47,157,168,4,172,329
11/25/2013,PNS,FL,ASO,ES,Towers with Radar,25,42,19,64,150,0,0,32,0,32,25,42,51,64,182,196,0,196,378
11/26/2013,PNS,FL,ASO,ES,Towers with Radar,36,61,8,8,113,0,0,0,0,0,36,61,8,8,113,0,0,0,113
11/27/2013,PNS,FL,ASO,ES,Towers with Radar,31,57,32,0,120,0,1,17,0,18,31,58,49,0,138,34,0,34,172
11/28/2013,PNS,FL,ASO,ES,Towers with Radar,18,28,4,0,50,0,3,20,0,23,18,31,24,0,73,28,0,28,101
11/29/2013,PNS,FL,ASO,ES,Towers with Radar,22,39,13,0,74,0,2,68,1,71,22,41,81,1,145,72,0,72,217
11/30/2013,PNS,FL,ASO,ES,Towers with Radar,27,43,24,0,94,2,2,40,0,44,29,45,64,0,138,52,0,52,190
12/01/2013,PNS,FL,ASO,ES,Towers with Radar,29,36,25,1,91,0,4,49,0,53,29,40,74,1,144,76,0,76,220
12/02/2013,PNS,FL,ASO,ES,Towers with Radar,28,50,26,74,178,0,0,60,1,61,28,50,86,75,239,140,0,140,379
12/03/2013,PNS,FL,ASO,ES,Towers with Radar,30,49,30,59,168,0,1,30,8,39,30,50,60,67,207,84,0,84,291
12/04/2013,PNS,FL,ASO,ES,Towers with Radar,30,46,19,38,133,0,1,0,2,3,30,47,19,40,136,0,0,0,136
12/05/2013,PNS,FL,ASO,ES,Towers with Radar,30,46,38,67,181,0,0,13,1,14,30,46,51,68,195,32,0,32,227
12/06/2013,PNS,FL,ASO,ES,Towers with Radar,28,36,17,62,143,0,0,1,0,1,28,36,18,62,144,0,0,0,144
12/07/2013,PNS,FL,ASO,ES,Towers with Radar,21,24,28,33,106,0,0,2,0,2,21,24,30,33,108,0,0,0,108
12/08/2013,PNS,FL,ASO,ES,Towers with Radar,25,28,37,67,157,0,0,11,6,17,25,28,48,73,174,28,0,28,202
12/09/2013,PNS,FL,ASO,ES,Towers with Radar,27,45,16,51,139,0,0,0,0,0,27,45,16,51,139,0,0,0,139
12/10/2013,PNS,FL,ASO,ES,Towers with Radar,28,48,31,42,149,0,0,21,3,24,28,48,52,45,173,50,6,56,229
12/11/2013,PNS,FL,ASO,ES,Towers with Radar,28,55,27,36,146,0,1,71,0,72,28,56,98,36,218,110,0,110,328
12/12/2013,PNS,FL,ASO,ES,Towers with Radar,30,52,40,26,148,0,2,65,8,75,30,54,105,34,223,180,10,190,413
12/13/2013,PNS,FL,ASO,ES,Towers with Radar,28,57,22,65,172,0,2,56,15,73,28,59,78,80,245,114,0,114,359
12/14/2013,PNS,FL,ASO,ES,Towers with Radar,21,29,8,40,98,0,0,15,9,24,21,29,23,49,122,64,0,64,186
12/15/2013,PNS,FL,ASO,ES,Towers with Radar,24,32,14,27,97,0,0,29,15,44,24,32,43,42,141,48,4,52,193
12/16/2013,PNS,FL,ASO,ES,Towers with Radar,26,48,13,46,133,0,0,37,11,48,26,48,50,57,181,122,30,152,333
12/17/2013,PNS,FL,ASO,ES,Towers with Radar,32,49,20,51,152,0,2,57,2,61,32,51,77,53,213,132,0,132,345
12/18/2013,PNS,FL,ASO,ES,Towers with Radar,32,47,22,50,151,0,0,53,8,61,32,47,75,58,212,158,0,158,370
12/19/2013,PNS,FL,ASO,ES,Towers with Radar,32,56,34,65,187,0,2,40,7,49,32,58,74,72,236,66,0,66,302
12/20/2013,PNS,FL,ASO,ES,Towers with Radar,31,54,27,66,178,0,3,23,8,34,31,57,50,74,212,14,6,20,232
12/21/2013,PNS,FL,ASO,ES,Towers with Radar,28,46,24,4,102,0,0,0,0,0,28,46,24,4,102,0,0,0,102
12/22/2013,PNS,FL,ASO,ES,Towers with Radar,26,40,4,1,71,0,0,0,0,0,26,40,4,1,71,0,0,0,71
12/23/2013,PNS,FL,ASO,ES,Towers with Radar,25,53,22,19,119,0,0,2,1,3,25,53,24,20,122,6,0,6,128
12/24/2013,PNS,FL,ASO,ES,Towers with Radar,30,43,9,0,82,0,1,19,0,20,30,44,28,0,102,0,0,0,102
12/25/2013,PNS,FL,ASO,ES,Towers with Radar,18,31,5,0,54,0,0,14,2,16,18,31,19,2,70,0,0,0,70
12/26/2013,PNS,FL,ASO,ES,Towers with Radar,30,55,32,13,130,0,1,33,1,35,30,56,65,14,165,50,0,50,215
12/27/2013,PNS,FL,ASO,ES,Towers with Radar,28,56,27,20,131,0,3,43,0,46,28,59,70,20,177,80,0,80,257
12/28/2013,PNS,FL,ASO,ES,Towers with Radar,37,35,6,0,78,0,0,1,0,1,37,35,7,0,79,0,0,0,79
12/29/2013,PNS,FL,ASO,ES,Towers with Radar,24,36,26,0,86,0,0,18,0,18,24,36,44,0,104,12,0,12,116
12/30/2013,PNS,FL,ASO,ES,Towers with Radar,27,54,21,27,129,0,3,46,2,51,27,57,67,29,180,84,0,84,264
12/31/2013,PNS,FL,ASO,ES,Towers with Radar,26,44,19,0,89,0,0,27,0,27,26,44,46,0,116,90,0,90,206
01/01/2014,PNS,FL,ASO,ES,Towers with Radar,20,39,7,0,66,0,0,8,0,8,20,39,15,0,74,14,0,14,88
01/02/2014,PNS,FL,ASO,ES,Towers with Radar,28,51,12,6,97,0,1,10,0,11,28,52,22,6,108,36,0,36,144
01/03/2014,PNS,FL,ASO,ES,Towers with Radar,28,52,33,21,134,0,0,44,6,50,28,52,77,27,184,52,0,52,236
01/04/2014,PNS,FL,ASO,ES,Towers with Radar,25,34,30,16,105,0,0,60,10,70,25,34,90,26,175,198,0,198,373
01/05/2014,PNS,FL,ASO,ES,Towers with Radar,26,34,21,39,120,0,1,6,5,12,26,35,27,44,132,36,0,36,168
01/06/2014,PNS,FL,ASO,ES,Towers with Radar,26,47,11,18,102,0,0,14,7,21,26,47,25,25,123,4,0,4,127
01/07/2014,PNS,FL,ASO,ES,Towers with Radar,27,49,29,34,139,0,7,41,2,50,27,56,70,36,189,142,0,142,331
01/08/2014,PNS,FL,ASO,ES,Towers with Radar,28,45,25,37,135,0,4,31,7,42,28,49,56,44,177,160,0,160,337
01/09/2014,PNS,FL,ASO,ES,Towers with Radar,28,48,23,31,130,0,0,32,1,33,28,48,55,32,163,128,34,162,325
01/10/2014,PNS,FL,ASO,ES,Towers with Radar,30,50,37,25,142,0,0,0,0,0,30,50,37,25,142,0,0,0,142
01/11/2014,PNS,FL,ASO,ES,Towers with Radar,24,26,12,39,101,0,0,28,14,42,24,26,40,53,143,36,20,56,199
01/12/2014,PNS,FL,ASO,ES,Towers with Radar,26,35,25,16,102,0,3,57,22,82,26,38,82,38,184,122,10,132,316
01/13/2014,PNS,FL,ASO,ES,Towers with Radar,27,40,15,28,110,0,2,17,3,22,27,42,32,31,132,16,0,16,148
01/14/2014,PNS,FL,ASO,ES,Towers with Radar,28,51,35,45,159,0,2,86,1,89,28,53,121,46,248,242,0,242,490
01/15/2014,PNS,FL,ASO,ES,Towers with Radar,27,48,48,42,165,0,1,48,8,57,27,49,96,50,222,178,0,178,400
01/16/2014,PNS,FL,ASO,ES,Towers with Radar,29,48,26,49,152,0,0,68,3,71,29,48,94,52,223,182,0,182,405
01/17/2014,PNS,FL,ASO,ES,Towers with Radar,28,52,32,46,158,0,0,55,28,83,28,52,87,74,241,132,6,138,379
01/18/2014,PNS,FL,ASO,ES,Towers with Radar,25,30,31,39,125,0,3,61,28,92,25,33,92,67,217,206,0,206,423
01/19/2014,PNS,FL,ASO,ES,Towers with Radar,22,34,31,38,125,0,0,57,27,84,22,34,88,65,209,116,16,132,341
01/20/2014,PNS,FL,ASO,ES,Towers with Radar,27,45,24,10,106,0,0,33,2,35,27,45,57,12,141,94,10,104,245
01/21/2014,PNS,FL,ASO,ES,Towers with Radar,28,43,18,37,126,0,0,27,12,39,28,43,45,49,165,26,0,26,191
01/22/2014,PNS,FL,ASO,ES,Towers with Radar,28,44,33,48,153,0,0,57,5,62,28,44,90,53,215,260,0,260,475
01/23/2014,PNS,FL,ASO,ES,Towers with Radar,30,40,30,33,133,0,0,57,3,60,30,40,87,36,193,126,0,126,319
01/24/2014,PNS,FL,ASO,ES,Towers with Radar,28,43,22,13,106,0,1,22,8,31,28,44,44,21,137,100,0,100,237
01/25/2014,PNS,FL,ASO,ES,Towers with Radar,25,24,16,34,99,0,2,54,21,77,25,26,70,55,176,178,18,196,372
01/26/2014,PNS,FL,ASO,ES,Towers with Radar,26,39,42,36,143,0,1,51,20,72,26,40,93,56,215,70,26,96,311
01/27/2014,PNS,FL,ASO,ES,Towers with Radar,27,46,19,50,142,0,0,12,0,12,27,46,31,50,154,0,0,0,154
01/28/2014,PNS,FL,ASO,ES,Towers with Radar,8,9,6,1,24,0,0,6,0,6,8,9,12,1,30,18,0,18,48
01/29/2014,PNS,FL,ASO,ES,Towers with Radar,0,0,0,0,0,0,0,0,0,0,0,0,0,0,0,0,0,0,0
01/30/2014,PNS,FL,ASO,ES,Towers with Radar,16,49,17,20,102,0,0,29,6,35,16,49,46,26,137,76,16,92,229
01/31/2014,PNS,FL,ASO,ES,Towers with Radar,26,48,25,46,145,0,0,48,3,51,26,48,73,49,196,168,0,168,364
02/01/2014,PNS,FL,ASO,ES,Towers with Radar,23,33,42,21,119,0,0,39,3,42,23,33,81,24,161,162,0,162,323
02/02/2014,PNS,FL,ASO,ES,Towers with Radar,22,23,6,14,65,0,0,0,0,0,22,23,6,14,65,0,0,0,65
02/03/2014,PNS,FL,ASO,ES,Towers with Radar,26,52,35,64,177,0,0,11,2,13,26,52,46,66,190,96,12,108,298
02/04/2014,PNS,FL,ASO,ES,Towers with Radar,22,29,24,10,85,0,0,0,0,0,22,29,24,10,85,0,0,0,85
02/05/2014,PNS,FL,ASO,ES,Towers with Radar,27,40,36,20,123,0,0,57,2,59,27,40,93,22,182,122,0,122,304
02/06/2014,PNS,FL,ASO,ES,Towers with Radar,28,43,25,20,116,0,0,47,1,48,28,43,72,21,164,126,0,126,290
02/07/2014,PNS,FL,ASO,ES,Towers with Radar,27,41,24,18,110,0,0,57,9,66,27,41,81,27,176,216,0,216,392
02/08/2014,PNS,FL,ASO,ES,Towers with Radar,27,24,20,56,127,0,0,68,19,87,27,24,88,75,214,130,22,152,366
02/09/2014,PNS,FL,ASO,ES,Towers with Radar,26,27,26,5,84,0,6,56,9,71,26,33,82,14,155,148,12,160,315
02/10/2014,PNS,FL,ASO,ES,Towers with Radar,25,40,27,57,149,0,0,21,2,23,25,40,48,59,172,154,0,154,326
02/11/2014,PNS,FL,ASO,ES,Towers with Radar,24,44,26,3,97,0,0,0,0,0,24,44,26,3,97,0,0,0,97
02/12/2014,PNS,FL,ASO,ES,Towers with Radar,15,45,24,3,87,0,0,0,0,0,15,45,24,3,87,0,0,0,87
02/13/2014,PNS,FL,ASO,ES,Towers with Radar,17,42,44,28,131,0,1,54,7,62,17,43,98,35,193,168,0,168,361
02/14/2014,PNS,FL,ASO,ES,Towers with Radar,26,38,35,69,168,0,1,54,34,89,26,39,89,103,257,114,12,126,383
02/15/2014,PNS,FL,ASO,ES,Towers with Radar,23,27,23,19,92,0,1,88,29,118,23,28,111,48,210,162,4,166,376
02/16/2014,PNS,FL,ASO,ES,Towers with Radar,25,31,31,26,113,0,1,58,27,86,25,32,89,53,199,164,16,180,379
02/17/2014,PNS,FL,ASO,ES,Towers with Radar,26,41,32,15,114,0,0,61,8,69,26,41,93,23,183,150,10,160,343
02/18/2014,PNS,FL,ASO,ES,Towers with Radar,28,45,25,79,177,0,0,14,4,18,28,45,39,83,195,46,0,46,241
02/19/2014,PNS,FL,ASO,ES,Towers with Radar,30,49,31,47,157,0,0,4,0,4,30,49,35,47,161,30,0,30,191
02/20/2014,PNS,FL,ASO,ES,Towers with Radar,30,36,19,30,115,0,0,0,0,0,30,36,19,30,115,0,0,0,115
02/21/2014,PNS,FL,ASO,ES,Towers with Radar,31,40,24,32,127,0,0,37,12,49,31,40,61,44,176,82,10,92,268
02/22/2014,PNS,FL,ASO,ES,Towers with Radar,23,28,26,31,108,0,1,67,12,80,23,29,93,43,188,188,12,200,388
02/23/2014,PNS,FL,ASO,ES,Towers with Radar,36,17,6,10,69,0,0,1,0,1,36,17,7,10,70,0,0,0,70
02/24/2014,PNS,FL,ASO,ES,Towers with Radar,27,41,23,27,118,0,0,45,6,51,27,41,68,33,169,142,4,146,315
02/25/2014,PNS,FL,ASO,ES,Towers with Radar,28,43,27,32,130,0,5,56,2,63,28,48,83,34,193,106,0,106,299
02/26/2014,PNS,FL,ASO,ES,Towers with Radar,30,44,29,8,111,0,0,3,0,3,30,44,32,8,114,0,0,0,114
02/27/2014,PNS,FL,ASO,ES,Towers with Radar,28,45,34,38,145,0,1,68,7,76,28,46,102,45,221,198,0,198,419
02/28/2014,PNS,FL,ASO,ES,Towers with Radar,28,43,39,76,186,0,0,57,17,74,28,43,96,93,260,130,0,130,390
03/01/2014,PNS,FL,ASO,ES,Towers with Radar,23,32,22,43,120,0,0,91,23,114,23,32,113,66,234,110,12,122,356
03/02/2014,PNS,FL,ASO,ES,Towers with Radar,26,31,29,47,133,0,0,55,10,65,26,31,84,57,198,98,0,98,296
03/03/2014,PNS,FL,ASO,ES,Towers with Radar,25,45,28,32,130,0,1,24,1,26,25,46,52,33,156,58,0,58,214
03/04/2014,PNS,FL,ASO,ES,Towers with Radar,28,38,19,45,130,0,0,11,1,12,28,38,30,46,142,40,0,40,182
03/05/2014,PNS,FL,ASO,ES,Towers with Radar,28,42,19,33,122,0,0,20,1,21,28,42,39,34,143,40,0,40,183
03/06/2014,PNS,FL,ASO,ES,Towers with Radar,28,47,19,4,98,0,0,1,0,1,28,47,20,4,99,0,0,0,99
03/07/2014,PNS,FL,ASO,ES,Towers with Radar,28,51,64,31,174,0,0,47,7,54,28,51,111,38,228,42,0,42,270
03/08/2014,PNS,FL,ASO,ES,Towers with Radar,26,34,28,24,112,0,4,84,13,101,26,38,112,37,213,130,2,132,345
03/09/2014,PNS,FL,ASO,ES,Towers with Radar,26,36,39,27,128,0,0,69,16,85,26,36,108,43,213,118,0,118,331
03/10/2014,PNS,FL,ASO,ES,Towers with Radar,27,45,19,32,123,0,0,52,3,55,27,45,71,35,178,90,10,100,278
03/11/2014,PNS,FL,ASO,ES,Towers with Radar,30,46,27,75,178,0,0,18,1,19,30,46,45,76,197,64,0,64,261
03/12/2014,PNS,FL,ASO,ES,Towers with Radar,28,46,35,69,178,0,1,29,3,33,28,47,64,72,211,132,0,132,343
03/13/2014,PNS,FL,ASO,ES,Towers with Radar,32,52,32,21,137,0,1,65,10,76,32,53,97,31,213,230,0,230,443
03/14/2014,PNS,FL,ASO,ES,Towers with Radar,28,57,45,59,189,0,1,69,12,82,28,58,114,71,271,132,0,132,403
03/15/2014,PNS,FL,ASO,ES,Towers with Radar,29,39,38,65,171,0,0,20,5,25,29,39,58,70,196,54,0,54,250
03/16/2014,PNS,FL,ASO,ES,Towers with Radar,26,29,20,28,103,0,0,1,0,1,26,29,21,28,104,0,0,0,104
03/17/2014,PNS,FL,ASO,ES,Towers with Radar,30,47,28,65,170,0,0,0,0,0,30,47,28,65,170,0,0,0,170
03/18/2014,PNS,FL,ASO,ES,Towers with Radar,31,50,35,76,192,0,0,72,7,79,31,50,107,83,271,130,14,144,415
03/19/2014,PNS,FL,ASO,ES,Towers with Radar,29,49,37,38,153,0,0,52,7,59,29,49,89,45,212,174,0,174,386
03/20/2014,PNS,FL,ASO,ES,Towers with Radar,29,45,25,23,122,0,1,63,10,74,29,46,88,33,196,176,0,176,372
03/21/2014,PNS,FL,ASO,ES,Towers with Radar,31,49,35,59,174,0,0,69,7,76,31,49,104,66,250,154,0,154,404
03/22/2014,PNS,FL,ASO,ES,Towers with Radar,27,38,33,42,140,0,1,32,15,48,27,39,65,57,188,96,18,114,302
03/23/2014,PNS,FL,ASO,ES,Towers with Radar,33,33,20,28,114,0,0,6,5,11,33,33,26,33,125,30,0,30,155
03/24/2014,PNS,FL,ASO,ES,Towers with Radar,28,44,40,24,136,0,3,51,4,58,28,47,91,28,194,108,0,108,302
03/25/2014,PNS,FL,ASO,ES,Towers with Radar,28,45,23,44,140,0,1,38,12,51,28,46,61,56,191,110,0,110,301
03/26/2014,PNS,FL,ASO,ES,Towers with Radar,28,46,28,35,137,0,2,50,2,54,28,48,78,37,191,152,0,152,343
03/27/2014,PNS,FL,ASO,ES,Towers with Radar,30,48,26,31,135,0,1,26,4,31,30,49,52,35,166,116,4,120,286
03/28/2014,PNS,FL,ASO,ES,Towers with Radar,32,46,16,17,111,0,0,4,10,14,32,46,20,27,125,0,0,0,125
03/29/2014,PNS,FL,ASO,ES,Towers with Radar,27,39,18,46,130,0,1,44,22,67,27,40,62,68,197,148,24,172,369
03/30/2014,PNS,FL,ASO,ES,Towers with Radar,24,38,22,28,112,0,2,78,21,101,24,40,100,49,213,186,4,190,403
03/31/2014,PNS,FL,ASO,ES,Towers with Radar,27,49,30,42,148,0,0,65,7,72,27,49,95,49,220,198,8,206,426
04/01/2014,PNS,FL,ASO,ES,Towers with Radar,28,42,23,59,152,0,6,68,8,82,28,48,91,67,234,124,8,132,366
04/02/2014,PNS,FL,ASO,ES,Towers with Radar,28,51,27,56,162,0,0,19,10,29,28,51,46,66,191,103,0,103,294
04/03/2014,PNS,FL,ASO,ES,Towers with Radar,28,41,26,36,131,0,0,34,6,40,28,41,60,42,171,150,0,150,321
04/04/2014,PNS,FL,ASO,ES,Towers with Radar,30,47,18,29,124,0,0,8,5,13,30,47,26,34,137,50,0,50,187
04/05/2014,PNS,FL,ASO,ES,Towers with Radar,25,33,14,14,86,0,1,18,7,26,25,34,32,21,112,52,52,104,216
04/06/2014,PNS,FL,ASO,ES,Towers with Radar,24,29,17,8,78,0,0,0,2,2,24,29,17,10,80,0,0,0,80
04/07/2014,PNS,FL,ASO,ES,Towers with Radar,25,41,11,40,117,0,1,7,7,15,25,42,18,47,132,28,0,28,160
04/08/2014,PNS,FL,ASO,ES,Towers with Radar,28,41,29,70,168,0,0,44,2,46,28,41,73,72,214,103,0,103,317
04/09/2014,PNS,FL,ASO,ES,Towers with Radar,28,47,20,24,119,0,1,46,7,54,28,48,66,31,173,158,12,170,343
04/10/2014,PNS,FL,ASO,ES,Towers with Radar,29,49,36,50,164,0,1,60,6,67,29,50,96,56,231,54,0,54,285
04/11/2014,PNS,FL,ASO,ES,Towers with Radar,28,49,20,69,166,0,2,35,9,46,28,51,55,78,212,76,0,76,288
04/12/2014,PNS,FL,ASO,ES,Towers with Radar,25,35,13,47,120,0,0,56,32,88,25,35,69,79,208,174,4,178,386
04/13/2014,PNS,FL,ASO,ES,Towers with Radar,26,33,23,47,129,0,0,51,21,72,26,33,74,68,201,144,2,146,347
04/14/2014,PNS,FL,ASO,ES,Towers with Radar,29,45,21,56,151,0,0,16,1,17,29,45,37,57,168,66,16,82,250
04/15/2014,PNS,FL,ASO,ES,Towers with Radar,28,43,22,47,140,0,1,8,7,16,28,44,30,54,156,12,12,24,180
04/16/2014,PNS,FL,ASO,ES,Towers with Radar,28,51,37,27,143,0,0,70,3,73,28,51,107,30,216,178,0,178,394
04/17/2014,PNS,FL,ASO,ES,Towers with Radar,28,50,38,31,147,0,0,41,1,42,28,50,79,32,189,136,0,136,325
04/18/2014,PNS,FL,ASO,ES,Towers with Radar,24,44,23,16,107,0,0,1,1,2,24,44,24,17,109,0,0,0,109
04/19/2014,PNS,FL,ASO,ES,Towers with Radar,25,35,20,15,95,0,0,47,4,51,25,35,67,19,146,138,0,138,284
04/20/2014,PNS,FL,ASO,ES,Towers with Radar,26,34,26,4,90,0,3,30,3,36,26,37,56,7,126,100,0,100,226
04/21/2014,PNS,FL,ASO,ES,Towers with Radar,27,48,42,65,182,0,0,44,7,51,27,48,86,72,233,72,0,72,305
04/22/2014,PNS,FL,ASO,ES,Towers with Radar,28,42,35,41,146,0,0,42,1,43,28,42,77,42,189,68,0,68,257
04/23/2014,PNS,FL,ASO,ES,Towers with Radar,28,44,25,18,115,0,0,67,5,72,28,44,92,23,187,146,8,154,341
04/24/2014,PNS,FL,ASO,ES,Towers with Radar,28,53,38,51,170,0,3,45,3,51,28,56,83,54,221,178,0,178,399
04/25/2014,PNS,FL,ASO,ES,Towers with Radar,28,48,39,60,175,0,2,57,9,68,28,50,96,69,243,164,0,164,407
04/26/2014,PNS,FL,ASO,ES,Towers with Radar,25,38,24,27,114,0,0,36,28,64,25,38,60,55,178,98,0,98,276
04/27/2014,PNS,FL,ASO,ES,Towers with Radar,25,36,39,74,174,0,0,12,16,28,25,36,51,90,202,0,0,0,202
04/28/2014,PNS,FL,ASO,ES,Towers with Radar,28,41,35,72,176,0,0,16,3,19,28,41,51,75,195,32,0,32,227
04/29/2014,PNS,FL,ASO,ES,Towers with Radar,19,30,8,23,80,0,0,4,3,7,19,30,12,26,87,18,0,18,105
04/30/2014,PNS,FL,ASO,ES,Towers with Radar,16,33,26,5,80,0,0,7,0,7,16,33,33,5,87,0,0,0,87
05/01/2014,PNS,FL,ASO,ES,Towers with Radar,29,53,33,20,135,0,0,68,4,72,29,53,101,24,207,138,2,140,347
05/02/2014,PNS,FL,ASO,ES,Towers with Radar,28,43,22,51,144,0,2,54,8,64,28,45,76,59,208,102,0,102,310
05/03/2014,PNS,FL,ASO,ES,Towers with Radar,25,35,17,15,92,0,1,63,14,78,25,36,80,29,170,90,28,118,288
05/04/2014,PNS,FL,ASO,ES,Towers with Radar,26,33,34,29,122,0,3,71,15,89,26,36,105,44,211,110,0,110,321
05/05/2014,PNS,FL,ASO,ES,Towers with Radar,27,44,27,75,173,0,2,80,6,88,27,46,107,81,261,159,4,163,424
05/06/2014,PNS,FL,ASO,ES,Towers with Radar,28,51,31,45,155,0,2,64,5,71,28,53,95,50,226,136,0,136,362
05/07/2014,PNS,FL,ASO,ES,Towers with Radar,29,52,35,51,167,0,3,59,15,77,29,55,94,66,244,120,0,120,364
05/08/2014,PNS,FL,ASO,ES,Towers with Radar,30,49,33,59,171,0,0,60,5,65,30,49,93,64,236,126,0,126,362
05/09/2014,PNS,FL,ASO,ES,Towers with Radar,32,42,46,55,175,0,0,1,3,4,32,42,47,58,179,0,0,0,179
05/10/2014,PNS,FL,ASO,ES,Towers with Radar,29,30,21,33,113,0,2,6,6,14,29,32,27,39,127,10,0,10,137
05/11/2014,PNS,FL,ASO,ES,Towers with Radar,28,34,27,58,147,0,0,24,6,30,28,34,51,64,177,74,0,74,251
05/12/2014,PNS,FL,ASO,ES,Towers with Radar,32,49,37,58,176,0,1,29,2,32,32,50,66,60,208,120,0,120,328
05/13/2014,PNS,FL,ASO,ES,Towers with Radar,31,42,33,44,150,0,0,70,8,78,31,42,103,52,228,98,8,106,334
05/14/2014,PNS,FL,ASO,ES,Towers with Radar,31,43,16,0,90,0,0,0,0,0,31,43,16,0,90,0,0,0,90
05/15/2014,PNS,FL,ASO,ES,Towers with Radar,31,43,41,37,152,0,1,49,8,58,31,44,90,45,210,120,0,120,330
05/16/2014,PNS,FL,ASO,ES,Towers with Radar,32,44,48,29,153,0,0,74,18,92,32,44,122,47,245,132,68,200,445
05/17/2014,PNS,FL,ASO,ES,Towers with Radar,29,31,31,40,131,0,3,77,24,104,29,34,108,64,235,116,12,128,363
05/18/2014,PNS,FL,ASO,ES,Towers with Radar,30,30,30,27,117,0,0,71,11,82,30,30,101,38,199,140,8,148,347
05/19/2014,PNS,FL,ASO,ES,Towers with Radar,31,44,28,48,151,0,0,46,7,53,31,44,74,55,204,92,0,92,296
05/20/2014,PNS,FL,ASO,ES,Towers with Radar,31,45,37,33,146,0,0,68,6,74,31,45,105,39,220,150,0,150,370
05/21/2014,PNS,FL,ASO,ES,Towers with Radar,32,46,31,46,155,0,2,49,2,53,32,48,80,48,208,104,0,104,312
05/22/2014,PNS,FL,ASO,ES,Towers with Radar,32,44,42,46,164,0,0,51,9,60,32,44,93,55,224,96,0,96,320
05/23/2014,PNS,FL,ASO,ES,Towers with Radar,32,45,29,39,145,0,1,45,1,47,32,46,74,40,192,92,0,92,284
05/24/2014,PNS,FL,ASO,ES,Towers with Radar,31,33,23,12,99,0,0,47,3,50,31,33,70,15,149,108,0,108,257
05/25/2014,PNS,FL,ASO,ES,Towers with Radar,26,25,22,5,78,0,0,38,1,39,26,25,60,6,117,94,0,94,211
05/26/2014,PNS,FL,ASO,ES,Towers with Radar,31,33,33,5,102,0,2,31,0,33,31,35,64,5,135,42,0,42,177
05/27/2014,PNS,FL,ASO,ES,Towers with Radar,32,44,33,74,183,0,0,44,7,51,32,44,77,81,234,106,4,110,344
05/28/2014,PNS,FL,ASO,ES,Towers with Radar,33,50,22,37,142,0,2,28,0,30,33,52,50,37,172,110,0,110,282
05/29/2014,PNS,FL,ASO,ES,Towers with Radar,31,43,22,47,143,0,0,3,0,3,31,43,25,47,146,50,0,50,196
05/30/2014,PNS,FL,ASO,ES,Towers with Radar,32,38,29,83,182,0,0,41,10,51,32,38,70,93,233,94,10,104,337
05/31/2014,PNS,FL,ASO,ES,Towers with Radar,31,31,20,48,130,0,0,44,11,55,31,31,64,59,185,122,0,122,307
06/01/2014,PNS,FL,ASO,ES,Towers with Radar,30,31,36,82,179,0,0,25,16,41,30,31,61,98,220,102,16,118,338
06/02/2014,PNS,FL,ASO,ES,Towers with Radar,31,40,24,53,148,0,1,14,4,19,31,41,38,57,167,58,0,58,225
06/03/2014,PNS,FL,ASO,ES,Towers with Radar,32,44,28,74,178,0,1,46,4,51,32,45,74,78,229,144,14,158,387
06/04/2014,PNS,FL,ASO,ES,Towers with Radar,32,38,34,83,187,0,2,62,7,71,32,40,96,90,258,176,6,182,440
06/05/2014,PNS,FL,ASO,ES,Towers with Radar,31,46,31,62,170,0,0,58,7,65,31,46,89,69,235,112,6,118,353
06/06/2014,PNS,FL,ASO,ES,Towers with Radar,31,47,23,59,160,0,1,53,21,75,31,48,76,80,235,152,0,152,387
06/07/2014,PNS,FL,ASO,ES,Towers with Radar,37,38,25,39,139,0,2,45,41,88,37,40,70,80,227,124,0,124,351
06/08/2014,PNS,FL,ASO,ES,Towers with Radar,30,29,39,27,125,0,0,52,27,79,30,29,91,54,204,86,0,86,290
06/09/2014,PNS,FL,ASO,ES,Towers with Radar,31,38,38,44,151,2,2,45,9,58,33,40,83,53,209,128,0,128,337
06/10/2014,PNS,FL,ASO,ES,Towers with Radar,31,37,24,56,148,0,1,31,4,36,31,38,55,60,184,70,0,70,254
06/11/2014,PNS,FL,ASO,ES,Towers with Radar,31,45,26,64,166,0,3,35,2,40,31,48,61,66,206,78,2,80,286
06/12/2014,PNS,FL,ASO,ES,Towers with Radar,32,53,50,58,193,0,0,70,3,73,32,53,120,61,266,116,0,116,382
06/13/2014,PNS,FL,ASO,ES,Towers with Radar,32,40,34,57,163,0,0,21,21,42,32,40,55,78,205,122,14,136,341
06/14/2014,PNS,FL,ASO,ES,Towers with Radar,37,40,33,16,126,0,0,65,28,93,37,40,98,44,219,116,0,116,335
06/15/2014,PNS,FL,ASO,ES,Towers with Radar,30,34,25,26,115,0,0,38,24,62,30,34,63,50,177,92,0,92,269
06/16/2014,PNS,FL,ASO,ES,Towers with Radar,31,45,32,44,152,0,0,58,9,67,31,45,90,53,219,64,10,74,293
06/17/2014,PNS,FL,ASO,ES,Towers with Radar,29,51,33,78,191,0,5,61,5,71,29,56,94,83,262,138,6,144,406
06/18/2014,PNS,FL,ASO,ES,Towers with Radar,32,39,31,60,162,0,0,50,2,52,32,39,81,62,214,116,0,116,330
06/19/2014,PNS,FL,ASO,ES,Towers with Radar,32,46,53,45,176,0,0,41,7,48,32,46,94,52,224,84,0,84,308
06/20/2014,PNS,FL,ASO,ES,Towers with Radar,32,42,52,49,175,0,1,51,20,72,32,43,103,69,247,138,0,138,385
06/21/2014,PNS,FL,ASO,ES,Towers with Radar,37,44,37,51,169,0,4,58,37,99,37,48,95,88,268,88,10,98,366
06/22/2014,PNS,FL,ASO,ES,Towers with Radar,30,30,35,44,139,0,0,49,30,79,30,30,84,74,218,68,0,68,286
06/23/2014,PNS,FL,ASO,ES,Towers with Radar,35,41,27,76,179,0,0,40,21,61,35,41,67,97,240,46,0,46,286
06/24/2014,PNS,FL,ASO,ES,Towers with Radar,32,43,34,76,185,0,0,61,5,66,32,43,95,81,251,98,8,106,357
06/25/2014,PNS,FL,ASO,ES,Towers with Radar,34,42,29,56,161,0,0,64,1,65,34,42,93,57,226,144,0,144,370
06/26/2014,PNS,FL,ASO,ES,Towers with Radar,32,43,30,62,167,0,3,57,10,70,32,46,87,72,237,134,0,134,371
06/27/2014,PNS,FL,ASO,ES,Towers with Radar,32,40,43,36,151,0,2,55,27,84,32,42,98,63,235,154,0,154,389
06/28/2014,PNS,FL,ASO,ES,Towers with Radar,37,40,31,48,156,0,0,43,43,86,37,40,74,91,242,90,6,96,338
06/29/2014,PNS,FL,ASO,ES,Towers with Radar,30,30,35,28,123,0,4,46,30,80,30,34,81,58,203,70,4,74,277
06/30/2014,PNS,FL,ASO,ES,Towers with Radar,29,41,38,61,169,0,0,42,6,48,29,41,80,67,217,156,0,156,373
07/01/2014,PNS,FL,ASO,ES,Towers with Radar,32,39,25,37,133,0,1,58,1,60,32,40,83,38,193,162,0,162,355
07/02/2014,PNS,FL,ASO,ES,Towers with Radar,32,42,23,61,158,0,0,73,7,80,32,42,96,68,238,164,0,164,402
07/03/2014,PNS,FL,ASO,ES,Towers with Radar,34,44,36,4,118,0,0,60,3,63,34,44,96,7,181,174,0,174,355
07/04/2014,PNS,FL,ASO,ES,Towers with Radar,27,22,11,3,63,0,2,16,2,20,27,24,27,5,83,0,0,0,83
07/05/2014,PNS,FL,ASO,ES,Towers with Radar,38,37,12,1,88,0,0,39,3,42,38,37,51,4,130,44,0,44,174
07/06/2014,PNS,FL,ASO,ES,Towers with Radar,31,38,38,6,113,0,1,54,3,58,31,39,92,9,171,131,0,131,302
07/07/2014,PNS,FL,ASO,ES,Towers with Radar,31,40,25,103,199,0,0,54,11,65,31,40,79,114,264,84,0,84,348
07/08/2014,PNS,FL,ASO,ES,Towers with Radar,31,44,24,88,187,0,3,80,7,90,31,47,104,95,277,112,10,122,399
07/09/2014,PNS,FL,ASO,ES,Towers with Radar,32,44,26,54,156,0,0,40,7,47,32,44,66,61,203,100,6,106,309
07/10/2014,PNS,FL,ASO,ES,Towers with Radar,37,46,31,49,163,0,0,43,12,55,37,46,74,61,218,56,0,56,274
07/11/2014,PNS,FL,ASO,ES,Towers with Radar,32,42,34,38,146,0,1,85,24,110,32,43,119,62,256,104,0,104,360
07/12/2014,PNS,FL,ASO,ES,Towers with Radar,37,39,32,16,124,0,0,103,21,124,37,39,135,37,248,54,0,54,302
07/13/2014,PNS,FL,ASO,ES,Towers with Radar,30,33,65,20,148,0,0,60,22,82,30,33,125,42,230,208,6,214,444
07/14/2014,PNS,FL,ASO,ES,Towers with Radar,33,40,36,90,199,0,0,45,3,48,33,40,81,93,247,74,0,74,321
07/15/2014,PNS,FL,ASO,ES,Towers with Radar,32,44,27,42,145,0,1,24,4,29,32,45,51,46,174,66,0,66,240
07/16/2014,PNS,FL,ASO,ES,Towers with Radar,32,42,33,30,137,0,0,59,14,73,32,42,92,44,210,118,0,118,328
07/17/2014,PNS,FL,ASO,ES,Towers with Radar,32,42,26,48,148,0,1,71,11,83,32,43,97,59,231,236,0,236,467
07/18/2014,PNS,FL,ASO,ES,Towers with Radar,34,49,23,40,146,0,0,30,25,55,34,49,53,65,201,80,0,80,281
07/19/2014,PNS,FL,ASO,ES,Towers with Radar,37,36,7,23,103,0,3,9,17,29,37,39,16,40,132,20,58,78,210
07/20/2014,PNS,FL,ASO,ES,Towers with Radar,31,35,15,51,132,0,0,25,34,59,31,35,40,85,191,72,0,72,263
07/21/2014,PNS,FL,ASO,ES,Towers with Radar,30,34,20,59,143,0,0,37,7,44,30,34,57,66,187,124,0,124,311
07/22/2014,PNS,FL,ASO,ES,Towers with Radar,32,38,30,56,156,0,0,54,16,70,32,38,84,72,226,140,18,158,384
07/23/2014,PNS,FL,ASO,ES,Towers with Radar,32,49,37,45,163,0,1,55,7,63,32,50,92,52,226,98,0,98,324
07/24/2014,PNS,FL,ASO,ES,Towers with Radar,36,45,26,79,186,0,0,42,4,46,36,45,68,83,232,144,0,144,376
07/25/2014,PNS,FL,ASO,ES,Towers with Radar,33,41,27,54,155,0,0,49,36,85,33,41,76,90,240,112,10,122,362
07/26/2014,PNS,FL,ASO,ES,Towers with Radar,36,47,31,31,145,0,0,42,33,75,36,47,73,64,220,22,0,22,242
07/27/2014,PNS,FL,ASO,ES,Towers with Radar,30,34,42,41,147,0,0,70,26,96,30,34,112,67,243,32,0,32,275
07/28/2014,PNS,FL,ASO,ES,Towers with Radar,33,40,20,28,121,0,3,37,5,45,33,43,57,33,166,50,0,50,216
07/29/2014,PNS,FL,ASO,ES,Towers with Radar,32,42,18,47,139,0,0,56,4,60,32,42,74,51,199,130,0,130,329
07/30/2014,PNS,FL,ASO,ES,Towers with Radar,33,41,42,39,155,0,0,61,4,65,33,41,103,43,220,110,0,110,330
07/31/2014,PNS,FL,ASO,ES,Towers with Radar,32,43,33,59,167,0,0,59,5,64,32,43,92,64,231,144,0,144,375
08/01/2014,PNS,FL,ASO,ES,Towers with Radar,32,42,29,27,130,0,1,58,15,74,32,43,87,42,204,98,0,98,302
08/02/2014,PNS,FL,ASO,ES,Towers with Radar,37,41,30,21,129,0,1,42,19,62,37,42,72,40,191,84,0,84,275
08/03/2014,PNS,FL,ASO,ES,Towers with Radar,30,39,18,29,116,0,8,39,19,66,30,47,57,48,182,146,6,152,334
08/04/2014,PNS,FL,ASO,ES,Towers with Radar,30,38,11,31,110,0,0,24,10,34,30,38,35,41,144,62,16,78,222
08/05/2014,PNS,FL,ASO,ES,Towers with Radar,32,44,27,61,164,0,4,43,7,54,32,48,70,68,218,72,0,72,290
08/06/2014,PNS,FL,ASO,ES,Towers with Radar,32,46,27,55,160,0,0,52,5,57,32,46,79,60,217,88,2,90,307
08/07/2014,PNS,FL,ASO,ES,Towers with Radar,33,48,30,88,199,0,1,60,9,70,33,49,90,97,269,84,0,84,353
08/08/2014,PNS,FL,ASO,ES,Towers with Radar,30,45,11,38,124,0,1,35,12,48,30,46,46,50,172,24,0,24,196
08/09/2014,PNS,FL,ASO,ES,Towers with Radar,36,35,31,32,134,0,1,54,6,61,36,36,85,38,195,56,0,56,251
08/10/2014,PNS,FL,ASO,ES,Towers with Radar,30,32,23,42,127,0,1,51,11,63,30,33,74,53,190,120,0,120,310
08/11/2014,PNS,FL,ASO,ES,Towers with Radar,30,42,26,87,185,0,0,39,12,51,30,42,65,99,236,52,46,98,334
08/12/2014,PNS,FL,ASO,ES,Towers with Radar,33,39,49,46,167,0,2,43,24,69,33,41,92,70,236,98,0,98,334
08/13/2014,PNS,FL,ASO,ES,Towers with Radar,31,44,22,62,159,0,0,56,6,62,31,44,78,68,221,84,10,94,315
08/14/2014,PNS,FL,ASO,ES,Towers with Radar,34,44,28,68,174,0,1,63,7,71,34,45,91,75,245,130,20,150,395
08/15/2014,PNS,FL,ASO,ES,Towers with Radar,32,43,35,74,184,0,0,71,9,80,32,43,106,83,264,106,0,106,370
08/16/2014,PNS,FL,ASO,ES,Towers with Radar,37,37,16,36,126,0,0,60,23,83,37,37,76,59,209,130,0,130,339
08/17/2014,PNS,FL,ASO,ES,Towers with Radar,32,31,16,25,104,0,0,36,31,67,32,31,52,56,171,114,0,114,285
08/18/2014,PNS,FL,ASO,ES,Towers with Radar,31,40,20,65,156,0,0,51,9,60,31,40,71,74,216,110,26,136,352
08/19/2014,PNS,FL,ASO,ES,Towers with Radar,33,37,22,122,214,0,2,48,10,60,33,39,70,132,274,122,2,124,398
08/20/2014,PNS,FL,ASO,ES,Towers with Radar,36,37,45,71,189,0,2,40,11,53,36,39,85,82,242,80,0,80,322
08/21/2014,PNS,FL,ASO,ES,Towers with Radar,34,36,27,58,155,0,5,57,14,76,34,41,84,72,231,124,6,130,361
08/22/2014,PNS,FL,ASO,ES,Towers with Radar,34,39,40,59,172,0,1,56,18,75,34,40,96,77,247,50,0,50,297
08/23/2014,PNS,FL,ASO,ES,Towers with Radar,37,27,14,39,117,0,1,66,32,99,37,28,80,71,216,50,0,50,266
08/24/2014,PNS,FL,ASO,ES,Towers with Radar,31,29,45,33,138,0,1,56,36,93,31,30,101,69,231,96,0,96,327
08/25/2014,PNS,FL,ASO,ES,Towers with Radar,33,38,23,49,143,0,0,37,4,41,33,38,60,53,184,84,0,84,268
08/26/2014,PNS,FL,ASO,ES,Towers with Radar,34,39,39,42,154,0,0,69,11,80,34,39,108,53,234,142,4,146,380
08/27/2014,PNS,FL,ASO,ES,Towers with Radar,34,41,27,72,174,0,0,51,9,60,34,41,78,81,234,112,4,116,350
08/28/2014,PNS,FL,ASO,ES,Towers with Radar,34,44,42,60,180,0,0,50,12,62,34,44,92,72,242,98,14,112,354
08/29/2014,PNS,FL,ASO,ES,Towers with Radar,34,37,40,17,128,0,2,49,10,61,34,39,89,27,189,120,0,120,309
08/30/2014,PNS,FL,ASO,ES,Towers with Radar,37,28,18,3,86,0,0,32,4,36,37,28,50,7,122,46,0,46,168
08/31/2014,PNS,FL,ASO,ES,Towers with Radar,27,18,10,15,70,0,0,44,2,46,27,18,54,17,116,122,2,124,240
09/01/2014,PNS,FL,ASO,ES,Towers with Radar,32,34,33,2,101,0,1,34,1,36,32,35,67,3,137,32,0,32,169
09/02/2014,PNS,FL,ASO,ES,Towers with Radar,34,39,25,60,158,0,0,41,12,53,34,39,66,72,211,128,0,128,339
09/03/2014,PNS,FL,ASO,ES,Towers with Radar,33,38,35,30,136,0,1,41,7,49,33,39,76,37,185,93,0,93,278
09/04/2014,PNS,FL,ASO,ES,Towers with Radar,33,45,33,84,195,0,3,45,12,60,33,48,78,96,255,116,0,116,371
09/05/2014,PNS,FL,ASO,ES,Towers with Radar,33,34,21,64,152,0,2,45,23,70,33,36,66,87,222,76,22,98,320
09/06/2014,PNS,FL,ASO,ES,Towers with Radar,32,26,12,35,105,0,0,68,15,83,32,26,80,50,188,78,0,78,266
09/07/2014,PNS,FL,ASO,ES,Towers with Radar,35,28,22,41,126,0,0,50,38,88,35,28,72,79,214,88,0,88,302
09/08/2014,PNS,FL,ASO,ES,Towers with Radar,34,37,14,67,152,0,1,31,21,53,34,38,45,88,205,86,0,86,291
09/09/2014,PNS,FL,ASO,ES,Towers with Radar,34,33,37,96,200,0,1,41,9,51,34,34,78,105,251,144,0,144,395
09/10/2014,PNS,FL,ASO,ES,Towers with Radar,34,34,39,35,142,0,3,44,4,51,34,37,83,39,193,102,0,102,295
09/11/2014,PNS,FL,ASO,ES,Towers with Radar,34,39,28,67,168,0,2,56,20,78,34,41,84,87,246,88,2,90,336
09/12/2014,PNS,FL,ASO,ES,Towers with Radar,34,37,20,73,164,0,1,35,16,52,34,38,55,89,216,124,0,124,340
09/13/2014,PNS,FL,ASO,ES,Towers with Radar,31,26,8,31,96,0,0,37,18,55,31,26,45,49,151,0,0,0,151
09/14/2014,PNS,FL,ASO,ES,Towers with Radar,34,25,24,35,118,0,0,67,31,98,34,25,91,66,216,86,0,86,302
09/15/2014,PNS,FL,ASO,ES,Towers with Radar,33,39,27,58,157,0,0,34,7,41,33,39,61,65,198,192,0,192,390
09/16/2014,PNS,FL,ASO,ES,Towers with Radar,34,33,27,29,123,0,0,26,1,27,34,33,53,30,150,36,0,36,186
09/17/2014,PNS,FL,ASO,ES,Towers with Radar,34,35,43,42,154,0,0,63,4,67,34,35,106,46,221,148,0,148,369
09/18/2014,PNS,FL,ASO,ES,Towers with Radar,31,39,33,63,166,0,0,51,9,60,31,39,84,72,226,68,0,68,294
09/19/2014,PNS,FL,ASO,ES,Towers with Radar,34,39,33,58,164,0,1,34,23,58,34,40,67,81,222,66,0,66,288
09/20/2014,PNS,FL,ASO,ES,Towers with Radar,31,28,25,56,140,0,1,34,37,72,31,29,59,93,212,36,0,36,248
09/21/2014,PNS,FL,ASO,ES,Towers with Radar,32,27,23,43,125,0,1,50,30,81,32,28,73,73,206,104,0,104,310
09/22/2014,PNS,FL,ASO,ES,Towers with Radar,34,43,18,54,149,0,1,33,4,38,34,44,51,58,187,90,0,90,277
09/23/2014,PNS,FL,ASO,ES,Towers with Radar,34,35,30,48,147,0,0,34,4,38,34,35,64,52,185,42,4,46,231
09/24/2014,PNS,FL,ASO,ES,Towers with Radar,34,39,23,36,132,0,2,65,8,75,34,41,88,44,207,124,0,124,331
09/25/2014,PNS,FL,ASO,ES,Towers with Radar,34,38,49,78,199,0,1,41,12,54,34,39,90,90,253,134,0,134,387
09/26/2014,PNS,FL,ASO,ES,Towers with Radar,34,38,25,79,176,0,0,53,14,67,34,38,78,93,243,122,10,132,375
09/27/2014,PNS,FL,ASO,ES,Towers with Radar,33,28,13,32,106,0,0,33,32,65,33,28,46,64,171,53,0,53,224
09/28/2014,PNS,FL,ASO,ES,Towers with Radar,32,27,18,78,155,0,0,0,8,8,32,27,18,86,163,6,0,6,169
09/29/2014,PNS,FL,ASO,ES,Towers with Radar,33,39,30,71,173,0,0,13,0,13,33,39,43,71,186,74,0,74,260
09/30/2014,PNS,FL,ASO,ES,Towers with Radar,34,41,29,27,131,0,2,50,5,57,34,43,79,32,188,178,0,178,366
10/01/2014,PNS,FL,ASO,ES,Towers with Radar,34,38,43,56,171,0,2,62,3,67,34,40,105,59,238,160,0,160,398
10/02/2014,PNS,FL,ASO,ES,Towers with Radar,29,46,25,48,148,0,3,44,5,52,29,49,69,53,200,122,0,122,322
10/03/2014,PNS,FL,ASO,ES,Towers with Radar,27,45,15,53,140,0,1,43,6,50,27,46,58,59,190,120,0,120,310
10/04/2014,PNS,FL,ASO,ES,Towers with Radar,25,33,21,18,97,0,11,56,14,81,25,44,77,32,178,152,0,152,330
10/05/2014,PNS,FL,ASO,ES,Towers with Radar,26,43,18,30,117,0,3,68,15,86,26,46,86,45,203,168,0,168,371
10/06/2014,PNS,FL,ASO,ES,Towers with Radar,27,42,22,68,159,0,1,61,3,65,27,43,83,71,224,90,8,98,322
10/07/2014,PNS,FL,ASO,ES,Towers with Radar,28,48,25,65,166,0,0,82,9,91,28,48,107,74,257,80,0,80,337
10/08/2014,PNS,FL,ASO,ES,Towers with Radar,28,46,37,65,176,0,0,77,7,84,28,46,114,72,260,158,0,158,418
10/09/2014,PNS,FL,ASO,ES,Towers with Radar,28,55,34,49,166,0,0,65,11,76,28,55,99,60,242,132,0,132,374
10/10/2014,PNS,FL,ASO,ES,Towers with Radar,28,55,44,85,212,0,2,69,15,86,28,57,113,100,298,106,0,106,404
10/11/2014,PNS,FL,ASO,ES,Towers with Radar,25,38,23,17,103,0,0,68,26,94,25,38,91,43,197,126,20,146,343
10/12/2014,PNS,FL,ASO,ES,Towers with Radar,26,43,35,36,140,0,1,55,14,70,26,44,90,50,210,70,0,70,280
10/13/2014,PNS,FL,ASO,ES,Towers with Radar,29,30,13,6,78,0,0,19,2,21,29,30,32,8,99,0,0,0,99
10/14/2014,PNS,FL,ASO,ES,Towers with Radar,28,46,14,63,151,0,0,50,12,62,28,46,64,75,213,76,12,88,301
10/15/2014,PNS,FL,ASO,ES,Towers with Radar,28,47,26,23,124,0,1,81,2,84,28,48,107,25,208,170,0,170,378
10/16/2014,PNS,FL,ASO,ES,Towers with Radar,28,43,33,59,163,0,1,72,12,85,28,44,105,71,248,156,0,156,404
10/17/2014,PNS,FL,ASO,ES,Towers with Radar,28,46,27,55,156,0,0,58,11,69,28,46,85,66,225,72,0,72,297
10/18/2014,PNS,FL,ASO,ES,Towers with Radar,25,36,29,41,131,0,1,54,26,81,25,37,83,67,212,32,0,32,244
10/19/2014,PNS,FL,ASO,ES,Towers with Radar,29,42,43,78,192,0,1,70,24,95,29,43,113,102,287,62,0,62,349
10/20/2014,PNS,FL,ASO,ES,Towers with Radar,27,43,16,46,132,0,1,52,4,57,27,44,68,50,189,146,0,146,335
10/21/2014,PNS,FL,ASO,ES,Towers with Radar,28,46,30,48,152,0,1,59,5,65,28,47,89,53,217,172,0,172,389
10/22/2014,PNS,FL,ASO,ES,Towers with Radar,28,45,22,62,157,0,1,90,7,98,28,46,112,69,255,194,0,194,449
10/23/2014,PNS,FL,ASO,ES,Towers with Radar,28,45,41,50,164,0,1,68,5,74,28,46,109,55,238,168,0,168,406
10/24/2014,PNS,FL,ASO,ES,Towers with Radar,29,49,39,62,179,0,2,76,11,89,29,51,115,73,268,158,14,172,440
10/25/2014,PNS,FL,ASO,ES,Towers with Radar,25,41,17,21,104,0,2,52,15,69,25,43,69,36,173,92,0,92,265
10/26/2014,PNS,FL,ASO,ES,Towers with Radar,26,36,41,35,138,0,1,65,8,74,26,37,106,43,212,66,0,66,278
10/27/2014,PNS,FL,ASO,ES,Towers with Radar,27,45,40,74,186,0,1,58,8,67,27,46,98,82,253,18,0,18,271
10/28/2014,PNS,FL,ASO,ES,Towers with Radar,24,51,36,103,214,0,2,62,11,75,24,53,98,114,289,88,18,106,395
10/29/2014,PNS,FL,ASO,ES,Towers with Radar,26,46,28,31,131,0,0,52,10,62,26,46,80,41,193,108,0,108,301
10/30/2014,PNS,FL,ASO,ES,Towers with Radar,26,47,31,22,126,0,1,74,10,85,26,48,105,32,211,170,0,170,381
10/31/2014,PNS,FL,ASO,ES,Towers with Radar,25,43,21,23,112,0,0,61,10,71,25,43,82,33,183,150,2,152,335
11/01/2014,PNS,FL,ASO,ES,Towers with Radar,25,37,14,6,82,0,0,42,10,52,25,37,56,16,134,62,0,62,196
11/02/2014,PNS,FL,ASO,ES,Towers with Radar,26,40,34,6,106,0,0,53,9,62,26,40,87,15,168,50,0,50,218
11/03/2014,PNS,FL,ASO,ES,Towers with Radar,27,48,14,43,132,0,1,34,4,39,27,49,48,47,171,90,18,108,279
11/04/2014,PNS,FL,ASO,ES,Towers with Radar,26,44,25,56,151,0,0,66,15,81,26,44,91,71,232,64,4,68,300
11/05/2014,PNS,FL,ASO,ES,Towers with Radar,28,49,34,82,193,0,3,66,4,73,28,52,100,86,266,174,0,174,440
11/06/2014,PNS,FL,ASO,ES,Towers with Radar,28,49,25,119,221,0,1,53,12,66,28,50,78,131,287,82,8,90,377
11/07/2014,PNS,FL,ASO,ES,Towers with Radar,28,51,27,67,173,0,3,54,30,87,28,54,81,97,260,146,0,146,406
11/08/2014,PNS,FL,ASO,ES,Towers with Radar,21,40,24,20,105,0,1,53,23,77,21,41,77,43,182,122,0,122,304
11/09/2014,PNS,FL,ASO,ES,Towers with Radar,26,43,35,24,128,0,2,51,12,65,26,45,86,36,193,104,0,104,297
11/10/2014,PNS,FL,ASO,ES,Towers with Radar,27,45,28,102,202,0,0,51,20,71,27,45,79,122,273,44,6,50,323
11/11/2014,PNS,FL,ASO,ES,Towers with Radar,28,51,28,2,109,0,1,46,7,54,28,52,74,9,163,74,6,80,243
11/12/2014,PNS,FL,ASO,ES,Towers with Radar,30,47,22,48,147,0,0,44,15,59,30,47,66,63,206,162,18,180,386
11/13/2014,PNS,FL,ASO,ES,Towers with Radar,28,47,26,8,109,0,0,9,0,9,28,47,35,8,118,34,0,34,152
11/14/2014,PNS,FL,ASO,ES,Towers with Radar,28,54,35,31,148,0,1,42,10,53,28,55,77,41,201,118,0,118,319
11/15/2014,PNS,FL,ASO,ES,Towers with Radar,21,41,34,30,126,0,2,81,11,94,21,43,115,41,220,122,0,122,342
11/16/2014,PNS,FL,ASO,ES,Towers with Radar,26,37,41,22,126,0,3,43,16,62,26,40,84,38,188,108,8,116,304
11/17/2014,PNS,FL,ASO,ES,Towers with Radar,27,39,21,40,127,0,0,23,4,27,27,39,44,44,154,66,20,86,240
11/18/2014,PNS,FL,ASO,ES,Towers with Radar,28,46,25,77,176,0,1,67,7,75,28,47,92,84,251,122,4,126,377
11/19/2014,PNS,FL,ASO,ES,Towers with Radar,28,53,18,66,165,0,0,53,7,60,28,53,71,73,225,172,4,176,401
11/20/2014,PNS,FL,ASO,ES,Towers with Radar,26,62,38,84,210,0,1,76,12,89,26,63,114,96,299,142,0,142,441
11/21/2014,PNS,FL,ASO,ES,Towers with Radar,28,52,36,117,233,0,11,55,16,82,28,63,91,133,315,134,8,142,457
11/22/2014,PNS,FL,ASO,ES,Towers with Radar,23,42,27,48,140,0,0,39,7,46,23,42,66,55,186,48,0,48,234
11/23/2014,PNS,FL,ASO,ES,Towers with Radar,26,35,11,15,87,0,0,2,1,3,26,35,13,16,90,0,0,0,90
11/24/2014,PNS,FL,ASO,ES,Towers with Radar,26,39,28,95,188,0,1,56,6,63,26,40,84,101,251,112,6,118,369
11/25/2014,PNS,FL,ASO,ES,Towers with Radar,28,48,27,46,149,0,0,42,2,44,28,48,69,48,193,68,0,68,261
11/26/2014,PNS,FL,ASO,ES,Towers with Radar,28,44,41,0,113,0,2,42,1,45,28,46,83,1,158,14,0,14,172
11/27/2014,PNS,FL,ASO,ES,Towers with Radar,16,26,8,0,50,0,0,18,0,18,16,26,26,0,68,0,0,0,68
11/28/2014,PNS,FL,ASO,ES,Towers with Radar,22,39,21,0,82,0,3,37,3,43,22,42,58,3,125,16,0,16,141
11/29/2014,PNS,FL,ASO,ES,Towers with Radar,27,38,20,0,85,0,1,64,0,65,27,39,84,0,150,86,0,86,236
11/30/2014,PNS,FL,ASO,ES,Towers with Radar,29,39,41,0,109,0,2,74,0,76,29,41,115,0,185,40,0,40,225
12/01/2014,PNS,FL,ASO,ES,Towers with Radar,27,45,17,73,162,0,1,35,6,42,27,46,52,79,204,152,0,152,356
12/02/2014,PNS,FL,ASO,ES,Towers with Radar,29,41,33,70,173,0,3,61,5,69,29,44,94,75,242,108,2,110,352
12/03/2014,PNS,FL,ASO,ES,Towers with Radar,30,39,32,123,224,0,2,50,13,65,30,41,82,136,289,90,0,90,379
12/04/2014,PNS,FL,ASO,ES,Towers with Radar,30,43,35,92,200,0,1,53,16,70,30,44,88,108,270,182,0,182,452
12/05/2014,PNS,FL,ASO,ES,Towers with Radar,30,40,41,136,247,0,0,39,12,51,30,40,80,148,298,140,0,140,438
12/06/2014,PNS,FL,ASO,ES,Towers with Radar,25,35,25,21,106,0,1,51,7,59,25,36,76,28,165,74,0,74,239
12/07/2014,PNS,FL,ASO,ES,Towers with Radar,26,33,39,17,115,0,1,49,15,65,26,34,88,32,180,98,4,102,282
12/08/2014,PNS,FL,ASO,ES,Towers with Radar,29,40,19,55,143,0,3,44,8,55,29,43,63,63,198,116,0,116,314
12/09/2014,PNS,FL,ASO,ES,Towers with Radar,30,38,37,64,169,0,3,52,6,61,30,41,89,70,230,68,0,68,298
12/10/2014,PNS,FL,ASO,ES,Towers with Radar,30,40,20,44,134,0,1,54,5,60,30,41,74,49,194,124,2,126,320
12/11/2014,PNS,FL,ASO,ES,Towers with Radar,30,40,35,35,140,0,1,63,7,71,30,41,98,42,211,176,0,176,387
12/12/2014,PNS,FL,ASO,ES,Towers with Radar,30,43,24,68,165,0,1,77,4,82,30,44,101,72,247,90,0,90,337
12/13/2014,PNS,FL,ASO,ES,Towers with Radar,23,34,31,22,110,0,1,39,15,55,23,35,70,37,165,64,0,64,229
12/14/2014,PNS,FL,ASO,ES,Towers with Radar,26,37,33,20,116,0,0,59,8,67,26,37,92,28,183,106,2,108,291
12/15/2014,PNS,FL,ASO,ES,Towers with Radar,30,45,30,28,133,2,3,40,16,61,32,48,70,44,194,140,0,140,334
12/16/2014,PNS,FL,ASO,ES,Towers with Radar,32,44,15,66,157,0,0,55,16,71,32,44,70,82,228,102,0,102,330
12/17/2014,PNS,FL,ASO,ES,Towers with Radar,31,42,19,35,127,0,3,64,17,84,31,45,83,52,211,118,0,118,329
12/18/2014,PNS,FL,ASO,ES,Towers with Radar,30,50,36,50,166,0,1,59,16,76,30,51,95,66,242,136,0,136,378
12/19/2014,PNS,FL,ASO,ES,Towers with Radar,27,54,22,35,138,0,0,14,8,22,27,54,36,43,160,32,0,32,192
12/20/2014,PNS,FL,ASO,ES,Towers with Radar,29,44,30,5,108,0,0,1,12,13,29,44,31,17,121,0,0,0,121
12/21/2014,PNS,FL,ASO,ES,Towers with Radar,27,45,20,16,108,0,0,1,0,1,27,45,21,16,109,0,0,0,109
12/22/2014,PNS,FL,ASO,ES,Towers with Radar,28,44,17,34,123,0,0,5,7,12,28,44,22,41,135,10,0,10,145
12/23/2014,PNS,FL,ASO,ES,Towers with Radar,30,44,13,4,91,0,0,7,0,7,30,44,20,4,98,16,0,16,114
12/24/2014,PNS,FL,ASO,ES,Towers with Radar,25,39,16,16,96,0,0,4,1,5,25,39,20,17,101,0,0,0,101
12/25/2014,PNS,FL,ASO,ES,Towers with Radar,21,35,8,0,64,0,0,19,0,19,21,35,27,0,83,14,0,14,97
12/26/2014,PNS,FL,ASO,ES,Towers with Radar,28,52,22,0,102,0,1,37,0,38,28,53,59,0,140,38,0,38,178
12/27/2014,PNS,FL,ASO,ES,Towers with Radar,26,42,31,0,99,0,1,10,0,11,26,43,41,0,110,0,0,0,110
12/28/2014,PNS,FL,ASO,ES,Towers with Radar,26,50,18,0,94,0,0,4,0,4,26,50,22,0,98,6,0,6,104
12/29/2014,PNS,FL,ASO,ES,Towers with Radar,28,46,34,26,134,0,0,5,0,5,28,46,39,26,139,6,0,6,145
12/30/2014,PNS,FL,ASO,ES,Towers with Radar,28,47,48,13,136,0,1,13,1,15,28,48,61,14,151,40,2,42,193
12/31/2014,PNS,FL,ASO,ES,Towers with Radar,27,42,19,16,104,0,0,2,0,2,27,42,21,16,106,0,0,0,106
01/01/2015,PNS,FL,ASO,ES,Towers with Radar,21,30,5,0,56,0,0,14,2,16,21,30,19,2,72,24,0,24,96
01/02/2015,PNS,FL,ASO,ES,Towers with Radar,28,45,25,0,98,0,0,4,0,4,28,45,29,0,102,14,0,14,116
01/03/2015,PNS,FL,ASO,ES,Towers with Radar,25,45,15,0,85,0,0,0,0,0,25,45,15,0,85,0,0,0,85
01/04/2015,PNS,FL,ASO,ES,Towers with Radar,26,42,32,0,100,0,2,20,2,24,26,44,52,2,124,48,0,48,172
01/05/2015,PNS,FL,ASO,ES,Towers with Radar,27,54,12,5,98,0,1,60,3,64,27,55,72,8,162,58,0,58,220
01/06/2015,PNS,FL,ASO,ES,Towers with Radar,24,41,11,24,100,0,1,63,20,84,24,42,74,44,184,140,0,140,324
01/07/2015,PNS,FL,ASO,ES,Towers with Radar,27,43,17,37,124,0,1,62,19,82,27,44,79,56,206,148,12,160,366
01/08/2015,PNS,FL,ASO,ES,Towers with Radar,27,40,22,40,129,0,2,51,13,66,27,42,73,53,195,100,0,100,295
01/09/2015,PNS,FL,ASO,ES,Towers with Radar,25,45,30,22,122,0,3,29,12,44,25,48,59,34,166,124,4,128,294
01/10/2015,PNS,FL,ASO,ES,Towers with Radar,19,35,9,19,82,0,5,58,18,81,19,40,67,37,163,110,6,116,279
01/11/2015,PNS,FL,ASO,ES,Towers with Radar,24,34,19,31,108,0,0,14,5,19,24,34,33,36,127,51,2,53,180
01/12/2015,PNS,FL,ASO,ES,Towers with Radar,22,32,12,29,95,0,0,0,0,0,22,32,12,29,95,0,0,0,95
01/13/2015,PNS,FL,ASO,ES,Towers with Radar,25,44,42,23,134,0,0,2,4,6,25,44,44,27,140,44,0,44,184
01/14/2015,PNS,FL,ASO,ES,Towers with Radar,26,49,35,21,131,0,5,33,11,49,26,54,68,32,180,136,18,154,334
01/15/2015,PNS,FL,ASO,ES,Towers with Radar,26,46,19,10,101,0,0,0,0,0,26,46,19,10,101,0,0,0,101
01/16/2015,PNS,FL,ASO,ES,Towers with Radar,26,43,37,28,134,0,0,77,12,89,26,43,114,40,223,46,0,46,269
01/17/2015,PNS,FL,ASO,ES,Towers with Radar,23,32,23,6,84,0,0,75,32,107,23,32,98,38,191,84,0,84,275
01/18/2015,PNS,FL,ASO,ES,Towers with Radar,22,34,32,11,99,0,1,62,15,78,22,35,94,26,177,152,0,152,329
01/19/2015,PNS,FL,ASO,ES,Towers with Radar,26,43,13,5,87,0,1,46,1,48,26,44,59,6,135,84,0,84,219
01/20/2015,PNS,FL,ASO,ES,Towers with Radar,24,49,24,30,127,0,5,58,18,81,24,54,82,48,208,124,0,124,332
01/21/2015,PNS,FL,ASO,ES,Towers with Radar,26,44,20,28,118,0,1,44,24,69,26,45,64,52,187,160,0,160,347
01/22/2015,PNS,FL,ASO,ES,Towers with Radar,26,54,16,43,139,0,3,43,17,63,26,57,59,60,202,148,0,148,350
01/23/2015,PNS,FL,ASO,ES,Towers with Radar,33,50,13,10,106,0,0,0,0,0,33,50,13,10,106,0,0,0,106
01/24/2015,PNS,FL,ASO,ES,Towers with Radar,20,32,33,12,97,0,0,57,7,64,20,32,90,19,161,142,0,142,303
01/25/2015,PNS,FL,ASO,ES,Towers with Radar,22,41,36,5,104,0,2,32,12,46,22,43,68,17,150,60,0,60,210
01/26/2015,PNS,FL,ASO,ES,Towers with Radar,25,48,19,24,116,0,0,50,12,62,25,48,69,36,178,86,0,86,264
01/27/2015,PNS,FL,ASO,ES,Towers with Radar,24,43,28,25,120,0,3,65,24,92,24,46,93,49,212,148,0,148,360
01/28/2015,PNS,FL,ASO,ES,Towers with Radar,26,52,24,25,127,8,0,59,21,88,34,52,83,46,215,184,0,184,399
01/29/2015,PNS,FL,ASO,ES,Towers with Radar,26,47,24,20,117,0,0,57,16,73,26,47,81,36,190,183,1,184,374
01/30/2015,PNS,FL,ASO,ES,Towers with Radar,26,46,33,17,122,0,1,62,15,78,26,47,95,32,200,54,0,54,254
01/31/2015,PNS,FL,ASO,ES,Towers with Radar,19,34,16,7,76,0,2,66,15,83,19,36,82,22,159,182,0,182,341
02/01/2015,PNS,FL,ASO,ES,Towers with Radar,18,35,11,11,75,0,0,12,8,20,18,35,23,19,95,40,0,40,135
02/02/2015,PNS,FL,ASO,ES,Towers with Radar,25,38,16,28,107,0,1,41,10,52,25,39,57,38,159,74,0,74,233
02/03/2015,PNS,FL,ASO,ES,Towers with Radar,24,41,28,24,117,0,3,38,13,54,24,44,66,37,171,148,8,156,327
02/04/2015,PNS,FL,ASO,ES,Towers with Radar,30,54,20,7,111,0,0,4,1,5,30,54,24,8,116,4,0,4,120
02/05/2015,PNS,FL,ASO,ES,Towers with Radar,26,43,31,24,124,0,0,52,6,58,26,43,83,30,182,130,0,130,312
02/06/2015,PNS,FL,ASO,ES,Towers with Radar,26,46,33,40,145,0,0,67,18,85,26,46,100,58,230,78,0,78,308
02/07/2015,PNS,FL,ASO,ES,Towers with Radar,21,29,20,34,104,2,3,74,27,106,23,32,94,61,210,110,0,110,320
02/08/2015,PNS,FL,ASO,ES,Towers with Radar,22,32,34,23,111,0,0,64,12,76,22,32,98,35,187,120,0,120,307
02/09/2015,PNS,FL,ASO,ES,Towers with Radar,25,39,25,38,127,0,2,40,13,55,25,41,65,51,182,102,42,144,326
02/10/2015,PNS,FL,ASO,ES,Towers with Radar,24,46,18,26,114,0,8,52,10,70,24,54,70,36,184,94,0,94,278
02/11/2015,PNS,FL,ASO,ES,Towers with Radar,28,43,28,25,124,0,0,50,21,71,28,43,78,46,195,176,0,176,371
02/12/2015,PNS,FL,ASO,ES,Towers with Radar,26,43,25,30,124,0,2,62,18,82,26,45,87,48,206,126,20,146,352
02/13/2015,PNS,FL,ASO,ES,Towers with Radar,26,43,27,31,127,0,1,59,29,89,26,44,86,60,216,86,0,86,302
02/14/2015,PNS,FL,ASO,ES,Towers with Radar,18,35,23,31,107,0,1,71,35,107,18,36,94,66,214,94,8,102,316
02/15/2015,PNS,FL,ASO,ES,Towers with Radar,22,38,25,15,100,0,0,60,29,89,22,38,85,44,189,122,0,122,311
02/16/2015,PNS,FL,ASO,ES,Towers with Radar,22,50,25,9,106,0,1,15,7,23,22,51,40,16,129,6,0,6,135
02/17/2015,PNS,FL,ASO,ES,Towers with Radar,25,61,9,29,124,0,2,14,9,25,25,63,23,38,149,34,8,42,191
02/18/2015,PNS,FL,ASO,ES,Towers with Radar,26,49,13,20,108,0,0,46,24,70,26,49,59,44,178,22,0,22,200
02/19/2015,PNS,FL,ASO,ES,Towers with Radar,26,51,15,29,121,0,0,57,27,84,26,51,72,56,205,52,0,52,257
02/20/2015,PNS,FL,ASO,ES,Towers with Radar,24,49,18,36,127,0,5,53,16,74,24,54,71,52,201,122,8,130,331
02/21/2015,PNS,FL,ASO,ES,Towers with Radar,21,31,20,54,126,0,2,22,13,37,21,33,42,67,163,40,0,40,203
02/22/2015,PNS,FL,ASO,ES,Towers with Radar,23,33,26,45,127,0,1,26,14,41,23,34,52,59,168,34,0,34,202
02/23/2015,PNS,FL,ASO,ES,Towers with Radar,28,38,17,16,99,0,0,6,0,6,28,38,23,16,105,0,0,0,105
02/24/2015,PNS,FL,ASO,ES,Towers with Radar,24,40,18,17,99,0,2,6,1,9,24,42,24,18,108,40,0,40,148
02/25/2015,PNS,FL,ASO,ES,Towers with Radar,26,53,17,2,98,0,0,6,0,6,26,53,23,2,104,0,0,0,104
02/26/2015,PNS,FL,ASO,ES,Towers with Radar,24,47,23,12,106,0,6,27,2,35,24,53,50,14,141,66,0,66,207
02/27/2015,PNS,FL,ASO,ES,Towers with Radar,26,46,23,34,129,0,0,68,21,89,26,46,91,55,218,106,0,106,324
02/28/2015,PNS,FL,ASO,ES,Towers with Radar,21,27,31,35,114,0,1,37,13,51,21,28,68,48,165,157,20,177,342
03/01/2015,PNS,FL,ASO,ES,Towers with Radar,22,31,33,11,97,0,0,0,5,5,22,31,33,16,102,0,0,0,102
03/02/2015,PNS,FL,ASO,ES,Towers with Radar,23,39,22,33,117,0,0,1,0,1,23,39,23,33,118,0,0,0,118
03/03/2015,PNS,FL,ASO,ES,Towers with Radar,21,43,26,38,128,0,0,1,0,1,21,43,27,38,129,0,0,0,129
03/04/2015,PNS,FL,ASO,ES,Towers with Radar,32,48,15,38,133,0,0,14,1,15,32,48,29,39,148,28,0,28,176
03/05/2015,PNS,FL,ASO,ES,Towers with Radar,33,34,20,18,105,0,0,25,6,31,33,34,45,24,136,80,0,80,216
03/06/2015,PNS,FL,ASO,ES,Towers with Radar,34,40,36,41,151,0,2,77,32,111,34,42,113,73,262,130,0,130,392
03/07/2015,PNS,FL,ASO,ES,Towers with Radar,38,28,29,40,135,0,1,82,45,128,38,29,111,85,263,132,14,146,409
03/08/2015,PNS,FL,ASO,ES,Towers with Radar,35,31,30,25,121,0,1,58,27,86,35,32,88,52,207,200,0,200,407
03/09/2015,PNS,FL,ASO,ES,Towers with Radar,35,38,17,46,136,0,1,32,4,37,35,39,49,50,173,72,6,78,251
03/10/2015,PNS,FL,ASO,ES,Towers with Radar,36,39,34,38,147,0,0,23,6,29,36,39,57,44,176,46,0,46,222
03/11/2015,PNS,FL,ASO,ES,Towers with Radar,31,28,12,7,78,0,0,1,0,1,31,28,13,7,79,0,0,0,79
03/12/2015,PNS,FL,ASO,ES,Towers with Radar,35,39,24,14,112,0,0,1,0,1,35,39,25,14,113,0,0,0,113
03/13/2015,PNS,FL,ASO,ES,Towers with Radar,35,39,21,47,142,0,0,2,0,2,35,39,23,47,144,0,0,0,144
03/14/2015,PNS,FL,ASO,ES,Towers with Radar,37,28,25,47,137,0,1,32,30,63,37,29,57,77,200,100,24,124,324
03/15/2015,PNS,FL,ASO,ES,Towers with Radar,33,34,25,16,108,0,2,62,38,102,33,36,87,54,210,41,0,41,251
03/16/2015,PNS,FL,ASO,ES,Towers with Radar,35,37,30,26,128,0,4,81,17,102,35,41,111,43,230,172,0,172,402
03/17/2015,PNS,FL,ASO,ES,Towers with Radar,36,37,36,16,125,0,0,46,12,58,36,37,82,28,183,76,0,76,259
03/18/2015,PNS,FL,ASO,ES,Towers with Radar,33,34,29,45,141,0,0,36,24,60,33,34,65,69,201,136,0,136,337
03/19/2015,PNS,FL,ASO,ES,Towers with Radar,36,35,29,45,145,0,9,55,14,78,36,44,84,59,223,106,0,106,329
03/20/2015,PNS,FL,ASO,ES,Towers with Radar,36,36,48,30,150,0,2,60,17,79,36,38,108,47,229,114,0,114,343
03/21/2015,PNS,FL,ASO,ES,Towers with Radar,37,31,28,12,108,0,0,38,14,52,37,31,66,26,160,106,0,106,266
03/22/2015,PNS,FL,ASO,ES,Towers with Radar,34,21,32,58,145,0,0,21,21,42,34,21,53,79,187,22,0,22,209
03/23/2015,PNS,FL,ASO,ES,Towers with Radar,35,35,29,42,141,0,0,43,10,53,35,35,72,52,194,144,16,160,354
03/24/2015,PNS,FL,ASO,ES,Towers with Radar,36,41,32,59,168,0,1,29,17,47,36,42,61,76,215,186,14,200,415
03/25/2015,PNS,FL,ASO,ES,Towers with Radar,38,38,17,42,135,0,0,70,18,88,38,38,87,60,223,196,28,224,447
03/26/2015,PNS,FL,ASO,ES,Towers with Radar,35,33,17,18,103,0,0,0,4,4,35,33,17,22,107,0,0,0,107
03/27/2015,PNS,FL,ASO,ES,Towers with Radar,35,37,31,27,130,0,1,50,17,68,35,38,81,44,198,74,0,74,272
03/28/2015,PNS,FL,ASO,ES,Towers with Radar,36,28,24,52,140,0,1,70,32,103,36,29,94,84,243,122,4,126,369
03/29/2015,PNS,FL,ASO,ES,Towers with Radar,36,24,42,39,141,0,0,65,15,80,36,24,107,54,221,166,0,166,387
03/30/2015,PNS,FL,ASO,ES,Towers with Radar,38,31,23,26,118,0,2,72,6,80,38,33,95,32,198,92,0,92,290
03/31/2015,PNS,FL,ASO,ES,Towers with Radar,40,34,27,38,139,0,2,57,26,85,40,36,84,64,224,120,0,120,344
04/01/2015,PNS,FL,ASO,ES,Towers with Radar,37,34,24,46,141,0,3,69,16,88,37,37,93,62,229,154,6,160,389
04/02/2015,PNS,FL,ASO,ES,Towers with Radar,36,36,34,36,142,0,0,62,11,73,36,36,96,47,215,128,0,128,343
04/03/2015,PNS,FL,ASO,ES,Towers with Radar,37,33,34,51,155,0,5,49,20,74,37,38,83,71,229,82,14,96,325
04/04/2015,PNS,FL,ASO,ES,Towers with Radar,35,25,17,8,85,0,1,39,1,41,35,26,56,9,126,82,14,96,222
04/05/2015,PNS,FL,ASO,ES,Towers with Radar,31,21,24,4,80,0,1,29,1,31,31,22,53,5,111,56,0,56,167
04/06/2015,PNS,FL,ASO,ES,Towers with Radar,39,33,30,69,171,0,0,1,1,2,39,33,31,70,173,0,0,0,173
04/07/2015,PNS,FL,ASO,ES,Towers with Radar,37,37,37,66,177,0,1,55,8,64,37,38,92,74,241,156,0,156,397
04/08/2015,PNS,FL,ASO,ES,Towers with Radar,38,32,30,69,169,0,0,43,8,51,38,32,73,77,220,96,0,96,316
04/09/2015,PNS,FL,ASO,ES,Towers with Radar,36,37,37,40,150,0,1,24,1,26,36,38,61,41,176,102,0,102,278
04/10/2015,PNS,FL,ASO,ES,Towers with Radar,37,41,27,27,132,0,0,10,5,15,37,41,37,32,147,38,0,38,185
04/11/2015,PNS,FL,ASO,ES,Towers with Radar,41,30,33,3,107,0,2,29,25,56,41,32,62,28,163,74,0,74,237
04/12/2015,PNS,FL,ASO,ES,Towers with Radar,38,23,47,55,163,0,0,7,6,13,38,23,54,61,176,34,0,34,210
04/13/2015,PNS,FL,ASO,ES,Towers with Radar,36,26,18,10,90,0,0,2,0,2,36,26,20,10,92,0,0,0,92
04/14/2015,PNS,FL,ASO,ES,Towers with Radar,40,33,10,10,93,0,0,0,0,0,40,33,10,10,93,0,0,0,93
04/15/2015,PNS,FL,ASO,ES,Towers with Radar,39,38,37,46,160,0,0,34,9,43,39,38,71,55,203,96,0,96,299
04/16/2015,PNS,FL,ASO,ES,Towers with Radar,41,36,24,88,189,0,1,37,21,59,41,37,61,109,248,88,20,108,356
04/17/2015,PNS,FL,ASO,ES,Towers with Radar,37,36,41,42,156,0,3,11,19,33,37,39,52,61,189,48,0,48,237
04/18/2015,PNS,FL,ASO,ES,Towers with Radar,38,29,9,11,87,0,0,1,8,9,38,29,10,19,96,12,0,12,108
04/19/2015,PNS,FL,ASO,ES,Towers with Radar,33,22,21,20,96,0,0,19,13,32,33,22,40,33,128,50,0,50,178
04/20/2015,PNS,FL,ASO,ES,Towers with Radar,36,31,24,13,104,0,1,60,28,89,36,32,84,41,193,106,0,106,299
04/21/2015,PNS,FL,ASO,ES,Towers with Radar,37,39,35,38,149,0,0,101,17,118,37,39,136,55,267,130,10,140,407
04/22/2015,PNS,FL,ASO,ES,Towers with Radar,38,35,33,25,131,0,4,87,20,111,38,39,120,45,242,172,0,172,414
04/23/2015,PNS,FL,ASO,ES,Towers with Radar,39,34,36,51,160,0,0,72,23,95,39,34,108,74,255,190,0,190,445
04/24/2015,PNS,FL,ASO,ES,Towers with Radar,37,35,27,43,142,0,0,52,32,84,37,35,79,75,226,126,20,146,372
04/25/2015,PNS,FL,ASO,ES,Towers with Radar,39,27,20,47,133,0,0,2,20,22,39,27,22,67,155,8,0,8,163
04/26/2015,PNS,FL,ASO,ES,Towers with Radar,32,25,29,27,113,0,0,55,35,90,32,25,84,62,203,120,6,126,329
04/27/2015,PNS,FL,ASO,ES,Towers with Radar,35,37,20,11,103,0,0,10,9,19,35,37,30,20,122,26,0,26,148
04/28/2015,PNS,FL,ASO,ES,Towers with Radar,40,35,19,28,122,0,2,38,17,57,40,37,57,45,179,102,0,102,281
04/29/2015,PNS,FL,ASO,ES,Towers with Radar,38,40,35,46,159,0,0,37,14,51,38,40,72,60,210,80,6,86,296
04/30/2015,PNS,FL,ASO,ES,Towers with Radar,40,43,46,18,147,0,0,83,15,98,40,43,129,33,245,194,0,194,439
05/01/2015,PNS,FL,ASO,ES,Towers with Radar,38,39,32,34,143,0,0,74,34,108,38,39,106,68,251,136,0,136,387
05/02/2015,PNS,FL,ASO,ES,Towers with Radar,38,28,16,61,143,0,2,59,37,98,38,30,75,98,241,126,0,126,367
05/03/2015,PNS,FL,ASO,ES,Towers with Radar,34,25,32,30,121,0,0,68,50,118,34,25,100,80,239,84,10,94,333
05/04/2015,PNS,FL,ASO,ES,Towers with Radar,37,35,33,36,141,0,1,72,15,88,37,36,105,51,229,52,0,52,281
05/05/2015,PNS,FL,ASO,ES,Towers with Radar,40,33,31,32,136,0,2,76,18,96,40,35,107,50,232,154,0,154,386
05/06/2015,PNS,FL,ASO,ES,Towers with Radar,38,36,34,27,135,0,1,92,14,107,38,37,126,41,242,142,0,142,384
05/07/2015,PNS,FL,ASO,ES,Towers with Radar,44,32,33,43,152,0,1,74,24,99,44,33,107,67,251,126,12,138,389
05/08/2015,PNS,FL,ASO,ES,Towers with Radar,46,34,27,56,163,0,1,43,32,76,46,35,70,88,239,74,8,82,321
05/09/2015,PNS,FL,ASO,ES,Towers with Radar,43,27,21,50,141,0,2,79,50,131,43,29,100,100,272,40,48,88,360
05/10/2015,PNS,FL,ASO,ES,Towers with Radar,30,20,31,51,132,0,0,41,40,81,30,20,72,91,213,62,32,94,307
05/11/2015,PNS,FL,ASO,ES,Towers with Radar,43,30,36,54,163,0,1,39,8,48,43,31,75,62,211,56,0,56,267
05/12/2015,PNS,FL,ASO,ES,Towers with Radar,45,37,21,36,139,0,0,44,22,66,45,37,65,58,205,56,0,56,261
05/13/2015,PNS,FL,ASO,ES,Towers with Radar,44,30,23,41,138,0,9,43,14,66,44,39,66,55,204,168,0,168,372
05/14/2015,PNS,FL,ASO,ES,Towers with Radar,46,40,20,37,143,0,2,46,33,81,46,42,66,70,224,108,0,108,332
05/15/2015,PNS,FL,ASO,ES,Towers with Radar,43,38,25,14,120,0,0,9,11,20,43,38,34,25,140,16,10,26,166
05/16/2015,PNS,FL,ASO,ES,Towers with Radar,45,28,9,44,126,0,0,17,13,30,45,28,26,57,156,80,0,80,236
05/17/2015,PNS,FL,ASO,ES,Towers with Radar,39,23,19,38,119,0,2,33,29,64,39,25,52,67,183,92,0,92,275
05/18/2015,PNS,FL,ASO,ES,Towers with Radar,41,36,30,47,154,0,2,53,32,87,41,38,83,79,241,112,0,112,353
05/19/2015,PNS,FL,ASO,ES,Towers with Radar,46,37,36,29,148,0,0,54,28,82,46,37,90,57,230,80,0,80,310
05/20/2015,PNS,FL,ASO,ES,Towers with Radar,46,34,30,17,127,0,0,49,1,50,46,34,79,18,177,204,24,228,405
05/21/2015,PNS,FL,ASO,ES,Towers with Radar,49,37,43,30,159,0,0,68,19,87,49,37,111,49,246,82,0,82,328
05/22/2015,PNS,FL,ASO,ES,Towers with Radar,47,33,29,14,123,0,1,70,16,87,47,34,99,30,210,172,8,180,390
05/23/2015,PNS,FL,ASO,ES,Towers with Radar,42,20,20,11,93,0,3,61,10,74,42,23,81,21,167,114,0,114,281
05/24/2015,PNS,FL,ASO,ES,Towers with Radar,39,13,9,11,72,0,0,8,5,13,39,13,17,16,85,36,6,42,127
05/25/2015,PNS,FL,ASO,ES,Towers with Radar,39,23,23,6,91,0,0,10,1,11,39,23,33,7,102,0,0,0,102
05/26/2015,PNS,FL,ASO,ES,Towers with Radar,41,31,19,26,117,0,0,2,8,10,41,31,21,34,127,54,0,54,181
05/27/2015,PNS,FL,ASO,ES,Towers with Radar,50,33,32,38,153,0,1,49,22,72,50,34,81,60,225,137,0,137,362
05/28/2015,PNS,FL,ASO,ES,Towers with Radar,43,36,38,55,172,0,0,69,13,82,43,36,107,68,254,168,6,174,428
05/29/2015,PNS,FL,ASO,ES,Towers with Radar,42,37,31,44,154,0,0,72,44,116,42,37,103,88,270,264,26,290,560
05/30/2015,PNS,FL,ASO,ES,Towers with Radar,43,21,27,46,137,0,1,65,35,101,43,22,92,81,238,132,0,132,370
05/31/2015,PNS,FL,ASO,ES,Towers with Radar,40,22,27,47,136,0,0,53,62,115,40,22,80,109,251,46,0,46,297
06/01/2015,PNS,FL,ASO,ES,Towers with Radar,41,33,15,15,104,0,1,12,3,16,41,34,27,18,120,42,0,42,162
06/02/2015,PNS,FL,ASO,ES,Towers with Radar,43,39,21,18,121,0,2,60,16,78,43,41,81,34,199,136,4,140,339
06/03/2015,PNS,FL,ASO,ES,Towers with Radar,42,33,22,76,173,0,2,60,31,93,42,35,82,107,266,216,6,222,488
06/04/2015,PNS,FL,ASO,ES,Towers with Radar,35,50,41,29,155,0,0,61,7,68,35,50,102,36,223,152,4,156,379
06/05/2015,PNS,FL,ASO,ES,Towers with Radar,32,50,31,48,161,0,3,78,32,113,32,53,109,80,274,130,8,138,412
06/06/2015,PNS,FL,ASO,ES,Towers with Radar,33,39,20,62,154,0,0,40,21,61,33,39,60,83,215,100,6,106,321
06/07/2015,PNS,FL,ASO,ES,Towers with Radar,30,36,36,53,155,0,3,45,28,76,30,39,81,81,231,74,8,82,313
06/08/2015,PNS,FL,ASO,ES,Towers with Radar,31,45,33,58,167,0,2,70,14,86,31,47,103,72,253,100,0,100,353
06/09/2015,PNS,FL,ASO,ES,Towers with Radar,34,51,28,47,160,0,0,15,14,29,34,51,43,61,189,10,0,10,199
06/10/2015,PNS,FL,ASO,ES,Towers with Radar,32,44,31,36,143,0,1,37,19,57,32,45,68,55,200,74,0,74,274
06/11/2015,PNS,FL,ASO,ES,Towers with Radar,33,49,32,37,151,0,0,32,4,36,33,49,64,41,187,32,10,42,229
06/12/2015,PNS,FL,ASO,ES,Towers with Radar,32,47,27,89,195,0,1,55,28,84,32,48,82,117,279,142,18,160,439
06/13/2015,PNS,FL,ASO,ES,Towers with Radar,34,44,24,45,147,0,1,50,35,86,34,45,74,80,233,104,0,104,337
06/14/2015,PNS,FL,ASO,ES,Towers with Radar,31,37,42,48,158,0,0,54,33,87,31,37,96,81,245,78,0,78,323
06/15/2015,PNS,FL,ASO,ES,Towers with Radar,30,43,35,42,150,0,0,64,24,88,30,43,99,66,238,144,0,144,382
06/16/2015,PNS,FL,ASO,ES,Towers with Radar,34,39,27,33,133,0,2,66,11,79,34,41,93,44,212,118,0,118,330
06/17/2015,PNS,FL,ASO,ES,Towers with Radar,32,43,32,42,149,0,2,70,22,94,32,45,102,64,243,118,0,118,361
06/18/2015,PNS,FL,ASO,ES,Towers with Radar,31,48,39,64,182,0,1,70,29,100,31,49,109,93,282,126,0,126,408
06/19/2015,PNS,FL,ASO,ES,Towers with Radar,33,53,26,42,154,0,0,62,23,85,33,53,88,65,239,152,0,152,391
06/20/2015,PNS,FL,ASO,ES,Towers with Radar,32,45,30,25,132,0,4,53,20,77,32,49,83,45,209,96,2,98,307
06/21/2015,PNS,FL,ASO,ES,Towers with Radar,33,39,19,29,120,0,0,31,21,52,33,39,50,50,172,60,0,60,232
06/22/2015,PNS,FL,ASO,ES,Towers with Radar,31,46,26,35,138,0,1,56,23,80,31,47,82,58,218,164,0,164,382
06/23/2015,PNS,FL,ASO,ES,Towers with Radar,33,52,33,33,151,0,1,56,25,82,33,53,89,58,233,126,8,134,367
06/24/2015,PNS,FL,ASO,ES,Towers with Radar,30,50,21,20,121,0,1,39,12,52,30,51,60,32,173,104,4,108,281
06/25/2015,PNS,FL,ASO,ES,Towers with Radar,32,57,36,22,147,0,2,20,19,41,32,59,56,41,188,48,0,48,236
06/26/2015,PNS,FL,ASO,ES,Towers with Radar,32,47,33,26,138,0,2,51,20,73,32,49,84,46,211,122,2,124,335
06/27/2015,PNS,FL,ASO,ES,Towers with Radar,32,39,16,23,110,0,0,29,16,45,32,39,45,39,155,90,12,102,257
06/28/2015,PNS,FL,ASO,ES,Towers with Radar,30,41,24,46,141,0,1,7,12,20,30,42,31,58,161,14,0,14,175
06/29/2015,PNS,FL,ASO,ES,Towers with Radar,31,43,31,11,116,0,0,51,10,61,31,43,82,21,177,54,0,54,231
06/30/2015,PNS,FL,ASO,ES,Towers with Radar,32,45,22,5,104,0,1,51,10,62,32,46,73,15,166,76,0,76,242
07/01/2015,PNS,FL,ASO,ES,Towers with Radar,31,47,31,27,136,0,7,47,14,68,31,54,78,41,204,86,0,86,290
07/02/2015,PNS,FL,ASO,ES,Towers with Radar,31,48,31,26,136,0,0,42,11,53,31,48,73,37,189,58,14,72,261
07/03/2015,PNS,FL,ASO,ES,Towers with Radar,29,45,28,4,106,0,2,58,2,62,29,47,86,6,168,68,0,68,236
07/04/2015,PNS,FL,ASO,ES,Towers with Radar,30,32,9,0,71,0,1,6,5,12,30,33,15,5,83,0,0,0,83
07/05/2015,PNS,FL,ASO,ES,Towers with Radar,33,37,44,4,118,0,0,6,0,6,33,37,50,4,124,6,0,6,130
07/06/2015,PNS,FL,ASO,ES,Towers with Radar,31,48,49,37,165,0,2,49,26,77,31,50,98,63,242,84,0,84,326
07/07/2015,PNS,FL,ASO,ES,Towers with Radar,30,47,29,45,151,0,6,66,33,105,30,53,95,78,256,120,0,120,376
07/08/2015,PNS,FL,ASO,ES,Towers with Radar,31,46,47,39,163,0,0,74,37,111,31,46,121,76,274,160,0,160,434
07/09/2015,PNS,FL,ASO,ES,Towers with Radar,34,47,35,33,149,0,1,66,15,82,34,48,101,48,231,74,0,74,305
07/10/2015,PNS,FL,ASO,ES,Towers with Radar,33,52,52,19,156,0,0,95,22,117,33,52,147,41,273,158,0,158,431
07/11/2015,PNS,FL,ASO,ES,Towers with Radar,38,45,15,18,116,0,2,63,39,104,38,47,78,57,220,60,0,60,280
07/12/2015,PNS,FL,ASO,ES,Towers with Radar,29,41,40,14,124,0,0,71,24,95,29,41,111,38,219,72,0,72,291
07/13/2015,PNS,FL,ASO,ES,Towers with Radar,29,41,26,23,119,0,2,26,19,47,29,43,52,42,166,46,0,46,212
07/14/2015,PNS,FL,ASO,ES,Towers with Radar,34,49,24,47,154,0,0,39,24,63,34,49,63,71,217,34,8,42,259
07/15/2015,PNS,FL,ASO,ES,Towers with Radar,32,48,35,28,143,0,2,39,21,62,32,50,74,49,205,36,0,36,241
07/16/2015,PNS,FL,ASO,ES,Towers with Radar,32,51,39,24,146,0,1,39,27,67,32,52,78,51,213,76,0,76,289
07/17/2015,PNS,FL,ASO,ES,Towers with Radar,38,51,25,17,131,0,1,17,21,39,38,52,42,38,170,38,0,38,208
07/18/2015,PNS,FL,ASO,ES,Towers with Radar,36,43,22,30,131,0,2,37,34,73,36,45,59,64,204,110,24,134,338
07/19/2015,PNS,FL,ASO,ES,Towers with Radar,31,33,23,14,101,0,0,17,28,45,31,33,40,42,146,8,8,16,162
07/20/2015,PNS,FL,ASO,ES,Towers with Radar,31,44,28,62,165,0,2,50,37,89,31,46,78,99,254,50,0,50,304
07/21/2015,PNS,FL,ASO,ES,Towers with Radar,32,49,29,21,131,0,0,34,17,51,32,49,63,38,182,108,0,108,290
07/22/2015,PNS,FL,ASO,ES,Towers with Radar,32,44,44,41,161,0,1,54,32,87,32,45,98,73,248,98,0,98,346
07/23/2015,PNS,FL,ASO,ES,Towers with Radar,34,45,46,25,150,0,0,43,29,72,34,45,89,54,222,106,4,110,332
07/24/2015,PNS,FL,ASO,ES,Towers with Radar,32,46,31,30,139,0,2,51,22,75,32,48,82,52,214,88,14,102,316
07/25/2015,PNS,FL,ASO,ES,Towers with Radar,39,41,19,22,121,0,0,43,13,56,39,41,62,35,177,56,6,62,239
07/26/2015,PNS,FL,ASO,ES,Towers with Radar,35,34,50,29,148,0,1,54,27,82,35,35,104,56,230,92,0,92,322
07/27/2015,PNS,FL,ASO,ES,Towers with Radar,31,39,30,25,125,0,2,58,18,78,31,41,88,43,203,106,0,106,309
07/28/2015,PNS,FL,ASO,ES,Towers with Radar,30,41,19,26,116,0,1,31,20,52,30,42,50,46,168,38,0,38,206
07/29/2015,PNS,FL,ASO,ES,Towers with Radar,32,44,27,20,123,0,0,31,20,51,32,44,58,40,174,54,2,56,230
07/30/2015,PNS,FL,ASO,ES,Towers with Radar,32,45,25,19,121,0,0,31,16,47,32,45,56,35,168,76,6,82,250
07/31/2015,PNS,FL,ASO,ES,Towers with Radar,33,48,27,17,125,0,1,35,17,53,33,49,62,34,178,82,0,82,260
08/01/2015,PNS,FL,ASO,ES,Towers with Radar,38,43,26,17,124,0,1,39,20,60,38,44,65,37,184,44,2,46,230
08/02/2015,PNS,FL,ASO,ES,Towers with Radar,30,32,32,19,113,0,0,39,16,55,30,32,71,35,168,50,8,58,226
08/03/2015,PNS,FL,ASO,ES,Towers with Radar,31,41,29,23,124,0,0,61,20,81,31,41,90,43,205,92,0,92,297
08/04/2015,PNS,FL,ASO,ES,Towers with Radar,32,46,40,28,146,0,1,60,23,84,32,47,100,51,230,90,0,90,320
08/05/2015,PNS,FL,ASO,ES,Towers with Radar,32,42,22,21,117,0,1,19,22,42,32,43,41,43,159,48,0,48,207
08/06/2015,PNS,FL,ASO,ES,Towers with Radar,31,48,31,30,140,0,0,54,21,75,31,48,85,51,215,94,0,94,309
08/07/2015,PNS,FL,ASO,ES,Towers with Radar,33,49,26,40,148,0,0,55,46,101,33,49,81,86,249,106,24,130,379
08/08/2015,PNS,FL,ASO,ES,Towers with Radar,37,40,21,15,113,0,0,42,17,59,37,40,63,32,172,118,6,124,296
08/09/2015,PNS,FL,ASO,ES,Towers with Radar,32,41,34,38,145,0,0,41,24,65,32,41,75,62,210,75,0,75,285
08/10/2015,PNS,FL,ASO,ES,Towers with Radar,29,44,30,49,152,0,0,45,20,65,29,44,75,69,217,108,0,108,325
08/11/2015,PNS,FL,ASO,ES,Towers with Radar,33,52,28,43,156,0,2,39,38,79,33,54,67,81,235,90,10,100,335
08/12/2015,PNS,FL,ASO,ES,Towers with Radar,33,50,27,38,148,0,1,41,28,70,33,51,68,66,218,40,0,40,258
08/13/2015,PNS,FL,ASO,ES,Towers with Radar,31,56,31,27,145,0,2,59,20,81,31,58,90,47,226,78,0,78,304
08/14/2015,PNS,FL,ASO,ES,Towers with Radar,31,49,29,40,149,0,1,51,28,80,31,50,80,68,229,142,8,150,379
08/15/2015,PNS,FL,ASO,ES,Towers with Radar,39,38,14,32,123,0,0,24,23,47,39,38,38,55,170,30,0,30,200
08/16/2015,PNS,FL,ASO,ES,Towers with Radar,30,37,16,65,148,0,0,9,21,30,30,37,25,86,178,35,0,35,213
08/17/2015,PNS,FL,ASO,ES,Towers with Radar,31,43,24,57,155,0,3,22,18,43,31,46,46,75,198,48,0,48,246
08/18/2015,PNS,FL,ASO,ES,Towers with Radar,33,41,21,54,149,0,1,39,44,84,33,42,60,98,233,92,0,92,325
08/19/2015,PNS,FL,ASO,ES,Towers with Radar,33,39,33,41,146,0,0,52,23,75,33,39,85,64,221,154,0,154,375
08/20/2015,PNS,FL,ASO,ES,Towers with Radar,32,38,32,32,134,0,0,47,20,67,32,38,79,52,201,110,0,110,311
08/21/2015,PNS,FL,ASO,ES,Towers with Radar,33,44,18,56,151,0,3,59,45,107,33,47,77,101,258,170,6,176,434
08/22/2015,PNS,FL,ASO,ES,Towers with Radar,29,29,16,24,98,0,0,61,17,78,29,29,77,41,176,130,2,132,308
08/23/2015,PNS,FL,ASO,ES,Towers with Radar,30,31,30,29,120,0,1,49,19,69,30,32,79,48,189,46,0,46,235
08/24/2015,PNS,FL,ASO,ES,Towers with Radar,33,36,37,27,133,0,0,39,34,73,33,36,76,61,206,110,0,110,316
08/25/2015,PNS,FL,ASO,ES,Towers with Radar,36,49,29,15,129,0,3,77,19,99,36,52,106,34,228,148,22,170,398
08/26/2015,PNS,FL,ASO,ES,Towers with Radar,34,36,33,21,124,0,0,53,25,78,34,36,86,46,202,130,0,130,332
08/27/2015,PNS,FL,ASO,ES,Towers with Radar,34,35,18,36,123,0,0,43,31,74,34,35,61,67,197,138,0,138,335
08/28/2015,PNS,FL,ASO,ES,Towers with Radar,34,41,32,39,146,0,2,42,15,59,34,43,74,54,205,98,0,98,303
08/29/2015,PNS,FL,ASO,ES,Towers with Radar,31,30,13,30,104,0,0,47,34,81,31,30,60,64,185,72,32,104,289
08/30/2015,PNS,FL,ASO,ES,Towers with Radar,30,30,20,53,133,0,1,43,46,90,30,31,63,99,223,50,0,50,273
08/31/2015,PNS,FL,ASO,ES,Towers with Radar,33,39,25,34,131,0,0,50,28,78,33,39,75,62,209,146,6,152,361
09/01/2015,PNS,FL,ASO,ES,Towers with Radar,34,36,25,41,136,0,2,54,29,85,34,38,79,70,221,118,0,118,339
09/02/2015,PNS,FL,ASO,ES,Towers with Radar,34,36,33,24,127,0,0,56,19,75,34,36,89,43,202,144,0,144,346
09/03/2015,PNS,FL,ASO,ES,Towers with Radar,36,39,27,34,136,0,0,37,42,79,36,39,64,76,215,190,0,190,405
09/04/2015,PNS,FL,ASO,ES,Towers with Radar,34,42,52,4,132,0,2,45,9,56,34,44,97,13,188,112,0,112,300
09/05/2015,PNS,FL,ASO,ES,Towers with Radar,26,30,14,6,76,0,0,40,4,44,26,30,54,10,120,126,0,126,246
09/06/2015,PNS,FL,ASO,ES,Towers with Radar,25,27,18,14,84,0,2,37,6,45,25,29,55,20,129,80,4,84,213
09/07/2015,PNS,FL,ASO,ES,Towers with Radar,33,34,61,1,129,0,1,35,1,37,33,35,96,2,166,20,0,20,186
09/08/2015,PNS,FL,ASO,ES,Towers with Radar,35,42,26,61,164,0,0,43,24,67,35,42,69,85,231,90,0,90,321
09/09/2015,PNS,FL,ASO,ES,Towers with Radar,35,34,25,72,166,0,5,36,22,63,35,39,61,94,229,66,0,66,295
09/10/2015,PNS,FL,ASO,ES,Towers with Radar,38,36,23,27,124,0,3,29,35,67,38,39,52,62,191,80,0,80,271
09/11/2015,PNS,FL,ASO,ES,Towers with Radar,38,40,16,39,133,0,0,22,43,65,38,40,38,82,198,112,32,144,342
09/12/2015,PNS,FL,ASO,ES,Towers with Radar,36,28,28,41,133,0,0,26,30,56,36,28,54,71,189,72,0,72,261
09/13/2015,PNS,FL,ASO,ES,Towers with Radar,35,22,23,31,111,0,1,53,36,90,35,23,76,67,201,24,0,24,225
09/14/2015,PNS,FL,ASO,ES,Towers with Radar,39,33,26,49,147,0,0,49,32,81,39,33,75,81,228,84,0,84,312
09/15/2015,PNS,FL,ASO,ES,Towers with Radar,36,35,31,64,166,0,1,51,28,80,36,36,82,92,246,104,0,104,350
09/16/2015,PNS,FL,ASO,ES,Towers with Radar,36,37,25,54,152,0,0,51,22,73,36,37,76,76,225,140,0,140,365
09/17/2015,PNS,FL,ASO,ES,Towers with Radar,39,38,21,47,145,0,0,36,15,51,39,38,57,62,196,92,0,92,288
09/18/2015,PNS,FL,ASO,ES,Towers with Radar,35,35,30,41,141,0,0,76,35,111,35,35,106,76,252,78,0,78,330
09/19/2015,PNS,FL,ASO,ES,Towers with Radar,35,26,11,41,113,0,1,54,29,84,35,27,65,70,197,118,0,118,315
09/20/2015,PNS,FL,ASO,ES,Towers with Radar,33,23,27,23,106,0,0,55,23,78,33,23,82,46,184,112,6,118,302
09/21/2015,PNS,FL,ASO,ES,Towers with Radar,34,31,24,39,128,0,7,29,40,76,34,38,53,79,204,100,0,100,304
09/22/2015,PNS,FL,ASO,ES,Towers with Radar,35,32,18,31,116,0,0,47,18,65,35,32,65,49,181,122,0,122,303
09/23/2015,PNS,FL,ASO,ES,Towers with Radar,36,37,42,25,140,0,0,41,18,59,36,37,83,43,199,122,0,122,321
09/24/2015,PNS,FL,ASO,ES,Towers with Radar,38,37,26,40,141,0,0,33,25,58,38,37,59,65,199,90,0,90,289
09/25/2015,PNS,FL,ASO,ES,Towers with Radar,36,36,25,21,118,0,1,45,36,82,36,37,70,57,200,95,0,95,295
09/26/2015,PNS,FL,ASO,ES,Towers with Radar,36,24,20,10,90,0,1,41,23,65,36,25,61,33,155,86,8,94,249
09/27/2015,PNS,FL,ASO,ES,Towers with Radar,34,22,22,64,142,0,0,6,16,22,34,22,28,80,164,4,42,46,210
09/28/2015,PNS,FL,ASO,ES,Towers with Radar,39,29,16,12,96,0,0,0,0,0,39,29,16,12,96,6,0,6,102
09/29/2015,PNS,FL,ASO,ES,Towers with Radar,38,34,30,33,135,0,1,13,11,25,38,35,43,44,160,40,0,40,200
09/30/2015,PNS,FL,ASO,ES,Towers with Radar,38,38,24,20,120,0,1,39,15,55,38,39,63,35,175,92,0,92,267
10/01/2015,PNS,FL,ASO,ES,Towers with Radar,38,35,32,30,135,0,0,21,9,30,38,35,53,39,165,96,0,96,261
10/02/2015,PNS,FL,ASO,ES,Towers with Radar,36,34,25,39,134,0,2,16,7,25,36,36,41,46,159,10,0,10,169
10/03/2015,PNS,FL,ASO,ES,Towers with Radar,36,24,22,28,110,0,0,24,0,24,36,24,46,28,134,90,2,92,226
10/04/2015,PNS,FL,ASO,ES,Towers with Radar,34,26,26,20,106,0,0,19,13,32,34,26,45,33,138,54,2,56,194
10/05/2015,PNS,FL,ASO,ES,Towers with Radar,36,30,20,31,117,0,0,10,2,12,36,30,30,33,129,42,0,42,171
10/06/2015,PNS,FL,ASO,ES,Towers with Radar,38,34,21,42,135,0,1,43,26,70,38,35,64,68,205,54,4,58,263
10/07/2015,PNS,FL,ASO,ES,Towers with Radar,38,31,20,22,111,0,1,51,7,59,38,32,71,29,170,122,0,122,292
10/08/2015,PNS,FL,ASO,ES,Towers with Radar,40,33,27,48,148,0,0,68,32,100,40,33,95,80,248,124,14,138,386
10/09/2015,PNS,FL,ASO,ES,Towers with Radar,37,40,18,38,133,0,3,61,31,95,37,43,79,69,228,104,16,120,348
10/10/2015,PNS,FL,ASO,ES,Towers with Radar,38,25,17,22,102,0,1,36,5,42,38,26,53,27,144,54,0,54,198
10/11/2015,PNS,FL,ASO,ES,Towers with Radar,35,27,43,6,111,0,0,40,16,56,35,27,83,22,167,72,0,72,239
10/12/2015,PNS,FL,ASO,ES,Towers with Radar,37,31,32,3,103,0,0,56,0,56,37,31,88,3,159,122,0,122,281
10/13/2015,PNS,FL,ASO,ES,Towers with Radar,38,35,20,47,140,0,0,43,35,78,38,35,63,82,218,30,18,48,266
10/14/2015,PNS,FL,ASO,ES,Towers with Radar,40,37,26,32,135,0,0,34,22,56,40,37,60,54,191,78,0,78,269
10/15/2015,PNS,FL,ASO,ES,Towers with Radar,40,39,32,51,162,0,1,31,14,46,40,40,63,65,208,76,12,88,296
10/16/2015,PNS,FL,ASO,ES,Towers with Radar,37,32,40,38,147,0,1,70,15,86,37,33,110,53,233,86,14,100,333
10/17/2015,PNS,FL,ASO,ES,Towers with Radar,36,24,19,24,103,0,1,40,14,55,36,25,59,38,158,106,10,116,274
10/18/2015,PNS,FL,ASO,ES,Towers with Radar,35,21,26,21,103,0,0,50,28,78,35,21,76,49,181,90,16,106,287
10/19/2015,PNS,FL,ASO,ES,Towers with Radar,36,32,34,47,149,0,1,59,31,91,36,33,93,78,240,66,6,72,312
10/20/2015,PNS,FL,ASO,ES,Towers with Radar,38,33,38,35,144,0,0,59,15,74,38,33,97,50,218,146,0,146,364
10/21/2015,PNS,FL,ASO,ES,Towers with Radar,38,35,25,26,124,0,3,46,22,71,38,38,71,48,195,96,12,108,303
10/22/2015,PNS,FL,ASO,ES,Towers with Radar,36,34,16,32,118,0,1,57,17,75,36,35,73,49,193,134,0,134,327
10/23/2015,PNS,FL,ASO,ES,Towers with Radar,38,29,29,52,148,0,2,56,33,91,38,31,85,85,239,108,18,126,365
10/24/2015,PNS,FL,ASO,ES,Towers with Radar,36,26,19,26,107,0,1,25,23,49,36,27,44,49,156,70,2,72,228
10/25/2015,PNS,FL,ASO,ES,Towers with Radar,36,28,22,61,147,0,0,7,18,25,36,28,29,79,172,14,4,18,190
10/26/2015,PNS,FL,ASO,ES,Towers with Radar,38,33,5,1,77,0,0,1,0,1,38,33,6,1,78,0,0,0,78
10/27/2015,PNS,FL,ASO,ES,Towers with Radar,36,32,17,66,151,0,0,9,5,14,36,32,26,71,165,2,0,2,167
10/28/2015,PNS,FL,ASO,ES,Towers with Radar,36,34,29,28,127,0,3,61,25,89,36,37,90,53,216,154,4,158,374
10/29/2015,PNS,FL,ASO,ES,Towers with Radar,40,33,44,11,128,0,1,80,16,97,40,34,124,27,225,140,0,140,365
10/30/2015,PNS,FL,ASO,ES,Towers with Radar,36,33,19,43,131,0,0,67,25,92,36,33,86,68,223,120,10,130,353
10/31/2015,PNS,FL,ASO,ES,Towers with Radar,30,25,11,20,86,0,0,20,13,33,30,25,31,33,119,36,22,58,177
11/01/2015,PNS,FL,ASO,ES,Towers with Radar,38,25,14,2,79,0,0,0,2,2,38,25,14,4,81,0,0,0,81
11/02/2015,PNS,FL,ASO,ES,Towers with Radar,35,29,24,74,162,0,1,43,32,76,35,30,67,106,238,136,0,136,374
11/03/2015,PNS,FL,ASO,ES,Towers with Radar,38,36,34,53,161,0,4,52,32,88,38,40,86,85,249,92,6,98,347
11/04/2015,PNS,FL,ASO,ES,Towers with Radar,38,30,31,86,185,0,0,38,48,86,38,30,69,134,271,150,16,166,437
11/05/2015,PNS,FL,ASO,ES,Towers with Radar,37,33,39,128,237,0,1,14,8,23,37,34,53,136,260,28,0,28,288
11/06/2015,PNS,FL,ASO,ES,Towers with Radar,39,33,21,85,178,0,0,26,22,48,39,33,47,107,226,40,6,46,272
11/07/2015,PNS,FL,ASO,ES,Towers with Radar,35,19,16,13,83,0,5,14,38,57,35,24,30,51,140,50,22,72,212
11/08/2015,PNS,FL,ASO,ES,Towers with Radar,37,25,18,50,130,0,0,0,3,3,37,25,18,53,133,0,0,0,133
11/09/2015,PNS,FL,ASO,ES,Towers with Radar,36,32,18,63,149,0,0,0,0,0,36,32,18,63,149,0,0,0,149
11/10/2015,PNS,FL,ASO,ES,Towers with Radar,35,34,29,45,143,0,0,13,2,15,35,34,42,47,158,18,0,18,176
11/11/2015,PNS,FL,ASO,ES,Towers with Radar,36,34,40,16,126,0,6,73,18,97,36,40,113,34,223,168,0,168,391
11/12/2015,PNS,FL,ASO,ES,Towers with Radar,38,33,32,22,125,0,2,50,20,72,38,35,82,42,197,134,0,134,331
11/13/2015,PNS,FL,ASO,ES,Towers with Radar,37,30,27,43,137,0,1,77,41,119,37,31,104,84,256,108,20,128,384
11/14/2015,PNS,FL,ASO,ES,Towers with Radar,34,18,14,23,89,0,3,58,33,94,34,21,72,56,183,87,4,91,274
11/15/2015,PNS,FL,ASO,ES,Towers with Radar,36,21,27,27,111,0,0,44,36,80,36,21,71,63,191,130,4,134,325
11/16/2015,PNS,FL,ASO,ES,Towers with Radar,39,33,38,26,136,0,0,15,5,20,39,33,53,31,156,40,0,40,196
11/17/2015,PNS,FL,ASO,ES,Towers with Radar,38,27,24,47,136,0,0,0,6,6,38,27,24,53,142,0,0,0,142
11/18/2015,PNS,FL,ASO,ES,Towers with Radar,37,28,6,4,75,0,0,0,0,0,37,28,6,4,75,0,0,0,75
11/19/2015,PNS,FL,ASO,ES,Towers with Radar,38,35,34,28,135,0,0,45,18,63,38,35,79,46,198,132,0,132,330
11/20/2015,PNS,FL,ASO,ES,Towers with Radar,38,31,35,67,171,0,0,64,53,117,38,31,99,120,288,167,18,185,473
11/21/2015,PNS,FL,ASO,ES,Towers with Radar,34,19,28,54,135,0,0,1,23,24,34,19,29,77,159,20,0,20,179
11/22/2015,PNS,FL,ASO,ES,Towers with Radar,33,23,33,34,123,0,0,41,51,92,33,23,74,85,215,72,4,76,291
11/23/2015,PNS,FL,ASO,ES,Towers with Radar,35,26,25,31,117,0,0,65,44,109,35,26,90,75,226,88,0,88,314
11/24/2015,PNS,FL,ASO,ES,Towers with Radar,38,35,31,32,136,0,1,41,22,64,38,36,72,54,200,92,0,92,292
11/25/2015,PNS,FL,ASO,ES,Towers with Radar,40,29,29,0,98,0,0,46,1,47,40,29,75,1,145,68,0,68,213
11/26/2015,PNS,FL,ASO,ES,Towers with Radar,21,10,9,2,42,0,0,7,2,9,21,10,16,4,51,0,0,0,51
11/27/2015,PNS,FL,ASO,ES,Towers with Radar,35,27,22,1,85,0,0,22,0,22,35,27,44,1,107,38,0,38,145
11/28/2015,PNS,FL,ASO,ES,Towers with Radar,38,23,22,1,84,0,2,58,0,60,38,25,80,1,144,92,0,92,236
11/29/2015,PNS,FL,ASO,ES,Towers with Radar,37,21,33,0,91,0,1,26,0,27,37,22,59,0,118,70,0,70,188
11/30/2015,PNS,FL,ASO,ES,Towers with Radar,37,36,16,63,152,0,2,50,26,78,37,38,66,89,230,114,0,114,344
12/01/2015,PNS,FL,ASO,ES,Towers with Radar,38,33,20,63,154,0,0,37,12,49,38,33,57,75,203,22,0,22,225
12/02/2015,PNS,FL,ASO,ES,Towers with Radar,40,36,28,37,141,0,0,27,22,49,40,36,55,59,190,30,0,30,220
12/03/2015,PNS,FL,ASO,ES,Towers with Radar,40,30,34,43,147,0,1,54,29,84,40,31,88,72,231,70,6,76,307
12/04/2015,PNS,FL,ASO,ES,Towers with Radar,40,30,39,28,137,0,0,51,34,85,40,30,90,62,222,148,22,170,392
12/05/2015,PNS,FL,ASO,ES,Towers with Radar,34,17,23,16,90,0,0,57,41,98,34,17,80,57,188,128,4,132,320
12/06/2015,PNS,FL,ASO,ES,Towers with Radar,39,21,35,29,124,0,1,54,28,83,39,22,89,57,207,106,0,106,313
12/07/2015,PNS,FL,ASO,ES,Towers with Radar,39,30,15,27,111,0,1,59,29,89,39,31,74,56,200,110,0,110,310
12/08/2015,PNS,FL,ASO,ES,Towers with Radar,40,27,13,22,102,0,0,53,15,68,40,27,66,37,170,64,0,64,234
12/09/2015,PNS,FL,ASO,ES,Towers with Radar,40,36,26,40,142,0,0,60,27,87,40,36,86,67,229,112,0,112,341
12/10/2015,PNS,FL,ASO,ES,Towers with Radar,39,28,43,53,163,0,0,59,16,75,39,28,102,69,238,100,0,100,338
12/11/2015,PNS,FL,ASO,ES,Towers with Radar,39,31,22,50,142,0,2,59,28,89,39,33,81,78,231,108,26,134,365
12/12/2015,PNS,FL,ASO,ES,Towers with Radar,34,26,18,22,100,0,0,24,44,68,34,26,42,66,168,68,0,68,236
12/13/2015,PNS,FL,ASO,ES,Towers with Radar,35,19,40,58,152,0,0,3,4,7,35,19,43,62,159,0,0,0,159
12/14/2015,PNS,FL,ASO,ES,Towers with Radar,38,29,31,37,135,0,0,34,30,64,38,29,65,67,199,44,0,44,243
12/15/2015,PNS,FL,ASO,ES,Towers with Radar,43,30,33,31,137,0,1,69,34,104,43,31,102,65,241,120,0,120,361
12/16/2015,PNS,FL,ASO,ES,Towers with Radar,41,34,25,73,173,0,0,0,1,1,41,34,25,74,174,0,16,16,190
12/17/2015,PNS,FL,ASO,ES,Towers with Radar,38,36,42,14,130,0,0,2,7,9,38,36,44,21,139,20,0,20,159
12/18/2015,PNS,FL,ASO,ES,Towers with Radar,36,36,34,20,126,0,3,66,23,92,36,39,100,43,218,50,52,102,320
12/19/2015,PNS,FL,ASO,ES,Towers with Radar,37,25,16,16,94,0,0,77,35,112,37,25,93,51,206,112,6,118,324
12/20/2015,PNS,FL,ASO,ES,Towers with Radar,35,28,27,21,111,0,0,54,26,80,35,28,81,47,191,94,0,94,285
12/21/2015,PNS,FL,ASO,ES,Towers with Radar,38,35,18,22,113,0,0,0,6,6,38,35,18,28,119,0,0,0,119
12/22/2015,PNS,FL,ASO,ES,Towers with Radar,38,36,25,17,116,0,0,0,0,0,38,36,25,17,116,0,0,0,116
12/23/2015,PNS,FL,ASO,ES,Towers with Radar,39,39,2,4,84,0,0,0,0,0,39,39,2,4,84,0,0,0,84
12/24/2015,PNS,FL,ASO,ES,Towers with Radar,29,36,22,0,87,0,0,0,0,0,29,36,22,0,87,0,0,0,87
12/25/2015,PNS,FL,ASO,ES,Towers with Radar,34,20,5,0,59,0,0,0,0,0,34,20,5,0,59,0,0,0,59
12/26/2015,PNS,FL,ASO,ES,Towers with Radar,33,30,19,0,82,0,0,0,0,0,33,30,19,0,82,0,0,0,82
12/27/2015,PNS,FL,ASO,ES,Towers with Radar,29,21,35,0,85,0,0,1,0,1,29,21,36,0,86,0,0,0,86
12/28/2015,PNS,FL,ASO,ES,Towers with Radar,30,27,12,0,69,0,0,0,0,0,30,27,12,0,69,0,0,0,69
12/29/2015,PNS,FL,ASO,ES,Towers with Radar,35,32,13,10,90,0,4,41,14,59,35,36,54,24,149,78,0,78,227
12/30/2015,PNS,FL,ASO,ES,Towers with Radar,38,33,9,1,81,0,0,0,0,0,38,33,9,1,81,0,0,0,81
12/31/2015,PNS,FL,ASO,ES,Towers with Radar,33,33,10,0,76,0,0,2,0,2,33,33,12,0,78,0,0,0,78
01/01/2016,PNS,FL,ASO,ES,Towers with Radar,32,21,10,0,63,0,2,8,0,10,32,23,18,0,73,6,0,6,79
01/02/2016,PNS,FL,ASO,ES,Towers with Radar,36,27,28,0,91,0,0,25,2,27,36,27,53,2,118,26,0,26,144
01/03/2016,PNS,FL,ASO,ES,Towers with Radar,35,28,23,0,86,0,2,33,0,35,35,30,56,0,121,46,0,46,167
01/04/2016,PNS,FL,ASO,ES,Towers with Radar,37,33,19,14,103,0,3,37,22,62,37,36,56,36,165,50,22,72,237
01/05/2016,PNS,FL,ASO,ES,Towers with Radar,34,32,28,47,141,0,0,48,24,72,34,32,76,71,213,166,0,166,379
01/06/2016,PNS,FL,ASO,ES,Towers with Radar,36,34,28,52,150,0,0,83,35,118,36,34,111,87,268,90,0,90,358
01/07/2016,PNS,FL,ASO,ES,Towers with Radar,34,38,29,26,127,0,0,14,6,20,34,38,43,32,147,58,0,58,205
01/08/2016,PNS,FL,ASO,ES,Towers with Radar,34,35,7,35,111,0,0,0,0,0,34,35,7,35,111,0,0,0,111
01/09/2016,PNS,FL,ASO,ES,Towers with Radar,35,19,9,25,88,0,0,7,15,22,35,19,16,40,110,28,14,42,152
01/10/2016,PNS,FL,ASO,ES,Towers with Radar,28,29,25,29,111,0,0,34,18,52,28,29,59,47,163,100,6,106,269
01/11/2016,PNS,FL,ASO,ES,Towers with Radar,33,30,17,31,111,0,0,56,17,73,33,30,73,48,184,68,10,78,262
01/12/2016,PNS,FL,ASO,ES,Towers with Radar,34,35,33,20,122,0,0,84,17,101,34,35,117,37,223,121,0,121,344
01/13/2016,PNS,FL,ASO,ES,Towers with Radar,39,31,45,43,158,0,1,84,28,113,39,32,129,71,271,164,0,164,435
01/14/2016,PNS,FL,ASO,ES,Towers with Radar,34,37,31,26,128,0,0,56,15,71,34,37,87,41,199,178,0,178,377
01/15/2016,PNS,FL,ASO,ES,Towers with Radar,36,33,28,28,125,0,1,2,12,15,36,34,30,40,140,0,0,0,140
01/16/2016,PNS,FL,ASO,ES,Towers with Radar,31,20,20,20,91,0,0,54,23,77,31,20,74,43,168,57,18,75,243
01/17/2016,PNS,FL,ASO,ES,Towers with Radar,26,26,33,10,95,0,4,41,28,73,26,30,74,38,168,84,0,84,252
01/18/2016,PNS,FL,ASO,ES,Towers with Radar,33,30,30,10,103,0,0,43,5,48,33,30,73,15,151,68,0,68,219
01/19/2016,PNS,FL,ASO,ES,Towers with Radar,34,37,21,38,130,0,0,57,23,80,34,37,78,61,210,118,14,132,342
01/20/2016,PNS,FL,ASO,ES,Towers with Radar,35,29,25,60,149,0,4,42,18,64,35,33,67,78,213,140,0,140,353
01/21/2016,PNS,FL,ASO,ES,Towers with Radar,36,38,13,15,102,0,0,1,0,1,36,38,14,15,103,0,0,0,103
01/22/2016,PNS,FL,ASO,ES,Towers with Radar,21,32,7,19,79,0,0,0,5,5,21,32,7,24,84,0,0,0,84
01/23/2016,PNS,FL,ASO,ES,Towers with Radar,29,18,19,17,83,0,1,18,25,44,29,19,37,42,127,0,0,0,127
01/24/2016,PNS,FL,ASO,ES,Towers with Radar,30,19,28,36,113,0,0,61,24,85,30,19,89,60,198,172,2,174,372
01/25/2016,PNS,FL,ASO,ES,Towers with Radar,33,33,30,64,160,0,2,58,63,123,33,35,88,127,283,196,0,196,479
01/26/2016,PNS,FL,ASO,ES,Towers with Radar,38,32,14,47,131,0,0,28,23,51,38,32,42,70,182,90,2,92,274
01/27/2016,PNS,FL,ASO,ES,Towers with Radar,38,37,16,1,92,0,0,0,0,0,38,37,16,1,92,0,0,0,92
01/28/2016,PNS,FL,ASO,ES,Towers with Radar,34,40,39,21,134,0,0,65,13,78,34,40,104,34,212,130,10,140,352
01/29/2016,PNS,FL,ASO,ES,Towers with Radar,34,42,30,36,142,0,0,77,31,108,34,42,107,67,250,168,0,168,418
01/30/2016,PNS,FL,ASO,ES,Towers with Radar,35,15,13,27,90,0,4,49,27,80,35,19,62,54,170,130,2,132,302
01/31/2016,PNS,FL,ASO,ES,Towers with Radar,26,28,29,35,118,0,0,40,12,52,26,28,69,47,170,80,0,80,250
02/01/2016,PNS,FL,ASO,ES,Towers with Radar,29,29,25,78,161,0,0,11,1,12,29,29,36,79,173,12,0,12,185
02/02/2016,PNS,FL,ASO,ES,Towers with Radar,44,34,14,8,100,0,0,0,0,0,44,34,14,8,100,0,0,0,100
02/03/2016,PNS,FL,ASO,ES,Towers with Radar,38,24,17,27,106,0,0,18,18,36,38,24,35,45,142,22,0,22,164
02/04/2016,PNS,FL,ASO,ES,Towers with Radar,34,34,30,28,126,0,6,46,27,79,34,40,76,55,205,64,6,70,275
02/05/2016,PNS,FL,ASO,ES,Towers with Radar,33,38,27,31,129,0,1,61,11,73,33,39,88,42,202,142,0,142,344
02/06/2016,PNS,FL,ASO,ES,Towers with Radar,33,21,10,7,71,0,1,39,11,51,33,22,49,18,122,48,0,48,170
02/07/2016,PNS,FL,ASO,ES,Towers with Radar,26,21,22,8,77,0,1,53,17,71,26,22,75,25,148,86,0,86,234
02/08/2016,PNS,FL,ASO,ES,Towers with Radar,32,31,13,19,95,0,1,8,24,33,32,32,21,43,128,6,0,6,134
02/09/2016,PNS,FL,ASO,ES,Towers with Radar,34,34,6,22,96,0,1,4,18,23,34,35,10,40,119,8,0,8,127
02/10/2016,PNS,FL,ASO,ES,Towers with Radar,36,36,33,20,125,0,3,63,21,87,36,39,96,41,212,100,0,100,312
02/11/2016,PNS,FL,ASO,ES,Towers with Radar,34,37,32,46,149,0,4,92,19,115,34,41,124,65,264,152,22,174,438
02/12/2016,PNS,FL,ASO,ES,Towers with Radar,38,36,28,46,148,0,2,32,50,84,38,38,60,96,232,42,4,46,278
02/13/2016,PNS,FL,ASO,ES,Towers with Radar,35,20,10,22,87,0,4,63,34,101,35,24,73,56,188,78,36,114,302
02/14/2016,PNS,FL,ASO,ES,Towers with Radar,33,19,25,25,102,0,0,41,45,86,33,19,66,70,188,68,50,118,306
02/15/2016,PNS,FL,ASO,ES,Towers with Radar,34,28,26,9,97,0,0,7,3,10,34,28,33,12,107,20,28,48,155
02/16/2016,PNS,FL,ASO,ES,Towers with Radar,31,44,42,33,150,0,2,75,39,116,31,46,117,72,266,160,0,160,426
02/17/2016,PNS,FL,ASO,ES,Towers with Radar,33,33,21,21,108,0,2,62,28,92,33,35,83,49,200,175,0,175,375
02/18/2016,PNS,FL,ASO,ES,Towers with Radar,35,32,30,35,132,0,2,64,24,90,35,34,94,59,222,137,2,139,361
02/19/2016,PNS,FL,ASO,ES,Towers with Radar,38,35,41,57,171,0,4,60,27,91,38,39,101,84,262,182,2,184,446
02/20/2016,PNS,FL,ASO,ES,Towers with Radar,32,23,24,41,120,0,2,59,26,87,32,25,83,67,207,100,28,128,335
02/21/2016,PNS,FL,ASO,ES,Towers with Radar,34,19,24,39,116,0,2,45,20,67,34,21,69,59,183,78,0,78,261
02/22/2016,PNS,FL,ASO,ES,Towers with Radar,34,39,38,38,149,0,0,13,6,19,34,39,51,44,168,10,0,10,178
02/23/2016,PNS,FL,ASO,ES,Towers with Radar,33,26,14,24,97,0,0,4,1,5,33,26,18,25,102,2,0,2,104
02/24/2016,PNS,FL,ASO,ES,Towers with Radar,33,37,27,31,128,0,0,7,22,29,33,37,34,53,157,0,0,0,157
02/25/2016,PNS,FL,ASO,ES,Towers with Radar,36,31,34,36,137,0,1,63,38,102,36,32,97,74,239,92,10,102,341
02/26/2016,PNS,FL,ASO,ES,Towers with Radar,35,31,41,14,121,0,0,68,18,86,35,31,109,32,207,178,8,186,393
02/27/2016,PNS,FL,ASO,ES,Towers with Radar,33,25,21,19,98,0,0,90,19,109,33,25,111,38,207,125,0,125,332
02/28/2016,PNS,FL,ASO,ES,Towers with Radar,34,23,30,23,110,0,3,74,27,104,34,26,104,50,214,120,0,120,334
02/29/2016,PNS,FL,ASO,ES,Towers with Radar,35,32,32,49,148,0,0,55,25,80,35,32,87,74,228,86,0,86,314
03/01/2016,PNS,FL,ASO,ES,Towers with Radar,34,38,24,43,139,0,0,14,38,52,34,38,38,81,191,68,0,68,259
03/02/2016,PNS,FL,ASO,ES,Towers with Radar,35,34,23,18,110,0,2,53,32,87,35,36,76,50,197,130,0,130,327
03/03/2016,PNS,FL,ASO,ES,Towers with Radar,40,35,33,35,143,0,1,42,5,48,40,36,75,40,191,114,0,114,305
03/04/2016,PNS,FL,ASO,ES,Towers with Radar,40,30,26,39,135,0,3,36,27,66,40,33,62,66,201,44,4,48,249
03/05/2016,PNS,FL,ASO,ES,Towers with Radar,41,28,22,33,124,0,1,62,33,96,41,29,84,66,220,116,4,120,340
03/06/2016,PNS,FL,ASO,ES,Towers with Radar,34,27,26,25,112,0,2,54,24,80,34,29,80,49,192,152,0,152,344
03/07/2016,PNS,FL,ASO,ES,Towers with Radar,39,28,19,38,124,0,1,33,10,44,39,29,52,48,168,64,8,72,240
03/08/2016,PNS,FL,ASO,ES,Towers with Radar,38,33,33,35,139,0,3,29,26,58,38,36,62,61,197,38,0,38,235
03/09/2016,PNS,FL,ASO,ES,Towers with Radar,40,38,20,34,132,0,1,10,1,12,40,39,30,35,144,12,0,12,156
03/10/2016,PNS,FL,ASO,ES,Towers with Radar,38,37,17,56,148,0,0,1,0,1,38,37,18,56,149,0,0,0,149
03/11/2016,PNS,FL,ASO,ES,Towers with Radar,40,33,27,15,115,0,1,2,2,5,40,34,29,17,120,2,4,6,126
03/12/2016,PNS,FL,ASO,ES,Towers with Radar,39,24,12,7,82,0,0,5,2,7,39,24,17,9,89,22,0,22,111
03/13/2016,PNS,FL,ASO,ES,Towers with Radar,38,34,29,23,124,0,5,48,10,63,38,39,77,33,187,92,0,92,279
03/14/2016,PNS,FL,ASO,ES,Towers with Radar,36,32,30,57,155,0,0,23,39,62,36,32,53,96,217,16,24,40,257
03/15/2016,PNS,FL,ASO,ES,Towers with Radar,41,31,31,32,135,0,1,46,23,70,41,32,77,55,205,74,0,74,279
03/16/2016,PNS,FL,ASO,ES,Towers with Radar,40,38,40,42,160,0,1,54,24,79,40,39,94,66,239,128,0,128,367
03/17/2016,PNS,FL,ASO,ES,Towers with Radar,39,35,42,13,129,0,0,1,0,1,39,35,43,13,130,26,0,26,156
03/18/2016,PNS,FL,ASO,ES,Towers with Radar,38,39,20,18,115,0,0,0,2,2,38,39,20,20,117,0,0,0,117
03/19/2016,PNS,FL,ASO,ES,Towers with Radar,41,23,20,44,128,0,0,26,23,49,41,23,46,67,177,44,6,50,227
03/20/2016,PNS,FL,ASO,ES,Towers with Radar,34,26,34,36,130,0,2,31,22,55,34,28,65,58,185,44,0,44,229
03/21/2016,PNS,FL,ASO,ES,Towers with Radar,39,33,21,14,107,0,5,61,11,77,39,38,82,25,184,130,10,140,324
03/22/2016,PNS,FL,ASO,ES,Towers with Radar,43,36,32,47,158,0,0,60,36,96,43,36,92,83,254,128,0,128,382
03/23/2016,PNS,FL,ASO,ES,Towers with Radar,40,33,33,71,177,0,0,42,7,49,40,33,75,78,226,154,0,154,380
03/24/2016,PNS,FL,ASO,ES,Towers with Radar,39,30,21,35,125,0,0,0,3,3,39,30,21,38,128,0,0,0,128
03/25/2016,PNS,FL,ASO,ES,Towers with Radar,39,37,54,26,156,0,2,33,14,49,39,39,87,40,205,62,0,62,267
03/26/2016,PNS,FL,ASO,ES,Towers with Radar,40,19,10,2,71,0,0,3,6,9,40,19,13,8,80,0,0,0,80
03/27/2016,PNS,FL,ASO,ES,Towers with Radar,34,24,10,4,72,0,0,1,7,8,34,24,11,11,80,0,0,0,80
03/28/2016,PNS,FL,ASO,ES,Towers with Radar,39,29,42,39,149,0,2,51,34,87,39,31,93,73,236,78,0,78,314
03/29/2016,PNS,FL,ASO,ES,Towers with Radar,43,29,44,46,162,0,0,79,30,109,43,29,123,76,271,152,0,152,423
03/30/2016,PNS,FL,ASO,ES,Towers with Radar,40,30,44,32,146,0,2,62,9,73,40,32,106,41,219,70,0,70,289
03/31/2016,PNS,FL,ASO,ES,Towers with Radar,40,33,21,1,95,0,0,2,0,2,40,33,23,1,97,0,0,0,97
04/01/2016,PNS,FL,ASO,ES,Towers with Radar,40,31,5,0,76,0,0,1,0,1,40,31,6,0,77,0,0,0,77
04/02/2016,PNS,FL,ASO,ES,Towers with Radar,44,20,19,7,90,0,0,51,5,56,44,20,70,12,146,54,0,54,200
04/03/2016,PNS,FL,ASO,ES,Towers with Radar,36,27,27,2,92,0,1,86,3,90,36,28,113,5,182,132,0,132,314
04/04/2016,PNS,FL,ASO,ES,Towers with Radar,39,32,31,28,130,0,1,69,18,88,39,33,100,46,218,136,0,136,354
04/05/2016,PNS,FL,ASO,ES,Towers with Radar,39,31,36,23,129,0,3,77,23,103,39,34,113,46,232,166,0,166,398
04/06/2016,PNS,FL,ASO,ES,Towers with Radar,42,33,38,69,182,0,1,16,6,23,42,34,54,75,205,48,0,48,253
04/07/2016,PNS,FL,ASO,ES,Towers with Radar,44,34,54,39,171,0,7,61,28,96,44,41,115,67,267,136,0,136,403
04/08/2016,PNS,FL,ASO,ES,Towers with Radar,40,37,42,35,154,0,0,55,19,74,40,37,97,54,228,180,4,184,412
04/09/2016,PNS,FL,ASO,ES,Towers with Radar,46,14,31,28,119,0,0,59,41,100,46,14,90,69,219,98,0,98,317
04/10/2016,PNS,FL,ASO,ES,Towers with Radar,38,24,37,33,132,0,0,56,28,84,38,24,93,61,216,74,30,104,320
04/11/2016,PNS,FL,ASO,ES,Towers with Radar,43,26,28,52,149,0,2,44,19,65,43,28,72,71,214,96,4,100,314
04/12/2016,PNS,FL,ASO,ES,Towers with Radar,42,37,32,32,143,0,1,14,11,26,42,38,46,43,169,52,0,52,221
04/13/2016,PNS,FL,ASO,ES,Towers with Radar,44,32,20,11,107,0,0,6,1,7,44,32,26,12,114,30,0,30,144
04/14/2016,PNS,FL,ASO,ES,Towers with Radar,44,31,23,13,111,0,0,0,3,3,44,31,23,16,114,0,0,0,114
04/15/2016,PNS,FL,ASO,ES,Towers with Radar,42,37,29,55,163,0,0,4,16,20,42,37,33,71,183,72,0,72,255
04/16/2016,PNS,FL,ASO,ES,Towers with Radar,46,18,34,46,144,0,2,32,23,57,46,20,66,69,201,120,4,124,325
04/17/2016,PNS,FL,ASO,ES,Towers with Radar,30,23,40,45,138,0,0,72,25,97,30,23,112,70,235,190,16,206,441
04/18/2016,PNS,FL,ASO,ES,Towers with Radar,34,25,23,31,113,0,0,67,21,88,34,25,90,52,201,184,0,184,385
04/19/2016,PNS,FL,ASO,ES,Towers with Radar,41,30,35,36,142,0,1,95,19,115,41,31,130,55,257,230,0,230,487
04/20/2016,PNS,FL,ASO,ES,Towers with Radar,42,35,27,35,139,0,2,74,21,97,42,37,101,56,236,312,10,322,558
04/21/2016,PNS,FL,ASO,ES,Towers with Radar,42,30,44,45,161,0,3,55,16,74,42,33,99,61,235,156,8,164,399
04/22/2016,PNS,FL,ASO,ES,Towers with Radar,40,39,36,38,153,0,1,24,5,30,40,40,60,43,183,116,0,116,299
04/23/2016,PNS,FL,ASO,ES,Towers with Radar,46,19,24,11,100,0,2,78,18,98,46,21,102,29,198,162,8,170,368
04/24/2016,PNS,FL,ASO,ES,Towers with Radar,38,23,34,27,122,0,2,57,14,73,38,25,91,41,195,88,0,88,283
04/25/2016,PNS,FL,ASO,ES,Towers with Radar,45,27,38,24,134,0,0,43,14,57,45,27,81,38,191,108,0,108,299
04/26/2016,PNS,FL,ASO,ES,Towers with Radar,42,34,34,58,168,0,1,34,9,44,42,35,68,67,212,102,0,102,314
04/27/2016,PNS,FL,ASO,ES,Towers with Radar,42,30,48,35,155,0,0,12,0,12,42,30,60,35,167,60,0,60,227
04/28/2016,PNS,FL,ASO,ES,Towers with Radar,44,28,31,12,115,0,0,19,1,20,44,28,50,13,135,36,0,36,171
04/29/2016,PNS,FL,ASO,ES,Towers with Radar,38,34,52,81,205,0,0,92,15,107,38,34,144,96,312,244,0,244,556
04/30/2016,PNS,FL,ASO,ES,Towers with Radar,45,19,36,28,128,0,0,1,9,10,45,19,37,37,138,10,0,10,148
05/01/2016,PNS,FL,ASO,ES,Towers with Radar,37,25,22,68,152,0,1,4,25,30,37,26,26,93,182,12,0,12,194
05/02/2016,PNS,FL,ASO,ES,Towers with Radar,39,27,37,58,161,0,0,16,5,21,39,27,53,63,182,122,0,122,304
05/03/2016,PNS,FL,ASO,ES,Towers with Radar,44,32,25,22,123,0,0,10,9,19,44,32,35,31,142,78,0,78,220
05/04/2016,PNS,FL,ASO,ES,Towers with Radar,42,27,44,43,156,0,1,76,34,111,42,28,120,77,267,164,4,168,435
05/05/2016,PNS,FL,ASO,ES,Towers with Radar,40,39,33,32,144,0,0,58,30,88,40,39,91,62,232,144,0,144,376
05/06/2016,PNS,FL,ASO,ES,Towers with Radar,40,41,36,26,143,0,0,65,22,87,40,41,101,48,230,142,8,150,380
05/07/2016,PNS,FL,ASO,ES,Towers with Radar,45,19,30,18,112,0,3,87,26,116,45,22,117,44,228,118,0,118,346
05/08/2016,PNS,FL,ASO,ES,Towers with Radar,32,26,29,14,101,0,1,53,25,79,32,27,82,39,180,102,10,112,292
05/09/2016,PNS,FL,ASO,ES,Towers with Radar,37,40,39,36,152,0,3,67,8,78,37,43,106,44,230,166,0,166,396
05/10/2016,PNS,FL,ASO,ES,Towers with Radar,39,38,34,41,152,0,3,46,18,67,39,41,80,59,219,166,0,166,385
05/11/2016,PNS,FL,ASO,ES,Towers with Radar,40,41,46,59,186,0,4,65,24,93,40,45,111,83,279,222,0,222,501
05/12/2016,PNS,FL,ASO,ES,Towers with Radar,40,47,47,49,183,0,0,49,17,66,40,47,96,66,249,180,0,180,429
05/13/2016,PNS,FL,ASO,ES,Towers with Radar,42,34,43,41,160,2,1,59,19,81,44,35,102,60,241,100,0,100,341
05/14/2016,PNS,FL,ASO,ES,Towers with Radar,44,21,23,14,102,0,0,71,26,97,44,21,94,40,199,228,4,232,431
05/15/2016,PNS,FL,ASO,ES,Towers with Radar,33,32,32,21,118,0,1,58,27,86,33,33,90,48,204,116,18,134,338
05/16/2016,PNS,FL,ASO,ES,Towers with Radar,40,37,36,29,142,0,1,64,27,92,40,38,100,56,234,130,0,130,364
05/17/2016,PNS,FL,ASO,ES,Towers with Radar,39,33,33,92,197,0,0,16,12,28,39,33,49,104,225,84,0,84,309
05/18/2016,PNS,FL,ASO,ES,Towers with Radar,42,37,42,58,179,0,1,35,12,48,42,38,77,70,227,81,24,105,332
05/19/2016,PNS,FL,ASO,ES,Towers with Radar,42,41,32,56,171,0,0,31,15,46,42,41,63,71,217,170,0,170,387
05/20/2016,PNS,FL,ASO,ES,Towers with Radar,39,37,20,46,142,0,0,12,14,26,39,37,32,60,168,68,0,68,236
05/21/2016,PNS,FL,ASO,ES,Towers with Radar,46,22,23,42,133,0,3,57,32,92,46,25,80,74,225,106,26,132,357
05/22/2016,PNS,FL,ASO,ES,Towers with Radar,34,31,23,35,123,0,0,76,28,104,34,31,99,63,227,112,8,120,347
05/23/2016,PNS,FL,ASO,ES,Towers with Radar,37,33,29,41,140,0,2,74,39,115,37,35,103,80,255,180,0,180,435
05/24/2016,PNS,FL,ASO,ES,Towers with Radar,39,36,32,34,141,0,0,78,22,100,39,36,110,56,241,116,0,116,357
05/25/2016,PNS,FL,ASO,ES,Towers with Radar,40,41,32,42,155,0,0,61,25,86,40,41,93,67,241,170,8,178,419
05/26/2016,PNS,FL,ASO,ES,Towers with Radar,39,36,41,36,152,0,1,46,16,63,39,37,87,52,215,242,0,242,457
05/27/2016,PNS,FL,ASO,ES,Towers with Radar,38,36,37,23,134,2,8,76,16,102,40,44,113,39,236,176,0,176,412
05/28/2016,PNS,FL,ASO,ES,Towers with Radar,47,23,45,15,130,0,1,74,1,76,47,24,119,16,206,116,0,116,322
05/29/2016,PNS,FL,ASO,ES,Towers with Radar,34,25,15,8,82,0,0,39,6,45,34,25,54,14,127,104,0,104,231
05/30/2016,PNS,FL,ASO,ES,Towers with Radar,37,37,32,10,116,2,1,39,3,45,39,38,71,13,161,66,0,66,227
05/31/2016,PNS,FL,ASO,ES,Towers with Radar,38,34,33,22,127,0,1,73,23,97,38,35,106,45,224,188,0,188,412
06/01/2016,PNS,FL,ASO,ES,Towers with Radar,38,37,26,39,140,0,1,52,15,68,38,38,78,54,208,170,0,170,378
06/02/2016,PNS,FL,ASO,ES,Towers with Radar,35,40,31,51,157,0,0,55,21,76,35,40,86,72,233,116,0,116,349
06/03/2016,PNS,FL,ASO,ES,Towers with Radar,42,46,30,82,200,0,0,76,23,99,42,46,106,105,299,176,48,224,523
06/04/2016,PNS,FL,ASO,ES,Towers with Radar,42,28,16,12,98,0,0,17,8,25,42,28,33,20,123,120,0,120,243
06/05/2016,PNS,FL,ASO,ES,Towers with Radar,30,39,17,67,153,0,0,27,26,53,30,39,44,93,206,88,0,88,294
06/06/2016,PNS,FL,ASO,ES,Towers with Radar,34,39,19,36,128,0,0,5,12,17,34,39,24,48,145,24,0,24,169
06/07/2016,PNS,FL,ASO,ES,Towers with Radar,37,40,25,29,131,0,0,79,33,112,37,40,104,62,243,206,0,206,449
06/08/2016,PNS,FL,ASO,ES,Towers with Radar,31,46,20,19,116,0,2,63,22,87,31,48,83,41,203,164,2,166,369
06/09/2016,PNS,FL,ASO,ES,Towers with Radar,39,39,34,24,136,0,2,78,21,101,39,41,112,45,237,142,0,142,379
06/10/2016,PNS,FL,ASO,ES,Towers with Radar,39,41,39,35,154,0,3,67,30,100,39,44,106,65,254,182,6,188,442
06/11/2016,PNS,FL,ASO,ES,Towers with Radar,51,25,28,25,129,0,0,37,25,62,51,25,65,50,191,132,0,132,323
06/12/2016,PNS,FL,ASO,ES,Towers with Radar,38,26,24,16,104,0,0,28,39,67,38,26,52,55,171,76,10,86,257
06/13/2016,PNS,FL,ASO,ES,Towers with Radar,38,34,26,14,112,0,0,47,33,80,38,34,73,47,192,154,0,154,346
06/14/2016,PNS,FL,ASO,ES,Towers with Radar,38,34,17,23,112,2,1,33,26,62,40,35,50,49,174,116,12,128,302
06/15/2016,PNS,FL,ASO,ES,Towers with Radar,34,43,30,29,136,0,0,34,35,69,34,43,64,64,205,102,0,102,307
06/16/2016,PNS,FL,ASO,ES,Towers with Radar,39,38,37,35,149,0,4,40,29,73,39,42,77,64,222,110,0,110,332
06/17/2016,PNS,FL,ASO,ES,Towers with Radar,39,41,42,47,169,0,0,52,23,75,39,41,94,70,244,104,2,106,350
06/18/2016,PNS,FL,ASO,ES,Towers with Radar,53,25,16,26,120,2,0,53,28,83,55,25,69,54,203,96,26,122,325
06/19/2016,PNS,FL,ASO,ES,Towers with Radar,37,28,21,25,111,0,0,16,24,40,37,28,37,49,151,60,14,74,225
06/20/2016,PNS,FL,ASO,ES,Towers with Radar,36,38,23,45,142,0,9,55,41,105,36,47,78,86,247,114,0,114,361
06/21/2016,PNS,FL,ASO,ES,Towers with Radar,40,37,43,20,140,0,0,91,28,119,40,37,134,48,259,144,0,144,403
06/22/2016,PNS,FL,ASO,ES,Towers with Radar,33,44,12,51,140,0,4,70,25,99,33,48,82,76,239,172,2,174,413
06/23/2016,PNS,FL,ASO,ES,Towers with Radar,39,40,37,38,154,0,0,69,29,98,39,40,106,67,252,164,0,164,416
06/24/2016,PNS,FL,ASO,ES,Towers with Radar,39,48,35,43,165,0,1,64,45,110,39,49,99,88,275,134,0,134,409
06/25/2016,PNS,FL,ASO,ES,Towers with Radar,51,27,27,27,132,0,0,73,40,113,51,27,100,67,245,146,16,162,407
06/26/2016,PNS,FL,ASO,ES,Towers with Radar,31,34,27,43,135,0,1,37,37,75,31,35,64,80,210,116,6,122,332
06/27/2016,PNS,FL,ASO,ES,Towers with Radar,34,51,33,56,174,0,2,39,25,66,34,53,72,81,240,78,0,78,318
06/28/2016,PNS,FL,ASO,ES,Towers with Radar,40,37,26,50,153,0,0,56,32,88,40,37,82,82,241,84,0,84,325
06/29/2016,PNS,FL,ASO,ES,Towers with Radar,33,44,45,38,160,0,0,49,42,91,33,44,94,80,251,96,10,106,357
06/30/2016,PNS,FL,ASO,ES,Towers with Radar,39,41,29,6,115,0,0,17,1,18,39,41,46,7,133,128,0,128,261
07/01/2016,PNS,FL,ASO,ES,Towers with Radar,38,47,41,20,146,0,0,53,14,67,38,47,94,34,213,126,18,144,357
07/02/2016,PNS,FL,ASO,ES,Towers with Radar,55,18,26,15,114,0,0,82,4,86,55,18,108,19,200,156,0,156,356
07/03/2016,PNS,FL,ASO,ES,Towers with Radar,36,24,11,0,71,0,0,46,0,46,36,24,57,0,117,184,0,184,301
07/04/2016,PNS,FL,ASO,ES,Towers with Radar,40,19,12,7,78,0,0,15,4,19,40,19,27,11,97,24,0,24,121
07/05/2016,PNS,FL,ASO,ES,Towers with Radar,36,39,21,55,151,0,0,70,58,128,36,39,91,113,279,180,0,180,459
07/06/2016,PNS,FL,ASO,ES,Towers with Radar,39,48,28,31,146,2,0,44,22,68,41,48,72,53,214,128,0,128,342
07/07/2016,PNS,FL,ASO,ES,Towers with Radar,42,38,40,46,166,0,2,62,29,93,42,40,102,75,259,198,0,198,457
07/08/2016,PNS,FL,ASO,ES,Towers with Radar,41,37,34,47,159,0,1,72,25,98,41,38,106,72,257,236,0,236,493
07/09/2016,PNS,FL,ASO,ES,Towers with Radar,53,19,18,11,101,0,0,67,18,85,53,19,85,29,186,166,0,166,352
07/10/2016,PNS,FL,ASO,ES,Towers with Radar,36,33,20,30,119,0,1,33,37,71,36,34,53,67,190,128,10,138,328
07/11/2016,PNS,FL,ASO,ES,Towers with Radar,38,36,19,40,133,0,0,19,36,55,38,36,38,76,188,64,18,82,270
07/12/2016,PNS,FL,ASO,ES,Towers with Radar,40,39,15,24,118,0,0,35,24,59,40,39,50,48,177,122,2,124,301
07/13/2016,PNS,FL,ASO,ES,Towers with Radar,40,39,16,30,125,0,0,56,16,72,40,39,72,46,197,178,0,178,375
07/14/2016,PNS,FL,ASO,ES,Towers with Radar,40,33,33,33,139,0,0,51,24,75,40,33,84,57,214,78,0,78,292
07/15/2016,PNS,FL,ASO,ES,Towers with Radar,41,37,29,42,149,0,0,96,56,152,41,37,125,98,301,128,4,132,433
07/16/2016,PNS,FL,ASO,ES,Towers with Radar,52,20,30,29,131,0,0,87,48,135,52,20,117,77,266,118,8,126,392
07/17/2016,PNS,FL,ASO,ES,Towers with Radar,37,31,26,28,122,0,0,40,57,97,37,31,66,85,219,136,0,136,355
07/18/2016,PNS,FL,ASO,ES,Towers with Radar,38,35,15,54,142,0,1,52,20,73,38,36,67,74,215,100,0,100,315
07/19/2016,PNS,FL,ASO,ES,Towers with Radar,39,39,30,54,162,0,0,77,41,118,39,39,107,95,280,182,0,182,462
07/20/2016,PNS,FL,ASO,ES,Towers with Radar,35,42,29,58,164,0,1,71,32,104,35,43,100,90,268,204,20,224,492
07/21/2016,PNS,FL,ASO,ES,Towers with Radar,39,45,42,43,169,0,0,49,20,69,39,45,91,63,238,184,0,184,422
07/22/2016,PNS,FL,ASO,ES,Towers with Radar,38,41,25,56,160,0,0,39,31,70,38,41,64,87,230,90,8,98,328
07/23/2016,PNS,FL,ASO,ES,Towers with Radar,52,30,31,31,144,0,0,52,17,69,52,30,83,48,213,142,0,142,355
07/24/2016,PNS,FL,ASO,ES,Towers with Radar,36,41,24,23,124,0,0,53,33,86,36,41,77,56,210,56,0,56,266
07/25/2016,PNS,FL,ASO,ES,Towers with Radar,37,34,35,56,162,0,0,57,31,88,37,34,92,87,250,82,0,82,332
07/26/2016,PNS,FL,ASO,ES,Towers with Radar,40,42,39,29,150,0,0,17,10,27,40,42,56,39,177,46,0,46,223
07/27/2016,PNS,FL,ASO,ES,Towers with Radar,39,39,33,69,180,0,1,68,22,91,39,40,101,91,271,100,2,102,373
07/28/2016,PNS,FL,ASO,ES,Towers with Radar,38,40,38,74,190,0,4,55,32,91,38,44,93,106,281,114,0,114,395
07/29/2016,PNS,FL,ASO,ES,Towers with Radar,42,34,25,42,143,0,4,44,20,68,42,38,69,62,211,86,0,86,297
07/30/2016,PNS,FL,ASO,ES,Towers with Radar,52,19,23,18,112,0,3,62,20,85,52,22,85,38,197,132,0,132,329
07/31/2016,PNS,FL,ASO,ES,Towers with Radar,37,33,28,29,127,0,2,50,27,79,37,35,78,56,206,102,0,102,308
08/01/2016,PNS,FL,ASO,ES,Towers with Radar,41,42,11,32,126,0,0,33,40,73,41,42,44,72,199,148,0,148,347
08/02/2016,PNS,FL,ASO,ES,Towers with Radar,37,34,25,14,110,0,0,19,18,37,37,34,44,32,147,60,8,68,215
08/03/2016,PNS,FL,ASO,ES,Towers with Radar,39,41,21,45,146,0,2,62,53,117,39,43,83,98,263,118,4,122,385
08/04/2016,PNS,FL,ASO,ES,Towers with Radar,44,45,30,37,156,0,0,29,23,52,44,45,59,60,208,86,6,92,300
08/05/2016,PNS,FL,ASO,ES,Towers with Radar,41,37,20,30,128,0,0,47,14,61,41,37,67,44,189,66,8,74,263
08/06/2016,PNS,FL,ASO,ES,Towers with Radar,53,33,15,39,140,0,2,38,16,56,53,35,53,55,196,88,0,88,284
08/07/2016,PNS,FL,ASO,ES,Towers with Radar,35,30,32,30,127,0,0,54,28,82,35,30,86,58,209,100,0,100,309
08/08/2016,PNS,FL,ASO,ES,Towers with Radar,34,39,14,26,113,0,1,11,26,38,34,40,25,52,151,124,0,124,275
08/09/2016,PNS,FL,ASO,ES,Towers with Radar,39,37,21,78,175,0,0,25,32,57,39,37,46,110,232,120,0,120,352
08/10/2016,PNS,FL,ASO,ES,Towers with Radar,42,40,7,14,103,0,0,0,0,0,42,40,7,14,103,0,0,0,103
08/11/2016,PNS,FL,ASO,ES,Towers with Radar,41,35,34,14,124,0,0,0,0,0,41,35,34,14,124,0,0,0,124
08/12/2016,PNS,FL,ASO,ES,Towers with Radar,39,36,16,56,147,0,0,2,10,12,39,36,18,66,159,0,0,0,159
08/13/2016,PNS,FL,ASO,ES,Towers with Radar,48,19,23,30,120,0,0,38,33,71,48,19,61,63,191,100,4,104,295
08/14/2016,PNS,FL,ASO,ES,Towers with Radar,33,36,30,51,150,0,0,26,40,66,33,36,56,91,216,56,4,60,276
08/15/2016,PNS,FL,ASO,ES,Towers with Radar,39,38,24,38,139,0,1,24,26,51,39,39,48,64,190,70,0,70,260
08/16/2016,PNS,FL,ASO,ES,Towers with Radar,39,45,25,77,186,0,0,52,25,77,39,45,77,102,263,178,46,224,487
08/17/2016,PNS,FL,ASO,ES,Towers with Radar,38,38,27,62,165,0,0,45,44,89,38,38,72,106,254,94,20,114,368
08/18/2016,PNS,FL,ASO,ES,Towers with Radar,35,40,32,74,181,0,0,61,27,88,35,40,93,101,269,102,0,102,371
08/19/2016,PNS,FL,ASO,ES,Towers with Radar,34,42,22,85,183,0,0,43,44,87,34,42,65,129,270,122,0,122,392
08/20/2016,PNS,FL,ASO,ES,Towers with Radar,36,20,15,46,117,0,0,36,39,75,36,20,51,85,192,110,8,118,310
08/21/2016,PNS,FL,ASO,ES,Towers with Radar,34,24,22,18,98,0,1,37,48,86,34,25,59,66,184,120,6,126,310
08/22/2016,PNS,FL,ASO,ES,Towers with Radar,35,36,26,72,169,0,1,54,48,103,35,37,80,120,272,170,0,170,442
08/23/2016,PNS,FL,ASO,ES,Towers with Radar,34,38,15,30,117,0,2,62,28,92,34,40,77,58,209,176,0,176,385
08/24/2016,PNS,FL,ASO,ES,Towers with Radar,36,36,23,31,126,0,0,37,26,63,36,36,60,57,189,122,0,122,311
08/25/2016,PNS,FL,ASO,ES,Towers with Radar,36,34,25,31,126,0,0,69,22,91,36,34,94,53,217,228,0,228,445
08/26/2016,PNS,FL,ASO,ES,Towers with Radar,36,41,25,54,156,0,1,70,32,103,36,42,95,86,259,182,24,206,465
08/27/2016,PNS,FL,ASO,ES,Towers with Radar,35,25,12,54,126,0,2,66,31,99,35,27,78,85,225,140,32,172,397
08/28/2016,PNS,FL,ASO,ES,Towers with Radar,35,23,30,34,122,0,1,32,24,57,35,24,62,58,179,86,10,96,275
08/29/2016,PNS,FL,ASO,ES,Towers with Radar,35,33,14,55,137,0,4,60,35,99,35,37,74,90,236,184,0,184,420
08/30/2016,PNS,FL,ASO,ES,Towers with Radar,34,35,23,52,144,0,2,60,31,93,34,37,83,83,237,214,0,214,451
08/31/2016,PNS,FL,ASO,ES,Towers with Radar,36,35,18,52,141,0,1,65,28,94,36,36,83,80,235,226,0,226,461
09/01/2016,PNS,FL,ASO,ES,Towers with Radar,34,31,25,31,121,0,0,7,15,22,34,31,32,46,143,44,0,44,187
09/02/2016,PNS,FL,ASO,ES,Towers with Radar,36,33,23,2,94,0,2,19,31,52,36,35,42,33,146,190,0,190,336
09/03/2016,PNS,FL,ASO,ES,Towers with Radar,27,28,17,0,72,0,0,6,12,18,27,28,23,12,90,160,0,160,250
09/04/2016,PNS,FL,ASO,ES,Towers with Radar,28,17,18,0,63,0,0,4,2,6,28,17,22,2,69,8,0,8,77
09/05/2016,PNS,FL,ASO,ES,Towers with Radar,35,30,24,2,91,0,0,11,2,13,35,30,35,4,104,26,0,26,130
09/06/2016,PNS,FL,ASO,ES,Towers with Radar,34,39,41,56,170,0,0,38,44,82,34,39,79,100,252,110,0,110,362
09/07/2016,PNS,FL,ASO,ES,Towers with Radar,37,35,23,62,157,0,0,42,61,103,37,35,65,123,260,126,0,126,386
09/08/2016,PNS,FL,ASO,ES,Towers with Radar,35,35,35,38,143,0,2,35,44,81,35,37,70,82,224,172,0,172,396
09/09/2016,PNS,FL,ASO,ES,Towers with Radar,35,34,34,51,154,0,1,48,41,90,35,35,82,92,244,188,0,188,432
09/10/2016,PNS,FL,ASO,ES,Towers with Radar,29,21,25,25,100,0,0,37,25,62,29,21,62,50,162,44,0,44,206
09/11/2016,PNS,FL,ASO,ES,Towers with Radar,31,20,25,26,102,0,0,23,29,52,31,20,48,55,154,108,0,108,262
09/12/2016,PNS,FL,ASO,ES,Towers with Radar,36,32,28,26,122,0,0,18,46,64,36,32,46,72,186,132,0,132,318
09/13/2016,PNS,FL,ASO,ES,Towers with Radar,39,37,24,64,164,0,0,28,84,112,39,37,52,148,276,166,0,166,442
09/14/2016,PNS,FL,ASO,ES,Towers with Radar,37,40,10,45,132,0,1,23,60,84,37,41,33,105,216,168,10,178,394
09/15/2016,PNS,FL,ASO,ES,Towers with Radar,36,36,25,33,130,0,1,42,42,85,36,37,67,75,215,220,0,220,435
09/16/2016,PNS,FL,ASO,ES,Towers with Radar,41,36,24,52,153,0,0,9,14,23,41,36,33,66,176,96,16,112,288
09/17/2016,PNS,FL,ASO,ES,Towers with Radar,31,21,14,16,82,0,0,1,2,3,31,21,15,18,85,6,0,6,91
09/18/2016,PNS,FL,ASO,ES,Towers with Radar,32,23,8,17,80,0,0,8,19,27,32,23,16,36,107,0,0,0,107
09/19/2016,PNS,FL,ASO,ES,Towers with Radar,40,37,30,33,140,0,0,25,56,81,40,37,55,89,221,158,0,158,379
09/20/2016,PNS,FL,ASO,ES,Towers with Radar,39,35,31,29,134,0,0,44,48,92,39,35,75,77,226,236,0,236,462
09/21/2016,PNS,FL,ASO,ES,Towers with Radar,38,29,38,39,144,0,0,41,53,94,38,29,79,92,238,140,18,158,396
09/22/2016,PNS,FL,ASO,ES,Towers with Radar,37,34,37,32,140,0,0,36,38,74,37,34,73,70,214,214,0,214,428
09/23/2016,PNS,FL,ASO,ES,Towers with Radar,38,26,23,38,125,0,0,32,40,72,38,26,55,78,197,200,0,200,397
09/24/2016,PNS,FL,ASO,ES,Towers with Radar,31,20,22,14,87,0,1,53,30,84,31,21,75,44,171,138,30,168,339
09/25/2016,PNS,FL,ASO,ES,Towers with Radar,32,21,21,12,86,0,0,28,25,53,32,21,49,37,139,62,0,62,201
09/26/2016,PNS,FL,ASO,ES,Towers with Radar,38,33,20,15,106,0,0,26,24,50,38,33,46,39,156,102,0,102,258
09/27/2016,PNS,FL,ASO,ES,Towers with Radar,36,30,28,33,127,0,3,20,36,59,36,33,48,69,186,54,0,54,240
09/28/2016,PNS,FL,ASO,ES,Towers with Radar,38,33,16,38,125,0,0,25,64,89,38,33,41,102,214,96,0,96,310
09/29/2016,PNS,FL,ASO,ES,Towers with Radar,36,32,50,19,137,0,1,31,36,68,36,33,81,55,205,120,0,120,325
09/30/2016,PNS,FL,ASO,ES,Towers with Radar,38,32,30,41,141,0,2,33,49,84,38,34,63,90,225,174,0,174,399
10/01/2016,PNS,FL,ASO,ES,Towers with Radar,29,24,27,12,92,0,0,37,15,52,29,24,64,27,144,60,14,74,218
10/02/2016,PNS,FL,ASO,ES,Towers with Radar,32,26,28,13,99,0,2,29,24,55,32,28,57,37,154,92,0,92,246
10/03/2016,PNS,FL,ASO,ES,Towers with Radar,37,35,15,63,150,0,0,39,40,79,37,35,54,103,229,188,10,198,427
10/04/2016,PNS,FL,ASO,ES,Towers with Radar,37,34,23,48,142,0,0,41,55,96,37,34,64,103,238,138,0,138,376
10/05/2016,PNS,FL,ASO,ES,Towers with Radar,38,37,42,41,158,0,1,31,45,77,38,38,73,86,235,102,0,102,337
10/06/2016,PNS,FL,ASO,ES,Towers with Radar,39,40,39,19,137,0,0,23,27,50,39,40,62,46,187,84,0,84,271
10/07/2016,PNS,FL,ASO,ES,Towers with Radar,37,29,34,17,117,0,5,27,42,74,37,34,61,59,191,182,0,182,373
10/08/2016,PNS,FL,ASO,ES,Towers with Radar,32,24,40,15,111,0,0,21,26,47,32,24,61,41,158,62,0,62,220
10/09/2016,PNS,FL,ASO,ES,Towers with Radar,32,32,22,15,101,0,2,28,27,57,32,34,50,42,158,62,0,62,220
10/10/2016,PNS,FL,ASO,ES,Towers with Radar,35,31,28,1,95,0,1,28,15,44,35,32,56,16,139,36,0,36,175
10/11/2016,PNS,FL,ASO,ES,Towers with Radar,36,38,13,42,129,0,2,18,48,68,36,40,31,90,197,92,0,92,289
10/12/2016,PNS,FL,ASO,ES,Towers with Radar,36,33,19,53,141,0,2,24,60,86,36,35,43,113,227,132,0,132,359
10/13/2016,PNS,FL,ASO,ES,Towers with Radar,36,34,27,54,151,0,2,27,64,93,36,36,54,118,244,110,10,120,364
10/14/2016,PNS,FL,ASO,ES,Towers with Radar,38,37,28,52,155,0,3,33,43,79,38,40,61,95,234,84,10,94,328
10/15/2016,PNS,FL,ASO,ES,Towers with Radar,31,28,16,34,109,0,0,27,48,75,31,28,43,82,184,90,22,112,296
10/16/2016,PNS,FL,ASO,ES,Towers with Radar,32,26,26,55,139,0,2,12,34,48,32,28,38,89,187,118,0,118,305
10/17/2016,PNS,FL,ASO,ES,Towers with Radar,35,34,22,50,141,0,0,17,50,67,35,34,39,100,208,148,0,148,356
10/18/2016,PNS,FL,ASO,ES,Towers with Radar,36,30,23,53,142,0,0,23,32,55,36,30,46,85,197,116,10,126,323
10/19/2016,PNS,FL,ASO,ES,Towers with Radar,36,37,29,58,160,0,0,37,52,89,36,37,66,110,249,132,8,140,389
10/20/2016,PNS,FL,ASO,ES,Towers with Radar,35,37,21,33,126,0,5,29,36,70,35,42,50,69,196,138,0,138,334
10/21/2016,PNS,FL,ASO,ES,Towers with Radar,35,37,24,56,152,0,0,19,37,56,35,37,43,93,208,0,32,32,240
10/22/2016,PNS,FL,ASO,ES,Towers with Radar,30,26,19,25,100,0,0,55,25,80,30,26,74,50,180,24,18,42,222
10/23/2016,PNS,FL,ASO,ES,Towers with Radar,31,20,36,30,117,0,1,44,42,87,31,21,80,72,204,122,8,130,334
10/24/2016,PNS,FL,ASO,ES,Towers with Radar,35,30,24,10,99,0,0,48,19,67,35,30,72,29,166,116,0,116,282
10/25/2016,PNS,FL,ASO,ES,Towers with Radar,36,36,21,31,124,0,3,45,25,73,36,39,66,56,197,120,0,120,317
10/26/2016,PNS,FL,ASO,ES,Towers with Radar,35,32,30,26,123,0,0,53,32,85,35,32,83,58,208,202,6,208,416
10/27/2016,PNS,FL,ASO,ES,Towers with Radar,36,36,35,16,123,0,0,57,27,84,36,36,92,43,207,132,0,132,339
10/28/2016,PNS,FL,ASO,ES,Towers with Radar,36,36,33,74,179,0,0,46,62,108,36,36,79,136,287,92,18,110,397
10/29/2016,PNS,FL,ASO,ES,Towers with Radar,31,21,24,24,100,0,0,36,36,72,31,21,60,60,172,70,0,70,242
10/30/2016,PNS,FL,ASO,ES,Towers with Radar,32,17,32,28,109,0,3,40,48,91,32,20,72,76,200,86,4,90,290
10/31/2016,PNS,FL,ASO,ES,Towers with Radar,31,31,14,61,137,0,4,27,52,83,31,35,41,113,220,134,0,134,354
11/01/2016,PNS,FL,ASO,ES,Towers with Radar,35,33,20,67,155,0,1,42,62,105,35,34,62,129,260,92,12,104,364
11/02/2016,PNS,FL,ASO,ES,Towers with Radar,38,35,32,57,162,0,0,23,63,86,38,35,55,120,248,112,20,132,380
11/03/2016,PNS,FL,ASO,ES,Towers with Radar,36,36,28,55,155,0,2,32,69,103,36,38,60,124,258,126,0,126,384
11/04/2016,PNS,FL,ASO,ES,Towers with Radar,34,41,28,33,136,0,3,38,45,86,34,44,66,78,222,148,6,154,376
11/05/2016,PNS,FL,ASO,ES,Towers with Radar,33,30,22,39,124,0,3,39,55,97,33,33,61,94,221,142,24,166,387
11/06/2016,PNS,FL,ASO,ES,Towers with Radar,34,22,20,19,95,0,0,42,58,100,34,22,62,77,195,144,10,154,349
11/07/2016,PNS,FL,ASO,ES,Towers with Radar,31,37,13,57,138,0,2,13,71,86,31,39,26,128,224,102,6,108,332
11/08/2016,PNS,FL,ASO,ES,Towers with Radar,32,33,25,73,163,0,0,17,64,81,32,33,42,137,244,132,6,138,382
11/09/2016,PNS,FL,ASO,ES,Towers with Radar,35,38,18,63,154,0,2,28,73,103,35,40,46,136,257,94,6,100,357
11/10/2016,PNS,FL,ASO,ES,Towers with Radar,35,39,33,57,164,0,0,38,53,91,35,39,71,110,255,102,14,116,371
11/11/2016,PNS,FL,ASO,ES,Towers with Radar,35,38,43,12,128,0,1,36,25,62,35,39,79,37,190,84,0,84,274
11/12/2016,PNS,FL,ASO,ES,Towers with Radar,28,22,37,19,106,0,2,36,38,76,28,24,73,57,182,120,0,120,302
11/13/2016,PNS,FL,ASO,ES,Towers with Radar,35,26,47,22,130,0,1,34,28,63,35,27,81,50,193,140,0,140,333
11/14/2016,PNS,FL,ASO,ES,Towers with Radar,33,34,26,61,154,0,4,19,65,88,33,38,45,126,242,92,0,92,334
11/15/2016,PNS,FL,ASO,ES,Towers with Radar,36,38,32,47,153,0,3,27,68,98,36,41,59,115,251,150,6,156,407
11/16/2016,PNS,FL,ASO,ES,Towers with Radar,35,33,19,34,121,0,2,26,88,116,35,35,45,122,237,162,12,174,411
11/17/2016,PNS,FL,ASO,ES,Towers with Radar,36,39,38,51,164,0,1,46,65,112,36,40,84,116,276,106,8,114,390
11/18/2016,PNS,FL,ASO,ES,Towers with Radar,38,36,43,58,175,0,1,32,63,96,38,37,75,121,271,112,20,132,403
11/19/2016,PNS,FL,ASO,ES,Towers with Radar,28,22,19,38,107,0,0,11,31,42,28,22,30,69,149,12,0,12,161
11/20/2016,PNS,FL,ASO,ES,Towers with Radar,31,23,41,30,125,0,2,31,46,79,31,25,72,76,204,156,2,158,362
11/21/2016,PNS,FL,ASO,ES,Towers with Radar,29,31,25,30,115,0,2,15,88,105,29,33,40,118,220,154,16,170,390
11/22/2016,PNS,FL,ASO,ES,Towers with Radar,37,35,30,44,146,0,3,42,59,104,37,38,72,103,250,210,0,210,460
11/23/2016,PNS,FL,ASO,ES,Towers with Radar,35,38,34,1,108,0,4,29,28,61,35,42,63,29,169,136,0,136,305
11/24/2016,PNS,FL,ASO,ES,Towers with Radar,17,16,9,0,42,0,6,22,3,31,17,22,31,3,73,26,0,26,99
11/25/2016,PNS,FL,ASO,ES,Towers with Radar,31,37,25,0,93,0,2,49,9,60,31,39,74,9,153,90,0,90,243
11/26/2016,PNS,FL,ASO,ES,Towers with Radar,35,31,27,0,93,0,1,42,18,61,35,32,69,18,154,48,4,52,206
11/27/2016,PNS,FL,ASO,ES,Towers with Radar,33,27,31,0,91,0,2,41,16,59,33,29,72,16,150,92,0,92,242
11/28/2016,PNS,FL,ASO,ES,Towers with Radar,37,34,23,69,163,0,0,11,64,75,37,34,34,133,238,86,66,152,390
11/29/2016,PNS,FL,ASO,ES,Towers with Radar,40,41,19,54,154,0,0,11,28,39,40,41,30,82,193,44,18,62,255
11/30/2016,PNS,FL,ASO,ES,Towers with Radar,38,38,21,7,104,0,0,5,4,9,38,38,26,11,113,10,0,10,123
12/01/2016,PNS,FL,ASO,ES,Towers with Radar,38,34,44,42,158,0,2,39,69,110,38,36,83,111,268,154,0,154,422
12/02/2016,PNS,FL,ASO,ES,Towers with Radar,38,39,27,42,146,0,0,48,43,91,38,39,75,85,237,178,0,178,415
12/03/2016,PNS,FL,ASO,ES,Towers with Radar,27,17,18,31,93,0,4,37,51,92,27,21,55,82,185,98,18,116,301
12/04/2016,PNS,FL,ASO,ES,Towers with Radar,32,22,16,17,87,0,0,0,4,4,32,22,16,21,91,0,0,0,91
12/05/2016,PNS,FL,ASO,ES,Towers with Radar,35,33,23,3,94,0,0,0,0,0,35,33,23,3,94,0,0,0,94
12/06/2016,PNS,FL,ASO,ES,Towers with Radar,33,35,27,111,206,0,1,18,69,88,33,36,45,180,294,72,0,72,366
12/07/2016,PNS,FL,ASO,ES,Towers with Radar,38,34,29,67,168,0,0,22,58,80,38,34,51,125,248,116,32,148,396
12/08/2016,PNS,FL,ASO,ES,Towers with Radar,38,32,38,39,147,0,1,22,59,82,38,33,60,98,229,142,16,158,387
12/09/2016,PNS,FL,ASO,ES,Towers with Radar,38,34,26,42,140,0,5,20,52,77,38,39,46,94,217,142,10,152,369
12/10/2016,PNS,FL,ASO,ES,Towers with Radar,27,17,18,42,104,0,9,44,54,107,27,26,62,96,211,156,16,172,383
12/11/2016,PNS,FL,ASO,ES,Towers with Radar,32,21,34,36,123,0,0,9,40,49,32,21,43,76,172,134,0,134,306
12/12/2016,PNS,FL,ASO,ES,Towers with Radar,36,34,27,46,143,0,0,16,67,83,36,34,43,113,226,112,0,112,338
12/13/2016,PNS,FL,ASO,ES,Towers with Radar,36,29,11,33,109,0,0,3,9,12,36,29,14,42,121,10,0,10,131
12/14/2016,PNS,FL,ASO,ES,Towers with Radar,42,35,16,10,103,0,0,0,1,1,42,35,16,11,104,0,0,0,104
12/15/2016,PNS,FL,ASO,ES,Towers with Radar,35,41,32,33,141,0,5,44,66,115,35,46,76,99,256,150,4,154,410
12/16/2016,PNS,FL,ASO,ES,Towers with Radar,34,41,37,66,178,0,1,34,72,107,34,42,71,138,285,172,10,182,467
12/17/2016,PNS,FL,ASO,ES,Towers with Radar,33,25,21,70,149,0,2,13,36,51,33,27,34,106,200,190,10,200,400
12/18/2016,PNS,FL,ASO,ES,Towers with Radar,27,26,18,21,92,0,0,0,18,18,27,26,18,39,110,0,0,0,110
12/19/2016,PNS,FL,ASO,ES,Towers with Radar,35,38,30,10,113,0,0,0,0,0,35,38,30,10,113,0,0,0,113
12/20/2016,PNS,FL,ASO,ES,Towers with Radar,37,48,18,9,112,0,0,0,0,0,37,48,18,9,112,0,0,0,112
12/21/2016,PNS,FL,ASO,ES,Towers with Radar,39,43,32,44,158,0,3,31,45,79,39,46,63,89,237,102,0,102,339
12/22/2016,PNS,FL,ASO,ES,Towers with Radar,40,36,29,34,139,0,0,21,33,54,40,36,50,67,193,82,4,86,279
12/23/2016,PNS,FL,ASO,ES,Towers with Radar,41,44,33,2,120,0,0,27,15,42,41,44,60,17,162,50,0,50,212
12/24/2016,PNS,FL,ASO,ES,Towers with Radar,29,22,7,0,58,0,0,21,0,21,29,22,28,0,79,14,0,14,93
12/25/2016,PNS,FL,ASO,ES,Towers with Radar,28,19,5,0,52,0,0,7,2,9,28,19,12,2,61,6,0,6,67
12/26/2016,PNS,FL,ASO,ES,Towers with Radar,35,31,40,0,106,0,0,1,0,1,35,31,41,0,107,0,0,0,107
12/27/2016,PNS,FL,ASO,ES,Towers with Radar,40,40,26,10,116,0,1,2,0,3,40,41,28,10,119,30,0,30,149
12/28/2016,PNS,FL,ASO,ES,Towers with Radar,38,38,32,29,137,0,0,7,8,15,38,38,39,37,152,10,0,10,162
12/29/2016,PNS,FL,ASO,ES,Towers with Radar,40,31,24,19,114,0,2,8,18,28,40,33,32,37,142,2,0,2,144
12/30/2016,PNS,FL,ASO,ES,Towers with Radar,38,33,16,1,88,0,0,35,29,64,38,33,51,30,152,142,0,142,294
12/31/2016,PNS,FL,ASO,ES,Towers with Radar,27,22,12,0,61,0,0,8,9,17,27,22,20,9,78,32,0,32,110
01/01/2017,PNS,FL,ASO,ES,Towers with Radar,32,24,5,0,61,0,0,0,0,0,32,24,5,0,61,0,0,0,61
01/02/2017,PNS,FL,ASO,ES,Towers with Radar,33,25,11,0,69,0,0,0,0,0,33,25,11,0,69,0,0,0,69
01/03/2017,PNS,FL,ASO,ES,Towers with Radar,37,45,29,27,138,0,0,22,47,69,37,45,51,74,207,126,0,126,333
01/04/2017,PNS,FL,ASO,ES,Towers with Radar,32,38,30,53,153,0,0,23,50,73,32,38,53,103,226,94,0,94,320
01/05/2017,PNS,FL,ASO,ES,Towers with Radar,35,36,26,38,135,0,1,43,53,97,35,37,69,91,232,240,0,240,472
01/06/2017,PNS,FL,ASO,ES,Towers with Radar,31,37,8,29,105,0,0,0,0,0,31,37,8,29,105,0,0,0,105
01/07/2017,PNS,FL,ASO,ES,Towers with Radar,23,21,9,14,67,0,4,14,30,48,23,25,23,44,115,48,0,48,163
01/08/2017,PNS,FL,ASO,ES,Towers with Radar,30,22,26,19,97,0,0,29,38,67,30,22,55,57,164,152,8,160,324
01/09/2017,PNS,FL,ASO,ES,Towers with Radar,32,30,19,63,144,0,0,23,68,91,32,30,42,131,235,110,4,114,349
01/10/2017,PNS,FL,ASO,ES,Towers with Radar,34,39,19,83,175,0,0,24,53,77,34,39,43,136,252,100,10,110,362
01/11/2017,PNS,FL,ASO,ES,Towers with Radar,34,36,28,67,165,0,3,15,40,58,34,39,43,107,223,94,16,110,333
01/12/2017,PNS,FL,ASO,ES,Towers with Radar,36,35,24,19,114,0,2,38,49,89,36,37,62,68,203,168,0,168,371
01/13/2017,PNS,FL,ASO,ES,Towers with Radar,36,36,33,57,162,0,0,47,76,123,36,36,80,133,285,164,20,184,469
01/14/2017,PNS,FL,ASO,ES,Towers with Radar,27,20,24,13,84,0,0,48,54,102,27,20,72,67,186,108,12,120,306
01/15/2017,PNS,FL,ASO,ES,Towers with Radar,26,22,29,34,111,0,0,25,43,68,26,22,54,77,179,138,8,146,325
01/16/2017,PNS,FL,ASO,ES,Towers with Radar,32,32,27,5,96,0,0,27,6,33,32,32,54,11,129,40,0,40,169
01/17/2017,PNS,FL,ASO,ES,Towers with Radar,34,33,29,55,151,0,2,8,29,39,34,35,37,84,190,144,10,154,344
01/18/2017,PNS,FL,ASO,ES,Towers with Radar,32,33,18,56,139,0,0,10,25,35,32,33,28,81,174,54,0,54,228
01/19/2017,PNS,FL,ASO,ES,Towers with Radar,36,33,22,79,170,0,0,0,2,2,36,33,22,81,172,0,0,0,172
01/20/2017,PNS,FL,ASO,ES,Towers with Radar,36,35,27,50,148,0,1,1,4,6,36,36,28,54,154,4,0,4,158
01/21/2017,PNS,FL,ASO,ES,Towers with Radar,29,20,13,0,62,0,0,0,0,0,29,20,13,0,62,18,0,18,80
01/22/2017,PNS,FL,ASO,ES,Towers with Radar,29,24,12,12,77,0,0,2,3,5,29,24,14,15,82,0,0,0,82
01/23/2017,PNS,FL,ASO,ES,Towers with Radar,31,32,30,43,136,0,0,23,32,55,31,32,53,75,191,50,8,58,249
01/24/2017,PNS,FL,ASO,ES,Towers with Radar,33,33,40,43,149,0,1,40,64,105,33,34,80,107,254,204,20,224,478
01/25/2017,PNS,FL,ASO,ES,Towers with Radar,34,38,27,51,150,0,0,17,25,42,34,38,44,76,192,166,0,166,358
01/26/2017,PNS,FL,ASO,ES,Towers with Radar,36,34,34,21,125,0,0,29,38,67,36,34,63,59,192,190,14,204,396
01/27/2017,PNS,FL,ASO,ES,Towers with Radar,35,32,25,34,126,0,0,44,46,90,35,32,69,80,216,104,20,124,340
01/28/2017,PNS,FL,ASO,ES,Towers with Radar,27,19,25,10,81,0,0,36,42,78,27,19,61,52,159,224,0,224,383
01/29/2017,PNS,FL,ASO,ES,Towers with Radar,25,25,29,22,101,0,0,43,32,75,25,25,72,54,176,38,6,44,220
01/30/2017,PNS,FL,ASO,ES,Towers with Radar,32,31,31,42,136,24,2,30,43,99,56,33,61,85,235,142,4,146,381
01/31/2017,PNS,FL,ASO,ES,Towers with Radar,34,36,33,36,139,0,0,30,69,99,34,36,63,105,238,204,0,204,442
02/01/2017,PNS,FL,ASO,ES,Towers with Radar,34,39,22,31,126,0,0,26,53,79,34,39,48,84,205,268,8,276,481
02/02/2017,PNS,FL,ASO,ES,Towers with Radar,36,35,27,64,162,0,0,31,66,97,36,35,58,130,259,166,6,172,431
02/03/2017,PNS,FL,ASO,ES,Towers with Radar,36,35,38,41,150,0,2,6,10,18,36,37,44,51,168,14,6,20,188
02/04/2017,PNS,FL,ASO,ES,Towers with Radar,27,23,22,19,91,0,0,43,50,93,27,23,65,69,184,205,2,207,391
02/05/2017,PNS,FL,ASO,ES,Towers with Radar,24,25,11,6,66,0,6,23,36,65,24,31,34,42,131,168,0,168,299
02/06/2017,PNS,FL,ASO,ES,Towers with Radar,33,31,24,53,141,0,0,15,45,60,33,31,39,98,201,110,16,126,327
02/07/2017,PNS,FL,ASO,ES,Towers with Radar,36,33,21,20,110,0,0,1,5,6,36,33,22,25,116,0,0,0,116
02/08/2017,PNS,FL,ASO,ES,Towers with Radar,34,38,19,38,129,0,0,0,0,0,34,38,19,38,129,0,0,0,129
02/09/2017,PNS,FL,ASO,ES,Towers with Radar,36,33,32,42,143,0,0,30,70,100,36,33,62,112,243,76,0,76,319
02/10/2017,PNS,FL,ASO,ES,Towers with Radar,36,36,31,47,150,0,2,35,53,90,36,38,66,100,240,134,20,154,394
02/11/2017,PNS,FL,ASO,ES,Towers with Radar,27,21,19,28,95,0,0,44,35,79,27,21,63,63,174,182,0,182,356
02/12/2017,PNS,FL,ASO,ES,Towers with Radar,30,24,23,20,97,0,0,15,44,59,30,24,38,64,156,90,0,90,246
02/13/2017,PNS,FL,ASO,ES,Towers with Radar,33,30,22,26,111,0,0,32,64,96,33,30,54,90,207,220,12,232,439
02/14/2017,PNS,FL,ASO,ES,Towers with Radar,32,32,13,50,127,0,0,22,52,74,32,32,35,102,201,196,0,196,397
02/15/2017,PNS,FL,ASO,ES,Towers with Radar,34,43,12,33,122,0,0,4,34,38,34,43,16,67,160,42,0,42,202
02/16/2017,PNS,FL,ASO,ES,Towers with Radar,41,37,28,35,141,0,0,32,65,97,41,37,60,100,238,153,0,153,391
02/17/2017,PNS,FL,ASO,ES,Towers with Radar,42,28,34,55,159,0,0,18,61,79,42,28,52,116,238,110,8,118,356
02/18/2017,PNS,FL,ASO,ES,Towers with Radar,33,15,17,26,91,0,0,14,28,42,33,15,31,54,133,112,0,112,245
02/19/2017,PNS,FL,ASO,ES,Towers with Radar,36,18,36,20,110,0,7,53,42,102,36,25,89,62,212,164,22,186,398
02/20/2017,PNS,FL,ASO,ES,Towers with Radar,41,31,42,22,136,0,0,39,20,59,41,31,81,42,195,28,0,28,223
02/21/2017,PNS,FL,ASO,ES,Towers with Radar,40,33,21,4,98,0,0,1,2,3,40,33,22,6,101,12,0,12,113
02/22/2017,PNS,FL,ASO,ES,Towers with Radar,40,31,29,50,150,0,0,13,33,46,40,31,42,83,196,38,12,50,246
02/23/2017,PNS,FL,ASO,ES,Towers with Radar,42,30,25,30,127,0,0,28,61,89,42,30,53,91,216,142,0,142,358
02/24/2017,PNS,FL,ASO,ES,Towers with Radar,42,29,45,55,171,0,1,46,34,81,42,30,91,89,252,212,36,248,500
02/25/2017,PNS,FL,ASO,ES,Towers with Radar,33,18,30,25,106,0,0,56,30,86,33,18,86,55,192,100,4,104,296
02/26/2017,PNS,FL,ASO,ES,Towers with Radar,37,23,29,29,118,0,2,65,49,116,37,25,94,78,234,94,10,104,338
02/27/2017,PNS,FL,ASO,ES,Towers with Radar,41,31,29,30,131,0,1,12,0,13,41,32,41,30,144,18,0,18,162
02/28/2017,PNS,FL,ASO,ES,Towers with Radar,40,40,25,78,183,0,0,3,1,4,40,40,28,79,187,56,0,56,243
03/01/2017,PNS,FL,ASO,ES,Towers with Radar,38,39,23,57,157,0,1,6,12,19,38,40,29,69,176,14,0,14,190
03/02/2017,PNS,FL,ASO,ES,Towers with Radar,42,27,28,19,116,0,0,30,13,43,42,27,58,32,159,26,6,32,191
03/03/2017,PNS,FL,ASO,ES,Towers with Radar,41,30,22,29,122,0,0,77,35,112,41,30,99,64,234,118,2,120,354
03/04/2017,PNS,FL,ASO,ES,Towers with Radar,33,17,26,23,99,0,2,90,41,133,33,19,116,64,232,136,0,136,368
03/05/2017,PNS,FL,ASO,ES,Towers with Radar,38,18,21,22,99,0,2,43,19,64,38,20,64,41,163,116,0,116,279
03/06/2017,PNS,FL,ASO,ES,Towers with Radar,40,24,25,66,155,0,0,20,28,48,40,24,45,94,203,32,0,32,235
03/07/2017,PNS,FL,ASO,ES,Towers with Radar,42,27,24,86,179,0,2,18,26,46,42,29,42,112,225,126,0,126,351
03/08/2017,PNS,FL,ASO,ES,Towers with Radar,39,30,29,33,131,0,0,37,35,72,39,30,66,68,203,130,0,130,333
03/09/2017,PNS,FL,ASO,ES,Towers with Radar,42,35,44,67,188,0,2,55,31,88,42,37,99,98,276,232,12,244,520
03/10/2017,PNS,FL,ASO,ES,Towers with Radar,41,31,29,37,138,0,0,36,36,72,41,31,65,73,210,80,4,84,294
03/11/2017,PNS,FL,ASO,ES,Towers with Radar,39,24,23,27,113,0,0,42,37,79,39,24,65,64,192,76,30,106,298
03/12/2017,PNS,FL,ASO,ES,Towers with Radar,40,22,26,27,115,0,0,17,12,29,40,22,43,39,144,26,0,26,170
03/13/2017,PNS,FL,ASO,ES,Towers with Radar,39,32,13,10,94,0,0,1,2,3,39,32,14,12,97,0,0,0,97
03/14/2017,PNS,FL,ASO,ES,Towers with Radar,40,33,26,30,129,0,1,40,19,60,40,34,66,49,189,184,6,190,379
03/15/2017,PNS,FL,ASO,ES,Towers with Radar,39,35,20,37,131,0,3,47,35,85,39,38,67,72,216,174,0,174,390
03/16/2017,PNS,FL,ASO,ES,Towers with Radar,42,42,39,32,155,0,1,68,28,97,42,43,107,60,252,122,6,128,380
03/17/2017,PNS,FL,ASO,ES,Towers with Radar,44,34,34,34,146,0,4,54,20,78,44,38,88,54,224,142,2,144,368
03/18/2017,PNS,FL,ASO,ES,Towers with Radar,41,24,28,47,140,0,0,67,24,91,41,24,95,71,231,106,0,106,337
03/19/2017,PNS,FL,ASO,ES,Towers with Radar,38,20,29,28,115,0,0,47,23,70,38,20,76,51,185,76,0,76,261
03/20/2017,PNS,FL,ASO,ES,Towers with Radar,43,28,18,43,132,0,1,46,23,70,43,29,64,66,202,142,2,144,346
03/21/2017,PNS,FL,ASO,ES,Towers with Radar,41,30,25,43,139,0,0,40,34,74,41,30,65,77,213,74,0,74,287
03/22/2017,PNS,FL,ASO,ES,Towers with Radar,40,32,24,24,120,0,4,54,28,86,40,36,78,52,206,132,0,132,338
03/23/2017,PNS,FL,ASO,ES,Towers with Radar,41,32,33,67,173,0,0,27,20,47,41,32,60,87,220,88,0,88,308
03/24/2017,PNS,FL,ASO,ES,Towers with Radar,43,29,24,52,148,0,0,6,15,21,43,29,30,67,169,22,0,22,191
03/25/2017,PNS,FL,ASO,ES,Towers with Radar,43,25,14,30,112,0,0,8,12,20,43,25,22,42,132,32,0,32,164
03/26/2017,PNS,FL,ASO,ES,Towers with Radar,39,21,30,24,114,0,0,22,11,33,39,21,52,35,147,52,0,52,199
03/27/2017,PNS,FL,ASO,ES,Towers with Radar,41,29,49,67,186,0,0,22,8,30,41,29,71,75,216,44,10,54,270
03/28/2017,PNS,FL,ASO,ES,Towers with Radar,39,28,43,65,175,0,2,46,15,63,39,30,89,80,238,74,2,76,314
03/29/2017,PNS,FL,ASO,ES,Towers with Radar,40,33,40,66,179,0,0,64,16,80,40,33,104,82,259,126,0,126,385
03/30/2017,PNS,FL,ASO,ES,Towers with Radar,45,27,20,22,114,0,0,10,1,11,45,27,30,23,125,72,0,72,197
03/31/2017,PNS,FL,ASO,ES,Towers with Radar,43,33,45,46,167,0,2,73,16,91,43,35,118,62,258,74,0,74,332
04/01/2017,PNS,FL,ASO,ES,Towers with Radar,39,25,28,20,112,0,1,77,13,91,39,26,105,33,203,192,14,206,409
04/02/2017,PNS,FL,ASO,ES,Towers with Radar,41,20,31,54,146,0,0,65,14,79,41,20,96,68,225,104,0,104,329
04/03/2017,PNS,FL,ASO,ES,Towers with Radar,35,14,21,11,81,0,0,12,0,12,35,14,33,11,93,0,0,0,93
04/04/2017,PNS,FL,ASO,ES,Towers with Radar,42,34,27,49,152,0,0,44,26,70,42,34,71,75,222,130,0,130,352
04/05/2017,PNS,FL,ASO,ES,Towers with Radar,40,35,16,1,92,0,0,4,0,4,40,35,20,1,96,8,0,8,104
04/06/2017,PNS,FL,ASO,ES,Towers with Radar,34,39,48,24,145,0,4,40,14,58,34,43,88,38,203,42,0,42,245
04/07/2017,PNS,FL,ASO,ES,Towers with Radar,37,40,43,30,150,0,10,84,17,111,37,50,127,47,261,182,8,190,451
04/08/2017,PNS,FL,ASO,ES,Towers with Radar,35,31,23,13,102,0,4,92,15,111,35,35,115,28,213,82,0,82,295
04/09/2017,PNS,FL,ASO,ES,Towers with Radar,40,28,41,17,126,0,0,82,16,98,40,28,123,33,224,168,8,176,400
04/10/2017,PNS,FL,ASO,ES,Towers with Radar,39,34,42,39,154,0,5,54,25,84,39,39,96,64,238,128,0,128,366
04/11/2017,PNS,FL,ASO,ES,Towers with Radar,44,40,25,22,131,0,0,52,20,72,44,40,77,42,203,196,0,196,399
04/12/2017,PNS,FL,ASO,ES,Towers with Radar,43,34,38,30,145,0,0,54,23,77,43,34,92,53,222,174,0,174,396
04/13/2017,PNS,FL,ASO,ES,Towers with Radar,42,36,50,23,151,0,7,68,43,118,42,43,118,66,269,164,42,206,475
04/14/2017,PNS,FL,ASO,ES,Towers with Radar,42,39,23,13,117,0,2,61,4,67,42,41,84,17,184,224,0,224,408
04/15/2017,PNS,FL,ASO,ES,Towers with Radar,38,32,24,2,96,0,2,33,9,44,38,34,57,11,140,76,0,76,216
04/16/2017,PNS,FL,ASO,ES,Towers with Radar,38,25,19,10,92,0,4,27,4,35,38,29,46,14,127,88,0,88,215
04/17/2017,PNS,FL,ASO,ES,Towers with Radar,38,36,31,54,159,0,0,58,31,89,38,36,89,85,248,94,0,94,342
04/18/2017,PNS,FL,ASO,ES,Towers with Radar,41,35,28,25,129,0,0,54,18,72,41,35,82,43,201,158,0,158,359
04/19/2017,PNS,FL,ASO,ES,Towers with Radar,42,37,26,36,141,0,0,70,16,86,42,37,96,52,227,160,0,160,387
04/20/2017,PNS,FL,ASO,ES,Towers with Radar,42,47,28,20,137,0,0,77,28,105,42,47,105,48,242,150,0,150,392
04/21/2017,PNS,FL,ASO,ES,Towers with Radar,47,44,40,38,169,0,1,47,28,76,47,45,87,66,245,110,4,114,359
04/22/2017,PNS,FL,ASO,ES,Towers with Radar,39,31,18,35,123,0,0,56,40,96,39,31,74,75,219,178,32,210,429
04/23/2017,PNS,FL,ASO,ES,Towers with Radar,38,31,41,35,145,0,2,29,23,54,38,33,70,58,199,38,10,48,247
04/24/2017,PNS,FL,ASO,ES,Towers with Radar,41,41,26,31,139,0,0,73,14,87,41,41,99,45,226,186,2,188,414
04/25/2017,PNS,FL,ASO,ES,Towers with Radar,43,39,28,15,125,0,0,92,20,112,43,39,120,35,237,136,10,146,383
04/26/2017,PNS,FL,ASO,ES,Towers with Radar,41,44,52,19,156,0,8,76,9,93,41,52,128,28,249,106,8,114,363
04/27/2017,PNS,FL,ASO,ES,Towers with Radar,42,40,28,48,158,0,0,2,2,4,42,40,30,50,162,0,0,0,162
04/28/2017,PNS,FL,ASO,ES,Towers with Radar,42,37,41,83,203,0,0,0,0,0,42,37,41,83,203,0,0,0,203
04/29/2017,PNS,FL,ASO,ES,Towers with Radar,37,32,31,32,132,0,0,2,2,4,37,32,33,34,136,0,0,0,136
04/30/2017,PNS,FL,ASO,ES,Towers with Radar,35,24,16,38,113,0,0,0,8,8,35,24,16,46,121,0,0,0,121
05/01/2017,PNS,FL,ASO,ES,Towers with Radar,40,37,18,21,116,0,1,62,16,79,40,38,80,37,195,194,0,194,389
05/02/2017,PNS,FL,ASO,ES,Towers with Radar,42,35,34,38,149,0,3,102,27,132,42,38,136,65,281,168,0,168,449
05/03/2017,PNS,FL,ASO,ES,Towers with Radar,49,40,27,44,160,0,0,61,16,77,49,40,88,60,237,180,0,180,417
05/04/2017,PNS,FL,ASO,ES,Towers with Radar,42,34,15,61,152,0,0,12,26,38,42,34,27,87,190,66,12,78,268
05/05/2017,PNS,FL,ASO,ES,Towers with Radar,45,37,30,35,147,0,0,31,24,55,45,37,61,59,202,52,0,52,254
05/06/2017,PNS,FL,ASO,ES,Towers with Radar,47,21,19,14,101,0,4,79,33,116,47,25,98,47,217,132,0,132,349
05/07/2017,PNS,FL,ASO,ES,Towers with Radar,43,23,31,17,114,0,2,73,25,100,43,25,104,42,214,122,0,122,336
05/08/2017,PNS,FL,ASO,ES,Towers with Radar,44,35,38,34,151,0,0,72,26,98,44,35,110,60,249,150,0,150,399
05/09/2017,PNS,FL,ASO,ES,Towers with Radar,46,40,30,8,124,0,11,58,8,77,46,51,88,16,201,186,4,190,391
05/10/2017,PNS,FL,ASO,ES,Towers with Radar,46,30,37,46,159,0,0,69,39,108,46,30,106,85,267,196,0,196,463
05/11/2017,PNS,FL,ASO,ES,Towers with Radar,48,39,37,47,171,0,0,62,23,85,48,39,99,70,256,110,12,122,378
05/12/2017,PNS,FL,ASO,ES,Towers with Radar,45,36,29,22,132,0,0,23,12,35,45,36,52,34,167,72,0,72,239
05/13/2017,PNS,FL,ASO,ES,Towers with Radar,47,24,17,26,114,0,1,58,22,81,47,25,75,48,195,110,0,110,305
05/14/2017,PNS,FL,ASO,ES,Towers with Radar,41,19,24,33,117,0,0,66,14,80,41,19,90,47,197,72,22,94,291
05/15/2017,PNS,FL,ASO,ES,Towers with Radar,45,32,29,35,141,0,1,69,21,91,45,33,98,56,232,122,4,126,358
05/16/2017,PNS,FL,ASO,ES,Towers with Radar,46,31,30,37,144,0,4,69,24,97,46,35,99,61,241,156,0,156,397
05/17/2017,PNS,FL,ASO,ES,Towers with Radar,46,32,33,55,166,0,1,65,10,76,46,33,98,65,242,98,0,98,340
05/18/2017,PNS,FL,ASO,ES,Towers with Radar,46,35,46,47,174,0,1,41,18,60,46,36,87,65,234,138,0,138,372
05/19/2017,PNS,FL,ASO,ES,Towers with Radar,45,39,40,46,170,0,0,36,15,51,45,39,76,61,221,72,12,84,305
05/20/2017,PNS,FL,ASO,ES,Towers with Radar,44,20,17,51,132,0,0,16,10,26,44,20,33,61,158,4,0,4,162
05/21/2017,PNS,FL,ASO,ES,Towers with Radar,43,24,26,18,111,0,1,21,10,32,43,25,47,28,143,24,0,24,167
05/22/2017,PNS,FL,ASO,ES,Towers with Radar,45,31,24,49,149,0,0,56,20,76,45,31,80,69,225,194,0,194,419
05/23/2017,PNS,FL,ASO,ES,Towers with Radar,44,35,30,41,150,0,0,1,34,35,44,35,31,75,185,0,0,0,185
05/24/2017,PNS,FL,ASO,ES,Towers with Radar,48,35,29,22,134,0,0,71,29,100,48,35,100,51,234,118,0,118,352
05/25/2017,PNS,FL,ASO,ES,Towers with Radar,45,37,39,28,149,0,6,91,32,129,45,43,130,60,278,122,0,122,400
05/26/2017,PNS,FL,ASO,ES,Towers with Radar,46,34,64,5,149,0,5,84,6,95,46,39,148,11,244,152,0,152,396
05/27/2017,PNS,FL,ASO,ES,Towers with Radar,41,26,22,0,89,0,2,47,1,50,41,28,69,1,139,146,0,146,285
05/28/2017,PNS,FL,ASO,ES,Towers with Radar,36,22,14,6,78,0,2,38,0,40,36,24,52,6,118,70,0,70,188
05/29/2017,PNS,FL,ASO,ES,Towers with Radar,41,33,41,1,116,0,4,33,5,42,41,37,74,6,158,52,0,52,210
05/30/2017,PNS,FL,ASO,ES,Towers with Radar,44,37,25,47,153,0,0,64,36,100,44,37,89,83,253,172,6,178,431
05/31/2017,PNS,FL,ASO,ES,Towers with Radar,45,32,27,23,127,0,0,32,14,46,45,32,59,37,173,74,0,74,247
06/01/2017,PNS,FL,ASO,ES,Towers with Radar,41,33,29,41,144,0,0,42,16,58,41,33,71,57,202,94,0,94,296
06/02/2017,PNS,FL,ASO,ES,Towers with Radar,39,42,32,71,184,0,0,51,40,91,39,42,83,111,275,138,6,144,419
06/03/2017,PNS,FL,ASO,ES,Towers with Radar,43,25,21,12,101,0,6,24,4,34,43,31,45,16,135,14,0,14,149
06/04/2017,PNS,FL,ASO,ES,Towers with Radar,42,25,25,13,105,0,0,58,26,84,42,25,83,39,189,68,0,68,257
06/05/2017,PNS,FL,ASO,ES,Towers with Radar,38,35,32,62,167,0,0,32,12,44,38,35,64,74,211,82,0,82,293
06/06/2017,PNS,FL,ASO,ES,Towers with Radar,43,34,15,35,127,0,2,16,25,43,43,36,31,60,170,52,0,52,222
06/07/2017,PNS,FL,ASO,ES,Towers with Radar,43,30,37,52,162,0,1,48,23,72,43,31,85,75,234,40,0,40,274
06/08/2017,PNS,FL,ASO,ES,Towers with Radar,41,38,24,27,130,0,3,105,27,135,41,41,129,54,265,160,0,160,425
06/09/2017,PNS,FL,ASO,ES,Towers with Radar,41,41,30,39,151,0,3,98,27,128,41,44,128,66,279,110,8,118,397
06/10/2017,PNS,FL,ASO,ES,Towers with Radar,53,31,19,42,145,0,1,76,21,98,53,32,95,63,243,112,14,126,369
06/11/2017,PNS,FL,ASO,ES,Towers with Radar,46,31,32,37,146,0,0,41,25,66,46,31,73,62,212,144,0,144,356
06/12/2017,PNS,FL,ASO,ES,Towers with Radar,43,37,12,29,121,0,0,7,3,10,43,37,19,32,131,64,0,64,195
06/13/2017,PNS,FL,ASO,ES,Towers with Radar,43,38,23,26,130,0,4,18,8,30,43,42,41,34,160,62,0,62,222
06/14/2017,PNS,FL,ASO,ES,Towers with Radar,41,40,33,54,168,0,0,35,16,51,41,40,68,70,219,150,0,150,369
06/15/2017,PNS,FL,ASO,ES,Towers with Radar,43,48,33,10,134,0,0,19,10,29,43,48,52,20,163,56,22,78,241
06/16/2017,PNS,FL,ASO,ES,Towers with Radar,40,40,38,65,183,0,0,72,43,115,40,40,110,108,298,168,2,170,468
06/17/2017,PNS,FL,ASO,ES,Towers with Radar,58,29,35,50,172,0,0,71,19,90,58,29,106,69,262,100,6,106,368
06/18/2017,PNS,FL,ASO,ES,Towers with Radar,46,31,20,38,135,0,11,40,23,74,46,42,60,61,209,82,4,86,295
06/19/2017,PNS,FL,ASO,ES,Towers with Radar,41,38,22,43,144,0,0,50,26,76,41,38,72,69,220,148,2,150,370
06/20/2017,PNS,FL,ASO,ES,Towers with Radar,43,43,13,18,117,0,0,0,0,0,43,43,13,18,117,0,0,0,117
06/21/2017,PNS,FL,ASO,ES,Towers with Radar,46,41,3,0,90,0,0,0,0,0,46,41,3,0,90,0,0,0,90
06/22/2017,PNS,FL,ASO,ES,Towers with Radar,43,38,7,47,135,0,0,0,5,5,43,38,7,52,140,0,0,0,140
06/23/2017,PNS,FL,ASO,ES,Towers with Radar,43,39,42,86,210,0,3,30,21,54,43,42,72,107,264,132,16,148,412
06/24/2017,PNS,FL,ASO,ES,Towers with Radar,63,30,32,47,172,0,0,53,21,74,63,30,85,68,246,110,4,114,360
06/25/2017,PNS,FL,ASO,ES,Towers with Radar,46,30,16,19,111,0,0,70,28,98,46,30,86,47,209,106,18,124,333
06/26/2017,PNS,FL,ASO,ES,Towers with Radar,44,38,40,20,142,0,0,84,26,110,44,38,124,46,252,110,4,114,366
06/27/2017,PNS,FL,ASO,ES,Towers with Radar,40,36,40,27,143,0,9,60,16,85,40,45,100,43,228,130,4,134,362
06/28/2017,PNS,FL,ASO,ES,Towers with Radar,43,42,39,23,147,0,1,58,13,72,43,43,97,36,219,140,4,144,363
06/29/2017,PNS,FL,ASO,ES,Towers with Radar,41,43,19,19,122,0,2,15,6,23,41,45,34,25,145,28,6,34,179
06/30/2017,PNS,FL,ASO,ES,Towers with Radar,43,39,54,9,145,0,0,67,3,70,43,39,121,12,215,102,0,102,317
07/01/2017,PNS,FL,ASO,ES,Towers with Radar,56,29,24,2,111,0,0,66,6,72,56,29,90,8,183,104,0,104,287
07/02/2017,PNS,FL,ASO,ES,Towers with Radar,41,25,32,1,99,0,0,48,5,53,41,25,80,6,152,176,0,176,328
07/03/2017,PNS,FL,ASO,ES,Towers with Radar,34,36,17,4,91,0,1,70,3,74,34,37,87,7,165,184,0,184,349
07/04/2017,PNS,FL,ASO,ES,Towers with Radar,35,26,27,0,88,0,2,70,6,78,35,28,97,6,166,118,0,118,284
07/05/2017,PNS,FL,ASO,ES,Towers with Radar,47,35,41,17,140,0,0,87,11,98,47,35,128,28,238,140,0,140,378
07/06/2017,PNS,FL,ASO,ES,Towers with Radar,46,37,46,15,144,0,0,74,10,84,46,37,120,25,228,114,0,114,342
07/07/2017,PNS,FL,ASO,ES,Towers with Radar,48,39,29,16,132,0,4,101,15,120,48,43,130,31,252,48,0,48,300
07/08/2017,PNS,FL,ASO,ES,Towers with Radar,52,28,26,6,112,0,0,100,16,116,52,28,126,22,228,82,0,82,310
07/09/2017,PNS,FL,ASO,ES,Towers with Radar,47,25,39,9,120,0,0,80,12,92,47,25,119,21,212,118,0,118,330
07/10/2017,PNS,FL,ASO,ES,Towers with Radar,48,34,31,16,129,0,0,58,13,71,48,34,89,29,200,106,10,116,316
07/11/2017,PNS,FL,ASO,ES,Towers with Radar,49,36,22,15,122,0,3,59,17,79,49,39,81,32,201,242,14,256,457
07/12/2017,PNS,FL,ASO,ES,Towers with Radar,48,33,37,14,132,0,3,68,8,79,48,36,105,22,211,124,0,124,335
07/13/2017,PNS,FL,ASO,ES,Towers with Radar,44,38,38,49,169,0,17,77,56,150,44,55,115,105,319,144,0,144,463
07/14/2017,PNS,FL,ASO,ES,Towers with Radar,44,39,34,18,135,0,1,38,21,60,44,40,72,39,195,36,0,36,231
07/15/2017,PNS,FL,ASO,ES,Towers with Radar,55,36,30,37,158,0,0,85,50,135,55,36,115,87,293,162,6,168,461
07/16/2017,PNS,FL,ASO,ES,Towers with Radar,46,30,25,34,135,0,0,26,34,60,46,30,51,68,195,78,14,92,287
07/17/2017,PNS,FL,ASO,ES,Towers with Radar,42,39,26,32,139,0,3,40,52,95,42,42,66,84,234,154,16,170,404
07/18/2017,PNS,FL,ASO,ES,Towers with Radar,46,36,23,41,146,0,2,62,15,79,46,38,85,56,225,154,2,156,381
07/19/2017,PNS,FL,ASO,ES,Towers with Radar,48,40,33,21,142,0,7,121,3,131,48,47,154,24,273,236,0,236,509
07/20/2017,PNS,FL,ASO,ES,Towers with Radar,47,36,30,12,125,0,8,114,13,135,47,44,144,25,260,212,0,212,472
07/21/2017,PNS,FL,ASO,ES,Towers with Radar,47,37,28,23,135,0,0,69,22,91,47,37,97,45,226,248,4,252,478
07/22/2017,PNS,FL,ASO,ES,Towers with Radar,56,26,35,15,132,0,1,90,18,109,56,27,125,33,241,84,2,86,327
07/23/2017,PNS,FL,ASO,ES,Towers with Radar,49,21,33,28,131,0,4,68,23,95,49,25,101,51,226,108,8,116,342
07/24/2017,PNS,FL,ASO,ES,Towers with Radar,46,32,26,35,139,0,0,33,33,66,46,32,59,68,205,84,16,100,305
07/25/2017,PNS,FL,ASO,ES,Towers with Radar,46,36,26,16,124,0,0,68,7,75,46,36,94,23,199,120,12,132,331
07/26/2017,PNS,FL,ASO,ES,Towers with Radar,47,36,37,10,130,0,2,72,16,90,47,38,109,26,220,230,0,230,450
07/27/2017,PNS,FL,ASO,ES,Towers with Radar,48,35,38,14,135,0,4,79,16,99,48,39,117,30,234,132,0,132,366
07/28/2017,PNS,FL,ASO,ES,Towers with Radar,45,36,50,47,178,0,1,100,35,136,45,37,150,82,314,184,0,184,498
07/29/2017,PNS,FL,ASO,ES,Towers with Radar,56,24,22,27,129,0,0,37,24,61,56,24,59,51,190,44,0,44,234
07/30/2017,PNS,FL,ASO,ES,Towers with Radar,50,23,36,23,132,0,0,86,26,112,50,23,122,49,244,92,0,92,336
07/31/2017,PNS,FL,ASO,ES,Towers with Radar,47,34,28,22,131,0,5,99,19,123,47,39,127,41,254,202,8,210,464
08/01/2017,PNS,FL,ASO,ES,Towers with Radar,48,36,28,29,141,0,0,108,29,137,48,36,136,58,278,178,0,178,456
08/02/2017,PNS,FL,ASO,ES,Towers with Radar,47,32,30,30,139,0,2,86,14,102,47,34,116,44,241,202,0,202,443
08/03/2017,PNS,FL,ASO,ES,Towers with Radar,48,32,31,7,118,0,0,17,3,20,48,32,48,10,138,50,4,54,192
08/04/2017,PNS,FL,ASO,ES,Towers with Radar,46,28,25,38,137,0,0,3,1,4,46,28,28,39,141,0,0,0,141
08/05/2017,PNS,FL,ASO,ES,Towers with Radar,55,27,23,26,131,0,0,44,9,53,55,27,67,35,184,76,0,76,260
08/06/2017,PNS,FL,ASO,ES,Towers with Radar,46,24,27,29,126,0,0,67,28,95,46,24,94,57,221,124,0,124,345
08/07/2017,PNS,FL,ASO,ES,Towers with Radar,46,33,30,31,140,0,0,58,8,66,46,33,88,39,206,146,0,146,352
08/08/2017,PNS,FL,ASO,ES,Towers with Radar,47,32,25,36,140,0,0,95,43,138,47,32,120,79,278,230,0,230,508
08/09/2017,PNS,FL,ASO,ES,Towers with Radar,49,34,18,39,140,0,3,64,23,90,49,37,82,62,230,188,0,188,418
08/10/2017,PNS,FL,ASO,ES,Towers with Radar,48,36,37,8,129,0,0,38,5,43,48,36,75,13,172,22,0,22,194
08/11/2017,PNS,FL,ASO,ES,Towers with Radar,50,35,15,42,142,0,0,51,29,80,50,35,66,71,222,86,2,88,310
08/12/2017,PNS,FL,ASO,ES,Towers with Radar,55,26,12,12,105,0,0,71,34,105,55,26,83,46,210,96,14,110,320
08/13/2017,PNS,FL,ASO,ES,Towers with Radar,50,19,26,16,111,0,1,59,24,84,50,20,85,40,195,60,0,60,255
08/14/2017,PNS,FL,ASO,ES,Towers with Radar,46,31,32,19,128,0,0,61,9,70,46,31,93,28,198,92,0,92,290
08/15/2017,PNS,FL,ASO,ES,Towers with Radar,45,41,34,37,157,0,0,49,25,74,45,41,83,62,231,62,0,62,293
08/16/2017,PNS,FL,ASO,ES,Towers with Radar,44,37,37,28,146,0,0,60,30,90,44,37,97,58,236,106,0,106,342
08/17/2017,PNS,FL,ASO,ES,Towers with Radar,44,39,41,18,142,0,4,84,18,106,44,43,125,36,248,164,10,174,422
08/18/2017,PNS,FL,ASO,ES,Towers with Radar,44,36,42,33,155,0,0,71,24,95,44,36,113,57,250,140,10,150,400
08/19/2017,PNS,FL,ASO,ES,Towers with Radar,46,24,27,13,110,0,0,77,37,114,46,24,104,50,224,178,16,194,418
08/20/2017,PNS,FL,ASO,ES,Towers with Radar,41,22,48,15,126,0,0,78,30,108,41,22,126,45,234,150,10,160,394
08/21/2017,PNS,FL,ASO,ES,Towers with Radar,44,38,34,36,152,0,0,41,3,44,44,38,75,39,196,94,14,108,304
08/22/2017,PNS,FL,ASO,ES,Towers with Radar,44,39,33,31,147,0,0,60,14,74,44,39,93,45,221,136,4,140,361
08/23/2017,PNS,FL,ASO,ES,Towers with Radar,46,33,36,23,138,0,0,80,5,85,46,33,116,28,223,164,0,164,387
08/24/2017,PNS,FL,ASO,ES,Towers with Radar,48,39,28,26,141,0,0,90,14,104,48,39,118,40,245,224,0,224,469
08/25/2017,PNS,FL,ASO,ES,Towers with Radar,46,32,24,23,125,8,0,87,24,119,54,32,111,47,244,120,10,130,374
08/26/2017,PNS,FL,ASO,ES,Towers with Radar,40,18,10,28,96,0,0,53,27,80,40,18,63,55,176,132,12,144,320
08/27/2017,PNS,FL,ASO,ES,Towers with Radar,35,16,32,31,114,0,5,52,26,83,35,21,84,57,197,118,0,118,315
08/28/2017,PNS,FL,ASO,ES,Towers with Radar,39,33,25,4,101,0,0,65,8,73,39,33,90,12,174,180,0,180,354
08/29/2017,PNS,FL,ASO,ES,Towers with Radar,42,32,26,1,101,0,6,17,2,25,42,38,43,3,126,88,0,88,214
08/30/2017,PNS,FL,ASO,ES,Towers with Radar,40,30,14,0,84,0,1,2,1,4,40,31,16,1,88,4,0,4,92
08/31/2017,PNS,FL,ASO,ES,Towers with Radar,44,31,20,28,123,0,0,8,7,15,44,31,28,35,138,14,0,14,152
09/01/2017,PNS,FL,ASO,ES,Towers with Radar,40,38,35,11,124,0,1,78,8,87,40,39,113,19,211,172,8,180,391
09/02/2017,PNS,FL,ASO,ES,Towers with Radar,37,15,22,6,80,0,1,75,11,87,37,16,97,17,167,124,2,126,293
09/03/2017,PNS,FL,ASO,ES,Towers with Radar,40,15,15,18,88,0,2,63,12,77,40,17,78,30,165,102,0,102,267
09/04/2017,PNS,FL,ASO,ES,Towers with Radar,42,31,31,1,105,0,0,71,2,73,42,31,102,3,178,74,0,74,252
09/05/2017,PNS,FL,ASO,ES,Towers with Radar,45,29,24,32,130,0,0,75,17,92,45,29,99,49,222,110,4,114,336
09/06/2017,PNS,FL,ASO,ES,Towers with Radar,43,39,42,23,147,0,0,46,7,53,43,39,88,30,200,92,0,92,292
09/07/2017,PNS,FL,ASO,ES,Towers with Radar,47,33,67,11,158,0,0,107,13,120,47,33,174,24,278,152,0,152,430
09/08/2017,PNS,FL,ASO,ES,Towers with Radar,47,36,44,23,150,0,0,88,16,104,47,36,132,39,254,166,18,184,438
09/09/2017,PNS,FL,ASO,ES,Towers with Radar,42,26,37,9,114,0,0,70,15,85,42,26,107,24,199,76,0,76,275
09/10/2017,PNS,FL,ASO,ES,Towers with Radar,45,21,21,16,103,0,0,28,2,30,45,21,49,18,133,2,0,2,135
09/11/2017,PNS,FL,ASO,ES,Towers with Radar,26,8,6,0,40,0,0,4,3,7,26,8,10,3,47,0,0,0,47
09/12/2017,PNS,FL,ASO,ES,Towers with Radar,43,22,45,16,126,0,2,124,9,135,43,24,169,25,261,78,0,78,339
09/13/2017,PNS,FL,ASO,ES,Towers with Radar,46,31,33,13,123,0,10,97,13,120,46,41,130,26,243,146,0,146,389
09/14/2017,PNS,FL,ASO,ES,Towers with Radar,48,39,38,16,141,0,2,85,4,91,48,41,123,20,232,170,0,170,402
09/15/2017,PNS,FL,ASO,ES,Towers with Radar,46,35,22,45,148,0,3,30,13,46,46,38,52,58,194,82,8,90,284
09/16/2017,PNS,FL,ASO,ES,Towers with Radar,44,21,26,42,133,0,2,79,42,123,44,23,105,84,256,238,0,238,494
09/17/2017,PNS,FL,ASO,ES,Towers with Radar,45,24,35,20,124,0,1,63,27,91,45,25,98,47,215,116,22,138,353
09/18/2017,PNS,FL,ASO,ES,Towers with Radar,45,35,34,17,131,0,0,71,3,74,45,35,105,20,205,120,0,120,325
09/19/2017,PNS,FL,ASO,ES,Towers with Radar,46,28,33,35,142,0,0,57,3,60,46,28,90,38,202,170,0,170,372
09/20/2017,PNS,FL,ASO,ES,Towers with Radar,46,32,43,23,144,0,0,64,21,85,46,32,107,44,229,184,14,198,427
09/21/2017,PNS,FL,ASO,ES,Towers with Radar,45,33,37,11,126,0,0,78,3,81,45,33,115,14,207,114,0,114,321
09/22/2017,PNS,FL,ASO,ES,Towers with Radar,46,36,26,24,132,0,0,54,10,64,46,36,80,34,196,124,8,132,328
09/23/2017,PNS,FL,ASO,ES,Towers with Radar,44,23,22,29,118,0,1,81,23,105,44,24,103,52,223,58,0,58,281
09/24/2017,PNS,FL,ASO,ES,Towers with Radar,45,23,19,21,108,2,0,34,28,64,47,23,53,49,172,112,6,118,290
09/25/2017,PNS,FL,ASO,ES,Towers with Radar,44,34,29,38,145,0,0,75,8,83,44,34,104,46,228,166,0,166,394
09/26/2017,PNS,FL,ASO,ES,Towers with Radar,46,29,32,39,146,0,1,95,4,100,46,30,127,43,246,250,8,258,504
09/27/2017,PNS,FL,ASO,ES,Towers with Radar,48,37,41,32,158,0,5,87,4,96,48,42,128,36,254,244,0,244,498
09/28/2017,PNS,FL,ASO,ES,Towers with Radar,45,39,47,26,157,0,2,80,13,95,45,41,127,39,252,206,0,206,458
09/29/2017,PNS,FL,ASO,ES,Towers with Radar,49,36,31,35,151,0,0,69,10,79,49,36,100,45,230,184,0,184,414
09/30/2017,PNS,FL,ASO,ES,Towers with Radar,44,21,12,12,89,0,0,62,12,74,44,21,74,24,163,134,0,134,297
10/01/2017,PNS,FL,ASO,ES,Towers with Radar,49,19,25,10,103,0,0,32,4,36,49,19,57,14,139,32,0,32,171
10/02/2017,PNS,FL,ASO,ES,Towers with Radar,45,33,22,44,144,0,0,43,2,45,45,33,65,46,189,126,0,126,315
10/03/2017,PNS,FL,ASO,ES,Towers with Radar,46,26,23,38,133,0,5,74,14,93,46,31,97,52,226,40,8,48,274
10/04/2017,PNS,FL,ASO,ES,Towers with Radar,46,34,25,16,121,0,0,72,1,73,46,34,97,17,194,234,0,234,428
10/05/2017,PNS,FL,ASO,ES,Towers with Radar,46,33,30,6,115,2,0,79,11,92,48,33,109,17,207,132,0,132,339
10/06/2017,PNS,FL,ASO,ES,Towers with Radar,46,32,33,5,116,0,0,63,1,64,46,32,96,6,180,144,0,144,324
10/07/2017,PNS,FL,ASO,ES,Towers with Radar,34,15,12,0,61,0,1,0,0,1,34,16,12,0,62,0,0,0,62
10/08/2017,PNS,FL,ASO,ES,Towers with Radar,9,2,1,0,12,0,0,1,0,1,9,2,2,0,13,0,0,0,13
10/09/2017,PNS,FL,ASO,ES,Towers with Radar,47,34,58,0,139,0,0,62,0,62,47,34,120,0,201,106,0,106,307
10/10/2017,PNS,FL,ASO,ES,Towers with Radar,45,31,32,20,128,0,0,25,4,29,45,31,57,24,157,44,0,44,201
10/11/2017,PNS,FL,ASO,ES,Towers with Radar,45,34,23,20,122,0,3,63,9,75,45,37,86,29,197,124,4,128,325
10/12/2017,PNS,FL,ASO,ES,Towers with Radar,46,34,39,4,123,0,0,85,22,107,46,34,124,26,230,220,16,236,466
10/13/2017,PNS,FL,ASO,ES,Towers with Radar,46,39,45,53,183,0,1,92,48,141,46,40,137,101,324,224,6,230,554
10/14/2017,PNS,FL,ASO,ES,Towers with Radar,39,17,31,36,123,0,0,78,24,102,39,17,109,60,225,82,8,90,315
10/15/2017,PNS,FL,ASO,ES,Towers with Radar,44,26,24,32,126,0,0,36,16,52,44,26,60,48,178,34,0,34,212
10/16/2017,PNS,FL,ASO,ES,Towers with Radar,47,30,34,16,127,0,0,26,7,33,47,30,60,23,160,0,0,0,160
10/17/2017,PNS,FL,ASO,ES,Towers with Radar,46,32,37,25,140,0,0,95,12,107,46,32,132,37,247,244,0,244,491
10/18/2017,PNS,FL,ASO,ES,Towers with Radar,46,32,38,29,145,0,8,94,25,127,46,40,132,54,272,154,0,154,426
10/19/2017,PNS,FL,ASO,ES,Towers with Radar,46,34,30,35,145,0,0,92,25,117,46,34,122,60,262,182,0,182,444
10/20/2017,PNS,FL,ASO,ES,Towers with Radar,48,31,21,59,159,0,0,88,45,133,48,31,109,104,292,186,18,204,496
10/21/2017,PNS,FL,ASO,ES,Towers with Radar,40,20,14,43,117,0,0,51,34,85,40,20,65,77,202,114,0,114,316
10/22/2017,PNS,FL,ASO,ES,Towers with Radar,47,22,28,50,147,0,0,7,22,29,47,22,35,72,176,6,0,6,182
10/23/2017,PNS,FL,ASO,ES,Towers with Radar,45,36,24,10,115,0,1,53,13,67,45,37,77,23,182,94,10,104,286
10/24/2017,PNS,FL,ASO,ES,Towers with Radar,46,30,34,10,120,0,0,69,8,77,46,30,103,18,197,140,20,160,357
10/25/2017,PNS,FL,ASO,ES,Towers with Radar,44,33,32,16,125,0,1,55,16,72,44,34,87,32,197,54,0,54,251
10/26/2017,PNS,FL,ASO,ES,Towers with Radar,46,33,32,9,120,0,6,87,11,104,46,39,119,20,224,192,8,200,424
10/27/2017,PNS,FL,ASO,ES,Towers with Radar,45,36,41,46,168,0,3,67,27,97,45,39,108,73,265,200,26,226,491
10/28/2017,PNS,FL,ASO,ES,Towers with Radar,42,13,13,9,77,0,0,12,7,19,42,13,25,16,96,0,0,0,96
10/29/2017,PNS,FL,ASO,ES,Towers with Radar,47,22,31,12,112,0,4,54,22,80,47,26,85,34,192,60,0,60,252
10/30/2017,PNS,FL,ASO,ES,Towers with Radar,40,39,43,19,141,0,0,92,22,114,40,39,135,41,255,224,0,224,479
10/31/2017,PNS,FL,ASO,ES,Towers with Radar,38,29,20,44,131,0,4,62,25,91,38,33,82,69,222,170,0,170,392
11/01/2017,PNS,FL,ASO,ES,Towers with Radar,46,36,40,40,162,0,1,73,17,91,46,37,113,57,253,196,0,196,449
11/02/2017,PNS,FL,ASO,ES,Towers with Radar,46,25,38,30,139,0,0,82,9,91,46,25,120,39,230,170,0,170,400
11/03/2017,PNS,FL,ASO,ES,Towers with Radar,46,32,39,53,170,0,1,63,31,95,46,33,102,84,265,108,10,118,383
11/04/2017,PNS,FL,ASO,ES,Towers with Radar,40,17,35,31,123,0,0,78,26,104,40,17,113,57,227,114,0,114,341
11/05/2017,PNS,FL,ASO,ES,Towers with Radar,43,20,35,32,130,0,0,83,31,114,43,20,118,63,244,94,12,106,350
11/06/2017,PNS,FL,ASO,ES,Towers with Radar,42,36,22,41,141,0,0,65,22,87,42,36,87,63,228,130,0,130,358
11/07/2017,PNS,FL,ASO,ES,Towers with Radar,43,30,26,63,162,0,1,50,29,80,43,31,76,92,242,152,28,180,422
11/08/2017,PNS,FL,ASO,ES,Towers with Radar,46,31,32,29,138,0,0,16,3,19,46,31,48,32,157,26,0,26,183
11/09/2017,PNS,FL,ASO,ES,Towers with Radar,45,37,43,33,158,0,0,19,2,21,45,37,62,35,179,20,10,30,209
11/10/2017,PNS,FL,ASO,ES,Towers with Radar,45,32,34,8,119,0,0,102,7,109,45,32,136,15,228,144,0,144,372
11/11/2017,PNS,FL,ASO,ES,Towers with Radar,36,18,24,9,87,0,0,68,16,84,36,18,92,25,171,118,0,118,289
11/12/2017,PNS,FL,ASO,ES,Towers with Radar,44,19,37,6,106,0,0,8,5,13,44,19,45,11,119,0,0,0,119
11/13/2017,PNS,FL,ASO,ES,Towers with Radar,44,31,24,29,128,0,3,88,28,119,44,34,112,57,247,206,0,206,453
11/14/2017,PNS,FL,ASO,ES,Towers with Radar,44,27,31,39,141,0,0,80,20,100,44,27,111,59,241,178,0,178,419
11/15/2017,PNS,FL,ASO,ES,Towers with Radar,46,28,26,26,126,0,10,79,25,114,46,38,105,51,240,218,0,218,458
11/16/2017,PNS,FL,ASO,ES,Towers with Radar,46,34,37,33,150,0,0,81,32,113,46,34,118,65,263,150,6,156,419
11/17/2017,PNS,FL,ASO,ES,Towers with Radar,48,32,34,33,147,0,2,72,28,102,48,34,106,61,249,218,0,218,467
11/18/2017,PNS,FL,ASO,ES,Towers with Radar,38,18,24,16,96,0,0,32,31,63,38,18,56,47,159,78,12,90,249
11/19/2017,PNS,FL,ASO,ES,Towers with Radar,42,22,43,15,122,0,0,26,26,52,42,22,69,41,174,38,0,38,212
11/20/2017,PNS,FL,ASO,ES,Towers with Radar,41,32,29,33,135,0,2,77,24,103,41,34,106,57,238,120,6,126,364
11/21/2017,PNS,FL,ASO,ES,Towers with Radar,47,33,29,18,127,0,2,62,19,83,47,35,91,37,210,124,0,124,334
11/22/2017,PNS,FL,ASO,ES,Towers with Radar,49,32,42,0,123,0,0,64,2,66,49,32,106,2,189,146,0,146,335
11/23/2017,PNS,FL,ASO,ES,Towers with Radar,20,23,9,0,52,0,0,31,0,31,20,23,40,0,83,4,0,4,87
11/24/2017,PNS,FL,ASO,ES,Towers with Radar,38,33,35,0,106,0,0,55,5,60,38,33,90,5,166,84,0,84,250
11/25/2017,PNS,FL,ASO,ES,Towers with Radar,44,25,27,1,97,0,3,44,2,49,44,28,71,3,146,30,0,30,176
11/26/2017,PNS,FL,ASO,ES,Towers with Radar,49,23,46,0,118,0,0,61,2,63,49,23,107,2,181,6,0,6,187
11/27/2017,PNS,FL,ASO,ES,Towers with Radar,44,30,29,21,124,0,0,80,28,108,44,30,109,49,232,124,0,124,356
11/28/2017,PNS,FL,ASO,ES,Towers with Radar,46,30,26,20,122,0,1,80,17,98,46,31,106,37,220,200,34,234,454
11/29/2017,PNS,FL,ASO,ES,Towers with Radar,51,28,43,31,153,0,16,65,13,94,51,44,108,44,247,120,0,120,367
11/30/2017,PNS,FL,ASO,ES,Towers with Radar,48,32,45,50,175,0,3,58,14,75,48,35,103,64,250,186,4,190,440
12/01/2017,PNS,FL,ASO,ES,Towers with Radar,48,37,41,27,153,0,1,88,12,101,48,38,129,39,254,138,0,138,392
12/02/2017,PNS,FL,ASO,ES,Towers with Radar,35,19,36,25,115,0,0,60,18,78,35,19,96,43,193,102,10,112,305
12/03/2017,PNS,FL,ASO,ES,Towers with Radar,39,24,50,10,123,0,0,68,18,86,39,24,118,28,209,64,0,64,273
12/04/2017,PNS,FL,ASO,ES,Towers with Radar,45,31,34,19,129,0,0,3,3,6,45,31,37,22,135,0,0,0,135
12/05/2017,PNS,FL,ASO,ES,Towers with Radar,51,25,22,49,147,0,0,61,13,74,51,25,83,62,221,162,0,162,383
12/06/2017,PNS,FL,ASO,ES,Towers with Radar,48,30,32,29,139,0,0,2,0,2,48,30,34,29,141,2,0,2,143
12/07/2017,PNS,FL,ASO,ES,Towers with Radar,46,35,35,11,127,0,0,25,5,30,46,35,60,16,157,50,0,50,207
12/08/2017,PNS,FL,ASO,ES,Towers with Radar,44,37,5,0,86,0,0,0,1,1,44,37,5,1,87,0,0,0,87
12/09/2017,PNS,FL,ASO,ES,Towers with Radar,27,16,22,17,82,0,0,84,22,106,27,16,106,39,188,110,0,110,298
12/10/2017,PNS,FL,ASO,ES,Towers with Radar,43,22,47,14,126,0,0,83,24,107,43,22,130,38,233,138,0,138,371
12/11/2017,PNS,FL,ASO,ES,Towers with Radar,44,32,24,32,132,0,0,91,41,132,44,32,115,73,264,276,4,280,544
12/12/2017,PNS,FL,ASO,ES,Towers with Radar,49,27,19,27,122,0,0,65,30,95,49,27,84,57,217,68,0,68,285
12/13/2017,PNS,FL,ASO,ES,Towers with Radar,48,27,45,33,153,0,0,91,33,124,48,27,136,66,277,130,0,130,407
12/14/2017,PNS,FL,ASO,ES,Towers with Radar,50,39,23,17,129,0,1,80,40,121,50,40,103,57,250,194,0,194,444
12/15/2017,PNS,FL,ASO,ES,Towers with Radar,43,43,38,26,150,0,8,72,39,119,43,51,110,65,269,114,0,114,383
12/16/2017,PNS,FL,ASO,ES,Towers with Radar,31,22,31,32,116,0,0,55,40,95,31,22,86,72,211,130,4,134,345
12/17/2017,PNS,FL,ASO,ES,Towers with Radar,32,24,13,68,137,0,5,13,19,37,32,29,26,87,174,34,0,34,208
12/18/2017,PNS,FL,ASO,ES,Towers with Radar,43,36,22,7,108,0,0,7,0,7,43,36,29,7,115,56,0,56,171
12/19/2017,PNS,FL,ASO,ES,Towers with Radar,40,26,23,43,132,0,0,0,0,0,40,26,23,43,132,0,0,0,132
12/20/2017,PNS,FL,ASO,ES,Towers with Radar,49,39,23,60,171,0,0,2,3,5,49,39,25,63,176,6,0,6,182
12/21/2017,PNS,FL,ASO,ES,Towers with Radar,46,41,37,33,157,0,1,101,19,121,46,42,138,52,278,154,0,154,432
12/22/2017,PNS,FL,ASO,ES,Towers with Radar,48,31,39,24,142,0,0,1,0,1,48,31,40,24,143,0,0,0,143
12/23/2017,PNS,FL,ASO,ES,Towers with Radar,45,23,11,0,79,0,0,0,0,0,45,23,11,0,79,0,0,0,79
12/24/2017,PNS,FL,ASO,ES,Towers with Radar,32,18,13,0,63,0,0,17,2,19,32,18,30,2,82,8,0,8,90
12/25/2017,PNS,FL,ASO,ES,Towers with Radar,37,25,6,0,68,0,2,26,4,32,37,27,32,4,100,0,0,0,100
12/26/2017,PNS,FL,ASO,ES,Towers with Radar,45,41,26,0,112,0,2,38,4,44,45,43,64,4,156,44,0,44,200
12/27/2017,PNS,FL,ASO,ES,Towers with Radar,45,32,15,6,98,0,0,0,0,0,45,32,15,6,98,0,0,0,98
12/28/2017,PNS,FL,ASO,ES,Towers with Radar,48,32,15,6,101,0,0,1,0,1,48,32,16,6,102,0,0,0,102
12/29/2017,PNS,FL,ASO,ES,Towers with Radar,46,38,24,6,114,0,4,88,7,99,46,42,112,13,213,124,0,124,337
12/30/2017,PNS,FL,ASO,ES,Towers with Radar,44,20,16,0,80,0,1,57,6,64,44,21,73,6,144,84,0,84,228
12/31/2017,PNS,FL,ASO,ES,Towers with Radar,33,18,10,0,61,0,0,0,0,0,33,18,10,0,61,0,0,0,61
01/01/2018,PNS,FL,ASO,ES,Towers with Radar,36,21,10,0,67,0,9,13,0,22,36,30,23,0,89,0,0,0,89
01/02/2018,PNS,FL,ASO,ES,Towers with Radar,44,34,25,0,103,0,2,60,3,65,44,36,85,3,168,72,0,72,240
01/03/2018,PNS,FL,ASO,ES,Towers with Radar,42,34,19,0,95,0,2,98,1,101,42,36,117,1,196,94,0,94,290
01/04/2018,PNS,FL,ASO,ES,Towers with Radar,43,36,28,30,137,0,3,88,32,123,43,39,116,62,260,118,2,120,380
01/05/2018,PNS,FL,ASO,ES,Towers with Radar,44,38,41,26,149,4,13,91,22,130,48,51,132,48,279,190,4,194,473
01/06/2018,PNS,FL,ASO,ES,Towers with Radar,36,28,18,30,112,0,7,75,27,109,36,35,93,57,221,102,0,102,323
01/07/2018,PNS,FL,ASO,ES,Towers with Radar,40,31,20,46,137,0,2,33,38,73,40,33,53,84,210,86,0,86,296
01/08/2018,PNS,FL,ASO,ES,Towers with Radar,40,32,17,4,93,0,0,0,0,0,40,32,17,4,93,0,0,0,93
01/09/2018,PNS,FL,ASO,ES,Towers with Radar,42,28,29,50,149,0,2,4,14,20,42,30,33,64,169,0,4,4,173
01/10/2018,PNS,FL,ASO,ES,Towers with Radar,42,37,11,36,126,0,0,0,2,2,42,37,11,38,128,0,0,0,128
01/11/2018,PNS,FL,ASO,ES,Towers with Radar,43,31,10,36,120,0,0,0,0,0,43,31,10,36,120,0,0,0,120
01/12/2018,PNS,FL,ASO,ES,Towers with Radar,38,37,29,37,141,0,10,2,9,21,38,47,31,46,162,6,0,6,168
01/13/2018,PNS,FL,ASO,ES,Towers with Radar,32,21,25,10,88,0,1,72,35,108,32,22,97,45,196,140,0,140,336
01/14/2018,PNS,FL,ASO,ES,Towers with Radar,35,21,28,17,101,2,0,94,23,119,37,21,122,40,220,178,0,178,398
01/15/2018,PNS,FL,ASO,ES,Towers with Radar,39,30,32,1,102,0,0,102,1,103,39,30,134,2,205,166,0,166,371
01/16/2018,PNS,FL,ASO,ES,Towers with Radar,35,23,28,17,103,0,0,72,11,83,35,23,100,28,186,216,0,216,402
01/17/2018,PNS,FL,ASO,ES,Towers with Radar,29,30,15,1,75,0,6,6,1,13,29,36,21,2,88,10,0,10,98
01/18/2018,PNS,FL,ASO,ES,Towers with Radar,39,34,27,19,119,0,10,93,11,114,39,44,120,30,233,174,0,174,407
01/19/2018,PNS,FL,ASO,ES,Towers with Radar,46,29,33,39,147,0,0,89,27,116,46,29,122,66,263,194,0,194,457
01/20/2018,PNS,FL,ASO,ES,Towers with Radar,31,17,20,12,80,0,2,90,29,121,31,19,110,41,201,140,0,140,341
01/21/2018,PNS,FL,ASO,ES,Towers with Radar,37,17,36,22,112,0,0,79,37,116,37,17,115,59,228,100,4,104,332
01/22/2018,PNS,FL,ASO,ES,Towers with Radar,41,30,30,57,158,0,0,3,7,10,41,30,33,64,168,0,0,0,168
01/23/2018,PNS,FL,ASO,ES,Towers with Radar,40,31,57,13,141,0,13,82,34,129,40,44,139,47,270,102,0,102,372
01/24/2018,PNS,FL,ASO,ES,Towers with Radar,42,32,42,30,146,0,2,72,41,115,42,34,114,71,261,156,16,172,433
01/25/2018,PNS,FL,ASO,ES,Towers with Radar,42,32,53,39,166,0,0,77,14,91,42,32,130,53,257,186,0,186,443
01/26/2018,PNS,FL,ASO,ES,Towers with Radar,43,30,33,55,161,0,0,68,34,102,43,30,101,89,263,124,10,134,397
01/27/2018,PNS,FL,ASO,ES,Towers with Radar,34,15,15,11,75,0,0,14,11,25,34,15,29,22,100,18,18,36,136
01/28/2018,PNS,FL,ASO,ES,Towers with Radar,38,19,7,46,110,0,0,0,2,2,38,19,7,48,112,0,0,0,112
01/29/2018,PNS,FL,ASO,ES,Towers with Radar,41,31,30,25,127,0,1,36,22,59,41,32,66,47,186,40,12,52,238
01/30/2018,PNS,FL,ASO,ES,Towers with Radar,40,29,31,30,130,0,2,73,36,111,40,31,104,66,241,130,16,146,387
01/31/2018,PNS,FL,ASO,ES,Towers with Radar,44,30,42,22,138,0,2,89,17,108,44,32,131,39,246,206,0,206,452
02/01/2018,PNS,FL,ASO,ES,Towers with Radar,42,36,34,35,147,0,2,41,33,76,42,38,75,68,223,142,4,146,369
02/02/2018,PNS,FL,ASO,ES,Towers with Radar,44,29,32,29,134,0,0,45,17,62,44,29,77,46,196,44,0,44,240
02/03/2018,PNS,FL,ASO,ES,Towers with Radar,36,13,24,11,84,0,2,73,17,92,36,15,97,28,176,122,24,146,322
02/04/2018,PNS,FL,ASO,ES,Towers with Radar,34,15,16,11,76,0,0,13,12,25,34,15,29,23,101,10,16,26,127
02/05/2018,PNS,FL,ASO,ES,Towers with Radar,43,29,34,18,124,0,1,84,14,99,43,30,118,32,223,140,0,140,363
02/06/2018,PNS,FL,ASO,ES,Towers with Radar,43,26,29,30,128,0,0,29,6,35,43,26,58,36,163,70,0,70,233
02/07/2018,PNS,FL,ASO,ES,Towers with Radar,42,32,18,26,118,0,0,0,2,2,42,32,18,28,120,0,0,0,120
02/08/2018,PNS,FL,ASO,ES,Towers with Radar,42,34,37,22,135,0,6,75,26,107,42,40,112,48,242,150,6,156,398
02/09/2018,PNS,FL,ASO,ES,Towers with Radar,44,29,40,41,154,0,4,8,0,12,44,33,48,41,166,62,0,62,228
02/10/2018,PNS,FL,ASO,ES,Towers with Radar,34,13,15,2,64,0,0,0,2,2,34,13,15,4,66,0,0,0,66
02/11/2018,PNS,FL,ASO,ES,Towers with Radar,35,20,10,1,66,0,0,0,1,1,35,20,10,2,67,0,0,0,67
02/12/2018,PNS,FL,ASO,ES,Towers with Radar,43,39,19,14,115,0,0,0,0,0,43,39,19,14,115,0,0,0,115
02/13/2018,PNS,FL,ASO,ES,Towers with Radar,46,33,27,40,146,0,0,60,33,93,46,33,87,73,239,148,0,148,387
02/14/2018,PNS,FL,ASO,ES,Towers with Radar,42,27,19,16,104,0,0,0,0,0,42,27,19,16,104,0,0,0,104
02/15/2018,PNS,FL,ASO,ES,Towers with Radar,40,33,46,33,152,0,0,1,3,4,40,33,47,36,156,2,0,2,158
02/16/2018,PNS,FL,ASO,ES,Towers with Radar,38,35,63,36,172,0,0,55,23,78,38,35,118,59,250,152,0,152,402
02/17/2018,PNS,FL,ASO,ES,Towers with Radar,33,28,32,14,107,0,0,50,20,70,33,28,82,34,177,146,0,146,323
02/18/2018,PNS,FL,ASO,ES,Towers with Radar,32,23,39,27,121,0,0,62,31,93,32,23,101,58,214,98,4,102,316
02/19/2018,PNS,FL,ASO,ES,Towers with Radar,38,33,55,11,137,0,0,53,6,59,38,33,108,17,196,66,0,66,262
02/20/2018,PNS,FL,ASO,ES,Towers with Radar,34,36,36,58,164,0,1,12,0,13,34,37,48,58,177,8,0,8,185
02/21/2018,PNS,FL,ASO,ES,Towers with Radar,38,33,37,42,150,0,0,2,0,2,38,33,39,42,152,0,0,0,152
02/22/2018,PNS,FL,ASO,ES,Towers with Radar,39,35,30,29,133,0,1,29,5,35,39,36,59,34,168,80,0,80,248
02/23/2018,PNS,FL,ASO,ES,Towers with Radar,39,41,55,47,182,0,0,16,7,23,39,41,71,54,205,18,0,18,223
02/24/2018,PNS,FL,ASO,ES,Towers with Radar,33,24,38,24,119,0,0,31,24,55,33,24,69,48,174,44,0,44,218
02/25/2018,PNS,FL,ASO,ES,Towers with Radar,37,28,21,25,111,0,0,32,20,52,37,28,53,45,163,72,0,72,235
02/26/2018,PNS,FL,ASO,ES,Towers with Radar,38,36,29,11,114,0,0,27,12,39,38,36,56,23,153,118,0,118,271
02/27/2018,PNS,FL,ASO,ES,Towers with Radar,39,39,31,32,141,0,2,106,19,127,39,41,137,51,268,198,2,200,468
02/28/2018,PNS,FL,ASO,ES,Towers with Radar,38,40,46,46,170,0,0,5,1,6,38,40,51,47,176,12,0,12,188
03/01/2018,PNS,FL,ASO,ES,Towers with Radar,39,38,19,13,109,0,0,11,5,16,39,38,30,18,125,38,8,46,171
03/02/2018,PNS,FL,ASO,ES,Towers with Radar,40,37,31,26,134,0,0,95,28,123,40,37,126,54,257,92,16,108,365
03/03/2018,PNS,FL,ASO,ES,Towers with Radar,32,22,36,14,104,0,2,117,20,139,32,24,153,34,243,130,0,130,373
03/04/2018,PNS,FL,ASO,ES,Towers with Radar,37,27,36,10,110,0,0,78,26,104,37,27,114,36,214,76,0,76,290
03/05/2018,PNS,FL,ASO,ES,Towers with Radar,38,31,29,56,154,0,0,79,19,98,38,31,108,75,252,88,0,88,340
03/06/2018,PNS,FL,ASO,ES,Towers with Radar,39,35,27,27,128,0,2,24,25,51,39,37,51,52,179,54,4,58,237
03/07/2018,PNS,FL,ASO,ES,Towers with Radar,38,34,38,19,129,0,1,74,18,93,38,35,112,37,222,132,0,132,354
03/08/2018,PNS,FL,ASO,ES,Towers with Radar,38,38,35,41,152,2,5,73,35,115,40,43,108,76,267,152,8,160,427
03/09/2018,PNS,FL,ASO,ES,Towers with Radar,39,37,41,60,177,0,4,101,51,156,39,41,142,111,333,150,0,150,483
03/10/2018,PNS,FL,ASO,ES,Towers with Radar,42,23,35,56,156,0,0,48,27,75,42,23,83,83,231,104,24,128,359
03/11/2018,PNS,FL,ASO,ES,Towers with Radar,37,22,16,15,90,0,0,0,20,20,37,22,16,35,110,44,0,44,154
03/12/2018,PNS,FL,ASO,ES,Towers with Radar,37,38,20,26,121,0,0,27,35,62,37,38,47,61,183,40,2,42,225
03/13/2018,PNS,FL,ASO,ES,Towers with Radar,39,38,29,28,134,0,0,104,33,137,39,38,133,61,271,156,0,156,427
03/14/2018,PNS,FL,ASO,ES,Towers with Radar,36,41,42,22,141,0,0,86,25,111,36,41,128,47,252,132,14,146,398
03/15/2018,PNS,FL,ASO,ES,Towers with Radar,39,39,25,26,129,0,5,105,33,143,39,44,130,59,272,118,12,130,402
03/16/2018,PNS,FL,ASO,ES,Towers with Radar,39,39,37,36,151,0,0,51,21,72,39,39,88,57,223,168,8,176,399
03/17/2018,PNS,FL,ASO,ES,Towers with Radar,42,25,28,12,107,0,3,34,28,65,42,28,62,40,172,82,4,86,258
03/18/2018,PNS,FL,ASO,ES,Towers with Radar,37,26,28,42,133,0,1,0,7,8,37,27,28,49,141,0,0,0,141
03/19/2018,PNS,FL,ASO,ES,Towers with Radar,42,37,21,10,110,0,0,0,0,0,42,37,21,10,110,0,0,0,110
03/20/2018,PNS,FL,ASO,ES,Towers with Radar,38,41,37,33,149,0,1,65,25,91,38,42,102,58,240,54,6,60,300
03/21/2018,PNS,FL,ASO,ES,Towers with Radar,38,37,36,34,145,4,7,60,25,96,42,44,96,59,241,94,2,96,337
03/22/2018,PNS,FL,ASO,ES,Towers with Radar,38,40,27,21,126,0,15,66,19,100,38,55,93,40,226,192,0,192,418
03/23/2018,PNS,FL,ASO,ES,Towers with Radar,39,41,53,57,190,0,5,94,22,121,39,46,147,79,311,136,8,144,455
03/24/2018,PNS,FL,ASO,ES,Towers with Radar,42,29,33,27,131,0,4,81,24,109,42,33,114,51,240,96,4,100,340
03/25/2018,PNS,FL,ASO,ES,Towers with Radar,37,25,38,38,138,0,2,45,29,76,37,27,83,67,214,72,4,76,290
03/26/2018,PNS,FL,ASO,ES,Towers with Radar,38,39,33,23,133,0,0,1,0,1,38,39,34,23,134,0,0,0,134
03/27/2018,PNS,FL,ASO,ES,Towers with Radar,36,40,41,39,156,0,0,4,4,8,36,40,45,43,164,0,0,0,164
03/28/2018,PNS,FL,ASO,ES,Towers with Radar,37,43,47,43,170,0,1,28,20,49,37,44,75,63,219,68,8,76,295
03/29/2018,PNS,FL,ASO,ES,Towers with Radar,47,38,24,38,147,0,0,7,18,25,47,38,31,56,172,22,0,22,194
03/30/2018,PNS,FL,ASO,ES,Towers with Radar,39,40,52,19,150,0,0,83,8,91,39,40,135,27,241,146,0,146,387
03/31/2018,PNS,FL,ASO,ES,Towers with Radar,42,26,24,10,102,0,1,79,8,88,42,27,103,18,190,110,12,122,312
04/01/2018,PNS,FL,ASO,ES,Towers with Radar,37,26,19,10,92,0,0,66,5,71,37,26,85,15,163,88,0,88,251
04/02/2018,PNS,FL,ASO,ES,Towers with Radar,38,38,39,67,182,0,0,45,21,66,38,38,84,88,248,262,0,262,510
04/03/2018,PNS,FL,ASO,ES,Towers with Radar,39,37,35,46,157,0,0,30,20,50,39,37,65,66,207,70,6,76,283
04/04/2018,PNS,FL,ASO,ES,Towers with Radar,44,37,35,11,127,0,8,68,25,101,44,45,103,36,228,96,0,96,324
04/05/2018,PNS,FL,ASO,ES,Towers with Radar,44,43,31,37,155,0,0,107,11,118,44,43,138,48,273,176,0,176,449
04/06/2018,PNS,FL,ASO,ES,Towers with Radar,43,41,40,35,159,0,5,77,23,105,43,46,117,58,264,66,0,66,330
04/07/2018,PNS,FL,ASO,ES,Towers with Radar,47,23,10,4,84,0,0,0,7,7,47,23,10,11,91,0,0,0,91
04/08/2018,PNS,FL,ASO,ES,Towers with Radar,41,27,26,13,107,0,1,23,13,37,41,28,49,26,144,68,0,68,212
04/09/2018,PNS,FL,ASO,ES,Towers with Radar,49,36,24,25,134,0,0,19,9,28,49,36,43,34,162,98,0,98,260
04/10/2018,PNS,FL,ASO,ES,Towers with Radar,49,37,41,13,140,0,0,86,13,99,49,37,127,26,239,208,0,208,447
04/11/2018,PNS,FL,ASO,ES,Towers with Radar,49,33,37,23,142,0,0,85,33,118,49,33,122,56,260,156,6,162,422
04/12/2018,PNS,FL,ASO,ES,Towers with Radar,50,35,36,38,159,0,0,72,23,95,50,35,108,61,254,146,0,146,400
04/13/2018,PNS,FL,ASO,ES,Towers with Radar,49,35,33,38,155,0,5,54,15,74,49,40,87,53,229,94,4,98,327
04/14/2018,PNS,FL,ASO,ES,Towers with Radar,51,19,21,14,105,0,0,4,1,5,51,19,25,15,110,0,0,0,110
04/15/2018,PNS,FL,ASO,ES,Towers with Radar,44,18,44,22,128,0,0,10,21,31,44,18,54,43,159,22,10,32,191
04/16/2018,PNS,FL,ASO,ES,Towers with Radar,50,32,36,27,145,0,0,80,21,101,50,32,116,48,246,46,0,46,292
04/17/2018,PNS,FL,ASO,ES,Towers with Radar,48,36,40,36,160,0,2,120,26,148,48,38,160,62,308,234,6,240,548
04/18/2018,PNS,FL,ASO,ES,Towers with Radar,46,34,31,45,156,0,3,66,50,119,46,37,97,95,275,138,0,138,413
04/19/2018,PNS,FL,ASO,ES,Towers with Radar,50,32,32,16,130,0,2,64,19,85,50,34,96,35,215,166,0,166,381
04/20/2018,PNS,FL,ASO,ES,Towers with Radar,52,36,31,35,154,0,0,73,28,101,52,36,104,63,255,134,6,140,395
04/21/2018,PNS,FL,ASO,ES,Towers with Radar,56,17,23,29,125,0,0,47,46,93,56,17,70,75,218,38,16,54,272
04/22/2018,PNS,FL,ASO,ES,Towers with Radar,49,20,15,24,108,0,0,0,24,24,49,20,15,48,132,0,0,0,132
04/23/2018,PNS,FL,ASO,ES,Towers with Radar,48,30,17,20,115,0,0,49,13,62,48,30,66,33,177,230,0,230,407
04/24/2018,PNS,FL,ASO,ES,Towers with Radar,48,39,35,28,150,0,0,82,25,107,48,39,117,53,257,276,0,276,533
04/25/2018,PNS,FL,ASO,ES,Towers with Radar,46,36,43,14,139,0,4,72,10,86,46,40,115,24,225,262,0,262,487
04/26/2018,PNS,FL,ASO,ES,Towers with Radar,50,36,34,11,131,0,2,51,15,68,50,38,85,26,199,198,0,198,397
04/27/2018,PNS,FL,ASO,ES,Towers with Radar,49,40,52,26,167,0,2,76,21,99,49,42,128,47,266,254,22,276,542
04/28/2018,PNS,FL,ASO,ES,Towers with Radar,53,24,19,13,109,0,0,87,18,105,53,24,106,31,214,84,0,84,298
04/29/2018,PNS,FL,ASO,ES,Towers with Radar,47,26,30,17,120,0,0,53,11,64,47,26,83,28,184,142,0,142,326
04/30/2018,PNS,FL,ASO,ES,Towers with Radar,46,36,55,22,159,0,0,89,14,103,46,36,144,36,262,146,0,146,408
05/01/2018,PNS,FL,ASO,ES,Towers with Radar,49,36,37,27,149,0,1,57,20,78,49,37,94,47,227,170,0,170,397
05/02/2018,PNS,FL,ASO,ES,Towers with Radar,51,38,43,23,155,0,0,75,12,87,51,38,118,35,242,232,0,232,474
05/03/2018,PNS,FL,ASO,ES,Towers with Radar,48,41,43,39,171,0,2,83,12,97,48,43,126,51,268,120,0,120,388
05/04/2018,PNS,FL,ASO,ES,Towers with Radar,46,40,51,45,182,0,2,60,21,83,46,42,111,66,265,64,8,72,337
05/05/2018,PNS,FL,ASO,ES,Towers with Radar,47,28,18,39,132,0,0,46,29,75,47,28,64,68,207,56,2,58,265
05/06/2018,PNS,FL,ASO,ES,Towers with Radar,49,25,42,20,136,0,0,50,33,83,49,25,92,53,219,48,0,48,267
05/07/2018,PNS,FL,ASO,ES,Towers with Radar,47,41,35,16,139,0,0,77,21,98,47,41,112,37,237,116,0,116,353
05/08/2018,PNS,FL,ASO,ES,Towers with Radar,52,33,56,30,171,0,0,77,20,97,52,33,133,50,268,134,0,134,402
05/09/2018,PNS,FL,ASO,ES,Towers with Radar,48,42,57,29,176,0,2,67,20,89,48,44,124,49,265,156,0,156,421
05/10/2018,PNS,FL,ASO,ES,Towers with Radar,51,39,44,35,169,0,0,66,19,85,51,39,110,54,254,180,0,180,434
05/11/2018,PNS,FL,ASO,ES,Towers with Radar,50,35,32,37,154,0,0,58,29,87,50,35,90,66,241,107,8,115,356
05/12/2018,PNS,FL,ASO,ES,Towers with Radar,54,27,20,9,110,0,0,46,27,73,54,27,66,36,183,84,14,98,281
05/13/2018,PNS,FL,ASO,ES,Towers with Radar,49,30,24,10,113,0,1,39,19,59,49,31,63,29,172,34,6,40,212
05/14/2018,PNS,FL,ASO,ES,Towers with Radar,49,31,32,24,136,0,2,43,9,54,49,33,75,33,190,138,0,138,328
05/15/2018,PNS,FL,ASO,ES,Towers with Radar,55,33,36,48,172,0,0,54,25,79,55,33,90,73,251,140,0,140,391
05/16/2018,PNS,FL,ASO,ES,Towers with Radar,50,35,35,18,138,0,1,38,19,58,50,36,73,37,196,208,2,210,406
05/17/2018,PNS,FL,ASO,ES,Towers with Radar,49,38,35,42,164,0,0,55,21,76,49,38,90,63,240,124,0,124,364
05/18/2018,PNS,FL,ASO,ES,Towers with Radar,57,35,33,6,131,0,1,66,0,67,57,36,99,6,198,110,0,110,308
05/19/2018,PNS,FL,ASO,ES,Towers with Radar,54,27,20,27,128,0,0,49,30,79,54,27,69,57,207,100,6,106,313
05/20/2018,PNS,FL,ASO,ES,Towers with Radar,50,24,15,15,104,0,1,44,23,68,50,25,59,38,172,100,0,100,272
05/21/2018,PNS,FL,ASO,ES,Towers with Radar,47,32,30,39,148,0,0,26,25,51,47,32,56,64,199,78,0,78,277
05/22/2018,PNS,FL,ASO,ES,Towers with Radar,51,34,26,37,148,0,0,52,15,67,51,34,78,52,215,70,0,70,285
05/23/2018,PNS,FL,ASO,ES,Towers with Radar,51,35,28,39,153,0,0,42,21,63,51,35,70,60,216,138,0,138,354
05/24/2018,PNS,FL,ASO,ES,Towers with Radar,52,36,45,59,192,0,2,65,33,100,52,38,110,92,292,188,0,188,480
05/25/2018,PNS,FL,ASO,ES,Towers with Radar,50,32,39,6,127,0,0,45,8,53,50,32,84,14,180,144,6,150,330
05/26/2018,PNS,FL,ASO,ES,Towers with Radar,54,25,19,6,104,0,0,57,6,63,54,25,76,12,167,56,0,56,223
05/27/2018,PNS,FL,ASO,ES,Towers with Radar,49,18,10,4,81,0,0,5,6,11,49,18,15,10,92,0,0,0,92
05/28/2018,PNS,FL,ASO,ES,Towers with Radar,46,22,5,0,73,0,0,0,0,0,46,22,5,0,73,0,0,0,73
05/29/2018,PNS,FL,ASO,ES,Towers with Radar,54,34,32,66,186,0,0,33,7,40,54,34,65,73,226,110,0,110,336
05/30/2018,PNS,FL,ASO,ES,Towers with Radar,51,35,44,39,169,0,0,65,18,83,51,35,109,57,252,216,0,216,468
05/31/2018,PNS,FL,ASO,ES,Towers with Radar,50,31,43,22,146,0,11,74,7,92,50,42,117,29,238,126,0,126,364
06/01/2018,PNS,FL,ASO,ES,Towers with Radar,50,38,42,24,154,0,0,67,14,81,50,38,109,38,235,126,0,126,361
06/02/2018,PNS,FL,ASO,ES,Towers with Radar,54,23,29,26,132,0,2,50,19,71,54,25,79,45,203,98,0,98,301
06/03/2018,PNS,FL,ASO,ES,Towers with Radar,49,17,26,38,130,0,1,56,30,87,49,18,82,68,217,52,0,52,269
06/04/2018,PNS,FL,ASO,ES,Towers with Radar,48,38,29,17,132,0,0,86,10,96,48,38,115,27,228,186,0,186,414
06/05/2018,PNS,FL,ASO,ES,Towers with Radar,52,32,31,32,147,0,0,36,8,44,52,32,67,40,191,132,8,140,331
06/06/2018,PNS,FL,ASO,ES,Towers with Radar,51,32,42,45,170,0,4,91,23,118,51,36,133,68,288,218,0,218,506
06/07/2018,PNS,FL,ASO,ES,Towers with Radar,52,36,51,33,172,0,0,92,25,117,52,36,143,58,289,122,4,126,415
06/08/2018,PNS,FL,ASO,ES,Towers with Radar,54,34,39,64,191,0,0,65,19,84,54,34,104,83,275,100,8,108,383
06/09/2018,PNS,FL,ASO,ES,Towers with Radar,73,25,19,21,138,0,1,55,27,83,73,26,74,48,221,80,20,100,321
06/10/2018,PNS,FL,ASO,ES,Towers with Radar,60,25,42,20,147,0,0,27,17,44,60,25,69,37,191,28,0,28,219
06/11/2018,PNS,FL,ASO,ES,Towers with Radar,53,36,41,29,159,0,0,44,14,58,53,36,85,43,217,54,0,54,271
06/12/2018,PNS,FL,ASO,ES,Towers with Radar,59,33,37,29,158,0,0,41,24,65,59,33,78,53,223,124,0,124,347
06/13/2018,PNS,FL,ASO,ES,Towers with Radar,56,34,40,12,142,0,0,85,10,95,56,34,125,22,237,146,0,146,383
06/14/2018,PNS,FL,ASO,ES,Towers with Radar,54,34,45,19,152,0,0,45,12,57,54,34,90,31,209,94,0,94,303
06/15/2018,PNS,FL,ASO,ES,Towers with Radar,46,34,31,38,149,0,0,25,22,47,46,34,56,60,196,98,0,98,294
06/16/2018,PNS,FL,ASO,ES,Towers with Radar,75,21,33,27,156,0,0,54,28,82,75,21,87,55,238,100,0,100,338
06/17/2018,PNS,FL,ASO,ES,Towers with Radar,55,29,30,16,130,0,0,60,19,79,55,29,90,35,209,156,2,158,367
06/18/2018,PNS,FL,ASO,ES,Towers with Radar,48,35,43,55,181,0,0,75,23,98,48,35,118,78,279,108,0,108,387
06/19/2018,PNS,FL,ASO,ES,Towers with Radar,49,32,42,25,148,0,0,88,25,113,49,32,130,50,261,198,18,216,477
06/20/2018,PNS,FL,ASO,ES,Towers with Radar,53,37,41,31,162,0,2,69,24,95,53,39,110,55,257,136,0,136,393
06/21/2018,PNS,FL,ASO,ES,Towers with Radar,53,32,53,28,166,0,5,67,32,104,53,37,120,60,270,162,0,162,432
06/22/2018,PNS,FL,ASO,ES,Towers with Radar,55,39,26,34,154,0,1,74,25,100,55,40,100,59,254,156,0,156,410
06/23/2018,PNS,FL,ASO,ES,Towers with Radar,74,23,27,15,139,0,1,92,18,111,74,24,119,33,250,122,34,156,406
06/24/2018,PNS,FL,ASO,ES,Towers with Radar,58,22,54,39,173,0,0,54,12,66,58,22,108,51,239,18,0,18,257
06/25/2018,PNS,FL,ASO,ES,Towers with Radar,58,31,38,31,158,0,0,72,13,85,58,31,110,44,243,158,0,158,401
06/26/2018,PNS,FL,ASO,ES,Towers with Radar,54,33,43,59,189,0,0,88,15,103,54,33,131,74,292,120,10,130,422
06/27/2018,PNS,FL,ASO,ES,Towers with Radar,58,31,60,38,187,0,3,79,25,107,58,34,139,63,294,32,0,32,326
06/28/2018,PNS,FL,ASO,ES,Towers with Radar,54,37,47,27,165,0,2,77,19,98,54,39,124,46,263,88,0,88,351
06/29/2018,PNS,FL,ASO,ES,Towers with Radar,53,40,46,29,168,0,0,76,16,92,53,40,122,45,260,68,0,68,328
06/30/2018,PNS,FL,ASO,ES,Towers with Radar,77,24,28,21,150,0,0,56,19,75,77,24,84,40,225,28,0,28,253
07/01/2018,PNS,FL,ASO,ES,Towers with Radar,60,26,13,15,114,0,0,29,22,51,60,26,42,37,165,30,0,30,195
07/02/2018,PNS,FL,ASO,ES,Towers with Radar,52,35,36,53,176,0,0,19,7,26,52,35,55,60,202,0,0,0,202
07/03/2018,PNS,FL,ASO,ES,Towers with Radar,48,31,35,19,133,0,1,74,9,84,48,32,109,28,217,126,0,126,343
07/04/2018,PNS,FL,ASO,ES,Towers with Radar,42,21,19,1,83,0,4,49,1,54,42,25,68,2,137,22,0,22,159
07/05/2018,PNS,FL,ASO,ES,Towers with Radar,57,31,29,48,165,0,0,55,21,76,57,31,84,69,241,88,0,88,329
07/06/2018,PNS,FL,ASO,ES,Towers with Radar,53,33,27,36,149,0,0,67,24,91,53,33,94,60,240,98,10,108,348
07/07/2018,PNS,FL,ASO,ES,Towers with Radar,72,22,33,2,129,0,4,76,6,86,72,26,109,8,215,142,0,142,357
07/08/2018,PNS,FL,ASO,ES,Towers with Radar,60,23,35,29,147,0,0,36,42,78,60,23,71,71,225,48,0,48,273
07/09/2018,PNS,FL,ASO,ES,Towers with Radar,53,31,47,31,162,0,0,67,5,72,53,31,114,36,234,76,10,86,320
07/10/2018,PNS,FL,ASO,ES,Towers with Radar,51,37,38,16,142,0,0,62,4,66,51,37,100,20,208,50,0,50,258
07/11/2018,PNS,FL,ASO,ES,Towers with Radar,55,34,46,29,164,0,10,95,12,117,55,44,141,41,281,116,8,124,405
07/12/2018,PNS,FL,ASO,ES,Towers with Radar,54,32,47,76,209,0,0,103,15,118,54,32,150,91,327,130,0,130,457
07/13/2018,PNS,FL,ASO,ES,Towers with Radar,56,37,40,15,148,0,1,92,29,122,56,38,132,44,270,36,10,46,316
07/14/2018,PNS,FL,ASO,ES,Towers with Radar,78,22,30,23,153,0,0,106,28,134,78,22,136,51,287,40,0,40,327
07/15/2018,PNS,FL,ASO,ES,Towers with Radar,59,26,41,31,157,0,0,53,17,70,59,26,94,48,227,78,0,78,305
07/16/2018,PNS,FL,ASO,ES,Towers with Radar,55,29,31,21,136,0,2,57,19,78,55,31,88,40,214,96,4,100,314
07/17/2018,PNS,FL,ASO,ES,Towers with Radar,52,35,39,39,165,0,1,59,25,85,52,36,98,64,250,116,0,116,366
07/18/2018,PNS,FL,ASO,ES,Towers with Radar,53,35,37,33,158,0,0,58,21,79,53,35,95,54,237,104,0,104,341
07/19/2018,PNS,FL,ASO,ES,Towers with Radar,57,37,55,26,175,0,7,73,11,91,57,44,128,37,266,136,0,136,402
07/20/2018,PNS,FL,ASO,ES,Towers with Radar,53,37,51,27,168,0,6,76,18,100,53,43,127,45,268,158,0,158,426
07/21/2018,PNS,FL,ASO,ES,Towers with Radar,74,29,31,17,151,0,2,63,27,92,74,31,94,44,243,150,16,166,409
07/22/2018,PNS,FL,ASO,ES,Towers with Radar,61,22,26,14,123,0,2,53,17,72,61,24,79,31,195,82,0,82,277
07/23/2018,PNS,FL,ASO,ES,Towers with Radar,55,31,49,26,161,0,2,88,17,107,55,33,137,43,268,170,0,170,438
07/24/2018,PNS,FL,ASO,ES,Towers with Radar,54,33,43,18,148,0,0,69,1,70,54,33,112,19,218,130,0,130,348
07/25/2018,PNS,FL,ASO,ES,Towers with Radar,55,33,37,29,154,0,0,51,18,69,55,33,88,47,223,102,4,106,329
07/26/2018,PNS,FL,ASO,ES,Towers with Radar,53,41,32,14,140,0,0,65,6,71,53,41,97,20,211,118,0,118,329
07/27/2018,PNS,FL,ASO,ES,Towers with Radar,54,33,47,30,164,0,0,69,22,91,54,33,116,52,255,160,0,160,415
07/28/2018,PNS,FL,ASO,ES,Towers with Radar,76,24,32,4,136,0,2,65,23,90,76,26,97,27,226,150,0,150,376
07/29/2018,PNS,FL,ASO,ES,Towers with Radar,60,20,22,20,122,0,0,35,23,58,60,20,57,43,180,76,0,76,256
07/30/2018,PNS,FL,ASO,ES,Towers with Radar,52,38,27,34,151,0,0,43,12,55,52,38,70,46,206,116,22,138,344
07/31/2018,PNS,FL,ASO,ES,Towers with Radar,49,33,17,13,112,0,0,28,8,36,49,33,45,21,148,44,0,44,192
08/01/2018,PNS,FL,ASO,ES,Towers with Radar,57,39,18,27,141,0,0,2,1,3,57,39,20,28,144,0,0,0,144
08/02/2018,PNS,FL,ASO,ES,Towers with Radar,49,37,30,15,131,0,0,8,12,20,49,37,38,27,151,36,0,36,187
08/03/2018,PNS,FL,ASO,ES,Towers with Radar,53,39,25,71,188,0,1,65,40,106,53,40,90,111,294,134,6,140,434
08/04/2018,PNS,FL,ASO,ES,Towers with Radar,72,21,34,28,155,0,0,66,23,89,72,21,100,51,244,158,0,158,402
08/05/2018,PNS,FL,ASO,ES,Towers with Radar,63,25,34,21,143,0,1,57,18,76,63,26,91,39,219,168,0,168,387
08/06/2018,PNS,FL,ASO,ES,Towers with Radar,56,32,27,28,143,0,0,79,35,114,56,32,106,63,257,184,0,184,441
08/07/2018,PNS,FL,ASO,ES,Towers with Radar,53,34,40,57,184,0,0,70,21,91,53,34,110,78,275,232,28,260,535
08/08/2018,PNS,FL,ASO,ES,Towers with Radar,52,36,34,38,160,0,0,65,16,81,52,36,99,54,241,176,0,176,417
08/09/2018,PNS,FL,ASO,ES,Towers with Radar,52,39,33,37,161,0,0,46,28,74,52,39,79,65,235,78,0,78,313
08/10/2018,PNS,FL,ASO,ES,Towers with Radar,52,34,35,53,174,0,1,61,42,104,52,35,96,95,278,146,0,146,424
08/11/2018,PNS,FL,ASO,ES,Towers with Radar,63,26,17,35,141,0,2,84,22,108,63,28,101,57,249,118,8,126,375
08/12/2018,PNS,FL,ASO,ES,Towers with Radar,53,23,41,20,137,0,2,73,25,100,53,25,114,45,237,104,0,104,341
08/13/2018,PNS,FL,ASO,ES,Towers with Radar,52,32,30,19,133,0,1,72,14,87,52,33,102,33,220,206,0,206,426
08/14/2018,PNS,FL,ASO,ES,Towers with Radar,56,31,22,29,138,0,0,73,20,93,56,31,95,49,231,144,0,144,375
08/15/2018,PNS,FL,ASO,ES,Towers with Radar,54,33,52,33,172,0,6,63,25,94,54,39,115,58,266,160,2,162,428
08/16/2018,PNS,FL,ASO,ES,Towers with Radar,55,34,48,18,155,1,0,33,4,38,56,34,81,22,193,118,0,118,311
08/17/2018,PNS,FL,ASO,ES,Towers with Radar,52,32,37,78,199,0,0,50,34,84,52,32,87,112,283,74,16,90,373
08/18/2018,PNS,FL,ASO,ES,Towers with Radar,61,22,23,30,136,0,0,51,21,72,61,22,74,51,208,86,44,130,338
08/19/2018,PNS,FL,ASO,ES,Towers with Radar,53,23,19,18,113,0,0,18,21,39,53,23,37,39,152,16,22,38,190
08/20/2018,PNS,FL,ASO,ES,Towers with Radar,54,34,34,32,154,0,0,42,25,67,54,34,76,57,221,48,0,48,269
08/21/2018,PNS,FL,ASO,ES,Towers with Radar,50,33,35,20,138,0,0,81,20,101,50,33,116,40,239,98,0,98,337
08/22/2018,PNS,FL,ASO,ES,Towers with Radar,53,33,62,16,164,0,1,75,12,88,53,34,137,28,252,130,0,130,382
08/23/2018,PNS,FL,ASO,ES,Towers with Radar,55,32,55,35,177,1,4,68,19,92,56,36,123,54,269,166,0,166,435
08/24/2018,PNS,FL,ASO,ES,Towers with Radar,52,31,40,70,193,0,2,90,27,119,52,33,130,97,312,128,0,128,440
08/25/2018,PNS,FL,ASO,ES,Towers with Radar,55,22,30,24,131,0,0,83,36,119,55,22,113,60,250,100,8,108,358
08/26/2018,PNS,FL,ASO,ES,Towers with Radar,50,20,31,41,142,0,1,66,42,109,50,21,97,83,251,80,24,104,355
08/27/2018,PNS,FL,ASO,ES,Towers with Radar,50,32,29,49,160,0,1,79,26,106,50,33,108,75,266,194,0,194,460
08/28/2018,PNS,FL,ASO,ES,Towers with Radar,54,33,31,37,155,0,0,76,26,102,54,33,107,63,257,190,4,194,451
08/29/2018,PNS,FL,ASO,ES,Towers with Radar,54,35,35,56,180,0,4,44,24,72,54,39,79,80,252,108,0,108,360
08/30/2018,PNS,FL,ASO,ES,Towers with Radar,55,34,35,62,186,0,0,40,14,54,55,34,75,76,240,46,2,48,288
08/31/2018,PNS,FL,ASO,ES,Towers with Radar,51,34,35,0,120,0,1,13,1,15,51,35,48,1,135,24,0,24,159
09/01/2018,PNS,FL,ASO,ES,Towers with Radar,47,17,23,2,89,0,0,39,1,40,47,17,62,3,129,48,0,48,177
09/02/2018,PNS,FL,ASO,ES,Towers with Radar,43,18,23,0,84,0,1,28,2,31,43,19,51,2,115,18,0,18,133
09/03/2018,PNS,FL,ASO,ES,Towers with Radar,53,19,40,0,112,0,0,18,1,19,53,19,58,1,131,30,0,30,161
09/04/2018,PNS,FL,ASO,ES,Towers with Radar,57,29,18,2,106,0,0,4,3,7,57,29,22,5,113,0,0,0,113
09/05/2018,PNS,FL,ASO,ES,Towers with Radar,54,30,8,8,100,0,0,0,0,0,54,30,8,8,100,0,0,0,100
09/06/2018,PNS,FL,ASO,ES,Towers with Radar,53,33,32,23,141,0,2,50,13,65,53,35,82,36,206,126,0,126,332
09/07/2018,PNS,FL,ASO,ES,Towers with Radar,48,37,51,44,180,0,0,82,22,104,48,37,133,66,284,130,2,132,416
09/08/2018,PNS,FL,ASO,ES,Towers with Radar,48,21,32,34,135,0,2,76,30,108,48,23,108,64,243,98,0,98,341
09/09/2018,PNS,FL,ASO,ES,Towers with Radar,50,22,40,65,177,0,0,44,29,73,50,22,84,94,250,98,0,98,348
09/10/2018,PNS,FL,ASO,ES,Towers with Radar,51,30,27,23,131,0,1,63,11,75,51,31,90,34,206,128,0,128,334
09/11/2018,PNS,FL,ASO,ES,Towers with Radar,54,30,36,51,171,0,0,60,20,80,54,30,96,71,251,150,0,150,401
09/12/2018,PNS,FL,ASO,ES,Towers with Radar,55,33,35,27,150,0,0,73,19,92,55,33,108,46,242,238,0,238,480
09/13/2018,PNS,FL,ASO,ES,Towers with Radar,56,31,43,56,186,0,0,78,30,108,56,31,121,86,294,208,0,208,502
09/14/2018,PNS,FL,ASO,ES,Towers with Radar,53,33,24,39,149,0,0,81,42,123,53,33,105,81,272,166,0,166,438
09/15/2018,PNS,FL,ASO,ES,Towers with Radar,48,17,29,31,125,0,0,74,52,126,48,17,103,83,251,174,0,174,425
09/16/2018,PNS,FL,ASO,ES,Towers with Radar,50,18,29,18,115,0,0,51,21,72,50,18,80,39,187,56,0,56,243
09/17/2018,PNS,FL,ASO,ES,Towers with Radar,54,30,27,35,146,0,1,39,17,57,54,31,66,52,203,94,0,94,297
09/18/2018,PNS,FL,ASO,ES,Towers with Radar,56,28,35,31,150,0,2,62,33,97,56,30,97,64,247,196,0,196,443
09/19/2018,PNS,FL,ASO,ES,Towers with Radar,60,30,46,27,163,0,2,75,15,92,60,32,121,42,255,174,0,174,429
09/20/2018,PNS,FL,ASO,ES,Towers with Radar,52,29,49,33,163,0,0,61,32,93,52,29,110,65,256,198,0,198,454
09/21/2018,PNS,FL,ASO,ES,Towers with Radar,47,35,34,31,147,0,0,85,39,124,47,35,119,70,271,176,14,190,461
09/22/2018,PNS,FL,ASO,ES,Towers with Radar,53,20,18,24,115,0,5,57,37,99,53,25,75,61,214,168,0,168,382
09/23/2018,PNS,FL,ASO,ES,Towers with Radar,51,24,25,31,131,0,1,45,27,73,51,25,70,58,204,142,0,142,346
09/24/2018,PNS,FL,ASO,ES,Towers with Radar,52,34,19,3,108,0,0,9,2,11,52,34,28,5,119,74,0,74,193
09/25/2018,PNS,FL,ASO,ES,Towers with Radar,57,28,26,49,160,0,1,40,18,59,57,29,66,67,219,142,0,142,361
09/26/2018,PNS,FL,ASO,ES,Towers with Radar,52,33,34,41,160,0,0,39,19,58,52,33,73,60,218,168,0,168,386
09/27/2018,PNS,FL,ASO,ES,Towers with Radar,56,30,25,29,140,0,0,39,26,65,56,30,64,55,205,132,0,132,337
09/28/2018,PNS,FL,ASO,ES,Towers with Radar,52,33,30,31,146,0,2,47,21,70,52,35,77,52,216,98,0,98,314
09/29/2018,PNS,FL,ASO,ES,Towers with Radar,53,21,33,19,126,0,1,41,32,74,53,22,74,51,200,112,0,112,312
09/30/2018,PNS,FL,ASO,ES,Towers with Radar,52,24,35,8,119,0,0,29,31,60,52,24,64,39,179,90,0,90,269
10/01/2018,PNS,FL,ASO,ES,Towers with Radar,53,34,42,15,144,0,0,65,13,78,53,34,107,28,222,198,0,198,420
10/02/2018,PNS,FL,ASO,ES,Towers with Radar,56,29,45,39,169,0,1,72,20,93,56,30,117,59,262,274,8,282,544
10/03/2018,PNS,FL,ASO,ES,Towers with Radar,56,36,39,19,150,0,1,80,9,90,56,37,119,28,240,162,0,162,402
10/04/2018,PNS,FL,ASO,ES,Towers with Radar,56,32,36,47,171,0,2,68,29,99,56,34,104,76,270,164,0,164,434
10/05/2018,PNS,FL,ASO,ES,Towers with Radar,53,36,48,32,169,0,0,84,18,102,53,36,132,50,271,152,0,152,423
10/06/2018,PNS,FL,ASO,ES,Towers with Radar,53,19,27,11,110,0,2,81,15,98,53,21,108,26,208,170,0,170,378
10/07/2018,PNS,FL,ASO,ES,Towers with Radar,57,15,34,20,126,0,0,33,15,48,57,15,67,35,174,84,0,84,258
10/08/2018,PNS,FL,ASO,ES,Towers with Radar,55,33,36,0,124,0,1,51,5,57,55,34,87,5,181,108,0,108,289
10/09/2018,PNS,FL,ASO,ES,Towers with Radar,59,33,14,1,107,0,0,14,0,14,59,33,28,1,121,12,0,12,133
10/10/2018,PNS,FL,ASO,ES,Towers with Radar,5,0,3,0,8,0,0,0,4,4,5,0,3,4,12,0,0,0,12
10/11/2018,PNS,FL,ASO,ES,Towers with Radar,45,38,37,8,128,0,10,61,7,78,45,48,98,15,206,28,0,28,234
10/12/2018,PNS,FL,ASO,ES,Towers with Radar,57,36,48,18,159,0,5,117,24,146,57,41,165,42,305,158,0,158,463
10/13/2018,PNS,FL,ASO,ES,Towers with Radar,54,22,35,16,127,0,1,86,26,113,54,23,121,42,240,98,0,98,338
10/14/2018,PNS,FL,ASO,ES,Towers with Radar,56,18,44,18,136,0,1,59,16,76,56,19,103,34,212,62,20,82,294
10/15/2018,PNS,FL,ASO,ES,Towers with Radar,55,29,41,28,153,0,1,62,17,80,55,30,103,45,233,94,0,94,327
10/16/2018,PNS,FL,ASO,ES,Towers with Radar,57,31,31,55,174,0,2,39,20,61,57,33,70,75,235,66,2,68,303
10/17/2018,PNS,FL,ASO,ES,Towers with Radar,60,33,55,30,178,0,0,43,25,68,60,33,98,55,246,106,0,106,352
10/18/2018,PNS,FL,ASO,ES,Towers with Radar,61,37,45,22,165,0,0,107,21,128,61,37,152,43,293,150,0,150,443
10/19/2018,PNS,FL,ASO,ES,Towers with Radar,56,35,30,51,172,0,4,70,21,95,56,39,100,72,267,130,0,130,397
10/20/2018,PNS,FL,ASO,ES,Towers with Radar,51,17,32,17,117,0,0,43,29,72,51,17,75,46,189,68,4,72,261
10/21/2018,PNS,FL,ASO,ES,Towers with Radar,56,22,46,20,144,0,0,53,21,74,56,22,99,41,218,32,0,32,250
10/22/2018,PNS,FL,ASO,ES,Towers with Radar,53,29,21,29,132,0,5,74,22,101,53,34,95,51,233,128,0,128,361
10/23/2018,PNS,FL,ASO,ES,Towers with Radar,56,32,22,12,122,0,1,53,8,62,56,33,75,20,184,138,0,138,322
10/24/2018,PNS,FL,ASO,ES,Towers with Radar,56,29,47,4,136,0,0,73,4,77,56,29,120,8,213,112,0,112,325
10/25/2018,PNS,FL,ASO,ES,Towers with Radar,56,30,17,24,127,0,0,8,4,12,56,30,25,28,139,0,0,0,139
10/26/2018,PNS,FL,ASO,ES,Towers with Radar,54,34,26,40,154,0,5,36,23,64,54,39,62,63,218,32,0,32,250
10/27/2018,PNS,FL,ASO,ES,Towers with Radar,52,17,35,29,133,0,0,97,32,129,52,17,132,61,262,94,0,94,356
10/28/2018,PNS,FL,ASO,ES,Towers with Radar,50,16,36,14,116,0,1,57,16,74,50,17,93,30,190,106,8,114,304
10/29/2018,PNS,FL,ASO,ES,Towers with Radar,52,31,34,64,181,0,4,71,24,99,52,35,105,88,280,174,0,174,454
10/30/2018,PNS,FL,ASO,ES,Towers with Radar,52,34,47,57,190,0,10,69,27,106,52,44,116,84,296,170,0,170,466
10/31/2018,PNS,FL,ASO,ES,Towers with Radar,43,28,41,54,166,2,2,60,12,76,45,30,101,66,242,100,0,100,342
11/01/2018,PNS,FL,ASO,ES,Towers with Radar,48,37,18,49,152,0,0,4,17,21,48,37,22,66,173,24,0,24,197
11/02/2018,PNS,FL,ASO,ES,Towers with Radar,49,30,51,19,149,0,1,38,12,51,49,31,89,31,200,122,0,122,322
11/03/2018,PNS,FL,ASO,ES,Towers with Radar,50,20,37,13,120,0,0,47,28,75,50,20,84,41,195,92,0,92,287
11/04/2018,PNS,FL,ASO,ES,Towers with Radar,55,18,46,38,157,0,0,60,29,89,55,18,106,67,246,64,12,76,322
11/05/2018,PNS,FL,ASO,ES,Towers with Radar,50,32,50,63,195,0,0,10,1,11,50,32,60,64,206,34,0,34,240
11/06/2018,PNS,FL,ASO,ES,Towers with Radar,52,29,41,17,139,0,1,13,6,20,52,30,54,23,159,18,2,20,179
11/07/2018,PNS,FL,ASO,ES,Towers with Radar,57,28,32,13,130,0,0,1,1,2,57,28,33,14,132,0,0,0,132
11/08/2018,PNS,FL,ASO,ES,Towers with Radar,56,34,37,30,157,0,0,43,3,46,56,34,80,33,203,104,0,104,307
11/09/2018,PNS,FL,ASO,ES,Towers with Radar,51,33,25,40,149,0,0,18,16,34,51,33,43,56,183,60,12,72,255
11/10/2018,PNS,FL,ASO,ES,Towers with Radar,45,18,33,19,115,0,1,94,31,126,45,19,127,50,241,132,4,136,377
11/11/2018,PNS,FL,ASO,ES,Towers with Radar,52,18,40,22,132,0,0,82,44,126,52,18,122,66,258,206,4,210,468
11/12/2018,PNS,FL,ASO,ES,Towers with Radar,56,33,12,2,103,0,0,0,0,0,56,33,12,2,103,0,0,0,103
11/13/2018,PNS,FL,ASO,ES,Towers with Radar,55,34,15,3,107,0,0,0,0,0,55,34,15,3,107,0,0,0,107
11/14/2018,PNS,FL,ASO,ES,Towers with Radar,55,30,22,12,119,0,0,0,1,1,55,30,22,13,120,0,0,0,120
11/15/2018,PNS,FL,ASO,ES,Towers with Radar,53,31,39,32,155,0,2,82,21,105,53,33,121,53,260,154,0,154,414
11/16/2018,PNS,FL,ASO,ES,Towers with Radar,54,34,40,29,157,0,1,110,28,139,54,35,150,57,296,150,0,150,446
11/17/2018,PNS,FL,ASO,ES,Towers with Radar,45,18,33,29,125,0,0,81,80,161,45,18,114,109,286,216,8,224,510
11/18/2018,PNS,FL,ASO,ES,Towers with Radar,48,16,28,21,113,0,1,100,60,161,48,17,128,81,274,116,2,118,392
11/19/2018,PNS,FL,ASO,ES,Towers with Radar,50,31,31,50,162,0,0,72,44,116,50,31,103,94,278,205,0,205,483
11/20/2018,PNS,FL,ASO,ES,Towers with Radar,52,29,41,30,152,0,0,60,20,80,52,29,101,50,232,238,0,238,470
11/21/2018,PNS,FL,ASO,ES,Towers with Radar,55,33,43,2,133,0,6,52,1,59,55,39,95,3,192,90,0,90,282
11/22/2018,PNS,FL,ASO,ES,Towers with Radar,25,19,7,0,51,0,2,10,0,12,25,21,17,0,63,0,0,0,63
11/23/2018,PNS,FL,ASO,ES,Towers with Radar,41,29,22,0,92,0,1,10,0,11,41,30,32,0,103,0,18,18,121
11/24/2018,PNS,FL,ASO,ES,Towers with Radar,55,21,31,2,109,0,2,28,0,30,55,23,59,2,139,70,0,70,209
11/25/2018,PNS,FL,ASO,ES,Towers with Radar,55,18,47,0,120,0,0,16,0,16,55,18,63,0,136,24,0,24,160
11/26/2018,PNS,FL,ASO,ES,Towers with Radar,51,30,38,24,143,0,0,65,18,83,51,30,103,42,226,172,0,172,398
11/27/2018,PNS,FL,ASO,ES,Towers with Radar,52,32,30,13,127,0,3,89,12,104,52,35,119,25,231,168,0,168,399
11/28/2018,PNS,FL,ASO,ES,Towers with Radar,52,29,30,41,152,0,0,80,26,106,52,29,110,67,258,206,4,210,468
11/29/2018,PNS,FL,ASO,ES,Towers with Radar,53,28,37,62,180,0,0,86,18,104,53,28,123,80,284,200,4,204,488
11/30/2018,PNS,FL,ASO,ES,Towers with Radar,55,26,13,52,146,0,0,84,19,103,55,26,97,71,249,238,0,238,487
12/01/2018,PNS,FL,ASO,ES,Towers with Radar,47,15,5,0,67,0,0,1,0,1,47,15,6,0,68,0,0,0,68
12/02/2018,PNS,FL,ASO,ES,Towers with Radar,50,17,27,25,119,0,0,21,28,49,50,17,48,53,168,52,0,52,220
12/03/2018,PNS,FL,ASO,ES,Towers with Radar,50,28,19,17,114,0,0,88,10,98,50,28,107,27,212,244,0,244,456
12/04/2018,PNS,FL,ASO,ES,Towers with Radar,49,27,23,21,120,0,0,86,14,100,49,27,109,35,220,264,12,276,496
12/05/2018,PNS,FL,ASO,ES,Towers with Radar,56,29,40,18,143,6,2,82,8,98,62,31,122,26,241,248,0,248,489
12/06/2018,PNS,FL,ASO,ES,Towers with Radar,53,31,43,25,152,0,0,92,15,107,53,31,135,40,259,194,0,194,453
12/07/2018,PNS,FL,ASO,ES,Towers with Radar,56,27,28,24,135,0,0,87,26,113,56,27,115,50,248,184,4,188,436
12/08/2018,PNS,FL,ASO,ES,Towers with Radar,47,15,11,16,89,0,0,8,8,16,47,15,19,24,105,46,52,98,203
12/09/2018,PNS,FL,ASO,ES,Towers with Radar,41,23,26,34,124,0,0,2,1,3,41,23,28,35,127,0,0,0,127
12/10/2018,PNS,FL,ASO,ES,Towers with Radar,47,34,25,6,112,0,0,5,2,7,47,34,30,8,119,82,0,82,201
12/11/2018,PNS,FL,ASO,ES,Towers with Radar,52,27,39,29,147,0,2,95,23,120,52,29,134,52,267,270,0,270,537
12/12/2018,PNS,FL,ASO,ES,Towers with Radar,59,31,36,66,192,0,1,74,16,91,59,32,110,82,283,256,0,256,539
12/13/2018,PNS,FL,ASO,ES,Towers with Radar,60,29,20,24,133,0,0,26,11,37,60,29,46,35,170,142,2,144,314
12/14/2018,PNS,FL,ASO,ES,Towers with Radar,56,29,32,41,158,0,0,11,4,15,56,29,43,45,173,16,0,16,189
12/15/2018,PNS,FL,ASO,ES,Towers with Radar,46,19,25,57,147,0,0,42,15,57,46,19,67,72,204,142,38,180,384
12/16/2018,PNS,FL,ASO,ES,Towers with Radar,47,16,34,12,109,0,2,72,34,108,47,18,106,46,217,264,8,272,489
12/17/2018,PNS,FL,ASO,ES,Towers with Radar,52,29,33,24,138,0,0,98,16,114,52,29,131,40,252,414,2,416,668
12/18/2018,PNS,FL,ASO,ES,Towers with Radar,55,29,49,32,165,0,1,82,24,107,55,30,131,56,272,306,0,306,578
12/19/2018,PNS,FL,ASO,ES,Towers with Radar,58,35,40,48,181,0,2,66,23,91,58,37,106,71,272,270,0,270,542
12/20/2018,PNS,FL,ASO,ES,Towers with Radar,57,35,21,21,134,0,0,0,0,0,57,35,21,21,134,0,0,0,134
12/21/2018,PNS,FL,ASO,ES,Towers with Radar,55,35,16,23,129,0,0,7,17,24,55,35,23,40,153,24,0,24,177
12/22/2018,PNS,FL,ASO,ES,Towers with Radar,58,23,39,1,121,0,2,85,3,90,58,25,124,4,211,170,0,170,381
12/23/2018,PNS,FL,ASO,ES,Towers with Radar,56,19,21,2,98,0,4,29,0,33,56,23,50,2,131,140,0,140,271
12/24/2018,PNS,FL,ASO,ES,Towers with Radar,38,29,8,0,75,0,1,20,2,23,38,30,28,2,98,102,0,102,200
12/25/2018,PNS,FL,ASO,ES,Towers with Radar,41,18,9,0,68,0,1,6,0,7,41,19,15,0,75,0,0,0,75
12/26/2018,PNS,FL,ASO,ES,Towers with Radar,59,36,42,16,153,0,2,35,11,48,59,38,77,27,201,16,0,16,217
12/27/2018,PNS,FL,ASO,ES,Towers with Radar,52,38,8,9,107,0,0,2,1,3,52,38,10,10,110,0,0,0,110
12/28/2018,PNS,FL,ASO,ES,Towers with Radar,56,33,3,0,92,0,0,0,0,0,56,33,3,0,92,0,0,0,92
12/29/2018,PNS,FL,ASO,ES,Towers with Radar,57,23,11,0,91,0,0,0,0,0,57,23,11,0,91,0,0,0,91
12/30/2018,PNS,FL,ASO,ES,Towers with Radar,55,21,12,0,88,0,0,0,0,0,55,21,12,0,88,0,0,0,88
12/31/2018,PNS,FL,ASO,ES,Towers with Radar,44,32,12,0,88,0,0,0,0,0,44,32,12,0,88,0,0,0,88
01/01/2019,PNS,FL,ASO,ES,Towers with Radar,47,20,22,1,90,0,0,0,0,0,47,20,22,1,90,0,0,0,90
01/02/2019,PNS,FL,ASO,ES,Towers with Radar,55,25,14,4,98,0,0,0,0,0,55,25,14,4,98,0,0,0,98
01/03/2019,PNS,FL,ASO,ES,Towers with Radar,56,30,6,16,108,0,0,0,1,1,56,30,6,17,109,0,0,0,109
01/04/2019,PNS,FL,ASO,ES,Towers with Radar,60,36,33,64,193,0,1,62,41,104,60,37,95,105,297,235,0,235,532
01/05/2019,PNS,FL,ASO,ES,Towers with Radar,52,24,29,34,139,0,1,117,71,189,52,25,146,105,328,176,0,176,504
01/06/2019,PNS,FL,ASO,ES,Towers with Radar,45,16,17,55,133,0,0,72,51,123,45,16,89,106,256,122,4,126,382
01/07/2019,PNS,FL,ASO,ES,Towers with Radar,51,27,29,40,147,0,1,74,22,97,51,28,103,62,244,226,0,226,470
01/08/2019,PNS,FL,ASO,ES,Towers with Radar,49,25,42,40,156,0,0,74,39,113,49,25,116,79,269,200,0,200,469
01/09/2019,PNS,FL,ASO,ES,Towers with Radar,55,29,26,24,134,0,0,102,26,128,55,29,128,50,262,232,2,234,496
01/10/2019,PNS,FL,ASO,ES,Towers with Radar,51,29,30,32,142,0,0,83,30,113,51,29,113,62,255,258,2,260,515
01/11/2019,PNS,FL,ASO,ES,Towers with Radar,55,30,24,39,148,0,0,91,32,123,55,30,115,71,271,234,8,242,513
01/12/2019,PNS,FL,ASO,ES,Towers with Radar,47,17,17,49,130,0,4,14,28,46,47,21,31,77,176,44,18,62,238
01/13/2019,PNS,FL,ASO,ES,Towers with Radar,46,23,33,30,132,0,0,19,23,42,46,23,52,53,174,72,8,80,254
01/14/2019,PNS,FL,ASO,ES,Towers with Radar,52,26,22,9,109,0,1,26,0,27,52,27,48,9,136,164,0,164,300
01/15/2019,PNS,FL,ASO,ES,Towers with Radar,50,25,34,35,144,0,0,58,35,93,50,25,92,70,237,126,6,132,369
01/16/2019,PNS,FL,ASO,ES,Towers with Radar,58,31,33,36,158,0,0,93,27,120,58,31,126,63,278,286,0,286,564
01/17/2019,PNS,FL,ASO,ES,Towers with Radar,51,33,51,72,207,0,0,76,20,96,51,33,127,92,303,258,0,258,561
01/18/2019,PNS,FL,ASO,ES,Towers with Radar,53,25,50,87,215,0,1,26,29,56,53,26,76,116,271,86,0,86,357
01/19/2019,PNS,FL,ASO,ES,Towers with Radar,48,15,6,2,71,0,2,1,2,5,48,17,7,4,76,4,0,4,80
01/20/2019,PNS,FL,ASO,ES,Towers with Radar,45,18,28,26,117,0,0,12,21,33,45,18,40,47,150,4,12,16,166
01/21/2019,PNS,FL,ASO,ES,Towers with Radar,51,29,44,1,125,0,0,117,0,117,51,29,161,1,242,258,0,258,500
01/22/2019,PNS,FL,ASO,ES,Towers with Radar,49,23,16,48,136,0,4,5,18,27,49,27,21,66,163,10,0,10,173
01/23/2019,PNS,FL,ASO,ES,Towers with Radar,52,26,11,2,91,0,0,0,0,0,52,26,11,2,91,0,0,0,91
01/24/2019,PNS,FL,ASO,ES,Towers with Radar,49,29,42,14,134,0,4,48,12,64,49,33,90,26,198,136,0,136,334
01/25/2019,PNS,FL,ASO,ES,Towers with Radar,51,25,45,39,160,0,0,118,27,145,51,25,163,66,305,218,0,218,523
01/26/2019,PNS,FL,ASO,ES,Towers with Radar,48,17,43,34,142,0,2,107,43,152,48,19,150,77,294,118,0,118,412
01/27/2019,PNS,FL,ASO,ES,Towers with Radar,46,16,44,22,128,0,0,71,19,90,46,16,115,41,218,100,0,100,318
01/28/2019,PNS,FL,ASO,ES,Towers with Radar,54,34,31,27,146,0,0,89,13,102,54,34,120,40,248,186,0,186,434
01/29/2019,PNS,FL,ASO,ES,Towers with Radar,50,29,19,17,115,0,0,26,15,41,50,29,45,32,156,40,8,48,204
01/30/2019,PNS,FL,ASO,ES,Towers with Radar,53,24,46,33,156,0,1,103,22,126,53,25,149,55,282,306,0,306,588
01/31/2019,PNS,FL,ASO,ES,Towers with Radar,51,26,27,38,142,0,0,103,19,122,51,26,130,57,264,220,0,220,484
02/01/2019,PNS,FL,ASO,ES,Towers with Radar,53,26,26,37,142,0,0,71,28,99,53,26,97,65,241,192,0,192,433
02/02/2019,PNS,FL,ASO,ES,Towers with Radar,48,13,17,18,96,0,0,0,0,0,48,13,17,18,96,0,0,0,96
02/03/2019,PNS,FL,ASO,ES,Towers with Radar,48,15,13,60,136,0,0,1,6,7,48,15,14,66,143,4,0,4,147
02/04/2019,PNS,FL,ASO,ES,Towers with Radar,53,27,22,37,139,0,0,1,0,1,53,27,23,37,140,24,0,24,164
02/05/2019,PNS,FL,ASO,ES,Towers with Radar,55,25,11,32,123,0,0,0,0,0,55,25,11,32,123,0,0,0,123
02/06/2019,PNS,FL,ASO,ES,Towers with Radar,56,22,18,63,159,0,0,8,5,13,56,22,26,68,172,100,0,100,272
02/07/2019,PNS,FL,ASO,ES,Towers with Radar,52,29,23,46,150,0,0,30,5,35,52,29,53,51,185,44,0,44,229
02/08/2019,PNS,FL,ASO,ES,Towers with Radar,51,25,34,34,144,0,1,99,28,128,51,26,133,62,272,132,6,138,410
02/09/2019,PNS,FL,ASO,ES,Towers with Radar,48,12,34,30,124,0,2,92,69,163,48,14,126,99,287,170,0,170,457
02/10/2019,PNS,FL,ASO,ES,Towers with Radar,47,18,33,47,145,0,0,26,11,37,47,18,59,58,182,66,0,66,248
02/11/2019,PNS,FL,ASO,ES,Towers with Radar,51,26,14,20,111,0,0,0,0,0,51,26,14,20,111,0,0,0,111
02/12/2019,PNS,FL,ASO,ES,Towers with Radar,43,24,16,14,97,0,0,22,9,31,43,24,38,23,128,58,14,72,200
02/13/2019,PNS,FL,ASO,ES,Towers with Radar,56,28,34,24,142,0,4,109,24,137,56,32,143,48,279,198,0,198,477
02/14/2019,PNS,FL,ASO,ES,Towers with Radar,54,24,37,25,140,0,1,90,14,105,54,25,127,39,245,207,0,207,452
02/15/2019,PNS,FL,ASO,ES,Towers with Radar,56,33,49,105,243,0,1,67,32,100,56,34,116,137,343,200,0,200,543
02/16/2019,PNS,FL,ASO,ES,Towers with Radar,49,22,23,55,149,0,0,19,16,35,49,22,42,71,184,70,0,70,254
02/17/2019,PNS,FL,ASO,ES,Towers with Radar,46,20,38,49,153,0,0,1,2,3,46,20,39,51,156,0,0,0,156
02/18/2019,PNS,FL,ASO,ES,Towers with Radar,55,28,28,16,127,0,3,47,0,50,55,31,75,16,177,108,0,108,285
02/19/2019,PNS,FL,ASO,ES,Towers with Radar,53,31,28,46,158,0,0,31,5,36,53,31,59,51,194,178,0,178,372
02/20/2019,PNS,FL,ASO,ES,Towers with Radar,59,23,12,6,100,0,0,0,0,0,59,23,12,6,100,0,0,0,100
02/21/2019,PNS,FL,ASO,ES,Towers with Radar,54,31,18,16,119,0,0,0,0,0,54,31,18,16,119,0,0,0,119
02/22/2019,PNS,FL,ASO,ES,Towers with Radar,45,23,27,39,134,0,0,0,3,3,45,23,27,42,137,0,0,0,137
02/23/2019,PNS,FL,ASO,ES,Towers with Radar,52,24,24,14,114,0,0,0,1,1,52,24,24,15,115,0,0,0,115
02/24/2019,PNS,FL,ASO,ES,Towers with Radar,56,21,28,24,129,0,8,113,41,162,56,29,141,65,291,150,0,150,441
02/25/2019,PNS,FL,ASO,ES,Towers with Radar,54,30,33,33,150,0,0,124,19,143,54,30,157,52,293,182,0,182,475
02/26/2019,PNS,FL,ASO,ES,Towers with Radar,54,31,52,42,179,0,0,72,14,86,54,31,124,56,265,218,0,218,483
02/27/2019,PNS,FL,ASO,ES,Towers with Radar,55,28,39,52,174,0,0,77,22,99,55,28,116,74,273,152,0,152,425
02/28/2019,PNS,FL,ASO,ES,Towers with Radar,56,30,22,18,126,0,0,5,4,9,56,30,27,22,135,2,0,2,137
03/01/2019,PNS,FL,ASO,ES,Towers with Radar,56,33,38,65,192,0,0,73,34,107,56,33,111,99,299,148,0,148,447
03/02/2019,PNS,FL,ASO,ES,Towers with Radar,57,18,37,45,157,0,0,20,14,34,57,18,57,59,191,62,0,62,253
03/03/2019,PNS,FL,ASO,ES,Towers with Radar,52,12,9,12,85,0,0,0,4,4,52,12,9,16,89,0,0,0,89
03/04/2019,PNS,FL,ASO,ES,Towers with Radar,59,31,47,16,153,0,1,61,15,77,59,32,108,31,230,122,0,122,352
03/05/2019,PNS,FL,ASO,ES,Towers with Radar,55,28,56,20,159,0,1,106,22,129,55,29,162,42,288,170,14,184,472
03/06/2019,PNS,FL,ASO,ES,Towers with Radar,57,38,35,30,160,0,0,98,26,124,57,38,133,56,284,224,8,232,516
03/07/2019,PNS,FL,ASO,ES,Towers with Radar,55,32,56,36,179,0,0,119,27,146,55,32,175,63,325,124,0,124,449
03/08/2019,PNS,FL,ASO,ES,Towers with Radar,58,33,54,86,231,0,1,120,38,159,58,34,174,124,390,200,0,200,590
03/09/2019,PNS,FL,ASO,ES,Towers with Radar,63,23,25,50,161,0,1,8,8,17,63,24,33,58,178,0,0,0,178
03/10/2019,PNS,FL,ASO,ES,Towers with Radar,47,21,32,39,139,0,0,22,28,50,47,21,54,67,189,60,0,60,249
03/11/2019,PNS,FL,ASO,ES,Towers with Radar,67,30,16,44,157,0,0,8,15,23,67,30,24,59,180,40,0,40,220
03/12/2019,PNS,FL,ASO,ES,Towers with Radar,54,31,37,43,165,0,5,118,37,160,54,36,155,80,325,236,0,236,561
03/13/2019,PNS,FL,ASO,ES,Towers with Radar,55,34,32,16,137,0,0,5,2,7,55,34,37,18,144,0,2,2,146
03/14/2019,PNS,FL,ASO,ES,Towers with Radar,54,36,25,18,133,0,0,1,2,3,54,36,26,20,136,0,0,0,136
03/15/2019,PNS,FL,ASO,ES,Towers with Radar,57,33,28,28,146,0,1,67,20,88,57,34,95,48,234,228,0,228,462
03/16/2019,PNS,FL,ASO,ES,Towers with Radar,69,29,28,29,155,0,0,80,19,99,69,29,108,48,254,200,14,214,468
03/17/2019,PNS,FL,ASO,ES,Towers with Radar,48,22,36,32,138,0,1,71,29,101,48,23,107,61,239,232,0,232,471
03/18/2019,PNS,FL,ASO,ES,Towers with Radar,56,36,35,10,137,0,2,91,18,111,56,38,126,28,248,220,6,226,474
03/19/2019,PNS,FL,ASO,ES,Towers with Radar,55,29,30,38,152,0,0,106,28,134,55,29,136,66,286,308,0,308,594
03/20/2019,PNS,FL,ASO,ES,Towers with Radar,56,33,28,24,141,0,0,110,14,124,56,33,138,38,265,290,0,290,555
03/21/2019,PNS,FL,ASO,ES,Towers with Radar,57,31,32,18,138,0,1,114,17,132,57,32,146,35,270,258,0,258,528
03/22/2019,PNS,FL,ASO,ES,Towers with Radar,57,33,38,35,163,0,0,107,13,120,57,33,145,48,283,228,0,228,511
03/23/2019,PNS,FL,ASO,ES,Towers with Radar,68,22,38,12,140,0,2,111,31,144,68,24,149,43,284,218,0,218,502
03/24/2019,PNS,FL,ASO,ES,Towers with Radar,53,16,37,27,133,0,8,60,30,98,53,24,97,57,231,82,10,92,323
03/25/2019,PNS,FL,ASO,ES,Towers with Radar,57,31,33,33,154,0,1,73,15,89,57,32,106,48,243,196,0,196,439
03/26/2019,PNS,FL,ASO,ES,Towers with Radar,52,30,28,24,134,0,0,84,19,103,52,30,112,43,237,280,0,280,517
03/27/2019,PNS,FL,ASO,ES,Towers with Radar,54,32,50,29,165,0,0,96,16,112,54,32,146,45,277,183,0,183,460
03/28/2019,PNS,FL,ASO,ES,Towers with Radar,56,32,48,41,177,0,2,93,12,107,56,34,141,53,284,128,0,128,412
03/29/2019,PNS,FL,ASO,ES,Towers with Radar,61,37,40,74,212,0,1,95,33,129,61,38,135,107,341,146,0,146,487
03/30/2019,PNS,FL,ASO,ES,Towers with Radar,68,20,27,18,133,0,2,73,49,124,68,22,100,67,257,226,14,240,497
03/31/2019,PNS,FL,ASO,ES,Towers with Radar,50,19,34,48,151,0,1,12,10,23,50,20,46,58,174,0,14,14,188
04/01/2019,PNS,FL,ASO,ES,Towers with Radar,55,29,36,24,144,0,1,66,21,88,55,30,102,45,232,250,0,250,482
04/02/2019,PNS,FL,ASO,ES,Towers with Radar,54,34,42,34,164,0,2,84,23,109,54,36,126,57,273,178,0,178,451
04/03/2019,PNS,FL,ASO,ES,Towers with Radar,57,31,40,44,172,0,2,83,20,105,57,33,123,64,277,152,0,152,429
04/04/2019,PNS,FL,ASO,ES,Towers with Radar,59,32,25,5,121,0,0,3,1,4,59,32,28,6,125,6,0,6,131
04/05/2019,PNS,FL,ASO,ES,Towers with Radar,58,35,16,7,116,0,0,0,0,0,58,35,16,7,116,0,0,0,116
04/06/2019,PNS,FL,ASO,ES,Towers with Radar,61,20,18,63,162,0,0,4,3,7,61,20,22,66,169,0,0,0,169
04/07/2019,PNS,FL,ASO,ES,Towers with Radar,45,23,20,78,166,0,1,11,17,29,45,24,31,95,195,16,0,16,211
04/08/2019,PNS,FL,ASO,ES,Towers with Radar,56,31,21,32,140,0,0,0,1,1,56,31,21,33,141,12,0,12,153
04/09/2019,PNS,FL,ASO,ES,Towers with Radar,57,33,48,35,173,0,1,33,12,46,57,34,81,47,219,76,0,76,295
04/10/2019,PNS,FL,ASO,ES,Towers with Radar,59,31,45,28,163,0,2,119,27,148,59,33,164,55,311,230,12,242,553
04/11/2019,PNS,FL,ASO,ES,Towers with Radar,59,36,43,35,173,0,0,69,10,79,59,36,112,45,252,148,0,148,400
04/12/2019,PNS,FL,ASO,ES,Towers with Radar,61,32,38,98,229,0,0,20,31,51,61,32,58,129,280,46,0,46,326
04/13/2019,PNS,FL,ASO,ES,Towers with Radar,55,26,17,42,140,0,0,5,12,17,55,26,22,54,157,8,0,8,165
04/14/2019,PNS,FL,ASO,ES,Towers with Radar,55,18,21,13,107,0,1,14,18,33,55,19,35,31,140,0,0,0,140
04/15/2019,PNS,FL,ASO,ES,Towers with Radar,58,31,38,23,150,0,0,80,23,103,58,31,118,46,253,184,8,192,445
04/16/2019,PNS,FL,ASO,ES,Towers with Radar,58,37,54,54,203,0,1,97,22,120,58,38,151,76,323,204,0,204,527
04/17/2019,PNS,FL,ASO,ES,Towers with Radar,59,35,57,46,197,0,1,93,15,109,59,36,150,61,306,240,0,240,546
04/18/2019,PNS,FL,ASO,ES,Towers with Radar,57,29,30,28,144,0,1,28,5,34,57,30,58,33,178,42,0,42,220
04/19/2019,PNS,FL,ASO,ES,Towers with Radar,52,27,16,9,104,0,0,0,1,1,52,27,16,10,105,0,0,0,105
04/20/2019,PNS,FL,ASO,ES,Towers with Radar,61,19,18,6,104,0,1,51,5,57,61,20,69,11,161,14,0,14,175
04/21/2019,PNS,FL,ASO,ES,Towers with Radar,57,22,31,2,112,0,0,50,2,52,57,22,81,4,164,70,0,70,234
04/22/2019,PNS,FL,ASO,ES,Towers with Radar,61,28,31,52,172,0,0,94,24,118,61,28,125,76,290,229,0,229,519
04/23/2019,PNS,FL,ASO,ES,Towers with Radar,56,28,35,40,159,0,0,95,23,118,56,28,130,63,277,257,0,257,534
04/24/2019,PNS,FL,ASO,ES,Towers with Radar,60,36,48,40,184,0,0,65,13,78,60,36,113,53,262,196,0,196,458
04/25/2019,PNS,FL,ASO,ES,Towers with Radar,67,28,30,15,140,0,0,0,0,0,67,28,30,15,140,0,0,0,140
04/26/2019,PNS,FL,ASO,ES,Towers with Radar,58,33,45,28,164,0,0,100,28,128,58,33,145,56,292,140,4,144,436
04/27/2019,PNS,FL,ASO,ES,Towers with Radar,66,19,33,24,142,0,0,117,41,158,66,19,150,65,300,136,0,136,436
04/28/2019,PNS,FL,ASO,ES,Towers with Radar,54,25,31,22,132,0,1,77,29,107,54,26,108,51,239,198,0,198,437
04/29/2019,PNS,FL,ASO,ES,Towers with Radar,60,30,42,49,181,0,2,91,22,115,60,32,133,71,296,224,0,224,520
04/30/2019,PNS,FL,ASO,ES,Towers with Radar,61,37,50,63,211,0,1,74,13,88,61,38,124,76,299,212,0,212,511
05/01/2019,PNS,FL,ASO,ES,Towers with Radar,65,29,67,55,216,0,0,35,6,41,65,29,102,61,257,62,0,62,319
05/02/2019,PNS,FL,ASO,ES,Towers with Radar,61,32,46,63,202,0,0,87,26,113,61,32,133,89,315,222,4,226,541
05/03/2019,PNS,FL,ASO,ES,Towers with Radar,57,31,44,60,192,0,1,85,19,105,57,32,129,79,297,150,0,150,447
05/04/2019,PNS,FL,ASO,ES,Towers with Radar,71,20,20,15,126,0,1,13,4,18,71,21,33,19,144,22,0,22,166
05/05/2019,PNS,FL,ASO,ES,Towers with Radar,59,25,28,38,150,0,1,60,26,87,59,26,88,64,237,116,0,116,353
05/06/2019,PNS,FL,ASO,ES,Towers with Radar,61,33,34,53,181,0,2,88,28,118,61,35,122,81,299,252,0,252,551
05/07/2019,PNS,FL,ASO,ES,Towers with Radar,60,37,39,57,193,0,0,103,32,135,60,37,142,89,328,238,8,246,574
05/08/2019,PNS,FL,ASO,ES,Towers with Radar,52,36,33,79,200,0,1,58,32,91,52,37,91,111,291,218,0,218,509
05/09/2019,PNS,FL,ASO,ES,Towers with Radar,57,47,39,116,259,0,3,31,5,39,57,50,70,121,298,82,0,82,380
05/10/2019,PNS,FL,ASO,ES,Towers with Radar,64,44,36,117,261,0,1,55,24,80,64,45,91,141,341,122,0,122,463
05/11/2019,PNS,FL,ASO,ES,Towers with Radar,61,24,14,12,111,0,0,15,3,18,61,24,29,15,129,22,0,22,151
05/12/2019,PNS,FL,ASO,ES,Towers with Radar,54,30,9,15,108,0,0,3,4,7,54,30,12,19,115,0,0,0,115
05/13/2019,PNS,FL,ASO,ES,Towers with Radar,64,35,37,28,164,0,0,103,30,133,64,35,140,58,297,224,0,224,521
05/14/2019,PNS,FL,ASO,ES,Towers with Radar,63,34,34,20,151,0,0,87,19,106,63,34,121,39,257,144,0,144,401
05/15/2019,PNS,FL,ASO,ES,Towers with Radar,57,39,38,28,162,0,3,100,18,121,57,42,138,46,283,262,0,262,545
05/16/2019,PNS,FL,ASO,ES,Towers with Radar,63,36,45,42,186,0,1,90,15,106,63,37,135,57,292,120,0,120,412
05/17/2019,PNS,FL,ASO,ES,Towers with Radar,61,38,39,10,148,0,1,67,6,74,61,39,106,16,222,126,0,126,348
05/18/2019,PNS,FL,ASO,ES,Towers with Radar,63,24,38,40,165,0,1,57,29,87,63,25,95,69,252,74,8,82,334
05/19/2019,PNS,FL,ASO,ES,Towers with Radar,56,33,35,50,174,0,9,31,35,75,56,42,66,85,249,42,0,42,291
05/20/2019,PNS,FL,ASO,ES,Towers with Radar,59,37,41,33,170,0,1,38,9,48,59,38,79,42,218,154,0,154,372
05/21/2019,PNS,FL,ASO,ES,Towers with Radar,54,40,43,37,174,0,3,66,27,96,54,43,109,64,270,184,6,190,460
05/22/2019,PNS,FL,ASO,ES,Towers with Radar,59,36,31,33,159,0,2,80,19,101,59,38,111,52,260,238,0,238,498
05/23/2019,PNS,FL,ASO,ES,Towers with Radar,60,35,48,41,184,0,8,66,16,90,60,43,114,57,274,192,0,192,466
05/24/2019,PNS,FL,ASO,ES,Towers with Radar,65,39,53,9,166,0,1,101,8,110,65,40,154,17,276,198,0,198,474
05/25/2019,PNS,FL,ASO,ES,Towers with Radar,61,28,26,2,117,0,1,50,2,53,61,29,76,4,170,64,0,64,234
05/26/2019,PNS,FL,ASO,ES,Towers with Radar,58,19,24,5,106,0,0,34,2,36,58,19,58,7,142,32,0,32,174
05/27/2019,PNS,FL,ASO,ES,Towers with Radar,55,29,39,12,135,0,3,38,1,42,55,32,77,13,177,40,0,40,217
05/28/2019,PNS,FL,ASO,ES,Towers with Radar,60,35,64,75,234,0,2,48,23,73,60,37,112,98,307,218,0,218,525
05/29/2019,PNS,FL,ASO,ES,Towers with Radar,58,36,36,39,169,0,2,61,25,88,58,38,97,64,257,130,0,130,387
05/30/2019,PNS,FL,ASO,ES,Towers with Radar,57,35,48,98,238,0,4,50,30,84,57,39,98,128,322,88,0,88,410
05/31/2019,PNS,FL,ASO,ES,Towers with Radar,64,41,38,103,246,0,0,49,26,75,64,41,87,129,321,86,0,86,407
06/01/2019,PNS,FL,ASO,ES,Towers with Radar,64,27,17,24,132,0,0,33,26,59,64,27,50,50,191,66,0,66,257
06/02/2019,PNS,FL,ASO,ES,Towers with Radar,57,21,20,18,116,0,1,43,24,68,57,22,63,42,184,36,14,50,234
06/03/2019,PNS,FL,ASO,ES,Towers with Radar,60,31,31,53,175,0,2,63,21,86,60,33,94,74,261,112,0,112,373
06/04/2019,PNS,FL,ASO,ES,Towers with Radar,62,33,21,39,155,0,2,60,28,90,62,35,81,67,245,202,0,202,447
06/05/2019,PNS,FL,ASO,ES,Towers with Radar,57,31,38,13,139,0,0,41,7,48,57,31,79,20,187,140,0,140,327
06/06/2019,PNS,FL,ASO,ES,Towers with Radar,64,31,17,0,112,0,0,1,0,1,64,31,18,0,113,0,0,0,113
06/07/2019,PNS,FL,ASO,ES,Towers with Radar,74,33,18,47,172,0,0,8,11,19,74,33,26,58,191,18,0,18,209
06/08/2019,PNS,FL,ASO,ES,Towers with Radar,76,18,14,30,138,0,0,13,11,24,76,18,27,41,162,20,0,20,182
06/09/2019,PNS,FL,ASO,ES,Towers with Radar,73,18,17,45,153,0,0,35,24,59,73,18,52,69,212,12,0,12,224
06/10/2019,PNS,FL,ASO,ES,Towers with Radar,72,21,23,19,135,0,1,48,16,65,72,22,71,35,200,134,0,134,334
06/11/2019,PNS,FL,ASO,ES,Towers with Radar,74,26,30,17,147,0,2,80,10,92,74,28,110,27,239,248,0,248,487
06/12/2019,PNS,FL,ASO,ES,Towers with Radar,70,30,48,22,170,0,2,67,21,90,70,32,115,43,260,206,0,206,466
06/13/2019,PNS,FL,ASO,ES,Towers with Radar,71,30,48,32,181,0,0,91,18,109,71,30,139,50,290,224,0,224,514
06/14/2019,PNS,FL,ASO,ES,Towers with Radar,75,28,38,37,178,0,1,76,24,101,75,29,114,61,279,176,0,176,455
06/15/2019,PNS,FL,ASO,ES,Towers with Radar,98,16,23,32,169,0,1,86,21,108,98,17,109,53,277,114,0,114,391
06/16/2019,PNS,FL,ASO,ES,Towers with Radar,70,17,32,33,152,0,0,44,22,66,70,17,76,55,218,66,0,66,284
06/17/2019,PNS,FL,ASO,ES,Towers with Radar,72,30,29,32,163,0,2,48,3,53,72,32,77,35,216,176,0,176,392
06/18/2019,PNS,FL,ASO,ES,Towers with Radar,72,24,18,36,150,0,0,13,9,22,72,24,31,45,172,34,0,34,206
06/19/2019,PNS,FL,ASO,ES,Towers with Radar,73,29,20,24,146,0,0,52,12,64,73,29,72,36,210,48,0,48,258
06/20/2019,PNS,FL,ASO,ES,Towers with Radar,72,26,29,15,142,0,0,35,19,54,72,26,64,34,196,14,0,14,210
06/21/2019,PNS,FL,ASO,ES,Towers with Radar,72,35,28,57,192,0,3,43,39,85,72,38,71,96,277,132,0,132,409
06/22/2019,PNS,FL,ASO,ES,Towers with Radar,104,21,18,15,158,0,0,63,22,85,104,21,81,37,243,152,0,152,395
06/23/2019,PNS,FL,ASO,ES,Towers with Radar,78,17,28,30,153,0,5,44,29,78,78,22,72,59,231,128,0,128,359
06/24/2019,PNS,FL,ASO,ES,Towers with Radar,73,30,17,35,155,0,2,45,24,71,73,32,62,59,226,88,0,88,314
06/25/2019,PNS,FL,ASO,ES,Towers with Radar,69,30,39,35,173,0,0,87,24,111,69,30,126,59,284,202,0,202,486
06/26/2019,PNS,FL,ASO,ES,Towers with Radar,73,32,43,21,169,0,2,89,20,111,73,34,132,41,280,162,0,162,442
06/27/2019,PNS,FL,ASO,ES,Towers with Radar,72,30,35,8,145,0,0,78,8,86,72,30,113,16,231,152,0,152,383
06/28/2019,PNS,FL,ASO,ES,Towers with Radar,74,27,38,57,196,0,0,78,44,122,74,27,116,101,318,186,14,200,518
06/29/2019,PNS,FL,ASO,ES,Towers with Radar,95,17,18,27,157,0,1,40,46,87,95,18,58,73,244,42,44,86,330
06/30/2019,PNS,FL,ASO,ES,Towers with Radar,75,17,30,45,167,0,6,52,39,97,75,23,82,84,264,110,0,110,374
07/01/2019,PNS,FL,ASO,ES,Towers with Radar,61,27,30,14,132,0,6,64,15,85,61,33,94,29,217,182,10,192,409
07/02/2019,PNS,FL,ASO,ES,Towers with Radar,66,29,39,8,142,0,0,71,6,77,66,29,110,14,219,120,0,120,339
07/03/2019,PNS,FL,ASO,ES,Towers with Radar,67,28,38,10,143,0,0,82,11,93,67,28,120,21,236,168,0,168,404
07/04/2019,PNS,FL,ASO,ES,Towers with Radar,59,19,6,1,85,0,1,29,3,33,59,20,35,4,118,22,0,22,140
07/05/2019,PNS,FL,ASO,ES,Towers with Radar,57,26,18,0,101,0,0,52,0,52,57,26,70,0,153,132,0,132,285
07/06/2019,PNS,FL,ASO,ES,Towers with Radar,89,18,20,0,127,0,3,61,1,65,89,21,81,1,192,96,0,96,288
07/07/2019,PNS,FL,ASO,ES,Towers with Radar,75,15,27,0,117,0,0,44,0,44,75,15,71,0,161,132,0,132,293
07/08/2019,PNS,FL,ASO,ES,Towers with Radar,71,35,26,6,138,0,0,64,4,68,71,35,90,10,206,188,0,188,394
07/09/2019,PNS,FL,ASO,ES,Towers with Radar,74,26,29,3,132,0,0,42,1,43,74,26,71,4,175,40,0,40,215
07/10/2019,PNS,FL,ASO,ES,Towers with Radar,76,32,13,21,142,0,0,9,5,14,76,32,22,26,156,14,0,14,170
07/11/2019,PNS,FL,ASO,ES,Towers with Radar,68,31,27,20,146,0,0,22,11,33,68,31,49,31,179,6,0,6,185
07/12/2019,PNS,FL,ASO,ES,Towers with Radar,73,34,11,42,160,0,0,28,30,58,73,34,39,72,218,20,0,20,238
07/13/2019,PNS,FL,ASO,ES,Towers with Radar,97,19,17,36,169,0,8,28,23,59,97,27,45,59,228,10,0,10,238
07/14/2019,PNS,FL,ASO,ES,Towers with Radar,76,17,15,45,153,0,0,56,17,73,76,17,71,62,226,44,0,44,270
07/15/2019,PNS,FL,ASO,ES,Towers with Radar,73,29,65,30,197,0,0,54,15,69,73,29,119,45,266,154,0,154,420
07/16/2019,PNS,FL,ASO,ES,Towers with Radar,72,29,53,47,201,0,0,61,23,84,72,29,114,70,285,224,0,224,509
07/17/2019,PNS,FL,ASO,ES,Towers with Radar,69,28,54,26,177,0,0,63,14,77,69,28,117,40,254,154,0,154,408
07/18/2019,PNS,FL,ASO,ES,Towers with Radar,71,28,36,38,173,0,0,83,20,103,71,28,119,58,276,140,0,140,416
07/19/2019,PNS,FL,ASO,ES,Towers with Radar,72,25,44,26,167,0,0,49,19,68,72,25,93,45,235,190,0,190,425
07/20/2019,PNS,FL,ASO,ES,Towers with Radar,95,18,21,43,177,0,0,21,35,56,95,18,42,78,233,12,0,12,245
07/21/2019,PNS,FL,ASO,ES,Towers with Radar,75,17,25,33,150,0,0,31,33,64,75,17,56,66,214,78,0,78,292
07/22/2019,PNS,FL,ASO,ES,Towers with Radar,70,35,37,47,189,0,0,51,20,71,70,35,88,67,260,220,0,220,480
07/23/2019,PNS,FL,ASO,ES,Towers with Radar,75,29,13,7,124,0,0,31,4,35,75,29,44,11,159,72,0,72,231
07/24/2019,PNS,FL,ASO,ES,Towers with Radar,71,32,25,25,153,0,0,86,22,108,71,32,111,47,261,166,0,166,427
07/25/2019,PNS,FL,ASO,ES,Towers with Radar,75,34,54,19,182,0,0,93,16,109,75,34,147,35,291,196,0,196,487
07/26/2019,PNS,FL,ASO,ES,Towers with Radar,74,33,42,42,191,0,2,86,40,128,74,35,128,82,319,172,0,172,491
07/27/2019,PNS,FL,ASO,ES,Towers with Radar,97,20,26,36,179,0,1,61,36,98,97,21,87,72,277,70,4,74,351
07/28/2019,PNS,FL,ASO,ES,Towers with Radar,78,19,23,27,147,0,0,51,26,77,78,19,74,53,224,96,0,96,320
07/29/2019,PNS,FL,ASO,ES,Towers with Radar,75,24,49,34,182,0,2,66,17,85,75,26,115,51,267,112,0,112,379
07/30/2019,PNS,FL,ASO,ES,Towers with Radar,71,27,31,47,176,0,2,69,26,97,71,29,100,73,273,180,0,180,453
07/31/2019,PNS,FL,ASO,ES,Towers with Radar,69,33,38,24,164,0,0,79,9,88,69,33,117,33,252,226,0,226,478
08/01/2019,PNS,FL,ASO,ES,Towers with Radar,65,34,34,46,179,0,0,62,19,81,65,34,96,65,260,130,10,140,400
08/02/2019,PNS,FL,ASO,ES,Towers with Radar,68,35,22,26,151,0,0,43,25,68,68,35,65,51,219,102,10,112,331
08/03/2019,PNS,FL,ASO,ES,Towers with Radar,97,17,15,17,146,0,0,48,35,83,97,17,63,52,229,100,16,116,345
08/04/2019,PNS,FL,ASO,ES,Towers with Radar,74,23,14,9,120,0,0,29,25,54,74,23,43,34,174,24,0,24,198
08/05/2019,PNS,FL,ASO,ES,Towers with Radar,70,36,33,11,150,0,0,28,6,34,70,36,61,17,184,78,24,102,286
08/06/2019,PNS,FL,ASO,ES,Towers with Radar,68,31,38,13,150,0,0,75,3,78,68,31,113,16,228,202,0,202,430
08/07/2019,PNS,FL,ASO,ES,Towers with Radar,69,31,27,16,143,0,0,70,7,77,69,31,97,23,220,172,0,172,392
08/08/2019,PNS,FL,ASO,ES,Towers with Radar,72,30,44,9,155,0,0,49,6,55,72,30,93,15,210,118,0,118,328
08/09/2019,PNS,FL,ASO,ES,Towers with Radar,74,37,25,31,167,0,3,73,21,97,74,40,98,52,264,118,0,118,382
08/10/2019,PNS,FL,ASO,ES,Towers with Radar,83,20,12,26,141,0,2,39,58,99,83,22,51,84,240,84,0,84,324
08/11/2019,PNS,FL,ASO,ES,Towers with Radar,70,19,40,21,150,0,0,53,40,93,70,19,93,61,243,68,0,68,311
08/12/2019,PNS,FL,ASO,ES,Towers with Radar,65,26,27,23,141,0,0,31,8,39,65,26,58,31,180,140,0,140,320
08/13/2019,PNS,FL,ASO,ES,Towers with Radar,75,28,26,12,141,0,5,47,8,60,75,33,73,20,201,104,0,104,305
08/14/2019,PNS,FL,ASO,ES,Towers with Radar,64,27,33,23,147,0,1,63,10,74,64,28,96,33,221,146,0,146,367
08/15/2019,PNS,FL,ASO,ES,Towers with Radar,71,30,40,13,154,0,0,71,3,74,71,30,111,16,228,180,0,180,408
08/16/2019,PNS,FL,ASO,ES,Towers with Radar,67,29,40,38,174,0,0,94,21,115,67,29,134,59,289,134,0,134,423
08/17/2019,PNS,FL,ASO,ES,Towers with Radar,74,22,35,18,149,0,1,57,41,99,74,23,92,59,248,106,0,106,354
08/18/2019,PNS,FL,ASO,ES,Towers with Radar,68,17,24,17,126,0,0,17,32,49,68,17,41,49,175,32,0,32,207
08/19/2019,PNS,FL,ASO,ES,Towers with Radar,63,31,31,22,147,0,0,34,17,51,63,31,65,39,198,110,0,110,308
08/20/2019,PNS,FL,ASO,ES,Towers with Radar,65,34,28,14,141,0,0,13,11,24,65,34,41,25,165,64,4,68,233
08/21/2019,PNS,FL,ASO,ES,Towers with Radar,64,31,34,26,155,0,0,79,19,98,64,31,113,45,253,270,0,270,523
08/22/2019,PNS,FL,ASO,ES,Towers with Radar,72,30,25,21,148,0,1,80,14,95,72,31,105,35,243,150,0,150,393
08/23/2019,PNS,FL,ASO,ES,Towers with Radar,65,33,31,36,165,0,4,41,25,70,65,37,72,61,235,66,2,68,303
08/24/2019,PNS,FL,ASO,ES,Towers with Radar,70,17,42,24,153,0,2,61,27,90,70,19,103,51,243,132,0,132,375
08/25/2019,PNS,FL,ASO,ES,Towers with Radar,66,20,27,37,150,0,4,40,32,76,66,24,67,69,226,80,0,80,306
08/26/2019,PNS,FL,ASO,ES,Towers with Radar,68,28,16,7,119,0,2,16,3,21,68,30,32,10,140,78,0,78,218
08/27/2019,PNS,FL,ASO,ES,Towers with Radar,74,28,24,8,134,0,0,66,4,70,74,28,90,12,204,114,0,114,318
08/28/2019,PNS,FL,ASO,ES,Towers with Radar,66,31,37,11,145,0,0,91,6,97,66,31,128,17,242,226,0,226,468
08/29/2019,PNS,FL,ASO,ES,Towers with Radar,70,30,42,16,158,0,1,93,12,106,70,31,135,28,264,178,0,178,442
08/30/2019,PNS,FL,ASO,ES,Towers with Radar,66,29,52,3,150,0,1,84,1,86,66,30,136,4,236,140,0,140,376
08/31/2019,PNS,FL,ASO,ES,Towers with Radar,67,18,33,0,118,0,8,61,2,71,67,26,94,2,189,88,0,88,277
09/01/2019,PNS,FL,ASO,ES,Towers with Radar,60,6,25,16,107,0,2,12,0,14,60,8,37,16,121,10,0,10,131
09/02/2019,PNS,FL,ASO,ES,Towers with Radar,61,9,35,3,108,0,0,39,5,44,61,9,74,8,152,68,0,68,220
09/03/2019,PNS,FL,ASO,ES,Towers with Radar,71,19,35,15,140,0,0,73,11,84,71,19,108,26,224,140,0,140,364
09/04/2019,PNS,FL,ASO,ES,Towers with Radar,60,31,38,6,135,0,2,73,9,84,60,33,111,15,219,248,0,248,467
09/05/2019,PNS,FL,ASO,ES,Towers with Radar,72,33,49,18,172,0,0,78,16,94,72,33,127,34,266,178,0,178,444
09/06/2019,PNS,FL,ASO,ES,Towers with Radar,66,30,35,30,161,0,2,74,26,102,66,32,109,56,263,96,8,104,367
09/07/2019,PNS,FL,ASO,ES,Towers with Radar,59,22,36,38,155,0,5,34,37,76,59,27,70,75,231,82,0,82,313
09/08/2019,PNS,FL,ASO,ES,Towers with Radar,65,19,35,29,148,0,0,24,29,53,65,19,59,58,201,108,0,108,309
09/09/2019,PNS,FL,ASO,ES,Towers with Radar,58,32,23,36,149,0,2,69,14,85,58,34,92,50,234,188,0,188,422
09/10/2019,PNS,FL,ASO,ES,Towers with Radar,61,32,25,46,164,0,1,55,14,70,61,33,80,60,234,268,0,268,502
09/11/2019,PNS,FL,ASO,ES,Towers with Radar,58,33,44,15,150,0,3,85,11,99,58,36,129,26,249,248,0,248,497
09/12/2019,PNS,FL,ASO,ES,Towers with Radar,66,26,31,26,149,0,2,94,18,114,66,28,125,44,263,226,0,226,489
09/13/2019,PNS,FL,ASO,ES,Towers with Radar,65,29,45,30,169,0,3,89,14,106,65,32,134,44,275,238,0,238,513
09/14/2019,PNS,FL,ASO,ES,Towers with Radar,58,21,31,35,145,0,0,56,32,88,58,21,87,67,233,90,0,90,323
09/15/2019,PNS,FL,ASO,ES,Towers with Radar,64,25,34,34,157,0,1,29,41,71,64,26,63,75,228,40,0,40,268
09/16/2019,PNS,FL,ASO,ES,Towers with Radar,62,32,34,18,146,0,0,54,14,68,62,32,88,32,214,144,0,144,358
09/17/2019,PNS,FL,ASO,ES,Towers with Radar,59,40,30,19,148,0,0,82,16,98,59,40,112,35,246,136,0,136,382
09/18/2019,PNS,FL,ASO,ES,Towers with Radar,59,30,32,14,135,0,1,79,12,92,59,31,111,26,227,250,0,250,477
09/19/2019,PNS,FL,ASO,ES,Towers with Radar,56,30,35,29,150,0,0,17,5,22,56,30,52,34,172,36,0,36,208
09/20/2019,PNS,FL,ASO,ES,Towers with Radar,61,27,39,40,167,0,2,51,26,79,61,29,90,66,246,98,2,100,346
09/21/2019,PNS,FL,ASO,ES,Towers with Radar,58,21,29,21,129,0,0,44,30,74,58,21,73,51,203,100,0,100,303
09/22/2019,PNS,FL,ASO,ES,Towers with Radar,64,22,35,24,145,0,0,40,27,67,64,22,75,51,212,38,0,38,250
09/23/2019,PNS,FL,ASO,ES,Towers with Radar,62,35,31,18,146,0,0,55,8,63,62,35,86,26,209,84,0,84,293
09/24/2019,PNS,FL,ASO,ES,Towers with Radar,62,33,38,22,155,0,0,91,20,111,62,33,129,42,266,248,0,248,514
09/25/2019,PNS,FL,ASO,ES,Towers with Radar,60,32,36,27,155,0,0,75,6,81,60,32,111,33,236,220,0,220,456
09/26/2019,PNS,FL,ASO,ES,Towers with Radar,68,28,34,21,151,0,2,69,4,75,68,30,103,25,226,260,2,262,488
09/27/2019,PNS,FL,ASO,ES,Towers with Radar,64,28,40,22,154,0,4,52,22,78,64,32,92,44,232,86,0,86,318
09/28/2019,PNS,FL,ASO,ES,Towers with Radar,60,24,32,9,125,0,2,67,26,95,60,26,99,35,220,128,6,134,354
09/29/2019,PNS,FL,ASO,ES,Towers with Radar,66,17,25,7,115,0,0,35,18,53,66,17,60,25,168,30,0,30,198
09/30/2019,PNS,FL,ASO,ES,Towers with Radar,63,27,29,19,138,0,0,63,3,66,63,27,92,22,204,116,0,116,320
10/01/2019,PNS,FL,ASO,ES,Towers with Radar,60,34,38,23,155,0,0,77,17,94,60,34,115,40,249,228,0,228,477
10/02/2019,PNS,FL,ASO,ES,Towers with Radar,57,35,24,30,146,0,0,89,2,91,57,35,113,32,237,194,0,194,431
10/03/2019,PNS,FL,ASO,ES,Towers with Radar,62,37,39,29,167,0,0,83,7,90,62,37,122,36,257,174,0,174,431
10/04/2019,PNS,FL,ASO,ES,Towers with Radar,57,37,40,31,165,0,2,60,22,84,57,39,100,53,249,100,2,102,351
10/05/2019,PNS,FL,ASO,ES,Towers with Radar,62,17,30,23,132,0,3,53,24,80,62,20,83,47,212,92,0,92,304
10/06/2019,PNS,FL,ASO,ES,Towers with Radar,62,20,29,31,142,0,0,18,16,34,62,20,47,47,176,22,0,22,198
10/07/2019,PNS,FL,ASO,ES,Towers with Radar,54,27,29,39,149,0,2,65,7,74,54,29,94,46,223,196,0,196,419
10/08/2019,PNS,FL,ASO,ES,Towers with Radar,63,25,22,24,134,0,4,95,27,126,63,29,117,51,260,194,0,194,454
10/09/2019,PNS,FL,ASO,ES,Towers with Radar,60,32,24,36,152,0,2,86,15,103,60,34,110,51,255,170,0,170,425
10/10/2019,PNS,FL,ASO,ES,Towers with Radar,65,34,34,25,158,0,4,51,16,71,65,38,85,41,229,176,0,176,405
10/11/2019,PNS,FL,ASO,ES,Towers with Radar,58,30,39,20,147,2,2,40,18,62,60,32,79,38,209,98,6,104,313
10/12/2019,PNS,FL,ASO,ES,Towers with Radar,59,20,26,2,107,0,0,19,7,26,59,20,45,9,133,60,8,68,201
10/13/2019,PNS,FL,ASO,ES,Towers with Radar,64,19,28,15,126,0,1,37,11,49,64,20,65,26,175,36,0,36,211
10/14/2019,PNS,FL,ASO,ES,Towers with Radar,60,27,34,4,125,0,0,56,3,59,60,27,90,7,184,112,0,112,296
10/15/2019,PNS,FL,ASO,ES,Towers with Radar,62,29,21,92,204,0,0,18,35,53,62,29,39,127,257,82,0,82,339
10/16/2019,PNS,FL,ASO,ES,Towers with Radar,61,27,27,15,130,0,0,4,7,11,61,27,31,22,141,36,0,36,177
10/17/2019,PNS,FL,ASO,ES,Towers with Radar,64,36,46,17,163,0,4,89,16,109,64,40,135,33,272,118,0,118,390
10/18/2019,PNS,FL,ASO,ES,Towers with Radar,56,31,26,35,148,0,0,7,10,17,56,31,33,45,165,34,0,34,199
10/19/2019,PNS,FL,ASO,ES,Towers with Radar,55,21,23,32,131,0,0,5,4,9,55,21,28,36,140,0,22,22,162
10/20/2019,PNS,FL,ASO,ES,Towers with Radar,61,20,34,35,150,0,0,55,46,101,61,20,89,81,251,132,0,132,383
10/21/2019,PNS,FL,ASO,ES,Towers with Radar,57,33,25,36,151,0,1,40,10,51,57,34,65,46,202,134,0,134,336
10/22/2019,PNS,FL,ASO,ES,Towers with Radar,64,26,39,4,133,0,0,75,1,76,64,26,114,5,209,100,0,100,309
10/23/2019,PNS,FL,ASO,ES,Towers with Radar,59,26,43,3,131,0,0,98,5,103,59,26,141,8,234,152,0,152,386
10/24/2019,PNS,FL,ASO,ES,Towers with Radar,60,30,36,8,134,0,0,91,8,99,60,30,127,16,233,134,0,134,367
10/25/2019,PNS,FL,ASO,ES,Towers with Radar,61,35,35,31,162,0,0,2,2,4,61,35,37,33,166,0,12,12,178
10/26/2019,PNS,FL,ASO,ES,Towers with Radar,56,15,20,15,106,0,0,0,1,1,56,15,20,16,107,0,0,0,107
10/27/2019,PNS,FL,ASO,ES,Towers with Radar,57,16,35,13,121,0,0,46,17,63,57,16,81,30,184,90,0,90,274
10/28/2019,PNS,FL,ASO,ES,Towers with Radar,51,33,58,72,214,0,1,81,39,121,51,34,139,111,335,116,0,116,451
10/29/2019,PNS,FL,ASO,ES,Towers with Radar,62,28,18,35,143,0,0,0,0,0,62,28,18,35,143,0,0,0,143
10/30/2019,PNS,FL,ASO,ES,Towers with Radar,57,28,26,6,117,0,0,2,0,2,57,28,28,6,119,0,0,0,119
10/31/2019,PNS,FL,ASO,ES,Towers with Radar,48,31,14,3,96,0,0,3,2,5,48,31,17,5,101,0,0,0,101
11/01/2019,PNS,FL,ASO,ES,Towers with Radar,51,43,43,49,186,0,0,68,32,100,51,43,111,81,286,124,0,124,410
11/02/2019,PNS,FL,ASO,ES,Towers with Radar,54,22,32,24,132,0,2,54,30,86,54,24,86,54,218,98,0,98,316
11/03/2019,PNS,FL,ASO,ES,Towers with Radar,54,26,38,27,145,0,2,61,24,87,54,28,99,51,232,68,0,68,300
11/04/2019,PNS,FL,ASO,ES,Towers with Radar,53,40,40,56,189,0,10,89,35,134,53,50,129,91,323,130,0,130,453
11/05/2019,PNS,FL,ASO,ES,Towers with Radar,62,28,41,35,166,0,3,87,32,122,62,31,128,67,288,204,0,204,492
11/06/2019,PNS,FL,ASO,ES,Towers with Radar,62,25,53,106,246,0,0,59,67,126,62,25,112,173,372,166,0,166,538
11/07/2019,PNS,FL,ASO,ES,Towers with Radar,58,31,28,33,150,0,0,5,5,10,58,31,33,38,160,6,0,6,166
11/08/2019,PNS,FL,ASO,ES,Towers with Radar,54,36,61,46,197,0,0,28,8,36,54,36,89,54,233,114,2,116,349
11/09/2019,PNS,FL,ASO,ES,Towers with Radar,59,19,32,11,121,0,0,63,18,81,59,19,95,29,202,78,0,78,280
11/10/2019,PNS,FL,ASO,ES,Towers with Radar,60,18,61,13,152,0,11,60,11,82,60,29,121,24,234,158,0,158,392
11/11/2019,PNS,FL,ASO,ES,Towers with Radar,53,34,41,4,132,0,1,69,2,72,53,35,110,6,204,58,0,58,262
11/12/2019,PNS,FL,ASO,ES,Towers with Radar,63,30,11,21,125,0,5,0,10,15,63,35,11,31,140,0,0,0,140
11/13/2019,PNS,FL,ASO,ES,Towers with Radar,59,23,43,28,153,0,8,108,18,134,59,31,151,46,287,148,0,148,435
11/14/2019,PNS,FL,ASO,ES,Towers with Radar,55,31,35,30,151,0,0,70,21,91,55,31,105,51,242,132,0,132,374
11/15/2019,PNS,FL,ASO,ES,Towers with Radar,55,36,48,28,167,0,5,64,19,88,55,41,112,47,255,134,8,142,397
11/16/2019,PNS,FL,ASO,ES,Towers with Radar,55,22,27,9,113,0,5,80,40,125,55,27,107,49,238,150,0,150,388
11/17/2019,PNS,FL,ASO,ES,Towers with Radar,55,26,29,19,129,0,2,69,38,109,55,28,98,57,238,146,4,150,388
11/18/2019,PNS,FL,ASO,ES,Towers with Radar,54,34,35,25,148,0,2,89,23,114,54,36,124,48,262,200,0,200,462
11/19/2019,PNS,FL,ASO,ES,Towers with Radar,64,33,43,32,172,0,4,93,31,128,64,37,136,63,300,222,0,222,522
11/20/2019,PNS,FL,ASO,ES,Towers with Radar,60,31,56,22,169,0,5,96,16,117,60,36,152,38,286,204,0,204,490
11/21/2019,PNS,FL,ASO,ES,Towers with Radar,57,37,44,14,152,0,2,62,11,75,57,39,106,25,227,186,0,186,413
11/22/2019,PNS,FL,ASO,ES,Towers with Radar,53,36,45,43,177,0,3,97,31,131,53,39,142,74,308,232,6,238,546
11/23/2019,PNS,FL,ASO,ES,Towers with Radar,59,17,10,33,119,0,2,6,11,19,59,19,16,44,138,26,0,26,164
11/24/2019,PNS,FL,ASO,ES,Towers with Radar,53,22,38,39,152,0,6,69,47,122,53,28,107,86,274,178,0,178,452
11/25/2019,PNS,FL,ASO,ES,Towers with Radar,53,28,41,27,149,0,0,108,15,123,53,28,149,42,272,174,0,174,446
11/26/2019,PNS,FL,ASO,ES,Towers with Radar,59,38,29,26,152,0,8,65,4,77,59,46,94,30,229,180,0,180,409
11/27/2019,PNS,FL,ASO,ES,Towers with Radar,56,32,34,0,122,0,3,8,0,11,56,35,42,0,133,18,0,18,151
11/28/2019,PNS,FL,ASO,ES,Towers with Radar,31,21,7,0,59,0,0,10,1,11,31,21,17,1,70,0,0,0,70
11/29/2019,PNS,FL,ASO,ES,Towers with Radar,40,35,34,0,109,0,0,60,2,62,40,35,94,2,171,42,0,42,213
11/30/2019,PNS,FL,ASO,ES,Towers with Radar,57,24,24,0,105,0,2,33,0,35,57,26,57,0,140,24,0,24,164
12/01/2019,PNS,FL,ASO,ES,Towers with Radar,55,24,35,0,114,0,0,16,0,16,55,24,51,0,130,8,0,8,138
12/02/2019,PNS,FL,ASO,ES,Towers with Radar,54,35,28,16,133,0,3,54,17,74,54,38,82,33,207,96,0,96,303
12/03/2019,PNS,FL,ASO,ES,Towers with Radar,60,33,38,8,139,0,5,54,12,71,60,38,92,20,210,248,0,248,458
12/04/2019,PNS,FL,ASO,ES,Towers with Radar,57,34,38,30,159,0,1,66,27,94,57,35,104,57,253,164,0,164,417
12/05/2019,PNS,FL,ASO,ES,Towers with Radar,59,32,45,43,179,0,2,62,22,86,59,34,107,65,265,140,0,140,405
12/06/2019,PNS,FL,ASO,ES,Towers with Radar,57,34,18,36,145,0,2,52,56,110,57,36,70,92,255,118,28,146,401
12/07/2019,PNS,FL,ASO,ES,Towers with Radar,48,24,41,49,162,0,0,20,45,65,48,24,61,94,227,22,10,32,259
12/08/2019,PNS,FL,ASO,ES,Towers with Radar,54,23,39,46,162,0,0,4,7,11,54,23,43,53,173,8,0,8,181
12/09/2019,PNS,FL,ASO,ES,Towers with Radar,53,32,53,22,160,0,0,32,4,36,53,32,85,26,196,116,12,128,324
12/10/2019,PNS,FL,ASO,ES,Towers with Radar,59,29,24,27,139,0,0,0,2,2,59,29,24,29,141,0,0,0,141
12/11/2019,PNS,FL,ASO,ES,Towers with Radar,59,34,27,8,128,0,2,19,9,30,59,36,46,17,158,20,0,20,178
12/12/2019,PNS,FL,ASO,ES,Towers with Radar,59,35,35,12,141,0,0,21,2,23,59,35,56,14,164,32,4,36,200
12/13/2019,PNS,FL,ASO,ES,Towers with Radar,56,34,29,10,129,0,0,0,0,0,56,34,29,10,129,0,0,0,129
12/14/2019,PNS,FL,ASO,ES,Towers with Radar,49,21,29,32,131,0,0,45,51,96,49,21,74,83,227,92,36,128,355
12/15/2019,PNS,FL,ASO,ES,Towers with Radar,55,23,44,22,144,0,0,64,42,106,55,23,108,64,250,84,0,84,334
12/16/2019,PNS,FL,ASO,ES,Towers with Radar,52,29,35,42,158,0,3,27,19,49,52,32,62,61,207,106,0,106,313
12/17/2019,PNS,FL,ASO,ES,Towers with Radar,56,36,31,17,140,0,0,0,0,0,56,36,31,17,140,0,0,0,140
12/18/2019,PNS,FL,ASO,ES,Towers with Radar,61,33,31,18,143,0,2,57,20,79,61,35,88,38,222,96,2,98,320
12/19/2019,PNS,FL,ASO,ES,Towers with Radar,62,36,35,19,152,0,4,63,11,78,62,40,98,30,230,96,0,96,326
12/20/2019,PNS,FL,ASO,ES,Towers with Radar,59,32,18,31,140,0,0,50,31,81,59,32,68,62,221,158,10,168,389
12/21/2019,PNS,FL,ASO,ES,Towers with Radar,60,20,20,18,118,0,0,3,2,5,60,20,23,20,123,0,0,0,123
12/22/2019,PNS,FL,ASO,ES,Towers with Radar,63,19,21,30,133,0,0,0,0,0,63,19,21,30,133,0,0,0,133
12/23/2019,PNS,FL,ASO,ES,Towers with Radar,53,30,17,12,112,0,0,3,0,3,53,30,20,12,115,0,0,0,115
12/24/2019,PNS,FL,ASO,ES,Towers with Radar,46,33,8,0,87,0,0,14,2,16,46,33,22,2,103,0,0,0,103
12/25/2019,PNS,FL,ASO,ES,Towers with Radar,41,20,10,0,71,0,0,16,2,18,41,20,26,2,89,0,0,0,89
12/26/2019,PNS,FL,ASO,ES,Towers with Radar,61,35,30,0,126,0,0,43,0,43,61,35,73,0,169,42,0,42,211
12/27/2019,PNS,FL,ASO,ES,Towers with Radar,60,32,26,14,132,0,8,26,9,43,60,40,52,23,175,74,0,74,249
12/28/2019,PNS,FL,ASO,ES,Towers with Radar,57,23,21,3,104,0,0,0,0,0,57,23,21,3,104,0,0,0,104
12/29/2019,PNS,FL,ASO,ES,Towers with Radar,57,19,10,0,86,0,0,0,0,0,57,19,10,0,86,0,0,0,86
12/30/2019,PNS,FL,ASO,ES,Towers with Radar,61,32,28,16,137,0,10,45,18,73,61,42,73,34,210,78,0,78,288
12/31/2019,PNS,FL,ASO,ES,Towers with Radar,49,31,14,1,95,0,2,38,1,41,49,33,52,2,136,78,0,78,214
01/01/2020,PNS,FL,ASO,ES,Towers with Radar,43,18,11,0,72,0,0,23,2,25,43,18,34,2,97,18,0,18,115
01/02/2020,PNS,FL,ASO,ES,Towers with Radar,61,30,22,2,115,0,0,24,4,28,61,30,46,6,143,26,0,26,169
01/03/2020,PNS,FL,ASO,ES,Towers with Radar,58,30,10,21,119,0,0,0,4,4,58,30,10,25,123,0,0,0,123
01/04/2020,PNS,FL,ASO,ES,Towers with Radar,50,22,23,25,120,0,8,42,23,73,50,30,65,48,193,54,0,54,247
01/05/2020,PNS,FL,ASO,ES,Towers with Radar,57,17,40,7,121,0,6,84,28,118,57,23,124,35,239,110,0,110,349
01/06/2020,PNS,FL,ASO,ES,Towers with Radar,54,31,30,13,128,0,4,66,9,79,54,35,96,22,207,118,0,118,325
01/07/2020,PNS,FL,ASO,ES,Towers with Radar,51,31,24,26,132,0,2,93,15,110,51,33,117,41,242,190,0,190,432
01/08/2020,PNS,FL,ASO,ES,Towers with Radar,52,33,27,23,135,0,6,95,18,119,52,39,122,41,254,244,0,244,498
01/09/2020,PNS,FL,ASO,ES,Towers with Radar,56,33,37,24,150,0,0,52,22,74,56,33,89,46,224,50,0,50,274
01/10/2020,PNS,FL,ASO,ES,Towers with Radar,57,33,25,14,129,0,0,2,2,4,57,33,27,16,133,0,0,0,133
01/11/2020,PNS,FL,ASO,ES,Towers with Radar,46,17,5,0,68,0,0,1,1,2,46,17,6,1,70,0,0,0,70
01/12/2020,PNS,FL,ASO,ES,Towers with Radar,54,21,20,22,117,0,2,13,2,17,54,23,33,24,134,14,0,14,148
01/13/2020,PNS,FL,ASO,ES,Towers with Radar,52,28,7,6,93,0,0,0,0,0,52,28,7,6,93,0,0,0,93
01/14/2020,PNS,FL,ASO,ES,Towers with Radar,47,34,20,0,101,0,0,0,0,0,47,34,20,0,101,0,0,0,101
01/15/2020,PNS,FL,ASO,ES,Towers with Radar,49,36,24,41,150,0,0,2,0,2,49,36,26,41,152,0,0,0,152
01/16/2020,PNS,FL,ASO,ES,Towers with Radar,61,34,37,33,165,0,0,4,16,20,61,34,41,49,185,72,4,76,261
01/17/2020,PNS,FL,ASO,ES,Towers with Radar,55,40,32,44,171,0,0,97,23,120,55,40,129,67,291,214,14,228,519
01/18/2020,PNS,FL,ASO,ES,Towers with Radar,49,19,11,19,98,0,1,0,4,5,49,20,11,23,103,0,0,0,103
01/19/2020,PNS,FL,ASO,ES,Towers with Radar,49,17,30,19,115,0,0,29,39,68,49,17,59,58,183,40,0,40,223
01/20/2020,PNS,FL,ASO,ES,Towers with Radar,52,30,33,1,116,0,2,83,3,88,52,32,116,4,204,98,0,98,302
01/21/2020,PNS,FL,ASO,ES,Towers with Radar,48,31,28,24,131,0,2,63,20,85,48,33,91,44,216,202,2,204,420
01/22/2020,PNS,FL,ASO,ES,Towers with Radar,51,37,42,12,142,0,0,95,11,106,51,37,137,23,248,244,9,253,501
01/23/2020,PNS,FL,ASO,ES,Towers with Radar,58,30,31,32,151,0,0,22,11,33,58,30,53,43,184,130,8,138,322
01/24/2020,PNS,FL,ASO,ES,Towers with Radar,57,36,37,32,162,0,5,47,34,86,57,41,84,66,248,108,0,108,356
01/25/2020,PNS,FL,ASO,ES,Towers with Radar,49,20,24,8,101,4,6,89,83,182,53,26,113,91,283,174,2,176,459
01/26/2020,PNS,FL,ASO,ES,Towers with Radar,52,19,16,9,96,0,0,30,31,61,52,19,46,40,157,102,2,104,261
01/27/2020,PNS,FL,ASO,ES,Towers with Radar,49,30,29,16,124,0,2,41,12,55,49,32,70,28,179,164,24,188,367
01/28/2020,PNS,FL,ASO,ES,Towers with Radar,48,41,25,45,159,0,6,98,43,147,48,47,123,88,306,232,0,232,538
01/29/2020,PNS,FL,ASO,ES,Towers with Radar,50,33,23,14,120,0,0,1,1,2,50,33,24,15,122,0,0,0,122
01/30/2020,PNS,FL,ASO,ES,Towers with Radar,56,33,53,31,173,2,2,75,25,104,58,35,128,56,277,186,8,194,471
01/31/2020,PNS,FL,ASO,ES,Towers with Radar,52,35,27,17,131,0,2,1,1,4,52,37,28,18,135,16,0,16,151
02/01/2020,PNS,FL,ASO,ES,Towers with Radar,47,20,23,23,113,0,15,25,33,73,47,35,48,56,186,72,8,80,266
02/02/2020,PNS,FL,ASO,ES,Towers with Radar,47,23,40,11,121,1,4,69,35,109,48,27,109,46,230,88,8,96,326
02/03/2020,PNS,FL,ASO,ES,Towers with Radar,51,34,31,29,145,0,12,75,15,102,51,46,106,44,247,148,0,148,395
02/04/2020,PNS,FL,ASO,ES,Towers with Radar,49,33,32,28,142,0,9,82,16,107,49,42,114,44,249,172,8,180,429
02/05/2020,PNS,FL,ASO,ES,Towers with Radar,49,37,7,33,126,0,0,1,0,1,49,37,8,33,127,48,0,48,175
02/06/2020,PNS,FL,ASO,ES,Towers with Radar,48,36,7,8,99,0,0,0,0,0,48,36,7,8,99,0,0,0,99
02/07/2020,PNS,FL,ASO,ES,Towers with Radar,53,37,43,63,196,0,4,101,30,135,53,41,144,93,331,145,20,165,496
02/08/2020,PNS,FL,ASO,ES,Towers with Radar,49,20,39,14,122,0,2,61,89,152,49,22,100,103,274,110,2,112,386
02/09/2020,PNS,FL,ASO,ES,Towers with Radar,52,21,24,40,137,0,6,75,49,130,52,27,99,89,267,98,0,98,365
02/10/2020,PNS,FL,ASO,ES,Towers with Radar,49,31,12,76,168,0,2,5,2,9,49,33,17,78,177,14,0,14,191
02/11/2020,PNS,FL,ASO,ES,Towers with Radar,43,29,12,22,106,0,0,0,0,0,43,29,12,22,106,0,0,0,106
02/12/2020,PNS,FL,ASO,ES,Towers with Radar,44,29,21,45,139,0,0,1,0,1,44,29,22,45,140,0,0,0,140
02/13/2020,PNS,FL,ASO,ES,Towers with Radar,53,36,23,29,141,0,0,22,26,48,53,36,45,55,189,74,4,78,267
02/14/2020,PNS,FL,ASO,ES,Towers with Radar,47,43,44,37,171,0,0,110,50,160,47,43,154,87,331,147,16,163,494
02/15/2020,PNS,FL,ASO,ES,Towers with Radar,51,22,29,8,110,0,0,115,60,175,51,22,144,68,285,151,16,167,452
02/16/2020,PNS,FL,ASO,ES,Towers with Radar,47,26,27,34,134,0,0,4,1,5,47,26,31,35,139,0,0,0,139
02/17/2020,PNS,FL,ASO,ES,Towers with Radar,46,35,26,0,107,0,0,4,0,4,46,35,30,0,111,0,0,0,111
02/18/2020,PNS,FL,ASO,ES,Towers with Radar,55,34,17,0,106,0,0,0,0,0,55,34,17,0,106,0,0,0,106
02/19/2020,PNS,FL,ASO,ES,Towers with Radar,49,39,44,23,155,0,0,59,13,72,49,39,103,36,227,158,4,162,389
02/20/2020,PNS,FL,ASO,ES,Towers with Radar,54,39,32,10,135,0,0,0,0,0,54,39,32,10,135,0,0,0,135
02/21/2020,PNS,FL,ASO,ES,Towers with Radar,52,41,25,43,161,0,0,89,38,127,52,41,114,81,288,155,0,155,443
02/22/2020,PNS,FL,ASO,ES,Towers with Radar,50,30,22,24,126,0,0,99,79,178,50,30,121,103,304,90,0,90,394
02/23/2020,PNS,FL,ASO,ES,Towers with Radar,48,29,21,23,121,0,3,67,46,116,48,32,88,69,237,131,2,133,370
02/24/2020,PNS,FL,ASO,ES,Towers with Radar,49,34,20,39,142,0,0,17,0,17,49,34,37,39,159,24,0,24,183
02/25/2020,PNS,FL,ASO,ES,Towers with Radar,52,34,23,6,115,0,2,30,4,36,52,36,53,10,151,86,0,86,237
02/26/2020,PNS,FL,ASO,ES,Towers with Radar,50,35,24,25,134,0,5,69,30,104,50,40,93,55,238,200,0,200,438
02/27/2020,PNS,FL,ASO,ES,Towers with Radar,55,41,31,28,155,2,2,84,21,109,57,43,115,49,264,142,4,146,410
02/28/2020,PNS,FL,ASO,ES,Towers with Radar,50,37,43,40,170,0,1,86,28,115,50,38,129,68,285,122,17,139,424
02/29/2020,PNS,FL,ASO,ES,Towers with Radar,49,27,24,29,129,0,0,81,64,145,49,27,105,93,274,83,0,83,357
03/01/2020,PNS,FL,ASO,ES,Towers with Radar,49,25,36,32,142,0,3,67,24,94,49,28,103,56,236,130,12,142,378
03/02/2020,PNS,FL,ASO,ES,Towers with Radar,51,32,30,41,154,0,0,63,10,73,51,32,93,51,227,136,0,136,363
03/03/2020,PNS,FL,ASO,ES,Towers with Radar,50,36,35,85,206,0,1,15,2,18,50,37,50,87,224,48,0,48,272
03/04/2020,PNS,FL,ASO,ES,Towers with Radar,55,36,5,0,96,0,0,0,0,0,55,36,5,0,96,0,0,0,96
03/05/2020,PNS,FL,ASO,ES,Towers with Radar,52,40,38,8,138,0,6,4,3,13,52,46,42,11,151,2,2,4,155
03/06/2020,PNS,FL,ASO,ES,Towers with Radar,51,37,47,25,160,0,0,100,19,119,51,37,147,44,279,166,0,166,445
03/07/2020,PNS,FL,ASO,ES,Towers with Radar,65,31,32,20,148,0,4,79,38,121,65,35,111,58,269,157,10,167,436
03/08/2020,PNS,FL,ASO,ES,Towers with Radar,48,30,34,21,133,0,0,88,27,115,48,30,122,48,248,179,8,187,435
03/09/2020,PNS,FL,ASO,ES,Towers with Radar,49,38,32,43,162,0,0,41,21,62,49,38,73,64,224,184,0,184,408
03/10/2020,PNS,FL,ASO,ES,Towers with Radar,52,40,30,21,143,0,0,57,11,68,52,40,87,32,211,192,0,192,403
03/11/2020,PNS,FL,ASO,ES,Towers with Radar,51,39,40,30,160,0,1,80,16,97,51,40,120,46,257,236,0,236,493
03/12/2020,PNS,FL,ASO,ES,Towers with Radar,52,38,52,37,179,0,8,60,10,78,52,46,112,47,257,119,0,119,376
03/13/2020,PNS,FL,ASO,ES,Towers with Radar,55,49,38,24,166,0,0,56,28,84,55,49,94,52,250,114,12,126,376
03/14/2020,PNS,FL,ASO,ES,Towers with Radar,65,35,18,12,130,0,0,54,49,103,65,35,72,61,233,112,0,112,345
03/15/2020,PNS,FL,ASO,ES,Towers with Radar,51,26,29,7,113,0,0,52,29,81,51,26,81,36,194,102,4,106,300
03/16/2020,PNS,FL,ASO,ES,Towers with Radar,56,42,39,8,145,0,1,61,12,74,56,43,100,20,219,182,0,182,401
03/17/2020,PNS,FL,ASO,ES,Towers with Radar,50,39,29,37,155,0,0,58,26,84,50,39,87,63,239,160,0,160,399
03/18/2020,PNS,FL,ASO,ES,Towers with Radar,50,37,21,47,155,0,1,15,3,19,50,38,36,50,174,42,14,56,230
03/19/2020,PNS,FL,ASO,ES,Towers with Radar,42,45,29,54,170,0,0,27,8,35,42,45,56,62,205,72,0,72,277
03/20/2020,PNS,FL,ASO,ES,Towers with Radar,43,42,22,64,171,0,0,8,21,29,43,42,30,85,200,8,6,14,214
03/21/2020,PNS,FL,ASO,ES,Towers with Radar,53,32,14,23,122,0,0,7,5,12,53,32,21,28,134,6,4,10,144
03/22/2020,PNS,FL,ASO,ES,Towers with Radar,35,22,18,23,98,0,0,41,12,53,35,22,59,35,151,166,2,168,319
03/23/2020,PNS,FL,ASO,ES,Towers with Radar,34,37,24,102,197,0,0,63,18,81,34,37,87,120,278,112,0,112,390
03/24/2020,PNS,FL,ASO,ES,Towers with Radar,37,33,19,64,153,0,3,39,9,51,37,36,58,73,204,64,2,66,270
03/25/2020,PNS,FL,ASO,ES,Towers with Radar,36,28,25,45,134,0,2,69,43,114,36,30,94,88,248,191,17,208,456
03/26/2020,PNS,FL,ASO,ES,Towers with Radar,41,30,23,61,155,0,1,66,36,103,41,31,89,97,258,162,0,162,420
03/27/2020,PNS,FL,ASO,ES,Towers with Radar,31,26,24,55,136,0,2,76,21,99,31,28,100,76,235,137,0,137,372
03/28/2020,PNS,FL,ASO,ES,Towers with Radar,39,14,25,21,99,0,0,27,19,46,39,14,52,40,145,38,14,52,197
03/29/2020,PNS,FL,ASO,ES,Towers with Radar,33,15,10,13,71,0,2,39,14,55,33,17,49,27,126,59,0,59,185
03/30/2020,PNS,FL,ASO,ES,Towers with Radar,34,18,25,3,80,0,2,85,6,93,34,20,110,9,173,120,0,120,293
03/31/2020,PNS,FL,ASO,ES,Towers with Radar,36,22,6,3,67,0,0,3,4,7,36,22,9,7,74,16,0,16,90
04/01/2020,PNS,FL,ASO,ES,Towers with Radar,31,15,28,8,82,0,2,84,4,90,31,17,112,12,172,162,0,162,334
04/02/2020,PNS,FL,ASO,ES,Towers with Radar,38,21,23,13,95,0,0,73,3,76,38,21,96,16,171,152,0,152,323
04/03/2020,PNS,FL,ASO,ES,Towers with Radar,31,19,24,22,96,0,0,71,25,96,31,19,95,47,192,158,0,158,350
04/04/2020,PNS,FL,ASO,ES,Towers with Radar,39,8,18,17,82,0,0,50,21,71,39,8,68,38,153,115,0,115,268
04/05/2020,PNS,FL,ASO,ES,Towers with Radar,34,4,11,11,60,0,0,47,19,66,34,4,58,30,126,157,0,157,283
04/06/2020,PNS,FL,ASO,ES,Towers with Radar,33,8,16,18,75,0,2,57,4,63,33,10,73,22,138,143,0,143,281
04/07/2020,PNS,FL,ASO,ES,Towers with Radar,35,12,11,24,82,0,0,22,4,26,35,12,33,28,108,124,0,124,232
04/08/2020,PNS,FL,ASO,ES,Towers with Radar,36,10,10,19,75,0,0,22,19,41,36,10,32,38,116,111,0,111,227
04/09/2020,PNS,FL,ASO,ES,Towers with Radar,34,12,23,24,93,0,0,40,14,54,34,12,63,38,147,182,0,182,329
04/10/2020,PNS,FL,ASO,ES,Towers with Radar,32,14,19,7,72,0,0,54,8,62,32,14,73,15,134,140,0,140,274
04/11/2020,PNS,FL,ASO,ES,Towers with Radar,30,8,20,11,69,0,2,74,0,76,30,10,94,11,145,226,0,226,371
04/12/2020,PNS,FL,ASO,ES,Towers with Radar,29,6,1,0,36,0,0,0,0,0,29,6,1,0,36,0,0,0,36
04/13/2020,PNS,FL,ASO,ES,Towers with Radar,30,14,29,32,105,0,0,65,10,75,30,14,94,42,180,186,0,186,366
04/14/2020,PNS,FL,ASO,ES,Towers with Radar,31,13,20,15,79,0,0,82,15,97,31,13,102,30,176,247,0,247,423
04/15/2020,PNS,FL,ASO,ES,Towers with Radar,30,9,19,19,77,0,2,51,21,74,30,11,70,40,151,144,0,144,295
04/16/2020,PNS,FL,ASO,ES,Towers with Radar,30,14,17,23,84,0,0,79,18,97,30,14,96,41,181,194,0,194,375
04/17/2020,PNS,FL,ASO,ES,Towers with Radar,34,11,18,45,108,0,0,40,30,70,34,11,58,75,178,89,0,89,267
04/18/2020,PNS,FL,ASO,ES,Towers with Radar,28,6,11,10,55,0,3,24,19,46,28,9,35,29,101,49,0,49,150
04/19/2020,PNS,FL,ASO,ES,Towers with Radar,26,6,6,3,41,0,0,2,0,2,26,6,8,3,43,0,0,0,43
04/20/2020,PNS,FL,ASO,ES,Towers with Radar,28,8,18,7,61,0,2,70,10,82,28,10,88,17,143,120,0,120,263
04/21/2020,PNS,FL,ASO,ES,Towers with Radar,27,9,24,26,86,0,2,78,21,101,27,11,102,47,187,133,8,141,328
04/22/2020,PNS,FL,ASO,ES,Towers with Radar,27,12,19,27,85,0,0,65,10,75,27,12,84,37,160,162,0,162,322
04/23/2020,PNS,FL,ASO,ES,Towers with Radar,30,13,2,6,51,0,0,0,0,0,30,13,2,6,51,4,0,4,55
04/24/2020,PNS,FL,ASO,ES,Towers with Radar,26,10,22,42,100,0,1,77,34,112,26,11,99,76,212,213,0,213,425
04/25/2020,PNS,FL,ASO,ES,Towers with Radar,24,5,8,29,66,0,5,56,34,95,24,10,64,63,161,76,16,92,253
04/26/2020,PNS,FL,ASO,ES,Towers with Radar,26,9,12,11,58,0,0,55,22,77,26,9,67,33,135,126,0,126,261
04/27/2020,PNS,FL,ASO,ES,Towers with Radar,28,13,20,20,81,0,3,75,22,100,28,16,95,42,181,181,0,181,362
04/28/2020,PNS,FL,ASO,ES,Towers with Radar,29,14,34,49,126,0,2,85,8,95,29,16,119,57,221,242,8,250,471
04/29/2020,PNS,FL,ASO,ES,Towers with Radar,28,13,4,7,52,0,0,0,7,7,28,13,4,14,59,0,0,0,59
04/30/2020,PNS,FL,ASO,ES,Towers with Radar,28,15,23,8,74,0,0,68,10,78,28,15,91,18,152,80,8,88,240
05/01/2020,PNS,FL,ASO,ES,Towers with Radar,23,17,28,44,112,0,0,92,39,131,23,17,120,83,243,174,0,174,417
05/02/2020,PNS,FL,ASO,ES,Towers with Radar,26,8,18,25,77,0,0,61,31,92,26,8,79,56,169,94,0,94,263
05/03/2020,PNS,FL,ASO,ES,Towers with Radar,27,10,26,24,87,0,0,62,20,82,27,10,88,44,169,115,0,115,284
05/04/2020,PNS,FL,ASO,ES,Towers with Radar,29,15,23,52,119,0,1,54,17,72,29,16,77,69,191,233,0,233,424
05/05/2020,PNS,FL,ASO,ES,Towers with Radar,22,17,24,33,96,0,4,71,32,107,22,21,95,65,203,193,0,193,396
05/06/2020,PNS,FL,ASO,ES,Towers with Radar,24,15,32,22,93,0,7,71,19,97,24,22,103,41,190,112,0,112,302
05/07/2020,PNS,FL,ASO,ES,Towers with Radar,21,18,28,35,102,0,4,83,28,115,21,22,111,63,217,125,0,125,342
05/08/2020,PNS,FL,ASO,ES,Towers with Radar,22,18,21,47,108,0,2,48,48,98,22,20,69,95,206,115,0,115,321
05/09/2020,PNS,FL,ASO,ES,Towers with Radar,17,12,14,13,56,0,2,31,20,53,17,14,45,33,109,144,0,144,253
05/10/2020,PNS,FL,ASO,ES,Towers with Radar,18,7,23,6,54,0,0,45,13,58,18,7,68,19,112,164,0,164,276
05/11/2020,PNS,FL,ASO,ES,Towers with Radar,21,12,12,48,93,0,0,62,41,103,21,12,74,89,196,185,0,185,381
05/12/2020,PNS,FL,ASO,ES,Towers with Radar,21,21,26,36,104,0,0,73,31,104,21,21,99,67,208,146,2,148,356
05/13/2020,PNS,FL,ASO,ES,Towers with Radar,20,13,25,36,94,0,0,30,19,49,20,13,55,55,143,108,0,108,251
05/14/2020,PNS,FL,ASO,ES,Towers with Radar,21,17,43,60,141,0,7,36,23,66,21,24,79,83,207,75,0,75,282
05/15/2020,PNS,FL,ASO,ES,Towers with Radar,25,17,34,60,136,0,2,22,41,65,25,19,56,101,201,54,6,60,261
05/16/2020,PNS,FL,ASO,ES,Towers with Radar,18,10,27,7,62,0,7,90,45,142,18,17,117,52,204,137,17,154,358
05/17/2020,PNS,FL,ASO,ES,Towers with Radar,18,8,16,48,90,0,0,10,9,19,18,8,26,57,109,20,0,20,129
05/18/2020,PNS,FL,ASO,ES,Towers with Radar,22,15,12,23,72,0,1,8,3,12,22,16,20,26,84,24,0,24,108
05/19/2020,PNS,FL,ASO,ES,Towers with Radar,20,14,37,54,125,0,0,89,16,105,20,14,126,70,230,230,0,230,460
05/20/2020,PNS,FL,ASO,ES,Towers with Radar,22,14,22,23,81,0,0,17,16,33,22,14,39,39,114,70,0,70,184
05/21/2020,PNS,FL,ASO,ES,Towers with Radar,24,21,27,86,158,0,0,34,18,52,24,21,61,104,210,34,0,34,244
05/22/2020,PNS,FL,ASO,ES,Towers with Radar,26,17,47,0,90,0,4,29,2,35,26,21,76,2,125,128,0,128,253
05/23/2020,PNS,FL,ASO,ES,Towers with Radar,23,16,23,2,64,0,0,58,0,58,23,16,81,2,122,176,0,176,298
05/24/2020,PNS,FL,ASO,ES,Towers with Radar,22,8,28,0,58,0,1,63,2,66,22,9,91,2,124,121,0,121,245
05/25/2020,PNS,FL,ASO,ES,Towers with Radar,23,7,24,2,56,0,0,54,0,54,23,7,78,2,110,81,0,81,191
05/26/2020,PNS,FL,ASO,ES,Towers with Radar,22,22,30,35,109,0,3,19,11,33,22,25,49,46,142,44,0,44,186
05/27/2020,PNS,FL,ASO,ES,Towers with Radar,22,26,27,26,101,0,4,16,8,28,22,30,43,34,129,43,0,43,172
05/28/2020,PNS,FL,ASO,ES,Towers with Radar,24,21,37,47,129,0,0,86,16,102,24,21,123,63,231,142,0,142,373
05/29/2020,PNS,FL,ASO,ES,Towers with Radar,26,22,25,46,119,0,3,76,38,117,26,25,101,84,236,215,0,215,451
05/30/2020,PNS,FL,ASO,ES,Towers with Radar,24,10,27,26,87,0,5,55,26,86,24,15,82,52,173,207,0,207,380
05/31/2020,PNS,FL,ASO,ES,Towers with Radar,23,16,27,31,97,0,0,65,27,92,23,16,92,58,189,174,6,180,369
06/01/2020,PNS,FL,ASO,ES,Towers with Radar,24,25,28,72,149,0,1,79,28,108,24,26,107,100,257,205,0,205,462
06/02/2020,PNS,FL,ASO,ES,Towers with Radar,22,20,24,40,106,0,1,46,12,59,22,21,70,52,165,184,0,184,349
06/03/2020,PNS,FL,ASO,ES,Towers with Radar,26,19,20,69,134,0,0,21,43,64,26,19,41,112,198,88,0,88,286
06/04/2020,PNS,FL,ASO,ES,Towers with Radar,24,18,32,74,148,0,0,52,22,74,24,18,84,96,222,157,0,157,379
06/05/2020,PNS,FL,ASO,ES,Towers with Radar,31,20,34,81,166,0,1,85,46,132,31,21,119,127,298,160,0,160,458
06/06/2020,PNS,FL,ASO,ES,Towers with Radar,27,15,17,2,61,0,2,1,0,3,27,17,18,2,64,5,0,5,69
06/07/2020,PNS,FL,ASO,ES,Towers with Radar,33,8,5,0,46,0,0,0,0,0,33,8,5,0,46,0,0,0,46
06/08/2020,PNS,FL,ASO,ES,Towers with Radar,32,16,5,47,100,0,1,0,1,2,32,17,5,48,102,0,0,0,102
06/09/2020,PNS,FL,ASO,ES,Towers with Radar,26,16,21,6,69,0,0,0,0,0,26,16,21,6,69,0,0,0,69
06/10/2020,PNS,FL,ASO,ES,Towers with Radar,34,18,25,61,138,0,1,29,7,37,34,19,54,68,175,14,2,16,191
06/11/2020,PNS,FL,ASO,ES,Towers with Radar,37,22,44,40,143,0,0,84,40,124,37,22,128,80,267,131,0,131,398
06/12/2020,PNS,FL,ASO,ES,Towers with Radar,39,19,35,41,134,0,1,78,42,121,39,20,113,83,255,67,6,73,328
06/13/2020,PNS,FL,ASO,ES,Towers with Radar,37,11,21,32,101,0,1,48,39,88,37,12,69,71,189,53,0,53,242
06/14/2020,PNS,FL,ASO,ES,Towers with Radar,35,11,27,15,88,0,2,37,29,68,35,13,64,44,156,45,0,45,201
06/15/2020,PNS,FL,ASO,ES,Towers with Radar,39,22,16,38,115,0,2,28,46,76,39,24,44,84,191,35,0,35,226
06/16/2020,PNS,FL,ASO,ES,Towers with Radar,34,20,48,58,160,0,4,107,34,145,34,24,155,92,305,211,0,211,516
06/17/2020,PNS,FL,ASO,ES,Towers with Radar,36,24,31,50,141,0,0,95,22,117,36,24,126,72,258,237,8,245,503
06/18/2020,PNS,FL,ASO,ES,Towers with Radar,40,18,36,50,144,0,6,100,20,126,40,24,136,70,270,150,0,150,420
06/19/2020,PNS,FL,ASO,ES,Towers with Radar,40,23,40,47,150,0,2,91,18,111,40,25,131,65,261,122,0,122,383
06/20/2020,PNS,FL,ASO,ES,Towers with Radar,41,13,41,13,108,0,0,62,17,79,41,13,103,30,187,79,0,79,266
06/21/2020,PNS,FL,ASO,ES,Towers with Radar,44,12,23,9,88,0,2,44,7,53,44,14,67,16,141,82,0,82,223
06/22/2020,PNS,FL,ASO,ES,Towers with Radar,49,18,19,61,147,0,0,13,11,24,49,18,32,72,171,76,4,80,251
06/23/2020,PNS,FL,ASO,ES,Towers with Radar,44,11,31,38,124,0,3,16,40,59,44,14,47,78,183,132,0,132,315
06/24/2020,PNS,FL,ASO,ES,Towers with Radar,47,13,37,51,148,0,3,40,11,54,47,16,77,62,202,167,0,167,369
06/25/2020,PNS,FL,ASO,ES,Towers with Radar,48,22,33,35,138,0,0,40,6,46,48,22,73,41,184,151,0,151,335
06/26/2020,PNS,FL,ASO,ES,Towers with Radar,44,19,49,69,181,0,2,64,41,107,44,21,113,110,288,171,0,171,459
06/27/2020,PNS,FL,ASO,ES,Towers with Radar,44,12,29,35,120,0,2,53,37,92,44,14,82,72,212,132,4,136,348
06/28/2020,PNS,FL,ASO,ES,Towers with Radar,42,15,25,32,114,0,4,34,21,59,42,19,59,53,173,97,0,97,270
06/29/2020,PNS,FL,ASO,ES,Towers with Radar,43,14,22,37,116,0,3,48,19,70,43,17,70,56,186,126,0,126,312
06/30/2020,PNS,FL,ASO,ES,Towers with Radar,42,15,27,56,140,0,2,66,53,121,42,17,93,109,261,168,0,168,429
07/01/2020,PNS,FL,ASO,ES,Towers with Radar,43,14,38,44,139,0,3,51,29,83,43,17,89,73,222,156,0,156,378
07/02/2020,PNS,FL,ASO,ES,Towers with Radar,50,18,35,41,144,0,2,54,36,92,50,20,89,77,236,180,0,180,416
07/03/2020,PNS,FL,ASO,ES,Towers with Radar,47,19,20,0,86,0,4,54,0,58,47,23,74,0,144,146,0,146,290
07/04/2020,PNS,FL,ASO,ES,Towers with Radar,42,10,13,0,65,0,3,16,2,21,42,13,29,2,86,28,0,28,114
07/05/2020,PNS,FL,ASO,ES,Towers with Radar,49,10,29,0,88,0,4,14,0,18,49,14,43,0,106,56,0,56,162
07/06/2020,PNS,FL,ASO,ES,Towers with Radar,48,18,27,2,95,0,5,19,0,24,48,23,46,2,119,52,0,52,171
07/07/2020,PNS,FL,ASO,ES,Towers with Radar,52,20,19,9,100,0,2,38,3,43,52,22,57,12,143,149,0,149,292
07/08/2020,PNS,FL,ASO,ES,Towers with Radar,53,11,41,17,122,0,1,69,24,94,53,12,110,41,216,90,0,90,306
07/09/2020,PNS,FL,ASO,ES,Towers with Radar,62,21,57,25,165,0,6,80,26,112,62,27,137,51,277,244,0,244,521
07/10/2020,PNS,FL,ASO,ES,Towers with Radar,62,24,35,56,177,0,1,82,57,140,62,25,117,113,317,106,0,106,423
07/11/2020,PNS,FL,ASO,ES,Towers with Radar,65,14,16,26,121,0,5,94,31,130,65,19,110,57,251,126,4,130,381
07/12/2020,PNS,FL,ASO,ES,Towers with Radar,58,12,38,18,126,0,1,69,24,94,58,13,107,42,220,97,0,97,317
07/13/2020,PNS,FL,ASO,ES,Towers with Radar,59,17,24,37,137,0,0,47,31,78,59,17,71,68,215,137,0,137,352
07/14/2020,PNS,FL,ASO,ES,Towers with Radar,52,14,29,48,143,0,6,48,24,78,52,20,77,72,221,173,0,173,394
07/15/2020,PNS,FL,ASO,ES,Towers with Radar,53,14,20,18,105,0,0,19,18,37,53,14,39,36,142,34,0,34,176
07/16/2020,PNS,FL,ASO,ES,Towers with Radar,59,20,47,55,181,0,10,77,40,127,59,30,124,95,308,202,6,208,516
07/17/2020,PNS,FL,ASO,ES,Towers with Radar,62,20,45,66,193,0,2,80,42,124,62,22,125,108,317,159,0,159,476
07/18/2020,PNS,FL,ASO,ES,Towers with Radar,63,9,24,20,116,0,11,50,31,92,63,20,74,51,208,166,2,168,376
07/19/2020,PNS,FL,ASO,ES,Towers with Radar,62,10,37,17,126,0,2,56,21,79,62,12,93,38,205,198,0,198,403
07/20/2020,PNS,FL,ASO,ES,Towers with Radar,58,14,41,60,173,0,3,43,37,83,58,17,84,97,256,168,0,168,424
07/21/2020,PNS,FL,ASO,ES,Towers with Radar,54,15,29,59,157,0,5,47,37,89,54,20,76,96,246,144,0,144,390
07/22/2020,PNS,FL,ASO,ES,Towers with Radar,55,14,30,41,140,0,0,33,29,62,55,14,63,70,202,180,0,180,382
07/23/2020,PNS,FL,ASO,ES,Towers with Radar,60,19,32,48,159,0,1,12,35,48,60,20,44,83,207,53,7,60,267
07/24/2020,PNS,FL,ASO,ES,Towers with Radar,61,25,17,15,118,0,0,3,24,27,61,25,20,39,145,0,0,0,145
07/25/2020,PNS,FL,ASO,ES,Towers with Radar,66,11,14,17,108,0,7,27,36,70,66,18,41,53,178,77,7,84,262
07/26/2020,PNS,FL,ASO,ES,Towers with Radar,59,10,19,21,109,0,5,46,24,75,59,15,65,45,184,125,0,125,309
07/27/2020,PNS,FL,ASO,ES,Towers with Radar,59,18,19,25,121,0,0,21,23,44,59,18,40,48,165,92,0,92,257
07/28/2020,PNS,FL,ASO,ES,Towers with Radar,51,15,18,19,103,0,0,14,6,20,51,15,32,25,123,10,0,10,133
07/29/2020,PNS,FL,ASO,ES,Towers with Radar,55,14,22,70,161,0,9,28,14,51,55,23,50,84,212,46,0,46,258
07/30/2020,PNS,FL,ASO,ES,Towers with Radar,60,18,36,62,176,0,7,62,70,139,60,25,98,132,315,149,0,149,464
07/31/2020,PNS,FL,ASO,ES,Towers with Radar,60,22,43,46,171,0,9,81,56,146,60,31,124,102,317,44,0,44,361
08/01/2020,PNS,FL,ASO,ES,Towers with Radar,65,11,29,20,125,0,4,61,36,101,65,15,90,56,226,72,6,78,304
08/02/2020,PNS,FL,ASO,ES,Towers with Radar,63,11,24,26,124,0,6,43,35,84,63,17,67,61,208,146,0,146,354
08/03/2020,PNS,FL,ASO,ES,Towers with Radar,67,21,32,53,173,0,10,60,38,108,67,31,92,91,281,178,6,184,465
08/04/2020,PNS,FL,ASO,ES,Towers with Radar,56,12,30,60,158,0,7,61,46,114,56,19,91,106,272,93,0,93,365
08/05/2020,PNS,FL,ASO,ES,Towers with Radar,56,16,33,54,159,0,6,69,40,115,56,22,102,94,274,126,0,126,400
08/06/2020,PNS,FL,ASO,ES,Towers with Radar,67,19,40,63,189,0,9,52,37,98,67,28,92,100,287,138,0,138,425
08/07/2020,PNS,FL,ASO,ES,Towers with Radar,66,18,26,53,163,0,10,52,59,121,66,28,78,112,284,78,0,78,362
08/08/2020,PNS,FL,ASO,ES,Towers with Radar,67,9,13,19,108,0,4,42,49,95,67,13,55,68,203,8,0,8,211
08/09/2020,PNS,FL,ASO,ES,Towers with Radar,65,9,25,17,116,0,9,25,37,71,65,18,50,54,187,30,0,30,217
08/10/2020,PNS,FL,ASO,ES,Towers with Radar,63,15,17,25,120,0,2,38,34,74,63,17,55,59,194,46,0,46,240
08/11/2020,PNS,FL,ASO,ES,Towers with Radar,54,13,25,29,121,0,1,43,24,68,54,14,68,53,189,54,0,54,243
08/12/2020,PNS,FL,ASO,ES,Towers with Radar,50,18,30,58,156,0,7,59,32,98,50,25,89,90,254,94,0,94,348
08/13/2020,PNS,FL,ASO,ES,Towers with Radar,69,16,28,67,180,0,1,43,52,96,69,17,71,119,276,74,0,74,350
08/14/2020,PNS,FL,ASO,ES,Towers with Radar,60,20,29,58,167,0,7,38,46,91,60,27,67,104,258,81,0,81,339
08/15/2020,PNS,FL,ASO,ES,Towers with Radar,63,9,21,30,123,0,4,39,58,101,63,13,60,88,224,27,32,59,283
08/16/2020,PNS,FL,ASO,ES,Towers with Radar,59,14,27,19,119,0,7,38,30,75,59,21,65,49,194,58,0,58,252
08/17/2020,PNS,FL,ASO,ES,Towers with Radar,61,16,33,66,176,0,1,66,66,133,61,17,99,132,309,80,0,80,389
08/18/2020,PNS,FL,ASO,ES,Towers with Radar,53,17,32,38,140,0,11,33,30,74,53,28,65,68,214,128,2,130,344
08/19/2020,PNS,FL,ASO,ES,Towers with Radar,55,15,17,56,143,0,0,44,28,72,55,15,61,84,215,86,0,86,301
08/20/2020,PNS,FL,ASO,ES,Towers with Radar,65,18,14,52,149,0,1,25,39,65,65,19,39,91,214,64,0,64,278
08/21/2020,PNS,FL,ASO,ES,Towers with Radar,64,20,31,49,164,0,9,65,57,131,64,29,96,106,295,78,0,78,373
08/22/2020,PNS,FL,ASO,ES,Towers with Radar,67,16,21,26,130,0,5,38,42,85,67,21,59,68,215,67,23,90,305
08/23/2020,PNS,FL,ASO,ES,Towers with Radar,60,14,18,21,113,0,0,2,13,15,60,14,20,34,128,0,0,0,128
08/24/2020,PNS,FL,ASO,ES,Towers with Radar,65,20,7,0,92,0,0,0,0,0,65,20,7,0,92,0,0,0,92
08/25/2020,PNS,FL,ASO,ES,Towers with Radar,54,14,20,47,135,0,5,22,30,57,54,19,42,77,192,26,0,26,218
08/26/2020,PNS,FL,ASO,ES,Towers with Radar,52,13,20,39,124,0,6,21,7,34,52,19,41,46,158,46,0,46,204
08/27/2020,PNS,FL,ASO,ES,Towers with Radar,61,17,24,75,177,0,4,28,39,71,61,21,52,114,248,52,0,52,300
08/28/2020,PNS,FL,ASO,ES,Towers with Radar,64,18,25,48,155,0,4,34,31,69,64,22,59,79,224,38,0,38,262
08/29/2020,PNS,FL,ASO,ES,Towers with Radar,68,11,15,20,114,0,1,15,44,60,68,12,30,64,174,46,6,52,226
08/30/2020,PNS,FL,ASO,ES,Towers with Radar,64,10,23,15,112,0,1,20,44,65,64,11,43,59,177,6,0,6,183
08/31/2020,PNS,FL,ASO,ES,Towers with Radar,65,19,24,31,139,0,5,34,17,56,65,24,58,48,195,62,0,62,257
09/01/2020,PNS,FL,ASO,ES,Towers with Radar,53,14,20,69,156,0,3,29,64,96,53,17,49,133,252,45,5,50,302
09/02/2020,PNS,FL,ASO,ES,Towers with Radar,53,16,44,43,156,0,9,57,21,87,53,25,101,64,243,28,0,28,271
09/03/2020,PNS,FL,ASO,ES,Towers with Radar,68,17,34,29,148,0,12,64,23,99,68,29,98,52,247,113,0,113,360
09/04/2020,PNS,FL,ASO,ES,Towers with Radar,71,17,46,2,136,0,3,68,12,83,71,20,114,14,219,106,0,106,325
09/05/2020,PNS,FL,ASO,ES,Towers with Radar,63,9,24,0,96,0,5,47,6,58,63,14,71,6,154,88,0,88,242
09/06/2020,PNS,FL,ASO,ES,Towers with Radar,47,7,8,0,62,0,13,29,0,42,47,20,37,0,104,22,0,22,126
09/07/2020,PNS,FL,ASO,ES,Towers with Radar,68,13,32,0,113,0,4,46,4,54,68,17,78,4,167,44,0,44,211
09/08/2020,PNS,FL,ASO,ES,Towers with Radar,55,15,32,85,187,0,4,46,44,94,55,19,78,129,281,81,0,81,362
09/09/2020,PNS,FL,ASO,ES,Towers with Radar,50,23,28,25,126,0,4,73,40,117,50,27,101,65,243,76,0,76,319
09/10/2020,PNS,FL,ASO,ES,Towers with Radar,60,14,43,56,173,0,4,60,59,123,60,18,103,115,296,38,0,38,334
09/11/2020,PNS,FL,ASO,ES,Towers with Radar,63,16,31,69,179,0,0,18,51,69,63,16,49,120,248,18,0,18,266
09/12/2020,PNS,FL,ASO,ES,Towers with Radar,56,8,18,69,151,0,3,28,54,85,56,11,46,123,236,45,0,45,281
09/13/2020,PNS,FL,ASO,ES,Towers with Radar,56,7,28,2,93,0,4,7,6,17,56,11,35,8,110,4,0,4,114
09/14/2020,PNS,FL,ASO,ES,Towers with Radar,48,8,8,0,64,0,0,5,0,5,48,8,13,0,69,0,0,0,69
09/15/2020,PNS,FL,ASO,ES,Towers with Radar,0,0,0,0,0,0,0,0,0,0,0,0,0,0,0,0,0,0,0
09/16/2020,PNS,FL,ASO,ES,Towers with Radar,0,0,0,0,0,0,0,0,0,0,0,0,0,0,0,0,0,0,0
09/17/2020,PNS,FL,ASO,ES,Towers with Radar,0,1,5,2,8,0,5,10,12,27,0,6,15,14,35,0,0,0,35
09/18/2020,PNS,FL,ASO,ES,Towers with Radar,30,16,20,0,66,0,6,25,6,37,30,22,45,6,103,0,0,0,103
09/19/2020,PNS,FL,ASO,ES,Towers with Radar,65,11,28,0,104,1,2,22,6,31,66,13,50,6,135,53,0,53,188
09/20/2020,PNS,FL,ASO,ES,Towers with Radar,61,6,17,0,84,0,0,2,0,2,61,6,19,0,86,0,0,0,86
09/21/2020,PNS,FL,ASO,ES,Towers with Radar,63,14,25,2,104,0,5,7,6,18,63,19,32,8,122,10,0,10,132
09/22/2020,PNS,FL,ASO,ES,Towers with Radar,49,15,35,37,136,0,13,37,32,82,49,28,72,69,218,41,0,41,259
09/23/2020,PNS,FL,ASO,ES,Towers with Radar,54,14,21,32,121,0,8,15,17,40,54,22,36,49,161,62,0,62,223
09/24/2020,PNS,FL,ASO,ES,Towers with Radar,60,14,26,43,143,0,6,5,23,34,60,20,31,66,177,0,0,0,177
09/25/2020,PNS,FL,ASO,ES,Towers with Radar,59,14,38,39,150,0,10,48,25,83,59,24,86,64,233,94,0,94,327
09/26/2020,PNS,FL,ASO,ES,Towers with Radar,56,14,35,23,128,0,15,52,27,94,56,29,87,50,222,20,2,22,244
09/27/2020,PNS,FL,ASO,ES,Towers with Radar,58,5,21,13,97,0,7,18,19,44,58,12,39,32,141,12,0,12,153
09/28/2020,PNS,FL,ASO,ES,Towers with Radar,59,13,21,44,137,0,3,28,37,68,59,16,49,81,205,96,0,96,301
09/29/2020,PNS,FL,ASO,ES,Towers with Radar,48,13,26,34,121,0,2,32,58,92,48,15,58,92,213,78,0,78,291
09/30/2020,PNS,FL,ASO,ES,Towers with Radar,57,11,40,39,147,0,5,55,34,94,57,16,95,73,241,129,0,129,370
10/01/2020,PNS,FL,ASO,ES,Towers with Radar,64,17,45,37,163,0,7,50,55,112,64,24,95,92,275,117,0,117,392
10/02/2020,PNS,FL,ASO,ES,Towers with Radar,59,16,26,29,130,0,7,50,50,107,59,23,76,79,237,82,0,82,319
10/03/2020,PNS,FL,ASO,ES,Towers with Radar,54,13,20,8,95,0,5,49,26,80,54,18,69,34,175,100,8,108,283
10/04/2020,PNS,FL,ASO,ES,Towers with Radar,62,10,26,17,115,0,4,38,26,68,62,14,64,43,183,96,0,96,279
10/05/2020,PNS,FL,ASO,ES,Towers with Radar,60,11,31,40,142,0,7,58,58,123,60,18,89,98,265,142,0,142,407
10/06/2020,PNS,FL,ASO,ES,Towers with Radar,47,14,33,48,142,0,8,28,31,67,47,22,61,79,209,127,0,127,336
10/07/2020,PNS,FL,ASO,ES,Towers with Radar,48,18,23,7,96,0,7,41,30,78,48,25,64,37,174,20,0,20,194
10/08/2020,PNS,FL,ASO,ES,Towers with Radar,58,16,30,0,104,0,2,25,29,56,58,18,55,29,160,103,0,103,263
10/09/2020,PNS,FL,ASO,ES,Towers with Radar,61,11,14,4,90,0,0,2,4,6,61,11,16,8,96,0,0,0,96
10/10/2020,PNS,FL,ASO,ES,Towers with Radar,54,11,6,0,71,0,3,3,2,8,54,14,9,2,79,0,0,0,79
10/11/2020,PNS,FL,ASO,ES,Towers with Radar,58,4,46,0,108,0,3,27,4,34,58,7,73,4,142,74,0,74,216
10/12/2020,PNS,FL,ASO,ES,Towers with Radar,61,13,33,0,107,0,0,49,23,72,61,13,82,23,179,132,0,132,311
10/13/2020,PNS,FL,ASO,ES,Towers with Radar,46,14,28,32,120,0,3,54,56,113,46,17,82,88,233,167,0,167,400
10/14/2020,PNS,FL,ASO,ES,Towers with Radar,48,14,48,72,182,0,10,47,58,115,48,24,95,130,297,233,0,233,530
10/15/2020,PNS,FL,ASO,ES,Towers with Radar,58,15,44,67,184,0,6,47,32,85,58,21,91,99,269,137,0,137,406
10/16/2020,PNS,FL,ASO,ES,Towers with Radar,60,14,36,37,147,0,7,26,43,76,60,21,62,80,223,57,0,57,280
10/17/2020,PNS,FL,ASO,ES,Towers with Radar,57,11,26,17,111,0,6,50,38,94,57,17,76,55,205,95,0,95,300
10/18/2020,PNS,FL,ASO,ES,Towers with Radar,58,6,30,24,118,0,8,41,15,64,58,14,71,39,182,118,0,118,300
10/19/2020,PNS,FL,ASO,ES,Towers with Radar,57,11,30,17,115,0,7,35,26,68,57,18,65,43,183,105,0,105,288
10/20/2020,PNS,FL,ASO,ES,Towers with Radar,47,18,46,25,136,0,13,40,53,106,47,31,86,78,242,226,0,226,468
10/21/2020,PNS,FL,ASO,ES,Towers with Radar,48,18,31,24,121,0,8,40,30,78,48,26,71,54,199,177,0,177,376
10/22/2020,PNS,FL,ASO,ES,Towers with Radar,58,13,45,31,147,0,6,27,18,51,58,19,72,49,198,114,0,114,312
10/23/2020,PNS,FL,ASO,ES,Towers with Radar,58,18,23,28,127,0,5,10,40,55,58,23,33,68,182,10,0,10,192
10/24/2020,PNS,FL,ASO,ES,Towers with Radar,48,16,22,3,89,0,3,10,4,17,48,19,32,7,106,42,0,42,148
10/25/2020,PNS,FL,ASO,ES,Towers with Radar,51,6,29,18,104,0,4,23,21,48,51,10,52,39,152,26,0,26,178
10/26/2020,PNS,FL,ASO,ES,Towers with Radar,54,12,25,8,99,0,8,47,16,71,54,20,72,24,170,131,0,131,301
10/27/2020,PNS,FL,ASO,ES,Towers with Radar,39,10,53,0,102,0,1,3,1,5,39,11,56,1,107,0,0,0,107
10/28/2020,PNS,FL,ASO,ES,Towers with Radar,33,9,9,0,51,0,0,0,0,0,33,9,9,0,51,0,0,0,51
10/29/2020,PNS,FL,ASO,ES,Towers with Radar,50,13,22,11,96,0,2,15,10,27,50,15,37,21,123,14,26,40,163
10/30/2020,PNS,FL,ASO,ES,Towers with Radar,52,12,34,34,132,0,6,30,47,83,52,18,64,81,215,101,0,101,316
10/31/2020,PNS,FL,ASO,ES,Towers with Radar,34,10,15,3,62,0,2,55,33,90,34,12,70,36,152,75,16,91,243
11/01/2020,PNS,FL,ASO,ES,Towers with Radar,45,7,33,1,86,0,7,29,33,69,45,14,62,34,155,135,0,135,290
11/02/2020,PNS,FL,ASO,ES,Towers with Radar,49,11,22,39,121,0,5,41,68,114,49,16,63,107,235,87,0,87,322
11/03/2020,PNS,FL,ASO,ES,Towers with Radar,40,17,22,26,105,0,2,40,73,115,40,19,62,99,220,124,0,124,344
11/04/2020,PNS,FL,ASO,ES,Towers with Radar,39,17,46,20,122,0,2,55,53,110,39,19,101,73,232,124,0,124,356
11/05/2020,PNS,FL,ASO,ES,Towers with Radar,49,17,39,54,159,0,4,36,70,110,49,21,75,124,269,42,8,50,319
11/06/2020,PNS,FL,ASO,ES,Towers with Radar,55,18,34,47,154,0,6,53,65,124,55,24,87,112,278,73,0,73,351
11/07/2020,PNS,FL,ASO,ES,Towers with Radar,43,14,33,25,115,0,6,28,33,67,43,20,61,58,182,92,0,92,274
11/08/2020,PNS,FL,ASO,ES,Towers with Radar,56,9,30,34,129,0,4,24,36,64,56,13,54,70,193,42,10,52,245
11/09/2020,PNS,FL,ASO,ES,Towers with Radar,53,14,17,56,140,0,8,35,69,112,53,22,52,125,252,94,0,94,346
11/10/2020,PNS,FL,ASO,ES,Towers with Radar,40,17,33,38,128,0,0,9,32,41,40,17,42,70,169,70,4,74,243
11/11/2020,PNS,FL,ASO,ES,Towers with Radar,42,17,26,7,92,0,0,7,17,24,42,17,33,24,116,32,0,32,148
11/12/2020,PNS,FL,ASO,ES,Towers with Radar,54,17,43,40,154,0,3,44,74,121,54,20,87,114,275,87,0,87,362
11/13/2020,PNS,FL,ASO,ES,Towers with Radar,56,14,28,63,161,0,4,48,91,143,56,18,76,154,304,81,0,81,385
11/14/2020,PNS,FL,ASO,ES,Towers with Radar,47,12,23,23,105,0,3,49,30,82,47,15,72,53,187,32,0,32,219
11/15/2020,PNS,FL,ASO,ES,Towers with Radar,53,9,24,3,89,0,2,20,16,38,53,11,44,19,127,0,0,0,127
11/16/2020,PNS,FL,ASO,ES,Towers with Radar,54,19,28,24,125,0,5,48,56,109,54,24,76,80,234,52,0,52,286
11/17/2020,PNS,FL,ASO,ES,Towers with Radar,41,8,26,45,120,0,8,45,74,127,41,16,71,119,247,101,0,101,348
11/18/2020,PNS,FL,ASO,ES,Towers with Radar,42,18,43,52,155,0,2,44,70,116,42,20,87,122,271,64,0,64,335
11/19/2020,PNS,FL,ASO,ES,Towers with Radar,55,20,25,35,135,0,6,39,58,103,55,26,64,93,238,55,8,63,301
11/20/2020,PNS,FL,ASO,ES,Towers with Radar,60,22,36,60,178,0,8,41,93,142,60,30,77,153,320,83,6,89,409
11/21/2020,PNS,FL,ASO,ES,Towers with Radar,53,16,29,24,122,1,4,42,66,113,54,20,71,90,235,87,0,87,322
11/22/2020,PNS,FL,ASO,ES,Towers with Radar,58,19,29,46,152,0,0,53,28,81,58,19,82,74,233,68,0,68,301
11/23/2020,PNS,FL,ASO,ES,Towers with Radar,49,20,28,46,143,0,2,23,49,74,49,22,51,95,217,30,0,30,247
11/24/2020,PNS,FL,ASO,ES,Towers with Radar,61,19,31,12,123,0,6,49,55,110,61,25,80,67,233,52,0,52,285
11/25/2020,PNS,FL,ASO,ES,Towers with Radar,61,20,24,12,117,0,2,19,28,49,61,22,43,40,166,6,0,6,172
11/26/2020,PNS,FL,ASO,ES,Towers with Radar,24,8,4,0,36,0,2,8,0,10,24,10,12,0,46,0,0,0,46
11/27/2020,PNS,FL,ASO,ES,Towers with Radar,56,20,14,0,90,0,2,4,0,6,56,22,18,0,96,0,0,0,96
11/28/2020,PNS,FL,ASO,ES,Towers with Radar,59,13,43,0,115,0,2,20,2,24,59,15,63,2,139,14,0,14,153
11/29/2020,PNS,FL,ASO,ES,Towers with Radar,58,9,7,0,74,0,0,1,0,1,58,9,8,0,75,0,0,0,75
11/30/2020,PNS,FL,ASO,ES,Towers with Radar,59,20,17,36,132,0,7,17,44,68,59,27,34,80,200,10,0,10,210
12/01/2020,PNS,FL,ASO,ES,Towers with Radar,51,12,23,16,102,0,6,61,46,113,51,18,84,62,215,4,0,4,219
12/02/2020,PNS,FL,ASO,ES,Towers with Radar,44,19,36,24,123,0,8,42,52,102,44,27,78,76,225,78,0,78,303
12/03/2020,PNS,FL,ASO,ES,Towers with Radar,51,18,35,27,131,0,2,26,37,65,51,20,61,64,196,40,0,40,236
12/04/2020,PNS,FL,ASO,ES,Towers with Radar,54,19,39,29,141,0,4,3,3,10,54,23,42,32,151,0,0,0,151
12/05/2020,PNS,FL,ASO,ES,Towers with Radar,43,13,32,21,109,0,6,42,69,117,43,19,74,90,226,0,0,0,226
12/06/2020,PNS,FL,ASO,ES,Towers with Radar,52,10,34,15,111,0,4,34,21,59,52,14,68,36,170,0,0,0,170
12/07/2020,PNS,FL,ASO,ES,Towers with Radar,53,23,21,12,109,0,6,38,44,88,53,29,59,56,197,0,0,0,197
12/08/2020,PNS,FL,ASO,ES,Towers with Radar,42,14,19,6,81,0,4,58,39,101,42,18,77,45,182,0,0,0,182
12/09/2020,PNS,FL,ASO,ES,Towers with Radar,46,16,29,11,102,0,4,71,34,109,46,20,100,45,211,0,0,0,211
12/10/2020,PNS,FL,ASO,ES,Towers with Radar,51,23,33,0,107,0,2,51,25,78,51,25,84,25,185,0,0,0,185
12/11/2020,PNS,FL,ASO,ES,Towers with Radar,54,25,24,22,125,0,5,56,56,117,54,30,80,78,242,0,0,0,242
12/12/2020,PNS,FL,ASO,ES,Towers with Radar,42,14,12,27,95,0,0,19,26,45,42,14,31,53,140,0,0,0,140
12/13/2020,PNS,FL,ASO,ES,Towers with Radar,51,12,24,18,105,0,2,7,8,17,51,14,31,26,122,0,0,0,122
12/14/2020,PNS,FL,ASO,ES,Towers with Radar,52,15,21,3,91,0,3,2,15,20,52,18,23,18,111,0,0,0,111
12/15/2020,PNS,FL,ASO,ES,Towers with Radar,41,22,25,5,93,0,1,37,36,74,41,23,62,41,167,0,0,0,167
12/16/2020,PNS,FL,ASO,ES,Towers with Radar,44,16,11,8,79,0,0,0,1,1,44,16,11,9,80,0,0,0,80
12/17/2020,PNS,FL,ASO,ES,Towers with Radar,52,24,18,4,98,0,7,49,27,83,52,31,67,31,181,0,0,0,181
12/18/2020,PNS,FL,ASO,ES,Towers with Radar,54,25,29,9,117,0,0,58,49,107,54,25,87,58,224,0,0,0,224
12/19/2020,PNS,FL,ASO,ES,Towers with Radar,58,20,25,9,112,0,2,52,35,89,58,22,77,44,201,0,0,0,201
12/20/2020,PNS,FL,ASO,ES,Towers with Radar,56,28,11,10,105,0,0,1,1,2,56,28,12,11,107,0,0,0,107
12/21/2020,PNS,FL,ASO,ES,Towers with Radar,59,25,21,0,105,0,0,57,43,100,59,25,78,43,205,0,0,0,205
12/22/2020,PNS,FL,ASO,ES,Towers with Radar,53,29,26,8,116,0,5,80,37,122,53,34,106,45,238,0,0,0,238
12/23/2020,PNS,FL,ASO,ES,Towers with Radar,52,28,33,1,114,0,2,41,29,72,52,30,74,30,186,0,0,0,186
12/24/2020,PNS,FL,ASO,ES,Towers with Radar,40,27,8,0,75,0,4,0,0,4,40,31,8,0,79,0,0,0,79
12/25/2020,PNS,FL,ASO,ES,Towers with Radar,27,7,8,0,42,0,0,7,0,7,27,7,15,0,49,0,0,0,49
12/26/2020,PNS,FL,ASO,ES,Towers with Radar,52,28,28,0,108,0,1,38,16,55,52,29,66,16,163,0,0,0,163
12/27/2020,PNS,FL,ASO,ES,Towers with Radar,56,18,28,0,102,0,9,42,10,61,56,27,70,10,163,0,0,0,163
12/28/2020,PNS,FL,ASO,ES,Towers with Radar,54,24,21,5,104,0,2,36,38,76,54,26,57,43,180,0,0,0,180
12/29/2020,PNS,FL,ASO,ES,Towers with Radar,56,32,18,4,110,0,1,53,41,95,56,33,71,45,205,0,0,0,205
12/30/2020,PNS,FL,ASO,ES,Towers with Radar,56,32,24,3,115,0,4,21,22,47,56,36,45,25,162,0,0,0,162
12/31/2020,PNS,FL,ASO,ES,Towers with Radar,45,21,9,0,75,0,0,0,0,0,45,21,9,0,75,0,0,0,75
01/01/2021,PNS,FL,ASO,ES,Towers with Radar,43,13,16,0,72,0,3,7,2,12,43,16,23,2,84,0,0,0,84
01/02/2021,PNS,FL,ASO,ES,Towers with Radar,58,26,32,0,116,0,4,35,6,45,58,30,67,6,161,0,0,0,161
01/03/2021,PNS,FL,ASO,ES,Towers with Radar,55,20,27,0,102,0,2,52,18,72,55,22,79,18,174,0,0,0,174
01/04/2021,PNS,FL,ASO,ES,Towers with Radar,55,24,20,3,102,0,5,35,30,70,55,29,55,33,172,0,0,0,172
01/05/2021,PNS,FL,ASO,ES,Towers with Radar,39,18,18,1,76,0,7,51,36,94,39,25,69,37,170,0,0,0,170
01/06/2021,PNS,FL,ASO,ES,Towers with Radar,41,17,34,4,96,0,2,44,43,89,41,19,78,47,185,0,0,0,185
01/07/2021,PNS,FL,ASO,ES,Towers with Radar,46,22,8,0,76,0,7,6,20,33,46,29,14,20,109,0,0,0,109
01/08/2021,PNS,FL,ASO,ES,Towers with Radar,51,28,20,16,115,0,4,5,20,29,51,32,25,36,144,0,0,0,144
01/09/2021,PNS,FL,ASO,ES,Towers with Radar,41,11,19,8,79,0,6,52,29,87,41,17,71,37,166,0,0,0,166
01/10/2021,PNS,FL,ASO,ES,Towers with Radar,43,14,17,7,81,0,3,20,16,39,43,17,37,23,120,0,0,0,120
01/11/2021,PNS,FL,ASO,ES,Towers with Radar,46,17,9,0,72,0,0,0,0,0,46,17,9,0,72,0,0,0,72
01/12/2021,PNS,FL,ASO,ES,Towers with Radar,39,18,21,3,81,0,2,7,8,17,39,20,28,11,98,0,0,0,98
01/13/2021,PNS,FL,ASO,ES,Towers with Radar,43,14,16,4,77,0,5,35,44,84,43,19,51,48,161,0,0,0,161
01/14/2021,PNS,FL,ASO,ES,Towers with Radar,46,21,29,7,103,0,1,54,44,99,46,22,83,51,202,0,0,0,202
01/15/2021,PNS,FL,ASO,ES,Towers with Radar,52,23,25,12,112,0,8,57,46,111,52,31,82,58,223,0,0,0,223
01/16/2021,PNS,FL,ASO,ES,Towers with Radar,41,20,18,5,84,0,3,40,38,81,41,23,58,43,165,0,0,0,165
01/17/2021,PNS,FL,ASO,ES,Towers with Radar,46,15,29,0,90,0,5,42,12,59,46,20,71,12,149,0,0,0,149
01/18/2021,PNS,FL,ASO,ES,Towers with Radar,46,17,22,2,87,0,7,53,22,82,46,24,75,24,169,0,0,0,169
01/19/2021,PNS,FL,ASO,ES,Towers with Radar,38,18,17,5,78,0,5,59,41,105,38,23,76,46,183,0,0,0,183
01/20/2021,PNS,FL,ASO,ES,Towers with Radar,43,20,37,3,103,0,4,59,33,96,43,24,96,36,199,0,0,0,199
01/21/2021,PNS,FL,ASO,ES,Towers with Radar,46,24,24,3,97,0,0,32,23,55,46,24,56,26,152,0,0,0,152
01/22/2021,PNS,FL,ASO,ES,Towers with Radar,52,22,24,23,121,0,0,1,2,3,52,22,25,25,124,0,0,0,124
01/23/2021,PNS,FL,ASO,ES,Towers with Radar,41,15,17,19,92,0,7,43,48,98,41,22,60,67,190,0,0,0,190
01/24/2021,PNS,FL,ASO,ES,Towers with Radar,48,12,17,41,118,0,0,0,3,3,48,12,17,44,121,0,0,0,121
01/25/2021,PNS,FL,ASO,ES,Towers with Radar,49,20,17,0,86,0,0,0,0,0,49,20,17,0,86,0,0,0,86
01/26/2021,PNS,FL,ASO,ES,Towers with Radar,38,20,18,7,83,0,0,0,12,12,38,20,18,19,95,0,0,0,95
01/27/2021,PNS,FL,ASO,ES,Towers with Radar,40,21,17,4,82,0,4,6,4,14,40,25,23,8,96,0,0,0,96
01/28/2021,PNS,FL,ASO,ES,Towers with Radar,39,24,29,6,98,0,5,44,45,94,39,29,73,51,192,0,0,0,192
01/29/2021,PNS,FL,ASO,ES,Towers with Radar,50,16,20,20,106,0,3,81,54,138,50,19,101,74,244,0,0,0,244
01/30/2021,PNS,FL,ASO,ES,Towers with Radar,41,11,18,17,87,0,2,53,64,119,41,13,71,81,206,0,0,0,206
01/31/2021,PNS,FL,ASO,ES,Towers with Radar,47,12,19,29,107,0,2,9,4,15,47,14,28,33,122,0,0,0,122
02/01/2021,PNS,FL,ASO,ES,Towers with Radar,47,22,14,9,92,0,11,3,18,32,47,33,17,27,124,0,0,0,124
02/02/2021,PNS,FL,ASO,ES,Towers with Radar,38,14,21,7,80,0,4,43,50,97,38,18,64,57,177,0,0,0,177
02/03/2021,PNS,FL,ASO,ES,Towers with Radar,36,20,34,10,100,0,1,52,37,90,36,21,86,47,190,0,0,0,190
02/04/2021,PNS,FL,ASO,ES,Towers with Radar,46,19,31,11,107,0,2,29,51,82,46,21,60,62,189,0,0,0,189
02/05/2021,PNS,FL,ASO,ES,Towers with Radar,51,21,19,21,112,0,0,9,23,32,51,21,28,44,144,0,0,0,144
02/06/2021,PNS,FL,ASO,ES,Towers with Radar,41,13,12,4,70,0,0,0,0,0,41,13,12,4,70,0,0,0,70
02/07/2021,PNS,FL,ASO,ES,Towers with Radar,43,14,19,11,87,0,3,24,24,51,43,17,43,35,138,0,0,0,138
02/08/2021,PNS,FL,ASO,ES,Towers with Radar,47,19,38,13,117,0,4,35,54,93,47,23,73,67,210,0,0,0,210
02/09/2021,PNS,FL,ASO,ES,Towers with Radar,39,17,20,27,103,0,0,1,2,3,39,17,21,29,106,0,0,0,106
02/10/2021,PNS,FL,ASO,ES,Towers with Radar,31,15,18,4,68,0,0,0,0,0,31,15,18,4,68,0,0,0,68
02/11/2021,PNS,FL,ASO,ES,Towers with Radar,45,15,14,9,83,0,2,1,0,3,45,17,15,9,86,0,0,0,86
02/12/2021,PNS,FL,ASO,ES,Towers with Radar,52,24,10,4,90,0,0,1,1,2,52,24,11,5,92,0,0,0,92
02/13/2021,PNS,FL,ASO,ES,Towers with Radar,46,19,8,8,81,0,0,1,3,4,46,19,9,11,85,0,0,0,85
02/14/2021,PNS,FL,ASO,ES,Towers with Radar,35,15,18,12,80,0,0,0,1,1,35,15,18,13,81,0,0,0,81
02/15/2021,PNS,FL,ASO,ES,Towers with Radar,37,12,11,0,60,0,0,2,0,2,37,12,13,0,62,0,0,0,62
02/16/2021,PNS,FL,ASO,ES,Towers with Radar,28,17,14,0,59,0,6,38,10,54,28,23,52,10,113,118,0,118,231
02/17/2021,PNS,FL,ASO,ES,Towers with Radar,35,17,28,19,99,0,2,21,47,70,35,19,49,66,169,22,0,22,191
02/18/2021,PNS,FL,ASO,ES,Towers with Radar,37,17,29,10,93,0,2,3,0,5,37,19,32,10,98,11,0,11,109
02/19/2021,PNS,FL,ASO,ES,Towers with Radar,46,17,43,20,126,0,5,43,46,94,46,22,86,66,220,61,0,61,281
02/20/2021,PNS,FL,ASO,ES,Towers with Radar,46,16,24,21,107,0,2,85,85,172,46,18,109,106,279,156,0,156,435
02/21/2021,PNS,FL,ASO,ES,Towers with Radar,45,17,39,21,122,0,2,72,43,117,45,19,111,64,239,34,0,34,273
02/22/2021,PNS,FL,ASO,ES,Towers with Radar,46,25,22,26,119,0,1,47,56,104,46,26,69,82,223,108,0,108,331
02/23/2021,PNS,FL,ASO,ES,Towers with Radar,40,24,30,26,120,0,5,60,55,120,40,29,90,81,240,78,0,78,318
02/24/2021,PNS,FL,ASO,ES,Towers with Radar,40,22,42,24,128,0,6,61,44,111,40,28,103,68,239,243,0,243,482
02/25/2021,PNS,FL,ASO,ES,Towers with Radar,52,24,41,15,132,0,0,39,37,76,52,24,80,52,208,90,0,90,298
02/26/2021,PNS,FL,ASO,ES,Towers with Radar,52,23,35,48,158,0,5,29,31,65,52,28,64,79,223,56,10,66,289
02/27/2021,PNS,FL,ASO,ES,Towers with Radar,48,13,24,13,98,0,0,0,0,0,48,13,24,13,98,0,0,0,98
02/28/2021,PNS,FL,ASO,ES,Towers with Radar,41,18,38,46,143,0,3,0,6,9,41,21,38,52,152,0,0,0,152
03/01/2021,PNS,FL,ASO,ES,Towers with Radar,46,26,27,9,108,0,0,1,0,1,46,26,28,9,109,0,0,0,109
03/02/2021,PNS,FL,ASO,ES,Towers with Radar,40,19,18,8,85,0,0,0,0,0,40,19,18,8,85,0,0,0,85
03/03/2021,PNS,FL,ASO,ES,Towers with Radar,40,29,43,18,130,0,5,45,42,92,40,34,88,60,222,104,0,104,326
03/04/2021,PNS,FL,ASO,ES,Towers with Radar,53,34,27,25,139,0,6,65,83,154,53,40,92,108,293,109,3,112,405
03/05/2021,PNS,FL,ASO,ES,Towers with Radar,55,34,39,46,174,0,4,53,80,137,55,38,92,126,311,111,10,121,432
03/06/2021,PNS,FL,ASO,ES,Towers with Radar,56,27,20,22,125,0,4,57,55,116,56,31,77,77,241,38,4,42,283
03/07/2021,PNS,FL,ASO,ES,Towers with Radar,58,26,28,27,139,0,15,82,43,140,58,41,110,70,279,125,0,125,404
03/08/2021,PNS,FL,ASO,ES,Towers with Radar,57,29,31,9,126,0,4,61,49,114,57,33,92,58,240,64,0,64,304
03/09/2021,PNS,FL,ASO,ES,Towers with Radar,48,25,39,36,148,0,9,71,70,150,48,34,110,106,298,90,0,90,388
03/10/2021,PNS,FL,ASO,ES,Towers with Radar,47,35,33,17,132,0,16,45,53,114,47,51,78,70,246,86,0,86,332
03/11/2021,PNS,FL,ASO,ES,Towers with Radar,65,30,48,34,177,0,6,26,58,90,65,36,74,92,267,46,0,46,313
03/12/2021,PNS,FL,ASO,ES,Towers with Radar,64,38,45,45,192,0,13,69,63,145,64,51,114,108,337,119,0,119,456
03/13/2021,PNS,FL,ASO,ES,Towers with Radar,74,28,37,21,160,0,3,61,53,117,74,31,98,74,277,66,36,102,379
03/14/2021,PNS,FL,ASO,ES,Towers with Radar,57,27,31,28,143,0,8,28,22,58,57,35,59,50,201,72,0,72,273
03/15/2021,PNS,FL,ASO,ES,Towers with Radar,60,36,30,13,139,0,0,0,2,2,60,36,30,15,141,6,0,6,147
03/16/2021,PNS,FL,ASO,ES,Towers with Radar,52,27,18,35,132,0,1,15,9,25,52,28,33,44,157,46,0,46,203
03/17/2021,PNS,FL,ASO,ES,Towers with Radar,55,29,19,26,129,0,0,2,1,3,55,29,21,27,132,0,0,0,132
03/18/2021,PNS,FL,ASO,ES,Towers with Radar,62,34,41,11,148,0,7,50,51,108,62,41,91,62,256,64,3,67,323
03/19/2021,PNS,FL,ASO,ES,Towers with Radar,66,38,44,27,175,0,6,65,69,140,66,44,109,96,315,88,0,88,403
03/20/2021,PNS,FL,ASO,ES,Towers with Radar,74,29,26,19,148,0,0,55,51,106,74,29,81,70,254,69,0,69,323
03/21/2021,PNS,FL,ASO,ES,Towers with Radar,58,33,43,22,156,0,6,52,31,89,58,39,95,53,245,132,0,132,377
03/22/2021,PNS,FL,ASO,ES,Towers with Radar,63,36,28,18,145,0,3,47,57,107,63,39,75,75,252,20,0,20,272
03/23/2021,PNS,FL,ASO,ES,Towers with Radar,53,28,27,16,124,0,1,23,22,46,53,29,50,38,170,141,25,166,336
03/24/2021,PNS,FL,ASO,ES,Towers with Radar,55,37,16,27,135,0,0,4,5,9,55,37,20,32,144,92,0,92,236
03/25/2021,PNS,FL,ASO,ES,Towers with Radar,63,30,32,16,141,0,0,0,0,0,63,30,32,16,141,0,0,0,141
03/26/2021,PNS,FL,ASO,ES,Towers with Radar,64,40,34,32,170,0,0,0,0,0,64,40,34,32,170,0,0,0,170
03/27/2021,PNS,FL,ASO,ES,Towers with Radar,73,38,44,18,173,0,2,0,4,6,73,40,44,22,179,0,0,0,179
03/28/2021,PNS,FL,ASO,ES,Towers with Radar,62,19,27,23,131,0,8,4,23,35,62,27,31,46,166,78,0,78,244
03/29/2021,PNS,FL,ASO,ES,Towers with Radar,67,31,43,10,151,0,9,69,79,157,67,40,112,89,308,118,16,134,442
03/30/2021,PNS,FL,ASO,ES,Towers with Radar,52,31,37,61,181,0,0,5,8,13,52,31,42,69,194,52,0,52,246
03/31/2021,PNS,FL,ASO,ES,Towers with Radar,58,25,31,13,127,0,1,5,0,6,58,26,36,13,133,0,0,0,133
04/01/2021,PNS,FL,ASO,ES,Towers with Radar,68,25,36,5,134,0,9,20,10,39,68,34,56,15,173,35,2,37,210
04/02/2021,PNS,FL,ASO,ES,Towers with Radar,70,33,45,8,156,0,3,67,52,122,70,36,112,60,278,96,0,96,374
04/03/2021,PNS,FL,ASO,ES,Towers with Radar,79,25,35,1,140,0,12,68,18,98,79,37,103,19,238,107,0,107,345
04/04/2021,PNS,FL,ASO,ES,Towers with Radar,68,22,32,6,128,0,6,43,11,60,68,28,75,17,188,100,0,100,288
04/05/2021,PNS,FL,ASO,ES,Towers with Radar,71,25,45,10,151,0,4,61,55,120,71,29,106,65,271,84,14,98,369
04/06/2021,PNS,FL,ASO,ES,Towers with Radar,61,27,43,39,170,0,7,68,73,148,61,34,111,112,318,131,20,151,469
04/07/2021,PNS,FL,ASO,ES,Towers with Radar,64,29,41,33,167,0,12,71,97,180,64,41,112,130,347,116,22,138,485
04/08/2021,PNS,FL,ASO,ES,Towers with Radar,72,27,30,34,163,0,4,17,39,60,72,31,47,73,223,48,6,54,277
04/09/2021,PNS,FL,ASO,ES,Towers with Radar,69,26,28,20,143,0,0,11,20,31,69,26,39,40,174,10,28,38,212
04/10/2021,PNS,FL,ASO,ES,Towers with Radar,82,20,16,1,119,0,2,8,9,19,82,22,24,10,138,0,0,0,138
04/11/2021,PNS,FL,ASO,ES,Towers with Radar,65,20,35,5,125,0,5,86,22,113,65,25,121,27,238,21,0,21,259
04/12/2021,PNS,FL,ASO,ES,Towers with Radar,76,39,46,16,177,0,20,56,71,147,76,59,102,87,324,40,4,44,368
04/13/2021,PNS,FL,ASO,ES,Towers with Radar,71,23,50,20,164,0,9,70,67,146,71,32,120,87,310,101,0,101,411
04/14/2021,PNS,FL,ASO,ES,Towers with Radar,68,20,39,14,141,0,0,14,37,51,68,20,53,51,192,70,0,70,262
04/15/2021,PNS,FL,ASO,ES,Towers with Radar,70,33,20,6,129,0,1,1,0,2,70,34,21,6,131,0,0,0,131
04/16/2021,PNS,FL,ASO,ES,Towers with Radar,68,25,34,20,147,0,3,20,54,77,68,28,54,74,224,8,6,14,238
04/17/2021,PNS,FL,ASO,ES,Towers with Radar,80,19,14,0,113,0,0,0,0,0,80,19,14,0,113,0,0,0,113
04/18/2021,PNS,FL,ASO,ES,Towers with Radar,66,23,21,22,132,0,3,42,39,84,66,26,63,61,216,20,0,20,236
04/19/2021,PNS,FL,ASO,ES,Towers with Radar,67,30,34,8,139,0,3,50,60,113,67,33,84,68,252,53,8,61,313
04/20/2021,PNS,FL,ASO,ES,Towers with Radar,65,23,33,20,141,0,8,60,64,132,65,31,93,84,273,116,0,116,389
04/21/2021,PNS,FL,ASO,ES,Towers with Radar,76,33,37,8,154,0,5,139,83,227,76,38,176,91,381,51,2,53,434
04/22/2021,PNS,FL,ASO,ES,Towers with Radar,74,23,50,18,165,0,3,71,55,129,74,26,121,73,294,84,0,84,378
04/23/2021,PNS,FL,ASO,ES,Towers with Radar,70,24,31,33,158,0,6,37,69,112,70,30,68,102,270,48,4,52,322
04/24/2021,PNS,FL,ASO,ES,Towers with Radar,82,17,5,0,104,0,1,0,2,3,82,18,5,2,107,0,0,0,107
04/25/2021,PNS,FL,ASO,ES,Towers with Radar,69,18,34,3,124,0,3,85,40,128,69,21,119,43,252,32,0,32,284
04/26/2021,PNS,FL,ASO,ES,Towers with Radar,69,27,46,24,166,0,4,71,65,140,69,31,117,89,306,88,0,88,394
04/27/2021,PNS,FL,ASO,ES,Towers with Radar,62,25,52,31,170,0,0,31,45,76,62,25,83,76,246,56,4,60,306
04/28/2021,PNS,FL,ASO,ES,Towers with Radar,64,22,56,25,167,0,2,49,45,96,64,24,105,70,263,60,0,60,323
04/29/2021,PNS,FL,ASO,ES,Towers with Radar,76,29,32,38,175,0,1,26,30,57,76,30,58,68,232,98,3,101,333
04/30/2021,PNS,FL,ASO,ES,Towers with Radar,74,32,31,26,163,0,0,17,23,40,74,32,48,49,203,22,0,22,225
05/01/2021,PNS,FL,ASO,ES,Towers with Radar,82,18,26,22,148,0,4,59,32,95,82,22,85,54,243,24,0,24,267
05/02/2021,PNS,FL,ASO,ES,Towers with Radar,70,22,31,21,144,0,2,15,10,27,70,24,46,31,171,68,0,68,239
05/03/2021,PNS,FL,ASO,ES,Towers with Radar,66,28,21,13,128,0,2,8,20,30,66,30,29,33,158,54,16,70,228
05/04/2021,PNS,FL,ASO,ES,Towers with Radar,55,20,30,10,115,0,0,0,1,1,55,20,30,11,116,0,0,0,116
05/05/2021,PNS,FL,ASO,ES,Towers with Radar,69,23,27,5,124,0,1,6,6,13,69,24,33,11,137,0,0,0,137
05/06/2021,PNS,FL,ASO,ES,Towers with Radar,73,41,38,9,161,0,10,65,66,141,73,51,103,75,302,101,2,103,405
05/07/2021,PNS,FL,ASO,ES,Towers with Radar,75,27,38,11,151,0,14,80,61,155,75,41,118,72,306,93,2,95,401
05/08/2021,PNS,FL,ASO,ES,Towers with Radar,88,25,21,13,147,0,0,86,81,167,88,25,107,94,314,55,0,55,369
05/09/2021,PNS,FL,ASO,ES,Towers with Radar,82,25,28,26,161,0,4,29,36,69,82,29,57,62,230,52,0,52,282
05/10/2021,PNS,FL,ASO,ES,Towers with Radar,81,29,13,5,128,0,0,1,8,9,81,29,14,13,137,0,0,0,137
05/11/2021,PNS,FL,ASO,ES,Towers with Radar,64,21,25,40,150,0,3,2,9,14,64,24,27,49,164,34,4,38,202
05/12/2021,PNS,FL,ASO,ES,Towers with Radar,68,24,36,17,145,0,13,26,36,75,68,37,62,53,220,32,0,32,252
05/13/2021,PNS,FL,ASO,ES,Towers with Radar,84,37,33,11,165,0,0,28,22,50,84,37,61,33,215,16,0,16,231
05/14/2021,PNS,FL,ASO,ES,Towers with Radar,82,34,29,22,167,0,4,69,60,133,82,38,98,82,300,104,3,107,407
05/15/2021,PNS,FL,ASO,ES,Towers with Radar,87,24,19,34,164,0,2,58,49,109,87,26,77,83,273,44,24,68,341
05/16/2021,PNS,FL,ASO,ES,Towers with Radar,79,28,55,15,177,0,11,44,36,91,79,39,99,51,268,64,0,64,332
05/17/2021,PNS,FL,ASO,ES,Towers with Radar,79,32,35,4,150,0,1,43,36,80,79,33,78,40,230,59,0,59,289
05/18/2021,PNS,FL,ASO,ES,Towers with Radar,71,28,20,3,122,0,9,13,24,46,71,37,33,27,168,4,0,4,172
05/19/2021,PNS,FL,ASO,ES,Towers with Radar,67,28,33,7,135,0,5,17,6,28,67,33,50,13,163,0,0,0,163
05/20/2021,PNS,FL,ASO,ES,Towers with Radar,86,41,30,1,158,0,9,20,11,40,86,50,50,12,198,28,22,50,248
05/21/2021,PNS,FL,ASO,ES,Towers with Radar,83,27,45,16,171,0,2,39,44,85,83,29,84,60,256,4,8,12,268
05/22/2021,PNS,FL,ASO,ES,Towers with Radar,85,25,29,5,144,0,7,47,76,130,85,32,76,81,274,46,6,52,326
05/23/2021,PNS,FL,ASO,ES,Towers with Radar,82,22,29,16,149,0,4,70,30,104,82,26,99,46,253,66,7,73,326
05/24/2021,PNS,FL,ASO,ES,Towers with Radar,78,36,29,8,151,0,5,68,48,121,78,41,97,56,272,32,0,32,304
05/25/2021,PNS,FL,ASO,ES,Towers with Radar,66,27,26,8,127,0,3,64,66,133,66,30,90,74,260,80,2,82,342
05/26/2021,PNS,FL,ASO,ES,Towers with Radar,69,29,46,9,153,0,16,52,59,127,69,45,98,68,280,118,22,140,420
05/27/2021,PNS,FL,ASO,ES,Towers with Radar,98,36,43,15,192,0,3,56,53,112,98,39,99,68,304,95,24,119,423
05/28/2021,PNS,FL,ASO,ES,Towers with Radar,84,37,29,6,156,0,6,63,27,96,84,43,92,33,252,62,0,62,314
05/29/2021,PNS,FL,ASO,ES,Towers with Radar,92,33,42,1,168,0,3,39,12,54,92,36,81,13,222,22,70,92,314
05/30/2021,PNS,FL,ASO,ES,Towers with Radar,84,21,20,1,126,0,4,39,11,54,84,25,59,12,180,89,0,89,269
05/31/2021,PNS,FL,ASO,ES,Towers with Radar,86,33,28,3,150,0,7,42,7,56,86,40,70,10,206,128,0,128,334
06/01/2021,PNS,FL,ASO,ES,Towers with Radar,78,28,33,13,152,0,7,21,29,57,78,35,54,42,209,86,16,102,311
06/02/2021,PNS,FL,ASO,ES,Towers with Radar,76,31,39,6,152,0,3,66,48,117,76,34,105,54,269,122,18,140,409
06/03/2021,PNS,FL,ASO,ES,Towers with Radar,90,30,34,9,163,0,4,43,32,79,90,34,77,41,242,58,4,62,304
06/04/2021,PNS,FL,ASO,ES,Towers with Radar,85,28,40,20,173,0,1,24,34,59,85,29,64,54,232,124,40,164,396
06/05/2021,PNS,FL,ASO,ES,Towers with Radar,99,20,39,21,179,0,2,21,18,41,99,22,60,39,220,88,0,88,308
06/06/2021,PNS,FL,ASO,ES,Towers with Radar,89,22,30,35,176,0,0,1,2,3,89,22,31,37,179,0,0,0,179
06/07/2021,PNS,FL,ASO,ES,Towers with Radar,85,39,25,23,172,0,12,10,28,50,85,51,35,51,222,80,12,92,314
06/08/2021,PNS,FL,ASO,ES,Towers with Radar,83,24,28,1,136,0,1,3,8,12,83,25,31,9,148,48,0,48,196
06/09/2021,PNS,FL,ASO,ES,Towers with Radar,86,23,33,23,165,0,0,43,55,98,86,23,76,78,263,170,36,206,469
06/10/2021,PNS,FL,ASO,ES,Towers with Radar,98,25,35,15,173,0,6,42,45,93,98,31,77,60,266,112,4,116,382
06/11/2021,PNS,FL,ASO,ES,Towers with Radar,96,31,32,23,182,0,4,51,50,105,96,35,83,73,287,104,12,116,403
06/12/2021,PNS,FL,ASO,ES,Towers with Radar,108,19,11,13,151,0,2,31,30,63,108,21,42,43,214,45,14,59,273
06/13/2021,PNS,FL,ASO,ES,Towers with Radar,98,21,35,10,164,0,2,48,21,71,98,23,83,31,235,116,0,116,351
06/14/2021,PNS,FL,ASO,ES,Towers with Radar,95,34,36,13,178,6,6,58,53,123,101,40,94,66,301,146,0,146,447
06/15/2021,PNS,FL,ASO,ES,Towers with Radar,89,28,15,11,143,0,1,52,46,99,89,29,67,57,242,139,20,159,401
06/16/2021,PNS,FL,ASO,ES,Towers with Radar,88,30,43,13,174,0,11,65,77,153,88,41,108,90,327,120,6,126,453
06/17/2021,PNS,FL,ASO,ES,Towers with Radar,101,34,49,25,209,0,7,68,67,142,101,41,117,92,351,108,18,126,477
06/18/2021,PNS,FL,ASO,ES,Towers with Radar,93,28,37,3,161,0,1,6,19,26,93,29,43,22,187,44,0,44,231
06/19/2021,PNS,FL,ASO,ES,Towers with Radar,101,17,6,0,124,0,1,1,0,2,101,18,7,0,126,0,0,0,126
06/20/2021,PNS,FL,ASO,ES,Towers with Radar,93,24,20,9,146,0,0,5,2,7,93,24,25,11,153,0,0,0,153
06/21/2021,PNS,FL,ASO,ES,Towers with Radar,92,32,23,23,170,0,0,9,37,46,92,32,32,60,216,52,24,76,292
06/22/2021,PNS,FL,ASO,ES,Towers with Radar,95,28,26,9,158,0,2,18,16,36,95,30,44,25,194,74,0,74,268
06/23/2021,PNS,FL,ASO,ES,Towers with Radar,91,24,23,11,149,0,4,42,44,90,91,28,65,55,239,162,26,188,427
06/24/2021,PNS,FL,ASO,ES,Towers with Radar,94,31,31,20,176,0,2,40,34,76,94,33,71,54,252,98,6,104,356
06/25/2021,PNS,FL,ASO,ES,Towers with Radar,93,31,47,19,190,0,3,60,59,122,93,34,107,78,312,86,26,112,424
06/26/2021,PNS,FL,ASO,ES,Towers with Radar,102,25,28,10,165,0,4,32,43,79,102,29,60,53,244,46,4,50,294
06/27/2021,PNS,FL,ASO,ES,Towers with Radar,94,22,25,26,167,0,6,22,15,43,94,28,47,41,210,62,0,62,272
06/28/2021,PNS,FL,ASO,ES,Towers with Radar,99,34,29,4,166,0,6,41,45,92,99,40,70,49,258,80,18,98,356
06/29/2021,PNS,FL,ASO,ES,Towers with Radar,93,25,47,17,182,0,4,59,59,122,93,29,106,76,304,208,38,246,550
06/30/2021,PNS,FL,ASO,ES,Towers with Radar,93,27,43,11,174,0,8,28,29,65,93,35,71,40,239,55,23,78,317
07/01/2021,PNS,FL,ASO,ES,Towers with Radar,93,29,53,21,196,0,8,36,55,99,93,37,89,76,295,101,78,179,474
07/02/2021,PNS,FL,ASO,ES,Towers with Radar,99,30,42,10,181,0,0,51,46,97,99,30,93,56,278,68,22,90,368
07/03/2021,PNS,FL,ASO,ES,Towers with Radar,104,25,21,0,150,0,3,22,12,37,104,28,43,12,187,71,0,71,258
07/04/2021,PNS,FL,ASO,ES,Towers with Radar,94,21,15,0,130,0,1,3,8,12,94,22,18,8,142,4,0,4,146
07/05/2021,PNS,FL,ASO,ES,Towers with Radar,107,31,39,2,179,0,4,11,2,17,107,35,50,4,196,23,0,23,219
07/06/2021,PNS,FL,ASO,ES,Towers with Radar,96,23,15,6,140,0,6,8,0,14,96,29,23,6,154,82,0,82,236
07/07/2021,PNS,FL,ASO,ES,Towers with Radar,96,27,30,21,174,0,5,33,60,98,96,32,63,81,272,160,58,218,490
07/08/2021,PNS,FL,ASO,ES,Towers with Radar,101,28,43,9,181,0,6,78,58,142,101,34,121,67,323,105,10,115,438
07/09/2021,PNS,FL,ASO,ES,Towers with Radar,100,24,37,13,174,0,7,38,68,113,100,31,75,81,287,22,0,22,309
07/10/2021,PNS,FL,ASO,ES,Towers with Radar,112,26,23,12,173,0,7,44,55,106,112,33,67,67,279,24,0,24,303
07/11/2021,PNS,FL,ASO,ES,Towers with Radar,101,22,34,10,167,0,0,34,30,64,101,22,68,40,231,44,0,44,275
07/12/2021,PNS,FL,ASO,ES,Towers with Radar,100,31,36,19,186,0,4,47,53,104,100,35,83,72,290,81,8,89,379
07/13/2021,PNS,FL,ASO,ES,Towers with Radar,93,24,46,13,176,0,4,81,65,150,93,28,127,78,326,81,46,127,453
07/14/2021,PNS,FL,ASO,ES,Towers with Radar,97,26,39,18,180,0,14,52,55,121,97,40,91,73,301,275,21,296,597
07/15/2021,PNS,FL,ASO,ES,Towers with Radar,96,28,62,15,201,0,11,61,43,115,96,39,123,58,316,166,38,204,520
07/16/2021,PNS,FL,ASO,ES,Towers with Radar,99,29,31,22,181,0,8,28,43,79,99,37,59,65,260,86,50,136,396
07/17/2021,PNS,FL,ASO,ES,Towers with Radar,108,23,27,49,207,0,10,44,56,110,108,33,71,105,317,121,25,146,463
07/18/2021,PNS,FL,ASO,ES,Towers with Radar,99,25,28,35,187,0,1,33,41,75,99,26,61,76,262,43,27,70,332
07/19/2021,PNS,FL,ASO,ES,Towers with Radar,91,31,30,14,166,0,0,22,32,54,91,31,52,46,220,44,14,58,278
07/20/2021,PNS,FL,ASO,ES,Towers with Radar,98,21,26,25,170,0,7,18,20,45,98,28,44,45,215,113,20,133,348
07/21/2021,PNS,FL,ASO,ES,Towers with Radar,101,22,28,19,170,0,11,46,59,116,101,33,74,78,286,90,20,110,396
07/22/2021,PNS,FL,ASO,ES,Towers with Radar,99,29,46,16,190,0,24,71,67,162,99,53,117,83,352,135,12,147,499
07/23/2021,PNS,FL,ASO,ES,Towers with Radar,103,26,44,11,184,0,12,59,62,133,103,38,103,73,317,121,11,132,449
07/24/2021,PNS,FL,ASO,ES,Towers with Radar,110,28,28,25,191,0,6,57,52,115,110,34,85,77,306,55,14,69,375
07/25/2021,PNS,FL,ASO,ES,Towers with Radar,105,19,42,20,186,1,2,61,29,93,106,21,103,49,279,142,6,148,427
07/26/2021,PNS,FL,ASO,ES,Towers with Radar,98,27,34,27,186,0,16,69,54,139,98,43,103,81,325,58,12,70,395
07/27/2021,PNS,FL,ASO,ES,Towers with Radar,94,24,25,19,162,0,4,61,58,123,94,28,86,77,285,96,24,120,405
07/28/2021,PNS,FL,ASO,ES,Towers with Radar,100,27,38,18,183,0,3,37,32,72,100,30,75,50,255,118,4,122,377
07/29/2021,PNS,FL,ASO,ES,Towers with Radar,101,29,36,18,184,0,16,56,46,118,101,45,92,64,302,132,9,141,443
07/30/2021,PNS,FL,ASO,ES,Towers with Radar,90,32,28,12,162,0,7,54,46,107,90,39,82,58,269,106,2,108,377
07/31/2021,PNS,FL,ASO,ES,Towers with Radar,107,23,29,5,164,0,9,64,28,101,107,32,93,33,265,108,12,120,385
08/01/2021,PNS,FL,ASO,ES,Towers with Radar,82,19,37,6,144,0,7,34,18,59,82,26,71,24,203,26,2,28,231
08/02/2021,PNS,FL,ASO,ES,Towers with Radar,77,34,35,15,161,0,1,39,29,69,77,35,74,44,230,86,12,98,328
08/03/2021,PNS,FL,ASO,ES,Towers with Radar,86,27,39,8,160,0,7,15,15,37,86,34,54,23,197,105,6,111,308
08/04/2021,PNS,FL,ASO,ES,Towers with Radar,87,31,29,5,152,0,5,43,41,89,87,36,72,46,241,67,20,87,328
08/05/2021,PNS,FL,ASO,ES,Towers with Radar,92,38,36,18,184,0,12,52,55,119,92,50,88,73,303,57,20,77,380
08/06/2021,PNS,FL,ASO,ES,Towers with Radar,89,34,34,24,181,0,18,29,52,99,89,52,63,76,280,86,30,116,396
08/07/2021,PNS,FL,ASO,ES,Towers with Radar,93,34,29,12,168,0,16,49,26,91,93,50,78,38,259,57,4,61,320
08/08/2021,PNS,FL,ASO,ES,Towers with Radar,93,35,26,12,166,0,11,35,19,65,93,46,61,31,231,44,0,44,275
08/09/2021,PNS,FL,ASO,ES,Towers with Radar,100,31,23,27,181,0,4,25,51,80,100,35,48,78,261,30,28,58,319
08/10/2021,PNS,FL,ASO,ES,Towers with Radar,91,22,33,8,154,0,8,55,43,106,91,30,88,51,260,50,2,52,312
08/11/2021,PNS,FL,ASO,ES,Towers with Radar,88,26,19,24,157,0,11,24,46,81,88,37,43,70,238,68,6,74,312
08/12/2021,PNS,FL,ASO,ES,Towers with Radar,96,28,28,18,170,0,2,42,36,80,96,30,70,54,250,50,14,64,314
08/13/2021,PNS,FL,ASO,ES,Towers with Radar,94,28,49,18,189,0,5,113,60,178,94,33,162,78,367,22,8,30,397
08/14/2021,PNS,FL,ASO,ES,Towers with Radar,95,19,24,18,156,0,11,49,29,89,95,30,73,47,245,93,0,93,338
08/15/2021,PNS,FL,ASO,ES,Towers with Radar,80,20,27,6,133,0,9,23,16,48,80,29,50,22,181,30,0,30,211
08/16/2021,PNS,FL,ASO,ES,Towers with Radar,78,31,5,0,114,0,1,0,0,1,78,32,5,0,115,0,0,0,115
08/17/2021,PNS,FL,ASO,ES,Towers with Radar,83,24,33,10,150,0,9,38,53,100,83,33,71,63,250,86,16,102,352
08/18/2021,PNS,FL,ASO,ES,Towers with Radar,77,30,35,13,155,0,8,30,54,92,77,38,65,67,247,107,22,129,376
08/19/2021,PNS,FL,ASO,ES,Towers with Radar,95,31,44,5,175,0,8,51,43,102,95,39,95,48,277,166,40,206,483
08/20/2021,PNS,FL,ASO,ES,Towers with Radar,91,30,44,13,178,0,4,35,37,76,91,34,79,50,254,104,20,124,378
08/21/2021,PNS,FL,ASO,ES,Towers with Radar,99,23,19,18,159,0,7,47,69,123,99,30,66,87,282,65,2,67,349
08/22/2021,PNS,FL,ASO,ES,Towers with Radar,88,25,21,19,153,0,4,37,44,85,88,29,58,63,238,68,0,68,306
08/23/2021,PNS,FL,ASO,ES,Towers with Radar,92,28,20,11,151,0,5,27,40,72,92,33,47,51,223,44,12,56,279
08/24/2021,PNS,FL,ASO,ES,Towers with Radar,82,26,25,12,145,0,0,30,24,54,82,26,55,36,199,113,2,115,314
08/25/2021,PNS,FL,ASO,ES,Towers with Radar,83,31,26,14,154,0,4,18,17,39,83,35,44,31,193,58,18,76,269
08/26/2021,PNS,FL,ASO,ES,Towers with Radar,96,44,37,19,196,0,10,54,61,125,96,54,91,80,321,68,18,86,407
08/27/2021,PNS,FL,ASO,ES,Towers with Radar,91,33,27,6,157,1,3,36,33,73,92,36,63,39,230,97,7,104,334
08/28/2021,PNS,FL,ASO,ES,Towers with Radar,98,23,31,0,152,0,3,19,0,22,98,26,50,0,174,18,0,18,192
08/29/2021,PNS,FL,ASO,ES,Towers with Radar,56,5,1,0,62,0,0,0,0,0,56,5,1,0,62,0,0,0,62
08/30/2021,PNS,FL,ASO,ES,Towers with Radar,49,9,11,0,69,0,0,0,0,0,49,9,11,0,69,0,0,0,69
08/31/2021,PNS,FL,ASO,ES,Towers with Radar,81,29,24,2,136,0,5,8,7,20,81,34,32,9,156,6,0,6,162
09/01/2021,PNS,FL,ASO,ES,Towers with Radar,78,33,36,18,165,0,4,42,66,112,78,37,78,84,277,68,16,84,361
09/02/2021,PNS,FL,ASO,ES,Towers with Radar,95,37,39,3,174,0,2,48,48,98,95,39,87,51,272,68,6,74,346
09/03/2021,PNS,FL,ASO,ES,Towers with Radar,92,31,58,2,183,0,9,85,41,135,92,40,143,43,318,47,0,47,365
09/04/2021,PNS,FL,ASO,ES,Towers with Radar,96,26,28,1,151,0,13,66,16,95,96,39,94,17,246,43,4,47,293
09/05/2021,PNS,FL,ASO,ES,Towers with Radar,87,26,36,0,149,0,8,40,11,59,87,34,76,11,208,38,0,38,246
09/06/2021,PNS,FL,ASO,ES,Towers with Radar,89,22,30,2,143,0,2,28,12,42,89,24,58,14,185,47,0,47,232
09/07/2021,PNS,FL,ASO,ES,Towers with Radar,72,33,36,13,154,0,1,54,41,96,72,34,90,54,250,42,2,44,294
09/08/2021,PNS,FL,ASO,ES,Towers with Radar,66,21,38,15,140,0,4,13,13,30,66,25,51,28,170,48,0,48,218
09/09/2021,PNS,FL,ASO,ES,Towers with Radar,76,29,48,9,162,0,9,41,43,93,76,38,89,52,255,104,42,146,401
09/10/2021,PNS,FL,ASO,ES,Towers with Radar,77,26,36,19,158,0,7,68,56,131,77,33,104,75,289,149,0,149,438
09/11/2021,PNS,FL,ASO,ES,Towers with Radar,65,15,30,19,129,0,5,65,46,116,65,20,95,65,245,14,0,14,259
09/12/2021,PNS,FL,ASO,ES,Towers with Radar,70,19,29,27,145,0,2,31,32,65,70,21,60,59,210,98,0,98,308
09/13/2021,PNS,FL,ASO,ES,Towers with Radar,73,25,34,17,149,0,0,28,35,63,73,25,62,52,212,57,34,91,303
09/14/2021,PNS,FL,ASO,ES,Towers with Radar,65,22,26,6,119,0,8,27,49,84,65,30,53,55,203,102,24,126,329
09/15/2021,PNS,FL,ASO,ES,Towers with Radar,74,23,18,0,115,0,0,0,0,0,74,23,18,0,115,0,0,0,115
09/16/2021,PNS,FL,ASO,ES,Towers with Radar,75,34,15,5,129,0,0,0,1,1,75,34,15,6,130,15,0,15,145
09/17/2021,PNS,FL,ASO,ES,Towers with Radar,80,29,15,13,137,0,9,15,55,79,80,38,30,68,216,73,22,95,311
09/18/2021,PNS,FL,ASO,ES,Towers with Radar,64,13,22,14,113,0,4,13,20,37,64,17,35,34,150,76,0,76,226
09/19/2021,PNS,FL,ASO,ES,Towers with Radar,71,18,24,13,126,0,6,3,9,18,71,24,27,22,144,0,0,0,144
09/20/2021,PNS,FL,ASO,ES,Towers with Radar,84,28,41,4,157,0,6,24,23,53,84,34,65,27,210,34,4,38,248
09/21/2021,PNS,FL,ASO,ES,Towers with Radar,64,23,40,5,132,0,5,33,44,82,64,28,73,49,214,136,80,216,430
09/22/2021,PNS,FL,ASO,ES,Towers with Radar,64,29,37,11,141,0,7,24,23,54,64,36,61,34,195,56,6,62,257
09/23/2021,PNS,FL,ASO,ES,Towers with Radar,78,23,57,6,164,0,9,63,48,120,78,32,120,54,284,112,26,138,422
09/24/2021,PNS,FL,ASO,ES,Towers with Radar,80,26,44,10,160,0,4,64,56,124,80,30,108,66,284,100,10,110,394
09/25/2021,PNS,FL,ASO,ES,Towers with Radar,68,18,33,0,119,0,12,84,17,113,68,30,117,17,232,201,0,201,433
09/26/2021,PNS,FL,ASO,ES,Towers with Radar,71,13,35,9,128,0,14,82,13,109,71,27,117,22,237,84,0,84,321
09/27/2021,PNS,FL,ASO,ES,Towers with Radar,76,28,50,0,154,0,4,47,40,91,76,32,97,40,245,91,4,95,340
09/28/2021,PNS,FL,ASO,ES,Towers with Radar,64,18,32,18,132,0,4,29,40,73,64,22,61,58,205,177,19,196,401
09/29/2021,PNS,FL,ASO,ES,Towers with Radar,64,21,28,12,125,0,5,27,59,91,64,26,55,71,216,129,18,147,363
09/30/2021,PNS,FL,ASO,ES,Towers with Radar,77,37,40,19,173,0,0,62,36,98,77,37,102,55,271,99,0,99,370
10/01/2021,PNS,FL,ASO,ES,Towers with Radar,79,25,49,18,171,0,3,77,50,130,79,28,126,68,301,124,28,152,453
10/02/2021,PNS,FL,ASO,ES,Towers with Radar,61,22,21,10,114,0,0,34,48,82,61,22,55,58,196,95,13,108,304
10/03/2021,PNS,FL,ASO,ES,Towers with Radar,71,20,32,22,145,0,2,8,5,15,71,22,40,27,160,22,4,26,186
10/04/2021,PNS,FL,ASO,ES,Towers with Radar,81,31,17,21,150,0,3,6,2,11,81,34,23,23,161,16,0,16,177
10/05/2021,PNS,FL,ASO,ES,Towers with Radar,57,25,10,10,102,0,1,2,4,7,57,26,12,14,109,10,0,10,119
10/06/2021,PNS,FL,ASO,ES,Towers with Radar,66,33,41,17,157,0,13,22,23,58,66,46,63,40,215,149,6,155,370
10/07/2021,PNS,FL,ASO,ES,Towers with Radar,68,29,44,6,147,0,0,14,24,38,68,29,58,30,185,98,2,100,285
10/08/2021,PNS,FL,ASO,ES,Towers with Radar,67,28,44,12,151,0,2,73,62,137,67,30,117,74,288,116,41,157,445
10/09/2021,PNS,FL,ASO,ES,Towers with Radar,63,20,30,8,121,0,3,69,23,95,63,23,99,31,216,83,0,83,299
10/10/2021,PNS,FL,ASO,ES,Towers with Radar,64,18,16,5,103,0,2,59,6,67,64,20,75,11,170,85,0,85,255
10/11/2021,PNS,FL,ASO,ES,Towers with Radar,64,31,39,2,136,0,4,56,11,71,64,35,95,13,207,98,0,98,305
10/12/2021,PNS,FL,ASO,ES,Towers with Radar,58,23,30,18,129,0,12,57,54,123,58,35,87,72,252,157,10,167,419
10/13/2021,PNS,FL,ASO,ES,Towers with Radar,59,24,32,36,151,0,5,72,62,139,59,29,104,98,290,127,8,135,425
10/14/2021,PNS,FL,ASO,ES,Towers with Radar,64,34,29,65,192,0,9,65,85,159,64,43,94,150,351,107,16,123,474
10/15/2021,PNS,FL,ASO,ES,Towers with Radar,67,27,33,36,163,0,6,60,62,128,67,33,93,98,291,63,10,73,364
10/16/2021,PNS,FL,ASO,ES,Towers with Radar,63,23,25,17,128,0,3,34,40,77,63,26,59,57,205,73,12,85,290
10/17/2021,PNS,FL,ASO,ES,Towers with Radar,60,23,40,21,144,0,2,60,31,93,60,25,100,52,237,89,0,89,326
10/18/2021,PNS,FL,ASO,ES,Towers with Radar,63,30,28,7,128,0,7,63,50,120,63,37,91,57,248,76,26,102,350
10/19/2021,PNS,FL,ASO,ES,Towers with Radar,57,23,46,16,142,0,18,62,60,140,57,41,108,76,282,142,27,169,451
10/20/2021,PNS,FL,ASO,ES,Towers with Radar,61,28,35,50,174,0,5,34,62,101,61,33,69,112,275,24,22,46,321
10/21/2021,PNS,FL,ASO,ES,Towers with Radar,64,42,55,42,203,0,0,33,82,115,64,42,88,124,318,135,34,169,487
10/22/2021,PNS,FL,ASO,ES,Towers with Radar,69,28,52,37,186,0,3,54,65,122,69,31,106,102,308,119,38,157,465
10/23/2021,PNS,FL,ASO,ES,Towers with Radar,68,23,21,10,122,0,3,68,27,98,68,26,89,37,220,111,0,111,331
10/24/2021,PNS,FL,ASO,ES,Towers with Radar,58,23,45,12,138,0,4,41,18,63,58,27,86,30,201,70,0,70,271
10/25/2021,PNS,FL,ASO,ES,Towers with Radar,62,28,46,12,148,0,2,29,54,85,62,30,75,66,233,108,68,176,409
10/26/2021,PNS,FL,ASO,ES,Towers with Radar,58,21,42,9,130,0,3,81,62,146,58,24,123,71,276,174,39,213,489
10/27/2021,PNS,FL,ASO,ES,Towers with Radar,58,27,39,14,138,0,9,49,52,110,58,36,88,66,248,86,13,99,347
10/28/2021,PNS,FL,ASO,ES,Towers with Radar,60,26,21,22,129,0,11,14,42,67,60,37,35,64,196,0,8,8,204
10/29/2021,PNS,FL,ASO,ES,Towers with Radar,67,36,40,38,181,0,3,34,52,89,67,39,74,90,270,20,28,48,318
10/30/2021,PNS,FL,ASO,ES,Towers with Radar,66,19,29,17,131,0,1,23,14,38,66,20,52,31,169,26,0,26,195
10/31/2021,PNS,FL,ASO,ES,Towers with Radar,52,22,25,7,106,0,2,59,18,79,52,24,84,25,185,94,0,94,279
11/01/2021,PNS,FL,ASO,ES,Towers with Radar,60,28,45,17,150,0,3,48,70,121,60,31,93,87,271,52,21,73,344
11/02/2021,PNS,FL,ASO,ES,Towers with Radar,48,25,37,5,115,0,13,83,44,140,48,38,120,49,255,137,0,137,392
11/03/2021,PNS,FL,ASO,ES,Towers with Radar,56,27,30,3,116,0,5,86,51,142,56,32,116,54,258,117,0,117,375
11/04/2021,PNS,FL,ASO,ES,Towers with Radar,61,32,60,13,166,0,3,26,21,50,61,35,86,34,216,24,8,32,248
11/05/2021,PNS,FL,ASO,ES,Towers with Radar,63,33,46,27,169,0,7,62,54,123,63,40,108,81,292,19,12,31,323
11/06/2021,PNS,FL,ASO,ES,Towers with Radar,65,21,27,5,118,0,2,62,26,90,65,23,89,31,208,41,0,41,249
11/07/2021,PNS,FL,ASO,ES,Towers with Radar,52,17,38,24,131,0,4,71,34,109,52,21,109,58,240,112,2,114,354
11/08/2021,PNS,FL,ASO,ES,Towers with Radar,57,26,28,15,126,0,4,71,58,133,57,30,99,73,259,153,10,163,422
11/09/2021,PNS,FL,ASO,ES,Towers with Radar,54,26,45,13,138,0,6,55,38,99,54,32,100,51,237,145,14,159,396
11/10/2021,PNS,FL,ASO,ES,Towers with Radar,52,38,25,45,160,0,9,67,54,130,52,47,92,99,290,129,4,133,423
11/11/2021,PNS,FL,ASO,ES,Towers with Radar,59,28,26,0,113,0,4,30,42,76,59,32,56,42,189,123,14,137,326
11/12/2021,PNS,FL,ASO,ES,Towers with Radar,60,29,42,15,146,0,5,70,13,88,60,34,112,28,234,76,0,76,310
11/13/2021,PNS,FL,ASO,ES,Towers with Radar,60,19,43,5,127,0,4,46,25,75,60,23,89,30,202,64,0,64,266
11/14/2021,PNS,FL,ASO,ES,Towers with Radar,50,26,41,1,118,0,2,45,13,60,50,28,86,14,178,76,2,78,256
11/15/2021,PNS,FL,ASO,ES,Towers with Radar,58,29,40,16,143,0,4,65,56,125,58,33,105,72,268,100,28,128,396
11/16/2021,PNS,FL,ASO,ES,Towers with Radar,52,25,53,28,158,0,9,57,63,129,52,34,110,91,287,125,14,139,426
11/17/2021,PNS,FL,ASO,ES,Towers with Radar,54,28,52,6,140,0,10,58,45,113,54,38,110,51,253,210,16,226,479
11/18/2021,PNS,FL,ASO,ES,Towers with Radar,59,33,52,2,146,0,4,56,57,117,59,37,108,59,263,149,15,164,427
11/19/2021,PNS,FL,ASO,ES,Towers with Radar,62,36,54,22,174,0,4,49,60,113,62,40,103,82,287,59,17,76,363
11/20/2021,PNS,FL,ASO,ES,Towers with Radar,62,22,37,6,127,0,2,70,44,116,62,24,107,50,243,118,0,118,361
11/21/2021,PNS,FL,ASO,ES,Towers with Radar,54,22,37,26,139,0,0,34,24,58,54,22,71,50,197,24,0,24,221
11/22/2021,PNS,FL,ASO,ES,Towers with Radar,57,26,26,11,120,0,4,15,16,35,57,30,41,27,155,24,24,48,203
11/23/2021,PNS,FL,ASO,ES,Towers with Radar,60,26,38,10,134,0,12,69,46,127,60,38,107,56,261,124,42,166,427
11/24/2021,PNS,FL,ASO,ES,Towers with Radar,66,33,67,2,168,0,2,66,31,99,66,35,133,33,267,114,42,156,423
11/25/2021,PNS,FL,ASO,ES,Towers with Radar,42,17,3,0,62,0,2,9,4,15,42,19,12,4,77,26,0,26,103
11/26/2021,PNS,FL,ASO,ES,Towers with Radar,54,30,21,0,105,0,0,31,0,31,54,30,52,0,136,20,0,20,156
11/27/2021,PNS,FL,ASO,ES,Towers with Radar,67,18,30,0,115,0,2,40,8,50,67,20,70,8,165,55,0,55,220
11/28/2021,PNS,FL,ASO,ES,Towers with Radar,59,25,33,0,117,0,4,14,6,24,59,29,47,6,141,82,0,82,223
11/29/2021,PNS,FL,ASO,ES,Towers with Radar,60,29,26,22,137,0,9,45,49,103,60,38,71,71,240,101,24,125,365
11/30/2021,PNS,FL,ASO,ES,Towers with Radar,58,27,36,19,140,0,6,56,38,100,58,33,92,57,240,148,21,169,409
12/01/2021,PNS,FL,ASO,ES,Towers with Radar,57,26,30,9,122,0,10,42,39,91,57,36,72,48,213,103,0,103,316
12/02/2021,PNS,FL,ASO,ES,Towers with Radar,60,32,34,18,144,0,3,49,55,107,60,35,83,73,251,98,0,98,349
12/03/2021,PNS,FL,ASO,ES,Towers with Radar,61,33,45,21,160,0,4,58,49,111,61,37,103,70,271,98,35,133,404
12/04/2021,PNS,FL,ASO,ES,Towers with Radar,61,20,24,48,153,0,0,41,43,84,61,20,65,91,237,62,25,87,324
12/05/2021,PNS,FL,ASO,ES,Towers with Radar,48,26,45,38,157,0,4,21,20,45,48,30,66,58,202,84,0,84,286
12/06/2021,PNS,FL,ASO,ES,Towers with Radar,59,28,26,14,127,0,2,28,31,61,59,30,54,45,188,65,31,96,284
12/07/2021,PNS,FL,ASO,ES,Towers with Radar,56,22,27,14,119,0,0,0,0,0,56,22,27,14,119,0,0,0,119
12/08/2021,PNS,FL,ASO,ES,Towers with Radar,59,32,35,26,152,0,2,6,26,34,59,34,41,52,186,7,0,7,193
12/09/2021,PNS,FL,ASO,ES,Towers with Radar,60,27,31,23,141,0,2,8,24,34,60,29,39,47,175,40,10,50,225
12/10/2021,PNS,FL,ASO,ES,Towers with Radar,61,26,39,22,148,0,0,0,1,1,61,26,39,23,149,0,0,0,149
12/11/2021,PNS,FL,ASO,ES,Towers with Radar,60,16,20,22,118,0,2,0,7,9,60,18,20,29,127,0,0,0,127
12/12/2021,PNS,FL,ASO,ES,Towers with Radar,45,20,43,23,131,0,4,61,29,94,45,24,104,52,225,99,0,99,324
12/13/2021,PNS,FL,ASO,ES,Towers with Radar,57,31,46,17,151,0,3,46,45,94,57,34,92,62,245,180,0,180,425
12/14/2021,PNS,FL,ASO,ES,Towers with Radar,52,23,37,24,136,0,4,46,36,86,52,27,83,60,222,161,24,185,407
12/15/2021,PNS,FL,ASO,ES,Towers with Radar,50,22,56,20,148,0,0,28,31,59,50,22,84,51,207,108,28,136,343
12/16/2021,PNS,FL,ASO,ES,Towers with Radar,47,25,57,3,132,0,2,12,8,22,47,27,69,11,154,0,5,5,159
12/17/2021,PNS,FL,ASO,ES,Towers with Radar,59,26,31,10,126,0,0,0,0,0,59,26,31,10,126,0,0,0,126
12/18/2021,PNS,FL,ASO,ES,Towers with Radar,55,19,16,5,95,0,1,0,0,1,55,20,16,5,96,0,0,0,96
12/19/2021,PNS,FL,ASO,ES,Towers with Radar,50,18,24,21,113,0,0,6,0,6,50,18,30,21,119,10,2,12,131
12/20/2021,PNS,FL,ASO,ES,Towers with Radar,53,33,44,14,144,0,0,3,12,15,53,33,47,26,159,66,10,76,235
12/21/2021,PNS,FL,ASO,ES,Towers with Radar,58,24,36,2,120,0,1,23,13,37,58,25,59,15,157,167,83,250,407
12/22/2021,PNS,FL,ASO,ES,Towers with Radar,55,23,43,7,128,0,4,57,47,108,55,27,100,54,236,170,24,194,430
12/23/2021,PNS,FL,ASO,ES,Towers with Radar,56,30,36,1,123,0,8,58,18,84,56,38,94,19,207,189,4,193,400
12/24/2021,PNS,FL,ASO,ES,Towers with Radar,48,24,6,0,78,0,5,19,6,30,48,29,25,6,108,20,0,20,128
12/25/2021,PNS,FL,ASO,ES,Towers with Radar,52,13,4,0,69,0,6,8,2,16,52,19,12,2,85,0,0,0,85
12/26/2021,PNS,FL,ASO,ES,Towers with Radar,51,18,37,0,106,0,2,21,2,25,51,20,58,2,131,50,0,50,181
12/27/2021,PNS,FL,ASO,ES,Towers with Radar,59,29,35,17,140,0,0,24,15,39,59,29,59,32,179,16,13,29,208
12/28/2021,PNS,FL,ASO,ES,Towers with Radar,57,23,34,20,134,0,2,8,11,21,57,25,42,31,155,0,0,0,155
12/29/2021,PNS,FL,ASO,ES,Towers with Radar,55,25,27,15,122,0,2,1,8,11,55,27,28,23,133,0,0,0,133
12/30/2021,PNS,FL,ASO,ES,Towers with Radar,55,26,20,9,110,0,0,2,0,2,55,26,22,9,112,0,0,0,112
12/31/2021,PNS,FL,ASO,ES,Towers with Radar,46,21,31,0,98,0,0,0,0,0,46,21,31,0,98,0,0,0,98
01/01/2022,PNS,FL,ASO,ES,Towers with Radar,50,9,13,0,72,0,0,0,0,0,50,9,13,0,72,0,0,0,72
01/02/2022,PNS,FL,ASO,ES,Towers with Radar,45,19,17,0,81,0,0,0,0,0,45,19,17,0,81,0,0,0,81
01/03/2022,PNS,FL,ASO,ES,Towers with Radar,48,26,46,0,120,0,0,36,30,66,48,26,82,30,186,130,9,139,325
01/04/2022,PNS,FL,ASO,ES,Towers with Radar,51,18,37,5,111,0,2,39,22,63,51,20,76,27,174,125,53,178,352
01/05/2022,PNS,FL,ASO,ES,Towers with Radar,54,24,40,10,128,0,2,42,46,90,54,26,82,56,218,126,34,160,378
01/06/2022,PNS,FL,ASO,ES,Towers with Radar,52,22,26,24,124,0,4,24,50,78,52,26,50,74,202,85,31,116,318
01/07/2022,PNS,FL,ASO,ES,Towers with Radar,53,30,41,16,140,0,4,58,65,127,53,34,99,81,267,178,42,220,487
01/08/2022,PNS,FL,ASO,ES,Towers with Radar,49,14,41,6,110,0,5,45,26,76,49,19,86,32,186,31,0,31,217
01/09/2022,PNS,FL,ASO,ES,Towers with Radar,49,18,15,35,117,0,1,1,0,2,49,19,16,35,119,0,0,0,119
01/10/2022,PNS,FL,ASO,ES,Towers with Radar,54,24,23,4,105,0,13,38,26,77,54,37,61,30,182,53,53,106,288
01/11/2022,PNS,FL,ASO,ES,Towers with Radar,52,23,35,12,122,0,5,57,53,115,52,28,92,65,237,155,49,204,441
01/12/2022,PNS,FL,ASO,ES,Towers with Radar,53,22,28,9,112,0,6,77,48,131,53,28,105,57,243,215,0,215,458
01/13/2022,PNS,FL,ASO,ES,Towers with Radar,57,23,39,23,142,0,6,67,64,137,57,29,106,87,279,106,15,121,400
01/14/2022,PNS,FL,ASO,ES,Towers with Radar,57,23,37,12,129,0,6,86,53,145,57,29,123,65,274,248,2,250,524
01/15/2022,PNS,FL,ASO,ES,Towers with Radar,51,17,12,10,90,0,3,26,17,46,51,20,38,27,136,35,0,35,171
01/16/2022,PNS,FL,ASO,ES,Towers with Radar,36,19,18,1,74,0,1,3,3,7,36,20,21,4,81,2,0,2,83
01/17/2022,PNS,FL,ASO,ES,Towers with Radar,54,24,33,1,112,0,2,70,10,82,54,26,103,11,194,78,0,78,272
01/18/2022,PNS,FL,ASO,ES,Towers with Radar,53,19,26,30,128,0,5,76,71,152,53,24,102,101,280,172,21,193,473
01/19/2022,PNS,FL,ASO,ES,Towers with Radar,53,24,31,45,153,0,7,53,66,126,53,31,84,111,279,108,20,128,407
01/20/2022,PNS,FL,ASO,ES,Towers with Radar,60,29,20,2,111,0,0,1,0,1,60,29,21,2,112,0,0,0,112
01/21/2022,PNS,FL,ASO,ES,Towers with Radar,59,18,15,22,114,0,2,2,11,15,59,20,17,33,129,0,3,3,132
01/22/2022,PNS,FL,ASO,ES,Towers with Radar,47,12,23,21,103,0,6,63,58,127,47,18,86,79,230,76,11,87,317
01/23/2022,PNS,FL,ASO,ES,Towers with Radar,52,13,33,14,112,0,16,65,52,133,52,29,98,66,245,119,4,123,368
01/24/2022,PNS,FL,ASO,ES,Towers with Radar,57,23,29,41,150,0,6,70,73,149,57,29,99,114,299,48,2,50,349
01/25/2022,PNS,FL,ASO,ES,Towers with Radar,52,16,8,0,76,0,0,0,0,0,52,16,8,0,76,0,0,0,76
01/26/2022,PNS,FL,ASO,ES,Towers with Radar,59,19,38,15,131,0,11,51,62,124,59,30,89,77,255,55,0,55,310
01/27/2022,PNS,FL,ASO,ES,Towers with Radar,59,19,44,16,138,0,11,69,57,137,59,30,113,73,275,140,0,140,415
01/28/2022,PNS,FL,ASO,ES,Towers with Radar,63,17,36,7,123,0,11,44,30,85,63,28,80,37,208,40,12,52,260
01/29/2022,PNS,FL,ASO,ES,Towers with Radar,46,14,21,7,88,0,1,54,17,72,46,15,75,24,160,42,0,42,202
01/30/2022,PNS,FL,ASO,ES,Towers with Radar,52,18,28,11,109,0,4,44,19,67,52,22,72,30,176,42,0,42,218
01/31/2022,PNS,FL,ASO,ES,Towers with Radar,55,23,26,26,130,0,3,75,55,133,55,26,101,81,263,84,6,90,353
02/01/2022,PNS,FL,ASO,ES,Towers with Radar,53,18,22,30,123,0,10,37,62,109,53,28,59,92,232,50,3,53,285
02/02/2022,PNS,FL,ASO,ES,Towers with Radar,55,17,20,22,114,0,2,5,19,26,55,19,25,41,140,7,0,7,147
02/03/2022,PNS,FL,ASO,ES,Towers with Radar,49,24,8,10,91,0,0,0,0,0,49,24,8,10,91,0,0,0,91
02/04/2022,PNS,FL,ASO,ES,Towers with Radar,45,18,11,4,78,0,0,0,0,0,45,18,11,4,78,0,0,0,78
02/05/2022,PNS,FL,ASO,ES,Towers with Radar,53,16,31,5,105,0,13,34,25,72,53,29,65,30,177,41,0,41,218
02/06/2022,PNS,FL,ASO,ES,Towers with Radar,53,9,30,8,100,0,2,72,29,103,53,11,102,37,203,140,0,140,343
02/07/2022,PNS,FL,ASO,ES,Towers with Radar,56,17,16,0,89,0,0,2,0,2,56,17,18,0,91,0,0,0,91
02/08/2022,PNS,FL,ASO,ES,Towers with Radar,53,19,29,26,127,0,2,61,63,126,53,21,90,89,253,132,6,138,391
02/09/2022,PNS,FL,ASO,ES,Towers with Radar,55,15,29,18,117,0,1,86,49,136,55,16,115,67,253,150,5,155,408
02/10/2022,PNS,FL,ASO,ES,Towers with Radar,58,28,29,12,127,0,5,77,58,140,58,33,106,70,267,129,30,159,426
02/11/2022,PNS,FL,ASO,ES,Towers with Radar,65,21,26,17,129,0,3,75,58,136,65,24,101,75,265,120,10,130,395
02/12/2022,PNS,FL,ASO,ES,Towers with Radar,58,10,33,6,107,0,5,49,27,81,58,15,82,33,188,162,0,162,350
02/13/2022,PNS,FL,ASO,ES,Towers with Radar,56,13,26,6,101,0,8,27,21,56,56,21,53,27,157,22,0,22,179
02/14/2022,PNS,FL,ASO,ES,Towers with Radar,63,14,13,16,106,4,5,46,51,106,67,19,59,67,212,81,2,83,295
02/15/2022,PNS,FL,ASO,ES,Towers with Radar,58,16,25,45,144,0,8,50,84,142,58,24,75,129,286,161,22,183,469
02/16/2022,PNS,FL,ASO,ES,Towers with Radar,56,19,46,34,155,0,9,39,63,111,56,28,85,97,266,70,42,112,378
02/17/2022,PNS,FL,ASO,ES,Towers with Radar,58,23,23,6,110,0,0,0,0,0,58,23,23,6,110,0,0,0,110
02/18/2022,PNS,FL,ASO,ES,Towers with Radar,61,25,33,19,138,0,3,19,23,45,61,28,52,42,183,58,18,76,259
02/19/2022,PNS,FL,ASO,ES,Towers with Radar,58,11,17,16,102,0,14,49,13,76,58,25,66,29,178,48,0,48,226
02/20/2022,PNS,FL,ASO,ES,Towers with Radar,57,9,51,10,127,0,4,62,29,95,57,13,113,39,222,99,0,99,321
02/21/2022,PNS,FL,ASO,ES,Towers with Radar,61,20,31,9,121,0,7,26,9,42,61,27,57,18,163,141,0,141,304
02/22/2022,PNS,FL,ASO,ES,Towers with Radar,63,23,25,29,140,0,1,1,7,9,63,24,26,36,149,0,0,0,149
02/23/2022,PNS,FL,ASO,ES,Towers with Radar,55,23,32,13,123,0,0,0,0,0,55,23,32,13,123,0,0,0,123
02/24/2022,PNS,FL,ASO,ES,Towers with Radar,51,26,32,48,157,0,0,7,6,13,51,26,39,54,170,12,0,12,182
02/25/2022,PNS,FL,ASO,ES,Towers with Radar,63,21,34,31,149,0,7,11,50,68,63,28,45,81,217,45,64,109,326
02/26/2022,PNS,FL,ASO,ES,Towers with Radar,58,19,31,19,127,0,0,72,55,127,58,19,103,74,254,158,9,167,421
02/27/2022,PNS,FL,ASO,ES,Towers with Radar,58,13,42,38,151,0,2,26,19,47,58,15,68,57,198,44,0,44,242
02/28/2022,PNS,FL,ASO,ES,Towers with Radar,59,22,48,26,155,0,9,51,72,132,59,31,99,98,287,126,6,132,419
03/01/2022,PNS,FL,ASO,ES,Towers with Radar,58,26,48,14,146,0,6,61,76,143,58,32,109,90,289,174,2,176,465
03/02/2022,PNS,FL,ASO,ES,Towers with Radar,59,23,49,34,165,0,1,75,58,134,59,24,124,92,299,144,0,144,443
03/03/2022,PNS,FL,ASO,ES,Towers with Radar,64,30,48,33,175,0,8,56,62,126,64,38,104,95,301,124,0,124,425
03/04/2022,PNS,FL,ASO,ES,Towers with Radar,65,30,45,48,188,0,4,63,68,135,65,34,108,116,323,122,42,164,487
03/05/2022,PNS,FL,ASO,ES,Towers with Radar,68,14,22,12,116,0,1,59,76,136,68,15,81,88,252,118,9,127,379
03/06/2022,PNS,FL,ASO,ES,Towers with Radar,65,18,44,27,154,0,2,40,20,62,65,20,84,47,216,46,0,46,262
03/07/2022,PNS,FL,ASO,ES,Towers with Radar,61,27,27,50,165,0,3,0,0,3,61,30,27,50,168,0,0,0,168
03/08/2022,PNS,FL,ASO,ES,Towers with Radar,54,26,22,8,110,0,1,0,4,5,54,27,22,12,115,8,0,8,123
03/09/2022,PNS,FL,ASO,ES,Towers with Radar,53,20,21,2,96,0,0,0,0,0,53,20,21,2,96,0,0,0,96
03/10/2022,PNS,FL,ASO,ES,Towers with Radar,62,27,25,16,130,1,4,30,41,76,63,31,55,57,206,70,24,94,300
03/11/2022,PNS,FL,ASO,ES,Towers with Radar,63,23,21,28,135,0,0,0,0,0,63,23,21,28,135,0,0,0,135
03/12/2022,PNS,FL,ASO,ES,Towers with Radar,77,15,21,6,119,0,5,4,8,17,77,20,25,14,136,0,0,0,136
03/13/2022,PNS,FL,ASO,ES,Towers with Radar,62,20,33,15,130,0,5,57,36,98,62,25,90,51,228,93,0,93,321
03/14/2022,PNS,FL,ASO,ES,Towers with Radar,60,32,40,28,160,0,4,51,65,120,60,36,91,93,280,130,0,130,410
03/15/2022,PNS,FL,ASO,ES,Towers with Radar,56,27,15,28,126,0,2,1,1,4,56,29,16,29,130,0,0,0,130
03/16/2022,PNS,FL,ASO,ES,Towers with Radar,62,28,40,25,155,0,0,34,39,73,62,28,74,64,228,77,36,113,341
03/17/2022,PNS,FL,ASO,ES,Towers with Radar,63,31,52,31,177,0,5,66,67,138,63,36,118,98,315,116,8,124,439
03/18/2022,PNS,FL,ASO,ES,Towers with Radar,66,26,24,7,123,0,1,4,4,9,66,27,28,11,132,28,0,28,160
03/19/2022,PNS,FL,ASO,ES,Towers with Radar,76,19,58,12,165,0,2,65,68,135,76,21,123,80,300,91,24,115,415
03/20/2022,PNS,FL,ASO,ES,Towers with Radar,64,19,40,13,136,0,3,64,19,86,64,22,104,32,222,167,0,167,389
03/21/2022,PNS,FL,ASO,ES,Towers with Radar,58,23,29,71,181,0,6,53,42,101,58,29,82,113,282,75,8,83,365
03/22/2022,PNS,FL,ASO,ES,Towers with Radar,57,19,14,32,122,0,1,0,11,12,57,20,14,43,134,16,0,16,150
03/23/2022,PNS,FL,ASO,ES,Towers with Radar,60,20,28,36,144,0,1,32,89,122,60,21,60,125,266,124,25,149,415
03/24/2022,PNS,FL,ASO,ES,Towers with Radar,61,29,39,30,159,0,3,71,72,146,61,32,110,102,305,127,8,135,440
03/25/2022,PNS,FL,ASO,ES,Towers with Radar,64,29,52,41,186,0,3,60,64,127,64,32,112,105,313,62,44,106,419
03/26/2022,PNS,FL,ASO,ES,Towers with Radar,78,18,40,30,166,0,4,73,51,128,78,22,113,81,294,121,7,128,422
03/27/2022,PNS,FL,ASO,ES,Towers with Radar,60,13,44,29,146,0,6,52,38,96,60,19,96,67,242,178,0,178,420
03/28/2022,PNS,FL,ASO,ES,Towers with Radar,62,21,28,41,152,0,0,58,62,120,62,21,86,103,272,68,19,87,359
03/29/2022,PNS,FL,ASO,ES,Towers with Radar,60,15,26,52,153,0,11,44,64,119,60,26,70,116,272,122,15,137,409
03/30/2022,PNS,FL,ASO,ES,Towers with Radar,55,13,19,18,105,0,1,13,27,41,55,14,32,45,146,10,8,18,164
03/31/2022,PNS,FL,ASO,ES,Towers with Radar,64,14,26,17,121,0,11,39,62,112,64,25,65,79,233,168,53,221,454
04/01/2022,PNS,FL,ASO,ES,Towers with Radar,59,24,33,30,146,0,4,60,68,132,59,28,93,98,278,204,13,217,495
04/02/2022,PNS,FL,ASO,ES,Towers with Radar,66,12,23,4,105,0,3,45,20,68,66,15,68,24,173,98,0,98,271
04/03/2022,PNS,FL,ASO,ES,Towers with Radar,60,11,38,10,119,0,7,68,27,102,60,18,106,37,221,157,0,157,378
04/04/2022,PNS,FL,ASO,ES,Towers with Radar,55,27,43,22,147,0,7,54,70,131,55,34,97,92,278,72,6,78,356
04/05/2022,PNS,FL,ASO,ES,Towers with Radar,61,16,15,1,93,0,0,0,0,0,61,16,15,1,93,0,0,0,93
04/06/2022,PNS,FL,ASO,ES,Towers with Radar,65,22,29,30,146,0,0,0,0,0,65,22,29,30,146,0,0,0,146
04/07/2022,PNS,FL,ASO,ES,Towers with Radar,63,22,34,26,145,0,1,48,47,96,63,23,82,73,241,22,0,22,263
04/08/2022,PNS,FL,ASO,ES,Towers with Radar,61,26,27,22,136,0,4,22,52,78,61,30,49,74,214,18,20,38,252
04/09/2022,PNS,FL,ASO,ES,Towers with Radar,70,21,34,11,136,0,9,42,49,100,70,30,76,60,236,70,0,70,306
04/10/2022,PNS,FL,ASO,ES,Towers with Radar,61,20,45,19,145,0,7,95,28,130,61,27,140,47,275,99,0,99,374
04/11/2022,PNS,FL,ASO,ES,Towers with Radar,64,24,34,57,179,0,2,35,41,78,64,26,69,98,257,98,3,101,358
04/12/2022,PNS,FL,ASO,ES,Towers with Radar,59,24,41,53,177,0,0,18,21,39,59,24,59,74,216,28,18,46,262
04/13/2022,PNS,FL,ASO,ES,Towers with Radar,60,21,53,30,164,0,3,5,9,17,60,24,58,39,181,25,0,25,206
04/14/2022,PNS,FL,ASO,ES,Towers with Radar,61,22,51,24,158,0,10,19,42,71,61,32,70,66,229,123,12,135,364
04/15/2022,PNS,FL,ASO,ES,Towers with Radar,60,27,52,49,188,0,5,85,59,149,60,32,137,108,337,128,0,128,465
04/16/2022,PNS,FL,ASO,ES,Towers with Radar,69,13,22,1,105,0,0,42,23,65,69,13,64,24,170,116,0,116,286
04/17/2022,PNS,FL,ASO,ES,Towers with Radar,62,20,32,7,121,0,0,2,1,3,62,20,34,8,124,14,0,14,138
04/18/2022,PNS,FL,ASO,ES,Towers with Radar,64,30,56,17,167,0,7,27,46,80,64,37,83,63,247,51,35,86,333
04/19/2022,PNS,FL,ASO,ES,Towers with Radar,62,21,45,21,149,0,4,56,63,123,62,25,101,84,272,86,14,100,372
04/20/2022,PNS,FL,ASO,ES,Towers with Radar,65,21,44,61,191,0,4,27,74,105,65,25,71,135,296,24,30,54,350
04/21/2022,PNS,FL,ASO,ES,Towers with Radar,60,23,51,36,170,0,0,55,65,120,60,23,106,101,290,116,0,116,406
04/22/2022,PNS,FL,ASO,ES,Towers with Radar,64,23,48,26,161,0,0,78,62,140,64,23,126,88,301,117,0,117,418
04/23/2022,PNS,FL,ASO,ES,Towers with Radar,72,17,24,10,123,0,2,35,12,49,72,19,59,22,172,78,0,78,250
04/24/2022,PNS,FL,ASO,ES,Towers with Radar,59,20,46,25,150,0,4,22,12,38,59,24,68,37,188,48,0,48,236
04/25/2022,PNS,FL,ASO,ES,Towers with Radar,61,25,38,33,157,0,4,50,63,117,61,29,88,96,274,255,0,255,529
04/26/2022,PNS,FL,ASO,ES,Towers with Radar,63,29,36,16,144,0,5,21,40,66,63,34,57,56,210,96,10,106,316
04/27/2022,PNS,FL,ASO,ES,Towers with Radar,62,22,42,11,137,0,6,76,73,155,62,28,118,84,292,111,0,111,403
04/28/2022,PNS,FL,ASO,ES,Towers with Radar,66,24,43,13,146,0,9,67,68,144,66,33,110,81,290,170,28,198,488
04/29/2022,PNS,FL,ASO,ES,Towers with Radar,64,25,45,23,157,0,2,14,23,39,64,27,59,46,196,36,0,36,232
04/30/2022,PNS,FL,ASO,ES,Towers with Radar,68,16,17,9,110,0,9,20,12,41,68,25,37,21,151,132,0,132,283
05/01/2022,PNS,FL,ASO,ES,Towers with Radar,62,16,24,25,127,0,7,21,26,54,62,23,45,51,181,104,0,104,285
05/02/2022,PNS,FL,ASO,ES,Towers with Radar,61,25,55,64,205,0,0,50,55,105,61,25,105,119,310,54,0,54,364
05/03/2022,PNS,FL,ASO,ES,Towers with Radar,62,20,46,55,183,0,8,67,61,136,62,28,113,116,319,129,59,188,507
05/04/2022,PNS,FL,ASO,ES,Towers with Radar,61,19,47,27,154,0,1,51,50,102,61,20,98,77,256,122,2,124,380
05/05/2022,PNS,FL,ASO,ES,Towers with Radar,63,24,35,54,176,0,2,56,57,115,63,26,91,111,291,101,0,101,392
05/06/2022,PNS,FL,ASO,ES,Towers with Radar,62,23,26,12,123,0,2,5,20,27,62,25,31,32,150,0,8,8,158
05/07/2022,PNS,FL,ASO,ES,Towers with Radar,73,17,25,9,124,0,3,56,50,109,73,20,81,59,233,75,4,79,312
05/08/2022,PNS,FL,ASO,ES,Towers with Radar,63,11,33,10,117,0,10,53,16,79,63,21,86,26,196,64,0,64,260
05/09/2022,PNS,FL,ASO,ES,Towers with Radar,69,27,50,53,199,0,3,44,66,113,69,30,94,119,312,102,20,122,434
05/10/2022,PNS,FL,ASO,ES,Towers with Radar,65,20,49,31,165,1,16,67,59,143,66,36,116,90,308,86,0,86,394
05/11/2022,PNS,FL,ASO,ES,Towers with Radar,63,24,58,21,166,0,8,66,46,120,63,32,124,67,286,157,9,166,452
05/12/2022,PNS,FL,ASO,ES,Towers with Radar,68,23,47,37,175,0,4,42,61,107,68,27,89,98,282,138,11,149,431
05/13/2022,PNS,FL,ASO,ES,Towers with Radar,70,24,30,19,143,0,8,58,38,104,70,32,88,57,247,111,6,117,364
05/14/2022,PNS,FL,ASO,ES,Towers with Radar,71,13,31,18,133,0,2,50,27,79,71,15,81,45,212,140,14,154,366
05/15/2022,PNS,FL,ASO,ES,Towers with Radar,66,14,33,5,118,0,2,37,14,53,66,16,70,19,171,56,0,56,227
05/16/2022,PNS,FL,ASO,ES,Towers with Radar,65,18,48,41,172,0,4,56,69,129,65,22,104,110,301,164,0,164,465
05/17/2022,PNS,FL,ASO,ES,Towers with Radar,63,25,43,31,162,0,2,57,64,123,63,27,100,95,285,110,8,118,403
05/18/2022,PNS,FL,ASO,ES,Towers with Radar,64,24,57,35,180,0,5,40,35,80,64,29,97,70,260,142,3,145,405
05/19/2022,PNS,FL,ASO,ES,Towers with Radar,70,18,51,41,180,0,7,61,50,118,70,25,112,91,298,148,0,148,446
05/20/2022,PNS,FL,ASO,ES,Towers with Radar,63,19,48,28,158,0,9,21,30,60,63,28,69,58,218,58,5,63,281
05/21/2022,PNS,FL,ASO,ES,Towers with Radar,65,16,48,41,170,0,3,11,25,39,65,19,59,66,209,0,0,0,209
05/22/2022,PNS,FL,ASO,ES,Towers with Radar,65,11,24,13,113,0,2,16,11,29,65,13,40,24,142,0,0,0,142
05/23/2022,PNS,FL,ASO,ES,Towers with Radar,63,22,37,40,162,0,0,17,11,28,63,22,54,51,190,22,0,22,212
05/24/2022,PNS,FL,ASO,ES,Towers with Radar,63,24,33,80,200,0,9,15,9,33,63,33,48,89,233,26,20,46,279
05/25/2022,PNS,FL,ASO,ES,Towers with Radar,62,18,26,37,143,0,4,6,10,20,62,22,32,47,163,4,30,34,197
05/26/2022,PNS,FL,ASO,ES,Towers with Radar,68,17,19,17,121,0,1,10,4,15,68,18,29,21,136,0,0,0,136
05/27/2022,PNS,FL,ASO,ES,Towers with Radar,64,19,71,11,165,0,10,76,48,134,64,29,147,59,299,84,1,85,384
05/28/2022,PNS,FL,ASO,ES,Towers with Radar,71,19,22,2,114,0,9,68,31,108,71,28,90,33,222,42,0,42,264
05/29/2022,PNS,FL,ASO,ES,Towers with Radar,63,11,27,1,102,0,8,32,9,49,63,19,59,10,151,92,0,92,243
05/30/2022,PNS,FL,ASO,ES,Towers with Radar,64,20,40,9,133,0,3,54,19,76,64,23,94,28,209,63,0,63,272
05/31/2022,PNS,FL,ASO,ES,Towers with Radar,60,21,36,73,190,0,3,45,96,144,60,24,81,169,334,106,18,124,458
06/01/2022,PNS,FL,ASO,ES,Towers with Radar,63,20,39,44,166,0,5,37,54,96,63,25,76,98,262,104,44,148,410
06/02/2022,PNS,FL,ASO,ES,Towers with Radar,71,21,33,30,155,0,7,60,48,115,71,28,93,78,270,104,0,104,374
06/03/2022,PNS,FL,ASO,ES,Towers with Radar,67,26,38,35,166,0,5,46,57,108,67,31,84,92,274,60,18,78,352
06/04/2022,PNS,FL,ASO,ES,Towers with Radar,82,15,41,6,144,0,15,65,26,106,82,30,106,32,250,113,0,113,363
06/05/2022,PNS,FL,ASO,ES,Towers with Radar,60,12,34,7,113,0,1,36,24,61,60,13,70,31,174,56,0,56,230
06/06/2022,PNS,FL,ASO,ES,Towers with Radar,64,19,33,36,152,0,5,38,56,99,64,24,71,92,251,116,23,139,390
06/07/2022,PNS,FL,ASO,ES,Towers with Radar,63,16,35,43,157,0,4,70,63,137,63,20,105,106,294,181,6,187,481
06/08/2022,PNS,FL,ASO,ES,Towers with Radar,62,22,42,42,168,0,8,71,66,145,62,30,113,108,313,66,18,84,397
06/09/2022,PNS,FL,ASO,ES,Towers with Radar,62,23,40,31,156,0,6,27,68,101,62,29,67,99,257,88,44,132,389
06/10/2022,PNS,FL,ASO,ES,Towers with Radar,65,23,23,18,129,0,9,40,32,81,65,32,63,50,210,74,0,74,284
06/11/2022,PNS,FL,ASO,ES,Towers with Radar,77,10,32,22,141,0,10,52,46,108,77,20,84,68,249,116,0,116,365
06/12/2022,PNS,FL,ASO,ES,Towers with Radar,63,12,35,13,123,0,1,27,23,51,63,13,62,36,174,6,0,6,180
06/13/2022,PNS,FL,ASO,ES,Towers with Radar,64,22,33,2,121,0,12,34,15,61,64,34,67,17,182,102,0,102,284
06/14/2022,PNS,FL,ASO,ES,Towers with Radar,68,20,35,57,180,0,13,44,69,126,68,33,79,126,306,83,0,83,389
06/15/2022,PNS,FL,ASO,ES,Towers with Radar,62,24,36,57,179,0,8,62,81,151,62,32,98,138,330,112,0,112,442
06/16/2022,PNS,FL,ASO,ES,Towers with Radar,62,16,39,54,171,0,8,58,65,131,62,24,97,119,302,166,12,178,480
06/17/2022,PNS,FL,ASO,ES,Towers with Radar,62,29,25,43,159,0,16,70,54,140,62,45,95,97,299,189,0,189,488
06/18/2022,PNS,FL,ASO,ES,Towers with Radar,73,20,32,8,133,0,11,67,25,103,73,31,99,33,236,98,1,99,335
06/19/2022,PNS,FL,ASO,ES,Towers with Radar,65,15,28,10,118,0,14,40,19,73,65,29,68,29,191,61,0,61,252
06/20/2022,PNS,FL,ASO,ES,Towers with Radar,65,22,38,4,129,0,6,53,19,78,65,28,91,23,207,168,8,176,383
06/21/2022,PNS,FL,ASO,ES,Towers with Radar,63,24,30,28,145,0,6,53,50,109,63,30,83,78,254,210,16,226,480
06/22/2022,PNS,FL,ASO,ES,Towers with Radar,59,22,40,22,143,0,4,89,61,154,59,26,129,83,297,150,10,160,457
06/23/2022,PNS,FL,ASO,ES,Towers with Radar,63,25,33,55,176,0,10,62,68,140,63,35,95,123,316,106,0,106,422
06/24/2022,PNS,FL,ASO,ES,Towers with Radar,59,26,43,27,155,0,5,60,47,112,59,31,103,74,267,82,10,92,359
06/25/2022,PNS,FL,ASO,ES,Towers with Radar,74,13,15,7,109,0,2,14,24,40,74,15,29,31,149,26,0,26,175
06/26/2022,PNS,FL,ASO,ES,Towers with Radar,59,18,37,14,128,0,2,25,31,58,59,20,62,45,186,65,0,65,251
06/27/2022,PNS,FL,ASO,ES,Towers with Radar,67,26,37,16,146,0,3,62,57,122,67,29,99,73,268,185,0,185,453
06/28/2022,PNS,FL,ASO,ES,Towers with Radar,71,21,36,25,153,0,7,56,59,122,71,28,92,84,275,90,18,108,383
06/29/2022,PNS,FL,ASO,ES,Towers with Radar,64,17,30,21,132,0,7,22,20,49,64,24,52,41,181,52,2,54,235
06/30/2022,PNS,FL,ASO,ES,Towers with Radar,67,21,34,60,182,0,2,11,9,22,67,23,45,69,204,13,0,13,217
07/01/2022,PNS,FL,ASO,ES,Towers with Radar,66,23,25,26,140,0,0,7,37,44,66,23,32,63,184,86,12,98,282
07/02/2022,PNS,FL,ASO,ES,Towers with Radar,81,10,35,2,128,0,1,21,2,24,81,11,56,4,152,0,0,0,152
07/03/2022,PNS,FL,ASO,ES,Towers with Radar,63,10,15,1,89,0,2,10,3,15,63,12,25,4,104,16,0,16,120
07/04/2022,PNS,FL,ASO,ES,Towers with Radar,70,14,18,0,102,0,4,16,0,20,70,18,34,0,122,0,0,0,122
07/05/2022,PNS,FL,ASO,ES,Towers with Radar,66,15,41,7,129,0,3,33,14,50,66,18,74,21,179,103,13,116,295
07/06/2022,PNS,FL,ASO,ES,Towers with Radar,64,22,40,29,155,0,9,51,82,142,64,31,91,111,297,146,22,168,465
07/07/2022,PNS,FL,ASO,ES,Towers with Radar,68,22,42,56,188,0,11,48,60,119,68,33,90,116,307,33,0,33,340
07/08/2022,PNS,FL,ASO,ES,Towers with Radar,63,20,36,22,141,0,7,56,84,147,63,27,92,106,288,33,5,38,326
07/09/2022,PNS,FL,ASO,ES,Towers with Radar,81,12,15,14,122,0,4,39,46,89,81,16,54,60,211,0,0,0,211
07/10/2022,PNS,FL,ASO,ES,Towers with Radar,66,13,43,21,143,0,4,23,12,39,66,17,66,33,182,48,0,48,230
07/11/2022,PNS,FL,ASO,ES,Towers with Radar,70,17,32,9,128,0,2,34,33,69,70,19,66,42,197,42,23,65,262
07/12/2022,PNS,FL,ASO,ES,Towers with Radar,65,18,27,20,130,0,4,6,29,39,65,22,33,49,169,22,13,35,204
07/13/2022,PNS,FL,ASO,ES,Towers with Radar,62,25,34,43,164,0,1,26,20,47,62,26,60,63,211,130,6,136,347
07/14/2022,PNS,FL,ASO,ES,Towers with Radar,69,22,34,16,141,0,2,12,23,37,69,24,46,39,178,65,0,65,243
07/15/2022,PNS,FL,ASO,ES,Towers with Radar,67,18,45,9,139,0,3,53,62,118,67,21,98,71,257,151,49,200,457
07/16/2022,PNS,FL,ASO,ES,Towers with Radar,82,15,31,26,154,0,4,62,46,112,82,19,93,72,266,171,0,171,437
07/17/2022,PNS,FL,ASO,ES,Towers with Radar,68,9,23,11,111,0,6,66,23,95,68,15,89,34,206,89,0,89,295
07/18/2022,PNS,FL,ASO,ES,Towers with Radar,63,17,21,43,144,0,6,47,73,126,63,23,68,116,270,142,8,150,420
07/19/2022,PNS,FL,ASO,ES,Towers with Radar,66,17,47,16,146,0,3,62,54,119,66,20,109,70,265,132,4,136,401
07/20/2022,PNS,FL,ASO,ES,Towers with Radar,65,23,31,38,157,0,5,34,50,89,65,28,65,88,246,128,19,147,393
07/21/2022,PNS,FL,ASO,ES,Towers with Radar,77,20,48,19,164,0,2,47,70,119,77,22,95,89,283,69,62,131,414
07/22/2022,PNS,FL,ASO,ES,Towers with Radar,68,23,36,30,157,0,3,32,40,75,68,26,68,70,232,55,23,78,310
07/23/2022,PNS,FL,ASO,ES,Towers with Radar,82,17,38,15,152,0,5,32,43,80,82,22,70,58,232,123,2,125,357
07/24/2022,PNS,FL,ASO,ES,Towers with Radar,66,11,30,23,130,0,5,29,48,82,66,16,59,71,212,47,0,47,259
07/25/2022,PNS,FL,ASO,ES,Towers with Radar,65,20,19,43,147,0,2,23,56,81,65,22,42,99,228,77,20,97,325
07/26/2022,PNS,FL,ASO,ES,Towers with Radar,64,21,39,42,166,0,5,38,85,128,64,26,77,127,294,156,9,165,459
07/27/2022,PNS,FL,ASO,ES,Towers with Radar,61,30,34,9,134,0,9,35,43,87,61,39,69,52,221,164,25,189,410
07/28/2022,PNS,FL,ASO,ES,Towers with Radar,67,25,21,17,130,0,0,29,51,80,67,25,50,68,210,105,4,109,319
07/29/2022,PNS,FL,ASO,ES,Towers with Radar,63,20,30,23,136,0,4,36,51,91,63,24,66,74,227,71,23,94,321
07/30/2022,PNS,FL,ASO,ES,Towers with Radar,81,13,26,3,123,0,0,45,26,71,81,13,71,29,194,47,2,49,243
07/31/2022,PNS,FL,ASO,ES,Towers with Radar,68,14,31,31,144,0,8,58,38,104,68,22,89,69,248,130,0,130,378
08/01/2022,PNS,FL,ASO,ES,Towers with Radar,65,19,32,13,129,0,3,32,25,60,65,22,64,38,189,102,4,106,295
08/02/2022,PNS,FL,ASO,ES,Towers with Radar,65,15,18,27,125,0,3,15,36,54,65,18,33,63,179,31,8,39,218
08/03/2022,PNS,FL,ASO,ES,Towers with Radar,62,23,34,34,153,0,6,46,58,110,62,29,80,92,263,227,4,231,494
08/04/2022,PNS,FL,ASO,ES,Towers with Radar,62,21,44,43,170,0,4,41,52,97,62,25,85,95,267,128,22,150,417
08/05/2022,PNS,FL,ASO,ES,Towers with Radar,58,24,50,48,180,0,12,66,61,139,58,36,116,109,319,122,10,132,451
08/06/2022,PNS,FL,ASO,ES,Towers with Radar,79,14,30,6,129,0,6,49,29,84,79,20,79,35,213,205,4,209,422
08/07/2022,PNS,FL,ASO,ES,Towers with Radar,62,22,39,12,135,0,6,43,29,78,62,28,82,41,213,33,0,33,246
08/08/2022,PNS,FL,ASO,ES,Towers with Radar,62,27,35,18,142,0,7,37,41,85,62,34,72,59,227,75,18,93,320
08/09/2022,PNS,FL,ASO,ES,Towers with Radar,66,16,25,40,147,0,7,44,58,109,66,23,69,98,256,72,15,87,343
08/10/2022,PNS,FL,ASO,ES,Towers with Radar,54,19,40,24,137,0,4,30,37,71,54,23,70,61,208,78,0,78,286
08/11/2022,PNS,FL,ASO,ES,Towers with Radar,59,22,22,28,131,0,1,7,11,19,59,23,29,39,150,0,0,0,150
08/12/2022,PNS,FL,ASO,ES,Towers with Radar,63,26,24,74,187,0,5,38,38,81,63,31,62,112,268,138,16,154,422
08/13/2022,PNS,FL,ASO,ES,Towers with Radar,80,12,26,11,129,0,3,37,38,78,80,15,63,49,207,85,0,85,292
08/14/2022,PNS,FL,ASO,ES,Towers with Radar,59,11,32,15,117,0,3,35,39,77,59,14,67,54,194,152,10,162,356
08/15/2022,PNS,FL,ASO,ES,Towers with Radar,61,24,38,42,165,0,6,78,55,139,61,30,116,97,304,51,0,51,355
08/16/2022,PNS,FL,ASO,ES,Towers with Radar,65,16,40,10,131,0,0,55,41,96,65,16,95,51,227,93,2,95,322
08/17/2022,PNS,FL,ASO,ES,Towers with Radar,59,23,29,16,127,0,2,66,47,115,59,25,95,63,242,160,6,166,408
08/18/2022,PNS,FL,ASO,ES,Towers with Radar,57,20,25,8,110,0,4,35,19,58,57,24,60,27,168,61,10,71,239
08/19/2022,PNS,FL,ASO,ES,Towers with Radar,58,19,35,40,152,0,2,32,67,101,58,21,67,107,253,79,5,84,337
08/20/2022,PNS,FL,ASO,ES,Towers with Radar,76,15,21,9,121,0,6,42,37,85,76,21,63,46,206,142,8,150,356
08/21/2022,PNS,FL,ASO,ES,Towers with Radar,57,17,22,8,104,0,0,25,33,58,57,17,47,41,162,27,0,27,189
08/22/2022,PNS,FL,ASO,ES,Towers with Radar,56,20,35,22,133,0,2,39,38,79,56,22,74,60,212,23,23,46,258
08/23/2022,PNS,FL,ASO,ES,Towers with Radar,57,17,27,16,117,0,1,36,41,78,57,18,63,57,195,125,43,168,363
08/24/2022,PNS,FL,ASO,ES,Towers with Radar,57,18,33,6,114,0,0,19,19,38,57,18,52,25,152,72,6,78,230
08/25/2022,PNS,FL,ASO,ES,Towers with Radar,59,22,28,4,113,0,0,1,0,1,59,22,29,4,114,0,0,0,114
08/26/2022,PNS,FL,ASO,ES,Towers with Radar,58,32,38,17,145,0,4,31,30,65,58,36,69,47,210,54,34,88,298
08/27/2022,PNS,FL,ASO,ES,Towers with Radar,78,16,23,10,127,0,4,47,40,91,78,20,70,50,218,170,8,178,396
08/28/2022,PNS,FL,ASO,ES,Towers with Radar,57,16,28,8,109,0,3,40,39,82,57,19,68,47,191,128,0,128,319
08/29/2022,PNS,FL,ASO,ES,Towers with Radar,58,22,29,25,134,0,3,67,55,125,58,25,96,80,259,0,0,0,259
08/30/2022,PNS,FL,ASO,ES,Towers with Radar,65,22,45,6,138,0,3,68,46,117,65,25,113,52,255,92,0,92,347
08/31/2022,PNS,FL,ASO,ES,Towers with Radar,59,22,45,13,139,0,4,78,44,126,59,26,123,57,265,139,16,155,420
09/01/2022,PNS,FL,ASO,ES,Towers with Radar,56,20,32,28,136,0,0,55,57,112,56,20,87,85,248,156,27,183,431
09/02/2022,PNS,FL,ASO,ES,Towers with Radar,59,25,43,17,144,0,3,50,45,98,59,28,93,62,242,152,12,164,406
09/03/2022,PNS,FL,ASO,ES,Towers with Radar,77,11,29,9,126,0,5,21,16,42,77,16,50,25,168,37,0,37,205
09/04/2022,PNS,FL,ASO,ES,Towers with Radar,55,16,25,10,106,0,1,28,21,50,55,17,53,31,156,196,0,196,352
09/05/2022,PNS,FL,ASO,ES,Towers with Radar,59,16,25,2,102,0,2,48,11,61,59,18,73,13,163,104,0,104,267
09/06/2022,PNS,FL,ASO,ES,Towers with Radar,53,19,36,26,134,0,2,74,61,137,53,21,110,87,271,206,4,210,481
09/07/2022,PNS,FL,ASO,ES,Towers with Radar,46,19,25,24,114,0,4,55,55,114,46,23,80,79,228,146,41,187,415
09/08/2022,PNS,FL,ASO,ES,Towers with Radar,54,29,20,18,121,0,2,31,46,79,54,31,51,64,200,154,11,165,365
09/09/2022,PNS,FL,ASO,ES,Towers with Radar,52,22,14,13,101,0,2,1,10,13,52,24,15,23,114,0,0,0,114
09/10/2022,PNS,FL,ASO,ES,Towers with Radar,59,22,22,14,117,0,2,4,16,22,59,24,26,30,139,0,0,0,139
09/11/2022,PNS,FL,ASO,ES,Towers with Radar,55,19,26,13,113,0,4,31,15,50,55,23,57,28,163,52,2,54,217
09/12/2022,PNS,FL,ASO,ES,Towers with Radar,54,22,24,16,116,0,3,43,36,82,54,25,67,52,198,59,6,65,263
09/13/2022,PNS,FL,ASO,ES,Towers with Radar,49,23,47,17,136,0,4,91,53,148,49,27,138,70,284,184,0,184,468
09/14/2022,PNS,FL,ASO,ES,Towers with Radar,46,23,52,4,125,0,7,88,51,146,46,30,140,55,271,138,19,157,428
09/15/2022,PNS,FL,ASO,ES,Towers with Radar,56,24,41,12,133,0,7,66,48,121,56,31,107,60,254,137,0,137,391
09/16/2022,PNS,FL,ASO,ES,Towers with Radar,53,18,41,30,142,0,6,68,44,118,53,24,109,74,260,78,6,84,344
09/17/2022,PNS,FL,ASO,ES,Towers with Radar,61,11,24,23,119,0,6,59,50,115,61,17,83,73,234,54,10,64,298
09/18/2022,PNS,FL,ASO,ES,Towers with Radar,60,15,45,8,128,0,8,59,30,97,60,23,104,38,225,24,0,24,249
09/19/2022,PNS,FL,ASO,ES,Towers with Radar,54,26,40,26,146,0,6,49,62,117,54,32,89,88,263,63,11,74,337
09/20/2022,PNS,FL,ASO,ES,Towers with Radar,51,17,30,9,107,0,0,85,50,135,51,17,115,59,242,148,38,186,428
09/21/2022,PNS,FL,ASO,ES,Towers with Radar,48,20,36,18,122,0,2,67,56,125,48,22,103,74,247,139,12,151,398
09/22/2022,PNS,FL,ASO,ES,Towers with Radar,57,18,52,15,142,0,0,74,56,130,57,18,126,71,272,159,8,167,439
09/23/2022,PNS,FL,ASO,ES,Towers with Radar,53,22,46,10,131,0,6,61,46,113,53,28,107,56,244,140,0,140,384
09/24/2022,PNS,FL,ASO,ES,Towers with Radar,61,22,33,10,126,0,4,65,28,97,61,26,98,38,223,78,0,78,301
09/25/2022,PNS,FL,ASO,ES,Towers with Radar,58,18,34,14,124,0,10,51,21,82,58,28,85,35,206,85,0,85,291
09/26/2022,PNS,FL,ASO,ES,Towers with Radar,51,20,34,9,114,0,3,60,34,97,51,23,94,43,211,151,15,166,377
09/27/2022,PNS,FL,ASO,ES,Towers with Radar,49,22,29,14,114,0,5,38,45,88,49,27,67,59,202,34,0,34,236
09/28/2022,PNS,FL,ASO,ES,Towers with Radar,44,11,7,7,69,0,6,3,6,15,44,17,10,13,84,0,0,0,84
09/29/2022,PNS,FL,ASO,ES,Towers with Radar,57,24,21,14,116,0,7,15,24,46,57,31,36,38,162,28,0,28,190
09/30/2022,PNS,FL,ASO,ES,Towers with Radar,54,21,42,14,131,0,11,71,42,124,54,32,113,56,255,99,10,109,364
10/01/2022,PNS,FL,ASO,ES,Towers with Radar,58,15,25,3,101,0,2,49,33,84,58,17,74,36,185,117,0,117,302
10/02/2022,PNS,FL,ASO,ES,Towers with Radar,59,13,37,3,112,0,7,45,19,71,59,20,82,22,183,61,1,62,245
10/03/2022,PNS,FL,ASO,ES,Towers with Radar,53,32,26,22,133,0,6,77,39,122,53,38,103,61,255,162,13,175,430
10/04/2022,PNS,FL,ASO,ES,Towers with Radar,52,26,46,24,148,0,5,58,42,105,52,31,104,66,253,64,8,72,325
10/05/2022,PNS,FL,ASO,ES,Towers with Radar,48,24,51,21,144,0,8,87,50,145,48,32,138,71,289,145,13,158,447
10/06/2022,PNS,FL,ASO,ES,Towers with Radar,54,20,45,10,129,0,8,72,46,126,54,28,117,56,255,183,2,185,440
10/07/2022,PNS,FL,ASO,ES,Towers with Radar,51,21,44,26,142,0,4,74,38,116,51,25,118,64,258,99,78,177,435
10/08/2022,PNS,FL,ASO,ES,Towers with Radar,53,11,40,11,115,0,6,69,31,106,53,17,109,42,221,119,0,119,340
10/09/2022,PNS,FL,ASO,ES,Towers with Radar,58,12,44,2,116,0,4,52,22,78,58,16,96,24,194,30,0,30,224
10/10/2022,PNS,FL,ASO,ES,Towers with Radar,48,21,53,9,131,0,4,59,12,75,48,25,112,21,206,129,8,137,343
10/11/2022,PNS,FL,ASO,ES,Towers with Radar,52,20,31,57,160,0,3,64,80,147,52,23,95,137,307,147,0,147,454
10/12/2022,PNS,FL,ASO,ES,Towers with Radar,52,27,40,53,172,0,2,21,33,56,52,29,61,86,228,98,9,107,335
10/13/2022,PNS,FL,ASO,ES,Towers with Radar,52,21,42,24,139,0,5,59,46,110,52,26,101,70,249,177,12,189,438
10/14/2022,PNS,FL,ASO,ES,Towers with Radar,50,20,53,15,138,0,2,76,65,143,50,22,129,80,281,187,6,193,474
10/15/2022,PNS,FL,ASO,ES,Towers with Radar,53,11,26,17,107,0,3,80,34,117,53,14,106,51,224,123,0,123,347
10/16/2022,PNS,FL,ASO,ES,Towers with Radar,59,14,45,43,161,0,8,52,31,91,59,22,97,74,252,76,0,76,328
10/17/2022,PNS,FL,ASO,ES,Towers with Radar,50,26,33,12,121,0,0,33,50,83,50,26,66,62,204,187,35,222,426
10/18/2022,PNS,FL,ASO,ES,Towers with Radar,52,15,24,7,98,0,4,47,31,82,52,19,71,38,180,24,3,27,207
10/19/2022,PNS,FL,ASO,ES,Towers with Radar,50,21,36,31,138,0,5,91,56,152,50,26,127,87,290,167,2,169,459
10/20/2022,PNS,FL,ASO,ES,Towers with Radar,53,23,33,33,142,0,12,77,64,153,53,35,110,97,295,167,57,224,519
10/21/2022,PNS,FL,ASO,ES,Towers with Radar,52,22,43,22,139,0,6,68,46,120,52,28,111,68,259,134,6,140,399
10/22/2022,PNS,FL,ASO,ES,Towers with Radar,53,11,22,12,98,0,8,68,28,104,53,19,90,40,202,140,0,140,342
10/23/2022,PNS,FL,ASO,ES,Towers with Radar,57,16,35,21,129,0,3,67,27,97,57,19,102,48,226,0,0,0,226
10/24/2022,PNS,FL,ASO,ES,Towers with Radar,48,22,42,42,154,0,4,64,53,121,48,26,106,95,275,137,63,200,475
10/25/2022,PNS,FL,ASO,ES,Towers with Radar,51,17,33,27,128,0,1,5,6,12,51,18,38,33,140,6,0,6,146
10/26/2022,PNS,FL,ASO,ES,Towers with Radar,52,19,47,27,145,0,10,57,65,132,52,29,104,92,277,147,4,151,428
10/27/2022,PNS,FL,ASO,ES,Towers with Radar,52,19,51,44,166,0,4,80,75,159,52,23,131,119,325,176,2,178,503
10/28/2022,PNS,FL,ASO,ES,Towers with Radar,46,24,33,27,130,0,3,19,41,63,46,27,52,68,193,131,4,135,328
10/29/2022,PNS,FL,ASO,ES,Towers with Radar,49,14,23,5,91,0,0,2,1,3,49,14,25,6,94,0,0,0,94
10/30/2022,PNS,FL,ASO,ES,Towers with Radar,57,24,22,21,124,0,0,4,3,7,57,24,26,24,131,5,0,5,136
10/31/2022,PNS,FL,ASO,ES,Towers with Radar,41,27,32,10,110,0,2,72,41,115,41,29,104,51,225,88,14,102,327
11/01/2022,PNS,FL,ASO,ES,Towers with Radar,52,23,31,14,120,0,6,62,56,124,52,29,93,70,244,158,24,182,426
11/02/2022,PNS,FL,ASO,ES,Towers with Radar,54,23,39,16,132,0,8,69,51,128,54,31,108,67,260,106,0,106,366
11/03/2022,PNS,FL,ASO,ES,Towers with Radar,53,19,50,10,132,0,0,66,43,109,53,19,116,53,241,202,18,220,461
11/04/2022,PNS,FL,ASO,ES,Towers with Radar,54,17,35,21,127,0,6,61,37,104,54,23,96,58,231,117,6,123,354
11/05/2022,PNS,FL,ASO,ES,Towers with Radar,63,18,19,21,121,0,6,20,22,48,63,24,39,43,169,35,0,35,204
11/06/2022,PNS,FL,ASO,ES,Towers with Radar,54,8,49,11,122,0,5,60,31,96,54,13,109,42,218,53,0,53,271
11/07/2022,PNS,FL,ASO,ES,Towers with Radar,56,21,34,31,142,0,2,52,60,114,56,23,86,91,256,236,5,241,497
11/08/2022,PNS,FL,ASO,ES,Towers with Radar,50,24,31,48,153,0,1,63,65,129,50,25,94,113,282,161,6,167,449
11/09/2022,PNS,FL,ASO,ES,Towers with Radar,51,19,49,39,158,0,4,80,60,144,51,23,129,99,302,94,20,114,416
11/10/2022,PNS,FL,ASO,ES,Towers with Radar,57,19,39,49,164,0,4,37,75,116,57,23,76,124,280,32,0,32,312
11/11/2022,PNS,FL,ASO,ES,Towers with Radar,52,18,49,11,130,0,6,58,13,77,52,24,107,24,207,46,0,46,253
11/12/2022,PNS,FL,ASO,ES,Towers with Radar,56,13,48,16,133,0,2,45,12,59,56,15,93,28,192,6,0,6,198
11/13/2022,PNS,FL,ASO,ES,Towers with Radar,62,13,39,10,124,0,5,44,32,81,62,18,83,42,205,26,0,26,231
11/14/2022,PNS,FL,ASO,ES,Towers with Radar,58,17,32,46,153,0,5,60,70,135,58,22,92,116,288,74,18,92,380
11/15/2022,PNS,FL,ASO,ES,Towers with Radar,54,22,24,15,115,0,0,2,2,4,54,22,26,17,119,0,0,0,119
11/16/2022,PNS,FL,ASO,ES,Towers with Radar,56,19,36,21,132,0,6,46,56,108,56,25,82,77,240,163,8,171,411
11/17/2022,PNS,FL,ASO,ES,Towers with Radar,57,21,41,24,143,0,11,64,75,150,57,32,105,99,293,134,22,156,449
11/18/2022,PNS,FL,ASO,ES,Towers with Radar,55,21,33,22,131,0,3,66,60,129,55,24,99,82,260,147,0,147,407
11/19/2022,PNS,FL,ASO,ES,Towers with Radar,59,13,29,6,107,0,0,30,31,61,59,13,59,37,168,63,4,67,235
11/20/2022,PNS,FL,ASO,ES,Towers with Radar,56,13,32,16,117,0,2,34,26,62,56,15,66,42,179,22,0,22,201
11/21/2022,PNS,FL,ASO,ES,Towers with Radar,57,19,39,33,148,0,3,64,69,136,57,22,103,102,284,114,12,126,410
11/22/2022,PNS,FL,ASO,ES,Towers with Radar,59,21,45,6,131,0,0,59,36,95,59,21,104,42,226,150,0,150,376
11/23/2022,PNS,FL,ASO,ES,Towers with Radar,63,20,32,0,115,0,6,39,28,73,63,26,71,28,188,102,0,102,290
11/24/2022,PNS,FL,ASO,ES,Towers with Radar,36,8,14,0,58,0,1,0,0,1,36,9,14,0,59,0,0,0,59
11/25/2022,PNS,FL,ASO,ES,Towers with Radar,53,17,36,0,106,0,0,1,0,1,53,17,37,0,107,0,0,0,107
11/26/2022,PNS,FL,ASO,ES,Towers with Radar,90,16,22,0,128,0,0,0,0,0,90,16,22,0,128,0,0,0,128
11/27/2022,PNS,FL,ASO,ES,Towers with Radar,65,11,41,2,119,0,6,54,19,79,65,17,95,21,198,126,0,126,324
11/28/2022,PNS,FL,ASO,ES,Towers with Radar,61,16,31,31,139,0,2,60,52,114,61,18,91,83,253,84,56,140,393
11/29/2022,PNS,FL,ASO,ES,Towers with Radar,55,18,29,11,113,0,0,0,5,5,55,18,29,16,118,7,0,7,125
11/30/2022,PNS,FL,ASO,ES,Towers with Radar,48,17,28,23,116,0,2,5,38,45,48,19,33,61,161,14,0,14,175
12/01/2022,PNS,FL,ASO,ES,Towers with Radar,54,25,36,13,128,0,9,66,55,130,54,34,102,68,258,163,10,173,431
12/02/2022,PNS,FL,ASO,ES,Towers with Radar,52,17,57,25,151,0,2,9,8,19,52,19,66,33,170,14,0,14,184
12/03/2022,PNS,FL,ASO,ES,Towers with Radar,48,22,28,15,113,0,3,27,35,65,48,25,55,50,178,106,0,106,284
12/04/2022,PNS,FL,ASO,ES,Towers with Radar,49,20,30,19,118,0,2,5,7,14,49,22,35,26,132,0,0,0,132
12/05/2022,PNS,FL,ASO,ES,Towers with Radar,45,15,27,13,100,0,0,10,5,15,45,15,37,18,115,0,0,0,115
12/06/2022,PNS,FL,ASO,ES,Towers with Radar,56,23,28,20,127,0,1,24,28,53,56,24,52,48,180,143,23,166,346
12/07/2022,PNS,FL,ASO,ES,Towers with Radar,49,27,35,20,131,0,4,23,77,104,49,31,58,97,235,129,31,160,395
12/08/2022,PNS,FL,ASO,ES,Towers with Radar,52,21,40,24,137,0,2,20,14,36,52,23,60,38,173,64,9,73,246
12/09/2022,PNS,FL,ASO,ES,Towers with Radar,53,21,29,17,120,0,1,9,4,14,53,22,38,21,134,46,0,46,180
12/10/2022,PNS,FL,ASO,ES,Towers with Radar,56,13,23,10,102,0,2,19,18,39,56,15,42,28,141,115,0,115,256
12/11/2022,PNS,FL,ASO,ES,Towers with Radar,56,19,19,21,115,0,0,1,4,5,56,19,20,25,120,0,0,0,120
12/12/2022,PNS,FL,ASO,ES,Towers with Radar,49,29,29,28,135,0,0,6,30,36,49,29,35,58,171,18,45,63,234
12/13/2022,PNS,FL,ASO,ES,Towers with Radar,44,24,15,28,111,0,2,0,0,2,44,26,15,28,113,0,0,0,113
12/14/2022,PNS,FL,ASO,ES,Towers with Radar,47,16,15,0,78,0,1,2,2,5,47,17,17,2,83,2,0,2,85
12/15/2022,PNS,FL,ASO,ES,Towers with Radar,55,26,35,15,131,0,7,98,67,172,55,33,133,82,303,194,6,200,503
12/16/2022,PNS,FL,ASO,ES,Towers with Radar,53,19,46,14,132,0,1,113,45,159,53,20,159,59,291,162,0,162,453
12/17/2022,PNS,FL,ASO,ES,Towers with Radar,54,13,26,9,102,0,3,67,31,101,54,16,93,40,203,125,11,136,339
12/18/2022,PNS,FL,ASO,ES,Towers with Radar,54,14,29,6,103,0,4,72,25,101,54,18,101,31,204,29,0,29,233
12/19/2022,PNS,FL,ASO,ES,Towers with Radar,53,29,36,13,131,0,2,81,30,113,53,31,117,43,244,105,0,105,349
12/20/2022,PNS,FL,ASO,ES,Towers with Radar,53,16,19,12,100,0,0,0,9,9,53,16,19,21,109,0,25,25,134
12/21/2022,PNS,FL,ASO,ES,Towers with Radar,57,19,31,8,115,0,0,0,11,11,57,19,31,19,126,0,0,0,126
12/22/2022,PNS,FL,ASO,ES,Towers with Radar,56,19,20,16,111,0,4,6,11,21,56,23,26,27,132,82,0,82,214
12/23/2022,PNS,FL,ASO,ES,Towers with Radar,48,28,16,0,92,0,9,23,0,32,48,37,39,0,124,13,1,14,138
12/24/2022,PNS,FL,ASO,ES,Towers with Radar,32,9,5,1,47,0,0,5,3,8,32,9,10,4,55,48,0,48,103
12/25/2022,PNS,FL,ASO,ES,Towers with Radar,39,9,7,0,55,0,1,3,0,4,39,10,10,0,59,0,0,0,59
12/26/2022,PNS,FL,ASO,ES,Towers with Radar,44,16,26,0,86,0,6,52,13,71,44,22,78,13,157,106,0,106,263
12/27/2022,PNS,FL,ASO,ES,Towers with Radar,47,17,45,3,112,0,9,71,27,107,47,26,116,30,219,164,0,164,383
12/28/2022,PNS,FL,ASO,ES,Towers with Radar,50,28,39,8,125,0,5,45,47,97,50,33,84,55,222,115,16,131,353
12/29/2022,PNS,FL,ASO,ES,Towers with Radar,50,25,40,8,123,0,4,78,37,119,50,29,118,45,242,169,0,169,411
12/30/2022,PNS,FL,ASO,ES,Towers with Radar,54,22,10,1,87,0,0,0,0,0,54,22,10,1,87,0,0,0,87
12/31/2022,PNS,FL,ASO,ES,Towers with Radar,44,15,19,0,78,0,2,9,0,11,44,17,28,0,89,18,0,18,107
01/01/2023,PNS,FL,ASO,ES,Towers with Radar,36,7,21,0,64,0,2,12,2,16,36,9,33,2,80,13,0,13,93
01/02/2023,PNS,FL,ASO,ES,Towers with Radar,39,19,27,1,86,0,0,0,0,0,39,19,27,1,86,0,0,0,86
01/03/2023,PNS,FL,ASO,ES,Towers with Radar,64,20,17,20,121,0,2,1,0,3,64,22,18,20,124,0,0,0,124
01/04/2023,PNS,FL,ASO,ES,Towers with Radar,47,25,38,17,127,0,6,67,49,122,47,31,105,66,249,144,11,155,404
01/05/2023,PNS,FL,ASO,ES,Towers with Radar,46,23,41,41,151,0,4,104,81,189,46,27,145,122,340,148,28,176,516
01/06/2023,PNS,FL,ASO,ES,Towers with Radar,44,14,25,25,108,0,2,102,57,161,44,16,127,82,269,85,0,85,354
01/07/2023,PNS,FL,ASO,ES,Towers with Radar,53,12,26,12,103,0,0,100,45,145,53,12,126,57,248,113,5,118,366
01/08/2023,PNS,FL,ASO,ES,Towers with Radar,50,10,23,40,123,0,7,56,39,102,50,17,79,79,225,32,0,32,257
01/09/2023,PNS,FL,ASO,ES,Towers with Radar,51,22,29,11,113,0,2,68,67,137,51,24,97,78,250,141,15,156,406
01/10/2023,PNS,FL,ASO,ES,Towers with Radar,49,21,46,27,143,0,3,103,55,161,49,24,149,82,304,191,0,191,495
01/11/2023,PNS,FL,ASO,ES,Towers with Radar,39,21,37,40,137,0,3,31,64,98,39,24,68,104,235,112,38,150,385
01/12/2023,PNS,FL,ASO,ES,Towers with Radar,56,27,23,7,113,0,4,8,10,22,56,31,31,17,135,20,8,28,163
01/13/2023,PNS,FL,ASO,ES,Towers with Radar,50,16,39,35,140,0,2,27,40,69,50,18,66,75,209,78,19,97,306
01/14/2023,PNS,FL,ASO,ES,Towers with Radar,44,14,27,13,98,0,2,101,46,149,44,16,128,59,247,96,12,108,355
01/15/2023,PNS,FL,ASO,ES,Towers with Radar,51,12,30,14,107,0,6,79,29,114,51,18,109,43,221,100,10,110,331
01/16/2023,PNS,FL,ASO,ES,Towers with Radar,51,25,53,3,132,0,4,69,12,85,51,29,122,15,217,127,0,127,344
01/17/2023,PNS,FL,ASO,ES,Towers with Radar,50,22,41,43,156,0,0,45,79,124,50,22,86,122,280,45,8,53,333
01/18/2023,PNS,FL,ASO,ES,Towers with Radar,49,24,33,41,147,0,3,42,35,80,49,27,75,76,227,143,2,145,372
01/19/2023,PNS,FL,ASO,ES,Towers with Radar,55,22,24,38,139,0,5,54,76,135,55,27,78,114,274,123,20,143,417
01/20/2023,PNS,FL,ASO,ES,Towers with Radar,53,29,37,20,139,0,8,112,77,197,53,37,149,97,336,114,34,148,484
01/21/2023,PNS,FL,ASO,ES,Towers with Radar,49,14,20,29,112,0,2,19,54,75,49,16,39,83,187,98,20,118,305
01/22/2023,PNS,FL,ASO,ES,Towers with Radar,53,15,22,32,122,0,0,0,5,5,53,15,22,37,127,0,0,0,127
01/23/2023,PNS,FL,ASO,ES,Towers with Radar,54,26,21,14,115,0,3,62,57,122,54,29,83,71,237,176,24,200,437
01/24/2023,PNS,FL,ASO,ES,Towers with Radar,49,16,29,53,147,0,7,44,73,124,49,23,73,126,271,151,0,151,422
01/25/2023,PNS,FL,ASO,ES,Towers with Radar,49,13,37,25,124,0,3,57,55,115,49,16,94,80,239,150,6,156,395
01/26/2023,PNS,FL,ASO,ES,Towers with Radar,53,22,47,18,140,0,6,93,49,148,53,28,140,67,288,194,4,198,486
01/27/2023,PNS,FL,ASO,ES,Towers with Radar,52,22,39,47,160,0,7,96,79,182,52,29,135,126,342,204,27,231,573
01/28/2023,PNS,FL,ASO,ES,Towers with Radar,47,16,29,29,121,0,1,84,49,134,47,17,113,78,255,78,0,78,333
01/29/2023,PNS,FL,ASO,ES,Towers with Radar,55,15,13,27,110,0,0,1,11,12,55,15,14,38,122,27,0,27,149
01/30/2023,PNS,FL,ASO,ES,Towers with Radar,49,21,29,9,108,0,0,10,12,22,49,21,39,21,130,109,0,109,239
01/31/2023,PNS,FL,ASO,ES,Towers with Radar,36,15,33,9,93,0,0,12,19,31,36,15,45,28,124,95,0,95,219
02/01/2023,PNS,FL,ASO,ES,Towers with Radar,43,29,34,32,138,0,0,25,50,75,43,29,59,82,213,188,21,209,422
02/02/2023,PNS,FL,ASO,ES,Towers with Radar,54,24,36,17,131,0,0,0,2,2,54,24,36,19,133,0,0,0,133
02/03/2023,PNS,FL,ASO,ES,Towers with Radar,51,32,44,16,143,0,9,75,48,132,51,41,119,64,275,56,0,56,331
02/04/2023,PNS,FL,ASO,ES,Towers with Radar,56,13,24,14,107,0,7,84,76,167,56,20,108,90,274,169,0,169,443
02/05/2023,PNS,FL,ASO,ES,Towers with Radar,56,12,46,13,127,0,2,68,44,114,56,14,114,57,241,77,0,77,318
02/06/2023,PNS,FL,ASO,ES,Towers with Radar,57,21,52,27,157,0,13,86,50,149,57,34,138,77,306,188,8,196,502
02/07/2023,PNS,FL,ASO,ES,Towers with Radar,51,21,45,27,144,0,5,52,53,110,51,26,97,80,254,92,8,100,354
02/08/2023,PNS,FL,ASO,ES,Towers with Radar,51,17,51,37,156,0,8,30,51,89,51,25,81,88,245,120,28,148,393
02/09/2023,PNS,FL,ASO,ES,Towers with Radar,55,24,39,37,155,0,2,10,37,49,55,26,49,74,204,42,10,52,256
02/10/2023,PNS,FL,ASO,ES,Towers with Radar,57,21,18,13,109,0,0,9,32,41,57,21,27,45,150,68,18,86,236
02/11/2023,PNS,FL,ASO,ES,Towers with Radar,55,8,22,2,87,0,0,0,0,0,55,8,22,2,87,0,0,0,87
02/12/2023,PNS,FL,ASO,ES,Towers with Radar,57,13,21,8,99,0,7,14,15,36,57,20,35,23,135,14,0,14,149
02/13/2023,PNS,FL,ASO,ES,Towers with Radar,55,25,49,25,154,0,2,84,58,144,55,27,133,83,298,214,0,214,512
02/14/2023,PNS,FL,ASO,ES,Towers with Radar,51,17,46,72,186,0,9,75,72,156,51,26,121,144,342,144,7,151,493
02/15/2023,PNS,FL,ASO,ES,Towers with Radar,53,23,49,36,161,0,0,51,46,97,53,23,100,82,258,83,8,91,349
02/16/2023,PNS,FL,ASO,ES,Towers with Radar,59,16,38,44,157,0,0,4,1,5,59,16,42,45,162,5,0,5,167
02/17/2023,PNS,FL,ASO,ES,Towers with Radar,60,19,50,30,159,0,5,14,32,51,60,24,64,62,210,0,29,29,239
02/18/2023,PNS,FL,ASO,ES,Towers with Radar,58,12,48,7,125,0,8,98,27,133,58,20,146,34,258,70,13,83,341
02/19/2023,PNS,FL,ASO,ES,Towers with Radar,63,7,28,4,102,0,3,85,18,106,63,10,113,22,208,85,0,85,293
02/20/2023,PNS,FL,ASO,ES,Towers with Radar,56,17,62,7,142,0,2,70,11,83,56,19,132,18,225,83,0,83,308
02/21/2023,PNS,FL,ASO,ES,Towers with Radar,60,22,39,58,179,0,0,17,49,66,60,22,56,107,245,86,55,141,386
02/22/2023,PNS,FL,ASO,ES,Towers with Radar,57,23,55,18,153,0,0,1,0,1,57,23,56,18,154,0,0,0,154
02/23/2023,PNS,FL,ASO,ES,Towers with Radar,60,24,45,60,189,0,2,8,7,17,60,26,53,67,206,28,0,28,234
02/24/2023,PNS,FL,ASO,ES,Towers with Radar,57,20,24,41,142,0,3,7,46,56,57,23,31,87,198,25,41,66,264
02/25/2023,PNS,FL,ASO,ES,Towers with Radar,64,11,36,37,148,0,2,47,56,105,64,13,83,93,253,123,32,155,408
02/26/2023,PNS,FL,ASO,ES,Towers with Radar,63,18,33,32,146,0,11,55,47,113,63,29,88,79,259,93,0,93,352
02/27/2023,PNS,FL,ASO,ES,Towers with Radar,54,26,29,28,137,0,2,7,22,31,54,28,36,50,168,6,0,6,174
02/28/2023,PNS,FL,ASO,ES,Towers with Radar,56,21,33,41,151,0,2,27,51,80,56,23,60,92,231,93,59,152,383
03/01/2023,PNS,FL,ASO,ES,Towers with Radar,54,21,48,22,145,0,0,2,8,10,54,21,50,30,155,0,8,8,163
03/02/2023,PNS,FL,ASO,ES,Towers with Radar,56,28,30,20,134,0,1,3,3,7,56,29,33,23,141,5,0,5,146
03/03/2023,PNS,FL,ASO,ES,Towers with Radar,67,20,21,25,133,0,0,4,16,20,67,20,25,41,153,0,0,0,153
03/04/2023,PNS,FL,ASO,ES,Towers with Radar,59,7,34,4,104,0,5,137,51,193,59,12,171,55,297,150,0,150,447
03/05/2023,PNS,FL,ASO,ES,Towers with Radar,61,10,31,11,113,0,7,122,37,166,61,17,153,48,279,214,0,214,493
03/06/2023,PNS,FL,ASO,ES,Towers with Radar,57,19,34,53,163,0,0,3,10,13,57,19,37,63,176,0,0,0,176
03/07/2023,PNS,FL,ASO,ES,Towers with Radar,59,20,56,52,187,0,3,55,80,138,59,23,111,132,325,161,27,188,513
03/08/2023,PNS,FL,ASO,ES,Towers with Radar,59,24,25,44,152,0,3,97,72,172,59,27,122,116,324,92,4,96,420
03/09/2023,PNS,FL,ASO,ES,Towers with Radar,66,19,41,20,146,0,1,2,1,4,66,20,43,21,150,12,0,12,162
03/10/2023,PNS,FL,ASO,ES,Towers with Radar,63,22,44,12,141,0,2,33,60,95,63,24,77,72,236,129,33,162,398
03/11/2023,PNS,FL,ASO,ES,Towers with Radar,79,17,55,17,168,0,9,119,64,192,79,26,174,81,360,97,19,116,476
03/12/2023,PNS,FL,ASO,ES,Towers with Radar,61,12,18,21,112,0,0,0,15,15,61,12,18,36,127,0,0,0,127
03/13/2023,PNS,FL,ASO,ES,Towers with Radar,57,24,48,26,155,0,6,91,72,169,57,30,139,98,324,127,24,151,475
03/14/2023,PNS,FL,ASO,ES,Towers with Radar,59,25,37,28,149,0,2,104,87,193,59,27,141,115,342,74,20,94,436
03/15/2023,PNS,FL,ASO,ES,Towers with Radar,60,20,46,34,160,0,5,106,95,206,60,25,152,129,366,137,5,142,508
03/16/2023,PNS,FL,ASO,ES,Towers with Radar,63,20,60,62,205,0,5,79,62,146,63,25,139,124,351,179,2,181,532
03/17/2023,PNS,FL,ASO,ES,Towers with Radar,67,18,15,27,127,0,0,13,21,34,67,18,28,48,161,74,22,96,257
03/18/2023,PNS,FL,ASO,ES,Towers with Radar,75,18,26,7,126,0,13,45,21,79,75,31,71,28,205,44,5,49,254
03/19/2023,PNS,FL,ASO,ES,Towers with Radar,65,13,36,8,122,0,7,73,15,95,65,20,109,23,217,48,0,48,265
03/20/2023,PNS,FL,ASO,ES,Towers with Radar,62,22,54,31,169,0,3,111,87,201,62,25,165,118,370,210,120,330,700
03/21/2023,PNS,FL,ASO,ES,Towers with Radar,59,17,49,44,169,0,9,86,77,172,59,26,135,121,341,153,16,169,510
03/22/2023,PNS,FL,ASO,ES,Towers with Radar,60,28,52,39,179,0,6,103,77,186,60,34,155,116,365,134,0,134,499
03/23/2023,PNS,FL,ASO,ES,Towers with Radar,65,27,42,45,179,0,4,26,17,47,65,31,68,62,226,130,17,147,373
03/24/2023,PNS,FL,ASO,ES,Towers with Radar,63,23,58,58,202,0,4,26,11,41,63,27,84,69,243,51,0,51,294
03/25/2023,PNS,FL,ASO,ES,Towers with Radar,70,17,27,16,130,0,2,31,24,57,70,19,58,40,187,0,0,0,187
03/26/2023,PNS,FL,ASO,ES,Towers with Radar,60,14,28,11,113,0,0,0,3,3,60,14,28,14,116,0,0,0,116
03/27/2023,PNS,FL,ASO,ES,Towers with Radar,64,20,23,20,127,0,0,1,4,5,64,20,24,24,132,0,0,0,132
03/28/2023,PNS,FL,ASO,ES,Towers with Radar,63,25,18,8,114,0,1,10,15,26,63,26,28,23,140,23,0,23,163
03/29/2023,PNS,FL,ASO,ES,Towers with Radar,57,25,55,23,160,0,0,110,74,184,57,25,165,97,344,273,19,292,636
03/30/2023,PNS,FL,ASO,ES,Towers with Radar,63,17,45,50,175,0,6,129,71,206,63,23,174,121,381,91,0,91,472
03/31/2023,PNS,FL,ASO,ES,Towers with Radar,63,27,60,52,202,0,3,45,22,70,63,30,105,74,272,110,47,157,429
04/01/2023,PNS,FL,ASO,ES,Towers with Radar,73,15,39,5,132,0,0,4,8,12,73,15,43,13,144,70,0,70,214
04/02/2023,PNS,FL,ASO,ES,Towers with Radar,59,16,35,15,125,0,7,85,24,116,59,23,120,39,241,262,0,262,503
04/03/2023,PNS,FL,ASO,ES,Towers with Radar,59,18,19,53,149,0,7,2,7,16,59,25,21,60,165,0,0,0,165
04/04/2023,PNS,FL,ASO,ES,Towers with Radar,63,24,29,41,157,0,0,6,1,7,63,24,35,42,164,33,6,39,203
04/05/2023,PNS,FL,ASO,ES,Towers with Radar,54,28,42,36,160,0,11,5,4,20,54,39,47,40,180,22,0,22,202
04/06/2023,PNS,FL,ASO,ES,Towers with Radar,62,31,46,13,152,0,9,93,47,149,62,40,139,60,301,265,25,290,591
04/07/2023,PNS,FL,ASO,ES,Towers with Radar,62,21,31,25,139,0,8,26,20,54,62,29,57,45,193,124,35,159,352
04/08/2023,PNS,FL,ASO,ES,Towers with Radar,74,15,12,6,107,0,0,0,3,3,74,15,12,9,110,6,0,6,116
04/09/2023,PNS,FL,ASO,ES,Towers with Radar,63,21,23,3,110,0,10,6,0,16,63,31,29,3,126,0,0,0,126
04/10/2023,PNS,FL,ASO,ES,Towers with Radar,63,20,45,19,147,0,8,85,53,146,63,28,130,72,293,169,6,175,468
04/11/2023,PNS,FL,ASO,ES,Towers with Radar,58,22,48,31,159,0,5,108,69,182,58,27,156,100,341,204,40,244,585
04/12/2023,PNS,FL,ASO,ES,Towers with Radar,58,22,32,13,125,0,0,64,39,103,58,22,96,52,228,167,0,167,395
04/13/2023,PNS,FL,ASO,ES,Towers with Radar,66,23,10,24,123,0,0,8,26,34,66,23,18,50,157,29,0,29,186
04/14/2023,PNS,FL,ASO,ES,Towers with Radar,62,17,55,28,162,0,4,140,78,222,62,21,195,106,384,161,16,177,561
04/15/2023,PNS,FL,ASO,ES,Towers with Radar,74,15,24,7,120,0,2,71,65,138,74,17,95,72,258,61,14,75,333
04/16/2023,PNS,FL,ASO,ES,Towers with Radar,72,13,41,17,143,0,7,48,36,91,72,20,89,53,234,91,0,91,325
04/17/2023,PNS,FL,ASO,ES,Towers with Radar,62,17,36,38,153,1,5,113,61,180,63,22,149,99,333,111,0,111,444
04/18/2023,PNS,FL,ASO,ES,Towers with Radar,65,18,44,14,141,0,4,142,65,211,65,22,186,79,352,148,0,148,500
04/19/2023,PNS,FL,ASO,ES,Towers with Radar,57,28,66,20,171,0,3,130,54,187,57,31,196,74,358,157,10,167,525
04/20/2023,PNS,FL,ASO,ES,Towers with Radar,63,29,68,34,194,0,4,109,66,179,63,33,177,100,373,119,0,119,492
04/21/2023,PNS,FL,ASO,ES,Towers with Radar,63,15,34,29,141,0,3,42,49,94,63,18,76,78,235,96,20,116,351
04/22/2023,PNS,FL,ASO,ES,Towers with Radar,76,13,29,2,120,0,4,44,14,62,76,17,73,16,182,42,14,56,238
04/23/2023,PNS,FL,ASO,ES,Towers with Radar,74,6,32,15,127,0,6,92,10,108,74,12,124,25,235,100,0,100,335
04/24/2023,PNS,FL,ASO,ES,Towers with Radar,62,22,38,13,135,0,6,68,53,127,62,28,106,66,262,40,2,42,304
04/25/2023,PNS,FL,ASO,ES,Towers with Radar,60,21,36,18,135,0,1,124,49,174,60,22,160,67,309,201,0,201,510
04/26/2023,PNS,FL,ASO,ES,Towers with Radar,56,19,46,35,156,0,4,32,35,71,56,23,78,70,227,58,0,58,285
04/27/2023,PNS,FL,ASO,ES,Towers with Radar,61,16,9,0,86,0,0,0,0,0,61,16,9,0,86,0,0,0,86
04/28/2023,PNS,FL,ASO,ES,Towers with Radar,60,22,48,22,152,0,5,94,45,144,60,27,142,67,296,85,18,103,399
04/29/2023,PNS,FL,ASO,ES,Towers with Radar,74,13,7,1,95,0,0,2,6,8,74,13,9,7,103,0,0,0,103
04/30/2023,PNS,FL,ASO,ES,Towers with Radar,66,7,21,8,102,0,4,17,10,31,66,11,38,18,133,0,0,0,133
05/01/2023,PNS,FL,ASO,ES,Towers with Radar,60,24,37,23,144,0,5,84,50,139,60,29,121,73,283,208,0,208,491
05/02/2023,PNS,FL,ASO,ES,Towers with Radar,59,24,42,14,139,0,1,110,57,168,59,25,152,71,307,119,12,131,438
05/03/2023,PNS,FL,ASO,ES,Towers with Radar,61,23,39,15,138,0,2,110,42,154,61,25,149,57,292,171,0,171,463
05/04/2023,PNS,FL,ASO,ES,Towers with Radar,68,21,34,24,147,0,3,102,44,149,68,24,136,68,296,164,0,164,460
05/05/2023,PNS,FL,ASO,ES,Towers with Radar,66,26,29,15,136,0,0,13,16,29,66,26,42,31,165,24,0,24,189
05/06/2023,PNS,FL,ASO,ES,Towers with Radar,81,23,13,14,131,0,2,41,31,74,81,25,54,45,205,146,10,156,361
05/07/2023,PNS,FL,ASO,ES,Towers with Radar,75,21,28,12,136,0,5,26,22,53,75,26,54,34,189,32,0,32,221
05/08/2023,PNS,FL,ASO,ES,Towers with Radar,63,20,20,14,117,0,0,4,5,9,63,20,24,19,126,0,0,0,126
05/09/2023,PNS,FL,ASO,ES,Towers with Radar,64,22,32,6,124,0,6,14,11,31,64,28,46,17,155,128,8,136,291
05/10/2023,PNS,FL,ASO,ES,Towers with Radar,64,21,45,12,142,0,4,95,31,130,64,25,140,43,272,192,2,194,466
05/11/2023,PNS,FL,ASO,ES,Towers with Radar,65,23,35,10,133,0,6,54,31,91,65,29,89,41,224,149,3,152,376
05/12/2023,PNS,FL,ASO,ES,Towers with Radar,71,26,42,40,179,0,4,82,55,141,71,30,124,95,320,185,7,192,512
05/13/2023,PNS,FL,ASO,ES,Towers with Radar,77,16,30,12,135,0,9,91,61,161,77,25,121,73,296,179,10,189,485
05/14/2023,PNS,FL,ASO,ES,Towers with Radar,72,9,26,12,119,0,6,39,27,72,72,15,65,39,191,125,0,125,316
05/15/2023,PNS,FL,ASO,ES,Towers with Radar,55,16,45,13,129,0,9,86,43,138,55,25,131,56,267,146,2,148,415
05/16/2023,PNS,FL,ASO,ES,Towers with Radar,66,16,29,27,138,0,4,52,31,87,66,20,81,58,225,103,23,126,351
05/17/2023,PNS,FL,ASO,ES,Towers with Radar,71,25,21,9,126,0,3,35,22,60,71,28,56,31,186,50,6,56,242
05/18/2023,PNS,FL,ASO,ES,Towers with Radar,72,24,36,12,144,0,5,49,47,101,72,29,85,59,245,146,27,173,418
05/19/2023,PNS,FL,ASO,ES,Towers with Radar,71,32,51,22,176,0,6,61,46,113,71,38,112,68,289,121,48,169,458
05/20/2023,PNS,FL,ASO,ES,Towers with Radar,77,16,23,16,132,0,6,38,19,63,77,22,61,35,195,29,0,29,224
05/21/2023,PNS,FL,ASO,ES,Towers with Radar,72,21,36,20,149,0,1,27,25,53,72,22,63,45,202,43,0,43,245
05/22/2023,PNS,FL,ASO,ES,Towers with Radar,66,27,31,17,141,0,1,103,52,156,66,28,134,69,297,233,6,239,536
05/23/2023,PNS,FL,ASO,ES,Towers with Radar,65,26,38,6,135,0,2,5,2,9,65,28,43,8,144,0,0,0,144
05/24/2023,PNS,FL,ASO,ES,Towers with Radar,62,20,65,10,157,0,2,5,7,14,62,22,70,17,171,19,7,26,197
05/25/2023,PNS,FL,ASO,ES,Towers with Radar,64,23,53,15,155,0,2,147,36,185,64,25,200,51,340,189,0,189,529
05/26/2023,PNS,FL,ASO,ES,Towers with Radar,68,32,57,17,174,0,6,107,44,157,68,38,164,61,331,142,4,146,477
05/27/2023,PNS,FL,ASO,ES,Towers with Radar,75,17,28,8,128,0,8,81,24,113,75,25,109,32,241,77,0,77,318
05/28/2023,PNS,FL,ASO,ES,Towers with Radar,71,13,8,6,98,0,10,70,19,99,71,23,78,25,197,119,0,119,316
05/29/2023,PNS,FL,ASO,ES,Towers with Radar,71,16,38,1,126,0,2,41,6,49,71,18,79,7,175,0,0,0,175
05/30/2023,PNS,FL,ASO,ES,Towers with Radar,62,24,45,19,150,0,4,104,61,169,62,28,149,80,319,177,19,196,515
05/31/2023,PNS,FL,ASO,ES,Towers with Radar,65,24,34,49,172,0,4,87,68,159,65,28,121,117,331,154,0,154,485
06/01/2023,PNS,FL,ASO,ES,Towers with Radar,63,23,40,17,143,0,4,50,67,121,63,27,90,84,264,193,78,271,535
06/02/2023,PNS,FL,ASO,ES,Towers with Radar,69,27,39,77,212,0,6,81,77,164,69,33,120,154,376,150,8,158,534
06/03/2023,PNS,FL,ASO,ES,Towers with Radar,84,15,31,23,153,0,8,76,29,113,84,23,107,52,266,98,10,108,374
06/04/2023,PNS,FL,ASO,ES,Towers with Radar,80,7,28,31,146,0,7,47,30,84,80,14,75,61,230,35,0,35,265
06/05/2023,PNS,FL,ASO,ES,Towers with Radar,69,19,26,31,145,0,7,71,65,143,69,26,97,96,288,172,40,212,500
06/06/2023,PNS,FL,ASO,ES,Towers with Radar,67,19,27,56,169,0,9,85,73,167,67,28,112,129,336,150,16,166,502
06/07/2023,PNS,FL,ASO,ES,Towers with Radar,65,28,42,39,174,0,6,76,74,156,65,34,118,113,330,127,4,131,461
06/08/2023,PNS,FL,ASO,ES,Towers with Radar,74,23,30,22,149,0,8,58,59,125,74,31,88,81,274,60,0,60,334
06/09/2023,PNS,FL,ASO,ES,Towers with Radar,71,23,42,34,170,0,1,55,52,108,71,24,97,86,278,103,20,123,401
06/10/2023,PNS,FL,ASO,ES,Towers with Radar,88,11,28,10,137,0,0,37,21,58,88,11,65,31,195,57,0,57,252
06/11/2023,PNS,FL,ASO,ES,Towers with Radar,76,13,48,26,163,0,5,20,13,38,76,18,68,39,201,36,0,36,237
06/12/2023,PNS,FL,ASO,ES,Towers with Radar,68,17,45,12,142,0,4,73,69,146,68,21,118,81,288,151,61,212,500
06/13/2023,PNS,FL,ASO,ES,Towers with Radar,69,19,58,27,173,0,4,48,58,110,69,23,106,85,283,90,72,162,445
06/14/2023,PNS,FL,ASO,ES,Towers with Radar,69,15,20,46,150,0,2,4,42,48,69,17,24,88,198,7,0,7,205
06/15/2023,PNS,FL,ASO,ES,Towers with Radar,68,15,25,18,126,0,1,2,16,19,68,16,27,34,145,0,0,0,145
06/16/2023,PNS,FL,ASO,ES,Towers with Radar,70,18,49,20,157,0,0,67,23,90,70,18,116,43,247,101,12,113,360
06/17/2023,PNS,FL,ASO,ES,Towers with Radar,86,11,44,4,145,0,0,55,13,68,86,11,99,17,213,64,2,66,279
06/18/2023,PNS,FL,ASO,ES,Towers with Radar,77,6,14,14,111,0,3,13,6,22,77,9,27,20,133,37,0,37,170
06/19/2023,PNS,FL,ASO,ES,Towers with Radar,64,21,25,1,111,0,2,2,4,8,64,23,27,5,119,18,0,18,137
06/20/2023,PNS,FL,ASO,ES,Towers with Radar,65,24,42,49,180,0,2,117,63,182,65,26,159,112,362,145,25,170,532
06/21/2023,PNS,FL,ASO,ES,Towers with Radar,63,18,31,15,127,0,10,47,42,99,63,28,78,57,226,90,10,100,326
06/22/2023,PNS,FL,ASO,ES,Towers with Radar,68,22,57,27,174,0,5,62,62,129,68,27,119,89,303,66,21,87,390
06/23/2023,PNS,FL,ASO,ES,Towers with Radar,69,25,57,48,199,0,5,96,84,185,69,30,153,132,384,159,20,179,563
06/24/2023,PNS,FL,ASO,ES,Towers with Radar,84,17,34,18,153,0,2,93,28,123,84,19,127,46,276,143,0,143,419
06/25/2023,PNS,FL,ASO,ES,Towers with Radar,77,13,34,17,141,0,4,50,30,84,77,17,84,47,225,116,0,116,341
06/26/2023,PNS,FL,ASO,ES,Towers with Radar,68,23,44,26,161,0,8,70,59,137,68,31,114,85,298,164,11,175,473
06/27/2023,PNS,FL,ASO,ES,Towers with Radar,58,30,48,18,154,0,10,71,58,139,58,40,119,76,293,135,21,156,449
06/28/2023,PNS,FL,ASO,ES,Towers with Radar,64,23,54,43,184,0,7,103,75,185,64,30,157,118,369,108,5,113,482
06/29/2023,PNS,FL,ASO,ES,Towers with Radar,68,22,53,23,166,0,7,119,77,203,68,29,172,100,369,152,4,156,525
06/30/2023,PNS,FL,ASO,ES,Towers with Radar,68,17,56,9,150,0,9,114,50,173,68,26,170,59,323,122,0,122,445
07/01/2023,PNS,FL,ASO,ES,Towers with Radar,87,23,34,6,150,0,3,70,16,89,87,26,104,22,239,146,0,146,385
07/02/2023,PNS,FL,ASO,ES,Towers with Radar,74,17,36,19,146,0,4,42,13,59,74,21,78,32,205,73,0,73,278
07/03/2023,PNS,FL,ASO,ES,Towers with Radar,61,20,43,1,125,0,1,87,12,100,61,21,130,13,225,127,0,127,352
07/04/2023,PNS,FL,ASO,ES,Towers with Radar,51,14,11,0,76,0,0,34,1,35,51,14,45,1,111,39,0,39,150
07/05/2023,PNS,FL,ASO,ES,Towers with Radar,70,27,45,22,164,0,3,62,52,117,70,30,107,74,281,97,0,97,378
07/06/2023,PNS,FL,ASO,ES,Towers with Radar,66,24,41,5,136,0,4,72,38,114,66,28,113,43,250,104,0,104,354
07/07/2023,PNS,FL,ASO,ES,Towers with Radar,75,24,32,21,152,0,23,98,63,184,75,47,130,84,336,74,0,74,410
07/08/2023,PNS,FL,ASO,ES,Towers with Radar,89,17,37,14,157,0,23,88,31,142,89,40,125,45,299,100,0,100,399
07/09/2023,PNS,FL,ASO,ES,Towers with Radar,80,17,46,19,162,0,0,29,30,59,80,17,75,49,221,41,0,41,262
07/10/2023,PNS,FL,ASO,ES,Towers with Radar,67,24,22,10,123,0,0,33,28,61,67,24,55,38,184,81,11,92,276
07/11/2023,PNS,FL,ASO,ES,Towers with Radar,67,20,49,40,176,0,4,30,34,68,67,24,79,74,244,34,0,34,278
07/12/2023,PNS,FL,ASO,ES,Towers with Radar,68,21,37,12,138,0,0,28,21,49,68,21,65,33,187,109,12,121,308
07/13/2023,PNS,FL,ASO,ES,Towers with Radar,69,25,34,39,167,0,2,60,52,114,69,27,94,91,281,142,20,162,443
07/14/2023,PNS,FL,ASO,ES,Towers with Radar,72,21,25,6,124,0,1,19,20,40,72,22,44,26,164,55,20,75,239
07/15/2023,PNS,FL,ASO,ES,Towers with Radar,93,19,33,17,162,0,7,77,53,137,93,26,110,70,299,120,40,160,459
07/16/2023,PNS,FL,ASO,ES,Towers with Radar,69,18,28,16,131,0,2,41,22,65,69,20,69,38,196,64,0,64,260
07/17/2023,PNS,FL,ASO,ES,Towers with Radar,77,23,41,29,170,0,3,130,58,191,77,26,171,87,361,214,31,245,606
07/18/2023,PNS,FL,ASO,ES,Towers with Radar,67,22,61,23,173,0,4,124,40,168,67,26,185,63,341,169,18,187,528
07/19/2023,PNS,FL,ASO,ES,Towers with Radar,68,30,34,18,150,0,5,104,50,159,68,35,138,68,309,218,6,224,533
07/20/2023,PNS,FL,ASO,ES,Towers with Radar,76,29,46,23,174,0,5,120,43,168,76,34,166,66,342,111,2,113,455
07/21/2023,PNS,FL,ASO,ES,Towers with Radar,69,29,41,36,175,0,5,130,28,163,69,34,171,64,338,164,0,164,502
07/22/2023,PNS,FL,ASO,ES,Towers with Radar,95,22,30,5,152,0,6,64,15,85,95,28,94,20,237,38,0,38,275
07/23/2023,PNS,FL,ASO,ES,Towers with Radar,77,19,32,7,135,0,0,35,21,56,77,19,67,28,191,123,14,137,328
07/24/2023,PNS,FL,ASO,ES,Towers with Radar,72,20,39,11,142,0,6,135,50,191,72,26,174,61,333,244,0,244,577
07/25/2023,PNS,FL,ASO,ES,Towers with Radar,64,27,40,16,147,0,5,125,52,182,64,32,165,68,329,141,4,145,474
07/26/2023,PNS,FL,ASO,ES,Towers with Radar,68,22,37,18,145,0,11,112,51,174,68,33,149,69,319,317,10,327,646
07/27/2023,PNS,FL,ASO,ES,Towers with Radar,74,25,42,18,159,0,2,105,59,166,74,27,147,77,325,163,12,175,500
07/28/2023,PNS,FL,ASO,ES,Towers with Radar,67,26,46,17,156,0,1,99,52,152,67,27,145,69,308,180,8,188,496
07/29/2023,PNS,FL,ASO,ES,Towers with Radar,88,25,38,7,158,0,6,74,32,112,88,31,112,39,270,106,0,106,376
07/30/2023,PNS,FL,ASO,ES,Towers with Radar,81,30,24,3,138,0,1,70,16,87,81,31,94,19,225,100,0,100,325
07/31/2023,PNS,FL,ASO,ES,Towers with Radar,76,17,51,8,152,0,2,122,51,175,76,19,173,59,327,173,5,178,505
08/01/2023,PNS,FL,ASO,ES,Towers with Radar,64,25,42,13,144,0,7,112,53,172,64,32,154,66,316,207,35,242,558
08/02/2023,PNS,FL,ASO,ES,Towers with Radar,68,28,49,19,164,0,7,145,46,198,68,35,194,65,362,233,8,241,603
08/03/2023,PNS,FL,ASO,ES,Towers with Radar,68,34,68,26,196,0,9,105,51,165,68,43,173,77,361,221,29,250,611
08/04/2023,PNS,FL,ASO,ES,Towers with Radar,72,26,40,34,172,0,4,90,63,157,72,30,130,97,329,253,0,253,582
08/05/2023,PNS,FL,ASO,ES,Towers with Radar,83,15,23,14,135,0,2,52,26,80,83,17,75,40,215,52,3,55,270
08/06/2023,PNS,FL,ASO,ES,Towers with Radar,73,19,35,14,141,0,4,47,21,72,73,23,82,35,213,90,4,94,307
08/07/2023,PNS,FL,ASO,ES,Towers with Radar,64,21,47,16,148,0,3,96,43,142,64,24,143,59,290,230,6,236,526
08/08/2023,PNS,FL,ASO,ES,Towers with Radar,70,22,30,46,168,0,1,72,52,125,70,23,102,98,293,256,0,256,549
08/09/2023,PNS,FL,ASO,ES,Towers with Radar,70,20,62,33,185,0,4,120,69,193,70,24,182,102,378,129,26,155,533
08/10/2023,PNS,FL,ASO,ES,Towers with Radar,67,26,65,32,190,0,7,131,61,199,67,33,196,93,389,130,8,138,527
08/11/2023,PNS,FL,ASO,ES,Towers with Radar,70,20,52,23,165,0,1,87,45,133,70,21,139,68,298,124,18,142,440
08/12/2023,PNS,FL,ASO,ES,Towers with Radar,87,10,35,11,143,0,2,74,18,94,87,12,109,29,237,196,0,196,433
08/13/2023,PNS,FL,ASO,ES,Towers with Radar,75,13,31,21,140,0,2,71,21,94,75,15,102,42,234,99,17,116,350
08/14/2023,PNS,FL,ASO,ES,Towers with Radar,69,27,55,20,171,0,1,105,56,162,69,28,160,76,333,155,31,186,519
08/15/2023,PNS,FL,ASO,ES,Towers with Radar,59,26,35,12,132,0,7,42,16,65,59,33,77,28,197,47,6,53,250
08/16/2023,PNS,FL,ASO,ES,Towers with Radar,63,23,54,41,181,0,5,130,70,205,63,28,184,111,386,177,10,187,573
08/17/2023,PNS,FL,ASO,ES,Towers with Radar,61,23,60,44,188,0,4,144,47,195,61,27,204,91,383,133,4,137,520
08/18/2023,PNS,FL,ASO,ES,Towers with Radar,70,25,49,59,203,0,5,116,65,186,70,30,165,124,389,152,25,177,566
08/19/2023,PNS,FL,ASO,ES,Towers with Radar,84,15,40,25,164,0,9,103,38,150,84,24,143,63,314,73,12,85,399
08/20/2023,PNS,FL,ASO,ES,Towers with Radar,58,21,34,34,147,0,3,72,24,99,58,24,106,58,246,97,4,101,347
08/21/2023,PNS,FL,ASO,ES,Towers with Radar,65,19,45,26,155,0,5,86,33,124,65,24,131,59,279,163,17,180,459
08/22/2023,PNS,FL,ASO,ES,Towers with Radar,66,23,37,33,159,0,4,91,76,171,66,27,128,109,330,160,13,173,503
08/23/2023,PNS,FL,ASO,ES,Towers with Radar,63,20,46,56,185,0,7,131,38,176,63,27,177,94,361,190,7,197,558
08/24/2023,PNS,FL,ASO,ES,Towers with Radar,58,21,42,22,143,0,6,101,44,151,58,27,143,66,294,197,19,216,510
08/25/2023,PNS,FL,ASO,ES,Towers with Radar,68,19,55,32,174,0,3,118,48,169,68,22,173,80,343,248,0,248,591
08/26/2023,PNS,FL,ASO,ES,Towers with Radar,83,14,25,6,128,0,10,79,22,111,83,24,104,28,239,78,0,78,317
08/27/2023,PNS,FL,ASO,ES,Towers with Radar,60,14,30,32,136,0,6,41,36,83,60,20,71,68,219,56,0,56,275
08/28/2023,PNS,FL,ASO,ES,Towers with Radar,66,28,33,27,154,0,4,41,42,87,66,32,74,69,241,106,18,124,365
08/29/2023,PNS,FL,ASO,ES,Towers with Radar,61,19,24,24,128,0,2,51,35,88,61,21,75,59,216,160,0,160,376
08/30/2023,PNS,FL,ASO,ES,Towers with Radar,63,16,42,25,146,0,3,84,62,149,63,19,126,87,295,193,27,220,515
08/31/2023,PNS,FL,ASO,ES,Towers with Radar,68,33,39,44,184,0,12,117,44,173,68,45,156,88,357,148,2,150,507
