01/01/2000,PSC,WA,ANM,WE,Towers with Radar,6,38,6,0,50,0,2,20,0,22,6,40,26,0,72,14,0,14,86
01/02/2000,PSC,WA,ANM,WE,Towers with Radar,8,47,10,0,65,0,0,30,0,30,8,47,40,0,95,46,0,46,141
01/03/2000,PSC,WA,ANM,WE,Towers with Radar,9,68,18,10,105,0,8,20,0,28,9,76,38,10,133,82,26,108,241
01/04/2000,PSC,WA,ANM,WE,Towers with Radar,12,64,14,0,90,0,17,58,0,75,12,81,72,0,165,58,0,58,223
01/05/2000,PSC,WA,ANM,WE,Towers with Radar,7,75,27,4,113,0,7,69,0,76,7,82,96,4,189,110,8,118,307
01/06/2000,PSC,WA,ANM,WE,Towers with Radar,7,59,46,5,117,0,0,32,0,32,7,59,78,5,149,112,36,148,297
01/07/2000,PSC,WA,ANM,WE,Towers with Radar,7,65,32,3,107,0,0,83,1,84,7,65,115,4,191,182,2,184,375
01/08/2000,PSC,WA,ANM,WE,Towers with Radar,6,42,19,0,67,1,11,19,0,31,7,53,38,0,98,42,0,42,140
01/09/2000,PSC,WA,ANM,WE,Towers with Radar,5,35,15,3,58,3,12,9,1,25,8,47,24,4,83,0,0,0,83
01/10/2000,PSC,WA,ANM,WE,Towers with Radar,8,59,26,2,95,0,10,13,0,23,8,69,39,2,118,20,0,20,138
01/11/2000,PSC,WA,ANM,WE,Towers with Radar,13,67,57,16,153,0,15,30,0,45,13,82,87,16,198,40,22,62,260
01/12/2000,PSC,WA,ANM,WE,Towers with Radar,7,68,32,0,107,0,0,54,0,54,7,68,86,0,161,86,0,86,247
01/13/2000,PSC,WA,ANM,WE,Towers with Radar,7,65,49,4,125,2,0,33,0,35,9,65,82,4,160,108,2,110,270
01/14/2000,PSC,WA,ANM,WE,Towers with Radar,7,64,15,8,94,3,9,37,0,49,10,73,52,8,143,28,0,28,171
01/15/2000,PSC,WA,ANM,WE,Towers with Radar,7,46,29,0,82,0,0,72,0,72,7,46,101,0,154,80,0,80,234
01/16/2000,PSC,WA,ANM,WE,Towers with Radar,7,42,17,0,66,0,11,33,0,44,7,53,50,0,110,66,0,66,176
01/17/2000,PSC,WA,ANM,WE,Towers with Radar,9,63,34,0,106,0,0,63,0,63,9,63,97,0,169,48,0,48,217
01/18/2000,PSC,WA,ANM,WE,Towers with Radar,9,61,28,0,98,0,13,39,0,52,9,74,67,0,150,60,0,60,210
01/19/2000,PSC,WA,ANM,WE,Towers with Radar,8,72,23,0,103,0,0,32,0,32,8,72,55,0,135,32,0,32,167
01/20/2000,PSC,WA,ANM,WE,Towers with Radar,10,69,33,3,115,0,0,0,0,0,10,69,33,3,115,42,0,42,157
01/21/2000,PSC,WA,ANM,WE,Towers with Radar,9,62,28,0,99,3,17,5,0,25,12,79,33,0,124,4,0,4,128
01/22/2000,PSC,WA,ANM,WE,Towers with Radar,7,59,8,0,74,0,5,42,0,47,7,64,50,0,121,66,0,66,187
01/23/2000,PSC,WA,ANM,WE,Towers with Radar,6,47,13,0,66,0,0,17,0,17,6,47,30,0,83,0,0,0,83
01/24/2000,PSC,WA,ANM,WE,Towers with Radar,10,68,16,0,94,0,0,38,0,38,10,68,54,0,132,4,0,4,136
01/25/2000,PSC,WA,ANM,WE,Towers with Radar,10,74,62,2,148,0,0,0,0,0,10,74,62,2,148,76,8,84,232
01/26/2000,PSC,WA,ANM,WE,Towers with Radar,14,76,49,7,146,22,0,69,23,114,36,76,118,30,260,112,34,146,406
01/27/2000,PSC,WA,ANM,WE,Towers with Radar,7,72,28,6,113,0,0,102,0,102,7,72,130,6,215,180,0,180,395
01/28/2000,PSC,WA,ANM,WE,Towers with Radar,7,72,45,0,124,0,0,1,0,1,7,72,46,0,125,8,2,10,135
01/29/2000,PSC,WA,ANM,WE,Towers with Radar,6,55,32,0,93,0,0,0,0,0,6,55,32,0,93,4,0,4,97
01/30/2000,PSC,WA,ANM,WE,Towers with Radar,7,43,25,0,75,0,0,9,2,11,7,43,34,2,86,52,0,52,138
01/31/2000,PSC,WA,ANM,WE,Towers with Radar,8,69,47,0,124,0,6,12,0,18,8,75,59,0,142,6,0,6,148
02/01/2000,PSC,WA,ANM,WE,Towers with Radar,6,68,14,4,92,0,0,46,0,46,6,68,60,4,138,32,8,40,178
02/02/2000,PSC,WA,ANM,WE,Towers with Radar,7,70,32,10,119,0,10,50,0,60,7,80,82,10,179,88,10,98,277
02/03/2000,PSC,WA,ANM,WE,Towers with Radar,8,73,32,0,113,0,0,26,0,26,8,73,58,0,139,74,0,74,213
02/04/2000,PSC,WA,ANM,WE,Towers with Radar,10,75,51,10,146,0,1,35,0,36,10,76,86,10,182,108,22,130,312
02/05/2000,PSC,WA,ANM,WE,Towers with Radar,5,34,15,0,54,3,25,20,0,48,8,59,35,0,102,64,0,64,166
02/06/2000,PSC,WA,ANM,WE,Towers with Radar,6,44,20,2,72,3,17,74,0,94,9,61,94,2,166,54,4,58,224
02/07/2000,PSC,WA,ANM,WE,Towers with Radar,8,65,38,3,114,1,2,11,3,17,9,67,49,6,131,18,20,38,169
02/08/2000,PSC,WA,ANM,WE,Towers with Radar,9,54,30,0,93,0,0,0,0,0,9,54,30,0,93,18,0,18,111
02/09/2000,PSC,WA,ANM,WE,Towers with Radar,7,68,48,0,123,0,0,25,0,25,7,68,73,0,148,124,0,124,272
02/10/2000,PSC,WA,ANM,WE,Towers with Radar,7,70,33,2,112,0,0,81,0,81,7,70,114,2,193,124,8,132,325
02/11/2000,PSC,WA,ANM,WE,Towers with Radar,9,73,31,4,117,3,2,6,0,11,12,75,37,4,128,26,8,34,162
02/12/2000,PSC,WA,ANM,WE,Towers with Radar,6,52,4,0,62,0,1,4,0,5,6,53,8,0,67,0,0,0,67
02/13/2000,PSC,WA,ANM,WE,Towers with Radar,5,43,6,0,54,4,0,16,0,20,9,43,22,0,74,12,0,12,86
02/14/2000,PSC,WA,ANM,WE,Towers with Radar,9,56,33,0,98,0,0,1,0,1,9,56,34,0,99,4,0,4,103
02/15/2000,PSC,WA,ANM,WE,Towers with Radar,9,68,16,8,101,0,14,72,3,89,9,82,88,11,190,46,4,50,240
02/16/2000,PSC,WA,ANM,WE,Towers with Radar,7,61,37,4,109,0,0,59,0,59,7,61,96,4,168,60,0,60,228
02/17/2000,PSC,WA,ANM,WE,Towers with Radar,7,23,20,4,54,0,0,0,0,0,7,23,20,4,54,12,2,14,68
02/18/2000,PSC,WA,ANM,WE,Towers with Radar,10,75,40,0,125,0,1,72,0,73,10,76,112,0,198,94,0,94,292
02/19/2000,PSC,WA,ANM,WE,Towers with Radar,9,54,29,0,92,0,12,85,4,101,9,66,114,4,193,120,0,120,313
02/20/2000,PSC,WA,ANM,WE,Towers with Radar,6,43,18,0,67,2,32,65,0,99,8,75,83,0,166,104,0,104,270
02/21/2000,PSC,WA,ANM,WE,Towers with Radar,8,53,9,0,70,0,15,73,0,88,8,68,82,0,158,66,0,66,224
02/22/2000,PSC,WA,ANM,WE,Towers with Radar,11,72,32,0,115,0,4,51,0,55,11,76,83,0,170,54,0,54,224
02/23/2000,PSC,WA,ANM,WE,Towers with Radar,9,74,20,0,103,0,2,39,0,41,9,76,59,0,144,78,0,78,222
02/24/2000,PSC,WA,ANM,WE,Towers with Radar,9,73,52,2,136,0,0,63,10,73,9,73,115,12,209,104,22,126,335
02/25/2000,PSC,WA,ANM,WE,Towers with Radar,7,68,42,0,117,0,0,54,0,54,7,68,96,0,171,74,0,74,245
02/26/2000,PSC,WA,ANM,WE,Towers with Radar,8,58,15,0,81,0,0,15,0,15,8,58,30,0,96,26,0,26,122
02/27/2000,PSC,WA,ANM,WE,Towers with Radar,7,38,32,0,77,0,0,0,0,0,7,38,32,0,77,20,0,20,97
02/28/2000,PSC,WA,ANM,WE,Towers with Radar,11,72,25,19,127,0,6,32,9,47,11,78,57,28,174,56,18,74,248
02/29/2000,PSC,WA,ANM,WE,Towers with Radar,11,67,18,3,99,0,23,95,15,133,11,90,113,18,232,94,10,104,336
03/01/2000,PSC,WA,ANM,WE,Towers with Radar,9,69,54,10,142,0,0,64,0,64,9,69,118,10,206,84,42,126,332
03/02/2000,PSC,WA,ANM,WE,Towers with Radar,10,70,37,2,119,0,0,37,0,37,10,70,74,2,156,70,0,70,226
03/03/2000,PSC,WA,ANM,WE,Towers with Radar,7,70,34,6,117,0,0,57,9,66,7,70,91,15,183,102,24,126,309
03/04/2000,PSC,WA,ANM,WE,Towers with Radar,4,38,16,2,60,4,0,0,0,4,8,38,16,2,64,16,0,16,80
03/05/2000,PSC,WA,ANM,WE,Towers with Radar,7,37,7,0,51,1,7,36,0,44,8,44,43,0,95,62,0,62,157
03/06/2000,PSC,WA,ANM,WE,Towers with Radar,6,68,29,0,103,0,9,44,0,53,6,77,73,0,156,84,0,84,240
03/07/2000,PSC,WA,ANM,WE,Towers with Radar,9,69,31,6,115,0,2,85,4,91,9,71,116,10,206,56,24,80,286
03/08/2000,PSC,WA,ANM,WE,Towers with Radar,7,69,41,0,117,0,0,30,0,30,7,69,71,0,147,88,0,88,235
03/09/2000,PSC,WA,ANM,WE,Towers with Radar,6,70,17,0,93,0,15,46,0,61,6,85,63,0,154,48,0,48,202
03/10/2000,PSC,WA,ANM,WE,Towers with Radar,8,72,32,2,114,0,0,57,0,57,8,72,89,2,171,90,0,90,261
03/11/2000,PSC,WA,ANM,WE,Towers with Radar,5,35,14,0,54,3,9,26,0,38,8,44,40,0,92,60,0,60,152
03/12/2000,PSC,WA,ANM,WE,Towers with Radar,9,47,28,1,85,0,2,32,1,35,9,49,60,2,120,60,0,60,180
03/13/2000,PSC,WA,ANM,WE,Towers with Radar,9,72,32,0,113,0,19,46,0,65,9,91,78,0,178,104,0,104,282
03/14/2000,PSC,WA,ANM,WE,Towers with Radar,12,78,43,0,133,0,17,64,0,81,12,95,107,0,214,104,0,104,318
03/15/2000,PSC,WA,ANM,WE,Towers with Radar,7,75,19,4,105,2,0,62,2,66,9,75,81,6,171,102,10,112,283
03/16/2000,PSC,WA,ANM,WE,Towers with Radar,8,68,29,4,109,0,8,30,6,44,8,76,59,10,153,62,10,72,225
03/17/2000,PSC,WA,ANM,WE,Towers with Radar,8,80,22,4,114,0,0,44,0,44,8,80,66,4,158,46,10,56,214
03/18/2000,PSC,WA,ANM,WE,Towers with Radar,8,48,18,0,74,1,6,51,0,58,9,54,69,0,132,114,0,114,246
03/19/2000,PSC,WA,ANM,WE,Towers with Radar,10,49,39,0,98,0,10,14,0,24,10,59,53,0,122,36,0,36,158
03/20/2000,PSC,WA,ANM,WE,Towers with Radar,12,70,40,14,136,0,2,38,0,40,12,72,78,14,176,48,26,74,250
03/21/2000,PSC,WA,ANM,WE,Towers with Radar,12,72,29,1,114,0,16,106,1,123,12,88,135,2,237,142,0,142,379
03/22/2000,PSC,WA,ANM,WE,Towers with Radar,8,62,35,5,110,0,11,67,7,85,8,73,102,12,195,80,38,118,313
03/23/2000,PSC,WA,ANM,WE,Towers with Radar,9,83,23,0,115,1,0,71,0,72,10,83,94,0,187,104,0,104,291
03/24/2000,PSC,WA,ANM,WE,Towers with Radar,8,70,21,6,105,3,0,79,10,92,11,70,100,16,197,94,60,154,351
03/25/2000,PSC,WA,ANM,WE,Towers with Radar,7,45,21,0,73,0,17,83,2,102,7,62,104,2,175,188,2,190,365
03/26/2000,PSC,WA,ANM,WE,Towers with Radar,8,44,25,1,78,0,6,89,1,96,8,50,114,2,174,160,0,160,334
03/27/2000,PSC,WA,ANM,WE,Towers with Radar,10,68,32,47,157,0,12,45,1,58,10,80,77,48,215,26,48,74,289
03/28/2000,PSC,WA,ANM,WE,Towers with Radar,12,76,34,9,131,0,10,65,1,76,12,86,99,10,207,94,0,94,301
03/29/2000,PSC,WA,ANM,WE,Towers with Radar,7,75,36,0,118,0,0,76,0,76,7,75,112,0,194,146,0,146,340
03/30/2000,PSC,WA,ANM,WE,Towers with Radar,9,72,36,9,126,0,2,86,0,88,9,74,122,9,214,90,22,112,326
03/31/2000,PSC,WA,ANM,WE,Towers with Radar,8,69,25,2,104,0,11,67,0,78,8,80,92,2,182,128,0,128,310
04/01/2000,PSC,WA,ANM,WE,Towers with Radar,7,42,35,0,84,0,12,50,2,64,7,54,85,2,148,94,0,94,242
04/02/2000,PSC,WA,ANM,WE,Towers with Radar,7,37,24,1,69,0,0,72,9,81,7,37,96,10,150,96,0,96,246
04/03/2000,PSC,WA,ANM,WE,Towers with Radar,7,63,20,2,92,0,1,64,0,65,7,64,84,2,157,42,0,42,199
04/04/2000,PSC,WA,ANM,WE,Towers with Radar,10,59,23,5,97,0,14,40,0,54,10,73,63,5,151,28,60,88,239
04/05/2000,PSC,WA,ANM,WE,Towers with Radar,10,81,18,0,109,0,2,73,0,75,10,83,91,0,184,116,0,116,300
04/06/2000,PSC,WA,ANM,WE,Towers with Radar,9,71,37,4,121,0,5,33,2,40,9,76,70,6,161,46,0,46,207
04/07/2000,PSC,WA,ANM,WE,Towers with Radar,10,74,40,2,126,0,0,61,0,61,10,74,101,2,187,82,0,82,269
04/08/2000,PSC,WA,ANM,WE,Towers with Radar,8,49,29,0,86,6,0,81,0,87,14,49,110,0,173,106,0,106,279
04/09/2000,PSC,WA,ANM,WE,Towers with Radar,9,39,22,9,79,0,10,56,0,66,9,49,78,9,145,84,10,94,239
04/10/2000,PSC,WA,ANM,WE,Towers with Radar,10,72,41,0,123,0,2,42,2,46,10,74,83,2,169,80,2,82,251
04/11/2000,PSC,WA,ANM,WE,Towers with Radar,11,67,65,0,143,0,13,61,0,74,11,80,126,0,217,76,0,76,293
04/12/2000,PSC,WA,ANM,WE,Towers with Radar,11,85,44,2,142,0,4,76,0,80,11,89,120,2,222,130,0,130,352
04/13/2000,PSC,WA,ANM,WE,Towers with Radar,7,71,30,0,108,0,0,37,1,38,7,71,67,1,146,50,0,50,196
04/14/2000,PSC,WA,ANM,WE,Towers with Radar,8,75,42,1,126,0,0,58,0,58,8,75,100,1,184,86,0,86,270
04/15/2000,PSC,WA,ANM,WE,Towers with Radar,6,44,24,2,76,4,27,58,0,89,10,71,82,2,165,36,0,36,201
04/16/2000,PSC,WA,ANM,WE,Towers with Radar,7,51,24,0,82,0,18,53,0,71,7,69,77,0,153,50,0,50,203
04/17/2000,PSC,WA,ANM,WE,Towers with Radar,6,60,25,0,91,0,6,84,20,110,6,66,109,20,201,84,46,130,331
04/18/2000,PSC,WA,ANM,WE,Towers with Radar,11,62,46,6,125,0,25,70,0,95,11,87,116,6,220,104,26,130,350
04/19/2000,PSC,WA,ANM,WE,Towers with Radar,8,59,31,3,101,2,31,75,1,109,10,90,106,4,210,116,0,116,326
04/20/2000,PSC,WA,ANM,WE,Towers with Radar,9,69,25,3,106,0,19,87,32,138,9,88,112,35,244,132,34,166,410
04/21/2000,PSC,WA,ANM,WE,Towers with Radar,9,60,17,10,96,0,29,93,0,122,9,89,110,10,218,145,56,201,419
04/22/2000,PSC,WA,ANM,WE,Towers with Radar,10,54,23,0,87,0,1,10,0,11,10,55,33,0,98,28,0,28,126
04/23/2000,PSC,WA,ANM,WE,Towers with Radar,6,47,10,0,63,0,7,43,0,50,6,54,53,0,113,74,0,74,187
04/24/2000,PSC,WA,ANM,WE,Towers with Radar,7,65,32,0,104,0,10,71,0,81,7,75,103,0,185,88,0,88,273
04/25/2000,PSC,WA,ANM,WE,Towers with Radar,8,65,32,1,106,0,1,44,1,46,8,66,76,2,152,62,0,62,214
04/26/2000,PSC,WA,ANM,WE,Towers with Radar,7,61,20,1,89,0,0,65,3,68,7,61,85,4,157,154,0,154,311
04/27/2000,PSC,WA,ANM,WE,Towers with Radar,8,62,27,1,98,0,6,52,0,58,8,68,79,1,156,96,0,96,252
04/28/2000,PSC,WA,ANM,WE,Towers with Radar,8,62,25,0,95,0,0,30,0,30,8,62,55,0,125,40,0,40,165
04/29/2000,PSC,WA,ANM,WE,Towers with Radar,9,50,35,0,94,0,0,50,0,50,9,50,85,0,144,102,0,102,246
04/30/2000,PSC,WA,ANM,WE,Towers with Radar,11,55,27,0,93,0,1,73,1,75,11,56,100,1,168,108,0,108,276
05/01/2000,PSC,WA,ANM,WE,Towers with Radar,7,64,16,0,87,1,12,74,2,89,8,76,90,2,176,190,0,190,366
05/02/2000,PSC,WA,ANM,WE,Towers with Radar,10,67,37,0,114,0,24,83,6,113,10,91,120,6,227,126,0,126,353
05/03/2000,PSC,WA,ANM,WE,Towers with Radar,7,79,44,0,130,0,10,55,2,67,7,89,99,2,197,98,0,98,295
05/04/2000,PSC,WA,ANM,WE,Towers with Radar,12,67,28,0,107,0,9,62,6,77,12,76,90,6,184,92,18,110,294
05/05/2000,PSC,WA,ANM,WE,Towers with Radar,9,68,32,2,111,2,24,38,14,78,11,92,70,16,189,58,22,80,269
05/06/2000,PSC,WA,ANM,WE,Towers with Radar,6,49,24,0,79,4,18,114,0,136,10,67,138,0,215,130,0,130,345
05/07/2000,PSC,WA,ANM,WE,Towers with Radar,6,39,18,0,63,0,29,57,0,86,6,68,75,0,149,104,0,104,253
05/08/2000,PSC,WA,ANM,WE,Towers with Radar,10,73,25,0,108,0,5,52,0,57,10,78,77,0,165,160,0,160,325
05/09/2000,PSC,WA,ANM,WE,Towers with Radar,10,68,23,0,101,0,14,50,0,64,10,82,73,0,165,38,0,38,203
05/10/2000,PSC,WA,ANM,WE,Towers with Radar,8,80,15,2,105,0,0,50,0,50,8,80,65,2,155,91,26,117,272
05/11/2000,PSC,WA,ANM,WE,Towers with Radar,7,85,39,2,133,0,13,37,0,50,7,98,76,2,183,94,8,102,285
05/12/2000,PSC,WA,ANM,WE,Towers with Radar,10,77,59,3,149,0,22,69,0,91,10,99,128,3,240,162,12,174,414
05/13/2000,PSC,WA,ANM,WE,Towers with Radar,8,59,28,0,95,1,11,58,0,70,9,70,86,0,165,140,0,140,305
05/14/2000,PSC,WA,ANM,WE,Towers with Radar,8,41,35,0,84,0,23,60,0,83,8,64,95,0,167,96,0,96,263
05/15/2000,PSC,WA,ANM,WE,Towers with Radar,8,64,27,0,99,0,4,72,0,76,8,68,99,0,175,176,0,176,351
05/16/2000,PSC,WA,ANM,WE,Towers with Radar,10,72,26,0,108,0,17,91,0,108,10,89,117,0,216,116,0,116,332
05/17/2000,PSC,WA,ANM,WE,Towers with Radar,7,93,30,0,130,0,13,95,0,108,7,106,125,0,238,100,0,100,338
05/18/2000,PSC,WA,ANM,WE,Towers with Radar,11,84,39,2,136,1,3,53,0,57,12,87,92,2,193,172,0,172,365
05/19/2000,PSC,WA,ANM,WE,Towers with Radar,7,63,29,0,99,0,26,78,0,104,7,89,107,0,203,134,0,134,337
05/20/2000,PSC,WA,ANM,WE,Towers with Radar,7,49,28,0,84,0,8,44,0,52,7,57,72,0,136,74,0,74,210
05/21/2000,PSC,WA,ANM,WE,Towers with Radar,8,42,24,0,74,0,4,52,0,56,8,46,76,0,130,66,0,66,196
05/22/2000,PSC,WA,ANM,WE,Towers with Radar,8,69,16,10,103,0,4,52,0,56,8,73,68,10,159,102,0,102,261
05/23/2000,PSC,WA,ANM,WE,Towers with Radar,6,70,53,0,129,0,5,54,0,59,6,75,107,0,188,166,0,166,354
05/24/2000,PSC,WA,ANM,WE,Towers with Radar,13,67,41,4,125,0,9,63,0,72,13,76,104,4,197,148,54,202,399
05/25/2000,PSC,WA,ANM,WE,Towers with Radar,10,82,39,0,131,0,0,97,0,97,10,82,136,0,228,112,0,112,340
05/26/2000,PSC,WA,ANM,WE,Towers with Radar,8,76,38,0,122,0,0,35,0,35,8,76,73,0,157,124,0,124,281
05/27/2000,PSC,WA,ANM,WE,Towers with Radar,11,49,11,0,71,0,5,17,0,22,11,54,28,0,93,80,0,80,173
05/28/2000,PSC,WA,ANM,WE,Towers with Radar,8,42,6,0,56,0,0,8,0,8,8,42,14,0,64,26,0,26,90
05/29/2000,PSC,WA,ANM,WE,Towers with Radar,8,45,27,0,80,0,0,38,0,38,8,45,65,0,118,70,0,70,188
05/30/2000,PSC,WA,ANM,WE,Towers with Radar,8,72,32,2,114,0,0,70,0,70,8,72,102,2,184,138,6,144,328
05/31/2000,PSC,WA,ANM,WE,Towers with Radar,8,67,36,0,111,0,23,71,0,94,8,90,107,0,205,90,0,90,295
06/01/2000,PSC,WA,ANM,WE,Towers with Radar,7,68,43,2,120,0,0,95,0,95,7,68,138,2,215,160,18,178,393
06/02/2000,PSC,WA,ANM,WE,Towers with Radar,11,72,27,6,116,1,23,119,7,150,12,95,146,13,266,214,24,238,504
06/03/2000,PSC,WA,ANM,WE,Towers with Radar,6,45,18,1,70,1,1,87,1,90,7,46,105,2,160,104,0,104,264
06/04/2000,PSC,WA,ANM,WE,Towers with Radar,8,45,7,1,61,1,2,71,1,75,9,47,78,2,136,46,0,46,182
06/05/2000,PSC,WA,ANM,WE,Towers with Radar,8,63,33,0,104,1,13,28,0,42,9,76,61,0,146,30,0,30,176
06/06/2000,PSC,WA,ANM,WE,Towers with Radar,9,67,27,0,103,0,17,97,0,114,9,84,124,0,217,166,0,166,383
06/07/2000,PSC,WA,ANM,WE,Towers with Radar,10,74,31,0,115,0,18,75,0,93,10,92,106,0,208,206,0,206,414
06/08/2000,PSC,WA,ANM,WE,Towers with Radar,10,61,38,1,110,1,0,65,0,66,11,61,103,1,176,176,0,176,352
06/09/2000,PSC,WA,ANM,WE,Towers with Radar,11,71,39,3,124,0,2,51,0,53,11,73,90,3,177,102,0,102,279
06/10/2000,PSC,WA,ANM,WE,Towers with Radar,8,56,31,0,95,0,1,31,0,32,8,57,62,0,127,56,0,56,183
06/11/2000,PSC,WA,ANM,WE,Towers with Radar,7,46,24,0,77,0,1,21,0,22,7,47,45,0,99,30,0,30,129
06/12/2000,PSC,WA,ANM,WE,Towers with Radar,7,53,28,0,88,1,17,17,0,35,8,70,45,0,123,38,0,38,161
06/13/2000,PSC,WA,ANM,WE,Towers with Radar,14,75,26,3,118,0,1,76,1,78,14,76,102,4,196,186,0,186,382
06/14/2000,PSC,WA,ANM,WE,Towers with Radar,7,63,44,1,115,0,10,47,1,58,7,73,91,2,173,100,0,100,273
06/15/2000,PSC,WA,ANM,WE,Towers with Radar,9,65,35,2,111,2,0,90,0,92,11,65,125,2,203,138,0,138,341
06/16/2000,PSC,WA,ANM,WE,Towers with Radar,7,76,13,0,96,0,1,0,0,1,7,77,13,0,97,112,0,112,209
06/17/2000,PSC,WA,ANM,WE,Towers with Radar,5,36,13,0,54,3,21,0,0,24,8,57,13,0,78,100,2,102,180
06/18/2000,PSC,WA,ANM,WE,Towers with Radar,10,49,16,2,77,0,8,66,0,74,10,57,82,2,151,76,0,76,227
06/19/2000,PSC,WA,ANM,WE,Towers with Radar,7,57,55,2,121,0,15,51,0,66,7,72,106,2,187,102,26,128,315
06/20/2000,PSC,WA,ANM,WE,Towers with Radar,10,64,25,0,99,0,2,74,0,76,10,66,99,0,175,82,0,82,257
06/21/2000,PSC,WA,ANM,WE,Towers with Radar,9,65,17,0,91,1,31,144,0,176,10,96,161,0,267,202,0,202,469
06/22/2000,PSC,WA,ANM,WE,Towers with Radar,8,69,70,16,163,0,0,90,0,90,8,69,160,16,253,202,26,228,481
06/23/2000,PSC,WA,ANM,WE,Towers with Radar,7,68,33,4,112,0,90,80,0,170,7,158,113,4,282,172,0,172,454
06/24/2000,PSC,WA,ANM,WE,Towers with Radar,8,53,27,0,88,0,28,43,0,71,8,81,70,0,159,94,0,94,253
06/25/2000,PSC,WA,ANM,WE,Towers with Radar,11,41,13,0,65,0,14,74,4,92,11,55,87,4,157,118,12,130,287
06/26/2000,PSC,WA,ANM,WE,Towers with Radar,8,66,35,0,109,0,100,129,0,229,8,166,164,0,338,136,2,138,476
06/27/2000,PSC,WA,ANM,WE,Towers with Radar,8,72,31,0,111,0,0,80,2,82,8,72,111,2,193,166,0,166,359
06/28/2000,PSC,WA,ANM,WE,Towers with Radar,11,72,46,2,131,0,0,59,0,59,11,72,105,2,190,121,6,127,317
06/29/2000,PSC,WA,ANM,WE,Towers with Radar,8,73,38,5,124,2,5,131,3,141,10,78,169,8,265,132,0,132,397
06/30/2000,PSC,WA,ANM,WE,Towers with Radar,9,65,32,1,107,0,2,90,2,94,9,67,122,3,201,216,2,218,419
07/01/2000,PSC,WA,ANM,WE,Towers with Radar,9,46,15,0,70,1,2,54,0,57,10,48,69,0,127,64,0,64,191
07/02/2000,PSC,WA,ANM,WE,Towers with Radar,7,39,13,0,59,1,7,36,0,44,8,46,49,0,103,24,0,24,127
07/03/2000,PSC,WA,ANM,WE,Towers with Radar,7,58,13,0,78,1,19,61,0,81,8,77,74,0,159,14,0,14,173
07/04/2000,PSC,WA,ANM,WE,Towers with Radar,3,58,11,0,72,4,2,64,0,70,7,60,75,0,142,70,0,70,212
07/05/2000,PSC,WA,ANM,WE,Towers with Radar,7,66,20,0,93,3,1,89,0,93,10,67,109,0,186,208,0,208,394
07/06/2000,PSC,WA,ANM,WE,Towers with Radar,9,62,26,2,99,2,0,64,0,66,11,62,90,2,165,86,14,100,265
07/07/2000,PSC,WA,ANM,WE,Towers with Radar,9,53,26,2,90,1,0,72,0,73,10,53,98,2,163,122,0,122,285
07/08/2000,PSC,WA,ANM,WE,Towers with Radar,7,39,23,6,75,0,0,49,0,49,7,39,72,6,124,82,24,106,230
07/09/2000,PSC,WA,ANM,WE,Towers with Radar,7,42,12,2,63,1,0,46,0,47,8,42,58,2,110,38,0,38,148
07/10/2000,PSC,WA,ANM,WE,Towers with Radar,8,55,20,0,83,1,12,79,0,92,9,67,99,0,175,168,0,168,343
07/11/2000,PSC,WA,ANM,WE,Towers with Radar,9,68,23,2,102,0,8,125,0,133,9,76,148,2,235,188,4,192,427
07/12/2000,PSC,WA,ANM,WE,Towers with Radar,7,58,10,0,75,1,11,113,0,125,8,69,123,0,200,126,0,126,326
07/13/2000,PSC,WA,ANM,WE,Towers with Radar,9,67,23,2,101,0,6,77,0,83,9,73,100,2,184,128,28,156,340
07/14/2000,PSC,WA,ANM,WE,Towers with Radar,8,65,26,2,101,0,0,48,0,48,8,65,74,2,149,66,8,74,223
07/15/2000,PSC,WA,ANM,WE,Towers with Radar,7,35,20,0,62,0,0,38,0,38,7,35,58,0,100,104,0,104,204
07/16/2000,PSC,WA,ANM,WE,Towers with Radar,8,49,18,0,75,1,5,51,0,57,9,54,69,0,132,46,0,46,178
07/17/2000,PSC,WA,ANM,WE,Towers with Radar,8,57,25,12,102,1,19,48,0,68,9,76,73,12,170,166,16,182,352
07/18/2000,PSC,WA,ANM,WE,Towers with Radar,10,68,24,0,102,0,10,104,0,114,10,78,128,0,216,182,0,182,398
07/19/2000,PSC,WA,ANM,WE,Towers with Radar,9,82,20,4,115,0,14,110,5,129,9,96,130,9,244,106,14,120,364
07/20/2000,PSC,WA,ANM,WE,Towers with Radar,9,74,32,9,124,0,25,111,0,136,9,99,143,9,260,170,14,184,444
07/21/2000,PSC,WA,ANM,WE,Towers with Radar,7,60,15,2,84,1,7,67,13,88,8,67,82,15,172,26,356,382,554
07/22/2000,PSC,WA,ANM,WE,Towers with Radar,10,47,18,0,75,0,0,105,0,105,10,47,123,0,180,108,64,172,352
07/23/2000,PSC,WA,ANM,WE,Towers with Radar,9,47,19,6,81,0,4,134,0,138,9,51,153,6,219,46,6,52,271
07/24/2000,PSC,WA,ANM,WE,Towers with Radar,7,69,12,7,95,0,7,104,10,121,7,76,116,17,216,76,14,90,306
07/25/2000,PSC,WA,ANM,WE,Towers with Radar,10,78,38,2,128,0,7,77,0,84,10,85,115,2,212,148,0,148,360
07/26/2000,PSC,WA,ANM,WE,Towers with Radar,7,67,31,14,119,0,1,47,0,48,7,68,78,14,167,82,60,142,309
07/27/2000,PSC,WA,ANM,WE,Towers with Radar,7,67,34,0,108,2,9,77,0,88,9,76,111,0,196,128,0,128,324
07/28/2000,PSC,WA,ANM,WE,Towers with Radar,7,59,23,0,89,0,17,88,0,105,7,76,111,0,194,114,0,114,308
07/29/2000,PSC,WA,ANM,WE,Towers with Radar,9,43,24,0,76,0,0,50,0,50,9,43,74,0,126,80,0,80,206
07/30/2000,PSC,WA,ANM,WE,Towers with Radar,10,52,18,0,80,0,7,62,0,69,10,59,80,0,149,40,0,40,189
07/31/2000,PSC,WA,ANM,WE,Towers with Radar,7,61,14,0,82,0,2,49,0,51,7,63,63,0,133,84,0,84,217
08/01/2000,PSC,WA,ANM,WE,Towers with Radar,7,56,20,0,83,0,16,46,2,64,7,72,66,2,147,100,0,100,247
08/02/2000,PSC,WA,ANM,WE,Towers with Radar,8,62,13,0,83,0,20,97,0,117,8,82,110,0,200,148,0,148,348
08/03/2000,PSC,WA,ANM,WE,Towers with Radar,7,71,36,2,116,0,0,64,2,66,7,71,100,4,182,106,0,106,288
08/04/2000,PSC,WA,ANM,WE,Towers with Radar,9,70,26,2,107,0,9,60,2,71,9,79,86,4,178,96,30,126,304
08/05/2000,PSC,WA,ANM,WE,Towers with Radar,6,42,16,0,64,3,5,43,0,51,9,47,59,0,115,122,0,122,237
08/06/2000,PSC,WA,ANM,WE,Towers with Radar,8,46,16,0,70,0,9,49,1,59,8,55,65,1,129,72,0,72,201
08/07/2000,PSC,WA,ANM,WE,Towers with Radar,6,57,16,0,79,2,4,45,1,52,8,61,61,1,131,52,0,52,183
08/08/2000,PSC,WA,ANM,WE,Towers with Radar,10,61,10,0,81,0,15,75,0,90,10,76,85,0,171,86,0,86,257
08/09/2000,PSC,WA,ANM,WE,Towers with Radar,7,65,21,0,93,3,12,77,0,92,10,77,98,0,185,174,0,174,359
08/10/2000,PSC,WA,ANM,WE,Towers with Radar,9,79,30,2,120,0,0,75,0,75,9,79,105,2,195,132,0,132,327
08/11/2000,PSC,WA,ANM,WE,Towers with Radar,7,52,27,0,86,0,0,69,0,69,7,52,96,0,155,158,0,158,313
08/12/2000,PSC,WA,ANM,WE,Towers with Radar,7,50,19,0,76,4,2,105,0,111,11,52,124,0,187,112,0,112,299
08/13/2000,PSC,WA,ANM,WE,Towers with Radar,12,53,17,0,82,0,11,54,0,65,12,64,71,0,147,64,0,64,211
08/14/2000,PSC,WA,ANM,WE,Towers with Radar,7,61,25,0,93,0,17,65,0,82,7,78,90,0,175,90,0,90,265
08/15/2000,PSC,WA,ANM,WE,Towers with Radar,11,65,27,2,105,0,10,66,0,76,11,75,93,2,181,78,4,82,263
08/16/2000,PSC,WA,ANM,WE,Towers with Radar,8,67,21,0,96,0,0,77,0,77,8,67,98,0,173,86,0,86,259
08/17/2000,PSC,WA,ANM,WE,Towers with Radar,8,66,17,5,96,0,34,106,7,147,8,100,123,12,243,120,38,158,401
08/18/2000,PSC,WA,ANM,WE,Towers with Radar,9,67,18,22,116,0,8,54,4,66,9,75,72,26,182,56,42,98,280
08/19/2000,PSC,WA,ANM,WE,Towers with Radar,7,51,18,0,76,5,2,77,0,84,12,53,95,0,160,162,0,162,322
08/20/2000,PSC,WA,ANM,WE,Towers with Radar,6,45,16,1,68,2,10,84,1,97,8,55,100,2,165,64,0,64,229
08/21/2000,PSC,WA,ANM,WE,Towers with Radar,9,62,16,2,89,0,11,66,0,77,9,73,82,2,166,26,0,26,192
08/22/2000,PSC,WA,ANM,WE,Towers with Radar,9,66,23,2,100,1,6,104,0,111,10,72,127,2,211,166,4,170,381
08/23/2000,PSC,WA,ANM,WE,Towers with Radar,8,63,22,2,95,1,28,118,0,147,9,91,140,2,242,114,6,120,362
08/24/2000,PSC,WA,ANM,WE,Towers with Radar,7,74,26,0,107,0,5,30,0,35,7,79,56,0,142,122,0,122,264
08/25/2000,PSC,WA,ANM,WE,Towers with Radar,7,70,22,0,99,0,29,64,0,93,7,99,86,0,192,102,0,102,294
08/26/2000,PSC,WA,ANM,WE,Towers with Radar,10,46,15,0,71,0,6,61,0,67,10,52,76,0,138,106,0,106,244
08/27/2000,PSC,WA,ANM,WE,Towers with Radar,7,43,21,0,71,2,21,60,0,83,9,64,81,0,154,118,0,118,272
08/28/2000,PSC,WA,ANM,WE,Towers with Radar,8,61,21,1,91,0,7,66,1,74,8,68,87,2,165,88,2,90,255
08/29/2000,PSC,WA,ANM,WE,Towers with Radar,9,65,26,0,100,0,0,75,0,75,9,65,101,0,175,116,0,116,291
08/30/2000,PSC,WA,ANM,WE,Towers with Radar,9,72,25,2,108,0,9,97,2,108,9,81,122,4,216,144,34,178,394
08/31/2000,PSC,WA,ANM,WE,Towers with Radar,9,78,27,2,116,0,0,51,0,51,9,78,78,2,167,124,0,124,291
09/01/2000,PSC,WA,ANM,WE,Towers with Radar,10,66,41,0,117,0,0,60,0,60,10,66,101,0,177,120,0,120,297
09/02/2000,PSC,WA,ANM,WE,Towers with Radar,8,36,18,0,62,0,0,55,0,55,8,36,73,0,117,82,0,82,199
09/03/2000,PSC,WA,ANM,WE,Towers with Radar,7,40,27,0,74,1,8,31,0,40,8,48,58,0,114,34,0,34,148
09/04/2000,PSC,WA,ANM,WE,Towers with Radar,9,51,10,0,70,0,2,76,0,78,9,53,86,0,148,122,0,122,270
09/05/2000,PSC,WA,ANM,WE,Towers with Radar,9,61,26,0,96,0,11,79,0,90,9,72,105,0,186,116,0,116,302
09/06/2000,PSC,WA,ANM,WE,Towers with Radar,9,71,39,4,123,0,27,85,0,112,9,98,124,4,235,114,32,146,381
09/07/2000,PSC,WA,ANM,WE,Towers with Radar,7,57,19,0,83,0,0,55,0,55,7,57,74,0,138,54,0,54,192
09/08/2000,PSC,WA,ANM,WE,Towers with Radar,8,62,12,3,85,0,11,44,0,55,8,73,56,3,140,34,0,34,174
09/09/2000,PSC,WA,ANM,WE,Towers with Radar,8,37,20,0,65,0,7,63,0,70,8,44,83,0,135,74,0,74,209
09/10/2000,PSC,WA,ANM,WE,Towers with Radar,11,40,40,2,93,0,8,22,0,30,11,48,62,2,123,106,0,106,229
09/11/2000,PSC,WA,ANM,WE,Towers with Radar,6,60,31,1,98,2,2,59,1,64,8,62,90,2,162,94,0,94,256
09/12/2000,PSC,WA,ANM,WE,Towers with Radar,12,63,13,2,90,0,17,102,2,121,12,80,115,4,211,72,0,72,283
09/13/2000,PSC,WA,ANM,WE,Towers with Radar,10,73,29,1,113,0,5,76,1,82,10,78,105,2,195,158,6,164,359
09/14/2000,PSC,WA,ANM,WE,Towers with Radar,9,70,25,2,106,0,18,89,0,107,9,88,114,2,213,136,0,136,349
09/15/2000,PSC,WA,ANM,WE,Towers with Radar,8,64,20,8,100,3,0,72,0,75,11,64,92,8,175,134,24,158,333
09/16/2000,PSC,WA,ANM,WE,Towers with Radar,7,48,22,1,78,3,0,63,11,77,10,48,85,12,155,120,0,120,275
09/17/2000,PSC,WA,ANM,WE,Towers with Radar,7,43,13,0,63,0,20,90,0,110,7,63,103,0,173,70,0,70,243
09/18/2000,PSC,WA,ANM,WE,Towers with Radar,9,63,21,0,93,0,11,68,0,79,9,74,89,0,172,126,0,126,298
09/19/2000,PSC,WA,ANM,WE,Towers with Radar,9,57,23,0,89,0,12,83,0,95,9,69,106,0,184,158,0,158,342
09/20/2000,PSC,WA,ANM,WE,Towers with Radar,9,70,10,0,89,0,10,100,0,110,9,80,110,0,199,140,0,140,339
09/21/2000,PSC,WA,ANM,WE,Towers with Radar,8,66,38,0,112,1,14,22,0,37,9,80,60,0,149,86,0,86,235
09/22/2000,PSC,WA,ANM,WE,Towers with Radar,8,72,32,0,112,0,3,43,2,48,8,75,75,2,160,56,0,56,216
09/23/2000,PSC,WA,ANM,WE,Towers with Radar,8,53,21,0,82,0,1,63,0,64,8,54,84,0,146,84,0,84,230
09/24/2000,PSC,WA,ANM,WE,Towers with Radar,7,40,22,0,69,0,4,65,0,69,7,44,87,0,138,86,0,86,224
09/25/2000,PSC,WA,ANM,WE,Towers with Radar,9,63,17,0,89,0,4,70,0,74,9,67,87,0,163,140,0,140,303
09/26/2000,PSC,WA,ANM,WE,Towers with Radar,11,58,19,0,88,0,0,120,0,120,11,58,139,0,208,66,0,66,274
09/27/2000,PSC,WA,ANM,WE,Towers with Radar,7,71,36,0,114,0,1,35,0,36,7,72,71,0,150,112,0,112,262
09/28/2000,PSC,WA,ANM,WE,Towers with Radar,7,68,28,0,103,0,4,43,0,47,7,72,71,0,150,112,0,112,262
09/29/2000,PSC,WA,ANM,WE,Towers with Radar,8,67,16,0,91,2,4,40,0,46,10,71,56,0,137,56,0,56,193
09/30/2000,PSC,WA,ANM,WE,Towers with Radar,7,53,11,0,71,0,1,11,0,12,7,54,22,0,83,38,0,38,121
10/01/2000,PSC,WA,ANM,WE,Towers with Radar,7,52,8,0,67,1,8,42,0,51,8,60,50,0,118,68,0,68,186
10/02/2000,PSC,WA,ANM,WE,Towers with Radar,6,67,20,0,93,1,5,46,0,52,7,72,66,0,145,62,0,62,207
10/03/2000,PSC,WA,ANM,WE,Towers with Radar,11,76,11,0,98,0,3,82,0,85,11,79,93,0,183,92,0,92,275
10/04/2000,PSC,WA,ANM,WE,Towers with Radar,10,67,25,2,104,1,0,56,0,57,11,67,81,2,161,184,16,200,361
10/05/2000,PSC,WA,ANM,WE,Towers with Radar,8,65,28,0,101,1,0,70,0,71,9,65,98,0,172,144,0,144,316
10/06/2000,PSC,WA,ANM,WE,Towers with Radar,6,50,32,0,88,0,0,82,0,82,6,50,114,0,170,130,0,130,300
10/07/2000,PSC,WA,ANM,WE,Towers with Radar,6,44,19,0,69,0,9,96,0,105,6,53,115,0,174,129,0,129,303
10/08/2000,PSC,WA,ANM,WE,Towers with Radar,7,48,14,0,69,1,6,99,0,106,8,54,113,0,175,128,0,128,303
10/09/2000,PSC,WA,ANM,WE,Towers with Radar,9,63,23,0,95,0,3,58,0,61,9,66,81,0,156,98,0,98,254
10/10/2000,PSC,WA,ANM,WE,Towers with Radar,9,78,34,0,121,0,0,26,0,26,9,78,60,0,147,48,30,78,225
10/11/2000,PSC,WA,ANM,WE,Towers with Radar,7,55,39,0,101,0,0,14,0,14,7,55,53,0,115,128,0,128,243
10/12/2000,PSC,WA,ANM,WE,Towers with Radar,8,52,27,2,89,0,0,18,2,20,8,52,45,4,109,64,0,64,173
10/13/2000,PSC,WA,ANM,WE,Towers with Radar,9,69,30,2,110,1,15,72,6,94,10,84,102,8,204,114,4,118,322
10/14/2000,PSC,WA,ANM,WE,Towers with Radar,8,45,28,0,81,0,9,30,0,39,8,54,58,0,120,118,0,118,238
10/15/2000,PSC,WA,ANM,WE,Towers with Radar,14,38,11,0,63,0,8,41,0,49,14,46,52,0,112,104,0,104,216
10/16/2000,PSC,WA,ANM,WE,Towers with Radar,9,71,31,0,111,0,12,72,0,84,9,83,103,0,195,96,0,96,291
10/17/2000,PSC,WA,ANM,WE,Towers with Radar,7,52,23,0,82,2,23,93,0,118,9,75,116,0,200,72,0,72,272
10/18/2000,PSC,WA,ANM,WE,Towers with Radar,7,59,37,4,107,0,1,30,0,31,7,60,67,4,138,144,16,160,298
10/19/2000,PSC,WA,ANM,WE,Towers with Radar,7,63,33,6,109,0,16,93,4,113,7,79,126,10,222,128,32,160,382
10/20/2000,PSC,WA,ANM,WE,Towers with Radar,9,56,32,2,99,0,0,35,1,36,9,56,67,3,135,114,0,114,249
10/21/2000,PSC,WA,ANM,WE,Towers with Radar,6,46,21,1,74,4,0,56,1,61,10,46,77,2,135,104,0,104,239
10/22/2000,PSC,WA,ANM,WE,Towers with Radar,7,44,19,2,72,0,8,67,0,75,7,52,86,2,147,78,0,78,225
10/23/2000,PSC,WA,ANM,WE,Towers with Radar,9,59,33,4,105,0,10,63,2,75,9,69,96,6,180,92,4,96,276
10/24/2000,PSC,WA,ANM,WE,Towers with Radar,9,68,45,0,122,0,4,50,0,54,9,72,95,0,176,88,0,88,264
10/25/2000,PSC,WA,ANM,WE,Towers with Radar,6,76,43,0,125,0,8,76,0,84,6,84,119,0,209,98,0,98,307
10/26/2000,PSC,WA,ANM,WE,Towers with Radar,7,71,42,2,122,0,3,16,0,19,7,74,58,2,141,72,0,72,213
10/27/2000,PSC,WA,ANM,WE,Towers with Radar,7,69,33,0,109,0,1,45,0,46,7,70,78,0,155,148,0,148,303
10/28/2000,PSC,WA,ANM,WE,Towers with Radar,9,38,21,0,68,0,8,0,0,8,9,46,21,0,76,121,0,121,197
10/29/2000,PSC,WA,ANM,WE,Towers with Radar,7,45,25,0,77,0,7,0,0,7,7,52,25,0,84,94,0,94,178
10/30/2000,PSC,WA,ANM,WE,Towers with Radar,7,68,29,0,104,0,5,31,0,36,7,73,60,0,140,78,0,78,218
10/31/2000,PSC,WA,ANM,WE,Towers with Radar,9,72,7,8,96,0,2,64,0,66,9,74,71,8,162,116,26,142,304
11/01/2000,PSC,WA,ANM,WE,Towers with Radar,7,86,35,1,129,1,0,83,5,89,8,86,118,6,218,118,0,118,336
11/02/2000,PSC,WA,ANM,WE,Towers with Radar,6,63,37,0,106,1,0,73,0,74,7,63,110,0,180,140,0,140,320
11/03/2000,PSC,WA,ANM,WE,Towers with Radar,8,57,37,29,131,0,0,43,14,57,8,57,80,43,188,84,14,98,286
11/04/2000,PSC,WA,ANM,WE,Towers with Radar,9,47,14,1,71,1,0,3,0,4,10,47,17,1,75,46,0,46,121
11/05/2000,PSC,WA,ANM,WE,Towers with Radar,8,47,23,1,79,4,16,21,0,41,12,63,44,1,120,55,2,57,177
11/06/2000,PSC,WA,ANM,WE,Towers with Radar,14,61,35,2,112,1,20,59,0,80,15,81,94,2,192,70,20,90,282
11/07/2000,PSC,WA,ANM,WE,Towers with Radar,10,58,40,0,108,0,18,33,0,51,10,76,73,0,159,72,0,72,231
11/08/2000,PSC,WA,ANM,WE,Towers with Radar,7,78,41,0,126,0,0,12,0,12,7,78,53,0,138,0,0,0,138
11/09/2000,PSC,WA,ANM,WE,Towers with Radar,5,82,31,0,118,0,1,33,0,34,5,83,64,0,152,52,0,52,204
11/10/2000,PSC,WA,ANM,WE,Towers with Radar,9,78,36,0,123,0,0,54,0,54,9,78,90,0,177,86,0,86,263
11/11/2000,PSC,WA,ANM,WE,Towers with Radar,8,49,7,0,64,0,0,70,0,70,8,49,77,0,134,108,0,108,242
11/12/2000,PSC,WA,ANM,WE,Towers with Radar,8,37,21,0,66,0,0,37,0,37,8,37,58,0,103,84,0,84,187
11/13/2000,PSC,WA,ANM,WE,Towers with Radar,6,66,14,0,86,0,0,46,0,46,6,66,60,0,132,90,0,90,222
11/14/2000,PSC,WA,ANM,WE,Towers with Radar,9,70,27,2,108,0,4,60,0,64,9,74,87,2,172,104,2,106,278
11/15/2000,PSC,WA,ANM,WE,Towers with Radar,7,71,26,0,104,0,7,41,0,48,7,78,67,0,152,104,0,104,256
11/16/2000,PSC,WA,ANM,WE,Towers with Radar,7,61,38,2,108,0,0,0,0,0,7,61,38,2,108,30,0,30,138
11/17/2000,PSC,WA,ANM,WE,Towers with Radar,7,78,29,2,116,0,1,20,0,21,7,79,49,2,137,66,2,68,205
11/18/2000,PSC,WA,ANM,WE,Towers with Radar,6,58,52,2,118,0,0,11,4,15,6,58,63,6,133,98,2,100,233
11/19/2000,PSC,WA,ANM,WE,Towers with Radar,7,45,19,0,71,0,10,47,2,59,7,55,66,2,130,124,0,124,254
11/20/2000,PSC,WA,ANM,WE,Towers with Radar,7,66,24,0,97,2,0,24,0,26,9,66,48,0,123,64,0,64,187
11/21/2000,PSC,WA,ANM,WE,Towers with Radar,6,60,18,0,84,1,14,3,0,18,7,74,21,0,102,0,0,0,102
11/22/2000,PSC,WA,ANM,WE,Towers with Radar,7,82,18,0,107,0,0,6,0,6,7,82,24,0,113,0,0,0,113
11/23/2000,PSC,WA,ANM,WE,Towers with Radar,4,36,7,0,47,1,0,2,0,3,5,36,9,0,50,26,0,26,76
11/24/2000,PSC,WA,ANM,WE,Towers with Radar,4,65,9,0,78,1,0,9,0,10,5,65,18,0,88,48,0,48,136
11/25/2000,PSC,WA,ANM,WE,Towers with Radar,10,38,10,0,58,0,0,4,0,4,10,38,14,0,62,4,0,4,66
11/26/2000,PSC,WA,ANM,WE,Towers with Radar,11,52,6,0,69,0,0,1,0,1,11,52,7,0,70,0,0,0,70
11/27/2000,PSC,WA,ANM,WE,Towers with Radar,10,75,23,6,114,0,0,71,0,71,10,75,94,6,185,94,16,110,295
11/28/2000,PSC,WA,ANM,WE,Towers with Radar,10,74,29,0,113,0,0,51,2,53,10,74,80,2,166,124,0,124,290
11/29/2000,PSC,WA,ANM,WE,Towers with Radar,9,70,17,0,96,0,0,0,0,0,9,70,17,0,96,0,0,0,96
11/30/2000,PSC,WA,ANM,WE,Towers with Radar,7,86,40,1,134,0,0,35,0,35,7,86,75,1,169,66,0,66,235
12/01/2000,PSC,WA,ANM,WE,Towers with Radar,6,91,43,0,140,0,0,11,0,11,6,91,54,0,151,3,0,3,154
12/02/2000,PSC,WA,ANM,WE,Towers with Radar,7,49,20,0,76,0,11,21,1,33,7,60,41,1,109,88,0,88,197
12/03/2000,PSC,WA,ANM,WE,Towers with Radar,7,47,21,0,75,1,0,13,0,14,8,47,34,0,89,86,0,86,175
12/04/2000,PSC,WA,ANM,WE,Towers with Radar,8,60,26,0,94,0,0,21,2,23,8,60,47,2,117,50,0,50,167
12/05/2000,PSC,WA,ANM,WE,Towers with Radar,9,72,37,0,118,0,2,59,0,61,9,74,96,0,179,108,0,108,287
12/06/2000,PSC,WA,ANM,WE,Towers with Radar,5,77,30,0,112,0,0,9,0,9,5,77,39,0,121,60,0,60,181
12/07/2000,PSC,WA,ANM,WE,Towers with Radar,7,81,28,0,116,0,0,18,0,18,7,81,46,0,134,116,0,116,250
12/08/2000,PSC,WA,ANM,WE,Towers with Radar,9,73,28,2,112,0,6,17,0,23,9,79,45,2,135,30,0,30,165
12/09/2000,PSC,WA,ANM,WE,Towers with Radar,9,46,30,0,85,0,0,39,0,39,9,46,69,0,124,98,0,98,222
12/10/2000,PSC,WA,ANM,WE,Towers with Radar,8,47,22,1,78,0,0,10,3,13,8,47,32,4,91,34,0,34,125
12/11/2000,PSC,WA,ANM,WE,Towers with Radar,8,75,30,0,113,0,0,30,4,34,8,75,60,4,147,54,4,58,205
12/12/2000,PSC,WA,ANM,WE,Towers with Radar,8,62,30,4,104,0,33,86,0,119,8,95,116,4,223,146,0,146,369
12/13/2000,PSC,WA,ANM,WE,Towers with Radar,7,68,24,0,99,0,0,16,0,16,7,68,40,0,115,6,0,6,121
12/14/2000,PSC,WA,ANM,WE,Towers with Radar,7,43,14,0,64,0,0,5,0,5,7,43,19,0,69,0,0,0,69
12/15/2000,PSC,WA,ANM,WE,Towers with Radar,8,70,25,0,103,0,0,44,0,44,8,70,69,0,147,88,0,88,235
12/16/2000,PSC,WA,ANM,WE,Towers with Radar,10,51,25,0,86,0,0,45,0,45,10,51,70,0,131,102,0,102,233
12/17/2000,PSC,WA,ANM,WE,Towers with Radar,9,49,25,0,83,0,1,50,0,51,9,50,75,0,134,76,0,76,210
12/18/2000,PSC,WA,ANM,WE,Towers with Radar,7,67,29,0,103,0,15,70,0,85,7,82,99,0,188,102,0,102,290
12/19/2000,PSC,WA,ANM,WE,Towers with Radar,7,67,20,2,96,0,12,48,0,60,7,79,68,2,156,66,4,70,226
12/20/2000,PSC,WA,ANM,WE,Towers with Radar,13,74,12,0,99,1,8,25,0,34,14,82,37,0,133,72,0,72,205
12/21/2000,PSC,WA,ANM,WE,Towers with Radar,7,79,37,0,123,0,2,43,0,45,7,81,80,0,168,92,0,92,260
12/22/2000,PSC,WA,ANM,WE,Towers with Radar,7,64,24,0,95,0,0,1,1,2,7,64,25,1,97,34,1,35,132
12/23/2000,PSC,WA,ANM,WE,Towers with Radar,6,46,5,0,57,4,4,0,0,8,10,50,5,0,65,0,0,0,65
12/24/2000,PSC,WA,ANM,WE,Towers with Radar,2,37,5,0,44,0,0,13,0,13,2,37,18,0,57,56,0,56,113
12/25/2000,PSC,WA,ANM,WE,Towers with Radar,4,47,5,0,56,2,0,0,0,2,6,47,5,0,58,22,0,22,80
12/26/2000,PSC,WA,ANM,WE,Towers with Radar,7,75,33,0,115,0,0,4,0,4,7,75,37,0,119,12,0,12,131
12/27/2000,PSC,WA,ANM,WE,Towers with Radar,7,78,22,0,107,0,7,34,0,41,7,85,56,0,148,42,0,42,190
12/28/2000,PSC,WA,ANM,WE,Towers with Radar,7,73,28,0,108,0,2,13,0,15,7,75,41,0,123,18,0,18,141
12/29/2000,PSC,WA,ANM,WE,Towers with Radar,10,66,18,3,97,0,0,3,1,4,10,66,21,4,101,0,0,0,101
12/30/2000,PSC,WA,ANM,WE,Towers with Radar,6,43,17,0,66,2,0,20,0,22,8,43,37,0,88,36,0,36,124
12/31/2000,PSC,WA,ANM,WE,Towers with Radar,4,32,13,0,49,2,2,30,0,34,6,34,43,0,83,96,0,96,179
01/01/2001,PSC,WA,ANM,WE,Towers with Radar,5,34,17,0,56,4,17,29,0,50,9,51,46,0,106,76,0,76,182
01/02/2001,PSC,WA,ANM,WE,Towers with Radar,9,64,30,0,103,0,8,21,0,29,9,72,51,0,132,62,0,62,194
01/03/2001,PSC,WA,ANM,WE,Towers with Radar,7,68,22,0,97,1,19,14,2,36,8,87,36,2,133,92,0,92,225
01/04/2001,PSC,WA,ANM,WE,Towers with Radar,8,68,40,7,123,0,0,10,3,13,8,68,50,10,136,62,12,74,210
01/05/2001,PSC,WA,ANM,WE,Towers with Radar,8,72,36,2,118,0,0,12,6,18,8,72,48,8,136,32,0,32,168
01/06/2001,PSC,WA,ANM,WE,Towers with Radar,8,49,19,1,77,0,3,93,3,99,8,52,112,4,176,164,0,164,340
01/07/2001,PSC,WA,ANM,WE,Towers with Radar,8,37,19,2,66,0,1,26,0,27,8,38,45,2,93,98,0,98,191
01/08/2001,PSC,WA,ANM,WE,Towers with Radar,8,60,19,0,87,1,8,31,2,42,9,68,50,2,129,88,0,88,217
01/09/2001,PSC,WA,ANM,WE,Towers with Radar,7,62,26,0,95,0,0,5,0,5,7,62,31,0,100,30,0,30,130
01/10/2001,PSC,WA,ANM,WE,Towers with Radar,5,77,31,0,113,0,1,0,0,1,5,78,31,0,114,0,0,0,114
01/11/2001,PSC,WA,ANM,WE,Towers with Radar,7,73,61,0,141,0,0,6,0,6,7,73,67,0,147,106,0,106,253
01/12/2001,PSC,WA,ANM,WE,Towers with Radar,9,66,39,0,114,0,0,21,0,21,9,66,60,0,135,32,0,32,167
01/13/2001,PSC,WA,ANM,WE,Towers with Radar,4,38,20,0,62,3,8,9,0,20,7,46,29,0,82,64,0,64,146
01/14/2001,PSC,WA,ANM,WE,Towers with Radar,7,43,27,0,77,0,2,57,0,59,7,45,84,0,136,46,0,46,182
01/15/2001,PSC,WA,ANM,WE,Towers with Radar,9,60,40,0,109,1,1,12,0,14,10,61,52,0,123,52,0,52,175
01/16/2001,PSC,WA,ANM,WE,Towers with Radar,9,57,25,0,91,0,14,28,0,42,9,71,53,0,133,30,0,30,163
01/17/2001,PSC,WA,ANM,WE,Towers with Radar,7,67,20,0,94,0,3,17,0,20,7,70,37,0,114,76,0,76,190
01/18/2001,PSC,WA,ANM,WE,Towers with Radar,10,64,20,0,94,0,7,40,0,47,10,71,60,0,141,102,0,102,243
01/19/2001,PSC,WA,ANM,WE,Towers with Radar,9,73,33,0,115,0,0,0,0,0,9,73,33,0,115,30,0,30,145
01/20/2001,PSC,WA,ANM,WE,Towers with Radar,6,54,26,0,86,1,7,17,0,25,7,61,43,0,111,166,0,166,277
01/21/2001,PSC,WA,ANM,WE,Towers with Radar,11,45,6,0,62,0,10,20,2,32,11,55,26,2,94,62,0,62,156
01/22/2001,PSC,WA,ANM,WE,Towers with Radar,9,63,26,5,103,0,0,16,41,57,9,63,42,46,160,22,0,22,182
01/23/2001,PSC,WA,ANM,WE,Towers with Radar,9,73,35,0,117,0,0,44,0,44,9,73,79,0,161,38,0,38,199
01/24/2001,PSC,WA,ANM,WE,Towers with Radar,7,75,27,0,109,0,0,41,0,41,7,75,68,0,150,68,0,68,218
01/25/2001,PSC,WA,ANM,WE,Towers with Radar,7,64,28,0,99,0,5,0,0,5,7,69,28,0,104,0,0,0,104
01/26/2001,PSC,WA,ANM,WE,Towers with Radar,8,72,34,0,114,0,3,8,0,11,8,75,42,0,125,48,0,48,173
01/27/2001,PSC,WA,ANM,WE,Towers with Radar,8,54,26,0,88,0,0,22,0,22,8,54,48,0,110,78,0,78,188
01/28/2001,PSC,WA,ANM,WE,Towers with Radar,6,42,17,0,65,1,1,18,0,20,7,43,35,0,85,92,0,92,177
01/29/2001,PSC,WA,ANM,WE,Towers with Radar,8,64,24,0,96,0,7,35,0,42,8,71,59,0,138,50,0,50,188
01/30/2001,PSC,WA,ANM,WE,Towers with Radar,8,55,37,1,101,0,0,33,9,42,8,55,70,10,143,62,26,88,231
01/31/2001,PSC,WA,ANM,WE,Towers with Radar,7,75,37,16,135,0,1,51,6,58,7,76,88,22,193,100,50,150,343
02/01/2001,PSC,WA,ANM,WE,Towers with Radar,5,72,34,2,113,0,0,61,0,61,5,72,95,2,174,58,0,58,232
02/02/2001,PSC,WA,ANM,WE,Towers with Radar,8,57,27,4,96,2,0,58,7,67,10,57,85,11,163,78,36,114,277
02/03/2001,PSC,WA,ANM,WE,Towers with Radar,5,38,16,0,59,1,6,115,0,122,6,44,131,0,181,100,0,100,281
02/04/2001,PSC,WA,ANM,WE,Towers with Radar,5,40,17,0,62,1,9,26,0,36,6,49,43,0,98,40,0,40,138
02/05/2001,PSC,WA,ANM,WE,Towers with Radar,7,55,24,0,86,0,5,38,0,43,7,60,62,0,129,74,0,74,203
02/06/2001,PSC,WA,ANM,WE,Towers with Radar,7,57,31,0,95,0,0,8,0,8,7,57,39,0,103,42,0,42,145
02/07/2001,PSC,WA,ANM,WE,Towers with Radar,7,70,31,4,112,0,0,43,24,67,7,70,74,28,179,178,10,188,367
02/08/2001,PSC,WA,ANM,WE,Towers with Radar,7,61,28,0,96,0,0,0,0,0,7,61,28,0,96,72,0,72,168
02/09/2001,PSC,WA,ANM,WE,Towers with Radar,8,74,18,0,100,0,0,0,0,0,8,74,18,0,100,18,0,18,118
02/10/2001,PSC,WA,ANM,WE,Towers with Radar,6,47,13,0,66,2,2,0,0,4,8,49,13,0,70,38,0,38,108
02/11/2001,PSC,WA,ANM,WE,Towers with Radar,5,41,16,3,65,3,2,24,2,31,8,43,40,5,96,60,0,60,156
02/12/2001,PSC,WA,ANM,WE,Towers with Radar,9,72,29,4,114,0,11,52,0,63,9,83,81,4,177,142,0,142,319
02/13/2001,PSC,WA,ANM,WE,Towers with Radar,8,62,25,0,95,1,2,35,0,38,9,64,60,0,133,52,0,52,185
02/14/2001,PSC,WA,ANM,WE,Towers with Radar,8,72,29,4,113,0,2,53,4,59,8,74,82,8,172,36,34,70,242
02/15/2001,PSC,WA,ANM,WE,Towers with Radar,7,63,30,4,104,0,0,23,16,39,7,63,53,20,143,58,2,60,203
02/16/2001,PSC,WA,ANM,WE,Towers with Radar,10,81,33,0,124,0,0,17,0,17,10,81,50,0,141,74,6,80,221
02/17/2001,PSC,WA,ANM,WE,Towers with Radar,7,46,21,0,74,1,0,43,0,44,8,46,64,0,118,94,0,94,212
02/18/2001,PSC,WA,ANM,WE,Towers with Radar,5,38,15,0,58,3,7,72,0,82,8,45,87,0,140,60,0,60,200
02/19/2001,PSC,WA,ANM,WE,Towers with Radar,6,49,19,2,76,2,14,39,0,55,8,63,58,2,131,68,8,76,207
02/20/2001,PSC,WA,ANM,WE,Towers with Radar,7,61,25,0,93,2,11,33,0,46,9,72,58,0,139,112,0,112,251
02/21/2001,PSC,WA,ANM,WE,Towers with Radar,7,70,29,3,109,0,1,63,3,67,7,71,92,6,176,100,44,144,320
02/22/2001,PSC,WA,ANM,WE,Towers with Radar,7,58,25,0,90,1,33,51,0,85,8,91,76,0,175,106,0,106,281
02/23/2001,PSC,WA,ANM,WE,Towers with Radar,9,62,28,2,101,1,0,43,0,44,10,62,71,2,145,106,6,112,257
02/24/2001,PSC,WA,ANM,WE,Towers with Radar,4,37,16,0,57,4,4,59,0,67,8,41,75,0,124,98,0,98,222
02/25/2001,PSC,WA,ANM,WE,Towers with Radar,5,38,16,1,60,4,14,92,3,113,9,52,108,4,173,130,0,130,303
02/26/2001,PSC,WA,ANM,WE,Towers with Radar,8,67,28,0,103,0,3,63,0,66,8,70,91,0,169,96,0,96,265
02/27/2001,PSC,WA,ANM,WE,Towers with Radar,7,65,33,4,109,0,0,72,2,74,7,65,105,6,183,68,0,68,251
02/28/2001,PSC,WA,ANM,WE,Towers with Radar,7,65,27,3,102,0,9,76,1,86,7,74,103,4,188,142,0,142,330
03/01/2001,PSC,WA,ANM,WE,Towers with Radar,8,58,34,5,105,0,0,40,1,41,8,58,74,6,146,154,0,154,300
03/02/2001,PSC,WA,ANM,WE,Towers with Radar,7,56,22,0,85,0,0,55,0,55,7,56,77,0,140,114,0,114,254
03/03/2001,PSC,WA,ANM,WE,Towers with Radar,8,40,29,0,77,0,0,51,0,51,8,40,80,0,128,102,0,102,230
03/04/2001,PSC,WA,ANM,WE,Towers with Radar,9,39,16,0,64,0,6,51,0,57,9,45,67,0,121,38,0,38,159
03/05/2001,PSC,WA,ANM,WE,Towers with Radar,8,60,18,0,86,0,5,53,0,58,8,65,71,0,144,140,0,140,284
03/06/2001,PSC,WA,ANM,WE,Towers with Radar,8,71,23,2,104,0,11,96,0,107,8,82,119,2,211,158,0,158,369
03/07/2001,PSC,WA,ANM,WE,Towers with Radar,8,69,16,8,101,0,0,68,0,68,8,69,84,8,169,126,30,156,325
03/08/2001,PSC,WA,ANM,WE,Towers with Radar,7,64,29,0,100,0,5,31,0,36,7,69,60,0,136,84,0,84,220
03/09/2001,PSC,WA,ANM,WE,Towers with Radar,7,64,30,2,103,2,21,62,0,85,9,85,92,2,188,84,0,84,272
03/10/2001,PSC,WA,ANM,WE,Towers with Radar,6,45,19,2,72,1,1,99,6,107,7,46,118,8,179,90,14,104,283
03/11/2001,PSC,WA,ANM,WE,Towers with Radar,5,44,23,4,76,5,13,50,0,68,10,57,73,4,144,70,16,86,230
03/12/2001,PSC,WA,ANM,WE,Towers with Radar,7,57,32,2,98,0,5,33,0,38,7,62,65,2,136,76,2,78,214
03/13/2001,PSC,WA,ANM,WE,Towers with Radar,7,55,12,10,84,0,0,17,0,17,7,55,29,10,101,8,50,58,159
03/14/2001,PSC,WA,ANM,WE,Towers with Radar,7,77,37,0,121,0,1,78,2,81,7,78,115,2,202,146,0,146,348
03/15/2001,PSC,WA,ANM,WE,Towers with Radar,10,75,37,0,122,0,0,40,1,41,10,75,77,1,163,156,2,158,321
03/16/2001,PSC,WA,ANM,WE,Towers with Radar,8,75,44,0,127,0,0,58,0,58,8,75,102,0,185,146,0,146,331
03/17/2001,PSC,WA,ANM,WE,Towers with Radar,7,35,20,2,64,1,0,62,0,63,8,35,82,2,127,114,4,118,245
03/18/2001,PSC,WA,ANM,WE,Towers with Radar,8,43,21,0,72,0,2,29,0,31,8,45,50,0,103,124,0,124,227
03/19/2001,PSC,WA,ANM,WE,Towers with Radar,8,61,32,13,114,0,0,51,1,52,8,61,83,14,166,98,0,98,264
03/20/2001,PSC,WA,ANM,WE,Towers with Radar,7,64,28,4,103,0,11,71,0,82,7,75,99,4,185,94,20,114,299
03/21/2001,PSC,WA,ANM,WE,Towers with Radar,7,69,29,1,106,0,0,63,0,63,7,69,92,1,169,152,0,152,321
03/22/2001,PSC,WA,ANM,WE,Towers with Radar,7,68,27,5,107,0,0,93,1,94,7,68,120,6,201,102,46,148,349
03/23/2001,PSC,WA,ANM,WE,Towers with Radar,7,70,28,2,107,0,1,92,0,93,7,71,120,2,200,138,16,154,354
03/24/2001,PSC,WA,ANM,WE,Towers with Radar,6,49,17,0,72,0,0,37,0,37,6,49,54,0,109,100,0,100,209
03/25/2001,PSC,WA,ANM,WE,Towers with Radar,7,38,16,0,61,1,16,21,0,38,8,54,37,0,99,50,0,50,149
03/26/2001,PSC,WA,ANM,WE,Towers with Radar,7,62,18,0,87,0,14,43,0,57,7,76,61,0,144,48,0,48,192
03/27/2001,PSC,WA,ANM,WE,Towers with Radar,7,58,23,4,92,2,43,61,4,110,9,101,84,8,202,98,20,118,320
03/28/2001,PSC,WA,ANM,WE,Towers with Radar,8,85,18,6,117,0,4,63,0,67,8,89,81,6,184,100,14,114,298
03/29/2001,PSC,WA,ANM,WE,Towers with Radar,7,76,23,3,109,0,1,50,0,51,7,77,73,3,160,120,0,120,280
03/30/2001,PSC,WA,ANM,WE,Towers with Radar,10,76,16,0,102,0,4,87,2,93,10,80,103,2,195,136,0,136,331
03/31/2001,PSC,WA,ANM,WE,Towers with Radar,7,44,30,0,81,1,0,30,0,31,8,44,60,0,112,78,0,78,190
04/01/2001,PSC,WA,ANM,WE,Towers with Radar,5,45,22,0,72,1,9,46,0,56,6,54,68,0,128,120,0,120,248
04/02/2001,PSC,WA,ANM,WE,Towers with Radar,6,60,12,0,78,1,11,28,0,40,7,71,40,0,118,60,0,60,178
04/03/2001,PSC,WA,ANM,WE,Towers with Radar,6,73,25,0,104,1,0,66,0,67,7,73,91,0,171,134,0,134,305
04/04/2001,PSC,WA,ANM,WE,Towers with Radar,5,63,37,0,105,0,0,59,0,59,5,63,96,0,164,98,0,98,262
04/05/2001,PSC,WA,ANM,WE,Towers with Radar,6,56,40,0,102,1,0,72,2,75,7,56,112,2,177,140,2,142,319
04/06/2001,PSC,WA,ANM,WE,Towers with Radar,4,65,34,1,104,1,11,66,0,78,5,76,100,1,182,0,0,0,182
04/07/2001,PSC,WA,ANM,WE,Towers with Radar,5,48,25,0,78,1,7,62,0,70,6,55,87,0,148,104,0,104,252
04/08/2001,PSC,WA,ANM,WE,Towers with Radar,9,41,10,0,60,1,2,75,0,78,10,43,85,0,138,86,0,86,224
04/09/2001,PSC,WA,ANM,WE,Towers with Radar,4,67,27,0,98,2,2,80,2,86,6,69,107,2,184,132,0,132,316
04/10/2001,PSC,WA,ANM,WE,Towers with Radar,5,64,34,5,108,1,2,58,13,74,6,66,92,18,182,70,30,100,282
04/11/2001,PSC,WA,ANM,WE,Towers with Radar,9,83,45,2,139,0,0,27,0,27,9,83,72,2,166,102,0,102,268
04/12/2001,PSC,WA,ANM,WE,Towers with Radar,6,77,40,5,128,0,0,33,7,40,6,77,73,12,168,118,12,130,298
04/13/2001,PSC,WA,ANM,WE,Towers with Radar,5,73,33,1,112,0,3,34,0,37,5,76,67,1,149,158,0,158,307
04/14/2001,PSC,WA,ANM,WE,Towers with Radar,5,46,23,0,74,0,2,40,0,42,5,48,63,0,116,102,0,102,218
04/15/2001,PSC,WA,ANM,WE,Towers with Radar,5,36,38,0,79,0,14,19,0,33,5,50,57,0,112,98,0,98,210
04/16/2001,PSC,WA,ANM,WE,Towers with Radar,10,70,22,6,108,0,7,65,0,72,10,77,87,6,180,102,52,154,334
04/17/2001,PSC,WA,ANM,WE,Towers with Radar,7,61,24,8,100,0,3,73,0,76,7,64,97,8,176,58,94,152,328
04/18/2001,PSC,WA,ANM,WE,Towers with Radar,6,74,30,4,114,0,0,33,0,33,6,74,63,4,147,94,4,98,245
04/19/2001,PSC,WA,ANM,WE,Towers with Radar,9,85,41,5,140,0,0,84,2,86,9,85,125,7,226,173,28,201,427
04/20/2001,PSC,WA,ANM,WE,Towers with Radar,9,59,36,2,106,3,0,17,0,20,12,59,53,2,126,84,8,92,218
04/21/2001,PSC,WA,ANM,WE,Towers with Radar,7,39,12,0,58,0,9,68,0,77,7,48,80,0,135,146,0,146,281
04/22/2001,PSC,WA,ANM,WE,Towers with Radar,10,38,16,5,69,0,14,66,0,80,10,52,82,5,149,104,0,104,253
04/23/2001,PSC,WA,ANM,WE,Towers with Radar,8,71,33,4,116,1,0,44,7,52,9,71,77,11,168,38,44,82,250
04/24/2001,PSC,WA,ANM,WE,Towers with Radar,6,57,26,3,92,1,0,64,1,66,7,57,90,4,158,90,14,104,262
04/25/2001,PSC,WA,ANM,WE,Towers with Radar,7,63,30,0,100,0,0,45,0,45,7,63,75,0,145,112,0,112,257
04/26/2001,PSC,WA,ANM,WE,Towers with Radar,7,70,32,0,109,0,0,93,0,93,7,70,125,0,202,130,0,130,332
04/27/2001,PSC,WA,ANM,WE,Towers with Radar,8,70,33,6,117,0,2,57,0,59,8,72,90,6,176,134,4,138,314
04/28/2001,PSC,WA,ANM,WE,Towers with Radar,5,47,19,0,71,0,2,36,0,38,5,49,55,0,109,134,0,134,243
04/29/2001,PSC,WA,ANM,WE,Towers with Radar,5,40,5,0,50,2,5,49,0,56,7,45,54,0,106,78,0,78,184
04/30/2001,PSC,WA,ANM,WE,Towers with Radar,9,59,16,0,84,0,2,26,0,28,9,61,42,0,112,72,0,72,184
05/01/2001,PSC,WA,ANM,WE,Towers with Radar,7,63,32,1,103,0,0,20,1,21,7,63,52,2,124,52,0,52,176
05/02/2001,PSC,WA,ANM,WE,Towers with Radar,6,64,32,0,102,2,5,62,0,69,8,69,94,0,171,186,0,186,357
05/03/2001,PSC,WA,ANM,WE,Towers with Radar,7,61,35,3,106,2,0,90,1,93,9,61,125,4,199,208,32,240,439
05/04/2001,PSC,WA,ANM,WE,Towers with Radar,7,61,49,3,120,0,0,69,0,69,7,61,118,3,189,156,0,156,345
05/05/2001,PSC,WA,ANM,WE,Towers with Radar,6,45,5,4,60,0,2,81,0,83,6,47,86,4,143,108,0,108,251
05/06/2001,PSC,WA,ANM,WE,Towers with Radar,6,39,20,2,67,0,8,80,0,88,6,47,100,2,155,200,0,200,355
05/07/2001,PSC,WA,ANM,WE,Towers with Radar,6,61,30,3,100,1,4,72,5,82,7,65,102,8,182,122,32,154,336
05/08/2001,PSC,WA,ANM,WE,Towers with Radar,7,65,39,2,113,0,0,63,0,63,7,65,102,2,176,156,20,176,352
05/09/2001,PSC,WA,ANM,WE,Towers with Radar,6,73,37,0,116,3,21,90,0,114,9,94,127,0,230,194,0,194,424
05/10/2001,PSC,WA,ANM,WE,Towers with Radar,9,91,45,0,145,0,0,113,0,113,9,91,158,0,258,188,0,188,446
05/11/2001,PSC,WA,ANM,WE,Towers with Radar,7,66,34,3,110,0,0,65,1,66,7,66,99,4,176,194,0,194,370
05/12/2001,PSC,WA,ANM,WE,Towers with Radar,3,34,17,2,56,3,16,100,0,119,6,50,117,2,175,90,0,90,265
05/13/2001,PSC,WA,ANM,WE,Towers with Radar,8,42,6,0,56,1,11,55,0,67,9,53,61,0,123,86,0,86,209
05/14/2001,PSC,WA,ANM,WE,Towers with Radar,8,69,19,0,96,0,3,46,0,49,8,72,65,0,145,88,0,88,233
05/15/2001,PSC,WA,ANM,WE,Towers with Radar,7,59,23,0,89,0,0,74,0,74,7,59,97,0,163,66,0,66,229
05/16/2001,PSC,WA,ANM,WE,Towers with Radar,5,57,36,2,100,0,0,32,10,42,5,57,68,12,142,43,46,89,231
05/17/2001,PSC,WA,ANM,WE,Towers with Radar,5,48,13,2,68,0,0,49,10,59,5,48,62,12,127,132,42,174,301
05/18/2001,PSC,WA,ANM,WE,Towers with Radar,8,69,34,5,116,0,0,73,0,73,8,69,107,5,189,210,22,232,421
05/19/2001,PSC,WA,ANM,WE,Towers with Radar,9,49,15,0,73,0,2,36,0,38,9,51,51,0,111,68,0,68,179
05/20/2001,PSC,WA,ANM,WE,Towers with Radar,8,41,28,0,77,0,1,55,0,56,8,42,83,0,133,110,0,110,243
05/21/2001,PSC,WA,ANM,WE,Towers with Radar,7,66,33,0,106,2,0,40,0,42,9,66,73,0,148,194,0,194,342
05/22/2001,PSC,WA,ANM,WE,Towers with Radar,7,79,38,0,124,0,6,41,0,47,7,85,79,0,171,130,0,130,301
05/23/2001,PSC,WA,ANM,WE,Towers with Radar,8,78,48,0,134,0,0,37,0,37,8,78,85,0,171,138,0,138,309
05/24/2001,PSC,WA,ANM,WE,Towers with Radar,7,69,36,2,114,2,0,73,8,83,9,69,109,10,197,158,8,166,363
05/25/2001,PSC,WA,ANM,WE,Towers with Radar,7,66,73,0,146,0,10,23,0,33,7,76,96,0,179,146,0,146,325
05/26/2001,PSC,WA,ANM,WE,Towers with Radar,6,39,5,0,50,0,0,64,0,64,6,39,69,0,114,98,0,98,212
05/27/2001,PSC,WA,ANM,WE,Towers with Radar,3,35,11,0,49,0,7,47,0,54,3,42,58,0,103,46,0,46,149
05/28/2001,PSC,WA,ANM,WE,Towers with Radar,6,43,16,0,65,1,4,56,0,61,7,47,72,0,126,94,0,94,220
05/29/2001,PSC,WA,ANM,WE,Towers with Radar,6,63,50,0,119,0,6,94,2,102,6,69,144,2,221,136,0,136,357
05/30/2001,PSC,WA,ANM,WE,Towers with Radar,6,78,47,2,133,0,0,78,0,78,6,78,125,2,211,152,18,170,381
05/31/2001,PSC,WA,ANM,WE,Towers with Radar,5,62,47,2,116,3,0,93,7,103,8,62,140,9,219,244,8,252,471
06/01/2001,PSC,WA,ANM,WE,Towers with Radar,7,62,23,10,102,0,0,47,0,47,7,62,70,10,149,62,28,90,239
06/02/2001,PSC,WA,ANM,WE,Towers with Radar,6,35,24,6,71,0,0,42,0,42,6,35,66,6,113,184,16,200,313
06/03/2001,PSC,WA,ANM,WE,Towers with Radar,5,39,19,0,63,1,6,35,0,42,6,45,54,0,105,90,0,90,195
06/04/2001,PSC,WA,ANM,WE,Towers with Radar,5,63,30,0,98,0,2,48,0,50,5,65,78,0,148,150,0,150,298
06/05/2001,PSC,WA,ANM,WE,Towers with Radar,8,68,42,2,120,0,0,66,0,66,8,68,108,2,186,96,0,96,282
06/06/2001,PSC,WA,ANM,WE,Towers with Radar,8,59,64,6,137,0,0,38,2,40,8,59,102,8,177,152,22,174,351
06/07/2001,PSC,WA,ANM,WE,Towers with Radar,7,57,49,0,113,0,0,19,0,19,7,57,68,0,132,130,4,134,266
06/08/2001,PSC,WA,ANM,WE,Towers with Radar,7,61,32,0,100,0,0,34,0,34,7,61,66,0,134,148,2,150,284
06/09/2001,PSC,WA,ANM,WE,Towers with Radar,6,42,16,2,66,1,9,48,0,58,7,51,64,2,124,140,0,140,264
06/10/2001,PSC,WA,ANM,WE,Towers with Radar,3,35,17,2,57,3,8,53,8,72,6,43,70,10,129,108,12,120,249
06/11/2001,PSC,WA,ANM,WE,Towers with Radar,7,57,22,0,86,0,0,39,0,39,7,57,61,0,125,56,0,56,181
06/12/2001,PSC,WA,ANM,WE,Towers with Radar,5,73,29,16,123,3,3,35,0,41,8,76,64,16,164,98,6,104,268
06/13/2001,PSC,WA,ANM,WE,Towers with Radar,8,66,23,0,97,0,0,71,0,71,8,66,94,0,168,206,0,206,374
06/14/2001,PSC,WA,ANM,WE,Towers with Radar,8,56,45,0,109,0,0,70,0,70,8,56,115,0,179,178,0,178,357
06/15/2001,PSC,WA,ANM,WE,Towers with Radar,6,64,31,19,120,0,0,69,0,69,6,64,100,19,189,84,34,118,307
06/16/2001,PSC,WA,ANM,WE,Towers with Radar,3,51,14,0,68,0,0,64,0,64,3,51,78,0,132,106,0,106,238
06/17/2001,PSC,WA,ANM,WE,Towers with Radar,6,51,24,0,81,0,1,89,2,92,6,52,113,2,173,96,0,96,269
06/18/2001,PSC,WA,ANM,WE,Towers with Radar,5,71,20,0,96,1,0,72,0,73,6,71,92,0,169,160,0,160,329
06/19/2001,PSC,WA,ANM,WE,Towers with Radar,6,74,33,12,125,0,7,80,2,89,6,81,113,14,214,94,0,94,308
06/20/2001,PSC,WA,ANM,WE,Towers with Radar,6,62,30,0,98,0,4,74,0,78,6,66,104,0,176,114,0,114,290
06/21/2001,PSC,WA,ANM,WE,Towers with Radar,7,77,49,1,134,0,0,54,3,57,7,77,103,4,191,116,0,116,307
06/22/2001,PSC,WA,ANM,WE,Towers with Radar,7,60,35,3,105,3,0,50,3,56,10,60,85,6,161,162,10,172,333
06/23/2001,PSC,WA,ANM,WE,Towers with Radar,4,43,20,0,67,1,6,42,0,49,5,49,62,0,116,62,0,62,178
06/24/2001,PSC,WA,ANM,WE,Towers with Radar,5,45,13,0,63,2,2,45,0,49,7,47,58,0,112,20,0,20,132
06/25/2001,PSC,WA,ANM,WE,Towers with Radar,9,66,23,1,99,2,15,79,5,101,11,81,102,6,200,124,16,140,340
06/26/2001,PSC,WA,ANM,WE,Towers with Radar,5,65,33,2,105,2,6,58,8,74,7,71,91,10,179,94,24,118,297
06/27/2001,PSC,WA,ANM,WE,Towers with Radar,6,68,40,4,118,0,0,58,3,61,6,68,98,7,179,102,0,102,281
06/28/2001,PSC,WA,ANM,WE,Towers with Radar,8,75,25,1,109,2,0,61,0,63,10,75,86,1,172,130,0,130,302
06/29/2001,PSC,WA,ANM,WE,Towers with Radar,7,63,40,0,110,0,0,79,0,79,7,63,119,0,189,132,0,132,321
06/30/2001,PSC,WA,ANM,WE,Towers with Radar,5,54,18,0,77,0,0,7,0,7,5,54,25,0,84,138,0,138,222
07/01/2001,PSC,WA,ANM,WE,Towers with Radar,5,45,30,0,80,0,0,47,0,47,5,45,77,0,127,84,0,84,211
07/02/2001,PSC,WA,ANM,WE,Towers with Radar,5,77,35,0,117,0,0,75,0,75,5,77,110,0,192,168,0,168,360
07/03/2001,PSC,WA,ANM,WE,Towers with Radar,4,36,15,0,55,3,48,114,0,165,7,84,129,0,220,78,0,78,298
07/04/2001,PSC,WA,ANM,WE,Towers with Radar,7,53,27,0,87,1,0,46,0,47,8,53,73,0,134,60,0,60,194
07/05/2001,PSC,WA,ANM,WE,Towers with Radar,8,73,32,3,116,0,6,83,17,106,8,79,115,20,222,86,40,126,348
07/06/2001,PSC,WA,ANM,WE,Towers with Radar,5,41,18,1,65,2,26,68,3,99,7,67,86,4,164,70,0,70,234
07/07/2001,PSC,WA,ANM,WE,Towers with Radar,5,51,33,0,89,0,0,33,0,33,5,51,66,0,122,120,0,120,242
07/08/2001,PSC,WA,ANM,WE,Towers with Radar,7,49,31,2,89,0,0,57,0,57,7,49,88,2,146,152,2,154,300
07/09/2001,PSC,WA,ANM,WE,Towers with Radar,5,43,19,1,68,0,31,73,1,105,5,74,92,2,173,142,0,142,315
07/10/2001,PSC,WA,ANM,WE,Towers with Radar,5,45,20,0,70,1,24,92,0,117,6,69,112,0,187,168,0,168,355
07/11/2001,PSC,WA,ANM,WE,Towers with Radar,6,52,23,2,83,1,26,99,4,130,7,78,122,6,213,118,0,118,331
07/12/2001,PSC,WA,ANM,WE,Towers with Radar,6,54,24,0,84,1,29,99,0,129,7,83,123,0,213,100,2,102,315
07/13/2001,PSC,WA,ANM,WE,Towers with Radar,7,75,36,3,121,0,0,93,3,96,7,75,129,6,217,138,0,138,355
07/14/2001,PSC,WA,ANM,WE,Towers with Radar,5,48,37,3,93,0,0,70,5,75,5,48,107,8,168,86,10,96,264
07/15/2001,PSC,WA,ANM,WE,Towers with Radar,7,53,35,0,95,0,0,59,0,59,7,53,94,0,154,42,0,42,196
07/16/2001,PSC,WA,ANM,WE,Towers with Radar,6,48,20,2,76,2,18,86,1,107,8,66,106,3,183,128,18,146,329
07/17/2001,PSC,WA,ANM,WE,Towers with Radar,5,47,19,1,72,2,27,56,2,87,7,74,75,3,159,120,8,128,287
07/18/2001,PSC,WA,ANM,WE,Towers with Radar,7,65,27,0,99,0,6,75,0,81,7,71,102,0,180,112,0,112,292
07/19/2001,PSC,WA,ANM,WE,Towers with Radar,7,66,34,4,111,0,0,90,3,93,7,66,124,7,204,212,26,238,442
07/20/2001,PSC,WA,ANM,WE,Towers with Radar,7,71,29,0,107,3,3,49,0,55,10,74,78,0,162,66,2,68,230
07/21/2001,PSC,WA,ANM,WE,Towers with Radar,5,41,35,0,81,0,0,42,0,42,5,41,77,0,123,68,0,68,191
07/22/2001,PSC,WA,ANM,WE,Towers with Radar,5,47,38,0,90,0,0,42,0,42,5,47,80,0,132,114,0,114,246
07/23/2001,PSC,WA,ANM,WE,Towers with Radar,4,46,19,2,71,7,25,105,0,137,11,71,124,2,208,118,0,118,326
07/24/2001,PSC,WA,ANM,WE,Towers with Radar,4,44,18,2,68,4,24,83,13,124,8,68,101,15,192,94,80,174,366
07/25/2001,PSC,WA,ANM,WE,Towers with Radar,8,65,32,3,108,0,0,119,0,119,8,65,151,3,227,120,0,120,347
07/26/2001,PSC,WA,ANM,WE,Towers with Radar,8,73,33,4,118,1,0,74,10,85,9,73,107,14,203,186,0,186,389
07/27/2001,PSC,WA,ANM,WE,Towers with Radar,8,70,34,3,115,1,0,57,0,58,9,70,91,3,173,124,6,130,303
07/28/2001,PSC,WA,ANM,WE,Towers with Radar,6,43,31,3,83,0,0,50,0,50,6,43,81,3,133,94,24,118,251
07/29/2001,PSC,WA,ANM,WE,Towers with Radar,8,40,32,1,81,0,0,97,0,97,8,40,129,1,178,84,28,112,290
07/30/2001,PSC,WA,ANM,WE,Towers with Radar,5,48,19,2,74,2,23,77,1,103,7,71,96,3,177,134,0,134,311
07/31/2001,PSC,WA,ANM,WE,Towers with Radar,5,54,22,2,83,5,28,117,0,150,10,82,139,2,233,192,0,192,425
08/01/2001,PSC,WA,ANM,WE,Towers with Radar,7,76,38,2,123,0,0,91,0,91,7,76,129,2,214,156,2,158,372
08/02/2001,PSC,WA,ANM,WE,Towers with Radar,7,75,27,0,109,1,0,99,0,100,8,75,126,0,209,184,0,184,393
08/03/2001,PSC,WA,ANM,WE,Towers with Radar,4,63,31,1,99,2,1,87,0,90,6,64,118,1,189,88,0,88,277
08/04/2001,PSC,WA,ANM,WE,Towers with Radar,6,49,19,0,74,0,2,64,0,66,6,51,83,0,140,92,0,92,232
08/05/2001,PSC,WA,ANM,WE,Towers with Radar,6,43,19,0,68,2,5,71,0,78,8,48,90,0,146,126,0,126,272
08/06/2001,PSC,WA,ANM,WE,Towers with Radar,7,68,19,1,95,0,3,74,1,78,7,71,93,2,173,112,2,114,287
08/07/2001,PSC,WA,ANM,WE,Towers with Radar,8,78,34,5,125,0,0,84,1,85,8,78,118,6,210,154,0,154,364
08/08/2001,PSC,WA,ANM,WE,Towers with Radar,7,77,47,0,131,0,0,66,0,66,7,77,113,0,197,190,0,190,387
08/09/2001,PSC,WA,ANM,WE,Towers with Radar,4,74,30,20,128,4,2,75,0,81,8,76,105,20,209,126,30,156,365
08/10/2001,PSC,WA,ANM,WE,Towers with Radar,7,66,29,3,105,3,12,65,0,80,10,78,94,3,185,194,0,194,379
08/11/2001,PSC,WA,ANM,WE,Towers with Radar,5,50,16,3,74,0,2,55,0,57,5,52,71,3,131,106,10,116,247
08/12/2001,PSC,WA,ANM,WE,Towers with Radar,7,44,14,2,67,0,2,62,0,64,7,46,76,2,131,62,0,62,193
08/13/2001,PSC,WA,ANM,WE,Towers with Radar,7,60,12,1,80,0,2,70,0,72,7,62,82,1,152,104,0,104,256
08/14/2001,PSC,WA,ANM,WE,Towers with Radar,7,65,19,0,91,0,0,72,0,72,7,65,91,0,163,160,0,160,323
08/15/2001,PSC,WA,ANM,WE,Towers with Radar,6,67,24,2,99,1,0,71,0,72,7,67,95,2,171,144,26,170,341
08/16/2001,PSC,WA,ANM,WE,Towers with Radar,7,74,35,4,120,0,0,108,2,110,7,74,143,6,230,176,20,196,426
08/17/2001,PSC,WA,ANM,WE,Towers with Radar,7,75,36,0,118,0,0,40,0,40,7,75,76,0,158,132,0,132,290
08/18/2001,PSC,WA,ANM,WE,Towers with Radar,5,46,16,0,67,0,1,74,0,75,5,47,90,0,142,158,0,158,300
08/19/2001,PSC,WA,ANM,WE,Towers with Radar,5,44,17,0,66,0,6,48,0,54,5,50,65,0,120,44,0,44,164
08/20/2001,PSC,WA,ANM,WE,Towers with Radar,7,67,31,0,105,0,10,41,0,51,7,77,72,0,156,52,0,52,208
08/21/2001,PSC,WA,ANM,WE,Towers with Radar,5,62,23,0,90,0,8,74,0,82,5,70,97,0,172,102,0,102,274
08/22/2001,PSC,WA,ANM,WE,Towers with Radar,6,76,33,3,118,0,0,58,1,59,6,76,91,4,177,136,36,172,349
08/23/2001,PSC,WA,ANM,WE,Towers with Radar,5,59,50,10,124,0,0,44,0,44,5,59,94,10,168,62,14,76,244
08/24/2001,PSC,WA,ANM,WE,Towers with Radar,6,59,25,0,90,2,7,43,0,52,8,66,68,0,142,38,0,38,180
08/25/2001,PSC,WA,ANM,WE,Towers with Radar,6,48,12,0,66,0,1,90,0,91,6,49,102,0,157,106,0,106,263
08/26/2001,PSC,WA,ANM,WE,Towers with Radar,7,45,12,10,74,0,1,88,0,89,7,46,100,10,163,98,10,108,271
08/27/2001,PSC,WA,ANM,WE,Towers with Radar,8,69,39,2,118,2,0,118,0,120,10,69,157,2,238,156,0,156,394
08/28/2001,PSC,WA,ANM,WE,Towers with Radar,8,67,30,0,105,2,11,97,0,110,10,78,127,0,215,106,0,106,321
08/29/2001,PSC,WA,ANM,WE,Towers with Radar,9,69,38,0,116,0,0,96,0,96,9,69,134,0,212,148,0,148,360
08/30/2001,PSC,WA,ANM,WE,Towers with Radar,8,70,55,3,136,0,0,96,13,109,8,70,151,16,245,149,32,181,426
08/31/2001,PSC,WA,ANM,WE,Towers with Radar,7,65,14,1,87,1,0,76,0,77,8,65,90,1,164,88,0,88,252
09/01/2001,PSC,WA,ANM,WE,Towers with Radar,4,51,8,0,63,1,0,30,0,31,5,51,38,0,94,52,0,52,146
09/02/2001,PSC,WA,ANM,WE,Towers with Radar,4,37,6,0,47,1,9,64,0,74,5,46,70,0,121,106,0,106,227
09/03/2001,PSC,WA,ANM,WE,Towers with Radar,7,50,20,0,77,0,7,102,0,109,7,57,122,0,186,150,0,150,336
09/04/2001,PSC,WA,ANM,WE,Towers with Radar,5,68,12,0,85,0,0,57,0,57,5,68,69,0,142,74,0,74,216
09/05/2001,PSC,WA,ANM,WE,Towers with Radar,7,63,23,0,93,0,13,72,0,85,7,76,95,0,178,110,0,110,288
09/06/2001,PSC,WA,ANM,WE,Towers with Radar,6,58,39,0,103,0,0,46,2,48,6,58,85,2,151,40,0,40,191
09/07/2001,PSC,WA,ANM,WE,Towers with Radar,10,68,15,3,96,0,0,74,0,74,10,68,89,3,170,116,32,148,318
09/08/2001,PSC,WA,ANM,WE,Towers with Radar,5,43,15,0,63,1,0,58,0,59,6,43,73,0,122,110,0,110,232
09/09/2001,PSC,WA,ANM,WE,Towers with Radar,5,48,32,2,87,1,0,41,0,42,6,48,73,2,129,180,0,180,309
09/10/2001,PSC,WA,ANM,WE,Towers with Radar,6,58,21,0,85,2,17,61,0,80,8,75,82,0,165,104,0,104,269
09/11/2001,PSC,WA,ANM,WE,Towers with Radar,0,2,0,0,2,0,0,5,0,5,0,2,5,0,7,0,0,0,7
09/12/2001,PSC,WA,ANM,WE,Towers with Radar,0,1,0,0,1,0,0,0,0,0,0,1,0,0,1,0,0,0,1
09/13/2001,PSC,WA,ANM,WE,Towers with Radar,0,7,0,0,7,0,0,0,0,0,0,7,0,0,7,0,0,0,7
09/14/2001,PSC,WA,ANM,WE,Towers with Radar,5,71,13,0,89,0,0,0,0,0,5,71,13,0,89,0,0,0,89
09/15/2001,PSC,WA,ANM,WE,Towers with Radar,6,38,7,0,51,0,3,0,0,3,6,41,7,0,54,0,0,0,54
09/16/2001,PSC,WA,ANM,WE,Towers with Radar,6,30,13,0,49,0,4,0,0,4,6,34,13,0,53,0,0,0,53
09/17/2001,PSC,WA,ANM,WE,Towers with Radar,7,58,17,2,84,0,3,9,0,12,7,61,26,2,96,0,0,0,96
09/18/2001,PSC,WA,ANM,WE,Towers with Radar,7,81,31,0,119,0,5,2,0,7,7,86,33,0,126,0,0,0,126
09/19/2001,PSC,WA,ANM,WE,Towers with Radar,8,76,30,0,114,0,3,11,0,14,8,79,41,0,128,0,0,0,128
09/20/2001,PSC,WA,ANM,WE,Towers with Radar,7,63,46,0,116,0,0,31,0,31,7,63,77,0,147,0,0,0,147
09/21/2001,PSC,WA,ANM,WE,Towers with Radar,10,59,29,0,98,0,6,42,0,48,10,65,71,0,146,22,0,22,168
09/22/2001,PSC,WA,ANM,WE,Towers with Radar,5,36,30,0,71,0,0,24,0,24,5,36,54,0,95,90,0,90,185
09/23/2001,PSC,WA,ANM,WE,Towers with Radar,4,32,9,0,45,0,2,41,0,43,4,34,50,0,88,70,0,70,158
09/24/2001,PSC,WA,ANM,WE,Towers with Radar,8,55,16,0,79,0,4,41,0,45,8,59,57,0,124,78,0,78,202
09/25/2001,PSC,WA,ANM,WE,Towers with Radar,7,60,14,0,81,0,6,45,0,51,7,66,59,0,132,78,0,78,210
09/26/2001,PSC,WA,ANM,WE,Towers with Radar,6,50,32,2,90,2,0,47,0,49,8,50,79,2,139,152,2,154,293
09/27/2001,PSC,WA,ANM,WE,Towers with Radar,8,52,43,2,105,0,0,52,0,52,8,52,95,2,157,140,6,146,303
09/28/2001,PSC,WA,ANM,WE,Towers with Radar,10,60,14,3,87,0,3,63,1,67,10,63,77,4,154,200,0,200,354
09/29/2001,PSC,WA,ANM,WE,Towers with Radar,9,30,34,0,73,0,20,82,0,102,9,50,116,0,175,162,0,162,337
09/30/2001,PSC,WA,ANM,WE,Towers with Radar,5,31,7,0,43,0,0,43,2,45,5,31,50,2,88,218,0,218,306
10/01/2001,PSC,WA,ANM,WE,Towers with Radar,3,59,15,0,77,0,0,50,0,50,3,59,65,0,127,124,0,124,251
10/02/2001,PSC,WA,ANM,WE,Towers with Radar,6,54,20,3,83,0,5,84,0,89,6,59,104,3,172,154,0,154,326
10/03/2001,PSC,WA,ANM,WE,Towers with Radar,7,63,29,0,99,1,0,60,0,61,8,63,89,0,160,158,0,158,318
10/04/2001,PSC,WA,ANM,WE,Towers with Radar,6,58,28,0,92,0,0,57,0,57,6,58,85,0,149,182,0,182,331
10/05/2001,PSC,WA,ANM,WE,Towers with Radar,5,53,25,4,87,0,0,64,0,64,5,53,89,4,151,56,0,56,207
10/06/2001,PSC,WA,ANM,WE,Towers with Radar,6,43,13,0,62,0,13,54,0,67,6,56,67,0,129,96,0,96,225
10/07/2001,PSC,WA,ANM,WE,Towers with Radar,5,32,25,0,62,0,0,37,0,37,5,32,62,0,99,114,0,114,213
10/08/2001,PSC,WA,ANM,WE,Towers with Radar,4,43,18,0,65,1,1,36,0,38,5,44,54,0,103,124,0,124,227
10/09/2001,PSC,WA,ANM,WE,Towers with Radar,6,53,24,1,84,2,0,65,6,73,8,53,89,7,157,106,40,146,303
10/10/2001,PSC,WA,ANM,WE,Towers with Radar,8,53,28,0,89,0,4,33,0,37,8,57,61,0,126,116,0,116,242
10/11/2001,PSC,WA,ANM,WE,Towers with Radar,6,56,38,0,100,3,0,33,0,36,9,56,71,0,136,84,0,84,220
10/12/2001,PSC,WA,ANM,WE,Towers with Radar,9,52,27,0,88,0,0,18,0,18,9,52,45,0,106,38,0,38,144
10/13/2001,PSC,WA,ANM,WE,Towers with Radar,7,38,18,0,63,0,0,59,2,61,7,38,77,2,124,88,0,88,212
10/14/2001,PSC,WA,ANM,WE,Towers with Radar,3,34,14,2,53,0,0,52,0,52,3,34,66,2,105,110,0,110,215
10/15/2001,PSC,WA,ANM,WE,Towers with Radar,4,51,41,3,99,0,2,40,1,43,4,53,81,4,142,50,8,58,200
10/16/2001,PSC,WA,ANM,WE,Towers with Radar,7,54,26,7,94,1,3,82,1,87,8,57,108,8,181,130,4,134,315
10/17/2001,PSC,WA,ANM,WE,Towers with Radar,6,64,28,0,98,0,17,57,0,74,6,81,85,0,172,110,0,110,282
10/18/2001,PSC,WA,ANM,WE,Towers with Radar,6,63,23,2,94,2,17,119,0,138,8,80,142,2,232,128,0,128,360
10/19/2001,PSC,WA,ANM,WE,Towers with Radar,5,58,36,0,99,0,0,62,0,62,5,58,98,0,161,72,0,72,233
10/20/2001,PSC,WA,ANM,WE,Towers with Radar,4,33,21,0,58,2,4,86,0,92,6,37,107,0,150,116,0,116,266
10/21/2001,PSC,WA,ANM,WE,Towers with Radar,3,30,12,0,45,0,2,21,0,23,3,32,33,0,68,78,0,78,146
10/22/2001,PSC,WA,ANM,WE,Towers with Radar,4,50,22,0,76,0,9,26,0,35,4,59,48,0,111,42,0,42,153
10/23/2001,PSC,WA,ANM,WE,Towers with Radar,5,46,20,0,71,0,7,10,0,17,5,53,30,0,88,6,0,6,94
10/24/2001,PSC,WA,ANM,WE,Towers with Radar,7,49,31,2,89,2,0,27,6,35,9,49,58,8,124,78,30,108,232
10/25/2001,PSC,WA,ANM,WE,Towers with Radar,4,61,28,4,97,0,0,80,0,80,4,61,108,4,177,44,0,44,221
10/26/2001,PSC,WA,ANM,WE,Towers with Radar,5,53,23,0,81,0,0,80,2,82,5,53,103,2,163,112,0,112,275
10/27/2001,PSC,WA,ANM,WE,Towers with Radar,6,41,13,0,60,0,0,59,0,59,6,41,72,0,119,114,0,114,233
10/28/2001,PSC,WA,ANM,WE,Towers with Radar,5,30,16,0,51,0,0,39,0,39,5,30,55,0,90,98,0,98,188
10/29/2001,PSC,WA,ANM,WE,Towers with Radar,4,51,12,2,69,0,7,52,0,59,4,58,64,2,128,80,4,84,212
10/30/2001,PSC,WA,ANM,WE,Towers with Radar,2,60,27,4,93,5,0,10,0,15,7,60,37,4,108,22,14,36,144
10/31/2001,PSC,WA,ANM,WE,Towers with Radar,17,68,7,3,95,0,0,2,0,2,17,68,9,3,97,22,0,22,119
11/01/2001,PSC,WA,ANM,WE,Towers with Radar,30,78,4,0,112,0,0,8,0,8,30,78,12,0,120,0,0,0,120
11/02/2001,PSC,WA,ANM,WE,Towers with Radar,8,64,12,3,87,0,8,36,1,45,8,72,48,4,132,60,0,60,192
11/03/2001,PSC,WA,ANM,WE,Towers with Radar,5,38,25,0,68,1,0,24,0,25,6,38,49,0,93,18,0,18,111
11/04/2001,PSC,WA,ANM,WE,Towers with Radar,2,27,16,6,51,1,0,0,0,1,3,27,16,6,52,0,12,12,64
11/05/2001,PSC,WA,ANM,WE,Towers with Radar,4,57,16,0,77,0,0,37,0,37,4,57,53,0,114,82,0,82,196
11/06/2001,PSC,WA,ANM,WE,Towers with Radar,16,64,41,0,121,0,9,41,0,50,16,73,82,0,171,64,0,64,235
11/07/2001,PSC,WA,ANM,WE,Towers with Radar,9,56,46,0,111,4,30,66,0,100,13,86,112,0,211,134,0,134,345
11/08/2001,PSC,WA,ANM,WE,Towers with Radar,8,45,66,5,124,0,0,18,0,18,8,45,84,5,142,54,0,54,196
11/09/2001,PSC,WA,ANM,WE,Towers with Radar,7,50,22,0,79,0,0,0,0,0,7,50,22,0,79,0,0,0,79
11/10/2001,PSC,WA,ANM,WE,Towers with Radar,4,30,13,0,47,1,6,6,0,13,5,36,19,0,60,0,0,0,60
11/11/2001,PSC,WA,ANM,WE,Towers with Radar,3,31,23,0,57,3,0,4,0,7,6,31,27,0,64,24,0,24,88
11/12/2001,PSC,WA,ANM,WE,Towers with Radar,6,45,39,0,90,0,6,48,0,54,6,51,87,0,144,78,0,78,222
11/13/2001,PSC,WA,ANM,WE,Towers with Radar,7,53,16,0,76,1,6,65,0,72,8,59,81,0,148,104,0,104,252
11/14/2001,PSC,WA,ANM,WE,Towers with Radar,10,62,23,1,96,0,20,75,3,98,10,82,98,4,194,68,4,72,266
11/15/2001,PSC,WA,ANM,WE,Towers with Radar,8,67,40,2,117,0,9,44,0,53,8,76,84,2,170,102,0,102,272
11/16/2001,PSC,WA,ANM,WE,Towers with Radar,7,69,38,0,114,0,0,53,0,53,7,69,91,0,167,56,0,56,223
11/17/2001,PSC,WA,ANM,WE,Towers with Radar,7,35,24,3,69,0,4,70,1,75,7,39,94,4,144,104,4,108,252
11/18/2001,PSC,WA,ANM,WE,Towers with Radar,5,32,27,1,65,0,2,53,1,56,5,34,80,2,121,76,0,76,197
11/19/2001,PSC,WA,ANM,WE,Towers with Radar,2,52,11,0,65,0,0,21,0,21,2,52,32,0,86,60,0,60,146
11/20/2001,PSC,WA,ANM,WE,Towers with Radar,7,69,22,2,100,0,1,70,1,72,7,70,92,3,172,108,0,108,280
11/21/2001,PSC,WA,ANM,WE,Towers with Radar,8,64,30,0,102,0,6,65,0,71,8,70,95,0,173,114,0,114,287
11/22/2001,PSC,WA,ANM,WE,Towers with Radar,6,39,4,0,49,0,6,11,0,17,6,45,15,0,66,18,0,18,84
11/23/2001,PSC,WA,ANM,WE,Towers with Radar,6,47,17,0,70,0,3,57,0,60,6,50,74,0,130,78,0,78,208
11/24/2001,PSC,WA,ANM,WE,Towers with Radar,6,36,27,0,69,0,0,42,0,42,6,36,69,0,111,202,0,202,313
11/25/2001,PSC,WA,ANM,WE,Towers with Radar,5,32,21,0,58,0,0,26,0,26,5,32,47,0,84,88,0,88,172
11/26/2001,PSC,WA,ANM,WE,Towers with Radar,4,51,24,3,82,0,7,69,13,89,4,58,93,16,171,100,16,116,287
11/27/2001,PSC,WA,ANM,WE,Towers with Radar,3,55,12,4,74,4,1,27,0,32,7,56,39,4,106,68,0,68,174
11/28/2001,PSC,WA,ANM,WE,Towers with Radar,6,58,23,0,87,0,0,14,0,14,6,58,37,0,101,10,0,10,111
11/29/2001,PSC,WA,ANM,WE,Towers with Radar,9,58,33,3,103,0,0,35,3,38,9,58,68,6,141,34,62,96,237
11/30/2001,PSC,WA,ANM,WE,Towers with Radar,3,51,22,2,78,0,0,4,0,4,3,51,26,2,82,68,30,98,180
12/01/2001,PSC,WA,ANM,WE,Towers with Radar,6,33,13,0,52,1,13,30,0,44,7,46,43,0,96,34,0,34,130
12/02/2001,PSC,WA,ANM,WE,Towers with Radar,2,28,14,0,44,1,9,21,0,31,3,37,35,0,75,104,0,104,179
12/03/2001,PSC,WA,ANM,WE,Towers with Radar,12,68,11,0,91,1,0,24,0,25,13,68,35,0,116,40,0,40,156
12/04/2001,PSC,WA,ANM,WE,Towers with Radar,6,62,24,0,92,1,12,30,0,43,7,74,54,0,135,78,0,78,213
12/05/2001,PSC,WA,ANM,WE,Towers with Radar,6,62,36,8,112,2,22,64,0,88,8,84,100,8,200,108,8,116,316
12/06/2001,PSC,WA,ANM,WE,Towers with Radar,5,69,26,3,103,0,10,51,3,64,5,79,77,6,167,50,12,62,229
12/07/2001,PSC,WA,ANM,WE,Towers with Radar,4,58,26,6,94,0,0,43,0,43,4,58,69,6,137,104,34,138,275
12/08/2001,PSC,WA,ANM,WE,Towers with Radar,6,35,18,0,59,0,1,57,0,58,6,36,75,0,117,82,0,82,199
12/09/2001,PSC,WA,ANM,WE,Towers with Radar,15,35,17,0,67,0,4,50,0,54,15,39,67,0,121,178,0,178,299
12/10/2001,PSC,WA,ANM,WE,Towers with Radar,3,51,21,0,75,0,8,11,0,19,3,59,32,0,94,68,0,68,162
12/11/2001,PSC,WA,ANM,WE,Towers with Radar,9,56,14,1,80,0,25,52,1,78,9,81,66,2,158,58,0,58,216
12/12/2001,PSC,WA,ANM,WE,Towers with Radar,6,63,40,0,109,2,15,38,0,55,8,78,78,0,164,74,0,74,238
12/13/2001,PSC,WA,ANM,WE,Towers with Radar,5,66,39,12,122,4,15,57,0,76,9,81,96,12,198,63,52,115,313
12/14/2001,PSC,WA,ANM,WE,Towers with Radar,13,63,18,0,94,0,1,22,0,23,13,64,40,0,117,0,0,0,117
12/15/2001,PSC,WA,ANM,WE,Towers with Radar,5,40,54,0,99,0,22,80,0,102,5,62,134,0,201,158,0,158,359
12/16/2001,PSC,WA,ANM,WE,Towers with Radar,3,33,14,1,51,0,8,30,1,39,3,41,44,2,90,52,0,52,142
12/17/2001,PSC,WA,ANM,WE,Towers with Radar,4,53,22,0,79,0,7,47,0,54,4,60,69,0,133,100,0,100,233
12/18/2001,PSC,WA,ANM,WE,Towers with Radar,8,62,29,0,99,1,16,50,0,67,9,78,79,0,166,72,0,72,238
12/19/2001,PSC,WA,ANM,WE,Towers with Radar,8,68,30,0,106,0,0,54,0,54,8,68,84,0,160,84,2,86,246
12/20/2001,PSC,WA,ANM,WE,Towers with Radar,7,76,32,0,115,0,0,54,0,54,7,76,86,0,169,98,0,98,267
12/21/2001,PSC,WA,ANM,WE,Towers with Radar,8,55,40,2,105,0,0,30,0,30,8,55,70,2,135,96,6,102,237
12/22/2001,PSC,WA,ANM,WE,Towers with Radar,5,35,28,0,68,0,1,17,2,20,5,36,45,2,88,68,0,68,156
12/23/2001,PSC,WA,ANM,WE,Towers with Radar,3,27,14,0,44,2,0,24,0,26,5,27,38,0,70,54,0,54,124
12/24/2001,PSC,WA,ANM,WE,Towers with Radar,5,60,5,0,70,0,1,1,0,2,5,61,6,0,72,14,0,14,86
12/25/2001,PSC,WA,ANM,WE,Towers with Radar,9,45,5,0,59,0,9,38,0,47,9,54,43,0,106,50,0,50,156
12/26/2001,PSC,WA,ANM,WE,Towers with Radar,7,51,35,0,93,0,24,36,0,60,7,75,71,0,153,38,0,38,191
12/27/2001,PSC,WA,ANM,WE,Towers with Radar,9,57,6,0,72,0,0,37,0,37,9,57,43,0,109,100,0,100,209
12/28/2001,PSC,WA,ANM,WE,Towers with Radar,6,69,13,0,88,0,0,25,0,25,6,69,38,0,113,60,0,60,173
12/29/2001,PSC,WA,ANM,WE,Towers with Radar,4,32,7,0,43,0,0,14,0,14,4,32,21,0,57,2,0,2,59
12/30/2001,PSC,WA,ANM,WE,Towers with Radar,5,26,3,0,34,0,0,4,0,4,5,26,7,0,38,38,0,38,76
12/31/2001,PSC,WA,ANM,WE,Towers with Radar,4,40,17,0,61,0,4,8,0,12,4,44,25,0,73,74,0,74,147
01/01/2002,PSC,WA,ANM,WE,Towers with Radar,8,31,28,0,67,0,14,38,0,52,8,45,66,0,119,90,0,90,209
01/02/2002,PSC,WA,ANM,WE,Towers with Radar,6,67,19,0,92,2,7,28,0,37,8,74,47,0,129,12,0,12,141
01/03/2002,PSC,WA,ANM,WE,Towers with Radar,9,59,33,3,104,0,4,28,1,33,9,63,61,4,137,116,0,116,253
01/04/2002,PSC,WA,ANM,WE,Towers with Radar,10,69,25,0,104,0,0,38,0,38,10,69,63,0,142,0,0,0,142
01/05/2002,PSC,WA,ANM,WE,Towers with Radar,6,40,17,2,65,0,0,0,0,0,6,40,17,2,65,42,0,42,107
01/06/2002,PSC,WA,ANM,WE,Towers with Radar,4,36,16,0,56,0,1,20,0,21,4,37,36,0,77,50,0,50,127
01/07/2002,PSC,WA,ANM,WE,Towers with Radar,3,59,11,3,76,0,3,19,1,23,3,62,30,4,99,12,0,12,111
01/08/2002,PSC,WA,ANM,WE,Towers with Radar,11,58,16,3,88,0,2,45,1,48,11,60,61,4,136,28,60,88,224
01/09/2002,PSC,WA,ANM,WE,Towers with Radar,9,63,26,2,100,0,5,72,0,77,9,68,98,2,177,162,12,174,351
01/10/2002,PSC,WA,ANM,WE,Towers with Radar,6,59,35,0,100,1,4,0,0,5,7,63,35,0,105,0,0,0,105
01/11/2002,PSC,WA,ANM,WE,Towers with Radar,8,60,27,2,97,1,13,69,0,83,9,73,96,2,180,146,0,146,326
01/12/2002,PSC,WA,ANM,WE,Towers with Radar,6,33,1,2,42,0,0,12,0,12,6,33,13,2,54,2,4,6,60
01/13/2002,PSC,WA,ANM,WE,Towers with Radar,3,34,19,2,58,3,0,67,0,70,6,34,86,2,128,128,0,128,256
01/14/2002,PSC,WA,ANM,WE,Towers with Radar,4,51,9,2,66,0,0,34,0,34,4,51,43,2,100,88,4,92,192
01/15/2002,PSC,WA,ANM,WE,Towers with Radar,9,61,28,2,100,0,10,66,2,78,9,71,94,4,178,88,10,98,276
01/16/2002,PSC,WA,ANM,WE,Towers with Radar,8,56,19,0,83,2,15,64,0,81,10,71,83,0,164,70,0,70,234
01/17/2002,PSC,WA,ANM,WE,Towers with Radar,8,53,35,0,96,0,0,35,0,35,8,53,70,0,131,90,0,90,221
01/18/2002,PSC,WA,ANM,WE,Towers with Radar,11,60,26,2,99,0,10,50,0,60,11,70,76,2,159,68,6,74,233
01/19/2002,PSC,WA,ANM,WE,Towers with Radar,4,34,15,0,53,0,6,40,0,46,4,40,55,0,99,84,1,85,184
01/20/2002,PSC,WA,ANM,WE,Towers with Radar,4,30,4,0,38,0,0,2,0,2,4,30,6,0,40,4,0,4,44
01/21/2002,PSC,WA,ANM,WE,Towers with Radar,5,47,25,0,77,0,6,12,0,18,5,53,37,0,95,56,0,56,151
01/22/2002,PSC,WA,ANM,WE,Towers with Radar,7,51,24,0,82,2,24,65,0,91,9,75,89,0,173,64,0,64,237
01/23/2002,PSC,WA,ANM,WE,Towers with Radar,9,67,39,2,117,0,0,34,0,34,9,67,73,2,151,64,8,72,223
01/24/2002,PSC,WA,ANM,WE,Towers with Radar,6,54,31,0,91,3,0,14,0,17,9,54,45,0,108,18,0,18,126
01/25/2002,PSC,WA,ANM,WE,Towers with Radar,12,60,25,0,97,0,0,15,0,15,12,60,40,0,112,54,0,54,166
01/26/2002,PSC,WA,ANM,WE,Towers with Radar,5,31,9,0,45,0,0,47,0,47,5,31,56,0,92,124,0,124,216
01/27/2002,PSC,WA,ANM,WE,Towers with Radar,7,27,14,0,48,0,3,42,4,49,7,30,56,4,97,88,0,88,185
01/28/2002,PSC,WA,ANM,WE,Towers with Radar,6,56,14,0,76,0,1,67,0,68,6,57,81,0,144,88,0,88,232
01/29/2002,PSC,WA,ANM,WE,Towers with Radar,9,65,41,4,119,0,9,50,1,60,9,74,91,5,179,142,12,154,333
01/30/2002,PSC,WA,ANM,WE,Towers with Radar,7,55,46,0,108,0,20,48,0,68,7,75,94,0,176,56,0,56,232
01/31/2002,PSC,WA,ANM,WE,Towers with Radar,7,61,32,6,106,0,0,36,0,36,7,61,68,6,142,80,36,116,258
02/01/2002,PSC,WA,ANM,WE,Towers with Radar,3,52,32,0,87,0,0,25,0,25,3,52,57,0,112,66,0,66,178
02/02/2002,PSC,WA,ANM,WE,Towers with Radar,6,46,25,0,77,2,0,49,0,51,8,46,74,0,128,86,0,86,214
02/03/2002,PSC,WA,ANM,WE,Towers with Radar,6,32,9,0,47,0,2,44,0,46,6,34,53,0,93,74,0,74,167
02/04/2002,PSC,WA,ANM,WE,Towers with Radar,36,57,25,0,118,0,10,27,0,37,36,67,52,0,155,68,0,68,223
02/05/2002,PSC,WA,ANM,WE,Towers with Radar,8,58,17,0,83,0,10,2,0,12,8,68,19,0,95,0,0,0,95
02/06/2002,PSC,WA,ANM,WE,Towers with Radar,9,64,44,0,117,0,9,24,0,33,9,73,68,0,150,68,0,68,218
02/07/2002,PSC,WA,ANM,WE,Towers with Radar,9,61,19,3,92,0,0,27,7,34,9,61,46,10,126,50,48,98,224
02/08/2002,PSC,WA,ANM,WE,Towers with Radar,11,60,32,1,104,11,0,17,7,35,22,60,49,8,139,70,0,70,209
02/09/2002,PSC,WA,ANM,WE,Towers with Radar,6,40,7,0,53,0,4,85,0,89,6,44,92,0,142,152,0,152,294
02/10/2002,PSC,WA,ANM,WE,Towers with Radar,7,33,29,0,69,0,2,42,0,44,7,35,71,0,113,136,0,136,249
02/11/2002,PSC,WA,ANM,WE,Towers with Radar,3,61,23,0,87,0,1,52,0,53,3,62,75,0,140,112,0,112,252
02/12/2002,PSC,WA,ANM,WE,Towers with Radar,10,71,37,1,119,0,0,47,1,48,10,71,84,2,167,110,0,110,277
02/13/2002,PSC,WA,ANM,WE,Towers with Radar,8,65,31,1,105,0,0,47,1,48,8,65,78,2,153,144,0,144,297
02/14/2002,PSC,WA,ANM,WE,Towers with Radar,9,55,37,1,102,0,0,48,6,54,9,55,85,7,156,78,22,100,256
02/15/2002,PSC,WA,ANM,WE,Towers with Radar,8,57,29,0,94,0,8,82,0,90,8,65,111,0,184,172,0,172,356
02/16/2002,PSC,WA,ANM,WE,Towers with Radar,7,40,24,0,71,0,0,71,0,71,7,40,95,0,142,198,0,198,340
02/17/2002,PSC,WA,ANM,WE,Towers with Radar,2,38,18,0,58,4,0,74,0,78,6,38,92,0,136,104,0,104,240
02/18/2002,PSC,WA,ANM,WE,Towers with Radar,4,41,65,0,110,0,0,39,0,39,4,41,104,0,149,110,0,110,259
02/19/2002,PSC,WA,ANM,WE,Towers with Radar,9,66,33,8,116,0,12,93,0,105,9,78,126,8,221,240,24,264,485
02/20/2002,PSC,WA,ANM,WE,Towers with Radar,5,50,42,0,97,0,0,39,0,39,5,50,81,0,136,132,0,132,268
02/21/2002,PSC,WA,ANM,WE,Towers with Radar,5,53,40,0,98,0,0,30,0,30,5,53,70,0,128,98,0,98,226
02/22/2002,PSC,WA,ANM,WE,Towers with Radar,8,51,26,0,85,0,0,61,3,64,8,51,87,3,149,88,6,94,243
02/23/2002,PSC,WA,ANM,WE,Towers with Radar,7,39,16,0,62,1,1,31,0,33,8,40,47,0,95,80,0,80,175
02/24/2002,PSC,WA,ANM,WE,Towers with Radar,4,31,17,0,52,0,0,51,0,51,4,31,68,0,103,100,0,100,203
02/25/2002,PSC,WA,ANM,WE,Towers with Radar,3,58,16,2,79,0,4,63,0,67,3,62,79,2,146,94,0,94,240
02/26/2002,PSC,WA,ANM,WE,Towers with Radar,9,65,18,0,92,0,4,81,0,85,9,69,99,0,177,164,0,164,341
02/27/2002,PSC,WA,ANM,WE,Towers with Radar,6,61,36,4,107,0,2,89,4,95,6,63,125,8,202,176,60,236,438
02/28/2002,PSC,WA,ANM,WE,Towers with Radar,7,62,71,1,141,0,16,46,3,65,7,78,117,4,206,172,10,182,388
03/01/2002,PSC,WA,ANM,WE,Towers with Radar,6,51,59,2,118,0,0,34,0,34,6,51,93,2,152,100,0,100,252
03/02/2002,PSC,WA,ANM,WE,Towers with Radar,5,42,24,0,71,0,1,55,0,56,5,43,79,0,127,130,0,130,257
03/03/2002,PSC,WA,ANM,WE,Towers with Radar,3,33,21,0,57,3,8,72,0,83,6,41,93,0,140,146,0,146,286
03/04/2002,PSC,WA,ANM,WE,Towers with Radar,6,50,16,0,72,0,29,37,0,66,6,79,53,0,138,68,0,68,206
03/05/2002,PSC,WA,ANM,WE,Towers with Radar,9,66,25,0,100,0,5,50,0,55,9,71,75,0,155,40,0,40,195
03/06/2002,PSC,WA,ANM,WE,Towers with Radar,7,73,26,0,106,0,0,1,0,1,7,73,27,0,107,22,0,22,129
03/07/2002,PSC,WA,ANM,WE,Towers with Radar,9,75,29,6,119,0,0,49,6,55,9,75,78,12,174,198,12,210,384
03/08/2002,PSC,WA,ANM,WE,Towers with Radar,8,61,32,0,101,1,14,48,0,63,9,75,80,0,164,144,0,144,308
03/09/2002,PSC,WA,ANM,WE,Towers with Radar,8,38,35,0,81,0,3,54,0,57,8,41,89,0,138,158,0,158,296
03/10/2002,PSC,WA,ANM,WE,Towers with Radar,4,31,22,0,57,0,8,27,0,35,4,39,49,0,92,154,0,154,246
03/11/2002,PSC,WA,ANM,WE,Towers with Radar,3,54,8,0,65,0,0,10,0,10,3,54,18,0,75,38,0,38,113
03/12/2002,PSC,WA,ANM,WE,Towers with Radar,9,58,20,2,89,0,1,53,2,56,9,59,73,4,145,56,6,62,207
03/13/2002,PSC,WA,ANM,WE,Towers with Radar,7,68,19,0,94,0,5,37,0,42,7,73,56,0,136,58,0,58,194
03/14/2002,PSC,WA,ANM,WE,Towers with Radar,8,59,45,3,115,0,0,14,0,14,8,59,59,3,129,98,0,98,227
03/15/2002,PSC,WA,ANM,WE,Towers with Radar,7,64,29,2,102,2,1,63,2,68,9,65,92,4,170,120,12,132,302
03/16/2002,PSC,WA,ANM,WE,Towers with Radar,3,33,6,0,42,0,0,30,0,30,3,33,36,0,72,44,2,46,118
03/17/2002,PSC,WA,ANM,WE,Towers with Radar,3,31,18,2,54,5,8,44,0,57,8,39,62,2,111,90,0,90,201
03/18/2002,PSC,WA,ANM,WE,Towers with Radar,4,55,17,10,86,0,0,19,2,21,4,55,36,12,107,70,20,90,197
03/19/2002,PSC,WA,ANM,WE,Towers with Radar,8,67,11,0,86,0,4,38,0,42,8,71,49,0,128,16,0,16,144
03/20/2002,PSC,WA,ANM,WE,Towers with Radar,9,61,28,10,108,0,13,20,2,35,9,74,48,12,143,42,12,54,197
03/21/2002,PSC,WA,ANM,WE,Towers with Radar,8,61,25,0,94,2,0,58,0,60,10,61,83,0,154,150,0,150,304
03/22/2002,PSC,WA,ANM,WE,Towers with Radar,6,64,46,0,116,0,1,52,2,55,6,65,98,2,171,154,0,154,325
03/23/2002,PSC,WA,ANM,WE,Towers with Radar,4,38,25,0,67,0,3,59,0,62,4,41,84,0,129,182,0,182,311
03/24/2002,PSC,WA,ANM,WE,Towers with Radar,3,33,13,0,49,0,5,44,0,49,3,38,57,0,98,136,0,136,234
03/25/2002,PSC,WA,ANM,WE,Towers with Radar,5,52,16,0,73,0,3,79,0,82,5,55,95,0,155,92,0,92,247
03/26/2002,PSC,WA,ANM,WE,Towers with Radar,8,51,25,0,84,0,19,83,0,102,8,70,108,0,186,128,0,128,314
03/27/2002,PSC,WA,ANM,WE,Towers with Radar,6,61,37,0,104,0,1,31,0,32,6,62,68,0,136,56,0,56,192
03/28/2002,PSC,WA,ANM,WE,Towers with Radar,9,67,19,10,105,1,5,59,0,65,10,72,78,10,170,118,14,132,302
03/29/2002,PSC,WA,ANM,WE,Towers with Radar,9,52,9,9,79,0,15,0,1,16,9,67,9,10,95,118,10,128,223
03/30/2002,PSC,WA,ANM,WE,Towers with Radar,2,34,17,0,53,0,0,71,0,71,2,34,88,0,124,92,0,92,216
03/31/2002,PSC,WA,ANM,WE,Towers with Radar,5,32,9,0,46,0,6,46,0,52,5,38,55,0,98,70,0,70,168
04/01/2002,PSC,WA,ANM,WE,Towers with Radar,3,42,20,0,65,0,11,58,0,69,3,53,78,0,134,118,0,118,252
04/02/2002,PSC,WA,ANM,WE,Towers with Radar,9,65,36,0,110,0,10,51,0,61,9,75,87,0,171,96,0,96,267
04/03/2002,PSC,WA,ANM,WE,Towers with Radar,9,72,37,0,118,0,0,100,0,100,9,72,137,0,218,174,0,174,392
04/04/2002,PSC,WA,ANM,WE,Towers with Radar,5,75,52,4,136,5,1,77,0,83,10,76,129,4,219,240,2,242,461
04/05/2002,PSC,WA,ANM,WE,Towers with Radar,6,60,26,0,92,0,9,67,0,76,6,69,93,0,168,133,0,133,301
04/06/2002,PSC,WA,ANM,WE,Towers with Radar,5,37,16,0,58,0,13,58,0,71,5,50,74,0,129,117,0,117,246
04/07/2002,PSC,WA,ANM,WE,Towers with Radar,6,30,10,0,46,0,6,43,0,49,6,36,53,0,95,94,0,94,189
04/08/2002,PSC,WA,ANM,WE,Towers with Radar,4,56,25,1,86,3,4,61,0,68,7,60,86,1,154,88,0,88,242
04/09/2002,PSC,WA,ANM,WE,Towers with Radar,11,61,25,0,97,0,9,49,2,60,11,70,74,2,157,34,8,42,199
04/10/2002,PSC,WA,ANM,WE,Towers with Radar,8,68,31,5,112,1,15,84,5,105,9,83,115,10,217,82,8,90,307
04/11/2002,PSC,WA,ANM,WE,Towers with Radar,7,54,38,0,99,0,0,62,0,62,7,54,100,0,161,120,0,120,281
04/12/2002,PSC,WA,ANM,WE,Towers with Radar,5,64,18,0,87,0,1,66,0,67,5,65,84,0,154,84,0,84,238
04/13/2002,PSC,WA,ANM,WE,Towers with Radar,3,29,14,0,46,1,9,37,0,47,4,38,51,0,93,10,0,10,103
04/14/2002,PSC,WA,ANM,WE,Towers with Radar,3,32,8,0,43,0,6,3,0,9,3,38,11,0,52,0,0,0,52
04/15/2002,PSC,WA,ANM,WE,Towers with Radar,8,53,32,12,105,0,0,36,0,36,8,53,68,12,141,88,32,120,261
04/16/2002,PSC,WA,ANM,WE,Towers with Radar,7,66,35,4,112,0,0,54,0,54,7,66,89,4,166,88,6,94,260
04/17/2002,PSC,WA,ANM,WE,Towers with Radar,6,74,46,16,142,0,4,66,0,70,6,78,112,16,212,118,78,196,408
04/18/2002,PSC,WA,ANM,WE,Towers with Radar,7,79,61,0,147,0,0,61,0,61,7,79,122,0,208,146,0,146,354
04/19/2002,PSC,WA,ANM,WE,Towers with Radar,6,50,32,3,91,0,0,102,0,102,6,50,134,3,193,90,0,90,283
04/20/2002,PSC,WA,ANM,WE,Towers with Radar,3,34,23,0,60,3,0,69,0,72,6,34,92,0,132,132,0,132,264
04/21/2002,PSC,WA,ANM,WE,Towers with Radar,7,30,25,2,64,0,1,69,0,70,7,31,94,2,134,156,0,156,290
04/22/2002,PSC,WA,ANM,WE,Towers with Radar,8,50,28,2,88,0,17,58,2,77,8,67,86,4,165,62,0,62,227
04/23/2002,PSC,WA,ANM,WE,Towers with Radar,7,59,16,0,82,0,20,48,0,68,7,79,64,0,150,118,0,118,268
04/24/2002,PSC,WA,ANM,WE,Towers with Radar,9,68,24,3,104,0,13,104,1,118,9,81,128,4,222,226,12,238,460
04/25/2002,PSC,WA,ANM,WE,Towers with Radar,7,65,32,0,104,0,15,68,2,85,7,80,100,2,189,130,0,130,319
04/26/2002,PSC,WA,ANM,WE,Towers with Radar,7,61,18,0,86,0,11,97,0,108,7,72,115,0,194,170,0,170,364
04/27/2002,PSC,WA,ANM,WE,Towers with Radar,5,34,11,0,50,0,8,41,0,49,5,42,52,0,99,140,0,140,239
04/28/2002,PSC,WA,ANM,WE,Towers with Radar,6,32,15,0,53,0,13,59,0,72,6,45,74,0,125,122,0,122,247
04/29/2002,PSC,WA,ANM,WE,Towers with Radar,5,54,27,2,88,1,14,72,0,87,6,68,99,2,175,152,0,152,327
04/30/2002,PSC,WA,ANM,WE,Towers with Radar,9,61,22,2,94,0,12,90,0,102,9,73,112,2,196,156,0,156,352
05/01/2002,PSC,WA,ANM,WE,Towers with Radar,12,70,39,2,123,0,20,68,0,88,12,90,107,2,211,148,8,156,367
05/02/2002,PSC,WA,ANM,WE,Towers with Radar,11,55,27,0,93,2,0,45,0,47,13,55,72,0,140,36,0,36,176
05/03/2002,PSC,WA,ANM,WE,Towers with Radar,8,62,20,2,92,0,3,47,0,50,8,65,67,2,142,80,0,80,222
05/04/2002,PSC,WA,ANM,WE,Towers with Radar,8,37,27,10,82,0,0,45,0,45,8,37,72,10,127,84,8,92,219
05/05/2002,PSC,WA,ANM,WE,Towers with Radar,6,31,6,2,45,1,7,12,0,20,7,38,18,2,65,0,0,0,65
05/06/2002,PSC,WA,ANM,WE,Towers with Radar,5,60,27,0,92,0,3,38,0,41,5,63,65,0,133,70,0,70,203
05/07/2002,PSC,WA,ANM,WE,Towers with Radar,13,62,35,2,112,0,7,76,0,83,13,69,111,2,195,122,0,122,317
05/08/2002,PSC,WA,ANM,WE,Towers with Radar,16,57,56,0,129,0,27,89,2,118,16,84,145,2,247,278,0,278,525
05/09/2002,PSC,WA,ANM,WE,Towers with Radar,12,67,50,8,137,2,8,4,0,14,14,75,54,8,151,206,20,226,377
05/10/2002,PSC,WA,ANM,WE,Towers with Radar,8,55,29,0,92,0,4,65,0,69,8,59,94,0,161,168,0,168,329
05/11/2002,PSC,WA,ANM,WE,Towers with Radar,7,43,35,0,85,0,0,114,2,116,7,43,149,2,201,202,24,226,427
05/12/2002,PSC,WA,ANM,WE,Towers with Radar,7,31,16,0,54,3,0,71,0,74,10,31,87,0,128,96,0,96,224
05/13/2002,PSC,WA,ANM,WE,Towers with Radar,9,61,18,0,88,2,3,28,0,33,11,64,46,0,121,52,0,52,173
05/14/2002,PSC,WA,ANM,WE,Towers with Radar,11,53,31,7,102,2,28,81,0,111,13,81,112,7,213,142,54,196,409
05/15/2002,PSC,WA,ANM,WE,Towers with Radar,15,60,48,0,123,0,18,70,0,88,15,78,118,0,211,158,0,158,369
05/16/2002,PSC,WA,ANM,WE,Towers with Radar,11,50,50,0,111,0,0,70,0,70,11,50,120,0,181,160,0,160,341
05/17/2002,PSC,WA,ANM,WE,Towers with Radar,16,53,24,3,96,0,0,62,1,63,16,53,86,4,159,112,34,146,305
05/18/2002,PSC,WA,ANM,WE,Towers with Radar,8,37,25,0,70,4,18,99,0,121,12,55,124,0,191,128,0,128,319
05/19/2002,PSC,WA,ANM,WE,Towers with Radar,6,31,25,0,62,0,11,54,0,65,6,42,79,0,127,90,0,90,217
05/20/2002,PSC,WA,ANM,WE,Towers with Radar,6,57,14,2,79,0,7,37,4,48,6,64,51,6,127,178,16,194,321
05/21/2002,PSC,WA,ANM,WE,Towers with Radar,15,56,31,7,109,0,17,76,3,96,15,73,107,10,205,126,6,132,337
05/22/2002,PSC,WA,ANM,WE,Towers with Radar,11,50,37,0,98,0,17,67,0,84,11,67,104,0,182,152,0,152,334
05/23/2002,PSC,WA,ANM,WE,Towers with Radar,11,55,37,0,103,0,0,89,0,89,11,55,126,0,192,210,0,210,402
05/24/2002,PSC,WA,ANM,WE,Towers with Radar,7,60,40,0,107,0,0,108,0,108,7,60,148,0,215,162,0,162,377
05/25/2002,PSC,WA,ANM,WE,Towers with Radar,6,41,45,0,92,1,8,69,0,78,7,49,114,0,170,146,0,146,316
05/26/2002,PSC,WA,ANM,WE,Towers with Radar,8,41,10,0,59,2,0,32,0,34,10,41,42,0,93,102,0,102,195
05/27/2002,PSC,WA,ANM,WE,Towers with Radar,7,15,22,0,44,5,0,38,0,43,12,15,60,0,87,116,0,116,203
05/28/2002,PSC,WA,ANM,WE,Towers with Radar,11,54,30,0,95,5,18,66,0,89,16,72,96,0,184,124,0,124,308
05/29/2002,PSC,WA,ANM,WE,Towers with Radar,35,70,34,7,146,0,23,94,1,118,35,93,128,8,264,174,24,198,462
05/30/2002,PSC,WA,ANM,WE,Towers with Radar,11,71,38,6,126,0,10,72,2,84,11,81,110,8,210,72,18,90,300
05/31/2002,PSC,WA,ANM,WE,Towers with Radar,8,66,40,0,114,3,0,91,0,94,11,66,131,0,208,136,0,136,344
06/01/2002,PSC,WA,ANM,WE,Towers with Radar,5,41,31,1,78,1,0,63,1,65,6,41,94,2,143,170,0,170,313
06/02/2002,PSC,WA,ANM,WE,Towers with Radar,9,46,23,2,80,1,0,56,0,57,10,46,79,2,137,132,0,132,269
06/03/2002,PSC,WA,ANM,WE,Towers with Radar,7,55,30,0,92,1,2,47,0,50,8,57,77,0,142,86,0,86,228
06/04/2002,PSC,WA,ANM,WE,Towers with Radar,11,65,27,3,106,1,13,124,1,139,12,78,151,4,245,226,8,234,479
06/05/2002,PSC,WA,ANM,WE,Towers with Radar,28,69,29,6,132,1,10,80,6,97,29,79,109,12,229,118,68,186,415
06/06/2002,PSC,WA,ANM,WE,Towers with Radar,10,56,32,0,98,2,24,93,0,119,12,80,125,0,217,188,0,188,405
06/07/2002,PSC,WA,ANM,WE,Towers with Radar,7,64,36,3,110,1,18,82,0,101,8,82,118,3,211,210,18,228,439
06/08/2002,PSC,WA,ANM,WE,Towers with Radar,6,50,26,0,82,4,0,89,0,93,10,50,115,0,175,122,0,122,297
06/09/2002,PSC,WA,ANM,WE,Towers with Radar,9,31,35,0,75,1,0,47,0,48,10,31,82,0,123,76,0,76,199
06/10/2002,PSC,WA,ANM,WE,Towers with Radar,8,57,30,2,97,0,2,75,0,77,8,59,105,2,174,86,0,86,260
06/11/2002,PSC,WA,ANM,WE,Towers with Radar,15,59,34,2,110,0,35,112,0,147,15,94,146,2,257,222,0,222,479
06/12/2002,PSC,WA,ANM,WE,Towers with Radar,16,56,44,4,120,0,31,85,4,120,16,87,129,8,240,174,28,202,442
06/13/2002,PSC,WA,ANM,WE,Towers with Radar,19,56,19,4,98,0,29,109,1,139,19,85,128,5,237,120,18,138,375
06/14/2002,PSC,WA,ANM,WE,Towers with Radar,9,57,30,7,103,0,8,70,1,79,9,65,100,8,182,160,14,174,356
06/15/2002,PSC,WA,ANM,WE,Towers with Radar,9,37,24,1,71,0,11,124,1,136,9,48,148,2,207,128,8,136,343
06/16/2002,PSC,WA,ANM,WE,Towers with Radar,11,31,11,0,53,0,0,78,4,82,11,31,89,4,135,118,0,118,253
06/17/2002,PSC,WA,ANM,WE,Towers with Radar,12,60,26,9,107,0,0,61,1,62,12,60,87,10,169,170,10,180,349
06/18/2002,PSC,WA,ANM,WE,Towers with Radar,12,52,26,4,94,3,13,50,0,66,15,65,76,4,160,60,34,94,254
06/19/2002,PSC,WA,ANM,WE,Towers with Radar,10,49,24,0,83,0,5,88,0,93,10,54,112,0,176,166,0,166,342
06/20/2002,PSC,WA,ANM,WE,Towers with Radar,10,38,16,0,64,0,0,117,0,117,10,38,133,0,181,174,0,174,355
06/21/2002,PSC,WA,ANM,WE,Towers with Radar,10,58,32,2,102,1,6,155,0,162,11,64,187,2,264,174,0,174,438
06/22/2002,PSC,WA,ANM,WE,Towers with Radar,9,34,15,0,58,0,5,64,0,69,9,39,79,0,127,192,0,192,319
06/23/2002,PSC,WA,ANM,WE,Towers with Radar,11,35,26,0,72,0,12,80,0,92,11,47,106,0,164,198,0,198,362
06/24/2002,PSC,WA,ANM,WE,Towers with Radar,17,53,20,19,109,0,3,178,0,181,17,56,198,19,290,128,40,168,458
06/25/2002,PSC,WA,ANM,WE,Towers with Radar,12,40,33,9,94,0,0,92,0,92,12,40,125,9,186,154,14,168,354
06/26/2002,PSC,WA,ANM,WE,Towers with Radar,12,56,28,4,100,0,3,61,0,64,12,59,89,4,164,170,8,178,342
06/27/2002,PSC,WA,ANM,WE,Towers with Radar,7,41,19,4,71,0,0,52,4,56,7,41,71,8,127,146,54,200,327
06/28/2002,PSC,WA,ANM,WE,Towers with Radar,2,49,31,0,82,0,0,66,0,66,2,49,97,0,148,162,0,162,310
06/29/2002,PSC,WA,ANM,WE,Towers with Radar,9,34,25,0,68,0,2,34,2,38,9,36,59,2,106,48,0,48,154
06/30/2002,PSC,WA,ANM,WE,Towers with Radar,5,32,4,0,41,2,0,67,0,69,7,32,71,0,110,192,0,192,302
07/01/2002,PSC,WA,ANM,WE,Towers with Radar,9,48,22,0,79,0,6,87,0,93,9,54,109,0,172,138,0,138,310
07/02/2002,PSC,WA,ANM,WE,Towers with Radar,13,52,24,4,93,1,26,164,0,191,14,78,188,4,284,194,12,206,490
07/03/2002,PSC,WA,ANM,WE,Towers with Radar,14,56,41,5,116,1,22,96,0,119,15,78,137,5,235,136,12,148,383
07/04/2002,PSC,WA,ANM,WE,Towers with Radar,14,35,13,2,64,1,0,74,1,76,15,35,87,3,140,74,0,74,214
07/05/2002,PSC,WA,ANM,WE,Towers with Radar,10,53,20,0,83,0,5,89,1,95,10,58,109,1,178,114,0,114,292
07/06/2002,PSC,WA,ANM,WE,Towers with Radar,8,43,14,0,65,0,9,67,2,78,8,52,81,2,143,118,0,118,261
07/07/2002,PSC,WA,ANM,WE,Towers with Radar,11,29,18,0,58,0,8,47,0,55,11,37,65,0,113,134,0,134,247
07/08/2002,PSC,WA,ANM,WE,Towers with Radar,19,54,8,2,83,4,1,105,2,112,23,55,113,4,195,76,16,92,287
07/09/2002,PSC,WA,ANM,WE,Towers with Radar,14,59,25,0,98,0,15,69,0,84,14,74,94,0,182,92,0,92,274
07/10/2002,PSC,WA,ANM,WE,Towers with Radar,13,64,42,2,121,0,10,59,0,69,13,74,101,2,190,102,48,150,340
07/11/2002,PSC,WA,ANM,WE,Towers with Radar,35,63,46,0,144,1,12,57,0,70,36,75,103,0,214,154,0,154,368
07/12/2002,PSC,WA,ANM,WE,Towers with Radar,8,55,26,2,91,1,0,62,0,63,9,55,88,2,154,80,6,86,240
07/13/2002,PSC,WA,ANM,WE,Towers with Radar,6,44,13,0,63,2,0,55,0,57,8,44,68,0,120,118,0,118,238
07/14/2002,PSC,WA,ANM,WE,Towers with Radar,8,39,31,2,80,0,6,49,1,56,8,45,80,3,136,86,0,86,222
07/15/2002,PSC,WA,ANM,WE,Towers with Radar,11,53,25,0,89,0,11,49,0,60,11,64,74,0,149,84,0,84,233
07/16/2002,PSC,WA,ANM,WE,Towers with Radar,17,60,33,4,114,0,21,64,8,93,17,81,97,12,207,116,32,148,355
07/17/2002,PSC,WA,ANM,WE,Towers with Radar,18,63,21,0,102,0,20,75,0,95,18,83,96,0,197,154,0,154,351
07/18/2002,PSC,WA,ANM,WE,Towers with Radar,15,60,18,8,101,0,16,89,2,107,15,76,107,10,208,118,36,154,362
07/19/2002,PSC,WA,ANM,WE,Towers with Radar,16,67,23,1,107,0,8,59,1,68,16,75,82,2,175,108,0,108,283
07/20/2002,PSC,WA,ANM,WE,Towers with Radar,10,37,22,0,69,0,18,75,0,93,10,55,97,0,162,164,0,164,326
07/21/2002,PSC,WA,ANM,WE,Towers with Radar,9,29,19,0,57,0,2,55,0,57,9,31,74,0,114,204,0,204,318
07/22/2002,PSC,WA,ANM,WE,Towers with Radar,12,53,30,1,96,4,0,62,1,67,16,53,92,2,163,112,0,112,275
07/23/2002,PSC,WA,ANM,WE,Towers with Radar,14,53,36,0,103,0,23,73,0,96,14,76,109,0,199,128,0,128,327
07/24/2002,PSC,WA,ANM,WE,Towers with Radar,16,52,41,2,111,0,18,67,0,85,16,70,108,2,196,96,4,100,296
07/25/2002,PSC,WA,ANM,WE,Towers with Radar,17,46,24,0,87,0,0,62,0,62,17,46,86,0,149,92,0,92,241
07/26/2002,PSC,WA,ANM,WE,Towers with Radar,10,13,17,3,43,0,0,58,5,63,10,13,75,8,106,116,8,124,230
07/27/2002,PSC,WA,ANM,WE,Towers with Radar,8,35,18,2,63,0,0,62,9,71,8,35,80,11,134,54,0,54,188
07/28/2002,PSC,WA,ANM,WE,Towers with Radar,6,35,11,4,56,9,8,60,3,80,15,43,71,7,136,52,0,52,188
07/29/2002,PSC,WA,ANM,WE,Towers with Radar,10,52,30,9,101,0,7,53,5,65,10,59,83,14,166,178,32,210,376
07/30/2002,PSC,WA,ANM,WE,Towers with Radar,16,57,20,0,93,1,16,72,0,89,17,73,92,0,182,124,0,124,306
07/31/2002,PSC,WA,ANM,WE,Towers with Radar,13,66,19,12,110,0,12,89,3,104,13,78,108,15,214,190,66,256,470
08/01/2002,PSC,WA,ANM,WE,Towers with Radar,9,60,29,1,99,0,1,69,3,73,9,61,98,4,172,142,20,162,334
08/02/2002,PSC,WA,ANM,WE,Towers with Radar,8,66,13,0,87,0,1,68,0,69,8,67,81,0,156,58,0,58,214
08/03/2002,PSC,WA,ANM,WE,Towers with Radar,5,42,13,0,60,3,2,49,0,54,8,44,62,0,114,154,0,154,268
08/04/2002,PSC,WA,ANM,WE,Towers with Radar,9,33,29,0,71,0,1,18,0,19,9,34,47,0,90,26,0,26,116
08/05/2002,PSC,WA,ANM,WE,Towers with Radar,9,48,23,1,81,1,7,52,1,61,10,55,75,2,142,124,0,124,266
08/06/2002,PSC,WA,ANM,WE,Towers with Radar,17,66,28,10,121,0,12,72,0,84,17,78,100,10,205,148,72,220,425
08/07/2002,PSC,WA,ANM,WE,Towers with Radar,14,52,28,2,96,0,32,109,2,143,14,84,137,4,239,200,4,204,443
08/08/2002,PSC,WA,ANM,WE,Towers with Radar,13,64,31,12,120,0,8,81,0,89,13,72,112,12,209,162,26,188,397
08/09/2002,PSC,WA,ANM,WE,Towers with Radar,9,57,35,7,108,0,24,91,0,115,9,81,126,7,223,244,14,258,481
08/10/2002,PSC,WA,ANM,WE,Towers with Radar,10,45,14,0,69,0,20,99,0,119,10,65,113,0,188,244,0,244,432
08/11/2002,PSC,WA,ANM,WE,Towers with Radar,9,36,29,0,74,0,7,63,0,70,9,43,92,0,144,118,0,118,262
08/12/2002,PSC,WA,ANM,WE,Towers with Radar,10,54,16,0,80,0,2,51,1,54,10,56,67,1,134,168,0,168,302
08/13/2002,PSC,WA,ANM,WE,Towers with Radar,13,50,26,0,89,0,0,122,0,122,13,50,148,0,211,140,0,140,351
08/14/2002,PSC,WA,ANM,WE,Towers with Radar,9,56,28,0,93,0,1,69,0,70,9,57,97,0,163,166,0,166,329
08/15/2002,PSC,WA,ANM,WE,Towers with Radar,13,54,34,0,101,0,2,44,0,46,13,56,78,0,147,86,0,86,233
08/16/2002,PSC,WA,ANM,WE,Towers with Radar,14,71,29,0,114,0,11,71,0,82,14,82,100,0,196,136,0,136,332
08/17/2002,PSC,WA,ANM,WE,Towers with Radar,7,47,28,0,82,2,8,69,0,79,9,55,97,0,161,138,0,138,299
08/18/2002,PSC,WA,ANM,WE,Towers with Radar,12,28,15,0,55,0,1,67,0,68,12,29,82,0,123,108,0,108,231
08/19/2002,PSC,WA,ANM,WE,Towers with Radar,11,50,11,0,72,1,5,68,0,74,12,55,79,0,146,146,0,146,292
08/20/2002,PSC,WA,ANM,WE,Towers with Radar,14,59,36,1,110,0,23,88,1,112,14,82,124,2,222,190,0,190,412
08/21/2002,PSC,WA,ANM,WE,Towers with Radar,14,73,26,0,113,0,11,91,0,102,14,84,117,0,215,190,0,190,405
08/22/2002,PSC,WA,ANM,WE,Towers with Radar,11,76,38,0,125,0,8,118,0,126,11,84,156,0,251,170,0,170,421
08/23/2002,PSC,WA,ANM,WE,Towers with Radar,12,67,27,1,107,0,6,69,1,76,12,73,96,2,183,186,0,186,369
08/24/2002,PSC,WA,ANM,WE,Towers with Radar,8,43,17,0,68,0,15,90,0,105,8,58,107,0,173,98,0,98,271
08/25/2002,PSC,WA,ANM,WE,Towers with Radar,8,38,28,0,74,0,9,80,0,89,8,47,108,0,163,86,0,86,249
08/26/2002,PSC,WA,ANM,WE,Towers with Radar,9,53,23,0,85,3,9,61,0,73,12,62,84,0,158,140,0,140,298
08/27/2002,PSC,WA,ANM,WE,Towers with Radar,14,71,35,0,120,0,12,106,0,118,14,83,141,0,238,174,0,174,412
08/28/2002,PSC,WA,ANM,WE,Towers with Radar,15,58,41,0,114,0,39,162,0,201,15,97,203,0,315,244,0,244,559
08/29/2002,PSC,WA,ANM,WE,Towers with Radar,14,75,50,4,143,1,8,95,0,104,15,83,145,4,247,194,0,194,441
08/30/2002,PSC,WA,ANM,WE,Towers with Radar,11,78,35,0,124,0,2,141,0,143,11,80,176,0,267,94,0,94,361
08/31/2002,PSC,WA,ANM,WE,Towers with Radar,11,36,21,0,68,0,4,69,0,73,11,40,90,0,141,146,0,146,287
09/01/2002,PSC,WA,ANM,WE,Towers with Radar,7,31,16,0,54,0,0,53,0,53,7,31,69,0,107,118,0,118,225
09/02/2002,PSC,WA,ANM,WE,Towers with Radar,9,38,20,0,67,0,2,68,0,70,9,40,88,0,137,128,0,128,265
09/03/2002,PSC,WA,ANM,WE,Towers with Radar,15,63,36,2,116,0,13,76,0,89,15,76,112,2,205,166,0,166,371
09/04/2002,PSC,WA,ANM,WE,Towers with Radar,13,59,32,0,104,0,0,65,0,65,13,59,97,0,169,172,0,172,341
09/05/2002,PSC,WA,ANM,WE,Towers with Radar,11,52,33,0,96,0,0,109,0,109,11,52,142,0,205,162,0,162,367
09/06/2002,PSC,WA,ANM,WE,Towers with Radar,14,48,31,2,95,0,13,107,0,120,14,61,138,2,215,148,0,148,363
09/07/2002,PSC,WA,ANM,WE,Towers with Radar,6,36,20,2,64,0,20,85,0,105,6,56,105,2,169,144,6,150,319
09/08/2002,PSC,WA,ANM,WE,Towers with Radar,7,28,28,2,65,0,14,66,0,80,7,42,94,2,145,88,0,88,233
09/09/2002,PSC,WA,ANM,WE,Towers with Radar,15,53,15,0,83,0,0,60,0,60,15,53,75,0,143,62,0,62,205
09/10/2002,PSC,WA,ANM,WE,Towers with Radar,15,55,25,4,99,1,33,127,0,161,16,88,152,4,260,134,0,134,394
09/11/2002,PSC,WA,ANM,WE,Towers with Radar,14,70,41,0,125,0,14,114,0,128,14,84,155,0,253,202,0,202,455
09/12/2002,PSC,WA,ANM,WE,Towers with Radar,18,75,31,0,124,0,20,131,1,152,18,95,162,1,276,183,0,183,459
09/13/2002,PSC,WA,ANM,WE,Towers with Radar,19,76,25,2,122,0,0,83,0,83,19,76,108,2,205,116,0,116,321
09/14/2002,PSC,WA,ANM,WE,Towers with Radar,16,51,32,0,99,0,0,91,0,91,16,51,123,0,190,110,0,110,300
09/15/2002,PSC,WA,ANM,WE,Towers with Radar,5,31,12,0,48,0,10,42,1,53,5,41,54,1,101,80,0,80,181
09/16/2002,PSC,WA,ANM,WE,Towers with Radar,12,52,18,0,82,0,2,56,0,58,12,54,74,0,140,90,0,90,230
09/17/2002,PSC,WA,ANM,WE,Towers with Radar,18,90,43,0,151,0,5,89,0,94,18,95,132,0,245,146,0,146,391
09/18/2002,PSC,WA,ANM,WE,Towers with Radar,17,88,43,2,150,0,0,72,0,72,17,88,115,2,222,64,0,64,286
09/19/2002,PSC,WA,ANM,WE,Towers with Radar,14,66,39,2,121,0,19,91,2,112,14,85,130,4,233,186,4,190,423
09/20/2002,PSC,WA,ANM,WE,Towers with Radar,32,49,27,0,108,0,12,89,0,101,32,61,116,0,209,178,0,178,387
09/21/2002,PSC,WA,ANM,WE,Towers with Radar,7,39,28,0,74,0,18,103,0,121,7,57,131,0,195,222,0,222,417
09/22/2002,PSC,WA,ANM,WE,Towers with Radar,8,23,13,0,44,0,10,61,0,71,8,33,74,0,115,242,0,242,357
09/23/2002,PSC,WA,ANM,WE,Towers with Radar,10,52,24,2,88,0,0,66,0,66,10,52,90,2,154,106,2,108,262
09/24/2002,PSC,WA,ANM,WE,Towers with Radar,39,82,47,0,168,0,5,76,0,81,39,87,123,0,249,168,0,168,417
09/25/2002,PSC,WA,ANM,WE,Towers with Radar,17,82,53,0,152,0,2,99,0,101,17,84,152,0,253,128,0,128,381
09/26/2002,PSC,WA,ANM,WE,Towers with Radar,14,69,41,2,126,0,7,101,0,108,14,76,142,2,234,172,0,172,406
09/27/2002,PSC,WA,ANM,WE,Towers with Radar,13,65,58,2,138,0,6,126,0,132,13,71,184,2,270,154,4,158,428
09/28/2002,PSC,WA,ANM,WE,Towers with Radar,13,38,24,0,75,0,20,113,0,133,13,58,137,0,208,164,0,164,372
09/29/2002,PSC,WA,ANM,WE,Towers with Radar,8,28,16,0,52,0,0,36,0,36,8,28,52,0,88,74,0,74,162
09/30/2002,PSC,WA,ANM,WE,Towers with Radar,12,48,20,0,80,0,0,60,0,60,12,48,80,0,140,118,0,118,258
10/01/2002,PSC,WA,ANM,WE,Towers with Radar,30,81,45,0,156,0,13,86,0,99,30,94,131,0,255,110,0,110,365
10/02/2002,PSC,WA,ANM,WE,Towers with Radar,21,66,39,0,126,0,25,97,0,122,21,91,136,0,248,156,0,156,404
10/03/2002,PSC,WA,ANM,WE,Towers with Radar,15,70,34,10,129,0,2,57,2,61,15,72,91,12,190,186,0,186,376
10/04/2002,PSC,WA,ANM,WE,Towers with Radar,11,72,26,16,125,0,10,56,2,68,11,82,82,18,193,136,4,140,333
10/05/2002,PSC,WA,ANM,WE,Towers with Radar,12,51,19,0,82,0,0,37,0,37,12,51,56,0,119,144,0,144,263
10/06/2002,PSC,WA,ANM,WE,Towers with Radar,13,22,10,2,47,0,8,48,0,56,13,30,58,2,103,94,0,94,197
10/07/2002,PSC,WA,ANM,WE,Towers with Radar,11,52,19,0,82,4,1,77,0,82,15,53,96,0,164,110,0,110,274
10/08/2002,PSC,WA,ANM,WE,Towers with Radar,16,89,45,40,190,0,6,106,0,112,16,95,151,40,302,176,116,292,594
10/09/2002,PSC,WA,ANM,WE,Towers with Radar,15,71,38,0,124,0,14,71,0,85,15,85,109,0,209,178,0,178,387
10/10/2002,PSC,WA,ANM,WE,Towers with Radar,15,71,28,8,122,0,20,111,0,131,15,91,139,8,253,132,6,138,391
10/11/2002,PSC,WA,ANM,WE,Towers with Radar,16,56,26,0,98,0,4,75,0,79,16,60,101,0,177,122,0,122,299
10/12/2002,PSC,WA,ANM,WE,Towers with Radar,10,35,15,0,60,3,25,99,0,127,13,60,114,0,187,196,0,196,383
10/13/2002,PSC,WA,ANM,WE,Towers with Radar,9,25,11,0,45,0,7,60,0,67,9,32,71,0,112,172,0,172,284
10/14/2002,PSC,WA,ANM,WE,Towers with Radar,16,32,19,0,67,0,0,61,0,61,16,32,80,0,128,82,0,82,210
10/15/2002,PSC,WA,ANM,WE,Towers with Radar,16,73,41,0,130,0,3,81,0,84,16,76,122,0,214,186,0,186,400
10/16/2002,PSC,WA,ANM,WE,Towers with Radar,19,70,29,0,118,0,20,109,0,129,19,90,138,0,247,156,0,156,403
10/17/2002,PSC,WA,ANM,WE,Towers with Radar,15,71,27,7,120,0,20,85,4,109,15,91,112,11,229,154,8,162,391
10/18/2002,PSC,WA,ANM,WE,Towers with Radar,14,68,27,0,109,0,22,74,0,96,14,90,101,0,205,130,0,130,335
10/19/2002,PSC,WA,ANM,WE,Towers with Radar,15,33,24,4,76,0,22,68,0,90,15,55,92,4,166,124,0,124,290
10/20/2002,PSC,WA,ANM,WE,Towers with Radar,9,29,15,0,53,1,5,75,0,81,10,34,90,0,134,172,0,172,306
10/21/2002,PSC,WA,ANM,WE,Towers with Radar,38,41,25,4,108,0,6,66,0,72,38,47,91,4,180,94,0,94,274
10/22/2002,PSC,WA,ANM,WE,Towers with Radar,28,68,33,2,131,0,10,84,0,94,28,78,117,2,225,140,0,140,365
10/23/2002,PSC,WA,ANM,WE,Towers with Radar,20,72,43,6,141,0,8,92,1,101,20,80,135,7,242,200,0,200,442
10/24/2002,PSC,WA,ANM,WE,Towers with Radar,14,47,14,2,77,0,0,58,0,58,14,47,72,2,135,100,14,114,249
10/25/2002,PSC,WA,ANM,WE,Towers with Radar,15,44,14,0,73,0,25,77,0,102,15,69,91,0,175,142,0,142,317
10/26/2002,PSC,WA,ANM,WE,Towers with Radar,10,26,15,1,52,2,0,56,1,59,12,26,71,2,111,104,4,108,219
10/27/2002,PSC,WA,ANM,WE,Towers with Radar,9,22,21,0,52,0,7,21,0,28,9,29,42,0,80,106,0,106,186
10/28/2002,PSC,WA,ANM,WE,Towers with Radar,19,39,8,0,66,0,5,48,0,53,19,44,56,0,119,28,0,28,147
10/29/2002,PSC,WA,ANM,WE,Towers with Radar,16,60,24,0,100,0,7,26,0,33,16,67,50,0,133,6,0,6,139
10/30/2002,PSC,WA,ANM,WE,Towers with Radar,12,67,20,0,99,1,12,72,0,85,13,79,92,0,184,74,0,74,258
10/31/2002,PSC,WA,ANM,WE,Towers with Radar,14,44,31,0,89,0,0,33,0,33,14,44,64,0,122,112,2,114,236
11/01/2002,PSC,WA,ANM,WE,Towers with Radar,18,41,21,0,80,0,9,44,0,53,18,50,65,0,133,48,0,48,181
11/02/2002,PSC,WA,ANM,WE,Towers with Radar,14,41,16,0,71,0,19,34,0,53,14,60,50,0,124,138,0,138,262
11/03/2002,PSC,WA,ANM,WE,Towers with Radar,10,26,15,0,51,8,0,31,0,39,18,26,46,0,90,110,0,110,200
11/04/2002,PSC,WA,ANM,WE,Towers with Radar,27,40,25,0,92,0,0,32,0,32,27,40,57,0,124,72,0,72,196
11/05/2002,PSC,WA,ANM,WE,Towers with Radar,19,53,16,3,91,2,16,63,0,81,21,69,79,3,172,120,8,128,300
11/06/2002,PSC,WA,ANM,WE,Towers with Radar,15,49,22,7,93,0,27,65,1,93,15,76,87,8,186,132,10,142,328
11/07/2002,PSC,WA,ANM,WE,Towers with Radar,12,73,43,11,139,0,7,45,1,53,12,80,88,12,192,92,42,134,326
11/08/2002,PSC,WA,ANM,WE,Towers with Radar,17,50,19,0,86,0,8,50,0,58,17,58,69,0,144,60,0,60,204
11/09/2002,PSC,WA,ANM,WE,Towers with Radar,9,41,23,0,73,0,0,54,0,54,9,41,77,0,127,134,0,134,261
11/10/2002,PSC,WA,ANM,WE,Towers with Radar,12,26,14,0,52,0,0,48,0,48,12,26,62,0,100,62,0,62,162
11/11/2002,PSC,WA,ANM,WE,Towers with Radar,18,34,23,4,79,0,0,41,2,43,18,34,64,6,122,58,0,58,180
11/12/2002,PSC,WA,ANM,WE,Towers with Radar,17,57,32,10,116,0,17,37,7,61,17,74,69,17,177,122,40,162,339
11/13/2002,PSC,WA,ANM,WE,Towers with Radar,13,68,14,3,98,0,10,74,3,87,13,78,88,6,185,96,16,112,297
11/14/2002,PSC,WA,ANM,WE,Towers with Radar,16,67,37,4,124,0,9,81,0,90,16,76,118,4,214,156,12,168,382
11/15/2002,PSC,WA,ANM,WE,Towers with Radar,15,48,19,0,82,0,15,89,0,104,15,63,108,0,186,142,0,142,328
11/16/2002,PSC,WA,ANM,WE,Towers with Radar,11,29,10,1,51,0,0,27,1,28,11,29,37,2,79,60,0,60,139
11/17/2002,PSC,WA,ANM,WE,Towers with Radar,13,21,17,0,51,0,1,42,0,43,13,22,59,0,94,86,0,86,180
11/18/2002,PSC,WA,ANM,WE,Towers with Radar,16,47,33,3,99,0,3,49,3,55,16,50,82,6,154,50,16,66,220
11/19/2002,PSC,WA,ANM,WE,Towers with Radar,18,57,37,2,114,0,16,53,8,77,18,73,90,10,191,80,30,110,301
11/20/2002,PSC,WA,ANM,WE,Towers with Radar,11,71,39,2,123,0,11,57,7,75,11,82,96,9,198,84,2,86,284
11/21/2002,PSC,WA,ANM,WE,Towers with Radar,12,52,21,0,85,0,0,10,0,10,12,52,31,0,95,64,0,64,159
11/22/2002,PSC,WA,ANM,WE,Towers with Radar,12,57,27,2,98,0,10,0,0,10,12,67,27,2,108,20,0,20,128
11/23/2002,PSC,WA,ANM,WE,Towers with Radar,13,30,27,0,70,0,0,39,0,39,13,30,66,0,109,106,0,106,215
11/24/2002,PSC,WA,ANM,WE,Towers with Radar,15,22,12,2,51,0,1,63,0,64,15,23,75,2,115,118,0,118,233
11/25/2002,PSC,WA,ANM,WE,Towers with Radar,17,45,30,0,92,0,1,39,0,40,17,46,69,0,132,14,0,14,146
11/26/2002,PSC,WA,ANM,WE,Towers with Radar,17,68,33,5,123,0,7,58,11,76,17,75,91,16,199,126,18,144,343
11/27/2002,PSC,WA,ANM,WE,Towers with Radar,22,66,19,1,108,0,0,0,0,0,22,66,19,1,108,0,0,0,108
11/28/2002,PSC,WA,ANM,WE,Towers with Radar,16,16,3,0,35,0,4,0,0,4,16,20,3,0,39,22,0,22,61
11/29/2002,PSC,WA,ANM,WE,Towers with Radar,12,50,11,0,73,0,0,0,0,0,12,50,11,0,73,50,0,50,123
11/30/2002,PSC,WA,ANM,WE,Towers with Radar,17,31,10,0,58,0,0,3,0,3,17,31,13,0,61,0,0,0,61
12/01/2002,PSC,WA,ANM,WE,Towers with Radar,21,26,8,0,55,1,0,1,0,2,22,26,9,0,57,0,0,0,57
12/02/2002,PSC,WA,ANM,WE,Towers with Radar,16,49,19,2,86,1,1,9,0,11,17,50,28,2,97,52,0,52,149
12/03/2002,PSC,WA,ANM,WE,Towers with Radar,18,55,34,0,107,1,6,0,0,7,19,61,34,0,114,6,0,6,120
12/04/2002,PSC,WA,ANM,WE,Towers with Radar,11,62,16,0,89,1,19,10,0,30,12,81,26,0,119,16,0,16,135
12/05/2002,PSC,WA,ANM,WE,Towers with Radar,15,65,17,0,97,1,0,20,0,21,16,65,37,0,118,8,0,8,126
12/06/2002,PSC,WA,ANM,WE,Towers with Radar,14,58,18,2,92,3,5,0,0,8,17,63,18,2,100,0,0,0,100
12/07/2002,PSC,WA,ANM,WE,Towers with Radar,8,32,20,0,60,9,23,34,0,66,17,55,54,0,126,126,0,126,252
12/08/2002,PSC,WA,ANM,WE,Towers with Radar,10,28,11,1,50,0,2,17,1,20,10,30,28,2,70,86,0,86,156
12/09/2002,PSC,WA,ANM,WE,Towers with Radar,16,57,32,4,109,1,0,16,0,17,17,57,48,4,126,36,2,38,164
12/10/2002,PSC,WA,ANM,WE,Towers with Radar,19,69,37,4,129,1,0,33,4,38,20,69,70,8,167,54,40,94,261
12/11/2002,PSC,WA,ANM,WE,Towers with Radar,18,68,29,3,118,0,7,24,21,52,18,75,53,24,170,152,66,218,388
12/12/2002,PSC,WA,ANM,WE,Towers with Radar,21,57,19,4,101,0,1,1,2,4,21,58,20,6,105,0,0,0,105
12/13/2002,PSC,WA,ANM,WE,Towers with Radar,19,59,19,0,97,0,1,57,0,58,19,60,76,0,155,182,0,182,337
12/14/2002,PSC,WA,ANM,WE,Towers with Radar,16,20,6,0,42,0,1,12,0,13,16,21,18,0,55,56,0,56,111
12/15/2002,PSC,WA,ANM,WE,Towers with Radar,15,16,13,1,45,0,1,49,1,51,15,17,62,2,96,84,0,84,180
12/16/2002,PSC,WA,ANM,WE,Towers with Radar,18,49,21,0,88,0,6,21,0,27,18,55,42,0,115,24,0,24,139
12/17/2002,PSC,WA,ANM,WE,Towers with Radar,17,66,28,0,111,0,2,53,0,55,17,68,81,0,166,112,0,112,278
12/18/2002,PSC,WA,ANM,WE,Towers with Radar,17,66,39,2,124,0,0,60,0,60,17,66,99,2,184,130,0,130,314
12/19/2002,PSC,WA,ANM,WE,Towers with Radar,23,70,57,0,150,0,19,58,0,77,23,89,115,0,227,68,0,68,295
12/20/2002,PSC,WA,ANM,WE,Towers with Radar,18,55,30,0,103,2,7,63,0,72,20,62,93,0,175,126,0,126,301
12/21/2002,PSC,WA,ANM,WE,Towers with Radar,16,31,9,0,56,0,5,35,0,40,16,36,44,0,96,112,0,112,208
12/22/2002,PSC,WA,ANM,WE,Towers with Radar,15,24,20,0,59,1,4,38,0,43,16,28,58,0,102,68,0,68,170
12/23/2002,PSC,WA,ANM,WE,Towers with Radar,13,46,14,0,73,1,4,44,0,49,14,50,58,0,122,130,0,130,252
12/24/2002,PSC,WA,ANM,WE,Towers with Radar,15,49,5,0,69,0,1,0,0,1,15,50,5,0,70,0,0,0,70
12/25/2002,PSC,WA,ANM,WE,Towers with Radar,16,18,6,0,40,0,0,0,0,0,16,18,6,0,40,38,0,38,78
12/26/2002,PSC,WA,ANM,WE,Towers with Radar,15,43,11,0,69,0,1,49,0,50,15,44,60,0,119,78,0,78,197
12/27/2002,PSC,WA,ANM,WE,Towers with Radar,17,44,19,0,80,9,0,16,0,25,26,44,35,0,105,8,0,8,113
12/28/2002,PSC,WA,ANM,WE,Towers with Radar,21,29,6,0,56,0,0,27,0,27,21,29,33,0,83,128,0,128,211
12/29/2002,PSC,WA,ANM,WE,Towers with Radar,15,25,17,0,57,0,2,51,0,53,15,27,68,0,110,64,0,64,174
12/30/2002,PSC,WA,ANM,WE,Towers with Radar,16,42,17,1,76,2,4,21,3,30,18,46,38,4,106,140,48,188,294
12/31/2002,PSC,WA,ANM,WE,Towers with Radar,16,57,14,0,87,0,9,54,0,63,16,66,68,0,150,68,0,68,218
01/01/2003,PSC,WA,ANM,WE,Towers with Radar,14,36,7,0,57,2,5,24,0,31,16,41,31,0,88,62,0,62,150
01/02/2003,PSC,WA,ANM,WE,Towers with Radar,17,52,22,0,91,0,10,30,14,54,17,62,52,14,145,32,48,80,225
01/03/2003,PSC,WA,ANM,WE,Towers with Radar,17,55,15,0,87,0,7,51,0,58,17,62,66,0,145,54,0,54,199
01/04/2003,PSC,WA,ANM,WE,Towers with Radar,18,43,30,0,91,0,0,26,0,26,18,43,56,0,117,92,0,92,209
01/05/2003,PSC,WA,ANM,WE,Towers with Radar,15,22,26,0,63,1,0,63,0,64,16,22,89,0,127,134,0,134,261
01/06/2003,PSC,WA,ANM,WE,Towers with Radar,14,40,19,8,81,1,0,0,0,1,15,40,19,8,82,0,0,0,82
01/07/2003,PSC,WA,ANM,WE,Towers with Radar,16,67,42,0,125,1,3,7,0,11,17,70,49,0,136,8,0,8,144
01/08/2003,PSC,WA,ANM,WE,Towers with Radar,13,61,29,0,103,0,7,17,2,26,13,68,46,2,129,2,0,2,131
01/09/2003,PSC,WA,ANM,WE,Towers with Radar,13,62,30,6,111,1,0,24,0,25,14,62,54,6,136,74,10,84,220
01/10/2003,PSC,WA,ANM,WE,Towers with Radar,13,60,23,2,98,1,0,46,0,47,14,60,69,2,145,122,0,122,267
01/11/2003,PSC,WA,ANM,WE,Towers with Radar,11,30,28,0,69,0,18,71,0,89,11,48,99,0,158,128,0,128,286
01/12/2003,PSC,WA,ANM,WE,Towers with Radar,5,19,11,1,36,4,1,2,3,10,9,20,13,4,46,44,0,44,90
01/13/2003,PSC,WA,ANM,WE,Towers with Radar,12,49,18,5,84,1,0,19,0,20,13,49,37,5,104,56,0,56,160
01/14/2003,PSC,WA,ANM,WE,Towers with Radar,13,63,31,14,121,1,0,29,12,42,14,63,60,26,163,82,48,130,293
01/15/2003,PSC,WA,ANM,WE,Towers with Radar,26,66,31,0,123,1,0,15,0,16,27,66,46,0,139,92,0,92,231
01/16/2003,PSC,WA,ANM,WE,Towers with Radar,18,42,19,0,79,7,0,41,0,48,25,42,60,0,127,60,0,60,187
01/17/2003,PSC,WA,ANM,WE,Towers with Radar,21,58,29,0,108,6,0,58,0,64,27,58,87,0,172,88,0,88,260
01/18/2003,PSC,WA,ANM,WE,Towers with Radar,11,34,35,0,80,1,6,47,0,54,12,40,82,0,134,160,0,160,294
01/19/2003,PSC,WA,ANM,WE,Towers with Radar,13,24,33,0,70,0,2,32,0,34,13,26,65,0,104,92,0,92,196
01/20/2003,PSC,WA,ANM,WE,Towers with Radar,17,32,20,0,69,0,8,15,0,23,17,40,35,0,92,46,0,46,138
01/21/2003,PSC,WA,ANM,WE,Towers with Radar,22,55,28,0,105,0,6,31,0,37,22,61,59,0,142,86,0,86,228
01/22/2003,PSC,WA,ANM,WE,Towers with Radar,16,56,29,0,101,0,11,34,0,45,16,67,63,0,146,122,0,122,268
01/23/2003,PSC,WA,ANM,WE,Towers with Radar,12,71,29,0,112,0,0,84,0,84,12,71,113,0,196,180,0,180,376
01/24/2003,PSC,WA,ANM,WE,Towers with Radar,23,55,34,0,112,6,0,43,0,49,29,55,77,0,161,118,0,118,279
01/25/2003,PSC,WA,ANM,WE,Towers with Radar,13,35,21,0,69,1,0,16,0,17,14,35,37,0,86,22,0,22,108
01/26/2003,PSC,WA,ANM,WE,Towers with Radar,13,20,24,0,57,0,11,69,0,80,13,31,93,0,137,52,0,52,189
01/27/2003,PSC,WA,ANM,WE,Towers with Radar,18,40,24,0,82,0,6,42,0,48,18,46,66,0,130,76,0,76,206
01/28/2003,PSC,WA,ANM,WE,Towers with Radar,13,75,53,0,141,0,4,83,0,87,13,79,136,0,228,208,0,208,436
01/29/2003,PSC,WA,ANM,WE,Towers with Radar,13,58,25,2,98,2,11,18,0,31,15,69,43,2,129,40,0,40,169
01/30/2003,PSC,WA,ANM,WE,Towers with Radar,14,72,42,2,130,0,0,34,15,49,14,72,76,17,179,146,6,152,331
01/31/2003,PSC,WA,ANM,WE,Towers with Radar,9,53,28,0,90,0,2,28,0,30,9,55,56,0,120,117,0,117,237
02/01/2003,PSC,WA,ANM,WE,Towers with Radar,13,33,22,0,68,0,0,60,0,60,13,33,82,0,128,136,0,136,264
02/02/2003,PSC,WA,ANM,WE,Towers with Radar,13,17,15,8,53,0,14,67,4,85,13,31,82,12,138,80,8,88,226
02/03/2003,PSC,WA,ANM,WE,Towers with Radar,15,42,22,0,79,0,12,64,0,76,15,54,86,0,155,92,0,92,247
02/04/2003,PSC,WA,ANM,WE,Towers with Radar,14,61,23,2,100,0,8,57,2,67,14,69,80,4,167,144,0,144,311
02/05/2003,PSC,WA,ANM,WE,Towers with Radar,14,68,41,4,127,0,0,63,2,65,14,68,104,6,192,134,0,134,326
02/06/2003,PSC,WA,ANM,WE,Towers with Radar,17,46,14,2,79,0,0,69,0,69,17,46,83,2,148,116,18,134,282
02/07/2003,PSC,WA,ANM,WE,Towers with Radar,26,54,13,2,95,24,0,78,0,102,50,54,91,2,197,92,0,92,289
02/08/2003,PSC,WA,ANM,WE,Towers with Radar,20,28,30,2,80,5,0,70,0,75,25,28,100,2,155,170,0,170,325
02/09/2003,PSC,WA,ANM,WE,Towers with Radar,10,24,17,0,51,0,1,46,0,47,10,25,63,0,98,64,0,64,162
02/10/2003,PSC,WA,ANM,WE,Towers with Radar,21,48,39,2,110,7,0,42,0,49,28,48,81,2,159,114,0,114,273
02/11/2003,PSC,WA,ANM,WE,Towers with Radar,20,51,42,0,113,0,18,47,0,65,20,69,89,0,178,96,0,96,274
02/12/2003,PSC,WA,ANM,WE,Towers with Radar,20,58,30,0,108,4,15,85,0,104,24,73,115,0,212,194,0,194,406
02/13/2003,PSC,WA,ANM,WE,Towers with Radar,11,54,31,0,96,0,19,54,0,73,11,73,85,0,169,128,0,128,297
02/14/2003,PSC,WA,ANM,WE,Towers with Radar,11,60,19,0,90,1,0,3,0,4,12,60,22,0,94,0,0,0,94
02/15/2003,PSC,WA,ANM,WE,Towers with Radar,11,34,18,0,63,0,1,21,0,22,11,35,39,0,85,60,0,60,145
02/16/2003,PSC,WA,ANM,WE,Towers with Radar,12,21,13,0,46,0,0,20,0,20,12,21,33,0,66,42,0,42,108
02/17/2003,PSC,WA,ANM,WE,Towers with Radar,12,38,15,0,65,0,0,54,0,54,12,38,69,0,119,68,0,68,187
02/18/2003,PSC,WA,ANM,WE,Towers with Radar,16,76,26,0,118,0,10,47,4,61,16,86,73,4,179,156,0,156,335
02/19/2003,PSC,WA,ANM,WE,Towers with Radar,13,71,44,0,128,0,3,77,6,86,13,74,121,6,214,192,0,192,406
02/20/2003,PSC,WA,ANM,WE,Towers with Radar,13,72,21,0,106,0,0,15,0,15,13,72,36,0,121,2,0,2,123
02/21/2003,PSC,WA,ANM,WE,Towers with Radar,14,49,14,0,77,0,20,64,0,84,14,69,78,0,161,124,0,124,285
02/22/2003,PSC,WA,ANM,WE,Towers with Radar,13,27,14,0,54,1,16,81,0,98,14,43,95,0,152,184,0,184,336
02/23/2003,PSC,WA,ANM,WE,Towers with Radar,13,22,16,0,51,0,7,27,0,34,13,29,43,0,85,38,0,38,123
02/24/2003,PSC,WA,ANM,WE,Towers with Radar,14,44,33,2,93,0,5,37,6,48,14,49,70,8,141,116,0,116,257
02/25/2003,PSC,WA,ANM,WE,Towers with Radar,13,57,30,0,100,0,17,78,0,95,13,74,108,0,195,212,0,212,407
02/26/2003,PSC,WA,ANM,WE,Towers with Radar,14,57,22,0,93,0,14,83,0,97,14,71,105,0,190,152,0,152,342
02/27/2003,PSC,WA,ANM,WE,Towers with Radar,13,57,54,0,124,0,19,66,2,87,13,76,120,2,211,168,0,168,379
02/28/2003,PSC,WA,ANM,WE,Towers with Radar,21,53,34,0,108,2,17,53,0,72,23,70,87,0,180,142,0,142,322
03/01/2003,PSC,WA,ANM,WE,Towers with Radar,22,23,17,0,62,2,30,90,1,123,24,53,107,1,185,116,2,118,303
03/02/2003,PSC,WA,ANM,WE,Towers with Radar,16,21,18,0,55,0,3,34,0,37,16,24,52,0,92,84,0,84,176
03/03/2003,PSC,WA,ANM,WE,Towers with Radar,13,52,15,0,80,7,0,34,0,41,20,52,49,0,121,152,0,152,273
03/04/2003,PSC,WA,ANM,WE,Towers with Radar,17,62,28,0,107,0,15,73,0,88,17,77,101,0,195,74,0,74,269
03/05/2003,PSC,WA,ANM,WE,Towers with Radar,15,71,21,0,107,0,7,15,0,22,15,78,36,0,129,0,0,0,129
03/06/2003,PSC,WA,ANM,WE,Towers with Radar,12,45,21,0,78,0,2,5,0,7,12,47,26,0,85,8,0,8,93
03/07/2003,PSC,WA,ANM,WE,Towers with Radar,13,58,15,0,86,0,0,24,0,24,13,58,39,0,110,20,0,20,130
03/08/2003,PSC,WA,ANM,WE,Towers with Radar,12,37,17,1,67,4,14,77,1,96,16,51,94,2,163,124,0,124,287
03/09/2003,PSC,WA,ANM,WE,Towers with Radar,12,22,26,0,60,0,1,20,0,21,12,23,46,0,81,38,0,38,119
03/10/2003,PSC,WA,ANM,WE,Towers with Radar,11,43,38,8,100,0,5,11,5,21,11,48,49,13,121,24,80,104,225
03/11/2003,PSC,WA,ANM,WE,Towers with Radar,18,65,51,2,136,0,9,26,2,37,18,74,77,4,173,50,10,60,233
03/12/2003,PSC,WA,ANM,WE,Towers with Radar,14,70,42,0,126,2,0,55,0,57,16,70,97,0,183,244,0,244,427
03/13/2003,PSC,WA,ANM,WE,Towers with Radar,13,69,16,0,98,2,7,34,0,43,15,76,50,0,141,38,0,38,179
03/14/2003,PSC,WA,ANM,WE,Towers with Radar,18,74,23,0,115,0,7,79,0,86,18,81,102,0,201,190,0,190,391
03/15/2003,PSC,WA,ANM,WE,Towers with Radar,10,28,21,0,59,0,4,47,0,51,10,32,68,0,110,58,0,58,168
03/16/2003,PSC,WA,ANM,WE,Towers with Radar,14,21,17,0,52,0,5,49,0,54,14,26,66,0,106,140,0,140,246
03/17/2003,PSC,WA,ANM,WE,Towers with Radar,16,52,24,0,92,0,0,35,0,35,16,52,59,0,127,152,0,152,279
03/18/2003,PSC,WA,ANM,WE,Towers with Radar,12,72,39,0,123,0,11,51,0,62,12,83,90,0,185,178,0,178,363
03/19/2003,PSC,WA,ANM,WE,Towers with Radar,9,51,23,0,83,0,29,60,0,89,9,80,83,0,172,252,0,252,424
03/20/2003,PSC,WA,ANM,WE,Towers with Radar,18,66,9,0,93,0,9,47,0,56,18,75,56,0,149,20,0,20,169
03/21/2003,PSC,WA,ANM,WE,Towers with Radar,16,51,23,0,90,7,7,27,0,41,23,58,50,0,131,158,0,158,289
03/22/2003,PSC,WA,ANM,WE,Towers with Radar,13,38,17,0,68,12,0,24,0,36,25,38,41,0,104,46,0,46,150
03/23/2003,PSC,WA,ANM,WE,Towers with Radar,12,20,4,0,36,0,4,47,0,51,12,24,51,0,87,70,0,70,157
03/24/2003,PSC,WA,ANM,WE,Towers with Radar,16,45,23,0,84,8,0,56,0,64,24,45,79,0,148,238,0,238,386
03/25/2003,PSC,WA,ANM,WE,Towers with Radar,20,49,19,10,98,5,21,48,2,76,25,70,67,12,174,118,36,154,328
03/26/2003,PSC,WA,ANM,WE,Towers with Radar,15,63,7,0,85,0,11,27,0,38,15,74,34,0,123,86,0,86,209
03/27/2003,PSC,WA,ANM,WE,Towers with Radar,19,58,26,1,104,0,11,55,1,67,19,69,81,2,171,150,8,158,329
03/28/2003,PSC,WA,ANM,WE,Towers with Radar,16,53,18,0,87,0,14,98,0,112,16,67,116,0,199,222,0,222,421
03/29/2003,PSC,WA,ANM,WE,Towers with Radar,13,26,15,0,54,3,28,94,0,125,16,54,109,0,179,114,0,114,293
03/30/2003,PSC,WA,ANM,WE,Towers with Radar,11,22,16,0,49,0,1,51,0,52,11,23,67,0,101,104,0,104,205
03/31/2003,PSC,WA,ANM,WE,Towers with Radar,12,45,18,0,75,0,30,33,0,63,12,75,51,0,138,68,0,68,206
04/01/2003,PSC,WA,ANM,WE,Towers with Radar,12,70,36,0,118,0,1,32,0,33,12,71,68,0,151,134,0,134,285
04/02/2003,PSC,WA,ANM,WE,Towers with Radar,12,56,36,7,111,0,27,60,1,88,12,83,96,8,199,138,6,144,343
04/03/2003,PSC,WA,ANM,WE,Towers with Radar,14,52,30,1,97,0,16,11,4,31,14,68,41,5,128,26,8,34,162
04/04/2003,PSC,WA,ANM,WE,Towers with Radar,15,56,26,0,97,0,3,42,0,45,15,59,68,0,142,104,0,104,246
04/05/2003,PSC,WA,ANM,WE,Towers with Radar,15,28,26,0,69,0,1,16,0,17,15,29,42,0,86,52,0,52,138
04/06/2003,PSC,WA,ANM,WE,Towers with Radar,14,16,12,0,42,0,0,38,0,38,14,16,50,0,80,106,0,106,186
04/07/2003,PSC,WA,ANM,WE,Towers with Radar,12,46,29,0,87,0,4,45,0,49,12,50,74,0,136,132,0,132,268
04/08/2003,PSC,WA,ANM,WE,Towers with Radar,13,71,31,1,116,0,3,63,3,69,13,74,94,4,185,162,10,172,357
04/09/2003,PSC,WA,ANM,WE,Towers with Radar,14,65,24,0,103,0,0,71,0,71,14,65,95,0,174,86,0,86,260
04/10/2003,PSC,WA,ANM,WE,Towers with Radar,14,69,37,0,120,0,11,53,0,64,14,80,90,0,184,176,0,176,360
04/11/2003,PSC,WA,ANM,WE,Towers with Radar,17,59,37,2,115,0,7,49,0,56,17,66,86,2,171,170,0,170,341
04/12/2003,PSC,WA,ANM,WE,Towers with Radar,13,35,24,0,72,0,3,57,0,60,13,38,81,0,132,104,0,104,236
04/13/2003,PSC,WA,ANM,WE,Towers with Radar,13,20,18,2,53,0,1,40,0,41,13,21,58,2,94,50,0,50,144
04/14/2003,PSC,WA,ANM,WE,Towers with Radar,16,47,39,0,102,0,12,26,0,38,16,59,65,0,140,106,0,106,246
04/15/2003,PSC,WA,ANM,WE,Towers with Radar,13,69,20,4,106,0,5,58,0,63,13,74,78,4,169,140,22,162,331
04/16/2003,PSC,WA,ANM,WE,Towers with Radar,12,77,28,0,117,0,0,96,0,96,12,77,124,0,213,232,0,232,445
04/17/2003,PSC,WA,ANM,WE,Towers with Radar,15,63,47,0,125,0,0,45,0,45,15,63,92,0,170,163,4,167,337
04/18/2003,PSC,WA,ANM,WE,Towers with Radar,12,57,35,0,104,2,15,71,0,88,14,72,106,0,192,126,0,126,318
04/19/2003,PSC,WA,ANM,WE,Towers with Radar,10,34,19,0,63,3,5,80,0,88,13,39,99,0,151,170,0,170,321
04/20/2003,PSC,WA,ANM,WE,Towers with Radar,12,18,18,0,48,0,0,49,0,49,12,18,67,0,97,48,0,48,145
04/21/2003,PSC,WA,ANM,WE,Towers with Radar,14,45,24,0,83,1,5,65,0,71,15,50,89,0,154,142,0,142,296
04/22/2003,PSC,WA,ANM,WE,Towers with Radar,12,69,45,0,126,1,0,61,0,62,13,69,106,0,188,128,0,128,316
04/23/2003,PSC,WA,ANM,WE,Towers with Radar,13,61,26,0,100,0,7,65,0,72,13,68,91,0,172,128,0,128,300
04/24/2003,PSC,WA,ANM,WE,Towers with Radar,16,43,33,4,96,0,0,18,0,18,16,43,51,4,114,44,2,46,160
04/25/2003,PSC,WA,ANM,WE,Towers with Radar,16,45,38,0,99,0,18,17,0,35,16,63,55,0,134,124,0,124,258
04/26/2003,PSC,WA,ANM,WE,Towers with Radar,12,23,17,0,52,1,8,39,0,48,13,31,56,0,100,42,0,42,142
04/27/2003,PSC,WA,ANM,WE,Towers with Radar,10,17,19,0,46,0,0,32,0,32,10,17,51,0,78,84,0,84,162
04/28/2003,PSC,WA,ANM,WE,Towers with Radar,12,39,16,0,67,0,6,43,0,49,12,45,59,0,116,74,0,74,190
04/29/2003,PSC,WA,ANM,WE,Towers with Radar,15,67,47,2,131,0,7,49,0,56,15,74,96,2,187,82,2,84,271
04/30/2003,PSC,WA,ANM,WE,Towers with Radar,13,65,20,0,98,0,4,73,0,77,13,69,93,0,175,220,0,220,395
05/01/2003,PSC,WA,ANM,WE,Towers with Radar,11,64,50,0,125,0,6,58,2,66,11,70,108,2,191,152,0,152,343
05/02/2003,PSC,WA,ANM,WE,Towers with Radar,12,49,59,2,122,0,3,87,0,90,12,52,146,2,212,192,0,192,404
05/03/2003,PSC,WA,ANM,WE,Towers with Radar,12,42,27,0,81,1,0,31,0,32,13,42,58,0,113,38,0,38,151
05/04/2003,PSC,WA,ANM,WE,Towers with Radar,11,22,12,4,49,1,3,22,0,26,12,25,34,4,75,48,0,48,123
05/05/2003,PSC,WA,ANM,WE,Towers with Radar,13,48,18,0,79,1,3,44,0,48,14,51,62,0,127,62,0,62,189
05/06/2003,PSC,WA,ANM,WE,Towers with Radar,14,62,42,0,118,1,1,62,0,64,15,63,104,0,182,134,0,134,316
05/07/2003,PSC,WA,ANM,WE,Towers with Radar,15,60,35,0,110,1,13,137,0,151,16,73,172,0,261,202,0,202,463
05/08/2003,PSC,WA,ANM,WE,Towers with Radar,12,64,40,0,116,0,0,61,0,61,12,64,101,0,177,182,0,182,359
05/09/2003,PSC,WA,ANM,WE,Towers with Radar,14,60,40,0,114,3,0,76,0,79,17,60,116,0,193,188,0,188,381
05/10/2003,PSC,WA,ANM,WE,Towers with Radar,9,24,15,1,49,1,1,95,1,98,10,25,110,2,147,124,0,124,271
05/11/2003,PSC,WA,ANM,WE,Towers with Radar,13,19,18,0,50,0,2,41,0,43,13,21,59,0,93,26,0,26,119
05/12/2003,PSC,WA,ANM,WE,Towers with Radar,15,45,28,9,97,0,1,24,1,26,15,46,52,10,123,62,20,82,205
05/13/2003,PSC,WA,ANM,WE,Towers with Radar,15,72,62,0,149,0,0,75,0,75,15,72,137,0,224,170,0,170,394
05/14/2003,PSC,WA,ANM,WE,Towers with Radar,12,53,29,0,94,0,0,56,0,56,12,53,85,0,150,56,0,56,206
05/15/2003,PSC,WA,ANM,WE,Towers with Radar,12,43,15,0,70,3,0,49,0,52,15,43,64,0,122,6,0,6,128
05/16/2003,PSC,WA,ANM,WE,Towers with Radar,13,39,18,0,70,0,0,47,0,47,13,39,65,0,117,94,0,94,211
05/17/2003,PSC,WA,ANM,WE,Towers with Radar,12,24,12,0,48,0,0,52,0,52,12,24,64,0,100,20,0,20,120
05/18/2003,PSC,WA,ANM,WE,Towers with Radar,12,19,23,0,54,0,4,50,0,54,12,23,73,0,108,86,0,86,194
05/19/2003,PSC,WA,ANM,WE,Towers with Radar,15,49,19,0,83,0,3,68,0,71,15,52,87,0,154,68,0,68,222
05/20/2003,PSC,WA,ANM,WE,Towers with Radar,12,71,59,0,142,0,2,38,0,40,12,73,97,0,182,94,0,94,276
05/21/2003,PSC,WA,ANM,WE,Towers with Radar,14,61,36,0,111,0,17,100,0,117,14,78,136,0,228,152,0,152,380
05/22/2003,PSC,WA,ANM,WE,Towers with Radar,13,36,31,0,80,0,0,50,0,50,13,36,81,0,130,68,0,68,198
05/23/2003,PSC,WA,ANM,WE,Towers with Radar,13,42,15,0,70,1,0,106,0,107,14,42,121,0,177,130,0,130,307
05/24/2003,PSC,WA,ANM,WE,Towers with Radar,12,23,14,0,49,0,0,48,0,48,12,23,62,0,97,36,0,36,133
05/25/2003,PSC,WA,ANM,WE,Towers with Radar,9,20,23,0,52,0,12,75,0,87,9,32,98,0,139,104,0,104,243
05/26/2003,PSC,WA,ANM,WE,Towers with Radar,13,29,10,0,52,0,2,77,0,79,13,31,87,0,131,90,0,90,221
05/27/2003,PSC,WA,ANM,WE,Towers with Radar,14,73,26,0,113,0,0,96,0,96,14,73,122,0,209,144,0,144,353
05/28/2003,PSC,WA,ANM,WE,Towers with Radar,13,70,27,2,112,0,1,47,0,48,13,71,74,2,160,110,0,110,270
05/29/2003,PSC,WA,ANM,WE,Towers with Radar,13,64,55,0,132,0,12,76,0,88,13,76,131,0,220,166,0,166,386
05/30/2003,PSC,WA,ANM,WE,Towers with Radar,13,68,20,0,101,0,7,62,0,69,13,75,82,0,170,134,0,134,304
05/31/2003,PSC,WA,ANM,WE,Towers with Radar,13,43,10,0,66,0,0,86,2,88,13,43,96,2,154,102,2,104,258
06/01/2003,PSC,WA,ANM,WE,Towers with Radar,12,27,18,0,57,1,0,67,0,68,13,27,85,0,125,200,0,200,325
06/02/2003,PSC,WA,ANM,WE,Towers with Radar,13,43,26,0,82,1,3,43,0,47,14,46,69,0,129,140,0,140,269
06/03/2003,PSC,WA,ANM,WE,Towers with Radar,14,72,57,0,143,1,5,78,0,84,15,77,135,0,227,156,0,156,383
06/04/2003,PSC,WA,ANM,WE,Towers with Radar,14,68,50,0,132,1,7,89,0,97,15,75,139,0,229,158,0,158,387
06/05/2003,PSC,WA,ANM,WE,Towers with Radar,13,76,112,0,201,3,3,37,0,43,16,79,149,0,244,208,0,208,452
06/06/2003,PSC,WA,ANM,WE,Towers with Radar,12,75,33,0,120,1,0,91,0,92,13,75,124,0,212,168,0,168,380
06/07/2003,PSC,WA,ANM,WE,Towers with Radar,10,32,13,0,55,0,0,71,0,71,10,32,84,0,126,108,0,108,234
06/08/2003,PSC,WA,ANM,WE,Towers with Radar,9,23,16,0,48,0,4,70,0,74,9,27,86,0,122,144,0,144,266
06/09/2003,PSC,WA,ANM,WE,Towers with Radar,12,40,24,0,76,0,4,52,0,56,12,44,76,0,132,112,0,112,244
06/10/2003,PSC,WA,ANM,WE,Towers with Radar,14,76,30,2,122,1,5,71,0,77,15,81,101,2,199,162,0,162,361
06/11/2003,PSC,WA,ANM,WE,Towers with Radar,14,76,47,13,150,0,0,61,0,61,14,76,108,13,211,133,50,183,394
06/12/2003,PSC,WA,ANM,WE,Towers with Radar,10,36,30,0,76,0,0,41,0,41,10,36,71,0,117,90,0,90,207
06/13/2003,PSC,WA,ANM,WE,Towers with Radar,12,65,20,0,97,0,0,71,0,71,12,65,91,0,168,142,0,142,310
06/14/2003,PSC,WA,ANM,WE,Towers with Radar,13,29,9,0,51,0,0,89,0,89,13,29,98,0,140,70,0,70,210
06/15/2003,PSC,WA,ANM,WE,Towers with Radar,12,30,16,0,58,0,0,67,0,67,12,30,83,0,125,102,0,102,227
06/16/2003,PSC,WA,ANM,WE,Towers with Radar,13,66,36,0,115,0,6,68,0,74,13,72,104,0,189,130,0,130,319
06/17/2003,PSC,WA,ANM,WE,Towers with Radar,14,78,25,4,121,0,0,131,4,135,14,78,156,8,256,216,60,276,532
06/18/2003,PSC,WA,ANM,WE,Towers with Radar,14,66,47,0,127,0,10,62,0,72,14,76,109,0,199,148,0,148,347
06/19/2003,PSC,WA,ANM,WE,Towers with Radar,15,74,42,0,131,0,9,75,0,84,15,83,117,0,215,166,0,166,381
06/20/2003,PSC,WA,ANM,WE,Towers with Radar,12,50,32,1,95,0,17,62,1,80,12,67,94,2,175,164,0,164,339
06/21/2003,PSC,WA,ANM,WE,Towers with Radar,12,40,15,0,67,0,0,58,0,58,12,40,73,0,125,130,0,130,255
06/22/2003,PSC,WA,ANM,WE,Towers with Radar,13,28,13,2,56,0,1,57,0,58,13,29,70,2,114,159,0,159,273
06/23/2003,PSC,WA,ANM,WE,Towers with Radar,12,44,20,0,76,0,1,66,4,71,12,45,86,4,147,100,2,102,249
06/24/2003,PSC,WA,ANM,WE,Towers with Radar,15,72,37,0,124,0,3,69,0,72,15,75,106,0,196,252,0,252,448
06/25/2003,PSC,WA,ANM,WE,Towers with Radar,14,68,39,0,121,0,10,84,0,94,14,78,123,0,215,172,0,172,387
06/26/2003,PSC,WA,ANM,WE,Towers with Radar,13,77,35,0,125,1,0,85,0,86,14,77,120,0,211,120,0,120,331
06/27/2003,PSC,WA,ANM,WE,Towers with Radar,14,63,27,4,108,0,7,93,0,100,14,70,120,4,208,150,4,154,362
06/28/2003,PSC,WA,ANM,WE,Towers with Radar,11,36,16,0,63,0,0,67,2,69,11,36,83,2,132,94,10,104,236
06/29/2003,PSC,WA,ANM,WE,Towers with Radar,11,24,23,0,58,0,0,62,0,62,11,24,85,0,120,84,0,84,204
06/30/2003,PSC,WA,ANM,WE,Towers with Radar,14,48,39,6,107,0,7,32,0,39,14,55,71,6,146,86,16,102,248
07/01/2003,PSC,WA,ANM,WE,Towers with Radar,14,71,31,0,116,0,6,73,0,79,14,77,104,0,195,94,0,94,289
07/02/2003,PSC,WA,ANM,WE,Towers with Radar,13,55,41,0,109,0,21,91,0,112,13,76,132,0,221,134,0,134,355
07/03/2003,PSC,WA,ANM,WE,Towers with Radar,15,70,32,4,121,1,6,70,0,77,16,76,102,4,198,90,8,98,296
07/04/2003,PSC,WA,ANM,WE,Towers with Radar,7,26,8,0,41,0,1,53,0,54,7,27,61,0,95,44,0,44,139
07/05/2003,PSC,WA,ANM,WE,Towers with Radar,11,26,16,0,53,1,15,70,0,86,12,41,86,0,139,96,0,96,235
07/06/2003,PSC,WA,ANM,WE,Towers with Radar,13,23,7,0,43,0,1,59,0,60,13,24,66,0,103,34,0,34,137
07/07/2003,PSC,WA,ANM,WE,Towers with Radar,12,42,21,0,75,0,8,70,0,78,12,50,91,0,153,76,0,76,229
07/08/2003,PSC,WA,ANM,WE,Towers with Radar,14,76,29,3,122,0,4,85,0,89,14,80,114,3,211,106,8,114,325
07/09/2003,PSC,WA,ANM,WE,Towers with Radar,13,45,31,0,89,0,33,112,0,145,13,78,143,0,234,182,0,182,416
07/10/2003,PSC,WA,ANM,WE,Towers with Radar,15,53,43,4,115,0,26,89,0,115,15,79,132,4,230,188,0,188,418
07/11/2003,PSC,WA,ANM,WE,Towers with Radar,16,61,26,0,103,0,4,62,0,66,16,65,88,0,169,164,0,164,333
07/12/2003,PSC,WA,ANM,WE,Towers with Radar,13,32,20,0,65,0,21,48,0,69,13,53,68,0,134,88,0,88,222
07/13/2003,PSC,WA,ANM,WE,Towers with Radar,12,22,35,0,69,0,1,23,0,24,12,23,58,0,93,24,0,24,117
07/14/2003,PSC,WA,ANM,WE,Towers with Radar,13,45,27,0,85,1,0,64,0,65,14,45,91,0,150,146,0,146,296
07/15/2003,PSC,WA,ANM,WE,Towers with Radar,13,39,19,0,71,0,7,77,2,86,13,46,96,2,157,84,0,84,241
07/16/2003,PSC,WA,ANM,WE,Towers with Radar,13,36,22,3,74,0,10,79,3,92,13,46,101,6,166,92,48,140,306
07/17/2003,PSC,WA,ANM,WE,Towers with Radar,13,42,29,0,84,0,0,44,0,44,13,42,73,0,128,88,0,88,216
07/18/2003,PSC,WA,ANM,WE,Towers with Radar,11,36,37,7,91,1,12,67,0,80,12,48,104,7,171,68,2,70,241
07/19/2003,PSC,WA,ANM,WE,Towers with Radar,12,25,7,0,44,0,0,58,0,58,12,25,65,0,102,62,0,62,164
07/20/2003,PSC,WA,ANM,WE,Towers with Radar,13,20,14,0,47,0,3,37,0,40,13,23,51,0,87,28,0,28,115
07/21/2003,PSC,WA,ANM,WE,Towers with Radar,11,36,17,0,64,1,8,56,0,65,12,44,73,0,129,80,0,80,209
07/22/2003,PSC,WA,ANM,WE,Towers with Radar,12,61,18,0,91,0,16,76,0,92,12,77,94,0,183,60,0,60,243
07/23/2003,PSC,WA,ANM,WE,Towers with Radar,13,62,33,0,108,0,10,78,0,88,13,72,111,0,196,72,0,72,268
07/24/2003,PSC,WA,ANM,WE,Towers with Radar,15,68,48,4,135,0,0,57,6,63,15,68,105,10,198,210,0,210,408
07/25/2003,PSC,WA,ANM,WE,Towers with Radar,12,59,17,1,89,0,3,79,8,90,12,62,96,9,179,74,10,84,263
07/26/2003,PSC,WA,ANM,WE,Towers with Radar,10,38,8,4,60,0,0,50,0,50,10,38,58,4,110,40,0,40,150
07/27/2003,PSC,WA,ANM,WE,Towers with Radar,14,22,11,1,48,0,0,69,5,74,14,22,80,6,122,2,0,2,124
07/28/2003,PSC,WA,ANM,WE,Towers with Radar,13,38,23,2,76,0,5,78,1,84,13,43,101,3,160,156,0,156,316
07/29/2003,PSC,WA,ANM,WE,Towers with Radar,13,70,29,2,114,0,5,79,0,84,13,75,108,2,198,64,0,64,262
07/30/2003,PSC,WA,ANM,WE,Towers with Radar,12,55,29,2,98,1,10,86,0,97,13,65,115,2,195,76,0,76,271
07/31/2003,PSC,WA,ANM,WE,Towers with Radar,15,53,50,5,123,0,21,41,1,63,15,74,91,6,186,78,38,116,302
08/01/2003,PSC,WA,ANM,WE,Towers with Radar,14,60,28,1,103,0,0,79,1,80,14,60,107,2,183,152,0,152,335
08/02/2003,PSC,WA,ANM,WE,Towers with Radar,12,45,9,2,68,1,0,56,0,57,13,45,65,2,125,120,6,126,251
08/03/2003,PSC,WA,ANM,WE,Towers with Radar,11,23,16,0,50,1,0,63,0,64,12,23,79,0,114,68,0,68,182
08/04/2003,PSC,WA,ANM,WE,Towers with Radar,13,35,33,0,81,1,2,96,0,99,14,37,129,0,180,210,0,210,390
08/05/2003,PSC,WA,ANM,WE,Towers with Radar,14,72,17,0,103,0,4,67,0,71,14,76,84,0,174,98,0,98,272
08/06/2003,PSC,WA,ANM,WE,Towers with Radar,15,63,20,0,98,0,13,72,0,85,15,76,92,0,183,148,0,148,331
08/07/2003,PSC,WA,ANM,WE,Towers with Radar,12,67,25,0,104,1,0,70,0,71,13,67,95,0,175,128,0,128,303
08/08/2003,PSC,WA,ANM,WE,Towers with Radar,14,49,23,1,87,0,19,68,9,96,14,68,91,10,183,148,40,188,371
08/09/2003,PSC,WA,ANM,WE,Towers with Radar,14,47,19,0,80,0,8,70,0,78,14,55,89,0,158,88,2,90,248
08/10/2003,PSC,WA,ANM,WE,Towers with Radar,8,25,12,0,45,5,0,52,1,58,13,25,64,1,103,18,0,18,121
08/11/2003,PSC,WA,ANM,WE,Towers with Radar,13,42,19,0,74,0,8,43,4,55,13,50,62,4,129,56,0,56,185
08/12/2003,PSC,WA,ANM,WE,Towers with Radar,14,59,25,2,100,0,11,69,0,80,14,70,94,2,180,116,18,134,314
08/13/2003,PSC,WA,ANM,WE,Towers with Radar,9,40,29,0,78,0,28,90,0,118,9,68,119,0,196,58,0,58,254
08/14/2003,PSC,WA,ANM,WE,Towers with Radar,10,45,23,2,80,0,0,49,3,52,10,45,72,5,132,100,44,144,276
08/15/2003,PSC,WA,ANM,WE,Towers with Radar,11,39,19,2,71,0,8,91,0,99,11,47,110,2,170,104,0,104,274
08/16/2003,PSC,WA,ANM,WE,Towers with Radar,12,25,10,2,49,0,3,33,0,36,12,28,43,2,85,4,8,12,97
08/17/2003,PSC,WA,ANM,WE,Towers with Radar,12,20,19,0,51,0,13,71,0,84,12,33,90,0,135,102,0,102,237
08/18/2003,PSC,WA,ANM,WE,Towers with Radar,12,35,14,4,65,0,5,38,2,45,12,40,52,6,110,52,6,58,168
08/19/2003,PSC,WA,ANM,WE,Towers with Radar,14,70,21,1,106,0,0,67,2,69,14,70,88,3,175,98,0,98,273
08/20/2003,PSC,WA,ANM,WE,Towers with Radar,14,71,32,1,118,1,4,88,0,93,15,75,120,1,211,90,0,90,301
08/21/2003,PSC,WA,ANM,WE,Towers with Radar,14,56,32,2,104,0,21,56,0,77,14,77,88,2,181,70,0,70,251
08/22/2003,PSC,WA,ANM,WE,Towers with Radar,18,57,14,10,99,0,4,50,0,54,18,61,64,10,153,44,0,44,197
08/23/2003,PSC,WA,ANM,WE,Towers with Radar,14,38,15,2,69,0,12,81,0,93,14,50,96,2,162,104,4,108,270
08/24/2003,PSC,WA,ANM,WE,Towers with Radar,13,23,26,2,64,0,2,46,0,48,13,25,72,2,112,32,0,32,144
08/25/2003,PSC,WA,ANM,WE,Towers with Radar,13,44,25,0,82,0,0,56,0,56,13,44,81,0,138,46,0,46,184
08/26/2003,PSC,WA,ANM,WE,Towers with Radar,13,66,20,0,99,0,8,65,0,73,13,74,85,0,172,132,0,132,304
08/27/2003,PSC,WA,ANM,WE,Towers with Radar,12,72,22,0,106,0,3,65,0,68,12,75,87,0,174,70,0,70,244
08/28/2003,PSC,WA,ANM,WE,Towers with Radar,12,40,32,0,84,0,0,68,0,68,12,40,100,0,152,34,0,34,186
08/29/2003,PSC,WA,ANM,WE,Towers with Radar,14,35,18,0,67,0,33,88,0,121,14,68,106,0,188,142,0,142,330
08/30/2003,PSC,WA,ANM,WE,Towers with Radar,14,25,16,0,55,0,21,96,0,117,14,46,112,0,172,100,0,100,272
08/31/2003,PSC,WA,ANM,WE,Towers with Radar,13,22,11,0,46,0,0,56,0,56,13,22,67,0,102,34,0,34,136
09/01/2003,PSC,WA,ANM,WE,Towers with Radar,8,30,7,0,45,3,2,55,0,60,11,32,62,0,105,64,0,64,169
09/02/2003,PSC,WA,ANM,WE,Towers with Radar,13,60,11,4,88,3,17,67,0,87,16,77,78,4,175,72,6,78,253
09/03/2003,PSC,WA,ANM,WE,Towers with Radar,14,76,36,0,126,1,0,55,0,56,15,76,91,0,182,98,0,98,280
09/04/2003,PSC,WA,ANM,WE,Towers with Radar,13,59,26,0,98,1,0,49,0,50,14,59,75,0,148,60,0,60,208
09/05/2003,PSC,WA,ANM,WE,Towers with Radar,12,67,29,2,110,0,0,45,0,45,12,67,74,2,155,90,0,90,245
09/06/2003,PSC,WA,ANM,WE,Towers with Radar,12,28,21,0,61,1,0,47,0,48,13,28,68,0,109,68,0,68,177
09/07/2003,PSC,WA,ANM,WE,Towers with Radar,12,20,23,2,57,1,4,29,0,34,13,24,52,2,91,28,0,28,119
09/08/2003,PSC,WA,ANM,WE,Towers with Radar,13,40,11,0,64,1,2,26,0,29,14,42,37,0,93,62,0,62,155
09/09/2003,PSC,WA,ANM,WE,Towers with Radar,14,62,24,0,100,0,10,68,0,78,14,72,92,0,178,96,6,102,280
09/10/2003,PSC,WA,ANM,WE,Towers with Radar,12,46,17,1,76,1,20,53,4,78,13,66,70,5,154,98,74,172,326
09/11/2003,PSC,WA,ANM,WE,Towers with Radar,11,61,12,9,93,0,0,44,0,44,11,61,56,9,137,22,42,64,201
09/12/2003,PSC,WA,ANM,WE,Towers with Radar,13,50,27,0,90,0,1,70,0,71,13,51,97,0,161,144,0,144,305
09/13/2003,PSC,WA,ANM,WE,Towers with Radar,12,33,20,0,65,0,1,49,0,50,12,34,69,0,115,68,0,68,183
09/14/2003,PSC,WA,ANM,WE,Towers with Radar,15,18,8,0,41,0,5,40,0,45,15,23,48,0,86,82,0,82,168
09/15/2003,PSC,WA,ANM,WE,Towers with Radar,13,35,8,0,56,0,14,52,0,66,13,49,60,0,122,98,0,98,220
09/16/2003,PSC,WA,ANM,WE,Towers with Radar,14,61,15,0,90,0,10,111,0,121,14,71,126,0,211,36,2,38,249
09/17/2003,PSC,WA,ANM,WE,Towers with Radar,13,63,14,0,90,0,10,88,0,98,13,73,102,0,188,124,0,124,312
09/18/2003,PSC,WA,ANM,WE,Towers with Radar,13,52,35,0,100,0,16,64,0,80,13,68,99,0,180,108,14,122,302
09/19/2003,PSC,WA,ANM,WE,Towers with Radar,15,59,24,0,98,0,1,45,0,46,15,60,69,0,144,40,0,40,184
09/20/2003,PSC,WA,ANM,WE,Towers with Radar,13,38,17,0,68,0,4,58,0,62,13,42,75,0,130,82,0,82,212
09/21/2003,PSC,WA,ANM,WE,Towers with Radar,13,17,12,0,42,0,18,91,0,109,13,35,103,0,151,74,0,74,225
09/22/2003,PSC,WA,ANM,WE,Towers with Radar,15,36,14,0,65,0,8,72,0,80,15,44,86,0,145,50,0,50,195
09/23/2003,PSC,WA,ANM,WE,Towers with Radar,12,64,33,0,109,0,4,89,0,93,12,68,122,0,202,130,0,130,332
09/24/2003,PSC,WA,ANM,WE,Towers with Radar,14,60,16,9,99,0,15,76,0,91,14,75,92,9,190,74,64,138,328
09/25/2003,PSC,WA,ANM,WE,Towers with Radar,12,60,21,0,93,0,8,91,0,99,12,68,112,0,192,116,0,116,308
09/26/2003,PSC,WA,ANM,WE,Towers with Radar,13,53,23,0,89,0,5,79,0,84,13,58,102,0,173,76,10,86,259
09/27/2003,PSC,WA,ANM,WE,Towers with Radar,12,28,19,0,59,2,0,58,0,60,14,28,77,0,119,80,0,80,199
09/28/2003,PSC,WA,ANM,WE,Towers with Radar,12,16,18,0,46,0,19,52,0,71,12,35,70,0,117,50,0,50,167
09/29/2003,PSC,WA,ANM,WE,Towers with Radar,14,69,14,0,97,0,7,64,0,71,14,76,78,0,168,112,0,112,280
09/30/2003,PSC,WA,ANM,WE,Towers with Radar,13,59,19,6,97,0,7,55,0,62,13,66,74,6,159,52,2,54,213
10/01/2003,PSC,WA,ANM,WE,Towers with Radar,12,59,27,0,98,0,12,67,0,79,12,71,94,0,177,54,0,54,231
10/02/2003,PSC,WA,ANM,WE,Towers with Radar,14,58,26,0,98,2,18,97,0,117,16,76,123,0,215,122,0,122,337
10/03/2003,PSC,WA,ANM,WE,Towers with Radar,12,53,24,0,89,0,10,85,0,95,12,63,109,0,184,106,0,106,290
10/04/2003,PSC,WA,ANM,WE,Towers with Radar,8,25,13,0,46,5,0,55,0,60,13,25,68,0,106,36,0,36,142
10/05/2003,PSC,WA,ANM,WE,Towers with Radar,7,27,13,0,47,7,26,34,0,67,14,53,47,0,114,22,0,22,136
10/06/2003,PSC,WA,ANM,WE,Towers with Radar,13,57,26,0,96,0,15,41,0,56,13,72,67,0,152,72,0,72,224
10/07/2003,PSC,WA,ANM,WE,Towers with Radar,13,61,28,0,102,0,12,101,0,113,13,73,129,0,215,124,0,124,339
10/08/2003,PSC,WA,ANM,WE,Towers with Radar,13,63,29,0,105,0,8,61,0,69,13,71,90,0,174,68,0,68,242
10/09/2003,PSC,WA,ANM,WE,Towers with Radar,12,64,29,0,105,0,0,49,0,49,12,64,78,0,154,68,0,68,222
10/10/2003,PSC,WA,ANM,WE,Towers with Radar,13,59,27,0,99,0,15,58,0,73,13,74,85,0,172,102,0,102,274
10/11/2003,PSC,WA,ANM,WE,Towers with Radar,7,25,12,0,44,5,17,33,0,55,12,42,45,0,99,68,0,68,167
10/12/2003,PSC,WA,ANM,WE,Towers with Radar,7,26,12,0,45,5,17,20,0,42,12,43,32,0,87,12,0,12,99
10/13/2003,PSC,WA,ANM,WE,Towers with Radar,13,48,22,0,83,2,10,84,0,96,15,58,106,0,179,66,0,66,245
10/14/2003,PSC,WA,ANM,WE,Towers with Radar,14,58,26,2,100,0,9,86,6,101,14,67,112,8,201,124,0,124,325
10/15/2003,PSC,WA,ANM,WE,Towers with Radar,14,79,38,3,134,0,0,65,5,70,14,79,103,8,204,114,34,148,352
10/16/2003,PSC,WA,ANM,WE,Towers with Radar,13,56,28,3,100,0,0,27,0,27,13,56,55,3,127,54,0,54,181
10/17/2003,PSC,WA,ANM,WE,Towers with Radar,12,50,25,0,87,0,0,40,0,40,12,50,65,0,127,50,0,50,177
10/18/2003,PSC,WA,ANM,WE,Towers with Radar,11,41,18,0,70,2,16,123,0,141,13,57,141,0,211,142,0,142,353
10/19/2003,PSC,WA,ANM,WE,Towers with Radar,7,20,11,0,38,5,0,39,0,44,12,20,50,0,82,90,0,90,172
10/20/2003,PSC,WA,ANM,WE,Towers with Radar,13,53,23,2,91,0,19,60,7,86,13,72,83,9,177,86,24,110,287
10/21/2003,PSC,WA,ANM,WE,Towers with Radar,13,59,25,0,97,0,18,104,0,122,13,77,129,0,219,135,0,135,354
10/22/2003,PSC,WA,ANM,WE,Towers with Radar,12,66,29,2,109,0,6,87,8,101,12,72,116,10,210,78,4,82,292
10/23/2003,PSC,WA,ANM,WE,Towers with Radar,14,51,22,0,87,0,9,92,0,101,14,60,114,0,188,148,0,148,336
10/24/2003,PSC,WA,ANM,WE,Towers with Radar,14,56,24,1,95,1,19,67,1,88,15,75,91,2,183,92,12,104,287
10/25/2003,PSC,WA,ANM,WE,Towers with Radar,8,27,13,0,48,4,0,58,0,62,12,27,71,0,110,92,0,92,202
10/26/2003,PSC,WA,ANM,WE,Towers with Radar,4,20,8,0,32,8,6,85,0,99,12,26,93,0,131,66,0,66,197
10/27/2003,PSC,WA,ANM,WE,Towers with Radar,14,56,24,0,94,3,26,66,0,95,17,82,90,0,189,84,0,84,273
10/28/2003,PSC,WA,ANM,WE,Towers with Radar,12,50,18,1,81,0,15,0,0,15,12,65,18,1,96,8,0,8,104
10/29/2003,PSC,WA,ANM,WE,Towers with Radar,10,63,31,0,104,0,0,30,0,30,10,63,61,0,134,46,0,46,180
10/30/2003,PSC,WA,ANM,WE,Towers with Radar,13,62,27,0,102,0,6,16,0,22,13,68,43,0,124,18,0,18,142
10/31/2003,PSC,WA,ANM,WE,Towers with Radar,13,54,23,0,90,0,16,41,0,57,13,70,64,0,147,54,0,54,201
11/01/2003,PSC,WA,ANM,WE,Towers with Radar,9,19,14,0,42,3,0,39,2,44,12,19,53,2,86,82,4,86,172
11/02/2003,PSC,WA,ANM,WE,Towers with Radar,8,24,13,0,45,2,0,25,0,27,10,24,38,0,72,64,0,64,136
11/03/2003,PSC,WA,ANM,WE,Towers with Radar,12,55,27,2,96,0,25,24,8,57,12,80,51,10,153,54,10,64,217
11/04/2003,PSC,WA,ANM,WE,Towers with Radar,14,55,27,0,96,0,16,46,0,62,14,71,73,0,158,66,0,66,224
11/05/2003,PSC,WA,ANM,WE,Towers with Radar,13,56,28,0,97,0,8,24,0,32,13,64,52,0,129,78,0,78,207
11/06/2003,PSC,WA,ANM,WE,Towers with Radar,16,56,28,2,102,0,23,36,0,59,16,79,64,2,161,36,0,36,197
11/07/2003,PSC,WA,ANM,WE,Towers with Radar,13,62,30,2,107,0,7,46,0,53,13,69,76,2,160,66,0,66,226
11/08/2003,PSC,WA,ANM,WE,Towers with Radar,8,28,15,0,51,4,0,48,0,52,12,28,63,0,103,82,0,82,185
11/09/2003,PSC,WA,ANM,WE,Towers with Radar,11,23,18,2,54,1,0,70,0,71,12,23,88,2,125,104,0,104,229
11/10/2003,PSC,WA,ANM,WE,Towers with Radar,12,44,22,2,80,0,4,2,0,6,12,48,24,2,86,24,0,24,110
11/11/2003,PSC,WA,ANM,WE,Towers with Radar,13,49,24,0,86,0,7,49,0,56,13,56,73,0,142,26,0,26,168
11/12/2003,PSC,WA,ANM,WE,Towers with Radar,13,66,32,0,111,0,8,71,0,79,13,74,103,0,190,68,0,68,258
11/13/2003,PSC,WA,ANM,WE,Towers with Radar,12,66,32,0,110,0,14,94,0,108,12,80,126,0,218,86,0,86,304
11/14/2003,PSC,WA,ANM,WE,Towers with Radar,12,58,29,0,99,0,0,25,0,25,12,58,54,0,124,16,0,16,140
11/15/2003,PSC,WA,ANM,WE,Towers with Radar,8,25,14,0,47,6,0,38,0,44,14,25,52,0,91,60,0,60,151
11/16/2003,PSC,WA,ANM,WE,Towers with Radar,5,20,9,0,34,9,1,6,0,16,14,21,15,0,50,48,0,48,98
11/17/2003,PSC,WA,ANM,WE,Towers with Radar,15,58,27,2,102,0,11,9,4,24,15,69,36,6,126,30,4,34,160
11/18/2003,PSC,WA,ANM,WE,Towers with Radar,15,60,28,2,105,0,12,21,14,47,15,72,49,16,152,14,38,52,204
11/19/2003,PSC,WA,ANM,WE,Towers with Radar,14,66,31,0,111,0,4,14,0,18,14,70,45,0,129,6,0,6,135
11/20/2003,PSC,WA,ANM,WE,Towers with Radar,16,58,27,2,103,0,17,55,0,72,16,75,82,2,175,70,0,70,245
11/21/2003,PSC,WA,ANM,WE,Towers with Radar,12,59,28,0,99,0,5,55,0,60,12,64,83,0,159,108,0,108,267
11/22/2003,PSC,WA,ANM,WE,Towers with Radar,11,22,16,0,49,4,0,45,0,49,15,22,61,0,98,102,0,102,200
11/23/2003,PSC,WA,ANM,WE,Towers with Radar,8,21,11,0,40,6,0,47,0,53,14,21,58,0,93,100,0,100,193
11/24/2003,PSC,WA,ANM,WE,Towers with Radar,16,55,26,0,97,1,22,51,0,74,17,77,77,0,171,88,0,88,259
11/25/2003,PSC,WA,ANM,WE,Towers with Radar,14,53,25,1,93,0,15,20,9,44,14,68,45,10,137,20,8,28,165
11/26/2003,PSC,WA,ANM,WE,Towers with Radar,16,65,30,0,111,0,10,65,0,75,16,75,95,0,186,132,0,132,318
11/27/2003,PSC,WA,ANM,WE,Towers with Radar,5,20,9,0,34,7,7,41,0,55,12,27,50,0,89,56,0,56,145
11/28/2003,PSC,WA,ANM,WE,Towers with Radar,13,42,19,0,74,1,11,52,0,64,14,53,71,0,138,102,0,102,240
11/29/2003,PSC,WA,ANM,WE,Towers with Radar,8,27,14,0,49,6,0,14,0,20,14,27,28,0,69,28,0,28,97
11/30/2003,PSC,WA,ANM,WE,Towers with Radar,8,22,14,0,44,6,0,33,0,39,14,22,47,0,83,42,0,42,125
12/01/2003,PSC,WA,ANM,WE,Towers with Radar,13,48,22,0,83,3,0,6,0,9,16,48,28,0,92,48,0,48,140
12/02/2003,PSC,WA,ANM,WE,Towers with Radar,17,59,25,0,101,0,4,0,0,4,17,63,25,0,105,4,0,4,109
12/03/2003,PSC,WA,ANM,WE,Towers with Radar,15,52,31,0,98,0,0,47,0,47,15,52,78,0,145,72,0,72,217
12/04/2003,PSC,WA,ANM,WE,Towers with Radar,14,49,22,2,87,3,10,42,0,55,17,59,64,2,142,46,0,46,188
12/05/2003,PSC,WA,ANM,WE,Towers with Radar,17,53,31,2,103,0,0,16,0,16,17,53,47,2,119,48,0,48,167
12/06/2003,PSC,WA,ANM,WE,Towers with Radar,8,23,12,0,43,6,0,46,0,52,14,23,58,0,95,106,2,108,203
12/07/2003,PSC,WA,ANM,WE,Towers with Radar,8,18,14,1,41,7,0,13,1,21,15,18,27,2,62,28,0,28,90
12/08/2003,PSC,WA,ANM,WE,Towers with Radar,18,62,28,0,108,0,16,22,0,38,18,78,50,0,146,90,0,90,236
12/09/2003,PSC,WA,ANM,WE,Towers with Radar,16,65,29,0,110,0,9,25,0,34,16,74,54,0,144,22,0,22,166
12/10/2003,PSC,WA,ANM,WE,Towers with Radar,16,54,18,0,88,0,12,0,0,12,16,66,18,0,100,0,0,0,100
12/11/2003,PSC,WA,ANM,WE,Towers with Radar,14,59,28,0,101,0,0,13,0,13,14,59,41,0,114,20,0,20,134
12/12/2003,PSC,WA,ANM,WE,Towers with Radar,17,52,26,0,95,0,0,25,0,25,17,52,51,0,120,42,0,42,162
12/13/2003,PSC,WA,ANM,WE,Towers with Radar,10,26,15,0,51,3,0,1,0,4,13,26,16,0,55,0,0,0,55
12/14/2003,PSC,WA,ANM,WE,Towers with Radar,10,18,15,1,44,3,0,64,7,74,13,18,79,8,118,72,12,84,202
12/15/2003,PSC,WA,ANM,WE,Towers with Radar,18,68,33,2,121,0,0,51,0,51,18,68,84,2,172,48,22,70,242
12/16/2003,PSC,WA,ANM,WE,Towers with Radar,13,58,28,1,100,0,1,9,3,13,13,59,37,4,113,80,16,96,209
12/17/2003,PSC,WA,ANM,WE,Towers with Radar,15,76,38,1,130,0,0,45,18,63,15,76,83,19,193,158,44,202,395
12/18/2003,PSC,WA,ANM,WE,Towers with Radar,15,51,27,0,93,0,0,0,0,0,15,51,27,0,93,38,0,38,131
12/19/2003,PSC,WA,ANM,WE,Towers with Radar,17,56,27,0,100,0,2,10,0,12,17,58,37,0,112,60,0,60,172
12/20/2003,PSC,WA,ANM,WE,Towers with Radar,12,26,18,0,56,3,0,26,0,29,15,26,44,0,85,30,0,30,115
12/21/2003,PSC,WA,ANM,WE,Towers with Radar,8,23,5,0,36,9,6,0,0,15,17,29,5,0,51,42,0,42,93
12/22/2003,PSC,WA,ANM,WE,Towers with Radar,10,67,32,0,109,0,3,5,0,8,10,70,37,0,117,0,0,0,117
12/23/2003,PSC,WA,ANM,WE,Towers with Radar,15,62,30,1,108,0,8,12,1,21,15,70,42,2,129,0,0,0,129
12/24/2003,PSC,WA,ANM,WE,Towers with Radar,19,62,30,0,111,0,4,24,0,28,19,66,54,0,139,58,0,58,197
12/25/2003,PSC,WA,ANM,WE,Towers with Radar,3,13,7,0,23,10,4,18,0,32,13,17,25,0,55,6,0,6,61
12/26/2003,PSC,WA,ANM,WE,Towers with Radar,12,54,26,0,92,0,23,65,0,88,12,77,91,0,180,126,0,126,306
12/27/2003,PSC,WA,ANM,WE,Towers with Radar,8,28,13,0,49,5,0,1,0,6,13,28,14,0,55,0,0,0,55
12/28/2003,PSC,WA,ANM,WE,Towers with Radar,8,18,11,0,37,5,0,31,0,36,13,18,42,0,73,40,0,40,113
12/29/2003,PSC,WA,ANM,WE,Towers with Radar,16,56,25,0,97,0,24,1,0,25,16,80,26,0,122,8,0,8,130
12/30/2003,PSC,WA,ANM,WE,Towers with Radar,16,69,32,0,117,0,0,38,0,38,16,69,70,0,155,80,0,80,235
12/31/2003,PSC,WA,ANM,WE,Towers with Radar,15,37,24,0,76,0,0,1,0,1,15,37,25,0,77,6,0,6,83
01/01/2004,PSC,WA,ANM,WE,Towers with Radar,3,9,4,0,16,8,8,1,0,17,11,17,5,0,33,0,0,0,33
01/02/2004,PSC,WA,ANM,WE,Towers with Radar,14,40,19,0,73,3,13,1,0,17,17,53,20,0,90,44,0,44,134
01/03/2004,PSC,WA,ANM,WE,Towers with Radar,8,21,4,0,33,4,0,0,0,4,12,21,4,0,37,4,0,4,41
01/04/2004,PSC,WA,ANM,WE,Towers with Radar,6,19,9,0,34,11,0,2,0,13,17,19,11,0,47,0,0,0,47
01/05/2004,PSC,WA,ANM,WE,Towers with Radar,16,51,19,0,86,0,14,0,0,14,16,65,19,0,100,0,0,0,100
01/06/2004,PSC,WA,ANM,WE,Towers with Radar,11,31,15,0,57,4,3,11,0,18,15,34,26,0,75,0,0,0,75
01/07/2004,PSC,WA,ANM,WE,Towers with Radar,13,32,18,0,63,0,0,4,0,4,13,32,22,0,67,0,0,0,67
01/08/2004,PSC,WA,ANM,WE,Towers with Radar,14,32,19,0,65,0,0,6,0,6,14,32,25,0,71,20,0,20,91
01/09/2004,PSC,WA,ANM,WE,Towers with Radar,15,44,13,2,74,0,5,0,0,5,15,49,13,2,79,0,0,0,79
01/10/2004,PSC,WA,ANM,WE,Towers with Radar,8,24,11,1,44,2,9,4,1,16,10,33,15,2,60,0,0,0,60
01/11/2004,PSC,WA,ANM,WE,Towers with Radar,7,17,8,0,32,5,6,5,0,16,12,23,13,0,48,0,0,0,48
01/12/2004,PSC,WA,ANM,WE,Towers with Radar,15,43,15,2,75,0,10,0,0,10,15,53,15,2,85,0,0,0,85
01/13/2004,PSC,WA,ANM,WE,Towers with Radar,16,57,19,0,92,0,1,0,0,1,16,58,19,0,93,0,0,0,93
01/14/2004,PSC,WA,ANM,WE,Towers with Radar,16,53,20,2,91,0,11,0,0,11,16,64,20,2,102,0,0,0,102
01/15/2004,PSC,WA,ANM,WE,Towers with Radar,15,57,29,0,101,0,0,8,0,8,15,57,37,0,109,34,0,34,143
01/16/2004,PSC,WA,ANM,WE,Towers with Radar,13,50,25,0,88,0,9,5,0,14,13,59,30,0,102,2,0,2,104
01/17/2004,PSC,WA,ANM,WE,Towers with Radar,10,25,13,0,48,5,5,6,0,16,15,30,19,0,64,28,0,28,92
01/18/2004,PSC,WA,ANM,WE,Towers with Radar,7,18,9,0,34,7,1,4,0,12,14,19,13,0,46,0,0,0,46
01/19/2004,PSC,WA,ANM,WE,Towers with Radar,16,42,22,1,81,2,11,17,7,37,18,53,39,8,118,30,0,30,148
01/20/2004,PSC,WA,ANM,WE,Towers with Radar,15,60,30,1,106,0,1,5,1,7,15,61,35,2,113,0,0,0,113
01/21/2004,PSC,WA,ANM,WE,Towers with Radar,15,65,17,1,98,0,12,0,1,13,15,77,17,2,111,0,2,2,113
01/22/2004,PSC,WA,ANM,WE,Towers with Radar,16,56,29,0,101,0,5,9,0,14,16,61,38,0,115,8,0,8,123
01/23/2004,PSC,WA,ANM,WE,Towers with Radar,18,53,28,0,99,0,0,6,0,6,18,53,34,0,105,0,0,0,105
01/24/2004,PSC,WA,ANM,WE,Towers with Radar,15,27,21,0,63,1,0,39,0,40,16,27,60,0,103,24,0,24,127
01/25/2004,PSC,WA,ANM,WE,Towers with Radar,12,19,18,0,49,0,0,63,0,63,12,19,81,0,112,40,0,40,152
01/26/2004,PSC,WA,ANM,WE,Towers with Radar,16,56,29,0,101,0,8,34,0,42,16,64,63,0,143,26,0,26,169
01/27/2004,PSC,WA,ANM,WE,Towers with Radar,13,36,26,1,76,0,0,44,19,63,13,36,70,20,139,52,72,124,263
01/28/2004,PSC,WA,ANM,WE,Towers with Radar,16,47,26,1,90,0,0,0,7,7,16,47,26,8,97,10,52,62,159
01/29/2004,PSC,WA,ANM,WE,Towers with Radar,14,42,26,1,83,0,0,31,8,39,14,42,57,9,122,8,52,60,182
01/30/2004,PSC,WA,ANM,WE,Towers with Radar,15,41,20,1,77,1,7,5,4,17,16,48,25,5,94,2,20,22,116
01/31/2004,PSC,WA,ANM,WE,Towers with Radar,12,29,15,0,56,4,0,42,0,46,16,29,57,0,102,12,0,12,114
02/01/2004,PSC,WA,ANM,WE,Towers with Radar,9,19,19,0,47,8,0,31,0,39,17,19,50,0,86,14,0,14,100
02/02/2004,PSC,WA,ANM,WE,Towers with Radar,12,32,23,0,67,5,5,6,0,16,17,37,29,0,83,12,0,12,95
02/03/2004,PSC,WA,ANM,WE,Towers with Radar,16,43,31,0,90,2,1,15,0,18,18,44,46,0,108,38,0,38,146
02/04/2004,PSC,WA,ANM,WE,Towers with Radar,17,56,41,2,116,0,2,89,6,97,17,58,130,8,213,62,0,62,275
02/05/2004,PSC,WA,ANM,WE,Towers with Radar,13,49,37,0,99,0,0,41,0,41,13,49,78,0,140,40,0,40,180
02/06/2004,PSC,WA,ANM,WE,Towers with Radar,17,46,25,0,88,3,19,0,0,22,20,65,25,0,110,2,0,2,112
02/07/2004,PSC,WA,ANM,WE,Towers with Radar,12,22,22,0,56,0,0,28,0,28,12,22,50,0,84,38,6,44,128
02/08/2004,PSC,WA,ANM,WE,Towers with Radar,12,33,24,1,70,2,2,55,0,59,14,35,79,1,129,8,0,8,137
02/09/2004,PSC,WA,ANM,WE,Towers with Radar,16,42,30,0,88,5,12,60,0,77,21,54,90,0,165,32,0,32,197
02/10/2004,PSC,WA,ANM,WE,Towers with Radar,17,45,33,0,95,1,18,44,0,63,18,63,77,0,158,40,0,40,198
02/11/2004,PSC,WA,ANM,WE,Towers with Radar,17,50,36,0,103,0,2,9,0,11,17,52,45,0,114,14,0,14,128
02/12/2004,PSC,WA,ANM,WE,Towers with Radar,12,46,39,0,97,0,0,14,0,14,12,46,53,0,111,10,0,10,121
02/13/2004,PSC,WA,ANM,WE,Towers with Radar,20,52,38,0,110,1,18,21,0,40,21,70,59,0,150,20,0,20,170
02/14/2004,PSC,WA,ANM,WE,Towers with Radar,10,26,19,0,55,8,1,31,0,40,18,27,50,0,95,14,0,14,109
02/15/2004,PSC,WA,ANM,WE,Towers with Radar,9,22,18,0,49,8,0,42,0,50,17,22,60,0,99,96,0,96,195
02/16/2004,PSC,WA,ANM,WE,Towers with Radar,16,43,32,0,91,1,18,37,0,56,17,61,69,0,147,96,0,96,243
02/17/2004,PSC,WA,ANM,WE,Towers with Radar,20,57,43,1,121,0,19,6,1,26,20,76,49,2,147,20,0,20,167
02/18/2004,PSC,WA,ANM,WE,Towers with Radar,19,56,43,1,119,0,11,70,1,82,19,67,113,2,201,124,14,138,339
02/19/2004,PSC,WA,ANM,WE,Towers with Radar,17,69,52,0,138,0,1,108,0,109,17,70,160,0,247,128,0,128,375
02/20/2004,PSC,WA,ANM,WE,Towers with Radar,20,52,40,0,112,0,8,50,0,58,20,60,90,0,170,60,0,60,230
02/21/2004,PSC,WA,ANM,WE,Towers with Radar,12,22,22,0,56,2,0,63,0,65,14,22,85,0,121,70,0,70,191
02/22/2004,PSC,WA,ANM,WE,Towers with Radar,10,21,19,0,50,6,0,80,0,86,16,21,99,0,136,36,0,36,172
02/23/2004,PSC,WA,ANM,WE,Towers with Radar,18,60,46,1,125,0,15,36,1,52,18,75,82,2,177,134,0,134,311
02/24/2004,PSC,WA,ANM,WE,Towers with Radar,18,56,43,1,118,0,7,18,17,42,18,63,61,18,160,92,0,92,252
02/25/2004,PSC,WA,ANM,WE,Towers with Radar,17,52,39,1,109,0,20,42,3,65,17,72,81,4,174,82,6,88,262
02/26/2004,PSC,WA,ANM,WE,Towers with Radar,19,37,41,0,97,0,0,28,0,28,19,37,69,0,125,14,0,14,139
02/27/2004,PSC,WA,ANM,WE,Towers with Radar,17,41,31,0,89,0,13,59,0,72,17,54,90,0,161,98,0,98,259
02/28/2004,PSC,WA,ANM,WE,Towers with Radar,13,21,25,0,59,6,0,60,0,66,19,21,85,0,125,32,0,32,157
02/29/2004,PSC,WA,ANM,WE,Towers with Radar,15,26,59,0,100,0,0,8,0,8,15,26,67,0,108,32,0,32,140
03/01/2004,PSC,WA,ANM,WE,Towers with Radar,17,62,28,0,107,0,12,72,0,84,17,74,100,0,191,80,0,80,271
03/02/2004,PSC,WA,ANM,WE,Towers with Radar,17,67,31,0,115,0,9,94,0,103,17,76,125,0,218,126,0,126,344
03/03/2004,PSC,WA,ANM,WE,Towers with Radar,18,52,24,0,94,0,25,55,0,80,18,77,79,0,174,74,0,74,248
03/04/2004,PSC,WA,ANM,WE,Towers with Radar,19,55,25,2,101,3,10,77,2,92,22,65,102,4,193,110,0,110,303
03/05/2004,PSC,WA,ANM,WE,Towers with Radar,19,53,24,0,96,0,21,45,0,66,19,74,69,0,162,72,0,72,234
03/06/2004,PSC,WA,ANM,WE,Towers with Radar,13,21,16,0,50,6,0,28,0,34,19,21,44,0,84,24,0,24,108
03/07/2004,PSC,WA,ANM,WE,Towers with Radar,10,19,14,1,44,8,0,42,1,51,18,19,56,2,95,4,0,4,99
03/08/2004,PSC,WA,ANM,WE,Towers with Radar,18,62,29,0,109,0,13,95,0,108,18,75,124,0,217,136,0,136,353
03/09/2004,PSC,WA,ANM,WE,Towers with Radar,17,56,26,2,101,0,21,99,6,126,17,77,125,8,227,120,24,144,371
03/10/2004,PSC,WA,ANM,WE,Towers with Radar,17,56,26,2,101,0,20,139,8,167,17,76,165,10,268,204,8,212,480
03/11/2004,PSC,WA,ANM,WE,Towers with Radar,18,51,23,0,92,2,26,93,0,121,20,77,116,0,213,196,0,196,409
03/12/2004,PSC,WA,ANM,WE,Towers with Radar,17,45,22,0,84,4,0,82,0,86,21,45,104,0,170,40,0,40,210
03/13/2004,PSC,WA,ANM,WE,Towers with Radar,10,23,13,0,46,5,0,48,0,53,15,23,61,0,99,66,0,66,165
03/14/2004,PSC,WA,ANM,WE,Towers with Radar,13,21,19,2,55,7,0,49,0,56,20,21,68,2,111,34,0,34,145
03/15/2004,PSC,WA,ANM,WE,Towers with Radar,17,51,25,0,93,0,14,96,0,110,17,65,121,0,203,112,0,112,315
03/16/2004,PSC,WA,ANM,WE,Towers with Radar,19,65,31,2,117,0,10,141,12,163,19,75,172,14,280,146,48,194,474
03/17/2004,PSC,WA,ANM,WE,Towers with Radar,20,73,35,3,131,0,0,97,13,110,20,73,132,16,241,172,62,234,475
03/18/2004,PSC,WA,ANM,WE,Towers with Radar,17,44,22,2,85,1,0,37,6,44,18,44,59,8,129,60,2,62,191
03/19/2004,PSC,WA,ANM,WE,Towers with Radar,13,34,24,0,71,0,0,36,0,36,13,34,60,0,107,92,0,92,199
03/20/2004,PSC,WA,ANM,WE,Towers with Radar,10,17,13,0,40,4,0,67,0,71,14,17,80,0,111,82,0,82,193
03/21/2004,PSC,WA,ANM,WE,Towers with Radar,10,22,12,0,44,5,0,88,2,95,15,22,100,2,139,113,2,115,254
03/22/2004,PSC,WA,ANM,WE,Towers with Radar,17,49,24,0,90,0,16,61,0,77,17,65,85,0,167,48,0,48,215
03/23/2004,PSC,WA,ANM,WE,Towers with Radar,18,51,25,0,94,0,17,68,0,85,18,68,93,0,179,98,0,98,277
03/24/2004,PSC,WA,ANM,WE,Towers with Radar,18,67,32,2,119,0,2,108,6,116,18,69,140,8,235,102,12,114,349
03/25/2004,PSC,WA,ANM,WE,Towers with Radar,19,59,28,1,107,0,3,65,1,69,19,62,93,2,176,210,32,242,418
03/26/2004,PSC,WA,ANM,WE,Towers with Radar,17,45,22,0,84,0,25,50,0,75,17,70,72,0,159,66,0,66,225
03/27/2004,PSC,WA,ANM,WE,Towers with Radar,9,17,11,0,37,10,0,30,0,40,19,17,41,0,77,40,0,40,117
03/28/2004,PSC,WA,ANM,WE,Towers with Radar,11,18,14,0,43,9,0,79,0,88,20,18,93,0,131,68,0,68,199
03/29/2004,PSC,WA,ANM,WE,Towers with Radar,15,41,19,0,75,3,28,99,0,130,18,69,118,0,205,122,0,122,327
03/30/2004,PSC,WA,ANM,WE,Towers with Radar,17,60,27,1,105,0,12,86,3,101,17,72,113,4,206,84,46,130,336
03/31/2004,PSC,WA,ANM,WE,Towers with Radar,20,54,25,1,100,0,6,78,4,88,20,60,103,5,188,74,8,82,270
04/01/2004,PSC,WA,ANM,WE,Towers with Radar,19,54,28,0,101,0,16,70,0,86,19,70,98,0,187,88,0,88,275
04/02/2004,PSC,WA,ANM,WE,Towers with Radar,18,52,26,2,98,0,10,69,2,81,18,62,95,4,179,94,0,94,273
04/03/2004,PSC,WA,ANM,WE,Towers with Radar,11,18,15,0,44,3,0,33,0,36,14,18,48,0,80,40,0,40,120
04/04/2004,PSC,WA,ANM,WE,Towers with Radar,10,27,14,1,52,8,0,62,1,71,18,27,76,2,123,42,0,42,165
04/05/2004,PSC,WA,ANM,WE,Towers with Radar,17,35,23,2,77,2,0,33,0,35,19,35,56,2,112,74,16,90,202
04/06/2004,PSC,WA,ANM,WE,Towers with Radar,20,65,34,0,119,0,5,78,0,83,20,70,112,0,202,80,0,80,282
04/07/2004,PSC,WA,ANM,WE,Towers with Radar,20,63,33,0,116,0,8,53,0,61,20,71,86,0,177,88,0,88,265
04/08/2004,PSC,WA,ANM,WE,Towers with Radar,19,56,29,0,104,0,9,69,0,78,19,65,98,0,182,94,0,94,276
04/09/2004,PSC,WA,ANM,WE,Towers with Radar,19,50,26,0,95,4,10,101,0,115,23,60,127,0,210,130,0,130,340
04/10/2004,PSC,WA,ANM,WE,Towers with Radar,14,33,19,0,66,4,0,74,0,78,18,33,93,0,144,76,0,76,220
04/11/2004,PSC,WA,ANM,WE,Towers with Radar,9,17,12,0,38,10,0,65,0,75,19,17,77,0,113,54,0,54,167
04/12/2004,PSC,WA,ANM,WE,Towers with Radar,19,42,25,2,88,2,0,73,0,75,21,42,98,2,163,114,4,118,281
04/13/2004,PSC,WA,ANM,WE,Towers with Radar,21,63,33,2,119,0,2,47,0,49,21,65,80,2,168,82,0,82,250
04/14/2004,PSC,WA,ANM,WE,Towers with Radar,20,62,33,3,118,0,9,88,5,102,20,71,121,8,220,112,54,166,386
04/15/2004,PSC,WA,ANM,WE,Towers with Radar,18,46,28,2,94,0,0,18,5,23,18,46,46,7,117,24,22,46,163
04/16/2004,PSC,WA,ANM,WE,Towers with Radar,20,51,28,0,99,0,13,75,0,88,20,64,103,0,187,115,0,115,302
04/17/2004,PSC,WA,ANM,WE,Towers with Radar,15,33,20,0,68,4,0,48,0,52,19,33,68,0,120,88,0,88,208
04/18/2004,PSC,WA,ANM,WE,Towers with Radar,12,28,17,0,57,8,0,62,0,70,20,28,79,0,127,24,0,24,151
04/19/2004,PSC,WA,ANM,WE,Towers with Radar,19,50,27,1,97,0,0,74,1,75,19,50,101,2,172,60,0,60,232
04/20/2004,PSC,WA,ANM,WE,Towers with Radar,20,58,31,1,110,0,14,52,1,67,20,72,83,2,177,62,6,68,245
04/21/2004,PSC,WA,ANM,WE,Towers with Radar,19,63,34,2,118,0,4,55,2,61,19,67,89,4,179,118,12,130,309
04/22/2004,PSC,WA,ANM,WE,Towers with Radar,21,39,34,1,95,0,0,60,0,60,21,39,94,1,155,40,0,40,195
04/23/2004,PSC,WA,ANM,WE,Towers with Radar,18,46,25,1,90,0,17,44,3,64,18,63,69,4,154,70,36,106,260
04/24/2004,PSC,WA,ANM,WE,Towers with Radar,12,30,16,0,58,6,6,114,0,126,18,36,130,0,184,184,0,184,368
04/25/2004,PSC,WA,ANM,WE,Towers with Radar,12,23,16,0,51,6,0,77,0,83,18,23,93,0,134,100,0,100,234
04/26/2004,PSC,WA,ANM,WE,Towers with Radar,18,46,25,0,89,0,0,80,0,80,18,46,105,0,169,60,0,60,229
04/27/2004,PSC,WA,ANM,WE,Towers with Radar,20,50,27,1,98,0,9,52,11,72,20,59,79,12,170,66,30,96,266
04/28/2004,PSC,WA,ANM,WE,Towers with Radar,19,60,31,1,111,0,2,40,3,45,19,62,71,4,156,32,2,34,190
04/29/2004,PSC,WA,ANM,WE,Towers with Radar,18,56,29,1,104,0,5,120,1,126,18,61,149,2,230,114,0,114,344
04/30/2004,PSC,WA,ANM,WE,Towers with Radar,20,53,27,1,101,0,6,118,1,125,20,59,145,2,226,154,0,154,380
05/01/2004,PSC,WA,ANM,WE,Towers with Radar,13,33,15,1,62,5,11,123,3,142,18,44,138,4,204,166,14,180,384
05/02/2004,PSC,WA,ANM,WE,Towers with Radar,13,23,14,1,51,4,0,99,3,106,17,23,113,4,157,74,0,74,231
05/03/2004,PSC,WA,ANM,WE,Towers with Radar,16,35,18,0,69,4,0,62,0,66,20,35,80,0,135,50,0,50,185
05/04/2004,PSC,WA,ANM,WE,Towers with Radar,18,50,23,2,93,0,20,87,2,109,18,70,110,4,202,142,0,142,344
05/05/2004,PSC,WA,ANM,WE,Towers with Radar,21,56,26,0,103,0,16,39,0,55,21,72,65,0,158,86,0,86,244
05/06/2004,PSC,WA,ANM,WE,Towers with Radar,19,48,25,2,94,0,0,78,0,78,19,48,103,2,172,18,0,18,190
05/07/2004,PSC,WA,ANM,WE,Towers with Radar,20,53,24,2,99,0,15,82,3,100,20,68,106,5,199,150,20,170,369
05/08/2004,PSC,WA,ANM,WE,Towers with Radar,10,26,12,0,48,10,14,59,0,83,20,40,71,0,131,62,0,62,193
05/09/2004,PSC,WA,ANM,WE,Towers with Radar,11,26,13,1,51,9,0,69,1,79,20,26,82,2,130,46,0,46,176
05/10/2004,PSC,WA,ANM,WE,Towers with Radar,17,42,19,0,78,2,3,45,0,50,19,45,64,0,128,24,0,24,152
05/11/2004,PSC,WA,ANM,WE,Towers with Radar,18,37,23,0,78,0,0,55,0,55,18,37,78,0,133,116,0,116,249
05/12/2004,PSC,WA,ANM,WE,Towers with Radar,18,57,27,2,104,0,7,75,0,82,18,64,102,2,186,106,0,106,292
05/13/2004,PSC,WA,ANM,WE,Towers with Radar,21,60,28,0,109,0,8,100,0,108,21,68,128,0,217,144,0,144,361
05/14/2004,PSC,WA,ANM,WE,Towers with Radar,19,50,25,1,95,0,3,139,0,142,19,53,164,1,237,206,0,206,443
05/15/2004,PSC,WA,ANM,WE,Towers with Radar,10,21,11,0,42,8,13,88,0,109,18,34,99,0,151,164,0,164,315
05/16/2004,PSC,WA,ANM,WE,Towers with Radar,14,29,16,0,59,5,0,89,0,94,19,29,105,0,153,172,0,172,325
05/17/2004,PSC,WA,ANM,WE,Towers with Radar,19,42,22,0,83,0,0,59,0,59,19,42,81,0,142,64,0,64,206
05/18/2004,PSC,WA,ANM,WE,Towers with Radar,20,54,27,0,101,0,20,61,0,81,20,74,88,0,182,70,0,70,252
05/19/2004,PSC,WA,ANM,WE,Towers with Radar,17,59,29,0,105,0,11,77,0,88,17,70,106,0,193,82,0,82,275
05/20/2004,PSC,WA,ANM,WE,Towers with Radar,20,51,25,0,96,0,5,61,0,66,20,56,86,0,162,32,0,32,194
05/21/2004,PSC,WA,ANM,WE,Towers with Radar,20,56,27,0,103,0,3,94,0,97,20,59,121,0,200,90,0,90,290
05/22/2004,PSC,WA,ANM,WE,Towers with Radar,12,19,6,0,37,8,0,0,2,10,20,19,6,2,47,56,18,74,121
05/23/2004,PSC,WA,ANM,WE,Towers with Radar,12,23,14,0,49,6,0,61,2,69,18,23,75,2,118,65,14,79,197
05/24/2004,PSC,WA,ANM,WE,Towers with Radar,21,38,24,1,84,0,0,67,2,69,21,38,91,3,153,28,0,28,181
05/25/2004,PSC,WA,ANM,WE,Towers with Radar,18,57,28,1,104,0,10,97,1,108,18,67,125,2,212,130,0,130,342
05/26/2004,PSC,WA,ANM,WE,Towers with Radar,21,71,36,0,128,0,0,62,0,62,21,71,98,0,190,78,0,78,268
05/27/2004,PSC,WA,ANM,WE,Towers with Radar,21,61,30,0,112,0,10,63,0,73,21,71,93,0,185,90,0,90,275
05/28/2004,PSC,WA,ANM,WE,Towers with Radar,20,53,26,0,99,0,5,47,0,52,20,58,73,0,151,84,0,84,235
05/29/2004,PSC,WA,ANM,WE,Towers with Radar,12,28,13,0,53,3,15,68,0,86,15,43,81,0,139,54,0,54,193
05/30/2004,PSC,WA,ANM,WE,Towers with Radar,7,14,7,0,28,11,0,35,0,46,18,14,42,0,74,100,0,100,174
05/31/2004,PSC,WA,ANM,WE,Towers with Radar,19,45,21,0,85,3,14,122,0,139,22,59,143,0,224,126,0,126,350
06/01/2004,PSC,WA,ANM,WE,Towers with Radar,20,55,22,1,98,2,15,95,1,113,22,70,117,2,211,146,0,146,357
06/02/2004,PSC,WA,ANM,WE,Towers with Radar,19,70,28,0,117,0,2,105,0,107,19,72,133,0,224,118,0,118,342
06/03/2004,PSC,WA,ANM,WE,Towers with Radar,21,57,22,0,100,0,21,89,0,110,21,78,111,0,210,160,0,160,370
06/04/2004,PSC,WA,ANM,WE,Towers with Radar,17,50,20,0,87,4,8,96,0,108,21,58,116,0,195,134,0,134,329
06/05/2004,PSC,WA,ANM,WE,Towers with Radar,11,23,11,0,45,7,0,45,0,52,18,23,56,0,97,64,0,64,161
06/06/2004,PSC,WA,ANM,WE,Towers with Radar,10,19,11,1,41,7,0,40,1,48,17,19,51,2,89,4,0,4,93
06/07/2004,PSC,WA,ANM,WE,Towers with Radar,19,53,21,0,93,0,20,94,0,114,19,73,115,0,207,165,0,165,372
06/08/2004,PSC,WA,ANM,WE,Towers with Radar,22,67,29,0,118,0,0,92,0,92,22,67,121,0,210,100,0,100,310
06/09/2004,PSC,WA,ANM,WE,Towers with Radar,19,66,26,1,112,0,5,59,14,78,19,71,85,15,190,100,14,114,304
06/10/2004,PSC,WA,ANM,WE,Towers with Radar,20,61,24,1,106,0,3,71,0,74,20,64,95,1,180,70,0,70,250
06/11/2004,PSC,WA,ANM,WE,Towers with Radar,21,53,22,0,96,0,0,122,0,122,21,53,144,0,218,106,0,106,324
06/12/2004,PSC,WA,ANM,WE,Towers with Radar,14,22,15,0,51,3,0,96,0,99,17,22,111,0,150,98,0,98,248
06/13/2004,PSC,WA,ANM,WE,Towers with Radar,15,22,17,1,55,5,0,30,3,38,20,22,47,4,93,30,2,32,125
06/14/2004,PSC,WA,ANM,WE,Towers with Radar,20,50,21,0,91,0,18,61,0,79,20,68,82,0,170,76,0,76,246
06/15/2004,PSC,WA,ANM,WE,Towers with Radar,21,57,24,0,102,0,7,100,0,107,21,64,124,0,209,80,0,80,289
06/16/2004,PSC,WA,ANM,WE,Towers with Radar,18,50,21,1,90,0,23,89,0,112,18,73,110,1,202,85,0,85,287
06/17/2004,PSC,WA,ANM,WE,Towers with Radar,20,51,22,0,93,2,15,108,0,125,22,66,130,0,218,120,0,120,338
06/18/2004,PSC,WA,ANM,WE,Towers with Radar,17,51,21,0,89,0,9,64,0,73,17,60,85,0,162,70,0,70,232
06/19/2004,PSC,WA,ANM,WE,Towers with Radar,11,26,11,0,48,7,5,83,0,95,18,31,94,0,143,64,0,64,207
06/20/2004,PSC,WA,ANM,WE,Towers with Radar,10,25,11,0,46,10,0,95,0,105,20,25,106,0,151,84,0,84,235
06/21/2004,PSC,WA,ANM,WE,Towers with Radar,19,54,23,0,96,0,13,43,0,56,19,67,66,0,152,74,0,74,226
06/22/2004,PSC,WA,ANM,WE,Towers with Radar,21,57,24,0,102,0,9,67,0,76,21,66,91,0,178,106,0,106,284
06/23/2004,PSC,WA,ANM,WE,Towers with Radar,20,57,24,0,101,0,12,86,0,98,20,69,110,0,199,82,0,82,281
06/24/2004,PSC,WA,ANM,WE,Towers with Radar,21,56,26,0,103,0,0,89,2,91,21,56,115,2,194,70,0,70,264
06/25/2004,PSC,WA,ANM,WE,Towers with Radar,18,50,21,0,89,0,10,70,2,82,18,60,91,2,171,118,0,118,289
06/26/2004,PSC,WA,ANM,WE,Towers with Radar,9,23,10,0,42,9,5,72,0,86,18,28,82,0,128,96,0,96,224
06/27/2004,PSC,WA,ANM,WE,Towers with Radar,12,27,13,0,52,5,0,79,0,84,17,27,92,0,136,92,0,92,228
06/28/2004,PSC,WA,ANM,WE,Towers with Radar,20,58,23,0,101,0,10,59,0,69,20,68,82,0,170,102,0,102,272
06/29/2004,PSC,WA,ANM,WE,Towers with Radar,20,66,26,0,112,0,4,104,0,108,20,70,130,0,220,130,0,130,350
06/30/2004,PSC,WA,ANM,WE,Towers with Radar,20,63,25,0,108,0,1,88,0,89,20,64,113,0,197,102,0,102,299
07/01/2004,PSC,WA,ANM,WE,Towers with Radar,20,34,21,2,77,3,0,95,2,100,23,34,116,4,177,124,0,124,301
07/02/2004,PSC,WA,ANM,WE,Towers with Radar,18,36,18,1,73,9,0,58,1,68,27,36,76,2,141,54,2,56,197
07/03/2004,PSC,WA,ANM,WE,Towers with Radar,10,24,9,0,43,10,2,61,0,73,20,26,70,0,116,36,0,36,152
07/04/2004,PSC,WA,ANM,WE,Towers with Radar,8,20,8,0,36,11,2,73,0,86,19,22,81,0,122,18,0,18,140
07/05/2004,PSC,WA,ANM,WE,Towers with Radar,13,31,12,0,56,6,3,94,0,103,19,34,106,0,159,40,0,40,199
07/06/2004,PSC,WA,ANM,WE,Towers with Radar,18,45,19,0,82,0,0,51,0,51,18,45,70,0,133,90,0,90,223
07/07/2004,PSC,WA,ANM,WE,Towers with Radar,20,39,20,1,80,1,0,49,0,50,21,39,69,1,130,60,0,60,190
07/08/2004,PSC,WA,ANM,WE,Towers with Radar,18,60,24,2,104,0,8,103,2,113,18,68,127,4,217,140,2,142,359
07/09/2004,PSC,WA,ANM,WE,Towers with Radar,18,58,23,0,99,0,11,89,0,100,18,69,112,0,199,76,2,78,277
07/10/2004,PSC,WA,ANM,WE,Towers with Radar,13,31,12,0,56,5,1,58,0,64,18,32,70,0,120,56,0,56,176
07/11/2004,PSC,WA,ANM,WE,Towers with Radar,12,26,11,0,49,7,0,77,0,84,19,26,88,0,133,56,0,56,189
07/12/2004,PSC,WA,ANM,WE,Towers with Radar,18,45,18,0,81,4,5,68,0,77,22,50,86,0,158,42,0,42,200
07/13/2004,PSC,WA,ANM,WE,Towers with Radar,20,59,23,0,102,0,16,70,0,86,20,75,93,0,188,94,0,94,282
07/14/2004,PSC,WA,ANM,WE,Towers with Radar,19,64,26,1,110,0,11,118,1,130,19,75,144,2,240,110,2,112,352
07/15/2004,PSC,WA,ANM,WE,Towers with Radar,16,38,16,0,70,7,2,83,2,94,23,40,99,2,164,76,0,76,240
07/16/2004,PSC,WA,ANM,WE,Towers with Radar,18,44,18,0,80,3,21,98,3,125,21,65,116,3,205,84,0,84,289
07/17/2004,PSC,WA,ANM,WE,Towers with Radar,13,32,13,0,58,4,8,59,0,71,17,40,72,0,129,76,0,76,205
07/18/2004,PSC,WA,ANM,WE,Towers with Radar,11,26,12,0,49,12,0,48,2,62,23,26,60,2,111,10,0,10,121
07/19/2004,PSC,WA,ANM,WE,Towers with Radar,20,54,23,0,97,0,17,28,0,45,20,71,51,0,142,90,0,90,232
07/20/2004,PSC,WA,ANM,WE,Towers with Radar,20,60,25,1,106,0,14,87,4,105,20,74,112,5,211,96,6,102,313
07/21/2004,PSC,WA,ANM,WE,Towers with Radar,22,68,28,0,118,0,10,120,0,130,22,78,148,0,248,84,0,84,332
07/22/2004,PSC,WA,ANM,WE,Towers with Radar,19,39,18,0,76,0,0,97,13,110,19,39,115,13,186,62,8,70,256
07/23/2004,PSC,WA,ANM,WE,Towers with Radar,19,36,21,1,77,0,0,77,3,80,19,36,98,4,157,46,0,46,203
07/24/2004,PSC,WA,ANM,WE,Towers with Radar,11,23,10,0,44,5,4,61,10,80,16,27,71,10,124,74,0,74,198
07/25/2004,PSC,WA,ANM,WE,Towers with Radar,12,24,12,0,48,7,0,55,13,75,19,24,67,13,123,8,0,8,131
07/26/2004,PSC,WA,ANM,WE,Towers with Radar,20,57,23,1,101,0,16,96,2,114,20,73,119,3,215,80,0,80,295
07/27/2004,PSC,WA,ANM,WE,Towers with Radar,20,66,28,0,114,0,6,83,0,89,20,72,111,0,203,126,0,126,329
07/28/2004,PSC,WA,ANM,WE,Towers with Radar,18,51,22,0,91,0,14,98,0,112,18,65,120,0,203,134,0,134,337
07/29/2004,PSC,WA,ANM,WE,Towers with Radar,21,58,24,0,103,0,13,82,0,95,21,71,106,0,198,154,6,160,358
07/30/2004,PSC,WA,ANM,WE,Towers with Radar,18,44,19,0,81,0,1,69,1,71,18,45,88,1,152,78,0,78,230
07/31/2004,PSC,WA,ANM,WE,Towers with Radar,10,22,10,0,42,8,3,39,2,52,18,25,49,2,94,40,0,40,134
08/01/2004,PSC,WA,ANM,WE,Towers with Radar,12,26,12,0,50,8,0,33,0,41,20,26,45,0,91,6,0,6,97
08/02/2004,PSC,WA,ANM,WE,Towers with Radar,18,46,19,0,83,3,19,87,0,109,21,65,106,0,192,144,0,144,336
08/03/2004,PSC,WA,ANM,WE,Towers with Radar,19,53,22,0,94,0,16,82,0,98,19,69,104,0,192,168,0,168,360
08/04/2004,PSC,WA,ANM,WE,Towers with Radar,19,64,28,1,112,0,13,85,1,99,19,77,113,2,211,160,4,164,375
08/05/2004,PSC,WA,ANM,WE,Towers with Radar,18,45,19,1,83,0,27,55,1,83,18,72,74,2,166,98,0,98,264
08/06/2004,PSC,WA,ANM,WE,Towers with Radar,18,49,23,0,90,0,0,68,0,68,18,49,91,0,158,72,0,72,230
08/07/2004,PSC,WA,ANM,WE,Towers with Radar,13,29,13,0,55,6,0,57,0,63,19,29,70,0,118,62,0,62,180
08/08/2004,PSC,WA,ANM,WE,Towers with Radar,9,19,9,0,37,10,0,76,0,86,19,19,85,0,123,76,0,76,199
08/09/2004,PSC,WA,ANM,WE,Towers with Radar,20,59,26,0,105,0,16,114,0,130,20,75,140,0,235,98,0,98,333
08/10/2004,PSC,WA,ANM,WE,Towers with Radar,20,60,26,1,107,0,16,139,1,156,20,76,165,2,263,136,0,136,399
08/11/2004,PSC,WA,ANM,WE,Towers with Radar,20,61,27,0,108,0,3,130,0,133,20,64,157,0,241,132,0,132,373
08/12/2004,PSC,WA,ANM,WE,Towers with Radar,19,47,21,0,87,0,24,76,0,100,19,71,97,0,187,102,0,102,289
08/13/2004,PSC,WA,ANM,WE,Towers with Radar,18,44,19,0,81,0,12,98,0,110,18,56,117,0,191,128,0,128,319
08/14/2004,PSC,WA,ANM,WE,Towers with Radar,12,29,13,0,54,8,7,55,0,70,20,36,68,0,124,48,0,48,172
08/15/2004,PSC,WA,ANM,WE,Towers with Radar,10,22,10,0,42,10,14,53,0,77,20,36,63,0,119,44,0,44,163
08/16/2004,PSC,WA,ANM,WE,Towers with Radar,19,46,21,0,86,0,17,92,2,111,19,63,113,2,197,128,0,128,325
08/17/2004,PSC,WA,ANM,WE,Towers with Radar,26,69,30,0,125,0,4,102,0,106,26,73,132,0,231,142,0,142,373
08/18/2004,PSC,WA,ANM,WE,Towers with Radar,18,61,27,0,106,0,17,86,3,106,18,78,113,3,212,192,0,192,404
08/19/2004,PSC,WA,ANM,WE,Towers with Radar,19,62,27,0,108,0,1,72,5,78,19,63,99,5,186,142,40,182,368
08/20/2004,PSC,WA,ANM,WE,Towers with Radar,19,47,21,0,87,0,16,92,0,108,19,63,113,0,195,118,0,118,313
08/21/2004,PSC,WA,ANM,WE,Towers with Radar,14,26,13,0,53,3,0,76,0,79,17,26,89,0,132,114,0,114,246
08/22/2004,PSC,WA,ANM,WE,Towers with Radar,16,32,15,0,63,7,0,75,0,82,23,32,90,0,145,66,0,66,211
08/23/2004,PSC,WA,ANM,WE,Towers with Radar,18,43,18,0,79,4,2,56,0,62,22,45,74,0,141,70,0,70,211
08/24/2004,PSC,WA,ANM,WE,Towers with Radar,22,55,23,0,100,0,0,38,0,38,22,55,61,0,138,44,0,44,182
08/25/2004,PSC,WA,ANM,WE,Towers with Radar,18,32,19,0,69,0,0,11,0,11,18,32,30,0,80,2,0,2,82
08/26/2004,PSC,WA,ANM,WE,Towers with Radar,18,48,22,0,88,0,0,53,0,53,18,48,75,0,141,44,0,44,185
08/27/2004,PSC,WA,ANM,WE,Towers with Radar,16,33,16,0,65,2,0,75,0,77,18,33,91,0,142,36,0,36,178
08/28/2004,PSC,WA,ANM,WE,Towers with Radar,12,25,12,0,49,6,0,65,0,71,18,25,77,0,120,12,0,12,132
08/29/2004,PSC,WA,ANM,WE,Towers with Radar,15,25,14,0,54,5,0,73,0,78,20,25,87,0,132,58,0,58,190
08/30/2004,PSC,WA,ANM,WE,Towers with Radar,20,42,20,0,82,0,0,74,0,74,20,42,94,0,156,78,0,78,234
08/31/2004,PSC,WA,ANM,WE,Towers with Radar,22,66,28,0,116,0,10,105,0,115,22,76,133,0,231,142,0,142,373
09/01/2004,PSC,WA,ANM,WE,Towers with Radar,21,63,26,0,110,0,6,32,0,38,21,69,58,0,148,22,0,22,170
09/02/2004,PSC,WA,ANM,WE,Towers with Radar,19,46,23,1,89,2,0,47,1,50,21,46,70,2,139,28,0,28,167
09/03/2004,PSC,WA,ANM,WE,Towers with Radar,20,68,28,0,116,0,11,95,0,106,20,79,123,0,222,98,0,98,320
09/04/2004,PSC,WA,ANM,WE,Towers with Radar,13,40,17,1,71,7,15,81,2,105,20,55,98,3,176,94,4,98,274
09/05/2004,PSC,WA,ANM,WE,Towers with Radar,7,21,9,0,37,7,3,39,0,49,14,24,48,0,86,18,0,18,104
09/06/2004,PSC,WA,ANM,WE,Towers with Radar,13,35,16,0,64,5,0,110,0,115,18,35,126,0,179,88,0,88,267
09/07/2004,PSC,WA,ANM,WE,Towers with Radar,20,59,25,0,104,2,13,92,0,107,22,72,117,0,211,94,0,94,305
09/08/2004,PSC,WA,ANM,WE,Towers with Radar,19,60,25,0,104,0,17,81,0,98,19,77,106,0,202,66,0,66,268
09/09/2004,PSC,WA,ANM,WE,Towers with Radar,19,57,24,1,101,0,7,72,7,86,19,64,96,8,187,50,54,104,291
09/10/2004,PSC,WA,ANM,WE,Towers with Radar,18,54,23,1,96,1,0,85,1,87,19,54,108,2,183,68,0,68,251
09/11/2004,PSC,WA,ANM,WE,Towers with Radar,11,33,14,0,58,6,19,85,0,110,17,52,99,0,168,94,0,94,262
09/12/2004,PSC,WA,ANM,WE,Towers with Radar,11,29,13,1,54,5,0,57,1,63,16,29,70,2,117,98,10,108,225
09/13/2004,PSC,WA,ANM,WE,Towers with Radar,17,52,22,1,92,2,8,71,1,82,19,60,93,2,174,48,0,48,222
09/14/2004,PSC,WA,ANM,WE,Towers with Radar,20,61,26,0,107,0,14,80,0,94,20,75,106,0,201,68,0,68,269
09/15/2004,PSC,WA,ANM,WE,Towers with Radar,18,70,30,0,118,0,6,38,0,44,18,76,68,0,162,34,0,34,196
09/16/2004,PSC,WA,ANM,WE,Towers with Radar,18,69,30,0,117,0,5,56,0,61,18,74,86,0,178,66,0,66,244
09/17/2004,PSC,WA,ANM,WE,Towers with Radar,19,59,26,0,104,0,13,39,0,52,19,72,65,0,156,52,0,52,208
09/18/2004,PSC,WA,ANM,WE,Towers with Radar,15,38,18,0,71,3,0,35,0,38,18,38,53,0,109,28,0,28,137
09/19/2004,PSC,WA,ANM,WE,Towers with Radar,12,33,15,0,60,4,1,71,0,76,16,34,86,0,136,56,0,56,192
09/20/2004,PSC,WA,ANM,WE,Towers with Radar,18,51,22,0,91,2,8,67,0,77,20,59,89,0,168,58,0,58,226
09/21/2004,PSC,WA,ANM,WE,Towers with Radar,19,55,24,1,99,0,13,81,1,95,19,68,105,2,194,108,14,122,316
09/22/2004,PSC,WA,ANM,WE,Towers with Radar,20,73,32,1,126,0,1,103,11,115,20,74,135,12,241,80,8,88,329
09/23/2004,PSC,WA,ANM,WE,Towers with Radar,17,48,26,0,91,0,0,85,0,85,17,48,111,0,176,122,0,122,298
09/24/2004,PSC,WA,ANM,WE,Towers with Radar,20,65,29,0,114,0,13,94,0,107,20,78,123,0,221,98,0,98,319
09/25/2004,PSC,WA,ANM,WE,Towers with Radar,11,31,14,0,56,3,2,38,0,43,14,33,52,0,99,22,0,22,121
09/26/2004,PSC,WA,ANM,WE,Towers with Radar,12,33,15,0,60,8,1,70,0,79,20,34,85,0,139,40,0,40,179
09/27/2004,PSC,WA,ANM,WE,Towers with Radar,15,42,23,0,80,0,0,64,0,64,15,42,87,0,144,64,0,64,208
09/28/2004,PSC,WA,ANM,WE,Towers with Radar,18,57,25,0,100,0,0,51,2,53,18,57,76,2,153,74,0,74,227
09/29/2004,PSC,WA,ANM,WE,Towers with Radar,18,54,27,0,99,0,0,49,0,49,18,54,76,0,148,120,0,120,268
09/30/2004,PSC,WA,ANM,WE,Towers with Radar,18,54,28,0,100,0,0,39,0,39,18,54,67,0,139,40,0,40,179
10/01/2004,PSC,WA,ANM,WE,Towers with Radar,16,65,7,0,88,0,6,87,2,95,16,71,94,2,183,104,2,106,289
10/02/2004,PSC,WA,ANM,WE,Towers with Radar,15,31,3,0,49,0,19,120,0,139,15,50,123,0,188,156,0,156,344
10/03/2004,PSC,WA,ANM,WE,Towers with Radar,16,27,10,0,53,0,7,82,0,89,16,34,92,0,142,36,0,36,178
10/04/2004,PSC,WA,ANM,WE,Towers with Radar,15,46,7,2,70,2,5,71,0,78,17,51,78,2,148,78,0,78,226
10/05/2004,PSC,WA,ANM,WE,Towers with Radar,17,71,27,0,115,3,0,91,0,94,20,71,118,0,209,130,0,130,339
10/06/2004,PSC,WA,ANM,WE,Towers with Radar,20,72,23,0,115,0,5,83,0,88,20,77,106,0,203,118,0,118,321
10/07/2004,PSC,WA,ANM,WE,Towers with Radar,18,59,19,0,96,1,17,62,0,80,19,76,81,0,176,120,0,120,296
10/08/2004,PSC,WA,ANM,WE,Towers with Radar,18,58,23,0,99,0,0,54,0,54,18,58,77,0,153,74,0,74,227
10/09/2004,PSC,WA,ANM,WE,Towers with Radar,17,40,12,0,69,0,0,67,0,67,17,40,79,0,136,66,0,66,202
10/10/2004,PSC,WA,ANM,WE,Towers with Radar,17,26,20,0,63,0,0,96,0,96,17,26,116,0,159,100,0,100,259
10/11/2004,PSC,WA,ANM,WE,Towers with Radar,18,47,9,0,74,0,7,70,0,77,18,54,79,0,151,88,0,88,239
10/12/2004,PSC,WA,ANM,WE,Towers with Radar,19,70,24,0,113,0,0,95,0,95,19,70,119,0,208,146,0,146,354
10/13/2004,PSC,WA,ANM,WE,Towers with Radar,18,73,22,0,113,0,0,92,0,92,18,73,114,0,205,96,0,96,301
10/14/2004,PSC,WA,ANM,WE,Towers with Radar,17,70,33,0,120,1,6,80,0,87,18,76,113,0,207,88,0,88,295
10/15/2004,PSC,WA,ANM,WE,Towers with Radar,16,53,22,0,91,0,17,58,0,75,16,70,80,0,166,92,0,92,258
10/16/2004,PSC,WA,ANM,WE,Towers with Radar,17,27,4,0,48,0,22,60,0,82,17,49,64,0,130,132,0,132,262
10/17/2004,PSC,WA,ANM,WE,Towers with Radar,22,32,10,0,64,0,0,80,0,80,22,32,90,0,144,106,0,106,250
10/18/2004,PSC,WA,ANM,WE,Towers with Radar,16,46,20,1,83,1,4,35,0,40,17,50,55,1,123,54,0,54,177
10/19/2004,PSC,WA,ANM,WE,Towers with Radar,18,68,27,0,113,0,4,64,2,70,18,72,91,2,183,88,0,88,271
10/20/2004,PSC,WA,ANM,WE,Towers with Radar,18,66,24,0,108,0,6,61,0,67,18,72,85,0,175,48,0,48,223
10/21/2004,PSC,WA,ANM,WE,Towers with Radar,21,57,20,0,98,0,11,46,0,57,21,68,66,0,155,88,0,88,243
10/22/2004,PSC,WA,ANM,WE,Towers with Radar,15,59,18,0,92,1,7,43,0,51,16,66,61,0,143,46,0,46,189
10/23/2004,PSC,WA,ANM,WE,Towers with Radar,17,46,25,0,88,0,0,0,0,0,17,46,25,0,88,138,0,138,226
10/24/2004,PSC,WA,ANM,WE,Towers with Radar,17,33,10,0,60,0,0,35,0,35,17,33,45,0,95,66,0,66,161
10/25/2004,PSC,WA,ANM,WE,Towers with Radar,16,50,25,0,91,1,6,44,2,53,17,56,69,2,144,86,14,100,244
10/26/2004,PSC,WA,ANM,WE,Towers with Radar,18,70,13,0,101,0,11,80,0,91,18,81,93,0,192,80,0,80,272
10/27/2004,PSC,WA,ANM,WE,Towers with Radar,18,75,27,0,120,0,0,132,0,132,18,75,159,0,252,130,0,130,382
10/28/2004,PSC,WA,ANM,WE,Towers with Radar,15,59,28,0,102,0,11,42,0,53,15,70,70,0,155,108,0,108,263
10/29/2004,PSC,WA,ANM,WE,Towers with Radar,18,57,19,0,94,0,6,62,0,68,18,63,81,0,162,112,0,112,274
10/30/2004,PSC,WA,ANM,WE,Towers with Radar,17,27,12,0,56,0,17,45,0,62,17,44,57,0,118,28,0,28,146
10/31/2004,PSC,WA,ANM,WE,Towers with Radar,18,28,11,0,57,0,0,87,0,87,18,28,98,0,144,100,0,100,244
11/01/2004,PSC,WA,ANM,WE,Combined TRACON& Tower with Radar,16,50,16,0,82,0,7,40,0,47,16,57,56,0,129,20,0,20,149
11/02/2004,PSC,WA,ANM,WE,Combined TRACON& Tower with Radar,15,73,28,0,116,0,1,51,2,54,15,74,79,2,170,60,0,60,230
11/03/2004,PSC,WA,ANM,WE,Combined TRACON& Tower with Radar,22,66,31,0,119,0,0,75,0,75,22,66,106,0,194,136,0,136,330
11/04/2004,PSC,WA,ANM,WE,Combined TRACON& Tower with Radar,19,68,26,0,113,0,0,61,0,61,19,68,87,0,174,88,0,88,262
11/05/2004,PSC,WA,ANM,WE,Combined TRACON& Tower with Radar,19,43,21,2,85,0,0,40,0,40,19,43,61,2,125,80,0,80,205
11/06/2004,PSC,WA,ANM,WE,Combined TRACON& Tower with Radar,18,26,14,0,58,0,4,81,0,85,18,30,95,0,143,124,0,124,267
11/07/2004,PSC,WA,ANM,WE,Combined TRACON& Tower with Radar,15,28,9,2,54,0,4,61,0,65,15,32,70,2,119,152,0,152,271
11/08/2004,PSC,WA,ANM,WE,Combined TRACON& Tower with Radar,16,53,21,0,90,0,0,23,0,23,16,53,44,0,113,12,0,12,125
11/09/2004,PSC,WA,ANM,WE,Combined TRACON& Tower with Radar,12,63,29,0,104,0,1,0,0,1,12,64,29,0,105,0,0,0,105
11/10/2004,PSC,WA,ANM,WE,Combined TRACON& Tower with Radar,18,64,20,0,102,0,6,3,0,9,18,70,23,0,111,0,0,0,111
11/11/2004,PSC,WA,ANM,WE,Combined TRACON& Tower with Radar,17,60,25,4,106,1,5,19,0,25,18,65,44,4,131,24,10,34,165
11/12/2004,PSC,WA,ANM,WE,Combined TRACON& Tower with Radar,15,56,29,0,100,1,4,5,1,11,16,60,34,1,111,36,0,36,147
11/13/2004,PSC,WA,ANM,WE,Combined TRACON& Tower with Radar,16,29,24,0,69,0,0,35,0,35,16,29,59,0,104,24,0,24,128
11/14/2004,PSC,WA,ANM,WE,Combined TRACON& Tower with Radar,18,32,17,0,67,0,0,28,0,28,18,32,45,0,95,92,0,92,187
11/15/2004,PSC,WA,ANM,WE,Combined TRACON& Tower with Radar,16,52,9,1,78,2,3,29,1,35,18,55,38,2,113,12,0,12,125
11/16/2004,PSC,WA,ANM,WE,Combined TRACON& Tower with Radar,18,65,29,1,113,0,7,53,0,60,18,72,82,1,173,74,0,74,247
11/17/2004,PSC,WA,ANM,WE,Combined TRACON& Tower with Radar,19,69,22,0,110,0,4,61,0,65,19,73,83,0,175,108,0,108,283
11/18/2004,PSC,WA,ANM,WE,Combined TRACON& Tower with Radar,15,45,23,0,83,0,1,14,0,15,15,46,37,0,98,24,0,24,122
11/19/2004,PSC,WA,ANM,WE,Combined TRACON& Tower with Radar,16,59,19,0,94,0,8,63,0,71,16,67,82,0,165,94,0,94,259
11/20/2004,PSC,WA,ANM,WE,Combined TRACON& Tower with Radar,17,28,25,2,72,0,0,71,0,71,17,28,96,2,143,122,14,136,279
11/21/2004,PSC,WA,ANM,WE,Combined TRACON& Tower with Radar,17,26,22,0,65,0,5,72,0,77,17,31,94,0,142,64,0,64,206
11/22/2004,PSC,WA,ANM,WE,Combined TRACON& Tower with Radar,16,43,25,0,84,1,0,9,0,10,17,43,34,0,94,30,0,30,124
11/23/2004,PSC,WA,ANM,WE,Combined TRACON& Tower with Radar,16,65,22,0,103,4,3,59,0,66,20,68,81,0,169,136,0,136,305
11/24/2004,PSC,WA,ANM,WE,Combined TRACON& Tower with Radar,18,69,16,6,109,3,0,21,0,24,21,69,37,6,133,6,2,8,141
11/25/2004,PSC,WA,ANM,WE,Combined TRACON& Tower with Radar,15,27,8,0,50,0,0,13,0,13,15,27,21,0,63,10,0,10,73
11/26/2004,PSC,WA,ANM,WE,Combined TRACON& Tower with Radar,17,36,28,0,81,1,0,40,0,41,18,36,68,0,122,26,0,26,148
11/27/2004,PSC,WA,ANM,WE,Combined TRACON& Tower with Radar,16,37,11,0,64,0,11,60,0,71,16,48,71,0,135,140,0,140,275
11/28/2004,PSC,WA,ANM,WE,Combined TRACON& Tower with Radar,16,33,14,0,63,1,0,50,0,51,17,33,64,0,114,50,0,50,164
11/29/2004,PSC,WA,ANM,WE,Combined TRACON& Tower with Radar,15,43,17,2,77,0,4,38,1,43,15,47,55,3,120,28,4,32,152
11/30/2004,PSC,WA,ANM,WE,Combined TRACON& Tower with Radar,17,66,32,0,115,0,2,53,2,57,17,68,85,2,172,90,4,94,266
12/01/2004,PSC,WA,ANM,WE,Combined TRACON& Tower with Radar,13,38,13,0,64,0,0,27,0,27,13,38,40,0,91,50,0,50,141
12/02/2004,PSC,WA,ANM,WE,Combined TRACON& Tower with Radar,11,52,27,0,90,1,0,0,0,1,12,52,27,0,91,0,0,0,91
12/03/2004,PSC,WA,ANM,WE,Combined TRACON& Tower with Radar,15,42,22,0,79,0,0,0,0,0,15,42,22,0,79,0,0,0,79
12/04/2004,PSC,WA,ANM,WE,Combined TRACON& Tower with Radar,16,31,11,0,58,0,2,11,0,13,16,33,22,0,71,10,0,10,81
12/05/2004,PSC,WA,ANM,WE,Combined TRACON& Tower with Radar,15,29,21,0,65,0,0,43,0,43,15,29,64,0,108,10,0,10,118
12/06/2004,PSC,WA,ANM,WE,Combined TRACON& Tower with Radar,21,51,19,4,95,0,0,14,0,14,21,51,33,4,109,28,14,42,151
12/07/2004,PSC,WA,ANM,WE,Combined TRACON& Tower with Radar,18,22,18,0,58,0,45,19,0,64,18,67,37,0,122,2,0,2,124
12/08/2004,PSC,WA,ANM,WE,Combined TRACON& Tower with Radar,17,65,31,0,113,0,11,24,0,35,17,76,55,0,148,42,0,42,190
12/09/2004,PSC,WA,ANM,WE,Combined TRACON& Tower with Radar,16,50,18,2,86,2,15,34,2,53,18,65,52,4,139,58,0,58,197
12/10/2004,PSC,WA,ANM,WE,Combined TRACON& Tower with Radar,19,61,26,0,106,4,10,30,3,47,23,71,56,3,153,16,0,16,169
12/11/2004,PSC,WA,ANM,WE,Combined TRACON& Tower with Radar,16,34,21,0,71,0,14,107,0,121,16,48,128,0,192,136,0,136,328
12/12/2004,PSC,WA,ANM,WE,Combined TRACON& Tower with Radar,20,29,18,2,69,3,8,48,2,61,23,37,66,4,130,70,10,80,210
12/13/2004,PSC,WA,ANM,WE,Combined TRACON& Tower with Radar,18,46,13,0,77,2,0,17,0,19,20,46,30,0,96,12,0,12,108
12/14/2004,PSC,WA,ANM,WE,Combined TRACON& Tower with Radar,17,60,21,0,98,1,13,42,0,56,18,73,63,0,154,46,0,46,200
12/15/2004,PSC,WA,ANM,WE,Combined TRACON& Tower with Radar,17,71,28,0,116,3,0,44,1,48,20,71,72,1,164,32,0,32,196
12/16/2004,PSC,WA,ANM,WE,Combined TRACON& Tower with Radar,18,16,38,0,72,0,53,1,0,54,18,69,39,0,126,0,0,0,126
12/17/2004,PSC,WA,ANM,WE,Combined TRACON& Tower with Radar,21,61,52,3,137,2,0,1,3,6,23,61,53,6,143,26,8,34,177
12/18/2004,PSC,WA,ANM,WE,Combined TRACON& Tower with Radar,12,43,12,10,77,0,2,21,0,23,12,45,33,10,100,92,0,92,192
12/19/2004,PSC,WA,ANM,WE,Combined TRACON& Tower with Radar,17,33,16,0,66,0,7,20,0,27,17,40,36,0,93,62,0,62,155
12/20/2004,PSC,WA,ANM,WE,Combined TRACON& Tower with Radar,18,43,13,0,74,0,10,35,2,47,18,53,48,2,121,22,0,22,143
12/21/2004,PSC,WA,ANM,WE,Combined TRACON& Tower with Radar,16,50,24,13,103,0,8,35,13,56,16,58,59,26,159,64,40,104,263
12/22/2004,PSC,WA,ANM,WE,Combined TRACON& Tower with Radar,22,43,25,0,90,0,0,46,0,46,22,43,71,0,136,90,0,90,226
12/23/2004,PSC,WA,ANM,WE,Combined TRACON& Tower with Radar,15,39,18,2,74,0,0,29,8,37,15,39,47,10,111,64,36,100,211
12/24/2004,PSC,WA,ANM,WE,Combined TRACON& Tower with Radar,19,39,26,0,84,0,0,15,0,15,19,39,41,0,99,12,0,12,111
12/25/2004,PSC,WA,ANM,WE,Combined TRACON& Tower with Radar,16,19,0,0,35,0,0,29,0,29,16,19,29,0,64,64,0,64,128
12/26/2004,PSC,WA,ANM,WE,Combined TRACON& Tower with Radar,17,29,13,0,59,1,0,40,2,43,18,29,53,2,102,40,0,40,142
12/27/2004,PSC,WA,ANM,WE,Combined TRACON& Tower with Radar,15,43,13,0,71,0,0,31,0,31,15,43,44,0,102,16,0,16,118
12/28/2004,PSC,WA,ANM,WE,Combined TRACON& Tower with Radar,7,62,8,0,77,0,0,0,0,0,7,62,8,0,77,0,0,0,77
12/29/2004,PSC,WA,ANM,WE,Combined TRACON& Tower with Radar,18,65,17,0,100,0,3,0,0,3,18,68,17,0,103,0,0,0,103
12/30/2004,PSC,WA,ANM,WE,Combined TRACON& Tower with Radar,18,69,4,0,91,0,0,0,0,0,18,69,4,0,91,0,0,0,91
12/31/2004,PSC,WA,ANM,WE,Combined TRACON& Tower with Radar,16,53,29,0,98,0,2,0,0,2,16,55,29,0,100,22,0,22,122
01/01/2005,PSC,WA,ANM,WE,Combined TRACON& Tower with Radar,15,27,6,0,48,1,0,5,0,6,16,27,11,0,54,18,0,18,72
01/02/2005,PSC,WA,ANM,WE,Combined TRACON& Tower with Radar,15,32,11,0,58,2,0,6,0,8,17,32,17,0,66,58,0,58,124
01/03/2005,PSC,WA,ANM,WE,Combined TRACON& Tower with Radar,13,72,15,0,100,0,0,31,0,31,13,72,46,0,131,34,0,34,165
01/04/2005,PSC,WA,ANM,WE,Combined TRACON& Tower with Radar,15,64,5,0,84,0,4,53,2,59,15,68,58,2,143,106,4,110,253
01/05/2005,PSC,WA,ANM,WE,Combined TRACON& Tower with Radar,20,66,33,0,119,0,4,24,0,28,20,70,57,0,147,74,0,74,221
01/06/2005,PSC,WA,ANM,WE,Combined TRACON& Tower with Radar,16,66,12,0,94,0,1,18,0,19,16,67,30,0,113,62,0,62,175
01/07/2005,PSC,WA,ANM,WE,Combined TRACON& Tower with Radar,13,52,19,2,86,0,22,21,0,43,13,74,40,2,129,54,0,54,183
01/08/2005,PSC,WA,ANM,WE,Combined TRACON& Tower with Radar,12,37,29,0,78,0,0,2,0,2,12,37,31,0,80,10,0,10,90
01/09/2005,PSC,WA,ANM,WE,Combined TRACON& Tower with Radar,13,22,4,2,41,2,0,18,0,20,15,22,22,2,61,4,0,4,65
01/10/2005,PSC,WA,ANM,WE,Combined TRACON& Tower with Radar,16,45,21,3,85,0,0,9,3,12,16,45,30,6,97,60,0,60,157
01/11/2005,PSC,WA,ANM,WE,Combined TRACON& Tower with Radar,17,49,22,0,88,0,0,0,0,0,17,49,22,0,88,22,0,22,110
01/12/2005,PSC,WA,ANM,WE,Combined TRACON& Tower with Radar,14,62,24,9,109,0,0,11,0,11,14,62,35,9,120,16,8,24,144
01/13/2005,PSC,WA,ANM,WE,Combined TRACON& Tower with Radar,14,66,43,4,127,0,1,43,0,44,14,67,86,4,171,56,0,56,227
01/14/2005,PSC,WA,ANM,WE,Combined TRACON& Tower with Radar,18,55,28,0,101,0,6,42,0,48,18,61,70,0,149,46,0,46,195
01/15/2005,PSC,WA,ANM,WE,Combined TRACON& Tower with Radar,14,26,9,0,49,0,0,24,0,24,14,26,33,0,73,28,0,28,101
01/16/2005,PSC,WA,ANM,WE,Combined TRACON& Tower with Radar,14,26,10,0,50,0,0,8,0,8,14,26,18,0,58,8,0,8,66
01/17/2005,PSC,WA,ANM,WE,Combined TRACON& Tower with Radar,15,34,11,0,60,0,0,20,0,20,15,34,31,0,80,20,0,20,100
01/18/2005,PSC,WA,ANM,WE,Combined TRACON& Tower with Radar,17,68,32,26,143,0,4,1,0,5,17,72,33,26,148,24,24,48,196
01/19/2005,PSC,WA,ANM,WE,Combined TRACON& Tower with Radar,17,78,36,21,152,0,0,69,0,69,17,78,105,21,221,72,60,132,353
01/20/2005,PSC,WA,ANM,WE,Combined TRACON& Tower with Radar,11,48,14,0,73,0,0,24,0,24,11,48,38,0,97,70,0,70,167
01/21/2005,PSC,WA,ANM,WE,Combined TRACON& Tower with Radar,18,73,23,11,125,0,5,66,1,72,18,78,89,12,197,96,8,104,301
01/22/2005,PSC,WA,ANM,WE,Combined TRACON& Tower with Radar,16,32,24,0,72,0,3,0,0,3,16,35,24,0,75,10,0,10,85
01/23/2005,PSC,WA,ANM,WE,Combined TRACON& Tower with Radar,10,16,19,0,45,0,0,28,0,28,10,16,47,0,73,62,0,62,135
01/24/2005,PSC,WA,ANM,WE,Combined TRACON& Tower with Radar,20,45,28,0,93,0,0,2,0,2,20,45,30,0,95,0,0,0,95
01/25/2005,PSC,WA,ANM,WE,Combined TRACON& Tower with Radar,13,59,25,0,97,0,0,2,0,2,13,59,27,0,99,6,0,6,105
01/26/2005,PSC,WA,ANM,WE,Combined TRACON& Tower with Radar,17,71,24,0,112,0,0,0,0,0,17,71,24,0,112,38,0,38,150
01/27/2005,PSC,WA,ANM,WE,Combined TRACON& Tower with Radar,15,65,40,0,120,0,0,0,0,0,15,65,40,0,120,0,0,0,120
01/28/2005,PSC,WA,ANM,WE,Combined TRACON& Tower with Radar,14,66,45,0,125,0,0,39,0,39,14,66,84,0,164,126,0,126,290
01/29/2005,PSC,WA,ANM,WE,Combined TRACON& Tower with Radar,16,41,20,0,77,0,2,26,0,28,16,43,46,0,105,44,0,44,149
01/30/2005,PSC,WA,ANM,WE,Combined TRACON& Tower with Radar,13,22,11,0,46,1,0,0,0,1,14,22,11,0,47,0,0,0,47
01/31/2005,PSC,WA,ANM,WE,Combined TRACON& Tower with Radar,17,44,22,0,83,0,6,37,0,43,17,50,59,0,126,60,0,60,186
02/01/2005,PSC,WA,ANM,WE,Combined TRACON& Tower with Radar,17,70,40,0,127,0,7,67,2,76,17,77,107,2,203,112,0,112,315
02/02/2005,PSC,WA,ANM,WE,Combined TRACON& Tower with Radar,18,61,23,0,102,0,12,92,0,104,18,73,115,0,206,162,0,162,368
02/03/2005,PSC,WA,ANM,WE,Combined TRACON& Tower with Radar,18,38,12,1,69,0,0,25,1,26,18,38,37,2,95,40,8,48,143
02/04/2005,PSC,WA,ANM,WE,Combined TRACON& Tower with Radar,14,40,11,4,69,1,0,31,0,32,15,40,42,4,101,28,40,68,169
02/05/2005,PSC,WA,ANM,WE,Combined TRACON& Tower with Radar,14,28,29,0,71,0,4,57,0,61,14,32,86,0,132,128,0,128,260
02/06/2005,PSC,WA,ANM,WE,Combined TRACON& Tower with Radar,16,26,14,0,56,0,7,40,0,47,16,33,54,0,103,104,0,104,207
02/07/2005,PSC,WA,ANM,WE,Combined TRACON& Tower with Radar,13,44,13,0,70,0,4,57,0,61,13,48,70,0,131,62,0,62,193
02/08/2005,PSC,WA,ANM,WE,Combined TRACON& Tower with Radar,16,74,26,8,124,0,1,66,0,67,16,75,92,8,191,148,12,160,351
02/09/2005,PSC,WA,ANM,WE,Combined TRACON& Tower with Radar,16,77,41,7,141,0,1,67,6,74,16,78,108,13,215,172,6,178,393
02/10/2005,PSC,WA,ANM,WE,Combined TRACON& Tower with Radar,19,58,33,7,117,0,17,85,4,106,19,75,118,11,223,136,32,168,391
02/11/2005,PSC,WA,ANM,WE,Combined TRACON& Tower with Radar,13,63,28,0,104,0,0,97,0,97,13,63,125,0,201,96,0,96,297
02/12/2005,PSC,WA,ANM,WE,Combined TRACON& Tower with Radar,18,42,31,0,91,0,0,61,0,61,18,42,92,0,152,136,0,136,288
02/13/2005,PSC,WA,ANM,WE,Combined TRACON& Tower with Radar,14,22,33,0,69,1,3,67,0,71,15,25,100,0,140,102,0,102,242
02/14/2005,PSC,WA,ANM,WE,Combined TRACON& Tower with Radar,17,40,14,0,71,0,5,71,0,76,17,45,85,0,147,86,0,86,233
02/15/2005,PSC,WA,ANM,WE,Combined TRACON& Tower with Radar,17,65,15,0,97,0,6,83,0,89,17,71,98,0,186,174,0,174,360
02/16/2005,PSC,WA,ANM,WE,Combined TRACON& Tower with Radar,18,69,45,0,132,0,6,49,0,55,18,75,94,0,187,136,0,136,323
02/17/2005,PSC,WA,ANM,WE,Combined TRACON& Tower with Radar,19,68,27,0,114,0,6,65,0,71,19,74,92,0,185,116,0,116,301
02/18/2005,PSC,WA,ANM,WE,Combined TRACON& Tower with Radar,15,71,7,0,93,0,6,93,0,99,15,77,100,0,192,74,0,74,266
02/19/2005,PSC,WA,ANM,WE,Combined TRACON& Tower with Radar,14,27,11,2,54,1,19,75,0,95,15,46,86,2,149,78,6,84,233
02/20/2005,PSC,WA,ANM,WE,Combined TRACON& Tower with Radar,15,23,19,0,57,0,0,44,0,44,15,23,63,0,101,64,0,64,165
02/21/2005,PSC,WA,ANM,WE,Combined TRACON& Tower with Radar,12,39,9,0,60,0,0,63,1,64,12,39,72,1,124,110,0,110,234
02/22/2005,PSC,WA,ANM,WE,Combined TRACON& Tower with Radar,12,66,39,0,117,5,0,70,0,75,17,66,109,0,192,106,0,106,298
02/23/2005,PSC,WA,ANM,WE,Combined TRACON& Tower with Radar,15,73,28,4,120,0,2,86,0,88,15,75,114,4,208,178,4,182,390
02/24/2005,PSC,WA,ANM,WE,Combined TRACON& Tower with Radar,15,53,28,2,98,0,11,64,0,75,15,64,92,2,173,82,0,82,255
02/25/2005,PSC,WA,ANM,WE,Combined TRACON& Tower with Radar,16,47,31,0,94,0,0,0,0,0,16,47,31,0,94,58,0,58,152
02/26/2005,PSC,WA,ANM,WE,Combined TRACON& Tower with Radar,12,24,12,2,50,0,0,86,0,86,12,24,98,2,136,135,4,139,275
02/27/2005,PSC,WA,ANM,WE,Combined TRACON& Tower with Radar,14,28,13,2,57,0,0,61,0,61,14,28,74,2,118,72,0,72,190
02/28/2005,PSC,WA,ANM,WE,Combined TRACON& Tower with Radar,14,44,15,0,73,0,1,44,0,45,14,45,59,0,118,68,0,68,186
03/01/2005,PSC,WA,ANM,WE,Combined TRACON& Tower with Radar,15,44,41,2,102,0,6,73,4,83,15,50,114,6,185,124,0,124,309
03/02/2005,PSC,WA,ANM,WE,Combined TRACON& Tower with Radar,17,50,6,0,73,0,0,78,0,78,17,50,84,0,151,106,0,106,257
03/03/2005,PSC,WA,ANM,WE,Combined TRACON& Tower with Radar,13,40,31,0,84,0,14,67,0,81,13,54,98,0,165,62,0,62,227
03/04/2005,PSC,WA,ANM,WE,Combined TRACON& Tower with Radar,16,54,21,1,92,0,12,40,3,55,16,66,61,4,147,60,0,60,207
03/05/2005,PSC,WA,ANM,WE,Combined TRACON& Tower with Radar,18,25,15,0,58,0,0,77,0,77,18,25,92,0,135,44,0,44,179
03/06/2005,PSC,WA,ANM,WE,Combined TRACON& Tower with Radar,12,24,26,1,63,0,5,107,1,113,12,29,133,2,176,122,8,130,306
03/07/2005,PSC,WA,ANM,WE,Combined TRACON& Tower with Radar,15,41,12,0,68,0,15,68,0,83,15,56,80,0,151,98,0,98,249
03/08/2005,PSC,WA,ANM,WE,Combined TRACON& Tower with Radar,17,46,21,14,98,0,0,60,3,63,17,46,81,17,161,124,26,150,311
03/09/2005,PSC,WA,ANM,WE,Combined TRACON& Tower with Radar,11,51,14,0,76,0,6,68,0,74,11,57,82,0,150,54,0,54,204
03/10/2005,PSC,WA,ANM,WE,Combined TRACON& Tower with Radar,20,37,18,6,81,0,12,56,6,74,20,49,74,12,155,104,2,106,261
03/11/2005,PSC,WA,ANM,WE,Combined TRACON& Tower with Radar,18,48,30,0,96,0,4,46,0,50,18,52,76,0,146,48,0,48,194
03/12/2005,PSC,WA,ANM,WE,Combined TRACON& Tower with Radar,15,28,9,4,56,0,20,63,0,83,15,48,72,4,139,88,28,116,255
03/13/2005,PSC,WA,ANM,WE,Combined TRACON& Tower with Radar,12,21,15,0,48,0,3,77,6,86,12,24,92,6,134,129,0,129,263
03/14/2005,PSC,WA,ANM,WE,Combined TRACON& Tower with Radar,16,43,8,2,69,1,4,67,0,72,17,47,75,2,141,102,0,102,243
03/15/2005,PSC,WA,ANM,WE,Combined TRACON& Tower with Radar,14,73,20,0,107,0,0,60,0,60,14,73,80,0,167,132,0,132,299
03/16/2005,PSC,WA,ANM,WE,Combined TRACON& Tower with Radar,15,74,17,0,106,0,0,23,0,23,15,74,40,0,129,64,2,66,195
03/17/2005,PSC,WA,ANM,WE,Combined TRACON& Tower with Radar,15,45,14,0,74,0,4,47,0,51,15,49,61,0,125,70,0,70,195
03/18/2005,PSC,WA,ANM,WE,Combined TRACON& Tower with Radar,19,41,6,2,68,0,0,0,0,0,19,41,6,2,68,640,0,640,708
03/19/2005,PSC,WA,ANM,WE,Combined TRACON& Tower with Radar,13,23,18,10,64,0,0,36,0,36,13,23,54,10,100,28,0,28,128
03/20/2005,PSC,WA,ANM,WE,Combined TRACON& Tower with Radar,13,25,23,2,63,0,0,36,0,36,13,25,59,2,99,36,0,36,135
03/21/2005,PSC,WA,ANM,WE,Combined TRACON& Tower with Radar,18,44,8,3,73,0,5,30,7,42,18,49,38,10,115,134,24,158,273
03/22/2005,PSC,WA,ANM,WE,Combined TRACON& Tower with Radar,14,69,25,0,108,2,4,51,0,57,16,73,76,0,165,68,0,68,233
03/23/2005,PSC,WA,ANM,WE,Combined TRACON& Tower with Radar,15,73,27,0,115,0,4,63,0,67,15,77,90,0,182,76,0,76,258
03/24/2005,PSC,WA,ANM,WE,Combined TRACON& Tower with Radar,15,65,30,0,110,1,7,60,0,68,16,72,90,0,178,84,0,84,262
03/25/2005,PSC,WA,ANM,WE,Combined TRACON& Tower with Radar,14,64,8,0,86,0,12,75,0,87,14,76,83,0,173,78,0,78,251
03/26/2005,PSC,WA,ANM,WE,Combined TRACON& Tower with Radar,17,41,19,7,84,0,9,26,1,36,17,50,45,8,120,82,40,122,242
03/27/2005,PSC,WA,ANM,WE,Combined TRACON& Tower with Radar,12,25,16,0,53,3,0,31,0,34,15,25,47,0,87,22,0,22,109
03/28/2005,PSC,WA,ANM,WE,Combined TRACON& Tower with Radar,14,65,23,8,110,0,3,15,0,18,14,68,38,8,128,20,0,20,148
03/29/2005,PSC,WA,ANM,WE,Combined TRACON& Tower with Radar,15,68,30,0,113,0,5,21,0,26,15,73,51,0,139,10,0,10,149
03/30/2005,PSC,WA,ANM,WE,Combined TRACON& Tower with Radar,15,75,13,2,105,0,10,65,0,75,15,85,78,2,180,92,0,92,272
03/31/2005,PSC,WA,ANM,WE,Combined TRACON& Tower with Radar,13,55,29,2,99,0,6,50,2,58,13,61,79,4,157,64,22,86,243
04/01/2005,PSC,WA,ANM,WE,Combined TRACON& Tower with Radar,15,63,18,0,96,0,1,27,0,28,15,64,45,0,124,44,0,44,168
04/02/2005,PSC,WA,ANM,WE,Combined TRACON& Tower with Radar,14,26,13,0,53,1,3,77,2,83,15,29,90,2,136,64,2,66,202
04/03/2005,PSC,WA,ANM,WE,Combined TRACON& Tower with Radar,16,26,14,0,56,0,0,32,0,32,16,26,46,0,88,56,0,56,144
04/04/2005,PSC,WA,ANM,WE,Combined TRACON& Tower with Radar,15,68,18,0,101,0,6,19,0,25,15,74,37,0,126,104,0,104,230
04/05/2005,PSC,WA,ANM,WE,Combined TRACON& Tower with Radar,16,66,28,2,112,0,1,84,0,85,16,67,112,2,197,130,22,152,349
04/06/2005,PSC,WA,ANM,WE,Combined TRACON& Tower with Radar,16,70,22,0,108,0,3,83,0,86,16,73,105,0,194,244,0,244,438
04/07/2005,PSC,WA,ANM,WE,Combined TRACON& Tower with Radar,20,60,14,2,96,0,0,41,0,41,20,60,55,2,137,58,28,86,223
04/08/2005,PSC,WA,ANM,WE,Combined TRACON& Tower with Radar,16,40,14,4,74,0,11,77,0,88,16,51,91,4,162,128,4,132,294
04/09/2005,PSC,WA,ANM,WE,Combined TRACON& Tower with Radar,16,24,19,2,61,0,0,41,0,41,16,24,60,2,102,132,16,148,250
04/10/2005,PSC,WA,ANM,WE,Combined TRACON& Tower with Radar,18,22,18,0,58,0,0,71,0,71,18,22,89,0,129,92,0,92,221
04/11/2005,PSC,WA,ANM,WE,Combined TRACON& Tower with Radar,17,68,28,2,115,0,4,42,0,46,17,72,70,2,161,76,46,122,283
04/12/2005,PSC,WA,ANM,WE,Combined TRACON& Tower with Radar,18,69,22,3,112,0,2,38,1,41,18,71,60,4,153,74,24,98,251
04/13/2005,PSC,WA,ANM,WE,Combined TRACON& Tower with Radar,17,66,40,2,125,0,4,70,0,74,17,70,110,2,199,208,14,222,421
04/14/2005,PSC,WA,ANM,WE,Combined TRACON& Tower with Radar,21,59,30,2,112,3,0,52,0,55,24,59,82,2,167,64,0,64,231
04/15/2005,PSC,WA,ANM,WE,Combined TRACON& Tower with Radar,17,54,38,5,114,0,0,52,0,52,17,54,90,5,166,114,6,120,286
04/16/2005,PSC,WA,ANM,WE,Combined TRACON& Tower with Radar,17,22,16,6,61,0,1,31,0,32,17,23,47,6,93,68,0,68,161
04/17/2005,PSC,WA,ANM,WE,Combined TRACON& Tower with Radar,17,22,15,0,54,5,0,16,0,21,22,22,31,0,75,76,0,76,151
04/18/2005,PSC,WA,ANM,WE,Combined TRACON& Tower with Radar,19,66,18,1,104,0,5,54,0,59,19,71,72,1,163,160,0,160,323
04/19/2005,PSC,WA,ANM,WE,Combined TRACON& Tower with Radar,18,64,28,2,112,0,14,69,0,83,18,78,97,2,195,138,12,150,345
04/20/2005,PSC,WA,ANM,WE,Combined TRACON& Tower with Radar,18,63,21,2,104,0,7,78,0,85,18,70,99,2,189,138,8,146,335
04/21/2005,PSC,WA,ANM,WE,Combined TRACON& Tower with Radar,20,40,25,0,85,0,6,47,0,53,20,46,72,0,138,110,0,110,248
04/22/2005,PSC,WA,ANM,WE,Combined TRACON& Tower with Radar,14,40,15,0,69,7,12,56,0,75,21,52,71,0,144,140,0,140,284
04/23/2005,PSC,WA,ANM,WE,Combined TRACON& Tower with Radar,15,26,12,0,53,7,0,44,0,51,22,26,56,0,104,48,0,48,152
04/24/2005,PSC,WA,ANM,WE,Combined TRACON& Tower with Radar,18,20,12,0,50,0,0,58,44,102,18,20,70,44,152,0,0,0,152
04/25/2005,PSC,WA,ANM,WE,Combined TRACON& Tower with Radar,18,61,26,11,116,0,4,42,0,46,18,65,68,11,162,86,26,112,274
04/26/2005,PSC,WA,ANM,WE,Combined TRACON& Tower with Radar,16,62,37,0,115,0,10,74,2,86,16,72,111,2,201,134,0,134,335
04/27/2005,PSC,WA,ANM,WE,Combined TRACON& Tower with Radar,15,68,9,0,92,0,0,41,0,41,15,68,50,0,133,8,0,8,141
04/28/2005,PSC,WA,ANM,WE,Combined TRACON& Tower with Radar,18,53,35,0,106,0,0,44,0,44,18,53,79,0,150,78,0,78,228
04/29/2005,PSC,WA,ANM,WE,Combined TRACON& Tower with Radar,19,55,23,0,97,0,24,77,0,101,19,79,100,0,198,104,0,104,302
04/30/2005,PSC,WA,ANM,WE,Combined TRACON& Tower with Radar,18,24,12,4,58,0,0,57,4,61,18,24,69,8,119,114,30,144,263
05/01/2005,PSC,WA,ANM,WE,Combined TRACON& Tower with Radar,19,24,18,0,61,2,0,87,0,89,21,24,105,0,150,90,0,90,240
05/02/2005,PSC,WA,ANM,WE,Combined TRACON& Tower with Radar,18,71,20,5,114,0,2,58,0,60,18,73,78,5,174,140,36,176,350
05/03/2005,PSC,WA,ANM,WE,Combined TRACON& Tower with Radar,18,60,31,2,111,0,11,74,3,88,18,71,105,5,199,128,26,154,353
05/04/2005,PSC,WA,ANM,WE,Combined TRACON& Tower with Radar,19,64,30,6,119,0,3,52,0,55,19,67,82,6,174,110,8,118,292
05/05/2005,PSC,WA,ANM,WE,Combined TRACON& Tower with Radar,22,41,24,1,88,0,3,65,0,68,22,44,89,1,156,340,0,340,496
05/06/2005,PSC,WA,ANM,WE,Combined TRACON& Tower with Radar,18,61,40,0,119,0,6,66,0,72,18,67,106,0,191,90,0,90,281
05/07/2005,PSC,WA,ANM,WE,Combined TRACON& Tower with Radar,18,24,18,0,60,0,0,65,0,65,18,24,83,0,125,90,0,90,215
05/08/2005,PSC,WA,ANM,WE,Combined TRACON& Tower with Radar,20,30,10,0,60,0,0,42,2,44,20,30,52,2,104,68,2,70,174
05/09/2005,PSC,WA,ANM,WE,Combined TRACON& Tower with Radar,25,65,30,0,120,0,4,27,0,31,25,69,57,0,151,34,0,34,185
05/10/2005,PSC,WA,ANM,WE,Combined TRACON& Tower with Radar,19,65,42,0,126,0,3,22,0,25,19,68,64,0,151,116,0,116,267
05/11/2005,PSC,WA,ANM,WE,Combined TRACON& Tower with Radar,17,55,23,0,95,0,13,79,0,92,17,68,102,0,187,86,0,86,273
05/12/2005,PSC,WA,ANM,WE,Combined TRACON& Tower with Radar,21,75,23,0,119,0,3,76,0,79,21,78,99,0,198,78,0,78,276
05/13/2005,PSC,WA,ANM,WE,Combined TRACON& Tower with Radar,16,37,25,0,78,3,0,35,0,38,19,37,60,0,116,86,0,86,202
05/14/2005,PSC,WA,ANM,WE,Combined TRACON& Tower with Radar,16,23,18,9,66,4,0,57,1,62,20,23,75,10,128,46,0,46,174
05/15/2005,PSC,WA,ANM,WE,Combined TRACON& Tower with Radar,16,17,9,5,47,0,3,37,5,45,16,20,46,10,92,56,10,66,158
05/16/2005,PSC,WA,ANM,WE,Combined TRACON& Tower with Radar,17,66,18,0,101,0,6,55,1,62,17,72,73,1,163,144,0,144,307
05/17/2005,PSC,WA,ANM,WE,Combined TRACON& Tower with Radar,29,59,34,0,122,0,11,50,0,61,29,70,84,0,183,104,0,104,287
05/18/2005,PSC,WA,ANM,WE,Combined TRACON& Tower with Radar,19,79,16,0,114,0,0,45,0,45,19,79,61,0,159,100,0,100,259
05/19/2005,PSC,WA,ANM,WE,Combined TRACON& Tower with Radar,20,63,12,0,95,6,7,90,0,103,26,70,102,0,198,90,0,90,288
05/20/2005,PSC,WA,ANM,WE,Combined TRACON& Tower with Radar,41,47,28,14,130,0,12,98,0,110,41,59,126,14,240,162,0,162,402
05/21/2005,PSC,WA,ANM,WE,Combined TRACON& Tower with Radar,17,22,23,14,76,2,3,152,0,157,19,25,175,14,233,182,0,182,415
05/22/2005,PSC,WA,ANM,WE,Combined TRACON& Tower with Radar,18,20,13,5,56,3,4,56,0,63,21,24,69,5,119,122,2,124,243
05/23/2005,PSC,WA,ANM,WE,Combined TRACON& Tower with Radar,21,72,27,19,139,0,2,79,3,84,21,74,106,22,223,118,16,134,357
05/24/2005,PSC,WA,ANM,WE,Combined TRACON& Tower with Radar,16,65,48,14,143,0,9,62,0,71,16,74,110,14,214,190,12,202,416
05/25/2005,PSC,WA,ANM,WE,Combined TRACON& Tower with Radar,15,67,19,0,101,3,0,57,0,60,18,67,76,0,161,80,0,80,241
05/26/2005,PSC,WA,ANM,WE,Combined TRACON& Tower with Radar,21,72,24,0,117,2,14,74,0,90,23,86,98,0,207,106,0,106,313
05/27/2005,PSC,WA,ANM,WE,Combined TRACON& Tower with Radar,21,62,41,0,124,0,7,84,0,91,21,69,125,0,215,186,0,186,401
05/28/2005,PSC,WA,ANM,WE,Combined TRACON& Tower with Radar,21,27,19,0,67,0,0,60,0,60,21,27,79,0,127,72,0,72,199
05/29/2005,PSC,WA,ANM,WE,Combined TRACON& Tower with Radar,15,17,18,0,50,0,0,29,0,29,15,17,47,0,79,46,0,46,125
05/30/2005,PSC,WA,ANM,WE,Combined TRACON& Tower with Radar,19,56,19,0,94,0,0,102,0,102,19,56,121,0,196,144,0,144,340
05/31/2005,PSC,WA,ANM,WE,Combined TRACON& Tower with Radar,20,68,23,14,125,0,0,42,10,52,20,68,65,24,177,66,86,152,329
06/01/2005,PSC,WA,ANM,WE,Combined TRACON& Tower with Radar,23,65,32,18,138,2,6,51,18,77,25,71,83,36,215,76,46,122,337
06/02/2005,PSC,WA,ANM,WE,Combined TRACON& Tower with Radar,19,68,25,17,129,6,14,64,0,84,25,82,89,17,213,40,22,62,275
06/03/2005,PSC,WA,ANM,WE,Combined TRACON& Tower with Radar,19,61,31,2,113,1,17,62,0,80,20,78,93,2,193,166,0,166,359
06/04/2005,PSC,WA,ANM,WE,Combined TRACON& Tower with Radar,17,28,31,22,98,0,0,83,0,83,17,28,114,22,181,144,24,168,349
06/05/2005,PSC,WA,ANM,WE,Combined TRACON& Tower with Radar,20,16,15,12,63,0,3,33,4,40,20,19,48,16,103,68,22,90,193
06/06/2005,PSC,WA,ANM,WE,Combined TRACON& Tower with Radar,19,66,27,5,117,0,9,53,16,78,19,75,80,21,195,152,16,168,363
06/07/2005,PSC,WA,ANM,WE,Combined TRACON& Tower with Radar,21,70,36,6,133,0,4,66,14,84,21,74,102,20,217,88,76,164,381
06/08/2005,PSC,WA,ANM,WE,Combined TRACON& Tower with Radar,21,69,27,0,117,0,13,85,0,98,21,82,112,0,215,158,0,158,373
06/09/2005,PSC,WA,ANM,WE,Combined TRACON& Tower with Radar,19,53,39,0,111,0,13,82,0,95,19,66,121,0,206,82,0,82,288
06/10/2005,PSC,WA,ANM,WE,Combined TRACON& Tower with Radar,17,54,28,4,103,0,19,87,0,106,17,73,115,4,209,132,2,134,343
06/11/2005,PSC,WA,ANM,WE,Combined TRACON& Tower with Radar,16,22,14,8,60,1,2,22,1,26,17,24,36,9,86,60,62,122,208
06/12/2005,PSC,WA,ANM,WE,Combined TRACON& Tower with Radar,20,19,22,0,61,0,13,66,4,83,20,32,88,4,144,104,6,110,254
06/13/2005,PSC,WA,ANM,WE,Combined TRACON& Tower with Radar,19,38,16,2,75,1,34,72,0,107,20,72,88,2,182,118,4,122,304
06/14/2005,PSC,WA,ANM,WE,Combined TRACON& Tower with Radar,17,61,21,2,101,0,11,77,2,90,17,72,98,4,191,152,0,152,343
06/15/2005,PSC,WA,ANM,WE,Combined TRACON& Tower with Radar,15,52,27,2,96,0,3,62,1,66,15,55,89,3,162,104,6,110,272
06/16/2005,PSC,WA,ANM,WE,Combined TRACON& Tower with Radar,20,70,25,0,115,0,5,66,0,71,20,75,91,0,186,66,0,66,252
06/17/2005,PSC,WA,ANM,WE,Combined TRACON& Tower with Radar,16,42,31,0,89,4,6,52,0,62,20,48,83,0,151,108,0,108,259
06/18/2005,PSC,WA,ANM,WE,Combined TRACON& Tower with Radar,16,23,32,8,79,0,1,82,6,89,16,24,114,14,168,114,8,122,290
06/19/2005,PSC,WA,ANM,WE,Combined TRACON& Tower with Radar,17,21,18,2,58,4,0,68,5,77,21,21,86,7,135,26,8,34,169
06/20/2005,PSC,WA,ANM,WE,Combined TRACON& Tower with Radar,19,66,38,0,123,0,3,42,0,45,19,69,80,0,168,64,0,64,232
06/21/2005,PSC,WA,ANM,WE,Combined TRACON& Tower with Radar,18,66,20,0,104,0,13,90,2,105,18,79,110,2,209,132,0,132,341
06/22/2005,PSC,WA,ANM,WE,Combined TRACON& Tower with Radar,16,65,16,15,112,2,7,63,1,73,18,72,79,16,185,117,76,193,378
06/23/2005,PSC,WA,ANM,WE,Combined TRACON& Tower with Radar,18,37,24,0,79,1,3,77,0,81,19,40,101,0,160,72,2,74,234
06/24/2005,PSC,WA,ANM,WE,Combined TRACON& Tower with Radar,17,42,31,0,90,0,5,82,2,89,17,47,113,2,179,64,0,64,243
06/25/2005,PSC,WA,ANM,WE,Combined TRACON& Tower with Radar,18,26,12,0,56,0,0,78,0,78,18,26,90,0,134,86,0,86,220
06/26/2005,PSC,WA,ANM,WE,Combined TRACON& Tower with Radar,18,24,31,0,73,0,0,71,2,73,18,24,102,2,146,136,2,138,284
06/27/2005,PSC,WA,ANM,WE,Combined TRACON& Tower with Radar,18,68,34,0,120,0,1,51,2,54,18,69,85,2,174,102,0,102,276
06/28/2005,PSC,WA,ANM,WE,Combined TRACON& Tower with Radar,18,70,23,4,115,1,13,101,15,130,19,83,124,19,245,194,94,288,533
06/29/2005,PSC,WA,ANM,WE,Combined TRACON& Tower with Radar,16,54,25,0,95,0,16,97,0,113,16,70,122,0,208,184,0,184,392
06/30/2005,PSC,WA,ANM,WE,Combined TRACON& Tower with Radar,19,63,18,2,102,3,7,96,2,108,22,70,114,4,210,112,10,122,332
07/01/2005,PSC,WA,ANM,WE,Combined TRACON& Tower with Radar,19,58,38,2,117,3,0,105,4,112,22,58,143,6,229,150,2,152,381
07/02/2005,PSC,WA,ANM,WE,Combined TRACON& Tower with Radar,15,22,11,0,48,4,0,57,0,61,19,22,68,0,109,56,0,56,165
07/03/2005,PSC,WA,ANM,WE,Combined TRACON& Tower with Radar,16,15,16,0,47,4,14,47,0,65,20,29,63,0,112,54,0,54,166
07/04/2005,PSC,WA,ANM,WE,Combined TRACON& Tower with Radar,16,37,4,0,57,1,1,78,0,80,17,38,82,0,137,124,0,124,261
07/05/2005,PSC,WA,ANM,WE,Combined TRACON& Tower with Radar,18,62,14,10,104,0,6,104,0,110,18,68,118,10,214,156,58,214,428
07/06/2005,PSC,WA,ANM,WE,Combined TRACON& Tower with Radar,18,63,27,2,110,0,11,59,0,70,18,74,86,2,180,94,0,94,274
07/07/2005,PSC,WA,ANM,WE,Combined TRACON& Tower with Radar,20,45,18,6,89,4,30,92,0,126,24,75,110,6,215,136,32,168,383
07/08/2005,PSC,WA,ANM,WE,Combined TRACON& Tower with Radar,15,56,61,2,134,3,14,57,0,74,18,70,118,2,208,120,0,120,328
07/09/2005,PSC,WA,ANM,WE,Combined TRACON& Tower with Radar,15,25,36,2,78,1,0,53,0,54,16,25,89,2,132,90,30,120,252
07/10/2005,PSC,WA,ANM,WE,Combined TRACON& Tower with Radar,22,22,10,2,56,0,0,29,0,29,22,22,39,2,85,70,0,70,155
07/11/2005,PSC,WA,ANM,WE,Combined TRACON& Tower with Radar,21,63,22,0,106,0,4,60,0,64,21,67,82,0,170,118,0,118,288
07/12/2005,PSC,WA,ANM,WE,Combined TRACON& Tower with Radar,18,60,41,6,125,0,14,83,4,101,18,74,124,10,226,132,0,132,358
07/13/2005,PSC,WA,ANM,WE,Combined TRACON& Tower with Radar,21,51,27,5,104,0,19,62,2,83,21,70,89,7,187,60,8,68,255
07/14/2005,PSC,WA,ANM,WE,Combined TRACON& Tower with Radar,18,58,30,1,107,0,12,69,0,81,18,70,99,1,188,74,6,80,268
07/15/2005,PSC,WA,ANM,WE,Combined TRACON& Tower with Radar,20,37,24,2,83,0,9,84,0,93,20,46,108,2,176,74,14,88,264
07/16/2005,PSC,WA,ANM,WE,Combined TRACON& Tower with Radar,18,26,21,0,65,0,0,56,0,56,18,26,77,0,121,104,0,104,225
07/17/2005,PSC,WA,ANM,WE,Combined TRACON& Tower with Radar,17,24,13,0,54,0,0,81,0,81,17,24,94,0,135,104,0,104,239
07/18/2005,PSC,WA,ANM,WE,Combined TRACON& Tower with Radar,18,66,41,0,125,0,11,88,0,99,18,77,129,0,224,116,0,116,340
07/19/2005,PSC,WA,ANM,WE,Combined TRACON& Tower with Radar,20,62,19,9,110,0,9,89,15,113,20,71,108,24,223,146,54,200,423
07/20/2005,PSC,WA,ANM,WE,Combined TRACON& Tower with Radar,17,62,19,0,98,0,7,69,0,76,17,69,88,0,174,118,0,118,292
07/21/2005,PSC,WA,ANM,WE,Combined TRACON& Tower with Radar,19,50,18,0,87,0,0,75,0,75,19,50,93,0,162,46,0,46,208
07/22/2005,PSC,WA,ANM,WE,Combined TRACON& Tower with Radar,13,74,30,0,117,0,6,92,0,98,13,80,122,0,215,120,0,120,335
07/23/2005,PSC,WA,ANM,WE,Combined TRACON& Tower with Radar,13,29,23,0,65,0,0,83,0,83,13,29,106,0,148,108,0,108,256
07/24/2005,PSC,WA,ANM,WE,Combined TRACON& Tower with Radar,21,21,0,0,42,0,4,0,0,4,21,25,0,0,46,110,60,170,216
07/25/2005,PSC,WA,ANM,WE,Combined TRACON& Tower with Radar,18,66,40,0,124,0,3,91,0,94,18,69,131,0,218,118,0,118,336
07/26/2005,PSC,WA,ANM,WE,Combined TRACON& Tower with Radar,19,61,22,0,102,0,8,103,0,111,19,69,125,0,213,146,0,146,359
07/27/2005,PSC,WA,ANM,WE,Combined TRACON& Tower with Radar,16,68,42,0,126,4,2,83,0,89,20,70,125,0,215,144,0,144,359
07/28/2005,PSC,WA,ANM,WE,Combined TRACON& Tower with Radar,20,67,12,1,100,3,8,95,6,112,23,75,107,7,212,94,0,94,306
07/29/2005,PSC,WA,ANM,WE,Combined TRACON& Tower with Radar,17,55,7,0,79,3,5,88,2,98,20,60,95,2,177,78,2,80,257
07/30/2005,PSC,WA,ANM,WE,Combined TRACON& Tower with Radar,18,26,19,2,65,0,2,4,17,23,18,28,23,19,88,8,4,12,100
07/31/2005,PSC,WA,ANM,WE,Combined TRACON& Tower with Radar,18,20,10,3,51,0,4,68,8,80,18,24,78,11,131,18,0,18,149
08/01/2005,PSC,WA,ANM,WE,Combined TRACON& Tower with Radar,17,60,16,2,95,1,17,91,0,109,18,77,107,2,204,98,0,98,302
08/02/2005,PSC,WA,ANM,WE,Combined TRACON& Tower with Radar,19,65,18,2,104,0,9,114,0,123,19,74,132,2,227,112,0,112,339
08/03/2005,PSC,WA,ANM,WE,Combined TRACON& Tower with Radar,17,59,19,0,95,0,12,0,0,12,17,71,19,0,107,112,0,112,219
08/04/2005,PSC,WA,ANM,WE,Combined TRACON& Tower with Radar,18,64,24,0,106,1,0,92,0,93,19,64,116,0,199,122,0,122,321
08/05/2005,PSC,WA,ANM,WE,Combined TRACON& Tower with Radar,18,54,9,2,83,0,9,96,0,105,18,63,105,2,188,132,0,132,320
08/06/2005,PSC,WA,ANM,WE,Combined TRACON& Tower with Radar,17,20,9,0,46,0,0,58,0,58,17,20,67,0,104,46,0,46,150
08/07/2005,PSC,WA,ANM,WE,Combined TRACON& Tower with Radar,20,18,17,2,57,0,0,57,0,57,20,18,74,2,114,50,0,50,164
08/08/2005,PSC,WA,ANM,WE,Combined TRACON& Tower with Radar,18,61,24,1,104,0,16,93,0,109,18,77,117,1,213,96,0,96,309
08/09/2005,PSC,WA,ANM,WE,Combined TRACON& Tower with Radar,18,62,28,4,112,0,8,86,0,94,18,70,114,4,206,118,0,118,324
08/10/2005,PSC,WA,ANM,WE,Combined TRACON& Tower with Radar,17,65,14,5,101,0,15,83,0,98,17,80,97,5,199,96,36,132,331
08/11/2005,PSC,WA,ANM,WE,Combined TRACON& Tower with Radar,20,43,18,3,84,4,25,109,3,141,24,68,127,6,225,70,42,112,337
08/12/2005,PSC,WA,ANM,WE,Combined TRACON& Tower with Radar,17,46,23,0,86,0,0,52,0,52,17,46,75,0,138,30,0,30,168
08/13/2005,PSC,WA,ANM,WE,Combined TRACON& Tower with Radar,16,25,6,0,47,2,1,76,0,79,18,26,82,0,126,124,0,124,250
08/14/2005,PSC,WA,ANM,WE,Combined TRACON& Tower with Radar,16,19,21,0,56,0,0,56,0,56,16,19,77,0,112,76,0,76,188
08/15/2005,PSC,WA,ANM,WE,Combined TRACON& Tower with Radar,18,58,17,0,93,0,14,87,0,101,18,72,104,0,194,170,0,170,364
08/16/2005,PSC,WA,ANM,WE,Combined TRACON& Tower with Radar,19,63,21,0,103,0,1,76,0,77,19,64,97,0,180,120,0,120,300
08/17/2005,PSC,WA,ANM,WE,Combined TRACON& Tower with Radar,18,69,27,0,114,0,8,46,0,54,18,77,73,0,168,134,0,134,302
08/18/2005,PSC,WA,ANM,WE,Combined TRACON& Tower with Radar,20,66,29,1,116,2,2,79,1,84,22,68,108,2,200,100,0,100,300
08/19/2005,PSC,WA,ANM,WE,Combined TRACON& Tower with Radar,14,38,16,0,68,1,0,69,0,70,15,38,85,0,138,54,0,54,192
08/20/2005,PSC,WA,ANM,WE,Combined TRACON& Tower with Radar,22,33,26,0,81,0,3,89,2,94,22,36,115,2,175,116,0,116,291
08/21/2005,PSC,WA,ANM,WE,Combined TRACON& Tower with Radar,20,23,10,4,57,0,0,55,0,55,20,23,65,4,112,74,26,100,212
08/22/2005,PSC,WA,ANM,WE,Combined TRACON& Tower with Radar,16,66,25,6,113,0,3,94,0,97,16,69,119,6,210,146,10,156,366
08/23/2005,PSC,WA,ANM,WE,Combined TRACON& Tower with Radar,16,44,22,3,85,1,24,73,2,100,17,68,95,5,185,116,0,116,301
08/24/2005,PSC,WA,ANM,WE,Combined TRACON& Tower with Radar,17,63,24,2,106,1,2,86,0,89,18,65,110,2,195,110,8,118,313
08/25/2005,PSC,WA,ANM,WE,Combined TRACON& Tower with Radar,21,59,14,2,96,58,19,42,0,119,79,78,56,2,215,78,0,78,293
08/26/2005,PSC,WA,ANM,WE,Combined TRACON& Tower with Radar,18,50,13,0,81,1,0,104,0,105,19,50,117,0,186,146,0,146,332
08/27/2005,PSC,WA,ANM,WE,Combined TRACON& Tower with Radar,14,22,17,0,53,0,0,61,0,61,14,22,78,0,114,112,0,112,226
08/28/2005,PSC,WA,ANM,WE,Combined TRACON& Tower with Radar,19,22,16,0,57,1,7,85,0,93,20,29,101,0,150,130,0,130,280
08/29/2005,PSC,WA,ANM,WE,Combined TRACON& Tower with Radar,19,65,11,1,96,0,3,43,1,47,19,68,54,2,143,60,0,60,203
08/30/2005,PSC,WA,ANM,WE,Combined TRACON& Tower with Radar,17,63,23,0,103,2,9,68,0,79,19,72,91,0,182,166,0,166,348
08/31/2005,PSC,WA,ANM,WE,Combined TRACON& Tower with Radar,18,62,20,2,102,0,5,87,0,92,18,67,107,2,194,14,4,18,212
09/01/2005,PSC,WA,ANM,WE,Combined TRACON& Tower with Radar,21,58,15,0,94,1,3,49,0,53,22,61,64,0,147,82,0,82,229
09/02/2005,PSC,WA,ANM,WE,Combined TRACON& Tower with Radar,17,40,14,0,71,0,11,80,0,91,17,51,94,0,162,114,0,114,276
09/03/2005,PSC,WA,ANM,WE,Combined TRACON& Tower with Radar,18,28,18,0,64,1,0,55,0,56,19,28,73,0,120,98,0,98,218
09/04/2005,PSC,WA,ANM,WE,Combined TRACON& Tower with Radar,20,16,2,0,38,0,0,27,100,127,20,16,29,100,165,12,0,12,177
09/05/2005,PSC,WA,ANM,WE,Combined TRACON& Tower with Radar,19,35,14,0,68,0,0,76,2,78,19,35,90,2,146,72,2,74,220
09/06/2005,PSC,WA,ANM,WE,Combined TRACON& Tower with Radar,18,62,23,1,104,0,6,69,0,75,18,68,92,1,179,94,0,94,273
09/07/2005,PSC,WA,ANM,WE,Combined TRACON& Tower with Radar,16,65,18,0,99,0,4,43,0,47,16,69,61,0,146,70,0,70,216
09/08/2005,PSC,WA,ANM,WE,Combined TRACON& Tower with Radar,14,38,11,1,64,2,0,66,2,70,16,38,77,3,134,46,0,46,180
09/09/2005,PSC,WA,ANM,WE,Combined TRACON& Tower with Radar,15,36,24,4,79,115,0,34,4,153,130,36,58,8,232,66,8,74,306
09/10/2005,PSC,WA,ANM,WE,Combined TRACON& Tower with Radar,10,19,6,6,41,0,0,34,2,36,10,19,40,8,77,24,2,26,103
09/11/2005,PSC,WA,ANM,WE,Combined TRACON& Tower with Radar,16,17,16,2,51,2,7,51,0,60,18,24,67,2,111,74,0,74,185
09/12/2005,PSC,WA,ANM,WE,Combined TRACON& Tower with Radar,16,60,27,14,117,0,4,35,2,41,16,64,62,16,158,114,20,134,292
09/13/2005,PSC,WA,ANM,WE,Combined TRACON& Tower with Radar,18,64,43,0,125,0,5,41,0,46,18,69,84,0,171,176,0,176,347
09/14/2005,PSC,WA,ANM,WE,Combined TRACON& Tower with Radar,16,62,11,0,89,0,2,79,0,81,16,64,90,0,170,118,0,118,288
09/15/2005,PSC,WA,ANM,WE,Combined TRACON& Tower with Radar,16,48,27,0,91,1,7,60,0,68,17,55,87,0,159,114,0,114,273
09/16/2005,PSC,WA,ANM,WE,Combined TRACON& Tower with Radar,13,59,17,0,89,0,5,93,0,98,13,64,110,0,187,94,0,94,281
09/17/2005,PSC,WA,ANM,WE,Combined TRACON& Tower with Radar,15,22,12,0,49,0,4,46,0,50,15,26,58,0,99,28,0,28,127
09/18/2005,PSC,WA,ANM,WE,Combined TRACON& Tower with Radar,16,19,18,0,53,0,7,51,0,58,16,26,69,0,111,50,0,50,161
09/19/2005,PSC,WA,ANM,WE,Combined TRACON& Tower with Radar,17,63,11,0,91,0,5,70,0,75,17,68,81,0,166,92,0,92,258
09/20/2005,PSC,WA,ANM,WE,Combined TRACON& Tower with Radar,16,62,29,8,115,0,3,50,0,53,16,65,79,8,168,82,8,90,258
09/21/2005,PSC,WA,ANM,WE,Combined TRACON& Tower with Radar,16,60,27,4,107,0,5,55,2,62,16,65,82,6,169,90,22,112,281
09/22/2005,PSC,WA,ANM,WE,Combined TRACON& Tower with Radar,15,0,63,2,80,0,45,13,0,58,15,45,76,2,138,52,0,52,190
09/23/2005,PSC,WA,ANM,WE,Combined TRACON& Tower with Radar,15,60,28,0,103,0,0,35,0,35,15,60,63,0,138,46,0,46,184
09/24/2005,PSC,WA,ANM,WE,Combined TRACON& Tower with Radar,12,16,13,0,41,0,1,63,0,64,12,17,76,0,105,68,0,68,173
09/25/2005,PSC,WA,ANM,WE,Combined TRACON& Tower with Radar,10,18,16,0,44,0,0,35,0,35,10,18,51,0,79,36,0,36,115
09/26/2005,PSC,WA,ANM,WE,Combined TRACON& Tower with Radar,19,60,22,10,111,0,11,57,0,68,19,71,79,10,179,102,0,102,281
09/27/2005,PSC,WA,ANM,WE,Combined TRACON& Tower with Radar,16,61,7,0,84,0,5,75,0,80,16,66,82,0,164,104,0,104,268
09/28/2005,PSC,WA,ANM,WE,Combined TRACON& Tower with Radar,20,60,20,0,100,0,4,66,0,70,20,64,86,0,170,106,0,106,276
09/29/2005,PSC,WA,ANM,WE,Combined TRACON& Tower with Radar,16,47,7,0,70,2,15,45,0,62,18,62,52,0,132,16,0,16,148
09/30/2005,PSC,WA,ANM,WE,Combined TRACON& Tower with Radar,16,43,26,2,87,0,11,26,0,37,16,54,52,2,124,28,0,28,152
10/01/2005,PSC,WA,ANM,WE,Combined TRACON& Tower with Radar,17,20,10,0,47,0,0,57,0,57,17,20,67,0,104,39,0,39,143
10/02/2005,PSC,WA,ANM,WE,Combined TRACON& Tower with Radar,18,18,24,0,60,4,0,81,0,85,22,18,105,0,145,70,0,70,215
10/03/2005,PSC,WA,ANM,WE,Combined TRACON& Tower with Radar,15,60,14,8,97,0,1,38,0,39,15,61,52,8,136,58,14,72,208
10/04/2005,PSC,WA,ANM,WE,Combined TRACON& Tower with Radar,14,59,18,0,91,3,9,62,0,74,17,68,80,0,165,80,0,80,245
10/05/2005,PSC,WA,ANM,WE,Combined TRACON& Tower with Radar,17,58,25,0,100,0,5,45,0,50,17,63,70,0,150,74,0,74,224
10/06/2005,PSC,WA,ANM,WE,Combined TRACON& Tower with Radar,19,41,11,0,71,0,4,54,0,58,19,45,65,0,129,64,0,64,193
10/07/2005,PSC,WA,ANM,WE,Combined TRACON& Tower with Radar,15,44,23,8,90,0,1,31,0,32,15,45,54,8,122,88,16,104,226
10/08/2005,PSC,WA,ANM,WE,Combined TRACON& Tower with Radar,13,19,8,0,40,0,2,107,0,109,13,21,115,0,149,124,0,124,273
10/09/2005,PSC,WA,ANM,WE,Combined TRACON& Tower with Radar,16,16,13,0,45,0,9,48,0,57,16,25,61,0,102,32,0,32,134
10/10/2005,PSC,WA,ANM,WE,Combined TRACON& Tower with Radar,15,58,8,0,81,0,7,85,0,92,15,65,93,0,173,120,0,120,293
10/11/2005,PSC,WA,ANM,WE,Combined TRACON& Tower with Radar,15,58,18,0,91,0,3,65,0,68,15,61,83,0,159,90,0,90,249
10/12/2005,PSC,WA,ANM,WE,Combined TRACON& Tower with Radar,15,70,17,0,102,0,0,62,0,62,15,70,79,0,164,108,0,108,272
10/13/2005,PSC,WA,ANM,WE,Combined TRACON& Tower with Radar,16,57,12,1,86,2,14,68,0,84,18,71,80,1,170,90,0,90,260
10/14/2005,PSC,WA,ANM,WE,Combined TRACON& Tower with Radar,18,58,18,0,94,0,0,80,0,80,18,58,98,0,174,150,0,150,324
10/15/2005,PSC,WA,ANM,WE,Combined TRACON& Tower with Radar,14,19,12,0,45,0,6,51,0,57,14,25,63,0,102,76,0,76,178
10/16/2005,PSC,WA,ANM,WE,Combined TRACON& Tower with Radar,16,17,6,0,39,0,0,53,0,53,16,17,59,0,92,68,0,68,160
10/17/2005,PSC,WA,ANM,WE,Combined TRACON& Tower with Radar,15,63,23,4,105,0,3,42,0,45,15,66,65,4,150,92,0,92,242
10/18/2005,PSC,WA,ANM,WE,Combined TRACON& Tower with Radar,15,68,15,1,99,0,1,56,1,58,15,69,71,2,157,94,0,94,251
10/19/2005,PSC,WA,ANM,WE,Combined TRACON& Tower with Radar,16,56,30,4,106,0,0,27,0,27,16,56,57,4,133,30,0,30,163
10/20/2005,PSC,WA,ANM,WE,Combined TRACON& Tower with Radar,17,56,24,0,97,0,18,52,0,70,17,74,76,0,167,92,0,92,259
10/21/2005,PSC,WA,ANM,WE,Combined TRACON& Tower with Radar,17,72,21,0,110,0,0,69,0,69,17,72,90,0,179,110,0,110,289
10/22/2005,PSC,WA,ANM,WE,Combined TRACON& Tower with Radar,14,20,15,0,49,0,0,67,0,67,14,20,82,0,116,74,0,74,190
10/23/2005,PSC,WA,ANM,WE,Combined TRACON& Tower with Radar,13,19,18,17,67,0,6,59,5,70,13,25,77,22,137,6,20,26,163
10/24/2005,PSC,WA,ANM,WE,Combined TRACON& Tower with Radar,13,51,23,0,87,1,14,34,0,49,14,65,57,0,136,54,0,54,190
10/25/2005,PSC,WA,ANM,WE,Combined TRACON& Tower with Radar,17,69,35,22,143,0,0,6,0,6,17,69,41,22,149,0,10,10,159
10/26/2005,PSC,WA,ANM,WE,Combined TRACON& Tower with Radar,15,76,24,1,116,0,0,60,0,60,15,76,84,1,176,136,1,137,313
10/27/2005,PSC,WA,ANM,WE,Combined TRACON& Tower with Radar,19,51,8,5,83,0,11,45,0,56,19,62,53,5,139,32,0,32,171
10/28/2005,PSC,WA,ANM,WE,Combined TRACON& Tower with Radar,14,42,7,0,63,0,0,22,0,22,14,42,29,0,85,46,0,46,131
10/29/2005,PSC,WA,ANM,WE,Combined TRACON& Tower with Radar,13,15,10,0,38,0,0,45,0,45,13,15,55,0,83,116,0,116,199
10/30/2005,PSC,WA,ANM,WE,Combined TRACON& Tower with Radar,17,19,7,5,48,0,2,36,7,45,17,21,43,12,93,32,38,70,163
10/31/2005,PSC,WA,ANM,WE,Combined TRACON& Tower with Radar,15,46,23,0,84,0,7,24,0,31,15,53,47,0,115,19,0,19,134
11/01/2005,PSC,WA,ANM,WE,Combined TRACON& Tower with Radar,13,47,23,8,91,0,2,9,0,11,13,49,32,8,102,10,0,10,112
11/02/2005,PSC,WA,ANM,WE,Combined TRACON& Tower with Radar,14,39,20,0,73,1,12,35,0,48,15,51,55,0,121,34,0,34,155
11/03/2005,PSC,WA,ANM,WE,Combined TRACON& Tower with Radar,22,36,24,6,88,2,9,12,4,27,24,45,36,10,115,20,28,48,163
11/04/2005,PSC,WA,ANM,WE,Combined TRACON& Tower with Radar,17,51,12,2,82,0,5,28,5,38,17,56,40,7,120,14,4,18,138
11/05/2005,PSC,WA,ANM,WE,Combined TRACON& Tower with Radar,13,16,20,0,49,0,0,23,0,23,13,16,43,0,72,52,0,52,124
11/06/2005,PSC,WA,ANM,WE,Combined TRACON& Tower with Radar,12,20,16,0,48,4,0,50,0,54,16,20,66,0,102,84,0,84,186
11/07/2005,PSC,WA,ANM,WE,Combined TRACON& Tower with Radar,16,34,11,0,61,0,3,26,0,29,16,37,37,0,90,32,0,32,122
11/08/2005,PSC,WA,ANM,WE,Combined TRACON& Tower with Radar,17,55,21,2,95,0,7,27,24,58,17,62,48,26,153,36,6,42,195
11/09/2005,PSC,WA,ANM,WE,Combined TRACON& Tower with Radar,15,38,28,6,87,0,24,29,2,55,15,62,57,8,142,32,24,56,198
11/10/2005,PSC,WA,ANM,WE,Combined TRACON& Tower with Radar,16,40,19,7,82,0,15,14,1,30,16,55,33,8,112,22,12,34,146
11/11/2005,PSC,WA,ANM,WE,Combined TRACON& Tower with Radar,15,46,4,0,65,1,0,49,0,50,16,46,53,0,115,74,0,74,189
11/12/2005,PSC,WA,ANM,WE,Combined TRACON& Tower with Radar,14,21,20,0,55,0,0,24,0,24,14,21,44,0,79,48,0,48,127
11/13/2005,PSC,WA,ANM,WE,Combined TRACON& Tower with Radar,14,19,11,0,44,0,2,35,0,37,14,21,46,0,81,38,0,38,119
11/14/2005,PSC,WA,ANM,WE,Combined TRACON& Tower with Radar,16,57,15,0,88,0,5,39,0,44,16,62,54,0,132,24,0,24,156
11/15/2005,PSC,WA,ANM,WE,Combined TRACON& Tower with Radar,14,40,17,0,71,1,9,32,0,42,15,49,49,0,113,10,0,10,123
11/16/2005,PSC,WA,ANM,WE,Combined TRACON& Tower with Radar,15,43,16,0,74,1,6,29,0,36,16,49,45,0,110,80,0,80,190
11/17/2005,PSC,WA,ANM,WE,Combined TRACON& Tower with Radar,20,43,16,0,79,0,0,15,0,15,20,43,31,0,94,46,0,46,140
11/18/2005,PSC,WA,ANM,WE,Combined TRACON& Tower with Radar,19,35,11,0,65,0,0,1,0,1,19,35,12,0,66,0,0,0,66
11/19/2005,PSC,WA,ANM,WE,Combined TRACON& Tower with Radar,17,22,26,7,72,0,0,4,0,4,17,22,30,7,76,0,0,0,76
11/20/2005,PSC,WA,ANM,WE,Combined TRACON& Tower with Radar,13,16,22,0,51,0,0,0,0,0,13,16,22,0,51,0,0,0,51
11/21/2005,PSC,WA,ANM,WE,Combined TRACON& Tower with Radar,16,53,33,8,110,0,0,7,3,10,16,53,40,11,120,8,12,20,140
11/22/2005,PSC,WA,ANM,WE,Combined TRACON& Tower with Radar,14,50,35,0,99,0,1,0,0,1,14,51,35,0,100,44,0,44,144
11/23/2005,PSC,WA,ANM,WE,Combined TRACON& Tower with Radar,16,39,21,0,76,0,0,8,0,8,16,39,29,0,84,34,0,34,118
11/24/2005,PSC,WA,ANM,WE,Combined TRACON& Tower with Radar,12,15,7,0,34,0,0,0,0,0,12,15,7,0,34,14,0,14,48
11/25/2005,PSC,WA,ANM,WE,Combined TRACON& Tower with Radar,17,37,12,0,66,0,0,17,0,17,17,37,29,0,83,40,0,40,123
11/26/2005,PSC,WA,ANM,WE,Combined TRACON& Tower with Radar,17,28,26,0,71,0,0,47,0,47,17,28,73,0,118,60,0,60,178
11/27/2005,PSC,WA,ANM,WE,Combined TRACON& Tower with Radar,14,24,11,0,49,0,8,75,0,83,14,32,86,0,132,58,0,58,190
11/28/2005,PSC,WA,ANM,WE,Combined TRACON& Tower with Radar,14,46,19,6,85,0,11,1,0,12,14,57,20,6,97,0,0,0,97
11/29/2005,PSC,WA,ANM,WE,Combined TRACON& Tower with Radar,18,46,24,0,88,0,0,19,0,19,18,46,43,0,107,48,0,48,155
11/30/2005,PSC,WA,ANM,WE,Combined TRACON& Tower with Radar,14,40,19,0,73,2,11,34,0,47,16,51,53,0,120,30,0,30,150
12/01/2005,PSC,WA,ANM,WE,Combined TRACON& Tower with Radar,14,49,7,2,72,1,1,4,0,6,15,50,11,2,78,0,0,0,78
12/02/2005,PSC,WA,ANM,WE,Combined TRACON& Tower with Radar,11,45,30,5,91,0,0,18,1,19,11,45,48,6,110,22,32,54,164
12/03/2005,PSC,WA,ANM,WE,Combined TRACON& Tower with Radar,10,20,13,0,43,0,0,29,0,29,10,20,42,0,72,27,0,27,99
12/04/2005,PSC,WA,ANM,WE,Combined TRACON& Tower with Radar,14,21,13,2,50,0,1,4,0,5,14,22,17,2,55,0,0,0,55
12/05/2005,PSC,WA,ANM,WE,Combined TRACON& Tower with Radar,15,50,24,0,89,0,0,31,0,31,15,50,55,0,120,50,0,50,170
12/06/2005,PSC,WA,ANM,WE,Combined TRACON& Tower with Radar,13,53,14,0,80,0,2,21,0,23,13,55,35,0,103,10,0,10,113
12/07/2005,PSC,WA,ANM,WE,Combined TRACON& Tower with Radar,11,49,23,0,83,0,5,36,0,41,11,54,59,0,124,14,0,14,138
12/08/2005,PSC,WA,ANM,WE,Combined TRACON& Tower with Radar,14,38,17,0,69,0,1,25,0,26,14,39,42,0,95,38,0,38,133
12/09/2005,PSC,WA,ANM,WE,Combined TRACON& Tower with Radar,15,58,15,0,88,0,7,4,1,12,15,65,19,1,100,4,1,5,105
12/10/2005,PSC,WA,ANM,WE,Combined TRACON& Tower with Radar,14,23,16,0,53,0,0,11,0,11,14,23,27,0,64,14,0,14,78
12/11/2005,PSC,WA,ANM,WE,Combined TRACON& Tower with Radar,11,19,14,0,44,0,0,15,0,15,11,19,29,0,59,44,0,44,103
12/12/2005,PSC,WA,ANM,WE,Combined TRACON& Tower with Radar,13,57,26,0,96,0,0,0,0,0,13,57,26,0,96,0,0,0,96
12/13/2005,PSC,WA,ANM,WE,Combined TRACON& Tower with Radar,19,54,21,2,96,0,0,0,0,0,19,54,21,2,96,0,0,0,96
12/14/2005,PSC,WA,ANM,WE,Combined TRACON& Tower with Radar,12,61,18,2,93,0,0,0,0,0,12,61,18,2,93,0,0,0,93
12/15/2005,PSC,WA,ANM,WE,Combined TRACON& Tower with Radar,17,44,20,0,81,0,0,0,0,0,17,44,20,0,81,0,0,0,81
12/16/2005,PSC,WA,ANM,WE,Combined TRACON& Tower with Radar,13,46,18,3,80,0,0,0,0,0,13,46,18,3,80,0,0,0,80
12/17/2005,PSC,WA,ANM,WE,Combined TRACON& Tower with Radar,11,22,15,0,48,0,0,14,0,14,11,22,29,0,62,28,0,28,90
12/18/2005,PSC,WA,ANM,WE,Combined TRACON& Tower with Radar,14,16,15,0,45,0,10,59,0,69,14,26,74,0,114,64,0,64,178
12/19/2005,PSC,WA,ANM,WE,Combined TRACON& Tower with Radar,15,40,13,0,68,0,0,0,0,0,15,40,13,0,68,0,0,0,68
12/20/2005,PSC,WA,ANM,WE,Combined TRACON& Tower with Radar,13,56,11,0,80,0,0,0,0,0,13,56,11,0,80,8,0,8,88
12/21/2005,PSC,WA,ANM,WE,Combined TRACON& Tower with Radar,19,51,3,0,73,0,0,0,0,0,19,51,3,0,73,0,0,0,73
12/22/2005,PSC,WA,ANM,WE,Combined TRACON& Tower with Radar,14,40,12,1,67,0,0,0,7,7,14,40,12,8,74,16,18,34,108
12/23/2005,PSC,WA,ANM,WE,Combined TRACON& Tower with Radar,14,34,11,2,61,0,0,39,0,39,14,34,50,2,100,56,0,56,156
12/24/2005,PSC,WA,ANM,WE,Combined TRACON& Tower with Radar,9,13,13,0,35,0,0,5,0,5,9,13,18,0,40,4,0,4,44
12/25/2005,PSC,WA,ANM,WE,Combined TRACON& Tower with Radar,10,12,3,0,25,0,0,8,0,8,10,12,11,0,33,8,0,8,41
12/26/2005,PSC,WA,ANM,WE,Combined TRACON& Tower with Radar,12,42,10,0,64,0,0,38,0,38,12,42,48,0,102,16,0,16,118
12/27/2005,PSC,WA,ANM,WE,Combined TRACON& Tower with Radar,16,37,9,4,66,0,0,10,0,10,16,37,19,4,76,40,40,80,156
12/28/2005,PSC,WA,ANM,WE,Combined TRACON& Tower with Radar,13,42,10,11,76,2,7,0,1,10,15,49,10,12,86,0,0,0,86
12/29/2005,PSC,WA,ANM,WE,Combined TRACON& Tower with Radar,15,36,18,0,69,0,10,23,0,33,15,46,41,0,102,52,0,52,154
12/30/2005,PSC,WA,ANM,WE,Combined TRACON& Tower with Radar,14,49,12,4,79,0,0,0,0,0,14,49,12,4,79,0,0,0,79
12/31/2005,PSC,WA,ANM,WE,Combined TRACON& Tower with Radar,13,21,13,0,47,0,0,0,0,0,13,21,13,0,47,0,0,0,47
01/01/2006,PSC,WA,ANM,WE,Combined TRACON& Tower with Radar,11,14,9,0,34,0,0,11,0,11,11,14,20,0,45,14,0,14,59
01/02/2006,PSC,WA,ANM,WE,Combined TRACON& Tower with Radar,14,37,12,0,63,0,0,34,0,34,14,37,46,0,97,52,0,52,149
01/03/2006,PSC,WA,ANM,WE,Combined TRACON& Tower with Radar,13,56,22,0,91,0,0,10,0,10,13,56,32,0,101,0,0,0,101
01/04/2006,PSC,WA,ANM,WE,Combined TRACON& Tower with Radar,15,53,19,4,91,0,0,33,14,47,15,53,52,18,138,20,0,20,158
01/05/2006,PSC,WA,ANM,WE,Combined TRACON& Tower with Radar,15,52,22,3,92,0,0,22,4,26,15,52,44,7,118,42,22,64,182
01/06/2006,PSC,WA,ANM,WE,Combined TRACON& Tower with Radar,14,49,7,4,74,0,14,16,0,30,14,63,23,4,104,32,24,56,160
01/07/2006,PSC,WA,ANM,WE,Combined TRACON& Tower with Radar,10,21,12,2,45,0,0,31,0,31,10,21,43,2,76,74,0,74,150
01/08/2006,PSC,WA,ANM,WE,Combined TRACON& Tower with Radar,14,18,11,5,48,0,0,39,1,40,14,18,50,6,88,66,26,92,180
01/09/2006,PSC,WA,ANM,WE,Combined TRACON& Tower with Radar,14,55,13,0,82,0,0,22,0,22,14,55,35,0,104,24,0,24,128
01/10/2006,PSC,WA,ANM,WE,Combined TRACON& Tower with Radar,11,54,28,10,103,0,0,4,0,4,11,54,32,10,107,0,0,0,107
01/11/2006,PSC,WA,ANM,WE,Combined TRACON& Tower with Radar,11,49,13,5,78,1,8,15,7,31,12,57,28,12,109,6,44,50,159
01/12/2006,PSC,WA,ANM,WE,Combined TRACON& Tower with Radar,15,45,23,1,84,0,0,23,4,27,15,45,46,5,111,36,2,38,149
01/13/2006,PSC,WA,ANM,WE,Combined TRACON& Tower with Radar,17,44,19,2,82,0,0,25,5,30,17,44,44,7,112,50,60,110,222
01/14/2006,PSC,WA,ANM,WE,Combined TRACON& Tower with Radar,12,24,12,0,48,0,0,7,0,7,12,24,19,0,55,40,0,40,95
01/15/2006,PSC,WA,ANM,WE,Combined TRACON& Tower with Radar,15,17,32,0,64,0,0,59,0,59,15,17,91,0,123,50,0,50,173
01/16/2006,PSC,WA,ANM,WE,Combined TRACON& Tower with Radar,12,22,4,0,38,0,0,5,0,5,12,22,9,0,43,12,0,12,55
01/17/2006,PSC,WA,ANM,WE,Combined TRACON& Tower with Radar,11,36,16,2,65,0,3,3,0,6,11,39,19,2,71,0,0,0,71
01/18/2006,PSC,WA,ANM,WE,Combined TRACON& Tower with Radar,12,51,19,10,92,0,0,4,0,4,12,51,23,10,96,0,0,0,96
01/19/2006,PSC,WA,ANM,WE,Combined TRACON& Tower with Radar,16,50,18,0,84,0,0,13,0,13,16,50,31,0,97,2,0,2,99
01/20/2006,PSC,WA,ANM,WE,Combined TRACON& Tower with Radar,14,42,23,0,79,0,0,15,0,15,14,42,38,0,94,26,0,26,120
01/21/2006,PSC,WA,ANM,WE,Combined TRACON& Tower with Radar,11,22,15,0,48,0,0,62,0,62,11,22,77,0,110,54,0,54,164
01/22/2006,PSC,WA,ANM,WE,Combined TRACON& Tower with Radar,16,25,17,0,58,0,1,54,0,55,16,26,71,0,113,90,0,90,203
01/23/2006,PSC,WA,ANM,WE,Combined TRACON& Tower with Radar,12,38,20,0,70,0,4,24,0,28,12,42,44,0,98,40,0,40,138
01/24/2006,PSC,WA,ANM,WE,Combined TRACON& Tower with Radar,14,40,25,0,79,0,0,9,0,9,14,40,34,0,88,12,0,12,100
01/25/2006,PSC,WA,ANM,WE,Combined TRACON& Tower with Radar,11,51,32,0,94,3,0,0,0,3,14,51,32,0,97,0,0,0,97
01/26/2006,PSC,WA,ANM,WE,Combined TRACON& Tower with Radar,15,41,22,17,95,0,0,15,5,20,15,41,37,22,115,72,38,110,225
01/27/2006,PSC,WA,ANM,WE,Combined TRACON& Tower with Radar,16,40,9,0,65,0,9,20,0,29,16,49,29,0,94,46,0,46,140
01/28/2006,PSC,WA,ANM,WE,Combined TRACON& Tower with Radar,12,14,0,0,26,0,0,5,0,5,12,14,5,0,31,0,0,0,31
01/29/2006,PSC,WA,ANM,WE,Combined TRACON& Tower with Radar,14,21,10,0,45,0,0,22,0,22,14,21,32,0,67,26,0,26,93
01/30/2006,PSC,WA,ANM,WE,Combined TRACON& Tower with Radar,13,40,17,0,70,1,8,1,0,10,14,48,18,0,80,0,0,0,80
01/31/2006,PSC,WA,ANM,WE,Combined TRACON& Tower with Radar,11,41,28,18,98,0,0,28,23,51,11,41,56,41,149,18,8,26,175
02/01/2006,PSC,WA,ANM,WE,Combined TRACON& Tower with Radar,10,40,32,0,82,0,0,0,0,0,10,40,32,0,82,16,0,16,98
02/02/2006,PSC,WA,ANM,WE,Combined TRACON& Tower with Radar,16,50,36,0,102,0,0,7,0,7,16,50,43,0,109,72,0,72,181
02/03/2006,PSC,WA,ANM,WE,Combined TRACON& Tower with Radar,13,38,18,0,69,0,0,32,2,34,13,38,50,2,103,26,0,26,129
02/04/2006,PSC,WA,ANM,WE,Combined TRACON& Tower with Radar,13,18,1,0,32,1,1,3,0,5,14,19,4,0,37,18,0,18,55
02/05/2006,PSC,WA,ANM,WE,Combined TRACON& Tower with Radar,14,22,8,0,44,0,0,51,0,51,14,22,59,0,95,46,0,46,141
02/06/2006,PSC,WA,ANM,WE,Combined TRACON& Tower with Radar,14,53,30,0,97,0,5,58,0,63,14,58,88,0,160,48,0,48,208
02/07/2006,PSC,WA,ANM,WE,Combined TRACON& Tower with Radar,15,37,32,4,88,0,0,63,0,63,15,37,95,4,151,50,12,62,213
02/08/2006,PSC,WA,ANM,WE,Combined TRACON& Tower with Radar,11,53,19,0,83,0,0,54,0,54,11,53,73,0,137,46,0,46,183
02/09/2006,PSC,WA,ANM,WE,Combined TRACON& Tower with Radar,14,42,33,1,90,1,0,16,4,21,15,42,49,5,111,40,22,62,173
02/10/2006,PSC,WA,ANM,WE,Combined TRACON& Tower with Radar,15,48,14,0,77,0,0,35,0,35,15,48,49,0,112,20,0,20,132
02/11/2006,PSC,WA,ANM,WE,Combined TRACON& Tower with Radar,12,20,17,2,51,0,0,62,8,70,12,20,79,10,121,110,18,128,249
02/12/2006,PSC,WA,ANM,WE,Combined TRACON& Tower with Radar,15,15,19,0,49,0,1,56,0,57,15,16,75,0,106,72,0,72,178
02/13/2006,PSC,WA,ANM,WE,Combined TRACON& Tower with Radar,11,53,31,0,95,3,1,26,0,30,14,54,57,0,125,52,0,52,177
02/14/2006,PSC,WA,ANM,WE,Combined TRACON& Tower with Radar,12,57,27,10,106,0,0,34,0,34,12,57,61,10,140,6,0,6,146
02/15/2006,PSC,WA,ANM,WE,Combined TRACON& Tower with Radar,10,54,28,2,94,1,0,53,0,54,11,54,81,2,148,66,26,92,240
02/16/2006,PSC,WA,ANM,WE,Combined TRACON& Tower with Radar,14,41,23,0,78,0,7,28,0,35,14,48,51,0,113,20,0,20,133
02/17/2006,PSC,WA,ANM,WE,Combined TRACON& Tower with Radar,16,48,16,0,80,8,0,15,0,23,24,48,31,0,103,20,0,20,123
02/18/2006,PSC,WA,ANM,WE,Combined TRACON& Tower with Radar,19,19,19,0,57,0,0,12,2,14,19,19,31,2,71,41,0,41,112
02/19/2006,PSC,WA,ANM,WE,Combined TRACON& Tower with Radar,13,18,23,0,54,0,3,39,0,42,13,21,62,0,96,40,0,40,136
02/20/2006,PSC,WA,ANM,WE,Combined TRACON& Tower with Radar,13,45,18,0,76,0,0,43,0,43,13,45,61,0,119,48,0,48,167
02/21/2006,PSC,WA,ANM,WE,Combined TRACON& Tower with Radar,13,51,21,0,85,0,0,20,0,20,13,51,41,0,105,24,0,24,129
02/22/2006,PSC,WA,ANM,WE,Combined TRACON& Tower with Radar,11,46,17,0,74,0,0,46,0,46,11,46,63,0,120,12,0,12,132
02/23/2006,PSC,WA,ANM,WE,Combined TRACON& Tower with Radar,13,42,12,0,67,3,0,11,0,14,16,42,23,0,81,0,0,0,81
02/24/2006,PSC,WA,ANM,WE,Combined TRACON& Tower with Radar,11,41,35,3,90,0,2,45,3,50,11,43,80,6,140,28,8,36,176
02/25/2006,PSC,WA,ANM,WE,Combined TRACON& Tower with Radar,15,18,13,0,46,0,2,35,0,37,15,20,48,0,83,8,0,8,91
02/26/2006,PSC,WA,ANM,WE,Combined TRACON& Tower with Radar,16,18,12,7,53,1,5,59,1,66,17,23,71,8,119,50,4,54,173
02/27/2006,PSC,WA,ANM,WE,Combined TRACON& Tower with Radar,13,58,12,0,83,0,1,10,0,11,13,59,22,0,94,0,0,0,94
02/28/2006,PSC,WA,ANM,WE,Combined TRACON& Tower with Radar,13,57,26,2,98,0,1,0,0,1,13,58,26,2,99,24,0,24,123
03/01/2006,PSC,WA,ANM,WE,Combined TRACON& Tower with Radar,12,39,20,2,73,0,0,39,2,41,12,39,59,4,114,30,0,30,144
03/02/2006,PSC,WA,ANM,WE,Combined TRACON& Tower with Radar,13,40,14,10,77,0,0,37,0,37,13,40,51,10,114,40,0,40,154
03/03/2006,PSC,WA,ANM,WE,Combined TRACON& Tower with Radar,13,48,18,2,81,0,0,44,0,44,13,48,62,2,125,12,0,12,137
03/04/2006,PSC,WA,ANM,WE,Combined TRACON& Tower with Radar,10,22,20,0,52,2,0,63,0,65,12,22,83,0,117,72,0,72,189
03/05/2006,PSC,WA,ANM,WE,Combined TRACON& Tower with Radar,13,18,2,0,33,0,1,43,0,44,13,19,45,0,77,60,0,60,137
03/06/2006,PSC,WA,ANM,WE,Combined TRACON& Tower with Radar,14,50,11,0,75,0,6,42,0,48,14,56,53,0,123,64,0,64,187
03/07/2006,PSC,WA,ANM,WE,Combined TRACON& Tower with Radar,11,60,17,0,88,0,8,31,0,39,11,68,48,0,127,54,0,54,181
03/08/2006,PSC,WA,ANM,WE,Combined TRACON& Tower with Radar,13,50,27,0,90,1,3,3,0,7,14,53,30,0,97,0,0,0,97
03/09/2006,PSC,WA,ANM,WE,Combined TRACON& Tower with Radar,14,39,16,17,86,0,3,27,1,31,14,42,43,18,117,2,36,38,155
03/10/2006,PSC,WA,ANM,WE,Combined TRACON& Tower with Radar,14,55,17,0,86,0,0,30,0,30,14,55,47,0,116,108,0,108,224
03/11/2006,PSC,WA,ANM,WE,Combined TRACON& Tower with Radar,12,23,2,0,37,0,1,46,0,47,12,24,48,0,84,16,0,16,100
03/12/2006,PSC,WA,ANM,WE,Combined TRACON& Tower with Radar,12,18,5,0,35,0,0,46,0,46,12,18,51,0,81,24,0,24,105
03/13/2006,PSC,WA,ANM,WE,Combined TRACON& Tower with Radar,13,55,12,0,80,0,0,56,0,56,13,55,68,0,136,56,0,56,192
03/14/2006,PSC,WA,ANM,WE,Combined TRACON& Tower with Radar,16,54,22,0,92,0,3,51,0,54,16,57,73,0,146,56,0,56,202
03/15/2006,PSC,WA,ANM,WE,Combined TRACON& Tower with Radar,13,50,26,0,89,4,0,16,0,20,17,50,42,0,109,42,0,42,151
03/16/2006,PSC,WA,ANM,WE,Combined TRACON& Tower with Radar,16,42,8,1,67,0,13,3,1,17,16,55,11,2,84,6,0,6,90
03/17/2006,PSC,WA,ANM,WE,Combined TRACON& Tower with Radar,18,51,18,0,87,0,0,20,0,20,18,51,38,0,107,18,0,18,125
03/18/2006,PSC,WA,ANM,WE,Combined TRACON& Tower with Radar,11,15,7,0,33,4,0,75,0,79,15,15,82,0,112,72,0,72,184
03/19/2006,PSC,WA,ANM,WE,Combined TRACON& Tower with Radar,12,15,12,0,39,3,4,33,0,40,15,19,45,0,79,22,0,22,101
03/20/2006,PSC,WA,ANM,WE,Combined TRACON& Tower with Radar,13,55,17,0,85,0,0,30,0,30,13,55,47,0,115,50,0,50,165
03/21/2006,PSC,WA,ANM,WE,Combined TRACON& Tower with Radar,16,53,6,11,86,0,9,44,38,91,16,62,50,49,177,72,46,118,295
03/22/2006,PSC,WA,ANM,WE,Combined TRACON& Tower with Radar,13,55,29,0,97,1,6,58,0,65,14,61,87,0,162,96,0,96,258
03/23/2006,PSC,WA,ANM,WE,Combined TRACON& Tower with Radar,15,54,29,0,98,0,1,48,0,49,15,55,77,0,147,90,0,90,237
03/24/2006,PSC,WA,ANM,WE,Combined TRACON& Tower with Radar,14,50,14,2,80,0,7,27,3,37,14,57,41,5,117,28,4,32,149
03/25/2006,PSC,WA,ANM,WE,Combined TRACON& Tower with Radar,12,31,20,0,63,0,0,9,0,9,12,31,29,0,72,12,0,12,84
03/26/2006,PSC,WA,ANM,WE,Combined TRACON& Tower with Radar,11,18,19,0,48,0,6,28,0,34,11,24,47,0,82,24,0,24,106
03/27/2006,PSC,WA,ANM,WE,Combined TRACON& Tower with Radar,12,40,21,0,73,2,16,52,0,70,14,56,73,0,143,58,0,58,201
03/28/2006,PSC,WA,ANM,WE,Combined TRACON& Tower with Radar,12,51,17,0,80,0,5,33,0,38,12,56,50,0,118,14,0,14,132
03/29/2006,PSC,WA,ANM,WE,Combined TRACON& Tower with Radar,15,44,18,15,92,0,0,14,0,14,15,44,32,15,106,24,6,30,136
03/30/2006,PSC,WA,ANM,WE,Combined TRACON& Tower with Radar,15,49,17,0,81,0,3,43,2,48,15,52,60,2,129,74,2,76,205
03/31/2006,PSC,WA,ANM,WE,Combined TRACON& Tower with Radar,12,45,15,2,74,0,2,31,0,33,12,47,46,2,107,26,0,26,133
04/01/2006,PSC,WA,ANM,WE,Combined TRACON& Tower with Radar,13,32,20,0,65,0,0,36,0,36,13,32,56,0,101,22,0,22,123
04/02/2006,PSC,WA,ANM,WE,Combined TRACON& Tower with Radar,16,18,19,0,53,1,13,47,0,61,17,31,66,0,114,24,0,24,138
04/03/2006,PSC,WA,ANM,WE,Combined TRACON& Tower with Radar,13,38,13,0,64,1,3,44,0,48,14,41,57,0,112,50,0,50,162
04/04/2006,PSC,WA,ANM,WE,Combined TRACON& Tower with Radar,14,57,16,0,87,0,3,37,0,40,14,60,53,0,127,28,0,28,155
04/05/2006,PSC,WA,ANM,WE,Combined TRACON& Tower with Radar,15,66,29,1,111,0,0,0,0,0,15,66,29,1,111,30,0,30,141
04/06/2006,PSC,WA,ANM,WE,Combined TRACON& Tower with Radar,16,40,18,4,78,2,0,26,0,28,18,40,44,4,106,54,2,56,162
04/07/2006,PSC,WA,ANM,WE,Combined TRACON& Tower with Radar,13,52,27,0,92,0,2,27,0,29,13,54,54,0,121,36,0,36,157
04/08/2006,PSC,WA,ANM,WE,Combined TRACON& Tower with Radar,10,20,8,0,38,0,0,18,0,18,10,20,26,0,56,34,0,34,90
04/09/2006,PSC,WA,ANM,WE,Combined TRACON& Tower with Radar,17,18,23,0,58,3,6,54,0,63,20,24,77,0,121,30,0,30,151
04/10/2006,PSC,WA,ANM,WE,Combined TRACON& Tower with Radar,15,58,12,0,85,0,0,38,0,38,15,58,50,0,123,14,0,14,137
04/11/2006,PSC,WA,ANM,WE,Combined TRACON& Tower with Radar,14,58,29,2,103,0,1,40,0,41,14,59,69,2,144,62,0,62,206
04/12/2006,PSC,WA,ANM,WE,Combined TRACON& Tower with Radar,15,62,22,0,99,0,0,38,0,38,15,62,60,0,137,114,0,114,251
04/13/2006,PSC,WA,ANM,WE,Combined TRACON& Tower with Radar,15,46,23,1,85,4,0,28,0,32,19,46,51,1,117,56,0,56,173
04/14/2006,PSC,WA,ANM,WE,Combined TRACON& Tower with Radar,15,46,21,0,82,0,7,32,0,39,15,53,53,0,121,34,0,34,155
04/15/2006,PSC,WA,ANM,WE,Combined TRACON& Tower with Radar,11,16,12,0,39,1,0,40,0,41,12,16,52,0,80,38,0,38,118
04/16/2006,PSC,WA,ANM,WE,Combined TRACON& Tower with Radar,17,18,12,0,47,0,0,65,0,65,17,18,77,0,112,96,0,96,208
04/17/2006,PSC,WA,ANM,WE,Combined TRACON& Tower with Radar,12,53,17,0,82,6,5,53,0,64,18,58,70,0,146,94,0,94,240
04/18/2006,PSC,WA,ANM,WE,Combined TRACON& Tower with Radar,16,64,49,17,146,0,0,63,0,63,16,64,112,17,209,56,68,124,333
04/19/2006,PSC,WA,ANM,WE,Combined TRACON& Tower with Radar,15,58,23,0,96,0,0,62,0,62,15,58,85,0,158,40,0,40,198
04/20/2006,PSC,WA,ANM,WE,Combined TRACON& Tower with Radar,14,54,36,0,104,0,0,24,0,24,14,54,60,0,128,66,0,66,194
04/21/2006,PSC,WA,ANM,WE,Combined TRACON& Tower with Radar,19,44,24,0,87,0,6,31,0,37,19,50,55,0,124,60,0,60,184
04/22/2006,PSC,WA,ANM,WE,Combined TRACON& Tower with Radar,11,15,9,2,37,2,5,51,0,58,13,20,60,2,95,58,16,74,169
04/23/2006,PSC,WA,ANM,WE,Combined TRACON& Tower with Radar,17,17,7,0,41,0,0,29,0,29,17,17,36,0,70,22,0,22,92
04/24/2006,PSC,WA,ANM,WE,Combined TRACON& Tower with Radar,15,41,19,4,79,0,0,57,4,61,15,41,76,8,140,52,32,84,224
04/25/2006,PSC,WA,ANM,WE,Combined TRACON& Tower with Radar,13,49,27,0,89,0,0,48,0,48,13,49,75,0,137,68,0,68,205
04/26/2006,PSC,WA,ANM,WE,Combined TRACON& Tower with Radar,16,54,32,2,104,4,3,41,0,48,20,57,73,2,152,46,24,70,222
04/27/2006,PSC,WA,ANM,WE,Combined TRACON& Tower with Radar,14,54,13,0,81,0,0,62,0,62,14,54,75,0,143,82,0,82,225
04/28/2006,PSC,WA,ANM,WE,Combined TRACON& Tower with Radar,14,38,11,1,64,0,17,47,1,65,14,55,58,2,129,32,0,32,161
04/29/2006,PSC,WA,ANM,WE,Combined TRACON& Tower with Radar,11,18,12,0,41,5,1,35,0,41,16,19,47,0,82,16,0,16,98
04/30/2006,PSC,WA,ANM,WE,Combined TRACON& Tower with Radar,17,20,15,0,52,3,0,69,0,72,20,20,84,0,124,42,0,42,166
05/01/2006,PSC,WA,ANM,WE,Combined TRACON& Tower with Radar,16,49,5,4,74,0,3,30,0,33,16,52,35,4,107,2,2,4,111
05/02/2006,PSC,WA,ANM,WE,Combined TRACON& Tower with Radar,15,49,20,0,84,0,10,64,0,74,15,59,84,0,158,48,0,48,206
05/03/2006,PSC,WA,ANM,WE,Combined TRACON& Tower with Radar,13,60,20,2,95,0,0,33,0,33,13,60,53,2,128,36,0,36,164
05/04/2006,PSC,WA,ANM,WE,Combined TRACON& Tower with Radar,18,32,17,2,69,0,11,11,2,24,18,43,28,4,93,0,0,0,93
05/05/2006,PSC,WA,ANM,WE,Combined TRACON& Tower with Radar,15,34,15,2,66,0,9,65,0,74,15,43,80,2,140,70,0,70,210
05/06/2006,PSC,WA,ANM,WE,Combined TRACON& Tower with Radar,12,18,12,0,42,0,0,24,2,26,12,18,36,2,68,56,0,56,124
05/07/2006,PSC,WA,ANM,WE,Combined TRACON& Tower with Radar,16,20,14,2,52,0,0,24,0,24,16,20,38,2,76,50,0,50,126
05/08/2006,PSC,WA,ANM,WE,Combined TRACON& Tower with Radar,16,37,16,7,76,0,4,24,4,32,16,41,40,11,108,46,16,62,170
05/09/2006,PSC,WA,ANM,WE,Combined TRACON& Tower with Radar,14,56,19,2,91,0,2,44,0,46,14,58,63,2,137,32,0,32,169
05/10/2006,PSC,WA,ANM,WE,Combined TRACON& Tower with Radar,16,44,38,0,98,0,0,28,2,30,16,44,66,2,128,84,2,86,214
05/11/2006,PSC,WA,ANM,WE,Combined TRACON& Tower with Radar,18,47,19,0,84,0,0,49,0,49,18,47,68,0,133,82,0,82,215
05/12/2006,PSC,WA,ANM,WE,Combined TRACON& Tower with Radar,15,56,27,0,98,0,10,30,0,40,15,66,57,0,138,64,0,64,202
05/13/2006,PSC,WA,ANM,WE,Combined TRACON& Tower with Radar,13,24,21,0,58,0,7,64,0,71,13,31,85,0,129,54,0,54,183
05/14/2006,PSC,WA,ANM,WE,Combined TRACON& Tower with Radar,22,18,16,0,56,0,7,73,0,80,22,25,89,0,136,62,0,62,198
05/15/2006,PSC,WA,ANM,WE,Combined TRACON& Tower with Radar,17,48,20,0,85,2,13,59,2,76,19,61,79,2,161,90,2,92,253
05/16/2006,PSC,WA,ANM,WE,Combined TRACON& Tower with Radar,15,54,16,2,87,0,5,46,0,51,15,59,62,2,138,72,0,72,210
05/17/2006,PSC,WA,ANM,WE,Combined TRACON& Tower with Radar,15,56,36,0,107,0,0,22,4,26,15,56,58,4,133,22,2,24,157
05/18/2006,PSC,WA,ANM,WE,Combined TRACON& Tower with Radar,17,47,29,0,93,0,8,38,0,46,17,55,67,0,139,50,0,50,189
05/19/2006,PSC,WA,ANM,WE,Combined TRACON& Tower with Radar,15,48,22,8,93,0,0,47,0,47,15,48,69,8,140,74,0,74,214
05/20/2006,PSC,WA,ANM,WE,Combined TRACON& Tower with Radar,13,22,13,5,53,0,0,110,2,112,13,22,123,7,165,140,0,140,305
05/21/2006,PSC,WA,ANM,WE,Combined TRACON& Tower with Radar,15,19,15,0,49,0,1,51,0,52,15,20,66,0,101,44,0,44,145
05/22/2006,PSC,WA,ANM,WE,Combined TRACON& Tower with Radar,15,54,12,0,81,0,5,19,0,24,15,59,31,0,105,0,0,0,105
05/23/2006,PSC,WA,ANM,WE,Combined TRACON& Tower with Radar,16,42,22,0,80,0,10,29,0,39,16,52,51,0,119,82,0,82,201
05/24/2006,PSC,WA,ANM,WE,Combined TRACON& Tower with Radar,14,39,34,0,87,0,5,32,0,37,14,44,66,0,124,10,0,10,134
05/25/2006,PSC,WA,ANM,WE,Combined TRACON& Tower with Radar,17,53,24,0,94,0,0,3,0,3,17,53,27,0,97,90,0,90,187
05/26/2006,PSC,WA,ANM,WE,Combined TRACON& Tower with Radar,16,43,17,2,78,0,25,49,10,84,16,68,66,12,162,14,30,44,206
05/27/2006,PSC,WA,ANM,WE,Combined TRACON& Tower with Radar,13,20,19,0,52,0,3,33,0,36,13,23,52,0,88,48,0,48,136
05/28/2006,PSC,WA,ANM,WE,Combined TRACON& Tower with Radar,14,14,9,0,37,3,0,19,0,22,17,14,28,0,59,22,0,22,81
05/29/2006,PSC,WA,ANM,WE,Combined TRACON& Tower with Radar,15,49,18,0,82,0,2,56,0,58,15,51,74,0,140,38,0,38,178
05/30/2006,PSC,WA,ANM,WE,Combined TRACON& Tower with Radar,17,34,18,0,69,0,20,39,0,59,17,54,57,0,128,34,0,34,162
05/31/2006,PSC,WA,ANM,WE,Combined TRACON& Tower with Radar,15,49,25,0,89,0,4,39,0,43,15,53,64,0,132,38,0,38,170
06/01/2006,PSC,WA,ANM,WE,Combined TRACON& Tower with Radar,17,42,16,2,77,0,5,35,6,46,17,47,51,8,123,44,0,44,167
06/02/2006,PSC,WA,ANM,WE,Combined TRACON& Tower with Radar,16,41,23,2,82,0,2,29,0,31,16,43,52,2,113,12,0,12,125
06/03/2006,PSC,WA,ANM,WE,Combined TRACON& Tower with Radar,12,19,16,0,47,0,1,53,0,54,12,20,69,0,101,102,0,102,203
06/04/2006,PSC,WA,ANM,WE,Combined TRACON& Tower with Radar,22,21,3,2,48,0,0,28,0,28,22,21,31,2,76,0,42,42,118
06/05/2006,PSC,WA,ANM,WE,Combined TRACON& Tower with Radar,16,33,16,0,65,0,14,67,0,81,16,47,83,0,146,50,0,50,196
06/06/2006,PSC,WA,ANM,WE,Combined TRACON& Tower with Radar,20,59,23,2,104,0,0,59,2,61,20,59,82,4,165,32,4,36,201
06/07/2006,PSC,WA,ANM,WE,Combined TRACON& Tower with Radar,16,45,31,0,92,0,9,43,0,52,16,54,74,0,144,46,0,46,190
06/08/2006,PSC,WA,ANM,WE,Combined TRACON& Tower with Radar,18,41,16,0,75,0,19,37,0,56,18,60,53,0,131,4,0,4,135
06/09/2006,PSC,WA,ANM,WE,Combined TRACON& Tower with Radar,13,46,12,0,71,0,1,38,0,39,13,47,50,0,110,26,0,26,136
06/10/2006,PSC,WA,ANM,WE,Combined TRACON& Tower with Radar,13,21,8,0,42,2,0,68,0,70,15,21,76,0,112,50,0,50,162
06/11/2006,PSC,WA,ANM,WE,Combined TRACON& Tower with Radar,19,16,7,0,42,0,4,59,0,63,19,20,66,0,105,52,0,52,157
06/12/2006,PSC,WA,ANM,WE,Combined TRACON& Tower with Radar,17,55,25,0,97,0,2,59,0,61,17,57,84,0,158,46,0,46,204
06/13/2006,PSC,WA,ANM,WE,Combined TRACON& Tower with Radar,18,62,19,0,99,0,0,42,0,42,18,62,61,0,141,61,20,81,222
06/14/2006,PSC,WA,ANM,WE,Combined TRACON& Tower with Radar,14,44,21,3,82,4,14,69,1,88,18,58,90,4,170,50,0,50,220
06/15/2006,PSC,WA,ANM,WE,Combined TRACON& Tower with Radar,18,50,20,2,90,0,3,58,4,65,18,53,78,6,155,32,0,32,187
06/16/2006,PSC,WA,ANM,WE,Combined TRACON& Tower with Radar,14,53,12,0,79,0,5,35,0,40,14,58,47,0,119,16,0,16,135
06/17/2006,PSC,WA,ANM,WE,Combined TRACON& Tower with Radar,13,19,11,0,43,0,0,88,0,88,13,19,99,0,131,50,0,50,181
06/18/2006,PSC,WA,ANM,WE,Combined TRACON& Tower with Radar,15,22,6,0,43,0,6,99,0,105,15,28,105,0,148,68,0,68,216
06/19/2006,PSC,WA,ANM,WE,Combined TRACON& Tower with Radar,17,49,15,0,81,0,13,76,0,89,17,62,91,0,170,32,0,32,202
06/20/2006,PSC,WA,ANM,WE,Combined TRACON& Tower with Radar,18,59,17,2,96,0,0,35,0,35,18,59,52,2,131,42,8,50,181
06/21/2006,PSC,WA,ANM,WE,Combined TRACON& Tower with Radar,17,62,40,0,119,0,2,62,0,64,17,64,102,0,183,46,0,46,229
06/22/2006,PSC,WA,ANM,WE,Combined TRACON& Tower with Radar,20,54,26,0,100,0,0,69,0,69,20,54,95,0,169,44,0,44,213
06/23/2006,PSC,WA,ANM,WE,Combined TRACON& Tower with Radar,18,40,23,0,81,0,18,68,0,86,18,58,91,0,167,34,0,34,201
06/24/2006,PSC,WA,ANM,WE,Combined TRACON& Tower with Radar,12,24,18,0,54,0,0,60,0,60,12,24,78,0,114,34,0,34,148
06/25/2006,PSC,WA,ANM,WE,Combined TRACON& Tower with Radar,17,18,12,0,47,0,0,34,2,36,17,18,46,2,83,18,2,20,103
06/26/2006,PSC,WA,ANM,WE,Combined TRACON& Tower with Radar,11,37,17,0,65,3,1,35,0,39,14,38,52,0,104,10,0,10,114
06/27/2006,PSC,WA,ANM,WE,Combined TRACON& Tower with Radar,20,54,10,0,84,0,4,36,0,40,20,58,46,0,124,8,0,8,132
06/28/2006,PSC,WA,ANM,WE,Combined TRACON& Tower with Radar,15,52,15,0,82,0,13,35,0,48,15,65,50,0,130,8,0,8,138
06/29/2006,PSC,WA,ANM,WE,Combined TRACON& Tower with Radar,19,52,36,0,107,1,0,41,0,42,20,52,77,0,149,12,0,12,161
06/30/2006,PSC,WA,ANM,WE,Combined TRACON& Tower with Radar,15,60,15,0,90,0,1,45,0,46,15,61,60,0,136,50,0,50,186
07/01/2006,PSC,WA,ANM,WE,Combined TRACON& Tower with Radar,15,22,7,0,44,0,0,40,0,40,15,22,47,0,84,28,0,28,112
07/02/2006,PSC,WA,ANM,WE,Combined TRACON& Tower with Radar,17,18,10,0,45,0,8,48,0,56,17,26,58,0,101,40,0,40,141
07/03/2006,PSC,WA,ANM,WE,Combined TRACON& Tower with Radar,16,58,10,0,84,0,0,42,0,42,16,58,52,0,126,34,0,34,160
07/04/2006,PSC,WA,ANM,WE,Combined TRACON& Tower with Radar,17,33,11,0,61,0,2,22,0,24,17,35,33,0,85,48,0,48,133
07/05/2006,PSC,WA,ANM,WE,Combined TRACON& Tower with Radar,16,48,21,0,85,0,0,36,0,36,16,48,57,0,121,12,0,12,133
07/06/2006,PSC,WA,ANM,WE,Combined TRACON& Tower with Radar,17,47,16,0,80,0,1,52,0,53,17,48,68,0,133,94,0,94,227
07/07/2006,PSC,WA,ANM,WE,Combined TRACON& Tower with Radar,17,42,17,2,78,0,6,48,0,54,17,48,65,2,132,86,8,94,226
07/08/2006,PSC,WA,ANM,WE,Combined TRACON& Tower with Radar,13,23,10,0,46,1,0,48,0,49,14,23,58,0,95,92,0,92,187
07/09/2006,PSC,WA,ANM,WE,Combined TRACON& Tower with Radar,16,19,21,0,56,0,7,34,0,41,16,26,55,0,97,54,0,54,151
07/10/2006,PSC,WA,ANM,WE,Combined TRACON& Tower with Radar,18,35,7,3,63,4,32,50,5,91,22,67,57,8,154,46,42,88,242
07/11/2006,PSC,WA,ANM,WE,Combined TRACON& Tower with Radar,21,55,33,4,113,0,14,78,0,92,21,69,111,4,205,56,0,56,261
07/12/2006,PSC,WA,ANM,WE,Combined TRACON& Tower with Radar,16,48,24,6,94,0,11,45,2,58,16,59,69,8,152,18,16,34,186
07/13/2006,PSC,WA,ANM,WE,Combined TRACON& Tower with Radar,21,37,21,3,82,0,3,46,1,50,21,40,67,4,132,54,0,54,186
07/14/2006,PSC,WA,ANM,WE,Combined TRACON& Tower with Radar,16,40,11,0,67,0,25,83,0,108,16,65,94,0,175,58,0,58,233
07/15/2006,PSC,WA,ANM,WE,Combined TRACON& Tower with Radar,13,21,4,0,38,4,0,50,0,54,17,21,54,0,92,48,0,48,140
07/16/2006,PSC,WA,ANM,WE,Combined TRACON& Tower with Radar,17,18,5,0,40,0,0,43,0,43,17,18,48,0,83,26,0,26,109
07/17/2006,PSC,WA,ANM,WE,Combined TRACON& Tower with Radar,17,41,16,0,74,0,27,48,0,75,17,68,64,0,149,18,0,18,167
07/18/2006,PSC,WA,ANM,WE,Combined TRACON& Tower with Radar,20,61,63,4,148,0,0,0,0,0,20,61,63,4,148,82,4,86,234
07/19/2006,PSC,WA,ANM,WE,Combined TRACON& Tower with Radar,15,9,14,0,38,0,58,34,0,92,15,67,48,0,130,76,0,76,206
07/20/2006,PSC,WA,ANM,WE,Combined TRACON& Tower with Radar,19,48,21,0,88,0,5,51,0,56,19,53,72,0,144,84,0,84,228
07/21/2006,PSC,WA,ANM,WE,Combined TRACON& Tower with Radar,16,41,16,1,74,0,4,55,0,59,16,45,71,1,133,94,0,94,227
07/22/2006,PSC,WA,ANM,WE,Combined TRACON& Tower with Radar,15,21,2,0,38,2,0,48,0,50,17,21,50,0,88,96,0,96,184
07/23/2006,PSC,WA,ANM,WE,Combined TRACON& Tower with Radar,16,19,10,0,45,0,0,14,0,14,16,19,24,0,59,16,0,16,75
07/24/2006,PSC,WA,ANM,WE,Combined TRACON& Tower with Radar,15,55,16,0,86,0,4,37,0,41,15,59,53,0,127,6,0,6,133
07/25/2006,PSC,WA,ANM,WE,Combined TRACON& Tower with Radar,17,45,21,1,84,0,0,0,0,0,17,45,21,1,84,51,0,51,135
07/26/2006,PSC,WA,ANM,WE,Combined TRACON& Tower with Radar,14,61,16,5,96,0,0,41,0,41,14,61,57,5,137,48,14,62,199
07/27/2006,PSC,WA,ANM,WE,Combined TRACON& Tower with Radar,18,53,19,4,94,0,0,46,1,47,18,53,65,5,141,78,4,82,223
07/28/2006,PSC,WA,ANM,WE,Combined TRACON& Tower with Radar,16,48,16,2,82,0,4,65,2,71,16,52,81,4,153,48,10,58,211
07/29/2006,PSC,WA,ANM,WE,Combined TRACON& Tower with Radar,14,22,14,8,58,0,0,63,6,69,14,22,77,14,127,78,14,92,219
07/30/2006,PSC,WA,ANM,WE,Combined TRACON& Tower with Radar,18,19,11,1,49,0,0,37,0,37,18,19,48,1,86,20,2,22,108
07/31/2006,PSC,WA,ANM,WE,Combined TRACON& Tower with Radar,14,52,13,5,84,2,13,41,3,59,16,65,54,8,143,52,2,54,197
08/01/2006,PSC,WA,ANM,WE,Combined TRACON& Tower with Radar,21,62,51,8,142,0,0,10,0,10,21,62,61,8,152,62,8,70,222
08/02/2006,PSC,WA,ANM,WE,Combined TRACON& Tower with Radar,16,44,18,4,82,0,19,55,10,84,16,63,73,14,166,46,68,114,280
08/03/2006,PSC,WA,ANM,WE,Combined TRACON& Tower with Radar,17,40,15,0,72,0,3,78,0,81,17,43,93,0,153,94,0,94,247
08/04/2006,PSC,WA,ANM,WE,Combined TRACON& Tower with Radar,16,42,11,3,72,0,18,64,2,84,16,60,75,5,156,118,4,122,278
08/05/2006,PSC,WA,ANM,WE,Combined TRACON& Tower with Radar,15,21,5,0,41,2,0,54,0,56,17,21,59,0,97,46,0,46,143
08/06/2006,PSC,WA,ANM,WE,Combined TRACON& Tower with Radar,18,19,6,4,47,0,0,50,0,50,18,19,56,4,97,56,0,56,153
08/07/2006,PSC,WA,ANM,WE,Combined TRACON& Tower with Radar,16,30,23,0,69,1,29,44,0,74,17,59,67,0,143,32,0,32,175
08/08/2006,PSC,WA,ANM,WE,Combined TRACON& Tower with Radar,19,47,18,6,90,0,15,36,0,51,19,62,54,6,141,58,0,58,199
08/09/2006,PSC,WA,ANM,WE,Combined TRACON& Tower with Radar,16,60,20,2,98,3,0,53,0,56,19,60,73,2,154,102,2,104,258
08/10/2006,PSC,WA,ANM,WE,Combined TRACON& Tower with Radar,17,49,12,0,78,0,1,52,0,53,17,50,64,0,131,104,0,104,235
08/11/2006,PSC,WA,ANM,WE,Combined TRACON& Tower with Radar,15,38,19,0,72,0,23,76,3,102,15,61,95,3,174,110,0,110,284
08/12/2006,PSC,WA,ANM,WE,Combined TRACON& Tower with Radar,14,22,6,0,42,2,0,58,0,60,16,22,64,0,102,96,0,96,198
08/13/2006,PSC,WA,ANM,WE,Combined TRACON& Tower with Radar,16,20,25,0,61,0,0,40,0,40,16,20,65,0,101,60,0,60,161
08/14/2006,PSC,WA,ANM,WE,Combined TRACON& Tower with Radar,16,51,10,2,79,0,11,34,8,53,16,62,44,10,132,52,38,90,222
08/15/2006,PSC,WA,ANM,WE,Combined TRACON& Tower with Radar,18,57,9,2,86,0,0,39,0,39,18,57,48,2,125,46,0,46,171
08/16/2006,PSC,WA,ANM,WE,Combined TRACON& Tower with Radar,14,51,22,0,87,2,11,55,0,68,16,62,77,0,155,102,0,102,257
08/17/2006,PSC,WA,ANM,WE,Combined TRACON& Tower with Radar,18,51,29,0,98,0,9,47,0,56,18,60,76,0,154,84,0,84,238
08/18/2006,PSC,WA,ANM,WE,Combined TRACON& Tower with Radar,19,29,33,2,83,0,24,43,0,67,19,53,76,2,150,26,0,26,176
08/19/2006,PSC,WA,ANM,WE,Combined TRACON& Tower with Radar,14,22,16,0,52,2,2,25,0,29,16,24,41,0,81,116,0,116,197
08/20/2006,PSC,WA,ANM,WE,Combined TRACON& Tower with Radar,19,20,12,0,51,0,0,36,2,38,19,20,48,2,89,50,2,52,141
08/21/2006,PSC,WA,ANM,WE,Combined TRACON& Tower with Radar,17,54,12,8,91,0,11,59,0,70,17,65,71,8,161,30,8,38,199
08/22/2006,PSC,WA,ANM,WE,Combined TRACON& Tower with Radar,13,58,74,0,145,0,0,0,0,0,13,58,74,0,145,46,0,46,191
08/23/2006,PSC,WA,ANM,WE,Combined TRACON& Tower with Radar,16,46,26,0,88,0,9,52,0,61,16,55,78,0,149,64,0,64,213
08/24/2006,PSC,WA,ANM,WE,Combined TRACON& Tower with Radar,19,38,25,5,87,0,4,41,1,46,19,42,66,6,133,60,22,82,215
08/25/2006,PSC,WA,ANM,WE,Combined TRACON& Tower with Radar,17,40,15,0,72,0,17,75,0,92,17,57,90,0,164,86,0,86,250
08/26/2006,PSC,WA,ANM,WE,Combined TRACON& Tower with Radar,15,27,9,4,55,0,0,38,0,38,15,27,47,4,93,82,42,124,217
08/27/2006,PSC,WA,ANM,WE,Combined TRACON& Tower with Radar,17,22,7,0,46,0,0,63,0,63,17,22,70,0,109,32,0,32,141
08/28/2006,PSC,WA,ANM,WE,Combined TRACON& Tower with Radar,16,52,12,0,80,0,6,40,0,46,16,58,52,0,126,52,0,52,178
08/29/2006,PSC,WA,ANM,WE,Combined TRACON& Tower with Radar,15,55,15,0,85,0,9,19,0,28,15,64,34,0,113,42,0,42,155
08/30/2006,PSC,WA,ANM,WE,Combined TRACON& Tower with Radar,14,56,35,1,106,0,0,25,0,25,14,56,60,1,131,30,0,30,161
08/31/2006,PSC,WA,ANM,WE,Combined TRACON& Tower with Radar,20,48,40,0,108,0,0,34,0,34,20,48,74,0,142,46,0,46,188
09/01/2006,PSC,WA,ANM,WE,Combined TRACON& Tower with Radar,18,27,14,11,70,0,9,49,0,58,18,36,63,11,128,82,2,84,212
09/02/2006,PSC,WA,ANM,WE,Combined TRACON& Tower with Radar,14,25,2,0,41,0,0,49,0,49,14,25,51,0,90,96,0,96,186
09/03/2006,PSC,WA,ANM,WE,Combined TRACON& Tower with Radar,11,19,3,0,33,0,0,41,0,41,11,19,44,0,74,102,0,102,176
09/04/2006,PSC,WA,ANM,WE,Combined TRACON& Tower with Radar,13,24,14,0,51,2,0,39,0,41,15,24,53,0,92,58,0,58,150
09/05/2006,PSC,WA,ANM,WE,Combined TRACON& Tower with Radar,19,58,18,0,95,0,0,0,0,0,19,58,18,0,95,8,0,8,103
09/06/2006,PSC,WA,ANM,WE,Combined TRACON& Tower with Radar,15,46,18,0,79,0,0,17,2,19,15,46,35,2,98,72,0,72,170
09/07/2006,PSC,WA,ANM,WE,Combined TRACON& Tower with Radar,19,37,24,2,82,0,0,37,0,37,19,37,61,2,119,74,6,80,199
09/08/2006,PSC,WA,ANM,WE,Combined TRACON& Tower with Radar,16,40,24,4,84,4,20,67,0,91,20,60,91,4,175,64,12,76,251
09/09/2006,PSC,WA,ANM,WE,Combined TRACON& Tower with Radar,11,22,21,2,56,0,6,27,0,33,11,28,48,2,89,70,4,74,163
09/10/2006,PSC,WA,ANM,WE,Combined TRACON& Tower with Radar,16,23,10,2,51,0,0,40,2,42,16,23,50,4,93,88,2,90,183
09/11/2006,PSC,WA,ANM,WE,Combined TRACON& Tower with Radar,16,47,8,0,71,0,8,67,0,75,16,55,75,0,146,38,0,38,184
09/12/2006,PSC,WA,ANM,WE,Combined TRACON& Tower with Radar,13,52,14,0,79,0,5,34,0,39,13,57,48,0,118,40,0,40,158
09/13/2006,PSC,WA,ANM,WE,Combined TRACON& Tower with Radar,15,55,30,3,103,0,0,35,7,42,15,55,65,10,145,141,0,141,286
09/14/2006,PSC,WA,ANM,WE,Combined TRACON& Tower with Radar,15,35,25,4,79,0,0,21,7,28,15,35,46,11,107,46,8,54,161
09/15/2006,PSC,WA,ANM,WE,Combined TRACON& Tower with Radar,14,43,23,4,84,0,0,34,0,34,14,43,57,4,118,68,0,68,186
09/16/2006,PSC,WA,ANM,WE,Combined TRACON& Tower with Radar,11,26,12,0,49,0,1,49,0,50,11,27,61,0,99,90,0,90,189
09/17/2006,PSC,WA,ANM,WE,Combined TRACON& Tower with Radar,13,20,16,0,49,0,2,48,0,50,13,22,64,0,99,72,0,72,171
09/18/2006,PSC,WA,ANM,WE,Combined TRACON& Tower with Radar,15,47,5,0,67,0,13,47,0,60,15,60,52,0,127,62,0,62,189
09/19/2006,PSC,WA,ANM,WE,Combined TRACON& Tower with Radar,14,55,35,0,104,0,2,12,0,14,14,57,47,0,118,22,0,22,140
09/20/2006,PSC,WA,ANM,WE,Combined TRACON& Tower with Radar,19,41,21,6,87,0,16,6,8,30,19,57,27,14,117,24,16,40,157
09/21/2006,PSC,WA,ANM,WE,Combined TRACON& Tower with Radar,20,49,16,2,87,0,9,22,0,31,20,58,38,2,118,46,0,46,164
09/22/2006,PSC,WA,ANM,WE,Combined TRACON& Tower with Radar,17,35,11,0,63,0,0,59,0,59,17,35,70,0,122,100,0,100,222
09/23/2006,PSC,WA,ANM,WE,Combined TRACON& Tower with Radar,13,23,14,0,50,0,0,46,0,46,13,23,60,0,96,48,0,48,144
09/24/2006,PSC,WA,ANM,WE,Combined TRACON& Tower with Radar,18,20,17,2,57,0,0,56,0,56,18,20,73,2,113,60,12,72,185
09/25/2006,PSC,WA,ANM,WE,Combined TRACON& Tower with Radar,17,29,7,2,55,0,5,24,0,29,17,34,31,2,84,28,0,28,112
09/26/2006,PSC,WA,ANM,WE,Combined TRACON& Tower with Radar,11,60,28,3,102,0,0,55,1,56,11,60,83,4,158,38,0,38,196
09/27/2006,PSC,WA,ANM,WE,Combined TRACON& Tower with Radar,14,54,56,0,124,0,0,0,0,0,14,54,56,0,124,54,0,54,178
09/28/2006,PSC,WA,ANM,WE,Combined TRACON& Tower with Radar,16,50,21,0,87,0,11,55,0,66,16,61,76,0,153,84,0,84,237
09/29/2006,PSC,WA,ANM,WE,Combined TRACON& Tower with Radar,16,50,26,0,92,0,6,61,0,67,16,56,87,0,159,92,0,92,251
09/30/2006,PSC,WA,ANM,WE,Combined TRACON& Tower with Radar,10,25,8,0,43,0,2,74,0,76,10,27,82,0,119,96,0,96,215
10/01/2006,PSC,WA,ANM,WE,Combined TRACON& Tower with Radar,15,21,14,0,50,1,5,58,0,64,16,26,72,0,114,104,0,104,218
10/02/2006,PSC,WA,ANM,WE,Combined TRACON& Tower with Radar,15,47,13,4,79,0,9,25,0,34,15,56,38,4,113,50,10,60,173
10/03/2006,PSC,WA,ANM,WE,Combined TRACON& Tower with Radar,16,43,29,0,88,0,10,22,0,32,16,53,51,0,120,38,0,38,158
10/04/2006,PSC,WA,ANM,WE,Combined TRACON& Tower with Radar,12,40,23,0,75,0,0,23,0,23,12,40,46,0,98,48,0,48,146
10/05/2006,PSC,WA,ANM,WE,Combined TRACON& Tower with Radar,18,38,24,1,81,0,4,48,1,53,18,42,72,2,134,60,0,60,194
10/06/2006,PSC,WA,ANM,WE,Combined TRACON& Tower with Radar,18,37,11,0,66,0,18,69,0,87,18,55,80,0,153,72,0,72,225
10/07/2006,PSC,WA,ANM,WE,Combined TRACON& Tower with Radar,15,26,36,0,77,0,0,65,0,65,15,26,101,0,142,134,0,134,276
10/08/2006,PSC,WA,ANM,WE,Combined TRACON& Tower with Radar,16,20,18,0,54,0,10,51,0,61,16,30,69,0,115,106,0,106,221
10/09/2006,PSC,WA,ANM,WE,Combined TRACON& Tower with Radar,14,43,3,0,60,3,6,36,0,45,17,49,39,0,105,38,0,38,143
10/10/2006,PSC,WA,ANM,WE,Combined TRACON& Tower with Radar,18,50,16,0,84,0,6,46,2,54,18,56,62,2,138,40,2,42,180
10/11/2006,PSC,WA,ANM,WE,Combined TRACON& Tower with Radar,12,45,22,0,79,2,5,67,2,76,14,50,89,2,155,102,0,102,257
10/12/2006,PSC,WA,ANM,WE,Combined TRACON& Tower with Radar,18,37,16,0,71,0,0,65,0,65,18,37,81,0,136,66,0,66,202
10/13/2006,PSC,WA,ANM,WE,Combined TRACON& Tower with Radar,16,45,21,5,87,0,0,96,0,96,16,45,117,5,183,74,0,74,257
10/14/2006,PSC,WA,ANM,WE,Combined TRACON& Tower with Radar,9,22,7,0,38,0,3,75,0,78,9,25,82,0,116,92,0,92,208
10/15/2006,PSC,WA,ANM,WE,Combined TRACON& Tower with Radar,14,20,16,1,51,0,0,45,1,46,14,20,61,2,97,102,0,102,199
10/16/2006,PSC,WA,ANM,WE,Combined TRACON& Tower with Radar,19,48,9,0,76,0,12,13,0,25,19,60,22,0,101,2,0,2,103
10/17/2006,PSC,WA,ANM,WE,Combined TRACON& Tower with Radar,16,49,33,0,98,1,9,22,0,32,17,58,55,0,130,14,0,14,144
10/18/2006,PSC,WA,ANM,WE,Combined TRACON& Tower with Radar,15,55,20,12,102,0,0,41,0,41,15,55,61,12,143,96,52,148,291
10/19/2006,PSC,WA,ANM,WE,Combined TRACON& Tower with Radar,19,41,29,6,95,0,4,34,2,40,19,45,63,8,135,60,28,88,223
10/20/2006,PSC,WA,ANM,WE,Combined TRACON& Tower with Radar,15,40,19,0,74,1,4,55,0,60,16,44,74,0,134,76,2,78,212
10/21/2006,PSC,WA,ANM,WE,Combined TRACON& Tower with Radar,9,26,19,0,54,0,0,62,0,62,9,26,81,0,116,156,0,156,272
10/22/2006,PSC,WA,ANM,WE,Combined TRACON& Tower with Radar,10,23,21,0,54,0,2,59,0,61,10,25,80,0,115,102,0,102,217
10/23/2006,PSC,WA,ANM,WE,Combined TRACON& Tower with Radar,16,56,20,0,92,0,2,46,0,48,16,58,66,0,140,42,0,42,182
10/24/2006,PSC,WA,ANM,WE,Combined TRACON& Tower with Radar,17,51,31,6,105,0,20,30,0,50,17,71,61,6,155,0,2,2,157
10/25/2006,PSC,WA,ANM,WE,Combined TRACON& Tower with Radar,17,68,25,8,118,0,0,65,3,68,17,68,90,11,186,76,26,102,288
10/26/2006,PSC,WA,ANM,WE,Combined TRACON& Tower with Radar,16,48,15,3,82,0,5,54,6,65,16,53,69,9,147,80,12,92,239
10/27/2006,PSC,WA,ANM,WE,Combined TRACON& Tower with Radar,13,48,15,0,76,3,5,78,0,86,16,53,93,0,162,70,0,70,232
10/28/2006,PSC,WA,ANM,WE,Combined TRACON& Tower with Radar,10,25,22,0,57,1,0,80,0,81,11,25,102,0,138,88,0,88,226
10/29/2006,PSC,WA,ANM,WE,Combined TRACON& Tower with Radar,16,26,8,9,59,0,0,5,2,7,16,26,13,11,66,31,14,45,111
10/30/2006,PSC,WA,ANM,WE,Combined TRACON& Tower with Radar,16,52,21,0,89,0,15,25,0,40,16,67,46,0,129,38,0,38,167
10/31/2006,PSC,WA,ANM,WE,Combined TRACON& Tower with Radar,17,52,28,0,97,0,7,24,0,31,17,59,52,0,128,64,0,64,192
11/01/2006,PSC,WA,ANM,WE,Combined TRACON& Tower with Radar,13,49,38,0,100,0,0,48,0,48,13,49,86,0,148,60,0,60,208
11/02/2006,PSC,WA,ANM,WE,Combined TRACON& Tower with Radar,20,37,14,6,77,0,0,9,6,15,20,37,23,12,92,32,36,68,160
11/03/2006,PSC,WA,ANM,WE,Combined TRACON& Tower with Radar,18,54,12,3,87,0,3,33,1,37,18,57,45,4,124,94,10,104,228
11/04/2006,PSC,WA,ANM,WE,Combined TRACON& Tower with Radar,11,23,16,6,56,0,0,51,10,61,11,23,67,16,117,112,18,130,247
11/05/2006,PSC,WA,ANM,WE,Combined TRACON& Tower with Radar,17,22,21,30,90,1,3,39,2,45,18,25,60,32,135,64,68,132,267
11/06/2006,PSC,WA,ANM,WE,Combined TRACON& Tower with Radar,22,43,10,0,75,0,15,18,0,33,22,58,28,0,108,0,0,0,108
11/07/2006,PSC,WA,ANM,WE,Combined TRACON& Tower with Radar,17,56,13,0,86,0,2,21,0,23,17,58,34,0,109,0,0,0,109
11/08/2006,PSC,WA,ANM,WE,Combined TRACON& Tower with Radar,14,48,40,10,112,0,11,36,0,47,14,59,76,10,159,68,20,88,247
11/09/2006,PSC,WA,ANM,WE,Combined TRACON& Tower with Radar,16,40,19,0,75,0,11,50,0,61,16,51,69,0,136,56,0,56,192
11/10/2006,PSC,WA,ANM,WE,Combined TRACON& Tower with Radar,16,42,21,0,79,0,3,35,0,38,16,45,56,0,117,88,0,88,205
11/11/2006,PSC,WA,ANM,WE,Combined TRACON& Tower with Radar,10,21,5,0,36,0,0,47,0,47,10,21,52,0,83,26,0,26,109
11/12/2006,PSC,WA,ANM,WE,Combined TRACON& Tower with Radar,15,25,23,0,63,0,0,31,0,31,15,25,54,0,94,116,0,116,210
11/13/2006,PSC,WA,ANM,WE,Combined TRACON& Tower with Radar,14,44,19,0,77,0,0,3,0,3,14,44,22,0,80,0,0,0,80
11/14/2006,PSC,WA,ANM,WE,Combined TRACON& Tower with Radar,14,46,15,0,75,0,7,33,0,40,14,53,48,0,115,38,0,38,153
11/15/2006,PSC,WA,ANM,WE,Combined TRACON& Tower with Radar,20,33,8,0,61,2,0,31,0,33,22,33,39,0,94,44,0,44,138
11/16/2006,PSC,WA,ANM,WE,Combined TRACON& Tower with Radar,16,37,19,8,80,0,12,42,0,54,16,49,61,8,134,64,2,66,200
11/17/2006,PSC,WA,ANM,WE,Combined TRACON& Tower with Radar,14,46,17,0,77,0,6,46,0,52,14,52,63,0,129,68,0,68,197
11/18/2006,PSC,WA,ANM,WE,Combined TRACON& Tower with Radar,12,27,25,7,71,0,3,11,0,14,12,30,36,7,85,34,6,40,125
11/19/2006,PSC,WA,ANM,WE,Combined TRACON& Tower with Radar,16,18,23,0,57,0,1,14,0,15,16,19,37,0,72,46,0,46,118
11/20/2006,PSC,WA,ANM,WE,Combined TRACON& Tower with Radar,14,55,23,0,92,0,7,12,0,19,14,62,35,0,111,6,0,6,117
11/21/2006,PSC,WA,ANM,WE,Combined TRACON& Tower with Radar,19,61,18,5,103,0,2,27,6,35,19,63,45,11,138,10,42,52,190
11/22/2006,PSC,WA,ANM,WE,Combined TRACON& Tower with Radar,13,29,20,0,62,0,29,28,0,57,13,58,48,0,119,36,0,36,155
11/23/2006,PSC,WA,ANM,WE,Combined TRACON& Tower with Radar,13,17,4,0,34,0,0,7,0,7,13,17,11,0,41,0,0,0,41
11/24/2006,PSC,WA,ANM,WE,Combined TRACON& Tower with Radar,14,39,19,0,72,0,10,36,0,46,14,49,55,0,118,44,0,44,162
11/25/2006,PSC,WA,ANM,WE,Combined TRACON& Tower with Radar,14,22,7,0,43,7,0,56,0,63,21,22,63,0,106,32,0,32,138
11/26/2006,PSC,WA,ANM,WE,Combined TRACON& Tower with Radar,14,19,11,0,44,0,0,0,0,0,14,19,11,0,44,6,0,6,50
11/27/2006,PSC,WA,ANM,WE,Combined TRACON& Tower with Radar,14,45,18,0,77,3,13,25,0,41,17,58,43,0,118,28,0,28,146
11/28/2006,PSC,WA,ANM,WE,Combined TRACON& Tower with Radar,15,62,22,2,101,0,0,11,1,12,15,62,33,3,113,26,0,26,139
11/29/2006,PSC,WA,ANM,WE,Combined TRACON& Tower with Radar,14,76,30,0,120,0,0,35,0,35,14,76,65,0,155,64,0,64,219
11/30/2006,PSC,WA,ANM,WE,Combined TRACON& Tower with Radar,18,58,29,0,105,0,0,28,0,28,18,58,57,0,133,10,0,10,143
12/01/2006,PSC,WA,ANM,WE,Combined TRACON& Tower with Radar,12,49,15,0,76,0,5,40,0,45,12,54,55,0,121,46,0,46,167
12/02/2006,PSC,WA,ANM,WE,Combined TRACON& Tower with Radar,16,21,16,0,53,0,0,9,0,9,16,21,25,0,62,20,0,20,82
12/03/2006,PSC,WA,ANM,WE,Combined TRACON& Tower with Radar,15,21,12,0,48,0,0,0,0,0,15,21,12,0,48,0,0,0,48
12/04/2006,PSC,WA,ANM,WE,Combined TRACON& Tower with Radar,14,52,17,3,86,0,3,7,7,17,14,55,24,10,103,38,0,38,141
12/05/2006,PSC,WA,ANM,WE,Combined TRACON& Tower with Radar,16,54,30,0,100,0,12,44,0,56,16,66,74,0,156,40,0,40,196
12/06/2006,PSC,WA,ANM,WE,Combined TRACON& Tower with Radar,12,58,37,0,107,0,3,32,0,35,12,61,69,0,142,10,0,10,152
12/07/2006,PSC,WA,ANM,WE,Combined TRACON& Tower with Radar,19,50,26,10,105,0,6,10,0,16,19,56,36,10,121,18,0,18,139
12/08/2006,PSC,WA,ANM,WE,Combined TRACON& Tower with Radar,17,52,29,0,98,0,0,0,0,0,17,52,29,0,98,6,0,6,104
12/09/2006,PSC,WA,ANM,WE,Combined TRACON& Tower with Radar,14,28,9,0,51,0,0,0,0,0,14,28,9,0,51,10,0,10,61
12/10/2006,PSC,WA,ANM,WE,Combined TRACON& Tower with Radar,17,23,13,2,55,0,1,35,0,36,17,24,48,2,91,40,0,40,131
12/11/2006,PSC,WA,ANM,WE,Combined TRACON& Tower with Radar,15,51,15,0,81,0,0,18,0,18,15,51,33,0,99,2,0,2,101
12/12/2006,PSC,WA,ANM,WE,Combined TRACON& Tower with Radar,20,59,26,6,111,0,0,37,0,37,20,59,63,6,148,28,0,28,176
12/13/2006,PSC,WA,ANM,WE,Combined TRACON& Tower with Radar,13,61,27,0,101,0,5,6,0,11,13,66,33,0,112,0,0,0,112
12/14/2006,PSC,WA,ANM,WE,Combined TRACON& Tower with Radar,16,19,0,0,35,3,0,0,0,3,19,19,0,0,38,0,0,0,38
12/15/2006,PSC,WA,ANM,WE,Combined TRACON& Tower with Radar,14,26,7,0,47,0,22,24,0,46,14,48,31,0,93,12,0,12,105
12/16/2006,PSC,WA,ANM,WE,Combined TRACON& Tower with Radar,17,29,19,0,65,0,0,59,0,59,17,29,78,0,124,158,0,158,282
12/17/2006,PSC,WA,ANM,WE,Combined TRACON& Tower with Radar,15,17,27,0,59,2,0,8,1,11,17,17,35,1,70,12,0,12,82
12/18/2006,PSC,WA,ANM,WE,Combined TRACON& Tower with Radar,15,51,18,0,84,0,0,0,0,0,15,51,18,0,84,0,0,0,84
12/19/2006,PSC,WA,ANM,WE,Combined TRACON& Tower with Radar,17,42,27,0,86,0,6,2,0,8,17,48,29,0,94,24,0,24,118
12/20/2006,PSC,WA,ANM,WE,Combined TRACON& Tower with Radar,13,47,17,3,80,0,0,0,0,0,13,47,17,3,80,28,0,28,108
12/21/2006,PSC,WA,ANM,WE,Combined TRACON& Tower with Radar,12,43,15,3,73,0,3,2,1,6,12,46,17,4,79,12,0,12,91
12/22/2006,PSC,WA,ANM,WE,Combined TRACON& Tower with Radar,6,51,18,0,75,0,0,0,0,0,6,51,18,0,75,0,0,0,75
12/23/2006,PSC,WA,ANM,WE,Combined TRACON& Tower with Radar,15,19,15,0,49,1,0,14,0,15,16,19,29,0,64,0,0,0,64
12/24/2006,PSC,WA,ANM,WE,Combined TRACON& Tower with Radar,13,21,16,0,50,0,0,8,0,8,13,21,24,0,58,0,0,0,58
12/25/2006,PSC,WA,ANM,WE,Combined TRACON& Tower with Radar,9,24,9,0,42,0,0,3,0,3,9,24,12,0,45,0,0,0,45
12/26/2006,PSC,WA,ANM,WE,Combined TRACON& Tower with Radar,15,35,3,0,53,0,0,0,0,0,15,35,3,0,53,0,0,0,53
12/27/2006,PSC,WA,ANM,WE,Combined TRACON& Tower with Radar,13,39,8,0,60,2,0,13,0,15,15,39,21,0,75,28,0,28,103
12/28/2006,PSC,WA,ANM,WE,Combined TRACON& Tower with Radar,17,42,14,0,73,0,0,67,0,67,17,42,81,0,140,92,0,92,232
12/29/2006,PSC,WA,ANM,WE,Combined TRACON& Tower with Radar,12,30,12,3,57,2,2,42,1,47,14,32,54,4,104,54,18,72,176
12/30/2006,PSC,WA,ANM,WE,Combined TRACON& Tower with Radar,19,26,12,0,57,0,2,42,0,44,19,28,54,0,101,64,0,64,165
12/31/2006,PSC,WA,ANM,WE,Combined TRACON& Tower with Radar,15,15,7,0,37,0,0,18,0,18,15,15,25,0,55,50,0,50,105
01/01/2007,PSC,WA,ANM,WE,Combined TRACON& Tower with Radar,12,28,9,0,49,0,0,12,0,12,12,28,21,0,61,78,0,78,139
01/02/2007,PSC,WA,ANM,WE,Combined TRACON& Tower with Radar,16,43,10,0,69,0,2,11,0,13,16,45,21,0,82,0,0,0,82
01/03/2007,PSC,WA,ANM,WE,Combined TRACON& Tower with Radar,12,44,20,0,76,1,0,23,0,24,13,44,43,0,100,60,0,60,160
01/04/2007,PSC,WA,ANM,WE,Combined TRACON& Tower with Radar,13,42,37,0,92,0,17,6,2,25,13,59,43,2,117,36,4,40,157
01/05/2007,PSC,WA,ANM,WE,Combined TRACON& Tower with Radar,16,45,10,2,73,1,13,21,2,37,17,58,31,4,110,4,0,4,114
01/06/2007,PSC,WA,ANM,WE,Combined TRACON& Tower with Radar,10,39,20,2,71,3,0,14,10,27,13,39,34,12,98,82,0,82,180
01/07/2007,PSC,WA,ANM,WE,Combined TRACON& Tower with Radar,18,16,5,2,41,0,0,9,0,9,18,16,14,2,50,4,0,4,54
01/08/2007,PSC,WA,ANM,WE,Combined TRACON& Tower with Radar,16,51,14,0,81,2,5,28,0,35,18,56,42,0,116,56,0,56,172
01/09/2007,PSC,WA,ANM,WE,Combined TRACON& Tower with Radar,18,50,25,0,93,0,4,15,0,19,18,54,40,0,112,50,0,50,162
01/10/2007,PSC,WA,ANM,WE,Combined TRACON& Tower with Radar,14,48,26,7,95,0,21,30,2,53,14,69,56,9,148,46,26,72,220
01/11/2007,PSC,WA,ANM,WE,Combined TRACON& Tower with Radar,17,55,15,0,87,1,10,37,0,48,18,65,52,0,135,78,0,78,213
01/12/2007,PSC,WA,ANM,WE,Combined TRACON& Tower with Radar,18,48,16,5,87,0,13,76,19,108,18,61,92,24,195,52,18,70,265
01/13/2007,PSC,WA,ANM,WE,Combined TRACON& Tower with Radar,10,25,9,1,45,0,0,64,0,64,10,25,73,1,109,90,0,90,199
01/14/2007,PSC,WA,ANM,WE,Combined TRACON& Tower with Radar,16,24,20,0,60,0,0,43,0,43,16,24,63,0,103,74,0,74,177
01/15/2007,PSC,WA,ANM,WE,Combined TRACON& Tower with Radar,18,40,7,0,65,0,14,28,0,42,18,54,35,0,107,34,0,34,141
01/16/2007,PSC,WA,ANM,WE,Combined TRACON& Tower with Radar,20,48,13,2,83,0,0,9,0,9,20,48,22,2,92,26,28,54,146
01/17/2007,PSC,WA,ANM,WE,Combined TRACON& Tower with Radar,14,47,10,2,73,0,0,0,0,0,14,47,10,2,73,10,2,12,85
01/18/2007,PSC,WA,ANM,WE,Combined TRACON& Tower with Radar,15,48,26,0,89,3,0,0,0,3,18,48,26,0,92,0,0,0,92
01/19/2007,PSC,WA,ANM,WE,Combined TRACON& Tower with Radar,16,51,17,1,85,0,0,30,5,35,16,51,47,6,120,36,0,36,156
01/20/2007,PSC,WA,ANM,WE,Combined TRACON& Tower with Radar,11,28,26,0,65,0,0,31,0,31,11,28,57,0,96,88,0,88,184
01/21/2007,PSC,WA,ANM,WE,Combined TRACON& Tower with Radar,15,19,19,0,53,0,6,49,0,55,15,25,68,0,108,56,0,56,164
01/22/2007,PSC,WA,ANM,WE,Combined TRACON& Tower with Radar,20,50,22,2,94,0,7,20,2,29,20,57,42,4,123,4,2,6,129
01/23/2007,PSC,WA,ANM,WE,Combined TRACON& Tower with Radar,16,35,25,0,76,0,2,33,0,35,16,37,58,0,111,36,0,36,147
01/24/2007,PSC,WA,ANM,WE,Combined TRACON& Tower with Radar,14,32,49,0,95,0,0,2,1,3,14,32,51,1,98,80,0,80,178
01/25/2007,PSC,WA,ANM,WE,Combined TRACON& Tower with Radar,1,30,9,0,40,0,0,0,0,0,1,30,9,0,40,0,0,0,40
01/26/2007,PSC,WA,ANM,WE,Combined TRACON& Tower with Radar,18,43,25,0,86,0,4,0,0,4,18,47,25,0,90,0,0,0,90
01/27/2007,PSC,WA,ANM,WE,Combined TRACON& Tower with Radar,12,10,3,0,25,0,12,12,0,24,12,22,15,0,49,112,0,112,161
01/28/2007,PSC,WA,ANM,WE,Combined TRACON& Tower with Radar,14,17,19,0,50,0,0,28,0,28,14,17,47,0,78,100,0,100,178
01/29/2007,PSC,WA,ANM,WE,Combined TRACON& Tower with Radar,16,54,23,0,93,0,0,8,0,8,16,54,31,0,101,64,0,64,165
01/30/2007,PSC,WA,ANM,WE,Combined TRACON& Tower with Radar,15,43,24,0,82,5,0,17,0,22,20,43,41,0,104,30,0,30,134
01/31/2007,PSC,WA,ANM,WE,Combined TRACON& Tower with Radar,13,57,27,0,97,0,2,0,0,2,13,59,27,0,99,40,0,40,139
02/01/2007,PSC,WA,ANM,WE,Combined TRACON& Tower with Radar,15,50,29,4,98,0,0,33,0,33,15,50,62,4,131,56,16,72,203
02/02/2007,PSC,WA,ANM,WE,Combined TRACON& Tower with Radar,13,34,27,1,75,4,0,73,1,78,17,34,100,2,153,84,8,92,245
02/03/2007,PSC,WA,ANM,WE,Combined TRACON& Tower with Radar,10,14,7,0,31,0,0,1,0,1,10,14,8,0,32,28,0,28,60
02/04/2007,PSC,WA,ANM,WE,Combined TRACON& Tower with Radar,14,17,13,0,44,0,0,73,0,73,14,17,86,0,117,108,0,108,225
02/05/2007,PSC,WA,ANM,WE,Combined TRACON& Tower with Radar,18,52,19,0,89,0,0,8,0,8,18,52,27,0,97,0,0,0,97
02/06/2007,PSC,WA,ANM,WE,Combined TRACON& Tower with Radar,15,44,12,0,71,1,8,0,0,9,16,52,12,0,80,0,0,0,80
02/07/2007,PSC,WA,ANM,WE,Combined TRACON& Tower with Radar,10,45,16,0,71,0,0,0,0,0,10,45,16,0,71,0,0,0,71
02/08/2007,PSC,WA,ANM,WE,Combined TRACON& Tower with Radar,12,56,16,0,84,0,0,14,0,14,12,56,30,0,98,20,0,20,118
02/09/2007,PSC,WA,ANM,WE,Combined TRACON& Tower with Radar,14,46,18,3,81,2,0,11,0,13,16,46,29,3,94,55,0,55,149
02/10/2007,PSC,WA,ANM,WE,Combined TRACON& Tower with Radar,13,21,24,0,58,0,0,16,0,16,13,21,40,0,74,57,0,57,131
02/11/2007,PSC,WA,ANM,WE,Combined TRACON& Tower with Radar,17,19,13,2,51,0,0,7,0,7,17,19,20,2,58,64,0,64,122
02/12/2007,PSC,WA,ANM,WE,Combined TRACON& Tower with Radar,14,58,28,0,100,0,4,19,0,23,14,62,47,0,123,42,0,42,165
02/13/2007,PSC,WA,ANM,WE,Combined TRACON& Tower with Radar,16,58,28,0,102,0,0,0,0,0,16,58,28,0,102,6,0,6,108
02/14/2007,PSC,WA,ANM,WE,Combined TRACON& Tower with Radar,16,61,37,0,114,0,8,16,0,24,16,69,53,0,138,38,0,38,176
02/15/2007,PSC,WA,ANM,WE,Combined TRACON& Tower with Radar,19,49,32,4,104,0,16,23,0,39,19,65,55,4,143,32,4,36,179
02/16/2007,PSC,WA,ANM,WE,Combined TRACON& Tower with Radar,15,50,33,0,98,0,4,53,0,57,15,54,86,0,155,48,0,48,203
02/17/2007,PSC,WA,ANM,WE,Combined TRACON& Tower with Radar,9,25,17,0,51,1,0,96,0,97,10,25,113,0,148,136,0,136,284
02/18/2007,PSC,WA,ANM,WE,Combined TRACON& Tower with Radar,16,20,7,0,43,1,1,20,0,22,17,21,27,0,65,20,0,20,85
02/19/2007,PSC,WA,ANM,WE,Combined TRACON& Tower with Radar,16,43,22,0,81,1,4,18,0,23,17,47,40,0,104,0,0,0,104
02/20/2007,PSC,WA,ANM,WE,Combined TRACON& Tower with Radar,17,54,24,0,95,0,9,12,0,21,17,63,36,0,116,20,0,20,136
02/21/2007,PSC,WA,ANM,WE,Combined TRACON& Tower with Radar,12,51,28,3,94,2,0,13,0,15,14,51,41,3,109,64,8,72,181
02/22/2007,PSC,WA,ANM,WE,Combined TRACON& Tower with Radar,11,29,18,0,58,0,0,16,6,22,11,29,34,6,80,18,0,18,98
02/23/2007,PSC,WA,ANM,WE,Combined TRACON& Tower with Radar,14,52,19,0,85,0,0,10,0,10,14,52,29,0,95,14,0,14,109
02/24/2007,PSC,WA,ANM,WE,Combined TRACON& Tower with Radar,9,18,6,2,35,0,0,6,0,6,9,18,12,2,41,0,0,0,41
02/25/2007,PSC,WA,ANM,WE,Combined TRACON& Tower with Radar,16,19,18,1,54,0,0,13,0,13,16,19,31,1,67,28,0,28,95
02/26/2007,PSC,WA,ANM,WE,Combined TRACON& Tower with Radar,15,33,16,1,65,0,0,10,0,10,15,33,26,1,75,8,0,8,83
02/27/2007,PSC,WA,ANM,WE,Combined TRACON& Tower with Radar,15,33,18,0,66,0,0,24,9,33,15,33,42,9,99,32,0,32,131
02/28/2007,PSC,WA,ANM,WE,Combined TRACON& Tower with Radar,11,37,21,0,69,1,0,34,0,35,12,37,55,0,104,14,0,14,118
03/01/2007,PSC,WA,ANM,WE,Combined TRACON& Tower with Radar,15,37,20,2,74,0,1,33,0,34,15,38,53,2,108,44,26,70,178
03/02/2007,PSC,WA,ANM,WE,Combined TRACON& Tower with Radar,12,43,18,2,75,3,0,15,0,18,15,43,33,2,93,50,0,50,143
03/03/2007,PSC,WA,ANM,WE,Combined TRACON& Tower with Radar,13,22,14,0,49,0,0,16,0,16,13,22,30,0,65,98,2,100,165
03/04/2007,PSC,WA,ANM,WE,Combined TRACON& Tower with Radar,16,19,12,1,48,1,0,26,1,28,17,19,38,2,76,102,0,102,178
03/05/2007,PSC,WA,ANM,WE,Combined TRACON& Tower with Radar,17,31,16,0,64,2,0,18,0,20,19,31,34,0,84,32,0,32,116
03/06/2007,PSC,WA,ANM,WE,Combined TRACON& Tower with Radar,14,37,8,2,61,0,16,45,0,61,14,53,53,2,122,40,14,54,176
03/07/2007,PSC,WA,ANM,WE,Combined TRACON& Tower with Radar,13,33,21,0,67,0,0,10,0,10,13,33,31,0,77,34,0,34,111
03/08/2007,PSC,WA,ANM,WE,Combined TRACON& Tower with Radar,18,42,21,0,81,0,0,22,0,22,18,42,43,0,103,36,0,36,139
03/09/2007,PSC,WA,ANM,WE,Combined TRACON& Tower with Radar,14,46,28,0,88,0,14,29,0,43,14,60,57,0,131,74,0,74,205
03/10/2007,PSC,WA,ANM,WE,Combined TRACON& Tower with Radar,14,23,16,0,53,0,0,35,0,35,14,23,51,0,88,178,0,178,266
03/11/2007,PSC,WA,ANM,WE,Combined TRACON& Tower with Radar,16,22,6,0,44,0,6,41,2,49,16,28,47,2,93,42,1,43,136
03/12/2007,PSC,WA,ANM,WE,Combined TRACON& Tower with Radar,22,50,22,0,94,0,5,18,4,27,22,55,40,4,121,22,0,22,143
03/13/2007,PSC,WA,ANM,WE,Combined TRACON& Tower with Radar,16,58,28,0,102,0,2,30,0,32,16,60,58,0,134,80,0,80,214
03/14/2007,PSC,WA,ANM,WE,Combined TRACON& Tower with Radar,21,61,31,0,113,0,1,61,0,62,21,62,92,0,175,70,0,70,245
03/15/2007,PSC,WA,ANM,WE,Combined TRACON& Tower with Radar,22,44,32,0,98,0,0,61,0,61,22,44,93,0,159,64,0,64,223
03/16/2007,PSC,WA,ANM,WE,Combined TRACON& Tower with Radar,18,46,2,0,66,0,15,105,0,120,18,61,107,0,186,112,0,112,298
03/17/2007,PSC,WA,ANM,WE,Combined TRACON& Tower with Radar,14,25,14,0,53,0,0,60,0,60,14,25,74,0,113,138,0,138,251
03/18/2007,PSC,WA,ANM,WE,Combined TRACON& Tower with Radar,17,20,19,2,58,3,2,60,6,71,20,22,79,8,129,78,20,98,227
03/19/2007,PSC,WA,ANM,WE,Combined TRACON& Tower with Radar,21,50,11,0,82,0,11,32,0,43,21,61,43,0,125,22,0,22,147
03/20/2007,PSC,WA,ANM,WE,Combined TRACON& Tower with Radar,14,57,28,0,99,0,4,2,0,6,14,61,30,0,105,2,0,2,107
03/21/2007,PSC,WA,ANM,WE,Combined TRACON& Tower with Radar,14,48,16,0,78,0,14,33,0,47,14,62,49,0,125,26,0,26,151
03/22/2007,PSC,WA,ANM,WE,Combined TRACON& Tower with Radar,18,42,23,3,86,0,0,19,0,19,18,42,42,3,105,16,0,16,121
03/23/2007,PSC,WA,ANM,WE,Combined TRACON& Tower with Radar,14,55,20,0,89,0,6,66,0,72,14,61,86,0,161,82,0,82,243
03/24/2007,PSC,WA,ANM,WE,Combined TRACON& Tower with Radar,11,19,14,0,44,0,0,34,0,34,11,19,48,0,78,92,0,92,170
03/25/2007,PSC,WA,ANM,WE,Combined TRACON& Tower with Radar,18,20,16,0,54,3,2,43,0,48,21,22,59,0,102,56,0,56,158
03/26/2007,PSC,WA,ANM,WE,Combined TRACON& Tower with Radar,18,57,21,1,97,0,3,34,1,38,18,60,55,2,135,18,0,18,153
03/27/2007,PSC,WA,ANM,WE,Combined TRACON& Tower with Radar,14,58,31,0,103,0,8,7,2,17,14,66,38,2,120,24,0,24,144
03/28/2007,PSC,WA,ANM,WE,Combined TRACON& Tower with Radar,13,55,18,0,86,0,10,74,0,84,13,65,92,0,170,126,0,126,296
03/29/2007,PSC,WA,ANM,WE,Combined TRACON& Tower with Radar,17,40,15,0,72,0,17,45,0,62,17,57,60,0,134,32,0,32,166
03/30/2007,PSC,WA,ANM,WE,Combined TRACON& Tower with Radar,15,44,35,0,94,2,5,27,0,34,17,49,62,0,128,38,0,38,166
03/31/2007,PSC,WA,ANM,WE,Combined TRACON& Tower with Radar,12,22,22,0,56,3,1,57,0,61,15,23,79,0,117,64,0,64,181
04/01/2007,PSC,WA,ANM,WE,Combined TRACON& Tower with Radar,19,25,16,0,60,2,0,41,0,43,21,25,57,0,103,22,0,22,125
04/02/2007,PSC,WA,ANM,WE,Combined TRACON& Tower with Radar,17,59,26,4,106,4,1,9,8,22,21,60,35,12,128,34,34,68,196
04/03/2007,PSC,WA,ANM,WE,Combined TRACON& Tower with Radar,16,56,5,0,77,0,6,35,0,41,16,62,40,0,118,56,4,60,178
04/04/2007,PSC,WA,ANM,WE,Combined TRACON& Tower with Radar,18,60,32,2,112,0,1,36,2,39,18,61,68,4,151,36,0,36,187
04/05/2007,PSC,WA,ANM,WE,Combined TRACON& Tower with Radar,20,52,16,2,90,0,0,57,0,57,20,52,73,2,147,104,0,104,251
04/06/2007,PSC,WA,ANM,WE,Combined TRACON& Tower with Radar,14,38,23,0,75,0,1,62,0,63,14,39,85,0,138,16,0,16,154
04/07/2007,PSC,WA,ANM,WE,Combined TRACON& Tower with Radar,10,25,18,0,53,2,0,62,0,64,12,25,80,0,117,54,0,54,171
04/08/2007,PSC,WA,ANM,WE,Combined TRACON& Tower with Radar,22,15,14,0,51,0,0,26,0,26,22,15,40,0,77,22,0,22,99
04/09/2007,PSC,WA,ANM,WE,Combined TRACON& Tower with Radar,18,48,19,8,93,1,10,21,4,36,19,58,40,12,129,2,10,12,141
04/10/2007,PSC,WA,ANM,WE,Combined TRACON& Tower with Radar,22,43,17,0,82,0,0,20,0,20,22,43,37,0,102,4,0,4,106
04/11/2007,PSC,WA,ANM,WE,Combined TRACON& Tower with Radar,16,56,48,0,120,0,3,41,0,44,16,59,89,0,164,26,0,26,190
04/12/2007,PSC,WA,ANM,WE,Combined TRACON& Tower with Radar,23,39,33,6,101,0,0,45,2,47,23,39,78,8,148,44,18,62,210
04/13/2007,PSC,WA,ANM,WE,Combined TRACON& Tower with Radar,20,49,26,2,97,0,0,44,4,48,20,49,70,6,145,56,10,66,211
04/14/2007,PSC,WA,ANM,WE,Combined TRACON& Tower with Radar,12,21,14,0,47,0,12,35,0,47,12,33,49,0,94,96,0,96,190
04/15/2007,PSC,WA,ANM,WE,Combined TRACON& Tower with Radar,20,18,19,2,59,2,0,52,0,54,22,18,71,2,113,66,0,66,179
04/16/2007,PSC,WA,ANM,WE,Combined TRACON& Tower with Radar,21,56,19,2,98,0,6,24,6,36,21,62,43,8,134,30,26,56,190
04/17/2007,PSC,WA,ANM,WE,Combined TRACON& Tower with Radar,21,54,26,0,101,0,10,48,0,58,21,64,74,0,159,36,0,36,195
04/18/2007,PSC,WA,ANM,WE,Combined TRACON& Tower with Radar,18,54,30,0,102,0,9,35,0,44,18,63,65,0,146,46,0,46,192
04/19/2007,PSC,WA,ANM,WE,Combined TRACON& Tower with Radar,24,48,33,0,105,0,1,64,2,67,24,49,97,2,172,88,0,88,260
04/20/2007,PSC,WA,ANM,WE,Combined TRACON& Tower with Radar,25,34,21,0,80,0,0,58,0,58,25,34,79,0,138,64,0,64,202
04/21/2007,PSC,WA,ANM,WE,Combined TRACON& Tower with Radar,13,23,11,0,47,0,0,49,0,49,13,23,60,0,96,74,0,74,170
04/22/2007,PSC,WA,ANM,WE,Combined TRACON& Tower with Radar,18,18,16,6,58,0,0,17,0,17,18,18,33,6,75,68,0,68,143
04/23/2007,PSC,WA,ANM,WE,Combined TRACON& Tower with Radar,24,51,11,0,86,0,4,38,0,42,24,55,49,0,128,54,0,54,182
04/24/2007,PSC,WA,ANM,WE,Combined TRACON& Tower with Radar,21,54,26,2,103,0,0,30,1,31,21,54,56,3,134,48,26,74,208
04/25/2007,PSC,WA,ANM,WE,Combined TRACON& Tower with Radar,22,48,51,6,127,0,13,0,0,13,22,61,51,6,140,34,0,34,174
04/26/2007,PSC,WA,ANM,WE,Combined TRACON& Tower with Radar,20,36,19,0,75,5,0,51,2,58,25,36,70,2,133,66,2,68,201
04/27/2007,PSC,WA,ANM,WE,Combined TRACON& Tower with Radar,20,32,35,0,87,0,0,54,0,54,20,32,89,0,141,70,0,70,211
04/28/2007,PSC,WA,ANM,WE,Combined TRACON& Tower with Radar,12,18,18,0,48,0,0,61,3,64,12,18,79,3,112,124,2,126,238
04/29/2007,PSC,WA,ANM,WE,Combined TRACON& Tower with Radar,21,16,10,0,47,0,0,42,0,42,21,16,52,0,89,90,0,90,179
04/30/2007,PSC,WA,ANM,WE,Combined TRACON& Tower with Radar,16,50,7,0,73,0,10,42,0,52,16,60,49,0,125,34,0,34,159
05/01/2007,PSC,WA,ANM,WE,Combined TRACON& Tower with Radar,17,31,13,0,61,2,28,41,0,71,19,59,54,0,132,10,0,10,142
05/02/2007,PSC,WA,ANM,WE,Combined TRACON& Tower with Radar,20,64,27,0,111,1,3,34,0,38,21,67,61,0,149,20,0,20,169
05/03/2007,PSC,WA,ANM,WE,Combined TRACON& Tower with Radar,22,35,32,2,91,0,20,51,0,71,22,55,83,2,162,46,0,46,208
05/04/2007,PSC,WA,ANM,WE,Combined TRACON& Tower with Radar,21,45,21,0,87,0,0,45,24,69,21,45,66,24,156,0,0,0,156
05/05/2007,PSC,WA,ANM,WE,Combined TRACON& Tower with Radar,14,18,14,0,46,0,4,34,0,38,14,22,48,0,84,66,0,66,150
05/06/2007,PSC,WA,ANM,WE,Combined TRACON& Tower with Radar,19,19,15,0,53,0,1,67,2,70,19,20,82,2,123,58,0,58,181
05/07/2007,PSC,WA,ANM,WE,Combined TRACON& Tower with Radar,21,57,15,0,93,0,3,62,0,65,21,60,77,0,158,54,0,54,212
05/08/2007,PSC,WA,ANM,WE,Combined TRACON& Tower with Radar,22,58,25,1,106,0,5,54,2,61,22,63,79,3,167,52,40,92,259
05/09/2007,PSC,WA,ANM,WE,Combined TRACON& Tower with Radar,20,60,28,0,108,1,2,63,0,66,21,62,91,0,174,76,0,76,250
05/10/2007,PSC,WA,ANM,WE,Combined TRACON& Tower with Radar,19,48,14,0,81,6,0,56,0,62,25,48,70,0,143,68,0,68,211
05/11/2007,PSC,WA,ANM,WE,Combined TRACON& Tower with Radar,26,47,24,0,97,0,15,61,1,77,26,62,85,1,174,78,16,94,268
05/12/2007,PSC,WA,ANM,WE,Combined TRACON& Tower with Radar,14,22,16,0,52,0,0,62,0,62,14,22,78,0,114,144,0,144,258
05/13/2007,PSC,WA,ANM,WE,Combined TRACON& Tower with Radar,22,17,7,0,46,0,0,38,0,38,22,17,45,0,84,90,0,90,174
05/14/2007,PSC,WA,ANM,WE,Combined TRACON& Tower with Radar,20,59,23,0,102,0,2,46,0,48,20,61,69,0,150,58,0,58,208
05/15/2007,PSC,WA,ANM,WE,Combined TRACON& Tower with Radar,22,68,27,0,117,0,4,58,0,62,22,72,85,0,179,78,0,78,257
05/16/2007,PSC,WA,ANM,WE,Combined TRACON& Tower with Radar,23,53,16,0,92,0,0,61,2,63,23,53,77,2,155,52,10,62,217
05/17/2007,PSC,WA,ANM,WE,Combined TRACON& Tower with Radar,19,53,19,2,93,2,0,57,0,59,21,53,76,2,152,76,0,76,228
05/18/2007,PSC,WA,ANM,WE,Combined TRACON& Tower with Radar,19,38,15,0,72,0,5,68,4,77,19,43,83,4,149,84,0,84,233
05/19/2007,PSC,WA,ANM,WE,Combined TRACON& Tower with Radar,16,15,8,0,39,0,0,80,0,80,16,15,88,0,119,162,0,162,281
05/20/2007,PSC,WA,ANM,WE,Combined TRACON& Tower with Radar,16,16,13,6,51,5,0,57,1,63,21,16,70,7,114,75,0,75,189
05/21/2007,PSC,WA,ANM,WE,Combined TRACON& Tower with Radar,19,37,25,0,81,0,0,32,0,32,19,37,57,0,113,48,0,48,161
05/22/2007,PSC,WA,ANM,WE,Combined TRACON& Tower with Radar,23,40,29,0,92,0,0,65,0,65,23,40,94,0,157,50,0,50,207
05/23/2007,PSC,WA,ANM,WE,Combined TRACON& Tower with Radar,18,30,38,0,86,2,0,41,1,44,20,30,79,1,130,64,0,64,194
05/24/2007,PSC,WA,ANM,WE,Combined TRACON& Tower with Radar,20,32,33,0,85,2,3,51,0,56,22,35,84,0,141,64,0,64,205
05/25/2007,PSC,WA,ANM,WE,Combined TRACON& Tower with Radar,24,34,26,0,84,0,2,42,0,44,24,36,68,0,128,26,0,26,154
05/26/2007,PSC,WA,ANM,WE,Combined TRACON& Tower with Radar,16,19,9,0,44,0,0,84,0,84,16,19,93,0,128,86,0,86,214
05/27/2007,PSC,WA,ANM,WE,Combined TRACON& Tower with Radar,14,15,9,0,38,0,3,24,0,27,14,18,33,0,65,38,0,38,103
05/28/2007,PSC,WA,ANM,WE,Combined TRACON& Tower with Radar,13,18,11,0,42,0,0,43,4,47,13,18,54,4,89,14,2,16,105
05/29/2007,PSC,WA,ANM,WE,Combined TRACON& Tower with Radar,18,29,14,0,61,1,0,27,0,28,19,29,41,0,89,8,0,8,97
05/30/2007,PSC,WA,ANM,WE,Combined TRACON& Tower with Radar,19,33,30,0,82,0,0,37,0,37,19,33,67,0,119,26,0,26,145
05/31/2007,PSC,WA,ANM,WE,Combined TRACON& Tower with Radar,21,37,14,2,74,0,0,36,0,36,21,37,50,2,110,6,0,6,116
06/01/2007,PSC,WA,ANM,WE,Combined TRACON& Tower with Radar,22,34,24,0,80,0,0,0,0,0,22,34,24,0,80,54,0,54,134
06/02/2007,PSC,WA,ANM,WE,Combined TRACON& Tower with Radar,17,18,14,0,49,0,0,60,0,60,17,18,74,0,109,72,0,72,181
06/03/2007,PSC,WA,ANM,WE,Combined TRACON& Tower with Radar,18,23,10,1,52,0,0,64,0,64,18,23,74,1,116,86,0,86,202
06/04/2007,PSC,WA,ANM,WE,Combined TRACON& Tower with Radar,19,53,25,0,97,0,2,44,2,48,19,55,69,2,145,24,0,24,169
06/05/2007,PSC,WA,ANM,WE,Combined TRACON& Tower with Radar,20,51,18,0,89,0,11,56,0,67,20,62,74,0,156,44,0,44,200
06/06/2007,PSC,WA,ANM,WE,Combined TRACON& Tower with Radar,20,50,26,0,96,0,10,52,0,62,20,60,78,0,158,30,0,30,188
06/07/2007,PSC,WA,ANM,WE,Combined TRACON& Tower with Radar,23,37,22,0,82,0,0,35,0,35,23,37,57,0,117,66,0,66,183
06/08/2007,PSC,WA,ANM,WE,Combined TRACON& Tower with Radar,21,33,17,0,71,0,2,59,0,61,21,35,76,0,132,56,0,56,188
06/09/2007,PSC,WA,ANM,WE,Combined TRACON& Tower with Radar,17,15,9,0,41,0,0,60,0,60,17,15,69,0,101,76,0,76,177
06/10/2007,PSC,WA,ANM,WE,Combined TRACON& Tower with Radar,25,12,17,0,54,0,16,20,0,36,25,28,37,0,90,58,0,58,148
06/11/2007,PSC,WA,ANM,WE,Combined TRACON& Tower with Radar,18,55,21,0,94,0,8,57,0,65,18,63,78,0,159,82,0,82,241
06/12/2007,PSC,WA,ANM,WE,Combined TRACON& Tower with Radar,23,54,32,0,109,0,11,32,0,43,23,65,64,0,152,60,0,60,212
06/13/2007,PSC,WA,ANM,WE,Combined TRACON& Tower with Radar,20,49,22,0,91,0,27,71,0,98,20,76,93,0,189,66,0,66,255
06/14/2007,PSC,WA,ANM,WE,Combined TRACON& Tower with Radar,20,37,32,0,89,0,0,59,0,59,20,37,91,0,148,68,0,68,216
06/15/2007,PSC,WA,ANM,WE,Combined TRACON& Tower with Radar,20,38,30,0,88,0,0,51,0,51,20,38,81,0,139,112,0,112,251
06/16/2007,PSC,WA,ANM,WE,Combined TRACON& Tower with Radar,15,16,15,0,46,1,0,53,0,54,16,16,68,0,100,98,0,98,198
06/17/2007,PSC,WA,ANM,WE,Combined TRACON& Tower with Radar,19,14,11,0,44,1,0,38,0,39,20,14,49,0,83,62,0,62,145
06/18/2007,PSC,WA,ANM,WE,Combined TRACON& Tower with Radar,22,61,16,0,99,0,0,55,0,55,22,61,71,0,154,150,0,150,304
06/19/2007,PSC,WA,ANM,WE,Combined TRACON& Tower with Radar,22,56,28,0,106,0,8,56,2,66,22,64,84,2,172,46,4,50,222
06/20/2007,PSC,WA,ANM,WE,Combined TRACON& Tower with Radar,20,55,11,3,89,0,10,81,0,91,20,65,92,3,180,130,0,130,310
06/21/2007,PSC,WA,ANM,WE,Combined TRACON& Tower with Radar,21,48,11,4,84,0,6,71,0,77,21,54,82,4,161,94,8,102,263
06/22/2007,PSC,WA,ANM,WE,Combined TRACON& Tower with Radar,22,55,10,0,87,0,0,65,1,66,22,55,75,1,153,104,0,104,257
06/23/2007,PSC,WA,ANM,WE,Combined TRACON& Tower with Radar,17,18,24,9,68,0,0,62,5,67,17,18,86,14,135,82,0,82,217
06/24/2007,PSC,WA,ANM,WE,Combined TRACON& Tower with Radar,17,16,26,5,64,0,0,47,37,84,17,16,73,42,148,42,42,84,232
06/25/2007,PSC,WA,ANM,WE,Combined TRACON& Tower with Radar,17,63,19,0,99,0,0,59,0,59,17,63,78,0,158,164,0,164,322
06/26/2007,PSC,WA,ANM,WE,Combined TRACON& Tower with Radar,21,50,27,2,100,5,15,60,0,80,26,65,87,2,180,156,2,158,338
06/27/2007,PSC,WA,ANM,WE,Combined TRACON& Tower with Radar,18,57,20,5,100,2,3,54,9,68,20,60,74,14,168,174,34,208,376
06/28/2007,PSC,WA,ANM,WE,Combined TRACON& Tower with Radar,20,34,25,4,83,2,0,65,0,67,22,34,90,4,150,62,8,70,220
06/29/2007,PSC,WA,ANM,WE,Combined TRACON& Tower with Radar,24,37,17,0,78,0,0,48,0,48,24,37,65,0,126,46,0,46,172
06/30/2007,PSC,WA,ANM,WE,Combined TRACON& Tower with Radar,16,18,5,0,39,0,0,57,0,57,16,18,62,0,96,128,0,128,224
07/01/2007,PSC,WA,ANM,WE,Combined TRACON& Tower with Radar,18,14,17,0,49,0,0,39,0,39,18,14,56,0,88,64,0,64,152
07/02/2007,PSC,WA,ANM,WE,Combined TRACON& Tower with Radar,23,63,20,0,106,0,0,54,0,54,23,63,74,0,160,50,0,50,210
07/03/2007,PSC,WA,ANM,WE,Combined TRACON& Tower with Radar,24,27,10,2,63,0,0,42,0,42,24,27,52,2,105,68,34,102,207
07/04/2007,PSC,WA,ANM,WE,Combined TRACON& Tower with Radar,13,17,5,0,35,2,0,36,0,38,15,17,41,0,73,46,0,46,119
07/05/2007,PSC,WA,ANM,WE,Combined TRACON& Tower with Radar,21,32,12,0,65,1,21,35,0,57,22,53,47,0,122,10,0,10,132
07/06/2007,PSC,WA,ANM,WE,Combined TRACON& Tower with Radar,22,28,25,2,77,0,28,46,0,74,22,56,71,2,151,62,0,62,213
07/07/2007,PSC,WA,ANM,WE,Combined TRACON& Tower with Radar,16,22,7,0,45,0,0,46,2,48,16,22,53,2,93,70,0,70,163
07/08/2007,PSC,WA,ANM,WE,Combined TRACON& Tower with Radar,15,17,15,1,48,1,0,52,1,54,16,17,67,2,102,56,0,56,158
07/09/2007,PSC,WA,ANM,WE,Combined TRACON& Tower with Radar,18,50,13,0,81,0,13,73,0,86,18,63,86,0,167,108,0,108,275
07/10/2007,PSC,WA,ANM,WE,Combined TRACON& Tower with Radar,21,27,8,0,56,0,36,41,0,77,21,63,49,0,133,66,0,66,199
07/11/2007,PSC,WA,ANM,WE,Combined TRACON& Tower with Radar,23,35,19,0,77,0,0,46,0,46,23,35,65,0,123,40,0,40,163
07/12/2007,PSC,WA,ANM,WE,Combined TRACON& Tower with Radar,23,34,13,0,70,0,21,47,0,68,23,55,60,0,138,112,0,112,250
07/13/2007,PSC,WA,ANM,WE,Combined TRACON& Tower with Radar,21,26,21,0,68,0,0,57,0,57,21,26,78,0,125,24,0,24,149
07/14/2007,PSC,WA,ANM,WE,Combined TRACON& Tower with Radar,17,24,13,0,54,0,0,67,0,67,17,24,80,0,121,62,0,62,183
07/15/2007,PSC,WA,ANM,WE,Combined TRACON& Tower with Radar,18,12,12,0,42,0,0,21,0,21,18,12,33,0,63,58,0,58,121
07/16/2007,PSC,WA,ANM,WE,Combined TRACON& Tower with Radar,27,62,20,6,115,0,0,0,0,0,27,62,20,6,115,72,4,76,191
07/17/2007,PSC,WA,ANM,WE,Combined TRACON& Tower with Radar,24,55,28,0,107,0,6,25,0,31,24,61,53,0,138,42,0,42,180
07/18/2007,PSC,WA,ANM,WE,Combined TRACON& Tower with Radar,21,52,24,0,97,0,0,40,0,40,21,52,64,0,137,118,0,118,255
07/19/2007,PSC,WA,ANM,WE,Combined TRACON& Tower with Radar,23,30,24,0,77,0,14,51,0,65,23,44,75,0,142,52,0,52,194
07/20/2007,PSC,WA,ANM,WE,Combined TRACON& Tower with Radar,21,43,14,2,80,0,7,46,0,53,21,50,60,2,133,62,0,62,195
07/21/2007,PSC,WA,ANM,WE,Combined TRACON& Tower with Radar,18,18,16,2,54,0,0,32,4,36,18,18,48,6,90,62,16,78,168
07/22/2007,PSC,WA,ANM,WE,Combined TRACON& Tower with Radar,19,14,12,0,45,0,0,31,0,31,19,14,43,0,76,40,0,40,116
07/23/2007,PSC,WA,ANM,WE,Combined TRACON& Tower with Radar,22,55,26,5,108,0,3,38,0,41,22,58,64,5,149,48,0,48,197
07/24/2007,PSC,WA,ANM,WE,Combined TRACON& Tower with Radar,22,57,30,0,109,0,2,46,2,50,22,59,76,2,159,92,2,94,253
07/25/2007,PSC,WA,ANM,WE,Combined TRACON& Tower with Radar,20,50,20,0,90,0,0,49,0,49,20,50,69,0,139,62,0,62,201
07/26/2007,PSC,WA,ANM,WE,Combined TRACON& Tower with Radar,20,48,26,2,96,3,0,53,2,58,23,48,79,4,154,28,6,34,188
07/27/2007,PSC,WA,ANM,WE,Combined TRACON& Tower with Radar,25,34,13,0,72,0,0,55,0,55,25,34,68,0,127,28,0,28,155
07/28/2007,PSC,WA,ANM,WE,Combined TRACON& Tower with Radar,17,20,12,0,49,0,0,75,6,81,17,20,87,6,130,44,0,44,174
07/29/2007,PSC,WA,ANM,WE,Combined TRACON& Tower with Radar,16,20,14,0,50,0,0,59,7,66,16,20,73,7,116,76,0,76,192
07/30/2007,PSC,WA,ANM,WE,Combined TRACON& Tower with Radar,21,63,33,1,118,0,0,56,1,57,21,63,89,2,175,108,0,108,283
07/31/2007,PSC,WA,ANM,WE,Combined TRACON& Tower with Radar,22,30,11,0,63,0,0,35,0,35,22,30,46,0,98,66,0,66,164
08/01/2007,PSC,WA,ANM,WE,Combined TRACON& Tower with Radar,21,60,18,0,99,0,6,68,0,74,21,66,86,0,173,48,0,48,221
08/02/2007,PSC,WA,ANM,WE,Combined TRACON& Tower with Radar,22,41,22,2,87,0,16,42,0,58,22,57,64,2,145,54,6,60,205
08/03/2007,PSC,WA,ANM,WE,Combined TRACON& Tower with Radar,24,53,13,0,90,0,0,45,0,45,24,53,58,0,135,50,0,50,185
08/04/2007,PSC,WA,ANM,WE,Combined TRACON& Tower with Radar,17,19,26,4,66,0,1,20,6,27,17,20,46,10,93,68,36,104,197
08/05/2007,PSC,WA,ANM,WE,Combined TRACON& Tower with Radar,21,14,13,0,48,0,5,44,0,49,21,19,57,0,97,62,0,62,159
08/06/2007,PSC,WA,ANM,WE,Combined TRACON& Tower with Radar,19,51,11,2,83,3,3,22,4,32,22,54,33,6,115,34,28,62,177
08/07/2007,PSC,WA,ANM,WE,Combined TRACON& Tower with Radar,22,64,12,2,100,0,0,33,0,33,22,64,45,2,133,108,4,112,245
08/08/2007,PSC,WA,ANM,WE,Combined TRACON& Tower with Radar,20,48,19,0,87,6,0,35,0,41,26,48,54,0,128,64,0,64,192
08/09/2007,PSC,WA,ANM,WE,Combined TRACON& Tower with Radar,20,44,16,2,82,0,0,19,0,19,20,44,35,2,101,46,0,46,147
08/10/2007,PSC,WA,ANM,WE,Combined TRACON& Tower with Radar,21,33,21,0,75,0,5,21,0,26,21,38,42,0,101,68,0,68,169
08/11/2007,PSC,WA,ANM,WE,Combined TRACON& Tower with Radar,17,18,10,1,46,0,4,38,0,42,17,22,48,1,88,36,0,36,124
08/12/2007,PSC,WA,ANM,WE,Combined TRACON& Tower with Radar,20,17,10,2,49,0,3,52,0,55,20,20,62,2,104,38,0,38,142
08/13/2007,PSC,WA,ANM,WE,Combined TRACON& Tower with Radar,20,36,10,0,66,0,0,47,0,47,20,36,57,0,113,60,0,60,173
08/14/2007,PSC,WA,ANM,WE,Combined TRACON& Tower with Radar,22,54,21,0,97,0,0,21,0,21,22,54,42,0,118,18,0,18,136
08/15/2007,PSC,WA,ANM,WE,Combined TRACON& Tower with Radar,20,48,24,0,92,0,16,70,0,86,20,64,94,0,178,116,0,116,294
08/16/2007,PSC,WA,ANM,WE,Combined TRACON& Tower with Radar,27,42,10,4,83,3,0,21,0,24,30,42,31,4,107,16,0,16,123
08/17/2007,PSC,WA,ANM,WE,Combined TRACON& Tower with Radar,23,48,21,3,95,0,0,47,0,47,23,48,68,3,142,8,0,8,150
08/18/2007,PSC,WA,ANM,WE,Combined TRACON& Tower with Radar,16,16,10,1,43,0,3,51,0,54,16,19,61,1,97,98,0,98,195
08/19/2007,PSC,WA,ANM,WE,Combined TRACON& Tower with Radar,15,19,31,1,66,0,6,0,0,6,15,25,31,1,72,72,0,72,144
08/20/2007,PSC,WA,ANM,WE,Combined TRACON& Tower with Radar,24,59,11,1,95,0,2,30,2,34,24,61,41,3,129,98,0,98,227
08/21/2007,PSC,WA,ANM,WE,Combined TRACON& Tower with Radar,20,36,31,0,87,0,0,28,2,30,20,36,59,2,117,50,0,50,167
08/22/2007,PSC,WA,ANM,WE,Combined TRACON& Tower with Radar,18,49,29,0,96,0,11,60,2,73,18,60,89,2,169,64,0,64,233
08/23/2007,PSC,WA,ANM,WE,Combined TRACON& Tower with Radar,27,36,21,0,84,0,0,63,5,68,27,36,84,5,152,68,4,72,224
08/24/2007,PSC,WA,ANM,WE,Combined TRACON& Tower with Radar,21,34,28,1,84,0,0,50,0,50,21,34,78,1,134,52,0,52,186
08/25/2007,PSC,WA,ANM,WE,Combined TRACON& Tower with Radar,16,25,11,0,52,0,8,40,0,48,16,33,51,0,100,46,0,46,146
08/26/2007,PSC,WA,ANM,WE,Combined TRACON& Tower with Radar,16,17,14,0,47,0,3,48,0,51,16,20,62,0,98,57,0,57,155
08/27/2007,PSC,WA,ANM,WE,Combined TRACON& Tower with Radar,20,51,13,0,84,0,10,40,0,50,20,61,53,0,134,64,0,64,198
08/28/2007,PSC,WA,ANM,WE,Combined TRACON& Tower with Radar,25,49,23,2,99,0,7,64,0,71,25,56,87,2,170,134,2,136,306
08/29/2007,PSC,WA,ANM,WE,Combined TRACON& Tower with Radar,18,51,14,0,83,5,4,58,0,67,23,55,72,0,150,102,0,102,252
08/30/2007,PSC,WA,ANM,WE,Combined TRACON& Tower with Radar,21,46,26,0,93,0,0,47,0,47,21,46,73,0,140,112,0,112,252
08/31/2007,PSC,WA,ANM,WE,Combined TRACON& Tower with Radar,21,38,20,0,79,0,19,44,0,63,21,57,64,0,142,46,0,46,188
09/01/2007,PSC,WA,ANM,WE,Combined TRACON& Tower with Radar,16,17,17,0,50,0,0,40,0,40,16,17,57,0,90,46,0,46,136
09/02/2007,PSC,WA,ANM,WE,Combined TRACON& Tower with Radar,12,12,8,0,32,3,0,34,0,37,15,12,42,0,69,108,0,108,177
09/03/2007,PSC,WA,ANM,WE,Combined TRACON& Tower with Radar,17,28,13,0,58,0,10,32,0,42,17,38,45,0,100,62,0,62,162
09/04/2007,PSC,WA,ANM,WE,Combined TRACON& Tower with Radar,23,43,12,0,78,0,1,27,0,28,23,44,39,0,106,68,0,68,174
09/05/2007,PSC,WA,ANM,WE,Combined TRACON& Tower with Radar,22,52,18,0,92,0,0,65,2,67,22,52,83,2,159,72,0,72,231
09/06/2007,PSC,WA,ANM,WE,Combined TRACON& Tower with Radar,21,44,16,0,81,0,0,47,0,47,21,44,63,0,128,72,0,72,200
09/07/2007,PSC,WA,ANM,WE,Combined TRACON& Tower with Radar,22,35,5,0,62,0,21,84,0,105,22,56,89,0,167,62,0,62,229
09/08/2007,PSC,WA,ANM,WE,Combined TRACON& Tower with Radar,17,21,8,0,46,0,0,40,0,40,17,21,48,0,86,90,0,90,176
09/09/2007,PSC,WA,ANM,WE,Combined TRACON& Tower with Radar,21,16,20,0,57,1,0,33,0,34,22,16,53,0,91,24,0,24,115
09/10/2007,PSC,WA,ANM,WE,Combined TRACON& Tower with Radar,21,49,23,0,93,2,14,61,0,77,23,63,84,0,170,62,0,62,232
09/11/2007,PSC,WA,ANM,WE,Combined TRACON& Tower with Radar,21,56,11,6,94,0,5,64,0,69,21,61,75,6,163,80,0,80,243
09/12/2007,PSC,WA,ANM,WE,Combined TRACON& Tower with Radar,17,49,24,4,94,0,9,59,3,71,17,58,83,7,165,74,32,106,271
09/13/2007,PSC,WA,ANM,WE,Combined TRACON& Tower with Radar,18,32,17,0,67,0,0,35,0,35,18,32,52,0,102,32,0,32,134
09/14/2007,PSC,WA,ANM,WE,Combined TRACON& Tower with Radar,21,46,31,0,98,0,12,81,2,95,21,58,112,2,193,102,0,102,295
09/15/2007,PSC,WA,ANM,WE,Combined TRACON& Tower with Radar,17,25,10,0,52,0,0,39,0,39,17,25,49,0,91,58,0,58,149
09/16/2007,PSC,WA,ANM,WE,Combined TRACON& Tower with Radar,19,11,11,5,46,3,0,20,1,24,22,11,31,6,70,44,18,62,132
09/17/2007,PSC,WA,ANM,WE,Combined TRACON& Tower with Radar,22,52,18,0,92,0,0,36,2,38,22,52,54,2,130,46,0,46,176
09/18/2007,PSC,WA,ANM,WE,Combined TRACON& Tower with Radar,21,22,13,3,59,0,6,41,0,47,21,28,54,3,106,82,2,84,190
09/19/2007,PSC,WA,ANM,WE,Combined TRACON& Tower with Radar,18,51,16,7,92,1,7,39,9,56,19,58,55,16,148,128,8,136,284
09/20/2007,PSC,WA,ANM,WE,Combined TRACON& Tower with Radar,21,29,16,0,66,0,0,0,0,0,21,29,16,0,66,58,0,58,124
09/21/2007,PSC,WA,ANM,WE,Combined TRACON& Tower with Radar,22,30,28,0,80,0,0,61,0,61,22,30,89,0,141,44,0,44,185
09/22/2007,PSC,WA,ANM,WE,Combined TRACON& Tower with Radar,17,15,13,1,46,0,0,36,1,37,17,15,49,2,83,54,0,54,137
09/23/2007,PSC,WA,ANM,WE,Combined TRACON& Tower with Radar,19,10,14,0,43,0,0,37,0,37,19,10,51,0,80,50,0,50,130
09/24/2007,PSC,WA,ANM,WE,Combined TRACON& Tower with Radar,17,42,25,2,86,4,0,68,0,72,21,42,93,2,158,32,0,32,190
09/25/2007,PSC,WA,ANM,WE,Combined TRACON& Tower with Radar,23,32,32,0,87,0,0,57,0,57,23,32,89,0,144,70,0,70,214
09/26/2007,PSC,WA,ANM,WE,Combined TRACON& Tower with Radar,18,29,22,0,69,2,0,45,0,47,20,29,67,0,116,92,0,92,208
09/27/2007,PSC,WA,ANM,WE,Combined TRACON& Tower with Radar,24,22,22,0,68,2,2,38,0,42,26,24,60,0,110,64,0,64,174
09/28/2007,PSC,WA,ANM,WE,Combined TRACON& Tower with Radar,21,30,19,0,70,0,9,18,0,27,21,39,37,0,97,0,0,0,97
09/29/2007,PSC,WA,ANM,WE,Combined TRACON& Tower with Radar,13,19,25,0,57,0,0,31,0,31,13,19,56,0,88,42,0,42,130
09/30/2007,PSC,WA,ANM,WE,Combined TRACON& Tower with Radar,23,12,11,0,46,2,0,16,0,18,25,12,27,0,64,64,0,64,128
10/01/2007,PSC,WA,ANM,WE,Combined TRACON& Tower with Radar,20,46,19,2,87,0,6,26,0,32,20,52,45,2,119,88,0,88,207
10/02/2007,PSC,WA,ANM,WE,Combined TRACON& Tower with Radar,21,48,17,0,86,3,3,26,0,32,24,51,43,0,118,36,0,36,154
10/03/2007,PSC,WA,ANM,WE,Combined TRACON& Tower with Radar,21,48,10,0,79,0,12,38,3,53,21,60,48,3,132,52,0,52,184
10/04/2007,PSC,WA,ANM,WE,Combined TRACON& Tower with Radar,26,36,21,2,85,2,0,39,0,41,28,36,60,2,126,136,10,146,272
10/05/2007,PSC,WA,ANM,WE,Combined TRACON& Tower with Radar,20,34,23,0,77,0,0,41,0,41,20,34,64,0,118,66,0,66,184
10/06/2007,PSC,WA,ANM,WE,Combined TRACON& Tower with Radar,18,17,14,0,49,0,0,61,0,61,18,17,75,0,110,56,0,56,166
10/07/2007,PSC,WA,ANM,WE,Combined TRACON& Tower with Radar,19,22,16,0,57,0,0,51,0,51,19,22,67,0,108,42,0,42,150
10/08/2007,PSC,WA,ANM,WE,Combined TRACON& Tower with Radar,19,15,17,0,51,0,0,22,1,23,19,15,39,1,74,34,0,34,108
10/09/2007,PSC,WA,ANM,WE,Combined TRACON& Tower with Radar,31,45,24,0,100,0,4,56,0,60,31,49,80,0,160,74,0,74,234
10/10/2007,PSC,WA,ANM,WE,Combined TRACON& Tower with Radar,20,50,19,0,89,0,7,35,2,44,20,57,54,2,133,44,0,44,177
10/11/2007,PSC,WA,ANM,WE,Combined TRACON& Tower with Radar,21,30,17,0,68,0,20,59,0,79,21,50,76,0,147,104,0,104,251
10/12/2007,PSC,WA,ANM,WE,Combined TRACON& Tower with Radar,21,48,21,0,90,0,0,40,0,40,21,48,61,0,130,84,0,84,214
10/13/2007,PSC,WA,ANM,WE,Combined TRACON& Tower with Radar,18,14,29,0,61,0,2,53,0,55,18,16,82,0,116,110,0,110,226
10/14/2007,PSC,WA,ANM,WE,Combined TRACON& Tower with Radar,23,14,16,0,53,0,1,62,0,63,23,15,78,0,116,74,0,74,190
10/15/2007,PSC,WA,ANM,WE,Combined TRACON& Tower with Radar,18,48,25,0,91,0,7,34,0,41,18,55,59,0,132,128,0,128,260
10/16/2007,PSC,WA,ANM,WE,Combined TRACON& Tower with Radar,20,52,23,3,98,0,0,25,1,26,20,52,48,4,124,130,0,130,254
10/17/2007,PSC,WA,ANM,WE,Combined TRACON& Tower with Radar,24,40,37,0,101,0,0,20,0,20,24,40,57,0,121,74,0,74,195
10/18/2007,PSC,WA,ANM,WE,Combined TRACON& Tower with Radar,24,32,19,0,75,0,0,18,0,18,24,32,37,0,93,76,4,80,173
10/19/2007,PSC,WA,ANM,WE,Combined TRACON& Tower with Radar,21,34,22,0,77,0,11,6,0,17,21,45,28,0,94,4,0,4,98
10/20/2007,PSC,WA,ANM,WE,Combined TRACON& Tower with Radar,16,16,11,0,43,0,0,17,0,17,16,16,28,0,60,22,0,22,82
10/21/2007,PSC,WA,ANM,WE,Combined TRACON& Tower with Radar,18,13,14,0,45,0,1,19,0,20,18,14,33,0,65,38,0,38,103
10/22/2007,PSC,WA,ANM,WE,Combined TRACON& Tower with Radar,24,26,16,0,66,0,0,38,0,38,24,26,54,0,104,64,0,64,168
10/23/2007,PSC,WA,ANM,WE,Combined TRACON& Tower with Radar,19,51,27,0,97,0,11,56,0,67,19,62,83,0,164,120,0,120,284
10/24/2007,PSC,WA,ANM,WE,Combined TRACON& Tower with Radar,21,43,24,0,88,2,16,41,0,59,23,59,65,0,147,94,0,94,241
10/25/2007,PSC,WA,ANM,WE,Combined TRACON& Tower with Radar,25,39,13,0,77,0,9,34,0,43,25,48,47,0,120,92,0,92,212
10/26/2007,PSC,WA,ANM,WE,Combined TRACON& Tower with Radar,24,27,20,2,73,0,0,45,0,45,24,27,65,2,118,128,0,128,246
10/27/2007,PSC,WA,ANM,WE,Combined TRACON& Tower with Radar,16,19,20,2,57,0,0,34,0,34,16,19,54,2,91,22,0,22,113
10/28/2007,PSC,WA,ANM,WE,Combined TRACON& Tower with Radar,20,8,21,0,49,0,0,31,0,31,20,8,52,0,80,68,0,68,148
10/29/2007,PSC,WA,ANM,WE,Combined TRACON& Tower with Radar,24,43,16,0,83,0,11,30,0,41,24,54,46,0,124,34,0,34,158
10/30/2007,PSC,WA,ANM,WE,Combined TRACON& Tower with Radar,22,46,22,0,90,2,12,41,0,55,24,58,63,0,145,108,0,108,253
10/31/2007,PSC,WA,ANM,WE,Combined TRACON& Tower with Radar,21,46,23,0,90,0,11,26,0,37,21,57,49,0,127,76,0,76,203
11/01/2007,PSC,WA,ANM,WE,Combined TRACON& Tower with Radar,23,45,16,0,84,9,0,45,0,54,32,45,61,0,138,113,0,113,251
11/02/2007,PSC,WA,ANM,WE,Combined TRACON& Tower with Radar,22,52,16,0,90,0,0,0,0,0,22,52,16,0,90,40,0,40,130
11/03/2007,PSC,WA,ANM,WE,Combined TRACON& Tower with Radar,15,23,23,0,61,0,3,64,0,67,15,26,87,0,128,104,0,104,232
11/04/2007,PSC,WA,ANM,WE,Combined TRACON& Tower with Radar,22,8,10,0,40,0,0,40,0,40,22,8,50,0,80,74,0,74,154
11/05/2007,PSC,WA,ANM,WE,Combined TRACON& Tower with Radar,24,21,5,0,50,2,2,15,0,19,26,23,20,0,69,78,0,78,147
11/06/2007,PSC,WA,ANM,WE,Combined TRACON& Tower with Radar,27,33,14,4,78,0,0,42,0,42,27,33,56,4,120,74,0,74,194
11/07/2007,PSC,WA,ANM,WE,Combined TRACON& Tower with Radar,17,33,17,3,70,5,0,41,3,49,22,33,58,6,119,58,0,58,177
11/08/2007,PSC,WA,ANM,WE,Combined TRACON& Tower with Radar,29,31,39,0,99,0,0,28,0,28,29,31,67,0,127,54,0,54,181
11/09/2007,PSC,WA,ANM,WE,Combined TRACON& Tower with Radar,25,38,39,0,102,0,0,13,0,13,25,38,52,0,115,74,0,74,189
11/10/2007,PSC,WA,ANM,WE,Combined TRACON& Tower with Radar,21,17,18,0,56,0,0,17,0,17,21,17,35,0,73,52,0,52,125
11/11/2007,PSC,WA,ANM,WE,Combined TRACON& Tower with Radar,22,14,22,0,58,0,0,10,0,10,22,14,32,0,68,12,0,12,80
11/12/2007,PSC,WA,ANM,WE,Combined TRACON& Tower with Radar,23,17,12,0,52,1,0,0,0,1,24,17,12,0,53,4,0,4,57
11/13/2007,PSC,WA,ANM,WE,Combined TRACON& Tower with Radar,22,43,12,0,77,0,0,14,0,14,22,43,26,0,91,94,0,94,185
11/14/2007,PSC,WA,ANM,WE,Combined TRACON& Tower with Radar,18,29,17,0,64,0,0,16,0,16,18,29,33,0,80,10,0,10,90
11/15/2007,PSC,WA,ANM,WE,Combined TRACON& Tower with Radar,23,23,33,0,79,1,4,22,0,27,24,27,55,0,106,68,0,68,174
11/16/2007,PSC,WA,ANM,WE,Combined TRACON& Tower with Radar,24,37,39,0,100,0,0,42,0,42,24,37,81,0,142,76,0,76,218
11/17/2007,PSC,WA,ANM,WE,Combined TRACON& Tower with Radar,17,17,20,0,54,0,0,12,0,12,17,17,32,0,66,52,0,52,118
11/18/2007,PSC,WA,ANM,WE,Combined TRACON& Tower with Radar,21,11,8,6,46,0,0,6,3,9,21,11,14,9,55,42,0,42,97
11/19/2007,PSC,WA,ANM,WE,Combined TRACON& Tower with Radar,19,52,16,0,87,0,2,1,0,3,19,54,17,0,90,64,0,64,154
11/20/2007,PSC,WA,ANM,WE,Combined TRACON& Tower with Radar,26,51,18,0,95,0,5,37,0,42,26,56,55,0,137,0,0,0,137
11/21/2007,PSC,WA,ANM,WE,Combined TRACON& Tower with Radar,25,49,29,0,103,0,13,40,0,53,25,62,69,0,156,60,0,60,216
11/22/2007,PSC,WA,ANM,WE,Combined TRACON& Tower with Radar,14,22,7,0,43,0,0,6,0,6,14,22,13,0,49,20,0,20,69
11/23/2007,PSC,WA,ANM,WE,Combined TRACON& Tower with Radar,20,38,24,0,82,0,0,11,0,11,20,38,35,0,93,34,0,34,127
11/24/2007,PSC,WA,ANM,WE,Combined TRACON& Tower with Radar,22,16,13,0,51,0,0,14,0,14,22,16,27,0,65,80,0,80,145
11/25/2007,PSC,WA,ANM,WE,Combined TRACON& Tower with Radar,21,17,25,0,63,0,0,12,0,12,21,17,37,0,75,92,0,92,167
11/26/2007,PSC,WA,ANM,WE,Combined TRACON& Tower with Radar,18,49,14,0,81,1,2,7,0,10,19,51,21,0,91,46,0,46,137
11/27/2007,PSC,WA,ANM,WE,Combined TRACON& Tower with Radar,23,54,26,14,117,0,2,0,0,2,23,56,26,14,119,78,16,94,213
11/28/2007,PSC,WA,ANM,WE,Combined TRACON& Tower with Radar,22,35,16,9,82,0,24,36,3,63,22,59,52,12,145,104,24,128,273
11/29/2007,PSC,WA,ANM,WE,Combined TRACON& Tower with Radar,24,50,19,0,93,0,0,0,0,0,24,50,19,0,93,0,0,0,93
11/30/2007,PSC,WA,ANM,WE,Combined TRACON& Tower with Radar,19,53,15,0,87,0,0,24,0,24,19,53,39,0,111,56,0,56,167
12/01/2007,PSC,WA,ANM,WE,Combined TRACON& Tower with Radar,15,19,10,0,44,0,0,0,0,0,15,19,10,0,44,89,0,89,133
12/02/2007,PSC,WA,ANM,WE,Combined TRACON& Tower with Radar,18,14,8,3,43,0,0,4,0,4,18,14,12,3,47,46,26,72,119
12/03/2007,PSC,WA,ANM,WE,Combined TRACON& Tower with Radar,19,42,13,0,74,0,13,15,0,28,19,55,28,0,102,0,0,0,102
12/04/2007,PSC,WA,ANM,WE,Combined TRACON& Tower with Radar,22,52,27,0,101,0,0,12,0,12,22,52,39,0,113,4,0,4,117
12/05/2007,PSC,WA,ANM,WE,Combined TRACON& Tower with Radar,20,52,30,0,102,0,0,31,0,31,20,52,61,0,133,56,0,56,189
12/06/2007,PSC,WA,ANM,WE,Combined TRACON& Tower with Radar,25,52,28,0,105,0,0,0,10,10,25,52,28,10,115,10,0,10,125
12/07/2007,PSC,WA,ANM,WE,Combined TRACON& Tower with Radar,21,44,18,4,87,0,5,36,4,45,21,49,54,8,132,60,0,60,192
12/08/2007,PSC,WA,ANM,WE,Combined TRACON& Tower with Radar,20,19,12,0,51,0,0,65,0,65,20,19,77,0,116,168,0,168,284
12/09/2007,PSC,WA,ANM,WE,Combined TRACON& Tower with Radar,18,13,18,0,49,1,0,12,0,13,19,13,30,0,62,48,0,48,110
12/10/2007,PSC,WA,ANM,WE,Combined TRACON& Tower with Radar,24,27,29,0,80,0,0,8,0,8,24,27,37,0,88,2,0,2,90
12/11/2007,PSC,WA,ANM,WE,Combined TRACON& Tower with Radar,22,39,27,0,88,0,0,12,0,12,22,39,39,0,100,2,0,2,102
12/12/2007,PSC,WA,ANM,WE,Combined TRACON& Tower with Radar,23,42,31,2,98,0,0,10,0,10,23,42,41,2,108,32,0,32,140
12/13/2007,PSC,WA,ANM,WE,Combined TRACON& Tower with Radar,21,33,17,14,85,4,0,1,4,9,25,33,18,18,94,0,0,0,94
12/14/2007,PSC,WA,ANM,WE,Combined TRACON& Tower with Radar,27,33,21,0,81,0,12,9,0,21,27,45,30,0,102,18,0,18,120
12/15/2007,PSC,WA,ANM,WE,Combined TRACON& Tower with Radar,21,22,21,0,64,0,4,29,0,33,21,26,50,0,97,58,0,58,155
12/16/2007,PSC,WA,ANM,WE,Combined TRACON& Tower with Radar,20,15,9,0,44,1,0,39,2,42,21,15,48,2,86,78,6,84,170
12/17/2007,PSC,WA,ANM,WE,Combined TRACON& Tower with Radar,25,52,12,0,89,0,10,20,0,30,25,62,32,0,119,0,0,0,119
12/18/2007,PSC,WA,ANM,WE,Combined TRACON& Tower with Radar,25,50,15,0,90,0,6,0,0,6,25,56,15,0,96,4,0,4,100
12/19/2007,PSC,WA,ANM,WE,Combined TRACON& Tower with Radar,21,53,36,0,110,0,0,14,0,14,21,53,50,0,124,18,0,18,142
12/20/2007,PSC,WA,ANM,WE,Combined TRACON& Tower with Radar,21,42,9,0,72,1,0,25,1,27,22,42,34,1,99,28,2,30,129
12/21/2007,PSC,WA,ANM,WE,Combined TRACON& Tower with Radar,22,41,11,0,74,0,10,48,0,58,22,51,59,0,132,40,0,40,172
12/22/2007,PSC,WA,ANM,WE,Combined TRACON& Tower with Radar,21,16,11,0,48,0,0,26,0,26,21,16,37,0,74,44,0,44,118
12/23/2007,PSC,WA,ANM,WE,Combined TRACON& Tower with Radar,23,21,4,0,48,0,0,0,0,0,23,21,4,0,48,0,0,0,48
12/24/2007,PSC,WA,ANM,WE,Combined TRACON& Tower with Radar,14,22,12,0,48,0,2,21,0,23,14,24,33,0,71,48,0,48,119
12/25/2007,PSC,WA,ANM,WE,Combined TRACON& Tower with Radar,16,21,0,0,37,4,0,5,0,9,20,21,5,0,46,26,0,26,72
12/26/2007,PSC,WA,ANM,WE,Combined TRACON& Tower with Radar,15,30,15,0,60,3,0,5,0,8,18,30,20,0,68,6,0,6,74
12/27/2007,PSC,WA,ANM,WE,Combined TRACON& Tower with Radar,20,31,24,2,77,0,0,9,6,15,20,31,33,8,92,56,52,108,200
12/28/2007,PSC,WA,ANM,WE,Combined TRACON& Tower with Radar,24,34,24,9,91,0,0,0,0,0,24,34,24,9,91,26,20,46,137
12/29/2007,PSC,WA,ANM,WE,Combined TRACON& Tower with Radar,20,23,22,0,65,0,0,58,0,58,20,23,80,0,123,108,4,112,235
12/30/2007,PSC,WA,ANM,WE,Combined TRACON& Tower with Radar,19,20,6,0,45,0,1,5,0,6,19,21,11,0,51,8,0,8,59
12/31/2007,PSC,WA,ANM,WE,Combined TRACON& Tower with Radar,13,45,12,0,70,3,2,40,0,45,16,47,52,0,115,52,0,52,167
01/01/2008,PSC,WA,ANM,WE,Combined TRACON& Tower with Radar,22,29,11,0,62,0,0,9,0,9,22,29,20,0,71,32,0,32,103
01/02/2008,PSC,WA,ANM,WE,Combined TRACON& Tower with Radar,17,47,15,0,79,3,1,7,0,11,20,48,22,0,90,30,0,30,120
01/03/2008,PSC,WA,ANM,WE,Combined TRACON& Tower with Radar,25,41,10,0,76,0,0,7,0,7,25,41,17,0,83,48,0,48,131
01/04/2008,PSC,WA,ANM,WE,Combined TRACON& Tower with Radar,19,50,10,5,84,0,16,3,0,19,19,66,13,5,103,4,44,48,151
01/05/2008,PSC,WA,ANM,WE,Combined TRACON& Tower with Radar,19,23,15,0,57,0,0,0,0,0,19,23,15,0,57,1,39,40,97
01/06/2008,PSC,WA,ANM,WE,Combined TRACON& Tower with Radar,22,14,6,0,42,0,2,51,0,53,22,16,57,0,95,114,0,114,209
01/07/2008,PSC,WA,ANM,WE,Combined TRACON& Tower with Radar,20,52,15,3,90,2,6,14,13,35,22,58,29,16,125,70,30,100,225
01/08/2008,PSC,WA,ANM,WE,Combined TRACON& Tower with Radar,20,42,24,0,86,0,5,2,0,7,20,47,26,0,93,0,0,0,93
01/09/2008,PSC,WA,ANM,WE,Combined TRACON& Tower with Radar,22,50,19,2,93,0,6,33,9,48,22,56,52,11,141,42,46,88,229
01/10/2008,PSC,WA,ANM,WE,Combined TRACON& Tower with Radar,21,48,16,17,102,0,9,18,10,37,21,57,34,27,139,70,70,140,279
01/11/2008,PSC,WA,ANM,WE,Combined TRACON& Tower with Radar,28,43,22,0,93,0,13,17,2,32,28,56,39,2,125,18,0,18,143
01/12/2008,PSC,WA,ANM,WE,Combined TRACON& Tower with Radar,4,22,16,0,42,12,0,11,0,23,16,22,27,0,65,26,0,26,91
01/13/2008,PSC,WA,ANM,WE,Combined TRACON& Tower with Radar,19,15,11,2,47,0,0,0,0,0,19,15,11,2,47,0,0,0,47
01/14/2008,PSC,WA,ANM,WE,Combined TRACON& Tower with Radar,21,46,27,0,94,3,9,2,0,14,24,55,29,0,108,18,0,18,126
01/15/2008,PSC,WA,ANM,WE,Combined TRACON& Tower with Radar,20,27,33,2,82,0,30,23,1,54,20,57,56,3,136,18,12,30,166
01/16/2008,PSC,WA,ANM,WE,Combined TRACON& Tower with Radar,21,35,36,0,92,0,16,26,0,42,21,51,62,0,134,24,0,24,158
01/17/2008,PSC,WA,ANM,WE,Combined TRACON& Tower with Radar,22,44,13,0,79,0,2,24,0,26,22,46,37,0,105,32,0,32,137
01/18/2008,PSC,WA,ANM,WE,Combined TRACON& Tower with Radar,22,36,29,0,87,0,10,17,2,29,22,46,46,2,116,54,0,54,170
01/19/2008,PSC,WA,ANM,WE,Combined TRACON& Tower with Radar,14,11,17,2,44,1,0,24,0,25,15,11,41,2,69,108,0,108,177
01/20/2008,PSC,WA,ANM,WE,Combined TRACON& Tower with Radar,19,13,7,0,39,3,0,0,0,3,22,13,7,0,42,0,0,0,42
01/21/2008,PSC,WA,ANM,WE,Combined TRACON& Tower with Radar,19,43,16,0,78,0,3,19,0,22,19,46,35,0,100,20,0,20,120
01/22/2008,PSC,WA,ANM,WE,Combined TRACON& Tower with Radar,21,53,25,0,99,0,8,29,0,37,21,61,54,0,136,46,0,46,182
01/23/2008,PSC,WA,ANM,WE,Combined TRACON& Tower with Radar,17,31,34,0,82,3,17,30,0,50,20,48,64,0,132,60,0,60,192
01/24/2008,PSC,WA,ANM,WE,Combined TRACON& Tower with Radar,24,41,16,3,84,2,7,31,1,41,26,48,47,4,125,40,0,40,165
01/25/2008,PSC,WA,ANM,WE,Combined TRACON& Tower with Radar,21,43,30,0,94,0,11,14,0,25,21,54,44,0,119,66,0,66,185
01/26/2008,PSC,WA,ANM,WE,Combined TRACON& Tower with Radar,11,13,6,0,30,0,0,10,0,10,11,13,16,0,40,26,0,26,66
01/27/2008,PSC,WA,ANM,WE,Combined TRACON& Tower with Radar,0,0,0,0,0,0,0,0,0,0,0,0,0,0,0,0,0,0,0
01/28/2008,PSC,WA,ANM,WE,Combined TRACON& Tower with Radar,17,31,9,0,57,2,3,5,0,10,19,34,14,0,67,0,0,0,67
01/29/2008,PSC,WA,ANM,WE,Combined TRACON& Tower with Radar,19,53,25,0,97,0,2,11,0,13,19,55,36,0,110,10,0,10,120
01/30/2008,PSC,WA,ANM,WE,Combined TRACON& Tower with Radar,18,39,30,0,87,0,0,10,0,10,18,39,40,0,97,40,0,40,137
01/31/2008,PSC,WA,ANM,WE,Combined TRACON& Tower with Radar,24,52,4,0,80,0,0,14,0,14,24,52,18,0,94,20,0,20,114
02/01/2008,PSC,WA,ANM,WE,Combined TRACON& Tower with Radar,19,29,18,0,66,0,3,5,0,8,19,32,23,0,74,30,0,30,104
02/02/2008,PSC,WA,ANM,WE,Combined TRACON& Tower with Radar,12,15,17,0,44,0,0,33,0,33,12,15,50,0,77,100,0,100,177
02/03/2008,PSC,WA,ANM,WE,Combined TRACON& Tower with Radar,22,12,4,0,38,1,0,8,0,9,23,12,12,0,47,24,0,24,71
02/04/2008,PSC,WA,ANM,WE,Combined TRACON& Tower with Radar,23,27,11,0,61,0,2,19,0,21,23,29,30,0,82,74,0,74,156
02/05/2008,PSC,WA,ANM,WE,Combined TRACON& Tower with Radar,19,30,38,0,87,0,0,0,0,0,19,30,38,0,87,24,0,24,111
02/06/2008,PSC,WA,ANM,WE,Combined TRACON& Tower with Radar,21,33,21,2,77,1,0,13,5,19,22,33,34,7,96,16,40,56,152
02/07/2008,PSC,WA,ANM,WE,Combined TRACON& Tower with Radar,19,30,8,2,59,5,0,7,0,12,24,30,15,2,71,0,0,0,71
02/08/2008,PSC,WA,ANM,WE,Combined TRACON& Tower with Radar,20,37,6,1,64,0,6,5,0,11,20,43,11,1,75,0,0,0,75
02/09/2008,PSC,WA,ANM,WE,Combined TRACON& Tower with Radar,14,19,22,0,55,0,1,29,0,30,14,20,51,0,85,50,0,50,135
02/10/2008,PSC,WA,ANM,WE,Combined TRACON& Tower with Radar,22,18,21,1,62,0,0,15,1,16,22,18,36,2,78,14,0,14,92
02/11/2008,PSC,WA,ANM,WE,Combined TRACON& Tower with Radar,19,31,37,0,87,0,0,15,0,15,19,31,52,0,102,26,0,26,128
02/12/2008,PSC,WA,ANM,WE,Combined TRACON& Tower with Radar,18,30,19,0,67,0,8,31,0,39,18,38,50,0,106,20,0,20,126
02/13/2008,PSC,WA,ANM,WE,Combined TRACON& Tower with Radar,18,31,28,0,77,4,0,22,0,26,22,31,50,0,103,52,0,52,155
02/14/2008,PSC,WA,ANM,WE,Combined TRACON& Tower with Radar,20,31,9,0,60,0,2,68,0,70,20,33,77,0,130,20,0,20,150
02/15/2008,PSC,WA,ANM,WE,Combined TRACON& Tower with Radar,20,27,23,2,72,0,5,43,0,48,20,32,66,2,120,96,34,130,250
02/16/2008,PSC,WA,ANM,WE,Combined TRACON& Tower with Radar,15,20,24,0,59,0,0,55,0,55,15,20,79,0,114,118,0,118,232
02/17/2008,PSC,WA,ANM,WE,Combined TRACON& Tower with Radar,22,14,4,0,40,0,0,21,0,21,22,14,25,0,61,38,0,38,99
02/18/2008,PSC,WA,ANM,WE,Combined TRACON& Tower with Radar,20,32,10,0,62,0,9,41,1,51,20,41,51,1,113,42,0,42,155
02/19/2008,PSC,WA,ANM,WE,Combined TRACON& Tower with Radar,20,49,14,0,83,0,10,34,0,44,20,59,48,0,127,60,0,60,187
02/20/2008,PSC,WA,ANM,WE,Combined TRACON& Tower with Radar,16,32,23,0,71,0,0,28,0,28,16,32,51,0,99,58,0,58,157
02/21/2008,PSC,WA,ANM,WE,Combined TRACON& Tower with Radar,28,38,32,0,98,0,0,13,0,13,28,38,45,0,111,8,0,8,119
02/22/2008,PSC,WA,ANM,WE,Combined TRACON& Tower with Radar,22,46,14,0,82,0,23,45,0,68,22,69,59,0,150,76,0,76,226
02/23/2008,PSC,WA,ANM,WE,Combined TRACON& Tower with Radar,13,20,26,0,59,0,0,50,0,50,13,20,76,0,109,70,0,70,179
02/24/2008,PSC,WA,ANM,WE,Combined TRACON& Tower with Radar,25,14,17,0,56,0,0,29,6,35,25,14,46,6,91,122,0,122,213
02/25/2008,PSC,WA,ANM,WE,Combined TRACON& Tower with Radar,20,45,24,0,89,0,12,23,0,35,20,57,47,0,124,88,0,88,212
02/26/2008,PSC,WA,ANM,WE,Combined TRACON& Tower with Radar,25,46,15,0,86,2,10,37,0,49,27,56,52,0,135,50,0,50,185
02/27/2008,PSC,WA,ANM,WE,Combined TRACON& Tower with Radar,13,31,31,0,75,1,25,34,0,60,14,56,65,0,135,74,0,74,209
02/28/2008,PSC,WA,ANM,WE,Combined TRACON& Tower with Radar,15,53,23,1,92,6,1,33,1,41,21,54,56,2,133,112,2,114,247
02/29/2008,PSC,WA,ANM,WE,Combined TRACON& Tower with Radar,21,25,21,0,67,0,29,37,0,66,21,54,58,0,133,50,0,50,183
03/01/2008,PSC,WA,ANM,WE,Combined TRACON& Tower with Radar,13,17,9,0,39,0,0,13,0,13,13,17,22,0,52,36,0,36,88
03/02/2008,PSC,WA,ANM,WE,Combined TRACON& Tower with Radar,13,22,17,0,52,0,0,37,0,37,13,22,54,0,89,14,0,14,103
03/03/2008,PSC,WA,ANM,WE,Combined TRACON& Tower with Radar,18,28,15,5,66,0,0,0,0,0,18,28,15,5,66,16,68,84,150
03/04/2008,PSC,WA,ANM,WE,Combined TRACON& Tower with Radar,15,30,25,0,70,0,15,28,0,43,15,45,53,0,113,62,0,62,175
03/05/2008,PSC,WA,ANM,WE,Combined TRACON& Tower with Radar,16,40,21,0,77,0,16,67,0,83,16,56,88,0,160,110,0,110,270
03/06/2008,PSC,WA,ANM,WE,Combined TRACON& Tower with Radar,18,40,22,0,80,0,10,57,4,71,18,50,79,4,151,82,0,82,233
03/07/2008,PSC,WA,ANM,WE,Combined TRACON& Tower with Radar,19,24,21,0,64,0,6,59,0,65,19,30,80,0,129,40,0,40,169
03/08/2008,PSC,WA,ANM,WE,Combined TRACON& Tower with Radar,9,19,9,0,37,0,0,42,0,42,9,19,51,0,79,30,0,30,109
03/09/2008,PSC,WA,ANM,WE,Combined TRACON& Tower with Radar,12,18,7,0,37,0,2,38,0,40,12,20,45,0,77,68,0,68,145
03/10/2008,PSC,WA,ANM,WE,Combined TRACON& Tower with Radar,15,48,13,2,78,0,4,24,2,30,15,52,37,4,108,36,48,84,192
03/11/2008,PSC,WA,ANM,WE,Combined TRACON& Tower with Radar,18,40,20,0,78,0,12,10,0,22,18,52,30,0,100,10,0,10,110
03/12/2008,PSC,WA,ANM,WE,Combined TRACON& Tower with Radar,15,39,21,1,76,0,18,51,1,70,15,57,72,2,146,96,0,96,242
03/13/2008,PSC,WA,ANM,WE,Combined TRACON& Tower with Radar,17,33,6,2,58,0,16,18,1,35,17,49,24,3,93,50,0,50,143
03/14/2008,PSC,WA,ANM,WE,Combined TRACON& Tower with Radar,16,53,10,1,80,0,21,38,3,62,16,74,48,4,142,0,2,2,144
03/15/2008,PSC,WA,ANM,WE,Combined TRACON& Tower with Radar,8,20,10,0,38,0,3,23,0,26,8,23,33,0,64,42,0,42,106
03/16/2008,PSC,WA,ANM,WE,Combined TRACON& Tower with Radar,14,19,12,0,45,0,0,37,0,37,14,19,49,0,82,52,0,52,134
03/17/2008,PSC,WA,ANM,WE,Combined TRACON& Tower with Radar,12,51,6,0,69,0,10,36,0,46,12,61,42,0,115,70,0,70,185
03/18/2008,PSC,WA,ANM,WE,Combined TRACON& Tower with Radar,13,46,18,0,77,0,15,19,0,34,13,61,37,0,111,46,0,46,157
03/19/2008,PSC,WA,ANM,WE,Combined TRACON& Tower with Radar,14,50,27,0,91,0,0,27,0,27,14,50,54,0,118,8,0,8,126
03/20/2008,PSC,WA,ANM,WE,Combined TRACON& Tower with Radar,17,40,29,0,86,0,6,16,0,22,17,46,45,0,108,36,0,36,144
03/21/2008,PSC,WA,ANM,WE,Combined TRACON& Tower with Radar,14,32,17,0,63,1,23,37,0,61,15,55,54,0,124,62,0,62,186
03/22/2008,PSC,WA,ANM,WE,Combined TRACON& Tower with Radar,11,22,13,0,46,0,3,31,0,34,11,25,44,0,80,40,2,42,122
03/23/2008,PSC,WA,ANM,WE,Combined TRACON& Tower with Radar,17,15,3,0,35,0,2,14,0,16,17,17,17,0,51,56,0,56,107
03/24/2008,PSC,WA,ANM,WE,Combined TRACON& Tower with Radar,17,46,16,0,79,0,0,24,0,24,17,46,40,0,103,50,0,50,153
03/25/2008,PSC,WA,ANM,WE,Combined TRACON& Tower with Radar,16,45,14,0,75,0,3,36,2,41,16,48,50,2,116,82,0,82,198
03/26/2008,PSC,WA,ANM,WE,Combined TRACON& Tower with Radar,14,38,13,0,65,0,19,23,0,42,14,57,36,0,107,30,0,30,137
03/27/2008,PSC,WA,ANM,WE,Combined TRACON& Tower with Radar,17,39,27,0,83,1,13,34,0,48,18,52,61,0,131,21,0,21,152
03/28/2008,PSC,WA,ANM,WE,Combined TRACON& Tower with Radar,15,39,10,0,64,0,3,5,0,8,15,42,15,0,72,10,0,10,82
03/29/2008,PSC,WA,ANM,WE,Combined TRACON& Tower with Radar,18,18,15,0,51,0,0,7,0,7,18,18,22,0,58,6,0,6,64
03/30/2008,PSC,WA,ANM,WE,Combined TRACON& Tower with Radar,13,14,9,0,36,0,0,29,0,29,13,14,38,0,65,38,0,38,103
03/31/2008,PSC,WA,ANM,WE,Combined TRACON& Tower with Radar,12,34,10,0,56,2,25,43,0,70,14,59,53,0,126,42,0,42,168
04/01/2008,PSC,WA,ANM,WE,Combined TRACON& Tower with Radar,15,46,31,0,92,0,7,60,0,67,15,53,91,0,159,72,0,72,231
04/02/2008,PSC,WA,ANM,WE,Combined TRACON& Tower with Radar,16,39,18,0,73,0,2,66,0,68,16,41,84,0,141,122,0,122,263
04/03/2008,PSC,WA,ANM,WE,Combined TRACON& Tower with Radar,19,33,20,0,72,2,25,38,0,65,21,58,58,0,137,64,0,64,201
04/04/2008,PSC,WA,ANM,WE,Combined TRACON& Tower with Radar,16,33,9,3,61,0,3,12,0,15,16,36,21,3,76,6,50,56,132
04/05/2008,PSC,WA,ANM,WE,Combined TRACON& Tower with Radar,17,22,7,0,46,0,0,30,0,30,17,22,37,0,76,60,0,60,136
04/06/2008,PSC,WA,ANM,WE,Combined TRACON& Tower with Radar,15,20,8,0,43,0,0,20,0,20,15,20,28,0,63,34,0,34,97
04/07/2008,PSC,WA,ANM,WE,Combined TRACON& Tower with Radar,13,40,22,3,78,0,7,25,13,45,13,47,47,16,123,4,38,42,165
04/08/2008,PSC,WA,ANM,WE,Combined TRACON& Tower with Radar,15,35,11,3,64,0,17,38,2,57,15,52,49,5,121,36,8,44,165
04/09/2008,PSC,WA,ANM,WE,Combined TRACON& Tower with Radar,14,30,26,0,70,1,9,32,0,42,15,39,58,0,112,34,0,34,146
04/10/2008,PSC,WA,ANM,WE,Combined TRACON& Tower with Radar,17,27,19,2,65,0,14,40,2,56,17,41,59,4,121,94,36,130,251
04/11/2008,PSC,WA,ANM,WE,Combined TRACON& Tower with Radar,12,30,14,0,56,8,4,64,0,76,20,34,78,0,132,78,0,78,210
04/12/2008,PSC,WA,ANM,WE,Combined TRACON& Tower with Radar,14,23,9,0,46,0,13,69,0,82,14,36,78,0,128,72,0,72,200
04/13/2008,PSC,WA,ANM,WE,Combined TRACON& Tower with Radar,19,18,16,0,53,0,0,39,0,39,19,18,55,0,92,98,0,98,190
04/14/2008,PSC,WA,ANM,WE,Combined TRACON& Tower with Radar,14,35,10,0,59,4,14,21,0,39,18,49,31,0,98,28,0,28,126
04/15/2008,PSC,WA,ANM,WE,Combined TRACON& Tower with Radar,16,31,10,0,57,0,7,22,0,29,16,38,32,0,86,38,0,38,124
04/16/2008,PSC,WA,ANM,WE,Combined TRACON& Tower with Radar,15,38,19,0,72,0,3,44,0,47,15,41,63,0,119,42,0,42,161
04/17/2008,PSC,WA,ANM,WE,Combined TRACON& Tower with Radar,18,36,24,0,78,0,14,42,0,56,18,50,66,0,134,90,4,94,228
04/18/2008,PSC,WA,ANM,WE,Combined TRACON& Tower with Radar,19,26,12,0,57,0,0,21,0,21,19,26,33,0,78,2,0,2,80
04/19/2008,PSC,WA,ANM,WE,Combined TRACON& Tower with Radar,14,21,6,0,41,0,0,24,0,24,14,21,30,0,65,6,0,6,71
04/20/2008,PSC,WA,ANM,WE,Combined TRACON& Tower with Radar,12,23,9,0,44,0,0,19,0,19,12,23,28,0,63,60,0,60,123
04/21/2008,PSC,WA,ANM,WE,Combined TRACON& Tower with Radar,18,43,14,0,75,0,0,22,0,22,18,43,36,0,97,48,0,48,145
04/22/2008,PSC,WA,ANM,WE,Combined TRACON& Tower with Radar,17,39,16,1,73,0,17,28,1,46,17,56,44,2,119,38,2,40,159
04/23/2008,PSC,WA,ANM,WE,Combined TRACON& Tower with Radar,15,47,30,2,94,0,3,2,2,7,15,50,32,4,101,2,10,12,113
04/24/2008,PSC,WA,ANM,WE,Combined TRACON& Tower with Radar,16,33,18,0,67,0,18,26,0,44,16,51,44,0,111,6,0,6,117
04/25/2008,PSC,WA,ANM,WE,Combined TRACON& Tower with Radar,25,54,29,0,108,0,0,75,2,77,25,54,104,2,185,58,0,58,243
04/26/2008,PSC,WA,ANM,WE,Combined TRACON& Tower with Radar,13,25,19,0,57,0,0,0,0,0,13,25,19,0,57,4,28,32,89
04/27/2008,PSC,WA,ANM,WE,Combined TRACON& Tower with Radar,18,23,17,0,58,1,1,50,0,52,19,24,67,0,110,0,82,82,192
04/28/2008,PSC,WA,ANM,WE,Combined TRACON& Tower with Radar,19,43,9,0,71,1,13,27,0,41,20,56,36,0,112,16,0,16,128
04/29/2008,PSC,WA,ANM,WE,Combined TRACON& Tower with Radar,16,32,13,0,61,0,3,17,0,20,16,35,30,0,81,28,6,34,115
04/30/2008,PSC,WA,ANM,WE,Combined TRACON& Tower with Radar,12,31,9,0,52,3,4,21,0,28,15,35,30,0,80,22,2,24,104
05/01/2008,PSC,WA,ANM,WE,Combined TRACON& Tower with Radar,14,31,9,1,55,0,0,0,0,0,14,31,9,1,55,49,10,59,114
05/02/2008,PSC,WA,ANM,WE,Combined TRACON& Tower with Radar,10,30,19,2,61,0,4,50,0,54,10,34,69,2,115,90,5,95,210
05/03/2008,PSC,WA,ANM,WE,Combined TRACON& Tower with Radar,11,24,10,0,45,0,0,39,0,39,11,24,49,0,84,74,0,74,158
05/04/2008,PSC,WA,ANM,WE,Combined TRACON& Tower with Radar,14,21,11,0,46,3,1,54,2,60,17,22,65,2,106,48,0,48,154
05/05/2008,PSC,WA,ANM,WE,Combined TRACON& Tower with Radar,10,36,24,0,70,0,0,0,0,0,10,36,24,0,70,24,0,24,94
05/06/2008,PSC,WA,ANM,WE,Combined TRACON& Tower with Radar,15,33,19,4,71,0,1,34,1,36,15,34,53,5,107,70,42,112,219
05/07/2008,PSC,WA,ANM,WE,Combined TRACON& Tower with Radar,12,47,21,0,80,0,6,29,1,36,12,53,50,1,116,16,0,16,132
05/08/2008,PSC,WA,ANM,WE,Combined TRACON& Tower with Radar,12,30,15,0,57,0,0,50,0,50,12,30,65,0,107,28,0,28,135
05/09/2008,PSC,WA,ANM,WE,Combined TRACON& Tower with Radar,12,29,23,0,64,0,16,48,0,64,12,45,71,0,128,40,0,40,168
05/10/2008,PSC,WA,ANM,WE,Combined TRACON& Tower with Radar,12,24,8,0,44,0,0,50,0,50,12,24,58,0,94,94,0,94,188
05/11/2008,PSC,WA,ANM,WE,Combined TRACON& Tower with Radar,15,20,7,0,42,0,0,19,0,19,15,20,26,0,61,32,0,32,93
05/12/2008,PSC,WA,ANM,WE,Combined TRACON& Tower with Radar,13,37,12,0,62,0,3,40,0,43,13,40,52,0,105,80,0,80,185
05/13/2008,PSC,WA,ANM,WE,Combined TRACON& Tower with Radar,16,35,20,0,71,0,17,36,0,53,16,52,56,0,124,48,0,48,172
05/14/2008,PSC,WA,ANM,WE,Combined TRACON& Tower with Radar,14,41,28,0,83,0,15,34,0,49,14,56,62,0,132,56,0,56,188
05/15/2008,PSC,WA,ANM,WE,Combined TRACON& Tower with Radar,15,30,14,0,59,5,18,60,2,85,20,48,74,2,144,82,0,82,226
05/16/2008,PSC,WA,ANM,WE,Combined TRACON& Tower with Radar,10,34,18,0,62,0,2,66,0,68,10,36,84,0,130,36,0,36,166
05/17/2008,PSC,WA,ANM,WE,Combined TRACON& Tower with Radar,12,25,10,0,47,0,0,92,0,92,12,25,102,0,139,20,0,20,159
05/18/2008,PSC,WA,ANM,WE,Combined TRACON& Tower with Radar,19,14,5,0,38,0,0,47,2,49,19,14,52,2,87,18,0,18,105
05/19/2008,PSC,WA,ANM,WE,Combined TRACON& Tower with Radar,11,33,9,0,53,0,0,23,0,23,11,33,32,0,76,14,0,14,90
05/20/2008,PSC,WA,ANM,WE,Combined TRACON& Tower with Radar,16,39,16,0,71,0,0,9,0,9,16,39,25,0,80,0,0,0,80
05/21/2008,PSC,WA,ANM,WE,Combined TRACON& Tower with Radar,13,28,12,0,53,0,14,33,0,47,13,42,45,0,100,10,0,10,110
05/22/2008,PSC,WA,ANM,WE,Combined TRACON& Tower with Radar,17,31,13,0,61,0,7,29,0,36,17,38,42,0,97,74,0,74,171
05/23/2008,PSC,WA,ANM,WE,Combined TRACON& Tower with Radar,10,33,14,0,57,0,11,34,0,45,10,44,48,0,102,24,0,24,126
05/24/2008,PSC,WA,ANM,WE,Combined TRACON& Tower with Radar,12,22,9,0,43,0,0,56,0,56,12,22,65,0,99,20,0,20,119
05/25/2008,PSC,WA,ANM,WE,Combined TRACON& Tower with Radar,14,16,9,1,40,0,0,13,0,13,14,16,22,1,53,2,0,2,55
05/26/2008,PSC,WA,ANM,WE,Combined TRACON& Tower with Radar,11,27,7,1,46,0,0,39,0,39,11,27,46,1,85,0,0,0,85
05/27/2008,PSC,WA,ANM,WE,Combined TRACON& Tower with Radar,15,39,7,0,61,1,6,56,0,63,16,45,63,0,124,36,0,36,160
05/28/2008,PSC,WA,ANM,WE,Combined TRACON& Tower with Radar,16,46,18,8,88,0,8,35,0,43,16,54,53,8,131,52,0,52,183
05/29/2008,PSC,WA,ANM,WE,Combined TRACON& Tower with Radar,13,32,16,2,63,2,23,40,4,69,15,55,56,6,132,58,0,58,190
05/30/2008,PSC,WA,ANM,WE,Combined TRACON& Tower with Radar,14,38,16,0,68,0,3,57,0,60,14,41,73,0,128,134,2,136,264
05/31/2008,PSC,WA,ANM,WE,Combined TRACON& Tower with Radar,13,18,7,0,38,0,0,45,0,45,13,18,52,0,83,70,0,70,153
06/01/2008,PSC,WA,ANM,WE,Combined TRACON& Tower with Radar,15,21,21,0,57,0,0,37,0,37,15,21,58,0,94,44,0,44,138
06/02/2008,PSC,WA,ANM,WE,Combined TRACON& Tower with Radar,13,35,19,0,67,1,21,47,0,69,14,56,66,0,136,88,0,88,224
06/03/2008,PSC,WA,ANM,WE,Combined TRACON& Tower with Radar,14,33,23,0,70,1,6,23,0,30,15,39,46,0,100,54,0,54,154
06/04/2008,PSC,WA,ANM,WE,Combined TRACON& Tower with Radar,14,48,35,8,105,0,9,52,2,63,14,57,87,10,168,64,40,104,272
06/05/2008,PSC,WA,ANM,WE,Combined TRACON& Tower with Radar,14,31,16,3,64,0,0,45,0,45,14,31,61,3,109,22,4,26,135
06/06/2008,PSC,WA,ANM,WE,Combined TRACON& Tower with Radar,16,37,15,2,70,0,0,17,0,17,16,37,32,2,87,44,0,44,131
06/07/2008,PSC,WA,ANM,WE,Combined TRACON& Tower with Radar,11,26,22,2,61,0,2,28,2,32,11,28,50,4,93,35,0,35,128
06/08/2008,PSC,WA,ANM,WE,Combined TRACON& Tower with Radar,16,16,11,6,49,2,0,38,1,41,18,16,49,7,90,76,0,76,166
06/09/2008,PSC,WA,ANM,WE,Combined TRACON& Tower with Radar,16,43,15,2,76,0,0,33,1,34,16,43,48,3,110,34,0,34,144
06/10/2008,PSC,WA,ANM,WE,Combined TRACON& Tower with Radar,20,36,16,0,72,0,3,17,0,20,20,39,33,0,92,49,0,49,141
06/11/2008,PSC,WA,ANM,WE,Combined TRACON& Tower with Radar,16,31,19,0,66,0,16,23,0,39,16,47,42,0,105,38,0,38,143
06/12/2008,PSC,WA,ANM,WE,Combined TRACON& Tower with Radar,16,32,19,0,67,0,11,57,0,68,16,43,76,0,135,46,0,46,181
06/13/2008,PSC,WA,ANM,WE,Combined TRACON& Tower with Radar,14,25,16,1,56,0,16,37,0,53,14,41,53,1,109,52,0,52,161
06/14/2008,PSC,WA,ANM,WE,Combined TRACON& Tower with Radar,11,23,7,2,43,0,0,53,2,55,11,23,60,4,98,76,2,78,176
06/15/2008,PSC,WA,ANM,WE,Combined TRACON& Tower with Radar,15,21,4,1,41,0,0,65,1,66,15,21,69,2,107,20,0,20,127
06/16/2008,PSC,WA,ANM,WE,Combined TRACON& Tower with Radar,16,36,9,0,61,0,4,59,0,63,16,40,68,0,124,66,0,66,190
06/17/2008,PSC,WA,ANM,WE,Combined TRACON& Tower with Radar,20,29,3,0,52,0,10,83,2,95,20,39,86,2,147,62,0,62,209
06/18/2008,PSC,WA,ANM,WE,Combined TRACON& Tower with Radar,14,29,16,2,61,0,0,72,12,84,14,29,88,14,145,66,36,102,247
06/19/2008,PSC,WA,ANM,WE,Combined TRACON& Tower with Radar,14,34,26,1,75,0,7,64,0,71,14,41,90,1,146,90,4,94,240
06/20/2008,PSC,WA,ANM,WE,Combined TRACON& Tower with Radar,14,28,15,6,63,0,8,75,0,83,14,36,90,6,146,98,0,98,244
06/21/2008,PSC,WA,ANM,WE,Combined TRACON& Tower with Radar,8,24,11,0,43,0,0,46,1,47,8,24,57,1,90,48,2,50,140
06/22/2008,PSC,WA,ANM,WE,Combined TRACON& Tower with Radar,17,18,12,0,47,0,0,42,0,42,17,18,54,0,89,40,0,40,129
06/23/2008,PSC,WA,ANM,WE,Combined TRACON& Tower with Radar,13,37,15,0,65,0,2,49,0,51,13,39,64,0,116,74,0,74,190
06/24/2008,PSC,WA,ANM,WE,Combined TRACON& Tower with Radar,17,38,24,0,79,0,5,63,1,69,17,43,87,1,148,100,0,100,248
06/25/2008,PSC,WA,ANM,WE,Combined TRACON& Tower with Radar,13,33,13,6,65,0,6,35,2,43,13,39,48,8,108,138,34,172,280
06/26/2008,PSC,WA,ANM,WE,Combined TRACON& Tower with Radar,14,30,15,0,59,0,19,54,0,73,14,49,69,0,132,68,0,68,200
06/27/2008,PSC,WA,ANM,WE,Combined TRACON& Tower with Radar,15,50,70,2,137,0,0,0,0,0,15,50,70,2,137,74,12,86,223
06/28/2008,PSC,WA,ANM,WE,Combined TRACON& Tower with Radar,11,20,10,0,41,0,0,48,0,48,11,20,58,0,89,52,0,52,141
06/29/2008,PSC,WA,ANM,WE,Combined TRACON& Tower with Radar,15,19,9,0,43,1,0,21,0,22,16,19,30,0,65,42,0,42,107
06/30/2008,PSC,WA,ANM,WE,Combined TRACON& Tower with Radar,17,42,6,0,65,0,6,44,0,50,17,48,50,0,115,48,0,48,163
07/01/2008,PSC,WA,ANM,WE,Combined TRACON& Tower with Radar,17,25,20,3,65,0,5,42,13,60,17,30,62,16,125,102,52,154,279
07/02/2008,PSC,WA,ANM,WE,Combined TRACON& Tower with Radar,15,24,12,2,53,0,4,44,0,48,15,28,56,2,101,123,0,123,224
07/03/2008,PSC,WA,ANM,WE,Combined TRACON& Tower with Radar,18,29,13,0,60,0,4,41,3,48,18,33,54,3,108,90,0,90,198
07/04/2008,PSC,WA,ANM,WE,Combined TRACON& Tower with Radar,10,21,3,0,34,0,0,33,0,33,10,21,36,0,67,50,0,50,117
07/05/2008,PSC,WA,ANM,WE,Combined TRACON& Tower with Radar,15,16,13,0,44,0,0,26,0,26,15,16,39,0,70,26,0,26,96
07/06/2008,PSC,WA,ANM,WE,Combined TRACON& Tower with Radar,13,19,7,0,39,0,0,31,0,31,13,19,38,0,70,16,0,16,86
07/07/2008,PSC,WA,ANM,WE,Combined TRACON& Tower with Radar,15,27,17,0,59,0,6,44,0,50,15,33,61,0,109,56,0,56,165
07/08/2008,PSC,WA,ANM,WE,Combined TRACON& Tower with Radar,17,32,28,2,79,0,6,49,6,61,17,38,77,8,140,39,20,59,199
07/09/2008,PSC,WA,ANM,WE,Combined TRACON& Tower with Radar,13,33,21,6,73,0,6,50,0,56,13,39,71,6,129,70,0,70,199
07/10/2008,PSC,WA,ANM,WE,Combined TRACON& Tower with Radar,15,35,15,0,65,0,12,37,0,49,15,47,52,0,114,108,0,108,222
07/11/2008,PSC,WA,ANM,WE,Combined TRACON& Tower with Radar,13,28,7,4,52,0,7,59,0,66,13,35,66,4,118,66,0,66,184
07/12/2008,PSC,WA,ANM,WE,Combined TRACON& Tower with Radar,14,16,7,0,37,0,2,62,1,65,14,18,69,1,102,52,0,52,154
07/13/2008,PSC,WA,ANM,WE,Combined TRACON& Tower with Radar,17,16,8,0,41,0,0,52,0,52,17,16,60,0,93,54,0,54,147
07/14/2008,PSC,WA,ANM,WE,Combined TRACON& Tower with Radar,12,23,15,2,52,0,11,41,0,52,12,34,56,2,104,66,0,66,170
07/15/2008,PSC,WA,ANM,WE,Combined TRACON& Tower with Radar,17,31,10,2,60,0,16,36,5,57,17,47,46,7,117,74,50,124,241
07/16/2008,PSC,WA,ANM,WE,Combined TRACON& Tower with Radar,13,24,16,0,53,0,5,41,0,46,13,29,57,0,99,77,0,77,176
07/17/2008,PSC,WA,ANM,WE,Combined TRACON& Tower with Radar,14,29,10,2,55,1,11,52,0,64,15,40,62,2,119,135,0,135,254
07/18/2008,PSC,WA,ANM,WE,Combined TRACON& Tower with Radar,14,29,12,4,59,0,14,34,0,48,14,43,46,4,107,114,0,114,221
07/19/2008,PSC,WA,ANM,WE,Combined TRACON& Tower with Radar,16,18,59,4,97,0,2,8,0,10,16,20,67,4,107,63,0,63,170
07/20/2008,PSC,WA,ANM,WE,Combined TRACON& Tower with Radar,13,22,44,0,79,0,0,0,0,0,13,22,44,0,79,70,0,70,149
07/21/2008,PSC,WA,ANM,WE,Combined TRACON& Tower with Radar,16,30,15,2,63,0,9,39,2,50,16,39,54,4,113,70,0,70,183
07/22/2008,PSC,WA,ANM,WE,Combined TRACON& Tower with Radar,15,25,9,2,51,0,10,28,0,38,15,35,37,2,89,102,2,104,193
07/23/2008,PSC,WA,ANM,WE,Combined TRACON& Tower with Radar,14,35,15,8,72,0,6,52,1,59,14,41,67,9,131,126,0,126,257
07/24/2008,PSC,WA,ANM,WE,Combined TRACON& Tower with Radar,16,20,26,0,62,1,7,48,3,59,17,27,74,3,121,120,12,132,253
07/25/2008,PSC,WA,ANM,WE,Combined TRACON& Tower with Radar,15,39,15,1,70,0,7,58,4,69,15,46,73,5,139,124,8,132,271
07/26/2008,PSC,WA,ANM,WE,Combined TRACON& Tower with Radar,16,22,19,0,57,0,0,51,8,59,16,22,70,8,116,28,12,40,156
07/27/2008,PSC,WA,ANM,WE,Combined TRACON& Tower with Radar,18,20,14,2,54,0,6,39,15,60,18,26,53,17,114,16,20,36,150
07/28/2008,PSC,WA,ANM,WE,Combined TRACON& Tower with Radar,14,32,4,5,55,0,10,40,0,50,14,42,44,5,105,50,0,50,155
07/29/2008,PSC,WA,ANM,WE,Combined TRACON& Tower with Radar,17,34,21,2,74,0,7,42,2,51,17,41,63,4,125,42,8,50,175
07/30/2008,PSC,WA,ANM,WE,Combined TRACON& Tower with Radar,12,34,13,3,62,0,13,57,10,80,12,47,70,13,142,49,24,73,215
07/31/2008,PSC,WA,ANM,WE,Combined TRACON& Tower with Radar,14,34,16,0,64,0,11,54,0,65,14,45,70,0,129,28,0,28,157
08/01/2008,PSC,WA,ANM,WE,Combined TRACON& Tower with Radar,14,31,13,2,60,0,10,38,0,48,14,41,51,2,108,34,0,34,142
08/02/2008,PSC,WA,ANM,WE,Combined TRACON& Tower with Radar,11,21,9,3,44,0,4,37,0,41,11,25,46,3,85,44,41,85,170
08/03/2008,PSC,WA,ANM,WE,Combined TRACON& Tower with Radar,16,21,45,1,83,0,0,36,0,36,16,21,81,1,119,48,0,48,167
08/04/2008,PSC,WA,ANM,WE,Combined TRACON& Tower with Radar,15,38,13,1,67,0,16,52,0,68,15,54,65,1,135,70,0,70,205
08/05/2008,PSC,WA,ANM,WE,Combined TRACON& Tower with Radar,15,28,17,0,60,0,13,30,0,43,15,41,47,0,103,36,0,36,139
08/06/2008,PSC,WA,ANM,WE,Combined TRACON& Tower with Radar,11,32,27,0,70,0,6,28,2,36,11,38,55,2,106,107,4,111,217
08/07/2008,PSC,WA,ANM,WE,Combined TRACON& Tower with Radar,15,41,48,0,104,0,10,32,0,42,15,51,80,0,146,69,0,69,215
08/08/2008,PSC,WA,ANM,WE,Combined TRACON& Tower with Radar,16,23,11,1,51,2,9,19,1,31,18,32,30,2,82,68,2,70,152
08/09/2008,PSC,WA,ANM,WE,Combined TRACON& Tower with Radar,11,16,13,1,41,1,3,38,0,42,12,19,51,1,83,50,0,50,133
08/10/2008,PSC,WA,ANM,WE,Combined TRACON& Tower with Radar,11,18,53,0,82,11,18,15,0,44,22,36,68,0,126,71,0,71,197
08/11/2008,PSC,WA,ANM,WE,Combined TRACON& Tower with Radar,18,28,12,0,58,0,12,36,0,48,18,40,48,0,106,46,0,46,152
08/12/2008,PSC,WA,ANM,WE,Combined TRACON& Tower with Radar,21,29,7,1,58,1,15,31,1,48,22,44,38,2,106,78,16,94,200
08/13/2008,PSC,WA,ANM,WE,Combined TRACON& Tower with Radar,17,25,25,0,67,0,6,54,0,60,17,31,79,0,127,81,0,81,208
08/14/2008,PSC,WA,ANM,WE,Combined TRACON& Tower with Radar,23,37,16,0,76,1,10,48,0,59,24,47,64,0,135,127,0,127,262
08/15/2008,PSC,WA,ANM,WE,Combined TRACON& Tower with Radar,13,30,10,0,53,0,6,60,6,72,13,36,70,6,125,93,0,93,218
08/16/2008,PSC,WA,ANM,WE,Combined TRACON& Tower with Radar,14,20,47,0,81,0,1,39,0,40,14,21,86,0,121,40,0,40,161
08/17/2008,PSC,WA,ANM,WE,Combined TRACON& Tower with Radar,16,20,7,0,43,0,0,41,0,41,16,20,48,0,84,18,0,18,102
08/18/2008,PSC,WA,ANM,WE,Combined TRACON& Tower with Radar,16,28,21,0,65,0,3,21,1,25,16,31,42,1,90,36,0,36,126
08/19/2008,PSC,WA,ANM,WE,Combined TRACON& Tower with Radar,17,29,15,0,61,0,6,25,0,31,17,35,40,0,92,66,0,66,158
08/20/2008,PSC,WA,ANM,WE,Combined TRACON& Tower with Radar,20,33,33,2,88,0,5,36,0,41,20,38,69,2,129,80,0,80,209
08/21/2008,PSC,WA,ANM,WE,Combined TRACON& Tower with Radar,16,32,26,1,75,0,5,16,0,21,16,37,42,1,96,26,1,27,123
08/22/2008,PSC,WA,ANM,WE,Combined TRACON& Tower with Radar,18,31,7,0,56,1,14,60,0,75,19,45,67,0,131,66,0,66,197
08/23/2008,PSC,WA,ANM,WE,Combined TRACON& Tower with Radar,12,17,74,0,103,0,2,62,0,64,12,19,136,0,167,77,0,77,244
08/24/2008,PSC,WA,ANM,WE,Combined TRACON& Tower with Radar,11,16,23,0,50,0,2,36,0,38,11,18,59,0,88,52,0,52,140
08/25/2008,PSC,WA,ANM,WE,Combined TRACON& Tower with Radar,18,24,22,0,64,0,3,31,0,34,18,27,53,0,98,57,0,57,155
08/26/2008,PSC,WA,ANM,WE,Combined TRACON& Tower with Radar,22,28,16,0,66,4,5,50,0,59,26,33,66,0,125,46,0,46,171
08/27/2008,PSC,WA,ANM,WE,Combined TRACON& Tower with Radar,20,29,13,8,70,0,10,7,0,17,20,39,20,8,87,20,16,36,123
08/28/2008,PSC,WA,ANM,WE,Combined TRACON& Tower with Radar,23,31,29,0,83,0,13,48,0,61,23,44,77,0,144,118,0,118,262
08/29/2008,PSC,WA,ANM,WE,Combined TRACON& Tower with Radar,14,25,16,2,57,0,4,36,1,41,14,29,52,3,98,42,30,72,170
08/30/2008,PSC,WA,ANM,WE,Combined TRACON& Tower with Radar,16,18,51,0,85,0,2,42,0,44,16,20,93,0,129,78,0,78,207
08/31/2008,PSC,WA,ANM,WE,Combined TRACON& Tower with Radar,11,14,26,0,51,0,1,19,0,20,11,15,45,0,71,28,0,28,99
09/01/2008,PSC,WA,ANM,WE,Combined TRACON& Tower with Radar,11,20,44,0,75,0,0,30,0,30,11,20,74,0,105,42,0,42,147
09/02/2008,PSC,WA,ANM,WE,Combined TRACON& Tower with Radar,12,26,15,0,53,0,8,35,0,43,12,34,50,0,96,96,0,96,192
09/03/2008,PSC,WA,ANM,WE,Combined TRACON& Tower with Radar,20,27,37,7,91,4,14,49,0,67,24,41,86,7,158,115,28,143,301
09/04/2008,PSC,WA,ANM,WE,Combined TRACON& Tower with Radar,16,21,26,0,63,0,7,39,5,51,16,28,65,5,114,80,0,80,194
09/05/2008,PSC,WA,ANM,WE,Combined TRACON& Tower with Radar,18,19,18,2,57,0,6,28,0,34,18,25,46,2,91,30,0,30,121
09/06/2008,PSC,WA,ANM,WE,Combined TRACON& Tower with Radar,12,18,5,0,35,0,1,33,0,34,12,19,38,0,69,34,0,34,103
09/07/2008,PSC,WA,ANM,WE,Combined TRACON& Tower with Radar,16,22,11,2,51,0,0,27,0,27,16,22,38,2,78,48,0,48,126
09/08/2008,PSC,WA,ANM,WE,Combined TRACON& Tower with Radar,15,22,9,0,46,0,5,31,1,37,15,27,40,1,83,16,0,16,99
09/09/2008,PSC,WA,ANM,WE,Combined TRACON& Tower with Radar,13,23,21,0,57,0,4,37,0,41,13,27,58,0,98,50,0,50,148
09/10/2008,PSC,WA,ANM,WE,Combined TRACON& Tower with Radar,15,27,36,0,78,0,9,39,0,48,15,36,75,0,126,84,0,84,210
09/11/2008,PSC,WA,ANM,WE,Combined TRACON& Tower with Radar,18,29,12,0,59,0,6,45,0,51,18,35,57,0,110,54,0,54,164
09/12/2008,PSC,WA,ANM,WE,Combined TRACON& Tower with Radar,13,24,18,2,57,0,6,29,0,35,13,30,47,2,92,64,0,64,156
09/13/2008,PSC,WA,ANM,WE,Combined TRACON& Tower with Radar,12,17,9,0,38,0,0,36,0,36,12,17,45,0,74,110,0,110,184
09/14/2008,PSC,WA,ANM,WE,Combined TRACON& Tower with Radar,15,16,27,0,58,0,0,42,0,42,15,16,69,0,100,113,0,113,213
09/15/2008,PSC,WA,ANM,WE,Combined TRACON& Tower with Radar,21,27,16,0,64,0,3,43,0,46,21,30,59,0,110,56,0,56,166
09/16/2008,PSC,WA,ANM,WE,Combined TRACON& Tower with Radar,14,28,14,0,56,0,13,46,0,59,14,41,60,0,115,56,0,56,171
09/17/2008,PSC,WA,ANM,WE,Combined TRACON& Tower with Radar,17,35,16,0,68,0,6,41,1,48,17,41,57,1,116,60,0,60,176
09/18/2008,PSC,WA,ANM,WE,Combined TRACON& Tower with Radar,15,33,7,0,55,0,9,33,0,42,15,42,40,0,97,21,0,21,118
09/19/2008,PSC,WA,ANM,WE,Combined TRACON& Tower with Radar,13,28,9,2,52,0,7,39,1,47,13,35,48,3,99,81,0,81,180
09/20/2008,PSC,WA,ANM,WE,Combined TRACON& Tower with Radar,16,19,15,6,56,0,1,22,1,24,16,20,37,7,80,36,0,36,116
09/21/2008,PSC,WA,ANM,WE,Combined TRACON& Tower with Radar,14,16,23,0,53,0,0,29,6,35,14,16,52,6,88,55,0,55,143
09/22/2008,PSC,WA,ANM,WE,Combined TRACON& Tower with Radar,18,19,11,2,50,0,5,17,7,29,18,24,28,9,79,36,0,36,115
09/23/2008,PSC,WA,ANM,WE,Combined TRACON& Tower with Radar,16,35,15,8,74,0,6,46,4,56,16,41,61,12,130,26,2,28,158
09/24/2008,PSC,WA,ANM,WE,Combined TRACON& Tower with Radar,14,35,20,0,69,0,7,62,11,80,14,42,82,11,149,10,4,14,163
09/25/2008,PSC,WA,ANM,WE,Combined TRACON& Tower with Radar,18,27,29,1,75,0,6,33,6,45,18,33,62,7,120,6,2,8,128
09/26/2008,PSC,WA,ANM,WE,Combined TRACON& Tower with Radar,15,23,12,0,50,0,5,33,0,38,15,28,45,0,88,12,0,12,100
09/27/2008,PSC,WA,ANM,WE,Combined TRACON& Tower with Radar,12,19,17,0,48,0,4,62,0,66,12,23,79,0,114,48,0,48,162
09/28/2008,PSC,WA,ANM,WE,Combined TRACON& Tower with Radar,14,16,11,0,41,0,0,37,0,37,14,16,48,0,78,62,0,62,140
09/29/2008,PSC,WA,ANM,WE,Combined TRACON& Tower with Radar,15,28,20,0,63,0,5,41,0,46,15,33,61,0,109,86,0,86,195
09/30/2008,PSC,WA,ANM,WE,Combined TRACON& Tower with Radar,16,36,15,0,67,0,12,26,0,38,16,48,41,0,105,22,0,22,127
10/01/2008,PSC,WA,ANM,WE,Combined TRACON& Tower with Radar,17,24,5,0,46,0,6,66,0,72,17,30,71,0,118,34,0,34,152
10/02/2008,PSC,WA,ANM,WE,Combined TRACON& Tower with Radar,22,28,23,0,73,1,5,21,0,27,23,33,44,0,100,34,0,34,134
10/03/2008,PSC,WA,ANM,WE,Combined TRACON& Tower with Radar,17,30,15,12,74,0,3,24,0,27,17,33,39,12,101,46,0,46,147
10/04/2008,PSC,WA,ANM,WE,Combined TRACON& Tower with Radar,11,16,26,0,53,0,2,10,0,12,11,18,36,0,65,20,0,20,85
10/05/2008,PSC,WA,ANM,WE,Combined TRACON& Tower with Radar,16,19,20,2,57,0,0,20,1,21,16,19,40,3,78,32,0,32,110
10/06/2008,PSC,WA,ANM,WE,Combined TRACON& Tower with Radar,16,28,7,0,51,0,3,39,0,42,16,31,46,0,93,22,0,22,115
10/07/2008,PSC,WA,ANM,WE,Combined TRACON& Tower with Radar,16,22,3,0,41,0,6,4,0,10,16,28,7,0,51,0,0,0,51
10/08/2008,PSC,WA,ANM,WE,Combined TRACON& Tower with Radar,16,25,13,0,54,0,3,33,0,36,16,28,46,0,90,32,0,32,122
10/09/2008,PSC,WA,ANM,WE,Combined TRACON& Tower with Radar,17,25,15,0,57,0,8,30,0,38,17,33,45,0,95,92,0,92,187
10/10/2008,PSC,WA,ANM,WE,Combined TRACON& Tower with Radar,13,35,29,0,77,0,6,33,0,39,13,41,62,0,116,34,0,34,150
10/11/2008,PSC,WA,ANM,WE,Combined TRACON& Tower with Radar,12,16,52,0,80,0,0,38,0,38,12,16,90,0,118,34,0,34,152
10/12/2008,PSC,WA,ANM,WE,Combined TRACON& Tower with Radar,12,17,11,0,40,0,0,40,0,40,12,17,51,0,80,33,0,33,113
10/13/2008,PSC,WA,ANM,WE,Combined TRACON& Tower with Radar,14,19,9,0,42,0,0,27,0,27,14,19,36,0,69,36,0,36,105
10/14/2008,PSC,WA,ANM,WE,Combined TRACON& Tower with Radar,17,34,17,0,68,0,7,50,0,57,17,41,67,0,125,60,0,60,185
10/15/2008,PSC,WA,ANM,WE,Combined TRACON& Tower with Radar,17,25,16,0,58,0,6,32,1,39,17,31,48,1,97,50,0,50,147
10/16/2008,PSC,WA,ANM,WE,Combined TRACON& Tower with Radar,17,32,8,0,57,0,3,21,0,24,17,35,29,0,81,62,0,62,143
10/17/2008,PSC,WA,ANM,WE,Combined TRACON& Tower with Radar,15,27,17,1,60,0,9,36,2,47,15,36,53,3,107,44,0,44,151
10/18/2008,PSC,WA,ANM,WE,Combined TRACON& Tower with Radar,11,14,11,0,36,0,2,35,1,38,11,16,46,1,74,22,0,22,96
10/19/2008,PSC,WA,ANM,WE,Combined TRACON& Tower with Radar,16,11,14,2,43,0,0,42,2,44,16,11,56,4,87,20,0,20,107
10/20/2008,PSC,WA,ANM,WE,Combined TRACON& Tower with Radar,17,31,24,1,73,0,3,13,0,16,17,34,37,1,89,6,0,6,95
10/21/2008,PSC,WA,ANM,WE,Combined TRACON& Tower with Radar,15,42,20,0,77,0,2,27,0,29,15,44,47,0,106,38,0,38,144
10/22/2008,PSC,WA,ANM,WE,Combined TRACON& Tower with Radar,16,33,25,10,84,0,4,52,5,61,16,37,77,15,145,36,20,56,201
10/23/2008,PSC,WA,ANM,WE,Combined TRACON& Tower with Radar,18,24,19,0,61,0,4,58,0,62,18,28,77,0,123,36,0,36,159
10/24/2008,PSC,WA,ANM,WE,Combined TRACON& Tower with Radar,13,32,10,0,55,0,6,31,0,37,13,38,41,0,92,24,0,24,116
10/25/2008,PSC,WA,ANM,WE,Combined TRACON& Tower with Radar,10,16,14,0,40,0,1,38,0,39,10,17,52,0,79,40,0,40,119
10/26/2008,PSC,WA,ANM,WE,Combined TRACON& Tower with Radar,19,17,21,0,57,0,1,34,0,35,19,18,55,0,92,50,0,50,142
10/27/2008,PSC,WA,ANM,WE,Combined TRACON& Tower with Radar,17,27,14,0,58,0,2,29,0,31,17,29,43,0,89,72,0,72,161
10/28/2008,PSC,WA,ANM,WE,Combined TRACON& Tower with Radar,13,24,15,0,52,0,6,21,0,27,13,30,36,0,79,42,0,42,121
10/29/2008,PSC,WA,ANM,WE,Combined TRACON& Tower with Radar,16,24,29,1,70,0,3,50,0,53,16,27,79,1,123,46,0,46,169
10/30/2008,PSC,WA,ANM,WE,Combined TRACON& Tower with Radar,16,21,22,2,61,0,3,28,0,31,16,24,50,2,92,36,0,36,128
10/31/2008,PSC,WA,ANM,WE,Combined TRACON& Tower with Radar,20,19,11,2,52,0,4,20,2,26,20,23,31,4,78,0,0,0,78
11/01/2008,PSC,WA,ANM,WE,Combined TRACON& Tower with Radar,12,11,15,2,40,0,0,21,0,21,12,11,36,2,61,10,0,10,71
11/02/2008,PSC,WA,ANM,WE,Combined TRACON& Tower with Radar,21,11,23,7,62,0,1,25,0,26,21,12,48,7,88,30,0,30,118
11/03/2008,PSC,WA,ANM,WE,Combined TRACON& Tower with Radar,16,18,5,2,41,0,5,17,0,22,16,23,22,2,63,24,2,26,89
11/04/2008,PSC,WA,ANM,WE,Combined TRACON& Tower with Radar,19,20,17,7,63,0,1,8,0,9,19,21,25,7,72,14,12,26,98
11/05/2008,PSC,WA,ANM,WE,Combined TRACON& Tower with Radar,18,24,24,0,66,0,3,30,0,33,18,27,54,0,99,28,0,28,127
11/06/2008,PSC,WA,ANM,WE,Combined TRACON& Tower with Radar,22,30,24,2,78,0,0,19,0,19,22,30,43,2,97,0,0,0,97
11/07/2008,PSC,WA,ANM,WE,Combined TRACON& Tower with Radar,15,26,21,0,62,0,1,6,0,7,15,27,27,0,69,12,0,12,81
11/08/2008,PSC,WA,ANM,WE,Combined TRACON& Tower with Radar,11,12,20,0,43,0,0,3,0,3,11,12,23,0,46,25,0,25,71
11/09/2008,PSC,WA,ANM,WE,Combined TRACON& Tower with Radar,16,10,9,0,35,0,0,11,0,11,16,10,20,0,46,62,0,62,108
11/10/2008,PSC,WA,ANM,WE,Combined TRACON& Tower with Radar,17,16,10,0,43,0,3,17,0,20,17,19,27,0,63,38,2,40,103
11/11/2008,PSC,WA,ANM,WE,Combined TRACON& Tower with Radar,18,17,17,0,52,0,0,9,0,9,18,17,26,0,61,14,0,14,75
11/12/2008,PSC,WA,ANM,WE,Combined TRACON& Tower with Radar,15,24,12,0,51,0,3,12,0,15,15,27,24,0,66,2,0,2,68
11/13/2008,PSC,WA,ANM,WE,Combined TRACON& Tower with Radar,19,17,24,0,60,0,9,33,0,42,19,26,57,0,102,15,0,15,117
11/14/2008,PSC,WA,ANM,WE,Combined TRACON& Tower with Radar,21,25,19,0,65,0,1,40,3,44,21,26,59,3,109,19,0,19,128
11/15/2008,PSC,WA,ANM,WE,Combined TRACON& Tower with Radar,13,7,10,0,30,0,1,47,0,48,13,8,57,0,78,58,0,58,136
11/16/2008,PSC,WA,ANM,WE,Combined TRACON& Tower with Radar,16,11,18,0,45,0,0,24,2,26,16,11,42,2,71,19,0,19,90
11/17/2008,PSC,WA,ANM,WE,Combined TRACON& Tower with Radar,15,15,15,0,45,2,3,15,0,20,17,18,30,0,65,52,0,52,117
11/18/2008,PSC,WA,ANM,WE,Combined TRACON& Tower with Radar,21,14,16,0,51,0,1,16,0,17,21,15,32,0,68,48,0,48,116
11/19/2008,PSC,WA,ANM,WE,Combined TRACON& Tower with Radar,16,14,28,3,61,0,5,12,3,20,16,19,40,6,81,40,32,72,153
11/20/2008,PSC,WA,ANM,WE,Combined TRACON& Tower with Radar,18,18,23,0,59,1,5,8,0,14,19,23,31,0,73,14,0,14,87
11/21/2008,PSC,WA,ANM,WE,Combined TRACON& Tower with Radar,15,17,10,18,60,0,5,48,1,54,15,22,58,19,114,20,29,49,163
11/22/2008,PSC,WA,ANM,WE,Combined TRACON& Tower with Radar,12,13,4,0,29,0,1,39,9,49,12,14,43,9,78,38,0,38,116
11/23/2008,PSC,WA,ANM,WE,Combined TRACON& Tower with Radar,16,9,26,0,51,0,0,16,0,16,16,9,42,0,67,22,0,22,89
11/24/2008,PSC,WA,ANM,WE,Combined TRACON& Tower with Radar,17,10,14,1,42,0,5,30,2,37,17,15,44,3,79,32,0,32,111
11/25/2008,PSC,WA,ANM,WE,Combined TRACON& Tower with Radar,16,20,17,11,64,0,2,12,1,15,16,22,29,12,79,0,0,0,79
11/26/2008,PSC,WA,ANM,WE,Combined TRACON& Tower with Radar,17,23,9,1,50,0,1,0,0,1,17,24,9,1,51,0,0,0,51
11/27/2008,PSC,WA,ANM,WE,Combined TRACON& Tower with Radar,11,5,6,0,22,0,0,0,0,0,11,5,6,0,22,0,0,0,22
11/28/2008,PSC,WA,ANM,WE,Combined TRACON& Tower with Radar,11,22,5,0,38,0,1,10,0,11,11,23,15,0,49,0,0,0,49
11/29/2008,PSC,WA,ANM,WE,Combined TRACON& Tower with Radar,23,13,7,0,43,0,0,7,0,7,23,13,14,0,50,0,0,0,50
11/30/2008,PSC,WA,ANM,WE,Combined TRACON& Tower with Radar,19,8,23,0,50,0,0,0,0,0,19,8,23,0,50,0,0,0,50
12/01/2008,PSC,WA,ANM,WE,Combined TRACON& Tower with Radar,18,18,19,28,83,0,1,6,0,7,18,19,25,28,90,20,0,20,110
12/02/2008,PSC,WA,ANM,WE,Combined TRACON& Tower with Radar,18,20,27,0,65,0,1,10,0,11,18,21,37,0,76,12,0,12,88
12/03/2008,PSC,WA,ANM,WE,Combined TRACON& Tower with Radar,18,18,25,8,69,0,4,28,7,39,18,22,53,15,108,45,84,129,237
12/04/2008,PSC,WA,ANM,WE,Combined TRACON& Tower with Radar,18,21,26,0,65,0,7,45,1,53,18,28,71,1,118,68,0,68,186
12/05/2008,PSC,WA,ANM,WE,Combined TRACON& Tower with Radar,16,16,27,2,61,0,0,31,0,31,16,16,58,2,92,66,0,66,158
12/06/2008,PSC,WA,ANM,WE,Combined TRACON& Tower with Radar,15,11,75,0,101,0,1,46,0,47,15,12,121,0,148,47,0,47,195
12/07/2008,PSC,WA,ANM,WE,Combined TRACON& Tower with Radar,16,10,19,2,47,0,0,21,0,21,16,10,40,2,68,22,0,22,90
12/08/2008,PSC,WA,ANM,WE,Combined TRACON& Tower with Radar,15,20,22,0,57,0,4,26,0,30,15,24,48,0,87,38,0,38,125
12/09/2008,PSC,WA,ANM,WE,Combined TRACON& Tower with Radar,17,15,13,0,45,0,1,15,0,16,17,16,28,0,61,0,0,0,61
12/10/2008,PSC,WA,ANM,WE,Combined TRACON& Tower with Radar,16,19,38,0,73,0,5,41,0,46,16,24,79,0,119,85,0,85,204
12/11/2008,PSC,WA,ANM,WE,Combined TRACON& Tower with Radar,19,22,35,18,94,0,2,3,2,7,19,24,38,20,101,0,2,2,103
12/12/2008,PSC,WA,ANM,WE,Combined TRACON& Tower with Radar,17,14,18,0,49,0,0,4,0,4,17,14,22,0,53,0,0,0,53
12/13/2008,PSC,WA,ANM,WE,Combined TRACON& Tower with Radar,10,14,9,0,33,0,0,10,0,10,10,14,19,0,43,38,0,38,81
12/14/2008,PSC,WA,ANM,WE,Combined TRACON& Tower with Radar,15,8,11,0,34,0,0,0,0,0,15,8,11,0,34,0,0,0,34
12/15/2008,PSC,WA,ANM,WE,Combined TRACON& Tower with Radar,15,21,12,1,49,0,1,1,0,2,15,22,13,1,51,0,0,0,51
12/16/2008,PSC,WA,ANM,WE,Combined TRACON& Tower with Radar,19,23,22,1,65,0,1,12,0,13,19,24,34,1,78,2,0,2,80
12/17/2008,PSC,WA,ANM,WE,Combined TRACON& Tower with Radar,19,21,13,0,53,0,0,6,0,6,19,21,19,0,59,0,0,0,59
12/18/2008,PSC,WA,ANM,WE,Combined TRACON& Tower with Radar,10,19,12,0,41,0,0,0,0,0,10,19,12,0,41,0,0,0,41
12/19/2008,PSC,WA,ANM,WE,Combined TRACON& Tower with Radar,16,21,16,0,53,0,0,9,0,9,16,21,25,0,62,41,0,41,103
12/20/2008,PSC,WA,ANM,WE,Combined TRACON& Tower with Radar,15,6,16,0,37,0,0,15,0,15,15,6,31,0,52,41,0,41,93
12/21/2008,PSC,WA,ANM,WE,Combined TRACON& Tower with Radar,11,8,13,0,32,0,0,0,0,0,11,8,13,0,32,0,0,0,32
12/22/2008,PSC,WA,ANM,WE,Combined TRACON& Tower with Radar,7,19,17,0,43,0,0,0,0,0,7,19,17,0,43,0,0,0,43
12/23/2008,PSC,WA,ANM,WE,Combined TRACON& Tower with Radar,16,21,9,0,46,0,0,0,0,0,16,21,9,0,46,0,0,0,46
12/24/2008,PSC,WA,ANM,WE,Combined TRACON& Tower with Radar,15,26,2,0,43,0,0,0,0,0,15,26,2,0,43,0,0,0,43
12/25/2008,PSC,WA,ANM,WE,Combined TRACON& Tower with Radar,16,5,0,0,21,0,0,1,0,1,16,5,1,0,22,5,0,5,27
12/26/2008,PSC,WA,ANM,WE,Combined TRACON& Tower with Radar,15,16,0,0,31,0,0,0,0,0,15,16,0,0,31,0,0,0,31
12/27/2008,PSC,WA,ANM,WE,Combined TRACON& Tower with Radar,12,8,4,0,24,0,0,6,0,6,12,8,10,0,30,6,0,6,36
12/28/2008,PSC,WA,ANM,WE,Combined TRACON& Tower with Radar,13,9,10,0,32,0,0,12,0,12,13,9,22,0,44,22,0,22,66
12/29/2008,PSC,WA,ANM,WE,Combined TRACON& Tower with Radar,13,21,12,0,46,0,3,3,0,6,13,24,15,0,52,0,0,0,52
12/30/2008,PSC,WA,ANM,WE,Combined TRACON& Tower with Radar,14,19,16,5,54,0,5,34,5,44,14,24,50,10,98,14,30,44,142
12/31/2008,PSC,WA,ANM,WE,Combined TRACON& Tower with Radar,15,20,4,3,42,0,4,5,2,11,15,24,9,5,53,0,58,58,111
01/01/2009,PSC,WA,ANM,WE,Combined TRACON& Tower with Radar,15,7,0,0,22,0,0,5,0,5,15,7,5,0,27,4,0,4,31
01/02/2009,PSC,WA,ANM,WE,Combined TRACON& Tower with Radar,16,26,6,0,48,0,0,3,0,3,16,26,9,0,51,0,0,0,51
01/03/2009,PSC,WA,ANM,WE,Combined TRACON& Tower with Radar,12,14,20,0,46,0,0,15,0,15,12,14,35,0,61,70,0,70,131
01/04/2009,PSC,WA,ANM,WE,Combined TRACON& Tower with Radar,14,16,14,0,44,0,0,0,0,0,14,16,14,0,44,12,0,12,56
01/05/2009,PSC,WA,ANM,WE,Combined TRACON& Tower with Radar,16,20,10,0,46,0,1,2,0,3,16,21,12,0,49,0,0,0,49
01/06/2009,PSC,WA,ANM,WE,Combined TRACON& Tower with Radar,20,17,9,5,51,0,4,2,6,12,20,21,11,11,63,0,42,42,105
01/07/2009,PSC,WA,ANM,WE,Combined TRACON& Tower with Radar,17,14,9,22,62,0,5,7,0,12,17,19,16,22,74,0,10,10,84
01/08/2009,PSC,WA,ANM,WE,Combined TRACON& Tower with Radar,17,15,11,10,53,0,5,3,0,8,17,20,14,10,61,0,12,12,73
01/09/2009,PSC,WA,ANM,WE,Combined TRACON& Tower with Radar,16,13,19,5,53,0,6,21,0,27,16,19,40,5,80,20,4,24,104
01/10/2009,PSC,WA,ANM,WE,Combined TRACON& Tower with Radar,19,14,22,5,60,0,0,30,0,30,19,14,52,5,90,14,14,28,118
01/11/2009,PSC,WA,ANM,WE,Combined TRACON& Tower with Radar,16,9,14,13,52,0,0,32,0,32,16,9,46,13,84,27,40,67,151
01/12/2009,PSC,WA,ANM,WE,Combined TRACON& Tower with Radar,18,16,17,8,59,0,5,12,10,27,18,21,29,18,86,4,193,197,283
01/13/2009,PSC,WA,ANM,WE,Combined TRACON& Tower with Radar,20,14,22,2,58,0,5,18,0,23,20,19,40,2,81,14,69,83,164
01/14/2009,PSC,WA,ANM,WE,Combined TRACON& Tower with Radar,18,29,33,0,80,0,0,0,0,0,18,29,33,0,80,0,0,0,80
01/15/2009,PSC,WA,ANM,WE,Combined TRACON& Tower with Radar,20,23,16,0,59,0,0,0,0,0,20,23,16,0,59,0,0,0,59
01/16/2009,PSC,WA,ANM,WE,Combined TRACON& Tower with Radar,16,17,23,0,56,0,0,0,0,0,16,17,23,0,56,0,0,0,56
01/17/2009,PSC,WA,ANM,WE,Combined TRACON& Tower with Radar,15,12,6,8,41,0,0,0,0,0,15,12,6,8,41,0,70,70,111
01/18/2009,PSC,WA,ANM,WE,Combined TRACON& Tower with Radar,21,6,7,4,38,0,0,5,0,5,21,6,12,4,43,0,0,0,43
01/19/2009,PSC,WA,ANM,WE,Combined TRACON& Tower with Radar,22,9,17,0,48,0,0,0,0,0,22,9,17,0,48,13,0,13,61
01/20/2009,PSC,WA,ANM,WE,Combined TRACON& Tower with Radar,15,14,17,0,46,0,0,0,0,0,15,14,17,0,46,0,0,0,46
01/21/2009,PSC,WA,ANM,WE,Combined TRACON& Tower with Radar,27,19,12,0,58,0,2,3,0,5,27,21,15,0,63,26,0,26,89
01/22/2009,PSC,WA,ANM,WE,Combined TRACON& Tower with Radar,19,22,26,1,68,0,0,10,3,13,19,22,36,4,81,7,17,24,105
01/23/2009,PSC,WA,ANM,WE,Combined TRACON& Tower with Radar,18,27,11,0,56,0,0,2,0,2,18,27,13,0,58,0,0,0,58
01/24/2009,PSC,WA,ANM,WE,Combined TRACON& Tower with Radar,18,10,2,1,31,0,0,4,1,5,18,10,6,2,36,8,0,8,44
01/25/2009,PSC,WA,ANM,WE,Combined TRACON& Tower with Radar,15,12,9,3,39,0,0,15,0,15,15,12,24,3,54,22,4,26,80
01/26/2009,PSC,WA,ANM,WE,Combined TRACON& Tower with Radar,18,12,13,0,43,0,7,31,0,38,18,19,44,0,81,10,0,10,91
01/27/2009,PSC,WA,ANM,WE,Combined TRACON& Tower with Radar,17,15,32,0,64,0,6,23,0,29,17,21,55,0,93,26,0,26,119
01/28/2009,PSC,WA,ANM,WE,Combined TRACON& Tower with Radar,19,14,14,2,49,0,5,18,11,34,19,19,32,13,83,14,42,56,139
01/29/2009,PSC,WA,ANM,WE,Combined TRACON& Tower with Radar,20,17,6,4,47,0,6,40,0,46,20,23,46,4,93,12,0,12,105
01/30/2009,PSC,WA,ANM,WE,Combined TRACON& Tower with Radar,35,24,30,4,93,0,4,45,0,49,35,28,75,4,142,26,0,26,168
01/31/2009,PSC,WA,ANM,WE,Combined TRACON& Tower with Radar,14,7,41,2,64,0,1,22,0,23,14,8,63,2,87,26,0,26,113
02/01/2009,PSC,WA,ANM,WE,Combined TRACON& Tower with Radar,15,8,16,0,39,0,0,31,0,31,15,8,47,0,70,11,0,11,81
02/02/2009,PSC,WA,ANM,WE,Combined TRACON& Tower with Radar,18,11,12,2,43,0,5,18,0,23,18,16,30,2,66,1,2,3,69
02/03/2009,PSC,WA,ANM,WE,Combined TRACON& Tower with Radar,16,18,38,0,72,1,10,27,0,38,17,28,65,0,110,0,0,0,110
02/04/2009,PSC,WA,ANM,WE,Combined TRACON& Tower with Radar,14,16,19,0,49,0,4,28,0,32,14,20,47,0,81,6,0,6,87
02/05/2009,PSC,WA,ANM,WE,Combined TRACON& Tower with Radar,22,18,14,0,54,1,2,6,0,9,23,20,20,0,63,0,0,0,63
02/06/2009,PSC,WA,ANM,WE,Combined TRACON& Tower with Radar,12,22,15,0,49,0,0,0,0,0,12,22,15,0,49,0,0,0,49
02/07/2009,PSC,WA,ANM,WE,Combined TRACON& Tower with Radar,11,8,11,0,30,0,0,9,0,9,11,8,20,0,39,32,0,32,71
02/08/2009,PSC,WA,ANM,WE,Combined TRACON& Tower with Radar,13,9,17,0,39,0,0,0,0,0,13,9,17,0,39,0,0,0,39
02/09/2009,PSC,WA,ANM,WE,Combined TRACON& Tower with Radar,15,20,18,0,53,0,3,26,0,29,15,23,44,0,82,40,0,40,122
02/10/2009,PSC,WA,ANM,WE,Combined TRACON& Tower with Radar,19,17,9,0,45,0,3,21,0,24,19,20,30,0,69,2,0,2,71
02/11/2009,PSC,WA,ANM,WE,Combined TRACON& Tower with Radar,17,15,20,0,52,0,1,12,0,13,17,16,32,0,65,2,0,2,67
02/12/2009,PSC,WA,ANM,WE,Combined TRACON& Tower with Radar,18,26,21,0,65,0,0,11,0,11,18,26,32,0,76,10,0,10,86
02/13/2009,PSC,WA,ANM,WE,Combined TRACON& Tower with Radar,18,16,29,2,65,0,3,14,0,17,18,19,43,2,82,40,0,40,122
02/14/2009,PSC,WA,ANM,WE,Combined TRACON& Tower with Radar,14,14,12,0,40,0,1,37,0,38,14,15,49,0,78,69,0,69,147
02/15/2009,PSC,WA,ANM,WE,Combined TRACON& Tower with Radar,14,9,2,0,25,0,0,5,0,5,14,9,7,0,30,0,0,0,30
02/16/2009,PSC,WA,ANM,WE,Combined TRACON& Tower with Radar,16,10,20,0,46,0,2,17,0,19,16,12,37,0,65,53,0,53,118
02/17/2009,PSC,WA,ANM,WE,Combined TRACON& Tower with Radar,18,15,22,0,55,0,1,20,0,21,18,16,42,0,76,22,0,22,98
02/18/2009,PSC,WA,ANM,WE,Combined TRACON& Tower with Radar,18,21,22,7,68,0,6,24,18,48,18,27,46,25,116,8,57,65,181
02/19/2009,PSC,WA,ANM,WE,Combined TRACON& Tower with Radar,20,21,25,0,66,0,0,1,0,1,20,21,26,0,67,0,0,0,67
02/20/2009,PSC,WA,ANM,WE,Combined TRACON& Tower with Radar,17,23,27,0,67,0,1,13,0,14,17,24,40,0,81,14,0,14,95
02/21/2009,PSC,WA,ANM,WE,Combined TRACON& Tower with Radar,15,11,10,0,36,0,1,9,0,10,15,12,19,0,46,32,0,32,78
02/22/2009,PSC,WA,ANM,WE,Combined TRACON& Tower with Radar,22,8,10,1,41,0,0,2,0,2,22,8,12,1,43,0,0,0,43
02/23/2009,PSC,WA,ANM,WE,Combined TRACON& Tower with Radar,26,22,12,0,60,0,0,2,0,2,26,22,14,0,62,6,0,6,68
02/24/2009,PSC,WA,ANM,WE,Combined TRACON& Tower with Radar,21,12,13,0,46,0,5,13,1,19,21,17,26,1,65,0,0,0,65
02/25/2009,PSC,WA,ANM,WE,Combined TRACON& Tower with Radar,17,15,20,0,52,0,4,22,0,26,17,19,42,0,78,2,0,2,80
02/26/2009,PSC,WA,ANM,WE,Combined TRACON& Tower with Radar,23,17,14,1,55,0,5,7,3,15,23,22,21,4,70,8,22,30,100
02/27/2009,PSC,WA,ANM,WE,Combined TRACON& Tower with Radar,14,12,17,0,43,1,7,42,0,50,15,19,59,0,93,38,0,38,131
02/28/2009,PSC,WA,ANM,WE,Combined TRACON& Tower with Radar,19,8,7,2,36,0,1,67,0,68,19,9,74,2,104,68,0,68,172
03/01/2009,PSC,WA,ANM,WE,Combined TRACON& Tower with Radar,19,13,6,0,38,0,0,14,0,14,19,13,20,0,52,18,0,18,70
03/02/2009,PSC,WA,ANM,WE,Combined TRACON& Tower with Radar,20,14,6,2,42,0,1,5,0,6,20,15,11,2,48,0,8,8,56
03/03/2009,PSC,WA,ANM,WE,Combined TRACON& Tower with Radar,21,25,31,0,77,0,1,17,0,18,21,26,48,0,95,12,0,12,107
03/04/2009,PSC,WA,ANM,WE,Combined TRACON& Tower with Radar,18,23,11,2,54,0,4,52,0,56,18,27,63,2,110,2,12,14,124
03/05/2009,PSC,WA,ANM,WE,Combined TRACON& Tower with Radar,17,25,25,0,67,0,5,1,0,6,17,30,26,0,73,0,0,0,73
03/06/2009,PSC,WA,ANM,WE,Combined TRACON& Tower with Radar,15,22,20,2,59,0,6,38,0,44,15,28,58,2,103,50,0,50,153
03/07/2009,PSC,WA,ANM,WE,Combined TRACON& Tower with Radar,15,11,0,0,26,0,0,0,2,2,15,11,0,2,28,0,0,0,28
03/08/2009,PSC,WA,ANM,WE,Combined TRACON& Tower with Radar,17,7,5,0,29,0,0,26,0,26,17,7,31,0,55,70,0,70,125
03/09/2009,PSC,WA,ANM,WE,Combined TRACON& Tower with Radar,17,18,8,0,43,0,6,18,0,24,17,24,26,0,67,14,0,14,81
03/10/2009,PSC,WA,ANM,WE,Combined TRACON& Tower with Radar,18,22,18,0,58,0,4,31,0,35,18,26,49,0,93,28,0,28,121
03/11/2009,PSC,WA,ANM,WE,Combined TRACON& Tower with Radar,18,23,15,2,58,0,6,51,0,57,18,29,66,2,115,54,0,54,169
03/12/2009,PSC,WA,ANM,WE,Combined TRACON& Tower with Radar,20,18,16,0,54,0,3,39,0,42,20,21,55,0,96,80,0,80,176
03/13/2009,PSC,WA,ANM,WE,Combined TRACON& Tower with Radar,18,23,84,1,126,0,4,50,0,54,18,27,134,1,180,40,0,40,220
03/14/2009,PSC,WA,ANM,WE,Combined TRACON& Tower with Radar,15,13,6,25,59,0,1,18,2,21,15,14,24,27,80,16,0,16,96
03/15/2009,PSC,WA,ANM,WE,Combined TRACON& Tower with Radar,16,8,5,4,33,0,0,7,0,7,16,8,12,4,40,0,0,0,40
03/16/2009,PSC,WA,ANM,WE,Combined TRACON& Tower with Radar,15,17,5,2,39,0,2,16,8,26,15,19,21,10,65,18,0,18,83
03/17/2009,PSC,WA,ANM,WE,Combined TRACON& Tower with Radar,18,19,11,1,49,0,1,23,0,24,18,20,34,1,73,10,0,10,83
03/18/2009,PSC,WA,ANM,WE,Combined TRACON& Tower with Radar,15,16,25,0,56,0,6,38,0,44,15,22,63,0,100,46,0,46,146
03/19/2009,PSC,WA,ANM,WE,Combined TRACON& Tower with Radar,20,18,8,0,46,0,5,35,0,40,20,23,43,0,86,34,0,34,120
03/20/2009,PSC,WA,ANM,WE,Combined TRACON& Tower with Radar,16,16,13,2,47,0,6,33,2,41,16,22,46,4,88,22,30,52,140
03/21/2009,PSC,WA,ANM,WE,Combined TRACON& Tower with Radar,12,14,17,5,48,0,0,16,1,17,12,14,33,6,65,4,0,4,69
03/22/2009,PSC,WA,ANM,WE,Combined TRACON& Tower with Radar,18,9,2,5,34,0,0,10,0,10,18,9,12,5,44,4,0,4,48
03/23/2009,PSC,WA,ANM,WE,Combined TRACON& Tower with Radar,18,26,6,4,54,0,5,16,2,23,18,31,22,6,77,26,0,26,103
03/24/2009,PSC,WA,ANM,WE,Combined TRACON& Tower with Radar,20,21,16,0,57,0,6,21,0,27,20,27,37,0,84,32,0,32,116
03/25/2009,PSC,WA,ANM,WE,Combined TRACON& Tower with Radar,16,26,13,3,58,0,5,7,2,14,16,31,20,5,72,16,0,16,88
03/26/2009,PSC,WA,ANM,WE,Combined TRACON& Tower with Radar,19,24,20,0,63,0,9,42,0,51,19,33,62,0,114,8,0,8,122
03/27/2009,PSC,WA,ANM,WE,Combined TRACON& Tower with Radar,15,35,44,2,96,0,7,28,0,35,15,42,72,2,131,40,2,42,173
03/28/2009,PSC,WA,ANM,WE,Combined TRACON& Tower with Radar,13,14,13,0,40,0,0,28,0,28,13,14,41,0,68,52,0,52,120
03/29/2009,PSC,WA,ANM,WE,Combined TRACON& Tower with Radar,14,7,14,2,37,0,0,9,0,9,14,7,23,2,46,28,32,60,106
03/30/2009,PSC,WA,ANM,WE,Combined TRACON& Tower with Radar,20,18,12,0,50,0,5,16,0,21,20,23,28,0,71,24,0,24,95
03/31/2009,PSC,WA,ANM,WE,Combined TRACON& Tower with Radar,18,21,13,0,52,0,5,9,0,14,18,26,22,0,66,8,0,8,74
04/01/2009,PSC,WA,ANM,WE,Combined TRACON& Tower with Radar,17,18,21,0,56,0,5,13,0,18,17,23,34,0,74,8,0,8,82
04/02/2009,PSC,WA,ANM,WE,Combined TRACON& Tower with Radar,24,21,17,2,64,0,4,14,0,18,24,25,31,2,82,10,26,36,118
04/03/2009,PSC,WA,ANM,WE,Combined TRACON& Tower with Radar,19,20,22,0,61,0,8,31,0,39,19,28,53,0,100,36,0,36,136
04/04/2009,PSC,WA,ANM,WE,Combined TRACON& Tower with Radar,15,7,9,0,31,0,2,54,0,56,15,9,63,0,87,42,0,42,129
04/05/2009,PSC,WA,ANM,WE,Combined TRACON& Tower with Radar,19,10,16,0,45,0,0,29,0,29,19,10,45,0,74,32,0,32,106
04/06/2009,PSC,WA,ANM,WE,Combined TRACON& Tower with Radar,19,13,13,0,45,0,9,40,0,49,19,22,53,0,94,16,0,16,110
04/07/2009,PSC,WA,ANM,WE,Combined TRACON& Tower with Radar,32,17,15,14,78,2,25,43,1,71,34,42,58,15,149,65,0,65,214
04/08/2009,PSC,WA,ANM,WE,Combined TRACON& Tower with Radar,17,15,11,0,43,0,4,13,0,17,17,19,24,0,60,14,0,14,74
04/09/2009,PSC,WA,ANM,WE,Combined TRACON& Tower with Radar,21,19,25,0,65,1,7,28,0,36,22,26,53,0,101,14,0,14,115
04/10/2009,PSC,WA,ANM,WE,Combined TRACON& Tower with Radar,19,17,6,0,42,0,7,18,0,25,19,24,24,0,67,18,0,18,85
04/11/2009,PSC,WA,ANM,WE,Combined TRACON& Tower with Radar,19,6,14,0,39,0,1,27,0,28,19,7,41,0,67,13,0,13,80
04/12/2009,PSC,WA,ANM,WE,Combined TRACON& Tower with Radar,25,7,8,0,40,0,0,21,0,21,25,7,29,0,61,4,0,4,65
04/13/2009,PSC,WA,ANM,WE,Combined TRACON& Tower with Radar,23,21,8,0,52,0,1,15,0,16,23,22,23,0,68,4,0,4,72
04/14/2009,PSC,WA,ANM,WE,Combined TRACON& Tower with Radar,19,23,13,0,55,0,0,19,0,19,19,23,32,0,74,0,0,0,74
04/15/2009,PSC,WA,ANM,WE,Combined TRACON& Tower with Radar,25,22,12,0,59,0,8,57,0,65,25,30,69,0,124,46,0,46,170
04/16/2009,PSC,WA,ANM,WE,Combined TRACON& Tower with Radar,22,17,20,0,59,0,8,61,0,69,22,25,81,0,128,58,0,58,186
04/17/2009,PSC,WA,ANM,WE,Combined TRACON& Tower with Radar,20,24,20,0,64,0,3,32,0,35,20,27,52,0,99,5,0,5,104
04/18/2009,PSC,WA,ANM,WE,Combined TRACON& Tower with Radar,17,7,12,0,36,0,1,53,0,54,17,8,65,0,90,53,0,53,143
04/19/2009,PSC,WA,ANM,WE,Combined TRACON& Tower with Radar,17,9,8,0,34,0,0,45,0,45,17,9,53,0,79,8,0,8,87
04/20/2009,PSC,WA,ANM,WE,Combined TRACON& Tower with Radar,22,21,26,0,69,0,5,49,0,54,22,26,75,0,123,6,0,6,129
04/21/2009,PSC,WA,ANM,WE,Combined TRACON& Tower with Radar,18,17,17,0,52,0,6,38,0,44,18,23,55,0,96,62,0,62,158
04/22/2009,PSC,WA,ANM,WE,Combined TRACON& Tower with Radar,23,21,11,6,61,0,7,25,3,35,23,28,36,9,96,18,0,18,114
04/23/2009,PSC,WA,ANM,WE,Combined TRACON& Tower with Radar,23,17,11,0,51,0,4,2,0,6,23,21,13,0,57,0,0,0,57
04/24/2009,PSC,WA,ANM,WE,Combined TRACON& Tower with Radar,17,23,17,0,57,0,6,25,0,31,17,29,42,0,88,70,0,70,158
04/25/2009,PSC,WA,ANM,WE,Combined TRACON& Tower with Radar,16,10,3,11,40,0,0,37,0,37,16,10,40,11,77,21,32,53,130
04/26/2009,PSC,WA,ANM,WE,Combined TRACON& Tower with Radar,19,12,17,0,48,0,0,59,0,59,19,12,76,0,107,20,0,20,127
04/27/2009,PSC,WA,ANM,WE,Combined TRACON& Tower with Radar,20,14,20,0,54,0,4,17,0,21,20,18,37,0,75,16,0,16,91
04/28/2009,PSC,WA,ANM,WE,Combined TRACON& Tower with Radar,16,21,28,1,66,1,0,6,0,7,17,21,34,1,73,0,21,21,94
04/29/2009,PSC,WA,ANM,WE,Combined TRACON& Tower with Radar,17,19,37,0,73,0,0,22,0,22,17,19,59,0,95,29,0,29,124
04/30/2009,PSC,WA,ANM,WE,Combined TRACON& Tower with Radar,19,20,30,0,69,0,7,27,0,34,19,27,57,0,103,50,0,50,153
05/01/2009,PSC,WA,ANM,WE,Combined TRACON& Tower with Radar,20,17,16,2,55,0,4,52,0,56,20,21,68,2,111,22,0,22,133
05/02/2009,PSC,WA,ANM,WE,Combined TRACON& Tower with Radar,15,10,5,0,30,0,0,22,0,22,15,10,27,0,52,54,0,54,106
05/03/2009,PSC,WA,ANM,WE,Combined TRACON& Tower with Radar,21,5,21,2,49,0,0,20,0,20,21,5,41,2,69,22,0,22,91
05/04/2009,PSC,WA,ANM,WE,Combined TRACON& Tower with Radar,26,6,10,0,42,2,5,29,0,36,28,11,39,0,78,36,0,36,114
05/05/2009,PSC,WA,ANM,WE,Combined TRACON& Tower with Radar,20,24,17,2,63,0,4,14,5,23,20,28,31,7,86,6,6,12,98
05/06/2009,PSC,WA,ANM,WE,Combined TRACON& Tower with Radar,20,18,26,0,64,0,1,21,0,22,20,19,47,0,86,39,0,39,125
05/07/2009,PSC,WA,ANM,WE,Combined TRACON& Tower with Radar,25,16,24,1,66,0,3,17,3,23,25,19,41,4,89,2,0,2,91
05/08/2009,PSC,WA,ANM,WE,Combined TRACON& Tower with Radar,19,14,25,0,58,30,7,42,0,79,49,21,67,0,137,70,0,70,207
05/09/2009,PSC,WA,ANM,WE,Combined TRACON& Tower with Radar,17,5,11,0,33,0,3,56,0,59,17,8,67,0,92,58,0,58,150
05/10/2009,PSC,WA,ANM,WE,Combined TRACON& Tower with Radar,22,3,15,0,40,0,0,41,0,41,22,3,56,0,81,31,0,31,112
05/11/2009,PSC,WA,ANM,WE,Combined TRACON& Tower with Radar,24,10,11,1,46,0,5,11,1,17,24,15,22,2,63,4,7,11,74
05/12/2009,PSC,WA,ANM,WE,Combined TRACON& Tower with Radar,19,15,13,2,49,0,9,6,3,18,19,24,19,5,67,4,0,4,71
05/13/2009,PSC,WA,ANM,WE,Combined TRACON& Tower with Radar,19,20,15,1,55,0,9,30,3,42,19,29,45,4,97,59,0,59,156
05/14/2009,PSC,WA,ANM,WE,Combined TRACON& Tower with Radar,21,16,26,0,63,0,5,8,0,13,21,21,34,0,76,0,0,0,76
05/15/2009,PSC,WA,ANM,WE,Combined TRACON& Tower with Radar,17,18,16,0,51,0,10,49,0,59,17,28,65,0,110,22,0,22,132
05/16/2009,PSC,WA,ANM,WE,Combined TRACON& Tower with Radar,19,9,15,0,43,0,0,102,0,102,19,9,117,0,145,4,0,4,149
05/17/2009,PSC,WA,ANM,WE,Combined TRACON& Tower with Radar,27,5,7,6,45,0,1,46,0,47,27,6,53,6,92,54,0,54,146
05/18/2009,PSC,WA,ANM,WE,Combined TRACON& Tower with Radar,24,15,17,1,57,0,6,41,0,47,24,21,58,1,104,62,0,62,166
05/19/2009,PSC,WA,ANM,WE,Combined TRACON& Tower with Radar,23,13,19,1,56,0,9,3,5,17,23,22,22,6,73,14,18,32,105
05/20/2009,PSC,WA,ANM,WE,Combined TRACON& Tower with Radar,19,17,25,1,62,0,9,50,3,62,19,26,75,4,124,72,0,72,196
05/21/2009,PSC,WA,ANM,WE,Combined TRACON& Tower with Radar,22,12,17,1,52,0,8,60,0,68,22,20,77,1,120,15,0,15,135
05/22/2009,PSC,WA,ANM,WE,Combined TRACON& Tower with Radar,17,18,16,0,51,0,7,55,0,62,17,25,71,0,113,26,0,26,139
05/23/2009,PSC,WA,ANM,WE,Combined TRACON& Tower with Radar,17,12,2,0,31,0,3,56,0,59,17,15,58,0,90,32,0,32,122
05/24/2009,PSC,WA,ANM,WE,Combined TRACON& Tower with Radar,24,6,5,0,35,0,0,30,0,30,24,6,35,0,65,8,0,8,73
05/25/2009,PSC,WA,ANM,WE,Combined TRACON& Tower with Radar,19,10,6,0,35,0,0,35,0,35,19,10,41,0,70,25,0,25,95
05/26/2009,PSC,WA,ANM,WE,Combined TRACON& Tower with Radar,27,16,14,0,57,0,6,38,0,44,27,22,52,0,101,23,0,23,124
05/27/2009,PSC,WA,ANM,WE,Combined TRACON& Tower with Radar,21,14,15,4,54,0,10,61,5,76,21,24,76,9,130,23,0,23,153
05/28/2009,PSC,WA,ANM,WE,Combined TRACON& Tower with Radar,21,16,23,1,61,0,7,66,6,79,21,23,89,7,140,22,0,22,162
05/29/2009,PSC,WA,ANM,WE,Combined TRACON& Tower with Radar,18,16,7,1,42,0,7,54,1,62,18,23,61,2,104,26,0,26,130
05/30/2009,PSC,WA,ANM,WE,Combined TRACON& Tower with Radar,20,8,4,0,32,0,2,43,0,45,20,10,47,0,77,35,0,35,112
05/31/2009,PSC,WA,ANM,WE,Combined TRACON& Tower with Radar,22,7,6,0,35,0,0,59,0,59,22,7,65,0,94,70,0,70,164
06/01/2009,PSC,WA,ANM,WE,Combined TRACON& Tower with Radar,23,11,18,0,52,0,9,28,0,37,23,20,46,0,89,24,0,24,113
06/02/2009,PSC,WA,ANM,WE,Combined TRACON& Tower with Radar,24,17,17,2,60,0,10,24,2,36,24,27,41,4,96,57,0,57,153
06/03/2009,PSC,WA,ANM,WE,Combined TRACON& Tower with Radar,21,14,15,4,54,0,7,38,0,45,21,21,53,4,99,30,0,30,129
06/04/2009,PSC,WA,ANM,WE,Combined TRACON& Tower with Radar,22,22,6,0,50,0,6,38,0,44,22,28,44,0,94,4,0,4,98
06/05/2009,PSC,WA,ANM,WE,Combined TRACON& Tower with Radar,19,24,18,1,62,0,6,47,1,54,19,30,65,2,116,60,0,60,176
06/06/2009,PSC,WA,ANM,WE,Combined TRACON& Tower with Radar,14,17,6,1,38,0,2,58,0,60,14,19,64,1,98,52,0,52,150
06/07/2009,PSC,WA,ANM,WE,Combined TRACON& Tower with Radar,28,9,27,1,65,0,0,42,0,42,28,9,69,1,107,28,0,28,135
06/08/2009,PSC,WA,ANM,WE,Combined TRACON& Tower with Radar,25,20,25,2,72,0,8,40,4,52,25,28,65,6,124,32,50,82,206
06/09/2009,PSC,WA,ANM,WE,Combined TRACON& Tower with Radar,26,21,20,3,70,0,13,43,1,57,26,34,63,4,127,56,0,56,183
06/10/2009,PSC,WA,ANM,WE,Combined TRACON& Tower with Radar,26,27,16,0,69,0,7,42,0,49,26,34,58,0,118,56,0,56,174
06/11/2009,PSC,WA,ANM,WE,Combined TRACON& Tower with Radar,27,17,15,2,61,0,8,42,0,50,27,25,57,2,111,56,0,56,167
06/12/2009,PSC,WA,ANM,WE,Combined TRACON& Tower with Radar,16,24,19,2,61,0,8,37,5,50,16,32,56,7,111,27,2,29,140
06/13/2009,PSC,WA,ANM,WE,Combined TRACON& Tower with Radar,16,15,7,0,38,1,1,34,0,36,17,16,41,0,74,37,0,37,111
06/14/2009,PSC,WA,ANM,WE,Combined TRACON& Tower with Radar,21,12,9,0,42,0,0,31,0,31,21,12,40,0,73,50,0,50,123
06/15/2009,PSC,WA,ANM,WE,Combined TRACON& Tower with Radar,29,18,15,0,62,0,7,39,0,46,29,25,54,0,108,10,0,10,118
06/16/2009,PSC,WA,ANM,WE,Combined TRACON& Tower with Radar,23,22,27,0,72,0,4,38,0,42,23,26,65,0,114,8,0,8,122
06/17/2009,PSC,WA,ANM,WE,Combined TRACON& Tower with Radar,24,20,24,3,71,0,9,43,1,53,24,29,67,4,124,31,0,31,155
06/18/2009,PSC,WA,ANM,WE,Combined TRACON& Tower with Radar,28,18,12,0,58,0,8,31,2,41,28,26,43,2,99,0,0,0,99
06/19/2009,PSC,WA,ANM,WE,Combined TRACON& Tower with Radar,19,26,27,0,72,0,6,24,0,30,19,32,51,0,102,58,0,58,160
06/20/2009,PSC,WA,ANM,WE,Combined TRACON& Tower with Radar,21,14,15,0,50,0,3,40,0,43,21,17,55,0,93,42,0,42,135
06/21/2009,PSC,WA,ANM,WE,Combined TRACON& Tower with Radar,24,11,16,0,51,0,0,26,0,26,24,11,42,0,77,30,0,30,107
06/22/2009,PSC,WA,ANM,WE,Combined TRACON& Tower with Radar,21,20,22,0,63,0,4,46,2,52,21,24,68,2,115,20,0,20,135
06/23/2009,PSC,WA,ANM,WE,Combined TRACON& Tower with Radar,24,21,14,0,59,0,14,75,0,89,24,35,89,0,148,10,0,10,158
06/24/2009,PSC,WA,ANM,WE,Combined TRACON& Tower with Radar,32,27,14,0,73,0,7,54,0,61,32,34,68,0,134,40,0,40,174
06/25/2009,PSC,WA,ANM,WE,Combined TRACON& Tower with Radar,20,17,14,2,53,0,9,49,2,60,20,26,63,4,113,28,0,28,141
06/26/2009,PSC,WA,ANM,WE,Combined TRACON& Tower with Radar,20,23,14,5,62,0,12,42,0,54,20,35,56,5,116,40,7,47,163
06/27/2009,PSC,WA,ANM,WE,Combined TRACON& Tower with Radar,23,19,4,0,46,0,3,63,0,66,23,22,67,0,112,40,0,40,152
06/28/2009,PSC,WA,ANM,WE,Combined TRACON& Tower with Radar,26,8,7,0,41,0,0,35,0,35,26,8,42,0,76,52,0,52,128
06/29/2009,PSC,WA,ANM,WE,Combined TRACON& Tower with Radar,22,22,12,0,56,0,10,36,0,46,22,32,48,0,102,82,0,82,184
06/30/2009,PSC,WA,ANM,WE,Combined TRACON& Tower with Radar,20,24,9,0,53,0,13,35,0,48,20,37,44,0,101,39,1,40,141
07/01/2009,PSC,WA,ANM,WE,Combined TRACON& Tower with Radar,25,27,14,1,67,0,9,46,5,60,25,36,60,6,127,113,0,113,240
07/02/2009,PSC,WA,ANM,WE,Combined TRACON& Tower with Radar,21,25,12,0,58,0,7,51,0,58,21,32,63,0,116,75,0,75,191
07/03/2009,PSC,WA,ANM,WE,Combined TRACON& Tower with Radar,19,21,15,0,55,0,9,55,0,64,19,30,70,0,119,30,0,30,149
07/04/2009,PSC,WA,ANM,WE,Combined TRACON& Tower with Radar,20,9,2,0,31,0,0,32,0,32,20,9,34,0,63,6,0,6,69
07/05/2009,PSC,WA,ANM,WE,Combined TRACON& Tower with Radar,22,13,7,0,42,0,0,39,0,39,22,13,46,0,81,26,0,26,107
07/06/2009,PSC,WA,ANM,WE,Combined TRACON& Tower with Radar,22,18,12,0,52,0,9,11,0,20,22,27,23,0,72,0,0,0,72
07/07/2009,PSC,WA,ANM,WE,Combined TRACON& Tower with Radar,23,24,14,8,69,0,10,56,0,66,23,34,70,8,135,62,26,88,223
07/08/2009,PSC,WA,ANM,WE,Combined TRACON& Tower with Radar,25,26,19,0,70,0,5,26,0,31,25,31,45,0,101,54,0,54,155
07/09/2009,PSC,WA,ANM,WE,Combined TRACON& Tower with Radar,23,26,26,3,78,0,5,44,2,51,23,31,70,5,129,26,0,26,155
07/10/2009,PSC,WA,ANM,WE,Combined TRACON& Tower with Radar,17,21,16,0,54,0,8,43,0,51,17,29,59,0,105,48,0,48,153
07/11/2009,PSC,WA,ANM,WE,Combined TRACON& Tower with Radar,19,19,10,3,51,0,1,51,0,52,19,20,61,3,103,66,8,74,177
07/12/2009,PSC,WA,ANM,WE,Combined TRACON& Tower with Radar,25,12,9,0,46,0,0,28,0,28,25,12,37,0,74,40,0,40,114
07/13/2009,PSC,WA,ANM,WE,Combined TRACON& Tower with Radar,25,20,16,2,63,0,5,26,0,31,25,25,42,2,94,12,10,22,116
07/14/2009,PSC,WA,ANM,WE,Combined TRACON& Tower with Radar,22,31,14,0,67,0,8,60,0,68,22,39,74,0,135,74,0,74,209
07/15/2009,PSC,WA,ANM,WE,Combined TRACON& Tower with Radar,22,19,16,0,57,0,5,62,0,67,22,24,78,0,124,46,1,47,171
07/16/2009,PSC,WA,ANM,WE,Combined TRACON& Tower with Radar,25,22,21,0,68,0,13,76,0,89,25,35,97,0,157,81,0,81,238
07/17/2009,PSC,WA,ANM,WE,Combined TRACON& Tower with Radar,23,28,7,0,58,0,10,48,0,58,23,38,55,0,116,28,0,28,144
07/18/2009,PSC,WA,ANM,WE,Combined TRACON& Tower with Radar,21,16,0,0,37,0,2,35,1,38,21,18,35,1,75,28,0,28,103
07/19/2009,PSC,WA,ANM,WE,Combined TRACON& Tower with Radar,22,14,7,0,43,0,2,46,5,53,22,16,53,5,96,86,0,86,182
07/20/2009,PSC,WA,ANM,WE,Combined TRACON& Tower with Radar,22,30,21,2,75,0,11,71,6,88,22,41,92,8,163,54,2,56,219
07/21/2009,PSC,WA,ANM,WE,Combined TRACON& Tower with Radar,15,25,11,1,52,0,12,44,5,61,15,37,55,6,113,35,0,35,148
07/22/2009,PSC,WA,ANM,WE,Combined TRACON& Tower with Radar,20,30,25,2,77,0,11,42,4,57,20,41,67,6,134,40,0,40,174
07/23/2009,PSC,WA,ANM,WE,Combined TRACON& Tower with Radar,22,22,12,0,56,0,9,53,10,72,22,31,65,10,128,59,12,71,199
07/24/2009,PSC,WA,ANM,WE,Combined TRACON& Tower with Radar,24,23,21,1,69,0,11,55,11,77,24,34,76,12,146,40,16,56,202
07/25/2009,PSC,WA,ANM,WE,Combined TRACON& Tower with Radar,20,18,8,0,46,0,1,56,8,65,20,19,64,8,111,21,0,21,132
07/26/2009,PSC,WA,ANM,WE,Combined TRACON& Tower with Radar,25,16,13,0,54,0,1,49,10,60,25,17,62,10,114,14,0,14,128
07/27/2009,PSC,WA,ANM,WE,Combined TRACON& Tower with Radar,21,26,19,4,70,0,7,34,1,42,21,33,53,5,112,30,32,62,174
07/28/2009,PSC,WA,ANM,WE,Combined TRACON& Tower with Radar,19,26,10,0,55,0,7,40,0,47,19,33,50,0,102,0,0,0,102
07/29/2009,PSC,WA,ANM,WE,Combined TRACON& Tower with Radar,31,18,18,0,67,0,10,19,0,29,31,28,37,0,96,52,0,52,148
07/30/2009,PSC,WA,ANM,WE,Combined TRACON& Tower with Radar,24,26,14,2,66,0,8,38,2,48,24,34,52,4,114,33,0,33,147
07/31/2009,PSC,WA,ANM,WE,Combined TRACON& Tower with Radar,17,26,15,0,58,0,6,37,0,43,17,32,52,0,101,34,0,34,135
08/01/2009,PSC,WA,ANM,WE,Combined TRACON& Tower with Radar,14,16,12,0,42,0,16,52,0,68,14,32,64,0,110,58,0,58,168
08/02/2009,PSC,WA,ANM,WE,Combined TRACON& Tower with Radar,16,14,5,4,39,0,0,24,0,24,16,14,29,4,63,32,27,59,122
08/03/2009,PSC,WA,ANM,WE,Combined TRACON& Tower with Radar,22,23,9,2,56,0,6,36,0,42,22,29,45,2,98,57,27,84,182
08/04/2009,PSC,WA,ANM,WE,Combined TRACON& Tower with Radar,20,24,13,0,57,0,8,42,0,50,20,32,55,0,107,14,0,14,121
08/05/2009,PSC,WA,ANM,WE,Combined TRACON& Tower with Radar,26,26,22,3,77,0,9,39,7,55,26,35,61,10,132,45,8,53,185
08/06/2009,PSC,WA,ANM,WE,Combined TRACON& Tower with Radar,24,27,16,0,67,0,6,49,1,56,24,33,65,1,123,34,0,34,157
08/07/2009,PSC,WA,ANM,WE,Combined TRACON& Tower with Radar,18,22,8,2,50,0,3,24,4,31,18,25,32,6,81,26,0,26,107
08/08/2009,PSC,WA,ANM,WE,Combined TRACON& Tower with Radar,18,15,2,0,35,0,3,34,0,37,18,18,36,0,72,76,0,76,148
08/09/2009,PSC,WA,ANM,WE,Combined TRACON& Tower with Radar,24,10,10,2,46,0,2,42,0,44,24,12,52,2,90,59,0,59,149
08/10/2009,PSC,WA,ANM,WE,Combined TRACON& Tower with Radar,22,27,10,1,60,0,3,32,0,35,22,30,42,1,95,10,0,10,105
08/11/2009,PSC,WA,ANM,WE,Combined TRACON& Tower with Radar,23,24,12,2,61,0,6,44,0,50,23,30,56,2,111,42,0,42,153
08/12/2009,PSC,WA,ANM,WE,Combined TRACON& Tower with Radar,18,32,20,1,71,0,2,53,0,55,18,34,73,1,126,28,0,28,154
08/13/2009,PSC,WA,ANM,WE,Combined TRACON& Tower with Radar,25,29,26,0,80,0,7,34,0,41,25,36,60,0,121,28,0,28,149
08/14/2009,PSC,WA,ANM,WE,Combined TRACON& Tower with Radar,22,24,14,1,61,0,3,33,1,37,22,27,47,2,98,9,45,54,152
08/15/2009,PSC,WA,ANM,WE,Combined TRACON& Tower with Radar,16,15,8,1,40,0,1,39,0,40,16,16,47,1,80,24,0,24,104
08/16/2009,PSC,WA,ANM,WE,Combined TRACON& Tower with Radar,19,15,9,0,43,0,0,61,0,61,19,15,70,0,104,79,0,79,183
08/17/2009,PSC,WA,ANM,WE,Combined TRACON& Tower with Radar,25,16,3,1,45,0,4,50,0,54,25,20,53,1,99,24,34,58,157
08/18/2009,PSC,WA,ANM,WE,Combined TRACON& Tower with Radar,18,2,13,2,35,0,6,57,0,63,18,8,70,2,98,65,12,77,175
08/19/2009,PSC,WA,ANM,WE,Combined TRACON& Tower with Radar,17,26,15,0,58,0,7,62,0,69,17,33,77,0,127,54,0,54,181
08/20/2009,PSC,WA,ANM,WE,Combined TRACON& Tower with Radar,23,30,83,0,136,0,4,55,0,59,23,34,138,0,195,35,0,35,230
08/21/2009,PSC,WA,ANM,WE,Combined TRACON& Tower with Radar,27,24,7,2,60,0,5,46,1,52,27,29,53,3,112,36,0,36,148
08/22/2009,PSC,WA,ANM,WE,Combined TRACON& Tower with Radar,19,14,5,0,38,0,1,53,0,54,19,15,58,0,92,82,0,82,174
08/23/2009,PSC,WA,ANM,WE,Combined TRACON& Tower with Radar,22,16,11,1,50,0,0,34,0,34,22,16,45,1,84,37,0,37,121
08/24/2009,PSC,WA,ANM,WE,Combined TRACON& Tower with Radar,22,22,8,1,53,0,6,39,0,45,22,28,47,1,98,52,0,52,150
08/25/2009,PSC,WA,ANM,WE,Combined TRACON& Tower with Radar,27,18,14,0,59,0,5,35,0,40,27,23,49,0,99,0,0,0,99
08/26/2009,PSC,WA,ANM,WE,Combined TRACON& Tower with Radar,21,22,32,1,76,0,3,43,4,50,21,25,75,5,126,10,25,35,161
08/27/2009,PSC,WA,ANM,WE,Combined TRACON& Tower with Radar,22,21,4,2,49,0,5,40,6,51,22,26,44,8,100,23,2,25,125
08/28/2009,PSC,WA,ANM,WE,Combined TRACON& Tower with Radar,22,29,10,0,61,0,6,45,0,51,22,35,55,0,112,0,0,0,112
08/29/2009,PSC,WA,ANM,WE,Combined TRACON& Tower with Radar,20,13,8,0,41,0,1,25,0,26,20,14,33,0,67,44,0,44,111
08/30/2009,PSC,WA,ANM,WE,Combined TRACON& Tower with Radar,20,17,14,0,51,0,0,31,0,31,20,17,45,0,82,19,0,19,101
08/31/2009,PSC,WA,ANM,WE,Combined TRACON& Tower with Radar,25,22,6,0,53,0,5,35,0,40,25,27,41,0,93,36,0,36,129
09/01/2009,PSC,WA,ANM,WE,Combined TRACON& Tower with Radar,20,19,18,0,57,0,4,35,0,39,20,23,53,0,96,22,0,22,118
09/02/2009,PSC,WA,ANM,WE,Combined TRACON& Tower with Radar,27,18,11,0,56,0,6,70,0,76,27,24,81,0,132,60,0,60,192
09/03/2009,PSC,WA,ANM,WE,Combined TRACON& Tower with Radar,20,21,15,0,56,0,5,35,2,42,20,26,50,2,98,5,0,5,103
09/04/2009,PSC,WA,ANM,WE,Combined TRACON& Tower with Radar,21,20,13,0,54,0,8,46,0,54,21,28,59,0,108,42,0,42,150
09/05/2009,PSC,WA,ANM,WE,Combined TRACON& Tower with Radar,15,10,5,0,30,0,1,42,1,44,15,11,47,1,74,26,0,26,100
09/06/2009,PSC,WA,ANM,WE,Combined TRACON& Tower with Radar,18,14,5,0,37,0,1,18,0,19,18,15,23,0,56,10,0,10,66
09/07/2009,PSC,WA,ANM,WE,Combined TRACON& Tower with Radar,18,16,9,0,43,0,1,17,0,18,18,17,26,0,61,6,0,6,67
09/08/2009,PSC,WA,ANM,WE,Combined TRACON& Tower with Radar,21,26,13,0,60,0,3,45,0,48,21,29,58,0,108,83,0,83,191
09/09/2009,PSC,WA,ANM,WE,Combined TRACON& Tower with Radar,19,29,11,0,59,0,5,69,3,77,19,34,80,3,136,60,0,60,196
09/10/2009,PSC,WA,ANM,WE,Combined TRACON& Tower with Radar,19,18,15,1,53,0,4,61,0,65,19,22,76,1,118,10,0,10,128
09/11/2009,PSC,WA,ANM,WE,Combined TRACON& Tower with Radar,22,20,13,2,57,0,6,65,0,71,22,26,78,2,128,34,2,36,164
09/12/2009,PSC,WA,ANM,WE,Combined TRACON& Tower with Radar,17,15,3,0,35,0,0,61,0,61,17,15,64,0,96,48,0,48,144
09/13/2009,PSC,WA,ANM,WE,Combined TRACON& Tower with Radar,15,12,7,2,36,0,0,72,0,72,15,12,79,2,108,72,0,72,180
09/14/2009,PSC,WA,ANM,WE,Combined TRACON& Tower with Radar,23,18,7,0,48,0,3,14,0,17,23,21,21,0,65,2,0,2,67
09/15/2009,PSC,WA,ANM,WE,Combined TRACON& Tower with Radar,21,23,11,1,56,0,6,33,0,39,21,29,44,1,95,34,0,34,129
09/16/2009,PSC,WA,ANM,WE,Combined TRACON& Tower with Radar,21,21,11,0,53,0,5,31,0,36,21,26,42,0,89,10,0,10,99
09/17/2009,PSC,WA,ANM,WE,Combined TRACON& Tower with Radar,24,32,19,0,75,0,5,47,0,52,24,37,66,0,127,44,0,44,171
09/18/2009,PSC,WA,ANM,WE,Combined TRACON& Tower with Radar,17,23,11,0,51,0,4,40,0,44,17,27,51,0,95,50,0,50,145
09/19/2009,PSC,WA,ANM,WE,Combined TRACON& Tower with Radar,16,11,12,0,39,0,3,21,0,24,16,14,33,0,63,8,0,8,71
09/20/2009,PSC,WA,ANM,WE,Combined TRACON& Tower with Radar,21,13,11,0,45,0,0,40,0,40,21,13,51,0,85,70,0,70,155
09/21/2009,PSC,WA,ANM,WE,Combined TRACON& Tower with Radar,22,21,15,0,58,0,8,56,0,64,22,29,71,0,122,6,0,6,128
09/22/2009,PSC,WA,ANM,WE,Combined TRACON& Tower with Radar,21,22,10,4,57,0,7,24,0,31,21,29,34,4,88,28,0,28,116
09/23/2009,PSC,WA,ANM,WE,Combined TRACON& Tower with Radar,20,24,20,0,64,0,4,36,0,40,20,28,56,0,104,16,0,16,120
09/24/2009,PSC,WA,ANM,WE,Combined TRACON& Tower with Radar,19,21,17,0,57,0,5,32,0,37,19,26,49,0,94,10,0,10,104
09/25/2009,PSC,WA,ANM,WE,Combined TRACON& Tower with Radar,16,23,16,2,57,0,7,43,4,54,16,30,59,6,111,0,18,18,129
09/26/2009,PSC,WA,ANM,WE,Combined TRACON& Tower with Radar,19,15,15,1,50,0,3,59,1,63,19,18,74,2,113,29,0,29,142
09/27/2009,PSC,WA,ANM,WE,Combined TRACON& Tower with Radar,19,19,10,0,48,0,0,26,0,26,19,19,36,0,74,39,0,39,113
09/28/2009,PSC,WA,ANM,WE,Combined TRACON& Tower with Radar,22,22,10,0,54,0,7,24,0,31,22,29,34,0,85,4,0,4,89
09/29/2009,PSC,WA,ANM,WE,Combined TRACON& Tower with Radar,21,27,17,4,69,0,6,17,1,24,21,33,34,5,93,6,15,21,114
09/30/2009,PSC,WA,ANM,WE,Combined TRACON& Tower with Radar,19,22,15,1,57,0,5,38,0,43,19,27,53,1,100,39,0,39,139
10/01/2009,PSC,WA,ANM,WE,Combined TRACON& Tower with Radar,18,24,24,0,66,0,5,35,0,40,18,29,59,0,106,28,0,28,134
10/02/2009,PSC,WA,ANM,WE,Combined TRACON& Tower with Radar,16,26,17,0,59,0,2,25,0,27,16,28,42,0,86,16,0,16,102
10/03/2009,PSC,WA,ANM,WE,Combined TRACON& Tower with Radar,16,20,6,0,42,0,0,36,0,36,16,20,42,0,78,52,0,52,130
10/04/2009,PSC,WA,ANM,WE,Combined TRACON& Tower with Radar,15,16,5,0,36,0,0,3,0,3,15,16,8,0,39,0,0,0,39
10/05/2009,PSC,WA,ANM,WE,Combined TRACON& Tower with Radar,22,17,15,2,56,0,4,19,0,23,22,21,34,2,79,2,0,2,81
10/06/2009,PSC,WA,ANM,WE,Combined TRACON& Tower with Radar,20,22,13,1,56,0,2,25,1,28,20,24,38,2,84,26,0,26,110
10/07/2009,PSC,WA,ANM,WE,Combined TRACON& Tower with Radar,18,25,6,2,51,0,3,37,1,41,18,28,43,3,92,14,6,20,112
10/08/2009,PSC,WA,ANM,WE,Combined TRACON& Tower with Radar,19,22,9,0,50,0,5,46,4,55,19,27,55,4,105,7,20,27,132
10/09/2009,PSC,WA,ANM,WE,Combined TRACON& Tower with Radar,16,24,13,1,54,0,4,29,0,33,16,28,42,1,87,26,0,26,113
10/10/2009,PSC,WA,ANM,WE,Combined TRACON& Tower with Radar,15,16,12,0,43,0,2,43,0,45,15,18,55,0,88,72,0,72,160
10/11/2009,PSC,WA,ANM,WE,Combined TRACON& Tower with Radar,17,13,15,0,45,0,0,38,0,38,17,13,53,0,83,38,0,38,121
10/12/2009,PSC,WA,ANM,WE,Combined TRACON& Tower with Radar,21,18,7,0,46,0,0,15,1,16,21,18,22,1,62,12,0,12,74
10/13/2009,PSC,WA,ANM,WE,Combined TRACON& Tower with Radar,18,20,5,0,43,0,2,11,0,13,18,22,16,0,56,26,0,26,82
10/14/2009,PSC,WA,ANM,WE,Combined TRACON& Tower with Radar,22,23,24,0,69,0,4,17,2,23,22,27,41,2,92,20,12,32,124
10/15/2009,PSC,WA,ANM,WE,Combined TRACON& Tower with Radar,19,24,10,1,54,0,3,19,1,23,19,27,29,2,77,19,16,35,112
10/16/2009,PSC,WA,ANM,WE,Combined TRACON& Tower with Radar,17,25,12,0,54,0,4,34,0,38,17,29,46,0,92,14,0,14,106
10/17/2009,PSC,WA,ANM,WE,Combined TRACON& Tower with Radar,15,13,7,1,36,0,1,24,0,25,15,14,31,1,61,17,0,17,78
10/18/2009,PSC,WA,ANM,WE,Combined TRACON& Tower with Radar,16,20,10,0,46,0,0,27,0,27,16,20,37,0,73,51,0,51,124
10/19/2009,PSC,WA,ANM,WE,Combined TRACON& Tower with Radar,19,27,7,0,53,0,1,26,0,27,19,28,33,0,80,4,0,4,84
10/20/2009,PSC,WA,ANM,WE,Combined TRACON& Tower with Radar,19,24,17,0,60,0,4,21,0,25,19,28,38,0,85,34,0,34,119
10/21/2009,PSC,WA,ANM,WE,Combined TRACON& Tower with Radar,18,26,35,0,79,0,1,22,0,23,18,27,57,0,102,27,0,27,129
10/22/2009,PSC,WA,ANM,WE,Combined TRACON& Tower with Radar,24,25,15,1,65,0,2,34,0,36,24,27,49,1,101,35,50,85,186
10/23/2009,PSC,WA,ANM,WE,Combined TRACON& Tower with Radar,20,29,22,4,75,0,0,11,1,12,20,29,33,5,87,26,22,48,135
10/24/2009,PSC,WA,ANM,WE,Combined TRACON& Tower with Radar,16,16,11,0,43,0,2,42,0,44,16,18,53,0,87,84,0,84,171
10/25/2009,PSC,WA,ANM,WE,Combined TRACON& Tower with Radar,19,16,6,0,41,0,0,29,0,29,19,16,35,0,70,30,0,30,100
10/26/2009,PSC,WA,ANM,WE,Combined TRACON& Tower with Radar,19,21,10,4,54,0,2,5,0,7,19,23,15,4,61,0,0,0,61
10/27/2009,PSC,WA,ANM,WE,Combined TRACON& Tower with Radar,17,27,11,4,59,0,1,31,4,36,17,28,42,8,95,72,19,91,186
10/28/2009,PSC,WA,ANM,WE,Combined TRACON& Tower with Radar,17,26,54,0,97,0,2,39,0,41,17,28,93,0,138,36,0,36,174
10/29/2009,PSC,WA,ANM,WE,Combined TRACON& Tower with Radar,22,29,15,4,70,0,0,4,0,4,22,29,19,4,74,9,16,25,99
10/30/2009,PSC,WA,ANM,WE,Combined TRACON& Tower with Radar,15,27,6,0,48,0,2,21,0,23,15,29,27,0,71,30,0,30,101
10/31/2009,PSC,WA,ANM,WE,Combined TRACON& Tower with Radar,20,15,1,0,36,0,0,4,0,4,20,15,5,0,40,0,0,0,40
11/01/2009,PSC,WA,ANM,WE,Combined TRACON& Tower with Radar,20,13,18,0,51,0,0,40,0,40,20,13,58,0,91,126,0,126,217
11/02/2009,PSC,WA,ANM,WE,Combined TRACON& Tower with Radar,21,25,11,0,57,0,2,26,0,28,21,27,37,0,85,8,0,8,93
11/03/2009,PSC,WA,ANM,WE,Combined TRACON& Tower with Radar,19,29,21,0,69,0,1,42,0,43,19,30,63,0,112,22,0,22,134
11/04/2009,PSC,WA,ANM,WE,Combined TRACON& Tower with Radar,20,29,23,1,73,0,3,45,0,48,20,32,68,1,121,14,0,14,135
11/05/2009,PSC,WA,ANM,WE,Combined TRACON& Tower with Radar,18,29,14,0,61,0,1,22,0,23,18,30,36,0,84,37,0,37,121
11/06/2009,PSC,WA,ANM,WE,Combined TRACON& Tower with Radar,23,29,20,2,74,0,7,4,0,11,23,36,24,2,85,20,0,20,105
11/07/2009,PSC,WA,ANM,WE,Combined TRACON& Tower with Radar,20,15,7,0,42,1,1,26,0,28,21,16,33,0,70,48,0,48,118
11/08/2009,PSC,WA,ANM,WE,Combined TRACON& Tower with Radar,21,15,8,2,46,0,0,39,0,39,21,15,47,2,85,72,0,72,157
11/09/2009,PSC,WA,ANM,WE,Combined TRACON& Tower with Radar,21,22,8,0,51,0,1,19,0,20,21,23,27,0,71,4,0,4,75
11/10/2009,PSC,WA,ANM,WE,Combined TRACON& Tower with Radar,17,24,16,7,64,0,3,21,0,24,17,27,37,7,88,10,19,29,117
11/11/2009,PSC,WA,ANM,WE,Combined TRACON& Tower with Radar,18,22,12,2,54,0,0,25,0,25,18,22,37,2,79,5,0,5,84
11/12/2009,PSC,WA,ANM,WE,Combined TRACON& Tower with Radar,15,37,7,6,65,0,0,26,2,28,15,37,33,8,93,36,2,38,131
11/13/2009,PSC,WA,ANM,WE,Combined TRACON& Tower with Radar,14,30,8,2,54,0,0,21,0,21,14,30,29,2,75,32,0,32,107
11/14/2009,PSC,WA,ANM,WE,Combined TRACON& Tower with Radar,12,17,7,0,36,0,0,58,0,58,12,17,65,0,94,38,0,38,132
11/15/2009,PSC,WA,ANM,WE,Combined TRACON& Tower with Radar,18,14,16,0,48,0,0,18,0,18,18,14,34,0,66,41,0,41,107
11/16/2009,PSC,WA,ANM,WE,Combined TRACON& Tower with Radar,25,18,14,2,59,0,0,2,2,4,25,18,16,4,63,0,12,12,75
11/17/2009,PSC,WA,ANM,WE,Combined TRACON& Tower with Radar,19,25,12,2,58,0,2,11,0,13,19,27,23,2,71,20,0,20,91
11/18/2009,PSC,WA,ANM,WE,Combined TRACON& Tower with Radar,25,25,17,0,67,1,12,32,0,45,26,37,49,0,112,6,0,6,118
11/19/2009,PSC,WA,ANM,WE,Combined TRACON& Tower with Radar,26,27,22,0,75,0,0,27,2,29,26,27,49,2,104,43,0,43,147
11/20/2009,PSC,WA,ANM,WE,Combined TRACON& Tower with Radar,19,30,26,0,75,0,1,25,0,26,19,31,51,0,101,44,0,44,145
11/21/2009,PSC,WA,ANM,WE,Combined TRACON& Tower with Radar,18,17,9,0,44,0,1,25,0,26,18,18,34,0,70,17,0,17,87
11/22/2009,PSC,WA,ANM,WE,Combined TRACON& Tower with Radar,19,13,11,0,43,0,0,2,0,2,19,13,13,0,45,0,0,0,45
11/23/2009,PSC,WA,ANM,WE,Combined TRACON& Tower with Radar,20,19,8,0,47,0,0,31,0,31,20,19,39,0,78,6,0,6,84
11/24/2009,PSC,WA,ANM,WE,Combined TRACON& Tower with Radar,22,22,16,0,60,0,2,42,0,44,22,24,58,0,104,23,0,23,127
11/25/2009,PSC,WA,ANM,WE,Combined TRACON& Tower with Radar,18,23,47,0,88,0,8,2,0,10,18,31,49,0,98,41,0,41,139
11/26/2009,PSC,WA,ANM,WE,Combined TRACON& Tower with Radar,15,8,7,0,30,0,0,3,0,3,15,8,10,0,33,44,0,44,77
11/27/2009,PSC,WA,ANM,WE,Combined TRACON& Tower with Radar,12,20,7,0,39,0,2,24,0,26,12,22,31,0,65,40,0,40,105
11/28/2009,PSC,WA,ANM,WE,Combined TRACON& Tower with Radar,20,13,7,0,40,0,0,24,0,24,20,13,31,0,64,24,0,24,88
11/29/2009,PSC,WA,ANM,WE,Combined TRACON& Tower with Radar,20,16,11,0,47,0,0,15,0,15,20,16,26,0,62,26,0,26,88
11/30/2009,PSC,WA,ANM,WE,Combined TRACON& Tower with Radar,19,22,7,0,48,0,2,5,0,7,19,24,12,0,55,14,0,14,69
12/01/2009,PSC,WA,ANM,WE,Combined TRACON& Tower with Radar,16,25,23,0,64,0,1,28,0,29,16,26,51,0,93,2,0,2,95
12/02/2009,PSC,WA,ANM,WE,Combined TRACON& Tower with Radar,19,23,19,0,61,0,1,18,0,19,19,24,37,0,80,0,0,0,80
12/03/2009,PSC,WA,ANM,WE,Combined TRACON& Tower with Radar,21,28,31,0,80,0,0,20,0,20,21,28,51,0,100,6,0,6,106
12/04/2009,PSC,WA,ANM,WE,Combined TRACON& Tower with Radar,20,25,17,24,86,0,0,9,0,9,20,25,26,24,95,4,0,4,99
12/05/2009,PSC,WA,ANM,WE,Combined TRACON& Tower with Radar,18,15,6,2,41,0,0,15,0,15,18,15,21,2,56,20,0,20,76
12/06/2009,PSC,WA,ANM,WE,Combined TRACON& Tower with Radar,21,15,8,1,45,0,0,0,0,0,21,15,8,1,45,0,0,0,45
12/07/2009,PSC,WA,ANM,WE,Combined TRACON& Tower with Radar,17,16,5,0,38,0,1,9,0,10,17,17,14,0,48,0,0,0,48
12/08/2009,PSC,WA,ANM,WE,Combined TRACON& Tower with Radar,20,19,20,8,67,0,3,19,8,30,20,22,39,16,97,12,0,12,109
12/09/2009,PSC,WA,ANM,WE,Combined TRACON& Tower with Radar,21,17,15,0,53,0,3,19,0,22,21,20,34,0,75,8,0,8,83
12/10/2009,PSC,WA,ANM,WE,Combined TRACON& Tower with Radar,23,20,13,0,56,0,2,27,0,29,23,22,40,0,85,18,0,18,103
12/11/2009,PSC,WA,ANM,WE,Combined TRACON& Tower with Radar,18,21,15,0,54,0,7,9,0,16,18,28,24,0,70,40,0,40,110
12/12/2009,PSC,WA,ANM,WE,Combined TRACON& Tower with Radar,16,15,14,0,45,0,2,12,0,14,16,17,26,0,59,20,0,20,79
12/13/2009,PSC,WA,ANM,WE,Combined TRACON& Tower with Radar,22,15,9,0,46,0,0,14,0,14,22,15,23,0,60,30,0,30,90
12/14/2009,PSC,WA,ANM,WE,Combined TRACON& Tower with Radar,25,19,19,0,63,0,0,12,0,12,25,19,31,0,75,10,0,10,85
12/15/2009,PSC,WA,ANM,WE,Combined TRACON& Tower with Radar,11,25,16,0,52,0,0,0,0,0,11,25,16,0,52,0,0,0,52
12/16/2009,PSC,WA,ANM,WE,Combined TRACON& Tower with Radar,18,24,17,0,59,0,0,5,0,5,18,24,22,0,64,6,0,6,70
12/17/2009,PSC,WA,ANM,WE,Combined TRACON& Tower with Radar,21,36,17,2,76,0,2,6,0,8,21,38,23,2,84,6,0,6,90
12/18/2009,PSC,WA,ANM,WE,Combined TRACON& Tower with Radar,15,29,23,0,67,0,0,0,0,0,15,29,23,0,67,0,0,0,67
12/19/2009,PSC,WA,ANM,WE,Combined TRACON& Tower with Radar,16,22,13,0,51,0,0,12,0,12,16,22,25,0,63,28,0,28,91
12/20/2009,PSC,WA,ANM,WE,Combined TRACON& Tower with Radar,18,18,14,0,50,0,1,4,0,5,18,19,18,0,55,6,0,6,61
12/21/2009,PSC,WA,ANM,WE,Combined TRACON& Tower with Radar,20,26,26,0,72,0,0,22,0,22,20,26,48,0,94,42,0,42,136
12/22/2009,PSC,WA,ANM,WE,Combined TRACON& Tower with Radar,20,27,33,0,80,0,1,42,1,44,20,28,75,1,124,50,0,50,174
12/23/2009,PSC,WA,ANM,WE,Combined TRACON& Tower with Radar,18,24,14,0,56,0,1,33,0,34,18,25,47,0,90,4,0,4,94
12/24/2009,PSC,WA,ANM,WE,Combined TRACON& Tower with Radar,23,21,10,0,54,0,0,30,0,30,23,21,40,0,84,28,0,28,112
12/25/2009,PSC,WA,ANM,WE,Combined TRACON& Tower with Radar,15,11,0,0,26,0,0,6,0,6,15,11,6,0,32,0,0,0,32
12/26/2009,PSC,WA,ANM,WE,Combined TRACON& Tower with Radar,16,24,7,0,47,0,0,12,0,12,16,24,19,0,59,52,0,52,111
12/27/2009,PSC,WA,ANM,WE,Combined TRACON& Tower with Radar,21,15,4,0,40,0,0,16,0,16,21,15,20,0,56,50,0,50,106
12/28/2009,PSC,WA,ANM,WE,Combined TRACON& Tower with Radar,20,20,4,5,49,0,0,0,0,0,20,20,4,5,49,10,6,16,65
12/29/2009,PSC,WA,ANM,WE,Combined TRACON& Tower with Radar,19,29,12,0,60,0,0,6,0,6,19,29,18,0,66,6,0,6,72
12/30/2009,PSC,WA,ANM,WE,Combined TRACON& Tower with Radar,19,27,24,0,70,0,0,14,1,15,19,27,38,1,85,10,0,10,95
12/31/2009,PSC,WA,ANM,WE,Combined TRACON& Tower with Radar,30,23,11,0,64,0,0,0,0,0,30,23,11,0,64,0,0,0,64
01/01/2010,PSC,WA,ANM,WE,Combined TRACON& Tower with Radar,11,22,2,0,35,0,0,0,0,0,11,22,2,0,35,0,0,0,35
01/02/2010,PSC,WA,ANM,WE,Combined TRACON& Tower with Radar,20,17,16,0,53,0,0,16,0,16,20,17,32,0,69,8,0,8,77
01/03/2010,PSC,WA,ANM,WE,Combined TRACON& Tower with Radar,21,15,14,0,50,0,0,0,0,0,21,15,14,0,50,0,0,0,50
01/04/2010,PSC,WA,ANM,WE,Combined TRACON& Tower with Radar,19,27,12,8,66,0,0,0,0,0,19,27,12,8,66,0,0,0,66
01/05/2010,PSC,WA,ANM,WE,Combined TRACON& Tower with Radar,21,21,11,2,55,0,0,0,0,0,21,21,11,2,55,0,0,0,55
01/06/2010,PSC,WA,ANM,WE,Combined TRACON& Tower with Radar,17,26,19,0,62,0,1,21,0,22,17,27,40,0,84,12,0,12,96
01/07/2010,PSC,WA,ANM,WE,Combined TRACON& Tower with Radar,19,23,15,0,57,0,1,39,0,40,19,24,54,0,97,36,0,36,133
01/08/2010,PSC,WA,ANM,WE,Combined TRACON& Tower with Radar,15,26,22,2,65,0,1,26,0,27,15,27,48,2,92,10,0,10,102
01/09/2010,PSC,WA,ANM,WE,Combined TRACON& Tower with Radar,14,12,4,0,30,0,0,0,0,0,14,12,4,0,30,0,0,0,30
01/10/2010,PSC,WA,ANM,WE,Combined TRACON& Tower with Radar,21,12,3,2,38,0,0,0,0,0,21,12,3,2,38,0,0,0,38
01/11/2010,PSC,WA,ANM,WE,Combined TRACON& Tower with Radar,13,24,20,0,57,0,0,0,0,0,13,24,20,0,57,0,0,0,57
01/12/2010,PSC,WA,ANM,WE,Combined TRACON& Tower with Radar,17,24,28,14,83,0,1,19,0,20,17,25,47,14,103,24,0,24,127
01/13/2010,PSC,WA,ANM,WE,Combined TRACON& Tower with Radar,16,26,30,3,75,0,0,4,2,6,16,26,34,5,81,14,0,14,95
01/14/2010,PSC,WA,ANM,WE,Combined TRACON& Tower with Radar,24,31,23,4,82,0,0,43,0,43,24,31,66,4,125,32,18,50,175
01/15/2010,PSC,WA,ANM,WE,Combined TRACON& Tower with Radar,17,25,17,14,73,0,5,19,8,32,17,30,36,22,105,16,24,40,145
01/16/2010,PSC,WA,ANM,WE,Combined TRACON& Tower with Radar,14,16,14,0,44,0,0,4,0,4,14,16,18,0,48,0,0,0,48
01/17/2010,PSC,WA,ANM,WE,Combined TRACON& Tower with Radar,18,12,9,0,39,0,0,1,0,1,18,12,10,0,40,0,0,0,40
01/18/2010,PSC,WA,ANM,WE,Combined TRACON& Tower with Radar,20,10,19,0,49,0,0,36,0,36,20,10,55,0,85,40,0,40,125
01/19/2010,PSC,WA,ANM,WE,Combined TRACON& Tower with Radar,17,34,24,1,76,0,0,35,0,35,17,34,59,1,111,32,0,32,143
01/20/2010,PSC,WA,ANM,WE,Combined TRACON& Tower with Radar,15,27,66,10,118,1,1,31,1,34,16,28,97,11,152,16,1,17,169
01/21/2010,PSC,WA,ANM,WE,Combined TRACON& Tower with Radar,24,24,21,0,69,0,2,24,2,28,24,26,45,2,97,26,0,26,123
01/22/2010,PSC,WA,ANM,WE,Combined TRACON& Tower with Radar,18,23,18,0,59,0,2,20,0,22,18,25,38,0,81,28,0,28,109
01/23/2010,PSC,WA,ANM,WE,Combined TRACON& Tower with Radar,15,13,19,0,47,0,2,35,0,37,15,15,54,0,84,52,0,52,136
01/24/2010,PSC,WA,ANM,WE,Combined TRACON& Tower with Radar,18,11,10,0,39,0,0,24,0,24,18,11,34,0,63,38,0,38,101
01/25/2010,PSC,WA,ANM,WE,Combined TRACON& Tower with Radar,17,20,15,2,54,0,0,1,0,1,17,20,16,2,55,28,0,28,83
01/26/2010,PSC,WA,ANM,WE,Combined TRACON& Tower with Radar,14,24,29,0,67,0,0,5,0,5,14,24,34,0,72,20,0,20,92
01/27/2010,PSC,WA,ANM,WE,Combined TRACON& Tower with Radar,17,28,23,0,68,1,0,20,0,21,18,28,43,0,89,30,0,30,119
01/28/2010,PSC,WA,ANM,WE,Combined TRACON& Tower with Radar,24,32,33,0,89,0,0,14,0,14,24,32,47,0,103,22,0,22,125
01/29/2010,PSC,WA,ANM,WE,Combined TRACON& Tower with Radar,18,25,20,3,66,0,0,27,0,27,18,25,47,3,93,8,0,8,101
01/30/2010,PSC,WA,ANM,WE,Combined TRACON& Tower with Radar,13,13,17,0,43,0,0,6,0,6,13,13,23,0,49,44,0,44,93
01/31/2010,PSC,WA,ANM,WE,Combined TRACON& Tower with Radar,24,11,15,0,50,0,0,17,0,17,24,11,32,0,67,42,0,42,109
02/01/2010,PSC,WA,ANM,WE,Combined TRACON& Tower with Radar,19,20,7,0,46,0,0,5,0,5,19,20,12,0,51,0,0,0,51
02/02/2010,PSC,WA,ANM,WE,Combined TRACON& Tower with Radar,20,23,20,4,67,0,0,8,22,30,20,23,28,26,97,37,0,37,134
02/03/2010,PSC,WA,ANM,WE,Combined TRACON& Tower with Radar,18,32,23,0,73,0,0,6,0,6,18,32,29,0,79,12,0,12,91
02/04/2010,PSC,WA,ANM,WE,Combined TRACON& Tower with Radar,20,26,16,0,62,0,0,5,0,5,20,26,21,0,67,6,0,6,73
02/05/2010,PSC,WA,ANM,WE,Combined TRACON& Tower with Radar,18,27,29,5,79,0,0,3,0,3,18,27,32,5,82,12,0,12,94
02/06/2010,PSC,WA,ANM,WE,Combined TRACON& Tower with Radar,14,13,15,0,42,0,0,19,0,19,14,13,34,0,61,52,0,52,113
02/07/2010,PSC,WA,ANM,WE,Combined TRACON& Tower with Radar,18,12,8,2,40,0,0,15,0,15,18,12,23,2,55,21,0,21,76
02/08/2010,PSC,WA,ANM,WE,Combined TRACON& Tower with Radar,18,22,21,5,66,0,0,8,2,10,18,22,29,7,76,12,10,22,98
02/09/2010,PSC,WA,ANM,WE,Combined TRACON& Tower with Radar,18,26,41,0,85,0,0,58,0,58,18,26,99,0,143,8,0,8,151
02/10/2010,PSC,WA,ANM,WE,Combined TRACON& Tower with Radar,19,23,23,15,80,0,0,14,0,14,19,23,37,15,94,8,4,12,106
02/11/2010,PSC,WA,ANM,WE,Combined TRACON& Tower with Radar,16,24,21,6,67,0,0,14,6,20,16,24,35,12,87,10,32,42,129
02/12/2010,PSC,WA,ANM,WE,Combined TRACON& Tower with Radar,18,22,29,8,77,0,1,21,0,22,18,23,50,8,99,16,8,24,123
02/13/2010,PSC,WA,ANM,WE,Combined TRACON& Tower with Radar,12,12,16,0,40,0,1,23,0,24,12,13,39,0,64,26,0,26,90
02/14/2010,PSC,WA,ANM,WE,Combined TRACON& Tower with Radar,22,11,10,0,43,0,0,9,0,9,22,11,19,0,52,16,0,16,68
02/15/2010,PSC,WA,ANM,WE,Combined TRACON& Tower with Radar,19,20,32,0,71,0,0,11,0,11,19,20,43,0,82,35,0,35,117
02/16/2010,PSC,WA,ANM,WE,Combined TRACON& Tower with Radar,15,28,23,2,68,0,1,26,0,27,15,29,49,2,95,37,0,37,132
02/17/2010,PSC,WA,ANM,WE,Combined TRACON& Tower with Radar,14,27,24,6,71,0,3,31,2,36,14,30,55,8,107,2,2,4,111
02/18/2010,PSC,WA,ANM,WE,Combined TRACON& Tower with Radar,12,19,17,0,48,0,0,13,0,13,12,19,30,0,61,2,0,2,63
02/19/2010,PSC,WA,ANM,WE,Combined TRACON& Tower with Radar,17,23,17,6,63,0,3,30,0,33,17,26,47,6,96,28,0,28,124
02/20/2010,PSC,WA,ANM,WE,Combined TRACON& Tower with Radar,13,16,10,0,39,0,0,19,0,19,13,16,29,0,58,24,0,24,82
02/21/2010,PSC,WA,ANM,WE,Combined TRACON& Tower with Radar,17,14,15,0,46,0,0,56,0,56,17,14,71,0,102,10,0,10,112
02/22/2010,PSC,WA,ANM,WE,Combined TRACON& Tower with Radar,20,24,15,0,59,0,2,35,0,37,20,26,50,0,96,22,0,22,118
02/23/2010,PSC,WA,ANM,WE,Combined TRACON& Tower with Radar,20,22,12,0,54,0,3,32,0,35,20,25,44,0,89,38,0,38,127
02/24/2010,PSC,WA,ANM,WE,Combined TRACON& Tower with Radar,12,23,24,2,61,0,0,14,0,14,12,23,38,2,75,4,0,4,79
02/25/2010,PSC,WA,ANM,WE,Combined TRACON& Tower with Radar,22,27,21,0,70,0,2,33,0,35,22,29,54,0,105,57,2,59,164
02/26/2010,PSC,WA,ANM,WE,Combined TRACON& Tower with Radar,18,22,12,0,52,0,0,14,0,14,18,22,26,0,66,59,0,59,125
02/27/2010,PSC,WA,ANM,WE,Combined TRACON& Tower with Radar,13,16,7,0,36,0,0,22,0,22,13,16,29,0,58,49,0,49,107
02/28/2010,PSC,WA,ANM,WE,Combined TRACON& Tower with Radar,20,11,28,0,59,0,0,42,0,42,20,11,70,0,101,71,0,71,172
03/01/2010,PSC,WA,ANM,WE,Combined TRACON& Tower with Radar,15,19,22,2,58,0,1,37,2,40,15,20,59,4,98,24,0,24,122
03/02/2010,PSC,WA,ANM,WE,Combined TRACON& Tower with Radar,20,25,27,24,96,0,3,32,5,40,20,28,59,29,136,8,8,16,152
03/03/2010,PSC,WA,ANM,WE,Combined TRACON& Tower with Radar,19,25,6,0,50,0,1,28,0,29,19,26,34,0,79,20,0,20,99
03/04/2010,PSC,WA,ANM,WE,Combined TRACON& Tower with Radar,22,23,34,2,81,0,0,49,0,49,22,23,83,2,130,34,0,34,164
03/05/2010,PSC,WA,ANM,WE,Combined TRACON& Tower with Radar,22,24,17,5,68,0,1,41,1,43,22,25,58,6,111,32,25,57,168
03/06/2010,PSC,WA,ANM,WE,Combined TRACON& Tower with Radar,15,14,9,0,38,0,1,52,0,53,15,15,61,0,91,34,0,34,125
03/07/2010,PSC,WA,ANM,WE,Combined TRACON& Tower with Radar,20,16,8,1,45,0,0,46,0,46,20,16,54,1,91,86,0,86,177
03/08/2010,PSC,WA,ANM,WE,Combined TRACON& Tower with Radar,19,25,9,0,53,0,1,29,0,30,19,26,38,0,83,24,0,24,107
03/09/2010,PSC,WA,ANM,WE,Combined TRACON& Tower with Radar,18,22,14,0,54,0,1,57,0,58,18,23,71,0,112,25,0,25,137
03/10/2010,PSC,WA,ANM,WE,Combined TRACON& Tower with Radar,15,27,30,0,72,0,2,31,0,33,15,29,61,0,105,10,0,10,115
03/11/2010,PSC,WA,ANM,WE,Combined TRACON& Tower with Radar,18,27,27,9,81,0,0,21,0,21,18,27,48,9,102,26,0,26,128
03/12/2010,PSC,WA,ANM,WE,Combined TRACON& Tower with Radar,21,29,21,0,71,0,0,12,0,12,21,29,33,0,83,6,0,6,89
03/13/2010,PSC,WA,ANM,WE,Combined TRACON& Tower with Radar,15,14,5,0,34,0,1,28,0,29,15,15,33,0,63,100,0,100,163
03/14/2010,PSC,WA,ANM,WE,Combined TRACON& Tower with Radar,18,15,8,0,41,0,0,49,0,49,18,15,57,0,90,18,0,18,108
03/15/2010,PSC,WA,ANM,WE,Combined TRACON& Tower with Radar,25,22,14,0,61,0,5,27,0,32,25,27,41,0,93,31,0,31,124
03/16/2010,PSC,WA,ANM,WE,Combined TRACON& Tower with Radar,20,21,21,4,66,0,2,41,0,43,20,23,62,4,109,44,0,44,153
03/17/2010,PSC,WA,ANM,WE,Combined TRACON& Tower with Radar,14,26,6,0,46,0,2,39,0,41,14,28,45,0,87,20,0,20,107
03/18/2010,PSC,WA,ANM,WE,Combined TRACON& Tower with Radar,19,23,14,0,56,0,5,47,0,52,19,28,61,0,108,68,0,68,176
03/19/2010,PSC,WA,ANM,WE,Combined TRACON& Tower with Radar,19,23,13,0,55,0,4,39,0,43,19,27,52,0,98,56,0,56,154
03/20/2010,PSC,WA,ANM,WE,Combined TRACON& Tower with Radar,12,14,4,0,30,0,2,32,0,34,12,16,36,0,64,62,0,62,126
03/21/2010,PSC,WA,ANM,WE,Combined TRACON& Tower with Radar,22,15,20,0,57,0,0,26,0,26,22,15,46,0,83,16,0,16,99
03/22/2010,PSC,WA,ANM,WE,Combined TRACON& Tower with Radar,21,29,14,0,64,0,1,26,0,27,21,30,40,0,91,16,0,16,107
03/23/2010,PSC,WA,ANM,WE,Combined TRACON& Tower with Radar,17,28,19,1,65,0,5,37,0,42,17,33,56,1,107,14,0,14,121
03/24/2010,PSC,WA,ANM,WE,Combined TRACON& Tower with Radar,18,18,16,0,52,0,3,33,0,36,18,21,49,0,88,14,0,14,102
03/25/2010,PSC,WA,ANM,WE,Combined TRACON& Tower with Radar,22,27,11,0,60,0,2,6,0,8,22,29,17,0,68,6,0,6,74
03/26/2010,PSC,WA,ANM,WE,Combined TRACON& Tower with Radar,17,24,39,0,80,0,2,9,0,11,17,26,48,0,91,0,0,0,91
03/27/2010,PSC,WA,ANM,WE,Combined TRACON& Tower with Radar,12,16,9,0,37,0,4,45,0,49,12,20,54,0,86,56,0,56,142
03/28/2010,PSC,WA,ANM,WE,Combined TRACON& Tower with Radar,20,16,8,0,44,0,0,12,0,12,20,16,20,0,56,6,0,6,62
03/29/2010,PSC,WA,ANM,WE,Combined TRACON& Tower with Radar,19,27,12,0,58,0,1,3,0,4,19,28,15,0,62,0,0,0,62
03/30/2010,PSC,WA,ANM,WE,Combined TRACON& Tower with Radar,15,29,25,0,69,0,3,28,2,33,15,32,53,2,102,50,0,50,152
03/31/2010,PSC,WA,ANM,WE,Combined TRACON& Tower with Radar,15,24,21,2,62,0,3,51,2,56,15,27,72,4,118,42,8,50,168
04/01/2010,PSC,WA,ANM,WE,Combined TRACON& Tower with Radar,19,24,20,14,77,0,3,36,0,39,19,27,56,14,116,36,8,44,160
04/02/2010,PSC,WA,ANM,WE,Combined TRACON& Tower with Radar,22,19,14,0,55,0,0,10,0,10,22,19,24,0,65,6,0,6,71
04/03/2010,PSC,WA,ANM,WE,Combined TRACON& Tower with Radar,15,12,9,0,36,0,1,7,0,8,15,13,16,0,44,8,0,8,52
04/04/2010,PSC,WA,ANM,WE,Combined TRACON& Tower with Radar,18,11,11,0,40,0,0,24,0,24,18,11,35,0,64,12,0,12,76
04/05/2010,PSC,WA,ANM,WE,Combined TRACON& Tower with Radar,14,26,17,0,57,0,2,17,0,19,14,28,34,0,76,30,0,30,106
04/06/2010,PSC,WA,ANM,WE,Combined TRACON& Tower with Radar,16,23,15,4,58,0,4,4,0,8,16,27,19,4,66,6,0,6,72
04/07/2010,PSC,WA,ANM,WE,Combined TRACON& Tower with Radar,16,22,27,10,75,1,3,54,0,58,17,25,81,10,133,42,1,43,176
04/08/2010,PSC,WA,ANM,WE,Combined TRACON& Tower with Radar,17,28,18,2,65,0,0,6,0,6,17,28,24,2,71,0,0,0,71
04/09/2010,PSC,WA,ANM,WE,Combined TRACON& Tower with Radar,19,27,21,2,69,0,4,21,0,25,19,31,42,2,94,16,0,16,110
04/10/2010,PSC,WA,ANM,WE,Combined TRACON& Tower with Radar,11,11,13,0,35,0,2,64,0,66,11,13,77,0,101,26,0,26,127
04/11/2010,PSC,WA,ANM,WE,Combined TRACON& Tower with Radar,19,18,15,2,54,0,0,33,0,33,19,18,48,2,87,26,0,26,113
04/12/2010,PSC,WA,ANM,WE,Combined TRACON& Tower with Radar,15,22,26,0,63,0,3,29,0,32,15,25,55,0,95,22,0,22,117
04/13/2010,PSC,WA,ANM,WE,Combined TRACON& Tower with Radar,15,26,19,0,60,0,1,18,0,19,15,27,37,0,79,0,2,2,81
04/14/2010,PSC,WA,ANM,WE,Combined TRACON& Tower with Radar,15,21,19,0,55,0,6,50,0,56,15,27,69,0,111,22,0,22,133
04/15/2010,PSC,WA,ANM,WE,Combined TRACON& Tower with Radar,26,21,18,0,65,0,3,35,0,38,26,24,53,0,103,8,0,8,111
04/16/2010,PSC,WA,ANM,WE,Combined TRACON& Tower with Radar,31,25,32,0,88,2,1,65,0,68,33,26,97,0,156,60,0,60,216
04/17/2010,PSC,WA,ANM,WE,Combined TRACON& Tower with Radar,17,12,8,0,37,0,3,34,0,37,17,15,42,0,74,61,0,61,135
04/18/2010,PSC,WA,ANM,WE,Combined TRACON& Tower with Radar,15,16,12,0,43,0,0,43,1,44,15,16,55,1,87,69,0,69,156
04/19/2010,PSC,WA,ANM,WE,Combined TRACON& Tower with Radar,16,21,14,8,59,0,2,52,0,54,16,23,66,8,113,20,6,26,139
04/20/2010,PSC,WA,ANM,WE,Combined TRACON& Tower with Radar,18,22,16,2,58,0,2,17,0,19,18,24,33,2,77,4,0,4,81
04/21/2010,PSC,WA,ANM,WE,Combined TRACON& Tower with Radar,15,25,33,0,73,0,1,18,0,19,15,26,51,0,92,6,0,6,98
04/22/2010,PSC,WA,ANM,WE,Combined TRACON& Tower with Radar,19,21,21,0,61,0,3,41,4,48,19,24,62,4,109,34,8,42,151
04/23/2010,PSC,WA,ANM,WE,Combined TRACON& Tower with Radar,15,30,30,3,78,0,3,55,7,65,15,33,85,10,143,10,18,28,171
04/24/2010,PSC,WA,ANM,WE,Combined TRACON& Tower with Radar,15,12,7,0,34,0,1,15,0,16,15,13,22,0,50,70,0,70,120
04/25/2010,PSC,WA,ANM,WE,Combined TRACON& Tower with Radar,20,11,16,0,47,0,0,36,0,36,20,11,52,0,83,45,0,45,128
04/26/2010,PSC,WA,ANM,WE,Combined TRACON& Tower with Radar,16,26,20,0,62,0,4,34,0,38,16,30,54,0,100,20,0,20,120
04/27/2010,PSC,WA,ANM,WE,Combined TRACON& Tower with Radar,12,27,29,0,68,0,1,9,0,10,12,28,38,0,78,36,0,36,114
04/28/2010,PSC,WA,ANM,WE,Combined TRACON& Tower with Radar,16,31,33,2,82,1,3,11,0,15,17,34,44,2,97,0,30,30,127
04/29/2010,PSC,WA,ANM,WE,Combined TRACON& Tower with Radar,19,24,11,0,54,0,2,15,0,17,19,26,26,0,71,0,0,0,71
04/30/2010,PSC,WA,ANM,WE,Combined TRACON& Tower with Radar,15,24,19,0,58,0,1,21,0,22,15,25,40,0,80,34,0,34,114
05/01/2010,PSC,WA,ANM,WE,Combined TRACON& Tower with Radar,15,13,5,0,33,0,1,22,0,23,15,14,27,0,56,38,0,38,94
05/02/2010,PSC,WA,ANM,WE,Combined TRACON& Tower with Radar,21,16,24,1,62,0,0,31,0,31,21,16,55,1,93,40,0,40,133
05/03/2010,PSC,WA,ANM,WE,Combined TRACON& Tower with Radar,20,30,10,0,60,0,3,0,0,3,20,33,10,0,63,0,0,0,63
05/04/2010,PSC,WA,ANM,WE,Combined TRACON& Tower with Radar,21,27,57,5,110,0,5,27,2,34,21,32,84,7,144,43,6,49,193
05/05/2010,PSC,WA,ANM,WE,Combined TRACON& Tower with Radar,19,25,27,0,71,0,4,33,0,37,19,29,60,0,108,26,0,26,134
05/06/2010,PSC,WA,ANM,WE,Combined TRACON& Tower with Radar,22,19,9,0,50,0,3,45,5,53,22,22,54,5,103,110,0,110,213
05/07/2010,PSC,WA,ANM,WE,Combined TRACON& Tower with Radar,18,25,23,2,68,0,5,52,4,61,18,30,75,6,129,79,0,79,208
05/08/2010,PSC,WA,ANM,WE,Combined TRACON& Tower with Radar,17,12,11,0,40,0,1,49,1,51,17,13,60,1,91,80,0,80,171
05/09/2010,PSC,WA,ANM,WE,Combined TRACON& Tower with Radar,18,16,11,0,45,0,0,30,0,30,18,16,41,0,75,70,0,70,145
05/10/2010,PSC,WA,ANM,WE,Combined TRACON& Tower with Radar,24,19,19,0,62,0,1,16,0,17,24,20,35,0,79,22,0,22,101
05/11/2010,PSC,WA,ANM,WE,Combined TRACON& Tower with Radar,20,24,25,6,75,0,1,35,0,36,20,25,60,6,111,40,0,40,151
05/12/2010,PSC,WA,ANM,WE,Combined TRACON& Tower with Radar,17,31,41,2,91,0,1,45,0,46,17,32,86,2,137,76,14,90,227
05/13/2010,PSC,WA,ANM,WE,Combined TRACON& Tower with Radar,22,19,23,0,64,0,3,62,4,69,22,22,85,4,133,78,0,78,211
05/14/2010,PSC,WA,ANM,WE,Combined TRACON& Tower with Radar,20,20,21,0,61,0,6,55,0,61,20,26,76,0,122,82,0,82,204
05/15/2010,PSC,WA,ANM,WE,Combined TRACON& Tower with Radar,19,10,17,4,50,0,1,114,0,115,19,11,131,4,165,22,0,22,187
05/16/2010,PSC,WA,ANM,WE,Combined TRACON& Tower with Radar,18,14,9,0,41,0,0,34,0,34,18,14,43,0,75,30,0,30,105
05/17/2010,PSC,WA,ANM,WE,Combined TRACON& Tower with Radar,19,16,19,0,54,0,3,11,0,14,19,19,30,0,68,0,0,0,68
05/18/2010,PSC,WA,ANM,WE,Combined TRACON& Tower with Radar,19,30,16,1,66,0,3,16,0,19,19,33,32,1,85,42,0,42,127
05/19/2010,PSC,WA,ANM,WE,Combined TRACON& Tower with Radar,22,18,24,0,64,0,3,32,0,35,22,21,56,0,99,16,0,16,115
05/20/2010,PSC,WA,ANM,WE,Combined TRACON& Tower with Radar,25,19,12,0,56,0,2,21,0,23,25,21,33,0,79,22,0,22,101
05/21/2010,PSC,WA,ANM,WE,Combined TRACON& Tower with Radar,24,20,24,0,68,0,3,25,0,28,24,23,49,0,96,64,0,64,160
05/22/2010,PSC,WA,ANM,WE,Combined TRACON& Tower with Radar,17,9,11,0,37,0,2,29,0,31,17,11,40,0,68,40,0,40,108
05/23/2010,PSC,WA,ANM,WE,Combined TRACON& Tower with Radar,21,14,8,0,43,0,0,39,0,39,21,14,47,0,82,18,0,18,100
05/24/2010,PSC,WA,ANM,WE,Combined TRACON& Tower with Radar,26,24,24,0,74,0,6,32,0,38,26,30,56,0,112,64,0,64,176
05/25/2010,PSC,WA,ANM,WE,Combined TRACON& Tower with Radar,21,17,15,0,53,0,1,31,1,33,21,18,46,1,86,7,0,7,93
05/26/2010,PSC,WA,ANM,WE,Combined TRACON& Tower with Radar,18,20,20,4,62,0,2,15,0,17,18,22,35,4,79,44,0,44,123
05/27/2010,PSC,WA,ANM,WE,Combined TRACON& Tower with Radar,26,21,24,0,71,0,1,32,0,33,26,22,56,0,104,0,0,0,104
05/28/2010,PSC,WA,ANM,WE,Combined TRACON& Tower with Radar,24,23,18,0,65,0,1,33,0,34,24,24,51,0,99,34,0,34,133
05/29/2010,PSC,WA,ANM,WE,Combined TRACON& Tower with Radar,14,13,16,0,43,0,1,21,0,22,14,14,37,0,65,19,0,19,84
05/30/2010,PSC,WA,ANM,WE,Combined TRACON& Tower with Radar,19,11,10,0,40,0,2,30,0,32,19,13,40,0,72,46,0,46,118
05/31/2010,PSC,WA,ANM,WE,Combined TRACON& Tower with Radar,19,16,19,0,54,0,1,20,0,21,19,17,39,0,75,17,0,17,92
06/01/2010,PSC,WA,ANM,WE,Combined TRACON& Tower with Radar,20,25,19,0,64,0,5,56,0,61,20,30,75,0,125,28,0,28,153
06/02/2010,PSC,WA,ANM,WE,Combined TRACON& Tower with Radar,18,24,19,1,62,0,2,16,4,22,18,26,35,5,84,24,0,24,108
06/03/2010,PSC,WA,ANM,WE,Combined TRACON& Tower with Radar,22,19,6,2,49,0,5,32,1,38,22,24,38,3,87,84,0,84,171
06/04/2010,PSC,WA,ANM,WE,Combined TRACON& Tower with Radar,19,28,16,0,63,0,15,25,3,43,19,43,41,3,106,30,0,30,136
06/05/2010,PSC,WA,ANM,WE,Combined TRACON& Tower with Radar,21,12,12,0,45,0,1,57,0,58,21,13,69,0,103,88,0,88,191
06/06/2010,PSC,WA,ANM,WE,Combined TRACON& Tower with Radar,19,18,12,0,49,0,0,25,1,26,19,18,37,1,75,54,0,54,129
06/07/2010,PSC,WA,ANM,WE,Combined TRACON& Tower with Radar,18,19,21,0,58,0,4,18,0,22,18,23,39,0,80,0,0,0,80
06/08/2010,PSC,WA,ANM,WE,Combined TRACON& Tower with Radar,16,24,19,2,61,0,3,58,0,61,16,27,77,2,122,45,0,45,167
06/09/2010,PSC,WA,ANM,WE,Combined TRACON& Tower with Radar,17,20,11,0,48,0,4,18,0,22,17,24,29,0,70,4,0,4,74
06/10/2010,PSC,WA,ANM,WE,Combined TRACON& Tower with Radar,21,22,28,0,71,0,4,21,3,28,21,26,49,3,99,0,0,0,99
06/11/2010,PSC,WA,ANM,WE,Combined TRACON& Tower with Radar,18,25,7,2,52,0,5,40,4,49,18,30,47,6,101,35,2,37,138
06/12/2010,PSC,WA,ANM,WE,Combined TRACON& Tower with Radar,11,17,8,0,36,0,1,86,1,88,11,18,94,1,124,28,0,28,152
06/13/2010,PSC,WA,ANM,WE,Combined TRACON& Tower with Radar,20,16,8,2,46,0,0,54,0,54,20,16,62,2,100,27,0,27,127
06/14/2010,PSC,WA,ANM,WE,Combined TRACON& Tower with Radar,21,21,14,3,59,0,4,55,0,59,21,25,69,3,118,35,0,35,153
06/15/2010,PSC,WA,ANM,WE,Combined TRACON& Tower with Radar,16,25,18,4,63,0,7,51,1,59,16,32,69,5,122,55,4,59,181
06/16/2010,PSC,WA,ANM,WE,Combined TRACON& Tower with Radar,20,24,14,8,66,0,4,23,2,29,20,28,37,10,95,63,0,63,158
06/17/2010,PSC,WA,ANM,WE,Combined TRACON& Tower with Radar,21,25,18,0,64,0,3,25,0,28,21,28,43,0,92,6,0,6,98
06/18/2010,PSC,WA,ANM,WE,Combined TRACON& Tower with Radar,17,29,20,5,71,0,4,47,0,51,17,33,67,5,122,47,6,53,175
06/19/2010,PSC,WA,ANM,WE,Combined TRACON& Tower with Radar,13,19,26,0,58,0,3,48,0,51,13,22,74,0,109,62,0,62,171
06/20/2010,PSC,WA,ANM,WE,Combined TRACON& Tower with Radar,19,17,3,4,43,0,0,26,0,26,19,17,29,4,69,49,0,49,118
06/21/2010,PSC,WA,ANM,WE,Combined TRACON& Tower with Radar,18,26,9,0,53,0,3,18,0,21,18,29,27,0,74,17,0,17,91
06/22/2010,PSC,WA,ANM,WE,Combined TRACON& Tower with Radar,14,26,12,3,55,0,7,55,1,63,14,33,67,4,118,27,0,27,145
06/23/2010,PSC,WA,ANM,WE,Combined TRACON& Tower with Radar,16,24,17,1,58,0,7,45,5,57,16,31,62,6,115,63,0,63,178
06/24/2010,PSC,WA,ANM,WE,Combined TRACON& Tower with Radar,20,24,15,0,59,0,5,62,3,70,20,29,77,3,129,25,0,25,154
06/25/2010,PSC,WA,ANM,WE,Combined TRACON& Tower with Radar,18,24,19,0,61,0,5,33,0,38,18,29,52,0,99,0,0,0,99
06/26/2010,PSC,WA,ANM,WE,Combined TRACON& Tower with Radar,11,21,7,0,39,0,1,47,1,49,11,22,54,1,88,54,0,54,142
06/27/2010,PSC,WA,ANM,WE,Combined TRACON& Tower with Radar,19,19,7,2,47,0,0,35,0,35,19,19,42,2,82,48,0,48,130
06/28/2010,PSC,WA,ANM,WE,Combined TRACON& Tower with Radar,18,21,13,0,52,0,3,33,0,36,18,24,46,0,88,26,0,26,114
06/29/2010,PSC,WA,ANM,WE,Combined TRACON& Tower with Radar,14,26,12,2,54,0,7,39,0,46,14,33,51,2,100,22,0,22,122
06/30/2010,PSC,WA,ANM,WE,Combined TRACON& Tower with Radar,16,25,12,0,53,0,8,41,0,49,16,33,53,0,102,50,0,50,152
07/01/2010,PSC,WA,ANM,WE,Combined TRACON& Tower with Radar,20,27,16,1,64,0,6,32,3,41,20,33,48,4,105,34,0,34,139
07/02/2010,PSC,WA,ANM,WE,Combined TRACON& Tower with Radar,14,25,14,0,53,0,4,24,1,29,14,29,38,1,82,61,0,61,143
07/03/2010,PSC,WA,ANM,WE,Combined TRACON& Tower with Radar,11,18,7,0,36,0,1,27,0,28,11,19,34,0,64,72,0,72,136
07/04/2010,PSC,WA,ANM,WE,Combined TRACON& Tower with Radar,19,15,0,0,34,0,0,23,1,24,19,15,23,1,58,47,0,47,105
07/05/2010,PSC,WA,ANM,WE,Combined TRACON& Tower with Radar,16,18,19,0,53,2,0,74,1,77,18,18,93,1,130,159,0,159,289
07/06/2010,PSC,WA,ANM,WE,Combined TRACON& Tower with Radar,13,25,17,2,57,0,4,43,0,47,13,29,60,2,104,7,0,7,111
07/07/2010,PSC,WA,ANM,WE,Combined TRACON& Tower with Radar,14,25,23,1,63,0,4,52,3,59,14,29,75,4,122,52,0,52,174
07/08/2010,PSC,WA,ANM,WE,Combined TRACON& Tower with Radar,20,25,17,0,62,0,6,56,2,64,20,31,73,2,126,18,0,18,144
07/09/2010,PSC,WA,ANM,WE,Combined TRACON& Tower with Radar,21,25,19,1,66,0,4,51,4,59,21,29,70,5,125,57,0,57,182
07/10/2010,PSC,WA,ANM,WE,Combined TRACON& Tower with Radar,11,18,7,0,36,0,2,33,0,35,11,20,40,0,71,45,0,45,116
07/11/2010,PSC,WA,ANM,WE,Combined TRACON& Tower with Radar,19,18,12,0,49,0,4,25,0,29,19,22,37,0,78,32,0,32,110
07/12/2010,PSC,WA,ANM,WE,Combined TRACON& Tower with Radar,14,27,6,0,47,0,3,15,1,19,14,30,21,1,66,16,0,16,82
07/13/2010,PSC,WA,ANM,WE,Combined TRACON& Tower with Radar,14,28,14,2,58,0,4,33,0,37,14,32,47,2,95,42,0,42,137
07/14/2010,PSC,WA,ANM,WE,Combined TRACON& Tower with Radar,14,25,19,7,65,0,4,69,3,76,14,29,88,10,141,78,8,86,227
07/15/2010,PSC,WA,ANM,WE,Combined TRACON& Tower with Radar,19,27,23,4,73,0,6,43,7,56,19,33,66,11,129,84,38,122,251
07/16/2010,PSC,WA,ANM,WE,Combined TRACON& Tower with Radar,14,24,11,2,51,0,4,44,5,53,14,28,55,7,104,28,0,28,132
07/17/2010,PSC,WA,ANM,WE,Combined TRACON& Tower with Radar,11,19,8,0,38,0,0,55,2,57,11,19,63,2,95,6,0,6,101
07/18/2010,PSC,WA,ANM,WE,Combined TRACON& Tower with Radar,19,17,6,0,42,0,0,42,0,42,19,17,48,0,84,60,0,60,144
07/19/2010,PSC,WA,ANM,WE,Combined TRACON& Tower with Radar,16,23,8,0,47,0,4,39,1,44,16,27,47,1,91,38,0,38,129
07/20/2010,PSC,WA,ANM,WE,Combined TRACON& Tower with Radar,14,25,12,2,53,0,4,43,3,50,14,29,55,5,103,24,20,44,147
07/21/2010,PSC,WA,ANM,WE,Combined TRACON& Tower with Radar,16,24,12,0,52,0,8,54,1,63,16,32,66,1,115,28,0,28,143
07/22/2010,PSC,WA,ANM,WE,Combined TRACON& Tower with Radar,20,29,15,3,67,0,4,84,1,89,20,33,99,4,156,89,0,89,245
07/23/2010,PSC,WA,ANM,WE,Combined TRACON& Tower with Radar,15,22,13,0,50,0,5,54,6,65,15,27,67,6,115,59,8,67,182
07/24/2010,PSC,WA,ANM,WE,Combined TRACON& Tower with Radar,10,20,13,2,45,0,0,78,4,82,10,20,91,6,127,33,23,56,183
07/25/2010,PSC,WA,ANM,WE,Combined TRACON& Tower with Radar,19,18,14,3,54,0,1,55,4,60,19,19,69,7,114,52,6,58,172
07/26/2010,PSC,WA,ANM,WE,Combined TRACON& Tower with Radar,18,23,12,3,56,0,4,74,4,82,18,27,86,7,138,45,0,45,183
07/27/2010,PSC,WA,ANM,WE,Combined TRACON& Tower with Radar,14,26,13,0,53,0,4,64,2,70,14,30,77,2,123,24,0,24,147
07/28/2010,PSC,WA,ANM,WE,Combined TRACON& Tower with Radar,14,27,19,0,60,0,5,46,1,52,14,32,65,1,112,16,0,16,128
07/29/2010,PSC,WA,ANM,WE,Combined TRACON& Tower with Radar,22,25,11,1,59,0,5,46,3,54,22,30,57,4,113,6,0,6,119
07/30/2010,PSC,WA,ANM,WE,Combined TRACON& Tower with Radar,16,27,15,4,62,0,4,40,0,44,16,31,55,4,106,24,24,48,154
07/31/2010,PSC,WA,ANM,WE,Combined TRACON& Tower with Radar,11,20,8,0,39,0,0,28,0,28,11,20,36,0,67,31,0,31,98
08/01/2010,PSC,WA,ANM,WE,Combined TRACON& Tower with Radar,19,17,16,0,52,0,3,45,0,48,19,20,61,0,100,52,0,52,152
08/02/2010,PSC,WA,ANM,WE,Combined TRACON& Tower with Radar,16,23,8,1,48,0,4,45,0,49,16,27,53,1,97,41,0,41,138
08/03/2010,PSC,WA,ANM,WE,Combined TRACON& Tower with Radar,14,28,11,0,53,0,8,55,0,63,14,36,66,0,116,50,0,50,166
08/04/2010,PSC,WA,ANM,WE,Combined TRACON& Tower with Radar,16,31,21,0,68,0,3,50,0,53,16,34,71,0,121,47,0,47,168
08/05/2010,PSC,WA,ANM,WE,Combined TRACON& Tower with Radar,23,26,15,1,65,0,3,58,1,62,23,29,73,2,127,49,0,49,176
08/06/2010,PSC,WA,ANM,WE,Combined TRACON& Tower with Radar,16,26,21,0,63,0,6,68,3,77,16,32,89,3,140,34,0,34,174
08/07/2010,PSC,WA,ANM,WE,Combined TRACON& Tower with Radar,11,20,14,0,45,0,2,35,1,38,11,22,49,1,83,54,0,54,137
08/08/2010,PSC,WA,ANM,WE,Combined TRACON& Tower with Radar,19,17,10,0,46,0,0,45,0,45,19,17,55,0,91,24,0,24,115
08/09/2010,PSC,WA,ANM,WE,Combined TRACON& Tower with Radar,16,22,7,4,49,0,8,61,4,73,16,30,68,8,122,90,24,114,236
08/10/2010,PSC,WA,ANM,WE,Combined TRACON& Tower with Radar,14,30,18,0,62,0,3,55,4,62,14,33,73,4,124,126,0,126,250
08/11/2010,PSC,WA,ANM,WE,Combined TRACON& Tower with Radar,16,25,14,2,57,0,4,56,0,60,16,29,70,2,117,21,16,37,154
08/12/2010,PSC,WA,ANM,WE,Combined TRACON& Tower with Radar,19,25,14,4,62,0,3,70,2,75,19,28,84,6,137,92,12,104,241
08/13/2010,PSC,WA,ANM,WE,Combined TRACON& Tower with Radar,16,25,24,5,70,0,4,48,0,52,16,29,72,5,122,35,30,65,187
08/14/2010,PSC,WA,ANM,WE,Combined TRACON& Tower with Radar,12,18,9,2,41,0,2,46,1,49,12,20,55,3,90,83,0,83,173
08/15/2010,PSC,WA,ANM,WE,Combined TRACON& Tower with Radar,38,29,24,3,94,0,1,72,0,73,38,30,96,3,167,49,0,49,216
08/16/2010,PSC,WA,ANM,WE,Combined TRACON& Tower with Radar,26,31,9,5,71,0,5,53,4,62,26,36,62,9,133,33,0,33,166
08/17/2010,PSC,WA,ANM,WE,Combined TRACON& Tower with Radar,15,30,19,0,64,0,3,44,4,51,15,33,63,4,115,19,0,19,134
08/18/2010,PSC,WA,ANM,WE,Combined TRACON& Tower with Radar,16,25,14,2,57,0,4,49,0,53,16,29,63,2,110,74,0,74,184
08/19/2010,PSC,WA,ANM,WE,Combined TRACON& Tower with Radar,20,24,14,3,61,0,3,60,7,70,20,27,74,10,131,111,0,111,242
08/20/2010,PSC,WA,ANM,WE,Combined TRACON& Tower with Radar,18,23,10,4,55,0,4,49,3,56,18,27,59,7,111,93,33,126,237
08/21/2010,PSC,WA,ANM,WE,Combined TRACON& Tower with Radar,11,16,3,0,30,0,3,64,1,68,11,19,67,1,98,42,0,42,140
08/22/2010,PSC,WA,ANM,WE,Combined TRACON& Tower with Radar,15,16,21,0,52,0,0,35,0,35,15,16,56,0,87,44,0,44,131
08/23/2010,PSC,WA,ANM,WE,Combined TRACON& Tower with Radar,14,20,14,0,48,0,3,58,0,61,14,23,72,0,109,119,0,119,228
08/24/2010,PSC,WA,ANM,WE,Combined TRACON& Tower with Radar,12,22,6,10,50,0,3,57,0,60,12,25,63,10,110,86,0,86,196
08/25/2010,PSC,WA,ANM,WE,Combined TRACON& Tower with Radar,14,27,17,0,58,0,6,54,0,60,14,33,71,0,118,72,0,72,190
08/26/2010,PSC,WA,ANM,WE,Combined TRACON& Tower with Radar,16,22,19,2,59,0,2,19,2,23,16,24,38,4,82,37,0,37,119
08/27/2010,PSC,WA,ANM,WE,Combined TRACON& Tower with Radar,15,22,22,0,59,0,3,46,0,49,15,25,68,0,108,54,0,54,162
08/28/2010,PSC,WA,ANM,WE,Combined TRACON& Tower with Radar,12,15,16,0,43,0,1,66,0,67,12,16,82,0,110,90,0,90,200
08/29/2010,PSC,WA,ANM,WE,Combined TRACON& Tower with Radar,17,16,10,0,43,0,2,61,0,63,17,18,71,0,106,54,0,54,160
08/30/2010,PSC,WA,ANM,WE,Combined TRACON& Tower with Radar,12,20,22,0,54,0,2,41,0,43,12,22,63,0,97,62,0,62,159
08/31/2010,PSC,WA,ANM,WE,Combined TRACON& Tower with Radar,12,26,21,1,60,0,1,32,1,34,12,27,53,2,94,54,0,54,148
09/01/2010,PSC,WA,ANM,WE,Combined TRACON& Tower with Radar,16,23,27,0,66,0,2,37,0,39,16,25,64,0,105,186,0,186,291
09/02/2010,PSC,WA,ANM,WE,Combined TRACON& Tower with Radar,16,25,24,0,65,0,2,74,1,77,16,27,98,1,142,113,0,113,255
09/03/2010,PSC,WA,ANM,WE,Combined TRACON& Tower with Radar,16,20,11,0,47,0,3,80,1,84,16,23,91,1,131,14,0,14,145
09/04/2010,PSC,WA,ANM,WE,Combined TRACON& Tower with Radar,11,12,9,0,32,0,0,47,1,48,11,12,56,1,80,55,0,55,135
09/05/2010,PSC,WA,ANM,WE,Combined TRACON& Tower with Radar,14,10,4,0,28,0,0,30,0,30,14,10,34,0,58,88,0,88,146
09/06/2010,PSC,WA,ANM,WE,Combined TRACON& Tower with Radar,13,16,19,0,48,0,0,58,1,59,13,16,77,1,107,150,0,150,257
09/07/2010,PSC,WA,ANM,WE,Combined TRACON& Tower with Radar,13,23,16,2,54,0,2,39,1,42,13,25,55,3,96,48,0,48,144
09/08/2010,PSC,WA,ANM,WE,Combined TRACON& Tower with Radar,14,26,23,3,66,0,4,40,2,46,14,30,63,5,112,102,22,124,236
09/09/2010,PSC,WA,ANM,WE,Combined TRACON& Tower with Radar,14,25,22,2,63,0,2,43,2,47,14,27,65,4,110,27,0,27,137
09/10/2010,PSC,WA,ANM,WE,Combined TRACON& Tower with Radar,18,24,18,0,60,0,2,36,3,41,18,26,54,3,101,152,0,152,253
09/11/2010,PSC,WA,ANM,WE,Combined TRACON& Tower with Radar,12,15,13,0,40,0,1,37,0,38,12,16,50,0,78,33,0,33,111
09/12/2010,PSC,WA,ANM,WE,Combined TRACON& Tower with Radar,15,17,18,0,50,0,0,46,0,46,15,17,64,0,96,50,0,50,146
09/13/2010,PSC,WA,ANM,WE,Combined TRACON& Tower with Radar,19,21,9,1,50,0,7,50,0,57,19,28,59,1,107,66,0,66,173
09/14/2010,PSC,WA,ANM,WE,Combined TRACON& Tower with Radar,15,27,13,2,57,0,2,60,1,63,15,29,73,3,120,99,0,99,219
09/15/2010,PSC,WA,ANM,WE,Combined TRACON& Tower with Radar,15,23,18,1,57,0,3,37,1,41,15,26,55,2,98,64,0,64,162
09/16/2010,PSC,WA,ANM,WE,Combined TRACON& Tower with Radar,18,23,19,0,60,0,2,57,0,59,18,25,76,0,119,60,0,60,179
09/17/2010,PSC,WA,ANM,WE,Combined TRACON& Tower with Radar,19,22,25,0,66,0,3,25,2,30,19,25,50,2,96,34,0,34,130
09/18/2010,PSC,WA,ANM,WE,Combined TRACON& Tower with Radar,12,17,11,0,40,0,1,43,1,45,12,18,54,1,85,66,0,66,151
09/19/2010,PSC,WA,ANM,WE,Combined TRACON& Tower with Radar,15,18,12,0,45,0,0,9,2,11,15,18,21,2,56,1,0,1,57
09/20/2010,PSC,WA,ANM,WE,Combined TRACON& Tower with Radar,15,19,13,0,47,0,2,22,0,24,15,21,35,0,71,0,0,0,71
09/21/2010,PSC,WA,ANM,WE,Combined TRACON& Tower with Radar,13,31,16,2,62,0,2,48,0,50,13,33,64,2,112,65,0,65,177
09/22/2010,PSC,WA,ANM,WE,Combined TRACON& Tower with Radar,15,26,12,5,58,0,2,57,0,59,15,28,69,5,117,44,0,44,161
09/23/2010,PSC,WA,ANM,WE,Combined TRACON& Tower with Radar,15,21,19,2,57,0,3,25,0,28,15,24,44,2,85,53,34,87,172
09/24/2010,PSC,WA,ANM,WE,Combined TRACON& Tower with Radar,17,23,11,0,51,0,3,59,1,63,17,26,70,1,114,36,0,36,150
09/25/2010,PSC,WA,ANM,WE,Combined TRACON& Tower with Radar,13,17,21,0,51,0,2,54,0,56,13,19,75,0,107,61,0,61,168
09/26/2010,PSC,WA,ANM,WE,Combined TRACON& Tower with Radar,14,16,15,2,47,0,0,34,0,34,14,16,49,2,81,16,0,16,97
09/27/2010,PSC,WA,ANM,WE,Combined TRACON& Tower with Radar,15,22,14,6,57,0,2,33,4,39,15,24,47,10,96,21,26,47,143
09/28/2010,PSC,WA,ANM,WE,Combined TRACON& Tower with Radar,13,24,12,4,53,0,2,19,1,22,13,26,31,5,75,0,50,50,125
09/29/2010,PSC,WA,ANM,WE,Combined TRACON& Tower with Radar,16,24,22,4,66,0,2,48,0,50,16,26,70,4,116,11,0,11,127
09/30/2010,PSC,WA,ANM,WE,Combined TRACON& Tower with Radar,14,20,21,0,55,0,3,49,0,52,14,23,70,0,107,22,0,22,129
10/01/2010,PSC,WA,ANM,WE,Combined TRACON& Tower with Radar,12,22,18,8,60,0,2,56,3,61,12,24,74,11,121,40,0,40,161
10/02/2010,PSC,WA,ANM,WE,Combined TRACON& Tower with Radar,12,16,4,0,32,0,6,50,0,56,12,22,54,0,88,56,0,56,144
10/03/2010,PSC,WA,ANM,WE,Combined TRACON& Tower with Radar,16,21,6,0,43,0,0,28,0,28,16,21,34,0,71,128,0,128,199
10/04/2010,PSC,WA,ANM,WE,Combined TRACON& Tower with Radar,12,24,19,0,55,0,2,20,0,22,12,26,39,0,77,42,0,42,119
10/05/2010,PSC,WA,ANM,WE,Combined TRACON& Tower with Radar,12,24,20,2,58,0,2,36,1,39,12,26,56,3,97,67,0,67,164
10/06/2010,PSC,WA,ANM,WE,Combined TRACON& Tower with Radar,14,23,17,0,54,0,3,24,1,28,14,26,41,1,82,10,0,10,92
10/07/2010,PSC,WA,ANM,WE,Combined TRACON& Tower with Radar,17,26,17,5,65,0,1,18,4,23,17,27,35,9,88,0,0,0,88
10/08/2010,PSC,WA,ANM,WE,Combined TRACON& Tower with Radar,12,23,17,2,54,0,2,30,1,33,12,25,47,3,87,35,0,35,122
10/09/2010,PSC,WA,ANM,WE,Combined TRACON& Tower with Radar,14,18,18,0,50,0,1,48,0,49,14,19,66,0,99,56,0,56,155
10/10/2010,PSC,WA,ANM,WE,Combined TRACON& Tower with Radar,16,18,8,0,42,0,0,20,0,20,16,18,28,0,62,44,0,44,106
10/11/2010,PSC,WA,ANM,WE,Combined TRACON& Tower with Radar,12,22,18,0,52,0,0,37,0,37,12,22,55,0,89,46,0,46,135
10/12/2010,PSC,WA,ANM,WE,Combined TRACON& Tower with Radar,13,24,11,15,63,0,3,31,2,36,13,27,42,17,99,28,28,56,155
10/13/2010,PSC,WA,ANM,WE,Combined TRACON& Tower with Radar,14,27,23,13,77,0,2,41,0,43,14,29,64,13,120,29,22,51,171
10/14/2010,PSC,WA,ANM,WE,Combined TRACON& Tower with Radar,18,23,15,0,56,0,2,31,0,33,18,25,46,0,89,8,0,8,97
10/15/2010,PSC,WA,ANM,WE,Combined TRACON& Tower with Radar,12,23,14,5,54,0,2,52,1,55,12,25,66,6,109,64,12,76,185
10/16/2010,PSC,WA,ANM,WE,Combined TRACON& Tower with Radar,12,18,23,0,53,0,1,34,1,36,12,19,57,1,89,37,0,37,126
10/17/2010,PSC,WA,ANM,WE,Combined TRACON& Tower with Radar,16,15,13,0,44,0,0,54,0,54,16,15,67,0,98,56,0,56,154
10/18/2010,PSC,WA,ANM,WE,Combined TRACON& Tower with Radar,13,25,18,0,56,0,2,26,0,28,13,27,44,0,84,22,0,22,106
10/19/2010,PSC,WA,ANM,WE,Combined TRACON& Tower with Radar,13,22,15,8,58,0,3,29,1,33,13,25,44,9,91,18,10,28,119
10/20/2010,PSC,WA,ANM,WE,Combined TRACON& Tower with Radar,12,23,9,6,50,0,2,31,4,37,12,25,40,10,87,75,52,127,214
10/21/2010,PSC,WA,ANM,WE,Combined TRACON& Tower with Radar,18,23,13,0,54,0,3,29,0,32,18,26,42,0,86,62,0,62,148
10/22/2010,PSC,WA,ANM,WE,Combined TRACON& Tower with Radar,12,22,32,5,71,0,2,45,2,49,12,24,77,7,120,35,50,85,205
10/23/2010,PSC,WA,ANM,WE,Combined TRACON& Tower with Radar,12,15,28,0,55,0,1,52,0,53,12,16,80,0,108,74,0,74,182
10/24/2010,PSC,WA,ANM,WE,Combined TRACON& Tower with Radar,16,16,12,0,44,0,0,3,0,3,16,16,15,0,47,0,0,0,47
10/25/2010,PSC,WA,ANM,WE,Combined TRACON& Tower with Radar,14,20,14,0,48,0,2,8,0,10,14,22,22,0,58,0,0,0,58
10/26/2010,PSC,WA,ANM,WE,Combined TRACON& Tower with Radar,13,24,16,0,53,0,2,6,2,10,13,26,22,2,63,8,0,8,71
10/27/2010,PSC,WA,ANM,WE,Combined TRACON& Tower with Radar,12,24,17,2,55,0,3,43,3,49,12,27,60,5,104,61,0,61,165
10/28/2010,PSC,WA,ANM,WE,Combined TRACON& Tower with Radar,17,28,14,2,61,0,1,19,0,20,17,29,33,2,81,79,6,85,166
10/29/2010,PSC,WA,ANM,WE,Combined TRACON& Tower with Radar,14,24,31,0,69,0,1,16,2,19,14,25,47,2,88,48,1,49,137
10/30/2010,PSC,WA,ANM,WE,Combined TRACON& Tower with Radar,14,15,17,0,46,0,0,17,1,18,14,15,34,1,64,10,0,10,74
10/31/2010,PSC,WA,ANM,WE,Combined TRACON& Tower with Radar,18,19,14,8,59,0,2,31,0,33,18,21,45,8,92,38,22,60,152
11/01/2010,PSC,WA,ANM,WE,Combined TRACON& Tower with Radar,12,22,19,10,63,0,1,33,0,34,12,23,52,10,97,10,39,49,146
11/02/2010,PSC,WA,ANM,WE,Combined TRACON& Tower with Radar,13,22,15,3,53,0,3,46,1,50,13,25,61,4,103,44,20,64,167
11/03/2010,PSC,WA,ANM,WE,Combined TRACON& Tower with Radar,12,27,27,1,67,0,3,49,0,52,12,30,76,1,119,62,0,62,181
11/04/2010,PSC,WA,ANM,WE,Combined TRACON& Tower with Radar,18,26,30,0,74,0,2,40,0,42,18,28,70,0,116,20,2,22,138
11/05/2010,PSC,WA,ANM,WE,Combined TRACON& Tower with Radar,12,22,23,0,57,0,2,28,0,30,12,24,51,0,87,8,0,8,95
11/06/2010,PSC,WA,ANM,WE,Combined TRACON& Tower with Radar,13,16,18,2,49,0,1,13,0,14,13,17,31,2,63,6,0,6,69
11/07/2010,PSC,WA,ANM,WE,Combined TRACON& Tower with Radar,19,15,14,2,50,0,0,37,1,38,19,15,51,3,88,48,0,48,136
11/08/2010,PSC,WA,ANM,WE,Combined TRACON& Tower with Radar,15,23,18,0,56,0,2,17,0,19,15,25,35,0,75,0,0,0,75
11/09/2010,PSC,WA,ANM,WE,Combined TRACON& Tower with Radar,17,22,20,2,61,0,1,20,1,22,17,23,40,3,83,4,68,72,155
11/10/2010,PSC,WA,ANM,WE,Combined TRACON& Tower with Radar,17,24,18,0,59,0,3,16,1,20,17,27,34,1,79,10,0,10,89
11/11/2010,PSC,WA,ANM,WE,Combined TRACON& Tower with Radar,20,21,24,2,67,0,3,41,0,44,20,24,65,2,111,16,64,80,191
11/12/2010,PSC,WA,ANM,WE,Combined TRACON& Tower with Radar,14,25,21,0,60,0,1,18,0,19,14,26,39,0,79,89,0,89,168
11/13/2010,PSC,WA,ANM,WE,Combined TRACON& Tower with Radar,15,15,7,0,37,0,2,32,0,34,15,17,39,0,71,108,0,108,179
11/14/2010,PSC,WA,ANM,WE,Combined TRACON& Tower with Radar,19,17,7,8,51,0,0,40,2,42,19,17,47,10,93,60,36,96,189
11/15/2010,PSC,WA,ANM,WE,Combined TRACON& Tower with Radar,16,21,20,28,85,0,2,27,4,33,16,23,47,32,118,61,60,121,239
11/16/2010,PSC,WA,ANM,WE,Combined TRACON& Tower with Radar,14,24,9,6,53,0,4,15,0,19,14,28,24,6,72,4,10,14,86
11/17/2010,PSC,WA,ANM,WE,Combined TRACON& Tower with Radar,13,24,23,0,60,0,1,12,0,13,13,25,35,0,73,12,0,12,85
11/18/2010,PSC,WA,ANM,WE,Combined TRACON& Tower with Radar,20,22,27,16,85,0,2,16,0,18,20,24,43,16,103,20,28,48,151
11/19/2010,PSC,WA,ANM,WE,Combined TRACON& Tower with Radar,14,26,18,2,60,0,2,28,0,30,14,28,46,2,90,20,6,26,116
11/20/2010,PSC,WA,ANM,WE,Combined TRACON& Tower with Radar,15,14,10,0,39,0,3,52,0,55,15,17,62,0,94,54,0,54,148
11/21/2010,PSC,WA,ANM,WE,Combined TRACON& Tower with Radar,19,17,23,0,59,0,0,23,0,23,19,17,46,0,82,48,0,48,130
11/22/2010,PSC,WA,ANM,WE,Combined TRACON& Tower with Radar,1,2,4,0,7,0,0,0,0,0,1,2,4,0,7,0,0,0,7
11/23/2010,PSC,WA,ANM,WE,Combined TRACON& Tower with Radar,11,14,9,0,34,0,3,0,0,3,11,17,9,0,37,18,0,18,55
11/24/2010,PSC,WA,ANM,WE,Combined TRACON& Tower with Radar,17,30,19,0,66,0,2,4,0,6,17,32,23,0,72,0,0,0,72
11/25/2010,PSC,WA,ANM,WE,Combined TRACON& Tower with Radar,15,8,1,0,24,0,0,2,0,2,15,8,3,0,26,0,0,0,26
11/26/2010,PSC,WA,ANM,WE,Combined TRACON& Tower with Radar,9,26,1,0,36,0,1,2,0,3,9,27,3,0,39,6,0,6,45
11/27/2010,PSC,WA,ANM,WE,Combined TRACON& Tower with Radar,19,19,3,0,41,0,0,0,0,0,19,19,3,0,41,0,0,0,41
11/28/2010,PSC,WA,ANM,WE,Combined TRACON& Tower with Radar,18,14,11,0,43,0,0,0,0,0,18,14,11,0,43,0,0,0,43
11/29/2010,PSC,WA,ANM,WE,Combined TRACON& Tower with Radar,14,30,23,0,67,0,0,0,0,0,14,30,23,0,67,0,0,0,67
11/30/2010,PSC,WA,ANM,WE,Combined TRACON& Tower with Radar,10,26,12,0,48,0,0,0,0,0,10,26,12,0,48,0,0,0,48
12/01/2010,PSC,WA,ANM,WE,Combined TRACON& Tower with Radar,15,29,18,8,70,0,1,0,0,1,15,30,18,8,71,0,0,0,71
12/02/2010,PSC,WA,ANM,WE,Combined TRACON& Tower with Radar,21,25,22,0,68,0,0,0,0,0,21,25,22,0,68,0,0,0,68
12/03/2010,PSC,WA,ANM,WE,Combined TRACON& Tower with Radar,15,26,20,4,65,0,1,0,0,1,15,27,20,4,66,0,0,0,66
12/04/2010,PSC,WA,ANM,WE,Combined TRACON& Tower with Radar,15,19,14,0,48,0,0,12,0,12,15,19,26,0,60,30,0,30,90
12/05/2010,PSC,WA,ANM,WE,Combined TRACON& Tower with Radar,20,14,20,2,56,0,0,15,0,15,20,14,35,2,71,67,0,67,138
12/06/2010,PSC,WA,ANM,WE,Combined TRACON& Tower with Radar,16,19,18,0,53,0,3,18,1,22,16,22,36,1,75,18,0,18,93
12/07/2010,PSC,WA,ANM,WE,Combined TRACON& Tower with Radar,16,19,18,14,67,0,1,19,0,20,16,20,37,14,87,30,0,30,117
12/08/2010,PSC,WA,ANM,WE,Combined TRACON& Tower with Radar,13,21,18,2,54,0,3,15,0,18,13,24,33,2,72,31,2,33,105
12/09/2010,PSC,WA,ANM,WE,Combined TRACON& Tower with Radar,22,21,22,8,73,0,1,8,1,10,22,22,30,9,83,14,12,26,109
12/10/2010,PSC,WA,ANM,WE,Combined TRACON& Tower with Radar,14,21,19,15,69,0,2,25,0,27,14,23,44,15,96,65,14,79,175
12/11/2010,PSC,WA,ANM,WE,Combined TRACON& Tower with Radar,11,20,5,0,36,0,0,0,0,0,11,20,5,0,36,12,0,12,48
12/12/2010,PSC,WA,ANM,WE,Combined TRACON& Tower with Radar,21,12,22,4,59,6,0,14,0,20,27,12,36,4,79,59,51,110,189
12/13/2010,PSC,WA,ANM,WE,Combined TRACON& Tower with Radar,13,23,17,0,53,0,2,26,1,29,13,25,43,1,82,14,0,14,96
12/14/2010,PSC,WA,ANM,WE,Combined TRACON& Tower with Radar,15,24,23,2,64,0,2,4,0,6,15,26,27,2,70,10,33,43,113
12/15/2010,PSC,WA,ANM,WE,Combined TRACON& Tower with Radar,15,21,13,0,49,0,4,8,0,12,15,25,21,0,61,18,0,18,79
12/16/2010,PSC,WA,ANM,WE,Combined TRACON& Tower with Radar,22,18,15,0,55,0,2,36,1,39,22,20,51,1,94,14,0,14,108
12/17/2010,PSC,WA,ANM,WE,Combined TRACON& Tower with Radar,16,21,16,0,53,0,3,36,0,39,16,24,52,0,92,34,0,34,126
12/18/2010,PSC,WA,ANM,WE,Combined TRACON& Tower with Radar,10,23,5,0,38,0,0,0,0,0,10,23,5,0,38,0,0,0,38
12/19/2010,PSC,WA,ANM,WE,Combined TRACON& Tower with Radar,19,13,6,0,38,0,0,4,0,4,19,13,10,0,42,23,0,23,65
12/20/2010,PSC,WA,ANM,WE,Combined TRACON& Tower with Radar,15,25,14,6,60,0,0,2,3,5,15,25,16,9,65,20,32,52,117
12/21/2010,PSC,WA,ANM,WE,Combined TRACON& Tower with Radar,5,2,10,0,17,0,0,0,0,0,5,2,10,0,17,0,0,0,17
12/22/2010,PSC,WA,ANM,WE,Combined TRACON& Tower with Radar,14,21,8,0,43,0,0,2,0,2,14,21,10,0,45,0,0,0,45
12/23/2010,PSC,WA,ANM,WE,Combined TRACON& Tower with Radar,24,21,7,0,52,0,0,0,0,0,24,21,7,0,52,0,0,0,52
12/24/2010,PSC,WA,ANM,WE,Combined TRACON& Tower with Radar,14,30,0,0,44,0,0,0,0,0,14,30,0,0,44,0,0,0,44
12/25/2010,PSC,WA,ANM,WE,Combined TRACON& Tower with Radar,10,10,1,0,21,0,0,0,0,0,10,10,1,0,21,10,0,10,31
12/26/2010,PSC,WA,ANM,WE,Combined TRACON& Tower with Radar,20,14,11,0,45,0,0,32,0,32,20,14,43,0,77,33,0,33,110
12/27/2010,PSC,WA,ANM,WE,Combined TRACON& Tower with Radar,16,21,16,1,54,0,0,22,0,22,16,21,38,1,76,12,0,12,88
12/28/2010,PSC,WA,ANM,WE,Combined TRACON& Tower with Radar,17,28,13,1,59,0,1,5,0,6,17,29,18,1,65,18,0,18,83
12/29/2010,PSC,WA,ANM,WE,Combined TRACON& Tower with Radar,14,28,19,0,61,0,2,3,0,5,14,30,22,0,66,10,0,10,76
12/30/2010,PSC,WA,ANM,WE,Combined TRACON& Tower with Radar,19,21,10,0,50,0,2,26,1,29,19,23,36,1,79,36,0,36,115
12/31/2010,PSC,WA,ANM,WE,Combined TRACON& Tower with Radar,13,21,5,0,39,0,3,26,0,29,13,24,31,0,68,52,0,52,120
01/01/2011,PSC,WA,ANM,WE,Combined TRACON& Tower with Radar,14,13,5,0,32,0,0,25,0,25,14,13,30,0,57,7,0,7,64
01/02/2011,PSC,WA,ANM,WE,Combined TRACON& Tower with Radar,20,11,11,0,42,0,0,20,0,20,20,11,31,0,62,30,0,30,92
01/03/2011,PSC,WA,ANM,WE,Combined TRACON& Tower with Radar,17,24,16,0,57,0,3,10,0,13,17,27,26,0,70,30,0,30,100
01/04/2011,PSC,WA,ANM,WE,Combined TRACON& Tower with Radar,19,16,18,0,53,0,1,10,0,11,19,17,28,0,64,14,0,14,78
01/05/2011,PSC,WA,ANM,WE,Combined TRACON& Tower with Radar,17,20,30,0,67,0,1,11,0,12,17,21,41,0,79,6,0,6,85
01/06/2011,PSC,WA,ANM,WE,Combined TRACON& Tower with Radar,22,23,16,4,65,0,1,25,0,26,22,24,41,4,91,44,57,101,192
01/07/2011,PSC,WA,ANM,WE,Combined TRACON& Tower with Radar,13,25,18,19,75,0,3,16,0,19,13,28,34,19,94,16,16,32,126
01/08/2011,PSC,WA,ANM,WE,Combined TRACON& Tower with Radar,12,12,20,0,44,0,5,41,0,46,12,17,61,0,90,57,0,57,147
01/09/2011,PSC,WA,ANM,WE,Combined TRACON& Tower with Radar,16,13,7,2,38,0,0,8,0,8,16,13,15,2,46,53,0,53,99
01/10/2011,PSC,WA,ANM,WE,Combined TRACON& Tower with Radar,14,17,10,5,46,0,1,14,1,16,14,18,24,6,62,2,0,2,64
01/11/2011,PSC,WA,ANM,WE,Combined TRACON& Tower with Radar,17,19,27,4,67,0,1,19,1,21,17,20,46,5,88,42,6,48,136
01/12/2011,PSC,WA,ANM,WE,Combined TRACON& Tower with Radar,13,23,18,2,56,0,1,9,1,11,13,24,27,3,67,8,0,8,75
01/13/2011,PSC,WA,ANM,WE,Combined TRACON& Tower with Radar,22,25,19,36,102,0,7,10,2,19,22,32,29,38,121,14,68,82,203
01/14/2011,PSC,WA,ANM,WE,Combined TRACON& Tower with Radar,16,17,16,2,51,0,3,17,0,20,16,20,33,2,71,5,0,5,76
01/15/2011,PSC,WA,ANM,WE,Combined TRACON& Tower with Radar,14,13,16,0,43,0,2,18,1,21,14,15,34,1,64,19,0,19,83
01/16/2011,PSC,WA,ANM,WE,Combined TRACON& Tower with Radar,17,12,8,0,37,0,0,1,0,1,17,12,9,0,38,0,0,0,38
01/17/2011,PSC,WA,ANM,WE,Combined TRACON& Tower with Radar,13,20,7,0,40,0,0,3,0,3,13,20,10,0,43,6,0,6,49
01/18/2011,PSC,WA,ANM,WE,Combined TRACON& Tower with Radar,18,23,11,6,58,0,0,19,0,19,18,23,30,6,77,46,100,146,223
01/19/2011,PSC,WA,ANM,WE,Combined TRACON& Tower with Radar,17,19,15,2,53,0,3,43,0,46,17,22,58,2,99,42,0,42,141
01/20/2011,PSC,WA,ANM,WE,Combined TRACON& Tower with Radar,22,20,15,12,69,0,2,31,4,37,22,22,46,16,106,44,0,44,150
01/21/2011,PSC,WA,ANM,WE,Combined TRACON& Tower with Radar,21,21,13,7,62,2,1,9,0,12,23,22,22,7,74,49,43,92,166
01/22/2011,PSC,WA,ANM,WE,Combined TRACON& Tower with Radar,14,13,10,5,42,0,10,57,1,68,14,23,67,6,110,68,18,86,196
01/23/2011,PSC,WA,ANM,WE,Combined TRACON& Tower with Radar,19,15,17,0,51,0,0,38,0,38,19,15,55,0,89,35,0,35,124
01/24/2011,PSC,WA,ANM,WE,Combined TRACON& Tower with Radar,13,16,18,5,52,0,3,11,1,15,13,19,29,6,67,25,18,43,110
01/25/2011,PSC,WA,ANM,WE,Combined TRACON& Tower with Radar,17,20,15,7,59,0,2,13,0,15,17,22,28,7,74,42,96,138,212
01/26/2011,PSC,WA,ANM,WE,Combined TRACON& Tower with Radar,14,27,26,0,67,0,0,0,0,0,14,27,26,0,67,0,0,0,67
01/27/2011,PSC,WA,ANM,WE,Combined TRACON& Tower with Radar,22,22,21,2,67,0,1,0,0,1,22,23,21,2,68,0,0,0,68
01/28/2011,PSC,WA,ANM,WE,Combined TRACON& Tower with Radar,14,25,13,12,64,0,2,7,1,10,14,27,20,13,74,32,0,32,106
01/29/2011,PSC,WA,ANM,WE,Combined TRACON& Tower with Radar,14,14,9,0,37,0,1,27,0,28,14,15,36,0,65,95,0,95,160
01/30/2011,PSC,WA,ANM,WE,Combined TRACON& Tower with Radar,19,14,8,0,41,0,0,18,0,18,19,14,26,0,59,72,0,72,131
01/31/2011,PSC,WA,ANM,WE,Combined TRACON& Tower with Radar,16,18,17,0,51,0,2,16,0,18,16,20,33,0,69,18,0,18,87
02/01/2011,PSC,WA,ANM,WE,Combined TRACON& Tower with Radar,17,19,18,16,70,0,0,53,0,53,17,19,71,16,123,40,22,62,185
02/02/2011,PSC,WA,ANM,WE,Combined TRACON& Tower with Radar,16,20,7,2,45,0,2,12,0,14,16,22,19,2,59,2,0,2,61
02/03/2011,PSC,WA,ANM,WE,Combined TRACON& Tower with Radar,18,18,24,5,65,0,10,25,2,37,18,28,49,7,102,32,0,32,134
02/04/2011,PSC,WA,ANM,WE,Combined TRACON& Tower with Radar,20,21,14,2,57,0,2,17,0,19,20,23,31,2,76,14,10,24,100
02/05/2011,PSC,WA,ANM,WE,Combined TRACON& Tower with Radar,12,11,11,0,34,0,4,41,0,45,12,15,52,0,79,20,0,20,99
02/06/2011,PSC,WA,ANM,WE,Combined TRACON& Tower with Radar,15,16,15,0,46,0,0,45,1,46,15,16,60,1,92,62,0,62,154
02/07/2011,PSC,WA,ANM,WE,Combined TRACON& Tower with Radar,20,19,12,2,53,0,1,3,0,4,20,20,15,2,57,0,16,16,73
02/08/2011,PSC,WA,ANM,WE,Combined TRACON& Tower with Radar,17,21,18,0,56,0,2,23,1,26,17,23,41,1,82,37,2,39,121
02/09/2011,PSC,WA,ANM,WE,Combined TRACON& Tower with Radar,16,18,19,14,67,0,3,38,1,42,16,21,57,15,109,35,29,64,173
02/10/2011,PSC,WA,ANM,WE,Combined TRACON& Tower with Radar,19,20,19,3,61,0,2,22,2,26,19,22,41,5,87,24,36,60,147
02/11/2011,PSC,WA,ANM,WE,Combined TRACON& Tower with Radar,20,23,21,9,73,0,6,40,2,48,20,29,61,11,121,60,47,107,228
02/12/2011,PSC,WA,ANM,WE,Combined TRACON& Tower with Radar,12,12,4,0,28,0,4,37,1,42,12,16,41,1,70,75,0,75,145
02/13/2011,PSC,WA,ANM,WE,Combined TRACON& Tower with Radar,15,13,2,0,30,0,0,38,0,38,15,13,40,0,68,64,2,66,134
02/14/2011,PSC,WA,ANM,WE,Combined TRACON& Tower with Radar,20,17,17,18,72,0,3,16,0,19,20,20,33,18,91,2,77,79,170
02/15/2011,PSC,WA,ANM,WE,Combined TRACON& Tower with Radar,17,23,17,39,96,0,0,7,0,7,17,23,24,39,103,16,24,40,143
02/16/2011,PSC,WA,ANM,WE,Combined TRACON& Tower with Radar,14,23,16,2,55,0,4,17,5,26,14,27,33,7,81,32,12,44,125
02/17/2011,PSC,WA,ANM,WE,Combined TRACON& Tower with Radar,18,18,19,3,58,0,2,34,2,38,18,20,53,5,96,66,18,84,180
02/18/2011,PSC,WA,ANM,WE,Combined TRACON& Tower with Radar,22,17,12,5,56,0,2,56,1,59,22,19,68,6,115,49,42,91,206
02/19/2011,PSC,WA,ANM,WE,Combined TRACON& Tower with Radar,13,12,6,0,31,0,2,25,0,27,13,14,31,0,58,22,0,22,80
02/20/2011,PSC,WA,ANM,WE,Combined TRACON& Tower with Radar,18,12,10,0,40,0,1,48,0,49,18,13,58,0,89,107,4,111,200
02/21/2011,PSC,WA,ANM,WE,Combined TRACON& Tower with Radar,20,16,8,0,44,0,0,31,0,31,20,16,39,0,75,32,0,32,107
02/22/2011,PSC,WA,ANM,WE,Combined TRACON& Tower with Radar,17,22,16,0,55,0,1,1,0,2,17,23,17,0,57,0,0,0,57
02/23/2011,PSC,WA,ANM,WE,Combined TRACON& Tower with Radar,18,23,12,3,56,0,2,9,0,11,18,25,21,3,67,4,0,4,71
02/24/2011,PSC,WA,ANM,WE,Combined TRACON& Tower with Radar,18,20,8,0,46,0,2,7,0,9,18,22,15,0,55,16,0,16,71
02/25/2011,PSC,WA,ANM,WE,Combined TRACON& Tower with Radar,19,22,11,0,52,0,2,33,0,35,19,24,44,0,87,50,0,50,137
02/26/2011,PSC,WA,ANM,WE,Combined TRACON& Tower with Radar,13,11,12,0,36,0,3,36,0,39,13,14,48,0,75,70,0,70,145
02/27/2011,PSC,WA,ANM,WE,Combined TRACON& Tower with Radar,15,16,1,0,32,0,1,4,0,5,15,17,5,0,37,10,0,10,47
02/28/2011,PSC,WA,ANM,WE,Combined TRACON& Tower with Radar,20,21,14,13,68,0,1,2,0,3,20,22,16,13,71,0,0,0,71
03/01/2011,PSC,WA,ANM,WE,Combined TRACON& Tower with Radar,18,22,13,8,61,0,0,1,0,1,18,22,14,8,62,0,0,0,62
03/02/2011,PSC,WA,ANM,WE,Combined TRACON& Tower with Radar,17,21,20,13,71,0,1,6,1,8,17,22,26,14,79,0,10,10,89
03/03/2011,PSC,WA,ANM,WE,Combined TRACON& Tower with Radar,19,19,26,0,64,0,2,29,0,31,19,21,55,0,95,12,0,12,107
03/04/2011,PSC,WA,ANM,WE,Combined TRACON& Tower with Radar,23,19,18,0,60,0,2,29,0,31,23,21,47,0,91,135,6,141,232
03/05/2011,PSC,WA,ANM,WE,Combined TRACON& Tower with Radar,9,11,9,0,29,0,4,27,0,31,9,15,36,0,60,31,0,31,91
03/06/2011,PSC,WA,ANM,WE,Combined TRACON& Tower with Radar,20,10,12,0,42,0,0,36,0,36,20,10,48,0,78,53,0,53,131
03/07/2011,PSC,WA,ANM,WE,Combined TRACON& Tower with Radar,22,20,13,18,73,0,1,29,0,30,22,21,42,18,103,24,28,52,155
03/08/2011,PSC,WA,ANM,WE,Combined TRACON& Tower with Radar,18,21,17,3,59,0,2,15,0,17,18,23,32,3,76,8,0,8,84
03/09/2011,PSC,WA,ANM,WE,Combined TRACON& Tower with Radar,20,20,13,3,56,0,0,10,3,13,20,20,23,6,69,18,16,34,103
03/10/2011,PSC,WA,ANM,WE,Combined TRACON& Tower with Radar,21,21,18,8,68,0,1,10,2,13,21,22,28,10,81,17,26,43,124
03/11/2011,PSC,WA,ANM,WE,Combined TRACON& Tower with Radar,20,23,7,13,63,0,2,36,3,41,20,25,43,16,104,131,43,174,278
03/12/2011,PSC,WA,ANM,WE,Combined TRACON& Tower with Radar,13,11,7,0,31,0,2,23,1,26,13,13,30,1,57,85,0,85,142
03/13/2011,PSC,WA,ANM,WE,Combined TRACON& Tower with Radar,20,14,13,9,56,0,0,24,1,25,20,14,37,10,81,89,12,101,182
03/14/2011,PSC,WA,ANM,WE,Combined TRACON& Tower with Radar,35,32,53,21,141,0,2,27,4,33,35,34,80,25,174,30,25,55,229
03/15/2011,PSC,WA,ANM,WE,Combined TRACON& Tower with Radar,23,26,32,6,87,0,1,22,0,23,23,27,54,6,110,61,22,83,193
03/16/2011,PSC,WA,ANM,WE,Combined TRACON& Tower with Radar,15,19,15,4,53,0,2,22,2,26,15,21,37,6,79,35,0,35,114
03/17/2011,PSC,WA,ANM,WE,Combined TRACON& Tower with Radar,17,20,17,0,54,0,4,36,1,41,17,24,53,1,95,61,0,61,156
03/18/2011,PSC,WA,ANM,WE,Combined TRACON& Tower with Radar,20,19,19,0,58,0,1,33,0,34,20,20,52,0,92,59,0,59,151
03/19/2011,PSC,WA,ANM,WE,Combined TRACON& Tower with Radar,9,10,4,2,25,0,3,25,0,28,9,13,29,2,53,58,0,58,111
03/20/2011,PSC,WA,ANM,WE,Combined TRACON& Tower with Radar,18,7,14,10,49,0,0,14,0,14,18,7,28,10,63,25,0,25,88
03/21/2011,PSC,WA,ANM,WE,Combined TRACON& Tower with Radar,23,20,20,0,63,0,1,4,0,5,23,21,24,0,68,10,0,10,78
03/22/2011,PSC,WA,ANM,WE,Combined TRACON& Tower with Radar,18,18,17,12,65,0,0,27,2,29,18,18,44,14,94,38,0,38,132
03/23/2011,PSC,WA,ANM,WE,Combined TRACON& Tower with Radar,24,29,17,34,104,0,2,28,3,33,24,31,45,37,137,20,0,20,157
03/24/2011,PSC,WA,ANM,WE,Combined TRACON& Tower with Radar,18,20,11,0,49,0,4,30,0,34,18,24,41,0,83,19,0,19,102
03/25/2011,PSC,WA,ANM,WE,Combined TRACON& Tower with Radar,19,21,20,0,60,0,2,27,0,29,19,23,47,0,89,71,0,71,160
03/26/2011,PSC,WA,ANM,WE,Combined TRACON& Tower with Radar,7,13,5,0,25,0,1,24,1,26,7,14,29,1,51,49,0,49,100
03/27/2011,PSC,WA,ANM,WE,Combined TRACON& Tower with Radar,16,16,11,0,43,0,0,16,0,16,16,16,27,0,59,55,0,55,114
03/28/2011,PSC,WA,ANM,WE,Combined TRACON& Tower with Radar,18,22,9,0,49,0,1,24,0,25,18,23,33,0,74,37,0,37,111
03/29/2011,PSC,WA,ANM,WE,Combined TRACON& Tower with Radar,14,22,11,10,57,0,2,17,5,24,14,24,28,15,81,54,0,54,135
03/30/2011,PSC,WA,ANM,WE,Combined TRACON& Tower with Radar,17,20,14,4,55,0,2,14,4,20,17,22,28,8,75,8,64,72,147
03/31/2011,PSC,WA,ANM,WE,Combined TRACON& Tower with Radar,18,21,12,2,53,0,1,5,5,11,18,22,17,7,64,11,0,11,75
04/01/2011,PSC,WA,ANM,WE,Combined TRACON& Tower with Radar,16,21,12,0,49,0,2,42,0,44,16,23,54,0,93,129,0,129,222
04/02/2011,PSC,WA,ANM,WE,Combined TRACON& Tower with Radar,13,13,3,6,35,0,1,7,0,8,13,14,10,6,43,28,0,28,71
04/03/2011,PSC,WA,ANM,WE,Combined TRACON& Tower with Radar,12,16,15,0,43,0,1,35,1,37,12,17,50,1,80,67,0,67,147
04/04/2011,PSC,WA,ANM,WE,Combined TRACON& Tower with Radar,16,22,7,0,45,0,1,12,0,13,16,23,19,0,58,10,0,10,68
04/05/2011,PSC,WA,ANM,WE,Combined TRACON& Tower with Radar,13,20,10,0,43,0,2,11,0,13,13,22,21,0,56,18,0,18,74
04/06/2011,PSC,WA,ANM,WE,Combined TRACON& Tower with Radar,14,23,14,8,59,0,2,21,4,27,14,25,35,12,86,4,10,14,100
04/07/2011,PSC,WA,ANM,WE,Combined TRACON& Tower with Radar,16,21,10,2,49,0,3,54,0,57,16,24,64,2,106,61,0,61,167
04/08/2011,PSC,WA,ANM,WE,Combined TRACON& Tower with Radar,16,21,17,1,55,0,2,58,4,64,16,23,75,5,119,121,0,121,240
04/09/2011,PSC,WA,ANM,WE,Combined TRACON& Tower with Radar,13,13,11,0,37,0,1,46,0,47,13,14,57,0,84,95,0,95,179
04/10/2011,PSC,WA,ANM,WE,Combined TRACON& Tower with Radar,12,22,6,0,40,0,0,21,1,22,12,22,27,1,62,39,0,39,101
04/11/2011,PSC,WA,ANM,WE,Combined TRACON& Tower with Radar,18,18,9,2,47,0,1,11,1,13,18,19,20,3,60,0,0,0,60
04/12/2011,PSC,WA,ANM,WE,Combined TRACON& Tower with Radar,15,20,16,0,51,0,2,78,0,80,15,22,94,0,131,140,0,140,271
04/13/2011,PSC,WA,ANM,WE,Combined TRACON& Tower with Radar,12,22,11,7,52,0,3,8,4,15,12,25,19,11,67,24,0,24,91
04/14/2011,PSC,WA,ANM,WE,Combined TRACON& Tower with Radar,15,25,18,16,74,0,0,30,2,32,15,25,48,18,106,51,32,83,189
04/15/2011,PSC,WA,ANM,WE,Combined TRACON& Tower with Radar,18,21,22,2,63,0,0,26,3,29,18,21,48,5,92,28,0,28,120
04/16/2011,PSC,WA,ANM,WE,Combined TRACON& Tower with Radar,16,12,13,0,41,0,1,24,0,25,16,13,37,0,66,58,0,58,124
04/17/2011,PSC,WA,ANM,WE,Combined TRACON& Tower with Radar,11,15,11,0,37,0,0,43,0,43,11,15,54,0,80,110,0,110,190
04/18/2011,PSC,WA,ANM,WE,Combined TRACON& Tower with Radar,15,21,12,11,59,0,0,23,1,24,15,21,35,12,83,41,0,41,124
04/19/2011,PSC,WA,ANM,WE,Combined TRACON& Tower with Radar,13,22,6,0,41,0,0,73,1,74,13,22,79,1,115,168,0,168,283
04/20/2011,PSC,WA,ANM,WE,Combined TRACON& Tower with Radar,15,22,18,6,61,0,0,58,4,62,15,22,76,10,123,123,2,125,248
04/21/2011,PSC,WA,ANM,WE,Combined TRACON& Tower with Radar,16,22,14,2,54,0,0,8,1,9,16,22,22,3,63,42,52,94,157
04/22/2011,PSC,WA,ANM,WE,Combined TRACON& Tower with Radar,16,21,13,0,50,0,0,70,0,70,16,21,83,0,120,156,0,156,276
04/23/2011,PSC,WA,ANM,WE,Combined TRACON& Tower with Radar,14,13,13,0,40,0,2,41,0,43,14,15,54,0,83,155,1,156,239
04/24/2011,PSC,WA,ANM,WE,Combined TRACON& Tower with Radar,13,13,5,0,31,0,0,17,0,17,13,13,22,0,48,21,0,21,69
04/25/2011,PSC,WA,ANM,WE,Combined TRACON& Tower with Radar,15,19,13,0,47,0,1,11,0,12,15,20,24,0,59,36,0,36,95
04/26/2011,PSC,WA,ANM,WE,Combined TRACON& Tower with Radar,13,24,14,11,62,0,2,17,2,21,13,26,31,13,83,112,12,124,207
04/27/2011,PSC,WA,ANM,WE,Combined TRACON& Tower with Radar,12,21,14,0,47,0,2,31,0,33,12,23,45,0,80,6,0,6,86
04/28/2011,PSC,WA,ANM,WE,Combined TRACON& Tower with Radar,16,27,15,6,64,0,3,22,0,25,16,30,37,6,89,73,0,73,162
04/29/2011,PSC,WA,ANM,WE,Combined TRACON& Tower with Radar,16,22,15,4,57,0,4,31,0,35,16,26,46,4,92,44,2,46,138
04/30/2011,PSC,WA,ANM,WE,Combined TRACON& Tower with Radar,13,10,13,0,36,0,2,63,0,65,13,12,76,0,101,120,0,120,221
05/01/2011,PSC,WA,ANM,WE,Combined TRACON& Tower with Radar,14,14,11,0,39,0,0,59,1,60,14,14,70,1,99,116,0,116,215
05/02/2011,PSC,WA,ANM,WE,Combined TRACON& Tower with Radar,16,22,21,14,73,0,0,15,1,16,16,22,36,15,89,10,38,48,137
05/03/2011,PSC,WA,ANM,WE,Combined TRACON& Tower with Radar,13,32,13,32,90,0,0,28,0,28,13,32,41,32,118,30,34,64,182
05/04/2011,PSC,WA,ANM,WE,Combined TRACON& Tower with Radar,13,26,14,10,63,0,0,53,3,56,13,26,67,13,119,20,0,20,139
05/05/2011,PSC,WA,ANM,WE,Combined TRACON& Tower with Radar,14,24,10,2,50,0,2,28,2,32,14,26,38,4,82,51,0,51,133
05/06/2011,PSC,WA,ANM,WE,Combined TRACON& Tower with Radar,16,24,18,0,58,0,0,38,0,38,16,24,56,0,96,130,0,130,226
05/07/2011,PSC,WA,ANM,WE,Combined TRACON& Tower with Radar,14,17,5,0,36,0,2,9,1,12,14,19,14,1,48,75,0,75,123
05/08/2011,PSC,WA,ANM,WE,Combined TRACON& Tower with Radar,14,12,8,0,34,0,0,22,2,24,14,12,30,2,58,43,0,43,101
05/09/2011,PSC,WA,ANM,WE,Combined TRACON& Tower with Radar,18,22,10,0,50,0,0,14,0,14,18,22,24,0,64,141,0,141,205
05/10/2011,PSC,WA,ANM,WE,Combined TRACON& Tower with Radar,15,22,12,17,66,0,0,54,1,55,15,22,66,18,121,174,55,229,350
05/11/2011,PSC,WA,ANM,WE,Combined TRACON& Tower with Radar,14,22,9,6,51,0,0,25,1,26,14,22,34,7,77,16,4,20,97
05/12/2011,PSC,WA,ANM,WE,Combined TRACON& Tower with Radar,15,23,15,0,53,0,0,41,0,41,15,23,56,0,94,61,0,61,155
05/13/2011,PSC,WA,ANM,WE,Combined TRACON& Tower with Radar,17,23,11,2,53,0,0,53,1,54,17,23,64,3,107,41,0,41,148
05/14/2011,PSC,WA,ANM,WE,Combined TRACON& Tower with Radar,14,13,8,4,39,0,2,23,0,25,14,15,31,4,64,83,0,83,147
05/15/2011,PSC,WA,ANM,WE,Combined TRACON& Tower with Radar,14,14,7,2,37,0,0,7,0,7,14,14,14,2,44,30,0,30,74
05/16/2011,PSC,WA,ANM,WE,Combined TRACON& Tower with Radar,20,20,7,0,47,2,0,16,0,18,22,20,23,0,65,96,0,96,161
05/17/2011,PSC,WA,ANM,WE,Combined TRACON& Tower with Radar,15,21,7,14,57,0,2,57,1,60,15,23,64,15,117,94,10,104,221
05/18/2011,PSC,WA,ANM,WE,Combined TRACON& Tower with Radar,14,24,12,2,52,0,4,42,0,46,14,28,54,2,98,50,0,50,148
05/19/2011,PSC,WA,ANM,WE,Combined TRACON& Tower with Radar,16,21,19,0,56,0,1,50,1,52,16,22,69,1,108,31,0,31,139
05/20/2011,PSC,WA,ANM,WE,Combined TRACON& Tower with Radar,19,22,14,0,55,0,2,98,0,100,19,24,112,0,155,73,0,73,228
05/21/2011,PSC,WA,ANM,WE,Combined TRACON& Tower with Radar,16,15,9,0,40,0,1,62,2,65,16,16,71,2,105,43,0,43,148
05/22/2011,PSC,WA,ANM,WE,Combined TRACON& Tower with Radar,14,14,18,0,46,0,0,43,1,44,14,14,61,1,90,67,0,67,157
05/23/2011,PSC,WA,ANM,WE,Combined TRACON& Tower with Radar,18,21,14,0,53,0,0,25,0,25,18,21,39,0,78,90,0,90,168
05/24/2011,PSC,WA,ANM,WE,Combined TRACON& Tower with Radar,17,20,11,2,50,0,0,34,0,34,17,20,45,2,84,106,0,106,190
05/25/2011,PSC,WA,ANM,WE,Combined TRACON& Tower with Radar,13,29,23,8,73,0,0,19,3,22,13,29,42,11,95,43,0,43,138
05/26/2011,PSC,WA,ANM,WE,Combined TRACON& Tower with Radar,16,23,13,0,52,0,0,18,0,18,16,23,31,0,70,6,0,6,76
05/27/2011,PSC,WA,ANM,WE,Combined TRACON& Tower with Radar,17,20,8,0,45,0,1,31,0,32,17,21,39,0,77,20,0,20,97
05/28/2011,PSC,WA,ANM,WE,Combined TRACON& Tower with Radar,14,11,10,0,35,0,2,59,0,61,14,13,69,0,96,74,0,74,170
05/29/2011,PSC,WA,ANM,WE,Combined TRACON& Tower with Radar,17,10,6,0,33,0,0,35,0,35,17,10,41,0,68,62,0,62,130
05/30/2011,PSC,WA,ANM,WE,Combined TRACON& Tower with Radar,15,17,6,0,38,0,0,50,1,51,15,17,56,1,89,109,0,109,198
05/31/2011,PSC,WA,ANM,WE,Combined TRACON& Tower with Radar,13,26,15,0,54,0,0,29,0,29,13,26,44,0,83,46,0,46,129
06/01/2011,PSC,WA,ANM,WE,Combined TRACON& Tower with Radar,12,26,13,7,58,0,1,15,14,30,12,27,28,21,88,22,54,76,164
06/02/2011,PSC,WA,ANM,WE,Combined TRACON& Tower with Radar,16,23,12,4,55,0,0,27,0,27,16,23,39,4,82,54,0,54,136
06/03/2011,PSC,WA,ANM,WE,Combined TRACON& Tower with Radar,16,24,17,10,67,0,1,64,1,66,16,25,81,11,133,66,0,66,199
06/04/2011,PSC,WA,ANM,WE,Combined TRACON& Tower with Radar,14,14,11,0,39,0,1,71,0,72,14,15,82,0,111,113,0,113,224
06/05/2011,PSC,WA,ANM,WE,Combined TRACON& Tower with Radar,18,14,11,0,43,0,0,50,0,50,18,14,61,0,93,23,0,23,116
06/06/2011,PSC,WA,ANM,WE,Combined TRACON& Tower with Radar,17,24,10,0,51,0,0,30,0,30,17,24,40,0,81,26,0,26,107
06/07/2011,PSC,WA,ANM,WE,Combined TRACON& Tower with Radar,16,23,18,12,69,0,0,15,3,18,16,23,33,15,87,10,22,32,119
06/08/2011,PSC,WA,ANM,WE,Combined TRACON& Tower with Radar,13,24,9,0,46,0,1,37,0,38,13,25,46,0,84,45,0,45,129
06/09/2011,PSC,WA,ANM,WE,Combined TRACON& Tower with Radar,23,23,10,0,56,0,1,57,2,60,23,24,67,2,116,108,0,108,224
06/10/2011,PSC,WA,ANM,WE,Combined TRACON& Tower with Radar,15,23,17,4,59,0,1,39,0,40,15,24,56,4,99,14,0,14,113
06/11/2011,PSC,WA,ANM,WE,Combined TRACON& Tower with Radar,12,17,6,0,35,0,1,65,1,67,12,18,71,1,102,58,0,58,160
06/12/2011,PSC,WA,ANM,WE,Combined TRACON& Tower with Radar,21,12,5,2,40,0,0,42,0,42,21,12,47,2,82,61,0,61,143
06/13/2011,PSC,WA,ANM,WE,Combined TRACON& Tower with Radar,20,20,10,3,53,1,0,12,0,13,21,20,22,3,66,90,18,108,174
06/14/2011,PSC,WA,ANM,WE,Combined TRACON& Tower with Radar,15,26,19,0,60,0,0,42,0,42,15,26,61,0,102,69,0,69,171
06/15/2011,PSC,WA,ANM,WE,Combined TRACON& Tower with Radar,15,24,9,2,50,0,1,46,3,50,15,25,55,5,100,16,0,16,116
06/16/2011,PSC,WA,ANM,WE,Combined TRACON& Tower with Radar,16,23,17,0,56,0,0,58,1,59,16,23,75,1,115,54,0,54,169
06/17/2011,PSC,WA,ANM,WE,Combined TRACON& Tower with Radar,20,22,18,2,62,0,0,60,0,60,20,22,78,2,122,48,10,58,180
06/18/2011,PSC,WA,ANM,WE,Combined TRACON& Tower with Radar,12,19,13,0,44,0,2,31,0,33,12,21,44,0,77,80,0,80,157
06/19/2011,PSC,WA,ANM,WE,Combined TRACON& Tower with Radar,19,17,10,0,46,0,1,42,1,44,19,18,52,1,90,39,0,39,129
06/20/2011,PSC,WA,ANM,WE,Combined TRACON& Tower with Radar,20,20,11,1,52,0,0,52,0,52,20,20,63,1,104,82,0,82,186
06/21/2011,PSC,WA,ANM,WE,Combined TRACON& Tower with Radar,15,22,16,4,57,0,0,61,0,61,15,22,77,4,118,71,12,83,201
06/22/2011,PSC,WA,ANM,WE,Combined TRACON& Tower with Radar,15,22,11,1,49,0,0,61,4,65,15,22,72,5,114,28,0,28,142
06/23/2011,PSC,WA,ANM,WE,Combined TRACON& Tower with Radar,17,24,5,9,55,0,1,37,3,41,17,25,42,12,96,21,18,39,135
06/24/2011,PSC,WA,ANM,WE,Combined TRACON& Tower with Radar,23,22,16,0,61,0,1,69,0,70,23,23,85,0,131,87,0,87,218
06/25/2011,PSC,WA,ANM,WE,Combined TRACON& Tower with Radar,10,18,2,0,30,0,1,43,1,45,10,19,45,1,75,47,0,47,122
06/26/2011,PSC,WA,ANM,WE,Combined TRACON& Tower with Radar,19,12,6,0,37,0,5,62,2,69,19,17,68,2,106,112,0,112,218
06/27/2011,PSC,WA,ANM,WE,Combined TRACON& Tower with Radar,18,23,10,9,60,0,0,44,3,47,18,23,54,12,107,95,0,95,202
06/28/2011,PSC,WA,ANM,WE,Combined TRACON& Tower with Radar,15,24,11,0,50,0,3,66,0,69,15,27,77,0,119,29,0,29,148
06/29/2011,PSC,WA,ANM,WE,Combined TRACON& Tower with Radar,16,26,20,0,62,0,1,28,1,30,16,27,48,1,92,39,0,39,131
06/30/2011,PSC,WA,ANM,WE,Combined TRACON& Tower with Radar,21,25,12,5,63,0,0,55,1,56,21,25,67,6,119,30,0,30,149
07/01/2011,PSC,WA,ANM,WE,Combined TRACON& Tower with Radar,19,22,13,0,54,0,0,87,2,89,19,22,100,2,143,110,0,110,253
07/02/2011,PSC,WA,ANM,WE,Combined TRACON& Tower with Radar,12,15,3,0,30,0,1,81,2,84,12,16,84,2,114,47,0,47,161
07/03/2011,PSC,WA,ANM,WE,Combined TRACON& Tower with Radar,18,7,8,0,33,0,0,34,0,34,18,7,42,0,67,38,0,38,105
07/04/2011,PSC,WA,ANM,WE,Combined TRACON& Tower with Radar,18,9,18,0,45,0,0,33,0,33,18,9,51,0,78,17,0,17,95
07/05/2011,PSC,WA,ANM,WE,Combined TRACON& Tower with Radar,15,20,9,3,47,0,0,44,0,44,15,20,53,3,91,54,0,54,145
07/06/2011,PSC,WA,ANM,WE,Combined TRACON& Tower with Radar,15,22,15,0,52,0,0,57,0,57,15,22,72,0,109,92,0,92,201
07/07/2011,PSC,WA,ANM,WE,Combined TRACON& Tower with Radar,20,20,21,12,73,0,0,37,1,38,20,20,58,13,111,48,12,60,171
07/08/2011,PSC,WA,ANM,WE,Combined TRACON& Tower with Radar,19,19,5,3,46,0,0,29,0,29,19,19,34,3,75,69,28,97,172
07/09/2011,PSC,WA,ANM,WE,Combined TRACON& Tower with Radar,11,17,5,0,33,0,0,49,0,49,11,17,54,0,82,80,0,80,162
07/10/2011,PSC,WA,ANM,WE,Combined TRACON& Tower with Radar,19,11,3,6,39,0,0,29,4,33,19,11,32,10,72,49,2,51,123
07/11/2011,PSC,WA,ANM,WE,Combined TRACON& Tower with Radar,21,18,14,0,53,0,0,31,3,34,21,18,45,3,87,18,1,19,106
07/12/2011,PSC,WA,ANM,WE,Combined TRACON& Tower with Radar,16,20,15,0,51,0,0,47,2,49,16,20,62,2,100,84,0,84,184
07/13/2011,PSC,WA,ANM,WE,Combined TRACON& Tower with Radar,11,15,7,10,43,4,1,39,7,51,15,16,46,17,94,48,44,92,186
07/14/2011,PSC,WA,ANM,WE,Combined TRACON& Tower with Radar,21,22,13,8,64,0,2,41,3,46,21,24,54,11,110,75,54,129,239
07/15/2011,PSC,WA,ANM,WE,Combined TRACON& Tower with Radar,19,22,17,0,58,0,0,52,0,52,19,22,69,0,110,92,0,92,202
07/16/2011,PSC,WA,ANM,WE,Combined TRACON& Tower with Radar,11,18,10,4,43,0,3,29,0,32,11,21,39,4,75,29,0,29,104
07/17/2011,PSC,WA,ANM,WE,Combined TRACON& Tower with Radar,19,13,6,0,38,0,2,37,0,39,19,15,43,0,77,33,0,33,110
07/18/2011,PSC,WA,ANM,WE,Combined TRACON& Tower with Radar,19,20,9,8,56,0,0,44,0,44,19,20,53,8,100,74,0,74,174
07/19/2011,PSC,WA,ANM,WE,Combined TRACON& Tower with Radar,16,27,7,0,50,0,0,20,0,20,16,27,27,0,70,62,0,62,132
07/20/2011,PSC,WA,ANM,WE,Combined TRACON& Tower with Radar,15,20,7,0,42,0,0,36,2,38,15,20,43,2,80,68,0,68,148
07/21/2011,PSC,WA,ANM,WE,Combined TRACON& Tower with Radar,19,22,20,0,61,0,0,53,0,53,19,22,73,0,114,71,0,71,185
07/22/2011,PSC,WA,ANM,WE,Combined TRACON& Tower with Radar,21,20,11,1,53,0,0,71,22,93,21,20,82,23,146,94,24,118,264
07/23/2011,PSC,WA,ANM,WE,Combined TRACON& Tower with Radar,11,17,17,0,45,0,1,51,0,52,11,18,68,0,97,65,0,65,162
07/24/2011,PSC,WA,ANM,WE,Combined TRACON& Tower with Radar,19,12,13,0,44,0,1,41,0,42,19,13,54,0,86,73,0,73,159
07/25/2011,PSC,WA,ANM,WE,Combined TRACON& Tower with Radar,18,19,8,0,45,0,2,15,0,17,18,21,23,0,62,0,0,0,62
07/26/2011,PSC,WA,ANM,WE,Combined TRACON& Tower with Radar,13,20,22,0,55,0,1,43,5,49,13,21,65,5,104,108,0,108,212
07/27/2011,PSC,WA,ANM,WE,Combined TRACON& Tower with Radar,19,21,17,0,57,0,1,56,0,57,19,22,73,0,114,33,0,33,147
07/28/2011,PSC,WA,ANM,WE,Combined TRACON& Tower with Radar,19,23,19,0,61,0,0,69,3,72,19,23,88,3,133,28,0,28,161
07/29/2011,PSC,WA,ANM,WE,Combined TRACON& Tower with Radar,19,22,12,0,53,0,0,79,1,80,19,22,91,1,133,49,0,49,182
07/30/2011,PSC,WA,ANM,WE,Combined TRACON& Tower with Radar,13,16,5,2,36,0,1,104,1,106,13,17,109,3,142,4,21,25,167
07/31/2011,PSC,WA,ANM,WE,Combined TRACON& Tower with Radar,19,12,14,0,45,0,11,111,1,123,19,23,125,1,168,78,11,89,257
08/01/2011,PSC,WA,ANM,WE,Combined TRACON& Tower with Radar,19,22,11,3,55,0,0,42,0,42,19,22,53,3,97,19,0,19,116
08/02/2011,PSC,WA,ANM,WE,Combined TRACON& Tower with Radar,15,22,23,2,62,0,0,49,0,49,15,22,72,2,111,20,0,20,131
08/03/2011,PSC,WA,ANM,WE,Combined TRACON& Tower with Radar,15,20,12,0,47,0,0,48,0,48,15,20,60,0,95,58,0,58,153
08/04/2011,PSC,WA,ANM,WE,Combined TRACON& Tower with Radar,17,19,9,0,45,0,0,57,0,57,17,19,66,0,102,74,0,74,176
08/05/2011,PSC,WA,ANM,WE,Combined TRACON& Tower with Radar,19,22,7,4,52,0,2,39,2,43,19,24,46,6,95,37,44,81,176
08/06/2011,PSC,WA,ANM,WE,Combined TRACON& Tower with Radar,12,14,9,0,35,0,3,34,0,37,12,17,43,0,72,64,0,64,136
08/07/2011,PSC,WA,ANM,WE,Combined TRACON& Tower with Radar,17,15,7,0,39,0,1,48,0,49,17,16,55,0,88,99,0,99,187
08/08/2011,PSC,WA,ANM,WE,Combined TRACON& Tower with Radar,19,22,9,4,54,0,0,32,1,33,19,22,41,5,87,55,45,100,187
08/09/2011,PSC,WA,ANM,WE,Combined TRACON& Tower with Radar,15,20,15,0,50,0,0,61,0,61,15,20,76,0,111,42,0,42,153
08/10/2011,PSC,WA,ANM,WE,Combined TRACON& Tower with Radar,13,22,9,0,44,0,2,46,0,48,13,24,55,0,92,26,0,26,118
08/11/2011,PSC,WA,ANM,WE,Combined TRACON& Tower with Radar,19,20,20,1,60,0,0,49,1,50,19,20,69,2,110,91,0,91,201
08/12/2011,PSC,WA,ANM,WE,Combined TRACON& Tower with Radar,19,20,17,4,60,0,0,39,0,39,19,20,56,4,99,60,2,62,161
08/13/2011,PSC,WA,ANM,WE,Combined TRACON& Tower with Radar,15,16,8,1,40,0,2,39,2,43,15,18,47,3,83,62,0,62,145
08/14/2011,PSC,WA,ANM,WE,Combined TRACON& Tower with Radar,19,14,9,3,45,0,0,55,0,55,19,14,64,3,100,100,2,102,202
08/15/2011,PSC,WA,ANM,WE,Combined TRACON& Tower with Radar,19,18,12,1,50,0,0,38,0,38,19,18,50,1,88,87,37,124,212
08/16/2011,PSC,WA,ANM,WE,Combined TRACON& Tower with Radar,16,19,12,3,50,0,0,58,3,61,16,19,70,6,111,79,12,91,202
08/17/2011,PSC,WA,ANM,WE,Combined TRACON& Tower with Radar,16,19,11,0,46,0,0,42,0,42,16,19,53,0,88,84,0,84,172
08/18/2011,PSC,WA,ANM,WE,Combined TRACON& Tower with Radar,18,17,12,0,47,0,0,51,1,52,18,17,63,1,99,86,0,86,185
08/19/2011,PSC,WA,ANM,WE,Combined TRACON& Tower with Radar,22,21,7,0,50,0,1,51,0,52,22,22,58,0,102,94,0,94,196
08/20/2011,PSC,WA,ANM,WE,Combined TRACON& Tower with Radar,14,12,3,3,32,0,1,58,1,60,14,13,61,4,92,48,0,48,140
08/21/2011,PSC,WA,ANM,WE,Combined TRACON& Tower with Radar,20,10,7,0,37,0,0,46,0,46,20,10,53,0,83,62,0,62,145
08/22/2011,PSC,WA,ANM,WE,Combined TRACON& Tower with Radar,22,19,5,4,50,0,0,28,0,28,22,19,33,4,78,22,13,35,113
08/23/2011,PSC,WA,ANM,WE,Combined TRACON& Tower with Radar,17,19,17,2,55,0,0,35,0,35,17,19,52,2,90,30,17,47,137
08/24/2011,PSC,WA,ANM,WE,Combined TRACON& Tower with Radar,16,18,6,2,42,0,0,42,0,42,16,18,48,2,84,30,0,30,114
08/25/2011,PSC,WA,ANM,WE,Combined TRACON& Tower with Radar,20,16,8,0,44,0,1,26,0,27,20,17,34,0,71,104,0,104,175
08/26/2011,PSC,WA,ANM,WE,Combined TRACON& Tower with Radar,22,18,9,0,49,0,0,40,0,40,22,18,49,0,89,48,0,48,137
08/27/2011,PSC,WA,ANM,WE,Combined TRACON& Tower with Radar,15,12,5,0,32,0,0,55,1,56,15,12,60,1,88,98,0,98,186
08/28/2011,PSC,WA,ANM,WE,Combined TRACON& Tower with Radar,18,10,2,0,30,0,0,33,0,33,18,10,35,0,63,58,0,58,121
08/29/2011,PSC,WA,ANM,WE,Combined TRACON& Tower with Radar,22,15,17,0,54,0,0,56,1,57,22,15,73,1,111,52,0,52,163
08/30/2011,PSC,WA,ANM,WE,Combined TRACON& Tower with Radar,19,16,11,0,46,0,1,47,2,50,19,17,58,2,96,92,0,92,188
08/31/2011,PSC,WA,ANM,WE,Combined TRACON& Tower with Radar,17,17,15,0,49,0,0,38,1,39,17,17,53,1,88,79,0,79,167
09/01/2011,PSC,WA,ANM,WE,Combined TRACON& Tower with Radar,20,15,25,1,61,0,0,61,0,61,20,15,86,1,122,56,54,110,232
09/02/2011,PSC,WA,ANM,WE,Combined TRACON& Tower with Radar,26,18,13,0,57,0,1,52,0,53,26,19,65,0,110,74,0,74,184
09/03/2011,PSC,WA,ANM,WE,Combined TRACON& Tower with Radar,16,9,3,0,28,0,1,47,0,48,16,10,50,0,76,161,0,161,237
09/04/2011,PSC,WA,ANM,WE,Combined TRACON& Tower with Radar,15,5,7,0,27,0,0,26,0,26,15,5,33,0,53,48,0,48,101
09/05/2011,PSC,WA,ANM,WE,Combined TRACON& Tower with Radar,20,11,10,0,41,0,0,54,0,54,20,11,64,0,95,104,0,104,199
09/06/2011,PSC,WA,ANM,WE,Combined TRACON& Tower with Radar,20,17,26,0,63,0,1,37,0,38,20,18,63,0,101,54,0,54,155
09/07/2011,PSC,WA,ANM,WE,Combined TRACON& Tower with Radar,17,17,12,0,46,0,0,22,0,22,17,17,34,0,68,44,0,44,112
09/08/2011,PSC,WA,ANM,WE,Combined TRACON& Tower with Radar,21,13,9,2,45,0,2,30,0,32,21,15,39,2,77,72,28,100,177
09/09/2011,PSC,WA,ANM,WE,Combined TRACON& Tower with Radar,20,20,9,4,53,0,0,57,0,57,20,20,66,4,110,31,0,31,141
09/10/2011,PSC,WA,ANM,WE,Combined TRACON& Tower with Radar,15,10,7,0,32,0,1,51,3,55,15,11,58,3,87,131,2,133,220
09/11/2011,PSC,WA,ANM,WE,Combined TRACON& Tower with Radar,17,13,16,0,46,0,0,57,0,57,17,13,73,0,103,127,0,127,230
09/12/2011,PSC,WA,ANM,WE,Combined TRACON& Tower with Radar,19,14,8,11,52,0,0,43,7,50,19,14,51,18,102,62,76,138,240
09/13/2011,PSC,WA,ANM,WE,Combined TRACON& Tower with Radar,18,20,17,0,55,0,0,41,3,44,18,20,58,3,99,76,0,76,175
09/14/2011,PSC,WA,ANM,WE,Combined TRACON& Tower with Radar,19,16,21,2,58,0,0,39,1,40,19,16,60,3,98,166,0,166,264
09/15/2011,PSC,WA,ANM,WE,Combined TRACON& Tower with Radar,20,16,22,4,62,0,0,37,1,38,20,16,59,5,100,127,44,171,271
09/16/2011,PSC,WA,ANM,WE,Combined TRACON& Tower with Radar,19,15,15,0,49,0,1,44,0,45,19,16,59,0,94,211,0,211,305
09/17/2011,PSC,WA,ANM,WE,Combined TRACON& Tower with Radar,17,8,6,0,31,0,2,34,0,36,17,10,40,0,67,198,0,198,265
09/18/2011,PSC,WA,ANM,WE,Combined TRACON& Tower with Radar,17,10,11,0,38,0,0,30,0,30,17,10,41,0,68,190,0,190,258
09/19/2011,PSC,WA,ANM,WE,Combined TRACON& Tower with Radar,20,13,12,0,45,0,0,32,0,32,20,13,44,0,77,94,0,94,171
09/20/2011,PSC,WA,ANM,WE,Combined TRACON& Tower with Radar,19,18,6,8,51,0,2,32,3,37,19,20,38,11,88,71,34,105,193
09/21/2011,PSC,WA,ANM,WE,Combined TRACON& Tower with Radar,17,16,15,0,48,0,0,31,2,33,17,16,46,2,81,122,0,122,203
09/22/2011,PSC,WA,ANM,WE,Combined TRACON& Tower with Radar,20,18,9,0,47,0,0,32,0,32,20,18,41,0,79,76,0,76,155
09/23/2011,PSC,WA,ANM,WE,Combined TRACON& Tower with Radar,20,17,16,0,53,0,0,51,0,51,20,17,67,0,104,116,0,116,220
09/24/2011,PSC,WA,ANM,WE,Combined TRACON& Tower with Radar,14,10,9,0,33,0,1,55,0,56,14,11,64,0,89,180,0,180,269
09/25/2011,PSC,WA,ANM,WE,Combined TRACON& Tower with Radar,17,12,7,0,36,0,0,5,0,5,17,12,12,0,41,106,0,106,147
09/26/2011,PSC,WA,ANM,WE,Combined TRACON& Tower with Radar,18,14,6,6,44,0,1,30,2,33,18,15,36,8,77,111,36,147,224
09/27/2011,PSC,WA,ANM,WE,Combined TRACON& Tower with Radar,18,21,6,0,45,0,0,22,0,22,18,21,28,0,67,67,0,67,134
09/28/2011,PSC,WA,ANM,WE,Combined TRACON& Tower with Radar,18,17,16,0,51,0,0,39,0,39,18,17,55,0,90,81,0,81,171
09/29/2011,PSC,WA,ANM,WE,Combined TRACON& Tower with Radar,21,15,13,2,51,0,0,48,0,48,21,15,61,2,99,57,0,57,156
09/30/2011,PSC,WA,ANM,WE,Combined TRACON& Tower with Radar,21,17,14,5,57,0,0,39,0,39,21,17,53,5,96,118,0,118,214
10/01/2011,PSC,WA,ANM,WE,Combined TRACON& Tower with Radar,16,8,8,0,32,0,1,37,0,38,16,9,45,0,70,52,0,52,122
10/02/2011,PSC,WA,ANM,WE,Combined TRACON& Tower with Radar,18,10,10,1,39,0,1,25,0,26,18,11,35,1,65,53,0,53,118
10/03/2011,PSC,WA,ANM,WE,Combined TRACON& Tower with Radar,21,13,10,6,50,0,0,35,0,35,21,13,45,6,85,67,26,93,178
10/04/2011,PSC,WA,ANM,WE,Combined TRACON& Tower with Radar,21,14,14,0,49,0,0,31,0,31,21,14,45,0,80,126,0,126,206
10/05/2011,PSC,WA,ANM,WE,Combined TRACON& Tower with Radar,20,16,21,0,57,0,0,19,0,19,20,16,40,0,76,30,0,30,106
10/06/2011,PSC,WA,ANM,WE,Combined TRACON& Tower with Radar,23,16,18,0,57,0,0,10,0,10,23,16,28,0,67,34,0,34,101
10/07/2011,PSC,WA,ANM,WE,Combined TRACON& Tower with Radar,21,15,9,5,50,0,2,25,0,27,21,17,34,5,77,32,6,38,115
10/08/2011,PSC,WA,ANM,WE,Combined TRACON& Tower with Radar,15,10,24,0,49,0,2,63,0,65,15,12,87,0,114,72,0,72,186
10/09/2011,PSC,WA,ANM,WE,Combined TRACON& Tower with Radar,18,9,4,0,31,0,0,28,0,28,18,9,32,0,59,81,0,81,140
10/10/2011,PSC,WA,ANM,WE,Combined TRACON& Tower with Radar,21,11,9,0,41,0,0,5,0,5,21,11,14,0,46,12,0,12,58
10/11/2011,PSC,WA,ANM,WE,Combined TRACON& Tower with Radar,19,15,20,0,54,0,0,16,0,16,19,15,36,0,70,10,0,10,80
10/12/2011,PSC,WA,ANM,WE,Combined TRACON& Tower with Radar,19,19,16,8,62,0,0,48,2,50,19,19,64,10,112,46,58,104,216
10/13/2011,PSC,WA,ANM,WE,Combined TRACON& Tower with Radar,22,16,14,0,52,0,0,50,0,50,22,16,64,0,102,26,0,26,128
10/14/2011,PSC,WA,ANM,WE,Combined TRACON& Tower with Radar,21,16,33,0,70,0,0,59,0,59,21,16,92,0,129,34,0,34,163
10/15/2011,PSC,WA,ANM,WE,Combined TRACON& Tower with Radar,18,11,9,0,38,0,1,37,0,38,18,12,46,0,76,130,0,130,206
10/16/2011,PSC,WA,ANM,WE,Combined TRACON& Tower with Radar,20,9,13,0,42,0,0,17,0,17,20,9,30,0,59,73,0,73,132
10/17/2011,PSC,WA,ANM,WE,Combined TRACON& Tower with Radar,20,12,11,0,43,0,0,41,0,41,20,12,52,0,84,115,0,115,199
10/18/2011,PSC,WA,ANM,WE,Combined TRACON& Tower with Radar,20,14,10,16,60,0,0,32,1,33,20,14,42,17,93,58,38,96,189
10/19/2011,PSC,WA,ANM,WE,Combined TRACON& Tower with Radar,21,15,14,7,57,0,1,29,0,30,21,16,43,7,87,39,42,81,168
10/20/2011,PSC,WA,ANM,WE,Combined TRACON& Tower with Radar,20,17,8,0,45,0,0,20,0,20,20,17,28,0,65,37,0,37,102
10/21/2011,PSC,WA,ANM,WE,Combined TRACON& Tower with Radar,23,14,16,0,53,0,0,25,8,33,23,14,41,8,86,77,0,77,163
10/22/2011,PSC,WA,ANM,WE,Combined TRACON& Tower with Radar,17,9,10,3,39,0,1,9,0,10,17,10,19,3,49,2,12,14,63
10/23/2011,PSC,WA,ANM,WE,Combined TRACON& Tower with Radar,19,10,12,3,44,0,0,47,3,50,19,10,59,6,94,42,8,50,144
10/24/2011,PSC,WA,ANM,WE,Combined TRACON& Tower with Radar,21,12,12,0,45,0,0,19,0,19,21,12,31,0,64,39,0,39,103
10/25/2011,PSC,WA,ANM,WE,Combined TRACON& Tower with Radar,18,18,11,0,47,0,0,45,0,45,18,18,56,0,92,53,0,53,145
10/26/2011,PSC,WA,ANM,WE,Combined TRACON& Tower with Radar,19,19,13,0,51,0,2,38,0,40,19,21,51,0,91,11,0,11,102
10/27/2011,PSC,WA,ANM,WE,Combined TRACON& Tower with Radar,22,15,21,2,60,0,0,52,2,54,22,15,73,4,114,30,0,30,144
10/28/2011,PSC,WA,ANM,WE,Combined TRACON& Tower with Radar,21,19,22,2,64,0,2,23,0,25,21,21,45,2,89,24,0,24,113
10/29/2011,PSC,WA,ANM,WE,Combined TRACON& Tower with Radar,16,8,14,0,38,0,1,50,1,52,16,9,64,1,90,105,0,105,195
10/30/2011,PSC,WA,ANM,WE,Combined TRACON& Tower with Radar,20,7,10,0,37,0,0,26,0,26,20,7,36,0,63,91,1,92,155
10/31/2011,PSC,WA,ANM,WE,Combined TRACON& Tower with Radar,21,11,14,0,46,0,0,23,0,23,21,11,37,0,69,26,0,26,95
11/01/2011,PSC,WA,ANM,WE,Combined TRACON& Tower with Radar,17,16,15,27,75,0,2,20,5,27,17,18,35,32,102,66,40,106,208
11/02/2011,PSC,WA,ANM,WE,Combined TRACON& Tower with Radar,18,19,23,9,69,1,0,25,1,27,19,19,48,10,96,23,22,45,141
11/03/2011,PSC,WA,ANM,WE,Combined TRACON& Tower with Radar,21,15,13,0,49,0,0,22,0,22,21,15,35,0,71,64,0,64,135
11/04/2011,PSC,WA,ANM,WE,Combined TRACON& Tower with Radar,21,14,19,8,62,0,0,19,3,22,21,14,38,11,84,36,52,88,172
11/05/2011,PSC,WA,ANM,WE,Combined TRACON& Tower with Radar,15,9,15,0,39,0,3,52,0,55,15,12,67,0,94,183,0,183,277
11/06/2011,PSC,WA,ANM,WE,Combined TRACON& Tower with Radar,20,10,12,0,42,0,0,41,0,41,20,10,53,0,83,101,0,101,184
11/07/2011,PSC,WA,ANM,WE,Combined TRACON& Tower with Radar,21,13,18,4,56,0,0,39,1,40,21,13,57,5,96,22,46,68,164
11/08/2011,PSC,WA,ANM,WE,Combined TRACON& Tower with Radar,21,17,22,3,63,0,0,37,0,37,21,17,59,3,100,62,0,62,162
11/09/2011,PSC,WA,ANM,WE,Combined TRACON& Tower with Radar,22,17,24,2,65,0,1,30,1,32,22,18,54,3,97,110,33,143,240
11/10/2011,PSC,WA,ANM,WE,Combined TRACON& Tower with Radar,23,15,13,2,53,0,0,66,1,67,23,15,79,3,120,74,0,74,194
11/11/2011,PSC,WA,ANM,WE,Combined TRACON& Tower with Radar,25,14,13,0,52,0,0,9,0,9,25,14,22,0,61,0,0,0,61
11/12/2011,PSC,WA,ANM,WE,Combined TRACON& Tower with Radar,13,11,6,0,30,0,3,12,0,15,13,14,18,0,45,71,0,71,116
11/13/2011,PSC,WA,ANM,WE,Combined TRACON& Tower with Radar,20,10,10,0,40,0,0,3,0,3,20,10,13,0,43,30,0,30,73
11/14/2011,PSC,WA,ANM,WE,Combined TRACON& Tower with Radar,22,14,14,0,50,0,0,15,0,15,22,14,29,0,65,42,0,42,107
11/15/2011,PSC,WA,ANM,WE,Combined TRACON& Tower with Radar,23,16,16,8,63,0,0,34,0,34,23,16,50,8,97,120,8,128,225
11/16/2011,PSC,WA,ANM,WE,Combined TRACON& Tower with Radar,21,17,20,2,60,0,0,10,0,10,21,17,30,2,70,41,0,41,111
11/17/2011,PSC,WA,ANM,WE,Combined TRACON& Tower with Radar,29,28,21,3,81,0,10,12,0,22,29,38,33,3,103,39,0,39,142
11/18/2011,PSC,WA,ANM,WE,Combined TRACON& Tower with Radar,23,13,17,0,53,0,0,22,0,22,23,13,39,0,75,36,0,36,111
11/19/2011,PSC,WA,ANM,WE,Combined TRACON& Tower with Radar,15,13,10,0,38,0,0,0,0,0,15,13,10,0,38,0,0,0,38
11/20/2011,PSC,WA,ANM,WE,Combined TRACON& Tower with Radar,18,10,6,0,34,1,1,15,0,17,19,11,21,0,51,103,0,103,154
11/21/2011,PSC,WA,ANM,WE,Combined TRACON& Tower with Radar,25,13,18,3,59,0,0,15,3,18,25,13,33,6,77,57,12,69,146
11/22/2011,PSC,WA,ANM,WE,Combined TRACON& Tower with Radar,17,16,11,0,44,1,2,4,1,8,18,18,15,1,52,0,0,0,52
11/23/2011,PSC,WA,ANM,WE,Combined TRACON& Tower with Radar,23,14,7,0,44,0,0,14,1,15,23,14,21,1,59,25,0,25,84
11/24/2011,PSC,WA,ANM,WE,Combined TRACON& Tower with Radar,12,8,3,0,23,0,0,7,0,7,12,8,10,0,30,38,0,38,68
11/25/2011,PSC,WA,ANM,WE,Combined TRACON& Tower with Radar,18,11,10,0,39,0,0,27,1,28,18,11,37,1,67,42,0,42,109
11/26/2011,PSC,WA,ANM,WE,Combined TRACON& Tower with Radar,19,14,9,0,42,0,1,36,1,38,19,15,45,1,80,61,0,61,141
11/27/2011,PSC,WA,ANM,WE,Combined TRACON& Tower with Radar,20,10,11,0,41,0,0,32,0,32,20,10,43,0,73,76,0,76,149
11/28/2011,PSC,WA,ANM,WE,Combined TRACON& Tower with Radar,23,15,13,0,51,0,1,29,2,32,23,16,42,2,83,26,0,26,109
11/29/2011,PSC,WA,ANM,WE,Combined TRACON& Tower with Radar,20,14,18,0,52,0,1,21,1,23,20,15,39,1,75,20,0,20,95
11/30/2011,PSC,WA,ANM,WE,Combined TRACON& Tower with Radar,20,15,24,0,59,0,1,47,0,48,20,16,71,0,107,108,1,109,216
12/01/2011,PSC,WA,ANM,WE,Combined TRACON& Tower with Radar,24,15,24,9,72,0,2,36,3,41,24,17,60,12,113,21,14,35,148
12/02/2011,PSC,WA,ANM,WE,Combined TRACON& Tower with Radar,22,17,14,0,53,0,0,13,0,13,22,17,27,0,66,37,0,37,103
12/03/2011,PSC,WA,ANM,WE,Combined TRACON& Tower with Radar,15,10,14,0,39,0,3,29,1,33,15,13,43,1,72,78,0,78,150
12/04/2011,PSC,WA,ANM,WE,Combined TRACON& Tower with Radar,21,10,11,0,42,0,0,24,0,24,21,10,35,0,66,51,0,51,117
12/05/2011,PSC,WA,ANM,WE,Combined TRACON& Tower with Radar,21,17,23,3,64,0,1,31,3,35,21,18,54,6,99,46,22,68,167
12/06/2011,PSC,WA,ANM,WE,Combined TRACON& Tower with Radar,17,15,21,10,63,0,1,2,0,3,17,16,23,10,66,12,8,20,86
12/07/2011,PSC,WA,ANM,WE,Combined TRACON& Tower with Radar,24,12,19,0,55,0,0,24,0,24,24,12,43,0,79,14,0,14,93
12/08/2011,PSC,WA,ANM,WE,Combined TRACON& Tower with Radar,20,25,19,0,64,0,0,0,0,0,20,25,19,0,64,0,0,0,64
12/09/2011,PSC,WA,ANM,WE,Combined TRACON& Tower with Radar,24,18,13,2,57,0,0,0,0,0,24,18,13,2,57,0,0,0,57
12/10/2011,PSC,WA,ANM,WE,Combined TRACON& Tower with Radar,19,16,10,0,45,0,0,0,0,0,19,16,10,0,45,0,0,0,45
12/11/2011,PSC,WA,ANM,WE,Combined TRACON& Tower with Radar,20,11,2,0,33,0,0,0,0,0,20,11,2,0,33,0,0,0,33
12/12/2011,PSC,WA,ANM,WE,Combined TRACON& Tower with Radar,22,18,24,3,67,0,0,3,0,3,22,18,27,3,70,23,4,27,97
12/13/2011,PSC,WA,ANM,WE,Combined TRACON& Tower with Radar,18,20,16,0,54,0,0,6,0,6,18,20,22,0,60,50,0,50,110
12/14/2011,PSC,WA,ANM,WE,Combined TRACON& Tower with Radar,19,15,30,3,67,0,0,10,0,10,19,15,40,3,77,116,0,116,193
12/15/2011,PSC,WA,ANM,WE,Combined TRACON& Tower with Radar,18,16,18,11,63,0,0,6,0,6,18,16,24,11,69,26,0,26,95
12/16/2011,PSC,WA,ANM,WE,Combined TRACON& Tower with Radar,20,17,9,42,88,0,0,4,0,4,20,17,13,42,92,0,6,6,98
12/17/2011,PSC,WA,ANM,WE,Combined TRACON& Tower with Radar,17,18,6,0,41,0,0,0,0,0,17,18,6,0,41,0,0,0,41
12/18/2011,PSC,WA,ANM,WE,Combined TRACON& Tower with Radar,18,10,7,6,41,0,0,0,0,0,18,10,7,6,41,14,0,14,55
12/19/2011,PSC,WA,ANM,WE,Combined TRACON& Tower with Radar,26,15,12,19,72,0,0,0,0,0,26,15,12,19,72,0,0,0,72
12/20/2011,PSC,WA,ANM,WE,Combined TRACON& Tower with Radar,17,19,22,0,58,0,0,2,0,2,17,19,24,0,60,14,0,14,74
12/21/2011,PSC,WA,ANM,WE,Combined TRACON& Tower with Radar,18,13,20,16,67,0,3,69,0,72,18,16,89,16,139,80,5,85,224
12/22/2011,PSC,WA,ANM,WE,Combined TRACON& Tower with Radar,22,14,16,0,52,0,1,20,0,21,22,15,36,0,73,54,0,54,127
12/23/2011,PSC,WA,ANM,WE,Combined TRACON& Tower with Radar,21,19,5,0,45,0,3,28,0,31,21,22,33,0,76,120,0,120,196
12/24/2011,PSC,WA,ANM,WE,Combined TRACON& Tower with Radar,15,12,2,0,29,0,0,11,1,12,15,12,13,1,41,44,0,44,85
12/25/2011,PSC,WA,ANM,WE,Combined TRACON& Tower with Radar,15,8,0,0,23,0,0,6,0,6,15,8,6,0,29,8,0,8,37
12/26/2011,PSC,WA,ANM,WE,Combined TRACON& Tower with Radar,19,10,2,0,31,0,3,40,0,43,19,13,42,0,74,34,0,34,108
12/27/2011,PSC,WA,ANM,WE,Combined TRACON& Tower with Radar,16,20,0,0,36,0,0,17,5,22,16,20,17,5,58,54,0,54,112
12/28/2011,PSC,WA,ANM,WE,Combined TRACON& Tower with Radar,20,17,11,0,48,0,0,7,0,7,20,17,18,0,55,10,0,10,65
12/29/2011,PSC,WA,ANM,WE,Combined TRACON& Tower with Radar,22,18,9,4,53,0,0,22,2,24,22,18,31,6,77,56,8,64,141
12/30/2011,PSC,WA,ANM,WE,Combined TRACON& Tower with Radar,22,15,3,0,40,0,0,11,0,11,22,15,14,0,51,14,0,14,65
12/31/2011,PSC,WA,ANM,WE,Combined TRACON& Tower with Radar,13,11,11,0,35,0,1,43,1,45,13,12,54,1,80,70,0,70,150
01/01/2012,PSC,WA,ANM,WE,Combined TRACON& Tower with Radar,11,12,4,0,27,0,0,24,0,24,11,12,28,0,51,78,0,78,129
01/02/2012,PSC,WA,ANM,WE,Combined TRACON& Tower with Radar,20,11,9,0,40,0,0,27,1,28,20,11,36,1,68,124,0,124,192
01/03/2012,PSC,WA,ANM,WE,Combined TRACON& Tower with Radar,17,17,9,0,43,0,1,14,1,16,17,18,23,1,59,68,0,68,127
01/04/2012,PSC,WA,ANM,WE,Combined TRACON& Tower with Radar,18,19,14,1,52,0,0,19,0,19,18,19,33,1,71,6,0,6,77
01/05/2012,PSC,WA,ANM,WE,Combined TRACON& Tower with Radar,22,18,5,14,59,0,0,14,0,14,22,18,19,14,73,26,10,36,109
01/06/2012,PSC,WA,ANM,WE,Combined TRACON& Tower with Radar,22,15,10,12,59,0,0,34,0,34,22,15,44,12,93,46,0,46,139
01/07/2012,PSC,WA,ANM,WE,Combined TRACON& Tower with Radar,14,10,6,11,41,0,1,58,0,59,14,11,64,11,100,91,18,109,209
01/08/2012,PSC,WA,ANM,WE,Combined TRACON& Tower with Radar,17,13,10,0,40,0,0,36,0,36,17,13,46,0,76,80,0,80,156
01/09/2012,PSC,WA,ANM,WE,Combined TRACON& Tower with Radar,21,17,23,2,63,0,0,5,0,5,21,17,28,2,68,6,14,20,88
01/10/2012,PSC,WA,ANM,WE,Combined TRACON& Tower with Radar,14,23,6,1,44,0,0,27,0,27,14,23,33,1,71,72,0,72,143
01/11/2012,PSC,WA,ANM,WE,Combined TRACON& Tower with Radar,20,16,15,0,51,0,1,16,0,17,20,17,31,0,68,4,0,4,72
01/12/2012,PSC,WA,ANM,WE,Combined TRACON& Tower with Radar,25,18,20,12,75,0,0,49,2,51,25,18,69,14,126,30,0,30,156
01/13/2012,PSC,WA,ANM,WE,Combined TRACON& Tower with Radar,20,20,13,6,59,0,0,24,0,24,20,20,37,6,83,44,6,50,133
01/14/2012,PSC,WA,ANM,WE,Combined TRACON& Tower with Radar,14,10,4,0,28,0,1,30,0,31,14,11,34,0,59,134,0,134,193
01/15/2012,PSC,WA,ANM,WE,Combined TRACON& Tower with Radar,17,12,12,0,41,0,0,30,0,30,17,12,42,0,71,76,0,76,147
01/16/2012,PSC,WA,ANM,WE,Combined TRACON& Tower with Radar,20,14,9,0,43,0,0,12,0,12,20,14,21,0,55,42,0,42,97
01/17/2012,PSC,WA,ANM,WE,Combined TRACON& Tower with Radar,14,23,17,0,54,0,1,1,0,2,14,24,18,0,56,10,0,10,66
01/18/2012,PSC,WA,ANM,WE,Combined TRACON& Tower with Radar,13,16,3,0,32,0,0,0,0,0,13,16,3,0,32,0,0,0,32
01/19/2012,PSC,WA,ANM,WE,Combined TRACON& Tower with Radar,8,15,6,0,29,0,0,0,0,0,8,15,6,0,29,0,0,0,29
01/20/2012,PSC,WA,ANM,WE,Combined TRACON& Tower with Radar,15,21,5,2,43,0,0,1,0,1,15,21,6,2,44,0,0,0,44
01/21/2012,PSC,WA,ANM,WE,Combined TRACON& Tower with Radar,17,15,7,0,39,0,1,0,0,1,17,16,7,0,40,0,0,0,40
01/22/2012,PSC,WA,ANM,WE,Combined TRACON& Tower with Radar,17,15,7,0,39,0,0,3,0,3,17,15,10,0,42,41,0,41,83
01/23/2012,PSC,WA,ANM,WE,Combined TRACON& Tower with Radar,19,14,21,0,54,0,0,17,1,18,19,14,38,1,72,12,0,12,84
01/24/2012,PSC,WA,ANM,WE,Combined TRACON& Tower with Radar,13,21,21,5,60,0,0,3,5,8,13,21,24,10,68,24,11,35,103
01/25/2012,PSC,WA,ANM,WE,Combined TRACON& Tower with Radar,18,23,24,0,65,0,1,16,0,17,18,24,40,0,82,33,0,33,115
01/26/2012,PSC,WA,ANM,WE,Combined TRACON& Tower with Radar,20,20,13,0,53,0,0,25,0,25,20,20,38,0,78,40,0,40,118
01/27/2012,PSC,WA,ANM,WE,Combined TRACON& Tower with Radar,21,19,7,0,47,0,1,33,0,34,21,20,40,0,81,90,0,90,171
01/28/2012,PSC,WA,ANM,WE,Combined TRACON& Tower with Radar,15,8,11,0,34,0,1,38,0,39,15,9,49,0,73,153,0,153,226
01/29/2012,PSC,WA,ANM,WE,Combined TRACON& Tower with Radar,19,12,11,8,50,0,0,32,1,33,19,12,43,9,83,54,40,94,177
01/30/2012,PSC,WA,ANM,WE,Combined TRACON& Tower with Radar,22,17,17,9,65,0,1,23,8,32,22,18,40,17,97,28,37,65,162
01/31/2012,PSC,WA,ANM,WE,Combined TRACON& Tower with Radar,15,18,16,13,62,0,0,36,3,39,15,18,52,16,101,98,34,132,233
02/01/2012,PSC,WA,ANM,WE,Combined TRACON& Tower with Radar,19,19,13,0,51,0,0,23,0,23,19,19,36,0,74,28,0,28,102
02/02/2012,PSC,WA,ANM,WE,Combined TRACON& Tower with Radar,20,18,14,3,55,0,2,57,0,59,20,20,71,3,114,75,26,101,215
02/03/2012,PSC,WA,ANM,WE,Combined TRACON& Tower with Radar,16,14,22,0,52,0,0,21,0,21,16,14,43,0,73,0,0,0,73
02/04/2012,PSC,WA,ANM,WE,Combined TRACON& Tower with Radar,10,11,8,0,29,0,1,17,0,18,10,12,25,0,47,4,0,4,51
02/05/2012,PSC,WA,ANM,WE,Combined TRACON& Tower with Radar,17,11,16,0,44,0,0,17,0,17,17,11,33,0,61,28,0,28,89
02/06/2012,PSC,WA,ANM,WE,Combined TRACON& Tower with Radar,21,17,34,0,72,0,0,7,0,7,21,17,41,0,79,2,0,2,81
02/07/2012,PSC,WA,ANM,WE,Combined TRACON& Tower with Radar,15,20,18,2,55,0,0,17,0,17,15,20,35,2,72,97,4,101,173
02/08/2012,PSC,WA,ANM,WE,Combined TRACON& Tower with Radar,19,16,31,2,68,0,0,20,0,20,19,16,51,2,88,95,0,95,183
02/09/2012,PSC,WA,ANM,WE,Combined TRACON& Tower with Radar,20,20,28,24,92,0,0,15,0,15,20,20,43,24,107,68,32,100,207
02/10/2012,PSC,WA,ANM,WE,Combined TRACON& Tower with Radar,20,19,21,8,68,0,0,6,1,7,20,19,27,9,75,58,4,62,137
02/11/2012,PSC,WA,ANM,WE,Combined TRACON& Tower with Radar,13,13,9,0,35,0,0,4,0,4,13,13,13,0,39,58,0,58,97
02/12/2012,PSC,WA,ANM,WE,Combined TRACON& Tower with Radar,21,11,17,9,58,0,0,52,0,52,21,11,69,9,110,103,24,127,237
02/13/2012,PSC,WA,ANM,WE,Combined TRACON& Tower with Radar,21,15,11,7,54,0,0,17,0,17,21,15,28,7,71,47,36,83,154
02/14/2012,PSC,WA,ANM,WE,Combined TRACON& Tower with Radar,15,19,17,16,67,0,0,44,12,56,15,19,61,28,123,61,109,170,293
02/15/2012,PSC,WA,ANM,WE,Combined TRACON& Tower with Radar,17,18,18,2,55,0,0,33,0,33,17,18,51,2,88,54,0,54,142
02/16/2012,PSC,WA,ANM,WE,Combined TRACON& Tower with Radar,19,23,15,2,59,0,0,25,0,25,19,23,40,2,84,46,0,46,130
02/17/2012,PSC,WA,ANM,WE,Combined TRACON& Tower with Radar,19,22,28,4,73,0,0,33,2,35,19,22,61,6,108,50,83,133,241
02/18/2012,PSC,WA,ANM,WE,Combined TRACON& Tower with Radar,12,12,8,0,32,0,2,4,0,6,12,14,12,0,38,15,0,15,53
02/19/2012,PSC,WA,ANM,WE,Combined TRACON& Tower with Radar,18,14,8,0,40,0,0,32,0,32,18,14,40,0,72,42,0,42,114
02/20/2012,PSC,WA,ANM,WE,Combined TRACON& Tower with Radar,18,17,14,0,49,0,0,4,0,4,18,17,18,0,53,20,0,20,73
02/21/2012,PSC,WA,ANM,WE,Combined TRACON& Tower with Radar,16,22,18,10,66,0,0,13,0,13,16,22,31,10,79,0,27,27,106
02/22/2012,PSC,WA,ANM,WE,Combined TRACON& Tower with Radar,19,23,15,0,57,0,0,2,0,2,19,23,17,0,59,0,0,0,59
02/23/2012,PSC,WA,ANM,WE,Combined TRACON& Tower with Radar,16,23,11,10,60,0,2,33,2,37,16,25,44,12,97,25,6,31,128
02/24/2012,PSC,WA,ANM,WE,Combined TRACON& Tower with Radar,20,26,15,0,61,0,0,35,0,35,20,26,50,0,96,32,0,32,128
02/25/2012,PSC,WA,ANM,WE,Combined TRACON& Tower with Radar,13,15,4,0,32,0,1,0,0,1,13,16,4,0,33,0,0,0,33
02/26/2012,PSC,WA,ANM,WE,Combined TRACON& Tower with Radar,14,15,2,0,31,0,0,14,0,14,14,15,16,0,45,36,0,36,81
02/27/2012,PSC,WA,ANM,WE,Combined TRACON& Tower with Radar,18,19,18,0,55,0,0,58,5,63,18,19,76,5,118,124,0,124,242
02/28/2012,PSC,WA,ANM,WE,Combined TRACON& Tower with Radar,13,23,26,2,64,0,0,38,3,41,13,23,64,5,105,140,0,140,245
02/29/2012,PSC,WA,ANM,WE,Combined TRACON& Tower with Radar,16,23,14,19,72,0,2,17,0,19,16,25,31,19,91,16,88,104,195
03/01/2012,PSC,WA,ANM,WE,Combined TRACON& Tower with Radar,19,23,19,13,74,0,0,25,1,26,19,23,44,14,100,84,33,117,217
03/02/2012,PSC,WA,ANM,WE,Combined TRACON& Tower with Radar,22,20,8,6,56,0,0,24,4,28,22,20,32,10,84,68,36,104,188
03/03/2012,PSC,WA,ANM,WE,Combined TRACON& Tower with Radar,13,11,6,0,30,0,1,20,0,21,13,12,26,0,51,8,0,8,59
03/04/2012,PSC,WA,ANM,WE,Combined TRACON& Tower with Radar,18,8,11,1,38,0,2,51,2,55,18,10,62,3,93,22,0,22,115
03/05/2012,PSC,WA,ANM,WE,Combined TRACON& Tower with Radar,20,18,5,1,44,0,2,11,1,14,20,20,16,2,58,4,0,4,62
03/06/2012,PSC,WA,ANM,WE,Combined TRACON& Tower with Radar,15,22,18,0,55,0,2,35,0,37,15,24,53,0,92,68,0,68,160
03/07/2012,PSC,WA,ANM,WE,Combined TRACON& Tower with Radar,19,20,12,0,51,0,0,72,2,74,19,20,84,2,125,119,0,119,244
03/08/2012,PSC,WA,ANM,WE,Combined TRACON& Tower with Radar,20,24,25,0,69,0,0,72,0,72,20,24,97,0,141,152,0,152,293
03/09/2012,PSC,WA,ANM,WE,Combined TRACON& Tower with Radar,22,18,2,4,46,0,0,35,0,35,22,18,37,4,81,52,0,52,133
03/10/2012,PSC,WA,ANM,WE,Combined TRACON& Tower with Radar,14,13,5,0,32,0,3,46,1,50,14,16,51,1,82,122,0,122,204
03/11/2012,PSC,WA,ANM,WE,Combined TRACON& Tower with Radar,23,10,10,0,43,0,0,16,0,16,23,10,26,0,59,4,0,4,63
03/12/2012,PSC,WA,ANM,WE,Combined TRACON& Tower with Radar,22,18,20,5,65,0,0,10,0,10,22,18,30,5,75,10,38,48,123
03/13/2012,PSC,WA,ANM,WE,Combined TRACON& Tower with Radar,17,20,15,2,54,0,0,8,2,10,17,20,23,4,64,12,0,12,76
03/14/2012,PSC,WA,ANM,WE,Combined TRACON& Tower with Radar,23,20,16,18,77,0,0,36,4,40,23,20,52,22,117,38,79,117,234
03/15/2012,PSC,WA,ANM,WE,Combined TRACON& Tower with Radar,26,18,11,4,59,0,0,16,0,16,26,18,27,4,75,76,12,88,163
03/16/2012,PSC,WA,ANM,WE,Combined TRACON& Tower with Radar,22,18,15,10,65,0,0,45,0,45,22,18,60,10,110,75,0,75,185
03/17/2012,PSC,WA,ANM,WE,Combined TRACON& Tower with Radar,15,12,6,11,44,0,1,16,2,19,15,13,22,13,63,10,20,30,93
03/18/2012,PSC,WA,ANM,WE,Combined TRACON& Tower with Radar,19,10,20,0,49,0,1,44,2,47,19,11,64,2,96,114,0,114,210
03/19/2012,PSC,WA,ANM,WE,Combined TRACON& Tower with Radar,22,16,14,0,52,0,0,47,1,48,22,16,61,1,100,70,0,70,170
03/20/2012,PSC,WA,ANM,WE,Combined TRACON& Tower with Radar,16,23,9,4,52,0,0,14,0,14,16,23,23,4,66,0,35,35,101
03/21/2012,PSC,WA,ANM,WE,Combined TRACON& Tower with Radar,20,20,25,7,72,0,0,9,0,9,20,20,34,7,81,57,0,57,138
03/22/2012,PSC,WA,ANM,WE,Combined TRACON& Tower with Radar,18,21,17,0,56,0,1,15,3,19,18,22,32,3,75,63,0,63,138
03/23/2012,PSC,WA,ANM,WE,Combined TRACON& Tower with Radar,20,19,19,9,67,0,1,49,1,51,20,20,68,10,118,84,0,84,202
03/24/2012,PSC,WA,ANM,WE,Combined TRACON& Tower with Radar,14,12,3,4,33,0,2,46,2,50,14,14,49,6,83,108,0,108,191
03/25/2012,PSC,WA,ANM,WE,Combined TRACON& Tower with Radar,17,14,24,0,55,0,0,33,0,33,17,14,57,0,88,73,0,73,161
03/26/2012,PSC,WA,ANM,WE,Combined TRACON& Tower with Radar,19,16,9,2,46,0,3,9,0,12,19,19,18,2,58,4,29,33,91
03/27/2012,PSC,WA,ANM,WE,Combined TRACON& Tower with Radar,16,22,13,0,51,0,0,22,0,22,16,22,35,0,73,73,0,73,146
03/28/2012,PSC,WA,ANM,WE,Combined TRACON& Tower with Radar,17,21,15,0,53,0,0,39,0,39,17,21,54,0,92,66,0,66,158
03/29/2012,PSC,WA,ANM,WE,Combined TRACON& Tower with Radar,19,21,13,2,55,0,0,12,2,14,19,21,25,4,69,28,0,28,97
03/30/2012,PSC,WA,ANM,WE,Combined TRACON& Tower with Radar,17,25,15,0,57,0,1,35,0,36,17,26,50,0,93,88,0,88,181
03/31/2012,PSC,WA,ANM,WE,Combined TRACON& Tower with Radar,14,12,9,0,35,0,1,24,0,25,14,13,33,0,60,93,0,93,153
04/01/2012,PSC,WA,ANM,WE,Combined TRACON& Tower with Radar,20,11,7,0,38,0,0,3,0,3,20,11,10,0,41,0,0,0,41
04/02/2012,PSC,WA,ANM,WE,Combined TRACON& Tower with Radar,20,16,17,5,58,0,0,33,0,33,20,16,50,5,91,106,6,112,203
04/03/2012,PSC,WA,ANM,WE,Combined TRACON& Tower with Radar,16,16,17,0,49,0,0,42,0,42,16,16,59,0,91,152,0,152,243
04/04/2012,PSC,WA,ANM,WE,Combined TRACON& Tower with Radar,18,18,9,5,50,0,0,10,1,11,18,18,19,6,61,23,16,39,100
04/05/2012,PSC,WA,ANM,WE,Combined TRACON& Tower with Radar,17,19,5,0,41,0,0,44,0,44,17,19,49,0,85,50,0,50,135
04/06/2012,PSC,WA,ANM,WE,Combined TRACON& Tower with Radar,19,18,4,5,46,0,0,38,2,40,19,18,42,7,86,135,9,144,230
04/07/2012,PSC,WA,ANM,WE,Combined TRACON& Tower with Radar,13,11,11,0,35,0,3,49,1,53,13,14,60,1,88,120,0,120,208
04/08/2012,PSC,WA,ANM,WE,Combined TRACON& Tower with Radar,18,11,10,0,39,0,0,20,0,20,18,11,30,0,59,44,0,44,103
04/09/2012,PSC,WA,ANM,WE,Combined TRACON& Tower with Radar,21,15,14,0,50,0,0,42,0,42,21,15,56,0,92,10,0,10,102
04/10/2012,PSC,WA,ANM,WE,Combined TRACON& Tower with Radar,14,17,6,0,37,0,0,42,2,44,14,17,48,2,81,173,0,173,254
04/11/2012,PSC,WA,ANM,WE,Combined TRACON& Tower with Radar,14,23,23,6,66,0,0,28,0,28,14,23,51,6,94,68,0,68,162
04/12/2012,PSC,WA,ANM,WE,Combined TRACON& Tower with Radar,18,23,9,20,70,0,0,27,2,29,18,23,36,22,99,70,11,81,180
04/13/2012,PSC,WA,ANM,WE,Combined TRACON& Tower with Radar,18,19,12,12,61,0,0,56,0,56,18,19,68,12,117,123,14,137,254
04/14/2012,PSC,WA,ANM,WE,Combined TRACON& Tower with Radar,14,12,9,0,35,0,1,44,2,47,14,13,53,2,82,94,0,94,176
04/15/2012,PSC,WA,ANM,WE,Combined TRACON& Tower with Radar,18,12,9,0,39,0,3,31,0,34,18,15,40,0,73,84,0,84,157
04/16/2012,PSC,WA,ANM,WE,Combined TRACON& Tower with Radar,18,17,7,0,42,0,0,12,0,12,18,17,19,0,54,33,0,33,87
04/17/2012,PSC,WA,ANM,WE,Combined TRACON& Tower with Radar,15,16,19,0,50,0,0,50,0,50,15,16,69,0,100,73,0,73,173
04/18/2012,PSC,WA,ANM,WE,Combined TRACON& Tower with Radar,16,20,28,3,67,0,0,45,0,45,16,20,73,3,112,111,0,111,223
04/19/2012,PSC,WA,ANM,WE,Combined TRACON& Tower with Radar,20,17,15,6,58,0,1,56,0,57,20,18,71,6,115,112,10,122,237
04/20/2012,PSC,WA,ANM,WE,Combined TRACON& Tower with Radar,20,17,15,2,54,0,3,41,0,44,20,20,56,2,98,74,2,76,174
04/21/2012,PSC,WA,ANM,WE,Combined TRACON& Tower with Radar,14,11,11,0,36,0,2,80,1,83,14,13,91,1,119,149,0,149,268
04/22/2012,PSC,WA,ANM,WE,Combined TRACON& Tower with Radar,18,12,14,0,44,0,1,76,1,78,18,13,90,1,122,131,0,131,253
04/23/2012,PSC,WA,ANM,WE,Combined TRACON& Tower with Radar,18,16,5,0,39,0,2,51,0,53,18,18,56,0,92,81,0,81,173
04/24/2012,PSC,WA,ANM,WE,Combined TRACON& Tower with Radar,17,20,17,7,61,0,1,33,1,35,17,21,50,8,96,97,28,125,221
04/25/2012,PSC,WA,ANM,WE,Combined TRACON& Tower with Radar,16,23,12,3,54,0,0,20,6,26,16,23,32,9,80,56,58,114,194
04/26/2012,PSC,WA,ANM,WE,Combined TRACON& Tower with Radar,19,20,22,0,61,0,0,6,0,6,19,20,28,0,67,18,0,18,85
04/27/2012,PSC,WA,ANM,WE,Combined TRACON& Tower with Radar,19,21,15,1,56,0,0,26,2,28,19,21,41,3,84,93,2,95,179
04/28/2012,PSC,WA,ANM,WE,Combined TRACON& Tower with Radar,15,13,9,0,37,0,2,62,2,66,15,15,71,2,103,61,0,61,164
04/29/2012,PSC,WA,ANM,WE,Combined TRACON& Tower with Radar,18,11,10,0,39,0,1,55,0,56,18,12,65,0,95,56,0,56,151
04/30/2012,PSC,WA,ANM,WE,Combined TRACON& Tower with Radar,20,19,11,5,55,0,0,10,0,10,20,19,21,5,65,8,26,34,99
05/01/2012,PSC,WA,ANM,WE,Combined TRACON& Tower with Radar,15,16,19,0,50,0,0,29,0,29,15,16,48,0,79,96,0,96,175
05/02/2012,PSC,WA,ANM,WE,Combined TRACON& Tower with Radar,18,21,21,0,60,0,0,68,0,68,18,21,89,0,128,134,0,134,262
05/03/2012,PSC,WA,ANM,WE,Combined TRACON& Tower with Radar,21,23,24,2,70,0,0,27,4,31,21,23,51,6,101,30,0,30,131
05/04/2012,PSC,WA,ANM,WE,Combined TRACON& Tower with Radar,19,20,23,2,64,0,0,33,2,35,19,20,56,4,99,50,0,50,149
05/05/2012,PSC,WA,ANM,WE,Combined TRACON& Tower with Radar,14,13,7,0,34,0,2,36,2,40,14,15,43,2,74,104,0,104,178
05/06/2012,PSC,WA,ANM,WE,Combined TRACON& Tower with Radar,17,16,14,0,47,0,1,63,3,67,17,17,77,3,114,57,0,57,171
05/07/2012,PSC,WA,ANM,WE,Combined TRACON& Tower with Radar,19,17,11,0,47,0,2,43,0,45,19,19,54,0,92,97,0,97,189
05/08/2012,PSC,WA,ANM,WE,Combined TRACON& Tower with Radar,16,17,16,5,54,0,0,43,1,44,16,17,59,6,98,121,26,147,245
05/09/2012,PSC,WA,ANM,WE,Combined TRACON& Tower with Radar,16,18,16,0,50,0,0,28,1,29,16,18,44,1,79,51,0,51,130
05/10/2012,PSC,WA,ANM,WE,Combined TRACON& Tower with Radar,17,20,20,8,65,0,0,66,3,69,17,20,86,11,134,68,42,110,244
05/11/2012,PSC,WA,ANM,WE,Combined TRACON& Tower with Radar,17,22,26,4,69,0,0,73,3,76,17,22,99,7,145,119,0,119,264
05/12/2012,PSC,WA,ANM,WE,Combined TRACON& Tower with Radar,11,18,10,0,39,0,2,73,1,76,11,20,83,1,115,82,0,82,197
05/13/2012,PSC,WA,ANM,WE,Combined TRACON& Tower with Radar,16,15,11,0,42,0,2,37,0,39,16,17,48,0,81,36,0,36,117
05/14/2012,PSC,WA,ANM,WE,Combined TRACON& Tower with Radar,16,18,13,0,47,0,2,56,0,58,16,20,69,0,105,112,0,112,217
05/15/2012,PSC,WA,ANM,WE,Combined TRACON& Tower with Radar,14,18,16,0,48,0,10,71,0,81,14,28,87,0,129,110,0,110,239
05/16/2012,PSC,WA,ANM,WE,Combined TRACON& Tower with Radar,16,18,14,2,50,0,7,68,2,77,16,25,82,4,127,100,56,156,283
05/17/2012,PSC,WA,ANM,WE,Combined TRACON& Tower with Radar,15,20,19,0,54,0,0,49,3,52,15,20,68,3,106,93,0,93,199
05/18/2012,PSC,WA,ANM,WE,Combined TRACON& Tower with Radar,19,24,6,0,49,0,0,46,1,47,19,24,52,1,96,68,0,68,164
05/19/2012,PSC,WA,ANM,WE,Combined TRACON& Tower with Radar,11,14,6,0,31,0,4,51,1,56,11,18,57,1,87,15,0,15,102
05/20/2012,PSC,WA,ANM,WE,Combined TRACON& Tower with Radar,15,14,12,0,41,0,0,29,0,29,15,14,41,0,70,107,0,107,177
05/21/2012,PSC,WA,ANM,WE,Combined TRACON& Tower with Radar,20,18,11,0,49,0,0,15,1,16,20,18,26,1,65,55,0,55,120
05/22/2012,PSC,WA,ANM,WE,Combined TRACON& Tower with Radar,14,19,11,9,53,0,0,14,1,15,14,19,25,10,68,16,50,66,134
05/23/2012,PSC,WA,ANM,WE,Combined TRACON& Tower with Radar,16,24,12,4,56,0,0,33,0,33,16,24,45,4,89,119,0,119,208
05/24/2012,PSC,WA,ANM,WE,Combined TRACON& Tower with Radar,14,20,31,1,66,0,0,52,6,58,14,20,83,7,124,176,0,176,300
05/25/2012,PSC,WA,ANM,WE,Combined TRACON& Tower with Radar,18,20,11,0,49,0,2,19,0,21,18,22,30,0,70,28,0,28,98
05/26/2012,PSC,WA,ANM,WE,Combined TRACON& Tower with Radar,11,13,4,0,28,0,4,39,0,43,11,17,43,0,71,84,0,84,155
05/27/2012,PSC,WA,ANM,WE,Combined TRACON& Tower with Radar,17,6,5,0,28,0,0,32,0,32,17,6,37,0,60,38,0,38,98
05/28/2012,PSC,WA,ANM,WE,Combined TRACON& Tower with Radar,20,14,12,0,46,0,0,47,1,48,20,14,59,1,94,85,0,85,179
05/29/2012,PSC,WA,ANM,WE,Combined TRACON& Tower with Radar,15,17,15,0,47,0,2,48,2,52,15,19,63,2,99,72,0,72,171
05/30/2012,PSC,WA,ANM,WE,Combined TRACON& Tower with Radar,16,17,15,0,48,4,0,69,1,74,20,17,84,1,122,147,0,147,269
05/31/2012,PSC,WA,ANM,WE,Combined TRACON& Tower with Radar,15,20,24,0,59,0,0,49,1,50,15,20,73,1,109,72,0,72,181
06/01/2012,PSC,WA,ANM,WE,Combined TRACON& Tower with Radar,19,19,6,2,46,0,0,39,0,39,19,19,45,2,85,51,48,99,184
06/02/2012,PSC,WA,ANM,WE,Combined TRACON& Tower with Radar,12,16,16,0,44,0,2,42,0,44,12,18,58,0,88,8,0,8,96
06/03/2012,PSC,WA,ANM,WE,Combined TRACON& Tower with Radar,14,16,4,6,40,0,0,38,0,38,14,16,42,6,78,45,0,45,123
06/04/2012,PSC,WA,ANM,WE,Combined TRACON& Tower with Radar,18,20,12,0,50,0,1,94,0,95,18,21,106,0,145,10,0,10,155
06/05/2012,PSC,WA,ANM,WE,Combined TRACON& Tower with Radar,14,19,18,0,51,0,0,41,0,41,14,19,59,0,92,3,0,3,95
06/06/2012,PSC,WA,ANM,WE,Combined TRACON& Tower with Radar,16,18,8,0,42,0,0,33,0,33,16,18,41,0,75,30,0,30,105
06/07/2012,PSC,WA,ANM,WE,Combined TRACON& Tower with Radar,17,19,5,4,45,0,0,51,2,53,17,19,56,6,98,52,0,52,150
06/08/2012,PSC,WA,ANM,WE,Combined TRACON& Tower with Radar,23,20,5,1,49,2,0,43,0,45,25,20,48,1,94,39,0,39,133
06/09/2012,PSC,WA,ANM,WE,Combined TRACON& Tower with Radar,13,13,7,0,33,0,2,35,0,37,13,15,42,0,70,34,0,34,104
06/10/2012,PSC,WA,ANM,WE,Combined TRACON& Tower with Radar,17,12,3,0,32,0,0,33,1,34,17,12,36,1,66,49,0,49,115
06/11/2012,PSC,WA,ANM,WE,Combined TRACON& Tower with Radar,20,17,11,1,49,0,1,89,1,91,20,18,100,2,140,103,0,103,243
06/12/2012,PSC,WA,ANM,WE,Combined TRACON& Tower with Radar,17,19,15,0,51,0,1,78,3,82,17,20,93,3,133,126,0,126,259
06/13/2012,PSC,WA,ANM,WE,Combined TRACON& Tower with Radar,15,23,10,10,58,0,0,85,0,85,15,23,95,10,143,38,4,42,185
06/14/2012,PSC,WA,ANM,WE,Combined TRACON& Tower with Radar,17,20,11,1,49,0,2,76,0,78,17,22,87,1,127,76,0,76,203
06/15/2012,PSC,WA,ANM,WE,Combined TRACON& Tower with Radar,22,20,19,0,61,0,0,74,1,75,22,20,93,1,136,32,0,32,168
06/16/2012,PSC,WA,ANM,WE,Combined TRACON& Tower with Radar,14,12,7,0,33,0,4,63,0,67,14,16,70,0,100,38,0,38,138
06/17/2012,PSC,WA,ANM,WE,Combined TRACON& Tower with Radar,18,12,6,0,36,0,1,34,1,36,18,13,40,1,72,10,0,10,82
06/18/2012,PSC,WA,ANM,WE,Combined TRACON& Tower with Radar,23,16,15,0,54,0,0,46,1,47,23,16,61,1,101,6,0,6,107
06/19/2012,PSC,WA,ANM,WE,Combined TRACON& Tower with Radar,20,19,10,2,51,0,0,56,0,56,20,19,66,2,107,55,0,55,162
06/20/2012,PSC,WA,ANM,WE,Combined TRACON& Tower with Radar,16,16,17,8,57,0,0,51,0,51,16,16,68,8,108,18,0,18,126
06/21/2012,PSC,WA,ANM,WE,Combined TRACON& Tower with Radar,19,20,15,0,54,0,0,37,2,39,19,20,52,2,93,38,0,38,131
06/22/2012,PSC,WA,ANM,WE,Combined TRACON& Tower with Radar,25,19,18,1,63,0,0,24,1,25,25,19,42,2,88,18,0,18,106
06/23/2012,PSC,WA,ANM,WE,Combined TRACON& Tower with Radar,12,13,18,0,43,0,2,50,1,53,12,15,68,1,96,37,0,37,133
06/24/2012,PSC,WA,ANM,WE,Combined TRACON& Tower with Radar,18,12,12,0,42,0,1,42,2,45,18,13,54,2,87,16,0,16,103
06/25/2012,PSC,WA,ANM,WE,Combined TRACON& Tower with Radar,23,18,18,0,59,0,2,34,0,36,23,20,52,0,95,43,0,43,138
06/26/2012,PSC,WA,ANM,WE,Combined TRACON& Tower with Radar,17,19,13,2,51,0,0,29,0,29,17,19,42,2,80,59,0,59,139
06/27/2012,PSC,WA,ANM,WE,Combined TRACON& Tower with Radar,19,18,15,0,52,0,1,55,4,60,19,19,70,4,112,52,0,52,164
06/28/2012,PSC,WA,ANM,WE,Combined TRACON& Tower with Radar,19,20,20,0,59,0,0,37,3,40,19,20,57,3,99,33,0,33,132
06/29/2012,PSC,WA,ANM,WE,Combined TRACON& Tower with Radar,23,19,14,0,56,0,1,49,0,50,23,20,63,0,106,43,0,43,149
06/30/2012,PSC,WA,ANM,WE,Combined TRACON& Tower with Radar,16,13,12,0,41,0,1,42,0,43,16,14,54,0,84,85,0,85,169
07/01/2012,PSC,WA,ANM,WE,Combined TRACON& Tower with Radar,18,11,9,0,38,0,0,36,0,36,18,11,45,0,74,47,0,47,121
07/02/2012,PSC,WA,ANM,WE,Combined TRACON& Tower with Radar,22,15,7,4,48,0,2,49,2,53,22,17,56,6,101,80,18,98,199
07/03/2012,PSC,WA,ANM,WE,Combined TRACON& Tower with Radar,17,14,16,17,64,0,0,31,7,38,17,14,47,24,102,44,10,54,156
07/04/2012,PSC,WA,ANM,WE,Combined TRACON& Tower with Radar,16,10,4,0,30,0,0,46,0,46,16,10,50,0,76,77,0,77,153
07/05/2012,PSC,WA,ANM,WE,Combined TRACON& Tower with Radar,22,13,8,3,46,0,2,45,0,47,22,15,53,3,93,30,2,32,125
07/06/2012,PSC,WA,ANM,WE,Combined TRACON& Tower with Radar,20,19,11,6,56,0,0,71,1,72,20,19,82,7,128,98,0,98,226
07/07/2012,PSC,WA,ANM,WE,Combined TRACON& Tower with Radar,14,13,4,0,31,0,2,30,0,32,14,15,34,0,63,26,0,26,89
07/08/2012,PSC,WA,ANM,WE,Combined TRACON& Tower with Radar,18,12,6,1,37,0,0,35,0,35,18,12,41,1,72,0,0,0,72
07/09/2012,PSC,WA,ANM,WE,Combined TRACON& Tower with Radar,22,18,14,1,55,0,0,26,0,26,22,18,40,1,81,38,0,38,119
07/10/2012,PSC,WA,ANM,WE,Combined TRACON& Tower with Radar,16,18,15,3,52,0,0,41,0,41,16,18,56,3,93,12,0,12,105
07/11/2012,PSC,WA,ANM,WE,Combined TRACON& Tower with Radar,17,18,23,1,59,0,0,55,2,57,17,18,78,3,116,76,0,76,192
07/12/2012,PSC,WA,ANM,WE,Combined TRACON& Tower with Radar,19,19,18,4,60,0,0,41,0,41,19,19,59,4,101,90,0,90,191
07/13/2012,PSC,WA,ANM,WE,Combined TRACON& Tower with Radar,26,18,11,0,55,0,0,38,0,38,26,18,49,0,93,28,0,28,121
07/14/2012,PSC,WA,ANM,WE,Combined TRACON& Tower with Radar,12,13,8,0,33,0,1,16,0,17,12,14,24,0,50,0,0,0,50
07/15/2012,PSC,WA,ANM,WE,Combined TRACON& Tower with Radar,19,10,5,0,34,0,0,25,0,25,19,10,30,0,59,16,0,16,75
07/16/2012,PSC,WA,ANM,WE,Combined TRACON& Tower with Radar,22,15,4,0,41,0,0,47,0,47,22,15,51,0,88,69,0,69,157
07/17/2012,PSC,WA,ANM,WE,Combined TRACON& Tower with Radar,17,16,9,0,42,0,2,44,0,46,17,18,53,0,88,53,0,53,141
07/18/2012,PSC,WA,ANM,WE,Combined TRACON& Tower with Radar,17,17,15,2,51,0,3,50,0,53,17,20,65,2,104,48,0,48,152
07/19/2012,PSC,WA,ANM,WE,Combined TRACON& Tower with Radar,19,15,18,0,52,0,0,39,0,39,19,15,57,0,91,26,0,26,117
07/20/2012,PSC,WA,ANM,WE,Combined TRACON& Tower with Radar,23,19,21,0,63,0,0,15,0,15,23,19,36,0,78,42,0,42,120
07/21/2012,PSC,WA,ANM,WE,Combined TRACON& Tower with Radar,12,12,12,2,38,0,2,53,2,57,12,14,65,4,95,54,0,54,149
07/22/2012,PSC,WA,ANM,WE,Combined TRACON& Tower with Radar,20,10,16,0,46,0,0,30,0,30,20,10,46,0,76,31,0,31,107
07/23/2012,PSC,WA,ANM,WE,Combined TRACON& Tower with Radar,23,16,12,1,52,0,0,56,0,56,23,16,68,1,108,28,0,28,136
07/24/2012,PSC,WA,ANM,WE,Combined TRACON& Tower with Radar,17,18,21,7,63,0,0,56,0,56,17,18,77,7,119,76,1,77,196
07/25/2012,PSC,WA,ANM,WE,Combined TRACON& Tower with Radar,17,17,14,6,54,0,0,58,0,58,17,17,72,6,112,133,6,139,251
07/26/2012,PSC,WA,ANM,WE,Combined TRACON& Tower with Radar,21,18,13,2,54,0,0,48,5,53,21,18,61,7,107,54,4,58,165
07/27/2012,PSC,WA,ANM,WE,Combined TRACON& Tower with Radar,21,19,18,2,60,0,3,67,3,73,21,22,85,5,133,48,4,52,185
07/28/2012,PSC,WA,ANM,WE,Combined TRACON& Tower with Radar,11,13,20,0,44,0,1,61,1,63,11,14,81,1,107,76,4,80,187
07/29/2012,PSC,WA,ANM,WE,Combined TRACON& Tower with Radar,19,9,14,1,43,0,0,84,2,86,19,9,98,3,129,20,3,23,152
07/30/2012,PSC,WA,ANM,WE,Combined TRACON& Tower with Radar,23,16,9,6,54,0,0,43,0,43,23,16,52,6,97,42,1,43,140
07/31/2012,PSC,WA,ANM,WE,Combined TRACON& Tower with Radar,17,18,14,0,49,0,0,46,0,46,17,18,60,0,95,65,0,65,160
08/01/2012,PSC,WA,ANM,WE,Combined TRACON& Tower with Radar,17,16,16,0,49,0,0,40,0,40,17,16,56,0,89,21,0,21,110
08/02/2012,PSC,WA,ANM,WE,Combined TRACON& Tower with Radar,21,16,17,0,54,0,0,32,0,32,21,16,49,0,86,48,0,48,134
08/03/2012,PSC,WA,ANM,WE,Combined TRACON& Tower with Radar,21,20,10,2,53,0,0,32,2,34,21,20,42,4,87,23,9,32,119
08/04/2012,PSC,WA,ANM,WE,Combined TRACON& Tower with Radar,13,15,5,0,33,0,0,37,0,37,13,15,42,0,70,41,0,41,111
08/05/2012,PSC,WA,ANM,WE,Combined TRACON& Tower with Radar,19,12,6,1,38,0,0,36,3,39,19,12,42,4,77,28,0,28,105
08/06/2012,PSC,WA,ANM,WE,Combined TRACON& Tower with Radar,23,16,10,2,51,0,0,21,2,23,23,16,31,4,74,14,0,14,88
08/07/2012,PSC,WA,ANM,WE,Combined TRACON& Tower with Radar,18,18,20,0,56,0,0,47,0,47,18,18,67,0,103,33,0,33,136
08/08/2012,PSC,WA,ANM,WE,Combined TRACON& Tower with Radar,17,19,26,4,66,0,0,45,0,45,17,19,71,4,111,52,0,52,163
08/09/2012,PSC,WA,ANM,WE,Combined TRACON& Tower with Radar,19,18,8,0,45,0,0,59,0,59,19,18,67,0,104,97,0,97,201
08/10/2012,PSC,WA,ANM,WE,Combined TRACON& Tower with Radar,25,18,10,2,55,0,0,33,0,33,25,18,43,2,88,55,0,55,143
08/11/2012,PSC,WA,ANM,WE,Combined TRACON& Tower with Radar,12,12,6,1,31,0,2,24,1,27,12,14,30,2,58,19,0,19,77
08/12/2012,PSC,WA,ANM,WE,Combined TRACON& Tower with Radar,19,12,6,0,37,0,0,30,0,30,19,12,36,0,67,18,0,18,85
08/13/2012,PSC,WA,ANM,WE,Combined TRACON& Tower with Radar,23,16,12,12,63,0,0,41,0,41,23,16,53,12,104,39,20,59,163
08/14/2012,PSC,WA,ANM,WE,Combined TRACON& Tower with Radar,18,16,22,2,58,0,0,36,0,36,18,16,58,2,94,59,0,59,153
08/15/2012,PSC,WA,ANM,WE,Combined TRACON& Tower with Radar,18,19,12,0,49,0,2,37,0,39,18,21,49,0,88,8,0,8,96
08/16/2012,PSC,WA,ANM,WE,Combined TRACON& Tower with Radar,21,20,15,3,59,0,1,29,1,31,21,21,44,4,90,50,0,50,140
08/17/2012,PSC,WA,ANM,WE,Combined TRACON& Tower with Radar,21,16,6,0,43,0,0,43,0,43,21,16,49,0,86,22,0,22,108
08/18/2012,PSC,WA,ANM,WE,Combined TRACON& Tower with Radar,14,13,5,1,33,0,2,56,1,59,14,15,61,2,92,36,0,36,128
08/19/2012,PSC,WA,ANM,WE,Combined TRACON& Tower with Radar,21,9,4,0,34,0,0,40,0,40,21,9,44,0,74,50,0,50,124
08/20/2012,PSC,WA,ANM,WE,Combined TRACON& Tower with Radar,20,15,24,0,59,0,0,29,1,30,20,15,53,1,89,41,0,41,130
08/21/2012,PSC,WA,ANM,WE,Combined TRACON& Tower with Radar,18,15,13,0,46,0,0,33,0,33,18,15,46,0,79,40,0,40,119
08/22/2012,PSC,WA,ANM,WE,Combined TRACON& Tower with Radar,19,17,20,5,61,0,0,47,1,48,19,17,67,6,109,57,0,57,166
08/23/2012,PSC,WA,ANM,WE,Combined TRACON& Tower with Radar,22,15,18,0,55,0,0,40,0,40,22,15,58,0,95,64,0,64,159
08/24/2012,PSC,WA,ANM,WE,Combined TRACON& Tower with Radar,21,19,22,0,62,0,0,40,0,40,21,19,62,0,102,101,0,101,203
08/25/2012,PSC,WA,ANM,WE,Combined TRACON& Tower with Radar,12,12,10,0,34,0,2,40,0,42,12,14,50,0,76,64,0,64,140
08/26/2012,PSC,WA,ANM,WE,Combined TRACON& Tower with Radar,21,8,6,0,35,0,1,42,2,45,21,9,48,2,80,47,0,47,127
08/27/2012,PSC,WA,ANM,WE,Combined TRACON& Tower with Radar,21,14,10,0,45,0,0,31,2,33,21,14,41,2,78,24,0,24,102
08/28/2012,PSC,WA,ANM,WE,Combined TRACON& Tower with Radar,19,14,15,0,48,0,0,55,0,55,19,14,70,0,103,29,0,29,132
08/29/2012,PSC,WA,ANM,WE,Combined TRACON& Tower with Radar,21,18,9,1,49,0,1,39,4,44,21,19,48,5,93,62,0,62,155
08/30/2012,PSC,WA,ANM,WE,Combined TRACON& Tower with Radar,22,16,8,4,50,0,0,51,1,52,22,16,59,5,102,99,0,99,201
08/31/2012,PSC,WA,ANM,WE,Combined TRACON& Tower with Radar,21,16,9,0,46,0,0,53,0,53,21,16,62,0,99,41,0,41,140
09/01/2012,PSC,WA,ANM,WE,Combined TRACON& Tower with Radar,10,14,6,0,30,0,1,35,0,36,10,15,41,0,66,33,0,33,99
09/02/2012,PSC,WA,ANM,WE,Combined TRACON& Tower with Radar,16,6,9,0,31,0,1,31,0,32,16,7,40,0,63,48,0,48,111
09/03/2012,PSC,WA,ANM,WE,Combined TRACON& Tower with Radar,20,11,7,0,38,0,0,63,1,64,20,11,70,1,102,82,0,82,184
09/04/2012,PSC,WA,ANM,WE,Combined TRACON& Tower with Radar,21,18,10,0,49,0,0,42,0,42,21,18,52,0,91,36,0,36,127
09/05/2012,PSC,WA,ANM,WE,Combined TRACON& Tower with Radar,23,15,12,0,50,0,0,40,0,40,23,15,52,0,90,20,0,20,110
09/06/2012,PSC,WA,ANM,WE,Combined TRACON& Tower with Radar,18,18,10,6,52,0,2,45,5,52,18,20,55,11,104,34,8,42,146
09/07/2012,PSC,WA,ANM,WE,Combined TRACON& Tower with Radar,14,20,19,0,53,0,0,47,4,51,14,20,66,4,104,60,0,60,164
09/08/2012,PSC,WA,ANM,WE,Combined TRACON& Tower with Radar,13,14,11,0,38,0,3,38,1,42,13,17,49,1,80,9,0,9,89
09/09/2012,PSC,WA,ANM,WE,Combined TRACON& Tower with Radar,18,11,10,0,39,0,0,10,0,10,18,11,20,0,49,21,0,21,70
09/10/2012,PSC,WA,ANM,WE,Combined TRACON& Tower with Radar,15,17,11,2,45,0,1,16,2,19,15,18,27,4,64,0,0,0,64
09/11/2012,PSC,WA,ANM,WE,Combined TRACON& Tower with Radar,15,16,14,0,45,0,0,40,0,40,15,16,54,0,85,18,0,18,103
09/12/2012,PSC,WA,ANM,WE,Combined TRACON& Tower with Radar,15,18,11,1,45,0,0,42,1,43,15,18,53,2,88,46,0,46,134
09/13/2012,PSC,WA,ANM,WE,Combined TRACON& Tower with Radar,16,19,14,1,50,0,0,32,4,36,16,19,46,5,86,16,0,16,102
09/14/2012,PSC,WA,ANM,WE,Combined TRACON& Tower with Radar,15,19,15,0,49,0,0,39,1,40,15,19,54,1,89,115,0,115,204
09/15/2012,PSC,WA,ANM,WE,Combined TRACON& Tower with Radar,16,10,13,0,39,6,1,81,0,88,22,11,94,0,127,48,0,48,175
09/16/2012,PSC,WA,ANM,WE,Combined TRACON& Tower with Radar,20,9,11,0,40,0,1,24,0,25,20,10,35,0,65,80,0,80,145
09/17/2012,PSC,WA,ANM,WE,Combined TRACON& Tower with Radar,16,16,12,0,44,0,2,32,0,34,16,18,44,0,78,51,0,51,129
09/18/2012,PSC,WA,ANM,WE,Combined TRACON& Tower with Radar,17,14,25,4,60,0,2,35,0,37,17,16,60,4,97,26,0,26,123
09/19/2012,PSC,WA,ANM,WE,Combined TRACON& Tower with Radar,20,13,17,3,53,0,0,54,1,55,20,13,71,4,108,94,1,95,203
09/20/2012,PSC,WA,ANM,WE,Combined TRACON& Tower with Radar,20,17,13,2,52,0,0,22,2,24,20,17,35,4,76,54,0,54,130
09/21/2012,PSC,WA,ANM,WE,Combined TRACON& Tower with Radar,18,17,21,0,56,0,0,33,0,33,18,17,54,0,89,112,0,112,201
09/22/2012,PSC,WA,ANM,WE,Combined TRACON& Tower with Radar,19,10,16,0,45,0,1,32,0,33,19,11,48,0,78,18,0,18,96
09/23/2012,PSC,WA,ANM,WE,Combined TRACON& Tower with Radar,19,12,14,0,45,0,0,19,0,19,19,12,33,0,64,15,0,15,79
09/24/2012,PSC,WA,ANM,WE,Combined TRACON& Tower with Radar,18,14,14,0,46,0,0,30,2,32,18,14,44,2,78,71,0,71,149
09/25/2012,PSC,WA,ANM,WE,Combined TRACON& Tower with Radar,18,16,8,1,43,0,3,53,2,58,18,19,61,3,101,93,2,95,196
09/26/2012,PSC,WA,ANM,WE,Combined TRACON& Tower with Radar,18,14,12,0,44,0,0,32,0,32,18,14,44,0,76,53,0,53,129
09/27/2012,PSC,WA,ANM,WE,Combined TRACON& Tower with Radar,19,15,16,2,52,0,0,36,0,36,19,15,52,2,88,64,0,64,152
09/28/2012,PSC,WA,ANM,WE,Combined TRACON& Tower with Radar,18,16,13,1,48,0,1,33,2,36,18,17,46,3,84,86,0,86,170
09/29/2012,PSC,WA,ANM,WE,Combined TRACON& Tower with Radar,17,7,11,0,35,0,2,51,2,55,17,9,62,2,90,74,0,74,164
09/30/2012,PSC,WA,ANM,WE,Combined TRACON& Tower with Radar,19,9,16,0,44,0,2,45,0,47,19,11,61,0,91,51,0,51,142
10/01/2012,PSC,WA,ANM,WE,Combined TRACON& Tower with Radar,19,16,15,1,51,0,0,40,0,40,19,16,55,1,91,74,0,74,165
10/02/2012,PSC,WA,ANM,WE,Combined TRACON& Tower with Radar,17,15,17,2,51,0,0,27,0,27,17,15,44,2,78,43,0,43,121
10/03/2012,PSC,WA,ANM,WE,Combined TRACON& Tower with Radar,16,16,10,1,43,0,0,15,0,15,16,16,25,1,58,14,0,14,72
10/04/2012,PSC,WA,ANM,WE,Combined TRACON& Tower with Radar,18,16,11,2,47,0,1,51,2,54,18,17,62,4,101,38,0,38,139
10/05/2012,PSC,WA,ANM,WE,Combined TRACON& Tower with Radar,18,15,8,0,41,0,0,33,0,33,18,15,41,0,74,44,0,44,118
10/06/2012,PSC,WA,ANM,WE,Combined TRACON& Tower with Radar,13,11,4,0,28,0,1,32,1,34,13,12,36,1,62,63,0,63,125
10/07/2012,PSC,WA,ANM,WE,Combined TRACON& Tower with Radar,17,12,18,0,47,0,0,55,1,56,17,12,73,1,103,90,0,90,193
10/08/2012,PSC,WA,ANM,WE,Combined TRACON& Tower with Radar,18,12,10,0,40,0,0,34,2,36,18,12,44,2,76,75,0,75,151
10/09/2012,PSC,WA,ANM,WE,Combined TRACON& Tower with Radar,18,16,23,0,57,0,0,51,0,51,18,16,74,0,108,60,0,60,168
10/10/2012,PSC,WA,ANM,WE,Combined TRACON& Tower with Radar,16,20,10,0,46,0,0,60,0,60,16,20,70,0,106,53,0,53,159
10/11/2012,PSC,WA,ANM,WE,Combined TRACON& Tower with Radar,18,17,24,1,60,0,0,46,1,47,18,17,70,2,107,107,0,107,214
10/12/2012,PSC,WA,ANM,WE,Combined TRACON& Tower with Radar,19,14,13,0,46,0,0,44,0,44,19,14,57,0,90,61,0,61,151
10/13/2012,PSC,WA,ANM,WE,Combined TRACON& Tower with Radar,17,12,14,0,43,0,1,32,1,34,17,13,46,1,77,25,0,25,102
10/14/2012,PSC,WA,ANM,WE,Combined TRACON& Tower with Radar,17,13,18,0,48,0,0,27,0,27,17,13,45,0,75,72,0,72,147
10/15/2012,PSC,WA,ANM,WE,Combined TRACON& Tower with Radar,20,13,14,6,53,0,0,17,2,19,20,13,31,8,72,10,42,52,124
10/16/2012,PSC,WA,ANM,WE,Combined TRACON& Tower with Radar,17,12,7,2,38,0,0,11,0,11,17,12,18,2,49,42,0,42,91
10/17/2012,PSC,WA,ANM,WE,Combined TRACON& Tower with Radar,20,15,14,0,49,0,0,55,0,55,20,15,69,0,104,39,0,39,143
10/18/2012,PSC,WA,ANM,WE,Combined TRACON& Tower with Radar,18,15,15,0,48,0,0,44,0,44,18,15,59,0,92,72,0,72,164
10/19/2012,PSC,WA,ANM,WE,Combined TRACON& Tower with Radar,20,16,22,1,59,0,0,27,1,28,20,16,49,2,87,22,0,22,109
10/20/2012,PSC,WA,ANM,WE,Combined TRACON& Tower with Radar,15,11,8,0,34,0,1,19,1,21,15,12,27,1,55,71,0,71,126
10/21/2012,PSC,WA,ANM,WE,Combined TRACON& Tower with Radar,17,13,12,0,42,0,0,29,0,29,17,13,41,0,71,111,0,111,182
10/22/2012,PSC,WA,ANM,WE,Combined TRACON& Tower with Radar,22,13,16,6,57,0,0,11,3,14,22,13,27,9,71,47,0,47,118
10/23/2012,PSC,WA,ANM,WE,Combined TRACON& Tower with Radar,21,11,13,7,52,0,0,42,0,42,21,11,55,7,94,138,0,138,232
10/24/2012,PSC,WA,ANM,WE,Combined TRACON& Tower with Radar,17,13,16,4,50,0,0,14,0,14,17,13,30,4,64,44,0,44,108
10/25/2012,PSC,WA,ANM,WE,Combined TRACON& Tower with Radar,19,18,20,0,57,0,0,49,1,50,19,18,69,1,107,151,0,151,258
10/26/2012,PSC,WA,ANM,WE,Combined TRACON& Tower with Radar,23,18,23,0,64,0,0,29,0,29,23,18,52,0,93,118,0,118,211
10/27/2012,PSC,WA,ANM,WE,Combined TRACON& Tower with Radar,15,13,2,0,30,0,0,14,3,17,15,13,16,3,47,27,0,27,74
10/28/2012,PSC,WA,ANM,WE,Combined TRACON& Tower with Radar,17,12,5,2,36,0,0,9,0,9,17,12,14,2,45,27,8,35,80
10/29/2012,PSC,WA,ANM,WE,Combined TRACON& Tower with Radar,20,16,20,6,62,0,0,21,5,26,20,16,41,11,88,12,18,30,118
10/30/2012,PSC,WA,ANM,WE,Combined TRACON& Tower with Radar,19,15,7,15,56,0,0,50,1,51,19,15,57,16,107,136,4,140,247
10/31/2012,PSC,WA,ANM,WE,Combined TRACON& Tower with Radar,15,16,8,1,40,0,0,13,0,13,15,16,21,1,53,28,0,28,81
11/01/2012,PSC,WA,ANM,WE,Combined TRACON& Tower with Radar,19,24,16,2,61,0,0,23,0,23,19,24,39,2,84,28,0,28,112
11/02/2012,PSC,WA,ANM,WE,Combined TRACON& Tower with Radar,20,15,7,0,42,0,0,32,1,33,20,15,39,1,75,47,0,47,122
11/03/2012,PSC,WA,ANM,WE,Combined TRACON& Tower with Radar,15,11,13,2,41,0,2,24,0,26,15,13,37,2,67,46,0,46,113
11/04/2012,PSC,WA,ANM,WE,Combined TRACON& Tower with Radar,17,9,6,0,32,0,3,35,1,39,17,12,41,1,71,58,0,58,129
11/05/2012,PSC,WA,ANM,WE,Combined TRACON& Tower with Radar,22,11,14,0,47,14,0,33,0,47,36,11,47,0,94,46,0,46,140
11/06/2012,PSC,WA,ANM,WE,Combined TRACON& Tower with Radar,20,12,15,4,51,0,0,27,0,27,20,12,42,4,78,63,30,93,171
11/07/2012,PSC,WA,ANM,WE,Combined TRACON& Tower with Radar,19,10,17,0,46,0,0,34,0,34,19,10,51,0,80,43,0,43,123
11/08/2012,PSC,WA,ANM,WE,Combined TRACON& Tower with Radar,22,17,17,0,56,0,0,27,1,28,22,17,44,1,84,62,0,62,146
11/09/2012,PSC,WA,ANM,WE,Combined TRACON& Tower with Radar,23,11,5,0,39,0,0,35,0,35,23,11,40,0,74,123,0,123,197
11/10/2012,PSC,WA,ANM,WE,Combined TRACON& Tower with Radar,15,13,12,0,40,0,1,29,0,30,15,14,41,0,70,110,0,110,180
11/11/2012,PSC,WA,ANM,WE,Combined TRACON& Tower with Radar,17,12,13,0,42,0,0,1,0,1,17,12,14,0,43,16,0,16,59
11/12/2012,PSC,WA,ANM,WE,Combined TRACON& Tower with Radar,20,11,12,0,43,0,0,0,0,0,20,11,12,0,43,0,0,0,43
11/13/2012,PSC,WA,ANM,WE,Combined TRACON& Tower with Radar,18,15,13,2,48,0,0,0,0,0,18,15,13,2,48,0,0,0,48
11/14/2012,PSC,WA,ANM,WE,Combined TRACON& Tower with Radar,17,13,25,0,55,0,1,2,0,3,17,14,27,0,58,0,0,0,58
11/15/2012,PSC,WA,ANM,WE,Combined TRACON& Tower with Radar,18,13,43,1,75,0,0,7,3,10,18,13,50,4,85,68,0,68,153
11/16/2012,PSC,WA,ANM,WE,Combined TRACON& Tower with Radar,19,14,25,2,60,0,0,14,0,14,19,14,39,2,74,95,0,95,169
11/17/2012,PSC,WA,ANM,WE,Combined TRACON& Tower with Radar,15,13,8,0,36,0,2,11,0,13,15,15,19,0,49,14,0,14,63
11/18/2012,PSC,WA,ANM,WE,Combined TRACON& Tower with Radar,16,9,15,0,40,0,0,35,0,35,16,9,50,0,75,93,0,93,168
11/19/2012,PSC,WA,ANM,WE,Combined TRACON& Tower with Radar,19,9,27,0,55,0,0,8,0,8,19,9,35,0,63,0,0,0,63
11/20/2012,PSC,WA,ANM,WE,Combined TRACON& Tower with Radar,21,11,26,0,58,0,0,21,0,21,21,11,47,0,79,86,0,86,165
11/21/2012,PSC,WA,ANM,WE,Combined TRACON& Tower with Radar,18,13,1,0,32,0,0,1,0,1,18,13,2,0,33,0,0,0,33
11/22/2012,PSC,WA,ANM,WE,Combined TRACON& Tower with Radar,15,1,3,0,19,0,1,19,0,20,15,2,22,0,39,14,0,14,53
11/23/2012,PSC,WA,ANM,WE,Combined TRACON& Tower with Radar,17,10,10,0,37,0,0,39,0,39,17,10,49,0,76,106,0,106,182
11/24/2012,PSC,WA,ANM,WE,Combined TRACON& Tower with Radar,16,12,10,0,38,0,2,31,0,33,16,14,41,0,71,30,0,30,101
11/25/2012,PSC,WA,ANM,WE,Combined TRACON& Tower with Radar,20,14,7,0,41,0,0,18,0,18,20,14,25,0,59,42,0,42,101
11/26/2012,PSC,WA,ANM,WE,Combined TRACON& Tower with Radar,20,15,10,0,45,0,0,6,0,6,20,15,16,0,51,58,0,58,109
11/27/2012,PSC,WA,ANM,WE,Combined TRACON& Tower with Radar,19,14,17,0,50,0,0,0,0,0,19,14,17,0,50,0,0,0,50
11/28/2012,PSC,WA,ANM,WE,Combined TRACON& Tower with Radar,18,15,22,0,55,0,0,2,0,2,18,15,24,0,57,0,0,0,57
11/29/2012,PSC,WA,ANM,WE,Combined TRACON& Tower with Radar,19,23,22,2,66,0,0,1,0,1,19,23,23,2,67,0,0,0,67
11/30/2012,PSC,WA,ANM,WE,Combined TRACON& Tower with Radar,15,19,9,5,48,0,0,16,1,17,15,19,25,6,65,50,16,66,131
12/01/2012,PSC,WA,ANM,WE,Combined TRACON& Tower with Radar,14,7,13,0,34,0,2,18,0,20,14,9,31,0,54,36,0,36,90
12/02/2012,PSC,WA,ANM,WE,Combined TRACON& Tower with Radar,20,8,10,0,38,0,0,10,0,10,20,8,20,0,48,21,0,21,69
12/03/2012,PSC,WA,ANM,WE,Combined TRACON& Tower with Radar,16,16,11,12,55,0,0,19,0,19,16,16,30,12,74,4,28,32,106
12/04/2012,PSC,WA,ANM,WE,Combined TRACON& Tower with Radar,18,12,16,2,48,0,0,17,1,18,18,12,33,3,66,39,2,41,107
12/05/2012,PSC,WA,ANM,WE,Combined TRACON& Tower with Radar,21,15,18,1,55,0,0,37,3,40,21,15,55,4,95,22,0,22,117
12/06/2012,PSC,WA,ANM,WE,Combined TRACON& Tower with Radar,17,12,13,5,47,0,0,19,3,22,17,12,32,8,69,0,0,0,69
12/07/2012,PSC,WA,ANM,WE,Combined TRACON& Tower with Radar,19,15,8,3,45,0,0,13,0,13,19,15,21,3,58,36,42,78,136
12/08/2012,PSC,WA,ANM,WE,Combined TRACON& Tower with Radar,13,9,20,0,42,0,1,31,2,34,13,10,51,2,76,92,0,92,168
12/09/2012,PSC,WA,ANM,WE,Combined TRACON& Tower with Radar,18,10,8,0,36,0,0,17,3,20,18,10,25,3,56,36,0,36,92
12/10/2012,PSC,WA,ANM,WE,Combined TRACON& Tower with Radar,12,5,12,0,29,0,0,0,0,0,12,5,12,0,29,0,0,0,29
12/11/2012,PSC,WA,ANM,WE,Combined TRACON& Tower with Radar,28,11,27,13,79,0,0,23,1,24,28,11,50,14,103,56,38,94,197
12/12/2012,PSC,WA,ANM,WE,Combined TRACON& Tower with Radar,17,12,12,18,59,0,0,7,0,7,17,12,19,18,66,26,42,68,134
12/13/2012,PSC,WA,ANM,WE,Combined TRACON& Tower with Radar,16,16,15,0,47,0,0,0,0,0,16,16,15,0,47,0,0,0,47
12/14/2012,PSC,WA,ANM,WE,Combined TRACON& Tower with Radar,21,17,8,0,46,0,0,0,0,0,21,17,8,0,46,0,0,0,46
12/15/2012,PSC,WA,ANM,WE,Combined TRACON& Tower with Radar,16,13,9,0,38,0,0,7,0,7,16,13,16,0,45,72,0,72,117
12/16/2012,PSC,WA,ANM,WE,Combined TRACON& Tower with Radar,19,7,5,0,31,0,1,23,0,24,19,8,28,0,55,35,0,35,90
12/17/2012,PSC,WA,ANM,WE,Combined TRACON& Tower with Radar,21,10,13,10,54,0,0,2,0,2,21,10,15,10,56,0,14,14,70
12/18/2012,PSC,WA,ANM,WE,Combined TRACON& Tower with Radar,19,9,25,0,53,0,1,31,0,32,19,10,56,0,85,22,0,22,107
12/19/2012,PSC,WA,ANM,WE,Combined TRACON& Tower with Radar,19,10,28,7,64,0,0,13,1,14,19,10,41,8,78,19,42,61,139
12/20/2012,PSC,WA,ANM,WE,Combined TRACON& Tower with Radar,21,12,14,4,51,0,0,5,0,5,21,12,19,4,56,0,0,0,56
12/21/2012,PSC,WA,ANM,WE,Combined TRACON& Tower with Radar,21,12,10,0,43,0,0,13,3,16,21,12,23,3,59,38,0,38,97
12/22/2012,PSC,WA,ANM,WE,Combined TRACON& Tower with Radar,14,13,9,0,36,0,1,3,0,4,14,14,12,0,40,19,0,19,59
12/23/2012,PSC,WA,ANM,WE,Combined TRACON& Tower with Radar,21,5,10,0,36,0,0,13,0,13,21,5,23,0,49,4,0,4,53
12/24/2012,PSC,WA,ANM,WE,Combined TRACON& Tower with Radar,23,7,3,0,33,0,0,31,0,31,23,7,34,0,64,50,0,50,114
12/25/2012,PSC,WA,ANM,WE,Combined TRACON& Tower with Radar,12,7,0,0,19,0,0,2,0,2,12,7,2,0,21,0,0,0,21
12/26/2012,PSC,WA,ANM,WE,Combined TRACON& Tower with Radar,17,15,8,0,40,0,0,0,0,0,17,15,8,0,40,0,0,0,40
12/27/2012,PSC,WA,ANM,WE,Combined TRACON& Tower with Radar,15,14,15,7,51,0,0,17,0,17,15,14,32,7,68,21,12,33,101
12/28/2012,PSC,WA,ANM,WE,Combined TRACON& Tower with Radar,18,23,4,0,45,0,0,0,0,0,18,23,4,0,45,0,0,0,45
12/29/2012,PSC,WA,ANM,WE,Combined TRACON& Tower with Radar,12,18,3,0,33,0,0,7,0,7,12,18,10,0,40,61,0,61,101
12/30/2012,PSC,WA,ANM,WE,Combined TRACON& Tower with Radar,23,4,15,0,42,0,0,22,1,23,23,4,37,1,65,22,0,22,87
12/31/2012,PSC,WA,ANM,WE,Combined TRACON& Tower with Radar,22,7,3,0,32,0,0,0,0,0,22,7,3,0,32,11,0,11,43
01/01/2013,PSC,WA,ANM,WE,Combined TRACON& Tower with Radar,17,3,1,0,21,0,0,9,0,9,17,3,10,0,30,22,0,22,52
01/02/2013,PSC,WA,ANM,WE,Combined TRACON& Tower with Radar,14,14,10,0,38,0,0,7,0,7,14,14,17,0,45,40,0,40,85
01/03/2013,PSC,WA,ANM,WE,Combined TRACON& Tower with Radar,23,14,14,0,51,0,0,11,0,11,23,14,25,0,62,15,0,15,77
01/04/2013,PSC,WA,ANM,WE,Combined TRACON& Tower with Radar,18,17,9,8,52,0,0,31,4,35,18,17,40,12,87,40,77,117,204
01/05/2013,PSC,WA,ANM,WE,Combined TRACON& Tower with Radar,14,15,13,0,42,0,0,17,1,18,14,15,30,1,60,120,0,120,180
01/06/2013,PSC,WA,ANM,WE,Combined TRACON& Tower with Radar,15,12,9,0,36,0,0,9,0,9,15,12,18,0,45,62,0,62,107
01/07/2013,PSC,WA,ANM,WE,Combined TRACON& Tower with Radar,17,13,19,3,52,0,0,4,0,4,17,13,23,3,56,0,51,51,107
01/08/2013,PSC,WA,ANM,WE,Combined TRACON& Tower with Radar,17,15,14,11,57,0,0,19,2,21,17,15,33,13,78,44,64,108,186
01/09/2013,PSC,WA,ANM,WE,Combined TRACON& Tower with Radar,20,20,13,2,55,0,0,12,1,13,20,20,25,3,68,12,0,12,80
01/10/2013,PSC,WA,ANM,WE,Combined TRACON& Tower with Radar,18,15,13,9,55,0,0,25,0,25,18,15,38,9,80,66,0,66,146
01/11/2013,PSC,WA,ANM,WE,Combined TRACON& Tower with Radar,17,14,29,4,64,0,0,21,1,22,17,14,50,5,86,48,16,64,150
01/12/2013,PSC,WA,ANM,WE,Combined TRACON& Tower with Radar,14,15,7,0,36,0,1,33,1,35,14,16,40,1,71,96,0,96,167
01/13/2013,PSC,WA,ANM,WE,Combined TRACON& Tower with Radar,18,14,10,0,42,0,0,27,0,27,18,14,37,0,69,72,0,72,141
01/14/2013,PSC,WA,ANM,WE,Combined TRACON& Tower with Radar,17,15,12,2,46,1,0,28,2,31,18,15,40,4,77,68,0,68,145
01/15/2013,PSC,WA,ANM,WE,Combined TRACON& Tower with Radar,16,15,23,5,59,0,0,23,2,25,16,15,46,7,84,67,12,79,163
01/16/2013,PSC,WA,ANM,WE,Combined TRACON& Tower with Radar,17,12,17,0,46,0,0,0,0,0,17,12,17,0,46,0,0,0,46
01/17/2013,PSC,WA,ANM,WE,Combined TRACON& Tower with Radar,16,16,7,10,49,0,0,1,0,1,16,16,8,10,50,16,0,16,66
01/18/2013,PSC,WA,ANM,WE,Combined TRACON& Tower with Radar,19,16,14,6,55,0,0,4,0,4,19,16,18,6,59,40,0,40,99
01/19/2013,PSC,WA,ANM,WE,Combined TRACON& Tower with Radar,19,12,10,2,43,0,0,2,0,2,19,12,12,2,45,52,0,52,97
01/20/2013,PSC,WA,ANM,WE,Combined TRACON& Tower with Radar,19,10,9,0,38,0,0,7,0,7,19,10,16,0,45,34,0,34,79
01/21/2013,PSC,WA,ANM,WE,Combined TRACON& Tower with Radar,21,15,14,0,50,0,0,0,0,0,21,15,14,0,50,0,0,0,50
01/22/2013,PSC,WA,ANM,WE,Combined TRACON& Tower with Radar,19,19,14,2,54,0,0,0,0,0,19,19,14,2,54,0,0,0,54
01/23/2013,PSC,WA,ANM,WE,Combined TRACON& Tower with Radar,17,16,21,0,54,0,0,1,0,1,17,16,22,0,55,26,0,26,81
01/24/2013,PSC,WA,ANM,WE,Combined TRACON& Tower with Radar,19,18,18,0,55,0,0,8,0,8,19,18,26,0,63,55,0,55,118
01/25/2013,PSC,WA,ANM,WE,Combined TRACON& Tower with Radar,18,18,11,0,47,0,0,5,0,5,18,18,16,0,52,10,0,10,62
01/26/2013,PSC,WA,ANM,WE,Combined TRACON& Tower with Radar,12,18,4,0,34,0,0,0,0,0,12,18,4,0,34,0,0,0,34
01/27/2013,PSC,WA,ANM,WE,Combined TRACON& Tower with Radar,20,8,27,0,55,0,0,28,0,28,20,8,55,0,83,60,0,60,143
01/28/2013,PSC,WA,ANM,WE,Combined TRACON& Tower with Radar,17,16,13,2,48,0,0,24,3,27,17,16,37,5,75,62,72,134,209
01/29/2013,PSC,WA,ANM,WE,Combined TRACON& Tower with Radar,18,13,17,6,54,0,0,31,4,35,18,13,48,10,89,55,64,119,208
01/30/2013,PSC,WA,ANM,WE,Combined TRACON& Tower with Radar,16,14,26,1,57,0,0,44,0,44,16,14,70,1,101,44,8,52,153
01/31/2013,PSC,WA,ANM,WE,Combined TRACON& Tower with Radar,17,15,26,5,63,2,1,29,2,34,19,16,55,7,97,49,36,85,182
02/01/2013,PSC,WA,ANM,WE,Combined TRACON& Tower with Radar,18,15,25,0,58,0,0,67,0,67,18,15,92,0,125,83,0,83,208
02/02/2013,PSC,WA,ANM,WE,Combined TRACON& Tower with Radar,17,8,14,0,39,0,2,62,0,64,17,10,76,0,103,74,0,74,177
02/03/2013,PSC,WA,ANM,WE,Combined TRACON& Tower with Radar,16,12,14,0,42,0,0,0,0,0,16,12,14,0,42,0,0,0,42
02/04/2013,PSC,WA,ANM,WE,Combined TRACON& Tower with Radar,17,13,9,2,41,0,0,7,0,7,17,13,16,2,48,32,0,32,80
02/05/2013,PSC,WA,ANM,WE,Combined TRACON& Tower with Radar,16,13,14,7,50,0,0,14,1,15,16,13,28,8,65,11,23,34,99
02/06/2013,PSC,WA,ANM,WE,Combined TRACON& Tower with Radar,18,18,15,21,72,0,0,35,4,39,18,18,50,25,111,51,146,197,308
02/07/2013,PSC,WA,ANM,WE,Combined TRACON& Tower with Radar,21,15,18,7,61,0,0,35,3,38,21,15,53,10,99,52,50,102,201
02/08/2013,PSC,WA,ANM,WE,Combined TRACON& Tower with Radar,18,15,22,0,55,0,2,39,0,41,18,17,61,0,96,62,0,62,158
02/09/2013,PSC,WA,ANM,WE,Combined TRACON& Tower with Radar,14,10,9,0,33,0,2,49,1,52,14,12,58,1,85,116,0,116,201
02/10/2013,PSC,WA,ANM,WE,Combined TRACON& Tower with Radar,16,10,14,0,40,0,0,38,0,38,16,10,52,0,78,73,0,73,151
02/11/2013,PSC,WA,ANM,WE,Combined TRACON& Tower with Radar,18,14,30,2,64,0,0,44,0,44,18,14,74,2,108,42,0,42,150
02/12/2013,PSC,WA,ANM,WE,Combined TRACON& Tower with Radar,17,15,16,8,56,0,0,19,0,19,17,15,35,8,75,31,32,63,138
02/13/2013,PSC,WA,ANM,WE,Combined TRACON& Tower with Radar,17,14,26,1,58,0,1,27,0,28,17,15,53,1,86,35,0,35,121
02/14/2013,PSC,WA,ANM,WE,Combined TRACON& Tower with Radar,18,14,7,2,41,0,0,19,0,19,18,14,26,2,60,50,0,50,110
02/15/2013,PSC,WA,ANM,WE,Combined TRACON& Tower with Radar,20,17,14,0,51,0,0,54,1,55,20,17,68,1,106,76,0,76,182
02/16/2013,PSC,WA,ANM,WE,Combined TRACON& Tower with Radar,13,8,3,0,24,0,4,31,0,35,13,12,34,0,59,45,0,45,104
02/17/2013,PSC,WA,ANM,WE,Combined TRACON& Tower with Radar,16,9,13,0,38,0,0,53,1,54,16,9,66,1,92,30,0,30,122
02/18/2013,PSC,WA,ANM,WE,Combined TRACON& Tower with Radar,22,13,16,0,51,0,0,43,0,43,22,13,59,0,94,83,0,83,177
02/19/2013,PSC,WA,ANM,WE,Combined TRACON& Tower with Radar,17,15,12,1,45,0,0,14,1,15,17,15,26,2,60,6,0,6,66
02/20/2013,PSC,WA,ANM,WE,Combined TRACON& Tower with Radar,20,10,23,1,54,1,8,38,1,48,21,18,61,2,102,95,35,130,232
02/21/2013,PSC,WA,ANM,WE,Combined TRACON& Tower with Radar,21,11,5,0,37,0,0,16,0,16,21,11,21,0,53,0,0,0,53
02/22/2013,PSC,WA,ANM,WE,Combined TRACON& Tower with Radar,20,13,15,2,50,0,0,9,0,9,20,13,24,2,59,2,0,2,61
02/23/2013,PSC,WA,ANM,WE,Combined TRACON& Tower with Radar,14,8,13,0,35,0,4,20,0,24,14,12,33,0,59,0,0,0,59
02/24/2013,PSC,WA,ANM,WE,Combined TRACON& Tower with Radar,18,9,12,0,39,0,2,31,0,33,18,11,43,0,72,69,0,69,141
02/25/2013,PSC,WA,ANM,WE,Combined TRACON& Tower with Radar,19,10,16,2,47,0,0,5,0,5,19,10,21,2,52,0,6,6,58
02/26/2013,PSC,WA,ANM,WE,Combined TRACON& Tower with Radar,17,16,12,6,51,0,0,29,1,30,17,16,41,7,81,82,0,82,163
02/27/2013,PSC,WA,ANM,WE,Combined TRACON& Tower with Radar,19,17,14,2,52,0,0,24,1,25,19,17,38,3,77,36,0,36,113
02/28/2013,PSC,WA,ANM,WE,Combined TRACON& Tower with Radar,20,13,25,23,81,0,0,7,3,10,20,13,32,26,91,22,96,118,209
03/01/2013,PSC,WA,ANM,WE,Combined TRACON& Tower with Radar,20,15,10,0,45,0,0,28,0,28,20,15,38,0,73,24,0,24,97
03/02/2013,PSC,WA,ANM,WE,Combined TRACON& Tower with Radar,13,11,13,0,37,0,4,47,0,51,13,15,60,0,88,36,0,36,124
03/03/2013,PSC,WA,ANM,WE,Combined TRACON& Tower with Radar,20,11,4,0,35,0,0,27,2,29,20,11,31,2,64,42,0,42,106
03/04/2013,PSC,WA,ANM,WE,Combined TRACON& Tower with Radar,20,13,22,8,63,0,0,66,0,66,20,13,88,8,129,125,36,161,290
03/05/2013,PSC,WA,ANM,WE,Combined TRACON& Tower with Radar,20,17,14,6,57,0,0,12,0,12,20,17,26,6,69,48,16,64,133
03/06/2013,PSC,WA,ANM,WE,Combined TRACON& Tower with Radar,18,13,19,3,53,0,0,4,0,4,18,13,23,3,57,16,40,56,113
03/07/2013,PSC,WA,ANM,WE,Combined TRACON& Tower with Radar,19,14,22,8,63,0,0,41,1,42,19,14,63,9,105,41,14,55,160
03/08/2013,PSC,WA,ANM,WE,Combined TRACON& Tower with Radar,18,16,24,0,58,0,0,43,0,43,18,16,67,0,101,80,0,80,181
03/09/2013,PSC,WA,ANM,WE,Combined TRACON& Tower with Radar,15,11,10,0,36,0,3,68,0,71,15,14,78,0,107,59,0,59,166
03/10/2013,PSC,WA,ANM,WE,Combined TRACON& Tower with Radar,16,13,8,0,37,0,0,23,5,28,16,13,31,5,65,84,0,84,149
03/11/2013,PSC,WA,ANM,WE,Combined TRACON& Tower with Radar,18,14,17,0,49,0,2,28,1,31,18,16,45,1,80,38,0,38,118
03/12/2013,PSC,WA,ANM,WE,Combined TRACON& Tower with Radar,16,18,21,0,55,0,0,19,0,19,16,18,40,0,74,19,0,19,93
03/13/2013,PSC,WA,ANM,WE,Combined TRACON& Tower with Radar,16,20,9,2,47,0,2,55,2,59,16,22,64,4,106,98,1,99,205
03/14/2013,PSC,WA,ANM,WE,Combined TRACON& Tower with Radar,18,17,11,1,47,0,0,32,1,33,18,17,43,2,80,42,0,42,122
03/15/2013,PSC,WA,ANM,WE,Combined TRACON& Tower with Radar,18,16,12,0,46,0,0,38,0,38,18,16,50,0,84,54,7,61,145
03/16/2013,PSC,WA,ANM,WE,Combined TRACON& Tower with Radar,13,12,13,1,39,0,5,33,0,38,13,17,46,1,77,10,0,10,87
03/17/2013,PSC,WA,ANM,WE,Combined TRACON& Tower with Radar,15,13,11,0,39,0,0,4,0,4,15,13,15,0,43,0,0,0,43
03/18/2013,PSC,WA,ANM,WE,Combined TRACON& Tower with Radar,18,14,9,0,41,0,6,16,0,22,18,20,25,0,63,9,0,9,72
03/19/2013,PSC,WA,ANM,WE,Combined TRACON& Tower with Radar,15,18,10,0,43,0,2,18,0,20,15,20,28,0,63,6,0,6,69
03/20/2013,PSC,WA,ANM,WE,Combined TRACON& Tower with Radar,18,19,21,2,60,0,0,22,0,22,18,19,43,2,82,31,14,45,127
03/21/2013,PSC,WA,ANM,WE,Combined TRACON& Tower with Radar,24,16,12,4,56,0,1,14,1,16,24,17,26,5,72,15,26,41,113
03/22/2013,PSC,WA,ANM,WE,Combined TRACON& Tower with Radar,18,16,15,4,53,0,0,39,0,39,18,16,54,4,92,54,12,66,158
03/23/2013,PSC,WA,ANM,WE,Combined TRACON& Tower with Radar,13,13,18,0,44,0,0,47,1,48,13,13,65,1,92,74,0,74,166
03/24/2013,PSC,WA,ANM,WE,Combined TRACON& Tower with Radar,18,12,9,0,39,0,0,28,3,31,18,12,37,3,70,97,0,97,167
03/25/2013,PSC,WA,ANM,WE,Combined TRACON& Tower with Radar,18,17,20,5,60,0,0,44,1,45,18,17,64,6,105,62,28,90,195
03/26/2013,PSC,WA,ANM,WE,Combined TRACON& Tower with Radar,15,16,17,0,48,0,0,36,0,36,15,16,53,0,84,50,0,50,134
03/27/2013,PSC,WA,ANM,WE,Combined TRACON& Tower with Radar,18,15,14,2,49,0,4,46,2,52,18,19,60,4,101,46,0,46,147
03/28/2013,PSC,WA,ANM,WE,Combined TRACON& Tower with Radar,20,13,15,0,48,0,0,44,1,45,20,13,59,1,93,64,0,64,157
03/29/2013,PSC,WA,ANM,WE,Combined TRACON& Tower with Radar,17,17,22,0,56,0,0,51,0,51,17,17,73,0,107,152,0,152,259
03/30/2013,PSC,WA,ANM,WE,Combined TRACON& Tower with Radar,15,13,22,0,50,0,4,63,1,68,15,17,85,1,118,96,0,96,214
03/31/2013,PSC,WA,ANM,WE,Combined TRACON& Tower with Radar,22,11,6,0,39,0,0,29,0,29,22,11,35,0,68,64,0,64,132
04/01/2013,PSC,WA,ANM,WE,Combined TRACON& Tower with Radar,19,14,17,5,55,0,0,26,2,28,19,14,43,7,83,22,46,68,151
04/02/2013,PSC,WA,ANM,WE,Combined TRACON& Tower with Radar,16,17,14,11,58,0,0,45,3,48,16,17,59,14,106,54,22,76,182
04/03/2013,PSC,WA,ANM,WE,Combined TRACON& Tower with Radar,16,18,20,5,59,0,1,70,5,76,16,19,90,10,135,50,50,100,235
04/04/2013,PSC,WA,ANM,WE,Combined TRACON& Tower with Radar,20,16,20,2,58,0,2,32,2,36,20,18,52,4,94,39,0,39,133
04/05/2013,PSC,WA,ANM,WE,Combined TRACON& Tower with Radar,18,20,22,2,62,0,0,23,0,23,18,20,45,2,85,30,22,52,137
04/06/2013,PSC,WA,ANM,WE,Combined TRACON& Tower with Radar,13,12,19,0,44,0,4,18,4,26,13,16,37,4,70,16,0,16,86
04/07/2013,PSC,WA,ANM,WE,Combined TRACON& Tower with Radar,16,11,14,0,41,0,0,3,0,3,16,11,17,0,44,20,0,20,64
04/08/2013,PSC,WA,ANM,WE,Combined TRACON& Tower with Radar,17,14,11,0,42,0,0,32,0,32,17,14,43,0,74,104,0,104,178
04/09/2013,PSC,WA,ANM,WE,Combined TRACON& Tower with Radar,15,15,11,17,58,0,0,52,6,58,15,15,63,23,116,70,75,145,261
04/10/2013,PSC,WA,ANM,WE,Combined TRACON& Tower with Radar,16,18,9,1,44,0,0,15,1,16,16,18,24,2,60,22,42,64,124
04/11/2013,PSC,WA,ANM,WE,Combined TRACON& Tower with Radar,18,19,14,0,51,0,1,29,0,30,18,20,43,0,81,24,0,24,105
04/12/2013,PSC,WA,ANM,WE,Combined TRACON& Tower with Radar,18,21,19,9,67,0,0,73,1,74,18,21,92,10,141,156,30,186,327
04/13/2013,PSC,WA,ANM,WE,Combined TRACON& Tower with Radar,13,15,4,2,34,0,4,9,7,20,13,19,13,9,54,10,43,53,107
04/14/2013,PSC,WA,ANM,WE,Combined TRACON& Tower with Radar,18,12,9,0,39,0,0,29,1,30,18,12,38,1,69,70,0,70,139
04/15/2013,PSC,WA,ANM,WE,Combined TRACON& Tower with Radar,18,17,9,0,44,0,1,35,0,36,18,18,44,0,80,90,0,90,170
04/16/2013,PSC,WA,ANM,WE,Combined TRACON& Tower with Radar,16,17,17,2,52,0,0,30,0,30,16,17,47,2,82,64,0,64,146
04/17/2013,PSC,WA,ANM,WE,Combined TRACON& Tower with Radar,16,18,21,10,65,0,0,49,2,51,16,18,70,12,116,89,16,105,221
04/18/2013,PSC,WA,ANM,WE,Combined TRACON& Tower with Radar,18,20,9,2,49,0,0,32,3,35,18,20,41,5,84,56,54,110,194
04/19/2013,PSC,WA,ANM,WE,Combined TRACON& Tower with Radar,18,18,6,0,42,0,0,22,2,24,18,18,28,2,66,56,0,56,122
04/20/2013,PSC,WA,ANM,WE,Combined TRACON& Tower with Radar,12,14,13,0,39,0,2,25,0,27,12,16,38,0,66,33,0,33,99
04/21/2013,PSC,WA,ANM,WE,Combined TRACON& Tower with Radar,18,13,9,0,40,0,0,24,0,24,18,13,33,0,64,75,0,75,139
04/22/2013,PSC,WA,ANM,WE,Combined TRACON& Tower with Radar,18,16,12,8,54,0,0,64,0,64,18,16,76,8,118,80,10,90,208
04/23/2013,PSC,WA,ANM,WE,Combined TRACON& Tower with Radar,16,16,14,0,46,0,0,54,0,54,16,16,68,0,100,144,0,144,244
04/24/2013,PSC,WA,ANM,WE,Combined TRACON& Tower with Radar,16,18,21,0,55,0,0,69,0,69,16,18,90,0,124,106,0,106,230
04/25/2013,PSC,WA,ANM,WE,Combined TRACON& Tower with Radar,15,18,18,6,57,0,2,47,3,52,15,20,65,9,109,79,0,79,188
04/26/2013,PSC,WA,ANM,WE,Combined TRACON& Tower with Radar,17,19,14,0,50,0,0,40,0,40,17,19,54,0,90,116,0,116,206
04/27/2013,PSC,WA,ANM,WE,Combined TRACON& Tower with Radar,13,13,6,6,38,0,5,26,4,35,13,18,32,10,73,74,18,92,165
04/28/2013,PSC,WA,ANM,WE,Combined TRACON& Tower with Radar,18,12,7,0,37,0,0,17,0,17,18,12,24,0,54,8,0,8,62
04/29/2013,PSC,WA,ANM,WE,Combined TRACON& Tower with Radar,22,17,2,0,41,0,2,5,0,7,22,19,7,0,48,0,0,0,48
04/30/2013,PSC,WA,ANM,WE,Combined TRACON& Tower with Radar,17,18,15,2,52,0,0,36,0,36,17,18,51,2,88,62,24,86,174
05/01/2013,PSC,WA,ANM,WE,Combined TRACON& Tower with Radar,17,16,21,10,64,0,1,69,1,71,17,17,90,11,135,58,2,60,195
05/02/2013,PSC,WA,ANM,WE,Combined TRACON& Tower with Radar,18,18,15,4,55,0,2,76,1,79,18,20,91,5,134,105,16,121,255
05/03/2013,PSC,WA,ANM,WE,Combined TRACON& Tower with Radar,17,18,14,0,49,0,0,50,0,50,17,18,64,0,99,56,10,66,165
05/04/2013,PSC,WA,ANM,WE,Combined TRACON& Tower with Radar,15,15,14,0,44,0,2,38,0,40,15,17,52,0,84,18,0,18,102
05/05/2013,PSC,WA,ANM,WE,Combined TRACON& Tower with Radar,19,13,11,0,43,0,0,48,1,49,19,13,59,1,92,79,0,79,171
05/06/2013,PSC,WA,ANM,WE,Combined TRACON& Tower with Radar,20,17,11,0,48,0,0,59,0,59,20,17,70,0,107,38,0,38,145
05/07/2013,PSC,WA,ANM,WE,Combined TRACON& Tower with Radar,15,20,18,3,56,0,2,62,0,64,15,22,80,3,120,64,0,64,184
05/08/2013,PSC,WA,ANM,WE,Combined TRACON& Tower with Radar,17,16,12,6,51,0,0,46,0,46,17,16,58,6,97,58,29,87,184
05/09/2013,PSC,WA,ANM,WE,Combined TRACON& Tower with Radar,18,16,11,3,48,0,0,52,3,55,18,16,63,6,103,62,24,86,189
05/10/2013,PSC,WA,ANM,WE,Combined TRACON& Tower with Radar,17,25,10,0,52,0,0,55,0,55,17,25,65,0,107,70,0,70,177
05/11/2013,PSC,WA,ANM,WE,Combined TRACON& Tower with Radar,17,13,24,0,54,0,3,60,1,64,17,16,84,1,118,42,0,42,160
05/12/2013,PSC,WA,ANM,WE,Combined TRACON& Tower with Radar,18,12,13,0,43,0,0,25,0,25,18,12,38,0,68,28,0,28,96
05/13/2013,PSC,WA,ANM,WE,Combined TRACON& Tower with Radar,24,17,12,8,61,0,0,21,5,26,24,17,33,13,87,44,64,108,195
05/14/2013,PSC,WA,ANM,WE,Combined TRACON& Tower with Radar,19,18,17,0,54,0,1,45,0,46,19,19,62,0,100,23,0,23,123
05/15/2013,PSC,WA,ANM,WE,Combined TRACON& Tower with Radar,17,16,16,2,51,0,2,58,14,74,17,18,74,16,125,78,4,82,207
05/16/2013,PSC,WA,ANM,WE,Combined TRACON& Tower with Radar,19,20,16,0,55,0,0,55,5,60,19,20,71,5,115,69,0,69,184
05/17/2013,PSC,WA,ANM,WE,Combined TRACON& Tower with Radar,20,18,5,0,43,0,0,39,3,42,20,18,44,3,85,72,0,72,157
05/18/2013,PSC,WA,ANM,WE,Combined TRACON& Tower with Radar,14,13,1,0,28,0,5,37,0,42,14,18,38,0,70,0,0,0,70
05/19/2013,PSC,WA,ANM,WE,Combined TRACON& Tower with Radar,18,13,11,0,42,0,0,26,0,26,18,13,37,0,68,50,0,50,118
05/20/2013,PSC,WA,ANM,WE,Combined TRACON& Tower with Radar,19,16,10,1,46,0,0,38,1,39,19,16,48,2,85,107,0,107,192
05/21/2013,PSC,WA,ANM,WE,Combined TRACON& Tower with Radar,16,18,22,2,58,0,0,38,0,38,16,18,60,2,96,38,22,60,156
05/22/2013,PSC,WA,ANM,WE,Combined TRACON& Tower with Radar,19,14,12,2,47,0,0,9,0,9,19,14,21,2,56,64,34,98,154
05/23/2013,PSC,WA,ANM,WE,Combined TRACON& Tower with Radar,19,16,20,3,58,0,0,51,2,53,19,16,71,5,111,64,18,82,193
05/24/2013,PSC,WA,ANM,WE,Combined TRACON& Tower with Radar,23,19,21,0,63,0,0,24,0,24,23,19,45,0,87,29,0,29,116
05/25/2013,PSC,WA,ANM,WE,Combined TRACON& Tower with Radar,13,14,10,0,37,0,2,33,0,35,13,16,43,0,72,64,0,64,136
05/26/2013,PSC,WA,ANM,WE,Combined TRACON& Tower with Radar,21,8,10,0,39,0,0,13,0,13,21,8,23,0,52,17,0,17,69
05/27/2013,PSC,WA,ANM,WE,Combined TRACON& Tower with Radar,19,12,6,0,37,0,0,18,0,18,19,12,24,0,55,47,0,47,102
05/28/2013,PSC,WA,ANM,WE,Combined TRACON& Tower with Radar,17,17,10,21,65,0,2,43,3,48,17,19,53,24,113,28,32,60,173
05/29/2013,PSC,WA,ANM,WE,Combined TRACON& Tower with Radar,19,14,28,7,68,0,0,30,1,31,19,14,58,8,99,28,48,76,175
05/30/2013,PSC,WA,ANM,WE,Combined TRACON& Tower with Radar,21,15,25,4,65,0,0,53,5,58,21,15,78,9,123,68,30,98,221
05/31/2013,PSC,WA,ANM,WE,Combined TRACON& Tower with Radar,24,18,16,1,59,0,0,63,1,64,24,18,79,2,123,87,30,117,240
06/01/2013,PSC,WA,ANM,WE,Combined TRACON& Tower with Radar,13,16,5,0,34,0,5,73,0,78,13,21,78,0,112,102,0,102,214
06/02/2013,PSC,WA,ANM,WE,Combined TRACON& Tower with Radar,18,13,8,0,39,0,0,26,0,26,18,13,34,0,65,32,0,32,97
06/03/2013,PSC,WA,ANM,WE,Combined TRACON& Tower with Radar,22,22,11,0,55,0,1,37,0,38,22,23,48,0,93,4,0,4,97
06/04/2013,PSC,WA,ANM,WE,Combined TRACON& Tower with Radar,19,15,11,10,55,0,0,32,0,32,19,15,43,10,87,18,0,18,105
06/05/2013,PSC,WA,ANM,WE,Combined TRACON& Tower with Radar,20,15,30,6,71,0,2,57,1,60,20,17,87,7,131,36,0,36,167
06/06/2013,PSC,WA,ANM,WE,Combined TRACON& Tower with Radar,19,17,10,3,49,0,0,46,1,47,19,17,56,4,96,51,0,51,147
06/07/2013,PSC,WA,ANM,WE,Combined TRACON& Tower with Radar,24,15,9,1,49,0,2,52,3,57,24,17,61,4,106,18,8,26,132
06/08/2013,PSC,WA,ANM,WE,Combined TRACON& Tower with Radar,11,17,16,0,44,0,2,45,2,49,11,19,61,2,93,81,0,81,174
06/09/2013,PSC,WA,ANM,WE,Combined TRACON& Tower with Radar,18,13,6,0,37,0,0,32,1,33,18,13,38,1,70,52,0,52,122
06/10/2013,PSC,WA,ANM,WE,Combined TRACON& Tower with Radar,23,18,8,3,52,0,1,41,1,43,23,19,49,4,95,36,29,65,160
06/11/2013,PSC,WA,ANM,WE,Combined TRACON& Tower with Radar,17,21,13,3,54,0,0,37,2,39,17,21,50,5,93,14,2,16,109
06/12/2013,PSC,WA,ANM,WE,Combined TRACON& Tower with Radar,17,20,14,6,57,0,1,59,2,62,17,21,73,8,119,78,66,144,263
06/13/2013,PSC,WA,ANM,WE,Combined TRACON& Tower with Radar,17,19,17,0,53,0,0,59,0,59,17,19,76,0,112,101,0,101,213
06/14/2013,PSC,WA,ANM,WE,Combined TRACON& Tower with Radar,23,23,19,0,65,0,2,131,2,135,23,25,150,2,200,82,0,82,282
06/15/2013,PSC,WA,ANM,WE,Combined TRACON& Tower with Radar,16,14,8,1,39,0,4,64,5,73,16,18,72,6,112,78,0,78,190
06/16/2013,PSC,WA,ANM,WE,Combined TRACON& Tower with Radar,18,14,9,0,41,0,2,41,2,45,18,16,50,2,86,22,0,22,108
06/17/2013,PSC,WA,ANM,WE,Combined TRACON& Tower with Radar,23,16,22,4,65,0,0,44,4,48,23,16,66,8,113,74,60,134,247
06/18/2013,PSC,WA,ANM,WE,Combined TRACON& Tower with Radar,18,21,28,1,68,0,3,72,9,84,18,24,100,10,152,108,0,108,260
06/19/2013,PSC,WA,ANM,WE,Combined TRACON& Tower with Radar,20,15,23,2,60,0,0,32,10,42,20,15,55,12,102,48,0,48,150
06/20/2013,PSC,WA,ANM,WE,Combined TRACON& Tower with Radar,20,18,13,6,57,0,4,37,9,50,20,22,50,15,107,14,18,32,139
06/21/2013,PSC,WA,ANM,WE,Combined TRACON& Tower with Radar,22,22,14,1,59,0,0,54,0,54,22,22,68,1,113,51,0,51,164
06/22/2013,PSC,WA,ANM,WE,Combined TRACON& Tower with Radar,14,13,7,0,34,0,2,54,4,60,14,15,61,4,94,42,0,42,136
06/23/2013,PSC,WA,ANM,WE,Combined TRACON& Tower with Radar,19,13,12,0,44,0,4,47,1,52,19,17,59,1,96,28,0,28,124
06/24/2013,PSC,WA,ANM,WE,Combined TRACON& Tower with Radar,22,16,24,26,88,0,0,38,9,47,22,16,62,35,135,39,51,90,225
06/25/2013,PSC,WA,ANM,WE,Combined TRACON& Tower with Radar,17,20,16,2,55,0,0,24,1,25,17,20,40,3,80,18,8,26,106
06/26/2013,PSC,WA,ANM,WE,Combined TRACON& Tower with Radar,17,18,24,5,64,0,0,38,1,39,17,18,62,6,103,75,14,89,192
06/27/2013,PSC,WA,ANM,WE,Combined TRACON& Tower with Radar,21,19,18,2,60,0,1,58,2,61,21,20,76,4,121,29,44,73,194
06/28/2013,PSC,WA,ANM,WE,Combined TRACON& Tower with Radar,25,19,17,0,61,0,0,58,2,60,25,19,75,2,121,50,0,50,171
06/29/2013,PSC,WA,ANM,WE,Combined TRACON& Tower with Radar,13,17,5,0,35,0,1,27,1,29,13,18,32,1,64,30,0,30,94
06/30/2013,PSC,WA,ANM,WE,Combined TRACON& Tower with Radar,20,13,10,0,43,0,0,36,4,40,20,13,46,4,83,40,0,40,123
07/01/2013,PSC,WA,ANM,WE,Combined TRACON& Tower with Radar,23,14,10,2,49,0,0,36,0,36,23,14,46,2,85,28,0,28,113
07/02/2013,PSC,WA,ANM,WE,Combined TRACON& Tower with Radar,19,16,16,0,51,0,2,37,0,39,19,18,53,0,90,77,0,77,167
07/03/2013,PSC,WA,ANM,WE,Combined TRACON& Tower with Radar,17,18,15,3,53,0,0,41,1,42,17,18,56,4,95,49,0,49,144
07/04/2013,PSC,WA,ANM,WE,Combined TRACON& Tower with Radar,14,10,5,0,29,0,2,16,3,21,14,12,21,3,50,0,0,0,50
07/05/2013,PSC,WA,ANM,WE,Combined TRACON& Tower with Radar,21,17,7,0,45,0,0,35,0,35,21,17,42,0,80,42,0,42,122
07/06/2013,PSC,WA,ANM,WE,Combined TRACON& Tower with Radar,14,14,6,0,34,0,3,47,0,50,14,17,53,0,84,44,0,44,128
07/07/2013,PSC,WA,ANM,WE,Combined TRACON& Tower with Radar,16,11,6,0,33,0,1,37,1,39,16,12,43,1,72,20,16,36,108
07/08/2013,PSC,WA,ANM,WE,Combined TRACON& Tower with Radar,23,17,13,2,55,0,1,58,0,59,23,18,71,2,114,56,4,60,174
07/09/2013,PSC,WA,ANM,WE,Combined TRACON& Tower with Radar,21,21,16,2,60,0,3,47,2,52,21,24,63,4,112,72,12,84,196
07/10/2013,PSC,WA,ANM,WE,Combined TRACON& Tower with Radar,17,22,13,12,64,0,1,54,12,67,17,23,67,24,131,32,81,113,244
07/11/2013,PSC,WA,ANM,WE,Combined TRACON& Tower with Radar,16,15,12,0,43,0,0,40,0,40,16,15,52,0,83,61,0,61,144
07/12/2013,PSC,WA,ANM,WE,Combined TRACON& Tower with Radar,23,18,7,0,48,0,4,48,0,52,23,22,55,0,100,26,0,26,126
07/13/2013,PSC,WA,ANM,WE,Combined TRACON& Tower with Radar,15,15,5,2,37,0,2,52,0,54,15,17,57,2,91,18,0,18,109
07/14/2013,PSC,WA,ANM,WE,Combined TRACON& Tower with Radar,19,12,10,0,41,0,1,39,0,40,19,13,49,0,81,18,0,18,99
07/15/2013,PSC,WA,ANM,WE,Combined TRACON& Tower with Radar,23,15,9,0,47,0,0,52,0,52,23,15,61,0,99,80,0,80,179
07/16/2013,PSC,WA,ANM,WE,Combined TRACON& Tower with Radar,21,16,7,1,45,0,0,29,1,30,21,16,36,2,75,28,40,68,143
07/17/2013,PSC,WA,ANM,WE,Combined TRACON& Tower with Radar,21,15,21,0,57,0,0,56,0,56,21,15,77,0,113,14,0,14,127
07/18/2013,PSC,WA,ANM,WE,Combined TRACON& Tower with Radar,19,17,12,0,48,0,1,56,0,57,19,18,68,0,105,89,0,89,194
07/19/2013,PSC,WA,ANM,WE,Combined TRACON& Tower with Radar,22,18,15,0,55,0,0,46,1,47,22,18,61,1,102,38,0,38,140
07/20/2013,PSC,WA,ANM,WE,Combined TRACON& Tower with Radar,15,11,7,0,33,0,4,45,0,49,15,15,52,0,82,6,0,6,88
07/21/2013,PSC,WA,ANM,WE,Combined TRACON& Tower with Radar,18,11,12,0,41,0,0,32,0,32,18,11,44,0,73,10,0,10,83
07/22/2013,PSC,WA,ANM,WE,Combined TRACON& Tower with Radar,23,18,11,0,52,0,2,24,2,28,23,20,35,2,80,21,0,21,101
07/23/2013,PSC,WA,ANM,WE,Combined TRACON& Tower with Radar,16,18,16,2,52,0,0,68,5,73,16,18,84,7,125,50,8,58,183
07/24/2013,PSC,WA,ANM,WE,Combined TRACON& Tower with Radar,16,16,12,2,46,0,0,34,0,34,16,16,46,2,80,32,6,38,118
07/25/2013,PSC,WA,ANM,WE,Combined TRACON& Tower with Radar,17,19,20,0,56,0,1,66,2,69,17,20,86,2,125,72,0,72,197
07/26/2013,PSC,WA,ANM,WE,Combined TRACON& Tower with Radar,23,20,17,0,60,0,0,47,0,47,23,20,64,0,107,32,0,32,139
07/27/2013,PSC,WA,ANM,WE,Combined TRACON& Tower with Radar,14,13,16,0,43,0,6,46,0,52,14,19,62,0,95,25,0,25,120
07/28/2013,PSC,WA,ANM,WE,Combined TRACON& Tower with Radar,19,10,10,0,39,0,2,43,0,45,19,12,53,0,84,4,0,4,88
07/29/2013,PSC,WA,ANM,WE,Combined TRACON& Tower with Radar,24,16,19,4,63,0,2,43,0,45,24,18,62,4,108,20,8,28,136
07/30/2013,PSC,WA,ANM,WE,Combined TRACON& Tower with Radar,19,19,16,0,54,0,1,26,0,27,19,20,42,0,81,20,0,20,101
07/31/2013,PSC,WA,ANM,WE,Combined TRACON& Tower with Radar,16,20,26,3,65,0,0,51,0,51,16,20,77,3,116,34,49,83,199
08/01/2013,PSC,WA,ANM,WE,Combined TRACON& Tower with Radar,21,16,14,0,51,0,0,25,0,25,21,16,39,0,76,18,0,18,94
08/02/2013,PSC,WA,ANM,WE,Combined TRACON& Tower with Radar,23,16,14,0,53,0,0,44,2,46,23,16,58,2,99,60,0,60,159
08/03/2013,PSC,WA,ANM,WE,Combined TRACON& Tower with Radar,16,11,15,0,42,0,3,52,0,55,16,14,67,0,97,23,0,23,120
08/04/2013,PSC,WA,ANM,WE,Combined TRACON& Tower with Radar,19,11,14,0,44,0,0,45,1,46,19,11,59,1,90,26,0,26,116
08/05/2013,PSC,WA,ANM,WE,Combined TRACON& Tower with Radar,25,13,11,0,49,0,0,29,2,31,25,13,40,2,80,35,0,35,115
08/06/2013,PSC,WA,ANM,WE,Combined TRACON& Tower with Radar,17,15,14,5,51,6,0,27,0,33,23,15,41,5,84,3,0,3,87
08/07/2013,PSC,WA,ANM,WE,Combined TRACON& Tower with Radar,19,16,17,0,52,0,1,25,2,28,19,17,42,2,80,70,0,70,150
08/08/2013,PSC,WA,ANM,WE,Combined TRACON& Tower with Radar,19,16,14,0,49,0,0,40,0,40,19,16,54,0,89,73,0,73,162
08/09/2013,PSC,WA,ANM,WE,Combined TRACON& Tower with Radar,23,17,14,0,54,0,0,29,2,31,23,17,43,2,85,41,0,41,126
08/10/2013,PSC,WA,ANM,WE,Combined TRACON& Tower with Radar,16,15,11,0,42,0,4,25,1,30,16,19,36,1,72,21,0,21,93
08/11/2013,PSC,WA,ANM,WE,Combined TRACON& Tower with Radar,19,11,11,0,41,0,0,20,0,20,19,11,31,0,61,24,0,24,85
08/12/2013,PSC,WA,ANM,WE,Combined TRACON& Tower with Radar,20,14,14,0,48,0,0,45,1,46,20,14,59,1,94,14,0,14,108
08/13/2013,PSC,WA,ANM,WE,Combined TRACON& Tower with Radar,19,15,10,0,44,0,0,49,0,49,19,15,59,0,93,39,0,39,132
08/14/2013,PSC,WA,ANM,WE,Combined TRACON& Tower with Radar,17,20,16,0,53,0,0,41,0,41,17,20,57,0,94,21,0,21,115
08/15/2013,PSC,WA,ANM,WE,Combined TRACON& Tower with Radar,19,17,11,5,52,0,0,55,0,55,19,17,66,5,107,92,34,126,233
08/16/2013,PSC,WA,ANM,WE,Combined TRACON& Tower with Radar,21,17,9,3,50,0,1,39,1,41,21,18,48,4,91,67,2,69,160
08/17/2013,PSC,WA,ANM,WE,Combined TRACON& Tower with Radar,13,18,11,0,42,0,3,39,1,43,13,21,50,1,85,32,0,32,117
08/18/2013,PSC,WA,ANM,WE,Combined TRACON& Tower with Radar,19,12,10,0,41,0,1,35,1,37,19,13,45,1,78,61,0,61,139
08/19/2013,PSC,WA,ANM,WE,Combined TRACON& Tower with Radar,21,16,7,3,47,0,0,37,1,38,21,16,44,4,85,29,35,64,149
08/20/2013,PSC,WA,ANM,WE,Combined TRACON& Tower with Radar,17,18,7,0,42,0,2,24,0,26,17,20,31,0,68,0,0,0,68
08/21/2013,PSC,WA,ANM,WE,Combined TRACON& Tower with Radar,17,17,19,0,53,0,0,34,0,34,17,17,53,0,87,14,0,14,101
08/22/2013,PSC,WA,ANM,WE,Combined TRACON& Tower with Radar,19,18,16,4,57,0,0,50,2,52,19,18,66,6,109,62,16,78,187
08/23/2013,PSC,WA,ANM,WE,Combined TRACON& Tower with Radar,19,18,13,0,50,0,0,29,0,29,19,18,42,0,79,0,0,0,79
08/24/2013,PSC,WA,ANM,WE,Combined TRACON& Tower with Radar,13,16,8,0,37,0,2,33,0,35,13,18,41,0,72,26,0,26,98
08/25/2013,PSC,WA,ANM,WE,Combined TRACON& Tower with Radar,18,13,8,0,39,0,0,18,0,18,18,13,26,0,57,17,0,17,74
08/26/2013,PSC,WA,ANM,WE,Combined TRACON& Tower with Radar,20,15,18,2,55,0,0,34,2,36,20,15,52,4,91,52,22,74,165
08/27/2013,PSC,WA,ANM,WE,Combined TRACON& Tower with Radar,17,19,19,4,59,0,0,29,0,29,17,19,48,4,88,42,0,42,130
08/28/2013,PSC,WA,ANM,WE,Combined TRACON& Tower with Radar,16,18,15,0,49,1,2,55,1,59,17,20,70,1,108,32,0,32,140
08/29/2013,PSC,WA,ANM,WE,Combined TRACON& Tower with Radar,18,21,6,0,45,0,0,46,1,47,18,21,52,1,92,35,0,35,127
08/30/2013,PSC,WA,ANM,WE,Combined TRACON& Tower with Radar,19,20,14,0,53,0,0,33,4,37,19,20,47,4,90,25,8,33,123
08/31/2013,PSC,WA,ANM,WE,Combined TRACON& Tower with Radar,12,13,6,0,31,0,2,20,0,22,12,15,26,0,53,4,0,4,57
09/01/2013,PSC,WA,ANM,WE,Combined TRACON& Tower with Radar,16,7,6,0,29,0,0,18,0,18,16,7,24,0,47,21,0,21,68
09/02/2013,PSC,WA,ANM,WE,Combined TRACON& Tower with Radar,19,14,15,0,48,0,0,33,0,33,19,14,48,0,81,30,0,30,111
09/03/2013,PSC,WA,ANM,WE,Combined TRACON& Tower with Radar,15,17,11,4,47,0,0,26,2,28,15,17,37,6,75,15,54,69,144
09/04/2013,PSC,WA,ANM,WE,Combined TRACON& Tower with Radar,16,19,13,4,52,0,0,30,0,30,16,19,43,4,82,32,8,40,122
09/05/2013,PSC,WA,ANM,WE,Combined TRACON& Tower with Radar,17,19,8,2,46,0,1,28,0,29,17,20,36,2,75,54,0,54,129
09/06/2013,PSC,WA,ANM,WE,Combined TRACON& Tower with Radar,14,20,8,0,42,0,0,22,0,22,14,20,30,0,64,10,0,10,74
09/07/2013,PSC,WA,ANM,WE,Combined TRACON& Tower with Radar,14,16,8,5,43,0,3,27,2,32,14,19,35,7,75,42,8,50,125
09/08/2013,PSC,WA,ANM,WE,Combined TRACON& Tower with Radar,15,14,9,0,38,0,1,39,0,40,15,15,48,0,78,73,0,73,151
09/09/2013,PSC,WA,ANM,WE,Combined TRACON& Tower with Radar,15,18,12,1,46,0,0,31,3,34,15,18,43,4,80,10,4,14,94
09/10/2013,PSC,WA,ANM,WE,Combined TRACON& Tower with Radar,15,17,15,0,47,0,0,43,0,43,15,17,58,0,90,8,0,8,98
09/11/2013,PSC,WA,ANM,WE,Combined TRACON& Tower with Radar,16,24,11,0,51,0,0,37,0,37,16,24,48,0,88,69,0,69,157
09/12/2013,PSC,WA,ANM,WE,Combined TRACON& Tower with Radar,17,27,11,0,55,0,1,43,0,44,17,28,54,0,99,70,0,70,169
09/13/2013,PSC,WA,ANM,WE,Combined TRACON& Tower with Radar,15,19,12,0,46,0,0,45,2,47,15,19,57,2,93,8,0,8,101
09/14/2013,PSC,WA,ANM,WE,Combined TRACON& Tower with Radar,15,14,18,0,47,0,2,35,0,37,15,16,53,0,84,0,0,0,84
09/15/2013,PSC,WA,ANM,WE,Combined TRACON& Tower with Radar,9,4,4,0,17,0,0,24,0,24,9,4,28,0,41,71,0,71,112
09/16/2013,PSC,WA,ANM,WE,Combined TRACON& Tower with Radar,10,14,8,0,32,0,0,20,2,22,10,14,28,2,54,22,0,22,76
09/17/2013,PSC,WA,ANM,WE,Combined TRACON& Tower with Radar,17,17,15,0,49,0,0,29,0,29,17,17,44,0,78,42,0,42,120
09/18/2013,PSC,WA,ANM,WE,Combined TRACON& Tower with Radar,15,19,12,0,46,0,2,23,2,27,15,21,35,2,73,20,10,30,103
09/19/2013,PSC,WA,ANM,WE,Combined TRACON& Tower with Radar,17,20,9,2,48,0,1,30,0,31,17,21,39,2,79,49,0,49,128
09/20/2013,PSC,WA,ANM,WE,Combined TRACON& Tower with Radar,17,20,5,0,42,0,0,31,0,31,17,20,36,0,73,16,0,16,89
09/21/2013,PSC,WA,ANM,WE,Combined TRACON& Tower with Radar,14,17,12,0,43,0,2,19,0,21,14,19,31,0,64,38,0,38,102
09/22/2013,PSC,WA,ANM,WE,Combined TRACON& Tower with Radar,15,14,7,0,36,0,0,21,0,21,15,14,28,0,57,18,0,18,75
09/23/2013,PSC,WA,ANM,WE,Combined TRACON& Tower with Radar,15,18,6,0,39,0,0,24,1,25,15,18,30,1,64,10,0,10,74
09/24/2013,PSC,WA,ANM,WE,Combined TRACON& Tower with Radar,15,20,16,0,51,0,0,19,1,20,15,20,35,1,71,23,1,24,95
09/25/2013,PSC,WA,ANM,WE,Combined TRACON& Tower with Radar,16,21,23,0,60,0,0,33,0,33,16,21,56,0,93,46,0,46,139
09/26/2013,PSC,WA,ANM,WE,Combined TRACON& Tower with Radar,18,20,23,0,61,0,0,33,2,35,18,20,56,2,96,60,0,60,156
09/27/2013,PSC,WA,ANM,WE,Combined TRACON& Tower with Radar,16,19,16,0,51,0,0,20,0,20,16,19,36,0,71,44,0,44,115
09/28/2013,PSC,WA,ANM,WE,Combined TRACON& Tower with Radar,15,13,10,0,38,0,2,12,0,14,15,15,22,0,52,20,0,20,72
09/29/2013,PSC,WA,ANM,WE,Combined TRACON& Tower with Radar,15,13,10,0,38,0,0,13,0,13,15,13,23,0,51,25,0,25,76
09/30/2013,PSC,WA,ANM,WE,Combined TRACON& Tower with Radar,16,17,2,0,35,0,0,11,0,11,16,17,13,0,46,0,0,0,46
10/01/2013,PSC,WA,ANM,WE,Combined TRACON& Tower with Radar,17,16,15,2,50,0,1,23,2,26,17,17,38,4,76,21,30,51,127
10/02/2013,PSC,WA,ANM,WE,Combined TRACON& Tower with Radar,16,17,11,5,49,0,0,26,1,27,16,17,37,6,76,81,0,81,157
10/03/2013,PSC,WA,ANM,WE,Combined TRACON& Tower with Radar,18,18,6,0,42,0,1,26,0,27,18,19,32,0,69,65,0,65,134
10/04/2013,PSC,WA,ANM,WE,Combined TRACON& Tower with Radar,17,21,15,0,53,0,0,22,0,22,17,21,37,0,75,17,0,17,92
10/05/2013,PSC,WA,ANM,WE,Combined TRACON& Tower with Radar,15,13,6,0,34,0,1,53,1,55,15,14,59,1,89,84,0,84,173
10/06/2013,PSC,WA,ANM,WE,Combined TRACON& Tower with Radar,18,10,17,0,45,0,0,29,0,29,18,10,46,0,74,21,0,21,95
10/07/2013,PSC,WA,ANM,WE,Combined TRACON& Tower with Radar,17,17,11,0,45,0,0,9,0,9,17,17,20,0,54,8,0,8,62
10/08/2013,PSC,WA,ANM,WE,Combined TRACON& Tower with Radar,16,16,12,0,44,0,0,8,0,8,16,16,20,0,52,24,0,24,76
10/09/2013,PSC,WA,ANM,WE,Combined TRACON& Tower with Radar,15,16,14,0,45,0,0,29,0,29,15,16,43,0,74,30,0,30,104
10/10/2013,PSC,WA,ANM,WE,Combined TRACON& Tower with Radar,18,22,14,0,54,0,2,37,0,39,18,24,51,0,93,44,0,44,137
10/11/2013,PSC,WA,ANM,WE,Combined TRACON& Tower with Radar,19,20,22,4,65,0,0,40,1,41,19,20,62,5,106,109,0,109,215
10/12/2013,PSC,WA,ANM,WE,Combined TRACON& Tower with Radar,13,15,15,0,43,0,0,26,0,26,13,15,41,0,69,25,0,25,94
10/13/2013,PSC,WA,ANM,WE,Combined TRACON& Tower with Radar,14,14,19,0,47,0,0,25,0,25,14,14,44,0,72,74,0,74,146
10/14/2013,PSC,WA,ANM,WE,Combined TRACON& Tower with Radar,21,13,12,0,46,0,0,25,1,26,21,13,37,1,72,26,0,26,98
10/15/2013,PSC,WA,ANM,WE,Combined TRACON& Tower with Radar,18,18,22,2,60,0,0,23,1,24,18,18,45,3,84,6,0,6,90
10/16/2013,PSC,WA,ANM,WE,Combined TRACON& Tower with Radar,17,16,20,2,55,0,0,16,0,16,17,16,36,2,71,0,0,0,71
10/17/2013,PSC,WA,ANM,WE,Combined TRACON& Tower with Radar,18,18,10,0,46,0,0,33,0,33,18,18,43,0,79,37,0,37,116
10/18/2013,PSC,WA,ANM,WE,Combined TRACON& Tower with Radar,22,19,6,2,49,0,1,32,2,35,22,20,38,4,84,27,0,27,111
10/19/2013,PSC,WA,ANM,WE,Combined TRACON& Tower with Radar,21,14,16,0,51,0,1,54,0,55,21,15,70,0,106,46,0,46,152
10/20/2013,PSC,WA,ANM,WE,Combined TRACON& Tower with Radar,17,14,13,0,44,0,0,36,0,36,17,14,49,0,80,79,0,79,159
10/21/2013,PSC,WA,ANM,WE,Combined TRACON& Tower with Radar,21,18,13,0,52,0,2,30,1,33,21,20,43,1,85,20,0,20,105
10/22/2013,PSC,WA,ANM,WE,Combined TRACON& Tower with Radar,24,14,10,2,50,0,0,33,2,35,24,14,43,4,85,35,0,35,120
10/23/2013,PSC,WA,ANM,WE,Combined TRACON& Tower with Radar,17,16,28,0,61,0,4,33,0,37,17,20,61,0,98,25,0,25,123
10/24/2013,PSC,WA,ANM,WE,Combined TRACON& Tower with Radar,22,18,13,0,53,0,0,28,1,29,22,18,41,1,82,14,0,14,96
10/25/2013,PSC,WA,ANM,WE,Combined TRACON& Tower with Radar,19,23,12,4,58,0,1,20,0,21,19,24,32,4,79,22,50,72,151
10/26/2013,PSC,WA,ANM,WE,Combined TRACON& Tower with Radar,16,14,9,0,39,0,1,18,0,19,16,15,27,0,58,46,0,46,104
10/27/2013,PSC,WA,ANM,WE,Combined TRACON& Tower with Radar,17,15,13,0,45,0,0,0,0,0,17,15,13,0,45,92,0,92,137
10/28/2013,PSC,WA,ANM,WE,Combined TRACON& Tower with Radar,20,17,14,0,51,0,2,3,0,5,20,19,17,0,56,0,0,0,56
10/29/2013,PSC,WA,ANM,WE,Combined TRACON& Tower with Radar,17,18,6,4,45,0,0,36,0,36,17,18,42,4,81,7,21,28,109
10/30/2013,PSC,WA,ANM,WE,Combined TRACON& Tower with Radar,16,17,29,4,66,0,0,31,0,31,16,17,60,4,97,28,34,62,159
10/31/2013,PSC,WA,ANM,WE,Combined TRACON& Tower with Radar,21,16,17,0,54,0,1,29,1,31,21,17,46,1,85,39,0,39,124
11/01/2013,PSC,WA,ANM,WE,Combined TRACON& Tower with Radar,19,18,18,9,64,0,1,37,8,46,19,19,55,17,110,21,30,51,161
11/02/2013,PSC,WA,ANM,WE,Combined TRACON& Tower with Radar,15,16,7,2,40,0,0,10,0,10,15,16,17,2,50,6,0,6,56
11/03/2013,PSC,WA,ANM,WE,Combined TRACON& Tower with Radar,17,16,13,2,48,0,1,11,0,12,17,17,24,2,60,42,0,42,102
11/04/2013,PSC,WA,ANM,WE,Combined TRACON& Tower with Radar,20,18,16,4,58,0,5,10,0,15,20,23,26,4,73,47,0,47,120
11/05/2013,PSC,WA,ANM,WE,Combined TRACON& Tower with Radar,17,17,14,24,72,0,3,8,2,13,17,20,22,26,85,37,102,139,224
11/06/2013,PSC,WA,ANM,WE,Combined TRACON& Tower with Radar,13,18,24,6,61,0,0,10,0,10,13,18,34,6,71,4,0,4,75
11/07/2013,PSC,WA,ANM,WE,Combined TRACON& Tower with Radar,15,18,19,6,58,0,0,1,0,1,15,18,20,6,59,0,2,2,61
11/08/2013,PSC,WA,ANM,WE,Combined TRACON& Tower with Radar,19,16,18,0,53,0,0,14,1,15,19,16,32,1,68,40,0,40,108
11/09/2013,PSC,WA,ANM,WE,Combined TRACON& Tower with Radar,12,12,15,0,39,0,7,27,0,34,12,19,42,0,73,68,0,68,141
11/10/2013,PSC,WA,ANM,WE,Combined TRACON& Tower with Radar,15,11,12,0,38,0,0,23,1,24,15,11,35,1,62,58,0,58,120
11/11/2013,PSC,WA,ANM,WE,Combined TRACON& Tower with Radar,19,14,15,0,48,0,0,29,1,30,19,14,44,1,78,22,0,22,100
11/12/2013,PSC,WA,ANM,WE,Combined TRACON& Tower with Radar,16,13,10,32,71,0,0,7,5,12,16,13,17,37,83,40,86,126,209
11/13/2013,PSC,WA,ANM,WE,Combined TRACON& Tower with Radar,15,13,14,8,50,0,1,19,1,21,15,14,33,9,71,21,0,21,92
11/14/2013,PSC,WA,ANM,WE,Combined TRACON& Tower with Radar,17,20,7,21,65,0,0,27,5,32,17,20,34,26,97,12,30,42,139
11/15/2013,PSC,WA,ANM,WE,Combined TRACON& Tower with Radar,21,19,23,2,65,0,1,16,1,18,21,20,39,3,83,29,41,70,153
11/16/2013,PSC,WA,ANM,WE,Combined TRACON& Tower with Radar,13,11,7,0,31,0,1,11,0,12,13,12,18,0,43,40,0,40,83
11/17/2013,PSC,WA,ANM,WE,Combined TRACON& Tower with Radar,14,11,4,0,29,0,0,15,0,15,14,11,19,0,44,19,0,19,63
11/18/2013,PSC,WA,ANM,WE,Combined TRACON& Tower with Radar,19,15,11,21,66,0,2,15,3,20,19,17,26,24,86,9,49,58,144
11/19/2013,PSC,WA,ANM,WE,Combined TRACON& Tower with Radar,16,15,11,1,43,0,2,4,0,6,16,17,15,1,49,18,0,18,67
11/20/2013,PSC,WA,ANM,WE,Combined TRACON& Tower with Radar,20,15,24,7,66,0,1,30,0,31,20,16,54,7,97,16,0,16,113
11/21/2013,PSC,WA,ANM,WE,Combined TRACON& Tower with Radar,17,16,21,0,54,0,0,36,1,37,17,16,57,1,91,26,0,26,117
11/22/2013,PSC,WA,ANM,WE,Combined TRACON& Tower with Radar,22,17,24,2,65,0,1,31,3,35,22,18,55,5,100,50,8,58,158
11/23/2013,PSC,WA,ANM,WE,Combined TRACON& Tower with Radar,16,16,13,0,45,0,6,34,0,40,16,22,47,0,85,29,0,29,114
11/24/2013,PSC,WA,ANM,WE,Combined TRACON& Tower with Radar,19,11,13,0,43,0,1,12,0,13,19,12,25,0,56,57,0,57,113
11/25/2013,PSC,WA,ANM,WE,Combined TRACON& Tower with Radar,20,13,17,2,52,0,1,37,1,39,20,14,54,3,91,42,0,42,133
11/26/2013,PSC,WA,ANM,WE,Combined TRACON& Tower with Radar,16,19,7,4,46,0,0,1,0,1,16,19,8,4,47,0,0,0,47
11/27/2013,PSC,WA,ANM,WE,Combined TRACON& Tower with Radar,21,18,9,0,48,0,1,13,0,14,21,19,22,0,62,0,0,0,62
11/28/2013,PSC,WA,ANM,WE,Combined TRACON& Tower with Radar,11,7,0,0,18,0,0,0,0,0,11,7,0,0,18,0,0,0,18
11/29/2013,PSC,WA,ANM,WE,Combined TRACON& Tower with Radar,18,14,7,0,39,0,0,0,0,0,18,14,7,0,39,0,0,0,39
11/30/2013,PSC,WA,ANM,WE,Combined TRACON& Tower with Radar,16,18,12,0,46,0,0,1,0,1,16,18,13,0,47,0,0,0,47
12/01/2013,PSC,WA,ANM,WE,Combined TRACON& Tower with Radar,20,16,6,0,42,0,0,11,0,11,20,16,17,0,53,7,0,7,60
12/02/2013,PSC,WA,ANM,WE,Combined TRACON& Tower with Radar,15,16,11,0,42,0,3,11,0,14,15,19,22,0,56,6,0,6,62
12/03/2013,PSC,WA,ANM,WE,Combined TRACON& Tower with Radar,16,15,18,0,49,0,0,7,0,7,16,15,25,0,56,1,0,1,57
12/04/2013,PSC,WA,ANM,WE,Combined TRACON& Tower with Radar,15,13,20,0,48,0,0,19,2,21,15,13,39,2,69,32,0,32,101
12/05/2013,PSC,WA,ANM,WE,Combined TRACON& Tower with Radar,17,18,7,4,46,0,2,23,2,27,17,20,30,6,73,26,4,30,103
12/06/2013,PSC,WA,ANM,WE,Combined TRACON& Tower with Radar,19,15,8,4,46,0,0,14,1,15,19,15,22,5,61,36,29,65,126
12/07/2013,PSC,WA,ANM,WE,Combined TRACON& Tower with Radar,14,11,2,0,27,0,1,24,0,25,14,12,26,0,52,6,0,6,58
12/08/2013,PSC,WA,ANM,WE,Combined TRACON& Tower with Radar,16,9,7,0,32,0,0,18,0,18,16,9,25,0,50,14,0,14,64
12/09/2013,PSC,WA,ANM,WE,Combined TRACON& Tower with Radar,19,14,18,0,51,0,0,14,0,14,19,14,32,0,65,47,0,47,112
12/10/2013,PSC,WA,ANM,WE,Combined TRACON& Tower with Radar,16,15,15,5,51,0,0,10,1,11,16,15,25,6,62,27,67,94,156
12/11/2013,PSC,WA,ANM,WE,Combined TRACON& Tower with Radar,16,13,25,17,71,0,1,13,3,17,16,14,38,20,88,6,14,20,108
12/12/2013,PSC,WA,ANM,WE,Combined TRACON& Tower with Radar,17,16,11,7,51,0,2,11,2,15,17,18,22,9,66,67,9,76,142
12/13/2013,PSC,WA,ANM,WE,Combined TRACON& Tower with Radar,19,17,8,0,44,0,1,14,1,16,19,18,22,1,60,18,0,18,78
12/14/2013,PSC,WA,ANM,WE,Combined TRACON& Tower with Radar,14,15,21,0,50,0,2,23,0,25,14,17,44,0,75,60,0,60,135
12/15/2013,PSC,WA,ANM,WE,Combined TRACON& Tower with Radar,16,11,12,0,39,0,0,29,0,29,16,11,41,0,68,28,0,28,96
12/16/2013,PSC,WA,ANM,WE,Combined TRACON& Tower with Radar,19,14,9,12,54,0,0,19,3,22,19,14,28,15,76,57,29,86,162
12/17/2013,PSC,WA,ANM,WE,Combined TRACON& Tower with Radar,19,15,7,2,43,0,0,4,2,6,19,15,11,4,49,10,38,48,97
12/18/2013,PSC,WA,ANM,WE,Combined TRACON& Tower with Radar,16,13,10,4,43,0,0,8,3,11,16,13,18,7,54,6,46,52,106
12/19/2013,PSC,WA,ANM,WE,Combined TRACON& Tower with Radar,17,14,7,0,38,0,0,28,0,28,17,14,35,0,66,8,0,8,74
12/20/2013,PSC,WA,ANM,WE,Combined TRACON& Tower with Radar,21,16,3,0,40,0,1,0,0,1,21,17,3,0,41,4,0,4,45
12/21/2013,PSC,WA,ANM,WE,Combined TRACON& Tower with Radar,13,17,7,0,37,0,7,11,0,18,13,24,18,0,55,6,0,6,61
12/22/2013,PSC,WA,ANM,WE,Combined TRACON& Tower with Radar,18,8,6,0,32,0,2,14,0,16,18,10,20,0,48,6,0,6,54
12/23/2013,PSC,WA,ANM,WE,Combined TRACON& Tower with Radar,21,16,8,8,53,0,0,16,2,18,21,16,24,10,71,21,18,39,110
12/24/2013,PSC,WA,ANM,WE,Combined TRACON& Tower with Radar,15,16,8,0,39,0,0,30,0,30,15,16,38,0,69,46,0,46,115
12/25/2013,PSC,WA,ANM,WE,Combined TRACON& Tower with Radar,15,10,1,0,26,0,0,1,0,1,15,10,2,0,27,17,0,17,44
12/26/2013,PSC,WA,ANM,WE,Combined TRACON& Tower with Radar,12,14,5,2,33,0,0,0,0,0,12,14,5,2,33,0,0,0,33
12/27/2013,PSC,WA,ANM,WE,Combined TRACON& Tower with Radar,16,11,5,0,32,0,0,0,0,0,16,11,5,0,32,0,0,0,32
12/28/2013,PSC,WA,ANM,WE,Combined TRACON& Tower with Radar,19,17,6,0,42,0,0,0,0,0,19,17,6,0,42,0,0,0,42
12/29/2013,PSC,WA,ANM,WE,Combined TRACON& Tower with Radar,17,8,3,0,28,0,0,0,0,0,17,8,3,0,28,0,0,0,28
12/30/2013,PSC,WA,ANM,WE,Combined TRACON& Tower with Radar,19,11,5,4,39,0,0,0,0,0,19,11,5,4,39,0,0,0,39
12/31/2013,PSC,WA,ANM,WE,Combined TRACON& Tower with Radar,17,18,2,0,37,0,0,16,0,16,17,18,18,0,53,59,0,59,112
01/01/2014,PSC,WA,ANM,WE,Combined TRACON& Tower with Radar,14,12,10,0,36,0,0,0,0,0,14,12,10,0,36,0,0,0,36
01/02/2014,PSC,WA,ANM,WE,Combined TRACON& Tower with Radar,19,16,24,0,59,0,0,0,0,0,19,16,24,0,59,0,0,0,59
01/03/2014,PSC,WA,ANM,WE,Combined TRACON& Tower with Radar,21,19,20,0,60,0,0,40,0,40,21,19,60,0,100,42,0,42,142
01/04/2014,PSC,WA,ANM,WE,Combined TRACON& Tower with Radar,13,15,5,1,34,0,4,33,0,37,13,19,38,1,71,0,0,0,71
01/05/2014,PSC,WA,ANM,WE,Combined TRACON& Tower with Radar,17,13,29,0,59,0,6,33,0,39,17,19,62,0,98,18,0,18,116
01/06/2014,PSC,WA,ANM,WE,Combined TRACON& Tower with Radar,17,14,19,0,50,0,0,13,3,16,17,14,32,3,66,30,0,30,96
01/07/2014,PSC,WA,ANM,WE,Combined TRACON& Tower with Radar,14,21,21,8,64,0,0,13,0,13,14,21,34,8,77,36,6,42,119
01/08/2014,PSC,WA,ANM,WE,Combined TRACON& Tower with Radar,12,19,16,18,65,0,1,13,0,14,12,20,29,18,79,61,0,61,140
01/09/2014,PSC,WA,ANM,WE,Combined TRACON& Tower with Radar,16,19,14,2,51,0,0,15,0,15,16,19,29,2,66,10,0,10,76
01/10/2014,PSC,WA,ANM,WE,Combined TRACON& Tower with Radar,14,20,11,0,45,0,0,2,0,2,14,20,13,0,47,8,0,8,55
01/11/2014,PSC,WA,ANM,WE,Combined TRACON& Tower with Radar,12,11,6,0,29,0,0,0,0,0,12,11,6,0,29,0,0,0,29
01/12/2014,PSC,WA,ANM,WE,Combined TRACON& Tower with Radar,15,12,8,0,35,0,0,3,0,3,15,12,11,0,38,0,0,0,38
01/13/2014,PSC,WA,ANM,WE,Combined TRACON& Tower with Radar,15,16,15,0,46,0,0,5,0,5,15,16,20,0,51,5,0,5,56
01/14/2014,PSC,WA,ANM,WE,Combined TRACON& Tower with Radar,14,16,14,11,55,0,0,22,1,23,14,16,36,12,78,46,10,56,134
01/15/2014,PSC,WA,ANM,WE,Combined TRACON& Tower with Radar,13,15,15,15,58,0,1,30,8,39,13,16,45,23,97,29,28,57,154
01/16/2014,PSC,WA,ANM,WE,Combined TRACON& Tower with Radar,21,22,17,12,72,0,3,31,1,35,21,25,48,13,107,69,39,108,215
01/17/2014,PSC,WA,ANM,WE,Combined TRACON& Tower with Radar,15,23,12,0,50,0,0,3,0,3,15,23,15,0,53,2,0,2,55
01/18/2014,PSC,WA,ANM,WE,Combined TRACON& Tower with Radar,16,9,6,0,31,0,0,0,0,0,16,9,6,0,31,0,0,0,31
01/19/2014,PSC,WA,ANM,WE,Combined TRACON& Tower with Radar,18,10,8,0,36,0,0,0,0,0,18,10,8,0,36,38,0,38,74
01/20/2014,PSC,WA,ANM,WE,Combined TRACON& Tower with Radar,15,16,10,0,41,0,0,0,0,0,15,16,10,0,41,0,0,0,41
01/21/2014,PSC,WA,ANM,WE,Combined TRACON& Tower with Radar,14,15,15,1,45,0,0,0,0,0,14,15,15,1,45,0,0,0,45
01/22/2014,PSC,WA,ANM,WE,Combined TRACON& Tower with Radar,15,15,13,0,43,0,0,0,0,0,15,15,13,0,43,18,0,18,61
01/23/2014,PSC,WA,ANM,WE,Combined TRACON& Tower with Radar,15,18,3,14,50,0,0,0,2,2,15,18,3,16,52,8,14,22,74
01/24/2014,PSC,WA,ANM,WE,Combined TRACON& Tower with Radar,14,23,8,0,45,0,0,1,0,1,14,23,9,0,46,11,0,11,57
01/25/2014,PSC,WA,ANM,WE,Combined TRACON& Tower with Radar,16,13,4,0,33,0,0,4,0,4,16,13,8,0,37,22,0,22,59
01/26/2014,PSC,WA,ANM,WE,Combined TRACON& Tower with Radar,15,14,3,0,32,0,0,0,0,0,15,14,3,0,32,38,0,38,70
01/27/2014,PSC,WA,ANM,WE,Combined TRACON& Tower with Radar,15,16,17,2,50,0,0,1,0,1,15,16,18,2,51,44,4,48,99
01/28/2014,PSC,WA,ANM,WE,Combined TRACON& Tower with Radar,14,14,13,10,51,0,0,3,0,3,14,14,16,10,54,4,0,4,58
01/29/2014,PSC,WA,ANM,WE,Combined TRACON& Tower with Radar,13,18,13,4,48,0,0,6,0,6,13,18,19,4,54,4,0,4,58
01/30/2014,PSC,WA,ANM,WE,Combined TRACON& Tower with Radar,16,18,21,2,57,0,0,21,0,21,16,18,42,2,78,34,2,36,114
01/31/2014,PSC,WA,ANM,WE,Combined TRACON& Tower with Radar,15,19,8,0,42,0,4,11,0,15,15,23,19,0,57,31,0,31,88
02/01/2014,PSC,WA,ANM,WE,Combined TRACON& Tower with Radar,13,12,14,0,39,0,1,54,1,56,13,13,68,1,95,83,2,85,180
02/02/2014,PSC,WA,ANM,WE,Combined TRACON& Tower with Radar,16,10,11,0,37,0,0,4,0,4,16,10,15,0,41,68,0,68,109
02/03/2014,PSC,WA,ANM,WE,Combined TRACON& Tower with Radar,14,15,23,28,80,0,1,19,0,20,14,16,42,28,100,0,12,12,112
02/04/2014,PSC,WA,ANM,WE,Combined TRACON& Tower with Radar,16,17,25,2,60,0,0,47,2,49,16,17,72,4,109,24,0,24,133
02/05/2014,PSC,WA,ANM,WE,Combined TRACON& Tower with Radar,14,19,17,18,68,0,2,11,4,17,14,21,28,22,85,10,14,24,109
02/06/2014,PSC,WA,ANM,WE,Combined TRACON& Tower with Radar,12,17,10,0,39,0,1,15,0,16,12,18,25,0,55,17,0,17,72
02/07/2014,PSC,WA,ANM,WE,Combined TRACON& Tower with Radar,15,17,12,4,48,0,0,19,0,19,15,17,31,4,67,8,6,14,81
02/08/2014,PSC,WA,ANM,WE,Combined TRACON& Tower with Radar,12,15,3,0,30,0,0,11,0,11,12,15,14,0,41,16,0,16,57
02/09/2014,PSC,WA,ANM,WE,Combined TRACON& Tower with Radar,15,11,3,0,29,0,0,5,0,5,15,11,8,0,34,17,0,17,51
02/10/2014,PSC,WA,ANM,WE,Combined TRACON& Tower with Radar,15,16,14,0,45,0,1,6,0,7,15,17,20,0,52,42,0,42,94
02/11/2014,PSC,WA,ANM,WE,Combined TRACON& Tower with Radar,14,21,14,0,49,0,2,11,0,13,14,23,25,0,62,14,0,14,76
02/12/2014,PSC,WA,ANM,WE,Combined TRACON& Tower with Radar,14,15,24,9,62,0,0,21,9,30,14,15,45,18,92,6,7,13,105
02/13/2014,PSC,WA,ANM,WE,Combined TRACON& Tower with Radar,15,19,18,6,58,0,0,17,0,17,15,19,35,6,75,2,0,2,77
02/14/2014,PSC,WA,ANM,WE,Combined TRACON& Tower with Radar,16,19,10,2,47,0,0,10,2,12,16,19,20,4,59,0,0,0,59
02/15/2014,PSC,WA,ANM,WE,Combined TRACON& Tower with Radar,13,12,16,0,41,0,0,6,0,6,13,12,22,0,47,26,0,26,73
02/16/2014,PSC,WA,ANM,WE,Combined TRACON& Tower with Radar,16,6,3,0,25,0,0,7,0,7,16,6,10,0,32,0,0,0,32
02/17/2014,PSC,WA,ANM,WE,Combined TRACON& Tower with Radar,19,14,11,0,44,0,0,0,0,0,19,14,11,0,44,0,0,0,44
02/18/2014,PSC,WA,ANM,WE,Combined TRACON& Tower with Radar,15,14,8,9,46,0,1,9,0,10,15,15,17,9,56,8,47,55,111
02/19/2014,PSC,WA,ANM,WE,Combined TRACON& Tower with Radar,14,21,16,2,53,0,1,10,0,11,14,22,26,2,64,1,24,25,89
02/20/2014,PSC,WA,ANM,WE,Combined TRACON& Tower with Radar,19,18,12,0,49,0,0,8,0,8,19,18,20,0,57,0,0,0,57
02/21/2014,PSC,WA,ANM,WE,Combined TRACON& Tower with Radar,16,17,20,0,53,0,2,30,0,32,16,19,50,0,85,22,0,22,107
02/22/2014,PSC,WA,ANM,WE,Combined TRACON& Tower with Radar,15,19,2,0,36,0,3,32,0,35,15,22,34,0,71,34,0,34,105
02/23/2014,PSC,WA,ANM,WE,Combined TRACON& Tower with Radar,15,15,23,2,55,0,1,22,0,23,15,16,45,2,78,6,18,24,102
02/24/2014,PSC,WA,ANM,WE,Combined TRACON& Tower with Radar,15,15,16,13,59,0,0,1,1,2,15,15,17,14,61,0,46,46,107
02/25/2014,PSC,WA,ANM,WE,Combined TRACON& Tower with Radar,16,12,14,4,46,0,0,17,0,17,16,12,31,4,63,0,0,0,63
02/26/2014,PSC,WA,ANM,WE,Combined TRACON& Tower with Radar,14,16,17,4,51,0,0,15,0,15,14,16,32,4,66,0,0,0,66
02/27/2014,PSC,WA,ANM,WE,Combined TRACON& Tower with Radar,19,15,9,0,43,0,0,7,0,7,19,15,16,0,50,0,0,0,50
02/28/2014,PSC,WA,ANM,WE,Combined TRACON& Tower with Radar,17,17,21,0,55,0,0,28,3,31,17,17,49,3,86,75,0,75,161
03/01/2014,PSC,WA,ANM,WE,Combined TRACON& Tower with Radar,14,14,3,0,31,0,1,20,0,21,14,15,23,0,52,16,0,16,68
03/02/2014,PSC,WA,ANM,WE,Combined TRACON& Tower with Radar,16,10,4,0,30,0,0,0,0,0,16,10,4,0,30,0,0,0,30
03/03/2014,PSC,WA,ANM,WE,Combined TRACON& Tower with Radar,15,16,11,4,46,0,0,4,15,19,15,16,15,19,65,16,0,16,81
03/04/2014,PSC,WA,ANM,WE,Combined TRACON& Tower with Radar,15,16,19,20,70,0,0,22,8,30,15,16,41,28,100,26,62,88,188
03/05/2014,PSC,WA,ANM,WE,Combined TRACON& Tower with Radar,14,17,16,6,53,0,0,23,0,23,14,17,39,6,76,2,81,83,159
03/06/2014,PSC,WA,ANM,WE,Combined TRACON& Tower with Radar,19,23,13,4,59,0,1,13,0,14,19,24,26,4,73,21,10,31,104
03/07/2014,PSC,WA,ANM,WE,Combined TRACON& Tower with Radar,20,24,16,1,61,0,4,51,2,57,20,28,67,3,118,49,59,108,226
03/08/2014,PSC,WA,ANM,WE,Combined TRACON& Tower with Radar,13,16,24,0,53,0,2,53,5,60,13,18,77,5,113,46,0,46,159
03/09/2014,PSC,WA,ANM,WE,Combined TRACON& Tower with Radar,15,14,14,0,43,0,0,26,0,26,15,14,40,0,69,32,0,32,101
03/10/2014,PSC,WA,ANM,WE,Combined TRACON& Tower with Radar,15,19,17,2,53,0,0,11,3,14,15,19,28,5,67,12,14,26,93
03/11/2014,PSC,WA,ANM,WE,Combined TRACON& Tower with Radar,13,21,13,2,49,0,1,67,0,68,13,22,80,2,117,40,0,40,157
03/12/2014,PSC,WA,ANM,WE,Combined TRACON& Tower with Radar,13,21,20,3,57,0,1,69,0,70,13,22,89,3,127,29,0,29,156
03/13/2014,PSC,WA,ANM,WE,Combined TRACON& Tower with Radar,15,23,20,0,58,0,2,77,1,80,15,25,97,1,138,41,0,41,179
03/14/2014,PSC,WA,ANM,WE,Combined TRACON& Tower with Radar,15,21,19,4,59,0,0,20,4,24,15,21,39,8,83,0,0,0,83
03/15/2014,PSC,WA,ANM,WE,Combined TRACON& Tower with Radar,10,19,15,0,44,0,4,47,2,53,10,23,62,2,97,30,0,30,127
03/16/2014,PSC,WA,ANM,WE,Combined TRACON& Tower with Radar,17,15,12,0,44,0,0,19,0,19,17,15,31,0,63,11,0,11,74
03/17/2014,PSC,WA,ANM,WE,Combined TRACON& Tower with Radar,14,18,9,0,41,0,0,3,0,3,14,18,12,0,44,0,0,0,44
03/18/2014,PSC,WA,ANM,WE,Combined TRACON& Tower with Radar,16,18,14,12,60,0,0,39,10,49,16,18,53,22,109,46,50,96,205
03/19/2014,PSC,WA,ANM,WE,Combined TRACON& Tower with Radar,16,21,21,5,63,0,0,17,5,22,16,21,38,10,85,12,32,44,129
03/20/2014,PSC,WA,ANM,WE,Combined TRACON& Tower with Radar,18,22,20,0,60,0,2,27,0,29,18,24,47,0,89,60,0,60,149
03/21/2014,PSC,WA,ANM,WE,Combined TRACON& Tower with Radar,16,25,19,8,68,0,2,32,0,34,16,27,51,8,102,31,6,37,139
03/22/2014,PSC,WA,ANM,WE,Combined TRACON& Tower with Radar,12,21,11,0,44,0,2,37,0,39,12,23,48,0,83,76,0,76,159
03/23/2014,PSC,WA,ANM,WE,Combined TRACON& Tower with Radar,15,15,9,0,39,0,0,42,0,42,15,15,51,0,81,107,0,107,188
03/24/2014,PSC,WA,ANM,WE,Combined TRACON& Tower with Radar,16,19,18,2,55,0,1,37,1,39,16,20,55,3,94,46,0,46,140
03/25/2014,PSC,WA,ANM,WE,Combined TRACON& Tower with Radar,12,19,8,6,45,0,2,13,5,20,12,21,21,11,65,7,64,71,136
03/26/2014,PSC,WA,ANM,WE,Combined TRACON& Tower with Radar,16,20,27,2,65,0,5,27,0,32,16,25,54,2,97,46,0,46,143
03/27/2014,PSC,WA,ANM,WE,Combined TRACON& Tower with Radar,14,21,17,6,58,0,0,15,0,15,14,21,32,6,73,16,0,16,89
03/28/2014,PSC,WA,ANM,WE,Combined TRACON& Tower with Radar,17,21,6,2,46,0,4,8,0,12,17,25,14,2,58,42,0,42,100
03/29/2014,PSC,WA,ANM,WE,Combined TRACON& Tower with Radar,12,19,9,0,40,0,3,21,0,24,12,22,30,0,64,55,0,55,119
03/30/2014,PSC,WA,ANM,WE,Combined TRACON& Tower with Radar,16,16,4,0,36,0,1,17,0,18,16,17,21,0,54,24,0,24,78
03/31/2014,PSC,WA,ANM,WE,Combined TRACON& Tower with Radar,18,18,6,0,42,0,3,20,3,26,18,21,26,3,68,62,0,62,130
04/01/2014,PSC,WA,ANM,WE,Combined TRACON& Tower with Radar,14,17,14,0,45,0,0,28,1,29,14,17,42,1,74,21,0,21,95
04/02/2014,PSC,WA,ANM,WE,Combined TRACON& Tower with Radar,14,17,18,0,49,0,0,24,0,24,14,17,42,0,73,0,0,0,73
04/03/2014,PSC,WA,ANM,WE,Combined TRACON& Tower with Radar,15,20,18,0,53,0,3,43,0,46,15,23,61,0,99,57,0,57,156
04/04/2014,PSC,WA,ANM,WE,Combined TRACON& Tower with Radar,15,22,17,4,58,0,0,21,1,22,15,22,38,5,80,6,2,8,88
04/05/2014,PSC,WA,ANM,WE,Combined TRACON& Tower with Radar,10,19,16,0,45,0,2,23,1,26,10,21,39,1,71,15,0,15,86
04/06/2014,PSC,WA,ANM,WE,Combined TRACON& Tower with Radar,16,14,13,0,43,0,0,13,0,13,16,14,26,0,56,0,0,0,56
04/07/2014,PSC,WA,ANM,WE,Combined TRACON& Tower with Radar,16,18,24,2,60,0,6,32,0,38,16,24,56,2,98,36,0,36,134
04/08/2014,PSC,WA,ANM,WE,Combined TRACON& Tower with Radar,18,18,33,8,77,0,0,34,0,34,18,18,67,8,111,38,18,56,167
04/09/2014,PSC,WA,ANM,WE,Combined TRACON& Tower with Radar,13,18,25,0,56,0,0,37,0,37,13,18,62,0,93,22,0,22,115
04/10/2014,PSC,WA,ANM,WE,Combined TRACON& Tower with Radar,20,19,19,2,60,0,1,42,2,45,20,20,61,4,105,70,0,70,175
04/11/2014,PSC,WA,ANM,WE,Combined TRACON& Tower with Radar,15,19,20,3,57,0,1,46,3,50,15,20,66,6,107,86,0,86,193
04/12/2014,PSC,WA,ANM,WE,Combined TRACON& Tower with Radar,9,19,12,0,40,0,3,31,0,34,9,22,43,0,74,104,0,104,178
04/13/2014,PSC,WA,ANM,WE,Combined TRACON& Tower with Radar,15,13,9,0,37,0,0,29,0,29,15,13,38,0,66,30,0,30,96
04/14/2014,PSC,WA,ANM,WE,Combined TRACON& Tower with Radar,16,19,11,0,46,0,0,44,0,44,16,19,55,0,90,44,0,44,134
04/15/2014,PSC,WA,ANM,WE,Combined TRACON& Tower with Radar,14,18,11,0,43,0,0,18,0,18,14,18,29,0,61,11,0,11,72
04/16/2014,PSC,WA,ANM,WE,Combined TRACON& Tower with Radar,13,17,24,0,54,0,3,35,0,38,13,20,59,0,92,85,0,85,177
04/17/2014,PSC,WA,ANM,WE,Combined TRACON& Tower with Radar,16,21,15,2,54,0,2,13,0,15,16,23,28,2,69,64,0,64,133
04/18/2014,PSC,WA,ANM,WE,Combined TRACON& Tower with Radar,17,21,13,0,51,0,1,17,0,18,17,22,30,0,69,34,0,34,103
04/19/2014,PSC,WA,ANM,WE,Combined TRACON& Tower with Radar,10,20,14,0,44,0,4,27,0,31,10,24,41,0,75,26,0,26,101
04/20/2014,PSC,WA,ANM,WE,Combined TRACON& Tower with Radar,15,12,13,0,40,0,0,31,0,31,15,12,44,0,71,65,0,65,136
04/21/2014,PSC,WA,ANM,WE,Combined TRACON& Tower with Radar,16,19,16,4,55,0,1,30,0,31,16,20,46,4,86,39,8,47,133
04/22/2014,PSC,WA,ANM,WE,Combined TRACON& Tower with Radar,14,17,20,13,64,0,0,18,1,19,14,17,38,14,83,19,24,43,126
04/23/2014,PSC,WA,ANM,WE,Combined TRACON& Tower with Radar,14,22,24,0,60,0,0,23,0,23,14,22,47,0,83,0,0,0,83
04/24/2014,PSC,WA,ANM,WE,Combined TRACON& Tower with Radar,24,19,21,0,64,0,0,13,1,14,24,19,34,1,78,14,0,14,92
04/25/2014,PSC,WA,ANM,WE,Combined TRACON& Tower with Radar,16,23,6,0,45,0,0,38,1,39,16,23,44,1,84,19,0,19,103
04/26/2014,PSC,WA,ANM,WE,Combined TRACON& Tower with Radar,9,19,12,0,40,0,2,63,2,67,9,21,75,2,107,23,0,23,130
04/27/2014,PSC,WA,ANM,WE,Combined TRACON& Tower with Radar,20,15,5,0,40,0,0,4,0,4,20,15,9,0,44,0,0,0,44
04/28/2014,PSC,WA,ANM,WE,Combined TRACON& Tower with Radar,16,18,5,4,43,0,2,37,2,41,16,20,42,6,84,35,54,89,173
04/29/2014,PSC,WA,ANM,WE,Combined TRACON& Tower with Radar,14,18,18,2,52,0,1,59,0,60,14,19,77,2,112,59,14,73,185
04/30/2014,PSC,WA,ANM,WE,Combined TRACON& Tower with Radar,14,21,11,0,46,0,1,46,0,47,14,22,57,0,93,40,0,40,133
05/01/2014,PSC,WA,ANM,WE,Combined TRACON& Tower with Radar,17,19,7,1,44,0,0,56,1,57,17,19,63,2,101,47,0,47,148
05/02/2014,PSC,WA,ANM,WE,Combined TRACON& Tower with Radar,20,20,11,0,51,0,0,55,0,55,20,20,66,0,106,20,0,20,126
05/03/2014,PSC,WA,ANM,WE,Combined TRACON& Tower with Radar,10,19,7,0,36,0,1,24,0,25,10,20,31,0,61,29,0,29,90
05/04/2014,PSC,WA,ANM,WE,Combined TRACON& Tower with Radar,17,12,2,0,31,0,0,6,0,6,17,12,8,0,37,63,0,63,100
05/05/2014,PSC,WA,ANM,WE,Combined TRACON& Tower with Radar,19,16,19,4,58,0,0,31,2,33,19,16,50,6,91,0,67,67,158
05/06/2014,PSC,WA,ANM,WE,Combined TRACON& Tower with Radar,13,20,20,8,61,0,0,28,1,29,13,20,48,9,90,43,23,66,156
05/07/2014,PSC,WA,ANM,WE,Combined TRACON& Tower with Radar,16,22,19,0,57,0,3,61,2,66,16,25,80,2,123,48,0,48,171
05/08/2014,PSC,WA,ANM,WE,Combined TRACON& Tower with Radar,17,19,18,0,54,0,0,34,2,36,17,19,52,2,90,40,0,40,130
05/09/2014,PSC,WA,ANM,WE,Combined TRACON& Tower with Radar,19,20,18,0,57,0,0,6,2,8,19,20,24,2,65,0,12,12,77
05/10/2014,PSC,WA,ANM,WE,Combined TRACON& Tower with Radar,9,17,13,0,39,0,2,47,0,49,9,19,60,0,88,86,0,86,174
05/11/2014,PSC,WA,ANM,WE,Combined TRACON& Tower with Radar,16,14,7,0,37,0,0,39,0,39,16,14,46,0,76,41,0,41,117
05/12/2014,PSC,WA,ANM,WE,Combined TRACON& Tower with Radar,21,16,8,6,51,0,0,25,0,25,21,16,33,6,76,12,0,12,88
05/13/2014,PSC,WA,ANM,WE,Combined TRACON& Tower with Radar,13,21,15,5,54,0,1,22,0,23,13,22,37,5,77,80,0,80,157
05/14/2014,PSC,WA,ANM,WE,Combined TRACON& Tower with Radar,15,21,20,7,63,0,2,55,5,62,15,23,75,12,125,89,8,97,222
05/15/2014,PSC,WA,ANM,WE,Combined TRACON& Tower with Radar,17,24,11,0,52,0,0,45,3,48,17,24,56,3,100,107,0,107,207
05/16/2014,PSC,WA,ANM,WE,Combined TRACON& Tower with Radar,20,20,9,2,51,0,0,31,0,31,20,20,40,2,82,22,0,22,104
05/17/2014,PSC,WA,ANM,WE,Combined TRACON& Tower with Radar,10,19,4,0,33,0,5,107,0,112,10,24,111,0,145,32,0,32,177
05/18/2014,PSC,WA,ANM,WE,Combined TRACON& Tower with Radar,16,13,6,0,35,0,0,28,1,29,16,13,34,1,64,22,0,22,86
05/19/2014,PSC,WA,ANM,WE,Combined TRACON& Tower with Radar,20,17,21,0,58,0,4,30,2,36,20,21,51,2,94,12,0,12,106
05/20/2014,PSC,WA,ANM,WE,Combined TRACON& Tower with Radar,13,19,16,2,50,0,0,32,3,35,13,19,48,5,85,28,0,28,113
05/21/2014,PSC,WA,ANM,WE,Combined TRACON& Tower with Radar,16,18,20,2,56,0,1,56,0,57,16,19,76,2,113,83,0,83,196
05/22/2014,PSC,WA,ANM,WE,Combined TRACON& Tower with Radar,18,18,15,0,51,1,4,53,0,58,19,22,68,0,109,50,0,50,159
05/23/2014,PSC,WA,ANM,WE,Combined TRACON& Tower with Radar,20,24,16,6,66,0,0,25,0,25,20,24,41,6,91,22,0,22,113
05/24/2014,PSC,WA,ANM,WE,Combined TRACON& Tower with Radar,10,15,6,0,31,0,2,43,0,45,10,17,49,0,76,4,0,4,80
05/25/2014,PSC,WA,ANM,WE,Combined TRACON& Tower with Radar,12,11,3,0,26,0,1,12,0,13,12,12,15,0,39,27,0,27,66
05/26/2014,PSC,WA,ANM,WE,Combined TRACON& Tower with Radar,18,14,8,0,40,0,0,17,0,17,18,14,25,0,57,22,0,22,79
05/27/2014,PSC,WA,ANM,WE,Combined TRACON& Tower with Radar,14,19,29,4,66,0,1,31,2,34,14,20,60,6,100,50,0,50,150
05/28/2014,PSC,WA,ANM,WE,Combined TRACON& Tower with Radar,18,17,22,0,57,0,4,11,0,15,18,21,33,0,72,33,0,33,105
05/29/2014,PSC,WA,ANM,WE,Combined TRACON& Tower with Radar,18,22,14,1,55,0,0,35,0,35,18,22,49,1,90,32,0,32,122
05/30/2014,PSC,WA,ANM,WE,Combined TRACON& Tower with Radar,20,19,7,0,46,0,1,51,4,56,20,20,58,4,102,65,8,73,175
05/31/2014,PSC,WA,ANM,WE,Combined TRACON& Tower with Radar,10,16,6,0,32,0,2,33,0,35,10,18,39,0,67,41,0,41,108
06/01/2014,PSC,WA,ANM,WE,Combined TRACON& Tower with Radar,18,13,5,0,36,0,1,36,0,37,18,14,41,0,73,36,0,36,109
06/02/2014,PSC,WA,ANM,WE,Combined TRACON& Tower with Radar,22,19,14,2,57,0,1,43,2,46,22,20,57,4,103,28,0,28,131
06/03/2014,PSC,WA,ANM,WE,Combined TRACON& Tower with Radar,15,19,20,1,55,0,3,24,1,28,15,22,44,2,83,18,0,18,101
06/04/2014,PSC,WA,ANM,WE,Combined TRACON& Tower with Radar,22,17,22,10,71,0,3,27,1,31,22,20,49,11,102,17,35,52,154
06/05/2014,PSC,WA,ANM,WE,Combined TRACON& Tower with Radar,19,12,13,6,50,0,0,42,0,42,19,12,55,6,92,14,0,14,106
06/06/2014,PSC,WA,ANM,WE,Combined TRACON& Tower with Radar,23,15,17,0,55,0,1,44,0,45,23,16,61,0,100,6,0,6,106
06/07/2014,PSC,WA,ANM,WE,Combined TRACON& Tower with Radar,13,13,5,2,33,0,1,40,2,43,13,14,45,4,76,64,0,64,140
06/08/2014,PSC,WA,ANM,WE,Combined TRACON& Tower with Radar,18,9,17,10,54,0,0,29,0,29,18,9,46,10,83,25,10,35,118
06/09/2014,PSC,WA,ANM,WE,Combined TRACON& Tower with Radar,22,17,8,0,47,0,4,39,1,44,22,21,47,1,91,11,0,11,102
06/10/2014,PSC,WA,ANM,WE,Combined TRACON& Tower with Radar,16,20,21,8,65,0,0,45,0,45,16,20,66,8,110,23,0,23,133
06/11/2014,PSC,WA,ANM,WE,Combined TRACON& Tower with Radar,18,13,17,8,56,0,2,40,0,42,18,15,57,8,98,40,1,41,139
06/12/2014,PSC,WA,ANM,WE,Combined TRACON& Tower with Radar,18,15,10,11,54,0,1,27,1,29,18,16,37,12,83,12,50,62,145
06/13/2014,PSC,WA,ANM,WE,Combined TRACON& Tower with Radar,21,17,11,2,51,0,0,22,0,22,21,17,33,2,73,20,37,57,130
06/14/2014,PSC,WA,ANM,WE,Combined TRACON& Tower with Radar,10,14,15,0,39,0,2,32,0,34,10,16,47,0,73,8,2,10,83
06/15/2014,PSC,WA,ANM,WE,Combined TRACON& Tower with Radar,17,10,10,0,37,0,2,42,0,44,17,12,52,0,81,35,0,35,116
06/16/2014,PSC,WA,ANM,WE,Combined TRACON& Tower with Radar,27,17,24,0,68,0,2,26,0,28,27,19,50,0,96,24,0,24,120
06/17/2014,PSC,WA,ANM,WE,Combined TRACON& Tower with Radar,18,16,30,0,64,0,0,31,4,35,18,16,61,4,99,6,0,6,105
06/18/2014,PSC,WA,ANM,WE,Combined TRACON& Tower with Radar,18,15,25,4,62,0,0,40,0,40,18,15,65,4,102,38,20,58,160
06/19/2014,PSC,WA,ANM,WE,Combined TRACON& Tower with Radar,20,15,35,2,72,0,3,40,3,46,20,18,75,5,118,10,0,10,128
06/20/2014,PSC,WA,ANM,WE,Combined TRACON& Tower with Radar,24,16,7,0,47,0,0,58,0,58,24,16,65,0,105,33,0,33,138
06/21/2014,PSC,WA,ANM,WE,Combined TRACON& Tower with Radar,10,13,7,0,30,0,5,54,0,59,10,18,61,0,89,44,0,44,133
06/22/2014,PSC,WA,ANM,WE,Combined TRACON& Tower with Radar,20,9,13,0,42,0,3,43,0,46,20,12,56,0,88,40,0,40,128
06/23/2014,PSC,WA,ANM,WE,Combined TRACON& Tower with Radar,23,17,22,0,62,0,1,38,0,39,23,18,60,0,101,42,0,42,143
06/24/2014,PSC,WA,ANM,WE,Combined TRACON& Tower with Radar,18,16,16,2,52,0,1,24,0,25,18,17,40,2,77,8,0,8,85
06/25/2014,PSC,WA,ANM,WE,Combined TRACON& Tower with Radar,18,14,20,2,54,0,1,35,1,37,18,15,55,3,91,9,12,21,112
06/26/2014,PSC,WA,ANM,WE,Combined TRACON& Tower with Radar,20,19,24,0,63,0,0,19,0,19,20,19,43,0,82,12,0,12,94
06/27/2014,PSC,WA,ANM,WE,Combined TRACON& Tower with Radar,24,18,25,4,71,0,1,36,4,41,24,19,61,8,112,40,41,81,193
06/28/2014,PSC,WA,ANM,WE,Combined TRACON& Tower with Radar,11,18,16,0,45,0,1,17,0,18,11,19,33,0,63,34,0,34,97
06/29/2014,PSC,WA,ANM,WE,Combined TRACON& Tower with Radar,20,10,9,0,39,0,0,30,0,30,20,10,39,0,69,61,0,61,130
06/30/2014,PSC,WA,ANM,WE,Combined TRACON& Tower with Radar,24,12,15,0,51,0,0,57,0,57,24,12,72,0,108,55,0,55,163
07/01/2014,PSC,WA,ANM,WE,Combined TRACON& Tower with Radar,19,12,22,5,58,0,0,44,1,45,19,12,66,6,103,26,0,26,129
07/02/2014,PSC,WA,ANM,WE,Combined TRACON& Tower with Radar,20,14,25,27,86,0,0,34,1,35,20,14,59,28,121,103,22,125,246
07/03/2014,PSC,WA,ANM,WE,Combined TRACON& Tower with Radar,20,11,19,0,50,0,1,44,2,47,20,12,63,2,97,32,0,32,129
07/04/2014,PSC,WA,ANM,WE,Combined TRACON& Tower with Radar,19,7,13,0,39,0,0,30,0,30,19,7,43,0,69,42,0,42,111
07/05/2014,PSC,WA,ANM,WE,Combined TRACON& Tower with Radar,11,15,5,0,31,0,1,21,0,22,11,16,26,0,53,70,0,70,123
07/06/2014,PSC,WA,ANM,WE,Combined TRACON& Tower with Radar,19,8,7,0,34,0,0,32,0,32,19,8,39,0,66,28,0,28,94
07/07/2014,PSC,WA,ANM,WE,Combined TRACON& Tower with Radar,24,11,15,2,52,0,0,49,2,51,24,11,64,4,103,50,0,50,153
07/08/2014,PSC,WA,ANM,WE,Combined TRACON& Tower with Radar,18,12,13,18,61,0,0,51,0,51,18,12,64,18,112,43,30,73,185
07/09/2014,PSC,WA,ANM,WE,Combined TRACON& Tower with Radar,18,15,23,9,65,0,0,47,1,48,18,15,70,10,113,44,37,81,194
07/10/2014,PSC,WA,ANM,WE,Combined TRACON& Tower with Radar,20,13,10,1,44,0,4,39,9,52,20,17,49,10,96,116,0,116,212
07/11/2014,PSC,WA,ANM,WE,Combined TRACON& Tower with Radar,24,12,11,0,47,0,3,28,0,31,24,15,39,0,78,39,0,39,117
07/12/2014,PSC,WA,ANM,WE,Combined TRACON& Tower with Radar,11,15,4,0,30,0,4,40,0,44,11,19,44,0,74,44,0,44,118
07/13/2014,PSC,WA,ANM,WE,Combined TRACON& Tower with Radar,20,8,5,0,33,0,0,32,0,32,20,8,37,0,65,53,0,53,118
07/14/2014,PSC,WA,ANM,WE,Combined TRACON& Tower with Radar,26,13,12,6,57,0,0,27,2,29,26,13,39,8,86,76,40,116,202
07/15/2014,PSC,WA,ANM,WE,Combined TRACON& Tower with Radar,18,19,13,5,55,0,0,40,5,45,18,19,53,10,100,62,0,62,162
07/16/2014,PSC,WA,ANM,WE,Combined TRACON& Tower with Radar,18,14,22,2,56,0,1,43,3,47,18,15,65,5,103,8,10,18,121
07/17/2014,PSC,WA,ANM,WE,Combined TRACON& Tower with Radar,19,14,16,1,50,0,0,24,0,24,19,14,40,1,74,16,0,16,90
07/18/2014,PSC,WA,ANM,WE,Combined TRACON& Tower with Radar,21,13,19,0,53,0,1,36,0,37,21,14,55,0,90,57,0,57,147
07/19/2014,PSC,WA,ANM,WE,Combined TRACON& Tower with Radar,13,12,7,0,32,0,5,25,0,30,13,17,32,0,62,6,0,6,68
07/20/2014,PSC,WA,ANM,WE,Combined TRACON& Tower with Radar,19,8,9,1,37,0,0,31,0,31,19,8,40,1,68,96,0,96,164
07/21/2014,PSC,WA,ANM,WE,Combined TRACON& Tower with Radar,24,12,20,0,56,0,0,38,0,38,24,12,58,0,94,9,0,9,103
07/22/2014,PSC,WA,ANM,WE,Combined TRACON& Tower with Radar,18,11,28,0,57,0,1,40,2,43,18,12,68,2,100,60,0,60,160
07/23/2014,PSC,WA,ANM,WE,Combined TRACON& Tower with Radar,18,11,16,2,47,0,0,35,0,35,18,11,51,2,82,39,0,39,121
07/24/2014,PSC,WA,ANM,WE,Combined TRACON& Tower with Radar,20,14,17,0,51,0,0,40,0,40,20,14,57,0,91,60,0,60,151
07/25/2014,PSC,WA,ANM,WE,Combined TRACON& Tower with Radar,23,13,19,0,55,0,1,57,0,58,23,14,76,0,113,18,0,18,131
07/26/2014,PSC,WA,ANM,WE,Combined TRACON& Tower with Radar,11,15,10,0,36,0,3,58,0,61,11,18,68,0,97,30,0,30,127
07/27/2014,PSC,WA,ANM,WE,Combined TRACON& Tower with Radar,20,10,10,0,40,0,0,53,1,54,20,10,63,1,94,70,0,70,164
07/28/2014,PSC,WA,ANM,WE,Combined TRACON& Tower with Radar,24,12,13,0,49,0,0,46,1,47,24,12,59,1,96,50,0,50,146
07/29/2014,PSC,WA,ANM,WE,Combined TRACON& Tower with Radar,18,12,13,2,45,0,5,44,0,49,18,17,57,2,94,44,0,44,138
07/30/2014,PSC,WA,ANM,WE,Combined TRACON& Tower with Radar,18,13,16,0,47,0,4,44,1,49,18,17,60,1,96,66,2,68,164
07/31/2014,PSC,WA,ANM,WE,Combined TRACON& Tower with Radar,20,12,3,0,35,0,0,29,3,32,20,12,32,3,67,49,0,49,116
08/01/2014,PSC,WA,ANM,WE,Combined TRACON& Tower with Radar,23,15,5,0,43,0,1,36,1,38,23,16,41,1,81,23,0,23,104
08/02/2014,PSC,WA,ANM,WE,Combined TRACON& Tower with Radar,11,16,2,0,29,0,6,23,0,29,11,22,25,0,58,102,0,102,160
08/03/2014,PSC,WA,ANM,WE,Combined TRACON& Tower with Radar,19,10,12,0,41,0,0,25,0,25,19,10,37,0,66,38,0,38,104
08/04/2014,PSC,WA,ANM,WE,Combined TRACON& Tower with Radar,25,13,12,3,53,0,0,42,1,43,25,13,54,4,96,83,0,83,179
08/05/2014,PSC,WA,ANM,WE,Combined TRACON& Tower with Radar,17,16,17,6,56,0,1,42,0,43,17,17,59,6,99,26,10,36,135
08/06/2014,PSC,WA,ANM,WE,Combined TRACON& Tower with Radar,18,17,14,6,55,0,0,46,0,46,18,17,60,6,101,88,22,110,211
08/07/2014,PSC,WA,ANM,WE,Combined TRACON& Tower with Radar,22,16,29,6,73,0,2,61,0,63,22,18,90,6,136,103,0,103,239
08/08/2014,PSC,WA,ANM,WE,Combined TRACON& Tower with Radar,25,14,20,2,61,0,2,42,6,50,25,16,62,8,111,42,0,42,153
08/09/2014,PSC,WA,ANM,WE,Combined TRACON& Tower with Radar,11,12,11,0,34,0,6,32,4,42,11,18,43,4,76,70,0,70,146
08/10/2014,PSC,WA,ANM,WE,Combined TRACON& Tower with Radar,20,10,8,0,38,0,0,34,1,35,20,10,42,1,73,57,0,57,130
08/11/2014,PSC,WA,ANM,WE,Combined TRACON& Tower with Radar,23,14,19,0,56,0,5,44,0,49,23,19,63,0,105,56,0,56,161
08/12/2014,PSC,WA,ANM,WE,Combined TRACON& Tower with Radar,20,14,16,4,54,0,2,24,0,26,20,16,40,4,80,33,60,93,173
08/13/2014,PSC,WA,ANM,WE,Combined TRACON& Tower with Radar,18,13,33,8,72,0,0,34,3,37,18,13,67,11,109,49,24,73,182
08/14/2014,PSC,WA,ANM,WE,Combined TRACON& Tower with Radar,20,14,24,0,58,0,0,36,1,37,20,14,60,1,95,51,0,51,146
08/15/2014,PSC,WA,ANM,WE,Combined TRACON& Tower with Radar,24,15,11,4,54,0,0,33,3,36,24,15,44,7,90,61,26,87,177
08/16/2014,PSC,WA,ANM,WE,Combined TRACON& Tower with Radar,11,16,8,0,35,0,3,41,0,44,11,19,49,0,79,18,0,18,97
08/17/2014,PSC,WA,ANM,WE,Combined TRACON& Tower with Radar,20,9,6,0,35,0,2,31,0,33,20,11,37,0,68,66,0,66,134
08/18/2014,PSC,WA,ANM,WE,Combined TRACON& Tower with Radar,24,12,18,0,54,0,0,26,6,32,24,12,44,6,86,24,24,48,134
08/19/2014,PSC,WA,ANM,WE,Combined TRACON& Tower with Radar,19,12,8,23,62,0,2,24,6,32,19,14,32,29,94,1,34,35,129
08/20/2014,PSC,WA,ANM,WE,Combined TRACON& Tower with Radar,19,13,21,8,61,0,2,30,0,32,19,15,51,8,93,32,0,32,125
08/21/2014,PSC,WA,ANM,WE,Combined TRACON& Tower with Radar,23,12,23,2,60,0,1,67,2,70,23,13,90,4,130,44,0,44,174
08/22/2014,PSC,WA,ANM,WE,Combined TRACON& Tower with Radar,23,11,17,0,51,0,5,39,0,44,23,16,56,0,95,15,0,15,110
08/23/2014,PSC,WA,ANM,WE,Combined TRACON& Tower with Radar,10,8,15,0,33,0,5,32,0,37,10,13,47,0,70,70,0,70,140
08/24/2014,PSC,WA,ANM,WE,Combined TRACON& Tower with Radar,20,7,22,5,54,0,1,30,1,32,20,8,52,6,86,29,0,29,115
08/25/2014,PSC,WA,ANM,WE,Combined TRACON& Tower with Radar,25,11,11,0,47,0,1,32,0,33,25,12,43,0,80,14,0,14,94
08/26/2014,PSC,WA,ANM,WE,Combined TRACON& Tower with Radar,16,9,15,2,42,0,0,28,0,28,16,9,43,2,70,15,4,19,89
08/27/2014,PSC,WA,ANM,WE,Combined TRACON& Tower with Radar,19,9,28,5,61,0,0,43,2,45,19,9,71,7,106,8,6,14,120
08/28/2014,PSC,WA,ANM,WE,Combined TRACON& Tower with Radar,19,14,32,2,67,0,1,42,0,43,19,15,74,2,110,22,0,22,132
08/29/2014,PSC,WA,ANM,WE,Combined TRACON& Tower with Radar,27,11,16,0,54,0,0,33,0,33,27,11,49,0,87,29,0,29,116
08/30/2014,PSC,WA,ANM,WE,Combined TRACON& Tower with Radar,14,4,10,0,28,0,5,37,1,43,14,9,47,1,71,25,0,25,96
08/31/2014,PSC,WA,ANM,WE,Combined TRACON& Tower with Radar,12,7,19,0,38,0,0,27,2,29,12,7,46,2,67,44,0,44,111
09/01/2014,PSC,WA,ANM,WE,Combined TRACON& Tower with Radar,24,7,17,0,48,0,1,40,1,42,24,8,57,1,90,26,0,26,116
09/02/2014,PSC,WA,ANM,WE,Combined TRACON& Tower with Radar,15,13,12,0,40,0,1,23,0,24,15,14,35,0,64,4,0,4,68
09/03/2014,PSC,WA,ANM,WE,Combined TRACON& Tower with Radar,17,12,10,2,41,0,0,25,0,25,17,12,35,2,66,12,2,14,80
09/04/2014,PSC,WA,ANM,WE,Combined TRACON& Tower with Radar,17,14,17,0,48,0,1,38,0,39,17,15,55,0,87,51,0,51,138
09/05/2014,PSC,WA,ANM,WE,Combined TRACON& Tower with Radar,20,13,18,0,51,0,3,52,2,57,20,16,70,2,108,96,0,96,204
09/06/2014,PSC,WA,ANM,WE,Combined TRACON& Tower with Radar,13,9,10,2,34,0,7,38,0,45,13,16,48,2,79,77,44,121,200
09/07/2014,PSC,WA,ANM,WE,Combined TRACON& Tower with Radar,18,10,18,0,46,0,0,40,1,41,18,10,58,1,87,66,0,66,153
09/08/2014,PSC,WA,ANM,WE,Combined TRACON& Tower with Radar,18,12,9,6,45,0,0,20,0,20,18,12,29,6,65,50,18,68,133
09/09/2014,PSC,WA,ANM,WE,Combined TRACON& Tower with Radar,13,14,12,12,51,0,1,34,4,39,13,15,46,16,90,28,42,70,160
09/10/2014,PSC,WA,ANM,WE,Combined TRACON& Tower with Radar,16,11,23,20,70,0,0,41,1,42,16,11,64,21,112,31,22,53,165
09/11/2014,PSC,WA,ANM,WE,Combined TRACON& Tower with Radar,19,17,11,4,51,0,1,32,0,33,19,18,43,4,84,28,0,28,112
09/12/2014,PSC,WA,ANM,WE,Combined TRACON& Tower with Radar,16,15,18,0,49,0,0,65,2,67,16,15,83,2,116,118,0,118,234
09/13/2014,PSC,WA,ANM,WE,Combined TRACON& Tower with Radar,13,10,8,0,31,0,5,33,0,38,13,15,41,0,69,56,0,56,125
09/14/2014,PSC,WA,ANM,WE,Combined TRACON& Tower with Radar,18,12,10,0,40,0,1,42,0,43,18,13,52,0,83,33,0,33,116
09/15/2014,PSC,WA,ANM,WE,Combined TRACON& Tower with Radar,16,15,13,5,49,0,0,32,2,34,16,15,45,7,83,72,0,72,155
09/16/2014,PSC,WA,ANM,WE,Combined TRACON& Tower with Radar,14,13,22,6,55,0,0,25,0,25,14,13,47,6,80,29,6,35,115
09/17/2014,PSC,WA,ANM,WE,Combined TRACON& Tower with Radar,15,15,16,5,51,0,0,27,1,28,15,15,43,6,79,56,18,74,153
09/18/2014,PSC,WA,ANM,WE,Combined TRACON& Tower with Radar,18,17,11,8,54,0,2,52,3,57,18,19,63,11,111,50,24,74,185
09/19/2014,PSC,WA,ANM,WE,Combined TRACON& Tower with Radar,15,15,14,2,46,0,2,53,0,55,15,17,67,2,101,14,0,14,115
09/20/2014,PSC,WA,ANM,WE,Combined TRACON& Tower with Radar,13,12,4,0,29,0,5,36,0,41,13,17,40,0,70,40,0,40,110
09/21/2014,PSC,WA,ANM,WE,Combined TRACON& Tower with Radar,16,13,8,0,37,0,0,30,0,30,16,13,38,0,67,58,0,58,125
09/22/2014,PSC,WA,ANM,WE,Combined TRACON& Tower with Radar,15,16,13,6,50,0,0,23,0,23,15,16,36,6,73,40,14,54,127
09/23/2014,PSC,WA,ANM,WE,Combined TRACON& Tower with Radar,14,16,18,2,50,0,0,40,0,40,14,16,58,2,90,42,2,44,134
09/24/2014,PSC,WA,ANM,WE,Combined TRACON& Tower with Radar,16,15,20,6,57,0,0,21,2,23,16,15,41,8,80,27,0,27,107
09/25/2014,PSC,WA,ANM,WE,Combined TRACON& Tower with Radar,18,17,12,0,47,0,1,43,2,46,18,18,55,2,93,46,1,47,140
09/26/2014,PSC,WA,ANM,WE,Combined TRACON& Tower with Radar,18,19,14,2,53,0,0,30,0,30,18,19,44,2,83,52,30,82,165
09/27/2014,PSC,WA,ANM,WE,Combined TRACON& Tower with Radar,13,10,7,0,30,0,7,42,2,51,13,17,49,2,81,76,5,81,162
09/28/2014,PSC,WA,ANM,WE,Combined TRACON& Tower with Radar,17,12,21,0,50,0,1,53,0,54,17,13,74,0,104,100,0,100,204
09/29/2014,PSC,WA,ANM,WE,Combined TRACON& Tower with Radar,17,18,12,0,47,0,1,21,0,22,17,19,33,0,69,27,0,27,96
09/30/2014,PSC,WA,ANM,WE,Combined TRACON& Tower with Radar,20,14,12,0,46,0,0,21,0,21,20,14,33,0,67,14,0,14,81
10/01/2014,PSC,WA,ANM,WE,Combined TRACON& Tower with Radar,16,16,16,0,48,0,1,28,0,29,16,17,44,0,77,22,0,22,99
10/02/2014,PSC,WA,ANM,WE,Combined TRACON& Tower with Radar,18,14,9,0,41,0,0,37,0,37,18,14,46,0,78,12,0,12,90
10/03/2014,PSC,WA,ANM,WE,Combined TRACON& Tower with Radar,18,15,18,0,51,0,0,40,1,41,18,15,58,1,92,44,0,44,136
10/04/2014,PSC,WA,ANM,WE,Combined TRACON& Tower with Radar,15,12,13,0,40,0,2,32,0,34,15,14,45,0,74,53,0,53,127
10/05/2014,PSC,WA,ANM,WE,Combined TRACON& Tower with Radar,18,10,3,0,31,0,1,22,1,24,18,11,25,1,55,54,0,54,109
10/06/2014,PSC,WA,ANM,WE,Combined TRACON& Tower with Radar,18,14,9,0,41,0,1,25,2,28,18,15,34,2,69,19,0,19,88
10/07/2014,PSC,WA,ANM,WE,Combined TRACON& Tower with Radar,17,14,28,0,59,0,2,24,0,26,17,16,52,0,85,26,0,26,111
10/08/2014,PSC,WA,ANM,WE,Combined TRACON& Tower with Radar,16,14,16,13,59,0,0,27,0,27,16,14,43,13,86,47,100,147,233
10/09/2014,PSC,WA,ANM,WE,Combined TRACON& Tower with Radar,18,16,10,0,44,0,0,39,0,39,18,16,49,0,83,39,0,39,122
10/10/2014,PSC,WA,ANM,WE,Combined TRACON& Tower with Radar,19,15,20,0,54,0,3,43,0,46,19,18,63,0,100,53,0,53,153
10/11/2014,PSC,WA,ANM,WE,Combined TRACON& Tower with Radar,12,13,3,0,28,0,1,20,0,21,12,14,23,0,49,31,0,31,80
10/12/2014,PSC,WA,ANM,WE,Combined TRACON& Tower with Radar,18,11,16,0,45,0,0,29,1,30,18,11,45,1,75,94,0,94,169
10/13/2014,PSC,WA,ANM,WE,Combined TRACON& Tower with Radar,19,14,10,0,43,0,0,33,0,33,19,14,43,0,76,45,0,45,121
10/14/2014,PSC,WA,ANM,WE,Combined TRACON& Tower with Radar,16,13,15,0,44,0,0,13,0,13,16,13,28,0,57,4,0,4,61
10/15/2014,PSC,WA,ANM,WE,Combined TRACON& Tower with Radar,17,14,23,11,65,0,0,10,2,12,17,14,33,13,77,4,4,8,85
10/16/2014,PSC,WA,ANM,WE,Combined TRACON& Tower with Radar,22,17,18,6,63,0,0,42,0,42,22,17,60,6,105,14,0,14,119
10/17/2014,PSC,WA,ANM,WE,Combined TRACON& Tower with Radar,20,16,10,4,50,0,0,34,0,34,20,16,44,4,84,34,0,34,118
10/18/2014,PSC,WA,ANM,WE,Combined TRACON& Tower with Radar,12,12,19,0,43,0,2,51,1,54,12,14,70,1,97,43,0,43,140
10/19/2014,PSC,WA,ANM,WE,Combined TRACON& Tower with Radar,18,10,9,4,41,0,0,29,0,29,18,10,38,4,70,94,0,94,164
10/20/2014,PSC,WA,ANM,WE,Combined TRACON& Tower with Radar,21,14,22,2,59,0,0,28,0,28,21,14,50,2,87,80,0,80,167
10/21/2014,PSC,WA,ANM,WE,Combined TRACON& Tower with Radar,16,12,37,0,65,0,0,22,0,22,16,12,59,0,87,8,2,10,97
10/22/2014,PSC,WA,ANM,WE,Combined TRACON& Tower with Radar,15,14,24,0,53,0,0,11,0,11,15,14,35,0,64,23,0,23,87
10/23/2014,PSC,WA,ANM,WE,Combined TRACON& Tower with Radar,16,17,22,8,63,0,0,21,1,22,16,17,43,9,85,16,12,28,113
10/24/2014,PSC,WA,ANM,WE,Combined TRACON& Tower with Radar,19,16,22,0,57,0,3,29,2,34,19,19,51,2,91,42,0,42,133
10/25/2014,PSC,WA,ANM,WE,Combined TRACON& Tower with Radar,13,12,31,0,56,0,2,10,0,12,13,14,41,0,68,27,0,27,95
10/26/2014,PSC,WA,ANM,WE,Combined TRACON& Tower with Radar,18,9,5,0,32,0,0,4,0,4,18,9,9,0,36,30,0,30,66
10/27/2014,PSC,WA,ANM,WE,Combined TRACON& Tower with Radar,21,11,16,4,52,0,0,23,3,26,21,11,39,7,78,41,26,67,145
10/28/2014,PSC,WA,ANM,WE,Combined TRACON& Tower with Radar,17,12,18,2,49,0,2,10,0,12,17,14,28,2,61,12,0,12,73
10/29/2014,PSC,WA,ANM,WE,Combined TRACON& Tower with Radar,17,22,23,18,80,0,1,16,3,20,17,23,39,21,100,8,44,52,152
10/30/2014,PSC,WA,ANM,WE,Combined TRACON& Tower with Radar,19,15,13,2,49,0,1,14,0,15,19,16,27,2,64,35,10,45,109
10/31/2014,PSC,WA,ANM,WE,Combined TRACON& Tower with Radar,21,13,8,4,46,0,0,11,0,11,21,13,19,4,57,79,12,91,148
11/01/2014,PSC,WA,ANM,WE,Combined TRACON& Tower with Radar,13,13,20,0,46,0,1,30,0,31,13,14,50,0,77,86,0,86,163
11/02/2014,PSC,WA,ANM,WE,Combined TRACON& Tower with Radar,15,8,12,0,35,0,0,32,1,33,15,8,44,1,68,127,0,127,195
11/03/2014,PSC,WA,ANM,WE,Combined TRACON& Tower with Radar,17,13,17,20,67,0,1,21,7,29,17,14,38,27,96,56,123,179,275
11/04/2014,PSC,WA,ANM,WE,Combined TRACON& Tower with Radar,15,14,7,7,43,0,0,4,1,5,15,14,11,8,48,4,42,46,94
11/05/2014,PSC,WA,ANM,WE,Combined TRACON& Tower with Radar,16,13,16,10,55,0,1,18,0,19,16,14,34,10,74,6,22,28,102
11/06/2014,PSC,WA,ANM,WE,Combined TRACON& Tower with Radar,18,10,29,12,69,0,0,13,0,13,18,10,42,12,82,0,0,0,82
11/07/2014,PSC,WA,ANM,WE,Combined TRACON& Tower with Radar,19,13,11,2,45,0,0,42,2,44,19,13,53,4,89,73,0,73,162
11/08/2014,PSC,WA,ANM,WE,Combined TRACON& Tower with Radar,12,9,11,0,32,0,5,44,0,49,12,14,55,0,81,96,0,96,177
11/09/2014,PSC,WA,ANM,WE,Combined TRACON& Tower with Radar,19,8,10,0,37,0,0,14,1,15,19,8,24,1,52,68,0,68,120
11/10/2014,PSC,WA,ANM,WE,Combined TRACON& Tower with Radar,19,11,13,3,46,0,0,26,0,26,19,11,39,3,72,0,20,20,92
11/11/2014,PSC,WA,ANM,WE,Combined TRACON& Tower with Radar,16,12,15,0,43,0,0,12,0,12,16,12,27,0,55,6,0,6,61
11/12/2014,PSC,WA,ANM,WE,Combined TRACON& Tower with Radar,15,11,23,6,55,0,3,42,0,45,15,14,65,6,100,29,1,30,130
11/13/2014,PSC,WA,ANM,WE,Combined TRACON& Tower with Radar,21,16,13,5,55,0,2,9,1,12,21,18,22,6,67,4,0,4,71
11/14/2014,PSC,WA,ANM,WE,Combined TRACON& Tower with Radar,18,16,15,1,50,0,0,11,1,12,18,16,26,2,62,10,0,10,72
11/15/2014,PSC,WA,ANM,WE,Combined TRACON& Tower with Radar,14,10,6,0,30,1,2,20,0,23,15,12,26,0,53,86,0,86,139
11/16/2014,PSC,WA,ANM,WE,Combined TRACON& Tower with Radar,20,8,9,0,37,0,0,12,0,12,20,8,21,0,49,18,0,18,67
11/17/2014,PSC,WA,ANM,WE,Combined TRACON& Tower with Radar,19,12,22,0,53,0,0,8,0,8,19,12,30,0,61,0,0,0,61
11/18/2014,PSC,WA,ANM,WE,Combined TRACON& Tower with Radar,15,14,19,0,48,0,0,0,0,0,15,14,19,0,48,0,0,0,48
11/19/2014,PSC,WA,ANM,WE,Combined TRACON& Tower with Radar,15,13,18,0,46,0,0,5,0,5,15,13,23,0,51,22,94,116,167
11/20/2014,PSC,WA,ANM,WE,Combined TRACON& Tower with Radar,17,20,12,0,49,0,0,4,0,4,17,20,16,0,53,0,0,0,53
11/21/2014,PSC,WA,ANM,WE,Combined TRACON& Tower with Radar,19,13,8,2,42,0,0,0,0,0,19,13,8,2,42,0,0,0,42
11/22/2014,PSC,WA,ANM,WE,Combined TRACON& Tower with Radar,12,8,7,0,27,0,4,21,0,25,12,12,28,0,52,101,0,101,153
11/23/2014,PSC,WA,ANM,WE,Combined TRACON& Tower with Radar,20,5,11,0,36,0,0,3,0,3,20,5,14,0,39,0,0,0,39
11/24/2014,PSC,WA,ANM,WE,Combined TRACON& Tower with Radar,22,12,23,6,63,0,0,25,1,26,22,12,48,7,89,24,30,54,143
11/25/2014,PSC,WA,ANM,WE,Combined TRACON& Tower with Radar,17,20,13,9,59,0,0,9,0,9,17,20,22,9,68,32,2,34,102
11/26/2014,PSC,WA,ANM,WE,Combined TRACON& Tower with Radar,21,18,23,0,62,0,0,0,0,0,21,18,23,0,62,0,0,0,62
11/27/2014,PSC,WA,ANM,WE,Combined TRACON& Tower with Radar,15,7,3,0,25,0,0,10,1,11,15,7,13,1,36,16,0,16,52
11/28/2014,PSC,WA,ANM,WE,Combined TRACON& Tower with Radar,18,16,3,0,37,1,0,6,0,7,19,16,9,0,44,0,0,0,44
11/29/2014,PSC,WA,ANM,WE,Combined TRACON& Tower with Radar,17,12,10,0,39,0,1,4,0,5,17,13,14,0,44,14,0,14,58
11/30/2014,PSC,WA,ANM,WE,Combined TRACON& Tower with Radar,24,4,10,0,38,0,0,46,2,48,24,4,56,2,86,41,0,41,127
12/01/2014,PSC,WA,ANM,WE,Combined TRACON& Tower with Radar,17,14,23,26,80,0,0,16,0,16,17,14,39,26,96,23,36,59,155
12/02/2014,PSC,WA,ANM,WE,Combined TRACON& Tower with Radar,20,12,20,0,52,0,0,17,0,17,20,12,37,0,69,19,0,19,88
12/03/2014,PSC,WA,ANM,WE,Combined TRACON& Tower with Radar,22,13,19,0,54,0,0,6,0,6,22,13,25,0,60,10,0,10,70
12/04/2014,PSC,WA,ANM,WE,Combined TRACON& Tower with Radar,24,12,27,0,63,0,0,2,0,2,24,12,29,0,65,30,0,30,95
12/05/2014,PSC,WA,ANM,WE,Combined TRACON& Tower with Radar,26,13,18,0,57,0,0,2,0,2,26,13,20,0,59,20,0,20,79
12/06/2014,PSC,WA,ANM,WE,Combined TRACON& Tower with Radar,14,8,19,0,41,0,4,53,0,57,14,12,72,0,98,140,0,140,238
12/07/2014,PSC,WA,ANM,WE,Combined TRACON& Tower with Radar,25,4,19,0,48,0,0,0,0,0,25,4,19,0,48,0,0,0,48
12/08/2014,PSC,WA,ANM,WE,Combined TRACON& Tower with Radar,28,8,19,0,55,0,0,6,0,6,28,8,25,0,61,15,0,15,76
12/09/2014,PSC,WA,ANM,WE,Combined TRACON& Tower with Radar,22,10,21,6,59,0,0,3,0,3,22,10,24,6,62,14,4,18,80
12/10/2014,PSC,WA,ANM,WE,Combined TRACON& Tower with Radar,23,12,17,1,53,0,0,0,0,0,23,12,17,1,53,0,0,0,53
12/11/2014,PSC,WA,ANM,WE,Combined TRACON& Tower with Radar,25,11,30,6,72,0,0,13,0,13,25,11,43,6,85,9,14,23,108
12/12/2014,PSC,WA,ANM,WE,Combined TRACON& Tower with Radar,27,10,14,0,51,0,0,14,0,14,27,10,28,0,65,58,0,58,123
12/13/2014,PSC,WA,ANM,WE,Combined TRACON& Tower with Radar,14,8,13,0,35,0,3,57,0,60,14,11,70,0,95,101,0,101,196
12/14/2014,PSC,WA,ANM,WE,Combined TRACON& Tower with Radar,23,3,31,0,57,0,0,3,0,3,23,3,34,0,60,4,0,4,64
12/15/2014,PSC,WA,ANM,WE,Combined TRACON& Tower with Radar,24,10,27,7,68,0,0,3,0,3,24,10,30,7,71,6,4,10,81
12/16/2014,PSC,WA,ANM,WE,Combined TRACON& Tower with Radar,22,10,14,0,46,0,0,2,0,2,22,10,16,0,48,6,0,6,54
12/17/2014,PSC,WA,ANM,WE,Combined TRACON& Tower with Radar,22,15,40,2,79,0,0,8,0,8,22,15,48,2,87,2,0,2,89
12/18/2014,PSC,WA,ANM,WE,Combined TRACON& Tower with Radar,28,7,39,11,85,0,1,15,0,16,28,8,54,11,101,30,0,30,131
12/19/2014,PSC,WA,ANM,WE,Combined TRACON& Tower with Radar,31,5,12,2,50,0,0,24,2,26,31,5,36,4,76,73,0,73,149
12/20/2014,PSC,WA,ANM,WE,Combined TRACON& Tower with Radar,21,14,15,0,50,0,0,15,0,15,21,14,30,0,65,65,0,65,130
12/21/2014,PSC,WA,ANM,WE,Combined TRACON& Tower with Radar,20,10,10,0,40,0,0,10,0,10,20,10,20,0,50,20,0,20,70
12/22/2014,PSC,WA,ANM,WE,Combined TRACON& Tower with Radar,33,6,11,2,52,0,1,38,0,39,33,7,49,2,91,111,0,111,202
12/23/2014,PSC,WA,ANM,WE,Combined TRACON& Tower with Radar,25,7,17,0,49,0,0,20,0,20,25,7,37,0,69,49,0,49,118
12/24/2014,PSC,WA,ANM,WE,Combined TRACON& Tower with Radar,25,16,8,0,49,0,0,4,0,4,25,16,12,0,53,30,0,30,83
12/25/2014,PSC,WA,ANM,WE,Combined TRACON& Tower with Radar,21,4,7,0,32,0,0,14,1,15,21,4,21,1,47,3,0,3,50
12/26/2014,PSC,WA,ANM,WE,Combined TRACON& Tower with Radar,23,10,10,0,43,0,0,31,0,31,23,10,41,0,74,76,0,76,150
12/27/2014,PSC,WA,ANM,WE,Combined TRACON& Tower with Radar,21,13,17,0,51,0,3,11,0,14,21,16,28,0,65,30,0,30,95
12/28/2014,PSC,WA,ANM,WE,Combined TRACON& Tower with Radar,18,13,18,0,49,0,0,23,0,23,18,13,41,0,72,69,0,69,141
12/29/2014,PSC,WA,ANM,WE,Combined TRACON& Tower with Radar,28,6,10,2,46,0,0,1,0,1,28,6,11,2,47,0,0,0,47
12/30/2014,PSC,WA,ANM,WE,Combined TRACON& Tower with Radar,24,8,11,0,43,0,0,34,2,36,24,8,45,2,79,81,0,81,160
12/31/2014,PSC,WA,ANM,WE,Combined TRACON& Tower with Radar,27,7,8,2,44,0,0,18,2,20,27,7,26,4,64,56,1,57,121
01/01/2015,PSC,WA,ANM,WE,Combined TRACON& Tower with Radar,20,1,9,0,30,0,0,17,0,17,20,1,26,0,47,96,0,96,143
01/02/2015,PSC,WA,ANM,WE,Combined TRACON& Tower with Radar,25,7,9,0,41,0,0,15,0,15,25,7,24,0,56,73,0,73,129
01/03/2015,PSC,WA,ANM,WE,Combined TRACON& Tower with Radar,20,12,9,0,41,0,2,17,0,19,20,14,26,0,60,78,0,78,138
01/04/2015,PSC,WA,ANM,WE,Combined TRACON& Tower with Radar,22,10,3,0,35,0,0,0,0,0,22,10,3,0,35,0,0,0,35
01/05/2015,PSC,WA,ANM,WE,Combined TRACON& Tower with Radar,25,8,8,0,41,0,0,7,0,7,25,8,15,0,48,5,0,5,53
01/06/2015,PSC,WA,ANM,WE,Combined TRACON& Tower with Radar,13,10,14,2,39,0,0,18,2,20,13,10,32,4,59,28,2,30,89
01/07/2015,PSC,WA,ANM,WE,Combined TRACON& Tower with Radar,15,14,17,0,46,0,0,0,0,0,15,14,17,0,46,0,0,0,46
01/08/2015,PSC,WA,ANM,WE,Combined TRACON& Tower with Radar,15,21,30,0,66,0,0,0,0,0,15,21,30,0,66,0,0,0,66
01/09/2015,PSC,WA,ANM,WE,Combined TRACON& Tower with Radar,16,15,9,0,40,0,0,3,0,3,16,15,12,0,43,6,0,6,49
01/10/2015,PSC,WA,ANM,WE,Combined TRACON& Tower with Radar,10,11,10,0,31,0,0,3,0,3,10,11,13,0,34,22,0,22,56
01/11/2015,PSC,WA,ANM,WE,Combined TRACON& Tower with Radar,15,9,8,13,45,0,0,4,0,4,15,9,12,13,49,68,4,72,121
01/12/2015,PSC,WA,ANM,WE,Combined TRACON& Tower with Radar,15,13,22,2,52,0,0,10,0,10,15,13,32,2,62,36,0,36,98
01/13/2015,PSC,WA,ANM,WE,Combined TRACON& Tower with Radar,14,13,20,4,51,1,0,5,0,6,15,13,25,4,57,10,0,10,67
01/14/2015,PSC,WA,ANM,WE,Combined TRACON& Tower with Radar,14,13,27,14,68,0,1,12,1,14,14,14,39,15,82,56,33,89,171
01/15/2015,PSC,WA,ANM,WE,Combined TRACON& Tower with Radar,17,15,19,6,57,0,0,12,0,12,17,15,31,6,69,19,0,19,88
01/16/2015,PSC,WA,ANM,WE,Combined TRACON& Tower with Radar,15,20,16,2,53,0,1,21,2,24,15,21,37,4,77,34,0,34,111
01/17/2015,PSC,WA,ANM,WE,Combined TRACON& Tower with Radar,10,10,9,0,29,0,0,6,1,7,10,10,15,1,36,30,0,30,66
01/18/2015,PSC,WA,ANM,WE,Combined TRACON& Tower with Radar,17,8,20,0,45,0,0,13,0,13,17,8,33,0,58,40,0,40,98
01/19/2015,PSC,WA,ANM,WE,Combined TRACON& Tower with Radar,15,15,22,0,52,0,0,36,0,36,15,15,58,0,88,91,0,91,179
01/20/2015,PSC,WA,ANM,WE,Combined TRACON& Tower with Radar,14,17,22,2,55,0,3,24,0,27,14,20,46,2,82,20,0,20,102
01/21/2015,PSC,WA,ANM,WE,Combined TRACON& Tower with Radar,14,21,15,0,50,0,0,0,0,0,14,21,15,0,50,2,0,2,52
01/22/2015,PSC,WA,ANM,WE,Combined TRACON& Tower with Radar,15,13,10,0,38,0,0,6,1,7,15,13,16,1,45,5,0,5,50
01/23/2015,PSC,WA,ANM,WE,Combined TRACON& Tower with Radar,15,18,14,0,47,0,0,1,0,1,15,18,15,0,48,15,0,15,63
01/24/2015,PSC,WA,ANM,WE,Combined TRACON& Tower with Radar,9,11,30,19,69,0,0,17,0,17,9,11,47,19,86,49,18,67,153
01/25/2015,PSC,WA,ANM,WE,Combined TRACON& Tower with Radar,14,13,18,0,45,0,0,0,0,0,14,13,18,0,45,0,0,0,45
01/26/2015,PSC,WA,ANM,WE,Combined TRACON& Tower with Radar,15,15,17,0,47,0,0,1,0,1,15,15,18,0,48,0,0,0,48
01/27/2015,PSC,WA,ANM,WE,Combined TRACON& Tower with Radar,14,17,12,4,47,0,0,0,0,0,14,17,12,4,47,0,2,2,49
01/28/2015,PSC,WA,ANM,WE,Combined TRACON& Tower with Radar,14,13,25,6,58,0,0,1,0,1,14,13,26,6,59,20,0,20,79
01/29/2015,PSC,WA,ANM,WE,Combined TRACON& Tower with Radar,13,15,20,2,50,0,0,5,0,5,13,15,25,2,55,15,0,15,70
01/30/2015,PSC,WA,ANM,WE,Combined TRACON& Tower with Radar,17,16,24,0,57,0,0,4,0,4,17,16,28,0,61,28,0,28,89
01/31/2015,PSC,WA,ANM,WE,Combined TRACON& Tower with Radar,13,11,9,0,33,0,0,8,0,8,13,11,17,0,41,63,0,63,104
02/01/2015,PSC,WA,ANM,WE,Combined TRACON& Tower with Radar,16,9,1,0,26,0,1,3,0,4,16,10,4,0,30,36,0,36,66
02/02/2015,PSC,WA,ANM,WE,Combined TRACON& Tower with Radar,17,15,22,0,54,0,0,4,0,4,17,15,26,0,58,26,0,26,84
02/03/2015,PSC,WA,ANM,WE,Combined TRACON& Tower with Radar,16,14,16,13,59,0,0,8,0,8,16,14,24,13,67,28,0,28,95
02/04/2015,PSC,WA,ANM,WE,Combined TRACON& Tower with Radar,16,13,33,18,80,0,0,0,0,0,16,13,33,18,80,4,18,22,102
02/05/2015,PSC,WA,ANM,WE,Combined TRACON& Tower with Radar,15,15,21,10,61,0,0,7,0,7,15,15,28,10,68,44,4,48,116
02/06/2015,PSC,WA,ANM,WE,Combined TRACON& Tower with Radar,15,12,18,4,49,0,0,6,0,6,15,12,24,4,55,10,14,24,79
02/07/2015,PSC,WA,ANM,WE,Combined TRACON& Tower with Radar,10,13,1,0,24,0,4,12,2,18,10,17,13,2,42,18,0,18,60
02/08/2015,PSC,WA,ANM,WE,Combined TRACON& Tower with Radar,15,9,8,6,38,0,3,39,0,42,15,12,47,6,80,106,0,106,186
02/09/2015,PSC,WA,ANM,WE,Combined TRACON& Tower with Radar,15,15,13,1,44,0,0,21,0,21,15,15,34,1,65,12,0,12,77
02/10/2015,PSC,WA,ANM,WE,Combined TRACON& Tower with Radar,14,15,14,20,63,0,0,34,0,34,14,15,48,20,97,41,0,41,138
02/11/2015,PSC,WA,ANM,WE,Combined TRACON& Tower with Radar,16,13,15,6,50,0,0,28,0,28,16,13,43,6,78,14,0,14,92
02/12/2015,PSC,WA,ANM,WE,Combined TRACON& Tower with Radar,15,14,18,4,51,0,2,38,3,43,15,16,56,7,94,46,6,52,146
02/13/2015,PSC,WA,ANM,WE,Combined TRACON& Tower with Radar,16,16,14,5,51,0,0,23,0,23,16,16,37,5,74,37,0,37,111
02/14/2015,PSC,WA,ANM,WE,Combined TRACON& Tower with Radar,11,9,7,0,27,0,2,35,1,38,11,11,42,1,65,80,0,80,145
02/15/2015,PSC,WA,ANM,WE,Combined TRACON& Tower with Radar,17,8,4,0,29,0,0,36,0,36,17,8,40,0,65,59,0,59,124
02/16/2015,PSC,WA,ANM,WE,Combined TRACON& Tower with Radar,15,13,15,0,43,0,0,25,0,25,15,13,40,0,68,78,0,78,146
02/17/2015,PSC,WA,ANM,WE,Combined TRACON& Tower with Radar,13,13,16,0,42,0,0,46,0,46,13,13,62,0,88,73,0,73,161
02/18/2015,PSC,WA,ANM,WE,Combined TRACON& Tower with Radar,13,13,15,5,46,0,7,22,1,30,13,20,37,6,76,94,12,106,182
02/19/2015,PSC,WA,ANM,WE,Combined TRACON& Tower with Radar,17,13,27,4,61,0,0,31,0,31,17,13,58,4,92,26,0,26,118
02/20/2015,PSC,WA,ANM,WE,Combined TRACON& Tower with Radar,15,21,19,1,56,0,0,23,4,27,15,21,42,5,83,47,26,73,156
02/21/2015,PSC,WA,ANM,WE,Combined TRACON& Tower with Radar,10,6,21,0,37,0,4,35,0,39,10,10,56,0,76,16,0,16,92
02/22/2015,PSC,WA,ANM,WE,Combined TRACON& Tower with Radar,14,10,7,0,31,0,2,39,0,41,14,12,46,0,72,115,0,115,187
02/23/2015,PSC,WA,ANM,WE,Combined TRACON& Tower with Radar,14,12,27,4,57,0,0,48,0,48,14,12,75,4,105,61,2,63,168
02/24/2015,PSC,WA,ANM,WE,Combined TRACON& Tower with Radar,15,14,29,7,65,0,2,48,0,50,15,16,77,7,115,30,15,45,160
02/25/2015,PSC,WA,ANM,WE,Combined TRACON& Tower with Radar,13,15,35,0,63,0,0,40,0,40,13,15,75,0,103,30,0,30,133
02/26/2015,PSC,WA,ANM,WE,Combined TRACON& Tower with Radar,14,13,10,2,39,0,1,15,0,16,14,14,25,2,55,22,29,51,106
02/27/2015,PSC,WA,ANM,WE,Combined TRACON& Tower with Radar,19,14,10,2,45,0,0,14,0,14,19,14,24,2,59,25,0,25,84
02/28/2015,PSC,WA,ANM,WE,Combined TRACON& Tower with Radar,10,7,7,0,24,0,6,15,0,21,10,13,22,0,45,17,0,17,62
03/01/2015,PSC,WA,ANM,WE,Combined TRACON& Tower with Radar,15,10,11,0,36,0,0,37,0,37,15,10,48,0,73,58,0,58,131
03/02/2015,PSC,WA,ANM,WE,Combined TRACON& Tower with Radar,14,15,14,0,43,0,0,19,0,19,14,15,33,0,62,21,0,21,83
03/03/2015,PSC,WA,ANM,WE,Combined TRACON& Tower with Radar,15,15,21,8,59,0,1,21,0,22,15,16,42,8,81,6,1,7,88
03/04/2015,PSC,WA,ANM,WE,Combined TRACON& Tower with Radar,13,14,16,6,49,0,0,37,7,44,13,14,53,13,93,42,34,76,169
03/05/2015,PSC,WA,ANM,WE,Combined TRACON& Tower with Radar,17,16,22,0,55,0,0,15,0,15,17,16,37,0,70,0,0,0,70
03/06/2015,PSC,WA,ANM,WE,Combined TRACON& Tower with Radar,17,15,13,0,45,0,0,37,0,37,17,15,50,0,82,59,0,59,141
03/07/2015,PSC,WA,ANM,WE,Combined TRACON& Tower with Radar,11,12,4,0,27,0,3,55,1,59,11,15,59,1,86,103,1,104,190
03/08/2015,PSC,WA,ANM,WE,Combined TRACON& Tower with Radar,16,11,11,0,38,0,0,37,0,37,16,11,48,0,75,49,0,49,124
03/09/2015,PSC,WA,ANM,WE,Combined TRACON& Tower with Radar,17,13,16,0,46,0,0,33,0,33,17,13,49,0,79,36,0,36,115
03/10/2015,PSC,WA,ANM,WE,Combined TRACON& Tower with Radar,16,13,11,4,44,0,0,31,0,31,16,13,42,4,75,20,76,96,171
03/11/2015,PSC,WA,ANM,WE,Combined TRACON& Tower with Radar,15,12,16,0,43,0,1,20,0,21,15,13,36,0,64,55,0,55,119
03/12/2015,PSC,WA,ANM,WE,Combined TRACON& Tower with Radar,19,13,13,0,45,0,0,28,2,30,19,13,41,2,75,12,4,16,91
03/13/2015,PSC,WA,ANM,WE,Combined TRACON& Tower with Radar,17,13,5,4,39,0,3,21,2,26,17,16,26,6,65,64,35,99,164
03/14/2015,PSC,WA,ANM,WE,Combined TRACON& Tower with Radar,9,16,4,0,29,0,0,14,0,14,9,16,18,0,43,26,0,26,69
03/15/2015,PSC,WA,ANM,WE,Combined TRACON& Tower with Radar,19,11,10,0,40,0,0,8,0,8,19,11,18,0,48,51,0,51,99
03/16/2015,PSC,WA,ANM,WE,Combined TRACON& Tower with Radar,18,13,25,2,58,0,0,31,0,31,18,13,56,2,89,43,0,43,132
03/17/2015,PSC,WA,ANM,WE,Combined TRACON& Tower with Radar,15,13,8,4,40,0,0,7,0,7,15,13,15,4,47,37,24,61,108
03/18/2015,PSC,WA,ANM,WE,Combined TRACON& Tower with Radar,23,12,24,2,61,2,1,45,3,51,25,13,69,5,112,61,0,61,173
03/19/2015,PSC,WA,ANM,WE,Combined TRACON& Tower with Radar,20,9,10,2,41,0,4,18,0,22,20,13,28,2,63,20,10,30,93
03/20/2015,PSC,WA,ANM,WE,Combined TRACON& Tower with Radar,18,13,22,0,53,0,1,31,0,32,18,14,53,0,85,76,0,76,161
03/21/2015,PSC,WA,ANM,WE,Combined TRACON& Tower with Radar,9,16,4,1,30,0,4,7,1,12,9,20,11,2,42,19,13,32,74
03/22/2015,PSC,WA,ANM,WE,Combined TRACON& Tower with Radar,15,12,3,2,32,0,1,29,0,30,15,13,32,2,62,68,1,69,131
03/23/2015,PSC,WA,ANM,WE,Combined TRACON& Tower with Radar,17,13,7,11,48,0,0,9,0,9,17,13,16,11,57,2,23,25,82
03/24/2015,PSC,WA,ANM,WE,Combined TRACON& Tower with Radar,17,12,13,10,52,0,3,10,0,13,17,15,23,10,65,6,41,47,112
03/25/2015,PSC,WA,ANM,WE,Combined TRACON& Tower with Radar,17,13,14,8,52,0,0,13,0,13,17,13,27,8,65,41,0,41,106
03/26/2015,PSC,WA,ANM,WE,Combined TRACON& Tower with Radar,17,13,10,0,40,0,0,37,0,37,17,13,47,0,77,20,0,20,97
03/27/2015,PSC,WA,ANM,WE,Combined TRACON& Tower with Radar,16,13,16,2,47,0,2,60,1,63,16,15,76,3,110,107,0,107,217
03/28/2015,PSC,WA,ANM,WE,Combined TRACON& Tower with Radar,9,12,3,0,24,0,3,17,0,20,9,15,20,0,44,2,0,2,46
03/29/2015,PSC,WA,ANM,WE,Combined TRACON& Tower with Radar,16,12,9,0,37,2,2,25,0,29,18,14,34,0,66,105,0,105,171
03/30/2015,PSC,WA,ANM,WE,Combined TRACON& Tower with Radar,16,13,18,0,47,2,0,45,0,47,18,13,63,0,94,98,1,99,193
03/31/2015,PSC,WA,ANM,WE,Combined TRACON& Tower with Radar,17,13,18,0,48,0,1,9,0,10,17,14,27,0,58,2,0,2,60
04/01/2015,PSC,WA,ANM,WE,Combined TRACON& Tower with Radar,14,13,19,7,53,0,0,16,1,17,14,13,35,8,70,24,16,40,110
04/02/2015,PSC,WA,ANM,WE,Combined TRACON& Tower with Radar,17,14,26,14,71,2,2,49,4,57,19,16,75,18,128,20,34,54,182
04/03/2015,PSC,WA,ANM,WE,Combined TRACON& Tower with Radar,17,13,5,0,35,0,6,26,0,32,17,19,31,0,67,66,0,66,133
04/04/2015,PSC,WA,ANM,WE,Combined TRACON& Tower with Radar,12,12,8,0,32,0,3,34,0,37,12,15,42,0,69,46,0,46,115
04/05/2015,PSC,WA,ANM,WE,Combined TRACON& Tower with Radar,17,9,10,0,36,0,0,17,0,17,17,9,27,0,53,56,0,56,109
04/06/2015,PSC,WA,ANM,WE,Combined TRACON& Tower with Radar,19,13,13,1,46,0,2,16,1,19,19,15,29,2,65,3,0,3,68
04/07/2015,PSC,WA,ANM,WE,Combined TRACON& Tower with Radar,15,13,22,1,51,0,4,42,5,51,15,17,64,6,102,32,0,32,134
04/08/2015,PSC,WA,ANM,WE,Combined TRACON& Tower with Radar,17,8,18,0,43,0,3,38,1,42,17,11,56,1,85,37,0,37,122
04/09/2015,PSC,WA,ANM,WE,Combined TRACON& Tower with Radar,19,11,28,0,58,0,0,37,0,37,19,11,65,0,95,36,0,36,131
04/10/2015,PSC,WA,ANM,WE,Combined TRACON& Tower with Radar,17,11,19,0,47,0,0,25,0,25,17,11,44,0,72,56,0,56,128
04/11/2015,PSC,WA,ANM,WE,Combined TRACON& Tower with Radar,9,11,5,0,25,0,4,11,2,17,9,15,16,2,42,0,0,0,42
04/12/2015,PSC,WA,ANM,WE,Combined TRACON& Tower with Radar,15,9,8,0,32,0,2,22,0,24,15,11,30,0,56,24,0,24,80
04/13/2015,PSC,WA,ANM,WE,Combined TRACON& Tower with Radar,16,12,12,4,44,0,4,30,1,35,16,16,42,5,79,75,0,75,154
04/14/2015,PSC,WA,ANM,WE,Combined TRACON& Tower with Radar,16,12,8,0,36,0,3,9,0,12,16,15,17,0,48,4,0,4,52
04/15/2015,PSC,WA,ANM,WE,Combined TRACON& Tower with Radar,15,11,17,6,49,0,17,59,0,76,15,28,76,6,125,67,0,67,192
04/16/2015,PSC,WA,ANM,WE,Combined TRACON& Tower with Radar,20,8,21,4,53,0,0,47,0,47,20,8,68,4,100,40,0,40,140
04/17/2015,PSC,WA,ANM,WE,Combined TRACON& Tower with Radar,20,9,14,0,43,0,2,27,1,30,20,11,41,1,73,69,0,69,142
04/18/2015,PSC,WA,ANM,WE,Combined TRACON& Tower with Radar,9,10,15,0,34,0,5,65,0,70,9,15,80,0,104,85,0,85,189
04/19/2015,PSC,WA,ANM,WE,Combined TRACON& Tower with Radar,15,9,10,0,34,0,2,35,0,37,15,11,45,0,71,68,0,68,139
04/20/2015,PSC,WA,ANM,WE,Combined TRACON& Tower with Radar,17,13,25,2,57,0,3,53,0,56,17,16,78,2,113,60,0,60,173
04/21/2015,PSC,WA,ANM,WE,Combined TRACON& Tower with Radar,15,14,16,0,45,0,0,53,0,53,15,14,69,0,98,15,0,15,113
04/22/2015,PSC,WA,ANM,WE,Combined TRACON& Tower with Radar,15,14,25,0,54,0,0,42,1,43,15,14,67,1,97,2,0,2,99
04/23/2015,PSC,WA,ANM,WE,Combined TRACON& Tower with Radar,21,11,43,12,87,0,0,20,1,21,21,11,63,13,108,15,12,27,135
04/24/2015,PSC,WA,ANM,WE,Combined TRACON& Tower with Radar,19,11,13,0,43,0,0,24,0,24,19,11,37,0,67,24,0,24,91
04/25/2015,PSC,WA,ANM,WE,Combined TRACON& Tower with Radar,9,11,10,0,30,0,2,39,0,41,9,13,49,0,71,44,0,44,115
04/26/2015,PSC,WA,ANM,WE,Combined TRACON& Tower with Radar,15,10,11,0,36,0,0,32,0,32,15,10,43,0,68,90,0,90,158
04/27/2015,PSC,WA,ANM,WE,Combined TRACON& Tower with Radar,15,13,12,0,40,0,2,36,0,38,15,15,48,0,78,68,0,68,146
04/28/2015,PSC,WA,ANM,WE,Combined TRACON& Tower with Radar,15,11,20,0,46,0,0,30,0,30,15,11,50,0,76,29,0,29,105
04/29/2015,PSC,WA,ANM,WE,Combined TRACON& Tower with Radar,15,11,11,6,43,0,0,27,0,27,15,11,38,6,70,21,0,21,91
04/30/2015,PSC,WA,ANM,WE,Combined TRACON& Tower with Radar,20,11,16,4,51,0,0,32,1,33,20,11,48,5,84,47,44,91,175
05/01/2015,PSC,WA,ANM,WE,Combined TRACON& Tower with Radar,16,13,7,0,36,0,2,42,1,45,16,15,49,1,81,47,0,47,128
05/02/2015,PSC,WA,ANM,WE,Combined TRACON& Tower with Radar,8,9,7,2,26,0,4,67,1,72,8,13,74,3,98,117,0,117,215
05/03/2015,PSC,WA,ANM,WE,Combined TRACON& Tower with Radar,16,7,9,0,32,0,2,20,0,22,16,9,29,0,54,86,0,86,140
05/04/2015,PSC,WA,ANM,WE,Combined TRACON& Tower with Radar,15,13,15,0,43,0,2,43,0,45,15,15,58,0,88,45,0,45,133
05/05/2015,PSC,WA,ANM,WE,Combined TRACON& Tower with Radar,14,11,13,0,38,0,2,8,0,10,14,13,21,0,48,28,0,28,76
05/06/2015,PSC,WA,ANM,WE,Combined TRACON& Tower with Radar,14,15,22,0,51,0,0,47,1,48,14,15,69,1,99,98,0,98,197
05/07/2015,PSC,WA,ANM,WE,Combined TRACON& Tower with Radar,15,14,8,7,44,0,0,38,2,40,15,14,46,9,84,76,61,137,221
05/08/2015,PSC,WA,ANM,WE,Combined TRACON& Tower with Radar,14,16,18,2,50,0,1,58,1,60,14,17,76,3,110,100,12,112,222
05/09/2015,PSC,WA,ANM,WE,Combined TRACON& Tower with Radar,12,11,8,0,31,0,3,32,0,35,12,14,40,0,66,35,0,35,101
05/10/2015,PSC,WA,ANM,WE,Combined TRACON& Tower with Radar,10,11,11,0,32,0,11,35,0,46,10,22,46,0,78,39,0,39,117
05/11/2015,PSC,WA,ANM,WE,Combined TRACON& Tower with Radar,15,11,12,4,42,0,4,39,0,43,15,15,51,4,85,53,0,53,138
05/12/2015,PSC,WA,ANM,WE,Combined TRACON& Tower with Radar,12,14,12,2,40,0,0,18,0,18,12,14,30,2,58,11,52,63,121
05/13/2015,PSC,WA,ANM,WE,Combined TRACON& Tower with Radar,11,14,22,0,47,0,0,8,0,8,11,14,30,0,55,81,0,81,136
05/14/2015,PSC,WA,ANM,WE,Combined TRACON& Tower with Radar,14,13,19,0,46,0,4,27,1,32,14,17,46,1,78,60,4,64,142
05/15/2015,PSC,WA,ANM,WE,Combined TRACON& Tower with Radar,13,15,19,0,47,0,2,46,0,48,13,17,65,0,95,46,0,46,141
05/16/2015,PSC,WA,ANM,WE,Combined TRACON& Tower with Radar,8,11,1,0,20,0,2,31,0,33,8,13,32,0,53,18,0,18,71
05/17/2015,PSC,WA,ANM,WE,Combined TRACON& Tower with Radar,15,9,16,0,40,0,0,37,0,37,15,9,53,0,77,77,0,77,154
05/18/2015,PSC,WA,ANM,WE,Combined TRACON& Tower with Radar,15,12,23,0,50,0,0,14,0,14,15,12,37,0,64,0,0,0,64
05/19/2015,PSC,WA,ANM,WE,Combined TRACON& Tower with Radar,12,15,16,1,44,0,3,32,1,36,12,18,48,2,80,73,12,85,165
05/20/2015,PSC,WA,ANM,WE,Combined TRACON& Tower with Radar,12,15,11,13,51,0,4,40,3,47,12,19,51,16,98,28,103,131,229
05/21/2015,PSC,WA,ANM,WE,Combined TRACON& Tower with Radar,18,11,18,4,51,0,3,31,0,34,18,14,49,4,85,55,16,71,156
05/22/2015,PSC,WA,ANM,WE,Combined TRACON& Tower with Radar,14,13,23,0,50,0,0,38,0,38,14,13,61,0,88,54,0,54,142
05/23/2015,PSC,WA,ANM,WE,Combined TRACON& Tower with Radar,10,9,8,0,27,0,3,29,1,33,10,12,37,1,60,68,0,68,128
05/24/2015,PSC,WA,ANM,WE,Combined TRACON& Tower with Radar,15,6,2,0,23,0,2,19,0,21,15,8,21,0,44,52,0,52,96
05/25/2015,PSC,WA,ANM,WE,Combined TRACON& Tower with Radar,14,9,16,0,39,0,0,31,0,31,14,9,47,0,70,12,0,12,82
05/26/2015,PSC,WA,ANM,WE,Combined TRACON& Tower with Radar,13,14,10,0,37,0,1,31,0,32,13,15,41,0,69,11,0,11,80
05/27/2015,PSC,WA,ANM,WE,Combined TRACON& Tower with Radar,12,14,27,0,53,0,0,57,2,59,12,14,84,2,112,88,0,88,200
05/28/2015,PSC,WA,ANM,WE,Combined TRACON& Tower with Radar,16,20,24,5,65,0,1,53,0,54,16,21,77,5,119,50,6,56,175
05/29/2015,PSC,WA,ANM,WE,Combined TRACON& Tower with Radar,14,13,14,2,43,0,1,59,1,61,14,14,73,3,104,83,18,101,205
05/30/2015,PSC,WA,ANM,WE,Combined TRACON& Tower with Radar,9,10,10,0,29,0,2,43,0,45,9,12,53,0,74,45,0,45,119
05/31/2015,PSC,WA,ANM,WE,Combined TRACON& Tower with Radar,18,7,17,0,42,0,1,46,0,47,18,8,63,0,89,33,0,33,122
06/01/2015,PSC,WA,ANM,WE,Combined TRACON& Tower with Radar,14,12,15,10,51,0,1,14,0,15,14,13,29,10,66,10,32,42,108
06/02/2015,PSC,WA,ANM,WE,Combined TRACON& Tower with Radar,11,18,18,5,52,0,1,22,0,23,11,19,40,5,75,6,0,6,81
06/03/2015,PSC,WA,ANM,WE,Combined TRACON& Tower with Radar,12,15,34,4,65,0,0,43,4,47,12,15,77,8,112,41,20,61,173
06/04/2015,PSC,WA,ANM,WE,Combined TRACON& Tower with Radar,22,12,29,4,67,0,0,48,1,49,22,12,77,5,116,24,3,27,143
06/05/2015,PSC,WA,ANM,WE,Combined TRACON& Tower with Radar,21,11,14,0,46,0,2,56,1,59,21,13,70,1,105,23,0,23,128
06/06/2015,PSC,WA,ANM,WE,Combined TRACON& Tower with Radar,14,10,4,0,28,0,5,36,1,42,14,15,40,1,70,38,0,38,108
06/07/2015,PSC,WA,ANM,WE,Combined TRACON& Tower with Radar,23,8,9,0,40,0,4,35,1,40,23,12,44,1,80,124,0,124,204
06/08/2015,PSC,WA,ANM,WE,Combined TRACON& Tower with Radar,24,11,10,9,54,0,2,15,1,18,24,13,25,10,72,0,0,0,72
06/09/2015,PSC,WA,ANM,WE,Combined TRACON& Tower with Radar,20,11,12,4,47,0,0,45,0,45,20,11,57,4,92,40,18,58,150
06/10/2015,PSC,WA,ANM,WE,Combined TRACON& Tower with Radar,20,13,18,0,51,0,3,43,1,47,20,16,61,1,98,69,0,69,167
06/11/2015,PSC,WA,ANM,WE,Combined TRACON& Tower with Radar,26,9,20,0,55,0,0,49,0,49,26,9,69,0,104,68,0,68,172
06/12/2015,PSC,WA,ANM,WE,Combined TRACON& Tower with Radar,28,10,12,0,50,0,0,61,0,61,28,10,73,0,111,61,0,61,172
06/13/2015,PSC,WA,ANM,WE,Combined TRACON& Tower with Radar,19,13,6,0,38,0,3,95,0,98,19,16,101,0,136,98,0,98,234
06/14/2015,PSC,WA,ANM,WE,Combined TRACON& Tower with Radar,26,9,14,0,49,0,2,86,0,88,26,11,100,0,137,52,0,52,189
06/15/2015,PSC,WA,ANM,WE,Combined TRACON& Tower with Radar,26,11,17,0,54,0,2,31,0,33,26,13,48,0,87,29,0,29,116
06/16/2015,PSC,WA,ANM,WE,Combined TRACON& Tower with Radar,21,15,18,6,60,0,0,41,4,45,21,15,59,10,105,50,27,77,182
06/17/2015,PSC,WA,ANM,WE,Combined TRACON& Tower with Radar,22,12,20,0,54,0,2,34,0,36,22,14,54,0,90,55,0,55,145
06/18/2015,PSC,WA,ANM,WE,Combined TRACON& Tower with Radar,26,9,17,0,52,0,0,34,0,34,26,9,51,0,86,22,0,22,108
06/19/2015,PSC,WA,ANM,WE,Combined TRACON& Tower with Radar,24,14,18,3,59,0,0,44,1,45,24,14,62,4,104,10,0,10,114
06/20/2015,PSC,WA,ANM,WE,Combined TRACON& Tower with Radar,20,10,10,0,40,0,2,57,0,59,20,12,67,0,99,64,0,64,163
06/21/2015,PSC,WA,ANM,WE,Combined TRACON& Tower with Radar,24,8,6,0,38,0,0,25,0,25,24,8,31,0,63,9,0,9,72
06/22/2015,PSC,WA,ANM,WE,Combined TRACON& Tower with Radar,25,11,16,0,52,0,0,25,0,25,25,11,41,0,77,21,0,21,98
06/23/2015,PSC,WA,ANM,WE,Combined TRACON& Tower with Radar,19,11,20,2,52,0,0,43,0,43,19,11,63,2,95,14,0,14,109
06/24/2015,PSC,WA,ANM,WE,Combined TRACON& Tower with Radar,22,10,21,9,62,0,0,61,1,62,22,10,82,10,124,60,6,66,190
06/25/2015,PSC,WA,ANM,WE,Combined TRACON& Tower with Radar,24,12,31,10,77,0,4,38,0,42,24,16,69,10,119,50,18,68,187
06/26/2015,PSC,WA,ANM,WE,Combined TRACON& Tower with Radar,25,11,5,0,41,0,0,30,0,30,25,11,35,0,71,32,0,32,103
06/27/2015,PSC,WA,ANM,WE,Combined TRACON& Tower with Radar,20,11,4,0,35,0,3,12,0,15,20,14,16,0,50,35,0,35,85
06/28/2015,PSC,WA,ANM,WE,Combined TRACON& Tower with Radar,24,7,9,0,40,0,0,25,0,25,24,7,34,0,65,21,0,21,86
06/29/2015,PSC,WA,ANM,WE,Combined TRACON& Tower with Radar,24,11,20,0,55,0,3,16,0,19,24,14,36,0,74,12,0,12,86
06/30/2015,PSC,WA,ANM,WE,Combined TRACON& Tower with Radar,20,15,28,0,63,0,0,30,0,30,20,15,58,0,93,26,0,26,119
07/01/2015,PSC,WA,ANM,WE,Combined TRACON& Tower with Radar,20,14,14,0,48,0,0,37,1,38,20,14,51,1,86,40,0,40,126
07/02/2015,PSC,WA,ANM,WE,Combined TRACON& Tower with Radar,24,12,14,0,50,0,2,43,0,45,24,14,57,0,95,64,0,64,159
07/03/2015,PSC,WA,ANM,WE,Combined TRACON& Tower with Radar,22,14,7,0,43,0,0,36,0,36,22,14,43,0,79,20,0,20,99
07/04/2015,PSC,WA,ANM,WE,Combined TRACON& Tower with Radar,16,7,2,0,25,0,6,18,0,24,16,13,20,0,49,48,0,48,97
07/05/2015,PSC,WA,ANM,WE,Combined TRACON& Tower with Radar,23,9,5,0,37,0,0,20,0,20,23,9,25,0,57,0,0,0,57
07/06/2015,PSC,WA,ANM,WE,Combined TRACON& Tower with Radar,23,16,29,0,68,0,2,39,0,41,23,18,68,0,109,8,0,8,117
07/07/2015,PSC,WA,ANM,WE,Combined TRACON& Tower with Radar,19,16,25,0,60,0,0,48,0,48,19,16,73,0,108,68,0,68,176
07/08/2015,PSC,WA,ANM,WE,Combined TRACON& Tower with Radar,20,14,12,5,51,0,0,26,0,26,20,14,38,5,77,28,36,64,141
07/09/2015,PSC,WA,ANM,WE,Combined TRACON& Tower with Radar,23,12,20,6,61,0,0,54,3,57,23,12,74,9,118,38,6,44,162
07/10/2015,PSC,WA,ANM,WE,Combined TRACON& Tower with Radar,26,12,14,5,57,0,0,16,2,18,26,12,30,7,75,39,6,45,120
07/11/2015,PSC,WA,ANM,WE,Combined TRACON& Tower with Radar,18,13,8,0,39,0,2,15,0,17,18,15,23,0,56,10,0,10,66
07/12/2015,PSC,WA,ANM,WE,Combined TRACON& Tower with Radar,24,9,5,0,38,0,0,35,0,35,24,9,40,0,73,11,0,11,84
07/13/2015,PSC,WA,ANM,WE,Combined TRACON& Tower with Radar,21,14,28,1,64,0,1,17,0,18,21,15,45,1,82,38,0,38,120
07/14/2015,PSC,WA,ANM,WE,Combined TRACON& Tower with Radar,22,15,21,0,58,0,0,46,0,46,22,15,67,0,104,39,0,39,143
07/15/2015,PSC,WA,ANM,WE,Combined TRACON& Tower with Radar,20,13,30,2,65,0,0,29,0,29,20,13,59,2,94,28,0,28,122
07/16/2015,PSC,WA,ANM,WE,Combined TRACON& Tower with Radar,22,13,36,0,71,0,0,50,1,51,22,13,86,1,122,34,0,34,156
07/17/2015,PSC,WA,ANM,WE,Combined TRACON& Tower with Radar,22,17,16,1,56,0,4,59,7,70,22,21,75,8,126,2,0,2,128
07/18/2015,PSC,WA,ANM,WE,Combined TRACON& Tower with Radar,18,13,4,0,35,0,7,29,0,36,18,20,33,0,71,18,0,18,89
07/19/2015,PSC,WA,ANM,WE,Combined TRACON& Tower with Radar,23,9,7,0,39,0,0,37,0,37,23,9,44,0,76,110,0,110,186
07/20/2015,PSC,WA,ANM,WE,Combined TRACON& Tower with Radar,23,15,19,2,59,0,0,27,0,27,23,15,46,2,86,4,18,22,108
07/21/2015,PSC,WA,ANM,WE,Combined TRACON& Tower with Radar,20,16,15,6,57,0,1,33,0,34,20,17,48,6,91,27,20,47,138
07/22/2015,PSC,WA,ANM,WE,Combined TRACON& Tower with Radar,20,13,23,0,56,0,0,41,3,44,20,13,64,3,100,48,9,57,157
07/23/2015,PSC,WA,ANM,WE,Combined TRACON& Tower with Radar,24,14,18,4,60,0,0,63,11,74,24,14,81,15,134,39,52,91,225
07/24/2015,PSC,WA,ANM,WE,Combined TRACON& Tower with Radar,24,13,9,0,46,0,0,35,0,35,24,13,44,0,81,25,0,25,106
07/25/2015,PSC,WA,ANM,WE,Combined TRACON& Tower with Radar,18,16,8,0,42,2,3,38,1,44,20,19,46,1,86,28,0,28,114
07/26/2015,PSC,WA,ANM,WE,Combined TRACON& Tower with Radar,23,10,22,0,55,0,1,82,0,83,23,11,104,0,138,72,0,72,210
07/27/2015,PSC,WA,ANM,WE,Combined TRACON& Tower with Radar,26,13,15,1,55,0,0,40,0,40,26,13,55,1,95,69,0,69,164
07/28/2015,PSC,WA,ANM,WE,Combined TRACON& Tower with Radar,20,15,28,0,63,0,0,59,0,59,20,15,87,0,122,96,0,96,218
07/29/2015,PSC,WA,ANM,WE,Combined TRACON& Tower with Radar,20,13,22,0,55,0,0,45,1,46,20,13,67,1,101,99,0,99,200
07/30/2015,PSC,WA,ANM,WE,Combined TRACON& Tower with Radar,24,13,12,1,50,0,0,37,2,39,24,13,49,3,89,49,0,49,138
07/31/2015,PSC,WA,ANM,WE,Combined TRACON& Tower with Radar,24,14,6,1,45,0,0,63,5,68,24,14,69,6,113,73,0,73,186
08/01/2015,PSC,WA,ANM,WE,Combined TRACON& Tower with Radar,18,11,10,0,39,5,5,37,0,47,23,16,47,0,86,56,0,56,142
08/02/2015,PSC,WA,ANM,WE,Combined TRACON& Tower with Radar,26,7,9,0,42,0,0,28,0,28,26,7,37,0,70,68,0,68,138
08/03/2015,PSC,WA,ANM,WE,Combined TRACON& Tower with Radar,24,15,13,2,54,0,0,32,0,32,24,15,45,2,86,81,0,81,167
08/04/2015,PSC,WA,ANM,WE,Combined TRACON& Tower with Radar,23,13,16,0,52,0,0,39,0,39,23,13,55,0,91,74,0,74,165
08/05/2015,PSC,WA,ANM,WE,Combined TRACON& Tower with Radar,22,17,18,12,69,2,2,33,0,37,24,19,51,12,106,34,0,34,140
08/06/2015,PSC,WA,ANM,WE,Combined TRACON& Tower with Radar,24,12,11,0,47,0,0,65,0,65,24,12,76,0,112,44,0,44,156
08/07/2015,PSC,WA,ANM,WE,Combined TRACON& Tower with Radar,24,12,16,2,54,0,0,70,4,74,24,12,86,6,128,90,0,90,218
08/08/2015,PSC,WA,ANM,WE,Combined TRACON& Tower with Radar,22,11,5,0,38,0,4,32,2,38,22,15,37,2,76,173,0,173,249
08/09/2015,PSC,WA,ANM,WE,Combined TRACON& Tower with Radar,26,12,3,0,41,0,0,21,1,22,26,12,24,1,63,107,0,107,170
08/10/2015,PSC,WA,ANM,WE,Combined TRACON& Tower with Radar,22,13,26,0,61,0,0,34,2,36,22,13,60,2,97,56,0,56,153
08/11/2015,PSC,WA,ANM,WE,Combined TRACON& Tower with Radar,22,13,13,0,48,0,0,42,1,43,22,13,55,1,91,101,0,101,192
08/12/2015,PSC,WA,ANM,WE,Combined TRACON& Tower with Radar,22,15,10,1,48,0,3,45,0,48,22,18,55,1,96,94,0,94,190
08/13/2015,PSC,WA,ANM,WE,Combined TRACON& Tower with Radar,23,13,11,2,49,0,0,53,0,53,23,13,64,2,102,88,21,109,211
08/14/2015,PSC,WA,ANM,WE,Combined TRACON& Tower with Radar,26,15,5,0,46,3,4,17,1,25,29,19,22,1,71,12,0,12,83
08/15/2015,PSC,WA,ANM,WE,Combined TRACON& Tower with Radar,22,12,3,1,38,0,3,30,0,33,22,15,33,1,71,27,0,27,98
08/16/2015,PSC,WA,ANM,WE,Combined TRACON& Tower with Radar,26,7,10,0,43,0,6,25,1,32,26,13,35,1,75,69,0,69,144
08/17/2015,PSC,WA,ANM,WE,Combined TRACON& Tower with Radar,28,11,19,4,62,0,0,32,0,32,28,11,51,4,94,69,0,69,163
08/18/2015,PSC,WA,ANM,WE,Combined TRACON& Tower with Radar,22,14,18,6,60,0,1,23,0,24,22,15,41,6,84,93,11,104,188
08/19/2015,PSC,WA,ANM,WE,Combined TRACON& Tower with Radar,19,14,12,0,45,0,0,33,0,33,19,14,45,0,78,84,0,84,162
08/20/2015,PSC,WA,ANM,WE,Combined TRACON& Tower with Radar,22,12,22,0,56,0,0,32,0,32,22,12,54,0,88,44,0,44,132
08/21/2015,PSC,WA,ANM,WE,Combined TRACON& Tower with Radar,22,12,6,0,40,0,1,17,0,18,22,13,23,0,58,8,0,8,66
08/22/2015,PSC,WA,ANM,WE,Combined TRACON& Tower with Radar,23,9,7,0,39,1,0,9,0,10,24,9,16,0,49,39,0,39,88
08/23/2015,PSC,WA,ANM,WE,Combined TRACON& Tower with Radar,23,8,10,0,41,0,0,12,0,12,23,8,22,0,53,70,0,70,123
08/24/2015,PSC,WA,ANM,WE,Combined TRACON& Tower with Radar,20,12,15,0,47,0,0,10,0,10,20,12,25,0,57,85,0,85,142
08/25/2015,PSC,WA,ANM,WE,Combined TRACON& Tower with Radar,18,16,16,0,50,0,0,35,0,35,18,16,51,0,85,107,0,107,192
08/26/2015,PSC,WA,ANM,WE,Combined TRACON& Tower with Radar,18,13,23,6,60,0,0,33,3,36,18,13,56,9,96,38,0,38,134
08/27/2015,PSC,WA,ANM,WE,Combined TRACON& Tower with Radar,23,13,20,2,58,0,0,55,4,59,23,13,75,6,117,73,32,105,222
08/28/2015,PSC,WA,ANM,WE,Combined TRACON& Tower with Radar,20,12,11,0,43,0,0,54,0,54,20,12,65,0,97,82,0,82,179
08/29/2015,PSC,WA,ANM,WE,Combined TRACON& Tower with Radar,14,11,11,0,36,0,1,10,0,11,14,12,21,0,47,19,0,19,66
08/30/2015,PSC,WA,ANM,WE,Combined TRACON& Tower with Radar,22,8,13,0,43,0,0,11,0,11,22,8,24,0,54,28,0,28,82
08/31/2015,PSC,WA,ANM,WE,Combined TRACON& Tower with Radar,20,12,17,0,49,0,0,29,0,29,20,12,46,0,78,12,0,12,90
09/01/2015,PSC,WA,ANM,WE,Combined TRACON& Tower with Radar,15,14,14,0,43,0,4,28,0,32,15,18,42,0,75,36,0,36,111
09/02/2015,PSC,WA,ANM,WE,Combined TRACON& Tower with Radar,13,16,12,2,43,0,0,22,2,24,13,16,34,4,67,4,0,4,71
09/03/2015,PSC,WA,ANM,WE,Combined TRACON& Tower with Radar,15,15,18,0,48,0,1,36,0,37,15,16,54,0,85,78,4,82,167
09/04/2015,PSC,WA,ANM,WE,Combined TRACON& Tower with Radar,15,14,7,0,36,0,2,33,0,35,15,16,40,0,71,76,0,76,147
09/05/2015,PSC,WA,ANM,WE,Combined TRACON& Tower with Radar,12,9,6,0,27,0,3,23,1,27,12,12,29,1,54,102,0,102,156
09/06/2015,PSC,WA,ANM,WE,Combined TRACON& Tower with Radar,14,8,3,0,25,0,0,13,0,13,14,8,16,0,38,38,0,38,76
09/07/2015,PSC,WA,ANM,WE,Combined TRACON& Tower with Radar,12,10,6,0,28,0,0,27,0,27,12,10,33,0,55,38,0,38,93
09/08/2015,PSC,WA,ANM,WE,Combined TRACON& Tower with Radar,13,14,15,9,51,0,0,24,6,30,13,14,39,15,81,27,0,27,108
09/09/2015,PSC,WA,ANM,WE,Combined TRACON& Tower with Radar,13,20,12,0,45,0,0,35,0,35,13,20,47,0,80,140,0,140,220
09/10/2015,PSC,WA,ANM,WE,Combined TRACON& Tower with Radar,13,15,12,7,47,0,1,39,1,41,13,16,51,8,88,38,0,38,126
09/11/2015,PSC,WA,ANM,WE,Combined TRACON& Tower with Radar,16,14,11,2,43,0,0,43,2,45,16,14,54,4,88,50,0,50,138
09/12/2015,PSC,WA,ANM,WE,Combined TRACON& Tower with Radar,11,10,5,5,31,0,2,31,0,33,11,12,36,5,64,56,4,60,124
09/13/2015,PSC,WA,ANM,WE,Combined TRACON& Tower with Radar,13,11,19,0,43,0,0,32,0,32,13,11,51,0,75,44,0,44,119
09/14/2015,PSC,WA,ANM,WE,Combined TRACON& Tower with Radar,15,14,19,0,48,0,0,31,0,31,15,14,50,0,79,71,0,71,150
09/15/2015,PSC,WA,ANM,WE,Combined TRACON& Tower with Radar,13,18,21,0,52,0,0,32,0,32,13,18,53,0,84,47,0,47,131
09/16/2015,PSC,WA,ANM,WE,Combined TRACON& Tower with Radar,13,14,7,0,34,0,2,28,1,31,13,16,35,1,65,77,0,77,142
09/17/2015,PSC,WA,ANM,WE,Combined TRACON& Tower with Radar,13,17,18,1,49,0,1,22,0,23,13,18,40,1,72,66,0,66,138
09/18/2015,PSC,WA,ANM,WE,Combined TRACON& Tower with Radar,16,16,14,0,46,0,0,27,2,29,16,16,41,2,75,71,0,71,146
09/19/2015,PSC,WA,ANM,WE,Combined TRACON& Tower with Radar,10,9,8,0,27,0,6,37,0,43,10,15,45,0,70,68,0,68,138
09/20/2015,PSC,WA,ANM,WE,Combined TRACON& Tower with Radar,15,10,3,0,28,0,2,26,0,28,15,12,29,0,56,50,0,50,106
09/21/2015,PSC,WA,ANM,WE,Combined TRACON& Tower with Radar,15,14,16,0,45,0,0,34,0,34,15,14,50,0,79,50,0,50,129
09/22/2015,PSC,WA,ANM,WE,Combined TRACON& Tower with Radar,13,15,21,0,49,0,0,35,0,35,13,15,56,0,84,65,2,67,151
09/23/2015,PSC,WA,ANM,WE,Combined TRACON& Tower with Radar,13,14,22,0,49,0,3,43,0,46,13,17,65,0,95,98,0,98,193
09/24/2015,PSC,WA,ANM,WE,Combined TRACON& Tower with Radar,18,15,11,0,44,2,0,41,1,44,20,15,52,1,88,55,0,55,143
09/25/2015,PSC,WA,ANM,WE,Combined TRACON& Tower with Radar,19,10,3,6,38,0,3,38,8,49,19,13,41,14,87,37,35,72,159
09/26/2015,PSC,WA,ANM,WE,Combined TRACON& Tower with Radar,15,7,10,1,33,0,6,47,3,56,15,13,57,4,89,68,0,68,157
09/27/2015,PSC,WA,ANM,WE,Combined TRACON& Tower with Radar,19,6,9,1,35,0,0,43,0,43,19,6,52,1,78,59,0,59,137
09/28/2015,PSC,WA,ANM,WE,Combined TRACON& Tower with Radar,20,10,11,0,41,0,4,28,0,32,20,14,39,0,73,90,0,90,163
09/29/2015,PSC,WA,ANM,WE,Combined TRACON& Tower with Radar,17,12,17,0,46,3,3,19,0,25,20,15,36,0,71,41,0,41,112
09/30/2015,PSC,WA,ANM,WE,Combined TRACON& Tower with Radar,17,12,20,2,51,1,3,26,0,30,18,15,46,2,81,59,2,61,142
10/01/2015,PSC,WA,ANM,WE,Combined TRACON& Tower with Radar,19,8,10,0,37,0,0,30,0,30,19,8,40,0,67,39,0,39,106
10/02/2015,PSC,WA,ANM,WE,Combined TRACON& Tower with Radar,21,8,17,0,46,0,0,32,0,32,21,8,49,0,78,80,0,80,158
10/03/2015,PSC,WA,ANM,WE,Combined TRACON& Tower with Radar,16,5,4,0,25,0,3,7,0,10,16,8,11,0,35,61,0,61,96
10/04/2015,PSC,WA,ANM,WE,Combined TRACON& Tower with Radar,17,4,9,0,30,0,1,26,3,30,17,5,35,3,60,145,0,145,205
10/05/2015,PSC,WA,ANM,WE,Combined TRACON& Tower with Radar,21,8,19,1,49,0,0,28,1,29,21,8,47,2,78,43,0,43,121
10/06/2015,PSC,WA,ANM,WE,Combined TRACON& Tower with Radar,18,10,12,0,40,0,1,38,1,40,18,11,50,1,80,31,0,31,111
10/07/2015,PSC,WA,ANM,WE,Combined TRACON& Tower with Radar,18,10,17,0,45,0,0,27,1,28,18,10,44,1,73,104,1,105,178
10/08/2015,PSC,WA,ANM,WE,Combined TRACON& Tower with Radar,22,9,29,15,75,0,0,30,2,32,22,9,59,17,107,85,51,136,243
10/09/2015,PSC,WA,ANM,WE,Combined TRACON& Tower with Radar,20,13,16,1,50,0,1,34,1,36,20,14,50,2,86,66,0,66,152
10/10/2015,PSC,WA,ANM,WE,Combined TRACON& Tower with Radar,20,6,11,0,37,0,4,35,0,39,20,10,46,0,76,152,0,152,228
10/11/2015,PSC,WA,ANM,WE,Combined TRACON& Tower with Radar,19,6,7,0,32,0,0,28,0,28,19,6,35,0,60,73,0,73,133
10/12/2015,PSC,WA,ANM,WE,Combined TRACON& Tower with Radar,21,6,20,0,47,0,2,27,0,29,21,8,47,0,76,58,0,58,134
10/13/2015,PSC,WA,ANM,WE,Combined TRACON& Tower with Radar,18,8,14,0,40,0,0,34,6,40,18,8,48,6,80,77,0,77,157
10/14/2015,PSC,WA,ANM,WE,Combined TRACON& Tower with Radar,20,17,19,6,62,0,7,30,4,41,20,24,49,10,103,42,0,42,145
10/15/2015,PSC,WA,ANM,WE,Combined TRACON& Tower with Radar,23,10,19,0,52,0,0,30,0,30,23,10,49,0,82,51,0,51,133
10/16/2015,PSC,WA,ANM,WE,Combined TRACON& Tower with Radar,21,8,14,0,43,0,0,43,1,44,21,8,57,1,87,122,0,122,209
10/17/2015,PSC,WA,ANM,WE,Combined TRACON& Tower with Radar,16,6,9,0,31,0,2,36,0,38,16,8,45,0,69,112,0,112,181
10/18/2015,PSC,WA,ANM,WE,Combined TRACON& Tower with Radar,23,8,10,0,41,0,3,22,0,25,23,11,32,0,66,116,0,116,182
10/19/2015,PSC,WA,ANM,WE,Combined TRACON& Tower with Radar,27,8,10,2,47,0,0,15,0,15,27,8,25,2,62,53,28,81,143
10/20/2015,PSC,WA,ANM,WE,Combined TRACON& Tower with Radar,20,8,9,7,44,0,0,28,1,29,20,8,37,8,73,54,0,54,127
10/21/2015,PSC,WA,ANM,WE,Combined TRACON& Tower with Radar,22,8,15,0,45,0,0,31,0,31,22,8,46,0,76,54,0,54,130
10/22/2015,PSC,WA,ANM,WE,Combined TRACON& Tower with Radar,25,8,17,0,50,0,3,47,5,55,25,11,64,5,105,67,0,67,172
10/23/2015,PSC,WA,ANM,WE,Combined TRACON& Tower with Radar,21,10,14,0,45,0,3,32,2,37,21,13,46,2,82,84,0,84,166
10/24/2015,PSC,WA,ANM,WE,Combined TRACON& Tower with Radar,16,4,4,0,24,0,4,27,0,31,16,8,31,0,55,118,0,118,173
10/25/2015,PSC,WA,ANM,WE,Combined TRACON& Tower with Radar,19,8,8,0,35,0,2,34,0,36,19,10,42,0,71,142,0,142,213
10/26/2015,PSC,WA,ANM,WE,Combined TRACON& Tower with Radar,21,8,21,0,50,0,0,10,3,13,21,8,31,3,63,25,2,27,90
10/27/2015,PSC,WA,ANM,WE,Combined TRACON& Tower with Radar,20,11,20,2,53,1,1,32,3,37,21,12,52,5,90,58,32,90,180
10/28/2015,PSC,WA,ANM,WE,Combined TRACON& Tower with Radar,20,9,14,0,43,0,0,15,0,15,20,9,29,0,58,49,0,49,107
10/29/2015,PSC,WA,ANM,WE,Combined TRACON& Tower with Radar,22,14,14,6,56,0,0,10,0,10,22,14,24,6,66,59,49,108,174
10/30/2015,PSC,WA,ANM,WE,Combined TRACON& Tower with Radar,22,10,11,4,47,0,0,4,3,7,22,10,15,7,54,0,36,36,90
10/31/2015,PSC,WA,ANM,WE,Combined TRACON& Tower with Radar,16,7,8,0,31,0,1,6,0,7,16,8,14,0,38,0,0,0,38
11/01/2015,PSC,WA,ANM,WE,Combined TRACON& Tower with Radar,27,4,3,0,34,0,0,7,0,7,27,4,10,0,41,60,0,60,101
11/02/2015,PSC,WA,ANM,WE,Combined TRACON& Tower with Radar,29,8,10,0,47,0,0,17,3,20,29,8,27,3,67,57,0,57,124
11/03/2015,PSC,WA,ANM,WE,Combined TRACON& Tower with Radar,25,10,12,0,47,0,0,26,2,28,25,10,38,2,75,91,0,91,166
11/04/2015,PSC,WA,ANM,WE,Combined TRACON& Tower with Radar,28,8,10,0,46,0,0,38,0,38,28,8,48,0,84,84,0,84,168
11/05/2015,PSC,WA,ANM,WE,Combined TRACON& Tower with Radar,26,14,17,7,64,0,0,15,1,16,26,14,32,8,80,18,88,106,186
11/06/2015,PSC,WA,ANM,WE,Combined TRACON& Tower with Radar,24,16,8,5,53,0,0,10,7,17,24,16,18,12,70,61,45,106,176
11/07/2015,PSC,WA,ANM,WE,Combined TRACON& Tower with Radar,23,6,17,0,46,0,1,19,0,20,23,7,36,0,66,69,0,69,135
11/08/2015,PSC,WA,ANM,WE,Combined TRACON& Tower with Radar,29,4,12,10,55,0,0,12,0,12,29,4,24,10,67,111,0,111,178
11/09/2015,PSC,WA,ANM,WE,Combined TRACON& Tower with Radar,27,11,25,4,67,0,0,12,0,12,27,11,37,4,79,79,0,79,158
11/10/2015,PSC,WA,ANM,WE,Combined TRACON& Tower with Radar,22,12,16,5,55,0,0,20,6,26,22,12,36,11,81,58,0,58,139
11/11/2015,PSC,WA,ANM,WE,Combined TRACON& Tower with Radar,22,13,17,0,52,0,0,5,0,5,22,13,22,0,57,50,0,50,107
11/12/2015,PSC,WA,ANM,WE,Combined TRACON& Tower with Radar,28,11,19,2,60,0,0,26,2,28,28,11,45,4,88,69,55,124,212
11/13/2015,PSC,WA,ANM,WE,Combined TRACON& Tower with Radar,25,9,4,0,38,0,2,8,0,10,25,11,12,0,48,8,0,8,56
11/14/2015,PSC,WA,ANM,WE,Combined TRACON& Tower with Radar,23,8,13,0,44,0,3,51,0,54,23,11,64,0,98,119,0,119,217
11/15/2015,PSC,WA,ANM,WE,Combined TRACON& Tower with Radar,30,4,7,0,41,0,0,4,0,4,30,4,11,0,45,62,0,62,107
11/16/2015,PSC,WA,ANM,WE,Combined TRACON& Tower with Radar,28,8,10,10,56,0,0,19,11,30,28,8,29,21,86,98,18,116,202
11/17/2015,PSC,WA,ANM,WE,Combined TRACON& Tower with Radar,22,10,11,0,43,0,1,0,0,1,22,11,11,0,44,8,0,8,52
11/18/2015,PSC,WA,ANM,WE,Combined TRACON& Tower with Radar,23,12,15,4,54,0,0,18,0,18,23,12,33,4,72,40,0,40,112
11/19/2015,PSC,WA,ANM,WE,Combined TRACON& Tower with Radar,28,9,16,0,53,0,0,6,0,6,28,9,22,0,59,18,0,18,77
11/20/2015,PSC,WA,ANM,WE,Combined TRACON& Tower with Radar,29,10,13,3,55,0,0,20,0,20,29,10,33,3,75,10,0,10,85
11/21/2015,PSC,WA,ANM,WE,Combined TRACON& Tower with Radar,27,3,6,0,36,0,2,14,1,17,27,5,20,1,53,7,0,7,60
11/22/2015,PSC,WA,ANM,WE,Combined TRACON& Tower with Radar,28,7,12,0,47,0,0,0,0,0,28,7,12,0,47,0,0,0,47
11/23/2015,PSC,WA,ANM,WE,Combined TRACON& Tower with Radar,30,8,16,1,55,0,0,0,0,0,30,8,16,1,55,0,0,0,55
11/24/2015,PSC,WA,ANM,WE,Combined TRACON& Tower with Radar,24,10,10,0,44,0,0,1,0,1,24,10,11,0,45,18,0,18,63
11/25/2015,PSC,WA,ANM,WE,Combined TRACON& Tower with Radar,30,15,5,0,50,0,3,16,0,19,30,18,21,0,69,11,0,11,80
11/26/2015,PSC,WA,ANM,WE,Combined TRACON& Tower with Radar,20,2,3,0,25,0,0,19,0,19,20,2,22,0,44,28,0,28,72
11/27/2015,PSC,WA,ANM,WE,Combined TRACON& Tower with Radar,23,8,7,0,38,0,0,20,0,20,23,8,27,0,58,101,0,101,159
11/28/2015,PSC,WA,ANM,WE,Combined TRACON& Tower with Radar,24,10,9,0,43,0,0,1,0,1,24,10,10,0,44,0,0,0,44
11/29/2015,PSC,WA,ANM,WE,Combined TRACON& Tower with Radar,31,6,11,0,48,0,0,4,0,4,31,6,15,0,52,114,0,114,166
11/30/2015,PSC,WA,ANM,WE,Combined TRACON& Tower with Radar,27,9,19,0,55,0,0,0,0,0,27,9,19,0,55,29,0,29,84
12/01/2015,PSC,WA,ANM,WE,Combined TRACON& Tower with Radar,20,19,11,0,50,0,0,4,0,4,20,19,15,0,54,0,0,0,54
12/02/2015,PSC,WA,ANM,WE,Combined TRACON& Tower with Radar,30,15,10,2,57,0,0,2,0,2,30,15,12,2,59,5,0,5,64
12/03/2015,PSC,WA,ANM,WE,Combined TRACON& Tower with Radar,32,13,15,0,60,0,0,7,0,7,32,13,22,0,67,73,2,75,142
12/04/2015,PSC,WA,ANM,WE,Combined TRACON& Tower with Radar,28,19,11,0,58,0,4,42,0,46,28,23,53,0,104,35,0,35,139
12/05/2015,PSC,WA,ANM,WE,Combined TRACON& Tower with Radar,24,7,13,0,44,0,4,44,0,48,24,11,57,0,92,87,0,87,179
12/06/2015,PSC,WA,ANM,WE,Combined TRACON& Tower with Radar,31,2,7,0,40,0,2,6,0,8,31,4,13,0,48,76,0,76,124
12/07/2015,PSC,WA,ANM,WE,Combined TRACON& Tower with Radar,24,10,16,11,61,0,0,3,0,3,24,10,19,11,64,0,12,12,76
12/08/2015,PSC,WA,ANM,WE,Combined TRACON& Tower with Radar,28,10,30,5,73,0,3,10,1,14,28,13,40,6,87,1,54,55,142
12/09/2015,PSC,WA,ANM,WE,Combined TRACON& Tower with Radar,24,13,12,0,49,0,0,1,1,2,24,13,13,1,51,0,0,0,51
12/10/2015,PSC,WA,ANM,WE,Combined TRACON& Tower with Radar,28,12,18,2,60,0,0,7,1,8,28,12,25,3,68,12,37,49,117
12/11/2015,PSC,WA,ANM,WE,Combined TRACON& Tower with Radar,27,12,9,23,71,0,2,35,1,38,27,14,44,24,109,51,13,64,173
12/12/2015,PSC,WA,ANM,WE,Combined TRACON& Tower with Radar,23,8,25,4,60,0,0,19,0,19,23,8,44,4,79,64,0,64,143
12/13/2015,PSC,WA,ANM,WE,Combined TRACON& Tower with Radar,28,7,7,0,42,0,0,26,0,26,28,7,33,0,68,48,0,48,116
12/14/2015,PSC,WA,ANM,WE,Combined TRACON& Tower with Radar,23,11,9,3,46,0,0,29,1,30,23,11,38,4,76,46,58,104,180
12/15/2015,PSC,WA,ANM,WE,Combined TRACON& Tower with Radar,22,15,16,6,59,0,2,36,1,39,22,17,52,7,98,83,70,153,251
12/16/2015,PSC,WA,ANM,WE,Combined TRACON& Tower with Radar,26,15,13,7,61,0,1,18,0,19,26,16,31,7,80,44,0,44,124
12/17/2015,PSC,WA,ANM,WE,Combined TRACON& Tower with Radar,26,14,2,0,42,0,0,2,0,2,26,14,4,0,44,18,0,18,62
12/18/2015,PSC,WA,ANM,WE,Combined TRACON& Tower with Radar,29,22,16,0,67,0,1,20,1,22,29,23,36,1,89,107,0,107,196
12/19/2015,PSC,WA,ANM,WE,Combined TRACON& Tower with Radar,24,14,14,0,52,0,0,0,0,0,24,14,14,0,52,0,0,0,52
12/20/2015,PSC,WA,ANM,WE,Combined TRACON& Tower with Radar,27,9,5,0,41,0,4,10,0,14,27,13,15,0,55,30,0,30,85
12/21/2015,PSC,WA,ANM,WE,Combined TRACON& Tower with Radar,32,10,17,0,59,0,0,3,0,3,32,10,20,0,62,52,0,52,114
12/22/2015,PSC,WA,ANM,WE,Combined TRACON& Tower with Radar,27,16,25,6,74,1,0,14,3,18,28,16,39,9,92,64,43,107,199
12/23/2015,PSC,WA,ANM,WE,Combined TRACON& Tower with Radar,30,18,5,10,63,0,1,8,4,13,30,19,13,14,76,8,27,35,111
12/24/2015,PSC,WA,ANM,WE,Combined TRACON& Tower with Radar,33,15,2,0,50,0,1,9,0,10,33,16,11,0,60,16,0,16,76
12/25/2015,PSC,WA,ANM,WE,Combined TRACON& Tower with Radar,23,4,0,0,27,0,0,4,0,4,23,4,4,0,31,0,0,0,31
12/26/2015,PSC,WA,ANM,WE,Combined TRACON& Tower with Radar,27,13,6,0,46,0,0,5,0,5,27,13,11,0,51,48,0,48,99
12/27/2015,PSC,WA,ANM,WE,Combined TRACON& Tower with Radar,31,7,8,0,46,0,0,0,0,0,31,7,8,0,46,0,0,0,46
12/28/2015,PSC,WA,ANM,WE,Combined TRACON& Tower with Radar,33,10,5,7,55,0,0,2,0,2,33,10,7,7,57,0,0,0,57
12/29/2015,PSC,WA,ANM,WE,Combined TRACON& Tower with Radar,29,16,10,7,62,0,0,2,0,2,29,16,12,7,64,58,0,58,122
12/30/2015,PSC,WA,ANM,WE,Combined TRACON& Tower with Radar,30,14,10,0,54,0,1,19,0,20,30,15,29,0,74,101,0,101,175
12/31/2015,PSC,WA,ANM,WE,Combined TRACON& Tower with Radar,26,15,9,0,50,0,0,9,0,9,26,15,18,0,59,54,0,54,113
01/01/2016,PSC,WA,ANM,WE,Combined TRACON& Tower with Radar,19,9,6,0,34,0,0,8,0,8,19,9,14,0,42,26,0,26,68
01/02/2016,PSC,WA,ANM,WE,Combined TRACON& Tower with Radar,23,13,3,0,39,0,0,3,0,3,23,13,6,0,42,36,0,36,78
01/03/2016,PSC,WA,ANM,WE,Combined TRACON& Tower with Radar,29,10,9,0,48,0,0,4,0,4,29,10,13,0,52,11,0,11,63
01/04/2016,PSC,WA,ANM,WE,Combined TRACON& Tower with Radar,25,13,18,2,58,0,0,4,0,4,25,13,22,2,62,23,0,23,85
01/05/2016,PSC,WA,ANM,WE,Combined TRACON& Tower with Radar,20,18,18,0,56,0,0,0,0,0,20,18,18,0,56,0,0,0,56
01/06/2016,PSC,WA,ANM,WE,Combined TRACON& Tower with Radar,21,18,16,0,55,0,0,0,0,0,21,18,16,0,55,0,0,0,55
01/07/2016,PSC,WA,ANM,WE,Combined TRACON& Tower with Radar,24,15,23,0,62,0,0,0,0,0,24,15,23,0,62,0,0,0,62
01/08/2016,PSC,WA,ANM,WE,Combined TRACON& Tower with Radar,28,22,20,17,87,0,0,0,0,0,28,22,20,17,87,0,0,0,87
01/09/2016,PSC,WA,ANM,WE,Combined TRACON& Tower with Radar,20,11,16,0,47,0,0,0,0,0,20,11,16,0,47,0,0,0,47
01/10/2016,PSC,WA,ANM,WE,Combined TRACON& Tower with Radar,24,9,7,0,40,0,0,8,0,8,24,9,15,0,48,142,0,142,190
01/11/2016,PSC,WA,ANM,WE,Combined TRACON& Tower with Radar,23,12,16,7,58,0,0,12,3,15,23,12,28,10,73,101,56,157,230
01/12/2016,PSC,WA,ANM,WE,Combined TRACON& Tower with Radar,20,13,10,27,70,0,1,12,9,22,20,14,22,36,92,89,90,179,271
01/13/2016,PSC,WA,ANM,WE,Combined TRACON& Tower with Radar,24,13,24,0,61,0,0,5,0,5,24,13,29,0,66,2,0,2,68
01/14/2016,PSC,WA,ANM,WE,Combined TRACON& Tower with Radar,24,13,21,5,63,0,15,49,1,65,24,28,70,6,128,60,75,135,263
01/15/2016,PSC,WA,ANM,WE,Combined TRACON& Tower with Radar,24,14,21,14,73,0,2,24,2,28,24,16,45,16,101,70,0,70,171
01/16/2016,PSC,WA,ANM,WE,Combined TRACON& Tower with Radar,17,12,19,0,48,0,0,0,0,0,17,12,19,0,48,0,0,0,48
01/17/2016,PSC,WA,ANM,WE,Combined TRACON& Tower with Radar,23,7,9,0,39,0,0,0,0,0,23,7,9,0,39,0,0,0,39
01/18/2016,PSC,WA,ANM,WE,Combined TRACON& Tower with Radar,24,11,13,0,48,0,0,0,0,0,24,11,13,0,48,0,0,0,48
01/19/2016,PSC,WA,ANM,WE,Combined TRACON& Tower with Radar,22,12,17,0,51,0,0,0,0,0,22,12,17,0,51,5,0,5,56
01/20/2016,PSC,WA,ANM,WE,Combined TRACON& Tower with Radar,22,13,18,10,63,0,1,27,0,28,22,14,45,10,91,42,44,86,177
01/21/2016,PSC,WA,ANM,WE,Combined TRACON& Tower with Radar,25,13,18,2,58,0,0,7,3,10,25,13,25,5,68,0,0,0,68
01/22/2016,PSC,WA,ANM,WE,Combined TRACON& Tower with Radar,24,17,14,0,55,0,0,18,1,19,24,17,32,1,74,72,0,72,146
01/23/2016,PSC,WA,ANM,WE,Combined TRACON& Tower with Radar,23,9,19,0,51,0,1,19,1,21,23,10,38,1,72,176,0,176,248
01/24/2016,PSC,WA,ANM,WE,Combined TRACON& Tower with Radar,24,7,16,0,47,0,2,52,0,54,24,9,68,0,101,85,0,85,186
01/25/2016,PSC,WA,ANM,WE,Combined TRACON& Tower with Radar,26,12,4,7,49,0,0,23,3,26,26,12,27,10,75,106,0,106,181
01/26/2016,PSC,WA,ANM,WE,Combined TRACON& Tower with Radar,21,11,27,4,63,0,0,5,0,5,21,11,32,4,68,14,0,14,82
01/27/2016,PSC,WA,ANM,WE,Combined TRACON& Tower with Radar,22,17,24,8,71,0,0,13,2,15,22,17,37,10,86,2,0,2,88
01/28/2016,PSC,WA,ANM,WE,Combined TRACON& Tower with Radar,23,15,18,6,62,0,2,16,0,18,23,17,34,6,80,17,0,17,97
01/29/2016,PSC,WA,ANM,WE,Combined TRACON& Tower with Radar,23,11,16,6,56,0,0,15,0,15,23,11,31,6,71,36,20,56,127
01/30/2016,PSC,WA,ANM,WE,Combined TRACON& Tower with Radar,17,13,8,0,38,0,2,36,0,38,17,15,44,0,76,92,0,92,168
01/31/2016,PSC,WA,ANM,WE,Combined TRACON& Tower with Radar,24,10,12,0,46,0,0,47,1,48,24,10,59,1,94,109,0,109,203
02/01/2016,PSC,WA,ANM,WE,Combined TRACON& Tower with Radar,22,12,18,0,52,0,0,23,5,28,22,12,41,5,80,59,0,59,139
02/02/2016,PSC,WA,ANM,WE,Combined TRACON& Tower with Radar,17,17,15,21,70,0,1,32,12,45,17,18,47,33,115,80,41,121,236
02/03/2016,PSC,WA,ANM,WE,Combined TRACON& Tower with Radar,24,14,11,16,65,0,0,28,4,32,24,14,39,20,97,94,73,167,264
02/04/2016,PSC,WA,ANM,WE,Combined TRACON& Tower with Radar,29,13,16,21,79,0,0,17,4,21,29,13,33,25,100,64,66,130,230
02/05/2016,PSC,WA,ANM,WE,Combined TRACON& Tower with Radar,21,20,15,11,67,0,0,29,7,36,21,20,44,18,103,138,99,237,340
02/06/2016,PSC,WA,ANM,WE,Combined TRACON& Tower with Radar,18,8,7,0,33,0,7,38,0,45,18,15,45,0,78,128,0,128,206
02/07/2016,PSC,WA,ANM,WE,Combined TRACON& Tower with Radar,24,10,3,0,37,0,13,33,0,46,24,23,36,0,83,79,0,79,162
02/08/2016,PSC,WA,ANM,WE,Combined TRACON& Tower with Radar,24,12,18,0,54,0,3,36,0,39,24,15,54,0,93,43,0,43,136
02/09/2016,PSC,WA,ANM,WE,Combined TRACON& Tower with Radar,20,16,16,0,52,0,2,33,0,35,20,18,49,0,87,67,0,67,154
02/10/2016,PSC,WA,ANM,WE,Combined TRACON& Tower with Radar,24,13,15,11,63,0,1,24,11,36,24,14,39,22,99,88,66,154,253
02/11/2016,PSC,WA,ANM,WE,Combined TRACON& Tower with Radar,21,13,14,10,58,0,0,20,0,20,21,13,34,10,78,46,54,100,178
02/12/2016,PSC,WA,ANM,WE,Combined TRACON& Tower with Radar,22,17,17,2,58,0,0,22,2,24,22,17,39,4,82,120,39,159,241
02/13/2016,PSC,WA,ANM,WE,Combined TRACON& Tower with Radar,17,9,4,0,30,0,3,31,1,35,17,12,35,1,65,38,0,38,103
02/14/2016,PSC,WA,ANM,WE,Combined TRACON& Tower with Radar,20,8,7,0,35,0,1,11,0,12,20,9,18,0,47,91,0,91,138
02/15/2016,PSC,WA,ANM,WE,Combined TRACON& Tower with Radar,22,12,21,0,55,0,0,13,0,13,22,12,34,0,68,14,0,14,82
02/16/2016,PSC,WA,ANM,WE,Combined TRACON& Tower with Radar,17,12,35,13,77,0,7,27,2,36,17,19,62,15,113,49,71,120,233
02/17/2016,PSC,WA,ANM,WE,Combined TRACON& Tower with Radar,19,17,23,1,60,0,3,20,1,24,19,20,43,2,84,29,31,60,144
02/18/2016,PSC,WA,ANM,WE,Combined TRACON& Tower with Radar,22,11,14,11,58,0,4,11,0,15,22,15,25,11,73,16,100,116,189
02/19/2016,PSC,WA,ANM,WE,Combined TRACON& Tower with Radar,20,13,11,2,46,0,0,20,3,23,20,13,31,5,69,72,0,72,141
02/20/2016,PSC,WA,ANM,WE,Combined TRACON& Tower with Radar,20,6,11,0,37,0,6,44,0,50,20,12,55,0,87,75,0,75,162
02/21/2016,PSC,WA,ANM,WE,Combined TRACON& Tower with Radar,22,7,6,0,35,0,2,30,0,32,22,9,36,0,67,40,0,40,107
02/22/2016,PSC,WA,ANM,WE,Combined TRACON& Tower with Radar,22,17,9,0,48,0,0,22,0,22,22,17,31,0,70,42,0,42,112
02/23/2016,PSC,WA,ANM,WE,Combined TRACON& Tower with Radar,18,11,19,1,49,0,0,36,1,37,18,11,55,2,86,97,12,109,195
02/24/2016,PSC,WA,ANM,WE,Combined TRACON& Tower with Radar,20,19,20,4,63,0,0,23,0,23,20,19,43,4,86,32,0,32,118
02/25/2016,PSC,WA,ANM,WE,Combined TRACON& Tower with Radar,24,12,29,4,69,0,4,44,5,53,24,16,73,9,122,129,0,129,251
02/26/2016,PSC,WA,ANM,WE,Combined TRACON& Tower with Radar,24,11,10,4,49,0,1,28,1,30,24,12,38,5,79,84,0,84,163
02/27/2016,PSC,WA,ANM,WE,Combined TRACON& Tower with Radar,18,8,5,2,33,0,3,20,0,23,18,11,25,2,56,97,30,127,183
02/28/2016,PSC,WA,ANM,WE,Combined TRACON& Tower with Radar,24,8,7,0,39,0,0,24,0,24,24,8,31,0,63,98,0,98,161
02/29/2016,PSC,WA,ANM,WE,Combined TRACON& Tower with Radar,24,10,11,0,45,0,0,28,2,30,24,10,39,2,75,36,0,36,111
03/01/2016,PSC,WA,ANM,WE,Combined TRACON& Tower with Radar,17,11,15,29,72,0,0,5,1,6,17,11,20,30,78,0,12,12,90
03/02/2016,PSC,WA,ANM,WE,Combined TRACON& Tower with Radar,22,14,11,2,49,0,0,24,2,26,22,14,35,4,75,36,60,96,171
03/03/2016,PSC,WA,ANM,WE,Combined TRACON& Tower with Radar,24,14,23,3,64,0,2,10,1,13,24,16,33,4,77,37,44,81,158
03/04/2016,PSC,WA,ANM,WE,Combined TRACON& Tower with Radar,26,13,14,2,55,0,2,57,5,64,26,15,71,7,119,84,0,84,203
03/05/2016,PSC,WA,ANM,WE,Combined TRACON& Tower with Radar,22,15,6,0,43,0,4,42,0,46,22,19,48,0,89,98,0,98,187
03/06/2016,PSC,WA,ANM,WE,Combined TRACON& Tower with Radar,23,12,7,0,42,0,1,9,0,10,23,13,16,0,52,14,0,14,66
03/07/2016,PSC,WA,ANM,WE,Combined TRACON& Tower with Radar,23,13,12,7,55,0,0,13,3,16,23,13,25,10,71,45,141,186,257
03/08/2016,PSC,WA,ANM,WE,Combined TRACON& Tower with Radar,22,13,16,0,51,0,1,29,0,30,22,14,45,0,81,42,0,42,123
03/09/2016,PSC,WA,ANM,WE,Combined TRACON& Tower with Radar,22,16,20,27,85,0,1,25,0,26,22,17,45,27,111,17,125,142,253
03/10/2016,PSC,WA,ANM,WE,Combined TRACON& Tower with Radar,23,15,19,18,75,0,0,41,0,41,23,15,60,18,116,35,0,35,151
03/11/2016,PSC,WA,ANM,WE,Combined TRACON& Tower with Radar,23,13,4,10,50,0,0,31,0,31,23,13,35,10,81,85,1,86,167
03/12/2016,PSC,WA,ANM,WE,Combined TRACON& Tower with Radar,22,13,0,0,35,0,1,16,0,17,22,14,16,0,52,23,0,23,75
03/13/2016,PSC,WA,ANM,WE,Combined TRACON& Tower with Radar,26,8,6,0,40,0,0,11,0,11,26,8,17,0,51,33,0,33,84
03/14/2016,PSC,WA,ANM,WE,Combined TRACON& Tower with Radar,21,15,13,1,50,0,2,9,1,12,21,17,22,2,62,0,0,0,62
03/15/2016,PSC,WA,ANM,WE,Combined TRACON& Tower with Radar,21,15,25,2,63,0,0,15,7,22,21,15,40,9,85,50,22,72,157
03/16/2016,PSC,WA,ANM,WE,Combined TRACON& Tower with Radar,20,19,17,0,56,0,2,39,4,45,20,21,56,4,101,62,0,62,163
03/17/2016,PSC,WA,ANM,WE,Combined TRACON& Tower with Radar,23,15,17,0,55,1,12,57,8,78,24,27,74,8,133,67,0,67,200
03/18/2016,PSC,WA,ANM,WE,Combined TRACON& Tower with Radar,23,17,13,1,54,0,3,48,4,55,23,20,61,5,109,133,0,133,242
03/19/2016,PSC,WA,ANM,WE,Combined TRACON& Tower with Radar,18,13,4,0,35,1,5,66,3,75,19,18,70,3,110,86,0,86,196
03/20/2016,PSC,WA,ANM,WE,Combined TRACON& Tower with Radar,24,9,8,0,41,0,2,34,0,36,24,11,42,0,77,57,30,87,164
03/21/2016,PSC,WA,ANM,WE,Combined TRACON& Tower with Radar,23,12,16,4,55,0,0,17,0,17,23,12,33,4,72,30,34,64,136
03/22/2016,PSC,WA,ANM,WE,Combined TRACON& Tower with Radar,22,12,5,3,42,0,0,19,2,21,22,12,24,5,63,53,42,95,158
03/23/2016,PSC,WA,ANM,WE,Combined TRACON& Tower with Radar,22,12,10,5,49,0,3,26,5,34,22,15,36,10,83,2,35,37,120
03/24/2016,PSC,WA,ANM,WE,Combined TRACON& Tower with Radar,24,13,24,0,61,0,0,16,0,16,24,13,40,0,77,30,0,30,107
03/25/2016,PSC,WA,ANM,WE,Combined TRACON& Tower with Radar,24,13,17,0,54,0,1,34,1,36,24,14,51,1,90,80,0,80,170
03/26/2016,PSC,WA,ANM,WE,Combined TRACON& Tower with Radar,20,11,7,0,38,0,3,66,1,70,20,14,73,1,108,147,0,147,255
03/27/2016,PSC,WA,ANM,WE,Combined TRACON& Tower with Radar,23,9,6,0,38,0,0,6,0,6,23,9,12,0,44,8,0,8,52
03/28/2016,PSC,WA,ANM,WE,Combined TRACON& Tower with Radar,25,15,28,2,70,0,1,36,4,41,25,16,64,6,111,69,28,97,208
03/29/2016,PSC,WA,ANM,WE,Combined TRACON& Tower with Radar,22,15,23,4,64,0,3,23,1,27,22,18,46,5,91,61,21,82,173
03/30/2016,PSC,WA,ANM,WE,Combined TRACON& Tower with Radar,20,13,20,4,57,0,2,47,3,52,20,15,67,7,109,90,30,120,229
03/31/2016,PSC,WA,ANM,WE,Combined TRACON& Tower with Radar,24,16,14,1,55,0,8,72,1,81,24,24,86,2,136,84,0,84,220
04/01/2016,PSC,WA,ANM,WE,Combined TRACON& Tower with Radar,24,15,21,0,60,0,0,51,0,51,24,15,72,0,111,90,0,90,201
04/02/2016,PSC,WA,ANM,WE,Combined TRACON& Tower with Radar,20,12,11,0,43,0,3,100,0,103,20,15,111,0,146,136,0,136,282
04/03/2016,PSC,WA,ANM,WE,Combined TRACON& Tower with Radar,24,9,11,0,44,0,2,39,2,43,24,11,50,2,87,115,0,115,202
04/04/2016,PSC,WA,ANM,WE,Combined TRACON& Tower with Radar,24,16,10,2,52,0,2,7,0,9,24,18,17,2,61,12,14,26,87
04/05/2016,PSC,WA,ANM,WE,Combined TRACON& Tower with Radar,19,11,11,8,49,0,2,40,2,44,19,13,51,10,93,44,22,66,159
04/06/2016,PSC,WA,ANM,WE,Combined TRACON& Tower with Radar,20,18,36,2,76,0,1,48,3,52,20,19,84,5,128,98,34,132,260
04/07/2016,PSC,WA,ANM,WE,Combined TRACON& Tower with Radar,24,14,9,1,48,0,2,35,5,42,24,16,44,6,90,79,0,79,169
04/08/2016,PSC,WA,ANM,WE,Combined TRACON& Tower with Radar,24,12,11,15,62,0,3,62,9,74,24,15,73,24,136,91,54,145,281
04/09/2016,PSC,WA,ANM,WE,Combined TRACON& Tower with Radar,21,10,1,0,32,0,3,25,0,28,21,13,26,0,60,94,0,94,154
04/10/2016,PSC,WA,ANM,WE,Combined TRACON& Tower with Radar,24,15,7,0,46,0,0,44,0,44,24,15,51,0,90,68,0,68,158
04/11/2016,PSC,WA,ANM,WE,Combined TRACON& Tower with Radar,24,14,12,5,55,0,0,35,1,36,24,14,47,6,91,50,0,50,141
04/12/2016,PSC,WA,ANM,WE,Combined TRACON& Tower with Radar,20,14,14,0,48,0,3,31,1,35,20,17,45,1,83,61,0,61,144
04/13/2016,PSC,WA,ANM,WE,Combined TRACON& Tower with Radar,18,19,19,4,60,0,1,33,2,36,18,20,52,6,96,36,60,96,192
04/14/2016,PSC,WA,ANM,WE,Combined TRACON& Tower with Radar,25,15,9,6,55,0,0,31,3,34,25,15,40,9,89,118,0,118,207
04/15/2016,PSC,WA,ANM,WE,Combined TRACON& Tower with Radar,25,14,19,0,58,0,1,49,0,50,25,15,68,0,108,111,0,111,219
04/16/2016,PSC,WA,ANM,WE,Combined TRACON& Tower with Radar,18,12,6,0,36,0,8,50,0,58,18,20,56,0,94,102,0,102,196
04/17/2016,PSC,WA,ANM,WE,Combined TRACON& Tower with Radar,23,11,4,5,43,0,5,61,0,66,23,16,65,5,109,53,0,53,162
04/18/2016,PSC,WA,ANM,WE,Combined TRACON& Tower with Radar,24,15,15,1,55,0,1,38,1,40,24,16,53,2,95,71,0,71,166
04/19/2016,PSC,WA,ANM,WE,Combined TRACON& Tower with Radar,20,18,14,0,52,0,4,49,1,54,20,22,63,1,106,122,0,122,228
04/20/2016,PSC,WA,ANM,WE,Combined TRACON& Tower with Radar,20,13,24,4,61,0,1,39,4,44,20,14,63,8,105,67,12,79,184
04/21/2016,PSC,WA,ANM,WE,Combined TRACON& Tower with Radar,24,13,17,0,54,0,10,42,0,52,24,23,59,0,106,123,0,123,229
04/22/2016,PSC,WA,ANM,WE,Combined TRACON& Tower with Radar,25,16,10,1,52,0,1,54,1,56,25,17,64,2,108,96,0,96,204
04/23/2016,PSC,WA,ANM,WE,Combined TRACON& Tower with Radar,20,11,11,0,42,0,4,16,0,20,20,15,27,0,62,12,0,12,74
04/24/2016,PSC,WA,ANM,WE,Combined TRACON& Tower with Radar,24,13,4,0,41,0,0,21,0,21,24,13,25,0,62,80,0,80,142
04/25/2016,PSC,WA,ANM,WE,Combined TRACON& Tower with Radar,24,13,19,4,60,0,0,38,3,41,24,13,57,7,101,129,2,131,232
04/26/2016,PSC,WA,ANM,WE,Combined TRACON& Tower with Radar,21,13,18,3,55,0,1,53,3,57,21,14,71,6,112,102,2,104,216
04/27/2016,PSC,WA,ANM,WE,Combined TRACON& Tower with Radar,22,13,23,2,60,0,0,35,0,35,22,13,58,2,95,67,32,99,194
04/28/2016,PSC,WA,ANM,WE,Combined TRACON& Tower with Radar,26,13,19,0,58,0,2,52,1,55,26,15,71,1,113,135,0,135,248
04/29/2016,PSC,WA,ANM,WE,Combined TRACON& Tower with Radar,23,14,21,0,58,0,0,33,1,34,23,14,54,1,92,41,0,41,133
04/30/2016,PSC,WA,ANM,WE,Combined TRACON& Tower with Radar,19,11,15,1,46,0,4,48,0,52,19,15,63,1,98,62,0,62,160
05/01/2016,PSC,WA,ANM,WE,Combined TRACON& Tower with Radar,22,14,3,0,39,0,2,39,0,41,22,16,42,0,80,94,0,94,174
05/02/2016,PSC,WA,ANM,WE,Combined TRACON& Tower with Radar,23,13,12,4,52,0,2,44,0,46,23,15,56,4,98,58,36,94,192
05/03/2016,PSC,WA,ANM,WE,Combined TRACON& Tower with Radar,19,13,37,5,74,0,0,45,2,47,19,13,82,7,121,79,0,79,200
05/04/2016,PSC,WA,ANM,WE,Combined TRACON& Tower with Radar,19,15,22,13,69,0,3,49,1,53,19,18,71,14,122,60,30,90,212
05/05/2016,PSC,WA,ANM,WE,Combined TRACON& Tower with Radar,22,14,27,8,71,0,1,32,0,33,22,15,59,8,104,86,14,100,204
05/06/2016,PSC,WA,ANM,WE,Combined TRACON& Tower with Radar,24,15,17,0,56,0,6,34,0,40,24,21,51,0,96,51,0,51,147
05/07/2016,PSC,WA,ANM,WE,Combined TRACON& Tower with Radar,19,13,6,0,38,0,5,40,0,45,19,18,46,0,83,116,0,116,199
05/08/2016,PSC,WA,ANM,WE,Combined TRACON& Tower with Radar,23,9,4,0,36,0,0,19,0,19,23,9,23,0,55,50,0,50,105
05/09/2016,PSC,WA,ANM,WE,Combined TRACON& Tower with Radar,22,14,16,3,55,0,0,41,1,42,22,14,57,4,97,37,0,37,134
05/10/2016,PSC,WA,ANM,WE,Combined TRACON& Tower with Radar,20,12,17,4,53,0,0,40,4,44,20,12,57,8,97,81,38,119,216
05/11/2016,PSC,WA,ANM,WE,Combined TRACON& Tower with Radar,17,14,20,2,53,0,0,39,2,41,17,14,59,4,94,38,0,38,132
05/12/2016,PSC,WA,ANM,WE,Combined TRACON& Tower with Radar,22,14,15,5,56,0,3,54,0,57,22,17,69,5,113,56,6,62,175
05/13/2016,PSC,WA,ANM,WE,Combined TRACON& Tower with Radar,21,18,10,0,49,0,3,43,1,47,21,21,53,1,96,20,0,20,116
05/14/2016,PSC,WA,ANM,WE,Combined TRACON& Tower with Radar,20,11,9,0,40,0,4,27,0,31,20,15,36,0,71,44,0,44,115
05/15/2016,PSC,WA,ANM,WE,Combined TRACON& Tower with Radar,24,11,12,13,60,0,0,23,0,23,24,11,35,13,83,82,0,82,165
05/16/2016,PSC,WA,ANM,WE,Combined TRACON& Tower with Radar,22,14,17,1,54,0,0,49,4,53,22,14,66,5,107,78,47,125,232
05/17/2016,PSC,WA,ANM,WE,Combined TRACON& Tower with Radar,18,14,9,0,41,0,2,44,0,46,18,16,53,0,87,67,0,67,154
05/18/2016,PSC,WA,ANM,WE,Combined TRACON& Tower with Radar,18,14,13,17,62,0,0,25,2,27,18,14,38,19,89,56,21,77,166
05/19/2016,PSC,WA,ANM,WE,Combined TRACON& Tower with Radar,27,14,17,9,67,0,2,39,0,41,27,16,56,9,108,49,46,95,203
05/20/2016,PSC,WA,ANM,WE,Combined TRACON& Tower with Radar,22,13,11,3,49,0,4,39,3,46,22,17,50,6,95,109,28,137,232
05/21/2016,PSC,WA,ANM,WE,Combined TRACON& Tower with Radar,19,12,8,1,40,0,2,39,1,42,19,14,47,2,82,105,0,105,187
05/22/2016,PSC,WA,ANM,WE,Combined TRACON& Tower with Radar,24,12,8,0,44,0,0,17,0,17,24,12,25,0,61,4,0,4,65
05/23/2016,PSC,WA,ANM,WE,Combined TRACON& Tower with Radar,22,13,27,22,84,0,2,40,3,45,22,15,67,25,129,54,14,68,197
05/24/2016,PSC,WA,ANM,WE,Combined TRACON& Tower with Radar,18,14,16,6,54,0,2,52,0,54,18,16,68,6,108,50,0,50,158
05/25/2016,PSC,WA,ANM,WE,Combined TRACON& Tower with Radar,18,14,22,1,55,0,3,36,1,40,18,17,58,2,95,36,0,36,131
05/26/2016,PSC,WA,ANM,WE,Combined TRACON& Tower with Radar,23,14,20,0,57,0,0,49,0,49,23,14,69,0,106,12,0,12,118
05/27/2016,PSC,WA,ANM,WE,Combined TRACON& Tower with Radar,23,13,22,0,58,0,0,29,0,29,23,13,51,0,87,22,0,22,109
05/28/2016,PSC,WA,ANM,WE,Combined TRACON& Tower with Radar,18,14,9,0,41,0,4,27,0,31,18,18,36,0,72,54,0,54,126
05/29/2016,PSC,WA,ANM,WE,Combined TRACON& Tower with Radar,21,6,2,0,29,0,0,27,0,27,21,6,29,0,56,73,0,73,129
05/30/2016,PSC,WA,ANM,WE,Combined TRACON& Tower with Radar,21,10,18,0,49,0,0,37,0,37,21,10,55,0,86,62,0,62,148
05/31/2016,PSC,WA,ANM,WE,Combined TRACON& Tower with Radar,20,14,13,0,47,0,4,34,0,38,20,18,47,0,85,35,0,35,120
06/01/2016,PSC,WA,ANM,WE,Combined TRACON& Tower with Radar,18,20,27,8,73,0,2,50,4,56,18,22,77,12,129,21,16,37,166
06/02/2016,PSC,WA,ANM,WE,Combined TRACON& Tower with Radar,24,14,21,2,61,0,0,33,3,36,24,14,54,5,97,18,12,30,127
06/03/2016,PSC,WA,ANM,WE,Combined TRACON& Tower with Radar,22,14,13,5,54,0,2,67,2,71,22,16,80,7,125,89,56,145,270
06/04/2016,PSC,WA,ANM,WE,Combined TRACON& Tower with Radar,22,8,10,0,40,0,4,53,1,58,22,12,63,1,98,89,0,89,187
06/05/2016,PSC,WA,ANM,WE,Combined TRACON& Tower with Radar,27,10,7,0,44,0,2,46,0,48,27,12,53,0,92,100,0,100,192
06/06/2016,PSC,WA,ANM,WE,Combined TRACON& Tower with Radar,21,14,21,3,59,0,1,42,1,44,21,15,63,4,103,58,0,58,161
06/07/2016,PSC,WA,ANM,WE,Combined TRACON& Tower with Radar,19,16,18,0,53,0,1,40,1,42,19,17,58,1,95,48,0,48,143
06/08/2016,PSC,WA,ANM,WE,Combined TRACON& Tower with Radar,20,14,26,0,60,0,0,31,0,31,20,14,57,0,91,18,0,18,109
06/09/2016,PSC,WA,ANM,WE,Combined TRACON& Tower with Radar,31,14,22,0,67,0,0,52,1,53,31,14,74,1,120,88,1,89,209
06/10/2016,PSC,WA,ANM,WE,Combined TRACON& Tower with Radar,28,10,15,0,53,0,4,44,0,48,28,14,59,0,101,34,0,34,135
06/11/2016,PSC,WA,ANM,WE,Combined TRACON& Tower with Radar,22,7,6,0,35,0,5,29,0,34,22,12,35,0,69,81,0,81,150
06/12/2016,PSC,WA,ANM,WE,Combined TRACON& Tower with Radar,28,6,6,0,40,0,1,28,0,29,28,7,34,0,69,72,0,72,141
06/13/2016,PSC,WA,ANM,WE,Combined TRACON& Tower with Radar,27,12,14,6,59,0,0,26,2,28,27,12,40,8,87,45,14,59,146
06/14/2016,PSC,WA,ANM,WE,Combined TRACON& Tower with Radar,25,9,9,11,54,0,0,8,3,11,25,9,17,14,65,0,45,45,110
06/15/2016,PSC,WA,ANM,WE,Combined TRACON& Tower with Radar,27,8,17,0,52,0,1,56,4,61,27,9,73,4,113,65,0,65,178
06/16/2016,PSC,WA,ANM,WE,Combined TRACON& Tower with Radar,31,10,23,9,73,0,0,24,1,25,31,10,47,10,98,46,24,70,168
06/17/2016,PSC,WA,ANM,WE,Combined TRACON& Tower with Radar,28,15,5,10,58,0,0,46,1,47,28,15,51,11,105,78,28,106,211
06/18/2016,PSC,WA,ANM,WE,Combined TRACON& Tower with Radar,24,13,2,0,39,0,1,26,0,27,24,14,28,0,66,60,0,60,126
06/19/2016,PSC,WA,ANM,WE,Combined TRACON& Tower with Radar,31,4,17,0,52,0,0,44,1,45,31,4,61,1,97,120,0,120,217
06/20/2016,PSC,WA,ANM,WE,Combined TRACON& Tower with Radar,27,11,22,0,60,0,0,57,1,58,27,11,79,1,118,124,0,124,242
06/21/2016,PSC,WA,ANM,WE,Combined TRACON& Tower with Radar,27,8,33,4,72,0,0,43,0,43,27,8,76,4,115,29,21,50,165
06/22/2016,PSC,WA,ANM,WE,Combined TRACON& Tower with Radar,25,10,29,0,64,0,5,63,1,69,25,15,92,1,133,89,0,89,222
06/23/2016,PSC,WA,ANM,WE,Combined TRACON& Tower with Radar,30,9,27,5,71,0,0,37,0,37,30,9,64,5,108,34,22,56,164
06/24/2016,PSC,WA,ANM,WE,Combined TRACON& Tower with Radar,30,11,23,2,66,0,2,21,2,25,30,13,44,4,91,12,35,47,138
06/25/2016,PSC,WA,ANM,WE,Combined TRACON& Tower with Radar,21,7,8,0,36,0,3,39,0,42,21,10,47,0,78,74,0,74,152
06/26/2016,PSC,WA,ANM,WE,Combined TRACON& Tower with Radar,32,2,14,0,48,0,0,49,0,49,32,2,63,0,97,49,0,49,146
06/27/2016,PSC,WA,ANM,WE,Combined TRACON& Tower with Radar,26,8,6,6,46,0,1,41,0,42,26,9,47,6,88,79,37,116,204
06/28/2016,PSC,WA,ANM,WE,Combined TRACON& Tower with Radar,25,13,16,0,54,0,1,36,0,37,25,14,52,0,91,20,0,20,111
06/29/2016,PSC,WA,ANM,WE,Combined TRACON& Tower with Radar,26,9,18,2,55,0,2,39,4,45,26,11,57,6,100,48,0,48,148
06/30/2016,PSC,WA,ANM,WE,Combined TRACON& Tower with Radar,34,11,9,0,54,0,0,50,2,52,34,11,59,2,106,16,0,16,122
07/01/2016,PSC,WA,ANM,WE,Combined TRACON& Tower with Radar,24,16,6,0,46,0,0,39,0,39,24,16,45,0,85,145,0,145,230
07/02/2016,PSC,WA,ANM,WE,Combined TRACON& Tower with Radar,22,12,9,0,43,0,4,28,0,32,22,16,37,0,75,91,0,91,166
07/03/2016,PSC,WA,ANM,WE,Combined TRACON& Tower with Radar,29,6,4,0,39,1,0,16,0,17,30,6,20,0,56,112,0,112,168
07/04/2016,PSC,WA,ANM,WE,Combined TRACON& Tower with Radar,21,6,5,0,32,0,0,21,1,22,21,6,26,1,54,62,0,62,116
07/05/2016,PSC,WA,ANM,WE,Combined TRACON& Tower with Radar,22,12,20,1,55,0,0,25,0,25,22,12,45,1,80,68,0,68,148
07/06/2016,PSC,WA,ANM,WE,Combined TRACON& Tower with Radar,22,10,19,2,53,0,0,37,0,37,22,10,56,2,90,53,12,65,155
07/07/2016,PSC,WA,ANM,WE,Combined TRACON& Tower with Radar,28,10,25,0,63,0,2,37,0,39,28,12,62,0,102,42,0,42,144
07/08/2016,PSC,WA,ANM,WE,Combined TRACON& Tower with Radar,24,12,20,0,56,0,1,27,0,28,24,13,47,0,84,56,0,56,140
07/09/2016,PSC,WA,ANM,WE,Combined TRACON& Tower with Radar,21,11,6,0,38,0,3,15,0,18,21,14,21,0,56,99,0,99,155
07/10/2016,PSC,WA,ANM,WE,Combined TRACON& Tower with Radar,28,10,12,0,50,0,0,18,0,18,28,10,30,0,68,67,0,67,135
07/11/2016,PSC,WA,ANM,WE,Combined TRACON& Tower with Radar,24,11,16,2,53,0,1,41,3,45,24,12,57,5,98,42,20,62,160
07/12/2016,PSC,WA,ANM,WE,Combined TRACON& Tower with Radar,24,17,9,0,50,0,3,39,0,42,24,20,48,0,92,47,0,47,139
07/13/2016,PSC,WA,ANM,WE,Combined TRACON& Tower with Radar,23,10,14,11,58,0,0,48,3,51,23,10,62,14,109,24,19,43,152
07/14/2016,PSC,WA,ANM,WE,Combined TRACON& Tower with Radar,27,13,18,0,58,0,4,59,1,64,27,17,77,1,122,30,0,30,152
07/15/2016,PSC,WA,ANM,WE,Combined TRACON& Tower with Radar,23,14,11,3,51,0,2,37,5,44,23,16,48,8,95,28,16,44,139
07/16/2016,PSC,WA,ANM,WE,Combined TRACON& Tower with Radar,23,14,5,0,42,1,7,35,0,43,24,21,40,0,85,87,0,87,172
07/17/2016,PSC,WA,ANM,WE,Combined TRACON& Tower with Radar,28,9,10,0,47,0,0,29,0,29,28,9,39,0,76,77,0,77,153
07/18/2016,PSC,WA,ANM,WE,Combined TRACON& Tower with Radar,22,11,14,0,47,0,0,29,0,29,22,11,43,0,76,22,0,22,98
07/19/2016,PSC,WA,ANM,WE,Combined TRACON& Tower with Radar,22,14,30,1,67,0,2,23,1,26,22,16,53,2,93,37,0,37,130
07/20/2016,PSC,WA,ANM,WE,Combined TRACON& Tower with Radar,20,15,28,1,64,0,3,40,4,47,20,18,68,5,111,62,16,78,189
07/21/2016,PSC,WA,ANM,WE,Combined TRACON& Tower with Radar,30,11,13,1,55,0,0,47,3,50,30,11,60,4,105,75,0,75,180
07/22/2016,PSC,WA,ANM,WE,Combined TRACON& Tower with Radar,24,11,13,0,48,0,0,25,1,26,24,11,38,1,74,29,0,29,103
07/23/2016,PSC,WA,ANM,WE,Combined TRACON& Tower with Radar,21,11,7,0,39,0,4,61,1,66,21,15,68,1,105,120,0,120,225
07/24/2016,PSC,WA,ANM,WE,Combined TRACON& Tower with Radar,33,9,10,0,52,0,3,50,2,55,33,12,60,2,107,97,0,97,204
07/25/2016,PSC,WA,ANM,WE,Combined TRACON& Tower with Radar,24,11,15,0,50,0,1,31,3,35,24,12,46,3,85,67,0,67,152
07/26/2016,PSC,WA,ANM,WE,Combined TRACON& Tower with Radar,20,11,15,0,46,0,6,53,2,61,20,17,68,2,107,13,0,13,120
07/27/2016,PSC,WA,ANM,WE,Combined TRACON& Tower with Radar,19,16,22,7,64,0,0,22,0,22,19,16,44,7,86,93,0,93,179
07/28/2016,PSC,WA,ANM,WE,Combined TRACON& Tower with Radar,26,13,16,3,58,0,2,60,5,67,26,15,76,8,125,112,0,112,237
07/29/2016,PSC,WA,ANM,WE,Combined TRACON& Tower with Radar,24,12,11,0,47,0,2,84,1,87,24,14,95,1,134,20,0,20,154
07/30/2016,PSC,WA,ANM,WE,Combined TRACON& Tower with Radar,21,7,6,0,34,0,4,44,0,48,21,11,50,0,82,34,0,34,116
07/31/2016,PSC,WA,ANM,WE,Combined TRACON& Tower with Radar,27,7,8,0,42,0,0,44,1,45,27,7,52,1,87,26,0,26,113
08/01/2016,PSC,WA,ANM,WE,Combined TRACON& Tower with Radar,23,9,34,0,66,0,0,40,3,43,23,9,74,3,109,95,0,95,204
08/02/2016,PSC,WA,ANM,WE,Combined TRACON& Tower with Radar,22,13,24,0,59,0,1,21,1,23,22,14,45,1,82,41,0,41,123
08/03/2016,PSC,WA,ANM,WE,Combined TRACON& Tower with Radar,23,18,28,0,69,0,1,54,0,55,23,19,82,0,124,94,0,94,218
08/04/2016,PSC,WA,ANM,WE,Combined TRACON& Tower with Radar,28,12,18,0,58,0,3,47,1,51,28,15,65,1,109,66,0,66,175
08/05/2016,PSC,WA,ANM,WE,Combined TRACON& Tower with Radar,24,11,29,5,69,0,0,61,1,62,24,11,90,6,131,98,10,108,239
08/06/2016,PSC,WA,ANM,WE,Combined TRACON& Tower with Radar,22,9,9,0,40,0,4,27,1,32,22,13,36,1,72,79,0,79,151
08/07/2016,PSC,WA,ANM,WE,Combined TRACON& Tower with Radar,26,9,23,0,58,0,0,22,0,22,26,9,45,0,80,37,0,37,117
08/08/2016,PSC,WA,ANM,WE,Combined TRACON& Tower with Radar,25,14,18,2,59,0,1,35,1,37,25,15,53,3,96,64,0,64,160
08/09/2016,PSC,WA,ANM,WE,Combined TRACON& Tower with Radar,20,10,15,11,56,0,2,52,4,58,20,12,67,15,114,96,29,125,239
08/10/2016,PSC,WA,ANM,WE,Combined TRACON& Tower with Radar,19,11,18,7,55,0,1,39,0,40,19,12,57,7,95,87,0,87,182
08/11/2016,PSC,WA,ANM,WE,Combined TRACON& Tower with Radar,27,12,14,0,53,0,0,62,0,62,27,12,76,0,115,80,0,80,195
08/12/2016,PSC,WA,ANM,WE,Combined TRACON& Tower with Radar,25,10,16,0,51,0,6,44,1,51,25,16,60,1,102,96,0,96,198
08/13/2016,PSC,WA,ANM,WE,Combined TRACON& Tower with Radar,21,10,7,0,38,0,4,33,0,37,21,14,40,0,75,80,0,80,155
08/14/2016,PSC,WA,ANM,WE,Combined TRACON& Tower with Radar,26,7,6,0,39,0,1,30,0,31,26,8,36,0,70,58,0,58,128
08/15/2016,PSC,WA,ANM,WE,Combined TRACON& Tower with Radar,23,12,15,0,50,0,0,21,0,21,23,12,36,0,71,51,0,51,122
08/16/2016,PSC,WA,ANM,WE,Combined TRACON& Tower with Radar,22,12,21,4,59,0,1,34,1,36,22,13,55,5,95,95,58,153,248
08/17/2016,PSC,WA,ANM,WE,Combined TRACON& Tower with Radar,23,13,19,2,57,0,4,48,1,53,23,17,67,3,110,9,38,47,157
08/18/2016,PSC,WA,ANM,WE,Combined TRACON& Tower with Radar,24,13,15,2,54,0,6,40,1,47,24,19,55,3,101,68,0,68,169
08/19/2016,PSC,WA,ANM,WE,Combined TRACON& Tower with Radar,22,13,5,0,40,0,1,41,0,42,22,14,46,0,82,69,0,69,151
08/20/2016,PSC,WA,ANM,WE,Combined TRACON& Tower with Radar,20,8,4,0,32,0,4,34,2,40,20,12,38,2,72,37,0,37,109
08/21/2016,PSC,WA,ANM,WE,Combined TRACON& Tower with Radar,24,7,5,0,36,0,1,16,0,17,24,8,21,0,53,66,0,66,119
08/22/2016,PSC,WA,ANM,WE,Combined TRACON& Tower with Radar,26,11,19,2,58,0,0,28,0,28,26,11,47,2,86,29,0,29,115
08/23/2016,PSC,WA,ANM,WE,Combined TRACON& Tower with Radar,21,12,13,0,46,0,0,40,0,40,21,12,53,0,86,75,0,75,161
08/24/2016,PSC,WA,ANM,WE,Combined TRACON& Tower with Radar,24,12,14,1,51,0,0,38,1,39,24,12,52,2,90,60,0,60,150
08/25/2016,PSC,WA,ANM,WE,Combined TRACON& Tower with Radar,24,14,14,10,62,0,1,38,3,42,24,15,52,13,104,110,32,142,246
08/26/2016,PSC,WA,ANM,WE,Combined TRACON& Tower with Radar,24,12,9,0,45,0,2,47,0,49,24,14,56,0,94,85,0,85,179
08/27/2016,PSC,WA,ANM,WE,Combined TRACON& Tower with Radar,17,13,16,0,46,0,5,22,0,27,17,18,38,0,73,46,0,46,119
08/28/2016,PSC,WA,ANM,WE,Combined TRACON& Tower with Radar,25,11,3,0,39,0,0,28,0,28,25,11,31,0,67,60,0,60,127
08/29/2016,PSC,WA,ANM,WE,Combined TRACON& Tower with Radar,25,14,18,2,59,0,0,24,0,24,25,14,42,2,83,45,0,45,128
08/30/2016,PSC,WA,ANM,WE,Combined TRACON& Tower with Radar,22,17,31,13,83,0,0,28,0,28,22,17,59,13,111,56,54,110,221
08/31/2016,PSC,WA,ANM,WE,Combined TRACON& Tower with Radar,23,15,12,18,68,0,1,34,2,37,23,16,46,20,105,50,26,76,181
09/01/2016,PSC,WA,ANM,WE,Combined TRACON& Tower with Radar,0,0,0,0,0,0,0,3,0,3,0,0,3,0,3,83,14,97,100
09/02/2016,PSC,WA,ANM,WE,Combined TRACON& Tower with Radar,16,9,19,0,44,0,0,15,1,16,16,9,34,1,60,46,38,84,144
09/03/2016,PSC,WA,ANM,WE,Combined TRACON& Tower with Radar,18,12,7,0,37,0,4,41,0,45,18,16,48,0,82,77,0,77,159
09/04/2016,PSC,WA,ANM,WE,Combined TRACON& Tower with Radar,24,8,2,0,34,0,1,21,0,22,24,9,23,0,56,26,0,26,82
09/05/2016,PSC,WA,ANM,WE,Combined TRACON& Tower with Radar,25,9,4,0,38,0,1,32,0,33,25,10,36,0,71,44,0,44,115
09/06/2016,PSC,WA,ANM,WE,Combined TRACON& Tower with Radar,23,16,13,0,52,0,0,7,0,7,23,16,20,0,59,91,0,91,150
09/07/2016,PSC,WA,ANM,WE,Combined TRACON& Tower with Radar,25,14,17,6,62,1,0,29,2,32,26,14,46,8,94,71,0,71,165
09/08/2016,PSC,WA,ANM,WE,Combined TRACON& Tower with Radar,25,16,18,0,59,0,0,46,0,46,25,16,64,0,105,119,0,119,224
09/09/2016,PSC,WA,ANM,WE,Combined TRACON& Tower with Radar,25,26,14,0,65,0,6,33,1,40,25,32,47,1,105,92,0,92,197
09/10/2016,PSC,WA,ANM,WE,Combined TRACON& Tower with Radar,17,13,9,2,41,0,4,51,0,55,17,17,60,2,96,145,0,145,241
09/11/2016,PSC,WA,ANM,WE,Combined TRACON& Tower with Radar,23,12,9,0,44,0,2,31,0,33,23,14,40,0,77,80,0,80,157
09/12/2016,PSC,WA,ANM,WE,Combined TRACON& Tower with Radar,25,13,10,0,48,0,0,21,0,21,25,13,31,0,69,20,0,20,89
09/13/2016,PSC,WA,ANM,WE,Combined TRACON& Tower with Radar,23,13,14,5,55,1,2,39,5,47,24,15,53,10,102,143,4,147,249
09/14/2016,PSC,WA,ANM,WE,Combined TRACON& Tower with Radar,24,11,12,0,47,0,0,35,0,35,24,11,47,0,82,35,0,35,117
09/15/2016,PSC,WA,ANM,WE,Combined TRACON& Tower with Radar,24,13,17,5,59,0,3,27,1,31,24,16,44,6,90,112,21,133,223
09/16/2016,PSC,WA,ANM,WE,Combined TRACON& Tower with Radar,26,15,8,0,49,0,3,38,2,43,26,18,46,2,92,73,0,73,165
09/17/2016,PSC,WA,ANM,WE,Combined TRACON& Tower with Radar,18,13,10,0,41,0,2,4,0,6,18,15,14,0,47,29,0,29,76
09/18/2016,PSC,WA,ANM,WE,Combined TRACON& Tower with Radar,21,10,10,0,41,0,0,29,0,29,21,10,39,0,70,159,0,159,229
09/19/2016,PSC,WA,ANM,WE,Combined TRACON& Tower with Radar,29,14,13,4,60,0,0,24,2,26,29,14,37,6,86,56,40,96,182
09/20/2016,PSC,WA,ANM,WE,Combined TRACON& Tower with Radar,22,10,21,9,62,2,4,38,3,47,24,14,59,12,109,14,7,21,130
09/21/2016,PSC,WA,ANM,WE,Combined TRACON& Tower with Radar,24,11,18,0,53,0,0,38,0,38,24,11,56,0,91,65,0,65,156
09/22/2016,PSC,WA,ANM,WE,Combined TRACON& Tower with Radar,23,14,8,1,46,0,0,38,1,39,23,14,46,2,85,66,0,66,151
09/23/2016,PSC,WA,ANM,WE,Combined TRACON& Tower with Radar,24,14,17,0,55,0,0,28,0,28,24,14,45,0,83,114,0,114,197
09/24/2016,PSC,WA,ANM,WE,Combined TRACON& Tower with Radar,18,9,8,0,35,0,4,35,0,39,18,13,43,0,74,108,0,108,182
09/25/2016,PSC,WA,ANM,WE,Combined TRACON& Tower with Radar,22,9,13,0,44,0,0,34,0,34,22,9,47,0,78,165,0,165,243
09/26/2016,PSC,WA,ANM,WE,Combined TRACON& Tower with Radar,25,13,19,0,57,0,0,26,0,26,25,13,45,0,83,62,0,62,145
09/27/2016,PSC,WA,ANM,WE,Combined TRACON& Tower with Radar,24,18,15,2,59,0,6,39,2,47,24,24,54,4,106,35,0,35,141
09/28/2016,PSC,WA,ANM,WE,Combined TRACON& Tower with Radar,24,11,19,2,56,0,0,27,0,27,24,11,46,2,83,108,43,151,234
09/29/2016,PSC,WA,ANM,WE,Combined TRACON& Tower with Radar,23,17,17,9,66,0,1,27,5,33,23,18,44,14,99,62,0,62,161
09/30/2016,PSC,WA,ANM,WE,Combined TRACON& Tower with Radar,25,14,8,0,47,0,1,44,0,45,25,15,52,0,92,110,0,110,202
10/01/2016,PSC,WA,ANM,WE,Combined TRACON& Tower with Radar,17,16,9,0,42,0,4,17,0,21,17,20,26,0,63,94,0,94,157
10/02/2016,PSC,WA,ANM,WE,Combined TRACON& Tower with Radar,23,7,7,0,37,0,0,35,0,35,23,7,42,0,72,45,0,45,117
10/03/2016,PSC,WA,ANM,WE,Combined TRACON& Tower with Radar,25,13,19,2,59,0,0,17,1,18,25,13,36,3,77,8,0,8,85
10/04/2016,PSC,WA,ANM,WE,Combined TRACON& Tower with Radar,26,10,15,18,69,0,0,13,1,14,26,10,28,19,83,19,65,84,167
10/05/2016,PSC,WA,ANM,WE,Combined TRACON& Tower with Radar,23,13,19,4,59,0,0,27,0,27,23,13,46,4,86,22,0,22,108
10/06/2016,PSC,WA,ANM,WE,Combined TRACON& Tower with Radar,24,11,20,18,73,0,0,35,4,39,24,11,55,22,112,85,24,109,221
10/07/2016,PSC,WA,ANM,WE,Combined TRACON& Tower with Radar,26,11,11,2,50,0,0,24,3,27,26,11,35,5,77,24,55,79,156
10/08/2016,PSC,WA,ANM,WE,Combined TRACON& Tower with Radar,18,10,8,0,36,0,4,40,0,44,18,14,48,0,80,86,0,86,166
10/09/2016,PSC,WA,ANM,WE,Combined TRACON& Tower with Radar,25,8,7,0,40,0,0,5,0,5,25,8,12,0,45,15,0,15,60
10/10/2016,PSC,WA,ANM,WE,Combined TRACON& Tower with Radar,25,13,21,0,59,0,1,34,0,35,25,14,55,0,94,56,0,56,150
10/11/2016,PSC,WA,ANM,WE,Combined TRACON& Tower with Radar,27,16,26,0,69,0,0,39,0,39,27,16,65,0,108,51,0,51,159
10/12/2016,PSC,WA,ANM,WE,Combined TRACON& Tower with Radar,22,14,17,9,62,0,0,41,3,44,22,14,58,12,106,63,49,112,218
10/13/2016,PSC,WA,ANM,WE,Combined TRACON& Tower with Radar,25,12,16,6,59,0,1,7,0,8,25,13,23,6,67,46,0,46,113
10/14/2016,PSC,WA,ANM,WE,Combined TRACON& Tower with Radar,24,11,9,0,44,0,2,7,0,9,24,13,16,0,53,0,0,0,53
10/15/2016,PSC,WA,ANM,WE,Combined TRACON& Tower with Radar,19,10,1,0,30,0,2,6,0,8,19,12,7,0,38,22,0,22,60
10/16/2016,PSC,WA,ANM,WE,Combined TRACON& Tower with Radar,27,7,6,0,40,0,0,7,0,7,27,7,13,0,47,37,0,37,84
10/17/2016,PSC,WA,ANM,WE,Combined TRACON& Tower with Radar,25,12,14,0,51,0,0,6,1,7,25,12,20,1,58,20,0,20,78
10/18/2016,PSC,WA,ANM,WE,Combined TRACON& Tower with Radar,23,12,12,5,52,0,0,9,5,14,23,12,21,10,66,32,32,64,130
10/19/2016,PSC,WA,ANM,WE,Combined TRACON& Tower with Radar,26,12,20,0,58,0,0,39,0,39,26,12,59,0,97,51,0,51,148
10/20/2016,PSC,WA,ANM,WE,Combined TRACON& Tower with Radar,25,12,18,2,57,0,0,18,0,18,25,12,36,2,75,35,0,35,110
10/21/2016,PSC,WA,ANM,WE,Combined TRACON& Tower with Radar,26,13,17,2,58,0,0,1,0,1,26,13,18,2,59,0,0,0,59
10/22/2016,PSC,WA,ANM,WE,Combined TRACON& Tower with Radar,20,10,6,0,36,0,2,42,1,45,20,12,48,1,81,195,0,195,276
10/23/2016,PSC,WA,ANM,WE,Combined TRACON& Tower with Radar,25,9,6,0,40,0,0,21,0,21,25,9,27,0,61,71,0,71,132
10/24/2016,PSC,WA,ANM,WE,Combined TRACON& Tower with Radar,25,9,26,2,62,0,0,16,0,16,25,9,42,2,78,73,29,102,180
10/25/2016,PSC,WA,ANM,WE,Combined TRACON& Tower with Radar,23,18,28,1,70,0,2,43,0,45,23,20,71,1,115,51,0,51,166
10/26/2016,PSC,WA,ANM,WE,Combined TRACON& Tower with Radar,22,13,22,24,81,0,0,5,0,5,22,13,27,24,86,0,0,0,86
10/27/2016,PSC,WA,ANM,WE,Combined TRACON& Tower with Radar,25,13,14,0,52,0,0,9,0,9,25,13,23,0,61,66,0,66,127
10/28/2016,PSC,WA,ANM,WE,Combined TRACON& Tower with Radar,25,16,23,0,64,0,2,9,0,11,25,18,32,0,75,19,0,19,94
10/29/2016,PSC,WA,ANM,WE,Combined TRACON& Tower with Radar,20,14,8,0,42,0,1,20,0,21,20,15,28,0,63,110,0,110,173
10/30/2016,PSC,WA,ANM,WE,Combined TRACON& Tower with Radar,26,8,7,0,41,0,0,0,0,0,26,8,7,0,41,24,0,24,65
10/31/2016,PSC,WA,ANM,WE,Combined TRACON& Tower with Radar,26,15,12,0,53,0,0,12,0,12,26,15,24,0,65,11,0,11,76
11/01/2016,PSC,WA,ANM,WE,Combined TRACON& Tower with Radar,22,12,17,0,51,0,0,23,0,23,22,12,40,0,74,74,0,74,148
11/02/2016,PSC,WA,ANM,WE,Combined TRACON& Tower with Radar,21,11,24,0,56,0,0,31,0,31,21,11,55,0,87,38,0,38,125
11/03/2016,PSC,WA,ANM,WE,Combined TRACON& Tower with Radar,23,11,22,0,56,0,0,38,1,39,23,11,60,1,95,74,0,74,169
11/04/2016,PSC,WA,ANM,WE,Combined TRACON& Tower with Radar,24,12,12,3,51,0,0,57,1,58,24,12,69,4,109,92,46,138,247
11/05/2016,PSC,WA,ANM,WE,Combined TRACON& Tower with Radar,21,7,11,0,39,0,0,3,0,3,21,7,14,0,42,32,0,32,74
11/06/2016,PSC,WA,ANM,WE,Combined TRACON& Tower with Radar,25,9,6,0,40,0,1,28,0,29,25,10,34,0,69,50,0,50,119
11/07/2016,PSC,WA,ANM,WE,Combined TRACON& Tower with Radar,21,13,16,8,58,0,0,22,0,22,21,13,38,8,80,69,4,73,153
11/08/2016,PSC,WA,ANM,WE,Combined TRACON& Tower with Radar,17,14,13,0,44,0,0,19,3,22,17,14,32,3,66,21,0,21,87
11/09/2016,PSC,WA,ANM,WE,Combined TRACON& Tower with Radar,20,11,11,3,45,0,0,23,1,24,20,11,34,4,69,27,17,44,113
11/10/2016,PSC,WA,ANM,WE,Combined TRACON& Tower with Radar,23,10,22,0,55,0,0,16,0,16,23,10,38,0,71,39,0,39,110
11/11/2016,PSC,WA,ANM,WE,Combined TRACON& Tower with Radar,25,13,15,0,53,0,0,0,0,0,25,13,15,0,53,0,0,0,53
11/12/2016,PSC,WA,ANM,WE,Combined TRACON& Tower with Radar,18,16,13,0,47,0,0,25,0,25,18,16,38,0,72,23,0,23,95
11/13/2016,PSC,WA,ANM,WE,Combined TRACON& Tower with Radar,22,8,4,0,34,0,1,20,0,21,22,9,24,0,55,108,0,108,163
11/14/2016,PSC,WA,ANM,WE,Combined TRACON& Tower with Radar,22,13,9,0,44,0,1,6,1,8,22,14,15,1,52,46,0,46,98
11/15/2016,PSC,WA,ANM,WE,Combined TRACON& Tower with Radar,18,11,24,4,57,0,0,12,0,12,18,11,36,4,69,6,74,80,149
11/16/2016,PSC,WA,ANM,WE,Combined TRACON& Tower with Radar,24,11,16,0,51,0,0,24,0,24,24,11,40,0,75,23,0,23,98
11/17/2016,PSC,WA,ANM,WE,Combined TRACON& Tower with Radar,25,9,11,2,47,0,0,22,2,24,25,9,33,4,71,48,0,48,119
11/18/2016,PSC,WA,ANM,WE,Combined TRACON& Tower with Radar,26,8,6,0,40,0,0,25,0,25,26,8,31,0,65,94,0,94,159
11/19/2016,PSC,WA,ANM,WE,Combined TRACON& Tower with Radar,25,8,23,0,56,0,2,29,1,32,25,10,52,1,88,23,0,23,111
11/20/2016,PSC,WA,ANM,WE,Combined TRACON& Tower with Radar,26,3,8,1,38,0,0,17,1,18,26,3,25,2,56,69,0,69,125
11/21/2016,PSC,WA,ANM,WE,Combined TRACON& Tower with Radar,26,6,12,0,44,0,0,23,2,25,26,6,35,2,69,71,0,71,140
11/22/2016,PSC,WA,ANM,WE,Combined TRACON& Tower with Radar,25,15,16,0,56,0,0,5,0,5,25,15,21,0,61,6,0,6,67
11/23/2016,PSC,WA,ANM,WE,Combined TRACON& Tower with Radar,25,12,13,0,50,0,0,9,0,9,25,12,22,0,59,19,0,19,78
11/24/2016,PSC,WA,ANM,WE,Combined TRACON& Tower with Radar,14,1,0,0,15,0,0,1,0,1,14,1,1,0,16,0,0,0,16
11/25/2016,PSC,WA,ANM,WE,Combined TRACON& Tower with Radar,23,11,11,0,45,0,0,23,0,23,23,11,34,0,68,41,0,41,109
11/26/2016,PSC,WA,ANM,WE,Combined TRACON& Tower with Radar,21,12,3,0,36,0,3,13,0,16,21,15,16,0,52,81,0,81,133
11/27/2016,PSC,WA,ANM,WE,Combined TRACON& Tower with Radar,24,6,6,0,36,0,0,15,0,15,24,6,21,0,51,150,0,150,201
11/28/2016,PSC,WA,ANM,WE,Combined TRACON& Tower with Radar,24,11,9,2,46,0,0,17,0,17,24,11,26,2,63,73,64,137,200
11/29/2016,PSC,WA,ANM,WE,Combined TRACON& Tower with Radar,22,12,12,38,84,0,2,29,1,32,22,14,41,39,116,25,9,34,150
11/30/2016,PSC,WA,ANM,WE,Combined TRACON& Tower with Radar,23,14,19,4,60,1,0,13,1,15,24,14,32,5,75,20,62,82,157
12/01/2016,PSC,WA,ANM,WE,Combined TRACON& Tower with Radar,26,10,26,30,92,0,2,40,3,45,26,12,66,33,137,40,62,102,239
12/02/2016,PSC,WA,ANM,WE,Combined TRACON& Tower with Radar,24,11,6,2,43,0,1,27,3,31,24,12,33,5,74,33,21,54,128
12/03/2016,PSC,WA,ANM,WE,Combined TRACON& Tower with Radar,24,6,15,0,45,0,3,26,0,29,24,9,41,0,74,50,0,50,124
12/04/2016,PSC,WA,ANM,WE,Combined TRACON& Tower with Radar,25,7,8,0,40,0,0,5,0,5,25,7,13,0,45,14,0,14,59
12/05/2016,PSC,WA,ANM,WE,Combined TRACON& Tower with Radar,26,11,20,8,65,1,0,9,1,11,27,11,29,9,76,14,0,14,90
12/06/2016,PSC,WA,ANM,WE,Combined TRACON& Tower with Radar,24,11,27,0,62,0,0,16,0,16,24,11,43,0,78,34,0,34,112
12/07/2016,PSC,WA,ANM,WE,Combined TRACON& Tower with Radar,28,11,24,2,65,0,4,27,2,33,28,15,51,4,98,48,22,70,168
12/08/2016,PSC,WA,ANM,WE,Combined TRACON& Tower with Radar,27,12,14,8,61,0,0,13,0,13,27,12,27,8,74,40,8,48,122
12/09/2016,PSC,WA,ANM,WE,Combined TRACON& Tower with Radar,25,12,11,0,48,0,0,0,0,0,25,12,11,0,48,0,0,0,48
12/10/2016,PSC,WA,ANM,WE,Combined TRACON& Tower with Radar,21,14,9,0,44,0,1,7,0,8,21,15,16,0,52,32,0,32,84
12/11/2016,PSC,WA,ANM,WE,Combined TRACON& Tower with Radar,23,9,5,0,37,0,0,0,0,0,23,9,5,0,37,0,0,0,37
12/12/2016,PSC,WA,ANM,WE,Combined TRACON& Tower with Radar,23,12,12,0,47,0,0,5,2,7,23,12,17,2,54,61,0,61,115
12/13/2016,PSC,WA,ANM,WE,Combined TRACON& Tower with Radar,18,15,23,0,56,0,0,7,1,8,18,15,30,1,64,29,0,29,93
12/14/2016,PSC,WA,ANM,WE,Combined TRACON& Tower with Radar,21,11,16,0,48,0,0,0,0,0,21,11,16,0,48,0,0,0,48
12/15/2016,PSC,WA,ANM,WE,Combined TRACON& Tower with Radar,24,18,2,0,44,0,0,1,0,1,24,18,3,0,45,2,0,2,47
12/16/2016,PSC,WA,ANM,WE,Combined TRACON& Tower with Radar,27,16,5,0,48,0,2,13,0,15,27,18,18,0,63,16,0,16,79
12/17/2016,PSC,WA,ANM,WE,Combined TRACON& Tower with Radar,15,19,6,0,40,0,0,2,0,2,15,19,8,0,42,4,0,4,46
12/18/2016,PSC,WA,ANM,WE,Combined TRACON& Tower with Radar,20,8,7,0,35,0,0,1,0,1,20,8,8,0,36,25,0,25,61
12/19/2016,PSC,WA,ANM,WE,Combined TRACON& Tower with Radar,18,18,14,8,58,0,0,5,0,5,18,18,19,8,63,6,14,20,83
12/20/2016,PSC,WA,ANM,WE,Combined TRACON& Tower with Radar,14,23,9,4,50,0,1,2,0,3,14,24,11,4,53,2,61,63,116
12/21/2016,PSC,WA,ANM,WE,Combined TRACON& Tower with Radar,18,19,9,2,48,0,3,18,0,21,18,22,27,2,69,18,0,18,87
12/22/2016,PSC,WA,ANM,WE,Combined TRACON& Tower with Radar,26,20,14,14,74,0,1,20,0,21,26,21,34,14,95,100,0,100,195
12/23/2016,PSC,WA,ANM,WE,Combined TRACON& Tower with Radar,21,21,8,0,50,0,0,0,0,0,21,21,8,0,50,0,0,0,50
12/24/2016,PSC,WA,ANM,WE,Combined TRACON& Tower with Radar,24,13,6,0,43,0,2,3,0,5,24,15,9,0,48,10,0,10,58
12/25/2016,PSC,WA,ANM,WE,Combined TRACON& Tower with Radar,19,6,1,0,26,0,0,4,0,4,19,6,5,0,30,10,0,10,40
12/26/2016,PSC,WA,ANM,WE,Combined TRACON& Tower with Radar,21,13,11,0,45,0,0,5,0,5,21,13,16,0,50,0,0,0,50
12/27/2016,PSC,WA,ANM,WE,Combined TRACON& Tower with Radar,17,15,6,8,46,0,3,1,0,4,17,18,7,8,50,0,29,29,79
12/28/2016,PSC,WA,ANM,WE,Combined TRACON& Tower with Radar,19,19,14,29,81,2,1,23,1,27,21,20,37,30,108,45,37,82,190
12/29/2016,PSC,WA,ANM,WE,Combined TRACON& Tower with Radar,26,17,11,11,65,0,0,20,1,21,26,17,31,12,86,47,0,47,133
12/30/2016,PSC,WA,ANM,WE,Combined TRACON& Tower with Radar,21,17,9,0,47,0,1,21,0,22,21,18,30,0,69,69,0,69,138
12/31/2016,PSC,WA,ANM,WE,Combined TRACON& Tower with Radar,16,14,7,0,37,0,1,22,1,24,16,15,29,1,61,66,0,66,127
01/01/2017,PSC,WA,ANM,WE,Combined TRACON& Tower with Radar,19,10,3,0,32,0,0,0,0,0,19,10,3,0,32,0,0,0,32
01/02/2017,PSC,WA,ANM,WE,Combined TRACON& Tower with Radar,17,6,6,0,29,0,0,0,0,0,17,6,6,0,29,0,0,0,29
01/03/2017,PSC,WA,ANM,WE,Combined TRACON& Tower with Radar,19,21,7,5,52,0,1,5,0,6,19,22,12,5,58,7,0,7,65
01/04/2017,PSC,WA,ANM,WE,Combined TRACON& Tower with Radar,17,13,15,16,61,0,0,16,4,20,17,13,31,20,81,24,27,51,132
01/05/2017,PSC,WA,ANM,WE,Combined TRACON& Tower with Radar,20,15,9,4,48,0,0,3,2,5,20,15,12,6,53,44,0,44,97
01/06/2017,PSC,WA,ANM,WE,Combined TRACON& Tower with Radar,22,14,15,0,51,0,0,22,0,22,22,14,37,0,73,48,0,48,121
01/07/2017,PSC,WA,ANM,WE,Combined TRACON& Tower with Radar,16,16,10,0,42,0,0,11,0,11,16,16,21,0,53,0,0,0,53
01/08/2017,PSC,WA,ANM,WE,Combined TRACON& Tower with Radar,16,3,5,0,24,0,0,2,0,2,16,3,7,0,26,0,0,0,26
01/09/2017,PSC,WA,ANM,WE,Combined TRACON& Tower with Radar,16,12,16,0,44,0,0,8,0,8,16,12,24,0,52,20,0,20,72
01/10/2017,PSC,WA,ANM,WE,Combined TRACON& Tower with Radar,16,13,9,4,42,0,0,0,0,0,16,13,9,4,42,0,0,0,42
01/11/2017,PSC,WA,ANM,WE,Combined TRACON& Tower with Radar,17,23,15,3,58,0,1,5,1,7,17,24,20,4,65,22,1,23,88
01/12/2017,PSC,WA,ANM,WE,Combined TRACON& Tower with Radar,21,16,12,0,49,0,1,10,0,11,21,17,22,0,60,33,0,33,93
01/13/2017,PSC,WA,ANM,WE,Combined TRACON& Tower with Radar,21,18,4,0,43,0,0,0,0,0,21,18,4,0,43,0,0,0,43
01/14/2017,PSC,WA,ANM,WE,Combined TRACON& Tower with Radar,21,14,8,0,43,0,0,0,0,0,21,14,8,0,43,0,0,0,43
01/15/2017,PSC,WA,ANM,WE,Combined TRACON& Tower with Radar,14,15,3,0,32,0,0,0,0,0,14,15,3,0,32,14,0,14,46
01/16/2017,PSC,WA,ANM,WE,Combined TRACON& Tower with Radar,25,16,12,0,53,0,0,0,0,0,25,16,12,0,53,3,0,3,56
01/17/2017,PSC,WA,ANM,WE,Combined TRACON& Tower with Radar,14,14,9,0,37,0,0,0,0,0,14,14,9,0,37,0,0,0,37
01/18/2017,PSC,WA,ANM,WE,Combined TRACON& Tower with Radar,8,11,9,2,30,0,0,2,1,3,8,11,11,3,33,0,0,0,33
01/19/2017,PSC,WA,ANM,WE,Combined TRACON& Tower with Radar,21,17,11,11,60,0,2,2,0,4,21,19,13,11,64,0,5,5,69
01/20/2017,PSC,WA,ANM,WE,Combined TRACON& Tower with Radar,17,7,5,2,31,0,0,3,0,3,17,7,8,2,34,18,0,18,52
01/21/2017,PSC,WA,ANM,WE,Combined TRACON& Tower with Radar,18,11,2,8,39,0,0,2,0,2,18,11,4,8,41,52,0,52,93
01/22/2017,PSC,WA,ANM,WE,Combined TRACON& Tower with Radar,22,9,4,0,35,0,0,0,0,0,22,9,4,0,35,6,0,6,41
01/23/2017,PSC,WA,ANM,WE,Combined TRACON& Tower with Radar,23,16,15,0,54,0,0,0,0,0,23,16,15,0,54,0,0,0,54
01/24/2017,PSC,WA,ANM,WE,Combined TRACON& Tower with Radar,23,18,17,3,61,0,0,1,0,1,23,18,18,3,62,18,0,18,80
01/25/2017,PSC,WA,ANM,WE,Combined TRACON& Tower with Radar,21,18,22,4,65,0,0,0,0,0,21,18,22,4,65,20,0,20,85
01/26/2017,PSC,WA,ANM,WE,Combined TRACON& Tower with Radar,26,14,35,0,75,0,0,2,0,2,26,14,37,0,77,10,0,10,87
01/27/2017,PSC,WA,ANM,WE,Combined TRACON& Tower with Radar,22,16,10,0,48,0,0,0,0,0,22,16,10,0,48,0,0,0,48
01/28/2017,PSC,WA,ANM,WE,Combined TRACON& Tower with Radar,16,17,4,0,37,0,0,0,0,0,16,17,4,0,37,10,0,10,47
01/29/2017,PSC,WA,ANM,WE,Combined TRACON& Tower with Radar,21,13,5,0,39,0,0,3,0,3,21,13,8,0,42,74,0,74,116
01/30/2017,PSC,WA,ANM,WE,Combined TRACON& Tower with Radar,20,20,16,0,56,0,0,5,0,5,20,20,21,0,61,0,0,0,61
01/31/2017,PSC,WA,ANM,WE,Combined TRACON& Tower with Radar,18,15,13,22,68,0,0,11,1,12,18,15,24,23,80,0,24,24,104
02/01/2017,PSC,WA,ANM,WE,Combined TRACON& Tower with Radar,20,14,26,4,64,0,0,5,1,6,20,14,31,5,70,0,24,24,94
02/02/2017,PSC,WA,ANM,WE,Combined TRACON& Tower with Radar,21,11,24,0,56,0,1,20,0,21,21,12,44,0,77,10,0,10,87
02/03/2017,PSC,WA,ANM,WE,Combined TRACON& Tower with Radar,19,20,9,0,48,0,0,0,0,0,19,20,9,0,48,5,0,5,53
02/04/2017,PSC,WA,ANM,WE,Combined TRACON& Tower with Radar,16,16,7,0,39,0,0,5,0,5,16,16,12,0,44,32,0,32,76
02/05/2017,PSC,WA,ANM,WE,Combined TRACON& Tower with Radar,23,11,10,0,44,0,0,0,0,0,23,11,10,0,44,0,0,0,44
02/06/2017,PSC,WA,ANM,WE,Combined TRACON& Tower with Radar,15,13,34,0,62,0,0,23,0,23,15,13,57,0,85,3,0,3,88
02/07/2017,PSC,WA,ANM,WE,Combined TRACON& Tower with Radar,17,13,13,0,43,0,0,2,0,2,17,13,15,0,45,0,0,0,45
02/08/2017,PSC,WA,ANM,WE,Combined TRACON& Tower with Radar,19,13,6,0,38,0,0,0,0,0,19,13,6,0,38,0,0,0,38
02/09/2017,PSC,WA,ANM,WE,Combined TRACON& Tower with Radar,20,11,7,2,40,0,0,2,0,2,20,11,9,2,42,10,18,28,70
02/10/2017,PSC,WA,ANM,WE,Combined TRACON& Tower with Radar,25,17,7,29,78,0,0,10,4,14,25,17,17,33,92,30,0,30,122
02/11/2017,PSC,WA,ANM,WE,Combined TRACON& Tower with Radar,17,10,10,0,37,2,2,44,2,50,19,12,54,2,87,106,0,106,193
02/12/2017,PSC,WA,ANM,WE,Combined TRACON& Tower with Radar,20,10,2,8,40,0,0,26,0,26,20,10,28,8,66,74,0,74,140
02/13/2017,PSC,WA,ANM,WE,Combined TRACON& Tower with Radar,21,16,14,0,51,0,1,15,0,16,21,17,29,0,67,44,0,44,111
02/14/2017,PSC,WA,ANM,WE,Combined TRACON& Tower with Radar,18,12,19,0,49,0,0,0,0,0,18,12,19,0,49,0,0,0,49
02/15/2017,PSC,WA,ANM,WE,Combined TRACON& Tower with Radar,20,13,17,0,50,0,0,0,0,0,20,13,17,0,50,0,0,0,50
02/16/2017,PSC,WA,ANM,WE,Combined TRACON& Tower with Radar,24,17,16,25,82,0,0,5,0,5,24,17,21,25,87,0,0,0,87
02/17/2017,PSC,WA,ANM,WE,Combined TRACON& Tower with Radar,22,19,17,7,65,0,0,20,2,22,22,19,37,9,87,59,1,60,147
02/18/2017,PSC,WA,ANM,WE,Combined TRACON& Tower with Radar,18,11,16,0,45,0,0,4,0,4,18,11,20,0,49,18,0,18,67
02/19/2017,PSC,WA,ANM,WE,Combined TRACON& Tower with Radar,23,12,6,0,41,0,0,15,0,15,23,12,21,0,56,58,0,58,114
02/20/2017,PSC,WA,ANM,WE,Combined TRACON& Tower with Radar,17,13,24,0,54,0,0,5,0,5,17,13,29,0,59,13,0,13,72
02/21/2017,PSC,WA,ANM,WE,Combined TRACON& Tower with Radar,19,18,15,6,58,0,0,1,0,1,19,18,16,6,59,11,0,11,70
02/22/2017,PSC,WA,ANM,WE,Combined TRACON& Tower with Radar,21,12,10,8,51,0,2,51,1,54,21,14,61,9,105,59,0,59,164
02/23/2017,PSC,WA,ANM,WE,Combined TRACON& Tower with Radar,23,14,23,3,63,0,0,42,0,42,23,14,65,3,105,54,0,54,159
02/24/2017,PSC,WA,ANM,WE,Combined TRACON& Tower with Radar,23,16,10,2,51,0,4,39,0,43,23,20,49,2,94,50,3,53,147
02/25/2017,PSC,WA,ANM,WE,Combined TRACON& Tower with Radar,18,9,16,0,43,0,7,28,0,35,18,16,44,0,78,102,0,102,180
02/26/2017,PSC,WA,ANM,WE,Combined TRACON& Tower with Radar,20,9,8,0,37,0,0,0,0,0,20,9,8,0,37,0,0,0,37
02/27/2017,PSC,WA,ANM,WE,Combined TRACON& Tower with Radar,27,13,9,1,50,0,0,7,1,8,27,13,16,2,58,16,0,16,74
02/28/2017,PSC,WA,ANM,WE,Combined TRACON& Tower with Radar,16,12,21,2,51,0,2,33,0,35,16,14,54,2,86,27,12,39,125
03/01/2017,PSC,WA,ANM,WE,Combined TRACON& Tower with Radar,18,18,14,0,50,0,0,1,4,5,18,18,15,4,55,0,0,0,55
03/02/2017,PSC,WA,ANM,WE,Combined TRACON& Tower with Radar,20,14,15,10,59,0,0,28,0,28,20,14,43,10,87,82,0,82,169
03/03/2017,PSC,WA,ANM,WE,Combined TRACON& Tower with Radar,20,14,13,0,47,0,3,34,0,37,20,17,47,0,84,67,0,67,151
03/04/2017,PSC,WA,ANM,WE,Combined TRACON& Tower with Radar,18,9,14,0,41,0,2,33,0,35,18,11,47,0,76,121,0,121,197
03/05/2017,PSC,WA,ANM,WE,Combined TRACON& Tower with Radar,20,9,12,0,41,0,0,20,2,22,20,9,32,2,63,17,0,17,80
03/06/2017,PSC,WA,ANM,WE,Combined TRACON& Tower with Radar,20,15,15,0,50,0,0,15,0,15,20,15,30,0,65,8,0,8,73
03/07/2017,PSC,WA,ANM,WE,Combined TRACON& Tower with Radar,17,13,22,25,77,0,0,6,4,10,17,13,28,29,87,37,84,121,208
03/08/2017,PSC,WA,ANM,WE,Combined TRACON& Tower with Radar,17,13,27,35,92,0,0,24,1,25,17,13,51,36,117,8,42,50,167
03/09/2017,PSC,WA,ANM,WE,Combined TRACON& Tower with Radar,19,13,16,33,81,0,0,1,0,1,19,13,17,33,82,0,0,0,82
03/10/2017,PSC,WA,ANM,WE,Combined TRACON& Tower with Radar,24,14,19,5,62,0,2,17,0,19,24,16,36,5,81,0,0,0,81
03/11/2017,PSC,WA,ANM,WE,Combined TRACON& Tower with Radar,20,10,7,0,37,0,3,23,0,26,20,13,30,0,63,31,0,31,94
03/12/2017,PSC,WA,ANM,WE,Combined TRACON& Tower with Radar,19,10,13,1,43,0,2,24,0,26,19,12,37,1,69,106,0,106,175
03/13/2017,PSC,WA,ANM,WE,Combined TRACON& Tower with Radar,21,13,27,8,69,0,0,10,2,12,21,13,37,10,81,6,0,6,87
03/14/2017,PSC,WA,ANM,WE,Combined TRACON& Tower with Radar,19,13,21,0,53,0,2,12,4,18,19,15,33,4,71,0,0,0,71
03/15/2017,PSC,WA,ANM,WE,Combined TRACON& Tower with Radar,18,15,13,3,49,0,0,17,1,18,18,15,30,4,67,24,0,24,91
03/16/2017,PSC,WA,ANM,WE,Combined TRACON& Tower with Radar,21,19,18,2,60,0,8,43,1,52,21,27,61,3,112,92,0,92,204
03/17/2017,PSC,WA,ANM,WE,Combined TRACON& Tower with Radar,21,16,9,0,46,0,3,23,0,26,21,19,32,0,72,48,0,48,120
03/18/2017,PSC,WA,ANM,WE,Combined TRACON& Tower with Radar,14,13,11,0,38,0,2,12,0,14,14,15,23,0,52,78,0,78,130
03/19/2017,PSC,WA,ANM,WE,Combined TRACON& Tower with Radar,20,15,6,0,41,0,2,37,1,40,20,17,43,1,81,37,0,37,118
03/20/2017,PSC,WA,ANM,WE,Combined TRACON& Tower with Radar,20,13,16,0,49,0,1,23,0,24,20,14,39,0,73,30,0,30,103
03/21/2017,PSC,WA,ANM,WE,Combined TRACON& Tower with Radar,17,15,19,2,53,0,0,12,0,12,17,15,31,2,65,17,0,17,82
03/22/2017,PSC,WA,ANM,WE,Combined TRACON& Tower with Radar,17,18,24,1,60,0,0,10,1,11,17,18,34,2,71,15,0,15,86
03/23/2017,PSC,WA,ANM,WE,Combined TRACON& Tower with Radar,23,16,28,6,73,0,2,33,1,36,23,18,61,7,109,41,0,41,150
03/24/2017,PSC,WA,ANM,WE,Combined TRACON& Tower with Radar,20,14,15,6,55,0,0,7,0,7,20,14,22,6,62,21,26,47,109
03/25/2017,PSC,WA,ANM,WE,Combined TRACON& Tower with Radar,14,12,7,0,33,0,2,40,0,42,14,14,47,0,75,57,0,57,132
03/26/2017,PSC,WA,ANM,WE,Combined TRACON& Tower with Radar,18,10,5,0,33,0,0,12,0,12,18,10,17,0,45,64,0,64,109
03/27/2017,PSC,WA,ANM,WE,Combined TRACON& Tower with Radar,20,13,18,1,52,0,1,25,2,28,20,14,43,3,80,45,0,45,125
03/28/2017,PSC,WA,ANM,WE,Combined TRACON& Tower with Radar,18,17,22,0,57,0,3,20,0,23,18,20,42,0,80,0,0,0,80
03/29/2017,PSC,WA,ANM,WE,Combined TRACON& Tower with Radar,20,14,26,2,62,0,0,10,0,10,20,14,36,2,72,25,12,37,109
03/30/2017,PSC,WA,ANM,WE,Combined TRACON& Tower with Radar,22,12,12,1,47,0,1,11,5,17,22,13,23,6,64,71,0,71,135
03/31/2017,PSC,WA,ANM,WE,Combined TRACON& Tower with Radar,20,15,8,2,45,0,2,47,2,51,20,17,55,4,96,110,0,110,206
04/01/2017,PSC,WA,ANM,WE,Combined TRACON& Tower with Radar,13,15,8,0,36,0,2,27,1,30,13,17,35,1,66,29,0,29,95
04/02/2017,PSC,WA,ANM,WE,Combined TRACON& Tower with Radar,21,10,7,1,39,0,2,12,1,15,21,12,19,2,54,2,0,2,56
04/03/2017,PSC,WA,ANM,WE,Combined TRACON& Tower with Radar,25,13,3,0,41,0,0,40,1,41,25,13,43,1,82,87,0,87,169
04/04/2017,PSC,WA,ANM,WE,Combined TRACON& Tower with Radar,21,11,23,0,55,0,1,29,2,32,21,12,52,2,87,39,0,39,126
04/05/2017,PSC,WA,ANM,WE,Combined TRACON& Tower with Radar,21,12,19,2,54,0,3,28,5,36,21,15,47,7,90,60,0,60,150
04/06/2017,PSC,WA,ANM,WE,Combined TRACON& Tower with Radar,23,14,16,4,57,0,0,31,3,34,23,14,47,7,91,76,11,87,178
04/07/2017,PSC,WA,ANM,WE,Combined TRACON& Tower with Radar,25,12,5,8,50,0,0,4,0,4,25,12,9,8,54,0,0,0,54
04/08/2017,PSC,WA,ANM,WE,Combined TRACON& Tower with Radar,16,10,11,0,37,0,3,12,0,15,16,13,23,0,52,2,0,2,54
04/09/2017,PSC,WA,ANM,WE,Combined TRACON& Tower with Radar,23,9,8,5,45,0,0,26,0,26,23,9,34,5,71,59,0,59,130
04/10/2017,PSC,WA,ANM,WE,Combined TRACON& Tower with Radar,23,10,15,2,50,0,1,16,0,17,23,11,31,2,67,31,0,31,98
04/11/2017,PSC,WA,ANM,WE,Combined TRACON& Tower with Radar,21,13,15,1,50,0,3,25,1,29,21,16,40,2,79,0,16,16,95
04/12/2017,PSC,WA,ANM,WE,Combined TRACON& Tower with Radar,16,18,8,2,44,0,0,10,0,10,16,18,18,2,54,21,14,35,89
04/13/2017,PSC,WA,ANM,WE,Combined TRACON& Tower with Radar,25,10,21,13,69,0,0,35,2,37,25,10,56,15,106,32,28,60,166
04/14/2017,PSC,WA,ANM,WE,Combined TRACON& Tower with Radar,23,13,6,2,44,0,1,18,2,21,23,14,24,4,65,37,0,37,102
04/15/2017,PSC,WA,ANM,WE,Combined TRACON& Tower with Radar,15,13,13,1,42,0,1,64,0,65,15,14,77,1,107,82,0,82,189
04/16/2017,PSC,WA,ANM,WE,Combined TRACON& Tower with Radar,25,6,9,0,40,0,2,41,0,43,25,8,50,0,83,37,0,37,120
04/17/2017,PSC,WA,ANM,WE,Combined TRACON& Tower with Radar,24,11,19,0,54,0,3,17,1,21,24,14,36,1,75,24,0,24,99
04/18/2017,PSC,WA,ANM,WE,Combined TRACON& Tower with Radar,22,12,22,11,67,0,0,22,7,29,22,12,44,18,96,8,54,62,158
04/19/2017,PSC,WA,ANM,WE,Combined TRACON& Tower with Radar,21,12,18,2,53,0,4,38,0,42,21,16,56,2,95,43,0,43,138
04/20/2017,PSC,WA,ANM,WE,Combined TRACON& Tower with Radar,22,10,16,0,48,0,4,28,4,36,22,14,44,4,84,27,10,37,121
04/21/2017,PSC,WA,ANM,WE,Combined TRACON& Tower with Radar,25,10,19,3,57,0,4,52,1,57,25,14,71,4,114,41,0,41,155
04/22/2017,PSC,WA,ANM,WE,Combined TRACON& Tower with Radar,16,12,10,0,38,0,2,38,0,40,16,14,48,0,78,167,0,167,245
04/23/2017,PSC,WA,ANM,WE,Combined TRACON& Tower with Radar,22,7,1,0,30,0,0,16,0,16,22,7,17,0,46,52,0,52,98
04/24/2017,PSC,WA,ANM,WE,Combined TRACON& Tower with Radar,22,8,10,0,40,0,0,17,0,17,22,8,27,0,57,6,0,6,63
04/25/2017,PSC,WA,ANM,WE,Combined TRACON& Tower with Radar,22,10,11,11,54,0,6,26,3,35,22,16,37,14,89,14,58,72,161
04/26/2017,PSC,WA,ANM,WE,Combined TRACON& Tower with Radar,23,12,18,7,60,0,0,22,1,23,23,12,40,8,83,36,0,36,119
04/27/2017,PSC,WA,ANM,WE,Combined TRACON& Tower with Radar,24,10,22,0,56,0,1,21,0,22,24,11,43,0,78,0,0,0,78
04/28/2017,PSC,WA,ANM,WE,Combined TRACON& Tower with Radar,29,12,15,0,56,0,1,46,1,48,29,13,61,1,104,93,0,93,197
04/29/2017,PSC,WA,ANM,WE,Combined TRACON& Tower with Radar,16,8,5,0,29,0,7,44,1,52,16,15,49,1,81,139,0,139,220
04/30/2017,PSC,WA,ANM,WE,Combined TRACON& Tower with Radar,23,7,6,0,36,0,0,13,2,15,23,7,19,2,51,26,0,26,77
05/01/2017,PSC,WA,ANM,WE,Combined TRACON& Tower with Radar,23,12,11,2,48,0,0,26,1,27,23,12,37,3,75,8,14,22,97
05/02/2017,PSC,WA,ANM,WE,Combined TRACON& Tower with Radar,22,11,18,4,55,0,3,41,0,44,22,14,59,4,99,34,0,34,133
05/03/2017,PSC,WA,ANM,WE,Combined TRACON& Tower with Radar,22,11,15,4,52,0,2,68,1,71,22,13,83,5,123,34,93,127,250
05/04/2017,PSC,WA,ANM,WE,Combined TRACON& Tower with Radar,22,12,12,2,48,0,4,42,1,47,22,16,54,3,95,30,0,30,125
05/05/2017,PSC,WA,ANM,WE,Combined TRACON& Tower with Radar,20,15,7,0,42,0,0,27,1,28,20,15,34,1,70,40,0,40,110
05/06/2017,PSC,WA,ANM,WE,Combined TRACON& Tower with Radar,16,10,13,0,39,0,3,28,0,31,16,13,41,0,70,70,0,70,140
05/07/2017,PSC,WA,ANM,WE,Combined TRACON& Tower with Radar,22,9,9,0,40,0,4,46,2,52,22,13,55,2,92,65,0,65,157
05/08/2017,PSC,WA,ANM,WE,Combined TRACON& Tower with Radar,20,14,13,6,53,0,0,52,1,53,20,14,65,7,106,36,12,48,154
05/09/2017,PSC,WA,ANM,WE,Combined TRACON& Tower with Radar,20,11,11,0,42,0,3,37,1,41,20,14,48,1,83,48,0,48,131
05/10/2017,PSC,WA,ANM,WE,Combined TRACON& Tower with Radar,17,13,24,0,54,0,4,42,1,47,17,17,66,1,101,91,0,91,192
05/11/2017,PSC,WA,ANM,WE,Combined TRACON& Tower with Radar,20,14,20,5,59,0,1,29,2,32,20,15,49,7,91,80,8,88,179
05/12/2017,PSC,WA,ANM,WE,Combined TRACON& Tower with Radar,21,15,25,1,62,0,0,32,0,32,21,15,57,1,94,29,0,29,123
05/13/2017,PSC,WA,ANM,WE,Combined TRACON& Tower with Radar,15,10,4,1,30,0,2,29,0,31,15,12,33,1,61,42,0,42,103
05/14/2017,PSC,WA,ANM,WE,Combined TRACON& Tower with Radar,18,9,1,1,29,0,0,20,0,20,18,9,21,1,49,88,0,88,137
05/15/2017,PSC,WA,ANM,WE,Combined TRACON& Tower with Radar,23,16,11,8,58,0,1,39,0,40,23,17,50,8,98,36,0,36,134
05/16/2017,PSC,WA,ANM,WE,Combined TRACON& Tower with Radar,19,13,17,0,49,0,0,11,0,11,19,13,28,0,60,0,0,0,60
05/17/2017,PSC,WA,ANM,WE,Combined TRACON& Tower with Radar,18,19,16,13,66,0,1,34,5,40,18,20,50,18,106,56,0,56,162
05/18/2017,PSC,WA,ANM,WE,Combined TRACON& Tower with Radar,22,12,16,10,60,0,5,57,6,68,22,17,73,16,128,67,0,67,195
05/19/2017,PSC,WA,ANM,WE,Combined TRACON& Tower with Radar,22,13,12,1,48,0,0,67,1,68,22,13,79,2,116,24,0,24,140
05/20/2017,PSC,WA,ANM,WE,Combined TRACON& Tower with Radar,16,12,28,0,56,0,4,58,0,62,16,16,86,0,118,128,0,128,246
05/21/2017,PSC,WA,ANM,WE,Combined TRACON& Tower with Radar,21,7,17,0,45,0,0,45,0,45,21,7,62,0,90,46,0,46,136
05/22/2017,PSC,WA,ANM,WE,Combined TRACON& Tower with Radar,22,11,17,0,50,0,2,56,0,58,22,13,73,0,108,105,0,105,213
05/23/2017,PSC,WA,ANM,WE,Combined TRACON& Tower with Radar,24,13,15,1,53,0,1,46,1,48,24,14,61,2,101,7,0,7,108
05/24/2017,PSC,WA,ANM,WE,Combined TRACON& Tower with Radar,20,13,22,0,55,0,0,35,0,35,20,13,57,0,90,38,0,38,128
05/25/2017,PSC,WA,ANM,WE,Combined TRACON& Tower with Radar,26,11,19,0,56,2,0,52,0,54,28,11,71,0,110,61,0,61,171
05/26/2017,PSC,WA,ANM,WE,Combined TRACON& Tower with Radar,19,11,22,0,52,0,3,33,0,36,19,14,55,0,88,60,0,60,148
05/27/2017,PSC,WA,ANM,WE,Combined TRACON& Tower with Radar,17,8,10,0,35,0,2,64,0,66,17,10,74,0,101,106,0,106,207
05/28/2017,PSC,WA,ANM,WE,Combined TRACON& Tower with Radar,17,7,8,0,32,0,1,49,0,50,17,8,57,0,82,78,0,78,160
05/29/2017,PSC,WA,ANM,WE,Combined TRACON& Tower with Radar,22,9,10,0,41,0,1,39,0,40,22,10,49,0,81,40,0,40,121
05/30/2017,PSC,WA,ANM,WE,Combined TRACON& Tower with Radar,20,12,21,2,55,0,0,31,0,31,20,12,52,2,86,5,5,10,96
05/31/2017,PSC,WA,ANM,WE,Combined TRACON& Tower with Radar,20,12,9,5,46,0,5,35,8,48,20,17,44,13,94,20,101,121,215
06/01/2017,PSC,WA,ANM,WE,Combined TRACON& Tower with Radar,23,14,18,9,64,0,0,32,1,33,23,14,50,10,97,60,0,60,157
06/02/2017,PSC,WA,ANM,WE,Combined TRACON& Tower with Radar,21,14,21,7,63,0,0,38,2,40,21,14,59,9,103,16,14,30,133
06/03/2017,PSC,WA,ANM,WE,Combined TRACON& Tower with Radar,16,11,14,0,41,0,3,21,13,37,16,14,35,13,78,91,0,91,169
06/04/2017,PSC,WA,ANM,WE,Combined TRACON& Tower with Radar,23,9,10,0,42,0,1,24,0,25,23,10,34,0,67,97,0,97,164
06/05/2017,PSC,WA,ANM,WE,Combined TRACON& Tower with Radar,19,12,9,10,50,0,3,56,4,63,19,15,65,14,113,48,25,73,186
06/06/2017,PSC,WA,ANM,WE,Combined TRACON& Tower with Radar,19,12,13,2,46,0,5,46,2,53,19,17,59,4,99,0,0,0,99
06/07/2017,PSC,WA,ANM,WE,Combined TRACON& Tower with Radar,19,12,18,3,52,0,2,60,0,62,19,14,78,3,114,14,0,14,128
06/08/2017,PSC,WA,ANM,WE,Combined TRACON& Tower with Radar,23,12,27,2,64,0,1,28,2,31,23,13,55,4,95,12,32,44,139
06/09/2017,PSC,WA,ANM,WE,Combined TRACON& Tower with Radar,22,13,12,0,47,0,0,49,0,49,22,13,61,0,96,10,0,10,106
06/10/2017,PSC,WA,ANM,WE,Combined TRACON& Tower with Radar,17,11,3,0,31,0,2,28,0,30,17,13,31,0,61,167,0,167,228
06/11/2017,PSC,WA,ANM,WE,Combined TRACON& Tower with Radar,24,9,9,0,42,0,0,42,8,50,24,9,51,8,92,183,0,183,275
06/12/2017,PSC,WA,ANM,WE,Combined TRACON& Tower with Radar,21,10,9,5,45,0,0,19,1,20,21,10,28,6,65,55,0,55,120
06/13/2017,PSC,WA,ANM,WE,Combined TRACON& Tower with Radar,27,12,22,3,64,0,0,48,2,50,27,12,70,5,114,30,8,38,152
06/14/2017,PSC,WA,ANM,WE,Combined TRACON& Tower with Radar,23,12,14,6,55,0,4,36,40,80,23,16,50,46,135,28,40,68,203
06/15/2017,PSC,WA,ANM,WE,Combined TRACON& Tower with Radar,29,16,19,8,72,1,1,62,0,64,30,17,81,8,136,82,0,82,218
06/16/2017,PSC,WA,ANM,WE,Combined TRACON& Tower with Radar,25,12,17,0,54,0,0,24,1,25,25,12,41,1,79,37,0,37,116
06/17/2017,PSC,WA,ANM,WE,Combined TRACON& Tower with Radar,19,12,10,0,41,0,1,41,0,42,19,13,51,0,83,56,0,56,139
06/18/2017,PSC,WA,ANM,WE,Combined TRACON& Tower with Radar,26,6,5,0,37,0,0,30,0,30,26,6,35,0,67,94,0,94,161
06/19/2017,PSC,WA,ANM,WE,Combined TRACON& Tower with Radar,23,10,14,0,47,0,0,39,0,39,23,10,53,0,86,25,0,25,111
06/20/2017,PSC,WA,ANM,WE,Combined TRACON& Tower with Radar,27,13,16,7,63,0,0,28,3,31,27,13,44,10,94,14,41,55,149
06/21/2017,PSC,WA,ANM,WE,Combined TRACON& Tower with Radar,23,12,16,2,53,0,2,56,1,59,23,14,72,3,112,58,45,103,215
06/22/2017,PSC,WA,ANM,WE,Combined TRACON& Tower with Radar,32,10,16,3,61,0,3,42,4,49,32,13,58,7,110,78,0,78,188
06/23/2017,PSC,WA,ANM,WE,Combined TRACON& Tower with Radar,23,12,13,1,49,0,3,39,5,47,23,15,52,6,96,141,0,141,237
06/24/2017,PSC,WA,ANM,WE,Combined TRACON& Tower with Radar,21,9,8,0,38,0,2,25,0,27,21,11,33,0,65,144,0,144,209
06/25/2017,PSC,WA,ANM,WE,Combined TRACON& Tower with Radar,28,8,7,0,43,0,0,30,0,30,28,8,37,0,73,123,0,123,196
06/26/2017,PSC,WA,ANM,WE,Combined TRACON& Tower with Radar,24,10,16,0,50,0,0,25,0,25,24,10,41,0,75,66,0,66,141
06/27/2017,PSC,WA,ANM,WE,Combined TRACON& Tower with Radar,28,10,15,2,55,0,3,68,0,71,28,13,83,2,126,70,24,94,220
06/28/2017,PSC,WA,ANM,WE,Combined TRACON& Tower with Radar,25,10,32,4,71,0,0,47,1,48,25,10,79,5,119,32,0,32,151
06/29/2017,PSC,WA,ANM,WE,Combined TRACON& Tower with Radar,29,13,16,0,58,0,2,42,2,46,29,15,58,2,104,57,0,57,161
06/30/2017,PSC,WA,ANM,WE,Combined TRACON& Tower with Radar,24,12,21,0,57,2,1,47,0,50,26,13,68,0,107,113,0,113,220
07/01/2017,PSC,WA,ANM,WE,Combined TRACON& Tower with Radar,14,12,15,0,41,0,2,45,0,47,14,14,60,0,88,88,0,88,176
07/02/2017,PSC,WA,ANM,WE,Combined TRACON& Tower with Radar,23,7,7,0,37,0,0,35,0,35,23,7,42,0,72,74,0,74,146
07/03/2017,PSC,WA,ANM,WE,Combined TRACON& Tower with Radar,22,9,8,0,39,0,0,40,0,40,22,9,48,0,79,40,0,40,119
07/04/2017,PSC,WA,ANM,WE,Combined TRACON& Tower with Radar,21,5,3,0,29,0,2,30,0,32,21,7,33,0,61,24,0,24,85
07/05/2017,PSC,WA,ANM,WE,Combined TRACON& Tower with Radar,22,15,28,0,65,0,1,40,0,41,22,16,68,0,106,6,0,6,112
07/06/2017,PSC,WA,ANM,WE,Combined TRACON& Tower with Radar,27,12,20,1,60,0,0,34,2,36,27,12,54,3,96,60,0,60,156
07/07/2017,PSC,WA,ANM,WE,Combined TRACON& Tower with Radar,24,10,3,0,37,0,0,30,4,34,24,10,33,4,71,102,0,102,173
07/08/2017,PSC,WA,ANM,WE,Combined TRACON& Tower with Radar,17,12,7,0,36,0,3,47,0,50,17,15,54,0,86,70,0,70,156
07/09/2017,PSC,WA,ANM,WE,Combined TRACON& Tower with Radar,28,6,8,0,42,0,0,36,0,36,28,6,44,0,78,66,0,66,144
07/10/2017,PSC,WA,ANM,WE,Combined TRACON& Tower with Radar,22,10,15,0,47,0,2,26,0,28,22,12,41,0,75,41,0,41,116
07/11/2017,PSC,WA,ANM,WE,Combined TRACON& Tower with Radar,20,14,33,0,67,0,0,63,0,63,20,14,96,0,130,37,0,37,167
07/12/2017,PSC,WA,ANM,WE,Combined TRACON& Tower with Radar,22,16,23,7,68,0,4,44,0,48,22,20,67,7,116,66,0,66,182
07/13/2017,PSC,WA,ANM,WE,Combined TRACON& Tower with Radar,31,11,18,0,60,0,7,36,0,43,31,18,54,0,103,62,0,62,165
07/14/2017,PSC,WA,ANM,WE,Combined TRACON& Tower with Radar,22,11,19,8,60,0,1,75,0,76,22,12,94,8,136,100,0,100,236
07/15/2017,PSC,WA,ANM,WE,Combined TRACON& Tower with Radar,18,10,11,6,45,0,2,40,2,44,18,12,51,8,89,167,0,167,256
07/16/2017,PSC,WA,ANM,WE,Combined TRACON& Tower with Radar,25,7,9,0,41,0,0,35,0,35,25,7,44,0,76,74,0,74,150
07/17/2017,PSC,WA,ANM,WE,Combined TRACON& Tower with Radar,22,10,13,8,53,0,0,31,0,31,22,10,44,8,84,76,0,76,160
07/18/2017,PSC,WA,ANM,WE,Combined TRACON& Tower with Radar,22,12,23,4,61,0,0,43,4,47,22,12,66,8,108,41,0,41,149
07/19/2017,PSC,WA,ANM,WE,Combined TRACON& Tower with Radar,23,13,13,2,51,0,5,51,0,56,23,18,64,2,107,28,22,50,157
07/20/2017,PSC,WA,ANM,WE,Combined TRACON& Tower with Radar,28,13,17,2,60,0,1,26,0,27,28,14,43,2,87,112,44,156,243
07/21/2017,PSC,WA,ANM,WE,Combined TRACON& Tower with Radar,25,13,8,0,46,0,3,31,0,34,25,16,39,0,80,66,0,66,146
07/22/2017,PSC,WA,ANM,WE,Combined TRACON& Tower with Radar,19,7,5,1,32,0,4,40,0,44,19,11,45,1,76,118,0,118,194
07/23/2017,PSC,WA,ANM,WE,Combined TRACON& Tower with Radar,27,6,7,4,44,0,0,33,0,33,27,6,40,4,77,117,0,117,194
07/24/2017,PSC,WA,ANM,WE,Combined TRACON& Tower with Radar,26,10,12,0,48,0,0,41,0,41,26,10,53,0,89,32,0,32,121
07/25/2017,PSC,WA,ANM,WE,Combined TRACON& Tower with Radar,21,12,19,4,56,0,0,27,0,27,21,12,46,4,83,26,40,66,149
07/26/2017,PSC,WA,ANM,WE,Combined TRACON& Tower with Radar,21,12,24,4,61,0,3,42,0,45,21,15,66,4,106,31,24,55,161
07/27/2017,PSC,WA,ANM,WE,Combined TRACON& Tower with Radar,29,14,14,0,57,0,0,58,3,61,29,14,72,3,118,44,22,66,184
07/28/2017,PSC,WA,ANM,WE,Combined TRACON& Tower with Radar,24,12,15,0,51,0,0,64,2,66,24,12,79,2,117,132,2,134,251
07/29/2017,PSC,WA,ANM,WE,Combined TRACON& Tower with Radar,19,11,5,1,36,0,2,55,2,59,19,13,60,3,95,133,0,133,228
07/30/2017,PSC,WA,ANM,WE,Combined TRACON& Tower with Radar,26,7,10,0,43,0,0,45,0,45,26,7,55,0,88,62,0,62,150
07/31/2017,PSC,WA,ANM,WE,Combined TRACON& Tower with Radar,31,8,20,1,60,0,4,38,1,43,31,12,58,2,103,43,0,43,146
08/01/2017,PSC,WA,ANM,WE,Combined TRACON& Tower with Radar,20,13,16,0,49,0,0,68,3,71,20,13,84,3,120,45,0,45,165
08/02/2017,PSC,WA,ANM,WE,Combined TRACON& Tower with Radar,24,13,16,26,79,0,0,19,1,20,24,13,35,27,99,20,21,41,140
08/03/2017,PSC,WA,ANM,WE,Combined TRACON& Tower with Radar,25,14,22,15,76,0,0,43,2,45,25,14,65,17,121,38,58,96,217
08/04/2017,PSC,WA,ANM,WE,Combined TRACON& Tower with Radar,21,22,28,12,83,0,0,13,3,16,21,22,41,15,99,20,26,46,145
08/05/2017,PSC,WA,ANM,WE,Combined TRACON& Tower with Radar,17,10,8,0,35,0,0,4,0,4,17,10,12,0,39,0,0,0,39
08/06/2017,PSC,WA,ANM,WE,Combined TRACON& Tower with Radar,24,6,8,3,41,0,0,5,0,5,24,6,13,3,46,111,0,111,157
08/07/2017,PSC,WA,ANM,WE,Combined TRACON& Tower with Radar,22,10,26,7,65,0,0,24,1,25,22,10,50,8,90,68,4,72,162
08/08/2017,PSC,WA,ANM,WE,Combined TRACON& Tower with Radar,19,12,19,0,50,0,0,28,1,29,19,12,47,1,79,77,0,77,156
08/09/2017,PSC,WA,ANM,WE,Combined TRACON& Tower with Radar,19,12,21,14,66,0,0,12,0,12,19,12,33,14,78,25,22,47,125
08/10/2017,PSC,WA,ANM,WE,Combined TRACON& Tower with Radar,27,11,13,2,53,0,0,23,0,23,27,11,36,2,76,98,33,131,207
08/11/2017,PSC,WA,ANM,WE,Combined TRACON& Tower with Radar,20,11,22,5,58,0,0,18,2,20,20,11,40,7,78,6,0,6,84
08/12/2017,PSC,WA,ANM,WE,Combined TRACON& Tower with Radar,14,13,12,1,40,0,2,23,0,25,14,15,35,1,65,4,0,4,69
08/13/2017,PSC,WA,ANM,WE,Combined TRACON& Tower with Radar,25,6,10,0,41,0,0,22,0,22,25,6,32,0,63,46,0,46,109
08/14/2017,PSC,WA,ANM,WE,Combined TRACON& Tower with Radar,19,10,16,18,63,0,2,34,0,36,19,12,50,18,99,4,24,28,127
08/15/2017,PSC,WA,ANM,WE,Combined TRACON& Tower with Radar,20,12,22,0,54,0,1,53,0,54,20,13,75,0,108,53,0,53,161
08/16/2017,PSC,WA,ANM,WE,Combined TRACON& Tower with Radar,18,14,16,3,51,0,0,45,6,51,18,14,61,9,102,54,110,164,266
08/17/2017,PSC,WA,ANM,WE,Combined TRACON& Tower with Radar,23,10,31,0,64,0,0,56,0,56,23,10,87,0,120,19,0,19,139
08/18/2017,PSC,WA,ANM,WE,Combined TRACON& Tower with Radar,20,12,21,0,53,0,0,53,2,55,20,12,74,2,108,65,0,65,173
08/19/2017,PSC,WA,ANM,WE,Combined TRACON& Tower with Radar,19,8,11,8,46,0,2,46,2,50,19,10,57,10,96,48,23,71,167
08/20/2017,PSC,WA,ANM,WE,Combined TRACON& Tower with Radar,20,6,13,0,39,0,0,51,0,51,20,6,64,0,90,82,0,82,172
08/21/2017,PSC,WA,ANM,WE,Combined TRACON& Tower with Radar,24,9,23,0,56,0,0,57,1,58,24,9,80,1,114,26,0,26,140
08/22/2017,PSC,WA,ANM,WE,Combined TRACON& Tower with Radar,18,9,28,6,61,0,3,47,1,51,18,12,75,7,112,50,0,50,162
08/23/2017,PSC,WA,ANM,WE,Combined TRACON& Tower with Radar,20,20,18,2,60,0,8,40,1,49,20,28,58,3,109,25,32,57,166
08/24/2017,PSC,WA,ANM,WE,Combined TRACON& Tower with Radar,24,13,13,1,51,0,0,51,6,57,24,13,64,7,108,28,0,28,136
08/25/2017,PSC,WA,ANM,WE,Combined TRACON& Tower with Radar,20,12,14,1,47,0,2,30,1,33,20,14,44,2,80,12,0,12,92
08/26/2017,PSC,WA,ANM,WE,Combined TRACON& Tower with Radar,16,10,14,0,40,0,3,44,0,47,16,13,58,0,87,107,0,107,194
08/27/2017,PSC,WA,ANM,WE,Combined TRACON& Tower with Radar,21,8,21,0,50,0,0,34,0,34,21,8,55,0,84,48,0,48,132
08/28/2017,PSC,WA,ANM,WE,Combined TRACON& Tower with Radar,18,14,16,0,48,0,0,25,2,27,18,14,41,2,75,6,0,6,81
08/29/2017,PSC,WA,ANM,WE,Combined TRACON& Tower with Radar,19,14,21,2,56,0,2,27,2,31,19,16,48,4,87,14,12,26,113
08/30/2017,PSC,WA,ANM,WE,Combined TRACON& Tower with Radar,18,15,17,0,50,0,0,24,1,25,18,15,41,1,75,17,0,17,92
08/31/2017,PSC,WA,ANM,WE,Combined TRACON& Tower with Radar,22,13,22,0,57,0,1,40,5,46,22,14,62,5,103,67,0,67,170
09/01/2017,PSC,WA,ANM,WE,Combined TRACON& Tower with Radar,20,15,9,0,44,0,0,32,0,32,20,15,41,0,76,52,0,52,128
09/02/2017,PSC,WA,ANM,WE,Combined TRACON& Tower with Radar,13,11,7,0,31,0,2,28,0,30,13,13,35,0,61,31,0,31,92
09/03/2017,PSC,WA,ANM,WE,Combined TRACON& Tower with Radar,19,6,2,0,27,0,0,19,0,19,19,6,21,0,46,98,0,98,144
09/04/2017,PSC,WA,ANM,WE,Combined TRACON& Tower with Radar,18,8,14,0,40,0,0,25,0,25,18,8,39,0,65,55,0,55,120
09/05/2017,PSC,WA,ANM,WE,Combined TRACON& Tower with Radar,22,16,18,0,56,0,0,0,0,0,22,16,18,0,56,0,0,0,56
09/06/2017,PSC,WA,ANM,WE,Combined TRACON& Tower with Radar,23,14,18,0,55,0,0,4,0,4,23,14,22,0,59,0,0,0,59
09/07/2017,PSC,WA,ANM,WE,Combined TRACON& Tower with Radar,26,17,36,0,79,0,0,2,0,2,26,17,38,0,81,0,0,0,81
09/08/2017,PSC,WA,ANM,WE,Combined TRACON& Tower with Radar,21,15,19,0,55,0,0,12,0,12,21,15,31,0,67,36,0,36,103
09/09/2017,PSC,WA,ANM,WE,Combined TRACON& Tower with Radar,17,11,11,0,39,0,0,27,0,27,17,11,38,0,66,24,0,24,90
09/10/2017,PSC,WA,ANM,WE,Combined TRACON& Tower with Radar,21,9,7,0,37,0,0,35,0,35,21,9,42,0,72,51,0,51,123
09/11/2017,PSC,WA,ANM,WE,Combined TRACON& Tower with Radar,21,13,8,0,42,0,0,16,0,16,21,13,24,0,58,41,0,41,99
09/12/2017,PSC,WA,ANM,WE,Combined TRACON& Tower with Radar,22,15,13,4,54,0,1,26,0,27,22,16,39,4,81,8,46,54,135
09/13/2017,PSC,WA,ANM,WE,Combined TRACON& Tower with Radar,18,15,17,0,50,0,3,11,0,14,18,18,28,0,64,8,0,8,72
09/14/2017,PSC,WA,ANM,WE,Combined TRACON& Tower with Radar,23,17,20,0,60,0,0,26,6,32,23,17,46,6,92,34,0,34,126
09/15/2017,PSC,WA,ANM,WE,Combined TRACON& Tower with Radar,19,13,13,0,45,0,2,27,0,29,19,15,40,0,74,18,0,18,92
09/16/2017,PSC,WA,ANM,WE,Combined TRACON& Tower with Radar,14,14,14,0,42,0,1,28,0,29,14,15,42,0,71,17,0,17,88
09/17/2017,PSC,WA,ANM,WE,Combined TRACON& Tower with Radar,27,10,7,0,44,0,1,26,0,27,27,11,33,0,71,46,0,46,117
09/18/2017,PSC,WA,ANM,WE,Combined TRACON& Tower with Radar,21,14,21,0,56,0,0,4,0,4,21,14,25,0,60,14,0,14,74
09/19/2017,PSC,WA,ANM,WE,Combined TRACON& Tower with Radar,19,14,16,2,51,0,0,2,0,2,19,14,18,2,53,0,0,0,53
09/20/2017,PSC,WA,ANM,WE,Combined TRACON& Tower with Radar,21,15,20,3,59,0,1,14,4,19,21,16,34,7,78,14,1,15,93
09/21/2017,PSC,WA,ANM,WE,Combined TRACON& Tower with Radar,25,15,23,2,65,0,0,34,1,35,25,15,57,3,100,60,0,60,160
09/22/2017,PSC,WA,ANM,WE,Combined TRACON& Tower with Radar,21,19,16,0,56,0,2,38,1,41,21,21,54,1,97,55,0,55,152
09/23/2017,PSC,WA,ANM,WE,Combined TRACON& Tower with Radar,13,13,4,0,30,0,2,43,0,45,13,15,47,0,75,88,0,88,163
09/24/2017,PSC,WA,ANM,WE,Combined TRACON& Tower with Radar,23,9,9,0,41,0,0,49,0,49,23,9,58,0,90,97,0,97,187
09/25/2017,PSC,WA,ANM,WE,Combined TRACON& Tower with Radar,20,19,15,2,56,0,0,25,0,25,20,19,40,2,81,43,24,67,148
09/26/2017,PSC,WA,ANM,WE,Combined TRACON& Tower with Radar,20,16,10,9,55,0,0,31,5,36,20,16,41,14,91,17,32,49,140
09/27/2017,PSC,WA,ANM,WE,Combined TRACON& Tower with Radar,19,18,15,2,54,0,0,36,2,38,19,18,51,4,92,8,0,8,100
09/28/2017,PSC,WA,ANM,WE,Combined TRACON& Tower with Radar,24,15,23,2,64,0,0,57,3,60,24,15,80,5,124,61,0,61,185
09/29/2017,PSC,WA,ANM,WE,Combined TRACON& Tower with Radar,23,13,23,2,61,0,0,41,0,41,23,13,64,2,102,25,0,25,127
09/30/2017,PSC,WA,ANM,WE,Combined TRACON& Tower with Radar,15,10,10,0,35,0,2,45,0,47,15,12,55,0,82,46,0,46,128
10/01/2017,PSC,WA,ANM,WE,Combined TRACON& Tower with Radar,18,17,13,0,48,0,0,25,0,25,18,17,38,0,73,29,0,29,102
10/02/2017,PSC,WA,ANM,WE,Combined TRACON& Tower with Radar,15,22,12,0,49,0,0,20,0,20,15,22,32,0,69,29,0,29,98
10/03/2017,PSC,WA,ANM,WE,Combined TRACON& Tower with Radar,13,19,14,0,46,0,0,30,0,30,13,19,44,0,76,8,0,8,84
10/04/2017,PSC,WA,ANM,WE,Combined TRACON& Tower with Radar,12,24,18,0,54,0,0,36,3,39,12,24,54,3,93,61,0,61,154
10/05/2017,PSC,WA,ANM,WE,Combined TRACON& Tower with Radar,17,22,20,0,59,4,0,50,1,55,21,22,70,1,114,63,0,63,177
10/06/2017,PSC,WA,ANM,WE,Combined TRACON& Tower with Radar,10,24,10,6,50,0,0,29,0,29,10,24,39,6,79,7,9,16,95
10/07/2017,PSC,WA,ANM,WE,Combined TRACON& Tower with Radar,12,14,5,0,31,0,2,18,0,20,12,16,23,0,51,3,0,3,54
10/08/2017,PSC,WA,ANM,WE,Combined TRACON& Tower with Radar,16,17,4,0,37,0,1,39,0,40,16,18,43,0,77,78,0,78,155
10/09/2017,PSC,WA,ANM,WE,Combined TRACON& Tower with Radar,15,20,21,0,56,0,0,31,1,32,15,20,52,1,88,14,0,14,102
10/10/2017,PSC,WA,ANM,WE,Combined TRACON& Tower with Radar,14,24,5,8,51,0,1,20,0,21,14,25,25,8,72,20,0,20,92
10/11/2017,PSC,WA,ANM,WE,Combined TRACON& Tower with Radar,13,25,21,14,73,0,5,27,0,32,13,30,48,14,105,86,14,100,205
10/12/2017,PSC,WA,ANM,WE,Combined TRACON& Tower with Radar,17,24,23,15,79,0,2,23,1,26,17,26,46,16,105,22,0,22,127
10/13/2017,PSC,WA,ANM,WE,Combined TRACON& Tower with Radar,14,26,19,0,59,0,2,25,1,28,14,28,44,1,87,84,0,84,171
10/14/2017,PSC,WA,ANM,WE,Combined TRACON& Tower with Radar,14,16,7,7,44,0,1,20,0,21,14,17,27,7,65,71,0,71,136
10/15/2017,PSC,WA,ANM,WE,Combined TRACON& Tower with Radar,16,17,11,0,44,0,4,39,0,43,16,21,50,0,87,55,0,55,142
10/16/2017,PSC,WA,ANM,WE,Combined TRACON& Tower with Radar,19,19,25,0,63,0,1,29,0,30,19,20,54,0,93,7,0,7,100
10/17/2017,PSC,WA,ANM,WE,Combined TRACON& Tower with Radar,13,23,27,8,71,0,0,11,0,11,13,23,38,8,82,0,6,6,88
10/18/2017,PSC,WA,ANM,WE,Combined TRACON& Tower with Radar,14,21,18,0,53,0,2,25,0,27,14,23,43,0,80,42,0,42,122
10/19/2017,PSC,WA,ANM,WE,Combined TRACON& Tower with Radar,22,22,12,10,66,0,0,24,0,24,22,22,36,10,90,29,20,49,139
10/20/2017,PSC,WA,ANM,WE,Combined TRACON& Tower with Radar,15,25,12,0,52,0,4,12,1,17,15,29,24,1,69,8,0,8,77
10/21/2017,PSC,WA,ANM,WE,Combined TRACON& Tower with Radar,10,15,11,0,36,0,0,16,0,16,10,15,27,0,52,94,0,94,146
10/22/2017,PSC,WA,ANM,WE,Combined TRACON& Tower with Radar,19,16,11,0,46,0,0,4,0,4,19,16,15,0,50,5,0,5,55
10/23/2017,PSC,WA,ANM,WE,Combined TRACON& Tower with Radar,12,22,19,0,53,0,2,37,3,42,12,24,56,3,95,43,0,43,138
10/24/2017,PSC,WA,ANM,WE,Combined TRACON& Tower with Radar,10,25,16,0,51,0,3,55,0,58,10,28,71,0,109,36,0,36,145
10/25/2017,PSC,WA,ANM,WE,Combined TRACON& Tower with Radar,10,26,17,2,55,0,1,27,3,31,10,27,44,5,86,26,36,62,148
10/26/2017,PSC,WA,ANM,WE,Combined TRACON& Tower with Radar,25,20,17,12,74,0,5,39,0,44,25,25,56,12,118,114,0,114,232
10/27/2017,PSC,WA,ANM,WE,Combined TRACON& Tower with Radar,13,26,19,4,62,0,6,42,0,48,13,32,61,4,110,34,0,34,144
10/28/2017,PSC,WA,ANM,WE,Combined TRACON& Tower with Radar,15,17,11,1,44,0,2,40,2,44,15,19,51,3,88,70,6,76,164
10/29/2017,PSC,WA,ANM,WE,Combined TRACON& Tower with Radar,19,14,19,0,52,0,2,40,0,42,19,16,59,0,94,138,0,138,232
10/30/2017,PSC,WA,ANM,WE,Combined TRACON& Tower with Radar,13,17,22,0,52,0,0,27,0,27,13,17,49,0,79,22,0,22,101
10/31/2017,PSC,WA,ANM,WE,Combined TRACON& Tower with Radar,17,18,19,0,54,0,6,23,0,29,17,24,42,0,83,38,5,43,126
11/01/2017,PSC,WA,ANM,WE,Combined TRACON& Tower with Radar,17,22,24,4,67,0,0,16,2,18,17,22,40,6,85,25,0,25,110
11/02/2017,PSC,WA,ANM,WE,Combined TRACON& Tower with Radar,21,20,32,16,89,0,0,19,5,24,21,20,51,21,113,40,36,76,189
11/03/2017,PSC,WA,ANM,WE,Combined TRACON& Tower with Radar,19,21,18,24,82,0,2,15,1,18,19,23,33,25,100,51,35,86,186
11/04/2017,PSC,WA,ANM,WE,Combined TRACON& Tower with Radar,15,14,24,0,53,0,1,25,2,28,15,15,49,2,81,59,0,59,140
11/05/2017,PSC,WA,ANM,WE,Combined TRACON& Tower with Radar,16,18,12,0,46,0,0,0,0,0,16,18,12,0,46,0,0,0,46
11/06/2017,PSC,WA,ANM,WE,Combined TRACON& Tower with Radar,16,18,10,0,44,0,1,31,0,32,16,19,41,0,76,80,0,80,156
11/07/2017,PSC,WA,ANM,WE,Combined TRACON& Tower with Radar,15,22,8,0,45,0,0,20,1,21,15,22,28,1,66,73,0,73,139
11/08/2017,PSC,WA,ANM,WE,Combined TRACON& Tower with Radar,13,22,17,4,56,0,0,17,3,20,13,22,34,7,76,25,27,52,128
11/09/2017,PSC,WA,ANM,WE,Combined TRACON& Tower with Radar,18,18,17,8,61,0,0,3,0,3,18,18,20,8,64,113,72,185,249
11/10/2017,PSC,WA,ANM,WE,Combined TRACON& Tower with Radar,16,20,26,0,62,0,0,3,0,3,16,20,29,0,65,0,0,0,65
11/11/2017,PSC,WA,ANM,WE,Combined TRACON& Tower with Radar,11,21,9,0,41,0,1,18,0,19,11,22,27,0,60,113,0,113,173
11/12/2017,PSC,WA,ANM,WE,Combined TRACON& Tower with Radar,16,18,13,0,47,0,0,6,1,7,16,18,19,1,54,38,0,38,92
11/13/2017,PSC,WA,ANM,WE,Combined TRACON& Tower with Radar,13,21,21,3,58,0,0,0,0,0,13,21,21,3,58,85,13,98,156
11/14/2017,PSC,WA,ANM,WE,Combined TRACON& Tower with Radar,15,16,30,12,73,0,2,29,16,47,15,18,59,28,120,89,70,159,279
11/15/2017,PSC,WA,ANM,WE,Combined TRACON& Tower with Radar,14,18,28,12,72,0,0,25,1,26,14,18,53,13,98,34,31,65,163
11/16/2017,PSC,WA,ANM,WE,Combined TRACON& Tower with Radar,15,18,13,6,52,0,0,22,0,22,15,18,35,6,74,63,52,115,189
11/17/2017,PSC,WA,ANM,WE,Combined TRACON& Tower with Radar,18,18,23,0,59,0,4,30,0,34,18,22,53,0,93,44,0,44,137
11/18/2017,PSC,WA,ANM,WE,Combined TRACON& Tower with Radar,12,15,10,2,39,0,4,71,2,77,12,19,81,4,116,139,0,139,255
11/19/2017,PSC,WA,ANM,WE,Combined TRACON& Tower with Radar,15,14,7,0,36,0,0,22,0,22,15,14,29,0,58,94,0,94,152
11/20/2017,PSC,WA,ANM,WE,Combined TRACON& Tower with Radar,16,16,11,11,54,0,0,2,0,2,16,16,13,11,56,35,22,57,113
11/21/2017,PSC,WA,ANM,WE,Combined TRACON& Tower with Radar,16,16,5,15,52,0,0,0,1,1,16,16,5,16,53,0,3,3,56
11/22/2017,PSC,WA,ANM,WE,Combined TRACON& Tower with Radar,14,20,17,0,51,0,0,2,0,2,14,20,19,0,53,6,0,6,59
11/23/2017,PSC,WA,ANM,WE,Combined TRACON& Tower with Radar,8,10,0,0,18,0,0,4,0,4,8,10,4,0,22,5,0,5,27
11/24/2017,PSC,WA,ANM,WE,Combined TRACON& Tower with Radar,12,17,9,2,40,0,0,20,0,20,12,17,29,2,60,47,0,47,107
11/25/2017,PSC,WA,ANM,WE,Combined TRACON& Tower with Radar,13,20,4,0,37,0,2,24,0,26,13,22,28,0,63,73,0,73,136
11/26/2017,PSC,WA,ANM,WE,Combined TRACON& Tower with Radar,17,16,8,0,41,0,0,16,0,16,17,16,24,0,57,111,0,111,168
11/27/2017,PSC,WA,ANM,WE,Combined TRACON& Tower with Radar,15,18,7,9,49,0,0,24,0,24,15,18,31,9,73,129,54,183,256
11/28/2017,PSC,WA,ANM,WE,Combined TRACON& Tower with Radar,18,16,10,6,50,0,0,9,2,11,18,16,19,8,61,30,18,48,109
11/29/2017,PSC,WA,ANM,WE,Combined TRACON& Tower with Radar,16,19,18,12,65,0,0,38,6,44,16,19,56,18,109,42,0,42,151
11/30/2017,PSC,WA,ANM,WE,Combined TRACON& Tower with Radar,18,25,14,0,57,0,1,15,0,16,18,26,29,0,73,55,0,55,128
12/01/2017,PSC,WA,ANM,WE,Combined TRACON& Tower with Radar,25,14,14,0,53,0,0,0,0,0,25,14,14,0,53,0,0,0,53
12/02/2017,PSC,WA,ANM,WE,Combined TRACON& Tower with Radar,23,15,7,0,45,0,0,0,0,0,23,15,7,0,45,0,0,0,45
12/03/2017,PSC,WA,ANM,WE,Combined TRACON& Tower with Radar,19,10,9,0,38,0,0,23,0,23,19,10,32,0,61,59,0,59,120
12/04/2017,PSC,WA,ANM,WE,Combined TRACON& Tower with Radar,20,14,4,0,38,0,1,25,1,27,20,15,29,1,65,30,0,30,95
12/05/2017,PSC,WA,ANM,WE,Combined TRACON& Tower with Radar,19,18,17,0,54,0,0,34,0,34,19,18,51,0,88,36,0,36,124
12/06/2017,PSC,WA,ANM,WE,Combined TRACON& Tower with Radar,20,20,27,0,67,0,0,30,0,30,20,20,57,0,97,10,0,10,107
12/07/2017,PSC,WA,ANM,WE,Combined TRACON& Tower with Radar,22,18,15,1,56,0,0,0,0,0,22,18,15,1,56,0,0,0,56
12/08/2017,PSC,WA,ANM,WE,Combined TRACON& Tower with Radar,22,26,4,0,52,0,0,0,0,0,22,26,4,0,52,6,0,6,58
12/09/2017,PSC,WA,ANM,WE,Combined TRACON& Tower with Radar,17,12,13,12,54,0,0,6,0,6,17,12,19,12,60,114,29,143,203
12/10/2017,PSC,WA,ANM,WE,Combined TRACON& Tower with Radar,21,12,19,0,52,0,0,7,0,7,21,12,26,0,59,43,0,43,102
12/11/2017,PSC,WA,ANM,WE,Combined TRACON& Tower with Radar,31,15,10,0,56,0,0,3,0,3,31,15,13,0,59,0,0,0,59
12/12/2017,PSC,WA,ANM,WE,Combined TRACON& Tower with Radar,17,17,21,4,59,0,0,4,0,4,17,17,25,4,63,0,0,0,63
12/13/2017,PSC,WA,ANM,WE,Combined TRACON& Tower with Radar,20,17,13,0,50,0,0,3,0,3,20,17,16,0,53,26,0,26,79
12/14/2017,PSC,WA,ANM,WE,Combined TRACON& Tower with Radar,20,18,13,0,51,0,0,1,0,1,20,18,14,0,52,0,0,0,52
12/15/2017,PSC,WA,ANM,WE,Combined TRACON& Tower with Radar,18,18,8,0,44,0,0,2,0,2,18,18,10,0,46,10,0,10,56
12/16/2017,PSC,WA,ANM,WE,Combined TRACON& Tower with Radar,15,19,11,0,45,0,0,2,0,2,15,19,13,0,47,11,0,11,58
12/17/2017,PSC,WA,ANM,WE,Combined TRACON& Tower with Radar,21,10,15,0,46,0,0,0,0,0,21,10,15,0,46,0,0,0,46
12/18/2017,PSC,WA,ANM,WE,Combined TRACON& Tower with Radar,21,15,25,0,61,0,1,13,0,14,21,16,38,0,75,10,0,10,85
12/19/2017,PSC,WA,ANM,WE,Combined TRACON& Tower with Radar,25,13,2,15,55,0,0,2,6,8,25,13,4,21,63,10,48,58,121
12/20/2017,PSC,WA,ANM,WE,Combined TRACON& Tower with Radar,16,18,14,0,48,0,0,22,0,22,16,18,36,0,70,40,0,40,110
12/21/2017,PSC,WA,ANM,WE,Combined TRACON& Tower with Radar,14,21,15,4,54,0,1,33,3,37,14,22,48,7,91,34,0,34,125
12/22/2017,PSC,WA,ANM,WE,Combined TRACON& Tower with Radar,15,23,7,0,45,0,0,4,0,4,15,23,11,0,49,0,0,0,49
12/23/2017,PSC,WA,ANM,WE,Combined TRACON& Tower with Radar,12,21,8,0,41,0,3,35,0,38,12,24,43,0,79,66,0,66,145
12/24/2017,PSC,WA,ANM,WE,Combined TRACON& Tower with Radar,14,13,1,0,28,0,0,6,0,6,14,13,7,0,34,2,0,2,36
12/25/2017,PSC,WA,ANM,WE,Combined TRACON& Tower with Radar,12,11,0,0,23,0,0,0,1,1,12,11,0,1,24,2,0,2,26
12/26/2017,PSC,WA,ANM,WE,Combined TRACON& Tower with Radar,16,20,8,0,44,0,0,5,0,5,16,20,13,0,49,0,0,0,49
12/27/2017,PSC,WA,ANM,WE,Combined TRACON& Tower with Radar,13,20,10,10,53,0,0,0,0,0,13,20,10,10,53,0,0,0,53
12/28/2017,PSC,WA,ANM,WE,Combined TRACON& Tower with Radar,13,20,8,0,41,0,0,0,0,0,13,20,8,0,41,0,0,0,41
12/29/2017,PSC,WA,ANM,WE,Combined TRACON& Tower with Radar,15,20,4,0,39,0,0,0,0,0,15,20,4,0,39,0,0,0,39
12/30/2017,PSC,WA,ANM,WE,Combined TRACON& Tower with Radar,14,22,10,0,46,0,1,23,0,24,14,23,33,0,70,131,0,131,201
12/31/2017,PSC,WA,ANM,WE,Combined TRACON& Tower with Radar,13,17,6,0,36,0,0,20,0,20,13,17,26,0,56,65,0,65,121
01/01/2018,PSC,WA,ANM,WE,Combined TRACON& Tower with Radar,11,13,4,0,28,0,0,17,0,17,11,13,21,0,45,28,0,28,73
01/02/2018,PSC,WA,ANM,WE,Combined TRACON& Tower with Radar,15,19,5,0,39,0,0,5,0,5,15,19,10,0,44,26,0,26,70
01/03/2018,PSC,WA,ANM,WE,Combined TRACON& Tower with Radar,15,24,33,17,89,0,3,14,3,20,15,27,47,20,109,28,13,41,150
01/04/2018,PSC,WA,ANM,WE,Combined TRACON& Tower with Radar,15,21,22,1,59,0,0,25,3,28,15,21,47,4,87,26,0,26,113
01/05/2018,PSC,WA,ANM,WE,Combined TRACON& Tower with Radar,14,22,6,0,42,0,0,3,0,3,14,22,9,0,45,28,0,28,73
01/06/2018,PSC,WA,ANM,WE,Combined TRACON& Tower with Radar,9,17,7,0,33,0,1,26,0,27,9,18,33,0,60,88,0,88,148
01/07/2018,PSC,WA,ANM,WE,Combined TRACON& Tower with Radar,16,17,6,0,39,0,0,0,0,0,16,17,6,0,39,0,0,0,39
01/08/2018,PSC,WA,ANM,WE,Combined TRACON& Tower with Radar,16,30,17,0,63,0,0,2,0,2,16,30,19,0,65,14,0,14,79
01/09/2018,PSC,WA,ANM,WE,Combined TRACON& Tower with Radar,12,23,29,5,69,0,0,1,2,3,12,23,30,7,72,5,0,5,77
01/10/2018,PSC,WA,ANM,WE,Combined TRACON& Tower with Radar,12,20,11,2,45,0,1,10,1,12,12,21,21,3,57,6,0,6,63
01/11/2018,PSC,WA,ANM,WE,Combined TRACON& Tower with Radar,18,19,19,48,104,0,0,0,0,0,18,19,19,48,104,0,0,0,104
01/12/2018,PSC,WA,ANM,WE,Combined TRACON& Tower with Radar,16,20,13,11,60,0,0,18,0,18,16,20,31,11,78,39,63,102,180
01/13/2018,PSC,WA,ANM,WE,Combined TRACON& Tower with Radar,11,14,6,0,31,0,1,33,0,34,11,15,39,0,65,117,0,117,182
01/14/2018,PSC,WA,ANM,WE,Combined TRACON& Tower with Radar,13,16,13,0,42,0,0,3,0,3,13,16,16,0,45,55,0,55,100
01/15/2018,PSC,WA,ANM,WE,Combined TRACON& Tower with Radar,13,19,14,0,46,0,0,0,0,0,13,19,14,0,46,0,0,0,46
01/16/2018,PSC,WA,ANM,WE,Combined TRACON& Tower with Radar,11,24,18,22,75,0,0,13,0,13,11,24,31,22,88,41,0,41,129
01/17/2018,PSC,WA,ANM,WE,Combined TRACON& Tower with Radar,12,25,11,0,48,0,0,4,0,4,12,25,15,0,52,23,0,23,75
01/18/2018,PSC,WA,ANM,WE,Combined TRACON& Tower with Radar,15,21,24,16,76,0,0,32,1,33,15,21,56,17,109,23,42,65,174
01/19/2018,PSC,WA,ANM,WE,Combined TRACON& Tower with Radar,14,21,16,4,55,0,1,20,2,23,14,22,36,6,78,46,0,46,124
01/20/2018,PSC,WA,ANM,WE,Combined TRACON& Tower with Radar,11,15,10,0,36,0,4,19,1,24,11,19,29,1,60,53,0,53,113
01/21/2018,PSC,WA,ANM,WE,Combined TRACON& Tower with Radar,14,14,8,0,36,0,0,3,0,3,14,14,11,0,39,10,0,10,49
01/22/2018,PSC,WA,ANM,WE,Combined TRACON& Tower with Radar,18,17,17,0,52,0,0,20,0,20,18,17,37,0,72,9,0,9,81
01/23/2018,PSC,WA,ANM,WE,Combined TRACON& Tower with Radar,12,22,16,0,50,0,0,2,2,4,12,22,18,2,54,4,0,4,58
01/24/2018,PSC,WA,ANM,WE,Combined TRACON& Tower with Radar,12,25,12,15,64,0,0,4,1,5,12,25,16,16,69,2,0,2,71
01/25/2018,PSC,WA,ANM,WE,Combined TRACON& Tower with Radar,15,21,18,21,75,0,0,5,3,8,15,21,23,24,83,63,0,63,146
01/26/2018,PSC,WA,ANM,WE,Combined TRACON& Tower with Radar,14,20,17,2,53,0,0,18,2,20,14,20,35,4,73,0,0,0,73
01/27/2018,PSC,WA,ANM,WE,Combined TRACON& Tower with Radar,12,18,11,2,43,0,1,8,0,9,12,19,19,2,52,24,57,81,133
01/28/2018,PSC,WA,ANM,WE,Combined TRACON& Tower with Radar,16,14,11,0,41,0,0,0,0,0,16,14,11,0,41,0,0,0,41
01/29/2018,PSC,WA,ANM,WE,Combined TRACON& Tower with Radar,14,19,17,0,50,0,0,0,0,0,14,19,17,0,50,0,0,0,50
01/30/2018,PSC,WA,ANM,WE,Combined TRACON& Tower with Radar,12,21,14,0,47,0,1,16,0,17,12,22,30,0,64,5,0,5,69
01/31/2018,PSC,WA,ANM,WE,Combined TRACON& Tower with Radar,13,21,17,0,51,0,0,23,0,23,13,21,40,0,74,22,0,22,96
02/01/2018,PSC,WA,ANM,WE,Combined TRACON& Tower with Radar,15,19,22,2,58,0,0,23,2,25,15,19,45,4,83,6,50,56,139
02/02/2018,PSC,WA,ANM,WE,Combined TRACON& Tower with Radar,14,27,16,13,70,0,0,12,0,12,14,27,28,13,82,13,0,13,95
02/03/2018,PSC,WA,ANM,WE,Combined TRACON& Tower with Radar,12,15,5,0,32,0,2,4,0,6,12,17,9,0,38,19,0,19,57
02/04/2018,PSC,WA,ANM,WE,Combined TRACON& Tower with Radar,14,13,4,0,31,0,0,8,0,8,14,13,12,0,39,53,0,53,92
02/05/2018,PSC,WA,ANM,WE,Combined TRACON& Tower with Radar,13,20,14,0,47,0,0,29,0,29,13,20,43,0,76,62,0,62,138
02/06/2018,PSC,WA,ANM,WE,Combined TRACON& Tower with Radar,11,25,11,0,47,0,0,44,1,45,11,25,55,1,92,43,0,43,135
02/07/2018,PSC,WA,ANM,WE,Combined TRACON& Tower with Radar,13,19,20,14,66,0,0,25,3,28,13,19,45,17,94,29,10,39,133
02/08/2018,PSC,WA,ANM,WE,Combined TRACON& Tower with Radar,14,19,21,1,55,0,0,22,4,26,14,19,43,5,81,16,0,16,97
02/09/2018,PSC,WA,ANM,WE,Combined TRACON& Tower with Radar,14,21,15,0,50,0,2,46,1,49,14,23,61,1,99,57,0,57,156
02/10/2018,PSC,WA,ANM,WE,Combined TRACON& Tower with Radar,12,15,11,2,40,0,2,46,1,49,12,17,57,3,89,114,0,114,203
02/11/2018,PSC,WA,ANM,WE,Combined TRACON& Tower with Radar,13,15,10,0,38,0,0,14,0,14,13,15,24,0,52,64,0,64,116
02/12/2018,PSC,WA,ANM,WE,Combined TRACON& Tower with Radar,15,19,14,0,48,0,0,11,1,12,15,19,25,1,60,0,0,0,60
02/13/2018,PSC,WA,ANM,WE,Combined TRACON& Tower with Radar,13,21,11,10,55,0,0,31,2,33,13,21,42,12,88,11,0,11,99
02/14/2018,PSC,WA,ANM,WE,Combined TRACON& Tower with Radar,12,22,14,2,50,0,0,12,3,15,12,22,26,5,65,18,0,18,83
02/15/2018,PSC,WA,ANM,WE,Combined TRACON& Tower with Radar,18,23,30,0,71,0,0,41,2,43,18,23,71,2,114,13,0,13,127
02/16/2018,PSC,WA,ANM,WE,Combined TRACON& Tower with Radar,15,19,14,0,48,0,0,6,0,6,15,19,20,0,54,0,0,0,54
02/17/2018,PSC,WA,ANM,WE,Combined TRACON& Tower with Radar,7,16,4,0,27,0,1,2,0,3,7,17,6,0,30,9,0,9,39
02/18/2018,PSC,WA,ANM,WE,Combined TRACON& Tower with Radar,13,13,5,0,31,0,0,2,0,2,13,13,7,0,33,0,0,0,33
02/19/2018,PSC,WA,ANM,WE,Combined TRACON& Tower with Radar,14,19,17,0,50,0,0,22,0,22,14,19,39,0,72,21,0,21,93
02/20/2018,PSC,WA,ANM,WE,Combined TRACON& Tower with Radar,14,17,18,0,49,2,0,23,0,25,16,17,41,0,74,53,0,53,127
02/21/2018,PSC,WA,ANM,WE,Combined TRACON& Tower with Radar,13,19,27,13,72,0,2,19,2,23,13,21,46,15,95,13,15,28,123
02/22/2018,PSC,WA,ANM,WE,Combined TRACON& Tower with Radar,14,19,14,1,48,0,0,22,0,22,14,19,36,1,70,26,0,26,96
02/23/2018,PSC,WA,ANM,WE,Combined TRACON& Tower with Radar,14,21,11,2,48,0,0,22,2,24,14,21,33,4,72,4,0,4,76
02/24/2018,PSC,WA,ANM,WE,Combined TRACON& Tower with Radar,15,16,9,0,40,0,3,16,0,19,15,19,25,0,59,16,0,16,75
02/25/2018,PSC,WA,ANM,WE,Combined TRACON& Tower with Radar,15,15,13,1,44,0,0,0,0,0,15,15,13,1,44,0,0,0,44
02/26/2018,PSC,WA,ANM,WE,Combined TRACON& Tower with Radar,14,22,15,1,52,0,1,45,2,48,14,23,60,3,100,61,0,61,161
02/27/2018,PSC,WA,ANM,WE,Combined TRACON& Tower with Radar,13,21,14,2,50,0,0,12,5,17,13,21,26,7,67,4,0,4,71
02/28/2018,PSC,WA,ANM,WE,Combined TRACON& Tower with Radar,12,23,9,2,46,0,0,18,3,21,12,23,27,5,67,0,0,0,67
03/01/2018,PSC,WA,ANM,WE,Combined TRACON& Tower with Radar,19,14,18,3,54,0,0,5,0,5,19,14,23,3,59,0,25,25,84
03/02/2018,PSC,WA,ANM,WE,Combined TRACON& Tower with Radar,17,21,18,7,63,0,4,17,0,21,17,25,35,7,84,55,0,55,139
03/03/2018,PSC,WA,ANM,WE,Combined TRACON& Tower with Radar,13,13,4,0,30,0,2,41,0,43,13,15,45,0,73,46,0,46,119
03/04/2018,PSC,WA,ANM,WE,Combined TRACON& Tower with Radar,20,12,17,0,49,0,0,36,0,36,20,12,53,0,85,39,0,39,124
03/05/2018,PSC,WA,ANM,WE,Combined TRACON& Tower with Radar,21,12,8,16,57,0,0,30,0,30,21,12,38,16,87,54,0,54,141
03/06/2018,PSC,WA,ANM,WE,Combined TRACON& Tower with Radar,20,16,23,0,59,0,1,44,0,45,20,17,67,0,104,67,0,67,171
03/07/2018,PSC,WA,ANM,WE,Combined TRACON& Tower with Radar,19,17,32,1,69,0,0,39,1,40,19,17,71,2,109,48,0,48,157
03/08/2018,PSC,WA,ANM,WE,Combined TRACON& Tower with Radar,21,19,11,5,56,0,3,12,0,15,21,22,23,5,71,63,17,80,151
03/09/2018,PSC,WA,ANM,WE,Combined TRACON& Tower with Radar,24,15,12,2,53,0,0,19,4,23,24,15,31,6,76,66,0,66,142
03/10/2018,PSC,WA,ANM,WE,Combined TRACON& Tower with Radar,13,13,12,0,38,0,2,46,0,48,13,15,58,0,86,72,0,72,158
03/11/2018,PSC,WA,ANM,WE,Combined TRACON& Tower with Radar,22,8,13,0,43,0,2,23,0,25,22,10,36,0,68,8,0,8,76
03/12/2018,PSC,WA,ANM,WE,Combined TRACON& Tower with Radar,26,11,16,2,55,0,0,61,0,61,26,11,77,2,116,57,0,57,173
03/13/2018,PSC,WA,ANM,WE,Combined TRACON& Tower with Radar,22,14,9,1,46,0,0,36,4,40,22,14,45,5,86,64,0,64,150
03/14/2018,PSC,WA,ANM,WE,Combined TRACON& Tower with Radar,21,14,17,7,59,0,1,15,1,17,21,15,32,8,76,42,0,42,118
03/15/2018,PSC,WA,ANM,WE,Combined TRACON& Tower with Radar,23,11,20,0,54,0,0,54,0,54,23,11,74,0,108,109,0,109,217
03/16/2018,PSC,WA,ANM,WE,Combined TRACON& Tower with Radar,25,11,15,0,51,0,1,49,3,53,25,12,64,3,104,78,0,78,182
03/17/2018,PSC,WA,ANM,WE,Combined TRACON& Tower with Radar,15,11,11,0,37,0,1,23,1,25,15,12,34,1,62,70,0,70,132
03/18/2018,PSC,WA,ANM,WE,Combined TRACON& Tower with Radar,23,9,9,0,41,0,1,27,0,28,23,10,36,0,69,16,0,16,85
03/19/2018,PSC,WA,ANM,WE,Combined TRACON& Tower with Radar,24,12,9,7,52,0,2,34,0,36,24,14,43,7,88,75,8,83,171
03/20/2018,PSC,WA,ANM,WE,Combined TRACON& Tower with Radar,24,11,8,2,45,0,3,50,0,53,24,14,58,2,98,94,0,94,192
03/21/2018,PSC,WA,ANM,WE,Combined TRACON& Tower with Radar,21,11,19,16,67,0,0,31,2,33,21,11,50,18,100,44,0,44,144
03/22/2018,PSC,WA,ANM,WE,Combined TRACON& Tower with Radar,25,13,24,5,67,0,0,13,1,14,25,13,37,6,81,23,12,35,116
03/23/2018,PSC,WA,ANM,WE,Combined TRACON& Tower with Radar,26,17,23,0,66,0,0,15,0,15,26,17,38,0,81,52,0,52,133
03/24/2018,PSC,WA,ANM,WE,Combined TRACON& Tower with Radar,14,15,5,0,34,0,0,8,0,8,14,15,13,0,42,29,0,29,71
03/25/2018,PSC,WA,ANM,WE,Combined TRACON& Tower with Radar,23,7,15,0,45,0,0,20,0,20,23,7,35,0,65,87,0,87,152
03/26/2018,PSC,WA,ANM,WE,Combined TRACON& Tower with Radar,22,11,15,0,48,0,0,31,0,31,22,11,46,0,79,43,0,43,122
03/27/2018,PSC,WA,ANM,WE,Combined TRACON& Tower with Radar,23,11,3,8,45,0,0,8,1,9,23,11,11,9,54,4,0,4,58
03/28/2018,PSC,WA,ANM,WE,Combined TRACON& Tower with Radar,21,10,11,6,48,0,0,42,5,47,21,10,53,11,95,10,18,28,123
03/29/2018,PSC,WA,ANM,WE,Combined TRACON& Tower with Radar,24,13,20,1,58,0,2,29,6,37,24,15,49,7,95,53,4,57,152
03/30/2018,PSC,WA,ANM,WE,Combined TRACON& Tower with Radar,24,11,10,0,45,0,0,29,0,29,24,11,39,0,74,60,0,60,134
03/31/2018,PSC,WA,ANM,WE,Combined TRACON& Tower with Radar,15,11,16,0,42,0,4,36,1,41,15,15,52,1,83,59,0,59,142
04/01/2018,PSC,WA,ANM,WE,Combined TRACON& Tower with Radar,22,7,3,0,32,0,0,5,0,5,22,7,8,0,37,0,0,0,37
04/02/2018,PSC,WA,ANM,WE,Combined TRACON& Tower with Radar,24,12,11,0,47,0,1,17,0,18,24,13,28,0,65,8,0,8,73
04/03/2018,PSC,WA,ANM,WE,Combined TRACON& Tower with Radar,23,13,17,2,55,0,0,35,4,39,23,13,52,6,94,28,0,28,122
04/04/2018,PSC,WA,ANM,WE,Combined TRACON& Tower with Radar,20,13,12,0,45,0,0,25,2,27,20,13,37,2,72,62,0,62,134
04/05/2018,PSC,WA,ANM,WE,Combined TRACON& Tower with Radar,24,11,15,26,76,0,0,3,0,3,24,11,18,26,79,13,0,13,92
04/06/2018,PSC,WA,ANM,WE,Combined TRACON& Tower with Radar,25,14,9,0,48,0,0,8,0,8,25,14,17,0,56,7,0,7,63
04/07/2018,PSC,WA,ANM,WE,Combined TRACON& Tower with Radar,16,13,7,0,36,0,0,6,0,6,16,13,13,0,42,34,0,34,76
04/08/2018,PSC,WA,ANM,WE,Combined TRACON& Tower with Radar,23,7,14,0,44,0,0,5,0,5,23,7,19,0,49,2,0,2,51
04/09/2018,PSC,WA,ANM,WE,Combined TRACON& Tower with Radar,25,8,15,0,48,0,1,38,0,39,25,9,53,0,87,59,0,59,146
04/10/2018,PSC,WA,ANM,WE,Combined TRACON& Tower with Radar,22,10,20,3,55,0,0,26,0,26,22,10,46,3,81,6,19,25,106
04/11/2018,PSC,WA,ANM,WE,Combined TRACON& Tower with Radar,25,10,17,3,55,0,0,40,4,44,25,10,57,7,99,78,10,88,187
04/12/2018,PSC,WA,ANM,WE,Combined TRACON& Tower with Radar,25,10,23,0,58,0,0,6,0,6,25,10,29,0,64,16,0,16,80
04/13/2018,PSC,WA,ANM,WE,Combined TRACON& Tower with Radar,24,10,18,0,52,0,0,29,1,30,24,10,47,1,82,62,0,62,144
04/14/2018,PSC,WA,ANM,WE,Combined TRACON& Tower with Radar,17,8,21,0,46,0,2,49,1,52,17,10,70,1,98,67,0,67,165
04/15/2018,PSC,WA,ANM,WE,Combined TRACON& Tower with Radar,25,6,15,0,46,0,0,23,0,23,25,6,38,0,69,57,0,57,126
04/16/2018,PSC,WA,ANM,WE,Combined TRACON& Tower with Radar,22,12,19,0,53,0,0,14,0,14,22,12,33,0,67,13,0,13,80
04/17/2018,PSC,WA,ANM,WE,Combined TRACON& Tower with Radar,24,10,14,0,48,0,0,14,0,14,24,10,28,0,62,6,0,6,68
04/18/2018,PSC,WA,ANM,WE,Combined TRACON& Tower with Radar,24,8,22,0,54,0,0,66,4,70,24,8,88,4,124,50,0,50,174
04/19/2018,PSC,WA,ANM,WE,Combined TRACON& Tower with Radar,25,10,23,5,63,1,0,64,1,66,26,10,87,6,129,118,0,118,247
04/20/2018,PSC,WA,ANM,WE,Combined TRACON& Tower with Radar,26,10,21,8,65,0,0,63,1,64,26,10,84,9,129,69,0,69,198
04/21/2018,PSC,WA,ANM,WE,Combined TRACON& Tower with Radar,16,8,3,7,34,0,3,20,0,23,16,11,23,7,57,10,0,10,67
04/22/2018,PSC,WA,ANM,WE,Combined TRACON& Tower with Radar,26,4,4,0,34,0,0,36,0,36,26,4,40,0,70,83,0,83,153
04/23/2018,PSC,WA,ANM,WE,Combined TRACON& Tower with Radar,25,12,5,9,51,0,0,51,2,53,25,12,56,11,104,33,0,33,137
04/24/2018,PSC,WA,ANM,WE,Combined TRACON& Tower with Radar,24,10,27,2,63,0,6,57,3,66,24,16,84,5,129,33,23,56,185
04/25/2018,PSC,WA,ANM,WE,Combined TRACON& Tower with Radar,24,9,13,2,48,0,7,59,3,69,24,16,72,5,117,88,0,88,205
04/26/2018,PSC,WA,ANM,WE,Combined TRACON& Tower with Radar,28,9,10,8,55,0,4,56,0,60,28,13,66,8,115,65,34,99,214
04/27/2018,PSC,WA,ANM,WE,Combined TRACON& Tower with Radar,26,13,15,0,54,0,0,41,0,41,26,13,56,0,95,79,0,79,174
04/28/2018,PSC,WA,ANM,WE,Combined TRACON& Tower with Radar,18,9,6,0,33,0,1,31,0,32,18,10,37,0,65,30,0,30,95
04/29/2018,PSC,WA,ANM,WE,Combined TRACON& Tower with Radar,26,4,15,0,45,0,1,30,0,31,26,5,45,0,76,122,0,122,198
04/30/2018,PSC,WA,ANM,WE,Combined TRACON& Tower with Radar,26,11,20,0,57,0,18,39,0,57,26,29,59,0,114,18,0,18,132
05/01/2018,PSC,WA,ANM,WE,Combined TRACON& Tower with Radar,25,8,19,0,52,0,11,45,0,56,25,19,64,0,108,70,0,70,178
05/02/2018,PSC,WA,ANM,WE,Combined TRACON& Tower with Radar,25,8,21,2,56,0,8,52,2,62,25,16,73,4,118,98,0,98,216
05/03/2018,PSC,WA,ANM,WE,Combined TRACON& Tower with Radar,27,8,12,0,47,0,9,55,0,64,27,17,67,0,111,46,0,46,157
05/04/2018,PSC,WA,ANM,WE,Combined TRACON& Tower with Radar,29,6,13,1,49,0,4,51,4,59,29,10,64,5,108,55,0,55,163
05/05/2018,PSC,WA,ANM,WE,Combined TRACON& Tower with Radar,17,8,2,1,28,0,5,53,1,59,17,13,55,2,87,51,0,51,138
05/06/2018,PSC,WA,ANM,WE,Combined TRACON& Tower with Radar,28,4,12,1,45,0,4,13,0,17,28,8,25,1,62,6,0,6,68
05/07/2018,PSC,WA,ANM,WE,Combined TRACON& Tower with Radar,27,9,13,9,58,0,5,36,0,41,27,14,49,9,99,10,0,10,109
05/08/2018,PSC,WA,ANM,WE,Combined TRACON& Tower with Radar,25,10,13,0,48,0,8,40,0,48,25,18,53,0,96,53,0,53,149
05/09/2018,PSC,WA,ANM,WE,Combined TRACON& Tower with Radar,25,12,19,10,66,0,3,16,0,19,25,15,35,10,85,2,4,6,91
05/10/2018,PSC,WA,ANM,WE,Combined TRACON& Tower with Radar,27,10,17,0,54,0,5,17,0,22,27,15,34,0,76,17,0,17,93
05/11/2018,PSC,WA,ANM,WE,Combined TRACON& Tower with Radar,27,13,15,0,55,0,4,52,1,57,27,17,67,1,112,51,0,51,163
05/12/2018,PSC,WA,ANM,WE,Combined TRACON& Tower with Radar,19,13,6,0,38,0,5,51,0,56,19,18,57,0,94,41,0,41,135
05/13/2018,PSC,WA,ANM,WE,Combined TRACON& Tower with Radar,28,5,10,0,43,0,0,55,1,56,28,5,65,1,99,51,0,51,150
05/14/2018,PSC,WA,ANM,WE,Combined TRACON& Tower with Radar,27,9,17,1,54,0,15,57,2,74,27,24,74,3,128,100,0,100,228
05/15/2018,PSC,WA,ANM,WE,Combined TRACON& Tower with Radar,25,11,21,3,60,0,3,45,2,50,25,14,66,5,110,89,0,89,199
05/16/2018,PSC,WA,ANM,WE,Combined TRACON& Tower with Radar,27,8,20,2,57,0,3,26,1,30,27,11,46,3,87,59,0,59,146
05/17/2018,PSC,WA,ANM,WE,Combined TRACON& Tower with Radar,27,10,22,10,69,0,5,41,0,46,27,15,63,10,115,37,13,50,165
05/18/2018,PSC,WA,ANM,WE,Combined TRACON& Tower with Radar,27,10,20,0,57,0,0,42,0,42,27,10,62,0,99,40,0,40,139
05/19/2018,PSC,WA,ANM,WE,Combined TRACON& Tower with Radar,17,8,7,0,32,0,2,47,0,49,17,10,54,0,81,30,0,30,111
05/20/2018,PSC,WA,ANM,WE,Combined TRACON& Tower with Radar,27,5,6,0,38,0,1,29,0,30,27,6,35,0,68,62,0,62,130
05/21/2018,PSC,WA,ANM,WE,Combined TRACON& Tower with Radar,26,11,16,0,53,0,4,34,1,39,26,15,50,1,92,0,0,0,92
05/22/2018,PSC,WA,ANM,WE,Combined TRACON& Tower with Radar,25,10,17,0,52,0,7,45,0,52,25,17,62,0,104,0,0,0,104
05/23/2018,PSC,WA,ANM,WE,Combined TRACON& Tower with Radar,26,9,22,8,65,0,5,39,0,44,26,14,61,8,109,0,0,0,109
05/24/2018,PSC,WA,ANM,WE,Combined TRACON& Tower with Radar,29,12,29,0,70,0,2,46,0,48,29,14,75,0,118,0,0,0,118
05/25/2018,PSC,WA,ANM,WE,Combined TRACON& Tower with Radar,26,11,12,0,49,0,1,47,0,48,26,12,59,0,97,75,0,75,172
05/26/2018,PSC,WA,ANM,WE,Combined TRACON& Tower with Radar,18,8,13,0,39,0,4,36,1,41,18,12,49,1,80,109,0,109,189
05/27/2018,PSC,WA,ANM,WE,Combined TRACON& Tower with Radar,21,4,5,0,30,0,0,33,0,33,21,4,38,0,63,61,0,61,124
05/28/2018,PSC,WA,ANM,WE,Combined TRACON& Tower with Radar,26,4,14,0,44,0,1,52,1,54,26,5,66,1,98,35,0,35,133
05/29/2018,PSC,WA,ANM,WE,Combined TRACON& Tower with Radar,26,8,26,2,62,0,5,42,0,47,26,13,68,2,109,86,3,89,198
05/30/2018,PSC,WA,ANM,WE,Combined TRACON& Tower with Radar,25,10,13,0,48,0,5,52,1,58,25,15,65,1,106,104,10,114,220
05/31/2018,PSC,WA,ANM,WE,Combined TRACON& Tower with Radar,28,14,16,1,59,0,1,46,5,52,28,15,62,6,111,128,0,128,239
06/01/2018,PSC,WA,ANM,WE,Combined TRACON& Tower with Radar,26,8,16,0,50,0,0,54,0,54,26,8,70,0,104,103,0,103,207
06/02/2018,PSC,WA,ANM,WE,Combined TRACON& Tower with Radar,19,7,7,0,33,0,5,51,2,58,19,12,58,2,91,99,0,99,190
06/03/2018,PSC,WA,ANM,WE,Combined TRACON& Tower with Radar,29,3,17,2,51,0,0,37,1,38,29,3,54,3,89,81,6,87,176
06/04/2018,PSC,WA,ANM,WE,Combined TRACON& Tower with Radar,27,8,17,18,70,0,2,35,1,38,27,10,52,19,108,62,19,81,189
06/05/2018,PSC,WA,ANM,WE,Combined TRACON& Tower with Radar,27,9,22,1,59,0,6,43,1,50,27,15,65,2,109,22,2,24,133
06/06/2018,PSC,WA,ANM,WE,Combined TRACON& Tower with Radar,29,8,25,10,72,0,4,53,2,59,29,12,78,12,131,75,21,96,227
06/07/2018,PSC,WA,ANM,WE,Combined TRACON& Tower with Radar,30,11,24,0,65,0,7,31,0,38,30,18,55,0,103,27,0,27,130
06/08/2018,PSC,WA,ANM,WE,Combined TRACON& Tower with Radar,29,11,19,4,63,0,0,58,1,59,29,11,77,5,122,95,20,115,237
06/09/2018,PSC,WA,ANM,WE,Combined TRACON& Tower with Radar,20,7,9,0,36,0,2,43,0,45,20,9,52,0,81,41,0,41,122
06/10/2018,PSC,WA,ANM,WE,Combined TRACON& Tower with Radar,31,5,11,0,47,0,0,20,0,20,31,5,31,0,67,6,0,6,73
06/11/2018,PSC,WA,ANM,WE,Combined TRACON& Tower with Radar,30,10,19,0,59,0,4,64,2,70,30,14,83,2,129,66,0,66,195
06/12/2018,PSC,WA,ANM,WE,Combined TRACON& Tower with Radar,29,8,10,5,52,0,4,59,3,66,29,12,69,8,118,56,18,74,192
06/13/2018,PSC,WA,ANM,WE,Combined TRACON& Tower with Radar,30,9,21,10,70,2,4,32,0,38,32,13,53,10,108,32,0,32,140
06/14/2018,PSC,WA,ANM,WE,Combined TRACON& Tower with Radar,32,8,27,7,74,0,0,50,4,54,32,8,77,11,128,31,0,31,159
06/15/2018,PSC,WA,ANM,WE,Combined TRACON& Tower with Radar,31,8,12,0,51,0,0,57,0,57,31,8,69,0,108,97,0,97,205
06/16/2018,PSC,WA,ANM,WE,Combined TRACON& Tower with Radar,20,7,2,0,29,0,3,36,0,39,20,10,38,0,68,42,0,42,110
06/17/2018,PSC,WA,ANM,WE,Combined TRACON& Tower with Radar,32,4,11,0,47,0,0,26,0,26,32,4,37,0,73,51,0,51,124
06/18/2018,PSC,WA,ANM,WE,Combined TRACON& Tower with Radar,29,8,30,7,74,0,0,43,0,43,29,8,73,7,117,14,0,14,131
06/19/2018,PSC,WA,ANM,WE,Combined TRACON& Tower with Radar,30,10,18,0,58,0,0,60,1,61,30,10,78,1,119,35,0,35,154
06/20/2018,PSC,WA,ANM,WE,Combined TRACON& Tower with Radar,30,16,17,0,63,0,0,38,0,38,30,16,55,0,101,108,0,108,209
06/21/2018,PSC,WA,ANM,WE,Combined TRACON& Tower with Radar,29,11,19,0,59,0,1,20,2,23,29,12,39,2,82,84,0,84,166
06/22/2018,PSC,WA,ANM,WE,Combined TRACON& Tower with Radar,30,8,21,7,66,0,0,41,2,43,30,8,62,9,109,60,0,60,169
06/23/2018,PSC,WA,ANM,WE,Combined TRACON& Tower with Radar,20,7,12,0,39,0,4,42,0,46,20,11,54,0,85,88,0,88,173
06/24/2018,PSC,WA,ANM,WE,Combined TRACON& Tower with Radar,31,4,4,0,39,0,0,37,1,38,31,4,41,1,77,67,0,67,144
06/25/2018,PSC,WA,ANM,WE,Combined TRACON& Tower with Radar,31,10,18,6,65,0,0,19,0,19,31,10,37,6,84,0,0,0,84
06/26/2018,PSC,WA,ANM,WE,Combined TRACON& Tower with Radar,30,10,16,2,58,0,2,64,0,66,30,12,80,2,124,15,0,15,139
06/27/2018,PSC,WA,ANM,WE,Combined TRACON& Tower with Radar,29,14,10,9,62,0,7,46,2,55,29,21,56,11,117,14,11,25,142
06/28/2018,PSC,WA,ANM,WE,Combined TRACON& Tower with Radar,32,12,15,0,59,0,4,37,0,41,32,16,52,0,100,23,0,23,123
06/29/2018,PSC,WA,ANM,WE,Combined TRACON& Tower with Radar,28,9,24,2,63,0,9,29,2,40,28,18,53,4,103,19,5,24,127
06/30/2018,PSC,WA,ANM,WE,Combined TRACON& Tower with Radar,31,5,12,0,48,0,4,28,0,32,31,9,40,0,80,116,0,116,196
07/01/2018,PSC,WA,ANM,WE,Combined TRACON& Tower with Radar,32,5,14,0,51,0,0,35,0,35,32,5,49,0,86,77,0,77,163
07/02/2018,PSC,WA,ANM,WE,Combined TRACON& Tower with Radar,30,10,8,2,50,0,0,14,0,14,30,10,22,2,64,2,28,30,94
07/03/2018,PSC,WA,ANM,WE,Combined TRACON& Tower with Radar,28,10,10,0,48,0,8,30,0,38,28,18,40,0,86,50,0,50,136
07/04/2018,PSC,WA,ANM,WE,Combined TRACON& Tower with Radar,30,3,4,0,37,0,0,29,0,29,30,3,33,0,66,20,0,20,86
07/05/2018,PSC,WA,ANM,WE,Combined TRACON& Tower with Radar,32,15,18,0,65,0,4,41,0,45,32,19,59,0,110,49,0,49,159
07/06/2018,PSC,WA,ANM,WE,Combined TRACON& Tower with Radar,33,9,9,0,51,0,2,37,4,43,33,11,46,4,94,26,0,26,120
07/07/2018,PSC,WA,ANM,WE,Combined TRACON& Tower with Radar,26,5,11,0,42,0,4,59,2,65,26,9,70,2,107,132,0,132,239
07/08/2018,PSC,WA,ANM,WE,Combined TRACON& Tower with Radar,30,5,12,0,47,0,0,45,3,48,30,5,57,3,95,61,0,61,156
07/09/2018,PSC,WA,ANM,WE,Combined TRACON& Tower with Radar,29,8,19,0,56,0,2,41,0,43,29,10,60,0,99,5,0,5,104
07/10/2018,PSC,WA,ANM,WE,Combined TRACON& Tower with Radar,30,12,29,0,71,0,0,55,0,55,30,12,84,0,126,67,0,67,193
07/11/2018,PSC,WA,ANM,WE,Combined TRACON& Tower with Radar,31,20,29,27,107,0,3,45,7,55,31,23,74,34,162,48,20,68,230
07/12/2018,PSC,WA,ANM,WE,Combined TRACON& Tower with Radar,29,11,14,4,58,0,5,50,0,55,29,16,64,4,113,17,0,17,130
07/13/2018,PSC,WA,ANM,WE,Combined TRACON& Tower with Radar,34,14,10,0,58,0,4,38,2,44,34,18,48,2,102,75,0,75,177
07/14/2018,PSC,WA,ANM,WE,Combined TRACON& Tower with Radar,31,6,11,0,48,0,4,51,0,55,31,10,62,0,103,98,0,98,201
07/15/2018,PSC,WA,ANM,WE,Combined TRACON& Tower with Radar,35,4,2,0,41,0,0,34,0,34,35,4,36,0,75,11,0,11,86
07/16/2018,PSC,WA,ANM,WE,Combined TRACON& Tower with Radar,32,13,18,0,63,0,0,43,0,43,32,13,61,0,106,14,0,14,120
07/17/2018,PSC,WA,ANM,WE,Combined TRACON& Tower with Radar,31,13,20,0,64,0,0,34,0,34,31,13,54,0,98,68,0,68,166
07/18/2018,PSC,WA,ANM,WE,Combined TRACON& Tower with Radar,30,15,16,7,68,0,2,41,0,43,30,17,57,7,111,31,0,31,142
07/19/2018,PSC,WA,ANM,WE,Combined TRACON& Tower with Radar,41,12,22,5,80,0,4,32,1,37,41,16,54,6,117,50,0,50,167
07/20/2018,PSC,WA,ANM,WE,Combined TRACON& Tower with Radar,34,12,24,7,77,0,0,50,4,54,34,12,74,11,131,74,0,74,205
07/21/2018,PSC,WA,ANM,WE,Combined TRACON& Tower with Radar,29,7,7,0,43,0,2,45,0,47,29,9,52,0,90,119,0,119,209
07/22/2018,PSC,WA,ANM,WE,Combined TRACON& Tower with Radar,31,4,14,0,49,0,2,38,0,40,31,6,52,0,89,92,0,92,181
07/23/2018,PSC,WA,ANM,WE,Combined TRACON& Tower with Radar,30,13,19,1,63,0,1,26,0,27,30,14,45,1,90,14,0,14,104
07/24/2018,PSC,WA,ANM,WE,Combined TRACON& Tower with Radar,33,12,21,6,72,0,8,28,0,36,33,20,49,6,108,43,16,59,167
07/25/2018,PSC,WA,ANM,WE,Combined TRACON& Tower with Radar,29,11,28,0,68,0,4,45,0,49,29,15,73,0,117,15,0,15,132
07/26/2018,PSC,WA,ANM,WE,Combined TRACON& Tower with Radar,32,10,21,3,66,0,2,40,6,48,32,12,61,9,114,36,12,48,162
07/27/2018,PSC,WA,ANM,WE,Combined TRACON& Tower with Radar,30,10,14,0,54,0,0,59,13,72,30,10,73,13,126,25,0,25,151
07/28/2018,PSC,WA,ANM,WE,Combined TRACON& Tower with Radar,23,6,12,0,41,0,3,56,7,66,23,9,68,7,107,98,3,101,208
07/29/2018,PSC,WA,ANM,WE,Combined TRACON& Tower with Radar,32,4,6,0,42,0,0,78,4,82,32,4,84,4,124,53,0,53,177
07/30/2018,PSC,WA,ANM,WE,Combined TRACON& Tower with Radar,29,11,24,1,65,0,0,51,0,51,29,11,75,1,116,36,0,36,152
07/31/2018,PSC,WA,ANM,WE,Combined TRACON& Tower with Radar,28,13,23,2,66,0,0,34,0,34,28,13,57,2,100,22,0,22,122
08/01/2018,PSC,WA,ANM,WE,Combined TRACON& Tower with Radar,29,6,14,4,53,0,0,29,1,30,29,6,43,5,83,12,10,22,105
08/02/2018,PSC,WA,ANM,WE,Combined TRACON& Tower with Radar,30,7,24,6,67,0,0,47,2,49,30,7,71,8,116,78,0,78,194
08/03/2018,PSC,WA,ANM,WE,Combined TRACON& Tower with Radar,30,10,28,0,68,0,1,34,0,35,30,11,62,0,103,24,0,24,127
08/04/2018,PSC,WA,ANM,WE,Combined TRACON& Tower with Radar,24,6,21,1,52,0,3,44,0,47,24,9,65,1,99,63,0,63,162
08/05/2018,PSC,WA,ANM,WE,Combined TRACON& Tower with Radar,32,2,14,1,49,0,0,39,0,39,32,2,53,1,88,83,0,83,171
08/06/2018,PSC,WA,ANM,WE,Combined TRACON& Tower with Radar,34,6,21,0,61,0,1,29,0,30,34,7,50,0,91,72,0,72,163
08/07/2018,PSC,WA,ANM,WE,Combined TRACON& Tower with Radar,27,6,22,2,57,0,0,41,0,41,27,6,63,2,98,70,0,70,168
08/08/2018,PSC,WA,ANM,WE,Combined TRACON& Tower with Radar,31,5,26,0,62,0,0,40,0,40,31,5,66,0,102,35,0,35,137
08/09/2018,PSC,WA,ANM,WE,Combined TRACON& Tower with Radar,32,8,33,0,73,0,0,39,2,41,32,8,72,2,114,49,0,49,163
08/10/2018,PSC,WA,ANM,WE,Combined TRACON& Tower with Radar,32,7,6,2,47,0,0,24,2,26,32,7,30,4,73,61,12,73,146
08/11/2018,PSC,WA,ANM,WE,Combined TRACON& Tower with Radar,25,10,9,0,44,0,4,21,0,25,25,14,30,0,69,46,0,46,115
08/12/2018,PSC,WA,ANM,WE,Combined TRACON& Tower with Radar,32,4,25,0,61,0,0,53,0,53,32,4,78,0,114,77,0,77,191
08/13/2018,PSC,WA,ANM,WE,Combined TRACON& Tower with Radar,34,7,26,13,80,0,0,16,1,17,34,7,42,14,97,25,0,25,122
08/14/2018,PSC,WA,ANM,WE,Combined TRACON& Tower with Radar,28,9,25,0,62,0,0,18,0,18,28,9,43,0,80,0,0,0,80
08/15/2018,PSC,WA,ANM,WE,Combined TRACON& Tower with Radar,30,8,39,0,77,0,0,6,0,6,30,8,45,0,83,0,1,1,84
08/16/2018,PSC,WA,ANM,WE,Combined TRACON& Tower with Radar,31,10,28,0,69,0,0,15,0,15,31,10,43,0,84,37,0,37,121
08/17/2018,PSC,WA,ANM,WE,Combined TRACON& Tower with Radar,32,11,18,0,61,0,1,27,0,28,32,12,45,0,89,19,0,19,108
08/18/2018,PSC,WA,ANM,WE,Combined TRACON& Tower with Radar,21,7,13,0,41,0,3,44,0,47,21,10,57,0,88,114,0,114,202
08/19/2018,PSC,WA,ANM,WE,Combined TRACON& Tower with Radar,30,2,33,0,65,0,0,7,0,7,30,2,40,0,72,35,0,35,107
08/20/2018,PSC,WA,ANM,WE,Combined TRACON& Tower with Radar,30,9,26,0,65,0,0,0,0,0,30,9,26,0,65,0,0,0,65
08/21/2018,PSC,WA,ANM,WE,Combined TRACON& Tower with Radar,29,10,35,31,105,0,0,18,0,18,29,10,53,31,123,39,60,99,222
08/22/2018,PSC,WA,ANM,WE,Combined TRACON& Tower with Radar,29,8,22,10,69,0,0,36,0,36,29,8,58,10,105,73,33,106,211
08/23/2018,PSC,WA,ANM,WE,Combined TRACON& Tower with Radar,32,6,37,1,76,0,0,9,0,9,32,6,46,1,85,8,0,8,93
08/24/2018,PSC,WA,ANM,WE,Combined TRACON& Tower with Radar,31,8,13,9,61,0,0,68,1,69,31,8,81,10,130,109,0,109,239
08/25/2018,PSC,WA,ANM,WE,Combined TRACON& Tower with Radar,21,7,8,0,36,0,3,40,0,43,21,10,48,0,79,87,0,87,166
08/26/2018,PSC,WA,ANM,WE,Combined TRACON& Tower with Radar,30,2,18,0,50,0,0,26,0,26,30,2,44,0,76,67,0,67,143
08/27/2018,PSC,WA,ANM,WE,Combined TRACON& Tower with Radar,32,6,22,2,62,0,0,47,0,47,32,6,69,2,109,40,0,40,149
08/28/2018,PSC,WA,ANM,WE,Combined TRACON& Tower with Radar,30,10,22,15,77,0,0,30,0,30,30,10,52,15,107,25,10,35,142
08/29/2018,PSC,WA,ANM,WE,Combined TRACON& Tower with Radar,27,8,31,0,66,0,0,31,0,31,27,8,62,0,97,34,0,34,131
08/30/2018,PSC,WA,ANM,WE,Combined TRACON& Tower with Radar,32,8,36,15,91,0,2,33,0,35,32,10,69,15,126,50,56,106,232
08/31/2018,PSC,WA,ANM,WE,Combined TRACON& Tower with Radar,32,6,22,0,60,0,2,71,1,74,32,8,93,1,134,92,0,92,226
09/01/2018,PSC,WA,ANM,WE,Combined TRACON& Tower with Radar,20,4,7,0,31,0,4,75,1,80,20,8,82,1,111,32,0,32,143
09/02/2018,PSC,WA,ANM,WE,Combined TRACON& Tower with Radar,19,2,14,0,35,0,0,36,0,36,19,2,50,0,71,87,0,87,158
09/03/2018,PSC,WA,ANM,WE,Combined TRACON& Tower with Radar,29,4,12,0,45,0,0,56,0,56,29,4,68,0,101,102,0,102,203
09/04/2018,PSC,WA,ANM,WE,Combined TRACON& Tower with Radar,28,8,24,0,60,0,0,48,0,48,28,8,72,0,108,12,0,12,120
09/05/2018,PSC,WA,ANM,WE,Combined TRACON& Tower with Radar,32,8,28,0,68,0,0,39,1,40,32,8,67,1,108,37,0,37,145
09/06/2018,PSC,WA,ANM,WE,Combined TRACON& Tower with Radar,32,8,30,0,70,0,0,26,0,26,32,8,56,0,96,8,0,8,104
09/07/2018,PSC,WA,ANM,WE,Combined TRACON& Tower with Radar,32,6,31,3,72,0,0,55,2,57,32,6,86,5,129,0,0,0,129
09/08/2018,PSC,WA,ANM,WE,Combined TRACON& Tower with Radar,21,7,12,0,40,0,1,66,0,67,21,8,78,0,107,38,0,38,145
09/09/2018,PSC,WA,ANM,WE,Combined TRACON& Tower with Radar,30,2,21,2,55,0,0,64,1,65,30,2,85,3,120,23,2,25,145
09/10/2018,PSC,WA,ANM,WE,Combined TRACON& Tower with Radar,33,6,20,0,59,0,1,22,0,23,33,7,42,0,82,20,0,20,102
09/11/2018,PSC,WA,ANM,WE,Combined TRACON& Tower with Radar,28,10,17,2,57,0,0,24,3,27,28,10,41,5,84,14,0,14,98
09/12/2018,PSC,WA,ANM,WE,Combined TRACON& Tower with Radar,28,10,19,0,57,0,0,22,0,22,28,10,41,0,79,8,0,8,87
09/13/2018,PSC,WA,ANM,WE,Combined TRACON& Tower with Radar,32,8,11,1,52,0,0,35,2,37,32,8,46,3,89,50,20,70,159
09/14/2018,PSC,WA,ANM,WE,Combined TRACON& Tower with Radar,34,8,33,0,75,0,0,45,0,45,34,8,78,0,120,43,0,43,163
09/15/2018,PSC,WA,ANM,WE,Combined TRACON& Tower with Radar,23,3,7,0,33,0,5,57,0,62,23,8,64,0,95,39,0,39,134
09/16/2018,PSC,WA,ANM,WE,Combined TRACON& Tower with Radar,30,2,12,0,44,0,0,33,0,33,30,2,45,0,77,51,0,51,128
09/17/2018,PSC,WA,ANM,WE,Combined TRACON& Tower with Radar,30,8,11,2,51,0,1,43,1,45,30,9,54,3,96,81,2,83,179
09/18/2018,PSC,WA,ANM,WE,Combined TRACON& Tower with Radar,26,9,17,0,52,0,1,45,4,50,26,10,62,4,102,36,0,36,138
09/19/2018,PSC,WA,ANM,WE,Combined TRACON& Tower with Radar,28,11,17,0,56,0,1,32,0,33,28,12,49,0,89,98,0,98,187
09/20/2018,PSC,WA,ANM,WE,Combined TRACON& Tower with Radar,34,7,25,4,70,0,0,25,0,25,34,7,50,4,95,47,16,63,158
09/21/2018,PSC,WA,ANM,WE,Combined TRACON& Tower with Radar,34,6,18,0,58,0,0,25,0,25,34,6,43,0,83,72,0,72,155
09/22/2018,PSC,WA,ANM,WE,Combined TRACON& Tower with Radar,22,9,11,0,42,0,1,31,0,32,22,10,42,0,74,46,0,46,120
09/23/2018,PSC,WA,ANM,WE,Combined TRACON& Tower with Radar,30,6,16,0,52,0,0,30,0,30,30,6,46,0,82,57,0,57,139
09/24/2018,PSC,WA,ANM,WE,Combined TRACON& Tower with Radar,32,7,7,0,46,0,0,35,0,35,32,7,42,0,81,35,0,35,116
09/25/2018,PSC,WA,ANM,WE,Combined TRACON& Tower with Radar,28,7,13,0,48,0,0,36,0,36,28,7,49,0,84,4,0,4,88
09/26/2018,PSC,WA,ANM,WE,Combined TRACON& Tower with Radar,28,7,10,20,65,0,0,44,3,47,28,7,54,23,112,16,41,57,169
09/27/2018,PSC,WA,ANM,WE,Combined TRACON& Tower with Radar,32,8,18,5,63,0,0,25,3,28,32,8,43,8,91,31,6,37,128
09/28/2018,PSC,WA,ANM,WE,Combined TRACON& Tower with Radar,31,8,20,0,59,0,0,69,3,72,31,8,89,3,131,87,0,87,218
09/29/2018,PSC,WA,ANM,WE,Combined TRACON& Tower with Radar,24,7,5,0,36,0,1,32,0,33,24,8,37,0,69,60,0,60,129
09/30/2018,PSC,WA,ANM,WE,Combined TRACON& Tower with Radar,30,5,5,0,40,0,0,23,0,23,30,5,28,0,63,29,0,29,92
10/01/2018,PSC,WA,ANM,WE,Combined TRACON& Tower with Radar,32,6,15,9,62,0,1,34,2,37,32,7,49,11,99,21,12,33,132
10/02/2018,PSC,WA,ANM,WE,Combined TRACON& Tower with Radar,28,6,17,2,53,0,0,6,2,8,28,6,23,4,61,27,0,27,88
10/03/2018,PSC,WA,ANM,WE,Combined TRACON& Tower with Radar,31,6,19,0,56,0,0,30,0,30,31,6,49,0,86,59,0,59,145
10/04/2018,PSC,WA,ANM,WE,Combined TRACON& Tower with Radar,33,10,19,0,62,0,0,37,0,37,33,10,56,0,99,33,0,33,132
10/05/2018,PSC,WA,ANM,WE,Combined TRACON& Tower with Radar,33,6,29,3,71,0,1,36,2,39,33,7,65,5,110,34,37,71,181
10/06/2018,PSC,WA,ANM,WE,Combined TRACON& Tower with Radar,20,6,9,0,35,0,2,32,0,34,20,8,41,0,69,93,0,93,162
10/07/2018,PSC,WA,ANM,WE,Combined TRACON& Tower with Radar,37,3,8,0,48,0,0,31,1,32,37,3,39,1,80,40,0,40,120
10/08/2018,PSC,WA,ANM,WE,Combined TRACON& Tower with Radar,34,6,21,0,61,0,0,20,0,20,34,6,41,0,81,80,0,80,161
10/09/2018,PSC,WA,ANM,WE,Combined TRACON& Tower with Radar,28,8,14,0,50,0,0,13,0,13,28,8,27,0,63,28,0,28,91
10/10/2018,PSC,WA,ANM,WE,Combined TRACON& Tower with Radar,27,6,8,0,41,0,0,30,4,34,27,6,38,4,75,66,0,66,141
10/11/2018,PSC,WA,ANM,WE,Combined TRACON& Tower with Radar,31,6,21,0,58,0,0,38,0,38,31,6,59,0,96,59,0,59,155
10/12/2018,PSC,WA,ANM,WE,Combined TRACON& Tower with Radar,33,6,23,6,68,0,2,20,4,26,33,8,43,10,94,28,28,56,150
10/13/2018,PSC,WA,ANM,WE,Combined TRACON& Tower with Radar,22,6,13,0,41,0,2,44,0,46,22,8,57,0,87,28,0,28,115
10/14/2018,PSC,WA,ANM,WE,Combined TRACON& Tower with Radar,31,2,3,0,36,0,0,56,1,57,31,2,59,1,93,84,0,84,177
10/15/2018,PSC,WA,ANM,WE,Combined TRACON& Tower with Radar,33,10,28,0,71,0,3,22,0,25,33,13,50,0,96,26,0,26,122
10/16/2018,PSC,WA,ANM,WE,Combined TRACON& Tower with Radar,31,9,15,10,65,0,5,29,0,34,31,14,44,10,99,22,0,22,121
10/17/2018,PSC,WA,ANM,WE,Combined TRACON& Tower with Radar,31,8,26,9,74,0,1,35,0,36,31,9,61,9,110,64,0,64,174
10/18/2018,PSC,WA,ANM,WE,Combined TRACON& Tower with Radar,34,6,31,2,73,0,0,24,0,24,34,6,55,2,97,82,0,82,179
10/19/2018,PSC,WA,ANM,WE,Combined TRACON& Tower with Radar,45,9,28,0,82,0,1,38,2,41,45,10,66,2,123,49,0,49,172
10/20/2018,PSC,WA,ANM,WE,Combined TRACON& Tower with Radar,22,9,14,0,45,0,3,28,0,31,22,12,42,0,76,84,0,84,160
10/21/2018,PSC,WA,ANM,WE,Combined TRACON& Tower with Radar,36,8,10,0,54,0,0,43,0,43,36,8,53,0,97,100,0,100,197
10/22/2018,PSC,WA,ANM,WE,Combined TRACON& Tower with Radar,34,9,21,0,64,0,4,34,0,38,34,13,55,0,102,42,0,42,144
10/23/2018,PSC,WA,ANM,WE,Combined TRACON& Tower with Radar,28,7,23,5,63,0,0,33,0,33,28,7,56,5,96,36,0,36,132
10/24/2018,PSC,WA,ANM,WE,Combined TRACON& Tower with Radar,28,7,12,14,61,0,6,18,0,24,28,13,30,14,85,78,0,78,163
10/25/2018,PSC,WA,ANM,WE,Combined TRACON& Tower with Radar,32,12,20,0,64,0,2,24,0,26,32,14,44,0,90,10,0,10,100
10/26/2018,PSC,WA,ANM,WE,Combined TRACON& Tower with Radar,33,6,13,0,52,1,0,25,0,26,34,6,38,0,78,49,0,49,127
10/27/2018,PSC,WA,ANM,WE,Combined TRACON& Tower with Radar,23,7,9,0,39,0,2,41,1,44,23,9,50,1,83,65,0,65,148
10/28/2018,PSC,WA,ANM,WE,Combined TRACON& Tower with Radar,25,5,15,0,45,0,2,13,2,17,25,7,28,2,62,14,0,14,76
10/29/2018,PSC,WA,ANM,WE,Combined TRACON& Tower with Radar,29,10,18,0,57,0,3,30,1,34,29,13,48,1,91,64,0,64,155
10/30/2018,PSC,WA,ANM,WE,Combined TRACON& Tower with Radar,23,7,26,0,56,0,3,40,0,43,23,10,66,0,99,45,0,45,144
10/31/2018,PSC,WA,ANM,WE,Combined TRACON& Tower with Radar,23,8,14,1,46,0,1,14,0,15,23,9,28,1,61,34,0,34,95
11/01/2018,PSC,WA,ANM,WE,Combined TRACON& Tower with Radar,25,6,26,0,57,0,2,7,0,9,25,8,33,0,66,12,0,12,78
11/02/2018,PSC,WA,ANM,WE,Combined TRACON& Tower with Radar,25,8,14,0,47,0,2,3,0,5,25,10,17,0,52,0,2,2,54
11/03/2018,PSC,WA,ANM,WE,Combined TRACON& Tower with Radar,21,5,5,0,31,0,3,24,0,27,21,8,29,0,58,125,0,125,183
11/04/2018,PSC,WA,ANM,WE,Combined TRACON& Tower with Radar,27,4,7,0,38,0,0,6,0,6,27,4,13,0,44,9,0,9,53
11/05/2018,PSC,WA,ANM,WE,Combined TRACON& Tower with Radar,26,9,27,0,62,0,2,24,0,26,26,11,51,0,88,22,0,22,110
11/06/2018,PSC,WA,ANM,WE,Combined TRACON& Tower with Radar,27,8,22,0,57,0,4,33,0,37,27,12,55,0,94,118,0,118,212
11/07/2018,PSC,WA,ANM,WE,Combined TRACON& Tower with Radar,29,11,20,0,60,0,6,35,0,41,29,17,55,0,101,43,0,43,144
11/08/2018,PSC,WA,ANM,WE,Combined TRACON& Tower with Radar,28,10,17,1,56,0,4,38,5,47,28,14,55,6,103,20,0,20,123
11/09/2018,PSC,WA,ANM,WE,Combined TRACON& Tower with Radar,29,10,14,0,53,0,0,29,0,29,29,10,43,0,82,48,0,48,130
11/10/2018,PSC,WA,ANM,WE,Combined TRACON& Tower with Radar,27,8,11,0,46,0,0,33,1,34,27,8,44,1,80,111,0,111,191
11/11/2018,PSC,WA,ANM,WE,Combined TRACON& Tower with Radar,31,6,15,0,52,0,0,0,0,0,31,6,15,0,52,0,0,0,52
11/12/2018,PSC,WA,ANM,WE,Combined TRACON& Tower with Radar,31,8,25,0,64,0,0,0,0,0,31,8,25,0,64,0,0,0,64
11/13/2018,PSC,WA,ANM,WE,Combined TRACON& Tower with Radar,27,13,26,3,69,0,0,0,0,0,27,13,26,3,69,0,0,0,69
11/14/2018,PSC,WA,ANM,WE,Combined TRACON& Tower with Radar,32,11,20,2,65,0,0,2,1,3,32,11,22,3,68,30,2,32,100
11/15/2018,PSC,WA,ANM,WE,Combined TRACON& Tower with Radar,32,9,17,0,58,0,0,23,0,23,32,9,40,0,81,30,0,30,111
11/16/2018,PSC,WA,ANM,WE,Combined TRACON& Tower with Radar,31,12,23,2,68,0,1,31,0,32,31,13,54,2,100,79,0,79,179
11/17/2018,PSC,WA,ANM,WE,Combined TRACON& Tower with Radar,23,5,12,0,40,0,4,43,0,47,23,9,55,0,87,109,0,109,196
11/18/2018,PSC,WA,ANM,WE,Combined TRACON& Tower with Radar,28,4,19,0,51,0,0,17,1,18,28,4,36,1,69,11,0,11,80
11/19/2018,PSC,WA,ANM,WE,Combined TRACON& Tower with Radar,30,12,8,2,52,0,0,1,0,1,30,12,9,2,53,0,0,0,53
11/20/2018,PSC,WA,ANM,WE,Combined TRACON& Tower with Radar,28,13,15,0,56,0,0,0,0,0,28,13,15,0,56,0,0,0,56
11/21/2018,PSC,WA,ANM,WE,Combined TRACON& Tower with Radar,29,9,12,0,50,0,0,0,0,0,29,9,12,0,50,0,0,0,50
11/22/2018,PSC,WA,ANM,WE,Combined TRACON& Tower with Radar,25,3,0,0,28,0,0,4,1,5,25,3,4,1,33,6,0,6,39
11/23/2018,PSC,WA,ANM,WE,Combined TRACON& Tower with Radar,21,7,17,0,45,0,1,8,0,9,21,8,25,0,54,32,0,32,86
11/24/2018,PSC,WA,ANM,WE,Combined TRACON& Tower with Radar,30,10,11,0,51,0,1,24,1,26,30,11,35,1,77,55,0,55,132
11/25/2018,PSC,WA,ANM,WE,Combined TRACON& Tower with Radar,35,8,12,0,55,0,0,36,0,36,35,8,48,0,91,88,0,88,179
11/26/2018,PSC,WA,ANM,WE,Combined TRACON& Tower with Radar,30,13,20,4,67,0,6,11,0,17,30,19,31,4,84,66,0,66,150
11/27/2018,PSC,WA,ANM,WE,Combined TRACON& Tower with Radar,26,8,16,2,52,0,0,16,2,18,26,8,32,4,70,9,0,9,79
11/28/2018,PSC,WA,ANM,WE,Combined TRACON& Tower with Radar,29,13,26,8,76,0,0,25,4,29,29,13,51,12,105,44,76,120,225
11/29/2018,PSC,WA,ANM,WE,Combined TRACON& Tower with Radar,26,12,21,9,68,0,0,0,0,0,26,12,21,9,68,0,0,0,68
11/30/2018,PSC,WA,ANM,WE,Combined TRACON& Tower with Radar,28,13,25,9,75,0,0,13,1,14,28,13,38,10,89,50,0,50,139
12/01/2018,PSC,WA,ANM,WE,Combined TRACON& Tower with Radar,25,13,6,6,50,0,0,5,0,5,25,13,11,6,55,34,0,34,89
12/02/2018,PSC,WA,ANM,WE,Combined TRACON& Tower with Radar,28,5,13,0,46,0,0,6,0,6,28,5,19,0,52,42,0,42,94
12/03/2018,PSC,WA,ANM,WE,Combined TRACON& Tower with Radar,30,11,18,3,62,0,0,0,0,0,30,11,18,3,62,0,0,0,62
12/04/2018,PSC,WA,ANM,WE,Combined TRACON& Tower with Radar,26,7,17,9,59,0,0,0,0,0,26,7,17,9,59,0,0,0,59
12/05/2018,PSC,WA,ANM,WE,Combined TRACON& Tower with Radar,29,11,13,0,53,0,0,10,0,10,29,11,23,0,63,18,0,18,81
12/06/2018,PSC,WA,ANM,WE,Combined TRACON& Tower with Radar,31,12,9,6,58,0,0,4,0,4,31,12,13,6,62,0,0,0,62
12/07/2018,PSC,WA,ANM,WE,Combined TRACON& Tower with Radar,30,10,28,0,68,0,0,12,1,13,30,10,40,1,81,0,0,0,81
12/08/2018,PSC,WA,ANM,WE,Combined TRACON& Tower with Radar,24,10,14,0,48,0,2,15,0,17,24,12,29,0,65,0,0,0,65
12/09/2018,PSC,WA,ANM,WE,Combined TRACON& Tower with Radar,32,5,14,0,51,0,0,12,0,12,32,5,26,0,63,0,0,0,63
12/10/2018,PSC,WA,ANM,WE,Combined TRACON& Tower with Radar,34,10,6,0,50,0,0,2,0,2,34,10,8,0,52,0,0,0,52
12/11/2018,PSC,WA,ANM,WE,Combined TRACON& Tower with Radar,28,7,12,22,69,0,0,4,0,4,28,7,16,22,73,0,0,0,73
12/12/2018,PSC,WA,ANM,WE,Combined TRACON& Tower with Radar,28,12,17,0,57,0,2,24,1,27,28,14,41,1,84,0,0,0,84
12/13/2018,PSC,WA,ANM,WE,Combined TRACON& Tower with Radar,32,16,16,0,64,0,0,26,5,31,32,16,42,5,95,0,0,0,95
12/14/2018,PSC,WA,ANM,WE,Combined TRACON& Tower with Radar,30,12,20,12,74,0,0,24,0,24,30,12,44,12,98,0,0,0,98
12/15/2018,PSC,WA,ANM,WE,Combined TRACON& Tower with Radar,26,6,11,0,43,0,4,23,0,27,26,10,34,0,70,0,0,0,70
12/16/2018,PSC,WA,ANM,WE,Combined TRACON& Tower with Radar,33,3,11,0,47,0,0,6,0,6,33,3,17,0,53,0,0,0,53
12/17/2018,PSC,WA,ANM,WE,Combined TRACON& Tower with Radar,30,11,13,0,54,0,0,22,0,22,30,11,35,0,76,0,0,0,76
12/18/2018,PSC,WA,ANM,WE,Combined TRACON& Tower with Radar,28,11,16,10,65,0,0,8,0,8,28,11,24,10,73,0,0,0,73
12/19/2018,PSC,WA,ANM,WE,Combined TRACON& Tower with Radar,28,10,15,15,68,0,0,18,3,21,28,10,33,18,89,0,0,0,89
12/20/2018,PSC,WA,ANM,WE,Combined TRACON& Tower with Radar,30,13,12,8,63,0,0,14,0,14,30,13,26,8,77,0,0,0,77
12/21/2018,PSC,WA,ANM,WE,Combined TRACON& Tower with Radar,28,17,11,1,57,0,3,23,1,27,28,20,34,2,84,0,0,0,84
12/22/2018,PSC,WA,ANM,WE,Combined TRACON& Tower with Radar,23,14,11,0,48,0,1,31,0,32,23,15,42,0,80,0,0,0,80
12/23/2018,PSC,WA,ANM,WE,Combined TRACON& Tower with Radar,27,8,5,0,40,0,0,5,0,5,27,8,10,0,45,0,0,0,45
12/24/2018,PSC,WA,ANM,WE,Combined TRACON& Tower with Radar,26,7,1,0,34,0,0,0,0,0,26,7,1,0,34,0,0,0,34
12/25/2018,PSC,WA,ANM,WE,Combined TRACON& Tower with Radar,22,4,10,0,36,0,0,6,0,6,22,4,16,0,42,0,0,0,42
12/26/2018,PSC,WA,ANM,WE,Combined TRACON& Tower with Radar,24,12,4,0,40,0,0,9,0,9,24,12,13,0,49,0,0,0,49
12/27/2018,PSC,WA,ANM,WE,Combined TRACON& Tower with Radar,29,12,16,0,57,0,0,2,0,2,29,12,18,0,59,0,0,0,59
12/28/2018,PSC,WA,ANM,WE,Combined TRACON& Tower with Radar,22,16,0,0,38,0,0,0,0,0,22,16,0,0,38,0,0,0,38
12/29/2018,PSC,WA,ANM,WE,Combined TRACON& Tower with Radar,23,13,14,0,50,0,1,1,0,2,23,14,15,0,52,0,0,0,52
12/30/2018,PSC,WA,ANM,WE,Combined TRACON& Tower with Radar,25,8,10,0,43,0,0,19,0,19,25,8,29,0,62,0,0,0,62
12/31/2018,PSC,WA,ANM,WE,Combined TRACON& Tower with Radar,34,9,15,0,58,0,0,26,0,26,34,9,41,0,84,0,0,0,84
01/01/2019,PSC,WA,ANM,WE,Combined TRACON& Tower with Radar,23,5,14,0,42,0,0,15,0,15,23,5,29,0,57,64,0,64,121
01/02/2019,PSC,WA,ANM,WE,Combined TRACON& Tower with Radar,25,12,18,0,55,0,1,28,4,33,25,13,46,4,88,48,0,48,136
01/03/2019,PSC,WA,ANM,WE,Combined TRACON& Tower with Radar,25,12,9,0,46,0,0,10,0,10,25,12,19,0,56,18,0,18,74
01/04/2019,PSC,WA,ANM,WE,Combined TRACON& Tower with Radar,26,12,16,0,54,0,3,33,1,37,26,15,49,1,91,54,0,54,145
01/05/2019,PSC,WA,ANM,WE,Combined TRACON& Tower with Radar,24,8,13,0,45,0,1,35,0,36,24,9,48,0,81,112,0,112,193
01/06/2019,PSC,WA,ANM,WE,Combined TRACON& Tower with Radar,27,2,15,0,44,0,1,25,0,26,27,3,40,0,70,61,0,61,131
01/07/2019,PSC,WA,ANM,WE,Combined TRACON& Tower with Radar,32,8,14,9,63,0,2,32,2,36,32,10,46,11,99,55,0,55,154
01/08/2019,PSC,WA,ANM,WE,Combined TRACON& Tower with Radar,28,7,14,0,49,0,0,2,0,2,28,7,16,0,51,13,0,13,64
01/09/2019,PSC,WA,ANM,WE,Combined TRACON& Tower with Radar,27,13,14,4,58,0,0,4,0,4,27,13,18,4,62,57,0,57,119
01/10/2019,PSC,WA,ANM,WE,Combined TRACON& Tower with Radar,31,6,23,6,66,0,0,7,1,8,31,6,30,7,74,0,5,5,79
01/11/2019,PSC,WA,ANM,WE,Combined TRACON& Tower with Radar,33,10,14,0,57,0,0,8,2,10,33,10,22,2,67,17,0,17,84
01/12/2019,PSC,WA,ANM,WE,Combined TRACON& Tower with Radar,23,11,2,0,36,0,0,0,0,0,23,11,2,0,36,0,0,0,36
01/13/2019,PSC,WA,ANM,WE,Combined TRACON& Tower with Radar,29,2,10,0,41,0,0,0,0,0,29,2,10,0,41,0,0,0,41
01/14/2019,PSC,WA,ANM,WE,Combined TRACON& Tower with Radar,30,6,11,5,52,0,0,1,1,2,30,6,12,6,54,3,0,3,57
01/15/2019,PSC,WA,ANM,WE,Combined TRACON& Tower with Radar,27,6,17,0,50,0,0,6,2,8,27,6,23,2,58,52,0,52,110
01/16/2019,PSC,WA,ANM,WE,Combined TRACON& Tower with Radar,29,5,13,0,47,0,9,24,0,33,29,14,37,0,80,89,0,89,169
01/17/2019,PSC,WA,ANM,WE,Combined TRACON& Tower with Radar,29,13,21,5,68,0,0,0,0,0,29,13,21,5,68,0,0,0,68
01/18/2019,PSC,WA,ANM,WE,Combined TRACON& Tower with Radar,31,8,9,8,56,0,0,20,0,20,31,8,29,8,76,65,33,98,174
01/19/2019,PSC,WA,ANM,WE,Combined TRACON& Tower with Radar,19,7,2,0,28,0,1,20,0,21,19,8,22,0,49,132,0,132,181
01/20/2019,PSC,WA,ANM,WE,Combined TRACON& Tower with Radar,26,4,5,0,35,0,0,0,0,0,26,4,5,0,35,0,0,0,35
01/21/2019,PSC,WA,ANM,WE,Combined TRACON& Tower with Radar,30,12,19,0,61,0,0,17,0,17,30,12,36,0,78,46,0,46,124
01/22/2019,PSC,WA,ANM,WE,Combined TRACON& Tower with Radar,28,8,10,0,46,0,1,22,0,23,28,9,32,0,69,33,0,33,102
01/23/2019,PSC,WA,ANM,WE,Combined TRACON& Tower with Radar,26,6,24,14,70,0,4,44,2,50,26,10,68,16,120,81,53,134,254
01/24/2019,PSC,WA,ANM,WE,Combined TRACON& Tower with Radar,31,10,30,0,71,0,2,24,0,26,31,12,54,0,97,59,0,59,156
01/25/2019,PSC,WA,ANM,WE,Combined TRACON& Tower with Radar,27,8,7,16,58,0,0,10,1,11,27,8,17,17,69,42,13,55,124
01/26/2019,PSC,WA,ANM,WE,Combined TRACON& Tower with Radar,25,8,10,0,43,0,0,0,0,0,25,8,10,0,43,0,0,0,43
01/27/2019,PSC,WA,ANM,WE,Combined TRACON& Tower with Radar,29,5,14,0,48,0,0,0,0,0,29,5,14,0,48,12,0,12,60
01/28/2019,PSC,WA,ANM,WE,Combined TRACON& Tower with Radar,28,9,14,0,51,0,0,4,0,4,28,9,18,0,55,20,0,20,75
01/29/2019,PSC,WA,ANM,WE,Combined TRACON& Tower with Radar,27,8,21,0,56,0,0,0,0,0,27,8,21,0,56,6,0,6,62
01/30/2019,PSC,WA,ANM,WE,Combined TRACON& Tower with Radar,34,14,15,4,67,0,0,7,0,7,34,14,22,4,74,120,0,120,194
01/31/2019,PSC,WA,ANM,WE,Combined TRACON& Tower with Radar,29,7,15,0,51,0,0,0,0,0,29,7,15,0,51,21,0,21,72
02/01/2019,PSC,WA,ANM,WE,Combined TRACON& Tower with Radar,30,14,13,0,57,0,0,0,0,0,30,14,13,0,57,0,0,0,57
02/02/2019,PSC,WA,ANM,WE,Combined TRACON& Tower with Radar,20,6,6,0,32,0,0,1,0,1,20,6,7,0,33,0,0,0,33
02/03/2019,PSC,WA,ANM,WE,Combined TRACON& Tower with Radar,27,5,2,0,34,0,0,5,0,5,27,5,7,0,39,47,0,47,86
02/04/2019,PSC,WA,ANM,WE,Combined TRACON& Tower with Radar,24,2,16,0,42,0,0,0,0,0,24,2,16,0,42,0,0,0,42
02/05/2019,PSC,WA,ANM,WE,Combined TRACON& Tower with Radar,29,9,25,5,68,0,2,10,0,12,29,11,35,5,80,45,0,45,125
02/06/2019,PSC,WA,ANM,WE,Combined TRACON& Tower with Radar,29,8,21,0,58,0,10,53,0,63,29,18,74,0,121,92,0,92,213
02/07/2019,PSC,WA,ANM,WE,Combined TRACON& Tower with Radar,33,6,25,0,64,0,9,25,1,35,33,15,50,1,99,119,0,119,218
02/08/2019,PSC,WA,ANM,WE,Combined TRACON& Tower with Radar,24,5,6,0,35,0,0,0,0,0,24,5,6,0,35,43,0,43,78
02/09/2019,PSC,WA,ANM,WE,Combined TRACON& Tower with Radar,6,0,0,0,6,0,0,0,0,0,6,0,0,0,6,0,0,0,6
02/10/2019,PSC,WA,ANM,WE,Combined TRACON& Tower with Radar,30,2,3,0,35,0,0,0,0,0,30,2,3,0,35,0,0,0,35
02/11/2019,PSC,WA,ANM,WE,Combined TRACON& Tower with Radar,18,2,5,0,25,0,0,0,0,0,18,2,5,0,25,0,0,0,25
02/12/2019,PSC,WA,ANM,WE,Combined TRACON& Tower with Radar,24,10,12,0,46,0,0,9,0,9,24,10,21,0,55,39,0,39,94
02/13/2019,PSC,WA,ANM,WE,Combined TRACON& Tower with Radar,35,11,5,2,53,0,0,0,0,0,35,11,5,2,53,24,35,59,112
02/14/2019,PSC,WA,ANM,WE,Combined TRACON& Tower with Radar,28,11,8,0,47,0,0,0,0,0,28,11,8,0,47,26,0,26,73
02/15/2019,PSC,WA,ANM,WE,Combined TRACON& Tower with Radar,27,14,19,0,60,0,0,8,0,8,27,14,27,0,68,74,0,74,142
02/16/2019,PSC,WA,ANM,WE,Combined TRACON& Tower with Radar,22,10,4,0,36,0,0,9,0,9,22,10,13,0,45,22,0,22,67
02/17/2019,PSC,WA,ANM,WE,Combined TRACON& Tower with Radar,28,4,5,0,37,0,0,13,0,13,28,4,18,0,50,71,0,71,121
02/18/2019,PSC,WA,ANM,WE,Combined TRACON& Tower with Radar,33,8,15,0,56,0,2,32,0,34,33,10,47,0,90,74,0,74,164
02/19/2019,PSC,WA,ANM,WE,Combined TRACON& Tower with Radar,31,11,14,0,56,0,0,3,0,3,31,11,17,0,59,58,0,58,117
02/20/2019,PSC,WA,ANM,WE,Combined TRACON& Tower with Radar,29,13,15,0,57,0,0,11,0,11,29,13,26,0,68,66,0,66,134
02/21/2019,PSC,WA,ANM,WE,Combined TRACON& Tower with Radar,31,11,13,19,74,0,0,2,1,3,31,11,15,20,77,18,0,18,95
02/22/2019,PSC,WA,ANM,WE,Combined TRACON& Tower with Radar,32,12,11,2,57,0,0,28,3,31,32,12,39,5,88,79,0,79,167
02/23/2019,PSC,WA,ANM,WE,Combined TRACON& Tower with Radar,23,6,31,0,60,0,1,53,1,55,23,7,84,1,115,108,0,108,223
02/24/2019,PSC,WA,ANM,WE,Combined TRACON& Tower with Radar,29,3,13,0,45,0,0,0,0,0,29,3,13,0,45,0,0,0,45
02/25/2019,PSC,WA,ANM,WE,Combined TRACON& Tower with Radar,31,14,11,0,56,0,0,0,0,0,31,14,11,0,56,0,0,0,56
02/26/2019,PSC,WA,ANM,WE,Combined TRACON& Tower with Radar,30,14,22,7,73,0,6,26,0,32,30,20,48,7,105,33,2,35,140
02/27/2019,PSC,WA,ANM,WE,Combined TRACON& Tower with Radar,28,14,17,0,59,0,0,2,0,2,28,14,19,0,61,0,0,0,61
02/28/2019,PSC,WA,ANM,WE,Combined TRACON& Tower with Radar,30,11,25,7,73,0,0,21,0,21,30,11,46,7,94,10,0,10,104
03/01/2019,PSC,WA,ANM,WE,Combined TRACON& Tower with Radar,30,7,19,0,56,0,0,6,1,7,30,7,25,1,63,21,0,21,84
03/02/2019,PSC,WA,ANM,WE,Combined TRACON& Tower with Radar,23,7,6,0,36,0,1,15,3,19,23,8,21,3,55,74,0,74,129
03/03/2019,PSC,WA,ANM,WE,Combined TRACON& Tower with Radar,34,4,9,4,51,0,0,36,0,36,34,4,45,4,87,81,0,81,168
03/04/2019,PSC,WA,ANM,WE,Combined TRACON& Tower with Radar,28,11,22,0,61,0,7,22,2,31,28,18,44,2,92,8,0,8,100
03/05/2019,PSC,WA,ANM,WE,Combined TRACON& Tower with Radar,31,13,5,0,49,0,0,22,0,22,31,13,27,0,71,54,0,54,125
03/06/2019,PSC,WA,ANM,WE,Combined TRACON& Tower with Radar,29,11,13,0,53,0,0,0,0,0,29,11,13,0,53,0,0,0,53
03/07/2019,PSC,WA,ANM,WE,Combined TRACON& Tower with Radar,32,12,17,16,77,0,2,21,1,24,32,14,38,17,101,64,40,104,205
03/08/2019,PSC,WA,ANM,WE,Combined TRACON& Tower with Radar,34,10,16,2,62,0,2,25,2,29,34,12,41,4,91,32,0,32,123
03/09/2019,PSC,WA,ANM,WE,Combined TRACON& Tower with Radar,19,5,5,0,29,0,1,16,0,17,19,6,21,0,46,42,0,42,88
03/10/2019,PSC,WA,ANM,WE,Combined TRACON& Tower with Radar,32,3,10,0,45,0,0,33,0,33,32,3,43,0,78,127,0,127,205
03/11/2019,PSC,WA,ANM,WE,Combined TRACON& Tower with Radar,29,8,26,2,65,0,0,15,0,15,29,8,41,2,80,81,0,81,161
03/12/2019,PSC,WA,ANM,WE,Combined TRACON& Tower with Radar,31,11,17,0,59,0,0,0,0,0,31,11,17,0,59,0,0,0,59
03/13/2019,PSC,WA,ANM,WE,Combined TRACON& Tower with Radar,26,8,25,1,60,0,17,45,9,71,26,25,70,10,131,49,0,49,180
03/14/2019,PSC,WA,ANM,WE,Combined TRACON& Tower with Radar,31,10,30,3,74,0,10,29,1,40,31,20,59,4,114,28,0,28,142
03/15/2019,PSC,WA,ANM,WE,Combined TRACON& Tower with Radar,30,11,11,0,52,0,0,54,2,56,30,11,65,2,108,90,0,90,198
03/16/2019,PSC,WA,ANM,WE,Combined TRACON& Tower with Radar,21,5,6,0,32,0,2,26,1,29,21,7,32,1,61,89,0,89,150
03/17/2019,PSC,WA,ANM,WE,Combined TRACON& Tower with Radar,31,4,12,0,47,0,1,43,0,44,31,5,55,0,91,96,0,96,187
03/18/2019,PSC,WA,ANM,WE,Combined TRACON& Tower with Radar,34,7,11,0,52,0,1,41,0,42,34,8,52,0,94,121,0,121,215
03/19/2019,PSC,WA,ANM,WE,Combined TRACON& Tower with Radar,31,9,30,0,70,0,3,50,1,54,31,12,80,1,124,0,0,0,124
03/20/2019,PSC,WA,ANM,WE,Combined TRACON& Tower with Radar,29,8,11,0,48,0,2,46,2,50,29,10,57,2,98,75,0,75,173
03/21/2019,PSC,WA,ANM,WE,Combined TRACON& Tower with Radar,29,8,17,7,61,0,3,43,1,47,29,11,60,8,108,55,0,55,163
03/22/2019,PSC,WA,ANM,WE,Combined TRACON& Tower with Radar,31,9,14,2,56,0,0,36,0,36,31,9,50,2,92,71,0,71,163
03/23/2019,PSC,WA,ANM,WE,Combined TRACON& Tower with Radar,23,8,3,0,34,0,2,23,1,26,23,10,26,1,60,60,0,60,120
03/24/2019,PSC,WA,ANM,WE,Combined TRACON& Tower with Radar,30,3,13,0,46,0,0,9,0,9,30,3,22,0,55,64,0,64,119
03/25/2019,PSC,WA,ANM,WE,Combined TRACON& Tower with Radar,30,8,29,10,77,0,1,28,0,29,30,9,57,10,106,67,8,75,181
03/26/2019,PSC,WA,ANM,WE,Combined TRACON& Tower with Radar,32,11,27,1,71,0,2,44,1,47,32,13,71,2,118,35,0,35,153
03/27/2019,PSC,WA,ANM,WE,Combined TRACON& Tower with Radar,31,10,16,0,57,0,0,19,0,19,31,10,35,0,76,15,0,15,91
03/28/2019,PSC,WA,ANM,WE,Combined TRACON& Tower with Radar,31,9,22,6,68,0,1,48,1,50,31,10,70,7,118,77,40,117,235
03/29/2019,PSC,WA,ANM,WE,Combined TRACON& Tower with Radar,31,9,20,1,61,0,0,48,2,50,31,9,68,3,111,101,4,105,216
03/30/2019,PSC,WA,ANM,WE,Combined TRACON& Tower with Radar,22,6,13,0,41,0,2,76,0,78,22,8,89,0,119,132,0,132,251
03/31/2019,PSC,WA,ANM,WE,Combined TRACON& Tower with Radar,32,6,16,0,54,0,0,48,0,48,32,6,64,0,102,57,0,57,159
04/01/2019,PSC,WA,ANM,WE,Combined TRACON& Tower with Radar,32,7,6,0,45,0,4,21,0,25,32,11,27,0,70,31,0,31,101
04/02/2019,PSC,WA,ANM,WE,Combined TRACON& Tower with Radar,33,8,11,0,52,0,6,22,0,28,33,14,33,0,80,29,0,29,109
04/03/2019,PSC,WA,ANM,WE,Combined TRACON& Tower with Radar,32,10,14,0,56,0,1,11,0,12,32,11,25,0,68,42,0,42,110
04/04/2019,PSC,WA,ANM,WE,Combined TRACON& Tower with Radar,35,8,12,1,56,0,14,40,0,54,35,22,52,1,110,37,0,37,147
04/05/2019,PSC,WA,ANM,WE,Combined TRACON& Tower with Radar,35,9,16,0,60,0,0,22,2,24,35,9,38,2,84,16,0,16,100
04/06/2019,PSC,WA,ANM,WE,Combined TRACON& Tower with Radar,29,5,2,0,36,0,1,15,1,17,29,6,17,1,53,0,0,0,53
04/07/2019,PSC,WA,ANM,WE,Combined TRACON& Tower with Radar,35,9,4,0,48,0,0,16,0,16,35,9,20,0,64,40,0,40,104
04/08/2019,PSC,WA,ANM,WE,Combined TRACON& Tower with Radar,35,8,14,0,57,0,0,1,0,1,35,8,15,0,58,4,0,4,62
04/09/2019,PSC,WA,ANM,WE,Combined TRACON& Tower with Radar,33,9,20,9,71,0,1,11,2,14,33,10,31,11,85,1,9,10,95
04/10/2019,PSC,WA,ANM,WE,Combined TRACON& Tower with Radar,28,9,27,0,64,0,4,33,0,37,28,13,60,0,101,46,0,46,147
04/11/2019,PSC,WA,ANM,WE,Combined TRACON& Tower with Radar,35,12,18,0,65,0,11,56,0,67,35,23,74,0,132,81,0,81,213
04/12/2019,PSC,WA,ANM,WE,Combined TRACON& Tower with Radar,33,11,28,0,72,0,3,44,0,47,33,14,72,0,119,90,0,90,209
04/13/2019,PSC,WA,ANM,WE,Combined TRACON& Tower with Radar,25,7,7,0,39,0,2,18,0,20,25,9,25,0,59,68,0,68,127
04/14/2019,PSC,WA,ANM,WE,Combined TRACON& Tower with Radar,34,3,12,0,49,0,0,32,0,32,34,3,44,0,81,40,0,40,121
04/15/2019,PSC,WA,ANM,WE,Combined TRACON& Tower with Radar,37,6,8,4,55,0,12,60,0,72,37,18,68,4,127,142,0,142,269
04/16/2019,PSC,WA,ANM,WE,Combined TRACON& Tower with Radar,33,8,18,2,61,0,17,38,1,56,33,25,56,3,117,24,0,24,141
04/17/2019,PSC,WA,ANM,WE,Combined TRACON& Tower with Radar,31,10,21,0,62,0,7,45,3,55,31,17,66,3,117,34,0,34,151
04/18/2019,PSC,WA,ANM,WE,Combined TRACON& Tower with Radar,33,14,17,0,64,0,5,47,0,52,33,19,64,0,116,27,0,27,143
04/19/2019,PSC,WA,ANM,WE,Combined TRACON& Tower with Radar,35,9,18,0,62,0,1,38,0,39,35,10,56,0,101,11,0,11,112
04/20/2019,PSC,WA,ANM,WE,Combined TRACON& Tower with Radar,26,4,21,0,51,0,1,64,0,65,26,5,85,0,116,12,0,12,128
04/21/2019,PSC,WA,ANM,WE,Combined TRACON& Tower with Radar,33,4,13,0,50,0,2,35,0,37,33,6,48,0,87,92,0,92,179
04/22/2019,PSC,WA,ANM,WE,Combined TRACON& Tower with Radar,30,8,16,1,55,0,9,62,1,72,30,17,78,2,127,152,0,152,279
04/23/2019,PSC,WA,ANM,WE,Combined TRACON& Tower with Radar,33,10,14,11,68,0,1,26,5,32,33,11,40,16,100,63,14,77,177
04/24/2019,PSC,WA,ANM,WE,Combined TRACON& Tower with Radar,31,8,30,0,69,0,6,55,1,62,31,14,85,1,131,141,0,141,272
04/25/2019,PSC,WA,ANM,WE,Combined TRACON& Tower with Radar,33,9,15,7,64,0,12,32,1,45,33,21,47,8,109,54,0,54,163
04/26/2019,PSC,WA,ANM,WE,Combined TRACON& Tower with Radar,33,11,13,0,57,0,1,27,0,28,33,12,40,0,85,34,0,34,119
04/27/2019,PSC,WA,ANM,WE,Combined TRACON& Tower with Radar,25,2,12,0,39,0,2,15,0,17,25,4,27,0,56,5,0,5,61
04/28/2019,PSC,WA,ANM,WE,Combined TRACON& Tower with Radar,31,5,11,0,47,0,0,41,0,41,31,5,52,0,88,28,0,28,116
04/29/2019,PSC,WA,ANM,WE,Combined TRACON& Tower with Radar,29,11,6,0,46,0,8,33,0,41,29,19,39,0,87,63,0,63,150
04/30/2019,PSC,WA,ANM,WE,Combined TRACON& Tower with Radar,29,15,11,0,55,0,14,32,0,46,29,29,43,0,101,48,0,48,149
05/01/2019,PSC,WA,ANM,WE,Combined TRACON& Tower with Radar,28,12,15,4,59,0,8,36,0,44,28,20,51,4,103,40,0,40,143
05/02/2019,PSC,WA,ANM,WE,Combined TRACON& Tower with Radar,31,16,15,3,65,0,10,49,1,60,31,26,64,4,125,44,0,44,169
05/03/2019,PSC,WA,ANM,WE,Combined TRACON& Tower with Radar,31,11,9,0,51,0,2,45,0,47,31,13,54,0,98,111,0,111,209
05/04/2019,PSC,WA,ANM,WE,Combined TRACON& Tower with Radar,23,7,8,0,38,0,3,49,2,54,23,10,57,2,92,115,0,115,207
05/05/2019,PSC,WA,ANM,WE,Combined TRACON& Tower with Radar,31,6,3,0,40,0,2,30,0,32,31,8,33,0,72,79,0,79,151
05/06/2019,PSC,WA,ANM,WE,Combined TRACON& Tower with Radar,31,13,17,5,66,0,20,48,2,70,31,33,65,7,136,48,24,72,208
05/07/2019,PSC,WA,ANM,WE,Combined TRACON& Tower with Radar,29,10,18,0,57,0,6,39,0,45,29,16,57,0,102,31,0,31,133
05/08/2019,PSC,WA,ANM,WE,Combined TRACON& Tower with Radar,29,11,17,0,57,0,8,45,0,53,29,19,62,0,110,42,0,42,152
05/09/2019,PSC,WA,ANM,WE,Combined TRACON& Tower with Radar,33,11,20,11,75,0,5,34,2,41,33,16,54,13,116,27,9,36,152
05/10/2019,PSC,WA,ANM,WE,Combined TRACON& Tower with Radar,31,16,10,0,57,0,0,62,5,67,31,16,72,5,124,76,0,76,200
05/11/2019,PSC,WA,ANM,WE,Combined TRACON& Tower with Radar,23,8,10,0,41,0,1,63,0,64,23,9,73,0,105,60,0,60,165
05/12/2019,PSC,WA,ANM,WE,Combined TRACON& Tower with Radar,31,6,7,0,44,0,0,35,0,35,31,6,42,0,79,76,0,76,155
05/13/2019,PSC,WA,ANM,WE,Combined TRACON& Tower with Radar,31,14,21,19,85,0,6,45,1,52,31,20,66,20,137,42,31,73,210
05/14/2019,PSC,WA,ANM,WE,Combined TRACON& Tower with Radar,31,14,19,0,64,0,10,44,0,54,31,24,63,0,118,54,0,54,172
05/15/2019,PSC,WA,ANM,WE,Combined TRACON& Tower with Radar,29,11,29,8,77,0,1,42,0,43,29,12,71,8,120,28,0,28,148
05/16/2019,PSC,WA,ANM,WE,Combined TRACON& Tower with Radar,30,13,17,0,60,0,0,9,0,9,30,13,26,0,69,61,0,61,130
05/17/2019,PSC,WA,ANM,WE,Combined TRACON& Tower with Radar,33,11,22,0,66,0,0,17,0,17,33,11,39,0,83,41,0,41,124
05/18/2019,PSC,WA,ANM,WE,Combined TRACON& Tower with Radar,23,7,9,0,39,0,4,40,2,46,23,11,49,2,85,81,0,81,166
05/19/2019,PSC,WA,ANM,WE,Combined TRACON& Tower with Radar,31,4,12,0,47,0,0,21,2,23,31,4,33,2,70,54,0,54,124
05/20/2019,PSC,WA,ANM,WE,Combined TRACON& Tower with Radar,30,9,20,7,66,1,5,22,0,28,31,14,42,7,94,32,0,32,126
05/21/2019,PSC,WA,ANM,WE,Combined TRACON& Tower with Radar,31,15,21,0,67,0,0,27,0,27,31,15,48,0,94,49,0,49,143
05/22/2019,PSC,WA,ANM,WE,Combined TRACON& Tower with Radar,31,12,23,0,66,0,3,29,1,33,31,15,52,1,99,44,0,44,143
05/23/2019,PSC,WA,ANM,WE,Combined TRACON& Tower with Radar,32,17,34,0,83,0,15,42,1,58,32,32,76,1,141,35,0,35,176
05/24/2019,PSC,WA,ANM,WE,Combined TRACON& Tower with Radar,31,11,17,0,59,0,0,24,1,25,31,11,41,1,84,42,0,42,126
05/25/2019,PSC,WA,ANM,WE,Combined TRACON& Tower with Radar,23,9,9,0,41,0,1,51,0,52,23,10,60,0,93,34,0,34,127
05/26/2019,PSC,WA,ANM,WE,Combined TRACON& Tower with Radar,28,3,10,0,41,0,0,11,0,11,28,3,21,0,52,18,0,18,70
05/27/2019,PSC,WA,ANM,WE,Combined TRACON& Tower with Radar,30,5,7,0,42,0,0,33,0,33,30,5,40,0,75,29,0,29,104
05/28/2019,PSC,WA,ANM,WE,Combined TRACON& Tower with Radar,31,9,22,0,62,0,18,31,2,51,31,27,53,2,113,18,0,18,131
05/29/2019,PSC,WA,ANM,WE,Combined TRACON& Tower with Radar,30,13,20,0,63,0,14,28,0,42,30,27,48,0,105,34,0,34,139
05/30/2019,PSC,WA,ANM,WE,Combined TRACON& Tower with Radar,33,13,11,0,57,0,15,32,0,47,33,28,43,0,104,27,0,27,131
05/31/2019,PSC,WA,ANM,WE,Combined TRACON& Tower with Radar,31,11,25,2,69,0,1,44,1,46,31,12,69,3,115,64,0,64,179
06/01/2019,PSC,WA,ANM,WE,Combined TRACON& Tower with Radar,25,11,8,0,44,0,1,39,1,41,25,12,47,1,85,49,0,49,134
06/02/2019,PSC,WA,ANM,WE,Combined TRACON& Tower with Radar,31,5,11,0,47,0,0,45,0,45,31,5,56,0,92,45,0,45,137
06/03/2019,PSC,WA,ANM,WE,Combined TRACON& Tower with Radar,38,5,15,2,60,0,8,39,3,50,38,13,54,5,110,71,0,71,181
06/04/2019,PSC,WA,ANM,WE,Combined TRACON& Tower with Radar,30,15,21,1,67,0,0,61,6,67,30,15,82,7,134,51,0,51,185
06/05/2019,PSC,WA,ANM,WE,Combined TRACON& Tower with Radar,32,10,17,11,70,0,12,40,4,56,32,22,57,15,126,13,19,32,158
06/06/2019,PSC,WA,ANM,WE,Combined TRACON& Tower with Radar,26,16,25,0,67,0,22,39,0,61,26,38,64,0,128,56,0,56,184
06/07/2019,PSC,WA,ANM,WE,Combined TRACON& Tower with Radar,27,22,9,0,58,0,1,43,0,44,27,23,52,0,102,26,0,26,128
06/08/2019,PSC,WA,ANM,WE,Combined TRACON& Tower with Radar,24,12,12,0,48,0,1,55,1,57,24,13,67,1,105,42,0,42,147
06/09/2019,PSC,WA,ANM,WE,Combined TRACON& Tower with Radar,32,6,11,0,49,0,0,35,0,35,32,6,46,0,84,58,0,58,142
06/10/2019,PSC,WA,ANM,WE,Combined TRACON& Tower with Radar,32,16,30,0,78,0,9,65,1,75,32,25,95,1,153,88,0,88,241
06/11/2019,PSC,WA,ANM,WE,Combined TRACON& Tower with Radar,30,17,18,11,76,0,1,64,2,67,30,18,82,13,143,71,18,89,232
06/12/2019,PSC,WA,ANM,WE,Combined TRACON& Tower with Radar,30,15,18,0,63,0,1,44,0,45,30,16,62,0,108,113,0,113,221
06/13/2019,PSC,WA,ANM,WE,Combined TRACON& Tower with Radar,31,14,26,10,81,0,2,45,3,50,31,16,71,13,131,46,12,58,189
06/14/2019,PSC,WA,ANM,WE,Combined TRACON& Tower with Radar,29,13,17,22,81,0,1,61,1,63,29,14,78,23,144,36,0,36,180
06/15/2019,PSC,WA,ANM,WE,Combined TRACON& Tower with Radar,24,13,10,0,47,0,1,56,1,58,24,14,66,1,105,64,0,64,169
06/16/2019,PSC,WA,ANM,WE,Combined TRACON& Tower with Radar,32,7,6,0,45,0,1,41,0,42,32,8,47,0,87,70,0,70,157
06/17/2019,PSC,WA,ANM,WE,Combined TRACON& Tower with Radar,31,10,23,8,72,0,0,32,4,36,31,10,55,12,108,48,10,58,166
06/18/2019,PSC,WA,ANM,WE,Combined TRACON& Tower with Radar,34,15,17,15,81,0,1,38,0,39,34,16,55,15,120,56,10,66,186
06/19/2019,PSC,WA,ANM,WE,Combined TRACON& Tower with Radar,31,16,17,9,73,0,1,20,0,21,31,17,37,9,94,43,16,59,153
06/20/2019,PSC,WA,ANM,WE,Combined TRACON& Tower with Radar,31,16,17,33,97,0,0,31,0,31,31,16,48,33,128,17,8,25,153
06/21/2019,PSC,WA,ANM,WE,Combined TRACON& Tower with Radar,31,14,21,0,66,0,0,34,0,34,31,14,55,0,100,65,0,65,165
06/22/2019,PSC,WA,ANM,WE,Combined TRACON& Tower with Radar,24,11,12,0,47,0,3,40,0,43,24,14,52,0,90,30,0,30,120
06/23/2019,PSC,WA,ANM,WE,Combined TRACON& Tower with Radar,31,7,8,0,46,0,0,14,0,14,31,7,22,0,60,59,0,59,119
06/24/2019,PSC,WA,ANM,WE,Combined TRACON& Tower with Radar,32,14,22,8,76,0,11,69,2,82,32,25,91,10,158,80,0,80,238
06/25/2019,PSC,WA,ANM,WE,Combined TRACON& Tower with Radar,30,17,18,0,65,0,13,53,1,67,30,30,71,1,132,64,0,64,196
06/26/2019,PSC,WA,ANM,WE,Combined TRACON& Tower with Radar,30,19,25,14,88,0,7,45,0,52,30,26,70,14,140,91,4,95,235
06/27/2019,PSC,WA,ANM,WE,Combined TRACON& Tower with Radar,32,17,20,9,78,0,2,40,6,48,32,19,60,15,126,44,18,62,188
06/28/2019,PSC,WA,ANM,WE,Combined TRACON& Tower with Radar,32,19,31,0,82,0,16,72,5,93,32,35,103,5,175,91,0,91,266
06/29/2019,PSC,WA,ANM,WE,Combined TRACON& Tower with Radar,28,13,14,0,55,0,1,74,0,75,28,14,88,0,130,124,0,124,254
06/30/2019,PSC,WA,ANM,WE,Combined TRACON& Tower with Radar,31,9,4,0,44,0,0,80,2,82,31,9,84,2,126,80,0,80,206
07/01/2019,PSC,WA,ANM,WE,Combined TRACON& Tower with Radar,32,19,15,13,79,0,8,27,6,41,32,27,42,19,120,63,24,87,207
07/02/2019,PSC,WA,ANM,WE,Combined TRACON& Tower with Radar,30,17,19,0,66,0,5,35,5,45,30,22,54,5,111,72,0,72,183
07/03/2019,PSC,WA,ANM,WE,Combined TRACON& Tower with Radar,30,17,13,1,61,0,7,36,3,46,30,24,49,4,107,60,0,60,167
07/04/2019,PSC,WA,ANM,WE,Combined TRACON& Tower with Radar,31,6,2,0,39,0,1,25,0,26,31,7,27,0,65,52,0,52,117
07/05/2019,PSC,WA,ANM,WE,Combined TRACON& Tower with Radar,29,16,6,0,51,0,4,36,0,40,29,20,42,0,91,36,0,36,127
07/06/2019,PSC,WA,ANM,WE,Combined TRACON& Tower with Radar,24,13,9,2,48,0,1,34,0,35,24,14,43,2,83,64,0,64,147
07/07/2019,PSC,WA,ANM,WE,Combined TRACON& Tower with Radar,33,7,7,1,48,0,3,29,2,34,33,10,36,3,82,102,0,102,184
07/08/2019,PSC,WA,ANM,WE,Combined TRACON& Tower with Radar,31,13,14,17,75,0,0,35,0,35,31,13,49,17,110,79,10,89,199
07/09/2019,PSC,WA,ANM,WE,Combined TRACON& Tower with Radar,30,19,13,18,80,0,20,42,0,62,30,39,55,18,142,33,50,83,225
07/10/2019,PSC,WA,ANM,WE,Combined TRACON& Tower with Radar,32,17,34,19,102,0,3,33,0,36,32,20,67,19,138,8,12,20,158
07/11/2019,PSC,WA,ANM,WE,Combined TRACON& Tower with Radar,30,21,31,4,86,0,4,36,1,41,30,25,67,5,127,55,6,61,188
07/12/2019,PSC,WA,ANM,WE,Combined TRACON& Tower with Radar,28,21,26,8,83,0,7,52,1,60,28,28,78,9,143,56,16,72,215
07/13/2019,PSC,WA,ANM,WE,Combined TRACON& Tower with Radar,27,13,10,0,50,0,1,56,0,57,27,14,66,0,107,27,0,27,134
07/14/2019,PSC,WA,ANM,WE,Combined TRACON& Tower with Radar,34,8,9,0,51,0,0,26,1,27,34,8,35,1,78,81,0,81,159
07/15/2019,PSC,WA,ANM,WE,Combined TRACON& Tower with Radar,33,15,18,4,70,0,0,23,2,25,33,15,41,6,95,28,0,28,123
07/16/2019,PSC,WA,ANM,WE,Combined TRACON& Tower with Radar,29,24,30,0,83,0,2,36,0,38,29,26,66,0,121,57,0,57,178
07/17/2019,PSC,WA,ANM,WE,Combined TRACON& Tower with Radar,30,22,24,5,81,0,1,26,0,27,30,23,50,5,108,0,0,0,108
07/18/2019,PSC,WA,ANM,WE,Combined TRACON& Tower with Radar,38,16,19,0,73,0,0,20,0,20,38,16,39,0,93,4,0,4,97
07/19/2019,PSC,WA,ANM,WE,Combined TRACON& Tower with Radar,29,19,11,0,59,0,0,49,1,50,29,19,60,1,109,47,0,47,156
07/20/2019,PSC,WA,ANM,WE,Combined TRACON& Tower with Radar,26,12,3,0,41,0,1,47,0,48,26,13,50,0,89,112,0,112,201
07/21/2019,PSC,WA,ANM,WE,Combined TRACON& Tower with Radar,32,8,13,0,53,0,0,34,0,34,32,8,47,0,87,68,0,68,155
07/22/2019,PSC,WA,ANM,WE,Combined TRACON& Tower with Radar,35,11,13,2,61,0,2,24,0,26,35,13,37,2,87,28,31,59,146
07/23/2019,PSC,WA,ANM,WE,Combined TRACON& Tower with Radar,33,18,11,2,64,0,1,32,0,33,33,19,43,2,97,25,0,25,122
07/24/2019,PSC,WA,ANM,WE,Combined TRACON& Tower with Radar,30,19,21,0,70,0,0,39,1,40,30,19,60,1,110,74,0,74,184
07/25/2019,PSC,WA,ANM,WE,Combined TRACON& Tower with Radar,32,14,12,0,58,0,4,68,0,72,32,18,80,0,130,28,0,28,158
07/26/2019,PSC,WA,ANM,WE,Combined TRACON& Tower with Radar,30,19,14,0,63,0,1,55,1,57,30,20,69,1,120,32,0,32,152
07/27/2019,PSC,WA,ANM,WE,Combined TRACON& Tower with Radar,26,14,9,0,49,0,1,32,0,33,26,15,41,0,82,17,0,17,99
07/28/2019,PSC,WA,ANM,WE,Combined TRACON& Tower with Radar,29,6,13,0,48,2,2,74,0,78,31,8,87,0,126,110,0,110,236
07/29/2019,PSC,WA,ANM,WE,Combined TRACON& Tower with Radar,33,12,26,4,75,1,0,54,2,57,34,12,80,6,132,31,15,46,178
07/30/2019,PSC,WA,ANM,WE,Combined TRACON& Tower with Radar,29,15,15,0,59,0,2,39,0,41,29,17,54,0,100,58,0,58,158
07/31/2019,PSC,WA,ANM,WE,Combined TRACON& Tower with Radar,30,15,17,1,63,0,2,69,1,72,30,17,86,2,135,76,4,80,215
08/01/2019,PSC,WA,ANM,WE,Combined TRACON& Tower with Radar,31,17,10,4,62,0,0,22,0,22,31,17,32,4,84,27,0,27,111
08/02/2019,PSC,WA,ANM,WE,Combined TRACON& Tower with Radar,29,14,9,0,52,0,2,43,3,48,29,16,52,3,100,33,0,33,133
08/03/2019,PSC,WA,ANM,WE,Combined TRACON& Tower with Radar,26,13,5,2,46,0,1,48,1,50,26,14,53,3,96,109,0,109,205
08/04/2019,PSC,WA,ANM,WE,Combined TRACON& Tower with Radar,30,8,8,0,46,0,0,25,0,25,30,8,33,0,71,72,0,72,143
08/05/2019,PSC,WA,ANM,WE,Combined TRACON& Tower with Radar,31,16,11,1,59,0,0,45,1,46,31,16,56,2,105,112,0,112,217
08/06/2019,PSC,WA,ANM,WE,Combined TRACON& Tower with Radar,26,20,11,0,57,0,3,34,0,37,26,23,45,0,94,100,0,100,194
08/07/2019,PSC,WA,ANM,WE,Combined TRACON& Tower with Radar,28,16,17,3,64,0,0,36,1,37,28,16,53,4,101,27,57,84,185
08/08/2019,PSC,WA,ANM,WE,Combined TRACON& Tower with Radar,32,14,15,15,76,0,1,18,0,19,32,15,33,15,95,18,6,24,119
08/09/2019,PSC,WA,ANM,WE,Combined TRACON& Tower with Radar,30,14,26,0,70,0,1,28,3,32,30,15,54,3,102,30,0,30,132
08/10/2019,PSC,WA,ANM,WE,Combined TRACON& Tower with Radar,26,12,11,0,49,0,1,32,0,33,26,13,43,0,82,54,0,54,136
08/11/2019,PSC,WA,ANM,WE,Combined TRACON& Tower with Radar,30,7,12,0,49,0,0,26,0,26,30,7,38,0,75,52,0,52,127
08/12/2019,PSC,WA,ANM,WE,Combined TRACON& Tower with Radar,36,9,24,2,71,0,0,53,0,53,36,9,77,2,124,57,46,103,227
08/13/2019,PSC,WA,ANM,WE,Combined TRACON& Tower with Radar,28,14,15,0,57,0,1,58,0,59,28,15,73,0,116,45,1,46,162
08/14/2019,PSC,WA,ANM,WE,Combined TRACON& Tower with Radar,29,17,20,0,66,0,3,44,3,50,29,20,64,3,116,50,0,50,166
08/15/2019,PSC,WA,ANM,WE,Combined TRACON& Tower with Radar,30,17,19,13,79,0,2,58,1,61,30,19,77,14,140,56,0,56,196
08/16/2019,PSC,WA,ANM,WE,Combined TRACON& Tower with Radar,30,14,16,5,65,0,4,41,2,47,30,18,57,7,112,28,4,32,144
08/17/2019,PSC,WA,ANM,WE,Combined TRACON& Tower with Radar,24,11,5,0,40,0,3,36,0,39,24,14,41,0,79,45,0,45,124
08/18/2019,PSC,WA,ANM,WE,Combined TRACON& Tower with Radar,32,7,12,0,51,0,0,39,0,39,32,7,51,0,90,87,0,87,177
08/19/2019,PSC,WA,ANM,WE,Combined TRACON& Tower with Radar,30,14,13,17,74,2,4,42,2,50,32,18,55,19,124,73,21,94,218
08/20/2019,PSC,WA,ANM,WE,Combined TRACON& Tower with Radar,29,14,14,0,57,0,2,33,1,36,29,16,47,1,93,60,0,60,153
08/21/2019,PSC,WA,ANM,WE,Combined TRACON& Tower with Radar,29,15,20,10,74,0,2,33,0,35,29,17,53,10,109,70,23,93,202
08/22/2019,PSC,WA,ANM,WE,Combined TRACON& Tower with Radar,30,16,13,0,59,0,0,26,0,26,30,16,39,0,85,46,0,46,131
08/23/2019,PSC,WA,ANM,WE,Combined TRACON& Tower with Radar,32,15,8,0,55,0,3,37,0,40,32,18,45,0,95,88,0,88,183
08/24/2019,PSC,WA,ANM,WE,Combined TRACON& Tower with Radar,24,14,13,0,51,0,3,37,0,40,24,17,50,0,91,61,0,61,152
08/25/2019,PSC,WA,ANM,WE,Combined TRACON& Tower with Radar,30,9,5,0,44,0,3,46,2,51,30,12,51,2,95,59,0,59,154
08/26/2019,PSC,WA,ANM,WE,Combined TRACON& Tower with Radar,32,13,16,0,61,2,8,55,0,65,34,21,71,0,126,27,0,27,153
08/27/2019,PSC,WA,ANM,WE,Combined TRACON& Tower with Radar,27,15,18,0,60,0,3,58,0,61,27,18,76,0,121,54,0,54,175
08/28/2019,PSC,WA,ANM,WE,Combined TRACON& Tower with Radar,27,16,17,2,62,0,1,40,1,42,27,17,57,3,104,66,0,66,170
08/29/2019,PSC,WA,ANM,WE,Combined TRACON& Tower with Radar,31,16,19,0,66,0,1,29,0,30,31,17,48,0,96,28,0,28,124
08/30/2019,PSC,WA,ANM,WE,Combined TRACON& Tower with Radar,27,16,13,0,56,1,9,41,0,51,28,25,54,0,107,88,0,88,195
08/31/2019,PSC,WA,ANM,WE,Combined TRACON& Tower with Radar,19,10,12,0,41,0,3,44,0,47,19,13,56,0,88,34,0,34,122
09/01/2019,PSC,WA,ANM,WE,Combined TRACON& Tower with Radar,21,8,11,0,40,0,1,29,0,30,21,9,40,0,70,64,0,64,134
09/02/2019,PSC,WA,ANM,WE,Combined TRACON& Tower with Radar,22,10,5,0,37,0,0,50,0,50,22,10,55,0,87,73,0,73,160
09/03/2019,PSC,WA,ANM,WE,Combined TRACON& Tower with Radar,29,12,7,6,54,0,1,38,1,40,29,13,45,7,94,50,6,56,150
09/04/2019,PSC,WA,ANM,WE,Combined TRACON& Tower with Radar,27,13,13,0,53,0,2,50,0,52,27,15,63,0,105,56,0,56,161
09/05/2019,PSC,WA,ANM,WE,Combined TRACON& Tower with Radar,27,19,11,0,57,0,1,49,0,50,27,20,60,0,107,100,0,100,207
09/06/2019,PSC,WA,ANM,WE,Combined TRACON& Tower with Radar,28,13,9,0,50,1,2,43,0,46,29,15,52,0,96,49,0,49,145
09/07/2019,PSC,WA,ANM,WE,Combined TRACON& Tower with Radar,20,13,9,0,42,0,3,33,0,36,20,16,42,0,78,17,0,17,95
09/08/2019,PSC,WA,ANM,WE,Combined TRACON& Tower with Radar,30,9,5,0,44,0,4,14,0,18,30,13,19,0,62,44,0,44,106
09/09/2019,PSC,WA,ANM,WE,Combined TRACON& Tower with Radar,31,12,16,4,63,0,0,21,0,21,31,12,37,4,84,6,0,6,90
09/10/2019,PSC,WA,ANM,WE,Combined TRACON& Tower with Radar,26,19,22,0,67,0,0,24,1,25,26,19,46,1,92,68,0,68,160
09/11/2019,PSC,WA,ANM,WE,Combined TRACON& Tower with Radar,26,19,21,0,66,0,4,63,1,68,26,23,84,1,134,74,0,74,208
09/12/2019,PSC,WA,ANM,WE,Combined TRACON& Tower with Radar,31,19,24,4,78,0,1,52,4,57,31,20,76,8,135,86,4,90,225
09/13/2019,PSC,WA,ANM,WE,Combined TRACON& Tower with Radar,31,17,16,0,64,0,3,29,0,32,31,20,45,0,96,117,0,117,213
09/14/2019,PSC,WA,ANM,WE,Combined TRACON& Tower with Radar,19,12,14,0,45,0,3,31,0,34,19,15,45,0,79,102,0,102,181
09/15/2019,PSC,WA,ANM,WE,Combined TRACON& Tower with Radar,32,9,13,4,58,0,0,14,0,14,32,9,27,4,72,14,0,14,86
09/16/2019,PSC,WA,ANM,WE,Combined TRACON& Tower with Radar,30,12,16,6,64,0,0,18,0,18,30,12,34,6,82,58,16,74,156
09/17/2019,PSC,WA,ANM,WE,Combined TRACON& Tower with Radar,28,18,16,0,62,0,2,24,1,27,28,20,40,1,89,75,0,75,164
09/18/2019,PSC,WA,ANM,WE,Combined TRACON& Tower with Radar,26,18,15,0,59,0,1,33,0,34,26,19,48,0,93,105,0,105,198
09/19/2019,PSC,WA,ANM,WE,Combined TRACON& Tower with Radar,28,15,14,11,68,1,2,39,8,50,29,17,53,19,118,66,45,111,229
09/20/2019,PSC,WA,ANM,WE,Combined TRACON& Tower with Radar,28,18,10,0,56,0,2,27,1,30,28,20,37,1,86,29,0,29,115
09/21/2019,PSC,WA,ANM,WE,Combined TRACON& Tower with Radar,19,11,6,0,36,0,3,22,0,25,19,14,28,0,61,60,0,60,121
09/22/2019,PSC,WA,ANM,WE,Combined TRACON& Tower with Radar,28,10,8,0,46,0,2,32,0,34,28,12,40,0,80,72,0,72,152
09/23/2019,PSC,WA,ANM,WE,Combined TRACON& Tower with Radar,32,12,14,0,58,0,1,17,0,18,32,13,31,0,76,40,0,40,116
09/24/2019,PSC,WA,ANM,WE,Combined TRACON& Tower with Radar,27,17,18,0,62,0,2,24,0,26,27,19,42,0,88,27,0,27,115
09/25/2019,PSC,WA,ANM,WE,Combined TRACON& Tower with Radar,26,20,13,0,59,0,1,19,0,20,26,21,32,0,79,78,0,78,157
09/26/2019,PSC,WA,ANM,WE,Combined TRACON& Tower with Radar,30,18,17,0,65,0,2,17,0,19,30,20,34,0,84,44,0,44,128
09/27/2019,PSC,WA,ANM,WE,Combined TRACON& Tower with Radar,29,18,17,0,64,0,2,28,0,30,29,20,45,0,94,16,0,16,110
09/28/2019,PSC,WA,ANM,WE,Combined TRACON& Tower with Radar,18,14,10,0,42,0,1,18,0,19,18,15,28,0,61,102,0,102,163
09/29/2019,PSC,WA,ANM,WE,Combined TRACON& Tower with Radar,27,13,11,0,51,0,0,6,0,6,27,13,17,0,57,8,0,8,65
09/30/2019,PSC,WA,ANM,WE,Combined TRACON& Tower with Radar,32,12,21,0,65,0,0,29,1,30,32,12,50,1,95,40,0,40,135
10/01/2019,PSC,WA,ANM,WE,Combined TRACON& Tower with Radar,27,17,17,0,61,0,1,33,0,34,27,18,50,0,95,60,0,60,155
10/02/2019,PSC,WA,ANM,WE,Combined TRACON& Tower with Radar,28,16,22,0,66,0,3,45,0,48,28,19,67,0,114,56,0,56,170
10/03/2019,PSC,WA,ANM,WE,Combined TRACON& Tower with Radar,28,17,24,0,69,0,3,34,1,38,28,20,58,1,107,62,0,62,169
10/04/2019,PSC,WA,ANM,WE,Combined TRACON& Tower with Radar,29,17,29,0,75,0,0,40,1,41,29,17,69,1,116,49,0,49,165
10/05/2019,PSC,WA,ANM,WE,Combined TRACON& Tower with Radar,20,9,8,0,37,0,3,31,0,34,20,12,39,0,71,102,0,102,173
10/06/2019,PSC,WA,ANM,WE,Combined TRACON& Tower with Radar,35,7,6,0,48,0,0,42,2,44,35,7,48,2,92,141,0,141,233
10/07/2019,PSC,WA,ANM,WE,Combined TRACON& Tower with Radar,31,11,18,2,62,0,0,21,0,21,31,11,39,2,83,32,7,39,122
10/08/2019,PSC,WA,ANM,WE,Combined TRACON& Tower with Radar,30,21,16,0,67,0,7,14,1,22,30,28,30,1,89,4,0,4,93
10/09/2019,PSC,WA,ANM,WE,Combined TRACON& Tower with Radar,28,14,17,11,70,0,2,46,1,49,28,16,63,12,119,69,0,69,188
10/10/2019,PSC,WA,ANM,WE,Combined TRACON& Tower with Radar,30,14,22,0,66,0,17,35,0,52,30,31,57,0,118,113,0,113,231
10/11/2019,PSC,WA,ANM,WE,Combined TRACON& Tower with Radar,31,14,19,0,64,0,1,47,7,55,31,15,66,7,119,146,0,146,265
10/12/2019,PSC,WA,ANM,WE,Combined TRACON& Tower with Radar,23,8,5,0,36,0,3,45,0,48,23,11,50,0,84,139,0,139,223
10/13/2019,PSC,WA,ANM,WE,Combined TRACON& Tower with Radar,33,8,10,0,51,0,2,23,0,25,33,10,33,0,76,93,0,93,169
10/14/2019,PSC,WA,ANM,WE,Combined TRACON& Tower with Radar,32,10,23,0,65,0,6,32,0,38,32,16,55,0,103,105,0,105,208
10/15/2019,PSC,WA,ANM,WE,Combined TRACON& Tower with Radar,31,15,16,0,62,0,3,40,0,43,31,18,56,0,105,46,0,46,151
10/16/2019,PSC,WA,ANM,WE,Combined TRACON& Tower with Radar,28,15,24,0,67,0,1,26,0,27,28,16,50,0,94,102,0,102,196
10/17/2019,PSC,WA,ANM,WE,Combined TRACON& Tower with Radar,31,19,19,14,83,0,2,20,0,22,31,21,39,14,105,30,14,44,149
10/18/2019,PSC,WA,ANM,WE,Combined TRACON& Tower with Radar,36,15,19,0,70,0,1,22,0,23,36,16,41,0,93,4,0,4,97
10/19/2019,PSC,WA,ANM,WE,Combined TRACON& Tower with Radar,21,10,15,0,46,0,1,5,0,6,21,11,20,0,52,8,0,8,60
10/20/2019,PSC,WA,ANM,WE,Combined TRACON& Tower with Radar,36,7,6,0,49,0,0,22,0,22,36,7,28,0,71,102,0,102,173
10/21/2019,PSC,WA,ANM,WE,Combined TRACON& Tower with Radar,35,12,16,10,73,0,2,19,0,21,35,14,35,10,94,24,33,57,151
10/22/2019,PSC,WA,ANM,WE,Combined TRACON& Tower with Radar,30,15,12,2,59,0,1,14,0,15,30,16,26,2,74,39,0,39,113
10/23/2019,PSC,WA,ANM,WE,Combined TRACON& Tower with Radar,30,15,12,11,68,0,5,43,0,48,30,20,55,11,116,120,12,132,248
10/24/2019,PSC,WA,ANM,WE,Combined TRACON& Tower with Radar,30,14,29,0,73,0,8,59,0,67,30,22,88,0,140,43,0,43,183
10/25/2019,PSC,WA,ANM,WE,Combined TRACON& Tower with Radar,30,10,13,11,64,0,2,14,0,16,30,12,27,11,80,36,2,38,118
10/26/2019,PSC,WA,ANM,WE,Combined TRACON& Tower with Radar,21,9,12,0,42,0,5,36,0,41,21,14,48,0,83,33,0,33,116
10/27/2019,PSC,WA,ANM,WE,Combined TRACON& Tower with Radar,29,8,15,0,52,0,0,38,1,39,29,8,53,1,91,97,2,99,190
10/28/2019,PSC,WA,ANM,WE,Combined TRACON& Tower with Radar,27,9,29,6,71,0,0,22,0,22,27,9,51,6,93,19,8,27,120
10/29/2019,PSC,WA,ANM,WE,Combined TRACON& Tower with Radar,27,14,21,17,79,0,5,31,6,42,27,19,52,23,121,55,23,78,199
10/30/2019,PSC,WA,ANM,WE,Combined TRACON& Tower with Radar,29,18,23,0,70,0,7,36,3,46,29,25,59,3,116,48,0,48,164
10/31/2019,PSC,WA,ANM,WE,Combined TRACON& Tower with Radar,23,16,10,18,67,0,7,36,1,44,23,23,46,19,111,94,16,110,221
11/01/2019,PSC,WA,ANM,WE,Combined TRACON& Tower with Radar,26,19,14,0,59,0,1,33,0,34,26,20,47,0,93,50,0,50,143
11/02/2019,PSC,WA,ANM,WE,Combined TRACON& Tower with Radar,21,15,9,0,45,0,2,40,0,42,21,17,49,0,87,196,0,196,283
11/03/2019,PSC,WA,ANM,WE,Combined TRACON& Tower with Radar,30,12,13,0,55,0,0,24,0,24,30,12,37,0,79,93,0,93,172
11/04/2019,PSC,WA,ANM,WE,Combined TRACON& Tower with Radar,30,12,18,8,68,0,0,45,0,45,30,12,63,8,113,44,11,55,168
11/05/2019,PSC,WA,ANM,WE,Combined TRACON& Tower with Radar,32,22,29,1,84,0,0,25,1,26,32,22,54,2,110,46,0,46,156
11/06/2019,PSC,WA,ANM,WE,Combined TRACON& Tower with Radar,24,20,27,8,79,0,2,23,0,25,24,22,50,8,104,39,0,39,143
11/07/2019,PSC,WA,ANM,WE,Combined TRACON& Tower with Radar,29,21,27,0,77,0,2,47,0,49,29,23,74,0,126,92,0,92,218
11/08/2019,PSC,WA,ANM,WE,Combined TRACON& Tower with Radar,28,18,11,0,57,0,0,10,0,10,28,18,21,0,67,35,0,35,102
11/09/2019,PSC,WA,ANM,WE,Combined TRACON& Tower with Radar,23,13,11,0,47,0,3,12,0,15,23,16,23,0,62,93,0,93,155
11/10/2019,PSC,WA,ANM,WE,Combined TRACON& Tower with Radar,30,9,16,0,55,0,0,5,1,6,30,9,21,1,61,0,0,0,61
11/11/2019,PSC,WA,ANM,WE,Combined TRACON& Tower with Radar,29,11,15,0,55,0,0,10,0,10,29,11,25,0,65,0,16,16,81
11/12/2019,PSC,WA,ANM,WE,Combined TRACON& Tower with Radar,23,17,18,0,58,0,0,2,0,2,23,17,20,0,60,0,0,0,60
11/13/2019,PSC,WA,ANM,WE,Combined TRACON& Tower with Radar,28,22,22,6,78,0,0,2,0,2,28,22,24,6,80,10,0,10,90
11/14/2019,PSC,WA,ANM,WE,Combined TRACON& Tower with Radar,29,20,19,12,80,0,0,8,0,8,29,20,27,12,88,86,0,86,174
11/15/2019,PSC,WA,ANM,WE,Combined TRACON& Tower with Radar,31,17,25,0,73,0,2,9,0,11,31,19,34,0,84,31,0,31,115
11/16/2019,PSC,WA,ANM,WE,Combined TRACON& Tower with Radar,20,12,24,0,56,0,0,0,0,0,20,12,24,0,56,0,0,0,56
11/17/2019,PSC,WA,ANM,WE,Combined TRACON& Tower with Radar,28,10,10,0,48,0,0,18,1,19,28,10,28,1,67,129,0,129,196
11/18/2019,PSC,WA,ANM,WE,Combined TRACON& Tower with Radar,31,13,22,0,66,0,0,5,0,5,31,13,27,0,71,40,0,40,111
11/19/2019,PSC,WA,ANM,WE,Combined TRACON& Tower with Radar,27,18,16,63,124,0,5,44,9,58,27,23,60,72,182,126,98,224,406
11/20/2019,PSC,WA,ANM,WE,Combined TRACON& Tower with Radar,26,18,10,24,78,0,0,48,0,48,26,18,58,24,126,61,30,91,217
11/21/2019,PSC,WA,ANM,WE,Combined TRACON& Tower with Radar,29,19,23,17,88,0,1,18,1,20,29,20,41,18,108,65,4,69,177
11/22/2019,PSC,WA,ANM,WE,Combined TRACON& Tower with Radar,24,4,11,0,39,0,0,1,0,1,24,4,12,0,40,0,0,0,40
11/23/2019,PSC,WA,ANM,WE,Combined TRACON& Tower with Radar,29,11,20,0,60,0,0,0,0,0,29,11,20,0,60,0,0,0,60
11/24/2019,PSC,WA,ANM,WE,Combined TRACON& Tower with Radar,24,11,18,0,53,0,0,40,0,40,24,11,58,0,93,57,0,57,150
11/25/2019,PSC,WA,ANM,WE,Combined TRACON& Tower with Radar,25,14,15,9,63,0,0,27,2,29,25,14,42,11,92,74,20,94,186
11/26/2019,PSC,WA,ANM,WE,Combined TRACON& Tower with Radar,30,19,18,33,100,0,3,36,9,48,30,22,54,42,148,37,62,99,247
11/27/2019,PSC,WA,ANM,WE,Combined TRACON& Tower with Radar,30,15,11,0,56,0,0,8,0,8,30,15,19,0,64,2,0,2,66
11/28/2019,PSC,WA,ANM,WE,Combined TRACON& Tower with Radar,21,4,5,0,30,0,0,9,0,9,21,4,14,0,39,6,0,6,45
11/29/2019,PSC,WA,ANM,WE,Combined TRACON& Tower with Radar,21,9,9,0,39,0,1,26,0,27,21,10,35,0,66,56,0,56,122
11/30/2019,PSC,WA,ANM,WE,Combined TRACON& Tower with Radar,25,12,8,0,45,0,3,24,0,27,25,15,32,0,72,81,0,81,153
12/01/2019,PSC,WA,ANM,WE,Combined TRACON& Tower with Radar,31,11,10,0,52,0,0,0,0,0,31,11,10,0,52,0,0,0,52
12/02/2019,PSC,WA,ANM,WE,Combined TRACON& Tower with Radar,31,15,22,29,97,0,0,4,0,4,31,15,26,29,101,20,0,20,121
12/03/2019,PSC,WA,ANM,WE,Combined TRACON& Tower with Radar,24,22,32,12,90,0,0,0,0,0,24,22,32,12,90,0,0,0,90
12/04/2019,PSC,WA,ANM,WE,Combined TRACON& Tower with Radar,21,22,20,20,83,0,0,3,0,3,21,22,23,20,86,6,18,24,110
12/05/2019,PSC,WA,ANM,WE,Combined TRACON& Tower with Radar,27,23,18,2,70,0,0,10,0,10,27,23,28,2,80,86,0,86,166
12/06/2019,PSC,WA,ANM,WE,Combined TRACON& Tower with Radar,25,20,18,8,71,0,0,17,0,17,25,20,35,8,88,38,0,38,126
12/07/2019,PSC,WA,ANM,WE,Combined TRACON& Tower with Radar,20,17,14,0,51,0,0,4,0,4,20,17,18,0,55,0,0,0,55
12/08/2019,PSC,WA,ANM,WE,Combined TRACON& Tower with Radar,27,12,8,0,47,0,0,1,0,1,27,12,9,0,48,0,0,0,48
12/09/2019,PSC,WA,ANM,WE,Combined TRACON& Tower with Radar,27,13,20,0,60,0,0,1,0,1,27,13,21,0,61,0,0,0,61
12/10/2019,PSC,WA,ANM,WE,Combined TRACON& Tower with Radar,23,24,25,16,88,0,0,4,0,4,23,24,29,16,92,46,0,46,138
12/11/2019,PSC,WA,ANM,WE,Combined TRACON& Tower with Radar,25,21,17,41,104,0,0,0,0,0,25,21,17,41,104,0,0,0,104
12/12/2019,PSC,WA,ANM,WE,Combined TRACON& Tower with Radar,26,19,42,19,106,0,2,13,1,16,26,21,55,20,122,44,26,70,192
12/13/2019,PSC,WA,ANM,WE,Combined TRACON& Tower with Radar,24,18,23,10,75,0,0,37,2,39,24,18,60,12,114,89,74,163,277
12/14/2019,PSC,WA,ANM,WE,Combined TRACON& Tower with Radar,25,14,12,0,51,0,0,2,1,3,25,14,14,1,54,0,0,0,54
12/15/2019,PSC,WA,ANM,WE,Combined TRACON& Tower with Radar,27,11,8,0,46,0,0,5,0,5,27,11,13,0,51,52,0,52,103
12/16/2019,PSC,WA,ANM,WE,Combined TRACON& Tower with Radar,32,10,21,14,77,0,0,4,0,4,32,10,25,14,81,14,0,14,95
12/17/2019,PSC,WA,ANM,WE,Combined TRACON& Tower with Radar,30,20,25,35,110,0,0,2,0,2,30,20,27,35,112,101,22,123,235
12/18/2019,PSC,WA,ANM,WE,Combined TRACON& Tower with Radar,23,22,26,24,95,0,0,6,0,6,23,22,32,24,101,28,0,28,129
12/19/2019,PSC,WA,ANM,WE,Combined TRACON& Tower with Radar,27,22,18,1,68,0,0,0,0,0,27,22,18,1,68,1,0,1,69
12/20/2019,PSC,WA,ANM,WE,Combined TRACON& Tower with Radar,26,15,11,0,52,0,1,10,0,11,26,16,21,0,63,8,0,8,71
12/21/2019,PSC,WA,ANM,WE,Combined TRACON& Tower with Radar,24,16,15,0,55,0,0,44,0,44,24,16,59,0,99,142,0,142,241
12/22/2019,PSC,WA,ANM,WE,Combined TRACON& Tower with Radar,23,10,14,0,47,0,0,25,0,25,23,10,39,0,72,47,0,47,119
12/23/2019,PSC,WA,ANM,WE,Combined TRACON& Tower with Radar,25,18,14,0,57,0,0,23,0,23,25,18,37,0,80,55,0,55,135
12/24/2019,PSC,WA,ANM,WE,Combined TRACON& Tower with Radar,28,16,9,0,53,0,0,2,0,2,28,16,11,0,55,30,0,30,85
12/25/2019,PSC,WA,ANM,WE,Combined TRACON& Tower with Radar,21,7,2,0,30,0,0,0,0,0,21,7,2,0,30,14,0,14,44
12/26/2019,PSC,WA,ANM,WE,Combined TRACON& Tower with Radar,25,16,12,0,53,0,1,15,0,16,25,17,27,0,69,87,0,87,156
12/27/2019,PSC,WA,ANM,WE,Combined TRACON& Tower with Radar,27,12,9,9,57,0,0,5,0,5,27,12,14,9,62,33,0,33,95
12/28/2019,PSC,WA,ANM,WE,Combined TRACON& Tower with Radar,22,14,7,0,43,0,1,14,0,15,22,15,21,0,58,65,0,65,123
12/29/2019,PSC,WA,ANM,WE,Combined TRACON& Tower with Radar,23,10,7,0,40,0,0,5,2,7,23,10,12,2,47,92,0,92,139
12/30/2019,PSC,WA,ANM,WE,Combined TRACON& Tower with Radar,27,12,30,8,77,0,0,5,1,6,27,12,35,9,83,50,6,56,139
12/31/2019,PSC,WA,ANM,WE,Combined TRACON& Tower with Radar,24,13,2,0,39,0,2,4,0,6,24,15,6,0,45,10,0,10,55
01/01/2020,PSC,WA,ANM,WE,Combined TRACON& Tower with Radar,24,7,3,0,34,0,0,9,0,9,24,7,12,0,43,4,0,4,47
01/02/2020,PSC,WA,ANM,WE,Combined TRACON& Tower with Radar,23,16,11,0,50,0,3,8,0,11,23,19,19,0,61,12,0,12,73
01/03/2020,PSC,WA,ANM,WE,Combined TRACON& Tower with Radar,25,16,6,19,66,0,2,35,7,44,25,18,41,26,110,8,22,30,140
01/04/2020,PSC,WA,ANM,WE,Combined TRACON& Tower with Radar,21,11,8,0,40,0,3,10,0,13,21,14,18,0,53,0,0,0,53
01/05/2020,PSC,WA,ANM,WE,Combined TRACON& Tower with Radar,23,12,14,0,49,0,0,25,1,26,23,12,39,1,75,58,0,58,133
01/06/2020,PSC,WA,ANM,WE,Combined TRACON& Tower with Radar,25,11,6,0,42,0,0,0,0,0,25,11,6,0,42,0,0,0,42
01/07/2020,PSC,WA,ANM,WE,Combined TRACON& Tower with Radar,21,18,10,68,117,0,1,35,3,39,21,19,45,71,156,29,85,114,270
01/08/2020,PSC,WA,ANM,WE,Combined TRACON& Tower with Radar,21,19,17,2,59,0,1,7,0,8,21,20,24,2,67,1,0,1,68
01/09/2020,PSC,WA,ANM,WE,Combined TRACON& Tower with Radar,25,18,27,31,101,0,7,33,1,41,25,25,60,32,142,38,0,38,180
01/10/2020,PSC,WA,ANM,WE,Combined TRACON& Tower with Radar,18,25,16,8,67,0,0,8,0,8,18,25,24,8,75,37,6,43,118
01/11/2020,PSC,WA,ANM,WE,Combined TRACON& Tower with Radar,20,12,10,8,50,0,1,3,0,4,20,13,13,8,54,0,21,21,75
01/12/2020,PSC,WA,ANM,WE,Combined TRACON& Tower with Radar,19,8,7,4,38,0,0,7,0,7,19,8,14,4,45,9,0,9,54
01/13/2020,PSC,WA,ANM,WE,Combined TRACON& Tower with Radar,22,13,29,0,64,0,0,10,0,10,22,13,39,0,74,34,0,34,108
01/14/2020,PSC,WA,ANM,WE,Combined TRACON& Tower with Radar,25,21,12,0,58,0,0,0,0,0,25,21,12,0,58,0,0,0,58
01/15/2020,PSC,WA,ANM,WE,Combined TRACON& Tower with Radar,20,17,31,0,68,0,1,26,0,27,20,18,57,0,95,139,0,139,234
01/16/2020,PSC,WA,ANM,WE,Combined TRACON& Tower with Radar,24,14,29,8,75,0,4,8,0,12,24,18,37,8,87,30,0,30,117
01/17/2020,PSC,WA,ANM,WE,Combined TRACON& Tower with Radar,24,14,26,0,64,0,2,14,0,16,24,16,40,0,80,63,0,63,143
01/18/2020,PSC,WA,ANM,WE,Combined TRACON& Tower with Radar,22,9,8,0,39,0,1,4,0,5,22,10,12,0,44,48,0,48,92
01/19/2020,PSC,WA,ANM,WE,Combined TRACON& Tower with Radar,14,6,17,0,37,0,0,25,0,25,14,6,42,0,62,141,0,141,203
01/20/2020,PSC,WA,ANM,WE,Combined TRACON& Tower with Radar,27,13,15,0,55,0,0,9,0,9,27,13,24,0,64,111,0,111,175
01/21/2020,PSC,WA,ANM,WE,Combined TRACON& Tower with Radar,22,20,17,34,93,0,1,5,0,6,22,21,22,34,99,53,22,75,174
01/22/2020,PSC,WA,ANM,WE,Combined TRACON& Tower with Radar,22,18,19,42,101,0,4,6,1,11,22,22,25,43,112,69,42,111,223
01/23/2020,PSC,WA,ANM,WE,Combined TRACON& Tower with Radar,23,16,19,7,65,0,1,0,0,1,23,17,19,7,66,0,0,0,66
01/24/2020,PSC,WA,ANM,WE,Combined TRACON& Tower with Radar,23,19,23,16,81,0,3,20,20,43,23,22,43,36,124,116,106,222,346
01/25/2020,PSC,WA,ANM,WE,Combined TRACON& Tower with Radar,18,11,10,22,61,0,1,28,2,31,18,12,38,24,92,139,19,158,250
01/26/2020,PSC,WA,ANM,WE,Combined TRACON& Tower with Radar,19,9,14,0,42,0,0,15,0,15,19,9,29,0,57,82,0,82,139
01/27/2020,PSC,WA,ANM,WE,Combined TRACON& Tower with Radar,25,11,13,39,88,0,0,17,3,20,25,11,30,42,108,50,81,131,239
01/28/2020,PSC,WA,ANM,WE,Combined TRACON& Tower with Radar,23,21,24,28,96,0,1,9,1,11,23,22,33,29,107,39,85,124,231
01/29/2020,PSC,WA,ANM,WE,Combined TRACON& Tower with Radar,21,20,20,18,79,0,0,7,0,7,21,20,27,18,86,44,24,68,154
01/30/2020,PSC,WA,ANM,WE,Combined TRACON& Tower with Radar,21,20,14,30,85,0,0,1,0,1,21,20,15,30,86,0,0,0,86
01/31/2020,PSC,WA,ANM,WE,Combined TRACON& Tower with Radar,21,17,14,10,62,0,0,13,0,13,21,17,27,10,75,18,0,18,93
02/01/2020,PSC,WA,ANM,WE,Combined TRACON& Tower with Radar,17,9,11,0,37,0,1,9,0,10,17,10,20,0,47,5,0,5,52
02/02/2020,PSC,WA,ANM,WE,Combined TRACON& Tower with Radar,20,8,16,0,44,0,0,41,0,41,20,8,57,0,85,84,0,84,169
02/03/2020,PSC,WA,ANM,WE,Combined TRACON& Tower with Radar,25,11,14,30,80,0,10,29,1,40,25,21,43,31,120,83,38,121,241
02/04/2020,PSC,WA,ANM,WE,Combined TRACON& Tower with Radar,21,17,22,19,79,0,3,7,0,10,21,20,29,19,89,35,0,35,124
02/05/2020,PSC,WA,ANM,WE,Combined TRACON& Tower with Radar,22,16,35,62,135,0,2,14,2,18,22,18,49,64,153,30,115,145,298
02/06/2020,PSC,WA,ANM,WE,Combined TRACON& Tower with Radar,25,16,29,29,99,0,2,8,0,10,25,18,37,29,109,10,28,38,147
02/07/2020,PSC,WA,ANM,WE,Combined TRACON& Tower with Radar,23,16,36,13,88,0,2,20,0,22,23,18,56,13,110,34,42,76,186
02/08/2020,PSC,WA,ANM,WE,Combined TRACON& Tower with Radar,18,10,13,0,41,0,1,10,2,13,18,11,23,2,54,2,0,2,56
02/09/2020,PSC,WA,ANM,WE,Combined TRACON& Tower with Radar,19,9,16,1,45,0,0,57,2,59,19,9,73,3,104,74,0,74,178
02/10/2020,PSC,WA,ANM,WE,Combined TRACON& Tower with Radar,29,18,17,29,93,0,24,30,3,57,29,42,47,32,150,70,30,100,250
02/11/2020,PSC,WA,ANM,WE,Combined TRACON& Tower with Radar,26,16,14,20,76,0,8,13,7,28,26,24,27,27,104,19,44,63,167
02/12/2020,PSC,WA,ANM,WE,Combined TRACON& Tower with Radar,22,18,15,10,65,0,14,43,3,60,22,32,58,13,125,14,77,91,216
02/13/2020,PSC,WA,ANM,WE,Combined TRACON& Tower with Radar,23,16,13,4,56,0,16,18,4,38,23,32,31,8,94,8,83,91,185
02/14/2020,PSC,WA,ANM,WE,Combined TRACON& Tower with Radar,23,14,19,3,59,0,3,20,0,23,23,17,39,3,82,0,19,19,101
02/15/2020,PSC,WA,ANM,WE,Combined TRACON& Tower with Radar,18,10,8,0,36,0,1,10,1,12,18,11,18,1,48,41,0,41,89
02/16/2020,PSC,WA,ANM,WE,Combined TRACON& Tower with Radar,20,6,10,0,36,0,0,11,0,11,20,6,21,0,47,86,0,86,133
02/17/2020,PSC,WA,ANM,WE,Combined TRACON& Tower with Radar,28,13,20,0,61,0,1,38,0,39,28,14,58,0,100,92,0,92,192
02/18/2020,PSC,WA,ANM,WE,Combined TRACON& Tower with Radar,23,17,12,19,71,0,12,43,8,63,23,29,55,27,134,55,35,90,224
02/19/2020,PSC,WA,ANM,WE,Combined TRACON& Tower with Radar,24,13,26,10,73,0,10,40,0,50,24,23,66,10,123,44,0,44,167
02/20/2020,PSC,WA,ANM,WE,Combined TRACON& Tower with Radar,25,17,22,8,72,0,8,38,2,48,25,25,60,10,120,60,12,72,192
02/21/2020,PSC,WA,ANM,WE,Combined TRACON& Tower with Radar,25,11,8,13,57,0,6,29,1,36,25,17,37,14,93,93,16,109,202
02/22/2020,PSC,WA,ANM,WE,Combined TRACON& Tower with Radar,18,11,7,0,36,0,1,44,1,46,18,12,51,1,82,66,0,66,148
02/23/2020,PSC,WA,ANM,WE,Combined TRACON& Tower with Radar,22,12,12,0,46,0,1,2,0,3,22,13,14,0,49,8,0,8,57
02/24/2020,PSC,WA,ANM,WE,Combined TRACON& Tower with Radar,26,16,18,2,62,0,0,19,0,19,26,16,37,2,81,39,10,49,130
02/25/2020,PSC,WA,ANM,WE,Combined TRACON& Tower with Radar,22,13,29,22,86,0,7,27,0,34,22,20,56,22,120,45,37,82,202
02/26/2020,PSC,WA,ANM,WE,Combined TRACON& Tower with Radar,21,18,27,22,88,0,8,26,0,34,21,26,53,22,122,21,13,34,156
02/27/2020,PSC,WA,ANM,WE,Combined TRACON& Tower with Radar,24,17,6,0,47,0,5,51,2,58,24,22,57,2,105,38,0,38,143
02/28/2020,PSC,WA,ANM,WE,Combined TRACON& Tower with Radar,30,14,21,0,65,0,4,35,0,39,30,18,56,0,104,48,0,48,152
02/29/2020,PSC,WA,ANM,WE,Combined TRACON& Tower with Radar,19,7,1,0,27,0,1,4,0,5,19,8,5,0,32,0,0,0,32
03/01/2020,PSC,WA,ANM,WE,Combined TRACON& Tower with Radar,20,9,19,0,48,0,0,38,1,39,20,9,57,1,87,36,0,36,123
03/02/2020,PSC,WA,ANM,WE,Combined TRACON& Tower with Radar,28,13,15,10,66,0,7,18,0,25,28,20,33,10,91,52,16,68,159
03/03/2020,PSC,WA,ANM,WE,Combined TRACON& Tower with Radar,23,14,17,8,62,0,7,24,4,35,23,21,41,12,97,58,6,64,161
03/04/2020,PSC,WA,ANM,WE,Combined TRACON& Tower with Radar,21,13,24,33,91,0,8,24,3,35,21,21,48,36,126,6,49,55,181
03/05/2020,PSC,WA,ANM,WE,Combined TRACON& Tower with Radar,23,12,14,24,73,0,14,34,2,50,23,26,48,26,123,3,20,23,146
03/06/2020,PSC,WA,ANM,WE,Combined TRACON& Tower with Radar,23,14,11,0,48,0,2,23,1,26,23,16,34,1,74,54,0,54,128
03/07/2020,PSC,WA,ANM,WE,Combined TRACON& Tower with Radar,18,9,10,0,37,0,1,24,0,25,18,10,34,0,62,84,0,84,146
03/08/2020,PSC,WA,ANM,WE,Combined TRACON& Tower with Radar,19,8,12,0,39,0,0,34,1,35,19,8,46,1,74,36,0,36,110
03/09/2020,PSC,WA,ANM,WE,Combined TRACON& Tower with Radar,25,11,20,0,56,0,18,34,1,53,25,29,54,1,109,55,0,55,164
03/10/2020,PSC,WA,ANM,WE,Combined TRACON& Tower with Radar,21,17,14,8,60,0,12,35,0,47,21,29,49,8,107,100,10,110,217
03/11/2020,PSC,WA,ANM,WE,Combined TRACON& Tower with Radar,21,13,13,10,57,0,7,15,9,31,21,20,28,19,88,32,16,48,136
03/12/2020,PSC,WA,ANM,WE,Combined TRACON& Tower with Radar,28,17,19,6,70,0,5,45,1,51,28,22,64,7,121,21,0,21,142
03/13/2020,PSC,WA,ANM,WE,Combined TRACON& Tower with Radar,17,14,7,0,38,0,2,9,0,11,17,16,16,0,49,44,0,44,93
03/14/2020,PSC,WA,ANM,WE,Combined TRACON& Tower with Radar,25,10,2,0,37,0,1,2,0,3,25,11,4,0,40,0,0,0,40
03/15/2020,PSC,WA,ANM,WE,Combined TRACON& Tower with Radar,23,8,8,0,39,0,0,15,0,15,23,8,23,0,54,27,0,27,81
03/16/2020,PSC,WA,ANM,WE,Combined TRACON& Tower with Radar,26,9,13,10,58,0,5,14,1,20,26,14,27,11,78,50,14,64,142
03/17/2020,PSC,WA,ANM,WE,Combined TRACON& Tower with Radar,24,13,12,15,64,0,3,29,8,40,24,16,41,23,104,85,33,118,222
03/18/2020,PSC,WA,ANM,WE,Combined TRACON& Tower with Radar,18,8,8,10,44,0,1,32,1,34,18,9,40,11,78,49,0,49,127
03/19/2020,PSC,WA,ANM,WE,Combined TRACON& Tower with Radar,19,15,13,19,66,0,1,35,9,45,19,16,48,28,111,109,46,155,266
03/20/2020,PSC,WA,ANM,WE,Combined TRACON& Tower with Radar,14,12,14,2,42,0,2,40,0,42,14,14,54,2,84,16,11,27,111
03/21/2020,PSC,WA,ANM,WE,Combined TRACON& Tower with Radar,18,9,8,0,35,0,2,34,0,36,18,11,42,0,71,51,0,51,122
03/22/2020,PSC,WA,ANM,WE,Combined TRACON& Tower with Radar,20,8,7,0,35,0,1,42,0,43,20,9,49,0,78,88,0,88,166
03/23/2020,PSC,WA,ANM,WE,Combined TRACON& Tower with Radar,18,9,12,33,72,0,1,6,2,9,18,10,18,35,81,1,26,27,108
03/24/2020,PSC,WA,ANM,WE,Combined TRACON& Tower with Radar,12,13,5,23,53,0,1,10,1,12,12,14,15,24,65,4,41,45,110
03/25/2020,PSC,WA,ANM,WE,Combined TRACON& Tower with Radar,20,12,6,8,46,0,2,9,4,15,20,14,15,12,61,38,7,45,106
03/26/2020,PSC,WA,ANM,WE,Combined TRACON& Tower with Radar,14,14,5,3,36,0,0,12,0,12,14,14,17,3,48,0,0,0,48
03/27/2020,PSC,WA,ANM,WE,Combined TRACON& Tower with Radar,11,8,7,0,26,0,2,5,0,7,11,10,12,0,33,0,0,0,33
03/28/2020,PSC,WA,ANM,WE,Combined TRACON& Tower with Radar,12,10,6,0,28,0,1,10,0,11,12,11,16,0,39,0,0,0,39
03/29/2020,PSC,WA,ANM,WE,Combined TRACON& Tower with Radar,13,4,11,0,28,0,0,8,0,8,13,4,19,0,36,1,0,1,37
03/30/2020,PSC,WA,ANM,WE,Combined TRACON& Tower with Radar,11,7,1,0,19,0,0,0,2,2,11,7,1,2,21,0,0,0,21
03/31/2020,PSC,WA,ANM,WE,Combined TRACON& Tower with Radar,14,16,4,21,55,0,3,5,2,10,14,19,9,23,65,0,20,20,85
04/01/2020,PSC,WA,ANM,WE,Combined TRACON& Tower with Radar,10,13,4,33,60,0,2,6,0,8,10,15,10,33,68,6,20,26,94
04/02/2020,PSC,WA,ANM,WE,Combined TRACON& Tower with Radar,13,8,10,0,31,0,2,26,0,28,13,10,36,0,59,8,0,8,67
04/03/2020,PSC,WA,ANM,WE,Combined TRACON& Tower with Radar,12,6,10,4,32,0,2,15,0,17,12,8,25,4,49,0,8,8,57
04/04/2020,PSC,WA,ANM,WE,Combined TRACON& Tower with Radar,12,3,9,0,24,0,1,22,0,23,12,4,31,0,47,24,0,24,71
04/05/2020,PSC,WA,ANM,WE,Combined TRACON& Tower with Radar,13,2,3,0,18,0,0,11,0,11,13,2,14,0,29,12,0,12,41
04/06/2020,PSC,WA,ANM,WE,Combined TRACON& Tower with Radar,13,2,7,8,30,0,1,21,0,22,13,3,28,8,52,8,0,8,60
04/07/2020,PSC,WA,ANM,WE,Combined TRACON& Tower with Radar,12,11,9,29,61,0,4,26,6,36,12,15,35,35,97,5,48,53,150
04/08/2020,PSC,WA,ANM,WE,Combined TRACON& Tower with Radar,13,7,2,23,45,0,3,11,5,19,13,10,13,28,64,9,47,56,120
04/09/2020,PSC,WA,ANM,WE,Combined TRACON& Tower with Radar,11,6,0,16,33,0,4,19,0,23,11,10,19,16,56,4,17,21,77
04/10/2020,PSC,WA,ANM,WE,Combined TRACON& Tower with Radar,10,8,5,0,23,0,2,19,0,21,10,10,24,0,44,2,0,2,46
04/11/2020,PSC,WA,ANM,WE,Combined TRACON& Tower with Radar,9,4,3,0,16,0,2,3,0,5,9,6,6,0,21,0,0,0,21
04/12/2020,PSC,WA,ANM,WE,Combined TRACON& Tower with Radar,8,0,10,0,18,0,0,10,0,10,8,0,20,0,28,0,0,0,28
04/13/2020,PSC,WA,ANM,WE,Combined TRACON& Tower with Radar,10,5,3,0,18,0,1,15,0,16,10,6,18,0,34,22,0,22,56
04/14/2020,PSC,WA,ANM,WE,Combined TRACON& Tower with Radar,9,10,8,8,35,0,0,21,0,21,9,10,29,8,56,12,6,18,74
04/15/2020,PSC,WA,ANM,WE,Combined TRACON& Tower with Radar,9,10,3,0,22,0,0,8,0,8,9,10,11,0,30,4,0,4,34
04/16/2020,PSC,WA,ANM,WE,Combined TRACON& Tower with Radar,10,10,6,26,52,0,2,22,5,29,10,12,28,31,81,20,9,29,110
04/17/2020,PSC,WA,ANM,WE,Combined TRACON& Tower with Radar,10,10,6,6,32,0,0,13,1,14,10,10,19,7,46,0,16,16,62
04/18/2020,PSC,WA,ANM,WE,Combined TRACON& Tower with Radar,9,4,5,0,18,0,3,7,0,10,9,7,12,0,28,2,0,2,30
04/19/2020,PSC,WA,ANM,WE,Combined TRACON& Tower with Radar,9,3,6,0,18,0,0,16,0,16,9,3,22,0,34,33,0,33,67
04/20/2020,PSC,WA,ANM,WE,Combined TRACON& Tower with Radar,12,2,1,0,15,0,0,12,0,12,12,2,13,0,27,0,0,0,27
04/21/2020,PSC,WA,ANM,WE,Combined TRACON& Tower with Radar,8,8,4,7,27,0,3,7,2,12,8,11,11,9,39,8,10,18,57
04/22/2020,PSC,WA,ANM,WE,Combined TRACON& Tower with Radar,8,10,19,8,45,0,5,13,1,19,8,15,32,9,64,2,11,13,77
04/23/2020,PSC,WA,ANM,WE,Combined TRACON& Tower with Radar,8,11,5,8,32,0,1,11,3,15,8,12,16,11,47,0,17,17,64
04/24/2020,PSC,WA,ANM,WE,Combined TRACON& Tower with Radar,6,8,11,0,25,0,0,22,0,22,6,8,33,0,47,30,0,30,77
04/25/2020,PSC,WA,ANM,WE,Combined TRACON& Tower with Radar,9,5,2,0,16,0,1,13,0,14,9,6,15,0,30,5,0,5,35
04/26/2020,PSC,WA,ANM,WE,Combined TRACON& Tower with Radar,7,2,6,0,15,0,0,8,0,8,7,2,14,0,23,14,0,14,37
04/27/2020,PSC,WA,ANM,WE,Combined TRACON& Tower with Radar,9,3,5,18,35,0,1,7,0,8,9,4,12,18,43,0,0,0,43
04/28/2020,PSC,WA,ANM,WE,Combined TRACON& Tower with Radar,6,8,8,0,22,0,2,17,2,21,6,10,25,2,43,6,0,6,49
04/29/2020,PSC,WA,ANM,WE,Combined TRACON& Tower with Radar,7,9,10,6,32,0,3,19,0,22,7,12,29,6,54,10,2,12,66
04/30/2020,PSC,WA,ANM,WE,Combined TRACON& Tower with Radar,5,9,4,0,18,0,1,8,0,9,5,10,12,0,27,0,0,0,27
05/01/2020,PSC,WA,ANM,WE,Combined TRACON& Tower with Radar,5,9,9,6,29,0,1,25,1,27,5,10,34,7,56,34,13,47,103
05/02/2020,PSC,WA,ANM,WE,Combined TRACON& Tower with Radar,6,5,8,6,25,0,1,14,0,15,6,6,22,6,40,2,21,23,63
05/03/2020,PSC,WA,ANM,WE,Combined TRACON& Tower with Radar,9,2,6,0,17,0,0,4,0,4,9,2,10,0,21,4,0,4,25
05/04/2020,PSC,WA,ANM,WE,Combined TRACON& Tower with Radar,8,2,3,9,22,0,0,26,0,26,8,2,29,9,48,0,58,58,106
05/05/2020,PSC,WA,ANM,WE,Combined TRACON& Tower with Radar,6,7,12,16,41,0,2,48,2,52,6,9,60,18,93,85,28,113,206
05/06/2020,PSC,WA,ANM,WE,Combined TRACON& Tower with Radar,8,8,6,19,41,0,0,12,0,12,8,8,18,19,53,17,22,39,92
05/07/2020,PSC,WA,ANM,WE,Combined TRACON& Tower with Radar,10,10,5,0,25,0,0,48,2,50,10,10,53,2,75,109,0,109,184
05/08/2020,PSC,WA,ANM,WE,Combined TRACON& Tower with Radar,6,9,8,6,29,0,1,33,0,34,6,10,41,6,63,55,16,71,134
05/09/2020,PSC,WA,ANM,WE,Combined TRACON& Tower with Radar,7,5,9,0,21,0,1,51,0,52,7,6,60,0,73,89,0,89,162
05/10/2020,PSC,WA,ANM,WE,Combined TRACON& Tower with Radar,7,3,3,0,13,0,0,17,0,17,7,3,20,0,30,72,0,72,102
05/11/2020,PSC,WA,ANM,WE,Combined TRACON& Tower with Radar,10,4,6,7,27,0,0,14,1,15,10,4,20,8,42,55,20,75,117
05/12/2020,PSC,WA,ANM,WE,Combined TRACON& Tower with Radar,6,7,6,8,27,0,1,19,0,20,6,8,25,8,47,12,10,22,69
05/13/2020,PSC,WA,ANM,WE,Combined TRACON& Tower with Radar,8,8,7,12,35,0,0,16,4,20,8,8,23,16,55,4,36,40,95
05/14/2020,PSC,WA,ANM,WE,Combined TRACON& Tower with Radar,8,10,16,7,41,0,0,14,1,15,8,10,30,8,56,65,38,103,159
05/15/2020,PSC,WA,ANM,WE,Combined TRACON& Tower with Radar,8,9,16,9,42,0,1,46,1,48,8,10,62,10,90,72,8,80,170
05/16/2020,PSC,WA,ANM,WE,Combined TRACON& Tower with Radar,7,4,11,0,22,0,2,47,0,49,7,6,58,0,71,93,0,93,164
05/17/2020,PSC,WA,ANM,WE,Combined TRACON& Tower with Radar,9,2,10,0,21,0,0,29,1,30,9,2,39,1,51,30,0,30,81
05/18/2020,PSC,WA,ANM,WE,Combined TRACON& Tower with Radar,11,6,6,0,23,0,2,17,0,19,11,8,23,0,42,54,0,54,96
05/19/2020,PSC,WA,ANM,WE,Combined TRACON& Tower with Radar,6,14,20,28,68,0,0,19,10,29,6,14,39,38,97,128,30,158,255
05/20/2020,PSC,WA,ANM,WE,Combined TRACON& Tower with Radar,8,8,6,0,22,0,0,13,0,13,8,8,19,0,35,58,0,58,93
05/21/2020,PSC,WA,ANM,WE,Combined TRACON& Tower with Radar,13,10,5,0,28,0,0,12,0,12,13,10,17,0,40,5,0,5,45
05/22/2020,PSC,WA,ANM,WE,Combined TRACON& Tower with Radar,14,9,8,0,31,0,1,21,2,24,14,10,29,2,55,69,0,69,124
05/23/2020,PSC,WA,ANM,WE,Combined TRACON& Tower with Radar,9,5,3,0,17,0,1,46,0,47,9,6,49,0,64,41,0,41,105
05/24/2020,PSC,WA,ANM,WE,Combined TRACON& Tower with Radar,11,2,3,0,16,0,0,51,0,51,11,2,54,0,67,63,0,63,130
05/25/2020,PSC,WA,ANM,WE,Combined TRACON& Tower with Radar,12,2,15,0,29,0,0,25,0,25,12,2,40,0,54,53,0,53,107
05/26/2020,PSC,WA,ANM,WE,Combined TRACON& Tower with Radar,12,6,25,4,47,0,0,26,2,28,12,6,51,6,75,61,0,61,136
05/27/2020,PSC,WA,ANM,WE,Combined TRACON& Tower with Radar,10,7,16,0,33,0,1,51,0,52,10,8,67,0,85,111,0,111,196
05/28/2020,PSC,WA,ANM,WE,Combined TRACON& Tower with Radar,12,10,9,9,40,0,0,34,2,36,12,10,43,11,76,18,91,109,185
05/29/2020,PSC,WA,ANM,WE,Combined TRACON& Tower with Radar,12,9,17,6,44,0,1,46,4,51,12,10,63,10,95,77,15,92,187
05/30/2020,PSC,WA,ANM,WE,Combined TRACON& Tower with Radar,7,5,9,0,21,0,2,23,0,25,7,7,32,0,46,74,0,74,120
05/31/2020,PSC,WA,ANM,WE,Combined TRACON& Tower with Radar,13,2,9,0,24,0,0,21,0,21,13,2,30,0,45,38,0,38,83
06/01/2020,PSC,WA,ANM,WE,Combined TRACON& Tower with Radar,15,5,26,15,61,0,0,46,3,49,15,5,72,18,110,96,0,96,206
06/02/2020,PSC,WA,ANM,WE,Combined TRACON& Tower with Radar,12,6,24,40,82,0,19,52,2,73,12,25,76,42,155,56,65,121,276
06/03/2020,PSC,WA,ANM,WE,Combined TRACON& Tower with Radar,12,7,13,0,32,0,7,54,0,61,12,14,67,0,93,56,0,56,149
06/04/2020,PSC,WA,ANM,WE,Combined TRACON& Tower with Radar,16,10,17,25,68,0,4,35,2,41,16,14,52,27,109,94,30,124,233
06/05/2020,PSC,WA,ANM,WE,Combined TRACON& Tower with Radar,12,6,19,0,37,0,0,26,0,26,12,6,45,0,63,48,0,48,111
06/06/2020,PSC,WA,ANM,WE,Combined TRACON& Tower with Radar,10,5,14,0,29,0,1,40,0,41,10,6,54,0,70,42,0,42,112
06/07/2020,PSC,WA,ANM,WE,Combined TRACON& Tower with Radar,16,3,14,0,33,0,1,7,0,8,16,4,21,0,41,4,0,4,45
06/08/2020,PSC,WA,ANM,WE,Combined TRACON& Tower with Radar,17,4,5,0,26,0,4,13,0,17,17,8,18,0,43,26,0,26,69
06/09/2020,PSC,WA,ANM,WE,Combined TRACON& Tower with Radar,12,6,10,44,72,0,2,29,2,33,12,8,39,46,105,62,60,122,227
06/10/2020,PSC,WA,ANM,WE,Combined TRACON& Tower with Radar,12,10,10,8,40,0,2,53,3,58,12,12,63,11,98,93,0,93,191
06/11/2020,PSC,WA,ANM,WE,Combined TRACON& Tower with Radar,18,11,24,22,75,0,9,31,0,40,18,20,55,22,115,43,50,93,208
06/12/2020,PSC,WA,ANM,WE,Combined TRACON& Tower with Radar,14,7,14,2,37,0,1,37,0,38,14,8,51,2,75,27,16,43,118
06/13/2020,PSC,WA,ANM,WE,Combined TRACON& Tower with Radar,12,3,14,0,29,0,1,31,0,32,12,4,45,0,61,25,0,25,86
06/14/2020,PSC,WA,ANM,WE,Combined TRACON& Tower with Radar,18,3,10,0,31,0,0,25,1,26,18,3,35,1,57,40,0,40,97
06/15/2020,PSC,WA,ANM,WE,Combined TRACON& Tower with Radar,17,7,15,25,64,0,0,15,5,20,17,7,30,30,84,44,28,72,156
06/16/2020,PSC,WA,ANM,WE,Combined TRACON& Tower with Radar,12,9,8,38,67,0,14,31,1,46,12,23,39,39,113,30,71,101,214
06/17/2020,PSC,WA,ANM,WE,Combined TRACON& Tower with Radar,14,13,6,23,56,0,13,42,0,55,14,26,48,23,111,63,22,85,196
06/18/2020,PSC,WA,ANM,WE,Combined TRACON& Tower with Radar,22,11,22,8,63,0,14,37,4,55,22,25,59,12,118,8,63,71,189
06/19/2020,PSC,WA,ANM,WE,Combined TRACON& Tower with Radar,17,6,15,6,44,0,1,52,4,57,17,7,67,10,101,70,0,70,171
06/20/2020,PSC,WA,ANM,WE,Combined TRACON& Tower with Radar,14,6,4,0,24,0,2,30,0,32,14,8,34,0,56,47,0,47,103
06/21/2020,PSC,WA,ANM,WE,Combined TRACON& Tower with Radar,18,2,14,0,34,0,0,21,0,21,18,2,35,0,55,36,0,36,91
06/22/2020,PSC,WA,ANM,WE,Combined TRACON& Tower with Radar,19,5,9,12,45,0,13,46,4,63,19,18,55,16,108,24,32,56,164
06/23/2020,PSC,WA,ANM,WE,Combined TRACON& Tower with Radar,14,10,13,6,43,0,19,49,0,68,14,29,62,6,111,61,0,61,172
06/24/2020,PSC,WA,ANM,WE,Combined TRACON& Tower with Radar,14,12,15,16,57,0,2,32,0,34,14,14,47,16,91,57,87,144,235
06/25/2020,PSC,WA,ANM,WE,Combined TRACON& Tower with Radar,18,10,17,0,45,0,8,17,0,25,18,18,34,0,70,34,0,34,104
06/26/2020,PSC,WA,ANM,WE,Combined TRACON& Tower with Radar,16,6,13,14,49,0,15,38,6,59,16,21,51,20,108,46,11,57,165
06/27/2020,PSC,WA,ANM,WE,Combined TRACON& Tower with Radar,14,4,8,0,26,0,1,30,0,31,14,5,38,0,57,29,0,29,86
06/28/2020,PSC,WA,ANM,WE,Combined TRACON& Tower with Radar,18,4,6,0,28,0,0,13,0,13,18,4,19,0,41,27,0,27,68
06/29/2020,PSC,WA,ANM,WE,Combined TRACON& Tower with Radar,17,6,25,3,51,0,8,56,1,65,17,14,81,4,116,46,58,104,220
06/30/2020,PSC,WA,ANM,WE,Combined TRACON& Tower with Radar,14,13,15,15,57,0,0,18,1,19,14,13,33,16,76,0,0,0,76
07/01/2020,PSC,WA,ANM,WE,Combined TRACON& Tower with Radar,14,10,16,30,70,0,6,22,6,34,14,16,38,36,104,6,85,91,195
07/02/2020,PSC,WA,ANM,WE,Combined TRACON& Tower with Radar,22,9,26,2,59,0,7,47,4,58,22,16,73,6,117,33,36,69,186
07/03/2020,PSC,WA,ANM,WE,Combined TRACON& Tower with Radar,20,6,9,0,35,0,1,46,0,47,20,7,55,0,82,44,0,44,126
07/04/2020,PSC,WA,ANM,WE,Combined TRACON& Tower with Radar,14,1,5,0,20,0,0,40,1,41,14,1,45,1,61,30,0,30,91
07/05/2020,PSC,WA,ANM,WE,Combined TRACON& Tower with Radar,20,0,5,0,25,2,0,25,0,27,22,0,30,0,52,42,0,42,94
07/06/2020,PSC,WA,ANM,WE,Combined TRACON& Tower with Radar,21,4,25,18,68,0,10,38,0,48,21,14,63,18,116,67,19,86,202
07/07/2020,PSC,WA,ANM,WE,Combined TRACON& Tower with Radar,21,10,16,11,58,0,4,29,1,34,21,14,45,12,92,33,0,33,125
07/08/2020,PSC,WA,ANM,WE,Combined TRACON& Tower with Radar,21,9,19,17,66,0,14,45,3,62,21,23,64,20,128,61,21,82,210
07/09/2020,PSC,WA,ANM,WE,Combined TRACON& Tower with Radar,27,11,28,20,86,0,11,16,0,27,27,22,44,20,113,24,66,90,203
07/10/2020,PSC,WA,ANM,WE,Combined TRACON& Tower with Radar,22,7,8,7,44,0,7,35,11,53,22,14,43,18,97,75,50,125,222
07/11/2020,PSC,WA,ANM,WE,Combined TRACON& Tower with Radar,22,2,6,0,30,0,2,37,0,39,22,4,43,0,69,72,0,72,141
07/12/2020,PSC,WA,ANM,WE,Combined TRACON& Tower with Radar,25,2,8,0,35,0,0,23,2,25,25,2,31,2,60,58,0,58,118
07/13/2020,PSC,WA,ANM,WE,Combined TRACON& Tower with Radar,25,4,13,22,64,0,10,34,0,44,25,14,47,22,108,39,19,58,166
07/14/2020,PSC,WA,ANM,WE,Combined TRACON& Tower with Radar,24,6,22,12,64,0,8,28,2,38,24,14,50,14,102,75,16,91,193
07/15/2020,PSC,WA,ANM,WE,Combined TRACON& Tower with Radar,22,6,13,0,41,0,11,27,0,38,22,17,40,0,79,73,0,73,152
07/16/2020,PSC,WA,ANM,WE,Combined TRACON& Tower with Radar,28,12,16,12,68,0,13,23,0,36,28,25,39,12,104,26,20,46,150
07/17/2020,PSC,WA,ANM,WE,Combined TRACON& Tower with Radar,24,14,18,7,63,0,2,38,1,41,24,16,56,8,104,52,0,52,156
07/18/2020,PSC,WA,ANM,WE,Combined TRACON& Tower with Radar,23,9,8,0,40,0,3,60,0,63,23,12,68,0,103,126,0,126,229
07/19/2020,PSC,WA,ANM,WE,Combined TRACON& Tower with Radar,27,0,12,0,39,0,0,36,1,37,27,0,48,1,76,88,0,88,164
07/20/2020,PSC,WA,ANM,WE,Combined TRACON& Tower with Radar,25,11,6,6,48,0,6,37,0,43,25,17,43,6,91,66,13,79,170
07/21/2020,PSC,WA,ANM,WE,Combined TRACON& Tower with Radar,23,15,15,41,94,0,8,21,6,35,23,23,36,47,129,76,37,113,242
07/22/2020,PSC,WA,ANM,WE,Combined TRACON& Tower with Radar,20,10,10,2,42,0,10,28,0,38,20,20,38,2,80,60,0,60,140
07/23/2020,PSC,WA,ANM,WE,Combined TRACON& Tower with Radar,27,7,13,7,54,0,12,20,3,35,27,19,33,10,89,6,45,51,140
07/24/2020,PSC,WA,ANM,WE,Combined TRACON& Tower with Radar,24,10,7,0,41,0,4,27,3,34,24,14,34,3,75,64,0,64,139
07/25/2020,PSC,WA,ANM,WE,Combined TRACON& Tower with Radar,23,11,14,0,48,0,3,45,0,48,23,14,59,0,96,50,0,50,146
07/26/2020,PSC,WA,ANM,WE,Combined TRACON& Tower with Radar,26,0,6,0,32,0,0,45,0,45,26,0,51,0,77,48,0,48,125
07/27/2020,PSC,WA,ANM,WE,Combined TRACON& Tower with Radar,26,6,12,0,44,0,1,17,0,18,26,7,29,0,62,58,0,58,120
07/28/2020,PSC,WA,ANM,WE,Combined TRACON& Tower with Radar,23,7,8,2,40,0,7,31,0,38,23,14,39,2,78,72,0,72,150
07/29/2020,PSC,WA,ANM,WE,Combined TRACON& Tower with Radar,23,7,18,12,60,0,1,29,0,30,23,8,47,12,90,56,0,56,146
07/30/2020,PSC,WA,ANM,WE,Combined TRACON& Tower with Radar,26,7,14,9,56,0,2,28,6,36,26,9,42,15,92,44,41,85,177
07/31/2020,PSC,WA,ANM,WE,Combined TRACON& Tower with Radar,25,7,6,0,38,0,0,35,0,35,25,7,41,0,73,52,0,52,125
08/01/2020,PSC,WA,ANM,WE,Combined TRACON& Tower with Radar,19,4,4,0,27,0,1,31,1,33,19,5,35,1,60,52,0,52,112
08/02/2020,PSC,WA,ANM,WE,Combined TRACON& Tower with Radar,27,2,3,0,32,0,2,25,0,27,27,4,28,0,59,46,0,46,105
08/03/2020,PSC,WA,ANM,WE,Combined TRACON& Tower with Radar,26,5,11,18,60,0,1,19,0,20,26,6,30,18,80,77,4,81,161
08/04/2020,PSC,WA,ANM,WE,Combined TRACON& Tower with Radar,21,8,14,10,53,0,3,36,0,39,21,11,50,10,92,50,16,66,158
08/05/2020,PSC,WA,ANM,WE,Combined TRACON& Tower with Radar,23,8,22,28,81,0,2,30,9,41,23,10,52,37,122,58,12,70,192
08/06/2020,PSC,WA,ANM,WE,Combined TRACON& Tower with Radar,26,11,13,13,63,0,0,16,2,18,26,11,29,15,81,3,28,31,112
08/07/2020,PSC,WA,ANM,WE,Combined TRACON& Tower with Radar,23,10,15,7,55,0,1,46,2,49,23,11,61,9,104,24,23,47,151
08/08/2020,PSC,WA,ANM,WE,Combined TRACON& Tower with Radar,21,5,12,0,38,0,1,50,4,55,21,6,62,4,93,38,0,38,131
08/09/2020,PSC,WA,ANM,WE,Combined TRACON& Tower with Radar,23,2,9,0,34,0,0,33,0,33,23,2,42,0,67,147,0,147,214
08/10/2020,PSC,WA,ANM,WE,Combined TRACON& Tower with Radar,24,6,13,24,67,0,0,33,0,33,24,6,46,24,100,60,30,90,190
08/11/2020,PSC,WA,ANM,WE,Combined TRACON& Tower with Radar,19,13,19,0,51,0,1,48,0,49,19,14,67,0,100,103,0,103,203
08/12/2020,PSC,WA,ANM,WE,Combined TRACON& Tower with Radar,20,10,8,26,64,0,0,30,19,49,20,10,38,45,113,12,40,52,165
08/13/2020,PSC,WA,ANM,WE,Combined TRACON& Tower with Radar,23,9,17,8,57,0,2,33,2,37,23,11,50,10,94,33,36,69,163
08/14/2020,PSC,WA,ANM,WE,Combined TRACON& Tower with Radar,22,9,9,11,51,0,6,45,4,55,22,15,54,15,106,35,40,75,181
08/15/2020,PSC,WA,ANM,WE,Combined TRACON& Tower with Radar,20,7,8,0,35,0,1,33,0,34,20,8,41,0,69,81,0,81,150
08/16/2020,PSC,WA,ANM,WE,Combined TRACON& Tower with Radar,23,4,12,0,39,0,0,23,0,23,23,4,35,0,62,64,0,64,126
08/17/2020,PSC,WA,ANM,WE,Combined TRACON& Tower with Radar,19,10,13,6,48,0,3,16,5,24,19,13,29,11,72,31,42,73,145
08/18/2020,PSC,WA,ANM,WE,Combined TRACON& Tower with Radar,19,11,22,9,61,0,1,35,4,40,19,12,57,13,101,62,0,62,163
08/19/2020,PSC,WA,ANM,WE,Combined TRACON& Tower with Radar,23,13,9,25,70,0,1,37,13,51,23,14,46,38,121,38,31,69,190
08/20/2020,PSC,WA,ANM,WE,Combined TRACON& Tower with Radar,21,9,24,20,74,0,1,31,0,32,21,10,55,20,106,44,13,57,163
08/21/2020,PSC,WA,ANM,WE,Combined TRACON& Tower with Radar,20,7,18,9,54,0,1,30,0,31,20,8,48,9,85,55,16,71,156
08/22/2020,PSC,WA,ANM,WE,Combined TRACON& Tower with Radar,19,5,7,0,31,0,1,50,0,51,19,6,57,0,82,49,0,49,131
08/23/2020,PSC,WA,ANM,WE,Combined TRACON& Tower with Radar,21,2,7,0,30,0,2,31,0,33,21,4,38,0,63,30,0,30,93
08/24/2020,PSC,WA,ANM,WE,Combined TRACON& Tower with Radar,20,6,12,4,42,0,0,37,1,38,20,6,49,5,80,39,4,43,123
08/25/2020,PSC,WA,ANM,WE,Combined TRACON& Tower with Radar,20,11,21,4,56,0,2,33,5,40,20,13,54,9,96,116,16,132,228
08/26/2020,PSC,WA,ANM,WE,Combined TRACON& Tower with Radar,19,10,20,0,49,0,1,39,8,48,19,11,59,8,97,62,0,62,159
08/27/2020,PSC,WA,ANM,WE,Combined TRACON& Tower with Radar,21,11,23,10,65,0,5,31,0,36,21,16,54,10,101,98,14,112,213
08/28/2020,PSC,WA,ANM,WE,Combined TRACON& Tower with Radar,21,8,16,0,45,0,4,56,0,60,21,12,72,0,105,138,0,138,243
08/29/2020,PSC,WA,ANM,WE,Combined TRACON& Tower with Radar,18,5,9,0,32,0,1,39,0,40,18,6,48,0,72,116,0,116,188
08/30/2020,PSC,WA,ANM,WE,Combined TRACON& Tower with Radar,21,2,3,0,26,0,0,32,0,32,21,2,35,0,58,81,0,81,139
08/31/2020,PSC,WA,ANM,WE,Combined TRACON& Tower with Radar,20,6,16,12,54,0,0,28,0,28,20,6,44,12,82,79,0,79,161
09/01/2020,PSC,WA,ANM,WE,Combined TRACON& Tower with Radar,22,7,28,0,57,0,3,30,2,35,22,10,58,2,92,105,0,105,197
09/02/2020,PSC,WA,ANM,WE,Combined TRACON& Tower with Radar,20,13,16,24,73,0,1,16,0,17,20,14,32,24,90,39,33,72,162
09/03/2020,PSC,WA,ANM,WE,Combined TRACON& Tower with Radar,25,6,28,10,69,0,2,41,3,46,25,8,69,13,115,62,0,62,177
09/04/2020,PSC,WA,ANM,WE,Combined TRACON& Tower with Radar,25,12,9,0,46,0,0,33,9,42,25,12,42,9,88,36,0,36,124
09/05/2020,PSC,WA,ANM,WE,Combined TRACON& Tower with Radar,21,5,7,0,33,0,1,35,4,40,21,6,42,4,73,56,0,56,129
09/06/2020,PSC,WA,ANM,WE,Combined TRACON& Tower with Radar,25,0,11,0,36,0,1,30,9,40,25,1,41,9,76,62,1,63,139
09/07/2020,PSC,WA,ANM,WE,Combined TRACON& Tower with Radar,22,0,19,0,41,0,0,8,0,8,22,0,27,0,49,28,0,28,77
09/08/2020,PSC,WA,ANM,WE,Combined TRACON& Tower with Radar,23,6,28,5,62,0,2,30,0,32,23,8,58,5,94,73,12,85,179
09/09/2020,PSC,WA,ANM,WE,Combined TRACON& Tower with Radar,22,12,6,23,63,0,2,16,1,19,22,14,22,24,82,68,9,77,159
09/10/2020,PSC,WA,ANM,WE,Combined TRACON& Tower with Radar,25,12,21,0,58,0,2,15,0,17,25,14,36,0,75,81,0,81,156
09/11/2020,PSC,WA,ANM,WE,Combined TRACON& Tower with Radar,24,8,23,28,83,0,0,9,0,9,24,8,32,28,92,15,0,15,107
09/12/2020,PSC,WA,ANM,WE,Combined TRACON& Tower with Radar,17,4,9,0,30,0,0,0,0,0,17,4,9,0,30,0,0,0,30
09/13/2020,PSC,WA,ANM,WE,Combined TRACON& Tower with Radar,11,0,7,0,18,0,0,0,0,0,11,0,7,0,18,0,0,0,18
09/14/2020,PSC,WA,ANM,WE,Combined TRACON& Tower with Radar,19,5,14,0,38,0,0,0,0,0,19,5,14,0,38,0,0,0,38
09/15/2020,PSC,WA,ANM,WE,Combined TRACON& Tower with Radar,19,4,10,0,33,0,0,0,0,0,19,4,10,0,33,0,0,0,33
09/16/2020,PSC,WA,ANM,WE,Combined TRACON& Tower with Radar,21,8,27,0,56,0,0,0,0,0,21,8,27,0,56,0,0,0,56
09/17/2020,PSC,WA,ANM,WE,Combined TRACON& Tower with Radar,25,9,22,0,56,0,0,0,0,0,25,9,22,0,56,0,0,0,56
09/18/2020,PSC,WA,ANM,WE,Combined TRACON& Tower with Radar,29,8,13,23,73,0,1,2,0,3,29,9,15,23,76,0,0,0,76
09/19/2020,PSC,WA,ANM,WE,Combined TRACON& Tower with Radar,21,5,17,0,43,0,1,33,0,34,21,6,50,0,77,64,0,64,141
09/20/2020,PSC,WA,ANM,WE,Combined TRACON& Tower with Radar,25,0,11,0,36,0,0,36,0,36,25,0,47,0,72,38,0,38,110
09/21/2020,PSC,WA,ANM,WE,Combined TRACON& Tower with Radar,25,6,11,4,46,0,0,48,0,48,25,6,59,4,94,80,18,98,192
09/22/2020,PSC,WA,ANM,WE,Combined TRACON& Tower with Radar,23,12,27,0,62,0,0,43,1,44,23,12,70,1,106,60,0,60,166
09/23/2020,PSC,WA,ANM,WE,Combined TRACON& Tower with Radar,21,12,9,1,43,0,1,29,0,30,21,13,38,1,73,68,0,68,141
09/24/2020,PSC,WA,ANM,WE,Combined TRACON& Tower with Radar,25,9,4,2,40,0,0,22,0,22,25,9,26,2,62,52,0,52,114
09/25/2020,PSC,WA,ANM,WE,Combined TRACON& Tower with Radar,25,7,18,0,50,0,1,28,0,29,25,8,46,0,79,43,0,43,122
09/26/2020,PSC,WA,ANM,WE,Combined TRACON& Tower with Radar,22,5,14,0,41,0,1,29,3,33,22,6,43,3,74,15,0,15,89
09/27/2020,PSC,WA,ANM,WE,Combined TRACON& Tower with Radar,25,0,16,0,41,0,0,42,0,42,25,0,58,0,83,99,0,99,182
09/28/2020,PSC,WA,ANM,WE,Combined TRACON& Tower with Radar,25,4,18,0,47,0,8,50,0,58,25,12,68,0,105,86,0,86,191
09/29/2020,PSC,WA,ANM,WE,Combined TRACON& Tower with Radar,23,10,18,7,58,0,8,49,1,58,23,18,67,8,116,103,6,109,225
09/30/2020,PSC,WA,ANM,WE,Combined TRACON& Tower with Radar,21,11,12,18,62,0,9,45,1,55,21,20,57,19,117,38,12,50,167
10/01/2020,PSC,WA,ANM,WE,Combined TRACON& Tower with Radar,34,9,24,0,67,0,7,38,1,46,34,16,62,1,113,123,0,123,236
10/02/2020,PSC,WA,ANM,WE,Combined TRACON& Tower with Radar,26,5,14,4,49,0,1,31,0,32,26,6,45,4,81,98,14,112,193
10/03/2020,PSC,WA,ANM,WE,Combined TRACON& Tower with Radar,22,4,9,0,35,0,1,58,1,60,22,5,67,1,95,107,0,107,202
10/04/2020,PSC,WA,ANM,WE,Combined TRACON& Tower with Radar,24,1,14,0,39,0,0,50,1,51,24,1,64,1,90,64,0,64,154
10/05/2020,PSC,WA,ANM,WE,Combined TRACON& Tower with Radar,24,5,8,6,43,0,8,42,0,50,24,13,50,6,93,87,11,98,191
10/06/2020,PSC,WA,ANM,WE,Combined TRACON& Tower with Radar,32,12,12,16,72,0,14,30,2,46,32,26,42,18,118,70,23,93,211
10/07/2020,PSC,WA,ANM,WE,Combined TRACON& Tower with Radar,23,14,22,4,63,0,5,39,0,44,23,19,61,4,107,58,8,66,173
10/08/2020,PSC,WA,ANM,WE,Combined TRACON& Tower with Radar,24,7,21,13,65,0,2,38,5,45,24,9,59,18,110,67,25,92,202
10/09/2020,PSC,WA,ANM,WE,Combined TRACON& Tower with Radar,27,6,16,0,49,0,0,41,0,41,27,6,57,0,90,97,0,97,187
10/10/2020,PSC,WA,ANM,WE,Combined TRACON& Tower with Radar,22,5,4,0,31,0,1,12,0,13,22,6,16,0,44,13,0,13,57
10/11/2020,PSC,WA,ANM,WE,Combined TRACON& Tower with Radar,23,0,9,0,32,0,0,15,0,15,23,0,24,0,47,11,0,11,58
10/12/2020,PSC,WA,ANM,WE,Combined TRACON& Tower with Radar,24,4,15,0,43,0,0,19,1,20,24,4,34,1,63,8,0,8,71
10/13/2020,PSC,WA,ANM,WE,Combined TRACON& Tower with Radar,21,11,8,7,47,0,2,10,0,12,21,13,18,7,59,2,0,2,61
10/14/2020,PSC,WA,ANM,WE,Combined TRACON& Tower with Radar,19,9,17,2,47,0,13,44,1,58,19,22,61,3,105,75,42,117,222
10/15/2020,PSC,WA,ANM,WE,Combined TRACON& Tower with Radar,25,9,26,18,78,0,8,49,6,63,25,17,75,24,141,87,14,101,242
10/16/2020,PSC,WA,ANM,WE,Combined TRACON& Tower with Radar,25,8,15,1,49,0,0,35,1,36,25,8,50,2,85,38,27,65,150
10/17/2020,PSC,WA,ANM,WE,Combined TRACON& Tower with Radar,22,6,17,0,45,0,0,37,0,37,22,6,54,0,82,40,0,40,122
10/18/2020,PSC,WA,ANM,WE,Combined TRACON& Tower with Radar,23,0,12,0,35,0,0,16,0,16,23,0,28,0,51,2,0,2,53
10/19/2020,PSC,WA,ANM,WE,Combined TRACON& Tower with Radar,24,8,18,0,50,0,0,35,0,35,24,8,53,0,85,51,0,51,136
10/20/2020,PSC,WA,ANM,WE,Combined TRACON& Tower with Radar,22,8,36,0,66,0,9,28,1,38,22,17,64,1,104,90,0,90,194
10/21/2020,PSC,WA,ANM,WE,Combined TRACON& Tower with Radar,22,11,23,0,56,0,12,43,0,55,22,23,66,0,111,93,0,93,204
10/22/2020,PSC,WA,ANM,WE,Combined TRACON& Tower with Radar,23,7,22,6,58,0,5,61,0,66,23,12,83,6,124,104,10,114,238
10/23/2020,PSC,WA,ANM,WE,Combined TRACON& Tower with Radar,29,5,7,14,55,0,3,32,0,35,29,8,39,14,90,75,0,75,165
10/24/2020,PSC,WA,ANM,WE,Combined TRACON& Tower with Radar,22,3,3,0,28,0,1,39,0,40,22,4,42,0,68,44,0,44,112
10/25/2020,PSC,WA,ANM,WE,Combined TRACON& Tower with Radar,23,2,8,0,33,0,2,23,0,25,23,4,31,0,58,72,0,72,130
10/26/2020,PSC,WA,ANM,WE,Combined TRACON& Tower with Radar,24,6,18,0,48,0,9,46,0,55,24,15,64,0,103,87,0,87,190
10/27/2020,PSC,WA,ANM,WE,Combined TRACON& Tower with Radar,22,10,30,2,64,0,5,46,0,51,22,15,76,2,115,93,6,99,214
10/28/2020,PSC,WA,ANM,WE,Combined TRACON& Tower with Radar,23,10,21,9,63,0,1,43,3,47,23,11,64,12,110,114,0,114,224
10/29/2020,PSC,WA,ANM,WE,Combined TRACON& Tower with Radar,28,12,22,3,65,0,2,42,1,45,28,14,64,4,110,124,0,124,234
10/30/2020,PSC,WA,ANM,WE,Combined TRACON& Tower with Radar,24,8,21,9,62,0,0,6,1,7,24,8,27,10,69,0,16,16,85
10/31/2020,PSC,WA,ANM,WE,Combined TRACON& Tower with Radar,23,3,10,0,36,0,1,39,3,43,23,4,49,3,79,88,0,88,167
11/01/2020,PSC,WA,ANM,WE,Combined TRACON& Tower with Radar,22,2,12,7,43,0,1,43,2,46,22,3,55,9,89,52,10,62,151
11/02/2020,PSC,WA,ANM,WE,Combined TRACON& Tower with Radar,24,6,7,0,37,0,3,34,0,37,24,9,41,0,74,69,0,69,143
11/03/2020,PSC,WA,ANM,WE,Combined TRACON& Tower with Radar,19,12,15,0,46,0,0,20,1,21,19,12,35,1,67,20,0,20,87
11/04/2020,PSC,WA,ANM,WE,Combined TRACON& Tower with Radar,20,13,13,0,46,0,1,24,0,25,20,14,37,0,71,14,0,14,85
11/05/2020,PSC,WA,ANM,WE,Combined TRACON& Tower with Radar,22,10,21,4,57,0,2,16,0,18,22,12,37,4,75,36,32,68,143
11/06/2020,PSC,WA,ANM,WE,Combined TRACON& Tower with Radar,22,13,19,12,66,0,0,4,0,4,22,13,23,12,70,33,0,33,103
11/07/2020,PSC,WA,ANM,WE,Combined TRACON& Tower with Radar,21,5,14,0,40,0,1,41,0,42,21,6,55,0,82,70,0,70,152
11/08/2020,PSC,WA,ANM,WE,Combined TRACON& Tower with Radar,22,3,12,0,37,0,0,4,0,4,22,3,16,0,41,73,0,73,114
11/09/2020,PSC,WA,ANM,WE,Combined TRACON& Tower with Radar,22,13,21,8,64,0,0,20,3,23,22,13,41,11,87,24,29,53,140
11/10/2020,PSC,WA,ANM,WE,Combined TRACON& Tower with Radar,20,15,12,0,47,0,1,8,0,9,20,16,20,0,56,0,0,0,56
11/11/2020,PSC,WA,ANM,WE,Combined TRACON& Tower with Radar,20,14,21,0,55,0,1,40,1,42,20,15,61,1,97,110,0,110,207
11/12/2020,PSC,WA,ANM,WE,Combined TRACON& Tower with Radar,25,12,28,0,65,0,0,20,0,20,25,12,48,0,85,27,0,27,112
11/13/2020,PSC,WA,ANM,WE,Combined TRACON& Tower with Radar,22,8,10,0,40,0,0,10,0,10,22,8,20,0,50,10,0,10,60
11/14/2020,PSC,WA,ANM,WE,Combined TRACON& Tower with Radar,20,6,15,0,41,0,1,14,0,15,20,7,29,0,56,22,0,22,78
11/15/2020,PSC,WA,ANM,WE,Combined TRACON& Tower with Radar,22,2,21,0,45,0,4,19,0,23,22,6,40,0,68,17,0,17,85
11/16/2020,PSC,WA,ANM,WE,Combined TRACON& Tower with Radar,22,8,27,0,57,0,0,5,0,5,22,8,32,0,62,23,0,23,85
11/17/2020,PSC,WA,ANM,WE,Combined TRACON& Tower with Radar,20,15,23,20,78,0,2,18,2,22,20,17,41,22,100,70,14,84,184
11/18/2020,PSC,WA,ANM,WE,Combined TRACON& Tower with Radar,20,11,23,14,68,0,1,11,0,12,20,12,34,14,80,57,54,111,191
11/19/2020,PSC,WA,ANM,WE,Combined TRACON& Tower with Radar,22,12,13,8,55,0,2,32,0,34,22,14,45,8,89,9,6,15,104
11/20/2020,PSC,WA,ANM,WE,Combined TRACON& Tower with Radar,26,12,29,11,78,0,1,53,1,55,26,13,82,12,133,16,30,46,179
11/21/2020,PSC,WA,ANM,WE,Combined TRACON& Tower with Radar,25,5,10,0,40,0,1,55,1,57,25,6,65,1,97,120,0,120,217
11/22/2020,PSC,WA,ANM,WE,Combined TRACON& Tower with Radar,28,2,23,0,53,0,0,6,0,6,28,2,29,0,59,0,0,0,59
11/23/2020,PSC,WA,ANM,WE,Combined TRACON& Tower with Radar,26,6,19,22,73,0,0,1,0,1,26,6,20,22,74,0,0,0,74
11/24/2020,PSC,WA,ANM,WE,Combined TRACON& Tower with Radar,25,10,25,27,87,0,1,24,1,26,25,11,49,28,113,6,33,39,152
11/25/2020,PSC,WA,ANM,WE,Combined TRACON& Tower with Radar,28,10,6,15,59,0,0,17,1,18,28,10,23,16,77,46,40,86,163
11/26/2020,PSC,WA,ANM,WE,Combined TRACON& Tower with Radar,15,3,4,0,22,0,0,12,0,12,15,3,16,0,34,81,0,81,115
11/27/2020,PSC,WA,ANM,WE,Combined TRACON& Tower with Radar,22,8,8,0,38,0,3,39,0,42,22,11,47,0,80,42,0,42,122
11/28/2020,PSC,WA,ANM,WE,Combined TRACON& Tower with Radar,27,5,21,0,53,0,1,22,0,23,27,6,43,0,76,93,0,93,169
11/29/2020,PSC,WA,ANM,WE,Combined TRACON& Tower with Radar,28,5,16,0,49,0,2,14,0,16,28,7,30,0,65,33,0,33,98
11/30/2020,PSC,WA,ANM,WE,Combined TRACON& Tower with Radar,29,7,13,5,54,0,0,10,3,13,29,7,23,8,67,34,0,34,101
12/01/2020,PSC,WA,ANM,WE,Combined TRACON& Tower with Radar,21,16,13,22,72,0,10,32,7,49,21,26,45,29,121,39,32,71,192
12/02/2020,PSC,WA,ANM,WE,Combined TRACON& Tower with Radar,19,15,17,25,76,0,3,31,1,35,19,18,48,26,111,76,30,106,217
12/03/2020,PSC,WA,ANM,WE,Combined TRACON& Tower with Radar,30,21,8,3,62,0,0,0,0,0,30,21,8,3,62,0,0,0,62
12/04/2020,PSC,WA,ANM,WE,Combined TRACON& Tower with Radar,19,12,12,5,48,0,0,0,0,0,19,12,12,5,48,0,0,0,48
12/05/2020,PSC,WA,ANM,WE,Combined TRACON& Tower with Radar,20,11,4,0,35,0,0,0,0,0,20,11,4,0,35,10,0,10,45
12/06/2020,PSC,WA,ANM,WE,Combined TRACON& Tower with Radar,23,4,7,0,34,0,0,0,0,0,23,4,7,0,34,67,0,67,101
12/07/2020,PSC,WA,ANM,WE,Combined TRACON& Tower with Radar,21,7,13,10,51,0,0,0,0,0,21,7,13,10,51,4,0,4,55
12/08/2020,PSC,WA,ANM,WE,Combined TRACON& Tower with Radar,20,13,30,11,74,0,0,2,0,2,20,13,32,11,76,0,0,0,76
12/09/2020,PSC,WA,ANM,WE,Combined TRACON& Tower with Radar,22,12,23,46,103,0,0,44,1,45,22,12,67,47,148,66,46,112,260
12/10/2020,PSC,WA,ANM,WE,Combined TRACON& Tower with Radar,23,18,16,0,57,0,0,0,0,0,23,18,16,0,57,7,0,7,64
12/11/2020,PSC,WA,ANM,WE,Combined TRACON& Tower with Radar,19,13,17,0,49,0,0,16,0,16,19,13,33,0,65,22,0,22,87
12/12/2020,PSC,WA,ANM,WE,Combined TRACON& Tower with Radar,20,9,14,4,47,0,0,36,0,36,20,9,50,4,83,103,8,111,194
12/13/2020,PSC,WA,ANM,WE,Combined TRACON& Tower with Radar,23,7,7,0,37,0,0,8,0,8,23,7,15,0,45,47,0,47,92
12/14/2020,PSC,WA,ANM,WE,Combined TRACON& Tower with Radar,21,5,19,25,70,0,0,2,0,2,21,5,21,25,72,32,10,42,114
12/15/2020,PSC,WA,ANM,WE,Combined TRACON& Tower with Radar,22,11,20,2,55,0,0,18,2,20,22,11,38,4,75,77,18,95,170
12/16/2020,PSC,WA,ANM,WE,Combined TRACON& Tower with Radar,20,10,17,25,72,0,1,17,1,19,20,11,34,26,91,85,48,133,224
12/17/2020,PSC,WA,ANM,WE,Combined TRACON& Tower with Radar,21,14,9,5,49,0,5,15,1,21,21,19,24,6,70,0,20,20,90
12/18/2020,PSC,WA,ANM,WE,Combined TRACON& Tower with Radar,23,11,14,28,76,0,1,29,2,32,23,12,43,30,108,35,38,73,181
12/19/2020,PSC,WA,ANM,WE,Combined TRACON& Tower with Radar,23,11,2,0,36,0,2,19,0,21,23,13,21,0,57,40,0,40,97
12/20/2020,PSC,WA,ANM,WE,Combined TRACON& Tower with Radar,23,2,10,0,35,0,0,13,0,13,23,2,23,0,48,121,0,121,169
12/21/2020,PSC,WA,ANM,WE,Combined TRACON& Tower with Radar,28,5,10,12,55,0,0,6,5,11,28,5,16,17,66,31,10,41,107
12/22/2020,PSC,WA,ANM,WE,Combined TRACON& Tower with Radar,24,11,14,4,53,0,1,19,0,20,24,12,33,4,73,5,12,17,90
12/23/2020,PSC,WA,ANM,WE,Combined TRACON& Tower with Radar,30,12,17,6,65,0,4,34,2,40,30,16,51,8,105,40,14,54,159
12/24/2020,PSC,WA,ANM,WE,Combined TRACON& Tower with Radar,19,7,0,0,26,0,1,30,1,32,19,8,30,1,58,73,0,73,131
12/25/2020,PSC,WA,ANM,WE,Combined TRACON& Tower with Radar,18,5,3,0,26,0,0,2,0,2,18,5,5,0,28,0,0,0,28
12/26/2020,PSC,WA,ANM,WE,Combined TRACON& Tower with Radar,23,8,9,0,40,0,3,7,0,10,23,11,16,0,50,41,0,41,91
12/27/2020,PSC,WA,ANM,WE,Combined TRACON& Tower with Radar,23,4,12,0,39,0,1,1,0,2,23,5,13,0,41,11,0,11,52
12/28/2020,PSC,WA,ANM,WE,Combined TRACON& Tower with Radar,21,6,2,0,29,0,0,0,0,0,21,6,2,0,29,0,0,0,29
12/29/2020,PSC,WA,ANM,WE,Combined TRACON& Tower with Radar,25,13,13,22,73,0,0,4,0,4,25,13,17,22,77,16,64,80,157
12/30/2020,PSC,WA,ANM,WE,Combined TRACON& Tower with Radar,25,13,16,10,64,0,0,0,0,0,25,13,16,10,64,0,0,0,64
12/31/2020,PSC,WA,ANM,WE,Combined TRACON& Tower with Radar,19,11,4,0,34,0,1,23,0,24,19,12,27,0,58,109,0,109,167
01/01/2021,PSC,WA,ANM,WE,Combined TRACON& Tower with Radar,17,3,6,0,26,0,0,13,0,13,17,3,19,0,39,72,0,72,111
01/02/2021,PSC,WA,ANM,WE,Combined TRACON& Tower with Radar,26,5,10,0,41,0,1,16,0,17,26,6,26,0,58,29,0,29,87
01/03/2021,PSC,WA,ANM,WE,Combined TRACON& Tower with Radar,22,5,10,0,37,0,0,19,0,19,22,5,29,0,56,68,0,68,124
01/04/2021,PSC,WA,ANM,WE,Combined TRACON& Tower with Radar,22,11,19,14,66,0,0,7,0,7,22,11,26,14,73,22,0,22,95
01/05/2021,PSC,WA,ANM,WE,Combined TRACON& Tower with Radar,19,6,29,12,66,0,6,26,2,34,19,12,55,14,100,69,30,99,199
01/06/2021,PSC,WA,ANM,WE,Combined TRACON& Tower with Radar,20,8,12,13,53,0,0,15,1,16,20,8,27,14,69,33,19,52,121
01/07/2021,PSC,WA,ANM,WE,Combined TRACON& Tower with Radar,20,7,18,30,75,0,1,20,1,22,20,8,38,31,97,5,59,64,161
01/08/2021,PSC,WA,ANM,WE,Combined TRACON& Tower with Radar,28,14,14,15,71,0,0,8,0,8,28,14,22,15,79,32,0,32,111
01/09/2021,PSC,WA,ANM,WE,Combined TRACON& Tower with Radar,15,2,9,0,26,0,0,2,0,2,15,2,11,0,28,26,0,26,54
01/10/2021,PSC,WA,ANM,WE,Combined TRACON& Tower with Radar,19,2,8,0,29,0,0,15,2,17,19,2,23,2,46,80,0,80,126
01/11/2021,PSC,WA,ANM,WE,Combined TRACON& Tower with Radar,20,4,14,29,67,0,0,2,1,3,20,4,16,30,70,10,9,19,89
01/12/2021,PSC,WA,ANM,WE,Combined TRACON& Tower with Radar,18,7,17,22,64,0,0,18,2,20,18,7,35,24,84,29,30,59,143
01/13/2021,PSC,WA,ANM,WE,Combined TRACON& Tower with Radar,18,3,26,0,47,0,0,10,0,10,18,3,36,0,57,0,0,0,57
01/14/2021,PSC,WA,ANM,WE,Combined TRACON& Tower with Radar,21,8,18,6,53,0,14,27,4,45,21,22,45,10,98,62,9,71,169
01/15/2021,PSC,WA,ANM,WE,Combined TRACON& Tower with Radar,20,8,13,18,59,0,4,23,0,27,20,12,36,18,86,43,35,78,164
01/16/2021,PSC,WA,ANM,WE,Combined TRACON& Tower with Radar,18,8,6,0,32,0,0,8,0,8,18,8,14,0,40,107,0,107,147
01/17/2021,PSC,WA,ANM,WE,Combined TRACON& Tower with Radar,16,1,11,0,28,0,0,51,0,51,16,1,62,0,79,100,0,100,179
01/18/2021,PSC,WA,ANM,WE,Combined TRACON& Tower with Radar,20,4,13,0,37,0,0,29,0,29,20,4,42,0,66,105,0,105,171
01/19/2021,PSC,WA,ANM,WE,Combined TRACON& Tower with Radar,23,10,19,27,79,0,0,11,0,11,23,10,30,27,90,2,45,47,137
01/20/2021,PSC,WA,ANM,WE,Combined TRACON& Tower with Radar,19,12,26,23,80,0,0,25,3,28,19,12,51,26,108,24,31,55,163
01/21/2021,PSC,WA,ANM,WE,Combined TRACON& Tower with Radar,19,14,15,16,64,0,0,0,0,0,19,14,15,16,64,0,16,16,80
01/22/2021,PSC,WA,ANM,WE,Combined TRACON& Tower with Radar,20,7,11,10,48,0,2,32,0,34,20,9,43,10,82,28,22,50,132
01/23/2021,PSC,WA,ANM,WE,Combined TRACON& Tower with Radar,15,3,17,0,35,0,1,64,0,65,15,4,81,0,100,104,0,104,204
01/24/2021,PSC,WA,ANM,WE,Combined TRACON& Tower with Radar,20,0,14,0,34,0,0,22,0,22,20,0,36,0,56,93,0,93,149
01/25/2021,PSC,WA,ANM,WE,Combined TRACON& Tower with Radar,21,4,13,6,44,0,0,3,0,3,21,4,16,6,47,0,14,14,61
01/26/2021,PSC,WA,ANM,WE,Combined TRACON& Tower with Radar,18,13,18,30,79,0,0,15,0,15,18,13,33,30,94,83,40,123,217
01/27/2021,PSC,WA,ANM,WE,Combined TRACON& Tower with Radar,18,10,21,31,80,0,0,26,1,27,18,10,47,32,107,45,55,100,207
01/28/2021,PSC,WA,ANM,WE,Combined TRACON& Tower with Radar,20,13,15,24,72,0,4,28,8,40,20,17,43,32,112,10,46,56,168
01/29/2021,PSC,WA,ANM,WE,Combined TRACON& Tower with Radar,23,10,8,12,53,0,0,13,0,13,23,10,21,12,66,73,0,73,139
01/30/2021,PSC,WA,ANM,WE,Combined TRACON& Tower with Radar,15,3,22,0,40,0,1,40,0,41,15,4,62,0,81,58,0,58,139
01/31/2021,PSC,WA,ANM,WE,Combined TRACON& Tower with Radar,18,0,6,0,24,0,0,28,0,28,18,0,34,0,52,103,0,103,155
02/01/2021,PSC,WA,ANM,WE,Combined TRACON& Tower with Radar,18,6,7,32,63,0,0,21,2,23,18,6,28,34,86,12,64,76,162
02/02/2021,PSC,WA,ANM,WE,Combined TRACON& Tower with Radar,18,9,16,31,74,0,13,16,0,29,18,22,32,31,103,9,34,43,146
02/03/2021,PSC,WA,ANM,WE,Combined TRACON& Tower with Radar,17,9,20,23,69,0,1,20,0,21,17,10,40,23,90,48,58,106,196
02/04/2021,PSC,WA,ANM,WE,Combined TRACON& Tower with Radar,20,8,31,28,87,0,13,27,3,43,20,21,58,31,130,46,74,120,250
02/05/2021,PSC,WA,ANM,WE,Combined TRACON& Tower with Radar,19,6,18,19,62,0,0,21,1,22,19,6,39,20,84,18,74,92,176
02/06/2021,PSC,WA,ANM,WE,Combined TRACON& Tower with Radar,17,4,19,8,48,0,1,10,0,11,17,5,29,8,59,24,0,24,83
02/07/2021,PSC,WA,ANM,WE,Combined TRACON& Tower with Radar,19,0,4,0,23,0,5,48,0,53,19,5,52,0,76,90,0,90,166
02/08/2021,PSC,WA,ANM,WE,Combined TRACON& Tower with Radar,19,7,23,19,68,0,5,42,1,48,19,12,65,20,116,43,27,70,186
02/09/2021,PSC,WA,ANM,WE,Combined TRACON& Tower with Radar,18,9,36,9,72,0,0,47,1,48,18,9,83,10,120,63,20,83,203
02/10/2021,PSC,WA,ANM,WE,Combined TRACON& Tower with Radar,18,12,19,0,49,0,6,52,0,58,18,18,71,0,107,62,0,62,169
02/11/2021,PSC,WA,ANM,WE,Combined TRACON& Tower with Radar,22,11,14,0,47,0,0,8,0,8,22,11,22,0,55,25,0,25,80
02/12/2021,PSC,WA,ANM,WE,Combined TRACON& Tower with Radar,25,8,4,0,37,0,0,0,0,0,25,8,4,0,37,0,0,0,37
02/13/2021,PSC,WA,ANM,WE,Combined TRACON& Tower with Radar,10,3,5,0,18,0,0,0,0,0,10,3,5,0,18,0,0,0,18
02/14/2021,PSC,WA,ANM,WE,Combined TRACON& Tower with Radar,14,1,4,0,19,0,0,0,0,0,14,1,4,0,19,0,0,0,19
02/15/2021,PSC,WA,ANM,WE,Combined TRACON& Tower with Radar,24,5,12,0,41,0,0,0,0,0,24,5,12,0,41,0,0,0,41
02/16/2021,PSC,WA,ANM,WE,Combined TRACON& Tower with Radar,24,9,13,0,46,0,0,18,0,18,24,9,31,0,64,9,0,9,73
02/17/2021,PSC,WA,ANM,WE,Combined TRACON& Tower with Radar,21,8,24,0,53,0,0,26,0,26,21,8,50,0,79,40,0,40,119
02/18/2021,PSC,WA,ANM,WE,Combined TRACON& Tower with Radar,26,3,6,0,35,0,0,2,0,2,26,3,8,0,37,4,0,4,41
02/19/2021,PSC,WA,ANM,WE,Combined TRACON& Tower with Radar,25,5,4,4,38,0,1,16,0,17,25,6,20,4,55,6,0,6,61
02/20/2021,PSC,WA,ANM,WE,Combined TRACON& Tower with Radar,21,4,4,0,29,0,0,31,0,31,21,4,35,0,60,42,0,42,102
02/21/2021,PSC,WA,ANM,WE,Combined TRACON& Tower with Radar,23,0,22,0,45,0,0,22,0,22,23,0,44,0,67,2,0,2,69
02/22/2021,PSC,WA,ANM,WE,Combined TRACON& Tower with Radar,24,4,6,0,34,0,0,5,0,5,24,4,11,0,39,0,0,0,39
02/23/2021,PSC,WA,ANM,WE,Combined TRACON& Tower with Radar,22,9,13,32,76,0,5,14,0,19,22,14,27,32,95,0,26,26,121
02/24/2021,PSC,WA,ANM,WE,Combined TRACON& Tower with Radar,23,10,21,12,66,0,8,54,0,62,23,18,75,12,128,95,0,95,223
02/25/2021,PSC,WA,ANM,WE,Combined TRACON& Tower with Radar,22,8,6,41,77,0,1,7,0,8,22,9,13,41,85,0,52,52,137
02/26/2021,PSC,WA,ANM,WE,Combined TRACON& Tower with Radar,23,12,14,0,49,0,0,4,0,4,23,12,18,0,53,0,0,0,53
02/27/2021,PSC,WA,ANM,WE,Combined TRACON& Tower with Radar,19,3,9,0,31,0,1,49,0,50,19,4,58,0,81,78,0,78,159
02/28/2021,PSC,WA,ANM,WE,Combined TRACON& Tower with Radar,23,0,17,2,42,0,0,66,1,67,23,0,83,3,109,80,18,98,207
03/01/2021,PSC,WA,ANM,WE,Combined TRACON& Tower with Radar,24,7,12,34,77,0,1,46,2,49,24,8,58,36,126,20,51,71,197
03/02/2021,PSC,WA,ANM,WE,Combined TRACON& Tower with Radar,25,8,17,24,74,0,4,31,1,36,25,12,48,25,110,22,50,72,182
03/03/2021,PSC,WA,ANM,WE,Combined TRACON& Tower with Radar,28,9,14,3,54,0,7,49,1,57,28,16,63,4,111,61,26,87,198
03/04/2021,PSC,WA,ANM,WE,Combined TRACON& Tower with Radar,31,10,9,6,56,0,8,46,2,56,31,18,55,8,112,52,31,83,195
03/05/2021,PSC,WA,ANM,WE,Combined TRACON& Tower with Radar,29,10,8,0,47,0,1,42,0,43,29,11,50,0,90,23,0,23,113
03/06/2021,PSC,WA,ANM,WE,Combined TRACON& Tower with Radar,22,3,5,0,30,0,1,28,1,30,22,4,33,1,60,110,0,110,170
03/07/2021,PSC,WA,ANM,WE,Combined TRACON& Tower with Radar,28,0,14,0,42,0,0,16,0,16,28,0,30,0,58,34,0,34,92
03/08/2021,PSC,WA,ANM,WE,Combined TRACON& Tower with Radar,28,6,15,10,59,0,0,30,2,32,28,6,45,12,91,42,32,74,165
03/09/2021,PSC,WA,ANM,WE,Combined TRACON& Tower with Radar,27,6,24,36,93,0,18,46,3,67,27,24,70,39,160,71,56,127,287
03/10/2021,PSC,WA,ANM,WE,Combined TRACON& Tower with Radar,26,6,12,8,52,0,14,53,4,71,26,20,65,12,123,97,15,112,235
03/11/2021,PSC,WA,ANM,WE,Combined TRACON& Tower with Radar,32,9,9,11,61,0,13,45,7,65,32,22,54,18,126,68,12,80,206
03/12/2021,PSC,WA,ANM,WE,Combined TRACON& Tower with Radar,29,8,10,0,47,0,0,34,0,34,29,8,44,0,81,74,26,100,181
03/13/2021,PSC,WA,ANM,WE,Combined TRACON& Tower with Radar,24,3,10,18,55,0,1,60,1,62,24,4,70,19,117,88,6,94,211
03/14/2021,PSC,WA,ANM,WE,Combined TRACON& Tower with Radar,25,0,16,0,41,0,0,44,1,45,25,0,60,1,86,140,0,140,226
03/15/2021,PSC,WA,ANM,WE,Combined TRACON& Tower with Radar,28,4,11,0,43,0,6,17,1,24,28,10,28,1,67,80,0,80,147
03/16/2021,PSC,WA,ANM,WE,Combined TRACON& Tower with Radar,28,9,12,7,56,0,5,28,1,34,28,14,40,8,90,64,32,96,186
03/17/2021,PSC,WA,ANM,WE,Combined TRACON& Tower with Radar,28,4,19,32,83,0,6,61,1,68,28,10,80,33,151,92,16,108,259
03/18/2021,PSC,WA,ANM,WE,Combined TRACON& Tower with Radar,30,7,19,0,56,0,1,38,0,39,30,8,57,0,95,131,0,131,226
03/19/2021,PSC,WA,ANM,WE,Combined TRACON& Tower with Radar,32,8,8,6,54,0,0,26,4,30,32,8,34,10,84,64,37,101,185
03/20/2021,PSC,WA,ANM,WE,Combined TRACON& Tower with Radar,24,5,9,0,38,0,1,11,0,12,24,6,20,0,50,32,0,32,82
03/21/2021,PSC,WA,ANM,WE,Combined TRACON& Tower with Radar,29,2,13,0,44,0,0,34,0,34,29,2,47,0,78,168,0,168,246
03/22/2021,PSC,WA,ANM,WE,Combined TRACON& Tower with Radar,30,6,9,10,55,0,0,10,0,10,30,6,19,10,65,8,8,16,81
03/23/2021,PSC,WA,ANM,WE,Combined TRACON& Tower with Radar,31,8,10,0,49,0,0,47,0,47,31,8,57,0,96,10,0,10,106
03/24/2021,PSC,WA,ANM,WE,Combined TRACON& Tower with Radar,27,10,13,12,62,0,1,8,3,12,27,11,21,15,74,29,37,66,140
03/25/2021,PSC,WA,ANM,WE,Combined TRACON& Tower with Radar,30,13,22,1,66,0,3,24,3,30,30,16,46,4,96,56,0,56,152
03/26/2021,PSC,WA,ANM,WE,Combined TRACON& Tower with Radar,31,7,9,8,55,0,2,57,0,59,31,9,66,8,114,81,11,92,206
03/27/2021,PSC,WA,ANM,WE,Combined TRACON& Tower with Radar,27,3,7,0,37,0,1,51,0,52,27,4,58,0,89,153,0,153,242
03/28/2021,PSC,WA,ANM,WE,Combined TRACON& Tower with Radar,32,0,7,0,39,0,0,6,0,6,32,0,13,0,45,0,0,0,45
03/29/2021,PSC,WA,ANM,WE,Combined TRACON& Tower with Radar,31,4,7,0,42,0,0,12,0,12,31,4,19,0,54,16,0,16,70
03/30/2021,PSC,WA,ANM,WE,Combined TRACON& Tower with Radar,32,10,20,0,62,0,2,44,1,47,32,12,64,1,109,90,0,90,199
03/31/2021,PSC,WA,ANM,WE,Combined TRACON& Tower with Radar,32,9,17,7,65,0,3,54,3,60,32,12,71,10,125,178,9,187,312
04/01/2021,PSC,WA,ANM,WE,Combined TRACON& Tower with Radar,31,8,29,23,91,0,6,20,2,28,31,14,49,25,119,71,34,105,224
04/02/2021,PSC,WA,ANM,WE,Combined TRACON& Tower with Radar,31,7,10,0,48,0,1,49,0,50,31,8,59,0,98,128,0,128,226
04/03/2021,PSC,WA,ANM,WE,Combined TRACON& Tower with Radar,27,3,7,0,37,0,2,37,0,39,27,5,44,0,76,125,0,125,201
04/04/2021,PSC,WA,ANM,WE,Combined TRACON& Tower with Radar,30,1,5,0,36,0,0,17,0,17,30,1,22,0,53,70,0,70,123
04/05/2021,PSC,WA,ANM,WE,Combined TRACON& Tower with Radar,31,6,8,0,45,0,6,28,0,34,31,12,36,0,79,80,0,80,159
04/06/2021,PSC,WA,ANM,WE,Combined TRACON& Tower with Radar,30,6,20,28,84,0,4,42,0,46,30,10,62,28,130,57,39,96,226
04/07/2021,PSC,WA,ANM,WE,Combined TRACON& Tower with Radar,30,5,15,13,63,0,3,28,1,32,30,8,43,14,95,106,25,131,226
04/08/2021,PSC,WA,ANM,WE,Combined TRACON& Tower with Radar,30,6,13,2,51,0,3,18,0,21,30,9,31,2,72,90,0,90,162
04/09/2021,PSC,WA,ANM,WE,Combined TRACON& Tower with Radar,31,8,7,0,46,0,1,30,0,31,31,9,37,0,77,63,0,63,140
04/10/2021,PSC,WA,ANM,WE,Combined TRACON& Tower with Radar,25,3,2,0,30,0,1,3,0,4,25,4,5,0,34,20,0,20,54
04/11/2021,PSC,WA,ANM,WE,Combined TRACON& Tower with Radar,31,3,7,0,41,0,1,49,0,50,31,4,56,0,91,155,0,155,246
04/12/2021,PSC,WA,ANM,WE,Combined TRACON& Tower with Radar,34,4,23,6,67,0,17,22,4,43,34,21,45,10,110,48,3,51,161
04/13/2021,PSC,WA,ANM,WE,Combined TRACON& Tower with Radar,28,10,8,2,48,0,0,7,0,7,28,10,15,2,55,6,0,6,61
04/14/2021,PSC,WA,ANM,WE,Combined TRACON& Tower with Radar,28,10,14,8,60,0,3,24,0,27,28,13,38,8,87,58,0,58,145
04/15/2021,PSC,WA,ANM,WE,Combined TRACON& Tower with Radar,30,11,13,11,65,0,4,38,0,42,30,15,51,11,107,76,0,76,183
04/16/2021,PSC,WA,ANM,WE,Combined TRACON& Tower with Radar,33,8,20,0,61,0,4,42,0,46,33,12,62,0,107,42,0,42,149
04/17/2021,PSC,WA,ANM,WE,Combined TRACON& Tower with Radar,26,2,19,0,47,0,5,57,0,62,26,7,76,0,109,114,0,114,223
04/18/2021,PSC,WA,ANM,WE,Combined TRACON& Tower with Radar,30,0,17,0,47,0,0,46,0,46,30,0,63,0,93,212,0,212,305
04/19/2021,PSC,WA,ANM,WE,Combined TRACON& Tower with Radar,31,2,3,8,44,0,4,42,0,46,31,6,45,8,90,54,0,54,144
04/20/2021,PSC,WA,ANM,WE,Combined TRACON& Tower with Radar,30,7,14,8,59,0,13,43,1,57,30,20,57,9,116,31,14,45,161
04/21/2021,PSC,WA,ANM,WE,Combined TRACON& Tower with Radar,29,10,14,11,64,0,16,52,0,68,29,26,66,11,132,251,0,251,383
04/22/2021,PSC,WA,ANM,WE,Combined TRACON& Tower with Radar,30,14,16,5,65,0,2,42,0,44,30,16,58,5,109,72,17,89,198
04/23/2021,PSC,WA,ANM,WE,Combined TRACON& Tower with Radar,21,10,11,14,56,0,1,28,2,31,21,11,39,16,87,86,29,115,202
04/24/2021,PSC,WA,ANM,WE,Combined TRACON& Tower with Radar,30,5,7,0,42,0,4,18,0,22,30,9,25,0,64,115,0,115,179
04/25/2021,PSC,WA,ANM,WE,Combined TRACON& Tower with Radar,30,0,4,12,46,0,0,19,0,19,30,0,23,12,65,67,23,90,155
04/26/2021,PSC,WA,ANM,WE,Combined TRACON& Tower with Radar,35,8,9,6,58,0,12,35,1,48,35,20,44,7,106,87,12,99,205
04/27/2021,PSC,WA,ANM,WE,Combined TRACON& Tower with Radar,30,8,19,15,72,0,3,27,1,31,30,11,46,16,103,75,21,96,199
04/28/2021,PSC,WA,ANM,WE,Combined TRACON& Tower with Radar,28,9,13,11,61,0,14,41,1,56,28,23,54,12,117,146,13,159,276
04/29/2021,PSC,WA,ANM,WE,Combined TRACON& Tower with Radar,32,7,17,0,56,0,8,22,0,30,32,15,39,0,86,89,0,89,175
04/30/2021,PSC,WA,ANM,WE,Combined TRACON& Tower with Radar,32,9,8,0,49,0,1,33,0,34,32,10,41,0,83,123,0,123,206
05/01/2021,PSC,WA,ANM,WE,Combined TRACON& Tower with Radar,30,3,8,0,41,0,1,27,0,28,30,4,35,0,69,86,0,86,155
05/02/2021,PSC,WA,ANM,WE,Combined TRACON& Tower with Radar,30,2,13,0,45,0,0,43,1,44,30,2,56,1,89,100,0,100,189
05/03/2021,PSC,WA,ANM,WE,Combined TRACON& Tower with Radar,31,5,12,0,48,0,2,19,0,21,31,7,31,0,69,114,0,114,183
05/04/2021,PSC,WA,ANM,WE,Combined TRACON& Tower with Radar,30,14,25,6,75,0,5,36,1,42,30,19,61,7,117,126,0,126,243
05/05/2021,PSC,WA,ANM,WE,Combined TRACON& Tower with Radar,28,9,29,2,68,0,8,37,1,46,28,17,66,3,114,126,0,126,240
05/06/2021,PSC,WA,ANM,WE,Combined TRACON& Tower with Radar,35,11,13,2,61,0,3,13,0,16,35,14,26,2,77,51,13,64,141
05/07/2021,PSC,WA,ANM,WE,Combined TRACON& Tower with Radar,30,11,15,9,65,0,2,23,0,25,30,13,38,9,90,21,0,21,111
05/08/2021,PSC,WA,ANM,WE,Combined TRACON& Tower with Radar,28,4,14,0,46,0,2,44,0,46,28,6,58,0,92,63,0,63,155
05/09/2021,PSC,WA,ANM,WE,Combined TRACON& Tower with Radar,29,3,8,2,42,0,0,38,0,38,29,3,46,2,80,73,0,73,153
05/10/2021,PSC,WA,ANM,WE,Combined TRACON& Tower with Radar,32,4,9,11,56,0,8,39,3,50,32,12,48,14,106,43,29,72,178
05/11/2021,PSC,WA,ANM,WE,Combined TRACON& Tower with Radar,30,13,10,11,64,0,7,32,0,39,30,20,42,11,103,121,9,130,233
05/12/2021,PSC,WA,ANM,WE,Combined TRACON& Tower with Radar,29,16,26,17,88,0,8,27,5,40,29,24,53,22,128,172,30,202,330
05/13/2021,PSC,WA,ANM,WE,Combined TRACON& Tower with Radar,39,12,15,32,98,0,4,52,11,67,39,16,67,43,165,109,20,129,294
05/14/2021,PSC,WA,ANM,WE,Combined TRACON& Tower with Radar,31,9,14,0,54,0,1,38,0,39,31,10,52,0,93,52,0,52,145
05/15/2021,PSC,WA,ANM,WE,Combined TRACON& Tower with Radar,28,5,3,0,36,0,2,52,1,55,28,7,55,1,91,91,2,93,184
05/16/2021,PSC,WA,ANM,WE,Combined TRACON& Tower with Radar,30,2,10,0,42,0,1,47,4,52,30,3,57,4,94,128,0,128,222
05/17/2021,PSC,WA,ANM,WE,Combined TRACON& Tower with Radar,30,6,15,2,53,0,4,23,0,27,30,10,38,2,80,26,9,35,115
05/18/2021,PSC,WA,ANM,WE,Combined TRACON& Tower with Radar,30,13,19,21,83,0,4,24,7,35,30,17,43,28,118,26,42,68,186
05/19/2021,PSC,WA,ANM,WE,Combined TRACON& Tower with Radar,28,15,17,8,68,0,4,42,2,48,28,19,59,10,116,154,13,167,283
05/20/2021,PSC,WA,ANM,WE,Combined TRACON& Tower with Radar,33,18,11,9,71,0,0,26,1,27,33,18,37,10,98,12,20,32,130
05/21/2021,PSC,WA,ANM,WE,Combined TRACON& Tower with Radar,30,11,10,2,53,0,1,21,0,22,30,12,31,2,75,0,0,0,75
05/22/2021,PSC,WA,ANM,WE,Combined TRACON& Tower with Radar,32,8,3,0,43,0,0,43,0,43,32,8,46,0,86,0,0,0,86
05/23/2021,PSC,WA,ANM,WE,Combined TRACON& Tower with Radar,30,3,10,0,43,0,0,35,0,35,30,3,45,0,78,0,0,0,78
05/24/2021,PSC,WA,ANM,WE,Combined TRACON& Tower with Radar,31,5,1,2,39,0,1,24,0,25,31,6,25,2,64,0,0,0,64
05/25/2021,PSC,WA,ANM,WE,Combined TRACON& Tower with Radar,30,11,19,9,69,0,9,36,2,47,30,20,55,11,116,0,0,0,116
05/26/2021,PSC,WA,ANM,WE,Combined TRACON& Tower with Radar,32,13,22,6,73,0,5,53,0,58,32,18,75,6,131,0,0,0,131
05/27/2021,PSC,WA,ANM,WE,Combined TRACON& Tower with Radar,33,13,10,0,56,0,3,7,0,10,33,16,17,0,66,0,0,0,66
05/28/2021,PSC,WA,ANM,WE,Combined TRACON& Tower with Radar,32,6,15,0,53,0,4,24,0,28,32,10,39,0,81,0,0,0,81
05/29/2021,PSC,WA,ANM,WE,Combined TRACON& Tower with Radar,32,4,11,0,47,0,2,40,0,42,32,6,51,0,89,0,0,0,89
05/30/2021,PSC,WA,ANM,WE,Combined TRACON& Tower with Radar,30,2,6,0,38,0,0,39,0,39,30,2,45,0,77,0,0,0,77
05/31/2021,PSC,WA,ANM,WE,Combined TRACON& Tower with Radar,33,1,13,0,47,0,0,43,0,43,33,1,56,0,90,0,0,0,90
06/01/2021,PSC,WA,ANM,WE,Combined TRACON& Tower with Radar,31,9,12,18,70,0,12,31,1,44,31,21,43,19,114,165,15,180,294
06/02/2021,PSC,WA,ANM,WE,Combined TRACON& Tower with Radar,30,14,17,17,78,0,11,44,0,55,30,25,61,17,133,93,11,104,237
06/03/2021,PSC,WA,ANM,WE,Combined TRACON& Tower with Radar,32,12,17,31,92,0,6,32,3,41,32,18,49,34,133,75,19,94,227
06/04/2021,PSC,WA,ANM,WE,Combined TRACON& Tower with Radar,32,10,12,0,54,0,2,32,0,34,32,12,44,0,88,115,0,115,203
06/05/2021,PSC,WA,ANM,WE,Combined TRACON& Tower with Radar,30,10,8,0,48,0,2,28,2,32,30,12,36,2,80,42,0,42,122
06/06/2021,PSC,WA,ANM,WE,Combined TRACON& Tower with Radar,29,5,20,0,54,0,2,48,0,50,29,7,68,0,104,108,0,108,212
06/07/2021,PSC,WA,ANM,WE,Combined TRACON& Tower with Radar,31,8,21,0,60,0,4,42,0,46,31,12,63,0,106,56,0,56,162
06/08/2021,PSC,WA,ANM,WE,Combined TRACON& Tower with Radar,29,10,16,4,59,0,10,49,0,59,29,20,65,4,118,113,15,128,246
06/09/2021,PSC,WA,ANM,WE,Combined TRACON& Tower with Radar,28,10,24,7,69,0,5,62,2,69,28,15,86,9,138,51,4,55,193
06/10/2021,PSC,WA,ANM,WE,Combined TRACON& Tower with Radar,34,12,22,10,78,0,0,31,2,33,34,12,53,12,111,12,21,33,144
06/11/2021,PSC,WA,ANM,WE,Combined TRACON& Tower with Radar,33,10,15,0,58,0,2,49,1,52,33,12,64,1,110,53,0,53,163
06/12/2021,PSC,WA,ANM,WE,Combined TRACON& Tower with Radar,30,9,23,0,62,0,1,59,0,60,30,10,82,0,122,81,0,81,203
06/13/2021,PSC,WA,ANM,WE,Combined TRACON& Tower with Radar,30,4,17,0,51,0,0,42,0,42,30,4,59,0,93,77,0,77,170
06/14/2021,PSC,WA,ANM,WE,Combined TRACON& Tower with Radar,32,8,14,10,64,0,0,36,1,37,32,8,50,11,101,33,34,67,168
06/15/2021,PSC,WA,ANM,WE,Combined TRACON& Tower with Radar,29,15,16,14,74,0,4,30,1,35,29,19,46,15,109,45,44,89,198
06/16/2021,PSC,WA,ANM,WE,Combined TRACON& Tower with Radar,30,16,24,8,78,0,1,61,3,65,30,17,85,11,143,84,8,92,235
06/17/2021,PSC,WA,ANM,WE,Combined TRACON& Tower with Radar,32,13,16,2,63,0,1,43,2,46,32,14,59,4,109,103,14,117,226
06/18/2021,PSC,WA,ANM,WE,Combined TRACON& Tower with Radar,32,11,9,0,52,0,1,39,0,40,32,12,48,0,92,145,0,145,237
06/19/2021,PSC,WA,ANM,WE,Combined TRACON& Tower with Radar,33,9,15,0,57,0,2,58,3,63,33,11,73,3,120,81,8,89,209
06/20/2021,PSC,WA,ANM,WE,Combined TRACON& Tower with Radar,31,6,8,0,45,0,2,34,1,37,31,8,42,1,82,69,0,69,151
06/21/2021,PSC,WA,ANM,WE,Combined TRACON& Tower with Radar,32,8,17,11,68,0,0,34,1,35,32,8,51,12,103,64,25,89,192
06/22/2021,PSC,WA,ANM,WE,Combined TRACON& Tower with Radar,30,12,17,4,63,0,2,42,0,44,30,14,59,4,107,68,0,68,175
06/23/2021,PSC,WA,ANM,WE,Combined TRACON& Tower with Radar,30,17,20,0,67,0,4,44,0,48,30,21,64,0,115,112,0,112,227
06/24/2021,PSC,WA,ANM,WE,Combined TRACON& Tower with Radar,32,14,19,5,70,0,4,47,5,56,32,18,66,10,126,159,25,184,310
06/25/2021,PSC,WA,ANM,WE,Combined TRACON& Tower with Radar,31,13,15,5,64,0,1,38,1,40,31,14,53,6,104,77,21,98,202
06/26/2021,PSC,WA,ANM,WE,Combined TRACON& Tower with Radar,31,6,16,0,53,0,3,35,0,38,31,9,51,0,91,72,0,72,163
06/27/2021,PSC,WA,ANM,WE,Combined TRACON& Tower with Radar,31,6,5,0,42,0,0,27,1,28,31,6,32,1,70,36,0,36,106
06/28/2021,PSC,WA,ANM,WE,Combined TRACON& Tower with Radar,32,7,10,0,49,0,4,25,2,31,32,11,35,2,80,129,0,129,209
06/29/2021,PSC,WA,ANM,WE,Combined TRACON& Tower with Radar,28,14,22,5,69,0,5,14,3,22,28,19,36,8,91,96,16,112,203
06/30/2021,PSC,WA,ANM,WE,Combined TRACON& Tower with Radar,30,20,15,8,73,0,5,32,9,46,30,25,47,17,119,116,24,140,259
07/01/2021,PSC,WA,ANM,WE,Combined TRACON& Tower with Radar,32,11,20,9,72,0,3,25,4,32,32,14,45,13,104,54,17,71,175
07/02/2021,PSC,WA,ANM,WE,Combined TRACON& Tower with Radar,33,13,9,0,55,0,9,23,0,32,33,22,32,0,87,103,0,103,190
07/03/2021,PSC,WA,ANM,WE,Combined TRACON& Tower with Radar,32,6,5,0,43,0,3,41,0,44,32,9,46,0,87,56,0,56,143
07/04/2021,PSC,WA,ANM,WE,Combined TRACON& Tower with Radar,31,4,4,0,39,0,0,22,0,22,31,4,26,0,61,30,0,30,91
07/05/2021,PSC,WA,ANM,WE,Combined TRACON& Tower with Radar,32,4,11,0,47,0,0,25,0,25,32,4,36,0,72,145,0,145,217
07/06/2021,PSC,WA,ANM,WE,Combined TRACON& Tower with Radar,35,10,16,38,99,0,6,37,1,44,35,16,53,39,143,113,64,177,320
07/07/2021,PSC,WA,ANM,WE,Combined TRACON& Tower with Radar,30,17,12,6,65,0,0,33,0,33,30,17,45,6,98,143,8,151,249
07/08/2021,PSC,WA,ANM,WE,Combined TRACON& Tower with Radar,32,15,16,6,69,0,15,57,0,72,32,30,73,6,141,114,11,125,266
07/09/2021,PSC,WA,ANM,WE,Combined TRACON& Tower with Radar,32,12,9,0,53,0,9,56,3,68,32,21,65,3,121,81,0,81,202
07/10/2021,PSC,WA,ANM,WE,Combined TRACON& Tower with Radar,33,8,17,0,58,0,1,46,0,47,33,9,63,0,105,119,0,119,224
07/11/2021,PSC,WA,ANM,WE,Combined TRACON& Tower with Radar,30,6,11,8,55,0,0,36,0,36,30,6,47,8,91,108,0,108,199
07/12/2021,PSC,WA,ANM,WE,Combined TRACON& Tower with Radar,31,15,10,10,66,0,8,25,0,33,31,23,35,10,99,97,16,113,212
07/13/2021,PSC,WA,ANM,WE,Combined TRACON& Tower with Radar,30,20,12,24,86,0,2,41,2,45,30,22,53,26,131,109,34,143,274
07/14/2021,PSC,WA,ANM,WE,Combined TRACON& Tower with Radar,31,15,23,4,73,0,1,62,1,64,31,16,85,5,137,69,8,77,214
07/15/2021,PSC,WA,ANM,WE,Combined TRACON& Tower with Radar,29,14,20,4,67,0,6,53,0,59,29,20,73,4,126,147,12,159,285
07/16/2021,PSC,WA,ANM,WE,Combined TRACON& Tower with Radar,32,11,23,14,80,0,1,59,0,60,32,12,82,14,140,76,6,82,222
07/17/2021,PSC,WA,ANM,WE,Combined TRACON& Tower with Radar,34,12,12,0,58,0,5,51,0,56,34,17,63,0,114,59,0,59,173
07/18/2021,PSC,WA,ANM,WE,Combined TRACON& Tower with Radar,30,6,24,0,60,0,3,48,0,51,30,9,72,0,111,114,0,114,225
07/19/2021,PSC,WA,ANM,WE,Combined TRACON& Tower with Radar,32,15,11,20,78,0,10,32,1,43,32,25,43,21,121,48,56,104,225
07/20/2021,PSC,WA,ANM,WE,Combined TRACON& Tower with Radar,30,18,27,6,81,0,2,34,5,41,30,20,61,11,122,44,10,54,176
07/21/2021,PSC,WA,ANM,WE,Combined TRACON& Tower with Radar,30,18,25,0,73,0,4,47,0,51,30,22,72,0,124,71,0,71,195
07/22/2021,PSC,WA,ANM,WE,Combined TRACON& Tower with Radar,31,12,22,46,111,0,4,40,1,45,31,16,62,47,156,99,40,139,295
07/23/2021,PSC,WA,ANM,WE,Combined TRACON& Tower with Radar,33,10,6,4,53,0,5,39,3,47,33,15,45,7,100,70,8,78,178
07/24/2021,PSC,WA,ANM,WE,Combined TRACON& Tower with Radar,32,9,15,0,56,0,2,23,0,25,32,11,38,0,81,75,0,75,156
07/25/2021,PSC,WA,ANM,WE,Combined TRACON& Tower with Radar,30,4,8,0,42,0,0,21,3,24,30,4,29,3,66,80,2,82,148
07/26/2021,PSC,WA,ANM,WE,Combined TRACON& Tower with Radar,32,10,11,23,76,0,2,39,3,44,32,12,50,26,120,57,101,158,278
07/27/2021,PSC,WA,ANM,WE,Combined TRACON& Tower with Radar,30,13,18,13,74,0,3,37,2,42,30,16,55,15,116,54,18,72,188
07/28/2021,PSC,WA,ANM,WE,Combined TRACON& Tower with Radar,29,15,8,4,56,0,1,47,7,55,29,16,55,11,111,88,9,97,208
07/29/2021,PSC,WA,ANM,WE,Combined TRACON& Tower with Radar,32,13,22,10,77,0,1,46,4,51,32,14,68,14,128,126,41,167,295
07/30/2021,PSC,WA,ANM,WE,Combined TRACON& Tower with Radar,34,10,4,0,48,0,2,37,0,39,34,12,41,0,87,91,0,91,178
07/31/2021,PSC,WA,ANM,WE,Combined TRACON& Tower with Radar,31,9,12,0,52,0,0,34,1,35,31,9,46,1,87,81,0,81,168
08/01/2021,PSC,WA,ANM,WE,Combined TRACON& Tower with Radar,28,4,17,0,49,0,0,13,2,15,28,4,30,2,64,153,0,153,217
08/02/2021,PSC,WA,ANM,WE,Combined TRACON& Tower with Radar,30,10,19,0,59,0,0,7,0,7,30,10,26,0,66,27,0,27,93
08/03/2021,PSC,WA,ANM,WE,Combined TRACON& Tower with Radar,30,17,24,14,85,0,0,23,0,23,30,17,47,14,108,40,19,59,167
08/04/2021,PSC,WA,ANM,WE,Combined TRACON& Tower with Radar,30,13,21,59,123,0,0,33,0,33,30,13,54,59,156,112,26,138,294
08/05/2021,PSC,WA,ANM,WE,Combined TRACON& Tower with Radar,30,15,29,5,79,0,0,45,0,45,30,15,74,5,124,64,30,94,218
08/06/2021,PSC,WA,ANM,WE,Combined TRACON& Tower with Radar,29,13,11,0,53,0,1,45,1,47,29,14,56,1,100,73,0,73,173
08/07/2021,PSC,WA,ANM,WE,Combined TRACON& Tower with Radar,32,9,21,0,62,0,1,61,0,62,32,10,82,0,124,60,0,60,184
08/08/2021,PSC,WA,ANM,WE,Combined TRACON& Tower with Radar,29,5,9,0,43,0,1,23,0,24,29,6,32,0,67,20,0,20,87
08/09/2021,PSC,WA,ANM,WE,Combined TRACON& Tower with Radar,32,16,17,14,79,0,0,43,1,44,32,16,60,15,123,74,27,101,224
08/10/2021,PSC,WA,ANM,WE,Combined TRACON& Tower with Radar,30,12,16,4,62,0,2,34,3,39,30,14,50,7,101,46,26,72,173
08/11/2021,PSC,WA,ANM,WE,Combined TRACON& Tower with Radar,30,15,34,3,82,0,2,60,1,63,30,17,94,4,145,46,18,64,209
08/12/2021,PSC,WA,ANM,WE,Combined TRACON& Tower with Radar,32,14,26,0,72,0,1,7,0,8,32,15,33,0,80,10,0,10,90
08/13/2021,PSC,WA,ANM,WE,Combined TRACON& Tower with Radar,31,12,11,1,55,0,0,6,1,7,31,12,17,2,62,27,0,27,89
08/14/2021,PSC,WA,ANM,WE,Combined TRACON& Tower with Radar,31,10,10,0,51,0,0,1,0,1,31,10,11,0,52,10,0,10,62
08/15/2021,PSC,WA,ANM,WE,Combined TRACON& Tower with Radar,31,5,27,0,63,0,1,40,0,41,31,6,67,0,104,24,0,24,128
08/16/2021,PSC,WA,ANM,WE,Combined TRACON& Tower with Radar,31,9,17,0,57,0,1,26,0,27,31,10,43,0,84,38,0,38,122
08/17/2021,PSC,WA,ANM,WE,Combined TRACON& Tower with Radar,31,16,17,0,64,0,0,30,0,30,31,16,47,0,94,38,0,38,132
08/18/2021,PSC,WA,ANM,WE,Combined TRACON& Tower with Radar,27,14,11,2,54,0,0,35,0,35,27,14,46,2,89,40,12,52,141
08/19/2021,PSC,WA,ANM,WE,Combined TRACON& Tower with Radar,32,13,20,0,65,0,0,37,0,37,32,13,57,0,102,102,0,102,204
08/20/2021,PSC,WA,ANM,WE,Combined TRACON& Tower with Radar,33,11,18,4,66,0,0,38,1,39,33,11,56,5,105,82,23,105,210
08/21/2021,PSC,WA,ANM,WE,Combined TRACON& Tower with Radar,30,7,13,0,50,0,1,38,0,39,30,8,51,0,89,76,0,76,165
08/22/2021,PSC,WA,ANM,WE,Combined TRACON& Tower with Radar,30,4,27,0,61,0,0,35,1,36,30,4,62,1,97,95,0,95,192
08/23/2021,PSC,WA,ANM,WE,Combined TRACON& Tower with Radar,30,8,25,10,73,0,1,41,0,42,30,9,66,10,115,48,9,57,172
08/24/2021,PSC,WA,ANM,WE,Combined TRACON& Tower with Radar,32,21,26,10,89,0,1,38,1,40,32,22,64,11,129,25,8,33,162
08/25/2021,PSC,WA,ANM,WE,Combined TRACON& Tower with Radar,28,17,19,0,64,0,1,53,0,54,28,18,72,0,118,119,0,119,237
08/26/2021,PSC,WA,ANM,WE,Combined TRACON& Tower with Radar,31,18,18,0,67,0,1,22,0,23,31,19,40,0,90,65,0,65,155
08/27/2021,PSC,WA,ANM,WE,Combined TRACON& Tower with Radar,30,17,11,6,64,0,1,45,1,47,30,18,56,7,111,133,15,148,259
08/28/2021,PSC,WA,ANM,WE,Combined TRACON& Tower with Radar,31,8,8,0,47,0,3,63,1,67,31,11,71,1,114,116,0,116,230
08/29/2021,PSC,WA,ANM,WE,Combined TRACON& Tower with Radar,30,5,16,0,51,0,0,56,0,56,30,5,72,0,107,44,0,44,151
08/30/2021,PSC,WA,ANM,WE,Combined TRACON& Tower with Radar,30,9,14,0,53,0,1,26,12,39,30,10,40,12,92,60,0,60,152
08/31/2021,PSC,WA,ANM,WE,Combined TRACON& Tower with Radar,30,12,13,24,79,0,0,42,1,43,30,12,55,25,122,59,22,81,203
09/01/2021,PSC,WA,ANM,WE,Combined TRACON& Tower with Radar,29,11,27,1,68,0,1,39,1,41,29,12,66,2,109,88,0,88,197
09/02/2021,PSC,WA,ANM,WE,Combined TRACON& Tower with Radar,32,12,20,26,90,0,1,39,0,40,32,13,59,26,130,0,0,0,130
09/03/2021,PSC,WA,ANM,WE,Combined TRACON& Tower with Radar,30,14,10,0,54,0,1,45,0,46,30,15,55,0,100,0,0,0,100
09/04/2021,PSC,WA,ANM,WE,Combined TRACON& Tower with Radar,30,10,12,0,52,0,0,24,0,24,30,10,36,0,76,0,0,0,76
09/05/2021,PSC,WA,ANM,WE,Combined TRACON& Tower with Radar,30,5,11,0,46,0,0,37,0,37,30,5,48,0,83,0,0,0,83
09/06/2021,PSC,WA,ANM,WE,Combined TRACON& Tower with Radar,30,4,27,0,61,0,0,44,2,46,30,4,71,2,107,0,0,0,107
09/07/2021,PSC,WA,ANM,WE,Combined TRACON& Tower with Radar,29,11,20,17,77,0,0,33,0,33,29,11,53,17,110,89,35,124,234
09/08/2021,PSC,WA,ANM,WE,Combined TRACON& Tower with Radar,25,18,20,20,83,0,2,31,0,33,25,20,51,20,116,87,36,123,239
09/09/2021,PSC,WA,ANM,WE,Combined TRACON& Tower with Radar,28,14,10,16,68,0,0,22,2,24,28,14,32,18,92,61,65,126,218
09/10/2021,PSC,WA,ANM,WE,Combined TRACON& Tower with Radar,26,13,11,11,61,0,0,18,0,18,26,13,29,11,79,77,31,108,187
09/11/2021,PSC,WA,ANM,WE,Combined TRACON& Tower with Radar,26,8,9,0,43,0,0,51,3,54,26,8,60,3,97,78,0,78,175
09/12/2021,PSC,WA,ANM,WE,Combined TRACON& Tower with Radar,26,4,8,0,38,0,0,43,0,43,26,4,51,0,81,104,0,104,185
09/13/2021,PSC,WA,ANM,WE,Combined TRACON& Tower with Radar,28,11,11,25,75,0,2,57,0,59,28,13,68,25,134,78,48,126,260
09/14/2021,PSC,WA,ANM,WE,Combined TRACON& Tower with Radar,26,15,21,17,79,0,0,36,4,40,26,15,57,21,119,71,32,103,222
09/15/2021,PSC,WA,ANM,WE,Combined TRACON& Tower with Radar,24,14,19,36,93,0,5,54,1,60,24,19,73,37,153,80,40,120,273
09/16/2021,PSC,WA,ANM,WE,Combined TRACON& Tower with Radar,28,15,22,13,78,0,0,37,6,43,28,15,59,19,121,147,2,149,270
09/17/2021,PSC,WA,ANM,WE,Combined TRACON& Tower with Radar,26,11,20,0,57,0,0,38,1,39,26,11,58,1,96,49,0,49,145
09/18/2021,PSC,WA,ANM,WE,Combined TRACON& Tower with Radar,24,10,14,0,48,0,1,13,0,14,24,11,27,0,62,82,0,82,144
09/19/2021,PSC,WA,ANM,WE,Combined TRACON& Tower with Radar,28,7,20,0,55,0,0,44,1,45,28,7,64,1,100,78,0,78,178
09/20/2021,PSC,WA,ANM,WE,Combined TRACON& Tower with Radar,26,12,32,0,70,0,0,46,0,46,26,12,78,0,116,142,0,142,258
09/21/2021,PSC,WA,ANM,WE,Combined TRACON& Tower with Radar,24,14,33,4,75,0,0,38,4,42,24,14,71,8,117,137,40,177,294
09/22/2021,PSC,WA,ANM,WE,Combined TRACON& Tower with Radar,24,17,20,6,67,0,4,51,0,55,24,21,71,6,122,86,16,102,224
09/23/2021,PSC,WA,ANM,WE,Combined TRACON& Tower with Radar,28,15,20,6,69,0,0,30,2,32,28,15,50,8,101,91,20,111,212
09/24/2021,PSC,WA,ANM,WE,Combined TRACON& Tower with Radar,26,14,14,0,54,0,0,39,0,39,26,14,53,0,93,104,0,104,197
09/25/2021,PSC,WA,ANM,WE,Combined TRACON& Tower with Radar,24,8,17,0,49,0,2,67,1,70,24,10,84,1,119,81,0,81,200
09/26/2021,PSC,WA,ANM,WE,Combined TRACON& Tower with Radar,27,5,24,0,56,0,2,36,0,38,27,7,60,0,94,103,0,103,197
09/27/2021,PSC,WA,ANM,WE,Combined TRACON& Tower with Radar,27,9,17,4,57,0,0,7,0,7,27,9,24,4,64,28,0,28,92
09/28/2021,PSC,WA,ANM,WE,Combined TRACON& Tower with Radar,24,16,12,4,56,0,4,21,0,25,24,20,33,4,81,86,0,86,167
09/29/2021,PSC,WA,ANM,WE,Combined TRACON& Tower with Radar,26,15,23,26,90,0,7,50,0,57,26,22,73,26,147,81,24,105,252
09/30/2021,PSC,WA,ANM,WE,Combined TRACON& Tower with Radar,28,22,17,0,67,0,4,49,0,53,28,26,66,0,120,36,0,36,156
10/01/2021,PSC,WA,ANM,WE,Combined TRACON& Tower with Radar,26,8,16,16,66,0,3,61,0,64,26,11,77,16,130,85,15,100,230
10/02/2021,PSC,WA,ANM,WE,Combined TRACON& Tower with Radar,26,15,14,0,55,0,2,47,1,50,26,17,61,1,105,87,0,87,192
10/03/2021,PSC,WA,ANM,WE,Combined TRACON& Tower with Radar,28,5,17,0,50,0,0,45,0,45,28,5,62,0,95,80,0,80,175
10/04/2021,PSC,WA,ANM,WE,Combined TRACON& Tower with Radar,27,8,14,2,51,0,0,16,0,16,27,8,30,2,67,89,0,89,156
10/05/2021,PSC,WA,ANM,WE,Combined TRACON& Tower with Radar,26,10,15,12,63,0,1,24,0,25,26,11,39,12,88,117,11,128,216
10/06/2021,PSC,WA,ANM,WE,Combined TRACON& Tower with Radar,28,10,25,0,63,0,5,26,0,31,28,15,51,0,94,102,0,102,196
10/07/2021,PSC,WA,ANM,WE,Combined TRACON& Tower with Radar,28,9,17,0,54,0,8,36,0,44,28,17,53,0,98,75,0,75,173
10/08/2021,PSC,WA,ANM,WE,Combined TRACON& Tower with Radar,27,10,18,0,55,0,1,40,0,41,27,11,58,0,96,198,0,198,294
10/09/2021,PSC,WA,ANM,WE,Combined TRACON& Tower with Radar,22,6,13,0,41,0,3,47,0,50,22,9,60,0,91,143,0,143,234
10/10/2021,PSC,WA,ANM,WE,Combined TRACON& Tower with Radar,28,2,11,0,41,0,0,3,0,3,28,2,14,0,44,48,0,48,92
10/11/2021,PSC,WA,ANM,WE,Combined TRACON& Tower with Radar,24,9,25,0,58,0,0,30,0,30,24,9,55,0,88,76,0,76,164
10/12/2021,PSC,WA,ANM,WE,Combined TRACON& Tower with Radar,23,10,21,4,58,0,13,24,4,41,23,23,45,8,99,151,35,186,285
10/13/2021,PSC,WA,ANM,WE,Combined TRACON& Tower with Radar,24,16,24,29,93,0,1,24,10,35,24,17,48,39,128,78,48,126,254
10/14/2021,PSC,WA,ANM,WE,Combined TRACON& Tower with Radar,28,11,32,0,71,0,3,30,0,33,28,14,62,0,104,92,0,92,196
10/15/2021,PSC,WA,ANM,WE,Combined TRACON& Tower with Radar,26,11,24,22,83,0,1,37,1,39,26,12,61,23,122,141,36,177,299
10/16/2021,PSC,WA,ANM,WE,Combined TRACON& Tower with Radar,22,8,18,0,48,0,3,53,1,57,22,11,71,1,105,118,0,118,223
10/17/2021,PSC,WA,ANM,WE,Combined TRACON& Tower with Radar,27,3,16,0,46,0,0,61,0,61,27,3,77,0,107,142,0,142,249
10/18/2021,PSC,WA,ANM,WE,Combined TRACON& Tower with Radar,26,6,22,23,77,0,7,39,9,55,26,13,61,32,132,78,50,128,260
10/19/2021,PSC,WA,ANM,WE,Combined TRACON& Tower with Radar,22,11,34,27,94,0,3,39,2,44,22,14,73,29,138,91,50,141,279
10/20/2021,PSC,WA,ANM,WE,Combined TRACON& Tower with Radar,22,16,13,12,63,0,0,15,1,16,22,16,28,13,79,53,10,63,142
10/21/2021,PSC,WA,ANM,WE,Combined TRACON& Tower with Radar,22,13,11,14,60,0,2,28,2,32,22,15,39,16,92,46,28,74,166
10/22/2021,PSC,WA,ANM,WE,Combined TRACON& Tower with Radar,18,10,16,0,44,0,0,6,0,6,18,10,22,0,50,59,0,59,109
10/23/2021,PSC,WA,ANM,WE,Combined TRACON& Tower with Radar,20,8,14,0,42,0,0,31,1,32,20,8,45,1,74,131,0,131,205
10/24/2021,PSC,WA,ANM,WE,Combined TRACON& Tower with Radar,28,6,14,0,48,0,0,15,0,15,28,6,29,0,63,59,0,59,122
10/25/2021,PSC,WA,ANM,WE,Combined TRACON& Tower with Radar,27,11,14,35,87,0,2,23,5,30,27,13,37,40,117,44,84,128,245
10/26/2021,PSC,WA,ANM,WE,Combined TRACON& Tower with Radar,23,11,16,24,74,0,4,19,1,24,23,15,35,25,98,90,24,114,212
10/27/2021,PSC,WA,ANM,WE,Combined TRACON& Tower with Radar,23,11,27,21,82,0,5,19,1,25,23,16,46,22,107,68,18,86,193
10/28/2021,PSC,WA,ANM,WE,Combined TRACON& Tower with Radar,28,15,25,11,79,0,1,24,1,26,28,16,49,12,105,49,12,61,166
10/29/2021,PSC,WA,ANM,WE,Combined TRACON& Tower with Radar,26,12,25,0,63,0,0,23,0,23,26,12,48,0,86,98,0,98,184
10/30/2021,PSC,WA,ANM,WE,Combined TRACON& Tower with Radar,21,4,7,0,32,0,2,43,1,46,21,6,50,1,78,131,0,131,209
10/31/2021,PSC,WA,ANM,WE,Combined TRACON& Tower with Radar,24,12,17,0,53,0,0,35,0,35,24,12,52,0,88,217,0,217,305
11/01/2021,PSC,WA,ANM,WE,Combined TRACON& Tower with Radar,23,11,22,6,62,0,4,14,2,20,23,15,36,8,82,34,24,58,140
11/02/2021,PSC,WA,ANM,WE,Combined TRACON& Tower with Radar,21,21,19,21,82,0,0,8,0,8,21,21,27,21,90,62,13,75,165
11/03/2021,PSC,WA,ANM,WE,Combined TRACON& Tower with Radar,19,20,33,0,72,0,0,10,0,10,19,20,43,0,82,64,0,64,146
11/04/2021,PSC,WA,ANM,WE,Combined TRACON& Tower with Radar,23,22,15,19,79,0,0,10,0,10,23,22,25,19,89,0,32,32,121
11/05/2021,PSC,WA,ANM,WE,Combined TRACON& Tower with Radar,23,11,30,13,77,0,3,32,2,37,23,14,62,15,114,83,40,123,237
11/06/2021,PSC,WA,ANM,WE,Combined TRACON& Tower with Radar,19,9,11,0,39,0,1,20,0,21,19,10,31,0,60,126,0,126,186
11/07/2021,PSC,WA,ANM,WE,Combined TRACON& Tower with Radar,22,8,26,0,56,0,0,29,1,30,22,8,55,1,86,154,0,154,240
11/08/2021,PSC,WA,ANM,WE,Combined TRACON& Tower with Radar,21,14,18,26,79,0,11,35,3,49,21,25,53,29,128,88,44,132,260
11/09/2021,PSC,WA,ANM,WE,Combined TRACON& Tower with Radar,16,18,16,0,50,0,0,10,0,10,16,18,26,0,60,20,0,20,80
11/10/2021,PSC,WA,ANM,WE,Combined TRACON& Tower with Radar,16,13,20,3,52,0,9,44,5,58,16,22,64,8,110,65,0,65,175
11/11/2021,PSC,WA,ANM,WE,Combined TRACON& Tower with Radar,22,20,27,2,71,0,0,12,4,16,22,20,39,6,87,23,0,23,110
11/12/2021,PSC,WA,ANM,WE,Combined TRACON& Tower with Radar,21,23,22,2,68,0,0,6,2,8,21,23,28,4,76,6,0,6,82
11/13/2021,PSC,WA,ANM,WE,Combined TRACON& Tower with Radar,16,7,12,0,35,0,2,27,1,30,16,9,39,1,65,118,0,118,183
11/14/2021,PSC,WA,ANM,WE,Combined TRACON& Tower with Radar,22,9,9,0,40,0,0,2,0,2,22,9,11,0,42,2,0,2,44
11/15/2021,PSC,WA,ANM,WE,Combined TRACON& Tower with Radar,28,8,12,18,66,0,0,8,4,12,28,8,20,22,78,12,18,30,108
11/16/2021,PSC,WA,ANM,WE,Combined TRACON& Tower with Radar,20,18,15,0,53,0,1,42,0,43,20,19,57,0,96,39,0,39,135
11/17/2021,PSC,WA,ANM,WE,Combined TRACON& Tower with Radar,16,19,18,0,53,0,7,44,2,53,16,26,62,2,106,127,0,127,233
11/18/2021,PSC,WA,ANM,WE,Combined TRACON& Tower with Radar,23,16,8,6,53,0,2,15,0,17,23,18,23,6,70,52,13,65,135
11/19/2021,PSC,WA,ANM,WE,Combined TRACON& Tower with Radar,24,17,14,0,55,0,1,4,0,5,24,18,18,0,60,27,0,27,87
11/20/2021,PSC,WA,ANM,WE,Combined TRACON& Tower with Radar,18,14,18,0,50,0,1,21,0,22,18,15,39,0,72,40,0,40,112
11/21/2021,PSC,WA,ANM,WE,Combined TRACON& Tower with Radar,24,11,24,0,59,0,0,0,0,0,24,11,24,0,59,0,0,0,59
11/22/2021,PSC,WA,ANM,WE,Combined TRACON& Tower with Radar,22,13,5,10,50,0,0,0,0,0,22,13,5,10,50,0,0,0,50
11/23/2021,PSC,WA,ANM,WE,Combined TRACON& Tower with Radar,48,20,21,9,98,0,2,14,1,17,48,22,35,10,115,77,21,98,213
11/24/2021,PSC,WA,ANM,WE,Combined TRACON& Tower with Radar,22,13,20,0,55,0,0,41,0,41,22,13,61,0,96,68,0,68,164
11/25/2021,PSC,WA,ANM,WE,Combined TRACON& Tower with Radar,18,6,0,0,24,0,1,10,0,11,18,7,10,0,35,0,0,0,35
11/26/2021,PSC,WA,ANM,WE,Combined TRACON& Tower with Radar,18,12,16,0,46,0,0,25,0,25,18,12,41,0,71,20,0,20,91
11/27/2021,PSC,WA,ANM,WE,Combined TRACON& Tower with Radar,21,10,13,0,44,0,1,32,0,33,21,11,45,0,77,160,0,160,237
11/28/2021,PSC,WA,ANM,WE,Combined TRACON& Tower with Radar,23,10,21,0,54,0,0,23,0,23,23,10,44,0,77,52,0,52,129
11/29/2021,PSC,WA,ANM,WE,Combined TRACON& Tower with Radar,24,15,16,57,112,0,0,30,5,35,24,15,46,62,147,68,63,131,278
11/30/2021,PSC,WA,ANM,WE,Combined TRACON& Tower with Radar,21,18,15,12,66,0,2,10,0,12,21,20,25,12,78,14,0,14,92
12/01/2021,PSC,WA,ANM,WE,Combined TRACON& Tower with Radar,20,20,25,64,129,0,1,33,2,36,20,21,58,66,165,43,71,114,279
12/02/2021,PSC,WA,ANM,WE,Combined TRACON& Tower with Radar,22,16,20,4,62,0,0,31,1,32,22,16,51,5,94,135,16,151,245
12/03/2021,PSC,WA,ANM,WE,Combined TRACON& Tower with Radar,24,12,10,13,59,0,1,37,1,39,24,13,47,14,98,105,0,105,203
12/04/2021,PSC,WA,ANM,WE,Combined TRACON& Tower with Radar,21,10,9,0,40,0,1,32,0,33,21,11,41,0,73,95,0,95,168
12/05/2021,PSC,WA,ANM,WE,Combined TRACON& Tower with Radar,23,7,15,0,45,0,0,36,0,36,23,7,51,0,81,147,0,147,228
12/06/2021,PSC,WA,ANM,WE,Combined TRACON& Tower with Radar,19,11,20,12,62,0,0,23,0,23,19,11,43,12,85,93,0,93,178
12/07/2021,PSC,WA,ANM,WE,Combined TRACON& Tower with Radar,18,20,14,24,76,0,0,4,0,4,18,20,18,24,80,60,83,143,223
12/08/2021,PSC,WA,ANM,WE,Combined TRACON& Tower with Radar,20,17,11,1,49,0,1,9,1,11,20,18,20,2,60,18,0,18,78
12/09/2021,PSC,WA,ANM,WE,Combined TRACON& Tower with Radar,22,16,19,11,68,0,2,7,3,12,22,18,26,14,80,23,42,65,145
12/10/2021,PSC,WA,ANM,WE,Combined TRACON& Tower with Radar,21,12,11,15,59,0,1,21,0,22,21,13,32,15,81,31,22,53,134
12/11/2021,PSC,WA,ANM,WE,Combined TRACON& Tower with Radar,22,11,6,0,39,0,0,3,0,3,22,11,9,0,42,0,0,0,42
12/12/2021,PSC,WA,ANM,WE,Combined TRACON& Tower with Radar,20,10,9,0,39,0,0,25,0,25,20,10,34,0,64,129,0,129,193
12/13/2021,PSC,WA,ANM,WE,Combined TRACON& Tower with Radar,23,9,12,0,44,0,1,21,0,22,23,10,33,0,66,87,0,87,153
12/14/2021,PSC,WA,ANM,WE,Combined TRACON& Tower with Radar,23,16,14,49,102,0,2,25,2,29,23,18,39,51,131,84,101,185,316
12/15/2021,PSC,WA,ANM,WE,Combined TRACON& Tower with Radar,17,15,6,11,49,0,3,19,0,22,17,18,25,11,71,73,22,95,166
12/16/2021,PSC,WA,ANM,WE,Combined TRACON& Tower with Radar,20,20,18,8,66,0,4,12,0,16,20,24,30,8,82,36,0,36,118
12/17/2021,PSC,WA,ANM,WE,Combined TRACON& Tower with Radar,19,13,25,28,85,0,1,34,0,35,19,14,59,28,120,89,61,150,270
12/18/2021,PSC,WA,ANM,WE,Combined TRACON& Tower with Radar,28,15,7,0,50,0,1,17,0,18,28,16,24,0,68,72,0,72,140
12/19/2021,PSC,WA,ANM,WE,Combined TRACON& Tower with Radar,23,9,13,0,45,0,0,1,0,1,23,9,14,0,46,0,0,0,46
12/20/2021,PSC,WA,ANM,WE,Combined TRACON& Tower with Radar,20,15,11,0,46,0,0,0,0,0,20,15,11,0,46,0,0,0,46
12/21/2021,PSC,WA,ANM,WE,Combined TRACON& Tower with Radar,26,21,23,4,74,0,0,3,0,3,26,21,26,4,77,38,0,38,115
12/22/2021,PSC,WA,ANM,WE,Combined TRACON& Tower with Radar,26,18,21,15,80,0,3,27,1,31,26,21,48,16,111,103,87,190,301
12/23/2021,PSC,WA,ANM,WE,Combined TRACON& Tower with Radar,24,17,12,14,67,0,2,6,0,8,24,19,18,14,75,16,14,30,105
12/24/2021,PSC,WA,ANM,WE,Combined TRACON& Tower with Radar,16,9,5,0,30,0,1,8,0,9,16,10,13,0,39,6,0,6,45
12/25/2021,PSC,WA,ANM,WE,Combined TRACON& Tower with Radar,16,5,4,0,25,0,0,8,0,8,16,5,12,0,33,12,0,12,45
12/26/2021,PSC,WA,ANM,WE,Combined TRACON& Tower with Radar,21,8,6,0,35,0,0,5,0,5,21,8,11,0,40,6,0,6,46
12/27/2021,PSC,WA,ANM,WE,Combined TRACON& Tower with Radar,13,11,12,0,36,0,1,17,2,20,13,12,29,2,56,114,0,114,170
12/28/2021,PSC,WA,ANM,WE,Combined TRACON& Tower with Radar,13,21,10,0,44,0,0,5,0,5,13,21,15,0,49,24,0,24,73
12/29/2021,PSC,WA,ANM,WE,Combined TRACON& Tower with Radar,13,19,20,0,52,0,0,12,2,14,13,19,32,2,66,55,0,55,121
12/30/2021,PSC,WA,ANM,WE,Combined TRACON& Tower with Radar,13,29,14,0,56,0,0,0,0,0,13,29,14,0,56,0,0,0,56
12/31/2021,PSC,WA,ANM,WE,Combined TRACON& Tower with Radar,14,14,11,0,39,0,1,14,1,16,14,15,25,1,55,29,0,29,84
01/01/2022,PSC,WA,ANM,WE,Combined TRACON& Tower with Radar,15,5,16,0,36,0,1,7,0,8,15,6,23,0,44,0,0,0,44
01/02/2022,PSC,WA,ANM,WE,Combined TRACON& Tower with Radar,21,7,12,0,40,0,0,11,0,11,21,7,23,0,51,38,0,38,89
01/03/2022,PSC,WA,ANM,WE,Combined TRACON& Tower with Radar,16,11,5,0,32,0,0,0,0,0,16,11,5,0,32,0,0,0,32
01/04/2022,PSC,WA,ANM,WE,Combined TRACON& Tower with Radar,26,21,20,0,67,0,1,11,0,12,26,22,31,0,79,84,0,84,163
01/05/2022,PSC,WA,ANM,WE,Combined TRACON& Tower with Radar,19,15,14,0,48,0,0,0,0,0,19,15,14,0,48,0,0,0,48
01/06/2022,PSC,WA,ANM,WE,Combined TRACON& Tower with Radar,25,16,13,0,54,0,0,0,0,0,25,16,13,0,54,0,0,0,54
01/07/2022,PSC,WA,ANM,WE,Combined TRACON& Tower with Radar,25,14,15,14,68,0,0,5,0,5,25,14,20,14,73,5,4,9,82
01/08/2022,PSC,WA,ANM,WE,Combined TRACON& Tower with Radar,18,14,7,0,39,0,2,45,1,48,18,16,52,1,87,20,0,20,107
01/09/2022,PSC,WA,ANM,WE,Combined TRACON& Tower with Radar,27,10,17,0,54,0,1,55,0,56,27,11,72,0,110,110,0,110,220
01/10/2022,PSC,WA,ANM,WE,Combined TRACON& Tower with Radar,28,11,19,4,62,0,0,24,0,24,28,11,43,4,86,64,0,64,150
01/11/2022,PSC,WA,ANM,WE,Combined TRACON& Tower with Radar,20,20,17,17,74,0,0,19,0,19,20,20,36,17,93,36,0,36,129
01/12/2022,PSC,WA,ANM,WE,Combined TRACON& Tower with Radar,20,16,21,12,69,0,3,18,0,21,20,19,39,12,90,56,15,71,161
01/13/2022,PSC,WA,ANM,WE,Combined TRACON& Tower with Radar,26,19,18,36,99,0,0,2,0,2,26,19,20,36,101,17,19,36,137
01/14/2022,PSC,WA,ANM,WE,Combined TRACON& Tower with Radar,18,6,12,0,36,0,0,0,0,0,18,6,12,0,36,0,0,0,36
01/15/2022,PSC,WA,ANM,WE,Combined TRACON& Tower with Radar,19,13,8,0,40,0,0,1,0,1,19,13,9,0,41,11,0,11,52
01/16/2022,PSC,WA,ANM,WE,Combined TRACON& Tower with Radar,18,13,14,0,45,0,0,0,0,0,18,13,14,0,45,0,0,0,45
01/17/2022,PSC,WA,ANM,WE,Combined TRACON& Tower with Radar,24,10,18,0,52,0,0,4,0,4,24,10,22,0,56,0,0,0,56
01/18/2022,PSC,WA,ANM,WE,Combined TRACON& Tower with Radar,22,20,23,11,76,0,0,0,0,0,22,20,23,11,76,0,0,0,76
01/19/2022,PSC,WA,ANM,WE,Combined TRACON& Tower with Radar,18,21,33,0,72,0,0,0,0,0,18,21,33,0,72,0,0,0,72
01/20/2022,PSC,WA,ANM,WE,Combined TRACON& Tower with Radar,24,13,33,7,77,0,1,16,3,20,24,14,49,10,97,44,8,52,149
01/21/2022,PSC,WA,ANM,WE,Combined TRACON& Tower with Radar,26,14,36,30,106,0,0,62,4,66,26,14,98,34,172,105,70,175,347
01/22/2022,PSC,WA,ANM,WE,Combined TRACON& Tower with Radar,20,9,5,0,34,0,1,24,0,25,20,10,29,0,59,46,0,46,105
01/23/2022,PSC,WA,ANM,WE,Combined TRACON& Tower with Radar,24,11,8,0,43,0,0,0,0,0,24,11,8,0,43,2,0,2,45
01/24/2022,PSC,WA,ANM,WE,Combined TRACON& Tower with Radar,25,15,15,15,70,0,0,0,0,0,25,15,15,15,70,0,0,0,70
01/25/2022,PSC,WA,ANM,WE,Combined TRACON& Tower with Radar,34,18,11,4,67,0,0,0,0,0,34,18,11,4,67,0,12,12,79
01/26/2022,PSC,WA,ANM,WE,Combined TRACON& Tower with Radar,20,19,16,16,71,0,0,5,0,5,20,19,21,16,76,82,38,120,196
01/27/2022,PSC,WA,ANM,WE,Combined TRACON& Tower with Radar,25,18,20,14,77,0,0,7,0,7,25,18,27,14,84,59,0,59,143
01/28/2022,PSC,WA,ANM,WE,Combined TRACON& Tower with Radar,24,14,19,0,57,0,0,19,0,19,24,14,38,0,76,150,0,150,226
01/29/2022,PSC,WA,ANM,WE,Combined TRACON& Tower with Radar,20,12,7,0,39,0,0,9,0,9,20,12,16,0,48,186,0,186,234
01/30/2022,PSC,WA,ANM,WE,Combined TRACON& Tower with Radar,23,8,12,0,43,0,0,0,0,0,23,8,12,0,43,76,0,76,119
01/31/2022,PSC,WA,ANM,WE,Combined TRACON& Tower with Radar,24,9,22,16,71,0,0,22,1,23,24,9,44,17,94,10,36,46,140
02/01/2022,PSC,WA,ANM,WE,Combined TRACON& Tower with Radar,20,18,19,5,62,0,8,37,0,45,20,26,56,5,107,32,0,32,139
02/02/2022,PSC,WA,ANM,WE,Combined TRACON& Tower with Radar,18,15,29,13,75,0,10,31,1,42,18,25,60,14,117,24,23,47,164
02/03/2022,PSC,WA,ANM,WE,Combined TRACON& Tower with Radar,22,16,20,30,88,0,2,26,2,30,22,18,46,32,118,48,20,68,186
02/04/2022,PSC,WA,ANM,WE,Combined TRACON& Tower with Radar,22,12,13,22,69,0,0,23,2,25,22,12,36,24,94,69,40,109,203
02/05/2022,PSC,WA,ANM,WE,Combined TRACON& Tower with Radar,18,9,10,0,37,0,2,51,0,53,18,11,61,0,90,108,0,108,198
02/06/2022,PSC,WA,ANM,WE,Combined TRACON& Tower with Radar,26,12,16,0,54,0,0,52,1,53,26,12,68,1,107,115,0,115,222
02/07/2022,PSC,WA,ANM,WE,Combined TRACON& Tower with Radar,25,8,31,2,66,0,1,32,1,34,25,9,63,3,100,18,28,46,146
02/08/2022,PSC,WA,ANM,WE,Combined TRACON& Tower with Radar,21,19,28,0,68,0,20,62,0,82,21,39,90,0,150,60,0,60,210
02/09/2022,PSC,WA,ANM,WE,Combined TRACON& Tower with Radar,18,17,33,16,84,0,7,42,0,49,18,24,75,16,133,15,20,35,168
02/10/2022,PSC,WA,ANM,WE,Combined TRACON& Tower with Radar,22,19,32,26,99,0,1,44,0,45,22,20,76,26,144,21,41,62,206
02/11/2022,PSC,WA,ANM,WE,Combined TRACON& Tower with Radar,22,12,16,0,50,0,1,41,0,42,22,13,57,0,92,74,0,74,166
02/12/2022,PSC,WA,ANM,WE,Combined TRACON& Tower with Radar,16,11,9,0,36,0,0,58,1,59,16,11,67,1,95,61,0,61,156
02/13/2022,PSC,WA,ANM,WE,Combined TRACON& Tower with Radar,20,8,13,0,41,0,1,40,1,42,20,9,53,1,83,66,0,66,149
02/14/2022,PSC,WA,ANM,WE,Combined TRACON& Tower with Radar,24,11,30,0,65,0,2,27,0,29,24,13,57,0,94,23,0,23,117
02/15/2022,PSC,WA,ANM,WE,Combined TRACON& Tower with Radar,16,3,9,0,28,0,4,22,0,26,16,7,31,0,54,42,0,42,96
02/16/2022,PSC,WA,ANM,WE,Combined TRACON& Tower with Radar,18,16,21,3,58,0,5,32,1,38,18,21,53,4,96,33,8,41,137
02/17/2022,PSC,WA,ANM,WE,Combined TRACON& Tower with Radar,22,22,29,16,89,0,6,35,1,42,22,28,64,17,131,63,22,85,216
02/18/2022,PSC,WA,ANM,WE,Combined TRACON& Tower with Radar,24,14,30,22,90,0,0,43,0,43,24,14,73,22,133,67,33,100,233
02/19/2022,PSC,WA,ANM,WE,Combined TRACON& Tower with Radar,16,9,11,0,36,0,1,26,0,27,16,10,37,0,63,61,0,61,124
02/20/2022,PSC,WA,ANM,WE,Combined TRACON& Tower with Radar,17,7,31,0,55,0,1,32,0,33,17,8,63,0,88,52,0,52,140
02/21/2022,PSC,WA,ANM,WE,Combined TRACON& Tower with Radar,27,10,16,0,53,0,0,8,0,8,27,10,24,0,61,56,0,56,117
02/22/2022,PSC,WA,ANM,WE,Combined TRACON& Tower with Radar,18,21,44,1,84,0,1,29,2,32,18,22,73,3,116,2,0,2,118
02/23/2022,PSC,WA,ANM,WE,Combined TRACON& Tower with Radar,18,19,36,16,89,0,8,44,0,52,18,27,80,16,141,108,18,126,267
02/24/2022,PSC,WA,ANM,WE,Combined TRACON& Tower with Radar,23,19,21,0,63,0,0,16,0,16,23,19,37,0,79,68,0,68,147
02/25/2022,PSC,WA,ANM,WE,Combined TRACON& Tower with Radar,24,14,28,5,71,0,2,58,3,63,24,16,86,8,134,121,64,185,319
02/26/2022,PSC,WA,ANM,WE,Combined TRACON& Tower with Radar,19,8,13,0,40,0,1,51,0,52,19,9,64,0,92,130,0,130,222
02/27/2022,PSC,WA,ANM,WE,Combined TRACON& Tower with Radar,22,8,17,0,47,0,0,27,0,27,22,8,44,0,74,97,0,97,171
02/28/2022,PSC,WA,ANM,WE,Combined TRACON& Tower with Radar,26,18,17,34,95,0,0,8,4,12,26,18,25,38,107,16,75,91,198
03/01/2022,PSC,WA,ANM,WE,Combined TRACON& Tower with Radar,18,14,20,11,63,0,10,25,0,35,18,24,45,11,98,29,36,65,163
03/02/2022,PSC,WA,ANM,WE,Combined TRACON& Tower with Radar,18,15,18,34,85,0,0,18,1,19,18,15,36,35,104,60,32,92,196
03/03/2022,PSC,WA,ANM,WE,Combined TRACON& Tower with Radar,22,15,25,16,78,0,6,30,4,40,22,21,55,20,118,51,33,84,202
03/04/2022,PSC,WA,ANM,WE,Combined TRACON& Tower with Radar,22,10,29,13,74,0,1,59,5,65,22,11,88,18,139,95,24,119,258
03/05/2022,PSC,WA,ANM,WE,Combined TRACON& Tower with Radar,17,9,25,0,51,0,3,51,0,54,17,12,76,0,105,52,0,52,157
03/06/2022,PSC,WA,ANM,WE,Combined TRACON& Tower with Radar,19,7,33,8,67,0,1,56,0,57,19,8,89,8,124,24,8,32,156
03/07/2022,PSC,WA,ANM,WE,Combined TRACON& Tower with Radar,27,8,19,26,80,0,17,49,1,67,27,25,68,27,147,70,48,118,265
03/08/2022,PSC,WA,ANM,WE,Combined TRACON& Tower with Radar,20,16,32,2,70,0,5,12,0,17,20,21,44,2,87,40,32,72,159
03/09/2022,PSC,WA,ANM,WE,Combined TRACON& Tower with Radar,17,18,24,25,84,0,9,44,0,53,17,27,68,25,137,59,20,79,216
03/10/2022,PSC,WA,ANM,WE,Combined TRACON& Tower with Radar,20,15,28,40,103,0,8,26,14,48,20,23,54,54,151,54,72,126,277
03/11/2022,PSC,WA,ANM,WE,Combined TRACON& Tower with Radar,20,14,32,31,97,0,1,52,1,54,20,15,84,32,151,115,34,149,300
03/12/2022,PSC,WA,ANM,WE,Combined TRACON& Tower with Radar,19,8,15,0,42,0,3,51,0,54,19,11,66,0,96,104,0,104,200
03/13/2022,PSC,WA,ANM,WE,Combined TRACON& Tower with Radar,18,7,13,0,38,0,1,8,0,9,18,8,21,0,47,0,0,0,47
03/14/2022,PSC,WA,ANM,WE,Combined TRACON& Tower with Radar,25,6,25,5,61,0,6,30,2,38,25,12,55,7,99,134,31,165,264
03/15/2022,PSC,WA,ANM,WE,Combined TRACON& Tower with Radar,20,13,17,33,83,0,3,15,2,20,20,16,32,35,103,16,40,56,159
03/16/2022,PSC,WA,ANM,WE,Combined TRACON& Tower with Radar,17,20,23,12,72,0,14,33,0,47,17,34,56,12,119,54,34,88,207
03/17/2022,PSC,WA,ANM,WE,Combined TRACON& Tower with Radar,26,16,28,0,70,0,4,37,0,41,26,20,65,0,111,57,0,57,168
03/18/2022,PSC,WA,ANM,WE,Combined TRACON& Tower with Radar,26,13,15,25,79,0,3,41,1,45,26,16,56,26,124,94,11,105,229
03/19/2022,PSC,WA,ANM,WE,Combined TRACON& Tower with Radar,25,9,16,0,50,0,3,17,0,20,25,12,33,0,70,129,0,129,199
03/20/2022,PSC,WA,ANM,WE,Combined TRACON& Tower with Radar,25,8,18,0,51,0,0,37,0,37,25,8,55,0,88,166,0,166,254
03/21/2022,PSC,WA,ANM,WE,Combined TRACON& Tower with Radar,30,8,14,30,82,0,0,10,0,10,30,8,24,30,92,78,45,123,215
03/22/2022,PSC,WA,ANM,WE,Combined TRACON& Tower with Radar,26,15,16,21,78,0,2,31,4,37,26,17,47,25,115,91,6,97,212
03/23/2022,PSC,WA,ANM,WE,Combined TRACON& Tower with Radar,24,14,22,11,71,0,2,41,0,43,24,16,63,11,114,77,14,91,205
03/24/2022,PSC,WA,ANM,WE,Combined TRACON& Tower with Radar,24,22,13,29,88,0,3,48,1,52,24,25,61,30,140,123,29,152,292
03/25/2022,PSC,WA,ANM,WE,Combined TRACON& Tower with Radar,28,13,32,0,73,0,1,57,3,61,28,14,89,3,134,136,0,136,270
03/26/2022,PSC,WA,ANM,WE,Combined TRACON& Tower with Radar,26,12,3,0,41,0,1,40,0,41,26,13,43,0,82,128,0,128,210
03/27/2022,PSC,WA,ANM,WE,Combined TRACON& Tower with Radar,23,11,14,0,48,0,0,29,1,30,23,11,43,1,78,99,0,99,177
03/28/2022,PSC,WA,ANM,WE,Combined TRACON& Tower with Radar,34,7,16,2,59,0,1,26,0,27,34,8,42,2,86,97,31,128,214
03/29/2022,PSC,WA,ANM,WE,Combined TRACON& Tower with Radar,26,14,20,16,76,0,3,24,0,27,26,17,44,16,103,75,41,116,219
03/30/2022,PSC,WA,ANM,WE,Combined TRACON& Tower with Radar,24,11,25,12,72,0,5,21,0,26,24,16,46,12,98,37,28,65,163
03/31/2022,PSC,WA,ANM,WE,Combined TRACON& Tower with Radar,27,11,17,0,55,0,5,33,0,38,27,16,50,0,93,59,0,59,152
04/01/2022,PSC,WA,ANM,WE,Combined TRACON& Tower with Radar,26,13,15,7,61,0,2,22,0,24,26,15,37,7,85,121,0,121,206
04/02/2022,PSC,WA,ANM,WE,Combined TRACON& Tower with Radar,24,11,12,0,47,0,1,21,0,22,24,12,33,0,69,14,0,14,83
04/03/2022,PSC,WA,ANM,WE,Combined TRACON& Tower with Radar,24,7,20,0,51,0,0,28,0,28,24,7,48,0,79,103,0,103,182
04/04/2022,PSC,WA,ANM,WE,Combined TRACON& Tower with Radar,26,5,2,0,33,0,0,2,0,2,26,5,4,0,35,0,0,0,35
04/05/2022,PSC,WA,ANM,WE,Combined TRACON& Tower with Radar,22,16,24,0,62,0,1,9,0,10,22,17,33,0,72,119,0,119,191
04/06/2022,PSC,WA,ANM,WE,Combined TRACON& Tower with Radar,22,11,15,6,54,0,8,63,1,72,22,19,78,7,126,102,22,124,250
04/07/2022,PSC,WA,ANM,WE,Combined TRACON& Tower with Radar,24,15,27,0,66,0,8,51,0,59,24,23,78,0,125,150,0,150,275
04/08/2022,PSC,WA,ANM,WE,Combined TRACON& Tower with Radar,29,15,12,0,56,0,1,12,0,13,29,16,24,0,69,13,0,13,82
04/09/2022,PSC,WA,ANM,WE,Combined TRACON& Tower with Radar,22,11,6,0,39,0,2,18,0,20,22,13,24,0,59,16,0,16,75
04/10/2022,PSC,WA,ANM,WE,Combined TRACON& Tower with Radar,24,13,10,0,47,0,0,21,1,22,24,13,31,1,69,113,0,113,182
04/11/2022,PSC,WA,ANM,WE,Combined TRACON& Tower with Radar,27,15,18,0,60,0,0,0,0,0,27,15,18,0,60,0,0,0,60
04/12/2022,PSC,WA,ANM,WE,Combined TRACON& Tower with Radar,22,20,22,30,94,0,1,8,0,9,22,21,30,30,103,115,0,115,218
04/13/2022,PSC,WA,ANM,WE,Combined TRACON& Tower with Radar,22,21,46,63,152,0,1,25,0,26,22,22,71,63,178,103,34,137,315
04/14/2022,PSC,WA,ANM,WE,Combined TRACON& Tower with Radar,25,17,10,0,52,0,0,5,0,5,25,17,15,0,57,53,0,53,110
04/15/2022,PSC,WA,ANM,WE,Combined TRACON& Tower with Radar,24,11,21,4,60,0,0,34,0,34,24,11,55,4,94,166,32,198,292
04/16/2022,PSC,WA,ANM,WE,Combined TRACON& Tower with Radar,24,13,11,0,48,0,0,0,0,0,24,13,11,0,48,19,0,19,67
04/17/2022,PSC,WA,ANM,WE,Combined TRACON& Tower with Radar,22,7,6,0,35,0,0,29,0,29,22,7,35,0,64,114,0,114,178
04/18/2022,PSC,WA,ANM,WE,Combined TRACON& Tower with Radar,29,12,18,9,68,0,5,51,2,58,29,17,69,11,126,95,18,113,239
04/19/2022,PSC,WA,ANM,WE,Combined TRACON& Tower with Radar,22,14,20,23,79,0,17,53,3,73,22,31,73,26,152,120,49,169,321
04/20/2022,PSC,WA,ANM,WE,Combined TRACON& Tower with Radar,22,18,26,5,71,0,17,34,1,52,22,35,60,6,123,85,8,93,216
04/21/2022,PSC,WA,ANM,WE,Combined TRACON& Tower with Radar,26,18,16,30,90,0,3,20,0,23,26,21,36,30,113,69,73,142,255
04/22/2022,PSC,WA,ANM,WE,Combined TRACON& Tower with Radar,27,12,17,0,56,0,1,50,0,51,27,13,67,0,107,105,0,105,212
04/23/2022,PSC,WA,ANM,WE,Combined TRACON& Tower with Radar,21,10,15,0,46,0,2,55,1,58,21,12,70,1,104,154,0,154,258
04/24/2022,PSC,WA,ANM,WE,Combined TRACON& Tower with Radar,24,8,11,0,43,0,1,41,0,42,24,9,52,0,85,211,0,211,296
04/25/2022,PSC,WA,ANM,WE,Combined TRACON& Tower with Radar,28,8,25,0,61,0,4,33,0,37,28,12,58,0,98,158,0,158,256
04/26/2022,PSC,WA,ANM,WE,Combined TRACON& Tower with Radar,24,12,20,0,56,0,8,20,0,28,24,20,40,0,84,84,0,84,168
04/27/2022,PSC,WA,ANM,WE,Combined TRACON& Tower with Radar,21,9,28,8,66,0,19,21,2,42,21,28,49,10,108,43,12,55,163
04/28/2022,PSC,WA,ANM,WE,Combined TRACON& Tower with Radar,24,13,26,17,80,0,10,32,1,43,24,23,58,18,123,194,18,212,335
04/29/2022,PSC,WA,ANM,WE,Combined TRACON& Tower with Radar,26,11,21,6,64,0,1,43,3,47,26,12,64,9,111,137,0,137,248
04/30/2022,PSC,WA,ANM,WE,Combined TRACON& Tower with Radar,20,10,7,0,37,0,0,2,0,2,20,10,9,0,39,4,0,4,43
05/01/2022,PSC,WA,ANM,WE,Combined TRACON& Tower with Radar,24,7,6,0,37,0,1,27,2,30,24,8,33,2,67,142,0,142,209
05/02/2022,PSC,WA,ANM,WE,Combined TRACON& Tower with Radar,26,10,14,0,50,0,0,8,0,8,26,10,22,0,58,38,0,38,96
05/03/2022,PSC,WA,ANM,WE,Combined TRACON& Tower with Radar,22,13,16,11,62,0,10,45,2,57,22,23,61,13,119,107,17,124,243
05/04/2022,PSC,WA,ANM,WE,Combined TRACON& Tower with Radar,21,12,13,10,56,0,13,56,0,69,21,25,69,10,125,148,0,148,273
05/05/2022,PSC,WA,ANM,WE,Combined TRACON& Tower with Radar,25,19,13,12,69,0,3,14,1,18,25,22,27,13,87,83,0,83,170
05/06/2022,PSC,WA,ANM,WE,Combined TRACON& Tower with Radar,27,13,7,0,47,0,0,23,0,23,27,13,30,0,70,141,0,141,211
05/07/2022,PSC,WA,ANM,WE,Combined TRACON& Tower with Radar,23,11,5,0,39,0,1,5,2,8,23,12,10,2,47,23,0,23,70
05/08/2022,PSC,WA,ANM,WE,Combined TRACON& Tower with Radar,25,6,11,0,42,0,0,22,1,23,25,6,33,1,65,83,0,83,148
05/09/2022,PSC,WA,ANM,WE,Combined TRACON& Tower with Radar,28,10,19,2,59,0,4,32,0,36,28,14,51,2,95,29,0,29,124
05/10/2022,PSC,WA,ANM,WE,Combined TRACON& Tower with Radar,24,11,18,18,71,0,12,37,0,49,24,23,55,18,120,142,31,173,293
05/11/2022,PSC,WA,ANM,WE,Combined TRACON& Tower with Radar,21,17,28,2,68,0,7,46,5,58,21,24,74,7,126,109,0,109,235
05/12/2022,PSC,WA,ANM,WE,Combined TRACON& Tower with Radar,26,16,16,22,80,0,1,21,1,23,26,17,37,23,103,75,22,97,200
05/13/2022,PSC,WA,ANM,WE,Combined TRACON& Tower with Radar,26,12,18,0,56,0,1,30,0,31,26,13,48,0,87,197,0,197,284
05/14/2022,PSC,WA,ANM,WE,Combined TRACON& Tower with Radar,22,16,35,14,87,0,1,13,2,16,22,17,48,16,103,56,0,56,159
05/15/2022,PSC,WA,ANM,WE,Combined TRACON& Tower with Radar,26,5,19,0,50,0,0,55,1,56,26,5,74,1,106,157,0,157,263
05/16/2022,PSC,WA,ANM,WE,Combined TRACON& Tower with Radar,28,9,25,16,78,0,0,30,0,30,28,9,55,16,108,53,12,65,173
05/17/2022,PSC,WA,ANM,WE,Combined TRACON& Tower with Radar,24,13,26,8,71,0,11,59,4,74,24,24,85,12,145,112,2,114,259
05/18/2022,PSC,WA,ANM,WE,Combined TRACON& Tower with Radar,21,14,16,2,53,0,0,9,2,11,21,14,25,4,64,0,0,0,64
05/19/2022,PSC,WA,ANM,WE,Combined TRACON& Tower with Radar,26,12,14,0,52,0,1,13,1,15,26,13,27,1,67,4,0,4,71
05/20/2022,PSC,WA,ANM,WE,Combined TRACON& Tower with Radar,26,16,22,0,64,0,4,46,0,50,26,20,68,0,114,98,0,98,212
05/21/2022,PSC,WA,ANM,WE,Combined TRACON& Tower with Radar,22,7,7,0,36,0,1,42,0,43,22,8,49,0,79,61,0,61,140
05/22/2022,PSC,WA,ANM,WE,Combined TRACON& Tower with Radar,26,4,13,0,43,0,0,64,1,65,26,4,77,1,108,75,0,75,183
05/23/2022,PSC,WA,ANM,WE,Combined TRACON& Tower with Radar,27,9,3,4,43,0,0,28,3,31,27,9,31,7,74,62,14,76,150
05/24/2022,PSC,WA,ANM,WE,Combined TRACON& Tower with Radar,26,13,19,4,62,0,13,49,0,62,26,26,68,4,124,174,17,191,315
05/25/2022,PSC,WA,ANM,WE,Combined TRACON& Tower with Radar,22,15,16,0,53,0,4,19,0,23,22,19,35,0,76,58,0,58,134
05/26/2022,PSC,WA,ANM,WE,Combined TRACON& Tower with Radar,29,17,13,0,59,0,5,42,0,47,29,22,55,0,106,124,0,124,230
05/27/2022,PSC,WA,ANM,WE,Combined TRACON& Tower with Radar,27,12,16,0,55,0,0,37,0,37,27,12,53,0,92,157,0,157,249
05/28/2022,PSC,WA,ANM,WE,Combined TRACON& Tower with Radar,22,7,10,0,39,0,2,36,0,38,22,9,46,0,77,39,0,39,116
05/29/2022,PSC,WA,ANM,WE,Combined TRACON& Tower with Radar,24,8,4,0,36,0,0,16,0,16,24,8,20,0,52,54,0,54,106
05/30/2022,PSC,WA,ANM,WE,Combined TRACON& Tower with Radar,28,7,11,0,46,0,2,44,0,46,28,9,55,0,92,218,0,218,310
05/31/2022,PSC,WA,ANM,WE,Combined TRACON& Tower with Radar,23,12,29,2,66,0,5,57,2,64,23,17,86,4,130,62,0,62,192
06/01/2022,PSC,WA,ANM,WE,Combined TRACON& Tower with Radar,28,14,25,8,75,0,2,53,0,55,28,16,78,8,130,105,8,113,243
06/02/2022,PSC,WA,ANM,WE,Combined TRACON& Tower with Radar,29,14,15,0,58,0,4,21,1,26,29,18,36,1,84,33,0,33,117
06/03/2022,PSC,WA,ANM,WE,Combined TRACON& Tower with Radar,27,16,10,2,55,1,0,30,1,32,28,16,40,3,87,135,9,144,231
06/04/2022,PSC,WA,ANM,WE,Combined TRACON& Tower with Radar,21,13,9,0,43,0,1,35,0,36,21,14,44,0,79,86,0,86,165
06/05/2022,PSC,WA,ANM,WE,Combined TRACON& Tower with Radar,27,6,17,0,50,0,1,9,2,12,27,7,26,2,62,34,6,40,102
06/06/2022,PSC,WA,ANM,WE,Combined TRACON& Tower with Radar,28,9,17,0,54,0,6,38,2,46,28,15,55,2,100,105,0,105,205
06/07/2022,PSC,WA,ANM,WE,Combined TRACON& Tower with Radar,23,12,17,10,62,0,9,45,1,55,23,21,62,11,117,180,3,183,300
06/08/2022,PSC,WA,ANM,WE,Combined TRACON& Tower with Radar,21,22,26,20,89,0,3,26,1,30,21,25,52,21,119,41,37,78,197
06/09/2022,PSC,WA,ANM,WE,Combined TRACON& Tower with Radar,27,13,21,0,61,0,1,55,0,56,27,14,76,0,117,107,0,107,224
06/10/2022,PSC,WA,ANM,WE,Combined TRACON& Tower with Radar,27,14,13,6,60,0,0,38,0,38,27,14,51,6,98,103,8,111,209
06/11/2022,PSC,WA,ANM,WE,Combined TRACON& Tower with Radar,23,10,13,0,46,0,1,27,0,28,23,11,40,0,74,35,0,35,109
06/12/2022,PSC,WA,ANM,WE,Combined TRACON& Tower with Radar,26,5,10,0,41,0,0,30,0,30,26,5,40,0,71,125,0,125,196
06/13/2022,PSC,WA,ANM,WE,Combined TRACON& Tower with Radar,28,8,24,2,62,0,0,26,0,26,28,8,50,2,88,8,0,8,96
06/14/2022,PSC,WA,ANM,WE,Combined TRACON& Tower with Radar,23,14,13,14,64,0,1,18,0,19,23,15,31,14,83,24,14,38,121
06/15/2022,PSC,WA,ANM,WE,Combined TRACON& Tower with Radar,23,14,16,1,54,0,2,47,1,50,23,16,63,2,104,188,13,201,305
06/16/2022,PSC,WA,ANM,WE,Combined TRACON& Tower with Radar,27,12,16,12,67,0,2,49,1,52,27,14,65,13,119,78,19,97,216
06/17/2022,PSC,WA,ANM,WE,Combined TRACON& Tower with Radar,26,13,15,10,64,0,1,51,1,53,26,14,66,11,117,122,26,148,265
06/18/2022,PSC,WA,ANM,WE,Combined TRACON& Tower with Radar,21,7,5,0,33,0,2,50,0,52,21,9,55,0,85,107,0,107,192
06/19/2022,PSC,WA,ANM,WE,Combined TRACON& Tower with Radar,24,7,11,0,42,0,0,25,0,25,24,7,36,0,67,34,0,34,101
06/20/2022,PSC,WA,ANM,WE,Combined TRACON& Tower with Radar,28,11,23,0,62,0,2,47,0,49,28,13,70,0,111,134,0,134,245
06/21/2022,PSC,WA,ANM,WE,Combined TRACON& Tower with Radar,24,17,18,6,65,1,0,56,2,59,25,17,74,8,124,69,0,69,193
06/22/2022,PSC,WA,ANM,WE,Combined TRACON& Tower with Radar,24,16,17,8,65,0,1,37,0,38,24,17,54,8,103,27,8,35,138
06/23/2022,PSC,WA,ANM,WE,Combined TRACON& Tower with Radar,28,13,20,0,61,0,0,64,0,64,28,13,84,0,125,79,0,79,204
06/24/2022,PSC,WA,ANM,WE,Combined TRACON& Tower with Radar,26,14,17,2,59,0,0,44,0,44,26,14,61,2,103,141,4,145,248
06/25/2022,PSC,WA,ANM,WE,Combined TRACON& Tower with Radar,21,9,18,0,48,0,1,57,0,58,21,10,75,0,106,164,0,164,270
06/26/2022,PSC,WA,ANM,WE,Combined TRACON& Tower with Radar,26,7,6,0,39,0,0,44,0,44,26,7,50,0,83,113,0,113,196
06/27/2022,PSC,WA,ANM,WE,Combined TRACON& Tower with Radar,26,13,19,0,58,0,12,39,0,51,26,25,58,0,109,155,0,155,264
06/28/2022,PSC,WA,ANM,WE,Combined TRACON& Tower with Radar,28,15,14,34,91,0,1,18,3,22,28,16,32,37,113,46,41,87,200
06/29/2022,PSC,WA,ANM,WE,Combined TRACON& Tower with Radar,22,21,24,5,72,0,5,40,1,46,22,26,64,6,118,71,8,79,197
06/30/2022,PSC,WA,ANM,WE,Combined TRACON& Tower with Radar,28,15,14,0,57,0,7,52,2,61,28,22,66,2,118,117,0,117,235
07/01/2022,PSC,WA,ANM,WE,Combined TRACON& Tower with Radar,28,19,21,0,68,0,9,53,1,63,28,28,74,1,131,68,0,68,199
07/02/2022,PSC,WA,ANM,WE,Combined TRACON& Tower with Radar,21,9,2,0,32,0,0,33,0,33,21,9,35,0,65,39,0,39,104
07/03/2022,PSC,WA,ANM,WE,Combined TRACON& Tower with Radar,26,6,6,0,38,0,0,35,0,35,26,6,41,0,73,53,0,53,126
07/04/2022,PSC,WA,ANM,WE,Combined TRACON& Tower with Radar,25,9,1,0,35,0,0,15,0,15,25,9,16,0,50,56,0,56,106
07/05/2022,PSC,WA,ANM,WE,Combined TRACON& Tower with Radar,27,11,19,0,57,0,2,32,0,34,27,13,51,0,91,46,0,46,137
07/06/2022,PSC,WA,ANM,WE,Combined TRACON& Tower with Radar,24,17,13,25,79,0,6,24,0,30,24,23,37,25,109,108,16,124,233
07/07/2022,PSC,WA,ANM,WE,Combined TRACON& Tower with Radar,28,18,13,9,68,0,1,35,1,37,28,19,48,10,105,96,21,117,222
07/08/2022,PSC,WA,ANM,WE,Combined TRACON& Tower with Radar,26,15,15,0,56,0,0,37,0,37,26,15,52,0,93,73,0,73,166
07/09/2022,PSC,WA,ANM,WE,Combined TRACON& Tower with Radar,21,10,8,0,39,0,1,31,0,32,21,11,39,0,71,65,0,65,136
07/10/2022,PSC,WA,ANM,WE,Combined TRACON& Tower with Radar,26,4,14,0,44,0,1,26,0,27,26,5,40,0,71,111,0,111,182
07/11/2022,PSC,WA,ANM,WE,Combined TRACON& Tower with Radar,26,15,16,0,57,0,4,33,3,40,26,19,49,3,97,99,0,99,196
07/12/2022,PSC,WA,ANM,WE,Combined TRACON& Tower with Radar,23,14,14,0,51,0,6,23,0,29,23,20,37,0,80,50,0,50,130
07/13/2022,PSC,WA,ANM,WE,Combined TRACON& Tower with Radar,24,14,31,2,71,0,2,25,0,27,24,16,56,2,98,121,0,121,219
07/14/2022,PSC,WA,ANM,WE,Combined TRACON& Tower with Radar,28,15,29,2,74,0,4,45,0,49,28,19,74,2,123,100,22,122,245
07/15/2022,PSC,WA,ANM,WE,Combined TRACON& Tower with Radar,28,13,17,4,62,0,5,54,0,59,28,18,71,4,121,153,4,157,278
07/16/2022,PSC,WA,ANM,WE,Combined TRACON& Tower with Radar,23,8,11,0,42,0,1,56,0,57,23,9,67,0,99,109,0,109,208
07/17/2022,PSC,WA,ANM,WE,Combined TRACON& Tower with Radar,26,13,11,0,50,0,0,33,0,33,26,13,44,0,83,59,0,59,142
07/18/2022,PSC,WA,ANM,WE,Combined TRACON& Tower with Radar,28,11,2,39,80,0,0,37,0,37,28,11,39,39,117,128,49,177,294
07/19/2022,PSC,WA,ANM,WE,Combined TRACON& Tower with Radar,23,17,12,5,57,0,5,62,0,67,23,22,74,5,124,103,13,116,240
07/20/2022,PSC,WA,ANM,WE,Combined TRACON& Tower with Radar,24,18,22,9,73,0,8,41,0,49,24,26,63,9,122,60,0,60,182
07/21/2022,PSC,WA,ANM,WE,Combined TRACON& Tower with Radar,28,15,17,0,60,0,5,50,0,55,28,20,67,0,115,152,0,152,267
07/22/2022,PSC,WA,ANM,WE,Combined TRACON& Tower with Radar,25,15,17,5,62,0,1,60,2,63,25,16,77,7,125,149,6,155,280
07/23/2022,PSC,WA,ANM,WE,Combined TRACON& Tower with Radar,21,9,18,0,48,0,2,65,1,68,21,11,83,1,116,62,0,62,178
07/24/2022,PSC,WA,ANM,WE,Combined TRACON& Tower with Radar,26,4,7,0,37,0,0,32,0,32,26,4,39,0,69,70,0,70,139
07/25/2022,PSC,WA,ANM,WE,Combined TRACON& Tower with Radar,25,12,17,10,64,0,3,31,0,34,25,15,48,10,98,137,12,149,247
07/26/2022,PSC,WA,ANM,WE,Combined TRACON& Tower with Radar,23,13,19,12,67,0,4,49,0,53,23,17,68,12,120,91,20,111,231
07/27/2022,PSC,WA,ANM,WE,Combined TRACON& Tower with Radar,24,16,21,8,69,0,2,39,0,41,24,18,60,8,110,91,5,96,206
07/28/2022,PSC,WA,ANM,WE,Combined TRACON& Tower with Radar,28,16,17,5,66,0,2,38,1,41,28,18,55,6,107,34,0,34,141
07/29/2022,PSC,WA,ANM,WE,Combined TRACON& Tower with Radar,25,17,11,0,53,0,3,37,1,41,25,20,48,1,94,49,0,49,143
07/30/2022,PSC,WA,ANM,WE,Combined TRACON& Tower with Radar,20,10,7,0,37,0,1,29,2,32,20,11,36,2,69,18,0,18,87
07/31/2022,PSC,WA,ANM,WE,Combined TRACON& Tower with Radar,27,8,23,0,58,0,4,29,0,33,27,12,52,0,91,43,2,45,136
08/01/2022,PSC,WA,ANM,WE,Combined TRACON& Tower with Radar,26,9,11,1,47,0,0,34,2,36,26,9,45,3,83,150,6,156,239
08/02/2022,PSC,WA,ANM,WE,Combined TRACON& Tower with Radar,23,15,9,14,61,0,1,43,1,45,23,16,52,15,106,118,22,140,246
08/03/2022,PSC,WA,ANM,WE,Combined TRACON& Tower with Radar,26,14,21,7,68,0,1,37,2,40,26,15,58,9,108,58,13,71,179
08/04/2022,PSC,WA,ANM,WE,Combined TRACON& Tower with Radar,27,12,20,12,71,0,1,28,0,29,27,13,48,12,100,53,8,61,161
08/05/2022,PSC,WA,ANM,WE,Combined TRACON& Tower with Radar,26,12,23,0,61,0,1,40,0,41,26,13,63,0,102,63,0,63,165
08/06/2022,PSC,WA,ANM,WE,Combined TRACON& Tower with Radar,21,8,9,0,38,0,1,56,0,57,21,9,65,0,95,89,0,89,184
08/07/2022,PSC,WA,ANM,WE,Combined TRACON& Tower with Radar,26,6,10,0,42,0,0,33,0,33,26,6,43,0,75,158,0,158,233
08/08/2022,PSC,WA,ANM,WE,Combined TRACON& Tower with Radar,26,11,23,2,62,0,2,40,2,44,26,13,63,4,106,80,26,106,212
08/09/2022,PSC,WA,ANM,WE,Combined TRACON& Tower with Radar,23,16,19,0,58,0,1,21,0,22,23,17,40,0,80,136,0,136,216
08/10/2022,PSC,WA,ANM,WE,Combined TRACON& Tower with Radar,22,18,26,6,72,0,2,33,0,35,22,20,59,6,107,118,10,128,235
08/11/2022,PSC,WA,ANM,WE,Combined TRACON& Tower with Radar,28,12,23,2,65,0,2,44,0,46,28,14,67,2,111,20,0,20,131
08/12/2022,PSC,WA,ANM,WE,Combined TRACON& Tower with Radar,25,13,18,0,56,0,0,39,0,39,25,13,57,0,95,106,0,106,201
08/13/2022,PSC,WA,ANM,WE,Combined TRACON& Tower with Radar,21,13,11,0,45,0,2,40,1,43,21,15,51,1,88,31,0,31,119
08/14/2022,PSC,WA,ANM,WE,Combined TRACON& Tower with Radar,27,6,19,0,52,0,1,44,0,45,27,7,63,0,97,79,0,79,176
08/15/2022,PSC,WA,ANM,WE,Combined TRACON& Tower with Radar,26,11,11,0,48,0,2,34,0,36,26,13,45,0,84,147,0,147,231
08/16/2022,PSC,WA,ANM,WE,Combined TRACON& Tower with Radar,22,13,19,4,58,0,3,68,0,71,22,16,87,4,129,129,28,157,286
08/17/2022,PSC,WA,ANM,WE,Combined TRACON& Tower with Radar,21,16,15,0,52,0,1,51,0,52,21,17,66,0,104,87,0,87,191
08/18/2022,PSC,WA,ANM,WE,Combined TRACON& Tower with Radar,27,12,15,0,54,0,0,35,2,37,27,12,50,2,91,145,0,145,236
08/19/2022,PSC,WA,ANM,WE,Combined TRACON& Tower with Radar,25,15,20,0,60,0,2,46,0,48,25,17,66,0,108,122,0,122,230
08/20/2022,PSC,WA,ANM,WE,Combined TRACON& Tower with Radar,19,8,9,0,36,0,1,43,0,44,19,9,52,0,80,44,0,44,124
08/21/2022,PSC,WA,ANM,WE,Combined TRACON& Tower with Radar,23,7,10,0,40,0,0,39,0,39,23,7,49,0,79,55,0,55,134
08/22/2022,PSC,WA,ANM,WE,Combined TRACON& Tower with Radar,24,11,14,20,69,0,0,35,1,36,24,11,49,21,105,68,12,80,185
08/23/2022,PSC,WA,ANM,WE,Combined TRACON& Tower with Radar,22,13,18,6,59,0,0,50,0,50,22,13,68,6,109,86,18,104,213
08/24/2022,PSC,WA,ANM,WE,Combined TRACON& Tower with Radar,21,17,17,0,55,0,1,42,0,43,21,18,59,0,98,130,0,130,228
08/25/2022,PSC,WA,ANM,WE,Combined TRACON& Tower with Radar,25,14,26,19,84,0,1,47,2,50,25,15,73,21,134,81,28,109,243
08/26/2022,PSC,WA,ANM,WE,Combined TRACON& Tower with Radar,24,23,15,0,62,0,1,40,0,41,24,24,55,0,103,95,0,95,198
08/27/2022,PSC,WA,ANM,WE,Combined TRACON& Tower with Radar,19,7,16,0,42,0,4,31,1,36,19,11,47,1,78,102,0,102,180
08/28/2022,PSC,WA,ANM,WE,Combined TRACON& Tower with Radar,24,5,13,0,42,0,0,41,0,41,24,5,54,0,83,70,0,70,153
08/29/2022,PSC,WA,ANM,WE,Combined TRACON& Tower with Radar,25,13,18,4,60,1,0,45,1,47,26,13,63,5,107,120,8,128,235
08/30/2022,PSC,WA,ANM,WE,Combined TRACON& Tower with Radar,22,16,14,6,58,0,4,39,0,43,22,20,53,6,101,127,6,133,234
08/31/2022,PSC,WA,ANM,WE,Combined TRACON& Tower with Radar,23,13,21,4,61,0,2,43,1,46,23,15,64,5,107,114,8,122,229
09/01/2022,PSC,WA,ANM,WE,Combined TRACON& Tower with Radar,26,12,22,11,71,0,0,51,1,52,26,12,73,12,123,66,11,77,200
09/02/2022,PSC,WA,ANM,WE,Combined TRACON& Tower with Radar,26,12,18,0,56,0,4,32,0,36,26,16,50,0,92,132,0,132,224
09/03/2022,PSC,WA,ANM,WE,Combined TRACON& Tower with Radar,20,8,19,0,47,0,4,26,0,30,20,12,45,0,77,30,0,30,107
09/04/2022,PSC,WA,ANM,WE,Combined TRACON& Tower with Radar,21,5,8,0,34,0,2,23,0,25,21,7,31,0,59,50,0,50,109
09/05/2022,PSC,WA,ANM,WE,Combined TRACON& Tower with Radar,24,6,23,0,53,0,0,52,0,52,24,6,75,0,105,28,0,28,133
09/06/2022,PSC,WA,ANM,WE,Combined TRACON& Tower with Radar,24,13,9,4,50,0,0,29,0,29,24,13,38,4,79,142,12,154,233
09/07/2022,PSC,WA,ANM,WE,Combined TRACON& Tower with Radar,20,15,18,5,58,1,1,22,2,26,21,16,40,7,84,40,16,56,140
09/08/2022,PSC,WA,ANM,WE,Combined TRACON& Tower with Radar,24,16,26,0,66,0,1,39,0,40,24,17,65,0,106,78,0,78,184
09/09/2022,PSC,WA,ANM,WE,Combined TRACON& Tower with Radar,24,11,21,7,63,0,2,49,5,56,24,13,70,12,119,117,5,122,241
09/10/2022,PSC,WA,ANM,WE,Combined TRACON& Tower with Radar,27,13,14,0,54,0,0,32,0,32,27,13,46,0,86,118,0,118,204
09/11/2022,PSC,WA,ANM,WE,Combined TRACON& Tower with Radar,25,12,18,0,55,0,1,6,0,7,25,13,24,0,62,75,0,75,137
09/12/2022,PSC,WA,ANM,WE,Combined TRACON& Tower with Radar,26,16,22,0,64,0,0,1,0,1,26,16,23,0,65,71,0,71,136
09/13/2022,PSC,WA,ANM,WE,Combined TRACON& Tower with Radar,24,19,28,15,86,0,0,7,1,8,24,19,35,16,94,0,2,2,96
09/14/2022,PSC,WA,ANM,WE,Combined TRACON& Tower with Radar,22,20,16,7,65,0,4,23,1,28,22,24,39,8,93,32,0,32,125
09/15/2022,PSC,WA,ANM,WE,Combined TRACON& Tower with Radar,30,14,38,4,86,0,3,20,12,35,30,17,58,16,121,48,0,48,169
09/16/2022,PSC,WA,ANM,WE,Combined TRACON& Tower with Radar,26,13,13,0,52,0,2,35,0,37,26,15,48,0,89,104,0,104,193
09/17/2022,PSC,WA,ANM,WE,Combined TRACON& Tower with Radar,25,8,12,0,45,0,1,30,0,31,25,9,42,0,76,47,0,47,123
09/18/2022,PSC,WA,ANM,WE,Combined TRACON& Tower with Radar,26,7,21,2,56,0,0,39,0,39,26,7,60,2,95,108,0,108,203
09/19/2022,PSC,WA,ANM,WE,Combined TRACON& Tower with Radar,26,10,15,6,57,0,1,30,2,33,26,11,45,8,90,112,8,120,210
09/20/2022,PSC,WA,ANM,WE,Combined TRACON& Tower with Radar,24,11,16,18,69,0,3,20,0,23,24,14,36,18,92,22,27,49,141
09/21/2022,PSC,WA,ANM,WE,Combined TRACON& Tower with Radar,23,12,29,0,64,0,2,37,0,39,23,14,66,0,103,129,0,129,232
09/22/2022,PSC,WA,ANM,WE,Combined TRACON& Tower with Radar,29,15,14,0,58,0,2,32,0,34,29,17,46,0,92,98,0,98,190
09/23/2022,PSC,WA,ANM,WE,Combined TRACON& Tower with Radar,27,15,21,4,67,0,1,41,0,42,27,16,62,4,109,71,14,85,194
09/24/2022,PSC,WA,ANM,WE,Combined TRACON& Tower with Radar,25,9,14,0,48,0,1,49,1,51,25,10,63,1,99,40,0,40,139
09/25/2022,PSC,WA,ANM,WE,Combined TRACON& Tower with Radar,28,9,7,0,44,0,1,47,0,48,28,10,54,0,92,72,0,72,164
09/26/2022,PSC,WA,ANM,WE,Combined TRACON& Tower with Radar,27,10,11,6,54,0,3,28,1,32,27,13,39,7,86,87,14,101,187
09/27/2022,PSC,WA,ANM,WE,Combined TRACON& Tower with Radar,25,14,17,12,68,0,3,53,3,59,25,17,70,15,127,96,22,118,245
09/28/2022,PSC,WA,ANM,WE,Combined TRACON& Tower with Radar,22,15,24,10,71,0,0,41,0,41,22,15,65,10,112,67,12,79,191
09/29/2022,PSC,WA,ANM,WE,Combined TRACON& Tower with Radar,28,13,18,0,59,0,2,23,0,25,28,15,41,0,84,91,0,91,175
09/30/2022,PSC,WA,ANM,WE,Combined TRACON& Tower with Radar,30,12,15,0,57,0,3,30,0,33,30,15,45,0,90,117,0,117,207
10/01/2022,PSC,WA,ANM,WE,Towers with Radar,23,7,9,0,39,0,2,27,0,29,23,9,36,0,68,7,0,7,75
10/02/2022,PSC,WA,ANM,WE,Towers with Radar,24,6,8,0,38,0,0,42,0,42,24,6,50,0,80,48,0,48,128
10/03/2022,PSC,WA,ANM,WE,Towers with Radar,25,12,18,0,55,0,1,35,3,39,25,13,53,3,94,53,0,53,147
10/04/2022,PSC,WA,ANM,WE,Towers with Radar,23,18,21,9,71,0,4,46,0,50,23,22,67,9,121,84,0,84,205
10/05/2022,PSC,WA,ANM,WE,Towers with Radar,22,12,25,0,59,0,5,27,0,32,22,17,52,0,91,69,0,69,160
10/06/2022,PSC,WA,ANM,WE,Towers with Radar,22,12,18,0,52,0,2,33,0,35,22,14,51,0,87,72,0,72,159
10/07/2022,PSC,WA,ANM,WE,Towers with Radar,22,13,22,0,57,0,0,47,0,47,22,13,69,0,104,84,0,84,188
10/08/2022,PSC,WA,ANM,WE,Towers with Radar,19,9,11,0,39,0,4,33,0,37,19,13,44,0,76,114,0,114,190
10/09/2022,PSC,WA,ANM,WE,Towers with Radar,22,6,16,0,44,0,0,35,0,35,22,6,51,0,79,110,0,110,189
10/10/2022,PSC,WA,ANM,WE,Towers with Radar,22,8,16,0,46,0,2,24,0,26,22,10,40,0,72,8,0,8,80
10/11/2022,PSC,WA,ANM,WE,Towers with Radar,20,13,15,0,48,0,3,38,0,41,20,16,53,0,89,93,0,93,182
10/12/2022,PSC,WA,ANM,WE,Towers with Radar,18,14,17,0,49,0,0,29,0,29,18,14,46,0,78,86,0,86,164
10/13/2022,PSC,WA,ANM,WE,Towers with Radar,22,8,33,19,82,0,7,44,0,51,22,15,77,19,133,114,46,160,293
10/14/2022,PSC,WA,ANM,WE,Towers with Radar,22,13,18,0,53,0,3,34,0,37,22,16,52,0,90,85,0,85,175
10/15/2022,PSC,WA,ANM,WE,Towers with Radar,19,9,6,0,34,0,2,43,0,45,19,11,49,0,79,101,0,101,180
10/16/2022,PSC,WA,ANM,WE,Towers with Radar,7,1,1,0,9,1,1,15,0,17,8,2,16,0,26,73,0,73,99
10/17/2022,PSC,WA,ANM,WE,Towers with Radar,22,13,13,14,62,0,6,34,3,43,22,19,47,17,105,81,36,117,222
10/18/2022,PSC,WA,ANM,WE,Towers with Radar,20,19,16,6,61,0,6,29,0,35,20,25,45,6,96,68,16,84,180
10/19/2022,PSC,WA,ANM,WE,Towers with Radar,26,13,14,13,66,0,2,19,3,24,26,15,33,16,90,85,12,97,187
10/20/2022,PSC,WA,ANM,WE,Towers with Radar,22,17,13,0,52,0,3,38,0,41,22,20,51,0,93,87,0,87,180
10/21/2022,PSC,WA,ANM,WE,Towers with Radar,24,14,20,0,58,0,1,28,0,29,24,15,48,0,87,26,0,26,113
10/22/2022,PSC,WA,ANM,WE,Towers with Radar,19,14,8,2,43,0,4,31,0,35,19,18,39,2,78,116,0,116,194
10/23/2022,PSC,WA,ANM,WE,Towers with Radar,22,10,8,0,40,0,0,39,0,39,22,10,47,0,79,92,0,92,171
10/24/2022,PSC,WA,ANM,WE,Towers with Radar,24,11,24,0,59,0,1,15,0,16,24,12,39,0,75,24,0,24,99
10/25/2022,PSC,WA,ANM,WE,Towers with Radar,20,15,14,23,72,0,2,11,1,14,20,17,25,24,86,21,16,37,123
10/26/2022,PSC,WA,ANM,WE,Towers with Radar,20,15,22,0,57,0,3,15,0,18,20,18,37,0,75,39,0,39,114
10/27/2022,PSC,WA,ANM,WE,Towers with Radar,22,14,12,46,94,0,4,29,0,33,22,18,41,46,127,112,83,195,322
10/28/2022,PSC,WA,ANM,WE,Towers with Radar,24,12,12,3,51,0,2,35,1,38,24,14,47,4,89,88,6,94,183
10/29/2022,PSC,WA,ANM,WE,Towers with Radar,21,7,12,0,40,0,3,38,0,41,21,10,50,0,81,76,0,76,157
10/30/2022,PSC,WA,ANM,WE,Towers with Radar,26,1,7,0,34,0,2,38,0,40,26,3,45,0,74,101,0,101,175
10/31/2022,PSC,WA,ANM,WE,Towers with Radar,26,8,4,7,45,0,1,8,0,9,26,9,12,7,54,24,0,24,78
11/01/2022,PSC,WA,ANM,WE,Towers with Radar,25,8,11,2,46,0,0,4,0,4,25,8,15,2,50,10,0,10,60
11/02/2022,PSC,WA,ANM,WE,Towers with Radar,23,17,16,2,58,0,4,14,0,18,23,21,30,2,76,108,0,108,184
11/03/2022,PSC,WA,ANM,WE,Towers with Radar,27,13,23,26,89,0,0,20,0,20,27,13,43,26,109,164,17,181,290
11/04/2022,PSC,WA,ANM,WE,Towers with Radar,27,5,19,2,53,0,0,2,2,4,27,5,21,4,57,6,0,6,63
11/05/2022,PSC,WA,ANM,WE,Towers with Radar,25,4,18,0,47,0,1,8,0,9,25,5,26,0,56,6,0,6,62
11/06/2022,PSC,WA,ANM,WE,Towers with Radar,25,1,10,0,36,0,0,16,0,16,25,1,26,0,52,98,0,98,150
11/07/2022,PSC,WA,ANM,WE,Towers with Radar,25,8,10,26,69,0,10,7,2,19,25,18,17,28,88,96,68,164,252
11/08/2022,PSC,WA,ANM,WE,Towers with Radar,27,10,12,6,55,0,0,10,0,10,27,10,22,6,65,75,6,81,146
11/09/2022,PSC,WA,ANM,WE,Towers with Radar,25,9,27,21,82,0,17,32,1,50,25,26,59,22,132,148,55,203,335
11/10/2022,PSC,WA,ANM,WE,Towers with Radar,30,8,21,62,121,0,1,31,1,33,30,9,52,63,154,73,79,152,306
11/11/2022,PSC,WA,ANM,WE,Towers with Radar,28,9,8,0,45,0,2,22,0,24,28,11,30,0,69,86,0,86,155
11/12/2022,PSC,WA,ANM,WE,Towers with Radar,26,4,7,0,37,0,3,19,0,22,26,7,26,0,59,164,0,164,223
11/13/2022,PSC,WA,ANM,WE,Towers with Radar,29,3,6,0,38,0,0,30,0,30,29,3,36,0,68,165,0,165,233
11/14/2022,PSC,WA,ANM,WE,Towers with Radar,28,8,23,4,63,0,0,2,0,2,28,8,25,4,65,36,16,52,117
11/15/2022,PSC,WA,ANM,WE,Towers with Radar,28,11,30,24,93,0,0,3,0,3,28,11,33,24,96,16,0,16,112
11/16/2022,PSC,WA,ANM,WE,Towers with Radar,25,13,18,17,73,0,0,2,0,2,25,13,20,17,75,50,0,50,125
11/17/2022,PSC,WA,ANM,WE,Towers with Radar,28,14,8,18,68,0,0,11,1,12,28,14,19,19,80,137,31,168,248
11/18/2022,PSC,WA,ANM,WE,Towers with Radar,29,6,7,15,57,0,0,3,0,3,29,6,10,15,60,10,0,10,70
11/19/2022,PSC,WA,ANM,WE,Towers with Radar,30,4,9,0,43,0,1,20,0,21,30,5,29,0,64,84,0,84,148
11/20/2022,PSC,WA,ANM,WE,Towers with Radar,27,4,15,0,46,0,0,2,0,2,27,4,17,0,48,0,0,0,48
11/21/2022,PSC,WA,ANM,WE,Towers with Radar,25,8,6,25,64,0,0,2,2,4,25,8,8,27,68,41,44,85,153
11/22/2022,PSC,WA,ANM,WE,Towers with Radar,37,7,4,0,48,0,0,0,0,0,37,7,4,0,48,0,0,0,48
11/23/2022,PSC,WA,ANM,WE,Towers with Radar,29,15,10,0,54,0,1,22,0,23,29,16,32,0,77,95,0,95,172
11/24/2022,PSC,WA,ANM,WE,Towers with Radar,19,4,1,0,24,0,0,0,0,0,19,4,1,0,24,10,0,10,34
11/25/2022,PSC,WA,ANM,WE,Towers with Radar,27,7,5,0,39,0,0,8,0,8,27,7,13,0,47,7,0,7,54
11/26/2022,PSC,WA,ANM,WE,Towers with Radar,33,4,10,0,47,0,1,24,0,25,33,5,34,0,72,101,0,101,173
11/27/2022,PSC,WA,ANM,WE,Towers with Radar,27,1,18,0,46,0,0,10,0,10,27,1,28,0,56,30,0,30,86
11/28/2022,PSC,WA,ANM,WE,Towers with Radar,32,7,9,13,61,0,0,20,0,20,32,7,29,13,81,87,42,129,210
11/29/2022,PSC,WA,ANM,WE,Towers with Radar,20,9,14,23,66,0,0,10,0,10,20,9,24,23,76,63,53,116,192
11/30/2022,PSC,WA,ANM,WE,Towers with Radar,26,10,18,10,64,0,0,5,0,5,26,10,23,10,69,21,49,70,139
12/01/2022,PSC,WA,ANM,WE,Towers with Radar,28,7,22,32,89,0,1,1,1,3,28,8,23,33,92,12,46,58,150
12/02/2022,PSC,WA,ANM,WE,Towers with Radar,29,6,16,15,66,0,1,27,1,29,29,7,43,16,95,56,48,104,199
12/03/2022,PSC,WA,ANM,WE,Towers with Radar,29,7,18,0,54,0,1,29,0,30,29,8,47,0,84,73,0,73,157
12/04/2022,PSC,WA,ANM,WE,Towers with Radar,27,2,8,0,37,0,0,0,0,0,27,2,8,0,37,2,0,2,39
12/05/2022,PSC,WA,ANM,WE,Towers with Radar,30,6,16,0,52,0,0,0,0,0,30,6,16,0,52,0,0,0,52
12/06/2022,PSC,WA,ANM,WE,Towers with Radar,26,7,5,0,38,0,1,5,0,6,26,8,10,0,44,45,0,45,89
12/07/2022,PSC,WA,ANM,WE,Towers with Radar,27,6,21,2,56,0,0,0,0,0,27,6,21,2,56,0,0,0,56
12/08/2022,PSC,WA,ANM,WE,Towers with Radar,29,9,24,0,62,0,0,0,0,0,29,9,24,0,62,0,0,0,62
12/09/2022,PSC,WA,ANM,WE,Towers with Radar,26,8,20,0,54,0,0,0,0,0,26,8,20,0,54,0,0,0,54
12/10/2022,PSC,WA,ANM,WE,Towers with Radar,28,2,6,0,36,0,0,0,0,0,28,2,6,0,36,0,0,0,36
12/11/2022,PSC,WA,ANM,WE,Towers with Radar,36,2,7,0,45,0,0,0,0,0,36,2,7,0,45,19,0,19,64
12/12/2022,PSC,WA,ANM,WE,Towers with Radar,15,7,7,0,29,0,0,1,0,1,15,7,8,0,30,0,0,0,30
12/13/2022,PSC,WA,ANM,WE,Towers with Radar,27,9,22,0,58,0,0,5,0,5,27,9,27,0,63,75,0,75,138
12/14/2022,PSC,WA,ANM,WE,Towers with Radar,27,7,17,0,51,0,0,2,0,2,27,7,19,0,53,44,0,44,97
12/15/2022,PSC,WA,ANM,WE,Towers with Radar,24,3,14,0,41,0,0,0,0,0,24,3,14,0,41,0,0,0,41
12/16/2022,PSC,WA,ANM,WE,Towers with Radar,27,7,13,0,47,0,0,2,0,2,27,7,15,0,49,51,0,51,100
12/17/2022,PSC,WA,ANM,WE,Towers with Radar,26,10,8,0,44,0,0,1,0,1,26,10,9,0,45,34,0,34,79
12/18/2022,PSC,WA,ANM,WE,Towers with Radar,25,0,3,0,28,0,0,0,0,0,25,0,3,0,28,0,0,0,28
12/19/2022,PSC,WA,ANM,WE,Towers with Radar,22,11,19,9,61,0,0,10,0,10,22,11,29,9,71,34,0,34,105
12/20/2022,PSC,WA,ANM,WE,Towers with Radar,22,9,10,0,41,0,0,8,0,8,22,9,18,0,49,101,0,101,150
12/21/2022,PSC,WA,ANM,WE,Towers with Radar,27,11,23,0,61,0,0,9,0,9,27,11,32,0,70,0,0,0,70
12/22/2022,PSC,WA,ANM,WE,Towers with Radar,25,6,12,0,43,0,1,14,0,15,25,7,26,0,58,30,0,30,88
12/23/2022,PSC,WA,ANM,WE,Towers with Radar,18,7,7,0,32,0,0,0,0,0,18,7,7,0,32,0,0,0,32
12/24/2022,PSC,WA,ANM,WE,Towers with Radar,16,4,3,0,23,0,0,1,0,1,16,4,4,0,24,0,0,0,24
12/25/2022,PSC,WA,ANM,WE,Towers with Radar,26,7,0,0,33,0,0,0,0,0,26,7,0,0,33,0,0,0,33
12/26/2022,PSC,WA,ANM,WE,Towers with Radar,26,7,9,0,42,0,0,2,0,2,26,7,11,0,44,2,0,2,46
12/27/2022,PSC,WA,ANM,WE,Towers with Radar,29,4,13,4,50,0,1,2,0,3,29,5,15,4,53,4,0,4,57
12/28/2022,PSC,WA,ANM,WE,Towers with Radar,26,9,15,20,70,0,5,16,2,23,26,14,31,22,93,57,47,104,197
12/29/2022,PSC,WA,ANM,WE,Towers with Radar,27,8,11,7,53,0,0,9,0,9,27,8,20,7,62,60,0,60,122
12/30/2022,PSC,WA,ANM,WE,Towers with Radar,26,7,5,0,38,0,0,18,0,18,26,7,23,0,56,68,0,68,124
12/31/2022,PSC,WA,ANM,WE,Towers with Radar,22,4,5,0,31,0,0,17,0,17,22,4,22,0,48,81,0,81,129
01/01/2023,PSC,WA,ANM,WE,Towers with Radar,25,2,10,0,37,0,0,2,0,2,25,2,12,0,39,4,0,4,43
01/02/2023,PSC,WA,ANM,WE,Towers with Radar,24,5,4,0,33,0,0,0,0,0,24,5,4,0,33,10,0,10,43
01/03/2023,PSC,WA,ANM,WE,Towers with Radar,26,9,12,13,60,0,0,10,0,10,26,9,22,13,70,103,18,121,191
01/04/2023,PSC,WA,ANM,WE,Towers with Radar,23,12,5,14,54,0,0,8,0,8,23,12,13,14,62,57,32,89,151
01/05/2023,PSC,WA,ANM,WE,Towers with Radar,27,8,12,4,51,0,4,11,0,15,27,12,23,4,66,69,44,113,179
01/06/2023,PSC,WA,ANM,WE,Towers with Radar,28,8,16,7,59,0,0,29,0,29,28,8,45,7,88,95,21,116,204
01/07/2023,PSC,WA,ANM,WE,Towers with Radar,19,4,7,0,30,0,0,7,0,7,19,4,14,0,37,35,0,35,72
01/08/2023,PSC,WA,ANM,WE,Towers with Radar,27,1,7,0,35,0,0,1,0,1,27,1,8,0,36,14,0,14,50
01/09/2023,PSC,WA,ANM,WE,Towers with Radar,28,9,13,12,62,0,0,3,0,3,28,9,16,12,65,5,7,12,77
01/10/2023,PSC,WA,ANM,WE,Towers with Radar,24,11,19,0,54,0,0,0,0,0,24,11,19,0,54,0,0,0,54
01/11/2023,PSC,WA,ANM,WE,Towers with Radar,27,13,23,11,74,0,1,6,0,7,27,14,29,11,81,18,0,18,99
01/12/2023,PSC,WA,ANM,WE,Towers with Radar,28,8,7,51,94,0,0,0,0,0,28,8,7,51,94,2,0,2,96
01/13/2023,PSC,WA,ANM,WE,Towers with Radar,28,14,16,0,58,0,1,0,0,1,28,15,16,0,59,0,0,0,59
01/14/2023,PSC,WA,ANM,WE,Towers with Radar,19,11,9,0,39,0,0,7,0,7,19,11,16,0,46,20,0,20,66
01/15/2023,PSC,WA,ANM,WE,Towers with Radar,25,2,5,0,32,0,0,9,0,9,25,2,14,0,41,3,0,3,44
01/16/2023,PSC,WA,ANM,WE,Towers with Radar,28,12,26,0,66,0,0,29,0,29,28,12,55,0,95,109,0,109,204
01/17/2023,PSC,WA,ANM,WE,Towers with Radar,27,11,13,2,53,0,1,21,0,22,27,12,34,2,75,72,0,72,147
01/18/2023,PSC,WA,ANM,WE,Towers with Radar,26,8,20,3,57,0,0,0,0,0,26,8,20,3,57,32,9,41,98
01/19/2023,PSC,WA,ANM,WE,Towers with Radar,29,9,20,27,85,0,13,29,0,42,29,22,49,27,127,106,21,127,254
01/20/2023,PSC,WA,ANM,WE,Towers with Radar,26,6,22,10,64,0,0,39,0,39,26,6,61,10,103,83,10,93,196
01/21/2023,PSC,WA,ANM,WE,Towers with Radar,25,10,2,0,37,0,0,0,0,0,25,10,2,0,37,6,0,6,43
01/22/2023,PSC,WA,ANM,WE,Towers with Radar,27,2,8,0,37,0,0,17,0,17,27,2,25,0,54,75,0,75,129
01/23/2023,PSC,WA,ANM,WE,Towers with Radar,27,6,9,8,50,0,0,20,0,20,27,6,29,8,70,57,8,65,135
01/24/2023,PSC,WA,ANM,WE,Towers with Radar,26,10,11,27,74,0,0,13,0,13,26,10,24,27,87,64,47,111,198
01/25/2023,PSC,WA,ANM,WE,Towers with Radar,25,11,16,15,67,0,2,19,1,22,25,13,35,16,89,14,50,64,153
01/26/2023,PSC,WA,ANM,WE,Towers with Radar,35,10,17,0,62,0,1,21,0,22,35,11,38,0,84,81,0,81,165
01/27/2023,PSC,WA,ANM,WE,Towers with Radar,26,7,19,0,52,0,0,32,0,32,26,7,51,0,84,164,0,164,248
01/28/2023,PSC,WA,ANM,WE,Towers with Radar,21,4,8,0,33,0,0,14,0,14,21,4,22,0,47,44,0,44,91
01/29/2023,PSC,WA,ANM,WE,Towers with Radar,31,0,11,0,42,0,0,16,0,16,31,0,27,0,58,43,0,43,101
01/30/2023,PSC,WA,ANM,WE,Towers with Radar,26,4,9,1,40,0,12,18,1,31,26,16,27,2,71,50,9,59,130
01/31/2023,PSC,WA,ANM,WE,Towers with Radar,35,9,13,3,60,0,0,9,4,13,35,9,22,7,73,42,18,60,133
02/01/2023,PSC,WA,ANM,WE,Towers with Radar,25,11,9,4,49,0,2,16,0,18,25,13,25,4,67,75,14,89,156
02/02/2023,PSC,WA,ANM,WE,Towers with Radar,27,9,17,13,66,0,1,19,1,21,27,10,36,14,87,4,27,31,118
02/03/2023,PSC,WA,ANM,WE,Towers with Radar,27,7,21,0,55,0,0,23,0,23,27,7,44,0,78,65,0,65,143
02/04/2023,PSC,WA,ANM,WE,Towers with Radar,21,12,5,0,38,0,0,29,0,29,21,12,34,0,67,119,0,119,186
02/05/2023,PSC,WA,ANM,WE,Towers with Radar,26,2,5,0,33,0,4,1,0,5,26,6,6,0,38,47,0,47,85
02/06/2023,PSC,WA,ANM,WE,Towers with Radar,25,7,16,19,67,0,2,11,0,13,25,9,27,19,80,38,50,88,168
02/07/2023,PSC,WA,ANM,WE,Towers with Radar,26,9,20,4,59,0,4,7,1,12,26,13,27,5,71,14,40,54,125
02/08/2023,PSC,WA,ANM,WE,Towers with Radar,24,13,23,7,67,0,10,36,1,47,24,23,59,8,114,50,32,82,196
02/09/2023,PSC,WA,ANM,WE,Towers with Radar,29,11,22,22,84,0,4,36,0,40,29,15,58,22,124,70,17,87,211
02/10/2023,PSC,WA,ANM,WE,Towers with Radar,26,8,19,8,61,0,1,42,0,43,26,9,61,8,104,104,32,136,240
02/11/2023,PSC,WA,ANM,WE,Towers with Radar,19,9,12,0,40,0,0,48,0,48,19,9,60,0,88,105,0,105,193
02/12/2023,PSC,WA,ANM,WE,Towers with Radar,24,0,7,0,31,0,1,33,4,38,24,1,40,4,69,83,0,83,152
02/13/2023,PSC,WA,ANM,WE,Towers with Radar,25,4,12,6,47,0,4,7,3,14,25,8,19,9,61,10,27,37,98
02/14/2023,PSC,WA,ANM,WE,Towers with Radar,25,11,14,5,55,0,1,22,0,23,25,12,36,5,78,44,34,78,156
02/15/2023,PSC,WA,ANM,WE,Towers with Radar,24,8,15,8,55,0,6,33,4,43,24,14,48,12,98,57,24,81,179
02/16/2023,PSC,WA,ANM,WE,Towers with Radar,27,8,18,19,72,0,4,41,7,52,27,12,59,26,124,71,10,81,205
02/17/2023,PSC,WA,ANM,WE,Towers with Radar,26,6,25,12,69,0,0,38,0,38,26,6,63,12,107,80,20,100,207
02/18/2023,PSC,WA,ANM,WE,Towers with Radar,22,6,6,0,34,0,1,25,0,26,22,7,31,0,60,49,0,49,109
02/19/2023,PSC,WA,ANM,WE,Towers with Radar,23,0,6,0,29,0,3,1,0,4,23,3,7,0,33,5,0,5,38
02/20/2023,PSC,WA,ANM,WE,Towers with Radar,26,4,14,0,44,0,0,6,0,6,26,4,20,0,50,0,0,0,50
02/21/2023,PSC,WA,ANM,WE,Towers with Radar,27,8,9,7,51,0,2,9,0,11,27,10,18,7,62,28,18,46,108
02/22/2023,PSC,WA,ANM,WE,Towers with Radar,21,10,9,3,43,0,0,0,0,0,21,10,9,3,43,0,0,0,43
02/23/2023,PSC,WA,ANM,WE,Towers with Radar,31,8,19,6,64,0,0,3,0,3,31,8,22,6,67,8,0,8,75
02/24/2023,PSC,WA,ANM,WE,Towers with Radar,26,11,25,6,68,0,4,47,0,51,26,15,72,6,119,67,10,77,196
02/25/2023,PSC,WA,ANM,WE,Towers with Radar,25,6,14,0,45,0,0,28,0,28,25,6,42,0,73,84,0,84,157
02/26/2023,PSC,WA,ANM,WE,Towers with Radar,28,0,11,0,39,0,0,6,0,6,28,0,17,0,45,2,0,2,47
02/27/2023,PSC,WA,ANM,WE,Towers with Radar,27,4,17,0,48,0,2,12,0,14,27,6,29,0,62,26,0,26,88
02/28/2023,PSC,WA,ANM,WE,Towers with Radar,30,15,12,16,73,0,1,8,0,9,30,16,20,16,82,22,22,44,126
03/01/2023,PSC,WA,ANM,WE,Towers with Radar,26,13,22,17,78,0,7,40,0,47,26,20,62,17,125,100,8,108,233
03/02/2023,PSC,WA,ANM,WE,Towers with Radar,26,10,13,10,59,0,0,3,0,3,26,10,16,10,62,4,16,20,82
03/03/2023,PSC,WA,ANM,WE,Towers with Radar,29,8,12,0,49,0,0,9,0,9,29,8,21,0,58,33,0,33,91
03/04/2023,PSC,WA,ANM,WE,Towers with Radar,26,6,3,0,35,0,0,28,0,28,26,6,31,0,63,141,0,141,204
03/05/2023,PSC,WA,ANM,WE,Towers with Radar,28,2,14,0,44,0,0,27,0,27,28,2,41,0,71,51,0,51,122
03/06/2023,PSC,WA,ANM,WE,Towers with Radar,28,6,17,20,71,0,0,12,0,12,28,6,29,20,83,43,42,85,168
03/07/2023,PSC,WA,ANM,WE,Towers with Radar,27,18,19,30,94,0,4,61,2,67,27,22,80,32,161,104,56,160,321
03/08/2023,PSC,WA,ANM,WE,Towers with Radar,26,13,24,8,71,0,5,26,0,31,26,18,50,8,102,76,6,82,184
03/09/2023,PSC,WA,ANM,WE,Towers with Radar,27,12,11,11,61,0,2,29,14,45,27,14,40,25,106,62,8,70,176
03/10/2023,PSC,WA,ANM,WE,Towers with Radar,29,6,8,19,62,0,0,5,0,5,29,6,13,19,67,35,0,35,102
03/11/2023,PSC,WA,ANM,WE,Towers with Radar,25,7,14,0,46,0,0,36,0,36,25,7,50,0,82,119,0,119,201
03/12/2023,PSC,WA,ANM,WE,Towers with Radar,27,0,22,0,49,0,0,20,0,20,27,0,42,0,69,135,0,135,204
03/13/2023,PSC,WA,ANM,WE,Towers with Radar,28,10,12,17,67,0,2,23,0,25,28,12,35,17,92,33,18,51,143
03/14/2023,PSC,WA,ANM,WE,Towers with Radar,29,8,12,20,69,0,0,40,0,40,29,8,52,20,109,74,23,97,206
03/15/2023,PSC,WA,ANM,WE,Towers with Radar,25,12,24,13,74,0,2,35,3,40,25,14,59,16,114,53,22,75,189
03/16/2023,PSC,WA,ANM,WE,Towers with Radar,27,16,13,0,56,0,11,39,7,57,27,27,52,7,113,40,0,40,153
03/17/2023,PSC,WA,ANM,WE,Towers with Radar,26,6,15,16,63,0,1,41,1,43,26,7,56,17,106,26,18,44,150
03/18/2023,PSC,WA,ANM,WE,Towers with Radar,25,3,10,0,38,0,3,36,0,39,25,6,46,0,77,99,0,99,176
03/19/2023,PSC,WA,ANM,WE,Towers with Radar,29,1,15,0,45,0,1,23,0,24,29,2,38,0,69,71,0,71,140
03/20/2023,PSC,WA,ANM,WE,Towers with Radar,24,4,4,0,32,0,0,7,0,7,24,4,11,0,39,43,0,43,82
03/21/2023,PSC,WA,ANM,WE,Towers with Radar,28,24,19,5,76,0,2,30,4,36,28,26,49,9,112,178,25,203,315
03/22/2023,PSC,WA,ANM,WE,Towers with Radar,24,11,15,6,56,0,0,50,0,50,24,11,65,6,106,76,2,78,184
03/23/2023,PSC,WA,ANM,WE,Towers with Radar,26,10,20,2,58,0,0,7,0,7,26,10,27,2,65,6,0,6,71
03/24/2023,PSC,WA,ANM,WE,Towers with Radar,26,6,35,0,67,0,0,22,0,22,26,6,57,0,89,79,0,79,168
03/25/2023,PSC,WA,ANM,WE,Towers with Radar,22,4,23,0,49,0,0,23,0,23,22,4,46,0,72,42,0,42,114
03/26/2023,PSC,WA,ANM,WE,Towers with Radar,23,6,21,0,50,0,1,39,0,40,23,7,60,0,90,44,0,44,134
03/27/2023,PSC,WA,ANM,WE,Towers with Radar,28,9,15,29,81,0,2,17,0,19,28,11,32,29,100,81,17,98,198
03/28/2023,PSC,WA,ANM,WE,Towers with Radar,24,20,12,15,71,0,2,16,8,26,24,22,28,23,97,45,12,57,154
03/29/2023,PSC,WA,ANM,WE,Towers with Radar,22,10,9,0,41,0,0,3,0,3,22,10,12,0,44,104,0,104,148
03/30/2023,PSC,WA,ANM,WE,Towers with Radar,27,11,19,4,61,0,1,14,0,15,27,12,33,4,76,10,18,28,104
03/31/2023,PSC,WA,ANM,WE,Towers with Radar,27,5,17,0,49,0,4,19,0,23,27,9,36,0,72,29,0,29,101
04/01/2023,PSC,WA,ANM,WE,Towers with Radar,26,12,2,0,40,0,0,2,0,2,26,12,4,0,42,12,0,12,54
04/02/2023,PSC,WA,ANM,WE,Towers with Radar,24,8,7,0,39,0,2,28,0,30,24,10,35,0,69,91,0,91,160
04/03/2023,PSC,WA,ANM,WE,Towers with Radar,29,9,6,0,44,0,0,2,0,2,29,9,8,0,46,23,0,23,69
04/04/2023,PSC,WA,ANM,WE,Towers with Radar,24,10,7,1,42,0,8,57,0,65,24,18,64,1,107,28,0,28,135
04/05/2023,PSC,WA,ANM,WE,Towers with Radar,23,9,10,16,58,0,3,39,0,42,23,12,49,16,100,70,12,82,182
04/06/2023,PSC,WA,ANM,WE,Towers with Radar,27,9,7,0,43,0,6,21,2,29,27,15,28,2,72,72,0,72,144
04/07/2023,PSC,WA,ANM,WE,Towers with Radar,28,6,8,1,43,0,0,7,0,7,28,6,15,1,50,89,0,89,139
04/08/2023,PSC,WA,ANM,WE,Towers with Radar,25,4,13,0,42,0,0,30,0,30,25,4,43,0,72,118,0,118,190
04/09/2023,PSC,WA,ANM,WE,Towers with Radar,25,1,9,0,35,0,0,14,0,14,25,1,23,0,49,70,0,70,119
04/10/2023,PSC,WA,ANM,WE,Towers with Radar,27,4,21,0,52,0,0,26,0,26,27,4,47,0,78,111,0,111,189
04/11/2023,PSC,WA,ANM,WE,Towers with Radar,24,10,15,4,53,0,2,8,2,12,24,12,23,6,65,12,14,26,91
04/12/2023,PSC,WA,ANM,WE,Towers with Radar,23,11,20,0,54,0,12,49,0,61,23,23,69,0,115,102,0,102,217
04/13/2023,PSC,WA,ANM,WE,Towers with Radar,29,7,18,7,61,0,15,35,0,50,29,22,53,7,111,49,10,59,170
04/14/2023,PSC,WA,ANM,WE,Towers with Radar,26,6,16,24,72,0,0,53,0,53,26,6,69,24,125,111,14,125,250
04/15/2023,PSC,WA,ANM,WE,Towers with Radar,26,10,11,0,47,0,1,39,0,40,26,11,50,0,87,79,0,79,166
04/16/2023,PSC,WA,ANM,WE,Towers with Radar,26,0,6,0,32,0,0,33,0,33,26,0,39,0,65,30,0,30,95
04/17/2023,PSC,WA,ANM,WE,Towers with Radar,29,7,24,0,60,0,10,38,0,48,29,17,62,0,108,80,0,80,188
04/18/2023,PSC,WA,ANM,WE,Towers with Radar,25,10,15,1,51,0,0,18,0,18,25,10,33,1,69,16,0,16,85
04/19/2023,PSC,WA,ANM,WE,Towers with Radar,24,10,17,9,60,0,10,14,1,25,24,20,31,10,85,106,23,129,214
04/20/2023,PSC,WA,ANM,WE,Towers with Radar,32,10,15,7,64,0,5,48,1,54,32,15,63,8,118,62,6,68,186
04/21/2023,PSC,WA,ANM,WE,Towers with Radar,24,6,17,0,47,0,0,35,0,35,24,6,52,0,82,114,0,114,196
04/22/2023,PSC,WA,ANM,WE,Towers with Radar,25,4,8,0,37,0,0,48,0,48,25,4,56,0,85,144,0,144,229
04/23/2023,PSC,WA,ANM,WE,Towers with Radar,26,3,5,0,34,0,0,26,0,26,26,3,31,0,60,97,0,97,157
04/24/2023,PSC,WA,ANM,WE,Towers with Radar,25,4,17,0,46,0,14,24,3,41,25,18,41,3,87,32,0,32,119
04/25/2023,PSC,WA,ANM,WE,Towers with Radar,25,9,12,6,52,0,18,36,0,54,25,27,48,6,106,111,16,127,233
04/26/2023,PSC,WA,ANM,WE,Towers with Radar,27,10,18,15,70,0,10,40,0,50,27,20,58,15,120,109,55,164,284
04/27/2023,PSC,WA,ANM,WE,Towers with Radar,26,11,19,0,56,0,16,45,0,61,26,27,64,0,117,116,0,116,233
04/28/2023,PSC,WA,ANM,WE,Towers with Radar,25,10,10,13,58,0,0,46,0,46,25,10,56,13,104,108,0,108,212
04/29/2023,PSC,WA,ANM,WE,Towers with Radar,25,4,19,0,48,0,1,44,0,45,25,5,63,0,93,53,0,53,146
04/30/2023,PSC,WA,ANM,WE,Towers with Radar,25,0,12,0,37,0,0,41,0,41,25,0,53,0,78,43,0,43,121
05/01/2023,PSC,WA,ANM,WE,Towers with Radar,24,8,18,0,50,0,8,38,0,46,24,16,56,0,96,35,0,35,131
05/02/2023,PSC,WA,ANM,WE,Towers with Radar,26,9,15,7,57,0,4,39,1,44,26,13,54,8,101,97,10,107,208
05/03/2023,PSC,WA,ANM,WE,Towers with Radar,24,14,21,17,76,0,9,41,0,50,24,23,62,17,126,102,10,112,238
05/04/2023,PSC,WA,ANM,WE,Towers with Radar,25,10,12,0,47,0,4,24,0,28,25,14,36,0,75,5,0,5,80
05/05/2023,PSC,WA,ANM,WE,Towers with Radar,25,9,13,4,51,0,0,9,0,9,25,9,22,4,60,16,8,24,84
05/06/2023,PSC,WA,ANM,WE,Towers with Radar,25,6,17,0,48,0,0,30,0,30,25,6,47,0,78,101,0,101,179
05/07/2023,PSC,WA,ANM,WE,Towers with Radar,27,5,13,0,45,0,0,30,0,30,27,5,43,0,75,59,0,59,134
05/08/2023,PSC,WA,ANM,WE,Towers with Radar,31,9,20,0,60,0,3,23,0,26,31,12,43,0,86,49,0,49,135
05/09/2023,PSC,WA,ANM,WE,Towers with Radar,29,14,23,4,70,0,9,35,0,44,29,23,58,4,114,53,8,61,175
05/10/2023,PSC,WA,ANM,WE,Towers with Radar,26,13,25,2,66,0,10,56,0,66,26,23,81,2,132,118,0,118,250
05/11/2023,PSC,WA,ANM,WE,Towers with Radar,28,11,22,0,61,0,12,41,0,53,28,23,63,0,114,71,0,71,185
05/12/2023,PSC,WA,ANM,WE,Towers with Radar,25,10,20,0,55,0,0,52,0,52,25,10,72,0,107,52,0,52,159
05/13/2023,PSC,WA,ANM,WE,Towers with Radar,26,7,5,0,38,0,6,49,0,55,26,13,54,0,93,70,0,70,163
05/14/2023,PSC,WA,ANM,WE,Towers with Radar,27,2,10,0,39,0,2,44,0,46,27,4,54,0,85,16,0,16,101
05/15/2023,PSC,WA,ANM,WE,Towers with Radar,26,11,28,0,65,0,6,34,0,40,26,17,62,0,105,28,0,28,133
05/16/2023,PSC,WA,ANM,WE,Towers with Radar,28,16,10,10,64,0,2,22,0,24,28,18,32,10,88,16,16,32,120
05/17/2023,PSC,WA,ANM,WE,Towers with Radar,24,12,34,0,70,0,3,46,0,49,24,15,80,0,119,61,0,61,180
05/18/2023,PSC,WA,ANM,WE,Towers with Radar,29,15,23,2,69,0,2,41,0,43,29,17,64,2,112,77,0,77,189
05/19/2023,PSC,WA,ANM,WE,Towers with Radar,26,12,24,0,62,0,0,39,0,39,26,12,63,0,101,44,0,44,145
05/20/2023,PSC,WA,ANM,WE,Towers with Radar,25,6,8,0,39,0,3,42,0,45,25,9,50,0,84,57,0,57,141
05/21/2023,PSC,WA,ANM,WE,Towers with Radar,27,3,15,0,45,0,0,26,2,28,27,3,41,2,73,32,0,32,105
05/22/2023,PSC,WA,ANM,WE,Towers with Radar,26,8,28,24,86,0,2,34,5,41,26,10,62,29,127,37,50,87,214
05/23/2023,PSC,WA,ANM,WE,Towers with Radar,26,12,29,0,67,0,2,60,0,62,26,14,89,0,129,76,0,76,205
05/24/2023,PSC,WA,ANM,WE,Towers with Radar,25,14,22,0,61,0,11,50,0,61,25,25,72,0,122,97,0,97,219
05/25/2023,PSC,WA,ANM,WE,Towers with Radar,28,15,18,0,61,0,6,53,0,59,28,21,71,0,120,25,0,25,145
05/26/2023,PSC,WA,ANM,WE,Towers with Radar,27,8,23,0,58,0,2,33,0,35,27,10,56,0,93,29,0,29,122
05/27/2023,PSC,WA,ANM,WE,Towers with Radar,24,6,3,0,33,0,0,40,0,40,24,6,43,0,73,13,0,13,86
05/28/2023,PSC,WA,ANM,WE,Towers with Radar,25,4,12,0,41,0,0,29,0,29,25,4,41,0,70,45,0,45,115
05/29/2023,PSC,WA,ANM,WE,Towers with Radar,25,4,16,0,45,0,1,31,0,32,25,5,47,0,77,16,0,16,93
05/30/2023,PSC,WA,ANM,WE,Towers with Radar,27,11,20,0,58,0,4,40,0,44,27,15,60,0,102,44,0,44,146
05/31/2023,PSC,WA,ANM,WE,Towers with Radar,26,11,23,14,74,0,2,29,1,32,26,13,52,15,106,47,21,68,174
06/01/2023,PSC,WA,ANM,WE,Towers with Radar,31,11,12,24,78,0,11,42,1,54,31,22,54,25,132,89,8,97,229
06/02/2023,PSC,WA,ANM,WE,Towers with Radar,29,6,19,0,54,0,0,55,0,55,29,6,74,0,109,48,0,48,157
06/03/2023,PSC,WA,ANM,WE,Towers with Radar,22,5,15,0,42,0,1,49,5,55,22,6,64,5,97,49,0,49,146
06/04/2023,PSC,WA,ANM,WE,Towers with Radar,31,0,12,1,44,0,0,43,0,43,31,0,55,1,87,24,34,58,145
06/05/2023,PSC,WA,ANM,WE,Towers with Radar,30,8,8,4,50,0,8,45,0,53,30,16,53,4,103,50,0,50,153
06/06/2023,PSC,WA,ANM,WE,Towers with Radar,25,9,16,8,58,0,4,54,3,61,25,13,70,11,119,95,34,129,248
06/07/2023,PSC,WA,ANM,WE,Towers with Radar,23,12,28,6,69,0,10,41,0,51,23,22,69,6,120,84,0,84,204
06/08/2023,PSC,WA,ANM,WE,Towers with Radar,31,11,23,14,79,0,7,32,0,39,31,18,55,14,118,46,18,64,182
06/09/2023,PSC,WA,ANM,WE,Towers with Radar,27,6,14,0,47,0,0,31,0,31,27,6,45,0,78,28,0,28,106
06/10/2023,PSC,WA,ANM,WE,Towers with Radar,22,8,23,0,53,0,0,55,0,55,22,8,78,0,108,46,0,46,154
06/11/2023,PSC,WA,ANM,WE,Towers with Radar,32,0,2,1,35,0,0,36,1,37,32,0,38,2,72,40,0,40,112
06/12/2023,PSC,WA,ANM,WE,Towers with Radar,29,5,11,0,45,0,5,41,0,46,29,10,52,0,91,79,0,79,170
06/13/2023,PSC,WA,ANM,WE,Towers with Radar,25,8,19,0,52,0,4,24,0,28,25,12,43,0,80,44,0,44,124
06/14/2023,PSC,WA,ANM,WE,Towers with Radar,25,9,24,0,58,0,0,24,0,24,25,9,48,0,82,38,0,38,120
06/15/2023,PSC,WA,ANM,WE,Towers with Radar,30,12,26,2,70,0,0,34,2,36,30,12,60,4,106,19,0,19,125
06/16/2023,PSC,WA,ANM,WE,Towers with Radar,27,8,17,10,62,0,1,30,2,33,27,9,47,12,95,31,18,49,144
06/17/2023,PSC,WA,ANM,WE,Towers with Radar,26,4,13,0,43,0,0,26,0,26,26,4,39,0,69,43,0,43,112
06/18/2023,PSC,WA,ANM,WE,Towers with Radar,31,0,7,0,38,0,0,12,0,12,31,0,19,0,50,7,0,7,57
06/19/2023,PSC,WA,ANM,WE,Towers with Radar,27,8,21,0,56,0,2,33,0,35,27,10,54,0,91,29,0,29,120
06/20/2023,PSC,WA,ANM,WE,Towers with Radar,26,12,23,17,78,0,0,46,0,46,26,12,69,17,124,48,15,63,187
06/21/2023,PSC,WA,ANM,WE,Towers with Radar,27,9,22,8,66,0,3,46,0,49,27,12,68,8,115,59,40,99,214
06/22/2023,PSC,WA,ANM,WE,Towers with Radar,32,8,16,0,56,0,0,46,0,46,32,8,62,0,102,46,0,46,148
06/23/2023,PSC,WA,ANM,WE,Towers with Radar,26,6,11,1,44,0,0,23,1,24,26,6,34,2,68,15,0,15,83
06/24/2023,PSC,WA,ANM,WE,Towers with Radar,20,4,16,0,40,0,0,47,0,47,20,4,63,0,87,46,0,46,133
06/25/2023,PSC,WA,ANM,WE,Towers with Radar,31,0,16,0,47,0,0,52,0,52,31,0,68,0,99,59,0,59,158
06/26/2023,PSC,WA,ANM,WE,Towers with Radar,27,10,23,0,60,0,0,30,0,30,27,10,53,0,90,56,0,56,146
06/27/2023,PSC,WA,ANM,WE,Towers with Radar,28,10,25,13,76,0,6,40,2,48,28,16,65,15,124,58,0,58,182
06/28/2023,PSC,WA,ANM,WE,Towers with Radar,27,14,18,7,66,0,11,49,7,67,27,25,67,14,133,56,60,116,249
06/29/2023,PSC,WA,ANM,WE,Towers with Radar,32,8,23,12,75,0,6,40,2,48,32,14,63,14,123,36,24,60,183
06/30/2023,PSC,WA,ANM,WE,Towers with Radar,27,8,27,0,62,0,6,51,1,58,27,14,78,1,120,63,12,75,195
07/01/2023,PSC,WA,ANM,WE,Towers with Radar,22,4,13,0,39,0,0,45,0,45,22,4,58,0,84,65,0,65,149
07/02/2023,PSC,WA,ANM,WE,Towers with Radar,29,5,5,0,39,0,0,36,0,36,29,5,41,0,75,35,0,35,110
07/03/2023,PSC,WA,ANM,WE,Towers with Radar,30,9,13,0,52,0,0,25,0,25,30,9,38,0,77,58,0,58,135
07/04/2023,PSC,WA,ANM,WE,Towers with Radar,25,0,6,0,31,0,2,27,0,29,25,2,33,0,60,43,0,43,103
07/05/2023,PSC,WA,ANM,WE,Towers with Radar,32,17,13,0,62,0,3,36,0,39,32,20,49,0,101,80,0,80,181
07/06/2023,PSC,WA,ANM,WE,Towers with Radar,31,8,19,10,68,0,2,25,1,28,31,10,44,11,96,45,2,47,143
07/07/2023,PSC,WA,ANM,WE,Towers with Radar,25,12,19,7,63,0,3,38,0,41,25,15,57,7,104,84,25,109,213
07/08/2023,PSC,WA,ANM,WE,Towers with Radar,22,6,23,1,52,0,0,32,1,33,22,6,55,2,85,87,0,87,172
07/09/2023,PSC,WA,ANM,WE,Towers with Radar,31,0,6,0,37,0,0,27,0,27,31,0,33,0,64,68,0,68,132
07/10/2023,PSC,WA,ANM,WE,Towers with Radar,27,8,13,8,56,0,0,18,2,20,27,8,31,10,76,44,34,78,154
07/11/2023,PSC,WA,ANM,WE,Towers with Radar,28,18,30,16,92,0,6,37,1,44,28,24,67,17,136,60,27,87,223
07/12/2023,PSC,WA,ANM,WE,Towers with Radar,27,14,16,16,73,0,2,31,3,36,27,16,47,19,109,77,14,91,200
07/13/2023,PSC,WA,ANM,WE,Towers with Radar,33,16,16,5,70,0,5,68,0,73,33,21,84,5,143,77,22,99,242
07/14/2023,PSC,WA,ANM,WE,Towers with Radar,27,14,13,22,76,0,2,72,0,74,27,16,85,22,150,154,0,154,304
07/15/2023,PSC,WA,ANM,WE,Towers with Radar,22,4,13,0,39,0,0,56,0,56,22,4,69,0,95,49,0,49,144
07/16/2023,PSC,WA,ANM,WE,Towers with Radar,30,3,6,0,39,0,0,38,0,38,30,3,44,0,77,66,0,66,143
07/17/2023,PSC,WA,ANM,WE,Towers with Radar,27,12,17,28,84,0,1,29,3,33,27,13,46,31,117,58,95,153,270
07/18/2023,PSC,WA,ANM,WE,Towers with Radar,27,15,23,1,66,0,5,39,1,45,27,20,62,2,111,107,10,117,228
07/19/2023,PSC,WA,ANM,WE,Towers with Radar,27,10,20,24,81,0,0,47,2,49,27,10,67,26,130,74,42,116,246
07/20/2023,PSC,WA,ANM,WE,Towers with Radar,34,10,13,5,62,0,2,53,0,55,34,12,66,5,117,122,8,130,247
07/21/2023,PSC,WA,ANM,WE,Towers with Radar,27,10,22,4,63,0,1,37,0,38,27,11,59,4,101,90,0,90,191
07/22/2023,PSC,WA,ANM,WE,Towers with Radar,22,6,9,0,37,0,1,18,0,19,22,7,27,0,56,90,0,90,146
07/23/2023,PSC,WA,ANM,WE,Towers with Radar,29,0,8,0,37,0,5,40,0,45,29,5,48,0,82,83,0,83,165
07/24/2023,PSC,WA,ANM,WE,Towers with Radar,27,8,6,0,41,0,0,19,0,19,27,8,25,0,60,59,0,59,119
07/25/2023,PSC,WA,ANM,WE,Towers with Radar,27,14,12,10,63,0,0,26,0,26,27,14,38,10,89,78,0,78,167
07/26/2023,PSC,WA,ANM,WE,Towers with Radar,26,8,11,15,60,0,4,17,1,22,26,12,28,16,82,84,43,127,209
07/27/2023,PSC,WA,ANM,WE,Towers with Radar,34,17,14,5,70,0,4,48,1,53,34,21,62,6,123,100,21,121,244
07/28/2023,PSC,WA,ANM,WE,Towers with Radar,31,16,28,0,75,0,1,43,2,46,31,17,71,2,121,88,0,88,209
07/29/2023,PSC,WA,ANM,WE,Towers with Radar,22,12,19,0,53,0,0,35,8,43,22,12,54,8,96,100,0,100,196
07/30/2023,PSC,WA,ANM,WE,Towers with Radar,31,2,10,0,43,0,0,48,3,51,31,2,58,3,94,59,0,59,153
07/31/2023,PSC,WA,ANM,WE,Towers with Radar,27,8,26,13,74,0,0,41,3,44,27,8,67,16,118,123,30,153,271
08/01/2023,PSC,WA,ANM,WE,Towers with Radar,26,10,22,5,63,0,0,36,3,39,26,10,58,8,102,114,27,141,243
08/02/2023,PSC,WA,ANM,WE,Towers with Radar,26,10,24,11,71,0,0,47,2,49,26,10,71,13,120,113,29,142,262
08/03/2023,PSC,WA,ANM,WE,Towers with Radar,33,11,20,17,81,0,0,28,3,31,33,11,48,20,112,31,30,61,173
08/04/2023,PSC,WA,ANM,WE,Towers with Radar,25,11,33,0,69,0,0,41,2,43,25,11,74,2,112,74,0,74,186
08/05/2023,PSC,WA,ANM,WE,Towers with Radar,20,6,20,2,48,0,0,42,1,43,20,6,62,3,91,55,0,55,146
08/06/2023,PSC,WA,ANM,WE,Towers with Radar,30,5,14,0,49,0,0,28,0,28,30,5,42,0,77,145,0,145,222
08/07/2023,PSC,WA,ANM,WE,Towers with Radar,25,8,15,0,48,0,2,13,0,15,25,10,28,0,63,103,0,103,166
08/08/2023,PSC,WA,ANM,WE,Towers with Radar,25,10,16,13,64,0,0,29,0,29,25,10,45,13,93,204,30,234,327
08/09/2023,PSC,WA,ANM,WE,Towers with Radar,25,10,17,0,52,0,0,45,0,45,25,10,62,0,97,214,0,214,311
08/10/2023,PSC,WA,ANM,WE,Towers with Radar,31,17,25,18,91,0,0,31,0,31,31,17,56,18,122,90,25,115,237
08/11/2023,PSC,WA,ANM,WE,Towers with Radar,29,10,25,10,74,0,0,48,0,48,29,10,73,10,122,80,28,108,230
08/12/2023,PSC,WA,ANM,WE,Towers with Radar,20,6,18,0,44,0,0,58,0,58,20,6,76,0,102,130,0,130,232
08/13/2023,PSC,WA,ANM,WE,Towers with Radar,29,3,7,0,39,0,0,34,0,34,29,3,41,0,73,87,0,87,160
08/14/2023,PSC,WA,ANM,WE,Towers with Radar,25,12,22,15,74,0,1,45,3,49,25,13,67,18,123,115,44,159,282
08/15/2023,PSC,WA,ANM,WE,Towers with Radar,25,7,15,6,53,0,3,27,2,32,25,10,42,8,85,138,38,176,261
08/16/2023,PSC,WA,ANM,WE,Towers with Radar,23,10,17,16,66,0,1,32,0,33,23,11,49,16,99,113,12,125,224
08/17/2023,PSC,WA,ANM,WE,Towers with Radar,25,12,29,8,74,0,0,37,0,37,25,12,66,8,111,78,25,103,214
08/18/2023,PSC,WA,ANM,WE,Towers with Radar,26,9,21,10,66,0,2,23,0,25,26,11,44,10,91,80,15,95,186
08/19/2023,PSC,WA,ANM,WE,Towers with Radar,23,13,19,0,55,0,1,8,0,9,23,14,27,0,64,0,0,0,64
08/20/2023,PSC,WA,ANM,WE,Towers with Radar,26,3,25,0,54,0,0,3,0,3,26,3,28,0,57,4,0,4,61
08/21/2023,PSC,WA,ANM,WE,Towers with Radar,25,8,30,10,73,0,0,3,0,3,25,8,33,10,76,0,0,0,76
08/22/2023,PSC,WA,ANM,WE,Towers with Radar,25,14,20,7,66,0,0,13,0,13,25,14,33,7,79,61,8,69,148
08/23/2023,PSC,WA,ANM,WE,Towers with Radar,25,12,24,0,61,0,1,26,1,28,25,13,50,1,89,78,37,115,204
08/24/2023,PSC,WA,ANM,WE,Towers with Radar,27,10,18,4,59,0,1,29,0,30,27,11,47,4,89,89,8,97,186
08/25/2023,PSC,WA,ANM,WE,Towers with Radar,29,10,19,0,58,0,0,28,0,28,29,10,47,0,86,60,0,60,146
08/26/2023,PSC,WA,ANM,WE,Towers with Radar,23,6,13,0,42,0,1,55,0,56,23,7,68,0,98,63,0,63,161
08/27/2023,PSC,WA,ANM,WE,Towers with Radar,28,4,12,0,44,2,1,50,0,53,30,5,62,0,97,113,0,113,210
08/28/2023,PSC,WA,ANM,WE,Towers with Radar,24,8,20,19,71,0,1,30,1,32,24,9,50,20,103,127,28,155,258
08/29/2023,PSC,WA,ANM,WE,Towers with Radar,27,10,15,0,52,0,1,13,0,14,27,11,28,0,66,14,0,14,80
08/30/2023,PSC,WA,ANM,WE,Towers with Radar,25,16,22,18,81,0,1,10,0,11,25,17,32,18,92,61,37,98,190
08/31/2023,PSC,WA,ANM,WE,Towers with Radar,27,14,16,9,66,0,0,24,1,25,27,14,40,10,91,61,0,61,152
